SBPRF35
7.78865
Curr Bio
513228
B35
653979
F35
0.212522
FOFL
0.16192
OFL
64879.6
Bzero
2.22533e+006
#pred survey bio
 3.85277e+006 3.40857e+006 3.05732e+006 2.71729e+006 2.39691e+006 2.11148e+006 1.84983e+006 1.61894e+006 1.38932e+006 1.21958e+006 1.08982e+006 971792 896113 829458 770232 742588 710264 693280 671625 653904 635277 621977 619077 614104 621811 616348 618005 615608 608068 593704 581215 569380 559757 548979 551609 558717 562713 575303 578469 598916 606865 605770 608202 607213 612680 604579 599426 563002 550995 547009 531314 519127 1.7899e+007 1.05636e+007 1.07255e+007 1.14465e+007 1.24726e+007 1.3551e+007 1.45294e+007 1.53433e+007 1.59835e+007 1.64687e+007 1.68275e+007 1.70888e+007 1.72772e+007 1.74125e+007 1.75096e+007 1.75795e+007 1.763e+007 1.76667e+007 1.76935e+007 1.77132e+007 1.77278e+007 1.77387e+007 1.77469e+007 1.7753e+007 1.77577e+007 1.77612e+007 1.77639e+007 1.77659e+007 1.77675e+007 1.77687e+007 1.77696e+007 1.77703e+007 1.77708e+007 1.77712e+007 1.77716e+007 1.77718e+007 1.7772e+007 1.77722e+007 1.77723e+007 1.77724e+007 1.77724e+007 1.77725e+007 1.77725e+007 1.77726e+007 1.77726e+007 1.77726e+007 1.77726e+007 1.77726e+007 1.77726e+007 1.77726e+007 1.77727e+007 1.77727e+007 1.77727e+007 1.77727e+007 1.77727e+007 1.77727e+007 1.77727e+007 1.77727e+007 1.77727e+007 1.77727e+007 1.77727e+007 1.77727e+007 1.77727e+007 1.77727e+007 1.77727e+007 1.77727e+007 1.77727e+007 1.77727e+007 1.77727e+007 1.77727e+007 1.77727e+007 1.77727e+007 1.77727e+007 1.77727e+007 1.77727e+007 1.77727e+007 1.77727e+007 1.77727e+007 1.77727e+007 1.77727e+007 1.77727e+007 1.77727e+007 1.77727e+007 1.77727e+007 1.77727e+007 1.77727e+007 1.77727e+007 1.77727e+007 1.77727e+007 1.77727e+007 1.77727e+007 1.77727e+007 1.77727e+007 1.77727e+007 1.77727e+007 1.77727e+007 1.77727e+007 1.77727e+007 1.77727e+007 1.77727e+007 0 0 0 0 0 0 0 0 0 0 0 0 0 0 0 0 0 0 0 0 0 0 0 0 0
#obs survey bio
 4.12599e+006 1.65374e+006 3.24582e+006 2.68192e+006 1.87086e+006 1.49696e+006 1.16497e+006 1.10088e+006 1.05824e+006 997523 793064 779191 944480 712108 628760 701790 609314 800474 469250 667550 671658 610352 483847 464999 618018 365218 616055 602474 592752 421892 541028 675118 663363 332973 581574 488084 569577 534117 578244 747327 605734 688101 587724 406322 554246 791789 488828 585404 512566 635734 401299 587048
#pred catch bio
 332687 272881 288237 297294 291151 292066 282978 295652 252594 224946 219722 185837 178419 170104 140995 142301 126414 127420 120918 118312 110746 100377 101798 91729.6 102886 95536.5 96580 97642.6 99567.5 93893.5 89723.3 87015.9 91116.5 84168.8 83499.9 87652.2 81752.9 90900.5 77940 89769.2 97001.7 92895.7 95062.2 89770.7 100520 96325.1 120489 98112.4 90640.8 98789.6 92715.7 84325.3 64879.6 81508.9 81213 85322.7 92558 100443 107555 113350 117774 121002 123280 124848 125907 126612 127075 127377 127572 127697 127778 127829 127861 127882 127895 127903 127908 127911 127913 127915 127916 127916 127916 127917 127917 127917 127917 127917 127917 127917 127917 127917 127917 127917 127917 127917 127917 127917 127917 127917 127917 127917 127917 127917 127917 127917 127917 127917 127917 127917 127917 127917 127917 127917 127917 127917 127917 127917 127917 127917 127917 127917 127917 127917 127917 127917 127917 127917 127917 127917 127917 127917 127917 127917 127917 127917 127917 127917 127917 127917 127917 127917 127917 127917 127917 127917 127917 127917 127917 127917 127917 127917 0 0 0 0 0 0 0 0 0 0 0 0 0 0 0 0 0 0 0 0 0 0 0 0 0
#obs catch bio
 256393 274009 290536 300098 294911 296792 288400 303357 258764 229654 226303 191129 183163 174824 144288 145653 128908 129783 123190 120416 112133 101372 103077 92891.5 104870 97514.3 97996.2 98744.1 100789 94857.2 90586.6 87563.6 91866.8 85070.4 83780.2 88151.2 81842.4 91608 78195.4 90450.8 97809.3 93290.3 95076.5 90043.9 101627 96156.9 121362 98383.8 90615.5 98986.8 93016.8 84267.1
#pred cpue bio
 3.78457e+006 3.34556e+006 2.99828e+006 2.66053e+006 2.34195e+006 2.05838e+006 1.79878e+006 1.56993e+006 1.34294e+006 1.17519e+006 1.04681e+006 930242 855738 790750 733285 706725 675767 659699 639111 622327 604776 592265 589530 584504 591794 586627 588778 587246 580641 567328 555875 544902 534902 522683 524125 531005 535062 547238 550150 569849 577617 576812 579543 578630 583768 576157 571525 536089 524238 520573 505746 494611 1.70959e+007 1.01008e+007 1.01242e+007 1.06975e+007 1.16731e+007 1.27399e+007 1.37161e+007 1.45295e+007 1.51697e+007 1.56549e+007 1.60137e+007 1.62749e+007 1.64633e+007 1.65987e+007 1.66958e+007 1.67657e+007 1.68162e+007 1.68529e+007 1.68797e+007 1.68994e+007 1.6914e+007 1.69249e+007 1.69331e+007 1.69392e+007 1.69438e+007 1.69474e+007 1.695e+007 1.69521e+007 1.69536e+007 1.69548e+007 1.69558e+007 1.69565e+007 1.6957e+007 1.69574e+007 1.69577e+007 1.6958e+007 1.69582e+007 1.69583e+007 1.69585e+007 1.69585e+007 1.69586e+007 1.69587e+007 1.69587e+007 1.69587e+007 1.69588e+007 1.69588e+007 1.69588e+007 1.69588e+007 1.69588e+007 1.69588e+007 1.69588e+007 1.69588e+007 1.69588e+007 1.69588e+007 1.69588e+007 1.69588e+007 1.69588e+007 1.69588e+007 1.69588e+007 1.69589e+007 1.69589e+007 1.69589e+007 1.69589e+007 1.69589e+007 1.69589e+007 1.69589e+007 1.69589e+007 1.69589e+007 1.69589e+007 1.69589e+007 1.69589e+007 1.69589e+007 1.69589e+007 1.69589e+007 1.69589e+007 1.69589e+007 1.69589e+007 1.69589e+007 1.69589e+007 1.69589e+007 1.69589e+007 1.69589e+007 1.69589e+007 1.69589e+007 1.69589e+007 1.69589e+007 1.69589e+007 1.69589e+007 1.69589e+007 1.69589e+007 1.69589e+007 1.69589e+007 1.69589e+007 1.69589e+007 1.69589e+007 1.69589e+007 1.69589e+007 1.69589e+007 1.69589e+007 1.69589e+007 0 0 0 0 0 0 0 0 0 0 0 0 0 0 0 0 0 0 0 0 0 0 0 0 0
#obs cpue bio
 2.67528e+006 2.10203e+006 2.26116e+006 2.34846e+006 1.81118e+006 2.11875e+006 1.82044e+006 1.57234e+006 1.1658e+006 1.25178e+006 711153 641345 691768 637055 550740 656679 568643 534971 624089 520923 625257 519174 589854 451054 408166 503629 801445 655606 502848 723190 526937 508878 408408 515739 832390 522750 593848 422362 476936 385580 532216 567793 889428 545479 399374 869863 530094 481577 665869 448982 563654 562575
#pred surv len freq
 0.00623462 0.00999319 0.014793 0.0205199 0.0269672 0.0337678 0.0403575 0.0460953 0.0505031 0.0534363 0.0550572 0.055679 0.0556186 0.0551248 0.0543584 0.0533953 0.0522437 0.0508626 0.0491612 0.0469713 0.0440288 0.0400285 0.0347876 0.0284489 0.0215664
 0.00661964 0.0105227 0.0154178 0.0211504 0.0275196 0.0342252 0.0408026 0.0466791 0.0513572 0.054579 0.0563569 0.0568971 0.0565068 0.0555199 0.05423 0.0528352 0.0514104 0.0499099 0.0481809 0.0459758 0.0429799 0.0388953 0.0335955 0.0272864 0.0205467
 0.00709308 0.0112546 0.0164435 0.0224634 0.0290591 0.0358702 0.0423832 0.048019 0.0523422 0.0552111 0.0567437 0.0571724 0.056733 0.0556451 0.0541274 0.0523897 0.0505873 0.0487659 0.0468224 0.0445042 0.0414634 0.0373801 0.0321354 0.0259579 0.0194327
 0.00747187 0.0118699 0.0173673 0.0237589 0.0307631 0.0379661 0.0447721 0.05051 0.0546796 0.0571367 0.0580721 0.0578425 0.0568083 0.055257 0.0533959 0.0513713 0.0492816 0.0471641 0.0449528 0.0424437 0.0393208 0.0352743 0.0301829 0.0242635 0.0180733
 0.00783495 0.0124446 0.0182048 0.0249006 0.0322385 0.0397863 0.0469155 0.0529053 0.0571941 0.0595793 0.0602148 0.0594623 0.0577407 0.0554391 0.0528722 0.0502555 0.0477007 0.0452199 0.0427237 0.0400116 0.0367955 0.0327961 0.0279038 0.0223168 0.0165435
 0.00818637 0.0129996 0.0190101 0.0259897 0.0336279 0.0414695 0.0488556 0.0550322 0.0594112 0.0617735 0.0622607 0.0612196 0.0590573 0.0561709 0.0529181 0.0495881 0.0463711 0.0433361 0.0404197 0.0374309 0.0340918 0.0301382 0.025465 0.0202459 0.0149308
 0.00855203 0.0135767 0.0198461 0.0271174 0.0350601 0.0431916 0.0508165 0.0571418 0.0615523 0.0638229 0.0641079 0.0627723 0.060234 0.0568907 0.0530996 0.0491626 0.0453072 0.04166 0.0382216 0.034856 0.0313252 0.0273867 0.0229323 0.0180992 0.0132674
 0.00886009 0.014072 0.0205812 0.0281368 0.0363917 0.044833 0.0527208 0.0592137 0.0636606 0.0658268 0.065881 0.0642169 0.0612821 0.0574967 0.0532278 0.0487798 0.0443854 0.0401929 0.0362473 0.0324747 0.0287011 0.024729 0.0204596 0.0159936 0.0116352
 0.0092869 0.0147391 0.0215356 0.0294051 0.0379765 0.0467089 0.0548259 0.0614443 0.0658792 0.0678817 0.0676309 0.0655497 0.0621258 0.0578197 0.0530305 0.0480794 0.0432024 0.0385502 0.0341835 0.0300671 0.0260829 0.022086 0.0179996 0.0138976 0.0100114
 0.00975174 0.0154471 0.0225127 0.0306449 0.0394463 0.0483584 0.056592 0.0632516 0.0676413 0.069508 0.0690343 0.0666519 0.0628611 0.0581394 0.0529068 0.0475063 0.0421921 0.0371288 0.0323933 0.0279784 0.0238077 0.0197801 0.0158421 0.0120498 0.00857388
 0.0100693 0.0159574 0.023268 0.031685 0.0407858 0.0499694 0.0583916 0.0651065 0.0693975 0.0710308 0.0702362 0.0674948 0.0633389 0.0582571 0.0526686 0.0469139 0.0412498 0.0358508 0.0308115 0.0261515 0.0218303 0.0177829 0.0139752 0.0104498 0.0073275
 0.0102585 0.0162777 0.0237733 0.0324334 0.0418265 0.051322 0.0600238 0.0669237 0.0712533 0.0727546 0.0716682 0.0685169 0.0638919 0.0583408 0.0523241 0.0461993 0.0402207 0.0345531 0.0292886 0.0244577 0.0200438 0.0160097 0.0123367 0.00905563 0.00624603
 0.010285 0.0163237 0.02385 0.0325588 0.0420285 0.0516402 0.0605048 0.0676091 0.0721588 0.073851 0.072873 0.0697049 0.0649238 0.0590964 0.0527274 0.0462254 0.0398867 0.0339011 0.0283727 0.0233411 0.0188035 0.0147392 0.0111382 0.00802129 0.00543551
 0.0103584 0.0164374 0.0240107 0.0327692 0.0422876 0.0519448 0.0608517 0.0679979 0.0725956 0.0743477 0.0734383 0.0703302 0.0655696 0.0596918 0.0531847 0.0464645 0.0398563 0.0335887 0.0278017 0.0225633 0.0178909 0.0137776 0.0102175 0.00721996 0.00480423
 0.0104475 0.0165778 0.0242133 0.0330401 0.0426264 0.0523414 0.0612849 0.0684368 0.0730073 0.0747073 0.0737384 0.07058 0.0657865 0.0598855 0.0533443 0.0465556 0.0398308 0.0334035 0.0274363 0.0220294 0.0172319 0.0130601 0.00951674 0.00660309 0.00431507
 0.0104075 0.0165099 0.0241067 0.032886 0.0424229 0.0521009 0.0610378 0.0682288 0.0728867 0.0747104 0.0738787 0.0708483 0.0661577 0.0603264 0.0538172 0.0470169 0.0402306 0.0336904 0.027569 0.0219895 0.0170329 0.0127451 0.0091475 0.00624224 0.00400989
 0.0104529 0.0165783 0.0241991 0.0329978 0.0425435 0.0522135 0.0611221 0.0682664 0.0728692 0.0746466 0.0737944 0.0707783 0.0661328 0.0603637 0.0539158 0.0471599 0.0403884 0.0338253 0.0276426 0.0219727 0.0169164 0.0125444 0.00889835 0.00598858 0.00378902
 0.0104131 0.0165146 0.0241054 0.0328703 0.042382 0.0520244 0.0609191 0.0680692 0.0726989 0.0745205 0.073724 0.070771 0.0661942 0.0604973 0.0541192 0.0474204 0.0406814 0.0341164 0.0278936 0.0221506 0.0170022 0.0125393 0.0088234 0.00587662 0.00367291
 0.0104141 0.0165173 0.0241112 0.0328801 0.0423952 0.0520369 0.0609233 0.0680556 0.0726605 0.0744563 0.073641 0.0706824 0.0661163 0.0604459 0.0541077 0.0474563 0.0407631 0.034231 0.0280182 0.0222577 0.0170686 0.0125542 0.00879123 0.00581427 0.00360147
 0.0103125 0.016371 0.023926 0.0326737 0.0421927 0.0518626 0.0607942 0.0679785 0.072633 0.0744695 0.0736834 0.0707432 0.0661887 0.0605286 0.0542035 0.0475696 0.0408962 0.0343804 0.028173 0.0224012 0.0171829 0.0126271 0.00882115 0.00580994 0.00357761
 0.0103958 0.0164746 0.0240241 0.0327254 0.0421559 0.0517156 0.0605508 0.0676862 0.072354 0.0742558 0.0735599 0.0707069 0.0662191 0.0606011 0.054299 0.0476774 0.0410123 0.0345031 0.0282983 0.0225211 0.0172864 0.0127043 0.00886759 0.0058285 0.00357674
 0.0105775 0.0167371 0.0243565 0.0330925 0.0425035 0.0519817 0.0606794 0.0676415 0.0721325 0.0738931 0.0731245 0.0702791 0.065865 0.0603544 0.0541602 0.0476258 0.0410211 0.0345492 0.0283648 0.0225952 0.0173574 0.0127632 0.00890881 0.00585121 0.00358461
 0.0107222 0.016952 0.0246415 0.033432 0.0428674 0.0523295 0.0609647 0.0678166 0.0721582 0.0737504 0.0728253 0.0698685 0.065411 0.0599291 0.0538191 0.0473956 0.040899 0.0345131 0.0283857 0.0226464 0.0174184 0.0128199 0.00895323 0.00588064 0.00360055
 0.0107877 0.0170654 0.0248242 0.0337051 0.0432439 0.052802 0.0614963 0.0683418 0.0725967 0.0740289 0.0728967 0.0697224 0.0650748 0.0594606 0.0532929 0.046885 0.0404596 0.0341735 0.0281482 0.0224955 0.017331 0.0127737 0.00893043 0.00586946 0.00359432
 0.0105652 0.0167447 0.0244186 0.0332562 0.0428135 0.0524574 0.0612941 0.0683173 0.0727556 0.0743432 0.0733077 0.0701544 0.0654553 0.0597405 0.0534571 0.0469508 0.0404643 0.0341578 0.0281423 0.0225122 0.0173682 0.0128209 0.00897636 0.00590649 0.00361984
 0.0103454 0.0164219 0.0239979 0.0327676 0.042307 0.0519929 0.0609317 0.068109 0.0727365 0.074522 0.0736602 0.0706252 0.0659705 0.0602251 0.053853 0.0472289 0.0406271 0.034232 0.0281645 0.0225157 0.0173732 0.0128343 0.00899575 0.00592638 0.00363599
 0.0101072 0.0160482 0.0234625 0.0320605 0.0414417 0.0510156 0.0599273 0.0671946 0.0720384 0.0741424 0.0736497 0.0709729 0.066611 0.0610575 0.054764 0.048115 0.0414128 0.0348781 0.0286663 0.0228908 0.0176483 0.0130339 0.00913808 0.00602421 0.00369928
 0.00999966 0.0158699 0.0231877 0.0316631 0.0409015 0.0503275 0.0591132 0.06631 0.0711701 0.0733954 0.0731274 0.0707543 0.0667309 0.0614968 0.0554534 0.0489527 0.0422897 0.0357014 0.0293747 0.0234583 0.0180772 0.0133428 0.00935112 0.00616449 0.00378663
 0.00987284 0.0156825 0.0229395 0.0313634 0.0405626 0.0499565 0.058707 0.0658605 0.0706755 0.0728741 0.0726248 0.0703387 0.0664781 0.0614679 0.0556736 0.0494011 0.042903 0.0363922 0.0300555 0.024062 0.0185669 0.0137104 0.00960838 0.00633305 0.0038899
 0.00975711 0.0155076 0.0227016 0.0310688 0.0402273 0.0496033 0.0583616 0.0655456 0.0704041 0.0726445 0.0724247 0.0701582 0.0663248 0.0613724 0.055681 0.04955 0.0432051 0.0368225 0.0305589 0.0245716 0.0190249 0.0140812 0.00988161 0.00651737 0.00400413
 0.00976052 0.0154917 0.0226387 0.0309221 0.0399628 0.0492074 0.0578557 0.0649859 0.0698654 0.0721956 0.0721079 0.0699827 0.0662744 0.0614221 0.0558131 0.0497611 0.0435003 0.0372015 0.0310033 0.0250434 0.0194764 0.0144707 0.010185 0.0067313 0.0041409
 0.0105979 0.0166675 0.0240644 0.0323967 0.0412267 0.0500311 0.0581139 0.064681 0.0691018 0.0711323 0.0709146 0.0688081 0.0652257 0.0605576 0.0551485 0.0492863 0.043196 0.0370485 0.0309809 0.0251237 0.0196222 0.0146411 0.0103448 0.00685899 0.00422991
 0.0113785 0.0178814 0.025779 0.0346137 0.0438544 0.0528604 0.0608146 0.0668507 0.0703748 0.071306 0.0700195 0.0670799 0.0630048 0.0581776 0.0528635 0.0472507 0.0414805 0.0356681 0.0299198 0.0243495 0.0190915 0.0143032 0.0101469 0.00675294 0.00417808
 0.0112377 0.0177838 0.0258738 0.0351171 0.0449879 0.0547523 0.0634103 0.0698832 0.0734155 0.0738725 0.0717004 0.0676376 0.0624265 0.0566591 0.050733 0.0448647 0.039138 0.0335692 0.0281668 0.0229702 0.0180661 0.0135844 0.00967412 0.00646283 0.00401283
 0.0108663 0.0172203 0.025109 0.0341921 0.0440114 0.0539103 0.0629527 0.0700673 0.0744068 0.0756439 0.0739937 0.0700241 0.0644456 0.0579673 0.0511959 0.0445623 0.0382962 0.0324616 0.0270316 0.0219666 0.0172701 0.0130078 0.00929 0.00622715 0.00387993
 0.0107798 0.0170522 0.0248069 0.0336944 0.0432698 0.0529236 0.0618009 0.0689246 0.0735179 0.0752632 0.074301 0.071046 0.0660194 0.0597758 0.0528694 0.0458033 0.0389674 0.032599 0.0267898 0.0215367 0.016812 0.0126189 0.00900691 0.00604534 0.00377561
 0.0108627 0.0171686 0.0249456 0.0338269 0.0433496 0.0528909 0.0615945 0.0685034 0.0728902 0.0745125 0.0735871 0.070567 0.065941 0.0601568 0.0536237 0.0467262 0.0398165 0.033189 0.0270508 0.021513 0.0166135 0.0123616 0.0087726 0.00587132 0.00366486
 0.0108399 0.017137 0.0249075 0.0337866 0.0433095 0.0528467 0.0615305 0.0683922 0.0726995 0.0742193 0.073198 0.0701354 0.0655671 0.0599603 0.0536948 0.0470765 0.0403634 0.0337866 0.0275535 0.0218333 0.0167432 0.0123517 0.00869386 0.0057808 0.00359289
 0.0108978 0.0172273 0.0250361 0.0339558 0.043517 0.0530838 0.0617798 0.0686259 0.0728803 0.0743056 0.0731532 0.0699413 0.0652388 0.0595537 0.053298 0.0467816 0.0402274 0.0338057 0.0276678 0.0219606 0.0168205 0.0123581 0.00864583 0.00571057 0.00352763
 0.010695 0.0169271 0.02464 0.033486 0.0430126 0.0525921 0.0613493 0.0683007 0.0726941 0.0742738 0.0732664 0.0701655 0.0655244 0.059853 0.0535825 0.0470506 0.0405006 0.0341026 0.0279871 0.0222751 0.0170912 0.0125557 0.00876457 0.00576595 0.00354418
 0.0105002 0.0166422 0.0242708 0.0330593 0.0425699 0.0521788 0.0610046 0.0680536 0.0725621 0.0742621 0.0733675 0.0703599 0.0657832 0.0601432 0.0538736 0.0473221 0.040747 0.0343305 0.028206 0.0224861 0.0172832 0.0127125 0.00887526 0.00583133 0.00357503
 0.0104111 0.016501 0.024066 0.0327854 0.042232 0.0517968 0.060616 0.0677084 0.0723098 0.0741363 0.0733758 0.0704856 0.0659952 0.0604065 0.0541566 0.0476004 0.0410049 0.0345618 0.0284114 0.0226683 0.0174422 0.012844 0.00897448 0.00589738 0.00361274
 0.0105623 0.0166965 0.0242677 0.0329272 0.042239 0.0516153 0.0602391 0.0671826 0.0717199 0.0735792 0.072935 0.070214 0.0659085 0.0604865 0.0543623 0.0478821 0.0413167 0.034869 0.0286924 0.0229127 0.0176459 0.013006 0.00909545 0.0059805 0.00366421
 0.0106606 0.0168613 0.0245214 0.0332854 0.0426961 0.0521293 0.060725 0.0675285 0.071826 0.0734014 0.0725066 0.0696325 0.0652959 0.0599476 0.0539592 0.0476301 0.0411967 0.034845 0.0287269 0.0229754 0.0177162 0.0130717 0.0091498 0.00602082 0.00369084
 0.0103272 0.0163953 0.0239616 0.0327178 0.042232 0.0518683 0.0607199 0.0677687 0.072242 0.0738849 0.0729425 0.0699341 0.0654318 0.0599462 0.0538881 0.0475622 0.0411817 0.0348987 0.0288369 0.0231155 0.01786 0.0131997 0.00925175 0.00609435 0.00373894
 0.0103265 0.0163622 0.0238563 0.032493 0.0418572 0.0513606 0.060163 0.0672969 0.0719895 0.0739257 0.0732557 0.0704151 0.0659409 0.0603651 0.054158 0.0476893 0.0412155 0.0348988 0.028847 0.023153 0.0179209 0.0132699 0.00931739 0.00614678 0.00377563
 0.0104311 0.0165091 0.0240326 0.0326666 0.0419796 0.0513761 0.0600244 0.0669859 0.0715364 0.0734154 0.0728074 0.0701372 0.0658841 0.0605031 0.0544074 0.0479555 0.0414336 0.0350494 0.0289447 0.0232239 0.0179843 0.0133319 0.00937501 0.00619466 0.00381068
 0.0106712 0.0169028 0.0246282 0.0335025 0.0430654 0.0526678 0.0614057 0.0682754 0.0725293 0.0739461 0.0728035 0.06964 0.0650267 0.0594583 0.0533304 0.0469469 0.0405352 0.0342665 0.0282731 0.0226638 0.0175391 0.0130005 0.0091464 0.00604935 0.00372578
 0.0105369 0.0167129 0.0243973 0.0332681 0.0428851 0.0526094 0.0615317 0.0686231 0.0730886 0.0746459 0.0735202 0.0702327 0.0653865 0.0595455 0.0531801 0.0466413 0.0401641 0.0338968 0.0279407 0.0223824 0.0173119 0.0128271 0.00902341 0.00596949 0.00367879
 0.0103802 0.0164646 0.0240374 0.0327877 0.042294 0.0519464 0.0608714 0.0680706 0.0727571 0.0746209 0.0738269 0.0708208 0.0661419 0.0603254 0.0538583 0.0471438 0.0404791 0.0340585 0.028001 0.0223879 0.0172941 0.0128038 0.009003 0.00595507 0.00367035
 0.0101186 0.0160954 0.0235844 0.0323055 0.041849 0.0515891 0.0606175 0.0679054 0.0726586 0.0745858 0.0738791 0.0709969 0.066463 0.0607741 0.0543754 0.0476481 0.0408981 0.034353 0.0281711 0.0224613 0.0173077 0.0127893 0.00898101 0.00593582 0.00365708
 0.00952265 0.0152151 0.0224266 0.0309403 0.0403984 0.0502005 0.0594379 0.0670585 0.0722234 0.0745795 0.0742567 0.0716739 0.0673476 0.0617884 0.0554553 0.0487318 0.0419203 0.0352522 0.0289053 0.0230176 0.017701 0.013051 0.00914628 0.00603543 0.00371434
#obs surv len freq
 0.00496768 0.00813922 0.0123843 0.0177176 0.024013 0.0309035 0.0377603 0.0438566 0.0486389 0.0519046 0.0537729 0.0545313 0.0545026 0.0539871 0.0532469 0.0524958 0.0518783 0.0514283 0.051007 0.0502455 0.048562 0.0453264 0.0401618 0.0332367 0.0253317
 0.00518917 0.00849816 0.0129227 0.0184744 0.0250182 0.0321673 0.039262 0.0455384 0.0504121 0.0536635 0.0554084 0.0559397 0.0555903 0.0546732 0.0534679 0.0522108 0.0510748 0.0501291 0.0492748 0.0481854 0.0463191 0.0430738 0.0380768 0.0314668 0.0239632
 0.00542831 0.0088895 0.0135162 0.019318 0.0261474 0.0335909 0.0409474 0.0474078 0.0523557 0.0555618 0.0571514 0.0574342 0.0567577 0.0554448 0.0537821 0.0520152 0.0503336 0.0488348 0.047463 0.0459481 0.0438095 0.0404947 0.0356488 0.0293814 0.0223376
 0.00566153 0.00927348 0.0141032 0.02016 0.0272865 0.0350436 0.0426875 0.0493606 0.0544075 0.0575816 0.059013 0.0590298 0.0580026 0.0562748 0.0541469 0.0518717 0.0496452 0.0475803 0.0456556 0.0436583 0.0411809 0.0377394 0.0330129 0.027089 0.0205342
 0.00589969 0.00966436 0.0146986 0.021011 0.0284344 0.0365046 0.0444376 0.0513284 0.0564833 0.0596373 0.0609213 0.0606776 0.059297 0.0571445 0.0545394 0.0517486 0.0489767 0.0463476 0.0438652 0.0413669 0.0385184 0.0349125 0.0302759 0.0246836 0.0186256
 0.00612321 0.010031 0.0152567 0.0218081 0.029509 0.0378725 0.0460773 0.0531754 0.0584385 0.061585 0.0627465 0.0622762 0.0605796 0.0580375 0.0549845 0.0517003 0.0484008 0.0452229 0.0421945 0.0391984 0.0359691 0.0321765 0.0275997 0.0223099 0.016727
 0.00637185 0.0104375 0.0158725 0.0226822 0.0306777 0.0393443 0.0478173 0.055101 0.0604323 0.0635186 0.0645024 0.0637591 0.0617179 0.0587787 0.0552897 0.0515387 0.0477466 0.0440584 0.0405216 0.0370594 0.0334704 0.0294984 0.024976 0.0199752 0.0148523
 0.00663982 0.0108734 0.0165288 0.0236073 0.031906 0.040881 0.0496222 0.0570839 0.0624654 0.0654617 0.0662271 0.0651645 0.0627343 0.0593657 0.0554279 0.0512202 0.0469673 0.0428162 0.0388261 0.0349518 0.0310472 0.026923 0.0224624 0.0177405 0.0130563
 0.0068449 0.0112179 0.0170676 0.0243978 0.0329956 0.0422869 0.0513127 0.0589725 0.0644248 0.06735 0.0679132 0.0665419 0.0637274 0.0599284 0.0555402 0.0508805 0.0461843 0.041604 0.0372077 0.0329739 0.0288005 0.0245538 0.0201603 0.0156978 0.0114151
 0.00705578 0.0115602 0.0175825 0.0251243 0.0339653 0.0435135 0.0527792 0.0606233 0.0661684 0.0690713 0.0694902 0.0678621 0.0647001 0.060493 0.0556667 0.0505648 0.0454396 0.0404544 0.0356887 0.031141 0.0267436 0.0224061 0.0180885 0.0138682 0.0099492
 0.0072814 0.0119292 0.018141 0.0259151 0.0350169 0.0448255 0.0543084 0.0622826 0.0678427 0.0706429 0.0708585 0.0689508 0.0654543 0.0608751 0.0556553 0.0501549 0.0446418 0.0392937 0.0342049 0.0293938 0.0248221 0.0204328 0.0162095 0.0122251 0.00864194
 0.00741282 0.0121503 0.0184879 0.0264268 0.0357279 0.0457532 0.0554407 0.0635708 0.0692071 0.0719867 0.0720846 0.0699746 0.0662111 0.0613222 0.0557689 0.0499257 0.0440727 0.0383999 0.0330173 0.0279654 0.0232336 0.018794 0.0146477 0.0108604 0.00755776
 0.00751616 0.0123153 0.0187314 0.0267642 0.0361732 0.0463172 0.0561269 0.0643708 0.0700971 0.0729264 0.0730185 0.0708372 0.0669351 0.0618465 0.0560462 0.049926 0.0437826 0.0378221 0.0321721 0.0268951 0.022007 0.0175056 0.0134071 0.00977052 0.00668952
 0.00759162 0.0124343 0.0189037 0.0269967 0.036469 0.0466751 0.0565407 0.0648306 0.0705919 0.073447 0.0735561 0.0713779 0.067453 0.0623018 0.056389 0.0501051 0.043756 0.0375643 0.0316801 0.0261922 0.021145 0.0165626 0.0124759 0.00893938 0.00602089
 0.00765731 0.0125345 0.0190424 0.0271732 0.0366791 0.0469123 0.0567971 0.065098 0.0708633 0.0737186 0.0738288 0.0716552 0.0677361 0.0625832 0.0566469 0.0503036 0.0438504 0.0375124 0.0314538 0.0257885 0.0205913 0.0159153 0.0118095 0.00832842 0.00552072
 0.00771638 0.0126255 0.0191695 0.0273366 0.0368739 0.0471289 0.0570214 0.0653135 0.0710551 0.0738784 0.0739579 0.0717632 0.0678364 0.0626863 0.0567546 0.0504044 0.0439187 0.0375134 0.0313533 0.0255657 0.02025 0.0154868 0.0113467 0.00788992 0.00515352
 0.00775686 0.0126881 0.0192578 0.0274513 0.0370129 0.0472865 0.0571885 0.0654777 0.0712031 0.0739995 0.0740471 0.0718224 0.0678739 0.0627134 0.0567813 0.050434 0.0439441 0.0375158 0.031307 0.0254477 0.0200508 0.0152182 0.0110406 0.00758817 0.00489332
 0.00783494 0.0128069 0.0194213 0.0276571 0.0372527 0.0475469 0.0574514 0.0657218 0.0714067 0.0741447 0.074124 0.0718308 0.0678224 0.0626172 0.056659 0.0503026 0.0438144 0.0373888 0.0311737 0.0252935 0.0198646 0.0150004 0.0108057 0.00736073 0.00469762
 0.00783953 0.0128179 0.0194441 0.0276986 0.0373188 0.0476393 0.0575657 0.0658475 0.0715305 0.0742548 0.0742126 0.0718943 0.0678598 0.0626295 0.0566488 0.0502744 0.0437732 0.0373376 0.0311112 0.0252143 0.0197625 0.0148743 0.0106634 0.00721733 0.00457
 0.00786916 0.0128569 0.019486 0.0277331 0.0373355 0.047634 0.0575443 0.0658244 0.071522 0.0742716 0.0742555 0.0719552 0.0679269 0.0626917 0.0566983 0.0503071 0.0437883 0.0373355 0.0310922 0.0251774 0.0197065 0.0147999 0.0105757 0.00712616 0.00448673
 0.00787956 0.0128724 0.0195064 0.027756 0.0373558 0.0476438 0.0575341 0.0657873 0.0714585 0.074193 0.0741816 0.0719073 0.0679187 0.0627241 0.0567611 0.0503845 0.0438648 0.0373998 0.0311373 0.0251998 0.0197052 0.0147768 0.010536 0.00707771 0.00443851
 0.00791396 0.0129228 0.019572 0.0278322 0.0374355 0.0477186 0.0575959 0.0658281 0.0714712 0.0741727 0.0741286 0.0718297 0.0678317 0.0626455 0.0567051 0.0503565 0.0438608 0.0374098 0.0311499 0.0252059 0.0196996 0.0147584 0.0105071 0.00704349 0.00440485
 0.00789269 0.0128903 0.019527 0.0277748 0.0373669 0.0476414 0.0575137 0.065746 0.0713958 0.0741113 0.0740871 0.0718116 0.0678376 0.0626748 0.0567563 0.050428 0.0439489 0.0375075 0.0312473 0.0252924 0.019767 0.0148028 0.0105297 0.00704907 0.00440012
 0.00790626 0.0129052 0.0195364 0.0277683 0.0373341 0.0475764 0.0574192 0.0656334 0.071281 0.0740095 0.0740093 0.071763 0.0678194 0.0626854 0.0567926 0.050486 0.044024 0.0375939 0.0313377 0.0253785 0.0198407 0.0148586 0.010566 0.00706828 0.00440706
 0.00788047 0.0128671 0.0194856 0.0277062 0.037262 0.0474939 0.0573239 0.0655232 0.0711583 0.0738839 0.0738969 0.0716819 0.0677831 0.062699 0.0568526 0.0505827 0.0441454 0.0377279 0.0314732 0.0255056 0.0199512 0.0149467 0.0106297 0.00710936 0.0044302
 0.00787223 0.0128462 0.0194408 0.0276237 0.0371305 0.0473115 0.0571029 0.0652888 0.0709403 0.0737068 0.0737746 0.0716187 0.067778 0.062749 0.056953 0.0507257 0.0443193 0.0379183 0.031665 0.0256852 0.0201078 0.0150736 0.0107244 0.00717387 0.00446992
 0.00783045 0.0127836 0.0193559 0.0275176 0.0370043 0.0471649 0.056934 0.0650974 0.0707335 0.0735015 0.0735959 0.0714923 0.0677221 0.0627696 0.0570447 0.0508757 0.044511 0.0381341 0.0318872 0.0258973 0.0202962 0.0152288 0.0108427 0.00725658 0.0045226
 0.00783995 0.0127905 0.0193509 0.0274875 0.0369368 0.0470543 0.0567857 0.0649266 0.0705584 0.0733368 0.0734505 0.071372 0.0676345 0.0627247 0.0570515 0.0509378 0.0446241 0.0382863 0.0320622 0.0260773 0.0204649 0.015374 0.0109571 0.00733899 0.00457659
 0.00779126 0.0127187 0.0192561 0.0273733 0.036808 0.0469135 0.0566323 0.0647596 0.0703816 0.0731621 0.0732962 0.0712576 0.0675737 0.062723 0.0571077 0.0510465 0.0447776 0.038474 0.0322703 0.0262893 0.0206642 0.0155465 0.0110945 0.0074392 0.00464314
 0.00775772 0.0126582 0.0191548 0.0272167 0.0365866 0.0466304 0.0563085 0.0644311 0.0700882 0.0729347 0.0731498 0.0711927 0.067584 0.0628007 0.0572448 0.0512344 0.0450052 0.0387284 0.0325365 0.0265512 0.0209058 0.0157545 0.0112602 0.00756052 0.0047243
 0.00772151 0.0125985 0.0190632 0.0270841 0.0364043 0.046393 0.0560174 0.064099 0.0697407 0.0726081 0.0728835 0.0710197 0.0675219 0.0628491 0.0573896 0.0514539 0.0452767 0.0390302 0.0328485 0.0268545 0.0211833 0.0159922 0.0114495 0.00769962 0.00481785
 0.00930777 0.0148163 0.0217344 0.02982 0.0387189 0.0478827 0.0565035 0.0636539 0.0686052 0.0710702 0.0711907 0.0693476 0.0659807 0.061501 0.0562619 0.0505488 0.0445786 0.0385137 0.0324842 0.0266128 0.0210355 0.0159118 0.0114131 0.00768836 0.00481831
 0.00928816 0.015082 0.0226585 0.0318656 0.0422371 0.05284 0.0623091 0.0692557 0.0728629 0.0732043 0.0710396 0.0673099 0.0627407 0.0577374 0.0524803 0.047051 0.0415091 0.03592 0.0303621 0.0249322 0.0197527 0.0149744 0.0107629 0.00726413 0.00456029
 0.00895583 0.0145566 0.0219176 0.0309561 0.0413305 0.052271 0.0625363 0.0706977 0.0756476 0.0769817 0.0750245 0.0705799 0.0646215 0.0580378 0.0514626 0.0452151 0.0393572 0.0338187 0.0285168 0.0234242 0.0185884 0.0141219 0.0101726 0.00688015 0.00432751
 0.00877585 0.0142563 0.0214518 0.0302809 0.0404198 0.051148 0.0613144 0.0696097 0.0750287 0.0771782 0.0762379 0.0727188 0.067266 0.0605749 0.0533354 0.046137 0.0393699 0.0331922 0.0275848 0.0224577 0.0177487 0.0134723 0.00971339 0.00658045 0.00414675
 0.00872435 0.0141629 0.0212927 0.0300254 0.0400349 0.0506072 0.0606113 0.0687745 0.0741459 0.0763983 0.0757675 0.0727697 0.0679623 0.0618615 0.0549535 0.0477077 0.0405498 0.0338074 0.027666 0.022175 0.017306 0.013028 0.00935289 0.0063272 0.00398827
 0.0086964 0.0141201 0.0212324 0.0299442 0.0399263 0.0504581 0.0604016 0.0684813 0.0737547 0.0759188 0.0752512 0.0723177 0.0677112 0.0619392 0.0554151 0.048486 0.0414617 0.0346258 0.0282178 0.0224048 0.0172716 0.0128447 0.00913067 0.00613561 0.00385301
 0.00867196 0.0140791 0.0211685 0.0298517 0.0398015 0.0503021 0.0602207 0.0682847 0.0735482 0.0757019 0.0750197 0.0720762 0.067489 0.0617956 0.0554245 0.0487017 0.0418765 0.0351583 0.0287413 0.0228038 0.0174906 0.0128989 0.0090799 0.00604534 0.0037682
 0.00866662 0.0140657 0.0211394 0.0297971 0.0397116 0.0501713 0.0600513 0.0680879 0.0733414 0.0755034 0.0748429 0.0719274 0.0673703 0.0617136 0.0553982 0.0487605 0.0420452 0.0354343 0.0290828 0.0231413 0.0177578 0.0130618 0.00914457 0.00604458 0.00373897
 0.0086603 0.0140605 0.0211406 0.0298111 0.0397427 0.0502168 0.0600987 0.0681171 0.0733324 0.0754441 0.0747348 0.0717836 0.0672102 0.0615577 0.0552658 0.0486715 0.0420188 0.0354826 0.0292007 0.0233023 0.0179215 0.0131914 0.00922235 0.00607443 0.0037381
 0.00865616 0.0140523 0.021126 0.029788 0.0397112 0.0501807 0.0600661 0.0680971 0.0733297 0.0754545 0.0747453 0.0717787 0.0671795 0.0615013 0.0551944 0.0486027 0.0419721 0.0354741 0.0292377 0.0233789 0.0180191 0.0132861 0.00929488 0.00611751 0.00375592
 0.00861153 0.0139866 0.0210396 0.0296858 0.0396007 0.0500701 0.0599629 0.0680084 0.0732633 0.075418 0.0747436 0.0718102 0.067235 0.0615667 0.0552567 0.0486556 0.042018 0.0355219 0.0292967 0.0234531 0.0181042 0.0133706 0.00936649 0.00616851 0.00378582
 0.00864807 0.0140346 0.0210911 0.0297268 0.0396163 0.0500511 0.0599106 0.0679346 0.0731839 0.0753471 0.0746889 0.0717736 0.067215 0.0615597 0.0552581 0.0486605 0.0420237 0.0355291 0.0293094 0.0234756 0.0181373 0.0134105 0.00940592 0.00620087 0.00380784
 0.00862815 0.0140123 0.0210756 0.0297308 0.0396503 0.0501155 0.0599914 0.0680067 0.0732225 0.0753395 0.0746398 0.0717008 0.0671392 0.0614962 0.0552134 0.0486339 0.042011 0.035526 0.0293136 0.0234867 0.0181551 0.0134335 0.00943055 0.00622302 0.00382459
 0.00861686 0.0139913 0.0210398 0.0296759 0.0395762 0.05003 0.0599113 0.0679525 0.0732089 0.0753669 0.0746933 0.0717586 0.0671843 0.0615233 0.0552274 0.0486438 0.0420236 0.0355439 0.0293363 0.0235124 0.0181823 0.0134605 0.00945567 0.00624424 0.00384057
 0.00862299 0.0140013 0.0210545 0.0296954 0.0395985 0.0500507 0.0599241 0.067952 0.0731944 0.0753436 0.0746709 0.0717448 0.0671803 0.0615235 0.0552246 0.048634 0.0420084 0.035528 0.0293243 0.0235068 0.0181832 0.0134665 0.00946455 0.00625371 0.00384882
 0.00862299 0.0140013 0.0210545 0.0296954 0.0395985 0.0500507 0.0599241 0.067952 0.0731944 0.0753436 0.0746709 0.0717448 0.0671803 0.0615235 0.0552246 0.048634 0.0420084 0.035528 0.0293243 0.0235068 0.0181832 0.0134665 0.00946455 0.00625371 0.00384882
 0.00893469 0.0144926 0.0217629 0.030639 0.0407654 0.051386 0.0613208 0.0692578 0.0742419 0.0759947 0.0748528 0.0714636 0.066508 0.0605715 0.0541145 0.0474757 0.0408884 0.034507 0.0284398 0.022777 0.0176104 0.0130406 0.0091663 0.00605847 0.00373025
 0.0088305 0.0143621 0.0216389 0.0305779 0.0408341 0.0516398 0.0617815 0.0699029 0.0750068 0.0767843 0.0755596 0.0719887 0.0667829 0.0605726 0.0538655 0.0470366 0.0403364 0.0339179 0.0278754 0.0222794 0.0172025 0.0127285 0.00894374 0.0059111 0.00364013
 0.0087609 0.0142342 0.0214223 0.0302442 0.0403743 0.0510869 0.0612229 0.0694671 0.0748217 0.076926 0.0760202 0.072679 0.0675658 0.0613072 0.0544437 0.0474034 0.0404907 0.0338993 0.0277432 0.0220937 0.0170111 0.0125616 0.00881504 0.00582176 0.00358394
 0.0088739 0.0144036 0.0216489 0.0305141 0.0406574 0.0513384 0.0613909 0.0695093 0.0747273 0.0767321 0.0758042 0.0725274 0.067533 0.0613908 0.0545899 0.0475359 0.0405452 0.0338462 0.0275913 0.0218786 0.0167768 0.012346 0.00864074 0.00569598 0.00350229
 0.00888761 0.0144367 0.0217179 0.0306391 0.0408543 0.051607 0.061706 0.0698205 0.074972 0.0768569 0.0757873 0.072389 0.0673293 0.0611899 0.054442 0.0474532 0.0405034 0.0338041 0.0275156 0.0217589 0.0166259 0.0121886 0.00850048 0.00558697 0.00342748
#pred catch len freq
 0.00513924 0.00812268 0.0118267 0.0161437 0.0209922 0.0262926 0.0318895 0.0375187 0.042862 0.0476305 0.0516144 0.0546985 0.0568631 0.0581696 0.0587243 0.0586363 0.0579903 0.0568316 0.0551415 0.0527962 0.0495429 0.0450659 0.0391755 0.0320411 0.0242908
 0.00546595 0.00857618 0.0123712 0.0167124 0.0215251 0.0267867 0.0324229 0.038222 0.0438402 0.0488822 0.0530001 0.0559808 0.0577968 0.0585923 0.0586055 0.0580701 0.0571412 0.0558603 0.0541427 0.0517781 0.0484587 0.0438776 0.0379089 0.0307934 0.0231888
 0.00591797 0.0092662 0.0133219 0.0179046 0.0228922 0.0282181 0.0337806 0.0393779 0.0447288 0.0495349 0.0535237 0.0564793 0.0582866 0.058975 0.058719 0.0577811 0.0564141 0.0547624 0.0527954 0.0502945 0.0469127 0.0423169 0.0363894 0.0293977 0.0220091
 0.00631241 0.00989158 0.0142339 0.0191445 0.0244793 0.0301349 0.0359523 0.0416582 0.0469109 0.0513947 0.0548847 0.0572675 0.0585404 0.0587972 0.0582018 0.0569557 0.0552602 0.0532608 0.0509745 0.0482395 0.0447434 0.0401624 0.034375 0.0276369 0.0205874
 0.00669385 0.0104857 0.015082 0.0202748 0.0259108 0.0318798 0.0380073 0.0439842 0.0494096 0.0538966 0.0571606 0.0590718 0.0596749 0.0591667 0.0578284 0.0559421 0.0537297 0.0513151 0.0486944 0.045713 0.0420909 0.0375389 0.0319484 0.0255551 0.0189452
 0.00708142 0.011087 0.0159346 0.0213982 0.0273091 0.0335451 0.0399185 0.0461015 0.0516702 0.0562099 0.0594023 0.0610796 0.0612583 0.0601388 0.0580521 0.0553683 0.0524039 0.0493523 0.0462426 0.0429326 0.0391549 0.0346369 0.0292752 0.0232785 0.0171684
 0.00748411 0.0117114 0.016819 0.0225609 0.0287503 0.0352486 0.0418488 0.048199 0.053851 0.0583735 0.0614411 0.0628833 0.0627131 0.0611253 0.0584514 0.0550819 0.0513827 0.0476189 0.0438967 0.0401391 0.0361245 0.031605 0.0264734 0.0208974 0.0153196
 0.00788628 0.0123389 0.017715 0.0237502 0.0302382 0.0370192 0.0438587 0.0503714 0.0560784 0.0605305 0.0634012 0.0645337 0.0639618 0.0619005 0.0586945 0.0547412 0.0504172 0.046017 0.0417006 0.0374642 0.0331602 0.0285926 0.0236647 0.0185023 0.0134613
 0.00831792 0.0130056 0.0186547 0.0249783 0.0317513 0.0387985 0.0458661 0.0525409 0.0583107 0.0626968 0.0653583 0.0661443 0.0651148 0.0625236 0.0587533 0.0542276 0.0493361 0.0443836 0.0395547 0.0348932 0.0303178 0.025693 0.0209477 0.0161769 0.0116543
 0.0087948 0.0137267 0.0196401 0.0262147 0.0332016 0.0404172 0.0476077 0.0543566 0.0601405 0.0644649 0.0669733 0.0675057 0.0661235 0.0630958 0.0588316 0.0537855 0.0483745 0.0429255 0.0376459 0.0326146 0.0277996 0.0231172 0.0185229 0.0140918 0.0100278
 0.00918832 0.0143417 0.0205189 0.0273781 0.034644 0.0421013 0.0494583 0.056264 0.0619776 0.0661136 0.0683444 0.0685424 0.0667923 0.0633741 0.0587019 0.0532355 0.0474023 0.0415448 0.0358938 0.0305607 0.0255557 0.0208371 0.0163832 0.0122532 0.00859294
 0.00936799 0.014641 0.0209837 0.0280582 0.035586 0.0433338 0.050974 0.0580045 0.0638316 0.06793 0.0699591 0.0698114 0.0676197 0.0637227 0.058583 0.0526873 0.0464689 0.0402688 0.034321 0.0287541 0.0236086 0.018876 0.0145528 0.0106851 0.00737083
 0.00943547 0.0147478 0.0211412 0.0282811 0.035897 0.0437675 0.0515744 0.0588128 0.0648647 0.0691593 0.0712997 0.0711313 0.0687676 0.0645642 0.0590292 0.0527051 0.0460729 0.0395033 0.0332463 0.0274428 0.0221506 0.0173811 0.0131418 0.00946687 0.00641595
 0.00953569 0.0149004 0.0213519 0.0285489 0.0362161 0.0441312 0.051979 0.0592609 0.0653676 0.0697336 0.0719568 0.0718602 0.069521 0.0652584 0.0595615 0.0529818 0.0460339 0.0391334 0.0325726 0.0265256 0.0210744 0.016247 0.0120558 0.0085215 0.00567112
 0.00955242 0.0149316 0.0214064 0.0286379 0.0363511 0.0443206 0.0522246 0.0595572 0.0657038 0.0700988 0.0723447 0.0722701 0.0699514 0.0656959 0.0599705 0.0533039 0.0462006 0.0390872 0.0322868 0.0260142 0.0203905 0.0154717 0.0112809 0.00782966 0.00511745
 0.00954058 0.0149074 0.0213616 0.0285635 0.0362422 0.0441828 0.0520782 0.0594351 0.0656434 0.0701309 0.0724849 0.0725173 0.0702916 0.0661055 0.0604173 0.0537446 0.0465805 0.0393472 0.0323779 0.0259139 0.0201132 0.0150673 0.0108209 0.00738658 0.0047458
 0.0095369 0.0149023 0.0213552 0.0285552 0.0362294 0.04416 0.052038 0.0593727 0.0655623 0.0700475 0.0724268 0.0725151 0.0703677 0.0662665 0.0606519 0.0540253 0.0468678 0.0395943 0.0325383 0.0259532 0.0200214 0.014864 0.0105504 0.00710284 0.00449481
 0.0095154 0.0148668 0.0213007 0.0284774 0.0361259 0.044032 0.0518919 0.0592193 0.0654149 0.0699192 0.0723306 0.0724648 0.0703789 0.0663526 0.0608177 0.0542616 0.0471492 0.039882 0.0327879 0.0261256 0.0200933 0.0148359 0.010446 0.00695963 0.00435057
 0.00950293 0.0148492 0.0212788 0.028453 0.0361001 0.0440036 0.0518568 0.0591719 0.0653515 0.0698408 0.0722445 0.0723833 0.0703166 0.0663243 0.0608362 0.0543339 0.0472724 0.0400404 0.0329543 0.0262676 0.0201837 0.0148621 0.0104139 0.00688976 0.00426841
 0.00940742 0.0147116 0.0211048 0.0282591 0.0359098 0.0438393 0.0517334 0.0590949 0.0653176 0.0698415 0.0722695 0.0724241 0.070369 0.0663897 0.0609197 0.0544416 0.0474072 0.0401982 0.033122 0.026425 0.0203094 0.0149415 0.0104444 0.00688136 0.00423811
 0.00945841 0.0147704 0.0211496 0.0282571 0.0358283 0.0436635 0.051478 0.0588029 0.0650447 0.0696346 0.0721521 0.0723946 0.0704095 0.0664771 0.0610352 0.0545738 0.047551 0.0403505 0.0332772 0.0265729 0.0204368 0.0150365 0.010502 0.00690506 0.00423814
 0.00958529 0.0149512 0.0213732 0.0284934 0.0360328 0.0437862 0.0514762 0.0586532 0.0647539 0.0692443 0.0717311 0.0720186 0.070136 0.0663302 0.0610058 0.0546331 0.047666 0.040494 0.0334296 0.0267199 0.0205668 0.0151402 0.0105745 0.00694752 0.00425699
 0.00973672 0.0151752 0.0216683 0.0288417 0.036402 0.0441348 0.0517579 0.0588218 0.0647706 0.0690894 0.0714149 0.0715853 0.0696559 0.0658799 0.0606463 0.0543948 0.0475467 0.0404695 0.0334676 0.0267902 0.0206459 0.0152123 0.0106305 0.00698464 0.00427725
 0.0097572 0.0152188 0.0217523 0.0289876 0.0366278 0.0444449 0.0521339 0.0592202 0.0651306 0.069347 0.0715196 0.0715127 0.0694153 0.0655145 0.060222 0.053982 0.047201 0.0402192 0.0333133 0.0267137 0.0206215 0.0152159 0.0106444 0.00699826 0.00428633
 0.00960123 0.0149966 0.0214772 0.0286939 0.0363652 0.0442654 0.0520788 0.0593108 0.0653621 0.0696862 0.0719083 0.0718804 0.0696978 0.0656718 0.0602492 0.0539068 0.0470713 0.0400846 0.0332098 0.0266559 0.0206056 0.0152276 0.0106678 0.00702177 0.0043041
 0.00935286 0.0146321 0.0210026 0.028143 0.0357936 0.0437386 0.0516617 0.0590593 0.0653153 0.069857 0.0722756 0.072389 0.0702691 0.0662221 0.0607099 0.0542403 0.047276 0.0401877 0.0332518 0.0266741 0.0206232 0.0152524 0.0106972 0.00704964 0.00432589
 0.00911413 0.0142624 0.0204815 0.0274672 0.0349809 0.0428319 0.050733 0.0582062 0.0646464 0.0694672 0.0722223 0.072678 0.0708531 0.0670119 0.0615945 0.0551116 0.0480512 0.0408227 0.0337398 0.0270342 0.0208845 0.0154414 0.0108327 0.00714375 0.00438753
 0.00900344 0.0140826 0.0202109 0.0270844 0.034468 0.0421813 0.0499562 0.0573437 0.0637711 0.068679 0.0716314 0.07238 0.0709024 0.0674046 0.0622676 0.0559605 0.0489576 0.0416825 0.0344828 0.0276296 0.0213335 0.0157638 0.0110546 0.0072899 0.00447871
 0.00889191 0.0139178 0.0199923 0.0268191 0.0341643 0.0418398 0.0495665 0.0568897 0.0632449 0.068097 0.0710434 0.0718656 0.0705538 0.0672996 0.0624441 0.0564021 0.0495968 0.0424213 0.035221 0.0282888 0.02187 0.0161669 0.0113368 0.00747466 0.0045919
 0.00875899 0.0137185 0.0197238 0.026491 0.0337958 0.041456 0.0491922 0.0565444 0.0629373 0.0678226 0.0707903 0.0716281 0.0703469 0.0671637 0.0624341 0.0565632 0.0499418 0.0429198 0.0358074 0.0288842 0.0224058 0.0166011 0.0116568 0.0076906 0.00472573
