SBPRF35
12.7214
Curr Bio
863650
B35
878416
F35
0.17235
FOFL
0.170747
OFL
121433
Bzero
3.63469e+06
#pred survey bio
 3.48849e+06 3.37977e+06 3.27251e+06 3.13631e+06 2.93525e+06 2.70737e+06 2.45967e+06 2.22539e+06 1.99928e+06 1.75997e+06 1.579e+06 1.39936e+06 1.2329e+06 1.09009e+06 952614 854503 777837 718715 652769 631426 616462 597272 572465 555774 540305 539780 546400 547912 538322 534085 541627 543733 555398 560336 568567 577861 591111 603530 614381 632596 630625 640961 647963 653204 655619 654831 665666 669740 667811 666948 673159 742741 800638 862407 895270 900540 885197 883449 854207 847934 852440 845474 849436 851241 836480 854658 872379 869499 3.06771e+07 1.83683e+07 1.86406e+07 1.94431e+07 2.0587e+07 2.18577e+07 2.30965e+07 2.42104e+07 2.5159e+07 2.59374e+07 2.65595e+07 2.70478e+07 2.74264e+07 2.77178e+07 2.79409e+07 2.81116e+07 2.82422e+07 2.83422e+07 2.84192e+07 2.84785e+07 2.85245e+07 2.85603e+07 2.85883e+07 2.86103e+07 2.86276e+07 2.86414e+07 2.86523e+07 2.8661e+07 2.86679e+07 2.86735e+07 2.8678e+07 2.86816e+07 2.86845e+07 2.86869e+07 2.86888e+07 2.86904e+07 2.86916e+07 2.86927e+07 2.86935e+07 2.86942e+07 2.86948e+07 2.86952e+07 2.86956e+07 2.86959e+07 2.86961e+07 2.86964e+07 2.86965e+07 2.86967e+07 2.86968e+07 2.86969e+07 2.86969e+07 2.8697e+07 2.8697e+07 2.86971e+07 2.86971e+07 2.86971e+07 2.86972e+07 2.86972e+07 2.86972e+07 2.86972e+07 2.86972e+07 2.86972e+07 2.86972e+07 2.86972e+07 2.86973e+07 2.86973e+07 2.86973e+07 2.86973e+07 2.86973e+07 2.86973e+07 2.86973e+07 2.86973e+07 2.86973e+07 2.86973e+07 2.86973e+07 2.86973e+07 2.86973e+07 2.86973e+07 2.86973e+07 2.86973e+07 2.86973e+07 2.86973e+07 2.86973e+07 2.86973e+07 2.86973e+07 2.86973e+07 2.86973e+07 2.86973e+07 2.86973e+07 2.86973e+07 2.86973e+07 2.86973e+07 2.86973e+07 2.86973e+07 2.86973e+07 2.86973e+07 2.86973e+07 2.86973e+07 2.86973e+07 2.86973e+07 0 0 0 0 0 0 0 0 0 0 0 0 0 0 0 0 0 0 0 0 0 0 0 0 0
#obs survey bio
 2.64509e+06 3.49882e+06 3.75574e+06 3.05498e+06 2.88733e+06 1.85458e+06 2.84610e+06 2.1775e+06 2.26208e+06 1.47414e+06 1.40315e+06 1.32424e+06 1.23216e+06 973844 1.16286e+06 681366 734054 690133 482649 464030 600669 788405 623911 602049 522391 857629 636738 544252 544306 448560 524686 564711 484919 501835 462641 679849 570304 755000 537632 646017 682828 593389 792316 833501 703800 798368 918172 687324 685770 448245 674855 588806 1.16562e+06 852407 1.14598e+06 1.08229e+06 952956 847678 619128 855040 733611 885613 713645 689656 973300 878447 1.07726e+06 669094
#pred catch bio
 101835 105851 141348 211992 250420 283971 287311 294053 317474 274187 280152 272646 253553 248669 213581 194652 178290 180793 140408 134628 136057 136471 125150 120764 106143 99308.7 102755 110352 104060 93953 99271.7 92280.2 98899.8 96385.3 95830.4 93006.2 94548.5 96990.5 92584 110924 101113 105293 107694 110437 112963 103215 109218 113991 113241 108680 59508.8 74590.3 73476.3 98598.5 121012 136753 123898 146924 126416 117583 127329 117219 118547 131671 102975 104408 122156 113102 121433 121919 122502 126599 133481 141336 148962 155720 161357 165859 169342 171973 173924 175348 176378 177115 177638 178008 178268 178451 178578 178667 178728 178771 178801 178821 178835 178845 178852 178857 178860 178862 178863 178864 178865 178866 178866 178866 178866 178867 178867 178867 178867 178867 178867 178867 178867 178867 178867 178867 178867 178867 178867 178867 178867 178867 178867 178867 178867 178867 178867 178867 178867 178867 178867 178867 178867 178867 178867 178867 178867 178867 178867 178867 178867 178867 178867 178867 178867 178867 178867 178867 178867 178867 178867 178867 178867 178867 178867 178867 178867 178867 178867 178867 178867 178867 178867 178867 178867 178867 0 0 0 0 0 0 0 0 0 0 0 0 0 0 0 0 0 0 0 0 0 0 0 0 0
#obs catch bio
 0 105690 141225 212663 250705 284989 288181 295380 319310 274523 280664 273721 253970 248713 212884 195572 179355 182557 141279 136555 138158 137770 125497 120919 106598 99295.6 102613 110259 103646 93620.8 99073.8 92220.2 99354.9 96548.1 96090.9 92954.3 94433.9 96767.3 92361.9 111378 100958 105506 107831 110701 113336 103115 109224 113741 112946 109466 59270.7 75183.5 73541.4 98862.3 120956 136871 123052 146632 126428 117135 127471 117156 118240 132092 102880 104272 122449 113027
#pred cpue bio
 3.44467e+06 3.33726e+06 3.22998e+06 3.09342e+06 2.89288e+06 2.66554e+06 2.41849e+06 2.18492e+06 1.95982e+06 1.72205e+06 1.54209e+06 1.36364e+06 1.19857e+06 1.05715e+06 921137 823853 747918 689750 625244 604204 589615 571410 547921 532122 517228 516924 523736 525520 516371 512317 519638 521551 532845 537776 545987 555224 568305 580469 590939 608544 606536 616566 623301 628397 630836 630154 640852 644980 643092 641956 647588 715734 773261 834743 867413 872531 857293 855374 826414 820143 824680 818020 822137 824089 809623 827512 845029 842283 2.97232e+07 1.77952e+07 1.79451e+07 1.86267e+07 1.97357e+07 2.09995e+07 2.22372e+07 2.33509e+07 2.42996e+07 2.50779e+07 2.57e+07 2.61883e+07 2.6567e+07 2.68583e+07 2.70815e+07 2.72521e+07 2.73827e+07 2.74828e+07 2.75597e+07 2.7619e+07 2.7665e+07 2.77008e+07 2.77288e+07 2.77508e+07 2.77682e+07 2.77819e+07 2.77928e+07 2.78015e+07 2.78084e+07 2.7814e+07 2.78185e+07 2.78221e+07 2.7825e+07 2.78274e+07 2.78293e+07 2.78309e+07 2.78322e+07 2.78332e+07 2.7834e+07 2.78347e+07 2.78353e+07 2.78357e+07 2.78361e+07 2.78364e+07 2.78367e+07 2.78369e+07 2.7837e+07 2.78372e+07 2.78373e+07 2.78374e+07 2.78375e+07 2.78375e+07 2.78376e+07 2.78376e+07 2.78376e+07 2.78377e+07 2.78377e+07 2.78377e+07 2.78377e+07 2.78377e+07 2.78378e+07 2.78378e+07 2.78378e+07 2.78378e+07 2.78378e+07 2.78378e+07 2.78378e+07 2.78378e+07 2.78378e+07 2.78378e+07 2.78378e+07 2.78378e+07 2.78378e+07 2.78378e+07 2.78378e+07 2.78378e+07 2.78378e+07 2.78378e+07 2.78378e+07 2.78378e+07 2.78378e+07 2.78378e+07 2.78378e+07 2.78378e+07 2.78378e+07 2.78378e+07 2.78378e+07 2.78378e+07 2.78378e+07 2.78378e+07 2.78378e+07 2.78378e+07 2.78378e+07 2.78378e+07 2.78378e+07 2.78378e+07 2.78378e+07 2.78378e+07 2.78378e+07 2.78378e+07 0 0 0 0 0 0 0 0 0 0 0 0 0 0 0 0 0 0 0 0 0 0 0 0 0
#obs cpue bio
 3.26394e+06 3.58506e+06 3.29887e+06 2.38375e+06 3.33977e+06 3.03708e+06 1.98828e+06 1.83406e+06 1.8978e+06 2.21855e+06 1.86032e+06 1.21567e+06 1.2841e+06 1.38604e+06 861992 656484 651324 632556 686516 454742 487621 542007 622020 550615 387471 412829 509150 564349 634630 567902 574673 400421 460177 668300 613010 577571 640331 547911 579048 478443 675159 539018 524556 442499 566507 604491 471613 774322 660773 583890 583148 511117 714901 1.0386e+06 955103 711375 1.2296e+06 847654 779980 1.14192e+06 758055 766232 1.20292e+06 810855 650116 912372 624438 1.1569e+06
#pred surv len freq
 0.00426492 0.00701365 0.0107233 0.0154318 0.0210575 0.0273094 0.0336669 0.0395193 0.0443977 0.0481242 0.0507838 0.0525899 0.0537659 0.0544905 0.0548873 0.0550343 0.0549815 0.0547537 0.0543096 0.0534541 0.0517674 0.048668 0.0436738 0.0367619 0.0285695
 0.00457012 0.00742233 0.0111799 0.0158391 0.021314 0.0273626 0.0335473 0.0393261 0.0442409 0.0480604 0.0507888 0.0525855 0.0536776 0.0543 0.0546482 0.0548476 0.0549434 0.0549022 0.0545946 0.0537487 0.0519213 0.0485773 0.0433303 0.0362508 0.028021
 0.00465637 0.00761918 0.0115736 0.0165258 0.0223533 0.0287183 0.0350557 0.0407316 0.0452947 0.0486257 0.0508808 0.052324 0.0531987 0.0536949 0.053963 0.0541192 0.0542257 0.0542546 0.0540454 0.0532674 0.0514299 0.0479986 0.0426406 0.0354994 0.0273034
 0.00475879 0.0077762 0.0117976 0.016836 0.0227877 0.0293403 0.03594 0.0419202 0.0467412 0.0501665 0.0522697 0.0533221 0.0536678 0.053633 0.0534705 0.0533345 0.0532777 0.0532445 0.0530414 0.0522994 0.0504909 0.0470657 0.0417087 0.034603 0.0265067
 0.00494917 0.00808363 0.0122554 0.0174712 0.0236145 0.0303526 0.037109 0.0432031 0.048096 0.0515553 0.053639 0.0545736 0.054652 0.0541879 0.0534863 0.0527992 0.052275 0.0519128 0.0515234 0.0507099 0.0489075 0.0455409 0.04029 0.0333457 0.0254669
 0.00516079 0.00843071 0.0127834 0.0182239 0.0246252 0.0316295 0.0386203 0.0448722 0.0498149 0.0532108 0.0551369 0.0558459 0.0556431 0.0548325 0.0537012 0.0525047 0.0514342 0.050561 0.049767 0.0486966 0.0467933 0.0434685 0.0383827 0.0317035 0.024157
 0.00538785 0.00880417 0.0133538 0.0190419 0.0257325 0.0330439 0.0403193 0.046785 0.0518287 0.0551897 0.0569451 0.0573663 0.0567885 0.0555448 0.0539398 0.0522331 0.0506206 0.0491975 0.0478973 0.0464313 0.0443015 0.0409508 0.0360364 0.029689 0.0225711
 0.00558091 0.00912596 0.0138533 0.0197713 0.0267386 0.0343533 0.0419225 0.0486281 0.0538184 0.0572077 0.0588631 0.0590592 0.0581441 0.0564721 0.0543725 0.0521267 0.0499477 0.0479497 0.0461005 0.0441678 0.0417239 0.0382714 0.0334901 0.0274809 0.0208303
 0.00576072 0.00942501 0.0143166 0.0204467 0.0276698 0.0355671 0.0434143 0.0503544 0.0557 0.0591419 0.0607368 0.0607584 0.0595612 0.0575108 0.0549518 0.0521832 0.0494366 0.0468498 0.0444254 0.0419857 0.0391743 0.0355641 0.0308733 0.0251845 0.0190078
 0.00606321 0.00990525 0.0150183 0.021404 0.0289027 0.0370743 0.0451636 0.0522777 0.0576993 0.0611043 0.0625507 0.0623246 0.0607966 0.0583481 0.0553359 0.0520678 0.0487829 0.0456327 0.0426482 0.0397033 0.0365145 0.0327316 0.0281213 0.0227565 0.0170728
 0.00629133 0.0102784 0.0155836 0.0222058 0.0299727 0.0384172 0.0467441 0.0540187 0.0594969 0.0628513 0.064155 0.0637132 0.0619108 0.059136 0.0557478 0.0520548 0.0482989 0.044641 0.0411366 0.0377068 0.0341385 0.0301588 0.0255878 0.0204971 0.015257
 0.00650879 0.0106432 0.0161534 0.023041 0.031123 0.0399012 0.0485278 0.0560082 0.0615524 0.0648162 0.0658867 0.0651048 0.0628985 0.0596941 0.0558741 0.0517528 0.0475658 0.0434667 0.0395178 0.0356724 0.0317773 0.0276319 0.0231108 0.0182898 0.0134814
 0.00675407 0.0110395 0.016746 0.0238725 0.0322277 0.0412945 0.0501928 0.0578849 0.0635378 0.0667759 0.0676736 0.0665809 0.0639563 0.0602701 0.0559504 0.0513454 0.0467052 0.0421835 0.0378416 0.0336482 0.0294904 0.0252249 0.0207729 0.0162156 0.0118154
 0.00702261 0.0114692 0.0173798 0.0247452 0.0333598 0.0426822 0.0517978 0.0596324 0.0653266 0.0684964 0.0692218 0.0678644 0.064895 0.0607997 0.0560292 0.0509594 0.0458673 0.0409267 0.0362129 0.0317118 0.0273402 0.0229952 0.0186307 0.0143283 0.0103055
 0.00740812 0.0120799 0.0182681 0.025947 0.0348852 0.0445035 0.0538369 0.0617601 0.0673819 0.07032 0.070687 0.0688921 0.0654514 0.0608842 0.0556602 0.050164 0.0446779 0.0393821 0.0343637 0.0296275 0.025118 0.0207635 0.0165394 0.01252 0.00887835
 0.00764399 0.0124709 0.0188701 0.0268144 0.0360579 0.0459863 0.0555802 0.0636559 0.0692818 0.0720672 0.0721458 0.0699648 0.0660828 0.0610576 0.0553891 0.0494812 0.0436257 0.0380072 0.0327193 0.0277812 0.0231608 0.0188119 0.0147246 0.0109624 0.00765677
 0.00771664 0.0126114 0.0191234 0.0272384 0.0367122 0.0469126 0.0567824 0.0650887 0.0708533 0.0736532 0.07361 0.0711794 0.0669472 0.0615105 0.0554108 0.0490873 0.0428555 0.0369134 0.0313636 0.0262362 0.0215149 0.0171714 0.0132037 0.00966227 0.00664166
 0.0077526 0.0126698 0.0192131 0.0273726 0.036912 0.04721 0.0572176 0.0656998 0.0716594 0.0746367 0.0747082 0.072291 0.0679523 0.062295 0.0558878 0.0492083 0.0426118 0.0363301 0.0304914 0.0251457 0.0202938 0.0159202 0.0120262 0.00864798 0.00584684
 0.00808073 0.0131614 0.0198747 0.0281815 0.0378222 0.0481632 0.0581535 0.0665637 0.0724099 0.0752524 0.0751878 0.0726435 0.0681813 0.0623885 0.0558179 0.0489421 0.0421251 0.0356191 0.0295781 0.0240781 0.0191423 0.0147699 0.0109646 0.00774793 0.00515078
 0.00804996 0.0131349 0.019877 0.0282463 0.0379797 0.0484219 0.0584897 0.0669277 0.0727499 0.0755412 0.0754342 0.0728818 0.0684454 0.0626881 0.0561276 0.0492068 0.0422782 0.0356035 0.0293635 0.0236702 0.0185827 0.014127 0.0103176 0.00716846 0.0046865
 0.00783253 0.0128183 0.0194704 0.0277865 0.0375258 0.0480438 0.0582534 0.066881 0.0729085 0.0758813 0.0758997 0.0734055 0.0689742 0.0631943 0.0566013 0.0496377 0.0426412 0.0358599 0.0294748 0.0236161 0.0183732 0.0138033 0.00994045 0.00680081 0.00437607
 0.00769905 0.0125993 0.0191397 0.0273249 0.0369332 0.0473543 0.0575442 0.0662639 0.0725004 0.0757646 0.0760942 0.0738657 0.0696117 0.0639103 0.0573138 0.0502927 0.0432069 0.0363145 0.0297987 0.0237947 0.0184065 0.0137131 0.00976886 0.00659828 0.00418663
 0.00777387 0.0126935 0.0192301 0.0273713 0.0368872 0.0471753 0.0572164 0.0658076 0.0719731 0.0752525 0.0756927 0.0736535 0.0696264 0.064138 0.057698 0.0507565 0.0436771 0.0367346 0.0301313 0.0240188 0.0185164 0.0137197 0.00969878 0.00648744 0.0040698
 0.00787356 0.0128398 0.0194193 0.0275856 0.0370941 0.04733 0.0572678 0.0657092 0.0717 0.0748184 0.0751568 0.0731103 0.0691792 0.0638677 0.0576396 0.0508936 0.0439532 0.0370755 0.0304667 0.0242964 0.0187077 0.0138195 0.00972105 0.00645804 0.00401703
 0.00791782 0.0129186 0.0195494 0.0277837 0.0373691 0.047672 0.0576395 0.0660473 0.0719294 0.0748751 0.0750095 0.0727736 0.0687125 0.0633605 0.0571867 0.0505673 0.0437847 0.0370514 0.0305415 0.0244132 0.0188173 0.0138923 0.00974914 0.00644984 0.00398876
 0.00784638 0.0128008 0.0193707 0.0275337 0.0370486 0.0473015 0.0572628 0.0657239 0.0717141 0.0747949 0.0750524 0.0728957 0.0688611 0.0634989 0.0573076 0.05069 0.0439386 0.0372554 0.0307915 0.0246832 0.0190712 0.0140993 0.00989407 0.00653513 0.00402862
 0.00777831 0.012682 0.0191771 0.0272389 0.036631 0.0467562 0.0566138 0.0650285 0.0710565 0.0742675 0.0747316 0.0728209 0.0690238 0.0638481 0.0577712 0.0512009 0.0444518 0.0377498 0.0312587 0.025114 0.0194507 0.0144105 0.0101267 0.00669085 0.00412066
 0.00771725 0.0125921 0.0190581 0.0270938 0.0364616 0.0465576 0.0563729 0.0647301 0.0706957 0.0738621 0.074327 0.0724814 0.0688127 0.0638064 0.0579034 0.0514767 0.0448209 0.0381608 0.0316713 0.0255009 0.0197933 0.0146955 0.0103461 0.0068448 0.00421762
 0.00780602 0.0127197 0.0192195 0.0272742 0.0366411 0.0467177 0.0564997 0.0648121 0.0707176 0.0738033 0.0741684 0.0722193 0.0684714 0.0634372 0.0575704 0.0512338 0.044695 0.0381479 0.0317456 0.0256285 0.0199421 0.0148403 0.0104698 0.00693871 0.00428093
 0.00791844 0.0128857 0.0194374 0.0275296 0.0369088 0.0469661 0.0566966 0.0649303 0.0707412 0.0737311 0.0740124 0.0719977 0.0682025 0.0631393 0.0572669 0.0509554 0.0444742 0.0380084 0.0316931 0.0256501 0.0200128 0.0149324 0.0105606 0.00701396 0.00433502
 0.00793859 0.0129157 0.0194771 0.027576 0.0369553 0.0470026 0.0567101 0.0649081 0.0706755 0.0736237 0.0738758 0.071852 0.0680676 0.0630284 0.0571846 0.0509016 0.0444502 0.0380186 0.0317418 0.0257357 0.0201249 0.015054 0.010674 0.00710646 0.00440168
 0.00796107 0.0129584 0.0195522 0.0276972 0.0371328 0.0472358 0.0569815 0.0651831 0.0709099 0.0737761 0.0739195 0.0717813 0.0678979 0.0627903 0.0569143 0.0506325 0.0442076 0.0378194 0.0315956 0.0256452 0.0200854 0.0150541 0.010698 0.0071391 0.00443193
 0.00781181 0.0127367 0.0192585 0.0273478 0.0367583 0.0468759 0.0566797 0.0649796 0.0708329 0.0738325 0.0740906 0.0720279 0.0681733 0.0630543 0.0571423 0.0508174 0.0443554 0.0379419 0.031705 0.0257498 0.0201882 0.0151528 0.0107872 0.00721294 0.00448711
 0.00776991 0.0126604 0.0191294 0.0271471 0.0364744 0.0465162 0.0562783 0.0645942 0.0705293 0.0736626 0.0740769 0.0721592 0.0684123 0.0633516 0.0574502 0.0511003 0.0445947 0.038135 0.0318593 0.0258763 0.0202961 0.0152466 0.0108672 0.00727752 0.0045351
 0.00772205 0.0125825 0.0190115 0.0269786 0.0362448 0.046218 0.0559117 0.0641744 0.070091 0.0732594 0.073771 0.0720044 0.0684363 0.0635462 0.057775 0.0514978 0.0450076 0.0385203 0.0321931 0.0261515 0.0205159 0.0154179 0.0109971 0.00737207 0.0045999
 0.00769598 0.0125352 0.0189314 0.0268519 0.0360592 0.0459669 0.0555992 0.063816 0.0697109 0.0728872 0.07344 0.0717511 0.0682968 0.063548 0.057926 0.0517798 0.0453797 0.0389305 0.0325932 0.0265074 0.0208103 0.0156475 0.0111668 0.00749083 0.00467807
 0.00769481 0.012523 0.0188939 0.026769 0.0359097 0.045736 0.0552859 0.0634361 0.0692948 0.0724734 0.0730682 0.0714569 0.0681087 0.0634858 0.0579996 0.0519855 0.0456977 0.0393248 0.0330183 0.026918 0.0211716 0.0159402 0.0113866 0.00764415 0.00477733
 0.00773365 0.0125784 0.0189622 0.02684 0.0359664 0.0457568 0.0552477 0.0633192 0.0690895 0.0721866 0.0727251 0.0710975 0.0677787 0.0632271 0.0578433 0.0519484 0.0457806 0.039512 0.0332794 0.0272139 0.021463 0.0161961 0.0115897 0.00779082 0.00487401
 0.007785 0.0126586 0.0190761 0.0269883 0.0361442 0.0459508 0.0554348 0.0634678 0.0691653 0.0721616 0.0725868 0.0708539 0.0674585 0.0628742 0.0575072 0.0516743 0.0456002 0.0394386 0.0333063 0.0273177 0.0216107 0.016354 0.0117315 0.00790211 0.00495151
 0.00763734 0.0124493 0.0188181 0.0267135 0.0358941 0.0457629 0.0553303 0.0634479 0.0692148 0.0722552 0.0726957 0.0709513 0.0675247 0.0629019 0.057504 0.0516609 0.0456034 0.0394819 0.0334017 0.0274615 0.0217852 0.0165344 0.0118944 0.00803201 0.00504368
 0.0077141 0.0125538 0.0189395 0.0268322 0.0359924 0.0458373 0.0553979 0.063539 0.0693533 0.0724394 0.0728924 0.0711078 0.0675917 0.062852 0.0573404 0.0514125 0.0453146 0.0392002 0.0331663 0.0272954 0.0216923 0.0165024 0.0119022 0.00805828 0.00507245
 0.00769853 0.0125324 0.0189133 0.0268024 0.0359567 0.0457875 0.0553217 0.0634286 0.0692165 0.0723056 0.0728041 0.0711001 0.0676714 0.0629926 0.057495 0.0515369 0.045386 0.0392215 0.0331588 0.0272848 0.0216969 0.0165281 0.0119434 0.00810408 0.00511306
 0.00764843 0.0124628 0.0188307 0.0267203 0.0358924 0.0457552 0.0553266 0.0634636 0.0692645 0.072346 0.072823 0.0710978 0.0676632 0.0629987 0.0575265 0.0515886 0.0454397 0.0392594 0.0331737 0.0272829 0.0216912 0.0165296 0.0119558 0.00812434 0.00513504
 0.0075865 0.0123679 0.0186993 0.026555 0.0357031 0.0455604 0.0551523 0.0633387 0.0692117 0.0723723 0.0729155 0.0712292 0.0678041 0.0631298 0.0576424 0.0516928 0.0455361 0.0393464 0.0332463 0.027338 0.0217307 0.016559 0.0119807 0.00814702 0.00515508
 0.00755623 0.0123178 0.0186227 0.0264457 0.035558 0.0453826 0.0549541 0.0631423 0.0690452 0.0722629 0.0728812 0.0712733 0.0679139 0.0632812 0.0578091 0.0518543 0.0456811 0.0394714 0.033351 0.0274227 0.0217966 0.0166087 0.0120176 0.00817464 0.00517553
 0.00757251 0.0123396 0.0186465 0.026465 0.0355636 0.0453654 0.0549073 0.0630636 0.0689391 0.0721411 0.0727618 0.0711769 0.0678578 0.0632736 0.0578464 0.0519234 0.0457654 0.0395563 0.0334271 0.027486 0.0218463 0.0166462 0.0120451 0.00819443 0.00518955
 0.00748913 0.0122111 0.0184663 0.0262318 0.035282 0.0450457 0.0545662 0.0627248 0.0686309 0.0718926 0.0725979 0.0711147 0.067904 0.0634238 0.0580852 0.0522264 0.0461025 0.0398969 0.0337453 0.0277636 0.0220741 0.0168224 0.0121738 0.00828273 0.0052463
 0.00751416 0.0122387 0.0184839 0.0262202 0.035221 0.0449224 0.0543823 0.0624967 0.0683841 0.0716531 0.0723875 0.0709495 0.067797 0.0633848 0.0581197 0.0523323 0.0462685 0.0401034 0.0339681 0.0279792 0.0222644 0.016977 0.0122899 0.00836361 0.00529842
 0.00765657 0.0124514 0.0187681 0.0265619 0.0355915 0.0452817 0.0546839 0.0626946 0.0684436 0.0715621 0.0721607 0.0706245 0.0674218 0.0630066 0.0577772 0.0520525 0.0460655 0.0399785 0.0339112 0.0279724 0.0222874 0.0170121 0.0123246 0.00839163 0.00531806
 0.00778743 0.0126597 0.0190722 0.0269724 0.0361057 0.0458758 0.0553077 0.0632744 0.0688972 0.0718209 0.0721888 0.0704259 0.0670355 0.0624942 0.0572073 0.0514881 0.0455551 0.0395522 0.0335806 0.0277342 0.0221276 0.0169118 0.0122656 0.00835883 0.00530076
 0.00777161 0.012651 0.0190905 0.0270472 0.0362685 0.0461483 0.05569 0.0637394 0.0693941 0.0722845 0.0725526 0.0706358 0.0670618 0.0623385 0.0569014 0.0510848 0.0451147 0.0391288 0.0332133 0.0274429 0.0219151 0.0167688 0.0121764 0.00830711 0.00527284
 0.00725655 0.0118503 0.0179573 0.0255718 0.0344903 0.0441685 0.0536784 0.0619224 0.0680099 0.0715208 0.0724943 0.0712478 0.0682098 0.0638321 0.0585438 0.0527121 0.0466169 0.0404503 0.0343386 0.0283779 0.0226726 0.0173621 0.0126198 0.00861887 0.00547636
 0.00701975 0.0114446 0.0173099 0.0246066 0.0331507 0.0424514 0.0516658 0.0597882 0.0659927 0.0698717 0.0714225 0.0708805 0.0685709 0.0648428 0.0600433 0.0544964 0.0484842 0.042237 0.0359372 0.0297343 0.0237723 0.0182146 0.0132483 0.0090554 0.00575885
 0.00691605 0.0112586 0.016996 0.0241065 0.0324008 0.0413983 0.0502881 0.0581176 0.0641271 0.067976 0.0697108 0.0695795 0.0678703 0.0648483 0.0607501 0.0557921 0.0501792 0.0441122 0.037791 0.0314152 0.0251901 0.0193351 0.0140792 0.00963153 0.00613004
 0.00691791 0.0112685 0.0170213 0.0241518 0.0324579 0.0414336 0.0502357 0.0578867 0.0636277 0.0671556 0.0685891 0.0682636 0.066544 0.0637321 0.0600435 0.0556174 0.0505484 0.04493 0.0388903 0.0326097 0.0263204 0.0202958 0.0148235 0.0101605 0.00647511
 0.00693025 0.011304 0.0171029 0.0243103 0.0327226 0.0418179 0.0507213 0.058413 0.0640941 0.0674367 0.0685636 0.0678535 0.0657507 0.062656 0.0588694 0.0545662 0.0498111 0.0446108 0.0389835 0.0330164 0.0268954 0.0208982 0.0153525 0.0105667 0.006753
 0.0070467 0.0114825 0.0173524 0.0246343 0.0331221 0.0422939 0.0512723 0.0590279 0.0647395 0.0680475 0.0690434 0.0680891 0.0656432 0.0621587 0.0580188 0.0534885 0.0486937 0.0436468 0.0383109 0.0326812 0.0268526 0.0210469 0.0155823 0.0107932 0.00693142
 0.00704527 0.0114896 0.0173801 0.0246989 0.0332395 0.0424729 0.051511 0.0593151 0.065062 0.0683939 0.0693991 0.0684236 0.0659002 0.0622622 0.0579003 0.0531239 0.0481288 0.0429926 0.0377063 0.0322402 0.0266253 0.0210126 0.0156742 0.0109353 0.00706696
 0.00711766 0.0116148 0.0175824 0.0250049 0.0336719 0.0430393 0.0521936 0.0600666 0.0658122 0.0690655 0.0699254 0.0687603 0.0660267 0.0621736 0.0575972 0.052611 0.0474285 0.0421611 0.0368366 0.0314417 0.0259883 0.0205784 0.0154295 0.0108303 0.00704267
 0.00708575 0.0115618 0.017502 0.0248944 0.0335373 0.042902 0.052092 0.0600503 0.0659258 0.0693292 0.0703231 0.0692411 0.0665195 0.062605 0.0579057 0.0527548 0.0473897 0.0419506 0.0364977 0.0310446 0.0256113 0.0202826 0.0152404 0.0107377 0.0070156
 0.0070109 0.011443 0.0173286 0.0246589 0.0332375 0.0425443 0.0516972 0.0596568 0.0655885 0.0691114 0.0702802 0.0694033 0.0668774 0.0631074 0.0584714 0.0532939 0.0478253 0.0422358 0.0366239 0.0310401 0.0255287 0.020179 0.0151579 0.0106934 0.00700504
 0.00699119 0.0114132 0.0172878 0.0246068 0.0331734 0.0424662 0.0516008 0.0595379 0.0654469 0.0689561 0.0701337 0.0693001 0.0668556 0.0631936 0.0586664 0.0535661 0.0481188 0.0424889 0.0367909 0.0311054 0.0255088 0.0201105 0.0150797 0.0106319 0.00696931
 0.00697628 0.0113785 0.0172166 0.0244787 0.0329707 0.0421838 0.0512538 0.0591607 0.0650838 0.0686479 0.069909 0.0691749 0.0668383 0.0632895 0.0588754 0.0538762 0.0484993 0.0428922 0.0371633 0.0314043 0.0257154 0.0202319 0.01514 0.0106582 0.00698158
 0.00696819 0.0113678 0.017204 0.024464 0.0329494 0.0421441 0.0511771 0.0590273 0.0648839 0.0683909 0.0696252 0.0689071 0.0666289 0.0631699 0.0588621 0.0539711 0.0486897 0.0431505 0.03745 0.0316767 0.0259394 0.020392 0.0152395 0.0107126 0.00700862
 0.00705098 0.0114969 0.0173879 0.0247061 0.0332469 0.0424852 0.0515378 0.05937 0.0651602 0.0685511 0.0696324 0.0687505 0.0663304 0.0627796 0.0584443 0.0535867 0.0483819 0.0429379 0.037327 0.0316199 0.0259191 0.0203829 0.0152278 0.0106959 0.00699076
 0.00699271 0.011399 0.0172356 0.0244857 0.0329516 0.0421228 0.0511368 0.058978 0.0648327 0.068334 0.0695471 0.0687883 0.0664596 0.0629606 0.0586463 0.0537963 0.0486018 0.0431762 0.0375856 0.0318885 0.0261773 0.0206082 0.0154048 0.0108206 0.00706957
 0.00691347 0.0112782 0.0170684 0.0242715 0.0326927 0.0418226 0.0508005 0.0586168 0.0644687 0.068002 0.0692891 0.0686426 0.066447 0.0630771 0.0588655 0.0540817 0.0489204 0.0435064 0.0379154 0.0322088 0.0264758 0.0208698 0.0156163 0.0109762 0.00717305
 0.00692626 0.0112989 0.017099 0.024314 0.0327475 0.0418873 0.050868 0.0586735 0.0644952 0.0679776 0.0692002 0.0684915 0.0662553 0.0628802 0.0586998 0.0539719 0.0488739 0.043517 0.0379706 0.0322951 0.0265796 0.0209774 0.0157146 0.0110557 0.0072298
#obs surv len freq
 nan nan nan nan nan nan nan nan nan nan nan nan nan nan nan nan nan nan nan nan nan nan nan nan nan
 0.00448449 0.00734587 0.011176 0.0159927 0.021694 0.0279701 0.0342847 0.0400163 0.0446957 0.0481591 0.0505163 0.0520114 0.0529029 0.0534146 0.0537283 0.0539827 0.054261 0.0545535 0.0546922 0.054284 0.0527221 0.0493543 0.0438043 0.0362847 0.0276687
 0.00461335 0.00755748 0.0114981 0.0164514 0.0223073 0.0287384 0.0351805 0.0409818 0.0456512 0.049018 0.0512022 0.052469 0.0531039 0.0533576 0.0534349 0.0534897 0.0536114 0.0537899 0.0538534 0.053407 0.0518454 0.0485209 0.0430585 0.0356643 0.0271945
 0.00477556 0.00782274 0.0119003 0.0170231 0.0230738 0.0297074 0.0363311 0.0422592 0.0469712 0.0502808 0.0523065 0.053325 0.053643 0.0535397 0.0532515 0.0529623 0.052785 0.0527235 0.052613 0.0520627 0.0504723 0.0471992 0.0418678 0.0346701 0.0264333
 0.0049726 0.0081439 0.0123852 0.0177094 0.0239899 0.0308615 0.0376995 0.0437816 0.048558 0.0518277 0.0537089 0.0544864 0.0544793 0.0539845 0.0532621 0.0525253 0.0519187 0.0514771 0.0510618 0.0503039 0.0486214 0.0453835 0.0402132 0.0332797 0.0253647
 0.00517774 0.00848183 0.012902 0.0184509 0.0249926 0.0321385 0.0392262 0.0454906 0.0503491 0.0535865 0.0553245 0.0558601 0.0555268 0.0546347 0.0534581 0.0522287 0.0511165 0.0501892 0.049348 0.0482667 0.0464034 0.0431558 0.0381512 0.0315293 0.0240111
 0.00541622 0.00887039 0.0134886 0.0192813 0.0261024 0.0335403 0.0408952 0.0473585 0.0523119 0.0555229 0.0571138 0.0573946 0.0567163 0.0554068 0.0537557 0.0520084 0.0503509 0.0488763 0.0475251 0.0460251 0.0438942 0.04058 0.0357277 0.0294482 0.0223892
 0.00565229 0.00925872 0.0140815 0.0201302 0.0272481 0.0349969 0.0426344 0.0493047 0.0543535 0.0575342 0.0589749 0.0590011 0.057981 0.0562578 0.054134 0.0518661 0.0496524 0.0476054 0.0457009 0.0437218 0.041257 0.0378202 0.0330903 0.0271559 0.0205865
 0.00589374 0.00965377 0.014681 0.0209837 0.028395 0.0364525 0.0443742 0.0512579 0.0564117 0.0595709 0.0608656 0.0606365 0.0592717 0.057134 0.0545416 0.0517613 0.0489997 0.0463826 0.0439148 0.0414316 0.0385955 0.034996 0.0303573 0.0247552 0.0186823
 0.00611495 0.010019 0.0152412 0.02179 0.029489 0.0378506 0.0460519 0.0531443 0.0584003 0.06154 0.0626976 0.0622285 0.0605385 0.0580073 0.0549677 0.0516973 0.0484111 0.045246 0.0422306 0.0392473 0.0360293 0.0322436 0.0276672 0.0223708 0.0167762
 0.006368 0.0104293 0.0158568 0.0226552 0.0306365 0.0392888 0.0477512 0.0550315 0.0603673 0.0634638 0.0644599 0.0637282 0.0616972 0.0587678 0.0552893 0.0515502 0.0477708 0.0440954 0.0405709 0.0371197 0.0335393 0.0295717 0.0250479 0.0200394 0.014904
 0.00660956 0.0108273 0.0164652 0.0235262 0.0318094 0.0407714 0.0495036 0.0569619 0.0623483 0.0653594 0.06615 0.0651199 0.0627248 0.0593888 0.0554778 0.0512903 0.0470522 0.0429122 0.0389305 0.0350621 0.0311599 0.0270332 0.0225641 0.0178275 0.0131245
 0.00684175 0.0112081 0.0170445 0.0243528 0.0329212 0.0421806 0.05118 0.0588264 0.0642819 0.067225 0.0678159 0.0664774 0.0636973 0.0599324 0.0555759 0.0509439 0.0462696 0.0417049 0.0373188 0.0330904 0.0289176 0.0246661 0.0202621 0.0157837 0.0114816
 0.00709059 0.0116149 0.0176605 0.0252261 0.0340864 0.0436424 0.0528977 0.0607093 0.0662026 0.0690446 0.0694071 0.0677385 0.064557 0.0603501 0.055539 0.0504617 0.0453652 0.0404088 0.0356688 0.0311422 0.0267605 0.0224329 0.0181196 0.0138985 0.00997497
 0.00727894 0.0119298 0.0181506 0.0259417 0.0350688 0.0449067 0.0544158 0.0624041 0.0679592 0.0707328 0.0709039 0.0689424 0.0653942 0.060776 0.0555359 0.0500343 0.0445353 0.0392105 0.0341481 0.0293621 0.0248111 0.0204367 0.0162223 0.0122412 0.00865737
 0.00743723 0.0121872 0.0185386 0.0264912 0.0358057 0.0458448 0.0555466 0.0636906 0.069336 0.0721136 0.0721924 0.0700439 0.0662266 0.0612774 0.0556696 0.0497879 0.0439176 0.0382479 0.0328836 0.0278583 0.023155 0.018741 0.0146152 0.0108427 0.00754932
 0.00751268 0.0123139 0.0187369 0.0267833 0.0362122 0.0463789 0.0562086 0.064465 0.0701947 0.0730199 0.0731032 0.0709086 0.0669865 0.0618689 0.0560317 0.0498719 0.0436945 0.037713 0.032058 0.0267905 0.0219211 0.017442 0.0133644 0.00974453 0.00667525
 0.00761841 0.0124746 0.0189584 0.027065 0.0365493 0.0467662 0.0566418 0.0649398 0.0707045 0.0735542 0.0736472 0.0714423 0.067484 0.0622967 0.0563484 0.0500313 0.0436532 0.0374401 0.0315455 0.02606 0.0210271 0.0164666 0.0124045 0.0088907 0.00599049
 0.00765309 0.0125318 0.0190457 0.027189 0.0367133 0.0469674 0.0568704 0.0651818 0.0709485 0.0737982 0.0738992 0.0717143 0.0677816 0.0626109 0.0566524 0.0502835 0.043804 0.0374426 0.0313669 0.0256936 0.0204989 0.0158342 0.0117452 0.00828242 0.00549093
 0.0077261 0.0126382 0.0191831 0.0273479 0.036881 0.0471327 0.0570272 0.0653292 0.071087 0.0739277 0.0740194 0.0718279 0.067895 0.0627318 0.0567827 0.0504123 0.0439052 0.0374788 0.0313005 0.0255006 0.0201805 0.0154211 0.0112912 0.007848 0.00512509
 0.00775038 0.012679 0.0192466 0.027439 0.0370002 0.0472731 0.0571733 0.06546 0.0711849 0.0739861 0.0740462 0.0718402 0.0679116 0.062766 0.0568397 0.0504879 0.043985 0.0375385 0.0313099 0.0254328 0.0200232 0.0151847 0.0110078 0.00756069 0.00487328
 0.00781463 0.0127734 0.0193702 0.0275848 0.0371581 0.0474332 0.0573278 0.0656025 0.0713071 0.0740775 0.0740963 0.0718443 0.0678748 0.0627028 0.0567689 0.0504252 0.0439364 0.0374981 0.0312616 0.0253562 0.019903 0.0150191 0.0108112 0.0073592 0.0046937
 0.00784805 0.0128272 0.0194495 0.0276928 0.0372936 0.0475885 0.0574878 0.0657473 0.0714187 0.0741458 0.0741214 0.0718332 0.0678365 0.0626457 0.0567006 0.0503536 0.0438687 0.0374371 0.0312032 0.0252903 0.0198183 0.0149103 0.0106833 0.00722614 0.00457265
 0.00787491 0.0128699 0.019512 0.0277781 0.037403 0.0477209 0.0576379 0.0659044 0.0715674 0.0742685 0.0742029 0.071865 0.0678187 0.0625864 0.0566123 0.0502496 0.0437605 0.0373326 0.0311054 0.0251972 0.019725 0.0148128 0.0105821 0.00712741 0.00448519
 0.00788503 0.0128809 0.0195189 0.0277736 0.0373807 0.0476793 0.0575837 0.0658518 0.0715334 0.0742662 0.0742364 0.0719281 0.0678979 0.0626658 0.0566793 0.0502976 0.0437887 0.0373437 0.0311028 0.0251829 0.0196993 0.0147757 0.0105355 0.00707632 0.00443633
 0.00786646 0.012849 0.0194674 0.0276959 0.0372709 0.0475349 0.0574091 0.0656602 0.0713464 0.0741106 0.0741383 0.0719056 0.0679556 0.0627931 0.0568536 0.0504917 0.0439782 0.0375116 0.0312401 0.0252866 0.01977 0.0148163 0.010551 0.00707371 0.00442356
 0.00787882 0.0128619 0.0194737 0.0276841 0.0372282 0.0474518 0.0572832 0.065498 0.0711622 0.073924 0.0739714 0.0717807 0.0678914 0.0628001 0.0569309 0.0506258 0.0441469 0.03769 0.0314067 0.0254268 0.019877 0.0148894 0.0105943 0.00709399 0.00442877
 0.00789726 0.0128917 0.0195175 0.0277428 0.0372987 0.0475249 0.0573429 0.0655243 0.0711378 0.0738416 0.0738381 0.0716169 0.0677247 0.0626585 0.0568359 0.0505883 0.0441651 0.0377513 0.031492 0.0255168 0.0199564 0.0149498 0.0106338 0.00711543 0.00443738
 0.00789234 0.0128847 0.019509 0.0277343 0.0372926 0.0475239 0.0573487 0.0655365 0.0711513 0.0738475 0.0738254 0.0715779 0.0676597 0.0625778 0.056757 0.0505302 0.0441415 0.0377662 0.0315395 0.0255836 0.0200272 0.0150122 0.0106809 0.0071459 0.00445412
 0.00786488 0.0128378 0.0194348 0.027625 0.0371441 0.0473398 0.0571438 0.0653354 0.0709829 0.0737356 0.0737812 0.0715976 0.0677283 0.0626756 0.0568677 0.0506451 0.0442595 0.0378897 0.0316687 0.025714 0.0201504 0.0151187 0.0107641 0.00720439 0.00449079
 0.00785631 0.0128214 0.0194052 0.0275755 0.0370673 0.0472301 0.0570002 0.0651642 0.0707985 0.0735591 0.073637 0.0715065 0.067702 0.0627129 0.0569562 0.050767 0.0443981 0.0380332 0.0318104 0.0258495 0.0202746 0.0152261 0.01085 0.00726691 0.00453183
 0.00782604 0.0127719 0.0193303 0.0274695 0.0369263 0.0470542 0.0567954 0.0649429 0.070578 0.0733588 0.0734756 0.0714008 0.0676642 0.0627488 0.0570626 0.0509313 0.0446008 0.038253 0.0320287 0.0260523 0.0204528 0.015374 0.0109651 0.00735001 0.00458676
 0.00777748 0.0126947 0.0192175 0.027316 0.0367305 0.0468195 0.0565323 0.0646693 0.0703166 0.0731328 0.0733047 0.0712987 0.0676384 0.0628011 0.057189 0.0511218 0.0448397 0.03852 0.0323017 0.0263111 0.0206818 0.0155635 0.0111114 0.00745482 0.00465588
 0.00775182 0.012649 0.0191415 0.0271983 0.0365616 0.0465967 0.056264 0.0643755 0.0700249 0.0728719 0.0730984 0.0711636 0.0675831 0.0628274 0.0572929 0.0512941 0.0450668 0.0387839 0.0325815 0.0265851 0.0209308 0.0157736 0.0112757 0.00757336 0.0047344
 0.00774186 0.0126289 0.019104 0.0271335 0.0364589 0.0464479 0.0560669 0.0641364 0.0697594 0.0726029 0.0728531 0.0709681 0.0674584 0.0627853 0.0573356 0.0514153 0.0452534 0.0390184 0.032843 0.0268513 0.0211805 0.0159899 0.0114483 0.00769983 0.00481912
 0.00769219 0.0125535 0.0190002 0.0270021 0.0363026 0.0462704 0.0558718 0.0639283 0.0695451 0.0723926 0.0726607 0.0708104 0.0673524 0.0627458 0.0573712 0.0515268 0.0454332 0.0392514 0.0331089 0.0271273 0.0214439 0.0162215 0.0116357 0.00783885 0.00491319
 0.00768865 0.0125414 0.0189706 0.0269435 0.0362049 0.0461302 0.0556961 0.0637336 0.0693515 0.0722164 0.0725106 0.0706893 0.0672623 0.0626914 0.0573604 0.051568 0.0455305 0.0394019 0.0333015 0.027344 0.0216634 0.0164236 0.0118052 0.00796814 0.00500266
 0.00765484 0.012493 0.0189095 0.0268743 0.0361322 0.0460544 0.0556126 0.0636347 0.0692326 0.0720813 0.0723718 0.0705637 0.0671647 0.0626308 0.0573409 0.0515911 0.0455972 0.0395114 0.0334487 0.0275179 0.0218478 0.0166002 0.0119584 0.00808826 0.00508769
 0.00763518 0.0124598 0.0188576 0.0267993 0.0360329 0.0459352 0.0554846 0.0635129 0.0691301 0.072003 0.0723145 0.07052 0.0671299 0.0626063 0.0573332 0.0516077 0.0456439 0.0395907 0.0335589 0.0276526 0.0219957 0.016747 0.0120899 0.00819445 0.0051648
 0.00761942 0.0124366 0.0188268 0.026762 0.0359898 0.0458862 0.0554282 0.0634483 0.0690587 0.0719303 0.0722479 0.0704659 0.0670908 0.0625812 0.0573204 0.0516079 0.0456609 0.0396291 0.0336215 0.0277379 0.0220973 0.0168541 0.0121908 0.00827941 0.00522867
 0.0076071 0.0124157 0.0187942 0.0267146 0.0359261 0.045808 0.055341 0.0633608 0.0689796 0.0718659 0.0722006 0.0704354 0.0670761 0.0625814 0.0573343 0.0516344 0.0456993 0.0396798 0.0336857 0.0278154 0.0221848 0.0169453 0.012277 0.00835285 0.00528474
 0.00759393 0.0123958 0.0187667 0.0266794 0.0358837 0.0457584 0.0552846 0.0632985 0.0689144 0.0718028 0.0721457 0.0703943 0.0670521 0.0625751 0.0573442 0.0516583 0.0457352 0.0397264 0.0337422 0.0278807 0.0222566 0.0170192 0.0123471 0.0084132 0.00533152
 0.00756466 0.0123509 0.0187044 0.0266001 0.0357901 0.0456557 0.05518 0.0632004 0.0688311 0.0717401 0.0721066 0.0703792 0.0670598 0.0626037 0.0573913 0.0517205 0.0458087 0.0398075 0.0338275 0.0279676 0.0223422 0.0170999 0.012419 0.00847268 0.00537651
 0.00756989 0.0123549 0.0187023 0.0265848 0.0357547 0.0455966 0.0550995 0.0631072 0.0687371 0.071657 0.0720424 0.0703375 0.0670407 0.0626052 0.0574109 0.0517558 0.045857 0.0398659 0.033893 0.0280368 0.0224117 0.017166 0.012478 0.00852151 0.00541356
 0.00755096 0.0123308 0.0186779 0.0265678 0.0357521 0.0456099 0.0551223 0.0631264 0.0687391 0.0716342 0.0719972 0.0702797 0.066983 0.0625582 0.0573806 0.051744 0.0458627 0.0398867 0.0339259 0.0280783 0.0224578 0.0172128 0.0125214 0.00855839 0.00544205
 0.00753015 0.0122957 0.0186233 0.0264897 0.0356502 0.0454912 0.0550015 0.0630233 0.0686706 0.0716073 0.0720062 0.0703112 0.0670237 0.0626008 0.0574243 0.0517916 0.0459169 0.0399483 0.0339931 0.0281479 0.022526 0.0172756 0.0125756 0.00860178 0.005474
 0.00750366 0.012252 0.0185562 0.0263933 0.0355202 0.0453273 0.0548107 0.0628209 0.0684797 0.0714537 0.0719114 0.0702865 0.0670665 0.0626971 0.0575549 0.0519386 0.0460679 0.040096 0.0341335 0.0282778 0.0226422 0.0173749 0.0126558 0.00866246 0.00551649
 0.00749973 0.0122451 0.0185447 0.0263749 0.0354915 0.0452844 0.0547493 0.0627382 0.0683762 0.0713354 0.0717909 0.0701807 0.0669929 0.0626678 0.0575727 0.0519971 0.046155 0.0401983 0.0342402 0.0283811 0.0227368 0.0174571 0.0127231 0.00871385 0.00555274
 0.00750485 0.0122525 0.0185542 0.0263854 0.0355013 0.0452908 0.0547491 0.0627273 0.0683502 0.0712908 0.0717265 0.0701004 0.0669058 0.0625874 0.0575134 0.0519692 0.0461615 0.0402352 0.0342983 0.0284499 0.022807 0.0175217 0.0127778 0.00875638 0.00558311
 0.00749952 0.0122473 0.0185527 0.0263926 0.0355221 0.0453272 0.0547982 0.0627811 0.0683978 0.0713212 0.0717318 0.0700769 0.066855 0.0625159 0.0574326 0.0518928 0.0461023 0.0402012 0.0342909 0.0284648 0.0228363 0.0175571 0.0128122 0.00878552 0.00560501
 0.00749952 0.0122473 0.0185527 0.0263926 0.0355221 0.0453272 0.0547982 0.0627811 0.0683978 0.0713212 0.0717318 0.0700769 0.066855 0.0625159 0.0574326 0.0518928 0.0461023 0.0402012 0.0342909 0.0284648 0.0228363 0.0175571 0.0128122 0.00878552 0.00560501
 0.0071013 0.0116142 0.0176295 0.0251463 0.0339579 0.0435093 0.0528645 0.0609348 0.0668659 0.0702954 0.0713196 0.0702849 0.067604 0.063673 0.058846 0.0534206 0.047629 0.0416434 0.0355936 0.0295943 0.0237746 0.0182996 0.0133672 0.00917388 0.00585708
 0.00705215 0.0114894 0.0173591 0.0246379 0.0331211 0.0422933 0.0512947 0.0591262 0.0650063 0.0686054 0.0700082 0.0695094 0.0674428 0.0641148 0.0597991 0.0547399 0.049151 0.0432159 0.0370951 0.0309398 0.0249134 0.0192099 0.0140515 0.00965417 0.00616937
 0.00697277 0.0113698 0.0171931 0.0244167 0.0328229 0.0418739 0.050689 0.0582694 0.0638712 0.0672397 0.0685471 0.0681536 0.0664062 0.0635667 0.0598214 0.055313 0.0501686 0.0445195 0.0385133 0.0323215 0.0261468 0.020229 0.014833 0.0102092 0.00653281
 0.00703302 0.0114647 0.0173299 0.0245992 0.0330484 0.0421281 0.0509384 0.0584542 0.0639065 0.0670317 0.0680258 0.0673132 0.0653316 0.0624263 0.0588232 0.0546397 0.0499228 0.0447013 0.0390345 0.0330444 0.0269286 0.0209547 0.0154317 0.0106548 0.00683332
 0.00707628 0.0115525 0.0174937 0.0248764 0.0334707 0.0427034 0.0516352 0.0591988 0.0645952 0.0675507 0.068271 0.0672065 0.0648414 0.0615876 0.0577487 0.0535042 0.0489182 0.0439791 0.038663 0.0329998 0.0271199 0.0212663 0.0157621 0.0109378 0.00704137
 0.00713104 0.0116451 0.0176405 0.0250977 0.0337888 0.0431386 0.0521975 0.0598778 0.0653505 0.0683085 0.06893 0.0676545 0.0649797 0.061358 0.0571548 0.0526222 0.0478875 0.0429694 0.037826 0.0324257 0.0268198 0.0211858 0.015816 0.0110458 0.00714876
 0.00710209 0.0116105 0.017612 0.0250949 0.0338364 0.04326 0.0524098 0.0601894 0.0657604 0.0688035 0.0694789 0.0682022 0.065447 0.0616543 0.0572027 0.0523865 0.0473957 0.0423121 0.0371319 0.0318199 0.0263835 0.0209383 0.0157239 0.0110503 0.00719404
 0.00715108 0.0116849 0.0177145 0.0252263 0.0339969 0.043452 0.0526381 0.0604592 0.0660734 0.0691541 0.0698527 0.0685756 0.0657861 0.0619142 0.0573302 0.0523318 0.0471327 0.0418577 0.0365518 0.0312117 0.0258443 0.020532 0.0154666 0.0109179 0.00714405
 0.00713258 0.0116617 0.0176923 0.0252141 0.0340048 0.0434871 0.0527027 0.0605516 0.0661926 0.0693034 0.0700386 0.0688021 0.0660474 0.0621887 0.0575795 0.0525068 0.0471862 0.0417621 0.0363139 0.0308767 0.0254816 0.0202092 0.0152264 0.0107689 0.00706898
 0.00703379 0.0114981 0.0174421 0.024859 0.0335384 0.0429263 0.0520948 0.0599713 0.0657235 0.069015 0.0699695 0.0689564 0.0664008 0.0626971 0.058185 0.0531413 0.0477788 0.0422505 0.0366592 0.0310737 0.025558 0.0202124 0.0152027 0.010749 0.00706337
 0.00707372 0.0115544 0.0175097 0.0249253 0.0335834 0.0429252 0.0520235 0.059814 0.0654827 0.0687176 0.0696647 0.0687032 0.0662506 0.062679 0.058299 0.0533607 0.0480566 0.0425307 0.0368908 0.0312242 0.0256222 0.0202095 0.0151645 0.0107047 0.00703007
 0.00701578 0.0114665 0.0173892 0.0247734 0.0334041 0.0427231 0.0518027 0.0595779 0.0652352 0.0684661 0.0694237 0.0684972 0.0661126 0.0626432 0.0583892 0.0535795 0.0483809 0.0429152 0.0372799 0.0315672 0.0258867 0.0203875 0.015269 0.0107586 0.00705559
 0.00698945 0.0114175 0.0173043 0.0246379 0.0332068 0.0424635 0.0514958 0.0592529 0.0649262 0.0682007 0.0692161 0.0683505 0.0660269 0.0626234 0.0584472 0.053728 0.0486228 0.0432356 0.0376447 0.0319313 0.026208 0.0206393 0.0154447 0.0108685 0.00711791
 0.00702423 0.0114722 0.0173824 0.0247391 0.0333242 0.0425813 0.0515893 0.0592936 0.0648912 0.0680829 0.0690276 0.0681172 0.0657796 0.0623902 0.058252 0.0535911 0.0485606 0.0432552 0.0377383 0.0320758 0.0263706 0.0207889 0.0155615 0.010947 0.00716382
