SBPRF35
12.7214
Curr Bio
782636
B35
853046
F35
0.16806
FOFL
0.151223
OFL
96526.5
Bzero
3.63469e+006
#pred survey bio
 3.16455e+006 2.77455e+006 2.52249e+006 2.26696e+006 2.03232e+006 1.79245e+006 1.60063e+006 1.43318e+006 1.25025e+006 1.14025e+006 1.00348e+006 895558 813600 734156 666233 643514 623595 590763 563654 556532 553238 553987 545383 563608 561106 557792 565882 564810 589260 599162 618458 624312 623067 628732 634007 638229 648207 654372 657032 662075 674966 682881 678282 683447 694926 699549 699418 708306 720261 752447 782507 829029 876510 922040 935250 935357 931278 922052 918505 892523 864253 833325 800485 787750 2.71798e+007 1.60354e+007 1.61564e+007 1.70046e+007 1.83529e+007 1.99175e+007 2.14785e+007 2.29015e+007 2.41241e+007 2.51325e+007 2.59411e+007 2.65766e+007 2.70693e+007 2.74478e+007 2.77369e+007 2.79573e+007 2.8125e+007 2.82529e+007 2.83507e+007 2.84256e+007 2.84833e+007 2.85279e+007 2.85626e+007 2.85896e+007 2.86108e+007 2.86275e+007 2.86407e+007 2.86512e+007 2.86595e+007 2.86661e+007 2.86714e+007 2.86757e+007 2.86792e+007 2.86819e+007 2.86842e+007 2.8686e+007 2.86875e+007 2.86887e+007 2.86897e+007 2.86905e+007 2.86911e+007 2.86917e+007 2.86921e+007 2.86925e+007 2.86927e+007 2.8693e+007 2.86932e+007 2.86933e+007 2.86935e+007 2.86936e+007 2.86937e+007 2.86937e+007 2.86938e+007 2.86938e+007 2.86939e+007 2.86939e+007 2.86939e+007 2.86939e+007 2.8694e+007 2.8694e+007 2.8694e+007 2.8694e+007 2.8694e+007 2.8694e+007 2.8694e+007 2.8694e+007 2.8694e+007 2.8694e+007 2.8694e+007 2.8694e+007 2.8694e+007 2.8694e+007 2.8694e+007 2.8694e+007 2.8694e+007 2.8694e+007 2.8694e+007 2.8694e+007 2.8694e+007 2.8694e+007 2.8694e+007 2.8694e+007 2.8694e+007 2.8694e+007 2.8694e+007 2.8694e+007 2.8694e+007 2.8694e+007 2.8694e+007 2.8694e+007 2.8694e+007 2.8694e+007 2.8694e+007 2.8694e+007 2.8694e+007 2.8694e+007 2.8694e+007 2.8694e+007 2.8694e+007 2.8694e+007 0 0 0 0 0 0 0 0 0 0 0 0 0 0 0 0 0 0 0 0 0 0 0 0 0
#obs survey bio
 3.66861e+006 2.5937e+006 1.73267e+006 2.01193e+006 2.44428e+006 1.24794e+006 1.60112e+006 1.59032e+006 983498 1.09674e+006 796860 718023 766740 842606 556865 375576 608834 930888 489269 782606 534533 610166 581934 526155 600955 470589 572023 442935 595345 702386 566607 492087 731195 767710 631102 523248 577248 437637 644961 538239 513804 651672 699805 946847 495337 977531 525132 495296 620518 727519 700818 710130 1.14745e+006 969272 827192 1.02597e+006 1.09126e+006 750384 1.31072e+006 1.01988e+006 713172 825072 680880 944253
#pred catch bio
 397557 286023 304246 299510 316849 284653 271820 290587 229231 253736 226441 200990 193864 177640 135802 132660 140520 131149 111617 107537 103766 110878 88580.7 106838 106728 97055.9 104925 84281 97785.8 90166.5 101686 106760 99937.7 99985.3 101104 97065.1 101634 105812 104659 98948.4 103897 113882 104376 98745.8 104754 108795 101849 101074 86672.9 91838.7 81035.5 83199.4 86664.7 114689 124937 127075 129424 122188 138521 136723 135752 134259 113535 107777 96526.5 104519 104050 108193 116247 125944 135618 144337 151698 157634 162265 165787 168414 170346 171749 172758 173479 173991 174353 174607 174786 174911 174999 175059 175102 175131 175152 175166 175176 175183 175187 175190 175193 175194 175195 175196 175197 175197 175197 175197 175197 175198 175198 175198 175198 175198 175198 175198 175198 175198 175198 175198 175198 175198 175198 175198 175198 175198 175198 175198 175198 175198 175198 175198 175198 175198 175198 175198 175198 175198 175198 175198 175198 175198 175198 175198 175198 175198 175198 175198 175198 175198 175198 175198 175198 175198 175198 175198 175198 175198 175198 175198 175198 175198 175198 175198 175198 175198 175198 175198 0 0 0 0 0 0 0 0 0 0 0 0 0 0 0 0 0 0 0 0 0 0 0 0 0
#obs catch bio
 246933 284790 306159 301174 318513 287225 274705 295128 231283 257633 229166 203956 196461 178245 135584 134550 142878 131459 112455 107989 104581 111801 88554.4 107599 107345 97393.2 105891 84508.5 98621.8 90109 101867 107146 100063 99631.9 101042 97259.9 101615 106321 105400 99422 104467 114509 104785 98452.4 104684 108416 101551 101182 86757.5 92355.7 81487.2 83860.4 86895.6 115381 125750 127568 130043 122248 138361 136263 135304 134021 113763 107751
#pred cpue bio
 3.12074e+006 2.73378e+006 2.48301e+006 2.22825e+006 1.99446e+006 1.75575e+006 1.56465e+006 1.39807e+006 1.2168e+006 1.10754e+006 972373 865824 785236 707683 641454 618999 599393 567726 541648 534809 531625 532403 524098 541903 539530 536367 544303 543328 567295 577220 596357 602270 601190 606922 612173 616209 625851 631710 634109 639012 651715 659615 655329 660647 672054 676578 676364 684859 696333 727739 757207 802931 849859 894989 908140 908193 904304 895581 892482 867332 839774 809460 777316 765359 2.6443e+007 1.56128e+007 1.55919e+007 1.62757e+007 1.75649e+007 1.91151e+007 2.06732e+007 2.20956e+007 2.33181e+007 2.43265e+007 2.51351e+007 2.57706e+007 2.62633e+007 2.66418e+007 2.69309e+007 2.71512e+007 2.7319e+007 2.74469e+007 2.75447e+007 2.76196e+007 2.76773e+007 2.77219e+007 2.77566e+007 2.77836e+007 2.78048e+007 2.78215e+007 2.78347e+007 2.78452e+007 2.78535e+007 2.78601e+007 2.78654e+007 2.78697e+007 2.78731e+007 2.78759e+007 2.78782e+007 2.788e+007 2.78815e+007 2.78827e+007 2.78837e+007 2.78845e+007 2.78851e+007 2.78857e+007 2.78861e+007 2.78864e+007 2.78867e+007 2.7887e+007 2.78872e+007 2.78873e+007 2.78874e+007 2.78876e+007 2.78876e+007 2.78877e+007 2.78878e+007 2.78878e+007 2.78879e+007 2.78879e+007 2.78879e+007 2.78879e+007 2.78879e+007 2.7888e+007 2.7888e+007 2.7888e+007 2.7888e+007 2.7888e+007 2.7888e+007 2.7888e+007 2.7888e+007 2.7888e+007 2.7888e+007 2.7888e+007 2.7888e+007 2.7888e+007 2.7888e+007 2.7888e+007 2.7888e+007 2.7888e+007 2.7888e+007 2.7888e+007 2.7888e+007 2.7888e+007 2.7888e+007 2.7888e+007 2.7888e+007 2.7888e+007 2.7888e+007 2.7888e+007 2.7888e+007 2.7888e+007 2.7888e+007 2.7888e+007 2.7888e+007 2.7888e+007 2.7888e+007 2.7888e+007 2.7888e+007 2.7888e+007 2.7888e+007 2.7888e+007 2.7888e+007 2.7888e+007 0 0 0 0 0 0 0 0 0 0 0 0 0 0 0 0 0 0 0 0 0 0 0 0 0
#obs cpue bio
 2.42074e+006 3.05222e+006 1.5143e+006 2.32479e+006 2.00513e+006 1.43904e+006 1.20693e+006 1.08254e+006 1.30601e+006 979237 1.1162e+006 721725 810658 975828 808571 375864 513819 698675 360397 451133 362822 529577 542208 459334 485348 579695 431706 634033 487689 743307 623630 662793 532701 772443 511130 539414 884788 619107 489356 766052 784428 765560 581957 818575 844693 672256 817612 785496 590683 591605 516070 685240 958528 897671 854569 961749 714608 1.31072e+006 922584 867076 1.0604e+006 824876 555727 837820
#pred surv len freq
 0.00507212 0.00826312 0.0124872 0.0177371 0.0238858 0.0305976 0.0373008 0.0433278 0.0481622 0.051604 0.0537459 0.0548311 0.0551264 0.0548641 0.0542295 0.0533671 0.0523929 0.051392 0.0503745 0.0491856 0.0474336 0.0445453 0.0400154 0.0337561 0.0263026
 0.00553778 0.00893712 0.0133515 0.0187321 0.0249409 0.0316724 0.0384071 0.044511 0.0494505 0.0529606 0.0550568 0.0559402 0.0558967 0.0552276 0.0542007 0.0530167 0.0517988 0.0505924 0.0493474 0.0478694 0.0457829 0.0425949 0.0379097 0.0317166 0.0245481
 0.00583854 0.00943882 0.0141248 0.0198363 0.0263954 0.0334228 0.0403094 0.0463616 0.0510593 0.0542249 0.0559818 0.0565921 0.0563289 0.0554378 0.0541441 0.0526493 0.0511087 0.0495961 0.0480644 0.0463061 0.0439501 0.0405481 0.0357783 0.0296893 0.0228132
 0.00610037 0.00986795 0.0147787 0.0207751 0.0276737 0.0350725 0.0423138 0.0486307 0.0534234 0.0564585 0.0578576 0.0579452 0.0570962 0.0556501 0.0538773 0.0519736 0.0500653 0.0482054 0.0463437 0.0442845 0.0416826 0.0381333 0.0333679 0.0274691 0.0209535
 0.00640027 0.0103415 0.0154663 0.0217077 0.0288722 0.0365443 0.0440462 0.0505835 0.0555239 0.0585985 0.0598938 0.059708 0.0584164 0.0563987 0.0539971 0.0514819 0.0490271 0.0466979 0.044437 0.0420472 0.0392026 0.0355386 0.0308297 0.025176 0.0190635
 0.00677011 0.0109325 0.0163359 0.0229004 0.0304092 0.0384095 0.0461738 0.0528591 0.0578069 0.0607538 0.061812 0.0613038 0.0596125 0.057114 0.0541537 0.0510264 0.0479504 0.0450403 0.0422779 0.0394948 0.0363934 0.0326438 0.0280493 0.0227105 0.0170659
 0.00701035 0.0113323 0.0169548 0.0237999 0.0316401 0.0399923 0.0480777 0.0549941 0.0600363 0.0629219 0.0637734 0.0629429 0.0608482 0.0578917 0.0544315 0.0507663 0.0471227 0.0436393 0.0403395 0.0371077 0.033702 0.0298403 0.0253535 0.0203303 0.0151507
 0.00719389 0.0116351 0.0174198 0.0244726 0.0325632 0.041195 0.0495615 0.0567224 0.0619321 0.0648746 0.0656525 0.0646146 0.0621931 0.0588183 0.0548795 0.0507 0.0465224 0.0424998 0.0386817 0.0349974 0.0312649 0.0272618 0.0228532 0.0181174 0.0133732
 0.00756639 0.0122165 0.0182499 0.0255726 0.0339334 0.0428118 0.0513726 0.0586454 0.0638631 0.0667042 0.0672802 0.0659546 0.0631749 0.0593859 0.0549924 0.0503339 0.045668 0.0411625 0.0368877 0.0328083 0.0287949 0.0246819 0.020372 0.0159355 0.0116314
 0.00768676 0.0124266 0.0185924 0.0260953 0.0346778 0.0437958 0.0525758 0.0600069 0.0652968 0.0681214 0.0686053 0.067128 0.0641455 0.0601033 0.0554039 0.0503879 0.0453211 0.0403883 0.0356872 0.0312226 0.026917 0.0226585 0.0183855 0.0141647 0.0102055
 0.00795213 0.0128525 0.019223 0.026968 0.0358162 0.045198 0.0542006 0.0617675 0.0670683 0.0697629 0.0699877 0.0681571 0.0647736 0.0603263 0.0552451 0.0498773 0.0444801 0.0392284 0.0342212 0.0294847 0.0249818 0.0206483 0.0164559 0.0124695 0.00885383
 0.00806414 0.0130521 0.0195557 0.027487 0.0365706 0.0462138 0.0554628 0.0632141 0.0686001 0.0712635 0.0713414 0.0692622 0.0655517 0.0607295 0.0552598 0.049519 0.0437816 0.0382265 0.032953 0.027995 0.0233387 0.0189529 0.0148348 0.0110481 0.00772179
 0.00801452 0.0129936 0.0195104 0.0274938 0.0366809 0.0464822 0.0559343 0.0639121 0.0695162 0.0723514 0.0725188 0.0704221 0.0665814 0.06153 0.0557593 0.0496791 0.0435958 0.0377139 0.0321508 0.0269563 0.0221351 0.0176775 0.0135964 0.00995151 0.00684248
 0.00818147 0.0132312 0.0198066 0.0278193 0.0370022 0.0467806 0.0562192 0.0642193 0.0698917 0.0728288 0.0731022 0.0710797 0.0672507 0.0621307 0.0562096 0.0499107 0.0435648 0.0374052 0.0315787 0.0261616 0.0211829 0.0166531 0.0125956 0.00906377 0.00613052
 0.00864315 0.0139136 0.0207053 0.0288812 0.0381349 0.0478727 0.0571616 0.0649234 0.0703084 0.0729634 0.0730138 0.0708592 0.0669849 0.0618713 0.0559611 0.0496393 0.0432189 0.0369381 0.0309649 0.0254062 0.0203227 0.0157514 0.0117291 0.00830437 0.00552725
 0.008623 0.0139219 0.0207911 0.0291083 0.0385573 0.0484985 0.0579291 0.0657085 0.0709672 0.0733878 0.0731701 0.0707902 0.0667816 0.0616314 0.0557532 0.0494845 0.0430928 0.0367887 0.0307382 0.0250687 0.0198749 0.0152275 0.0111861 0.00780367 0.00511571
 0.0083493 0.0135296 0.020301 0.0285806 0.0380836 0.0481829 0.0578636 0.0659472 0.0715029 0.0741409 0.0740036 0.0715542 0.0673658 0.0619984 0.0559341 0.0495438 0.043088 0.0367454 0.0306497 0.0249141 0.0196412 0.0149248 0.0108476 0.00747388 0.00483383
 0.00843667 0.0136248 0.0203603 0.0285419 0.0378919 0.0478278 0.0574052 0.0655098 0.0712318 0.0741439 0.0743064 0.0720911 0.0680083 0.0626051 0.0563993 0.0498244 0.0431981 0.0367286 0.0305488 0.0247552 0.0194362 0.0146844 0.0105906 0.00722693 0.00462259
 0.00863063 0.0139148 0.0207466 0.0289999 0.0383695 0.0482483 0.057679 0.0655602 0.0710309 0.0737397 0.0738178 0.0716634 0.0677503 0.0625461 0.056489 0.0499705 0.0433144 0.036766 0.0304983 0.0246323 0.0192642 0.0144855 0.0103856 0.0070356 0.00446162
 0.00867761 0.0139874 0.0208482 0.0291303 0.0385228 0.0484109 0.0578268 0.0656581 0.0710383 0.0736248 0.0735771 0.0713358 0.067414 0.0622916 0.0563809 0.0500192 0.043476 0.0369683 0.0306744 0.0247424 0.019299 0.0144567 0.0103154 0.00694775 0.00437629
 0.00867881 0.0139912 0.0208577 0.0291492 0.0385553 0.0484592 0.0578899 0.0657294 0.0711047 0.0736672 0.0735736 0.0712697 0.0672849 0.0621236 0.0562191 0.0499129 0.0434549 0.0370284 0.0307822 0.0248534 0.019378 0.0144892 0.0103057 0.00691133 0.00433056
 0.00861218 0.0138919 0.0207253 0.02899 0.0383814 0.0482868 0.0577369 0.0656135 0.0710403 0.0736607 0.0736203 0.0713533 0.0673823 0.0622135 0.0562921 0.0499754 0.0435247 0.037122 0.0309023 0.0249857 0.0194992 0.0145792 0.0103568 0.00692849 0.00432593
 0.00876174 0.0141038 0.0209864 0.0292688 0.0386372 0.0484846 0.0578587 0.0656606 0.0710262 0.0736021 0.0735306 0.0712407 0.0672507 0.0620646 0.0561285 0.0498034 0.0433565 0.0369737 0.0307875 0.0249094 0.0194551 0.0145544 0.0103386 0.00690993 0.00430625
 0.00859257 0.0138552 0.0206605 0.0288829 0.0382164 0.0480518 0.0574296 0.0652482 0.0706509 0.0732985 0.0733424 0.0712065 0.0673864 0.0623549 0.0565312 0.0502641 0.0438246 0.0374126 0.0311772 0.0252419 0.0197283 0.0147679 0.0104942 0.00701342 0.00436772
 0.00858355 0.0138414 0.020642 0.0288614 0.0381962 0.0480394 0.0574316 0.0652658 0.0706751 0.0733092 0.0733169 0.0711329 0.0672742 0.0622336 0.0564359 0.0502193 0.0438354 0.0374677 0.0312579 0.0253308 0.0198129 0.0148406 0.010551 0.00705313 0.00439206
 0.00864315 0.0139244 0.0207411 0.0289615 0.0382786 0.0480892 0.0574436 0.065246 0.0706362 0.0732635 0.0732698 0.0710809 0.0672087 0.062149 0.0563371 0.0501219 0.0437588 0.0374253 0.0312519 0.0253533 0.0198513 0.0148829 0.0105887 0.00708195 0.00441118
 0.00855296 0.0137925 0.0205696 0.0287607 0.0380631 0.0478716 0.0572316 0.0650445 0.0704529 0.0731137 0.0731744 0.0710587 0.067267 0.0622788 0.0565164 0.0503256 0.0439674 0.0376285 0.0314454 0.0255335 0.020013 0.0150199 0.0106963 0.0071596 0.00446213
 0.00861342 0.0138737 0.0206608 0.0288423 0.0381138 0.047878 0.0571945 0.0649768 0.0703708 0.0730272 0.0730853 0.070966 0.0671741 0.0621956 0.0564552 0.0502941 0.043966 0.037652 0.0314868 0.0255864 0.0200713 0.0150774 0.0107474 0.00720019 0.00449089
 0.00837142 0.0135107 0.0201708 0.0282398 0.0374286 0.0471484 0.0564636 0.0642939 0.0697927 0.0726125 0.0728828 0.0710002 0.0674367 0.062648 0.0570399 0.0509499 0.0446388 0.0382992 0.0320778 0.0261012 0.0204989 0.0154151 0.0109991 0.00737574 0.00460436
 0.00832266 0.0134199 0.0200141 0.0279905 0.0370673 0.0466761 0.0559108 0.0637171 0.0692578 0.0721756 0.0725787 0.0708444 0.0674336 0.0627943 0.0573229 0.0513441 0.0451069 0.0387989 0.0325689 0.0265512 0.020886 0.0157277 0.0112355 0.00754225 0.00471275
 0.00824116 0.0132866 0.0198113 0.0277004 0.0366741 0.0461713 0.0553011 0.0630317 0.0685503 0.0715183 0.072049 0.070507 0.0673251 0.0629186 0.0576555 0.0518419 0.0457175 0.0394662 0.0332388 0.0271763 0.0214306 0.0161709 0.0115716 0.00777863 0.00486611
 0.00818136 0.0132044 0.0197148 0.0276039 0.0365913 0.0461048 0.0552351 0.0629347 0.0683871 0.0712671 0.0717153 0.0701275 0.06696 0.0626338 0.057504 0.0518501 0.0458817 0.0397574 0.0336119 0.0275813 0.0218213 0.0165122 0.0118438 0.00797701 0.00499805
 0.00814866 0.0131537 0.0196436 0.0275138 0.036489 0.0460035 0.0551523 0.0628853 0.0683738 0.0712729 0.071706 0.0700669 0.0668297 0.0624466 0.0573017 0.0516881 0.0458075 0.0397947 0.0337555 0.0278022 0.0220783 0.016765 0.012062 0.00814508 0.00511426
 0.00818937 0.0131961 0.0196641 0.0274769 0.0363593 0.0457619 0.0548111 0.0624894 0.0679878 0.0709591 0.0715043 0.069984 0.0668419 0.0625146 0.0573909 0.051784 0.0459179 0.039939 0.0339483 0.0280415 0.0223445 0.0170284 0.0122942 0.00832797 0.0052433
 0.00825603 0.0132983 0.0198049 0.0276508 0.0365481 0.0459331 0.0549194 0.0624883 0.067848 0.0706866 0.0711444 0.0696063 0.0665132 0.0622754 0.0572485 0.0517222 0.0459148 0.0399807 0.0340309 0.0281638 0.0224989 0.0171979 0.0124573 0.00846594 0.00534636
 0.00828212 0.0133455 0.0198844 0.027775 0.0367264 0.0461648 0.0551871 0.0627554 0.0680641 0.0707998 0.0711186 0.0694357 0.0662272 0.0619298 0.0569055 0.0514299 0.0456975 0.0398417 0.0339624 0.0281548 0.0225372 0.0172686 0.0125428 0.00854905 0.00541477
 0.00832365 0.0133997 0.0199421 0.0278215 0.036748 0.0461576 0.0551628 0.0627374 0.0680749 0.070847 0.071187 0.0694926 0.0662376 0.0618741 0.0567887 0.0512795 0.0455498 0.0397275 0.0338982 0.0281424 0.022568 0.0173286 0.0126159 0.00862076 0.00547464
 0.00833176 0.0134235 0.0199963 0.0279233 0.0369092 0.0463745 0.0554104 0.0629747 0.0682611 0.0709585 0.0712235 0.0694689 0.0661686 0.0617655 0.0566396 0.0510921 0.0453376 0.0395147 0.0337114 0.0280012 0.0224798 0.0172886 0.0126114 0.0086366 0.00549748
 0.00825521 0.0133197 0.0198788 0.0278193 0.0368539 0.0464006 0.0555368 0.063199 0.0685573 0.0712814 0.0715202 0.0696938 0.0662962 0.061793 0.0565806 0.0509665 0.0451665 0.0393199 0.0335162 0.027828 0.0223448 0.0171982 0.0125617 0.008617 0.00549557
 0.00822327 0.0132585 0.0197712 0.0276476 0.0366095 0.0460965 0.0552148 0.0629243 0.0683981 0.0712821 0.0716836 0.0699812 0.0666432 0.062133 0.0568634 0.0511671 0.0452829 0.0393654 0.0335121 0.0277976 0.0223085 0.0171701 0.0125478 0.00861599 0.00550238
 0.00811751 0.0130982 0.0195509 0.0273685 0.0362767 0.0457167 0.0547983 0.0624911 0.0679853 0.0709447 0.0714836 0.0699668 0.0668281 0.0624878 0.0573247 0.0516593 0.0457416 0.0397509 0.0338111 0.0280162 0.0224633 0.017279 0.0126255 0.00867202 0.00554214
 0.00800228 0.0129237 0.0193126 0.0270713 0.0359341 0.0453482 0.0544266 0.0621393 0.067674 0.0706905 0.0713015 0.0698748 0.0668478 0.0626366 0.0576028 0.0520413 0.0461796 0.0401896 0.0342046 0.0283384 0.0227084 0.0174555 0.0127475 0.00875376 0.00559506
 0.00796805 0.0128692 0.0192329 0.026963 0.035797 0.0451861 0.0542488 0.0619593 0.0675054 0.0705429 0.0711788 0.0697774 0.0667794 0.0626081 0.057631 0.0521403 0.0463501 0.0404136 0.0344504 0.0285722 0.0229057 0.017606 0.0128531 0.00882307 0.00563811
 0.00800511 0.0129045 0.0192404 0.0269044 0.0356334 0.044896 0.0538425 0.0614808 0.0670199 0.0701163 0.0708603 0.0695914 0.0667267 0.0626735 0.0577935 0.0523798 0.0466493 0.0407543 0.0348093 0.028921 0.0232171 0.0178606 0.013044 0.00895452 0.00572148
 0.00801693 0.0129222 0.0192626 0.026925 0.0356376 0.0448584 0.0537296 0.0612618 0.0666832 0.069684 0.0703894 0.0691582 0.0664013 0.0624992 0.0577796 0.0525083 0.0468878 0.0410665 0.0351597 0.0292766 0.0235478 0.018143 0.0132649 0.00911234 0.00582432
 0.00803455 0.0129544 0.0193176 0.0270114 0.0357613 0.0450171 0.0539067 0.0614248 0.0667876 0.0696851 0.0702584 0.0688966 0.0660463 0.0621148 0.0574359 0.0522602 0.0467615 0.0410593 0.0352483 0.0294275 0.0237261 0.0183183 0.0134156 0.00922755 0.00590314
 0.00815987 0.0131367 0.0195525 0.027282 0.0360441 0.0452906 0.0541574 0.0616453 0.0669694 0.0698115 0.0703031 0.0688311 0.0658533 0.0618014 0.0570388 0.0518377 0.0463761 0.0407586 0.035054 0.0293348 0.023712 0.0183525 0.0134698 0.00928146 0.00594593
 0.0081821 0.01318 0.0196297 0.0274069 0.036225 0.0455219 0.0544154 0.0618926 0.0671689 0.0699401 0.0703567 0.0688169 0.065778 0.0616655 0.0568418 0.0515891 0.0461016 0.0404959 0.0348393 0.0291904 0.02364 0.0183381 0.0134903 0.00931541 0.00597858
 0.00817639 0.013171 0.0196176 0.027394 0.0362173 0.0455305 0.0544546 0.0619746 0.0672959 0.0700989 0.0705209 0.0689565 0.0658695 0.0616971 0.0568118 0.0515026 0.0459702 0.0403389 0.0346827 0.0290597 0.0235519 0.0182954 0.0134836 0.00932935 0.00599917
 0.00805706 0.0129826 0.0193452 0.0270294 0.0357631 0.0450056 0.0538985 0.061447 0.0668667 0.0698311 0.0704527 0.0690908 0.0661746 0.0621173 0.0572836 0.0519698 0.046393 0.0406974 0.0349745 0.0292946 0.0237436 0.0184549 0.0136158 0.00943453 0.00607683
 0.0079619 0.0128331 0.0191297 0.0267405 0.0353989 0.0445711 0.0534096 0.0609332 0.0663707 0.0694047 0.0701488 0.0689529 0.0662259 0.0623526 0.0576689 0.0524502 0.0469074 0.0411928 0.0354156 0.0296653 0.0240431 0.0186903 0.013796 0.0095674 0.00616944
 0.00772886 0.0124755 0.0186315 0.0261021 0.0346372 0.0437191 0.0525162 0.0600614 0.065591 0.068784 0.06974 0.0687904 0.0663241 0.0627054 0.0582475 0.0532034 0.0477659 0.0420805 0.0362627 0.0304196 0.024675 0.0191906 0.0141709 0.00983242 0.00634482
 0.00756454 0.0122056 0.0182214 0.025521 0.0338679 0.0427722 0.0514413 0.0589467 0.0645455 0.0679116 0.0691182 0.0684626 0.0663036 0.0629823 0.0587942 0.0539751 0.0487017 0.0431053 0.0372959 0.0313865 0.0255181 0.0198771 0.0146926 0.0102017 0.00658729
 0.0075071 0.0121009 0.0180421 0.0252331 0.0334363 0.0421715 0.0506687 0.0580307 0.063548 0.0669206 0.0682344 0.0677814 0.0658978 0.0628912 0.0590209 0.0544913 0.0494542 0.0440224 0.0382936 0.0323783 0.0264266 0.0206459 0.0152936 0.0106349 0.00687427
 0.007514 0.0121259 0.0181033 0.0253506 0.0336203 0.0424063 0.0509027 0.0581822 0.0635295 0.0666716 0.0677472 0.0671081 0.0651372 0.0621626 0.0584353 0.0541284 0.0493496 0.0441666 0.0386394 0.0328534 0.0269502 0.0211453 0.0157169 0.0109574 0.00709608
 0.00742877 0.0120124 0.0179797 0.0252513 0.033589 0.0424823 0.051105 0.0584978 0.0639077 0.0670287 0.067985 0.0671429 0.0649316 0.0617434 0.0578878 0.0535698 0.0488928 0.0438897 0.0385696 0.0329689 0.0271941 0.0214469 0.0160128 0.0112049 0.00727724
 0.00733107 0.0118602 0.0177646 0.0249743 0.0332653 0.042146 0.0508102 0.0583093 0.0638814 0.067186 0.0682958 0.0675283 0.0652872 0.0619756 0.0579482 0.0534716 0.0487033 0.0437008 0.0384622 0.0329851 0.0273295 0.0216615 0.0162526 0.0114231 0.00744687
 0.00729248 0.0117933 0.0176564 0.0248107 0.0330351 0.0418478 0.0504594 0.0579424 0.0635526 0.0669565 0.0682162 0.0676196 0.0655277 0.0623022 0.0582764 0.0537277 0.048853 0.0437598 0.0384822 0.0330238 0.0274231 0.0218119 0.0164343 0.0116013 0.00759415
 0.00720038 0.0116532 0.0174632 0.0245648 0.0327411 0.0415116 0.0500889 0.0575501 0.0631604 0.0665987 0.0679382 0.0674693 0.0655406 0.0624861 0.0586015 0.0541327 0.0492669 0.0441284 0.0387853 0.0332738 0.027646 0.0220263 0.016641 0.0117872 0.00774432
 0.00726201 0.0117406 0.017571 0.02468 0.0328461 0.04159 0.0501285 0.0575429 0.0631002 0.0664804 0.0677619 0.0672476 0.0653028 0.0622735 0.0584536 0.0540704 0.0492833 0.0441952 0.03887 0.0333561 0.0277228 0.022104 0.0167241 0.0118718 0.00782116
 0.00733257 0.0118534 0.0177363 0.0249034 0.0331248 0.041908 0.0504538 0.0578317 0.0633073 0.0665725 0.0677257 0.0670903 0.065048 0.0619561 0.0581157 0.0537542 0.0490214 0.0440025 0.0387424 0.033279 0.0276813 0.0220887 0.0167295 0.0118923 0.00784915
 0.0073364 0.0118729 0.01779 0.0250165 0.0333224 0.0422038 0.0508403 0.0582756 0.063755 0.066962 0.0680003 0.0672111 0.0650016 0.0617558 0.0577971 0.0533667 0.0486173 0.0436261 0.038423 0.0330285 0.0274979 0.0219639 0.0166521 0.0118511 0.00783262
 0.00714737 0.0116086 0.0174728 0.0246964 0.033066 0.0420749 0.0508816 0.0584992 0.0641411 0.0674624 0.0685463 0.0677249 0.0654116 0.0620128 0.0578835 0.0532977 0.0484328 0.0433782 0.0381622 0.0327927 0.0273087 0.0218271 0.0165632 0.0118 0.00780787
 0.00675637 0.0110056 0.0166291 0.0236158 0.0317926 0.0406999 0.0495443 0.0573717 0.0633895 0.0671985 0.0687929 0.0684135 0.0664097 0.0631633 0.0590416 0.0543556 0.0493309 0.0441022 0.0387295 0.0332351 0.027657 0.0221029 0.0167787 0.0119619 0.0079221
#obs surv len freq
 0.00497228 0.00814311 0.0123835 0.0177062 0.0239848 0.0308542 0.0376904 0.0437717 0.0485489 0.051821 0.0537055 0.0544863 0.0544816 0.0539876 0.0532648 0.0525273 0.0519206 0.0514797 0.0510659 0.0503096 0.0486283 0.0453909 0.0402204 0.0332858 0.0253695
 0.00517939 0.00848519 0.0129083 0.0184614 0.0250083 0.0321593 0.0392505 0.0455154 0.0503705 0.0536019 0.0553325 0.0558613 0.0555225 0.0546263 0.0534469 0.0522152 0.0511011 0.0501727 0.0493313 0.0482508 0.046389 0.0431432 0.0381408 0.0315211 0.0240051
 0.00541606 0.00886967 0.0134868 0.0192777 0.0260969 0.0335336 0.0408891 0.0473555 0.0523139 0.0555302 0.0571249 0.0574068 0.056727 0.0554143 0.0537596 0.0520091 0.0503491 0.0488728 0.0475206 0.0460203 0.0438898 0.0405765 0.0357251 0.0294465 0.0223882
 0.00564646 0.00924978 0.014069 0.0201141 0.0272286 0.0349744 0.0426098 0.0492795 0.0543302 0.057516 0.0589646 0.0590006 0.0579899 0.0562739 0.0541541 0.0518871 0.0496723 0.0476234 0.0457169 0.0437363 0.0412703 0.0378325 0.0331013 0.0271652 0.0205938
 0.00589929 0.0096618 0.0146912 0.0209951 0.0284065 0.0364625 0.0443818 0.0512622 0.0564122 0.0595675 0.0608586 0.0606271 0.0592619 0.0571257 0.054536 0.0517583 0.0489982 0.0463814 0.0439129 0.0414287 0.0385919 0.0349922 0.0303539 0.0247525 0.0186804
 0.00614378 0.0100641 0.0153055 0.0218746 0.0295925 0.0379681 0.0461748 0.0532608 0.0584973 0.0616071 0.0627289 0.0622238 0.0605022 0.0579468 0.0548913 0.0516128 0.0483241 0.0451602 0.0421478 0.0391684 0.0359554 0.0321764 0.027609 0.0223235 0.0167408
 0.00638883 0.0104649 0.0159134 0.0227393 0.0307528 0.0394372 0.0479245 0.055215 0.0605414 0.0636089 0.0645607 0.0637763 0.0616914 0.0587134 0.0551961 0.0514299 0.0476352 0.0439542 0.0404311 0.0369862 0.0334155 0.0294608 0.024953 0.019963 0.014847
 0.00661001 0.0108306 0.0164751 0.0235485 0.0318506 0.0408377 0.0495985 0.0570847 0.0624923 0.0655126 0.0662959 0.0652408 0.0628057 0.0594205 0.0554589 0.0512264 0.0469536 0.0427912 0.0387988 0.0349295 0.031034 0.0269197 0.0224673 0.0177501 0.0130671
 0.00682671 0.0111822 0.0170033 0.0242923 0.0328402 0.0420836 0.0510794 0.0587413 0.064233 0.067228 0.0678757 0.0665862 0.0638369 0.0600794 0.0557079 0.0510443 0.0463306 0.0417277 0.0373105 0.033061 0.0288772 0.024623 0.0202222 0.0157505 0.0114567
 0.00706609 0.0115776 0.0176091 0.0251606 0.0340076 0.0435519 0.0527976 0.0606045 0.0661021 0.0689623 0.0693594 0.0677391 0.0646116 0.0604529 0.0556735 0.0506058 0.0454975 0.0405142 0.0357413 0.0311835 0.0267776 0.0224344 0.0181131 0.0138896 0.0099668
 0.00726872 0.0119102 0.0181157 0.025885 0.0349849 0.0447953 0.0542834 0.0622635 0.0678262 0.0706216 0.0708248 0.0689023 0.065398 0.0608259 0.0556291 0.050161 0.0446794 0.0393534 0.0342739 0.0294614 0.0248819 0.0204827 0.0162498 0.0122565 0.00866539
 0.00741454 0.0121525 0.0184902 0.0264283 0.0357281 0.0457521 0.0554388 0.0635696 0.0692076 0.0719883 0.0720842 0.0699667 0.0661912 0.0612893 0.0557285 0.0498881 0.0440485 0.0383951 0.0330309 0.0279916 0.0232648 0.0188242 0.0146735 0.0108807 0.00757268
 0.00752891 0.0123345 0.0187575 0.0267963 0.0362093 0.0463544 0.0561615 0.0643992 0.0701161 0.0729343 0.0730154 0.0708237 0.0669118 0.0618135 0.0560047 0.0498789 0.0437359 0.0377828 0.0321456 0.0268829 0.0220066 0.0175124 0.0134168 0.00977988 0.00669705
 0.00761277 0.0124699 0.018959 0.0270767 0.0365763 0.0468069 0.0566872 0.0649753 0.0707153 0.0735322 0.0735936 0.0713665 0.0673985 0.0622141 0.0562793 0.0499841 0.0436333 0.0374487 0.0315787 0.0261097 0.0210829 0.0165191 0.0124475 0.00892185 0.00601064
 0.00767415 0.0125642 0.019091 0.027248 0.0367863 0.0470541 0.0569692 0.0652878 0.0710515 0.0738827 0.0739477 0.0717138 0.0677284 0.062513 0.0565263 0.0501494 0.0436802 0.037342 0.0312958 0.0256515 0.0204801 0.0158306 0.011749 0.00828796 0.00549541
 0.00773501 0.0126558 0.0192153 0.0274015 0.0369614 0.0472409 0.0571574 0.0654689 0.0712207 0.0740408 0.0741005 0.0718686 0.0678899 0.0626791 0.0566868 0.0502844 0.043762 0.0373384 0.0311779 0.0254045 0.0201127 0.015378 0.0112663 0.00783475 0.00511839
 0.00778734 0.0127374 0.0193311 0.027553 0.0371451 0.0474472 0.0573702 0.0656677 0.0713857 0.0741596 0.0741727 0.0719049 0.0679072 0.0626937 0.0567077 0.0503101 0.0437792 0.0373243 0.0311065 0.0252554 0.0198807 0.0150789 0.0109349 0.00751405 0.00484536
 0.00779778 0.012752 0.019349 0.0275724 0.0371642 0.047466 0.0573911 0.0656945 0.071422 0.0742065 0.0742283 0.0719664 0.0679728 0.062764 0.0567841 0.050392 0.04386 0.0373901 0.0311377 0.0252326 0.0197932 0.0149312 0.0107473 0.00731693 0.00466813
 0.00784199 0.0128126 0.0194195 0.0276396 0.0372123 0.0474824 0.0573715 0.0656449 0.0713559 0.0741406 0.0741778 0.0719418 0.0679779 0.0627968 0.0568393 0.0504623 0.0439371 0.0374631 0.0311929 0.0252551 0.0197718 0.0148641 0.010645 0.00719862 0.0045552
 0.00785919 0.0128436 0.0194709 0.0277173 0.0373178 0.0476078 0.0574977 0.0657447 0.0714045 0.0741265 0.0741084 0.0718391 0.0678698 0.0627065 0.0567796 0.0504356 0.0439375 0.0374801 0.0312132 0.0252651 0.0197602 0.0148259 0.0105833 0.00712416 0.00448158
 0.00790971 0.0129165 0.0195637 0.0278228 0.0374268 0.0477134 0.0575969 0.0658366 0.0714851 0.0741856 0.0741315 0.0718153 0.0677986 0.0626002 0.0566595 0.0503228 0.0438464 0.037415 0.0311693 0.0252326 0.0197283 0.0147868 0.0105352 0.00707098 0.00443034
 0.00791765 0.0129316 0.0195901 0.0278646 0.0374855 0.0477857 0.0576733 0.0659043 0.071533 0.0742096 0.0741347 0.0718035 0.0677753 0.0625658 0.056614 0.0502699 0.0437935 0.0373699 0.0311361 0.0252098 0.0197103 0.0147674 0.010511 0.00704247 0.00440123
 0.00789936 0.0129027 0.0195486 0.0278101 0.0374205 0.0477162 0.0576092 0.0658567 0.0715107 0.0742152 0.0741643 0.0718492 0.0678289 0.0626209 0.0566659 0.0503154 0.043831 0.0374 0.0311607 0.0252302 0.0197261 0.0147769 0.0105127 0.00703703 0.00439121
 0.00787041 0.0128508 0.0194619 0.0276757 0.0372292 0.0474691 0.0573229 0.0655635 0.0712516 0.0740285 0.0740751 0.0718642 0.0679373 0.0627996 0.0568868 0.0505518 0.0440616 0.0376103 0.0313428 0.0253807 0.0198446 0.0148648 0.0105728 0.00707374 0.00441039
 0.00790046 0.0128924 0.0195105 0.0277212 0.037257 0.0474625 0.0572673 0.0654511 0.0710856 0.073826 0.0738656 0.0716826 0.0678137 0.0627507 0.0569125 0.0506375 0.0441853 0.0377496 0.0314791 0.0255018 0.0199441 0.0149405 0.0106259 0.00710754 0.0044294
 0.00787803 0.0128612 0.0194729 0.0276821 0.0372207 0.0474301 0.0572339 0.0654063 0.0710183 0.0737298 0.0737437 0.0715495 0.0676922 0.0626657 0.0568831 0.050671 0.0442754 0.0378791 0.0316265 0.0256467 0.0200718 0.0150429 0.0107011 0.00715789 0.00445999
 0.00785193 0.0128163 0.0194015 0.0275769 0.0370787 0.0472563 0.0570441 0.0652245 0.0708682 0.0736258 0.0736869 0.0715303 0.0676996 0.0626939 0.0569341 0.0507514 0.0443897 0.0380247 0.0317922 0.0258163 0.0202285 0.0151745 0.0108016 0.00722786 0.00450422
 0.00783588 0.0127856 0.0193469 0.0274868 0.0369423 0.0470683 0.0568095 0.064961 0.0706043 0.0733947 0.0735182 0.0714425 0.0676954 0.0627626 0.0570577 0.0509123 0.0445749 0.0382251 0.0319996 0.0260199 0.0204159 0.0153343 0.0109267 0.00731731 0.00456234
 0.00779266 0.0127189 0.0192527 0.0273634 0.0367892 0.0468861 0.0566004 0.0647306 0.0703638 0.0731623 0.0733175 0.0712987 0.0676294 0.0627843 0.0571635 0.0510866 0.0447959 0.0384708 0.0322508 0.0262611 0.0206342 0.0155194 0.0110726 0.00742298 0.00463221
 0.00775688 0.0126567 0.0191522 0.0272121 0.0365786 0.0466172 0.0562882 0.0644031 0.0700544 0.0729005 0.0731227 0.0711811 0.0675927 0.0628299 0.0572892 0.0512848 0.0450514 0.0387623 0.0325546 0.0265547 0.0208992 0.0157429 0.0112479 0.0075501 0.0047167
 0.00773587 0.0126182 0.019086 0.0271057 0.0364195 0.0463975 0.0560095 0.0640794 0.069712 0.0725735 0.0728466 0.0709852 0.0674952 0.0628354 0.0573917 0.051471 0.0453038 0.0390598 0.0328734 0.0268705 0.0211895 0.0159909 0.0114441 0.00769323 0.00481236
 0.0077166 0.0125897 0.019048 0.0270585 0.0363624 0.0463266 0.0559169 0.0639555 0.06955 0.0723752 0.0726255 0.0707654 0.0673065 0.0627057 0.0573403 0.0515048 0.0454176 0.0392391 0.0330972 0.0271144 0.0214293 0.016206 0.0116206 0.00782546 0.00490259
 0.00769849 0.0125612 0.019007 0.0270041 0.0362954 0.04625 0.0558355 0.0638741 0.0694706 0.072295 0.0725384 0.0706667 0.0671985 0.0626006 0.0572579 0.0514661 0.0454372 0.0393207 0.0332326 0.0272862 0.0216153 0.0163841 0.0117739 0.00794449 0.004986
 0.00765409 0.0124923 0.0189097 0.0268774 0.0361418 0.0460761 0.0556527 0.063698 0.0693185 0.072181 0.0724697 0.070641 0.0672068 0.0626318 0.0573048 0.0515288 0.045522 0.0394347 0.0333782 0.0274571 0.0217977 0.0165603 0.0119277 0.00806572 0.00507214
 0.00762483 0.0124431 0.0188328 0.0267652 0.0359895 0.045885 0.0554332 0.0634696 0.0691057 0.0720073 0.072352 0.070587 0.0672146 0.062692 0.0574039 0.0516534 0.0456631 0.0395883 0.0335432 0.0276312 0.021974 0.0167279 0.0120743 0.00818258 0.00515632
 0.00761901 0.0124327 0.0188153 0.0267369 0.0359457 0.0458205 0.0553437 0.0633535 0.0689668 0.0718557 0.0722036 0.0704604 0.067126 0.0626511 0.0574121 0.051705 0.0457484 0.0396975 0.0336684 0.0277661 0.0221119 0.0168604 0.0121926 0.00827904 0.0052275
 0.00760364 0.0124124 0.0187932 0.0267185 0.0359364 0.0458226 0.0553536 0.0633621 0.0689619 0.0718266 0.0721454 0.0703766 0.0670282 0.062556 0.0573366 0.0516613 0.0457416 0.0397259 0.0337258 0.0278441 0.0222016 0.0169527 0.0122787 0.00835178 0.00528288
 0.00758603 0.0123831 0.0187481 0.0266545 0.0358534 0.0457257 0.0552542 0.0632753 0.0689011 0.0717977 0.0721437 0.0703897 0.0670431 0.0625652 0.0573407 0.0516678 0.0457601 0.0397634 0.0337842 0.0279201 0.022288 0.0170408 0.0123599 0.00841978 0.00533434
 0.00756117 0.0123443 0.0186927 0.0265809 0.0357615 0.045617 0.055133 0.06315 0.0687839 0.071703 0.0720843 0.0703726 0.0670661 0.0626182 0.0574106 0.0517438 0.0458373 0.0398425 0.0338676 0.0280089 0.0223798 0.0171302 0.0124405 0.00848619 0.00538406
 0.00754747 0.0123219 0.018659 0.0265336 0.0356989 0.0455396 0.0550436 0.0630539 0.0686883 0.0716155 0.0720127 0.0703238 0.0670458 0.0626289 0.05745 0.0518053 0.0459124 0.0399239 0.0339512 0.0280926 0.0224622 0.0172082 0.0125102 0.0085437 0.00542733
 0.00753164 0.0122978 0.0186258 0.0264913 0.0356484 0.045482 0.0549803 0.0629866 0.0686197 0.0715492 0.0719531 0.0702758 0.0670143 0.0626183 0.0574628 0.0518415 0.0459686 0.0399945 0.0340296 0.0281733 0.0225406 0.0172807 0.0125734 0.0085951 0.00546574
 0.00752656 0.0122873 0.0186057 0.0264571 0.0355962 0.0454109 0.0548944 0.0628944 0.0685313 0.0714737 0.0718954 0.0702378 0.0669956 0.0626184 0.0574816 0.0518788 0.0460234 0.0400639 0.0341089 0.0282566 0.0226219 0.017355 0.0126369 0.00864561 0.00550273
 0.00752406 0.0122839 0.0186016 0.0264522 0.0355897 0.0454003 0.0548756 0.0628632 0.0684855 0.0714152 0.0718307 0.0701756 0.0669442 0.0625831 0.057465 0.0518813 0.046044 0.0401007 0.0341589 0.0283153 0.0226838 0.0174146 0.0126894 0.00868804 0.00553407
 0.00750516 0.0122551 0.018562 0.0264024 0.035532 0.0453385 0.0548142 0.0628069 0.0684378 0.0713774 0.0718022 0.0701551 0.0669318 0.0625807 0.057475 0.0519056 0.0460829 0.0401528 0.0342211 0.0283834 0.022753 0.0174795 0.0127457 0.00873287 0.00556668
 0.00750869 0.0122602 0.0185685 0.0264097 0.0355391 0.0453443 0.054818 0.0628077 0.068435 0.0713701 0.0717892 0.0701355 0.0669053 0.0625488 0.0574412 0.0518749 0.0460606 0.0401428 0.0342251 0.0284003 0.0227793 0.0175107 0.0127769 0.00876024 0.00558797
 0.00750237 0.0122495 0.0185517 0.0263851 0.0355056 0.0453024 0.0547701 0.0627586 0.0683904 0.0713354 0.0717678 0.0701281 0.0669102 0.0625623 0.0574596 0.0518958 0.0460835 0.0401686 0.0342552 0.0284352 0.0228177 0.0175498 0.0128132 0.00879071 0.00561103
 0.00750237 0.0122495 0.0185517 0.0263851 0.0355056 0.0453024 0.0547701 0.0627586 0.0683904 0.0713354 0.0717678 0.0701281 0.0669102 0.0625623 0.0574596 0.0518958 0.0460835 0.0401686 0.0342552 0.0284352 0.0228177 0.0175498 0.0128132 0.00879071 0.00561103
 0.00742666 0.0121314 0.0183837 0.0261645 0.035236 0.0449955 0.054447 0.0624491 0.0681282 0.0711504 0.0716796 0.0701421 0.0670182 0.0627458 0.0576944 0.0521569 0.0463492 0.040423 0.0344879 0.0286405 0.0229927 0.0176931 0.0129249 0.00887246 0.00566661
 0.00734755 0.011997 0.0181713 0.0258517 0.0348081 0.0444563 0.0538279 0.061809 0.0675413 0.0706876 0.0713921 0.0700537 0.0671256 0.0630239 0.0581032 0.0526492 0.046878 0.0409474 0.0349765 0.0290721 0.0233556 0.0179832 0.0131442 0.00902803 0.00576918
 0.00723908 0.0118187 0.0178994 0.0254631 0.0342855 0.0437967 0.0530519 0.0609657 0.0667046 0.0699445 0.0708268 0.0697317 0.0670816 0.0632561 0.0585759 0.0533024 0.0476399 0.0417464 0.0357505 0.0297739 0.0239544 0.0184643 0.0135071 0.00928366 0.0059361
 0.00714199 0.0116553 0.0176435 0.0250871 0.0337672 0.0431287 0.0522517 0.0600788 0.0657991 0.069099 0.0701194 0.0692317 0.0668421 0.0633068 0.0589159 0.0538978 0.0484282 0.0426472 0.0366797 0.0306558 0.0247319 0.0191029 0.0139954 0.00963 0.00616279
 0.00706722 0.0115311 0.0174514 0.0248073 0.0333812 0.0426251 0.0516324 0.0593635 0.0650259 0.0683212 0.0693997 0.0686354 0.0664308 0.0631298 0.0590031 0.0542522 0.0490219 0.0434227 0.0375577 0.0315496 0.0255625 0.0198123 0.0145531 0.0100331 0.00642987
 0.0069761 0.0113833 0.0172293 0.024495 0.0329673 0.0421072 0.0510219 0.0586872 0.0643221 0.0676331 0.0687703 0.0681068 0.0660436 0.0629232 0.0590104 0.0544933 0.0494953 0.0440987 0.0383781 0.0324349 0.0264268 0.0205811 0.0151774 0.0104957 0.0067419
 0.0069247 0.0112975 0.017096 0.0243001 0.0326982 0.0417567 0.0505925 0.0581929 0.0637869 0.0670864 0.0682435 0.0676313 0.065651 0.062646 0.0588812 0.0545415 0.0497396 0.044538 0.038984 0.0331508 0.0271771 0.0212875 0.0157778 0.010957 0.00706198
 0.00700407 0.0114286 0.0172958 0.0245819 0.0330641 0.0421878 0.0510422 0.0585903 0.0640525 0.0671556 0.0680845 0.0672521 0.0650953 0.0619824 0.0581909 0.0539071 0.0492338 0.0442131 0.0388624 0.0332199 0.0273918 0.0215827 0.0160865 0.0112275 0.00726736
 0.00700851 0.0114512 0.0173583 0.0247142 0.0332971 0.0425405 0.0515095 0.0591359 0.0646119 0.0676466 0.0684238 0.0673738 0.0649672 0.061615 0.0576364 0.0532476 0.0485645 0.0436234 0.0384192 0.0329556 0.0273001 0.0216249 0.016207 0.0113716 0.00739621
 0.00697379 0.011397 0.0172823 0.0246194 0.0331956 0.0424569 0.0514804 0.0592025 0.0648038 0.0679644 0.0688291 0.0677942 0.0653154 0.0618144 0.0576446 0.0530682 0.0482453 0.0432413 0.0380572 0.03268 0.0271444 0.0215859 0.0162532 0.0114605 0.00749018
 0.00698468 0.0114113 0.0172974 0.0246308 0.0331978 0.0424468 0.0514602 0.0591833 0.0648058 0.0680138 0.0689482 0.0679881 0.0655615 0.0620628 0.0578311 0.0531383 0.0481755 0.0430495 0.0377958 0.0324157 0.0269339 0.0214584 0.0162072 0.0114724 0.00752978
 0.00696458 0.0113839 0.0172657 0.0246003 0.0331743 0.0424331 0.0514544 0.0591798 0.0648004 0.0680086 0.0689549 0.0680252 0.0656453 0.0621957 0.0579935 0.053291 0.048274 0.0430637 0.0377251 0.0322888 0.0267949 0.0213467 0.0161427 0.0114532 0.00754035
 0.00698532 0.0114144 0.0173059 0.0246486 0.0332286 0.0424922 0.0515184 0.0592479 0.064869 0.0680703 0.0690007 0.0680498 0.0656517 0.0621946 0.0579965 0.0533007 0.0482793 0.0430444 0.0376648 0.0321868 0.0266691 0.0212245 0.0160474 0.0113946 0.00751434
 0.00704256 0.0115075 0.0174457 0.0248433 0.0334807 0.0427939 0.0518478 0.0595717 0.0651496 0.0682762 0.0691137 0.0680663 0.06558 0.0620514 0.057804 0.0530816 0.0480514 0.0428165 0.0374378 0.0319607 0.02645 0.0210259 0.0158846 0.0112768 0.00744038
 0.00704779 0.0115242 0.0174859 0.0249235 0.0336179 0.0429987 0.0521185 0.0598909 0.0654864 0.0685926 0.069372 0.0682369 0.065647 0.0620142 0.0576756 0.0528844 0.0478107 0.0425554 0.0371733 0.0317048 0.026212 0.0208156 0.0157115 0.0111471 0.00735334
 0.00703698 0.0115041 0.0174519 0.024872 0.0335502 0.0429253 0.0520611 0.0598785 0.065545 0.068733 0.0695834 0.0684877 0.065895 0.0622191 0.0578093 0.0529358 0.0477849 0.0424683 0.0370455 0.0315559 0.0260589 0.0206722 0.0155885 0.0110511 0.00728617
 0.00702293 0.011477 0.0174031 0.0247912 0.0334279 0.0427578 0.0518558 0.0596565 0.06534 0.0685848 0.0695274 0.0685438 0.0660591 0.0624627 0.0580876 0.0532017 0.048002 0.0426178 0.0371263 0.0315794 0.0260421 0.0206325 0.0155413 0.0110073 0.00725188
#pred catch len freq
 0.00500124 0.00790143 0.0114987 0.0156874 0.0203889 0.0255297 0.030965 0.0364445 0.0416617 0.046332 0.0502398 0.0532556 0.055343 0.0565562 0.057019 0.0568965 0.0563704 0.0556063 0.0546834 0.0534873 0.0516283 0.0485052 0.0435812 0.0367673 0.02865
 0.00545291 0.00855174 0.0123257 0.0166277 0.0213693 0.0265108 0.0319647 0.0375199 0.0428566 0.0476249 0.0515279 0.0543869 0.0561766 0.0570146 0.057105 0.0566699 0.0559002 0.0549221 0.0537538 0.0522398 0.0500094 0.0465479 0.0414364 0.0346702 0.0268352
 0.00580511 0.00911323 0.0131461 0.0177356 0.0227557 0.028113 0.0336623 0.0391603 0.0443084 0.0488269 0.052495 0.0551649 0.0567821 0.0574083 0.057215 0.0564382 0.0553112 0.0539937 0.0525072 0.0506814 0.0481488 0.0444421 0.0392225 0.0325504 0.0250127
 0.00611913 0.00960909 0.0138677 0.0187202 0.0240351 0.0297071 0.0355623 0.0413029 0.0465589 0.0509897 0.0543585 0.0565638 0.0576416 0.0577411 0.057077 0.055881 0.0543615 0.0526632 0.0508094 0.0486457 0.0458327 0.0419499 0.0367156 0.030228 0.023059
