SBPRF35
7.78865
Curr Bio
498536
B35
676205
F35
0.211404
FOFL
0.153716
OFL
61301.6
Bzero
2.22533e+006
#pred survey bio
 5.02056e+006 4.73043e+006 4.44496e+006 4.12135e+006 3.76688e+006 3.38968e+006 3.0373e+006 2.66974e+006 2.35763e+006 2.07333e+006 1.83083e+006 1.62067e+006 1.44148e+006 1.26671e+006 1.12518e+006 988181 874002 805135 751998 717079 685026 654129 629237 620283 601774 600013 596616 592882 591062 599369 600575 595795 580242 579365 572653 557378 553579 543979 543203 549570 561049 569540 575346 585207 586661 607051 620530 627216 629650 646582 637757 581462 573740 558224 546093 522760 496227 514558 540617 527350 535606 517260 511329 499195 504814 1.77352e+007 1.04609e+007 1.06302e+007 1.13646e+007 1.24042e+007 1.34972e+007 1.44901e+007 1.53168e+007 1.59677e+007 1.64613e+007 1.68265e+007 1.70925e+007 1.72844e+007 1.74222e+007 1.75212e+007 1.75923e+007 1.76437e+007 1.7681e+007 1.77083e+007 1.77284e+007 1.77432e+007 1.77542e+007 1.77625e+007 1.77687e+007 1.77734e+007 1.7777e+007 1.77797e+007 1.77818e+007 1.77833e+007 1.77845e+007 1.77855e+007 1.77862e+007 1.77867e+007 1.77872e+007 1.77875e+007 1.77877e+007 1.77879e+007 1.77881e+007 1.77882e+007 1.77883e+007 1.77884e+007 1.77884e+007 1.77885e+007 1.77885e+007 1.77885e+007 1.77885e+007 1.77886e+007 1.77886e+007 1.77886e+007 1.77886e+007 1.77886e+007 1.77886e+007 1.77886e+007 1.77886e+007 1.77886e+007 1.77886e+007 1.77886e+007 1.77886e+007 1.77886e+007 1.77886e+007 1.77886e+007 1.77886e+007 1.77886e+007 1.77886e+007 1.77886e+007 1.77886e+007 1.77886e+007 1.77886e+007 1.77886e+007 1.77886e+007 1.77886e+007 1.77886e+007 1.77886e+007 1.77886e+007 1.77886e+007 1.77886e+007 1.77886e+007 1.77886e+007 1.77886e+007 1.77886e+007 1.77886e+007 1.77886e+007 1.77886e+007 1.77886e+007 1.77886e+007 1.77886e+007 1.77886e+007 1.77886e+007 1.77886e+007 1.77886e+007 1.77886e+007 1.77886e+007 1.77886e+007 1.77886e+007 1.77886e+007 1.77886e+007 1.77886e+007 1.77886e+007 1.77886e+007 1.77886e+007 0 0 0 0 0 0 0 0 0 0 0 0 0 0 0 0 0 0 0 0 0 0 0 0 0
#obs survey bio
 3.73328e+006 3.95652e+006 3.35215e+006 2.99742e+006 4.51924e+006 2.74745e+006 3.73167e+006 2.39624e+006 1.74285e+006 2.56476e+006 1.06293e+006 1.26392e+006 1.15299e+006 1.16212e+006 793374 1.03817e+006 731179 781406 639608 500372 406502 782208 486757 546167 589052 428169 472878 581029 480105 493995 530304 565388 392487 540436 416290 771743 407717 690272 471920 417319 626607 470163 468867 624754 633422 614832 505291 495181 794716 703574 656904 597115 419458 812452 579333 460555 467833 746846 603300 700928 479761 434055 611212 478482 491580
#pred catch bio
 107074 106852 155416 206527 257262 267978 315518 297540 300864 287252 277369 263580 267830 242797 239279 217036 175137 158995 141394 137399 134439 127262 112561 118682 102526 102554 101296 98227.3 88874.9 93670.8 96303 101997 86872.8 89583.4 94047.2 84176.9 92934.9 90470.1 88463.4 86541.7 89809.9 91998.4 88719 95784.2 80668.2 87698.1 93886.6 97466.9 85657.5 106900 143426 99829.6 105337 100535 108132 109477 72514.8 67417.2 98738.8 78837 100107 88615.2 92629.8 75468.9 74900.6 61301.6 80423.9 80160.4 84347.6 91668 99641.7 106840 112711 117199 120478 122795 124392 125471 126190 126663 126972 127172 127300 127383 127435 127469 127490 127503 127512 127517 127520 127523 127524 127525 127525 127526 127526 127526 127526 127526 127526 127526 127526 127526 127526 127526 127526 127526 127526 127526 127526 127526 127526 127526 127526 127526 127526 127526 127526 127526 127526 127526 127526 127526 127526 127526 127526 127526 127526 127526 127526 127526 127526 127526 127526 127526 127526 127526 127526 127526 127526 127526 127526 127526 127526 127526 127526 127526 127526 127526 127526 127526 127526 127526 127526 127526 127526 127526 127526 127526 127526 127526 127526 127526 127526 0 0 0 0 0 0 0 0 0 0 0 0 0 0 0 0 0 0 0 0 0 0 0 0 0
#obs catch bio
 0 106669 155960 207788 259345 270589 320077 302050 307565 293426 285327 271518 276611 249971 247259 222935 179051 161841 143607 140291 137967 129860 115220 122099 104308 104516 103328 99783.2 90250.6 95207.7 97740.1 103505 87558.1 90580.3 95678.2 84786.8 94199.7 91085.8 89473.9 87599.8 90656.1 92756.7 89293.4 96629 80974.1 88282.2 94389.3 98184.3 85649.7 107234 145179 99947.6 105770 100408 107849 110093 72709.1 67258.6 99694.7 78415.8 100535 88513.1 93044.1 75693.4 74893.5
#pred cpue bio
 4.94267e+006 4.65873e+006 4.37765e+006 4.05599e+006 3.70331e+006 3.32813e+006 2.97756e+006 2.61224e+006 2.30181e+006 2.0192e+006 1.77829e+006 1.56977e+006 1.39248e+006 1.22031e+006 1.08114e+006 946955 835546 768605 717098 683138 651873 621903 597833 589225 571669 570388 567368 564037 562537 570861 572471 568439 553925 553435 547316 532886 528501 517358 515233 521048 532415 541062 546913 556538 557985 577753 590895 597425 599826 616382 608006 553379 545743 530889 519478 496786 470588 488254 514215 502054 510220 492293 486360 474825 481136 1.69544e+007 1.00144e+007 1.00402e+007 1.06246e+007 1.16142e+007 1.2696e+007 1.36867e+007 1.4513e+007 1.51638e+007 1.56574e+007 1.60227e+007 1.62886e+007 1.64805e+007 1.66184e+007 1.67173e+007 1.67885e+007 1.68399e+007 1.68772e+007 1.69044e+007 1.69245e+007 1.69393e+007 1.69503e+007 1.69586e+007 1.69648e+007 1.69695e+007 1.69731e+007 1.69758e+007 1.69779e+007 1.69795e+007 1.69807e+007 1.69816e+007 1.69823e+007 1.69829e+007 1.69833e+007 1.69836e+007 1.69839e+007 1.69841e+007 1.69842e+007 1.69843e+007 1.69844e+007 1.69845e+007 1.69845e+007 1.69846e+007 1.69846e+007 1.69846e+007 1.69847e+007 1.69847e+007 1.69847e+007 1.69847e+007 1.69847e+007 1.69847e+007 1.69847e+007 1.69847e+007 1.69847e+007 1.69847e+007 1.69847e+007 1.69847e+007 1.69847e+007 1.69847e+007 1.69847e+007 1.69847e+007 1.69847e+007 1.69847e+007 1.69847e+007 1.69847e+007 1.69847e+007 1.69847e+007 1.69847e+007 1.69847e+007 1.69847e+007 1.69847e+007 1.69847e+007 1.69847e+007 1.69847e+007 1.69847e+007 1.69847e+007 1.69847e+007 1.69847e+007 1.69847e+007 1.69847e+007 1.69847e+007 1.69847e+007 1.69847e+007 1.69847e+007 1.69847e+007 1.69847e+007 1.69847e+007 1.69847e+007 1.69847e+007 1.69847e+007 1.69847e+007 1.69847e+007 1.69847e+007 1.69847e+007 1.69847e+007 1.69847e+007 1.69847e+007 1.69847e+007 1.69847e+007 1.69847e+007 0 0 0 0 0 0 0 0 0 0 0 0 0 0 0 0 0 0 0 0 0 0 0 0 0
#obs cpue bio
 2.45839e+006 3.51611e+006 3.61351e+006 3.41614e+006 3.3811e+006 2.20924e+006 2.41247e+006 1.8335e+006 1.5908e+006 1.43199e+006 1.38458e+006 1.30609e+006 1.37148e+006 990515 1.01624e+006 874799 696183 789657 656548 542449 580885 529727 336153 443524 617500 572660 492529 599094 423464 595490 580654 610238 809703 441794 445121 527223 492983 541257 350533 500937 541717 651455 599064 499249 470449 496771 772672 647513 581644 517642 483772 542065 766159 462974 586550 394906 350137 460766 342421 622191 430667 642632 335935 393726 717983
#pred surv len freq
 0.00470118 0.00772175 0.011785 0.0169175 0.0230071 0.0297053 0.0364123 0.0424409 0.0472852 0.0507885 0.0531049 0.0545327 0.0553659 0.0558196 0.0560088 0.0559513 0.0555867 0.0548026 0.0534453 0.0513085 0.0481269 0.043638 0.0377411 0.0306831 0.0231198
 0.00496492 0.00803542 0.0120498 0.0169846 0.0227352 0.0290418 0.0354467 0.0413853 0.0463803 0.0501918 0.0528278 0.0544603 0.055337 0.0557172 0.0558163 0.0557559 0.0555345 0.0550261 0.0539947 0.0521186 0.0490402 0.0444715 0.0383616 0.0310491 0.0232731
 0.00522979 0.00847811 0.0127291 0.0179377 0.0239411 0.0303819 0.0366964 0.0422696 0.0466862 0.0498743 0.0520307 0.0534315 0.0542964 0.0547704 0.0549622 0.0549606 0.0548038 0.0544232 0.0536003 0.051969 0.0490921 0.0446195 0.0384923 0.0310948 0.0232291
 0.0054419 0.00882901 0.01327 0.0187236 0.0250217 0.0317817 0.0383835 0.0441253 0.0484968 0.0513644 0.0529424 0.0536183 0.0537791 0.0537146 0.053592 0.0534695 0.0533189 0.0530239 0.0523491 0.050917 0.0482598 0.0439836 0.0380004 0.0306961 0.0228975
 0.00569052 0.00922617 0.0138554 0.0195321 0.0260802 0.0331032 0.0399582 0.0459102 0.0504075 0.0532679 0.0546551 0.0549225 0.0544703 0.0536684 0.0528135 0.0520911 0.0515473 0.0510731 0.0503966 0.0490915 0.046644 0.042619 0.0368937 0.0298318 0.0222507
 0.0059748 0.00968425 0.014537 0.0204797 0.0273209 0.0346363 0.0417433 0.0478664 0.0524277 0.0552389 0.0564666 0.0564594 0.0555996 0.054244 0.0527096 0.0512524 0.0500248 0.0490211 0.0480316 0.0466392 0.0442988 0.040524 0.0351368 0.028449 0.0212339
 0.0062475 0.0101253 0.0151966 0.0214034 0.0285415 0.0361608 0.043539 0.0498558 0.0544986 0.0572658 0.0583311 0.058059 0.056843 0.0550394 0.0529586 0.0508631 0.0489451 0.0472775 0.0457487 0.0440241 0.0415981 0.0379727 0.0329174 0.0266685 0.0199195
 0.00662636 0.0107247 0.0160679 0.0225836 0.0300472 0.0379794 0.0456181 0.0520993 0.0567779 0.0594418 0.0602761 0.0596685 0.0580368 0.0557548 0.0531399 0.0504545 0.0478977 0.045574 0.043439 0.0412501 0.0385871 0.0349972 0.0302336 0.0244599 0.0182646
 0.0069488 0.0112493 0.0168574 0.0236946 0.0315169 0.0398067 0.0477453 0.0544104 0.0591193 0.0616566 0.0622318 0.0612671 0.0592106 0.0564553 0.0533276 0.0500919 0.0469482 0.044015 0.0412886 0.0385998 0.0356198 0.0319694 0.0274218 0.02209 0.0164576
 0.00728497 0.0117873 0.0176516 0.0247909 0.0329455 0.0415698 0.0498026 0.0566714 0.0614506 0.0639033 0.064243 0.0629161 0.0604059 0.0571417 0.0534773 0.0496911 0.0459865 0.0424864 0.0392099 0.0360407 0.0327294 0.0289761 0.0245932 0.0196645 0.01458
 0.00758891 0.0122782 0.018384 0.0258126 0.0342875 0.043232 0.0517393 0.0587879 0.0636182 0.065984 0.0661105 0.0644652 0.0615533 0.0578249 0.0536551 0.0493408 0.0450997 0.041067 0.0372813 0.0336672 0.0300396 0.0261697 0.0219136 0.0173399 0.0127595
 0.00779811 0.0126309 0.018938 0.0266289 0.0354171 0.0446946 0.0535029 0.0607629 0.0656722 0.0679704 0.067895 0.0659409 0.0626432 0.0584786 0.0538415 0.0490427 0.0443101 0.0397901 0.035541 0.0315233 0.0276065 0.023623 0.0194692 0.0152046 0.0110744
 0.00797166 0.0129142 0.0193676 0.027242 0.0362475 0.0457644 0.0548111 0.0622754 0.0673196 0.0696542 0.0694993 0.0673487 0.0637523 0.0592127 0.0541536 0.04891 0.0437268 0.038763 0.0340943 0.0297113 0.0255296 0.0214335 0.0173542 0.0133454 0.00959768
 0.00821343 0.0133022 0.0199417 0.0280344 0.0372759 0.0470216 0.0562547 0.0638285 0.0688836 0.0711295 0.0708012 0.0684105 0.0645222 0.0596499 0.0542282 0.048605 0.0430385 0.0377012 0.0326852 0.0280064 0.0236178 0.0194455 0.0154495 0.0116782 0.00827523
 0.0083559 0.0135443 0.020325 0.0286035 0.0380675 0.0480482 0.0574898 0.065202 0.0702947 0.0724694 0.0719748 0.0693481 0.0651806 0.0600067 0.0542738 0.048336 0.0424553 0.0368104 0.0315064 0.0265816 0.0220212 0.0177866 0.0138607 0.010287 0.00717069
 0.00851461 0.0138075 0.0207308 0.0291906 0.0388674 0.0490724 0.0587156 0.0665663 0.0717008 0.0738036 0.0731264 0.0702277 0.0657311 0.0602068 0.0541331 0.0478825 0.0417234 0.0358332 0.0303171 0.0252229 0.0205563 0.0163039 0.0124658 0.00908025 0.00622009
 0.00871632 0.0141196 0.0211715 0.029768 0.0395803 0.0499116 0.0596625 0.0675892 0.0727524 0.0748232 0.0740447 0.070974 0.0662428 0.0604394 0.0540667 0.0475233 0.0410976 0.0349791 0.0292787 0.0240504 0.0193104 0.01506 0.0113085 0.00808729 0.00544253
 0.00883516 0.0142971 0.0214099 0.0300593 0.0399105 0.0502661 0.0600315 0.0679701 0.07315 0.0752462 0.0744985 0.0714506 0.0667133 0.0608536 0.0543636 0.0476466 0.0410102 0.0346699 0.028763 0.0233656 0.0185124 0.0142186 0.0104994 0.00737864 0.00488013
 0.00904002 0.0146008 0.0218118 0.0305386 0.0404299 0.0507814 0.0604992 0.0683545 0.0734296 0.0754195 0.0745859 0.0714871 0.0667338 0.0608773 0.0543841 0.0476336 0.0409204 0.0344639 0.0284195 0.0228894 0.0179352 0.0135928 0.00988696 0.0068369 0.00444785
 0.00915693 0.0147881 0.0220872 0.0309127 0.0409003 0.0513244 0.0610659 0.0688765 0.0738374 0.0756657 0.0746606 0.0714177 0.0665709 0.060675 0.0541828 0.0474487 0.0407416 0.0342628 0.0281645 0.0225612 0.017537 0.0131516 0.00944521 0.00643901 0.00412632
 0.0091732 0.0148308 0.0221812 0.0310908 0.0411938 0.0517492 0.0616089 0.0694912 0.0744511 0.0761971 0.0750395 0.071602 0.066556 0.0604923 0.0538864 0.047097 0.0403783 0.0339082 0.027817 0.0222093 0.0171733 0.0127823 0.00909074 0.00612549 0.00387481
 0.0092566 0.0149519 0.0223375 0.0312739 0.0413956 0.0519697 0.06186 0.0697901 0.074806 0.076593 0.0754336 0.0719333 0.066765 0.0605415 0.0537724 0.0468481 0.0400417 0.0335314 0.0274348 0.0218395 0.0168225 0.012455 0.00879538 0.00587406 0.00367732
 0.00934802 0.0150921 0.0225321 0.0315205 0.0416827 0.0522769 0.0621601 0.0700555 0.0750187 0.0767515 0.0755511 0.0720247 0.0668327 0.0605696 0.0537349 0.0467251 0.0398314 0.033252 0.0271161 0.0215114 0.0165076 0.0121681 0.00854624 0.00566962 0.00352114
 0.00916128 0.0148275 0.0222064 0.031174 0.0413684 0.0520426 0.0620336 0.0700404 0.0751012 0.0769109 0.0757685 0.0722869 0.0671291 0.0608867 0.0540503 0.0470079 0.0400508 0.0333874 0.0271641 0.0214848 0.0164285 0.0120606 0.00843128 0.00556324 0.00343359
 0.00921399 0.0148826 0.0222348 0.0311351 0.0412277 0.0517953 0.0617196 0.0697362 0.0748887 0.0768417 0.0758456 0.0724726 0.0673707 0.0611392 0.0542864 0.0472134 0.0402159 0.0335029 0.0272234 0.0214881 0.0163854 0.0119872 0.00834601 0.0054816 0.00336578
 0.00921652 0.0148773 0.022208 0.0310653 0.0410872 0.0515566 0.0613659 0.069275 0.0743627 0.0763289 0.0754421 0.072261 0.0673899 0.0613726 0.0546742 0.0476787 0.0406888 0.0339319 0.0275772 0.021753 0.0165622 0.0120881 0.00839022 0.00549013 0.0033567
 0.00914781 0.0147834 0.0220991 0.0309596 0.0410035 0.0515019 0.0613274 0.0692216 0.0742577 0.0761495 0.0751952 0.0719883 0.0671564 0.0612432 0.0546878 0.0478346 0.0409503 0.0342439 0.0278854 0.0220177 0.016763 0.0122222 0.00846718 0.00552582 0.00336753
 0.00915123 0.0147747 0.0220608 0.0308704 0.040847 0.0512799 0.0610667 0.0689672 0.0740533 0.0760161 0.0751236 0.0719509 0.0671295 0.0612249 0.0546988 0.0479034 0.0410934 0.034454 0.0281336 0.0222662 0.016979 0.0123871 0.00857787 0.00559065 0.00339996
 0.00913501 0.0147508 0.0220287 0.0308286 0.040791 0.0512001 0.06095 0.0688042 0.073848 0.0757915 0.074916 0.0717951 0.0670442 0.0612083 0.0547379 0.0479868 0.0412169 0.0346162 0.0283271 0.0224733 0.0171762 0.0125533 0.00870179 0.00567218 0.00344707
 0.00895344 0.0144782 0.021661 0.0303782 0.040285 0.0506747 0.0604462 0.0683626 0.073503 0.0755659 0.0748194 0.0718266 0.0671965 0.0614681 0.0550847 0.0483931 0.0416527 0.0350548 0.0287474 0.0228581 0.0175106 0.0128257 0.00890669 0.00581285 0.00353442
 0.00877464 0.0142049 0.0212829 0.0298995 0.0397254 0.0500691 0.0598434 0.0678207 0.0730787 0.0752998 0.0747268 0.0718978 0.0674054 0.0617838 0.0554782 0.0488387 0.0421262 0.0355324 0.0292058 0.0232768 0.017873 0.0131209 0.00913081 0.00596969 0.00363457
 0.00866756 0.0140313 0.0210233 0.0295384 0.0392568 0.049505 0.0592194 0.0671957 0.072523 0.0748778 0.0744817 0.0718447 0.0675333 0.0620634 0.0558708 0.0493047 0.0426299 0.0360431 0.0296974 0.0237269 0.0182637 0.0134402 0.0093744 0.00614166 0.00374588
 0.00878634 0.014194 0.0212114 0.0297142 0.0393721 0.0495154 0.0590987 0.0669424 0.0721599 0.0744472 0.0740374 0.0714424 0.0672204 0.0618698 0.0558058 0.0493586 0.0427804 0.0362614 0.0299537 0.0239935 0.0185166 0.0136609 0.00955171 0.00627211 0.0038333
 0.00865069 0.014004 0.0209807 0.0294713 0.0391478 0.0493256 0.0589334 0.0667709 0.0719503 0.0741879 0.0737484 0.0711692 0.0670168 0.0617796 0.0558509 0.0495367 0.0430687 0.0366249 0.0303526 0.0243902 0.0188799 0.0139692 0.0097937 0.00644719 0.00394934
 0.00857733 0.0138817 0.0207929 0.0292056 0.0388047 0.0489273 0.0585271 0.0664175 0.0717003 0.0740581 0.0737166 0.0711923 0.0670587 0.0618305 0.0559267 0.0496634 0.0432645 0.0368897 0.0306683 0.0247268 0.0192053 0.0142563 0.0100255 0.00661834 0.00406453
 0.00931999 0.0149241 0.0220559 0.0305121 0.039928 0.0496723 0.0587964 0.0662297 0.0711605 0.0733075 0.0728862 0.070376 0.0663057 0.0611559 0.0553309 0.0491498 0.0428451 0.0365785 0.0304707 0.0246332 0.0191923 0.0142936 0.0100847 0.00667802 0.00411283
 0.00997615 0.0159593 0.0235457 0.0324792 0.0423086 0.052281 0.0613164 0.0682639 0.0723494 0.0734618 0.0720548 0.0688068 0.064332 0.0590793 0.0533581 0.0473888 0.0413363 0.0353289 0.0294739 0.0238747 0.0186474 0.0139279 0.00985715 0.00654776 0.00404472
 0.00998695 0.0160797 0.0239151 0.0332856 0.0437334 0.0544118 0.0640673 0.0713511 0.0753421 0.0758901 0.0735341 0.0691365 0.0635389 0.0573904 0.0511136 0.0449368 0.0389536 0.0331917 0.0276689 0.0224268 0.0175438 0.013132 0.00931772 0.00620674 0.00384502
 0.00975098 0.0157312 0.0234628 0.0327796 0.0432755 0.0541574 0.0642082 0.0720646 0.0767121 0.0778318 0.075773 0.0712708 0.0651654 0.0582348 0.0511052 0.0442004 0.037737 0.0317701 0.0262708 0.0212001 0.016558 0.0123979 0.00880969 0.00588068 0.00365186
 0.00950983 0.0153545 0.0229264 0.0320768 0.0424262 0.0532196 0.06329 0.0713258 0.0763417 0.0779994 0.0765646 0.0726344 0.0668959 0.0600181 0.0526128 0.0451953 0.0381392 0.0316552 0.0258119 0.020591 0.0159539 0.0118914 0.00843456 0.00563066 0.00350081
 0.00933593 0.0150719 0.0225024 0.0314837 0.0416503 0.0522746 0.0622303 0.0702513 0.0753892 0.0773212 0.0763013 0.0728833 0.0676771 0.061247 0.0541007 0.0466905 0.0394017 0.0325313 0.0262701 0.0207057 0.0158535 0.0117013 0.00824297 0.00548084 0.00340187
 0.00933309 0.015048 0.0224302 0.031325 0.0413639 0.0518305 0.0616238 0.069511 0.0745767 0.0765245 0.075626 0.0724397 0.0675613 0.0615143 0.0547384 0.0476047 0.0404324 0.0334978 0.027029 0.0211928 0.0160876 0.0117554 0.00820214 0.00541139 0.0033404
 0.00934922 0.015075 0.022471 0.0313786 0.0414207 0.051867 0.0616018 0.0693849 0.07431 0.0761094 0.0750955 0.0718671 0.0670464 0.0611604 0.0546255 0.0477638 0.0408299 0.0340408 0.0275949 0.0216717 0.0164179 0.0119328 0.00826389 0.00540811 0.00331359
 0.00929698 0.0149963 0.0223644 0.0312478 0.0412741 0.0517164 0.0614587 0.0692566 0.0741938 0.0759905 0.0749527 0.0716861 0.0668342 0.0609533 0.0544816 0.0477427 0.0409673 0.0343292 0.027982 0.0220792 0.0167717 0.0121892 0.00841726 0.00548072 0.00333724
 0.00937699 0.01511 0.0225053 0.0313996 0.0414152 0.0518275 0.0615287 0.0692833 0.0741801 0.0759391 0.0748614 0.0715483 0.0666445 0.060716 0.0542193 0.0474966 0.040786 0.0342498 0.0280131 0.0221959 0.0169276 0.0123371 0.00852712 0.0055454 0.00336608
 0.00925622 0.014928 0.022258 0.0310924 0.0410613 0.0514446 0.0611384 0.0689119 0.0738592 0.0757027 0.0747382 0.0715524 0.0667684 0.0609321 0.0544896 0.0477873 0.0410791 0.0345431 0.0283105 0.022495 0.0172135 0.0125873 0.00872302 0.00568049 0.00344741
 0.00920689 0.0148474 0.0221362 0.0309216 0.0408385 0.0511759 0.0608414 0.0686139 0.0735904 0.0754878 0.0745929 0.0714838 0.0667785 0.0610181 0.054642 0.0479898 0.0413117 0.0347887 0.0285576 0.0227361 0.0174402 0.0127882 0.00888663 0.00580043 0.00352542
 0.00916089 0.0147832 0.0220588 0.0308408 0.0407649 0.0511145 0.0607881 0.0685574 0.0735188 0.0753964 0.0744871 0.0713775 0.0666885 0.0609597 0.0546257 0.0480199 0.0413858 0.0348987 0.0286924 0.0228835 0.0175885 0.0129261 0.00900414 0.00589104 0.00358787
 0.0091572 0.0147741 0.0220399 0.0308075 0.0407151 0.051052 0.0607231 0.0685033 0.0734855 0.0753833 0.074483 0.0713672 0.0666619 0.0609176 0.0545789 0.0479838 0.0413738 0.0349179 0.0287424 0.0229578 0.0176767 0.0130168 0.00908671 0.00595814 0.00363643
 0.00898777 0.0145175 0.0216892 0.0303697 0.0402099 0.0505096 0.0601829 0.0680127 0.0730952 0.0751384 0.074411 0.0714703 0.0669161 0.0612801 0.0550015 0.0484244 0.0418032 0.0353193 0.0291074 0.0232813 0.0179543 0.013245 0.00926403 0.00608678 0.00372251
 0.00892327 0.01443 0.0215894 0.0302776 0.0401485 0.0504945 0.0602143 0.0680742 0.0731604 0.0751814 0.0744164 0.0714378 0.0668594 0.0612194 0.0549549 0.0484023 0.0418076 0.0353473 0.0291541 0.0233416 0.0180224 0.0133142 0.0093277 0.00613953 0.00376173
 0.00929834 0.0150066 0.0223944 0.0313109 0.0413806 0.051865 0.061629 0.0694072 0.0742685 0.0759312 0.0747146 0.0712517 0.0662233 0.0602259 0.0537327 0.0470883 0.040522 0.0341779 0.0281534 0.0225314 0.0174015 0.0128653 0.00902331 0.00594739 0.00364965
 0.00913343 0.0147753 0.0221148 0.0310245 0.0411432 0.0517302 0.0616348 0.0695695 0.0745817 0.0763691 0.0752303 0.0717794 0.0666872 0.0605575 0.05389 0.0470681 0.0403576 0.0339252 0.0278712 0.0222666 0.0171824 0.0127021 0.00891323 0.00588012 0.00361259
 0.00909332 0.0147028 0.0219943 0.0308421 0.0408963 0.0514395 0.0613501 0.0693614 0.0745182 0.0764889 0.0755268 0.0722045 0.0671677 0.061015 0.0542575 0.0473011 0.0404421 0.0338775 0.0277308 0.0220821 0.0169971 0.0125449 0.00879627 0.00580272 0.00356676
 0.00929297 0.0149753 0.0223077 0.0311333 0.041088 0.0514678 0.0611901 0.0690377 0.0740984 0.0760646 0.0751891 0.0720192 0.0671579 0.061157 0.0544918 0.0475544 0.04065 0.0340008 0.0277613 0.0220375 0.016909 0.0124454 0.0087086 0.00573755 0.00352473
 0.00956337 0.015409 0.0229451 0.0319964 0.0421619 0.0526806 0.0624027 0.0700633 0.074756 0.0762439 0.0748903 0.0713463 0.0662721 0.0602186 0.0536176 0.0468012 0.0400224 0.0334746 0.0273071 0.0216371 0.0165597 0.0121538 0.00848167 0.00557558 0.0034197
 0.00962758 0.0155473 0.0232153 0.0324716 0.0429098 0.0537304 0.0637137 0.0715129 0.0761568 0.0773858 0.0755934 0.071508 0.0658942 0.0594028 0.0525285 0.045614 0.0388772 0.0324548 0.0264438 0.020929 0.0159928 0.0117138 0.00815525 0.00534815 0.00327314
 0.00919531 0.0148783 0.0222766 0.0312689 0.0415017 0.052241 0.0623339 0.0704731 0.075665 0.0775523 0.0763833 0.07275 0.0673417 0.0608148 0.0537349 0.0465416 0.0395362 0.0329013 0.0267413 0.0211261 0.01612 0.0117896 0.00819415 0.00536337 0.00327586
 0.00890393 0.0143931 0.0215274 0.0301901 0.0400553 0.0504503 0.0603145 0.0684383 0.0738919 0.076317 0.0758891 0.0730728 0.0684097 0.0624285 0.0556249 0.048443 0.0412507 0.034324 0.0278506 0.0219521 0.016712 0.0121978 0.00846238 0.00552923 0.00337122
 0.00917725 0.0147907 0.0220359 0.030758 0.0405963 0.0508547 0.060467 0.0682437 0.0733081 0.0753871 0.0747513 0.0719341 0.0674858 0.0618758 0.0554939 0.0486736 0.0417091 0.0348594 0.0283454 0.0223435 0.0169871 0.0123734 0.00856538 0.00558481 0.00339854
 0.00916497 0.0147847 0.0220512 0.0308131 0.0407028 0.0510028 0.0606154 0.0683223 0.0732374 0.0751077 0.0742523 0.0712685 0.0667663 0.0612474 0.05509 0.0485717 0.0419054 0.0352764 0.028867 0.0228588 0.0174219 0.0126975 0.00878306 0.00571811 0.00347337
 0.00931662 0.0150312 0.0224212 0.0313313 0.0413818 0.0518315 0.0615461 0.0692656 0.0740707 0.075697 0.0744828 0.0710752 0.0661575 0.0603124 0.0539825 0.0474705 0.0409642 0.0345843 0.0284352 0.0226382 0.0173372 0.0126801 0.00878785 0.00572405 0.0034751
 0.00908988 0.0147172 0.0220505 0.0309687 0.0411113 0.0517307 0.0616626 0.069606 0.0746011 0.0763494 0.0751624 0.0716733 0.0665722 0.0604748 0.0538807 0.0471566 0.0405385 0.0341596 0.0280987 0.0224279 0.0172432 0.0126645 0.00880936 0.00575312 0.00349779
 0.008779 0.0142514 0.0214259 0.0302149 0.0402923 0.0509396 0.0610126 0.0692119 0.0745508 0.0766721 0.0758122 0.0725389 0.067507 0.0613352 0.0545572 0.0475946 0.0407446 0.0341908 0.0280368 0.0223482 0.0171921 0.0126542 0.00882857 0.00578358 0.00352561
 0.00824523 0.0134232 0.0202565 0.0286959 0.0384645 0.0489046 0.0589407 0.0673329 0.0731141 0.0758858 0.0757878 0.0732636 0.0688521 0.0630908 0.0564822 0.0494675 0.0424032 0.0355515 0.0290892 0.023132 0.0177658 0.0130715 0.00912809 0.00599089 0.00366038
#obs surv len freq
 nan nan nan nan nan nan nan nan nan nan nan nan nan nan nan nan nan nan nan nan nan nan nan nan nan
 0.00447744 0.00733573 0.0111632 0.0159785 0.02168 0.027958 0.0342754 0.0400099 0.0446922 0.048158 0.0505173 0.0520141 0.052907 0.0534199 0.0537346 0.0539898 0.0542686 0.0545615 0.0547003 0.0542922 0.0527301 0.0493619 0.043811 0.0362902 0.0276729
 0.00461652 0.00756053 0.0114989 0.0164469 0.0222949 0.028717 0.0351521 0.0409511 0.0456236 0.0489979 0.0511913 0.0524667 0.053108 0.0533661 0.053446 0.0535023 0.053625 0.0538042 0.053868 0.0534217 0.0518598 0.0485344 0.0430706 0.0356743 0.0272022
 0.00478603 0.00783853 0.0119216 0.0170489 0.0231017 0.0297332 0.03635 0.0422663 0.0469639 0.05026 0.052277 0.0532933 0.053615 0.0535186 0.0532379 0.0529549 0.0527817 0.0527227 0.0526137 0.0520642 0.0504741 0.047201 0.0418696 0.0346716 0.0264344
 0.00497301 0.00814704 0.0123944 0.017729 0.0240238 0.0309108 0.0377611 0.0438474 0.0486173 0.0518703 0.0537283 0.0544815 0.0544544 0.0539471 0.05322 0.0524844 0.051882 0.051445 0.0510335 0.0502783 0.0485978 0.0453621 0.0401945 0.0332643 0.025353
 0.00518206 0.00848754 0.0129084 0.018457 0.0249983 0.0321457 0.039239 0.0455139 0.0503856 0.0536343 0.0553761 0.055905 0.0555553 0.0546419 0.053445 0.0522008 0.0510809 0.0501519 0.0493125 0.0482345 0.0463747 0.0431305 0.0381295 0.0315117 0.0239979
 0.00540044 0.00884582 0.0134537 0.0192351 0.0260451 0.0334733 0.0408219 0.0472851 0.0522471 0.0554766 0.0570943 0.0574053 0.0567536 0.0554613 0.0538158 0.0520648 0.0503992 0.048917 0.0475613 0.0460597 0.0439285 0.0406133 0.0357583 0.0294742 0.0224093
 0.0056244 0.00921384 0.014015 0.0200384 0.0271297 0.0348542 0.042475 0.049141 0.0542009 0.0574079 0.0588871 0.0589597 0.0579889 0.0563119 0.0542258 0.0519831 0.0497815 0.0477363 0.0458278 0.0438425 0.0413706 0.0379248 0.0331826 0.0272323 0.0206449
 0.00588042 0.0096302 0.014642 0.0209231 0.0283074 0.036335 0.0442291 0.0510932 0.0562403 0.0594084 0.0607272 0.0605353 0.0592171 0.0571308 0.0545888 0.0518526 0.0491245 0.0465283 0.0440692 0.0415855 0.038742 0.0351299 0.030474 0.0248508 0.0187548
 0.00613672 0.010051 0.0152828 0.0218376 0.0295363 0.0378887 0.0460708 0.0531343 0.0583544 0.061457 0.0625837 0.0620967 0.0604061 0.0578921 0.0548841 0.051654 0.0484095 0.0452811 0.0422928 0.0393254 0.0361126 0.0323238 0.0277384 0.0224293 0.0168205
 0.00636091 0.0104217 0.0158523 0.022659 0.0306537 0.0393206 0.0477931 0.0550731 0.0603952 0.0634658 0.0644287 0.063664 0.0616073 0.0586655 0.055191 0.0514715 0.0477234 0.0440843 0.0405941 0.0371696 0.0336052 0.0296426 0.0251146 0.0200958 0.0149471
 0.00659469 0.0108035 0.0164302 0.0234794 0.0317524 0.0407097 0.0494466 0.0569207 0.0623309 0.0653668 0.066174 0.0651467 0.0627409 0.0593864 0.0554581 0.0512622 0.0470285 0.0429049 0.038947 0.035103 0.0312197 0.0271024 0.0226327 0.0178875 0.0131712
 0.00682906 0.0111873 0.017013 0.024308 0.0328616 0.0421064 0.051095 0.0587383 0.0642018 0.0671649 0.0677848 0.066478 0.0637244 0.0599745 0.0556206 0.0509824 0.0463005 0.0417335 0.0373528 0.0331357 0.0289753 0.0247319 0.0203284 0.015843 0.0115288
 0.00705669 0.0115608 0.0175813 0.0251182 0.0339488 0.0434784 0.0527159 0.060524 0.0660318 0.0689065 0.0693163 0.0677041 0.0645805 0.0604255 0.0556533 0.0505983 0.0455086 0.0405487 0.0358014 0.0312678 0.0268803 0.0225458 0.0182215 0.0139843 0.0100411
 0.00728225 0.011931 0.0181444 0.0259207 0.0350248 0.0448341 0.0543141 0.0622787 0.0678208 0.0705948 0.0707802 0.0688459 0.0653353 0.0607607 0.0555644 0.050101 0.0446297 0.0393203 0.0342625 0.0294741 0.0249166 0.0205333 0.0163073 0.0123117 0.00871142
 0.0074485 0.0122089 0.0185769 0.0265524 0.0358929 0.0459534 0.0556619 0.0637893 0.0693938 0.0721139 0.0721326 0.0699351 0.066089 0.0611346 0.0555421 0.0496898 0.0438548 0.0382189 0.032882 0.0278756 0.0231834 0.0187744 0.0146489 0.010873 0.00757406
 0.00752645 0.0123367 0.0187724 0.0268354 0.0362849 0.0464753 0.0563281 0.0646015 0.0703341 0.0731415 0.0731837 0.0709295 0.0669409 0.0617647 0.0558886 0.0497151 0.0435472 0.0375909 0.0319679 0.0267313 0.0218876 0.0174269 0.0133611 0.00974758 0.00668071
 0.00760211 0.0124509 0.018928 0.0270309 0.0365165 0.0467408 0.0566307 0.0649498 0.0707404 0.0736167 0.0737302 0.0715328 0.0675636 0.0623482 0.0563616 0.0500071 0.0436025 0.0373792 0.0314893 0.0260183 0.0210026 0.0164572 0.0124055 0.00889699 0.00599816
 0.00764702 0.0125198 0.0190238 0.0271528 0.0366599 0.0468979 0.0567918 0.0651068 0.070892 0.0737731 0.0739122 0.0717644 0.0678597 0.0627018 0.056739 0.0503509 0.0438445 0.0374572 0.0313639 0.0256836 0.0204904 0.0158315 0.0117484 0.00828923 0.00549858
 0.00771231 0.0126174 0.0191548 0.0273124 0.0368384 0.0470828 0.0569696 0.0652644 0.0710188 0.0738642 0.0739719 0.0718079 0.0679097 0.0627807 0.0568573 0.0504984 0.0439877 0.0375463 0.0313485 0.025531 0.020199 0.0154337 0.0113017 0.00785761 0.00513353
 0.00776942 0.0127072 0.0192839 0.0274835 0.0370485 0.047321 0.0572162 0.0654928 0.071202 0.0739828 0.0740206 0.0717951 0.0678552 0.0627097 0.056794 0.0504584 0.0439707 0.0375336 0.0313076 0.0254284 0.0200159 0.0151762 0.0110004 0.00755592 0.00487109
 0.00780187 0.0127572 0.0193541 0.0275746 0.0371597 0.04745 0.0573583 0.0656405 0.0713443 0.0741061 0.0741116 0.0718447 0.0678614 0.0626797 0.0567417 0.0504003 0.0439189 0.0374895 0.0312601 0.0253581 0.019905 0.0150198 0.0108108 0.00735845 0.00469332
 0.00784995 0.0128258 0.0194395 0.0276677 0.0372485 0.0475242 0.0574135 0.0656785 0.0713711 0.074129 0.0741349 0.0718684 0.0678814 0.0626901 0.0567387 0.0503842 0.0438938 0.0374594 0.0312246 0.0253106 0.0198365 0.014925 0.010694 0.00723332 0.00457714
 0.00788499 0.0128829 0.0195251 0.0277859 0.0373984 0.0476966 0.057589 0.065831 0.0714766 0.0741744 0.0741229 0.0718145 0.0678052 0.0626074 0.0566579 0.0503073 0.0438202 0.0373881 0.0311543 0.025239 0.0197597 0.0148403 0.0106025 0.00714154 0.00449421
 0.00787368 0.0128667 0.0195051 0.0277653 0.0373825 0.0476921 0.0576024 0.0658664 0.0715324 0.0742422 0.0741899 0.0718683 0.0678392 0.0626226 0.0566606 0.0503043 0.0438152 0.0373814 0.0311436 0.0252212 0.0197322 0.014802 0.0105553 0.00709015 0.00444526
 0.00787964 0.0128691 0.0194957 0.0277327 0.0373166 0.04759 0.0574732 0.0657309 0.071417 0.0741702 0.0741733 0.0719053 0.0679169 0.0627227 0.0567661 0.0504038 0.0439031 0.0374554 0.0312028 0.0252641 0.0197577 0.01481 0.0105481 0.00707254 0.0044232
 0.00789744 0.0128933 0.0195227 0.0277554 0.0373245 0.0475715 0.0574184 0.0656358 0.0712871 0.0740222 0.0740329 0.0717999 0.0678658 0.0627315 0.0568259 0.050497 0.04401 0.0375604 0.0312955 0.0253389 0.0198121 0.0148443 0.0105645 0.00707523 0.00441766
 0.0078958 0.012891 0.01952 0.0277519 0.0373191 0.0475611 0.0573978 0.0655983 0.0712269 0.0739378 0.0739299 0.0716921 0.0677727 0.0626724 0.0568138 0.0505334 0.0440855 0.0376587 0.031399 0.0254337 0.0198894 0.0149004 0.0106002 0.00709415 0.00442486
 0.00788389 0.0128703 0.0194862 0.0277011 0.0372486 0.0474719 0.0572961 0.0654942 0.0711315 0.0738587 0.0738699 0.0716501 0.0677479 0.0626667 0.0568323 0.0505814 0.0441644 0.0377628 0.0315168 0.025551 0.0199935 0.0149834 0.0106595 0.00713185 0.00444583
 0.00786299 0.0128341 0.0194279 0.0276132 0.0371252 0.0473123 0.0571072 0.0652918 0.0709375 0.0736963 0.0737576 0.0715975 0.067755 0.062726 0.0569324 0.0507114 0.0443153 0.037927 0.0316856 0.0257137 0.0201393 0.0151035 0.0107499 0.00719354 0.00448374
 0.00785827 0.0128237 0.0194071 0.0275756 0.0370638 0.0472213 0.0569847 0.0651415 0.0707692 0.0735252 0.0736025 0.0714775 0.0676851 0.0627136 0.0569763 0.0508031 0.0444424 0.0380761 0.0318439 0.0258697 0.0202823 0.0152248 0.0108444 0.00726066 0.00452684
 0.00783849 0.0127926 0.0193622 0.0275149 0.036986 0.0471259 0.0568725 0.0650151 0.0706335 0.073388 0.0734739 0.0713696 0.0676103 0.0626829 0.0569959 0.0508729 0.0445556 0.0382206 0.0320053 0.026033 0.0204344 0.0153558 0.0109482 0.0073359 0.00457643
 0.00777918 0.0126995 0.0192286 0.0273378 0.0367672 0.0468738 0.0566035 0.0647523 0.0704022 0.0732096 0.073361 0.0713257 0.0676322 0.0627639 0.0571285 0.0510491 0.044766 0.0384534 0.0322463 0.0262669 0.0206468 0.0155355 0.0110893 0.00743792 0.00464392
 0.0077635 0.0126663 0.0191647 0.0272268 0.0365948 0.0466348 0.0563082 0.064427 0.070084 0.0729355 0.0731601 0.0712141 0.067613 0.06283 0.0572663 0.0512423 0.0449982 0.0387088 0.0325092 0.0265218 0.0208791 0.0157335 0.0112459 0.00755209 0.00472012
 0.00773955 0.0126266 0.0191029 0.0271358 0.0364663 0.0464615 0.056086 0.0641594 0.069785 0.072631 0.0728845 0.071003 0.0674941 0.0628164 0.0573551 0.0514177 0.0452369 0.0389858 0.0328007 0.0268066 0.0211394 0.0159557 0.0114222 0.0076812 0.00480676
 0.00931861 0.0148361 0.0217679 0.0298727 0.0387949 0.0479824 0.0566209 0.063777 0.0687182 0.0711578 0.071242 0.0693583 0.0659534 0.0614435 0.0561846 0.0504617 0.0444891 0.0384262 0.0324015 0.026537 0.0209691 0.015857 0.0113713 0.00765912 0.00479973
 0.00929853 0.0150973 0.0226787 0.0318903 0.0422663 0.052875 0.0623527 0.0693107 0.0729297 0.0732786 0.0711123 0.0673692 0.062776 0.0577427 0.0524558 0.0470023 0.0414444 0.0358479 0.0302895 0.0248639 0.0196922 0.014924 0.0107238 0.00723615 0.00454201
 0.00897804 0.0145915 0.0219677 0.0310224 0.0414119 0.0523634 0.0626325 0.0707887 0.075725 0.0770403 0.0750628 0.0705988 0.0646217 0.0580183 0.051422 0.0451537 0.0392783 0.0337287 0.0284236 0.0233351 0.0185093 0.0140563 0.010122 0.00684398 0.00430378
 0.00879358 0.0142876 0.0215034 0.0303599 0.0405315 0.051292 0.0614819 0.0697836 0.0751873 0.0773014 0.0763123 0.0727405 0.0672395 0.0605095 0.0532417 0.046024 0.0392449 0.0330615 0.0274549 0.0223356 0.0176406 0.0133827 0.00964432 0.00653117 0.00411444
 0.00872364 0.014164 0.0212986 0.0300409 0.040066 0.0506597 0.0606891 0.0688776 0.0742685 0.0765285 0.0758892 0.0728657 0.0680195 0.0618739 0.0549232 0.0476426 0.0404603 0.0337037 0.0275572 0.0220688 0.0172092 0.0129457 0.00928792 0.00627996 0.00395681
 0.00871018 0.0141394 0.0212556 0.0299686 0.0399489 0.050478 0.0604212 0.0685063 0.0737912 0.075971 0.0753181 0.0723923 0.0677819 0.0619929 0.0554412 0.0484795 0.0414241 0.0345636 0.0281403 0.0223216 0.0171912 0.0127736 0.00907289 0.00609263 0.00382384
 0.00870257 0.0141275 0.0212383 0.0299444 0.0399154 0.0504304 0.0603516 0.0684027 0.073639 0.0757571 0.0750395 0.0720676 0.0674608 0.0617542 0.055372 0.0486368 0.0417978 0.0350668 0.0286413 0.0227022 0.0173947 0.0128152 0.00901247 0.00599538 0.00373434
 0.00868278 0.0140951 0.0211894 0.0298757 0.0398255 0.0503215 0.0602299 0.0682773 0.0735184 0.0756445 0.0749307 0.0719546 0.0673402 0.0616378 0.0552912 0.0486359 0.0419128 0.0353001 0.0289513 0.0230169 0.0176453 0.0129658 0.00906814 0.0059883 0.00370095
 0.00867331 0.0140801 0.0211676 0.0298459 0.0397865 0.0502722 0.0601699 0.0682075 0.0734414 0.0755647 0.0748526 0.0718806 0.0672703 0.0615717 0.0552338 0.0486015 0.0419227 0.0353726 0.0290869 0.0231924 0.0178213 0.0131053 0.00915313 0.00602294 0.00370295
 0.00865559 0.0140522 0.0211274 0.0297922 0.0397196 0.0501943 0.0600854 0.0681227 0.0733631 0.0754984 0.0748015 0.0718455 0.06725 0.0615638 0.0552366 0.0486159 0.0419541 0.0354293 0.0291746 0.023307 0.0179472 0.0132207 0.00924035 0.00607585 0.00372687
 0.00865908 0.0140576 0.0211348 0.0298013 0.0397293 0.0502025 0.0600892 0.0681187 0.0733485 0.0754718 0.0747638 0.0717997 0.0672 0.061514 0.0551911 0.0485786 0.0419297 0.0354231 0.0291909 0.0233465 0.018004 0.0132833 0.00929611 0.00611625 0.00375025
 0.00865605 0.0140518 0.0211244 0.0297844 0.0397045 0.05017 0.0600512 0.0680793 0.0733123 0.0754423 0.0747422 0.0717852 0.0671912 0.0615092 0.0551895 0.0485807 0.041937 0.0354379 0.0292159 0.0233828 0.0180496 0.0133328 0.00934219 0.0061528 0.00377473
 0.00864197 0.0140329 0.0211034 0.0297659 0.0396934 0.0501688 0.0600585 0.0680904 0.0733212 0.0754446 0.0747369 0.0717739 0.0671766 0.0614939 0.0551753 0.0485688 0.0419288 0.0354353 0.0292207 0.0233963 0.0180714 0.0133601 0.00937041 0.00617747 0.00379303
 0.00861186 0.0139856 0.0210356 0.0296766 0.0395852 0.0500494 0.0599408 0.0679905 0.0732538 0.075418 0.0747504 0.071819 0.0672419 0.0615689 0.0552523 0.0486432 0.0419981 0.0354986 0.0292784 0.0234491 0.0181198 0.0134036 0.00940778 0.00620719 0.0038144
 0.00862264 0.0139982 0.0210455 0.0296765 0.039567 0.0500075 0.059875 0.0679072 0.0731646 0.075337 0.07469 0.0717872 0.0672401 0.0615925 0.0552933 0.0486929 0.0420498 0.0355483 0.0293242 0.0234906 0.0181571 0.0134366 0.00943582 0.00622958 0.00383079
 0.00862264 0.0139982 0.0210455 0.0296765 0.039567 0.0500075 0.059875 0.0679072 0.0731646 0.075337 0.07469 0.0717872 0.0672401 0.0615925 0.0552933 0.0486929 0.0420498 0.0355483 0.0293242 0.0234906 0.0181571 0.0134366 0.00943582 0.00622958 0.00383079
 0.00896319 0.0145381 0.0218294 0.0307285 0.0408762 0.0515109 0.061446 0.0693656 0.0743159 0.0760255 0.0748414 0.0714194 0.0664443 0.0605002 0.0540434 0.0474081 0.0408239 0.0344438 0.0283764 0.0227139 0.0175499 0.0129861 0.00912074 0.00602349 0.00370572
 0.0088183 0.0143489 0.0216314 0.0305861 0.0408691 0.0517086 0.0618831 0.0700272 0.0751362 0.0768987 0.0756416 0.0720282 0.0667791 0.0605328 0.0538019 0.0469617 0.0402593 0.0338439 0.0278063 0.0222157 0.0171448 0.0126781 0.00890212 0.00587921 0.00361773
 0.00882228 0.0143288 0.0215553 0.0304167 0.0405838 0.0513269 0.0614821 0.0697284 0.0750624 0.0771211 0.0761461 0.0727191 0.0675141 0.0611708 0.0542415 0.047161 0.0402346 0.0336517 0.0275192 0.0219014 0.0168533 0.0124379 0.0087228 0.005757 0.00354161
 0.00885518 0.0143811 0.0216297 0.0305096 0.0406803 0.0513977 0.0614882 0.0696381 0.0748761 0.0768872 0.075952 0.072654 0.0676245 0.061435 0.0545797 0.0474725 0.040439 0.0337137 0.0274504 0.0217444 0.0166595 0.0122506 0.00856831 0.00564463 0.00346852
 0.00902535 0.0146483 0.0220132 0.0310181 0.0413063 0.0521107 0.0622286 0.0703183 0.0753957 0.0771612 0.0759407 0.0723805 0.0671683 0.0609021 0.0540618 0.0470169 0.040045 0.0333533 0.0270971 0.0213914 0.0163211 0.0119505 0.00832605 0.00546772 0.00335187
 0.00912995 0.0148279 0.0223 0.0314454 0.0418976 0.0528642 0.0631029 0.0712313 0.0762385 0.0778228 0.0763329 0.0724553 0.0669276 0.0603976 0.0533828 0.0462651 0.0393061 0.0326791 0.0265055 0.0208809 0.0158869 0.0115923 0.00804602 0.00526445 0.00321682
 0.00882274 0.0143526 0.021633 0.0305897 0.0408922 0.0517918 0.0620914 0.0704363 0.0758042 0.0778333 0.0767807 0.0732443 0.0679079 0.0614123 0.0543081 0.0470312 0.0398954 0.0331088 0.0268053 0.0210788 0.016005 0.0116501 0.00806293 0.0052588 0.00320305
 0.00866652 0.0140635 0.0211357 0.0297997 0.0397453 0.0502871 0.0603276 0.068614 0.0741841 0.076667 0.0762444 0.0733994 0.0686946 0.0626741 0.0558363 0.0486174 0.0413744 0.0343795 0.0278282 0.0218579 0.0165684 0.0120355 0.00831007 0.00540585 0.00328346
 0.00892009 0.0144472 0.0216556 0.0304303 0.0404219 0.0509025 0.0607412 0.0686823 0.0738131 0.0758648 0.0751399 0.0722093 0.0676515 0.0619509 0.0555021 0.0486365 0.0416408 0.0347652 0.0282244 0.0221964 0.0168214 0.0122043 0.00841103 0.00545934 0.00330786
 0.00877581 0.0142585 0.0214558 0.0302772 0.0403792 0.0510101 0.060989 0.0690027 0.0740969 0.0759958 0.0750361 0.0718586 0.0671239 0.0613801 0.0550377 0.0483891 0.0416464 0.034984 0.0285698 0.0225739 0.0171599 0.0124669 0.00859178 0.00557089 0.00336981
 0.00902252 0.0146269 0.0219506 0.0308845 0.0410745 0.0517688 0.0617888 0.0698135 0.074864 0.0766302 0.0754249 0.0718958 0.0667539 0.0606299 0.0540206 0.0472735 0.0406022 0.0341325 0.0279588 0.0221851 0.0169372 0.0123484 0.00852928 0.00553564 0.00334799
 0.00887501 0.0144266 0.0217217 0.0306725 0.0409323 0.0517359 0.0618772 0.0700101 0.0751457 0.076977 0.0758173 0.0723006 0.0671126 0.0608687 0.0540808 0.0471439 0.0403297 0.0338026 0.0276577 0.0219672 0.0168141 0.0123 0.00852388 0.00554662 0.00336018
 0.0088529 0.014371 0.0216042 0.0304619 0.0406107 0.05132 0.06143 0.0696285 0.0749261 0.0769761 0.076034 0.0726836 0.0675853 0.0613504 0.0544992 0.0474446 0.0404879 0.0338306 0.0275992 0.0218775 0.0167372 0.0122558 0.00851057 0.00555166 0.00337111
 0.008719 0.0141605 0.0213003 0.0300525 0.0400899 0.0506915 0.0607151 0.068876 0.0742162 0.0764122 0.0757178 0.0726834 0.0679098 0.0619434 0.0552573 0.0482488 0.0412342 0.0344511 0.0280693 0.0222092 0.0169628 0.0124099 0.00861868 0.00562802 0.00342302
#pred catch len freq
 0.00444374 0.00704642 0.0103075 0.0141579 0.0185535 0.0234509 0.0287372 0.0341982 0.0395621 0.0445683 0.0490114 0.0527588 0.0557561 0.0580143 0.0595748 0.0604693 0.0606965 0.0602157 0.0589359 0.0566904 0.0532292 0.0482888 0.0417735 0.0339652 0.0255943
 0.00472147 0.00739811 0.0106563 0.014381 0.0185285 0.023122 0.0281589 0.0335212 0.0389604 0.0441521 0.0487779 0.052609 0.0555602 0.0576886 0.0591315 0.0600198 0.0604077 0.0602358 0.0593213 0.0573722 0.0540376 0.0490275 0.0423016 0.0342418 0.0256675
