SBPRF35
7.78865
Curr Bio
635808
B35
689284
F35
0.226883
FOFL
0.226883
OFL
117843
Bzero
2.22533e+006
#pred survey bio
 4.56805e+006 4.27879e+006 4.01622e+006 3.72627e+006 3.40852e+006 3.08601e+006 2.76994e+006 2.48055e+006 2.20026e+006 1.9617e+006 1.697e+006 1.49237e+006 1.32819e+006 1.18103e+006 1.03029e+006 911611 818439 756972 717257 675333 647514 622031 620684 599366 601651 583683 580361 575140 576223 585467 577805 564299 550502 543247 528099 495857 484331 480920 485599 485721 492204 500355 501191 523390 526228 537288 542197 546980 555081 561336 561957 546668 517979 521393 533053 555717 573497 602038 591237 561202 535783 507497 525932 580122 632989 1.58598e+007 1.48303e+007 1.51461e+007 1.55049e+007 1.58758e+007 1.62177e+007 1.65104e+007 1.6749e+007 1.69371e+007 1.70823e+007 1.71929e+007 1.72765e+007 1.73394e+007 1.73868e+007 1.74226e+007 1.74496e+007 1.74701e+007 1.74856e+007 1.74975e+007 1.75065e+007 1.75135e+007 1.75188e+007 1.75229e+007 1.7526e+007 1.75285e+007 1.75303e+007 1.75318e+007 1.75329e+007 1.75337e+007 1.75344e+007 1.75349e+007 1.75353e+007 1.75356e+007 1.75358e+007 1.7536e+007 1.75362e+007 1.75363e+007 1.75364e+007 1.75364e+007 1.75365e+007 1.75365e+007 1.75366e+007 1.75366e+007 1.75366e+007 1.75366e+007 1.75366e+007 1.75366e+007 1.75366e+007 1.75366e+007 1.75366e+007 1.75366e+007 1.75366e+007 1.75366e+007 1.75367e+007 1.75367e+007 1.75367e+007 1.75367e+007 1.75367e+007 1.75367e+007 1.75367e+007 1.75367e+007 1.75367e+007 1.75367e+007 1.75367e+007 1.75367e+007 1.75367e+007 1.75367e+007 1.75367e+007 1.75367e+007 1.75367e+007 1.75367e+007 1.75367e+007 1.75367e+007 1.75367e+007 1.75367e+007 1.75367e+007 1.75367e+007 1.75367e+007 1.75367e+007 1.75367e+007 1.75367e+007 1.75367e+007 1.75367e+007 1.75367e+007 1.75367e+007 1.75367e+007 1.75367e+007 1.75367e+007 1.75367e+007 1.75367e+007 1.75367e+007 1.75367e+007 1.75367e+007 1.75367e+007 1.75367e+007 1.75367e+007 1.75367e+007 1.75367e+007 1.75367e+007 1.75367e+007 0 0 0 0 0 0 0 0 0 0 0 0 0 0 0 0 0 0 0 0 0 0 0 0 0
#obs survey bio
 3.88769e+006 3.44048e+006 3.6781e+006 3.32479e+006 3.03084e+006 2.28888e+006 1.37272e+006 1.9631e+006 2.90959e+006 1.2617e+006 1.43254e+006 1.36023e+006 1.16952e+006 1.09712e+006 1.01829e+006 510298 907222 503301 635617 514665 575044 483696 797776 596958 696255 517065 704880 591852 456918 508897 519298 557014 591570 429461 689167 415921 560141 484022 490074 525893 502420 503653 498842 493098 644717 566466 401072 597014 528664 567116 594344 472668 516486 293262 514621 360050 741616 1.03582e+006 623325 688933 512011 344703 538217 510198 756084
#pred catch bio
 96969.2 93362 146690 205285 245499 274993 282919 302027 287129 329301 290202 264945 257729 265532 239130 216631 187824 166618 163721 146368 139383 114976 127722 103918 118047 103553 104214 97576.7 89495.6 102306 104642 101459 92588.4 95911.5 106166 86932 83791.7 82647.9 90128.7 86028.2 85315.2 91788.2 74764.3 92052.3 85462.5 91422.3 92318.4 89961.2 91472.9 95823.1 108641 119321 92911.2 87843.7 79965.5 84577.9 74911 106036 120126 117062 122859 89177.4 67682.6 76910 79408.8 117843 120075 121674 123469 125500 127397 128968 130179 131067 131695 132126 132416 132607 132732 132813 132865 132898 132918 132932 132940 132945 132948 132950 132951 132952 132953 132953 132953 132953 132953 132953 132953 132953 132953 132953 132953 132953 132953 132953 132953 132953 132953 132953 132953 132953 132953 132953 132953 132953 132953 132953 132953 132953 132953 132953 132953 132953 132953 132953 132953 132953 132953 132953 132953 132953 132953 132953 132953 132953 132953 132953 132953 132953 132953 132953 132953 132953 132953 132953 132953 132953 132953 132953 132953 132953 132953 132953 132953 132953 132953 132953 132953 132953 132953 132953 132953 132953 132953 132953 132953 0 0 0 0 0 0 0 0 0 0 0 0 0 0 0 0 0 0 0 0 0 0 0 0 0
#obs catch bio
 0 93077.5 146994 206325 247809 278773 287832 308102 290538 337418 296404 270424 262252 271934 245702 223121 192254 171578 167755 149268 142300 116317 129371 104177 118522 103654 104922 98426.9 89621.3 102481 105129 102109 92347.4 96063 106183 86949.3 83812 82621.3 90400.2 86044.1 85202.2 91962.7 74618.1 92154.7 85238.4 91069.2 92417.2 89945.4 91274.2 95269 107830 118970 92541.1 87980.7 79871.6 85067.2 74688.8 105303 118540 115388 122179 89161.4 67506 77274.4 79367.3
#pred cpue bio
 4.49363e+006 4.20712e+006 3.94622e+006 3.65671e+006 3.34006e+006 3.01887e+006 2.70443e+006 2.4169e+006 2.13904e+006 1.90254e+006 1.64057e+006 1.43815e+006 1.2759e+006 1.1305e+006 981993 865433 774303 714471 676449 636789 610706 586817 586324 566521 569427 552438 549235 544257 545701 555152 548067 535381 522661 516241 502182 471410 459621 454524 457592 457448 464011 472111 472937 494415 497209 507932 512574 517044 525015 531332 532075 517065 488707 491502 502785 525073 542828 571301 561418 531755 505624 476470 492841 544508 595413 1.49614e+007 1.40162e+007 1.43151e+007 1.46443e+007 1.50037e+007 1.53429e+007 1.56351e+007 1.58736e+007 1.60617e+007 1.62069e+007 1.63175e+007 1.64011e+007 1.6464e+007 1.65114e+007 1.65472e+007 1.65742e+007 1.65947e+007 1.66102e+007 1.66221e+007 1.66311e+007 1.66381e+007 1.66434e+007 1.66475e+007 1.66506e+007 1.66531e+007 1.66549e+007 1.66564e+007 1.66575e+007 1.66583e+007 1.6659e+007 1.66595e+007 1.66599e+007 1.66602e+007 1.66604e+007 1.66606e+007 1.66608e+007 1.66609e+007 1.6661e+007 1.6661e+007 1.66611e+007 1.66611e+007 1.66612e+007 1.66612e+007 1.66612e+007 1.66612e+007 1.66612e+007 1.66612e+007 1.66612e+007 1.66612e+007 1.66612e+007 1.66612e+007 1.66613e+007 1.66613e+007 1.66613e+007 1.66613e+007 1.66613e+007 1.66613e+007 1.66613e+007 1.66613e+007 1.66613e+007 1.66613e+007 1.66613e+007 1.66613e+007 1.66613e+007 1.66613e+007 1.66613e+007 1.66613e+007 1.66613e+007 1.66613e+007 1.66613e+007 1.66613e+007 1.66613e+007 1.66613e+007 1.66613e+007 1.66613e+007 1.66613e+007 1.66613e+007 1.66613e+007 1.66613e+007 1.66613e+007 1.66613e+007 1.66613e+007 1.66613e+007 1.66613e+007 1.66613e+007 1.66613e+007 1.66613e+007 1.66613e+007 1.66613e+007 1.66613e+007 1.66613e+007 1.66613e+007 1.66613e+007 1.66613e+007 1.66613e+007 1.66613e+007 1.66613e+007 1.66613e+007 1.66613e+007 1.66613e+007 0 0 0 0 0 0 0 0 0 0 0 0 0 0 0 0 0 0 0 0 0 0 0 0 0
#obs cpue bio
 2.53234e+006 4.07376e+006 4.00508e+006 2.35208e+006 1.66986e+006 2.56696e+006 3.12375e+006 2.88602e+006 2.60776e+006 1.50557e+006 1.53147e+006 1.24512e+006 1.49482e+006 789858 553469 921808 594549 454797 783297 676130 516972 711013 525200 665148 587240 586892 313332 389966 941536 749437 463701 450409 822096 490102 514783 441001 427371 446596 399266 460920 495142 451643 422961 627769 438325 614043 479585 502744 664960 708922 619410 540279 456764 659139 576556 532399 579552 713872 813577 495839 415489 462548 462320 408879 746347
#pred surv len freq
 0.00463487 0.00747297 0.011157 0.0156586 0.0208961 0.0266742 0.0326376 0.0383309 0.0433512 0.0474724 0.0506591 0.0530042 0.0546594 0.0557837 0.0565025 0.056881 0.0569211 0.0565698 0.0557111 0.0541291 0.0514846 0.0473854 0.0415938 0.0342828 0.0261465
 0.00502616 0.00801823 0.0118143 0.0163448 0.0215261 0.0272141 0.0331328 0.0388796 0.0440318 0.0482688 0.0514378 0.0535606 0.0548087 0.0554446 0.0557332 0.0558564 0.055865 0.0556712 0.0550581 0.0536892 0.0511412 0.0470125 0.0411252 0.0337376 0.0256019
 0.00520501 0.00834643 0.0123711 0.0172104 0.0227436 0.0287429 0.0348257 0.0405176 0.0454102 0.0492815 0.0520952 0.0539288 0.0549228 0.0552698 0.0552018 0.0549432 0.0546386 0.0542816 0.0536722 0.0524203 0.0500185 0.046005 0.0401964 0.0328866 0.0248647
 0.00542243 0.00868352 0.0128529 0.0178623 0.0236012 0.029857 0.0362466 0.0422551 0.0473865 0.0513135 0.0539333 0.0553396 0.0557642 0.0555083 0.0548737 0.054107 0.0533612 0.0526565 0.0518305 0.050511 0.0481707 0.0443052 0.0386941 0.0316148 0.0238489
 0.00565136 0.0090547 0.0134092 0.018642 0.0246308 0.0311418 0.0377652 0.0439625 0.049225 0.0532165 0.0558116 0.0570612 0.0571551 0.0563891 0.0551129 0.0536562 0.0522556 0.0509946 0.0497542 0.0481902 0.0457864 0.0420264 0.0366583 0.0299162 0.0225331
 0.00588843 0.00943516 0.0139738 0.0194284 0.0256708 0.0324538 0.0393425 0.0457636 0.0511723 0.0552069 0.0577319 0.0588005 0.0586045 0.0574355 0.0556385 0.0535553 0.051466 0.0495257 0.0476974 0.04571 0.0430962 0.0393571 0.0342212 0.0278687 0.0209557
 0.00610356 0.00978661 0.0145066 0.0201875 0.0266948 0.0337644 0.0409315 0.0475853 0.0531465 0.0572291 0.0596864 0.0605706 0.0600809 0.0585198 0.0562414 0.0535943 0.0508718 0.0482622 0.0457915 0.0432736 0.0403262 0.0365074 0.0315527 0.025593 0.0191924
 0.00629777 0.0101009 0.0149784 0.0208537 0.0275897 0.0349127 0.0423382 0.0492259 0.0549628 0.0591328 0.0615678 0.062311 0.0615656 0.0596468 0.0569243 0.0537595 0.0504567 0.0472238 0.044128 0.0410535 0.0377076 0.0337277 0.0288839 0.0232753 0.0173755
 0.00661652 0.0105937 0.0156737 0.0217642 0.0287145 0.0362411 0.0438482 0.0508797 0.056704 0.0608879 0.0632509 0.0638301 0.0628292 0.0605706 0.057435 0.0537951 0.0499654 0.046168 0.0424996 0.0389 0.0351571 0.0309916 0.0262232 0.0209365 0.0155239
 0.00685323 0.0109836 0.016269 0.0226147 0.0298552 0.0376742 0.0455277 0.052711 0.0585635 0.0626537 0.0648257 0.0651469 0.0638429 0.0612459 0.0577371 0.0536865 0.0494068 0.0451253 0.0409594 0.0368942 0.0327877 0.0284394 0.0237228 0.0187195 0.013754
 0.0071801 0.0115078 0.0170455 0.0236929 0.0312727 0.0394452 0.0476245 0.055048 0.0609952 0.064991 0.0668689 0.0667254 0.064848 0.0616427 0.0575514 0.0529738 0.0482223 0.0435091 0.0389434 0.0345272 0.0301657 0.025722 0.0211186 0.016437 0.0119416
 0.00750661 0.0120154 0.0177676 0.0246486 0.0324692 0.0408793 0.0492794 0.0568849 0.0629461 0.0669561 0.0687196 0.0683152 0.0660337 0.0623115 0.057643 0.0524866 0.0472005 0.0420196 0.0370598 0.0323314 0.0277647 0.0232626 0.01878 0.0143959 0.010323
 0.00785133 0.0125537 0.0185362 0.0256663 0.0337339 0.0423648 0.0509309 0.0586209 0.06467 0.0685737 0.070151 0.0694941 0.0668986 0.0628007 0.0576994 0.0520719 0.0463078 0.0406787 0.0353335 0.0303103 0.025567 0.0210336 0.0166819 0.0125795 0.00889046
 0.00808439 0.0129453 0.0191485 0.026563 0.0349643 0.0439392 0.0527974 0.0606593 0.0667121 0.0704412 0.0716932 0.0706112 0.0675458 0.0629769 0.0574278 0.0513822 0.0452295 0.0392454 0.0335943 0.0283402 0.0234719 0.0189472 0.014749 0.0109285 0.00760238
 0.00837677 0.013413 0.0198397 0.0275213 0.0362252 0.0455204 0.0546826 0.06278 0.0689383 0.0725895 0.0735543 0.0719921 0.0683133 0.0630837 0.0569102 0.0503329 0.0437613 0.0374658 0.0315978 0.0262171 0.0213216 0.0168835 0.0128908 0.00937625 0.00641244
 0.00860296 0.0137753 0.0203755 0.028263 0.0371963 0.0467287 0.0561107 0.0643795 0.0706306 0.0742718 0.0751059 0.0732819 0.0692135 0.0634921 0.0567745 0.0496634 0.042626 0.0359694 0.0298582 0.0243511 0.0194418 0.0150994 0.0113041 0.00806597 0.00541808
 0.00878459 0.0140643 0.0207991 0.0288437 0.037949 0.0476564 0.0571979 0.0655872 0.0718979 0.0755228 0.0762589 0.0742563 0.0699341 0.0638927 0.0568045 0.0492971 0.0418727 0.0348773 0.0285098 0.0228507 0.0179023 0.0136306 0.010001 0.00699661 0.00461257
 0.0087018 0.0139623 0.0207061 0.0288077 0.0380271 0.0478966 0.0576236 0.0661915 0.0726484 0.0763712 0.0771487 0.0751262 0.0707199 0.06453 0.0572322 0.0494642 0.0417473 0.0344559 0.0278234 0.0219643 0.0169057 0.0126237 0.00907617 0.00622252 0.00402339
 0.00861407 0.0138131 0.0204722 0.0284706 0.0375866 0.0473868 0.0571217 0.0658071 0.0724917 0.076514 0.0775999 0.0758332 0.0715895 0.0654534 0.058104 0.050193 0.042262 0.0347126 0.0278117 0.0217108 0.0164705 0.0120887 0.00852744 0.00573152 0.00363389
 0.00866121 0.0138788 0.0205497 0.0285434 0.0376294 0.04737 0.0570202 0.0656131 0.0722282 0.0762398 0.0773977 0.0757814 0.0717309 0.0657781 0.0585536 0.0506812 0.0426993 0.0350253 0.0279541 0.0216714 0.0162726 0.0117832 0.00817844 0.00539914 0.0033598
 0.00864343 0.0138501 0.0205067 0.0284821 0.0375448 0.0472558 0.0568695 0.0654206 0.0719947 0.0759783 0.0771395 0.0755761 0.0716362 0.0658403 0.0587869 0.0510571 0.0431518 0.0354708 0.0283158 0.0218992 0.0163528 0.0117364 0.00804847 0.00523643 0.00320599
 0.00865434 0.0138619 0.0205134 0.0284745 0.0375126 0.0471914 0.0567706 0.0652906 0.0718405 0.0758082 0.0769629 0.0754066 0.0714957 0.0657584 0.058794 0.051171 0.0433656 0.0357489 0.0286033 0.0221402 0.016509 0.0117975 0.00803078 0.0051715 0.00312656
 0.00848828 0.0136012 0.0201386 0.0279747 0.0368886 0.0464599 0.0559701 0.0644835 0.0711069 0.0752317 0.0766123 0.0753206 0.071676 0.0661733 0.0593902 0.0518876 0.0441424 0.0365288 0.0293319 0.0227687 0.0170024 0.012143 0.00824037 0.00527577 0.00316313
 0.00856651 0.0137101 0.0202681 0.0281026 0.0369841 0.0464918 0.0559138 0.0643255 0.0708477 0.0748878 0.0762169 0.0749214 0.071327 0.0659232 0.0592708 0.051908 0.0442891 0.0367711 0.0296283 0.0230742 0.0172764 0.0123574 0.00838455 0.00535627 0.00319731
 0.00855966 0.0136822 0.0201949 0.0279504 0.0367179 0.0460878 0.0553725 0.0636783 0.0701536 0.0742222 0.0756573 0.0745323 0.0711492 0.0659687 0.0595247 0.0523345 0.0448393 0.0373892 0.0302578 0.0236635 0.0177845 0.0127591 0.00867323 0.00554291 0.00330445
 0.00877511 0.0140096 0.0206432 0.028508 0.0373496 0.0467349 0.0559544 0.0641027 0.0703367 0.0741145 0.0752625 0.0739086 0.070393 0.0651895 0.0588205 0.0517747 0.0444576 0.0371851 0.0302042 0.0237172 0.0178972 0.0128879 0.00878761 0.00562772 0.00335793
 0.00869618 0.0139101 0.0205465 0.0284528 0.0373781 0.0468743 0.0562009 0.0644171 0.0706543 0.0743637 0.075384 0.0738714 0.0702022 0.0648847 0.0584652 0.0514384 0.0441974 0.0370337 0.0301656 0.0237712 0.0180095 0.0130212 0.00891189 0.00572538 0.00342417
 0.00858204 0.0137368 0.0203103 0.0281631 0.0370613 0.0465741 0.0559753 0.0643252 0.0707345 0.0746122 0.0757482 0.074265 0.0705362 0.0650979 0.0585405 0.0514012 0.0440997 0.0369321 0.0301025 0.0237653 0.0180558 0.0130997 0.00899871 0.00580171 0.00348066
 0.00855769 0.0136774 0.0201849 0.027933 0.0366923 0.0460561 0.0553395 0.0636484 0.0701242 0.074178 0.0755693 0.0743657 0.0708787 0.0655958 0.0590895 0.0519127 0.044524 0.037261 0.0303561 0.0239711 0.0182339 0.013257 0.00913234 0.00590655 0.0035549
 0.00845642 0.0135227 0.0199692 0.0276517 0.0363392 0.0456206 0.0548091 0.0630212 0.0694274 0.0734797 0.0749733 0.0739848 0.070796 0.0658333 0.0595993 0.0525958 0.0452657 0.0379657 0.0309666 0.0244685 0.018624 0.013555 0.00935321 0.00606292 0.00365854
 0.00830995 0.0133211 0.019733 0.0274221 0.0361654 0.0455388 0.0548242 0.0631013 0.0695128 0.0735045 0.0748916 0.073793 0.0705399 0.065593 0.0594568 0.0526005 0.045417 0.0382212 0.0312661 0.0247594 0.0188746 0.013754 0.00950214 0.00616856 0.00372906
 0.00817627 0.0131143 0.0194434 0.0270535 0.0357402 0.0451022 0.0544422 0.0628468 0.0694388 0.0736175 0.0751421 0.0740938 0.0708045 0.0657723 0.0595543 0.0526601 0.0454929 0.0383482 0.0314469 0.024971 0.019085 0.0139377 0.00964638 0.00627209 0.00379752
 0.00821911 0.0131549 0.0194514 0.0269832 0.0355446 0.0447534 0.0539519 0.0622724 0.0688725 0.0731611 0.074876 0.0740518 0.0709633 0.0660643 0.0598976 0.0529917 0.0457861 0.0386077 0.0316888 0.0252044 0.0193054 0.0141323 0.00980371 0.00638765 0.00387461
 0.00799518 0.0128401 0.0190666 0.0265731 0.0351577 0.0444149 0.0536475 0.0619592 0.0685126 0.0727572 0.074485 0.0737654 0.0708678 0.0662014 0.0602488 0.0534906 0.0463491 0.0391641 0.0321957 0.025644 0.0196736 0.0144291 0.0100307 0.00654965 0.0039811
 0.00799939 0.0128167 0.0189783 0.0263748 0.0348168 0.0439386 0.0530963 0.0614305 0.0680975 0.0724972 0.074361 0.0737267 0.0708764 0.0662571 0.0603792 0.0537209 0.0466776 0.039559 0.0326105 0.0260363 0.0200154 0.0147075 0.0102434 0.0067015 0.00408136
 0.00893873 0.0141679 0.0206834 0.0282617 0.0366401 0.0454515 0.0541159 0.0618699 0.0679673 0.0718871 0.0734082 0.0725759 0.069646 0.0650284 0.059208 0.0526549 0.0457603 0.0388206 0.0320577 0.0256512 0.0197654 0.0145566 0.0101597 0.00665983 0.00406366
 0.00969331 0.0153493 0.0223682 0.0304666 0.0392923 0.0483581 0.056954 0.0642309 0.0694657 0.072291 0.0727174 0.0710032 0.0675203 0.0626805 0.0568947 0.0505359 0.0439163 0.0372818 0.0308256 0.0247084 0.0190793 0.0140838 0.00985258 0.00647292 0.00395779
 0.00962067 0.0153368 0.0225447 0.0310176 0.0404113 0.0501662 0.0594214 0.0671408 0.072441 0.0748763 0.0744927 0.0716947 0.0670736 0.0612629 0.0548235 0.0481703 0.0415626 0.0351474 0.0290193 0.023265 0.0179862 0.0133004 0.00932391 0.00613893 0.00376161
 0.00919971 0.0147159 0.0217357 0.0300934 0.0395121 0.0494935 0.0592129 0.0676162 0.0737179 0.076888 0.0769595 0.0741833 0.0691267 0.0625425 0.055202 0.0477375 0.0405578 0.0338595 0.0277007 0.0220865 0.0170328 0.0125905 0.00883392 0.00582535 0.00357607
 0.00906431 0.0144799 0.021354 0.0295218 0.0387283 0.0485278 0.0581746 0.0666963 0.0731548 0.0769004 0.0776672 0.0755456 0.0709282 0.0644421 0.0568363 0.048836 0.0410184 0.0337519 0.0272069 0.0214178 0.0163627 0.0120246 0.00841255 0.00554304 0.00340444
 0.00904829 0.0144374 0.0212578 0.0293319 0.0383968 0.0480105 0.0574504 0.0657889 0.0721524 0.0759602 0.0769931 0.0753335 0.0712928 0.0653586 0.0581295 0.0502323 0.0422398 0.0346082 0.0276427 0.0214986 0.016219 0.0117894 0.00818105 0.00536245 0.00328447
 0.00902442 0.0144019 0.0212092 0.0292673 0.0383075 0.0478771 0.0572415 0.0654681 0.0716941 0.075372 0.0763339 0.0747171 0.0708664 0.065256 0.0584161 0.0508668 0.0430795 0.0354609 0.0283395 0.02195 0.0164273 0.0118202 0.00811876 0.00527492 0.0032095
 0.00909713 0.0145105 0.0213547 0.0294445 0.0385054 0.0480811 0.0574322 0.0656186 0.0717682 0.0753281 0.0761381 0.0743635 0.0703951 0.0647555 0.0580015 0.0506377 0.0430769 0.0356482 0.0286216 0.0222195 0.0166104 0.0118969 0.00811276 0.00522712 0.00315467
 0.00892821 0.0142507 0.020992 0.0289782 0.0379479 0.0474578 0.0567835 0.0649995 0.0712419 0.0749521 0.0759486 0.0743649 0.0705616 0.0650471 0.0583836 0.0510937 0.0436022 0.0362311 0.029227 0.0227903 0.0170882 0.0122465 0.00833309 0.00534452 0.00320577
 0.00894107 0.0142719 0.0210239 0.0290223 0.0380029 0.0475176 0.0568357 0.0650265 0.0712252 0.0748792 0.0758183 0.0741893 0.0703632 0.0648519 0.058216 0.0509747 0.0435493 0.0362554 0.0293261 0.0229439 0.0172614 0.0124029 0.00844864 0.00541402 0.00323851
 0.00899378 0.0143346 0.0210763 0.0290327 0.0379382 0.0473585 0.0565887 0.0647244 0.0709149 0.0746049 0.0756093 0.0740565 0.0703035 0.0648553 0.0582717 0.0510739 0.0436861 0.0364252 0.029523 0.0231563 0.0174715 0.0125898 0.008596 0.00551564 0.00329913
 0.00894621 0.0142856 0.0210529 0.0290724 0.0380728 0.0475917 0.0568825 0.0650061 0.0711063 0.074656 0.0755164 0.073856 0.0700494 0.0645973 0.0580434 0.0508929 0.0435596 0.0363544 0.0295049 0.0231831 0.0175299 0.0126629 0.00866696 0.00557269 0.00333782
 0.00882523 0.0141047 0.0208121 0.0287873 0.0377763 0.0473328 0.0567178 0.0649841 0.071245 0.0749268 0.0758487 0.074165 0.0702712 0.0647103 0.0580657 0.0508631 0.043516 0.0363238 0.0295002 0.0232066 0.0175757 0.0127207 0.00872517 0.00562207 0.00337371
 0.00874571 0.0139705 0.0206018 0.0284805 0.0373616 0.0468193 0.0561457 0.0644257 0.0707911 0.0746612 0.0758206 0.0743705 0.0706548 0.0651854 0.0585466 0.0512908 0.0438672 0.0366031 0.0297247 0.0233923 0.0177324 0.0128515 0.00882985 0.00570017 0.00342699
 0.00872341 0.0139313 0.0205364 0.0283765 0.0372034 0.0465907 0.0558355 0.0640362 0.0703469 0.0742136 0.0754411 0.0741324 0.0706079 0.0653365 0.0588568 0.0516917 0.044287 0.0369889 0.0300502 0.0236537 0.017937 0.0130087 0.00894739 0.00578402 0.00348287
 0.00883787 0.0140958 0.0207436 0.0286047 0.037421 0.0467639 0.0559349 0.0640392 0.0702394 0.0739933 0.0751233 0.0737549 0.0702278 0.0650171 0.0586476 0.0516116 0.044321 0.0370984 0.030192 0.0237942 0.0180583 0.0131053 0.00902022 0.00583638 0.00351833
 0.0090358 0.0144132 0.0212115 0.0292436 0.0382311 0.0477115 0.0569428 0.0649914 0.0710041 0.0744572 0.0752207 0.0734802 0.0696323 0.0641951 0.0577155 0.0506842 0.0434881 0.0364112 0.0296628 0.0234082 0.0177882 0.0129235 0.00890333 0.00576563 0.00347873
 0.00927189 0.0147933 0.0217763 0.0300279 0.0392556 0.04897 0.0583859 0.0665164 0.0724603 0.0756688 0.0760218 0.0737523 0.0693343 0.0633743 0.0564952 0.0492326 0.0419798 0.0349933 0.0284343 0.0224159 0.0170355 0.0123851 0.0085403 0.00553582 0.00334315
 0.00910283 0.0145442 0.0214513 0.0296522 0.0388756 0.0486488 0.0581966 0.0665307 0.0727306 0.0762051 0.0767753 0.0746165 0.070167 0.0640352 0.056886 0.0493219 0.0418047 0.0346389 0.0280014 0.021991 0.0166743 0.0121106 0.00835059 0.00541559 0.00327305
 0.00896584 0.0143174 0.0211039 0.0291578 0.0382237 0.0478607 0.0573389 0.0657146 0.0720913 0.0758673 0.0768183 0.0750507 0.0709281 0.0649968 0.0578901 0.0502194 0.042493 0.0350811 0.0282221 0.0220522 0.0166464 0.0120502 0.00829178 0.00537217 0.00324619
 0.00871066 0.013927 0.0205609 0.0284603 0.0373819 0.0468945 0.056281 0.0646211 0.0710504 0.0749984 0.0762538 0.0749036 0.0712545 0.0657715 0.0590052 0.0515104 0.0437822 0.036222 0.0291287 0.022705 0.0170763 0.0123124 0.00844237 0.00545516 0.00329069
 0.00845205 0.0135315 0.0200126 0.0277619 0.0365542 0.0459734 0.0553158 0.063671 0.0701791 0.0742672 0.0757195 0.0746207 0.0712742 0.066129 0.0596984 0.0524828 0.0449243 0.0373955 0.0302035 0.0235916 0.0177401 0.0127667 0.00872894 0.00562311 0.0033828
 0.00831215 0.0132803 0.0195921 0.0271073 0.035614 0.044739 0.0538464 0.0620965 0.0686727 0.0730011 0.0748266 0.0741755 0.0712953 0.0665924 0.06055 0.0536447 0.0462947 0.0388517 0.0316149 0.0248439 0.0187577 0.0135246 0.00924693 0.0059486 0.00357112
 0.00877106 0.0139553 0.0204725 0.0281287 0.0366643 0.0456772 0.0545246 0.0623848 0.0684895 0.0723427 0.0737775 0.0728904 0.0699576 0.0653709 0.0595709 0.05298 0.0459622 0.0388195 0.0318111 0.0251729 0.0191241 0.013855 0.00950194 0.00612093 0.00367438
 0.0093965 0.0149288 0.0218533 0.0299321 0.0388472 0.0481216 0.0570254 0.0646599 0.0702289 0.0732842 0.0737773 0.0719588 0.0682504 0.0631462 0.0571272 0.0505952 0.0438488 0.0371026 0.0305289 0.0242931 0.01857 0.0135338 0.00932859 0.00603185 0.00362936
 0.00983129 0.0156236 0.0228759 0.0313356 0.0406577 0.0503175 0.0595125 0.0672576 0.0726808 0.0752962 0.0750743 0.0723437 0.0676535 0.0616464 0.0549374 0.0480123 0.0411859 0.034627 0.0284217 0.0226375 0.0173634 0.0127153 0.00881026 0.0057244 0.00345818
 0.0101285 0.016111 0.0236174 0.0323939 0.0420818 0.0521225 0.0616559 0.0696248 0.0750892 0.0775169 0.0768629 0.0734766 0.0679665 0.0610721 0.0535284 0.0459397 0.0387075 0.0320338 0.025978 0.0205349 0.0156995 0.0114995 0.00798834 0.00521005 0.00316035
 0.0100097 0.0159203 0.0233386 0.0320234 0.0416417 0.0516752 0.0613102 0.069521 0.0753595 0.0782339 0.0779998 0.0748985 0.0694564 0.0623822 0.0544413 0.046323 0.0385452 0.0314219 0.0250884 0.0195592 0.0147977 0.010769 0.00746022 0.0048661 0.00295747
 0.00969009 0.0154149 0.0226053 0.0310353 0.0403963 0.050208 0.0597124 0.0679488 0.0740232 0.0773613 0.0777819 0.0754313 0.0706997 0.0641546 0.05646 0.0482772 0.0401774 0.0325864 0.025768 0.0198395 0.0148155 0.0106594 0.00732182 0.00475097 0.00288089
 0.009197 0.0146896 0.0216542 0.0299106 0.0391762 0.048968 0.0585066 0.0668149 0.0730044 0.0765287 0.07724 0.0753008 0.0710785 0.0650718 0.0578434 0.0499543 0.0419153 0.0341575 0.0270123 0.0206981 0.0153231 0.010907 0.00741182 0.00476556 0.00287035
#obs surv len freq
 nan nan nan nan nan nan nan nan nan nan nan nan nan nan nan nan nan nan nan nan nan nan nan nan nan
 0.00448589 0.00734784 0.0111784 0.0159952 0.0216962 0.0279717 0.0342856 0.0400163 0.0446953 0.0481583 0.0505154 0.0520104 0.0529019 0.0534137 0.0537274 0.0539819 0.0542602 0.0545527 0.0546913 0.0542832 0.0527213 0.0493536 0.0438037 0.0362841 0.0276682
 0.0046166 0.00756292 0.0115065 0.0164635 0.0223236 0.0287584 0.0352028 0.0410042 0.0456709 0.0490329 0.0512111 0.0524718 0.0531013 0.0533506 0.0534247 0.0534771 0.0535973 0.0537747 0.0538376 0.0533909 0.0518296 0.048506 0.0430453 0.0356533 0.0271861
 0.0047752 0.00782314 0.0119027 0.0170294 0.0230859 0.0297265 0.0363574 0.0422909 0.0470055 0.0503139 0.0523347 0.0533453 0.0536538 0.0535407 0.0532438 0.0529476 0.052765 0.0527 0.0525874 0.052036 0.0504457 0.0471739 0.0418452 0.0346514 0.026419
 0.00497818 0.00815078 0.0123916 0.0177127 0.0239876 0.0308528 0.0376865 0.0437689 0.0485508 0.0518298 0.0537208 0.0545057 0.0545017 0.0540054 0.0532778 0.0525341 0.0519205 0.0514727 0.051053 0.0502922 0.0486083 0.0453704 0.0402012 0.0332695 0.0253569
 0.00517697 0.00848154 0.0129032 0.0184546 0.0249992 0.0321468 0.0392331 0.0454924 0.0503431 0.0535737 0.0553092 0.0558482 0.0555228 0.0546396 0.0534696 0.0522427 0.0511287 0.0501971 0.0493507 0.048265 0.0463985 0.0431493 0.0381444 0.0315232 0.0240063
 0.00540666 0.00885567 0.0134681 0.0192551 0.0260719 0.0335077 0.0408638 0.0473317 0.0522918 0.0555097 0.0571063 0.0573916 0.0567179 0.0554146 0.0537713 0.0520317 0.0503799 0.0489073 0.0475549 0.0460513 0.0439162 0.0405977 0.0357416 0.0294588 0.0223969
 0.00564096 0.00924083 0.0140556 0.0200955 0.0272046 0.034946 0.0425793 0.0492503 0.0543054 0.0574976 0.0589528 0.0589941 0.0579873 0.0562747 0.0541595 0.051899 0.0496916 0.0476493 0.045747 0.0437672 0.0412991 0.0378572 0.033121 0.02718 0.0206041
 0.00588018 0.00963102 0.0146455 0.020932 0.0283248 0.0363639 0.0442714 0.0511491 0.0563077 0.0594826 0.0608016 0.0606017 0.0592671 0.0571573 0.0545879 0.0518249 0.0490754 0.0464662 0.0440024 0.0415196 0.0386801 0.0350731 0.0304238 0.0248087 0.0187221
 0.0061314 0.0100425 0.0152703 0.0218209 0.0295161 0.0378674 0.0460526 0.0531249 0.0583594 0.0614804 0.0626259 0.0621539 0.060471 0.0579552 0.0549357 0.0516866 0.0484196 0.0452701 0.0422658 0.039289 0.036073 0.0322854 0.027704 0.0224006 0.0167983
 0.0063677 0.0104322 0.0158672 0.0226784 0.0306769 0.0393462 0.047819 0.0550971 0.0604157 0.063483 0.0644448 0.0636817 0.0616285 0.0586893 0.0552137 0.0514872 0.0477263 0.0440707 0.0405639 0.0371263 0.0335545 0.0295907 0.0250668 0.0200557 0.0149164
 0.00661992 0.0108427 0.016486 0.0235525 0.0318417 0.0408114 0.0495538 0.057024 0.0624198 0.065432 0.0662104 0.0651541 0.0627236 0.0593512 0.0554116 0.0512087 0.0469691 0.0428386 0.0388727 0.0350213 0.031134 0.0270183 0.0225563 0.0178238 0.0131227
 0.00685387 0.0112293 0.017079 0.0244048 0.0329936 0.0422726 0.051286 0.0589368 0.0643857 0.0673133 0.0678828 0.0665189 0.0637093 0.0599114 0.0555211 0.0508592 0.0461646 0.0415924 0.0372108 0.0329957 0.0288403 0.0246066 0.0202182 0.0157527 0.0114608
 0.00706743 0.011581 0.0176166 0.025176 0.0340364 0.0436007 0.0528729 0.0607084 0.0662294 0.0690978 0.0694803 0.0678218 0.0646392 0.060421 0.0555903 0.0504883 0.0453661 0.040388 0.0356342 0.0311029 0.0267242 0.0224042 0.0180994 0.0138858 0.00996762
 0.00728744 0.0119395 0.0181577 0.0259407 0.0350545 0.0448775 0.054376 0.0623634 0.0679296 0.0707245 0.0709212 0.068983 0.0654506 0.0608376 0.0555921 0.0500764 0.044558 0.0392124 0.034132 0.0293342 0.0247787 0.0204061 0.0161975 0.0122234 0.00864587
 0.00745458 0.0122157 0.0185814 0.0265503 0.0358802 0.0459289 0.0556293 0.0637573 0.0693745 0.0721193 0.0721704 0.0700061 0.066186 0.061243 0.0556432 0.0497662 0.0438948 0.0382189 0.0328462 0.0278137 0.0231073 0.0186955 0.0145762 0.0108125 0.00752833
 0.00754005 0.0123565 0.0187976 0.0268634 0.0363113 0.0464942 0.0563341 0.0645906 0.0703064 0.0731028 0.0731449 0.0709039 0.0669393 0.0617909 0.0559378 0.049775 0.0436022 0.0376272 0.0319779 0.0267148 0.0218505 0.0173786 0.0133111 0.00970312 0.00664586
 0.00759081 0.0124348 0.0189082 0.0270094 0.0364958 0.0467226 0.0566147 0.064934 0.0707222 0.0735948 0.0737059 0.0715107 0.0675514 0.0623536 0.0563892 0.0500556 0.0436641 0.0374419 0.031541 0.0260507 0.0210138 0.0164508 0.0123883 0.00887632 0.0059793
 0.00764903 0.0125212 0.0190227 0.0271466 0.0366467 0.0468775 0.0567669 0.0650822 0.0708724 0.0737605 0.0739053 0.0717602 0.067856 0.0626997 0.056742 0.0503635 0.0438685 0.0374901 0.0313991 0.0257134 0.0205091 0.0158374 0.011744 0.00827896 0.00548707
 0.0077382 0.0126579 0.0192126 0.0273881 0.0369298 0.0471837 0.0570699 0.0653511 0.0710796 0.0738913 0.0739643 0.0717698 0.0678485 0.0627047 0.0567748 0.0504174 0.0439151 0.0374868 0.0313031 0.0254971 0.0201721 0.0154101 0.0112796 0.00783753 0.00511675
 0.00776389 0.0127006 0.0192782 0.0274821 0.0370556 0.0473399 0.0572476 0.0655346 0.071249 0.0740282 0.0740568 0.0718168 0.0678598 0.0626981 0.0567698 0.0504266 0.0439366 0.0375019 0.0312813 0.0254084 0.020001 0.0151644 0.01099 0.00754623 0.00486252
 0.00782884 0.0127955 0.0194014 0.0276257 0.0372082 0.0474913 0.0573915 0.0656681 0.0713696 0.0741309 0.0741339 0.0718599 0.0678642 0.0626661 0.0567114 0.0503561 0.0438661 0.0374345 0.0312083 0.0253133 0.0198688 0.0149918 0.0107897 0.00734286 0.00468206
 0.00785431 0.0128419 0.0194799 0.0277478 0.0373806 0.0477094 0.0576354 0.0659056 0.0715671 0.0742652 0.0741988 0.0718633 0.0678199 0.0625874 0.0566084 0.0502379 0.0437414 0.0373102 0.0310867 0.0251903 0.0197374 0.014848 0.0106374 0.00719403 0.00455146
 0.00786252 0.0128482 0.0194769 0.0277265 0.0373354 0.0476439 0.057566 0.065857 0.0715614 0.0743111 0.0742877 0.0719746 0.0679317 0.0626842 0.0566831 0.0502891 0.0437709 0.0373202 0.0310787 0.0251647 0.0196932 0.0147855 0.0105608 0.00711203 0.00447485
 0.00788313 0.0128766 0.0195099 0.0277569 0.0373527 0.047637 0.0575264 0.0657835 0.0714634 0.0742091 0.0742072 0.0719372 0.0679459 0.0627426 0.0567681 0.0503808 0.0438536 0.037385 0.0311217 0.0251849 0.0196913 0.0147636 0.0105236 0.00706662 0.00442939
 0.00789281 0.0128899 0.0195254 0.0277711 0.0373606 0.0476326 0.0575041 0.0657385 0.0713942 0.0741193 0.0741078 0.0718455 0.0678816 0.0627212 0.0567944 0.0504474 0.0439442 0.0374807 0.031207 0.0252498 0.0197318 0.0147804 0.0105208 0.00705084 0.00440795
 0.0079052 0.0129069 0.019545 0.0277895 0.0373726 0.0476334 0.0574901 0.0657083 0.071348 0.074059 0.0740368 0.0717701 0.0678112 0.0626674 0.0567683 0.0504557 0.0439857 0.0375463 0.0312824 0.0253208 0.0197878 0.0148167 0.0105379 0.00705321 0.00440163
 0.00790075 0.0128996 0.0195337 0.027773 0.0373494 0.0476022 0.0574501 0.0656598 0.071293 0.0740008 0.0739803 0.0717203 0.0677726 0.062644 0.0567638 0.0504734 0.0440269 0.0376085 0.0313584 0.0253999 0.0198592 0.0148724 0.0105751 0.00707341 0.00440948
 0.00788389 0.0128717 0.019491 0.027712 0.0372685 0.0475027 0.057338 0.0655452 0.0711879 0.0739161 0.073923 0.0716931 0.0677747 0.0626724 0.0568149 0.0505434 0.0441125 0.0377057 0.0314621 0.0255029 0.0199532 0.0149502 0.0106328 0.00711121 0.00443095
 0.00786453 0.0128371 0.0194334 0.0276226 0.0371403 0.0473346 0.0571379 0.0653309 0.0709835 0.073746 0.0738066 0.0716408 0.0677877 0.0627436 0.0569321 0.0506922 0.0442792 0.0378788 0.0316318 0.0256609 0.0200922 0.0150645 0.0107194 0.00717113 0.00446827
 0.00784193 0.0127995 0.0193751 0.0275376 0.0370232 0.0471823 0.0569522 0.0651204 0.0707637 0.0735381 0.0736339 0.0715246 0.0677423 0.0627736 0.0570313 0.0508466 0.0444702 0.0380872 0.0318404 0.025856 0.0202634 0.0152053 0.0108271 0.00724696 0.00451698
 0.00785111 0.0128085 0.0193776 0.027524 0.0369826 0.0471065 0.0568388 0.0649737 0.0705937 0.0733585 0.07346 0.0713731 0.0676296 0.0627138 0.0570329 0.0509097 0.0445864 0.0382413 0.0320141 0.026031 0.0204247 0.0153423 0.0109344 0.00732409 0.00456761
 0.00781868 0.0127619 0.0193185 0.0274569 0.0369125 0.0470354 0.056764 0.0648891 0.0704943 0.0732443 0.0733383 0.0712569 0.0675343 0.0626534 0.0570179 0.0509455 0.044672 0.0383689 0.03217 0.0261981 0.020586 0.015484 0.0110482 0.00740753 0.0046233
 0.00776946 0.0126804 0.0191939 0.0272802 0.0366808 0.0467572 0.0564622 0.0645983 0.0702505 0.073073 0.0732483 0.0712416 0.0675802 0.0627475 0.0571514 0.0511129 0.0448688 0.0385885 0.0324024 0.0264297 0.0208017 0.0156707 0.0111972 0.00751677 0.00469638
 0.00775097 0.0126452 0.0191313 0.0271768 0.0365238 0.0465394 0.0561877 0.0642852 0.0699299 0.0727828 0.0730246 0.0711099 0.0675498 0.0628114 0.0572914 0.0513076 0.0450989 0.0388386 0.0326592 0.0266804 0.0210332 0.015871 0.0113582 0.00763584 0.00477683
 0.00934407 0.0148758 0.0218245 0.0299473 0.0388871 0.0480896 0.0567386 0.063899 0.0688378 0.071269 0.0713392 0.0694352 0.0660015 0.0614535 0.0561495 0.0503802 0.0443683 0.0382798 0.0322462 0.0263885 0.0208387 0.0157509 0.0112908 0.00760238 0.00476269
 0.0093449 0.0151696 0.0227817 0.0320258 0.0424322 0.0530646 0.0625538 0.0695064 0.0731013 0.0734104 0.0711949 0.0674007 0.0627595 0.0576836 0.0523591 0.0468722 0.0412864 0.03567 0.0301034 0.0246834 0.01953 0.0147892 0.0106202 0.00716265 0.00449408
 0.00898494 0.0146076 0.0220009 0.0310824 0.0415078 0.0524987 0.0628019 0.0709772 0.075912 0.0772047 0.0751883 0.0706757 0.0646473 0.0579951 0.051356 0.0450522 0.0391489 0.0335796 0.0282641 0.0231759 0.0183614 0.0139292 0.0100214 0.006771 0.0042554
 0.00880569 0.0143048 0.0215251 0.0303849 0.0405598 0.0513266 0.0615292 0.0698513 0.0752797 0.0774152 0.0764358 0.0728563 0.0673299 0.0605622 0.0532512 0.0459917 0.0391766 0.0329656 0.0273411 0.0222143 0.0175223 0.0132768 0.00955742 0.00646616 0.00407024
 0.00873007 0.0141735 0.0213111 0.0300556 0.0400813 0.0506737 0.0607005 0.0688869 0.0742791 0.076547 0.0759221 0.0729165 0.0680846 0.0619431 0.0549826 0.0476795 0.0404673 0.0336799 0.0275071 0.0220008 0.0171332 0.0128714 0.00922311 0.00622913 0.00392095
 0.00869798 0.01412 0.0212275 0.0299306 0.0399013 0.0504226 0.0603623 0.06845 0.0737449 0.075942 0.0753125 0.0724142 0.0678324 0.0620686 0.0555333 0.0485749 0.0415084 0.0346254 0.0281739 0.0223278 0.0171762 0.0127461 0.00904154 0.00606403 0.00380161
 0.0086974 0.0141175 0.0212203 0.0299148 0.0398709 0.0503703 0.0602786 0.0683235 0.0735631 0.0756943 0.0749982 0.0720535 0.0674765 0.0617991 0.0554418 0.0487237 0.0418908 0.0351536 0.0287114 0.0227494 0.0174188 0.0128205 0.00900579 0.00598367 0.00372263
 0.0086782 0.0140869 0.0211755 0.0298537 0.0397928 0.0502761 0.0601715 0.0682081 0.0734433 0.0755708 0.0748674 0.0719104 0.0673221 0.0616491 0.0553315 0.0487007 0.0419939 0.0353873 0.0290335 0.0230851 0.0176944 0.0129953 0.00908177 0.00599151 0.00369899
 0.00868191 0.0140914 0.0211796 0.0298549 0.039788 0.0502623 0.0601462 0.06817 0.0733922 0.0755072 0.074792 0.0718232 0.0672232 0.0615415 0.0552255 0.0486168 0.0419596 0.035425 0.0291464 0.0232498 0.0178693 0.0131399 0.00917427 0.00603333 0.00370647
 0.00866119 0.0140631 0.0211466 0.0298232 0.0397641 0.0502504 0.0601461 0.0681766 0.0733981 0.0755054 0.074778 0.0717956 0.0671824 0.0614897 0.0551669 0.0485597 0.0419172 0.035413 0.0291759 0.0233201 0.017965 0.0132373 0.00925238 0.00608258 0.00372946
 0.00866177 0.0140603 0.0211359 0.0297991 0.0397226 0.0501926 0.06008 0.0681154 0.0733547 0.0754869 0.0747823 0.0718134 0.0672025 0.061503 0.0551693 0.0485527 0.0419069 0.0354092 0.0291884 0.0233542 0.018018 0.0132991 0.00930977 0.00612592 0.00375589
 0.00864857 0.0140435 0.021119 0.0297872 0.0397203 0.0502004 0.0600928 0.0681248 0.0733531 0.0754726 0.0747602 0.0717917 0.067187 0.0614946 0.0551646 0.0485472 0.0418991 0.0354014 0.029186 0.0233625 0.0180391 0.0133297 0.00934316 0.00615508 0.00377669
 0.00862035 0.0139985 0.0210533 0.0296989 0.0396114 0.0500785 0.0599715 0.0680211 0.0732823 0.0754422 0.0747685 0.0718304 0.0672462 0.0615662 0.0552425 0.0486262 0.0419743 0.0354695 0.0292463 0.0234164 0.0180885 0.0133753 0.00938351 0.00618781 0.00380027
 0.00862475 0.0140021 0.021052 0.0296868 0.0395819 0.0500269 0.0598979 0.0679315 0.0731879 0.0753572 0.0747059 0.0717985 0.0672465 0.0615941 0.05529 0.0486846 0.0420365 0.0355302 0.0293024 0.0234666 0.0181328 0.0134138 0.00941608 0.00621378 0.00381923
 0.00862163 0.0139986 0.0210496 0.0296871 0.0395853 0.0500314 0.0598981 0.0679198 0.0731582 0.0753081 0.0746431 0.0717332 0.0671919 0.0615603 0.0552813 0.0486992 0.0420685 0.0355721 0.0293475 0.0235103 0.0181723 0.0134478 0.00944407 0.00623555 0.00383495
 0.00862163 0.0139986 0.0210496 0.0296871 0.0395853 0.0500314 0.0598981 0.0679198 0.0731582 0.0753081 0.0746431 0.0717332 0.0671919 0.0615603 0.0552813 0.0486992 0.0420685 0.0355721 0.0293475 0.0235103 0.0181723 0.0134478 0.00944407 0.00623555 0.00383495
 0.00881118 0.0142968 0.0214783 0.0302564 0.0402876 0.050834 0.0607375 0.0687058 0.0737904 0.0757011 0.0747489 0.0715507 0.0667627 0.0609545 0.0545797 0.0479771 0.0413842 0.0349634 0.0288332 0.0230954 0.0178526 0.0132135 0.00928204 0.00613075 0.00377213
 0.0088993 0.0144577 0.0217521 0.0306884 0.0409144 0.0516619 0.0617248 0.0697598 0.0747857 0.0765101 0.0752703 0.0717274 0.0665877 0.0604674 0.053856 0.0471113 0.0404722 0.0340867 0.0280498 0.0224379 0.017332 0.0128247 0.00900876 0.00595122 0.00366269
 0.00873524 0.0142036 0.0213961 0.0302356 0.0403945 0.0511357 0.0612837 0.0695095 0.0748129 0.0768461 0.0758711 0.072485 0.0673647 0.0611386 0.0543383 0.047376 0.0405386 0.0340057 0.0278834 0.0222419 0.0171465 0.0126716 0.00889534 0.0058748 0.00361569
 0.00863563 0.0140242 0.0210954 0.0297683 0.0397277 0.0502731 0.0602861 0.0684978 0.0739456 0.0762779 0.07571 0.0727614 0.0680233 0.0620547 0.0553535 0.0483414 0.0413492 0.0346144 0.0282949 0.0224935 0.0172862 0.0127428 0.00892933 0.00589057 0.00362315
 0.00847965 0.0137716 0.0207166 0.0292358 0.0390203 0.0493851 0.0592393 0.067352 0.0728012 0.0752669 0.0749755 0.0724268 0.0681589 0.0626523 0.0563234 0.0495339 0.0425949 0.0357671 0.0292603 0.023236 0.017817 0.0130993 0.00915618 0.00602789 0.00370211
 0.00854229 0.0138516 0.0207961 0.0292822 0.0389924 0.049243 0.0589542 0.0669125 0.0722164 0.07457 0.0742274 0.0717174 0.0675961 0.0623382 0.0563222 0.0498472 0.0431574 0.0364672 0.0299764 0.0238714 0.0183188 0.0134578 0.00939065 0.00616953 0.00378168
 0.00843208 0.0136887 0.0205801 0.0290214 0.0386984 0.0489233 0.0586086 0.0665353 0.0718039 0.0741285 0.073778 0.0712958 0.0672506 0.0621248 0.056295 0.0500424 0.0435756 0.0370641 0.0306699 0.0245655 0.0189319 0.0139422 0.00973614 0.00639345 0.00391418
 0.00858533 0.0139229 0.0209046 0.0294334 0.0391828 0.0494518 0.0591383 0.0670081 0.0721511 0.0742831 0.0736916 0.0709546 0.0666848 0.0614071 0.0555275 0.0493348 0.0430199 0.0367126 0.0305253 0.0245859 0.0190511 0.0140943 0.00987424 0.00649588 0.00397917
 0.00889471 0.0144352 0.0216892 0.030551 0.0406602 0.051249 0.0611233 0.0689635 0.0738218 0.0754442 0.074202 0.0707768 0.0658736 0.0600863 0.0538647 0.0475176 0.0412303 0.0351016 0.0291919 0.0235687 0.0183336 0.0136237 0.00958484 0.00632712 0.00388502
 0.00909327 0.0147773 0.0222396 0.0313814 0.0418322 0.0527857 0.0629799 0.0710123 0.0758633 0.0772409 0.0755254 0.0714532 0.0658193 0.0593217 0.0525051 0.0457444 0.0392548 0.0331292 0.0273922 0.0220551 0.0171557 0.0127736 0.00901475 0.00597134 0.00367823
 0.00916794 0.0149105 0.0224633 0.031736 0.0423623 0.05353 0.0639575 0.0722098 0.0772258 0.0786681 0.0768767 0.0725639 0.0665307 0.0595172 0.0521415 0.0448652 0.0379816 0.0316329 0.0258558 0.020637 0.0159641 0.0118568 0.00836711 0.0055509 0.00342737
 0.00887496 0.0144516 0.0218086 0.030879 0.0413326 0.0524072 0.0628789 0.0713583 0.0767887 0.0787818 0.0775778 0.073772 0.0680643 0.0611367 0.0536051 0.0459844 0.0386587 0.0318727 0.0257464 0.020311 0.0155556 0.0114686 0.00805688 0.0053346 0.00329359
 0.00863487 0.0140265 0.0211077 0.0298056 0.0398178 0.0504599 0.0606277 0.0690545 0.0747579 0.0773426 0.0769631 0.0740785 0.0692369 0.0629846 0.055844 0.0482984 0.0407684 0.0335883 0.0269916 0.0211129 0.016008 0.0116873 0.00814392 0.00536072 0.003298
 0.00874841 0.0141767 0.0212664 0.0299152 0.0397942 0.0502053 0.0600526 0.0681091 0.0734677 0.0758327 0.075453 0.0728351 0.0684996 0.0628921 0.0563944 0.0493541 0.0421027 0.034954 0.0281879 0.0220261 0.0166176 0.0120412 0.00831981 0.00543334 0.0033212
#pred catch len freq
 0.00336692 0.00539694 0.00801432 0.0112243 0.015054 0.0195226 0.0245763 0.0300557 0.0357174 0.0412829 0.0464821 0.0510914 0.0549663 0.0580479 0.0603401 0.0618743 0.0626825 0.062775 0.062101 0.060488 0.0576077 0.0530553 0.046585 0.0384022 0.0292901
 0.00366648 0.00581786 0.00852967 0.0117786 0.0155928 0.0200312 0.025098 0.0306669 0.0364672 0.0421328 0.0472897 0.0516548 0.0551071 0.0576908 0.0595498 0.060835 0.0616302 0.0619093 0.0615124 0.0601349 0.0573557 0.052759 0.0461659 0.0378781 0.0287458
