SBPRF35
7.78865
Curr Bio
617199
B35
682785
F35
0.22308
FOFL
0.202035
OFL
96323.5
Bzero
2.22533e+006
#pred survey bio
 4.8719e+006 4.56889e+006 4.2867e+006 3.96852e+006 3.61725e+006 3.26825e+006 2.9128e+006 2.60193e+006 2.29619e+006 2.02809e+006 1.77562e+006 1.54892e+006 1.34934e+006 1.18977e+006 1.05177e+006 940260 860160 789944 747884 709607 684324 652879 649679 641420 614396 608730 598797 603031 602467 595320 586954 585045 579042 575905 567563 550072 527090 517993 511992 521818 533881 539605 549280 558862 558788 556121 549100 551678 547046 547622 545005 531743 549501 568639 574677 579003 581094 605544 618284 2.17913e+007 1.31167e+007 1.33284e+007 1.38349e+007 1.44857e+007 1.51379e+007 1.57147e+007 1.6188e+007 1.65581e+007 1.68385e+007 1.70467e+007 1.71994e+007 1.73108e+007 1.73919e+007 1.74511e+007 1.74944e+007 1.75263e+007 1.75498e+007 1.75673e+007 1.75805e+007 1.75903e+007 1.75978e+007 1.76034e+007 1.76077e+007 1.7611e+007 1.76135e+007 1.76154e+007 1.76169e+007 1.7618e+007 1.76189e+007 1.76196e+007 1.76201e+007 1.76205e+007 1.76208e+007 1.76211e+007 1.76212e+007 1.76214e+007 1.76215e+007 1.76216e+007 1.76217e+007 1.76217e+007 1.76217e+007 1.76218e+007 1.76218e+007 1.76218e+007 1.76218e+007 1.76218e+007 1.76219e+007 1.76219e+007 1.76219e+007 1.76219e+007 1.76219e+007 1.76219e+007 1.76219e+007 1.76219e+007 1.76219e+007 1.76219e+007 1.76219e+007 1.76219e+007 1.76219e+007 1.76219e+007 1.76219e+007 1.76219e+007 1.76219e+007 1.76219e+007 1.76219e+007 1.76219e+007 1.76219e+007 1.76219e+007 1.76219e+007 1.76219e+007 1.76219e+007 1.76219e+007 1.76219e+007 1.76219e+007 1.76219e+007 1.76219e+007 1.76219e+007 1.76219e+007 1.76219e+007 1.76219e+007 1.76219e+007 1.76219e+007 1.76219e+007 1.76219e+007 1.76219e+007 1.76219e+007 1.76219e+007 1.76219e+007 1.76219e+007 1.76219e+007 1.76219e+007 1.76219e+007 1.76219e+007 1.76219e+007 1.76219e+007 1.76219e+007 1.76219e+007 1.76219e+007 1.76219e+007 0 0 0 0 0 0 0 0 0 0 0 0 0 0 0 0 0 0 0 0 0 0 0 0 0
#obs survey bio
 3.6124e+006 3.3305e+006 4.12744e+006 3.66506e+006 3.69496e+006 1.795e+006 2.78819e+006 1.67563e+006 2.71114e+006 1.95175e+006 1.13022e+006 1.04592e+006 1.24464e+006 1.16464e+006 747336 723535 930170 749724 669870 505150 689029 751105 688349 537420 471409 747741 525429 507661 857212 478452 406388 550800 733170 643802 493945 605932 814333 664262 617947 431241 584180 443526 628364 612546 565137 627067 493416 499994 669604 533095 543292 522281 460655 505182 454501 467493 608578 756808 550235
#pred catch bio
 92790.4 91500.4 148656 208086 239382 280771 274266 300134 292575 301278 297003 286212 259770 246885 227136 200515 189674 162283 155590 140823 141556 114055 116115 129186 108712 110156 96492.9 99496 103270 102196 94704 95486.7 89772.6 90699.3 94692.6 97535.5 87981.3 89333.6 79431.1 80184 86458.7 83262.6 83491.8 91380.6 92785.8 95551.2 87029.1 92834.6 88207.7 91483.4 101076 76036.2 76368.4 87834.5 90034.3 93773.6 77794.4 90779.5 99547.2 96323.5 105039 105521 108305 112686 117238 121219 124390 126767 128474 129661 130467 131005 131358 131588 131735 131830 131890 131928 131952 131967 131976 131982 131986 131988 131990 131990 131991 131991 131992 131992 131992 131992 131992 131992 131992 131992 131992 131992 131992 131992 131992 131992 131992 131992 131992 131992 131992 131992 131992 131992 131992 131992 131992 131992 131992 131992 131992 131992 131992 131992 131992 131992 131992 131992 131992 131992 131992 131992 131992 131992 131992 131992 131992 131992 131992 131992 131992 131992 131992 131992 131992 131992 131992 131992 131992 131992 131992 131992 131992 131992 131992 131992 131992 131992 131992 131992 131992 131992 131992 0 0 0 0 0 0 0 0 0 0 0 0 0 0 0 0 0 0 0 0 0 0 0 0 0
#obs catch bio
 0 91267.3 149109 208987 239816 283422 276191 304275 295337 304227 302538 293218 264178 252421 233014 205746 193391 164720 158041 143136 144018 114559 116810 130201 109720 111167 96743.8 99929.9 103537 102758 95296.5 96118.6 89757.3 90612.9 94768.8 97337.9 87773.8 88947.9 78876.5 80199.6 86344 83046.7 83007.6 90856.2 92240.3 94863.9 86636.1 92495.2 87517.3 90748.8 101195 75900.8 76153.9 87721.8 89718.5 94002.4 77637.1 90676.1 99608.9
#pred cpue bio
 4.79802e+006 4.49836e+006 4.21856e+006 3.90209e+006 3.5531e+006 3.20585e+006 2.85212e+006 2.54287e+006 2.23923e+006 1.97308e+006 1.72233e+006 1.49741e+006 1.30013e+006 1.14254e+006 1.00625e+006 896384 818102 750141 709707 672975 648988 619213 616696 609060 582966 577712 568587 573034 572743 566153 558341 556923 551812 549522 542117 525636 502714 492342 485400 494548 506326 512156 521765 531211 531230 528757 521999 524512 520077 520596 517749 504464 521604 540507 546548 550355 551733 575043 587124 2.06922e+007 1.24563e+007 1.26044e+007 1.30305e+007 1.36545e+007 1.43011e+007 1.48769e+007 1.53501e+007 1.57201e+007 1.60005e+007 1.62087e+007 1.63614e+007 1.64728e+007 1.6554e+007 1.66131e+007 1.66564e+007 1.66883e+007 1.67118e+007 1.67294e+007 1.67425e+007 1.67523e+007 1.67598e+007 1.67654e+007 1.67697e+007 1.6773e+007 1.67755e+007 1.67774e+007 1.67789e+007 1.67801e+007 1.67809e+007 1.67816e+007 1.67821e+007 1.67825e+007 1.67828e+007 1.67831e+007 1.67833e+007 1.67834e+007 1.67835e+007 1.67836e+007 1.67837e+007 1.67837e+007 1.67838e+007 1.67838e+007 1.67838e+007 1.67838e+007 1.67838e+007 1.67839e+007 1.67839e+007 1.67839e+007 1.67839e+007 1.67839e+007 1.67839e+007 1.67839e+007 1.67839e+007 1.67839e+007 1.67839e+007 1.67839e+007 1.67839e+007 1.67839e+007 1.67839e+007 1.67839e+007 1.67839e+007 1.67839e+007 1.67839e+007 1.67839e+007 1.67839e+007 1.67839e+007 1.67839e+007 1.67839e+007 1.67839e+007 1.67839e+007 1.67839e+007 1.67839e+007 1.67839e+007 1.67839e+007 1.67839e+007 1.67839e+007 1.67839e+007 1.67839e+007 1.67839e+007 1.67839e+007 1.67839e+007 1.67839e+007 1.67839e+007 1.67839e+007 1.67839e+007 1.67839e+007 1.67839e+007 1.67839e+007 1.67839e+007 1.67839e+007 1.67839e+007 1.67839e+007 1.67839e+007 1.67839e+007 1.67839e+007 1.67839e+007 1.67839e+007 1.67839e+007 1.67839e+007 0 0 0 0 0 0 0 0 0 0 0 0 0 0 0 0 0 0 0 0 0 0 0 0 0
#obs cpue bio
 3.24208e+006 3.56544e+006 4.63316e+006 4.16031e+006 4.64676e+006 2.2895e+006 3.02809e+006 2.34938e+006 2.51163e+006 2.09463e+006 1.20049e+006 1.27216e+006 1.68887e+006 696085 853718 725748 879132 658177 649582 621018 584205 750831 511123 736558 443032 505608 766874 612142 460026 537938 620620 584434 658123 539295 558483 644026 309997 536881 481023 350156 601195 659521 624309 562432 549963 610787 451451 665865 585868 594181 345203 453894 770358 629204 788843 489814 528840 556566 575184
#pred surv len freq
 0.0045212 0.00734015 0.0110515 0.0156511 0.021057 0.0270378 0.0331751 0.0389534 0.0439426 0.0479333 0.0509373 0.0530991 0.0546063 0.0556318 0.0562981 0.056658 0.0566985 0.0563526 0.0554939 0.053902 0.0512399 0.047124 0.041328 0.0340332 0.0259341
 0.00480506 0.00773022 0.0115106 0.0161114 0.0214524 0.0273478 0.0334472 0.0392785 0.0443916 0.048492 0.0514875 0.0534615 0.0546226 0.0552405 0.0555656 0.0557566 0.055841 0.0557131 0.0551445 0.0537933 0.0512375 0.0470822 0.0411604 0.0337416 0.0255854
 0.00490747 0.00793505 0.0118844 0.0167255 0.0223495 0.0285002 0.0347361 0.0405236 0.0454245 0.0492276 0.0519381 0.0536834 0.0546433 0.0550278 0.0550642 0.0549552 0.0548155 0.0546104 0.0541181 0.052935 0.0505491 0.0465023 0.0406223 0.0332197 0.0251018
 0.00507683 0.00819362 0.0122466 0.0172049 0.0229693 0.0293003 0.0357629 0.0417967 0.0468948 0.050758 0.0533322 0.0547534 0.0552714 0.0551828 0.0547707 0.0542585 0.0537754 0.0533162 0.0526935 0.0515118 0.0492272 0.0453296 0.0396074 0.032361 0.024405
 0.00535858 0.00863457 0.0128777 0.0180416 0.024009 0.0305198 0.0371196 0.0432362 0.0483632 0.0522074 0.0547082 0.0559728 0.056216 0.0557224 0.0548056 0.0537505 0.0527528 0.051863 0.0509337 0.0495941 0.0473033 0.0435302 0.0380271 0.031056 0.0233967
 0.00560543 0.0090411 0.0134988 0.0189305 0.0252046 0.0320284 0.0388961 0.0451798 0.0503356 0.0540662 0.0563374 0.0572948 0.0571802 0.0562833 0.0549078 0.0533362 0.0517872 0.0503621 0.0489789 0.0473278 0.0449085 0.0411997 0.035931 0.0293143 0.0220645
 0.00587839 0.00947911 0.0141487 0.0198359 0.0264024 0.0335403 0.0407144 0.0472529 0.0525612 0.0562987 0.0584074 0.0590388 0.058469 0.0570367 0.0550883 0.05293 0.0507908 0.0487885 0.0468801 0.0448175 0.0421671 0.0384523 0.0334041 0.0271866 0.0204307
 0.00609869 0.0098397 0.0146965 0.0206175 0.0274576 0.0348902 0.0423489 0.0491246 0.0545898 0.0583808 0.060425 0.0608632 0.0599675 0.0580857 0.0555899 0.0528219 0.0500473 0.0474176 0.0449296 0.0423894 0.0394306 0.0356358 0.0307568 0.0249216 0.0186738
 0.0064046 0.0103215 0.0153937 0.0215594 0.028662 0.0363599 0.0440644 0.051036 0.0566163 0.0604184 0.0623588 0.0625794 0.0613607 0.0590619 0.0560673 0.052733 0.0493451 0.0460856 0.0429957 0.0399424 0.0366325 0.032716 0.0279771 0.0225166 0.0167921
 0.00677618 0.0109043 0.0162312 0.022678 0.0300669 0.0380309 0.0459488 0.0530481 0.0586478 0.0623573 0.0641054 0.0640518 0.0624925 0.0597966 0.0563535 0.0525228 0.0485956 0.0447693 0.041118 0.0375666 0.0338978 0.0298371 0.0252111 0.0201029 0.0148894
 0.00706411 0.0113872 0.0169844 0.0237783 0.0315737 0.0399564 0.0482317 0.0555477 0.0611693 0.0646969 0.066092 0.0655697 0.0634835 0.0602477 0.0562772 0.0519372 0.0475124 0.0431935 0.039065 0.0350893 0.0311143 0.0269383 0.0224355 0.0176797 0.0129749
 0.00729286 0.0117647 0.0175649 0.024621 0.0327369 0.0414842 0.0501328 0.0577748 0.0636078 0.06717 0.0683851 0.067471 0.0648272 0.0609426 0.0563095 0.0513477 0.0463652 0.0415526 0.0369907 0.0326556 0.0284355 0.0241838 0.019815 0.0153971 0.0111712
 0.00765169 0.0123174 0.018341 0.0256312 0.0339775 0.0429427 0.0517883 0.0595922 0.0655309 0.0691166 0.0702448 0.0691092 0.0660989 0.0617176 0.0564989 0.050921 0.0453482 0.0400107 0.0350118 0.0303445 0.0259217 0.0216303 0.0174087 0.013314 0.00953039
 0.00798017 0.0128427 0.0191138 0.0266889 0.0353329 0.0445698 0.0536109 0.0614892 0.0673637 0.0707647 0.0716295 0.0701897 0.0668509 0.0621118 0.0564943 0.0504762 0.0444401 0.0386509 0.033252 0.0282755 0.0236706 0.019354 0.0152769 0.0114792 0.00809171
 0.00822699 0.0132506 0.0197399 0.0275902 0.0365539 0.0461221 0.0554519 0.0635114 0.0694061 0.0726437 0.0731778 0.0712895 0.0674503 0.0622192 0.0561543 0.0497398 0.0433477 0.0372336 0.0315476 0.026347 0.0216166 0.0173058 0.0133798 0.00986143 0.00683284
 0.0082898 0.0133785 0.0199811 0.0280086 0.0372174 0.0470825 0.0567219 0.065051 0.071121 0.0743967 0.0748073 0.0726356 0.068384 0.0626659 0.0561027 0.0492307 0.04245 0.0360213 0.0300903 0.0247162 0.019898 0.0156049 0.0118127 0.00853069 0.00580111
 0.00831272 0.0134106 0.0200224 0.0280625 0.0372992 0.0472276 0.0569882 0.0655063 0.0718173 0.075341 0.0759445 0.0738523 0.0695331 0.0636004 0.0567076 0.0494426 0.0422608 0.0354676 0.0292375 0.0236453 0.0187005 0.0143811 0.0106641 0.00754413 0.00503069
 0.00842581 0.0135814 0.0202545 0.0283495 0.0376254 0.047572 0.0573296 0.0658316 0.0721304 0.0756659 0.0763169 0.0742981 0.0700449 0.0641268 0.0571624 0.0497307 0.0423072 0.0352371 0.02874 0.0229297 0.017843 0.0134723 0.00979492 0.00679061 0.00443958
 0.00846707 0.0136409 0.0203302 0.0284341 0.0377085 0.0476429 0.0573806 0.0658605 0.0721433 0.0756798 0.0763602 0.0744066 0.0702495 0.0644372 0.0575532 0.0501399 0.0426504 0.035433 0.0287357 0.0227154 0.0174528 0.0129721 0.00926408 0.00630127 0.00404104
 0.00845438 0.0136327 0.0203402 0.0284812 0.0378099 0.0478041 0.057588 0.0660828 0.0723418 0.0758234 0.0764367 0.0744269 0.0702431 0.064441 0.0575971 0.0502322 0.0427696 0.0355333 0.0287632 0.022631 0.017248 0.0126729 0.00891991 0.0059671 0.00375952
 0.00835447 0.0134783 0.020124 0.0282051 0.0374879 0.0474652 0.0572752 0.0658458 0.0722224 0.0758399 0.0765778 0.0746587 0.0705263 0.0647456 0.0579081 0.0505441 0.0430752 0.0358144 0.0289903 0.0227726 0.0172856 0.0126111 0.00878668 0.00580285 0.00360228
 0.00851415 0.013697 0.0203774 0.0284454 0.0376575 0.0475183 0.0571971 0.0656577 0.071972 0.0755843 0.0763659 0.0745197 0.0704656 0.0647504 0.0579572 0.0506183 0.0431615 0.0359024 0.0290671 0.0228213 0.0172906 0.0125664 0.00870065 0.00569553 0.0034967
 0.00849413 0.0136649 0.0203283 0.0283704 0.0375401 0.0473331 0.0569143 0.065257 0.0714627 0.0750188 0.0758354 0.0741274 0.0702909 0.0648216 0.0582473 0.0510618 0.0436799 0.0364251 0.0295416 0.0232139 0.0175842 0.0127588 0.00880374 0.00573177 0.00349278
 0.00851575 0.0136967 0.0203697 0.0284184 0.0375892 0.0473746 0.0569353 0.0652386 0.0713805 0.0748503 0.0755729 0.0737919 0.0699359 0.0645201 0.0580657 0.051035 0.0438008 0.0366526 0.0298192 0.0234883 0.0178166 0.0129293 0.00890985 0.00578419 0.00350877
 0.0085441 0.013763 0.0205059 0.0286638 0.0379773 0.0479135 0.0575913 0.0659349 0.0720139 0.0753175 0.0757957 0.0737332 0.0696067 0.0639781 0.0574043 0.0503606 0.0432051 0.0361907 0.0295033 0.0232966 0.0177112 0.0128727 0.00887511 0.00575701 0.00348468
 0.00842752 0.0135737 0.0202242 0.0282788 0.0374976 0.0473793 0.057079 0.0655439 0.071834 0.0753921 0.0761014 0.0741889 0.0701055 0.064425 0.0577423 0.0505794 0.0433323 0.0362713 0.0295768 0.0233829 0.0178092 0.012969 0.00895513 0.00581318 0.00351763
 0.00854858 0.0137331 0.0203944 0.0284095 0.0375284 0.0472608 0.0567944 0.0651207 0.0713415 0.0749258 0.0757569 0.0740317 0.0701484 0.0646256 0.0580239 0.0508634 0.0435662 0.0364391 0.029691 0.0234666 0.0178804 0.013034 0.00901183 0.00585702 0.00354679
 0.00845556 0.0136056 0.0202442 0.0282571 0.0373899 0.0471323 0.0566439 0.0649 0.0710147 0.0744995 0.0752922 0.0736283 0.0699071 0.0646087 0.0582327 0.0512432 0.044032 0.0369085 0.0301077 0.0238066 0.0181433 0.0132304 0.00915351 0.0059542 0.00360877
 0.00836234 0.0134619 0.0200442 0.0280041 0.0370996 0.0468334 0.0563746 0.0646956 0.0708908 0.0744408 0.0752594 0.0735836 0.0698426 0.0645555 0.0582432 0.0513592 0.0442602 0.0372184 0.0304482 0.0241289 0.0184159 0.0134415 0.00930571 0.00605693 0.00367341
 0.00836072 0.0134526 0.0200178 0.027948 0.0370018 0.0466883 0.0561889 0.0644903 0.0706967 0.0742879 0.0751651 0.0735446 0.0698383 0.0645624 0.058252 0.0513815 0.0443197 0.0373319 0.0306129 0.0243228 0.0186092 0.0136098 0.00943626 0.00614855 0.00373204
 0.00826921 0.0133254 0.0198656 0.0277927 0.0368679 0.0465913 0.056127 0.0644467 0.070651 0.0742297 0.0750999 0.0734899 0.0698117 0.0645715 0.0582928 0.0514451 0.044401 0.0374324 0.0307357 0.0244648 0.0187587 0.0137503 0.0095536 0.00623593 0.00379032
 0.00805619 0.0129999 0.019416 0.027226 0.0362123 0.0458961 0.0554603 0.0638853 0.0702624 0.0740519 0.0751318 0.0736989 0.0701511 0.0649961 0.0587653 0.051935 0.0448831 0.0378875 0.031151 0.0248329 0.0190744 0.0140093 0.00975367 0.00637922 0.00388435
 0.00798388 0.0128684 0.0191931 0.0268758 0.0357066 0.0452321 0.0546758 0.0630604 0.0695036 0.0734642 0.0747914 0.0736365 0.0703503 0.0654048 0.0593142 0.0525553 0.0455179 0.0384952 0.0317044 0.0253154 0.0194776 0.0143308 0.00999618 0.00655028 0.00399588
 0.00784235 0.0126549 0.0189013 0.0265069 0.035264 0.0447152 0.0540804 0.0623897 0.0687838 0.0727553 0.0741834 0.0732268 0.0702132 0.0655668 0.0597474 0.0531902 0.0462664 0.0392728 0.0324439 0.025972 0.0200269 0.0147644 0.0103183 0.00677391 0.00413979
 0.00780976 0.0125894 0.0187805 0.0263044 0.0349579 0.0443006 0.0535764 0.0618361 0.0682263 0.0722313 0.0737189 0.0728466 0.0699518 0.0654672 0.0598457 0.0534952 0.0467496 0.0398746 0.0330908 0.0265958 0.0205771 0.0152128 0.0106572 0.00701115 0.00429298
 0.00848009 0.0135392 0.01995 0.027547 0.0360786 0.0451187 0.0539798 0.0617992 0.0677963 0.0714986 0.0727902 0.0718255 0.0689285 0.0645172 0.0590311 0.0528651 0.0463322 0.0396692 0.033066 0.0266982 0.0207467 0.0153979 0.0108226 0.00713986 0.00438209
 0.00911664 0.0145583 0.0214449 0.0295689 0.0385966 0.0479752 0.0568677 0.0643034 0.0695069 0.0721487 0.0723387 0.0704429 0.0669081 0.0621731 0.0566304 0.0506037 0.0443385 0.0380142 0.0317725 0.0257483 0.0200926 0.0149764 0.0105687 0.00699713 0.00430757
 0.00909491 0.0145977 0.0216439 0.0300693 0.0395517 0.0494923 0.0589473 0.0667998 0.072131 0.074518 0.0740664 0.0712439 0.0666819 0.0610246 0.0548191 0.04845 0.0421374 0.0359847 0.0300456 0.0243781 0.0190751 0.0142689 0.0101089 0.00671857 0.00415078
 0.00904748 0.0145192 0.021529 0.0299277 0.0394252 0.0494719 0.0591721 0.0674238 0.0732559 0.0761198 0.075959 0.0731092 0.0681621 0.0618369 0.0548423 0.0477481 0.0409152 0.0345072 0.0285581 0.0230563 0.0180115 0.0134844 0.00957568 0.00638419 0.00395757
 0.00882409 0.0141832 0.0210736 0.0293646 0.0387821 0.0487897 0.0585098 0.0668687 0.0729285 0.0761572 0.0764699 0.0741136 0.0695477 0.0633668 0.056223 0.0487297 0.0413738 0.0344688 0.0281617 0.0224845 0.0174253 0.0129869 0.00920828 0.00614307 0.00381545
 0.00865362 0.0139101 0.0206716 0.0288156 0.0380842 0.0479672 0.0576209 0.0660035 0.0721947 0.0756613 0.0763023 0.0743375 0.0701831 0.0643676 0.0574614 0.0500112 0.0424898 0.0352654 0.0285867 0.0225879 0.0173188 0.0127904 0.0090107 0.00598945 0.00371531
 0.00863065 0.0138642 0.0205861 0.0286683 0.0378506 0.0476278 0.0571702 0.0654574 0.0715945 0.075072 0.0758047 0.0740159 0.0701092 0.0645828 0.0579596 0.0507277 0.0433064 0.0360394 0.0291958 0.02297 0.0174836 0.0127993 0.00894027 0.00590102 0.00364251
 0.00859438 0.0138046 0.0204949 0.0285359 0.0376664 0.0473816 0.0568543 0.0650713 0.0711493 0.0745942 0.0753379 0.073618 0.0698445 0.0645089 0.0581121 0.0511055 0.0438634 0.0366888 0.0298318 0.0234995 0.0178549 0.0130113 0.00902974 0.005918 0.00362911
 0.00852686 0.0137032 0.0203574 0.0283652 0.0374687 0.047163 0.0566195 0.0648228 0.070889 0.0743254 0.0750688 0.0733651 0.069635 0.0643794 0.0581018 0.0512435 0.0441546 0.0371047 0.0303127 0.0239709 0.0182516 0.0132974 0.00920451 0.00600587 0.00366303
 0.00847743 0.0136348 0.0202768 0.0282862 0.0374082 0.0471346 0.0566274 0.0648591 0.0709347 0.0743549 0.0750565 0.073293 0.0695009 0.0642011 0.0579158 0.0510963 0.0440888 0.0371432 0.0304495 0.0241721 0.0184689 0.0134871 0.00934172 0.00608801 0.0037027
 0.0085094 0.0136736 0.0203115 0.0283006 0.0373873 0.0470744 0.0565407 0.0647722 0.0708755 0.0743384 0.0750767 0.0733259 0.0695162 0.0641762 0.0578461 0.050998 0.043993 0.037084 0.0304491 0.0242322 0.0185707 0.0136013 0.00944189 0.00615989 0.00374531
 0.00856754 0.0137676 0.020451 0.0284907 0.0376246 0.0473415 0.0568047 0.0649914 0.0710135 0.0743785 0.0750266 0.0732096 0.0693584 0.0639924 0.0576421 0.0507785 0.0437696 0.0368771 0.030282 0.0241208 0.0185167 0.013592 0.00945747 0.00618222 0.0037635
 0.00850102 0.0136684 0.0203188 0.0283326 0.0374545 0.0471784 0.0566694 0.0649019 0.0709798 0.0743986 0.075088 0.0732959 0.0694565 0.0640945 0.057743 0.0508722 0.04385 0.0369416 0.0303342 0.0241686 0.0185671 0.0136464 0.00951136 0.00622888 0.00379825
 0.00860467 0.0138135 0.0204941 0.0285136 0.0376111 0.0472868 0.0567215 0.0649063 0.0709542 0.0743603 0.0750461 0.0732502 0.0694009 0.0640232 0.0576551 0.0507722 0.0437455 0.0368406 0.0302438 0.024095 0.0185143 0.0136155 0.009499 0.00622874 0.0038036
 0.00874005 0.0140144 0.0207596 0.0288274 0.0379425 0.047595 0.056962 0.06504 0.070959 0.074241 0.0748351 0.0729952 0.0691474 0.0637997 0.0574704 0.0506215 0.0436197 0.0367327 0.0301514 0.0240188 0.018456 0.0135756 0.0094759 0.0062184 0.00380109
 0.00877201 0.0140855 0.0209008 0.0290758 0.0383278 0.0481196 0.0575857 0.0656806 0.0715131 0.0746154 0.074975 0.0728963 0.0688504 0.0633729 0.0569866 0.0501403 0.0431788 0.0363501 0.0298319 0.023761 0.0182564 0.0134291 0.00937543 0.00615492 0.00376457
 0.00882235 0.0141748 0.0210499 0.0293114 0.0386794 0.0486119 0.0582264 0.0664475 0.072345 0.0754138 0.0756204 0.0732796 0.0689066 0.0631011 0.0564477 0.0494328 0.042408 0.0356029 0.0291658 0.023205 0.0178183 0.0131028 0.00914689 0.00600554 0.00367427
 0.00859431 0.0138174 0.0205388 0.0286387 0.0378616 0.0476997 0.0573118 0.0656579 0.0718178 0.0752568 0.0758748 0.0739022 0.0697804 0.0640704 0.0573639 0.0501933 0.0429717 0.0359815 0.0294003 0.0233423 0.0178967 0.013148 0.00917364 0.00602184 0.0036843
 0.00855113 0.0137223 0.0203501 0.0283033 0.0373294 0.0469475 0.0563652 0.0646004 0.0707801 0.0743905 0.0753194 0.0737525 0.0700607 0.0647255 0.0582722 0.0512013 0.0439375 0.0368075 0.030045 0.0238105 0.0182186 0.0133605 0.00930943 0.00610563 0.00373376
 0.00877969 0.0140577 0.0207855 0.0288023 0.0378283 0.0473632 0.0566073 0.0645889 0.0704698 0.0737949 0.0745212 0.072889 0.0692872 0.0641698 0.0579996 0.0512021 0.0441405 0.0371128 0.0303602 0.0240749 0.0184091 0.0134819 0.00937924 0.00614269 0.00375231
 0.00888556 0.0142438 0.0210892 0.029261 0.0384634 0.0481566 0.0574844 0.0654212 0.0711035 0.074097 0.0744205 0.0723985 0.0685008 0.0632363 0.0570812 0.0504307 0.0435868 0.0367796 0.0301997 0.0240198 0.0184006 0.0134837 0.00937697 0.00613545 0.00374368
 0.00894169 0.0143379 0.0212375 0.029484 0.0387852 0.0486013 0.0580657 0.066127 0.0718815 0.0748485 0.0750158 0.0727114 0.0684525 0.0628267 0.0563923 0.0495987 0.0427571 0.0360641 0.0296537 0.0236439 0.0181611 0.0133371 0.00928723 0.00607943 0.00370864
 0.0088596 0.0142017 0.0210288 0.0291879 0.0383988 0.0481446 0.0575911 0.0657169 0.0716303 0.0748323 0.0752614 0.073179 0.0690419 0.063409 0.056854 0.0498806 0.0428663 0.0360573 0.0296018 0.0236009 0.0181493 0.0133532 0.00931627 0.00610771 0.00372933
 0.00869386 0.0139749 0.0207652 0.0289335 0.0382048 0.0480433 0.0575798 0.0657627 0.0716935 0.0748935 0.0753328 0.0732933 0.0692257 0.0636581 0.0571284 0.0501202 0.0430209 0.0361093 0.0295704 0.0235265 0.0180716 0.0132953 0.0092833 0.00609358 0.00372537
#obs surv len freq
 nan nan nan nan nan nan nan nan nan nan nan nan nan nan nan nan nan nan nan nan nan nan nan nan nan
 0.00448279 0.00734316 0.0111721 0.0159874 0.0216873 0.0279622 0.0342761 0.0400075 0.0446877 0.0481526 0.0505119 0.0520093 0.052903 0.0534168 0.0537321 0.0539879 0.054267 0.0545602 0.0546992 0.0542912 0.0527292 0.049361 0.0438103 0.0362896 0.0276724
 0.00461704 0.00756309 0.0115058 0.0164611 0.0223186 0.0287506 0.0351926 0.0409928 0.0456598 0.0490235 0.0512042 0.0524677 0.0530998 0.0533515 0.0534276 0.0534817 0.0536032 0.0537817 0.0538453 0.053399 0.0518377 0.0485137 0.0430522 0.0356591 0.0271905
 0.00477591 0.00782419 0.011904 0.0170308 0.0230869 0.0297264 0.0363551 0.0422857 0.046997 0.0503026 0.0523221 0.0533334 0.0536442 0.0535345 0.0532413 0.0529485 0.0527688 0.052706 0.052595 0.0520446 0.0504547 0.0471827 0.0418532 0.0346581 0.0264241
 0.00497182 0.00814222 0.012382 0.0177041 0.0239825 0.0308529 0.037692 0.043778 0.0485608 0.0518378 0.0537247 0.0545048 0.0544968 0.0539982 0.0532706 0.0525285 0.0519175 0.0514725 0.0510552 0.0502963 0.0486135 0.045376 0.0402066 0.0332741 0.0253604
 0.00518497 0.00849289 0.0129173 0.0184701 0.0250148 0.0321621 0.0392491 0.0455107 0.0503649 0.0535981 0.0553328 0.0558666 0.0555319 0.0546376 0.0534573 0.0522226 0.0511044 0.0501714 0.0493257 0.0482416 0.0463773 0.0431305 0.0381284 0.0315103 0.0239966
 0.0053995 0.00884605 0.0134573 0.0192453 0.0260652 0.0335054 0.0408651 0.0473347 0.052295 0.0555132 0.0571116 0.0574004 0.0567303 0.0554285 0.0537835 0.0520394 0.0503821 0.048905 0.0475499 0.0460457 0.0439112 0.0405939 0.035739 0.0294571 0.0223958
 0.00564593 0.00924674 0.0140607 0.020097 0.0272002 0.0349354 0.0425649 0.0492365 0.0542967 0.0574961 0.0589581 0.0590038 0.057999 0.0562869 0.0541711 0.0519085 0.0496978 0.0476512 0.0457448 0.0437621 0.0412927 0.0378509 0.0331156 0.0271759 0.0206013
 0.0058827 0.00963491 0.0146508 0.0209383 0.0283307 0.0363671 0.0442689 0.0511385 0.0562887 0.0594579 0.0607765 0.060582 0.0592567 0.0571568 0.0545956 0.0518378 0.0490901 0.0464801 0.0440139 0.041528 0.0386858 0.035077 0.0304266 0.0248108 0.0187238
 0.00614158 0.0100593 0.0152959 0.0218574 0.0295644 0.0379263 0.046118 0.0531895 0.0584142 0.0615171 0.0626394 0.0621441 0.0604424 0.0579152 0.0548917 0.0516439 0.0483805 0.0452345 0.0422324 0.0392567 0.0360416 0.0322559 0.0276776 0.0223787 0.0167818
 0.0063725 0.0104408 0.0158817 0.0227013 0.0307106 0.0393922 0.0478768 0.0551635 0.0604853 0.0635481 0.0644972 0.0637142 0.0616368 0.0586736 0.0551781 0.0514386 0.0476719 0.0440159 0.0405116 0.0370774 0.0335094 0.0295499 0.0250313 0.0200267 0.0148945
 0.00661113 0.0108295 0.0164682 0.023531 0.0318185 0.0407899 0.0495385 0.0570197 0.0624306 0.0654595 0.0662524 0.0652048 0.0627747 0.0593944 0.0554405 0.051221 0.0469664 0.0428252 0.0388531 0.0349995 0.0311125 0.0269985 0.022539 0.0178096 0.013112
 0.00684276 0.0112104 0.0170489 0.0243606 0.0329333 0.0421974 0.0512016 0.0588531 0.0643152 0.0672674 0.0678688 0.0665385 0.0637585 0.0599811 0.0555999 0.0509361 0.0462315 0.0416455 0.0372502 0.0330238 0.0288603 0.0246209 0.0202286 0.0157601 0.0114658
 0.00707881 0.0115965 0.0176345 0.0251924 0.034046 0.0435982 0.0528543 0.0606724 0.0661785 0.0690382 0.0694215 0.0677742 0.0646115 0.0604172 0.0556089 0.0505229 0.0454082 0.0404291 0.0356686 0.0311283 0.0267412 0.0224146 0.0181054 0.0138891 0.00996941
 0.00730805 0.0119743 0.0182119 0.0260192 0.0351589 0.0450036 0.0545114 0.0624889 0.068024 0.0707713 0.0709144 0.0689278 0.0653612 0.0607321 0.0554871 0.0499835 0.0444818 0.0391521 0.0340835 0.0292929 0.0247418 0.020373 0.0161687 0.0122001 0.0086285
 0.00745296 0.0122159 0.0185873 0.0265675 0.0359152 0.045987 0.0557122 0.0638613 0.0694894 0.0722296 0.0722582 0.0700562 0.0661904 0.0612035 0.055571 0.0496767 0.0438029 0.038135 0.0327749 0.0277552 0.0230594 0.0186562 0.0145444 0.0107877 0.00751022
 0.00754611 0.0123658 0.0188108 0.0268811 0.0363346 0.0465255 0.0563762 0.0646467 0.0703777 0.0731863 0.0732328 0.0709837 0.0669967 0.0618145 0.0559227 0.0497246 0.0435269 0.0375404 0.0318916 0.0266371 0.021785 0.0173259 0.0132702 0.00967272 0.00662451
 0.00759426 0.0124407 0.0189174 0.0270229 0.0365142 0.0467459 0.0566423 0.064965 0.0707561 0.0736322 0.0737477 0.0715565 0.0675975 0.0623926 0.0564121 0.0500553 0.0436384 0.0373945 0.0314803 0.0259864 0.0209538 0.0163999 0.0123482 0.00884682 0.00595901
 0.00764641 0.0125176 0.0190184 0.0271426 0.0366441 0.0468778 0.0567713 0.0650914 0.0708869 0.0737801 0.0739297 0.071789 0.0678884 0.0627338 0.0567738 0.0503873 0.0438787 0.0374833 0.0313761 0.0256788 0.0204696 0.0157993 0.0117117 0.00825426 0.00546987
 0.00772636 0.012637 0.0191782 0.0273358 0.0368566 0.0470912 0.0569653 0.0652477 0.0709929 0.0738349 0.073946 0.0717907 0.0679039 0.062786 0.0568714 0.0505184 0.04401 0.0375672 0.0313635 0.0255365 0.0201934 0.0154183 0.0112802 0.00783486 0.00511352
 0.00777273 0.0127149 0.0192994 0.0275106 0.0370899 0.0473754 0.0572768 0.0655484 0.0712406 0.0739965 0.0740083 0.0717627 0.0678123 0.0626662 0.056757 0.0504311 0.0439529 0.0375227 0.0313 0.0254204 0.0200047 0.0151611 0.0109825 0.0075377 0.00485511
 0.00781277 0.0127705 0.0193662 0.0275803 0.0371543 0.0474326 0.0573334 0.0656168 0.07133 0.074105 0.0741207 0.0718573 0.0678709 0.0626834 0.0567412 0.0503993 0.0439205 0.0374949 0.031268 0.0253659 0.0199101 0.0150205 0.0108072 0.00735205 0.00468611
 0.00784168 0.0128162 0.0194318 0.0276663 0.0372571 0.0475426 0.0574364 0.0656971 0.0713782 0.0741226 0.0741195 0.0718515 0.0678688 0.0626836 0.0567367 0.0503844 0.043895 0.0374618 0.0312283 0.0253151 0.0198405 0.0149271 0.0106935 0.0072307 0.00457344
 0.007867 0.0128545 0.0194842 0.0277321 0.0373339 0.0476271 0.0575239 0.065781 0.0714498 0.0741728 0.0741421 0.0718467 0.0678435 0.062648 0.0566993 0.050349 0.0438608 0.0374262 0.0311884 0.0252682 0.0197833 0.014858 0.0106145 0.00714842 0.00449735
 0.00788372 0.0128777 0.0195117 0.0277596 0.037356 0.0476398 0.0575261 0.0657754 0.0714412 0.0741664 0.0741414 0.0718522 0.0678533 0.0626595 0.0567112 0.0503608 0.043872 0.037435 0.0311919 0.0252628 0.0197662 0.0148281 0.0105738 0.00710212 0.00445216
 0.0078964 0.0128978 0.019541 0.0277985 0.0374031 0.0476908 0.0575739 0.0658111 0.0714577 0.0741614 0.0741187 0.0718198 0.0678202 0.062632 0.0566916 0.0503485 0.0438649 0.0374306 0.0311873 0.0252549 0.0197525 0.0148072 0.0105465 0.00707141 0.00442225
 0.00790679 0.0129107 0.0195531 0.0278048 0.0373985 0.0476728 0.0575444 0.0657759 0.0714237 0.0741337 0.0740992 0.0718084 0.0678163 0.0626361 0.0567043 0.0503696 0.0438924 0.0374609 0.0312163 0.0252786 0.0197678 0.0148127 0.0105429 0.00706109 0.00440885
 0.00788079 0.0128709 0.0194977 0.0277335 0.0373124 0.047574 0.0574363 0.0656647 0.0713186 0.0740464 0.0740418 0.0717894 0.0678383 0.062695 0.0567915 0.0504745 0.0440049 0.0375722 0.0313191 0.0253673 0.0198385 0.0148638 0.0105753 0.00707809 0.00441508
 0.00787282 0.0128501 0.0194522 0.0276485 0.0371753 0.0473816 0.0572003 0.065411 0.0710805 0.0738546 0.0739168 0.07174 0.0678635 0.0627865 0.056936 0.0506553 0.0442042 0.0377731 0.0315076 0.0255328 0.0199744 0.0149677 0.0106484 0.00712488 0.00444179
 0.00786353 0.0128353 0.01943 0.027616 0.0371273 0.0473101 0.0570961 0.0652676 0.0709002 0.0736521 0.0737186 0.0715773 0.0677623 0.0627609 0.0569857 0.0507687 0.0443627 0.0379558 0.0316944 0.0257072 0.0201245 0.0150871 0.0107359 0.00718347 0.00447738
 0.00784304 0.0128011 0.0193772 0.0275399 0.0370251 0.0471829 0.0569497 0.0651117 0.0707451 0.073506 0.0735875 0.0714682 0.0676857 0.0627296 0.0570107 0.0508537 0.0445014 0.038133 0.0318899 0.0259005 0.0202986 0.0152308 0.0108447 0.00725889 0.00452495
 0.00781509 0.0127529 0.0192996 0.0274233 0.0368621 0.0469728 0.056702 0.0648469 0.0704906 0.0732892 0.0734289 0.0713781 0.0676649 0.0627728 0.0571111 0.0510042 0.0446943 0.0383573 0.0321302 0.0261384 0.020516 0.0154139 0.0109864 0.00735928 0.00458979
 0.00777889 0.0126933 0.0192087 0.0272931 0.0366865 0.0467499 0.0564375 0.0645557 0.0701959 0.0730193 0.0732122 0.0712374 0.0676136 0.0628127 0.0572332 0.0511932 0.0449319 0.0386253 0.0324105 0.0264128 0.0207671 0.0156275 0.0111542 0.00748021 0.00466929
 0.00775522 0.0126529 0.0191441 0.0271963 0.0365504 0.0465712 0.0562194 0.0643089 0.0699373 0.0727692 0.0729919 0.071067 0.0675104 0.0627884 0.0572917 0.051329 0.0451317 0.0388699 0.0326784 0.0266823 0.0210187 0.0158452 0.0113282 0.00760786 0.0047547
 0.00772781 0.0126093 0.0190802 0.0271088 0.0364366 0.0464299 0.0560519 0.0641201 0.069736 0.0725676 0.0728043 0.0709093 0.0673973 0.0627327 0.0573022 0.0514087 0.0452762 0.0390675 0.0329111 0.0269286 0.0212569 0.0160569 0.011501 0.00773688 0.00484243
 0.00931572 0.0148318 0.0217621 0.0298656 0.0387874 0.0479753 0.0566151 0.0637728 0.0687142 0.0711505 0.071226 0.0693283 0.0659066 0.0613827 0.0561193 0.0504058 0.0444564 0.0384256 0.0324334 0.0265939 0.0210387 0.0159266 0.0114312 0.00770459 0.00483042
 0.00930217 0.015103 0.0226871 0.0319017 0.0422804 0.0528913 0.0623699 0.069327 0.0729429 0.0732866 0.071113 0.0673603 0.0627553 0.0577089 0.0524102 0.0469501 0.0413946 0.0358106 0.0302724 0.0248691 0.0197157 0.0149578 0.0107591 0.00726647 0.00456433
 0.0089601 0.0145657 0.0219352 0.0309864 0.0413769 0.052334 0.062612 0.0707787 0.0757255 0.0770501 0.0750794 0.0706193 0.0646423 0.0580353 0.0514324 0.0451564 0.0392748 0.0337234 0.0284222 0.0233423 0.0185263 0.0140808 0.010149 0.00686862 0.00432298
 0.00877493 0.0142548 0.0214497 0.0302787 0.0404191 0.0511516 0.0613262 0.0696335 0.0750664 0.077228 0.0762943 0.0727746 0.0673138 0.060609 0.0533515 0.0461322 0.0393437 0.0331477 0.0275289 0.0223998 0.0176972 0.0134327 0.00968701 0.00656526 0.00413929
 0.00870489 0.0141341 0.0212546 0.0299801 0.039986 0.0505589 0.0605684 0.068742 0.074129 0.0764014 0.075793 0.0728166 0.0680254 0.0619322 0.055022 0.0477651 0.04059 0.0338277 0.027668 0.0221636 0.0172879 0.0130096 0.00933825 0.00631773 0.00398328
 0.00869128 0.0141083 0.0212083 0.0299013 0.0398593 0.0503668 0.0602934 0.0683706 0.0736589 0.0758532 0.0752247 0.0723321 0.0677622 0.0620185 0.0555114 0.048587 0.041556 0.0347044 0.0282763 0.0224431 0.0172931 0.0128548 0.00913449 0.00613689 0.00385366
 0.00867413 0.0140814 0.0211694 0.0298484 0.0397899 0.0502771 0.0601778 0.0682216 0.0734676 0.0756126 0.0749357 0.0720128 0.067458 0.0618018 0.0554652 0.0487677 0.0419557 0.0352384 0.0288122 0.0228598 0.01753 0.0129238 0.00909411 0.00605283 0.00377199
 0.00868114 0.014089 0.0211739 0.029844 0.0397705 0.0502384 0.0601188 0.0681442 0.073374 0.0755023 0.0748051 0.0718581 0.0672824 0.0616239 0.055322 0.0487078 0.0420182 0.0354288 0.0290907 0.0231544 0.0177699 0.0130699 0.00914848 0.00604558 0.00373858
 0.00867376 0.014082 0.0211722 0.0298544 0.0397984 0.0502839 0.0601742 0.0681948 0.0734033 0.0754979 0.0747614 0.0717764 0.0671681 0.0614865 0.0551775 0.0485809 0.0419388 0.0354212 0.0291595 0.0232779 0.0179084 0.0131844 0.00921788 0.00607104 0.00373542
 0.00863447 0.0140223 0.0210907 0.0297535 0.0396854 0.0501706 0.0600756 0.0681262 0.0733751 0.0755105 0.0748046 0.0718326 0.0672197 0.0615215 0.0551924 0.0485817 0.0419397 0.0354396 0.0292086 0.0233589 0.0180081 0.0132814 0.00929354 0.00611733 0.00375587
 0.00860936 0.0139793 0.0210222 0.0296521 0.0395467 0.0499973 0.0598808 0.0679333 0.0732123 0.075403 0.0747667 0.0718643 0.0673071 0.0616422 0.0553236 0.0487062 0.0420502 0.0355382 0.0293027 0.0234547 0.0181053 0.0133729 0.00936967 0.00617163 0.00378821
 0.00863277 0.0140133 0.0210654 0.0296997 0.0395903 0.0500263 0.0598839 0.0679015 0.073143 0.0753027 0.0746515 0.0717552 0.0672231 0.0615941 0.0553108 0.04872 0.042079 0.0355734 0.0293408 0.0234959 0.01815 0.0134189 0.00941196 0.00620535 0.003811
 0.00863152 0.0140132 0.0210688 0.0297095 0.0396087 0.0500526 0.0599131 0.0679247 0.0731495 0.0752843 0.0746054 0.0716866 0.0671444 0.0615208 0.0552567 0.0486926 0.042078 0.0355928 0.0293728 0.0235341 0.0181902 0.0134579 0.00944693 0.00623364 0.0038312
 0.00861444 0.0139896 0.021041 0.0296825 0.0395891 0.0500464 0.059924 0.0679523 0.0731889 0.0753265 0.0746396 0.0717028 0.0671373 0.0614923 0.0552153 0.0486502 0.0420455 0.0355763 0.0293729 0.0235474 0.0182117 0.0134827 0.0094709 0.00625399 0.00384643
 0.00862186 0.0139985 0.0210488 0.0296854 0.0395838 0.0500328 0.0599062 0.067938 0.0731861 0.0753394 0.0746661 0.071735 0.0671645 0.0615052 0.0552097 0.0486282 0.0420145 0.0355455 0.0293499 0.0235358 0.0182111 0.0134899 0.00948204 0.00626553 0.00385611
 0.00862186 0.0139985 0.0210488 0.0296854 0.0395838 0.0500328 0.0599062 0.067938 0.0731861 0.0753394 0.0746661 0.071735 0.0671645 0.0615052 0.0552097 0.0486282 0.0420145 0.0355455 0.0293499 0.0235358 0.0182111 0.0134899 0.00948204 0.00626553 0.00385611
 0.00874574 0.0141946 0.0213329 0.0300656 0.0400553 0.050572 0.0604671 0.0684564 0.0735945 0.0755858 0.0747278 0.0716202 0.0669036 0.0611391 0.0547803 0.0481734 0.0415665 0.0351301 0.0289862 0.0232354 0.0179774 0.0133194 0.00936583 0.0061919 0.00381298
 0.00850331 0.0138281 0.0208343 0.0294496 0.0393602 0.0498568 0.0598073 0.0679343 0.0732813 0.075522 0.0749099 0.0720044 0.0674219 0.061719 0.0553598 0.0487083 0.0420312 0.0355153 0.0292939 0.0234742 0.0181584 0.0134532 0.00946145 0.00625715 0.00385484
 0.00842609 0.013675 0.020555 0.028986 0.0386674 0.0489337 0.0587201 0.0668145 0.0722936 0.0748151 0.0745773 0.0720674 0.0678367 0.0623975 0.0561949 0.0495965 0.0428886 0.036285 0.0299459 0.0239999 0.0185635 0.0137517 0.00967099 0.00639628 0.00394141
 0.00851412 0.0138121 0.0207471 0.0292265 0.0389293 0.0491631 0.0588393 0.066742 0.0719788 0.0742723 0.0738939 0.071378 0.0672756 0.0620547 0.0560961 0.0497095 0.0431468 0.0366137 0.0302819 0.0243009 0.0188087 0.0139368 0.0098016 0.00648267 0.00399484
 0.00853074 0.0138513 0.0208282 0.0293736 0.0391631 0.049488 0.0592305 0.0671404 0.0723001 0.074428 0.0738219 0.0710692 0.0667845 0.061485 0.0555651 0.0493087 0.0429168 0.0365434 0.0303269 0.0244072 0.0189311 0.0140466 0.00988648 0.00654134 0.00403175
 0.00855554 0.013894 0.0208973 0.0294801 0.0393197 0.0497066 0.0595174 0.0674899 0.0726867 0.0748035 0.074119 0.0712174 0.0667338 0.0612293 0.0551504 0.04882 0.0424485 0.0361672 0.0300736 0.0242688 0.0188766 0.0140403 0.00990028 0.00655867 0.00404556
 0.00841458 0.0136742 0.0205853 0.0290731 0.0388299 0.0491664 0.0589821 0.0670336 0.072387 0.0747184 0.0742658 0.0715638 0.0672053 0.0617313 0.0555985 0.0491658 0.0426889 0.0363337 0.0302082 0.0244015 0.0190156 0.0141768 0.0100199 0.00665134 0.00410912
 0.0084368 0.0136931 0.020582 0.0290196 0.0386971 0.0489359 0.0586582 0.066647 0.0719899 0.074373 0.0740303 0.0714786 0.0672819 0.0619465 0.0559005 0.0494901 0.0429811 0.0365655 0.0303803 0.0245318 0.0191237 0.014273 0.0101046 0.00672022 0.0041593
#pred catch len freq
 0.00332028 0.00534285 0.00797339 0.0112299 0.0151447 0.0197283 0.0249066 0.0304929 0.0362205 0.041796 0.0469462 0.0514567 0.055201 0.0581433 0.0603079 0.0617387 0.0624705 0.0625084 0.0617928 0.0601443 0.0572339 0.0526633 0.0461969 0.0380467 0.0289939
 0.00354134 0.00565001 0.00834268 0.0116159 0.0155051 0.020056 0.0252432 0.0309072 0.0367543 0.0424128 0.0475186 0.0518076 0.0551799 0.0576974 0.0595139 0.0607818 0.0615786 0.0618676 0.0614778 0.0600967 0.0573013 0.0526805 0.0460651 0.0377662 0.0286385
 0.00364832 0.0058459 0.00867413 0.0121296 0.0162253 0.0209576 0.0262407 0.0318778 0.0375913 0.0430706 0.0480123 0.052163 0.0553768 0.0576588 0.0591552 0.0600833 0.0606257 0.0608262 0.0605199 0.0593228 0.056709 0.0521953 0.0456059 0.037299 0.0281855
 0.00381694 0.00610416 0.00903741 0.0126125 0.0168514 0.0217658 0.0272749 0.033155 0.0390612 0.0445994 0.0494104 0.0532501 0.0560389 0.05786 0.058908 0.059418 0.0595917 0.0595128 0.05906 0.0578612 0.0553548 0.050998 0.0445705 0.0364199 0.0274672
 0.00407106 0.00649867 0.00959649 0.0133467 0.0177581 0.0228321 0.0284807 0.0344777 0.0404787 0.0460828 0.0509041 0.0546492 0.0571912 0.0586009 0.059111 0.05903 0.0586372 0.0580801 0.0572839 0.0559042 0.0533822 0.0491503 0.042947 0.0350777 0.0264278
 0.00431742 0.00689549 0.0101874 0.0141711 0.0188455 0.0241917 0.0300886 0.0362699 0.0423571 0.0479342 0.0526211 0.0561413 0.0583797 0.0594045 0.0594393 0.0587962 0.0577881 0.0566264 0.0553138 0.0535754 0.0508967 0.0467195 0.0407551 0.0332537 0.0250309
 0.00457164 0.00729882 0.0107781 0.0149842 0.0199141 0.0255444 0.0317396 0.0382012 0.0445033 0.050176 0.0547967 0.0580744 0.0599137 0.0604252 0.0598755 0.0586051 0.056945 0.0551322 0.0532193 0.0510043 0.0480479 0.0438411 0.0380957 0.0310086 0.0233041
 0.00481036 0.00768077 0.0113428 0.0157681 0.0209488 0.0268522 0.0333256 0.0400453 0.046555 0.0523533 0.0569848 0.060129 0.0616725 0.0617297 0.0605949 0.0586517 0.0562765 0.0537493 0.051171 0.0484034 0.0450844 0.0407713 0.0351993 0.0285249 0.021375
 0.0051079 0.00814518 0.0120076 0.0166566 0.0220767 0.0282296 0.0349521 0.0419002 0.0485879 0.0544808 0.0590958 0.062095 0.0633592 0.0630074 0.0613455 0.0587764 0.0557056 0.0524535 0.0491766 0.0458088 0.0420718 0.0375993 0.0321631 0.0258892 0.0193084
 0.0054879 0.00873524 0.0128449 0.0177597 0.0234468 0.0298519 0.0367928 0.0439022 0.0506721 0.0565526 0.0610535 0.0638364 0.064786 0.064028 0.0618771 0.0587457 0.0550513 0.0511372 0.0472015 0.0432459 0.03908 0.0344234 0.0290961 0.0232042 0.0171876
 0.00580686 0.00925394 0.0136261 0.0188626 0.0249164 0.0317015 0.0389843 0.0463364 0.0531983 0.0589948 0.063241 0.0656282 0.0660842 0.0647781 0.0620568 0.0583481 0.0540715 0.0495714 0.0450633 0.040595 0.0360519 0.0312373 0.0260253 0.020512 0.0150546
 0.00607714 0.00968819 0.0142728 0.0197707 0.0261348 0.0332732 0.0409296 0.0486302 0.0557491 0.061639 0.0657602 0.0677893 0.0676897 0.0657037 0.062261 0.0578534 0.0529331 0.0478509 0.0428242 0.0379208 0.0330743 0.0281521 0.0230756 0.017934 0.0130129
 0.00643635 0.0102389 0.0150415 0.0207657 0.0273536 0.0347115 0.0425841 0.0504902 0.0577816 0.0637741 0.0678818 0.0697384 0.0692837 0.0667706 0.0626759 0.0575619 0.0519506 0.0462443 0.0406904 0.0353795 0.0302757 0.0252862 0.0203599 0.0155741 0.0111493
 0.00679576 0.0108039 0.0158556 0.0218553 0.0287229 0.0363362 0.044405 0.0524147 0.0597001 0.0655824 0.0694968 0.0710957 0.0703238 0.0674265 0.0628742 0.0572373 0.0510674 0.0448122 0.0387693 0.0330765 0.0277406 0.0227035 0.0179294 0.0134753 0.00949973
 0.0070723 0.0112497 0.0165204 0.0227849 0.0299531 0.0378806 0.0462373 0.0544554 0.0618155 0.067603 0.0712485 0.0724366 0.0711697 0.0677548 0.0627045 0.0566038 0.0500004 0.0433395 0.0369325 0.03095 0.025442 0.0203891 0.0157718 0.0116272 0.00805728
