SBPRF35
7.78865
Curr Bio
552661
B35
681744
F35
0.211485
FOFL
0.159277
OFL
66084.2
Bzero
2.22533e+006
#pred survey bio
 5.07455e+006 4.79024e+006 4.51063e+006 4.18268e+006 3.81468e+006 3.44572e+006 3.06953e+006 2.73891e+006 2.41552e+006 2.1323e+006 1.86722e+006 1.62981e+006 1.42137e+006 1.25466e+006 1.11082e+006 994437 910244 837011 792443 752166 725135 692411 688056 678905 651312 644861 634357 638060 637040 629525 620747 618281 611730 608041 599090 581065 557964 548790 542759 552514 564528 570351 580090 589696 589613 586800 579505 581443 576001 575437 571250 555731 569881 583989 583263 578176 566913 572398 558619 1.84565e+007 1.07072e+007 1.07487e+007 1.14082e+007 1.24093e+007 1.34849e+007 1.44715e+007 1.52973e+007 1.59493e+007 1.64448e+007 1.68118e+007 1.70793e+007 1.72724e+007 1.74111e+007 1.75107e+007 1.75823e+007 1.7634e+007 1.76716e+007 1.7699e+007 1.77192e+007 1.77341e+007 1.77452e+007 1.77535e+007 1.77598e+007 1.77645e+007 1.77681e+007 1.77708e+007 1.77729e+007 1.77745e+007 1.77757e+007 1.77766e+007 1.77774e+007 1.77779e+007 1.77783e+007 1.77787e+007 1.77789e+007 1.77791e+007 1.77793e+007 1.77794e+007 1.77795e+007 1.77796e+007 1.77796e+007 1.77797e+007 1.77797e+007 1.77797e+007 1.77797e+007 1.77797e+007 1.77798e+007 1.77798e+007 1.77798e+007 1.77798e+007 1.77798e+007 1.77798e+007 1.77798e+007 1.77798e+007 1.77798e+007 1.77798e+007 1.77798e+007 1.77798e+007 1.77798e+007 1.77798e+007 1.77798e+007 1.77798e+007 1.77798e+007 1.77798e+007 1.77798e+007 1.77798e+007 1.77798e+007 1.77798e+007 1.77798e+007 1.77798e+007 1.77798e+007 1.77798e+007 1.77798e+007 1.77798e+007 1.77798e+007 1.77798e+007 1.77798e+007 1.77798e+007 1.77798e+007 1.77798e+007 1.77798e+007 1.77798e+007 1.77798e+007 1.77798e+007 1.77798e+007 1.77798e+007 1.77798e+007 1.77798e+007 1.77798e+007 1.77798e+007 1.77798e+007 1.77798e+007 1.77798e+007 1.77798e+007 1.77798e+007 1.77798e+007 1.77798e+007 1.77798e+007 1.77798e+007 0 0 0 0 0 0 0 0 0 0 0 0 0 0 0 0 0 0 0 0 0 0 0 0 0
#obs survey bio
 3.6124e+006 3.3305e+006 4.12744e+006 3.66506e+006 3.69496e+006 1.795e+006 2.78819e+006 1.67563e+006 2.71114e+006 1.95175e+006 1.13022e+006 1.04592e+006 1.24464e+006 1.16464e+006 747336 723535 930170 749724 669870 505150 689029 751105 688349 537420 471409 747741 525429 507661 857212 478452 406388 550800 733170 643802 493945 605932 814333 664262 617947 431241 584180 443526 628364 612546 565137 627067 493416 499994 669604 533095 543292 522281 460655 505182 454501 467493 608578 756808 550235
#pred catch bio
 91619.6 91486.9 148615 207931 239042 280201 273523 299054 291245 299572 295191 284330 257899 245042 225433 199064 188172 161080 154411 139822 140485 113275 115289 128137 107976 109366 95849.2 98806.8 102510 101458 94069.6 94829.1 89154.7 90056.5 93992.3 96762.9 87347.6 88649.1 78872.1 79645.4 85827.3 82681.5 82903.3 90686.4 92082.4 94801.2 86426.2 92150.2 87579 90814.6 100310 75609.7 75947.3 87314.4 89535.7 93309.4 77544.4 90583.6 99491.2 66084.2 82443.3 81144.2 84693.2 91684.3 99517.9 106671 112540 117042 120338 122670 124279 125368 126093 126571 126882 127084 127214 127297 127350 127384 127405 127419 127427 127433 127436 127438 127439 127440 127441 127441 127441 127442 127442 127442 127442 127442 127442 127442 127442 127442 127442 127442 127442 127442 127442 127442 127442 127442 127442 127442 127442 127442 127442 127442 127442 127442 127442 127442 127442 127442 127442 127442 127442 127442 127442 127442 127442 127442 127442 127442 127442 127442 127442 127442 127442 127442 127442 127442 127442 127442 127442 127442 127442 127442 127442 127442 127442 127442 127442 127442 127442 127442 127442 127442 127442 127442 127442 127442 127442 0 0 0 0 0 0 0 0 0 0 0 0 0 0 0 0 0 0 0 0 0 0 0 0 0
#obs catch bio
 0 91267.3 149109 208987 239816 283422 276191 304275 295337 304227 302538 293218 264178 252421 233014 205746 193391 164720 158041 143136 144018 114559 116810 130201 109720 111167 96743.8 99929.9 103537 102758 95296.5 96118.6 89757.3 90612.9 94768.8 97337.9 87773.8 88947.9 78876.5 80199.6 86344 83046.7 83007.6 90856.2 92240.3 94863.9 86636.1 92495.2 87517.3 90748.8 101195 75900.8 76153.9 87721.8 89718.5 94002.4 77637.1 90676.1 99608.9
#pred cpue bio
 4.99534e+006 4.71699e+006 4.44213e+006 4.11671e+006 3.75084e+006 3.38367e+006 3.00932e+006 2.68038e+006 2.3591e+006 2.07781e+006 1.81451e+006 1.57893e+006 1.37273e+006 1.20796e+006 1.06584e+006 951060 868584 797519 754528 715777 689980 658874 655160 646607 619957 613889 604156 608059 607306 600350 592140 590158 584482 581635 573644 556634 533543 523068 516094 525178 536906 542839 552524 562009 562046 559450 552466 554386 549192 548660 544384 529054 542852 557093 556879 552023 541124 546911 534521 1.76852e+007 1.02635e+007 1.0161e+007 1.06651e+007 1.16124e+007 1.26755e+007 1.36596e+007 1.44849e+007 1.51368e+007 1.56323e+007 1.59993e+007 1.62668e+007 1.64599e+007 1.65986e+007 1.66982e+007 1.67698e+007 1.68215e+007 1.68591e+007 1.68865e+007 1.69067e+007 1.69216e+007 1.69327e+007 1.6941e+007 1.69473e+007 1.6952e+007 1.69556e+007 1.69583e+007 1.69604e+007 1.6962e+007 1.69632e+007 1.69641e+007 1.69649e+007 1.69654e+007 1.69658e+007 1.69662e+007 1.69664e+007 1.69666e+007 1.69668e+007 1.69669e+007 1.6967e+007 1.69671e+007 1.69671e+007 1.69671e+007 1.69672e+007 1.69672e+007 1.69672e+007 1.69672e+007 1.69673e+007 1.69673e+007 1.69673e+007 1.69673e+007 1.69673e+007 1.69673e+007 1.69673e+007 1.69673e+007 1.69673e+007 1.69673e+007 1.69673e+007 1.69673e+007 1.69673e+007 1.69673e+007 1.69673e+007 1.69673e+007 1.69673e+007 1.69673e+007 1.69673e+007 1.69673e+007 1.69673e+007 1.69673e+007 1.69673e+007 1.69673e+007 1.69673e+007 1.69673e+007 1.69673e+007 1.69673e+007 1.69673e+007 1.69673e+007 1.69673e+007 1.69673e+007 1.69673e+007 1.69673e+007 1.69673e+007 1.69673e+007 1.69673e+007 1.69673e+007 1.69673e+007 1.69673e+007 1.69673e+007 1.69673e+007 1.69673e+007 1.69673e+007 1.69673e+007 1.69673e+007 1.69673e+007 1.69673e+007 1.69673e+007 1.69673e+007 1.69673e+007 1.69673e+007 1.69673e+007 0 0 0 0 0 0 0 0 0 0 0 0 0 0 0 0 0 0 0 0 0 0 0 0 0
#obs cpue bio
 3.24208e+006 3.56544e+006 4.63316e+006 4.16031e+006 4.64676e+006 2.2895e+006 3.02809e+006 2.34938e+006 2.51163e+006 2.09463e+006 1.20049e+006 1.27216e+006 1.68887e+006 696085 853718 725748 879132 658177 649582 621018 584205 750831 511123 736558 443032 505608 766874 612142 460026 537938 620620 584434 658123 539295 558483 644026 309997 536881 481023 350156 601195 659521 624309 562432 549963 610787 451451 665865 585868 594181 345203 453894 770358 629204 788843 489814 528840 556566 575184
#pred surv len freq
 0.0047992 0.0078509 0.0119238 0.0170277 0.023045 0.0296388 0.0362343 0.0421714 0.0469598 0.0504439 0.0527677 0.0542168 0.0550758 0.0555561 0.0557746 0.055755 0.0554458 0.0547427 0.0534964 0.051495 0.0484554 0.0440869 0.0382592 0.0312022 0.0235759
 0.00500236 0.00808065 0.0120891 0.016996 0.0226946 0.0289329 0.0352685 0.0411525 0.0461171 0.0499221 0.0525684 0.0542198 0.0551183 0.0555208 0.0556441 0.055614 0.0554359 0.0549916 0.0540507 0.0522898 0.0493373 0.04488 0.0388384 0.0315325 0.0237024
 0.00524689 0.00847933 0.0126831 0.0178028 0.02368 0.0299834 0.0361903 0.0417228 0.0461784 0.0494677 0.0517513 0.0532704 0.0542254 0.0547598 0.0549915 0.055022 0.0549016 0.0545718 0.0538203 0.0522805 0.0495034 0.0451165 0.0390349 0.0316252 0.0236906
 0.00546699 0.00883975 0.0132311 0.018585 0.0247331 0.0313152 0.0377525 0.0433884 0.0477423 0.050685 0.0524106 0.0532725 0.053622 0.0537213 0.0537242 0.0536905 0.0536042 0.0533657 0.0527529 0.0513926 0.0488094 0.0445905 0.0386248 0.0312835 0.0233963
 0.00576876 0.0093138 0.0139145 0.0195037 0.0259008 0.0327302 0.0393908 0.0451935 0.0496174 0.0524883 0.0539602 0.0543688 0.0540943 0.0534857 0.0528186 0.0522612 0.0518511 0.0514816 0.0508901 0.0496584 0.0472719 0.0432841 0.0375555 0.0304393 0.0227575
 0.00605816 0.00978412 0.0146213 0.0204965 0.0272115 0.0343568 0.0412827 0.0472515 0.0517126 0.0544886 0.0557436 0.0558181 0.0550855 0.0538928 0.0525451 0.0512829 0.0502419 0.0494028 0.0485489 0.0472609 0.0449912 0.0412468 0.0358408 0.029082 0.021753
 0.00635997 0.0102708 0.0153468 0.0215095 0.0285479 0.0360267 0.0432546 0.049444 0.0540009 0.0567247 0.0577796 0.057522 0.0563455 0.0546123 0.0526387 0.0506862 0.0489373 0.0474481 0.0460878 0.044505 0.0421805 0.038606 0.033545 0.0272356 0.0203843
 0.00662324 0.0106968 0.0159845 0.0224041 0.0297338 0.0375161 0.0450247 0.0514313 0.0561082 0.0588362 0.059775 0.0592838 0.0577619 0.0555791 0.0530611 0.0504836 0.0480551 0.0458804 0.0439033 0.0418601 0.0393066 0.0357685 0.0309874 0.0251303 0.0188048
 0.00695239 0.0112185 0.0167452 0.0234385 0.0310603 0.0391287 0.0468838 0.0534598 0.0582011 0.0608782 0.0616573 0.0609119 0.0590542 0.0564614 0.0534614 0.0503314 0.0472883 0.0444639 0.0418572 0.0392876 0.0364029 0.0327976 0.0282266 0.0228028 0.0170291
 0.0073453 0.0118344 0.0176293 0.0246172 0.0325369 0.0408779 0.0488448 0.0555358 0.0602723 0.0628241 0.0633765 0.0623291 0.0601162 0.0571273 0.0536923 0.0500834 0.046513 0.0431207 0.0399395 0.0368557 0.033608 0.029875 0.0254506 0.020416 0.0151785
 0.00767751 0.0123827 0.0184679 0.0258164 0.0341433 0.0428868 0.0511764 0.0580341 0.0627368 0.065059 0.0652316 0.0637156 0.0609995 0.0575081 0.0535859 0.0495022 0.0454568 0.0415796 0.0379139 0.0343892 0.0308185 0.0269631 0.0226681 0.0180006 0.0132863
 0.00793409 0.012807 0.0191207 0.0267607 0.0354342 0.0445527 0.0531968 0.0603251 0.0651538 0.0674172 0.0673368 0.0653979 0.0621404 0.058053 0.0535378 0.0488992 0.0443465 0.0400031 0.0359087 0.0320119 0.0281751 0.0242245 0.0200524 0.0157211 0.0114893
 0.00830396 0.0133783 0.0199254 0.0278116 0.0367273 0.0460713 0.0549098 0.0621823 0.0670818 0.0693208 0.0691028 0.0669026 0.0632625 0.0586925 0.0536332 0.0484357 0.0433496 0.0385239 0.0340127 0.0297814 0.025724 0.0217099 0.0176642 0.0136433 0.00984913
 0.00865449 0.0139352 0.0207379 0.0289123 0.0381221 0.0477262 0.0567414 0.0640651 0.0688766 0.0709108 0.0704159 0.0679061 0.0639399 0.059022 0.0535819 0.0479699 0.0424513 0.0372026 0.0323105 0.0277743 0.0235245 0.0194659 0.0155448 0.0118065 0.00840174
 0.00892473 0.014379 0.0214134 0.0298739 0.0394064 0.0493309 0.0586051 0.0660621 0.0708371 0.0726594 0.07181 0.0688607 0.0644313 0.0590726 0.0532349 0.0472658 0.0414171 0.0358575 0.0306821 0.0259158 0.0215257 0.0174527 0.013662 0.0101871 0.00713274
 0.00901247 0.0145456 0.0217088 0.0303608 0.0401474 0.0503665 0.0599313 0.0676195 0.0725164 0.0743193 0.073301 0.0700486 0.0652183 0.0594112 0.0531289 0.0467561 0.0405609 0.0347115 0.0292984 0.0243517 0.0198575 0.0157817 0.0121052 0.00885196 0.00608879
 0.00902055 0.0145615 0.02174 0.0304217 0.0402632 0.0505762 0.0602848 0.0681661 0.0732847 0.0752968 0.0744233 0.0712059 0.0662781 0.0602476 0.0536481 0.0469103 0.0403482 0.0341647 0.0284718 0.0233127 0.0186863 0.0145718 0.0109568 0.00785538 0.00530343
 0.00912901 0.0147213 0.0219498 0.03067 0.0405322 0.0508494 0.0605542 0.068437 0.0735766 0.0756388 0.0748424 0.0717106 0.0668433 0.0608115 0.0541244 0.0472112 0.0404078 0.0339537 0.0280003 0.022625 0.0178519 0.013676 0.0100893 0.00709433 0.00470005
 0.00915877 0.0147657 0.022009 0.0307404 0.0406072 0.0509195 0.0606101 0.068473 0.0735968 0.0756619 0.0749013 0.0718439 0.06708 0.0611543 0.0545395 0.0476316 0.0407496 0.0341406 0.0279846 0.0224 0.0174511 0.0131639 0.00954381 0.00658836 0.00428497
 0.00917202 0.0147915 0.0220552 0.0308162 0.0407191 0.051067 0.0607814 0.0686462 0.0737455 0.0757652 0.0749529 0.0718562 0.0670816 0.0611796 0.0546136 0.0477563 0.0408973 0.0342606 0.028022 0.0223164 0.0172401 0.0128532 0.00918478 0.00623798 0.00398806
 0.00906012 0.0146264 0.0218385 0.0305618 0.0404514 0.0508159 0.0605776 0.0685162 0.0737064 0.0758195 0.0750878 0.0720485 0.0673076 0.0614234 0.0548696 0.0480231 0.0411676 0.034514 0.0282256 0.022436 0.0172557 0.0127692 0.0090299 0.00605392 0.00381416
 0.00919877 0.0148112 0.0220425 0.0307367 0.0405432 0.0507896 0.0604349 0.0682963 0.0734684 0.0756184 0.0749566 0.0719941 0.0673175 0.0614773 0.0549491 0.0481165 0.0412686 0.0346153 0.028314 0.022493 0.0172638 0.012722 0.00893673 0.00593694 0.00369867
 0.00919515 0.0148012 0.0220184 0.030685 0.0404437 0.0506169 0.0601651 0.0679195 0.0730036 0.0751209 0.07451 0.0716849 0.0672046 0.061573 0.055221 0.0485055 0.0417106 0.0350559 0.0287132 0.022823 0.0175085 0.0128772 0.00901168 0.00595209 0.00367935
 0.00920737 0.0148225 0.0220524 0.0307348 0.0405088 0.0506895 0.0602269 0.0679422 0.0729548 0.0749762 0.0742669 0.071372 0.0668787 0.0613027 0.0550625 0.0484836 0.041814 0.0352468 0.0289434 0.0230485 0.0176971 0.013012 0.00909055 0.00598453 0.00368128
 0.00925869 0.0149172 0.0222149 0.0309924 0.0408824 0.0511792 0.060801 0.0685354 0.073481 0.0753497 0.0744232 0.0712827 0.0665584 0.0608071 0.0544763 0.0478988 0.041306 0.0348575 0.0286781 0.0228857 0.0176038 0.0129568 0.00905159 0.00595116 0.00365113
 0.00912182 0.0147067 0.0219223 0.0306226 0.040458 0.0507438 0.0604174 0.0682751 0.0734024 0.0754741 0.0747222 0.071686 0.0669786 0.0611687 0.0547373 0.0480575 0.0413912 0.0349104 0.0287324 0.0229562 0.0176867 0.0130382 0.00911817 0.00599626 0.00367583
 0.00922709 0.0148383 0.0220479 0.0306888 0.040407 0.0505385 0.0600635 0.0678256 0.0729433 0.0750976 0.0744994 0.0716477 0.0671091 0.0614144 0.0550272 0.0483278 0.0416047 0.0350609 0.0288354 0.0230337 0.017754 0.0130998 0.00917096 0.00603602 0.00370131
 0.00915574 0.0147406 0.0219327 0.0305705 0.0402949 0.050424 0.0599155 0.067603 0.0726216 0.0746941 0.0740797 0.0713056 0.0669293 0.0614393 0.0552436 0.0486782 0.042013 0.0354598 0.0291831 0.0233151 0.0179721 0.0132642 0.00929094 0.00611904 0.00375442
 0.00904706 0.0145792 0.0217193 0.0303179 0.0400268 0.0501707 0.0597064 0.0674573 0.0725388 0.0746513 0.0740426 0.0712498 0.06686 0.0613925 0.0552667 0.0488022 0.0422355 0.0357475 0.0294893 0.0235991 0.0182094 0.0134473 0.00942323 0.0062088 0.0038112
 0.00904089 0.0145597 0.0216728 0.0302279 0.0398799 0.0499662 0.0594627 0.0672109 0.0723319 0.0745158 0.0739866 0.0712562 0.066898 0.061436 0.0553089 0.0488571 0.0423253 0.0358848 0.0296678 0.0237964 0.0183988 0.0136082 0.00954643 0.00629473 0.00386609
 0.00895525 0.0144406 0.0215301 0.0300812 0.0397504 0.0498653 0.0593856 0.06714 0.0722508 0.0744218 0.0738946 0.0711901 0.0668761 0.0614613 0.0553712 0.0489426 0.0424266 0.0360026 0.0298041 0.0239471 0.0185518 0.0137483 0.00966129 0.00637921 0.00392202
 0.00873768 0.014111 0.0210805 0.0295236 0.0391179 0.0492093 0.0587713 0.0666362 0.0719137 0.0742788 0.0739385 0.0713883 0.0671873 0.0618486 0.0558045 0.0493964 0.0428781 0.0364329 0.0302002 0.0243008 0.018857 0.0139996 0.00985571 0.00651857 0.00401352
 0.00864244 0.0139459 0.0208143 0.0291244 0.038565 0.0485097 0.0579728 0.065827 0.0712018 0.0737621 0.073678 0.0713968 0.0674346 0.0622774 0.0563495 0.049998 0.0434889 0.0370185 0.0307366 0.024772 0.0192538 0.0143181 0.0100972 0.00668962 0.0041254
 0.00850103 0.0137291 0.0205113 0.0287316 0.0380832 0.0479419 0.0573267 0.0651228 0.0704817 0.0730933 0.0731441 0.0710778 0.0673829 0.0625013 0.0568121 0.0506311 0.0442133 0.0377613 0.031441 0.0253996 0.0197824 0.0147391 0.0104127 0.0069104 0.00426848
 0.00847898 0.0136788 0.0204095 0.0285494 0.0377946 0.0475365 0.056819 0.0645503 0.0698931 0.0725346 0.0726535 0.0706901 0.0671356 0.0624315 0.0569436 0.0509608 0.0447057 0.0383569 0.0320717 0.0260041 0.0203157 0.0151756 0.0107448 0.00714474 0.00442097
 0.00917151 0.0146592 0.021615 0.0298276 0.0389432 0.0483698 0.0572231 0.0645016 0.0694418 0.0717741 0.0716931 0.0696373 0.0660864 0.0614667 0.0561282 0.0503407 0.0443024 0.0381624 0.0320501 0.0261021 0.0204763 0.0153508 0.010902 0.00726772 0.00450675
 0.00985363 0.0157427 0.0231889 0.0319326 0.0415345 0.0512764 0.0601297 0.0669918 0.0711112 0.0723659 0.0711785 0.0681976 0.0640216 0.0590933 0.053712 0.0480744 0.0423097 0.036509 0.0307542 0.0251432 0.0198073 0.0149109 0.0106299 0.00710982 0.00442118
 0.0098319 0.0157919 0.0234194 0.0324994 0.0425975 0.0529335 0.0623511 0.0695893 0.0737603 0.0746746 0.0727822 0.0688528 0.0636681 0.0578587 0.0518576 0.0459093 0.040114 0.0344896 0.0290348 0.0237744 0.0187845 0.0141933 0.0101577 0.00681938 0.00425482
 0.00973628 0.015646 0.0232231 0.0322744 0.0424013 0.0528699 0.0625648 0.0702295 0.0749151 0.0763024 0.0746825 0.0707037 0.0651207 0.0586478 0.051879 0.0452347 0.0389448 0.0330796 0.0276162 0.0225132 0.0177679 0.0134412 0.00964436 0.00649558 0.00406637
 0.00953583 0.0153359 0.0227869 0.0317099 0.041725 0.0521233 0.0618237 0.0696097 0.0745635 0.0763661 0.0752579 0.071783 0.066563 0.0602006 0.0532504 0.0461892 0.0393751 0.0330229 0.0272149 0.0219467 0.0171917 0.0129538 0.0092848 0.00625934 0.00392676
 0.00934464 0.015039 0.0223664 0.0311599 0.041054 0.0513569 0.0610086 0.0688157 0.0738797 0.0758922 0.0750913 0.0720002 0.0671933 0.0611974 0.0544789 0.0474484 0.0404566 0.0337791 0.0276015 0.0220196 0.0170644 0.0127449 0.00908047 0.00610227 0.00382486
 0.0093224 0.0149888 0.0222651 0.0309782 0.0407639 0.0509446 0.0604852 0.0682193 0.0732688 0.0753341 0.0746535 0.0717465 0.0671797 0.0614593 0.0550116 0.04819 0.0412896 0.0345602 0.0282096 0.0223952 0.017221 0.0127466 0.00900505 0.00601097 0.00375064
 0.00927813 0.0149194 0.0221646 0.0308406 0.0405814 0.0507071 0.0601818 0.067845 0.0728322 0.0748637 0.0741975 0.0713663 0.0669374 0.0614065 0.0551776 0.0485712 0.0418409 0.035198 0.0288303 0.0229078 0.0175754 0.0129435 0.00908244 0.00601935 0.00373182
 0.00921499 0.0148226 0.0220301 0.0306686 0.0403763 0.0504762 0.0599343 0.0675899 0.0725761 0.0746102 0.0739506 0.0711363 0.0667471 0.0612907 0.0551753 0.0487116 0.0421295 0.0356068 0.029301 0.0233673 0.0179598 0.0132179 0.00924713 0.00609943 0.00376036
 0.00916729 0.0147571 0.0219534 0.0305938 0.0403187 0.0504461 0.0599317 0.0676036 0.0725875 0.0745989 0.0739 0.0710378 0.0666039 0.0611205 0.0550104 0.0485926 0.0420933 0.0356725 0.02946 0.0235847 0.0181874 0.0134129 0.00938602 0.00618117 0.00379881
 0.00917528 0.0147623 0.0219477 0.0305666 0.0402621 0.0503614 0.0598329 0.067514 0.0725293 0.0745816 0.0739148 0.0710622 0.0666124 0.0610963 0.0549528 0.0485182 0.0420301 0.0356496 0.0294951 0.0236758 0.0183137 0.0135446 0.00949742 0.00625936 0.00384445
 0.00923623 0.0148555 0.0220762 0.0307276 0.0404454 0.050549 0.0600009 0.0676371 0.0725891 0.0745737 0.0738498 0.0709581 0.0664848 0.0609528 0.0547949 0.048349 0.0418604 0.035498 0.0293816 0.0236128 0.0183 0.0135663 0.0095347 0.00629546 0.00387049
 0.00916786 0.0147563 0.0219493 0.0305838 0.0403008 0.0504201 0.0599002 0.0675712 0.0725584 0.0745739 0.0738748 0.0710024 0.0665448 0.0610256 0.0548757 0.0484301 0.0419346 0.0355624 0.0294395 0.0236711 0.0183634 0.0136336 0.00959954 0.00635015 0.00391037
 0.00924075 0.0148568 0.0220675 0.0307004 0.0403934 0.0504736 0.0599135 0.0675562 0.0725321 0.0745486 0.0738524 0.0709768 0.066508 0.0609736 0.0548106 0.0483583 0.0418629 0.0354967 0.0293844 0.0236306 0.0183403 0.0136275 0.00960656 0.00636388 0.00392471
 0.00936259 0.015034 0.0222947 0.0309573 0.0406482 0.0506899 0.0600587 0.0676083 0.0724859 0.0744185 0.073669 0.0707767 0.0663211 0.0608153 0.0546823 0.048254 0.041776 0.0354232 0.0293237 0.0235837 0.0183082 0.01361 0.00960114 0.00636649 0.00393085
 0.00937444 0.0150754 0.0223966 0.0311578 0.0409779 0.051151 0.0606092 0.0681658 0.0729515 0.0747107 0.0737492 0.0706552 0.0660449 0.0604474 0.0542821 0.0478651 0.0414236 0.0351184 0.0290692 0.0233788 0.0181506 0.0134959 0.0095246 0.00631962 0.00390504
 0.00936019 0.0150708 0.0224247 0.031254 0.0411831 0.0514992 0.0611127 0.068803 0.0736621 0.0754018 0.0743137 0.0709995 0.0661174 0.0602523 0.0538735 0.0473249 0.0408354 0.0345487 0.0285609 0.0229534 0.0178143 0.0132448 0.00934864 0.00620487 0.00383603
 0.00906749 0.0146166 0.0217841 0.0304257 0.0401979 0.0504285 0.0600722 0.0679408 0.0731258 0.0752925 0.0746505 0.0717116 0.0670674 0.0612791 0.0548369 0.0481353 0.041461 0.0350023 0.0288778 0.0231719 0.0179653 0.0133494 0.00942044 0.00625277 0.00386656
 0.00895159 0.0144099 0.0214403 0.0298934 0.0394367 0.0494333 0.0588951 0.0666972 0.0719757 0.0744048 0.0741627 0.0716979 0.0675206 0.0621127 0.0559079 0.0492828 0.0425463 0.0359355 0.0296229 0.0237343 0.0183723 0.013634 0.00961259 0.00637711 0.00394275
 0.00906376 0.0145707 0.0216402 0.0301039 0.0396109 0.0495105 0.0588111 0.0664005 0.0714491 0.0736859 0.0733485 0.0709267 0.0669339 0.0618124 0.0559267 0.0495794 0.0430257 0.0364846 0.0301454 0.0241709 0.0187023 0.0138645 0.0097637 0.00647087 0.00399789
 0.00902111 0.014533 0.0216405 0.0301882 0.0398204 0.0498556 0.059251 0.0668433 0.0717771 0.0737945 0.0731832 0.0705029 0.066335 0.0611661 0.0553664 0.0492037 0.0428718 0.0365266 0.0303157 0.024392 0.0189134 0.0140326 0.00988098 0.00654454 0.00404028
 0.00885756 0.0143 0.0213526 0.0298844 0.0395592 0.0497023 0.0592617 0.0670473 0.0721603 0.0742903 0.0736823 0.0708845 0.0665098 0.0611103 0.055129 0.0488831 0.0425751 0.0363299 0.0302443 0.0244251 0.0190059 0.0141398 0.00997332 0.00661062 0.00408131
 0.00839206 0.0135956 0.0203924 0.0286938 0.0382062 0.0482934 0.057936 0.0659635 0.0714687 0.0740925 0.0739964 0.0716351 0.0675485 0.0622602 0.0562356 0.0498523 0.0433827 0.0370021 0.0308231 0.024939 0.0194594 0.0145214 0.0102707 0.00682196 0.00421739
 0.00804542 0.0130568 0.0196293 0.0276977 0.0369985 0.0469326 0.0565234 0.0646385 0.0703871 0.0733922 0.0737658 0.0718946 0.0682484 0.0632913 0.0574524 0.0511056 0.0445534 0.0380225 0.0316756 0.0256375 0.0200256 0.0149709 0.0106126 0.00706547 0.00437681
#obs surv len freq
 nan nan nan nan nan nan nan nan nan nan nan nan nan nan nan nan nan nan nan nan nan nan nan nan nan
 0.00448279 0.00734316 0.0111721 0.0159874 0.0216873 0.0279622 0.0342761 0.0400075 0.0446877 0.0481526 0.0505119 0.0520093 0.052903 0.0534168 0.0537321 0.0539879 0.054267 0.0545602 0.0546992 0.0542912 0.0527292 0.049361 0.0438103 0.0362896 0.0276724
 0.00461704 0.00756309 0.0115058 0.0164611 0.0223186 0.0287506 0.0351926 0.0409928 0.0456598 0.0490235 0.0512042 0.0524677 0.0530998 0.0533515 0.0534276 0.0534817 0.0536032 0.0537817 0.0538453 0.053399 0.0518377 0.0485137 0.0430522 0.0356591 0.0271905
 0.00477591 0.00782419 0.011904 0.0170308 0.0230869 0.0297264 0.0363551 0.0422857 0.046997 0.0503026 0.0523221 0.0533334 0.0536442 0.0535345 0.0532413 0.0529485 0.0527688 0.052706 0.052595 0.0520446 0.0504547 0.0471827 0.0418532 0.0346581 0.0264241
 0.00497182 0.00814222 0.012382 0.0177041 0.0239825 0.0308529 0.037692 0.043778 0.0485608 0.0518378 0.0537247 0.0545048 0.0544968 0.0539982 0.0532706 0.0525285 0.0519175 0.0514725 0.0510552 0.0502963 0.0486135 0.045376 0.0402066 0.0332741 0.0253604
 0.00518497 0.00849289 0.0129173 0.0184701 0.0250148 0.0321621 0.0392491 0.0455107 0.0503649 0.0535981 0.0553328 0.0558666 0.0555319 0.0546376 0.0534573 0.0522226 0.0511044 0.0501714 0.0493257 0.0482416 0.0463773 0.0431305 0.0381284 0.0315103 0.0239966
 0.0053995 0.00884605 0.0134573 0.0192453 0.0260652 0.0335054 0.0408651 0.0473347 0.052295 0.0555132 0.0571116 0.0574004 0.0567303 0.0554285 0.0537835 0.0520394 0.0503821 0.048905 0.0475499 0.0460457 0.0439112 0.0405939 0.035739 0.0294571 0.0223958
 0.00564593 0.00924674 0.0140607 0.020097 0.0272002 0.0349354 0.0425649 0.0492365 0.0542967 0.0574961 0.0589581 0.0590038 0.057999 0.0562869 0.0541711 0.0519085 0.0496978 0.0476512 0.0457448 0.0437621 0.0412927 0.0378509 0.0331156 0.0271759 0.0206013
 0.0058827 0.00963491 0.0146508 0.0209383 0.0283307 0.0363671 0.0442689 0.0511385 0.0562887 0.0594579 0.0607765 0.060582 0.0592567 0.0571568 0.0545956 0.0518378 0.0490901 0.0464801 0.0440139 0.041528 0.0386858 0.035077 0.0304266 0.0248108 0.0187238
 0.00614158 0.0100593 0.0152959 0.0218574 0.0295644 0.0379263 0.046118 0.0531895 0.0584142 0.0615171 0.0626394 0.0621441 0.0604424 0.0579152 0.0548917 0.0516439 0.0483805 0.0452345 0.0422324 0.0392567 0.0360416 0.0322559 0.0276776 0.0223787 0.0167818
 0.0063725 0.0104408 0.0158817 0.0227013 0.0307106 0.0393922 0.0478768 0.0551635 0.0604853 0.0635481 0.0644972 0.0637142 0.0616368 0.0586736 0.0551781 0.0514386 0.0476719 0.0440159 0.0405116 0.0370774 0.0335094 0.0295499 0.0250313 0.0200267 0.0148945
 0.00661113 0.0108295 0.0164682 0.023531 0.0318185 0.0407899 0.0495385 0.0570197 0.0624306 0.0654595 0.0662524 0.0652048 0.0627747 0.0593944 0.0554405 0.051221 0.0469664 0.0428252 0.0388531 0.0349995 0.0311125 0.0269985 0.022539 0.0178096 0.013112
 0.00684276 0.0112104 0.0170489 0.0243606 0.0329333 0.0421974 0.0512016 0.0588531 0.0643152 0.0672674 0.0678688 0.0665385 0.0637585 0.0599811 0.0555999 0.0509361 0.0462315 0.0416455 0.0372502 0.0330238 0.0288603 0.0246209 0.0202286 0.0157601 0.0114658
 0.00707881 0.0115965 0.0176345 0.0251924 0.034046 0.0435982 0.0528543 0.0606724 0.0661785 0.0690382 0.0694215 0.0677742 0.0646115 0.0604172 0.0556089 0.0505229 0.0454082 0.0404291 0.0356686 0.0311283 0.0267412 0.0224146 0.0181054 0.0138891 0.00996941
 0.00730805 0.0119743 0.0182119 0.0260192 0.0351589 0.0450036 0.0545114 0.0624889 0.068024 0.0707713 0.0709144 0.0689278 0.0653612 0.0607321 0.0554871 0.0499835 0.0444818 0.0391521 0.0340835 0.0292929 0.0247418 0.020373 0.0161687 0.0122001 0.0086285
 0.00745296 0.0122159 0.0185873 0.0265675 0.0359152 0.045987 0.0557122 0.0638613 0.0694894 0.0722296 0.0722582 0.0700562 0.0661904 0.0612035 0.055571 0.0496767 0.0438029 0.038135 0.0327749 0.0277552 0.0230594 0.0186562 0.0145444 0.0107877 0.00751022
 0.00754611 0.0123658 0.0188108 0.0268811 0.0363346 0.0465255 0.0563762 0.0646467 0.0703777 0.0731863 0.0732328 0.0709837 0.0669967 0.0618145 0.0559227 0.0497246 0.0435269 0.0375404 0.0318916 0.0266371 0.021785 0.0173259 0.0132702 0.00967272 0.00662451
 0.00759426 0.0124407 0.0189174 0.0270229 0.0365142 0.0467459 0.0566423 0.064965 0.0707561 0.0736322 0.0737477 0.0715565 0.0675975 0.0623926 0.0564121 0.0500553 0.0436384 0.0373945 0.0314803 0.0259864 0.0209538 0.0163999 0.0123482 0.00884682 0.00595901
 0.00764641 0.0125176 0.0190184 0.0271426 0.0366441 0.0468778 0.0567713 0.0650914 0.0708869 0.0737801 0.0739297 0.071789 0.0678884 0.0627338 0.0567738 0.0503873 0.0438787 0.0374833 0.0313761 0.0256788 0.0204696 0.0157993 0.0117117 0.00825426 0.00546987
 0.00772636 0.012637 0.0191782 0.0273358 0.0368566 0.0470912 0.0569653 0.0652477 0.0709929 0.0738349 0.073946 0.0717907 0.0679039 0.062786 0.0568714 0.0505184 0.04401 0.0375672 0.0313635 0.0255365 0.0201934 0.0154183 0.0112802 0.00783486 0.00511352
 0.00777273 0.0127149 0.0192994 0.0275106 0.0370899 0.0473754 0.0572768 0.0655484 0.0712406 0.0739965 0.0740083 0.0717627 0.0678123 0.0626662 0.056757 0.0504311 0.0439529 0.0375227 0.0313 0.0254204 0.0200047 0.0151611 0.0109825 0.0075377 0.00485511
 0.00781277 0.0127705 0.0193662 0.0275803 0.0371543 0.0474326 0.0573334 0.0656168 0.07133 0.074105 0.0741207 0.0718573 0.0678709 0.0626834 0.0567412 0.0503993 0.0439205 0.0374949 0.031268 0.0253659 0.0199101 0.0150205 0.0108072 0.00735205 0.00468611
 0.00784168 0.0128162 0.0194318 0.0276663 0.0372571 0.0475426 0.0574364 0.0656971 0.0713782 0.0741226 0.0741195 0.0718515 0.0678688 0.0626836 0.0567367 0.0503844 0.043895 0.0374618 0.0312283 0.0253151 0.0198405 0.0149271 0.0106935 0.0072307 0.00457344
 0.007867 0.0128545 0.0194842 0.0277321 0.0373339 0.0476271 0.0575239 0.065781 0.0714498 0.0741728 0.0741421 0.0718467 0.0678435 0.062648 0.0566993 0.050349 0.0438608 0.0374262 0.0311884 0.0252682 0.0197833 0.014858 0.0106145 0.00714842 0.00449735
 0.00788372 0.0128777 0.0195117 0.0277596 0.037356 0.0476398 0.0575261 0.0657754 0.0714412 0.0741664 0.0741414 0.0718522 0.0678533 0.0626595 0.0567112 0.0503608 0.043872 0.037435 0.0311919 0.0252628 0.0197662 0.0148281 0.0105738 0.00710212 0.00445216
 0.0078964 0.0128978 0.019541 0.0277985 0.0374031 0.0476908 0.0575739 0.0658111 0.0714577 0.0741614 0.0741187 0.0718198 0.0678202 0.062632 0.0566916 0.0503485 0.0438649 0.0374306 0.0311873 0.0252549 0.0197525 0.0148072 0.0105465 0.00707141 0.00442225
 0.00790679 0.0129107 0.0195531 0.0278048 0.0373985 0.0476728 0.0575444 0.0657759 0.0714237 0.0741337 0.0740992 0.0718084 0.0678163 0.0626361 0.0567043 0.0503696 0.0438924 0.0374609 0.0312163 0.0252786 0.0197678 0.0148127 0.0105429 0.00706109 0.00440885
 0.00788079 0.0128709 0.0194977 0.0277335 0.0373124 0.047574 0.0574363 0.0656647 0.0713186 0.0740464 0.0740418 0.0717894 0.0678383 0.062695 0.0567915 0.0504745 0.0440049 0.0375722 0.0313191 0.0253673 0.0198385 0.0148638 0.0105753 0.00707809 0.00441508
 0.00787282 0.0128501 0.0194522 0.0276485 0.0371753 0.0473816 0.0572003 0.065411 0.0710805 0.0738546 0.0739168 0.07174 0.0678635 0.0627865 0.056936 0.0506553 0.0442042 0.0377731 0.0315076 0.0255328 0.0199744 0.0149677 0.0106484 0.00712488 0.00444179
 0.00786353 0.0128353 0.01943 0.027616 0.0371273 0.0473101 0.0570961 0.0652676 0.0709002 0.0736521 0.0737186 0.0715773 0.0677623 0.0627609 0.0569857 0.0507687 0.0443627 0.0379558 0.0316944 0.0257072 0.0201245 0.0150871 0.0107359 0.00718347 0.00447738
 0.00784304 0.0128011 0.0193772 0.0275399 0.0370251 0.0471829 0.0569497 0.0651117 0.0707451 0.073506 0.0735875 0.0714682 0.0676857 0.0627296 0.0570107 0.0508537 0.0445014 0.038133 0.0318899 0.0259005 0.0202986 0.0152308 0.0108447 0.00725889 0.00452495
 0.00781509 0.0127529 0.0192996 0.0274233 0.0368621 0.0469728 0.056702 0.0648469 0.0704906 0.0732892 0.0734289 0.0713781 0.0676649 0.0627728 0.0571111 0.0510042 0.0446943 0.0383573 0.0321302 0.0261384 0.020516 0.0154139 0.0109864 0.00735928 0.00458979
 0.00777889 0.0126933 0.0192087 0.0272931 0.0366865 0.0467499 0.0564375 0.0645557 0.0701959 0.0730193 0.0732122 0.0712374 0.0676136 0.0628127 0.0572332 0.0511932 0.0449319 0.0386253 0.0324105 0.0264128 0.0207671 0.0156275 0.0111542 0.00748021 0.00466929
 0.00775522 0.0126529 0.0191441 0.0271963 0.0365504 0.0465712 0.0562194 0.0643089 0.0699373 0.0727692 0.0729919 0.071067 0.0675104 0.0627884 0.0572917 0.051329 0.0451317 0.0388699 0.0326784 0.0266823 0.0210187 0.0158452 0.0113282 0.00760786 0.0047547
 0.00772781 0.0126093 0.0190802 0.0271088 0.0364366 0.0464299 0.0560519 0.0641201 0.069736 0.0725676 0.0728043 0.0709093 0.0673973 0.0627327 0.0573022 0.0514087 0.0452762 0.0390675 0.0329111 0.0269286 0.0212569 0.0160569 0.011501 0.00773688 0.00484243
 0.00931572 0.0148318 0.0217621 0.0298656 0.0387874 0.0479753 0.0566151 0.0637728 0.0687142 0.0711505 0.071226 0.0693283 0.0659066 0.0613827 0.0561193 0.0504058 0.0444564 0.0384256 0.0324334 0.0265939 0.0210387 0.0159266 0.0114312 0.00770459 0.00483042
 0.00930217 0.015103 0.0226871 0.0319017 0.0422804 0.0528913 0.0623699 0.069327 0.0729429 0.0732866 0.071113 0.0673603 0.0627553 0.0577089 0.0524102 0.0469501 0.0413946 0.0358106 0.0302724 0.0248691 0.0197157 0.0149578 0.0107591 0.00726647 0.00456433
 0.0089601 0.0145657 0.0219352 0.0309864 0.0413769 0.052334 0.062612 0.0707787 0.0757255 0.0770501 0.0750794 0.0706193 0.0646423 0.0580353 0.0514324 0.0451564 0.0392748 0.0337234 0.0284222 0.0233423 0.0185263 0.0140808 0.010149 0.00686862 0.00432298
 0.00877493 0.0142548 0.0214497 0.0302787 0.0404191 0.0511516 0.0613262 0.0696335 0.0750664 0.077228 0.0762943 0.0727746 0.0673138 0.060609 0.0533515 0.0461322 0.0393437 0.0331477 0.0275289 0.0223998 0.0176972 0.0134327 0.00968701 0.00656526 0.00413929
 0.00870489 0.0141341 0.0212546 0.0299801 0.039986 0.0505589 0.0605684 0.068742 0.074129 0.0764014 0.075793 0.0728166 0.0680254 0.0619322 0.055022 0.0477651 0.04059 0.0338277 0.027668 0.0221636 0.0172879 0.0130096 0.00933825 0.00631773 0.00398328
 0.00869128 0.0141083 0.0212083 0.0299013 0.0398593 0.0503668 0.0602934 0.0683706 0.0736589 0.0758532 0.0752247 0.0723321 0.0677622 0.0620185 0.0555114 0.048587 0.041556 0.0347044 0.0282763 0.0224431 0.0172931 0.0128548 0.00913449 0.00613689 0.00385366
 0.00867413 0.0140814 0.0211694 0.0298484 0.0397899 0.0502771 0.0601778 0.0682216 0.0734676 0.0756126 0.0749357 0.0720128 0.067458 0.0618018 0.0554652 0.0487677 0.0419557 0.0352384 0.0288122 0.0228598 0.01753 0.0129238 0.00909411 0.00605283 0.00377199
 0.00868114 0.014089 0.0211739 0.029844 0.0397705 0.0502384 0.0601188 0.0681442 0.073374 0.0755023 0.0748051 0.0718581 0.0672824 0.0616239 0.055322 0.0487078 0.0420182 0.0354288 0.0290907 0.0231544 0.0177699 0.0130699 0.00914848 0.00604558 0.00373858
 0.00867376 0.014082 0.0211722 0.0298544 0.0397984 0.0502839 0.0601742 0.0681948 0.0734033 0.0754979 0.0747614 0.0717764 0.0671681 0.0614865 0.0551775 0.0485809 0.0419388 0.0354212 0.0291595 0.0232779 0.0179084 0.0131844 0.00921788 0.00607104 0.00373542
 0.00863447 0.0140223 0.0210907 0.0297535 0.0396854 0.0501706 0.0600756 0.0681262 0.0733751 0.0755105 0.0748046 0.0718326 0.0672197 0.0615215 0.0551924 0.0485817 0.0419397 0.0354396 0.0292086 0.0233589 0.0180081 0.0132814 0.00929354 0.00611733 0.00375587
 0.00860936 0.0139793 0.0210222 0.0296521 0.0395467 0.0499973 0.0598808 0.0679333 0.0732123 0.075403 0.0747667 0.0718643 0.0673071 0.0616422 0.0553236 0.0487062 0.0420502 0.0355382 0.0293027 0.0234547 0.0181053 0.0133729 0.00936967 0.00617163 0.00378821
 0.00863277 0.0140133 0.0210654 0.0296997 0.0395903 0.0500263 0.0598839 0.0679015 0.073143 0.0753027 0.0746515 0.0717552 0.0672231 0.0615941 0.0553108 0.04872 0.042079 0.0355734 0.0293408 0.0234959 0.01815 0.0134189 0.00941196 0.00620535 0.003811
 0.00863152 0.0140132 0.0210688 0.0297095 0.0396087 0.0500526 0.0599131 0.0679247 0.0731495 0.0752843 0.0746054 0.0716866 0.0671444 0.0615208 0.0552567 0.0486926 0.042078 0.0355928 0.0293728 0.0235341 0.0181902 0.0134579 0.00944693 0.00623364 0.0038312
 0.00861444 0.0139896 0.021041 0.0296825 0.0395891 0.0500464 0.059924 0.0679523 0.0731889 0.0753265 0.0746396 0.0717028 0.0671373 0.0614923 0.0552153 0.0486502 0.0420455 0.0355763 0.0293729 0.0235474 0.0182117 0.0134827 0.0094709 0.00625399 0.00384643
 0.00862186 0.0139985 0.0210488 0.0296854 0.0395838 0.0500328 0.0599062 0.067938 0.0731861 0.0753394 0.0746661 0.071735 0.0671645 0.0615052 0.0552097 0.0486282 0.0420145 0.0355455 0.0293499 0.0235358 0.0182111 0.0134899 0.00948204 0.00626553 0.00385611
 0.00862186 0.0139985 0.0210488 0.0296854 0.0395838 0.0500328 0.0599062 0.067938 0.0731861 0.0753394 0.0746661 0.071735 0.0671645 0.0615052 0.0552097 0.0486282 0.0420145 0.0355455 0.0293499 0.0235358 0.0182111 0.0134899 0.00948204 0.00626553 0.00385611
 0.00874574 0.0141946 0.0213329 0.0300656 0.0400553 0.050572 0.0604671 0.0684564 0.0735945 0.0755858 0.0747278 0.0716202 0.0669036 0.0611391 0.0547803 0.0481734 0.0415665 0.0351301 0.0289862 0.0232354 0.0179774 0.0133194 0.00936583 0.0061919 0.00381298
 0.00850331 0.0138281 0.0208343 0.0294496 0.0393602 0.0498568 0.0598073 0.0679343 0.0732813 0.075522 0.0749099 0.0720044 0.0674219 0.061719 0.0553598 0.0487083 0.0420312 0.0355153 0.0292939 0.0234742 0.0181584 0.0134532 0.00946145 0.00625715 0.00385484
 0.00842609 0.013675 0.020555 0.028986 0.0386674 0.0489337 0.0587201 0.0668145 0.0722936 0.0748151 0.0745773 0.0720674 0.0678367 0.0623975 0.0561949 0.0495965 0.0428886 0.036285 0.0299459 0.0239999 0.0185635 0.0137517 0.00967099 0.00639628 0.00394141
 0.00851412 0.0138121 0.0207471 0.0292265 0.0389293 0.0491631 0.0588393 0.066742 0.0719788 0.0742723 0.0738939 0.071378 0.0672756 0.0620547 0.0560961 0.0497095 0.0431468 0.0366137 0.0302819 0.0243009 0.0188087 0.0139368 0.0098016 0.00648267 0.00399484
 0.00853074 0.0138513 0.0208282 0.0293736 0.0391631 0.049488 0.0592305 0.0671404 0.0723001 0.074428 0.0738219 0.0710692 0.0667845 0.061485 0.0555651 0.0493087 0.0429168 0.0365434 0.0303269 0.0244072 0.0189311 0.0140466 0.00988648 0.00654134 0.00403175
 0.00855554 0.013894 0.0208973 0.0294801 0.0393197 0.0497066 0.0595174 0.0674899 0.0726867 0.0748035 0.074119 0.0712174 0.0667338 0.0612293 0.0551504 0.04882 0.0424485 0.0361672 0.0300736 0.0242688 0.0188766 0.0140403 0.00990028 0.00655867 0.00404556
 0.00841458 0.0136742 0.0205853 0.0290731 0.0388299 0.0491664 0.0589821 0.0670336 0.072387 0.0747184 0.0742658 0.0715638 0.0672053 0.0617313 0.0555985 0.0491658 0.0426889 0.0363337 0.0302082 0.0244015 0.0190156 0.0141768 0.0100199 0.00665134 0.00410912
 0.0084368 0.0136931 0.020582 0.0290196 0.0386971 0.0489359 0.0586582 0.066647 0.0719899 0.074373 0.0740303 0.0714786 0.0672819 0.0619465 0.0559005 0.0494901 0.0429811 0.0365655 0.0303803 0.0245318 0.0191237 0.014273 0.0101046 0.00672022 0.0041593
#pred catch len freq
 0.00452901 0.00716473 0.0104475 0.0142951 0.0186553 0.0234857 0.0286827 0.0340458 0.0393167 0.044246 0.0486359 0.0523571 0.0553539 0.0576331 0.0592324 0.0601827 0.0604864 0.0601089 0.0589622 0.056874 0.0535749 0.0487713 0.0423355 0.0345309 0.0260925
 0.00474273 0.00742669 0.0106878 0.0144061 0.018534 0.0230927 0.0280803 0.0333827 0.0387585 0.0438924 0.0484758 0.052286 0.0552392 0.0573892 0.0588689 0.0598068 0.0602592 0.0601719 0.0593677 0.0575525 0.0543609 0.049476 0.0428266 0.0347746 0.0261409
 0.00500605 0.00783836 0.0112703 0.0151525 0.0193907 0.0239467 0.0287672 0.0337312 0.0386645 0.0433804 0.0476961 0.0514382 0.0544712 0.0567426 0.0583024 0.0592719 0.0597641 0.0597899 0.0591877 0.0576119 0.0546093 0.0497959 0.0430942 0.034918 0.0261587
 0.00526845 0.00825068 0.0118656 0.0159555 0.0204155 0.025189 0.0301855 0.0352227 0.0400561 0.0444542 0.048255 0.0513854 0.053853 0.0557208 0.0570738 0.057992 0.0585248 0.0586466 0.0581904 0.0568045 0.0540052 0.0493623 0.0427686 0.0346436 0.0259106
 0.005615 0.00878099 0.0126038 0.0169068 0.0215728 0.0265414 0.031719 0.0369088 0.0418323 0.0462048 0.0498051 0.0525226 0.0543828 0.055536 0.0561986 0.0565711 0.0567648 0.0567503 0.0563189 0.0550711 0.0524802 0.0480777 0.0417248 0.0338223 0.0252881
 0.00596638 0.0093298 0.0133884 0.0179493 0.0228779 0.0280953 0.033485 0.038826 0.0438193 0.0481663 0.0516322 0.0540851 0.055525 0.0560938 0.0560423 0.0556565 0.0551626 0.0546323 0.0539104 0.0525967 0.0501267 0.0459796 0.0399633 0.0324308 0.0242591
 0.0063158 0.00987429 0.0141656 0.0189827 0.0241794 0.0296656 0.035308 0.0408586 0.0459843 0.0503543 0.0537118 0.0559166 0.0569703 0.0570202 0.0563275 0.0552054 0.0539384 0.0526888 0.0514016 0.0497536 0.0472115 0.0432356 0.0375777 0.0305135 0.0228389
 0.00665795 0.0104064 0.0149227 0.0199852 0.0254352 0.0311722 0.03705 0.0428006 0.0480662 0.0524908 0.0557952 0.0578219 0.0585636 0.0581679 0.0569048 0.0551055 0.0530883 0.0510739 0.049094 0.0469257 0.0441194 0.0401728 0.034813 0.0282365 0.0211304
 0.00705637 0.0110192 0.0157812 0.021099 0.0267968 0.0327633 0.0388418 0.0447492 0.0501084 0.0545448 0.057766 0.0596069 0.0600571 0.0592643 0.0575004 0.0551018 0.0524019 0.0496568 0.0469642 0.044196 0.0410066 0.0369699 0.0318274 0.0257154 0.0192054
 0.00755446 0.0117784 0.0168308 0.0224352 0.0283899 0.0345686 0.0408043 0.0468017 0.0521706 0.0565281 0.059581 0.0611696 0.061292 0.0601029 0.0578777 0.054952 0.0516595 0.0482698 0.0449221 0.0415655 0.0379569 0.0337648 0.0287741 0.0230856 0.0171645
 0.00799185 0.0124666 0.0178237 0.0237676 0.0300716 0.0365762 0.0430709 0.0492135 0.0545797 0.0587782 0.0615341 0.0627219 0.0623774 0.0606872 0.0579462 0.0544952 0.0506622 0.0467133 0.0428033 0.0389325 0.0349423 0.0305942 0.0257301 0.0204357 0.0150847
 0.00835158 0.0130325 0.018642 0.0248736 0.0314898 0.0383168 0.0451184 0.051511 0.0570184 0.061201 0.0637552 0.0645596 0.0636883 0.0613888 0.0580172 0.0539567 0.0495517 0.0450672 0.0406591 0.0363525 0.032046 0.0275749 0.0228347 0.0179058 0.013087
 0.00881148 0.0137274 0.0195916 0.0260666 0.0328959 0.0399038 0.0468605 0.0533825 0.058979 0.0631813 0.0656498 0.0662333 0.0649945 0.0621966 0.0582381 0.0535569 0.0485474 0.043508 0.038615 0.0339148 0.0293436 0.0247863 0.020176 0.0155865 0.011253
 0.00927572 0.0144402 0.0205858 0.0273441 0.0344283 0.0416366 0.0487157 0.0552639 0.0607861 0.064827 0.0670714 0.0673859 0.065836 0.062676 0.0582965 0.0531419 0.0476308 0.0420973 0.036757 0.0316967 0.0268941 0.0222749 0.0177964 0.0135196 0.00962184
 0.00963572 0.0150054 0.0213993 0.0284334 0.0358015 0.0432765 0.0505692 0.0572354 0.0627429 0.0666205 0.0685648 0.0684805 0.0664832 0.062872 0.0580626 0.052503 0.0466041 0.040698 0.0350143 0.0296716 0.0246908 0.0200387 0.0156942 0.0117054 0.00819675
