SBPRF35
12.7214
Curr Bio
798458
B35
898781
F35
0.168436
FOFL
0.145595
OFL
94149.1
Bzero
3.63469e+06
#pred survey bio
 3.3112e+06 3.25616e+06 3.19486e+06 3.06267e+06 2.90024e+06 2.6664e+06 2.42882e+06 2.18378e+06 1.96965e+06 1.76904e+06 1.57739e+06 1.41381e+06 1.25424e+06 1.14727e+06 1.00173e+06 878568 792632 734127 699313 655641 623081 603494 585511 579028 577924 561707 560422 549692 538804 541749 548497 545738 549747 564618 582198 601226 620594 633139 660917 669572 675342 682912 683060 687661 699928 710328 714293 716231 717459 730245 730405 768426 797372 798543 808166 804737 2.76056e+07 1.64228e+07 1.66337e+07 1.74991e+07 1.88178e+07 2.03295e+07 2.18289e+07 2.31913e+07 2.43596e+07 2.53222e+07 2.60935e+07 2.66996e+07 2.71696e+07 2.75307e+07 2.78068e+07 2.80173e+07 2.81777e+07 2.83001e+07 2.83938e+07 2.84656e+07 2.8521e+07 2.85639e+07 2.85973e+07 2.86233e+07 2.86438e+07 2.86599e+07 2.86726e+07 2.86827e+07 2.86908e+07 2.86972e+07 2.87024e+07 2.87065e+07 2.87099e+07 2.87126e+07 2.87147e+07 2.87165e+07 2.8718e+07 2.87191e+07 2.87201e+07 2.87209e+07 2.87215e+07 2.8722e+07 2.87224e+07 2.87228e+07 2.87231e+07 2.87233e+07 2.87235e+07 2.87236e+07 2.87237e+07 2.87239e+07 2.87239e+07 2.8724e+07 2.87241e+07 2.87241e+07 2.87241e+07 2.87242e+07 2.87242e+07 2.87242e+07 2.87242e+07 2.87243e+07 2.87243e+07 2.87243e+07 2.87243e+07 2.87243e+07 2.87243e+07 2.87243e+07 2.87243e+07 2.87243e+07 2.87243e+07 2.87243e+07 2.87243e+07 2.87243e+07 2.87243e+07 2.87243e+07 2.87243e+07 2.87243e+07 2.87243e+07 2.87243e+07 2.87243e+07 2.87243e+07 2.87243e+07 2.87243e+07 2.87243e+07 2.87243e+07 2.87243e+07 2.87243e+07 2.87243e+07 2.87243e+07 2.87243e+07 2.87243e+07 2.87243e+07 2.87243e+07 2.87243e+07 2.87243e+07 2.87243e+07 2.87243e+07 2.87243e+07 2.87243e+07 2.87243e+07 2.87243e+07 0 0 0 0 0 0 0 0 0 0 0 0 0 0 0 0 0 0 0 0 0 0 0 0 0
#obs survey bio
 2.65642e+06 2.94973e+06 3.61451e+06 2.19844e+06 3.25636e+06 2.46911e+06 1.86625e+06 2.11024e+06 1.81899e+06 1.96506e+06 1.54287e+06 1.29536e+06 1.48395e+06 1.05900e+06 654470 483315 854751 633741 626157 609016 462205 558878 597927 605481 404917 457824 895727 418948 543301 526697 469300 418990 547416 474833 478792 680824 623019 694588 642434 739362 564190 816344 536942 779331 842567 634907 574414 647314 743725 629172 740360 932452 730891 775475 911984 753915
#pred catch bio
 87972.6 91026 157249 191021 266295 282578 303252 288791 288868 291070 274073 275449 231844 265257 241809 205678 178860 156155 160228 146074 131288 126562 113982 107839 118508 103512 109639 107874 95661.3 93498.2 102811 98521.1 91754.8 92398.8 93769.9 95267.5 101676 89457.8 105880 107318 105139 111036 107156 101315 103834 109879 111748 112403 103341 114812 83282.2 91865.9 114322 105331 114130 119529 94149.1 106761 106883 111057 118836 128146 137402 145719 152725 158365 162759 166097 168586 170413 171740 172694 173375 173858 174199 174439 174608 174726 174808 174865 174905 174933 174952 174966 174975 174981 174985 174989 174991 174992 174993 174994 174994 174995 174995 174995 174995 174995 174995 174995 174995 174995 174995 174995 174995 174995 174995 174995 174995 174995 174995 174995 174995 174995 174995 174995 174995 174995 174995 174995 174995 174995 174995 174995 174995 174995 174995 174995 174995 174995 174995 174995 174995 174995 174995 174995 174995 174995 174995 174995 174995 174995 174995 174995 174995 174995 174995 174995 174995 174995 174995 174995 174995 174995 174995 174995 0 0 0 0 0 0 0 0 0 0 0 0 0 0 0 0 0 0 0 0 0 0 0 0 0
#obs catch bio
 0 90793.6 157938 191763 268362 284765 307465 292030 293404 294909 278432 282060 234447 270677 245798 210085 181152 158284 162996 148061 132789 128320 114770 107894 119851 103751 109343 108158 95755.4 93559.9 103284 99503.5 92871.5 93529.1 95268.2 96434 103084 89890.1 106695 107441 105385 111021 107513 101542 103970 110147 112210 112738 103303 115833 83305.4 91843.3 114798 105246 114282 119592
#pred cpue bio
 3.26048e+06 3.20711e+06 3.14711e+06 3.01528e+06 2.85291e+06 2.61984e+06 2.38307e+06 2.13906e+06 1.92579e+06 1.72613e+06 1.53555e+06 1.37292e+06 1.2149e+06 1.10897e+06 965672 844481 760042 702795 668865 626634 595345 576638 559564 553662 552822 537274 536344 526173 515594 518356 524737 521712 525221 539447 556405 574925 594023 606606 634014 642828 648710 656228 656399 660807 672773 682976 686838 688724 689923 702315 702479 740012 769097 770741 780299 777527 2.67122e+07 1.59104e+07 1.59803e+07 1.66698e+07 1.79177e+07 1.94099e+07 2.09049e+07 2.22663e+07 2.34343e+07 2.43969e+07 2.51682e+07 2.57744e+07 2.62443e+07 2.66055e+07 2.68815e+07 2.7092e+07 2.72524e+07 2.73748e+07 2.74685e+07 2.75404e+07 2.75958e+07 2.76386e+07 2.7672e+07 2.7698e+07 2.77185e+07 2.77346e+07 2.77474e+07 2.77575e+07 2.77655e+07 2.77719e+07 2.77771e+07 2.77812e+07 2.77846e+07 2.77873e+07 2.77895e+07 2.77912e+07 2.77927e+07 2.77938e+07 2.77948e+07 2.77956e+07 2.77962e+07 2.77967e+07 2.77971e+07 2.77975e+07 2.77978e+07 2.7798e+07 2.77982e+07 2.77983e+07 2.77985e+07 2.77986e+07 2.77987e+07 2.77987e+07 2.77988e+07 2.77988e+07 2.77989e+07 2.77989e+07 2.77989e+07 2.77989e+07 2.7799e+07 2.7799e+07 2.7799e+07 2.7799e+07 2.7799e+07 2.7799e+07 2.7799e+07 2.7799e+07 2.7799e+07 2.7799e+07 2.7799e+07 2.7799e+07 2.7799e+07 2.7799e+07 2.7799e+07 2.7799e+07 2.7799e+07 2.7799e+07 2.7799e+07 2.7799e+07 2.7799e+07 2.7799e+07 2.7799e+07 2.7799e+07 2.7799e+07 2.7799e+07 2.7799e+07 2.7799e+07 2.7799e+07 2.7799e+07 2.7799e+07 2.7799e+07 2.7799e+07 2.7799e+07 2.7799e+07 2.7799e+07 2.7799e+07 2.7799e+07 2.7799e+07 2.7799e+07 2.7799e+07 2.7799e+07 0 0 0 0 0 0 0 0 0 0 0 0 0 0 0 0 0 0 0 0 0 0 0 0 0
#obs cpue bio
 3.07028e+06 2.13699e+06 3.15944e+06 2.15208e+06 2.99909e+06 2.16638e+06 1.77862e+06 2.27561e+06 1.30858e+06 1.86624e+06 999622 854465 1.33489e+06 871764 1.3549e+06 822758 838314 551611 583295 614792 687371 470750 655632 712302 444252 840308 539566 489032 492454 517723 508827 383033 329411 537237 399055 534403 520494 666084 672301 874861 629844 737062 582119 564979 607996 707858 694608 841970 712285 527943 711072 821622 740625 900522 655760 940798
#pred surv len freq
 0.00468662 0.00767455 0.0116711 0.0166923 0.0226281 0.0291517 0.0356995 0.0416206 0.0464273 0.0499557 0.0523337 0.0538291 0.0547132 0.055194 0.0553979 0.0553721 0.0551013 0.0545225 0.0535166 0.0518707 0.0492537 0.0452829 0.039722 0.0327276 0.0249552
 0.00485738 0.00786035 0.0117862 0.0166135 0.0222446 0.0284329 0.03474 0.0406205 0.0456083 0.0494607 0.0521714 0.053893 0.0548547 0.0553029 0.0554507 0.0554322 0.0552768 0.0549032 0.0541186 0.0526162 0.0499991 0.0458816 0.0400879 0.0328616 0.0249256
 0.00505759 0.00819022 0.0122832 0.0172953 0.0230821 0.0293242 0.0355092 0.0410651 0.0455882 0.0489777 0.0513769 0.05301 0.0540661 0.0546826 0.0549761 0.0550513 0.054971 0.054701 0.0540606 0.0527052 0.0501774 0.0460539 0.0401712 0.0328258 0.0247982
 0.00524595 0.0085027 0.0127658 0.0179959 0.0240406 0.0305529 0.0369655 0.0426301 0.0470669 0.0501362 0.0520131 0.0530298 0.0535206 0.0537385 0.053835 0.0538733 0.0538472 0.0536738 0.0531533 0.0519312 0.0495301 0.0455033 0.0396799 0.0323742 0.0243941
 0.00542027 0.00878858 0.0132015 0.018621 0.0248912 0.0316524 0.0383124 0.0441857 0.0487477 0.0518098 0.0535026 0.0541368 0.0540728 0.0536476 0.0531324 0.0526967 0.052385 0.0521035 0.0516056 0.050486 0.0482285 0.0443615 0.0387016 0.0315608 0.0237484
 0.00568089 0.00920604 0.0138184 0.0194734 0.0260033 0.0330281 0.0399254 0.0459759 0.0506275 0.0536749 0.0552377 0.0556129 0.0551458 0.054174 0.0530053 0.0518882 0.0509675 0.0502337 0.0494797 0.048292 0.0461178 0.0424432 0.0370487 0.0302157 0.0227241
 0.00593398 0.00961831 0.0144402 0.020352 0.0271732 0.0344972 0.0416603 0.0478988 0.0526288 0.0556356 0.0570476 0.0571742 0.0563657 0.0549544 0.0532436 0.0514968 0.0499081 0.0485483 0.0472982 0.0458097 0.0435552 0.0400057 0.034899 0.0284579 0.0213971
 0.00623377 0.0100972 0.0151455 0.0213232 0.0284367 0.0360564 0.0434845 0.0499164 0.0547332 0.0577024 0.0589528 0.0588083 0.0576375 0.0557876 0.0535683 0.0512458 0.0490262 0.0470188 0.0451743 0.0432317 0.0407393 0.0372051 0.0323513 0.0263374 0.0197863
 0.00650695 0.0105384 0.0158041 0.0222429 0.0296475 0.0375622 0.0452501 0.0518645 0.0567566 0.0596843 0.0607848 0.0603963 0.0589013 0.0566563 0.0539768 0.0511325 0.0483358 0.0457161 0.043271 0.0408156 0.0379874 0.0343649 0.0296888 0.0240726 0.0180422
 0.00680693 0.0110169 0.0165075 0.0232085 0.0308982 0.0390965 0.0470313 0.0538159 0.0587698 0.0616385 0.0625659 0.0619092 0.0600726 0.0574307 0.0543096 0.0509816 0.0476594 0.0444803 0.0414716 0.038509 0.0353148 0.0315494 0.0269953 0.02174 0.0162205
 0.00710687 0.0115032 0.0172364 0.0242299 0.0322445 0.0407661 0.0489727 0.055925 0.0609072 0.063659 0.0643446 0.063353 0.0611192 0.0580422 0.0544636 0.050662 0.0468499 0.0431656 0.0396524 0.0362296 0.0326911 0.0287774 0.0243218 0.0194012 0.0143756
 0.00727814 0.0117987 0.0177129 0.0249516 0.0332696 0.0421257 0.0506486 0.0578413 0.0629405 0.0656629 0.0661749 0.0648872 0.062267 0.0587474 0.0546992 0.05042 0.0461303 0.0419717 0.0379982 0.0341599 0.0303074 0.026249 0.0218673 0.0172368 0.0126538
 0.00754746 0.0122195 0.0183156 0.0257571 0.0342898 0.0433643 0.0520959 0.0594647 0.0646779 0.0674219 0.0678407 0.0663371 0.0633892 0.0594569 0.0549457 0.0501855 0.0454199 0.0408044 0.0364059 0.0321988 0.0280764 0.0239009 0.0195954 0.0152331 0.0110559
 0.00765563 0.0124059 0.0186153 0.0262078 0.0349231 0.0441916 0.0530986 0.060596 0.0658779 0.068635 0.0690224 0.0674456 0.0643711 0.0602419 0.0554543 0.0503449 0.0451789 0.0401409 0.0353298 0.0307567 0.0263581 0.0220426 0.0177658 0.0135995 0.00974067
 0.00796694 0.0129019 0.0193422 0.0272005 0.0361966 0.0457288 0.0548372 0.0624248 0.0676517 0.0702049 0.0702683 0.0682981 0.0648142 0.0602987 0.0551629 0.0497369 0.0442702 0.038938 0.0338451 0.0290268 0.0244583 0.0200905 0.0159073 0.0119765 0.00845291
 0.00820191 0.0132897 0.019936 0.0280512 0.0373407 0.0471687 0.0565235 0.0642517 0.0694732 0.0718649 0.0716291 0.0692589 0.0653204 0.0603432 0.054779 0.0489828 0.0432092 0.0376243 0.0323228 0.027342 0.022677 0.018308 0.0142407 0.0105392 0.00732197
 0.00834282 0.0135127 0.0202614 0.0284977 0.0379255 0.0479078 0.0574254 0.0653089 0.0706518 0.0730995 0.0728261 0.0703096 0.0661209 0.0608137 0.0548774 0.0487072 0.0425907 0.0367137 0.0311795 0.0260301 0.0212697 0.0168929 0.012916 0.00939632 0.00642267
 0.00845086 0.013677 0.0204882 0.0287857 0.0382691 0.0483004 0.057863 0.0657917 0.0711846 0.073688 0.0734683 0.070984 0.066779 0.061383 0.0552761 0.0488653 0.0424673 0.0363042 0.0305124 0.0251599 0.0202698 0.0158496 0.0119198 0.00852765 0.00573487
 0.00834904 0.0135386 0.0203297 0.028639 0.0381722 0.048283 0.0579367 0.0659503 0.0714143 0.0739802 0.0738251 0.0714132 0.0672799 0.061933 0.0558243 0.0493392 0.0427899 0.0364152 0.0303848 0.024806 0.0197381 0.0152142 0.0112649 0.00793032 0.00524874
 0.00838225 0.0135823 0.0203777 0.0286825 0.0382061 0.0483143 0.0579868 0.0660482 0.0715815 0.0742171 0.0741092 0.0717116 0.067566 0.0621947 0.0560585 0.0495371 0.0429274 0.0364553 0.0302918 0.0245634 0.0193599 0.0147446 0.0107669 0.00746737 0.0048676
 0.00844689 0.0136735 0.0204887 0.0287973 0.0383026 0.0483711 0.0579908 0.0660009 0.0715017 0.0741379 0.0740685 0.0717378 0.0676676 0.062359 0.0562592 0.0497444 0.0431112 0.0365854 0.0303385 0.0245048 0.019192 0.0144879 0.0104624 0.00716386 0.00460606
 0.00837964 0.0135788 0.0203727 0.0286737 0.0381868 0.0482721 0.0579067 0.0659206 0.0714142 0.0740429 0.0739824 0.0716901 0.0676899 0.0624713 0.0564607 0.0500121 0.0434075 0.0368666 0.030564 0.0246439 0.0192304 0.014432 0.0103381 0.00700816 0.00445471
 0.00840636 0.0136032 0.0203756 0.028628 0.0380685 0.0480749 0.0576508 0.0656489 0.071175 0.07387 0.0738855 0.0716616 0.0677186 0.062553 0.0565976 0.0502048 0.043645 0.0371242 0.0308075 0.0248392 0.0193536 0.0144762 0.0103151 0.0069425 0.00437442
 0.00847088 0.0136866 0.0204605 0.0286829 0.0380538 0.0479546 0.0574054 0.0652854 0.07073 0.0734049 0.0734726 0.071364 0.0675731 0.0625637 0.0567435 0.0504528 0.0439596 0.0374706 0.0311506 0.0251453 0.0195952 0.0146392 0.0104015 0.00696895 0.00436428
 0.00836027 0.0135361 0.0202869 0.0285167 0.0379263 0.0478793 0.057366 0.0652396 0.0706301 0.0732233 0.073219 0.0710837 0.0673305 0.0624184 0.056731 0.0505767 0.044197 0.0377821 0.0314921 0.0254749 0.0198793 0.0148565 0.0105463 0.00704954 0.00439832
 0.00834943 0.0135181 0.0202605 0.028484 0.0378958 0.0478685 0.0573984 0.0653336 0.0707834 0.0734026 0.0733656 0.0711385 0.0672627 0.0622418 0.0564977 0.0503529 0.0440361 0.0377094 0.0315031 0.0255448 0.0199754 0.0149495 0.0106176 0.00709295 0.00441759
 0.00833734 0.0134799 0.0201695 0.0283061 0.0376013 0.0474491 0.0568823 0.0647873 0.0702959 0.0730582 0.0732163 0.0711876 0.0674676 0.0625347 0.0568142 0.0506545 0.0443152 0.0379768 0.03177 0.0258104 0.0202265 0.0151677 0.0107884 0.00721217 0.00449087
 0.00846035 0.0136652 0.0204192 0.0286081 0.0379265 0.0477521 0.0571057 0.0648742 0.07021 0.0728029 0.0728408 0.0707712 0.0670895 0.0622461 0.0566272 0.0505512 0.0442679 0.037965 0.0317854 0.0258508 0.0202875 0.0152391 0.0108572 0.00726788 0.00452912
 0.00858158 0.0138556 0.0206927 0.0289707 0.038373 0.0482605 0.0576329 0.0653564 0.0705727 0.07298 0.0727947 0.0705075 0.0666572 0.0617235 0.0560969 0.0500765 0.043881 0.0376708 0.0315737 0.0257078 0.0201998 0.0151936 0.0108404 0.00726676 0.00453378
 0.00867425 0.0139857 0.020851 0.0291373 0.0385248 0.0483824 0.0577251 0.0654314 0.0706448 0.0730519 0.0728515 0.0705215 0.066602 0.0615891 0.0558975 0.0498462 0.0436599 0.03749 0.0314474 0.0256345 0.0201689 0.0151915 0.0108541 0.00728586 0.00455147
 0.0087552 0.014111 0.0210266 0.0293617 0.0387864 0.0486576 0.0579795 0.0656275 0.0707543 0.0730681 0.0727902 0.0704101 0.0664634 0.0614324 0.0557211 0.0496492 0.043451 0.0372878 0.0312726 0.0255014 0.0200809 0.0151425 0.0108332 0.00728168 0.00455478
 0.00884673 0.0142655 0.0212688 0.0297156 0.0392665 0.0492568 0.0586585 0.0663143 0.0713587 0.0735052 0.0730039 0.0703855 0.0662255 0.0610326 0.0552194 0.0490996 0.0428958 0.0367594 0.0307971 0.0250987 0.0197623 0.0149086 0.0106745 0.00718253 0.00449801
 0.00883663 0.0142559 0.0212679 0.0297378 0.0393316 0.0493872 0.0588736 0.0666227 0.0717495 0.0739423 0.0734291 0.0707313 0.0664349 0.0610759 0.0551007 0.0488505 0.0425625 0.0363892 0.0304305 0.0247664 0.0194842 0.0146939 0.0105222 0.00708374 0.00443964
 0.00880286 0.0141932 0.0211603 0.0295683 0.0390906 0.0490828 0.0585402 0.066319 0.0715443 0.0738924 0.0735592 0.0710244 0.0668365 0.06151 0.0554922 0.0491457 0.0427394 0.0364557 0.030414 0.0247009 0.0194006 0.0146145 0.0104591 0.00704037 0.00441356
 0.00866549 0.0139943 0.0209054 0.0292764 0.0387862 0.0487854 0.058258 0.0660543 0.0713047 0.0737017 0.0734564 0.0710505 0.0670141 0.0618285 0.0559066 0.0495899 0.0431479 0.0367825 0.0306414 0.0248366 0.0194674 0.0146385 0.0104621 0.00703635 0.00440927
 0.00848199 0.0137115 0.0205102 0.0287706 0.0381899 0.0481389 0.0576206 0.0654953 0.0708867 0.0734624 0.0734027 0.0711672 0.0672793 0.0622216 0.0564047 0.0501588 0.0437392 0.0373419 0.031123 0.0252146 0.0197392 0.0148189 0.0105738 0.00710155 0.00444558
 0.00832567 0.0134619 0.0201439 0.0282711 0.0375536 0.0473835 0.0567925 0.06467 0.0701564 0.072915 0.0730999 0.0711326 0.0674987 0.062654 0.0569962 0.050853 0.0444809 0.0380769 0.0318009 0.0257952 0.0201997 0.015157 0.0108038 0.00724682 0.00453093
 0.00827696 0.0133761 0.0200021 0.0280514 0.0372351 0.0469539 0.0562569 0.0640552 0.0695106 0.072301 0.0725862 0.0707814 0.0673541 0.0627327 0.0572848 0.0513128 0.0450573 0.0387095 0.0324308 0.0263718 0.0206864 0.0155355 0.0110745 0.00742479 0.00463831
 0.00809659 0.0130968 0.0196079 0.0275365 0.0366046 0.0462242 0.0554573 0.0632299 0.0687162 0.0716 0.0720393 0.0704404 0.0672563 0.062895 0.0576994 0.0519456 0.045851 0.039592 0.0333255 0.0272088 0.0214118 0.0161177 0.0115061 0.00771908 0.00482228
 0.00807998 0.0130626 0.0195431 0.0274246 0.0364292 0.0459749 0.0551344 0.0628453 0.0682893 0.0711535 0.0715976 0.0700324 0.0669179 0.062668 0.0576232 0.0520459 0.0461297 0.0400225 0.0338574 0.0277783 0.021956 0.0165875 0.0118742 0.0079811 0.00499152
 0.00808788 0.0130727 0.0195526 0.0274276 0.036416 0.0459324 0.0550476 0.0627005 0.068079 0.0708805 0.0712764 0.069687 0.0665788 0.0623693 0.0574009 0.0519342 0.0461537 0.0401891 0.0341491 0.0281546 0.022363 0.016972 0.0121969 0.00822347 0.00515483
 0.00809727 0.0130833 0.0195599 0.0274244 0.0363943 0.0458854 0.054972 0.0625959 0.0679465 0.0707208 0.0710905 0.0694788 0.0663579 0.0621528 0.0572126 0.0518018 0.046104 0.0402413 0.0343066 0.0284007 0.0226626 0.017281 0.0124748 0.00844417 0.00531052
 0.00815238 0.0131691 0.0196815 0.0275824 0.0365834 0.0460924 0.0551751 0.062767 0.0680568 0.0707484 0.0710255 0.0693242 0.0661269 0.0618664 0.0568984 0.0514924 0.0458344 0.0400434 0.0342024 0.0283953 0.0227414 0.0174139 0.0126259 0.00858266 0.00541834
 0.00811814 0.0131242 0.0196338 0.0275461 0.0365749 0.0461244 0.0552507 0.0628777 0.0681843 0.0708695 0.0711169 0.069367 0.0661106 0.0617901 0.0567712 0.0513325 0.0456668 0.0398966 0.0341022 0.0283581 0.0227688 0.0174918 0.01273 0.00868775 0.00550601
 0.00808167 0.0130577 0.0195215 0.0273719 0.0363299 0.045817 0.0549127 0.0625609 0.0679446 0.0707469 0.0711225 0.0694823 0.0662977 0.0620062 0.0569799 0.0515115 0.0458096 0.0400104 0.0342027 0.0284615 0.022885 0.0176201 0.0128601 0.00880547 0.00560013
 0.00806663 0.0130337 0.0194854 0.0273193 0.036254 0.045708 0.0547611 0.062363 0.0677109 0.0705057 0.0709151 0.0693497 0.0662644 0.0620709 0.0571184 0.051688 0.045991 0.040176 0.0343466 0.0285885 0.0230032 0.0177341 0.0129682 0.00890125 0.00567704
 0.00804001 0.0129997 0.0194512 0.0272966 0.0362549 0.0457384 0.0548153 0.0624227 0.0677501 0.0705006 0.0708542 0.0692403 0.066132 0.0619493 0.0570362 0.0516577 0.0460073 0.0402225 0.0344063 0.0286511 0.0230653 0.017796 0.0130291 0.00895798 0.00572506
 0.00804402 0.0130015 0.0194457 0.0272779 0.0362194 0.0456898 0.0547658 0.0623896 0.0677471 0.0705283 0.0708977 0.0692758 0.0661387 0.061921 0.0569834 0.0516016 0.045968 0.0402106 0.0344209 0.0286845 0.0231089 0.0178431 0.0130756 0.00900044 0.00576064
 0.00811407 0.0131018 0.0195712 0.0274146 0.0363472 0.0457883 0.0548203 0.0623949 0.0677085 0.0704606 0.0708191 0.0692006 0.0660716 0.0618568 0.0569141 0.051524 0.0458877 0.0401386 0.0343676 0.0286544 0.0231002 0.0178504 0.0130923 0.00902071 0.00578012
 0.00800321 0.0129467 0.019384 0.0272207 0.0361769 0.0456629 0.054743 0.0623516 0.0676789 0.0704311 0.0707905 0.0691864 0.0660885 0.0619148 0.057011 0.0516471 0.0460209 0.0402694 0.0344898 0.0287665 0.023202 0.0179405 0.0131684 0.00908097 0.00582429
 0.00785484 0.0127298 0.0191036 0.0269 0.0358537 0.0453823 0.0545476 0.0622721 0.0677241 0.0705825 0.0710065 0.0694169 0.0662943 0.0620792 0.0571376 0.05175 0.0461127 0.0403563 0.0345727 0.028844 0.0232728 0.0180034 0.0132221 0.00912429 0.00585665
 0.00757017 0.0122669 0.0184097 0.0259343 0.034606 0.0438967 0.0529409 0.0607265 0.0664472 0.0697491 0.0707104 0.0696542 0.0669795 0.0630805 0.0583157 0.0529853 0.0473181 0.0414753 0.0355713 0.0297028 0.0239827 0.0185641 0.0136421 0.00941995 0.00605044
 0.00752711 0.01217 0.0182135 0.0255775 0.0340242 0.0430447 0.0518171 0.0593898 0.0650178 0.0683926 0.0696073 0.0689597 0.0667853 0.0633922 0.0590572 0.0540272 0.0485156 0.0427003 0.0367278 0.0307291 0.0248451 0.0192508 0.0141578 0.00978273 0.00628747
 0.00757966 0.0122626 0.018363 0.0257959 0.034305 0.0433471 0.0520584 0.0594578 0.0648078 0.0678528 0.0687715 0.0679489 0.0657757 0.0625639 0.0585426 0.0538792 0.0487049 0.0431388 0.0373044 0.0313407 0.025415 0.0197329 0.0145331 0.0100523 0.00646592
 0.00725821 0.0118068 0.0178016 0.0251996 0.0337689 0.0429591 0.0518692 0.0594649 0.0649546 0.0680426 0.0688956 0.0679245 0.0655817 0.0622559 0.0582345 0.0536985 0.0487433 0.043421 0.0377875 0.0319389 0.0260329 0.0202927 0.0149883 0.010388 0.00669127
 0.00680493 0.0111173 0.0168558 0.02402 0.0324256 0.0415693 0.0505904 0.0584709 0.0643904 0.0679724 0.0692731 0.0686082 0.0663891 0.0630304 0.0588946 0.0542499 0.0492523 0.043966 0.0384141 0.0326387 0.026753 0.0209633 0.0155515 0.0108151 0.00698382
#obs surv len freq
 nan nan nan nan nan nan nan nan nan nan nan nan nan nan nan nan nan nan nan nan nan nan nan nan nan
 0.00448599 0.00734781 0.011178 0.0159942 0.0216942 0.0279686 0.0342815 0.0400117 0.0446907 0.0481543 0.0505124 0.0520086 0.0529013 0.0534142 0.0537288 0.053984 0.0542628 0.0545557 0.0546945 0.0542865 0.0527246 0.0493567 0.0438064 0.0362864 0.02767
 0.0046109 0.0075544 0.0114951 0.0164496 0.0223077 0.0287414 0.0351856 0.0409874 0.0456553 0.0490196 0.051201 0.0524659 0.0531 0.053354 0.0534321 0.053488 0.0536108 0.0537901 0.0538541 0.053408 0.0518466 0.0485221 0.0430597 0.0356653 0.0271953
 0.00477849 0.00782606 0.0119027 0.0170227 0.0230689 0.0296975 0.0363176 0.042245 0.0469596 0.0502736 0.0523037 0.0533252 0.0536445 0.0535415 0.0532534 0.0529648 0.0527884 0.052728 0.0526186 0.052069 0.0504789 0.0472057 0.0418737 0.0346751 0.0264371
 0.00497031 0.00814164 0.0123844 0.0177118 0.0239971 0.0308732 0.0377134 0.0437937 0.0485647 0.0518276 0.0537031 0.0544777 0.0544706 0.0539772 0.0532564 0.0525208 0.0519151 0.0514743 0.0510599 0.050303 0.0486212 0.0453838 0.0402138 0.0332803 0.0253652
 0.00517137 0.00847167 0.0128872 0.0184311 0.0249685 0.0321122 0.0392013 0.0454711 0.050338 0.0535841 0.0553287 0.0558676 0.0555349 0.0546425 0.0534662 0.0522379 0.0511273 0.0502015 0.0493617 0.0482813 0.0464184 0.0431704 0.0381646 0.0315406 0.0240199
 0.00540536 0.00885364 0.0134651 0.0192508 0.0260654 0.0334979 0.0408497 0.0473134 0.0522716 0.0554921 0.0570961 0.0573913 0.056726 0.0554261 0.053781 0.0520367 0.050381 0.0489076 0.0475575 0.0460581 0.0439271 0.0406114 0.035756 0.0294719 0.0224074
 0.00564955 0.00925257 0.0140692 0.0201083 0.0272136 0.0349486 0.0425745 0.0492384 0.054288 0.0574766 0.0589309 0.0589741 0.0579725 0.056267 0.0541583 0.0519017 0.0496955 0.0476527 0.0457501 0.0437716 0.0413058 0.0378663 0.0331314 0.0271901 0.0206127
 0.00590242 0.00966618 0.0146964 0.0209998 0.0284083 0.0364585 0.0443685 0.0512369 0.0563745 0.05952 0.0608071 0.0605783 0.0592219 0.0570987 0.0545237 0.0517607 0.0490138 0.0464079 0.0439473 0.041468 0.0386331 0.0350321 0.0303899 0.0247825 0.0187033
 0.00614047 0.0100593 0.0152994 0.0218677 0.0295852 0.0379604 0.0461661 0.0532493 0.0584811 0.0615841 0.0626987 0.062188 0.0604649 0.0579135 0.0548672 0.0516017 0.0483277 0.0451777 0.0421769 0.0392058 0.035997 0.0322184 0.0276476 0.0223561 0.0167657
 0.00640045 0.0104826 0.0159379 0.0227702 0.0307893 0.0394774 0.0479659 0.055254 0.0605739 0.0636301 0.0645664 0.0637639 0.0616609 0.058668 0.0551419 0.0513745 0.0475857 0.0439156 0.0404057 0.0369732 0.0334127 0.0294647 0.0249603 0.019971 0.014854
 0.00660845 0.0108304 0.0164788 0.0235597 0.0318729 0.0408727 0.0496443 0.0571363 0.0625429 0.0655556 0.0663263 0.0652555 0.0628032 0.0594009 0.0554242 0.0511809 0.0469034 0.0427428 0.0387577 0.0348987 0.0310141 0.0269091 0.0224632 0.0177498 0.0130683
 0.00681916 0.0111717 0.0169909 0.0242804 0.0328326 0.0420846 0.0510929 0.0587697 0.0642759 0.0672814 0.0679321 0.066637 0.0638743 0.0600983 0.0557068 0.0510249 0.0462974 0.0416867 0.0372681 0.0330228 0.0288468 0.0246014 0.0202085 0.0157429 0.0114529
 0.00706507 0.0115723 0.0175946 0.0251307 0.0339574 0.0434807 0.0527122 0.0605182 0.0660315 0.0689215 0.0693555 0.0677706 0.0646697 0.0605248 0.0557464 0.0506693 0.0455463 0.0405476 0.0357621 0.0311964 0.026787 0.0224434 0.0181225 0.013899 0.00997513
 0.00727898 0.0119268 0.0181401 0.0259175 0.0350236 0.0448344 0.054314 0.0622755 0.0678127 0.0705834 0.0707713 0.0688481 0.0653566 0.0608045 0.055627 0.0501717 0.0446941 0.039365 0.0342789 0.02946 0.0248766 0.0204765 0.0162448 0.0122536 0.00866429
 0.00744908 0.0122073 0.0185698 0.0265357 0.0358632 0.0459101 0.0556088 0.0637339 0.0693446 0.0720777 0.0721124 0.0699317 0.0661028 0.0611663 0.0555916 0.0497544 0.0439274 0.038289 0.0329384 0.0279103 0.0231939 0.0187641 0.0146252 0.0108446 0.00754774
 0.00752087 0.0123277 0.0187586 0.0268154 0.036257 0.0464375 0.0562793 0.0645421 0.0702681 0.073076 0.0731281 0.0708929 0.066929 0.0617791 0.0559275 0.0497739 0.0436196 0.0376688 0.032042 0.0267929 0.0219306 0.0174502 0.0133677 0.00974335 0.00667179
 0.00760074 0.012447 0.0189191 0.0270137 0.0364879 0.0466995 0.0565777 0.0648888 0.0706765 0.0735553 0.0736762 0.0714907 0.0675384 0.0623437 0.05638 0.0500476 0.0436613 0.0374496 0.0315631 0.0260869 0.0210592 0.0164978 0.0124299 0.00890842 0.00600119
 0.00768442 0.0125788 0.0191089 0.0272659 0.0367987 0.0470541 0.05695 0.0652463 0.0709915 0.0738169 0.0738947 0.0716908 0.0677438 0.0625617 0.0565931 0.0502153 0.0437303 0.0373692 0.0313013 0.0256415 0.020462 0.0158105 0.011731 0.00827378 0.00548534
 0.00771541 0.0126255 0.0191726 0.027346 0.0368939 0.0471638 0.057074 0.0653839 0.0711392 0.0739685 0.0740443 0.0718368 0.0678911 0.0627189 0.0567637 0.0503886 0.0438771 0.0374474 0.0312684 0.0254714 0.0201573 0.0154052 0.0112817 0.00784294 0.00512255
 0.00777183 0.0127098 0.0192856 0.0274831 0.0370463 0.0473198 0.0572221 0.0655136 0.0712438 0.0740461 0.0740982 0.0718736 0.0679186 0.0627451 0.0567951 0.0504272 0.043916 0.0374678 0.0312424 0.0253724 0.0199726 0.0151454 0.0109796 0.0075421 0.00486191
 0.0078034 0.0127584 0.0193532 0.0275694 0.0371476 0.0474293 0.0573296 0.0656074 0.0713138 0.0740874 0.074113 0.0718705 0.0679088 0.0627389 0.0567992 0.0504434 0.0439405 0.0374897 0.0312446 0.0253351 0.0198818 0.0150006 0.010797 0.00734941 0.00468766
 0.00784586 0.0128221 0.0194392 0.027675 0.0372669 0.0475544 0.0574514 0.0657161 0.0713996 0.0741424 0.074133 0.0718567 0.0678681 0.062682 0.0567382 0.0503882 0.043896 0.0374542 0.0312097 0.025288 0.0198107 0.0149007 0.0106743 0.00721923 0.00456801
 0.00786989 0.0128593 0.0194917 0.0277429 0.0373481 0.0476442 0.0575423 0.0657989 0.0714656 0.0741857 0.0741518 0.0718527 0.0678454 0.0626456 0.0566938 0.0503418 0.0438528 0.0374165 0.0311753 0.0252508 0.0197631 0.0148378 0.0105975 0.00713636 0.00449019
 0.00790226 0.0129076 0.0195563 0.0278212 0.0374354 0.0477346 0.0576299 0.0658777 0.0715296 0.0742297 0.0741725 0.0718494 0.0678199 0.0626022 0.056638 0.0502798 0.04379 0.037357 0.0311207 0.0251996 0.0197117 0.014783 0.0105388 0.00707713 0.00443601
 0.00787605 0.0128677 0.0195012 0.0277516 0.0373538 0.0476457 0.05754 0.0657954 0.0714648 0.0741919 0.0741681 0.07188 0.0678814 0.0626857 0.0567326 0.050375 0.0438782 0.0374333 0.0311827 0.0252457 0.0197409 0.014795 0.0105353 0.0070623 0.00441575
 0.00788062 0.0128683 0.0194897 0.027717 0.0372859 0.0475401 0.057403 0.0656433 0.0713197 0.0740748 0.0740936 0.0718549 0.0679051 0.062752 0.0568309 0.0504925 0.0440015 0.0375511 0.0312864 0.0253303 0.0198038 0.0148362 0.0105572 0.00706906 0.00441293
 0.00789918 0.0128946 0.0195219 0.0277495 0.0373099 0.0475445 0.0573764 0.0655777 0.0712147 0.0739404 0.0739499 0.0717262 0.0678129 0.062709 0.0568387 0.0505436 0.0440827 0.0376474 0.0313838 0.025418 0.019875 0.014888 0.0105901 0.00708643 0.00441933
 0.00789205 0.0128821 0.0195012 0.0277177 0.037264 0.0474827 0.057299 0.0654869 0.0711141 0.0738349 0.0738461 0.0716334 0.0677432 0.0626745 0.0568482 0.0505988 0.0441771 0.037768 0.0315148 0.0255441 0.0199844 0.0149743 0.0106516 0.00712562 0.00444134
 0.00785554 0.0128253 0.0194206 0.0276118 0.0371342 0.0473335 0.0571384 0.0653266 0.0709677 0.0737146 0.0737608 0.0715873 0.0677368 0.0627066 0.0569174 0.0507027 0.0443116 0.037925 0.0316822 0.0257077 0.0201312 0.0150947 0.0107417 0.00718695 0.00447899
 0.00785678 0.0128199 0.0193991 0.0275615 0.0370428 0.0471956 0.0569598 0.065125 0.0707672 0.0735391 0.073628 0.0715066 0.0677099 0.06273 0.0569847 0.0508066 0.0444445 0.0380784 0.0318464 0.0258711 0.0202818 0.0152226 0.0108412 0.00725731 0.00452404
 0.00782382 0.0127692 0.0193277 0.0274677 0.0369253 0.0470525 0.0567901 0.0649308 0.0705576 0.073332 0.0734472 0.0713767 0.0676488 0.0627443 0.0570692 0.0509481 0.0446261 0.0382832 0.0320588 0.026077 0.0204688 0.0153809 0.0109652 0.00734644 0.0045824
 0.00780021 0.0127269 0.0192571 0.0273584 0.0367697 0.0468504 0.0565525 0.0646784 0.0703153 0.0731213 0.073283 0.0712677 0.0676011 0.0627622 0.0571537 0.0510943 0.044822 0.0385118 0.0323007 0.0263137 0.0206844 0.0155639 0.0111091 0.00745076 0.00465152
 0.00774733 0.012645 0.0191413 0.0272063 0.0365813 0.0466281 0.0563019 0.0644107 0.0700483 0.072878 0.0730877 0.0711406 0.0675538 0.062797 0.057265 0.0512715 0.045051 0.0387757 0.0325801 0.0265885 0.0209362 0.0157784 0.0112785 0.00757403 0.00473365
 0.00774816 0.0126394 0.0191203 0.0271576 0.0364931 0.0464942 0.0561259 0.0642058 0.0698327 0.0726699 0.072902 0.0709894 0.0674483 0.062747 0.0572774 0.0513474 0.0451852 0.0389566 0.0327915 0.0268114 0.0211513 0.0159692 0.011434 0.00768993 0.00481239
 0.00770545 0.0125752 0.019033 0.0270484 0.0363638 0.046346 0.0559585 0.0640201 0.0696344 0.0724716 0.0727218 0.070847 0.0673592 0.0627201 0.0573148 0.0514462 0.0453386 0.0391538 0.0330179 0.0270492 0.0213815 0.0161747 0.0116027 0.00781676 0.00489924
 0.00768786 0.012541 0.0189718 0.0269481 0.0362153 0.0461487 0.0557247 0.063773 0.0694008 0.0722728 0.0725694 0.0707444 0.0673069 0.062719 0.0573662 0.0515501 0.0454911 0.0393469 0.0332392 0.0272827 0.0216096 0.0163807 0.0117738 0.00794684 0.00498927
 0.00765745 0.0124975 0.0189167 0.0268851 0.0361476 0.0460753 0.0556392 0.0636668 0.0692694 0.0721212 0.072413 0.0706033 0.0671993 0.0626563 0.0573531 0.0515866 0.0455747 0.0394724 0.0333979 0.0274621 0.0217941 0.016554 0.0119225 0.00806292 0.0050714
 0.00764777 0.0124787 0.0188831 0.0268307 0.0360685 0.0459733 0.0555231 0.0635502 0.0691643 0.0720329 0.072339 0.0705384 0.067142 0.0626114 0.0573299 0.0515945 0.0456194 0.0395545 0.0335128 0.0276005 0.0219431 0.0166993 0.012051 0.00816586 0.00514581
 0.00762284 0.0124414 0.0188328 0.0267683 0.0359955 0.0458904 0.0554304 0.0634487 0.0690586 0.0719315 0.0722524 0.0704753 0.0671054 0.0625998 0.0573403 0.0516255 0.0456725 0.0396316 0.0336137 0.0277206 0.0220734 0.016828 0.0121666 0.00825981 0.00521471
 0.00758322 0.0123802 0.0187469 0.0266576 0.0358633 0.0457439 0.0552804 0.0633081 0.0689394 0.0718419 0.0721956 0.0704506 0.0671108 0.0626327 0.0573977 0.0517036 0.0457676 0.0397409 0.0337348 0.0278501 0.0222055 0.0169545 0.0122786 0.00835052 0.00528133
 0.00760368 0.012407 0.0187754 0.0266793 0.0358685 0.0457252 0.0552359 0.063242 0.0688599 0.0717586 0.0721165 0.0703811 0.0670538 0.0625901 0.0573707 0.0516939 0.0457763 0.0397684 0.0337803 0.0279111 0.0222775 0.0170308 0.0123514 0.00841308 0.00532949
 0.00756731 0.0123576 0.0187185 0.0266253 0.035828 0.0457034 0.0552288 0.0632378 0.0688456 0.0717269 0.0720695 0.0703283 0.0670069 0.0625582 0.0573581 0.051701 0.0458015 0.0398095 0.033835 0.0279765 0.0223493 0.0171036 0.0124192 0.00847058 0.00537353
 0.00755148 0.0123265 0.0186626 0.0265344 0.0356966 0.0455367 0.0550461 0.0630687 0.0687188 0.0716585 0.0720576 0.0703583 0.0670611 0.0626241 0.057431 0.0517804 0.045888 0.0399027 0.0339327 0.0280755 0.0224457 0.0171928 0.0124968 0.00853322 0.0054199
 0.0075178 0.012275 0.0185906 0.0264409 0.0355806 0.0453973 0.0548833 0.0628872 0.0685316 0.0714876 0.0719291 0.0702931 0.0670671 0.062694 0.0575471 0.0519234 0.0460425 0.0400588 0.0340843 0.0282184 0.0225758 0.0173064 0.0125906 0.00860576 0.00547175
 0.00752654 0.0122861 0.0186017 0.0264477 0.0355785 0.0453821 0.0548526 0.0628399 0.0684671 0.0714057 0.071833 0.0701913 0.066974 0.0626257 0.0575155 0.0519314 0.0460846 0.0401248 0.0341639 0.0283028 0.0226586 0.0173825 0.012656 0.00865788 0.00550994
 0.00750169 0.0122506 0.0185571 0.0263982 0.0355291 0.0453363 0.0548108 0.0627996 0.0684252 0.0713606 0.071785 0.0701429 0.0669296 0.0625913 0.0574985 0.0519387 0.0461196 0.0401858 0.034244 0.0283927 0.0227488 0.0174653 0.0127263 0.00871289 0.00554949
 0.00751236 0.0122635 0.0185686 0.0264029 0.0355219 0.0453155 0.05478 0.0627662 0.0683965 0.0713393 0.0717684 0.070125 0.0669051 0.0625591 0.0574626 0.0519069 0.0461005 0.0401855 0.0342645 0.028431 0.0227983 0.017518 0.0127752 0.00875341 0.00557969
 0.00748542 0.0122253 0.0185213 0.0263513 0.0354715 0.0452695 0.0547378 0.062725 0.0683544 0.0712988 0.0717356 0.0701064 0.0669036 0.0625726 0.0574859 0.0519355 0.0461328 0.0402232 0.0343096 0.0284839 0.0228565 0.0175765 0.0128284 0.0087971 0.00561201
 0.0074921 0.0122328 0.0185268 0.0263508 0.0354616 0.0452503 0.0547134 0.0627023 0.068339 0.0712915 0.0717325 0.0701019 0.0668943 0.062559 0.0574712 0.0519228 0.0461246 0.040221 0.0343152 0.0284982 0.0228789 0.0176045 0.0128579 0.00882399 0.00563347
 0.0074921 0.0122328 0.0185268 0.0263508 0.0354616 0.0452503 0.0547134 0.0627023 0.068339 0.0712915 0.0717325 0.0701019 0.0668943 0.062559 0.0574712 0.0519228 0.0461246 0.040221 0.0343152 0.0284982 0.0228789 0.0176045 0.0128579 0.00882399 0.00563347
 0.0072114 0.011789 0.0178838 0.0254881 0.0343842 0.0439999 0.0533788 0.0614156 0.067252 0.0705389 0.0713982 0.0702033 0.0673869 0.0633551 0.0584639 0.0530077 0.0472145 0.0412513 0.0352432 0.0292993 0.0235418 0.0181284 0.0132504 0.00910012 0.0058141
 0.00720729 0.011748 0.0177588 0.0252148 0.0338976 0.0432614 0.052401 0.0602702 0.0660576 0.069435 0.0705173 0.0696487 0.0672165 0.0635729 0.0590219 0.0538195 0.0481753 0.0422592 0.0362138 0.0301726 0.024282 0.0187203 0.0136959 0.00941367 0.00601888
 0.00730377 0.0119129 0.0180183 0.0255878 0.0343791 0.0438025 0.0528996 0.0605886 0.0660679 0.0690725 0.0698132 0.0687224 0.0662356 0.0627028 0.0583846 0.0534725 0.0481114 0.0424228 0.0365248 0.0305495 0.0246585 0.0190523 0.0139609 0.00960721 0.00614835
 0.00726572 0.0118663 0.0179774 0.025578 0.0344329 0.0439503 0.0531557 0.0609364 0.0664502 0.0693953 0.069969 0.0686307 0.0658816 0.0621507 0.0577575 0.0529077 0.0477149 0.0422419 0.0365466 0.0307194 0.0249061 0.0193138 0.0141923 0.00978671 0.00627276
 0.00728361 0.011892 0.0180107 0.0256188 0.0344842 0.0440218 0.0532649 0.0611039 0.0666888 0.069695 0.0702869 0.0688935 0.0660055 0.0620748 0.0574745 0.0524738 0.0472311 0.0418151 0.0362517 0.0305802 0.0248999 0.0193922 0.0143044 0.00989491 0.00635749
#pred catch len freq
 0.00479545 0.00754643 0.0109258 0.0148174 0.0191468 0.0238699 0.0288993 0.0340591 0.0391159 0.0438416 0.0480542 0.0516317 0.0545175 0.0567134 0.0582563 0.0591893 0.0595424 0.0593179 0.0584571 0.0567862 0.0539853 0.0496629 0.0435769 0.0359086 0.0273826
 0.00499764 0.00779264 0.0111477 0.0149105 0.0190112 0.0234675 0.0282914 0.0333923 0.0385558 0.0434933 0.0479178 0.0516183 0.0545085 0.056629 0.0580975 0.0590381 0.0595212 0.0595255 0.0589116 0.0574041 0.0546128 0.050145 0.0438254 0.0359302 0.0272549
 0.00524413 0.00817765 0.0116917 0.0156062 0.0198074 0.0242574 0.0289203 0.0337002 0.0384469 0.0429941 0.0471752 0.0508273 0.0538171 0.0560841 0.057665 0.0586687 0.059208 0.0593116 0.0588487 0.057499 0.0548044 0.0503298 0.0439132 0.0358883 0.0271135
 0.005481 0.00855119 0.0122337 0.0163416 0.0207518 0.0254089 0.030241 0.0350936 0.0397498 0.0440014 0.0477022 0.0507851 0.0532533 0.055157 0.0565659 0.0575479 0.0581491 0.0583535 0.0580151 0.056804 0.054239 0.0498576 0.0434889 0.0354865 0.0267409
 0.00574116 0.0089558 0.01281 0.0171066 0.0217155 0.0265764 0.0316086 0.036637 0.0414078 0.0456601 0.0491917 0.0519009 0.0538094 0.0550519 0.0558246 0.0563101 0.0566112 0.0567022 0.0563887 0.0552873 0.0528755 0.0486632 0.042466 0.034635 0.0260632
 0.00607368 0.00946828 0.01353 0.0180445 0.0228679 0.0279315 0.0331463 0.0383249 0.0431962 0.0474769 0.0509368 0.0534401 0.0549777 0.0556775 0.0557742 0.0555389 0.0551878 0.0547909 0.0541993 0.0530219 0.0506956 0.0466836 0.0407614 0.033248 0.0250061
 0.00641359 0.00999679 0.0142815 0.0190373 0.0241054 0.029403 0.0348242 0.0401602 0.0451188 0.049402 0.0527708 0.0550823 0.0563167 0.0565882 0.0561258 0.05522 0.0541455 0.0530645 0.0519276 0.0504168 0.0479963 0.0441124 0.0384928 0.0313926 0.0236051
 0.006788 0.0105734 0.0150909 0.0200908 0.0253996 0.0309254 0.0365522 0.0420544 0.0471161 0.051415 0.0546944 0.0568047 0.0577283 0.0575858 0.0566106 0.055098 0.0533412 0.0515502 0.0497564 0.0477397 0.0450481 0.0411675 0.0358081 0.0291558 0.0219052
 0.00715295 0.0111381 0.0158886 0.0211361 0.0266906 0.032447 0.0382749 0.0439302 0.0490775 0.0533795 0.0565697 0.0584931 0.0591311 0.0586069 0.0571591 0.0550898 0.0527035 0.0502363 0.0477749 0.045185 0.042114 0.038125 0.0329486 0.0267199 0.0200278
 0.0075658 0.0117715 0.0167727 0.0222771 0.028076 0.0340522 0.0400641 0.0458516 0.0510596 0.0553331 0.0583967 0.0600961 0.0604211 0.0595067 0.0576015 0.0550132 0.0520503 0.0489622 0.0458714 0.0427129 0.0392285 0.0350722 0.0300206 0.0241804 0.0180428
 0.00796081 0.0123847 0.0176421 0.0234209 0.0294925 0.0357208 0.0419415 0.0478679 0.0531209 0.0573316 0.0602236 0.0616514 0.0616204 0.0602839 0.0579076 0.0548106 0.051307 0.0476527 0.0439921 0.0403106 0.0364307 0.0320951 0.0271365 0.0216505 0.0160436
 0.00824205 0.0128327 0.0183003 0.0243257 0.0306705 0.0371813 0.0436656 0.0497995 0.0551663 0.0593697 0.0621216 0.0632828 0.0628792 0.0610943 0.0582236 0.0546091 0.0505776 0.0463926 0.0422134 0.0380619 0.0338245 0.0293201 0.024436 0.0192654 0.0141443
 0.00855173 0.013304 0.0189518 0.0251593 0.0316798 0.0383625 0.04502 0.0513231 0.0568331 0.0611173 0.0638486 0.0648609 0.0641764 0.0619976 0.0586546 0.0545263 0.0499693 0.0452681 0.0406012 0.0360213 0.0314641 0.0268094 0.02199 0.0170984 0.0124111
 0.00884039 0.0137516 0.0195845 0.0259869 0.0326944 0.0395389 0.0463163 0.0526846 0.0582023 0.0624449 0.0650955 0.0659884 0.0651326 0.0627128 0.0590495 0.0545288 0.0495296 0.0443665 0.0392517 0.0342771 0.0294267 0.0246319 0.0198623 0.0152079 0.0108939
 0.00927253 0.0144137 0.0205062 0.0271704 0.0341174 0.0411596 0.0480724 0.0544892 0.0599452 0.0640063 0.0663683 0.0668988 0.0656498 0.0628417 0.0588122 0.0539444 0.0486057 0.0431048 0.0376642 0.0324047 0.0273542 0.0224913 0.0178173 0.013418 0.00947144
 0.00955275 0.014857 0.0211509 0.028045 0.0352368 0.0425191 0.0496379 0.056191 0.0616802 0.0656501 0.0677922 0.0679886 0.0663231 0.0630609 0.0585851 0.0533121 0.0476221 0.0418205 0.0361237 0.0306582 0.0254758 0.0205891 0.0160238 0.011862 0.00824213
 0.00971081 0.0151005 0.0214943 0.0284975 0.0358076 0.043222 0.0504901 0.0572026 0.0628388 0.0669071 0.0690601 0.0691521 0.0672617 0.0636732 0.0588081 0.053128 0.047053 0.0409147 0.0349429 0.0292723 0.0239667 0.019056 0.0145784 0.0106089 0.00725258
 0.00980518 0.0152417 0.0216845 0.0287326 0.0360814 0.0435321 0.0508435 0.0576163 0.0633359 0.0675076 0.0697672 0.0699394 0.0680665 0.0644031 0.0593602 0.053414 0.047019 0.04055 0.0342762 0.0283634 0.0228982 0.0179257 0.0134896 0.00965383 0.00649329
 0.0097387 0.0151562 0.0215975 0.0286733 0.0360826 0.0436169 0.051016 0.0578627 0.0636364 0.0678502 0.0701545 0.0703827 0.0685701 0.0649484 0.059897 0.0538668 0.0473059 0.0406061 0.0340722 0.0279136 0.0222569 0.0171758 0.0127256 0.00896162 0.00593234
 0.00976144 0.0151849 0.0216264 0.0286955 0.0360955 0.0436297 0.0510516 0.0579513 0.0638005 0.0680917 0.070453 0.0707071 0.0688949 0.0652603 0.0601893 0.0541248 0.0474973 0.0406854 0.0339972 0.0276646 0.0218496 0.0166606 0.0121741 0.0084463 0.00550673
 0.00979819 0.0152337 0.0216795 0.0287381 0.0361093 0.0435996 0.0509729 0.0578353 0.0636754 0.0679976 0.07043 0.0707811 0.0690678 0.0655111 0.0604836 0.0544251 0.0477673 0.0408886 0.0340987 0.0276388 0.021692 0.0163949 0.0118475 0.0081152 0.00521874
 0.00970989 0.0151085 0.0215247 0.0285705 0.0359493 0.043461 0.0508572 0.0577331 0.0635759 0.0679001 0.0703507 0.0707495 0.0691159 0.0656589 0.0607287 0.0547418 0.0481133 0.0412155 0.0343608 0.0278019 0.0217399 0.0163349 0.0117091 0.00794043 0.0050483
 0.0096906 0.0150668 0.0214437 0.0284311 0.0357378 0.0431802 0.0505329 0.0574098 0.0633012 0.0677073 0.0702504 0.0707357 0.0691784 0.065793 0.0609344 0.055015 0.0484371 0.041558 0.0346811 0.0280601 0.0219087 0.0164072 0.0116988 0.00787674 0.00496406
