SBPRF35
7.78865
Curr Bio
575101
B35
655647
F35
0.212427
FOFL
0.182193
OFL
81117.2
Bzero
2.22533e+006
#pred survey bio
 3.85413e+006 3.44527e+006 3.09318e+006 2.76516e+006 2.4359e+006 2.15693e+006 1.91911e+006 1.67924e+006 1.47573e+006 1.2902e+006 1.11941e+006 997722 898921 843782 787374 741935 710675 673768 649022 632520 627082 626509 626504 630842 635150 645892 649868 640989 635686 628838 613404 597759 574107 569121 560898 565839 572337 569339 574374 581160 591407 595483 590062 591203 595704 590868 595301 591379 601667 603984 611480 598015 590021 570704 583653 580693 2.00236e+007 1.17316e+007 1.175e+007 1.22943e+007 1.31383e+007 1.40515e+007 1.48926e+007 1.55989e+007 1.61585e+007 1.6585e+007 1.6902e+007 1.71338e+007 1.73017e+007 1.74228e+007 1.75101e+007 1.75732e+007 1.76189e+007 1.76523e+007 1.76767e+007 1.76948e+007 1.77082e+007 1.77182e+007 1.77257e+007 1.77313e+007 1.77356e+007 1.77389e+007 1.77414e+007 1.77433e+007 1.77447e+007 1.77458e+007 1.77467e+007 1.77473e+007 1.77478e+007 1.77482e+007 1.77485e+007 1.77488e+007 1.7749e+007 1.77491e+007 1.77492e+007 1.77493e+007 1.77493e+007 1.77494e+007 1.77494e+007 1.77495e+007 1.77495e+007 1.77495e+007 1.77495e+007 1.77495e+007 1.77495e+007 1.77495e+007 1.77496e+007 1.77496e+007 1.77496e+007 1.77496e+007 1.77496e+007 1.77496e+007 1.77496e+007 1.77496e+007 1.77496e+007 1.77496e+007 1.77496e+007 1.77496e+007 1.77496e+007 1.77496e+007 1.77496e+007 1.77496e+007 1.77496e+007 1.77496e+007 1.77496e+007 1.77496e+007 1.77496e+007 1.77496e+007 1.77496e+007 1.77496e+007 1.77496e+007 1.77496e+007 1.77496e+007 1.77496e+007 1.77496e+007 1.77496e+007 1.77496e+007 1.77496e+007 1.77496e+007 1.77496e+007 1.77496e+007 1.77496e+007 1.77496e+007 1.77496e+007 1.77496e+007 1.77496e+007 1.77496e+007 1.77496e+007 1.77496e+007 1.77496e+007 1.77496e+007 1.77496e+007 1.77496e+007 1.77496e+007 1.77496e+007 1.77496e+007 0 0 0 0 0 0 0 0 0 0 0 0 0 0 0 0 0 0 0 0 0 0 0 0 0
#obs survey bio
 3.66218e+006 2.56615e+006 2.99116e+006 2.41058e+006 1.69466e+006 2.5846e+006 1.71136e+006 1.51056e+006 928546 1.41962e+006 1.05662e+006 924950 787742 610007 619919 636104 559994 1.07993e+006 594565 551733 510681 529887 607786 577417 628141 474722 604054 792261 632638 499444 710152 609114 554643 549179 707980 560523 535601 449340 623735 457444 515788 896074 496078 574683 578976 636533 528727 507112 628939 594552 578168 720755 477026 519220 536511 806226
#pred catch bio
 292237 266626 272118 302173 284757 272378 294320 277417 271527 263196 222226 202635 164746 164969 153494 139031 140539 126484 117003 106880 103137 102922 98867.3 97915.2 91409.3 95440.2 103103 96135.1 93549.4 96485.7 92271.8 97172.9 83947.1 91160.9 82879.2 82996.1 91458.9 85324.7 85205.7 83976.3 90034.6 97410.7 91507.1 89315.4 97603.7 90244.3 97908.1 86733.4 93857.4 89341.7 106316 100798 109302 81394.9 92685.1 91828.4 81117.2 90685.3 89340.7 92083.1 97833.3 104363 110356 115288 119076 121852 123817 125173 126090 126701 127103 127365 127534 127643 127713 127758 127786 127804 127815 127822 127827 127830 127831 127833 127833 127834 127834 127834 127834 127834 127834 127834 127834 127834 127834 127834 127834 127834 127834 127834 127834 127834 127834 127834 127834 127834 127834 127834 127834 127834 127834 127834 127834 127834 127834 127834 127834 127834 127834 127834 127834 127834 127834 127834 127834 127834 127834 127834 127834 127834 127834 127834 127834 127834 127834 127834 127834 127834 127834 127834 127834 127834 127834 127834 127834 127834 127834 127834 127834 127834 127834 127834 127834 127834 127834 127834 0 0 0 0 0 0 0 0 0 0 0 0 0 0 0 0 0 0 0 0 0 0 0 0 0
#obs catch bio
 247611 267476 273403 304833 288026 276060 300788 282970 280256 270541 227227 207748 167356 168068 157127 141564 144064 128343 118622 108290 104858 105024 100659 99502 92469.3 96862.7 104303 96905.5 94064.4 97179.6 92546.1 97569.5 83889.1 91414.8 83036.8 82972.9 91411.7 85413.8 85438.6 84300.3 90801.4 97605.1 91624.4 89537 98245.2 90460.3 98689.1 87105.5 94557.5 89547.8 107028 100920 110426 81476.4 93255.9 91825.6
#pred cpue bio
 3.78792e+006 3.38347e+006 3.03511e+006 2.70898e+006 2.38127e+006 2.10357e+006 1.86703e+006 1.62917e+006 1.42763e+006 1.24463e+006 1.07684e+006 957299 860490 806537 751489 707361 677204 641775 618228 602361 596921 596168 596197 600750 605397 616278 620720 612818 608448 602519 588250 573654 550100 543584 534372 539074 545711 542854 547536 553865 563569 567630 562626 563679 567849 563035 567233 563273 573182 575615 583090 570035 562142 543355 556227 554419 1.917e+007 1.12439e+007 1.11462e+007 1.15586e+007 1.23564e+007 1.32588e+007 1.40977e+007 1.48037e+007 1.53632e+007 1.57897e+007 1.61067e+007 1.63385e+007 1.65064e+007 1.66275e+007 1.67148e+007 1.67779e+007 1.68236e+007 1.6857e+007 1.68814e+007 1.68995e+007 1.69129e+007 1.69229e+007 1.69304e+007 1.69361e+007 1.69403e+007 1.69436e+007 1.69461e+007 1.6948e+007 1.69494e+007 1.69505e+007 1.69514e+007 1.69521e+007 1.69526e+007 1.6953e+007 1.69533e+007 1.69535e+007 1.69537e+007 1.69538e+007 1.69539e+007 1.6954e+007 1.69541e+007 1.69541e+007 1.69541e+007 1.69542e+007 1.69542e+007 1.69542e+007 1.69542e+007 1.69542e+007 1.69543e+007 1.69543e+007 1.69543e+007 1.69543e+007 1.69543e+007 1.69543e+007 1.69543e+007 1.69543e+007 1.69543e+007 1.69543e+007 1.69543e+007 1.69543e+007 1.69543e+007 1.69543e+007 1.69543e+007 1.69543e+007 1.69543e+007 1.69543e+007 1.69543e+007 1.69543e+007 1.69543e+007 1.69543e+007 1.69543e+007 1.69543e+007 1.69543e+007 1.69543e+007 1.69543e+007 1.69543e+007 1.69543e+007 1.69543e+007 1.69543e+007 1.69543e+007 1.69543e+007 1.69543e+007 1.69543e+007 1.69543e+007 1.69543e+007 1.69543e+007 1.69543e+007 1.69543e+007 1.69543e+007 1.69543e+007 1.69543e+007 1.69543e+007 1.69543e+007 1.69543e+007 1.69543e+007 1.69543e+007 1.69543e+007 1.69543e+007 1.69543e+007 1.69543e+007 0 0 0 0 0 0 0 0 0 0 0 0 0 0 0 0 0 0 0 0 0 0 0 0 0
#obs cpue bio
 3.17401e+006 2.15409e+006 2.5272e+006 2.49568e+006 1.96741e+006 1.17623e+006 1.22558e+006 1.56962e+006 815624 1.25497e+006 923918 684224 948260 861539 493187 747303 482006 505595 549547 516910 428638 416190 498941 612742 596018 558054 893537 494209 667679 668831 599949 599294 624160 534578 367490 642907 698137 514295 442104 557928 427803 684271 608748 474682 479091 545174 480970 595712 489526 651921 564660 546236 457151 635164 554959 610877
#pred surv len freq
 0.00607289 0.00974867 0.0144597 0.0201055 0.0264918 0.0332607 0.0398537 0.0456309 0.0501092 0.0531307 0.0548406 0.0555367 0.0555292 0.0550688 0.0543255 0.0533889 0.0522828 0.0509807 0.0494 0.0473679 0.0445976 0.040745 0.0355853 0.0292352 0.0222523
 0.00643429 0.0102412 0.0150316 0.0206663 0.0269594 0.0336232 0.0402025 0.0461293 0.0509015 0.0542459 0.0561524 0.056807 0.0565053 0.0555796 0.05433 0.0529658 0.0515762 0.0501303 0.0484867 0.0463988 0.0435364 0.0395698 0.0343349 0.0280118 0.0211799
 0.00691654 0.0109891 0.0160843 0.0220211 0.0285576 0.0353417 0.0418644 0.0475472 0.0519504 0.0549214 0.0565633 0.0570936 0.0567386 0.0557146 0.0542429 0.0525392 0.0507688 0.048989 0.0471074 0.0448755 0.0419362 0.0379459 0.0327548 0.026568 0.0199686
 0.00730605 0.0116187 0.0170241 0.0233312 0.0302724 0.0374448 0.0442603 0.0500507 0.0543098 0.0568783 0.0579271 0.0577971 0.0568416 0.0553495 0.0535333 0.0515451 0.0494894 0.0474099 0.0452477 0.0428026 0.0397534 0.0357734 0.030718 0.0247853 0.0185301
 0.00772981 0.0122864 0.0179909 0.0246378 0.0319423 0.0394783 0.0466205 0.0526479 0.0569939 0.0594455 0.0601438 0.0594405 0.0577514 0.0554691 0.0529154 0.0503129 0.0477784 0.0453276 0.0428735 0.040216 0.0370624 0.0331212 0.028266 0.0226802 0.0168685
 0.00808325 0.01285 0.0188186 0.025773 0.0334113 0.0412799 0.0487149 0.0549529 0.0593942 0.0618078 0.0623256 0.0612909 0.0591144 0.0562026 0.052924 0.0495766 0.046356 0.0433339 0.0404471 0.0375027 0.0342176 0.0303172 0.025683 0.0204772 0.0151456
 0.00836465 0.0133015 0.0194877 0.0267012 0.0346283 0.0427938 0.0505003 0.0569448 0.0614941 0.0638993 0.0642903 0.0630159 0.0604914 0.0571253 0.0532916 0.0493094 0.0454184 0.0417527 0.0383151 0.034968 0.0314676 0.0275612 0.0231293 0.0182994 0.0134485
 0.00871806 0.0138597 0.0202974 0.0277954 0.0360211 0.0444731 0.0524182 0.0590139 0.0635969 0.0659082 0.0660872 0.0645038 0.0615961 0.0577896 0.0534674 0.048953 0.0444959 0.0402562 0.0362854 0.0325101 0.0287515 0.0248035 0.0205565 0.016102 0.0117397
 0.00889669 0.0141687 0.0207964 0.0285508 0.0370904 0.0458811 0.0541346 0.0609476 0.065613 0.0678585 0.0678377 0.0659493 0.0626631 0.0584315 0.0536562 0.0486703 0.0437277 0.0389984 0.0345595 0.0303858 0.0263611 0.0223356 0.0182238 0.0140924 0.0101697
 0.00910839 0.0145033 0.0212837 0.0292165 0.0379569 0.0469656 0.0554413 0.0624554 0.0672644 0.069557 0.0694581 0.0673589 0.0637467 0.0591095 0.0538887 0.0484475 0.0430568 0.0378955 0.0330546 0.0285386 0.024278 0.0201728 0.0161654 0.0123076 0.00876872
 0.0094951 0.0150938 0.0221013 0.0302571 0.039192 0.0483485 0.0569113 0.0639415 0.0686933 0.0708627 0.0705861 0.0682625 0.0643804 0.0594285 0.0538555 0.0480406 0.0422741 0.0367531 0.0315867 0.0268033 0.0223678 0.0182177 0.0143186 0.0107115 0.00751695
 0.00968664 0.0154097 0.0225838 0.030945 0.0401087 0.0494852 0.0582143 0.0653141 0.0700183 0.0720349 0.0715362 0.0689612 0.0648251 0.0596242 0.0538012 0.0477261 0.041686 0.0358856 0.0304521 0.0254411 0.0208516 0.0166539 0.0128329 0.00942138 0.0065009
 0.00994298 0.0157959 0.0231095 0.0316025 0.0408803 0.0503529 0.0591622 0.066321 0.0710459 0.0730211 0.0724023 0.0696305 0.0652438 0.0597724 0.0536875 0.0473722 0.0411125 0.0351066 0.0294816 0.0243066 0.0196053 0.0153765 0.0116226 0.0083714 0.00567393
 0.0100508 0.0159619 0.0233414 0.0319008 0.0412375 0.0507552 0.0595919 0.0667616 0.0714882 0.0734664 0.0728558 0.0700877 0.0656796 0.0601412 0.0539368 0.0474583 0.0410092 0.0348056 0.0289895 0.0236455 0.0188172 0.0145252 0.0107867 0.00762798 0.00507791
 0.0100853 0.0160364 0.0234869 0.032155 0.0416332 0.051302 0.0602622 0.0674905 0.0721915 0.074067 0.0733064 0.0703778 0.0658266 0.0601726 0.0538724 0.0473025 0.0407534 0.0344375 0.0285041 0.0230519 0.0181431 0.0138168 0.0101026 0.00702523 0.00459721
 0.010172 0.0161584 0.0236371 0.0323193 0.0417999 0.0514739 0.0604613 0.0677493 0.0725321 0.0744813 0.073751 0.0707891 0.0661458 0.0603659 0.0539349 0.0472473 0.0405967 0.0341894 0.0281687 0.0226357 0.0176633 0.0133053 0.00960242 0.00658026 0.00423962
 0.0100653 0.0160141 0.0234728 0.0321674 0.0416963 0.0514419 0.0605024 0.0678478 0.0726709 0.074657 0.073974 0.0710683 0.066472 0.0607063 0.0542437 0.0474832 0.0407341 0.0342194 0.028094 0.0224663 0.0174167 0.0130086 0.0092903 0.00628914 0.00399798
 0.0101078 0.0160675 0.0235257 0.0322028 0.0417008 0.0514167 0.0604688 0.0678398 0.072718 0.0747676 0.0741327 0.071248 0.0666492 0.0608681 0.0543829 0.0475904 0.0407954 0.0342205 0.0280264 0.022331 0.0172249 0.0127804 0.00905214 0.00606787 0.00381457
 0.0103283 0.0163742 0.023891 0.0325675 0.0419896 0.0515643 0.0604433 0.0676529 0.0724194 0.0744292 0.0738271 0.0710291 0.0665399 0.0608601 0.054448 0.0476929 0.0409017 0.0343029 0.0280646 0.0223143 0.0171537 0.0126664 0.00891507 0.00593005 0.00369469
 0.0105286 0.0166804 0.0243136 0.0330971 0.042592 0.0521782 0.060983 0.0680231 0.0725433 0.0742797 0.0734421 0.0704991 0.0659752 0.0603542 0.0540543 0.047422 0.0407327 0.0342 0.0279917 0.0222433 0.0170692 0.0125655 0.00880506 0.00582341 0.00360326
 0.0106 0.0167944 0.0244809 0.0333261 0.0428861 0.052532 0.0613766 0.0684184 0.0728856 0.0745074 0.0735044 0.0703758 0.0656877 0.0599621 0.0536353 0.0470454 0.0404392 0.0339967 0.0278605 0.0221556 0.0169992 0.0124975 0.00873486 0.00575493 0.00354323
 0.0104931 0.0166482 0.024312 0.033168 0.0427805 0.0525153 0.0614679 0.0686142 0.0731625 0.0748271 0.0738193 0.0706354 0.0658496 0.0600046 0.0535662 0.0468995 0.0402646 0.0338362 0.0277376 0.0220726 0.0169443 0.0124562 0.00869726 0.00571831 0.00350965
 0.0103367 0.0164127 0.023994 0.0327801 0.0423526 0.0520927 0.0611073 0.0683753 0.0730929 0.074946 0.0741084 0.0710427 0.0663045 0.0604369 0.0539227 0.0471542 0.0404203 0.0339166 0.0277738 0.0220899 0.0169561 0.0124649 0.00870093 0.00571573 0.00350228
 0.0102183 0.0162202 0.0237055 0.0323779 0.041831 0.0514674 0.0604245 0.067711 0.0725397 0.0745901 0.0740067 0.0712081 0.066704 0.0610008 0.0545632 0.0477868 0.0409819 0.0343746 0.028124 0.0223465 0.0171391 0.0125923 0.00878606 0.00576856 0.00353161
 0.0101532 0.0161133 0.023542 0.0321428 0.0415105 0.0510541 0.0599232 0.0671453 0.071955 0.0740509 0.0735868 0.0709757 0.0667027 0.0612359 0.0549979 0.0483517 0.0415944 0.0349601 0.0286311 0.0227518 0.0174423 0.0128066 0.00892944 0.00585883 0.00358435
 0.00992753 0.0157787 0.0230982 0.0316099 0.0409221 0.0504459 0.0593257 0.0665825 0.0714487 0.0736253 0.0732713 0.0708041 0.0667084 0.0614419 0.0554052 0.0489315 0.042289 0.0356948 0.0293323 0.0233631 0.0179334 0.0131725 0.00918313 0.0060225 0.00368223
 0.0096896 0.0154178 0.0226045 0.0309938 0.0402141 0.0496933 0.0585878 0.065924 0.0709262 0.073274 0.0730986 0.0707965 0.0668464 0.0617122 0.0558026 0.04945 0.04291 0.0363802 0.030028 0.0240116 0.0184884 0.0136089 0.00949865 0.00623227 0.0038103
 0.00956046 0.0152155 0.0223146 0.0306092 0.0397377 0.0491412 0.0579925 0.0653336 0.0703973 0.0728586 0.0728319 0.0706907 0.066893 0.0618908 0.0560909 0.0498306 0.0433687 0.0368991 0.0305786 0.0245548 0.0189824 0.0140204 0.00981163 0.00644909 0.0039469
 0.00946856 0.015062 0.0220765 0.0302637 0.0392686 0.0485483 0.0573007 0.0645949 0.0696831 0.0722441 0.0723815 0.0704466 0.0668701 0.0620772 0.0564542 0.0503275 0.0439548 0.0375339 0.0312251 0.0251768 0.0195445 0.0144934 0.0101787 0.00670982 0.00411542
 0.00926336 0.014761 0.0216831 0.0297997 0.0387648 0.048031 0.0567833 0.0640813 0.0691792 0.0717704 0.0719759 0.0701577 0.0667433 0.0621407 0.0567109 0.050755 0.0445122 0.0381714 0.0318917 0.0258254 0.0201348 0.0149944 0.0105725 0.00699425 0.00430283
 0.00923928 0.0147036 0.0215645 0.0295867 0.0384312 0.0475752 0.056239 0.0635113 0.0686524 0.0713356 0.0716502 0.0699364 0.066619 0.0621173 0.0568028 0.050975 0.0448591 0.0386242 0.0324128 0.0263683 0.0206532 0.0154499 0.0109405 0.0072665 0.00448617
 0.010009 0.0157824 0.0228676 0.030925 0.0395614 0.048283 0.0564097 0.0631531 0.0678717 0.0702901 0.0705032 0.0688234 0.065631 0.0613007 0.0561722 0.0505302 0.044594 0.0385267 0.0324597 0.026524 0.020873 0.0156887 0.0111608 0.00744488 0.00461445
 0.0109185 0.0171858 0.0248307 0.0334346 0.0425023 0.0514202 0.0593901 0.0655552 0.0693145 0.0705589 0.0696217 0.0670272 0.063267 0.0587142 0.0536335 0.0482137 0.0425929 0.0368785 0.0311665 0.025563 0.0202027 0.0152542 0.010902 0.007305 0.00454689
 0.0107997 0.0171132 0.0249433 0.0339327 0.0435913 0.053219 0.0618484 0.0684248 0.072195 0.0729974 0.0712287 0.0675742 0.0627363 0.0572858 0.0516137 0.0459383 0.0403465 0.0348549 0.0294693 0.0242254 0.0192105 0.0145637 0.010454 0.00703574 0.00439808
 0.0104473 0.0166017 0.0242947 0.033226 0.0429651 0.0528607 0.0619659 0.069194 0.0736846 0.0751013 0.0736508 0.0698931 0.0645309 0.0582653 0.0516942 0.0452389 0.0391193 0.0333903 0.0280161 0.0229506 0.0181949 0.0138201 0.00995167 0.00672313 0.00421949
 0.0102923 0.0163251 0.0238362 0.0325244 0.0419865 0.0516387 0.0606342 0.0679865 0.0728873 0.0749677 0.0743122 0.0712975 0.0664385 0.0603095 0.0534921 0.0465082 0.0397512 0.0334497 0.0276811 0.0224283 0.0176554 0.0133664 0.00962189 0.00651107 0.00409774
 0.0103339 0.0163692 0.0238569 0.0324766 0.0418106 0.0512728 0.0600354 0.0671566 0.0718985 0.0739741 0.0735296 0.0709446 0.0666558 0.0610919 0.0546746 0.047818 0.0409066 0.0342562 0.0280808 0.0224861 0.0175017 0.0131326 0.00940025 0.00634456 0.00399201
 0.0104803 0.0165953 0.0241731 0.0328796 0.0422774 0.0517553 0.0604571 0.0674208 0.0719114 0.073681 0.072949 0.0701829 0.0658878 0.0605071 0.054406 0.0478876 0.041218 0.034643 0.0283841 0.022617 0.0174591 0.012977 0.00920821 0.00617364 0.0038682
 0.0105358 0.0166815 0.0242954 0.0330408 0.0424776 0.0519909 0.0607176 0.0676834 0.0721373 0.0738173 0.0729408 0.0699961 0.0655335 0.0600533 0.0539632 0.0475676 0.0410849 0.0346851 0.0285249 0.0227601 0.0175356 0.0129687 0.009139 0.00608271 0.00378682
 0.0105717 0.016737 0.0243738 0.0331435 0.0426038 0.0521381 0.0608816 0.0678571 0.0723102 0.0739737 0.073058 0.0700451 0.0654862 0.0598971 0.0537152 0.0472785 0.0408224 0.034504 0.0284417 0.0227496 0.0175513 0.0129714 0.00911395 0.00603742 0.00373768
 0.0103001 0.0163567 0.0239146 0.0326711 0.0422013 0.051876 0.0607936 0.0679356 0.0725195 0.0742682 0.0733953 0.070389 0.0658043 0.0601603 0.0539023 0.0473845 0.0408637 0.0345132 0.028452 0.0227782 0.0175946 0.0130134 0.00913984 0.00604329 0.0037293
 0.0101965 0.0161796 0.0236351 0.0322654 0.0416661 0.0512469 0.0601542 0.0674029 0.0722045 0.0742323 0.0736279 0.0708191 0.0663351 0.0607021 0.0543915 0.0477861 0.0411681 0.0347303 0.0286037 0.0228885 0.0176803 0.0130806 0.00918839 0.00607258 0.00374233
 0.0104002 0.0164661 0.0239825 0.0326217 0.0419596 0.0514065 0.060131 0.0671867 0.0718313 0.0737793 0.0731936 0.0704912 0.0661606 0.0606755 0.0544671 0.0479041 0.0412789 0.0348068 0.0286411 0.0228966 0.0176732 0.0130694 0.00917808 0.006064 0.00373484
 0.0104596 0.0165707 0.0241523 0.0328746 0.0422998 0.0518101 0.060538 0.0675097 0.071983 0.0737088 0.0729103 0.0700639 0.0656913 0.0602617 0.0541698 0.0477361 0.0412137 0.0348007 0.028655 0.0229072 0.0176735 0.0130618 0.0091676 0.00605404 0.00372679
 0.0103982 0.0164859 0.0240537 0.0327828 0.0422439 0.0518206 0.0606372 0.0677006 0.0722414 0.0739821 0.0731301 0.0701706 0.0656603 0.0601149 0.0539648 0.0475385 0.0410698 0.0347247 0.028634 0.0229169 0.017692 0.0130771 0.00917613 0.0060571 0.00372679
 0.0104764 0.016599 0.0241981 0.0329473 0.0424146 0.0519878 0.0608001 0.0678665 0.0724183 0.0741687 0.0733086 0.0703065 0.0657121 0.0600518 0.0537829 0.0472666 0.0407587 0.034427 0.0283857 0.0227306 0.0175621 0.0129899 0.00911846 0.00601942 0.00370289
 0.0104858 0.0166121 0.0242138 0.0329625 0.0424245 0.0519872 0.0607852 0.0678382 0.0723853 0.0741479 0.0733196 0.0703623 0.0658091 0.0601668 0.0538811 0.0473175 0.04075 0.034369 0.028303 0.0226485 0.0174966 0.0129452 0.00909115 0.00600372 0.003694
 0.0105074 0.0166552 0.0242925 0.0330934 0.0426199 0.0522468 0.0610889 0.0681475 0.0726528 0.0743332 0.0734021 0.0703453 0.0657145 0.0600235 0.0537128 0.0471359 0.040558 0.0341679 0.0281 0.0224571 0.0173312 0.0128153 0.0089983 0.00594291 0.0036573
 0.0103039 0.0163537 0.0238944 0.032622 0.0421175 0.0517671 0.0606892 0.0678794 0.072552 0.0744082 0.073631 0.0706829 0.0661076 0.0604259 0.0540926 0.0474747 0.0408453 0.0343981 0.0282717 0.0225748 0.0174052 0.0128585 0.00902247 0.00595644 0.00366502
 0.0103064 0.0163393 0.0238395 0.032496 0.0418938 0.0514394 0.060284 0.0674549 0.0721822 0.074159 0.0735403 0.0707531 0.0663108 0.060716 0.0544201 0.0477978 0.0411358 0.0346406 0.028461 0.0227126 0.0174981 0.0129161 0.00905541 0.00597401 0.00367394
 0.0102713 0.0162854 0.0237634 0.0323935 0.0417581 0.0512586 0.0600442 0.0671487 0.0718206 0.0737797 0.0732035 0.0705246 0.0662381 0.060812 0.0546609 0.0481343 0.0415112 0.0350058 0.0287824 0.0229733 0.0176946 0.0130543 0.00914614 0.00602961 0.00370572
 0.0104033 0.0164914 0.0240564 0.0327776 0.0422244 0.0517815 0.0605767 0.0676241 0.0721632 0.0739242 0.0731168 0.0702191 0.0657711 0.0602689 0.054129 0.0476781 0.0411602 0.0347575 0.0286153 0.0228613 0.0176166 0.0129971 0.00910333 0.00599837 0.00368437
 0.0103443 0.0164192 0.0239919 0.0327551 0.042283 0.0519499 0.0608603 0.0679992 0.0725815 0.0743228 0.0734309 0.0703954 0.0657812 0.0601184 0.053857 0.0473455 0.0408293 0.0344739 0.0283994 0.0227111 0.0175178 0.0129334 0.00906179 0.005971 0.00366663
 0.0103175 0.016388 0.0239684 0.0327603 0.0423439 0.0520931 0.0611041 0.0683462 0.0730128 0.0747964 0.0738856 0.0707622 0.0659997 0.0601526 0.0537056 0.0470416 0.0404312 0.0340478 0.028002 0.0223783 0.0172624 0.0127508 0.00893863 0.00589219 0.00361887
 0.00966649 0.0154283 0.0227088 0.0312774 0.0407657 0.0505697 0.0597827 0.0673574 0.07246 0.0747403 0.0743278 0.0716383 0.0671885 0.0615007 0.0550594 0.0482779 0.0414757 0.0348778 0.0286336 0.022847 0.0176057 0.0129986 0.00911257 0.00600844 0.0036914
 0.00907502 0.0145238 0.0214572 0.0296938 0.0389197 0.0485858 0.0578373 0.0656613 0.0712186 0.074103 0.0743521 0.0722858 0.0683478 0.0630179 0.0567648 0.0500079 0.0430929 0.0362871 0.0297889 0.0237457 0.0182741 0.0134761 0.00943958 0.00622151 0.00382195
#obs surv len freq
 0.0049782 0.00815327 0.0123998 0.0177306 0.0240189 0.0308985 0.037743 0.0438282 0.0486024 0.0518642 0.0537326 0.0544948 0.0544733 0.0539673 0.0532378 0.0524974 0.0518894 0.0514471 0.0510313 0.0502731 0.0485908 0.0453545 0.0401873 0.0332581 0.0253481
 0.00518421 0.00849214 0.0129172 0.0184717 0.0250198 0.0321724 0.0392665 0.0455362 0.0503975 0.0536342 0.0553668 0.0558923 0.0555446 0.054636 0.0534437 0.0522013 0.0510801 0.0501474 0.0493036 0.0482214 0.0463588 0.0431136 0.0381135 0.0314979 0.0239871
 0.0054122 0.00886543 0.0134841 0.0192794 0.0261058 0.033551 0.040914 0.047385 0.0523447 0.0555599 0.0571528 0.0574328 0.0567503 0.0554325 0.0537696 0.0520085 0.0503375 0.0488517 0.0474927 0.0459882 0.043856 0.0405431 0.0356944 0.0294204 0.0223679
 0.00565445 0.00926093 0.0140826 0.0201285 0.0272425 0.0349878 0.0426247 0.0492987 0.0543557 0.0575474 0.058999 0.0590335 0.0580174 0.0562934 0.0541642 0.051887 0.0496612 0.0476014 0.0456852 0.0436974 0.0412275 0.0377894 0.0330614 0.0271312 0.0205675
 0.00588059 0.00963407 0.0146544 0.0209508 0.028357 0.0364106 0.0443298 0.051213 0.0563698 0.0595373 0.0608464 0.0606363 0.0592923 0.057173 0.0545932 0.0518179 0.0490541 0.0464293 0.0439506 0.0414562 0.0386105 0.0350038 0.0303607 0.0247562 0.0186823
 0.00612483 0.0100314 0.0152533 0.0217969 0.0294858 0.0378342 0.046023 0.0531069 0.0583599 0.0615019 0.0626654 0.0622048 0.0605258 0.0580078 0.054982 0.0517237 0.048445 0.0452817 0.0422625 0.0392718 0.0360451 0.0322517 0.0276698 0.0223703 0.0167745
 0.00637538 0.0104428 0.0158794 0.0226898 0.0306841 0.0393462 0.0478103 0.0550806 0.0603953 0.0634647 0.0644351 0.0636853 0.0616461 0.0587178 0.0552473 0.0515196 0.0477523 0.0440865 0.0405674 0.0371172 0.0335345 0.0295635 0.0250371 0.020028 0.0148939
 0.00659801 0.0108107 0.0164445 0.0235042 0.0317902 0.04076 0.0495044 0.0569771 0.062376 0.0653936 0.0661817 0.0651406 0.0627304 0.0593805 0.0554614 0.0512731 0.0470399 0.0429075 0.0389329 0.0350688 0.0311675 0.027039 0.022567 0.0178278 0.0131232
 0.00681746 0.0111696 0.0169885 0.0242778 0.032828 0.0420742 0.0510701 0.058727 0.0642078 0.0671874 0.0678184 0.0665151 0.063759 0.060005 0.0556487 0.0510111 0.0463306 0.0417617 0.0373733 0.0331431 0.028967 0.0247098 0.020298 0.0158109 0.0115006
 0.0070562 0.0115587 0.0175755 0.0251064 0.0339288 0.0434496 0.0526804 0.0604871 0.0660005 0.0688875 0.0693142 0.0677189 0.0646087 0.0604609 0.0556903 0.0506333 0.0455405 0.0405768 0.035824 0.0312825 0.0268845 0.0225394 0.0182067 0.0139656 0.0100229
 0.00727047 0.0119121 0.0181167 0.0258825 0.0349753 0.0447735 0.0542442 0.062204 0.0677479 0.0705322 0.0707366 0.0688281 0.0653464 0.060799 0.0556239 0.0501729 0.0447057 0.0393936 0.0343284 0.0295294 0.0249592 0.0205624 0.016324 0.0123189 0.00871253
 0.00742997 0.0121754 0.0185206 0.0264646 0.035767 0.0457892 0.0554689 0.0635865 0.069205 0.071962 0.0720334 0.0698964 0.0661109 0.0612108 0.055662 0.0498399 0.0440205 0.0383865 0.0330401 0.0280162 0.0233016 0.0188681 0.0147185 0.0109211 0.00760471
 0.00750762 0.0123052 0.0187231 0.0267627 0.0361835 0.0463412 0.0561618 0.0644095 0.0701302 0.0729458 0.0730192 0.0708172 0.066895 0.0617893 0.0559782 0.0498565 0.0437232 0.0377832 0.0321599 0.0269097 0.0220428 0.0175537 0.0134582 0.00981688 0.0067265
 0.00757045 0.012401 0.0188559 0.0269339 0.0363937 0.0465938 0.0564642 0.0647718 0.0705616 0.0734491 0.0735862 0.0714249 0.0675039 0.0623458 0.0564203 0.0501233 0.0437653 0.0375722 0.0316941 0.0262174 0.0211821 0.0166079 0.0125232 0.00898248 0.00605546
 0.007684 0.0125734 0.0190922 0.0272298 0.0367359 0.046962 0.0568339 0.0651184 0.070867 0.0737087 0.0738103 0.0716326 0.0677115 0.0625555 0.0566135 0.0502629 0.0438035 0.0374638 0.0314099 0.0257555 0.0205729 0.0159112 0.0118163 0.00834102 0.00553422
 0.0077248 0.0126414 0.0191972 0.0273805 0.0369368 0.0472087 0.0571098 0.0653966 0.0711178 0.0739105 0.0739568 0.0717341 0.067789 0.0626303 0.0566965 0.050347 0.0438628 0.0374595 0.0313036 0.0255236 0.0202186 0.0154678 0.0113387 0.00788994 0.00515764
 0.0077773 0.012722 0.01931 0.0275266 0.0371149 0.0474158 0.0573401 0.0656402 0.0713589 0.0741282 0.07413 0.0718476 0.0678394 0.0626276 0.0566596 0.0502937 0.0438002 0.0373791 0.0311842 0.025343 0.0199667 0.0151556 0.0109979 0.00756207 0.00487928
 0.00781884 0.0127839 0.0193927 0.0276268 0.0372266 0.0475322 0.0574555 0.0657508 0.0714634 0.0742268 0.0742227 0.0719316 0.0679086 0.0626747 0.0566801 0.0502882 0.0437721 0.0373297 0.0311087 0.0252313 0.019811 0.0149584 0.010776 0.00734198 0.00468726
 0.00785273 0.0128363 0.019466 0.027721 0.0373384 0.0476544 0.0575776 0.0658604 0.0715497 0.0742847 0.0742542 0.0719445 0.0679118 0.0626734 0.0566747 0.0502753 0.0437475 0.0372894 0.0310489 0.0251477 0.0197003 0.0148224 0.0106243 0.00719067 0.00455369
 0.00786086 0.0128464 0.0194757 0.0277263 0.0373355 0.047642 0.0575578 0.0658387 0.0715331 0.0742787 0.0742621 0.0719671 0.0679485 0.0627229 0.0567339 0.0503388 0.0438076 0.0373375 0.0310766 0.0251486 0.0196714 0.0147654 0.0105467 0.00710482 0.00447285
 0.00787524 0.0128632 0.019489 0.0277265 0.037312 0.0475874 0.0574721 0.0657303 0.0714173 0.074174 0.0741854 0.0719303 0.0679561 0.0627722 0.0568164 0.0504429 0.0439202 0.0374456 0.0311685 0.0252151 0.0197069 0.0147697 0.0105254 0.0070675 0.00443076
 0.00791833 0.0129274 0.0195742 0.0278276 0.037419 0.0476858 0.057545 0.0657616 0.0713963 0.0741004 0.0740711 0.0717968 0.0678279 0.0626696 0.056751 0.0504164 0.0439264 0.0374733 0.0312047 0.0252477 0.019727 0.0147729 0.0105126 0.00704384 0.00440324
 0.00787382 0.0128642 0.019496 0.0277434 0.0373401 0.0476217 0.0574993 0.0657315 0.0713751 0.0740808 0.0740489 0.0717728 0.0678081 0.0626632 0.0567672 0.0504607 0.0439979 0.0375648 0.0313046 0.0253429 0.0198064 0.0148299 0.0105459 0.00705732 0.00440354
 0.00788305 0.0128676 0.0194803 0.0276912 0.0372366 0.0474644 0.0573044 0.0655315 0.0712065 0.0739701 0.0740036 0.0717835 0.0678569 0.062734 0.0568507 0.0505539 0.0441012 0.0376772 0.0314214 0.0254558 0.019906 0.0149088 0.0106011 0.00709044 0.00441967
 0.00788624 0.0128707 0.0194806 0.0276829 0.0372106 0.0474083 0.057206 0.065384 0.0710161 0.0737593 0.0738075 0.0716377 0.067785 0.0627398 0.0569211 0.0506684 0.0442401 0.0378259 0.0315696 0.0255953 0.0200292 0.0150095 0.0106761 0.00714057 0.00444923
 0.00786616 0.0128408 0.0194405 0.027634 0.0371549 0.0473473 0.0571393 0.0653089 0.0709283 0.0736557 0.0736908 0.0715193 0.0676843 0.0626785 0.0569149 0.0507203 0.0443407 0.0379583 0.0317156 0.0257392 0.0201594 0.0151183 0.0107596 0.00719886 0.00448589
 0.00785535 0.0128205 0.019405 0.0275773 0.0370724 0.0472396 0.0570139 0.0651795 0.07081 0.0735593 0.0736194 0.07147 0.0676529 0.062665 0.0569246 0.0507608 0.0444166 0.0380668 0.0318465 0.0258781 0.0202918 0.0152329 0.01085 0.00726384 0.00452817
 0.00782143 0.0127647 0.0193201 0.0274563 0.0369106 0.0470375 0.05678 0.0649315 0.070573 0.0733606 0.0734819 0.0714067 0.0676648 0.0627422 0.0570515 0.0509223 0.044601 0.0382655 0.0320509 0.0260779 0.0204754 0.0153898 0.0109738 0.00735335 0.00458715
 0.00778084 0.0126977 0.0192177 0.0273097 0.036714 0.046791 0.0564934 0.0646249 0.0702738 0.0730987 0.0732842 0.0712932 0.0676458 0.0628168 0.057208 0.051141 0.0448591 0.0385413 0.0323261 0.0263377 0.0207076 0.0155852 0.0111271 0.00746443 0.00466084
 0.00776032 0.0126627 0.0191619 0.0272259 0.0365954 0.0466334 0.0562974 0.064398 0.0700301 0.0728575 0.0730677 0.0711236 0.0675422 0.0627918 0.0572655 0.0512749 0.0450542 0.0387767 0.0325793 0.0265874 0.0209364 0.0157806 0.0112821 0.00757799 0.00473705
 0.00774093 0.0126286 0.0191057 0.0271393 0.0364711 0.046468 0.0560946 0.0641689 0.0697916 0.0726284 0.0728659 0.0709651 0.0674402 0.0627565 0.0573026 0.0513841 0.0452279 0.0389998 0.0328311 0.0268453 0.021179 0.0159912 0.0114509 0.0077024 0.00482098
 0.00932832 0.0148524 0.0217931 0.029909 0.0388435 0.0480421 0.0566875 0.0638435 0.068776 0.071199 0.0712604 0.06935 0.0659173 0.0613825 0.0561065 0.0503779 0.0444122 0.0383659 0.0323619 0.0265169 0.0209637 0.0158603 0.0113783 0.00766635 0.00480554
 0.00932167 0.015134 0.0227323 0.031963 0.0423584 0.0529843 0.0624731 0.0694323 0.07304 0.073365 0.0711647 0.0673815 0.062747 0.0576756 0.0523578 0.0468839 0.0413183 0.035727 0.0301843 0.0247808 0.0196323 0.0148845 0.0107 0.00722294 0.00453529
 0.00896103 0.0145703 0.0219477 0.0310126 0.0414223 0.0524014 0.0626996 0.0708794 0.0758288 0.0771447 0.0751555 0.0706699 0.0646638 0.0580273 0.051398 0.0451006 0.0392038 0.0336432 0.028338 0.0232587 0.0184479 0.0140118 0.0100928 0.00682656 0.00429435
 0.00879043 0.0142792 0.0214853 0.030327 0.0404815 0.0512285 0.0614167 0.0697344 0.0751712 0.0773277 0.0763783 0.072833 0.06734 0.0606006 0.0533104 0.0460639 0.0392556 0.0330478 0.0274249 0.0222985 0.0176045 0.0133529 0.00962294 0.0065177 0.00410695
 0.00872282 0.0141625 0.0212958 0.0300354 0.0400557 0.0506413 0.0606595 0.0688358 0.0742185 0.0764804 0.0758565 0.0728604 0.0680462 0.0619275 0.0549908 0.0477089 0.0405127 0.0337357 0.0275687 0.0220646 0.0171959 0.0129298 0.00927397 0.00626987 0.00395061
 0.00869458 0.0141139 0.0212171 0.0299145 0.0398783 0.0503926 0.0603266 0.068411 0.0737052 0.0759031 0.0752753 0.0723796 0.0678028 0.0620478 0.0555255 0.0485829 0.0415325 0.034663 0.0282209 0.0223798 0.0172286 0.0127952 0.00908432 0.00609835 0.00382674
 0.00868413 0.0140968 0.021191 0.0298764 0.0398237 0.0503156 0.0602192 0.0682636 0.0735078 0.0756487 0.0749661 0.0720365 0.0674744 0.0618101 0.0554641 0.0487559 0.041932 0.0352027 0.0287661 0.0228065 0.0174744 0.0128712 0.00904882 0.00601742 0.00374691
 0.00869699 0.0141151 0.0212137 0.0299005 0.0398449 0.0503289 0.0602192 0.0682443 0.0734618 0.0755678 0.0748422 0.071866 0.0672644 0.0615853 0.0552688 0.048645 0.0419496 0.0353569 0.0290176 0.0230825 0.0177021 0.0130095 0.0090983 0.00600712 0.00371164
 0.00869458 0.0141146 0.021219 0.0299166 0.0398764 0.0503763 0.0602772 0.068302 0.0735057 0.075585 0.0748235 0.0718063 0.0671631 0.0614488 0.0551132 0.0484982 0.0418462 0.0353256 0.0290662 0.0231908 0.0178304 0.0131177 0.00916424 0.00603079 0.00370759
 0.00865437 0.0140543 0.021138 0.0298186 0.0397692 0.0502714 0.0601881 0.0682418 0.0734832 0.0756014 0.0748704 0.0718683 0.0672228 0.0614918 0.0551329 0.048498 0.0418397 0.0353319 0.0291014 0.0232587 0.0179196 0.0132075 0.00923535 0.00607456 0.00372677
 0.00865044 0.0140446 0.0211176 0.0297814 0.0397104 0.0501906 0.0600919 0.0681439 0.0734005 0.0755485 0.0748551 0.0718894 0.0672706 0.0615518 0.0551905 0.0485432 0.0418705 0.0353544 0.029126 0.0232942 0.0179677 0.0132616 0.00928497 0.00611148 0.00374862
 0.00865393 0.0140484 0.0211194 0.0297776 0.039696 0.0501605 0.0600425 0.0680746 0.0733159 0.075459 0.074775 0.0718331 0.0672477 0.0615637 0.05523 0.0485981 0.0419286 0.0354081 0.0291739 0.0233389 0.0180119 0.0133052 0.00932471 0.00614317 0.0037701
 0.00864881 0.0140425 0.0211149 0.0297776 0.039703 0.0501744 0.0600593 0.0680868 0.0733147 0.075438 0.0747337 0.0717776 0.0671894 0.0615151 0.0552006 0.0485912 0.041941 0.0354331 0.0292046 0.023371 0.0180435 0.0133353 0.0093519 0.00616556 0.00378636
 0.0086602 0.0140598 0.0211387 0.0298079 0.0397393 0.0502163 0.0601056 0.068135 0.0733601 0.075473 0.0747497 0.0717678 0.0671521 0.0614556 0.0551297 0.0485216 0.041883 0.0353919 0.0291802 0.0233604 0.0180426 0.0133406 0.0093603 0.00617456 0.00379409
 0.00862934 0.0140161 0.021085 0.0297508 0.0396876 0.0501777 0.0600849 0.0681332 0.0733756 0.075503 0.0747901 0.0718129 0.0671948 0.0614892 0.0551502 0.0485293 0.0418826 0.0353894 0.0291807 0.0233662 0.0180533 0.013354 0.00937404 0.00618668 0.00380348
 0.00862934 0.0140161 0.021085 0.0297508 0.0396876 0.0501777 0.0600849 0.0681332 0.0733756 0.075503 0.0747901 0.0718129 0.0671948 0.0614892 0.0551502 0.0485293 0.0418826 0.0353894 0.0291807 0.0233662 0.0180533 0.013354 0.00937404 0.00618668 0.00380348
 0.00870303 0.0141274 0.0212365 0.0299392 0.0399044 0.0504105 0.0603185 0.0683495 0.0735547 0.0756259 0.0748426 0.0717895 0.0670996 0.0613346 0.054954 0.0483108 0.0416602 0.035179 0.0289947 0.0232122 0.0179342 0.0132682 0.00931655 0.0061511 0.00378324
 0.00861293 0.0139941 0.0210606 0.0297304 0.0396795 0.0501899 0.060123 0.0681991 0.073467 0.0756132 0.074908 0.071924 0.0672836 0.0615419 0.0551584 0.0484927 0.0418086 0.0352921 0.0290768 0.0232704 0.0179756 0.0132982 0.00933864 0.0061671 0.00379428
 0.0086095 0.0139778 0.0210172 0.0296419 0.0395311 0.0499799 0.0598696 0.0679387 0.0732429 0.0754612 0.0748467 0.0719537 0.0673907 0.0617052 0.0553533 0.048695 0.0419979 0.0354545 0.0292061 0.0233673 0.018045 0.0133464 0.00937139 0.00618879 0.00380813
 0.00861962 0.013994 0.02104 0.0296694 0.039557 0.0499914 0.0598489 0.0678687 0.0731171 0.0752908 0.0746611 0.0717907 0.0672829 0.0616689 0.0553866 0.0487815 0.0421148 0.0355793 0.0293213 0.0234629 0.0181176 0.0133978 0.00940575 0.00621069 0.00382145
 0.00874726 0.0141956 0.0213316 0.0300593 0.0400411 0.0505474 0.0604311 0.0684098 0.0735399 0.0755287 0.0746773 0.071589 0.0669054 0.061183 0.054865 0.0482843 0.0416794 0.0352203 0.029037 0.0232433 0.0179516 0.0132755 0.00931915 0.00615271 0.00378532
 0.00873369 0.0141896 0.0213522 0.0301341 0.040199 0.050807 0.06079 0.0688401 0.073993 0.0759447 0.0749969 0.0717652 0.0669136 0.0610275 0.0545783 0.0479182 0.0412901 0.0348542 0.0287228 0.0229919 0.0177609 0.0131373 0.00922341 0.00608975 0.00374648
 0.00882502 0.0143288 0.0215452 0.0303816 0.0404988 0.0511561 0.061184 0.0692697 0.0744373 0.076369 0.0753546 0.0720062 0.0669966 0.0609315 0.0543096 0.0475102 0.0407957 0.0343332 0.0282288 0.0225628 0.0174155 0.0128776 0.00904053 0.00596923 0.00367248
 0.0086111 0.0140023 0.0210943 0.0298125 0.0398372 0.0504478 0.0604953 0.0686832 0.0740401 0.0762312 0.0755081 0.0724326 0.0676291 0.0616708 0.0550495 0.048163 0.0413098 0.0346968 0.0284611 0.022698 0.0174888 0.0129162 0.00906124 0.00598089 0.00367922
 0.00869013 0.0140969 0.0211747 0.0298314 0.0397441 0.0502116 0.060122 0.0682191 0.0735579 0.0758091 0.075212 0.0723053 0.067685 0.0618935 0.0553935 0.0485632 0.0416984 0.0350211 0.0286951 0.0228429 0.0175638 0.0129465 0.00906835 0.00597903 0.00367555
#pred catch len freq
 0.00519184 0.00819603 0.0119142 0.0162305 0.0210578 0.026316 0.0318535 0.0374129 0.0426835 0.0473834 0.0513086 0.0543477 0.0564822 0.057774 0.0583308 0.0582668 0.0576764 0.0566161 0.0550746 0.0529224 0.0498828 0.0455987 0.0398349 0.0327304 0.024914
 0.00552669 0.00865938 0.0124673 0.0168021 0.0215833 0.02679 0.0323562 0.038081 0.0436311 0.0486184 0.0526989 0.0556604 0.057473 0.0582771 0.0583081 0.0578003 0.0569157 0.0557068 0.0540995 0.0518849 0.0487399 0.0443242 0.0384706 0.0313897 0.0237353
 0.00599387 0.00937331 0.0134525 0.0180399 0.0230062 0.0282835 0.033776 0.0392914 0.0445597 0.049294 0.0532309 0.0561599 0.057965 0.0586701 0.0584429 0.0575413 0.0562192 0.0546284 0.0527477 0.0503634 0.0471206 0.0426618 0.0368357 0.0298819 0.0224606
 0.00642334 0.0100493 0.0144288 0.0193528 0.0246679 0.030271 0.0360118 0.041629 0.046792 0.0511947 0.0546198 0.05696 0.0582152 0.0584784 0.0579085 0.0567014 0.0550549 0.0531152 0.0509045 0.0482651 0.0448809 0.0404117 0.0347107 0.0280105 0.0209426
 0.00686336 0.0107315 0.0153965 0.0206304 0.0262664 0.0321915 0.0382382 0.0441093 0.0494171 0.053788 0.0569497 0.0587815 0.0593328 0.0588006 0.057463 0.055598 0.053424 0.0510631 0.0485117 0.0456157 0.042092 0.0376396 0.0321315 0.0257854 0.0191792
 0.0072462 0.0113295 0.0162522 0.0217709 0.027704 0.0339242 0.0402455 0.0463455 0.0518082 0.0562292 0.0593032 0.0608751 0.0609706 0.0597948 0.0576791 0.0549916 0.0520459 0.049033 0.0459805 0.0427446 0.0390536 0.0346254 0.0293421 0.023398 0.0173071
 0.00761356 0.0119017 0.0170679 0.022853 0.0290611 0.0355516 0.0421205 0.0484209 0.0540087 0.0584563 0.0614426 0.0628025 0.0625549 0.0609006 0.0581761 0.0547759 0.0510677 0.0473174 0.0436306 0.0399279 0.0359831 0.0315391 0.0264767 0.0209511 0.0153984
 0.00801528 0.0125238 0.0179476 0.0240073 0.0304889 0.0372363 0.0440269 0.0504892 0.0561531 0.0605708 0.0634121 0.0645144 0.0639066 0.0618024 0.0585494 0.0545513 0.0501929 0.0457759 0.041465 0.0372569 0.0330005 0.0284914 0.0236219 0.0185064 0.0134938
 0.00827401 0.0129435 0.018578 0.0248951 0.0316702 0.038724 0.0457966 0.0524716 0.0582402 0.0626336 0.0653193 0.0661471 0.0651675 0.0626186 0.0588693 0.0543385 0.0494211 0.0444341 0.0395754 0.0348986 0.0303253 0.0257159 0.0209905 0.016235 0.011717
 0.00856921 0.0133984 0.0192182 0.0257332 0.032712 0.0399737 0.0472544 0.054121 0.0600325 0.0644783 0.0670903 0.0677035 0.0663807 0.0633939 0.059153 0.0541106 0.0486821 0.0431975 0.0378728 0.0327977 0.0279484 0.0232432 0.0186342 0.0141903 0.010111
 0.00895564 0.0139833 0.0200181 0.026737 0.0338874 0.0412798 0.0486485 0.0555606 0.0614731 0.0658721 0.0683828 0.0688296 0.0672645 0.063957 0.0593286 0.0538557 0.0479824 0.0420644 0.0363425 0.0309364 0.025863 0.0210845 0.0165799 0.0124061 0.00870713
 0.00918338 0.0143465 0.0205513 0.027466 0.0348237 0.0424113 0.0499319 0.056921 0.062818 0.0671125 0.0694506 0.0696826 0.0678789 0.0643148 0.0594084 0.0536315 0.0474303 0.0411739 0.0351265 0.0294411 0.0241745 0.0193273 0.0149006 0.0109422 0.00755126
 0.00938691 0.0146522 0.0209664 0.0279858 0.0354396 0.043121 0.0507417 0.0578351 0.0638202 0.0681531 0.0704485 0.0705449 0.0685269 0.0647014 0.0595178 0.0534663 0.0469972 0.0404785 0.0341804 0.0282749 0.0228501 0.0179405 0.0135682 0.00977552 0.00662653
 0.00954486 0.0148909 0.0212918 0.028391 0.0359072 0.0436284 0.0512662 0.05836 0.0643389 0.0686694 0.0709684 0.0710618 0.0690107 0.0651005 0.0597738 0.0535315 0.0468438 0.0400984 0.0335816 0.0274831 0.0219139 0.0169339 0.0125828 0.00890077 0.00592608
 0.00959014 0.0149776 0.0214459 0.0286437 0.0362857 0.0441422 0.0518958 0.0590551 0.0650307 0.0692911 0.0714737 0.0714331 0.069254 0.0652307 0.0597995 0.0534474 0.0466338 0.0397455 0.0330793 0.0268424 0.0211683 0.0161386 0.0118072 0.0082132 0.00537545
 0.00965529 0.0150688 0.0215575 0.0287658 0.0364128 0.0442834 0.0520786 0.0593157 0.0653932 0.0697471 0.0719775 0.0719163 0.0696513 0.0655013 0.059932 0.0534495 0.0465171 0.0395165 0.03274 0.0263994 0.0206417 0.0155665 0.0112412 0.0077058 0.00496562
 0.00958776 0.0149809 0.0214649 0.0286944 0.0363895 0.0443234 0.0521782 0.0594577 0.0655625 0.0699435 0.0722143 0.0722038 0.0699799 0.0658361 0.0602251 0.0536581 0.0466159 0.0394977 0.0326075 0.0261648 0.0203248 0.0151979 0.0108606 0.00735461 0.0046761
 0.00959522 0.014984 0.0214542 0.0286593 0.036325 0.0442388 0.0521003 0.059423 0.0656008 0.0700627 0.0723987 0.0724262 0.0702157 0.066069 0.060442 0.0538419 0.0467446 0.0395507 0.0325728 0.0260428 0.0201288 0.0149523 0.0105972 0.00710597 0.00446797
 0.00978416 0.0152452 0.0217621 0.02896 0.0365509 0.0443316 0.0520329 0.0592096 0.0652919 0.0697303 0.0721154 0.0722445 0.0701557 0.0661186 0.0605683 0.0540047 0.0469059 0.0396787 0.032644 0.0260448 0.0200623 0.0148313 0.0104455 0.00695045 0.00433124
 0.00994802 0.015494 0.0221016 0.0293792 0.0370182 0.0447948 0.0524224 0.0594504 0.0653265 0.0695431 0.0717449 0.0717731 0.0696816 0.0657234 0.0602955 0.0538564 0.0468538 0.0396805 0.0326585 0.026041 0.0200241 0.0147579 0.010348 0.00684626 0.00423694
 0.0100101 0.0155924 0.0222454 0.0295753 0.0372705 0.0451011 0.0527692 0.0598076 0.0656459 0.0697651 0.0718156 0.071666 0.0694129 0.0653509 0.0598982 0.0535061 0.0465921 0.0395128 0.0325628 0.0259842 0.0199772 0.0147038 0.0102835 0.00677761 0.00417366
 0.00990771 0.0154518 0.022082 0.0294206 0.0371645 0.04508 0.0528539 0.0599988 0.0659244 0.070095 0.0721478 0.0719453 0.0695904 0.0653995 0.0598242 0.053347 0.0464015 0.0393385 0.0324311 0.0258971 0.0199209 0.0146613 0.0102435 0.00673727 0.00413581
