SBPRF35
12.7214
Curr Bio
782492
B35
858125
F35
0.16969
FOFL
0.151379
OFL
96162.2
Bzero
3.63469e+006
#pred survey bio
 3.71553e+006 3.57204e+006 3.43818e+006 3.28118e+006 3.08478e+006 2.81899e+006 2.57441e+006 2.33509e+006 2.10154e+006 1.88252e+006 1.67314e+006 1.48482e+006 1.30642e+006 1.16486e+006 1.01397e+006 907148 807212 742060 710547 674577 645847 612804 589776 575822 565669 553932 560678 555493 559849 557595 562413 570896 577508 592098 605119 630256 654091 665396 667740 661710 665365 674274 683687 688203 684265 683642 687122 679267 666515 660363 669158 716611 728341 747129 768469 790124 796394 787403 2.71119e+007 1.57871e+007 1.57458e+007 1.65167e+007 1.78683e+007 1.94838e+007 2.11155e+007 2.26116e+007 2.39005e+007 2.49648e+007 2.58183e+007 2.64887e+007 2.7008e+007 2.74064e+007 2.77103e+007 2.79415e+007 2.81173e+007 2.82511e+007 2.83532e+007 2.84314e+007 2.84915e+007 2.85379e+007 2.85739e+007 2.8602e+007 2.8624e+007 2.86414e+007 2.8655e+007 2.86659e+007 2.86745e+007 2.86813e+007 2.86868e+007 2.86913e+007 2.86948e+007 2.86977e+007 2.87e+007 2.87019e+007 2.87035e+007 2.87047e+007 2.87057e+007 2.87065e+007 2.87072e+007 2.87078e+007 2.87082e+007 2.87086e+007 2.87089e+007 2.87091e+007 2.87093e+007 2.87095e+007 2.87096e+007 2.87097e+007 2.87098e+007 2.87099e+007 2.87099e+007 2.871e+007 2.871e+007 2.87101e+007 2.87101e+007 2.87101e+007 2.87101e+007 2.87101e+007 2.87102e+007 2.87102e+007 2.87102e+007 2.87102e+007 2.87102e+007 2.87102e+007 2.87102e+007 2.87102e+007 2.87102e+007 2.87102e+007 2.87102e+007 2.87102e+007 2.87102e+007 2.87102e+007 2.87102e+007 2.87102e+007 2.87102e+007 2.87102e+007 2.87102e+007 2.87102e+007 2.87102e+007 2.87102e+007 2.87102e+007 2.87102e+007 2.87102e+007 2.87102e+007 2.87102e+007 2.87102e+007 2.87102e+007 2.87102e+007 2.87102e+007 2.87102e+007 2.87102e+007 2.87102e+007 2.87102e+007 2.87102e+007 2.87102e+007 2.87102e+007 2.87102e+007 2.87102e+007 0 0 0 0 0 0 0 0 0 0 0 0 0 0 0 0 0 0 0 0 0 0 0 0 0
#obs survey bio
 3.31653e+006 4.35949e+006 4.6494e+006 2.29191e+006 2.85359e+006 2.76695e+006 1.92932e+006 1.52992e+006 1.96713e+006 1.25978e+006 2.26806e+006 1.16197e+006 1.36788e+006 1.31364e+006 887526 774418 695736 412923 626186 536171 726959 555839 817866 436372 417745 616961 327899 835068 495073 428471 543092 490799 441731 681595 698471 636861 619989 669392 741429 718162 499870 727169 854476 676473 708583 709370 685485 605912 877733 410110 742530 735586 711671 604996 750782 936055 760071 933691
#pred catch bio
 109452 108083 138106 186188 265012 262753 275861 287878 289797 293262 283588 280724 251193 259850 220249 212823 180732 150943 153177 143820 143533 131379 121539 117281 117760 101960 111395 101734 106180 99622.1 96693.2 98502.8 92388.6 94619.7 85286.8 87361.9 98062.7 104838 110595 101619 97809.4 98268.2 102773 109518 106014 102377 111655 114524 107722 94991.1 63857.7 95336.4 88239.6 85620.7 84774.6 96358.9 105567 102453 96162.2 103563 101822 105234 113263 123367 133615 142917 150799 157167 162137 165918 168738 170809 172312 173392 174163 174709 175095 175366 175556 175689 175782 175846 175891 175922 175944 175958 175969 175976 175981 175984 175986 175988 175989 175990 175990 175991 175991 175991 175991 175991 175992 175992 175992 175992 175992 175992 175992 175992 175992 175992 175992 175992 175992 175992 175992 175992 175992 175992 175992 175992 175992 175992 175992 175992 175992 175992 175992 175992 175992 175992 175992 175992 175992 175992 175992 175992 175992 175992 175992 175992 175992 175992 175992 175992 175992 175992 175992 175992 175992 175992 175992 175992 175992 175992 175992 175992 175992 175992 0 0 0 0 0 0 0 0 0 0 0 0 0 0 0 0 0 0 0 0 0 0 0 0 0
#obs catch bio
 0 107790 137768 185792 265326 262204 275700 289035 291207 295203 283664 283583 251604 260890 220657 213856 182139 152821 155197 145646 144711 131836 122158 118170 119410 102870 113794 102147 106603 100227 97230.5 99186.6 92823 95297.9 85670 87490 97891.9 104565 110396 101007 97838.1 98385.5 102589 109460 105722 102131 111668 114730 107505 95439.7 63428.1 95672.1 88317.1 85808.1 84832 96458.8 105923 102436
#pred cpue bio
 3.66419e+006 3.52269e+006 3.39067e+006 3.23427e+006 3.03808e+006 2.77314e+006 2.52921e+006 2.29044e+006 2.05765e+006 1.8397e+006 1.63166e+006 1.44468e+006 1.26794e+006 1.12791e+006 979034 873453 774938 710777 679849 644975 617344 585532 563252 549657 539663 528179 534821 530198 534938 532956 537647 546004 552579 566860 579686 604497 628164 639499 641953 636185 639697 648251 657459 662010 658287 657729 661141 653512 641149 635185 643776 690453 702555 721342 742499 764105 770810 762948 2.6316e+007 1.53334e+007 1.51236e+007 1.56887e+007 1.69583e+007 1.85518e+007 2.01786e+007 2.16736e+007 2.29623e+007 2.40267e+007 2.48801e+007 2.55506e+007 2.60698e+007 2.64682e+007 2.67721e+007 2.70033e+007 2.71791e+007 2.73129e+007 2.7415e+007 2.74932e+007 2.75533e+007 2.75997e+007 2.76357e+007 2.76638e+007 2.76859e+007 2.77032e+007 2.77169e+007 2.77277e+007 2.77363e+007 2.77432e+007 2.77487e+007 2.77531e+007 2.77566e+007 2.77595e+007 2.77619e+007 2.77637e+007 2.77653e+007 2.77665e+007 2.77675e+007 2.77684e+007 2.7769e+007 2.77696e+007 2.777e+007 2.77704e+007 2.77707e+007 2.77709e+007 2.77711e+007 2.77713e+007 2.77714e+007 2.77715e+007 2.77716e+007 2.77717e+007 2.77718e+007 2.77718e+007 2.77719e+007 2.77719e+007 2.77719e+007 2.77719e+007 2.7772e+007 2.7772e+007 2.7772e+007 2.7772e+007 2.7772e+007 2.7772e+007 2.7772e+007 2.7772e+007 2.7772e+007 2.7772e+007 2.7772e+007 2.7772e+007 2.7772e+007 2.7772e+007 2.7772e+007 2.7772e+007 2.7772e+007 2.7772e+007 2.7772e+007 2.7772e+007 2.7772e+007 2.7772e+007 2.7772e+007 2.7772e+007 2.7772e+007 2.7772e+007 2.7772e+007 2.7772e+007 2.7772e+007 2.7772e+007 2.7772e+007 2.7772e+007 2.7772e+007 2.7772e+007 2.7772e+007 2.7772e+007 2.7772e+007 2.7772e+007 2.7772e+007 2.7772e+007 2.7772e+007 2.7772e+007 0 0 0 0 0 0 0 0 0 0 0 0 0 0 0 0 0 0 0 0 0 0 0 0 0
#obs cpue bio
 3.0291e+006 4.54081e+006 3.56265e+006 3.50372e+006 2.81759e+006 2.86997e+006 2.88965e+006 2.08789e+006 1.9304e+006 2.37564e+006 1.87466e+006 925302 1.75024e+006 991550 1.03646e+006 919916 648780 691607 724996 641921 670590 728296 330990 549887 461074 413901 421159 761980 643407 500322 513445 561728 684408 422847 463743 776249 986093 686161 602572 810620 506202 551242 703607 659768 748242 587438 605128 648707 659994 640312 836738 605185 614802 756417 793829 725390 681522 848396
#pred surv len freq
 0.0052691 0.00844661 0.0125102 0.0173769 0.0228991 0.0288094 0.0346822 0.0400174 0.0444241 0.0477526 0.050078 0.0515868 0.0524745 0.0529037 0.0530038 0.0528886 0.0526764 0.0524835 0.0523568 0.0521414 0.0513631 0.0492735 0.0451532 0.0387667 0.0306627
 0.00540916 0.00860122 0.0126122 0.0173298 0.0226173 0.0282725 0.0339701 0.0392943 0.0438705 0.0474872 0.0501177 0.0518656 0.0529018 0.0534187 0.053595 0.0535736 0.0534576 0.053307 0.053099 0.0526375 0.0514715 0.0489446 0.0444626 0.0378885 0.0297951
 0.00567244 0.00900433 0.0131673 0.0180183 0.0233793 0.0290028 0.0345297 0.0395487 0.0437492 0.0470307 0.0494732 0.051225 0.0524191 0.0531622 0.0535565 0.0537098 0.0537205 0.0536417 0.0534221 0.0528307 0.0514117 0.0485613 0.0437839 0.0370385 0.0289412
 0.00589082 0.00935967 0.0137019 0.0187693 0.0243672 0.0302129 0.0358919 0.0409282 0.0449623 0.0478894 0.0498464 0.0510894 0.0518712 0.0523798 0.0527277 0.05297 0.0531262 0.0531774 0.0530204 0.0523935 0.0508388 0.0477918 0.0428329 0.0360024 0.0279586
 0.00608448 0.00967469 0.0141773 0.0194439 0.0252753 0.0313747 0.0372989 0.0425293 0.0466553 0.0495226 0.051235 0.0520506 0.0522748 0.0521942 0.0520355 0.0519366 0.0519349 0.0519657 0.0518458 0.0512394 0.0496528 0.0465358 0.0415241 0.0347212 0.0268173
 0.00640554 0.010175 0.0148909 0.0203905 0.0264609 0.0327921 0.038924 0.0443159 0.0485322 0.0513939 0.0529796 0.0535234 0.0533185 0.0526691 0.0518609 0.0511245 0.0505923 0.0502568 0.0499343 0.0492442 0.0476413 0.0445534 0.0396315 0.0330081 0.0253811
 0.00674622 0.0107088 0.015657 0.0214123 0.0277432 0.0343175 0.0406484 0.0461681 0.0504243 0.0532358 0.054688 0.0550175 0.0545077 0.053446 0.0521124 0.0507625 0.0495899 0.048669 0.0478879 0.0469026 0.0451693 0.0421014 0.0373372 0.0309968 0.02375
 0.00703091 0.0111702 0.0163484 0.0223818 0.0290243 0.0359138 0.0425192 0.0482239 0.0525408 0.0552804 0.0565436 0.0565936 0.0557362 0.0542675 0.0524626 0.0505699 0.0487923 0.0472439 0.0458808 0.0444359 0.0424274 0.0393015 0.0346962 0.0286988 0.0219159
 0.00729405 0.0115921 0.0169735 0.0232504 0.0301684 0.0373496 0.0442346 0.0501689 0.054626 0.0573862 0.0585362 0.0583435 0.0571339 0.0552307 0.0529322 0.0504984 0.0481367 0.0459742 0.0440052 0.0420306 0.0396516 0.0363839 0.0318946 0.026244 0.0199604
 0.0075849 0.0120495 0.0176338 0.0241392 0.031299 0.0387206 0.0458245 0.051932 0.0564943 0.0592762 0.0603552 0.0599933 0.0585145 0.0562469 0.0535008 0.0505519 0.0476239 0.0448621 0.0422925 0.0397718 0.0369807 0.0335167 0.0290956 0.0237648 0.0179754
 0.00791379 0.012568 0.018384 0.0251493 0.0325788 0.0402552 0.0475668 0.053802 0.0583907 0.0610959 0.0620099 0.0614141 0.0596462 0.0570388 0.0539 0.0505029 0.047072 0.043764 0.0406329 0.037588 0.0343868 0.0307111 0.0263341 0.0213015 0.0159932
 0.00816323 0.0129759 0.0190019 0.0260262 0.033751 0.0417303 0.0493078 0.0557222 0.0603664 0.0629916 0.063704 0.062814 0.0606922 0.0576979 0.0541542 0.0503348 0.0464574 0.0426741 0.0390509 0.0355371 0.031959 0.0280793 0.0237321 0.0189686 0.0141077
 0.00845235 0.0134314 0.0196616 0.026918 0.0348917 0.0431216 0.0509282 0.0575178 0.0622493 0.0648469 0.0654046 0.0642395 0.0617467 0.0583213 0.0543223 0.0500484 0.0457256 0.0415044 0.0374525 0.0335413 0.0296477 0.0256024 0.0212951 0.0167863 0.0123428
 0.00871953 0.0138486 0.0202578 0.0277097 0.0358818 0.0442988 0.0522635 0.0589636 0.0637429 0.0663186 0.0667821 0.0654489 0.0627129 0.0589734 0.0546023 0.0499193 0.045173 0.040532 0.0360796 0.0318103 0.02764 0.0234514 0.019178 0.0148878 0.0108042
 0.00916705 0.0145426 0.0212389 0.0289913 0.0374471 0.0460972 0.0542071 0.0609297 0.0655915 0.0679198 0.0680413 0.0663155 0.0631736 0.0590367 0.0542844 0.0492354 0.0441366 0.0391585 0.0343948 0.0298613 0.0255081 0.02126 0.017083 0.0130466 0.00933187
 0.00942278 0.0149554 0.0218542 0.0298483 0.0385695 0.0474803 0.0558038 0.0626471 0.0673031 0.0694909 0.0693536 0.0672836 0.0637507 0.0592117 0.0540725 0.0486655 0.0432399 0.0379643 0.0329347 0.0281808 0.0236804 0.0193921 0.0153073 0.0114933 0.00809446
 0.00968874 0.0153767 0.022468 0.0306826 0.0396394 0.048781 0.0573015 0.0642718 0.0689522 0.0710418 0.0706826 0.0682842 0.0643484 0.0593731 0.0538042 0.0480054 0.0422424 0.0366881 0.0314375 0.0265237 0.0219382 0.0176604 0.0136963 0.0101075 0.00700437
 0.00981024 0.0155692 0.022749 0.0310671 0.0401402 0.0494076 0.058057 0.0651484 0.0699268 0.0720736 0.0717119 0.0692347 0.0651349 0.0599144 0.0540384 0.0479006 0.0418004 0.0359394 0.030433 0.0253293 0.0206331 0.0163369 0.012453 0.00903312 0.00615776
 0.00971533 0.0154306 0.0225706 0.0308648 0.0399407 0.0492455 0.0579715 0.0651807 0.0701153 0.0724459 0.0722748 0.0699651 0.065976 0.0607798 0.0548254 0.0485091 0.0421531 0.0359951 0.0301919 0.0248291 0.019942 0.015543 0.0116517 0.00831018 0.0055726
 0.00968789 0.0153908 0.0225198 0.030808 0.0398864 0.0492044 0.0579558 0.0652039 0.0701916 0.0725897 0.0724987 0.0702771 0.0663743 0.0612455 0.0553177 0.0489669 0.0425045 0.0361751 0.0301595 0.0245801 0.0195105 0.0149944 0.011067 0.00776612 0.00512446
 0.0096938 0.015393 0.0225098 0.0307743 0.0398184 0.0490992 0.0578226 0.0650641 0.0700741 0.072523 0.0725053 0.0703711 0.0665605 0.0615193 0.0556616 0.0493473 0.0428716 0.0364697 0.030327 0.0245865 0.0193552 0.0147116 0.0107152 0.00740997 0.00481585
 0.00989092 0.0156806 0.022881 0.0311998 0.040253 0.0494926 0.0581304 0.0652548 0.0701329 0.0724548 0.0723347 0.0701374 0.0663091 0.0612913 0.0554861 0.0492356 0.0428149 0.0364398 0.030284 0.0244922 0.0191876 0.0144746 0.010437 0.00713118 0.00457359
 0.0100332 0.0159002 0.0231884 0.0315941 0.0407181 0.0499956 0.0586211 0.065671 0.0704149 0.0725634 0.0722634 0.069913 0.0659811 0.0609177 0.0551197 0.0489151 0.042559 0.0362461 0.030132 0.0243525 0.019034 0.014295 0.010238 0.00693334 0.00439998
 0.0101749 0.0161087 0.023462 0.0319177 0.0410686 0.0503496 0.0589593 0.0659769 0.0706697 0.0727431 0.0723429 0.0698742 0.0658231 0.0606607 0.0548011 0.0485793 0.0422447 0.0359771 0.0299134 0.0241735 0.0188766 0.0141443 0.0100891 0.00679206 0.00427749
 0.0101676 0.0161151 0.0235046 0.0320262 0.0412693 0.0506505 0.0593391 0.0663878 0.0710534 0.0730504 0.0725451 0.0699623 0.0658001 0.060536 0.0545911 0.0483086 0.0419452 0.0356811 0.0296454 0.0239446 0.0186855 0.0139832 0.00995103 0.00667463 0.00418218
 0.010186 0.0161418 0.0235397 0.0320709 0.0413295 0.0507396 0.0594773 0.0665935 0.0713298 0.0733757 0.0728735 0.0702383 0.0659775 0.0605909 0.0545241 0.0481394 0.0417043 0.0354034 0.0293635 0.0236838 0.0184602 0.0137976 0.00980296 0.00655992 0.00409685
 0.00987322 0.0156822 0.0229391 0.0313672 0.0405835 0.0500194 0.0588464 0.0661084 0.0710401 0.0733198 0.0730677 0.0706655 0.0665834 0.0612944 0.0552373 0.0487889 0.0422448 0.0358193 0.0296624 0.0238857 0.0185884 0.0138726 0.009841 0.00657345 0.00409597
 0.00981055 0.0155657 0.0227387 0.0310507 0.04013 0.0494374 0.0581865 0.0654573 0.0704964 0.0729631 0.072939 0.0707659 0.0668849 0.0617503 0.0557888 0.0493714 0.0427974 0.0362958 0.0300385 0.024159 0.0187716 0.0139857 0.00990418 0.006604 0.00410718
 0.00990794 0.015683 0.0228387 0.0310715 0.0399993 0.0490976 0.0576191 0.064697 0.0696283 0.0721067 0.0722215 0.0702932 0.0667167 0.0618895 0.0561878 0.04995 0.0434635 0.0369638 0.0306421 0.0246581 0.0191524 0.0142548 0.0100805 0.00671067 0.00416629
 0.00996686 0.015789 0.0230142 0.0313357 0.0403537 0.0495081 0.0580075 0.064953 0.0696473 0.0718341 0.0716818 0.0695854 0.0659812 0.0612629 0.0557649 0.0497654 0.0434949 0.0371506 0.0309095 0.0249386 0.019399 0.0144446 0.0102106 0.00679071 0.00421039
 0.00989723 0.0156859 0.022879 0.0311798 0.0401995 0.0493863 0.05795 0.0649799 0.0697502 0.0719679 0.0717758 0.0695739 0.0658386 0.0610208 0.0555001 0.0495658 0.043423 0.0372231 0.0310994 0.0251928 0.0196616 0.0146736 0.0103851 0.00690883 0.00428192
 0.00984386 0.0155954 0.0227366 0.0309715 0.0399177 0.0490384 0.0575653 0.0646088 0.0694534 0.071796 0.0717492 0.0696728 0.0660103 0.0612038 0.0556529 0.0496839 0.0435348 0.0373663 0.0312961 0.0254372 0.0199248 0.0149201 0.0105877 0.00705602 0.00437709
 0.00986489 0.01562 0.0227556 0.0309688 0.0398732 0.0489331 0.0573877 0.0643612 0.0691554 0.0714851 0.0714739 0.0694793 0.0659259 0.061226 0.055753 0.0498235 0.0436853 0.0375194 0.0314585 0.0256163 0.020117 0.0151095 0.0107544 0.00718602 0.00446668
 0.00973345 0.0154277 0.0225053 0.0306763 0.0395608 0.0486211 0.0570882 0.0640782 0.0688907 0.0712451 0.0712744 0.0693449 0.0658838 0.0612959 0.0559366 0.0501012 0.0440224 0.0378786 0.0318114 0.0259465 0.0204155 0.0153689 0.0109673 0.00734754 0.00457816
 0.00958934 0.0152071 0.0221997 0.030289 0.0391082 0.0481326 0.0566043 0.0636452 0.0685496 0.0710203 0.0711685 0.0693446 0.0659724 0.0614623 0.056177 0.0504118 0.0443918 0.0382849 0.0322262 0.0263421 0.0207705 0.0156697 0.0112071 0.00752574 0.00470012
 0.00940937 0.0149191 0.0217757 0.0297089 0.0383669 0.0472499 0.055634 0.0626746 0.0676854 0.0703629 0.0707884 0.0692684 0.0661827 0.0619101 0.0567981 0.0511429 0.045178 0.0390805 0.0329918 0.0270434 0.0213801 0.0161699 0.0115925 0.00780249 0.00488388
 0.00931573 0.0147641 0.0215371 0.0293632 0.0378934 0.0466377 0.0548909 0.0618349 0.0668105 0.0695361 0.0701019 0.0688063 0.0660026 0.0620296 0.0571927 0.0517553 0.0459344 0.0399058 0.0338197 0.0278201 0.0220653 0.0167377 0.0120323 0.00811892 0.00509383
 0.00926596 0.0146936 0.0214492 0.0292645 0.0377882 0.0465198 0.0547398 0.0616192 0.0665009 0.0691217 0.0696026 0.0682752 0.0655162 0.0616692 0.0570222 0.0518042 0.0461922 0.0403287 0.0343447 0.0283803 0.0226022 0.0172078 0.0124105 0.00839839 0.00528286
 0.00923071 0.0146435 0.0213873 0.029199 0.0377304 0.0464808 0.0547253 0.0616244 0.066507 0.0690966 0.0695095 0.0680877 0.0652353 0.0613305 0.0566901 0.051552 0.0460775 0.0403761 0.0345408 0.0286821 0.0229528 0.0175531 0.0127102 0.00863137 0.00544598
 0.00939236 0.0148727 0.0216704 0.0295028 0.0380125 0.0467057 0.0548763 0.0617049 0.0665306 0.0690739 0.0694389 0.067955 0.0650221 0.0610288 0.0563148 0.0511454 0.0457004 0.0400881 0.03438 0.0286537 0.0230314 0.0176951 0.0128706 0.00877617 0.00555742
 0.00943925 0.0149515 0.0217924 0.0296762 0.0382363 0.0469624 0.0551294 0.0619068 0.06664 0.0690738 0.0693423 0.0677937 0.0648273 0.0608169 0.0560878 0.0509034 0.0454551 0.0398667 0.034216 0.0285717 0.0230348 0.0177654 0.0129762 0.00888557 0.00564903
 0.00932692 0.0147928 0.0215983 0.0294735 0.0380615 0.046851 0.0551046 0.0619724 0.0667787 0.0692511 0.069517 0.0679317 0.0649119 0.0608498 0.0560813 0.0508704 0.0454064 0.0398137 0.0341745 0.0285592 0.0230627 0.017832 0.013067 0.0089805 0.00573092
 0.00924019 0.0146534 0.0213926 0.0291936 0.0377111 0.046452 0.0547018 0.0616269 0.0665518 0.0691825 0.0696096 0.0681524 0.0652057 0.0611603 0.0563668 0.0511099 0.0455965 0.0399622 0.0342947 0.0286655 0.0231667 0.017939 0.0131741 0.00907894 0.00581178
 0.00919035 0.014577 0.0212859 0.0290549 0.0375393 0.0462463 0.0544631 0.0613633 0.0662841 0.0689455 0.0694457 0.0680967 0.0652715 0.0613323 0.0566068 0.0513725 0.0458442 0.0401744 0.0344671 0.0288052 0.0232845 0.0180433 0.013268 0.00916059 0.00587757
 0.009231 0.0146354 0.0213596 0.0291361 0.0376169 0.0463083 0.0544981 0.0613615 0.0662373 0.0688501 0.0693068 0.0679324 0.0651107 0.0612063 0.056537 0.0513619 0.0458783 0.0402304 0.0345256 0.0288562 0.0233272 0.0180816 0.013305 0.00919643 0.00590969
 0.00925356 0.0146693 0.021405 0.029191 0.0376766 0.0463655 0.054544 0.0613863 0.0662328 0.0688111 0.0692331 0.0678292 0.0649891 0.0610829 0.0564316 0.0512918 0.0458522 0.0402449 0.0345678 0.0289106 0.0233821 0.0181311 0.0133477 0.00923224 0.00593849
 0.0091901 0.0145786 0.0212915 0.0290666 0.0375575 0.0462663 0.0544731 0.061345 0.0662165 0.0688126 0.0692445 0.067844 0.0650033 0.0610961 0.0564474 0.0513174 0.0458953 0.0403098 0.0346525 0.0290069 0.0234789 0.0182188 0.0134204 0.00928824 0.00597877
 0.00915331 0.0145289 0.0212357 0.029018 0.0375326 0.04628 0.0545331 0.0614491 0.0663519 0.0689585 0.0693762 0.0679385 0.0650454 0.061082 0.0563849 0.0512229 0.045789 0.0402109 0.0345747 0.0289561 0.0234535 0.0182123 0.0134253 0.009298 0.00598911
 0.00923827 0.014648 0.0213802 0.029169 0.0376681 0.0463853 0.0546077 0.0615055 0.0664072 0.0690232 0.0694477 0.0680016 0.065079 0.0610677 0.0563139 0.0510991 0.0456276 0.0400336 0.0344036 0.0288084 0.0233385 0.0181312 0.0133735 0.00926826 0.00597396
 0.0093057 0.0147493 0.0215165 0.0293339 0.0378474 0.0465578 0.0547486 0.0615924 0.0664286 0.0689849 0.069372 0.0679174 0.0650077 0.0610144 0.0562689 0.0510461 0.0455546 0.0399388 0.0342955 0.0287005 0.0232438 0.0180578 0.0133229 0.00923734 0.00595731
 0.00915156 0.0145259 0.0212309 0.0290103 0.0375203 0.0462611 0.0545063 0.0614157 0.0663183 0.0689368 0.0693818 0.0679839 0.0651328 0.0611983 0.0565038 0.0513135 0.0458284 0.0401931 0.0345121 0.0288729 0.0233748 0.0181547 0.0133935 0.00928756 0.00599154
 0.00874585 0.0138928 0.02033 0.0278282 0.0360809 0.0446353 0.0528191 0.0598366 0.0650287 0.0680841 0.0690441 0.0681609 0.0657616 0.06218 0.0577264 0.0526674 0.0472138 0.041525 0.0357242 0.0299205 0.0242353 0.0188258 0.0138887 0.00963104 0.00621378
 0.00877692 0.0139159 0.0203129 0.0277217 0.0358276 0.0441878 0.0521587 0.0589867 0.0640576 0.067097 0.0681647 0.0675057 0.0654134 0.0621706 0.0580355 0.0532344 0.047956 0.0423543 0.0365592 0.0306949 0.0249032 0.0193633 0.0142923 0.00991321 0.00639662
 0.0087123 0.0138226 0.0201927 0.027579 0.0356622 0.0439852 0.051887 0.0586045 0.0635335 0.0664323 0.0674079 0.066749 0.0647725 0.0617537 0.0579147 0.0534283 0.0484292 0.0430309 0.0373437 0.0314928 0.025637 0.0199814 0.0147715 0.0102553 0.00662091
 0.00853172 0.0135536 0.0198341 0.0271469 0.0351867 0.0435027 0.0514316 0.0581998 0.0631854 0.0661265 0.0671175 0.0664537 0.0644795 0.0615075 0.0577863 0.0534884 0.048719 0.0435437 0.0380257 0.0322593 0.0263966 0.0206581 0.0153182 0.0106573 0.00689001
 0.00831581 0.013221 0.0193685 0.026548 0.034472 0.0427091 0.050616 0.0574346 0.0625446 0.0656652 0.0668554 0.0663727 0.0645371 0.0616606 0.0580135 0.0537986 0.0491409 0.0441017 0.0387155 0.033039 0.0271951 0.0213977 0.015938 0.0111273 0.00721227
 0.00789519 0.0126093 0.0185812 0.0256446 0.0335371 0.0418233 0.0498345 0.056785 0.0620391 0.0653141 0.0666712 0.0663636 0.0646975 0.0619674 0.0584325 0.0542995 0.0497087 0.0447365 0.0394195 0.0337977 0.0279687 0.0221281 0.0165677 0.0116192 0.00755887
 0.00740882 0.0118696 0.0175657 0.0243733 0.0320749 0.040276 0.0483408 0.0554977 0.0610914 0.0647825 0.0665581 0.0666116 0.0652228 0.0626897 0.0592881 0.0552407 0.0507 0.0457527 0.0404416 0.0348051 0.0289306 0.0230019 0.0173092 0.0121979 0.00796963
#obs surv len freq
 nan nan nan nan nan nan nan nan nan nan nan nan nan nan nan nan nan nan nan nan nan nan nan nan nan
 0.00448202 0.0073422 0.0111712 0.0159869 0.0216876 0.0279637 0.0342786 0.0400109 0.0446913 0.048156 0.0505146 0.0520111 0.052904 0.0534168 0.0537315 0.0539867 0.0542655 0.0545584 0.0546972 0.0542892 0.0527272 0.0493591 0.0438086 0.0362882 0.0276714
 0.00461989 0.00756626 0.0115079 0.0164601 0.0223124 0.0287381 0.0351747 0.040972 0.0456395 0.0490068 0.0511928 0.0524622 0.0530994 0.0533552 0.0534342 0.0534903 0.053613 0.0537922 0.0538562 0.05341 0.0518485 0.0485239 0.0430613 0.0356666 0.0271963
 0.00477489 0.00782302 0.0119031 0.0170304 0.023087 0.0297259 0.0363519 0.0422772 0.0469817 0.0502812 0.0522976 0.0533102 0.0536263 0.0535243 0.0532392 0.0529535 0.052779 0.0527197 0.0526108 0.0520615 0.0504717 0.0471989 0.0418677 0.0346701 0.0264333
 0.00496199 0.00812826 0.0123648 0.0176857 0.0239657 0.0308404 0.0376852 0.0437767 0.048563 0.0518403 0.0537245 0.0545002 0.0544883 0.0539886 0.0532632 0.0525261 0.0519214 0.0514824 0.0510698 0.0503138 0.0486323 0.0453944 0.0402233 0.0332882 0.0253712
 0.00517324 0.00847295 0.0128859 0.0184242 0.024953 0.0320861 0.0391653 0.0454292 0.0502968 0.0535515 0.0553106 0.0558661 0.0555474 0.0546631 0.0534889 0.0522588 0.0511456 0.0502183 0.0493783 0.0482985 0.0464359 0.0431873 0.0381798 0.0315533 0.0240296
 0.00540819 0.00885726 0.0134686 0.0192524 0.0260626 0.0334878 0.0408294 0.0472813 0.0522283 0.0554413 0.0570447 0.0573477 0.0566975 0.0554165 0.0537892 0.0520581 0.0504098 0.0489393 0.0475899 0.0460902 0.0439584 0.0406409 0.0357824 0.029494 0.0224244
 0.00564318 0.00924466 0.0140617 0.0201043 0.027216 0.0349587 0.0425901 0.0492544 0.0542976 0.0574741 0.0589135 0.0589439 0.0579352 0.0562308 0.0541308 0.0518874 0.0496948 0.047663 0.0457675 0.0437924 0.0413275 0.0378872 0.0331502 0.0272059 0.0206249
 0.00588379 0.00963622 0.0146521 0.0209395 0.0283326 0.0363715 0.0442788 0.051156 0.0563129 0.0594838 0.0607953 0.0605849 0.0592392 0.0571214 0.0545503 0.0517931 0.0490549 0.046459 0.0440073 0.0415338 0.0387003 0.0350964 0.0304473 0.02483 0.0187395
 0.00612129 0.0100272 0.0152494 0.0217947 0.0294857 0.0378342 0.0460185 0.0530922 0.0583309 0.0614586 0.0626124 0.0621484 0.0604712 0.057958 0.0549392 0.051691 0.0484275 0.0452847 0.0422892 0.0393212 0.0361117 0.0323269 0.0277441 0.0224358 0.0168262
 0.00639024 0.0104669 0.0159158 0.022741 0.0307517 0.0394296 0.0479052 0.0551783 0.0604834 0.0635296 0.0644654 0.0636753 0.0615973 0.0586381 0.0551481 0.051413 0.0476492 0.0439962 0.0404968 0.0370698 0.0335101 0.0295578 0.0250438 0.0200405 0.0149069
 0.00661814 0.0108426 0.0164906 0.0235665 0.0318694 0.0408551 0.049612 0.0570911 0.0624878 0.0654928 0.0662573 0.0651827 0.0627319 0.0593394 0.0553818 0.0511646 0.0469156 0.042781 0.0388162 0.0349703 0.0310917 0.0269859 0.0225333 0.0178087 0.0131136
 0.00682627 0.011186 0.0170171 0.0243237 0.0328959 0.0421657 0.0511821 0.0588513 0.0643331 0.0673023 0.067913 0.0665818 0.0637921 0.0600004 0.0556053 0.0509316 0.0462223 0.041636 0.0372432 0.0330208 0.0288618 0.0246265 0.0202371 0.0157697 0.0114749
 0.00704985 0.0115485 0.0175607 0.0250871 0.0339069 0.0434295 0.0526696 0.0604939 0.0660317 0.0689448 0.0693929 0.067809 0.0646972 0.0605354 0.0557407 0.0506536 0.0455291 0.0405374 0.0357648 0.0312141 0.0268177 0.0224821 0.0181631 0.0139359 0.0100047
 0.0073011 0.0119593 0.0181825 0.0259669 0.0350753 0.0448832 0.0543553 0.0623067 0.0678334 0.0705954 0.070777 0.0688483 0.0653492 0.0607856 0.0555932 0.0501229 0.0446349 0.0393034 0.0342233 0.0294172 0.0248494 0.020464 0.0162432 0.0122583 0.00867105
 0.00744828 0.0122098 0.0185804 0.0265605 0.0359072 0.0459741 0.0556869 0.0638143 0.0694135 0.0721245 0.0721333 0.0699294 0.0660835 0.0611357 0.0555532 0.049709 0.0438756 0.038233 0.0328826 0.0278603 0.0231543 0.018737 0.0146097 0.0108378 0.00754622
 0.00752814 0.0123376 0.0187703 0.0268277 0.0362696 0.0464524 0.056301 0.0645759 0.070316 0.0731344 0.0731873 0.0709408 0.0669565 0.0617828 0.0559097 0.0497401 0.0435752 0.0376185 0.03199 0.0267434 0.0218877 0.0174166 0.0133444 0.00972924 0.00666446
 0.00757699 0.0124123 0.0188742 0.0269616 0.0364331 0.0466463 0.0565299 0.0648501 0.0706517 0.0735497 0.0736944 0.0715333 0.0675999 0.062414 0.0564476 0.0501035 0.0437011 0.0374733 0.0315737 0.0260885 0.0210559 0.0164934 0.0124267 0.00890725 0.00600172
 0.00765325 0.0125261 0.0190263 0.0271458 0.0366376 0.0468568 0.056733 0.0650358 0.0708171 0.0737027 0.0738535 0.0717229 0.0678396 0.0627056 0.056766 0.0503975 0.0439045 0.0375233 0.031429 0.0257419 0.0205379 0.0158663 0.0117711 0.00830196 0.00550447
 0.00773806 0.0126558 0.0192058 0.0273729 0.0369022 0.0471412 0.0570124 0.0652818 0.0710043 0.0738175 0.0738998 0.0717221 0.0678235 0.0627056 0.0568012 0.050465 0.0439764 0.0375533 0.0313677 0.0255559 0.0202237 0.0154542 0.011316 0.00786604 0.00513747
 0.00777046 0.0127142 0.0193037 0.0275251 0.0371195 0.0474228 0.0573401 0.0656206 0.0713105 0.0740517 0.0740376 0.0717598 0.0677771 0.0626049 0.0566804 0.0503517 0.0438817 0.0374672 0.0312634 0.0254026 0.0200028 0.0151705 0.0109979 0.00755423 0.00486943
 0.00782556 0.0127915 0.0193981 0.027626 0.0372162 0.0475118 0.0574288 0.0657235 0.0714394 0.0742051 0.074198 0.0718993 0.0678696 0.0626373 0.0566564 0.050288 0.0437983 0.0373768 0.0311656 0.0252858 0.0198539 0.0149858 0.0107891 0.00734496 0.00468498
 0.00786397 0.0128528 0.0194874 0.0277453 0.0373618 0.047672 0.0575841 0.0658517 0.0715253 0.0742477 0.0742109 0.0719008 0.0678713 0.0626379 0.0566459 0.0502566 0.0437431 0.0373016 0.0310753 0.0251819 0.0197343 0.0148497 0.0106421 0.0071997 0.0045566
 0.00788549 0.0128853 0.019532 0.0278015 0.0374286 0.0477481 0.0576673 0.0659379 0.071607 0.0743151 0.0742555 0.07192 0.0678699 0.0626253 0.0566296 0.0502385 0.0437193 0.0372667 0.0310258 0.0251168 0.0196541 0.014757 0.0105423 0.0071014 0.00446948
 0.00789736 0.0129021 0.0195526 0.0278234 0.0374486 0.0477634 0.0576774 0.0659443 0.0716133 0.0743252 0.0742717 0.071942 0.0678949 0.0626498 0.0566514 0.0502565 0.0437325 0.0372725 0.0310206 0.025097 0.0196187 0.0147074 0.0104834 0.00704029 0.00441367
 0.00789429 0.0128944 0.0195362 0.0277931 0.0373995 0.0476936 0.0575899 0.0658481 0.0715211 0.0742513 0.074228 0.0719357 0.067927 0.0627148 0.0567394 0.0503556 0.0438314 0.0373621 0.031094 0.0251495 0.019648 0.0147145 0.0104725 0.00701811 0.00438765
 0.00788346 0.0128748 0.0195031 0.0277406 0.0373224 0.0475893 0.0574608 0.0657027 0.0713732 0.0741179 0.0741262 0.0718796 0.0679247 0.0627668 0.0568384 0.0504882 0.0439812 0.0375125 0.0312311 0.0252634 0.0197333 0.0147704 0.0105023 0.00702816 0.00438563
 0.0078887 0.0128764 0.0194926 0.0277063 0.0372519 0.047475 0.0573041 0.0655152 0.0711744 0.07393 0.0739704 0.0717727 0.0678778 0.0627844 0.0569173 0.0506183 0.0441465 0.0376942 0.0314102 0.0254241 0.0198648 0.014868 0.0105671 0.00706578 0.00440375
 0.00788554 0.0128728 0.0194896 0.0277045 0.0372496 0.0474663 0.0572787 0.0654609 0.071083 0.0738028 0.0738204 0.0716217 0.0677502 0.0627003 0.0568886 0.0506472 0.0442261 0.0378108 0.0315461 0.0255611 0.0199876 0.0149668 0.0106384 0.00711147 0.00442941
 0.00787603 0.0128553 0.0194597 0.0276575 0.0371826 0.0473805 0.0571804 0.0653601 0.070989 0.0737202 0.0737487 0.0715586 0.0676966 0.0626627 0.0568774 0.0506717 0.0442905 0.0379112 0.0316716 0.0256964 0.0201168 0.0150774 0.0107234 0.00717013 0.00446553
 0.00785505 0.0128202 0.0194049 0.0275775 0.0370731 0.0472407 0.0570157 0.0651828 0.0708169 0.0735729 0.073642 0.0715011 0.067688 0.0626965 0.0569452 0.050767 0.0444095 0.0380504 0.0318251 0.0258544 0.0202671 0.0152084 0.0108273 0.00724465 0.00451372
 0.00782304 0.0127665 0.0193214 0.0274559 0.0369076 0.0470313 0.0567712 0.0649217 0.0705644 0.0733555 0.0734823 0.0714146 0.0676806 0.0627646 0.0570767 0.0509453 0.044617 0.0382722 0.0320485 0.0260686 0.0204618 0.0153743 0.0109585 0.0073399 0.0045766
 0.00779513 0.0127191 0.0192462 0.0273441 0.0367516 0.0468282 0.0565261 0.0646492 0.0702869 0.0730995 0.0732738 0.0712751 0.0676242 0.0627956 0.0571899 0.0511265 0.0448467 0.0385286 0.0323112 0.0263201 0.0206882 0.0155656 0.0111092 0.00744962 0.00464972
 0.00779404 0.0127151 0.019236 0.0273224 0.0367118 0.0467633 0.0564304 0.0645198 0.0701259 0.0729152 0.0730813 0.0710944 0.0674774 0.0627023 0.057163 0.0511697 0.044954 0.0386857 0.0324989 0.0265179 0.0208775 0.0157322 0.0112441 0.00754993 0.00471783
 0.00773543 0.0126246 0.0191088 0.0271575 0.0365126 0.0465375 0.0561901 0.0642813 0.0699066 0.0727306 0.0729423 0.0710071 0.0674448 0.0627262 0.0572443 0.0513074 0.0451427 0.0389148 0.0327523 0.0267759 0.0211205 0.0159439 0.0114143 0.00767572 0.00480284
 0.00768126 0.0125361 0.0189752 0.0269699 0.0362666 0.0462384 0.0558557 0.0639415 0.0695969 0.0724828 0.0727769 0.0709314 0.0674552 0.0628126 0.0573947 0.05151 0.0453867 0.0391886 0.0330421 0.0270651 0.0213912 0.01618 0.011605 0.00781727 0.00489892
 0.00766978 0.012511 0.0189254 0.026881 0.0361243 0.0460337 0.055591 0.0636326 0.0692714 0.0721744 0.0725192 0.0707512 0.0673681 0.0628216 0.0574915 0.0516795 0.0456108 0.0394494 0.033322 0.0273466 0.0216569 0.0164141 0.0117962 0.00796089 0.00499745
 0.0076685 0.0125112 0.0189293 0.0268904 0.0361378 0.0460436 0.0555821 0.0635852 0.0691692 0.0720127 0.0723099 0.0705213 0.067152 0.0626515 0.0573902 0.0516563 0.0456626 0.0395638 0.0334816 0.0275317 0.0218476 0.0165925 0.0119485 0.00807938 0.00508107
 0.00763974 0.0124686 0.0188731 0.026824 0.0360673 0.0459767 0.0555257 0.0635429 0.0691382 0.0719837 0.0722693 0.0704584 0.0670658 0.0625539 0.0573026 0.051602 0.0456586 0.039616 0.0335841 0.0276701 0.022003 0.0167459 0.012084 0.00818744 0.00515879
 0.00761354 0.0124264 0.0188107 0.0267384 0.0359588 0.0458501 0.0553921 0.0634184 0.0690397 0.0719227 0.0722476 0.0704667 0.0670889 0.0625774 0.0573197 0.0516167 0.0456829 0.0396632 0.0336622 0.0277775 0.0221296 0.0168765 0.0122038 0.00828551 0.00523079
 0.00758412 0.0123813 0.0187478 0.0266575 0.0358611 0.0457385 0.055271 0.0632949 0.0689237 0.0718263 0.0721821 0.0704396 0.0671004 0.06262 0.0573813 0.0516859 0.0457541 0.0397377 0.0337452 0.0278729 0.0222358 0.0169861 0.0123061 0.00837141 0.00529528
 0.00759416 0.0123922 0.0187544 0.0266518 0.0358349 0.0456867 0.0551948 0.0632014 0.0688234 0.0717297 0.0720978 0.0703742 0.0670586 0.0626044 0.0573914 0.0517175 0.0458008 0.0397942 0.033809 0.0279437 0.0223128 0.0170658 0.0123824 0.00843751 0.00534654
 0.00755948 0.0123442 0.0186972 0.0265935 0.0357842 0.0456479 0.0551647 0.063171 0.0687836 0.0716767 0.072036 0.0703139 0.0670116 0.0625798 0.0573931 0.051745 0.0458502 0.0398594 0.033884 0.0280235 0.0223937 0.0171439 0.0124535 0.00849736 0.00539248
 0.00753649 0.0123049 0.0186352 0.0265034 0.0356647 0.0455056 0.0550157 0.0630376 0.0686861 0.0716246 0.0720256 0.0703327 0.0670465 0.0626235 0.0574448 0.0518071 0.0459244 0.039945 0.0339773 0.0281196 0.022487 0.0172297 0.0125279 0.00855749 0.00543725
 0.007533 0.0122966 0.0186176 0.0264703 0.0356092 0.0454223 0.0549039 0.0629033 0.0685428 0.0714917 0.0719228 0.0702737 0.0670349 0.0626528 0.0575034 0.0518838 0.0460118 0.040039 0.0340751 0.0282179 0.0225815 0.0173157 0.0126012 0.00861573 0.00547986
 0.00751951 0.0122761 0.0185894 0.0264342 0.0355649 0.0453687 0.0548387 0.0628244 0.0684499 0.0713886 0.0718187 0.0701826 0.0669714 0.0626279 0.0575203 0.0519378 0.046093 0.0401365 0.0341796 0.0283223 0.0226802 0.017404 0.0126755 0.00867386 0.00552178
 0.00750186 0.0122483 0.0185491 0.0263802 0.0354977 0.0452907 0.0547547 0.0627406 0.068372 0.0713199 0.0717603 0.0701344 0.0669356 0.0626093 0.0575254 0.0519713 0.0461551 0.040222 0.0342798 0.0284274 0.0227817 0.017495 0.0127514 0.00873262 0.00556368
 0.00751487 0.0122695 0.0185809 0.0264243 0.0355539 0.045356 0.0548223 0.0628002 0.0684129 0.0713336 0.0717425 0.0700858 0.0668613 0.0625179 0.0574284 0.0518812 0.0460834 0.0401759 0.0342612 0.0284327 0.0228037 0.0175258 0.0127839 0.00876162 0.00558641
 0.00750038 0.0122499 0.0185589 0.026405 0.0355436 0.0453603 0.0548437 0.0628375 0.0684605 0.0713832 0.0717846 0.0701118 0.0668655 0.0624991 0.0573902 0.0518314 0.0460318 0.0401327 0.0342335 0.0284234 0.022811 0.0175445 0.0128075 0.00878467 0.00560537
 0.00747337 0.012205 0.0184899 0.0263069 0.0354152 0.0452075 0.0546817 0.0626892 0.0683504 0.0713289 0.0717913 0.0701718 0.066962 0.0626124 0.0575032 0.051933 0.0461179 0.0402048 0.0342965 0.0284818 0.022867 0.0175975 0.0128549 0.00882352 0.00563431
 0.00747337 0.012205 0.0184899 0.0263069 0.0354152 0.0452075 0.0546817 0.0626892 0.0683504 0.0713289 0.0717913 0.0701718 0.066962 0.0626124 0.0575032 0.051933 0.0461179 0.0402048 0.0342965 0.0284818 0.022867 0.0175975 0.0128549 0.00882352 0.00563431
 0.00713747 0.0116672 0.0176985 0.025226 0.0340397 0.0435828 0.0529199 0.0609654 0.0668705 0.0702789 0.071292 0.0702565 0.0675806 0.0636529 0.0588218 0.053384 0.0475765 0.0415786 0.0355259 0.029535 0.0237321 0.0182763 0.0133601 0.00917689 0.00586417
 0.00717078 0.0116837 0.0176527 0.0250504 0.0336594 0.0429408 0.0520029 0.0598173 0.0655904 0.0690056 0.0701806 0.069451 0.0671846 0.0637077 0.0592987 0.0541955 0.0486006 0.0426882 0.036612 0.0305187 0.0245665 0.0189423 0.0138597 0.00952737 0.00609238
 0.00713359 0.011638 0.0176087 0.0250191 0.0336398 0.0429048 0.0518886 0.0595428 0.0650869 0.0682562 0.0692426 0.0684497 0.0662814 0.063056 0.0590051 0.0542957 0.0490571 0.0434066 0.0374709 0.0313993 0.0253752 0.0196205 0.0143836 0.00990068 0.00633734
 0.00704279 0.011496 0.0174068 0.0247563 0.0333261 0.042563 0.0515506 0.0592378 0.0648229 0.0680084 0.068962 0.0680938 0.0658496 0.0626075 0.0586442 0.054133 0.0491659 0.0437965 0.0380861 0.0321414 0.0261351 0.0203075 0.0149419 0.010312 0.00661276
 0.00696009 0.0113606 0.0172018 0.0244666 0.0329436 0.0420935 0.0510207 0.058695 0.0643262 0.0676097 0.0686874 0.0679333 0.0657655 0.0625592 0.0586171 0.0541535 0.0492906 0.0440797 0.0385463 0.0327458 0.0268095 0.020964 0.0155079 0.010748 0.00691429
 0.00693637 0.0113193 0.017134 0.0243613 0.0327888 0.0418789 0.0507415 0.0583563 0.0639457 0.0672178 0.0683227 0.0676326 0.0655523 0.062436 0.0585706 0.0541698 0.0493717 0.0442461 0.0388224 0.0331365 0.0272862 0.0214695 0.0159774 0.0111327 0.00719355
 0.00691653 0.0112926 0.0171036 0.0243324 0.0327654 0.0418591 0.050715 0.0583051 0.0638497 0.0670631 0.0681088 0.0673757 0.0652819 0.0621863 0.0583701 0.0540363 0.0493139 0.0442708 0.0389377 0.033346 0.027578 0.0218106 0.0163212 0.0114344 0.00742568
#pred catch len freq
 0.00430202 0.00679749 0.00989717 0.0135202 0.0176198 0.0221672 0.027082 0.0321922 0.0372624 0.0420497 0.0463413 0.0499747 0.0528543 0.0549623 0.0563559 0.0571591 0.0575515 0.0577326 0.0578248 0.0577145 0.056918 0.0546327 0.050077 0.042999 0.0340119
 0.00442 0.00693362 0.0100024 0.0135232 0.0174567 0.0218227 0.0266153 0.0317243 0.0369249 0.0419264 0.0464395 0.0502422 0.0532261 0.0554037 0.0568751 0.0577848 0.0582885 0.0585202 0.0585246 0.0581433 0.0569197 0.0541552 0.0492088 0.0419378 0.0329811
 0.00465955 0.00729564 0.0104919 0.0141156 0.0180916 0.0224043 0.0270261 0.0318592 0.0367398 0.0414739 0.0458599 0.049706 0.0528626 0.0552629 0.0569416 0.0580168 0.0586431 0.0589452 0.0589328 0.0584058 0.0569005 0.0537752 0.0484972 0.0410305 0.0320622
 0.00488538 0.00765347 0.0110131 0.0148225 0.0189923 0.0234815 0.0282222 0.033065 0.0378009 0.042224 0.0461762 0.0495617 0.0523457 0.0545422 0.0561983 0.0573811 0.0581663 0.0586063 0.0586572 0.0580852 0.0564229 0.0530695 0.047575 0.0399929 0.0310592
 0.00512045 0.00802361 0.0115493 0.0155498 0.0199301 0.0246421 0.0296017 0.0346281 0.0394653 0.0438522 0.0475856 0.0505598 0.0527865 0.0543812 0.0555132 0.0563409 0.0569631 0.0573846 0.0574762 0.0569242 0.0552212 0.0517819 0.0462167 0.0386494 0.0298528
 0.00543309 0.00850484 0.0122247 0.0164297 0.0210144 0.0259269 0.0310798 0.0362819 0.0412554 0.0457062 0.0493887 0.0521546 0.053989 0.0550196 0.0554794 0.055632 0.055685 0.0557107 0.0555819 0.0549361 0.0532082 0.0497867 0.0442979 0.0368989 0.0283745
 0.00578202 0.00904326 0.0129822 0.0174171 0.0222268 0.0273479 0.0326818 0.0380241 0.0430844 0.0475575 0.0511872 0.0538081 0.0553811 0.0560097 0.0559216 0.0554121 0.0547621 0.0541396 0.0535 0.0525224 0.0506421 0.0472298 0.0418965 0.0347861 0.0266548
 0.00609394 0.00953562 0.0136966 0.0183845 0.0234654 0.0288583 0.0344392 0.0399719 0.0451364 0.0496102 0.0531333 0.0555471 0.0568204 0.0570591 0.056485 0.0553901 0.0540715 0.0527474 0.0514529 0.0499548 0.0477573 0.0442659 0.03909 0.0323373 0.024696
 0.00638843 0.00999704 0.0143605 0.0192774 0.0246067 0.0302605 0.0361016 0.0418693 0.0472092 0.0517615 0.0552373 0.0574658 0.0584234 0.0582374 0.0571523 0.0554743 0.0535098 0.0514966 0.049517 0.0474162 0.0447921 0.0411277 0.0360642 0.0296791 0.0225744
 0.00672005 0.010509 0.0150818 0.020221 0.0257733 0.0316441 0.0376894 0.0436363 0.0491125 0.0537365 0.0571966 0.0593014 0.0600146 0.0594627 0.0579026 0.05566 0.0530628 0.0503728 0.0477105 0.0449862 0.041888 0.0379908 0.0329904 0.0269502 0.0203861
 0.00708385 0.011072 0.015877 0.0212622 0.0270574 0.0331529 0.0393886 0.0454728 0.0510154 0.0556252 0.0589883 0.0609157 0.0613727 0.0604855 0.0585096 0.0557718 0.0526062 0.0492919 0.0459845 0.0426555 0.0390803 0.0349288 0.0299615 0.0242396 0.0182006
 0.00739634 0.0115655 0.0165935 0.0222328 0.0282997 0.0346657 0.0411426 0.047404 0.053028 0.0576037 0.0608157 0.062488 0.062609 0.0613287 0.0589194 0.0557126 0.0520394 0.0481784 0.0443022 0.0404295 0.0364145 0.032019 0.0270722 0.0216422 0.0160975
 0.00770461 0.0120437 0.0172719 0.0231292 0.0294224 0.036017 0.0427144 0.0491677 0.0549232 0.0595347 0.0626583 0.0641084 0.0638866 0.0621752 0.0592846 0.055577 0.0513982 0.0470297 0.0426509 0.0383088 0.0339163 0.0293131 0.0243915 0.0192309 0.0141416
 0.00807437 0.0126087 0.0180557 0.0241322 0.0306265 0.0373934 0.0442276 0.0507737 0.0565681 0.061155 0.0641815 0.0654529 0.0649645 0.0629016 0.0595899 0.0554166 0.050754 0.0459053 0.0410683 0.0363163 0.0316075 0.026841 0.0219595 0.0170507 0.012375
 0.00851808 0.0132889 0.0190033 0.0253492 0.0320896 0.0390585 0.0460308 0.0526299 0.0583761 0.0628097 0.0655897 0.0665434 0.0656903 0.0632348 0.059515 0.0549254 0.0498452 0.0445874 0.0393665 0.0342834 0.0293365 0.0244735 0.0196745 0.0150292 0.0107511
 0.0088523 0.0138115 0.0197513 0.0263445 0.0333363 0.0405401 0.0477029 0.0544154 0.0601682 0.0644864 0.0670318 0.0676521 0.0663989 0.0635129 0.0593634 0.0543644 0.0489027 0.0432929 0.0377551 0.0324074 0.0272809 0.0223623 0.0176606 0.0132635 0.0093423
 0.00910439 0.0142067 0.0203201 0.0271085 0.034309 0.0417253 0.0490881 0.0559619 0.0618042 0.0661081 0.0685142 0.0688681 0.0672418 0.0639148 0.0593023 0.0538588 0.0479973 0.0420444 0.0362244 0.0306635 0.0254104 0.0204767 0.015889 0.0117288 0.00812899
 0.00917044 0.0143147 0.0204849 0.0273481 0.0346451 0.0421834 0.0496939 0.0567342 0.0627451 0.0671926 0.0696838 0.0700313 0.0682859 0.0647252 0.0597851 0.0539573 0.0476978 0.0413716 0.0352317 0.0294247 0.0240173 0.0190374 0.01452 0.0105356 0.00718303
