SBPRF35
12.7214
Curr Bio
817175
B35
867254
F35
0.170558
FOFL
0.161953
OFL
110167
Bzero
3.63469e+006
#pred survey bio
 3.67267e+006 3.5188e+006 3.37874e+006 3.22003e+006 3.02475e+006 2.76195e+006 2.52149e+006 2.28676e+006 2.0579e+006 1.84332e+006 1.63787e+006 1.453e+006 1.27759e+006 1.1386e+006 989557 884376 785598 721512 691191 656199 628301 595678 572899 559179 549197 537552 544582 539578 543975 541568 546273 554640 561032 575422 588275 613447 637370 648671 650947 644703 648197 657145 666747 671497 667777 667485 671518 664308 652310 647159 657510 707457 722242 745217 772235 801490 817875 823254 2.91108e+007 1.73585e+007 1.76106e+007 1.8467e+007 1.97146e+007 2.11139e+007 2.24859e+007 2.37238e+007 2.47803e+007 2.56482e+007 2.63421e+007 2.68868e+007 2.73089e+007 2.76333e+007 2.78814e+007 2.80708e+007 2.82153e+007 2.83259e+007 2.84106e+007 2.84758e+007 2.85262e+007 2.85653e+007 2.85957e+007 2.86196e+007 2.86384e+007 2.86533e+007 2.8665e+007 2.86744e+007 2.86819e+007 2.86878e+007 2.86926e+007 2.86965e+007 2.86996e+007 2.87021e+007 2.87042e+007 2.87058e+007 2.87072e+007 2.87083e+007 2.87092e+007 2.87099e+007 2.87105e+007 2.8711e+007 2.87114e+007 2.87117e+007 2.8712e+007 2.87122e+007 2.87124e+007 2.87125e+007 2.87126e+007 2.87127e+007 2.87128e+007 2.87129e+007 2.87129e+007 2.8713e+007 2.8713e+007 2.8713e+007 2.87131e+007 2.87131e+007 2.87131e+007 2.87131e+007 2.87131e+007 2.87131e+007 2.87131e+007 2.87131e+007 2.87131e+007 2.87131e+007 2.87131e+007 2.87132e+007 2.87132e+007 2.87132e+007 2.87132e+007 2.87132e+007 2.87132e+007 2.87132e+007 2.87132e+007 2.87132e+007 2.87132e+007 2.87132e+007 2.87132e+007 2.87132e+007 2.87132e+007 2.87132e+007 2.87132e+007 2.87132e+007 2.87132e+007 2.87132e+007 2.87132e+007 2.87132e+007 2.87132e+007 2.87132e+007 2.87132e+007 2.87132e+007 2.87132e+007 2.87132e+007 2.87132e+007 2.87132e+007 2.87132e+007 2.87132e+007 2.87132e+007 2.87132e+007 0 0 0 0 0 0 0 0 0 0 0 0 0 0 0 0 0 0 0 0 0 0 0 0 0
#obs survey bio
 3.31653e+006 4.35949e+006 4.6494e+006 2.29191e+006 2.85359e+006 2.76695e+006 1.92932e+006 1.52992e+006 1.96713e+006 1.25978e+006 2.26806e+006 1.16197e+006 1.36788e+006 1.31364e+006 887526 774418 695736 412923 626186 536171 726959 555839 817866 436372 417745 616961 327899 835068 495073 428471 543092 490799 441731 681595 698471 636861 619989 669392 741429 718162 499870 727169 854476 676473 708583 709370 685485 605912 877733 410110 742530 735586 711671 604996 750782 936055 760071 933691
#pred catch bio
 110192 108089 138113 186219 265123 262920 276107 288197 290204 293765 284190 281339 251807 260586 220838 213429 181204 151288 153586 144214 143979 131788 121895 117616 118095 102231 111702 102050 106529 99918.3 96975.7 98795.9 92649.7 94891.3 85509.7 87603 98370.9 105179 110964 101935 98078.3 98536 103073 109852 106327 102660 111980 114855 108019 95204.8 63955.5 95534.7 88391.2 85742.9 84871.4 96446.6 105628 102468 110167 114559 114942 119428 127022 135724 144212 151766 158087 163152 167081 170055 172265 173883 175054 175895 176493 176916 177215 177424 177570 177673 177744 177794 177828 177852 177868 177880 177888 177893 177897 177899 177901 177902 177903 177904 177904 177905 177905 177905 177905 177905 177905 177905 177905 177905 177905 177905 177905 177905 177905 177905 177905 177905 177905 177905 177905 177905 177905 177905 177905 177905 177905 177905 177905 177905 177905 177905 177905 177905 177905 177905 177905 177905 177905 177905 177905 177905 177905 177905 177905 177905 177905 177905 177905 177905 177905 177905 177905 177905 177905 177905 177905 177905 177905 177905 177905 177905 177905 177905 0 0 0 0 0 0 0 0 0 0 0 0 0 0 0 0 0 0 0 0 0 0 0 0 0
#obs catch bio
 0 107790 137768 185792 265326 262204 275700 289035 291207 295203 283664 283583 251604 260890 220657 213856 182139 152821 155197 145646 144711 131836 122158 118170 119410 102870 113794 102147 106603 100227 97230.5 99186.6 92823 95297.9 85670 87490 97891.9 104565 110396 101007 97838.1 98385.5 102589 109460 105722 102131 111668 114730 107505 95439.7 63428.1 95672.1 88317.1 85808.1 84832 96458.8 105923 102436
#pred cpue bio
 3.63431e+006 3.48193e+006 3.3419e+006 3.18292e+006 2.98781e+006 2.72555e+006 2.48543e+006 2.25093e+006 2.02253e+006 1.80871e+006 1.60424e+006 1.42029e+006 1.24615e+006 1.10835e+006 960835 856589 758932 695655 665861 631798 604853 573282 551072 537628 527763 516330 523310 518857 523654 521415 526006 534318 540718 554866 567572 592541 616380 627685 630030 624016 627357 635976 645441 650233 646676 646401 650343 643285 631586 626533 636639 685994 700968 723701 750299 779212 795458 800788 2.83233e+007 1.68857e+007 1.70003e+007 1.77388e+007 1.89562e+007 2.03503e+007 2.17215e+007 2.29593e+007 2.40158e+007 2.48837e+007 2.55776e+007 2.61223e+007 2.65444e+007 2.68688e+007 2.71169e+007 2.73063e+007 2.74508e+007 2.75614e+007 2.76461e+007 2.77113e+007 2.77617e+007 2.78008e+007 2.78312e+007 2.78551e+007 2.78739e+007 2.78888e+007 2.79005e+007 2.79099e+007 2.79173e+007 2.79233e+007 2.79281e+007 2.7932e+007 2.79351e+007 2.79376e+007 2.79397e+007 2.79413e+007 2.79427e+007 2.79438e+007 2.79447e+007 2.79454e+007 2.7946e+007 2.79465e+007 2.79469e+007 2.79472e+007 2.79475e+007 2.79477e+007 2.79479e+007 2.7948e+007 2.79481e+007 2.79482e+007 2.79483e+007 2.79484e+007 2.79484e+007 2.79485e+007 2.79485e+007 2.79485e+007 2.79486e+007 2.79486e+007 2.79486e+007 2.79486e+007 2.79486e+007 2.79486e+007 2.79486e+007 2.79486e+007 2.79486e+007 2.79486e+007 2.79486e+007 2.79486e+007 2.79487e+007 2.79487e+007 2.79487e+007 2.79487e+007 2.79487e+007 2.79487e+007 2.79487e+007 2.79487e+007 2.79487e+007 2.79487e+007 2.79487e+007 2.79487e+007 2.79487e+007 2.79487e+007 2.79487e+007 2.79487e+007 2.79487e+007 2.79487e+007 2.79487e+007 2.79487e+007 2.79487e+007 2.79487e+007 2.79487e+007 2.79487e+007 2.79487e+007 2.79487e+007 2.79487e+007 2.79487e+007 2.79487e+007 2.79487e+007 2.79487e+007 2.79487e+007 0 0 0 0 0 0 0 0 0 0 0 0 0 0 0 0 0 0 0 0 0 0 0 0 0
#obs cpue bio
 3.0291e+006 4.54081e+006 3.56265e+006 3.50372e+006 2.81759e+006 2.86997e+006 2.88965e+006 2.08789e+006 1.9304e+006 2.37564e+006 1.87466e+006 925302 1.75024e+006 991550 1.03646e+006 919916 648780 691607 724996 641921 670590 728296 330990 549887 461074 413901 421159 761980 643407 500322 513445 561728 684408 422847 463743 776249 986093 686161 602572 810620 506202 551242 703607 659768 748242 587438 605128 648707 659994 640312 836738 605185 614802 756417 793829 725390 681522 848396
#pred surv len freq
 0.00416579 0.00685945 0.0105037 0.0151403 0.020691 0.026867 0.0331509 0.0389373 0.0437627 0.0474512 0.050082 0.0518537 0.0529688 0.0535891 0.0538397 0.0538343 0.0536996 0.0535709 0.0535182 0.0534011 0.0527365 0.0507391 0.0466374 0.0401564 0.0318438
 0.00446597 0.00726452 0.0109625 0.0155604 0.020972 0.0269495 0.0330491 0.0387293 0.0435449 0.0472859 0.0499773 0.0517842 0.0529188 0.0535842 0.0539445 0.054116 0.054178 0.0541798 0.0541026 0.05376 0.0527008 0.0502486 0.0457744 0.0391122 0.0308347
 0.00457785 0.00749604 0.0113958 0.0162845 0.0220393 0.0283205 0.0345621 0.0401333 0.0445923 0.047835 0.0500356 0.0514726 0.0523932 0.0529755 0.0533447 0.0535914 0.0537729 0.0538966 0.0538769 0.0534636 0.0521905 0.049441 0.0447004 0.0379126 0.0296959
 0.00472433 0.00772052 0.0117131 0.0167116 0.0226069 0.029079 0.0355683 0.0414109 0.0460819 0.0493699 0.0513767 0.0523943 0.052773 0.0528307 0.0528017 0.0528185 0.0529192 0.0530557 0.0530704 0.0526457 0.0512791 0.0483737 0.0434884 0.0366532 0.0285332
 0.00488244 0.0079863 0.0121279 0.0173165 0.0234307 0.0301245 0.0368046 0.0427809 0.0475219 0.0508212 0.052773 0.0536356 0.0537193 0.0533371 0.0527798 0.0522795 0.0519671 0.0518362 0.0517094 0.0512126 0.0497906 0.0468331 0.0419312 0.0351667 0.0272318
 0.00513818 0.00839735 0.0127384 0.0181656 0.0245474 0.0315166 0.0384456 0.0446016 0.0494154 0.0526631 0.0544449 0.0550403 0.0547779 0.0539766 0.0529276 0.0518805 0.0510146 0.0503897 0.0498826 0.0491378 0.0475898 0.0446146 0.0398049 0.0332514 0.0256374
 0.00541255 0.00883841 0.0133929 0.0190738 0.0257358 0.0329876 0.0401654 0.0464971 0.051384 0.0545902 0.0562199 0.0565641 0.0559653 0.0547545 0.0532325 0.051658 0.050228 0.049038 0.0480183 0.0468706 0.0450745 0.0420308 0.0373373 0.0310681 0.0238625
 0.00564403 0.00922719 0.0140007 0.0199652 0.0269634 0.0345701 0.0420667 0.0486209 0.0535919 0.0567326 0.0581636 0.0582046 0.0572255 0.0555768 0.0535696 0.0514673 0.0494726 0.0476988 0.0461142 0.0444802 0.042346 0.039172 0.0345837 0.028637 0.0219053
 0.00585014 0.00957058 0.014534 0.0207452 0.0280431 0.0359832 0.0438094 0.0506395 0.0557836 0.0589591 0.0602717 0.0600485 0.058685 0.0565662 0.0540351 0.0513755 0.0488002 0.046432 0.0442638 0.0421074 0.0395849 0.0362324 0.0317212 0.0260969 0.0198615
 0.00607744 0.00993892 0.0150868 0.0215237 0.0290814 0.0372985 0.0453909 0.0524425 0.0577322 0.060956 0.0622076 0.0618087 0.0601557 0.0576435 0.0546339 0.0514337 0.048278 0.0453103 0.0425512 0.0398588 0.036925 0.0333632 0.0288993 0.0235761 0.0178265
 0.00635108 0.0103813 0.0157475 0.0224466 0.0302951 0.0388035 0.0471462 0.0543637 0.0597061 0.0628656 0.063952 0.0633093 0.0613507 0.0584783 0.0550543 0.051386 0.0477129 0.0441927 0.0408745 0.0376652 0.0343275 0.0305537 0.0261268 0.0210922 0.0158174
 0.00654308 0.0107126 0.0162813 0.0232524 0.0314329 0.0402975 0.0489614 0.0563995 0.0618153 0.0648884 0.0657484 0.0647776 0.0624303 0.0591406 0.055288 0.0511809 0.0470514 0.0430526 0.0392452 0.0355748 0.0318695 0.0278992 0.0235054 0.0187399 0.013912
 0.00677815 0.011092 0.0168483 0.0240487 0.0324941 0.0416447 0.0505872 0.0582552 0.0638064 0.0668824 0.0675933 0.0663275 0.0635709 0.0598053 0.0554572 0.0508665 0.0462756 0.0418337 0.0376009 0.0335418 0.029532 0.0254062 0.0210591 0.0165515 0.0121414
 0.00698069 0.0114202 0.0173403 0.0247388 0.0334068 0.0427849 0.0519311 0.0597489 0.0653753 0.0684446 0.0690673 0.0676319 0.0646223 0.0605233 0.0557766 0.0507484 0.0457097 0.0408327 0.0361942 0.0317803 0.0275023 0.023243 0.0189379 0.0146536 0.0106048
 0.0073454 0.0120007 0.0181899 0.0258959 0.0348848 0.0445577 0.0539196 0.0618205 0.0673657 0.0701945 0.0704559 0.0685925 0.0651372 0.0606064 0.0554534 0.0500431 0.0446424 0.039424 0.0344747 0.029802 0.0253504 0.0210423 0.0168429 0.012818 0.00914018
 0.00754652 0.012338 0.018716 0.0266652 0.03594 0.04591 0.0555297 0.0635931 0.0691646 0.0718709 0.0718764 0.0696573 0.0657879 0.0608251 0.0552549 0.049461 0.0437162 0.0381916 0.0329753 0.0280871 0.0234971 0.0191594 0.015062 0.0112666 0.00790815
 0.00778433 0.012722 0.0192891 0.0274662 0.0369964 0.0472267 0.0570753 0.065292 0.0709019 0.0735096 0.0732797 0.0707096 0.0664109 0.060986 0.0549641 0.0487619 0.0426695 0.0368626 0.0314278 0.0263874 0.0217233 0.0174082 0.0134426 0.00988051 0.00682228
 0.00789513 0.0129025 0.0195621 0.0278544 0.03752 0.047899 0.0578961 0.0662441 0.0719503 0.0746032 0.0743528 0.0716841 0.0672022 0.0615141 0.0551688 0.0486141 0.0421748 0.0360566 0.0303672 0.0251431 0.0203787 0.0160575 0.0121838 0.00879998 0.00597544
 0.00780889 0.0127747 0.0193938 0.0276574 0.0373175 0.0477247 0.0577931 0.066261 0.0721336 0.0749856 0.0749411 0.0724503 0.0680818 0.0624128 0.0559775 0.0492294 0.042519 0.0360913 0.0300974 0.0246124 0.0196604 0.0152434 0.0113704 0.00807208 0.00539009
 0.00777608 0.0127272 0.0193336 0.0275905 0.0372539 0.0476764 0.0577732 0.0662832 0.0722122 0.0751349 0.0751739 0.0727744 0.0684945 0.0628939 0.0564841 0.0496978 0.0428755 0.0362699 0.0300581 0.0243535 0.0192191 0.0146877 0.0107826 0.00752873 0.00494504
 0.00775298 0.012686 0.0192652 0.0274859 0.0371078 0.0474932 0.0575707 0.0660915 0.072067 0.0750679 0.0752059 0.0729139 0.068739 0.0632313 0.0568909 0.0501358 0.043292 0.0366043 0.0302555 0.0243814 0.0190792 0.0144166 0.0104407 0.00718136 0.00464411
 0.00793899 0.0129551 0.019608 0.0278709 0.0374885 0.0478207 0.0578055 0.0662099 0.0720635 0.0749555 0.0750143 0.0726837 0.068513 0.0630459 0.0567692 0.0500834 0.0432945 0.0366294 0.0302607 0.0243271 0.0189438 0.014205 0.0101823 0.0069179 0.00441336
 0.0080538 0.0131424 0.0198889 0.0282597 0.0379829 0.0483902 0.0583855 0.066711 0.0723977 0.0750678 0.0749014 0.0723904 0.0681115 0.0626115 0.0563629 0.0497433 0.0430347 0.0364414 0.0301193 0.0241995 0.0188018 0.0140359 0.00999254 0.00672787 0.00424608
 0.00816591 0.013307 0.0201046 0.028516 0.0382652 0.0486872 0.0586913 0.0670193 0.0726915 0.0753135 0.0750545 0.0724129 0.0679903 0.0623667 0.0560408 0.0493999 0.042717 0.0361761 0.0299104 0.0240334 0.0186581 0.0138978 0.00985453 0.00659551 0.0041304
 0.00816678 0.0133257 0.0201635 0.0286433 0.0384845 0.0490021 0.0590761 0.0674236 0.0730584 0.0755998 0.0752399 0.0724936 0.0679685 0.0622459 0.0558305 0.049122 0.0424051 0.0358673 0.0296329 0.0238002 0.0184672 0.01374 0.00972109 0.00648281 0.00403922
 0.00820826 0.0133857 0.0202412 0.0287364 0.0385937 0.049136 0.0592511 0.0676553 0.0733476 0.0759227 0.0755504 0.0727386 0.0681071 0.0622603 0.0557257 0.0489189 0.0421342 0.0355629 0.0293285 0.0235221 0.0182304 0.0135483 0.00957091 0.0063684 0.00395526
 0.00792188 0.012964 0.0196882 0.0280848 0.037897 0.0484545 0.0586427 0.0671744 0.0730457 0.0758438 0.0757178 0.0731412 0.0686935 0.0629485 0.0564253 0.0495539 0.0426576 0.0359592 0.0296064 0.0237035 0.0183406 0.0136092 0.00959914 0.00637595 0.00395122
 0.00786309 0.0128465 0.0194735 0.0277302 0.0373741 0.0477742 0.0578707 0.0664223 0.0724365 0.0754696 0.0756163 0.0732986 0.0690641 0.0634731 0.0570388 0.0501902 0.0432557 0.036473 0.0300118 0.0239986 0.0185393 0.0137329 0.00966955 0.00641141 0.00396574
 0.00793809 0.0129304 0.0195282 0.0276941 0.037175 0.0473531 0.0572077 0.0655534 0.0714555 0.0745133 0.0748336 0.0728124 0.0689385 0.0637005 0.057552 0.0508883 0.0440318 0.0372339 0.0306892 0.0245536 0.0189607 0.0140302 0.00986451 0.00652991 0.004032
 0.00800276 0.0130473 0.0197226 0.027988 0.0375704 0.0478121 0.057642 0.0658383 0.0714718 0.0741986 0.0742159 0.0720063 0.0681069 0.0630009 0.0570913 0.0507012 0.0440867 0.0374572 0.030995 0.0248676 0.0192333 0.0142385 0.010007 0.00661771 0.00408073
 0.00794481 0.0129606 0.0196076 0.0278537 0.0374366 0.0477083 0.0576003 0.0658797 0.0715876 0.0743405 0.0743074 0.0719763 0.0679288 0.0627118 0.0567783 0.050463 0.0439927 0.0375246 0.031192 0.0251348 0.019509 0.014478 0.0101887 0.00674017 0.00415464
 0.00788632 0.012861 0.0194502 0.0276227 0.0371235 0.0473215 0.0571733 0.0654698 0.0712632 0.074158 0.0742887 0.0720981 0.068131 0.0629245 0.0569543 0.0505973 0.0441165 0.03768 0.0314035 0.0253962 0.0197895 0.0147394 0.0104024 0.00689476 0.00425417
 0.00791874 0.0128994 0.0194811 0.0276236 0.0370672 0.0471847 0.0569455 0.06516 0.0709017 0.0737932 0.0739776 0.071891 0.0680544 0.0629714 0.0570889 0.0507738 0.0443014 0.037863 0.0315918 0.0255982 0.0200018 0.0149457 0.0105823 0.00703397 0.00434955
 0.00782248 0.0127582 0.0192963 0.0274045 0.0368261 0.0469298 0.0566771 0.064874 0.0705977 0.073484 0.0736928 0.0716723 0.0679436 0.0629955 0.0572496 0.051046 0.0446428 0.0382299 0.0319522 0.0259342 0.0203047 0.0152086 0.0107979 0.00719744 0.00446227
 0.0077122 0.0125856 0.0190502 0.0270813 0.0364338 0.0464907 0.0562283 0.0644612 0.0702622 0.0732489 0.0735592 0.0716272 0.0679746 0.0631004 0.057434 0.0513129 0.0449827 0.0386187 0.0323572 0.0263242 0.0206559 0.0155064 0.0110353 0.0073738 0.00458294
 0.00754948 0.0123193 0.0186472 0.0265134 0.0356871 0.0455801 0.0552101 0.0634326 0.0693435 0.0725536 0.0731645 0.0715589 0.0682084 0.0635775 0.0580826 0.052066 0.0457857 0.0394277 0.033134 0.0270347 0.0212723 0.0160109 0.0114227 0.00765114 0.00476652
 0.00746725 0.012177 0.0184168 0.0261628 0.0351866 0.0449138 0.054388 0.0624987 0.0683745 0.0716485 0.0724282 0.0710819 0.0680477 0.0637439 0.0585408 0.052747 0.0466066 0.0403084 0.0340067 0.0278461 0.0219832 0.0165967 0.0118743 0.00797454 0.00498016
 0.00742594 0.0121195 0.0183471 0.0260868 0.0351062 0.044818 0.0542492 0.062278 0.0680375 0.0711847 0.0718644 0.0704833 0.0675043 0.0633472 0.0583587 0.052807 0.0468912 0.0407653 0.0345658 0.0284359 0.0225432 0.0170835 0.0122635 0.00826073 0.00517287
 0.00738202 0.0120573 0.0182708 0.0260072 0.0350382 0.0447764 0.0542419 0.0622999 0.0680657 0.0711797 0.0717809 0.0702893 0.0672007 0.0629763 0.0579951 0.0525332 0.04677 0.0408206 0.0347794 0.028759 0.0229142 0.0174453 0.012575 0.00850123 0.00534032
 0.00753225 0.0122683 0.0185274 0.0262756 0.0352772 0.0449542 0.0543488 0.0623476 0.068075 0.0711638 0.0717345 0.0701893 0.0670186 0.0626968 0.0576316 0.0521319 0.046398 0.0405428 0.0346359 0.0287533 0.0230169 0.0176093 0.0127529 0.00865836 0.00545951
 0.00758679 0.0123621 0.0186759 0.0264911 0.0355596 0.0452808 0.0546704 0.0625998 0.068203 0.0711474 0.0715955 0.0699752 0.0667742 0.0624446 0.0573725 0.0518618 0.0461259 0.0402964 0.0344513 0.028657 0.0230126 0.0176768 0.0128585 0.0087687 0.00555205
 0.00749327 0.0122309 0.0185178 0.0263309 0.0354317 0.0452188 0.0546968 0.0627171 0.0683898 0.0713619 0.0717881 0.0701063 0.0668283 0.0624307 0.057312 0.0517752 0.0460275 0.0401988 0.0343707 0.0286117 0.0230147 0.0177247 0.012937 0.00885597 0.00562946
 0.00741611 0.0121028 0.0183215 0.0260534 0.0350718 0.0447979 0.0542645 0.0623448 0.0681501 0.0713014 0.0719092 0.0703677 0.0671631 0.0627721 0.057613 0.0520153 0.0462077 0.040332 0.034474 0.028702 0.0231052 0.0178212 0.0130364 0.00894945 0.00570733
 0.00736741 0.0120278 0.0182159 0.0259142 0.0348966 0.044584 0.0540115 0.0620609 0.0678585 0.0710422 0.0717312 0.0703115 0.0672433 0.0629695 0.0578825 0.0523039 0.0464734 0.040553 0.0346481 0.028839 0.0232185 0.0179209 0.0131265 0.00902841 0.0057714
 0.007414 0.012094 0.0182978 0.0260021 0.034977 0.0446437 0.0540398 0.0620496 0.0678013 0.0709361 0.0715813 0.0701361 0.0670733 0.062839 0.0578148 0.0523016 0.0465191 0.0406204 0.034715 0.0288945 0.0232626 0.0179587 0.0131625 0.00906313 0.00580269
 0.00743988 0.012135 0.0183571 0.0260805 0.0350712 0.0447447 0.0541321 0.0621141 0.0678208 0.070901 0.071493 0.0700056 0.0669187 0.0626828 0.0576804 0.0522082 0.0464755 0.0406221 0.0347473 0.0289404 0.0233094 0.0180006 0.0131984 0.00909367 0.00582778
 0.00738356 0.0120545 0.0182565 0.025971 0.0349682 0.0446627 0.0540807 0.0620954 0.0678295 0.0709268 0.0715229 0.0700286 0.0669286 0.0626805 0.0576735 0.0522081 0.0464936 0.0406647 0.034813 0.0290207 0.0233926 0.0180768 0.0132618 0.00914251 0.00586301
 0.00735165 0.0120119 0.0182099 0.0259331 0.0349551 0.0446894 0.0541557 0.0622176 0.0679867 0.0710967 0.0716776 0.0701404 0.0669782 0.0626619 0.0575952 0.05209 0.0463603 0.0405396 0.0347123 0.0289512 0.0233526 0.0180592 0.0132583 0.00914614 0.00586913
 0.00743202 0.0121244 0.018346 0.0260749 0.0350822 0.0447889 0.0542289 0.0622786 0.0680533 0.0711789 0.0717707 0.0702262 0.067032 0.062662 0.0575309 0.0519648 0.0461909 0.0403503 0.0345281 0.0287915 0.0232279 0.0179708 0.0132014 0.00911285 0.00585162
 0.00751661 0.0122519 0.0185185 0.026285 0.0353127 0.0450133 0.0544155 0.0623976 0.0680881 0.071135 0.0716753 0.0701153 0.0669335 0.0625845 0.057464 0.0518902 0.0460946 0.04023 0.0343933 0.028658 0.0231105 0.0178789 0.0131368 0.00907219 0.00582865
 0.00741944 0.0121115 0.0183396 0.0260833 0.0351097 0.0448291 0.0542623 0.0622788 0.0680012 0.071077 0.0716471 0.0701244 0.0669908 0.0626976 0.0576298 0.0520917 0.0463053 0.0404232 0.0345513 0.0287756 0.0231928 0.0179351 0.0131758 0.00909966 0.00584782
 0.00709734 0.0115925 0.0175704 0.0250256 0.0337585 0.0432345 0.0525463 0.0606266 0.0666208 0.0701422 0.0712533 0.0702764 0.0676207 0.0636949 0.0588701 0.0534552 0.0476864 0.0417359 0.0357314 0.0297829 0.02401 0.0185652 0.0136358 0.00941603 0.00605108
 0.00715292 0.0116558 0.017614 0.0250034 0.0336125 0.0429097 0.0520087 0.0598787 0.0657109 0.0691645 0.0703341 0.0695465 0.0671825 0.0635983 0.0591054 0.0539642 0.048383 0.0425259 0.0365284 0.0305185 0.024639 0.0190659 0.0140077 0.00967326 0.00621619
 0.00714104 0.0116408 0.0175977 0.0249858 0.0335853 0.0428497 0.0518751 0.0596214 0.0652889 0.0685689 0.0696042 0.0687702 0.0664778 0.0630833 0.0588663 0.0540341 0.048737 0.0430933 0.037215 0.0312291 0.0252959 0.0196183 0.0144335 0.00997489 0.00641237
 0.0070466 0.0114982 0.0174038 0.0247461 0.0333132 0.0425637 0.0515946 0.0593599 0.065047 0.06833 0.0693411 0.0684628 0.0661335 0.0627474 0.0586136 0.0539434 0.0488608 0.0434374 0.0377359 0.0318496 0.0259287 0.0201898 0.0148974 0.0103158 0.00663977
 0.00695965 0.0113542 0.0171832 0.0244314 0.032896 0.0420539 0.051027 0.0587921 0.0645444 0.0679449 0.0690954 0.0683435 0.0661052 0.0627736 0.0586786 0.0540618 0.049069 0.0437697 0.0382007 0.0324171 0.0265385 0.0207714 0.0153932 0.010695 0.00690065
 0.00692548 0.0113027 0.0171125 0.0243403 0.0327816 0.0419091 0.0508412 0.0585563 0.0642598 0.0676291 0.0687808 0.0680673 0.065895 0.062639 0.0586142 0.0540597 0.0491314 0.0439115 0.0384375 0.0327488 0.0269388 0.0211924 0.0157822 0.0110126 0.00713067
 0.00689235 0.0112581 0.0170626 0.0242964 0.0327565 0.0419115 0.0508699 0.0585974 0.064289 0.0676182 0.0687077 0.0679256 0.0656981 0.0624159 0.0583991 0.053882 0.0490121 0.0438658 0.0384766 0.0328762 0.0271433 0.0214453 0.0160437 0.0112453 0.00731101
#obs surv len freq
 nan nan nan nan nan nan nan nan nan nan nan nan nan nan nan nan nan nan nan nan nan nan nan nan nan
 0.00448202 0.0073422 0.0111712 0.0159869 0.0216876 0.0279637 0.0342786 0.0400109 0.0446913 0.048156 0.0505146 0.0520111 0.052904 0.0534168 0.0537315 0.0539867 0.0542655 0.0545584 0.0546972 0.0542892 0.0527272 0.0493591 0.0438086 0.0362882 0.0276714
 0.00461989 0.00756626 0.0115079 0.0164601 0.0223124 0.0287381 0.0351747 0.040972 0.0456395 0.0490068 0.0511928 0.0524622 0.0530994 0.0533552 0.0534342 0.0534903 0.053613 0.0537922 0.0538562 0.05341 0.0518485 0.0485239 0.0430613 0.0356666 0.0271963
 0.00477489 0.00782302 0.0119031 0.0170304 0.023087 0.0297259 0.0363519 0.0422772 0.0469817 0.0502812 0.0522976 0.0533102 0.0536263 0.0535243 0.0532392 0.0529535 0.052779 0.0527197 0.0526108 0.0520615 0.0504717 0.0471989 0.0418677 0.0346701 0.0264333
 0.00496199 0.00812826 0.0123648 0.0176857 0.0239657 0.0308404 0.0376852 0.0437767 0.048563 0.0518403 0.0537245 0.0545002 0.0544883 0.0539886 0.0532632 0.0525261 0.0519214 0.0514824 0.0510698 0.0503138 0.0486323 0.0453944 0.0402233 0.0332882 0.0253712
 0.00517324 0.00847295 0.0128859 0.0184242 0.024953 0.0320861 0.0391653 0.0454292 0.0502968 0.0535515 0.0553106 0.0558661 0.0555474 0.0546631 0.0534889 0.0522588 0.0511456 0.0502183 0.0493783 0.0482985 0.0464359 0.0431873 0.0381798 0.0315533 0.0240296
 0.00540819 0.00885726 0.0134686 0.0192524 0.0260626 0.0334878 0.0408294 0.0472813 0.0522283 0.0554413 0.0570447 0.0573477 0.0566975 0.0554165 0.0537892 0.0520581 0.0504098 0.0489393 0.0475899 0.0460902 0.0439584 0.0406409 0.0357824 0.029494 0.0224244
 0.00564318 0.00924466 0.0140617 0.0201043 0.027216 0.0349587 0.0425901 0.0492544 0.0542976 0.0574741 0.0589135 0.0589439 0.0579352 0.0562308 0.0541308 0.0518874 0.0496948 0.047663 0.0457675 0.0437924 0.0413275 0.0378872 0.0331502 0.0272059 0.0206249
 0.00588379 0.00963622 0.0146521 0.0209395 0.0283326 0.0363715 0.0442788 0.051156 0.0563129 0.0594838 0.0607953 0.0605849 0.0592392 0.0571214 0.0545503 0.0517931 0.0490549 0.046459 0.0440073 0.0415338 0.0387003 0.0350964 0.0304473 0.02483 0.0187395
 0.00612129 0.0100272 0.0152494 0.0217947 0.0294857 0.0378342 0.0460185 0.0530922 0.0583309 0.0614586 0.0626124 0.0621484 0.0604712 0.057958 0.0549392 0.051691 0.0484275 0.0452847 0.0422892 0.0393212 0.0361117 0.0323269 0.0277441 0.0224358 0.0168262
 0.00639024 0.0104669 0.0159158 0.022741 0.0307517 0.0394296 0.0479052 0.0551783 0.0604834 0.0635296 0.0644654 0.0636753 0.0615973 0.0586381 0.0551481 0.051413 0.0476492 0.0439962 0.0404968 0.0370698 0.0335101 0.0295578 0.0250438 0.0200405 0.0149069
 0.00661814 0.0108426 0.0164906 0.0235665 0.0318694 0.0408551 0.049612 0.0570911 0.0624878 0.0654928 0.0662573 0.0651827 0.0627319 0.0593394 0.0553818 0.0511646 0.0469156 0.042781 0.0388162 0.0349703 0.0310917 0.0269859 0.0225333 0.0178087 0.0131136
 0.00682627 0.011186 0.0170171 0.0243237 0.0328959 0.0421657 0.0511821 0.0588513 0.0643331 0.0673023 0.067913 0.0665818 0.0637921 0.0600004 0.0556053 0.0509316 0.0462223 0.041636 0.0372432 0.0330208 0.0288618 0.0246265 0.0202371 0.0157697 0.0114749
 0.00704985 0.0115485 0.0175607 0.0250871 0.0339069 0.0434295 0.0526696 0.0604939 0.0660317 0.0689448 0.0693929 0.067809 0.0646972 0.0605354 0.0557407 0.0506536 0.0455291 0.0405374 0.0357648 0.0312141 0.0268177 0.0224821 0.0181631 0.0139359 0.0100047
 0.0073011 0.0119593 0.0181825 0.0259669 0.0350753 0.0448832 0.0543553 0.0623067 0.0678334 0.0705954 0.070777 0.0688483 0.0653492 0.0607856 0.0555932 0.0501229 0.0446349 0.0393034 0.0342233 0.0294172 0.0248494 0.020464 0.0162432 0.0122583 0.00867105
 0.00744828 0.0122098 0.0185804 0.0265605 0.0359072 0.0459741 0.0556869 0.0638143 0.0694135 0.0721245 0.0721333 0.0699294 0.0660835 0.0611357 0.0555532 0.049709 0.0438756 0.038233 0.0328826 0.0278603 0.0231543 0.018737 0.0146097 0.0108378 0.00754622
 0.00752814 0.0123376 0.0187703 0.0268277 0.0362696 0.0464524 0.056301 0.0645759 0.070316 0.0731344 0.0731873 0.0709408 0.0669565 0.0617828 0.0559097 0.0497401 0.0435752 0.0376185 0.03199 0.0267434 0.0218877 0.0174166 0.0133444 0.00972924 0.00666446
 0.00757699 0.0124123 0.0188742 0.0269616 0.0364331 0.0466463 0.0565299 0.0648501 0.0706517 0.0735497 0.0736944 0.0715333 0.0675999 0.062414 0.0564476 0.0501035 0.0437011 0.0374733 0.0315737 0.0260885 0.0210559 0.0164934 0.0124267 0.00890725 0.00600172
 0.00765325 0.0125261 0.0190263 0.0271458 0.0366376 0.0468568 0.056733 0.0650358 0.0708171 0.0737027 0.0738535 0.0717229 0.0678396 0.0627056 0.056766 0.0503975 0.0439045 0.0375233 0.031429 0.0257419 0.0205379 0.0158663 0.0117711 0.00830196 0.00550447
 0.00773806 0.0126558 0.0192058 0.0273729 0.0369022 0.0471412 0.0570124 0.0652818 0.0710043 0.0738175 0.0738998 0.0717221 0.0678235 0.0627056 0.0568012 0.050465 0.0439764 0.0375533 0.0313677 0.0255559 0.0202237 0.0154542 0.011316 0.00786604 0.00513747
 0.00777046 0.0127142 0.0193037 0.0275251 0.0371195 0.0474228 0.0573401 0.0656206 0.0713105 0.0740517 0.0740376 0.0717598 0.0677771 0.0626049 0.0566804 0.0503517 0.0438817 0.0374672 0.0312634 0.0254026 0.0200028 0.0151705 0.0109979 0.00755423 0.00486943
 0.00782556 0.0127915 0.0193981 0.027626 0.0372162 0.0475118 0.0574288 0.0657235 0.0714394 0.0742051 0.074198 0.0718993 0.0678696 0.0626373 0.0566564 0.050288 0.0437983 0.0373768 0.0311656 0.0252858 0.0198539 0.0149858 0.0107891 0.00734496 0.00468498
 0.00786397 0.0128528 0.0194874 0.0277453 0.0373618 0.047672 0.0575841 0.0658517 0.0715253 0.0742477 0.0742109 0.0719008 0.0678713 0.0626379 0.0566459 0.0502566 0.0437431 0.0373016 0.0310753 0.0251819 0.0197343 0.0148497 0.0106421 0.0071997 0.0045566
 0.00788549 0.0128853 0.019532 0.0278015 0.0374286 0.0477481 0.0576673 0.0659379 0.071607 0.0743151 0.0742555 0.07192 0.0678699 0.0626253 0.0566296 0.0502385 0.0437193 0.0372667 0.0310258 0.0251168 0.0196541 0.014757 0.0105423 0.0071014 0.00446948
 0.00789736 0.0129021 0.0195526 0.0278234 0.0374486 0.0477634 0.0576774 0.0659443 0.0716133 0.0743252 0.0742717 0.071942 0.0678949 0.0626498 0.0566514 0.0502565 0.0437325 0.0372725 0.0310206 0.025097 0.0196187 0.0147074 0.0104834 0.00704029 0.00441367
 0.00789429 0.0128944 0.0195362 0.0277931 0.0373995 0.0476936 0.0575899 0.0658481 0.0715211 0.0742513 0.074228 0.0719357 0.067927 0.0627148 0.0567394 0.0503556 0.0438314 0.0373621 0.031094 0.0251495 0.019648 0.0147145 0.0104725 0.00701811 0.00438765
 0.00788346 0.0128748 0.0195031 0.0277406 0.0373224 0.0475893 0.0574608 0.0657027 0.0713732 0.0741179 0.0741262 0.0718796 0.0679247 0.0627668 0.0568384 0.0504882 0.0439812 0.0375125 0.0312311 0.0252634 0.0197333 0.0147704 0.0105023 0.00702816 0.00438563
 0.0078887 0.0128764 0.0194926 0.0277063 0.0372519 0.047475 0.0573041 0.0655152 0.0711744 0.07393 0.0739704 0.0717727 0.0678778 0.0627844 0.0569173 0.0506183 0.0441465 0.0376942 0.0314102 0.0254241 0.0198648 0.014868 0.0105671 0.00706578 0.00440375
 0.00788554 0.0128728 0.0194896 0.0277045 0.0372496 0.0474663 0.0572787 0.0654609 0.071083 0.0738028 0.0738204 0.0716217 0.0677502 0.0627003 0.0568886 0.0506472 0.0442261 0.0378108 0.0315461 0.0255611 0.0199876 0.0149668 0.0106384 0.00711147 0.00442941
 0.00787603 0.0128553 0.0194597 0.0276575 0.0371826 0.0473805 0.0571804 0.0653601 0.070989 0.0737202 0.0737487 0.0715586 0.0676966 0.0626627 0.0568774 0.0506717 0.0442905 0.0379112 0.0316716 0.0256964 0.0201168 0.0150774 0.0107234 0.00717013 0.00446553
 0.00785505 0.0128202 0.0194049 0.0275775 0.0370731 0.0472407 0.0570157 0.0651828 0.0708169 0.0735729 0.073642 0.0715011 0.067688 0.0626965 0.0569452 0.050767 0.0444095 0.0380504 0.0318251 0.0258544 0.0202671 0.0152084 0.0108273 0.00724465 0.00451372
 0.00782304 0.0127665 0.0193214 0.0274559 0.0369076 0.0470313 0.0567712 0.0649217 0.0705644 0.0733555 0.0734823 0.0714146 0.0676806 0.0627646 0.0570767 0.0509453 0.044617 0.0382722 0.0320485 0.0260686 0.0204618 0.0153743 0.0109585 0.0073399 0.0045766
 0.00779513 0.0127191 0.0192462 0.0273441 0.0367516 0.0468282 0.0565261 0.0646492 0.0702869 0.0730995 0.0732738 0.0712751 0.0676242 0.0627956 0.0571899 0.0511265 0.0448467 0.0385286 0.0323112 0.0263201 0.0206882 0.0155656 0.0111092 0.00744962 0.00464972
 0.00779404 0.0127151 0.019236 0.0273224 0.0367118 0.0467633 0.0564304 0.0645198 0.0701259 0.0729152 0.0730813 0.0710944 0.0674774 0.0627023 0.057163 0.0511697 0.044954 0.0386857 0.0324989 0.0265179 0.0208775 0.0157322 0.0112441 0.00754993 0.00471783
 0.00773543 0.0126246 0.0191088 0.0271575 0.0365126 0.0465375 0.0561901 0.0642813 0.0699066 0.0727306 0.0729423 0.0710071 0.0674448 0.0627262 0.0572443 0.0513074 0.0451427 0.0389148 0.0327523 0.0267759 0.0211205 0.0159439 0.0114143 0.00767572 0.00480284
 0.00768126 0.0125361 0.0189752 0.0269699 0.0362666 0.0462384 0.0558557 0.0639415 0.0695969 0.0724828 0.0727769 0.0709314 0.0674552 0.0628126 0.0573947 0.05151 0.0453867 0.0391886 0.0330421 0.0270651 0.0213912 0.01618 0.011605 0.00781727 0.00489892
 0.00766978 0.012511 0.0189254 0.026881 0.0361243 0.0460337 0.055591 0.0636326 0.0692714 0.0721744 0.0725192 0.0707512 0.0673681 0.0628216 0.0574915 0.0516795 0.0456108 0.0394494 0.033322 0.0273466 0.0216569 0.0164141 0.0117962 0.00796089 0.00499745
 0.0076685 0.0125112 0.0189293 0.0268904 0.0361378 0.0460436 0.0555821 0.0635852 0.0691692 0.0720127 0.0723099 0.0705213 0.067152 0.0626515 0.0573902 0.0516563 0.0456626 0.0395638 0.0334816 0.0275317 0.0218476 0.0165925 0.0119485 0.00807938 0.00508107
 0.00763974 0.0124686 0.0188731 0.026824 0.0360673 0.0459767 0.0555257 0.0635429 0.0691382 0.0719837 0.0722693 0.0704584 0.0670658 0.0625539 0.0573026 0.051602 0.0456586 0.039616 0.0335841 0.0276701 0.022003 0.0167459 0.012084 0.00818744 0.00515879
 0.00761354 0.0124264 0.0188107 0.0267384 0.0359588 0.0458501 0.0553921 0.0634184 0.0690397 0.0719227 0.0722476 0.0704667 0.0670889 0.0625774 0.0573197 0.0516167 0.0456829 0.0396632 0.0336622 0.0277775 0.0221296 0.0168765 0.0122038 0.00828551 0.00523079
 0.00758412 0.0123813 0.0187478 0.0266575 0.0358611 0.0457385 0.055271 0.0632949 0.0689237 0.0718263 0.0721821 0.0704396 0.0671004 0.06262 0.0573813 0.0516859 0.0457541 0.0397377 0.0337452 0.0278729 0.0222358 0.0169861 0.0123061 0.00837141 0.00529528
 0.00759416 0.0123922 0.0187544 0.0266518 0.0358349 0.0456867 0.0551948 0.0632014 0.0688234 0.0717297 0.0720978 0.0703742 0.0670586 0.0626044 0.0573914 0.0517175 0.0458008 0.0397942 0.033809 0.0279437 0.0223128 0.0170658 0.0123824 0.00843751 0.00534654
 0.00755948 0.0123442 0.0186972 0.0265935 0.0357842 0.0456479 0.0551647 0.063171 0.0687836 0.0716767 0.072036 0.0703139 0.0670116 0.0625798 0.0573931 0.051745 0.0458502 0.0398594 0.033884 0.0280235 0.0223937 0.0171439 0.0124535 0.00849736 0.00539248
 0.00753649 0.0123049 0.0186352 0.0265034 0.0356647 0.0455056 0.0550157 0.0630376 0.0686861 0.0716246 0.0720256 0.0703327 0.0670465 0.0626235 0.0574448 0.0518071 0.0459244 0.039945 0.0339773 0.0281196 0.022487 0.0172297 0.0125279 0.00855749 0.00543725
 0.007533 0.0122966 0.0186176 0.0264703 0.0356092 0.0454223 0.0549039 0.0629033 0.0685428 0.0714917 0.0719228 0.0702737 0.0670349 0.0626528 0.0575034 0.0518838 0.0460118 0.040039 0.0340751 0.0282179 0.0225815 0.0173157 0.0126012 0.00861573 0.00547986
 0.00751951 0.0122761 0.0185894 0.0264342 0.0355649 0.0453687 0.0548387 0.0628244 0.0684499 0.0713886 0.0718187 0.0701826 0.0669714 0.0626279 0.0575203 0.0519378 0.046093 0.0401365 0.0341796 0.0283223 0.0226802 0.017404 0.0126755 0.00867386 0.00552178
 0.00750186 0.0122483 0.0185491 0.0263802 0.0354977 0.0452907 0.0547547 0.0627406 0.068372 0.0713199 0.0717603 0.0701344 0.0669356 0.0626093 0.0575254 0.0519713 0.0461551 0.040222 0.0342798 0.0284274 0.0227817 0.017495 0.0127514 0.00873262 0.00556368
 0.00751487 0.0122695 0.0185809 0.0264243 0.0355539 0.045356 0.0548223 0.0628002 0.0684129 0.0713336 0.0717425 0.0700858 0.0668613 0.0625179 0.0574284 0.0518812 0.0460834 0.0401759 0.0342612 0.0284327 0.0228037 0.0175258 0.0127839 0.00876162 0.00558641
 0.00750038 0.0122499 0.0185589 0.026405 0.0355436 0.0453603 0.0548437 0.0628375 0.0684605 0.0713832 0.0717846 0.0701118 0.0668655 0.0624991 0.0573902 0.0518314 0.0460318 0.0401327 0.0342335 0.0284234 0.022811 0.0175445 0.0128075 0.00878467 0.00560537
 0.00747337 0.012205 0.0184899 0.0263069 0.0354152 0.0452075 0.0546817 0.0626892 0.0683504 0.0713289 0.0717913 0.0701718 0.066962 0.0626124 0.0575032 0.051933 0.0461179 0.0402048 0.0342965 0.0284818 0.022867 0.0175975 0.0128549 0.00882352 0.00563431
 0.00747337 0.012205 0.0184899 0.0263069 0.0354152 0.0452075 0.0546817 0.0626892 0.0683504 0.0713289 0.0717913 0.0701718 0.066962 0.0626124 0.0575032 0.051933 0.0461179 0.0402048 0.0342965 0.0284818 0.022867 0.0175975 0.0128549 0.00882352 0.00563431
 0.00713747 0.0116672 0.0176985 0.025226 0.0340397 0.0435828 0.0529199 0.0609654 0.0668705 0.0702789 0.071292 0.0702565 0.0675806 0.0636529 0.0588218 0.053384 0.0475765 0.0415786 0.0355259 0.029535 0.0237321 0.0182763 0.0133601 0.00917689 0.00586417
 0.00717078 0.0116837 0.0176527 0.0250504 0.0336594 0.0429408 0.0520029 0.0598173 0.0655904 0.0690056 0.0701806 0.069451 0.0671846 0.0637077 0.0592987 0.0541955 0.0486006 0.0426882 0.036612 0.0305187 0.0245665 0.0189423 0.0138597 0.00952737 0.00609238
 0.00713359 0.011638 0.0176087 0.0250191 0.0336398 0.0429048 0.0518886 0.0595428 0.0650869 0.0682562 0.0692426 0.0684497 0.0662814 0.063056 0.0590051 0.0542957 0.0490571 0.0434066 0.0374709 0.0313993 0.0253752 0.0196205 0.0143836 0.00990068 0.00633734
 0.00704279 0.011496 0.0174068 0.0247563 0.0333261 0.042563 0.0515506 0.0592378 0.0648229 0.0680084 0.068962 0.0680938 0.0658496 0.0626075 0.0586442 0.054133 0.0491659 0.0437965 0.0380861 0.0321414 0.0261351 0.0203075 0.0149419 0.010312 0.00661276
 0.00696009 0.0113606 0.0172018 0.0244666 0.0329436 0.0420935 0.0510207 0.058695 0.0643262 0.0676097 0.0686874 0.0679333 0.0657655 0.0625592 0.0586171 0.0541535 0.0492906 0.0440797 0.0385463 0.0327458 0.0268095 0.020964 0.0155079 0.010748 0.00691429
 0.00693637 0.0113193 0.017134 0.0243613 0.0327888 0.0418789 0.0507415 0.0583563 0.0639457 0.0672178 0.0683227 0.0676326 0.0655523 0.062436 0.0585706 0.0541698 0.0493717 0.0442461 0.0388224 0.0331365 0.0272862 0.0214695 0.0159774 0.0111327 0.00719355
 0.00691653 0.0112926 0.0171036 0.0243324 0.0327654 0.0418591 0.050715 0.0583051 0.0638497 0.0670631 0.0681088 0.0673757 0.0652819 0.0621863 0.0583701 0.0540363 0.0493139 0.0442708 0.0389377 0.033346 0.027578 0.0218106 0.0163212 0.0114344 0.00742568
#pred catch len freq
 0.00305831 0.00498987 0.00757683 0.0108786 0.0149432 0.0197552 0.0251769 0.0309444 0.0367238 0.0421787 0.0470178 0.0510298 0.0541112 0.056273 0.0576207 0.0583283 0.0586193 0.0587283 0.0588033 0.0587402 0.0580389 0.0558531 0.0513426 0.0442093 0.0350582
 0.00328717 0.00530131 0.00793537 0.0112186 0.0151933 0.0198732 0.0251722 0.0308698 0.0366406 0.0421203 0.0469783 0.0509863 0.0540614 0.0562598 0.0577243 0.0586267 0.0591349 0.0593879 0.059436 0.0591246 0.057989 0.0553029 0.0503832 0.0430517 0.033941
 0.00339368 0.00550474 0.00829232 0.0117868 0.0160013 0.0208833 0.0262619 0.0318579 0.0373555 0.0424721 0.0469862 0.0507459 0.0536863 0.055842 0.0573318 0.0583175 0.0589538 0.0593382 0.0594474 0.0590552 0.0576777 0.0546508 0.0494151 0.0419129 0.0328297
 0.003538 0.00572691 0.00860828 0.0122154 0.016575 0.0216533 0.0272842 0.0331535 0.0388615 0.0440187 0.0483324 0.051667 0.0540623 0.0556935 0.0567881 0.0575493 0.0581124 0.0585175 0.0586667 0.0582611 0.056777 0.0535717 0.0481657 0.0405969 0.0316036
 0.00371287 0.00601077 0.00903409 0.0128123 0.0173624 0.0226343 0.0284427 0.0344598 0.0402813 0.0455123 0.0498326 0.053053 0.0551617 0.05633 0.0568533 0.0570502 0.057161 0.0572734 0.0572676 0.0567819 0.0552337 0.0519644 0.0465297 0.0390247 0.0302198
 0.00393942 0.00637112 0.00956304 0.0135408 0.0183165 0.0238307 0.0298786 0.0361014 0.0420591 0.0473275 0.0515734 0.0546089 0.0564269 0.057198 0.0572191 0.0568334 0.0563417 0.0559108 0.055484 0.0547209 0.0530259 0.0497224 0.0443663 0.0370632 0.0285769
 0.0041962 0.00677858 0.0101586 0.0143554 0.0193726 0.0251382 0.0314277 0.0378555 0.043953 0.0492714 0.0534597 0.0563208 0.0578484 0.0582221 0.0577522 0.0567978 0.0556853 0.0546265 0.053627 0.052411 0.0504315 0.0470377 0.0417893 0.034774 0.0267094
 0.004429 0.00715954 0.0107374 0.0151816 0.0204888 0.0265676 0.0331585 0.0398325 0.0460819 0.0514322 0.0555242 0.0581656 0.0593629 0.0593118 0.0583369 0.0568098 0.0550709 0.0533575 0.0517213 0.0499542 0.0475862 0.044031 0.0388779 0.0321942 0.0246268
 0.00464218 0.00750635 0.0112616 0.0159293 0.0215055 0.0278906 0.0348034 0.0417778 0.0482585 0.0537245 0.0577812 0.0602241 0.061073 0.0605549 0.0590299 0.0568962 0.0545112 0.0521283 0.0498307 0.0474686 0.0446539 0.0408835 0.0357976 0.0294519 0.0224153
 0.0048824 0.0078886 0.0118229 0.0167026 0.0225189 0.0291644 0.0363427 0.0435639 0.050243 0.0558274 0.0598936 0.0622143 0.0627989 0.0618807 0.0598419 0.0571105 0.0540732 0.0510108 0.0480403 0.0450657 0.0417771 0.0377588 0.032711 0.026687 0.0201792
 0.00515976 0.00832963 0.012469 0.0175874 0.0236654 0.0305783 0.0380041 0.0454215 0.0522179 0.0578239 0.0618114 0.0639555 0.06427 0.0629927 0.0605097 0.0572557 0.0536295 0.0499328 0.0463178 0.0427453 0.0389855 0.034711 0.0296859 0.0239668 0.0179735
 0.00538723 0.00870555 0.0130466 0.0184215 0.0248028 0.0320423 0.0397762 0.0474322 0.0543528 0.0599436 0.0637753 0.0656421 0.0655887 0.0638845 0.0609381 0.057192 0.0530431 0.0487926 0.0446098 0.0405005 0.0363096 0.0317972 0.0267935 0.0213627 0.0158595
 0.00561658 0.00907122 0.0135856 0.0191692 0.0257931 0.0333045 0.0413239 0.0492472 0.0563702 0.0620474 0.0658095 0.067438 0.0669991 0.064809 0.0613297 0.0570437 0.0523656 0.0475984 0.0429145 0.0383442 0.0337874 0.0290779 0.0241065 0.0189479 0.0138998
 0.00588668 0.00949693 0.0142018 0.0200004 0.0268519 0.0345874 0.042807 0.0508836 0.0580938 0.0637801 0.0674649 0.068921 0.0682074 0.0656437 0.061711 0.0569242 0.0517324 0.0464654 0.0413155 0.0363374 0.0314721 0.0266084 0.0216838 0.0167795 0.0121437
 0.0062178 0.0100194 0.0149589 0.0210227 0.0281527 0.0361559 0.0445981 0.0528114 0.0600385 0.0656069 0.0690481 0.0701633 0.0690474 0.0660514 0.0616767 0.0564481 0.0508206 0.0451334 0.0395953 0.0342883 0.0291923 0.0242415 0.0194074 0.0147709 0.0105331
 0.00646717 0.0104228 0.0155625 0.0218687 0.0292724 0.0375573 0.0462516 0.0546416 0.0619296 0.0674196 0.0706417 0.0714166 0.069875 0.0664116 0.061568 0.0558967 0.0498644 0.0438125 0.0379538 0.0323858 0.0271181 0.0221218 0.0173943 0.0130124 0.00913392
 0.00667207 0.010752 0.0160519 0.0225527 0.0301813 0.0387112 0.0476487 0.0562457 0.0636618 0.069161 0.0722479 0.0727412 0.070797 0.0668564 0.0615146 0.0553697 0.0489176 0.0425123 0.0363704 0.0305953 0.0252121 0.0202137 0.0156125 0.0114765 0.00792464
 0.00672522 0.010843 0.0161989 0.0227791 0.0305155 0.0391845 0.0482898 0.0570725 0.0646722 0.0703233 0.0734946 0.0739714 0.0718889 0.067689 0.0619915 0.0554362 0.048566 0.0417757 0.0353109 0.0292949 0.0237685 0.0187382 0.0142213 0.0102728 0.00697583
