SBPRF35
12.7214
Curr Bio
736978
B35
875531
F35
0.170412
FOFL
0.143129
OFL
88220.3
Bzero
3.63469e+006
#pred survey bio
 3.54172e+006 3.44115e+006 3.34406e+006 3.18351e+006 2.98982e+006 2.78415e+006 2.55831e+006 2.32762e+006 2.08206e+006 1.86781e+006 1.65131e+006 1.46634e+006 1.29563e+006 1.15735e+006 995594 854111 768818 703954 661347 633729 594422 567917 554828 550673 541175 541997 537568 550885 556020 564938 576820 589687 593486 599170 613798 623143 635322 650940 650151 658585 661687 671132 690360 692449 692513 692467 703427 708956 714141 724238 729345 740558 756127 771653 776006 790343 808234 803339 830219 832985 812814 793408 761482 765178 743204 2.62005e+007 1.58028e+007 1.62584e+007 1.73284e+007 1.87841e+007 2.03736e+007 2.191e+007 2.3284e+007 2.44497e+007 2.54028e+007 2.61622e+007 2.67563e+007 2.72154e+007 2.75673e+007 2.78359e+007 2.80403e+007 2.8196e+007 2.83148e+007 2.84057e+007 2.84754e+007 2.85292e+007 2.85709e+007 2.86033e+007 2.86286e+007 2.86486e+007 2.86643e+007 2.86767e+007 2.86866e+007 2.86944e+007 2.87007e+007 2.87058e+007 2.87098e+007 2.87131e+007 2.87157e+007 2.87179e+007 2.87196e+007 2.87211e+007 2.87222e+007 2.87231e+007 2.87239e+007 2.87245e+007 2.8725e+007 2.87255e+007 2.87258e+007 2.87261e+007 2.87263e+007 2.87265e+007 2.87266e+007 2.87268e+007 2.87269e+007 2.87269e+007 2.8727e+007 2.87271e+007 2.87271e+007 2.87271e+007 2.87272e+007 2.87272e+007 2.87272e+007 2.87272e+007 2.87273e+007 2.87273e+007 2.87273e+007 2.87273e+007 2.87273e+007 2.87273e+007 2.87273e+007 2.87273e+007 2.87273e+007 2.87273e+007 2.87273e+007 2.87273e+007 2.87273e+007 2.87273e+007 2.87273e+007 2.87273e+007 2.87273e+007 2.87273e+007 2.87273e+007 2.87273e+007 2.87273e+007 2.87273e+007 2.87273e+007 2.87273e+007 2.87273e+007 2.87273e+007 2.87273e+007 2.87273e+007 2.87273e+007 2.87273e+007 2.87273e+007 2.87273e+007 2.87273e+007 2.87273e+007 2.87273e+007 2.87273e+007 2.87273e+007 2.87273e+007 2.87273e+007 2.87273e+007 2.87273e+007 0 0 0 0 0 0 0 0 0 0 0 0 0 0 0 0 0 0 0 0 0 0 0 0 0
#obs survey bio
 3.01979e+006 3.22876e+006 2.80594e+006 3.99099e+006 4.22915e+006 2.29927e+006 2.69741e+006 2.20243e+006 1.57548e+006 1.11205e+006 1.74321e+006 1.84024e+006 963026 943810 977042 766534 720323 498087 760521 668018 704202 640265 417329 600259 514677 432862 441801 495935 397252 826657 717254 568242 629821 684766 512485 647479 522046 846813 783066 848354 532042 537143 600093 573040 668610 873049 866664 899496 570634 622145 615785 836741 1.04405e+006 687398 909168 831488 782135 985077 944021 762379 1.11671e+006 654476 1.01482e+006 798699 595387
#pred catch bio
 95949.6 96630.1 162553 203364 227580 261149 281421 310390 296391 310337 290692 283357 257395 276770 253970 200736 179883 157369 141290 146813 131125 116893 108516 112867 104506 109560 95760.6 103832 100585 97538.4 95970.5 102588 100081 92996.4 98787.5 97671.4 96234.1 110685 102841 108024 103736 97251.8 112774 113944 113168 103442 108122 108358 104620 109561 104856 101585 101926 111363 102668 100035 119134 91604.8 112384 130386 127518 135908 103769 124863 100362 88220.3 104028 105745 111665 120691 130704 140320 148799 155855 161485 165841 169133 171575 173361 174652 175578 176238 176704 177032 177263 177424 177537 177615 177670 177708 177734 177752 177765 177773 177779 177784 177786 177788 177790 177791 177791 177792 177792 177792 177792 177792 177793 177793 177793 177793 177793 177793 177793 177793 177793 177793 177793 177793 177793 177793 177793 177793 177793 177793 177793 177793 177793 177793 177793 177793 177793 177793 177793 177793 177793 177793 177793 177793 177793 177793 177793 177793 177793 177793 177793 177793 177793 177793 177793 177793 177793 177793 177793 177793 177793 177793 177793 177793 177793 177793 177793 177793 177793 177793 177793 0 0 0 0 0 0 0 0 0 0 0 0 0 0 0 0 0 0 0 0 0 0 0 0 0
#obs catch bio
 0 96303.4 163134 203734 227648 261800 281625 311063 297148 313085 292855 285235 259158 279449 256278 202204 181491 159482 141686 147935 131267 116784 108467 113126 104837 110619 96260.5 104948 101647 97876.1 95801.3 102210 99415 92320.6 98540.9 97677.4 96218.1 110733 102501 107528 103853 97271.5 112993 114156 113204 103127 107676 107899 104222 109186 104670 101243 101554 111402 102446 99655.9 119502 91102.3 111972 129787 126631 135668 102818 124700 100193
#pred cpue bio
 3.50186e+006 3.40273e+006 3.30546e+006 3.14479e+006 2.9515e+006 2.74606e+006 2.52051e+006 2.29024e+006 2.04532e+006 1.83156e+006 1.61597e+006 1.4321e+006 1.26266e+006 1.12553e+006 965774 826297 742234 678515 637019 610371 572304 546676 533938 529717 520222 520834 516391 529389 534564 543672 555842 568873 572828 578451 592682 601679 613552 628890 628200 636515 639412 648476 667332 669508 669750 669894 680811 686319 691415 701283 706235 717351 732923 748387 752722 766919 784666 779970 806596 809516 789680 770587 739246 743042 721542 2.54406e+007 1.53435e+007 1.56486e+007 1.65922e+007 1.80158e+007 1.95997e+007 2.11353e+007 2.25092e+007 2.36748e+007 2.46279e+007 2.53873e+007 2.59814e+007 2.64405e+007 2.67924e+007 2.7061e+007 2.72654e+007 2.74211e+007 2.75399e+007 2.76308e+007 2.77005e+007 2.77543e+007 2.7796e+007 2.78284e+007 2.78537e+007 2.78737e+007 2.78894e+007 2.79018e+007 2.79117e+007 2.79195e+007 2.79258e+007 2.79309e+007 2.79349e+007 2.79382e+007 2.79408e+007 2.7943e+007 2.79447e+007 2.79462e+007 2.79473e+007 2.79482e+007 2.7949e+007 2.79496e+007 2.79501e+007 2.79506e+007 2.79509e+007 2.79512e+007 2.79514e+007 2.79516e+007 2.79517e+007 2.79519e+007 2.7952e+007 2.7952e+007 2.79521e+007 2.79522e+007 2.79522e+007 2.79522e+007 2.79523e+007 2.79523e+007 2.79523e+007 2.79523e+007 2.79524e+007 2.79524e+007 2.79524e+007 2.79524e+007 2.79524e+007 2.79524e+007 2.79524e+007 2.79524e+007 2.79524e+007 2.79524e+007 2.79524e+007 2.79524e+007 2.79524e+007 2.79524e+007 2.79524e+007 2.79524e+007 2.79524e+007 2.79524e+007 2.79524e+007 2.79524e+007 2.79524e+007 2.79524e+007 2.79524e+007 2.79524e+007 2.79524e+007 2.79524e+007 2.79524e+007 2.79524e+007 2.79524e+007 2.79524e+007 2.79524e+007 2.79524e+007 2.79524e+007 2.79524e+007 2.79524e+007 2.79524e+007 2.79524e+007 2.79524e+007 2.79524e+007 2.79524e+007 2.79524e+007 0 0 0 0 0 0 0 0 0 0 0 0 0 0 0 0 0 0 0 0 0 0 0 0 0
#obs cpue bio
 3.14376e+006 3.30879e+006 3.37426e+006 2.92414e+006 2.33141e+006 2.64964e+006 2.80024e+006 2.37791e+006 2.14137e+006 2.02882e+006 1.44188e+006 1.20974e+006 1.34638e+006 1.31885e+006 914954 766334 672713 599765 836118 473567 611451 529976 656486 447633 432372 459308 575891 435503 598744 553285 632287 782021 729404 549278 567038 461812 683922 582758 597966 650451 492371 732898 830411 747151 811532 635337 709723 583702 827584 924921 716296 766121 552986 697184 725125 801574 659061 816561 876744 1.04794e+006 657188 820835 768296 609762 654801
#pred surv len freq
 0.00425415 0.00701609 0.0107629 0.0155406 0.0212648 0.0276252 0.0340709 0.0399633 0.0448225 0.0484818 0.051051 0.0527678 0.0538691 0.054535 0.0548835 0.0549848 0.0548819 0.0545951 0.0540817 0.05315 0.0513903 0.0482368 0.0432238 0.0363371 0.0282097
 0.00456472 0.00742746 0.0112122 0.0159194 0.0214587 0.027571 0.0337946 0.0395689 0.0444346 0.0481794 0.0508368 0.0525889 0.0536699 0.0543054 0.0546747 0.0548871 0.0549773 0.0549075 0.0545489 0.0536354 0.0517349 0.0483279 0.0430439 0.0359633 0.027767
 0.00463194 0.00760038 0.0115823 0.0165904 0.0224959 0.0289368 0.0353131 0.0409632 0.0454338 0.0486338 0.0507645 0.0521295 0.05299 0.0535293 0.0538743 0.0541131 0.0542843 0.0543453 0.0541306 0.0533139 0.0514163 0.0479204 0.042511 0.0353443 0.0271517
 0.00476629 0.00780403 0.011867 0.0169721 0.0230086 0.0296412 0.0362826 0.0422374 0.0469586 0.0502298 0.0521644 0.0530767 0.0533411 0.053295 0.0531834 0.0531389 0.0531855 0.0532405 0.0530909 0.0523605 0.0505271 0.047056 0.0416516 0.0345134 0.0264075
 0.0049684 0.00812935 0.0123491 0.017637 0.0238668 0.0306808 0.0374676 0.043519 0.0482925 0.0515813 0.0534863 0.0542742 0.0542627 0.0537729 0.053105 0.0524991 0.0520858 0.0518413 0.0515523 0.0508029 0.0490211 0.0456376 0.0403486 0.0333634 0.0254549
 0.00517245 0.00846482 0.0128608 0.0183682 0.0248502 0.0319231 0.0389348 0.0451324 0.0499432 0.0531581 0.054901 0.0554677 0.0551876 0.0543675 0.0532843 0.0521792 0.0512287 0.0504887 0.0498222 0.0488536 0.0470103 0.0436986 0.0385864 0.0318581 0.0242583
 0.00539773 0.0088336 0.0134207 0.0191659 0.0259231 0.0332853 0.0405624 0.0469556 0.0518534 0.0550262 0.0565991 0.0568876 0.0562506 0.0550222 0.053493 0.0519044 0.0504351 0.0491661 0.0480155 0.0466773 0.0446357 0.0413211 0.0363902 0.0299861 0.022792
 0.00564542 0.00923698 0.0140294 0.0200267 0.0270722 0.0347347 0.0422853 0.0488812 0.0538745 0.057018 0.0584368 0.0584581 0.057459 0.0557954 0.0537798 0.0516707 0.0496586 0.0478398 0.0461655 0.0443866 0.0420575 0.0386663 0.0338877 0.0278311 0.0211029
 0.00594278 0.00972108 0.0147589 0.0210562 0.0284406 0.0364484 0.0443009 0.0511003 0.0561587 0.0592162 0.0604107 0.0600956 0.0586759 0.0565318 0.0539942 0.0513351 0.0487557 0.0463661 0.044145 0.0418935 0.0392364 0.0357318 0.0310912 0.0254023 0.0191904
 0.00616732 0.0100981 0.0153488 0.0219229 0.029639 0.0380039 0.0461884 0.0532362 0.0584132 0.0614381 0.0624531 0.0618319 0.0600072 0.0573871 0.0543264 0.0511143 0.047964 0.0449987 0.042222 0.0394816 0.0364703 0.0328194 0.0282852 0.0229425 0.0172401
 0.00639148 0.0104731 0.0159333 0.0227792 0.030822 0.039542 0.0480632 0.0553726 0.0606873 0.0636985 0.0645448 0.0636154 0.061371 0.0582531 0.0546483 0.0508693 0.0471448 0.0436101 0.0402892 0.0370701 0.0337088 0.0299076 0.0254707 0.0204655 0.0152686
 0.00661136 0.0108288 0.0164659 0.0235283 0.0318206 0.0408082 0.0495891 0.0571163 0.0625735 0.0656264 0.0663988 0.0652762 0.0627255 0.0592047 0.0551235 0.0508202 0.0465466 0.0424593 0.0386081 0.034921 0.0312121 0.0272489 0.0228813 0.0181721 0.0134333
 0.00685255 0.0112235 0.0170642 0.0243766 0.0329509 0.0422221 0.0512433 0.0589222 0.0644142 0.0673847 0.0679776 0.0666031 0.0637462 0.0598728 0.0553958 0.0506573 0.045917 0.0413468 0.0370221 0.0329118 0.0288867 0.0247761 0.0204729 0.0160371 0.0117224
 0.00694242 0.0113953 0.0173704 0.0248824 0.0337198 0.043292 0.0526039 0.0605067 0.0661114 0.0690642 0.0695154 0.0679004 0.0647357 0.0605162 0.0556731 0.0505547 0.04542 0.0404425 0.0357116 0.0312293 0.0269178 0.0226641 0.018402 0.0141916 0.0102372
 0.00718207 0.011786 0.0179609 0.0257198 0.0348415 0.0447119 0.0542955 0.0623924 0.0680661 0.0709334 0.0711418 0.0691509 0.0655237 0.0608105 0.0554914 0.0499435 0.0444312 0.0391194 0.03409 0.0293538 0.0248641 0.0205518 0.0163849 0.0124239 0.00882952
 0.0075186 0.0123165 0.0187281 0.0267516 0.0361456 0.0462683 0.0560479 0.0642464 0.0699005 0.0726197 0.0725628 0.0702108 0.0661531 0.0609712 0.0551805 0.0491919 0.0432946 0.037664 0.0323829 0.0274642 0.0228746 0.018569 0.014535 0.0108289 0.00757341
 0.00765124 0.0125371 0.0190692 0.0272458 0.0368185 0.0471275 0.0570734 0.0653891 0.0710927 0.07379 0.0736461 0.071149 0.06689 0.0614507 0.0553519 0.0490206 0.0427718 0.0368103 0.0312449 0.02611 0.021391 0.0170598 0.0131127 0.00959647 0.0066002
 0.00766888 0.0125806 0.0191623 0.0274214 0.037112 0.0475666 0.0576668 0.0661212 0.0719253 0.0746699 0.0745146 0.0719491 0.0675712 0.0619691 0.055668 0.049099 0.0425853 0.0363481 0.030521 0.0251674 0.0203012 0.0159159 0.0120163 0.00863833 0.00584063
 0.00768171 0.0125865 0.0191453 0.027362 0.0369987 0.0474099 0.0575092 0.0660315 0.0719768 0.0749133 0.0749584 0.0725577 0.068277 0.0626898 0.0563219 0.049614 0.0429037 0.0364311 0.0303541 0.0247661 0.0197135 0.0152172 0.0112959 0.00798028 0.00530441
 0.00760177 0.0124686 0.0189893 0.0271735 0.0367844 0.0471737 0.0572525 0.0657616 0.0717193 0.0747183 0.0748923 0.0726802 0.0686142 0.0632193 0.0569759 0.0502978 0.0435191 0.0368954 0.0306128 0.0248004 0.0195423 0.0148927 0.0108916 0.00757189 0.00495122
 0.00770159 0.0126141 0.0191774 0.0273909 0.037012 0.0473921 0.0574454 0.0659141 0.0718146 0.0747398 0.0748329 0.0725542 0.0684618 0.063095 0.0569255 0.050336 0.0436217 0.0370083 0.030674 0.0247622 0.0193868 0.0146363 0.0105773 0.00725283 0.00467307
 0.00788226 0.0128743 0.0195065 0.0277562 0.0373662 0.0476871 0.0576446 0.0659992 0.0717869 0.0746171 0.0746433 0.0723285 0.0682286 0.06288 0.0567525 0.0502241 0.0435766 0.037015 0.0306975 0.0247597 0.0193257 0.0145075 0.010397 0.00705396 0.00448966
 0.00805408 0.0131336 0.019858 0.0281867 0.0378438 0.0481624 0.058055 0.0662801 0.071889 0.0745251 0.0743836 0.0719596 0.0678198 0.0624903 0.0564205 0.0499682 0.0433998 0.0369079 0.0306393 0.0247212 0.0192776 0.0144308 0.0102905 0.00693143 0.00437159
 0.00809741 0.0132129 0.0199927 0.0283979 0.0381457 0.0485506 0.0584974 0.0667175 0.0722491 0.0747439 0.0744247 0.0718241 0.0675429 0.0621294 0.0560377 0.0496153 0.0431091 0.0366906 0.0304889 0.0246191 0.0192002 0.0143583 0.0102124 0.00684903 0.00429336
 0.00820447 0.0133782 0.0202253 0.0287018 0.03852 0.0489902 0.0589903 0.067239 0.0727579 0.075183 0.0747305 0.0719426 0.0674476 0.0618317 0.0555854 0.0490782 0.0425596 0.0361862 0.0300631 0.0242813 0.0189418 0.0141622 0.010062 0.00673262 0.00420494
 0.00817039 0.0133349 0.0201826 0.0286761 0.0385305 0.0490518 0.0591092 0.0674127 0.0729783 0.0754388 0.0750054 0.0722105 0.0676712 0.0619705 0.0556097 0.0489827 0.0423668 0.0359378 0.0298043 0.0240467 0.018749 0.0140135 0.00995078 0.00665055 0.00414533
 0.00822355 0.013412 0.0202819 0.0287916 0.0386552 0.0491829 0.0592499 0.0675693 0.0731543 0.0756288 0.0751947 0.072379 0.0677983 0.0620381 0.055603 0.0488929 0.0421958 0.0357023 0.0295338 0.0237752 0.0185054 0.0138144 0.00980023 0.00654377 0.00407371
 0.00805409 0.0131577 0.0199389 0.0283708 0.0381798 0.0486845 0.0587661 0.0671441 0.0728363 0.0754645 0.0752168 0.0725949 0.0681841 0.0625419 0.0561571 0.0494294 0.0426604 0.0360631 0.0297836 0.0239271 0.0185843 0.0138467 0.0098075 0.00653991 0.00406631
 0.00789736 0.0129196 0.0196124 0.0279624 0.03771 0.0481858 0.058281 0.06672 0.0725167 0.07528 0.0751805 0.0727049 0.0684286 0.062901 0.0566011 0.0499174 0.0431448 0.0364988 0.0301384 0.0241885 0.0187578 0.01395 0.00986215 0.00656504 0.00407571
 0.00772751 0.0126462 0.0192073 0.0274055 0.0369978 0.0473431 0.0573697 0.0658355 0.0717682 0.0747616 0.0749478 0.0727669 0.0687559 0.0634401 0.0572883 0.0506872 0.0439344 0.0372509 0.0308057 0.0247393 0.0191801 0.0142504 0.0100603 0.00668612 0.00414416
 0.00765817 0.0125138 0.0189722 0.0270199 0.0364188 0.0465534 0.0563963 0.0647564 0.0707 0.0738343 0.0742767 0.0724309 0.0687846 0.0638122 0.0579413 0.051534 0.0448803 0.0382074 0.0316992 0.0255159 0.0198088 0.0147238 0.0103908 0.00689953 0.00427115
 0.00760942 0.0124321 0.0188434 0.0268254 0.0361357 0.0461559 0.0558625 0.0640794 0.0699013 0.0729726 0.0734461 0.0717441 0.0683454 0.0636894 0.0581518 0.0520417 0.045609 0.0390597 0.0325766 0.0263346 0.0205099 0.0152769 0.0107929 0.00716836 0.00443589
 0.00766549 0.0125116 0.018941 0.0269275 0.0362216 0.046201 0.0558405 0.0639635 0.0696664 0.0726022 0.0729439 0.0711452 0.0677202 0.0631327 0.0577588 0.0518803 0.0456994 0.0393715 0.0330411 0.0268664 0.0210292 0.0157257 0.0111412 0.00741259 0.00459095
 0.0077652 0.0126569 0.0191281 0.0271407 0.0364359 0.0463876 0.0559712 0.064014 0.069618 0.0724435 0.0726724 0.0707694 0.067263 0.0626356 0.0572822 0.0514947 0.045467 0.0393257 0.0331744 0.0271336 0.0213637 0.0160612 0.0114294 0.00762997 0.00473662
 0.00776125 0.0126559 0.0191359 0.0271643 0.0364795 0.0464475 0.0560329 0.0640546 0.0696143 0.072381 0.072549 0.0705931 0.0670467 0.0623936 0.0570337 0.0512678 0.0452989 0.0392533 0.0332195 0.0272912 0.0216009 0.0163293 0.0116811 0.00783366 0.00488099
 0.00772819 0.0126136 0.0190937 0.0271384 0.0364891 0.0465075 0.0561476 0.0642132 0.0697919 0.0725429 0.0726596 0.0706248 0.0669873 0.0622489 0.0568245 0.0510254 0.0450607 0.0390578 0.033099 0.0272624 0.0216585 0.0164474 0.0118236 0.00796767 0.00498638
 0.00768286 0.0125383 0.0189785 0.0269758 0.0362795 0.0462651 0.0559038 0.0640119 0.0696759 0.0725373 0.0727604 0.0708005 0.0671907 0.0624337 0.0569586 0.0510982 0.0450821 0.0390527 0.0330976 0.0272899 0.0217267 0.016551 0.0119445 0.00808366 0.00508089
 0.007555 0.0123468 0.0187204 0.0266589 0.0359191 0.0458804 0.055516 0.0636468 0.069366 0.0723204 0.0726711 0.0708583 0.0673894 0.06274 0.057321 0.0514634 0.0454107 0.0393273 0.0333218 0.0274792 0.021897 0.0167106 0.0120913 0.00820987 0.0051791
 0.00759401 0.0123978 0.0187747 0.0267016 0.0359344 0.0458589 0.0554593 0.0635652 0.0692718 0.0722214 0.0725709 0.0707616 0.0673072 0.0626874 0.0573088 0.0514904 0.0454633 0.0393878 0.0333773 0.0275272 0.0219425 0.0167595 0.0121451 0.00826429 0.00522756
 0.00764538 0.0124663 0.0188494 0.026762 0.0359546 0.0458155 0.0553394 0.0633724 0.0690268 0.0719578 0.0723272 0.0705711 0.0671899 0.0626482 0.0573415 0.0515818 0.0455965 0.0395434 0.0335365 0.0276754 0.0220722 0.0168693 0.0122361 0.00833763 0.00528359
 0.00770065 0.0125608 0.0189989 0.0269801 0.036245 0.0461622 0.0557006 0.0636854 0.0692264 0.0719998 0.0722042 0.0703134 0.0668522 0.0622903 0.0570126 0.0513123 0.0453978 0.039412 0.0334604 0.0276394 0.0220623 0.0168751 0.0122506 0.0083559 0.00530185
 0.0076485 0.0124874 0.0189104 0.0268911 0.0361771 0.0461388 0.0557409 0.0637967 0.0693976 0.0721995 0.0723871 0.0704347 0.066885 0.0622357 0.0568965 0.0511731 0.0452709 0.0393201 0.0334106 0.0276266 0.0220755 0.0169023 0.0122821 0.00838552 0.00532618
 0.00750006 0.0122567 0.0185839 0.0264667 0.0356678 0.0455769 0.0551803 0.0633085 0.0690548 0.0720556 0.072458 0.0706932 0.0672712 0.062677 0.0573304 0.0515618 0.0456038 0.0396046 0.0336595 0.0278487 0.0222722 0.0170699 0.0124168 0.00848612 0.00539552
 0.00743966 0.0121657 0.0184603 0.0263127 0.0354886 0.045379 0.0549709 0.0630975 0.0688577 0.0718942 0.0723573 0.0706745 0.0673429 0.0628289 0.0575353 0.0517848 0.0458146 0.0397866 0.0338104 0.0279746 0.0223799 0.0171628 0.0124945 0.0085471 0.00543953
 0.00740685 0.01211 0.0183724 0.026184 0.0353141 0.0451621 0.0547262 0.0628491 0.0686326 0.0717146 0.0722366 0.0706195 0.0673567 0.0629124 0.0576833 0.051983 0.0460403 0.0400145 0.0340204 0.0281557 0.0225296 0.017283 0.0125881 0.00861678 0.00548812
 0.00741915 0.0121215 0.0183738 0.026161 0.0352505 0.0450453 0.0545526 0.0626277 0.0683839 0.0714665 0.072019 0.0704575 0.0672667 0.0629005 0.0577468 0.052112 0.0462189 0.0402221 0.0342346 0.0283568 0.0227042 0.017425 0.012697 0.00869547 0.00554137
 0.00739194 0.0120726 0.0182915 0.0260313 0.0350601 0.0447865 0.0542289 0.0622564 0.0679949 0.0710982 0.0717113 0.0702454 0.0671736 0.0629344 0.0578999 0.0523635 0.0465403 0.0405818 0.0346014 0.028703 0.0230085 0.0176745 0.0128877 0.00883118 0.00563084
 0.0073998 0.0120847 0.0183078 0.0260498 0.0350752 0.0447876 0.0542006 0.0621811 0.0678591 0.0708992 0.0714625 0.0699751 0.0669198 0.0627354 0.0577853 0.0523478 0.046621 0.0407414 0.0348131 0.0289365 0.0232358 0.0178745 0.0130481 0.00894893 0.00570992
 0.00743045 0.0121282 0.0183616 0.0261075 0.0351285 0.0448284 0.0542229 0.06218 0.0678291 0.070833 0.0713533 0.0698214 0.0667308 0.0625326 0.0575989 0.0522091 0.0465529 0.0407522 0.0348948 0.0290685 0.0233917 0.0180286 0.0131817 0.0090522 0.00578171
 0.00741332 0.0121037 0.0183309 0.026073 0.0350925 0.0447918 0.0541834 0.0621342 0.0677747 0.0707707 0.0712862 0.0697527 0.0666616 0.0624635 0.0575335 0.0521573 0.0465294 0.0407711 0.0349625 0.0291798 0.0235306 0.0181739 0.0133138 0.00915832 0.00585764
 0.00734922 0.0120151 0.0182263 0.0259702 0.0350135 0.0447546 0.0541951 0.0621885 0.0678548 0.0708553 0.0713552 0.0697924 0.0666665 0.062436 0.0574821 0.0520941 0.0464692 0.0407295 0.0349523 0.0292066 0.0235904 0.0182544 0.0133989 0.00923403 0.00591591
 0.00724672 0.0118504 0.0179835 0.0256397 0.0345988 0.0442794 0.053708 0.0617562 0.0675442 0.0707105 0.0713839 0.0699671 0.0669391 0.0627554 0.0578074 0.0523999 0.046745 0.0409758 0.0351754 0.0294132 0.0237829 0.0184296 0.01355 0.00935455 0.00600338
 0.00720354 0.0117668 0.0178333 0.0253911 0.0342232 0.0437657 0.053076 0.0610613 0.0668694 0.0701479 0.0710123 0.0698331 0.0670472 0.0630696 0.0582647 0.0529299 0.0472875 0.0414895 0.0356385 0.029818 0.0241283 0.0187162 0.0137782 0.00952595 0.0061228
 0.00717556 0.011721 0.0177626 0.0252861 0.0340703 0.0435472 0.0527732 0.0606626 0.0663815 0.0696052 0.0704777 0.0693862 0.0667628 0.0629951 0.0584068 0.0532552 0.0477359 0.0419942 0.0361422 0.0302812 0.0245291 0.0190456 0.0140353 0.00971499 0.0062523
 0.00716001 0.011704 0.0177521 0.0252931 0.0341047 0.0436099 0.05285 0.0607231 0.0663851 0.0695136 0.0702701 0.0690722 0.0663864 0.0626259 0.0581187 0.0531027 0.0477377 0.0421319 0.0363724 0.0305532 0.0248 0.0192863 0.014231 0.00986193 0.0063541
 0.00711436 0.0116239 0.0176216 0.0250971 0.0338355 0.0432768 0.0524847 0.0603748 0.0661031 0.069328 0.0701795 0.0690489 0.0663945 0.0626424 0.0581457 0.0531647 0.0478655 0.0423438 0.0366624 0.0308924 0.0251479 0.0196051 0.0144951 0.0100611 0.0064911
 0.00701979 0.0114793 0.0174208 0.0248389 0.0335227 0.0429146 0.0520824 0.0599503 0.0656876 0.0689643 0.0699131 0.0689127 0.0663961 0.0627624 0.0583498 0.0534214 0.0481583 0.04267 0.037022 0.0312762 0.0255332 0.0199619 0.0147968 0.0102929 0.00665266
 0.00705484 0.011532 0.0174918 0.0249259 0.0336201 0.0430139 0.0521714 0.0600121 0.0657018 0.0689116 0.0697841 0.068715 0.0661561 0.0625174 0.0581346 0.0532588 0.0480579 0.0426337 0.0370483 0.0313596 0.0256611 0.0201137 0.0149484 0.010424 0.00675207
 0.00692533 0.0113241 0.0171848 0.0245047 0.0330812 0.0423734 0.0514714 0.0593195 0.0650953 0.0684611 0.0695323 0.0686698 0.0662953 0.0628022 0.0585236 0.0537164 0.0485566 0.0431518 0.0375673 0.0318618 0.0261285 0.0205282 0.0152938 0.0106908 0.00694086
 0.00692408 0.0113214 0.017179 0.0244916 0.0330532 0.0423178 0.0513718 0.0591607 0.064871 0.0681813 0.0692252 0.0683763 0.066057 0.0626493 0.0584691 0.0537571 0.0486794 0.043339 0.0378005 0.0321224 0.0263972 0.020785 0.0155206 0.0108745 0.00707601
 0.00696629 0.0114015 0.0173196 0.0247188 0.0333865 0.0427569 0.0518847 0.0596829 0.0653187 0.0684742 0.069309 0.0682371 0.0657234 0.0621829 0.057946 0.0532486 0.0482374 0.0429918 0.0375557 0.0319732 0.0263277 0.0207745 0.0155468 0.0109169 0.00711906
 0.00695725 0.0113935 0.0173212 0.0247445 0.0334566 0.0428942 0.0521087 0.060001 0.0657158 0.0689073 0.0697107 0.0685314 0.0658494 0.0621149 0.0577016 0.0528811 0.0478169 0.0425848 0.0372101 0.031713 0.0261559 0.020679 0.0155076 0.0109125 0.00713108
 0.00704528 0.0115291 0.0175113 0.0249908 0.0337562 0.0432405 0.0524918 0.0604074 0.0661284 0.0693049 0.0700658 0.0688085 0.0660067 0.0621134 0.0575197 0.0525264 0.04733 0.0420295 0.0366562 0.0312188 0.0257568 0.0203863 0.0153127 0.0107954 0.00706826
 0.00697503 0.0114112 0.0173278 0.0247253 0.0333999 0.0428023 0.0520061 0.0599342 0.0657432 0.0690794 0.0700487 0.0690114 0.0663988 0.0626271 0.0580663 0.0530198 0.0477097 0.0422744 0.0367825 0.0312656 0.0257666 0.0203901 0.015325 0.0108167 0.00709295
 0.00708818 0.0115865 0.0175742 0.0250417 0.0337721 0.0431993 0.0523804 0.0602291 0.0659092 0.0690932 0.0699249 0.0687979 0.066158 0.0624119 0.0579015 0.052897 0.047598 0.0421397 0.036607 0.0310555 0.0255467 0.02019 0.0151661 0.0107063 0.00702558
#obs surv len freq
 nan nan nan nan nan nan nan nan nan nan nan nan nan nan nan nan nan nan nan nan nan nan nan nan nan
 0.00448175 0.00734178 0.0111706 0.0159861 0.0216866 0.0279626 0.0342774 0.0400096 0.0446902 0.0481551 0.050514 0.0520109 0.052904 0.0534172 0.0537321 0.0539875 0.0542664 0.0545594 0.0546982 0.0542902 0.0527282 0.0493601 0.0438094 0.0362889 0.0276719
 0.00461777 0.00756309 0.0115037 0.0164549 0.0223065 0.0287319 0.0351687 0.0409664 0.0456347 0.0490031 0.0511905 0.0524613 0.0531 0.0533571 0.0534371 0.0534941 0.0536175 0.0537971 0.0538614 0.0534154 0.0518538 0.0485289 0.0430657 0.0356703 0.0271991
 0.00477583 0.00782497 0.0119068 0.0170369 0.023097 0.0297397 0.036369 0.0422962 0.0470004 0.0502973 0.0523095 0.0533168 0.0536275 0.0535208 0.0532318 0.0529433 0.0527671 0.0527067 0.0525972 0.0520477 0.0504582 0.0471862 0.0418564 0.0346608 0.0264261
 0.00496684 0.00813499 0.0123728 0.0176939 0.023973 0.0308462 0.03769 0.0437818 0.0485698 0.0518494 0.0537353 0.0545109 0.0544969 0.0539934 0.0532635 0.0525219 0.0519135 0.0514718 0.0510575 0.0503007 0.048619 0.0453818 0.0402121 0.0332788 0.0253641
 0.00517347 0.00847375 0.0128878 0.0184278 0.0249585 0.0320931 0.0391723 0.0454344 0.0502989 0.0535507 0.0553085 0.0558648 0.0555484 0.0546664 0.0534932 0.0522623 0.0511469 0.0502168 0.0493742 0.0482925 0.0464289 0.0431801 0.0381732 0.0315477 0.0240253
 0.00539415 0.00883609 0.0134399 0.0192171 0.0260227 0.0334461 0.0407896 0.0472467 0.0522017 0.0554243 0.0570374 0.0573496 0.0567079 0.0554345 0.0538137 0.0520875 0.0504418 0.0489718 0.047621 0.0461191 0.0439846 0.0406641 0.0358023 0.0295101 0.0224365
 0.00564255 0.00924062 0.0140502 0.0200801 0.0271744 0.0348981 0.0425143 0.049172 0.0542199 0.0574112 0.0588719 0.0589252 0.0579377 0.0562507 0.0541642 0.0519307 0.0497447 0.0477166 0.0458222 0.0438459 0.0413779 0.0379328 0.0331895 0.0272377 0.0206488
 0.00589347 0.00965251 0.0146773 0.0209752 0.0283781 0.0364226 0.0443266 0.0511892 0.0563219 0.0594648 0.0607526 0.0605286 0.0591811 0.0570706 0.054512 0.0517681 0.0490417 0.0464549 0.0440095 0.0415395 0.0387072 0.0351031 0.0304529 0.0248343 0.0187425
 0.00613071 0.010042 0.0152709 0.021824 0.0295235 0.0378807 0.0460726 0.0531502 0.0583861 0.0615017 0.0626341 0.062143 0.0604394 0.0579067 0.054879 0.0516321 0.0483769 0.0452453 0.0422605 0.039301 0.0360973 0.0323161 0.0277357 0.0224292 0.0168212
 0.00635778 0.0104177 0.0158484 0.0226568 0.0306549 0.0393268 0.0478051 0.0550913 0.0604198 0.0634968 0.0644655 0.063704 0.0616453 0.0586949 0.0552056 0.051468 0.0477025 0.0440506 0.0405542 0.0371301 0.033571 0.0296159 0.0250955 0.0200829 0.0149388
 0.00659603 0.0108045 0.0164297 0.0234758 0.0317445 0.0406977 0.0494326 0.0569086 0.062325 0.0653703 0.0661881 0.0651706 0.0627719 0.0594203 0.0554894 0.0512854 0.0470393 0.042902 0.0389324 0.0350813 0.0311963 0.0270815 0.0226164 0.0178762 0.0131642
 0.00682939 0.0111875 0.0170126 0.0243064 0.0328574 0.0420985 0.0510823 0.0587207 0.0641806 0.0671436 0.0677682 0.0664708 0.0637293 0.0599916 0.0556466 0.0510123 0.0463283 0.0417543 0.0373639 0.0331375 0.0289706 0.0247242 0.0203209 0.0158372 0.0115251
 0.0070333 0.0115259 0.0175346 0.0250616 0.0338857 0.0434131 0.0526527 0.0604672 0.0659848 0.0688724 0.0692975 0.0677021 0.0645965 0.060459 0.0557026 0.0506592 0.0455753 0.0406145 0.0358605 0.0313169 0.0269183 0.022574 0.0182419 0.0139989 0.0100514
 0.00727286 0.0119122 0.0181101 0.0258637 0.0349399 0.0447214 0.0541819 0.0621429 0.0677001 0.0705049 0.0707296 0.068835 0.0653597 0.0608135 0.0556389 0.0501906 0.044728 0.0394208 0.0343588 0.0295609 0.0249903 0.0205926 0.0163526 0.0123447 0.00873414
 0.0074368 0.0121877 0.0185409 0.0264951 0.0358076 0.0458359 0.0555129 0.0636167 0.0692128 0.0719453 0.0719981 0.0698525 0.0660677 0.0611732 0.0556309 0.0498145 0.0440005 0.0383723 0.0330322 0.0280144 0.0233047 0.0188749 0.0147275 0.0109309 0.00761394
 0.00753292 0.0123455 0.0187821 0.0268432 0.0362863 0.0464641 0.056298 0.0645467 0.0702517 0.0730338 0.0730599 0.0708051 0.0668342 0.0616925 0.0558613 0.0497344 0.0436064 0.0376782 0.03207 0.0268361 0.0219852 0.0175111 0.0134285 0.00979761 0.00671511
 0.0075965 0.0124441 0.0189221 0.0270287 0.0365207 0.0467519 0.0566456 0.0649616 0.0707403 0.0735968 0.0736861 0.0714658 0.0674815 0.0622639 0.0562902 0.0499618 0.043591 0.0374014 0.0315386 0.026084 0.0210735 0.0165239 0.0124617 0.00894004 0.00602822
 0.0076398 0.0125094 0.0190109 0.0271393 0.0366486 0.0468923 0.056795 0.0651204 0.0709146 0.0737994 0.0739335 0.0717713 0.0678456 0.0626665 0.0566885 0.0502969 0.0438 0.0374324 0.0313628 0.0257041 0.0205255 0.0158724 0.0117875 0.00832143 0.00552209
 0.00772699 0.0126384 0.019181 0.0273409 0.0368659 0.0471066 0.0569889 0.0652802 0.0710329 0.0738777 0.0739841 0.0718152 0.067907 0.062763 0.0568225 0.0504493 0.0439318 0.0374938 0.0313087 0.0255091 0.0201947 0.0154426 0.0113173 0.00787417 0.00514741
 0.00775812 0.0126908 0.0192627 0.0274589 0.0370222 0.0472944 0.0571897 0.0654666 0.0711775 0.0739632 0.0740102 0.0717978 0.0678717 0.0627366 0.0568245 0.0504855 0.04399 0.037545 0.0313149 0.0254366 0.0200284 0.0151934 0.0110201 0.00757476 0.00488655
 0.00781658 0.0127775 0.0193778 0.0275978 0.0371778 0.0474597 0.0573591 0.0656342 0.0713335 0.0740929 0.0740966 0.0718286 0.0678455 0.0626659 0.0567315 0.0503935 0.0439137 0.0374841 0.031254 0.0253527 0.0199024 0.0150214 0.0108162 0.007366 0.0047009
 0.00783518 0.0128091 0.0194277 0.0276706 0.0372753 0.0475786 0.0574892 0.0657609 0.0714429 0.0741767 0.0741532 0.07186 0.0678533 0.0626504 0.0566942 0.0503402 0.0438532 0.0374238 0.0311942 0.0252858 0.0198176 0.0149123 0.0106871 0.00723098 0.00457759
 0.00788264 0.0128766 0.0195115 0.0277619 0.0373634 0.0476556 0.0575535 0.0658157 0.0714922 0.0742215 0.0741904 0.0718846 0.0678614 0.0626407 0.0566679 0.0502996 0.043802 0.0373658 0.0311322 0.0252196 0.0197443 0.0148293 0.0105958 0.00713833 0.0044934
 0.00789304 0.0128954 0.0195427 0.027809 0.0374273 0.0477313 0.0576296 0.0658773 0.0715275 0.0742276 0.074175 0.0718606 0.0678404 0.0626275 0.056661 0.050294 0.0437929 0.0373501 0.0311086 0.0251875 0.0197032 0.0147795 0.0105394 0.00708012 0.00443966
 0.00790686 0.0129151 0.0195675 0.027837 0.0374566 0.0477615 0.057662 0.0659133 0.071566 0.0742634 0.0742007 0.0718704 0.0678339 0.0626099 0.0566394 0.0502738 0.0437753 0.0373334 0.0310897 0.0251639 0.0196736 0.014744 0.0104999 0.00703997 0.00440303
 0.00788804 0.0128839 0.0195195 0.0277683 0.0373648 0.0476482 0.0575345 0.0657854 0.0714553 0.0741875 0.0741712 0.0718904 0.067897 0.0627035 0.0567496 0.0503887 0.0438864 0.0374345 0.0311762 0.025232 0.0197213 0.0147716 0.0105103 0.00703784 0.00439398
 0.00790759 0.0129068 0.0195377 0.0277687 0.0373332 0.0475746 0.0574183 0.0656366 0.0712926 0.074033 0.0740463 0.0718115 0.0678729 0.0627341 0.0568262 0.0504969 0.04401 0.0375591 0.0312905 0.0253287 0.0197964 0.0148241 0.0105422 0.00705343 0.00439862
 0.00788248 0.0128692 0.0194866 0.0277043 0.0372553 0.0474811 0.0573053 0.0655011 0.0711366 0.0738676 0.0738912 0.0716907 0.0678076 0.0627365 0.0568963 0.0506238 0.0441751 0.0377412 0.0314699 0.0254899 0.0199297 0.0149255 0.0106126 0.00709751 0.00442302
 0.00785016 0.0128145 0.0194008 0.0275793 0.0370864 0.0472719 0.0570699 0.0652623 0.0709196 0.0736921 0.0737678 0.0716227 0.0677959 0.0627821 0.0569997 0.050781 0.0443756 0.0379678 0.0317019 0.0257075 0.0201175 0.0150747 0.0107215 0.00717021 0.00446704
 0.00785193 0.0128119 0.0193867 0.027543 0.0370163 0.0471589 0.0569118 0.0650665 0.0707028 0.0734772 0.0735794 0.0714814 0.0677144 0.0627645 0.0570437 0.0508805 0.0445216 0.038148 0.0319005 0.0259063 0.0202993 0.0152267 0.0108376 0.00725093 0.00451794
 0.00783882 0.0127931 0.0193628 0.0275151 0.0369845 0.0471202 0.0568592 0.0649912 0.0705979 0.0733435 0.0734268 0.0713287 0.0675837 0.0626756 0.0570091 0.0509038 0.0445987 0.0382688 0.0320508 0.0260694 0.0204581 0.0153669 0.0109498 0.00733226 0.0045712
 0.00779614 0.0127237 0.0192586 0.0273701 0.0367974 0.0468977 0.0566182 0.0647562 0.0703946 0.0731899 0.0733296 0.0712848 0.0675865 0.0627204 0.0570943 0.0510293 0.0447619 0.0384627 0.0322636 0.0262861 0.0206627 0.0155453 0.0110927 0.00743689 0.00464082
 0.00777823 0.01269 0.0191995 0.027274 0.0366536 0.0467014 0.0563751 0.0644843 0.0701219 0.0729478 0.0731456 0.0711763 0.0675585 0.0627662 0.0572011 0.0511828 0.0449499 0.0386748 0.032489 0.0265122 0.0208757 0.0157321 0.011244 0.00754922 0.00471674
 0.00773118 0.0126157 0.0190916 0.0271276 0.036466 0.0464728 0.0561105 0.0641955 0.0698277 0.0726732 0.0729185 0.0710224 0.067496 0.0628018 0.0573281 0.0513842 0.0452035 0.0389576 0.0327808 0.0267953 0.0211348 0.015955 0.0114227 0.00768137 0.0048062
 0.00770106 0.0125636 0.0190078 0.0270017 0.0362898 0.046245 0.0558402 0.0639017 0.0695353 0.072407 0.0726986 0.0708645 0.0674118 0.0627997 0.057411 0.0515473 0.0454331 0.0392332 0.0330783 0.0270913 0.021409 0.0161918 0.0116128 0.00782239 0.00490205
 0.00769286 0.01255 0.0189864 0.0269693 0.0362417 0.0461748 0.055741 0.0637686 0.0693688 0.0722148 0.0724967 0.0706735 0.067253 0.0626912 0.057366 0.0515723 0.0455273 0.0393875 0.0332762 0.0273113 0.0216285 0.0163914 0.0117788 0.00794854 0.00498942
 0.00767296 0.0125214 0.0189503 0.0269288 0.0362009 0.0461364 0.0557044 0.0637298 0.0693206 0.0721499 0.0724105 0.0705672 0.0671356 0.0625782 0.0572759 0.0515226 0.0455296 0.0394454 0.033384 0.0274551 0.0217892 0.0165491 0.0119171 0.00805778 0.00506719
 0.00764799 0.0124818 0.0188926 0.0268515 0.0361051 0.0460275 0.0555926 0.063628 0.0692408 0.072098 0.0723838 0.0705565 0.0671298 0.0625704 0.0572669 0.0515205 0.0455463 0.0394917 0.0334645 0.0275661 0.0219195 0.0166828 0.012039 0.00815707 0.0051396
 0.00762353 0.0124441 0.0188398 0.0267831 0.036022 0.0459324 0.0554897 0.0635243 0.0691452 0.0720205 0.0723325 0.0705349 0.0671354 0.0625955 0.0573025 0.0515606 0.0455908 0.0395451 0.0335329 0.0276523 0.0220202 0.016789 0.0121392 0.00824145 0.00520294
 0.00760846 0.0124189 0.0188007 0.0267265 0.0359459 0.0458374 0.0553811 0.0634111 0.0690386 0.0719308 0.0722674 0.0704987 0.0671292 0.0626172 0.0573471 0.051621 0.0456605 0.0396203 0.0336129 0.027738 0.0221108 0.0168805 0.0122248 0.00831407 0.00525834
 0.00757381 0.0123678 0.0187335 0.0266465 0.0358581 0.0457466 0.0552904 0.0633226 0.068955 0.0718562 0.0722077 0.0704602 0.0671168 0.062633 0.0573895 0.0516857 0.0457412 0.0397105 0.0337075 0.0278333 0.0222041 0.0169686 0.0123037 0.00837965 0.00530807
 0.00757763 0.0123654 0.0187144 0.0265969 0.0357657 0.0456078 0.0551155 0.0631342 0.0687805 0.0717182 0.0721176 0.070419 0.0671192 0.062672 0.0574588 0.0517792 0.0458524 0.0398324 0.0338329 0.0279557 0.0223183 0.0170705 0.0123898 0.00844799 0.00535818
 0.00757598 0.0123659 0.0187203 0.0266113 0.0357885 0.0456321 0.0551265 0.063114 0.0687164 0.071611 0.0719838 0.0702837 0.0670066 0.0625974 0.0574267 0.0517864 0.0458916 0.0398953 0.033911 0.0280412 0.0224038 0.0171499 0.0124585 0.00850312 0.00539887
 0.00754666 0.0123215 0.0186601 0.0265373 0.0357062 0.0455497 0.0550533 0.0630576 0.068679 0.0715875 0.0719644 0.0702601 0.066978 0.0625717 0.057416 0.0518008 0.0459348 0.0399642 0.0339982 0.0281374 0.0224999 0.0172382 0.0125337 0.0085621 0.00544143
 0.00752728 0.0122915 0.0186177 0.0264823 0.03564 0.0454758 0.0549781 0.0629892 0.068626 0.071556 0.0719551 0.0702676 0.0669933 0.0625866 0.057428 0.0518134 0.0459554 0.0399993 0.0340497 0.0282021 0.0225712 0.0173083 0.0125959 0.00861224 0.00547814
 0.00753085 0.0122932 0.0186126 0.0264638 0.0356014 0.045414 0.0548954 0.0628946 0.0685322 0.0714761 0.0718988 0.0702398 0.0669928 0.0626075 0.0574621 0.0518536 0.0459984 0.0400455 0.0341013 0.0282601 0.0226335 0.0173702 0.0126519 0.00865818 0.00551214
 0.00749447 0.0122399 0.0185431 0.0263818 0.035512 0.0453209 0.0548 0.0627969 0.068434 0.0713835 0.0718223 0.0701915 0.0669817 0.0626363 0.0575262 0.0519432 0.046102 0.0401535 0.0342076 0.0283611 0.0227269 0.0174535 0.0127222 0.00871332 0.00555183
 0.00751548 0.012268 0.0185745 0.0264096 0.035529 0.0453227 0.0547872 0.0627738 0.0684052 0.0713502 0.0717823 0.0701424 0.0669256 0.0625803 0.0574801 0.0519151 0.0460951 0.0401661 0.0342348 0.0283976 0.0227679 0.0174948 0.0127604 0.00874552 0.00557642
 0.0074782 0.012214 0.0185051 0.0263297 0.0354447 0.0452385 0.0547048 0.0626931 0.0683277 0.0712812 0.0717302 0.0701149 0.0669257 0.0626063 0.0575271 0.0519784 0.0461713 0.040252 0.0343266 0.0284901 0.0228556 0.0175728 0.0128251 0.00879544 0.00561191
 0.0074782 0.012214 0.0185051 0.0263297 0.0354447 0.0452385 0.0547048 0.0626931 0.0683277 0.0712812 0.0717302 0.0701149 0.0669257 0.0626063 0.0575271 0.0519784 0.0461713 0.040252 0.0343266 0.0284901 0.0228556 0.0175728 0.0128251 0.00879544 0.00561191
 0.00738515 0.0120609 0.0182724 0.0260014 0.0350151 0.0447217 0.0541406 0.0621441 0.0678635 0.0709585 0.0715788 0.0701356 0.0670978 0.062897 0.0578993 0.052396 0.0466028 0.0406722 0.034717 0.0288378 0.0231519 0.0178133 0.0130094 0.00892772 0.00569995
 0.00728927 0.0119003 0.0180223 0.0256364 0.0345162 0.044086 0.0533926 0.0613394 0.067083 0.0702927 0.0711084 0.0699147 0.0671437 0.0631898 0.0583902 0.0530207 0.0472953 0.0413742 0.0353824 0.0294341 0.0236587 0.018221 0.0133184 0.00914657 0.00584365
 0.00730462 0.0119168 0.0180307 0.0256205 0.0344538 0.0439525 0.053166 0.0610066 0.0666473 0.0697799 0.0705687 0.0694163 0.0667588 0.0629761 0.0583766 0.0532011 0.0476332 0.0418153 0.035868 0.0299121 0.0240901 0.0185817 0.0135984 0.00934789 0.00597711
 0.00730615 0.0119247 0.0180518 0.0256625 0.0345204 0.0440375 0.0532479 0.0610508 0.0666143 0.0696386 0.0703091 0.0690567 0.0663453 0.0625738 0.0580541 0.0530125 0.0476038 0.0419368 0.0361046 0.0302135 0.0244055 0.0188707 0.0138361 0.00952531 0.0060975
 0.00720888 0.0117742 0.0178403 0.0253903 0.034198 0.0436869 0.0529025 0.0607492 0.0663884 0.0695011 0.070248 0.0690427 0.0663479 0.0625782 0.0580685 0.0530643 0.0477254 0.0421488 0.0364044 0.0305744 0.0247859 0.0192273 0.0141364 0.00975351 0.00625434
 0.00719315 0.0117416 0.0177786 0.0252844 0.0340344 0.0434609 0.0526244 0.0604455 0.0660963 0.0692579 0.0700799 0.0689574 0.0663342 0.0626127 0.0581286 0.0531398 0.0478227 0.0422849 0.0365938 0.0308168 0.0250626 0.0195074 0.0143881 0.00995516 0.00639862
 0.00721954 0.011784 0.0178408 0.025367 0.0341326 0.043561 0.0527034 0.0604755 0.066055 0.0691389 0.0698978 0.0687429 0.0661221 0.0624292 0.0579859 0.0530383 0.0477601 0.0422626 0.0366177 0.0308912 0.0251824 0.0196559 0.0145415 0.0100911 0.0065035
 0.00711223 0.011623 0.0176239 0.0251021 0.0338366 0.0432568 0.0524164 0.0602299 0.065868 0.0690171 0.0698368 0.0687329 0.0661548 0.0625021 0.0580995 0.0531921 0.0479488 0.042478 0.0368515 0.0311359 0.0254298 0.019894 0.0147555 0.0102674 0.00663494
 0.0071623 0.0116914 0.0177028 0.025177 0.0338906 0.0432784 0.0524046 0.0601933 0.0658194 0.0689657 0.0697835 0.068672 0.066079 0.0624092 0.0579958 0.0530911 0.0478666 0.0424277 0.03684 0.0311637 0.0254913 0.0199789 0.0148499 0.0103571 0.00670903
 0.00720673 0.0117721 0.0178386 0.0253871 0.0341856 0.0436488 0.0528133 0.0605813 0.0661235 0.0691407 0.0698156 0.0685749 0.0658819 0.0621434 0.0576886 0.0527665 0.0475475 0.0421359 0.0365941 0.0309757 0.0253646 0.0199081 0.0148229 0.0103585 0.00672397
 0.00721923 0.0117958 0.0178813 0.0254599 0.0343027 0.0438244 0.0530566 0.0608891 0.0664736 0.0694905 0.0701103 0.068764 0.0659352 0.0620591 0.0574894 0.0524884 0.0472291 0.0418124 0.0362943 0.0307211 0.0251676 0.0197713 0.0147398 0.0103164 0.00670832
 0.0072132 0.0117879 0.0178732 0.0254554 0.0343075 0.0438471 0.0531079 0.0609807 0.0666152 0.0696842 0.0703448 0.0690113 0.0661548 0.062209 0.0575403 0.052433 0.0470827 0.0416056 0.0360633 0.0304985 0.0249775 0.0196264 0.014642 0.0102587 0.00667966
 0.00709597 0.0116005 0.0175983 0.0250814 0.0338349 0.0432948 0.0525193 0.0604222 0.0661634 0.069408 0.0702867 0.0691786 0.066518 0.062709 0.058102 0.0529823 0.0475635 0.0419891 0.0363475 0.0306996 0.0251184 0.019728 0.0147183 0.0103171 0.00672323
 0.00712336 0.0116314 0.0176193 0.0250706 0.0337664 0.0431472 0.052284 0.0601086 0.0658001 0.0690393 0.0699662 0.0689584 0.0664365 0.0627798 0.0583084 0.0532819 0.0479 0.0423092 0.0366144 0.0308991 0.0252554 0.0198175 0.0147765 0.0103563 0.00675032
#pred catch len freq
 0.00315582 0.0051468 0.00781043 0.0112049 0.0153755 0.020301 0.0258343 0.0317003 0.0375567 0.0430665 0.0479475 0.0520061 0.0551604 0.057436 0.0589324 0.0597817 0.0601204 0.0600611 0.0596303 0.0586684 0.0567554 0.0532848 0.0477517 0.0401452 0.0311665
 0.0033957 0.0054681 0.00816929 0.0115239 0.0155724 0.0203298 0.0257116 0.0314957 0.0373497 0.042899 0.0478045 0.0518373 0.0549253 0.0571446 0.0586554 0.0596254 0.0601775 0.0603582 0.0600986 0.0591574 0.0570903 0.0533426 0.0475147 0.0397002 0.0306527
 0.0034823 0.00564764 0.00850507 0.0120828 0.0163894 0.021364 0.0268249 0.0324835 0.0380208 0.0431584 0.0476821 0.0514454 0.0543851 0.056538 0.0580285 0.0590213 0.0596546 0.0599738 0.0598688 0.0590294 0.0569568 0.0530959 0.0471066 0.0391666 0.0300885
