SBPRF35
9.73415
Curr Bio
624953
B35
730017
F35
0.191689
FOFL
0.164739
OFL
83678.9
Bzero
2.78119e+006
#pred survey bio
 4.19673e+006 4.01222e+006 3.83164e+006 3.60403e+006 3.33183e+006 3.0555e+006 2.74607e+006 2.47276e+006 2.20473e+006 1.96155e+006 1.72123e+006 1.52383e+006 1.33923e+006 1.17943e+006 1.05167e+006 934944 843468 766482 713580 668278 627676 604772 592952 570500 566009 552711 548192 549082 537830 535573 539429 550160 551895 550268 547088 539316 542552 532399 529893 545140 552216 548437 547678 555052 565386 570128 578828 573642 580304 561930 567105 610127 582833 590498 596495 617928 623687 615583 592543 542367 537897 550641 624894 626526 643733 632042 630524 2.23195e+007 1.35211e+007 1.38934e+007 1.47238e+007 1.58184e+007 1.69673e+007 1.80323e+007 1.89458e+007 1.96896e+007 2.02741e+007 2.07223e+007 2.10605e+007 2.13131e+007 2.15006e+007 2.16394e+007 2.17423e+007 2.18187e+007 2.18756e+007 2.19183e+007 2.19504e+007 2.19746e+007 2.19931e+007 2.20072e+007 2.20181e+007 2.20265e+007 2.2033e+007 2.2038e+007 2.20419e+007 2.2045e+007 2.20474e+007 2.20493e+007 2.20508e+007 2.20519e+007 2.20529e+007 2.20536e+007 2.20542e+007 2.20546e+007 2.2055e+007 2.20553e+007 2.20555e+007 2.20557e+007 2.20559e+007 2.2056e+007 2.20561e+007 2.20561e+007 2.20562e+007 2.20562e+007 2.20563e+007 2.20563e+007 2.20563e+007 2.20563e+007 2.20564e+007 2.20564e+007 2.20564e+007 2.20564e+007 2.20564e+007 2.20564e+007 2.20564e+007 2.20564e+007 2.20564e+007 2.20564e+007 2.20564e+007 2.20564e+007 2.20564e+007 2.20564e+007 2.20564e+007 2.20564e+007 2.20564e+007 2.20564e+007 2.20564e+007 2.20564e+007 2.20564e+007 2.20564e+007 2.20564e+007 2.20564e+007 2.20564e+007 2.20564e+007 2.20564e+007 2.20564e+007 2.20564e+007 2.20564e+007 2.20564e+007 2.20564e+007 2.20564e+007 2.20564e+007 2.20564e+007 2.20564e+007 2.20564e+007 2.20564e+007 2.20564e+007 2.20564e+007 2.20564e+007 2.20564e+007 2.20564e+007 2.20564e+007 2.20564e+007 2.20564e+007 2.20564e+007 2.20564e+007 2.20564e+007 0 0 0 0 0 0 0 0 0 0 0 0 0 0 0 0 0 0 0 0 0 0 0 0 0
#obs survey bio
 3.6244e+006 3.59681e+006 3.52109e+006 3.9128e+006 2.61229e+006 2.76939e+006 3.56453e+006 2.09129e+006 1.63831e+006 2.03621e+006 1.47854e+006 1.26257e+006 1.13595e+006 1.12055e+006 998671 702910 701105 612185 702091 549831 630277 482858 530394 794436 440859 456396 369614 459979 405074 427369 384938 706208 553298 760874 540789 557863 650745 716004 303305 602461 621566 716954 617476 539464 533378 646178 828586 635094 724714 434257 630532 515908 590778 475547 462268 557519 673858 842336 586381 651005 365521 589836 515674 758087 546984 510989 671106
#pred catch bio
 107795 106356 157366 212567 235704 288145 278223 295227 292384 306105 280409 277880 260786 234275 224092 200721 186047 162351 152097 143610 124779 112993 119428 102004 107952 99844.4 95973.7 106470 98630.2 93556.6 87888.4 94549 94842.2 92508.5 92415.1 81998.1 95861.2 92747 80877.2 89161.2 97433.6 93524 86443 84821.4 90159.7 86925 98069 87183.3 107080 86212.6 56247.7 116313 86301.3 89765.3 78786.4 93140.6 104176 115716 137137 98355 86061.9 38503.8 101553 87950.5 112820 103749 95047.7 83678.9 96849.9 98343.6 103067 110217 117927 125031 131013 135759 139366 142024 143936 145286 146226 146873 147314 147612 147814 147948 148038 148098 148138 148164 148182 148193 148201 148206 148209 148211 148213 148214 148214 148215 148215 148215 148215 148215 148215 148215 148215 148215 148215 148215 148215 148215 148215 148215 148215 148215 148215 148215 148215 148215 148215 148215 148215 148215 148215 148215 148215 148215 148215 148215 148215 148215 148215 148215 148215 148215 148215 148215 148215 148215 148215 148215 148215 148215 148215 148215 148215 148215 148215 148215 148215 148215 148215 148215 148215 148215 148215 148215 148215 148215 148215 148215 148215 148215 148215 148215 148215 0 0 0 0 0 0 0 0 0 0 0 0 0 0 0 0 0 0 0 0 0 0 0 0 0
#obs catch bio
 0 106119 157953 213506 236973 291267 280383 299011 296095 311017 285214 283316 266605 238570 226906 203259 189077 165396 154198 146084 126097 114390 120882 102623 108889 100301 97061.8 108186 100292 95374.1 89159 96165 96187.3 93571.4 93059.4 81973.2 96130.3 92557.6 81072.3 89071.3 97001.4 92965.6 85760.9 84473.1 90189.9 86457.6 97650.5 86510.1 106149 85859.7 55431.4 116457 85700 89815.9 78655.1 93236.4 103912 114754 136338 97538.4 86550.7 37951.8 102588 87642.1 113095 103813 94975
#pred cpue bio
 4.13881e+006 3.95743e+006 3.77915e+006 3.55257e+006 3.28136e+006 3.00596e+006 2.6979e+006 2.42572e+006 2.15894e+006 1.917e+006 1.67831e+006 1.48239e+006 1.29957e+006 1.14175e+006 1.01593e+006 901093 811022 735483 683979 640186 601021 579008 567721 546082 541934 529076 524457 525047 513960 511754 515664 526402 528598 527694 525464 518552 521236 509955 506517 521312 528710 525462 524916 532061 542010 546672 555330 550460 557153 539337 544318 586390 559776 566815 572301 593190 599074 591297 568502 518874 513903 526345 599339 601537 618155 606340 604786 2.14416e+007 1.30059e+007 1.3271e+007 1.39816e+007 1.5035e+007 1.61744e+007 1.72376e+007 1.81508e+007 1.88945e+007 1.9479e+007 1.99272e+007 2.02654e+007 2.0518e+007 2.07055e+007 2.08443e+007 2.09472e+007 2.10236e+007 2.10805e+007 2.11232e+007 2.11553e+007 2.11795e+007 2.1198e+007 2.12121e+007 2.1223e+007 2.12314e+007 2.12379e+007 2.12429e+007 2.12468e+007 2.12499e+007 2.12523e+007 2.12542e+007 2.12557e+007 2.12568e+007 2.12578e+007 2.12585e+007 2.12591e+007 2.12595e+007 2.12599e+007 2.12602e+007 2.12604e+007 2.12606e+007 2.12608e+007 2.12609e+007 2.1261e+007 2.1261e+007 2.12611e+007 2.12611e+007 2.12612e+007 2.12612e+007 2.12612e+007 2.12612e+007 2.12613e+007 2.12613e+007 2.12613e+007 2.12613e+007 2.12613e+007 2.12613e+007 2.12613e+007 2.12613e+007 2.12613e+007 2.12613e+007 2.12613e+007 2.12613e+007 2.12613e+007 2.12613e+007 2.12613e+007 2.12613e+007 2.12613e+007 2.12613e+007 2.12613e+007 2.12613e+007 2.12613e+007 2.12613e+007 2.12613e+007 2.12613e+007 2.12613e+007 2.12613e+007 2.12613e+007 2.12613e+007 2.12613e+007 2.12613e+007 2.12613e+007 2.12613e+007 2.12613e+007 2.12613e+007 2.12613e+007 2.12613e+007 2.12613e+007 2.12613e+007 2.12613e+007 2.12613e+007 2.12613e+007 2.12613e+007 2.12613e+007 2.12613e+007 2.12613e+007 2.12613e+007 2.12613e+007 2.12613e+007 2.12613e+007 0 0 0 0 0 0 0 0 0 0 0 0 0 0 0 0 0 0 0 0 0 0 0 0 0
#obs cpue bio
 3.29859e+006 3.13149e+006 2.16553e+006 4.38229e+006 2.3504e+006 2.6375e+006 2.13401e+006 1.90185e+006 2.52724e+006 1.5553e+006 1.29092e+006 1.43318e+006 1.02192e+006 1.10998e+006 1.36189e+006 932432 672885 550368 749296 527098 636868 474548 685511 381368 634197 675145 379167 482037 427294 385338 675808 322655 513323 371377 717524 645815 452414 523570 493789 732301 676914 475577 591288 430382 456954 704717 467969 542975 738722 556733 742448 519473 576334 519580 664887 659252 731428 653819 639870 477393 449574 667969 497962 598438 696749 719482 617239
#pred surv len freq
 0.00513531 0.00828429 0.0123688 0.0173389 0.0230618 0.0292541 0.0354473 0.0410906 0.0457549 0.0492778 0.051747 0.0533789 0.0544046 0.0550095 0.0553115 0.0553579 0.0551369 0.0545908 0.053606 0.0519739 0.0493659 0.0453989 0.0398351 0.0328298 0.0250395
 0.00538349 0.00859044 0.0126544 0.0174833 0.0229502 0.0288449 0.0348151 0.040407 0.0452088 0.0489817 0.0516888 0.0534451 0.0544542 0.0549514 0.0551473 0.0551759 0.0550652 0.0547318 0.0539815 0.052508 0.0499157 0.0458203 0.0400463 0.0328364 0.0249128
 0.00559672 0.00894474 0.0131945 0.0182363 0.0238975 0.0298932 0.0357918 0.0411046 0.0454721 0.0487875 0.0511565 0.0527651 0.0537827 0.054349 0.0545941 0.0546367 0.0545461 0.054287 0.0536727 0.0523524 0.0498653 0.0457867 0.0399524 0.032657 0.0246772
 0.00581533 0.00929346 0.0137085 0.0189478 0.0248329 0.0310634 0.0371717 0.0426085 0.046942 0.0500143 0.05194 0.052989 0.05346 0.053604 0.0535939 0.0535222 0.0534073 0.0531797 0.052642 0.0514342 0.0490714 0.0451 0.0393439 0.0321113 0.0242032
 0.00607346 0.00970385 0.0143092 0.0197688 0.0258928 0.032363 0.0386861 0.0442812 0.0486839 0.0517038 0.0534256 0.0541007 0.054043 0.0535673 0.0529467 0.0523708 0.051913 0.051507 0.050926 0.049773 0.0475315 0.0437231 0.0381545 0.0311244 0.0234272
 0.00630975 0.0100851 0.0148779 0.0205633 0.0269411 0.0336729 0.0402344 0.0460089 0.0505022 0.0535079 0.0551032 0.0555332 0.0551038 0.0541302 0.052912 0.0517003 0.0506531 0.0497826 0.0489081 0.0476392 0.0454374 0.0417915 0.0364739 0.0297497 0.0223783
 0.00663179 0.0105919 0.01561 0.021549 0.028194 0.0351879 0.0419798 0.047921 0.052489 0.0554599 0.0569076 0.057082 0.0562957 0.0548691 0.0531077 0.0512805 0.0495868 0.0481055 0.0467332 0.0451442 0.042834 0.0392885 0.0342464 0.0279161 0.0209883
 0.00693652 0.0110758 0.0163171 0.0225127 0.0294322 0.0366949 0.0437174 0.0498164 0.0544439 0.0573682 0.0586697 0.0586098 0.0575096 0.0556921 0.0534626 0.0510926 0.0487964 0.0466917 0.0447404 0.0426988 0.0401367 0.0365817 0.0317645 0.025837 0.0194013
 0.00725416 0.0115828 0.0170627 0.0235368 0.0307585 0.0383203 0.0456 0.0518705 0.0565505 0.0593965 0.0604987 0.0601418 0.0586724 0.0564331 0.053738 0.0508587 0.0480088 0.0453191 0.0427924 0.0402562 0.037367 0.0337236 0.0290797 0.0235462 0.0176315
 0.00753868 0.0120402 0.0177417 0.0244802 0.0319963 0.0398586 0.0474079 0.0538736 0.0586378 0.0614381 0.0623657 0.0617209 0.0598745 0.0571957 0.0540209 0.0506345 0.0472546 0.0440176 0.0409491 0.0379287 0.034691 0.0309138 0.0263931 0.0212173 0.0158096
 0.00787007 0.0125669 0.0185123 0.0255325 0.0333517 0.0415132 0.0493208 0.0559617 0.0607832 0.0635068 0.064227 0.0632617 0.0610069 0.0578592 0.0541808 0.0502753 0.0463717 0.0426142 0.0390443 0.0355797 0.0320188 0.028112 0.0237027 0.0188687 0.0139579
 0.00813022 0.0129855 0.0191344 0.0263977 0.0344876 0.0429252 0.0509799 0.0577995 0.0626991 0.0653845 0.065951 0.0647285 0.0621297 0.058571 0.0544348 0.0500437 0.0456429 0.0413908 0.0373489 0.0334693 0.0296046 0.0255674 0.0212443 0.0167076 0.0122419
 0.00834424 0.0133397 0.0196789 0.027183 0.0355543 0.0442874 0.0526089 0.0596178 0.0645914 0.0672201 0.0676064 0.0661008 0.0631424 0.0591731 0.0545968 0.0497519 0.0448947 0.0401945 0.0357298 0.0314833 0.0273544 0.0232094 0.0189723 0.0147108 0.0106536
 0.00855155 0.0136698 0.0201637 0.0278504 0.036426 0.0453747 0.0539044 0.0610867 0.0661677 0.0688111 0.0691031 0.0673934 0.0641357 0.0597979 0.0548131 0.0495443 0.0442652 0.0391573 0.0343136 0.0297426 0.0253823 0.0211438 0.016982 0.0129603 0.00925918
 0.00882242 0.0140821 0.0207325 0.0285724 0.037284 0.0463439 0.0549566 0.0621904 0.067288 0.0699093 0.0701363 0.0683123 0.0648834 0.0603141 0.0550422 0.0494443 0.0438127 0.0383496 0.0331701 0.02831 0.0237426 0.0194167 0.0153123 0.011488 0.00808384
 0.00914345 0.0145866 0.0214578 0.0295375 0.0384819 0.0477328 0.0564538 0.0636784 0.0686392 0.0710196 0.0709486 0.0688175 0.0651036 0.060279 0.0547723 0.0489453 0.0430799 0.037378 0.0319668 0.0269059 0.0222013 0.0178354 0.0138098 0.0101788 0.00704687
 0.00929067 0.0148375 0.0218565 0.0301314 0.0393101 0.048808 0.0577436 0.0650992 0.0700676 0.0723177 0.0719944 0.0695283 0.0654476 0.0602715 0.0544594 0.0483811 0.0423087 0.0364281 0.0308582 0.0256645 0.020874 0.0164958 0.0125502 0.00908854 0.00618723
 0.00932793 0.0149118 0.0219948 0.0303704 0.0396914 0.0493681 0.0585015 0.0660449 0.0711557 0.0734677 0.073099 0.0704713 0.0661277 0.0606245 0.0544686 0.0480726 0.041734 0.0356453 0.0299195 0.024617 0.0197682 0.0153938 0.0115239 0.00820604 0.00549445
 0.00932987 0.0149077 0.0219769 0.0303312 0.0396314 0.0493059 0.0584789 0.0661223 0.0713941 0.073905 0.0737302 0.0712424 0.0669447 0.061375 0.0550485 0.0484093 0.041798 0.0354469 0.0294974 0.0240249 0.0190678 0.0146518 0.0108082 0.0075775 0.0049941
 0.00935022 0.0149393 0.022021 0.0303865 0.0396928 0.049364 0.0585232 0.0661476 0.0714098 0.0739408 0.0738305 0.0714486 0.0672728 0.0618004 0.0555075 0.0488167 0.0420731 0.0355361 0.0293845 0.0237301 0.018638 0.014149 0.010298 0.00711705 0.00462203
 0.009495 0.0151471 0.0222828 0.0306765 0.0399757 0.0496067 0.0587037 0.0662569 0.0714487 0.0739171 0.0737607 0.0713601 0.0672017 0.0617806 0.0555545 0.0489159 0.0421811 0.0355958 0.0293469 0.0235721 0.0183688 0.0138053 0.00993041 0.00677487 0.00434065
 0.00957133 0.0152598 0.0224305 0.0308484 0.0401522 0.0497622 0.0588108 0.066293 0.0714038 0.0738001 0.0735991 0.0711922 0.0670656 0.0617053 0.0555549 0.0489897 0.0423067 0.0357347 0.0294528 0.0236058 0.0183125 0.0136678 0.00974236 0.00657532 0.00416317
 0.00951254 0.0151762 0.0223267 0.0307359 0.0400456 0.0496731 0.0587432 0.0662425 0.0713611 0.0737568 0.073553 0.0711506 0.0670439 0.0617224 0.0556264 0.049121 0.0424893 0.0359451 0.0296569 0.0237675 0.0184055 0.0136847 0.00969603 0.00649222 0.00407185
 0.00959658 0.0152999 0.0224891 0.0309281 0.0402543 0.0498846 0.0589463 0.0664267 0.0715134 0.0738595 0.0735868 0.0711015 0.0669119 0.0615251 0.0553959 0.0488953 0.0422995 0.035807 0.0295673 0.0237088 0.0183547 0.0136245 0.00962116 0.00640914 0.00399273
 0.00964362 0.0153554 0.0225342 0.0309331 0.0401878 0.0497278 0.058705 0.0661338 0.0712198 0.0736185 0.0734376 0.0710595 0.0669667 0.0616485 0.055555 0.049064 0.0424646 0.0359646 0.0297158 0.0238426 0.0184641 0.0137003 0.00966021 0.00641691 0.00398062
 0.00990249 0.0157396 0.0230427 0.0315372 0.0408337 0.050346 0.0592196 0.0664749 0.0713389 0.0735038 0.0731209 0.0706066 0.0664554 0.0611456 0.0551027 0.0486797 0.0421491 0.0357119 0.0295188 0.0236938 0.0183544 0.0136189 0.00959738 0.0063663 0.00393978
 0.00999266 0.0158919 0.0232812 0.0318841 0.0412997 0.0509171 0.0598476 0.0670793 0.0718256 0.0737927 0.0731694 0.0704192 0.0660787 0.0606514 0.0545674 0.0481663 0.0416974 0.0353388 0.0292246 0.02347 0.018189 0.0134995 0.00951239 0.00630626 0.00389788
 0.00991074 0.0157808 0.0231556 0.0317741 0.0412457 0.0509593 0.0600138 0.0673753 0.0722279 0.0742483 0.0736039 0.0707558 0.0662608 0.0606597 0.0544226 0.0479176 0.0414034 0.0350497 0.0289727 0.0232691 0.0180389 0.0133927 0.00943894 0.00625696 0.00386548
 0.00993309 0.015818 0.0232139 0.031861 0.0413706 0.0511324 0.0602445 0.067668 0.0725772 0.074634 0.073989 0.0710893 0.0664877 0.0607358 0.0543288 0.0476674 0.0410395 0.0346305 0.0285557 0.0228974 0.017736 0.0131639 0.00927752 0.00615002 0.0037989
 0.00985376 0.0156986 0.0230524 0.0316632 0.0411501 0.0509101 0.0600478 0.0675292 0.0725289 0.0747016 0.0741814 0.0713927 0.0668638 0.0611278 0.0546744 0.0479156 0.0411645 0.0346373 0.028474 0.0227682 0.0175972 0.0130415 0.00918325 0.00608479 0.00375767
 0.0097535 0.0155387 0.0228182 0.0313452 0.0407483 0.0504397 0.0595437 0.0670451 0.0721287 0.0744444 0.0741082 0.0715184 0.0671745 0.0615826 0.0552117 0.0484639 0.0416577 0.0350295 0.0287475 0.0229324 0.0176788 0.0130714 0.0091873 0.00607951 0.00375122
 0.00945962 0.0151027 0.0222395 0.0306502 0.0399822 0.0496534 0.0587857 0.0663608 0.0715642 0.0740476 0.0739232 0.0715759 0.0674821 0.0621182 0.055924 0.0492791 0.0424924 0.0358063 0.0294092 0.0234504 0.018053 0.0133221 0.00934416 0.00617175 0.0038024
 0.00923011 0.0147478 0.0217409 0.0300066 0.0392135 0.0488033 0.0579216 0.0655664 0.070921 0.0736139 0.0737236 0.0716064 0.0677239 0.0625485 0.0565155 0.0499943 0.0432788 0.0365999 0.0301458 0.0240795 0.0185475 0.0136804 0.00958366 0.00631985 0.00388724
 0.00892631 0.0142907 0.0211214 0.0292407 0.0383372 0.0478649 0.0569768 0.0646784 0.0701591 0.073046 0.0734036 0.0715622 0.0679523 0.0630194 0.0571817 0.0508009 0.0441681 0.0375117 0.0310195 0.0248602 0.0191951 0.014177 0.00993484 0.00654824 0.00402365
 0.00890449 0.0142134 0.0209296 0.0288589 0.0376983 0.0469466 0.0558301 0.0634257 0.0689599 0.0720483 0.0727096 0.0712184 0.06796 0.0633483 0.0577807 0.0516049 0.0451041 0.0385047 0.0319974 0.0257588 0.0199646 0.0147886 0.0103835 0.00685076 0.00421029
 0.00973288 0.0153824 0.0223575 0.0303504 0.0389906 0.0477888 0.0560557 0.0629879 0.0679297 0.07059 0.0710433 0.069574 0.0665299 0.0622559 0.0570735 0.0512681 0.0450824 0.0387213 0.0323682 0.026202 0.0204095 0.0151823 0.0106958 0.00707385 0.00435402
 0.0102858 0.0162689 0.0236591 0.0321094 0.0411714 0.0502343 0.0584668 0.0649654 0.0690867 0.0706893 0.0700829 0.0677752 0.0642454 0.0598549 0.0548539 0.0494165 0.0436751 0.0377497 0.0317701 0.0258901 0.0202924 0.0151788 0.0107435 0.00713215 0.00440238
 0.0102864 0.0163582 0.0239568 0.0327816 0.0423875 0.0520951 0.0609328 0.0678214 0.0719642 0.0731419 0.0716942 0.0682704 0.0635702 0.0581857 0.0525331 0.0468424 0.0411957 0.0355997 0.0300593 0.0246276 0.0194233 0.0146195 0.010407 0.00694296 0.004303
 0.00997149 0.0158998 0.0233726 0.0321391 0.0418071 0.0517423 0.0609957 0.068467 0.0732718 0.0750377 0.0739259 0.0704526 0.0652923 0.0591401 0.0526071 0.0461356 0.0399626 0.0341494 0.0286606 0.023453 0.0185414 0.0140191 0.0100337 0.00673017 0.00419164
 0.00958665 0.015295 0.0225044 0.0309905 0.0404025 0.0501664 0.05941 0.0671058 0.0724033 0.0748938 0.074624 0.071939 0.0673329 0.0613713 0.0546379 0.0476644 0.0408581 0.0344616 0.0285633 0.0231555 0.0182135 0.0137572 0.00986564 0.00664209 0.00415509
 0.00947307 0.0150982 0.0221856 0.0305052 0.0397103 0.049248 0.0582872 0.0658563 0.0711637 0.0738464 0.0739669 0.0718392 0.0678707 0.0624951 0.0561574 0.0492973 0.0423188 0.0355517 0.0292214 0.0234447 0.0182636 0.0136986 0.00978794 0.0065859 0.00412662
 0.00952969 0.0151788 0.0222839 0.0306032 0.0397766 0.0492383 0.0581493 0.0655412 0.0706452 0.0731435 0.073159 0.0710628 0.0672912 0.0622578 0.0563336 0.0498487 0.0431035 0.0363755 0.0299114 0.0239069 0.0184968 0.0137653 0.00976794 0.00654107 0.00408885
 0.00969271 0.0154104 0.0225704 0.0309099 0.0400564 0.0494454 0.0582489 0.0655112 0.0704714 0.0728175 0.0726848 0.0704704 0.0666483 0.061668 0.0559125 0.0496839 0.0432158 0.0367057 0.0303433 0.0243172 0.0188021 0.0139423 0.00984095 0.00655319 0.00407728
 0.00972105 0.0154623 0.0226578 0.031044 0.0402399 0.0496641 0.0584672 0.0656778 0.0705357 0.0727476 0.0724761 0.0701433 0.0662399 0.0612283 0.0555035 0.0493742 0.0430627 0.0367315 0.0305205 0.0245779 0.0190672 0.0141536 0.00997668 0.00662283 0.00410426
 0.00957082 0.0152489 0.0223944 0.0307637 0.0399888 0.049487 0.0583943 0.0657165 0.0706679 0.072933 0.0726628 0.070282 0.0662991 0.061203 0.0554157 0.0492658 0.0429843 0.0367259 0.030607 0.0247432 0.0192721 0.0143513 0.0101334 0.00672671 0.00416226
 0.00949668 0.0151287 0.0222156 0.030519 0.0396823 0.0491415 0.0580548 0.0654433 0.0705181 0.0729381 0.072814 0.0705331 0.066584 0.0614591 0.0556032 0.0493769 0.0430398 0.036763 0.0306616 0.0248348 0.0193973 0.0144893 0.0102588 0.00682258 0.00422443
 0.00938153 0.0149516 0.0219678 0.0301987 0.0392944 0.048698 0.0575771 0.0649662 0.0700908 0.0726186 0.0726554 0.0705661 0.0668031 0.0618212 0.056041 0.0498218 0.0434431 0.037105 0.0309476 0.0250806 0.0196155 0.0146819 0.0104198 0.00694528 0.00430796
 0.00938236 0.0149538 0.0219721 0.0302054 0.0393019 0.0487008 0.0575649 0.0649248 0.0700073 0.0724878 0.0724869 0.0703862 0.0666487 0.0617269 0.0560244 0.0498768 0.0435449 0.037224 0.0310625 0.0251838 0.0197082 0.0147666 0.0104956 0.00700835 0.00435493
 0.0093131 0.0148398 0.0217988 0.0299605 0.0389803 0.0483113 0.0571351 0.0644988 0.0696344 0.0722086 0.072323 0.0703398 0.0667102 0.0618831 0.0562626 0.0501821 0.0438964 0.0375941 0.0314215 0.0255074 0.0199821 0.0149866 0.0106637 0.00712976 0.00443678
 0.00953469 0.0151744 0.0222533 0.0305208 0.0396111 0.0489591 0.0577322 0.0649716 0.0699184 0.0722658 0.0721527 0.0699765 0.0662114 0.0613137 0.0556838 0.0496445 0.0434354 0.0372277 0.0311506 0.0253204 0.0198613 0.014914 0.0106243 0.0071116 0.00443078
 0.00954518 0.0151893 0.022272 0.0305419 0.0396331 0.0489818 0.0577565 0.064998 0.0699446 0.0722848 0.0721546 0.0699521 0.0661567 0.0612333 0.0555896 0.0495528 0.0433625 0.0371854 0.0311435 0.0253449 0.0199076 0.0149698 0.0106784 0.00715699 0.00446448
 0.00924269 0.0147165 0.0215974 0.0296533 0.038545 0.0477431 0.0564578 0.0637676 0.0689266 0.0716049 0.0718887 0.0701113 0.0666916 0.062052 0.056583 0.0506171 0.0444148 0.0381685 0.0320231 0.0261022 0.0205341 0.0154644 0.0110477 0.00741497 0.00463151
 0.00972904 0.0154464 0.0225803 0.0308514 0.0398758 0.0490893 0.0576791 0.0647169 0.0694772 0.0716848 0.0715036 0.0693427 0.0656705 0.0609215 0.0554655 0.0495967 0.0435356 0.0374441 0.0314486 0.025664 0.0202147 0.015244 0.010905 0.00732915 0.00458396
 0.00969166 0.0154194 0.0226011 0.030973 0.0401492 0.049538 0.058277 0.0653868 0.0701105 0.0721735 0.0717694 0.0693533 0.0654421 0.0605101 0.0549499 0.0490581 0.0430395 0.0370301 0.0311309 0.0254381 0.0200657 0.0151539 0.0108562 0.00730655 0.00457595
 0.00958595 0.0152651 0.0224034 0.0307536 0.0399474 0.0494073 0.0582768 0.0655657 0.0704844 0.0727071 0.0723756 0.0699163 0.0658553 0.0607095 0.0549287 0.0488596 0.0427347 0.0366932 0.0308196 0.0251854 0.0198819 0.0150328 0.0107842 0.00726829 0.00455819
 0.00931405 0.0148496 0.021829 0.030027 0.0390998 0.0484954 0.0573839 0.0647981 0.0699562 0.0725125 0.0725588 0.0704524 0.0666514 0.0616293 0.0558319 0.0496396 0.0433403 0.0371263 0.0311157 0.0253897 0.0200308 0.0151482 0.0108752 0.00733756 0.0046073
 0.00930402 0.0148166 0.0217487 0.0298672 0.0388294 0.0480983 0.0568721 0.0642162 0.0693743 0.0720128 0.0722198 0.0703333 0.0667774 0.061981 0.0563453 0.050222 0.0438983 0.0375927 0.0314634 0.0256267 0.0201846 0.0152481 0.0109427 0.00738486 0.00464012
 0.00953313 0.0151554 0.0221944 0.0303911 0.0393794 0.0486066 0.057265 0.0644256 0.0693539 0.0717548 0.071764 0.0697608 0.0661894 0.0614711 0.0559747 0.0500069 0.0438119 0.0375833 0.0314781 0.0256308 0.0201672 0.0152159 0.010908 0.00735679 0.00462181
 0.00981059 0.0155981 0.0228427 0.0312702 0.0404864 0.0498943 0.058629 0.0657095 0.0703801 0.0723709 0.0718841 0.069385 0.0653986 0.0604018 0.0547848 0.0488391 0.0427668 0.0367084 0.030776 0.0250788 0.0197371 0.0148859 0.0106637 0.00718629 0.0045119
 0.0101883 0.0162069 0.0237474 0.0325236 0.0421132 0.051868 0.0608485 0.0679925 0.0724853 0.0740446 0.0729133 0.0696408 0.064861 0.0591619 0.0530226 0.0467828 0.0406437 0.0347044 0.029013 0.023614 0.0185783 0.0140105 0.0100343 0.00675935 0.00424162
 0.00996045 0.0158792 0.0233367 0.0320806 0.0417197 0.0516249 0.0608595 0.0683426 0.0732129 0.0751148 0.0742061 0.0709679 0.0660099 0.0599521 0.0533527 0.046651 0.0401379 0.0339654 0.0281903 0.0228286 0.0179057 0.0134816 0.00964803 0.00649631 0.00407512
 0.00974227 0.0155196 0.0227897 0.0313094 0.040716 0.0504343 0.0596009 0.0672019 0.0724038 0.0748175 0.0745111 0.0718469 0.06732 0.0614716 0.0548372 0.0478945 0.0410191 0.0344637 0.0283676 0.0227904 0.017759 0.0133081 0.00949483 0.00638159 0.00399901
 0.00925832 0.014735 0.0216149 0.029669 0.0385716 0.0478191 0.0566548 0.0641825 0.0696561 0.0727074 0.0733466 0.071809 0.0684193 0.0635414 0.0575687 0.050909 0.0439543 0.0370473 0.0304542 0.0243556 0.0188626 0.0140477 0.00996986 0.00667442 0.0041712
 0.00960784 0.015252 0.0222931 0.0304569 0.0393699 0.0484878 0.057028 0.0640995 0.0690109 0.0715037 0.0717279 0.0700409 0.0668224 0.0623989 0.057045 0.0510087 0.0445374 0.0378913 0.0313342 0.0251091 0.0194153 0.0144014 0.010169 0.00677368 0.00421519
 0.00959595 0.0152634 0.0223656 0.0306399 0.0397055 0.048982 0.057626 0.0646825 0.0694198 0.0715844 0.071383 0.0692703 0.0657397 0.0612117 0.0559981 0.0503073 0.0442815 0.0380514 0.0317794 0.0256689 0.0199441 0.0148151 0.010447 0.00693709 0.00430015
 0.00952134 0.0151858 0.0223304 0.0307185 0.0399791 0.049513 0.0584287 0.0657044 0.0705411 0.0726335 0.0721673 0.0696211 0.065562 0.060523 0.0549348 0.0490894 0.0431443 0.0371719 0.0312298 0.0254174 0.0198949 0.0148624 0.0105138 0.00698645 0.00432546
 0.00900018 0.0144273 0.0213564 0.0296136 0.0388772 0.0485684 0.0577874 0.0654812 0.070797 0.0733528 0.0732457 0.0708765 0.0667749 0.061494 0.055541 0.0493176 0.0430854 0.0369765 0.0310443 0.0253316 0.0199252 0.0149714 0.0106468 0.00710175 0.00440558
#obs surv len freq
 nan nan nan nan nan nan nan nan nan nan nan nan nan nan nan nan nan nan nan nan nan nan nan nan nan
 0.00448279 0.0073436 0.0111735 0.0159906 0.021693 0.0279708 0.0342871 0.0400199 0.0447 0.0481633 0.0505199 0.052014 0.0529045 0.0534152 0.0537281 0.053982 0.0542598 0.0545521 0.0546905 0.0542823 0.0527203 0.0493527 0.0438028 0.0362834 0.0276677
 0.0046184 0.00756441 0.0115062 0.0164594 0.0223137 0.0287422 0.035182 0.0409822 0.0456517 0.0490197 0.051205 0.0524722 0.0531064 0.0533586 0.0534341 0.053487 0.0536072 0.0537846 0.0538474 0.0534005 0.0518389 0.0485147 0.043053 0.0356596 0.027191
 0.00477896 0.00782891 0.0119106 0.0170392 0.0230963 0.0297356 0.0363621 0.0422887 0.0469949 0.0502959 0.0523128 0.0533243 0.0536374 0.0535309 0.0532404 0.0529491 0.0527695 0.052706 0.052594 0.0520428 0.0504523 0.0471801 0.0418507 0.0346559 0.0264224
 0.00496603 0.00813475 0.0123743 0.0176987 0.0239822 0.0308596 0.0377055 0.0437961 0.0485797 0.0518535 0.0537345 0.0545077 0.054494 0.0539922 0.0532638 0.0525226 0.0519128 0.0514687 0.0510515 0.0502923 0.0486089 0.0453712 0.040202 0.0332701 0.0253573
 0.00517838 0.00848138 0.0128987 0.0184424 0.0249772 0.0321164 0.0392004 0.0454667 0.0503332 0.0535831 0.0553346 0.0558811 0.0555534 0.0546614 0.0534807 0.0522452 0.0511267 0.0501941 0.0493491 0.048265 0.0463999 0.0431514 0.0381466 0.0315251 0.0240078
 0.00540785 0.00885742 0.0134702 0.0192568 0.0260714 0.0335023 0.0408501 0.0473078 0.052259 0.0554738 0.0570761 0.057375 0.0567181 0.0554287 0.0537926 0.0520532 0.0503976 0.0489207 0.0475655 0.046061 0.043926 0.0406077 0.035751 0.0294669 0.0224031
 0.00564406 0.00924617 0.0140642 0.0201082 0.0272221 0.0349678 0.0426034 0.0492725 0.0543209 0.0575018 0.058944 0.0589743 0.0579625 0.0562519 0.0541434 0.0518903 0.049688 0.0476471 0.0457438 0.0437626 0.0412937 0.037852 0.0331166 0.0271766 0.0206018
 0.00589831 0.00966002 0.0146882 0.0209905 0.0283999 0.0364541 0.0443721 0.0512523 0.0564031 0.0595593 0.0608507 0.0606178 0.05925 0.0571117 0.0545225 0.0517495 0.0489976 0.0463903 0.0439297 0.04145 0.0386142 0.0350125 0.0303708 0.0247653 0.0186894
 0.00614768 0.0100688 0.0153095 0.0218756 0.0295879 0.0379561 0.0461554 0.0532358 0.0584701 0.0615812 0.0627073 0.0622079 0.0604919 0.057941 0.0548887 0.0516131 0.0483285 0.0451701 0.0421641 0.0391903 0.0359804 0.0322015 0.0276315 0.0223416 0.016754
 0.00638676 0.0104622 0.0159104 0.0227364 0.0307501 0.0394338 0.0479184 0.0552035 0.060523 0.063584 0.0645321 0.0637485 0.0616687 0.0586986 0.0551898 0.0514313 0.047643 0.0439675 0.0404495 0.037009 0.0334415 0.0294875 0.0249779 0.0199839 0.0148628
 0.0066308 0.0108621 0.016518 0.0236018 0.0319121 0.0409039 0.0496648 0.0571454 0.062541 0.0655429 0.0663031 0.0652235 0.0627666 0.0593658 0.0553964 0.0511633 0.0468952 0.0427404 0.0387568 0.0348964 0.0310091 0.0269019 0.022455 0.0177419 0.0130617
 0.00685153 0.0112269 0.017078 0.0244081 0.033005 0.0422965 0.0513263 0.0589957 0.0644624 0.0674033 0.067978 0.0666095 0.0637861 0.0599671 0.0555511 0.0508612 0.0461383 0.0415396 0.0371357 0.032905 0.0287425 0.0245106 0.0201321 0.0156819 0.0114076
 0.00705824 0.0115653 0.017592 0.0251403 0.0339889 0.0435438 0.0528132 0.0606567 0.0661977 0.069096 0.069513 0.0678864 0.0647271 0.0605196 0.0556861 0.0505695 0.0454245 0.0404193 0.0356384 0.0310836 0.0266879 0.0223589 0.0180532 0.0138448 0.00993546
 0.00725988 0.0118949 0.0180911 0.0258481 0.0349339 0.044731 0.0542116 0.0621958 0.067778 0.070609 0.0708587 0.0689832 0.0655139 0.060955 0.055747 0.0502484 0.0447271 0.0393629 0.034254 0.0294243 0.0248386 0.0204414 0.0162151 0.0122301 0.00864707
 0.00743518 0.0121817 0.0185259 0.0264656 0.0357599 0.0457713 0.0554402 0.0635511 0.0691713 0.0719413 0.0720378 0.0699343 0.0661834 0.0613098 0.0557714 0.0499399 0.0440932 0.0384205 0.0330323 0.0279719 0.0232318 0.0187867 0.0146386 0.0108525 0.00755233
 0.00754341 0.0123592 0.0187964 0.0268529 0.0362846 0.0464444 0.0562557 0.064482 0.0701713 0.0729511 0.0729921 0.0707691 0.0668409 0.0617434 0.055948 0.0498412 0.043714 0.0377683 0.032129 0.0268585 0.021974 0.0174755 0.0133809 0.00974955 0.00667437
 0.00759857 0.0124496 0.0189341 0.0270507 0.0365545 0.0467957 0.0566918 0.0649984 0.0707551 0.0735816 0.0736417 0.0714023 0.0674155 0.0622129 0.0562667 0.0499693 0.0436233 0.0374455 0.0315793 0.0261092 0.0210776 0.0165082 0.0124331 0.00890713 0.00599822
 0.00767117 0.0125569 0.0190759 0.0272209 0.0367443 0.0469982 0.0569059 0.0652289 0.07101 0.0738687 0.0739639 0.0717548 0.067783 0.0625687 0.0565739 0.0501852 0.0437058 0.0373612 0.0313115 0.0256644 0.020489 0.0158345 0.0117483 0.00828428 0.00549072
 0.00771168 0.0126196 0.0191639 0.0273338 0.0368774 0.0471419 0.0570471 0.0653542 0.0711125 0.0739529 0.0740469 0.0718596 0.0679279 0.0627574 0.0567915 0.0503994 0.0438735 0.037438 0.031262 0.0254728 0.020166 0.0154173 0.0112933 0.00785155 0.00512779
 0.00777338 0.0127111 0.0192851 0.027479 0.0370364 0.047303 0.0571986 0.0654852 0.0712136 0.0740178 0.0740759 0.071862 0.0679209 0.0627613 0.0568211 0.0504557 0.0439401 0.0374843 0.0312527 0.0253801 0.0199808 0.0151549 0.0109892 0.00755022 0.00486769
 0.00782329 0.0127906 0.0194014 0.027636 0.0372326 0.0475286 0.0574337 0.0657026 0.0713855 0.0741245 0.0741115 0.0718337 0.067846 0.0626617 0.0567184 0.0503668 0.0438716 0.0374291 0.031192 0.0252906 0.0198462 0.0149744 0.0107793 0.00733846 0.00468136
 0.0078627 0.0128512 0.019486 0.0277453 0.0373652 0.0476813 0.0576009 0.065875 0.0715494 0.0742632 0.0742082 0.0718766 0.067832 0.062598 0.0566205 0.0502535 0.0437592 0.0373263 0.031097 0.0251935 0.0197351 0.0148433 0.0106334 0.00719194 0.00455118
 0.00787386 0.0128683 0.0195098 0.0277759 0.0374021 0.0477237 0.0576483 0.0659272 0.0716066 0.0743254 0.0742738 0.0719407 0.0678867 0.0626342 0.0566321 0.05024 0.0437261 0.037281 0.0310451 0.0251355 0.0196678 0.014764 0.010544 0.00710025 0.00446758
 0.00788505 0.0128814 0.0195205 0.0277772 0.0373871 0.0476888 0.0575961 0.0658669 0.0715512 0.0742881 0.0742641 0.0719625 0.0679373 0.0627052 0.0567111 0.0503143 0.0437858 0.0373213 0.0310653 0.0251369 0.0196519 0.0147325 0.0105002 0.0070502 0.00441886
 0.00788862 0.0128861 0.0195251 0.0277794 0.037383 0.0476734 0.0575645 0.0658161 0.071483 0.0742105 0.0741909 0.0719097 0.0679173 0.0627231 0.0567631 0.0503893 0.0438695 0.0374 0.0311292 0.0251807 0.0196742 0.0147352 0.0104874 0.00702766 0.00439309
 0.00790695 0.0129101 0.0195507 0.0277991 0.0373883 0.047658 0.0575263 0.0657582 0.0714114 0.0741322 0.0741134 0.0718407 0.0678659 0.0626978 0.0567694 0.050427 0.0439317 0.0374752 0.0312044 0.0252449 0.0197209 0.0147623 0.0104971 0.00702476 0.00438335
 0.00791204 0.012916 0.0195549 0.0277974 0.0373751 0.0476274 0.0574742 0.0656836 0.0713182 0.0740296 0.0740138 0.0717573 0.0678095 0.0626748 0.0567816 0.0504725 0.0440048 0.0375669 0.031303 0.0253385 0.0197996 0.0148206 0.0105343 0.00704415 0.00439035
 0.00788992 0.0128802 0.0195014 0.0277228 0.0372776 0.0475082 0.0573383 0.0655403 0.0711795 0.0739075 0.0739187 0.0716975 0.0677901 0.0626979 0.0568458 0.0505726 0.0441327 0.0377118 0.0314527 0.0254807 0.0199236 0.0149192 0.0106052 0.00708971 0.00441609
 0.00786961 0.0128448 0.019444 0.0276358 0.0371552 0.0473494 0.0571504 0.0653385 0.0709843 0.0737395 0.0737946 0.071627 0.0677766 0.0627393 0.0569363 0.0507035 0.0442934 0.0378903 0.0316359 0.0256556 0.0200786 0.0150461 0.0107004 0.00715473 0.00445607
 0.00786593 0.0128354 0.0194232 0.027596 0.0370881 0.0472489 0.0570149 0.0651733 0.0708014 0.0735562 0.0736305 0.0715008 0.0677022 0.0627236 0.0569787 0.0507974 0.0444276 0.0380515 0.0318096 0.0258274 0.0202357 0.0151787 0.0108031 0.00722734 0.00450259
 0.0078121 0.0127534 0.01931 0.0274522 0.0369174 0.047057 0.0568095 0.064964 0.0706003 0.0733772 0.0734877 0.0714072 0.0676677 0.0627536 0.0570722 0.0509474 0.0446218 0.0382738 0.0320427 0.0260541 0.0204409 0.0153514 0.0109376 0.0073235 0.00456534
 0.0078078 0.0127367 0.0192676 0.0273669 0.0367739 0.0468503 0.056551 0.0646811 0.0703275 0.0731452 0.0733162 0.0713037 0.0676322 0.0627824 0.0571609 0.0510897 0.0448088 0.0384927 0.0322775 0.0262875 0.0206563 0.0155358 0.0110834 0.00742937 0.00463552
 0.00777373 0.0126843 0.0191937 0.0272692 0.0366493 0.0466943 0.0563587 0.0644517 0.0700696 0.0728803 0.0730758 0.0711208 0.0675312 0.0627732 0.057239 0.0512413 0.0450158 0.0387364 0.0325387 0.0265473 0.0208971 0.0157432 0.0112486 0.00755035 0.00471649
 0.00773956 0.0126289 0.0191108 0.0271536 0.0364992 0.0465126 0.0561545 0.0642388 0.0698624 0.0726901 0.0729104 0.0709881 0.0674419 0.0627405 0.0572736 0.0513463 0.0451845 0.0389536 0.0327844 0.0268 0.0211366 0.0159531 0.0114184 0.00767638 0.00480186
 0.00933489 0.0148595 0.0217974 0.029906 0.0388295 0.0480169 0.0566567 0.0638169 0.0687642 0.0712082 0.0712899 0.0693928 0.0659635 0.0614229 0.0561355 0.0503939 0.0444161 0.0383601 0.032349 0.0264994 0.0209438 0.01584 0.0113594 0.00765029 0.00479317
 0.00932659 0.0151418 0.0227434 0.031977 0.0423738 0.0529977 0.06248 0.0694286 0.0730243 0.073341 0.0711401 0.0673651 0.0627441 0.057686 0.0523766 0.0469041 0.0413342 0.0357354 0.030185 0.024775 0.0196221 0.0148722 0.0106875 0.00721184 0.00452649
 0.00898128 0.0146011 0.0219902 0.031066 0.0414844 0.0524683 0.0627657 0.0709375 0.0758711 0.0771647 0.0751504 0.0706417 0.0646193 0.0579757 0.0513474 0.0450556 0.0391653 0.0336093 0.0283066 0.0232288 0.0184198 0.0139864 0.0100713 0.00680976 0.00428226
 0.00879648 0.0142919 0.0215094 0.0303683 0.0405446 0.0513139 0.0615188 0.0698413 0.075268 0.0774004 0.0764179 0.0728363 0.0673097 0.0605438 0.053237 0.045984 0.0391775 0.0329766 0.0273625 0.022245 0.0175593 0.0133158 0.00959364 0.00649594 0.00409195
 0.00872257 0.0141621 0.0212953 0.0300358 0.0400588 0.0506509 0.0606804 0.0688725 0.0742725 0.0765475 0.0759271 0.0729221 0.0680878 0.0619424 0.0549787 0.0476748 0.0404647 0.0336821 0.027516 0.022017 0.0171553 0.0128968 0.00924826 0.00625099 0.00393767
 0.00870542 0.0141311 0.0212422 0.0299484 0.0399207 0.050442 0.0603798 0.068464 0.0737542 0.075946 0.0753112 0.0724073 0.0678199 0.0620504 0.0555101 0.0485483 0.0414815 0.0346015 0.0281561 0.0223181 0.0171746 0.0127511 0.00905064 0.00607426 0.0038107
 0.00869899 0.014121 0.0212272 0.0299268 0.0398895 0.0503954 0.0603082 0.0683538 0.0735893 0.0757128 0.0750068 0.072052 0.0674661 0.0617818 0.0554193 0.0486976 0.0418631 0.0351266 0.0286878 0.0227315 0.0174077 0.012816 0.00900648 0.00598728 0.0037271
 0.00869096 0.0141067 0.0212036 0.0298906 0.039838 0.0503285 0.0602285 0.0682657 0.073496 0.0756126 0.074893 0.0719162 0.0673074 0.0616162 0.0552849 0.0486457 0.041936 0.035331 0.0289826 0.0230425 0.0176617 0.0129728 0.00906811 0.00598457 0.00369634
 0.00865484 0.0140529 0.0211318 0.0298035 0.0397405 0.0502259 0.0601259 0.0681679 0.0734077 0.0755382 0.0748347 0.0718725 0.0672731 0.061586 0.0552601 0.0486393 0.0419703 0.0354262 0.0291414 0.023242 0.0178615 0.013134 0.00917086 0.00603219 0.00370681
 0.00866713 0.014068 0.0211455 0.0298093 0.0397319 0.0501992 0.0600826 0.0681141 0.0733512 0.0754846 0.0747858 0.0718272 0.067229 0.0615417 0.0552164 0.0486011 0.0419476 0.035432 0.0291852 0.0233224 0.0179634 0.0132345 0.00924995 0.00608124 0.00372912
 0.00863458 0.0140225 0.0210907 0.0297523 0.0396808 0.0501587 0.0600518 0.0680875 0.0733227 0.0754524 0.0747533 0.0718005 0.0672131 0.0615379 0.0552226 0.0486147 0.0419682 0.0354628 0.0292307 0.0233847 0.0180384 0.0133119 0.00931757 0.00613065 0.00375881
 0.00864919 0.0140385 0.021101 0.0297468 0.0396504 0.0501011 0.059975 0.0680073 0.0732563 0.0754094 0.0747334 0.0717965 0.0672166 0.061544 0.0552304 0.0486253 0.0419832 0.035484 0.0292602 0.0234237 0.0180858 0.0133628 0.00936524 0.00616895 0.00378492
 0.0086431 0.014034 0.0211034 0.029763 0.0396847 0.0501511 0.0600289 0.0680479 0.0732683 0.075388 0.0746858 0.0717371 0.0671594 0.0614966 0.0551944 0.0485993 0.0419657 0.0354749 0.0292602 0.0234335 0.0181046 0.0133879 0.00939212 0.00619305 0.00380319
 0.00862539 0.0140076 0.0210686 0.0297225 0.039644 0.0501181 0.0600125 0.0680543 0.0732979 0.0754328 0.074732 0.0717713 0.0671744 0.061494 0.0551813 0.0485835 0.0419529 0.0354677 0.0292596 0.0234396 0.0181168 0.0134047 0.00941076 0.00621052 0.00381719
 0.00863006 0.0140095 0.0210613 0.029697 0.0395923 0.0500378 0.0599103 0.0679465 0.0732052 0.0753736 0.0747158 0.0717956 0.0672274 0.0615599 0.0552466 0.0486407 0.0420004 0.0355074 0.0292944 0.0234715 0.0181467 0.0134322 0.00943514 0.0062306 0.00383225
 0.00863006 0.0140095 0.0210613 0.029697 0.0395923 0.0500378 0.0599103 0.0679465 0.0732052 0.0753736 0.0747158 0.0717956 0.0672274 0.0615599 0.0552466 0.0486407 0.0420004 0.0355074 0.0292944 0.0234715 0.0181467 0.0134322 0.00943514 0.0062306 0.00383225
 0.00823894 0.0133974 0.0201863 0.0285424 0.0381763 0.0484252 0.0582216 0.0663521 0.0718956 0.0745142 0.0744061 0.0720507 0.0679827 0.062694 0.0566113 0.0500904 0.0434141 0.0367996 0.0304149 0.0243989 0.01888 0.0139848 0.00982956 0.00649519 0.00399761
 0.00866068 0.0140188 0.0210001 0.0294941 0.0391717 0.0493477 0.0589506 0.0667802 0.0719499 0.0741782 0.0737327 0.0711529 0.0670047 0.0617719 0.0558418 0.0495167 0.0430309 0.0365707 0.0302937 0.0243438 0.0188612 0.0139836 0.00983557 0.00650303 0.00400468
 0.0084934 0.0138129 0.02081 0.0294048 0.0392679 0.0496682 0.0594552 0.0673535 0.0724433 0.0744672 0.0737575 0.070928 0.0666014 0.0612904 0.055382 0.0491557 0.0428087 0.0364883 0.0303222 0.0244405 0.0189844 0.0141029 0.00993404 0.00657522 0.00405247
 0.00854219 0.0138632 0.0208359 0.0293751 0.039167 0.0495213 0.0593372 0.0673642 0.0726538 0.0748688 0.0742512 0.0713655 0.0668536 0.0612999 0.0551756 0.0488184 0.0424415 0.0361721 0.0300996 0.0243163 0.0189381 0.0141048 0.00995747 0.00660243 0.00407476
 0.00836817 0.0136016 0.0204807 0.0289321 0.0386492 0.0489448 0.0587244 0.0667559 0.072121 0.0745074 0.074152 0.0715706 0.0673258 0.0619309 0.0558316 0.0493941 0.0428925 0.0365096 0.0303622 0.0245398 0.0191403 0.0142855 0.0101086 0.00671752 0.00415376
 0.00841681 0.0136594 0.020529 0.0289417 0.0385898 0.048798 0.058493 0.0664627 0.0717984 0.074189 0.0738722 0.0713678 0.0672392 0.061984 0.0560136 0.0496583 0.043175 0.0367589 0.0305567 0.0246854 0.019254 0.0143808 0.0101901 0.00678377 0.00420268
 0.00854938 0.0138766 0.0208566 0.0293979 0.039173 0.0494731 0.0591836 0.0670617 0.0721986 0.0743194 0.0737207 0.0709799 0.0666973 0.0613827 0.0554371 0.049163 0.0427823 0.03646 0.0303288 0.0245079 0.0191164 0.0142801 0.0101237 0.0067458 0.00418454
 0.0087811 0.014258 0.0214378 0.0302238 0.0402689 0.050822 0.0607059 0.0686113 0.0735856 0.0753532 0.0742563 0.0709519 0.0661322 0.0603867 0.0541663 0.0477841 0.0414378 0.0352476 0.0292984 0.0236723 0.0184666 0.0137971 0.00978391 0.00652233 0.00404876
 0.00899721 0.0146229 0.0220111 0.0310668 0.0414276 0.0523018 0.0624472 0.0704823 0.0754 0.0769066 0.0753643 0.0714812 0.0660215 0.0596587 0.0529236 0.0461896 0.0396801 0.0335039 0.0277055 0.0223143 0.0173781 0.0129746 0.0091991 0.00613341 0.00380875
 0.0087795 0.0142926 0.0215614 0.0305166 0.040828 0.05174 0.0620423 0.070365 0.0756741 0.0776043 0.0764196 0.0727379 0.0672737 0.0607054 0.0536189 0.0464727 0.0395788 0.0331134 0.0271526 0.02172 0.0168325 0.0125281 0.00886726 0.00590759 0.00366786
 0.00858011 0.0139448 0.0209975 0.0296678 0.039652 0.0502595 0.060377 0.0687303 0.0743368 0.0768102 0.0763247 0.0733667 0.0685149 0.0623425 0.0553858 0.0481186 0.0409241 0.0340776 0.0277486 0.0220237 0.0169429 0.0125348 0.00883336 0.00586836 0.00363758
 0.00809273 0.0131534 0.0198101 0.0280051 0.0374701 0.0475848 0.0573416 0.065585 0.0714233 0.0744983 0.0749361 0.0731075 0.0694295 0.0642988 0.0581009 0.0512216 0.0440389 0.0368994 0.0300905 0.0238234 0.0182354 0.0134097 0.00939528 0.00621176 0.00383678
 0.00858816 0.013881 0.0207561 0.0290938 0.038569 0.0485214 0.0579262 0.0656421 0.0708359 0.0732592 0.0731806 0.0711022 0.0675125 0.0627903 0.0572143 0.0510109 0.0443994 0.0376207 0.0309366 0.0246043 0.0188449 0.0138235 0.00964314 0.00634393 0.00390005
 0.00845435 0.0137422 0.0206891 0.029209 0.0389678 0.0492353 0.0588701 0.0666171 0.0715876 0.0735629 0.0729144 0.070282 0.0662865 0.0614009 0.0559364 0.0500777 0.043939 0.0376275 0.0312919 0.0251346 0.0193882 0.0142742 0.00996211 0.00654109 0.00400797
