SBPRF35
9.8975
Curr Bio
693846
B35
750013
F35
0.191711
FOFL
0.176354
OFL
97147.9
Bzero
2.82786e+006
#pred survey bio
 4.0131e+006 3.8219e+006 3.64995e+006 3.429e+006 3.18202e+006 2.89964e+006 2.64916e+006 2.38547e+006 2.15163e+006 1.92781e+006 1.71009e+006 1.50671e+006 1.31043e+006 1.13962e+006 1.02449e+006 919466 813368 746499 699537 664946 636949 624255 601906 591107 589110 579812 581320 577561 578652 575327 573170 580929 583626 576640 565249 546369 532582 533941 532722 528905 540651 544325 551892 562990 570506 565416 569253 566173 558952 561878 564066 634895 620198 592600 616543 593771 568899 557625 601223 638104 616311 587044 589090 609548 656184 703615 700732 2.44854e+007 1.51097e+007 1.56716e+007 1.64958e+007 1.74476e+007 1.83924e+007 1.92442e+007 1.99643e+007 2.05469e+007 2.1004e+007 2.13552e+007 2.16214e+007 2.18214e+007 2.1971e+007 2.20829e+007 2.21665e+007 2.22292e+007 2.22765e+007 2.23122e+007 2.23394e+007 2.23601e+007 2.2376e+007 2.23883e+007 2.23978e+007 2.24052e+007 2.24109e+007 2.24154e+007 2.24189e+007 2.24217e+007 2.24239e+007 2.24256e+007 2.24269e+007 2.2428e+007 2.24289e+007 2.24295e+007 2.24301e+007 2.24305e+007 2.24308e+007 2.24311e+007 2.24313e+007 2.24315e+007 2.24316e+007 2.24317e+007 2.24318e+007 2.24319e+007 2.24319e+007 2.2432e+007 2.2432e+007 2.2432e+007 2.24321e+007 2.24321e+007 2.24321e+007 2.24321e+007 2.24321e+007 2.24321e+007 2.24321e+007 2.24321e+007 2.24321e+007 2.24321e+007 2.24321e+007 2.24321e+007 2.24321e+007 2.24321e+007 2.24321e+007 2.24321e+007 2.24321e+007 2.24321e+007 2.24321e+007 2.24321e+007 2.24321e+007 2.24321e+007 2.24321e+007 2.24321e+007 2.24321e+007 2.24321e+007 2.24321e+007 2.24321e+007 2.24321e+007 2.24321e+007 2.24321e+007 2.24321e+007 2.24321e+007 2.24321e+007 2.24321e+007 2.24321e+007 2.24321e+007 2.24321e+007 2.24321e+007 2.24321e+007 2.24321e+007 2.24321e+007 2.24321e+007 2.24321e+007 2.24321e+007 2.24321e+007 2.24321e+007 2.24321e+007 2.24321e+007 2.24321e+007 2.24321e+007 0 0 0 0 0 0 0 0 0 0 0 0 0 0 0 0 0 0 0 0 0 0 0 0 0
#obs survey bio
 4.85591e+006 3.01739e+006 2.31712e+006 3.65843e+006 2.25026e+006 2.90944e+006 3.32743e+006 1.98176e+006 1.99408e+006 1.67772e+006 1.6086e+006 1.30122e+006 1.11713e+006 1.20969e+006 1.04013e+006 598457 791413 773314 599246 560760 654735 638289 568452 542094 361673 346952 630935 484578 784790 414636 550760 612406 634089 650630 898996 530033 455073 549740 655299 573232 466782 562975 474757 641932 464150 752224 552645 615576 682340 499936 662312 549463 580913 639960 739106 680532 485030 471526 646160 722221 588309 528169 607107 639106 725653 725072 712152
#pred catch bio
 114206 102814 159633 200220 253554 247238 281576 275524 285055 295014 293686 294045 273650 225151 216000 214377 177112 157288 144219 136166 121415 127867 116514 108797 114598 104478 107027 100472 101834 98622.5 88637.8 91130 96293.9 95736.1 97403 90974.9 80709.6 87290 92246 81083.5 89370.1 86799.7 85118.1 89664.7 100737 92917 98252.5 100633 91666 92619.8 37281.9 110345 118437 75096.5 115515 116235 105031 61490.7 70380.5 119925 125388 101015 90096.6 73875 78907.6 123481 120818 97147.9 107568 110626 115426 121483 127609 133074 137589 141127 143795 145751 147153 148141 148828 149300 149622 149841 149988 150086 150152 150196 150226 150245 150258 150266 150272 150276 150278 150280 150281 150281 150282 150282 150282 150282 150282 150283 150283 150283 150283 150283 150283 150283 150283 150283 150283 150283 150283 150283 150283 150283 150283 150283 150283 150283 150283 150283 150283 150283 150283 150283 150283 150283 150283 150283 150283 150283 150283 150283 150283 150283 150283 150283 150283 150283 150283 150283 150283 150283 150283 150283 150283 150283 150283 150283 150283 150283 150283 150283 150283 150283 150283 150283 150283 150283 150283 150283 150283 150283 150283 0 0 0 0 0 0 0 0 0 0 0 0 0 0 0 0 0 0 0 0 0 0 0 0 0
#obs catch bio
 0 102431 160374 201030 255936 249442 284971 279146 288542 300053 299154 301720 280806 228622 218293 218906 179143 159308 146051 138127 122504 129442 117811 109845 116865 106203 108646 101191 102332 99139.4 88942.9 91383.6 96577.3 95700.8 96890.9 90330.1 80118.7 86533.5 91626.7 80439 89130.3 86216.1 84450.3 89094.1 100715 92424.4 97886.5 99985.8 90788.3 93130.8 36645.3 110433 118463 74203.6 114675 114935 104648 61064.6 69851.9 119341 124715 100395 90009.6 73852.4 78775.9 124210 120810
#pred cpue bio
 3.95117e+006 3.76319e+006 3.59298e+006 3.37259e+006 3.1264e+006 2.84507e+006 2.59537e+006 2.33289e+006 2.1001e+006 1.87747e+006 1.66127e+006 1.45979e+006 1.26613e+006 1.09819e+006 985009 881746 777794 712534 666909 633377 606307 594091 572470 561981 559963 550936 552736 549786 551496 548751 546991 554932 558148 552061 541854 524201 510305 510074 507706 503714 515152 518825 526217 536840 543919 538932 542804 540035 533157 535935 538008 607322 593659 566520 589353 567114 542507 530967 573353 609904 588764 559258 560075 579288 624376 670571 667812 2.33434e+007 1.44227e+007 1.49085e+007 1.56434e+007 1.65625e+007 1.74992e+007 1.83493e+007 1.90691e+007 1.96517e+007 2.01087e+007 2.04599e+007 2.07261e+007 2.09261e+007 2.10758e+007 2.11876e+007 2.12713e+007 2.1334e+007 2.13812e+007 2.1417e+007 2.14441e+007 2.14648e+007 2.14808e+007 2.1493e+007 2.15025e+007 2.15099e+007 2.15157e+007 2.15201e+007 2.15237e+007 2.15264e+007 2.15286e+007 2.15303e+007 2.15317e+007 2.15327e+007 2.15336e+007 2.15343e+007 2.15348e+007 2.15352e+007 2.15356e+007 2.15358e+007 2.15361e+007 2.15362e+007 2.15364e+007 2.15365e+007 2.15366e+007 2.15366e+007 2.15367e+007 2.15367e+007 2.15368e+007 2.15368e+007 2.15368e+007 2.15368e+007 2.15368e+007 2.15368e+007 2.15369e+007 2.15369e+007 2.15369e+007 2.15369e+007 2.15369e+007 2.15369e+007 2.15369e+007 2.15369e+007 2.15369e+007 2.15369e+007 2.15369e+007 2.15369e+007 2.15369e+007 2.15369e+007 2.15369e+007 2.15369e+007 2.15369e+007 2.15369e+007 2.15369e+007 2.15369e+007 2.15369e+007 2.15369e+007 2.15369e+007 2.15369e+007 2.15369e+007 2.15369e+007 2.15369e+007 2.15369e+007 2.15369e+007 2.15369e+007 2.15369e+007 2.15369e+007 2.15369e+007 2.15369e+007 2.15369e+007 2.15369e+007 2.15369e+007 2.15369e+007 2.15369e+007 2.15369e+007 2.15369e+007 2.15369e+007 2.15369e+007 2.15369e+007 2.15369e+007 2.15369e+007 2.15369e+007 0 0 0 0 0 0 0 0 0 0 0 0 0 0 0 0 0 0 0 0 0 0 0 0 0
#obs cpue bio
 4.85016e+006 3.14304e+006 2.53071e+006 2.94409e+006 2.99671e+006 1.76467e+006 2.2043e+006 1.91285e+006 2.60188e+006 1.38881e+006 1.37955e+006 931742 1.16281e+006 1.17779e+006 1.175e+006 711047 895422 513330 627372 567236 583512 485168 480262 518878 447033 697062 513200 855062 472194 691543 522297 571150 526884 603649 553601 688204 618983 678155 422519 482276 501042 708638 729726 452667 496325 534742 573006 687906 582336 350353 704931 785526 519006 786923 649010 625032 535614 541843 727955 634901 607782 649974 431734 402175 580640 616234 785939
#pred surv len freq
 0.00429849 0.00709746 0.0109036 0.0157702 0.0216169 0.0281308 0.0347488 0.0408115 0.0458132 0.0495631 0.0521555 0.0538283 0.0548346 0.0553792 0.0555988 0.055563 0.0552889 0.0547513 0.0538638 0.0524244 0.0500753 0.0463683 0.0409843 0.0340173 0.0261128
 0.00460243 0.00749056 0.0113126 0.0160752 0.0216976 0.027932 0.0343235 0.0403053 0.0453927 0.0493309 0.0521074 0.0538728 0.054858 0.0553122 0.0554514 0.0554154 0.0552468 0.0548873 0.0541726 0.0528151 0.0504092 0.0465248 0.040917 0.0337681 0.025779
 0.00476568 0.00779773 0.0118437 0.0169078 0.0228619 0.0293562 0.0358096 0.0415749 0.0461975 0.0495649 0.0518429 0.0532952 0.0541527 0.0545861 0.0547308 0.0546979 0.0545504 0.0542578 0.0536507 0.052398 0.0500426 0.0461345 0.040458 0.0332534 0.025269
 0.00494753 0.00808692 0.0122709 0.0175077 0.023677 0.0304333 0.0371781 0.0432059 0.047965 0.051243 0.0531612 0.0540385 0.0542436 0.0540986 0.0538299 0.0535573 0.0533029 0.0529919 0.0524249 0.0512466 0.048974 0.0451386 0.0395282 0.0324062 0.0245423
 0.00516938 0.00844537 0.0128058 0.0182537 0.0246569 0.0316497 0.0386068 0.0447978 0.0496539 0.0529464 0.0547683 0.0553968 0.0551743 0.0544479 0.053531 0.0526585 0.0519427 0.0513435 0.0506458 0.0494561 0.047253 0.0435424 0.0381006 0.0311876 0.0235659
 0.00540955 0.0088405 0.013409 0.0191168 0.0258196 0.0331226 0.0403547 0.0467354 0.0516607 0.0548938 0.0565409 0.0568963 0.0563066 0.0551112 0.0536236 0.0521112 0.0507575 0.0496085 0.0485173 0.0471186 0.0448841 0.0412942 0.036094 0.0295099 0.0222632
 0.00563056 0.00919854 0.0139463 0.0198739 0.0268307 0.0344058 0.0419003 0.0484972 0.0535568 0.0568166 0.0583716 0.0585185 0.0576148 0.0560117 0.0540312 0.0519497 0.0499754 0.0482062 0.0465697 0.0447766 0.0423505 0.0387867 0.0338083 0.0275898 0.0207824
 0.00589669 0.00962964 0.0145921 0.0207791 0.0280265 0.0358969 0.0436514 0.0504307 0.0555651 0.058784 0.0601909 0.0600968 0.0588708 0.0568714 0.0544248 0.0518123 0.0492525 0.0468708 0.0446478 0.0423703 0.0396423 0.0360151 0.0312204 0.025386 0.0190757
 0.00615108 0.0100422 0.0152114 0.02165 0.0291822 0.0373459 0.0453641 0.0523334 0.05755 0.0607289 0.0619802 0.0616338 0.0600802 0.0576946 0.0548119 0.0517149 0.0486229 0.0456731 0.0428815 0.0400993 0.0370146 0.0332546 0.0285849 0.0231043 0.0172899
 0.00639186 0.0104395 0.0158198 0.0225237 0.0303635 0.0388479 0.0471532 0.0543239 0.0596174 0.0627352 0.0637976 0.0631581 0.061235 0.0584285 0.0550918 0.0515163 0.0479227 0.0444511 0.0411367 0.0378782 0.0344382 0.0305233 0.0259469 0.0207945 0.0154653
 0.00661146 0.0108061 0.0163895 0.0233554 0.0315073 0.0403267 0.0489427 0.0563446 0.0617439 0.0648189 0.065692 0.0647375 0.0624055 0.0591314 0.055299 0.0512206 0.047126 0.043159 0.0393659 0.0356781 0.0319171 0.02786 0.0233698 0.0185272 0.0136642
 0.00676289 0.0110708 0.0168227 0.0240213 0.0324666 0.0416161 0.0505537 0.0582137 0.0637604 0.0668446 0.0675822 0.0663585 0.0636464 0.0599131 0.055577 0.0509805 0.0463755 0.0419194 0.0376723 0.0335919 0.0295455 0.0253667 0.0209604 0.0164048 0.0119731
 0.00693815 0.0113606 0.0172689 0.0246683 0.0333558 0.0427744 0.0519801 0.0598687 0.0655652 0.0686892 0.0693389 0.0678977 0.0648523 0.0606962 0.0558805 0.0507803 0.0456747 0.0407425 0.0360639 0.0316232 0.027326 0.0230511 0.0187351 0.0144505 0.0104177
 0.00723703 0.0118219 0.0179178 0.0255134 0.0343904 0.0439792 0.0533226 0.0613023 0.0670302 0.0701181 0.0706614 0.0690423 0.0657479 0.0612756 0.0560866 0.0505734 0.0450372 0.0396812 0.0346126 0.0298471 0.0253289 0.0209758 0.0167487 0.0127117 0.00903655
 0.00748577 0.0122135 0.0184821 0.0262666 0.0353296 0.0450756 0.054518 0.0625152 0.0681752 0.0711304 0.0715093 0.069721 0.0662599 0.0616114 0.0562174 0.0504556 0.0446258 0.0389456 0.0335497 0.0284923 0.0237616 0.0193164 0.0151417 0.0112947 0.00790584
 0.00760199 0.0124317 0.0188633 0.026882 0.0362392 0.0462965 0.0559973 0.0641272 0.0697507 0.072503 0.0725575 0.0703889 0.0665535 0.0615775 0.0559152 0.0499317 0.0439022 0.0380236 0.0324271 0.0271848 0.0223194 0.0178282 0.0137217 0.0100541 0.00692198
 0.00778451 0.0127228 0.0192926 0.0274777 0.0370281 0.0472997 0.0572193 0.0655392 0.0712757 0.074014 0.0738948 0.0713963 0.0671201 0.0616655 0.0555602 0.049217 0.0429234 0.0368603 0.0311347 0.0258046 0.0208981 0.0164312 0.0124311 0.0089503 0.00605886
 0.00789898 0.0128966 0.0195318 0.0277814 0.0373915 0.0477195 0.0576978 0.0660853 0.0719017 0.0747259 0.0746774 0.0721992 0.0678561 0.0622287 0.0558579 0.0491989 0.042592 0.0362596 0.0303284 0.0248598 0.0198809 0.0154102 0.0114776 0.00812925 0.00541355
 0.00799318 0.0130415 0.0197341 0.0280407 0.0376995 0.0480604 0.0580497 0.0664256 0.072216 0.0750164 0.0749636 0.0725065 0.0681959 0.0625811 0.0561684 0.0493941 0.0426056 0.0360564 0.0299134 0.0242725 0.0191827 0.0146724 0.0107708 0.00751311 0.00492632
 0.00804335 0.0131231 0.0198566 0.0282119 0.0379226 0.0483306 0.0583511 0.0667321 0.0724976 0.0752494 0.0751398 0.0726357 0.0683012 0.0626857 0.0562802 0.0494957 0.0426564 0.0360079 0.0297302 0.0239483 0.0187437 0.0141696 0.0102651 0.00705985 0.00456237
 0.00813841 0.0132626 0.0200388 0.0284261 0.0381534 0.0485633 0.0585757 0.0669429 0.0726891 0.0754136 0.0752661 0.072716 0.0683347 0.0626816 0.0562539 0.0494588 0.0426076 0.0359298 0.0295964 0.0237382 0.0184562 0.0138273 0.00990762 0.00672987 0.00429206
 0.00814459 0.013274 0.020058 0.0284551 0.0381914 0.0486053 0.0586125 0.0669645 0.0726917 0.0754041 0.0752611 0.0727337 0.0683863 0.0627666 0.056362 0.0495757 0.0427175 0.036015 0.0296377 0.0237183 0.0183671 0.0136771 0.0097204 0.00653747 0.00412297
 0.00825141 0.013439 0.0202898 0.028755 0.0385522 0.0490099 0.0590323 0.06736 0.0730175 0.075619 0.0753395 0.0726736 0.0682093 0.0625103 0.0560685 0.04928 0.0424412 0.0357658 0.0294115 0.023505 0.0181571 0.0134676 0.00951765 0.00635441 0.00397258
 0.00834641 0.0135781 0.0204708 0.028966 0.0387756 0.0492281 0.0592322 0.0675337 0.0731604 0.0757263 0.0754049 0.0726896 0.06817 0.062416 0.055928 0.0491095 0.0422597 0.0355883 0.0292456 0.0233505 0.01801 0.0133252 0.00938196 0.00623201 0.00387118
 0.00828937 0.0135052 0.0203971 0.0289161 0.0387743 0.0492881 0.0593453 0.0676736 0.0732952 0.0758341 0.0754808 0.0727415 0.0682086 0.0624457 0.0559461 0.0491106 0.0422406 0.0355508 0.0291941 0.0232894 0.0179421 0.0132523 0.0093075 0.00616125 0.00381009
 0.00816137 0.0133239 0.0201748 0.0286835 0.0385752 0.0491676 0.0593382 0.0677938 0.0735307 0.0761467 0.0758152 0.073042 0.068436 0.0625861 0.0560071 0.0491108 0.0421993 0.0354836 0.0291124 0.0232017 0.0178544 0.013169 0.00923199 0.00609642 0.0037582
 0.00794686 0.0129846 0.0196839 0.0280292 0.0377703 0.0482613 0.0584223 0.0669936 0.0729745 0.0759261 0.0759554 0.0734977 0.0691117 0.0633692 0.0567972 0.0498369 0.0428234 0.0359932 0.0295109 0.0234998 0.0180662 0.0133096 0.00931702 0.00614143 0.00377742
 0.00790481 0.0128961 0.019514 0.0277338 0.0373086 0.0476153 0.0576154 0.0660976 0.0721 0.0751987 0.0754866 0.0733579 0.0693135 0.063865 0.0574947 0.0506268 0.0436067 0.0366992 0.0301015 0.023964 0.0184105 0.0135502 0.00947406 0.00623596 0.00382899
 0.00785596 0.0128155 0.0193891 0.0275489 0.037044 0.0472488 0.0571282 0.0654851 0.0713847 0.0744396 0.074777 0.0728081 0.0690214 0.0638869 0.057828 0.0512112 0.0443441 0.0374821 0.0308389 0.0245959 0.01891 0.0139168 0.00972433 0.00639424 0.00392111
 0.00786273 0.0128198 0.0193832 0.0275207 0.0369791 0.0471335 0.0569516 0.0652395 0.0710651 0.0740463 0.0743229 0.0723281 0.0685763 0.0635534 0.057677 0.051282 0.0446284 0.0379262 0.0313627 0.0251181 0.0193691 0.0142799 0.00998528 0.00656542 0.00402361
 0.00779077 0.0127166 0.019253 0.0273751 0.0368321 0.0469945 0.0568208 0.0651079 0.0709199 0.0738767 0.0741242 0.0721043 0.0683421 0.0633372 0.05752 0.0512296 0.0447143 0.038156 0.0317073 0.0255227 0.0197716 0.0146305 0.0102568 0.00675415 0.00414181
 0.00760997 0.012433 0.0188469 0.0268391 0.036177 0.0462553 0.0560593 0.0644062 0.0703604 0.0735175 0.0739835 0.0721615 0.068553 0.0636537 0.0579048 0.0516632 0.0451921 0.0386774 0.0322631 0.0260872 0.0203061 0.0150951 0.0106244 0.00701765 0.00431245
 0.00742015 0.0121392 0.0184324 0.0262991 0.0355197 0.0455039 0.0552549 0.0636093 0.0696455 0.0729606 0.0736451 0.0720723 0.068708 0.0640153 0.0584164 0.0522661 0.0458389 0.0393366 0.0329136 0.0267096 0.0208765 0.0155876 0.0110186 0.00730636 0.00450437
 0.00719718 0.0118014 0.0179704 0.0257212 0.03485 0.0447778 0.0545158 0.062906 0.069028 0.0724735 0.0733231 0.0719385 0.0687727 0.0642744 0.0588484 0.0528331 0.0464927 0.0400287 0.0336022 0.0273615 0.0214648 0.0160902 0.0114204 0.00760324 0.00470475
 0.00717246 0.0117277 0.0177994 0.0253918 0.0343096 0.0440122 0.053572 0.0618894 0.0680712 0.0716941 0.0727936 0.0716816 0.0687756 0.0645069 0.0592746 0.0534137 0.047184 0.040782 0.0343676 0.0280926 0.0221233 0.0166484 0.011863 0.00792871 0.00492457
 0.00787573 0.0127255 0.0190293 0.0266974 0.0354765 0.0448311 0.0538969 0.0616677 0.0673457 0.0705869 0.0714781 0.0703434 0.0675715 0.0635383 0.0585829 0.0529946 0.0470058 0.0407996 0.0345296 0.0283458 0.0224172 0.0169395 0.0121193 0.00813173 0.00506964
 0.00854329 0.0137937 0.0205947 0.0288109 0.0381003 0.0477904 0.0568566 0.064177 0.0689627 0.0710303 0.070722 0.0686044 0.0652102 0.0609363 0.0560532 0.0507426 0.0451332 0.0393297 0.0334368 0.0275787 0.0219131 0.0166342 0.0119527 0.00805305 0.00504007
 0.00846879 0.0137726 0.0207482 0.0293142 0.0391375 0.0494789 0.0591724 0.0669196 0.0717774 0.0734831 0.0724051 0.0692445 0.0647423 0.0595144 0.0539878 0.0483972 0.0428268 0.0372812 0.0317565 0.0262902 0.0209849 0.0160061 0.0115556 0.00782013 0.00491453
 0.00823268 0.0134229 0.0202922 0.0287992 0.0386613 0.0491929 0.0592664 0.0675759 0.0730945 0.0753993 0.0746682 0.0714605 0.0664916 0.0604841 0.0540631 0.0476754 0.0415577 0.0357684 0.0302667 0.0250011 0.0199772 0.0152848 0.0110798 0.00753092 0.004753
 0.00822453 0.0133808 0.0201775 0.0285635 0.0382671 0.0486438 0.0586348 0.0670076 0.0727825 0.0755276 0.075344 0.0726563 0.0680252 0.0620562 0.0553474 0.0484277 0.0416917 0.0353654 0.0295201 0.0241325 0.0191652 0.0146313 0.010614 0.00723266 0.00458042
 0.00809456 0.013184 0.0199064 0.0282165 0.0378425 0.0481359 0.0580374 0.0663312 0.0720779 0.0749018 0.0749502 0.0726511 0.0685036 0.0629945 0.0565875 0.0497194 0.0427792 0.0360764 0.0298144 0.0240889 0.0189246 0.0143317 0.0103484 0.00704036 0.00446153
 0.0081141 0.0132013 0.0199061 0.0281767 0.0377414 0.0479613 0.057792 0.0660297 0.071738 0.0745405 0.0745919 0.0723435 0.0683244 0.0630302 0.0568898 0.0502622 0.0434508 0.0367183 0.0302869 0.0243259 0.0189459 0.0142143 0.0101802 0.00688555 0.00434901
 0.00820191 0.0133247 0.0200553 0.0283281 0.0378617 0.0480151 0.0577511 0.0658797 0.0714828 0.0742027 0.0742085 0.0719598 0.0679894 0.0627952 0.0568032 0.0503551 0.0437149 0.0370946 0.0306807 0.0246437 0.019134 0.0142728 0.0101492 0.00681612 0.00427991
 0.00818852 0.0133173 0.0200696 0.0283842 0.0379751 0.0481834 0.0579456 0.0660491 0.0715704 0.0741682 0.0740435 0.0716897 0.0676631 0.0624716 0.0565392 0.0501964 0.0436866 0.0371918 0.0308651 0.024855 0.0193128 0.014384 0.0101903 0.00680846 0.004251
 0.00806535 0.0131444 0.0198608 0.0281717 0.037803 0.0480953 0.0579711 0.0661942 0.071812 0.0744561 0.0743118 0.0718761 0.0677302 0.0624196 0.0564034 0.0500324 0.0435507 0.0371227 0.0308734 0.0249229 0.019405 0.0144654 0.0102405 0.0068258 0.00424633
 0.00802814 0.0130857 0.019777 0.0280641 0.0376815 0.0479823 0.0579012 0.0662069 0.0719368 0.0746952 0.0746315 0.072213 0.0680108 0.062585 0.0564287 0.0499324 0.0433714 0.036922 0.0307001 0.0248026 0.0193378 0.0144345 0.0102257 0.00681353 0.0042323
 0.00795157 0.0129605 0.0195879 0.0277982 0.037333 0.0475597 0.0574346 0.0657494 0.0715568 0.074461 0.0745916 0.0723795 0.0683529 0.0630355 0.0569042 0.0503596 0.0437074 0.0371603 0.0308615 0.0249166 0.0194274 0.0145096 0.0102862 0.00685672 0.00425831
 0.00795353 0.0129602 0.0195805 0.0277757 0.0372847 0.0474738 0.0573012 0.0655649 0.0713294 0.074214 0.0743632 0.0722152 0.0682914 0.0630939 0.0570693 0.0505913 0.0439541 0.0373784 0.0310284 0.0250318 0.0195036 0.0145613 0.0103229 0.00688251 0.00427485
 0.00809369 0.013163 0.019839 0.0280665 0.0375736 0.0477248 0.0574842 0.0656585 0.071321 0.0741008 0.0741548 0.0719367 0.0679823 0.0628006 0.0568328 0.0504343 0.0438747 0.0373554 0.0310329 0.0250411 0.0195068 0.0145579 0.0103168 0.00687692 0.00427096
 0.00805619 0.0131225 0.0198145 0.028085 0.0376587 0.0478808 0.0576863 0.0658574 0.0714617 0.0741454 0.0740957 0.0717936 0.0677904 0.062598 0.0566531 0.0503025 0.0438035 0.0373426 0.0310635 0.0250936 0.0195619 0.0146036 0.0103491 0.00689745 0.00428289
 0.00796767 0.0129894 0.0196357 0.0278703 0.0374303 0.047673 0.0575404 0.0658104 0.0715306 0.0743149 0.0743193 0.072012 0.0679555 0.0626903 0.056682 0.0502953 0.0437907 0.0373462 0.0310923 0.0251435 0.0196213 0.0146603 0.0103952 0.00693004 0.0043034
 0.00750751 0.0122393 0.0185075 0.0262924 0.0353772 0.0452044 0.0548334 0.0631544 0.0692699 0.0727588 0.0736607 0.0722878 0.0690564 0.0644062 0.0587639 0.0525104 0.0459569 0.0393416 0.0328461 0.0266213 0.020813 0.0155743 0.0110563 0.00737699 0.00458341
 0.00784067 0.0127363 0.0191681 0.0270766 0.0362016 0.0459476 0.0553496 0.0633021 0.0689574 0.0719896 0.072551 0.0710383 0.0678885 0.0634943 0.0581936 0.0522763 0.0459904 0.0395494 0.0331411 0.0269377 0.0211079 0.0158237 0.0112499 0.00751501 0.00467335
 0.00808808 0.0131598 0.0198413 0.0280701 0.0375543 0.0476248 0.0572102 0.0651027 0.0704045 0.0728228 0.0726203 0.0703449 0.0665792 0.0618146 0.0564172 0.0506349 0.0446286 0.0385165 0.032414 0.0264562 0.020805 0.0156417 0.0111456 0.00745832 0.00464432
 0.00783949 0.0127807 0.0193215 0.0274282 0.0368456 0.0469458 0.0566907 0.0648762 0.0705575 0.0733448 0.0733886 0.0711627 0.0672506 0.0622176 0.0565392 0.0505574 0.0444768 0.0384022 0.0323983 0.026544 0.020963 0.0158242 0.0113146 0.00759239 0.00473791
 0.00811698 0.013187 0.0198493 0.0280412 0.0374882 0.0475611 0.0572369 0.0653353 0.0709349 0.0736601 0.0736561 0.0713696 0.0673461 0.0621273 0.0562026 0.0499676 0.0436964 0.0375445 0.0315857 0.0258672 0.0204609 0.0154895 0.0111125 0.00748119 0.00468188
 0.00831076 0.0135175 0.0203718 0.0288069 0.0385209 0.048827 0.0586249 0.0666703 0.0720285 0.0743748 0.0739469 0.071279 0.0669627 0.0615366 0.055458 0.0490934 0.0427134 0.0364961 0.030544 0.0249161 0.0196686 0.0148882 0.0106964 0.0072179 0.0045292
 0.00822533 0.013411 0.0202733 0.0287686 0.0386106 0.0491107 0.0591452 0.0674259 0.0729611 0.0753707 0.0748602 0.071973 0.0673518 0.0616045 0.0552449 0.0486643 0.0421315 0.0358159 0.0298186 0.0242039 0.0190281 0.0143641 0.0103079 0.00695748 0.00437143
 0.00784334 0.012786 0.0193305 0.0274508 0.0369078 0.0470994 0.0570151 0.0654663 0.0714924 0.0746473 0.074991 0.0728962 0.0688675 0.0634452 0.0571496 0.0504318 0.04364 0.0370154 0.0307117 0.0248267 0.0194356 0.0146167 0.0104595 0.00704804 0.00442604
 0.00786889 0.0127734 0.0192105 0.0271224 0.0362614 0.0460555 0.0555673 0.0637064 0.0696102 0.0729016 0.0736574 0.0721998 0.06892 0.0642115 0.0584623 0.0520475 0.0453116 0.0385485 0.0319909 0.025812 0.0201427 0.0150927 0.0107622 0.0072312 0.00453201
 0.00835536 0.0135383 0.0203066 0.0285637 0.0379993 0.0479538 0.0573908 0.06515 0.0703782 0.0728107 0.0727109 0.0705931 0.0669771 0.062282 0.0568225 0.0508396 0.0445375 0.0381121 0.0317603 0.0256736 0.0200277 0.0149768 0.0106488 0.00713309 0.00445823
 0.00865973 0.0140567 0.0211286 0.0297812 0.0396783 0.0500905 0.0598694 0.0677293 0.0727241 0.0745679 0.0735892 0.070444 0.0658372 0.0603677 0.0544704 0.0484106 0.0423223 0.0362751 0.0303389 0.0246187 0.0192574 0.0144159 0.0102444 0.00685051 0.00427194
 0.00863992 0.0140349 0.0211186 0.0298121 0.0397995 0.0503725 0.0603938 0.0685627 0.0738781 0.0759617 0.0750393 0.0716976 0.0666433 0.0605601 0.0540246 0.0474495 0.0410674 0.0349669 0.0291635 0.0236725 0.0185543 0.013921 0.00990773 0.00662808 0.0041306
 0.0085278 0.0138544 0.0208517 0.0294477 0.0393413 0.0498505 0.0598744 0.0681493 0.0736943 0.0761173 0.0755877 0.0726007 0.0677618 0.0616818 0.054928 0.0479781 0.0411793 0.0347355 0.0287318 0.0231887 0.0181238 0.0135907 0.00967959 0.00648174 0.00404178
 0.00830354 0.013494 0.0203184 0.0287133 0.038396 0.0487167 0.0586209 0.0668945 0.0725933 0.0753335 0.0752602 0.0728117 0.0685111 0.0628726 0.0563772 0.0494578 0.0424803 0.035725 0.0293795 0.0235496 0.0182925 0.0136567 0.00970279 0.0064913 0.00404748
 0.00810632 0.0131839 0.0198711 0.0281128 0.0376368 0.047808 0.0575925 0.0658032 0.0715226 0.0743877 0.0745526 0.0724493 0.0685737 0.0633887 0.057304 0.0506768 0.0438185 0.0370004 0.0304511 0.0243507 0.0188308 0.0139868 0.00989193 0.0065956 0.00410397
 0.00794298 0.0129767 0.0196652 0.0279819 0.0376566 0.0480171 0.057962 0.0662361 0.0718856 0.0745602 0.0744695 0.0721221 0.0680864 0.0628717 0.0568928 0.0504676 0.0438376 0.0372009 0.0307405 0.0246328 0.0190423 0.0141097 0.00994274 0.00660382 0.0040951
#obs surv len freq
 nan nan nan nan nan nan nan nan nan nan nan nan nan nan nan nan nan nan nan nan nan nan nan nan nan
 0.00447725 0.00733548 0.011163 0.0159783 0.02168 0.0279581 0.0342757 0.0400104 0.0446928 0.0481586 0.0505177 0.0520144 0.0529072 0.05342 0.0537345 0.0539897 0.0542684 0.0545613 0.0547001 0.054292 0.0527299 0.0493617 0.0438108 0.0362901 0.0276728
 0.00461873 0.00756416 0.0115044 0.0164548 0.0223054 0.02873 0.0351671 0.0409668 0.0456385 0.0490106 0.0512005 0.0524718 0.0531089 0.0533631 0.0534398 0.0534936 0.0536145 0.0537924 0.0538555 0.0534089 0.0518471 0.0485225 0.0430599 0.0356654 0.0271954
 0.00478296 0.00783451 0.0119173 0.0170457 0.023101 0.0297365 0.0363577 0.0422781 0.0469787 0.0502763 0.0522928 0.0533071 0.0536253 0.0535248 0.0532396 0.0529525 0.0527758 0.0527142 0.0526034 0.0520528 0.0504624 0.0471898 0.0418594 0.0346632 0.026428
 0.00497666 0.00815177 0.0123994 0.0177329 0.0240254 0.0309099 0.0377588 0.0438461 0.0486196 0.0518777 0.0537405 0.0544966 0.0544697 0.05396 0.0532286 0.0524878 0.0518801 0.0514384 0.0510232 0.0502655 0.0485838 0.0453481 0.0401817 0.0332534 0.0253446
 0.00518508 0.00849308 0.0129178 0.0184716 0.0250189 0.0321713 0.039267 0.0455403 0.0504067 0.0536482 0.0553835 0.0559082 0.0555565 0.054642 0.0534435 0.0521962 0.0510718 0.0501376 0.0492934 0.0482116 0.0463496 0.0431053 0.0381062 0.031492 0.0239827
 0.00542689 0.00888701 0.0135123 0.0193123 0.0261404 0.033584 0.0409427 0.0474075 0.0523604 0.0555695 0.057158 0.0574349 0.0567495 0.055428 0.0537601 0.0519931 0.0503163 0.048826 0.0474642 0.0459587 0.0438271 0.0405162 0.0356708 0.029401 0.0223532
 0.00565278 0.00926163 0.0140898 0.0201477 0.0272784 0.0350419 0.0426925 0.0493711 0.0544212 0.0575967 0.0590279 0.0590428 0.0580114 0.0562767 0.0541404 0.0518579 0.0496274 0.0475632 0.0456434 0.0436535 0.0411837 0.037748 0.0330246 0.0271009 0.0205445
 0.00588364 0.0096382 0.0146594 0.0209565 0.0283646 0.0364231 0.0443521 0.0512499 0.0564231 0.059603 0.060915 0.0606959 0.0593333 0.0571911 0.0545895 0.051797 0.0490208 0.0463877 0.0439035 0.041406 0.0385596 0.0349551 0.0303171 0.0247201 0.0186548
 0.00612954 0.0100399 0.0152675 0.0218189 0.029517 0.0378743 0.0460696 0.0531567 0.0584097 0.0615502 0.0627122 0.0622491 0.060564 0.0580342 0.0549909 0.0517122 0.0484139 0.0452347 0.0422045 0.0392077 0.0359794 0.0321886 0.0276132 0.0223233 0.0167388
 0.00637177 0.0104372 0.0158717 0.0226803 0.0306739 0.0393375 0.0478062 0.0550842 0.0604088 0.0634887 0.0644682 0.0637249 0.0616892 0.0587605 0.055285 0.0515472 0.0477653 0.0440831 0.0405484 0.0370861 0.0334962 0.0295229 0.0249988 0.0199953 0.0148686
 0.0066076 0.0108244 0.0164616 0.0235228 0.0318078 0.0407745 0.0495147 0.0569836 0.0623805 0.0653985 0.0661892 0.0651522 0.0627462 0.0593991 0.0554802 0.0512886 0.0470483 0.0429055 0.0389186 0.0350428 0.0311328 0.0270002 0.0225289 0.0177945 0.0130971
 0.00683789 0.0112012 0.0170329 0.0243348 0.0328957 0.0421481 0.0511434 0.0587912 0.0642549 0.0672127 0.0678217 0.0665005 0.0637328 0.0599733 0.0556159 0.0509789 0.0462983 0.0417272 0.0373344 0.0330987 0.0289181 0.0246594 0.0202502 0.0157696 0.0114684
 0.00705606 0.0115598 0.0175797 0.0251161 0.0339464 0.0434763 0.0527155 0.0605273 0.0660408 0.0689223 0.0693391 0.0677315 0.0646094 0.0604522 0.055676 0.0506168 0.0455236 0.0405594 0.0358049 0.03126 0.0268583 0.0225104 0.0181775 0.0139392 0.0100015
 0.00728035 0.0119269 0.0181365 0.025907 0.0350038 0.0448054 0.0542796 0.0622427 0.0677887 0.0705724 0.0707717 0.0688531 0.0653575 0.0607946 0.0556053 0.0501439 0.0446705 0.039356 0.0342905 0.029492 0.0249224 0.020527 0.0162913 0.0122906 0.00869026
 0.0074276 0.0121753 0.0185272 0.0264839 0.0358045 0.045847 0.0555433 0.0636686 0.0692838 0.0720279 0.0720808 0.0699234 0.066118 0.0611995 0.0556342 0.0497983 0.043969 0.0383296 0.0329818 0.0279599 0.0232492 0.0188211 0.0146781 0.0108883 0.00757985
 0.00753359 0.0123434 0.0187733 0.0268228 0.0362504 0.0464132 0.0562387 0.0644915 0.0702153 0.0730276 0.0730879 0.0708624 0.0669095 0.0617715 0.0559315 0.0497876 0.0436396 0.0376923 0.0320681 0.0268222 0.0219633 0.017485 0.0134017 0.00977299 0.0066947
 0.00758015 0.0124184 0.018885 0.0269787 0.0364565 0.0466731 0.0565534 0.0648608 0.07064 0.0735106 0.0736294 0.0714512 0.0675143 0.0623393 0.0563949 0.0500785 0.0437033 0.0374978 0.0316135 0.0261368 0.0211069 0.016542 0.012469 0.00894071 0.0060256
 0.0076617 0.0125408 0.0190502 0.027182 0.0366887 0.0469232 0.0568114 0.0651185 0.0708923 0.0737568 0.0738743 0.0717037 0.0677813 0.0626177 0.0566637 0.0502975 0.0438204 0.0374628 0.0313932 0.0257275 0.0205391 0.0158768 0.0117853 0.00831573 0.00551556
 0.00772459 0.0126398 0.0191928 0.0273715 0.0369221 0.0471892 0.0570893 0.0653813 0.0711147 0.0739239 0.0739874 0.071778 0.0678391 0.0626786 0.0567367 0.0503747 0.043876 0.037458 0.0312888 0.0254985 0.0201874 0.015435 0.0113085 0.00786501 0.00513915
 0.00776262 0.0126964 0.0192684 0.0274636 0.0370266 0.0473023 0.0572082 0.0655033 0.0712352 0.0740363 0.0740843 0.0718549 0.0678976 0.0627264 0.0567835 0.0504258 0.0439257 0.0374873 0.0312697 0.0254046 0.0200066 0.0151781 0.0110083 0.00756525 0.00487896
 0.00782471 0.0127912 0.0193992 0.0276286 0.0372185 0.0475085 0.0574117 0.0656851 0.0713785 0.0741309 0.0741287 0.0718551 0.0678633 0.0626686 0.0567132 0.0503528 0.0438554 0.0374176 0.0311893 0.0252969 0.0198588 0.0149893 0.0107935 0.00735029 0.00469027
 0.00783281 0.0128049 0.0194206 0.02766 0.0372613 0.0475628 0.0574749 0.0657524 0.0714438 0.0741887 0.0741757 0.0718906 0.0678888 0.0626866 0.0567259 0.0503617 0.0438605 0.0374165 0.031176 0.0252624 0.0197946 0.0148932 0.0106729 0.00722117 0.00457116
 0.00785913 0.0128398 0.0194588 0.0276922 0.0372775 0.047557 0.0574491 0.0657158 0.0714091 0.0741669 0.0741724 0.0719058 0.0679183 0.062725 0.0567683 0.050404 0.0438994 0.0374484 0.031196 0.0252649 0.0197742 0.0148481 0.0106073 0.00714521 0.00449736
 0.00790068 0.0129047 0.0195509 0.0278116 0.0374191 0.0477083 0.0575907 0.0658249 0.071467 0.0741663 0.0741206 0.0718208 0.067821 0.0626315 0.0566874 0.0503379 0.0438464 0.0374047 0.0311571 0.0252257 0.01973 0.0147964 0.0105491 0.00708522 0.00444216
 0.00788919 0.0128893 0.0195341 0.0277979 0.0374141 0.0477172 0.0576156 0.0658638 0.071513 0.0742095 0.0741511 0.0718324 0.0678144 0.0626137 0.0566678 0.0503244 0.0438422 0.0374083 0.031164 0.0252302 0.0197273 0.0147838 0.010527 0.00705697 0.0044129
 0.00788304 0.0128725 0.0194966 0.0277278 0.0373021 0.0475633 0.0574342 0.0656822 0.0713632 0.074117 0.0741266 0.0718708 0.0678996 0.062726 0.0567909 0.0504475 0.04396 0.0375177 0.031262 0.025313 0.0197914 0.0148271 0.0105505 0.00706457 0.00441025
 0.00789164 0.012882 0.0195023 0.0277215 0.0372728 0.0475 0.0573292 0.0655352 0.0711852 0.0739304 0.0739618 0.071757 0.0678553 0.0627536 0.0568776 0.0505726 0.0441023 0.0376606 0.0313941 0.0254273 0.0198836 0.0148955 0.0105959 0.00709051 0.00442198
 0.0079038 0.0129002 0.0195264 0.0277496 0.0373008 0.0475211 0.0573339 0.0655128 0.0711268 0.0738332 0.0738326 0.0716134 0.0677218 0.062655 0.0568307 0.0505815 0.0441583 0.0377473 0.0314936 0.0255246 0.0199684 0.0149623 0.0106434 0.00712041 0.00443826
 0.00787884 0.0128643 0.0194812 0.0276995 0.0372519 0.0474784 0.0573002 0.0654873 0.0711053 0.0738099 0.0738016 0.0715717 0.0676721 0.0626063 0.0567966 0.050575 0.0441869 0.0378093 0.0315793 0.0256199 0.0200597 0.0150397 0.0107021 0.0071604 0.00446249
 0.00784827 0.0128102 0.0193921 0.0275639 0.0370629 0.0472404 0.0570333 0.0652252 0.0708863 0.0736636 0.0737406 0.0715904 0.0677526 0.0627274 0.0569407 0.0507319 0.044352 0.0379806 0.0317526 0.0257876 0.020212 0.0151678 0.010801 0.00722988 0.00450678
 0.00781577 0.0127559 0.0193076 0.0274401 0.0368914 0.0470171 0.0567619 0.0649211 0.0705768 0.073385 0.0735305 0.0714782 0.067751 0.0628293 0.0571237 0.0509665 0.0446109 0.038243 0.0320045 0.0260191 0.0204149 0.0153358 0.0109307 0.00732222 0.00456685
 0.00779881 0.0127235 0.01925 0.0273451 0.0367478 0.0468188 0.0565123 0.0646342 0.0702749 0.073095 0.0732804 0.0712945 0.0676561 0.0628365 0.0572329 0.051163 0.0448689 0.0385322 0.0322972 0.0262933 0.0206559 0.0155346 0.0110839 0.00743174 0.00463873
 0.00777794 0.012689 0.0191968 0.0272677 0.0366402 0.0466761 0.0563321 0.0644192 0.0700345 0.072845 0.0730424 0.0710928 0.0675139 0.0627726 0.0572579 0.0512773 0.0450609 0.0387803 0.0325735 0.0265699 0.0209091 0.0157486 0.0112512 0.00755237 0.00471851
 0.00774067 0.0126302 0.0191118 0.0271534 0.036496 0.0465043 0.0561389 0.0642144 0.0698297 0.0726517 0.0728709 0.0709526 0.0674154 0.0627266 0.0572749 0.0513635 0.0452154 0.038993 0.0328253 0.0268359 0.021164 0.0159717 0.01143 0.00768343 0.00480622
 0.00933931 0.0148683 0.0218136 0.0299328 0.0388694 0.0480696 0.0567175 0.0638771 0.068813 0.071236 0.0712913 0.0693681 0.0659179 0.0613652 0.0560753 0.0503396 0.0443735 0.0383313 0.0323326 0.0264916 0.0209405 0.0158383 0.0113577 0.00764863 0.00479183
 0.0093118 0.0151196 0.0227138 0.0319417 0.0423362 0.0529632 0.0624548 0.0694186 0.0730329 0.073367 0.0711774 0.0674047 0.0627772 0.0577074 0.0523856 0.0469042 0.0413307 0.0357332 0.0301867 0.0247809 0.0196305 0.0148808 0.0106947 0.0072169 0.00452963
 0.00895613 0.0145604 0.0219295 0.0309821 0.041377 0.0523416 0.0626304 0.07081 0.07577 0.0771053 0.0751405 0.0706793 0.0646945 0.0580741 0.051454 0.0451589 0.0392585 0.0336904 0.0283761 0.0232879 0.0184691 0.0140261 0.0101013 0.00683078 0.00429577
 0.00878798 0.0142733 0.0214727 0.0303037 0.0404429 0.0511719 0.0613425 0.0696475 0.0750806 0.077245 0.0763155 0.0727993 0.0673395 0.0606317 0.0533669 0.0461366 0.0393349 0.0331254 0.0274947 0.0223569 0.0176503 0.0133866 0.00964602 0.00653225 0.00411526
 0.00872027 0.0141598 0.0212941 0.0300364 0.0400599 0.0506473 0.060663 0.0688304 0.0741983 0.0764429 0.0758049 0.0728031 0.0679942 0.061891 0.0549762 0.0477172 0.0405402 0.0337755 0.0276131 0.0221071 0.0172322 0.0129581 0.00929402 0.00628286 0.00395824
 0.00871282 0.0141421 0.0212569 0.0299663 0.0399411 0.050464 0.0604018 0.0684827 0.0737639 0.0759387 0.0752793 0.0723486 0.0677401 0.0619634 0.0554335 0.0484972 0.0414634 0.0346147 0.0281922 0.022366 0.017224 0.012795 0.0090855 0.00609939 0.00382723
 0.00867121 0.0140792 0.0211706 0.0298572 0.0398108 0.0503133 0.0602297 0.0682864 0.0735404 0.0756869 0.0750042 0.0720681 0.0674933 0.0618124 0.0554499 0.0487298 0.0419016 0.0351756 0.0287474 0.0227976 0.0174735 0.0128749 0.00905396 0.00602202 0.00375017
 0.00868058 0.0140899 0.0211788 0.0298565 0.0397946 0.0502773 0.0601735 0.0682125 0.073451 0.0755809 0.0748772 0.071916 0.06732 0.0616374 0.0553102 0.0486721 0.0419631 0.0353606 0.0290168 0.0230818 0.0177038 0.0130137 0.0091037 0.00601224 0.00371559
 0.00866523 0.0140683 0.0211522 0.0298275 0.0397657 0.0502489 0.060143 0.0681754 0.0734033 0.0755218 0.0748084 0.0718405 0.0672398 0.0615552 0.0552338 0.0486183 0.0419547 0.0354166 0.0291385 0.0232465 0.0178727 0.0131497 0.00918787 0.00604754 0.00371868
 0.00865689 0.0140537 0.0211284 0.029792 0.0397174 0.0501898 0.0600789 0.0681146 0.0733534 0.0754858 0.0747845 0.0718232 0.0672232 0.061536 0.0552126 0.0486004 0.0419504 0.0354383 0.0291948 0.023335 0.0179784 0.0132509 0.00926603 0.0060953 0.00374001
 0.00865332 0.0140484 0.0211211 0.0297826 0.0397052 0.0501736 0.060057 0.068086 0.0733186 0.0754482 0.0747486 0.0717931 0.0672006 0.0615195 0.0551998 0.0485901 0.041945 0.0354434 0.0292167 0.0233766 0.0180359 0.0133138 0.00932227 0.00613644 0.00376423
 0.0086365 0.0140226 0.0210853 0.0297369 0.0396515 0.0501149 0.0599977 0.0680311 0.0732728 0.0754147 0.0747287 0.0717867 0.0672068 0.0615367 0.0552254 0.0486213 0.0419794 0.0354805 0.0292578 0.0234233 0.0180877 0.0133669 0.00937055 0.00617449 0.00378979
 0.0086424 0.0140305 0.0210943 0.0297448 0.0396558 0.0501136 0.0599897 0.0680167 0.0732534 0.075392 0.0747046 0.0717628 0.0671845 0.0615174 0.0552105 0.0486118 0.041976 0.0354834 0.0292674 0.0234399 0.0181107 0.0133939 0.00939798 0.00619836 0.00380755
 0.00861733 0.0139955 0.021052 0.0297014 0.0396182 0.0500872 0.0599758 0.0680128 0.0732549 0.075395 0.0747073 0.0717654 0.0671883 0.0615235 0.0552195 0.0486238 0.0419908 0.035501 0.0292878 0.0234629 0.0181356 0.0134195 0.00942223 0.00621906 0.00382321
 0.00861409 0.0139845 0.0210255 0.0296499 0.0395346 0.0499723 0.0598416 0.0678808 0.0731487 0.0753314 0.074691 0.0717902 0.0672422 0.0615941 0.0552972 0.0487023 0.0420663 0.0355712 0.0293516 0.0235197 0.0181852 0.0134617 0.0094566 0.00624545 0.00384192
 0.00861409 0.0139845 0.0210255 0.0296499 0.0395346 0.0499723 0.0598416 0.0678808 0.0731487 0.0753314 0.074691 0.0717902 0.0672422 0.0615941 0.0552972 0.0487023 0.0420663 0.0355712 0.0293516 0.0235197 0.0181852 0.0134617 0.0094566 0.00624545 0.00384192
 0.00805346 0.0131024 0.0197562 0.0279615 0.0374468 0.0475766 0.0573179 0.0654884 0.0711793 0.0740371 0.0742213 0.0721639 0.0683582 0.0632688 0.057311 0.0508429 0.0441586 0.0374902 0.0310212 0.0249051 0.019282 0.0142875 0.0100447 0.00663854 0.00408648
 0.00850506 0.0137568 0.02059 0.0288946 0.0383542 0.0483154 0.0577554 0.0655258 0.0707745 0.0732243 0.0731155 0.0709394 0.0672052 0.0623432 0.0566995 0.0505543 0.0441395 0.0376554 0.0312829 0.025192 0.0195471 0.0145065 0.01021 0.00675345 0.0041601
 0.00869679 0.014124 0.0212388 0.0299403 0.0398717 0.0502705 0.0599574 0.0676439 0.0724296 0.0741129 0.0731033 0.0700838 0.0657133 0.0604978 0.0547847 0.0487969 0.0426782 0.0365377 0.0304866 0.0246566 0.019203 0.0142929 0.0100814 0.00667883 0.00411879
 0.00843333 0.0137225 0.0206909 0.0292729 0.03916 0.0496445 0.0595877 0.0676949 0.072984 0.0751076 0.074324 0.0712382 0.0665451 0.0608787 0.0547389 0.0484607 0.042227 0.0361199 0.0301872 0.0244954 0.0191544 0.0143133 0.0101305 0.00672966 0.00415867
 0.00869156 0.0140967 0.0211691 0.0298136 0.0397032 0.0501324 0.0599857 0.0680049 0.0732449 0.0753778 0.0746471 0.0716033 0.0668695 0.0610339 0.054611 0.0480108 0.0415131 0.0352702 0.0293457 0.0237721 0.0186022 0.0139332 0.00989174 0.00659155 0.00408463
 0.0087974 0.014299 0.0215258 0.0303873 0.0405343 0.0512023 0.0611932 0.0691796 0.0742023 0.0759891 0.0748828 0.0715254 0.0665811 0.0606191 0.0541015 0.0473943 0.0407722 0.0344216 0.0284521 0.0229213 0.0178732 0.0133697 0.00949718 0.00633999 0.003938
 0.00875591 0.0142341 0.021436 0.0302812 0.0404385 0.0511666 0.0612851 0.0694612 0.0746951 0.076647 0.0755964 0.072163 0.0670418 0.0608639 0.0541454 0.0472742 0.0405197 0.0340592 0.0280065 0.0224358 0.017403 0.0129652 0.00918761 0.00612865 0.00380882
 0.00831624 0.0135306 0.020402 0.0288731 0.0386572 0.0490866 0.059078 0.0673895 0.0730629 0.0757182 0.0755175 0.0729217 0.0684784 0.0627262 0.0561633 0.0492218 0.0422455 0.0354846 0.0291096 0.0232353 0.0179451 0.0133103 0.00939644 0.00625087 0.00387897
 0.00830117 0.0134595 0.0202086 0.0284659 0.0379416 0.0480014 0.0576318 0.0656796 0.0712669 0.0740654 0.0742459 0.0722295 0.0684753 0.0634018 0.0573878 0.0507839 0.0439122 0.0370571 0.0304561 0.0242963 0.0187201 0.0138375 0.0097317 0.00645115 0.00399194
 0.00874134 0.0141602 0.0212283 0.0298303 0.0396157 0.0498589 0.0594398 0.0671283 0.0720531 0.0739985 0.0733226 0.0706372 0.0665291 0.0614468 0.0557054 0.0495323 0.0431136 0.0366303 0.0302719 0.0242315 0.01869 0.0138022 0.00968418 0.00640028 0.00394822
 0.00887656 0.014426 0.0217123 0.0306387 0.040843 0.0515383 0.0614964 0.0693613 0.0741623 0.0756495 0.0742284 0.0706351 0.0656286 0.0598306 0.053677 0.0474264 0.0412057 0.0350798 0.0291164 0.0234211 0.0181383 0.0134266 0.00942593 0.00622367 0.00383187
 0.00868161 0.0141239 0.0212904 0.0301096 0.0402583 0.0510006 0.0611568 0.0693867 0.0746729 0.0766495 0.0755733 0.0720603 0.0668334 0.0605798 0.0538748 0.0471333 0.040596 0.0343629 0.0284619 0.022919 0.0178015 0.0132218 0.0093072 0.00615439 0.00378998
 0.00864271 0.0140373 0.0211178 0.0298039 0.0397797 0.0503421 0.0603681 0.0685831 0.0740183 0.0763155 0.0756837 0.0726405 0.0677849 0.0617003 0.054923 0.047913 0.0410189 0.0344606 0.0283459 0.022718 0.0176105 0.0130842 0.00922563 0.00611243 0.00376996
 0.00844807 0.0137254 0.0206568 0.0291672 0.0389509 0.0493245 0.059197 0.0673357 0.0728145 0.0753072 0.0750313 0.0724776 0.0681779 0.0626138 0.0562139 0.0493642 0.0424042 0.0356134 0.0291969 0.0232879 0.0179698 0.013309 0.00937094 0.00620897 0.00383279
