SBPRF35
12.7214
Curr Bio
874422
B35
882958
F35
0.170161
FOFL
0.161492
OFL
111356
Bzero
3.63469e+06
#pred survey bio
 3.71116e+06 3.58116e+06 3.46526e+06 3.29963e+06 3.07379e+06 2.84377e+06 2.59913e+06 2.34584e+06 2.1115e+06 1.86835e+06 1.65669e+06 1.49587e+06 1.30707e+06 1.13198e+06 1.01758e+06 896259 802815 726114 673240 637697 619241 595966 579033 558916 553063 555665 553843 550433 546444 553236 558968 571268 583563 594207 607595 631931 638462 661832 676180 688019 694040 690633 681837 680979 685974 695556 687329 693918 703063 710038 704083 741930 774135 807294 846087 864496 869954 849335 838890 838992 842139 821808 824927 850727 881930 882723 879327 2.95671e+07 1.73851e+07 1.74104e+07 1.81264e+07 1.93214e+07 2.07262e+07 2.21345e+07 2.34209e+07 2.45273e+07 2.54405e+07 2.6173e+07 2.6749e+07 2.71959e+07 2.75395e+07 2.78022e+07 2.80027e+07 2.81556e+07 2.82724e+07 2.83618e+07 2.84305e+07 2.84835e+07 2.85246e+07 2.85566e+07 2.85816e+07 2.86013e+07 2.86168e+07 2.86291e+07 2.86389e+07 2.86466e+07 2.86529e+07 2.86579e+07 2.86619e+07 2.86651e+07 2.86677e+07 2.86699e+07 2.86716e+07 2.8673e+07 2.86741e+07 2.8675e+07 2.86758e+07 2.86764e+07 2.86769e+07 2.86773e+07 2.86777e+07 2.86779e+07 2.86782e+07 2.86783e+07 2.86785e+07 2.86786e+07 2.86787e+07 2.86788e+07 2.86789e+07 2.86789e+07 2.8679e+07 2.8679e+07 2.8679e+07 2.86791e+07 2.86791e+07 2.86791e+07 2.86791e+07 2.86791e+07 2.86791e+07 2.86791e+07 2.86791e+07 2.86791e+07 2.86791e+07 2.86791e+07 2.86791e+07 2.86792e+07 2.86792e+07 2.86792e+07 2.86792e+07 2.86792e+07 2.86792e+07 2.86792e+07 2.86792e+07 2.86792e+07 2.86792e+07 2.86792e+07 2.86792e+07 2.86792e+07 2.86792e+07 2.86792e+07 2.86792e+07 2.86792e+07 2.86792e+07 2.86792e+07 2.86792e+07 2.86792e+07 2.86792e+07 2.86792e+07 2.86792e+07 2.86792e+07 2.86792e+07 2.86792e+07 2.86792e+07 2.86792e+07 2.86792e+07 2.86792e+07 2.86792e+07 0 0 0 0 0 0 0 0 0 0 0 0 0 0 0 0 0 0 0 0 0 0 0 0 0
#obs survey bio
 3.78886e+06 4.02415e+06 4.00973e+06 4.20744e+06 1.96888e+06 3.34761e+06 2.22238e+06 2.68556e+06 1.53692e+06 1.83233e+06 1.1326e+06 1.35666e+06 933022 949255 1.12119e+06 780961 567952 934964 501251 513976 750734 646818 568713 536218 549498 539558 633403 429378 535105 705227 436898 645021 585353 689828 624300 488436 613400 600207 1.07503e+06 724620 789151 793587 517302 444694 636399 675888 660740 473574 766696 930578 822146 600423 783706 758644 983480 809284 978932 853219 649007 963091 675943 745478 803780 858602 971512 1.00727e+06 939145
#pred catch bio
 96333.1 92100.4 148322 217160 237510 269062 295466 295808 319412 303821 268456 299706 289226 236089 240668 212585 193408 167832 148663 131105 132672 124792 125031 111040 103230 106292 106454 105617 95704.3 96482.8 91607.1 93012.5 95604.1 94429.8 87077.9 103746 90486.7 99229.8 101482 106248 113755 117792 111394 107727 105213 120584 107708 106225 108535 119120 82559.6 89523.3 89832 85986.4 103552 113768 135151 125860 117287 114730 133407 111408 91611.5 87123 112377 113280 135290 111356 114297 113176 116425 123471 132151 140873 148751 155405 160768 164947 168122 170487 172222 173480 174384 175028 175484 175806 176032 176191 176301 176379 176432 176470 176495 176513 176526 176534 176540 176544 176547 176549 176550 176551 176552 176552 176553 176553 176553 176553 176553 176553 176553 176553 176553 176553 176553 176553 176553 176553 176553 176553 176553 176553 176553 176553 176553 176553 176553 176553 176553 176553 176553 176553 176553 176553 176553 176553 176553 176553 176553 176553 176553 176553 176553 176553 176553 176553 176553 176553 176553 176553 176553 176553 176553 176553 176553 176553 176553 176553 176553 176553 176553 176553 176553 176553 176553 176553 176553 0 0 0 0 0 0 0 0 0 0 0 0 0 0 0 0 0 0 0 0 0 0 0 0 0
#obs catch bio
 0 91698.5 148238 216925 237184 268729 296004 295922 320688 306567 270324 302618 293492 238249 243410 214964 195701 169414 150084 131784 133122 125466 126160 111716 103910 106609 106822 106276 95912.8 96481.4 91393.4 93224.1 95792.4 94572.8 86923.7 104290 90727.1 99492.4 101189 105832 113086 116964 111268 108313 105561 121293 107943 106736 108683 119446 82310.1 89731.6 90079.1 86103.2 103750 113409 134745 125739 117487 114468 133818 111730 91842.3 86958.6 112628 113151 135515
#pred cpue bio
 3.66309e+06 3.53464e+06 3.41973e+06 3.25444e+06 3.02908e+06 2.79933e+06 2.55512e+06 2.30252e+06 2.06886e+06 1.82675e+06 1.61614e+06 1.45612e+06 1.26908e+06 1.09597e+06 982823 863375 771610 696670 645349 611000 593220 570654 554217 534752 529191 531917 530364 527237 523534 530376 536126 548043 559939 570327 583417 607147 613519 636451 650725 662531 668539 665199 656399 655209 659859 669222 661301 667779 676750 683672 677954 715112 747005 779845 818195 836587 842019 821494 810797 810776 814193 794634 797906 823592 854701 855812 852911 2.86966e+07 1.68784e+07 1.67692e+07 1.73208e+07 1.84539e+07 1.98431e+07 2.12481e+07 2.25339e+07 2.36402e+07 2.45533e+07 2.52859e+07 2.58619e+07 2.63088e+07 2.66523e+07 2.69151e+07 2.71156e+07 2.72685e+07 2.73853e+07 2.74747e+07 2.75434e+07 2.75964e+07 2.76375e+07 2.76695e+07 2.76945e+07 2.77142e+07 2.77297e+07 2.7742e+07 2.77517e+07 2.77595e+07 2.77657e+07 2.77707e+07 2.77747e+07 2.7778e+07 2.77806e+07 2.77827e+07 2.77845e+07 2.77858e+07 2.7787e+07 2.77879e+07 2.77887e+07 2.77893e+07 2.77898e+07 2.77902e+07 2.77905e+07 2.77908e+07 2.7791e+07 2.77912e+07 2.77914e+07 2.77915e+07 2.77916e+07 2.77917e+07 2.77917e+07 2.77918e+07 2.77918e+07 2.77919e+07 2.77919e+07 2.77919e+07 2.77919e+07 2.7792e+07 2.7792e+07 2.7792e+07 2.7792e+07 2.7792e+07 2.7792e+07 2.7792e+07 2.7792e+07 2.7792e+07 2.7792e+07 2.7792e+07 2.7792e+07 2.7792e+07 2.7792e+07 2.7792e+07 2.7792e+07 2.7792e+07 2.7792e+07 2.7792e+07 2.7792e+07 2.7792e+07 2.7792e+07 2.7792e+07 2.7792e+07 2.7792e+07 2.7792e+07 2.7792e+07 2.7792e+07 2.7792e+07 2.7792e+07 2.7792e+07 2.7792e+07 2.7792e+07 2.7792e+07 2.7792e+07 2.7792e+07 2.7792e+07 2.7792e+07 2.7792e+07 2.7792e+07 2.7792e+07 2.7792e+07 0 0 0 0 0 0 0 0 0 0 0 0 0 0 0 0 0 0 0 0 0 0 0 0 0
#obs cpue bio
 3.09878e+06 3.92819e+06 3.50853e+06 3.44099e+06 2.96053e+06 2.45397e+06 2.10774e+06 2.03399e+06 2.3158e+06 1.11764e+06 2.02036e+06 1.63765e+06 1.19645e+06 1.20589e+06 849907 790506 917493 497792 726604 786495 565604 403940 449017 531013 437398 702695 424750 544596 587068 528189 771464 343234 575465 507154 601841 614888 510842 844687 636998 714846 750546 703377 540947 563723 714599 706784 689506 757327 781867 639335 535015 734318 658493 714884 892589 1.33994e+06 911827 612581 787200 947318 869990 682991 665282 1.16751e+06 781452 775691 828934
#pred surv len freq
 0.00468543 0.00759957 0.0114248 0.0161426 0.0216461 0.027668 0.0337496 0.0393466 0.0440293 0.0476198 0.0501751 0.0518711 0.0529014 0.0534329 0.0536025 0.0535318 0.0533458 0.0531672 0.0530482 0.0528362 0.0520537 0.0499433 0.0457749 0.0393078 0.0310965
 0.00489401 0.00786051 0.0116768 0.0162899 0.0215969 0.0273873 0.0332939 0.0388497 0.0436416 0.0474388 0.050211 0.0520672 0.0531877 0.0537738 0.0540103 0.0540423 0.0539717 0.0538566 0.0536733 0.053225 0.0520583 0.0495118 0.0449856 0.0383405 0.0301556
 0.00503491 0.00810627 0.0120715 0.0168689 0.0223599 0.0282686 0.0341536 0.0395094 0.0439601 0.0473835 0.049874 0.0516117 0.0527646 0.0534682 0.0538429 0.0540019 0.0540395 0.0539985 0.0538166 0.0532537 0.0518475 0.0489892 0.0441804 0.0373811 0.0292138
 0.00522722 0.00840827 0.0125082 0.0174618 0.0231279 0.0292247 0.0352896 0.0407724 0.0452344 0.0485001 0.0506578 0.0519491 0.052653 0.0530116 0.0531975 0.0533107 0.0533903 0.0534151 0.0532663 0.0526624 0.0511282 0.048087 0.0431134 0.036248 0.0281551
 0.00548524 0.00882058 0.013115 0.0182949 0.0242043 0.0305379 0.0368017 0.0424126 0.0469062 0.0500905 0.0520407 0.0529904 0.0532307 0.0530538 0.0527172 0.0524068 0.05221 0.052096 0.0518928 0.0512554 0.0496702 0.0465672 0.0415681 0.0347697 0.026862
 0.00573184 0.00921874 0.0137095 0.0191263 0.0253027 0.0319118 0.0384253 0.0442193 0.0487951 0.051942 0.0537318 0.0544028 0.054253 0.0535872 0.0526921 0.0518074 0.0510889 0.0505639 0.0500827 0.0492847 0.0476262 0.044522 0.0396051 0.0329933 0.0253763
 0.00598956 0.00963405 0.0143282 0.0199899 0.0264427 0.0333395 0.0401198 0.0461207 0.050809 0.0539526 0.0556165 0.0560422 0.0555358 0.0544134 0.0529777 0.0514945 0.0501616 0.0490621 0.0481029 0.0469648 0.0451233 0.0419979 0.037219 0.0308918 0.0236703
 0.00629189 0.0101154 0.0150343 0.0209579 0.0276963 0.0348813 0.041921 0.0481158 0.0529015 0.0560294 0.0575621 0.0577473 0.0569002 0.0553462 0.0533973 0.0513323 0.0493716 0.0476367 0.0460899 0.0444772 0.0423345 0.0391229 0.0344847 0.0284984 0.0217537
 0.00658099 0.0105807 0.0157257 0.021919 0.028957 0.0364457 0.0437551 0.0501431 0.0550134 0.0581054 0.0594885 0.0594255 0.0582464 0.0562869 0.0538646 0.0512622 0.0487082 0.0463459 0.0441817 0.0420288 0.0395032 0.0361363 0.0316042 0.0259638 0.0197276
 0.0068833 0.0110716 0.0164636 0.022958 0.0303366 0.0381752 0.0457957 0.0524017 0.0573541 0.0603751 0.0615431 0.0611472 0.0595496 0.0571152 0.0541809 0.0510368 0.0479116 0.0449537 0.0421943 0.0395013 0.0365719 0.0330219 0.0285793 0.0232901 0.0175881
 0.00718895 0.0115565 0.017172 0.0239255 0.0315874 0.0397159 0.0476051 0.0544223 0.059492 0.0625095 0.0635409 0.062879 0.0609043 0.0580097 0.0545616 0.0508732 0.0471861 0.0436567 0.0403334 0.0371256 0.0338005 0.0300556 0.0256766 0.0207085 0.0155135
 0.00735914 0.0118419 0.0176176 0.024579 0.0324896 0.0408863 0.0490282 0.056044 0.0612306 0.0642727 0.0652377 0.0644224 0.0622086 0.0589904 0.055141 0.0509871 0.046788 0.0427205 0.0388597 0.0351571 0.0314424 0.0274862 0.0231292 0.0184201 0.0136607
 0.00763028 0.0122812 0.0182761 0.0255032 0.0337132 0.0424156 0.0508268 0.0580254 0.0632676 0.066221 0.0669628 0.0658192 0.0632099 0.0595627 0.0552719 0.0506712 0.0460186 0.0414914 0.0371773 0.0330611 0.0290283 0.0249159 0.0206154 0.0161794 0.0118545
 0.00798253 0.0128353 0.0190759 0.026578 0.035074 0.0440495 0.0526876 0.0600285 0.0652951 0.0681374 0.068635 0.0671338 0.0640854 0.0599564 0.055178 0.0501095 0.0450195 0.0400852 0.0353957 0.0309531 0.0266824 0.0224738 0.018261 0.0140998 0.0101875
 0.0081168 0.0130636 0.0194381 0.0271175 0.0358288 0.0450386 0.0538973 0.0614089 0.066769 0.0696162 0.0700303 0.0683616 0.0650669 0.0606213 0.0554715 0.0499991 0.0444971 0.0391637 0.0341066 0.0293498 0.0248506 0.0205387 0.016379 0.0124277 0.00884136
 0.00832642 0.0134025 0.0199448 0.0278271 0.0367665 0.0462093 0.0552739 0.0629257 0.0683276 0.0711022 0.0713336 0.0693933 0.0657677 0.0609614 0.0554434 0.0496086 0.0437581 0.0380975 0.0327466 0.0277488 0.0230894 0.0187296 0.0146557 0.0109197 0.00764053
 0.00840832 0.0135468 0.0201831 0.0281966 0.0373037 0.0469381 0.0561936 0.0640051 0.0695079 0.072306 0.0724752 0.0703879 0.0665403 0.0614548 0.0556231 0.049463 0.0432933 0.0373331 0.0317143 0.0264974 0.0216909 0.0172817 0.0132719 0.00970798 0.00667609
 0.00846877 0.0136445 0.0203298 0.0284056 0.0375906 0.0473201 0.0566864 0.064617 0.0702325 0.0731166 0.0733239 0.0712104 0.0672658 0.062016 0.0559655 0.0495497 0.0431074 0.036877 0.0310096 0.0255855 0.0206355 0.0161672 0.0121953 0.00875988 0.00591938
 0.00857837 0.0137967 0.0205113 0.0285896 0.0377463 0.0474285 0.0567524 0.0646711 0.0703219 0.0732889 0.0736107 0.0716157 0.0677613 0.0625455 0.0564558 0.0499256 0.0433057 0.0368573 0.0307591 0.0251215 0.0200042 0.0154394 0.0114549 0.00808683 0.00537141
 0.00869009 0.0139625 0.0207302 0.0288475 0.0380159 0.0476731 0.0569324 0.0647544 0.0702978 0.0731794 0.0734704 0.0715151 0.0677606 0.062671 0.0566897 0.0502123 0.0435696 0.0370237 0.0307735 0.0249615 0.0196838 0.0150049 0.0109725 0.00762513 0.00498325
 0.00873874 0.014033 0.0208203 0.0289487 0.0381155 0.0477564 0.0569848 0.0647632 0.0702539 0.0730818 0.0733318 0.0713653 0.0676435 0.0626324 0.0567594 0.0503892 0.0438169 0.0372791 0.0309685 0.0250432 0.019631 0.0148321 0.0107226 0.00735254 0.00473615
 0.00881249 0.014153 0.0210003 0.0291991 0.0384384 0.0481388 0.0573945 0.0651504 0.0705621 0.0732638 0.0733621 0.0712466 0.0674055 0.0623249 0.0564416 0.0501139 0.0436151 0.0371503 0.0308837 0.02496 0.0195134 0.0146659 0.0105191 0.00713995 0.00454501
 0.00879766 0.0141367 0.0209906 0.0292096 0.038486 0.0482391 0.0575564 0.0653709 0.0708236 0.0735339 0.0735996 0.071411 0.0674695 0.0622837 0.0563145 0.0499381 0.0434322 0.0369917 0.03076 0.0248611 0.0194181 0.0145568 0.0103923 0.00700595 0.00442098
 0.00888117 0.0142572 0.0211442 0.0293838 0.038665 0.0484113 0.057719 0.0655294 0.0709853 0.0736999 0.0737593 0.0715426 0.0675452 0.0622798 0.0562207 0.0497633 0.0432027 0.0367421 0.0305212 0.0246506 0.0192383 0.0144012 0.0102541 0.0068839 0.00431878
 0.0088578 0.0142207 0.0210915 0.0293128 0.0385736 0.0482983 0.0575862 0.0653852 0.0708475 0.0735958 0.0737188 0.0715871 0.0676765 0.0624759 0.0564426 0.049969 0.0433618 0.0368431 0.0305699 0.0246611 0.0192244 0.0143717 0.0102146 0.00683926 0.00427482
 0.00878996 0.0141105 0.0209265 0.0290827 0.0382743 0.047937 0.0571848 0.0649802 0.0704833 0.0733147 0.073554 0.0715588 0.0677908 0.0627223 0.0567929 0.0503795 0.0437823 0.0372289 0.0308913 0.0249067 0.0193974 0.0144832 0.010278 0.00686821 0.00428199
 0.00875674 0.0140597 0.0208556 0.0289902 0.0381588 0.0477955 0.0570137 0.0647782 0.0702559 0.0730778 0.0733336 0.0713861 0.067695 0.0627235 0.0568968 0.050575 0.0440426 0.0375172 0.0311704 0.0251474 0.019584 0.0146135 0.0103592 0.00691225 0.00430135
 0.00873256 0.0140218 0.0208013 0.0289182 0.0380694 0.047691 0.0568981 0.0646561 0.0701309 0.0729518 0.0732081 0.0712664 0.0675931 0.0626578 0.0568866 0.0506332 0.0441693 0.0376981 0.0313794 0.0253551 0.0197656 0.0147545 0.0104567 0.00697187 0.00433314
 0.00871203 0.0139893 0.020754 0.0288542 0.0379882 0.0475938 0.0567891 0.0645418 0.0700196 0.0728508 0.0731222 0.0711974 0.0675413 0.0626251 0.0568788 0.0506593 0.0442374 0.0378096 0.0315258 0.0255185 0.0199247 0.0148908 0.0105602 0.00704153 0.00437455
 0.00871128 0.0139695 0.0206904 0.0287142 0.0377416 0.0472288 0.0563246 0.0640285 0.0695264 0.0724448 0.0728512 0.0710821 0.0675766 0.0627868 0.0571337 0.050974 0.0445842 0.0381677 0.0318787 0.0258506 0.0202201 0.0151361 0.0107479 0.00717272 0.00445764
 0.00883537 0.0141463 0.0209089 0.028945 0.0379405 0.0473457 0.0563149 0.0638643 0.0692071 0.0720036 0.072352 0.0706035 0.0671892 0.0625355 0.0570302 0.0510024 0.0447135 0.0383631 0.0321085 0.0260887 0.0204453 0.0153322 0.0109046 0.00728682 0.00453283
 0.00878396 0.0140842 0.020854 0.028924 0.0379778 0.0474472 0.0564562 0.0639935 0.0692626 0.0719389 0.072155 0.0703022 0.0668427 0.0622139 0.0567939 0.0508863 0.0447222 0.0384763 0.0322925 0.0263068 0.0206657 0.0155311 0.0110672 0.00740772 0.00461427
 0.00871601 0.0139774 0.0207019 0.0287269 0.0377471 0.0472092 0.0562504 0.063862 0.0692317 0.0720021 0.0722714 0.070414 0.0669033 0.0622092 0.0567456 0.0508377 0.0447157 0.0385367 0.0324202 0.026483 0.0208618 0.0157195 0.0112279 0.0075306 0.00469892
 0.00868339 0.0139233 0.0206184 0.0286061 0.0375833 0.0470023 0.0560107 0.063613 0.0690082 0.0718423 0.0722034 0.0704432 0.0670075 0.0623485 0.0568807 0.0509482 0.044806 0.0386267 0.0325302 0.0266204 0.0210191 0.015879 0.011371 0.00764483 0.00478024
 0.00870961 0.0139516 0.0206345 0.028588 0.0375067 0.0468501 0.0557813 0.063323 0.0686894 0.0715348 0.0719484 0.0702754 0.0669474 0.0623956 0.0570134 0.0511318 0.0450068 0.0388239 0.0327177 0.0268006 0.021193 0.0160419 0.0115137 0.007759 0.00486262
 0.00856963 0.0137464 0.0203666 0.0282722 0.0371638 0.0464975 0.0554272 0.0629701 0.0683436 0.071214 0.0716838 0.0701052 0.0669046 0.062497 0.0572529 0.0514815 0.0454244 0.0392641 0.0331431 0.0271871 0.0215284 0.0163211 0.0117352 0.0079241 0.00497646
 0.00852029 0.0136744 0.020274 0.0281673 0.0370602 0.0464107 0.0553702 0.0629476 0.0683473 0.0712219 0.0716678 0.0700448 0.0667999 0.0623718 0.0571455 0.0514275 0.0454429 0.0393527 0.0332831 0.0273533 0.0216976 0.0164764 0.0118665 0.00802654 0.00504989
 0.00835809 0.0134182 0.0199035 0.027672 0.0364447 0.0457022 0.0546235 0.0622419 0.0677703 0.0708454 0.0715272 0.0701318 0.0670715 0.0627691 0.0576145 0.051931 0.0459603 0.0398718 0.0337903 0.02783 0.0221232 0.0168339 0.012147 0.00823105 0.00518754
 0.00828577 0.0133016 0.0197296 0.0274286 0.0361222 0.0452969 0.0541429 0.0617097 0.0672279 0.0703488 0.0711373 0.0699002 0.0670264 0.0629079 0.0579062 0.0523291 0.0464181 0.0403516 0.0342649 0.0282786 0.0225276 0.0171783 0.0124213 0.00843347 0.00532486
 0.00827182 0.0132725 0.0196737 0.0273305 0.0359661 0.0450709 0.0538444 0.0613472 0.0668206 0.0699246 0.0707315 0.0695542 0.0667829 0.062802 0.0579554 0.0525271 0.046736 0.0407479 0.0346961 0.0287066 0.0229225 0.017519 0.0126952 0.00863727 0.00546413
 0.00827764 0.0132839 0.0196936 0.027361 0.0360052 0.0451091 0.053863 0.0613212 0.0667261 0.0697486 0.0704782 0.0692463 0.0664582 0.0625062 0.0577333 0.0524126 0.0467442 0.0408712 0.0349081 0.0289703 0.0232 0.0177784 0.0129147 0.00880629 0.00558254
 0.00839335 0.0134556 0.0199216 0.027635 0.036307 0.0454175 0.0541561 0.0615754 0.0669143 0.0698411 0.0704485 0.0690803 0.0661625 0.0621116 0.0572901 0.0519802 0.046377 0.0406063 0.0347586 0.0289258 0.0232337 0.0178572 0.0130082 0.0088927 0.00565025
 0.00853992 0.0136858 0.0202519 0.0280725 0.0368454 0.0460317 0.0547996 0.0621837 0.067418 0.070182 0.0705917 0.0690156 0.0659002 0.0616783 0.0567276 0.0513441 0.0457314 0.040013 0.034265 0.0285563 0.0229879 0.0177154 0.0129412 0.00887102 0.00565074
 0.00853249 0.013689 0.0202852 0.0281636 0.0370238 0.0463173 0.0551918 0.062657 0.0679248 0.0706628 0.0709866 0.0692753 0.0659939 0.0615972 0.0564843 0.0509704 0.0452737 0.0395268 0.0338051 0.0281664 0.0226922 0.0175164 0.0128241 0.00881247 0.00562749
 0.00845423 0.0135706 0.0201248 0.0279687 0.0368131 0.0461225 0.0550549 0.0626232 0.0680288 0.0709132 0.0713576 0.069711 0.0664231 0.0619524 0.0567174 0.0510604 0.0452279 0.0393759 0.0335941 0.0279431 0.0224956 0.0173688 0.0127297 0.00876234 0.00560683
 0.00833636 0.013389 0.0198703 0.027641 0.0364217 0.0456882 0.0546123 0.0622209 0.0677241 0.0707611 0.0713955 0.0699459 0.0668256 0.0624613 0.057254 0.0515489 0.0456138 0.0396357 0.0337353 0.0279949 0.0224956 0.0173501 0.0127133 0.00875596 0.00560926
 0.00841447 0.0135001 0.020008 0.0277883 0.0365555 0.0457854 0.0546561 0.0622037 0.0676491 0.0706421 0.0712572 0.0698203 0.0667444 0.0624445 0.0573007 0.0516356 0.0457029 0.0396906 0.0337348 0.0279394 0.0224034 0.0172471 0.0126218 0.00868813 0.00556647
 0.00839318 0.0134678 0.0199631 0.0277299 0.0364816 0.0456923 0.0545385 0.0620578 0.0674772 0.0704565 0.0710802 0.0696807 0.06667 0.0624551 0.0574024 0.0518169 0.0459353 0.0399352 0.0339531 0.0281052 0.022509 0.0173012 0.012642 0.00869145 0.0055646
 0.00831544 0.013352 0.0198087 0.0275436 0.0362757 0.0454812 0.054336 0.0618752 0.067322 0.0703321 0.070988 0.069623 0.0666533 0.0624902 0.0575 0.0519813 0.0461586 0.0401957 0.0342197 0.0283463 0.0227023 0.0174388 0.0127291 0.00874113 0.00559056
 0.00826709 0.0132732 0.0196904 0.0273785 0.0360618 0.0452257 0.054058 0.0616036 0.0670883 0.0701608 0.0708895 0.069594 0.0666832 0.0625682 0.0576202 0.0521425 0.0463598 0.04043 0.0344713 0.0285925 0.0229198 0.0176118 0.0128527 0.00882056 0.00563676
 0.00831772 0.0133503 0.0197962 0.0275102 0.0362103 0.0453754 0.0541878 0.0616905 0.0671138 0.0701175 0.0707841 0.069444 0.06651 0.0623916 0.0574564 0.0520049 0.0462594 0.040374 0.0344598 0.0286172 0.0229657 0.0176624 0.0128958 0.00885064 0.00565434
 0.00809115 0.0129942 0.0192844 0.02683 0.0353687 0.0444068 0.0531594 0.0606989 0.0662678 0.0695119 0.0704784 0.0694537 0.0668109 0.0629312 0.0581666 0.0528146 0.0471044 0.0412029 0.0352345 0.0293102 0.0235574 0.0181407 0.013258 0.00910496 0.0058184
 0.00798106 0.0128105 0.0189992 0.0264148 0.0348007 0.0436794 0.0522936 0.0597493 0.0653173 0.0686589 0.0698182 0.0690613 0.0667276 0.0631578 0.0586662 0.0535222 0.0479417 0.0420916 0.0361067 0.030113 0.0242538 0.0187093 0.0136926 0.00941334 0.00601984
 0.00786951 0.0126358 0.0187478 0.0260766 0.0343682 0.0431475 0.0516628 0.0590312 0.0645407 0.0678732 0.0690918 0.0684739 0.0663557 0.0630579 0.0588607 0.0539936 0.0486359 0.0429305 0.0370034 0.030987 0.0250411 0.0193681 0.0142042 0.00978067 0.0062622
 0.00770911 0.012386 0.0183926 0.0256089 0.0337914 0.0424767 0.0509261 0.0582677 0.063795 0.0671868 0.0685004 0.0680099 0.0660539 0.0629565 0.0589938 0.0543777 0.049258 0.0437432 0.0379317 0.031942 0.0259386 0.0201429 0.0148196 0.0102296 0.00656182
 0.00775234 0.0124367 0.0184325 0.0256085 0.0337168 0.0423014 0.0506404 0.057882 0.0633342 0.0666822 0.0679827 0.0675081 0.0655981 0.062582 0.058742 0.054291 0.0493677 0.0440557 0.0384195 0.0325461 0.026582 0.0207499 0.0153335 0.010622 0.00683254
 0.00785975 0.0126049 0.0186721 0.0259206 0.0340881 0.0426984 0.0510082 0.0581518 0.0634408 0.0665857 0.0676813 0.0670357 0.0650117 0.0619476 0.0581258 0.0537561 0.04897 0.0438357 0.0383916 0.0326919 0.0268526 0.0210797 0.0156584 0.0108963 0.00703535
 0.00801538 0.0128604 0.0190603 0.026471 0.0348174 0.0435965 0.0520242 0.0591904 0.0643757 0.0672859 0.0680414 0.0670002 0.0645857 0.061193 0.0571457 0.0526719 0.0479012 0.0428835 0.0376275 0.0321496 0.0265262 0.0209301 0.0156289 0.0109298 0.00708823
 0.0079448 0.0127751 0.0189874 0.0264566 0.0349177 0.0438614 0.0524809 0.0598315 0.0651554 0.0681229 0.0688282 0.0676208 0.0649404 0.0612233 0.0568497 0.0521055 0.0471624 0.0420885 0.0368847 0.0315388 0.0260866 0.0206602 0.0154962 0.0108879 0.0070932
 0.00777455 0.0125137 0.0186248 0.0259995 0.0343948 0.0433279 0.0520178 0.0595355 0.0651142 0.0683843 0.0693777 0.068379 0.0657812 0.0620056 0.0574527 0.0524567 0.0472522 0.0419656 0.0366353 0.0312567 0.025846 0.0204998 0.0154192 0.0108732 0.00711209
 0.00769583 0.0123747 0.018396 0.0256487 0.0338977 0.0426837 0.0512648 0.0587552 0.0644202 0.0678971 0.0691948 0.0685478 0.0662827 0.0627546 0.0583174 0.0532935 0.0479444 0.0424516 0.0369161 0.031381 0.0258824 0.0205082 0.0154346 0.0109046 0.00715233
 0.00776323 0.0124798 0.018544 0.0258368 0.0341096 0.0428857 0.0514063 0.0587799 0.0642881 0.0676084 0.0688014 0.0681424 0.0659684 0.0626075 0.0583587 0.0534837 0.0482011 0.0426843 0.0370606 0.0314187 0.0258361 0.020422 0.0153495 0.0108439 0.00712012
 0.0076647 0.012331 0.0183416 0.0255863 0.0338249 0.0425865 0.0511141 0.058513 0.0640558 0.0674085 0.0686258 0.0679913 0.0658621 0.0625863 0.0584661 0.0537406 0.048588 0.0431424 0.0375138 0.0318027 0.026119 0.0206066 0.01546 0.0109087 0.00715999
 0.00755087 0.0121347 0.0180266 0.0251158 0.0331739 0.0417603 0.0501632 0.0575319 0.0631613 0.0667068 0.0681846 0.0678294 0.0659589 0.0629019 0.0589601 0.0543799 0.0493406 0.0439653 0.0383474 0.0325798 0.026783 0.0211271 0.0158362 0.0111614 0.00731908
 0.00745319 0.0119764 0.0177882 0.0247766 0.0327129 0.0411598 0.0494173 0.0566583 0.062211 0.0657658 0.0673618 0.067232 0.0656634 0.0629358 0.0593023 0.0549763 0.0501228 0.0448624 0.0392878 0.0334925 0.0276031 0.021807 0.0163548 0.011525 0.00755346
 0.00729206 0.0117568 0.0175349 0.0245359 0.0325355 0.0410743 0.0494106 0.0566742 0.0621711 0.0656012 0.0670433 0.0667848 0.0651628 0.0624841 0.0589962 0.0548792 0.0502519 0.0451923 0.0397637 0.0340447 0.0281605 0.0223095 0.016763 0.0118247 0.00775263
 0.00693804 0.0112292 0.0168324 0.0236945 0.0316261 0.0401917 0.0486586 0.0561455 0.06192 0.0656205 0.0672612 0.0670928 0.0654623 0.0627266 0.0591954 0.0550926 0.0505458 0.0456081 0.0403018 0.034666 0.0288026 0.0229064 0.0172642 0.0122049 0.00801305
#obs surv len freq
 nan nan nan nan nan nan nan nan nan nan nan nan nan nan nan nan nan nan nan nan nan nan nan nan nan
 0.00448887 0.00735221 0.0111841 0.0160019 0.0217033 0.0279786 0.0342918 0.0400216 0.0446993 0.048161 0.0505167 0.0520103 0.0529005 0.0534111 0.0537239 0.0539777 0.0542555 0.0545477 0.0546861 0.0542779 0.0527161 0.0493487 0.0437993 0.0362805 0.0276655
 0.00461412 0.00755992 0.0115039 0.0164627 0.022326 0.0287647 0.0352127 0.0410159 0.0456824 0.0490423 0.0512175 0.0524751 0.053102 0.0533494 0.0534219 0.0534733 0.0535926 0.0537695 0.0538319 0.0533851 0.0518238 0.0485005 0.0430404 0.0356492 0.027183
 0.00478154 0.00783174 0.0119126 0.0170388 0.0230931 0.0297308 0.0363596 0.0422934 0.0470103 0.0503218 0.0523447 0.0533552 0.0536611 0.053544 0.0532428 0.0529428 0.0527574 0.0526903 0.0525764 0.0520243 0.0504339 0.0471626 0.0418351 0.0346429 0.0264125
 0.00497433 0.00814742 0.0123918 0.0177204 0.0240066 0.0308843 0.0377275 0.0438129 0.0485907 0.0518604 0.0537407 0.054516 0.0545047 0.0540024 0.0532694 0.0525203 0.0519015 0.0514495 0.0510265 0.0502639 0.0485795 0.0453428 0.0401764 0.0332488 0.025341
 0.00518344 0.0084899 0.012912 0.0184618 0.0250035 0.0321491 0.0392374 0.045504 0.050366 0.0536075 0.0553487 0.0558859 0.0555519 0.0546567 0.0534745 0.0522368 0.051114 0.0501753 0.0493235 0.0482339 0.0463658 0.0431172 0.0381151 0.0314986 0.0239874
 0.00540202 0.00884884 0.013459 0.0192439 0.0260583 0.0334912 0.0408434 0.0473074 0.052266 0.0554877 0.0570945 0.0573947 0.0567364 0.0554443 0.0538054 0.0520638 0.0504058 0.0489256 0.0475659 0.0460563 0.0439168 0.0405955 0.0357382 0.0294552 0.0223938
 0.00564208 0.00924057 0.0140515 0.020084 0.0271827 0.0349123 0.0425355 0.0492006 0.0542556 0.0574529 0.0589177 0.0589719 0.0579811 0.0562859 0.0541867 0.0519379 0.0497361 0.0476934 0.0457865 0.0438004 0.0413257 0.037878 0.0331369 0.0271917 0.0206124
 0.00587443 0.0096237 0.0146381 0.0209264 0.0283227 0.0363646 0.0442717 0.0511438 0.0562922 0.0594557 0.0607662 0.0605639 0.0592341 0.0571351 0.0545803 0.0518328 0.0490965 0.0464961 0.0440357 0.0415516 0.0387077 0.0350953 0.0304405 0.0248207 0.0187302
 0.00612972 0.010039 0.0152639 0.0218105 0.0295014 0.0378496 0.0460346 0.0531103 0.0583505 0.0614763 0.0626228 0.0621476 0.0604595 0.0579402 0.0549219 0.0516793 0.0484225 0.0452837 0.0422877 0.0393152 0.0360994 0.0323089 0.0277228 0.0224145 0.0168078
 0.00636476 0.0104276 0.0158604 0.0226689 0.0306642 0.0393298 0.0477988 0.0550737 0.0603914 0.0634608 0.0644277 0.0636713 0.061624 0.0586886 0.0552148 0.05149 0.0477327 0.0440829 0.0405829 0.0371509 0.0335819 0.0296176 0.0250903 0.0200742 0.0149297
 0.0066103 0.010827 0.0164621 0.0235187 0.031797 0.0407567 0.0494921 0.0569605 0.0623607 0.0653833 0.0661763 0.065137 0.0627238 0.059367 0.0554398 0.0512455 0.0470113 0.0428843 0.0389209 0.0350713 0.0311842 0.027066 0.0225983 0.0178579 0.013148
 0.00683492 0.0111987 0.0170332 0.0243412 0.0329105 0.0421712 0.0511712 0.0588172 0.0642727 0.0672185 0.0678156 0.0664847 0.0637097 0.0599437 0.0555799 0.0509375 0.0462551 0.0416888 0.0373083 0.0330908 0.02893 0.0246878 0.020288 0.0158087 0.0115022
 0.00707524 0.0115897 0.0176225 0.025173 0.0340176 0.0435608 0.0528102 0.0606262 0.0661345 0.0689995 0.0693887 0.0677463 0.0645875 0.0603976 0.0555964 0.0505212 0.0454208 0.0404578 0.0357124 0.0311836 0.0268024 0.0224757 0.018161 0.0139352 0.0100042
 0.00727477 0.0119222 0.0181375 0.0259207 0.0350371 0.0448625 0.0543591 0.0623377 0.0678888 0.0706665 0.0708503 0.0689086 0.0653843 0.0607897 0.0555694 0.0500815 0.0445892 0.0392651 0.0341997 0.0294095 0.0248547 0.0204771 0.016259 0.0122727 0.00868225
 0.00744526 0.0121993 0.0185548 0.0265107 0.0358264 0.0458634 0.055559 0.0636921 0.0693226 0.072084 0.0721487 0.0699921 0.0661747 0.061234 0.0556406 0.0497757 0.0439207 0.0382624 0.0329048 0.0278824 0.0231794 0.0187644 0.0146368 0.0108614 0.00756435
 0.00752353 0.0123318 0.0187642 0.0268219 0.036263 0.0464402 0.0562753 0.0645289 0.0702457 0.0730489 0.0731046 0.0708817 0.0669354 0.061802 0.0559594 0.0498041 0.0436384 0.0376718 0.0320314 0.0267758 0.021915 0.0174415 0.0133672 0.00974884 0.00667979
 0.00758492 0.0124234 0.0188877 0.0269759 0.0364464 0.0466574 0.0565381 0.0648543 0.0706486 0.0735348 0.0736638 0.0714879 0.0675475 0.062367 0.0564175 0.0500954 0.043712 0.0374953 0.0315984 0.0261108 0.0210745 0.0165089 0.01244 0.00891857 0.00601077
 0.00766137 0.0125397 0.0190474 0.0271759 0.0366772 0.046904 0.056783 0.0650817 0.0708515 0.07372 0.0738507 0.0716998 0.0677985 0.0626516 0.0567072 0.0503432 0.0438623 0.0374963 0.0314155 0.0257376 0.0205386 0.0158691 0.0117746 0.00830553 0.00550775
 0.00769315 0.0125898 0.0191196 0.0272723 0.0367968 0.0470421 0.0569301 0.0652248 0.0709778 0.0738223 0.0739321 0.0717743 0.0678866 0.0627714 0.0568638 0.0505219 0.0440281 0.0376017 0.0314143 0.0256004 0.0202644 0.0154892 0.0113441 0.00788697 0.00515197
 0.00776138 0.0126914 0.0192551 0.0274362 0.0369789 0.0472304 0.0571125 0.0653897 0.0711142 0.0739208 0.0739876 0.0717881 0.0678685 0.0627382 0.0568346 0.0505096 0.0440316 0.0376027 0.0313821 0.0255042 0.0200874 0.0152385 0.0110499 0.00759175 0.00489461
 0.00781375 0.0127753 0.0193786 0.0276043 0.0371909 0.0474765 0.0573721 0.0656338 0.0713129 0.0740526 0.0740445 0.071776 0.0678015 0.0626346 0.0567132 0.0503875 0.0439202 0.0375035 0.0312848 0.0253908 0.0199417 0.0150558 0.0108422 0.00738284 0.00471021
 0.00783672 0.0128103 0.0194273 0.0276671 0.0372681 0.0475686 0.0574794 0.0657546 0.0714413 0.0741771 0.0741504 0.0718493 0.0678341 0.0626262 0.0566712 0.0503236 0.0438463 0.0374276 0.0312082 0.0253076 0.0198436 0.014938 0.0107089 0.00724685 0.00458756
 0.00787828 0.0128697 0.0195013 0.0277478 0.0373449 0.0476324 0.0575259 0.0657855 0.0714627 0.074197 0.0741746 0.0718787 0.0678641 0.0626484 0.0566776 0.0503102 0.0438145 0.037382 0.0311531 0.0252446 0.0197714 0.0148556 0.0106186 0.00715584 0.00450525
 0.00788345 0.0128816 0.0195255 0.0277901 0.0374089 0.0477153 0.0576166 0.0658668 0.0715183 0.0742188 0.0741667 0.0718539 0.0678369 0.0626284 0.0566664 0.0503029 0.0438041 0.0373633 0.031124 0.0252052 0.0197226 0.0147989 0.0105571 0.00709436 0.00444985
 0.00787267 0.0128587 0.0194817 0.0277159 0.037298 0.047571 0.057455 0.0657141 0.0714014 0.0741555 0.07416 0.0718958 0.067915 0.0627315 0.0567858 0.0504306 0.0439308 0.0374791 0.0312202 0.0252763 0.0197668 0.0148183 0.0105562 0.00708005 0.00442947
 0.00789231 0.0128846 0.0195092 0.0277357 0.037298 0.0475389 0.0573824 0.0656005 0.071257 0.0740008 0.0740216 0.071798 0.067872 0.0627448 0.056846 0.0505231 0.0440404 0.0375919 0.0313246 0.0253634 0.0198315 0.0148591 0.0105759 0.00708399 0.00442414
 0.00788486 0.0128731 0.0194928 0.0277136 0.0372683 0.0474984 0.0573266 0.0655245 0.0711586 0.0738834 0.073896 0.0716818 0.0677861 0.0627062 0.0568627 0.0505919 0.0441485 0.0377216 0.0314579 0.0254855 0.0199321 0.0149336 0.0106246 0.0071112 0.0044361
 0.0078846 0.0128699 0.0194829 0.0276921 0.0372308 0.047443 0.0572555 0.0654436 0.0710746 0.0738012 0.0738183 0.0716106 0.0677255 0.0626642 0.0568493 0.0506149 0.0442095 0.0378142 0.0315692 0.0255999 0.0200359 0.0150176 0.0106852 0.00714981 0.00445752
 0.00785159 0.0128181 0.0194084 0.0275926 0.037106 0.0472957 0.0570922 0.0652754 0.0709165 0.0736692 0.0737254 0.0715644 0.0677266 0.0627077 0.0569284 0.0507232 0.0443418 0.0379645 0.0317292 0.0257583 0.0201805 0.0151383 0.0107768 0.00721273 0.00449631
 0.00784601 0.0128038 0.0193774 0.0275346 0.0370117 0.0471611 0.0569225 0.0650854 0.0707267 0.0735001 0.0735938 0.0714811 0.0676962 0.0627296 0.0569972 0.0508304 0.0444775 0.0381186 0.0318917 0.0259189 0.0203287 0.015265 0.0108762 0.00728368 0.00454206
 0.00781554 0.012755 0.0193051 0.0274341 0.0368794 0.0469952 0.0567254 0.0648653 0.0704989 0.0732859 0.0734167 0.0713621 0.0676489 0.0627578 0.0570948 0.0509843 0.0446709 0.0383341 0.0321129 0.0261314 0.0205203 0.0154266 0.0110027 0.00737481 0.00460194
 0.00779967 0.0127289 0.0192655 0.0273776 0.0368031 0.0468978 0.0566078 0.0647311 0.0703536 0.0731369 0.0732734 0.0712363 0.0675547 0.0627087 0.0571003 0.0510467 0.0447843 0.0384862 0.0322873 0.0263112 0.0206901 0.0155745 0.0111215 0.00746227 0.00466063
 0.00776852 0.012677 0.019185 0.0272612 0.0366463 0.0467019 0.0563829 0.0644959 0.0701312 0.0729487 0.0731344 0.0711535 0.0675288 0.0627372 0.05718 0.0511736 0.0449526 0.0386863 0.032506 0.0265321 0.0208971 0.0157542 0.0112654 0.00756825 0.00473193
 0.00772972 0.0126125 0.0190856 0.0271177 0.036452 0.0464562 0.0560951 0.064186 0.0698278 0.072683 0.0729339 0.0710368 0.0675031 0.0627988 0.057317 0.0513701 0.0451919 0.0389522 0.0327825 0.0268032 0.0211468 0.0159692 0.0114372 0.00769472 0.00481713
 0.00769014 0.0125499 0.0189946 0.0269941 0.0362931 0.0462619 0.0558688 0.0639365 0.0695696 0.0724354 0.072719 0.0708765 0.0674155 0.0627944 0.0573964 0.0515246 0.0454056 0.0392056 0.0330551 0.0270751 0.0214002 0.0161894 0.0116148 0.00782664 0.0049068
 0.00767123 0.0125151 0.0189347 0.0268987 0.0361533 0.0460748 0.0556412 0.0636847 0.0693152 0.0721998 0.0725194 0.0707254 0.0673227 0.0627676 0.0574405 0.0516393 0.0455838 0.0394331 0.0333125 0.0273408 0.0216534 0.0164127 0.0117968 0.00796302 0.00500022
 0.00766418 0.0125049 0.0189211 0.0268813 0.0361298 0.0460397 0.0555859 0.0635999 0.0691954 0.0720478 0.072347 0.0705515 0.0671676 0.0626493 0.0573725 0.0516299 0.0456354 0.0395415 0.0334662 0.0275226 0.0218431 0.016591 0.0119488 0.00808073 0.00508287
 0.00763348 0.0124587 0.0188587 0.0268046 0.0360433 0.0459493 0.0554978 0.0635188 0.069123 0.0719816 0.0722824 0.0704848 0.0671001 0.0625886 0.0573306 0.0516195 0.0456659 0.0396165 0.0335822 0.0276689 0.0220037 0.0167482 0.0120872 0.00819071 0.00516162
 0.0076185 0.0124318 0.0188137 0.0267352 0.035945 0.0458233 0.0553531 0.0633716 0.0689922 0.0718822 0.0722206 0.0704575 0.0670982 0.0626025 0.0573547 0.0516545 0.0457173 0.0396907 0.0336823 0.027792 0.0221405 0.0168853 0.012211 0.0082913 0.0052351
 0.00760192 0.0124102 0.0187908 0.0267166 0.0359357 0.0458236 0.0553567 0.0633676 0.0689703 0.0718386 0.0721601 0.0703909 0.0670367 0.0625528 0.0573192 0.0516329 0.0457102 0.039701 0.0337135 0.0278453 0.0222124 0.0169675 0.0122927 0.00836258 0.00529008
 0.00758675 0.0123837 0.018748 0.0266529 0.0358496 0.0457198 0.0552471 0.0632687 0.0688969 0.0717974 0.0721479 0.070398 0.0670538 0.0625751 0.0573461 0.0516661 0.0457512 0.0397507 0.0337727 0.027914 0.022289 0.0170472 0.0123687 0.00842811 0.00534071
 0.00755085 0.0123297 0.0186749 0.0265623 0.0357445 0.0456038 0.0551242 0.0631448 0.0687813 0.0717025 0.0720865 0.0703782 0.0670757 0.0626314 0.0574255 0.0517578 0.0458479 0.0398486 0.0338704 0.0280106 0.0223828 0.0171354 0.0124473 0.00849311 0.0053898
 0.00754488 0.0123145 0.018642 0.0265014 0.0356472 0.0454681 0.0549588 0.0629678 0.0686147 0.0715656 0.0719912 0.0703298 0.0670745 0.062674 0.0575053 0.0518651 0.0459715 0.0399782 0.0339982 0.0281317 0.0224939 0.0172338 0.0125304 0.00855906 0.00543823
 0.00753482 0.0123034 0.0186344 0.0265032 0.0356621 0.0454934 0.054983 0.0629738 0.0685875 0.0715 0.0718954 0.0702217 0.0669743 0.062598 0.0574625 0.0518572 0.0459948 0.0400254 0.0340608 0.0282016 0.0225645 0.0173 0.0125884 0.00860633 0.00547367
 0.00752847 0.01229 0.0186092 0.0264612 0.0356007 0.0454159 0.0548997 0.0628989 0.0685325 0.0714677 0.071879 0.0702103 0.0669608 0.0625834 0.0574544 0.0518648 0.0460238 0.0400762 0.0341286 0.028279 0.0226434 0.0173735 0.0126516 0.00865645 0.00551021
 0.0075041 0.0122539 0.0185613 0.0264029 0.0355343 0.0453427 0.0548203 0.0628149 0.0684489 0.0713934 0.0718245 0.0701829 0.0669612 0.062606 0.0574919 0.0519124 0.0460804 0.0401427 0.0342049 0.0283618 0.0227272 0.0174516 0.0127186 0.00870914 0.00554814
 0.00751211 0.0122646 0.018573 0.0264131 0.03554 0.0453422 0.0548134 0.0628026 0.0684315 0.07137 0.0717938 0.0701455 0.0669204 0.0625675 0.0574607 0.0518916 0.0460716 0.0401463 0.034221 0.0283895 0.0227636 0.017492 0.0127577 0.00874273 0.00557382
 0.00750091 0.0122496 0.0185563 0.0263981 0.0355303 0.0453394 0.054816 0.0628064 0.0684318 0.0713642 0.0717816 0.0701283 0.0669005 0.0625469 0.0574419 0.0518775 0.0460646 0.0401485 0.034233 0.0284109 0.0227921 0.0175245 0.01279 0.00877107 0.00559596
 0.00747475 0.0122073 0.0184933 0.0263114 0.0354203 0.0452117 0.0546828 0.0626846 0.0683385 0.0713105 0.0717699 0.0701533 0.0669525 0.0626161 0.0575201 0.0519588 0.0461458 0.0402279 0.0343097 0.0284841 0.0228604 0.0175859 0.0128421 0.00881239 0.00562601
 0.00747475 0.0122073 0.0184933 0.0263114 0.0354203 0.0452117 0.0546828 0.0626846 0.0683385 0.0713105 0.0717699 0.0701533 0.0669525 0.0626161 0.0575201 0.0519588 0.0461458 0.0402279 0.0343097 0.0284841 0.0228604 0.0175859 0.0128421 0.00881239 0.00562601
 0.00726259 0.0118659 0.0179877 0.0256159 0.0345289 0.0441522 0.0535281 0.0615503 0.0673611 0.070613 0.0714318 0.0701957 0.0673419 0.0632794 0.0583651 0.0528935 0.0470915 0.0411255 0.0351203 0.0291845 0.0234402 0.0180438 0.0131848 0.00905319 0.00578336
 0.00719819 0.0117423 0.0177669 0.0252507 0.0339747 0.0433851 0.0525634 0.060451 0.0662303 0.0695761 0.0706126 0.0696939 0.0672147 0.0635309 0.058948 0.0537221 0.0480626 0.0421389 0.0360929 0.0300575 0.0241785 0.0186328 0.013627 0.00936352 0.00598547
 0.0071555 0.011672 0.017658 0.0250886 0.0337391 0.0430501 0.0521018 0.0598439 0.0654818 0.0687255 0.0697386 0.0689042 0.0666232 0.0632304 0.0589868 0.054093 0.0487071 0.0429637 0.0369929 0.0309369 0.0249648 0.0192827 0.0141252 0.00971721 0.00621707
 0.00711488 0.0116096 0.0175706 0.024975 0.0335987 0.0428811 0.0518983 0.0595948 0.065171 0.0683366 0.0692656 0.0683651 0.0660696 0.0627431 0.0586577 0.0539972 0.0488776 0.0433806 0.0375904 0.0316231 0.0256474 0.0198892 0.0146129 0.0100745 0.00645558
 0.00709886 0.0115828 0.0175288 0.0249142 0.0335162 0.0427766 0.051775 0.0594571 0.0650207 0.0681685 0.0690662 0.0681186 0.065769 0.062404 0.0583246 0.0537372 0.0487603 0.0434518 0.0378531 0.0320352 0.0261367 0.0203775 0.0150386 0.0104041 0.00668428
 0.00713522 0.0116473 0.0176351 0.0250763 0.0337425 0.0430624 0.0520961 0.0597716 0.0652789 0.0683259 0.0690934 0.0680036 0.0655148 0.0620276 0.0578592 0.0532352 0.0482897 0.0430828 0.0376374 0.0319885 0.0262343 0.0205658 0.0152564 0.0106028 0.00683725
 0.00720112 0.0117605 0.0178167 0.025349 0.0341248 0.0435593 0.0526892 0.0604156 0.065906 0.0688589 0.0694612 0.0681548 0.0654265 0.0617078 0.0573441 0.0525831 0.0475745 0.0423858 0.037034 0.0315325 0.0259451 0.0204268 0.0152257 0.0106315 0.00688538
 0.00722041 0.0117997 0.0178907 0.0254776 0.0343298 0.0438581 0.0530882 0.0609044 0.0664558 0.0694232 0.0699801 0.0685628 0.0656641 0.0617341 0.0571468 0.0521826 0.0470217 0.0417531 0.0364024 0.0309752 0.0255118 0.0201343 0.0150596 0.0105577 0.00686583
 0.00711422 0.0116366 0.0176641 0.025191 0.0339995 0.0435154 0.0527804 0.0606897 0.0663901 0.0695431 0.0702882 0.0690227 0.066207 0.062274 0.0576002 0.0524878 0.0471523 0.0417226 0.0362569 0.0307774 0.0253213 0.0199911 0.0149776 0.0105281 0.00686878
 0.00701393 0.0114608 0.0173773 0.0247558 0.0333901 0.0427368 0.0518843 0.0597751 0.0655839 0.0689682 0.0700331 0.0691227 0.0666396 0.0629659 0.0584428 0.0533614 0.0479514 0.042377 0.0367415 0.0311077 0.0255369 0.0201361 0.0150849 0.0106144 0.00693839
 0.00706344 0.0115312 0.0174627 0.0248398 0.0334445 0.0427231 0.0517596 0.0595055 0.0651627 0.0684306 0.0694583 0.0686166 0.0663026 0.0628614 0.0585791 0.0536915 0.0483915 0.0428341 0.0371407 0.0314094 0.0257383 0.020259 0.0151586 0.0106624 0.00697331
 0.00698145 0.0114104 0.0173039 0.0246512 0.0332377 0.0425076 0.0515377 0.0592705 0.064902 0.0681334 0.0691267 0.0682758 0.0660044 0.062673 0.0585608 0.0538718 0.0487526 0.0433158 0.037662 0.0318951 0.0261396 0.0205597 0.0153673 0.0107995 0.00706014
 0.00688516 0.0112469 0.0170465 0.0242746 0.0327283 0.041877 0.0508319 0.058565 0.0642797 0.0676576 0.0688226 0.0681338 0.0659984 0.0627832 0.0587852 0.0542212 0.0492333 0.0439113 0.0383261 0.032562 0.0267445 0.0210579 0.0157422 0.0110592 0.00722649
 0.00683238 0.0111557 0.0168986 0.0240482 0.0324013 0.0414335 0.0502714 0.0579104 0.0635803 0.0669838 0.0682519 0.0677309 0.0657988 0.0627884 0.058973 0.0545621 0.0497014 0.0444825 0.0389687 0.0332301 0.0273825 0.0216142 0.0161841 0.0113787 0.00743698
 0.00689521 0.0112583 0.0170524 0.0242602 0.0326679 0.0417326 0.0505575 0.058119 0.0636446 0.0668578 0.0679295 0.0672518 0.0652376 0.0622324 0.0584984 0.0542196 0.049513 0.0444475 0.0390692 0.0334342 0.0276468 0.0218914 0.0164335 0.0115754 0.00757442
