SBPRF35
12.7214
Curr Bio
844714
B35
851482
F35
0.171062
FOFL
0.166293
OFL
112570
Bzero
3.63469e+006
#pred survey bio
 3.12792e+006 2.82841e+006 2.56065e+006 2.32799e+006 2.05068e+006 1.83112e+006 1.61708e+006 1.43566e+006 1.2913e+006 1.13606e+006 979162 867556 763792 689296 671551 640054 610413 598224 583832 570856 557638 554008 556788 554058 557397 554719 546412 555331 568012 576149 574492 593370 614262 621896 634471 643999 651086 656715 667849 680305 680187 691735 702171 696915 699057 685602 691869 723766 749824 811257 852306 887615 893194 888844 874804 877660 859232 854356 848477 836888 836901 847603 850445 2.92e+007 1.72436e+007 1.73267e+007 1.80797e+007 1.92999e+007 2.07235e+007 2.21454e+007 2.34412e+007 2.45537e+007 2.54708e+007 2.62056e+007 2.67828e+007 2.72302e+007 2.7574e+007 2.78367e+007 2.80371e+007 2.81898e+007 2.83064e+007 2.83957e+007 2.84643e+007 2.85172e+007 2.85582e+007 2.85901e+007 2.86151e+007 2.86347e+007 2.86503e+007 2.86625e+007 2.86723e+007 2.868e+007 2.86862e+007 2.86912e+007 2.86952e+007 2.86985e+007 2.87011e+007 2.87032e+007 2.87049e+007 2.87063e+007 2.87075e+007 2.87084e+007 2.87092e+007 2.87098e+007 2.87103e+007 2.87107e+007 2.8711e+007 2.87113e+007 2.87115e+007 2.87117e+007 2.87119e+007 2.8712e+007 2.87121e+007 2.87122e+007 2.87122e+007 2.87123e+007 2.87123e+007 2.87124e+007 2.87124e+007 2.87124e+007 2.87124e+007 2.87125e+007 2.87125e+007 2.87125e+007 2.87125e+007 2.87125e+007 2.87125e+007 2.87125e+007 2.87125e+007 2.87125e+007 2.87125e+007 2.87125e+007 2.87125e+007 2.87125e+007 2.87125e+007 2.87125e+007 2.87125e+007 2.87125e+007 2.87125e+007 2.87125e+007 2.87125e+007 2.87125e+007 2.87125e+007 2.87125e+007 2.87125e+007 2.87125e+007 2.87125e+007 2.87125e+007 2.87125e+007 2.87125e+007 2.87125e+007 2.87125e+007 2.87125e+007 2.87125e+007 2.87125e+007 2.87125e+007 2.87125e+007 2.87125e+007 2.87125e+007 2.87125e+007 2.87125e+007 2.87125e+007 2.87125e+007 0 0 0 0 0 0 0 0 0 0 0 0 0 0 0 0 0 0 0 0 0 0 0 0 0
#obs survey bio
 2.85557e+006 3.05015e+006 2.21311e+006 1.80342e+006 2.07145e+006 1.7646e+006 1.72558e+006 1.76806e+006 1.31044e+006 820591 827674 867075 713725 632068 538672 773319 434095 548876 662470 710015 357701 528807 653866 770068 664209 431568 557086 517401 530308 572761 364749 600632 594852 584571 528216 716530 551934 661708 731429 748086 741996 830920 572268 974220 727836 1.03246e+006 684482 573060 681402 993706 947615 1.06046e+006 1.03356e+006 651764 1.10191e+006 1.01657e+006 857722 905199 642308 819489 906216 756403 875567
#pred catch bio
 301413 290138 275592 332527 294202 300372 279517 253208 266794 267830 225502 214687 184635 134409 145841 142093 125481 125684 122032 119532 109298 102681 106047 99656.7 103808 107371 92620.9 90716.2 95659.3 104280 87843.8 88098.5 100586 97466.4 101408 104638 106961 103168 102559 112579 101467 101867 114448 107657 120958 104739 85939.9 94213.8 67005.7 86627.9 91882.2 117106 124917 132721 118081 136173 123676 124181 128175 116792 106116 110275 121530 112570 113528 112710 116102 123290 132119 140970 148948 155675 161090 165303 168500 170879 172623 173886 174792 175438 175895 176217 176443 176601 176711 176788 176841 176878 176904 176922 176934 176943 176949 176953 176955 176957 176959 176959 176960 176961 176961 176961 176961 176961 176961 176961 176961 176961 176961 176961 176961 176962 176962 176962 176962 176962 176962 176962 176962 176962 176962 176962 176962 176962 176962 176962 176962 176962 176962 176962 176962 176962 176962 176962 176962 176962 176962 176962 176962 176962 176962 176962 176962 176962 176962 176962 176962 176962 176962 176962 176962 176962 176962 176962 176962 176962 176962 176962 176962 176962 176962 176962 176962 0 0 0 0 0 0 0 0 0 0 0 0 0 0 0 0 0 0 0 0 0 0 0 0 0
#obs catch bio
 259559 289700 274438 333607 294843 302331 279968 253218 268178 271007 228110 216518 186393 134727 147592 143475 127243 127201 122986 120179 110230 103141 106310 99442.2 103440 107628 92459.5 90812.4 95884.2 104404 88308.6 88359.9 100702 97617.6 101940 104658 107501 103963 103075 113266 101612 101444 114020 106819 120736 104531 85707.8 95121.2 67009.4 87152.2 91960.9 117224 124868 133099 117613 136294 123634 124031 128606 117198 106222 110304 121634
#pred cpue bio
 3.0761e+006 2.7787e+006 2.51268e+006 2.28069e+006 2.00478e+006 1.78638e+006 1.57398e+006 1.39392e+006 1.2505e+006 1.09687e+006 942283 832583 731045 658253 640674 609876 581039 569285 555581 543365 530896 527658 530672 528358 531880 529425 521364 529981 542280 550228 548574 566884 587347 594812 606894 616062 622837 628168 639091 651552 651851 663531 674021 668935 670835 657432 663193 694027 719551 780042 820922 855903 861339 856755 842725 845419 827436 822693 817010 805813 806201 817340 821077 2.82287e+007 1.66815e+007 1.6618e+007 1.71877e+007 1.83359e+007 1.97405e+007 2.11582e+007 2.24531e+007 2.35655e+007 2.44825e+007 2.52173e+007 2.57945e+007 2.62419e+007 2.65857e+007 2.68484e+007 2.70488e+007 2.72015e+007 2.73181e+007 2.74074e+007 2.7476e+007 2.75289e+007 2.75699e+007 2.76018e+007 2.76268e+007 2.76465e+007 2.7662e+007 2.76742e+007 2.7684e+007 2.76917e+007 2.7698e+007 2.77029e+007 2.7707e+007 2.77102e+007 2.77128e+007 2.77149e+007 2.77167e+007 2.77181e+007 2.77192e+007 2.77201e+007 2.77209e+007 2.77215e+007 2.7722e+007 2.77224e+007 2.77228e+007 2.7723e+007 2.77233e+007 2.77234e+007 2.77236e+007 2.77237e+007 2.77238e+007 2.77239e+007 2.7724e+007 2.7724e+007 2.77241e+007 2.77241e+007 2.77241e+007 2.77242e+007 2.77242e+007 2.77242e+007 2.77242e+007 2.77242e+007 2.77242e+007 2.77242e+007 2.77242e+007 2.77242e+007 2.77242e+007 2.77242e+007 2.77243e+007 2.77243e+007 2.77243e+007 2.77243e+007 2.77243e+007 2.77243e+007 2.77243e+007 2.77243e+007 2.77243e+007 2.77243e+007 2.77243e+007 2.77243e+007 2.77243e+007 2.77243e+007 2.77243e+007 2.77243e+007 2.77243e+007 2.77243e+007 2.77243e+007 2.77243e+007 2.77243e+007 2.77243e+007 2.77243e+007 2.77243e+007 2.77243e+007 2.77243e+007 2.77243e+007 2.77243e+007 2.77243e+007 2.77243e+007 2.77243e+007 2.77243e+007 2.77243e+007 0 0 0 0 0 0 0 0 0 0 0 0 0 0 0 0 0 0 0 0 0 0 0 0 0
#obs cpue bio
 2.17715e+006 3.46022e+006 3.22784e+006 2.00762e+006 1.54649e+006 1.46566e+006 1.98773e+006 1.12104e+006 945427 1.03267e+006 828683 954335 657605 688596 514908 499416 445787 632790 537253 476057 563161 619563 549933 473480 536278 498501 581043 463059 524166 702451 439232 649994 840578 514899 536183 808384 489310 424493 630217 630395 676006 920275 976304 600780 525222 419636 586068 407098 715652 672344 946610 968300 753690 971480 944290 655328 742144 887011 784231 707228 810880 1.03771e+006 873075
#pred surv len freq
 0.00511991 0.00833671 0.0125893 0.0178642 0.0240256 0.0307261 0.0373817 0.0433175 0.0480196 0.0513032 0.0532826 0.0542214 0.0543993 0.054054 0.0533749 0.0525158 0.0516116 0.0507741 0.0500369 0.0492463 0.0479695 0.0455456 0.041359 0.0352351 0.0276902
 0.00544214 0.00879588 0.0131651 0.0185092 0.0246946 0.0314141 0.0381422 0.0442382 0.0491646 0.0526553 0.0547267 0.0555818 0.0555084 0.0548105 0.0537613 0.0525728 0.0513879 0.0502804 0.0492281 0.048047 0.0463356 0.0435297 0.0391356 0.0330606 0.0258123
 0.00577535 0.00933718 0.0139742 0.0196286 0.0261276 0.0331 0.0399479 0.0459874 0.0507017 0.053907 0.0557134 0.056368 0.0561318 0.0552459 0.0539392 0.0524258 0.0508821 0.0494105 0.0479931 0.0464387 0.0443625 0.0412629 0.0367378 0.0307621 0.0238393
 0.00599794 0.00970954 0.0145549 0.0204811 0.0273085 0.0346383 0.0418181 0.0480909 0.0528708 0.0559369 0.057415 0.0576201 0.0569047 0.0555805 0.0538967 0.0520433 0.0501595 0.0483266 0.0465281 0.0445935 0.0421767 0.0388372 0.0342437 0.028418 0.0218493
 0.00629081 0.0101847 0.015269 0.0214882 0.0286527 0.0363404 0.043859 0.0504 0.0553261 0.058375 0.0596478 0.0594587 0.058192 0.056225 0.0538873 0.0514329 0.0490264 0.0467382 0.0445294 0.0422248 0.0395071 0.0359941 0.0314183 0.0258332 0.0196991
 0.00651877 0.0105535 0.0158215 0.0222652 0.0296884 0.0376537 0.0454434 0.052217 0.0573071 0.060428 0.0616624 0.061307 0.0597329 0.0573182 0.0544181 0.0513365 0.0482977 0.0454207 0.0426949 0.0399617 0.0369281 0.0332535 0.0287146 0.0233812 0.0176759
 0.00684818 0.0110713 0.016568 0.0232667 0.0309542 0.0391715 0.047173 0.0540888 0.0592305 0.0623071 0.0634091 0.0628441 0.0609874 0.0582131 0.0548705 0.0512672 0.0476492 0.0441752 0.0408847 0.0376713 0.0342939 0.0304608 0.0259839 0.0209324 0.0156782
 0.00718103 0.011602 0.0173465 0.0243308 0.0323204 0.0408232 0.0490488 0.0560826 0.0612101 0.0641442 0.0650039 0.0641329 0.0619355 0.0587986 0.055069 0.0510432 0.0469585 0.0429807 0.0391801 0.0355043 0.0317803 0.0277827 0.0233653 0.0185936 0.0137821
 0.00737417 0.011929 0.0178628 0.0250957 0.0333839 0.0422055 0.0507197 0.0579547 0.0631523 0.0660096 0.0666579 0.0654731 0.0628984 0.0593569 0.0552185 0.0507861 0.0462901 0.0418885 0.0376585 0.0335813 0.029543 0.0253857 0.0210112 0.0164874 0.0120759
 0.00756287 0.0122491 0.0183695 0.0258501 0.0344415 0.0435965 0.0524279 0.0599063 0.0652218 0.0680395 0.0684849 0.0669523 0.0639244 0.0598745 0.055222 0.0503046 0.045367 0.040565 0.0359716 0.031579 0.0273089 0.0230545 0.018759 0.0144937 0.0104736
 0.00781921 0.0126635 0.0189895 0.0267194 0.0355938 0.0450434 0.0541455 0.0618262 0.0672342 0.0700077 0.0702626 0.0684016 0.0649314 0.0603636 0.055164 0.0497154 0.0442964 0.0390809 0.0341485 0.0294981 0.02507 0.020787 0.0166173 0.0126286 0.00899218
 0.00796435 0.0128997 0.0193458 0.0272246 0.0362729 0.0459118 0.055201 0.0630442 0.0685687 0.071395 0.0716254 0.0696512 0.065972 0.0611009 0.0555186 0.0496363 0.0437699 0.038131 0.0328315 0.0278968 0.023291 0.0189592 0.0148818 0.0111155 0.0077909
 0.00820893 0.0132818 0.0198917 0.0279483 0.0371735 0.0469712 0.0563799 0.0642827 0.069794 0.0725352 0.0726211 0.0704589 0.0665597 0.0614405 0.0555812 0.0493936 0.0432016 0.0372355 0.0316351 0.0264588 0.0217031 0.0173386 0.0133556 0.00979668 0.00675282
 0.00856848 0.0138183 0.0206102 0.0288221 0.0381532 0.0479992 0.0574014 0.0652489 0.0706629 0.0732729 0.0732044 0.0708757 0.0668052 0.0615123 0.0554739 0.0490954 0.0426964 0.0365102 0.0306914 0.0253251 0.0204412 0.0160399 0.0121256 0.00873134 0.00591439
 0.00853273 0.0137793 0.0205858 0.0288379 0.0382327 0.0481504 0.0576096 0.0654836 0.0708968 0.0735009 0.0734476 0.0711667 0.0671644 0.0619306 0.0559095 0.0494848 0.0429696 0.0366059 0.0305703 0.0249802 0.0199036 0.0153761 0.0114239 0.00807962 0.00537762
 0.00856715 0.0138414 0.020691 0.0290059 0.0384837 0.0484987 0.0580551 0.0660038 0.071445 0.0740138 0.0738624 0.0714422 0.0672954 0.0619448 0.0558486 0.0493802 0.0428269 0.036406 0.0302834 0.0245849 0.019403 0.0148037 0.0108367 0.00754055 0.00493562
 0.00863513 0.0139453 0.0208356 0.0291923 0.0387114 0.0487674 0.0583652 0.0663537 0.0718268 0.0744083 0.0742374 0.0717562 0.0675082 0.0620315 0.0558088 0.0492353 0.042607 0.0361336 0.0299657 0.0242187 0.0189881 0.0143549 0.0103863 0.00712933 0.00459789
 0.00855194 0.0138225 0.0206739 0.0290011 0.0385067 0.048569 0.0581943 0.0662335 0.0717817 0.0744609 0.0744016 0.072029 0.0678645 0.0624268 0.0561902 0.0495568 0.0428397 0.0362673 0.0300022 0.0241649 0.0188546 0.0141594 0.0101559 0.00689715 0.00439421
 0.00849452 0.0137329 0.0205468 0.0288352 0.0383071 0.0483485 0.0579743 0.0660417 0.0716464 0.0744043 0.0744355 0.0721546 0.0680738 0.0627028 0.056506 0.0498772 0.0431276 0.0364917 0.0301442 0.0242194 0.0188283 0.0140687 0.0100248 0.00675269 0.00426101
 0.00848377 0.0137084 0.0204968 0.0287454 0.0381644 0.0481477 0.0577245 0.0657673 0.0713827 0.0741891 0.0743004 0.0721193 0.0681438 0.06287 0.0567508 0.050171 0.0434359 0.036779 0.0303797 0.0243829 0.0189135 0.0140832 0.00998683 0.00668586 0.00418773
 0.00852313 0.0137639 0.0205642 0.0288138 0.0382174 0.0481666 0.0576917 0.0656715 0.0712235 0.0739808 0.0740717 0.0719074 0.0679852 0.0627908 0.0567609 0.0502635 0.0435896 0.0369637 0.0305627 0.0245357 0.0190178 0.014134 0.00999154 0.00666002 0.00414878
 0.00848134 0.0136989 0.0204717 0.0286916 0.0380653 0.0479865 0.0574882 0.0654523 0.0709998 0.0737668 0.0738842 0.0717654 0.0679076 0.0627935 0.0568524 0.0504404 0.043836 0.0372523 0.03086 0.0248088 0.0192411 0.0142945 0.01009 0.00670805 0.00416333
 0.00839956 0.0135675 0.0202774 0.0284245 0.0377226 0.0475771 0.0570366 0.0649976 0.0705881 0.0734397 0.07367 0.0716759 0.0679416 0.0629412 0.0570997 0.0507699 0.0442263 0.0376768 0.0312876 0.025207 0.019582 0.0145607 0.0102774 0.00682553 0.00422763
 0.0084006 0.0135625 0.0202574 0.0283761 0.0376307 0.0474294 0.0568283 0.064735 0.0702889 0.0731313 0.0733846 0.0714452 0.0677905 0.0628842 0.0571397 0.0509007 0.0444341 0.0379419 0.031585 0.0255084 0.0198597 0.0147926 0.0104521 0.00694322 0.00429789
 0.00841014 0.0135671 0.0202439 0.0283254 0.0375219 0.0472474 0.0565707 0.0644145 0.0699314 0.07277 0.073055 0.0711803 0.0676168 0.0628183 0.0571864 0.0510527 0.0446741 0.0382456 0.0319237 0.0258518 0.020179 0.0150649 0.0106639 0.00709259 0.00439266
 0.00843502 0.0136114 0.0203167 0.0284345 0.0376685 0.047419 0.0567377 0.0645345 0.0699621 0.0726857 0.0728568 0.0708957 0.0672906 0.0624999 0.0569193 0.0508674 0.0445848 0.0382503 0.0320071 0.0259892 0.0203418 0.0152261 0.010803 0.0071986 0.00446434
 0.00855097 0.0137839 0.0205469 0.0287138 0.0379817 0.0477491 0.0570673 0.0648431 0.0702216 0.07286 0.0729088 0.0708003 0.0670467 0.0621356 0.0564855 0.0504243 0.0441869 0.0379353 0.0317911 0.0258684 0.0202976 0.0152328 0.0108352 0.00723661 0.00449649
 0.00853447 0.0137562 0.0205035 0.0286499 0.0378935 0.0476358 0.0569342 0.0647035 0.0700963 0.0727725 0.0728765 0.0708255 0.0671138 0.0622169 0.0565546 0.0504685 0.0442113 0.0379571 0.031829 0.0259326 0.0203864 0.0153344 0.0109343 0.00732047 0.0045587
 0.00844606 0.0136242 0.0203266 0.0284345 0.0376516 0.0473818 0.0566825 0.0644687 0.0698941 0.0726199 0.0727903 0.070819 0.0671914 0.0623698 0.0567607 0.0506982 0.0444379 0.038165 0.032015 0.0261011 0.0205414 0.0154755 0.0110566 0.00741841 0.00462982
 0.00845142 0.0136225 0.0203052 0.0283766 0.0375422 0.0472158 0.056471 0.0642375 0.0696747 0.0724386 0.0726621 0.0707485 0.0671779 0.0624113 0.0568527 0.0508316 0.044598 0.0383346 0.0321798 0.0262529 0.0206772 0.0155943 0.0111569 0.0074982 0.00468831
 0.00849578 0.0136993 0.0204284 0.0285584 0.0377863 0.0475089 0.0567775 0.0645054 0.0698522 0.0724928 0.0725899 0.0705731 0.0669368 0.062143 0.0565898 0.0505975 0.0444064 0.0381901 0.0320795 0.0261898 0.0206436 0.0155827 0.0111603 0.00750995 0.00470245
 0.00836587 0.0134956 0.020137 0.0281753 0.0373221 0.0469937 0.0562623 0.0640544 0.0695252 0.0723255 0.0725843 0.0707036 0.067166 0.062436 0.0569201 0.0509464 0.0447594 0.0385344 0.032403 0.0264815 0.0208949 0.0157884 0.0113194 0.00762542 0.00478048
 0.00833694 0.0134321 0.0200114 0.0279531 0.0369717 0.0465022 0.0556498 0.0633781 0.068869 0.0717791 0.0722208 0.0705624 0.0672469 0.0627052 0.0573243 0.0514289 0.0452717 0.0390397 0.0328754 0.026903 0.0212535 0.016078 0.0115399 0.00778254 0.00488437
 0.00839536 0.0135272 0.020153 0.0281451 0.0372052 0.0467479 0.0558558 0.0634798 0.0688119 0.0715444 0.0718383 0.0701032 0.0667982 0.0623415 0.0570886 0.0513288 0.0452874 0.0391384 0.0330226 0.0270695 0.0214172 0.0162237 0.011659 0.00787194 0.00494595
 0.00834142 0.0134527 0.0200657 0.0280614 0.0371466 0.046734 0.0558963 0.0635677 0.0689209 0.0716331 0.0718628 0.0700352 0.0666404 0.0621301 0.0568797 0.0511758 0.0452228 0.0391665 0.0331252 0.0272167 0.021579 0.0163762 0.0117871 0.00796941 0.00501332
 0.00835857 0.01347 0.020073 0.0280448 0.0370949 0.0466474 0.0557917 0.0634756 0.0688727 0.0716451 0.071926 0.070117 0.0666991 0.062134 0.0568226 0.0510793 0.0451248 0.0391035 0.0331173 0.0272632 0.0216633 0.0164759 0.0118824 0.00804773 0.00507013
 0.00835293 0.0134688 0.0200849 0.0280806 0.0371616 0.0467414 0.0558957 0.0635637 0.0689227 0.0716509 0.0718993 0.0700782 0.0666617 0.0620967 0.0567727 0.0510057 0.0450294 0.039003 0.0330348 0.0272164 0.0216565 0.0165007 0.0119238 0.00809132 0.00510651
 0.00824044 0.0133102 0.0198916 0.0278797 0.0369897 0.0466332 0.0558732 0.0636299 0.0690612 0.0718306 0.072084 0.070238 0.0667812 0.0621749 0.0568162 0.0510211 0.0450213 0.0389772 0.0330016 0.027189 0.0216454 0.0165091 0.011947 0.00812051 0.00513373
 0.00811092 0.0131019 0.0195841 0.0274606 0.0364629 0.0460291 0.0552544 0.0630835 0.0686759 0.071667 0.0721548 0.070508 0.0671855 0.0626429 0.0572897 0.0514618 0.0454094 0.0393057 0.0332719 0.0274077 0.0218215 0.0166506 0.0120591 0.00820608 0.00519489
 0.00796344 0.0128732 0.0192605 0.0270359 0.0359394 0.0454185 0.054582 0.0623937 0.0680334 0.07115 0.0718385 0.0704436 0.0673832 0.0630673 0.0578713 0.0521188 0.0460686 0.0399148 0.0338017 0.0278477 0.0221732 0.0169219 0.0122606 0.00834878 0.00529007
 0.00792055 0.0128013 0.0191482 0.0268718 0.0357141 0.0451287 0.0542338 0.0620031 0.0676242 0.0707507 0.0714828 0.0701707 0.067234 0.0630741 0.0580441 0.0524375 0.046487 0.0403751 0.0342508 0.0282479 0.0225052 0.0171813 0.0124523 0.00848272 0.00537799
 0.00790506 0.0127591 0.0190535 0.0266907 0.0354143 0.0446935 0.0536749 0.0613633 0.0669675 0.0701462 0.0709896 0.0698307 0.0670718 0.0630997 0.058255 0.0528166 0.0470002 0.0409717 0.0348712 0.0288354 0.0230171 0.0175943 0.0127621 0.00869883 0.00551781
 0.00792534 0.0127867 0.019084 0.026713 0.035409 0.0446334 0.0535283 0.0611031 0.0665842 0.069659 0.0704485 0.0693058 0.0666348 0.0628074 0.0581396 0.0528853 0.0472375 0.0413431 0.0353274 0.02932 0.023477 0.0179899 0.0130723 0.00892144 0.00566401
 0.00804869 0.0129782 0.0193543 0.0270642 0.0358313 0.0451018 0.0539991 0.061515 0.0668663 0.0697478 0.0703067 0.0689368 0.0660858 0.0621594 0.057488 0.0523165 0.0468116 0.0410856 0.0352306 0.0293508 0.0235887 0.0181351 0.0132139 0.00903716 0.00574652
 0.00808088 0.0130344 0.019446 0.0272041 0.0360301 0.0453627 0.054313 0.061857 0.0671981 0.0700226 0.0704765 0.0689618 0.0659448 0.0618597 0.0570691 0.0518437 0.0463595 0.0407183 0.0349855 0.0292331 0.0235762 0.0181905 0.0132983 0.00912094 0.00581326
 0.00823243 0.0132683 0.0197747 0.0276307 0.036548 0.0459556 0.0549529 0.0625032 0.0677992 0.0705221 0.0708209 0.0691078 0.0658659 0.0615518 0.0565554 0.0511757 0.0456113 0.0399739 0.0343206 0.0286988 0.023191 0.017943 0.0131583 0.00905263 0.00578576
 0.00828474 0.0133461 0.0198787 0.0277573 0.0366916 0.0461117 0.0551203 0.0626843 0.0679974 0.0707383 0.0710483 0.0693276 0.0660469 0.0616555 0.056547 0.0510371 0.0453512 0.0396285 0.0339446 0.0283488 0.0229087 0.0177459 0.0130407 0.00899458 0.00576404
 0.00803572 0.0129789 0.0193962 0.0271871 0.0360788 0.0455069 0.054571 0.0622329 0.067683 0.0705953 0.071101 0.0695811 0.0664803 0.0622198 0.0571718 0.0516454 0.0458782 0.040037 0.0342307 0.0285355 0.0230308 0.0178346 0.0131141 0.0090581 0.00581604
 0.00785795 0.0126936 0.0189756 0.0266134 0.035354 0.0446644 0.0536827 0.0614013 0.0670157 0.0701742 0.0709626 0.0697187 0.066858 0.0627873 0.05787 0.052408 0.0466355 0.0407266 0.0348099 0.0289884 0.0233662 0.0180751 0.0132845 0.00917796 0.00589824
 0.00755086 0.0122018 0.0182503 0.0256169 0.0340704 0.0431158 0.051946 0.0596142 0.0653607 0.0688432 0.0701157 0.0694506 0.0671824 0.0636408 0.0591328 0.0539317 0.048269 0.042334 0.0362834 0.030256 0.0243941 0.018863 0.0138561 0.00956972 0.00615052
 0.00751763 0.0121249 0.0180915 0.0253242 0.0335882 0.0424018 0.0509896 0.0584472 0.0640586 0.0675179 0.0689036 0.0684954 0.0666102 0.0635331 0.0595056 0.0547311 0.049384 0.0436231 0.0376031 0.0314855 0.0254502 0.0197048 0.0144806 0.010001 0.0064272
 0.00752578 0.0121363 0.0181034 0.0253276 0.033563 0.0423126 0.0507865 0.0580754 0.0634776 0.0667237 0.0679437 0.0674686 0.0656513 0.0627855 0.0590899 0.0547158 0.0497683 0.0443374 0.0385283 0.0324842 0.0263986 0.0205156 0.0151114 0.0104497 0.00671962
 0.00760925 0.0122758 0.0183193 0.0256389 0.0339794 0.0428235 0.0513497 0.0586139 0.0638889 0.0669014 0.0678059 0.0669845 0.0648588 0.0617917 0.0580508 0.0537994 0.0491114 0.0440116 0.0385273 0.0327357 0.0267946 0.0209483 0.0155001 0.0107522 0.00692798
 0.00762324 0.0123136 0.0184044 0.0258031 0.034256 0.0432349 0.0518946 0.0592595 0.0645703 0.0675283 0.0682749 0.0671976 0.0647472 0.0613407 0.0573144 0.0528956 0.048195 0.0432313 0.0379843 0.0324602 0.0267496 0.0210554 0.0156738 0.0109261 0.00706591
 0.00764259 0.0123485 0.0184642 0.0259012 0.03441 0.0434652 0.0522201 0.0596907 0.0651 0.0681236 0.0688733 0.0677127 0.0650841 0.0614184 0.0570917 0.0523899 0.0474865 0.0424455 0.0372555 0.0318913 0.0263855 0.0208811 0.0156355 0.0109605 0.00712247
 0.00757956 0.0122493 0.018322 0.0257136 0.0341826 0.0432151 0.0519793 0.0595048 0.065021 0.0681955 0.0691168 0.0681121 0.0655832 0.0619285 0.0575122 0.0526382 0.0475259 0.0422987 0.036996 0.0316135 0.026168 0.020762 0.0156092 0.0109943 0.00717909
 0.00762619 0.0123232 0.018429 0.0258566 0.0343592 0.0434156 0.0521861 0.0596956 0.0651767 0.0683095 0.0691989 0.0681839 0.065665 0.0620239 0.0575994 0.0526738 0.0474631 0.0421121 0.0366991 0.031257 0.0258199 0.0204793 0.0154188 0.0108907 0.00713743
 0.00761606 0.012306 0.018402 0.0258179 0.0343088 0.0433574 0.0521286 0.0596501 0.0651538 0.0683154 0.0692354 0.0682512 0.0657643 0.0621566 0.0577601 0.0528436 0.0476092 0.0421976 0.0367001 0.0311767 0.025688 0.0203381 0.0153034 0.0108172 0.00710251
 0.00757259 0.0122448 0.0183273 0.0257391 0.0342374 0.0433023 0.0520927 0.0596313 0.0651482 0.0683216 0.0692552 0.0682887 0.0658233 0.0622391 0.0578651 0.0529651 0.0477332 0.0423028 0.036764 0.031186 0.0256466 0.0202661 0.0152269 0.0107561 0.00706449
 0.00747715 0.0121077 0.0181547 0.0255492 0.0340565 0.0431573 0.0520043 0.0596096 0.0651914 0.0684169 0.0693828 0.0684276 0.065958 0.0623627 0.0579783 0.0530715 0.0478338 0.0423928 0.0368329 0.0312231 0.0256477 0.0202374 0.0151829 0.0107124 0.00703133
 0.00733848 0.0118854 0.0178277 0.025104 0.033495 0.0425059 0.05132 0.0589748 0.0646944 0.0681257 0.069326 0.068591 0.0662964 0.0628176 0.0584936 0.0536026 0.0483491 0.0428698 0.0372547 0.0315763 0.0259244 0.0204378 0.0153163 0.0107943 0.00707841
 0.00708827 0.0115017 0.017293 0.0244172 0.0326703 0.041572 0.050322 0.0579782 0.0637846 0.0673983 0.0688686 0.0684629 0.0665123 0.0633436 0.0592572 0.0545122 0.0493147 0.0438164 0.0381271 0.0323376 0.0265532 0.0209274 0.0156733 0.0110367 0.00723106
 0.00676187 0.011004 0.0166058 0.0235471 0.0316475 0.0404463 0.0491598 0.0568587 0.0627905 0.0666037 0.0683313 0.068223 0.0665933 0.0637488 0.0599624 0.0554612 0.0504241 0.0449905 0.0392742 0.0333833 0.0274471 0.0216439 0.01621 0.0114104 0.00747148
#obs surv len freq
 0.00497295 0.00814497 0.0123876 0.0177138 0.0239965 0.0308696 0.0377074 0.0437875 0.0485609 0.0518287 0.0537104 0.0544905 0.0544866 0.053993 0.0532689 0.052528 0.0519166 0.0514707 0.0510527 0.0502935 0.0486107 0.0453733 0.0402042 0.0332722 0.025359
 0.00518167 0.00848844 0.0129124 0.0184661 0.0250136 0.0321657 0.0392587 0.0455262 0.0503841 0.0536168 0.0553467 0.0558727 0.0555303 0.054631 0.0534491 0.0522152 0.0510983 0.0501662 0.0493206 0.0482362 0.0463717 0.0431251 0.0381235 0.0315063 0.0239936
 0.00541911 0.00887469 0.0134944 0.0192884 0.0261109 0.0335503 0.0409074 0.0473739 0.0523309 0.0555449 0.0571371 0.0574164 0.0567337 0.0554176 0.0537592 0.0520049 0.0503413 0.0488613 0.0475054 0.0460015 0.0438684 0.0405539 0.0357034 0.0294277 0.0223734
 0.00564673 0.00925052 0.0140707 0.0201174 0.0272342 0.034983 0.0426215 0.0492939 0.0543463 0.0575323 0.0589798 0.0590134 0.0579998 0.0562805 0.0541573 0.0518868 0.0496683 0.0476156 0.0457052 0.043721 0.0412523 0.037813 0.0330821 0.0271481 0.0205802
 0.00589887 0.00966059 0.0146885 0.02099 0.0283982 0.0364514 0.0443691 0.0512504 0.0564039 0.0595648 0.0608625 0.0606368 0.0592757 0.0571416 0.0545519 0.0517726 0.0490098 0.0463894 0.0439168 0.0414287 0.0385883 0.0349858 0.0303461 0.0247447 0.0186736
 0.00611555 0.0100208 0.0152451 0.0217972 0.0295002 0.0378648 0.0460667 0.0531562 0.0584058 0.0615378 0.0626892 0.062217 0.0605275 0.0579996 0.0549643 0.051698 0.0484144 0.0452499 0.0422329 0.0392466 0.036025 0.0322364 0.0276584 0.022362 0.0167687
 0.00638419 0.0104527 0.0158865 0.0226888 0.0306708 0.0393211 0.04778 0.0550563 0.0603875 0.0634778 0.0644655 0.0637238 0.0616828 0.0587458 0.0552635 0.051524 0.0477468 0.0440741 0.0405515 0.0371009 0.0335203 0.0295525 0.0250293 0.0200229 0.0148907
 0.00660171 0.0108174 0.0164554 0.0235201 0.0318101 0.0407802 0.0495183 0.0569781 0.0623611 0.0653664 0.0661516 0.0651183 0.0627223 0.0593862 0.0554751 0.0512877 0.04705 0.0429108 0.0389301 0.035062 0.0311594 0.0270316 0.0225613 0.017824 0.013121
 0.00683346 0.0111952 0.0170264 0.0243298 0.0328951 0.0421549 0.0511599 0.0588171 0.0642865 0.0672427 0.0678419 0.0665051 0.0637213 0.0599503 0.0555877 0.050951 0.0462737 0.0417074 0.0373205 0.0330917 0.0289184 0.0246663 0.0202614 0.0157823 0.01148
 0.00703903 0.0115333 0.0175421 0.0250671 0.0338875 0.0434115 0.0526514 0.0604724 0.066004 0.0689096 0.069351 0.0677631 0.0646518 0.0604964 0.0557156 0.0506498 0.045551 0.0405838 0.0358284 0.0312842 0.0268838 0.0225368 0.0182034 0.0139624 0.0100205
 0.0072677 0.0119055 0.0181028 0.0258576 0.0349362 0.0447205 0.0541822 0.0621423 0.0676978 0.0705031 0.0707334 0.0688497 0.0653871 0.0608499 0.0556762 0.05022 0.0447441 0.0394231 0.0343504 0.0295453 0.0249704 0.02057 0.0163287 0.0123217 0.00871412
 0.00742583 0.0121702 0.0185154 0.0264608 0.0357653 0.0457883 0.055465 0.0635749 0.0691828 0.0719306 0.0719992 0.0698682 0.0660963 0.0612132 0.0556794 0.0498668 0.0440503 0.0384139 0.0330622 0.0280324 0.0233125 0.018875 0.0147225 0.0109233 0.00760573
 0.00750333 0.012297 0.0187086 0.0267395 0.0361501 0.0462986 0.0561141 0.064363 0.070091 0.0729172 0.0730013 0.0708088 0.0668952 0.0617992 0.0559993 0.0498886 0.0437636 0.0378271 0.0322023 0.0269468 0.0220728 0.0175765 0.0134745 0.00982788 0.00673352
 0.00755798 0.0123806 0.0188249 0.0268897 0.0363346 0.0465197 0.056378 0.0646799 0.0704734 0.0733753 0.0735361 0.0714039 0.0675124 0.0623802 0.0564747 0.0501914 0.0438415 0.0376512 0.0317708 0.0262873 0.0212418 0.0166558 0.0125592 0.00900786 0.00607218
 0.00764994 0.0125205 0.0190174 0.0271319 0.0366165 0.0468253 0.0566875 0.064973 0.0707355 0.0736036 0.0737419 0.0716073 0.0677312 0.0626171 0.0567098 0.0503835 0.0439373 0.0376004 0.0315406 0.0258738 0.0206743 0.0159933 0.0118789 0.0083856 0.00556379
 0.00771203 0.0126194 0.019162 0.027328 0.0368638 0.047115 0.0569994 0.0652779 0.071002 0.0738084 0.0738772 0.0716832 0.0677704 0.0626454 0.0567444 0.0504235 0.0439611 0.0375706 0.0314178 0.0256324 0.0203153 0.0155479 0.0114008 0.00793465 0.0051874
 0.00776058 0.0126928 0.0192624 0.0274541 0.0370123 0.0472815 0.0571793 0.065465 0.0711866 0.0739775 0.0740167 0.0717822 0.067826 0.0626643 0.0567402 0.0504092 0.0439401 0.0375323 0.0313396 0.0254903 0.0200976 0.0152643 0.0110823 0.00762285 0.00491973
 0.00782742 0.0127959 0.0194068 0.02764 0.0372338 0.0475268 0.0574305 0.0657001 0.0713847 0.0741237 0.0741052 0.0718149 0.0678088 0.0626051 0.0566488 0.0502968 0.0438167 0.0374023 0.0311991 0.0253288 0.0199054 0.0150417 0.0108435 0.00739202 0.0047212
 0.0078573 0.0128449 0.0194813 0.0277453 0.0373732 0.0476982 0.0576247 0.0659007 0.0715715 0.0742777 0.0742135 0.0718722 0.0678173 0.0625716 0.0565818 0.0502052 0.0437084 0.0372832 0.0310712 0.0251903 0.0197533 0.0148763 0.010672 0.0072283 0.00458027
 0.00786259 0.0128494 0.0194808 0.0277346 0.0373486 0.0476614 0.0575847 0.0658728 0.0715712 0.0743144 0.0742862 0.0719707 0.0679259 0.0626747 0.0566676 0.0502668 0.0437435 0.0372921 0.0310552 0.0251504 0.0196906 0.0147941 0.0105773 0.00713157 0.00449309
 0.00787006 0.012857 0.0194837 0.0277254 0.0373185 0.0476039 0.0574988 0.0657653 0.0714571 0.0742144 0.0742217 0.0719576 0.067969 0.0627659 0.0567894 0.0503981 0.0438655 0.0373915 0.0311249 0.025188 0.0196973 0.0147739 0.0105375 0.00708195 0.00444354
 0.0079147 0.0129223 0.0195681 0.0278218 0.0374154 0.0476871 0.0575541 0.0657807 0.0714258 0.0741382 0.0741127 0.0718362 0.0678588 0.0626869 0.0567513 0.0503991 0.0438939 0.0374316 0.0311618 0.0252111 0.0197019 0.0147603 0.0105101 0.00704735 0.0044089
 0.00790024 0.012904 0.0195498 0.0278097 0.0374154 0.0477011 0.0575773 0.0658025 0.0714338 0.0741233 0.0740729 0.0717776 0.067794 0.0626311 0.0567186 0.0503976 0.0439238 0.0374846 0.0312247 0.0252701 0.0197466 0.014786 0.0105176 0.00704163 0.00439634
 0.00789071 0.0128838 0.0195112 0.0277443 0.0373177 0.0475739 0.0574346 0.0656669 0.0713285 0.0740626 0.0740576 0.0717975 0.0678353 0.0626836 0.0567786 0.0504666 0.0440044 0.0375765 0.0313224 0.0253646 0.019828 0.0148475 0.0105573 0.00706234 0.0044036
 0.00788513 0.0128725 0.0194899 0.0277069 0.0372573 0.0474844 0.0573138 0.0655194 0.0711675 0.073909 0.0739353 0.0717258 0.0678222 0.0627246 0.0568603 0.0505737 0.0441245 0.0377012 0.0314458 0.0254805 0.0199297 0.0149294 0.0106166 0.00710013 0.00442436
 0.00789493 0.0128837 0.019498 0.0277045 0.0372357 0.0474366 0.0572364 0.065414 0.0710404 0.0737702 0.0737983 0.0716071 0.0677384 0.0626881 0.0568755 0.0506357 0.0442212 0.0378181 0.0315693 0.0255997 0.0200362 0.0150174 0.0106831 0.0071456 0.00445204
 0.00785697 0.0128278 0.0194245 0.027617 0.0371392 0.0473352 0.0571321 0.065307 0.0709315 0.0736634 0.0737009 0.0715289 0.0676897 0.0626777 0.0569088 0.0507128 0.0443363 0.0379599 0.0317234 0.0257515 0.0201736 0.015132 0.0107711 0.00720743 0.00449144
 0.00781656 0.0127582 0.0193132 0.0274518 0.0369134 0.0470541 0.0568173 0.0649946 0.0706615 0.0734671 0.0735931 0.0715076 0.0677434 0.0627919 0.0570705 0.0509111 0.044561 0.0381996 0.0319648 0.0259805 0.0203772 0.0153008 0.0109008 0.0072992 0.00455081
 0.00781699 0.0127522 0.0192915 0.0274009 0.0368181 0.0469021 0.056605 0.0647311 0.0703695 0.0731801 0.0733484 0.0713371 0.0676657 0.0628089 0.0571704 0.0510746 0.0447676 0.0384305 0.0322031 0.0262108 0.0205857 0.0154769 0.0110386 0.00739841 0.00461611
 0.00777962 0.0126979 0.0192213 0.0273189 0.0367282 0.046805 0.0564958 0.064601 0.0702119 0.0729965 0.0731523 0.0711532 0.0675234 0.0627338 0.0571764 0.0511613 0.0449217 0.0386311 0.0324273 0.026437 0.020796 0.0156579 0.0111825 0.0075036 0.00468635
 0.00774006 0.0126288 0.0191092 0.0271503 0.0364955 0.0465131 0.0561672 0.0642726 0.069923 0.0727758 0.0730102 0.0710855 0.0675203 0.0627889 0.0572887 0.051331 0.0451447 0.0388956 0.0327143 0.0267241 0.0210618 0.0158858 0.0113633 0.00763558 0.00477456
 0.00770813 0.0125745 0.0190229 0.027021 0.0363126 0.0462703 0.0558669 0.0639299 0.0695668 0.0724445 0.0727437 0.0709145 0.0674591 0.0628339 0.0574241 0.0515373 0.0454034 0.03919 0.0330272 0.0270359 0.0213524 0.0161376 0.0115649 0.00778404 0.00487448
 0.00768952 0.0125447 0.0189788 0.0269591 0.0362291 0.0461606 0.0557266 0.0637563 0.0693611 0.0722151 0.0725077 0.0706972 0.0672894 0.0627366 0.0574133 0.0516131 0.0455544 0.0393978 0.0332705 0.0272931 0.0216021 0.0163613 0.0117494 0.00792314 0.00496999
 0.00766117 0.0125013 0.0189183 0.0268814 0.0361359 0.0460548 0.0556118 0.063636 0.069238 0.07209 0.0723813 0.0705722 0.0671738 0.0626446 0.0573626 0.0516193 0.0456251 0.0395298 0.0334506 0.0275013 0.0218163 0.0165608 0.0119185 0.00805365 0.00506133
 0.00766712 0.012508 0.0189231 0.02688 0.0361236 0.0460286 0.0555713 0.0635836 0.0691772 0.072023 0.0723082 0.0704917 0.0670856 0.0625525 0.0572762 0.051553 0.0455944 0.0395459 0.0335157 0.0276076 0.0219479 0.0166984 0.0120446 0.00815647 0.00513626
 0.00764004 0.0124721 0.0188838 0.0268468 0.0361064 0.0460325 0.0555935 0.0636137 0.0692016 0.0720311 0.0722954 0.0704587 0.0670362 0.0624913 0.057209 0.0514877 0.045542 0.039518 0.0335214 0.027649 0.0220188 0.0167861 0.0121339 0.00823466 0.00519627
 0.00759291 0.0123948 0.018767 0.0266837 0.035897 0.0457883 0.0553399 0.0633864 0.0690354 0.0719478 0.0722962 0.070528 0.0671498 0.0626262 0.057348 0.0516214 0.0456675 0.0396376 0.0336398 0.0277701 0.0221424 0.0169068 0.0122436 0.00832549 0.00526408
 0.00757335 0.0123617 0.0187145 0.0266052 0.035786 0.0456408 0.0551576 0.0631794 0.0688237 0.0717585 0.0721576 0.0704607 0.06716 0.0627047 0.0574745 0.0517728 0.0458251 0.0397902 0.0337832 0.0279042 0.0222676 0.0170217 0.0123442 0.00840755 0.0053253
 0.00755536 0.0123325 0.0186705 0.026543 0.0357025 0.0455342 0.055028 0.06303 0.0686614 0.0715938 0.0720054 0.0703393 0.0670877 0.0626942 0.0575286 0.0518823 0.0459722 0.0399552 0.0339495 0.028061 0.0224091 0.0171448 0.0124468 0.00848829 0.00538415
 0.00756188 0.0123421 0.0186831 0.0265574 0.0357162 0.0455432 0.0550271 0.0630128 0.0686218 0.0715281 0.071914 0.0702287 0.0669708 0.0625882 0.0574512 0.0518466 0.0459825 0.0400058 0.0340282 0.0281538 0.0225038 0.0172327 0.0125224 0.00854875 0.00542878
 0.00752754 0.0122901 0.0186122 0.0264691 0.0356147 0.0454348 0.0549193 0.0629137 0.0685385 0.071465 0.0718718 0.0702046 0.066961 0.062591 0.0574684 0.0518829 0.046043 0.0400921 0.0341364 0.0282746 0.0226255 0.0173444 0.0126166 0.00862179 0.00548081
 0.00752241 0.012282 0.0186004 0.0264533 0.035595 0.0454118 0.0548945 0.0628888 0.068515 0.0714432 0.0718506 0.0701821 0.0669356 0.0625625 0.057439 0.0518578 0.0460289 0.0400957 0.0341614 0.0283196 0.0226845 0.0174084 0.0126769 0.00867217 0.00551848
 0.00751125 0.0122638 0.0185728 0.0264144 0.0355439 0.0453497 0.0548252 0.0628189 0.0684522 0.0713946 0.0718206 0.0701713 0.0669412 0.0625798 0.057463 0.0518852 0.0460592 0.0401311 0.0342045 0.0283719 0.022744 0.0174704 0.012735 0.00872095 0.00555521
 0.00752223 0.0122812 0.0185983 0.0264484 0.0355857 0.0453959 0.0548699 0.0628544 0.0684712 0.0713925 0.0717976 0.0701317 0.0668916 0.0625266 0.0574113 0.0518381 0.046019 0.0400997 0.0341844 0.0283649 0.0227502 0.0174872 0.0127578 0.00874458 0.00557557
 0.0075092 0.012264 0.0185795 0.0264332 0.0355799 0.0454041 0.0548933 0.06289 0.0685125 0.0714315 0.0718264 0.0701451 0.0668882 0.0625084 0.0573831 0.0518055 0.0459871 0.0400725 0.0341646 0.0283544 0.0227496 0.0174953 0.0127717 0.00876059 0.00559032
 0.00747389 0.0122092 0.0185023 0.0263336 0.0354618 0.0452765 0.0547701 0.0627884 0.0684484 0.0714143 0.0718555 0.0702107 0.0669753 0.0626023 0.0574725 0.0518845 0.0460542 0.0401293 0.0342137 0.0283982 0.0227896 0.017532 0.0128044 0.00878798 0.00561145
 0.00747389 0.0122092 0.0185023 0.0263336 0.0354618 0.0452765 0.0547701 0.0627884 0.0684484 0.0714143 0.0718555 0.0702107 0.0669753 0.0626023 0.0574725 0.0518845 0.0460542 0.0401293 0.0342137 0.0283982 0.0227896 0.017532 0.0128044 0.00878798 0.00561145
 0.00730104 0.0119284 0.0180818 0.0257482 0.0347033 0.0443674 0.0537745 0.0618098 0.0676089 0.0708231 0.0715815 0.07027 0.067335 0.0631947 0.0582141 0.0526928 0.0468606 0.0408842 0.0348864 0.0289728 0.0232608 0.0179016 0.0130798 0.00898135 0.00573801
 0.00723922 0.0118097 0.0178696 0.0253972 0.0341707 0.0436309 0.0528502 0.0607601 0.0665359 0.0698492 0.0708263 0.0698275 0.0672554 0.0634753 0.0588026 0.0535021 0.0477896 0.0418379 0.0357891 0.0297729 0.02393 0.0184307 0.0134742 0.0092568 0.00591687
 0.00705062 0.0115084 0.0174255 0.0247851 0.0333735 0.0426462 0.0516996 0.0594966 0.0652443 0.068639 0.0698177 0.069134 0.0669644 0.0636306 0.0593925 0.0544603 0.0490077 0.0431866 0.037142 0.0310253 0.0250098 0.0193009 0.0141293 0.0097157 0.0062144
 0.00702792 0.0114565 0.0173196 0.0245917 0.0330578 0.0421826 0.0510818 0.0587409 0.0643862 0.0677269 0.0689116 0.0683073 0.0663029 0.0632228 0.0593104 0.0547371 0.0496235 0.0440685 0.0381798 0.0320974 0.0260082 0.0201497 0.0147916 0.0101906 0.00652663
 0.00704768 0.0114963 0.0173918 0.0247078 0.0332192 0.0423695 0.0512469 0.0588155 0.0643001 0.0674337 0.0684059 0.0676281 0.0655264 0.0624492 0.0586492 0.0542884 0.0494557 0.0442003 0.0385734 0.0326691 0.026653 0.0207694 0.0153167 0.0105885 0.00679816
 0.00711595 0.0116132 0.0175784 0.0249871 0.0336094 0.0428742 0.0518433 0.0594481 0.0648831 0.0678654 0.068591 0.0675031 0.0650803 0.061732 0.0577636 0.0533685 0.0486369 0.0435891 0.0382244 0.0325764 0.0267598 0.0209922 0.015573 0.0108188 0.00697274
 0.00715638 0.0116891 0.0177117 0.0252048 0.033938 0.0433299 0.052422 0.0601197 0.0655927 0.0685386 0.0691421 0.0678457 0.0651432 0.0614788 0.0572098 0.0525861 0.0477432 0.0427183 0.0374937 0.0320569 0.0264645 0.0208838 0.0155873 0.0108902 0.00705333
 0.00714684 0.0116807 0.0177131 0.0252306 0.0340085 0.0434677 0.0526484 0.0604484 0.0660234 0.0690505 0.0696907 0.0683649 0.065554 0.0617045 0.0571952 0.0523165 0.0472549 0.0420954 0.036846 0.0314879 0.0260417 0.0206253 0.0154685 0.0108639 0.00707238
 0.00709348 0.011596 0.01759 0.0250665 0.0338079 0.0432471 0.0524387 0.0602932 0.0659706 0.0691385 0.0699352 0.0687501 0.0660317 0.0622002 0.0576229 0.0525998 0.0473491 0.0420025 0.0366151 0.0311972 0.02577 0.0204257 0.0153566 0.0108249 0.00707707
 0.0071266 0.0116444 0.0176525 0.0251375 0.0338785 0.0433064 0.0524768 0.0603049 0.0659593 0.0691193 0.0699334 0.0687937 0.066139 0.0623687 0.0578235 0.0527817 0.0474563 0.0419951 0.0364866 0.0309787 0.0255166 0.0201937 0.0151827 0.0107184 0.0070257
 0.00711567 0.0116294 0.0176349 0.0251201 0.0338637 0.0432948 0.0524658 0.0602894 0.0659348 0.0690854 0.0698973 0.0687708 0.0661496 0.0624303 0.0579411 0.0529405 0.0476219 0.0421244 0.0365449 0.0309552 0.0254285 0.0200762 0.0150717 0.0106362 0.00697743
 0.00708525 0.0115797 0.0175599 0.0250153 0.0337281 0.0431338 0.0522927 0.0601239 0.0657974 0.0689912 0.0698524 0.0687744 0.0661985 0.0625234 0.0580786 0.0531188 0.0478277 0.0423321 0.0367234 0.031079 0.0254892 0.0200843 0.0150498 0.0106068 0.00695441
 0.00709838 0.0115957 0.017574 0.0250191 0.0337119 0.043089 0.0522155 0.0600174 0.0656716 0.0688614 0.0697359 0.0686863 0.0661494 0.0625174 0.0581159 0.0531965 0.047939 0.0424644 0.0368575 0.0311938 0.0255687 0.0201244 0.0150582 0.0105977 0.00694076
 0.00699961 0.0114419 0.0173554 0.0247317 0.0333587 0.0426817 0.0517762 0.0595784 0.0652719 0.0685404 0.0695253 0.0686056 0.0662033 0.062697 0.0584006 0.0535589 0.0483488 0.0428913 0.0372723 0.0315694 0.0258837 0.020367 0.0152288 0.0107071 0.00700504
 0.00692468 0.011312 0.0171458 0.0244165 0.032919 0.0421175 0.0511165 0.0588811 0.0646113 0.0679883 0.0691357 0.0684085 0.066206 0.0628884 0.0587555 0.0540415 0.0489168 0.0435 0.0378778 0.0321326 0.0263731 0.0207626 0.0155246 0.0109106 0.00713347
 0.00693122 0.0113176 0.017144 0.0243953 0.0328604 0.0419994 0.050916 0.0585831 0.0642172 0.0675237 0.0686499 0.0679642 0.0658641 0.0626932 0.0587274 0.0541768 0.0491921 0.0438776 0.0383128 0.0325784 0.0267886 0.0211169 0.0158012 0.0111077 0.0072613
#pred catch len freq
 0.00481432 0.00759581 0.0110358 0.0150306 0.0195118 0.0244282 0.0296693 0.0350229 0.0402099 0.0449524 0.0490199 0.0522533 0.054582 0.0560308 0.0567079 0.056783 0.0564647 0.0559603 0.0553885 0.0546444 0.0532935 0.0506308 0.0459894 0.0391847 0.0307957
 0.00516177 0.00809427 0.0116672 0.0157478 0.0202666 0.0252094 0.0305208 0.0360224 0.0414149 0.0463458 0.0504938 0.0536418 0.0557247 0.0568278 0.0571383 0.0568816 0.056273 0.0554794 0.0545614 0.0533835 0.0515473 0.0484556 0.0435768 0.036817 0.0287468
 0.00551281 0.00864497 0.0124557 0.0167883 0.0215394 0.0266531 0.0320347 0.0374906 0.0427487 0.0475192 0.0515382 0.0545983 0.0565881 0.0575282 0.0575713 0.0569588 0.0559513 0.0547509 0.0534231 0.0518238 0.0495718 0.0461379 0.0410904 0.0344114 0.0266689
 0.00583002 0.00914675 0.0131867 0.0177851 0.0228287 0.0282441 0.0339031 0.0395593 0.0448809 0.049537 0.0532664 0.0559159 0.0574552 0.05797 0.0576313 0.0566565 0.055272 0.0536634 0.0519032 0.0498719 0.0472318 0.0435204 0.0383849 0.0318591 0.0244966
 0.0061521 0.00965271 0.0139172 0.0187715 0.0240948 0.0298059 0.0357612 0.0416851 0.0472026 0.0519299 0.0555564 0.057901 0.0589477 0.0588423 0.057841 0.056235 0.0542846 0.05217 0.0499445 0.047487 0.0444931 0.0405648 0.0354195 0.0291275 0.0222126
 0.00645544 0.0101249 0.0145903 0.0196659 0.0252222 0.0311721 0.0373643 0.0435086 0.0492076 0.0540493 0.0576898 0.059913 0.0606751 0.0601152 0.0585158 0.0562251 0.0535731 0.0507982 0.0479881 0.0450424 0.0416849 0.0375647 0.0324487 0.026426 0.0199792
 0.00684242 0.0107178 0.0154164 0.0207299 0.0265117 0.0326653 0.0390327 0.0453134 0.0510969 0.0559581 0.0595423 0.0616238 0.0621473 0.0612401 0.0591776 0.0563159 0.0530145 0.0495618 0.0461056 0.0426067 0.0388479 0.0345331 0.0294689 0.0237441 0.0177856
