SBPRF35
10.0745
Curr Bio
610084
B35
791955
F35
0.186851
FOFL
0.136426
OFL
65435.3
Bzero
2.87844e+006
#pred survey bio
 4.0869e+006 3.91626e+006 3.75744e+006 3.52747e+006 3.29014e+006 2.98311e+006 2.70288e+006 2.42422e+006 2.15481e+006 1.91767e+006 1.69053e+006 1.47755e+006 1.31574e+006 1.17732e+006 1.0333e+006 916600 820976 753645 719412 677649 656130 635456 616429 607092 593125 584492 580415 570857 581012 583922 589358 584254 583829 578243 565351 548493 537998 522005 522568 527465 531865 544848 553951 563068 563563 571635 567487 569332 578910 581800 595562 615932 2.07999e+007 1.27416e+007 1.32652e+007 1.42729e+007 1.55536e+007 1.68853e+007 1.81179e+007 1.91764e+007 2.00406e+007 2.0722e+007 2.12462e+007 2.16431e+007 2.19403e+007 2.21615e+007 2.23256e+007 2.24475e+007 2.2538e+007 2.26056e+007 2.26562e+007 2.26943e+007 2.27231e+007 2.27451e+007 2.27618e+007 2.27747e+007 2.27847e+007 2.27924e+007 2.27984e+007 2.28031e+007 2.28068e+007 2.28096e+007 2.28119e+007 2.28137e+007 2.28151e+007 2.28162e+007 2.28171e+007 2.28178e+007 2.28184e+007 2.28188e+007 2.28192e+007 2.28195e+007 2.28197e+007 2.28199e+007 2.282e+007 2.28201e+007 2.28202e+007 2.28203e+007 2.28203e+007 2.28204e+007 2.28204e+007 2.28204e+007 2.28205e+007 2.28205e+007 2.28205e+007 2.28205e+007 2.28205e+007 2.28205e+007 2.28205e+007 2.28205e+007 2.28205e+007 2.28205e+007 2.28206e+007 2.28206e+007 2.28206e+007 2.28206e+007 2.28206e+007 2.28206e+007 2.28206e+007 2.28206e+007 2.28206e+007 2.28206e+007 2.28206e+007 2.28206e+007 2.28206e+007 2.28206e+007 2.28206e+007 2.28206e+007 2.28206e+007 2.28206e+007 2.28206e+007 2.28206e+007 2.28206e+007 2.28206e+007 2.28206e+007 2.28206e+007 2.28206e+007 2.28206e+007 2.28206e+007 2.28206e+007 2.28206e+007 2.28206e+007 2.28206e+007 2.28206e+007 2.28206e+007 2.28206e+007 2.28206e+007 2.28206e+007 2.28206e+007 2.28206e+007 2.28206e+007 2.28206e+007 0 0 0 0 0 0 0 0 0 0 0 0 0 0 0 0 0 0 0 0 0 0 0 0 0
#obs survey bio
 4.61323e+006 2.86118e+006 3.68299e+006 2.38422e+006 2.80839e+006 2.66095e+006 2.39502e+006 1.62008e+006 1.95016e+006 1.55047e+006 1.51617e+006 1.38205e+006 1.4283e+006 771340 795530 628587 817302 636541 597423 799098 728562 396074 381900 525586 389686 532254 646986 542398 562494 542913 606849 639060 519182 724796 705417 726925 407381 735667 532014 643370 490234 568102 395315 682650 760825 635846 612506 581441 610395 530358 539924 571200
#pred catch bio
 102343 94912.3 169308 191230 274969 273643 295701 309559 299727 305708 303054 264253 248515 255738 231717 211198 183052 151534 154316 133360 130070 126636 117181 120083 114552 109514 111750 93234.9 98278.7 94953 102190 96134.1 97966.5 100045 98478.5 90634 96584.4 85472.5 84717.1 87114.1 81832.6 86990 87964 95011.1 88221.2 98572.2 94098.8 89659 97482.2 90008.8 85691.8 118243 65435.3 89274.2 91857.2 97690.9 106005 114878 123050 129949 135448 139653 142772 145031 146638 147766 148548 149086 149454 149703 149872 149985 150061 150112 150146 150169 150184 150194 150201 150205 150208 150210 150211 150212 150213 150213 150214 150214 150214 150214 150214 150214 150214 150214 150214 150214 150214 150214 150214 150214 150214 150214 150214 150214 150214 150214 150214 150214 150214 150214 150214 150214 150214 150214 150214 150214 150214 150214 150214 150214 150214 150214 150214 150214 150214 150214 150214 150214 150214 150214 150214 150214 150214 150214 150214 150214 150214 150214 150214 150214 150214 150214 150214 150214 150214 150214 150214 150214 150214 150214 150214 150214 0 0 0 0 0 0 0 0 0 0 0 0 0 0 0 0 0 0 0 0 0 0 0 0 0
#obs catch bio
 0 94507.5 170234 191544 277645 275755 299204 315291 305472 313920 311324 269638 251942 262419 237532 218495 187589 154334 157382 134982 131107 128744 118578 121930 116458 111656 113833 93962.9 99063.8 95540.7 103151 96549.2 98965.6 100634 98862.8 90108 96504 84921.4 84307.3 86558.5 81449.8 86886.6 88189.8 94790 87421.8 97657 93437.4 89232.8 97818.5 90347 85554.8 118584
#pred cpue bio
 4.02855e+006 3.86091e+006 3.70414e+006 3.4751e+006 3.23829e+006 2.93244e+006 2.65311e+006 2.37543e+006 2.10722e+006 1.87135e+006 1.64603e+006 1.43532e+006 1.27525e+006 1.1382e+006 995905 880842 787132 721638 688570 648287 627680 607691 589123 579995 566404 557994 554313 545613 555987 559159 564700 560056 560005 555101 543383 527761 517299 500467 500025 504555 508837 521358 530110 539066 539832 547858 543718 545154 554008 556511 569852 590049 1.99511e+007 1.22433e+007 1.26536e+007 1.35228e+007 1.47509e+007 1.60692e+007 1.72988e+007 1.83568e+007 1.92209e+007 1.99022e+007 2.04264e+007 2.08233e+007 2.11205e+007 2.13417e+007 2.15058e+007 2.16277e+007 2.17182e+007 2.17858e+007 2.18364e+007 2.18745e+007 2.19033e+007 2.19253e+007 2.1942e+007 2.19549e+007 2.19649e+007 2.19726e+007 2.19786e+007 2.19833e+007 2.1987e+007 2.19898e+007 2.19921e+007 2.19939e+007 2.19953e+007 2.19964e+007 2.19973e+007 2.1998e+007 2.19986e+007 2.1999e+007 2.19994e+007 2.19997e+007 2.19999e+007 2.20001e+007 2.20002e+007 2.20003e+007 2.20004e+007 2.20005e+007 2.20005e+007 2.20006e+007 2.20006e+007 2.20006e+007 2.20007e+007 2.20007e+007 2.20007e+007 2.20007e+007 2.20007e+007 2.20007e+007 2.20007e+007 2.20007e+007 2.20007e+007 2.20008e+007 2.20008e+007 2.20008e+007 2.20008e+007 2.20008e+007 2.20008e+007 2.20008e+007 2.20008e+007 2.20008e+007 2.20008e+007 2.20008e+007 2.20008e+007 2.20008e+007 2.20008e+007 2.20008e+007 2.20008e+007 2.20008e+007 2.20008e+007 2.20008e+007 2.20008e+007 2.20008e+007 2.20008e+007 2.20008e+007 2.20008e+007 2.20008e+007 2.20008e+007 2.20008e+007 2.20008e+007 2.20008e+007 2.20008e+007 2.20008e+007 2.20008e+007 2.20008e+007 2.20008e+007 2.20008e+007 2.20008e+007 2.20008e+007 2.20008e+007 2.20008e+007 2.20008e+007 2.20008e+007 0 0 0 0 0 0 0 0 0 0 0 0 0 0 0 0 0 0 0 0 0 0 0 0 0
#obs cpue bio
 2.32884e+006 3.08738e+006 2.84824e+006 3.74156e+006 2.72802e+006 2.61133e+006 2.10357e+006 1.82166e+006 1.75233e+006 1.18412e+006 1.62637e+006 1.54039e+006 1.48287e+006 787142 920014 528223 813522 673095 730676 550716 663520 471908 911251 487263 582873 357314 480032 681611 612635 538270 458837 588917 378736 580052 484981 756124 584181 506192 485893 543897 468082 430362 507672 764753 636420 646561 448369 450538 326843 499716 773959 714118
#pred surv len freq
 0.00427354 0.00706582 0.0108725 0.0157518 0.021625 0.0281757 0.034833 0.0409287 0.0459515 0.0497087 0.0522963 0.0539552 0.054941 0.0554605 0.0556521 0.0555865 0.0552813 0.0547115 0.0537908 0.0523184 0.0499397 0.0462118 0.040821 0.0338639 0.0259837
 0.00449143 0.00733187 0.011114 0.0158573 0.0214876 0.0277542 0.0341917 0.0402226 0.0453562 0.049338 0.0521573 0.0539656 0.0549907 0.0554766 0.0556346 0.0556023 0.0554229 0.0550407 0.0542945 0.0529 0.0504557 0.046536 0.0409008 0.0337356 0.0257418
 0.00468307 0.00766167 0.0116365 0.0166145 0.0224759 0.0288874 0.0352903 0.0410571 0.0457405 0.0492195 0.0516389 0.0532406 0.0542383 0.0547926 0.0550334 0.0550688 0.0549606 0.0546798 0.0540604 0.0527759 0.0503741 0.04641 0.0406736 0.033411 0.0253756
 0.00489483 0.00800574 0.0121558 0.0173529 0.0234734 0.0301661 0.0368292 0.0427644 0.0474408 0.0506766 0.0526203 0.0535997 0.0539698 0.0540217 0.0539478 0.053842 0.0537128 0.0534814 0.0529505 0.0517697 0.0494624 0.0455677 0.0398817 0.0326776 0.0247349
 0.00508982 0.00832674 0.0126465 0.0180572 0.024428 0.0313885 0.0383057 0.0444432 0.0492332 0.0524587 0.0542342 0.0548631 0.0547081 0.0541212 0.0534004 0.0527494 0.0522457 0.0518199 0.0512404 0.0501083 0.0479054 0.0441457 0.038618 0.0315978 0.0238648
 0.00536842 0.00877571 0.013315 0.018989 0.0256538 0.0329146 0.0401008 0.0464332 0.05131 0.0544975 0.0561069 0.0564411 0.0558597 0.0547173 0.0533386 0.05199 0.0508376 0.0498972 0.048988 0.0477171 0.0455417 0.0419411 0.0366721 0.0299809 0.0226127
 0.00564361 0.00922133 0.0139824 0.0199247 0.0268912 0.0344605 0.0419216 0.0484508 0.053413 0.0565624 0.0580161 0.0580891 0.057149 0.0555507 0.053619 0.051634 0.0498031 0.0482123 0.0467646 0.0451376 0.0428255 0.0393066 0.034305 0.028012 0.0211039
 0.00590964 0.00965942 0.014652 0.0208842 0.0281861 0.0361046 0.0438784 0.050628 0.0556773 0.0587672 0.0600265 0.0597952 0.0584651 0.0564077 0.0539536 0.0513839 0.0489155 0.0466677 0.0446067 0.0424947 0.0399057 0.0363652 0.0315936 0.0257258 0.0193462
 0.00617298 0.0100907 0.0153074 0.021819 0.0294453 0.0377072 0.0458 0.0527919 0.0579624 0.061028 0.0621164 0.0615838 0.0598486 0.0573102 0.0543218 0.0511771 0.048099 0.0452212 0.0425481 0.0399108 0.0369707 0.0333277 0.0287292 0.0232706 0.0174398
 0.00636723 0.0104186 0.0158235 0.0225824 0.0305086 0.0390979 0.0475024 0.0547402 0.0600503 0.0631292 0.064103 0.063337 0.061264 0.0583009 0.0548196 0.0511307 0.0474721 0.0439936 0.04073 0.0375679 0.0342475 0.0304483 0.0259611 0.0208594 0.0155447
 0.0065652 0.0107454 0.0163252 0.0233067 0.0314974 0.0403747 0.0490573 0.0565218 0.0619695 0.0650729 0.0659506 0.0649742 0.0625913 0.0592379 0.0553042 0.0511161 0.0469231 0.0428896 0.0390765 0.0354181 0.031725 0.0277526 0.0233402 0.0185515 0.0137131
 0.00686575 0.0112185 0.0170085 0.0242257 0.0326623 0.0417756 0.0506579 0.0582565 0.0637496 0.0668 0.0675302 0.0663225 0.0636378 0.059925 0.0555867 0.0509585 0.0462986 0.0417813 0.037488 0.0333928 0.0293675 0.0252369 0.0208885 0.0163827 0.0119827
 0.00719169 0.0117294 0.0177414 0.0252008 0.033878 0.0432032 0.0522362 0.0598945 0.0653422 0.0682515 0.0687704 0.0673091 0.0643465 0.0603372 0.0556816 0.0507113 0.0456825 0.0407742 0.0360841 0.0316211 0.0273105 0.0230392 0.0187393 0.0144728 0.0104511
 0.00742949 0.0121295 0.0183669 0.0261145 0.0351233 0.0447776 0.0540684 0.0618444 0.0672315 0.0699101 0.0700756 0.0682007 0.0648188 0.0604189 0.0554131 0.0501268 0.0448008 0.0396004 0.0346222 0.0298939 0.0253821 0.0210248 0.016794 0.0127551 0.00907708
 0.00768136 0.0125457 0.0190061 0.0270356 0.0363742 0.0463748 0.0559746 0.063956 0.0693864 0.0719135 0.071737 0.0693698 0.0654121 0.0604292 0.0548967 0.0491757 0.0435107 0.0380496 0.0328681 0.0279868 0.0233867 0.0190366 0.0149351 0.0111484 0.00780937
 0.00776246 0.0127043 0.0192947 0.0275209 0.0371229 0.0474306 0.057336 0.0655667 0.0711423 0.0736808 0.0733694 0.0707237 0.0663631 0.0608905 0.0548354 0.0486163 0.0425238 0.036729 0.0313098 0.0262802 0.0216197 0.0173043 0.0133407 0.00978738 0.00674498
 0.00782143 0.0128002 0.019441 0.0277354 0.0374308 0.0478658 0.0579367 0.0663637 0.0721417 0.0748489 0.0746272 0.0719565 0.0674407 0.0616908 0.0552647 0.048624 0.0421083 0.0359344 0.030214 0.0249802 0.0202202 0.0159115 0.0120555 0.00869333 0.00589296
 0.00793267 0.012958 0.0196362 0.0279463 0.0376314 0.0480394 0.0580872 0.0665199 0.0723514 0.0751645 0.0750868 0.0725645 0.0681557 0.0624277 0.0559115 0.0490688 0.0422662 0.0357662 0.0297315 0.0242408 0.0193129 0.0149404 0.0111228 0.00788239 0.00525466
 0.00788547 0.0128916 0.0195544 0.0278569 0.0375415 0.0479492 0.0579894 0.0664068 0.0722288 0.0750636 0.075064 0.0726847 0.0684648 0.0629272 0.0565478 0.0497423 0.0428572 0.0361676 0.0298773 0.0241193 0.0189654 0.0144459 0.0105747 0.00736585 0.00482824
 0.00797053 0.0130152 0.0197137 0.0280405 0.0377337 0.0481357 0.0581597 0.0665523 0.0723382 0.0751227 0.0750632 0.0726312 0.0683896 0.0628782 0.056568 0.0498453 0.0430144 0.0363157 0.029943 0.0240495 0.0187474 0.0141101 0.0101808 0.00697991 0.00450151
 0.00808768 0.0131779 0.0199068 0.0282321 0.037883 0.0482072 0.058136 0.0664391 0.0721615 0.0749197 0.0748718 0.0724804 0.0682964 0.0628501 0.0566084 0.0499535 0.0431793 0.0365079 0.0301161 0.0241537 0.0187493 0.0140071 0.0100014 0.0067696 0.00430421
 0.00818075 0.013333 0.0201453 0.0285701 0.0383214 0.0487183 0.0586572 0.0668823 0.0724407 0.0749833 0.0747215 0.0721667 0.0678948 0.0624348 0.0562352 0.049655 0.0429662 0.0363722 0.0300337 0.0240903 0.0186717 0.0138959 0.00985817 0.00661295 0.00415856
 0.00825032 0.0134445 0.0203103 0.0287994 0.0386235 0.0490964 0.0591027 0.0673678 0.0729162 0.0753812 0.0749721 0.0722207 0.0677424 0.0621106 0.0558055 0.0491948 0.0425375 0.0360119 0.0297512 0.0238738 0.0184985 0.0137446 0.00971687 0.00648196 0.00404543
 0.00826529 0.0134669 0.0203408 0.0288384 0.0386725 0.0491599 0.0591891 0.0674881 0.073079 0.0755861 0.0752026 0.0724428 0.0679114 0.0621864 0.0557695 0.0490578 0.0423349 0.0357879 0.0295423 0.0236987 0.0183584 0.0136307 0.00961976 0.00639713 0.00397374
 0.00831006 0.0135399 0.0204507 0.0289921 0.0388723 0.0493997 0.0594525 0.0677502 0.0733138 0.0757746 0.0753372 0.0725241 0.0679409 0.0621603 0.0556792 0.0488979 0.0421117 0.0355225 0.0292654 0.0234398 0.0181368 0.0134528 0.00948254 0.00629415 0.0038988
 0.00815805 0.0133284 0.0201985 0.0287395 0.0386701 0.0492924 0.0594627 0.0678743 0.0735271 0.0760419 0.0756228 0.0727983 0.0681829 0.0623573 0.055823 0.0489822 0.0421331 0.0354841 0.0291794 0.0233258 0.0180159 0.0133417 0.00939025 0.00622301 0.00384725
 0.00797623 0.0130382 0.0197745 0.0281694 0.0379659 0.0485029 0.0586793 0.0672174 0.0731124 0.0759396 0.0758346 0.0732633 0.068807 0.0630447 0.0564969 0.0495909 0.0426466 0.0358895 0.0294771 0.0235268 0.018139 0.0134084 0.00942055 0.00623237 0.00384627
 0.00802028 0.0130773 0.0197732 0.0280748 0.0377218 0.0480735 0.0580711 0.0664887 0.0723642 0.0752925 0.0753974 0.073105 0.0689388 0.0634212 0.0570347 0.0501958 0.0432378 0.0364112 0.0299003 0.0238447 0.01836 0.01355 0.0095034 0.00627605 0.00386642
 0.00796554 0.0129856 0.0196288 0.0278579 0.0374087 0.0476394 0.0574982 0.0657786 0.0715515 0.0744524 0.0746402 0.0725531 0.068693 0.0635286 0.0574745 0.0508878 0.0440683 0.0372651 0.0306859 0.0245051 0.0188732 0.0139203 0.00975193 0.0064308 0.00395542
 0.00793655 0.0129427 0.0195717 0.0277874 0.0373243 0.0475351 0.0573601 0.065585 0.0712789 0.0740858 0.0741871 0.0720543 0.068222 0.0631767 0.0573217 0.0509741 0.0443792 0.0377376 0.031232 0.02504 0.0193353 0.0142797 0.0100059 0.00659469 0.00405204
 0.00780768 0.0127503 0.0193145 0.0274761 0.0369799 0.0471841 0.0570297 0.0652984 0.0710497 0.0739138 0.0740576 0.0719468 0.0681245 0.0630985 0.0572963 0.0510467 0.0445843 0.0380792 0.0316765 0.0255275 0.0198011 0.0146741 0.0103051 0.00679923 0.00417847
 0.00776406 0.0126765 0.0191988 0.027308 0.0367549 0.0469102 0.0567307 0.0650115 0.0708137 0.0737543 0.0739782 0.0719294 0.0681401 0.0631216 0.0573179 0.0510796 0.0446571 0.0382204 0.0318977 0.0258135 0.0201151 0.0149724 0.0105536 0.00698229 0.00429844
 0.00756815 0.012387 0.0188168 0.0268527 0.0362573 0.0464035 0.0562442 0.0645713 0.0704471 0.0734912 0.0738457 0.0719426 0.068293 0.0633866 0.0576547 0.0514496 0.0450358 0.0386004 0.0322805 0.0261978 0.020488 0.0153117 0.0108363 0.00719541 0.0044427
 0.00728485 0.0119563 0.0182256 0.0261128 0.0354064 0.0455027 0.0553739 0.0638206 0.0698949 0.0731859 0.0737952 0.0721205 0.0686558 0.0638871 0.0582476 0.0520921 0.0456889 0.0392333 0.0328732 0.0267385 0.0209678 0.0157207 0.0111653 0.00744062 0.0046096
 0.00721269 0.0118095 0.0179522 0.0256516 0.0347084 0.0445624 0.0542535 0.062648 0.0688315 0.0723777 0.0733339 0.0720296 0.0689005 0.0643971 0.0589404 0.0528893 0.0465245 0.0400555 0.0336435 0.0274305 0.0215646 0.0162128 0.0115497 0.00772144 0.00479901
 0.00785126 0.0127031 0.0190273 0.0267439 0.035601 0.0450539 0.0542191 0.0620697 0.0677939 0.0710437 0.0719084 0.0707157 0.0678557 0.0637047 0.0586062 0.0528612 0.0467218 0.0403942 0.0340513 0.0278519 0.0219604 0.0165574 0.011829 0.00793132 0.00494406
 0.00841582 0.0136143 0.0203763 0.0285825 0.0378991 0.0476482 0.0567905 0.064189 0.0690469 0.0711815 0.0709381 0.068882 0.0655365 0.0612844 0.0563827 0.0510082 0.0452967 0.0393717 0.0333631 0.0274179 0.0217074 0.0164259 0.0117733 0.00791791 0.00494999
 0.00847381 0.0137922 0.0207982 0.0294145 0.0393045 0.0497154 0.0594598 0.06722 0.0720455 0.0736834 0.0725231 0.0692882 0.0647341 0.0594783 0.0539382 0.0483337 0.0427365 0.0371477 0.0315711 0.0260593 0.0207303 0.0157576 0.0113402 0.00765402 0.00480033
 0.00828046 0.0134973 0.0203975 0.0289356 0.0388234 0.049368 0.059435 0.0677146 0.0731832 0.0754289 0.0746444 0.0714006 0.0664176 0.0604153 0.0540107 0.0476404 0.0415305 0.0357329 0.0302065 0.0249073 0.0198532 0.0151454 0.0109449 0.00741726 0.00466911
 0.00822408 0.0133856 0.0201934 0.0285964 0.0383166 0.0486977 0.058667 0.0669861 0.0726848 0.0753564 0.0751308 0.0724508 0.0678754 0.061992 0.0553741 0.0485298 0.0418413 0.0355303 0.0296706 0.0242466 0.0192324 0.0146542 0.0106047 0.00720702 0.00455214
 0.0082832 0.0134674 0.0202883 0.0286819 0.0383578 0.0486515 0.0584925 0.0666607 0.0722259 0.0748385 0.0746843 0.0722298 0.068 0.0624872 0.0561413 0.0493721 0.0425393 0.0359288 0.0297308 0.0240393 0.0188857 0.0142909 0.0103035 0.00699589 0.00442338
 0.00821964 0.0133788 0.0201818 0.0285714 0.038258 0.0485682 0.0584153 0.0665638 0.0720781 0.0746205 0.0744067 0.0719441 0.0677935 0.0624556 0.0563455 0.0497999 0.0430971 0.0364757 0.0301389 0.024245 0.0189037 0.0141884 0.0101582 0.00686369 0.00432868
 0.00808693 0.0131859 0.0199344 0.0282913 0.0379788 0.0483268 0.058243 0.0664783 0.0720777 0.0746814 0.0744893 0.0720095 0.0678244 0.0624702 0.0563922 0.0499312 0.0433356 0.036794 0.0304684 0.0245104 0.019059 0.0142335 0.0101277 0.00680171 0.00426838
 0.00793148 0.012943 0.0195887 0.0278392 0.0374334 0.0477239 0.0576429 0.0659591 0.071716 0.0745274 0.0745496 0.0722467 0.0681743 0.0628677 0.0567936 0.0503231 0.0437258 0.0371899 0.0308591 0.0248645 0.0193406 0.0144222 0.0102284 0.00683871 0.00427091
 0.00799345 0.0130145 0.0196426 0.0278324 0.0373199 0.0474735 0.0572584 0.0654815 0.0712143 0.0740804 0.0742246 0.0720846 0.0681812 0.0630174 0.0570402 0.0506192 0.0440367 0.0374974 0.0311535 0.0251345 0.0195699 0.0145958 0.0103411 0.00689861 0.00429446
 0.00805853 0.0131095 0.0197636 0.0279648 0.0374359 0.0475341 0.0572187 0.0653028 0.070882 0.0736191 0.0737008 0.0715893 0.0678019 0.0628105 0.0570184 0.0507557 0.0442823 0.0377994 0.0314686 0.0254314 0.0198274 0.0148004 0.0104878 0.00699163 0.0043455
 0.00823436 0.013383 0.0201511 0.0284697 0.0380446 0.0482103 0.0578994 0.0659008 0.0713008 0.0737775 0.0735587 0.0711634 0.067164 0.0620686 0.0562861 0.0501227 0.0437967 0.0374678 0.0312682 0.0253273 0.0197844 0.01479 0.0104899 0.00699491 0.00434573
 0.00836213 0.0135839 0.0204406 0.0288566 0.0385284 0.0487774 0.0585184 0.0665212 0.0718569 0.0741988 0.0737823 0.0711474 0.066899 0.061585 0.0556517 0.0494282 0.0431326 0.0369017 0.0308331 0.0250231 0.0195892 0.0146737 0.0104243 0.00695874 0.0043254
 0.00828816 0.0134919 0.0203542 0.0288151 0.0385765 0.0489479 0.0588183 0.0669277 0.0723251 0.0746733 0.0742073 0.0714714 0.0670794 0.0615948 0.0554885 0.0491197 0.042733 0.0364778 0.0304458 0.0247115 0.0193661 0.0145302 0.0103406 0.00691368 0.00430249
 0.00821933 0.0133895 0.0202192 0.0286589 0.0384226 0.0488322 0.0587852 0.0670194 0.0725655 0.0750529 0.0746792 0.0719626 0.0675112 0.0619026 0.0556342 0.0490956 0.0425612 0.0362038 0.0301273 0.0244033 0.0191072 0.0143378 0.0102125 0.00683655 0.00426001
 0.00796552 0.0130086 0.0197058 0.0280309 0.037719 0.0481078 0.0581066 0.0664618 0.0722044 0.0749497 0.0748628 0.0724167 0.0681735 0.0626774 0.056415 0.0497901 0.0431092 0.0365854 0.0303576 0.0245203 0.0191548 0.0143526 0.0102175 0.00684125 0.00426589
 0.00738254 0.0121365 0.0185357 0.0266086 0.0361371 0.0464886 0.056587 0.0651815 0.0712899 0.0744929 0.0749035 0.0729383 0.0691094 0.063923 0.0578411 0.0512596 0.0444973 0.0377983 0.0313451 0.0252748 0.0197008 0.0147304 0.0104693 0.00700312 0.00436545
#obs surv len freq
 nan nan nan nan nan nan nan nan nan nan nan nan nan nan nan nan nan nan nan nan nan nan nan nan nan
 0.00448583 0.00734785 0.0111786 0.0159958 0.0216974 0.0279736 0.034288 0.0400191 0.044698 0.0481607 0.0505172 0.0520115 0.0529023 0.0534133 0.0537265 0.0539806 0.0542586 0.054551 0.0546895 0.0542813 0.0527194 0.0493518 0.043802 0.0362828 0.0276672
 0.00461312 0.0075579 0.0115002 0.0164565 0.0223166 0.0287525 0.0351986 0.0410021 0.0456709 0.0490347 0.0512142 0.0524758 0.0531055 0.0533547 0.0534284 0.0534804 0.0536001 0.0537772 0.0538398 0.053393 0.0518315 0.0485078 0.0430469 0.0356546 0.0271871
 0.00477635 0.00782318 0.0118995 0.01702 0.0230676 0.0296984 0.0363212 0.0422512 0.0469681 0.0502839 0.0523152 0.0533372 0.0536558 0.0535507 0.0532595 0.052967 0.0527866 0.0527228 0.0526107 0.0520593 0.0504684 0.0471952 0.0418641 0.0346671 0.0264309
 0.00497132 0.00814185 0.0123821 0.0177049 0.0239835 0.0308524 0.0376871 0.0437658 0.04854 0.05181 0.053695 0.0544792 0.0544803 0.0539928 0.0532752 0.0525403 0.0519333 0.0514899 0.0510727 0.050313 0.048629 0.0453899 0.0402186 0.0332839 0.0253679
 0.00517035 0.00847093 0.0128877 0.0184338 0.024974 0.0321197 0.039208 0.0454734 0.0503329 0.0535714 0.055311 0.0558495 0.0555211 0.0546357 0.0534667 0.0522442 0.0511367 0.0502117 0.0493706 0.0482881 0.0464229 0.043173 0.0381657 0.031541 0.0240199
 0.00540076 0.00884433 0.0134479 0.0192219 0.0260221 0.0334403 0.0407819 0.0472431 0.0522072 0.0554401 0.0570595 0.0573704 0.0567199 0.0554343 0.053803 0.0520716 0.0504263 0.0489601 0.0476136 0.0461144 0.0439808 0.0406601 0.0357979 0.0295058 0.0224328
 0.00563926 0.00923776 0.0140503 0.0200863 0.0271894 0.0349217 0.0425428 0.0491992 0.0542404 0.057423 0.0588773 0.058928 0.05794 0.0562515 0.0541606 0.0519206 0.0497289 0.0476978 0.0458035 0.0438291 0.0413635 0.0379203 0.0331786 0.0272285 0.0206415
 0.00587606 0.00962463 0.0146365 0.0209201 0.0283098 0.0363456 0.0442492 0.051122 0.0562743 0.0594415 0.060753 0.0605481 0.0592143 0.0571129 0.0545595 0.0518174 0.0490896 0.0464994 0.0440503 0.0415773 0.0387427 0.0351358 0.0304818 0.024858 0.0187603
 0.00613357 0.0100466 0.0152774 0.0218323 0.0295327 0.037889 0.0460775 0.0531496 0.0583793 0.0614904 0.0626218 0.0621332 0.0604342 0.0579061 0.0548815 0.051636 0.0483807 0.0452477 0.0422612 0.0392999 0.0360951 0.0323136 0.0277335 0.0224273 0.0168199
 0.0063831 0.0104553 0.0158983 0.0227167 0.0307205 0.0393932 0.0478673 0.0551443 0.0604588 0.063518 0.064467 0.0636868 0.0616133 0.0586536 0.0551603 0.0514225 0.0476586 0.0440088 0.0405142 0.037092 0.0335351 0.0295832 0.0250672 0.02006 0.0149217
 0.00661409 0.0108371 0.0164845 0.0235608 0.0318653 0.0408529 0.0496107 0.0570892 0.062484 0.065487 0.0662513 0.0651785 0.0627308 0.059341 0.0553842 0.0511659 0.0469152 0.04278 0.0388166 0.0349738 0.0310986 0.0269954 0.0225437 0.0178182 0.0131212
 0.00684473 0.0112124 0.0170503 0.0243604 0.0329319 0.0421975 0.0512079 0.0588709 0.0643468 0.0673096 0.0679128 0.0665734 0.0637757 0.0599779 0.0555792 0.0509039 0.0461943 0.0416089 0.0372182 0.0329991 0.0288445 0.0246139 0.0202288 0.0157647 0.011472
 0.00705646 0.0115623 0.017587 0.0251317 0.0339739 0.0435179 0.0527711 0.0605942 0.066115 0.0689994 0.0694145 0.0678001 0.0646643 0.0604856 0.0556805 0.0505882 0.0454628 0.0404733 0.0357052 0.0311608 0.026772 0.0224446 0.0181341 0.0139147 0.00999029
 0.0072548 0.0118875 0.0180814 0.0258366 0.0349214 0.044718 0.0541973 0.0621782 0.0677538 0.0705747 0.0708125 0.068927 0.0654541 0.0609011 0.0557082 0.0502306 0.044732 0.0393885 0.0342967 0.0294798 0.0249022 0.0205079 0.0162788 0.0122858 0.00869114
 0.00744827 0.0122018 0.0185539 0.0265015 0.0358027 0.0458188 0.055489 0.0635963 0.0692072 0.0719616 0.0720372 0.0699095 0.0661346 0.0612418 0.0556932 0.0498625 0.044027 0.0383725 0.0330055 0.0279653 0.0232417 0.0188078 0.0146653 0.0108794 0.00757553
 0.00751502 0.012319 0.0187469 0.0268002 0.0362368 0.0464086 0.0562361 0.0644793 0.0701834 0.0729742 0.073022 0.0708005 0.0668686 0.0617626 0.0559564 0.0498397 0.0437071 0.0377621 0.0321294 0.0268686 0.021994 0.0175027 0.013411 0.00977806 0.00669814
 0.00759069 0.0124316 0.0188977 0.0269865 0.036456 0.0466645 0.0565417 0.0648529 0.0706405 0.0735169 0.073633 0.0714428 0.0674908 0.062306 0.0563632 0.0500591 0.0437012 0.0375111 0.0316353 0.0261594 0.0211247 0.0165528 0.0124739 0.00894206 0.00602555
 0.00766285 0.0125449 0.0190601 0.0272011 0.0367186 0.0469622 0.056853 0.0651536 0.0709133 0.073761 0.0738644 0.0716842 0.0677556 0.062587 0.0566292 0.0502627 0.0437908 0.0374428 0.0313842 0.025727 0.0205427 0.0158806 0.0117874 0.00831604 0.00551485
 0.0077207 0.0126327 0.0191806 0.027353 0.0368972 0.0471604 0.0570618 0.0653618 0.0711079 0.0739304 0.0740033 0.0717974 0.067857 0.0626924 0.0567459 0.0503802 0.0438793 0.0374615 0.0312944 0.025507 0.020198 0.0154457 0.0113174 0.00787129 0.00514294
 0.0077708 0.0127099 0.0192889 0.0274924 0.0370637 0.0473453 0.0572523 0.0655422 0.0712634 0.074051 0.074086 0.0718461 0.0678806 0.0627027 0.0567542 0.0503923 0.0438903 0.0374531 0.0312396 0.0253804 0.0199891 0.0151666 0.0110013 0.00756106 0.00487642
 0.00782959 0.0127999 0.0194138 0.0276514 0.0372516 0.0475526 0.0574653 0.0657437 0.0714353 0.0741781 0.0741598 0.0718663 0.0678545 0.0626429 0.0566752 0.0503071 0.0438064 0.0373689 0.0311442 0.025258 0.0198276 0.0149661 0.0107775 0.00733999 0.004684
 0.00785551 0.012841 0.0194736 0.0277321 0.0373532 0.0476722 0.057596 0.0658755 0.0715566 0.0742789 0.0742332 0.0719095 0.0678678 0.0626291 0.0566396 0.0502565 0.0437471 0.0373042 0.031072 0.0251719 0.0197203 0.0148359 0.0106315 0.00719327 0.00455368
 0.00787876 0.0128735 0.0195129 0.0277731 0.0373901 0.0477012 0.0576178 0.0658944 0.0715786 0.0743081 0.0742703 0.0719514 0.0679093 0.0626646 0.0566646 0.0502686 0.0437457 0.0372899 0.0310447 0.0251298 0.0196611 0.0147593 0.0105422 0.00710073 0.00446922
 0.00790704 0.0129164 0.0195712 0.0278449 0.0374701 0.0477814 0.0576878 0.0659443 0.0716019 0.074305 0.0742481 0.0719211 0.0678811 0.0626438 0.056651 0.0502584 0.0437342 0.037273 0.0310198 0.0250949 0.0196153 0.0147031 0.0104789 0.00703638 0.0044109
 0.00789441 0.0128973 0.0195453 0.0278128 0.0374335 0.0477427 0.0576498 0.0659098 0.0715733 0.0742843 0.074237 0.0719216 0.0678957 0.0626744 0.0566974 0.0503168 0.0437978 0.0373336 0.0310698 0.0251289 0.0196306 0.0147002 0.0104613 0.00700981 0.00438203
 0.00790838 0.0129108 0.0195488 0.0277927 0.0373765 0.0476424 0.0575125 0.0657538 0.0714237 0.0741642 0.074161 0.0718948 0.0679148 0.0627318 0.0567836 0.0504223 0.0439128 0.0374484 0.0311748 0.0252163 0.0196954 0.014741 0.0104805 0.00701297 0.00437575
 0.00790372 0.0129042 0.0195402 0.0277812 0.0373587 0.0476116 0.0574586 0.0656679 0.0713037 0.07402 0.0740145 0.0717728 0.0678398 0.062715 0.0568233 0.0505072 0.0440272 0.0375761 0.0313013 0.02533 0.0197882 0.014809 0.0105243 0.00703651 0.00438514
 0.00787579 0.0128568 0.0194655 0.0276717 0.0372104 0.0474274 0.0572509 0.0654567 0.0711109 0.0738627 0.0739022 0.0717097 0.0678286 0.0627583 0.0569216 0.0506553 0.044213 0.0377819 0.0315081 0.0255206 0.0199499 0.0149352 0.0106142 0.00709446 0.00441839
 0.00786406 0.0128354 0.0194289 0.0276129 0.0371224 0.0473051 0.0570945 0.0652734 0.0709152 0.0736744 0.0737421 0.0715951 0.06777 0.0627589 0.0569791 0.0507636 0.0443628 0.0379606 0.0316998 0.0257081 0.0201178 0.0150729 0.0107173 0.00716449 0.00446132
 0.00787053 0.0128417 0.0194305 0.0276027 0.0370918 0.0472471 0.0570052 0.0651539 0.0707714 0.0735166 0.0735841 0.0714531 0.0676602 0.0626945 0.0569675 0.0508057 0.0444532 0.0380888 0.0318519 0.0258681 0.02027 0.0152045 0.0108205 0.00723791 0.0045084
 0.00783039 0.0127827 0.0193532 0.027511 0.0369916 0.047143 0.0568993 0.0650462 0.0706619 0.0734077 0.0734818 0.0713659 0.0675979 0.0626662 0.05698 0.050862 0.0445516 0.0382226 0.0320098 0.0260355 0.0204317 0.0153471 0.0109353 0.0073218 0.00456389
 0.00778997 0.0127134 0.0192429 0.0273482 0.03677 0.0468683 0.056593 0.0647435 0.0704015 0.0732193 0.0733784 0.0713441 0.067645 0.0627676 0.0571234 0.0510385 0.0447541 0.0384436 0.0322395 0.0262619 0.0206416 0.0155286 0.0110804 0.0074282 0.00463496
 0.0077807 0.012692 0.0191987 0.0272671 0.036637 0.046673 0.0563357 0.0644385 0.0700774 0.072914 0.0731308 0.0711852 0.0675898 0.0628133 0.0572536 0.0512305 0.0449857 0.038696 0.0324973 0.0265116 0.0208704 0.0157255 0.0112381 0.00754463 0.0047135
 0.00773739 0.0126265 0.019109 0.0271534 0.0365003 0.0465132 0.056151 0.0642276 0.0698435 0.0726685 0.0728954 0.0709885 0.0674613 0.0627744 0.057312 0.051378 0.0452022 0.0389558 0.0327747 0.0267844 0.0211209 0.0159406 0.0114101 0.00767171 0.00479958
 0.00931838 0.014836 0.0217683 0.0298747 0.0388008 0.0479955 0.0566454 0.0638158 0.0687708 0.0712186 0.0713006 0.0694028 0.0659749 0.0614393 0.0561587 0.0504219 0.0444438 0.0383817 0.0323613 0.0265027 0.0209409 0.0158348 0.0113544 0.00764681 0.0047912
 0.00930531 0.0151067 0.0226901 0.0319021 0.0422765 0.0528824 0.0623576 0.0693152 0.0729372 0.0732926 0.0711343 0.0673975 0.0628051 0.0577653 0.0524656 0.0469966 0.041425 0.0358195 0.0302577 0.0248334 0.0196656 0.0149026 0.0107075 0.00722448 0.00453415
 0.00897746 0.0145915 0.0219694 0.0310271 0.0414205 0.0523758 0.0626468 0.070802 0.0757348 0.0770457 0.0750655 0.070602 0.064628 0.058028 0.0514327 0.0451612 0.0392787 0.0337207 0.0284085 0.0233161 0.0184898 0.0140389 0.0101081 0.00683379 0.00429692
 0.00881083 0.0143111 0.0215305 0.0303856 0.04055 0.0512995 0.0614785 0.0697726 0.0751736 0.0772887 0.0763024 0.0727335 0.067235 0.0605077 0.0532425 0.0460266 0.0392473 0.0330613 0.0274505 0.022327 0.0176293 0.0133709 0.00963374 0.00652289 0.00410864
 0.00874413 0.0141981 0.0213509 0.0301151 0.0401625 0.0507733 0.0608074 0.0689829 0.0743432 0.0765616 0.0758793 0.0728202 0.0679503 0.0617932 0.0548406 0.0475646 0.0403903 0.0336426 0.0275043 0.0220233 0.0171702 0.0129135 0.00926265 0.00626153 0.00394446
 0.00870433 0.0141315 0.0212471 0.0299621 0.0399485 0.0504885 0.0604466 0.0685481 0.0738467 0.0760325 0.0753743 0.0724323 0.0677994 0.0619875 0.0554179 0.0484456 0.0413866 0.0345272 0.0281074 0.022293 0.0171668 0.0127533 0.00905676 0.00608055 0.0038155
 0.0087016 0.0141241 0.0212301 0.0299284 0.0398895 0.0503953 0.0603119 0.068367 0.0736171 0.0757565 0.0750624 0.0721096 0.0675124 0.0618044 0.0554117 0.0486617 0.0418084 0.0350667 0.0286348 0.0226928 0.0173847 0.0128059 0.00900439 0.00598895 0.00372965
 0.00870232 0.0141256 0.0212326 0.0299318 0.0398922 0.0503933 0.0602984 0.0683324 0.0735516 0.0756523 0.0749163 0.0719257 0.0673053 0.0616023 0.0552566 0.0486007 0.0418751 0.0352598 0.02891 0.0229776 0.0176107 0.0129374 0.00904646 0.00597288 0.00369076
 0.00869591 0.014117 0.0212231 0.0299238 0.0398882 0.0503953 0.0603061 0.0683426 0.0735581 0.0756466 0.0748888 0.0718686 0.0672159 0.0614866 0.0551317 0.0484941 0.0418181 0.0352752 0.0289991 0.0231157 0.0177572 0.0130545 0.00911525 0.00599662 0.00368601
 0.0086664 0.0140718 0.0211604 0.0298443 0.0397957 0.0502966 0.0602109 0.0682626 0.0735037 0.0756233 0.0748951 0.0718957 0.0672507 0.0615165 0.0551497 0.0485024 0.0418286 0.0353042 0.0290587 0.0232058 0.0178633 0.0131548 0.00919159 0.00604216 0.0037053
 0.00865814 0.0140569 0.0211354 0.0298053 0.0397398 0.0502237 0.0601254 0.0681733 0.0734222 0.0755609 0.0748595 0.0718894 0.06727 0.0615529 0.0551929 0.0485443 0.0418663 0.0353415 0.0291029 0.0232619 0.0179297 0.013223 0.00925057 0.00608438 0.00372967
 0.00864228 0.0140329 0.0211025 0.0297637 0.0396903 0.0501668 0.0600617 0.0681043 0.0733512 0.0754938 0.0748044 0.0718545 0.0672609 0.0615707 0.0552333 0.0485994 0.0419279 0.0354037 0.0291639 0.0233225 0.01799 0.0132805 0.00930074 0.00612291 0.00375507
 0.00864488 0.0140341 0.0210988 0.0297503 0.0396625 0.0501227 0.0600034 0.0680377 0.0732838 0.0754323 0.0747531 0.071816 0.0672376 0.0615648 0.0552463 0.0486303 0.0419729 0.0354575 0.0292212 0.0233795 0.0180442 0.0133298 0.00934285 0.00615574 0.00377787
 0.00863707 0.0140242 0.021089 0.0297436 0.0396614 0.0501267 0.0600084 0.0680367 0.0732703 0.0754039 0.0747126 0.0717701 0.0671942 0.0615305 0.0552254 0.0486249 0.041983 0.0354809 0.0292543 0.023418 0.018084 0.0133674 0.00937547 0.00618163 0.00379639
 0.00862404 0.0140031 0.0210577 0.0297008 0.0396078 0.0500661 0.0599477 0.0679847 0.0732344 0.0753865 0.0747109 0.0717781 0.0672066 0.0615448 0.0552424 0.0486468 0.0420117 0.0355169 0.0292962 0.0234629 0.0181284 0.0134081 0.0094099 0.00620833 0.00381526
 0.00862404 0.0140031 0.0210577 0.0297008 0.0396078 0.0500661 0.0599477 0.0679847 0.0732344 0.0753865 0.0747109 0.0717781 0.0672066 0.0615448 0.0552424 0.0486468 0.0420117 0.0355169 0.0292962 0.0234629 0.0181284 0.0134081 0.0094099 0.00620833 0.00381526
 0.00854845 0.0138841 0.0208864 0.0294727 0.0393252 0.049741 0.0596041 0.0676576 0.0729636 0.0752069 0.0746434 0.0718249 0.0673527 0.0617638 0.055504 0.0489239 0.0422835 0.0357698 0.0295222 0.0236575 0.0182896 0.0135355 0.0095052 0.00627516 0.00385874
#pred catch len freq
 0.0047733 0.00751209 0.0108773 0.0147544 0.0190708 0.0237846 0.0288103 0.0339733 0.0390388 0.0437741 0.0479894 0.0515536 0.0544025 0.0565349 0.057993 0.0588366 0.059125 0.0588972 0.0581284 0.0566578 0.0541425 0.050129 0.0442932 0.0367488 0.028199
 0.00505395 0.00787869 0.0112664 0.0150598 0.0191828 0.0236466 0.0284574 0.0335212 0.0386262 0.0434921 0.0478438 0.051479 0.0543135 0.0563827 0.0577968 0.0586775 0.0591054 0.0590841 0.0585075 0.0571259 0.0545467 0.0503369 0.0442531 0.0365052 0.0278567
 0.00530604 0.00828154 0.0118536 0.0158418 0.0201268 0.0246578 0.029379 0.0341729 0.0388753 0.0433191 0.0473517 0.0508341 0.0536585 0.0557843 0.0572556 0.058179 0.0586626 0.0587386 0.0582926 0.0570263 0.0544903 0.0502295 0.0440324 0.0361745 0.0274761
 0.00558421 0.00871275 0.0124659 0.016653 0.0211481 0.0258919 0.0308047 0.0357183 0.0403968 0.0446121 0.048206 0.0511133 0.0533569 0.055019 0.056203 0.0570014 0.0574718 0.0576011 0.0572468 0.0560869 0.053645 0.0494473 0.0432883 0.0354732 0.0268524
 0.00588582 0.00918087 0.01313 0.0175286 0.0222388 0.027192 0.0322982 0.0373717 0.0421498 0.0463655 0.0498124 0.0523852 0.0541047 0.0551133 0.0556262 0.0558543 0.0559307 0.0558547 0.0554489 0.0543402 0.0520083 0.0479524 0.0419586 0.0343352 0.0259337
 0.00625324 0.00974707 0.0139254 0.0185643 0.0235105 0.0286851 0.0339871 0.0392148 0.0440846 0.0483075 0.0516552 0.0539994 0.0553397 0.0558118 0.0556574 0.0551578 0.0545469 0.0539205 0.0531592 0.0518981 0.0495898 0.045695 0.039965 0.032677 0.0246476
 0.00664307 0.0103482 0.0147705 0.0196651 0.0248611 0.0302668 0.0357679 0.0411451 0.0460953 0.0503132 0.053559 0.0556963 0.0567168 0.0567479 0.0560294 0.0548597 0.0535216 0.0521915 0.0508442 0.0491929 0.0467307 0.0429167 0.0374664 0.0305973 0.0230531
 0.00702935 0.0109495 0.0156265 0.0207979 0.0262751 0.0319495 0.0376848 0.0432344 0.0482683 0.0524626 0.0555712 0.0574613 0.058133 0.057722 0.0564727 0.0546873 0.0526636 0.0506186 0.0486001 0.0464151 0.0436443 0.0397976 0.0345861 0.0281664 0.021183
 0.00740261 0.0115294 0.0164507 0.0218874 0.0276369 0.0335784 0.0395591 0.0453074 0.0504621 0.0546707 0.0576681 0.0593167 0.0596273 0.0587553 0.0569662 0.0545775 0.0518982 0.0491661 0.0464744 0.0437083 0.0405446 0.0365747 0.0315385 0.02555 0.0191494
 0.00771533 0.0120211 0.0171606 0.0228438 0.0288566 0.0350638 0.0412926 0.0472441 0.0525291 0.0567718 0.0596915 0.0611436 0.0611402 0.0598476 0.0575491 0.0545821 0.0512744 0.0478851 0.0445434 0.0411972 0.0376109 0.0334633 0.0285418 0.0229367 0.017094
 0.00803858 0.012523 0.0178733 0.0237852 0.0300329 0.0364721 0.042917 0.0490488 0.0544524 0.0587268 0.0615732 0.0628395 0.0625416 0.060859 0.0580915 0.0545927 0.050706 0.0467089 0.0427622 0.0388678 0.0348682 0.0305262 0.0256827 0.020417 0.0150933
 0.00844048 0.013133 0.0187118 0.024846 0.031291 0.0378956 0.0444729 0.0506998 0.0561504 0.0604096 0.0631651 0.064256 0.0636969 0.0616727 0.0584947 0.05453 0.0501351 0.0456031 0.0411207 0.0367358 0.0323597 0.0278317 0.0230458 0.0180782 0.013224
 0.00890907 0.013841 0.0196774 0.0260519 0.0326919 0.0394319 0.0460798 0.0523099 0.0576965 0.0618294 0.0644063 0.0652767 0.0644605 0.0621437 0.0586358 0.0543028 0.049503 0.0445375 0.0396132 0.0348176 0.0301218 0.0254333 0.0206958 0.0159874 0.0115459
 0.00932557 0.0144912 0.0206054 0.0272787 0.0342109 0.0412028 0.0480214 0.0543004 0.05959 0.0634846 0.0657148 0.0661767 0.0649363 0.0622124 0.0583292 0.0536505 0.0485217 0.0432319 0.037988 0.0328992 0.0279815 0.0231992 0.0185395 0.0140841 0.0100239
 0.0097003 0.0150758 0.0214406 0.0283892 0.0356054 0.0428716 0.0499273 0.0563659 0.0616906 0.0654582 0.0673856 0.0673901 0.0655923 0.0622832 0.0578544 0.0527111 0.0472087 0.0416229 0.0361425 0.0308713 0.0258431 0.0210563 0.0165279 0.0123404 0.0086454
 0.00984194 0.0153169 0.0218242 0.0289646 0.0364203 0.0439589 0.0512893 0.0579644 0.0634461 0.0672561 0.0690858 0.0688413 0.0666516 0.0628424 0.057862 0.0521804 0.0462069 0.0402464 0.0344934 0.0290471 0.0239407 0.0191817 0.0147959 0.0108579 0.00748374
 0.00990605 0.0154183 0.0219736 0.029176 0.0367159 0.0443725 0.0518643 0.0587418 0.0644448 0.0684536 0.0704092 0.0701736 0.0678517 0.0637711 0.0584059 0.0522718 0.0458332 0.0394488 0.0333534 0.0276698 0.0224417 0.017679 0.0134024 0.00966743 0.00655424
 0.00998233 0.0155219 0.0220927 0.0292887 0.0367998 0.044419 0.0518907 0.0587942 0.0645896 0.068758 0.0709184 0.0708892 0.0687202 0.064688 0.0592368 0.0528829 0.0461225 0.0393667 0.0329095 0.026926 0.0214966 0.0166491 0.0124026 0.00879222 0.00586214
 0.00996437 0.0154995 0.0220705 0.0292728 0.0367929 0.0444154 0.0518757 0.0587524 0.06452 0.0686884 0.0709058 0.0710036 0.0690153 0.0651722 0.0598598 0.0535434 0.046695 0.0397369 0.0330061 0.0267364 0.0210663 0.0160648 0.0117674 0.00819938 0.00537554
 0.0100175 0.0155737 0.02216 0.029366 0.0368768 0.0444823 0.0519258 0.0587908 0.0645491 0.068704 0.0709029 0.070988 0.069013 0.0652241 0.0600006 0.0537768 0.0469807 0.0399996 0.033162 0.0267262 0.0208766 0.0157311 0.0113579 0.00778963 0.00502464
 0.01018 0.0158011 0.0224339 0.0296456 0.0371096 0.0446219 0.051948 0.0586993 0.0643719 0.0684821 0.0706781 0.0707937 0.0688704 0.0651457 0.0599948 0.0538473 0.0471183 0.0401734 0.033321 0.0268148 0.020857 0.0155999 0.0111459 0.00754696 0.00479937
 0.0103059 0.015999 0.0227174 0.0300181 0.0375588 0.0451132 0.0524231 0.0590842 0.0645976 0.0685095 0.0705125 0.0704811 0.0684789 0.0647433 0.0596344 0.0535611 0.046918 0.0400514 0.0332519 0.0267616 0.0207837 0.0154856 0.010993 0.00737682 0.00463979
 0.0103699 0.016099 0.0228614 0.0302128 0.0378099 0.0454253 0.0527946 0.0594996 0.0650195 0.0688791 0.0707624 0.0705581 0.0683656 0.0644666 0.0592548 0.0531503 0.0465363 0.0397345 0.0330083 0.0265778 0.0206354 0.0153501 0.0108589 0.00724636 0.00452335
 0.0104203 0.0161735 0.02296 0.0303313 0.0379429 0.0455697 0.0529521 0.059676 0.0652208 0.0691036 0.0709939 0.0707633 0.0685011 0.0644939 0.0591581 0.0529451 0.0462639 0.0394449 0.0327421 0.0263557 0.0204582 0.0152074 0.0107394 0.00714422 0.00443865
 0.0104642 0.0162429 0.0230605 0.0304663 0.0381121 0.0457677 0.0531678 0.0598939 0.0654247 0.069282 0.0711411 0.0708767 0.068575 0.0645161 0.0591122 0.0528201 0.0460637 0.0391917 0.0324694 0.0260963 0.0202339 0.015026 0.0105984 0.00703731 0.00435996
 0.0102395 0.0159269 0.0226765 0.0300676 0.0377679 0.04554 0.0530914 0.0599707 0.0656302 0.0695777 0.0714856 0.0712333 0.068915 0.0648181 0.0593599 0.053 0.0461673 0.0392192 0.0324328 0.0260173 0.0201366 0.0149299 0.0105151 0.00697095 0.00431048
 0.0100168 0.0155856 0.0222031 0.0294688 0.0370746 0.0448095 0.0524064 0.0594275 0.0653154 0.0695404 0.0717215 0.0716893 0.0695107 0.0654706 0.0600002 0.0535792 0.046655 0.0396009 0.0327078 0.0261964 0.0202392 0.0149787 0.0105308 0.00696943 0.00430199
 0.00997106 0.0154938 0.0220331 0.0291802 0.03663 0.0441919 0.0516371 0.0585746 0.0644863 0.0688595 0.0713 0.071595 0.0697496 0.0659874 0.0606984 0.0543507 0.0474062 0.0402665 0.0332528 0.0266115 0.0205336 0.0151725 0.0106486 0.00703498 0.00433483
 0.00991021 0.0153956 0.0218849 0.0289668 0.0363315 0.0437841 0.0510973 0.0578947 0.0636897 0.0680135 0.0705135 0.0709968 0.0694518 0.0660498 0.0611095 0.0550335 0.0482445 0.0411391 0.034061 0.0272931 0.0210633 0.0155541 0.0109037 0.00719297 0.00442509
 0.00984576 0.0153008 0.0217604 0.0288182 0.0361652 0.0436015 0.05089 0.057644 0.0633724 0.0676136 0.0700368 0.0704836 0.0689782 0.0657112 0.0609904 0.0551757 0.0486306 0.0416988 0.0346967 0.0279108 0.0215951 0.015967 0.0111955 0.00738134 0.00453628
 0.00970967 0.015102 0.021503 0.0285206 0.0358551 0.0433069 0.0506316 0.057431 0.0632018 0.0674712 0.0699017 0.0703368 0.0688156 0.065554 0.0608852 0.05518 0.0487878 0.0420161 0.0351384 0.0284105 0.0220803 0.0163815 0.0115114 0.00759771 0.00467005
