SBPRF35
10.5787
Curr Bio
596722
B35
759834
F35
0.184385
FOFL
0.160533
OFL
86576.6
Bzero
3.02247e+006
#pred survey bio
 3.33714e+006 3.05959e+006 2.76112e+006 2.49472e+006 2.22934e+006 1.97911e+006 1.77209e+006 1.55557e+006 1.39099e+006 1.22843e+006 1.09197e+006 960081 867813 798989 733006 708211 673091 640417 625774 611798 601961 589893 589142 590944 575494 570009 559930 553530 547070 548803 537254 523793 512291 505514 509436 517967 531368 538170 547754 554580 569400 571992 578128 589143 602210 604345 623239 602919 2.3532e+007 1.43936e+007 1.48731e+007 1.57905e+007 1.69699e+007 1.82083e+007 1.93657e+007 2.03692e+007 2.11963e+007 2.18543e+007 2.23652e+007 2.27553e+007 2.30499e+007 2.3271e+007 2.34365e+007 2.35602e+007 2.36529e+007 2.37225e+007 2.37751e+007 2.38149e+007 2.38452e+007 2.38685e+007 2.38863e+007 2.39001e+007 2.39109e+007 2.39193e+007 2.39258e+007 2.39309e+007 2.3935e+007 2.39382e+007 2.39407e+007 2.39427e+007 2.39443e+007 2.39455e+007 2.39465e+007 2.39473e+007 2.3948e+007 2.39485e+007 2.39489e+007 2.39492e+007 2.39495e+007 2.39497e+007 2.39499e+007 2.395e+007 2.39501e+007 2.39502e+007 2.39503e+007 2.39504e+007 2.39504e+007 2.39504e+007 2.39505e+007 2.39505e+007 2.39505e+007 2.39505e+007 2.39505e+007 2.39505e+007 2.39505e+007 2.39506e+007 2.39506e+007 2.39506e+007 2.39506e+007 2.39506e+007 2.39506e+007 2.39506e+007 2.39506e+007 2.39506e+007 2.39506e+007 2.39506e+007 2.39506e+007 2.39506e+007 2.39506e+007 2.39506e+007 2.39506e+007 2.39506e+007 2.39506e+007 2.39506e+007 2.39506e+007 2.39506e+007 2.39506e+007 2.39506e+007 2.39506e+007 2.39506e+007 2.39506e+007 2.39506e+007 2.39506e+007 2.39506e+007 2.39506e+007 2.39506e+007 2.39506e+007 2.39506e+007 2.39506e+007 2.39506e+007 2.39506e+007 2.39506e+007 2.39506e+007 2.39506e+007 2.39506e+007 2.39506e+007 2.39506e+007 2.39506e+007 0 0 0 0 0 0 0 0 0 0 0 0 0 0 0 0 0 0 0 0 0 0 0 0 0
#obs survey bio
 2.48387e+006 2.77443e+006 2.3367e+006 1.91137e+006 2.44798e+006 2.24098e+006 1.9908e+006 1.66258e+006 898514 1.2077e+006 913363 767961 650524 580917 736649 703349 556079 1.03296e+006 842150 796497 540971 461459 519725 446196 551389 896415 536973 581050 586516 669654 434364 411481 483930 490312 485580 494844 670566 566358 463130 647698 545028 656234 516590 799358 601136 738779 400016 674424
#pred catch bio
 267754 301610 289612 305985 308222 283446 303305 265610 269052 247424 241664 204477 181685 175636 137393 143326 136797 117568 114343 109058 109808 99710.2 97298.5 110212 99169.1 100621 95310.7 93687.5 85414.1 94883.6 94093.3 91986.6 90793.8 86069.2 85801.9 84149.8 91108.5 89728 92940.9 87198.1 98285.4 95926 93062 92343.8 101768 88688.8 122308 47775.7 86576.6 100123 102331 107525 115058 123158 130681 137094 142252 146232 149210 151385 152947 154051 154824 155359 155728 155980 156152 156269 156348 156401 156437 156461 156477 156488 156495 156500 156503 156505 156507 156508 156508 156509 156509 156509 156509 156510 156510 156510 156510 156510 156510 156510 156510 156510 156510 156510 156510 156510 156510 156510 156510 156510 156510 156510 156510 156510 156510 156510 156510 156510 156510 156510 156510 156510 156510 156510 156510 156510 156510 156510 156510 156510 156510 156510 156510 156510 156510 156510 156510 156510 156510 156510 156510 156510 156510 156510 156510 156510 156510 156510 156510 156510 156510 156510 156510 156510 156510 156510 0 0 0 0 0 0 0 0 0 0 0 0 0 0 0 0 0 0 0 0 0 0 0 0 0
#obs catch bio
 241982 302554 290902 308989 311389 285277 307050 268515 274173 251196 244288 205693 183267 177732 137940 144718 138160 117628 114086 108745 110025 100029 97858.2 110877 99434.8 100336 95282.8 93749.5 85415.7 94733.7 94306.3 92500.2 90999.6 86086.2 85776.6 84066.9 90890.6 89490.7 93096.7 86830.2 98073.9 95433.5 93180.5 92278.5 101268 87708.9 123086 47410.3
#pred cpue bio
 3.28595e+006 3.01078e+006 2.7145e+006 2.44897e+006 2.18474e+006 1.93592e+006 1.72998e+006 1.515e+006 1.3516e+006 1.19082e+006 1.05636e+006 926723 836003 768529 704145 680137 646234 614858 601059 587644 578033 566168 565409 567390 552669 547743 538287 532242 526085 528025 517086 504135 492268 484273 487144 495304 508527 515274 524576 531212 545700 548224 554040 564681 577622 579852 598091 578015 2.26268e+007 1.38668e+007 1.42353e+007 1.50318e+007 1.61706e+007 1.73998e+007 1.85555e+007 1.95587e+007 2.03857e+007 2.10437e+007 2.15546e+007 2.19446e+007 2.22393e+007 2.24604e+007 2.26259e+007 2.27496e+007 2.28423e+007 2.29119e+007 2.29645e+007 2.30043e+007 2.30346e+007 2.30578e+007 2.30757e+007 2.30895e+007 2.31003e+007 2.31086e+007 2.31152e+007 2.31203e+007 2.31243e+007 2.31275e+007 2.31301e+007 2.31321e+007 2.31337e+007 2.31349e+007 2.31359e+007 2.31367e+007 2.31374e+007 2.31379e+007 2.31383e+007 2.31386e+007 2.31389e+007 2.31391e+007 2.31393e+007 2.31394e+007 2.31395e+007 2.31396e+007 2.31397e+007 2.31397e+007 2.31398e+007 2.31398e+007 2.31398e+007 2.31399e+007 2.31399e+007 2.31399e+007 2.31399e+007 2.31399e+007 2.31399e+007 2.31399e+007 2.31399e+007 2.31399e+007 2.314e+007 2.314e+007 2.314e+007 2.314e+007 2.314e+007 2.314e+007 2.314e+007 2.314e+007 2.314e+007 2.314e+007 2.314e+007 2.314e+007 2.314e+007 2.314e+007 2.314e+007 2.314e+007 2.314e+007 2.314e+007 2.314e+007 2.314e+007 2.314e+007 2.314e+007 2.314e+007 2.314e+007 2.314e+007 2.314e+007 2.314e+007 2.314e+007 2.314e+007 2.314e+007 2.314e+007 2.314e+007 2.314e+007 2.314e+007 2.314e+007 2.314e+007 2.314e+007 2.314e+007 2.314e+007 2.314e+007 0 0 0 0 0 0 0 0 0 0 0 0 0 0 0 0 0 0 0 0 0 0 0 0 0
#obs cpue bio
 3.04713e+006 3.14804e+006 1.99489e+006 1.97591e+006 1.91321e+006 1.84162e+006 1.17545e+006 1.0769e+006 1.23759e+006 1.16763e+006 1.60163e+006 1.21431e+006 811332 883806 734584 526874 681648 569413 584608 468069 493073 567347 462650 892340 561737 584215 445784 501827 431934 595666 451383 470054 657721 541056 549272 513980 514447 479869 488942 635514 599315 595932 378383 469596 1.02937e+006 624456 606447 466165
#pred surv len freq
 0.00583464 0.00938547 0.0139582 0.0194693 0.02574 0.032424 0.0389722 0.0447528 0.0492856 0.0524069 0.0542472 0.0550854 0.0552142 0.0548734 0.0542322 0.0533919 0.0523985 0.0512528 0.049892 0.048141 0.045676 0.0420852 0.0370678 0.030692 0.0235214
 0.00618923 0.00987061 0.014525 0.0200306 0.0262135 0.032791 0.0393095 0.045205 0.0499839 0.0533821 0.0553942 0.0562012 0.0560844 0.0553553 0.054295 0.0531031 0.0518738 0.0505943 0.0491447 0.0472862 0.0446681 0.0409088 0.0357793 0.0294147 0.0223966
 0.00659057 0.0105175 0.0154816 0.0213356 0.0278539 0.0346743 0.0412572 0.0469925 0.0514234 0.0544006 0.0560452 0.0565983 0.0563045 0.0553873 0.0540623 0.0525316 0.0509468 0.0493598 0.047681 0.0456635 0.0429365 0.03912 0.034015 0.0277906 0.0210305
 0.00685364 0.0109518 0.0161488 0.0223001 0.0291721 0.0363732 0.0433051 0.0492756 0.0537457 0.0565181 0.0577309 0.0577092 0.0568154 0.0553666 0.0536073 0.0517111 0.0497885 0.0478771 0.0459064 0.0436609 0.0407969 0.0369537 0.0319483 0.0259536 0.0195301
 0.00714811 0.0114176 0.0168272 0.0232249 0.030369 0.0378569 0.0450706 0.0512862 0.0559226 0.0587343 0.0598136 0.0594596 0.0580488 0.0559598 0.0535282 0.0510089 0.0485544 0.0462058 0.0438826 0.041372 0.038352 0.0344922 0.0296291 0.0239281 0.0179074
 0.0075145 0.0119902 0.0176462 0.0243128 0.0317285 0.0394683 0.0468883 0.0532391 0.0579231 0.0606915 0.0616383 0.0610573 0.0593101 0.0567638 0.0537645 0.0506102 0.047517 0.0445875 0.0417854 0.0389258 0.0357098 0.0318297 0.0271334 0.0217681 0.0161965
 0.00778192 0.0124249 0.0182998 0.0252319 0.0329444 0.0409813 0.0486533 0.0551636 0.0598845 0.0625656 0.0633231 0.0624801 0.0604172 0.0575034 0.0540748 0.0504222 0.0467744 0.0432728 0.0399392 0.0366523 0.0331694 0.0292222 0.0246703 0.0196348 0.0145125
 0.00813537 0.0129837 0.0191116 0.0263319 0.0343501 0.0426851 0.0506107 0.0572854 0.0620425 0.064611 0.0651125 0.0638977 0.0613892 0.0579968 0.0540837 0.0499474 0.0458111 0.0418168 0.0380094 0.0343178 0.0305653 0.0265423 0.0221348 0.0174409 0.0127868
 0.00830511 0.0132713 0.0195661 0.0270064 0.0352913 0.0439159 0.0521135 0.0589969 0.0638628 0.0664231 0.0667982 0.0653478 0.0625094 0.0587145 0.0543524 0.0497461 0.0451366 0.0406779 0.0364313 0.032359 0.0283363 0.0242099 0.0198987 0.0154877 0.0112417
 0.0084523 0.0135202 0.0199593 0.0275914 0.0361127 0.045002 0.0534603 0.0605587 0.0655542 0.0681319 0.0684022 0.0667317 0.0635775 0.0593977 0.0546088 0.0495568 0.044501 0.0396106 0.0349646 0.0305532 0.0262935 0.0220779 0.0178549 0.0137006 0.00982618
 0.00864993 0.0138233 0.0203829 0.0281409 0.0367884 0.045804 0.0543897 0.0616113 0.0667118 0.0693542 0.069625 0.0678717 0.0645433 0.060104 0.0549874 0.0495625 0.0441121 0.0388277 0.0338118 0.0290841 0.0245993 0.0202892 0.016127 0.0121811 0.00861742
 0.00896718 0.0143177 0.0210861 0.0290648 0.0379204 0.0471026 0.0557815 0.0629982 0.0679912 0.0704451 0.0704835 0.068487 0.0649202 0.0602447 0.0548833 0.0491967 0.0434674 0.0378962 0.0326044 0.0276398 0.0229925 0.0186299 0.0145466 0.0108042 0.00752867
 0.00911542 0.0145608 0.0214556 0.0295907 0.0386246 0.0479879 0.0568207 0.0641301 0.0691287 0.0714938 0.0713618 0.0691409 0.0653279 0.0604099 0.0548214 0.0489204 0.0429797 0.0371934 0.0316879 0.0265304 0.0217423 0.0173243 0.0132923 0.00970425 0.00665484
 0.00915661 0.0146329 0.0215745 0.0297766 0.0389003 0.0483749 0.0573327 0.0647661 0.0698681 0.0722939 0.0721609 0.0698679 0.065916 0.0608101 0.0550089 0.0488913 0.0427419 0.0367574 0.0310655 0.0257424 0.0208289 0.0163505 0.012342 0.00886094 0.00597887
 0.00932909 0.0148902 0.0219191 0.0301968 0.0393752 0.0488825 0.0578557 0.0652926 0.0703885 0.0727972 0.0726314 0.0702829 0.0662457 0.0610218 0.0550736 0.0487907 0.042471 0.0363232 0.0304842 0.0250386 0.0200396 0.0155285 0.0115516 0.00816579 0.00542445
 0.00921615 0.0147236 0.0216998 0.029937 0.0390954 0.0486063 0.0576079 0.0651003 0.0702834 0.072814 0.0728003 0.0706173 0.0667312 0.0616125 0.0556992 0.0493716 0.0429355 0.0366207 0.0305907 0.0249573 0.0197982 0.015175 0.0111469 0.00777131 0.00508859
 0.00914209 0.0146182 0.0215692 0.0297969 0.0389671 0.0485101 0.0575571 0.0650985 0.070326 0.0728926 0.0729088 0.0707565 0.0669094 0.0618382 0.0559705 0.0496674 0.0432163 0.0368383 0.0307034 0.0249422 0.0196584 0.0149383 0.0108583 0.0074803 0.0048357
 0.00920758 0.0146995 0.0216461 0.0298373 0.0389387 0.0483975 0.0573736 0.0648846 0.070133 0.0727623 0.0728599 0.0707858 0.0670016 0.061978 0.0561467 0.0498704 0.0434302 0.0370373 0.0308543 0.0250157 0.0196401 0.0148354 0.0106978 0.00729894 0.00466759
 0.00932313 0.0148544 0.0218173 0.0299807 0.0389987 0.0483241 0.0571405 0.0645001 0.0696426 0.0722409 0.0723953 0.0704552 0.0668514 0.0620138 0.0563398 0.050173 0.0437905 0.0374066 0.0311901 0.025283 0.0198168 0.0149174 0.0106997 0.00724874 0.00459623
 0.00945234 0.0150543 0.0220973 0.0303377 0.0394117 0.0487499 0.0575129 0.0647406 0.0696826 0.0720489 0.0719945 0.0699201 0.0662846 0.061514 0.0559754 0.0499696 0.0437345 0.0374586 0.0313004 0.0254045 0.0199134 0.0149693 0.0107047 0.00721877 0.00454951
 0.00952711 0.0151719 0.0222668 0.0305648 0.0396972 0.0490868 0.0578824 0.0651078 0.0699971 0.0722522 0.0720351 0.0697723 0.0659627 0.0610736 0.0554979 0.0495368 0.0434036 0.0372505 0.0312015 0.0253802 0.0199238 0.0149827 0.0107037 0.00720061 0.00452086
 0.00957778 0.0152566 0.0223986 0.0307565 0.0399582 0.049418 0.0582712 0.0655264 0.0704058 0.0726052 0.0722864 0.0698818 0.0659039 0.0608437 0.0551251 0.0490778 0.0429298 0.0368264 0.0308672 0.0251449 0.0197721 0.014888 0.0106411 0.00715408 0.00448354
 0.00943219 0.0150446 0.022126 0.0304467 0.0396479 0.0491495 0.0580843 0.0654531 0.0704643 0.072795 0.0725851 0.0702463 0.0662782 0.0611707 0.0553606 0.0492025 0.0429536 0.0367826 0.0307979 0.0250841 0.019736 0.0148754 0.0106418 0.00715747 0.00448405
 0.0092528 0.0147678 0.0217383 0.0299487 0.0390579 0.0485062 0.0574482 0.0649009 0.0700743 0.0726265 0.0726617 0.0705512 0.0667599 0.0617565 0.0559719 0.0497698 0.0434297 0.0371492 0.0310628 0.0252709 0.0198705 0.0149761 0.0107176 0.00721167 0.00451905
 0.00919094 0.0146779 0.0216224 0.0298141 0.0389137 0.0483581 0.0572962 0.0647429 0.0699132 0.0724765 0.0725484 0.0705042 0.0668011 0.06189 0.05618 0.0500177 0.0436764 0.0373602 0.0312194 0.0253726 0.0199295 0.0150084 0.0107361 0.00722341 0.0045267
 0.00915159 0.0145995 0.0214789 0.0295756 0.0385575 0.047884 0.0567381 0.0641651 0.0693926 0.0720784 0.0723116 0.0704401 0.0669022 0.062138 0.0565481 0.0504699 0.0441678 0.0378434 0.0316535 0.0257316 0.020205 0.0152065 0.0108708 0.00731039 0.0045798
 0.00922568 0.0147053 0.0216095 0.0297118 0.0386683 0.0479315 0.0566845 0.0639843 0.0690822 0.0716683 0.0718609 0.0700212 0.0665792 0.0619508 0.0565081 0.0505642 0.0443667 0.038107 0.0319394 0.026002 0.0204338 0.0153822 0.0109944 0.0073907 0.00462822
 0.00922442 0.0147086 0.021624 0.0297452 0.0387253 0.0480078 0.0567621 0.0640325 0.0690653 0.0715586 0.0716518 0.0697337 0.0662598 0.0616581 0.0562958 0.0504657 0.0443887 0.0382313 0.0321315 0.0262219 0.0206457 0.0155616 0.0111304 0.00748385 0.00468623
 0.00917465 0.0146367 0.0215328 0.0296443 0.0386293 0.0479329 0.0567222 0.064034 0.0691035 0.0716151 0.0716977 0.0697394 0.0662078 0.0615532 0.0561657 0.0503511 0.0443274 0.0382445 0.0322179 0.0263608 0.020807 0.0157164 0.011259 0.00757829 0.00474813
 0.00900002 0.0143714 0.0211688 0.0291883 0.0381034 0.047373 0.0561765 0.0635595 0.068756 0.0714358 0.0717003 0.0699059 0.0664947 0.0619062 0.0565365 0.0507107 0.0446682 0.0385731 0.0325419 0.026679 0.0211073 0.0159811 0.0114733 0.007736 0.00485319
 0.00905291 0.0144375 0.0212316 0.0292207 0.0380749 0.0472624 0.0559822 0.0633017 0.0684708 0.0711642 0.0714788 0.0697596 0.0664335 0.061924 0.0566146 0.0508249 0.0447986 0.0387094 0.0326828 0.0268259 0.0212576 0.0161263 0.0116015 0.00783802 0.00492571
 0.00975789 0.0154398 0.0224731 0.0305543 0.0393039 0.0482042 0.0565225 0.0634118 0.0681928 0.0705832 0.0706984 0.0688842 0.0655545 0.0611097 0.0559053 0.0502351 0.0443242 0.0383376 0.0324001 0.0266213 0.0211214 0.0160467 0.0115639 0.00782681 0.00492743
 0.010451 0.0165197 0.0240033 0.0325428 0.0416794 0.0507947 0.0590497 0.0655294 0.0695763 0.0710364 0.0702145 0.0676289 0.0637888 0.0591028 0.0538764 0.048333 0.0426329 0.0368927 0.0312071 0.0256691 0.0203905 0.0155119 0.0111947 0.00758876 0.00478527
 0.0104081 0.0165464 0.024221 0.0331214 0.0427897 0.0525322 0.0613642 0.0682009 0.0722526 0.0733185 0.0717567 0.0682223 0.0634058 0.057888 0.0520882 0.0462621 0.0405328 0.0349436 0.0295122 0.0242715 0.0192931 0.0146928 0.0106172 0.00720731 0.00455132
 0.0101088 0.0160998 0.0236299 0.0324325 0.042104 0.0520068 0.0611967 0.0685836 0.0732973 0.0749812 0.0738111 0.0703095 0.0651442 0.0589921 0.052444 0.0459325 0.0397049 0.03385 0.0283627 0.0232153 0.0184119 0.0140139 0.0101311 0.00688384 0.00435226
 0.00993785 0.0158185 0.0232021 0.0318281 0.0413127 0.0510596 0.0601863 0.0676694 0.0726832 0.0748643 0.0743142 0.0714224 0.0667014 0.0607074 0.0539962 0.0470676 0.0403069 0.0339512 0.0280994 0.0227589 0.017912 0.0135687 0.00978577 0.00664413 0.00420162
 0.00984874 0.0156687 0.0229672 0.0314804 0.0408262 0.0504186 0.0593977 0.0667762 0.0717726 0.0740666 0.0737863 0.0713114 0.0670943 0.0615841 0.0552147 0.0483979 0.0415048 0.0348389 0.0286118 0.0229392 0.0178669 0.0134148 0.00961189 0.0064992 0.00410099
 0.00989783 0.015737 0.0230473 0.0315557 0.040871 0.0504009 0.0592838 0.066537 0.0713931 0.0735592 0.0732027 0.0707453 0.0666671 0.0614113 0.0553614 0.0488439 0.0421422 0.0355093 0.0291674 0.0232949 0.0180168 0.0134117 0.00952913 0.00639794 0.00401617
 0.00982307 0.0156348 0.0229291 0.0314424 0.0407857 0.0503567 0.0592747 0.0665364 0.0713629 0.0734634 0.0730211 0.0704851 0.0663683 0.0611435 0.0552067 0.0488673 0.0423606 0.0358778 0.0295941 0.0236796 0.0182912 0.0135585 0.00957345 0.00638307 0.00398066
 0.00980868 0.0156058 0.022876 0.031356 0.0406621 0.0502045 0.0591174 0.0664064 0.0712862 0.0734444 0.0730376 0.0704985 0.0663443 0.0610724 0.0551115 0.0487962 0.0423648 0.0359846 0.0297913 0.0239201 0.0185163 0.0137252 0.0096685 0.00641925 0.00398206
 0.00974121 0.0154982 0.0227181 0.0311397 0.0403835 0.049867 0.0587363 0.0660121 0.0709227 0.073161 0.0728752 0.0704752 0.0664483 0.0612672 0.0553533 0.0490534 0.0426275 0.0362588 0.0300825 0.0242192 0.0187982 0.0139607 0.00983928 0.00652488 0.00403658
 0.00985489 0.0156646 0.0229337 0.0313878 0.0406368 0.0500931 0.0589028 0.066091 0.0708956 0.0730249 0.0726471 0.0701901 0.0661502 0.0609958 0.0551334 0.0488925 0.0425225 0.0362047 0.0300758 0.0242544 0.0188634 0.0140371 0.00990821 0.00657462 0.00406516
 0.00981787 0.0156239 0.0229076 0.0314033 0.04072 0.0502544 0.0591266 0.0663363 0.0711093 0.07316 0.0726772 0.0701144 0.0659902 0.0607866 0.0549137 0.0486951 0.0423683 0.036102 0.0300235 0.0242454 0.0188866 0.0140787 0.0099539 0.0066134 0.00409182
 0.0096178 0.0153291 0.0225219 0.0309534 0.0402522 0.0498262 0.0587968 0.0661533 0.0710987 0.0733143 0.0729547 0.0704525 0.0663266 0.0610782 0.0551444 0.0488714 0.0425086 0.0362256 0.0301433 0.0243658 0.0190049 0.0141881 0.0100468 0.00668474 0.00414072
 0.00957717 0.0152399 0.0223467 0.0306477 0.0397815 0.0491904 0.0580479 0.065394 0.0704545 0.072894 0.0728173 0.070595 0.0666933 0.0615839 0.0557015 0.0494116 0.0429925 0.0366402 0.030492 0.0246577 0.0192473 0.0143847 0.0101992 0.00679543 0.00421468
 0.00980306 0.0155678 0.0227651 0.0311151 0.0402312 0.0495423 0.0582254 0.0653416 0.070158 0.072394 0.072206 0.0699897 0.066198 0.0612574 0.0555479 0.0493935 0.043056 0.0367376 0.0305932 0.0247497 0.0193275 0.0144537 0.0102571 0.00684126 0.00424797
 0.00966414 0.0153837 0.0225639 0.0309458 0.0401451 0.0495669 0.058344 0.0654941 0.0702639 0.0723865 0.0720599 0.069732 0.065897 0.0609975 0.0553981 0.0493852 0.0431782 0.0369489 0.0308429 0.0249956 0.0195433 0.0146283 0.0103894 0.00693536 0.00431037
 0.00937165 0.0149992 0.0221537 0.0306289 0.0400619 0.0498264 0.0589768 0.066434 0.0713636 0.0734557 0.0729126 0.0702308 0.0659864 0.0607142 0.0548523 0.0487194 0.0425215 0.0363869 0.0304099 0.0246869 0.0193354 0.0144943 0.0103066 0.00688693 0.00428411
#obs surv len freq
 0.00496921 0.0081385 0.0123773 0.0176987 0.0239764 0.0308456 0.0376823 0.0437647 0.0485433 0.0518166 0.0537022 0.0544839 0.0544802 0.0539878 0.0532669 0.0525316 0.0519267 0.0514872 0.0510742 0.0503182 0.0486367 0.0453988 0.0402274 0.0332917 0.0253739
 0.00518319 0.00848998 0.012913 0.0184641 0.0250072 0.0321531 0.0392395 0.0455012 0.0503558 0.0535889 0.0553226 0.0558547 0.0555188 0.054625 0.0534475 0.0522176 0.0511054 0.0501788 0.0493389 0.0482593 0.0463978 0.0431518 0.0381484 0.0315275 0.02401
 0.00540907 0.00886094 0.0134784 0.0192728 0.0260987 0.0335431 0.0409045 0.0473721 0.0523266 0.0555355 0.0571225 0.0573988 0.0567166 0.0554042 0.0537514 0.0520032 0.0503456 0.0488713 0.0475211 0.0460222 0.0438928 0.0405799 0.0357285 0.0294495 0.0223905
 0.00563765 0.00923468 0.0140451 0.0200793 0.0271822 0.0349192 0.0425523 0.0492287 0.0542943 0.0574991 0.0589655 0.0590139 0.0580099 0.0562964 0.0541776 0.0519117 0.0496985 0.0476515 0.0457466 0.043767 0.0413011 0.0378619 0.0331277 0.0271872 0.0206107
 0.00589434 0.00965292 0.0146762 0.0209714 0.0283713 0.036414 0.0443203 0.0511912 0.0563387 0.0595009 0.0608084 0.0605997 0.059259 0.0571441 0.0545695 0.0518008 0.0490453 0.0464307 0.0439632 0.0414792 0.0386413 0.0350387 0.0303953 0.0247868 0.0187066
 0.00612989 0.0100426 0.0152753 0.0218351 0.0295438 0.0379106 0.0461094 0.0531891 0.0584223 0.0615332 0.0626625 0.0621722 0.0604723 0.0579431 0.054914 0.0516583 0.0483862 0.0452322 0.0422243 0.0392455 0.03603 0.0322457 0.0276699 0.0223737 0.0167788
 0.00637591 0.0104444 0.0158834 0.0226985 0.030701 0.0393757 0.0478563 0.0551444 0.0604734 0.0635473 0.064508 0.0637343 0.0616623 0.0587002 0.0552021 0.0514571 0.0476829 0.0440188 0.0405071 0.0370674 0.0334965 0.0295367 0.0250198 0.0200178 0.0148884
 0.00661882 0.01084 0.0164801 0.0235416 0.0318239 0.0407862 0.0495229 0.0569919 0.0623933 0.0654189 0.0662163 0.0651806 0.0627667 0.0594025 0.055461 0.0512482 0.0469945 0.0428496 0.0388715 0.0350112 0.0311187 0.0270009 0.0225395 0.0178094 0.0131118
 0.00685259 0.0112274 0.0170763 0.0244011 0.0329884 0.0422649 0.0512743 0.05892 0.0643638 0.0672887 0.0678603 0.0665046 0.0637088 0.0599267 0.0555498 0.0508951 0.0461998 0.0416205 0.0372285 0.0330028 0.028839 0.0245999 0.0202093 0.0157439 0.0114536
 0.00705958 0.0115667 0.0175924 0.0251381 0.0339822 0.0435303 0.0527906 0.0606227 0.0661503 0.0690343 0.0694382 0.0678037 0.0646456 0.0604509 0.0556413 0.0505556 0.0454429 0.0404662 0.0357063 0.0311641 0.0267724 0.0224399 0.0181246 0.0139028 0.00997862
 0.00727301 0.0119169 0.018125 0.0258967 0.0349982 0.0448087 0.0542955 0.0622744 0.0678381 0.0706388 0.070851 0.0689371 0.0654345 0.0608529 0.0556363 0.0501443 0.0446423 0.0393053 0.0342253 0.0294206 0.0248531 0.020466 0.0162428 0.0122557 0.0086674
 0.00742119 0.0121625 0.0185035 0.0264447 0.0357464 0.0457711 0.0554571 0.0635856 0.0692201 0.0719968 0.0720898 0.0699718 0.0661981 0.0612983 0.0557361 0.049889 0.0440379 0.0383722 0.0329994 0.0279577 0.0232349 0.018802 0.0146597 0.0108738 0.00757022
 0.00751886 0.0123195 0.0187374 0.0267719 0.0361822 0.0463264 0.0561348 0.0643761 0.0700988 0.0729247 0.073015 0.0708331 0.0669307 0.0618408 0.0560378 0.0499139 0.0437678 0.0378072 0.0321602 0.0268887 0.0220068 0.0175109 0.0134161 0.0097809 0.00669925
 0.00760535 0.0124569 0.018938 0.0270452 0.0365327 0.0467522 0.0566256 0.064914 0.0706628 0.0734955 0.0735767 0.0713697 0.0674198 0.0622499 0.0563255 0.0500362 0.0436865 0.0374982 0.0316207 0.0261423 0.0211062 0.0165351 0.0124585 0.00892983 0.00601656
 0.00766313 0.0125459 0.019063 0.0272077 0.0367317 0.0469849 0.0568877 0.0651997 0.0709654 0.0738086 0.0738952 0.0716897 0.0677353 0.0625487 0.0565853 0.0502237 0.0437616 0.0374231 0.0313704 0.0257155 0.0205315 0.0158695 0.011777 0.00830732 0.00550824
 0.0077172 0.0126277 0.0191746 0.0273468 0.0368923 0.0471587 0.0570653 0.0653724 0.0711274 0.0739588 0.0740377 0.0718316 0.0678833 0.0627044 0.0567416 0.0503631 0.0438561 0.0374386 0.0312755 0.0254925 0.0201866 0.0154362 0.0113093 0.00786455 0.00513777
 0.00775529 0.0126857 0.0192543 0.0274469 0.0370083 0.0472833 0.0571893 0.0654859 0.0712222 0.0740318 0.0740923 0.071877 0.0679309 0.0627637 0.0568162 0.0504474 0.0439342 0.0374856 0.031263 0.0253977 0.020002 0.015176 0.0110077 0.00756487 0.00487838
 0.00780124 0.0127531 0.0193422 0.0275495 0.0371166 0.0473876 0.0572813 0.0655597 0.0712744 0.0740618 0.0741026 0.0718735 0.067922 0.0627589 0.0568231 0.0504688 0.0439656 0.0375136 0.0312676 0.0253582 0.0199056 0.0150244 0.010819 0.00736789 0.00470151
 0.00784901 0.0128262 0.0194433 0.0276772 0.0372646 0.0475446 0.0574316 0.0656854 0.0713598 0.0740983 0.0740917 0.0718252 0.067851 0.0626801 0.0567491 0.0504081 0.0439208 0.0374806 0.0312357 0.0253129 0.0198341 0.0149224 0.0106935 0.00723498 0.00457987
 0.00786974 0.0128594 0.0194924 0.0277445 0.0373507 0.0476469 0.0575435 0.065796 0.0714557 0.0741672 0.0741255 0.071822 0.0678155 0.0626222 0.0566809 0.0503408 0.0438621 0.037433 0.0311957 0.0252724 0.0197839 0.0148568 0.0106138 0.00714959 0.00450005
 0.00789281 0.0128921 0.0195326 0.0277878 0.0373918 0.0476824 0.0575733 0.065823 0.0714836 0.0741974 0.0741556 0.0718465 0.0678286 0.0626201 0.0566638 0.0503127 0.0438291 0.0374003 0.0311655 0.0252429 0.0197507 0.0148161 0.0105651 0.00709667 0.00444955
 0.00788443 0.0128788 0.0195132 0.0277612 0.0373568 0.0476383 0.0575204 0.0657642 0.0714252 0.0741488 0.0741275 0.0718468 0.0678589 0.0626747 0.0567323 0.0503839 0.0438946 0.0374558 0.0312093 0.0252743 0.0197689 0.0148202 0.0105561 0.0070782 0.00442688
 0.00790412 0.0129038 0.0195381 0.0277767 0.0373529 0.047608 0.0574633 0.065687 0.0713388 0.0740653 0.074057 0.0717976 0.0678367 0.0626821 0.0567673 0.0504397 0.0439616 0.0375239 0.0312707 0.0253238 0.0198041 0.0148408 0.0105634 0.00707524 0.00441798
 0.00790551 0.0129073 0.0195451 0.0277882 0.0373678 0.0476216 0.0574671 0.0656706 0.0712953 0.0739954 0.0739707 0.0717109 0.0677659 0.0626391 0.0567572 0.0504611 0.0440077 0.037585 0.0313361 0.0253844 0.0198535 0.014876 0.0105845 0.00708467 0.00441945
 0.00787845 0.0128627 0.0194772 0.0276925 0.037243 0.0474724 0.0573056 0.0655146 0.0711631 0.0738996 0.073916 0.0716953 0.0677856 0.0626911 0.0568393 0.0505701 0.0441374 0.0377261 0.0314773 0.0255149 0.0199645 0.0149624 0.0106458 0.00712363 0.0044413
 0.00784695 0.0128099 0.019395 0.0275726 0.0370796 0.0472656 0.0570647 0.0652596 0.0709213 0.0737002 0.0737824 0.0716408 0.0678106 0.062786 0.0569884 0.0507564 0.0443452 0.0379413 0.0316872 0.0257074 0.0201299 0.0150947 0.0107433 0.00718949 0.00448161
 0.0078405 0.012796 0.0193676 0.0275238 0.0370007 0.0471501 0.0569111 0.0650734 0.0707152 0.0734931 0.0735968 0.071499 0.067731 0.0627779 0.0570509 0.0508789 0.0445112 0.0381321 0.0318848 0.0258963 0.0202976 0.0152328 0.0108484 0.00726273 0.00452807
 0.00784497 0.0128001 0.0193678 0.0275141 0.036974 0.0470993 0.0568313 0.064963 0.0705772 0.0733351 0.0734317 0.0713437 0.067604 0.0626964 0.0570268 0.0509161 0.0446043 0.038268 0.0320457 0.0260635 0.0204547 0.0153676 0.0109543 0.00733878 0.00457771
 0.00780785 0.012745 0.0192944 0.0274254 0.0368747 0.0469939 0.0567231 0.0648537 0.0704684 0.0732293 0.073333 0.0712582 0.0675394 0.0626614 0.0570296 0.0509627 0.0446957 0.038399 0.0322046 0.0262343 0.0206203 0.0155138 0.011072 0.00742502 0.00463513
 0.00775996 0.0126639 0.0191672 0.0272398 0.0366244 0.0466851 0.0563789 0.0645123 0.0701728 0.0730141 0.0732149 0.0712359 0.0675993 0.0627855 0.0572015 0.0511696 0.0449284 0.0386488 0.0324615 0.0264857 0.0208522 0.0157134 0.0112309 0.00754126 0.00471274
 0.00774361 0.0126329 0.019112 0.0271483 0.0364838 0.0464865 0.0561219 0.0642092 0.0698491 0.0727053 0.0729599 0.071067 0.0675344 0.0628247 0.0573301 0.051365 0.0451673 0.0389112 0.0327307 0.0267471 0.0210924 0.0159206 0.0113971 0.00766413 0.00479576
 0.00931826 0.0148363 0.0217697 0.0298775 0.0388041 0.0479967 0.0566406 0.0638017 0.0687478 0.0711927 0.0712824 0.0694024 0.0659965 0.0614778 0.0562022 0.0504573 0.0444626 0.0383828 0.0323494 0.0264847 0.020923 0.0158203 0.0113444 0.00764077 0.00478808
 0.00931983 0.0151288 0.0227206 0.0319406 0.0423215 0.0529315 0.0624068 0.0693592 0.0729699 0.0733084 0.0711307 0.0673767 0.0627738 0.0577321 0.0524366 0.0469732 0.041404 0.0357967 0.0302307 0.0248032 0.0196357 0.0148763 0.0106872 0.00721047 0.00452552
 0.00897427 0.014588 0.0219672 0.0310288 0.0414287 0.0523919 0.0626705 0.0708307 0.0757645 0.0770724 0.0750853 0.0706125 0.0646285 0.0580198 0.051419 0.0451456 0.0392639 0.033707 0.0283947 0.0233011 0.0184738 0.0140233 0.0100946 0.0068236 0.00429015
 0.00879475 0.0142876 0.0215001 0.0303508 0.0405149 0.0512692 0.0614577 0.0697653 0.0751818 0.0773115 0.076336 0.0727722 0.0672727 0.0605395 0.053266 0.0460417 0.0392556 0.033065 0.027451 0.0223251 0.0176254 0.0133655 0.009628 0.00651777 0.00410479
 0.00870948 0.0141432 0.0212715 0.0300089 0.040031 0.0506233 0.0606524 0.0688417 0.0742361 0.0765044 0.0758792 0.072874 0.0680465 0.0619156 0.0549728 0.047693 0.0405058 0.0337407 0.0275843 0.022086 0.0172176 0.0129475 0.00928573 0.00627613 0.00395304
 0.00869733 0.014116 0.0212162 0.0299071 0.0398615 0.0503661 0.0602937 0.0683786 0.0736813 0.0758936 0.0752813 0.0723974 0.0678253 0.0620675 0.0555377 0.0485873 0.0415326 0.0346637 0.0282259 0.0223896 0.0172415 0.0128082 0.00909482 0.00610535 0.00383054
 0.00870001 0.0141224 0.0212289 0.029928 0.0398882 0.0503885 0.0602918 0.0683246 0.0735469 0.0756607 0.0749524 0.0720038 0.0674305 0.0617614 0.0554138 0.0487053 0.0418825 0.0351567 0.0287266 0.022776 0.0174534 0.0128582 0.00904143 0.0060133 0.00374448
 0.00867433 0.0140835 0.0211757 0.0298621 0.0398141 0.0503129 0.0602223 0.0682665 0.073499 0.0756123 0.0748856 0.0719013 0.0672879 0.0615973 0.0552718 0.048642 0.041943 0.0353482 0.0290083 0.0230741 0.0176959 0.0130059 0.00909692 0.00600701 0.00371198
 0.00868462 0.0140961 0.0211873 0.0298672 0.0398068 0.0502897 0.0601842 0.068219 0.0734497 0.0755674 0.0748456 0.0718598 0.0672345 0.0615243 0.0551827 0.0485565 0.0418922 0.0353605 0.0290919 0.0232095 0.0178439 0.0131277 0.00917155 0.00603606 0.00371116
 0.00864438 0.0140385 0.0211149 0.0297867 0.0397269 0.0502171 0.0601212 0.0681645 0.0734021 0.0755276 0.0748175 0.0718476 0.067239 0.0615411 0.0552044 0.0485785 0.0419177 0.0354002 0.029157 0.0233017 0.0179515 0.0132304 0.00925119 0.00608508 0.00373339
 0.00862729 0.0140074 0.0210624 0.0297055 0.0396129 0.0500743 0.059964 0.0680153 0.0732839 0.0754553 0.074794 0.0718658 0.0672873 0.0616084 0.055282 0.0486597 0.0419988 0.035481 0.0292403 0.02339 0.0180428 0.013317 0.00932364 0.00613687 0.00376422
 0.00865731 0.0140525 0.0211229 0.0297782 0.0396903 0.0501448 0.0600136 0.068031 0.0732585 0.0753914 0.0747041 0.0717673 0.0671958 0.0615331 0.0552255 0.0486206 0.0419745 0.03547 0.0292421 0.0234045 0.0180684 0.0133495 0.00935659 0.00616439 0.00378317
 0.00863596 0.0140234 0.0210895 0.0297469 0.0396686 0.0501379 0.0600217 0.0680484 0.0732758 0.075399 0.0746957 0.071743 0.0671618 0.061499 0.0552002 0.0486093 0.0419781 0.0354861 0.0292676 0.0234365 0.0181042 0.013386 0.00939029 0.00619205 0.00380304
 0.00861478 0.0139884 0.0210363 0.0296723 0.0395728 0.0500271 0.0599089 0.0679516 0.0732119 0.0753769 0.074713 0.0717882 0.0672201 0.0615587 0.055256 0.0486614 0.042029 0.0355381 0.029321 0.0234898 0.0181551 0.0134321 0.00942932 0.00622252 0.00382461
 0.00862816 0.0140086 0.0210636 0.0297052 0.0396078 0.0500585 0.0599299 0.0679558 0.0731968 0.0753453 0.0746729 0.0717486 0.0671874 0.0615341 0.0552372 0.0486454 0.0420151 0.0355276 0.0293161 0.0234918 0.0181635 0.0134449 0.00944385 0.00623613 0.00383555
 0.00862816 0.0140086 0.0210636 0.0297052 0.0396078 0.0500585 0.0599299 0.0679558 0.0731968 0.0753453 0.0746729 0.0717486 0.0671874 0.0615341 0.0552372 0.0486454 0.0420151 0.0355276 0.0293161 0.0234918 0.0181635 0.0134449 0.00944385 0.00623613 0.00383555
 0.00891048 0.0144544 0.0217077 0.0305652 0.0406738 0.0512804 0.0612091 0.0691517 0.0741546 0.0759377 0.0748334 0.0714827 0.0665618 0.0606523 0.0542125 0.0475807 0.0409908 0.034599 0.028516 0.022835 0.0176505 0.0130653 0.00917939 0.00606392 0.0037315
#pred catch len freq
 0.00474096 0.00753415 0.0110504 0.0152202 0.0199873 0.0252771 0.030922 0.0366395 0.0420926 0.0469745 0.0510589 0.0542178 0.0564271 0.0577551 0.0583273 0.0582845 0.0577528 0.0568205 0.055496 0.0536437 0.0509427 0.046958 0.0413679 0.0342555 0.0262533
 0.00508154 0.00800977 0.0116268 0.0158299 0.020566 0.0258117 0.0314755 0.0373256 0.0430065 0.0481195 0.0523183 0.055391 0.0573086 0.0582111 0.0583346 0.0579183 0.0571366 0.0560624 0.0546421 0.0526714 0.0498005 0.0456292 0.0399158 0.0328182 0.0249891
 0.00545257 0.00859705 0.0124762 0.0169608 0.0219549 0.027377 0.0330787 0.0388055 0.0442407 0.0490778 0.0530592 0.0559973 0.0578068 0.0585385 0.0583753 0.0575765 0.0563905 0.0549654 0.0532812 0.0511223 0.0481148 0.0438577 0.0381424 0.0311655 0.0235855
 0.00574091 0.0090599 0.0131639 0.0179214 0.0232303 0.0289907 0.0350129 0.0409749 0.0464816 0.0511694 0.0547817 0.0572003 0.0584491 0.0586691 0.0580712 0.0568875 0.0553286 0.0535354 0.0515147 0.0490888 0.0459131 0.0416073 0.0359792 0.0292309 0.0219973
 0.00605555 0.00955009 0.013864 0.0188555 0.0244161 0.0304433 0.0367409 0.0429657 0.0486827 0.0534702 0.0570079 0.0591339 0.0598753 0.0594351 0.0581233 0.0562639 0.0541182 0.0518347 0.0494128 0.0466798 0.0433165 0.038976 0.0334882 0.0270474 0.0202428
 0.00641364 0.0101039 0.0146457 0.0198789 0.0256799 0.031935 0.0384367 0.0448285 0.0506606 0.0554964 0.0589965 0.0609714 0.0614174 0.060519 0.0586009 0.0560405 0.0531768 0.0502327 0.0472605 0.0441206 0.0405197 0.036136 0.0308117 0.0247218 0.018395
 0.00674701 0.0106294 0.0154062 0.0209046 0.0269842 0.0335096 0.0402432 0.0467952 0.0526896 0.0574808 0.0608366 0.0625821 0.0627227 0.0614416 0.0590535 0.055933 0.0524378 0.0488386 0.0452561 0.0416233 0.0377112 0.0332421 0.0280714 0.0223442 0.0165159
 0.00709297 0.0111699 0.0161804 0.0219382 0.0282904 0.0350881 0.042073 0.0488229 0.0548234 0.059595 0.0627885 0.0642359 0.0639717 0.0622173 0.0593183 0.0556623 0.0516086 0.0474355 0.0432952 0.0391809 0.0349391 0.0303587 0.0253247 0.0199569 0.0146323
 0.00733441 0.0115581 0.0167573 0.0227416 0.02935 0.0364168 0.0436568 0.0506139 0.0567414 0.0615358 0.0646342 0.0658637 0.0652659 0.0630821 0.0596879 0.0555023 0.0509082 0.0462005 0.041552 0.0369955 0.0324377 0.0277317 0.0228002 0.0177486 0.0128835
 0.00751508 0.0118518 0.0172007 0.0233721 0.0302029 0.0375182 0.0450122 0.0521968 0.0584879 0.0633477 0.0663897 0.0674343 0.0665334 0.0639519 0.0600948 0.0554097 0.0503042 0.0450946 0.0399778 0.0350206 0.0301783 0.025357 0.0205135 0.0157431 0.0112919
 0.00777458 0.0122457 0.0177427 0.0240608 0.0310284 0.0384719 0.0460902 0.0533945 0.0597886 0.064712 0.067751 0.0687031 0.067609 0.0647378 0.0605123 0.0554049 0.0498502 0.0441903 0.0386497 0.0333296 0.0282291 0.0232996 0.0185263 0.0139957 0.00990192
 0.0080665 0.012697 0.0183783 0.0248874 0.0320338 0.0396252 0.0473413 0.0546778 0.0610333 0.0658564 0.0687508 0.0695288 0.0682352 0.0651341 0.0606413 0.0552281 0.0493358 0.0433234 0.0374403 0.0318222 0.0265099 0.0214962 0.016791 0.0124734 0.0086926
 0.0082118 0.0129316 0.0187287 0.0253784 0.0326848 0.0404437 0.0483142 0.0557651 0.062169 0.0669582 0.0697362 0.0703305 0.0688116 0.0654683 0.0607308 0.0550714 0.0489256 0.0426493 0.0365013 0.030642 0.0251493 0.0200549 0.0153935 0.0112405 0.00770905
 0.00829447 0.0130642 0.0189258 0.0256548 0.0330561 0.0409249 0.048916 0.0564867 0.0629914 0.0678398 0.0706137 0.0711283 0.0694567 0.0659056 0.0609306 0.0550271 0.0486438 0.0421403 0.0357778 0.0297273 0.0240895 0.0189255 0.0142916 0.0102628 0.00692546
 0.00836201 0.0131644 0.0190596 0.0258194 0.0332492 0.0411506 0.0491876 0.0568244 0.0634131 0.0683508 0.0711982 0.071747 0.0700516 0.0664108 0.0612861 0.0551897 0.0485921 0.0418725 0.0353074 0.0290816 0.0233123 0.0180799 0.0134556 0.00951383 0.00632063
 0.00830051 0.0130747 0.0189435 0.0256848 0.0331075 0.0410136 0.0490667 0.0567339 0.0633755 0.0683979 0.0713646 0.0720559 0.0704994 0.0669596 0.0618684 0.0557243 0.049003 0.0421049 0.0353349 0.0289076 0.022968 0.0176198 0.0129485 0.00902942 0.00591306
 0.00823369 0.0129797 0.018826 0.0255591 0.0329931 0.0409288 0.0490237 0.0567356 0.0634176 0.0684733 0.0714695 0.0721947 0.0706843 0.0672018 0.0621661 0.0560529 0.0493164 0.0423469 0.0354568 0.0288828 0.0227999 0.0173404 0.01261 0.00868911 0.0056178
 0.00823038 0.012961 0.0187744 0.0254527 0.0328144 0.0406776 0.0487248 0.056437 0.0631748 0.0683298 0.0714442 0.0722819 0.0708639 0.0674516 0.0624673 0.0563872 0.0496594 0.0426638 0.0357065 0.0290298 0.0228276 0.0172582 0.0124505 0.00849687 0.00543431
 0.00832944 0.0130933 0.0189193 0.0255706 0.0328545 0.0405925 0.0484871 0.0560509 0.0626809 0.0678005 0.0709683 0.071941 0.0707094 0.0674929 0.0626769 0.0567166 0.0500536 0.04307 0.0360768 0.0293241 0.0230201 0.0173437 0.0124457 0.00843361 0.00534818
 0.00843967 0.0132625 0.0191537 0.0258649 0.0331882 0.0409268 0.048765 0.0562055 0.0626546 0.067568 0.0705531 0.0714139 0.0701687 0.0670351 0.0623693 0.0565829 0.0500764 0.0432039 0.0362653 0.0295137 0.0231701 0.0174323 0.0124717 0.00841231 0.00530237
 0.00852873 0.0134001 0.0193476 0.0261177 0.0334974 0.0412833 0.0491499 0.0565855 0.0629797 0.0677778 0.0705915 0.0712506 0.0698166 0.0665532 0.0618468 0.0561108 0.049719 0.0429846 0.0361685 0.0294997 0.0231931 0.0174558 0.0124761 0.00839486 0.00527129
 0.00854046 0.0134252 0.0193965 0.0262048 0.0336375 0.0414877 0.0494207 0.0569122 0.0633378 0.0681293 0.0708876 0.0714385 0.0698521 0.066417 0.0615564 0.0557201 0.0493022 0.0426114 0.0358828 0.0293111 0.023084 0.0173965 0.0124397 0.0083652 0.00524319
 0.00839163 0.0132084 0.0191176 0.0258872 0.0333185 0.0412099 0.0492247 0.056831 0.0633917 0.0683205 0.0711959 0.0718211 0.0702504 0.0667684 0.0618104 0.0558528 0.0493231 0.0425572 0.0358008 0.0292401 0.0230422 0.0173823 0.0124408 0.00836944 0.00524397
 0.00828194 0.0130381 0.0188772 0.0255749 0.0329428 0.0407924 0.0488017 0.0564519 0.0631113 0.0681856 0.0712331 0.0720292 0.070599 0.0672038 0.0622671 0.0562684 0.0496541 0.042788 0.0359431 0.0293215 0.0230914 0.0174184 0.0124711 0.00839353 0.00526026
 0.0081779 0.012885 0.018676 0.0253359 0.0326813 0.0405225 0.0485334 0.0561935 0.0628754 0.0679941 0.0711155 0.072015 0.0707059 0.0674286 0.0625825 0.056629 0.0500086 0.043094 0.0361776 0.0294832 0.0231945 0.0174823 0.0125115 0.0084199 0.00527715
 0.00814515 0.0128202 0.0185578 0.0251394 0.0323864 0.0401258 0.0480576 0.055686 0.0623959 0.0675977 0.0708419 0.0718862 0.0707305 0.0676034 0.0628913 0.0570398 0.0504753 0.0435644 0.0366051 0.0298376 0.0234653 0.0176752 0.0126414 0.00850306 0.00532763
 0.00819165 0.0128847 0.0186331 0.0252085 0.0324226 0.0400964 0.0479305 0.0554404 0.062034 0.0671525 0.0703737 0.0714673 0.070424 0.0674484 0.062898 0.0571935 0.0507428 0.0439011 0.0369624 0.0301722 0.0237473 0.0178916 0.0127937 0.00860224 0.00538757
 0.0081882 0.0128837 0.0186396 0.0252286 0.0324599 0.0401466 0.0479774 0.0554559 0.0619848 0.0670122 0.0701356 0.0711527 0.070081 0.0671395 0.0626811 0.0571053 0.0507902 0.0440632 0.0371998 0.0304389 0.0240022 0.0181066 0.0129564 0.00871361 0.00545693
 0.00810252 0.0127581 0.0184767 0.0250407 0.0322675 0.0399738 0.0478464 0.0553816 0.0619692 0.0670405 0.0701786 0.0711765 0.0700625 0.0670783 0.062602 0.0570481 0.050793 0.0441464 0.0373594 0.0306497 0.024229 0.0183164 0.0131274 0.00883788 0.00553797
 0.00798379 0.012578 0.0182298 0.0247315 0.0319097 0.0395894 0.0474647 0.0550383 0.0617021 0.066881 0.0701417 0.0712552 0.0702285 0.0672921 0.0628281 0.0572676 0.0510066 0.0443671 0.0375984 0.0309063 0.0244884 0.0185562 0.0133277 0.00898842 0.00563955
 0.00803562 0.0126444 0.0182969 0.0247751 0.0319018 0.0395084 0.0473047 0.0548121 0.0614378 0.0666146 0.0699093 0.0710858 0.0701379 0.0672796 0.0628783 0.0573577 0.0511171 0.0444883 0.0377301 0.0310504 0.024642 0.0187089 0.0134652 0.00909919 0.00571893
 0.00869323 0.0135812 0.0194608 0.0260321 0.0330708 0.0404196 0.0478485 0.0549555 0.0612119 0.0660912 0.069181 0.0702499 0.0692842 0.0664786 0.0621748 0.0567705 0.0506453 0.0441206 0.0374535 0.0308543 0.0245161 0.0186408 0.0134391 0.00909798 0.00572835
 0.00938374 0.0146439 0.020943 0.0279224 0.0352855 0.0427933 0.0501357 0.0568616 0.0624629 0.0665174 0.0687682 0.0691304 0.0676776 0.0646228 0.0602738 0.0549715 0.0490372 0.0427449 0.0363197 0.0299531 0.0238287 0.018142 0.0130984 0.00888119 0.00560087
 0.00937026 0.0147008 0.0211746 0.0284758 0.0363137 0.0443935 0.0522868 0.059393 0.0650706 0.0688256 0.0704186 0.0698748 0.0674432 0.0635213 0.0585512 0.0529236 0.0469313 0.0407758 0.0346019 0.0285361 0.0227177 0.0173152 0.0125176 0.00849919 0.00536773
 0.00908951 0.0142858 0.0206338 0.0278615 0.035731 0.0439998 0.0522753 0.0599473 0.0662925 0.0706618 0.0726327 0.0720936 0.0692658 0.0646429 0.0588464 0.0524593 0.0459137 0.0394655 0.0332364 0.0272854 0.0216756 0.0165125 0.0119428 0.00811675 0.00513235
 0.00889325 0.0139721 0.0201729 0.0272334 0.0349354 0.0430718 0.0513034 0.0590821 0.0657322 0.0706075 0.073219 0.0733203 0.0709638 0.0665043 0.0605173 0.0536558 0.0465056 0.0394909 0.0328525 0.0266908 0.0210432 0.0159557 0.0115129 0.00781875 0.00494504
 0.00882336 0.0138535 0.019984 0.0269481 0.0345252 0.0425126 0.0505878 0.0582354 0.064828 0.0697744 0.0726283 0.0731454 0.071319 0.0673857 0.0617794 0.0550472 0.047753 0.0403931 0.0333364 0.0268069 0.0209154 0.0157186 0.0112683 0.00762122 0.00480962
 0.00884974 0.013888 0.0200195 0.0269698 0.0345106 0.0424332 0.0504123 0.0579355 0.0643889 0.0692089 0.0719908 0.0725371 0.0708737 0.0672324 0.0619913 0.0556005 0.0485225 0.0411952 0.0339996 0.0272326 0.0210975 0.0157197 0.0111746 0.00750471 0.00471156
 0.00878933 0.0138058 0.0199249 0.0268801 0.0344443 0.0423995 0.0504026 0.0579231 0.0643357 0.0690783 0.0717624 0.0722193 0.070512 0.0669067 0.061797 0.0556137 0.0487639 0.041613 0.0344869 0.0276726 0.0214104 0.015885 0.0112217 0.00748396 0.00466783
