SBPRF35
12.7214
Curr Bio
876813
B35
887947
F35
0.169979
FOFL
0.162925
OFL
113899
Bzero
3.63469e+006
#pred survey bio
 3.60491e+006 3.47256e+006 3.35922e+006 3.19839e+006 3.01197e+006 2.7829e+006 2.53313e+006 2.30209e+006 2.08678e+006 1.8552e+006 1.64574e+006 1.48751e+006 1.3015e+006 1.14616e+006 996728 868789 784051 716351 671780 630936 597782 594049 592192 585374 571831 561433 566035 561440 558953 554953 556627 562338 569481 567732 582971 589008 604507 623344 632968 632891 632605 642127 646936 655615 670381 665984 669685 674367 684507 690319 699176 751456 809014 844285 860139 869311 868408 887693 904507 923016 920287 902912 881985 3.00184e+007 1.77237e+007 1.77722e+007 1.84689e+007 1.96236e+007 2.098e+007 2.23403e+007 2.35836e+007 2.46537e+007 2.55377e+007 2.62473e+007 2.68058e+007 2.72394e+007 2.75731e+007 2.78285e+007 2.80235e+007 2.81724e+007 2.82861e+007 2.83733e+007 2.84404e+007 2.84922e+007 2.85323e+007 2.85636e+007 2.85881e+007 2.86074e+007 2.86226e+007 2.86346e+007 2.86442e+007 2.86518e+007 2.86579e+007 2.86628e+007 2.86668e+007 2.86699e+007 2.86725e+007 2.86746e+007 2.86763e+007 2.86777e+007 2.86788e+007 2.86797e+007 2.86804e+007 2.8681e+007 2.86815e+007 2.86819e+007 2.86823e+007 2.86825e+007 2.86828e+007 2.86829e+007 2.86831e+007 2.86832e+007 2.86833e+007 2.86834e+007 2.86834e+007 2.86835e+007 2.86835e+007 2.86836e+007 2.86836e+007 2.86836e+007 2.86836e+007 2.86837e+007 2.86837e+007 2.86837e+007 2.86837e+007 2.86837e+007 2.86837e+007 2.86837e+007 2.86837e+007 2.86837e+007 2.86837e+007 2.86837e+007 2.86837e+007 2.86837e+007 2.86837e+007 2.86837e+007 2.86837e+007 2.86837e+007 2.86837e+007 2.86837e+007 2.86837e+007 2.86837e+007 2.86837e+007 2.86837e+007 2.86837e+007 2.86837e+007 2.86837e+007 2.86837e+007 2.86837e+007 2.86837e+007 2.86837e+007 2.86837e+007 2.86837e+007 2.86837e+007 2.86837e+007 2.86837e+007 2.86837e+007 2.86837e+007 2.86837e+007 2.86837e+007 2.86837e+007 2.86837e+007 2.86837e+007 0 0 0 0 0 0 0 0 0 0 0 0 0 0 0 0 0 0 0 0 0 0 0 0 0
#obs survey bio
 4.39155e+006 3.7125e+006 3.50363e+006 3.17695e+006 2.81703e+006 4.12417e+006 2.68776e+006 2.67806e+006 1.79955e+006 1.5156e+006 1.36309e+006 1.11783e+006 1.24276e+006 1.16794e+006 779024 922800 814965 503600 640140 492555 626036 438651 387582 747777 586676 692923 616015 500143 481013 547319 635770 744740 449026 529823 543735 579405 639280 580121 536335 523160 550992 825192 640712 496054 579310 658959 649844 466718 837830 822430 653899 838126 983272 1.09166e+006 662024 548474 1.13442e+006 766530 1.35653e+006 1.02865e+006 848060 893092 979167
#pred catch bio
 106661 96823.9 150211 186476 240934 276983 277459 280053 309784 301973 265659 296201 270588 264024 241467 200271 182982 161134 155684 146080 119543 117571 119919 122079 115853 101393 108305 105451 105682 99927 96218.1 95236.5 102682 88727 97828.3 91235.1 90439.2 99780.6 108246 107702 98921.4 103004 100076 95888.1 112577 105600 105565 102247 107414 106235 72315.1 71592.4 92068.9 108553 114631 124177 107798 110612 108796 125798 135913 134931 131579 113899 116367 115421 118555 125312 133643 142022 149596 155996 161158 165183 168240 170519 172192 173405 174277 174898 175339 175649 175868 176021 176128 176202 176254 176290 176315 176332 176344 176353 176358 176362 176365 176367 176368 176369 176370 176370 176370 176370 176371 176371 176371 176371 176371 176371 176371 176371 176371 176371 176371 176371 176371 176371 176371 176371 176371 176371 176371 176371 176371 176371 176371 176371 176371 176371 176371 176371 176371 176371 176371 176371 176371 176371 176371 176371 176371 176371 176371 176371 176371 176371 176371 176371 176371 176371 176371 176371 176371 176371 176371 176371 176371 176371 176371 176371 176371 176371 176371 176371 176371 0 0 0 0 0 0 0 0 0 0 0 0 0 0 0 0 0 0 0 0 0 0 0 0 0
#obs catch bio
 0 96372.3 150256 186451 241478 277543 278450 280955 311588 305016 267374 300152 273139 266578 244526 201736 183860 163529 158184 149254 120956 119590 122164 123002 116282 101369 108539 105855 106287 100445 96232 95310.2 103239 88733.5 98086.7 91769.4 90783.4 100313 108996 108754 99188.9 103061 100309 96167.8 112887 105708 105899 102678 107659 106983 72432.6 71744 92446.4 108803 114841 125139 108150 111370 108910 126002 136487 135053 131577
#pred cpue bio
 3.55701e+006 3.42636e+006 3.31415e+006 3.15354e+006 2.96717e+006 2.73852e+006 2.4894e+006 2.25887e+006 2.04406e+006 1.81347e+006 1.60513e+006 1.44774e+006 1.26356e+006 1.11006e+006 962795 836918 753559 686917 643040 603155 570962 567450 565894 559822 547308 537587 542241 537842 535485 531751 533596 539297 546308 544644 559510 565294 580284 598640 608044 608036 607962 617487 622262 630677 645094 640817 644347 648768 658503 664027 672515 723737 780717 815914 831533 840067 838737 857660 874600 893263 890902 874045 854204 2.9111e+007 1.72005e+007 1.71188e+007 1.76561e+007 1.87496e+007 2.00903e+007 2.14472e+007 2.26898e+007 2.37598e+007 2.46438e+007 2.53534e+007 2.59119e+007 2.63455e+007 2.66791e+007 2.69346e+007 2.71296e+007 2.72784e+007 2.73922e+007 2.74794e+007 2.75465e+007 2.75982e+007 2.76384e+007 2.76697e+007 2.76942e+007 2.77135e+007 2.77287e+007 2.77407e+007 2.77503e+007 2.77579e+007 2.7764e+007 2.77689e+007 2.77728e+007 2.7776e+007 2.77786e+007 2.77807e+007 2.77824e+007 2.77837e+007 2.77849e+007 2.77858e+007 2.77865e+007 2.77871e+007 2.77876e+007 2.7788e+007 2.77883e+007 2.77886e+007 2.77888e+007 2.7789e+007 2.77892e+007 2.77893e+007 2.77894e+007 2.77895e+007 2.77895e+007 2.77896e+007 2.77896e+007 2.77897e+007 2.77897e+007 2.77897e+007 2.77897e+007 2.77897e+007 2.77898e+007 2.77898e+007 2.77898e+007 2.77898e+007 2.77898e+007 2.77898e+007 2.77898e+007 2.77898e+007 2.77898e+007 2.77898e+007 2.77898e+007 2.77898e+007 2.77898e+007 2.77898e+007 2.77898e+007 2.77898e+007 2.77898e+007 2.77898e+007 2.77898e+007 2.77898e+007 2.77898e+007 2.77898e+007 2.77898e+007 2.77898e+007 2.77898e+007 2.77898e+007 2.77898e+007 2.77898e+007 2.77898e+007 2.77898e+007 2.77898e+007 2.77898e+007 2.77898e+007 2.77898e+007 2.77898e+007 2.77898e+007 2.77898e+007 2.77898e+007 2.77898e+007 2.77898e+007 2.77898e+007 0 0 0 0 0 0 0 0 0 0 0 0 0 0 0 0 0 0 0 0 0 0 0 0 0
#obs cpue bio
 6.14487e+006 3.59041e+006 3.50437e+006 1.98059e+006 2.56606e+006 2.00137e+006 1.64371e+006 1.85576e+006 2.19516e+006 1.44465e+006 1.82791e+006 1.50438e+006 1.30197e+006 1.04168e+006 926731 800064 785922 437268 538169 447497 556199 457193 636326 777252 619269 465344 480830 481118 533990 487988 639634 367941 563058 623088 609259 350557 577537 584987 625498 525925 945899 631051 506971 640168 988955 604710 565071 737857 668066 426498 549310 605782 725834 782542 989062 868670 648714 738313 865695 899790 758118 1.12643e+006 847435
#pred surv len freq
 0.00512465 0.00823425 0.012233 0.0170539 0.0225624 0.0284971 0.034432 0.039862 0.0443858 0.0478393 0.0502817 0.0518874 0.0528469 0.0533238 0.0534508 0.0533424 0.0531121 0.0528669 0.0526437 0.052285 0.0513289 0.0490571 0.0447908 0.0383284 0.0302297
 0.0053579 0.00852475 0.0125104 0.0172089 0.0224897 0.0281565 0.0338881 0.0392685 0.0439178 0.0476125 0.0503125 0.0521115 0.0531776 0.0537066 0.0538834 0.0538537 0.0537178 0.0535262 0.053244 0.0526681 0.0513543 0.0486718 0.0440638 0.0374268 0.0293465
 0.00557447 0.00887705 0.0130346 0.0179217 0.0233657 0.0291059 0.034755 0.0398716 0.0441262 0.047416 0.0498313 0.0515346 0.0526715 0.0533577 0.0537003 0.0538084 0.0537769 0.05365 0.0533642 0.0526794 0.0511426 0.0481697 0.0432976 0.0365157 0.0284518
 0.00578558 0.00921706 0.0135414 0.0186307 0.0243047 0.0302823 0.0361353 0.0413609 0.0455631 0.0485995 0.0505793 0.0517528 0.0523929 0.0527235 0.0528938 0.0529827 0.0530165 0.0529691 0.0527232 0.0520041 0.0503521 0.0472161 0.042202 0.035374 0.0273975
 0.00599575 0.00955383 0.0140398 0.0193221 0.0252135 0.0314204 0.037493 0.0428977 0.0472026 0.0502258 0.0520402 0.0528767 0.0530279 0.0527885 0.052413 0.0520769 0.0518515 0.0516909 0.0514149 0.0506817 0.0489931 0.0458054 0.0407701 0.0340049 0.0261997
 0.00626363 0.00997778 0.0146568 0.0201602 0.0262891 0.0327331 0.039019 0.0445859 0.0489775 0.0519956 0.0537013 0.0543127 0.0541099 0.0533888 0.0524361 0.0514955 0.0507239 0.0501436 0.0495968 0.04872 0.0469778 0.0438063 0.0388651 0.0322908 0.0247725
 0.00658531 0.0104856 0.0153932 0.0211552 0.0275566 0.0342649 0.0407767 0.0464976 0.050946 0.0539141 0.0554673 0.0558332 0.0552968 0.0541527 0.0526876 0.0511606 0.0497708 0.0486052 0.0475737 0.0463601 0.0444483 0.041274 0.0364887 0.0302115 0.023094
 0.00689888 0.0109828 0.0161182 0.0221419 0.0288235 0.0358085 0.0425616 0.0484525 0.0529703 0.0558942 0.0572936 0.0574093 0.056541 0.0549937 0.0530577 0.0509945 0.0490142 0.0472367 0.0456294 0.0439473 0.04174 0.0384859 0.0338447 0.0279056 0.0212542
 0.0071802 0.0114339 0.0167859 0.0230661 0.0300318 0.0373056 0.0443178 0.0503985 0.0550045 0.0578996 0.059155 0.0590246 0.0578251 0.0558774 0.0534831 0.0509091 0.04837 0.0460004 0.0438048 0.0416028 0.0390244 0.0356196 0.0310822 0.0254788 0.0193187
 0.00748468 0.0119239 0.0175141 0.0240791 0.0313616 0.0389576 0.0462564 0.0525405 0.0572282 0.0600655 0.0611282 0.0606894 0.0590926 0.0566852 0.0537903 0.0506867 0.047594 0.0446525 0.0418888 0.0391721 0.0362087 0.0326301 0.0281808 0.0229171 0.0172718
 0.00781137 0.0124376 0.0182559 0.0250779 0.0326329 0.0404996 0.0480426 0.0545123 0.0592952 0.0621143 0.0630354 0.0623358 0.0603746 0.0575233 0.0541307 0.0504975 0.0468572 0.0433608 0.0400535 0.0368444 0.0335061 0.029747 0.0253666 0.0204192 0.0152679
 0.00797117 0.012707 0.018679 0.0257021 0.0334995 0.0416289 0.0494201 0.0560854 0.0609833 0.0638262 0.0646816 0.0638316 0.0616375 0.0584728 0.0546923 0.0506085 0.0464714 0.0424521 0.0386229 0.0349352 0.0312224 0.0272629 0.0229077 0.0182137 0.0134847
 0.00822705 0.0131202 0.0192963 0.0265657 0.0346404 0.0430551 0.0511021 0.0579488 0.0629149 0.0656929 0.0663545 0.065205 0.06264 0.0590651 0.0548575 0.0503382 0.0457577 0.0412884 0.0370157 0.032924 0.0289012 0.02479 0.0204896 0.0160597 0.0117499
 0.00846791 0.0135006 0.0198485 0.0273144 0.035601 0.0442303 0.0524754 0.0594777 0.0645302 0.067304 0.0678587 0.0664991 0.0636328 0.0596889 0.0550731 0.0501318 0.0451312 0.0402518 0.0355882 0.0311474 0.0268595 0.02262 0.0183694 0.0141708 0.0102274
 0.00875023 0.0139517 0.0205122 0.0282246 0.0367737 0.0456522 0.0540935 0.0611989 0.0662367 0.0688779 0.0692024 0.0675425 0.0643296 0.060011 0.055007 0.0496772 0.0442996 0.0390644 0.034077 0.0293631 0.0248838 0.0205746 0.0164068 0.0124433 0.00884597
 0.00910068 0.0144926 0.0212731 0.0292152 0.0379849 0.0470578 0.0556471 0.0628291 0.0678483 0.0703619 0.0704526 0.0684723 0.0648835 0.0601676 0.0547725 0.0490752 0.0433612 0.0378239 0.0325745 0.0276523 0.0230428 0.0187108 0.0146489 0.0109156 0.00763564
 0.00942562 0.0149847 0.0219465 0.0300595 0.03897 0.0481426 0.0567849 0.0639707 0.068944 0.0713655 0.0713219 0.0691674 0.0653642 0.0603958 0.0547187 0.048725 0.0427175 0.0369056 0.0314149 0.0263014 0.0215718 0.0172141 0.0132354 0.009688 0.00666413
 0.00961287 0.0152952 0.0224233 0.030742 0.0398803 0.0492668 0.0580598 0.0652873 0.0701748 0.0724007 0.0720963 0.0696627 0.0655938 0.0603829 0.0544815 0.0482729 0.0420553 0.0360419 0.0303697 0.0251123 0.0202978 0.0159344 0.0120399 0.00865921 0.00585623
 0.00964049 0.0153462 0.0225129 0.0308923 0.0401203 0.0496289 0.0585715 0.0659583 0.0709835 0.073288 0.0729729 0.0704318 0.0661775 0.0607384 0.0546007 0.0481679 0.0417443 0.0355421 0.0297002 0.0243023 0.0193937 0.0150011 0.0111523 0.00788681 0.0052456
 0.00968694 0.0154206 0.0226231 0.0310457 0.0403237 0.0498884 0.0588919 0.0663429 0.0714328 0.0737963 0.0735222 0.0709858 0.0666825 0.061134 0.0548354 0.0482122 0.041593 0.0352085 0.029209 0.0236862 0.0186956 0.014275 0.010459 0.00728215 0.00476717
 0.00984025 0.0156412 0.0229024 0.0313582 0.0406354 0.0501701 0.0591293 0.066539 0.0716024 0.0739586 0.0736937 0.0711753 0.066886 0.0613317 0.0549935 0.0482905 0.0415565 0.0350376 0.0289033 0.0232645 0.0181925 0.0137367 0.00993686 0.00682271 0.00440173
 0.00974222 0.0154945 0.0227046 0.0311143 0.0403553 0.0498648 0.0588112 0.0662257 0.0713228 0.0737544 0.0736128 0.0712576 0.0671478 0.0617561 0.055531 0.0488693 0.0420986 0.0354749 0.0291908 0.0233867 0.0181631 0.0135926 0.00972779 0.00659885 0.00420241
 0.00945416 0.0150749 0.0221638 0.0304938 0.0397166 0.049271 0.0583108 0.0658477 0.0710793 0.0736465 0.0736377 0.0714139 0.0674366 0.0621763 0.0560693 0.049492 0.0427514 0.0360917 0.0297097 0.0237648 0.0183863 0.013676 0.00970785 0.00652082 0.00410714
 0.00931476 0.0148424 0.0218055 0.0299822 0.0390432 0.0484632 0.0574433 0.0650326 0.0704344 0.0732566 0.0735305 0.0715638 0.0677895 0.0626752 0.0566688 0.0501569 0.0434467 0.0367752 0.0303327 0.0242818 0.0187678 0.0139171 0.00982783 0.00655469 0.00409302
 0.00940857 0.0149648 0.0219326 0.0300699 0.0390351 0.0483066 0.0571071 0.0645216 0.069796 0.072576 0.0729126 0.0711047 0.0675492 0.0626653 0.0568601 0.0504989 0.0438849 0.0372584 0.0308131 0.0247159 0.0191207 0.0141701 0.0099825 0.00662968 0.0041155
 0.00953999 0.0151595 0.0221889 0.0303699 0.0393442 0.048576 0.0572785 0.0645367 0.0696122 0.0721849 0.0723528 0.070459 0.0669237 0.0621601 0.0565418 0.0503879 0.0439594 0.0374698 0.0311024 0.0250261 0.0194052 0.0143977 0.0101406 0.00672287 0.00415963
 0.00952507 0.0151356 0.0221539 0.0303216 0.0392808 0.048496 0.0571795 0.0644145 0.0694594 0.0719922 0.0721142 0.0701799 0.0666288 0.0618936 0.0563574 0.0503312 0.0440511 0.0376982 0.0314278 0.0253942 0.0197621 0.0147025 0.0103716 0.00687784 0.00425095
 0.00952343 0.0151417 0.0221788 0.0303798 0.0393849 0.048649 0.0573688 0.0646114 0.0696262 0.0720919 0.0721186 0.0700753 0.0664191 0.0616017 0.0560253 0.0500134 0.0438018 0.0375554 0.0314021 0.0254674 0.0198966 0.0148559 0.0105099 0.00698272 0.00431903
 0.00945315 0.015038 0.022043 0.0302219 0.039223 0.0485069 0.057272 0.0645816 0.0696736 0.0722084 0.0722773 0.0702366 0.0665429 0.0616606 0.0560122 0.0499438 0.0437088 0.0374783 0.031373 0.0254995 0.0199816 0.0149701 0.0106259 0.00707977 0.00438811
 0.0094257 0.0149908 0.0219677 0.0301104 0.039071 0.0483189 0.0570652 0.0643855 0.069523 0.0721335 0.0722926 0.0703358 0.0667 0.0618375 0.0561711 0.0500593 0.0437753 0.0375096 0.0313935 0.0255325 0.0200385 0.0150477 0.0107108 0.00715686 0.00444747
 0.00946325 0.0150323 0.0219939 0.0300916 0.038975 0.0481238 0.0567715 0.06402 0.0691337 0.071778 0.0720249 0.0701945 0.0666998 0.0619657 0.056392 0.0503256 0.0440425 0.0377482 0.0315934 0.0256983 0.0201805 0.0151728 0.0108196 0.00724579 0.00451357
 0.0094664 0.0150374 0.0220006 0.0300965 0.0389692 0.0480905 0.0566872 0.0638615 0.0688903 0.0714627 0.0716778 0.0698743 0.0664653 0.061858 0.0564231 0.050477 0.0442748 0.0380154 0.0318565 0.0259334 0.0203784 0.0153337 0.0109465 0.00734183 0.00458171
 0.00939851 0.0149391 0.0218751 0.0299547 0.0388264 0.0479609 0.0565787 0.0637726 0.0688101 0.071375 0.0715692 0.0697432 0.0663285 0.0617478 0.0563759 0.0505181 0.0444074 0.0382201 0.0320999 0.0261806 0.0206028 0.0155208 0.0110921 0.00744817 0.00465431
 0.00948764 0.0150648 0.0220288 0.0301174 0.0389746 0.0480762 0.0566546 0.0638133 0.0688231 0.0713622 0.0715231 0.0696505 0.0661801 0.0615489 0.0561494 0.0503001 0.0442344 0.0381158 0.032068 0.0262069 0.0206642 0.0155943 0.0111615 0.0075047 0.00469555
 0.0094998 0.0150729 0.0220196 0.0300705 0.0388679 0.0478939 0.0563957 0.0634964 0.0684854 0.0710516 0.0712859 0.0695182 0.0661596 0.061623 0.0562872 0.050472 0.0444225 0.0383142 0.0322758 0.0264199 0.0208716 0.0157818 0.0113167 0.00762185 0.00477595
 0.00950862 0.0150991 0.0220795 0.0301834 0.0390464 0.048132 0.0566603 0.0637322 0.0686325 0.0710692 0.0711683 0.0692952 0.0658828 0.0613456 0.0560482 0.0502894 0.0442977 0.038241 0.0322468 0.0264282 0.0209086 0.0158363 0.011376 0.0076753 0.00481741
 0.00944362 0.0149951 0.0219275 0.0299798 0.0387981 0.0478611 0.0564046 0.0635365 0.0685311 0.0710696 0.0712468 0.0694101 0.0659963 0.0614397 0.056127 0.050369 0.0443929 0.0383577 0.0323817 0.0265727 0.0210524 0.0159694 0.0114902 0.00776524 0.00488187
 0.00934823 0.0148485 0.0217227 0.0297156 0.0384792 0.0474981 0.056016 0.0631517 0.0681906 0.0708185 0.0711226 0.0694287 0.066145 0.0616826 0.0564197 0.0506749 0.0446914 0.0386415 0.0326492 0.0268213 0.0212768 0.0161627 0.011647 0.00788349 0.00496396
 0.00924064 0.0146945 0.0215291 0.0295016 0.0382694 0.0473127 0.0558634 0.0630278 0.0680851 0.0707238 0.071041 0.0693736 0.0661352 0.0617323 0.0565307 0.0508352 0.0448809 0.0388408 0.032845 0.0270059 0.021445 0.01631 0.0117688 0.0079773 0.00503035
 0.0091326 0.0145368 0.0213259 0.0292697 0.0380356 0.0471077 0.0557148 0.0629538 0.068089 0.0707918 0.0711449 0.0694818 0.0662252 0.0617991 0.0565848 0.0508932 0.0449552 0.0389343 0.0329528 0.0271197 0.0215565 0.0164119 0.011856 0.00804637 0.0050805
 0.00913783 0.0145278 0.021281 0.0291605 0.0378377 0.0468158 0.0553542 0.0625785 0.0677658 0.0705763 0.0710639 0.069528 0.0663659 0.0619917 0.0567926 0.0510943 0.045143 0.039111 0.0331215 0.0272798 0.021704 0.0165412 0.0119623 0.00812773 0.00513787
 0.00915682 0.0145453 0.0212817 0.0291199 0.0377255 0.0466041 0.0550279 0.0621453 0.0672616 0.0700642 0.0706225 0.0692298 0.066255 0.062071 0.0570272 0.0514287 0.0455211 0.0394901 0.0334755 0.0275955 0.0219746 0.0167635 0.0121355 0.00825423 0.00522351
 0.00920676 0.0146234 0.0213926 0.0292628 0.0378912 0.0467713 0.0551617 0.0622017 0.0672001 0.0698639 0.0702954 0.0688237 0.0658416 0.0617247 0.056802 0.051344 0.0455622 0.0396205 0.0336535 0.0277862 0.0221546 0.0169193 0.0122608 0.0083479 0.00528815
 0.00916654 0.0145681 0.0213279 0.0292009 0.0378474 0.0467587 0.0551854 0.062255 0.0672634 0.0699078 0.0702885 0.0687444 0.06569 0.0615274 0.0566054 0.0511978 0.0455012 0.0396533 0.0337637 0.0279431 0.0223256 0.0170789 0.0123938 0.00844845 0.00535752
 0.00908135 0.0144345 0.0211368 0.0289494 0.0375416 0.0464173 0.0548413 0.0619512 0.0670425 0.0697976 0.0702916 0.0688376 0.0658346 0.0616854 0.056754 0.0513361 0.0456445 0.0398207 0.0339644 0.02817 0.022559 0.0172954 0.0125751 0.00858595 0.00545207
 0.00916954 0.0145672 0.0213161 0.0291685 0.037785 0.0466621 0.0550597 0.0621155 0.0671314 0.0698034 0.0702221 0.0687108 0.0656696 0.0614953 0.0565461 0.0511174 0.045428 0.0396261 0.0338123 0.0280735 0.0225179 0.0172973 0.0126018 0.00862047 0.00548314
 0.00922306 0.0146459 0.0214193 0.0292898 0.0379146 0.046789 0.0551735 0.0622068 0.0671915 0.069825 0.0702013 0.0686497 0.0655764 0.0613814 0.0564225 0.0509916 0.0453054 0.039513 0.0337176 0.0280066 0.0224839 0.017294 0.0126199 0.00864807 0.00551026
 0.00925406 0.0146962 0.0214944 0.0293938 0.0380481 0.0469467 0.0553426 0.062368 0.0673241 0.0699123 0.0702346 0.0686286 0.0655068 0.0612733 0.0562878 0.0508429 0.0451542 0.0393693 0.0335904 0.0279035 0.0224102 0.0172504 0.012602 0.00864755 0.0055182
 0.00923924 0.0146736 0.0214634 0.0293558 0.0380069 0.046909 0.0553176 0.0623649 0.0673488 0.0699637 0.0703042 0.068703 0.0655721 0.0613194 0.0563101 0.0508418 0.0451342 0.0393372 0.0335539 0.0278702 0.022386 0.0172384 0.0126017 0.00865543 0.00552953
 0.00926736 0.014716 0.0215208 0.0294265 0.038087 0.0469929 0.0553993 0.0624387 0.0674103 0.0700109 0.0703369 0.0687211 0.0655742 0.0613026 0.0562715 0.0507809 0.0450542 0.0392448 0.0334579 0.02778 0.0223094 0.0171803 0.012563 0.00863366 0.00551987
 0.00916824 0.0145777 0.021355 0.0292581 0.0379469 0.0469064 0.0553771 0.0624753 0.0674895 0.0701145 0.0704501 0.0688346 0.0656828 0.0614022 0.0563578 0.0508492 0.0451006 0.0392685 0.0334617 0.0277699 0.0222929 0.017164 0.0125511 0.00862739 0.00551824
 0.00874775 0.0139277 0.0204418 0.0280794 0.036539 0.0453506 0.0538016 0.0610452 0.0663746 0.0694463 0.0702895 0.069165 0.0664266 0.0624481 0.0575849 0.052145 0.0463715 0.0404445 0.0344973 0.0286413 0.0229944 0.017703 0.0129445 0.00889813 0.00569245
 0.00853068 0.0135608 0.0198648 0.0272302 0.0353712 0.0438596 0.052051 0.0591742 0.0645794 0.0679395 0.0692551 0.0687217 0.0666085 0.0632038 0.0587955 0.0536539 0.0480163 0.0420814 0.0360155 0.029967 0.0240888 0.0185572 0.0135728 0.0093311 0.00597004
 0.00860085 0.0136505 0.0199522 0.0272728 0.0353078 0.0436192 0.0515667 0.058403 0.0635246 0.06667 0.0679075 0.0674789 0.0656573 0.0626868 0.0587769 0.0541091 0.0488468 0.0431463 0.0371664 0.0310764 0.0250657 0.0193518 0.014172 0.00974989 0.00624032
 0.0087945 0.0139476 0.0203643 0.0277943 0.0359107 0.0442493 0.0521403 0.0588115 0.0636532 0.0664285 0.0672637 0.0664813 0.0644358 0.0614287 0.0576809 0.0533335 0.0484708 0.0431585 0.0374819 0.0315727 0.0256205 0.0198698 0.0145969 0.0100625 0.00644832
 0.00877725 0.0139534 0.020435 0.0279877 0.0362836 0.0448298 0.0529038 0.0596735 0.0644837 0.0670804 0.0676051 0.0664243 0.0639599 0.0605942 0.0566237 0.0522361 0.0475139 0.0424721 0.0371153 0.0314944 0.0257454 0.0200968 0.0148409 0.0102704 0.00659936
 0.00865099 0.0137769 0.0202248 0.0277831 0.0361431 0.044821 0.0530887 0.0600904 0.0651271 0.0678863 0.0684517 0.0671553 0.0644257 0.0606959 0.0563442 0.0516473 0.0467562 0.0417115 0.0364927 0.0310877 0.0255591 0.0200801 0.0149206 0.0103808 0.00669868
 0.00843482 0.0134371 0.019737 0.0271382 0.0353561 0.043941 0.052207 0.0593341 0.0646344 0.0677663 0.0687463 0.0678189 0.0653316 0.0616688 0.0572099 0.0522835 0.0471252 0.0418602 0.036521 0.0311005 0.0256248 0.0202146 0.0150984 0.0105612 0.00684915
 0.00832398 0.0132533 0.0194539 0.0267287 0.0347987 0.0432301 0.051365 0.0584207 0.0637461 0.0670242 0.0682735 0.0677091 0.0656184 0.0623063 0.0580788 0.0532246 0.0479895 0.0425543 0.0370261 0.0314569 0.0258954 0.0204486 0.0153148 0.0107541 0.00700483
 0.00828069 0.0131756 0.0193226 0.02652 0.0344868 0.0427939 0.0507959 0.0577302 0.0629699 0.0662243 0.0675363 0.0671371 0.0653105 0.0623304 0.058445 0.0538729 0.0488042 0.043401 0.0377948 0.0320906 0.0263892 0.0208277 0.0156081 0.0109801 0.0071721
 0.00824718 0.0131377 0.0192949 0.0265228 0.0345361 0.0428871 0.0509023 0.0577936 0.0629256 0.0660239 0.0671683 0.0666372 0.0647576 0.0618295 0.0580989 0.0537509 0.0489183 0.0437031 0.0381993 0.032509 0.02676 0.0211255 0.0158341 0.0111464 0.00729068
 0.00794019 0.0127087 0.0187796 0.0259999 0.034107 0.0426417 0.0508878 0.0580004 0.0632923 0.0664539 0.0675542 0.0668882 0.0648262 0.0617269 0.0578917 0.0535362 0.0487876 0.0437098 0.0383438 0.0327488 0.027035 0.0213842 0.0160475 0.0113064 0.00740209
 0.00750623 0.0120492 0.0178764 0.024876 0.0328316 0.0413294 0.0496918 0.0570896 0.0628086 0.0664629 0.0680169 0.0676737 0.0657587 0.0626444 0.0586901 0.0541861 0.0493214 0.0441879 0.0388176 0.0332358 0.0275178 0.0218271 0.0164175 0.0115872 0.0075961
#obs surv len freq
 nan nan nan nan nan nan nan nan nan nan nan nan nan nan nan nan nan nan nan nan nan nan nan nan nan
 0.00448679 0.00734895 0.0111795 0.0159958 0.0216957 0.0279699 0.0342824 0.0400122 0.0446909 0.0481542 0.0505121 0.0520082 0.0529008 0.0534136 0.0537282 0.0539833 0.0542621 0.0545549 0.0546938 0.0542857 0.0527238 0.049356 0.0438058 0.0362859 0.0276696
 0.00461485 0.00756045 0.0115035 0.0164603 0.0223204 0.0287554 0.0351997 0.0410005 0.0456663 0.0490274 0.0512052 0.0524665 0.0530974 0.0533488 0.053425 0.0534795 0.0536013 0.0537799 0.0538435 0.0533973 0.0518361 0.0485122 0.0430509 0.0356579 0.0271897
 0.00477184 0.00781731 0.0118933 0.0170153 0.0230665 0.029702 0.0363293 0.0422621 0.0469791 0.0502924 0.0523195 0.0533368 0.0536514 0.053544 0.0532523 0.0529608 0.0527822 0.0527203 0.05261 0.05206 0.0504698 0.047197 0.0418659 0.0346687 0.0264322
 0.00496404 0.00813027 0.0123653 0.0176824 0.023956 0.0308219 0.0376574 0.0437415 0.0485251 0.0518064 0.0537014 0.0544922 0.0544958 0.0540076 0.0532881 0.0525515 0.0519441 0.0515015 0.0510856 0.0503274 0.0486442 0.045405 0.0402325 0.0332957 0.0253769
 0.00517413 0.00847623 0.0128941 0.0184403 0.0249791 0.032122 0.0392068 0.0454687 0.0503259 0.0535642 0.055306 0.0558484 0.0555237 0.0546404 0.0534711 0.0522465 0.0511362 0.0502089 0.0493668 0.0482844 0.04642 0.0431711 0.0381647 0.0315405 0.0240197
 0.00541195 0.00886212 0.0134738 0.0192569 0.0260659 0.033491 0.0408353 0.0472933 0.0522481 0.0554668 0.0570702 0.0573665 0.056705 0.0554124 0.053777 0.0520429 0.0503953 0.0489268 0.0475785 0.0460786 0.0439458 0.0406278 0.0357697 0.0294829 0.0224156
 0.00567155 0.00928792 0.0141213 0.0201794 0.0273033 0.0350525 0.0426832 0.049339 0.0543668 0.0575239 0.058943 0.0589536 0.057926 0.056203 0.0540855 0.0518276 0.049625 0.0475883 0.0456917 0.0437178 0.0412558 0.0378202 0.0330906 0.0271562 0.0205868
 0.00589954 0.00966528 0.014702 0.0210186 0.0284475 0.0365226 0.0444572 0.0513438 0.0564877 0.0596249 0.0608896 0.0606282 0.0592349 0.0570767 0.0544736 0.0516921 0.0489363 0.046329 0.0438717 0.041398 0.0385694 0.0349753 0.0303409 0.0247424 0.0186729
 0.00614602 0.0100667 0.0153077 0.0218757 0.0295931 0.0379711 0.0461854 0.0532851 0.0585389 0.0616638 0.0627922 0.0622811 0.0605415 0.0579608 0.054879 0.0515791 0.0482777 0.04511 0.0421011 0.0391293 0.0359248 0.0321537 0.0275924 0.0223115 0.0167324
 0.00638193 0.0104552 0.0159014 0.0227262 0.0307402 0.0394261 0.0479154 0.0552085 0.0605398 0.0636157 0.0645798 0.0638088 0.0617337 0.058757 0.0552313 0.0514492 0.0476365 0.0439407 0.0404092 0.0369623 0.0333946 0.0294449 0.0249422 0.0199562 0.014843
 0.00661937 0.0108427 0.0164876 0.0235575 0.0318522 0.0408298 0.0495822 0.057064 0.0624726 0.0654983 0.0662898 0.0652444 0.0628191 0.0594423 0.0554854 0.0512516 0.0469714 0.0427978 0.0387942 0.0349168 0.031018 0.0269045 0.0224551 0.0177415 0.0130617
 0.00682566 0.0111867 0.0170209 0.0243329 0.032912 0.0421877 0.0512061 0.0588714 0.0643444 0.0673039 0.0679092 0.066581 0.0638026 0.0600274 0.0556475 0.0509814 0.0462675 0.041664 0.0372453 0.032995 0.0288128 0.0245639 0.0201718 0.0157109 0.011428
 0.00705539 0.011556 0.0175696 0.0250961 0.0339149 0.0434368 0.0526775 0.0605046 0.0660459 0.0689609 0.0694073 0.0678188 0.0647025 0.0605396 0.0557487 0.0506684 0.0455489 0.0405559 0.0357737 0.0312068 0.0267926 0.0224429 0.0181172 0.0138914 0.00996765
 0.00725766 0.0118927 0.0180899 0.0258485 0.0349348 0.0447278 0.0541957 0.0621574 0.0677106 0.0705139 0.0707463 0.0688702 0.0654182 0.0608904 0.0557213 0.0502631 0.044778 0.0394411 0.0343479 0.0295215 0.0249289 0.020518 0.0162752 0.0122741 0.00867696
 0.00741887 0.0121545 0.0184841 0.0264061 0.0356816 0.045677 0.0553371 0.0634495 0.0690809 0.0718673 0.0719803 0.0698909 0.0661536 0.0612967 0.0557807 0.0499768 0.0441592 0.0385122 0.0331419 0.0280888 0.0233451 0.0188872 0.0147206 0.0109142 0.00759506
 0.00752417 0.0123303 0.0187571 0.026804 0.0362273 0.04638 0.0561854 0.0644077 0.0700967 0.0728816 0.0729342 0.0707274 0.0668173 0.0617372 0.0559585 0.0498685 0.0437596 0.0378326 0.03221 0.0269503 0.0220682 0.0175635 0.0134557 0.00980748 0.00671525
 0.00758581 0.0124258 0.0188929 0.026985 0.0364593 0.0466713 0.0565468 0.0648484 0.0706187 0.0734743 0.0735721 0.0713721 0.0674217 0.0622498 0.0563279 0.0500487 0.0437159 0.0375476 0.0316879 0.0262203 0.0211858 0.0166073 0.0125171 0.0089727 0.0060449
 0.00765874 0.012537 0.0190464 0.0271793 0.0366877 0.0469239 0.0568119 0.0651162 0.0708848 0.0737424 0.0738522 0.0716727 0.0677411 0.0625698 0.0566142 0.0502564 0.0437985 0.0374668 0.0314232 0.0257762 0.0205957 0.0159309 0.0118297 0.0083479 0.00553627
 0.00773368 0.0126556 0.0192181 0.0274096 0.0369751 0.047257 0.0571678 0.0654623 0.0711871 0.0739766 0.0740118 0.0717697 0.0677987 0.0626109 0.0566499 0.0502797 0.0437847 0.0373818 0.0312354 0.0254698 0.0201797 0.0154408 0.01132 0.00787647 0.00514776
 0.00777561 0.0127179 0.0193013 0.0275109 0.0370905 0.0473833 0.0573037 0.0656069 0.0713376 0.0741259 0.0741497 0.0718869 0.0678908 0.0626807 0.0567041 0.0503226 0.0438112 0.0373751 0.0311713 0.0253276 0.0199534 0.0151461 0.0109919 0.00755833 0.00487669
 0.00780383 0.0127591 0.0193546 0.0275721 0.0371533 0.0474405 0.05735 0.0656406 0.0713615 0.0741475 0.0741784 0.07193 0.0679504 0.0627528 0.0567818 0.0503978 0.0438756 0.0374176 0.0311772 0.0252817 0.0198469 0.0149838 0.0107938 0.00735412 0.00469501
 0.00784038 0.0128123 0.0194231 0.0276502 0.0372321 0.0475103 0.057402 0.0656689 0.0713641 0.0741275 0.0741444 0.0718943 0.0679258 0.0627483 0.0567999 0.0504343 0.0439209 0.0374589 0.0312005 0.0252736 0.0197985 0.0148949 0.0106752 0.00722462 0.00457498
 0.00785109 0.012828 0.0194433 0.027673 0.037254 0.0475267 0.0574079 0.0656599 0.0713384 0.0740873 0.0740964 0.0718486 0.0678931 0.0627377 0.0568161 0.0504766 0.0439827 0.0375288 0.0312642 0.0253169 0.0198108 0.0148727 0.0106239 0.00715662 0.00450524
 0.00785726 0.0128374 0.019456 0.0276886 0.0372714 0.0475439 0.0574221 0.0656678 0.0713366 0.0740736 0.0740705 0.0718137 0.0678552 0.062705 0.0567968 0.0504763 0.0440028 0.0375651 0.0313075 0.0253554 0.0198338 0.0148738 0.0106035 0.00712135 0.00446486
 0.0078763 0.0128597 0.0194739 0.0276902 0.0372443 0.0474813 0.0573274 0.0655544 0.0712233 0.073978 0.0740041 0.0717801 0.0678522 0.0627276 0.0568397 0.0505356 0.044075 0.037646 0.0313908 0.0254327 0.0198962 0.0149151 0.0106221 0.00712112 0.00445308
 0.00789369 0.0128889 0.019519 0.0277536 0.0373243 0.0475691 0.0574059 0.0656023 0.0712233 0.073925 0.0739086 0.0716635 0.0677381 0.0626335 0.0567744 0.0504999 0.0440654 0.0376571 0.0314161 0.0254649 0.0199277 0.0149393 0.0106353 0.00712345 0.00444774
 0.00786109 0.0128385 0.0194484 0.0276634 0.0372187 0.0474566 0.0572987 0.0655135 0.0711621 0.0738932 0.0739005 0.0716707 0.0677553 0.0626611 0.0568163 0.0505597 0.044143 0.0377479 0.0315128 0.0255591 0.0200116 0.0150069 0.0106839 0.00715367 0.00446322
 0.00786278 0.012834 0.0194284 0.0276155 0.0371313 0.0473253 0.0571308 0.0653289 0.070988 0.0737554 0.0738162 0.0716443 0.0677802 0.0627244 0.0569047 0.0506636 0.0442563 0.0378666 0.0316322 0.0256731 0.0201135 0.0150912 0.0107474 0.00719671 0.00448902
 0.00784811 0.01281 0.0193916 0.0275616 0.0370553 0.0472215 0.0569952 0.0651622 0.0707989 0.0735628 0.0736459 0.0715233 0.0677274 0.0627453 0.0569909 0.0507974 0.044418 0.0380387 0.0318017 0.0258304 0.0202513 0.0152044 0.0108338 0.00725708 0.00452726
 0.00782478 0.0127713 0.0193322 0.0274764 0.036941 0.0470785 0.0568292 0.0649835 0.0706204 0.0733969 0.0735041 0.0714166 0.0676674 0.0627424 0.0570503 0.0509157 0.0445824 0.0382307 0.0320016 0.026021 0.0204202 0.0153438 0.0109406 0.00733269 0.00457618
 0.00783711 0.0127866 0.0193461 0.0274818 0.0369289 0.0470412 0.0567622 0.0648876 0.070501 0.0732632 0.0733673 0.0712886 0.0675599 0.0626662 0.0570149 0.0509272 0.0446415 0.0383308 0.0321297 0.0261607 0.0205555 0.0154625 0.0110355 0.00740186 0.00462208
 0.00778966 0.0127144 0.0192468 0.0273561 0.0367804 0.0468751 0.0565854 0.0647085 0.0703307 0.0731138 0.0732508 0.0712147 0.0675343 0.0626901 0.0570858 0.0510403 0.0447905 0.0385075 0.032323 0.0263569 0.02074 0.0156226 0.0111633 0.00749525 0.00468432
 0.00773711 0.0126281 0.0191157 0.027171 0.0365374 0.0465805 0.056259 0.0643825 0.0700415 0.072892 0.0731143 0.0711675 0.0675704 0.0627982 0.0572527 0.0512523 0.0450339 0.038769 0.0325891 0.026614 0.0209744 0.015823 0.0113224 0.00761165 0.0047622
 0.00772645 0.0126044 0.0190682 0.0270854 0.0363994 0.0463811 0.0560002 0.0640798 0.0697228 0.0725922 0.0728681 0.0710022 0.067501 0.0628257 0.0573665 0.0514347 0.0452648 0.0390284 0.0328587 0.0268769 0.0212157 0.0160304 0.0114882 0.00773403 0.00484487
 0.00769582 0.0125567 0.019 0.026994 0.0362819 0.046234 0.0558203 0.0638664 0.0694811 0.0723366 0.0726218 0.0707942 0.0673595 0.0627712 0.0574067 0.0515637 0.0454657 0.0392783 0.0331326 0.0271514 0.021471 0.0162514 0.0116659 0.00786567 0.00493424
 0.00766743 0.0125128 0.0189381 0.0269133 0.0361838 0.0461212 0.0556968 0.0637365 0.0693479 0.0722012 0.0724851 0.0706604 0.067239 0.0626809 0.0573656 0.0515866 0.0455572 0.0394312 0.0333298 0.0273705 0.0216889 0.0164485 0.0118289 0.0079891 0.00501937
 0.00764952 0.0124814 0.018887 0.0268359 0.0360752 0.0459816 0.0555338 0.0635645 0.0691845 0.0720613 0.0723766 0.0705838 0.0671906 0.0626576 0.0573688 0.0516224 0.0456334 0.0395513 0.0334897 0.0275572 0.0218835 0.0166316 0.011985 0.00810977 0.00510391
 0.00763838 0.0124645 0.0188634 0.0268048 0.0360353 0.0459304 0.0554676 0.0634807 0.0690834 0.0719488 0.0722633 0.0704819 0.0671103 0.0626043 0.0573439 0.0516261 0.045667 0.039617 0.0335875 0.027682 0.0220242 0.0167729 0.012112 0.00821221 0.00517804
 0.00760482 0.0124157 0.0188009 0.0267337 0.0359628 0.0458634 0.0554106 0.0634344 0.0690453 0.0719142 0.0722277 0.0704437 0.0670715 0.0625709 0.057323 0.0516239 0.0456874 0.0396622 0.0336575 0.0277739 0.0221311 0.0168841 0.0122158 0.00829877 0.00524259
 0.00759343 0.0123927 0.0187582 0.0266625 0.0358568 0.0457243 0.0552508 0.063276 0.0689125 0.0718247 0.0721867 0.0704446 0.0671015 0.0626172 0.0573775 0.051684 0.0457547 0.0397393 0.0337463 0.0278736 0.0222375 0.0169901 0.0123127 0.00837947 0.00530309
 0.00757532 0.0123663 0.0187237 0.026621 0.0358087 0.0456673 0.0551804 0.0631879 0.0688076 0.0717121 0.072083 0.0703676 0.0670633 0.0626197 0.0574137 0.0517431 0.0458274 0.0398201 0.0338331 0.0279651 0.0223313 0.0170817 0.0123961 0.00844901 0.00535569
 0.00756624 0.0123503 0.0186977 0.0265818 0.0357546 0.0455996 0.0551038 0.0631093 0.0687332 0.0716449 0.0720233 0.0703162 0.067024 0.0625991 0.0574181 0.0517745 0.0458822 0.0398919 0.0339149 0.0280515 0.0224178 0.0171639 0.0124696 0.00850982 0.00540164
 0.00754287 0.0123166 0.0186546 0.0265326 0.0357035 0.0455494 0.0550554 0.0630618 0.0686859 0.0715991 0.0719816 0.0702818 0.0669993 0.062586 0.0574188 0.0517914 0.0459172 0.0399441 0.0339809 0.0281258 0.0224944 0.0172372 0.0125347 0.00856328 0.00544182
 0.0075387 0.0123065 0.0186337 0.0264952 0.0356451 0.0454707 0.0549635 0.0629692 0.0686062 0.0715412 0.0719478 0.0702687 0.0670016 0.0625994 0.0574411 0.0518227 0.0459583 0.0399958 0.0340424 0.0281944 0.0225655 0.0173055 0.0125953 0.0086127 0.00547867
 0.00752001 0.0122787 0.0185964 0.0264489 0.0355909 0.0454083 0.054892 0.0628886 0.0685197 0.0714566 0.0718766 0.0702216 0.0669847 0.0626124 0.0574788 0.0518779 0.0460248 0.0400696 0.0341206 0.0282743 0.0226438 0.0173781 0.0126581 0.00866301 0.00551556
 0.00752686 0.0122876 0.0186057 0.026456 0.0355927 0.0454031 0.0548793 0.0628691 0.0684937 0.0714236 0.0718358 0.0701742 0.0669355 0.0625689 0.0574479 0.0518641 0.0460288 0.040089 0.0341521 0.0283142 0.0226883 0.0174232 0.0126998 0.00869806 0.00554225
 0.00751349 0.0122707 0.0185892 0.026446 0.0355951 0.0454206 0.0549091 0.0629033 0.0685225 0.0714391 0.0718344 0.0701563 0.0669042 0.062529 0.0574059 0.0518267 0.0460018 0.0400759 0.0341535 0.0283282 0.0227112 0.0174507 0.0127279 0.0087231 0.00556211
 0.00748331 0.0122218 0.0185164 0.026346 0.035469 0.0452761 0.0547621 0.0627749 0.0684329 0.0714001 0.0718454 0.0702065 0.0669785 0.0626134 0.057491 0.0519081 0.0460788 0.0401497 0.0342253 0.028398 0.0227776 0.0175109 0.0127791 0.00876354 0.00559144
 0.00749142 0.0122304 0.0185207 0.0263384 0.0354408 0.0452207 0.0546781 0.0626681 0.0683162 0.0712908 0.0717609 0.0701594 0.0669724 0.0626433 0.0575456 0.0519752 0.0461491 0.0402181 0.03429 0.0284586 0.0228337 0.0175614 0.0128222 0.00879783 0.0056165
 0.00749142 0.0122304 0.0185207 0.0263384 0.0354408 0.0452207 0.0546781 0.0626681 0.0683162 0.0712908 0.0717609 0.0701594 0.0669724 0.0626433 0.0575456 0.0519752 0.0461491 0.0402181 0.03429 0.0284586 0.0228337 0.0175614 0.0128222 0.00879783 0.0056165
 0.00716795 0.0117187 0.017779 0.0253427 0.0341958 0.0437729 0.0531271 0.0611627 0.0670276 0.0703722 0.071312 0.0702094 0.0674842 0.0635296 0.0586908 0.0532574 0.0474583 0.0414675 0.0354197 0.029433 0.0236366 0.0181916 0.0132905 0.00912445 0.00582831
 0.00707389 0.011533 0.0174395 0.0247736 0.0333279 0.0425765 0.051641 0.0595023 0.0653648 0.0688974 0.070195 0.0695721 0.0673845 0.0639569 0.0595727 0.0544758 0.048873 0.0429404 0.0368335 0.0307017 0.0247079 0.0190438 0.0139274 0.00956919 0.00611633
 0.00709489 0.0115648 0.0174799 0.0248103 0.0333307 0.0424909 0.0513912 0.0590106 0.0645864 0.0678549 0.0689923 0.0683761 0.0663809 0.0633015 0.059355 0.054705 0.0494856 0.0438225 0.0378505 0.0317269 0.0256419 0.0198243 0.0145291 0.00999719 0.00639651
 0.0071388 0.0116444 0.0176141 0.0250196 0.0336289 0.0428721 0.0518168 0.0594043 0.064843 0.067865 0.0686779 0.0677248 0.0654657 0.0622703 0.0583919 0.0539765 0.0490949 0.0437886 0.0381165 0.0321888 0.0261839 0.0203485 0.0149714 0.0103304 0.00662269
 0.00718034 0.0117228 0.0177523 0.0252458 0.0339703 0.0433433 0.0524084 0.0600748 0.0655191 0.0684489 0.0690609 0.0678092 0.0651928 0.0616482 0.0575077 0.052981 0.0481613 0.0430607 0.0376701 0.0320207 0.0262303 0.020519 0.0151817 0.0105221 0.00676817
 0.00714058 0.0116696 0.0176944 0.0252011 0.0339645 0.0434064 0.0525683 0.0603508 0.0659128 0.0689352 0.0695834 0.0682833 0.0655212 0.0617459 0.0573319 0.0525532 0.0475688 0.0424322 0.0371324 0.0316571 0.0260608 0.020508 0.0152654 0.0106384 0.00687462
 0.00701291 0.0114614 0.0173818 0.024766 0.0334046 0.0427474 0.0518732 0.059716 0.0654474 0.06873 0.0696822 0.0686695 0.0661199 0.0624418 0.0579974 0.0530841 0.0479137 0.0426049 0.0371979 0.0316973 0.0261372 0.0206407 0.0154368 0.0108134 0.00702257
 0.00700094 0.0114316 0.0173173 0.0246435 0.0331984 0.0424378 0.0514566 0.0592134 0.0649075 0.0682256 0.0692981 0.0684811 0.0661696 0.0627213 0.058446 0.0536053 0.0484075 0.0430008 0.0374747 0.0318794 0.0262708 0.0207651 0.0155675 0.0109437 0.00713664
 0.00694486 0.0113459 0.0171977 0.024488 0.0330048 0.0422017 0.0511708 0.0588719 0.0645125 0.0677956 0.0688729 0.0681198 0.0659393 0.0626771 0.0586103 0.053955 0.0488779 0.0435079 0.0379446 0.0322704 0.0265772 0.0210034 0.0157577 0.0110969 0.00725582
 0.0070425 0.0114946 0.0174025 0.0247459 0.0333045 0.042523 0.0514844 0.0591386 0.0646871 0.0678351 0.0687496 0.0678341 0.0655269 0.0622056 0.0581619 0.0536016 0.0486582 0.0434177 0.0379471 0.0323186 0.0266352 0.0210551 0.0158016 0.0111365 0.0072919
 0.00706982 0.0115552 0.0175226 0.0249575 0.0336345 0.0429773 0.0520352 0.0597246 0.0652277 0.0682519 0.0689837 0.0678543 0.065332 0.0618247 0.0576524 0.0530398 0.0481222 0.0429668 0.0376077 0.0320858 0.026485 0.0209613 0.0157449 0.0111051 0.007278
 0.00703867 0.0115049 0.0174493 0.0248622 0.0335283 0.0428859 0.0519987 0.0597864 0.065416 0.0685605 0.069366 0.0682356 0.0656338 0.0619894 0.057658 0.0529033 0.0478906 0.0427009 0.0373627 0.0318957 0.0263591 0.0208901 0.0157117 0.0110941 0.00727817
#pred catch len freq
 0.00417183 0.00661247 0.00966857 0.0132767 0.0174016 0.0220148 0.0270262 0.0322495 0.0374338 0.0423229 0.0466937 0.0503786 0.0532827 0.0553934 0.0567735 0.0575486 0.0578933 0.0579961 0.0579675 0.0576901 0.0566942 0.0542122 0.0495088 0.0423701 0.0334188
 0.00436502 0.0068577 0.0099136 0.0134389 0.0174008 0.0218199 0.0266854 0.0318775 0.0371596 0.0422285 0.0467849 0.0506021 0.0535741 0.0557213 0.0571532 0.0580195 0.0584737 0.0586395 0.0585479 0.0580321 0.0566432 0.0537112 0.0486373 0.0413157 0.0323973
 0.00457754 0.00719393 0.0103972 0.0140718 0.0181483 0.0225971 0.0273612 0.0323101 0.0372578 0.0420039 0.0463542 0.0501304 0.0531975 0.0555016 0.0570876 0.0580795 0.0586309 0.0588581 0.0587575 0.0581187 0.0564806 0.0532238 0.0478514 0.0403604 0.031449
 0.00479297 0.0075338 0.0108909 0.0147437 0.0190161 0.0236658 0.028606 0.0336548 0.0385633 0.0430873 0.0470425 0.0503302 0.0529374 0.0549171 0.0563555 0.0573468 0.0579762 0.0582898 0.0582293 0.0575476 0.0557752 0.0523268 0.0467806 0.0392159 0.0303744
 0.00502669 0.00789984 0.0114172 0.0154504 0.0199173 0.0247699 0.0299114 0.0351396 0.0401724 0.0447193 0.0485464 0.0515218 0.0536451 0.0550419 0.0559125 0.0564577 0.0568144 0.0570093 0.0569173 0.0562181 0.0544 0.0508852 0.0453017 0.0377884 0.0291161
 0.00531359 0.00834574 0.0120512 0.0162891 0.0209669 0.0260282 0.0313658 0.0367616 0.0419134 0.0465076 0.0502841 0.053082 0.0548759 0.0557873 0.0560514 0.0559472 0.05571 0.0554453 0.0550547 0.0541948 0.052312 0.048805 0.04331 0.0359876 0.0276098
 0.00563655 0.00884783 0.0127651 0.0172332 0.0221463 0.0274368 0.0329828 0.0385466 0.043804 0.0484232 0.0521307 0.0547561 0.0562647 0.0567696 0.0565061 0.0557741 0.054861 0.0539491 0.0530188 0.0517803 0.0497004 0.0461758 0.0408322 0.0338115 0.0258472
