SBPRF35
8.29692
Curr Bio
686782
B35
568590
F35
0.206942
FOFL
0.206942
OFL
117457
Bzero
2.37055e+06
#pred survey bio
 3.3352e+06 3.2936e+06 3.1115e+06 2.98095e+06 2.57388e+06 2.28958e+06 2.07092e+06 1.93184e+06 1.79138e+06 1.65687e+06 1.52864e+06 1.36731e+06 1.18415e+06 1.03763e+06 901459 795115 692974 640905 606423 572479 558829 547205 539754 543224 541338 538050 533937 534726 526298 536156 561200 589896 587355 573276 559017 534383 528274 539591 583539 593251 566304 529332 540776 550942 542747 576326 612051 640963 637841 634804 574237 521451 563755 603785 616522 690543 711958 632092 514683 512502 606664 659908 619693 599295 613240 695563 1.68445e+07 1.5315e+07 1.53756e+07 1.56942e+07 1.61622e+07 1.66692e+07 1.71438e+07 1.7551e+07 1.78815e+07 1.81401e+07 1.83377e+07 1.84864e+07 1.85973e+07 1.86797e+07 1.87408e+07 1.87862e+07 1.88201e+07 1.88455e+07 1.88645e+07 1.88789e+07 1.88898e+07 1.88981e+07 1.89044e+07 1.89093e+07 1.8913e+07 1.89159e+07 1.89181e+07 1.89198e+07 1.89212e+07 1.89222e+07 1.8923e+07 1.89236e+07 1.89241e+07 1.89244e+07 1.89247e+07 1.8925e+07 1.89251e+07 1.89253e+07 1.89254e+07 1.89255e+07 1.89255e+07 1.89256e+07 1.89256e+07 1.89257e+07 1.89257e+07 1.89257e+07 1.89257e+07 1.89257e+07 1.89257e+07 1.89257e+07 1.89258e+07 1.89258e+07 1.89258e+07 1.89258e+07 1.89258e+07 1.89258e+07 1.89258e+07 1.89258e+07 1.89258e+07 1.89258e+07 1.89258e+07 1.89258e+07 1.89258e+07 1.89258e+07 1.89258e+07 1.89258e+07 1.89258e+07 1.89258e+07 1.89258e+07 1.89258e+07 1.89258e+07 1.89258e+07 1.89258e+07 1.89258e+07 1.89258e+07 1.89258e+07 1.89258e+07 1.89258e+07 1.89258e+07 1.89258e+07 1.89258e+07 1.89258e+07 1.89258e+07 1.89258e+07 1.89258e+07 1.89258e+07 1.89258e+07 1.89258e+07 1.89258e+07 1.89258e+07 1.89258e+07 1.89258e+07 1.89258e+07 1.89258e+07 1.89258e+07 1.89258e+07 1.89258e+07 1.89258e+07 1.89258e+07 1.89258e+07 0 0 0 0 0 0 0 0 0 0 0 0 0 0 0 0 0 0 0 0 0 0 0 0 0
#obs survey bio
 2.86926e+06 3.39768e+06 1.96372e+06 4.24427e+06 2.12618e+06 2.58395e+06 2.37618e+06 2.01963e+06 1.75509e+06 1.49743e+06 1.79177e+06 1.39358e+06 1.49949e+06 1.2344e+06 870002 794287 585708 689040 605697 793028 519092 403732 475814 419901 688500 454072 486525 670599 510417 544987 489718 620091 637778 594916 535975 421043 538032 534560 732016 853873 642730 427826 532144 632814 492859 626703 574284 633132 569420 637527 488129 510642 665280 539129 690416 480464 834916 561303 434339 369220 898813 659783 764786 536404 819067 664739
#pred catch bio
 95923.2 96035.4 163074 200725 241611 266931 287902 321777 303874 311849 308679 299803 262216 249570 230445 218532 175152 159744 162777 140544 138735 128620 111769 116174 105580 108242 101096 110825 97890 95201.2 97221.1 99946.2 96487.6 86824.3 88184.9 91113 98535.3 85177.5 83622.4 91674.2 87245.1 81683.1 82370.8 91788.3 87877.3 89121.2 96068.9 96788.2 90334.3 85889.3 116792 58160.8 61048 117664 68454.2 113089 105029 146530 94140.2 44340.3 65372.2 141941 100796 106691 56598.9 109543 117457 116468 115688 116945 119663 122777 125684 128118 130021 131438 132457 133171 133661 133992 134213 134359 134455 134517 134558 134584 134601 134611 134618 134623 134626 134627 134629 134629 134630 134630 134630 134630 134630 134630 134630 134631 134631 134631 134631 134631 134631 134631 134631 134631 134631 134631 134631 134631 134631 134631 134631 134631 134631 134631 134631 134631 134631 134631 134631 134631 134631 134631 134631 134631 134631 134631 134631 134631 134631 134631 134631 134631 134631 134631 134631 134631 134631 134631 134631 134631 134631 134631 134631 134631 134631 134631 134631 134631 134631 134631 134631 134631 134631 134631 134631 134631 134631 134631 134631 134631 0 0 0 0 0 0 0 0 0 0 0 0 0 0 0 0 0 0 0 0 0 0 0 0 0
#obs catch bio
 0 95598.5 163633 200430 241854 266882 288290 322981 303290 312836 308555 299659 262056 249405 230803 218696 175142 159510 163404 140347 139067 128759 111506 116454 105322 108381 100910 111019 97784.9 95246.9 97435.8 99836.4 96493.2 86722.5 88081.6 91106.6 98875.7 85358.8 83421.2 91689.6 87129.4 81807.1 82313.6 91721.5 88067.4 89077.6 96205.3 96721.8 90390.1 85446.3 117800 57923.6 60683.1 119137 67926.9 113870 104338 147101 94577.3 44059.5 65074.5 143265 100273 107532 56044.8 110050
#pred cpue bio
 3.29835e+06 3.25744e+06 3.07616e+06 2.94512e+06 2.54151e+06 2.25866e+06 2.04058e+06 1.90114e+06 1.76031e+06 1.62555e+06 1.49701e+06 1.33648e+06 1.15493e+06 1.00983e+06 875268 770227 669715 618452 584617 551371 538126 526768 519469 522869 520927 517887 513892 514735 506558 516142 540399 568261 566051 552666 539297 515595 508426 517213 558483 568122 542621 507335 518319 528295 520420 552582 587047 614863 611915 609079 551159 499342 540431 580270 592156 663776 684116 607245 492646 489696 581694 635024 595436 574843 587275 667554 1.61896e+07 1.47377e+07 1.47333e+07 1.49955e+07 1.54501e+07 1.5955e+07 1.64293e+07 1.68364e+07 1.71669e+07 1.74255e+07 1.76231e+07 1.77718e+07 1.78827e+07 1.79651e+07 1.80262e+07 1.80717e+07 1.81056e+07 1.81309e+07 1.815e+07 1.81644e+07 1.81753e+07 1.81836e+07 1.81899e+07 1.81948e+07 1.81985e+07 1.82014e+07 1.82036e+07 1.82053e+07 1.82066e+07 1.82076e+07 1.82084e+07 1.8209e+07 1.82095e+07 1.82099e+07 1.82102e+07 1.82104e+07 1.82106e+07 1.82107e+07 1.82108e+07 1.82109e+07 1.8211e+07 1.8211e+07 1.82111e+07 1.82111e+07 1.82111e+07 1.82112e+07 1.82112e+07 1.82112e+07 1.82112e+07 1.82112e+07 1.82112e+07 1.82112e+07 1.82112e+07 1.82112e+07 1.82112e+07 1.82112e+07 1.82112e+07 1.82112e+07 1.82112e+07 1.82112e+07 1.82112e+07 1.82112e+07 1.82112e+07 1.82112e+07 1.82112e+07 1.82112e+07 1.82112e+07 1.82112e+07 1.82112e+07 1.82112e+07 1.82112e+07 1.82112e+07 1.82112e+07 1.82112e+07 1.82112e+07 1.82112e+07 1.82112e+07 1.82112e+07 1.82112e+07 1.82112e+07 1.82112e+07 1.82112e+07 1.82112e+07 1.82112e+07 1.82112e+07 1.82112e+07 1.82112e+07 1.82112e+07 1.82112e+07 1.82112e+07 1.82112e+07 1.82112e+07 1.82112e+07 1.82112e+07 1.82112e+07 1.82112e+07 1.82112e+07 1.82112e+07 1.82112e+07 1.82112e+07 0 0 0 0 0 0 0 0 0 0 0 0 0 0 0 0 0 0 0 0 0 0 0 0 0
#obs cpue bio
 2.20155e+06 4.74555e+06 2.75772e+06 3.80958e+06 2.31405e+06 2.18047e+06 1.42633e+06 1.65679e+06 2.39883e+06 1.29935e+06 1.58814e+06 1.38697e+06 859711 900544 789863 853166 736892 621063 492064 452502 504728 742200 649469 577416 497105 537541 612862 393210 540699 461280 531265 716771 490852 531078 614069 601554 443097 424087 640955 381783 528756 471465 596848 549678 401020 604174 564299 746772 567748 845549 504299 463519 632864 419488 638706 727945 966392 627496 460492 550400 627432 504682 621122 440450 549804 672727
#pred surv len freq
 0.00422703 0.00697573 0.0107085 0.0154724 0.0211817 0.0275223 0.0339386 0.0397894 0.0445968 0.0481991 0.0507115 0.0523724 0.0534142 0.0540118 0.0542843 0.0543184 0.0541925 0.0539762 0.0536744 0.0531143 0.05185 0.0492165 0.044614 0.0379164 0.0297218
 0.0045166 0.00735912 0.0111268 0.0158236 0.0213578 0.0274623 0.0336643 0.0393962 0.0442017 0.0478817 0.050486 0.0522066 0.0532753 0.0539054 0.0542624 0.0544528 0.0545282 0.0544898 0.0542587 0.0536039 0.0520832 0.0491056 0.0441856 0.0372957 0.0290709
 0.00461429 0.00757057 0.011535 0.016519 0.0223927 0.0287934 0.0351221 0.0407199 0.0451383 0.0482925 0.0503911 0.0517433 0.0526118 0.0531747 0.0535493 0.0538145 0.0540103 0.0541134 0.0539944 0.0533628 0.0517464 0.0485836 0.0434707 0.0364704 0.0282656
 0.00464406 0.00763604 0.0116695 0.0167756 0.0228442 0.0295218 0.0361909 0.0421317 0.0467934 0.0499798 0.0518361 0.0527025 0.0529627 0.0529474 0.0528873 0.0529012 0.0530075 0.0531303 0.0530775 0.0524982 0.05088 0.0476621 0.0424855 0.0354765 0.0273581
 0.00487335 0.0079756 0.0121204 0.0173216 0.023464 0.0302063 0.036957 0.0430204 0.04785 0.0512182 0.0531994 0.0540444 0.0540719 0.053616 0.05299 0.0524403 0.052097 0.0519367 0.0517531 0.0511413 0.0495322 0.0463363 0.0412039 0.0342909 0.0263395
 0.00503615 0.00827526 0.0126328 0.0181307 0.0246318 0.0317329 0.0387529 0.0449197 0.0496672 0.0528167 0.0545268 0.0551101 0.0548872 0.0541417 0.0531318 0.0520933 0.0512099 0.0505482 0.0499811 0.0491388 0.0474453 0.0442875 0.039298 0.0326219 0.0249823
 0.00521206 0.00856383 0.0130748 0.018773 0.0255266 0.0329298 0.0402804 0.0467588 0.0517296 0.0549437 0.0565199 0.0567845 0.05612 0.054883 0.0533741 0.0518311 0.0504246 0.0492317 0.0481733 0.0469469 0.0450327 0.0418436 0.0370068 0.0306358 0.0233995
 0.00538127 0.00885188 0.0135322 0.0194545 0.0264804 0.0341804 0.0418143 0.0485233 0.0536451 0.0569178 0.0584501 0.0585527 0.0575934 0.0559326 0.0539006 0.0517785 0.0497744 0.0479927 0.0463844 0.0446955 0.0424696 0.0391757 0.0344629 0.0284178 0.0216382
 0.00565778 0.00929365 0.0141833 0.0203529 0.0276529 0.035635 0.0435286 0.050437 0.0556639 0.0589286 0.0603392 0.0602182 0.0589474 0.0568953 0.0543957 0.0517355 0.0491395 0.0467417 0.0445372 0.0423306 0.0397365 0.036292 0.0316831 0.0259777 0.0196969
 0.00588655 0.00967242 0.0147655 0.0211909 0.0287863 0.0370721 0.0452309 0.0523182 0.0576083 0.0608188 0.0620763 0.0617261 0.0601658 0.05777 0.0548711 0.051752 0.0486372 0.0456731 0.0428889 0.0401495 0.0371501 0.0335082 0.0289592 0.0235612 0.0177615
 0.00607885 0.0100003 0.0152873 0.021971 0.0298813 0.0385096 0.0469872 0.0543096 0.0597029 0.0628638 0.0639279 0.0632713 0.0613309 0.0585163 0.0551809 0.0516109 0.0480225 0.0445561 0.0412533 0.038023 0.0346343 0.030789 0.0262818 0.0211716 0.0158385
 0.00631974 0.0103864 0.0158592 0.0227653 0.0309273 0.0398223 0.0485561 0.0560891 0.06161 0.0647853 0.0657338 0.0648323 0.0625369 0.0592911 0.0554852 0.0514339 0.0473663 0.0434234 0.0396516 0.0359857 0.0322506 0.0282216 0.0237514 0.0189064 0.0140091
 0.00659354 0.010836 0.0165428 0.023737 0.0322227 0.0414384 0.050434 0.058115 0.0636391 0.0666768 0.067376 0.0661473 0.0634712 0.059806 0.0555542 0.051044 0.0465179 0.0421284 0.0379342 0.0338937 0.0298758 0.0257138 0.0213089 0.0167336 0.0122594
 0.00678557 0.0111552 0.0170369 0.0244554 0.0332082 0.0427113 0.0519753 0.059857 0.0654718 0.0684668 0.0689907 0.0674753 0.0644347 0.0603614 0.0556842 0.0507462 0.0457972 0.040996 0.0364139 0.0320344 0.0277665 0.0234922 0.0191505 0.0148167 0.0107165
 0.00696919 0.0114658 0.0175263 0.025179 0.0342122 0.0440135 0.0535464 0.0616152 0.0672955 0.0702192 0.070543 0.0687215 0.0652986 0.0607995 0.0556836 0.0503181 0.0449664 0.039794 0.0348788 0.0302209 0.0257604 0.0214185 0.0171639 0.01307 0.00932055
 0.00709446 0.0116854 0.0178867 0.0257344 0.0350137 0.0450912 0.0548908 0.0631679 0.0689558 0.0718615 0.0720379 0.0699537 0.0661798 0.0612751 0.0557328 0.0499482 0.0442047 0.03868 0.0334618 0.0285643 0.0239505 0.01957 0.0154109 0.0115416 0.00810694
 0.00735763 0.0120953 0.0184709 0.0265085 0.0359813 0.0462434 0.0562018 0.0645895 0.0704156 0.0732683 0.0732923 0.0709609 0.0668623 0.0615819 0.0556437 0.049471 0.0433686 0.0375291 0.0320515 0.026963 0.0222442 0.0178643 0.0138225 0.0101768 0.00703569
 0.00741671 0.0121986 0.0186395 0.0267655 0.0363466 0.0467251 0.056791 0.0652628 0.0711449 0.0740306 0.0740693 0.0717285 0.0675781 0.062182 0.0560536 0.0496239 0.0432218 0.0370722 0.031307 0.0259831 0.021107 0.0166682 0.0126741 0.00917181 0.0062381
 0.00737709 0.0121464 0.0185841 0.0267256 0.0363474 0.0467938 0.0569508 0.0655275 0.0715156 0.0744955 0.0746062 0.0723097 0.0681727 0.0627538 0.0565566 0.0500015 0.0434153 0.0370349 0.031019 0.0254603 0.0204017 0.0158614 0.0118601 0.008438 0.00564513
 0.00747786 0.0122992 0.0187939 0.0269903 0.0366601 0.0471454 0.0573311 0.0659241 0.0719129 0.0748743 0.0749468 0.0725955 0.0683937 0.0629076 0.0566433 0.0500163 0.0433423 0.0368491 0.0306968 0.0249944 0.0198129 0.0151997 0.0111947 0.00783784 0.00515993
 0.00751904 0.0123501 0.0188412 0.0270123 0.0366337 0.0470569 0.0571861 0.0657503 0.0717547 0.0747808 0.0749578 0.0727302 0.0686452 0.0632452 0.0570216 0.0503857 0.0436561 0.0370666 0.0307864 0.0249392 0.0196181 0.0148964 0.0108348 0.00747977 0.00485177
 0.00763601 0.0125273 0.0190824 0.0273091 0.0369641 0.0473853 0.0574666 0.0659352 0.0718095 0.0747 0.0747713 0.0724948 0.0684249 0.0630891 0.0569505 0.0503901 0.0437043 0.0371162 0.0307958 0.0248778 0.0194739 0.0146797 0.0105756 0.0072177 0.00462259
 0.00779913 0.0127641 0.019386 0.0276544 0.0373139 0.0477011 0.0577164 0.0660968 0.0718687 0.0746512 0.0746205 0.0722631 0.0681488 0.0628144 0.0567199 0.0502308 0.0436193 0.0370855 0.0307849 0.0248505 0.0194048 0.014562 0.0104214 0.00705167 0.00447065
 0.00782416 0.0128015 0.019435 0.0277101 0.0373652 0.0477309 0.057704 0.0660246 0.071732 0.0744643 0.074415 0.0720774 0.0680142 0.0627478 0.056725 0.0503024 0.0437463 0.0372495 0.03096 0.0250065 0.0195155 0.0146137 0.0104171 0.00700804 0.00441012
 0.00785322 0.0128543 0.0195244 0.0278497 0.0375642 0.0479862 0.0579939 0.0663082 0.0719584 0.0745877 0.0744093 0.071945 0.0677848 0.0624683 0.0564449 0.050061 0.0435661 0.0371356 0.0309023 0.0249851 0.0195069 0.0145989 0.0103867 0.00696392 0.00436101
 0.00787737 0.0128734 0.019517 0.0277868 0.0374212 0.0477591 0.0577103 0.0660231 0.0717334 0.0744656 0.0743984 0.072021 0.0679076 0.0626014 0.0565679 0.0501718 0.0436735 0.0372489 0.0310241 0.0251088 0.0196198 0.0146879 0.0104445 0.00699133 0.00436593
 0.00790602 0.0129276 0.0196109 0.0279332 0.0376225 0.0479971 0.057942 0.0661913 0.0717909 0.0743986 0.0742338 0.0718108 0.0677023 0.0624302 0.056436 0.0500711 0.0435957 0.0371914 0.0309882 0.0250942 0.0196216 0.0146973 0.0104527 0.00699338 0.00436146
 0.00781831 0.0127947 0.0194301 0.0277111 0.0373764 0.0477539 0.0577347 0.0660506 0.0717334 0.0744185 0.0743062 0.0719059 0.0678014 0.0625312 0.0565467 0.0501973 0.043735 0.0373353 0.0311273 0.0252216 0.0197325 0.0147882 0.0105213 0.00703965 0.00438845
 0.00794016 0.0129695 0.0196498 0.0279536 0.0376117 0.0479547 0.0578848 0.066147 0.0717819 0.0744272 0.0742789 0.0718408 0.0676934 0.0623794 0.0563601 0.0499949 0.0435396 0.0371655 0.0309928 0.0251232 0.0196657 0.0147458 0.0104958 0.00702457 0.00437914
 0.00796816 0.0130084 0.0196955 0.0279961 0.037636 0.0479428 0.0578208 0.0660231 0.0716058 0.0742249 0.0740901 0.0717049 0.0676345 0.0623972 0.056434 0.0500963 0.0436451 0.0372627 0.0310788 0.0251993 0.0197326 0.0148027 0.0105413 0.00705787 0.00440106
 0.00792575 0.012944 0.0196068 0.0278838 0.0375028 0.0477922 0.0576562 0.0658485 0.0714268 0.0740506 0.0739349 0.0715889 0.0675796 0.06242 0.0565376 0.0502674 0.0438575 0.0374874 0.0312919 0.0253865 0.0198879 0.0149253 0.010633 0.00712211 0.00444268
 0.00786149 0.0128418 0.0194579 0.0276829 0.0372503 0.0474977 0.0573401 0.0655404 0.0711583 0.0738468 0.0738089 0.0715424 0.0676083 0.0625187 0.0567016 0.0504895 0.0441245 0.0377785 0.0315827 0.0256542 0.0201167 0.0151077 0.0107689 0.00721641 0.00450327
 0.0078626 0.0128335 0.0194268 0.0276106 0.0371186 0.0472963 0.0570739 0.0652312 0.0708401 0.0735572 0.0735801 0.0713954 0.0675512 0.0625488 0.0568089 0.0506611 0.0443457 0.0380327 0.0318503 0.0259143 0.0203502 0.0153014 0.0109171 0.00732099 0.00457106
 0.00779089 0.0127313 0.0192989 0.0274685 0.036975 0.0471571 0.0569339 0.0650773 0.0706617 0.0733564 0.0733756 0.0712178 0.0674319 0.0625096 0.056857 0.0507901 0.04454 0.0382718 0.032112 0.0261765 0.0205926 0.0155082 0.0110796 0.00743807 0.00464813
 0.00781377 0.012737 0.0192509 0.0273179 0.036678 0.0467009 0.0563538 0.0644527 0.0700881 0.0729104 0.0730946 0.0711015 0.0674595 0.0626564 0.0571018 0.0511135 0.0449213 0.0386869 0.0325344 0.0265799 0.0209541 0.0158109 0.0113151 0.00760719 0.00475951
 0.00855678 0.0137975 0.0205718 0.0287476 0.0380063 0.047722 0.056923 0.0645131 0.0696698 0.0721132 0.0720614 0.0699848 0.0663881 0.061715 0.0563301 0.0505187 0.0444924 0.0384041 0.032373 0.0265117 0.0209497 0.0158428 0.0113609 0.00765163 0.00479459
 0.00918117 0.0148209 0.0221164 0.0309025 0.0407733 0.05095 0.0602705 0.0674922 0.0717823 0.0730207 0.0716925 0.0685264 0.0641841 0.0591409 0.0537019 0.0480548 0.0423167 0.0365692 0.0308856 0.0253517 0.0200818 0.0152232 0.0109414 0.00738434 0.00463553
 0.00923854 0.0150002 0.0225461 0.0317565 0.0422286 0.053114 0.0631066 0.0707805 0.075138 0.0759678 0.0737749 0.0694261 0.0638062 0.0576298 0.0513791 0.0453104 0.039506 0.0339525 0.0286157 0.0234928 0.0186368 0.0141572 0.0101984 0.0068981 0.00433914
 0.00894563 0.0145501 0.0219247 0.0309883 0.0413958 0.052371 0.0626765 0.0709106 0.0760125 0.0776093 0.0759905 0.0718383 0.0659632 0.0591477 0.0520532 0.045153 0.0387044 0.0327783 0.0273324 0.0222962 0.0176377 0.0133934 0.00965844 0.00654423 0.00412454
 0.00874287 0.0142119 0.0214018 0.0302358 0.0403906 0.0511403 0.0613241 0.0696256 0.0750445 0.0772099 0.076336 0.0729577 0.0677025 0.0611946 0.0540254 0.0467178 0.0396758 0.0331492 0.0272355 0.0219261 0.0171753 0.0129634 0.00932131 0.00631155 0.00398045
 0.00871939 0.014168 0.0213238 0.030103 0.0401755 0.050811 0.0608541 0.0690091 0.0743167 0.0764634 0.0757182 0.0726403 0.0678232 0.061794 0.0550108 0.0478808 0.040764 0.0339575 0.0276717 0.0220192 0.0170347 0.0127173 0.00907032 0.00611025 0.00384349
 0.00881097 0.0142952 0.0214745 0.0302512 0.0402865 0.0508502 0.0607941 0.0688321 0.074015 0.0760431 0.0752105 0.0721119 0.0673769 0.0615452 0.0550442 0.0482061 0.0412985 0.0345535 0.0281766 0.0223358 0.017147 0.0126755 0.00895061 0.00597831 0.00373672
 0.00868276 0.0141261 0.0212916 0.0301005 0.0402158 0.0508843 0.0609167 0.0689885 0.0741344 0.0760674 0.0751136 0.0719054 0.0671047 0.0612753 0.054855 0.0481645 0.0414322 0.0348329 0.028523 0.0226547 0.0173694 0.0127805 0.00896123 0.00593717 0.00368231
 0.00864032 0.0140392 0.0211305 0.0298344 0.0398298 0.0504004 0.0604041 0.0685483 0.0738595 0.0759997 0.0752266 0.0721227 0.0673424 0.0614794 0.0550175 0.0483148 0.0416127 0.035071 0.0288129 0.0229586 0.0176371 0.012975 0.00907309 0.00598233 0.00368767
 0.00873484 0.0141859 0.0213363 0.0300957 0.0401272 0.0506956 0.0606429 0.0686757 0.0738433 0.0758492 0.0749899 0.0718616 0.0671012 0.0612705 0.0548316 0.0481426 0.0414605 0.0349581 0.0287564 0.0229587 0.0176747 0.0130219 0.00910703 0.00599512 0.00368359
 0.0086718 0.0141017 0.0212436 0.0300173 0.0400903 0.05072 0.0607313 0.0688093 0.0739863 0.0759607 0.0750395 0.0718415 0.0670284 0.0611758 0.0547432 0.0480756 0.0414175 0.0349376 0.0287586 0.0229839 0.017718 0.0130723 0.00915166 0.00602552 0.00369866
 0.00867757 0.0140903 0.0211896 0.029889 0.0398627 0.0503944 0.0603469 0.0684374 0.0737047 0.0758221 0.0750519 0.0719723 0.0672249 0.06139 0.0549464 0.0482586 0.0415824 0.035089 0.0288991 0.0231136 0.0178351 0.013173 0.00923172 0.00608272 0.0037344
 0.00868191 0.0141044 0.021222 0.0299474 0.0399466 0.0504868 0.060413 0.0684356 0.0736086 0.0756394 0.0748261 0.0717633 0.0670804 0.0613272 0.054953 0.0483082 0.0416505 0.0351611 0.0289698 0.0231818 0.0178997 0.0132317 0.00928124 0.00612043 0.00375979
 0.00874886 0.0141951 0.0213258 0.0300448 0.0400167 0.0505175 0.0604063 0.0684033 0.0735608 0.0755756 0.0747376 0.071645 0.0669422 0.0611938 0.0548518 0.0482551 0.0416447 0.0351899 0.0290176 0.0232364 0.0179537 0.0132807 0.00932256 0.00615238 0.00378205
 0.0086499 0.0140598 0.0211683 0.0298919 0.0398973 0.0504478 0.0603812 0.0684002 0.0735549 0.0755548 0.0747067 0.0716179 0.0669312 0.0612044 0.054885 0.0483116 0.0417247 0.0352903 0.0291304 0.0233507 0.018059 0.0133701 0.0093927 0.00620328 0.00381601
 0.00879683 0.0142467 0.0213557 0.0300157 0.0398927 0.0502829 0.0600795 0.0680348 0.0732144 0.0753038 0.0745654 0.0715692 0.0669433 0.0612505 0.0549505 0.0483909 0.0418163 0.0353926 0.0292398 0.0234612 0.0181631 0.0134607 0.00946521 0.00625651 0.00385172
 0.00898416 0.0146118 0.0220099 0.0310806 0.041447 0.0522911 0.0623455 0.0702264 0.0749649 0.0763396 0.0747862 0.0710449 0.0658502 0.0597973 0.0533285 0.0467536 0.0402759 0.0340234 0.0280824 0.0225286 0.0174473 0.0129389 0.00910588 0.00602419 0.00371176
 0.00845199 0.0137746 0.0208113 0.0295115 0.0395755 0.0502903 0.0604955 0.0688609 0.0743614 0.0766044 0.075809 0.0725546 0.0675327 0.0614011 0.0547109 0.04787 0.041143 0.0346839 0.028583 0.0229088 0.0177357 0.0131547 0.00926226 0.00613185 0.00378099
 0.00831639 0.0135019 0.0203058 0.0286568 0.0382695 0.0485012 0.0583152 0.0665227 0.0722036 0.0749877 0.0750149 0.0727013 0.0685417 0.063032 0.0566488 0.0498243 0.0429127 0.0361717 0.0297715 0.0238249 0.0184218 0.0136533 0.00961091 0.00636366 0.00392562
 0.00867004 0.014075 0.0211569 0.0298174 0.0397115 0.0501002 0.0598349 0.0676529 0.0726594 0.0746278 0.0739126 0.0711235 0.0668461 0.0615365 0.0555371 0.0491226 0.0425328 0.0359844 0.0296681 0.0237435 0.0183424 0.0135787 0.00954908 0.00631902 0.00389735
 0.00846026 0.0137441 0.020682 0.0291946 0.0389685 0.0493063 0.0590974 0.0670886 0.0723435 0.0745521 0.0739876 0.0712336 0.066923 0.0615999 0.0556735 0.0494217 0.0430272 0.0366311 0.0303737 0.0244098 0.0189018 0.0140044 0.0098473 0.00651304 0.00401495
 0.00849662 0.0138189 0.0208214 0.0294274 0.0393129 0.0497528 0.0596001 0.0675739 0.0727356 0.0747975 0.0740621 0.0711302 0.0666417 0.0611534 0.0551064 0.0488176 0.0424886 0.0362392 0.0301575 0.0243438 0.0189299 0.0140703 0.00991321 0.00656261 0.00404633
 0.00870344 0.0141056 0.0211629 0.0297739 0.0396087 0.0499644 0.0597326 0.0676643 0.0728249 0.074902 0.0741628 0.071185 0.0666068 0.0610012 0.0548337 0.0484487 0.0420734 0.0358422 0.0298372 0.0241315 0.0188222 0.0140388 0.00992246 0.00658481 0.00406653
 0.00919893 0.0149398 0.022463 0.0316533 0.0421149 0.0530109 0.0630545 0.070845 0.0754073 0.0765311 0.0746822 0.0706429 0.0651925 0.0589643 0.0524241 0.0458874 0.0395435 0.0334894 0.0277698 0.0224176 0.0174859 0.0130614 0.00925316 0.00615638 0.00381078
 0.00883939 0.0144277 0.0218321 0.0309959 0.0415748 0.0527593 0.0632528 0.071597 0.0767071 0.0782324 0.076516 0.0722933 0.066396 0.0595813 0.0524533 0.0454304 0.0387528 0.0325253 0.026774 0.0214994 0.0167158 0.01247 0.00883643 0.00588673 0.00365051
 0.00812279 0.0132571 0.0200698 0.0285374 0.038404 0.0490202 0.0593007 0.067974 0.0740182 0.076963 0.0768781 0.0741681 0.0693878 0.0631493 0.0560645 0.0486802 0.0414197 0.0345571 0.0282344 0.0225058 0.0173914 0.0129179 0.00913101 0.00607749 0.00376984
 0.00817302 0.0132486 0.0198883 0.0280152 0.0373562 0.0473099 0.0569085 0.0650439 0.0708609 0.0740141 0.0746135 0.0729883 0.069502 0.0645055 0.0583654 0.051482 0.044269 0.0371075 0.0302996 0.0240482 0.0184715 0.0136372 0.00959142 0.00636182 0.00393847
 0.00884281 0.0143288 0.0214857 0.030191 0.040074 0.0503744 0.0599323 0.0674935 0.0722016 0.0738997 0.0730262 0.0702565 0.0661917 0.061239 0.0556387 0.0495478 0.0431207 0.0365549 0.0300897 0.0239694 0.0184025 0.0135409 0.0094796 0.00625862 0.00385988
 0.00897051 0.0145486 0.021842 0.0307391 0.0408753 0.0514788 0.0613477 0.0691476 0.0739122 0.0753802 0.0739463 0.0703522 0.0653797 0.0596716 0.0536613 0.0475722 0.0414797 0.0354086 0.0294197 0.0236447 0.0182683 0.0134814 0.00943598 0.00621546 0.00382077
 0.00884714 0.0144029 0.0217243 0.0307317 0.0410726 0.0519563 0.0621348 0.0702185 0.0751922 0.0767531 0.0752551 0.0714023 0.065968 0.0596493 0.0530042 0.0464137 0.0400731 0.0340334 0.0282829 0.0228298 0.0177494 0.0131766 0.00926105 0.00611146 0.00375603
 0.00822461 0.0134139 0.0202867 0.0288053 0.0386918 0.0492677 0.0594188 0.06786 0.0735887 0.0761935 0.0758284 0.0729777 0.0682413 0.0622271 0.0555013 0.048542 0.041699 0.0351791 0.0290709 0.0234026 0.0182067 0.0135588 0.00956938 0.0063389 0.00390583
#obs surv len freq
 nan nan nan nan nan nan nan nan nan nan nan nan nan nan nan nan nan nan nan nan nan nan nan nan nan
 0.00449379 0.00735899 0.0111921 0.0160097 0.0217093 0.0279816 0.0342913 0.0400181 0.0446939 0.0481549 0.0505109 0.0520054 0.0528967 0.0534083 0.0537221 0.0539766 0.0542548 0.0545474 0.054686 0.0542779 0.0527161 0.0493488 0.0437994 0.0362806 0.0276655
 0.00461793 0.00756664 0.0115149 0.0164793 0.0223487 0.0287927 0.035243 0.0410443 0.0457042 0.0490546 0.0512197 0.0524689 0.05309 0.0533344 0.0534058 0.0534571 0.0535767 0.0537539 0.0538167 0.0533702 0.0518095 0.0484872 0.0430286 0.0356395 0.0271756
 0.00478071 0.00783116 0.0119132 0.017042 0.0231007 0.0297445 0.0363803 0.0423205 0.0470416 0.0503533 0.0523717 0.0533737 0.0536689 0.0535413 0.0532317 0.0529263 0.052738 0.0526699 0.0525558 0.0520041 0.0504145 0.0471446 0.0418192 0.0346298 0.0264025
 0.00496972 0.00814095 0.012384 0.0177126 0.0240007 0.0308823 0.0377315 0.0438244 0.0486102 0.0518872 0.0537725 0.0545489 0.0545337 0.0540233 0.0532797 0.0525196 0.0518917 0.0514333 0.0510067 0.0502426 0.0485584 0.0453229 0.0401588 0.0332343 0.02533
 0.00518008 0.00848512 0.0129061 0.0184557 0.0249984 0.0321467 0.0392393 0.0455118 0.0503807 0.0536292 0.0553766 0.0559177 0.0555844 0.054686 0.0534964 0.0522483 0.0511138 0.050164 0.0493036 0.0482085 0.046338 0.0430897 0.0380903 0.0314779 0.0239716
 0.00541255 0.00886411 0.0134786 0.0192663 0.0260815 0.0335134 0.0408639 0.0473264 0.0522844 0.055506 0.0571132 0.0574136 0.0567546 0.0554599 0.0538162 0.0520671 0.0503992 0.0489078 0.0475373 0.0460192 0.0438746 0.0405525 0.0356983 0.0294214 0.0223678
 0.00565358 0.0092597 0.0140809 0.020126 0.0272381 0.0349794 0.0426088 0.0492722 0.0543168 0.0574976 0.0589439 0.0589816 0.057978 0.0562739 0.0541683 0.0519134 0.0497046 0.0476536 0.0457376 0.0437431 0.041263 0.0378143 0.0330774 0.027141 0.0205732
 0.00588374 0.00963868 0.0146604 0.0209577 0.0283643 0.0364174 0.0443351 0.0512152 0.0563665 0.0595257 0.0608241 0.0606034 0.0592523 0.0571328 0.0545611 0.0518008 0.049055 0.0464465 0.0439786 0.0414878 0.0386393 0.0350261 0.0303756 0.0247649 0.0186867
 0.00614925 0.0100694 0.0153071 0.0218673 0.0295713 0.0379308 0.0461238 0.0532025 0.05844 0.0615571 0.0626896 0.0621956 0.0604848 0.0579406 0.0548975 0.0516327 0.0483581 0.0452062 0.0422011 0.0392228 0.0360046 0.0322162 0.0276378 0.0223423 0.0167517
 0.00636184 0.0104266 0.0158658 0.022687 0.0307012 0.0393892 0.0478789 0.0551679 0.0604897 0.0635536 0.0645077 0.0637338 0.0616665 0.0587094 0.055213 0.0514655 0.0476869 0.0440189 0.0405049 0.0370638 0.0334909 0.0295282 0.0250083 0.0200046 0.0148756
 0.00661894 0.0108389 0.0164766 0.0235344 0.0318135 0.0407759 0.0495189 0.057001 0.062419 0.0654581 0.0662606 0.0652195 0.0627934 0.0594156 0.0554633 0.0512431 0.0469842 0.0428355 0.0388543 0.034992 0.0310982 0.02698 0.0225189 0.0177904 0.0130956
 0.00684118 0.0112092 0.0170495 0.0243643 0.0329407 0.0422069 0.0512091 0.0588534 0.064305 0.0672481 0.0678459 0.0665193 0.0637485 0.0599824 0.055611 0.0509538 0.0462518 0.0416643 0.0372642 0.033031 0.0288604 0.0246153 0.0202193 0.0157496 0.011456
 0.0070499 0.0115506 0.0175676 0.0251025 0.033934 0.0434696 0.0527197 0.0605465 0.0660757 0.068969 0.06939 0.0677791 0.0646487 0.0604817 0.0556951 0.0506241 0.0455169 0.0405377 0.0357705 0.0312186 0.0268167 0.0224745 0.0181503 0.0139207 0.00999016
 0.00728882 0.0119419 0.0181614 0.0259452 0.0350577 0.0448751 0.0543612 0.0623292 0.0678715 0.0706439 0.0708267 0.0688881 0.0653707 0.0607858 0.0555763 0.0500978 0.0446109 0.0392865 0.0342146 0.0294137 0.024847 0.0204596 0.0162359 0.012249 0.0086616
 0.00746363 0.0122306 0.0186042 0.0265829 0.0359234 0.0459816 0.0556871 0.0638124 0.0694161 0.0721364 0.0721551 0.0699569 0.0661092 0.0611515 0.0555536 0.0496934 0.0438483 0.0382007 0.0328515 0.027834 0.0231331 0.0187196 0.0145948 0.0108247 0.00753523
 0.00757003 0.0124051 0.0188704 0.0269648 0.0364431 0.0466535 0.0565111 0.0647687 0.070465 0.0732213 0.0732076 0.0709021 0.0668732 0.0616697 0.0557782 0.0495983 0.0434297 0.0374756 0.0318562 0.0266241 0.0217863 0.0173342 0.0132801 0.00968118 0.00663047
 0.00762284 0.0124889 0.0189931 0.0271341 0.0366666 0.0469394 0.0568675 0.0652019 0.0709772 0.0738074 0.0738517 0.0715737 0.067526 0.0622448 0.0562112 0.04983 0.0434162 0.0371963 0.0313177 0.0258621 0.0208642 0.0163381 0.012307 0.00882001 0.00594205
 0.00766774 0.0125564 0.0190845 0.0272474 0.0367978 0.0470849 0.0570261 0.0653765 0.0711749 0.0740395 0.07413 0.0719054 0.067906 0.0626504 0.056601 0.0501485 0.0436045 0.0372052 0.0311198 0.025461 0.0202969 0.0156705 0.0116207 0.00819328 0.00543115
 0.00773459 0.0126526 0.0192062 0.0273828 0.0369305 0.0471993 0.0571122 0.0654326 0.071208 0.0740643 0.0741668 0.0719762 0.0680284 0.0628307 0.0568283 0.0503926 0.0438191 0.0373371 0.0311232 0.0253114 0.0200011 0.0152669 0.0111696 0.00775964 0.00506584
 0.0077899 0.0127407 0.0193344 0.0275545 0.0371421 0.0474365 0.057349 0.065635 0.0713448 0.0741189 0.0741445 0.0719024 0.0679393 0.0627608 0.0568007 0.0504119 0.0438692 0.0373845 0.0311268 0.0252361 0.0198314 0.0150145 0.0108697 0.00745843 0.00480402
 0.00782845 0.012799 0.0194141 0.0276548 0.0372604 0.0475694 0.0574918 0.0657804 0.0714805 0.0742284 0.0742115 0.0719171 0.0679043 0.0626928 0.0567243 0.0503502 0.0438337 0.0373698 0.0311119 0.0251935 0.0197397 0.0148688 0.0106851 0.00726292 0.00462704
 0.00784555 0.0128235 0.0194451 0.0276892 0.037294 0.0475986 0.0575151 0.0657991 0.0714986 0.0742507 0.0742405 0.0719513 0.0679379 0.0627187 0.0567394 0.0503573 0.0438397 0.0373789 0.0311204 0.0251895 0.0197087 0.0148027 0.0105879 0.00714994 0.00451793
 0.00789381 0.0128918 0.019529 0.027778 0.0373735 0.0476558 0.0575421 0.0657949 0.0714684 0.074204 0.0741892 0.0719061 0.0679064 0.062703 0.0567364 0.0503618 0.043847 0.0373862 0.031125 0.0251865 0.0196914 0.0147658 0.0105318 0.00708209 0.00444983
 0.00788996 0.0128919 0.0195403 0.0278096 0.0374321 0.0477397 0.0576383 0.0658813 0.0715223 0.0742125 0.0741538 0.0718416 0.0678331 0.0626385 0.0566912 0.050338 0.0438406 0.0373906 0.0311329 0.0251912 0.0196871 0.0147489 0.010502 0.00704343 0.00440915
 0.00789074 0.0128872 0.0195228 0.0277707 0.0373663 0.0476499 0.0575389 0.0657944 0.0714679 0.0741989 0.0741746 0.0718812 0.0678766 0.062679 0.0567299 0.0503799 0.043889 0.0374445 0.0311875 0.02524 0.019724 0.01477 0.0105069 0.00703546 0.00439381
 0.00791627 0.0129232 0.0195662 0.0278143 0.0373992 0.0476601 0.0575166 0.0657357 0.0713786 0.0740945 0.0740764 0.0718084 0.0678384 0.0626736 0.0567483 0.0504123 0.0439289 0.0374884 0.0312329 0.0252831 0.0197604 0.0147958 0.0105206 0.00703835 0.00438938
 0.00789679 0.0128951 0.0195304 0.0277735 0.0373562 0.0476163 0.0574702 0.0656826 0.071315 0.0740205 0.0739983 0.0717386 0.067792 0.0626623 0.0567759 0.0504738 0.0440134 0.0375833 0.0313275 0.0253697 0.0198336 0.0148525 0.0105599 0.00706174 0.00440059
 0.0079022 0.0128972 0.0195217 0.0277436 0.0372962 0.0475235 0.0573518 0.0655548 0.0711966 0.0739254 0.0739321 0.0717 0.0677777 0.062671 0.0568092 0.0505328 0.0440959 0.0376825 0.0314335 0.0254721 0.0199238 0.0149252 0.0106132 0.00709689 0.00442103
 0.00786864 0.012846 0.0194505 0.0276518 0.0371839 0.0473908 0.0571998 0.0653877 0.0710248 0.0737661 0.0738063 0.0716258 0.0677645 0.0627175 0.0569052 0.0506652 0.0442516 0.0378499 0.0316015 0.0256301 0.0200627 0.0150384 0.0106983 0.00715546 0.00445756
 0.00787047 0.0128408 0.019428 0.0275981 0.0370863 0.0472442 0.0570113 0.0651764 0.0708151 0.0735803 0.0736602 0.071529 0.0677228 0.0627333 0.056977 0.0507855 0.0444081 0.0380275 0.031785 0.0258058 0.0202195 0.0151685 0.0107982 0.00722582 0.00450276
 0.0078619 0.0128309 0.01942 0.0275958 0.0370906 0.0472497 0.0570051 0.0651412 0.070738 0.0734606 0.0735116 0.0713751 0.0675886 0.0626384 0.0569323 0.0507935 0.0444642 0.0381219 0.031904 0.0259345 0.0203439 0.0152778 0.0108857 0.0072897 0.00454507
 0.007789 0.0127157 0.0192535 0.0273737 0.0368167 0.0469387 0.0566836 0.0648443 0.0704992 0.0733013 0.0734362 0.0713754 0.0676518 0.0627539 0.057093 0.0509933 0.0446952 0.0383727 0.0321604 0.0261811 0.0205662 0.0154647 0.0110316 0.00739458 0.00461413
 0.00775413 0.0126521 0.0191454 0.0272031 0.0365686 0.0466098 0.0562893 0.0644204 0.0700952 0.0729679 0.0732127 0.071281 0.0676845 0.0628952 0.0573164 0.0512722 0.0450066 0.0386979 0.0324829 0.0264851 0.0208374 0.015692 0.0112089 0.00752252 0.00469878
 0.00775479 0.0126483 0.0191301 0.0271653 0.0364944 0.0464845 0.0561022 0.0641689 0.0697898 0.0726344 0.0728901 0.0710133 0.0675099 0.0628354 0.0573726 0.051428 0.0452355 0.0389705 0.0327725 0.0267688 0.0210968 0.0159134 0.0113846 0.00765105 0.00478494
 0.00934115 0.0148726 0.0218223 0.0299476 0.0388904 0.0480938 0.0567381 0.0638852 0.0688021 0.0712066 0.0712527 0.0693354 0.0659065 0.0613829 0.0561186 0.0503949 0.0444227 0.0383598 0.0323344 0.0264702 0.0209051 0.0157993 0.0113228 0.00762163 0.0047733
 0.00930796 0.0151148 0.0227091 0.0319392 0.0423387 0.052973 0.062473 0.0694437 0.0730605 0.0733903 0.07119 0.0674035 0.062765 0.0576922 0.0523766 0.0469066 0.041343 0.0357479 0.030195 0.0247772 0.0196149 0.0148579 0.0106703 0.00719576 0.00451397
 0.00899467 0.0146175 0.0220049 0.0310721 0.0414749 0.0524401 0.0627224 0.0708895 0.0758318 0.0771449 0.0751543 0.0706654 0.0646533 0.0580095 0.0513738 0.0450732 0.0391765 0.0336175 0.0283131 0.0232327 0.0184193 0.0139813 0.0100629 0.0068004 0.00427404
 0.00882802 0.0143395 0.0215738 0.030447 0.0406308 0.0513976 0.0615872 0.0698819 0.0752728 0.0773698 0.0763614 0.0727691 0.0672457 0.0604912 0.0531969 0.0459529 0.0391513 0.0329527 0.0273405 0.0222248 0.017541 0.0132992 0.00957887 0.00648347 0.00408229
 0.00872369 0.0141686 0.0213137 0.0300742 0.0401244 0.0507452 0.0607963 0.0689937 0.0743777 0.0766176 0.0759506 0.0728987 0.0680271 0.06186 0.0548906 0.0475927 0.0403941 0.0336236 0.0274681 0.0219774 0.0171228 0.0128704 0.00922738 0.00623518 0.00392644
 0.00871004 0.0141359 0.0212449 0.0299462 0.0399125 0.0504309 0.0603738 0.0684738 0.0737876 0.0760024 0.07538 0.072472 0.0678645 0.0620661 0.0554977 0.0485159 0.0414397 0.0345592 0.0281185 0.0222868 0.0171495 0.0127313 0.0090353 0.0060628 0.00380261
 0.00869689 0.0141184 0.0212248 0.0299252 0.0398888 0.0503945 0.0603053 0.0683474 0.073581 0.0757075 0.0750113 0.0720708 0.0674977 0.0618183 0.0554502 0.048715 0.0418646 0.0351155 0.0286696 0.0227116 0.0173896 0.0128011 0.0089949 0.00597876 0.00372115
 0.00868049 0.0140918 0.0211853 0.0298711 0.0398207 0.0503162 0.0602231 0.0682672 0.0735028 0.0756223 0.0749039 0.0719284 0.0673224 0.0616355 0.0553076 0.0486683 0.0419535 0.03534 0.0289825 0.0230356 0.0176514 0.0129621 0.00905889 0.00597751 0.0036914
 0.00867223 0.0140784 0.0211649 0.0298422 0.0397817 0.0502667 0.0601641 0.0682021 0.0734364 0.0755593 0.0748456 0.071871 0.0672589 0.0615611 0.0552285 0.0486051 0.0419363 0.0353935 0.0291098 0.0232117 0.0178335 0.0131098 0.00915158 0.00601813 0.00369743
 0.00865149 0.0140469 0.0211218 0.0297881 0.0397186 0.0501976 0.0600926 0.0681324 0.0733728 0.075506 0.0748055 0.0718451 0.0672452 0.0615552 0.0552261 0.0486063 0.0419484 0.0354292 0.0291794 0.0233144 0.0179539 0.0132246 0.0092408 0.00607375 0.00372368
 0.00863746 0.0140222 0.0210813 0.0297265 0.0396324 0.0500878 0.0599668 0.0680039 0.0732579 0.0754182 0.0747526 0.0718281 0.0672598 0.0615943 0.0552813 0.0486704 0.0420174 0.0355036 0.0292624 0.0234077 0.0180537 0.0133209 0.00932205 0.00613228 0.00375899
 0.00867284 0.0140759 0.0211548 0.0298174 0.0397344 0.05019 0.0600548 0.0680623 0.0732741 0.0753876 0.0746802 0.0717269 0.067146 0.0614823 0.0551811 0.0485873 0.0419536 0.0354599 0.0292397 0.0234057 0.01807 0.0133493 0.00935424 0.00616057 0.00377904
 0.00865258 0.0140494 0.0211266 0.0297957 0.0397282 0.0502054 0.0600916 0.0681132 0.0733272 0.0754296 0.0747012 0.0717227 0.0671187 0.0614395 0.0551325 0.048542 0.0419182 0.0354377 0.0292317 0.0234114 0.0180871 0.013374 0.00938132 0.00618506 0.00379767
 0.00862037 0.0139998 0.0210576 0.0297083 0.0396277 0.050102 0.0599999 0.0680497 0.0733046 0.0754519 0.0747608 0.0718034 0.0672022 0.0615113 0.0551863 0.0485786 0.041943 0.0354574 0.0292516 0.0234344 0.0181136 0.0134024 0.0094088 0.00620875 0.00381568
 0.00862628 0.0140061 0.0210608 0.0297035 0.0396094 0.0500671 0.0599498 0.0679908 0.0732476 0.0754087 0.0747408 0.07181 0.0672317 0.0615541 0.0552306 0.0486151 0.0419677 0.0354715 0.0292596 0.0234412 0.0181224 0.0134141 0.0094223 0.00622193 0.0038267
 0.00862628 0.0140061 0.0210608 0.0297035 0.0396094 0.0500671 0.0599498 0.0679908 0.0732476 0.0754087 0.0747408 0.07181 0.0672317 0.0615541 0.0552306 0.0486151 0.0419677 0.0354715 0.0292596 0.0234412 0.0181224 0.0134141 0.0094223 0.00622193 0.0038267
 0.00896532 0.0145428 0.0218387 0.0307452 0.0409036 0.0515515 0.0615009 0.0694334 0.0743919 0.0761025 0.0749104 0.071471 0.0664708 0.0604974 0.0540114 0.0473516 0.0407511 0.0343646 0.0283003 0.022648 0.017498 0.0129486 0.00909586 0.00600819 0.003697
 0.00841606 0.0137118 0.0207072 0.029347 0.0393274 0.0499365 0.0600266 0.068295 0.0737568 0.0760585 0.0754358 0.0724444 0.0677157 0.0618352 0.0553004 0.0485031 0.0417253 0.0351569 0.0289255 0.0231287 0.0178578 0.0132096 0.00927777 0.0061288 0.00377219
 0.00829794 0.0134551 0.0202056 0.0284727 0.037977 0.0480974 0.0578283 0.0660083 0.0717264 0.0746016 0.0747554 0.0725909 0.0685964 0.0632578 0.0570296 0.0503142 0.0434432 0.0366712 0.0301863 0.0241297 0.0186193 0.0137642 0.00966267 0.00638132 0.00392737
 0.0086729 0.0140487 0.0210607 0.0295966 0.0393139 0.0495023 0.0590642 0.0667928 0.0718298 0.0739524 0.0734851 0.0709877 0.0669937 0.0619207 0.0560922 0.0497792 0.0432247 0.0366512 0.0302588 0.0242233 0.0186984 0.0138187 0.00969558 0.00639957 0.00393699
 0.00834561 0.0135758 0.0204611 0.0289312 0.0386747 0.0489882 0.0587521 0.0667102 0.071937 0.0741449 0.0736309 0.0709893 0.0668423 0.0617054 0.055953 0.0498353 0.0435206 0.0371479 0.0308638 0.0248346 0.019238 0.0142464 0.0100046 0.00660473 0.00406258
 0.00861561 0.013964 0.0209526 0.029483 0.0392329 0.049512 0.0592293 0.0671523 0.0723548 0.0745203 0.0739024 0.0710645 0.0666369 0.06119 0.0551829 0.0489406 0.042659 0.0364464 0.0303804 0.0245576 0.0191129 0.0142099 0.0100073 0.00661807 0.00407435
 0.00860838 0.0139903 0.0210593 0.0297293 0.0396651 0.050131 0.0599702 0.0678982 0.0729828 0.0749517 0.0741227 0.0711026 0.0665235 0.0609326 0.0547742 0.0483892 0.0420138 0.035791 0.0298032 0.0241171 0.0188223 0.0140449 0.00992747 0.00658568 0.00406374
 0.0091287 0.0148084 0.0222373 0.0313025 0.0416305 0.0524307 0.0624725 0.070391 0.0751963 0.0766122 0.0750186 0.0711369 0.0657335 0.0594663 0.052839 0.0461976 0.0397521 0.0336126 0.0278313 0.0224418 0.0174917 0.0130603 0.00924977 0.00615215 0.00380627
 0.00877476 0.0143031 0.0216092 0.0306289 0.0410245 0.052016 0.0623581 0.0706517 0.0758574 0.0776336 0.0762865 0.0724751 0.0669404 0.0603669 0.0533301 0.0462665 0.0394637 0.0330776 0.0271734 0.0217725 0.016895 0.0125843 0.0089073 0.00592907 0.00367433
 0.00819235 0.0133311 0.0201094 0.0284828 0.0381911 0.0486068 0.0586887 0.0672168 0.0732088 0.0762134 0.076298 0.0738468 0.069376 0.0634437 0.0566038 0.0493607 0.0421256 0.0351938 0.0287472 0.0228814 0.0176453 0.0130784 0.00922687 0.00613191 0.00379912
 0.00822939 0.0133271 0.0199808 0.0281026 0.0374096 0.0472946 0.056791 0.0648015 0.0704924 0.073548 0.0741084 0.0725225 0.0691547 0.0643369 0.058401 0.0517052 0.0446257 0.0375222 0.0306986 0.0243798 0.0187143 0.0137957 0.0096844 0.00641116 0.00396227
 0.00884229 0.0143123 0.0214329 0.0300755 0.0398728 0.0500812 0.0595668 0.0670993 0.0718311 0.0735961 0.0728126 0.0701375 0.0661635 0.0612983 0.0557856 0.0497804 0.0434269 0.0369075 0.0304497 0.0242965 0.0186674 0.0137325 0.00960349 0.00633049 0.00389737
 0.00872171 0.0141889 0.0213835 0.0302213 0.0403531 0.0510048 0.0609583 0.0688619 0.0737388 0.0753241 0.0740087 0.0705251 0.065642 0.0599924 0.0540092 0.047925 0.0418262 0.0357438 0.0297365 0.023931 0.0185094 0.0136671 0.00956522 0.00629619 0.00386589
 0.00883388 0.0143437 0.0215696 0.0304217 0.0405648 0.0512619 0.0613408 0.0694728 0.0746512 0.0765197 0.0753437 0.0717481 0.066467 0.0601994 0.0535302 0.0468737 0.0404534 0.0343394 0.0285282 0.0230276 0.0179074 0.0132979 0.00934769 0.00616761 0.00378849
 0.00827144 0.0134729 0.0203424 0.0288291 0.0386457 0.0491136 0.0591326 0.0674474 0.073097 0.0757094 0.0754563 0.0728017 0.0682915 0.0624695 0.0558575 0.048925 0.0420432 0.0354525 0.0292705 0.0235415 0.0183021 0.0136243 0.00961358 0.0063671 0.00392218
#pred catch len freq
 0.00312676 0.00509918 0.00773783 0.0111007 0.0152332 0.0201159 0.0256048 0.0314286 0.0372477 0.0427249 0.0475744 0.0515953 0.0546973 0.0569014 0.0583121 0.0590832 0.0593925 0.059408 0.0592089 0.0586562 0.0572893 0.0543916 0.0493097 0.0419087 0.0328518
