SBPRF35
8.75182
Curr Bio
655152
B35
716708
F35
0.201106
FOFL
0.179902
OFL
91901.1
Bzero
2.50052e+06
#pred survey bio
 4.26791e+06 4.07826e+06 3.88532e+06 3.62996e+06 3.35398e+06 3.06121e+06 2.77334e+06 2.49538e+06 2.21121e+06 1.97142e+06 1.74222e+06 1.52943e+06 1.33356e+06 1.18226e+06 1.04661e+06 931741 828183 771269 730879 684113 658668 631211 611118 607681 597071 596693 591651 593580 582316 583922 587098 585378 576545 567203 564990 557829 546833 530382 533845 542076 541146 545168 556798 569266 571705 579579 586372 583971 578673 579471 585356 554320 596052 639268 615283 649121 630038 618121 555006 555402 621411 666321 617574 615066 607420 661662 2.27816e+07 1.35696e+07 1.37039e+07 1.42786e+07 1.51105e+07 1.60071e+07 1.68425e+07 1.75563e+07 1.81328e+07 1.85813e+07 1.89217e+07 1.91757e+07 1.93634e+07 1.95014e+07 1.96027e+07 1.96771e+07 1.97319e+07 1.97725e+07 1.98027e+07 1.98252e+07 1.98422e+07 1.9855e+07 1.98648e+07 1.98722e+07 1.98779e+07 1.98823e+07 1.98857e+07 1.98883e+07 1.98903e+07 1.98919e+07 1.98931e+07 1.98941e+07 1.98948e+07 1.98954e+07 1.98959e+07 1.98962e+07 1.98965e+07 1.98967e+07 1.98969e+07 1.9897e+07 1.98971e+07 1.98972e+07 1.98973e+07 1.98973e+07 1.98974e+07 1.98974e+07 1.98974e+07 1.98974e+07 1.98974e+07 1.98975e+07 1.98975e+07 1.98975e+07 1.98975e+07 1.98975e+07 1.98975e+07 1.98975e+07 1.98975e+07 1.98975e+07 1.98975e+07 1.98975e+07 1.98975e+07 1.98975e+07 1.98975e+07 1.98975e+07 1.98975e+07 1.98975e+07 1.98975e+07 1.98975e+07 1.98975e+07 1.98975e+07 1.98975e+07 1.98975e+07 1.98975e+07 1.98975e+07 1.98975e+07 1.98975e+07 1.98975e+07 1.98975e+07 1.98975e+07 1.98975e+07 1.98975e+07 1.98975e+07 1.98975e+07 1.98975e+07 1.98975e+07 1.98975e+07 1.98975e+07 1.98975e+07 1.98975e+07 1.98975e+07 1.98975e+07 1.98975e+07 1.98975e+07 1.98975e+07 1.98975e+07 1.98975e+07 1.98975e+07 1.98975e+07 1.98975e+07 1.98975e+07 0 0 0 0 0 0 0 0 0 0 0 0 0 0 0 0 0 0 0 0 0 0 0 0 0
#obs survey bio
 2.86926e+06 3.39768e+06 1.96372e+06 4.24427e+06 2.12618e+06 2.58395e+06 2.37618e+06 2.01963e+06 1.75509e+06 1.49743e+06 1.79177e+06 1.39358e+06 1.49949e+06 1.2344e+06 870002 794287 585708 689040 605697 793028 519092 403732 475814 419901 688500 454072 486525 670599 510417 544987 489718 620091 637778 594916 535975 421043 538032 534560 732016 853873 642730 427826 532144 632814 492859 626703 574284 633132 569420 637527 488129 510642 665280 539129 690416 480464 834916 561303 434339 369220 898813 659783 764786 536404 819067 664739
#pred catch bio
 92744.1 95900.2 162597 199596 239557 263448 282823 314124 295847 302865 299301 290797 255204 243035 224681 212985 171308 156256 159010 137499 135740 126007 109811 114169 103965 106633 99707.9 109202 96628.2 94050.9 96111 98975.5 95792.5 86382.6 87805.4 90711.9 98048.4 84853.7 83518.8 91790.6 87470.7 81821.6 82408.8 91774.2 87789.8 88998.8 96016.3 96960.1 90628.7 86321 117486 58254.5 61075.5 117591 68415.5 113082 105375 147389 94325.9 44327.9 65294.8 141648 100696 106563 56566.6 109481 91901.1 100679 100367 103274 108657 114724 120360 125082 128788 131564 133576 134998 135983 136656 137109 137413 137614 137746 137833 137890 137927 137951 137967 137977 137984 137988 137991 137992 137994 137994 137995 137995 137995 137995 137995 137995 137996 137996 137996 137996 137996 137996 137996 137996 137996 137996 137996 137996 137996 137996 137996 137996 137996 137996 137996 137996 137996 137996 137996 137996 137996 137996 137996 137996 137996 137996 137996 137996 137996 137996 137996 137996 137996 137996 137996 137996 137996 137996 137996 137996 137996 137996 137996 137996 137996 137996 137996 137996 137996 137996 137996 137996 137996 137996 137996 137996 137996 137996 137996 137996 0 0 0 0 0 0 0 0 0 0 0 0 0 0 0 0 0 0 0 0 0 0 0 0 0
#obs catch bio
 0 95598.5 163633 200430 241854 266882 288290 322981 303290 312836 308555 299659 262056 249405 230803 218696 175142 159510 163404 140347 139067 128759 111506 116454 105322 108381 100910 111019 97784.9 95246.9 97435.8 99836.4 96493.2 86722.5 88081.6 91106.6 98875.7 85358.8 83421.2 91689.6 87129.4 81807.1 82313.6 91721.5 88067.4 89077.6 96205.3 96721.8 90390.1 85446.3 117800 57923.6 60683.1 119137 67926.9 113870 104338 147101 94577.3 44059.5 65074.5 143265 100273 107532 56044.8 110050
#pred cpue bio
 4.20232e+06 4.01687e+06 3.82656e+06 3.57203e+06 3.29666e+06 3.00445e+06 2.71711e+06 2.44006e+06 2.15761e+06 1.91943e+06 1.69239e+06 1.48222e+06 1.28907e+06 1.13993e+06 1.0064e+06 893478 791949 736108 696674 651431 627124 600919 581789 578717 568656 568552 563870 565929 555287 557149 560638 559552 551614 543140 541631 535060 523601 506015 508477 516599 516118 520175 531390 543413 545668 553295 560089 558052 553163 554118 559766 529003 569113 611576 588594 621493 603094 591353 529093 528402 592773 637812 590706 587338 579248 632525 2.18328e+07 1.30242e+07 1.30573e+07 1.35148e+07 1.43058e+07 1.51928e+07 1.60263e+07 1.67397e+07 1.73162e+07 1.77647e+07 1.8105e+07 1.8359e+07 1.85467e+07 1.86847e+07 1.8786e+07 1.88604e+07 1.89152e+07 1.89558e+07 1.8986e+07 1.90086e+07 1.90256e+07 1.90384e+07 1.90481e+07 1.90556e+07 1.90613e+07 1.90657e+07 1.9069e+07 1.90717e+07 1.90737e+07 1.90752e+07 1.90765e+07 1.90774e+07 1.90782e+07 1.90787e+07 1.90792e+07 1.90796e+07 1.90798e+07 1.90801e+07 1.90802e+07 1.90804e+07 1.90805e+07 1.90805e+07 1.90806e+07 1.90807e+07 1.90807e+07 1.90807e+07 1.90808e+07 1.90808e+07 1.90808e+07 1.90808e+07 1.90808e+07 1.90808e+07 1.90808e+07 1.90808e+07 1.90808e+07 1.90808e+07 1.90808e+07 1.90808e+07 1.90808e+07 1.90808e+07 1.90808e+07 1.90809e+07 1.90809e+07 1.90809e+07 1.90809e+07 1.90809e+07 1.90809e+07 1.90809e+07 1.90809e+07 1.90809e+07 1.90809e+07 1.90809e+07 1.90809e+07 1.90809e+07 1.90809e+07 1.90809e+07 1.90809e+07 1.90809e+07 1.90809e+07 1.90809e+07 1.90809e+07 1.90809e+07 1.90809e+07 1.90809e+07 1.90809e+07 1.90809e+07 1.90809e+07 1.90809e+07 1.90809e+07 1.90809e+07 1.90809e+07 1.90809e+07 1.90809e+07 1.90809e+07 1.90809e+07 1.90809e+07 1.90809e+07 1.90809e+07 1.90809e+07 1.90809e+07 0 0 0 0 0 0 0 0 0 0 0 0 0 0 0 0 0 0 0 0 0 0 0 0 0
#obs cpue bio
 2.20155e+06 4.74555e+06 2.75772e+06 3.80958e+06 2.31405e+06 2.18047e+06 1.42633e+06 1.65679e+06 2.39883e+06 1.29935e+06 1.58814e+06 1.38697e+06 859711 900544 789863 853166 736892 621063 492064 452502 504728 742200 649469 577416 497105 537541 612862 393210 540699 461280 531265 716771 490852 531078 614069 601554 443097 424087 640955 381783 528756 471465 596848 549678 401020 604174 564299 746772 567748 845549 504299 463519 632864 419488 638706 727945 966392 627496 460492 550400 627432 504682 621122 440450 549804 672727
#pred surv len freq
 0.00471329 0.00771856 0.0117394 0.0167936 0.0227745 0.0293581 0.0359824 0.0419943 0.0468992 0.0505237 0.0529867 0.0545519 0.0554921 0.0560168 0.0562461 0.056206 0.0558433 0.0550503 0.0536764 0.0515169 0.0483082 0.0437895 0.0378617 0.0307737 0.0231835
 0.00504543 0.00813135 0.0121309 0.0170047 0.0226488 0.0288285 0.0351284 0.0410229 0.0460502 0.0499551 0.0527112 0.0544563 0.0554175 0.0558499 0.0559745 0.0559216 0.0556969 0.0551784 0.054132 0.0522372 0.0491374 0.0445465 0.0384153 0.0310846 0.0232946
 0.00529152 0.00855983 0.0128181 0.0180122 0.0239776 0.030367 0.0366353 0.042185 0.0466083 0.0498278 0.0520261 0.0534643 0.0543525 0.0548333 0.0550183 0.0550013 0.0548252 0.0544248 0.053583 0.0519347 0.0490437 0.0445615 0.038431 0.031037 0.0231805
 0.00555186 0.0089755 0.0134328 0.0188691 0.0251189 0.0318234 0.0383981 0.0441671 0.0486167 0.0515795 0.0532246 0.0539082 0.0540148 0.0538554 0.0536254 0.0534048 0.0531753 0.0528219 0.0521067 0.0506499 0.0479835 0.0437146 0.0377553 0.0304892 0.0227375
 0.00586228 0.00946782 0.0141508 0.0198459 0.0263724 0.0333505 0.0401681 0.0461185 0.0506581 0.0535877 0.0550362 0.0553214 0.0548219 0.0539077 0.052895 0.0519989 0.0512932 0.0506873 0.0499171 0.0485572 0.0460928 0.042088 0.0364168 0.0294356 0.0219488
 0.00616924 0.00996596 0.0148984 0.0208954 0.0277593 0.0350763 0.0421847 0.0483255 0.052921 0.0557655 0.0570011 0.0569564 0.0560057 0.0545091 0.0527942 0.0511329 0.0496967 0.0485011 0.0473561 0.0458594 0.0434752 0.0397199 0.0344106 0.0278453 0.020775
 0.00642832 0.010392 0.0155491 0.0218287 0.0290234 0.0366933 0.0441314 0.0505248 0.055249 0.0580732 0.0591378 0.0587863 0.0574133 0.0553939 0.053064 0.0507081 0.0485345 0.0466297 0.0448981 0.0430243 0.0405218 0.0369049 0.0319419 0.0258518 0.0192965
 0.00664406 0.010749 0.0160986 0.0226243 0.0301127 0.0381038 0.0458546 0.0525072 0.057397 0.0602661 0.0612434 0.0606724 0.0589558 0.0564822 0.0536024 0.0506157 0.0477521 0.0451391 0.0427511 0.0403647 0.0375804 0.0339611 0.0292629 0.0236329 0.0176264
 0.00693573 0.0112125 0.0167771 0.0235523 0.0313126 0.0395792 0.0475811 0.0544269 0.0594227 0.0622938 0.0631642 0.0623814 0.0603552 0.057482 0.05412 0.0505763 0.0470928 0.0438227 0.0407914 0.0378551 0.0347084 0.0309904 0.0264786 0.0212708 0.0158168
 0.0071227 0.0115295 0.0172779 0.024294 0.0323426 0.0409147 0.0491916 0.056232 0.0613094 0.0641446 0.0648788 0.0638818 0.0615792 0.0583731 0.05462 0.0506226 0.0466224 0.0427849 0.0391716 0.0357048 0.0321683 0.0282856 0.023877 0.0190142 0.0140565
 0.00731263 0.0118406 0.0177512 0.0249716 0.0332619 0.0420982 0.0506332 0.057886 0.0630905 0.0659386 0.066561 0.0653383 0.0627227 0.059148 0.0549949 0.0505751 0.0461263 0.0418114 0.0377057 0.0337762 0.0298801 0.0258217 0.0214734 0.0168982 0.0123828
 0.00756732 0.012244 0.0183385 0.0257691 0.0342832 0.0433385 0.0520626 0.0594468 0.0647029 0.0675125 0.068007 0.0665729 0.063673 0.0597564 0.0552229 0.0504021 0.045543 0.0408128 0.0362956 0.0319854 0.0277918 0.0235851 0.0192869 0.0149614 0.0108384
 0.00786528 0.0127205 0.0190401 0.0267314 0.0355218 0.0448363 0.0537578 0.0612335 0.0664495 0.0690916 0.0693195 0.0675575 0.0643 0.0600163 0.0551165 0.0499344 0.0447209 0.0396453 0.0347994 0.0301975 0.0257877 0.0214903 0.0172659 0.0131811 0.00941963
 0.00813214 0.0131415 0.0196501 0.0275546 0.0365683 0.0460967 0.0551946 0.0627766 0.0680012 0.0705413 0.0705621 0.068509 0.064907 0.0602572 0.054995 0.0494692 0.0439347 0.0385607 0.0334418 0.0286067 0.0240324 0.0196766 0.0155289 0.0116564 0.0082053
 0.00838734 0.0135548 0.0202681 0.0284168 0.0376963 0.0474788 0.0567724 0.064445 0.0696277 0.0719951 0.0717389 0.0693402 0.0653575 0.0603197 0.0546846 0.0488172 0.0429818 0.0373504 0.0320184 0.027021 0.0223522 0.0179936 0.0139536 0.0102956 0.00713281
 0.00860576 0.0139068 0.0207923 0.029147 0.0386553 0.0486677 0.0581587 0.0659558 0.0711559 0.0734168 0.0729349 0.070215 0.0658516 0.0604124 0.0543896 0.0481724 0.0420383 0.0361645 0.0306481 0.0255282 0.0208077 0.0164815 0.0125656 0.00911513 0.00621316
 0.00889663 0.0143604 0.0214388 0.0300014 0.0397148 0.049909 0.0595332 0.0673884 0.0725516 0.0746752 0.0739643 0.0709417 0.0662254 0.0604103 0.054017 0.0474608 0.0410396 0.0349418 0.0292697 0.024065 0.0193344 0.0150767 0.011307 0.00806668 0.00541011
 0.00898388 0.0145027 0.0216539 0.0303064 0.0401232 0.0504263 0.0601526 0.0680892 0.073303 0.0754409 0.0747052 0.0716147 0.0667816 0.060797 0.0541856 0.0473778 0.0406948 0.0343521 0.0284766 0.0231285 0.0183273 0.0140775 0.0103909 0.00729387 0.00481431
 0.00891306 0.0144106 0.021558 0.0302385 0.0401219 0.0505253 0.0603701 0.0684245 0.0737392 0.075952 0.075261 0.0721828 0.0673264 0.0612789 0.0545607 0.0476021 0.0407322 0.034184 0.0281091 0.0225949 0.0176835 0.0133932 0.00973699 0.00672855 0.00437239
 0.00895241 0.0144679 0.0216328 0.0303287 0.0402278 0.0506542 0.0605374 0.0686483 0.0740303 0.0763038 0.0756482 0.0725683 0.0676732 0.0615584 0.0547535 0.0476932 0.0407072 0.0340304 0.0278231 0.0221886 0.0171895 0.0128608 0.00922197 0.00627976 0.00402018
 0.00893155 0.0144279 0.0215619 0.030213 0.0400563 0.0504262 0.0602696 0.0683773 0.0738077 0.0761844 0.0756741 0.0727557 0.0680063 0.0619924 0.0552275 0.0481445 0.0410822 0.0342901 0.0279453 0.0221703 0.0170482 0.0126328 0.00895446 0.00601925 0.00380103
 0.0089734 0.0144904 0.0216448 0.0303108 0.0401572 0.0505126 0.0603202 0.0683722 0.0737368 0.0760555 0.0755161 0.0726125 0.0679224 0.0619971 0.055324 0.0483094 0.0412737 0.0344611 0.0280559 0.0221967 0.0169872 0.0125009 0.00878229 0.0058413 0.0036455
 0.00907549 0.0146335 0.021818 0.0304894 0.0403102 0.0506131 0.060354 0.068339 0.0736454 0.0759186 0.0753481 0.0724319 0.0677534 0.0618679 0.0552586 0.0483182 0.0413472 0.0345715 0.0281659 0.0222723 0.0170076 0.0124643 0.00870306 0.00574287 0.0035506
 0.00902255 0.0145565 0.0217184 0.0303724 0.0401811 0.0504727 0.0601972 0.0681598 0.0734448 0.0757117 0.0751631 0.0723007 0.0677007 0.0619044 0.0553816 0.0485151 0.0415984 0.0348509 0.0284423 0.0225138 0.0171899 0.012577 0.00875177 0.00574519 0.00352813
 0.00902763 0.0145633 0.021726 0.0303798 0.0401877 0.0504791 0.0602042 0.0681659 0.0734437 0.0756915 0.0751114 0.0722128 0.0675859 0.061785 0.0552852 0.0484645 0.0416046 0.0349103 0.028539 0.0226246 0.0172909 0.0126506 0.0087915 0.00575534 0.00351947
 0.00901442 0.0145319 0.0216609 0.0302618 0.0400006 0.0502192 0.0598884 0.0678315 0.0731388 0.0754603 0.0749807 0.0721869 0.0676498 0.0619144 0.055457 0.048663 0.0418213 0.0351392 0.028771 0.0228459 0.0174854 0.012805 0.0088999 0.00582084 0.00355201
 0.00901108 0.0145319 0.0216698 0.0302857 0.0400408 0.0502668 0.059922 0.067823 0.0730663 0.0753207 0.074795 0.0719922 0.0674845 0.0618043 0.0554102 0.048674 0.0418779 0.0352288 0.0288821 0.0229668 0.0176033 0.0129078 0.00897912 0.00587391 0.0035822
 0.00887382 0.0143276 0.0213984 0.0299606 0.0396879 0.0499189 0.0596131 0.0675826 0.0729122 0.0752551 0.0748052 0.0720594 0.0675938 0.0619499 0.0555921 0.048891 0.0421229 0.0354887 0.0291408 0.0232091 0.0178165 0.0130829 0.00911203 0.00596588 0.00363947
 0.00890473 0.0143649 0.0214309 0.0299713 0.03966 0.0498447 0.0595007 0.0674544 0.0727958 0.0751711 0.0747593 0.0720427 0.0675904 0.0619466 0.0555856 0.0488879 0.0421343 0.0355232 0.0292001 0.0232871 0.0179026 0.0131657 0.00918238 0.00601898 0.00367497
 0.00878771 0.0141892 0.0211932 0.0296774 0.0393214 0.0494754 0.0591163 0.0670748 0.0724495 0.0748951 0.0745921 0.072012 0.0677019 0.0621807 0.0559043 0.0492483 0.0425009 0.0358729 0.0295204 0.0235712 0.0181457 0.0133638 0.00933414 0.00612675 0.00374512
 0.00859109 0.0138903 0.0207827 0.0291623 0.0387252 0.0488355 0.0584813 0.0664998 0.0719869 0.0745835 0.0744512 0.072044 0.067897 0.0625201 0.0563597 0.0497814 0.0430674 0.0364302 0.0300348 0.0240207 0.0185192 0.0136587 0.00955375 0.00627961 0.00384352
 0.00844363 0.0136557 0.0204401 0.0286983 0.0381397 0.0481487 0.0577394 0.0657726 0.071354 0.0741149 0.0741902 0.0720024 0.0680604 0.0628579 0.0568339 0.0503511 0.0436901 0.037063 0.0306376 0.0245608 0.0189747 0.01402 0.00982236 0.00646575 0.00396286
 0.0083616 0.0135247 0.0202472 0.0284327 0.037794 0.047722 0.0572419 0.0652291 0.0708047 0.073611 0.0737857 0.071744 0.0679772 0.0629567 0.0570993 0.0507514 0.0441842 0.0376064 0.0311864 0.0250758 0.0194254 0.0143875 0.0101009 0.00666113 0.00408906
 0.00826699 0.0133772 0.0200371 0.0281551 0.0374497 0.0473182 0.0567932 0.064758 0.0703397 0.0731834 0.073427 0.0714843 0.0678439 0.0629698 0.0572665 0.0510632 0.0446143 0.038115 0.0317274 0.0256038 0.0199017 0.0147853 0.010408 0.00687955 0.00423149
 0.00831778 0.0134211 0.0200324 0.0280415 0.0371665 0.0468326 0.0561224 0.0639713 0.069537 0.0724637 0.0728642 0.0711184 0.0676863 0.0630132 0.0574925 0.0514467 0.0451226 0.038708 0.0323584 0.0262238 0.0204664 0.0152618 0.0107794 0.00714583 0.00440624
 0.00902331 0.0144291 0.0212897 0.0294045 0.0384338 0.0478027 0.0566464 0.06398 0.0690449 0.0715591 0.0716894 0.0698392 0.0664562 0.0619457 0.0566515 0.0508523 0.0447645 0.0385565 0.0323713 0.0263516 0.0206577 0.0154701 0.0109695 0.00729732 0.00451341
 0.00956035 0.0153084 0.0226154 0.0312522 0.0408047 0.0505678 0.0595138 0.0665304 0.070846 0.0723097 0.0713146 0.0684897 0.0644285 0.059578 0.0542422 0.0486188 0.0428368 0.0369903 0.0311689 0.0254804 0.0200648 0.015094 0.010749 0.00717917 0.00445616
 0.00946843 0.0152632 0.022741 0.0317307 0.0418316 0.0522754 0.0618955 0.0694013 0.0738599 0.075028 0.0733076 0.0694453 0.0642342 0.0583424 0.0522452 0.0462166 0.0403652 0.0347029 0.0292172 0.0239254 0.0189016 0.0142762 0.0102102 0.00684788 0.00426713
 0.00911852 0.0147231 0.0219898 0.0307896 0.0407847 0.0512872 0.0612069 0.0692834 0.0745208 0.0765076 0.0754214 0.071818 0.0664131 0.0599407 0.0530514 0.046231 0.0397604 0.033737 0.0281439 0.0229337 0.0180955 0.0136858 0.00981621 0.00660742 0.00413292
 0.00891363 0.0143827 0.0214653 0.0300358 0.0397764 0.0500446 0.0598233 0.067937 0.0734558 0.0759807 0.0756248 0.0728022 0.0680437 0.061918 0.0549983 0.0478133 0.0407863 0.0341909 0.0281494 0.0226761 0.0177475 0.0133641 0.00957411 0.00645125 0.00404483
 0.00900927 0.0145041 0.0215835 0.0300987 0.0397172 0.0497995 0.0593517 0.067239 0.0725857 0.0750538 0.0748096 0.0722881 0.0679845 0.0623679 0.0558738 0.0489102 0.0418505 0.0350113 0.0286255 0.0228282 0.017676 0.013189 0.00938876 0.00630488 0.00394937
 0.0090981 0.0146398 0.0217697 0.0303277 0.0399657 0.0500246 0.0594912 0.0672217 0.0723524 0.0745852 0.0741473 0.0715385 0.0672993 0.0619037 0.0557402 0.0491258 0.0423302 0.0355989 0.0291569 0.0231941 0.0178495 0.0132107 0.00932768 0.00622171 0.00387924
 0.00907144 0.0146042 0.0217303 0.0302943 0.0399494 0.0500329 0.0595222 0.0672595 0.0723669 0.0745375 0.0740018 0.0712812 0.0669544 0.0615389 0.0554513 0.0490027 0.0424175 0.0358724 0.0295328 0.0235671 0.0181381 0.0133833 0.00939903 0.00622977 0.00386094
 0.00904315 0.0145576 0.0216599 0.030196 0.0398239 0.0498886 0.0593765 0.0671359 0.0722861 0.0745064 0.0740075 0.0712939 0.0669411 0.0614814 0.055361 0.0489206 0.0423973 0.0359519 0.0297121 0.0238065 0.0183789 0.0135764 0.00952329 0.00629192 0.00388212
 0.00900066 0.0145073 0.0216179 0.0301875 0.0398733 0.0500073 0.0595537 0.0673398 0.0724769 0.074651 0.0740883 0.071307 0.066889 0.0613681 0.0551946 0.0487197 0.0421941 0.0357858 0.0296133 0.0237826 0.0184116 0.0136336 0.00957596 0.00632524 0.00389578
 0.00886967 0.0143071 0.0213419 0.0298417 0.0394796 0.049604 0.0591933 0.0670797 0.072362 0.0746968 0.0742743 0.071586 0.0672053 0.0616745 0.0554597 0.0489294 0.0423502 0.0359028 0.0297123 0.0238811 0.0185157 0.0137369 0.00966597 0.00639226 0.00393789
 0.00873811 0.014103 0.0210535 0.029466 0.0390244 0.0490906 0.0586591 0.0665785 0.0719567 0.0744458 0.0742155 0.071725 0.0675134 0.0620971 0.0559323 0.0493944 0.0427681 0.0362557 0.0300005 0.024115 0.0187071 0.0138929 0.00978854 0.0064818 0.00399696
 0.008705 0.0140472 0.0209658 0.0293368 0.0388457 0.0488596 0.058382 0.0662721 0.0716472 0.0741659 0.0739995 0.0716039 0.067508 0.0622108 0.0561481 0.0496779 0.0430774 0.0365535 0.0302625 0.0243319 0.01888 0.0140275 0.00989048 0.00655533 0.00404616
 0.00873824 0.014092 0.0210159 0.0293797 0.0388652 0.0488397 0.0583114 0.0661464 0.0714706 0.0739509 0.073767 0.0713815 0.0673259 0.0620964 0.0561186 0.0497352 0.0432066 0.0367275 0.030451 0.0245097 0.0190322 0.0141486 0.00998134 0.00661969 0.0040888
 0.00888852 0.0142999 0.0212612 0.0296206 0.0390491 0.0489216 0.058269 0.0659844 0.0712148 0.0736374 0.0734334 0.0710619 0.0670492 0.0618851 0.0559881 0.0496919 0.0432461 0.0368343 0.0306007 0.0246751 0.0191896 0.0142824 0.0100849 0.00669333 0.00413705
 0.00905486 0.0145523 0.0216058 0.0300462 0.0395245 0.0493951 0.0586723 0.0662445 0.0712747 0.0734781 0.073083 0.0705856 0.0665259 0.061385 0.0555605 0.0493632 0.0430243 0.036713 0.0305627 0.0246965 0.0192446 0.0143484 0.0101461 0.00674178 0.00417086
 0.00931988 0.0150009 0.0223106 0.0310765 0.0409198 0.0511276 0.0606166 0.0681808 0.0729351 0.0746189 0.0735498 0.0703446 0.065658 0.0600526 0.0539617 0.0476891 0.041428 0.0352972 0.0293809 0.023762 0.0185429 0.0138481 0.00980837 0.00652692 0.00404297
 0.00882289 0.0142414 0.0212632 0.0297641 0.0394238 0.0495933 0.0592461 0.0672005 0.0725321 0.0748708 0.0743884 0.0715788 0.067044 0.0613728 0.0550768 0.0485499 0.0420556 0.0357482 0.0297158 0.024026 0.0187605 0.0140278 0.00995082 0.00663219 0.00411426
 0.00856892 0.0138101 0.0205826 0.0287629 0.0380569 0.0478787 0.057298 0.0652338 0.0708251 0.0736958 0.0739369 0.0719092 0.068068 0.0628849 0.0568172 0.0502776 0.0436021 0.0370341 0.0307346 0.0248112 0.0193562 0.014472 0.0102722 0.00685376 0.00425719
 0.00886975 0.014279 0.0212457 0.0296177 0.0390576 0.0489223 0.058224 0.0658519 0.070976 0.0733197 0.0731106 0.0708253 0.0669638 0.0619585 0.0561699 0.0499038 0.0434229 0.036951 0.0306732 0.0247386 0.0192727 0.0143923 0.0102091 0.00681159 0.0042332
 0.00851923 0.0137608 0.0205631 0.0288117 0.0381993 0.0480975 0.0575147 0.0653189 0.0706426 0.0731648 0.0730816 0.0708709 0.0670687 0.062154 0.056511 0.0504261 0.0441108 0.0377358 0.0314604 0.0254441 0.0198466 0.0148226 0.01051 0.00700941 0.00435546
 0.00877557 0.0141244 0.0210129 0.0292969 0.0386565 0.0484769 0.0577984 0.0655185 0.0707788 0.073243 0.0730792 0.0707456 0.0667841 0.0617088 0.0559539 0.0498464 0.0436047 0.0373694 0.031249 0.0253586 0.0198377 0.0148455 0.0105372 0.00702992 0.00436819
 0.00908513 0.0145962 0.0216616 0.0301079 0.0395821 0.0494361 0.0586829 0.0662121 0.0711893 0.0733338 0.0728785 0.0703238 0.0662165 0.0610493 0.0552358 0.049101 0.0428767 0.0367141 0.0307141 0.0249656 0.0195775 0.0146882 0.0104483 0.00698146 0.00434214
 0.00965587 0.0155176 0.0230314 0.031999 0.0420118 0.0523245 0.0618202 0.0692658 0.0737699 0.0750962 0.0736121 0.0699934 0.0649468 0.0590708 0.0528177 0.0464965 0.0402938 0.0343096 0.028598 0.0232039 0.0181927 0.0136628 0.0097347 0.00651605 0.0040589
 0.00921945 0.0149072 0.0222998 0.0312676 0.0414494 0.0521056 0.06208 0.0700641 0.0750678 0.0767478 0.0753821 0.0716078 0.0661634 0.0597419 0.0529169 0.046104 0.0395543 0.0333855 0.027635 0.0223127 0.0174425 0.013083 0.00932191 0.00624507 0.00389494
 0.00851231 0.0137589 0.0205844 0.0288963 0.0384225 0.0485772 0.0584003 0.0667486 0.0726724 0.0756975 0.0758373 0.0734288 0.068975 0.0630539 0.0562542 0.0491049 0.042017 0.0352608 0.0289809 0.0232386 0.0180638 0.0134953 0.00959349 0.00642102 0.00400486
 0.00851185 0.0136874 0.0203433 0.0283439 0.0374021 0.0469704 0.0561879 0.0640556 0.0697792 0.0730064 0.0737926 0.0724021 0.069152 0.0643728 0.0584281 0.0517192 0.0446565 0.0376119 0.0308777 0.0246506 0.0190495 0.01415 0.0100118 0.00667915 0.00415791
 0.00924422 0.0148322 0.0219718 0.030467 0.0399393 0.0497176 0.058803 0.0660987 0.0708229 0.0727828 0.0723056 0.069944 0.0662152 0.0614956 0.0560359 0.0500221 0.0436377 0.0370981 0.0306463 0.0245211 0.0189235 0.0140035 0.00986125 0.00654881 0.00406176
 0.00918794 0.0148069 0.0220565 0.0307768 0.0405963 0.0508001 0.0602947 0.0678602 0.0726013 0.0742586 0.0731697 0.0699902 0.065417 0.0600308 0.0542351 0.0482561 0.0421934 0.0361033 0.0300712 0.0242416 0.0188006 0.0139376 0.00980558 0.00649423 0.00401417
 0.00885557 0.0143317 0.0214661 0.030149 0.0400518 0.0504818 0.0603404 0.0683702 0.0735999 0.0756594 0.0747657 0.0714889 0.0665197 0.0605292 0.0540833 0.0475823 0.0412428 0.0351382 0.0292797 0.0236961 0.0184763 0.0137635 0.00971281 0.00643889 0.00397663
 0.00793433 0.0129087 0.0194697 0.0275795 0.0369991 0.0471426 0.0570274 0.0654898 0.0715761 0.0748223 0.0752514 0.073195 0.0691317 0.0636046 0.0571691 0.0503281 0.0434703 0.0368411 0.0305613 0.0246843 0.0192633 0.0143907 0.0101911 0.0067761 0.00419232
#obs surv len freq
 nan nan nan nan nan nan nan nan nan nan nan nan nan nan nan nan nan nan nan nan nan nan nan nan nan
 0.00449379 0.00735899 0.0111921 0.0160097 0.0217093 0.0279816 0.0342913 0.0400181 0.0446939 0.0481549 0.0505109 0.0520054 0.0528967 0.0534083 0.0537221 0.0539766 0.0542548 0.0545474 0.054686 0.0542779 0.0527161 0.0493488 0.0437994 0.0362806 0.0276655
 0.00461793 0.00756664 0.0115149 0.0164793 0.0223487 0.0287927 0.035243 0.0410443 0.0457042 0.0490546 0.0512197 0.0524689 0.05309 0.0533344 0.0534058 0.0534571 0.0535767 0.0537539 0.0538167 0.0533702 0.0518095 0.0484872 0.0430286 0.0356395 0.0271756
 0.00478071 0.00783116 0.0119132 0.017042 0.0231007 0.0297445 0.0363803 0.0423205 0.0470416 0.0503533 0.0523717 0.0533737 0.0536689 0.0535413 0.0532317 0.0529263 0.052738 0.0526699 0.0525558 0.0520041 0.0504145 0.0471446 0.0418192 0.0346298 0.0264025
 0.00496972 0.00814095 0.012384 0.0177126 0.0240007 0.0308823 0.0377315 0.0438244 0.0486102 0.0518872 0.0537725 0.0545489 0.0545337 0.0540233 0.0532797 0.0525196 0.0518917 0.0514333 0.0510067 0.0502426 0.0485584 0.0453229 0.0401588 0.0332343 0.02533
 0.00518008 0.00848512 0.0129061 0.0184557 0.0249984 0.0321467 0.0392393 0.0455118 0.0503807 0.0536292 0.0553766 0.0559177 0.0555844 0.054686 0.0534964 0.0522483 0.0511138 0.050164 0.0493036 0.0482085 0.046338 0.0430897 0.0380903 0.0314779 0.0239716
 0.00541255 0.00886411 0.0134786 0.0192663 0.0260815 0.0335134 0.0408639 0.0473264 0.0522844 0.055506 0.0571132 0.0574136 0.0567546 0.0554599 0.0538162 0.0520671 0.0503992 0.0489078 0.0475373 0.0460192 0.0438746 0.0405525 0.0356983 0.0294214 0.0223678
 0.00565358 0.0092597 0.0140809 0.020126 0.0272381 0.0349794 0.0426088 0.0492722 0.0543168 0.0574976 0.0589439 0.0589816 0.057978 0.0562739 0.0541683 0.0519134 0.0497046 0.0476536 0.0457376 0.0437431 0.041263 0.0378143 0.0330774 0.027141 0.0205732
 0.00588374 0.00963868 0.0146604 0.0209577 0.0283643 0.0364174 0.0443351 0.0512152 0.0563665 0.0595257 0.0608241 0.0606034 0.0592523 0.0571328 0.0545611 0.0518008 0.049055 0.0464465 0.0439786 0.0414878 0.0386393 0.0350261 0.0303756 0.0247649 0.0186867
 0.00614925 0.0100694 0.0153071 0.0218673 0.0295713 0.0379308 0.0461238 0.0532025 0.05844 0.0615571 0.0626896 0.0621956 0.0604848 0.0579406 0.0548975 0.0516327 0.0483581 0.0452062 0.0422011 0.0392228 0.0360046 0.0322162 0.0276378 0.0223423 0.0167517
 0.00636184 0.0104266 0.0158658 0.022687 0.0307012 0.0393892 0.0478789 0.0551679 0.0604897 0.0635536 0.0645077 0.0637338 0.0616665 0.0587094 0.055213 0.0514655 0.0476869 0.0440189 0.0405049 0.0370638 0.0334909 0.0295282 0.0250083 0.0200046 0.0148756
 0.00661894 0.0108389 0.0164766 0.0235344 0.0318135 0.0407759 0.0495189 0.057001 0.062419 0.0654581 0.0662606 0.0652195 0.0627934 0.0594156 0.0554633 0.0512431 0.0469842 0.0428355 0.0388543 0.034992 0.0310982 0.02698 0.0225189 0.0177904 0.0130956
 0.00684118 0.0112092 0.0170495 0.0243643 0.0329407 0.0422069 0.0512091 0.0588534 0.064305 0.0672481 0.0678459 0.0665193 0.0637485 0.0599824 0.055611 0.0509538 0.0462518 0.0416643 0.0372642 0.033031 0.0288604 0.0246153 0.0202193 0.0157496 0.011456
 0.0070499 0.0115506 0.0175676 0.0251025 0.033934 0.0434696 0.0527197 0.0605465 0.0660757 0.068969 0.06939 0.0677791 0.0646487 0.0604817 0.0556951 0.0506241 0.0455169 0.0405377 0.0357705 0.0312186 0.0268167 0.0224745 0.0181503 0.0139207 0.00999016
 0.00728882 0.0119419 0.0181614 0.0259452 0.0350577 0.0448751 0.0543612 0.0623292 0.0678715 0.0706439 0.0708267 0.0688881 0.0653707 0.0607858 0.0555763 0.0500978 0.0446109 0.0392865 0.0342146 0.0294137 0.024847 0.0204596 0.0162359 0.012249 0.0086616
 0.00746363 0.0122306 0.0186042 0.0265829 0.0359234 0.0459816 0.0556871 0.0638124 0.0694161 0.0721364 0.0721551 0.0699569 0.0661092 0.0611515 0.0555536 0.0496934 0.0438483 0.0382007 0.0328515 0.027834 0.0231331 0.0187196 0.0145948 0.0108247 0.00753523
 0.00757003 0.0124051 0.0188704 0.0269648 0.0364431 0.0466535 0.0565111 0.0647687 0.070465 0.0732213 0.0732076 0.0709021 0.0668732 0.0616697 0.0557782 0.0495983 0.0434297 0.0374756 0.0318562 0.0266241 0.0217863 0.0173342 0.0132801 0.00968118 0.00663047
 0.00762284 0.0124889 0.0189931 0.0271341 0.0366666 0.0469394 0.0568675 0.0652019 0.0709772 0.0738074 0.0738517 0.0715737 0.067526 0.0622448 0.0562112 0.04983 0.0434162 0.0371963 0.0313177 0.0258621 0.0208642 0.0163381 0.012307 0.00882001 0.00594205
 0.00766774 0.0125564 0.0190845 0.0272474 0.0367978 0.0470849 0.0570261 0.0653765 0.0711749 0.0740395 0.07413 0.0719054 0.067906 0.0626504 0.056601 0.0501485 0.0436045 0.0372052 0.0311198 0.025461 0.0202969 0.0156705 0.0116207 0.00819328 0.00543115
 0.00773459 0.0126526 0.0192062 0.0273828 0.0369305 0.0471993 0.0571122 0.0654326 0.071208 0.0740643 0.0741668 0.0719762 0.0680284 0.0628307 0.0568283 0.0503926 0.0438191 0.0373371 0.0311232 0.0253114 0.0200011 0.0152669 0.0111696 0.00775964 0.00506584
 0.0077899 0.0127407 0.0193344 0.0275545 0.0371421 0.0474365 0.057349 0.065635 0.0713448 0.0741189 0.0741445 0.0719024 0.0679393 0.0627608 0.0568007 0.0504119 0.0438692 0.0373845 0.0311268 0.0252361 0.0198314 0.0150145 0.0108697 0.00745843 0.00480402
 0.00782845 0.012799 0.0194141 0.0276548 0.0372604 0.0475694 0.0574918 0.0657804 0.0714805 0.0742284 0.0742115 0.0719171 0.0679043 0.0626928 0.0567243 0.0503502 0.0438337 0.0373698 0.0311119 0.0251935 0.0197397 0.0148688 0.0106851 0.00726292 0.00462704
 0.00784555 0.0128235 0.0194451 0.0276892 0.037294 0.0475986 0.0575151 0.0657991 0.0714986 0.0742507 0.0742405 0.0719513 0.0679379 0.0627187 0.0567394 0.0503573 0.0438397 0.0373789 0.0311204 0.0251895 0.0197087 0.0148027 0.0105879 0.00714994 0.00451793
 0.00789381 0.0128918 0.019529 0.027778 0.0373735 0.0476558 0.0575421 0.0657949 0.0714684 0.074204 0.0741892 0.0719061 0.0679064 0.062703 0.0567364 0.0503618 0.043847 0.0373862 0.031125 0.0251865 0.0196914 0.0147658 0.0105318 0.00708209 0.00444983
 0.00788996 0.0128919 0.0195403 0.0278096 0.0374321 0.0477397 0.0576383 0.0658813 0.0715223 0.0742125 0.0741538 0.0718416 0.0678331 0.0626385 0.0566912 0.050338 0.0438406 0.0373906 0.0311329 0.0251912 0.0196871 0.0147489 0.010502 0.00704343 0.00440915
 0.00789074 0.0128872 0.0195228 0.0277707 0.0373663 0.0476499 0.0575389 0.0657944 0.0714679 0.0741989 0.0741746 0.0718812 0.0678766 0.062679 0.0567299 0.0503799 0.043889 0.0374445 0.0311875 0.02524 0.019724 0.01477 0.0105069 0.00703546 0.00439381
 0.00791627 0.0129232 0.0195662 0.0278143 0.0373992 0.0476601 0.0575166 0.0657357 0.0713786 0.0740945 0.0740764 0.0718084 0.0678384 0.0626736 0.0567483 0.0504123 0.0439289 0.0374884 0.0312329 0.0252831 0.0197604 0.0147958 0.0105206 0.00703835 0.00438938
 0.00789679 0.0128951 0.0195304 0.0277735 0.0373562 0.0476163 0.0574702 0.0656826 0.071315 0.0740205 0.0739983 0.0717386 0.067792 0.0626623 0.0567759 0.0504738 0.0440134 0.0375833 0.0313275 0.0253697 0.0198336 0.0148525 0.0105599 0.00706174 0.00440059
 0.0079022 0.0128972 0.0195217 0.0277436 0.0372962 0.0475235 0.0573518 0.0655548 0.0711966 0.0739254 0.0739321 0.0717 0.0677777 0.062671 0.0568092 0.0505328 0.0440959 0.0376825 0.0314335 0.0254721 0.0199238 0.0149252 0.0106132 0.00709689 0.00442103
 0.00786864 0.012846 0.0194505 0.0276518 0.0371839 0.0473908 0.0571998 0.0653877 0.0710248 0.0737661 0.0738063 0.0716258 0.0677645 0.0627175 0.0569052 0.0506652 0.0442516 0.0378499 0.0316015 0.0256301 0.0200627 0.0150384 0.0106983 0.00715546 0.00445756
 0.00787047 0.0128408 0.019428 0.0275981 0.0370863 0.0472442 0.0570113 0.0651764 0.0708151 0.0735803 0.0736602 0.071529 0.0677228 0.0627333 0.056977 0.0507855 0.0444081 0.0380275 0.031785 0.0258058 0.0202195 0.0151685 0.0107982 0.00722582 0.00450276
 0.0078619 0.0128309 0.01942 0.0275958 0.0370906 0.0472497 0.0570051 0.0651412 0.070738 0.0734606 0.0735116 0.0713751 0.0675886 0.0626384 0.0569323 0.0507935 0.0444642 0.0381219 0.031904 0.0259345 0.0203439 0.0152778 0.0108857 0.0072897 0.00454507
 0.007789 0.0127157 0.0192535 0.0273737 0.0368167 0.0469387 0.0566836 0.0648443 0.0704992 0.0733013 0.0734362 0.0713754 0.0676518 0.0627539 0.057093 0.0509933 0.0446952 0.0383727 0.0321604 0.0261811 0.0205662 0.0154647 0.0110316 0.00739458 0.00461413
 0.00775413 0.0126521 0.0191454 0.0272031 0.0365686 0.0466098 0.0562893 0.0644204 0.0700952 0.0729679 0.0732127 0.071281 0.0676845 0.0628952 0.0573164 0.0512722 0.0450066 0.0386979 0.0324829 0.0264851 0.0208374 0.015692 0.0112089 0.00752252 0.00469878
 0.00775479 0.0126483 0.0191301 0.0271653 0.0364944 0.0464845 0.0561022 0.0641689 0.0697898 0.0726344 0.0728901 0.0710133 0.0675099 0.0628354 0.0573726 0.051428 0.0452355 0.0389705 0.0327725 0.0267688 0.0210968 0.0159134 0.0113846 0.00765105 0.00478494
 0.00934115 0.0148726 0.0218223 0.0299476 0.0388904 0.0480938 0.0567381 0.0638852 0.0688021 0.0712066 0.0712527 0.0693354 0.0659065 0.0613829 0.0561186 0.0503949 0.0444227 0.0383598 0.0323344 0.0264702 0.0209051 0.0157993 0.0113228 0.00762163 0.0047733
 0.00930796 0.0151148 0.0227091 0.0319392 0.0423387 0.052973 0.062473 0.0694437 0.0730605 0.0733903 0.07119 0.0674035 0.062765 0.0576922 0.0523766 0.0469066 0.041343 0.0357479 0.030195 0.0247772 0.0196149 0.0148579 0.0106703 0.00719576 0.00451397
 0.00899467 0.0146175 0.0220049 0.0310721 0.0414749 0.0524401 0.0627224 0.0708895 0.0758318 0.0771449 0.0751543 0.0706654 0.0646533 0.0580095 0.0513738 0.0450732 0.0391765 0.0336175 0.0283131 0.0232327 0.0184193 0.0139813 0.0100629 0.0068004 0.00427404
 0.00882802 0.0143395 0.0215738 0.030447 0.0406308 0.0513976 0.0615872 0.0698819 0.0752728 0.0773698 0.0763614 0.0727691 0.0672457 0.0604912 0.0531969 0.0459529 0.0391513 0.0329527 0.0273405 0.0222248 0.017541 0.0132992 0.00957887 0.00648347 0.00408229
 0.00872369 0.0141686 0.0213137 0.0300742 0.0401244 0.0507452 0.0607963 0.0689937 0.0743777 0.0766176 0.0759506 0.0728987 0.0680271 0.06186 0.0548906 0.0475927 0.0403941 0.0336236 0.0274681 0.0219774 0.0171228 0.0128704 0.00922738 0.00623518 0.00392644
 0.00871004 0.0141359 0.0212449 0.0299462 0.0399125 0.0504309 0.0603738 0.0684738 0.0737876 0.0760024 0.07538 0.072472 0.0678645 0.0620661 0.0554977 0.0485159 0.0414397 0.0345592 0.0281185 0.0222868 0.0171495 0.0127313 0.0090353 0.0060628 0.00380261
 0.00869689 0.0141184 0.0212248 0.0299252 0.0398888 0.0503945 0.0603053 0.0683474 0.073581 0.0757075 0.0750113 0.0720708 0.0674977 0.0618183 0.0554502 0.048715 0.0418646 0.0351155 0.0286696 0.0227116 0.0173896 0.0128011 0.0089949 0.00597876 0.00372115
 0.00868049 0.0140918 0.0211853 0.0298711 0.0398207 0.0503162 0.0602231 0.0682672 0.0735028 0.0756223 0.0749039 0.0719284 0.0673224 0.0616355 0.0553076 0.0486683 0.0419535 0.03534 0.0289825 0.0230356 0.0176514 0.0129621 0.00905889 0.00597751 0.0036914
 0.00867223 0.0140784 0.0211649 0.0298422 0.0397817 0.0502667 0.0601641 0.0682021 0.0734364 0.0755593 0.0748456 0.071871 0.0672589 0.0615611 0.0552285 0.0486051 0.0419363 0.0353935 0.0291098 0.0232117 0.0178335 0.0131098 0.00915158 0.00601813 0.00369743
 0.00865149 0.0140469 0.0211218 0.0297881 0.0397186 0.0501976 0.0600926 0.0681324 0.0733728 0.075506 0.0748055 0.0718451 0.0672452 0.0615552 0.0552261 0.0486063 0.0419484 0.0354292 0.0291794 0.0233144 0.0179539 0.0132246 0.0092408 0.00607375 0.00372368
 0.00863746 0.0140222 0.0210813 0.0297265 0.0396324 0.0500878 0.0599668 0.0680039 0.0732579 0.0754182 0.0747526 0.0718281 0.0672598 0.0615943 0.0552813 0.0486704 0.0420174 0.0355036 0.0292624 0.0234077 0.0180537 0.0133209 0.00932205 0.00613228 0.00375899
 0.00867284 0.0140759 0.0211548 0.0298174 0.0397344 0.05019 0.0600548 0.0680623 0.0732741 0.0753876 0.0746802 0.0717269 0.067146 0.0614823 0.0551811 0.0485873 0.0419536 0.0354599 0.0292397 0.0234057 0.01807 0.0133493 0.00935424 0.00616057 0.00377904
 0.00865258 0.0140494 0.0211266 0.0297957 0.0397282 0.0502054 0.0600916 0.0681132 0.0733272 0.0754296 0.0747012 0.0717227 0.0671187 0.0614395 0.0551325 0.048542 0.0419182 0.0354377 0.0292317 0.0234114 0.0180871 0.013374 0.00938132 0.00618506 0.00379767
 0.00862037 0.0139998 0.0210576 0.0297083 0.0396277 0.050102 0.0599999 0.0680497 0.0733046 0.0754519 0.0747608 0.0718034 0.0672022 0.0615113 0.0551863 0.0485786 0.041943 0.0354574 0.0292516 0.0234344 0.0181136 0.0134024 0.0094088 0.00620875 0.00381568
 0.00862628 0.0140061 0.0210608 0.0297035 0.0396094 0.0500671 0.0599498 0.0679908 0.0732476 0.0754087 0.0747408 0.07181 0.0672317 0.0615541 0.0552306 0.0486151 0.0419677 0.0354715 0.0292596 0.0234412 0.0181224 0.0134141 0.0094223 0.00622193 0.0038267
 0.00862628 0.0140061 0.0210608 0.0297035 0.0396094 0.0500671 0.0599498 0.0679908 0.0732476 0.0754087 0.0747408 0.07181 0.0672317 0.0615541 0.0552306 0.0486151 0.0419677 0.0354715 0.0292596 0.0234412 0.0181224 0.0134141 0.0094223 0.00622193 0.0038267
 0.00896532 0.0145428 0.0218387 0.0307452 0.0409036 0.0515515 0.0615009 0.0694334 0.0743919 0.0761025 0.0749104 0.071471 0.0664708 0.0604974 0.0540114 0.0473516 0.0407511 0.0343646 0.0283003 0.022648 0.017498 0.0129486 0.00909586 0.00600819 0.003697
 0.00841606 0.0137118 0.0207072 0.029347 0.0393274 0.0499365 0.0600266 0.068295 0.0737568 0.0760585 0.0754358 0.0724444 0.0677157 0.0618352 0.0553004 0.0485031 0.0417253 0.0351569 0.0289255 0.0231287 0.0178578 0.0132096 0.00927777 0.0061288 0.00377219
 0.00829794 0.0134551 0.0202056 0.0284727 0.037977 0.0480974 0.0578283 0.0660083 0.0717264 0.0746016 0.0747554 0.0725909 0.0685964 0.0632578 0.0570296 0.0503142 0.0434432 0.0366712 0.0301863 0.0241297 0.0186193 0.0137642 0.00966267 0.00638132 0.00392737
 0.0086729 0.0140487 0.0210607 0.0295966 0.0393139 0.0495023 0.0590642 0.0667928 0.0718298 0.0739524 0.0734851 0.0709877 0.0669937 0.0619207 0.0560922 0.0497792 0.0432247 0.0366512 0.0302588 0.0242233 0.0186984 0.0138187 0.00969558 0.00639957 0.00393699
 0.00834561 0.0135758 0.0204611 0.0289312 0.0386747 0.0489882 0.0587521 0.0667102 0.071937 0.0741449 0.0736309 0.0709893 0.0668423 0.0617054 0.055953 0.0498353 0.0435206 0.0371479 0.0308638 0.0248346 0.019238 0.0142464 0.0100046 0.00660473 0.00406258
 0.00861561 0.013964 0.0209526 0.029483 0.0392329 0.049512 0.0592293 0.0671523 0.0723548 0.0745203 0.0739024 0.0710645 0.0666369 0.06119 0.0551829 0.0489406 0.042659 0.0364464 0.0303804 0.0245576 0.0191129 0.0142099 0.0100073 0.00661807 0.00407435
 0.00860838 0.0139903 0.0210593 0.0297293 0.0396651 0.050131 0.0599702 0.0678982 0.0729828 0.0749517 0.0741227 0.0711026 0.0665235 0.0609326 0.0547742 0.0483892 0.0420138 0.035791 0.0298032 0.0241171 0.0188223 0.0140449 0.00992747 0.00658568 0.00406374
 0.0091287 0.0148084 0.0222373 0.0313025 0.0416305 0.0524307 0.0624725 0.070391 0.0751963 0.0766122 0.0750186 0.0711369 0.0657335 0.0594663 0.052839 0.0461976 0.0397521 0.0336126 0.0278313 0.0224418 0.0174917 0.0130603 0.00924977 0.00615215 0.00380627
 0.00877476 0.0143031 0.0216092 0.0306289 0.0410245 0.052016 0.0623581 0.0706517 0.0758574 0.0776336 0.0762865 0.0724751 0.0669404 0.0603669 0.0533301 0.0462665 0.0394637 0.0330776 0.0271734 0.0217725 0.016895 0.0125843 0.0089073 0.00592907 0.00367433
 0.00819235 0.0133311 0.0201094 0.0284828 0.0381911 0.0486068 0.0586887 0.0672168 0.0732088 0.0762134 0.076298 0.0738468 0.069376 0.0634437 0.0566038 0.0493607 0.0421256 0.0351938 0.0287472 0.0228814 0.0176453 0.0130784 0.00922687 0.00613191 0.00379912
 0.00822939 0.0133271 0.0199808 0.0281026 0.0374096 0.0472946 0.056791 0.0648015 0.0704924 0.073548 0.0741084 0.0725225 0.0691547 0.0643369 0.058401 0.0517052 0.0446257 0.0375222 0.0306986 0.0243798 0.0187143 0.0137957 0.0096844 0.00641116 0.00396227
 0.00884229 0.0143123 0.0214329 0.0300755 0.0398728 0.0500812 0.0595668 0.0670993 0.0718311 0.0735961 0.0728126 0.0701375 0.0661635 0.0612983 0.0557856 0.0497804 0.0434269 0.0369075 0.0304497 0.0242965 0.0186674 0.0137325 0.00960349 0.00633049 0.00389737
 0.00872171 0.0141889 0.0213835 0.0302213 0.0403531 0.0510048 0.0609583 0.0688619 0.0737388 0.0753241 0.0740087 0.0705251 0.065642 0.0599924 0.0540092 0.047925 0.0418262 0.0357438 0.0297365 0.023931 0.0185094 0.0136671 0.00956522 0.00629619 0.00386589
 0.00883388 0.0143437 0.0215696 0.0304217 0.0405648 0.0512619 0.0613408 0.0694728 0.0746512 0.0765197 0.0753437 0.0717481 0.066467 0.0601994 0.0535302 0.0468737 0.0404534 0.0343394 0.0285282 0.0230276 0.0179074 0.0132979 0.00934769 0.00616761 0.00378849
 0.00827144 0.0134729 0.0203424 0.0288291 0.0386457 0.0491136 0.0591326 0.0674474 0.073097 0.0757094 0.0754563 0.0728017 0.0682915 0.0624695 0.0558575 0.048925 0.0420432 0.0354525 0.0292705 0.0235415 0.0183021 0.0136243 0.00961358 0.0063671 0.00392218
#pred catch len freq
 0.00441859 0.00700693 0.0102508 0.0140825 0.0184598 0.0233423 0.0286202 0.0340828 0.0394602 0.0444913 0.0489679 0.0527531 0.0557876 0.0580787 0.0596647 0.0605755 0.0608094 0.0603261 0.059036 0.0567746 0.0532942 0.0483343 0.0418018 0.0339802 0.0256005
