SBPRF35
9.01867
Curr Bio
592650
B35
605623
F35
0.199146
FOFL
0.191813
OFL
88753.3
Bzero
2.57676e+006
#pred survey bio
 2.73996e+006 2.49595e+006 2.31321e+006 2.05716e+006 1.83122e+006 1.63818e+006 1.39637e+006 1.2625e+006 1.13283e+006 1.02464e+006 908750 781014 685087 640573 612219 600058 559168 565893 581929 591206 601042 576299 544305 492963 502923 521622 550351 554284 521602 506136 515590 530357 527993 540975 555972 566929 572926 566542 563936 567213 565745 563998 554507 568316 590863 620357 596079 542417 578496 563225 541218 561780 633793 649764 659290 654583 633142 635768 685115 670746 631142 601374 2.07498e+007 1.29551e+007 1.36725e+007 1.46374e+007 1.56856e+007 1.6682e+007 1.75509e+007 1.82655e+007 1.88298e+007 1.9263e+007 1.95894e+007 1.98324e+007 2.00119e+007 2.01442e+007 2.02417e+007 2.03137e+007 2.0367e+007 2.04067e+007 2.04364e+007 2.04587e+007 2.04756e+007 2.04885e+007 2.04983e+007 2.05059e+007 2.05117e+007 2.05161e+007 2.05196e+007 2.05223e+007 2.05244e+007 2.0526e+007 2.05273e+007 2.05283e+007 2.05291e+007 2.05297e+007 2.05302e+007 2.05306e+007 2.05309e+007 2.05311e+007 2.05313e+007 2.05314e+007 2.05315e+007 2.05316e+007 2.05317e+007 2.05318e+007 2.05318e+007 2.05318e+007 2.05319e+007 2.05319e+007 2.05319e+007 2.05319e+007 2.05319e+007 2.05319e+007 2.05319e+007 2.05319e+007 2.05319e+007 2.05319e+007 2.05319e+007 2.0532e+007 2.0532e+007 2.0532e+007 2.0532e+007 2.0532e+007 2.0532e+007 2.0532e+007 2.0532e+007 2.0532e+007 2.0532e+007 2.0532e+007 2.0532e+007 2.0532e+007 2.0532e+007 2.0532e+007 2.0532e+007 2.0532e+007 2.0532e+007 2.0532e+007 2.0532e+007 2.0532e+007 2.0532e+007 2.0532e+007 2.0532e+007 2.0532e+007 2.0532e+007 2.0532e+007 2.0532e+007 2.0532e+007 2.0532e+007 2.0532e+007 2.0532e+007 2.0532e+007 2.0532e+007 2.0532e+007 2.0532e+007 2.0532e+007 2.0532e+007 2.0532e+007 2.0532e+007 2.0532e+007 2.0532e+007 2.0532e+007 0 0 0 0 0 0 0 0 0 0 0 0 0 0 0 0 0 0 0 0 0 0 0 0 0
#obs survey bio
 2.77308e+006 2.78357e+006 2.50917e+006 1.70848e+006 2.15273e+006 1.61063e+006 1.27181e+006 1.22964e+006 1.12215e+006 942161 861176 730058 675656 658149 742019 705546 633164 602650 590535 457566 666790 576569 714914 289670 585240 421791 544992 596968 454400 450748 422830 717833 471060 661602 488962 500004 625360 976447 546821 585105 480159 600542 410545 614236 586015 717490 585933 639462 588357 675554 475273 659720 706609 596203 593958 699864 767156 549076 759548 588769 590700 575278
#pred catch bio
 344258 302388 315026 323092 309360 348040 262613 280583 264215 254904 231829 210664 174031 168998 154818 168994 122629 121952 120304 112115 115999 99036.3 98637.8 102294 96938.6 92661.7 100159 103264 97557.7 93910.2 97495.4 90790.8 88975.5 83429.7 88977.2 87970 83186.6 82288.6 89082.6 92649 92978 97185.7 91044.6 90803.4 90694.7 85350 136559 53919.8 94006.8 90844.1 87527.9 52929.8 103307 106457 114205 109050 117322 71877.5 113155 115148 107036 83048.3 88753.3 95105.2 99379.7 105645 112796 119585 125398 130051 133600 136213 138085 139398 140304 140921 141338 141616 141801 141924 142004 142057 142092 142114 142129 142138 142145 142149 142151 142153 142154 142155 142155 142156 142156 142156 142156 142156 142156 142156 142156 142156 142156 142156 142156 142156 142156 142156 142156 142156 142156 142156 142156 142156 142156 142156 142156 142156 142156 142156 142156 142156 142156 142156 142156 142156 142156 142156 142156 142156 142156 142156 142156 142156 142156 142156 142156 142156 142156 142156 142156 142156 142156 142156 142156 142156 142156 142156 142156 142156 142156 142156 142156 142156 142156 142156 142156 142156 142156 142156 142156 142156 0 0 0 0 0 0 0 0 0 0 0 0 0 0 0 0 0 0 0 0 0 0 0 0 0
#obs catch bio
 239936 302382 314505 323406 309169 348877 261820 281260 264721 255462 230938 210864 173886 169593 154981 169468 122198 122300 120305 112117 116049 98845 98194.4 103211 96939.1 92736.6 100191 103044 97496.6 94004.9 97977.1 90538.5 89134.9 83302.5 89040.1 88008 83083.7 82203.8 89159.3 92667.3 92952.7 97199.4 91067.2 90821.2 90936.1 84743.5 138362 53333 94401.4 90702.8 88042.8 52473.8 103775 106410 114344 108718 118131 71363.2 113463 115109 107211 82897.8
#pred cpue bio
 2.70599e+006 2.46279e+006 2.27963e+006 2.02459e+006 1.79952e+006 1.60726e+006 1.3672e+006 1.23385e+006 1.10468e+006 997025 882324 756631 662179 618236 590178 578223 538237 544622 559984 568929 578474 554626 523966 474494 483837 502058 530026 534058 502737 487832 497088 511375 508127 518733 532343 542885 548843 542951 540669 543865 542528 540929 531806 544998 566629 595056 572109 519183 554629 540548 519413 538745 609029 624741 633413 628038 606956 608696 656771 643128 604413 575122 1.98511e+007 1.23901e+007 1.30181e+007 1.39219e+007 1.49558e+007 1.59499e+007 1.68185e+007 1.7533e+007 1.80973e+007 1.85305e+007 1.88569e+007 1.90999e+007 1.92794e+007 1.94117e+007 1.95092e+007 1.95811e+007 1.96345e+007 1.96742e+007 1.97039e+007 1.97262e+007 1.97431e+007 1.9756e+007 1.97658e+007 1.97734e+007 1.97792e+007 1.97836e+007 1.97871e+007 1.97898e+007 1.97919e+007 1.97935e+007 1.97948e+007 1.97958e+007 1.97966e+007 1.97972e+007 1.97977e+007 1.9798e+007 1.97983e+007 1.97986e+007 1.97988e+007 1.97989e+007 1.9799e+007 1.97991e+007 1.97992e+007 1.97992e+007 1.97993e+007 1.97993e+007 1.97993e+007 1.97994e+007 1.97994e+007 1.97994e+007 1.97994e+007 1.97994e+007 1.97994e+007 1.97994e+007 1.97994e+007 1.97994e+007 1.97994e+007 1.97994e+007 1.97994e+007 1.97994e+007 1.97994e+007 1.97994e+007 1.97994e+007 1.97994e+007 1.97995e+007 1.97995e+007 1.97995e+007 1.97995e+007 1.97995e+007 1.97995e+007 1.97995e+007 1.97995e+007 1.97995e+007 1.97995e+007 1.97995e+007 1.97995e+007 1.97995e+007 1.97995e+007 1.97995e+007 1.97995e+007 1.97995e+007 1.97995e+007 1.97995e+007 1.97995e+007 1.97995e+007 1.97995e+007 1.97995e+007 1.97995e+007 1.97995e+007 1.97995e+007 1.97995e+007 1.97995e+007 1.97995e+007 1.97995e+007 1.97995e+007 1.97995e+007 1.97995e+007 1.97995e+007 1.97995e+007 1.97995e+007 0 0 0 0 0 0 0 0 0 0 0 0 0 0 0 0 0 0 0 0 0 0 0 0 0
#obs cpue bio
 3.08886e+006 1.88089e+006 2.92331e+006 2.01666e+006 1.5022e+006 1.77926e+006 1.51014e+006 1.11745e+006 1.0468e+006 1.07466e+006 1.25832e+006 687768 664031 510800 479482 549852 507891 393321 654455 666167 587860 557665 547774 351352 638170 530840 596344 621850 518852 469597 473084 596609 431888 492733 569112 608303 553899 311020 514889 550364 633047 543057 644161 516661 455680 840865 384886 507748 552954 513103 427274 535275 564488 665077 673392 732349 350306 837276 608464 764142 597986 620067
#pred surv len freq
 0.00462277 0.00761917 0.0116766 0.0168356 0.0229887 0.0297778 0.0365794 0.0426775 0.0475378 0.0509778 0.0531247 0.0542488 0.0546224 0.0544642 0.0539415 0.0531933 0.0523506 0.0515318 0.0507831 0.0499631 0.0486456 0.0461692 0.0419133 0.0357012 0.028054
 0.00503634 0.00824065 0.0125196 0.0178854 0.0242151 0.0311513 0.0380754 0.0442617 0.0491433 0.0524942 0.0544135 0.0551837 0.0551343 0.0545654 0.053713 0.0527399 0.0517457 0.050778 0.0498072 0.0486556 0.0469331 0.0440858 0.0396268 0.0334684 0.0261268
 0.00518306 0.00853452 0.0130602 0.0187889 0.0255748 0.0329813 0.040273 0.0466199 0.051418 0.0544845 0.0560035 0.0563289 0.0558232 0.0547953 0.0534956 0.0521157 0.0507795 0.049529 0.0482977 0.0468683 0.0448506 0.0417515 0.0371828 0.0311347 0.0241256
 0.00541594 0.00889281 0.0135666 0.0194645 0.0264509 0.0341095 0.0417151 0.0484135 0.0535283 0.0567743 0.0582489 0.0582812 0.0572811 0.0556474 0.0537187 0.0517463 0.0498843 0.0481831 0.0465687 0.0448108 0.0425211 0.0392414 0.0346442 0.0287679 0.0221234
 0.00561946 0.0092458 0.0141365 0.0203223 0.0276494 0.0356549 0.0435494 0.0504254 0.055593 0.058792 0.0601505 0.0599989 0.0587159 0.0566689 0.0541997 0.0516047 0.0491036 0.0468051 0.0446715 0.0424926 0.0398999 0.0364674 0.0319063 0.0262742 0.0200526
 0.00577139 0.00950302 0.0145444 0.0209339 0.0285202 0.0368288 0.0450402 0.0521995 0.0575636 0.0608304 0.0621127 0.0617555 0.0601686 0.057744 0.0548296 0.0517184 0.0486385 0.045731 0.0430103 0.0403249 0.0373623 0.0337459 0.0292212 0.0238463 0.0180556
 0.00617128 0.010135 0.0154615 0.0221731 0.0300954 0.0387226 0.0471931 0.0545081 0.0598934 0.0630384 0.0640672 0.0633472 0.0613159 0.0583948 0.0549577 0.0513118 0.0476872 0.0442272 0.0409654 0.0377962 0.0344754 0.0306972 0.0262537 0.0212006 0.0159106
 0.00633441 0.0104154 0.0159113 0.0228488 0.0310452 0.0399654 0.0487014 0.0562064 0.0616764 0.0647977 0.0657107 0.0648005 0.0625135 0.0592726 0.0554522 0.0513653 0.0472542 0.0432786 0.0394984 0.0358511 0.0321552 0.0281747 0.0237521 0.0189458 0.0140728
 0.006534 0.0107548 0.0164496 0.0236508 0.0321672 0.0414332 0.0504871 0.0582186 0.0637721 0.0668112 0.067487 0.0662218 0.0635111 0.0598222 0.0555569 0.0510348 0.0464909 0.0420784 0.0378644 0.0338173 0.0298106 0.0256743 0.0213008 0.0167536 0.0122973
 0.0066994 0.0110302 0.016877 0.0242758 0.0330325 0.0425669 0.0518882 0.0598466 0.0655456 0.0686166 0.0691916 0.0676919 0.064632 0.0605152 0.0557861 0.0508004 0.045813 0.0409824 0.0363786 0.0319863 0.0277169 0.0234529 0.0191294 0.014815 0.0107294
 0.00689971 0.0113577 0.0173734 0.0249804 0.0339745 0.0437531 0.0532907 0.0613998 0.0671573 0.0701852 0.0706212 0.0688979 0.0655412 0.0610674 0.0559383 0.0505325 0.0451284 0.0399042 0.0349457 0.0302562 0.0257766 0.0214268 0.0171724 0.0130826 0.00933685
 0.00709491 0.0116777 0.0178594 0.0256717 0.0348994 0.0449156 0.0546572 0.0628958 0.0686788 0.071621 0.0718733 0.0698933 0.0662326 0.0614279 0.0559541 0.050198 0.044446 0.0388872 0.0336236 0.0286817 0.0240317 0.0196257 0.0154507 0.0115718 0.00813075
 0.00730002 0.0120124 0.0183651 0.0263867 0.03585 0.0461026 0.0560426 0.0643992 0.0701885 0.0730162 0.0730473 0.0707674 0.066762 0.0615994 0.0557784 0.0496987 0.0436506 0.0378238 0.0323251 0.0271953 0.0224285 0.0180033 0.0139238 0.0102485 0.00708481
 0.00733624 0.0120756 0.0184695 0.0265505 0.0360959 0.0464546 0.0565217 0.0650164 0.0709386 0.073872 0.0739572 0.0716598 0.0675554 0.0622165 0.0561584 0.0498046 0.0434693 0.0373624 0.0316083 0.0262656 0.0213499 0.016862 0.0128191 0.00927406 0.00630608
 0.00735339 0.0121133 0.0185442 0.0266839 0.0363093 0.0467616 0.056922 0.0654956 0.0714738 0.0744396 0.0745361 0.0722284 0.0680855 0.06267 0.0564897 0.0499682 0.0434293 0.0371004 0.0311276 0.0255933 0.0205375 0.0159822 0.0119562 0.0085074 0.00569105
 0.00733094 0.01207 0.0184676 0.026562 0.0361378 0.0465539 0.0567144 0.0653431 0.0714341 0.0745535 0.0748152 0.0726541 0.0686173 0.0632543 0.0570661 0.0504741 0.0438057 0.0372999 0.0311232 0.0253859 0.0201579 0.0154878 0.01142 0.00800144 0.00526961
 0.00775333 0.0126964 0.0192969 0.02755 0.0372054 0.0476037 0.0576469 0.0660698 0.0718915 0.0747174 0.074707 0.0723328 0.0681599 0.0627335 0.056535 0.0499593 0.0433079 0.0368015 0.0306004 0.0248223 0.0195559 0.0148724 0.0108328 0.00748724 0.00486079
 0.00779102 0.0127596 0.0193938 0.0276849 0.0373723 0.0477798 0.0577922 0.066138 0.0718515 0.0745732 0.0745021 0.0721344 0.0680306 0.0627092 0.0566168 0.0501195 0.043502 0.0369801 0.0307187 0.0248489 0.01948 0.0147072 0.0106116 0.00725245 0.00465038
 0.00782031 0.012801 0.0194451 0.0277412 0.0374286 0.0478338 0.0578445 0.0661881 0.0718919 0.0745882 0.0744746 0.072059 0.0679233 0.0626048 0.0565542 0.0501231 0.0435709 0.0370891 0.0308286 0.0249211 0.0194891 0.014648 0.0104993 0.00711504 0.004517
 0.00792535 0.0129471 0.0196192 0.0279156 0.0375683 0.0479091 0.0578422 0.0661146 0.0717693 0.0744444 0.0743339 0.0719353 0.0678202 0.0625219 0.0564942 0.0500942 0.0435815 0.0371384 0.0309018 0.0249927 0.0195334 0.0146498 0.0104592 0.00704718 0.00444119
 0.00788472 0.0128945 0.019564 0.0278715 0.0375461 0.0479067 0.0578398 0.0660816 0.0716807 0.0742978 0.0741546 0.0717662 0.0677023 0.0624782 0.0565258 0.0501871 0.0437171 0.0372989 0.0310705 0.0251515 0.019664 0.0147385 0.0105024 0.00705241 0.00442303
 0.00797189 0.0130162 0.0197108 0.0280241 0.0376829 0.0480142 0.057918 0.0661393 0.0717227 0.0743156 0.0741282 0.071678 0.0675524 0.0622889 0.0563329 0.0500242 0.0436039 0.0372391 0.0310554 0.0251656 0.0196898 0.0147606 0.0105115 0.00704671 0.00440702
 0.00793406 0.0129606 0.0196374 0.0279347 0.0375785 0.0478927 0.0577746 0.0659722 0.0715414 0.0741437 0.0739971 0.0716126 0.0675595 0.0623564 0.0564398 0.0501531 0.043746 0.0373911 0.0312133 0.0253212 0.0198315 0.0148774 0.0105966 0.00709998 0.0044343
 0.00794331 0.0129795 0.0196726 0.0279946 0.0376703 0.0480178 0.0579244 0.0661266 0.0716713 0.0742194 0.0739986 0.0715381 0.0674263 0.0621938 0.0562772 0.0500115 0.043636 0.0373156 0.0311711 0.0253077 0.0198386 0.0148951 0.0106155 0.00711385 0.00444125
 0.00783588 0.0128449 0.0195439 0.0279261 0.0377215 0.0482286 0.0582939 0.066609 0.0721903 0.0746912 0.0743527 0.0717299 0.0674427 0.0620521 0.0560185 0.0496883 0.0432988 0.0370035 0.0309072 0.0251012 0.0196882 0.0147925 0.0105494 0.00707305 0.00441655
 0.00789924 0.0128936 0.0195207 0.0277544 0.0373384 0.0476294 0.0575618 0.0659007 0.0716781 0.0744916 0.0744844 0.0721201 0.0679698 0.0625953 0.0564918 0.0500516 0.0435512 0.0371676 0.0310131 0.0251745 0.0197449 0.0148397 0.0105883 0.00710279 0.00443695
 0.00776055 0.0127039 0.0192975 0.0275268 0.0371269 0.047423 0.0573112 0.0655442 0.0711908 0.0739257 0.0739652 0.0717937 0.067933 0.0628538 0.056968 0.0506288 0.0441231 0.0376668 0.0314142 0.025481 0.0199731 0.0150067 0.0107077 0.00718466 0.00448963
 0.00766759 0.0125523 0.019071 0.0272163 0.0367392 0.0469886 0.0568833 0.0651818 0.0709304 0.0737624 0.0738629 0.0717207 0.0678951 0.0628946 0.0571356 0.0509378 0.04454 0.0381272 0.031853 0.0258552 0.0202664 0.0152225 0.0108585 0.00728487 0.00455245
 0.00774359 0.0126545 0.0191848 0.0273136 0.0367848 0.0469517 0.0567499 0.0649611 0.0706536 0.0734728 0.0735996 0.0715053 0.0677302 0.062776 0.0570681 0.0509382 0.0446239 0.0382919 0.0320723 0.0260898 0.0204806 0.0153952 0.0109844 0.00736932 0.00460492
 0.00768166 0.0125816 0.0191249 0.0273018 0.0368528 0.0471068 0.0569613 0.0651658 0.0707811 0.0734764 0.0734756 0.0712891 0.0674756 0.0625328 0.0568693 0.0508011 0.0445568 0.0382964 0.0321411 0.0262041 0.0206141 0.0155226 0.0110888 0.00744469 0.00465367
 0.00768612 0.0125669 0.0190646 0.0271643 0.0366169 0.0467826 0.0565998 0.0648464 0.0705772 0.0734193 0.0735421 0.07142 0.0676115 0.0626409 0.0569489 0.0508709 0.0446387 0.038405 0.0322798 0.0263657 0.0207834 0.0156815 0.0112221 0.00754465 0.00472082
 0.00843099 0.0136207 0.0203584 0.0285319 0.037838 0.0476551 0.0570036 0.064768 0.0700959 0.0726709 0.0726765 0.070563 0.066839 0.0619759 0.0563805 0.0503807 0.0442175 0.0380557 0.0320091 0.0261753 0.0206657 0.0156208 0.0111992 0.00754198 0.00472589
 0.00920945 0.01484 0.0220971 0.0308054 0.0405651 0.0506259 0.0598715 0.0671019 0.071502 0.0729334 0.0718337 0.0688734 0.0646652 0.0596583 0.0541599 0.0483848 0.0424908 0.0365993 0.0308103 0.025219 0.019934 0.0150889 0.0108351 0.0073088 0.00458695
 0.00911544 0.0148207 0.0223125 0.03148 0.0419209 0.0527771 0.0627317 0.0703598 0.0746862 0.0755378 0.073452 0.0692992 0.0639293 0.0579964 0.0519225 0.0459289 0.0400981 0.0344452 0.0289772 0.0237279 0.0187724 0.0142263 0.0102293 0.00691013 0.00434311
 0.00886594 0.0144199 0.0217287 0.0307148 0.0410418 0.0519491 0.0622172 0.0704567 0.0756057 0.0772786 0.0757514 0.0717035 0.065953 0.0592863 0.0523516 0.0455914 0.0392291 0.0333167 0.0278175 0.0226856 0.0179193 0.0135789 0.00977095 0.00660785 0.00415841
 0.00879541 0.0142931 0.021515 0.0303781 0.0405503 0.0512942 0.061439 0.069665 0.0749808 0.0770366 0.0760712 0.0726386 0.0673755 0.0609066 0.0538181 0.0466201 0.039695 0.0332656 0.0274088 0.0221093 0.0173321 0.0130762 0.00939071 0.00634808 0.00399678
 0.00879823 0.0142855 0.0214803 0.0302911 0.0403808 0.0510146 0.0610336 0.0691403 0.0743762 0.0764332 0.0755919 0.0724269 0.0675475 0.0614921 0.0547235 0.0476459 0.0406085 0.0338914 0.0276849 0.0220859 0.0171228 0.0127997 0.00913223 0.00614899 0.00386392
 0.00874113 0.0141996 0.0213633 0.0301437 0.0402041 0.0508064 0.0607873 0.0688474 0.074033 0.0760498 0.0752014 0.07209 0.067347 0.0615116 0.055012 0.0481838 0.0412981 0.0345859 0.028246 0.0224358 0.0172619 0.0127862 0.00904226 0.00604425 0.00377826
 0.00867449 0.0140962 0.0212175 0.0299545 0.0399764 0.0505515 0.0605222 0.0685918 0.0738024 0.0758508 0.0750314 0.0719461 0.0672386 0.0614679 0.0550763 0.0483926 0.0416547 0.0350453 0.0287251 0.0228461 0.017546 0.0129348 0.0090859 0.00602873 0.00374281
 0.00859508 0.0139864 0.0210875 0.029825 0.0398718 0.0504895 0.0605057 0.0686082 0.0738302 0.0758677 0.0750211 0.0719003 0.0671587 0.0613673 0.0549821 0.0483414 0.0416802 0.0351613 0.028914 0.0230634 0.0177402 0.0130704 0.00915472 0.00604584 0.00373204
 0.00857643 0.0139511 0.0210264 0.0297295 0.0397395 0.0503309 0.060347 0.0684849 0.0737726 0.0758856 0.075098 0.0720012 0.0672467 0.0614184 0.0549926 0.0483273 0.0416692 0.0351806 0.0289775 0.0231648 0.017856 0.0131731 0.0092259 0.00608233 0.00374255
 0.00852428 0.0138773 0.020935 0.0296301 0.0396427 0.050243 0.0602676 0.0684101 0.0737025 0.0758293 0.0750709 0.0720158 0.0673028 0.0615009 0.0550793 0.0484008 0.0417252 0.0352276 0.0290292 0.0232297 0.0179318 0.0132484 0.00928787 0.00612376 0.00376415
 0.00865304 0.0140573 0.0211521 0.0298539 0.0398368 0.0503796 0.0603378 0.0684228 0.0736739 0.0757716 0.0749885 0.0719104 0.067179 0.0613685 0.0549486 0.0482785 0.0416141 0.03513 0.0289494 0.0231727 0.0178994 0.0132368 0.00928879 0.00612867 0.00376769
 0.0086676 0.0140905 0.0212181 0.0299674 0.0400045 0.0505891 0.0605534 0.0685939 0.0737559 0.0757467 0.0748734 0.0717443 0.0670034 0.0612114 0.0548212 0.0481801 0.0415393 0.0350733 0.0289073 0.0231439 0.0178834 0.013232 0.00929163 0.00613471 0.00377332
 0.00866642 0.0140836 0.0211995 0.0299312 0.0399491 0.0505228 0.0604946 0.0685648 0.0737697 0.0757979 0.0749389 0.0717966 0.0670261 0.0612059 0.0548014 0.0481617 0.0415313 0.0350772 0.0289201 0.0231616 0.0179031 0.0132518 0.00930993 0.00615004 0.00378468
 0.00860652 0.0139935 0.0210774 0.0297797 0.0397742 0.0503324 0.0602987 0.068378 0.0736122 0.0756934 0.0749069 0.0718433 0.0671403 0.061363 0.0549745 0.0483307 0.0416868 0.0352167 0.0290435 0.0232686 0.0179928 0.0133235 0.00936434 0.00618877 0.00381025
 0.00865752 0.0140452 0.0210984 0.0297241 0.039597 0.0500117 0.0598534 0.0678671 0.0731162 0.0752877 0.0746428 0.071742 0.0671965 0.0615516 0.0552574 0.0486649 0.0420323 0.0355435 0.0293334 0.0235132 0.0181901 0.0134754 0.0094752 0.00626475 0.00385869
 0.00894119 0.0145564 0.0219533 0.0310425 0.0414505 0.052354 0.0624722 0.0704039 0.0751657 0.0765291 0.0749334 0.071132 0.0658769 0.0597769 0.0532784 0.0466865 0.0401968 0.0339327 0.027982 0.0224246 0.017349 0.0128552 0.00904182 0.00598032 0.0036849
 0.00836182 0.013631 0.0206019 0.02923 0.0392263 0.0498946 0.0600946 0.0685119 0.0741227 0.0765171 0.0758829 0.0727667 0.0678378 0.0617484 0.0550573 0.0481868 0.0414148 0.0349041 0.0287507 0.0230273 0.0178126 0.0132002 0.00928687 0.0061444 0.00378734
 0.00852827 0.0138465 0.0208217 0.0293725 0.0391881 0.0495821 0.0594618 0.0675919 0.0730417 0.0754777 0.0751095 0.0724268 0.0679766 0.0622758 0.0557972 0.0489553 0.0420826 0.0354172 0.0291135 0.0232727 0.0179767 0.0133106 0.00936129 0.0061935 0.00381823
 0.00877421 0.0142255 0.0213499 0.0300408 0.0399529 0.050357 0.0601175 0.0679765 0.0730262 0.0750122 0.0742607 0.0713701 0.0669394 0.0614571 0.0553012 0.0487718 0.0421183 0.0355538 0.0292584 0.0233791 0.0180372 0.0133374 0.00936993 0.00619489 0.00381783
 0.00862318 0.0140471 0.0212041 0.0300219 0.0401599 0.0508471 0.0608673 0.068873 0.0738944 0.0756668 0.0745599 0.0712569 0.0664595 0.0607445 0.0545331 0.0481066 0.0416463 0.0352834 0.0291396 0.0233439 0.018032 0.0133345 0.00936215 0.00618466 0.00380872
 0.00821368 0.0133695 0.0201706 0.0285652 0.0382742 0.0486375 0.0585773 0.0668512 0.0724912 0.0751078 0.0748674 0.0722619 0.0678881 0.0623259 0.0560766 0.0495239 0.0429262 0.0364435 0.0301872 0.0242641 0.018799 0.0139313 0.00979222 0.00647063 0.00398391
 0.00851285 0.0138029 0.0207204 0.0291703 0.0388339 0.049028 0.0586786 0.0665836 0.0718556 0.0742085 0.073892 0.0714151 0.0673123 0.0620553 0.0560497 0.0496394 0.0430986 0.03663 0.0303786 0.024461 0.0189945 0.0141101 0.00993861 0.00657722 0.00405298
 0.00867138 0.0140801 0.0211699 0.0298435 0.0397546 0.0501584 0.0598947 0.0676846 0.0726167 0.0744569 0.0735722 0.0706095 0.0662093 0.0608798 0.0549882 0.0487934 0.0424839 0.0362094 0.030102 0.0242877 0.0188966 0.0140655 0.00992736 0.00658213 0.00406226
 0.00874621 0.014215 0.0213986 0.0302084 0.0403001 0.0509163 0.0608643 0.0688138 0.0737921 0.0755124 0.0743214 0.0708987 0.0659723 0.0601672 0.0539511 0.0476284 0.0413673 0.0352544 0.0293515 0.0237346 0.01851 0.013809 0.00976693 0.00648843 0.00401148
 0.00886194 0.0143813 0.0216096 0.0304489 0.0405546 0.0511832 0.0611634 0.0691811 0.0742603 0.0760849 0.0749516 0.0714884 0.066394 0.0603066 0.0537532 0.0471218 0.0406539 0.0344688 0.0286139 0.0231208 0.0180464 0.0134867 0.00955896 0.00636364 0.003942
 0.0089326 0.0145173 0.0218511 0.0308397 0.041125 0.0519252 0.0620162 0.0700408 0.0750159 0.0766597 0.0753236 0.0716766 0.0664246 0.0601849 0.0534609 0.0466399 0.0399927 0.0336823 0.0277893 0.0223499 0.0173975 0.0129906 0.00921215 0.00614101 0.00381057
 0.00859085 0.0139683 0.0210421 0.0297401 0.039748 0.0503543 0.0604181 0.0686444 0.0740508 0.0762825 0.0755722 0.0724751 0.0676241 0.0616092 0.054938 0.0480199 0.0411625 0.0345802 0.0284108 0.022738 0.0176192 0.0131113 0.00927968 0.00618237 0.00383786
 0.00889231 0.0143992 0.0215787 0.0303171 0.0402697 0.0507181 0.0605407 0.0684841 0.0736236 0.0756665 0.0748925 0.0718683 0.0671956 0.0614049 0.0549403 0.0481646 0.0413652 0.0347621 0.0285192 0.0227561 0.0175634 0.0130161 0.0091797 0.00610033 0.00378162
 0.00908682 0.0147355 0.0221175 0.0311144 0.0413488 0.0520319 0.0619477 0.0697632 0.0745364 0.0760397 0.0746779 0.0711512 0.0661549 0.0602482 0.0538438 0.0472363 0.0406383 0.0342124 0.0280958 0.0224104 0.017266 0.0127594 0.00896888 0.00594127 0.00367341
 0.00908495 0.014753 0.0221836 0.031274 0.0416561 0.0525369 0.0626753 0.0706911 0.0755793 0.0770509 0.0754786 0.0715834 0.0661377 0.0598078 0.0530993 0.0463512 0.0397626 0.0334441 0.027472 0.0219238 0.0168904 0.0124695 0.00874855 0.00578099 0.00356495
#obs surv len freq
 0.00496747 0.00813605 0.0123743 0.0176957 0.023974 0.0308445 0.0376833 0.0437683 0.0485499 0.0518264 0.0537149 0.0544985 0.0544953 0.0540014 0.0532773 0.0525374 0.0519275 0.051483 0.0510659 0.050307 0.0486239 0.0453857 0.0402152 0.0332813 0.0253659
 0.00518223 0.00848796 0.0129091 0.0184575 0.0249972 0.0321398 0.0392241 0.0454859 0.0503433 0.0535814 0.0553216 0.0558605 0.0555306 0.054641 0.0534654 0.0522351 0.0511203 0.0501896 0.0493452 0.0482615 0.0463968 0.0431488 0.0381446 0.0315237 0.0240069
 0.0054094 0.00886062 0.0134763 0.0192675 0.0260883 0.0335263 0.0408812 0.0473437 0.0522957 0.0555059 0.0570982 0.0573833 0.056712 0.0554106 0.0537674 0.0520259 0.0503716 0.0488975 0.047545 0.0460426 0.0439091 0.0405925 0.0357379 0.0294563 0.0223952
 0.00564352 0.00924385 0.0140582 0.0200961 0.0272022 0.0349403 0.0425715 0.0492421 0.0542985 0.0574921 0.0589481 0.0589894 0.057983 0.0562723 0.0541598 0.0519018 0.0496959 0.0476539 0.0457513 0.0437714 0.0413036 0.0378621 0.0331261 0.0271848 0.0206082
 0.00589221 0.00965148 0.0146778 0.0209792 0.0283885 0.0364424 0.0443585 0.051235 0.0563813 0.0595353 0.060829 0.0606038 0.0592472 0.0571201 0.0545389 0.0517693 0.0490172 0.046408 0.0439455 0.0414651 0.0386289 0.0350268 0.0303839 0.0247765 0.0186982
 0.00614896 0.0100716 0.015315 0.0218855 0.0296038 0.0379791 0.0461849 0.0532694 0.0585032 0.061608 0.0627229 0.0622098 0.0604815 0.0579224 0.054867 0.051592 0.0483092 0.0451524 0.0421471 0.0391738 0.0359649 0.0321877 0.0276199 0.0223327 0.0167475
 0.00636698 0.010431 0.0158656 0.0226768 0.0306769 0.0393509 0.0478331 0.055126 0.0604637 0.0635505 0.0645269 0.0637684 0.0617066 0.0587468 0.0552423 0.0514846 0.0476957 0.0440189 0.040499 0.0370557 0.0334844 0.0295257 0.0250105 0.0200102 0.0148826
 0.00661378 0.0108331 0.0164722 0.0235343 0.0318193 0.0407859 0.0495276 0.0570012 0.0624059 0.0654333 0.066232 0.0651977 0.0627857 0.0594231 0.0554813 0.0512644 0.0470026 0.0428475 0.0388595 0.0349922 0.0310963 0.0269786 0.0225196 0.0177933 0.0130997
 0.00684803 0.0112185 0.0170602 0.0243749 0.0329499 0.0422148 0.0512174 0.0588642 0.0643185 0.067261 0.0678533 0.0665173 0.0637375 0.0599668 0.0555965 0.0509439 0.0462463 0.0416605 0.0372593 0.0330238 0.0288514 0.0246062 0.0202119 0.0157447 0.0114536
 0.00706437 0.0115729 0.0175987 0.0251419 0.0339799 0.0435184 0.0527663 0.0605854 0.0661027 0.0689823 0.0693904 0.0677683 0.0646286 0.0604537 0.0556616 0.0505884 0.0454822 0.0405064 0.0357427 0.0311937 0.0267941 0.0224544 0.0181334 0.0139078 0.00998129
 0.00726241 0.0119017 0.0181059 0.0258754 0.0349766 0.0447879 0.054275 0.0622521 0.0678118 0.0706077 0.0708167 0.0689041 0.0654091 0.060841 0.0556416 0.0501669 0.044679 0.0393504 0.0342725 0.0294648 0.0248906 0.0204955 0.0162642 0.0122702 0.00867672
 0.00741272 0.0121484 0.018482 0.0264142 0.0357068 0.0457243 0.0554077 0.0635397 0.0691835 0.0719726 0.0720771 0.0699676 0.0661992 0.0613038 0.0557476 0.0499089 0.0440677 0.0384109 0.0330437 0.0280032 0.023277 0.0188374 0.0146872 0.0108935 0.00758318
 0.00751461 0.0123124 0.0187262 0.0267553 0.036159 0.0462958 0.0560972 0.0643335 0.0700551 0.0728851 0.0729843 0.0708147 0.0669252 0.0618466 0.0560523 0.049935 0.0437946 0.0378395 0.032197 0.0269278 0.022045 0.0175451 0.0134439 0.00980156 0.00671326
 0.00758252 0.0124198 0.0188823 0.0269674 0.0364314 0.0466298 0.0564898 0.0647774 0.0705405 0.0734016 0.0735206 0.0713555 0.067446 0.0623108 0.0564122 0.0501388 0.0437958 0.0376072 0.0317245 0.0262376 0.0211904 0.0166061 0.012515 0.00897169 0.00604527
 0.00767124 0.0125554 0.0190705 0.0272073 0.0367167 0.0469496 0.0568296 0.0651207 0.0708717 0.0737102 0.0738036 0.071616 0.0676883 0.0625331 0.0566008 0.0502661 0.0438238 0.0374968 0.0314481 0.0257911 0.0206004 0.0159286 0.0118246 0.00834292 0.00553282
 0.00770604 0.0126123 0.0191564 0.0273281 0.0368752 0.0471428 0.057047 0.0653458 0.071087 0.0739031 0.0739707 0.0717623 0.0678229 0.0626633 0.0567266 0.0503762 0.0438947 0.0374964 0.0313444 0.0255647 0.0202552 0.0154963 0.0113581 0.0079012 0.0051631
 0.00777847 0.012719 0.0192964 0.0274941 0.0370557 0.0473269 0.0572267 0.0655158 0.0712423 0.0740375 0.0740778 0.0718381 0.0678686 0.0626855 0.0567341 0.0503743 0.04388 0.0374548 0.0312548 0.0254071 0.0200223 0.0152006 0.0110314 0.00758466 0.00489296
 0.00781849 0.0127848 0.0193963 0.0276344 0.0372374 0.0475418 0.0574553 0.0657305 0.0714162 0.0741542 0.0741358 0.0718478 0.0678449 0.0626417 0.0566797 0.0503148 0.0438164 0.0373825 0.0311631 0.0252828 0.0198567 0.0149963 0.0108052 0.00736251 0.00470031
 0.00782792 0.0127946 0.0194013 0.0276278 0.0372145 0.047504 0.0574129 0.0657 0.0714129 0.0741849 0.0741966 0.0719275 0.0679317 0.0627273 0.0567601 0.0503877 0.0438789 0.0374292 0.0311859 0.0252726 0.0198071 0.014908 0.0106886 0.00723559 0.00458265
 0.00785046 0.0128276 0.0194438 0.0276758 0.0372606 0.047539 0.0574277 0.0656886 0.0713764 0.0741332 0.0741457 0.0718937 0.0679243 0.0627468 0.0567996 0.0504375 0.0439297 0.037473 0.0312152 0.0252803 0.0197877 0.014861 0.0106197 0.00715633 0.00450634
 0.00788041 0.0128726 0.0195044 0.0277495 0.0373423 0.0476211 0.0575005 0.0657417 0.0714002 0.0741222 0.0741015 0.0718259 0.0678484 0.0626789 0.0567511 0.0504122 0.0439241 0.0374788 0.0312227 0.0252805 0.0197741 0.0148309 0.0105755 0.00710475 0.00445582
 0.00787891 0.0128678 0.0194932 0.0277277 0.0373061 0.0475692 0.0574359 0.0656711 0.0713327 0.074066 0.074062 0.0718052 0.0678466 0.0626957 0.0567864 0.0504654 0.0439923 0.0375558 0.0312996 0.0253475 0.0198231 0.0148579 0.0105814 0.00709472 0.0044375
 0.00789657 0.0128927 0.0195234 0.0277587 0.0373313 0.0475817 0.05743 0.065644 0.0712852 0.0740035 0.0739931 0.0717399 0.0677937 0.0626609 0.0567722 0.0504714 0.0440164 0.0375942 0.0313462 0.0253947 0.0198634 0.0148857 0.0105947 0.00709562 0.0044305
 0.00788281 0.0128725 0.0194967 0.0277266 0.0372955 0.0475429 0.057388 0.0655979 0.0712348 0.0739505 0.0739416 0.0716963 0.0677648 0.062652 0.0567858 0.0505069 0.0440704 0.0376612 0.0314194 0.0254669 0.0199275 0.0149362 0.0106292 0.00711505 0.00443842
 0.00787722 0.0128595 0.0194704 0.0276796 0.037222 0.0474424 0.0572677 0.0654722 0.0711206 0.0738614 0.0738848 0.071672 0.0677698 0.0626823 0.0568379 0.0505778 0.0441562 0.037757 0.0315188 0.0255629 0.0200132 0.0150063 0.0106811 0.0071491 0.00445786
 0.00787246 0.0128499 0.0194522 0.0276479 0.037171 0.0473673 0.0571665 0.065348 0.0709829 0.0737253 0.0737682 0.0715911 0.0677342 0.0626933 0.0568897 0.0506608 0.0442603 0.0378726 0.0316376 0.0256768 0.0201153 0.0150911 0.0107458 0.00719398 0.00448576
 0.00784956 0.012814 0.0194007 0.0275792 0.0370847 0.0472642 0.0570496 0.0652221 0.0708549 0.0736038 0.0736629 0.0715126 0.0676925 0.0626954 0.0569374 0.0507495 0.0443803 0.0380114 0.0317825 0.0258164 0.0202405 0.0151957 0.0108265 0.00725114 0.00452257
 0.00782032 0.0127617 0.0193135 0.0274443 0.0368928 0.0470158 0.0567596 0.0649196 0.0705757 0.0733803 0.0735165 0.071451 0.0677127 0.062788 0.0570901 0.0509484 0.0446104 0.0382566 0.0320265 0.0260444 0.0204404 0.0153598 0.0109519 0.00733978 0.00458003
 0.0078004 0.0127283 0.019261 0.0273661 0.0367815 0.046865 0.0565664 0.0646882 0.0703199 0.073124 0.0732898 0.0712836 0.067626 0.0627904 0.0571767 0.0511048 0.0448171 0.038493 0.0322723 0.0262812 0.0206532 0.0155378 0.0110901 0.00743864 0.0046449
 0.00775897 0.0126625 0.0191652 0.0272362 0.0366161 0.0466665 0.0563421 0.0644502 0.0700832 0.0729041 0.0731017 0.0711422 0.0675457 0.0627832 0.0572485 0.0512524 0.0450275 0.038746 0.0325445 0.0265496 0.0208981 0.015745 0.0112524 0.00755583 0.00472239
 0.00774855 0.0126393 0.0191188 0.0271536 0.0364854 0.0464824 0.0561111 0.0641903 0.0698201 0.0726634 0.0729035 0.070999 0.0674643 0.0627667 0.0572983 0.0513675 0.0452023 0.0389684 0.0327964 0.0268091 0.0211432 0.0159582 0.011423 0.00768093 0.00480619
 0.00935727 0.0148972 0.0218561 0.0299903 0.0389405 0.0481489 0.0567951 0.0639407 0.0688526 0.0712481 0.0712804 0.0693433 0.0658881 0.0613348 0.0560437 0.0503035 0.0443303 0.0382812 0.0322792 0.02644 0.0208957 0.0158033 0.0113332 0.0076333 0.00478328
 0.00929792 0.0151009 0.0226927 0.0319231 0.0423264 0.0529677 0.0624764 0.0694559 0.0730803 0.0734161 0.0712196 0.067434 0.0627921 0.0577106 0.0523813 0.0468954 0.0413183 0.0357164 0.0301656 0.0247568 0.0196062 0.0148595 0.0106782 0.00720571 0.00452298
 0.00894731 0.0145448 0.0219038 0.0309434 0.0413242 0.0522779 0.0625642 0.0707538 0.0757366 0.0771024 0.0751678 0.0707291 0.0647553 0.0581349 0.0515074 0.045202 0.0392912 0.0337135 0.0283908 0.0232952 0.0184707 0.0140242 0.0100981 0.00682774 0.00429366
 0.00879824 0.0142884 0.0214924 0.0303261 0.0404648 0.0511887 0.0613495 0.069641 0.0750606 0.0772156 0.0762845 0.0727752 0.067328 0.0606332 0.0533773 0.0461501 0.0393464 0.0331321 0.027496 0.0223537 0.017644 0.0133789 0.00963847 0.00652599 0.0041108
 0.00871798 0.0141564 0.0212898 0.0300313 0.0400543 0.0506413 0.0606561 0.0688216 0.0741865 0.0764276 0.0757869 0.0727853 0.0679809 0.0618867 0.054983 0.0477339 0.040563 0.0337993 0.0276339 0.0221226 0.0172421 0.0129632 0.00929584 0.0062829 0.00395762
 0.00870156 0.0141234 0.0212283 0.0299255 0.0398872 0.0503987 0.0603303 0.0684132 0.0737053 0.0758983 0.0752607 0.0723514 0.0677613 0.0619992 0.0554804 0.0485518 0.0415221 0.0346733 0.0282465 0.0224123 0.0172605 0.0128216 0.00910329 0.0061104 0.00383353
 0.00867535 0.0140833 0.0211722 0.029852 0.0397942 0.0502819 0.0601827 0.0682269 0.0734746 0.0756231 0.074951 0.0720325 0.0674789 0.0618193 0.0554753 0.0487691 0.0419497 0.0352276 0.0287987 0.0228442 0.0175126 0.0129051 0.00907538 0.00603596 0.00375847
 0.00868177 0.0140909 0.0211783 0.0298526 0.0397846 0.0502584 0.0601434 0.0681704 0.0733982 0.0755214 0.0748177 0.0718646 0.0672843 0.0616225 0.0553176 0.0486998 0.0420061 0.0354128 0.0290719 0.0231342 0.0177496 0.0130505 0.0091309 0.00603067 0.003727
 0.00866481 0.0140685 0.021154 0.0298322 0.0397742 0.0502605 0.060155 0.0681834 0.0734023 0.0755078 0.0747807 0.0718015 0.0671953 0.0615128 0.055201 0.0486003 0.0419535 0.0354305 0.0291633 0.0232768 0.0179035 0.013177 0.00920956 0.00606303 0.00372866
 0.00865464 0.0140505 0.0211245 0.0297881 0.0397145 0.0501893 0.0600818 0.0681215 0.0733633 0.0754961 0.074791 0.0718218 0.0672119 0.0615155 0.0551871 0.0485757 0.0419324 0.0354306 0.0291981 0.0233472 0.0179959 0.0132694 0.00928249 0.00610802 0.0037487
 0.0086418 0.0140305 0.021096 0.0297501 0.0396664 0.0501309 0.0600143 0.0680484 0.0732917 0.0754357 0.0747518 0.0718097 0.0672259 0.0615477 0.055226 0.0486123 0.0419638 0.0354611 0.0292357 0.0233979 0.0180586 0.0133359 0.00934156 0.00615146 0.00377467
 0.0086166 0.0139922 0.0210434 0.029684 0.0395895 0.0500473 0.0599292 0.0679677 0.0732211 0.0753805 0.074716 0.0717966 0.0672373 0.061583 0.055281 0.0486794 0.0420349 0.0355306 0.0293019 0.023462 0.0181215 0.0133958 0.00939408 0.00619225 0.00380203
 0.00862975 0.0140088 0.0210595 0.0296932 0.0395848 0.0500241 0.0598878 0.0679131 0.073161 0.0753223 0.0746651 0.071756 0.0672088 0.0615682 0.0552807 0.0486936 0.0420612 0.0355653 0.0293413 0.0235034 0.0181631 0.0134356 0.00942972 0.00622117 0.00382277
 0.00861348 0.0139875 0.0210367 0.0296746 0.0395757 0.0500259 0.059896 0.0679185 0.0731545 0.0752996 0.0746288 0.0717141 0.0671705 0.0615404 0.0552673 0.048695 0.0420761 0.035591 0.0293744 0.0235404 0.0182007 0.0134711 0.00946079 0.00624611 0.00384088
 0.0086012 0.0139676 0.0210073 0.0296348 0.0395269 0.0499732 0.0598475 0.0678837 0.0731398 0.0753048 0.074647 0.0717353 0.0671872 0.0615503 0.0552733 0.0487022 0.0420886 0.0356106 0.0294006 0.023571 0.0182329 0.0135019 0.00948785 0.00626783 0.00385671
 0.0086012 0.0139676 0.0210073 0.0296348 0.0395269 0.0499732 0.0598475 0.0678837 0.0731398 0.0753048 0.074647 0.0717353 0.0671872 0.0615503 0.0552733 0.0487022 0.0420886 0.0356106 0.0294006 0.023571 0.0182329 0.0135019 0.00948785 0.00626783 0.00385671
 0.00900772 0.014608 0.0219297 0.0308617 0.0410409 0.0517006 0.0616476 0.0695593 0.0744777 0.0761326 0.0748767 0.071376 0.0663272 0.0603259 0.0538366 0.0471961 0.0406303 0.0342843 0.0282571 0.0226327 0.0175 0.0129588 0.00910811 0.00601919 0.00370542
 0.00838943 0.0136727 0.0206563 0.0292879 0.0392664 0.0498811 0.059984 0.0682712 0.0737549 0.0760775 0.0754696 0.0724834 0.0677495 0.0618562 0.0553072 0.0485005 0.0417222 0.0351621 0.0289439 0.0231596 0.0178963 0.0132489 0.00931244 0.00615575 0.00379092
 0.00855424 0.0138565 0.0207795 0.0292301 0.0389052 0.0491522 0.0589282 0.0670392 0.0725628 0.0751377 0.0749314 0.072403 0.0680902 0.0625118 0.0561365 0.0493646 0.0425146 0.0358221 0.0294545 0.0235333 0.0181594 0.013429 0.00943246 0.00623311 0.00383845
 0.00864028 0.0140255 0.021081 0.0297101 0.0395734 0.0499421 0.059681 0.0675393 0.0726239 0.0746956 0.0740829 0.0713662 0.0671113 0.0617741 0.0557149 0.0492322 0.0425829 0.0359882 0.029636 0.0236831 0.0182626 0.013491 0.00946593 0.00624997 0.00384676
 0.00865653 0.0140582 0.021144 0.0298258 0.0397731 0.0502606 0.0601412 0.0681272 0.0732656 0.0752565 0.074406 0.0713392 0.0667255 0.0611351 0.0549945 0.0485931 0.0421203 0.0357163 0.0295118 0.023645 0.0182595 0.0134939 0.00946485 0.00624505 0.00384097
 0.00822541 0.0133777 0.0201618 0.0285173 0.0381586 0.0484262 0.0582538 0.0664224 0.0719975 0.0746213 0.074475 0.0720368 0.0678637 0.0624877 0.0563748 0.049897 0.0433189 0.036816 0.0305146 0.0245334 0.0190061 0.0140794 0.0098897 0.00652918 0.0040157
 0.00847464 0.0137277 0.0205842 0.0289463 0.0385026 0.0485917 0.0581707 0.066064 0.0713928 0.0738574 0.0736836 0.0713589 0.0674049 0.062284 0.0563906 0.0500556 0.0435454 0.037064 0.0307667 0.0247839 0.0192456 0.0142924 0.0100617 0.00665388 0.00409664
 0.0086486 0.014039 0.0211005 0.0297345 0.0395967 0.0499492 0.0596442 0.0674171 0.0723666 0.0742605 0.073457 0.0705867 0.0662726 0.061011 0.055166 0.0489986 0.0427004 0.0364225 0.0302974 0.024454 0.0190271 0.0141596 0.00998929 0.00661906 0.00408197
 0.00866525 0.0140807 0.0211929 0.0299168 0.0399192 0.050464 0.0603855 0.0683754 0.0734647 0.0753477 0.0743364 0.0710755 0.0662685 0.060531 0.0543341 0.0479936 0.0416926 0.0355303 0.0295768 0.0239122 0.0186438 0.0139042 0.00982991 0.00652662 0.00403242
 0.00865673 0.0140678 0.0211764 0.0299011 0.039916 0.050496 0.0604882 0.0685929 0.0738365 0.0758866 0.0750067 0.0717832 0.0668779 0.060906 0.0543895 0.0477286 0.0411866 0.0349066 0.0289551 0.0233754 0.0182291 0.0136122 0.0096409 0.00641376 0.00397034
 0.00887098 0.0144013 0.0216493 0.0305186 0.0406635 0.051335 0.061355 0.0694061 0.0745172 0.0763824 0.0753039 0.0718986 0.0668343 0.06071 0.0540274 0.0471838 0.0404673 0.0340621 0.0280693 0.0225405 0.0175174 0.0130602 0.0092492 0.00615876 0.00381793
 0.00845083 0.0137584 0.0207592 0.0293927 0.0393537 0.0499356 0.0600013 0.0682609 0.073739 0.0760841 0.0755231 0.0725932 0.0679002 0.062007 0.0554029 0.0484932 0.0415941 0.0349367 0.0286777 0.022918 0.0177268 0.0131664 0.00930199 0.00618739 0.00383579
 0.00874457 0.0141699 0.0212557 0.0299014 0.0397804 0.0501967 0.0600508 0.0681005 0.073411 0.0756562 0.075073 0.0721946 0.0676101 0.061855 0.0553852 0.0485743 0.0417172 0.0350412 0.028719 0.0228809 0.0176261 0.0130348 0.00917316 0.00608369 0.00376455
 0.00893486 0.0145088 0.0218149 0.0307503 0.0409518 0.0516411 0.0616093 0.0695258 0.0744431 0.0761162 0.0749217 0.0715283 0.0666069 0.0607085 0.0542551 0.0475627 0.0408668 0.0343481 0.0281534 0.0224088 0.0172253 0.0126986 0.00890448 0.00588479 0.00363063
 0.0089405 0.0145347 0.0218874 0.0309109 0.0412548 0.0521425 0.0623465 0.0704908 0.0755577 0.0772277 0.0758336 0.0720622 0.0666676 0.0603162 0.0535276 0.0466626 0.0399445 0.033506 0.0274389 0.0218279 0.0167635 0.0123381 0.00863114 0.00568788 0.00349874
#pred catch len freq
 0.00359129 0.00583317 0.00880387 0.0125453 0.017082 0.0223649 0.0282063 0.0342804 0.0401957 0.0455795 0.050132 0.0536603 0.0561011 0.0575196 0.0580781 0.0579956 0.0575148 0.0568627 0.0561668 0.0553235 0.0538932 0.0511613 0.0464497 0.0395667 0.031092
 0.00393114 0.0063427 0.00949362 0.0134043 0.0180913 0.0235132 0.029493 0.0356978 0.0417002 0.0470733 0.0514751 0.0547123 0.0567733 0.0578059 0.0580462 0.0577418 0.0571061 0.0562925 0.0553487 0.054133 0.0522451 0.0490872 0.0441266 0.0372704 0.0290952
 0.00409223 0.00663794 0.00999729 0.0142002 0.0192466 0.0250423 0.0313314 0.0377096 0.0437196 0.048954 0.0531129 0.0560343 0.0577165 0.0583159 0.058097 0.0573547 0.0563407 0.0552094 0.05397 0.0524367 0.0502076 0.0467498 0.0416384 0.0348669 0.0270181
 0.00433418 0.00700952 0.0105213 0.0148974 0.020149 0.0262037 0.0328188 0.0395667 0.045917 0.0513563 0.0554929 0.0581345 0.0593229 0.0593019 0.0584244 0.0570483 0.055461 0.0538303 0.0521616 0.050257 0.0477172 0.0440481 0.038892 0.0322966 0.0248375
 0.00454082 0.00735475 0.0110571 0.0156756 0.0212091 0.0275566 0.0344367 0.0413909 0.0478795 0.0533966 0.0575487 0.0601116 0.0610748 0.060646 0.0591903 0.0571262 0.0548226 0.0525174 0.050259 0.0478725 0.04498 0.0411218 0.0359829 0.0296325 0.0226162
 0.00477066 0.00772424 0.0116076 0.0164485 0.0222449 0.0288881 0.0360754 0.0433084 0.0499971 0.0555906 0.0596739 0.0620317 0.0626803 0.0618493 0.0599076 0.0572701 0.0543169 0.0513251 0.0484036 0.0454445 0.0421334 0.0380664 0.0329664 0.0269039 0.0203712
 0.00508432 0.00821694 0.0123184 0.017406 0.0234676 0.0303834 0.037833 0.0452918 0.0521377 0.0577872 0.0617986 0.0639425 0.0642413 0.0629503 0.0604727 0.0572507 0.0536789 0.0500463 0.0464904 0.042958 0.0392118 0.0349258 0.0298743 0.0241257 0.0181062
 0.00531349 0.00858939 0.0128788 0.0181965 0.02452 0.0317087 0.0394093 0.0470614 0.0540162 0.0596799 0.063613 0.0655901 0.0656345 0.064001 0.0610966 0.0573747 0.0532467 0.0490233 0.0448728 0.0407916 0.0366136 0.0320921 0.0270586 0.0215846 0.0160333
 0.00553336 0.0089507 0.0134309 0.0189904 0.0256021 0.033107 0.0411161 0.0490196 0.0561182 0.0617812 0.0655572 0.0672376 0.0668843 0.0647962 0.0614136 0.0572035 0.0525768 0.0478426 0.0431816 0.0386277 0.0340777 0.0293599 0.0243625 0.019163 0.0140662
