SBPRF35
7.78865
Curr Bio
467295
B35
653528
F35
0.211847
FOFL
0.138912
OFL
48738.9
Bzero
2.22533e+006
#pred survey bio
 3.81539e+006 3.41003e+006 3.05227e+006 2.725e+006 2.41061e+006 2.10921e+006 1.81629e+006 1.58882e+006 1.39547e+006 1.21112e+006 1.07583e+006 973140 875141 802653 763341 722782 690716 670263 653748 636898 618258 608825 618754 624275 629532 619687 608843 601093 593798 593008 576805 558654 546813 541305 553205 548916 557525 559619 561451 571312 566699 568304 569933 565418 569842 560858 542986 498653 471925 1.55363e+007 9.14784e+006 9.37977e+006 1.02664e+007 1.15014e+007 1.27889e+007 1.3951e+007 1.49136e+007 1.56681e+007 1.62379e+007 1.66578e+007 1.69624e+007 1.71813e+007 1.73379e+007 1.74498e+007 1.753e+007 1.75877e+007 1.76294e+007 1.76598e+007 1.76821e+007 1.76985e+007 1.77107e+007 1.77199e+007 1.77267e+007 1.77319e+007 1.77358e+007 1.77388e+007 1.7741e+007 1.77427e+007 1.77441e+007 1.77451e+007 1.77459e+007 1.77465e+007 1.77469e+007 1.77473e+007 1.77476e+007 1.77478e+007 1.77479e+007 1.77481e+007 1.77482e+007 1.77482e+007 1.77483e+007 1.77483e+007 1.77484e+007 1.77484e+007 1.77484e+007 1.77484e+007 1.77485e+007 1.77485e+007 1.77485e+007 1.77485e+007 1.77485e+007 1.77485e+007 1.77485e+007 1.77485e+007 1.77485e+007 1.77485e+007 1.77485e+007 1.77485e+007 1.77485e+007 1.77485e+007 1.77485e+007 1.77485e+007 1.77485e+007 1.77485e+007 1.77485e+007 1.77485e+007 1.77485e+007 1.77485e+007 1.77485e+007 1.77485e+007 1.77485e+007 1.77485e+007 1.77485e+007 1.77485e+007 1.77485e+007 1.77485e+007 1.77485e+007 1.77485e+007 1.77485e+007 1.77485e+007 1.77485e+007 1.77485e+007 1.77485e+007 1.77485e+007 1.77485e+007 1.77485e+007 1.77485e+007 1.77485e+007 1.77485e+007 1.77485e+007 1.77485e+007 1.77485e+007 1.77485e+007 1.77485e+007 1.77485e+007 1.77485e+007 1.77485e+007 1.77485e+007 1.77485e+007 0 0 0 0 0 0 0 0 0 0 0 0 0 0 0 0 0 0 0 0 0 0 0 0 0
#obs survey bio
 3.50034e+006 1.9856e+006 2.80854e+006 2.2867e+006 2.39676e+006 1.45097e+006 1.48346e+006 1.52226e+006 1.28904e+006 657332 882450 691523 620693 596074 914632 475018 469366 639866 524716 579714 514115 669209 363628 689434 733705 669720 469889 435083 515440 520122 639565 523600 426711 366895 693727 526684 668854 574755 722594 490581 534089 503054 550339 555936 512288 699196 497906 580086 495436
#pred catch bio
 294464 275878 274879 291695 307606 324549 286004 270056 271047 234080 210126 207508 184321 153901 152264 142343 130055 123935 121123 119565 109531 92274 94785.2 92625.7 102323 100354 95863.1 94129.1 87290.3 97622.1 95502.9 89349 88095 79426.5 96177.5 85447.2 90013.3 88947.8 81705.8 93339.6 87218.3 86482.5 90574.4 82178.8 92235.6 96912.5 114895 94982.7 90527.4 48738.9 70313.1 70593.4 75831 84637.7 94175.4 102750 109718 115029 118899 121628 123506 124775 125618 126173 126535 126768 126919 127015 127076 127115 127140 127156 127166 127172 127176 127178 127180 127181 127181 127182 127182 127182 127182 127182 127182 127182 127182 127182 127182 127182 127182 127182 127182 127182 127182 127182 127182 127182 127182 127182 127182 127182 127182 127182 127182 127182 127182 127182 127182 127182 127182 127182 127182 127182 127182 127182 127182 127182 127182 127182 127182 127182 127182 127182 127182 127182 127182 127182 127182 127182 127182 127182 127182 127182 127182 127182 127182 127182 127182 127182 127182 127182 127182 127182 127182 127182 127182 127182 127182 0 0 0 0 0 0 0 0 0 0 0 0 0 0 0 0 0 0 0 0 0 0 0 0 0
#obs catch bio
 245197 277200 275948 294088 311651 331964 292158 277810 279115 240468 216278 214976 190628 158252 155370 145974 133875 126662 123807 121793 111649 93814.4 96744.5 93562.9 102954 100979 96837.4 95249.3 88349.8 99158.1 96489 89952.8 88983.5 80312.4 97542.1 86254.8 90473.3 89184.8 81746.2 93863.7 87588.4 86796.1 90972.2 82080.1 92629.2 96901.6 115095 94834.4 90546.8
#pred cpue bio
 3.74398e+006 3.34349e+006 2.99018e+006 2.66513e+006 2.3522e+006 2.05265e+006 1.76218e+006 1.5367e+006 1.34565e+006 1.16412e+006 1.03064e+006 929290 833253 762707 724882 685930 654919 635355 619900 604109 586409 577462 587353 593329 599247 590309 580017 572574 565601 565130 550102 533159 521075 513751 523759 519628 528633 531306 533388 543035 538653 540339 542140 538005 542447 534018 517191 474662 449302 1.48139e+007 8.73482e+006 8.81769e+006 9.51949e+006 1.06826e+007 1.19513e+007 1.31093e+007 1.40711e+007 1.48254e+007 1.53952e+007 1.58151e+007 1.61197e+007 1.63385e+007 1.64951e+007 1.66071e+007 1.66873e+007 1.6745e+007 1.67867e+007 1.68171e+007 1.68394e+007 1.68558e+007 1.6868e+007 1.68771e+007 1.6884e+007 1.68891e+007 1.68931e+007 1.6896e+007 1.68983e+007 1.69e+007 1.69013e+007 1.69024e+007 1.69031e+007 1.69037e+007 1.69042e+007 1.69046e+007 1.69048e+007 1.6905e+007 1.69052e+007 1.69053e+007 1.69054e+007 1.69055e+007 1.69056e+007 1.69056e+007 1.69056e+007 1.69057e+007 1.69057e+007 1.69057e+007 1.69057e+007 1.69057e+007 1.69057e+007 1.69057e+007 1.69058e+007 1.69058e+007 1.69058e+007 1.69058e+007 1.69058e+007 1.69058e+007 1.69058e+007 1.69058e+007 1.69058e+007 1.69058e+007 1.69058e+007 1.69058e+007 1.69058e+007 1.69058e+007 1.69058e+007 1.69058e+007 1.69058e+007 1.69058e+007 1.69058e+007 1.69058e+007 1.69058e+007 1.69058e+007 1.69058e+007 1.69058e+007 1.69058e+007 1.69058e+007 1.69058e+007 1.69058e+007 1.69058e+007 1.69058e+007 1.69058e+007 1.69058e+007 1.69058e+007 1.69058e+007 1.69058e+007 1.69058e+007 1.69058e+007 1.69058e+007 1.69058e+007 1.69058e+007 1.69058e+007 1.69058e+007 1.69058e+007 1.69058e+007 1.69058e+007 1.69058e+007 1.69058e+007 1.69058e+007 1.69058e+007 0 0 0 0 0 0 0 0 0 0 0 0 0 0 0 0 0 0 0 0 0 0 0 0 0
#obs cpue bio
 2.96402e+006 2.35962e+006 3.64424e+006 1.96292e+006 1.41005e+006 1.45e+006 1.52278e+006 735170 1.2978e+006 1.43951e+006 699423 705750 733559 667670 811532 504576 439179 720509 548118 654256 462685 324591 646921 903464 777160 461829 452625 606156 421775 553461 596430 598090 488008 414839 480693 450647 663404 592426 392015 525886 499902 603101 574222 672766 450400 534964 635479 409783 424736
#pred surv len freq
 0.00553508 0.00899062 0.013534 0.019134 0.0256312 0.0326469 0.039557 0.0456458 0.0503759 0.0535688 0.0553752 0.0561108 0.0561054 0.0556266 0.0548547 0.0538832 0.0527334 0.0513723 0.0497114 0.0475768 0.0446895 0.0407224 0.0354717 0.0290697 0.0220778
 0.00583397 0.00939366 0.0139937 0.0195711 0.0259783 0.0329049 0.0398244 0.0460867 0.0511328 0.054669 0.0566921 0.0574054 0.0571218 0.0561872 0.0549115 0.0535101 0.0520739 0.0505699 0.0488526 0.0466727 0.043704 0.0396292 0.0343019 0.0279176 0.0210618
 0.00633211 0.010162 0.0150669 0.0209397 0.027576 0.0346044 0.0414495 0.0474561 0.0521299 0.0552966 0.0570632 0.0576621 0.0573357 0.0563127 0.0548229 0.0530871 0.0512724 0.0494362 0.0474846 0.0451679 0.0421322 0.038043 0.0327646 0.0265159 0.0198865
 0.0067134 0.0107906 0.0160275 0.0223106 0.0294059 0.036876 0.0440452 0.050151 0.0546304 0.0573174 0.0584115 0.0582887 0.0573271 0.0558253 0.0539958 0.0519868 0.0498994 0.0477749 0.0455534 0.0430354 0.0399037 0.03584 0.0307118 0.0247283 0.0184498
 0.00705183 0.0113369 0.0168439 0.0234571 0.0309337 0.0388141 0.0463784 0.052798 0.0574316 0.0600429 0.0607909 0.0600649 0.0583197 0.0559766 0.0533721 0.0507305 0.0481618 0.045673 0.0431703 0.0404515 0.0372263 0.0332111 0.0282896 0.0226552 0.0168179
 0.00739171 0.0118833 0.017655 0.0245839 0.0324123 0.0406532 0.0485461 0.0552165 0.0599845 0.0625886 0.0631696 0.0620997 0.0598249 0.0567855 0.0533781 0.0499194 0.0466115 0.0435225 0.0405803 0.0375835 0.0342458 0.0302955 0.0256211 0.0203917 0.0150558
 0.00777994 0.0125027 0.0185656 0.0258332 0.0340275 0.0426279 0.0508265 0.0576965 0.0625209 0.0650273 0.0653693 0.06394 0.0611999 0.0575954 0.0535303 0.0493453 0.045293 0.0415106 0.0379962 0.0346039 0.0310827 0.0271774 0.0227687 0.017984 0.013195
 0.00801678 0.0128961 0.019173 0.0267138 0.0352299 0.044172 0.0526844 0.0597861 0.064718 0.0671903 0.0673629 0.0656484 0.0625295 0.0584697 0.0538827 0.0491165 0.0444393 0.0400239 0.0359268 0.0320738 0.0282817 0.0243388 0.0201299 0.0157393 0.0114565
 0.0082847 0.0133155 0.0197755 0.027521 0.0362547 0.0454173 0.0541382 0.0614132 0.0664553 0.068949 0.069037 0.0671285 0.0637159 0.0592817 0.0542594 0.0490123 0.0438201 0.0388731 0.034263 0.0299724 0.025887 0.0218534 0.0177779 0.0137152 0.00987853
 0.00874604 0.0140263 0.0207712 0.0288066 0.0378031 0.0471705 0.0560079 0.0632865 0.0682124 0.0704868 0.0702854 0.0680495 0.0642915 0.0595006 0.0541108 0.0484841 0.0429009 0.0375576 0.0325648 0.027943 0.0236328 0.0195363 0.0155895 0.0118296 0.0084063
 0.00905159 0.0145228 0.0215162 0.0298487 0.0391666 0.0488346 0.0578888 0.0652401 0.0700631 0.0720726 0.0714946 0.0688333 0.0646537 0.0594752 0.0537393 0.0477997 0.0419228 0.0362951 0.0310304 0.0261724 0.021702 0.0175669 0.013732 0.0102264 0.00715084
 0.009162 0.0147192 0.021844 0.0303621 0.0399191 0.0498607 0.0591837 0.0667473 0.0716762 0.0736512 0.0728894 0.0699146 0.065336 0.0597285 0.0535833 0.0472839 0.041103 0.0352191 0.0297371 0.0247041 0.0201216 0.0159672 0.0122276 0.0089275 0.00613165
 0.00925155 0.0148739 0.0220944 0.0307445 0.04047 0.0506074 0.0601326 0.0678755 0.0729294 0.074947 0.0741246 0.0709771 0.066121 0.0601582 0.0536216 0.0469399 0.0404218 0.0342641 0.0285756 0.0234021 0.0187496 0.0146066 0.0109679 0.00785127 0.0052924
 0.0092901 0.0149352 0.0221851 0.0308727 0.0406477 0.0508518 0.0604661 0.0683206 0.0735007 0.075641 0.0749123 0.0718017 0.066903 0.0608078 0.0540553 0.0470976 0.0402788 0.0338329 0.0278993 0.0225442 0.0177856 0.0136185 0.010038 0.00704988 0.0046642
 0.00935816 0.0150173 0.0222565 0.0308953 0.0405828 0.0506812 0.0602082 0.0680337 0.0732681 0.0755474 0.07502 0.0721335 0.0674354 0.0614735 0.0547557 0.047724 0.040735 0.0340557 0.027868 0.0222804 0.0173442 0.0130749 0.00947268 0.00653362 0.00424491
 0.0095316 0.015282 0.0226207 0.0313497 0.0410966 0.0512009 0.0606616 0.0683438 0.0733792 0.0754511 0.0747656 0.0718127 0.0671481 0.0612918 0.0547024 0.0477703 0.040816 0.0340952 0.0278043 0.0220839 0.0170236 0.012671 0.00904334 0.0061356 0.00391881
 0.00947926 0.0152306 0.0226051 0.0314207 0.0413055 0.0515739 0.0611788 0.0689354 0.0739432 0.0758849 0.0749977 0.0718239 0.0669749 0.0610109 0.0544012 0.0475152 0.0406319 0.0339646 0.0276837 0.0219292 0.0168107 0.0124046 0.00875198 0.00585714 0.00368504
 0.00941267 0.0151162 0.0224244 0.0311603 0.0409691 0.0511964 0.060831 0.0687093 0.0739164 0.0760831 0.0753781 0.0722922 0.0674259 0.0613698 0.0546438 0.0476612 0.0407204 0.0340263 0.0277271 0.0219427 0.0167779 0.0123199 0.00862684 0.00571578 0.00355324
 0.00938917 0.0150729 0.0223492 0.0310376 0.0407824 0.0509341 0.0604954 0.0683258 0.0735376 0.0757819 0.0752272 0.0723357 0.0676581 0.0617353 0.0550611 0.0480565 0.04105 0.0342789 0.0279094 0.0220639 0.0168431 0.0123327 0.00859637 0.0056581 0.00348738
 0.00943908 0.0151413 0.022428 0.0311104 0.0408268 0.0509275 0.0604204 0.068174 0.0733128 0.0755039 0.0749337 0.0720788 0.0674917 0.0616957 0.0551519 0.0482465 0.0412878 0.0345139 0.0281072 0.0222091 0.016934 0.0123751 0.00860017 0.00563631 0.00345394
 0.00952625 0.0152744 0.0226116 0.0313406 0.0410903 0.0512003 0.0606682 0.0683563 0.0733918 0.0754558 0.0747581 0.0718011 0.0671586 0.0613643 0.0548751 0.0480584 0.041195 0.034498 0.0281357 0.0222502 0.0169654 0.0123872 0.00859306 0.00561593 0.0034282
 0.00950238 0.0152429 0.0225776 0.0313136 0.0410813 0.0512179 0.0607144 0.0684241 0.0734664 0.0755176 0.0747873 0.071784 0.0670928 0.0612619 0.0547606 0.0479614 0.0411399 0.0344946 0.028177 0.0223167 0.017035 0.0124429 0.00862774 0.00563077 0.00342932
 0.00923922 0.0148452 0.0220363 0.0306431 0.0403189 0.0504199 0.0599519 0.0677765 0.0730081 0.0753001 0.0748255 0.0720536 0.0675399 0.0618198 0.0553663 0.0485671 0.041716 0.0350258 0.0286543 0.0227315 0.0173784 0.0127092 0.00881792 0.00575428 0.00350133
 0.0090438 0.0145346 0.0215833 0.030031 0.0395489 0.0495205 0.058987 0.0668421 0.0722149 0.0747461 0.074573 0.0721187 0.0678948 0.0624041 0.0561019 0.0493734 0.0425236 0.0357835 0.0293299 0.0233078 0.0178479 0.0130715 0.00907987 0.0059294 0.00360835
 0.0090091 0.0144555 0.0214227 0.0297407 0.0390826 0.0488537 0.0581358 0.0658702 0.0712237 0.0738538 0.07389 0.0717277 0.0678367 0.0626725 0.056647 0.0501155 0.0433705 0.0366481 0.0301426 0.0240213 0.0184369 0.0135289 0.00941238 0.00615399 0.00374801
 0.00910421 0.0146016 0.0216245 0.0299909 0.0393563 0.0491039 0.0582951 0.0658634 0.0709931 0.0733871 0.073235 0.0709837 0.0671269 0.0621095 0.0563057 0.0500201 0.0434974 0.0369398 0.0305271 0.0244303 0.0188173 0.013848 0.00965662 0.00632508 0.00385744
 0.00917039 0.0147074 0.02178 0.0302035 0.0396273 0.0494244 0.0586398 0.0661874 0.0712349 0.0734806 0.0731289 0.0706624 0.0666239 0.0615046 0.0557041 0.0495218 0.0431691 0.0368012 0.0305545 0.0245723 0.019015 0.0140509 0.00983163 0.00645737 0.00394651
 0.0091641 0.014703 0.0217843 0.0302271 0.0396826 0.0495219 0.0587841 0.0663736 0.0714466 0.0736885 0.0732925 0.0707368 0.0665729 0.0613163 0.0554024 0.0491642 0.0428295 0.036545 0.0304175 0.0245537 0.019085 0.0141671 0.00995522 0.00656278 0.00402321
 0.00906275 0.0145581 0.0216035 0.0300309 0.0395002 0.0493831 0.0587119 0.0663813 0.0715365 0.0738518 0.0735083 0.0709725 0.0667877 0.0614696 0.0554658 0.049133 0.0427272 0.0364161 0.03031 0.024501 0.0190952 0.0142259 0.0100369 0.0066432 0.00408749
 0.00873242 0.0140692 0.0209583 0.0292656 0.0386783 0.0485821 0.0580113 0.0658532 0.0712372 0.0738108 0.0737215 0.0714019 0.0673704 0.0621303 0.0561299 0.0497391 0.0432374 0.0368211 0.030625 0.0247529 0.0193084 0.0144126 0.0101973 0.00677205 0.00418146
 0.00871846 0.014015 0.0208204 0.02899 0.0382211 0.0479383 0.0572363 0.0650578 0.0705539 0.07335 0.0735395 0.0714962 0.0676943 0.0626143 0.0566989 0.0503236 0.0437819 0.0372896 0.0310041 0.0250486 0.0195372 0.0145918 0.0103385 0.00688037 0.00425966
 0.00958754 0.0152402 0.0223152 0.030551 0.0395792 0.0488459 0.0575431 0.0647431 0.0697132 0.072158 0.0722052 0.0702172 0.0666172 0.0618125 0.0561749 0.0500302 0.0436498 0.0372513 0.031008 0.0250644 0.0195531 0.0146071 0.0103553 0.00689917 0.00427832
 0.0104535 0.0165906 0.0242302 0.033039 0.0425439 0.0520554 0.0606229 0.0672298 0.07118 0.0723623 0.0711747 0.0682247 0.0640671 0.0591077 0.0536235 0.0478112 0.0418266 0.0358085 0.0298923 0.0242148 0.0189175 0.0141451 0.0100347 0.00669064 0.00415315
 0.0103312 0.0165311 0.0243966 0.0336642 0.0438636 0.0542007 0.0635237 0.0705841 0.074511 0.0751388 0.0729488 0.0687439 0.06333 0.0573458 0.0512146 0.0451611 0.0392684 0.0335531 0.0280306 0.0227527 0.0178151 0.0133465 0.00948216 0.0063294 0.0039328
 0.00970308 0.0156 0.0231718 0.0322379 0.0424171 0.0529939 0.0628624 0.0707528 0.0756708 0.0772279 0.0756506 0.0715603 0.0657376 0.0589602 0.0518899 0.0449915 0.0385079 0.0325031 0.0269461 0.0217957 0.017056 0.0127906 0.00910158 0.00608499 0.00378617
 0.00948812 0.0152345 0.022596 0.0313966 0.0412865 0.0516192 0.06139 0.0694305 0.0748003 0.077079 0.0763655 0.073086 0.067817 0.0611964 0.0538663 0.0464011 0.0392339 0.0326179 0.0266422 0.0212928 0.0165296 0.0123434 0.00877036 0.00586447 0.00365234
 0.00936269 0.0150181 0.0222459 0.030863 0.0405207 0.0505913 0.060112 0.0679779 0.0733236 0.0757948 0.0755214 0.0728981 0.0683936 0.0624798 0.0556288 0.0483079 0.0409515 0.0339178 0.0274518 0.0216768 0.0166255 0.0122924 0.00867452 0.00577772 0.0035922
 0.00941825 0.0150881 0.0223122 0.030892 0.0404667 0.0504041 0.0597468 0.0674063 0.0725459 0.0748556 0.0745221 0.0719947 0.0677702 0.0622957 0.055956 0.0490901 0.0420125 0.035023 0.0283939 0.0223408 0.0170034 0.0124505 0.00870304 0.00575173 0.00355638
 0.0094708 0.0151697 0.0224269 0.0310377 0.0406313 0.0505621 0.059857 0.0674157 0.0724013 0.0745211 0.073996 0.0713223 0.0670458 0.0616507 0.055528 0.0489777 0.042234 0.0355032 0.0289923 0.0229087 0.0174389 0.0127216 0.00883504 0.00579484 0.00355725
 0.00938427 0.0150428 0.0222618 0.0308459 0.0404316 0.0503747 0.0596985 0.0672942 0.0723124 0.0744461 0.0739059 0.0711886 0.0668571 0.0614266 0.0553229 0.0488671 0.0422849 0.0357409 0.0293828 0.0233707 0.0178783 0.01307 0.0090678 0.00592576 0.00361837
 0.00936475 0.0150191 0.0222409 0.0308395 0.0404529 0.0504337 0.0597974 0.0674246 0.0724564 0.0745781 0.0739959 0.0712067 0.0667803 0.0612489 0.0550632 0.0485722 0.0420197 0.0355674 0.0293357 0.0234425 0.0180256 0.0132361 0.00920803 0.0060204 0.00367009
 0.00930114 0.0149171 0.022091 0.0306363 0.040199 0.0501448 0.0595043 0.0671702 0.0722839 0.0745165 0.0740493 0.071353 0.0669791 0.0614533 0.0552346 0.0486919 0.0420943 0.0356244 0.0294083 0.0235523 0.018171 0.0133955 0.00935362 0.00613229 0.00374301
 0.00923282 0.0148115 0.021942 0.0304417 0.0399606 0.0498685 0.0592022 0.0668628 0.072001 0.0742937 0.0739206 0.0713407 0.0670846 0.0616551 0.0554938 0.0489649 0.0423472 0.0358421 0.0295945 0.0237198 0.0183303 0.0135464 0.00948731 0.00623856 0.00381729
 0.00928995 0.0148885 0.0220285 0.030518 0.0400031 0.0498577 0.0591297 0.0667329 0.0718272 0.074095 0.0737188 0.0711593 0.066947 0.0615795 0.0554865 0.0490172 0.0424391 0.0359508 0.0297034 0.0238221 0.018426 0.0136363 0.00956874 0.0063067 0.00386823
 0.00909549 0.0146128 0.0216877 0.030151 0.0396578 0.0495716 0.0589154 0.0665794 0.0717138 0.0740078 0.0736589 0.0711404 0.0669859 0.0616877 0.0556657 0.0492581 0.0427229 0.0362527 0.0299982 0.0240901 0.0186554 0.0138231 0.0097138 0.0064132 0.00394108
 0.00891615 0.0143449 0.0213303 0.0297226 0.0391966 0.0491306 0.0585547 0.0663528 0.0716519 0.0741034 0.073868 0.0714005 0.067243 0.0619139 0.0558612 0.0494388 0.0429055 0.0364449 0.0301965 0.0242836 0.0188318 0.013973 0.00983275 0.00650116 0.00400135
 0.00884881 0.0142336 0.0211603 0.0294815 0.0388802 0.0487507 0.0581453 0.0659685 0.0713558 0.0739478 0.0738758 0.0715576 0.0675038 0.0622196 0.0561602 0.0497017 0.0431269 0.0366344 0.0303665 0.0244407 0.0189753 0.0140982 0.00993462 0.00657782 0.00405434
 0.00878784 0.0141776 0.0211537 0.0295871 0.0391559 0.0492166 0.05876 0.0666333 0.0719489 0.0743695 0.0740793 0.071551 0.0673303 0.0619316 0.0558027 0.0493082 0.0427238 0.0362467 0.030018 0.0241502 0.0187523 0.0139409 0.00983327 0.00651837 0.00402285
 0.00830594 0.0134642 0.0202136 0.028479 0.0379871 0.0481257 0.0578942 0.0661216 0.0718683 0.0747161 0.0747647 0.0724329 0.0682627 0.0628057 0.0565606 0.0499327 0.0432207 0.036631 0.0303083 0.0243662 0.0189121 0.0140595 0.00992067 0.00658099 0.00406536
#obs surv len freq
 0.00496997 0.00814153 0.0123851 0.0177143 0.0240025 0.0308827 0.0377275 0.0438119 0.0485851 0.0518467 0.0537172 0.054484 0.0544683 0.0539679 0.0532431 0.0525064 0.0519017 0.0514626 0.0510501 0.0502945 0.0486138 0.0453774 0.0402083 0.0332758 0.0253618
 0.00517476 0.00847665 0.0128938 0.018439 0.0249774 0.0321221 0.0392125 0.0454843 0.0503536 0.053602 0.0553473 0.0558843 0.0555465 0.0546465 0.0534616 0.052226 0.0511104 0.0501825 0.0493426 0.0482633 0.046402 0.0431559 0.0381521 0.0315305 0.0240123
 0.00541153 0.00886298 0.0134779 0.0192666 0.0260834 0.033517 0.0408684 0.0473302 0.0522858 0.0555035 0.0571053 0.0573991 0.0567323 0.0554298 0.0537803 0.0520302 0.050368 0.0488891 0.0475357 0.046035 0.0439046 0.0405908 0.0357382 0.0294575 0.0223967
 0.00565604 0.00926312 0.014085 0.0201303 0.0272421 0.0349829 0.0426124 0.0492762 0.0543216 0.0575026 0.0589474 0.0589814 0.0579719 0.0562604 0.054147 0.051886 0.0496749 0.0476272 0.0457202 0.0437388 0.0412724 0.0378345 0.0331033 0.0271671 0.0205954
 0.00589168 0.00965212 0.0146815 0.0209885 0.0284059 0.0364689 0.044393 0.0512735 0.0564183 0.0595653 0.0608482 0.060611 0.0592439 0.0571097 0.0545248 0.0517536 0.0490002 0.0463887 0.0439234 0.0414406 0.0386037 0.0350031 0.0303635 0.0247605 0.0186865
 0.00615597 0.0100823 0.0153301 0.0219051 0.0296284 0.0380092 0.0462212 0.053312 0.0585504 0.0616562 0.0627663 0.0622423 0.0604983 0.0579219 0.0548508 0.051564 0.0482736 0.0451125 0.0421049 0.0391305 0.0359221 0.0321475 0.0275845 0.0223039 0.0167261
 0.00638676 0.0104639 0.0159163 0.0227497 0.0307743 0.0394712 0.0479692 0.0552658 0.0605927 0.0636562 0.0646009 0.063807 0.06171 0.0587169 0.0551831 0.0514016 0.0475956 0.0439088 0.0403849 0.0369428 0.0333768 0.0294275 0.0249255 0.0199414 0.0148311
 0.006627 0.0108551 0.0165062 0.0235838 0.0318875 0.040875 0.0496368 0.0571261 0.062538 0.0655609 0.0663422 0.0652789 0.0628302 0.059428 0.0554482 0.0511981 0.04691 0.0427364 0.0387379 0.0348677 0.0309757 0.026868 0.022424 0.0177161 0.0130422
 0.00684137 0.0112106 0.017054 0.024375 0.0329619 0.0422436 0.0512658 0.0589322 0.0644034 0.0673579 0.0679551 0.0666151 0.0638211 0.0600265 0.0556252 0.0509385 0.0462082 0.0415948 0.0371735 0.0329265 0.0287513 0.024511 0.0201282 0.0156766 0.0114027
 0.00705867 0.0115628 0.0175822 0.0251174 0.0339474 0.0434809 0.0527309 0.0605622 0.0661017 0.06901 0.069447 0.0678482 0.0647213 0.0605471 0.0557435 0.0506485 0.0455141 0.0405082 0.0357173 0.0311473 0.0267353 0.0223917 0.0180746 0.0138582 0.00994352
 0.00727316 0.0119165 0.0181231 0.0258915 0.0349872 0.0447887 0.0542637 0.0622295 0.0677825 0.0705793 0.0707987 0.0689044 0.0654312 0.0608827 0.0556953 0.0502215 0.0447236 0.0393766 0.0342765 0.0294474 0.0248569 0.0204528 0.0162202 0.0122311 0.00864592
 0.00743454 0.0121828 0.0185315 0.0264797 0.0357867 0.0458131 0.0554958 0.0636147 0.0692329 0.0719889 0.0720602 0.0699255 0.0661445 0.0612493 0.0557024 0.0498757 0.0440436 0.0383891 0.0330175 0.0279685 0.0232336 0.0187891 0.0146393 0.0108512 0.00755002
 0.00753145 0.0123422 0.0187753 0.0268307 0.0362658 0.0464341 0.056259 0.0645023 0.0702093 0.0730029 0.0730497 0.0708213 0.0668767 0.0617557 0.0559365 0.0498118 0.0436767 0.0377329 0.0321022 0.0268421 0.0219662 0.0174728 0.0133801 0.00974885 0.00667329
 0.00760858 0.0124592 0.0189365 0.0270362 0.0365141 0.0467261 0.0565995 0.0648993 0.0706695 0.0735272 0.0736279 0.071428 0.0674708 0.0622828 0.0563364 0.0500279 0.0436663 0.0374746 0.0315994 0.0261255 0.0210928 0.0165228 0.012446 0.00891733 0.00600526
 0.00765827 0.0125392 0.019055 0.0271991 0.0367227 0.0469744 0.0568732 0.0651795 0.0709407 0.0737851 0.0738815 0.0716932 0.0677577 0.0625848 0.0566251 0.0502575 0.043784 0.0374337 0.0313726 0.0257133 0.0205277 0.015865 0.011772 0.00830185 0.00550284
 0.00770664 0.0126086 0.0191424 0.0272969 0.0368216 0.0470683 0.0569623 0.0652688 0.0710369 0.0738926 0.0740025 0.0718296 0.0679136 0.0627634 0.0568224 0.0504558 0.0439495 0.0375232 0.0313457 0.0255471 0.0202271 0.015465 0.0113287 0.00787667 0.00514455
 0.00778282 0.0127276 0.0193118 0.0275183 0.0370885 0.0473636 0.057258 0.0655306 0.0712332 0.0740062 0.0740353 0.0718001 0.067848 0.0626874 0.0567548 0.0504046 0.043909 0.0374736 0.0312585 0.0253957 0.0199999 0.0151729 0.0110038 0.00756098 0.00487495
 0.00781398 0.0127777 0.0193863 0.0276217 0.0372234 0.0475289 0.0574469 0.0657289 0.0714212 0.0741619 0.0741408 0.0718468 0.0678393 0.0626375 0.0566836 0.0503301 0.0438408 0.0374097 0.0311856 0.0252956 0.0198584 0.0149892 0.0107931 0.00734949 0.00468909
 0.00784079 0.0128163 0.0194353 0.0276771 0.0372807 0.0475854 0.0575035 0.0657898 0.0714905 0.0742405 0.0742238 0.0719241 0.0678991 0.062671 0.0566886 0.0503115 0.0438071 0.0373673 0.0311347 0.02523 0.0197701 0.0148752 0.0106601 0.00721231 0.00456522
 0.00787724 0.01287 0.0195056 0.0277593 0.0373667 0.0476656 0.0575687 0.0658335 0.071511 0.0742423 0.0742161 0.0719169 0.0678984 0.0626761 0.0566938 0.0503097 0.043794 0.0373418 0.0310973 0.0251802 0.0197063 0.0147967 0.0105706 0.00712044 0.00448164
 0.0078776 0.0128692 0.0195016 0.0277494 0.0373477 0.0476353 0.0575266 0.0657816 0.0714544 0.0741883 0.0741739 0.0718958 0.0679056 0.062714 0.0567582 0.0503908 0.0438789 0.0374183 0.0311564 0.0252166 0.019718 0.014785 0.0105401 0.00707886 0.00443806
 0.00790728 0.012911 0.0195526 0.0278026 0.0373938 0.0476652 0.0575344 0.0657654 0.071416 0.0741325 0.074108 0.0718289 0.0678477 0.0626739 0.0567419 0.050399 0.0439071 0.0374577 0.0311964 0.0252479 0.0197345 0.0147849 0.0105255 0.00705492 0.00441122
 0.00790246 0.0129073 0.0195543 0.0278152 0.0374216 0.0477075 0.0575834 0.0658078 0.0714378 0.0741255 0.0740726 0.0717735 0.0677848 0.0626162 0.0566992 0.050377 0.0439068 0.0374754 0.0312248 0.0252781 0.0197586 0.0147979 0.0105267 0.00704692 0.00439841
 0.00788367 0.0128718 0.0194924 0.0277167 0.0372802 0.0475273 0.0573824 0.065615 0.071284 0.0740316 0.0740439 0.0718014 0.0678542 0.0627129 0.056813 0.0505018 0.0440381 0.0376083 0.0313532 0.0253946 0.0198563 0.0148723 0.0105769 0.00707601 0.00441192
 0.0078759 0.0128565 0.019464 0.0276677 0.037202 0.0474126 0.0572285 0.0654277 0.0710794 0.0738355 0.0738857 0.071706 0.0678336 0.0627638 0.0569206 0.0506465 0.0442015 0.037776 0.0315144 0.0255409 0.0199809 0.0149709 0.0106483 0.0071225 0.00443869
 0.007842 0.0128014 0.0193814 0.0275519 0.0370495 0.0472239 0.05701 0.0651924 0.0708449 0.0736217 0.0737124 0.0715918 0.0677934 0.0628053 0.0570409 0.0508315 0.0444292 0.038022 0.0317565 0.0257621 0.02017 0.0151217 0.0107599 0.00719841 0.00448564
 0.00785346 0.0128133 0.0193869 0.0275402 0.0370085 0.0471444 0.0568896 0.0650363 0.070665 0.0734333 0.0735323 0.071436 0.0676774 0.0627422 0.0570397 0.0508944 0.0445496 0.0381848 0.0319416 0.0259485 0.0203402 0.015264 0.0108689 0.0072749 0.00453446
 0.00782674 0.0127738 0.0193344 0.0274762 0.0369345 0.04706 0.0567918 0.0649214 0.070532 0.0732873 0.073385 0.0713036 0.0675762 0.0626856 0.057036 0.0509464 0.0446544 0.0383333 0.032119 0.0261361 0.0205192 0.0154193 0.0109918 0.00736344 0.00459241
 0.00780945 0.0127431 0.0192838 0.0273991 0.0368266 0.0469231 0.0566355 0.0647615 0.0703853 0.0731653 0.0732915 0.0712373 0.0675353 0.0626714 0.0570531 0.0509999 0.0447468 0.0384621 0.0322756 0.0263072 0.0206885 0.0155716 0.0111164 0.0074559 0.00465452
 0.00779499 0.0127178 0.0192421 0.0273346 0.0367333 0.0467973 0.0564788 0.0645826 0.0701998 0.0729928 0.0731512 0.0711431 0.0674928 0.0626783 0.0571026 0.051085 0.0448618 0.0386025 0.0324354 0.026477 0.0208561 0.0157241 0.0112433 0.007552 0.00472042
 0.00772368 0.0126072 0.019086 0.0271308 0.0364849 0.0465129 0.0561734 0.0642774 0.0699199 0.0727632 0.0729926 0.071069 0.0675079 0.0627783 0.0572749 0.0513114 0.0451226 0.0388796 0.0327137 0.0267435 0.0210991 0.0159334 0.0114117 0.00767716 0.00480553
 0.00929276 0.0147957 0.0217106 0.0297987 0.0387086 0.0478933 0.0565444 0.0637315 0.0687196 0.0712127 0.0713436 0.0694877 0.0660852 0.0615539 0.0562581 0.0504937 0.0444856 0.0383997 0.032366 0.0265041 0.0209452 0.0158435 0.011366 0.0076587 0.00480122
 0.00930258 0.0151004 0.0226769 0.0318779 0.0422373 0.0528261 0.0622856 0.0692336 0.0728562 0.0732247 0.0710919 0.0673894 0.062834 0.0578258 0.0525454 0.0470802 0.0414985 0.0358751 0.0302946 0.024856 0.0196802 0.0149138 0.0107178 0.00723388 0.00454199
 0.00896053 0.0145663 0.0219357 0.0309859 0.0413734 0.0523241 0.062591 0.0707425 0.075673 0.0769855 0.0750135 0.0705667 0.0646176 0.0580476 0.0514816 0.0452326 0.0393615 0.0338025 0.0284799 0.0233726 0.0185315 0.0140688 0.0101294 0.00684893 0.00430744
 0.00878812 0.0142732 0.0214718 0.0303011 0.0404376 0.0511625 0.0613274 0.0696242 0.0750463 0.077197 0.0762532 0.0727266 0.0672658 0.0605706 0.0533321 0.0461371 0.0393712 0.033189 0.027572 0.0224338 0.0177164 0.0134372 0.00968133 0.00655514 0.00412926
 0.00872262 0.014161 0.0212914 0.0300255 0.040037 0.0506106 0.060614 0.0687744 0.0741421 0.0763925 0.0757631 0.0727698 0.067968 0.0618717 0.0549663 0.0477217 0.0405637 0.0338192 0.027673 0.0221747 0.0172979 0.0130142 0.00933673 0.00631224 0.00397669
 0.00867378 0.0140856 0.0211847 0.0298842 0.0398568 0.0503841 0.0603301 0.0684202 0.0737109 0.075897 0.0752525 0.0723403 0.0677519 0.0619937 0.0554784 0.0485527 0.0415268 0.0346848 0.0282675 0.0224429 0.0172975 0.0128594 0.00913671 0.0061363 0.00385131
 0.00869149 0.0141054 0.0211981 0.0298779 0.0398167 0.0503004 0.0602008 0.0682499 0.0735054 0.0756585 0.0749819 0.0720478 0.0674717 0.0617895 0.0554287 0.0487142 0.041895 0.0351797 0.0287624 0.0228218 0.0175035 0.0129063 0.00908242 0.00604464 0.00376603
 0.00866428 0.0140687 0.0211561 0.0298379 0.0397849 0.0502772 0.0601776 0.0682118 0.0734379 0.075554 0.0748425 0.0718831 0.0672967 0.0616266 0.0553105 0.0486808 0.041978 0.0353808 0.029042 0.0231111 0.0177354 0.0130448 0.00913143 0.00603448 0.00373153
 0.00865685 0.0140544 0.0211309 0.029798 0.039729 0.0502091 0.0601071 0.0681513 0.0733959 0.0755296 0.0748247 0.0718566 0.0672504 0.06156 0.0552363 0.0486224 0.0419628 0.0354293 0.0291555 0.0232669 0.0178952 0.0131724 0.00920879 0.00606487 0.00373153
 0.00864732 0.0140392 0.0211086 0.0297669 0.0396876 0.0501562 0.0600428 0.0680786 0.0733216 0.0754634 0.0747756 0.071829 0.0672411 0.0615603 0.055238 0.0486239 0.0419717 0.0354586 0.0292153 0.0233562 0.018 0.0132716 0.00928457 0.0061105 0.00375131
 0.00864348 0.0140322 0.0210968 0.0297483 0.0396605 0.0501197 0.0599976 0.068027 0.0732669 0.0754095 0.074727 0.0717902 0.0672161 0.0615507 0.055242 0.048638 0.0419934 0.0354888 0.0292575 0.0234127 0.0180673 0.0133406 0.0093442 0.00615332 0.00377625
 0.00864061 0.0140288 0.0210937 0.029747 0.0396619 0.0501235 0.0600016 0.0680273 0.0732595 0.0753921 0.0746995 0.0717555 0.0671787 0.0615158 0.0552143 0.0486201 0.0419864 0.035493 0.029273 0.0234393 0.0181031 0.013381 0.00938279 0.00618443 0.00379721
 0.00864065 0.0140288 0.0210938 0.0297474 0.039663 0.0501261 0.0600065 0.0680349 0.0732687 0.0754003 0.074703 0.0717508 0.0671641 0.0614927 0.0551863 0.0485922 0.0419634 0.0354783 0.0292686 0.0234454 0.0181185 0.0134024 0.00940598 0.00620515 0.00381277
 0.00863953 0.0140281 0.0210947 0.0297515 0.039672 0.0501407 0.0600258 0.0680567 0.0732902 0.0754185 0.0747157 0.0717561 0.0671606 0.0614797 0.0551645 0.0485642 0.0419332 0.0354506 0.0292475 0.0234333 0.0181157 0.0134074 0.00941564 0.00621608 0.00382228
 0.00862426 0.014006 0.0210665 0.02972 0.0396413 0.0501152 0.0600094 0.0680519 0.0732978 0.0754373 0.0747423 0.0717862 0.0671897 0.0615039 0.0551812 0.0485725 0.041934 0.0354465 0.0292418 0.0234292 0.0181154 0.0134112 0.00942255 0.0062241 0.00382956
 0.00862426 0.014006 0.0210665 0.02972 0.0396413 0.0501152 0.0600094 0.0680519 0.0732978 0.0754373 0.0747423 0.0717862 0.0671897 0.0615039 0.0551812 0.0485725 0.041934 0.0354465 0.0292418 0.0234292 0.0181154 0.0134112 0.00942255 0.0062241 0.00382956
 0.00880257 0.0142827 0.0214574 0.0302282 0.0402539 0.0507997 0.0607117 0.0686998 0.073814 0.0757583 0.0748343 0.0716504 0.0668578 0.0610269 0.0546172 0.0479767 0.0413519 0.0349113 0.0287749 0.0230419 0.0178104 0.0131844 0.00926434 0.00612136 0.00376789
 0.0087634 0.0142437 0.0214441 0.030279 0.0404088 0.051084 0.0611207 0.0691957 0.0743353 0.0762364 0.0752089 0.0718791 0.0669207 0.0609275 0.0543797 0.0476396 0.0409601 0.0345077 0.0283945 0.022709 0.0175382 0.0129764 0.00911611 0.00602343 0.00370825
#pred catch len freq
 0.00571116 0.00894441 0.012862 0.0172871 0.0220945 0.0272057 0.0325043 0.0377819 0.0427737 0.0472337 0.0509826 0.0539197 0.0560225 0.0573356 0.0579429 0.0579346 0.0573842 0.0563336 0.0547643 0.0525503 0.049431 0.0450757 0.0392776 0.0321942 0.0244528
 0.00606453 0.00943329 0.0134449 0.0178868 0.0226385 0.0276807 0.0329851 0.0384044 0.0436565 0.0483944 0.052301 0.0551734 0.0569724 0.0578148 0.0579076 0.0574609 0.0566194 0.0554252 0.0538004 0.051539 0.0483306 0.0438567 0.0379747 0.0309121 0.0233229
 0.00663572 0.0102926 0.0146051 0.019304 0.0242142 0.0292757 0.0344453 0.0395998 0.0445298 0.0489892 0.0527378 0.0555705 0.057361 0.0581091 0.0579529 0.057123 0.055854 0.0542871 0.0523994 0.049982 0.0466925 0.0421928 0.0363521 0.0294245 0.0220698
 0.00711541 0.0110467 0.0156919 0.0207592 0.0260426 0.0314379 0.0368389 0.0420501 0.0468075 0.0508614 0.0540355 0.0562402 0.0574664 0.0577769 0.0572923 0.0561744 0.0545982 0.0526987 0.0504964 0.0478399 0.044426 0.039933 0.0342322 0.0275679 0.0205702
 0.00757432 0.0117575 0.0166988 0.0220873 0.0277041 0.033436 0.0391599 0.0446406 0.0495491 0.0535589 0.0564343 0.0580771 0.0585408 0.0580076 0.0567268 0.0549438 0.0528484 0.0505446 0.0480218 0.0451298 0.0415973 0.0371406 0.0316493 0.0253507 0.0188206
 0.00805921 0.012505 0.0177493 0.0234556 0.0293839 0.0354077 0.0413907 0.0470796 0.05212 0.0561543 0.0589087 0.0602441 0.0601876 0.0589336 0.0567962 0.0541248 0.0512156 0.048244 0.0452272 0.0420183 0.0383513 0.0339566 0.0287294 0.0228702 0.0168873
 0.00854244 0.0132501 0.0187963 0.0248185 0.0310548 0.0373618 0.0435859 0.0494505 0.0545761 0.0585855 0.0611926 0.0622516 0.0617832 0.0599767 0.0571526 0.0536923 0.0499551 0.0462013 0.0425317 0.0388641 0.0349734 0.0306082 0.0256549 0.0202682 0.0148725
 0.00887953 0.0137805 0.0195629 0.0258524 0.0323735 0.0389664 0.045453 0.0515248 0.0567707 0.0607897 0.0632846 0.0641095 0.0632921 0.0610314 0.0576569 0.0535606 0.0491242 0.0446531 0.040318 0.0361204 0.0319122 0.0274914 0.022749 0.0177916 0.0129518
 0.00929561 0.0144111 0.0204283 0.0269459 0.0336719 0.0404429 0.0470832 0.0532799 0.0586051 0.0626323 0.0650402 0.0656696 0.0645498 0.0618939 0.0580496 0.0534246 0.0484148 0.0433472 0.0384339 0.0337421 0.0292025 0.0246792 0.020088 0.0155016 0.0111666
 0.00986033 0.0152608 0.0215803 0.0283723 0.0353103 0.0422153 0.0489092 0.0550811 0.060307 0.0641682 0.0663542 0.0667145 0.0652833 0.0622754 0.0580413 0.0529937 0.0475358 0.0420072 0.036645 0.0315615 0.0267507 0.0221397 0.0176777 0.0134183 0.00953665
 0.0102535 0.0158737 0.0224532 0.029524 0.0367341 0.0438744 0.0507304 0.056955 0.0621018 0.065755 0.0676317 0.067622 0.065799 0.0624049 0.057802 0.0524015 0.046599 0.0407293 0.0350381 0.029666 0.0246541 0.0199814 0.0156296 0.0116435 0.00814308
 0.0104742 0.0162269 0.0229751 0.0302476 0.0376855 0.0450667 0.0521514 0.0585552 0.0637889 0.0674008 0.0690914 0.0687618 0.066524 0.062675 0.0576293 0.0518316 0.0456873 0.0395251 0.0335833 0.0280084 0.0228655 0.0181681 0.0139227 0.0101688 0.00698544
 0.0105901 0.0164161 0.0232628 0.0306606 0.0382516 0.0458102 0.0530858 0.0596737 0.0650563 0.0687491 0.0704204 0.06995 0.0674481 0.0632352 0.0577698 0.0515486 0.0450202 0.0385381 0.0323486 0.0265996 0.0213628 0.0166651 0.012523 0.0089679 0.0060463
 0.0105752 0.0163976 0.0232468 0.03066 0.0382882 0.045915 0.0532974 0.0600324 0.0655931 0.069472 0.0713035 0.070929 0.0684262 0.0640982 0.0584085 0.0518802 0.0450045 0.0381809 0.0316942 0.0257182 0.0203409 0.0155978 0.0115061 0.00808437 0.0053498
 0.0106854 0.0165434 0.0234052 0.0307904 0.0383456 0.0458712 0.0531587 0.059844 0.0654286 0.0694128 0.0714163 0.071247 0.0689368 0.0647414 0.0590866 0.0524797 0.0454221 0.0383468 0.0315848 0.0253572 0.0197894 0.0149402 0.0108331 0.0074753 0.00485787
 0.0108849 0.0168411 0.0238022 0.0312658 0.0388571 0.0463602 0.0535577 0.0600907 0.0654848 0.0692837 0.0711566 0.0709464 0.0686898 0.0646144 0.0590963 0.0525904 0.0455605 0.038428 0.0315401 0.0251543 0.0194394 0.0144906 0.0103507 0.00702585 0.00448853
 0.0107954 0.0167321 0.0237052 0.0312321 0.0389422 0.0465998 0.053947 0.0605777 0.0659835 0.0696998 0.0714175 0.0710239 0.0686086 0.0644406 0.0589098 0.0524517 0.0454881 0.038397 0.0314997 0.0250547 0.019255 0.0142293 0.0100479 0.0067276 0.00423378
 0.0107051 0.0165874 0.0234935 0.0309497 0.0386029 0.0462433 0.0536405 0.060402 0.0660031 0.0699312 0.0718154 0.0714968 0.0690563 0.0647924 0.0591445 0.0525916 0.0455739 0.0384596 0.0315453 0.025068 0.019216 0.0141311 0.00990353 0.00656477 0.00408208
 0.0106728 0.0165325 0.0234059 0.030817 0.0384117 0.0459838 0.0533142 0.0600312 0.0656372 0.0696418 0.0716757 0.0715527 0.0693026 0.0651721 0.0595737 0.052994 0.0459054 0.0387101 0.031723 0.0251828 0.0192726 0.0141327 0.00985942 0.00649252 0.00400272
 0.0107388 0.0166242 0.0235145 0.0309232 0.0384893 0.0460058 0.0532592 0.0598878 0.0654074 0.0693453 0.071353 0.0712612 0.0691031 0.0651073 0.0596501 0.0531795 0.0461449 0.0389485 0.0319229 0.0253274 0.0193599 0.0141688 0.00985511 0.00646184 0.00396086
 0.0108042 0.0167224 0.0236469 0.0310843 0.0386664 0.04618 0.053406 0.0599799 0.0654196 0.0692618 0.0711741 0.0710078 0.0688146 0.0648346 0.0594419 0.0530667 0.0461302 0.0390086 0.0320201 0.0254257 0.0194351 0.0142113 0.00986683 0.00645146 0.00393929
 0.0106826 0.0165464 0.0234225 0.0308317 0.0384154 0.0459612 0.0532432 0.0598855 0.0653935 0.0692919 0.0712395 0.071085 0.0688867 0.0648974 0.0595052 0.0531487 0.0462471 0.0391641 0.032202 0.0256108 0.0195989 0.014337 0.00994958 0.00649657 0.00395767
 0.0103696 0.0160819 0.0228063 0.0300944 0.0376116 0.0451574 0.0525077 0.0592828 0.0649789 0.0691028 0.0712869 0.0713499 0.069324 0.0654483 0.060111 0.0537627 0.046839 0.039717 0.0327047 0.0260521 0.019967 0.0146239 0.010155 0.00662996 0.00403522
 0.0101115 0.0156858 0.0222549 0.0293889 0.0367731 0.0442267 0.0515463 0.0583714 0.0642083 0.0685573 0.0710269 0.0713998 0.0696686 0.066037 0.0608695 0.0546086 0.0476974 0.0405305 0.0334359 0.0266796 0.0204807 0.0150218 0.0104434 0.00682303 0.00415325
 0.0101075 0.0156569 0.0221695 0.0292027 0.0364388 0.0437106 0.0508458 0.0575242 0.0632902 0.0676706 0.0702819 0.0708938 0.0694662 0.0661564 0.0612805 0.0552425 0.0484652 0.0413424 0.0342168 0.0273764 0.0210627 0.0154778 0.010777 0.00704947 0.00429448
 0.0102129 0.0158146 0.0223795 0.0294507 0.0366931 0.0439215 0.0509492 0.0574534 0.0629971 0.067149 0.069581 0.0701118 0.0687261 0.0655739 0.0609353 0.0551628 0.0486275 0.0416855 0.0346617 0.027847 0.0214996 0.0158439 0.0110572 0.00724571 0.00442
 0.0102782 0.0159165 0.0225247 0.0296424 0.0369298 0.0441944 0.0512375 0.0577204 0.0631894 0.067205 0.0694487 0.0697719 0.0682086 0.0649582 0.0603302 0.0546734 0.0483245 0.0415888 0.0347437 0.0280496 0.0217565 0.0160987 0.0112733 0.00740746 0.00452827
 0.0102705 0.0159094 0.0225246 0.0296594 0.0369761 0.0442813 0.0513715 0.0578993 0.0633989 0.0674165 0.0696197 0.0698527 0.0681575 0.0647597 0.0600084 0.0542907 0.0479625 0.0413202 0.0346083 0.028046 0.0218505 0.016242 0.0114221 0.007533 0.00461908
 0.0101181 0.0156904 0.0222488 0.0293551 0.0366839 0.0440426 0.0512189 0.057852 0.0634627 0.0675835 0.0698675 0.070144 0.0684437 0.0649904 0.0601457 0.0543236 0.0479128 0.0412348 0.0345399 0.0280313 0.0218987 0.0163369 0.0115353 0.00763823 0.00470082
 0.00978341 0.0152023 0.0216185 0.0286308 0.0359387 0.0433548 0.0506552 0.0574606 0.0632731 0.0676063 0.0700933 0.0705426 0.0689663 0.0655753 0.0607279 0.0548468 0.0483421 0.0415637 0.0347871 0.0282277 0.022071 0.0164973 0.0116813 0.00776082 0.0047931
 0.00976513 0.0151477 0.0214917 0.0283873 0.0355418 0.0427987 0.0499828 0.0567608 0.0626558 0.0671678 0.06989 0.070584 0.0692227 0.0659921 0.0612385 0.0553841 0.0488486 0.0420005 0.0351389 0.0285002 0.0222818 0.0166645 0.011816 0.00786707 0.00487166
 0.0107648 0.0165573 0.0232125 0.0301873 0.0371152 0.0438665 0.0503789 0.0564657 0.0617774 0.0658961 0.0684471 0.0691779 0.0680095 0.0650545 0.0605874 0.0549781 0.048621 0.0418832 0.0350784 0.0284643 0.0222573 0.0166498 0.0118125 0.00787343 0.00488361
 0.0118095 0.0181403 0.0253724 0.0328631 0.0401396 0.0469712 0.0532127 0.0586417 0.0629616 0.0659115 0.0673371 0.0671886 0.0655027 0.0623994 0.0580765 0.0527892 0.0468221 0.0404629 0.0339844 0.0276348 0.0216388 0.0162015 0.0115022 0.00767232 0.00476361
 0.0116607 0.0180266 0.0254382 0.0333219 0.0412168 0.0488107 0.0557868 0.0617127 0.0661151 0.0686503 0.0692057 0.0678931 0.0649887 0.060855 0.0558567 0.050296 0.044395 0.0383206 0.0322226 0.0262599 0.0206098 0.0154611 0.0109928 0.00734086 0.00456232
 0.0110353 0.0171162 0.0242737 0.0320225 0.0399856 0.0479096 0.0554953 0.062265 0.067616 0.0709966 0.0720631 0.0707642 0.0673565 0.0623414 0.0563247 0.0498571 0.0433306 0.0369643 0.0308573 0.0250658 0.019664 0.0147673 0.0105163 0.00703382 0.00437754
 0.0107021 0.0165882 0.0235074 0.0309949 0.03871 0.0464573 0.0540173 0.0609944 0.0668351 0.0709644 0.0729233 0.0724685 0.0696421 0.0647882 0.0584818 0.0513864 0.044101 0.0370547 0.0304824 0.0244721 0.0190493 0.0142472 0.0101318 0.00677793 0.00422227
 0.0105522 0.0163418 0.0231298 0.0304481 0.0379561 0.0454687 0.0527955 0.0595949 0.0653874 0.069676 0.0720506 0.0722509 0.0702143 0.066108 0.0603173 0.0533802 0.0458896 0.0383868 0.0312785 0.0248062 0.0190769 0.0141273 0.00997833 0.0066494 0.00413525
