SBPRF35
7.78865
Curr Bio
511445
B35
692342
F35
0.21111
FOFL
0.150718
OFL
60546.5
Bzero
2.22533e+006
#pred survey bio
 4.86228e+006 4.55851e+006 4.27395e+006 3.94789e+006 3.59287e+006 3.24354e+006 2.91135e+006 2.58922e+006 2.28769e+006 2.0338e+006 1.80822e+006 1.58636e+006 1.39456e+006 1.22619e+006 1.09499e+006 974651 866516 816380 773492 744143 697774 666042 659259 649713 634928 619413 610645 607045 600993 584491 576292 575008 577260 573285 562312 551289 540250 536495 547468 546392 558052 562615 566742 572227 573893 576985 577948 579116 586112 592656 600081 585486 602935 588901 538305 517543 1.78402e+007 1.05516e+007 1.07402e+007 1.14759e+007 1.25022e+007 1.35751e+007 1.4547e+007 1.53551e+007 1.59908e+007 1.6473e+007 1.68297e+007 1.70896e+007 1.72772e+007 1.7412e+007 1.75088e+007 1.75785e+007 1.76289e+007 1.76655e+007 1.76923e+007 1.7712e+007 1.77265e+007 1.77374e+007 1.77455e+007 1.77516e+007 1.77563e+007 1.77598e+007 1.77624e+007 1.77645e+007 1.7766e+007 1.77672e+007 1.77681e+007 1.77688e+007 1.77694e+007 1.77698e+007 1.77701e+007 1.77704e+007 1.77706e+007 1.77707e+007 1.77708e+007 1.77709e+007 1.7771e+007 1.7771e+007 1.77711e+007 1.77711e+007 1.77711e+007 1.77712e+007 1.77712e+007 1.77712e+007 1.77712e+007 1.77712e+007 1.77712e+007 1.77712e+007 1.77712e+007 1.77712e+007 1.77712e+007 1.77712e+007 1.77712e+007 1.77712e+007 1.77712e+007 1.77712e+007 1.77712e+007 1.77712e+007 1.77712e+007 1.77712e+007 1.77712e+007 1.77712e+007 1.77712e+007 1.77712e+007 1.77712e+007 1.77712e+007 1.77712e+007 1.77712e+007 1.77712e+007 1.77712e+007 1.77712e+007 1.77712e+007 1.77712e+007 1.77712e+007 1.77712e+007 1.77712e+007 1.77712e+007 1.77712e+007 1.77712e+007 1.77712e+007 1.77712e+007 1.77712e+007 1.77712e+007 1.77712e+007 1.77712e+007 1.77712e+007 1.77712e+007 1.77712e+007 1.77712e+007 1.77712e+007 1.77712e+007 1.77712e+007 1.77712e+007 1.77712e+007 1.77712e+007 1.77712e+007 0 0 0 0 0 0 0 0 0 0 0 0 0 0 0 0 0 0 0 0 0 0 0 0 0
#obs survey bio
 4.86076e+006 3.51677e+006 3.04478e+006 3.31205e+006 2.97864e+006 1.84973e+006 1.9746e+006 2.66322e+006 1.65616e+006 1.8317e+006 2.5119e+006 1.54503e+006 990344 980036 834477 746331 570628 630306 536526 612627 793545 620596 417675 541666 713968 468791 668824 480200 579865 375536 544510 509070 772668 482886 376363 605422 446013 504732 661705 690311 465862 518974 662888 450482 604841 609586 674073 546866 593053 731729 457425 808024 528646 800879 446204 757810
#pred catch bio
 104082 97263.9 155014 209834 238528 258655 283848 295877 279041 274465 286688 271813 259983 233562 226980 215959 165319 157780 143489 153153 135759 112415 113551 115539 113115 104853 98701.3 99656.4 107245 99086.6 92572.8 88820.2 92353.4 95320.5 92295.4 91884 89069.2 81093.6 93333.9 83192.7 89418.5 89087.1 86783.8 88985 87382.4 89424.9 89869.9 86263.3 88273.6 88688.3 106319 77637.2 101834 128283 98835.6 84010 60546.5 81031.8 81014.9 85253.3 92459.7 100255 107271 112985 117348 120533 122783 124333 125381 126079 126539 126838 127032 127157 127237 127288 127321 127341 127354 127362 127368 127371 127373 127374 127375 127376 127376 127376 127376 127376 127376 127376 127376 127376 127376 127376 127376 127376 127376 127376 127376 127376 127376 127376 127376 127376 127376 127376 127376 127376 127376 127376 127376 127376 127376 127376 127376 127376 127376 127376 127376 127376 127376 127376 127376 127376 127376 127376 127376 127376 127376 127376 127376 127376 127376 127376 127376 127376 127376 127376 127376 127376 127376 127376 127376 127376 127376 127376 127376 127376 127376 127376 127376 127376 127376 127376 0 0 0 0 0 0 0 0 0 0 0 0 0 0 0 0 0 0 0 0 0 0 0 0 0
#obs catch bio
 0 96881.7 155503 211138 240613 261996 289394 302509 285335 281471 293624 277830 267335 240702 234755 223510 169640 162210 146971 157173 137856 113687 115938 117870 114621 106575 99618.1 100713 108848 100887 94157.1 90296.8 93925.8 96926.4 93949.4 93053.1 90749.7 81861.7 94175.5 83466.9 89967.6 89980.7 87004.4 89190 87284.5 89533.4 90162.3 86527 88823.1 89164 108076 77707.6 101935 129065 99093.5 83925.9
#pred cpue bio
 4.78985e+006 4.49183e+006 4.2109e+006 3.88615e+006 3.53238e+006 3.1843e+006 2.85331e+006 2.53286e+006 2.23337e+006 1.98119e+006 1.75747e+006 1.53801e+006 1.34821e+006 1.18163e+006 1.05197e+006 933642 827809 778830 737374 709388 665065 634712 628175 619033 605166 590564 582393 579149 573300 557216 549265 548183 550696 547358 537309 527050 515627 510389 520186 519364 531055 535679 540007 545756 547575 550523 551273 552196 558704 564823 572006 558170 575831 562833 513748 493781 1.70546e+007 1.01015e+007 1.0159e+007 1.0752e+007 1.17299e+007 1.27917e+007 1.37613e+007 1.45691e+007 1.52048e+007 1.56869e+007 1.60436e+007 1.63035e+007 1.64911e+007 1.66259e+007 1.67228e+007 1.67925e+007 1.68429e+007 1.68795e+007 1.69062e+007 1.69259e+007 1.69405e+007 1.69513e+007 1.69594e+007 1.69656e+007 1.69702e+007 1.69737e+007 1.69764e+007 1.69784e+007 1.698e+007 1.69812e+007 1.69821e+007 1.69828e+007 1.69833e+007 1.69837e+007 1.69841e+007 1.69843e+007 1.69845e+007 1.69846e+007 1.69848e+007 1.69848e+007 1.69849e+007 1.6985e+007 1.6985e+007 1.6985e+007 1.69851e+007 1.69851e+007 1.69851e+007 1.69851e+007 1.69851e+007 1.69851e+007 1.69851e+007 1.69851e+007 1.69851e+007 1.69851e+007 1.69851e+007 1.69852e+007 1.69852e+007 1.69852e+007 1.69852e+007 1.69852e+007 1.69852e+007 1.69852e+007 1.69852e+007 1.69852e+007 1.69852e+007 1.69852e+007 1.69852e+007 1.69852e+007 1.69852e+007 1.69852e+007 1.69852e+007 1.69852e+007 1.69852e+007 1.69852e+007 1.69852e+007 1.69852e+007 1.69852e+007 1.69852e+007 1.69852e+007 1.69852e+007 1.69852e+007 1.69852e+007 1.69852e+007 1.69852e+007 1.69852e+007 1.69852e+007 1.69852e+007 1.69852e+007 1.69852e+007 1.69852e+007 1.69852e+007 1.69852e+007 1.69852e+007 1.69852e+007 1.69852e+007 1.69852e+007 1.69852e+007 1.69852e+007 1.69852e+007 1.69852e+007 0 0 0 0 0 0 0 0 0 0 0 0 0 0 0 0 0 0 0 0 0 0 0 0 0
#obs cpue bio
 3.67309e+006 5.22743e+006 2.87935e+006 2.56737e+006 2.42476e+006 2.91466e+006 2.16892e+006 2.01835e+006 2.25326e+006 1.44408e+006 1.56775e+006 1.39241e+006 1.01055e+006 783385 847677 877464 797787 682347 758981 741993 731597 536170 423700 633079 688347 445556 691112 562559 432755 454939 439955 451086 344564 558400 527062 595451 312491 699967 574501 426155 555076 365752 738153 719280 645496 438121 391485 516766 412275 394931 466037 537573 994945 371259 548231 424051
#pred surv len freq
 0.00458203 0.00753388 0.011514 0.0165558 0.0225578 0.0291864 0.0358581 0.0418983 0.0468002 0.05039 0.0527933 0.0542796 0.0551238 0.0555383 0.0556534 0.0555205 0.0551288 0.0544215 0.0532886 0.0515298 0.0488283 0.0448146 0.0392597 0.0323166 0.0246266
 0.0049168 0.00795236 0.0119163 0.0167844 0.0224563 0.0286838 0.0350263 0.0409356 0.0459425 0.0498021 0.0525064 0.0542071 0.0551322 0.0555271 0.0556031 0.0554933 0.0552275 0.0547283 0.0538118 0.0521859 0.0494723 0.0453041 0.0395166 0.0323517 0.0245161
 0.00520233 0.00843876 0.0126792 0.0178808 0.0238802 0.0303161 0.0366188 0.0421688 0.0465511 0.0496992 0.0518186 0.0531926 0.0540427 0.0545087 0.0546897 0.0546677 0.0544871 0.0541049 0.0533432 0.0518725 0.0492593 0.0451061 0.0392661 0.0320347 0.0241707
 0.00544852 0.00884139 0.0132921 0.0187615 0.0250837 0.0318766 0.0385175 0.0442958 0.0486869 0.0515409 0.0530622 0.0536416 0.0536831 0.0534996 0.0532764 0.0530789 0.0528798 0.0525688 0.0519283 0.0506048 0.0481411 0.0441189 0.0383884 0.0312624 0.0235209
 0.00573913 0.00930577 0.0139766 0.0197056 0.0263158 0.0334071 0.040329 0.0463354 0.0508615 0.0537124 0.0550416 0.0551989 0.0545906 0.0536033 0.0525578 0.0516641 0.0509872 0.0504318 0.0497384 0.0484936 0.046189 0.0423736 0.0368807 0.0300146 0.0225464
 0.00603795 0.00978792 0.0146952 0.0207073 0.0276315 0.0350391 0.0422375 0.0484375 0.0530454 0.0558588 0.0570352 0.0569206 0.0559022 0.0543483 0.0525929 0.0509127 0.0494831 0.0483216 0.0472406 0.0458407 0.0435845 0.0399742 0.034797 0.0283145 0.0212538
 0.00627175 0.0101783 0.0153019 0.0215924 0.0288471 0.0366069 0.0441295 0.0505694 0.0552902 0.0580745 0.0590893 0.058701 0.0573123 0.0552934 0.0529706 0.050623 0.0484614 0.0465804 0.0448934 0.0430909 0.0406838 0.0371729 0.0323018 0.0262626 0.0197013
 0.00652383 0.0105843 0.0159069 0.0224385 0.0299688 0.0380228 0.0458298 0.0525061 0.0573777 0.060198 0.0611202 0.060512 0.0587893 0.0563396 0.0535026 0.050564 0.0477448 0.0451726 0.0428284 0.040497 0.0377809 0.0342346 0.0295959 0.0239924 0.0179686
 0.00684229 0.0110886 0.0166406 0.0234332 0.0312391 0.039559 0.0475903 0.0544165 0.0593416 0.0621155 0.0628999 0.0620737 0.0600584 0.057243 0.0539671 0.0505181 0.047123 0.0439282 0.04096 0.0380797 0.0349855 0.031313 0.0268296 0.0216212 0.0161327
 0.00706957 0.0114683 0.0172304 0.024291 0.0324092 0.0410503 0.0493577 0.0563589 0.061323 0.0639992 0.0645765 0.0634705 0.061132 0.0579636 0.0543037 0.050429 0.0465568 0.0428358 0.0393191 0.0359284 0.0324488 0.0286035 0.0242088 0.0193322 0.0143336
 0.00729421 0.0118295 0.0177674 0.0250402 0.0334003 0.0422984 0.0508515 0.0580506 0.0631265 0.065799 0.0662456 0.0648917 0.0622168 0.0586595 0.0545883 0.0502935 0.0459891 0.0418165 0.0378357 0.0340047 0.0301768 0.0261552 0.0218117 0.0172112 0.0126459
 0.00766474 0.0124079 0.0185928 0.0261323 0.0347557 0.0438871 0.0526123 0.0598919 0.064939 0.0674746 0.0676924 0.0660374 0.0630068 0.059056 0.0545712 0.0498595 0.0451455 0.0405738 0.0362088 0.0320294 0.027935 0.023791 0.0195185 0.0151857 0.0110306
 0.00800985 0.0129658 0.0194248 0.0272886 0.0362605 0.0457177 0.0546817 0.0620508 0.0670057 0.0692798 0.0691148 0.0670154 0.0635272 0.0591337 0.0542322 0.0491311 0.0440528 0.0391408 0.0344643 0.0300193 0.0257396 0.0215366 0.017368 0.0133036 0.00953527
 0.00830625 0.0134484 0.0201522 0.0283151 0.0376239 0.0474212 0.0566734 0.0642156 0.0691773 0.0712712 0.070754 0.0681746 0.0641389 0.0591921 0.0537792 0.048234 0.042783 0.0375616 0.0326321 0.0279949 0.0236049 0.0194045 0.0153757 0.0115844 0.00818158
 0.00847594 0.0137332 0.0205977 0.0289702 0.0385317 0.0486039 0.0581163 0.0658589 0.0709212 0.0729902 0.0723137 0.0694461 0.0650146 0.0596 0.0536933 0.0476744 0.0418048 0.0362387 0.0310442 0.026225 0.0217454 0.0175634 0.0136714 0.0101258 0.00703997
 0.0086297 0.0139888 0.020993 0.0295443 0.0393176 0.0496164 0.0593391 0.0672394 0.0723764 0.0744213 0.0736193 0.0705323 0.0658002 0.0600216 0.0537114 0.0472787 0.0410169 0.0351096 0.0296474 0.0246494 0.0200914 0.015939 0.0121845 0.00886737 0.00606476
 0.00886237 0.0143509 0.0215083 0.0302246 0.0401625 0.0506119 0.0604547 0.0684254 0.0735671 0.075543 0.0746003 0.0713103 0.0663255 0.0602585 0.0536378 0.0468869 0.0403156 0.0341272 0.028434 0.0232773 0.0186503 0.0145292 0.0109034 0.00779303 0.00523991
 0.00882054 0.0142951 0.0214474 0.0301758 0.0401494 0.0506597 0.0605864 0.0686604 0.0739197 0.0760199 0.0751948 0.0719951 0.0670497 0.0609512 0.0542188 0.0472808 0.0404656 0.0340047 0.0280445 0.0226603 0.0178757 0.0136861 0.0100847 0.00707743 0.00467603
 0.00877816 0.0142304 0.0213585 0.0300656 0.040027 0.0505417 0.060497 0.0686286 0.073974 0.0761807 0.0754701 0.0723784 0.0675204 0.0614741 0.0547439 0.0477465 0.0408073 0.0341682 0.0279993 0.0224091 0.0174561 0.0131633 0.00953678 0.00657563 0.00426908
 0.00864283 0.0140261 0.0210807 0.0297216 0.0396349 0.0501284 0.0600969 0.0682823 0.0737249 0.0760684 0.0755218 0.0726036 0.0679083 0.0619941 0.0553484 0.0483751 0.0413928 0.034645 0.0283154 0.0225385 0.0174059 0.0129729 0.00926628 0.00628882 0.00401613
 0.0087972 0.0142421 0.0213413 0.0299894 0.0398631 0.0502784 0.0601513 0.0682472 0.0736215 0.0759228 0.075359 0.0724472 0.0677818 0.0619191 0.055339 0.0484306 0.0414939 0.034756 0.0283933 0.0225463 0.0173256 0.0128121 0.00905498 0.00606705 0.00381954
 0.00905376 0.0146183 0.0218297 0.030553 0.0404401 0.0507949 0.0605352 0.0684418 0.0735992 0.0756949 0.0749756 0.0719825 0.0673118 0.0615031 0.0550119 0.0482042 0.0413604 0.0346921 0.0283651 0.0225172 0.0172672 0.0127132 0.00892336 0.00592368 0.00368776
 0.00897862 0.0145287 0.0217537 0.0305325 0.0405149 0.0509789 0.0607998 0.0687196 0.0738092 0.0757759 0.0749092 0.0717961 0.0670628 0.0612567 0.0548205 0.0480968 0.0413405 0.0347428 0.0284561 0.0226142 0.0173404 0.0127451 0.0089123 0.00588173 0.00363304
 0.00880269 0.0142693 0.0214146 0.0301396 0.0401149 0.0506329 0.0605722 0.068662 0.0739399 0.0760655 0.0752845 0.0721658 0.067354 0.0614395 0.0549104 0.0481358 0.0413728 0.0347962 0.0285363 0.0227086 0.0174285 0.0128089 0.00894389 0.00588421 0.00361703
 0.00881171 0.0142589 0.0213541 0.029989 0.0398406 0.0502298 0.0600811 0.0681671 0.0735447 0.0758562 0.0752992 0.0723832 0.0677046 0.0618343 0.0552732 0.0484248 0.0415843 0.0349509 0.0286595 0.0228161 0.0175228 0.0128845 0.00899494 0.0059105 0.0036241
 0.00882898 0.0142894 0.0214027 0.0300565 0.0399175 0.0502908 0.0600857 0.0680731 0.073332 0.0755469 0.0749592 0.0720983 0.0675441 0.0618226 0.0553853 0.0486059 0.041778 0.0351206 0.0287931 0.0229177 0.0176005 0.0129433 0.00903649 0.00593564 0.00363563
 0.00886888 0.0143383 0.0214472 0.030076 0.0398916 0.0502086 0.0599522 0.0679053 0.0731475 0.0753552 0.0747634 0.0719069 0.0673808 0.0617227 0.0553788 0.0486997 0.0419507 0.0353328 0.0290054 0.0231034 0.0177487 0.0130535 0.00911328 0.00598505 0.00366419
 0.00895131 0.0144547 0.021589 0.0302224 0.0400125 0.0502727 0.0599345 0.0677947 0.0729507 0.0750965 0.0744784 0.0716327 0.0671469 0.0615491 0.0552788 0.0486806 0.042011 0.0354581 0.0291696 0.0232765 0.0179056 0.0131802 0.00920573 0.00604652 0.0037013
 0.00895368 0.0144748 0.021648 0.0303465 0.0402217 0.0505653 0.0602764 0.0681227 0.073192 0.0751952 0.0744146 0.0714253 0.0668429 0.0612058 0.0549483 0.0484017 0.0418064 0.0353344 0.0291194 0.0232813 0.0179426 0.013228 0.00924982 0.00607997 0.00372312
 0.00900195 0.0145541 0.0217697 0.030523 0.0404657 0.0508863 0.0606746 0.0685803 0.0736677 0.0756252 0.0747249 0.0715533 0.0667592 0.0609252 0.0545242 0.0479077 0.0413143 0.0348988 0.0287708 0.0230272 0.0177732 0.0131245 0.00919137 0.00604913 0.00370763
 0.00896709 0.0145026 0.0217021 0.0304446 0.0403871 0.0508231 0.0606467 0.0686102 0.0737742 0.0758154 0.0749853 0.0718464 0.06703 0.0611175 0.0546004 0.0478619 0.0411723 0.0347058 0.0285733 0.0228592 0.0176504 0.0130466 0.0091487 0.00602918 0.00369993
 0.00887005 0.014352 0.0214895 0.0301686 0.0400553 0.0504546 0.0602738 0.0682769 0.0735296 0.0757023 0.075029 0.0720471 0.0673602 0.0615259 0.0550228 0.0482379 0.0414615 0.0348967 0.0286802 0.0229104 0.017674 0.0130616 0.00916315 0.00604387 0.00371286
 0.00867238 0.0140542 0.0210856 0.0296692 0.0394858 0.0498502 0.059677 0.0677355 0.073094 0.0754186 0.0749316 0.0721518 0.0676602 0.0619903 0.0555992 0.0488601 0.0420627 0.0354237 0.0291039 0.023227 0.017898 0.0132148 0.00926613 0.00611188 0.00375626
 0.00852595 0.0138229 0.0207509 0.0292216 0.0389295 0.0492094 0.0589992 0.0670879 0.0725486 0.0750343 0.0747414 0.0721628 0.0678604 0.0623563 0.056098 0.0494484 0.0426879 0.0360308 0.0296454 0.0236728 0.0182387 0.0134586 0.00943071 0.00621729 0.00382028
 0.00854127 0.0138291 0.0207257 0.0291327 0.038743 0.0489033 0.0585759 0.0665785 0.0720074 0.0745255 0.0743259 0.0718867 0.0677493 0.0624142 0.0563107 0.0497877 0.043115 0.0364999 0.0301096 0.0240911 0.018584 0.0137206 0.00961426 0.00633649 0.00389222
 0.00924909 0.014826 0.0219407 0.0304011 0.0398501 0.0496564 0.0588643 0.0663921 0.071417 0.0736477 0.0732923 0.0708236 0.0667639 0.0615841 0.0556795 0.0493658 0.0428862 0.0364287 0.03015 0.0241951 0.0187095 0.0138374 0.00970656 0.00640059 0.00393209
 0.009828 0.0157631 0.0233332 0.0323089 0.0422509 0.0523939 0.0616234 0.068745 0.0729477 0.0740995 0.0726528 0.0693018 0.064688 0.0592886 0.0534311 0.0473398 0.041174 0.0350578 0.0291043 0.0234326 0.0181764 0.0134793 0.0094752 0.00625728 0.0038476
 0.00964218 0.015575 0.0232617 0.0325371 0.0429794 0.0537627 0.0636345 0.0712252 0.0755689 0.0764501 0.0743398 0.0700561 0.0644366 0.0581627 0.0517062 0.0453385 0.0391789 0.0332641 0.0276134 0.0222709 0.0173212 0.0128825 0.00908029 0.00601017 0.00370214
 0.00921207 0.014915 0.0223494 0.0313992 0.0417111 0.0525412 0.0627131 0.070885 0.0760241 0.0777439 0.0762903 0.0722948 0.0665264 0.0597395 0.0525811 0.0455228 0.0388362 0.0326232 0.0268866 0.0216057 0.016791 0.0125022 0.00883067 0.00585873 0.00361683
 0.00917552 0.0148204 0.0221434 0.0310141 0.0410876 0.0516642 0.061646 0.0697822 0.0751092 0.077254 0.0764028 0.073057 0.0678196 0.0613018 0.0540887 0.0466992 0.0395355 0.0328527 0.0267666 0.0212988 0.0164394 0.0121951 0.00860388 0.00571142 0.00353097
 0.00913085 0.0147413 0.0220105 0.0308006 0.0407593 0.0511845 0.0609878 0.0689468 0.0741486 0.0762853 0.0755998 0.0726109 0.067875 0.061893 0.0551115 0.0479376 0.0407375 0.0338176 0.0274017 0.0216224 0.0165389 0.0121738 0.00854164 0.00565253 0.00349058
 0.00896177 0.0145073 0.0217327 0.0305215 0.0405263 0.0510258 0.0608936 0.0688683 0.0740176 0.0760465 0.0752423 0.0721872 0.0674951 0.0616907 0.05519 0.0483198 0.0413487 0.0345149 0.0280348 0.022091 0.0168172 0.0122961 0.00856788 0.00563662 0.00346615
 0.00888312 0.014365 0.0214949 0.0301572 0.0400224 0.0504068 0.0602321 0.0682703 0.0735819 0.0758209 0.0752058 0.0722706 0.0676284 0.061845 0.0553885 0.0486127 0.0417697 0.035048 0.0286127 0.0226256 0.0172395 0.0125804 0.00872984 0.00571336 0.00349523
 0.00891406 0.0143954 0.0215029 0.0301075 0.0398727 0.0501209 0.0597951 0.0677022 0.0729425 0.0752009 0.0747031 0.071958 0.0675292 0.0619331 0.0556134 0.04893 0.0421559 0.0354907 0.0290911 0.0230998 0.0176606 0.0129104 0.00895621 0.00584877 0.00356572
 0.00900407 0.0145317 0.0216879 0.0303332 0.0401176 0.0503487 0.0599561 0.067741 0.072814 0.0748913 0.0742427 0.0714189 0.0670045 0.0615067 0.0553357 0.048812 0.0421793 0.0356248 0.0293024 0.0233533 0.017919 0.0131395 0.00913315 0.00596762 0.00363492
 0.00906557 0.0146285 0.0218275 0.030519 0.0403476 0.0506117 0.060229 0.0679874 0.0729886 0.0749488 0.0741512 0.0711725 0.0666306 0.0610633 0.0548965 0.0484447 0.0419279 0.0355021 0.0292947 0.0234303 0.018044 0.0132769 0.0092558 0.00606039 0.00369525
 0.00910593 0.0146965 0.021934 0.030675 0.0405607 0.0508816 0.0605425 0.0683173 0.073297 0.0751934 0.0742928 0.0711812 0.0664933 0.0607897 0.054522 0.0480251 0.041526 0.035171 0.0290643 0.0233038 0.018003 0.0132919 0.0092967 0.00610456 0.00373031
 0.00921055 0.0148487 0.0221301 0.0309013 0.0407984 0.0511148 0.0607635 0.068525 0.0734908 0.0753667 0.0744292 0.071257 0.0664837 0.0606773 0.0543047 0.0477212 0.0411727 0.0348161 0.0287532 0.0230669 0.017849 0.0132106 0.00926655 0.00610272 0.00373923
 0.00918778 0.0148274 0.0221261 0.0309367 0.0408932 0.0512749 0.0609731 0.0687506 0.0736955 0.075526 0.0745378 0.0713229 0.0665147 0.0606723 0.0542541 0.0476152 0.0410118 0.0346161 0.0285423 0.0228758 0.0177006 0.013113 0.00921422 0.00608208 0.00373584
 0.00909935 0.0146992 0.0219629 0.0307555 0.0407212 0.0511448 0.0609162 0.0687886 0.0738321 0.0757426 0.0747974 0.0715822 0.0667389 0.060842 0.0543632 0.0476642 0.041004 0.0345588 0.0284492 0.0227673 0.017598 0.0130322 0.00916128 0.00605403 0.00372482
 0.00881754 0.0142885 0.0214337 0.0301495 0.0401022 0.0505819 0.06047 0.0685043 0.0737379 0.0758462 0.0750829 0.0720098 0.0672514 0.0613775 0.0548681 0.0481014 0.0413546 0.034819 0.0286263 0.0228764 0.0176585 0.0130635 0.00917845 0.00606586 0.00373459
 0.00870045 0.014105 0.0211721 0.0298081 0.0396952 0.0501445 0.0600589 0.0681886 0.0735779 0.0758717 0.0752823 0.0723383 0.0676495 0.0617894 0.0552508 0.048427 0.0416083 0.0349974 0.0287357 0.0229298 0.0176729 0.013056 0.00916319 0.00605173 0.00372521
 0.00853425 0.0138111 0.0206883 0.0290682 0.0386523 0.048805 0.0585109 0.0666025 0.0721716 0.0748521 0.0747916 0.0724232 0.0682608 0.0628047 0.0565111 0.0497733 0.0429094 0.0361625 0.029715 0.0237076 0.0182585 0.013474 0.00944589 0.0062323 0.00383368
 0.00860521 0.0139273 0.0208611 0.0292988 0.0389199 0.0490546 0.0586528 0.0665343 0.0718207 0.0742206 0.0739725 0.0715758 0.0675556 0.0623663 0.0563862 0.0499309 0.0432662 0.0366178 0.0301794 0.0241196 0.0185872 0.013714 0.00960749 0.0063333 0.00389243
 0.00868927 0.0141056 0.0212041 0.029892 0.0398347 0.0503048 0.0601564 0.0681069 0.0732119 0.0751809 0.0743251 0.071267 0.0666683 0.0610917 0.0549624 0.0485734 0.0421174 0.0357325 0.0295432 0.0236817 0.0182907 0.0135127 0.00947076 0.00624212 0.00383439
 0.00821434 0.0134069 0.0202932 0.0288383 0.0387605 0.0493671 0.0595216 0.0679169 0.0735401 0.075992 0.0754654 0.0725026 0.0677607 0.0618761 0.05539 0.0487043 0.0420729 0.0356357 0.0294762 0.0236735 0.0183309 0.0135751 0.00953171 0.00628906 0.00386487
#obs surv len freq
 nan nan nan nan nan nan nan nan nan nan nan nan nan nan nan nan nan nan nan nan nan nan nan nan nan
 0.00447495 0.0073321 0.0111585 0.0159731 0.0216744 0.0279526 0.0342707 0.0400061 0.0446894 0.0481563 0.0505166 0.0520144 0.0529083 0.053422 0.0537373 0.053993 0.0542722 0.0545653 0.0547043 0.0542963 0.0527341 0.0493656 0.0438144 0.036293 0.027675
 0.00461199 0.00755373 0.0114898 0.0164358 0.0222826 0.0287045 0.0351406 0.0409416 0.045617 0.0489947 0.0511913 0.0524692 0.0531125 0.0533717 0.0534524 0.0535093 0.0536323 0.0538117 0.0538758 0.0534295 0.0518675 0.0485417 0.043077 0.0356796 0.0272062
 0.0047848 0.00783607 0.0119171 0.0170414 0.0230903 0.029718 0.036332 0.0422476 0.0469472 0.0502475 0.0522698 0.0532916 0.053618 0.0535251 0.0532466 0.0529649 0.0527925 0.0527339 0.0526251 0.0520755 0.0504852 0.0472114 0.0418788 0.0346793 0.0264403
 0.00497238 0.00814566 0.0123917 0.017724 0.0240155 0.0308984 0.0377439 0.0438259 0.0485929 0.0518453 0.0537058 0.0544645 0.0544448 0.0539455 0.0532258 0.052496 0.0518976 0.0514631 0.0510529 0.0502982 0.0486174 0.0453806 0.040211 0.0332779 0.0253634
 0.00519121 0.00850203 0.0129295 0.0184852 0.0250335 0.0321861 0.0392812 0.0455529 0.050416 0.0536516 0.0553783 0.0558929 0.0555324 0.0546126 0.0534139 0.0521712 0.0510544 0.0501286 0.049292 0.0482159 0.0463576 0.0431149 0.0381159 0.0315006 0.0239894
 0.00541447 0.00886945 0.0134906 0.0192892 0.0261189 0.0335667 0.0409304 0.0473996 0.0523557 0.055567 0.0571568 0.0574341 0.0567482 0.0554252 0.0537561 0.0519895 0.050316 0.0488315 0.0474769 0.0459783 0.0438517 0.0405428 0.0356965 0.0294234 0.0223707
 0.00564619 0.00924794 0.0140639 0.0201039 0.0272124 0.034954 0.04259 0.049267 0.0543306 0.0575312 0.0589926 0.0590361 0.0580276 0.0563091 0.0541826 0.0519056 0.0496786 0.0476178 0.0457021 0.0437164 0.0412494 0.0378132 0.033085 0.0271524 0.0205845
 0.00589258 0.00965196 0.0146783 0.0209795 0.0283886 0.0364422 0.0443586 0.0512362 0.0563855 0.0595445 0.0608453 0.0606282 0.0592788 0.0571559 0.0545737 0.0517969 0.049032 0.0464065 0.043928 0.0414352 0.0385925 0.0349898 0.0303509 0.0247499 0.0186786
 0.00613997 0.0100582 0.0152974 0.0218643 0.0295807 0.0379556 0.0461628 0.0532501 0.0584883 0.0615993 0.0627222 0.0622188 0.0605011 0.0579523 0.0549048 0.0516331 0.0483478 0.0451826 0.0421651 0.0391787 0.035959 0.0321753 0.0276054 0.0223195 0.0167373
 0.00638427 0.0104587 0.0159063 0.0227327 0.0307484 0.0394362 0.0479272 0.0552205 0.0605485 0.0636158 0.0645661 0.0637793 0.0616917 0.0587119 0.0551948 0.0514309 0.0476394 0.0439608 0.0404378 0.0369904 0.0334158 0.0294573 0.0249471 0.0199565 0.0148413
 0.00662452 0.0108517 0.0165023 0.0235798 0.0318834 0.0408698 0.0496285 0.0571121 0.0625167 0.0655327 0.0663096 0.0652459 0.0628007 0.0594056 0.0554359 0.0511985 0.0469242 0.0427627 0.0387725 0.0349049 0.0310105 0.0268971 0.0224461 0.0177317 0.0130525
 0.00682692 0.0111865 0.0170167 0.0243214 0.0328905 0.0421563 0.0511686 0.0588353 0.0643176 0.067292 0.0679136 0.066598 0.063826 0.0600502 0.0556648 0.0509915 0.0462724 0.0416679 0.0372524 0.0330067 0.0288277 0.0245791 0.0201845 0.0157199 0.0114334
 0.00705418 0.0115558 0.0175721 0.0251035 0.0339286 0.0434555 0.0526969 0.0605185 0.0660491 0.0689524 0.0693909 0.0678008 0.0646884 0.0605317 0.0557456 0.0506667 0.0455461 0.0405514 0.0357688 0.0312036 0.026792 0.0224446 0.0181199 0.0138938 0.00996907
 0.00729233 0.0119468 0.018167 0.0259503 0.0350604 0.0448728 0.0543516 0.0623105 0.0678441 0.0706108 0.0707939 0.0688638 0.0653619 0.060796 0.0556037 0.0501361 0.0446515 0.0393213 0.0342384 0.0294247 0.0248463 0.0204503 0.0162221 0.0122344 0.00864904
 0.00744676 0.0122044 0.0185672 0.0265345 0.0358646 0.0459146 0.0556159 0.0637424 0.0693532 0.0720861 0.0721213 0.0699425 0.0661158 0.0611799 0.055603 0.0497601 0.0439257 0.0382805 0.0329254 0.0278957 0.0231797 0.0187513 0.0146141 0.0108351 0.00754011
 0.00752901 0.0123378 0.0187681 0.0268203 0.0362532 0.0464231 0.0562559 0.0645147 0.0702428 0.0730581 0.0731199 0.0708943 0.0669386 0.0617947 0.0559466 0.0497936 0.0436369 0.0376813 0.0320489 0.0267948 0.0219291 0.0174468 0.0133637 0.00973939 0.00666833
 0.00758973 0.0124316 0.0189004 0.0269937 0.0364687 0.0466814 0.0565589 0.0648664 0.070649 0.0735245 0.0736476 0.0714713 0.0675334 0.0623549 0.0564053 0.0500823 0.0436999 0.0374871 0.0315959 0.0261131 0.0210784 0.0165109 0.0124383 0.00891337 0.00600384
 0.00767133 0.0125542 0.0190661 0.0271976 0.0367002 0.0469269 0.0568046 0.065101 0.0708667 0.0737285 0.0738502 0.0716897 0.0677806 0.0626294 0.0566839 0.0503212 0.0438426 0.0374797 0.0314028 0.0257291 0.0205333 0.0158655 0.011771 0.00830117 0.00550291
 0.00772268 0.0126377 0.0191911 0.0273713 0.036924 0.0471926 0.0570918 0.0653794 0.0711052 0.0739059 0.0739632 0.0717529 0.0678195 0.0626699 0.056741 0.0503907 0.0438994 0.0374835 0.0313114 0.025515 0.0201966 0.0154373 0.0113057 0.00785945 0.00513301
 0.00779847 0.0127544 0.0193549 0.0275835 0.0371814 0.0474872 0.05741 0.0657005 0.0714024 0.0741499 0.0741289 0.0718271 0.0678057 0.0625875 0.056619 0.050256 0.0437659 0.0373464 0.0311507 0.0253065 0.0199272 0.0151149 0.0109593 0.00752885 0.00485347
 0.00779147 0.012745 0.0193446 0.0275752 0.0371791 0.0474958 0.0574345 0.065746 0.071473 0.0742477 0.0742511 0.0719641 0.0679426 0.0627084 0.0567127 0.0503194 0.0438012 0.0373553 0.0311286 0.0252436 0.0198146 0.014954 0.0107662 0.00732991 0.00467583
 0.0078334 0.0127989 0.0193994 0.0276128 0.0371803 0.0474493 0.0573442 0.0656314 0.0713622 0.0741679 0.0742207 0.0719897 0.068019 0.0628215 0.0568435 0.0504483 0.0439128 0.037439 0.0311777 0.0252526 0.0197805 0.014879 0.0106606 0.00721142 0.00456395
 0.00786702 0.0128546 0.0194842 0.0277309 0.0373289 0.047614 0.0574974 0.0657385 0.0713951 0.0741183 0.0741059 0.0718448 0.0678823 0.0627206 0.0567886 0.0504342 0.0439245 0.037459 0.0311903 0.0252467 0.0197499 0.0148234 0.010586 0.00712891 0.00448601
 0.00788366 0.012877 0.0195097 0.0277553 0.0373485 0.0476286 0.057511 0.0657561 0.0714172 0.0741376 0.0741097 0.0718233 0.0678365 0.0626638 0.0567404 0.0504102 0.0439298 0.0374871 0.0312275 0.0252779 0.0197639 0.0148155 0.0105582 0.00708865 0.00444289
 0.00789157 0.0128881 0.0195228 0.0277679 0.0373566 0.0476276 0.0574975 0.0657294 0.0713808 0.0740988 0.0740766 0.071801 0.0678244 0.0626583 0.0567389 0.0504144 0.0439441 0.0375141 0.0312646 0.0253173 0.0197957 0.0148325 0.0105585 0.00707561 0.004423
 0.00788232 0.0128713 0.0194946 0.0277237 0.037293 0.047544 0.0573978 0.0656224 0.0712781 0.0740122 0.074016 0.0717731 0.0678316 0.0626982 0.0568047 0.050497 0.0440352 0.0376075 0.0313557 0.0254011 0.0198666 0.0148855 0.0105917 0.00709099 0.00442563
 0.00789186 0.0128827 0.019504 0.0277248 0.0372781 0.047507 0.0573359 0.0655379 0.0711781 0.0739075 0.0739192 0.0716962 0.0677842 0.0626852 0.0568259 0.0505477 0.0441073 0.0376917 0.0314431 0.0254842 0.0199392 0.0149432 0.0106323 0.00711536 0.00443722
 0.00788573 0.0128735 0.0194913 0.0277081 0.0372565 0.0474781 0.0572965 0.0654845 0.0711093 0.0738261 0.0738328 0.0716157 0.0677215 0.0626501 0.0568239 0.050579 0.044167 0.0377716 0.0315332 0.0255744 0.0200212 0.0150109 0.0106829 0.00714913 0.00445689
 0.0078535 0.0128207 0.0194114 0.0275958 0.0371098 0.0473014 0.0571021 0.0652919 0.0709402 0.073698 0.0737549 0.0715894 0.067743 0.0627135 0.0569232 0.0507078 0.0443179 0.0379354 0.0316992 0.0257318 0.0201604 0.0151253 0.0107696 0.00720913 0.00449454
 0.00784045 0.0127967 0.0193703 0.0275299 0.0370121 0.047168 0.0569357 0.0651031 0.0707466 0.0735209 0.0736147 0.0715013 0.0677142 0.0627431 0.0570036 0.0508282 0.0444665 0.0381006 0.0318694 0.0258959 0.0203083 0.0152492 0.0108655 0.00727728 0.00453859
 0.0078099 0.0127455 0.0192903 0.027413 0.0368519 0.0469633 0.0566937 0.0648398 0.0704851 0.0732869 0.0734321 0.0713885 0.0676819 0.0627928 0.0571278 0.051012 0.0446909 0.0383456 0.0321164 0.0261289 0.0205146 0.0154203 0.0109975 0.00737132 0.00459995
 0.00777649 0.0126899 0.0192046 0.0272889 0.0366832 0.0467484 0.0564385 0.0645596 0.0702022 0.0730267 0.0732194 0.0712438 0.067619 0.0628177 0.0572376 0.0511955 0.0449303 0.0386186 0.0324 0.0264016 0.0207589 0.0156243 0.0111558 0.00748471 0.0046745
 0.00776262 0.0126646 0.019161 0.0272191 0.036579 0.0466047 0.0562557 0.0643449 0.0699693 0.0727936 0.0730059 0.0710696 0.0675016 0.06277 0.0572663 0.0512994 0.0451001 0.0388378 0.0326472 0.0266536 0.0209946 0.0158274 0.011317 0.00760225 0.00475285
 0.0077385 0.0126258 0.0191035 0.0271391 0.0364734 0.0464718 0.0560967 0.0641645 0.0697762 0.0725998 0.0728254 0.0709172 0.0673916 0.062714 0.0572726 0.0513712 0.0452341 0.0390241 0.0328692 0.0268905 0.0212245 0.0160315 0.011483 0.00772554 0.00483626
 0.00932325 0.0148446 0.0217826 0.029896 0.0388292 0.0480281 0.0566761 0.0638362 0.0687731 0.0711984 0.0712584 0.0693428 0.0659032 0.0613627 0.0560852 0.0503607 0.0444043 0.0383705 0.0323792 0.0265441 0.0209958 0.0158922 0.0114058 0.00768745 0.00482002
 0.0093086 0.0151141 0.022705 0.0319286 0.0423185 0.0529413 0.0624307 0.0693947 0.0730115 0.073349 0.0711622 0.067391 0.0627644 0.0576963 0.0523782 0.0469028 0.0413368 0.0357475 0.0302088 0.0248096 0.0196636 0.0149153 0.010727 0.00724419 0.00455024
 0.00895571 0.0145616 0.0219346 0.0309941 0.0413981 0.0523721 0.062667 0.0708466 0.0757995 0.0771223 0.0751424 0.0706667 0.0646699 0.0580409 0.0514161 0.0451206 0.039224 0.033663 0.0283582 0.02328 0.0184703 0.014034 0.0101129 0.00684307 0.00430644
 0.00879896 0.0142898 0.0214952 0.0303318 0.0404761 0.0512096 0.0613842 0.0696917 0.0751245 0.0772835 0.0763425 0.0728092 0.0673297 0.0606031 0.0533235 0.0460843 0.0392802 0.0330738 0.0274507 0.0223233 0.0176279 0.0133743 0.00964155 0.00653268 0.00411793
 0.0087271 0.0141693 0.0213057 0.0300485 0.0400705 0.0506549 0.0606672 0.0688324 0.0742004 0.0764477 0.075814 0.0728157 0.0680074 0.0619004 0.0549778 0.0477092 0.0405236 0.0337534 0.0275898 0.0220865 0.0172169 0.0129489 0.00929015 0.00628272 0.00396
 0.00869828 0.0141205 0.0212281 0.0299314 0.0399023 0.0504237 0.0603625 0.0684471 0.073735 0.07592 0.0752741 0.0723594 0.0677667 0.0620026 0.0554795 0.0485432 0.0415034 0.0346455 0.0282135 0.0223797 0.0172331 0.012802 0.00909156 0.0061049 0.00383194
 0.00870227 0.014125 0.0212308 0.0299284 0.0398871 0.0503881 0.0602966 0.0683396 0.0735748 0.0756988 0.0749924 0.0720346 0.0674432 0.0617532 0.0553887 0.048672 0.0418498 0.0351301 0.0287078 0.0227635 0.0174452 0.0128529 0.00903837 0.00601211 0.00374463
 0.00868137 0.0140965 0.021198 0.0298971 0.0398639 0.0503764 0.0602942 0.068338 0.0735608 0.0756582 0.074913 0.0719104 0.067279 0.0615705 0.0552277 0.0485838 0.0418769 0.035282 0.0289488 0.0230252 0.0176587 0.0129792 0.009079 0.00599582 0.00370561
 0.00868387 0.0140959 0.0211888 0.0298724 0.0398184 0.0503107 0.0602167 0.0682632 0.0735031 0.0756242 0.074898 0.0719005 0.0672583 0.061529 0.0551689 0.0485264 0.0418496 0.0353106 0.0290406 0.0231622 0.0178045 0.0130977 0.00915057 0.00602257 0.00370323
 0.00865796 0.0140578 0.0211388 0.0298127 0.0397519 0.0502388 0.0601394 0.0681811 0.0734199 0.0755487 0.0748419 0.0718731 0.0672608 0.061554 0.0552046 0.0485643 0.0418901 0.0353625 0.0291138 0.0232581 0.0179121 0.0131981 0.00922729 0.00606897 0.00372353
 0.00865308 0.0140484 0.021122 0.0297856 0.0397124 0.0501876 0.0600808 0.0681213 0.0733652 0.0755026 0.0748053 0.0718457 0.067244 0.0615496 0.0552133 0.0485845 0.0419193 0.0353998 0.0291607 0.0233158 0.0179779 0.0132643 0.00928406 0.00610958 0.00374703
 0.00862914 0.0140126 0.0210741 0.0297271 0.0396459 0.0501163 0.0600074 0.0680492 0.0732988 0.0754475 0.074767 0.0718282 0.0672479 0.0615729 0.0552524 0.0486354 0.0419784 0.035464 0.0292278 0.0233843 0.0180455 0.0133272 0.00933759 0.00615 0.00377346
 0.00863228 0.0140151 0.021073 0.0297184 0.0396259 0.0500835 0.0599638 0.0679999 0.0732499 0.0754037 0.0747309 0.0718004 0.067229 0.0615641 0.0552546 0.0486489 0.0420023 0.0354967 0.0292672 0.023428 0.0180907 0.0133708 0.00937595 0.00618037 0.00379468
 0.0086281 0.0140085 0.0210634 0.0297049 0.0396075 0.0500586 0.0599308 0.0679583 0.0732013 0.0753525 0.0746833 0.0717631 0.0672064 0.0615575 0.0552632 0.0486704 0.042034 0.035536 0.0293114 0.0234745 0.0181367 0.0134133 0.00941244 0.00620903 0.00381499
 0.00861552 0.0139894 0.021037 0.0296716 0.0395687 0.0500161 0.0598872 0.0679162 0.0731628 0.0753193 0.0746565 0.0717437 0.0671962 0.0615585 0.0552764 0.0486957 0.0420697 0.0355792 0.029359 0.0235232 0.0181835 0.0134555 0.00944795 0.00623657 0.00383447
 0.00861552 0.0139894 0.021037 0.0296716 0.0395687 0.0500161 0.0598872 0.0679162 0.0731628 0.0753193 0.0746565 0.0717437 0.0671962 0.0615585 0.0552764 0.0486957 0.0420697 0.0355792 0.029359 0.0235232 0.0181835 0.0134555 0.00944795 0.00623657 0.00383447
 0.00863076 0.0140131 0.0210707 0.0297157 0.0396218 0.0500754 0.0599472 0.0679697 0.0732021 0.0753376 0.0746502 0.071713 0.067145 0.0614937 0.0552067 0.0486294 0.0420135 0.0355371 0.0293319 0.0235098 0.0181809 0.0134602 0.0094564 0.00624578 0.00384244
 0.00844854 0.0137272 0.0206609 0.0291738 0.0389571 0.0493211 0.059165 0.0672447 0.0726262 0.0749851 0.0745583 0.071876 0.0675218 0.0620222 0.0558199 0.049267 0.042629 0.0360991 0.0298223 0.0239204 0.0185105 0.0137126 0.00963946 0.00637047 0.00392146
 0.0086348 0.0140011 0.0210184 0.0295896 0.0393881 0.0497143 0.0594665 0.0674085 0.0726238 0.0748156 0.0742513 0.0714852 0.0671095 0.0616425 0.0555072 0.0490339 0.0424706 0.0360011 0.0297682 0.0238955 0.0185036 0.0137157 0.00964712 0.00637904 0.00392886
 0.00888305 0.0144203 0.0216744 0.0305423 0.0406656 0.0512772 0.0611823 0.0690617 0.0739683 0.0756483 0.0744694 0.0711019 0.0662324 0.0604322 0.0541352 0.0476498 0.0411837 0.0348765 0.0288333 0.0231515 0.0179363 0.0133026 0.00936168 0.00619359 0.00381661
 0.00877452 0.014271 0.0215027 0.0303899 0.040595 0.0513623 0.0614911 0.0696321 0.0747817 0.0766133 0.0754326 0.0718893 0.066705 0.0605288 0.0538817 0.0471376 0.0405316 0.0341952 0.0282042 0.0226208 0.0175201 0.0129967 0.00915065 0.00605727 0.00373465
#pred catch len freq
 0.00448175 0.00709715 0.0103632 0.0142038 0.0185711 0.0234231 0.0286528 0.0340534 0.0393577 0.0443058 0.048688 0.0523641 0.055272 0.0574206 0.0588614 0.0596544 0.0598458 0.0594516 0.0584267 0.056611 0.0536985 0.0493097 0.043208 0.0355706 0.0271077
 0.00484427 0.00757143 0.010868 0.0146019 0.0187191 0.0232438 0.0281847 0.0334396 0.0387756 0.0438794 0.0484382 0.0522206 0.0551315 0.0572137 0.0585945 0.0594099 0.0597418 0.0595799 0.0587972 0.057134 0.0542184 0.0496752 0.0433396 0.0354854 0.0268922
 0.00515998 0.00807959 0.0116152 0.0156065 0.0199435 0.0245666 0.029399 0.0343024 0.0391033 0.0436369 0.047756 0.0513202 0.0542112 0.0563737 0.0578427 0.0587232 0.0591247 0.0590763 0.0584543 0.0569538 0.054139 0.0495987 0.0431871 0.0352374 0.0265886
 0.00546393 0.00855613 0.0123028 0.0165373 0.021145 0.0260566 0.0311618 0.0362514 0.0410521 0.0453134 0.0488755 0.0516929 0.0538208 0.0553721 0.0564651 0.0571884 0.057582 0.0576116 0.057117 0.0557698 0.0531072 0.0486935 0.0423785 0.0345155 0.0259697
 0.00581333 0.00909571 0.0130635 0.0175336 0.0223801 0.0275289 0.0328651 0.0381658 0.0431258 0.0474396 0.0508742 0.0533191 0.0548168 0.0555535 0.0557944 0.0557875 0.0556771 0.0554486 0.0548989 0.0536352 0.051139 0.046938 0.0408627 0.0332588 0.0249846
 0.0061771 0.00966075 0.0138657 0.0185918 0.0236973 0.0290941 0.034652 0.0401288 0.0452012 0.0495472 0.052915 0.0551643 0.0562986 0.0564756 0.0559756 0.055125 0.0541959 0.053303 0.0523254 0.0508869 0.0484359 0.0444472 0.0387001 0.031494 0.0236416
 0.00648619 0.0101501 0.0145786 0.0195627 0.0249494 0.0306348 0.0364632 0.04216 0.0473693 0.0517463 0.0550287 0.0570745 0.0578854 0.057612 0.0565249 0.0549569 0.053225 0.051535 0.049882 0.0479909 0.0453637 0.0414724 0.0360473 0.0293113 0.0219895
 0.00682022 0.0106674 0.0153112 0.0205283 0.026156 0.032085 0.0381518 0.0440637 0.0494363 0.0538909 0.057136 0.0590132 0.0595238 0.0588282 0.0572081 0.0550049 0.0525506 0.0500921 0.0477036 0.0452173 0.0422379 0.0382966 0.0331169 0.0268501 0.02011
 0.00720974 0.011265 0.0161453 0.0216047 0.0274625 0.0335989 0.039842 0.0458889 0.0513423 0.0558119 0.0589951 0.0607224 0.0609854 0.0599386 0.0578642 0.0551088 0.0520163 0.0488597 0.0457669 0.0426577 0.0392441 0.0351477 0.0301245 0.0242799 0.0181176
 0.00751445 0.0117474 0.0168475 0.0225579 0.0286833 0.0350822 0.0415528 0.0477584 0.0532759 0.0577055 0.0607517 0.062261 0.0622398 0.0608513 0.058377 0.055157 0.0515303 0.0477771 0.0440595 0.0403667 0.0365085 0.0322047 0.0272659 0.0217769 0.0161472
 0.00785283 0.0122688 0.0175802 0.0235139 0.0298625 0.0364778 0.0431487 0.0495195 0.0551375 0.0595709 0.0625026 0.0637772 0.0634217 0.0616318 0.0587196 0.0550406 0.0509326 0.0466711 0.0424279 0.0382353 0.0339807 0.0294739 0.0245881 0.0194052 0.0142591
 0.00833417 0.0129992 0.0185831 0.0247786 0.0313518 0.0381405 0.0449269 0.0513485 0.0569445 0.0612775 0.0640272 0.0650389 0.0643443 0.0621526 0.0587973 0.0546572 0.050087 0.0453694 0.0406843 0.036089 0.0315235 0.0268683 0.0220515 0.0171596 0.0124654
 0.0088018 0.0137237 0.0196067 0.0261159 0.032988 0.0400299 0.0469887 0.0534671 0.0589825 0.0630995 0.0655229 0.0661342 0.0650003 0.0623563 0.058552 0.0539755 0.0489864 0.043872 0.0388209 0.0339113 0.0291228 0.0243875 0.0196752 0.0150738 0.010805
 0.00918488 0.014322 0.0204626 0.0272551 0.0344188 0.0417403 0.0489375 0.0555729 0.0611211 0.0651148 0.0672508 0.067432 0.0657724 0.0625668 0.0582185 0.0531499 0.0477327 0.0422525 0.0368953 0.0317473 0.0268135 0.0220615 0.0174887 0.0131793 0.00930888
 0.00946289 0.0147593 0.0210942 0.0281066 0.0355056 0.0430647 0.0504819 0.0572914 0.0629352 0.066916 0.0689088 0.0688091 0.0667428 0.0630389 0.0581509 0.0525546 0.0466645 0.0407901 0.0351268 0.0297662 0.0247248 0.0199884 0.0155663 0.0115319 0.00801847
 0.00971429 0.0151526 0.0216583 0.0288601 0.0364567 0.04421 0.0518018 0.0587442 0.0644561 0.0684205 0.0703006 0.0699875 0.0676127 0.06352 0.0581889 0.0521296 0.0457952 0.039531 0.0335596 0.0279917 0.0228571 0.018151 0.0138824 0.0101056 0.00691249
 0.00989482 0.0154303 0.0220479 0.0293682 0.0370852 0.04496 0.0526732 0.0597297 0.0655323 0.0695423 0.0714012 0.0709857 0.0684235 0.0640667 0.0584113 0.0519904 0.0452842 0.0386688 0.0323982 0.0266123 0.021364 0.016661 0.0125101 0.00894395 0.0060146
 0.00985857 0.015383 0.0219989 0.029335 0.0370912 0.0450307 0.0528323 0.0599979 0.0659261 0.0700712 0.0720602 0.0717472 0.0692327 0.0648447 0.059067 0.052437 0.0454553 0.03853 0.0319543 0.0259078 0.0204781 0.0156959 0.0115725 0.00812399 0.00536831
 0.00978177 0.0152688 0.0218473 0.0291548 0.0368999 0.0448531 0.0526984 0.0599404 0.0659755 0.0702499 0.0723778 0.0721978 0.0697935 0.0654744 0.0597058 0.0530109 0.0458868 0.0387542 0.0319345 0.0256462 0.0200179 0.0151122 0.0109555 0.00755622 0.00490652
 0.00969032 0.0151331 0.0216674 0.0289388 0.0366621 0.0446098 0.0524667 0.0597388 0.0658266 0.0701805 0.0724151 0.0723626 0.0700925 0.0658948 0.0602134 0.053552 0.0463944 0.0391587 0.0321782 0.0256987 0.0198854 0.0148375 0.0106046 0.00719945 0.00459844
 0.00983409 0.015332 0.0219026 0.0291718 0.036846 0.0447079 0.0524658 0.0596511 0.0656806 0.0700078 0.0722441 0.0722175 0.0699956 0.0658655 0.0602623 0.0536738 0.0465637 0.0393327 0.0323068 0.0257394 0.0198182 0.0146718 0.0103757 0.00695426 0.00437884
 0.0100452 0.0156356 0.0222847 0.0295916 0.0372436 0.0450196 0.0526399 0.0596587 0.0655218 0.0697132 0.0718681 0.0718255 0.0696465 0.0656001 0.0600998 0.0536138 0.0465897 0.0394139 0.0324029 0.0258092 0.019831 0.0146173 0.0102662 0.00681741 0.0042449
