SBPRF35
7.78865
Curr Bio
548905
B35
710657
F35
0.214839
FOFL
0.154432
OFL
63544
Bzero
2.22533e+006
#pred survey bio
 4.60741e+006 4.38108e+006 4.14909e+006 3.86417e+006 3.54265e+006 3.19764e+006 2.88881e+006 2.57137e+006 2.27946e+006 1.98748e+006 1.7753e+006 1.55231e+006 1.38883e+006 1.22414e+006 1.07307e+006 963276 877410 793893 760938 720611 699301 685447 656663 641740 619153 611517 609432 611743 609517 599978 599373 580602 571984 572142 564456 559224 547179 538234 530041 541111 547147 559664 578006 593612 597736 604478 612889 616127 613126 625480 633559 619455 566948 556589 547198 554879 1.84248e+007 1.1197e+007 1.15725e+007 1.23339e+007 1.3279e+007 1.42205e+007 1.5052e+007 1.57332e+007 1.62644e+007 1.66651e+007 1.6961e+007 1.71764e+007 1.73322e+007 1.74444e+007 1.75254e+007 1.75839e+007 1.76264e+007 1.76575e+007 1.76803e+007 1.76972e+007 1.77098e+007 1.77192e+007 1.77263e+007 1.77317e+007 1.77357e+007 1.77388e+007 1.77412e+007 1.7743e+007 1.77444e+007 1.77454e+007 1.77462e+007 1.77469e+007 1.77473e+007 1.77477e+007 1.7748e+007 1.77482e+007 1.77484e+007 1.77485e+007 1.77486e+007 1.77487e+007 1.77488e+007 1.77488e+007 1.77489e+007 1.77489e+007 1.77489e+007 1.77489e+007 1.77489e+007 1.7749e+007 1.7749e+007 1.7749e+007 1.7749e+007 1.7749e+007 1.7749e+007 1.7749e+007 1.7749e+007 1.7749e+007 1.7749e+007 1.7749e+007 1.7749e+007 1.7749e+007 1.7749e+007 1.7749e+007 1.7749e+007 1.7749e+007 1.7749e+007 1.7749e+007 1.7749e+007 1.7749e+007 1.7749e+007 1.7749e+007 1.7749e+007 1.7749e+007 1.7749e+007 1.7749e+007 1.7749e+007 1.7749e+007 1.7749e+007 1.7749e+007 1.7749e+007 1.7749e+007 1.7749e+007 1.7749e+007 1.7749e+007 1.7749e+007 1.7749e+007 1.7749e+007 1.7749e+007 1.7749e+007 1.7749e+007 1.7749e+007 1.7749e+007 1.7749e+007 1.7749e+007 1.7749e+007 1.7749e+007 1.7749e+007 1.7749e+007 1.7749e+007 1.7749e+007 1.7749e+007 0 0 0 0 0 0 0 0 0 0 0 0 0 0 0 0 0 0 0 0 0 0 0 0 0
#obs survey bio
 2.48463e+006 4.01371e+006 3.71951e+006 2.07955e+006 2.59626e+006 3.04796e+006 1.88803e+006 2.11831e+006 1.97258e+006 1.50799e+006 1.66253e+006 1.22851e+006 1.47758e+006 931013 795354 898623 714765 812671 732950 578937 841196 573500 528395 591064 449600 655344 485156 484587 493828 476517 590021 484648 620456 561994 678437 586302 421884 696590 599396 415502 536104 615121 514309 679576 554588 510757 571591 612853 592388 433950 775283 799766 612769 588884 773755 642843
#pred catch bio
 87349.9 92655.6 153105 209117 260108 259063 297555 302024 325280 273009 297019 255037 263448 256154 223112 202894 197749 151008 153406 133078 123542 132997 118634 123174 109612 104715 100717 103660 107753 97855 110092 98090.3 88080.7 91819.1 86515.6 91225.8 90935.7 93362.9 79822.7 86372.9 82472 79237.8 82936.8 93100.9 91259.8 90515.4 95231.4 100319 87885.9 92573.3 111071 141075 103930 103098 88433 115828 63544 86747.1 88384.5 93046 99710.6 106522 112474 117232 120817 123408 125223 126465 127299 127852 128213 128448 128599 128696 128758 128797 128822 128838 128848 128854 128858 128861 128862 128863 128864 128864 128864 128864 128865 128865 128865 128865 128865 128865 128865 128865 128865 128865 128865 128865 128865 128865 128865 128865 128865 128865 128865 128865 128865 128865 128865 128865 128865 128865 128865 128865 128865 128865 128865 128865 128865 128865 128865 128865 128865 128865 128865 128865 128865 128865 128865 128865 128865 128865 128865 128865 128865 128865 128865 128865 128865 128865 128865 128865 128865 128865 128865 128865 128865 128865 128865 128865 128865 128865 128865 128865 0 0 0 0 0 0 0 0 0 0 0 0 0 0 0 0 0 0 0 0 0 0 0 0 0
#obs catch bio
 0 92425.4 153777 210854 263877 262564 304586 309262 334771 279249 306513 261575 269990 264163 230630 210112 205070 154321 157381 135660 124787 134980 120275 125001 111424 106714 102292 105520 109752 99270.1 111838 99611.2 88919.4 93040.1 87344.1 92113.8 91744.8 93891.1 79601.9 86964.2 82820.3 79433.6 83306.6 93235.7 91450.3 90843.8 95421.4 100752 87883.2 92915.3 111124 142119 103740 103374 87912.7 116109
#pred cpue bio
 4.53179e+006 4.31062e+006 4.08198e+006 3.79801e+006 3.47745e+006 3.13393e+006 2.82647e+006 2.511e+006 2.22138e+006 1.93214e+006 1.7217e+006 1.50116e+006 1.33948e+006 1.17692e+006 1.02784e+006 919588 835650 754820 723399 684944 664915 651967 624226 609859 587945 580382 578440 580898 579074 570288 570247 552581 544750 545458 538654 534200 521978 511783 502943 513466 519272 531428 549229 564430 568475 574933 583060 586239 583350 595257 603031 589298 538079 527695 518628 526462 1.74899e+007 1.06396e+007 1.09097e+007 1.1558e+007 1.24655e+007 1.33986e+007 1.42285e+007 1.49094e+007 1.54406e+007 1.58413e+007 1.61372e+007 1.63527e+007 1.65084e+007 1.66206e+007 1.67016e+007 1.67601e+007 1.68026e+007 1.68337e+007 1.68566e+007 1.68735e+007 1.6886e+007 1.68955e+007 1.69025e+007 1.69079e+007 1.6912e+007 1.69151e+007 1.69174e+007 1.69192e+007 1.69206e+007 1.69216e+007 1.69225e+007 1.69231e+007 1.69236e+007 1.69239e+007 1.69242e+007 1.69245e+007 1.69246e+007 1.69248e+007 1.69249e+007 1.69249e+007 1.6925e+007 1.69251e+007 1.69251e+007 1.69251e+007 1.69251e+007 1.69252e+007 1.69252e+007 1.69252e+007 1.69252e+007 1.69252e+007 1.69252e+007 1.69252e+007 1.69252e+007 1.69252e+007 1.69252e+007 1.69252e+007 1.69252e+007 1.69252e+007 1.69252e+007 1.69252e+007 1.69252e+007 1.69252e+007 1.69252e+007 1.69252e+007 1.69252e+007 1.69252e+007 1.69252e+007 1.69252e+007 1.69252e+007 1.69252e+007 1.69252e+007 1.69252e+007 1.69252e+007 1.69252e+007 1.69252e+007 1.69252e+007 1.69252e+007 1.69252e+007 1.69252e+007 1.69252e+007 1.69252e+007 1.69252e+007 1.69252e+007 1.69252e+007 1.69252e+007 1.69252e+007 1.69252e+007 1.69252e+007 1.69252e+007 1.69252e+007 1.69252e+007 1.69252e+007 1.69252e+007 1.69252e+007 1.69252e+007 1.69252e+007 1.69252e+007 1.69252e+007 1.69252e+007 1.69252e+007 0 0 0 0 0 0 0 0 0 0 0 0 0 0 0 0 0 0 0 0 0 0 0 0 0
#obs cpue bio
 3.78029e+006 4.59214e+006 2.50673e+006 2.86032e+006 2.62426e+006 2.47107e+006 1.98753e+006 2.55411e+006 2.21903e+006 1.90489e+006 1.2645e+006 1.46764e+006 1.35445e+006 824130 669680 531074 737690 645788 550445 718476 755929 591760 518133 613423 453688 338179 659941 508440 603048 554789 617216 428841 547215 417146 429324 509094 613467 528996 637985 359495 550286 495219 493257 721737 513002 548910 721188 531226 650163 612676 671514 395477 569308 451068 518601 380978
#pred surv len freq
 0.0049596 0.00807613 0.0121984 0.0173188 0.0233164 0.0298719 0.0364421 0.0423951 0.047251 0.0508429 0.0532916 0.0548622 0.0558287 0.0563982 0.0566778 0.0566667 0.0562715 0.0553407 0.0536945 0.0511362 0.047461 0.0425116 0.0363023 0.0291558 0.0217289
 0.00532199 0.00853119 0.0126413 0.0175845 0.0232436 0.0293932 0.0356429 0.0414912 0.0464856 0.0503645 0.0530885 0.0547883 0.055696 0.0560796 0.0561712 0.056098 0.0558419 0.0552404 0.0540181 0.0518379 0.048374 0.0434216 0.0370356 0.0296353 0.021974
 0.00561851 0.00903281 0.0134221 0.0186979 0.0246788 0.0310269 0.0372255 0.0427074 0.0470804 0.0502644 0.0524275 0.0538155 0.0546312 0.0550215 0.0551103 0.0550032 0.0547427 0.0542451 0.0532618 0.051404 0.0482442 0.0434873 0.037159 0.0297153 0.0219766
 0.00587453 0.00944834 0.0140489 0.0195901 0.0258882 0.0325865 0.0391184 0.0448279 0.0492133 0.0521097 0.0536821 0.0542815 0.0542886 0.0540142 0.0536578 0.0533061 0.0529457 0.0524585 0.0515936 0.0499574 0.0470852 0.0426183 0.0365277 0.0292513 0.0216263
 0.00612328 0.00985238 0.0146568 0.0204487 0.027036 0.0340439 0.040875 0.0468342 0.0513767 0.0542899 0.0556866 0.0558757 0.055239 0.0541588 0.0529662 0.0518878 0.0510035 0.0502228 0.0492774 0.0477385 0.0450985 0.0409474 0.0352008 0.028251 0.0209091
 0.00641846 0.0103221 0.0153454 0.0213924 0.0282591 0.0355518 0.0426451 0.0488108 0.0534751 0.0564061 0.0577029 0.0576567 0.0566252 0.0549753 0.0530572 0.0511681 0.0495001 0.0480798 0.0467219 0.0450278 0.0424723 0.0385945 0.0332414 0.0267332 0.0198174
 0.00664687 0.0106969 0.0159159 0.0222068 0.0293553 0.036943 0.0443065 0.0506754 0.0554461 0.0583776 0.0595755 0.059339 0.0580241 0.0559826 0.0535469 0.0510148 0.048618 0.0464684 0.0444922 0.0423918 0.0396996 0.0359526 0.0309425 0.024901 0.0184808
 0.00688236 0.0110805 0.0164954 0.0230283 0.0304565 0.0383411 0.0459832 0.0525694 0.0574585 0.0603879 0.0614617 0.060993 0.0593577 0.0569231 0.0540243 0.0509525 0.0479388 0.0451239 0.042505 0.0398871 0.0369019 0.033143 0.0283904 0.0228002 0.0169143
 0.00715211 0.0115077 0.0171177 0.0238753 0.0315464 0.0396765 0.047543 0.0543037 0.0592903 0.0622227 0.0631979 0.0625315 0.0606088 0.0578107 0.054485 0.0509291 0.0473768 0.0439795 0.0407719 0.0376332 0.0342916 0.0304224 0.0258329 0.0206327 0.0152607
 0.00752973 0.0121034 0.0179798 0.0250351 0.033012 0.0414234 0.0495056 0.056375 0.0613388 0.0641186 0.0648358 0.063838 0.0615372 0.0583312 0.0545753 0.0505674 0.0465382 0.042641 0.0389303 0.0353358 0.0316645 0.0276741 0.0232168 0.0183796 0.0135137
 0.00775071 0.0124668 0.0185342 0.0258281 0.0340798 0.0427759 0.0511104 0.0581526 0.0631739 0.065884 0.066415 0.0651394 0.0624983 0.0589146 0.0547607 0.0503415 0.0458875 0.0415518 0.0374014 0.0334025 0.0294243 0.0252958 0.0209165 0.0163661 0.0119281
 0.00808994 0.0130025 0.0193112 0.0268782 0.0354174 0.0443903 0.0529553 0.06014 0.06518 0.0677671 0.0680386 0.0663916 0.0633049 0.0592435 0.0546155 0.0497482 0.0448783 0.0401556 0.0356473 0.0313376 0.0271377 0.0229318 0.0186601 0.0143997 0.0103778
 0.00837449 0.0134492 0.0199542 0.0277387 0.0365016 0.045685 0.0544228 0.0617159 0.0667796 0.0692972 0.0694086 0.0675187 0.0641172 0.0596844 0.05465 0.0493662 0.0440918 0.0389927 0.0341484 0.0295605 0.0251706 0.0209015 0.0167229 0.0127083 0.00903915
 0.00874691 0.0140391 0.0208117 0.0288971 0.0379674 0.047426 0.0563562 0.0637099 0.0686757 0.0709453 0.0706964 0.0683836 0.0645394 0.0596728 0.0542283 0.0485645 0.0429441 0.0375377 0.0324336 0.0276493 0.0231506 0.0188886 0.0148509 0.0111025 0.00778261
 0.00906115 0.0145527 0.0215886 0.0299957 0.0394253 0.049237 0.0584489 0.0659423 0.0708564 0.0728736 0.072203 0.0693569 0.0649349 0.0595065 0.0535601 0.0474757 0.0415188 0.0358526 0.0305591 0.0256578 0.0211274 0.0169362 0.013081 0.00961386 0.0066345
 0.00911773 0.0146706 0.0218153 0.0303942 0.040063 0.0501654 0.0596812 0.0674397 0.0725269 0.0745837 0.0737959 0.0706769 0.0658534 0.0599438 0.0534946 0.0469391 0.0405797 0.0345974 0.0290782 0.0240416 0.0194691 0.0153343 0.0116332 0.00840146 0.00570354
 0.00907419 0.014615 0.0217616 0.0303702 0.0401104 0.050336 0.0600296 0.0680115 0.0733432 0.0756247 0.0749923 0.0719151 0.0669947 0.0608516 0.0540612 0.0471044 0.0403367 0.0339864 0.0281729 0.0229347 0.0182623 0.0141304 0.0105274 0.00746849 0.00498502
 0.0092136 0.0148183 0.0220248 0.0306763 0.0404363 0.0506642 0.0603569 0.0683509 0.0737179 0.0760585 0.0754975 0.072482 0.0675847 0.0613983 0.0544818 0.0473182 0.0402856 0.0336498 0.0275725 0.0221297 0.0173371 0.01318 0.00964169 0.00671726 0.00440626
 0.00913975 0.0146997 0.0218493 0.0304337 0.0401217 0.0502823 0.0599288 0.0679183 0.0733436 0.0758178 0.0754635 0.0727051 0.0680738 0.0621107 0.0553264 0.0481736 0.0410272 0.0341776 0.0278316 0.0221183 0.0171013 0.0127979 0.00920169 0.00629733 0.00405893
 0.00917812 0.014756 0.0219219 0.0305159 0.0402014 0.0503429 0.0599511 0.0678845 0.0732435 0.0756573 0.0752701 0.0725273 0.0679705 0.0621321 0.0554938 0.0484659 0.0413828 0.0345117 0.0280636 0.0221968 0.0170178 0.0125852 0.00891811 0.00600531 0.00380635
 0.00924185 0.0148338 0.021992 0.030543 0.0401476 0.0501842 0.0596903 0.0675522 0.072887 0.0753245 0.0749987 0.0723425 0.0678894 0.062168 0.055654 0.0487446 0.0417519 0.0349193 0.0284429 0.0224858 0.0171792 0.0126169 0.00885015 0.00588393 0.003676
 0.00928951 0.0149052 0.0220866 0.0306527 0.0402543 0.0502593 0.0596976 0.0674582 0.0726756 0.0750097 0.0746261 0.0719762 0.0675914 0.061982 0.0556003 0.0488219 0.0419418 0.035187 0.0287408 0.022761 0.0173875 0.0127357 0.00888349 0.00585642 0.00361959
 0.00938653 0.0150662 0.0223339 0.031006 0.0407224 0.0508286 0.0603223 0.06806 0.0731588 0.0752867 0.0746431 0.0717299 0.0671299 0.0613901 0.0549753 0.0482495 0.0414791 0.0348566 0.0285335 0.0226456 0.0173236 0.0126879 0.00883112 0.0057957 0.00355771
 0.00948121 0.0151966 0.0224879 0.0311608 0.040855 0.0509296 0.0604044 0.0681518 0.0732859 0.075451 0.0748148 0.0718569 0.0671612 0.0612992 0.0547722 0.0479762 0.0411921 0.0346065 0.0283499 0.0225321 0.017264 0.0126579 0.00880975 0.00577212 0.00353089
 0.00964906 0.0154596 0.0228634 0.0316534 0.0414501 0.0515878 0.0610605 0.0687254 0.0737043 0.0756738 0.0748426 0.0717194 0.0668944 0.0609301 0.0543193 0.0474608 0.0406476 0.0340769 0.0278782 0.0221476 0.0169752 0.0124549 0.00867312 0.00568158 0.00347101
 0.00957871 0.0153678 0.0227671 0.0315834 0.0414438 0.0516763 0.0612559 0.069015 0.0740519 0.0760284 0.0751523 0.0719453 0.0670183 0.0609533 0.0542544 0.0473233 0.0404539 0.0338472 0.0276379 0.0219234 0.0167876 0.0123129 0.00857441 0.00561709 0.00343044
 0.00955346 0.015314 0.0226644 0.0314097 0.0411868 0.0513484 0.0609034 0.0687112 0.073873 0.0760239 0.0753251 0.0722533 0.0673939 0.0613276 0.0545753 0.0475625 0.0406044 0.0339169 0.0276444 0.0218889 0.0167346 0.0122592 0.00853026 0.00558554 0.00340994
 0.0094154 0.0151135 0.0224062 0.0311109 0.0408692 0.0510279 0.0605861 0.0684001 0.0735826 0.0757894 0.0751976 0.072279 0.0675901 0.061671 0.0550091 0.0480172 0.0410198 0.0342555 0.0278931 0.022054 0.0168335 0.0123124 0.0085559 0.00559656 0.00341405
 0.00928496 0.0149135 0.0221288 0.0307596 0.0404606 0.0505923 0.0601648 0.068038 0.0733162 0.075636 0.0751556 0.0723381 0.0677431 0.0619157 0.0553387 0.04841 0.0414377 0.0346541 0.0282354 0.0223202 0.0170219 0.0124345 0.00862871 0.00563676 0.00343468
 0.00922414 0.0148173 0.021989 0.0305712 0.0402229 0.0503115 0.059857 0.0677294 0.0730396 0.0754233 0.0750291 0.0723058 0.0677999 0.0620492 0.0555359 0.0486586 0.0417227 0.0349538 0.0285231 0.0225707 0.0172191 0.0125749 0.00871922 0.0056898 0.00346303
 0.00907861 0.0145912 0.0216689 0.0301526 0.0397125 0.0497294 0.0592385 0.0671252 0.0725088 0.0750226 0.0748012 0.072272 0.0679571 0.0623728 0.055986 0.0491888 0.0422878 0.0355139 0.0290446 0.0230267 0.0175916 0.0128573 0.00891689 0.005817 0.00353809
 0.00906437 0.0145717 0.0216459 0.0301286 0.0396885 0.0497015 0.0591963 0.0670537 0.0723946 0.074861 0.0746014 0.0720577 0.0677616 0.0622299 0.055921 0.0492122 0.0423936 0.035683 0.0292503 0.0232409 0.0177897 0.0130221 0.00904055 0.00590077 0.00358925
 0.00903681 0.0145157 0.0215416 0.0299531 0.0394241 0.0493475 0.0587775 0.0666181 0.0719988 0.0745519 0.0744036 0.0719732 0.0677791 0.0623347 0.0561008 0.0494567 0.0426914 0.0360176 0.0295993 0.0235787 0.0180924 0.0132722 0.0092304 0.00603243 0.00367231
 0.00882485 0.0142018 0.0211257 0.0294532 0.038869 0.0487659 0.058193 0.0660527 0.0714822 0.0741259 0.074117 0.0718673 0.0678719 0.0626145 0.0565312 0.0499895 0.0432787 0.036618 0.0301788 0.024109 0.0185508 0.013644 0.00951083 0.00622762 0.00379675
 0.0087674 0.0140949 0.0209413 0.0291611 0.0384486 0.0482221 0.0575665 0.0654139 0.0709088 0.0736772 0.073821 0.071727 0.0678805 0.0627645 0.0568135 0.0503865 0.0437609 0.0371474 0.0307152 0.0246159 0.0189992 0.0140145 0.00979533 0.00642913 0.00392747
 0.00942783 0.0150104 0.022026 0.0302347 0.0392853 0.0486301 0.0574555 0.0648164 0.0699531 0.0725374 0.0726695 0.0707003 0.0670633 0.0621904 0.0564774 0.0502611 0.0438084 0.037325 0.0309777 0.0249184 0.0193016 0.0142856 0.0100157 0.0065921 0.00403685
 0.0100229 0.0159652 0.0234294 0.0321332 0.0416412 0.0512751 0.0600701 0.0669787 0.071263 0.0727618 0.0718247 0.0690248 0.0649089 0.0599011 0.0543124 0.0483734 0.042262 0.036124 0.0300918 0.0242999 0.0188958 0.0140378 0.00987659 0.00652135 0.00400491
 0.00986433 0.0158191 0.0234165 0.0324364 0.0424586 0.052741 0.0621773 0.0695406 0.0739346 0.0751153 0.0734568 0.0696676 0.064505 0.0586087 0.0524365 0.0462593 0.0402013 0.0343076 0.0286097 0.0231661 0.0180781 0.0134819 0.00952141 0.00630919 0.00388716
 0.00985324 0.0157729 0.0233025 0.0322271 0.0421642 0.0524473 0.0620582 0.0698167 0.0747781 0.0765448 0.0752856 0.071544 0.06603 0.0594744 0.0525211 0.0456427 0.0391064 0.0330052 0.0273336 0.022068 0.0172235 0.0128713 0.00911828 0.00606278 0.00374799
 0.00973709 0.015591 0.0230404 0.0318727 0.0417083 0.0518874 0.0614137 0.0691513 0.074216 0.0762597 0.0754467 0.0722343 0.0671795 0.0608573 0.0538315 0.0466113 0.0395956 0.0330351 0.0270389 0.0216216 0.0167707 0.0124978 0.00885262 0.00589567 0.00365391
 0.00968486 0.0155117 0.022931 0.0317334 0.0415405 0.0516916 0.0611878 0.0688925 0.0739287 0.0759676 0.075206 0.072132 0.0673068 0.0612608 0.0544693 0.0473499 0.0402579 0.0334766 0.0272035 0.0215486 0.0165566 0.0122443 0.00863023 0.00573442 0.00355328
 0.00967555 0.0154826 0.0228621 0.0315993 0.0413187 0.051375 0.0607935 0.0684609 0.073511 0.07561 0.0749412 0.0719832 0.0672972 0.0614164 0.0548054 0.0478469 0.0408471 0.0340527 0.027664 0.021835 0.0166715 0.0122366 0.00856311 0.00565777 0.00349303
 0.00955225 0.0153019 0.022626 0.0313201 0.0410125 0.0510531 0.0604587 0.0681123 0.073155 0.0752692 0.0746538 0.0717927 0.0672393 0.0615113 0.0550564 0.0482407 0.0413497 0.034607 0.0281971 0.0222786 0.0169852 0.012419 0.00864377 0.00567761 0.00348672
 0.00947928 0.0151831 0.0224478 0.0310725 0.0406944 0.0506776 0.0600563 0.0677251 0.072823 0.0750171 0.0744867 0.0717046 0.0672261 0.061578 0.0552141 0.0484968 0.0416985 0.0350237 0.0286386 0.0226931 0.0173277 0.0126653 0.0087956 0.005756 0.00351909
 0.00953199 0.0152613 0.0225508 0.0311931 0.0408181 0.0507842 0.0601226 0.0677299 0.072754 0.0748761 0.0742894 0.0714749 0.0669892 0.0613569 0.0550311 0.0483735 0.0416525 0.035061 0.0287482 0.0228474 0.0174908 0.0128057 0.00889581 0.00581489 0.00354656
 0.00949054 0.0152067 0.0224921 0.0311458 0.0407992 0.0508042 0.0601785 0.0678047 0.0728224 0.074913 0.0742787 0.071414 0.066888 0.0612343 0.054909 0.0482734 0.0415922 0.0350522 0.028793 0.0229359 0.0176027 0.0129174 0.00898826 0.00587935 0.00358442
 0.00943189 0.0151142 0.0223592 0.0309709 0.0405885 0.050575 0.0599597 0.0676316 0.0727252 0.0749042 0.0743476 0.0715318 0.0670208 0.0613559 0.0550077 0.0483517 0.0416615 0.0351262 0.0288814 0.0230407 0.0177173 0.0130292 0.00908432 0.00595155 0.00363169
 0.00939866 0.0150655 0.0222954 0.0308951 0.0405052 0.0504874 0.05987 0.0675425 0.0726432 0.074841 0.0743164 0.071541 0.0670681 0.0614281 0.0550866 0.0484222 0.0417179 0.0351724 0.0289263 0.023092 0.0177771 0.0130934 0.00914512 0.0060017 0.00366759
 0.00952312 0.0152425 0.022515 0.0311323 0.0407273 0.0506656 0.0599878 0.0675969 0.0726395 0.0747867 0.0742196 0.0714112 0.066918 0.0612715 0.0549352 0.0482827 0.0415927 0.0350627 0.028835 0.0230231 0.017733 0.0130724 0.00914159 0.0060079 0.00367668
 0.00946028 0.0151547 0.0224087 0.0310206 0.0406233 0.050575 0.0599043 0.0675068 0.072533 0.0746684 0.0741097 0.0713368 0.0669 0.0613162 0.0550341 0.0484179 0.0417441 0.0352131 0.0289726 0.0231421 0.0178324 0.0131535 0.00920567 0.0060562 0.00371058
 0.00936739 0.0150188 0.0222327 0.0308183 0.0404175 0.0503919 0.0597677 0.0674321 0.0725221 0.0747082 0.074177 0.0714093 0.0669664 0.0613791 0.055104 0.0485042 0.0418483 0.035329 0.0290899 0.0232513 0.0179271 0.0132308 0.00926573 0.00610028 0.00374086
 0.00941934 0.0151048 0.022365 0.0310081 0.0406722 0.0507096 0.0601326 0.0678135 0.0728787 0.074996 0.0743577 0.0714569 0.0668728 0.0611571 0.0547862 0.0481357 0.0414756 0.034989 0.0288045 0.0230274 0.0177617 0.0131155 0.00919022 0.00605437 0.0037153
 0.0097742 0.0156642 0.0231721 0.0320867 0.0420155 0.0522678 0.0618019 0.0694386 0.0742784 0.0760038 0.0748594 0.0714106 0.0663083 0.0601624 0.0534861 0.0466699 0.0399782 0.0335724 0.0275495 0.0219803 0.0169368 0.0125023 0.00876154 0.00577409 0.00354512
 0.00967861 0.0155292 0.0230083 0.0319212 0.0418904 0.0522339 0.0619095 0.0697256 0.0747557 0.0766424 0.0755869 0.0721232 0.0668957 0.0605359 0.0536002 0.0465291 0.0396308 0.0330934 0.0270207 0.0214722 0.0164981 0.0121567 0.00851146 0.00560754 0.00344317
 0.00957671 0.0153732 0.0227927 0.03165 0.0415795 0.0519136 0.0616248 0.0695333 0.0747131 0.0767912 0.0759369 0.0726427 0.0675142 0.0611581 0.0541287 0.0468897 0.0397894 0.033061 0.0268439 0.0212151 0.0162225 0.0119088 0.00831578 0.00546951 0.00335543
 0.00908584 0.0146467 0.0218328 0.0305072 0.0403407 0.0506809 0.0604999 0.0686113 0.0740804 0.0765181 0.0760651 0.0731724 0.0683966 0.0622974 0.0553954 0.0481436 0.040908 0.0339629 0.0274996 0.0216422 0.0164691 0.0120325 0.00836765 0.00548602 0.00335793
#obs surv len freq
 nan nan nan nan nan nan nan nan nan nan nan nan nan nan nan nan nan nan nan nan nan nan nan nan nan
 0.00448048 0.00734018 0.011169 0.0159852 0.021687 0.0279646 0.0342812 0.0400146 0.0446957 0.0481602 0.0505182 0.0520137 0.0529055 0.0534174 0.0537312 0.0539858 0.0542642 0.0545568 0.0546954 0.0542872 0.0527252 0.0493573 0.0438069 0.0362868 0.0276703
 0.00461229 0.00755535 0.0114942 0.016445 0.022298 0.0287266 0.0351676 0.04097 0.0456427 0.0490142 0.051203 0.0524734 0.0531102 0.0533646 0.0534417 0.053496 0.0536172 0.0537953 0.0538586 0.0534119 0.0518501 0.0485253 0.0430624 0.0356675 0.0271969
 0.0047897 0.0078431 0.011926 0.0170517 0.0231016 0.0297307 0.0363472 0.0422669 0.0469711 0.0502745 0.0522965 0.0533138 0.0536322 0.0535298 0.0532421 0.0529529 0.0527748 0.0527123 0.052601 0.0520502 0.0504598 0.0471873 0.0418571 0.0346613 0.0264265
 0.0049739 0.00814945 0.0123997 0.0177387 0.0240389 0.0309308 0.0377833 0.0438683 0.0486339 0.0518818 0.0537361 0.0544881 0.0544612 0.0539533 0.0532235 0.052483 0.0518746 0.0514316 0.0510154 0.0502571 0.0485754 0.04534 0.0401745 0.0332474 0.02534
 0.00518046 0.00848591 0.0129078 0.0184592 0.0250056 0.0321601 0.0392615 0.045544 0.0504207 0.0536701 0.0554079 0.0559292 0.0555706 0.0546488 0.0534451 0.052195 0.0510692 0.0501341 0.0492889 0.0482062 0.0463436 0.0430992 0.0381006 0.0314872 0.023979
 0.0054177 0.00887215 0.0134901 0.0192815 0.0261005 0.033536 0.0408898 0.0473555 0.0523164 0.0555404 0.057148 0.0574441 0.056774 0.0554615 0.0537965 0.0520285 0.0503493 0.0488565 0.0474928 0.0459856 0.0438521 0.0405388 0.0356903 0.0294169 0.0223652
 0.00564749 0.00925239 0.0140746 0.0201244 0.0272452 0.0349976 0.0426382 0.0493099 0.0543586 0.0575393 0.0589826 0.0590155 0.0580052 0.0562916 0.0541726 0.0519014 0.0496764 0.0476132 0.0456918 0.0436993 0.0412261 0.0377863 0.0330577 0.0271278 0.0205647
 0.00590054 0.00966226 0.0146891 0.0209883 0.0283931 0.0364428 0.0443585 0.0512404 0.0563972 0.0595627 0.0608645 0.0606418 0.0592829 0.0571514 0.054565 0.0517887 0.0490267 0.0464034 0.0439246 0.0414286 0.0385813 0.0349747 0.0303337 0.0247333 0.0186646
 0.0061307 0.0100444 0.0152788 0.0218412 0.0295533 0.0379238 0.0461263 0.0532095 0.0584467 0.0615625 0.0626969 0.0622098 0.0605091 0.0579735 0.0549339 0.0516661 0.0483825 0.0452181 0.0422002 0.0392116 0.0359875 0.0321978 0.0276217 0.0223303 0.0167439
 0.00638066 0.0104511 0.0158916 0.0227073 0.0307095 0.0393832 0.0478633 0.055152 0.0604828 0.0635597 0.064524 0.063754 0.0616851 0.0587243 0.0552244 0.051474 0.0476912 0.0440166 0.040494 0.0370442 0.0334649 0.0294996 0.0249813 0.0199822 0.0148591
 0.00663024 0.0108614 0.0165173 0.023601 0.0319103 0.0408993 0.0496548 0.0571277 0.0625154 0.0655121 0.0662724 0.0651987 0.0627519 0.0593625 0.0554038 0.05118 0.0469191 0.0427689 0.0387864 0.034923 0.0310293 0.0269141 0.0224599 0.0177416 0.0130589
 0.00684837 0.0112196 0.0170634 0.0243821 0.0329643 0.0422403 0.051258 0.0589222 0.0643923 0.0673438 0.067934 0.0665832 0.0637785 0.0599782 0.0555797 0.0509049 0.0461932 0.0416013 0.0371995 0.0329662 0.0287971 0.0245555 0.0201661 0.0157055 0.0114226
 0.00704983 0.0115514 0.0175704 0.0251086 0.0339447 0.0434853 0.0527403 0.0605718 0.0661066 0.0690076 0.0694373 0.0678326 0.064701 0.0605228 0.0557164 0.0506225 0.0454944 0.0405001 0.0357238 0.0311677 0.0267655 0.0224257 0.0181068 0.0138846 0.00996269
 0.00727886 0.0119244 0.0181326 0.0259016 0.0349973 0.0447995 0.0542772 0.0622479 0.0678061 0.0706053 0.0708213 0.068917 0.0654295 0.0608659 0.0556658 0.0501841 0.044684 0.0393408 0.0342496 0.0294323 0.0248536 0.0204583 0.0162304 0.0122419 0.00865494
 0.0074368 0.0121884 0.0185435 0.0265016 0.035821 0.0458599 0.0555513 0.0636718 0.069284 0.0720282 0.0720852 0.0699357 0.0661401 0.0612305 0.0556697 0.0498313 0.0439916 0.0383352 0.0329675 0.0279272 0.0232036 0.0187702 0.0146293 0.0108472 0.00754909
 0.0075395 0.0123538 0.0187901 0.0268479 0.0362847 0.0464553 0.0562843 0.0645336 0.0702471 0.0730444 0.0730895 0.0708526 0.0668944 0.0617573 0.0559221 0.0497833 0.0436373 0.037687 0.0320547 0.0267981 0.0219296 0.0174455 0.013362 0.00973814 0.00666768
 0.00757008 0.0124038 0.0188665 0.026958 0.0364369 0.0466582 0.0565469 0.0648649 0.0706551 0.0735342 0.0736569 0.0714775 0.067536 0.0623557 0.0564078 0.0500902 0.0437148 0.0375081 0.0316198 0.0261362 0.021098 0.016526 0.0124491 0.00892077 0.00600874
 0.00767602 0.0125615 0.0190767 0.0272123 0.0367198 0.0469529 0.0568383 0.0651425 0.0709139 0.073776 0.07389 0.0717138 0.0677833 0.0626101 0.0566468 0.0502737 0.0437932 0.037435 0.0313664 0.0257016 0.0205133 0.0158509 0.0117604 0.00829364 0.00549782
 0.00774527 0.0126721 0.0192385 0.0274311 0.0369937 0.0472683 0.0571684 0.0654511 0.0711665 0.0739525 0.0739922 0.0717625 0.0678085 0.0626376 0.0566886 0.0503222 0.0438215 0.0374042 0.0312379 0.0254521 0.0201463 0.0153992 0.0112783 0.00784063 0.00512077
 0.00776604 0.0127053 0.0192879 0.0275001 0.037086 0.0473865 0.0573127 0.065617 0.071343 0.074123 0.0741389 0.0718727 0.0678804 0.0626806 0.056718 0.0503492 0.0438451 0.0374081 0.0311956 0.0253381 0.0199493 0.0151306 0.0109706 0.00753668 0.00485863
 0.00781829 0.0127798 0.0193806 0.0276013 0.037183 0.0474694 0.0573782 0.0656691 0.0713901 0.074173 0.0741953 0.0719329 0.0679369 0.0627258 0.056748 0.0503649 0.0438489 0.0373982 0.0311626 0.0252676 0.01983 0.0149634 0.0107717 0.00733321 0.00467781
 0.0078442 0.0128211 0.0194406 0.027681 0.0372795 0.0475738 0.0574758 0.0657429 0.0714271 0.0741717 0.0741667 0.0718956 0.0679087 0.0627157 0.0567551 0.0503821 0.0438671 0.0374088 0.031157 0.0252369 0.0197672 0.0148674 0.0106509 0.00720408 0.00455893
 0.00786064 0.0128442 0.0194689 0.0277112 0.0373079 0.0475982 0.0574963 0.0657605 0.071442 0.0741816 0.0741681 0.0718875 0.0678947 0.0627039 0.0567538 0.0503952 0.0438921 0.0374378 0.0311797 0.0252431 0.0197495 0.0148237 0.0105859 0.00712828 0.00448523
 0.00788885 0.0128843 0.0195186 0.0277643 0.0373558 0.0476326 0.0575113 0.0657545 0.0714178 0.0741456 0.0741282 0.0718505 0.0678649 0.0626833 0.0567434 0.0503959 0.0439037 0.0374575 0.0312014 0.0252587 0.0197513 0.0148078 0.0105535 0.0070856 0.00444086
 0.00790381 0.0129086 0.0195546 0.0278135 0.0374172 0.0477011 0.0575774 0.0658055 0.0714423 0.0741376 0.0740904 0.0717927 0.0678001 0.0626231 0.0566955 0.0503634 0.0438864 0.0374528 0.0312048 0.0252642 0.0197528 0.0148005 0.0105363 0.00706112 0.00441409
 0.00789686 0.0128965 0.0195353 0.027785 0.0373791 0.0476555 0.0575297 0.0657633 0.071412 0.074122 0.0740873 0.0717979 0.0678097 0.0626362 0.0567136 0.0503888 0.04392 0.0374931 0.0312482 0.0253056 0.0197868 0.0148233 0.0105466 0.00706067 0.00440676
 0.00787845 0.0128651 0.0194854 0.0277112 0.0372773 0.0475264 0.0573806 0.0656088 0.0712714 0.0740145 0.0740271 0.0717903 0.0678511 0.0627162 0.0568191 0.0505074 0.0440425 0.0376128 0.03136 0.0254048 0.0198694 0.0148863 0.0105896 0.0070858 0.00441846
 0.00788177 0.0128624 0.0194666 0.0276619 0.0371835 0.0473798 0.0571847 0.0653802 0.0710365 0.0738029 0.0738656 0.0716978 0.0678362 0.0627758 0.0569403 0.0506714 0.0442284 0.0378025 0.0315393 0.025564 0.0200022 0.01499 0.0106643 0.00713477 0.00444714
 0.00786995 0.0128458 0.0194457 0.0276375 0.0371542 0.0473401 0.0571244 0.0652879 0.0709057 0.0736389 0.0736868 0.071532 0.0677118 0.0627141 0.0569495 0.0507465 0.0443545 0.0379592 0.0317059 0.0257231 0.0201415 0.0151025 0.010748 0.00719181 0.00448235
 0.00784676 0.012808 0.0193892 0.0275591 0.0370535 0.0472211 0.0569958 0.0651611 0.0707909 0.0735403 0.0736034 0.0714618 0.0676572 0.062684 0.0569562 0.0507995 0.0444548 0.0380983 0.0318678 0.0258891 0.0202949 0.0152316 0.0108473 0.00726147 0.00452682
 0.0078328 0.0127829 0.0193468 0.0274928 0.0369572 0.0470929 0.0568407 0.0649915 0.0706245 0.0733959 0.0734951 0.0713961 0.0676333 0.0626968 0.0570009 0.0508739 0.0445587 0.0382296 0.0320196 0.0260495 0.0204492 0.0153667 0.010955 0.00733949 0.00457804
 0.00778052 0.0126995 0.0192244 0.0273253 0.0367426 0.0468348 0.0565513 0.064692 0.0703427 0.0731607 0.0733314 0.0713197 0.0676483 0.0627959 0.057168 0.051089 0.0448027 0.0384868 0.0322773 0.0262957 0.0206724 0.0155564 0.0111046 0.00744806 0.00464991
 0.0077773 0.0126878 0.0191951 0.027266 0.0366406 0.0466825 0.0563503 0.0644548 0.0700899 0.0729167 0.07312 0.0711616 0.0675591 0.0627838 0.0572324 0.0512207 0.044986 0.0387027 0.0325069 0.0265222 0.0208814 0.0157367 0.0112491 0.00755466 0.00472176
 0.0077292 0.0126121 0.0190856 0.0271181 0.036452 0.0464535 0.0560859 0.0641665 0.0697961 0.0726416 0.07289 0.0710005 0.0674841 0.0628026 0.0573428 0.0514114 0.0452388 0.038995 0.0328146 0.0268223 0.0211546 0.015969 0.0114328 0.00768899 0.00481188
 0.00933455 0.0148596 0.0217989 0.0299096 0.0388355 0.0480245 0.056663 0.0638179 0.068756 0.0711893 0.0712626 0.0693633 0.0659396 0.0614111 0.0561375 0.0504068 0.0444341 0.0383774 0.0323622 0.026508 0.0209491 0.0158441 0.0113634 0.00765458 0.00479726
 0.00931467 0.0151248 0.0227222 0.031954 0.0423525 0.0529815 0.0624711 0.0694274 0.0730295 0.0733494 0.0711479 0.0673694 0.0627442 0.0576841 0.0523764 0.0469089 0.041345 0.0357505 0.0302013 0.0247896 0.0196338 0.0148809 0.010694 0.00721683 0.00453034
 0.00895471 0.0145587 0.021928 0.030982 0.0413793 0.0523476 0.0626405 0.0708234 0.0757845 0.0771171 0.0751457 0.0706753 0.0646814 0.0580551 0.0514346 0.0451443 0.0392515 0.0336907 0.028381 0.0232938 0.0184735 0.0140283 0.0101021 0.00683094 0.00429595
 0.00878802 0.0142739 0.0214746 0.0303078 0.0404504 0.0511833 0.0613579 0.0696659 0.0751005 0.0772639 0.0763308 0.0728083 0.0673399 0.0606228 0.0533501 0.0461153 0.0393134 0.0331072 0.0274815 0.0223485 0.0176451 0.0133832 0.00964342 0.00653029 0.00411394
 0.00875026 0.0142036 0.021351 0.0301023 0.0401289 0.0507133 0.0607208 0.0688767 0.0742307 0.0764601 0.075806 0.0727882 0.0679645 0.0618486 0.0549243 0.0476597 0.0404815 0.03372 0.0275644 0.0220671 0.0172013 0.0129353 0.00927793 0.00627208 0.00395145
 0.00870532 0.0141361 0.021259 0.0299857 0.039986 0.050537 0.0604963 0.068584 0.0738541 0.0760036 0.0753125 0.0723512 0.0677179 0.0619232 0.0553813 0.048438 0.0414015 0.0345541 0.0281365 0.0223179 0.0171851 0.0127655 0.00906439 0.00608528 0.00381844
 0.00869281 0.0141103 0.0212104 0.0299033 0.039861 0.0503677 0.0602914 0.0683592 0.0736241 0.0757743 0.0750816 0.0721201 0.0675087 0.0617889 0.0553931 0.0486501 0.0418103 0.0350827 0.0286602 0.0227211 0.0174105 0.0128262 0.00901869 0.00599819 0.00373523
 0.008685 0.0140984 0.0211936 0.0298801 0.0398283 0.05032 0.0602212 0.06826 0.0734941 0.0756187 0.0749114 0.071948 0.0673472 0.0616536 0.0553085 0.0486491 0.0419203 0.0353041 0.0289545 0.0230211 0.0176503 0.0129702 0.0090712 0.00598982 0.00370135
 0.00866747 0.0140715 0.0211563 0.0298325 0.0397721 0.0502578 0.0601562 0.0681945 0.0734288 0.075552 0.0748404 0.071871 0.0672668 0.0615768 0.0552479 0.0486217 0.0419449 0.0353931 0.029104 0.0232061 0.0178323 0.0131139 0.00915942 0.00602708 0.00370532
 0.00865717 0.014055 0.021132 0.0297994 0.0397298 0.0502075 0.0601008 0.0681386 0.0733771 0.0755076 0.0748037 0.0718398 0.067237 0.0615462 0.0552181 0.0486 0.0419427 0.0354224 0.0291708 0.0233051 0.0179462 0.0132202 0.00924018 0.00607579 0.00372681
 0.00864624 0.0140367 0.0211034 0.0297576 0.0396731 0.0501363 0.0600189 0.068053 0.0732971 0.0754421 0.0747588 0.0718176 0.0672355 0.0615603 0.055242 0.0486298 0.0419786 0.0354682 0.0292313 0.0233811 0.0180322 0.013305 0.0093117 0.00612667 0.00375669
 0.00863367 0.0140189 0.0210813 0.0297335 0.0396492 0.0501138 0.0599964 0.0680279 0.0732668 0.0754063 0.0747205 0.0717818 0.0672077 0.0615442 0.0552385 0.0486376 0.041996 0.0354945 0.029267 0.0234266 0.0180855 0.0133605 0.00936231 0.0061664 0.00378321
 0.00863688 0.0140214 0.0210802 0.0297249 0.0396298 0.0500827 0.059957 0.0679864 0.0732298 0.0753776 0.0747 0.071767 0.0671964 0.061536 0.0552347 0.0486403 0.0420063 0.0355128 0.0292931 0.0234597 0.0181236 0.0134006 0.00939991 0.00619747 0.00380556
 0.00862786 0.0140088 0.0210649 0.0297086 0.039614 0.0500674 0.0599402 0.0679654 0.073203 0.0753468 0.0746696 0.0717426 0.0671815 0.0615313 0.055239 0.0486514 0.0420231 0.0355346 0.0293196 0.0234902 0.0181568 0.0134341 0.00943093 0.00622332 0.00382472
 0.00862341 0.0140028 0.0210582 0.0297029 0.0396115 0.0500701 0.0599491 0.0679794 0.0732191 0.07536 0.0746752 0.0717376 0.0671664 0.0615096 0.0552155 0.0486307 0.0420078 0.0355262 0.0293183 0.0234958 0.0181681 0.0134493 0.00944733 0.00623854 0.00383695
 0.00862341 0.0140028 0.0210582 0.0297029 0.0396115 0.0500701 0.0599491 0.0679794 0.0732191 0.07536 0.0746752 0.0717376 0.0671664 0.0615096 0.0552155 0.0486307 0.0420078 0.0355262 0.0293183 0.0234958 0.0181681 0.0134493 0.00944733 0.00623854 0.00383695
 0.00880582 0.0142881 0.0214655 0.0302391 0.0402665 0.0508116 0.0607184 0.0686958 0.0737945 0.0757218 0.0747835 0.071592 0.0668009 0.0609808 0.0545892 0.0479706 0.0413672 0.0349433 0.0288166 0.0230856 0.0178499 0.0132158 0.00928653 0.00613529 0.0037756
 0.00905193 0.0146998 0.0221039 0.031161 0.0415033 0.0523397 0.0624356 0.0704242 0.0753174 0.0768402 0.0753653 0.0715931 0.0662607 0.060001 0.0533069 0.0465315 0.0399044 0.0335631 0.0275925 0.0220591 0.0170346 0.0126041 0.00885481 0.0058506 0.00360146
 0.00892227 0.0145165 0.0218818 0.0309382 0.0413402 0.0523103 0.0626141 0.0708638 0.0760256 0.0777592 0.0763728 0.0725299 0.0669752 0.0603912 0.0533421 0.0462486 0.0393871 0.0329148 0.0269114 0.0214227 0.0164925 0.0121783 0.00854555 0.00564296 0.00347304
 0.00899113 0.014602 0.0219629 0.0309828 0.0413187 0.052216 0.0624781 0.0707537 0.0760252 0.0779367 0.076751 0.073072 0.0675903 0.0609587 0.053748 0.046419 0.0393061 0.0326218 0.0264816 0.0209411 0.0160322 0.011788 0.00824674 0.00543496 0.00334116
 0.00896932 0.0145731 0.0219301 0.0309499 0.0412847 0.0521704 0.0624016 0.0706289 0.0758547 0.0777565 0.0766277 0.0730777 0.067768 0.0612973 0.05418 0.046845 0.0396313 0.032788 0.0264812 0.0208095 0.0158274 0.0115675 0.00805216 0.00528656 0.0032412
#pred catch len freq
 0.00416423 0.00663533 0.00977015 0.0135296 0.0178927 0.0228263 0.0282161 0.0338402 0.0394147 0.0446626 0.0493599 0.0533574 0.0565888 0.0590555 0.0607847 0.0617816 0.0620065 0.061376 0.0597716 0.057039 0.0529954 0.0474939 0.0405672 0.032585 0.0242859
 0.00448931 0.00705613 0.0102088 0.0138587 0.0179842 0.0226217 0.0277712 0.0333075 0.0389636 0.0443863 0.0492256 0.0532296 0.0563074 0.0585251 0.0600323 0.0609612 0.0613461 0.0610879 0.0599618 0.0576585 0.0538616 0.0483721 0.0412681 0.0330258 0.0244894
 0.00478091 0.00752921 0.0109107 0.0148107 0.019153 0.02389 0.0289367 0.0341335 0.0392768 0.0441625 0.0485988 0.0524062 0.0554466 0.057672 0.059146 0.0600034 0.0603584 0.0602004 0.0593304 0.0573764 0.0539049 0.0486144 0.04155 0.0332304 0.0245775
 0.00505996 0.00796978 0.0115527 0.015691 0.0203063 0.025342 0.0306783 0.0360815 0.0412441 0.0458728 0.0497618 0.0528265 0.0550995 0.0566927 0.0577427 0.058365 0.0586212 0.058474 0.0577289 0.0560115 0.0528452 0.0478557 0.0410262 0.0328572 0.0242935
 0.00534107 0.00841272 0.0121947 0.0165614 0.0214282 0.0267317 0.0323404 0.037998 0.0433582 0.0480688 0.0518483 0.0545463 0.056183 0.0569433 0.0571084 0.0569518 0.0566419 0.0561755 0.0553419 0.0537286 0.0508116 0.0461582 0.0396897 0.031857 0.0235792
 0.00564665 0.00888888 0.0128745 0.0174663 0.0225707 0.0281177 0.0339663 0.0398437 0.04538 0.0501941 0.0539699 0.0565148 0.0578049 0.057999 0.0573987 0.0563604 0.0551844 0.0540045 0.0527063 0.0509126 0.0480786 0.043713 0.0376595 0.0302897 0.022455
 0.00592521 0.00932938 0.0135153 0.0183374 0.0236921 0.0294959 0.0355876 0.0416693 0.0473472 0.0522233 0.0559705 0.0583853 0.0594269 0.0592308 0.0580784 0.0563304 0.0543367 0.0523319 0.0503307 0.0480715 0.0450741 0.0408439 0.0351617 0.0282998 0.0210045
 0.00620002 0.00976312 0.0141452 0.0191935 0.0247966 0.0308611 0.0372081 0.0435122 0.0493472 0.0542856 0.0579817 0.0602273 0.0609883 0.0604086 0.0587712 0.0564317 0.0537448 0.0509829 0.0482455 0.0453893 0.0420474 0.0377883 0.0323791 0.026007 0.0192944
 0.00653863 0.0102861 0.0148825 0.0201584 0.0259898 0.0322751 0.0388259 0.0453015 0.0512535 0.0562309 0.0598682 0.0619462 0.0624304 0.0614746 0.0593748 0.0564961 0.0531988 0.0497711 0.0463577 0.0429014 0.0391457 0.0347523 0.0295188 0.02358 0.0174417
 0.00691237 0.0108655 0.0157026 0.0212351 0.027321 0.0338419 0.0405903 0.0472023 0.0532086 0.0581452 0.0616441 0.063491 0.063661 0.0623191 0.0597722 0.0563934 0.0525486 0.0485357 0.0445277 0.0405277 0.03637 0.0318098 0.0266956 0.021137 0.0155422
 0.00723107 0.0113665 0.0164253 0.0222067 0.028554 0.0353304 0.0423022 0.0490732 0.0551443 0.0600331 0.0633696 0.0649514 0.0647749 0.0630294 0.0600416 0.0561959 0.0518618 0.0473403 0.042821 0.03835 0.0338335 0.0291085 0.0240779 0.018843 0.0137344
 0.0075825 0.0119115 0.0171979 0.0232247 0.0298213 0.0368392 0.0440281 0.0509657 0.0571195 0.0619763 0.0651471 0.0664312 0.0658485 0.0636268 0.0601344 0.0557866 0.0509682 0.0459839 0.0410294 0.0361749 0.0313767 0.0265354 0.0216011 0.0166724 0.0120167
 0.0079641 0.0124964 0.0180129 0.0242734 0.0310882 0.0382957 0.0456344 0.0526678 0.0588478 0.0636479 0.0666704 0.0677114 0.0667948 0.0641635 0.0602111 0.0553845 0.0500968 0.0446732 0.0393252 0.0341441 0.0291214 0.024203 0.0193726 0.0147249 0.0104745
 0.00843089 0.0132168 0.0190253 0.0255878 0.0326859 0.0401303 0.047629 0.0547144 0.0608166 0.0654069 0.0681066 0.0687439 0.0673772 0.0642786 0.0598635 0.0545936 0.0488933 0.0430986 0.037434 0.0320106 0.0268481 0.0219251 0.0172461 0.012896 0.00904073
 0.00878026 0.0137717 0.0198366 0.0266947 0.0341102 0.0418656 0.0496264 0.0568729 0.0629881 0.0674171 0.0697842 0.0699496 0.0680255 0.0643455 0.0593787 0.0536212 0.0475115 0.0413862 0.0354687 0.0298763 0.0246455 0.0197754 0.0152814 0.0112337 0.00775324
 0.00887261 0.0139378 0.0201177 0.0271436 0.0347849 0.0428155 0.0508751 0.0584019 0.0647275 0.0692461 0.0715434 0.0714646 0.0691393 0.0649483 0.0594254 0.0531301 0.0465482 0.0400425 0.0338456 0.028078 0.0227813 0.0179615 0.0136335 0.00984867 0.00668686
 0.00889035 0.0139736 0.0201863 0.0272681 0.0349982 0.0431593 0.0513944 0.059135 0.065691 0.0704185 0.0728552 0.0728007 0.0703555 0.0658987 0.0599914 0.0532432 0.0461988 0.0392748 0.0327434 0.0267479 0.021341 0.0165304 0.0123223 0.00874441 0.00583747
 0.0089195 0.0140119 0.0202282 0.0273059 0.0350282 0.0431909 0.0514563 0.0592738 0.0659606 0.0708628 0.0734909 0.0736043 0.0712595 0.0667986 0.0607636 0.0537708 0.0463973 0.0391099 0.0322358 0.0259659 0.0203852 0.0155153 0.0113571 0.00791486 0.00519265
 0.00887623 0.0139411 0.0201205 0.0271516 0.0348189 0.0429234 0.0511386 0.0589326 0.0656457 0.070645 0.0734489 0.0738023 0.0717224 0.0674945 0.061604 0.0546277 0.0471341 0.0396138 0.0324436 0.0258747 0.0200473 0.01502 0.0108063 0.00739788 0.00476909
 0.00885742 0.0139115 0.0200775 0.0270927 0.0347409 0.0428219 0.0510088 0.0587712 0.0654556 0.0704407 0.0732613 0.073679 0.0717179 0.0676527 0.0619365 0.0551001 0.0476679 0.0401066 0.0327994 0.0260336 0.0200008 0.0148085 0.0105004 0.0070732 0.004484
 0.00889035 0.0139457 0.0200935 0.0270612 0.0346317 0.0426166 0.0507118 0.0584113 0.0650765 0.0700882 0.0729737 0.0734851 0.0716402 0.0677094 0.0621383 0.0554409 0.0481146 0.0405976 0.0332558 0.026382 0.0201971 0.0148506 0.0104236 0.00693241 0.00433181
 0.00899525 0.0141012 0.0202981 0.0272996 0.0348741 0.0428209 0.0508294 0.0583974 0.0649066 0.0697716 0.0725564 0.0730369 0.071234 0.0674032 0.061967 0.0554157 0.0482246 0.0408098 0.0335184 0.0266346 0.020387 0.0149496 0.0104341 0.00688098 0.00425358
