SBPRF35
7.78865
Curr Bio
494011
B35
634459
F35
0.212751
FOFL
0.156303
OFL
58867.1
Bzero
2.22533e+006
#pred survey bio
 3.81103e+006 3.40399e+006 3.04555e+006 2.71804e+006 2.40373e+006 2.1026e+006 1.81003e+006 1.58299e+006 1.39009e+006 1.20613e+006 1.07117e+006 968791 871065 798833 759733 719314 687384 667067 650667 633893 615279 605897 615927 621543 626858 617031 606211 598488 591232 590500 574370 556297 544512 539135 551309 547418 556607 559469 562388 573814 571420 576167 582168 583663 596313 598453 595361 570473 569291 574616 592568 574821 548043 551067 565615 566934 553438 546143 537217 515013 487696 496098 498706 1.67592e+007 9.89536e+006 1.00909e+007 1.08905e+007 1.20154e+007 1.31908e+007 1.42533e+007 1.51346e+007 1.58263e+007 1.63494e+007 1.67354e+007 1.70158e+007 1.72176e+007 1.73622e+007 1.74658e+007 1.75402e+007 1.75938e+007 1.76327e+007 1.76611e+007 1.76819e+007 1.76973e+007 1.77088e+007 1.77173e+007 1.77238e+007 1.77287e+007 1.77324e+007 1.77352e+007 1.77373e+007 1.77389e+007 1.77402e+007 1.77412e+007 1.77419e+007 1.77425e+007 1.77429e+007 1.77432e+007 1.77435e+007 1.77437e+007 1.77439e+007 1.7744e+007 1.77441e+007 1.77442e+007 1.77442e+007 1.77443e+007 1.77443e+007 1.77443e+007 1.77443e+007 1.77443e+007 1.77444e+007 1.77444e+007 1.77444e+007 1.77444e+007 1.77444e+007 1.77444e+007 1.77444e+007 1.77444e+007 1.77444e+007 1.77444e+007 1.77444e+007 1.77444e+007 1.77444e+007 1.77444e+007 1.77444e+007 1.77444e+007 1.77444e+007 1.77444e+007 1.77444e+007 1.77444e+007 1.77444e+007 1.77444e+007 1.77444e+007 1.77444e+007 1.77444e+007 1.77444e+007 1.77444e+007 1.77444e+007 1.77444e+007 1.77444e+007 1.77444e+007 1.77444e+007 1.77444e+007 1.77444e+007 1.77444e+007 1.77444e+007 1.77444e+007 1.77444e+007 1.77444e+007 1.77444e+007 1.77444e+007 1.77444e+007 1.77444e+007 1.77444e+007 1.77444e+007 1.77444e+007 1.77444e+007 1.77444e+007 1.77444e+007 1.77444e+007 1.77444e+007 1.77444e+007 1.77444e+007 0 0 0 0 0 0 0 0 0 0 0 0 0 0 0 0 0 0 0 0 0 0 0 0 0
#obs survey bio
 3.50034e+006 1.9856e+006 2.80854e+006 2.2867e+006 2.39676e+006 1.45097e+006 1.48346e+006 1.52226e+006 1.28904e+006 657332 882450 691523 620693 596074 914632 475018 469366 639866 524716 579714 514115 669209 363628 689434 733705 669720 469889 435083 515440 520122 639565 523600 426711 366895 693727 526684 668854 574755 722594 490581 534089 503054 550339 555936 512288 699196 497906 580086 495436 718173 552910 388962 476064 670016 877862 730063 515974 621725 567327 425067 433518 551136 529680
#pred catch bio
 294974 275889 274889 291709 307627 324579 286040 270097 271106 234140 210182 207571 184381 153951 152325 142397 130099 123982 121170 119615 109573 92304.6 94817.1 92659.7 102366 100395 95898.6 94163.2 87319 97657.8 95539.3 89383.2 88128.2 79452.2 96215 85475 90041.2 88969.8 81717.8 93344.1 87208.7 86452.8 90509.7 82082.9 92066.2 96610.6 114266 94349.4 89670.2 79215.7 108109 113878 88342.4 78898.4 89142.4 99849.4 93328.2 93948 103888 106196 74762.5 77475.7 90913 58867.1 76515.9 76503.2 81216.8 89255.8 97943.6 105747 112090 116925 120448 122932 124641 125794 126560 127064 127392 127604 127741 127828 127883 127919 127941 127955 127964 127970 127973 127975 127977 127978 127978 127978 127979 127979 127979 127979 127979 127979 127979 127979 127979 127979 127979 127979 127979 127979 127979 127979 127979 127979 127979 127979 127979 127979 127979 127979 127979 127979 127979 127979 127979 127979 127979 127979 127979 127979 127979 127979 127979 127979 127979 127979 127979 127979 127979 127979 127979 127979 127979 127979 127979 127979 127979 127979 127979 127979 127979 127979 127979 127979 127979 127979 127979 127979 127979 127979 127979 127979 127979 127979 127979 0 0 0 0 0 0 0 0 0 0 0 0 0 0 0 0 0 0 0 0 0 0 0 0 0
#obs catch bio
 245197 277200 275948 294088 311651 331964 292158 277810 279115 240468 216278 214976 190628 158252 155370 145974 133875 126662 123807 121793 111649 93814.4 96744.5 93562.9 102954 100979 96837.4 95249.3 88349.8 99158.1 96489 89952.8 88983.5 80312.4 97542.1 86254.8 90473.3 89184.8 81746.2 93863.7 87588.4 86796.1 90972.2 82080.1 92629.2 96901.6 115095 94834.4 90546.8 79168.4 108566 114874 88815.7 79077.5 89347.9 100213 93468.7 93714.8 103823 106701 74780.4 77361.2 91043.2
#pred cpue bio
 3.74548e+006 3.3429e+006 2.98829e+006 2.66254e+006 2.34945e+006 2.04995e+006 1.75959e+006 1.53434e+006 1.34355e+006 1.16216e+006 1.02882e+006 927658 831757 761360 723705 684769 653793 634342 618959 603184 585442 576497 586524 592616 598588 589582 579246 571809 564857 564458 549447 532474 520320 513094 523546 519873 529446 532795 535837 546939 544581 549180 555042 556473 568574 570509 567504 543126 541597 546867 564851 547842 521455 524236 538846 540677 527680 520481 511781 490169 463614 472165 475831 1.60286e+007 9.47262e+006 9.52581e+006 1.01677e+007 1.12378e+007 1.24005e+007 1.34605e+007 1.43414e+007 1.5033e+007 1.55561e+007 1.59421e+007 1.62225e+007 1.64243e+007 1.65689e+007 1.66726e+007 1.67469e+007 1.68006e+007 1.68394e+007 1.68678e+007 1.68886e+007 1.6904e+007 1.69155e+007 1.69241e+007 1.69305e+007 1.69354e+007 1.69391e+007 1.69419e+007 1.6944e+007 1.69457e+007 1.69469e+007 1.69479e+007 1.69486e+007 1.69492e+007 1.69496e+007 1.695e+007 1.69502e+007 1.69504e+007 1.69506e+007 1.69507e+007 1.69508e+007 1.69509e+007 1.69509e+007 1.6951e+007 1.6951e+007 1.6951e+007 1.69511e+007 1.69511e+007 1.69511e+007 1.69511e+007 1.69511e+007 1.69511e+007 1.69511e+007 1.69511e+007 1.69511e+007 1.69511e+007 1.69511e+007 1.69511e+007 1.69511e+007 1.69511e+007 1.69511e+007 1.69511e+007 1.69511e+007 1.69511e+007 1.69511e+007 1.69511e+007 1.69511e+007 1.69511e+007 1.69511e+007 1.69511e+007 1.69511e+007 1.69511e+007 1.69511e+007 1.69511e+007 1.69511e+007 1.69511e+007 1.69511e+007 1.69511e+007 1.69511e+007 1.69511e+007 1.69511e+007 1.69511e+007 1.69511e+007 1.69511e+007 1.69511e+007 1.69511e+007 1.69511e+007 1.69511e+007 1.69511e+007 1.69511e+007 1.69511e+007 1.69511e+007 1.69511e+007 1.69511e+007 1.69511e+007 1.69511e+007 1.69511e+007 1.69511e+007 1.69511e+007 1.69511e+007 1.69511e+007 0 0 0 0 0 0 0 0 0 0 0 0 0 0 0 0 0 0 0 0 0 0 0 0 0
#obs cpue bio
 2.96402e+006 2.35962e+006 3.64424e+006 1.96292e+006 1.41005e+006 1.45e+006 1.52278e+006 735170 1.2978e+006 1.43951e+006 699423 705750 733559 667670 811532 504576 439179 720509 548118 654256 462685 324591 646921 903464 777160 461829 452625 606156 421775 553461 596430 598090 488008 414839 480693 450647 663404 592426 392015 525886 499902 603101 574222 672766 450400 534964 635479 409783 424736 668383 631202 582533 497982 464098 397497 412544 554003 611604 467412 483425 443951 577124 443979
#pred surv len freq
 0.00604417 0.0097042 0.0143972 0.0200253 0.0263974 0.03316 0.0397588 0.0455571 0.0500715 0.0531401 0.0549011 0.0556464 0.0556818 0.0552563 0.0545382 0.0536141 0.0525026 0.0511708 0.0495318 0.0474145 0.0445428 0.0405923 0.0353606 0.0289801 0.0220107
 0.00640592 0.010198 0.0149722 0.020592 0.0268744 0.0335349 0.0401211 0.0460666 0.0508685 0.0542497 0.056195 0.0568856 0.0566149 0.0557147 0.0544855 0.0531355 0.0517499 0.0502916 0.0486128 0.0464646 0.043523 0.0394733 0.0341715 0.0278139 0.0209849
 0.00693649 0.0110158 0.016114 0.0220476 0.0285747 0.035347 0.0418615 0.0475452 0.0519592 0.0549472 0.0566064 0.0571493 0.056801 0.0557795 0.054309 0.0526068 0.0508363 0.0490498 0.0471483 0.0448784 0.0418852 0.0378351 0.0325944 0.0263829 0.019789
 0.00734632 0.011681 0.0171119 0.0234454 0.0304105 0.0376011 0.0444257 0.050213 0.0544562 0.056998 0.0580138 0.0578486 0.0568594 0.0553373 0.0534968 0.0514909 0.0494232 0.047334 0.0451587 0.0426922 0.0396127 0.0355994 0.0305191 0.0245809 0.0183437
 0.00770964 0.0122623 0.017971 0.0246356 0.0319742 0.0395581 0.0467546 0.0528319 0.0572124 0.0596749 0.0603571 0.0596135 0.057868 0.0555244 0.0529139 0.0502655 0.0476974 0.0452231 0.0427509 0.040076 0.0369032 0.0329438 0.0280778 0.0224957 0.016705
 0.00807339 0.0128417 0.018821 0.025801 0.0334834 0.0414141 0.0489235 0.0552373 0.0597411 0.0621883 0.0626988 0.0616117 0.0593444 0.0563189 0.0529229 0.0494707 0.046168 0.0430885 0.0401662 0.0372025 0.0339101 0.0300138 0.0253969 0.0202236 0.014938
 0.00849819 0.0135122 0.0197927 0.0271125 0.0351506 0.0434216 0.0512137 0.0577066 0.0622518 0.0645923 0.0648588 0.0634095 0.0606763 0.0570887 0.0530428 0.0488765 0.0448423 0.041079 0.0375879 0.0342266 0.0307462 0.026891 0.0225384 0.0178104 0.0130735
 0.0087463 0.0139215 0.02042 0.0280144 0.0363725 0.0449803 0.0530792 0.0597959 0.0644413 0.0667416 0.0668341 0.0650966 0.0619829 0.0579398 0.0533738 0.0486309 0.0439792 0.0395913 0.0355247 0.0317066 0.0279556 0.0240606 0.0199049 0.015569 0.0113369
 0.00902965 0.0143616 0.0210453 0.0288416 0.0374087 0.0462252 0.0545215 0.0614049 0.0661594 0.0684838 0.0684954 0.0665657 0.0631581 0.0587392 0.0537372 0.0485145 0.0433512 0.0384375 0.0338642 0.029614 0.0255727 0.0215874 0.0175636 0.0135529 0.00976453
 0.00953366 0.0151316 0.0221117 0.030198 0.0390145 0.0480113 0.0563953 0.0632568 0.0678776 0.0699746 0.0696958 0.0674422 0.0636941 0.0589234 0.0535582 0.0479604 0.0424115 0.0371079 0.032159 0.0275843 0.0233235 0.0192782 0.0153836 0.0116748 0.00829788
 0.00986218 0.0156601 0.0228948 0.0312783 0.0404088 0.0496925 0.0582768 0.0651954 0.0697017 0.0715272 0.07087 0.0681929 0.0640274 0.0588745 0.0531688 0.0472634 0.0414254 0.0358418 0.0306258 0.0258192 0.021402 0.0173204 0.013538 0.0100821 0.00705063
 0.00997567 0.0158604 0.0232262 0.0317938 0.0411603 0.0507134 0.0595626 0.0666907 0.0713018 0.0730928 0.0722525 0.0692628 0.0646996 0.0591198 0.0530076 0.0467456 0.0406073 0.0347711 0.0293409 0.0243621 0.0198348 0.0157349 0.0120474 0.00879519 0.0060408
 0.0100702 0.0160221 0.0234851 0.032185 0.0417188 0.0514653 0.0605135 0.0678175 0.0725504 0.074381 0.0734771 0.0703119 0.0654693 0.0595335 0.0530312 0.0463902 0.0399191 0.0338141 0.0281822 0.023067 0.0184726 0.0143854 0.010799 0.00772898 0.00520952
 0.0101065 0.0160798 0.0235708 0.0323068 0.0418889 0.0517016 0.0608392 0.0682565 0.0731179 0.0750738 0.0742657 0.0711382 0.0662526 0.060183 0.0534633 0.0465457 0.0397746 0.0333834 0.0275091 0.0222152 0.0175168 0.013407 0.00987879 0.00693632 0.00458829
 0.0101913 0.0161839 0.023666 0.0323483 0.0418312 0.0515217 0.0605561 0.0679336 0.072847 0.0749476 0.0743514 0.0714603 0.0667856 0.0608559 0.0541737 0.0471816 0.0402386 0.0336122 0.0274831 0.0219569 0.0170818 0.0128704 0.00932067 0.00642665 0.00417437
 0.0103814 0.0164736 0.0240637 0.0328431 0.0423885 0.0520825 0.0610412 0.0682596 0.0729539 0.0748271 0.074058 0.0710938 0.0664543 0.0606379 0.0540939 0.0472104 0.0403089 0.0336454 0.0274159 0.021759 0.0167617 0.0124686 0.00889434 0.00603198 0.00385135
 0.0103171 0.0164051 0.0240265 0.0328907 0.0425761 0.0524406 0.0615536 0.068858 0.0735351 0.0752841 0.0743129 0.0711216 0.0662887 0.0603567 0.0537882 0.0469508 0.0401226 0.0335156 0.0272986 0.021609 0.016554 0.0122075 0.00860796 0.0057579 0.00362109
 0.0102501 0.0162894 0.0238426 0.0326241 0.0422294 0.0520485 0.0611883 0.0686144 0.0734947 0.0754762 0.0746963 0.071601 0.0667553 0.0607313 0.0540431 0.0471045 0.0402149 0.0335794 0.0273437 0.0216248 0.0165243 0.0121261 0.00848622 0.00561958 0.00349176
 0.0102181 0.0162348 0.0237551 0.0324909 0.0420368 0.0517863 0.0608574 0.0682366 0.0731189 0.0751735 0.0745407 0.0716398 0.0669862 0.0611 0.0544674 0.0475081 0.040552 0.0338374 0.0275295 0.0217485 0.0165914 0.012141 0.00845789 0.00556392 0.00342759
 0.0102759 0.0163132 0.0238439 0.0325699 0.0420804 0.0517706 0.0607669 0.0680674 0.0728797 0.0748867 0.0742436 0.0713824 0.0668203 0.0610615 0.0545601 0.0477015 0.0407945 0.0340776 0.0277321 0.0218975 0.0166854 0.0121858 0.00846367 0.0055438 0.0033955
 0.0103846 0.0164771 0.0240658 0.0328418 0.0423827 0.0520728 0.06103 0.0682491 0.0729432 0.0748121 0.0740362 0.071073 0.0664592 0.0607073 0.0542655 0.0474997 0.0406917 0.0340547 0.027756 0.0219357 0.0167151 0.012197 0.00845619 0.00552341 0.00336997
 0.0103578 0.0164429 0.0240316 0.03282 0.0423871 0.0521128 0.0611051 0.0683471 0.0730427 0.0748883 0.074067 0.0710461 0.066376 0.0605843 0.054131 0.0473854 0.0406225 0.0340402 0.0277889 0.0219961 0.0167803 0.0122499 0.00848906 0.00553725 0.0033706
 0.0100651 0.0160026 0.0234365 0.0320901 0.0415676 0.0512683 0.0603136 0.0676917 0.0725983 0.0747031 0.0741499 0.071365 0.0668701 0.061182 0.0547675 0.0480133 0.041214 0.0345819 0.0282732 0.0224156 0.0171269 0.0125182 0.00868066 0.0056617 0.00344323
 0.0098509 0.0156654 0.0229507 0.0314427 0.0407646 0.0503422 0.0593298 0.0667461 0.0718007 0.0741517 0.0739079 0.071449 0.0672513 0.0617969 0.0555337 0.0488466 0.0420428 0.0353547 0.0289589 0.0229982 0.0176002 0.0128828 0.00894392 0.00583759 0.00355069
 0.0098215 0.0155936 0.0227983 0.0311599 0.040303 0.0496756 0.0584735 0.0657643 0.070796 0.0732441 0.0732102 0.0710463 0.0671866 0.062065 0.0560844 0.0495981 0.0429001 0.0362284 0.0297779 0.0237152 0.0181905 0.0133402 0.00927589 0.00606156 0.00368987
 0.00992506 0.0157529 0.0230189 0.0314346 0.0406059 0.0499574 0.058663 0.0657814 0.0705785 0.0727771 0.0725413 0.0702778 0.0664464 0.0614709 0.0557155 0.0494813 0.0430123 0.036511 0.0301569 0.0241205 0.018568 0.0136566 0.00951784 0.00623086 0.00379807
 0.00999334 0.0158613 0.023177 0.0316489 0.0408775 0.050278 0.0590093 0.0661108 0.070831 0.0728852 0.0724502 0.0699675 0.0659469 0.0608612 0.055103 0.0489693 0.0426709 0.0363621 0.0301773 0.0242582 0.0187631 0.0138579 0.00969161 0.00636217 0.0038864
 0.00999284 0.0158643 0.0231889 0.0316778 0.040933 0.0503691 0.059141 0.0662812 0.0710278 0.0730835 0.0726122 0.0700482 0.0659073 0.0606855 0.0548111 0.0486169 0.0423321 0.0361038 0.0300374 0.0242371 0.0188314 0.0139731 0.00981465 0.00646721 0.00396282
 0.00987924 0.0157033 0.0229908 0.0314676 0.0407445 0.0502342 0.0590813 0.0663048 0.0711311 0.073254 0.072829 0.0702816 0.0661205 0.0608402 0.0548791 0.0485916 0.0422349 0.0359777 0.0299306 0.0241836 0.0188404 0.0140307 0.0098955 0.00654709 0.00402676
 0.00951976 0.0151729 0.0222939 0.0306465 0.0398711 0.0493942 0.0583596 0.0657753 0.0708482 0.0732423 0.0730778 0.0707472 0.066736 0.0615291 0.0555673 0.0492187 0.0427634 0.0363981 0.0302575 0.0244442 0.0190593 0.014221 0.010058 0.00667716 0.00412141
 0.0094961 0.0151065 0.0221445 0.0303645 0.039417 0.0487652 0.0576088 0.0650078 0.0701898 0.0727985 0.0729036 0.0708412 0.0670541 0.062004 0.0561256 0.0497925 0.0432981 0.0368586 0.0306302 0.0247347 0.0192839 0.0143968 0.0101964 0.00678347 0.00419825
 0.0104633 0.0164675 0.0237999 0.0320853 0.0409035 0.0497469 0.0579298 0.064659 0.0692873 0.0715357 0.0715002 0.0694974 0.065915 0.0611415 0.0555424 0.0494428 0.0431147 0.0367753 0.0305964 0.02472 0.019276 0.0143943 0.0102006 0.00679373 0.00421153
 0.0114284 0.017957 0.0258833 0.0347471 0.0440169 0.0530536 0.0610421 0.0671161 0.0706774 0.0716371 0.0703608 0.0674046 0.0632807 0.0583692 0.0529366 0.0471782 0.0412516 0.0352973 0.0294501 0.023845 0.0186203 0.0139172 0.00986931 0.00657804 0.00408191
 0.0112619 0.017838 0.0259824 0.0353113 0.0452975 0.0551923 0.0639687 0.0705176 0.0740607 0.0744564 0.0721608 0.0679337 0.062544 0.0566059 0.05053 0.0445358 0.038705 0.0330545 0.0276 0.0223922 0.017525 0.0131237 0.00932025 0.00621911 0.00386299
 0.0105874 0.0168384 0.0246682 0.0337812 0.0437441 0.0538892 0.0632359 0.0706511 0.0752268 0.0765902 0.074934 0.0708326 0.0650308 0.058288 0.0512598 0.04441 0.0379812 0.0320363 0.0265429 0.021458 0.0167836 0.0125809 0.00894879 0.00598064 0.00371998
 0.01036 0.0164595 0.0240839 0.0329447 0.0426385 0.05256 0.0618203 0.0693808 0.0743883 0.0764463 0.0756308 0.0723281 0.0670789 0.0604977 0.0532155 0.0458033 0.0386939 0.0321406 0.0262313 0.02095 0.0162542 0.0121319 0.00861642 0.00575935 0.00358563
 0.010237 0.0162458 0.0237362 0.0324123 0.0418731 0.0515339 0.0605495 0.0679451 0.0729388 0.075195 0.0748167 0.0721585 0.0676578 0.0617693 0.0549577 0.0476869 0.0403896 0.0334217 0.0270257 0.0213224 0.0163416 0.0120749 0.00851659 0.00567003 0.0035239
 0.0103236 0.0163612 0.0238613 0.0325092 0.0418887 0.0514099 0.0602338 0.0674042 0.0721719 0.0742492 0.0737983 0.0712283 0.0670023 0.061548 0.0552425 0.0484231 0.0414041 0.0344837 0.0279307 0.0219567 0.0166971 0.012217 0.00853432 0.00563712 0.0034839
 0.0104016 0.0164815 0.0240288 0.0327204 0.0421284 0.0516471 0.0604205 0.0674794 0.0720748 0.0739383 0.0732703 0.070531 0.0662358 0.06085 0.0547558 0.0482499 0.0415652 0.0349065 0.0284774 0.0224809 0.017098 0.0124627 0.00864876 0.00566892 0.00347797
 0.0103395 0.0163907 0.0239114 0.0325857 0.041991 0.0515234 0.0603234 0.0674141 0.0720338 0.0738994 0.073201 0.0704001 0.0660307 0.0605918 0.0545025 0.0480818 0.0415541 0.0350819 0.0288092 0.0228908 0.0174944 0.0127778 0.00885782 0.00578422 0.0035296
 0.0103566 0.016423 0.0239681 0.0326774 0.0421267 0.0517049 0.0605415 0.0676475 0.0722523 0.0740701 0.0732927 0.0703873 0.0658979 0.0603404 0.054158 0.0476963 0.0411974 0.0348203 0.0286809 0.0228914 0.0175826 0.012898 0.00896472 0.0058565 0.00356755
 0.01034 0.0163911 0.023912 0.032588 0.0419997 0.0515473 0.0603755 0.0675067 0.0721708 0.0740687 0.0733699 0.0705193 0.0660467 0.060466 0.0542304 0.0477057 0.0411583 0.0347665 0.0286509 0.0229106 0.0176521 0.0129976 0.00906622 0.00593834 0.00362163
 0.0103304 0.0163741 0.0238834 0.0325424 0.0419306 0.0514488 0.0602451 0.0673493 0.0720022 0.0739148 0.0732612 0.0704802 0.0660849 0.0605676 0.0543654 0.0478398 0.0412667 0.0348426 0.0287053 0.0229617 0.0177137 0.0130711 0.00914261 0.00600519 0.00367094
 0.0104864 0.0165973 0.0241628 0.0328481 0.0422211 0.0516841 0.060397 0.0674045 0.0719604 0.0737857 0.0730635 0.0702414 0.0658376 0.0603422 0.0541813 0.047701 0.0411644 0.0347637 0.0286413 0.022912 0.0176824 0.0130607 0.00914975 0.0060221 0.00368929
 0.0103775 0.0164521 0.024002 0.0327078 0.0421397 0.0516826 0.0604656 0.067506 0.0720483 0.0738267 0.0730499 0.0701885 0.0657721 0.0602899 0.0541597 0.0477167 0.0412136 0.0348351 0.0287211 0.0229893 0.0177516 0.0131204 0.00920027 0.00606319 0.00372035
 0.0102986 0.0163377 0.023857 0.0325487 0.0419942 0.0515851 0.0604498 0.0675938 0.0722378 0.0740852 0.0733205 0.0704098 0.0659019 0.0603192 0.0541095 0.0476233 0.0411119 0.0347486 0.0286597 0.0229524 0.0177339 0.0131161 0.00920428 0.00607143 0.00372957
 0.0104019 0.0164787 0.0240196 0.0327025 0.0421047 0.0516295 0.0604294 0.0675352 0.0721813 0.0740672 0.0733567 0.0704888 0.0659903 0.0603763 0.0541059 0.0475522 0.0409891 0.0346022 0.0285172 0.0228324 0.017644 0.0130553 0.00916731 0.0060516 0.00372063
 0.0106738 0.016906 0.0246326 0.0335125 0.0430932 0.0527377 0.0615534 0.068538 0.0729273 0.0744639 0.0733814 0.0701844 0.0654376 0.059662 0.0533023 0.0467134 0.0401574 0.033815 0.0278085 0.0222289 0.0171602 0.0126919 0.00891243 0.0058855 0.00362063
 0.0104337 0.0165746 0.0242439 0.0331374 0.0428236 0.052657 0.0617091 0.0689274 0.0734977 0.0751256 0.0740291 0.0707235 0.0658069 0.0598439 0.0533153 0.0465958 0.039951 0.0335573 0.027532 0.0219616 0.0169246 0.0125019 0.00877245 0.00579143 0.00356309
 0.0102135 0.0162229 0.0237297 0.0324462 0.0419712 0.0517067 0.0607788 0.0681739 0.0730727 0.0751215 0.0744438 0.0714635 0.0667243 0.0607852 0.0541611 0.0472782 0.0404514 0.0338911 0.0277317 0.0220643 0.0169645 0.0125073 0.00876325 0.00577953 0.00355377
 0.0101943 0.0161521 0.0235506 0.0320826 0.0413491 0.0507884 0.0595953 0.066838 0.0717637 0.074045 0.0737809 0.0713231 0.0671136 0.06161 0.0552579 0.0484649 0.0415747 0.0348532 0.0284924 0.0226271 0.0173578 0.0127682 0.00892805 0.00587863 0.00361036
 0.0104958 0.0166222 0.0242162 0.0329433 0.0423629 0.0518583 0.0605677 0.067526 0.0720025 0.0737572 0.0730161 0.0702466 0.0659492 0.060565 0.0544648 0.0479592 0.0413112 0.0347459 0.0284565 0.0226045 0.0173233 0.0127203 0.00887628 0.00583289 0.0035761
 0.0105474 0.0167468 0.0244781 0.0334243 0.043138 0.0529568 0.0619368 0.0690192 0.0734021 0.0748265 0.0735621 0.0701748 0.0652927 0.0594748 0.0531602 0.0466585 0.0401718 0.033839 0.027779 0.0221127 0.016966 0.0124585 0.00868584 0.00569944 0.00348848
 0.010253 0.0162962 0.0238563 0.0326478 0.0422646 0.0520917 0.061228 0.0686301 0.0734589 0.0753596 0.0744768 0.0712745 0.0663461 0.0602958 0.0536624 0.0468636 0.0401753 0.0337548 0.0276926 0.0220627 0.0169527 0.0124651 0.00869613 0.00570555 0.00348961
 0.0100893 0.0160127 0.0233992 0.0319612 0.0413094 0.0508751 0.0598307 0.0672124 0.0722354 0.074547 0.0742318 0.0716441 0.0672484 0.0615427 0.0550198 0.0481254 0.0412171 0.0345458 0.0282679 0.022481 0.0172634 0.0126972 0.00886411 0.00581916 0.0035598
 0.0101838 0.0161434 0.0235512 0.0320995 0.0413804 0.0508137 0.0595732 0.0667171 0.0715075 0.0736588 0.073323 0.0708905 0.0668074 0.0614968 0.0553477 0.0487149 0.0419135 0.0352103 0.0288167 0.0228909 0.0175514 0.0128937 0.00899616 0.00590545 0.00361317
 0.0103268 0.0163762 0.0239001 0.0325834 0.0419995 0.0515342 0.0603164 0.0673632 0.0719205 0.0737281 0.0730032 0.0702246 0.0659214 0.0605651 0.0545389 0.0481391 0.0415957 0.0351012 0.0288312 0.0229502 0.0176073 0.0129297 0.00901429 0.00591318 0.00361628
 0.0103194 0.0163742 0.0239164 0.0326386 0.0421194 0.0517437 0.0606295 0.067772 0.0723864 0.0741786 0.0733438 0.0703654 0.0658112 0.0602173 0.0540328 0.0475925 0.041121 0.0347666 0.0286468 0.0228818 0.0176045 0.0129508 0.00903587 0.0059276 0.00362398
 0.0103535 0.016423 0.0239782 0.0327091 0.0421954 0.0518279 0.0607331 0.0679128 0.0725801 0.0744278 0.0736272 0.0706355 0.0660032 0.060271 0.0539179 0.0473262 0.0407642 0.0343996 0.0283376 0.0226639 0.0174758 0.0128873 0.00900989 0.00591864 0.00362106
 0.010395 0.0165074 0.0241353 0.0329736 0.042594 0.0523615 0.0613641 0.0685685 0.0731744 0.0748895 0.0739183 0.0707505 0.0659546 0.0600736 0.0535837 0.0468709 0.0402181 0.0338127 0.0277711 0.0221725 0.0170914 0.0126144 0.00883242 0.00581162 0.00356061
 0.0103031 0.0163935 0.0240304 0.0329304 0.0426758 0.0526209 0.0618227 0.0692045 0.0739233 0.0756556 0.0745964 0.0712499 0.0662205 0.0600948 0.053385 0.0464972 0.039722 0.0332487 0.0271943 0.0216352 0.0166351 0.0122611 0.00858307 0.00565086 0.00346566
 0.00966331 0.0154276 0.022718 0.0313115 0.0408501 0.0507411 0.0600835 0.0678217 0.0730936 0.0755037 0.0751348 0.0723751 0.0677449 0.0617992 0.0550691 0.048013 0.0409847 0.0342313 0.0279127 0.0221314 0.0169616 0.012469 0.0087131 0.00573148 0.00351474
 0.00906801 0.0145102 0.0214334 0.0296572 0.0388724 0.0485394 0.0578168 0.0657039 0.0713659 0.0743868 0.0747782 0.0728229 0.0689273 0.0635479 0.0571544 0.0501921 0.0430482 0.0360337 0.0293813 0.0232567 0.0177773 0.0130309 0.00908192 0.00596196 0.00365127
#obs surv len freq
 0.00496997 0.00814153 0.0123851 0.0177143 0.0240025 0.0308827 0.0377275 0.0438119 0.0485851 0.0518467 0.0537172 0.054484 0.0544683 0.0539679 0.0532431 0.0525064 0.0519017 0.0514626 0.0510501 0.0502945 0.0486138 0.0453774 0.0402083 0.0332758 0.0253618
 0.00517476 0.00847665 0.0128938 0.018439 0.0249774 0.0321221 0.0392125 0.0454843 0.0503536 0.053602 0.0553473 0.0558843 0.0555465 0.0546465 0.0534616 0.052226 0.0511104 0.0501825 0.0493426 0.0482633 0.046402 0.0431559 0.0381521 0.0315305 0.0240123
 0.00541153 0.00886298 0.0134779 0.0192666 0.0260834 0.033517 0.0408684 0.0473302 0.0522858 0.0555035 0.0571053 0.0573991 0.0567323 0.0554298 0.0537803 0.0520302 0.050368 0.0488891 0.0475357 0.046035 0.0439046 0.0405908 0.0357382 0.0294575 0.0223967
 0.00565604 0.00926312 0.014085 0.0201303 0.0272421 0.0349829 0.0426124 0.0492762 0.0543216 0.0575026 0.0589474 0.0589814 0.0579719 0.0562604 0.054147 0.051886 0.0496749 0.0476272 0.0457202 0.0437388 0.0412724 0.0378345 0.0331033 0.0271671 0.0205954
 0.00589168 0.00965212 0.0146815 0.0209885 0.0284059 0.0364689 0.044393 0.0512735 0.0564183 0.0595653 0.0608482 0.060611 0.0592439 0.0571097 0.0545248 0.0517536 0.0490002 0.0463887 0.0439234 0.0414406 0.0386037 0.0350031 0.0303635 0.0247605 0.0186865
 0.00615597 0.0100823 0.0153301 0.0219051 0.0296284 0.0380092 0.0462212 0.053312 0.0585504 0.0616562 0.0627663 0.0622423 0.0604983 0.0579219 0.0548508 0.051564 0.0482736 0.0451125 0.0421049 0.0391305 0.0359221 0.0321475 0.0275845 0.0223039 0.0167261
 0.00638676 0.0104639 0.0159163 0.0227497 0.0307743 0.0394712 0.0479692 0.0552658 0.0605927 0.0636562 0.0646009 0.063807 0.06171 0.0587169 0.0551831 0.0514016 0.0475956 0.0439088 0.0403849 0.0369428 0.0333768 0.0294275 0.0249255 0.0199414 0.0148311
 0.006627 0.0108551 0.0165062 0.0235838 0.0318875 0.040875 0.0496368 0.0571261 0.062538 0.0655609 0.0663422 0.0652789 0.0628302 0.059428 0.0554482 0.0511981 0.04691 0.0427364 0.0387379 0.0348677 0.0309757 0.026868 0.022424 0.0177161 0.0130422
 0.00684137 0.0112106 0.017054 0.024375 0.0329619 0.0422436 0.0512658 0.0589322 0.0644034 0.0673579 0.0679551 0.0666151 0.0638211 0.0600265 0.0556252 0.0509385 0.0462082 0.0415948 0.0371735 0.0329265 0.0287513 0.024511 0.0201282 0.0156766 0.0114027
 0.00705867 0.0115628 0.0175822 0.0251174 0.0339474 0.0434809 0.0527309 0.0605622 0.0661017 0.06901 0.069447 0.0678482 0.0647213 0.0605471 0.0557435 0.0506485 0.0455141 0.0405082 0.0357173 0.0311473 0.0267353 0.0223917 0.0180746 0.0138582 0.00994352
 0.00727316 0.0119165 0.0181231 0.0258915 0.0349872 0.0447887 0.0542637 0.0622295 0.0677825 0.0705793 0.0707987 0.0689044 0.0654312 0.0608827 0.0556953 0.0502215 0.0447236 0.0393766 0.0342765 0.0294474 0.0248569 0.0204528 0.0162202 0.0122311 0.00864592
 0.00743454 0.0121828 0.0185315 0.0264797 0.0357867 0.0458131 0.0554958 0.0636147 0.0692329 0.0719889 0.0720602 0.0699255 0.0661445 0.0612493 0.0557024 0.0498757 0.0440436 0.0383891 0.0330175 0.0279685 0.0232336 0.0187891 0.0146393 0.0108512 0.00755002
 0.00753145 0.0123422 0.0187753 0.0268307 0.0362658 0.0464341 0.056259 0.0645023 0.0702093 0.0730029 0.0730497 0.0708213 0.0668767 0.0617557 0.0559365 0.0498118 0.0436767 0.0377329 0.0321022 0.0268421 0.0219662 0.0174728 0.0133801 0.00974885 0.00667329
 0.00760858 0.0124592 0.0189365 0.0270362 0.0365141 0.0467261 0.0565995 0.0648993 0.0706695 0.0735272 0.0736279 0.071428 0.0674708 0.0622828 0.0563364 0.0500279 0.0436663 0.0374746 0.0315994 0.0261255 0.0210928 0.0165228 0.012446 0.00891733 0.00600526
 0.00765827 0.0125392 0.019055 0.0271991 0.0367227 0.0469744 0.0568732 0.0651795 0.0709407 0.0737851 0.0738815 0.0716932 0.0677577 0.0625848 0.0566251 0.0502575 0.043784 0.0374337 0.0313726 0.0257133 0.0205277 0.015865 0.011772 0.00830185 0.00550284
 0.00770664 0.0126086 0.0191424 0.0272969 0.0368216 0.0470683 0.0569623 0.0652688 0.0710369 0.0738926 0.0740025 0.0718296 0.0679136 0.0627634 0.0568224 0.0504558 0.0439495 0.0375232 0.0313457 0.0255471 0.0202271 0.015465 0.0113287 0.00787667 0.00514455
 0.00778282 0.0127276 0.0193118 0.0275183 0.0370885 0.0473636 0.057258 0.0655306 0.0712332 0.0740062 0.0740353 0.0718001 0.067848 0.0626874 0.0567548 0.0504046 0.043909 0.0374736 0.0312585 0.0253957 0.0199999 0.0151729 0.0110038 0.00756098 0.00487495
 0.00781398 0.0127777 0.0193863 0.0276217 0.0372234 0.0475289 0.0574469 0.0657289 0.0714212 0.0741619 0.0741408 0.0718468 0.0678393 0.0626375 0.0566836 0.0503301 0.0438408 0.0374097 0.0311856 0.0252956 0.0198584 0.0149892 0.0107931 0.00734949 0.00468909
 0.00784079 0.0128163 0.0194353 0.0276771 0.0372807 0.0475854 0.0575035 0.0657898 0.0714905 0.0742405 0.0742238 0.0719241 0.0678991 0.062671 0.0566886 0.0503115 0.0438071 0.0373673 0.0311347 0.02523 0.0197701 0.0148752 0.0106601 0.00721231 0.00456522
 0.00787724 0.01287 0.0195056 0.0277593 0.0373667 0.0476656 0.0575687 0.0658335 0.071511 0.0742423 0.0742161 0.0719169 0.0678984 0.0626761 0.0566938 0.0503097 0.043794 0.0373418 0.0310973 0.0251802 0.0197063 0.0147967 0.0105706 0.00712044 0.00448164
 0.0078776 0.0128692 0.0195016 0.0277494 0.0373477 0.0476353 0.0575266 0.0657816 0.0714544 0.0741883 0.0741739 0.0718958 0.0679056 0.062714 0.0567582 0.0503908 0.0438789 0.0374183 0.0311564 0.0252166 0.019718 0.014785 0.0105401 0.00707886 0.00443806
 0.00790728 0.012911 0.0195526 0.0278026 0.0373938 0.0476652 0.0575344 0.0657654 0.071416 0.0741325 0.074108 0.0718289 0.0678477 0.0626739 0.0567419 0.050399 0.0439071 0.0374577 0.0311964 0.0252479 0.0197345 0.0147849 0.0105255 0.00705492 0.00441122
 0.00790246 0.0129073 0.0195543 0.0278152 0.0374216 0.0477075 0.0575834 0.0658078 0.0714378 0.0741255 0.0740726 0.0717735 0.0677848 0.0626162 0.0566992 0.050377 0.0439068 0.0374754 0.0312248 0.0252781 0.0197586 0.0147979 0.0105267 0.00704692 0.00439841
 0.00788367 0.0128718 0.0194924 0.0277167 0.0372802 0.0475273 0.0573824 0.065615 0.071284 0.0740316 0.0740439 0.0718014 0.0678542 0.0627129 0.056813 0.0505018 0.0440381 0.0376083 0.0313532 0.0253946 0.0198563 0.0148723 0.0105769 0.00707601 0.00441192
 0.0078759 0.0128565 0.019464 0.0276677 0.037202 0.0474126 0.0572285 0.0654277 0.0710794 0.0738355 0.0738857 0.071706 0.0678336 0.0627638 0.0569206 0.0506465 0.0442015 0.037776 0.0315144 0.0255409 0.0199809 0.0149709 0.0106483 0.0071225 0.00443869
 0.007842 0.0128014 0.0193814 0.0275519 0.0370495 0.0472239 0.05701 0.0651924 0.0708449 0.0736217 0.0737124 0.0715918 0.0677934 0.0628053 0.0570409 0.0508315 0.0444292 0.038022 0.0317565 0.0257621 0.02017 0.0151217 0.0107599 0.00719841 0.00448564
 0.00785346 0.0128133 0.0193869 0.0275402 0.0370085 0.0471444 0.0568896 0.0650363 0.070665 0.0734333 0.0735323 0.071436 0.0676774 0.0627422 0.0570397 0.0508944 0.0445496 0.0381848 0.0319416 0.0259485 0.0203402 0.015264 0.0108689 0.0072749 0.00453446
 0.00782674 0.0127738 0.0193344 0.0274762 0.0369345 0.04706 0.0567918 0.0649214 0.070532 0.0732873 0.073385 0.0713036 0.0675762 0.0626856 0.057036 0.0509464 0.0446544 0.0383333 0.032119 0.0261361 0.0205192 0.0154193 0.0109918 0.00736344 0.00459241
 0.00780945 0.0127431 0.0192838 0.0273991 0.0368266 0.0469231 0.0566355 0.0647615 0.0703853 0.0731653 0.0732915 0.0712373 0.0675353 0.0626714 0.0570531 0.0509999 0.0447468 0.0384621 0.0322756 0.0263072 0.0206885 0.0155716 0.0111164 0.0074559 0.00465452
 0.00779499 0.0127178 0.0192421 0.0273346 0.0367333 0.0467973 0.0564788 0.0645826 0.0701998 0.0729928 0.0731512 0.0711431 0.0674928 0.0626783 0.0571026 0.051085 0.0448618 0.0386025 0.0324354 0.026477 0.0208561 0.0157241 0.0112433 0.007552 0.00472042
 0.00772368 0.0126072 0.019086 0.0271308 0.0364849 0.0465129 0.0561734 0.0642774 0.0699199 0.0727632 0.0729926 0.071069 0.0675079 0.0627783 0.0572749 0.0513114 0.0451226 0.0388796 0.0327137 0.0267435 0.0210991 0.0159334 0.0114117 0.00767716 0.00480553
 0.00929276 0.0147957 0.0217106 0.0297987 0.0387086 0.0478933 0.0565444 0.0637315 0.0687196 0.0712127 0.0713436 0.0694877 0.0660852 0.0615539 0.0562581 0.0504937 0.0444856 0.0383997 0.032366 0.0265041 0.0209452 0.0158435 0.011366 0.0076587 0.00480122
 0.00930258 0.0151004 0.0226769 0.0318779 0.0422373 0.0528261 0.0622856 0.0692336 0.0728562 0.0732247 0.0710919 0.0673894 0.062834 0.0578258 0.0525454 0.0470802 0.0414985 0.0358751 0.0302946 0.024856 0.0196802 0.0149138 0.0107178 0.00723388 0.00454199
 0.00896053 0.0145663 0.0219357 0.0309859 0.0413734 0.0523241 0.062591 0.0707425 0.075673 0.0769855 0.0750135 0.0705667 0.0646176 0.0580476 0.0514816 0.0452326 0.0393615 0.0338025 0.0284799 0.0233726 0.0185315 0.0140688 0.0101294 0.00684893 0.00430744
 0.00878812 0.0142732 0.0214718 0.0303011 0.0404376 0.0511625 0.0613274 0.0696242 0.0750463 0.077197 0.0762532 0.0727266 0.0672658 0.0605706 0.0533321 0.0461371 0.0393712 0.033189 0.027572 0.0224338 0.0177164 0.0134372 0.00968133 0.00655514 0.00412926
 0.00872262 0.014161 0.0212914 0.0300255 0.040037 0.0506106 0.060614 0.0687744 0.0741421 0.0763925 0.0757631 0.0727698 0.067968 0.0618717 0.0549663 0.0477217 0.0405637 0.0338192 0.027673 0.0221747 0.0172979 0.0130142 0.00933673 0.00631224 0.00397669
 0.00867378 0.0140856 0.0211847 0.0298842 0.0398568 0.0503841 0.0603301 0.0684202 0.0737109 0.075897 0.0752525 0.0723403 0.0677519 0.0619937 0.0554784 0.0485527 0.0415268 0.0346848 0.0282675 0.0224429 0.0172975 0.0128594 0.00913671 0.0061363 0.00385131
 0.00869149 0.0141054 0.0211981 0.0298779 0.0398167 0.0503004 0.0602008 0.0682499 0.0735054 0.0756585 0.0749819 0.0720478 0.0674717 0.0617895 0.0554287 0.0487142 0.041895 0.0351797 0.0287624 0.0228218 0.0175035 0.0129063 0.00908242 0.00604464 0.00376603
 0.00866428 0.0140687 0.0211561 0.0298379 0.0397849 0.0502772 0.0601776 0.0682118 0.0734379 0.075554 0.0748425 0.0718831 0.0672967 0.0616266 0.0553105 0.0486808 0.041978 0.0353808 0.029042 0.0231111 0.0177354 0.0130448 0.00913143 0.00603448 0.00373153
 0.00865685 0.0140544 0.0211309 0.029798 0.039729 0.0502091 0.0601071 0.0681513 0.0733959 0.0755296 0.0748247 0.0718566 0.0672504 0.06156 0.0552363 0.0486224 0.0419628 0.0354293 0.0291555 0.0232669 0.0178952 0.0131724 0.00920879 0.00606487 0.00373153
 0.00864732 0.0140392 0.0211086 0.0297669 0.0396876 0.0501562 0.0600428 0.0680786 0.0733216 0.0754634 0.0747756 0.071829 0.0672411 0.0615603 0.055238 0.0486239 0.0419717 0.0354586 0.0292153 0.0233562 0.018 0.0132716 0.00928457 0.0061105 0.00375131
 0.00864348 0.0140322 0.0210968 0.0297483 0.0396605 0.0501197 0.0599976 0.068027 0.0732669 0.0754095 0.074727 0.0717902 0.0672161 0.0615507 0.055242 0.048638 0.0419934 0.0354888 0.0292575 0.0234127 0.0180673 0.0133406 0.0093442 0.00615332 0.00377625
 0.00864061 0.0140288 0.0210937 0.029747 0.0396619 0.0501235 0.0600016 0.0680273 0.0732595 0.0753921 0.0746995 0.0717555 0.0671787 0.0615158 0.0552143 0.0486201 0.0419864 0.035493 0.029273 0.0234393 0.0181031 0.013381 0.00938279 0.00618443 0.00379721
 0.00864065 0.0140288 0.0210938 0.0297474 0.039663 0.0501261 0.0600065 0.0680349 0.0732687 0.0754003 0.074703 0.0717508 0.0671641 0.0614927 0.0551863 0.0485922 0.0419634 0.0354783 0.0292686 0.0234454 0.0181185 0.0134024 0.00940598 0.00620515 0.00381277
 0.00863953 0.0140281 0.0210947 0.0297515 0.039672 0.0501407 0.0600258 0.0680567 0.0732902 0.0754185 0.0747157 0.0717561 0.0671606 0.0614797 0.0551645 0.0485642 0.0419332 0.0354506 0.0292475 0.0234333 0.0181157 0.0134074 0.00941564 0.00621608 0.00382228
 0.00862426 0.014006 0.0210665 0.02972 0.0396413 0.0501152 0.0600094 0.0680519 0.0732978 0.0754373 0.0747423 0.0717862 0.0671897 0.0615039 0.0551812 0.0485725 0.041934 0.0354465 0.0292418 0.0234292 0.0181154 0.0134112 0.00942255 0.0062241 0.00382956
 0.00862426 0.014006 0.0210665 0.02972 0.0396413 0.0501152 0.0600094 0.0680519 0.0732978 0.0754373 0.0747423 0.0717862 0.0671897 0.0615039 0.0551812 0.0485725 0.041934 0.0354465 0.0292418 0.0234292 0.0181154 0.0134112 0.00942255 0.0062241 0.00382956
 0.00880257 0.0142827 0.0214574 0.0302282 0.0402539 0.0507997 0.0607117 0.0686998 0.073814 0.0757583 0.0748343 0.0716504 0.0668578 0.0610269 0.0546172 0.0479767 0.0413519 0.0349113 0.0287749 0.0230419 0.0178104 0.0131844 0.00926434 0.00612136 0.00376789
 0.0087634 0.0142437 0.0214441 0.030279 0.0404088 0.051084 0.0611207 0.0691957 0.0743353 0.0762364 0.0752089 0.0718791 0.0669207 0.0609275 0.0543797 0.0476396 0.0409601 0.0345077 0.0283945 0.022709 0.0175382 0.0129764 0.00911611 0.00602343 0.00370825
 0.00865679 0.0140653 0.0211689 0.0298879 0.0399023 0.0504974 0.0605327 0.0687161 0.0740711 0.0762512 0.0754983 0.0723761 0.0675236 0.0615333 0.0549093 0.0480486 0.0412377 0.0346682 0.0284663 0.0227235 0.0175228 0.0129506 0.00909135 0.00600463 0.00369612
 0.00852878 0.0138516 0.0208372 0.0294064 0.0392481 0.0496715 0.0595756 0.0677146 0.0731501 0.075549 0.0751328 0.0724112 0.0679495 0.0622691 0.0558277 0.0490131 0.0421363 0.0354313 0.0290674 0.0231687 0.017836 0.0131614 0.00922765 0.00608902 0.00374583
 0.00881629 0.0142917 0.0214462 0.0301735 0.0401304 0.05059 0.0604163 0.0683441 0.0734485 0.0754517 0.0746595 0.0716642 0.0670802 0.0614286 0.0551233 0.0484875 0.0417741 0.0351848 0.0288859 0.0230174 0.0177007 0.0130423 0.00912987 0.0060161 0.00369685
 0.00890481 0.0144653 0.0217605 0.0306931 0.0409063 0.0516265 0.0616436 0.0696164 0.0745758 0.0762513 0.075005 0.0715154 0.0664881 0.0605175 0.0540552 0.0474181 0.0408165 0.0343941 0.0282661 0.0225438 0.017342 0.0127732 0.00893334 0.00587958 0.00360851
 0.00868441 0.0141226 0.0212778 0.0300754 0.0401925 0.0508991 0.0610275 0.0692543 0.0745793 0.076649 0.0757193 0.0723864 0.0673323 0.0611911 0.0544918 0.0476312 0.0408716 0.03437 0.0282237 0.0225134 0.0173282 0.0127689 0.00893093 0.00587574 0.00360354
 0.0085916 0.013949 0.0209759 0.0295911 0.0394833 0.0499622 0.059925 0.0681188 0.0735905 0.0759871 0.0755123 0.0726697 0.0680364 0.0621633 0.055547 0.0486095 0.041678 0.0349806 0.0286644 0.0228281 0.0175554 0.0129331 0.00904618 0.00595166 0.00364942
 0.00870247 0.0141155 0.0211982 0.0298534 0.0397493 0.0501738 0.0600078 0.0680012 0.073234 0.0754168 0.0748261 0.072014 0.0675557 0.0619476 0.0556025 0.0488664 0.0420284 0.035325 0.028942 0.0230222 0.0176783 0.0130071 0.00909013 0.00597768 0.00366433
 0.00883868 0.0143453 0.0215576 0.0303757 0.0404508 0.0510334 0.0609507 0.0688996 0.0739329 0.0757779 0.0747716 0.0715541 0.0667888 0.0610304 0.0547004 0.0481034 0.0414581 0.0349347 0.0286821 0.0228398 0.0175385 0.012895 0.00900279 0.00591464 0.003623
 0.00885057 0.0143775 0.0216309 0.0305196 0.040699 0.0514142 0.0614746 0.0695473 0.0746483 0.076469 0.075325 0.071862 0.0667834 0.0607109 0.0541372 0.0474144 0.0407677 0.0343347 0.0282133 0.0224989 0.017299 0.0127279 0.00888656 0.00583579 0.00357237
 0.00885149 0.0143768 0.0216267 0.0305116 0.0406924 0.0514245 0.0615288 0.0696795 0.0748872 0.0768217 0.0757639 0.0723232 0.0671788 0.0609545 0.0541746 0.0472436 0.0404389 0.0339292 0.0278119 0.0221565 0.0170373 0.0125432 0.00876315 0.00575674 0.00352394
 0.00902049 0.0146423 0.0220077 0.0310157 0.0413106 0.0521247 0.0622541 0.0703548 0.0754388 0.0771999 0.075955 0.0723433 0.0670548 0.0607054 0.0538064 0.0467586 0.0398524 0.0332793 0.0271555 0.0215535 0.0165322 0.0121554 0.00848859 0.00557661 0.00341422
 0.00898294 0.0146 0.0219787 0.0310292 0.0413993 0.0523135 0.0625485 0.0707361 0.0758677 0.0776255 0.076328 0.0726262 0.0672281 0.0607663 0.053761 0.0466145 0.0396175 0.0329672 0.0267918 0.0211751 0.0161793 0.0118591 0.00826413 0.00542241 0.00331784
 0.0087632 0.0142449 0.0214516 0.0303062 0.0404849 0.051259 0.0614635 0.0697763 0.0751952 0.0773572 0.0764983 0.0731841 0.0680627 0.0617438 0.0547573 0.0475333 0.0403958 0.0335735 0.0272222 0.0214486 0.0163301 0.0119272 0.00828553 0.00542303 0.00331244
 0.00868548 0.0140931 0.0211768 0.0298485 0.0397903 0.0503062 0.0602888 0.0684846 0.0739451 0.0763281 0.0758486 0.0730128 0.068386 0.0624933 0.0558017 0.0487151 0.0415684 0.0346263 0.0280904 0.0221106 0.0167977 0.0122336 0.0084718 0.00552846 0.00336821
#pred catch len freq
 0.00513032 0.00810596 0.0117973 0.0160954 0.0209182 0.0261875 0.0317512 0.0373493 0.0426679 0.0474208 0.0513996 0.054489 0.0566678 0.0579961 0.0585795 0.0585284 0.0579308 0.0568363 0.0552287 0.0529803 0.0498266 0.0454323 0.0395871 0.0324479 0.0246459
 0.00546694 0.00857273 0.0123565 0.0166767 0.0214577 0.0266793 0.0322732 0.0380345 0.0436256 0.0486546 0.0527744 0.0557705 0.0576123 0.0584406 0.058491 0.0579964 0.0571143 0.0558898 0.054242 0.0519591 0.0487248 0.0442158 0.0382871 0.0311676 0.0235165
 0.00597214 0.0093416 0.0134117 0.0179937 0.0229607 0.0282467 0.0337559 0.0392949 0.0445909 0.0493522 0.0533112 0.0562544 0.058066 0.0587726 0.0585452 0.0576433 0.0563191 0.0547187 0.0528137 0.0503851 0.0470799 0.0425521 0.0366681 0.029684 0.0222663
 0.00640947 0.0100334 0.0144173 0.0193554 0.0246953 0.0303307 0.0361041 0.041747 0.0469239 0.0513275 0.0547425 0.0570643 0.0582962 0.0585342 0.0579405 0.0567136 0.0550516 0.0530979 0.0508689 0.0482014 0.0447781 0.0402655 0.034529 0.0278142 0.0207578
 0.0068248 0.0106827 0.015349 0.0206041 0.0262851 0.0322749 0.0383945 0.0443312 0.0496834 0.0540682 0.0572108 0.058995 0.05948 0.0588752 0.0574701 0.0555496 0.0533343 0.050944 0.0483702 0.0454533 0.0419073 0.0374341 0.0319142 0.0255729 0.0189912
 0.00726422 0.0113659 0.0163204 0.0218886 0.0278905 0.0341943 0.0406032 0.0467795 0.0522903 0.0567176 0.0597483 0.0612283 0.0611944 0.0598703 0.0576084 0.0547941 0.051751 0.0486719 0.0455803 0.0423258 0.0386319 0.0342157 0.0289616 0.0230654 0.0170382
