SBPRF35
12.7214
Curr Bio
797016
B35
873492
F35
0.171145
FOFL
0.155716
OFL
102535
Bzero
3.63469e+006
#pred survey bio
 3.48557e+006 3.37154e+006 3.25873e+006 3.10369e+006 2.9169e+006 2.71139e+006 2.47691e+006 2.25785e+006 2.022e+006 1.7839e+006 1.59927e+006 1.4249e+006 1.25359e+006 1.08567e+006 971893 852887 756307 689423 648456 617642 605799 588460 580509 571734 566675 569015 552269 551055 562257 558704 561123 559222 559994 570953 587703 600302 616208 622258 623100 636087 635736 644598 639264 645277 653195 666849 658137 671383 677648 674023 672305 701728 731984 737991 779865 798831 802718 2.81524e+007 1.69441e+007 1.73318e+007 1.82904e+007 1.96094e+007 2.10545e+007 2.24537e+007 2.37066e+007 2.47705e+007 2.56412e+007 2.63358e+007 2.68798e+007 2.73008e+007 2.76239e+007 2.78709e+007 2.80594e+007 2.82031e+007 2.8313e+007 2.83972e+007 2.8462e+007 2.85121e+007 2.8551e+007 2.85813e+007 2.86051e+007 2.86238e+007 2.86386e+007 2.86503e+007 2.86596e+007 2.8667e+007 2.86729e+007 2.86777e+007 2.86816e+007 2.86847e+007 2.86872e+007 2.86892e+007 2.86909e+007 2.86922e+007 2.86933e+007 2.86942e+007 2.8695e+007 2.86956e+007 2.8696e+007 2.86964e+007 2.86968e+007 2.8697e+007 2.86972e+007 2.86974e+007 2.86976e+007 2.86977e+007 2.86978e+007 2.86979e+007 2.86979e+007 2.8698e+007 2.8698e+007 2.8698e+007 2.86981e+007 2.86981e+007 2.86981e+007 2.86981e+007 2.86982e+007 2.86982e+007 2.86982e+007 2.86982e+007 2.86982e+007 2.86982e+007 2.86982e+007 2.86982e+007 2.86982e+007 2.86982e+007 2.86982e+007 2.86982e+007 2.86982e+007 2.86982e+007 2.86982e+007 2.86982e+007 2.86982e+007 2.86982e+007 2.86982e+007 2.86982e+007 2.86982e+007 2.86982e+007 2.86982e+007 2.86982e+007 2.86982e+007 2.86982e+007 2.86982e+007 2.86982e+007 2.86982e+007 2.86982e+007 2.86982e+007 2.86982e+007 2.86982e+007 2.86982e+007 2.86982e+007 2.86982e+007 2.86982e+007 2.86982e+007 2.86982e+007 2.86982e+007 2.86982e+007 0 0 0 0 0 0 0 0 0 0 0 0 0 0 0 0 0 0 0 0 0 0 0 0 0
#obs survey bio
 2.7063e+006 3.82232e+006 3.89526e+006 4.11062e+006 3.16998e+006 2.45616e+006 2.7742e+006 1.92432e+006 2.3192e+006 1.64219e+006 1.74816e+006 1.31115e+006 1.32806e+006 801126 722950 777885 709528 800151 586878 523646 746318 689133 486072 679422 517066 637511 551298 438822 598893 663102 532784 713492 535850 459278 521743 653492 576214 599030 539394 531938 581345 637188 548290 578010 425985 673618 749911 587905 895678 646529 640904 633622 515136 934463 970150 613315 718274
#pred catch bio
 106243 109867 157014 196941 227559 269123 270972 301828 317446 280508 279906 282373 281592 234983 237986 213743 183147 157197 145709 127559 129809 119184 117868 113000 105664 120097 105312 94809 106590 100111 102762 99623.2 91038.5 87303.4 92066.4 89975.5 98470.3 102700 93171.5 105811 99567.4 113279 104773 104762 101495 120541 101339 107429 114625 111358 85033.9 85752.7 106484 76218 96930.9 109573 110980 102535 111972 113320 118513 126607 135643 144339 152014 158401 163498 167440 170417 172625 174239 175405 176241 176835 177256 177552 177759 177904 178005 178076 178125 178159 178182 178199 178210 178218 178223 178227 178229 178231 178232 178233 178234 178234 178234 178234 178235 178235 178235 178235 178235 178235 178235 178235 178235 178235 178235 178235 178235 178235 178235 178235 178235 178235 178235 178235 178235 178235 178235 178235 178235 178235 178235 178235 178235 178235 178235 178235 178235 178235 178235 178235 178235 178235 178235 178235 178235 178235 178235 178235 178235 178235 178235 178235 178235 178235 178235 178235 178235 178235 178235 178235 178235 178235 178235 178235 178235 0 0 0 0 0 0 0 0 0 0 0 0 0 0 0 0 0 0 0 0 0 0 0 0 0
#obs catch bio
 0 109657 157272 197106 227816 269963 270435 302428 319642 281710 281164 283163 282457 238560 242842 217158 184944 158223 146984 128764 130938 119402 118150 113025 105591 119777 105429 94896.1 106666 99499.7 102357 99160.8 90813.7 86962.4 92005.8 89737.6 97946.8 101877 92651.9 105415 99070.2 113700 105190 105221 101911 121495 101422 107651 114897 111084 84704.2 85358.2 107118 75847.6 96926.6 109619 110987
#pred cpue bio
 3.44598e+006 3.33327e+006 3.22048e+006 3.06532e+006 2.87884e+006 2.67358e+006 2.43957e+006 2.22078e+006 1.98546e+006 1.74831e+006 1.56444e+006 1.39105e+006 1.22093e+006 1.05424e+006 941328 824032 729238 663750 623716 593628 582270 565751 558307 549899 545116 547625 531357 530227 541403 538271 540880 539130 539973 550784 567192 579581 595392 601499 602212 614762 614170 622486 616973 622747 630438 643831 635477 648668 655012 651780 650268 679342 709374 715480 756823 775649 779426 2.73347e+007 1.64499e+007 1.67055e+007 1.75451e+007 1.88323e+007 2.02716e+007 2.167e+007 2.29227e+007 2.39866e+007 2.48574e+007 2.55519e+007 2.60959e+007 2.65169e+007 2.68401e+007 2.70871e+007 2.72755e+007 2.74193e+007 2.75291e+007 2.76134e+007 2.76782e+007 2.77283e+007 2.77671e+007 2.77975e+007 2.78212e+007 2.78399e+007 2.78547e+007 2.78664e+007 2.78757e+007 2.78831e+007 2.78891e+007 2.78939e+007 2.78977e+007 2.79008e+007 2.79033e+007 2.79054e+007 2.7907e+007 2.79084e+007 2.79095e+007 2.79104e+007 2.79111e+007 2.79117e+007 2.79122e+007 2.79126e+007 2.79129e+007 2.79132e+007 2.79134e+007 2.79136e+007 2.79137e+007 2.79138e+007 2.79139e+007 2.7914e+007 2.79141e+007 2.79141e+007 2.79142e+007 2.79142e+007 2.79142e+007 2.79142e+007 2.79143e+007 2.79143e+007 2.79143e+007 2.79143e+007 2.79143e+007 2.79143e+007 2.79143e+007 2.79143e+007 2.79143e+007 2.79143e+007 2.79143e+007 2.79143e+007 2.79143e+007 2.79143e+007 2.79143e+007 2.79143e+007 2.79143e+007 2.79143e+007 2.79143e+007 2.79143e+007 2.79143e+007 2.79143e+007 2.79143e+007 2.79143e+007 2.79143e+007 2.79143e+007 2.79143e+007 2.79143e+007 2.79143e+007 2.79143e+007 2.79143e+007 2.79143e+007 2.79143e+007 2.79143e+007 2.79143e+007 2.79143e+007 2.79143e+007 2.79143e+007 2.79143e+007 2.79143e+007 2.79143e+007 2.79143e+007 2.79143e+007 0 0 0 0 0 0 0 0 0 0 0 0 0 0 0 0 0 0 0 0 0 0 0 0 0
#obs cpue bio
 2.55253e+006 2.99487e+006 2.77109e+006 2.64911e+006 2.17879e+006 2.79196e+006 3.26039e+006 1.90074e+006 1.19711e+006 1.80894e+006 1.45546e+006 1.6739e+006 1.18793e+006 509546 955823 863278 832416 559796 563449 503254 499361 617120 650920 522476 564035 704788 375475 583467 645402 679254 560684 483781 485730 792581 556884 582458 923650 895294 522091 833157 639662 398529 556991 671994 778267 651808 621357 746892 509742 1.10374e+006 616910 894184 610641 722215 627367 955234 839681
#pred surv len freq
 0.00426999 0.00701912 0.0107264 0.0154282 0.0210427 0.0272802 0.0336234 0.0394658 0.0443417 0.0480752 0.0507509 0.0525801 0.053782 0.0545308 0.0549458 0.0551023 0.055049 0.0548117 0.0543512 0.0534756 0.0517689 0.0486531 0.0436488 0.0367335 0.0285435
 0.00456582 0.00741611 0.0111717 0.0158282 0.0212988 0.0273391 0.0335093 0.0392679 0.0441603 0.0479623 0.050686 0.0524952 0.0536167 0.0542794 0.0546707 0.0549078 0.05503 0.0550012 0.0546923 0.0538344 0.0519886 0.0486245 0.0433595 0.0362664 0.0280279
 0.00464708 0.00760335 0.0115485 0.0164882 0.0223005 0.0286486 0.0349695 0.040631 0.0451831 0.0485074 0.0507616 0.0522124 0.0531065 0.0536357 0.0539486 0.0541554 0.0543103 0.0543773 0.0541906 0.0534182 0.0515716 0.0481209 0.0427383 0.035572 0.0273534
 0.00479511 0.00782694 0.0118584 0.0168969 0.0228354 0.0293615 0.0359249 0.0418646 0.0466469 0.0500406 0.0521231 0.053168 0.0535199 0.0535048 0.053375 0.0532829 0.0532767 0.0532938 0.0531324 0.0524172 0.0506176 0.0471853 0.0418099 0.0346808 0.0265612
 0.00498572 0.008138 0.0123273 0.0175552 0.0236999 0.0304234 0.0371457 0.0431864 0.0480133 0.0514063 0.0534382 0.0543463 0.0544269 0.0539902 0.0533342 0.052704 0.0522426 0.0519436 0.0516118 0.0508429 0.0490665 0.0457047 0.0404399 0.0334688 0.0255582
 0.00517815 0.00845477 0.0128116 0.0182504 0.0246413 0.0316248 0.0385839 0.0447947 0.0496899 0.0530376 0.054923 0.0556076 0.0554039 0.0546186 0.0535369 0.0524082 0.051416 0.0506234 0.0499044 0.0488956 0.0470325 0.0437212 0.0386216 0.031907 0.0243131
 0.00545813 0.00890045 0.0134652 0.0191461 0.0258012 0.0330509 0.0402487 0.046634 0.0516068 0.0549151 0.0566405 0.057056 0.056496 0.0552916 0.0537449 0.0521127 0.0505865 0.0492556 0.0480452 0.0466567 0.0445819 0.0412555 0.0363318 0.0299463 0.0227723
 0.00569972 0.00930116 0.0140824 0.0200371 0.0270095 0.0345876 0.0420737 0.0486539 0.0536925 0.0569307 0.0584662 0.0585953 0.0576724 0.0560433 0.0540214 0.0518736 0.049802 0.047914 0.0461707 0.0443318 0.0419595 0.0385472 0.0337701 0.0277325 0.0210317
 0.00592453 0.00967964 0.0146766 0.0209143 0.0282296 0.036182 0.0440225 0.0508745 0.056048 0.0592541 0.0605896 0.0603751 0.059003 0.0568593 0.0542891 0.0515762 0.04893 0.0464665 0.0441706 0.041851 0.0391409 0.0356052 0.0309577 0.0252827 0.0190974
 0.00621947 0.0101527 0.0153775 0.0218877 0.0295103 0.0377857 0.0459326 0.0530319 0.0583509 0.0615679 0.0627626 0.0622555 0.0604572 0.0577864 0.0546274 0.0512993 0.0480357 0.0449689 0.042105 0.0392935 0.0362316 0.0325561 0.0280268 0.0227156 0.0170619
 0.00643016 0.0105012 0.0159129 0.0226593 0.030558 0.0391246 0.0475396 0.054843 0.0602736 0.0635009 0.0646088 0.0639225 0.0618517 0.0588131 0.0551955 0.0513344 0.0474891 0.0438233 0.0403805 0.0370595 0.0336218 0.0297727 0.0253171 0.0203191 0.0151475
 0.00667244 0.0108934 0.0165004 0.023484 0.0316512 0.0404957 0.0491627 0.0566501 0.0621619 0.0653518 0.0663085 0.0653775 0.0629933 0.0595917 0.05557 0.051263 0.0469296 0.0427435 0.0387765 0.0349777 0.0311771 0.0271514 0.0227531 0.0180419 0.0133217
 0.00700134 0.0114199 0.0172771 0.0245527 0.0330345 0.042183 0.0510963 0.0587228 0.0642322 0.0672722 0.0679517 0.0666515 0.0638445 0.0599998 0.055537 0.0507989 0.0460401 0.0414276 0.0370392 0.0328545 0.0287605 0.0246015 0.0202789 0.015853 0.0115695
 0.00731455 0.0119435 0.0180904 0.0257348 0.034643 0.0442223 0.0534894 0.0613064 0.0667867 0.0695717 0.069811 0.067951 0.0645338 0.060087 0.0550701 0.049845 0.0446653 0.0396858 0.0349748 0.0305206 0.026244 0.0220396 0.017849 0.0137332 0.00988715
 0.00736189 0.0120473 0.0182982 0.0261127 0.0352665 0.0451577 0.0547709 0.0629176 0.0686507 0.071555 0.0717398 0.0696402 0.0658223 0.0608663 0.0552961 0.0495303 0.0438604 0.0384582 0.0333965 0.0286699 0.0242178 0.0199644 0.0158754 0.0120083 0.00851569
 0.00749062 0.0122616 0.0186311 0.0266008 0.0359457 0.0460554 0.0558955 0.06425 0.0701412 0.0731247 0.0732847 0.0710394 0.0669507 0.0616133 0.0555842 0.0493272 0.0431801 0.0373523 0.0319417 0.0269596 0.0223615 0.0180883 0.0141152 0.0104877 0.00731736
 0.00767401 0.0125449 0.0190304 0.0271224 0.0365878 0.0468104 0.0567496 0.0651825 0.0711245 0.0741254 0.074264 0.0719502 0.0677356 0.0622042 0.0559099 0.049326 0.0428145 0.0366196 0.0308778 0.0256358 0.0208783 0.0165659 0.0126788 0.00924638 0.00634098
 0.00783166 0.0127882 0.0193717 0.0275636 0.0371192 0.0474108 0.0573877 0.0658213 0.0717306 0.0746792 0.0747633 0.0724031 0.0681457 0.0625576 0.0561694 0.0494366 0.0427172 0.0362695 0.0302605 0.0247774 0.0198455 0.0154563 0.0116023 0.00830088 0.0055907
 0.00793167 0.0129392 0.0195775 0.0278198 0.0374149 0.0477311 0.0577163 0.0661417 0.0720294 0.0749498 0.0750081 0.0726324 0.068372 0.0627863 0.0563899 0.0496177 0.0428101 0.0362196 0.0300255 0.0243447 0.0192419 0.0147461 0.0108716 0.00763416 0.00504854
 0.00795433 0.0129847 0.0196613 0.02796 0.0376253 0.0480125 0.0580499 0.0664915 0.0723532 0.0752144 0.0751998 0.0727578 0.0684509 0.0628417 0.0564381 0.0496603 0.0428301 0.0361844 0.0298968 0.0240948 0.0188693 0.0142815 0.0103711 0.00716148 0.00465449
 0.0078151 0.0127707 0.0193636 0.0275821 0.0371867 0.0475507 0.0576193 0.0661561 0.0721704 0.0752165 0.0753842 0.0730918 0.0688866 0.0633315 0.0569428 0.0501489 0.043275 0.0365562 0.0301648 0.0242339 0.0188704 0.0141599 0.0101659 0.00692424 0.0044327
 0.00786966 0.0128327 0.0194081 0.0275707 0.0370794 0.0473245 0.0572837 0.0657559 0.0717737 0.0748945 0.0751917 0.0730555 0.0690028 0.0635721 0.0572665 0.0505119 0.0436377 0.0368846 0.0304295 0.0244112 0.0189473 0.0141401 0.0100716 0.00679001 0.00429446
 0.00789553 0.01287 0.0194537 0.0276147 0.0371025 0.0472976 0.0571724 0.0655321 0.0714327 0.0744686 0.0747493 0.0726825 0.0687738 0.0635268 0.0574011 0.0507876 0.0439973 0.0372683 0.0307855 0.0247009 0.019148 0.0142468 0.0100967 0.00675894 0.00423676
 0.00790231 0.0128848 0.0194825 0.0276645 0.0371777 0.0473951 0.0572771 0.0656156 0.0714585 0.0744035 0.074578 0.0724194 0.068465 0.063238 0.0571959 0.0507055 0.0440422 0.0374123 0.0309823 0.0249017 0.0193142 0.0143572 0.0101484 0.00676398 0.00421429
 0.00788922 0.0128607 0.0194419 0.0276016 0.0370905 0.0472885 0.057165 0.0655174 0.0713909 0.0743706 0.0745677 0.0724088 0.0684335 0.063181 0.0571302 0.0506629 0.0440537 0.0374926 0.0311225 0.0250736 0.0194829 0.0144943 0.0102399 0.00681113 0.00422868
 0.00783602 0.0127728 0.0193069 0.0274082 0.0368313 0.0469656 0.0567952 0.0651343 0.0710401 0.0740996 0.0744127 0.0723845 0.0685289 0.0633648 0.0573647 0.0509183 0.0443157 0.0377591 0.0313931 0.0253406 0.0197299 0.0147021 0.0103959 0.00691346 0.00428609
 0.00794308 0.0129421 0.0195517 0.0277342 0.0372317 0.0474154 0.0572476 0.0655256 0.0713047 0.0741908 0.0743186 0.07213 0.0681651 0.0629509 0.0569518 0.0505413 0.0439943 0.0375027 0.0312052 0.0252187 0.019664 0.014676 0.0103913 0.00691591 0.00428767
 0.00789878 0.0128745 0.0194588 0.0276189 0.0371028 0.0472879 0.0571418 0.0654619 0.0712963 0.0742363 0.0744005 0.0722215 0.0682414 0.0629993 0.0569741 0.0505492 0.0440019 0.0375211 0.0312397 0.0252692 0.019726 0.0147416 0.0104516 0.00696398 0.00432068
 0.00769867 0.0125665 0.0190284 0.0270663 0.036445 0.0465608 0.0564013 0.0647818 0.0707576 0.0739085 0.0743234 0.0723945 0.0686255 0.0635291 0.0575766 0.0511612 0.0445799 0.0380418 0.0316944 0.0256565 0.0200469 0.0149977 0.0106457 0.00710159 0.00441049
 0.00773091 0.0125969 0.019034 0.027013 0.0362979 0.0462993 0.0560317 0.0643396 0.0702973 0.0734888 0.0739948 0.072193 0.0685695 0.0636175 0.0577884 0.0514602 0.0449233 0.0383908 0.0320209 0.0259445 0.0202894 0.0151929 0.010795 0.00720868 0.00448156
 0.00772606 0.0125885 0.019019 0.026985 0.036244 0.0461987 0.055859 0.0640734 0.0699346 0.0730558 0.073547 0.0718011 0.0682977 0.0635061 0.057846 0.0516661 0.0452371 0.0387633 0.0324053 0.026304 0.0206003 0.0154442 0.0109852 0.00734307 0.00456957
 0.00773403 0.0126031 0.0190439 0.0270238 0.0362986 0.0462662 0.0559277 0.064122 0.069934 0.0729772 0.0733738 0.0715402 0.0679843 0.0631961 0.057599 0.051526 0.0452203 0.0388573 0.0325777 0.0265147 0.0208131 0.0156332 0.0111366 0.00745373 0.00464349
 0.00776586 0.0126434 0.0190838 0.0270489 0.0362943 0.0462247 0.0558536 0.0640304 0.0698429 0.0728971 0.0733016 0.0714622 0.0678859 0.0630738 0.0574673 0.0514145 0.0451612 0.0388718 0.0326665 0.0266595 0.0209845 0.0158018 0.0112812 0.00756409 0.00471916
 0.00779036 0.0126688 0.0190951 0.0270228 0.0362045 0.0460515 0.0555939 0.0637023 0.0694844 0.0725579 0.0730307 0.0712938 0.0678298 0.0631155 0.0575778 0.0515659 0.0453372 0.0390684 0.032884 0.0268931 0.0212207 0.0160215 0.011467 0.00770608 0.00481707
 0.00769494 0.0125314 0.0189203 0.0268238 0.0359965 0.0458427 0.0553798 0.0634706 0.0692261 0.0722802 0.0727619 0.0710765 0.0677065 0.0631122 0.0576958 0.0517833 0.0456205 0.0393848 0.0332086 0.0272091 0.0215147 0.016281 0.0116809 0.00786849 0.00492944
 0.00757203 0.0123448 0.018665 0.0265062 0.0356355 0.045468 0.0550287 0.0631798 0.0690208 0.0721642 0.0727182 0.0710806 0.0677423 0.0631813 0.0578123 0.0519611 0.0458614 0.0396753 0.033526 0.0275283 0.021814 0.0165437 0.0118961 0.00803163 0.00504276
 0.00749538 0.0122094 0.0184423 0.0261664 0.0351578 0.0448567 0.0543252 0.062462 0.0683844 0.0716949 0.072467 0.0710537 0.0679082 0.0634886 0.0582101 0.0524113 0.0463404 0.0401672 0.0340145 0.0279937 0.0222352 0.0169028 0.0121824 0.00824345 0.00518701
 0.00758412 0.0123347 0.0185944 0.0263207 0.0352772 0.0448982 0.0542493 0.0622437 0.0680249 0.0712291 0.0719604 0.0705859 0.0675485 0.0632767 0.0581502 0.0524814 0.0465074 0.0403992 0.0342846 0.0282788 0.022514 0.0171556 0.012394 0.00840605 0.00530101
 0.00767098 0.0124791 0.0188161 0.0266355 0.0356883 0.045384 0.0547556 0.0626877 0.0683154 0.0712953 0.0717769 0.0701817 0.0669976 0.0626751 0.0575887 0.0520242 0.0461834 0.0402069 0.0342037 0.0282816 0.0225715 0.0172414 0.0124861 0.00848833 0.00536493
 0.00767632 0.0124831 0.0188147 0.0266248 0.0356688 0.0453657 0.0547579 0.0627322 0.0684112 0.0714272 0.071904 0.0702521 0.0669724 0.0625468 0.0573858 0.0517986 0.0459894 0.0400824 0.0341624 0.0283145 0.0226563 0.0173516 0.0125979 0.00858524 0.00543869
 0.00781565 0.0126977 0.0191144 0.0270087 0.0361231 0.045863 0.0552578 0.0631865 0.0687748 0.0716682 0.0720081 0.0702175 0.0668018 0.062246 0.0569704 0.0513013 0.0454603 0.0395786 0.0337324 0.0279862 0.0224339 0.0172203 0.0125335 0.00856258 0.00543723
 0.0077589 0.0126309 0.0190608 0.0270045 0.0362072 0.0460597 0.0555635 0.0635673 0.0691773 0.072037 0.0723003 0.0704082 0.0668821 0.062217 0.0568385 0.0510784 0.0451678 0.0392494 0.0334066 0.0277014 0.0222146 0.0170729 0.0124488 0.00852287 0.00542417
 0.00777844 0.0126646 0.019116 0.0270926 0.0363442 0.0462659 0.0558582 0.0639593 0.0696528 0.0725525 0.0727873 0.0707915 0.0671026 0.0622481 0.0566873 0.0507765 0.044759 0.0387816 0.0329274 0.0272547 0.0218346 0.0167789 0.0122428 0.00839274 0.00535042
 0.00776637 0.012638 0.019064 0.0270024 0.0362074 0.0460865 0.05566 0.0637857 0.0695575 0.0725829 0.0729657 0.0711031 0.0674961 0.0626495 0.0570232 0.0509952 0.0448414 0.0387393 0.0327935 0.0270714 0.0216427 0.0166096 0.0121131 0.00830582 0.0052994
 0.00772418 0.0125768 0.018985 0.02691 0.0361059 0.0459767 0.0555384 0.0636492 0.0694121 0.0724502 0.0728821 0.0711081 0.0676143 0.0628758 0.0573198 0.0513034 0.0451019 0.0389119 0.0328664 0.0270593 0.0215762 0.0165219 0.0120304 0.00824213 0.0052579
 0.00752954 0.0122885 0.0186039 0.0264566 0.0356158 0.0454925 0.0551015 0.0632946 0.0691647 0.0723222 0.0728746 0.0712164 0.0678334 0.0631998 0.0577347 0.0517792 0.0455925 0.0393651 0.0332395 0.0273311 0.0217496 0.0166174 0.0120747 0.00825902 0.00526307
 0.0075842 0.0123565 0.0186685 0.0264918 0.0355968 0.0454091 0.0549679 0.0631453 0.0690377 0.0722409 0.0728387 0.0712086 0.0678348 0.0632038 0.0577492 0.0518186 0.0456644 0.0394619 0.0333407 0.0274132 0.0217977 0.0166305 0.0120629 0.00823616 0.00524037
 0.0074956 0.0122172 0.0184672 0.0262194 0.0352467 0.0449788 0.0544644 0.0625932 0.068485 0.0717557 0.0724947 0.0710619 0.0679044 0.0634669 0.0581545 0.0523068 0.0461843 0.0399746 0.0338161 0.027827 0.0221326 0.0168799 0.0122325 0.00834118 0.00529963
 0.00734701 0.0120001 0.0181854 0.025892 0.0349008 0.0446398 0.0541475 0.0623017 0.068215 0.0715052 0.072272 0.0708908 0.0678204 0.0635038 0.058329 0.0526093 0.0465814 0.0404209 0.0342659 0.0282424 0.0224866 0.0171581 0.0124331 0.00847317 0.0053786
 0.00740429 0.0120622 0.0182232 0.0258627 0.0347645 0.0443813 0.0537914 0.0619073 0.0678508 0.071219 0.0720756 0.0707678 0.0677481 0.0634737 0.058351 0.0527019 0.046756 0.0406704 0.034565 0.0285556 0.0227793 0.0174047 0.0126213 0.00860321 0.00545979
 0.00743346 0.0121143 0.018308 0.025986 0.0349194 0.0445393 0.0539017 0.0619111 0.0677089 0.0709358 0.0717024 0.0703799 0.067412 0.063226 0.0581998 0.0526414 0.0467784 0.0407684 0.034726 0.028758 0.0229947 0.017605 0.0127863 0.00872446 0.00553946
 0.00728851 0.0118758 0.0179456 0.0254751 0.0342518 0.0437374 0.0530263 0.0610535 0.0669657 0.0703797 0.0713685 0.0702713 0.067516 0.0635235 0.0586646 0.0532365 0.0474583 0.0414858 0.0354382 0.0294285 0.0235926 0.0181065 0.0131782 0.00900683 0.00572557
 0.00716326 0.0116743 0.0176458 0.0250569 0.0337002 0.0430482 0.0522152 0.0601638 0.0660695 0.0695685 0.0707345 0.0698861 0.0674148 0.0637022 0.0590886 0.0538538 0.0482099 0.0423109 0.0362783 0.0302305 0.0243123 0.0187124 0.0136535 0.0093517 0.0059551
 0.00721117 0.0117443 0.0177356 0.0251572 0.0337936 0.0431098 0.0522138 0.0600654 0.0658452 0.0692067 0.0702519 0.0693322 0.0668645 0.0632378 0.0587779 0.0537343 0.0482839 0.0425513 0.0366385 0.0306556 0.0247485 0.0191139 0.013989 0.00960679 0.00613106
 0.00705805 0.0114978 0.0173703 0.0246534 0.0331442 0.0423296 0.0513463 0.0591818 0.0650298 0.0685348 0.0697729 0.069065 0.066805 0.0633721 0.0590921 0.0542158 0.0489152 0.0433024 0.0374635 0.0314964 0.025544 0.0198115 0.0145539 0.0100271 0.00641691
 0.00706673 0.0115055 0.0173692 0.02463 0.0330801 0.0422038 0.0511396 0.0588825 0.0646402 0.0680756 0.0692823 0.068592 0.0663989 0.0630732 0.058928 0.0542023 0.0490571 0.0435923 0.0378781 0.0319954 0.0260743 0.0203177 0.0149905 0.0103677 0.00665695
 0.00705645 0.0115058 0.0174001 0.024718 0.0332478 0.0424546 0.0514463 0.0591874 0.0648698 0.0681636 0.0691903 0.0683199 0.0659837 0.0625784 0.0584276 0.0537653 0.0487366 0.0434192 0.037859 0.0321127 0.0262904 0.0205834 0.0152566 0.0105969 0.00683021
#obs surv len freq
 nan nan nan nan nan nan nan nan nan nan nan nan nan nan nan nan nan nan nan nan nan nan nan nan nan
 0.00448496 0.00734643 0.0111765 0.0159929 0.0216935 0.0279689 0.0342827 0.0400137 0.0446931 0.0481567 0.0505144 0.0520101 0.0529023 0.0534146 0.0537288 0.0539837 0.0542622 0.0545549 0.0546937 0.0542856 0.0527236 0.0493558 0.0438056 0.0362858 0.0276695
 0.00461559 0.00756136 0.0115044 0.0164608 0.0223203 0.0287548 0.0351992 0.0410009 0.0456681 0.0490309 0.0512099 0.0524715 0.0531017 0.0533517 0.0534262 0.0534791 0.0535997 0.0537774 0.0538404 0.0533939 0.0518325 0.0485088 0.0430478 0.0356554 0.0271877
 0.00478525 0.0078374 0.0119203 0.0170483 0.0231035 0.0297404 0.0363663 0.042295 0.0470055 0.050311 0.0523299 0.0533393 0.0536469 0.0535333 0.053236 0.0529396 0.052757 0.0526919 0.0525794 0.0520282 0.0504382 0.0471669 0.0418391 0.0346463 0.0264151
 0.00496883 0.00813994 0.0123832 0.0177125 0.0240014 0.0308831 0.0377305 0.0438185 0.0485964 0.0518635 0.0537395 0.0545101 0.0544954 0.0539922 0.0532609 0.0525152 0.0519007 0.0514526 0.0510328 0.0502723 0.0485891 0.0453524 0.0401853 0.0332564 0.0253469
 0.00518941 0.00849906 0.0129248 0.0184785 0.0250243 0.0321743 0.0392671 0.0455379 0.0504024 0.053643 0.0553786 0.0559054 0.0555578 0.0546484 0.053454 0.0522081 0.0510814 0.0501422 0.049292 0.0482049 0.0463396 0.0430939 0.0380952 0.0314825 0.0239753
 0.00541854 0.008875 0.013497 0.0192951 0.0261228 0.0335671 0.0409265 0.0473915 0.0523443 0.0555538 0.0571441 0.0574252 0.0567462 0.0554326 0.053773 0.0520132 0.0503411 0.048852 0.0474883 0.0459788 0.0438427 0.0405277 0.0356791 0.0294069 0.0223573
 0.00565317 0.00926104 0.0140867 0.0201402 0.0272652 0.0350228 0.0426696 0.0493479 0.0544015 0.0575826 0.0590192 0.0590382 0.0580096 0.0562777 0.0541451 0.0518674 0.0496419 0.0475817 0.0456636 0.0436729 0.0412004 0.0377611 0.0330342 0.0271075 0.0205488
 0.00590408 0.00966958 0.014703 0.0210119 0.0284292 0.0364922 0.044419 0.051307 0.0564636 0.0596231 0.0609147 0.0606782 0.0593025 0.0571515 0.054545 0.0517509 0.048976 0.0463461 0.0438658 0.0413714 0.0385274 0.034925 0.0302897 0.0246966 0.0186363
 0.00615844 0.010087 0.0153381 0.0219177 0.0296457 0.03803 0.0462425 0.0533303 0.0585642 0.0616675 0.06278 0.0622636 0.0605293 0.0579596 0.0548881 0.0515925 0.0482869 0.0451074 0.0420816 0.0390919 0.0358725 0.0320924 0.02753 0.0222553 0.0166872
 0.00636707 0.0104328 0.0158714 0.0226898 0.0307003 0.0393869 0.0478816 0.0551842 0.0605268 0.0636131 0.0645845 0.0638183 0.0617479 0.0587787 0.0552633 0.0514921 0.0476865 0.0439906 0.0404509 0.03699 0.033406 0.0294419 0.0249294 0.0199393 0.0148265
 0.00660687 0.010822 0.0164558 0.0235122 0.0317923 0.0407571 0.0495023 0.056986 0.0624072 0.0654543 0.0662716 0.0652509 0.0628459 0.0594837 0.0555368 0.0513106 0.0470359 0.0428645 0.0388583 0.0349726 0.0310609 0.0269329 0.0224704 0.0177473 0.0130619
 0.00682678 0.0111836 0.0170075 0.0243005 0.0328519 0.0420952 0.0510837 0.0587298 0.0642003 0.0671758 0.0678134 0.0665277 0.0637953 0.0600624 0.0557163 0.0510734 0.0463729 0.0417745 0.037354 0.0330958 0.0289005 0.024635 0.020225 0.0157476 0.0114513
 0.00703669 0.0115283 0.0175326 0.0250503 0.0338606 0.0433722 0.0525989 0.060408 0.065931 0.0688342 0.0692828 0.0677145 0.0646353 0.0605202 0.0557791 0.0507421 0.0456548 0.0406807 0.035905 0.0313343 0.0269082 0.0225409 0.0181948 0.0139483 0.0100061
 0.0072717 0.0119124 0.0181137 0.0258733 0.0349567 0.0447436 0.0542034 0.0621554 0.0676962 0.0704828 0.0706943 0.0687971 0.0653304 0.0608014 0.0556473 0.0502171 0.0447661 0.0394616 0.0343929 0.0295805 0.0249915 0.0205759 0.0163232 0.01231 0.00870135
 0.0074387 0.0121914 0.0185475 0.0265062 0.0358254 0.0458621 0.0555482 0.0636592 0.0692573 0.0719837 0.0720216 0.0698553 0.0660499 0.0611414 0.0555953 0.0497845 0.0439814 0.0383639 0.0330298 0.0280114 0.0232956 0.0188572 0.0147026 0.0109029 0.00758762
 0.00753234 0.0123451 0.0187825 0.0268455 0.0362916 0.046474 0.0563134 0.0645681 0.070279 0.0730653 0.0730921 0.0708326 0.0668515 0.0616956 0.0558503 0.0497133 0.0435818 0.037656 0.0320527 0.0268226 0.0219725 0.0174962 0.0134107 0.00977835 0.00669691
 0.00762244 0.0124837 0.0189769 0.0270983 0.0366025 0.0468416 0.056737 0.0650473 0.0708125 0.0736491 0.0737144 0.0714689 0.0674606 0.0622215 0.0562299 0.0498885 0.0435107 0.0373209 0.0314638 0.0260184 0.021018 0.0164775 0.0124231 0.00890859 0.00600371
 0.00767307 0.0125635 0.0190921 0.0272523 0.0367951 0.0470679 0.0569873 0.0653098 0.0710785 0.0739182 0.0739955 0.0717741 0.0677946 0.0625716 0.0565622 0.0501514 0.0436466 0.037281 0.0312216 0.0255788 0.0204194 0.0157864 0.0117206 0.00827158 0.00548684
 0.00771443 0.0126246 0.0191728 0.0273489 0.0369019 0.0471797 0.057101 0.0654245 0.0711948 0.0740379 0.0741223 0.0719145 0.0679566 0.0627604 0.0567725 0.050362 0.0438199 0.03737 0.0311842 0.0253929 0.020093 0.0153587 0.0112519 0.00782618 0.00511432
 0.00776902 0.0127047 0.0192769 0.0274697 0.0370276 0.0472969 0.0571982 0.0654942 0.0712353 0.0740543 0.0741262 0.0719205 0.0679793 0.0628103 0.0568534 0.0504678 0.0439322 0.0374588 0.0312136 0.0253328 0.019932 0.0151111 0.0109548 0.00752672 0.00485374
 0.00781979 0.0127828 0.0193859 0.0276086 0.0371902 0.0474711 0.0573657 0.0656335 0.0713272 0.0740883 0.0741047 0.0718584 0.0678986 0.0627337 0.0567984 0.0504429 0.0439344 0.037473 0.0312159 0.0252972 0.0198404 0.0149621 0.0107658 0.0073274 0.00467398
 0.00784848 0.0128279 0.0194508 0.0276953 0.0372983 0.0475967 0.0575011 0.0657662 0.0714418 0.07417 0.0741429 0.0718502 0.06785 0.0626586 0.0567149 0.0503679 0.0438783 0.0374362 0.0311882 0.0252618 0.0197811 0.0148711 0.0106484 0.00719927 0.00455457
 0.00787242 0.0128634 0.019498 0.0277521 0.0373616 0.0476634 0.0575689 0.0658335 0.0715064 0.0742284 0.0741897 0.0718791 0.0678559 0.0626397 0.0566748 0.0503152 0.0438234 0.0373873 0.0311469 0.0252229 0.0197355 0.0148116 0.0105744 0.00711803 0.00447722
 0.00788763 0.0128836 0.0195197 0.0277696 0.0373681 0.047654 0.0575431 0.0657959 0.071466 0.0741956 0.0741736 0.0718843 0.067881 0.0626781 0.0567171 0.0503533 0.0438532 0.0374083 0.0311603 0.0252283 0.0197305 0.0147935 0.010543 0.00707756 0.00443481
 0.00789236 0.0128902 0.0195277 0.0277772 0.0373721 0.0476504 0.057527 0.0657639 0.071418 0.0741368 0.0741143 0.0718373 0.067857 0.0626822 0.0567473 0.0504017 0.0439092 0.0374627 0.0312066 0.0252629 0.0197515 0.0148001 0.0105364 0.00706113 0.00441373
 0.00790153 0.0129016 0.0195383 0.0277822 0.0373661 0.0476296 0.0574911 0.0657157 0.0713623 0.0740787 0.0740585 0.071789 0.0678223 0.0626672 0.056756 0.0504339 0.0439601 0.0375236 0.0312682 0.0253171 0.0197929 0.0148265 0.0105484 0.00706175 0.0044073
 0.00789203 0.0128859 0.019514 0.0277469 0.0373174 0.0475662 0.0574134 0.0656273 0.0712698 0.0739913 0.0739863 0.0717405 0.0678027 0.0626779 0.0567955 0.0504982 0.0440435 0.0376185 0.0313654 0.0254075 0.019869 0.014884 0.0105868 0.00708335 0.00441667
 0.00788471 0.0128719 0.0194893 0.0277063 0.0372569 0.047484 0.0573126 0.0655153 0.0711573 0.0738893 0.0739043 0.0716853 0.067779 0.0626876 0.0568375 0.0505686 0.044136 0.0377249 0.0314765 0.025514 0.0199627 0.0149593 0.0106414 0.0071187 0.00443671
 0.00786609 0.012839 0.0194349 0.0276227 0.0371374 0.0473269 0.0571241 0.0653105 0.0709572 0.0737162 0.0737772 0.0716164 0.0677722 0.0627398 0.05694 0.0507098 0.0443026 0.0379037 0.031655 0.0256806 0.0201081 0.0150772 0.0107296 0.00717903 0.00447404
 0.00786003 0.0128274 0.019414 0.0275874 0.0370819 0.0472459 0.0570147 0.065174 0.0708004 0.0735519 0.0736225 0.0714901 0.0676908 0.0627133 0.0569707 0.0507921 0.0444256 0.0380531 0.0318156 0.0258384 0.0202511 0.015197 0.010822 0.00724419 0.00451581
 0.00782288 0.0127687 0.019329 0.0274729 0.0369374 0.0470747 0.0568244 0.0649769 0.0706114 0.0733855 0.0734911 0.0714031 0.0676548 0.0627326 0.0570458 0.0509189 0.0445946 0.0382506 0.0320252 0.0260433 0.0204369 0.0153532 0.0109432 0.0073307 0.00457218
 0.00780714 0.0127379 0.0192734 0.0273808 0.0367987 0.0468863 0.0565945 0.0647251 0.0703645 0.0731699 0.0733267 0.0713013 0.067619 0.0627608 0.0571327 0.0510571 0.0447744 0.0384597 0.0322487 0.0262649 0.020641 0.0155273 0.0110804 0.00742999 0.00463781
 0.00777548 0.0126867 0.0191967 0.0272727 0.0366541 0.0467022 0.0563724 0.0644735 0.0701001 0.0729164 0.0731113 0.0711488 0.0675466 0.062774 0.0572264 0.0512183 0.0449864 0.0387044 0.0325077 0.0265201 0.0208758 0.0157284 0.0112399 0.00754633 0.00471539
 0.0077442 0.0126353 0.0191183 0.0271611 0.0365049 0.0465153 0.056154 0.0642363 0.0698606 0.0726921 0.0729186 0.0710025 0.0674599 0.0627575 0.0572848 0.0513488 0.0451779 0.0389397 0.0327663 0.0267811 0.0211198 0.0159401 0.0114096 0.00767149 0.00479973
 0.00770275 0.01257 0.0190241 0.0270344 0.0363447 0.0463237 0.0559375 0.0640063 0.0696326 0.0724832 0.0727444 0.0708757 0.0673893 0.0627485 0.0573399 0.0514668 0.0453531 0.0391607 0.0330164 0.0270401 0.0213672 0.0161582 0.0115869 0.00780368 0.00488969
 0.0076791 0.0125287 0.0189566 0.0269317 0.0361997 0.046135 0.0557129 0.0637627 0.069392 0.0722672 0.0725698 0.0707532 0.0673242 0.0627428 0.057393 0.0515761 0.0455135 0.0393635 0.0332489 0.0272854 0.0216061 0.0163731 0.0117645 0.00793799 0.00498219
 0.00766815 0.0125096 0.0189254 0.0268832 0.036128 0.0460347 0.055581 0.0636005 0.0692068 0.0720726 0.0723839 0.070595 0.0672099 0.0626826 0.0573909 0.0516311 0.0456207 0.0395153 0.0334342 0.0274896 0.0218124 0.0165642 0.0119267 0.00806341 0.00507022
 0.00762602 0.0124478 0.0188446 0.0267882 0.0360254 0.0459306 0.0554782 0.0634986 0.0691041 0.0719679 0.072279 0.0704961 0.0671269 0.0626275 0.0573743 0.0516599 0.0456965 0.0396342 0.0335876 0.0276649 0.0219942 0.0167366 0.0120758 0.00818086 0.00515398
 0.00760891 0.012417 0.018793 0.0267086 0.0359136 0.0457892 0.0553192 0.0633415 0.068969 0.0718676 0.0722156 0.0704626 0.0671138 0.0626287 0.0573904 0.0516961 0.0457593 0.0397274 0.0337096 0.0278087 0.0221479 0.0168861 0.0122081 0.00828708 0.00523104
 0.00758906 0.0123872 0.0187526 0.0266577 0.0358522 0.045716 0.0552322 0.0632396 0.0688558 0.0717529 0.0721133 0.0703859 0.0670704 0.0626184 0.0574078 0.0517354 0.0458178 0.039805 0.0338069 0.0279229 0.0222721 0.0170099 0.0123204 0.00837928 0.00529926
 0.00756873 0.0123564 0.0187105 0.0266052 0.0357918 0.0456516 0.0551677 0.0631785 0.0687995 0.0717009 0.0720641 0.0703399 0.0670312 0.0625921 0.0574 0.051749 0.0458525 0.0398591 0.0338781 0.0280083 0.0223667 0.0171064 0.0124103 0.00845492 0.00535653
 0.00756693 0.012351 0.018698 0.0265812 0.0357525 0.0455958 0.055099 0.0631045 0.0687295 0.0716425 0.0720209 0.0703108 0.067013 0.062582 0.0573979 0.051757 0.0458736 0.0398954 0.0339296 0.0280729 0.0224402 0.0171827 0.0124824 0.00851671 0.00540415
 0.00755274 0.0123318 0.018676 0.0265602 0.0357362 0.0455851 0.0550909 0.0630931 0.0687091 0.0716113 0.071982 0.0702708 0.0669782 0.0625564 0.0573825 0.0517518 0.0458787 0.0399118 0.0339582 0.0281133 0.0224901 0.0172375 0.0125363 0.00856424 0.00544167
 0.00754278 0.0123138 0.018646 0.0265142 0.0356724 0.0455063 0.0550054 0.0630133 0.068647 0.0715733 0.0719673 0.0702736 0.066992 0.0625772 0.057409 0.0517839 0.0459167 0.0399555 0.0340073 0.0281671 0.0225468 0.0172942 0.0125891 0.00860936 0.00547662
 0.00753263 0.012299 0.0186265 0.0264908 0.0356453 0.0454749 0.0549678 0.0629681 0.0685955 0.0715204 0.0719211 0.0702415 0.0669781 0.0625807 0.0574261 0.0518103 0.0459494 0.039993 0.0340488 0.028212 0.0225937 0.0173407 0.0126322 0.00864624 0.00550532
 0.00749641 0.0122435 0.0185496 0.026393 0.0355307 0.0453502 0.0548429 0.0628542 0.0685029 0.0714564 0.0718884 0.0702399 0.0670053 0.0626337 0.0575006 0.0519004 0.0460483 0.0400941 0.0341472 0.0283042 0.0226772 0.0174137 0.0126931 0.00869395 0.00554003
 0.00750256 0.0122476 0.0185451 0.0263707 0.0354813 0.0452694 0.0547344 0.06273 0.0683799 0.0713507 0.0718115 0.0701965 0.0669951 0.0626529 0.0575443 0.0519635 0.0461252 0.0401793 0.0342349 0.0283892 0.0227554 0.0174819 0.0127495 0.00873765 0.00557146
 0.00750032 0.0122484 0.0185538 0.0263932 0.0355211 0.0453233 0.0547902 0.0627695 0.0683859 0.0713154 0.0717398 0.070104 0.0669008 0.0625726 0.0574871 0.0519323 0.0461183 0.0401924 0.0342628 0.0284262 0.0227962 0.0175218 0.012785 0.00876658 0.00559301
 0.00748015 0.0122149 0.0185026 0.0263212 0.0354287 0.045217 0.0546831 0.0626783 0.0683241 0.0712872 0.0717389 0.0701184 0.0669205 0.0625944 0.0575143 0.05197 0.04617 0.0402576 0.0343375 0.0285045 0.022872 0.0175898 0.0128414 0.00880991 0.00562358
 0.00748015 0.0122149 0.0185026 0.0263212 0.0354287 0.045217 0.0546831 0.0626783 0.0683241 0.0712872 0.0717389 0.0701184 0.0669205 0.0625944 0.0575143 0.05197 0.04617 0.0402576 0.0343375 0.0285045 0.022872 0.0175898 0.0128414 0.00880991 0.00562358
 0.00728182 0.0118975 0.0180357 0.0256837 0.0346175 0.0442587 0.0536438 0.0616616 0.0674522 0.0706705 0.0714478 0.0701697 0.0672798 0.0631922 0.0582663 0.0527962 0.0470052 0.0410546 0.0350642 0.0291399 0.0234037 0.0180133 0.0131599 0.00903405 0.00576997
 0.00719433 0.0117376 0.0177627 0.0252499 0.0339809 0.0434024 0.0525951 0.060498 0.0662904 0.0696427 0.0706755 0.0697422 0.0672396 0.0635287 0.0589208 0.0536771 0.0480095 0.0420866 0.0360475 0.030021 0.0241501 0.0186108 0.0136099 0.00935055 0.00597621
 0.00722118 0.0117746 0.0178044 0.0252817 0.0339764 0.0433224 0.0523918 0.0601269 0.0657301 0.0689139 0.0698493 0.0689292 0.0665635 0.0630943 0.0587887 0.0538518 0.0484441 0.0427001 0.0367469 0.0307213 0.0247865 0.0191433 0.014022 0.00964545 0.0061705
 0.00705574 0.0115221 0.0174553 0.0248388 0.0334541 0.042744 0.0517861 0.0595238 0.0651541 0.0683798 0.069365 0.0685075 0.0662345 0.0629078 0.0588018 0.0541066 0.048947 0.0434131 0.0375945 0.03161 0.025627 0.0198683 0.0145953 0.0100612 0.00644655
 0.00706698 0.0115255 0.0174334 0.0247672 0.033309 0.042513 0.0514767 0.0591624 0.0647748 0.0680099 0.0690167 0.0681795 0.0659241 0.0626259 0.0585809 0.0539966 0.0489974 0.0436506 0.0380074 0.0321474 0.026214 0.0204287 0.0150713 0.0104243 0.00669618
 0.00704577 0.0115033 0.0174214 0.0247797 0.0333555 0.0425874 0.0515516 0.0591957 0.0647265 0.0678605 0.0687744 0.0678731 0.0655884 0.062291 0.0582728 0.0537443 0.0488367 0.0436169 0.0381212 0.0323996 0.0265641 0.0208162 0.0154362 0.0107241 0.00691367
#pred catch len freq
 0.00314424 0.00512055 0.00775709 0.0111082 0.0152188 0.0200736 0.0255371 0.0313483 0.0371764 0.0426901 0.0476068 0.0517271 0.0549601 0.0573215 0.0589022 0.0598295 0.0602394 0.0602472 0.0598834 0.0589888 0.0571381 0.0537125 0.0481928 0.0405594 0.0315169
 0.00337248 0.00543007 0.0081115 0.0114415 0.0154614 0.0201885 0.0255419 0.0313035 0.0371441 0.0426905 0.0476038 0.0516541 0.0547686 0.0570226 0.0585752 0.0595932 0.0601986 0.0604376 0.0602414 0.0593665 0.0573626 0.0536638 0.0478581 0.0400308 0.0309377
 0.00346324 0.00561141 0.00844158 0.0119814 0.0162437 0.0211786 0.0266189 0.0322873 0.0378652 0.0430619 0.0476437 0.051447 0.0544017 0.0565488 0.0580242 0.0590054 0.0596412 0.0599819 0.0599172 0.0591324 0.0571193 0.0533102 0.047352 0.0394137 0.030308
 0.00360776 0.00583161 0.00875062 0.012395 0.0167922 0.0219148 0.0276048 0.0335529 0.0393558 0.044612 0.0490108 0.0523993 0.0548069 0.0564082 0.0574404 0.0581218 0.0585961 0.0588885 0.0588537 0.0581308 0.056166 0.05237 0.0464087 0.038497 0.0294845
 0.00378689 0.00611857 0.00917393 0.0129769 0.0175445 0.0228345 0.0286745 0.0347481 0.040655 0.0459922 0.0504222 0.0537333 0.0558934 0.0570607 0.0575294 0.0576264 0.0576037 0.0575502 0.0573285 0.0565451 0.0546008 0.0508726 0.0450171 0.0372586 0.0284528
 0.00398377 0.0064355 0.00964605 0.0136374 0.0184213 0.0239431 0.0300067 0.0362632 0.0422795 0.0476327 0.0519829 0.0551276 0.0570393 0.0578673 0.0578922 0.0574499 0.0568428 0.0562419 0.0555886 0.0545356 0.052489 0.0488063 0.0431183 0.0356235 0.0271455
 0.00423907 0.00683788 0.0102294 0.0144285 0.0194401 0.0252008 0.031499 0.0379604 0.0441198 0.049522 0.0538034 0.0567534 0.0583547 0.0587778 0.0583235 0.0573406 0.0561467 0.0549467 0.0537428 0.0522607 0.0499682 0.0462527 0.0407374 0.0335791 0.0255354
 0.00449456 0.00725064 0.0108462 0.0152926 0.0205846 0.0266385 0.03321 0.0398863 0.0461692 0.0515839 0.0557607 0.0584911 0.059765 0.0597649 0.0588079 0.0572604 0.0554584 0.0536318 0.0518257 0.0498321 0.0471967 0.0433712 0.0380009 0.0312085 0.0236683
 0.00474319 0.00765618 0.0114605 0.0161684 0.0217702 0.0281658 0.0350776 0.0420449 0.0485175 0.0539781 0.0580349 0.0604827 0.0613374 0.0608197 0.0592823 0.0571164 0.0546722 0.052195 0.0497604 0.0472171 0.0441905 0.0402111 0.034967 0.0285586 0.0215724
 0.00500967 0.00807959 0.0120815 0.0170241 0.0228943 0.0295862 0.0368068 0.044066 0.0507708 0.056356 0.0603868 0.0626333 0.0631135 0.0620767 0.0599203 0.0570809 0.0539433 0.0507783 0.0476902 0.044576 0.0411336 0.0369734 0.0318342 0.025803 0.0193814
 0.00524233 0.00845445 0.0126402 0.017805 0.0239289 0.0308912 0.0383754 0.0458621 0.0527322 0.0584011 0.0624196 0.0645435 0.0647774 0.0633644 0.0607097 0.0572731 0.0534739 0.0496223 0.0458679 0.0421649 0.0382843 0.0339138 0.028843 0.0231505 0.0172587
 0.00552004 0.00889452 0.0132823 0.0186814 0.0250623 0.0322901 0.0400243 0.0477131 0.0547035 0.0603858 0.0643014 0.0662131 0.0661424 0.0643504 0.061253 0.0573135 0.0529552 0.0485035 0.0441429 0.0398859 0.0355818 0.0309994 0.0259822 0.0206039 0.0152139
 0.00589287 0.00948047 0.014127 0.0198152 0.0264968 0.0340129 0.0419902 0.0498377 0.0568688 0.0624557 0.066142 0.0677102 0.0672136 0.0649485 0.0613605 0.0569282 0.0520758 0.0471255 0.0422708 0.0375604 0.0329087 0.0281614 0.0232176 0.0181517 0.0132475
 0.00617716 0.00994909 0.0148445 0.0208463 0.027894 0.035796 0.0441235 0.0522189 0.0593376 0.0648211 0.068215 0.069333 0.0682799 0.0654116 0.0612264 0.0562379 0.0508829 0.0454801 0.040219 0.0351619 0.0302634 0.0254264 0.020596 0.0158482 0.0114102
 0.00631325 0.010182 0.015219 0.0214169 0.0287212 0.0369337 0.0456016 0.0540233 0.061396 0.067 0.0703331 0.0711907 0.0696981 0.0662653 0.0614603 0.0558608 0.0499475 0.0440603 0.038396 0.033025 0.027924 0.0230306 0.0183175 0.0138569 0.00982703
 0.00646079 0.0104213 0.0155796 0.0219301 0.0294192 0.0378464 0.0467484 0.055403 0.0629767 0.0687126 0.0720695 0.0728116 0.0710509 0.0672091 0.0618919 0.0557312 0.0492644 0.0428779 0.0368 0.0311225 0.0258413 0.0209138 0.016324 0.0121301 0.00846368
 0.00661462 0.0106583 0.0159129 0.0223663 0.0299614 0.0384983 0.0475152 0.0562874 0.0639733 0.069801 0.0732097 0.073941 0.0720855 0.0680503 0.0624389 0.0558983 0.0489985 0.0421707 0.0356907 0.0296934 0.0242095 0.0192195 0.0147137 0.0107316 0.0073599
 0.00672559 0.0108294 0.016153 0.0226779 0.0303413 0.0389391 0.0480066 0.0568183 0.0645348 0.0703889 0.0738229 0.0745748 0.0727215 0.068648 0.062935 0.0562142 0.0490569 0.0419147 0.0351022 0.028803 0.0230961 0.0179984 0.0135143 0.00967007 0.00651325
 0.00681085 0.0109577 0.0163273 0.0228945 0.0305919 0.0392139 0.0482966 0.057116 0.0648348 0.0706892 0.0741261 0.0748874 0.0730492 0.068988 0.0632673 0.0564971 0.04923 0.0419131 0.0348761 0.0283379 0.0224239 0.0171948 0.0126806 0.00890567 0.00588978
 0.00678517 0.0109279 0.0163043 0.0228958 0.0306363 0.0393144 0.0484543 0.0573198 0.0650663 0.0709308 0.0743663 0.0751228 0.0732821 0.0692224 0.0635023 0.0567199 0.0494117 0.0420104 0.0348426 0.0281414 0.0220641 0.0167096 0.012138 0.00838276 0.0054486
