SBPRF35
12.7214
Curr Bio
811754
B35
874927
F35
0.171795
FOFL
0.164533
OFL
113339
Bzero
3.63469e+006
#pred survey bio
 3.56001e+006 3.46153e+006 3.36249e+006 3.22475e+006 3.04062e+006 2.84471e+006 2.59054e+006 2.33742e+006 2.08674e+006 1.89012e+006 1.63544e+006 1.43207e+006 1.27613e+006 1.1172e+006 987587 889075 808549 738215 697497 671874 630184 616019 595911 576841 556057 546517 546179 546046 541727 540082 549779 549712 555382 561725 578802 600260 614773 631337 641429 648335 651345 663121 665859 668289 662574 665349 658696 665525 656414 653341 650955 704485 731060 773164 787928 807010 818645 2.96326e+007 1.76667e+007 1.79018e+007 1.87261e+007 1.99388e+007 2.13051e+007 2.26471e+007 2.38588e+007 2.48933e+007 2.5743e+007 2.64224e+007 2.69556e+007 2.73686e+007 2.76861e+007 2.79289e+007 2.81142e+007 2.82557e+007 2.83639e+007 2.84469e+007 2.85108e+007 2.85602e+007 2.85985e+007 2.86285e+007 2.86519e+007 2.86704e+007 2.8685e+007 2.86966e+007 2.87058e+007 2.87131e+007 2.8719e+007 2.87237e+007 2.87275e+007 2.87306e+007 2.87331e+007 2.87351e+007 2.87368e+007 2.87381e+007 2.87392e+007 2.87401e+007 2.87408e+007 2.87414e+007 2.87419e+007 2.87423e+007 2.87426e+007 2.87428e+007 2.87431e+007 2.87432e+007 2.87434e+007 2.87435e+007 2.87436e+007 2.87437e+007 2.87437e+007 2.87438e+007 2.87438e+007 2.87439e+007 2.87439e+007 2.87439e+007 2.87439e+007 2.8744e+007 2.8744e+007 2.8744e+007 2.8744e+007 2.8744e+007 2.8744e+007 2.8744e+007 2.8744e+007 2.8744e+007 2.8744e+007 2.8744e+007 2.8744e+007 2.8744e+007 2.8744e+007 2.8744e+007 2.8744e+007 2.8744e+007 2.8744e+007 2.8744e+007 2.8744e+007 2.8744e+007 2.8744e+007 2.8744e+007 2.8744e+007 2.8744e+007 2.8744e+007 2.8744e+007 2.8744e+007 2.8744e+007 2.8744e+007 2.8744e+007 2.8744e+007 2.8744e+007 2.8744e+007 2.8744e+007 2.8744e+007 2.8744e+007 2.8744e+007 2.8744e+007 2.8744e+007 2.8744e+007 2.8744e+007 0 0 0 0 0 0 0 0 0 0 0 0 0 0 0 0 0 0 0 0 0 0 0 0 0
#obs survey bio
 2.52305e+006 4.19913e+006 2.7346e+006 2.78689e+006 3.32763e+006 2.72654e+006 2.32686e+006 2.49418e+006 1.94584e+006 2.51114e+006 1.81432e+006 1.21188e+006 1.13414e+006 1.27237e+006 1.67046e+006 724216 1.05568e+006 832747 554493 681021 899219 542274 821517 764342 645534 516998 557501 1.07556e+006 435838 459423 411032 569556 508141 472988 964428 779564 671565 894026 997839 688168 512281 615430 875122 629913 649024 612326 489725 503696 723276 650918 695993 624904 858537 662151 961663 700831 1.08494e+006
#pred catch bio
 94234.1 99340.6 143658 197883 222904 291656 306741 319662 283939 345475 305114 266718 270610 243896 215618 198520 186877 158639 143836 153905 126472 128342 123832 121769 109764 101075 100282 102761 100130 91910.3 102104 99061.4 100361 92792.6 90224.4 96575.7 95118 100532 102472 105225 98345.7 106856 107344 114330 107248 115291 103835 117067 110728 109273 62978.4 87490.8 74579 98467.5 94785.7 101466 87657.5 113339 116924 117102 121257 128598 137110 145443 152865 159077 164052 167910 170828 172994 174579 175725 176546 177130 177543 177834 178037 178180 178279 178348 178396 178430 178453 178469 178480 178487 178492 178496 178498 178500 178501 178502 178503 178503 178503 178503 178504 178504 178504 178504 178504 178504 178504 178504 178504 178504 178504 178504 178504 178504 178504 178504 178504 178504 178504 178504 178504 178504 178504 178504 178504 178504 178504 178504 178504 178504 178504 178504 178504 178504 178504 178504 178504 178504 178504 178504 178504 178504 178504 178504 178504 178504 178504 178504 178504 178504 178504 178504 178504 178504 178504 178504 178504 178504 178504 178504 178504 0 0 0 0 0 0 0 0 0 0 0 0 0 0 0 0 0 0 0 0 0 0 0 0 0
#obs catch bio
 0 99079.7 143714 198555 223370 292866 307638 321879 285270 347452 306441 268039 271606 244198 214282 199450 186808 158983 144185 155205 126398 128288 123170 120980 109160 100869 100419 101862 99406.2 91459.3 102120 99279.6 101446 93925.9 90551.3 96587.1 95115.9 100462 102133 104464 97943.1 106871 106923 114099 107114 115423 103896 117567 110776 109850 62543.1 87795.1 74254.1 98802 94668.5 101865 87536.7
#pred cpue bio
 3.51395e+006 3.41709e+006 3.31787e+006 3.17949e+006 2.99546e+006 2.79977e+006 2.54638e+006 2.29404e+006 2.04434e+006 1.8486e+006 1.59601e+006 1.39438e+006 1.23988e+006 1.08274e+006 954641 857195 777784 708818 669026 644130 603839 590532 571318 553054 533011 523787 523502 523631 519614 517762 526812 526345 531535 537600 554556 576051 590540 606873 617003 624071 626995 638283 640903 643293 637581 640225 633726 640456 631682 628852 626664 679556 706311 747946 762403 781032 792500 2.87107e+007 1.71183e+007 1.72047e+007 1.78912e+007 1.90652e+007 2.04241e+007 2.17649e+007 2.29764e+007 2.40108e+007 2.48605e+007 2.55399e+007 2.60731e+007 2.64861e+007 2.68036e+007 2.70464e+007 2.72317e+007 2.73732e+007 2.74814e+007 2.75644e+007 2.76283e+007 2.76777e+007 2.7716e+007 2.7746e+007 2.77694e+007 2.77879e+007 2.78025e+007 2.78141e+007 2.78233e+007 2.78306e+007 2.78365e+007 2.78412e+007 2.7845e+007 2.78481e+007 2.78506e+007 2.78526e+007 2.78543e+007 2.78556e+007 2.78567e+007 2.78576e+007 2.78583e+007 2.78589e+007 2.78594e+007 2.78598e+007 2.78601e+007 2.78604e+007 2.78606e+007 2.78607e+007 2.78609e+007 2.7861e+007 2.78611e+007 2.78612e+007 2.78612e+007 2.78613e+007 2.78613e+007 2.78614e+007 2.78614e+007 2.78614e+007 2.78614e+007 2.78615e+007 2.78615e+007 2.78615e+007 2.78615e+007 2.78615e+007 2.78615e+007 2.78615e+007 2.78615e+007 2.78615e+007 2.78615e+007 2.78615e+007 2.78615e+007 2.78615e+007 2.78615e+007 2.78615e+007 2.78615e+007 2.78615e+007 2.78615e+007 2.78615e+007 2.78615e+007 2.78615e+007 2.78615e+007 2.78615e+007 2.78615e+007 2.78615e+007 2.78615e+007 2.78615e+007 2.78615e+007 2.78615e+007 2.78615e+007 2.78615e+007 2.78615e+007 2.78615e+007 2.78615e+007 2.78615e+007 2.78615e+007 2.78615e+007 2.78615e+007 2.78615e+007 2.78615e+007 2.78615e+007 2.78615e+007 0 0 0 0 0 0 0 0 0 0 0 0 0 0 0 0 0 0 0 0 0 0 0 0 0
#obs cpue bio
 2.64771e+006 4.44063e+006 3.56888e+006 2.3856e+006 2.20313e+006 3.68688e+006 2.7262e+006 1.59451e+006 1.74585e+006 2.03906e+006 1.27155e+006 1.34189e+006 1.68277e+006 1.02339e+006 878855 564914 816993 495864 746083 522646 542946 749511 573662 511664 461815 454014 415694 600282 655560 498289 585282 390704 306225 416781 561067 647565 495729 490577 497901 927083 582367 566448 648175 672456 540406 693256 683571 793302 658062 591284 691838 732552 683877 677027 731086 655578 760775
#pred surv len freq
 0.0042351 0.00700158 0.0107709 0.0155963 0.0213919 0.0278337 0.0343472 0.0402706 0.0451128 0.0487117 0.0511932 0.0528143 0.0538268 0.0544197 0.0547145 0.0547821 0.0546647 0.0543808 0.0538851 0.0529823 0.0512584 0.0481424 0.0431638 0.0363044 0.0281956
 0.00456799 0.00743867 0.0112399 0.0159752 0.021554 0.0277128 0.0339808 0.0397872 0.0446646 0.0483975 0.0510201 0.0527183 0.0537325 0.0542955 0.0545944 0.054746 0.0547913 0.054696 0.0543325 0.0534328 0.0515604 0.04819 0.0429444 0.0358982 0.0277289
 0.00468199 0.00768612 0.0117184 0.0167904 0.0227664 0.029269 0.0356789 0.04132 0.0457384 0.0488584 0.0509036 0.0521935 0.0529927 0.0534775 0.0537665 0.0539454 0.0540573 0.0540684 0.0538216 0.0529961 0.0511134 0.0476524 0.042291 0.0351774 0.0270351
 0.00481163 0.00788748 0.0120096 0.0171967 0.0233315 0.0300597 0.0367667 0.0427321 0.0473998 0.0505655 0.0523699 0.0531563 0.0533177 0.0531954 0.0530265 0.0529317 0.0529273 0.0529304 0.0527356 0.0519772 0.0501412 0.0466955 0.0413404 0.0342664 0.0262279
 0.00497112 0.00815328 0.0124206 0.0177909 0.0241361 0.0310799 0.0379798 0.0440956 0.048866 0.0520854 0.0538723 0.0545178 0.0543621 0.0537423 0.0529661 0.052273 0.0517879 0.051481 0.0511386 0.0503502 0.0485535 0.0451866 0.0399463 0.0330342 0.0252092
 0.00512972 0.00841475 0.0128214 0.0183687 0.024924 0.0320961 0.0392152 0.0455074 0.0503831 0.0536239 0.0553511 0.0558623 0.055493 0.0545595 0.0533513 0.0521225 0.0510592 0.0502222 0.0494768 0.0484505 0.0465764 0.0432665 0.0381906 0.0315269 0.0240068
 0.00536963 0.00880555 0.0134109 0.0192014 0.0260325 0.0334871 0.0408562 0.0473221 0.0522631 0.0554503 0.0570146 0.0572749 0.0565878 0.0552824 0.0536482 0.0519322 0.0503254 0.0489231 0.0476565 0.0462299 0.0441361 0.040812 0.0359153 0.0295822 0.0224807
 0.0056024 0.0091915 0.0140057 0.0200614 0.0272031 0.0349849 0.0426501 0.0493277 0.0543552 0.0574881 0.0588662 0.0588321 0.0577705 0.0560358 0.0539337 0.0517171 0.0495774 0.0476195 0.0458097 0.0439168 0.0415118 0.038095 0.0333446 0.0273626 0.0207374
 0.00582864 0.00956756 0.0145873 0.0209067 0.0283621 0.0364819 0.0444652 0.0513878 0.0565419 0.0596581 0.060874 0.0605473 0.0590889 0.0568838 0.0542659 0.0515077 0.0488106 0.0462885 0.0439294 0.0415507 0.0387965 0.0352419 0.0306062 0.0249724 0.0188488
 0.00594116 0.00976454 0.0149107 0.021407 0.0290906 0.0374771 0.045738 0.0529129 0.0582592 0.0614805 0.0626961 0.0622537 0.0605625 0.0580158 0.0549649 0.0517047 0.04846 0.0453676 0.042446 0.0395596 0.0364197 0.032674 0.0280893 0.02274 0.0170645
 0.00622927 0.0102318 0.0156116 0.022391 0.0303924 0.0391014 0.0476436 0.0550076 0.0604126 0.0635498 0.0645515 0.063792 0.0617103 0.0587239 0.0551998 0.0514409 0.0476767 0.044053 0.0406095 0.0372535 0.0337616 0.0298548 0.0253506 0.0203196 0.0151313
 0.00647875 0.0106382 0.0162247 0.0232576 0.0315471 0.0405528 0.0493591 0.0569087 0.0623855 0.0654668 0.0662913 0.0652528 0.062814 0.0594161 0.0554459 0.0512197 0.0469744 0.0428624 0.0389398 0.0351499 0.0313277 0.0272623 0.0228208 0.0180737 0.0133299
 0.00666339 0.0109408 0.0166851 0.0239149 0.0324331 0.0416808 0.0507123 0.0584349 0.0640035 0.0670806 0.0678042 0.0665762 0.0638715 0.0601455 0.0557993 0.0511629 0.0464846 0.041928 0.0375671 0.0333779 0.0292465 0.0250224 0.0206175 0.0161049 0.0117421
 0.00693435 0.01138 0.0173427 0.0248351 0.0336433 0.0431758 0.0524398 0.0602928 0.0658567 0.0687903 0.0692541 0.0676864 0.0645985 0.0604738 0.0557314 0.0507079 0.0456521 0.0407274 0.0360151 0.031514 0.0271519 0.0228293 0.0184972 0.0142303 0.0102399
 0.00724206 0.0118652 0.0180451 0.0257814 0.0348431 0.0446149 0.054071 0.0620324 0.0675916 0.0703966 0.0706171 0.0687162 0.065238 0.0607002 0.0555503 0.0501433 0.0447347 0.0394878 0.0344858 0.0297408 0.0252102 0.0208334 0.0165916 0.0125594 0.00890794
 0.00739348 0.0121319 0.0184833 0.0264531 0.0357986 0.0458667 0.055573 0.0636791 0.0692433 0.0719155 0.0718953 0.0696829 0.065853 0.060945 0.0554233 0.0496576 0.0439158 0.0383698 0.0331101 0.028161 0.0235008 0.0190963 0.0149487 0.0111291 0.00777344
 0.00747119 0.0122666 0.0187029 0.0267927 0.0362977 0.0465615 0.0564836 0.0647955 0.0705156 0.0732531 0.0731792 0.0707896 0.066681 0.0614311 0.0555444 0.0494213 0.043348 0.0375072 0.0319983 0.0268572 0.0220795 0.0176514 0.0135858 0.00994683 0.00683885
 0.00761803 0.0124924 0.0190194 0.0272036 0.036801 0.0471525 0.057156 0.0655406 0.07132 0.0740947 0.0740224 0.0715811 0.0673521 0.0619091 0.0557679 0.049354 0.0429831 0.0368642 0.0311166 0.0257931 0.0209052 0.0164534 0.0124575 0.00897133 0.00607077
 0.00767037 0.0125741 0.0191356 0.0273565 0.0369892 0.0473707 0.0573971 0.0657991 0.0715971 0.0744024 0.0743793 0.0720006 0.0678271 0.0624019 0.056214 0.0496766 0.0431144 0.0367623 0.0307743 0.0252378 0.0201938 0.0156639 0.0116756 0.00827456 0.00551182
 0.00751898 0.012361 0.0188762 0.027086 0.0367526 0.0472078 0.0573295 0.0658285 0.0717129 0.0745923 0.0746371 0.0723275 0.0682254 0.0628648 0.0567153 0.0501669 0.0435279 0.0370331 0.0308551 0.0251145 0.0198902 0.0152357 0.0111962 0.00781626 0.00512807
 0.00758713 0.0124511 0.0189751 0.0271729 0.0368101 0.0472358 0.0573527 0.0658871 0.0718404 0.0747939 0.0748847 0.0725748 0.0684336 0.0630192 0.056824 0.0502445 0.0435771 0.037037 0.0307845 0.0249444 0.0196166 0.0148821 0.0108081 0.00744584 0.00481724
 0.00756031 0.0123977 0.0188761 0.0270038 0.0365457 0.0468609 0.0568737 0.0653419 0.0712995 0.0743488 0.0746239 0.0725552 0.0686602 0.0634461 0.0573747 0.0508393 0.0441504 0.0375402 0.0311818 0.0252111 0.0197433 0.0148813 0.0107133 0.00730235 0.0046684
 0.00755707 0.0123993 0.0188902 0.0270384 0.0366034 0.0469308 0.0569273 0.0653385 0.0712019 0.0741436 0.0743352 0.0722426 0.0684004 0.0633047 0.0573834 0.0509874 0.0443946 0.0378224 0.0314464 0.0254153 0.019863 0.0149128 0.0106724 0.00721781 0.00457134
 0.00760005 0.012457 0.0189551 0.0270977 0.0366441 0.0469467 0.0569227 0.0653233 0.0711815 0.0741102 0.0742701 0.0721293 0.0682412 0.0631282 0.0572356 0.0509118 0.0444117 0.0379222 0.0315943 0.0255673 0.0199817 0.0149775 0.0106823 0.00718719 0.00452136
 0.00772929 0.0126515 0.0192178 0.0274186 0.0370005 0.0473054 0.0572437 0.0655668 0.071317 0.0741252 0.0741711 0.0719353 0.0679751 0.0628137 0.0569002 0.0505894 0.0441375 0.0377213 0.0314717 0.0255074 0.0199564 0.01496 0.0106563 0.0071498 0.00447869
 0.00779568 0.0127531 0.0193586 0.0275968 0.0372078 0.0475262 0.0574557 0.0657431 0.071432 0.0741619 0.0741267 0.0718212 0.0678112 0.0626215 0.0566978 0.0503918 0.0439592 0.0375765 0.0313704 0.0254501 0.019933 0.014954 0.0106525 0.00714019 0.00446295
 0.00767103 0.0125763 0.0191402 0.0273629 0.0369926 0.04736 0.0573554 0.0657098 0.0714553 0.0742268 0.0742184 0.0719271 0.0679218 0.0627299 0.0568 0.0504856 0.0440448 0.0376561 0.0314475 0.0255268 0.0200077 0.0150211 0.0107056 0.00717556 0.00448156
 0.00766072 0.0125358 0.0190375 0.0271591 0.0366584 0.0468985 0.0568165 0.0651829 0.0710392 0.073992 0.0741848 0.0720672 0.0681817 0.063053 0.0571411 0.0508154 0.0443472 0.0379242 0.0316799 0.0257247 0.0201724 0.0151532 0.0108054 0.00724472 0.00452446
 0.00787583 0.0128462 0.0194298 0.0275909 0.0370641 0.0472033 0.0569536 0.065111 0.0707581 0.0735503 0.0736701 0.0715785 0.0677956 0.0628027 0.0570178 0.0507859 0.0443736 0.037977 0.0317409 0.0257848 0.0202275 0.0152011 0.0108443 0.00727362 0.00454352
 0.00803012 0.0131002 0.0198151 0.0281312 0.0377606 0.0480168 0.0577929 0.0658431 0.0712435 0.0736908 0.0734447 0.0710481 0.067078 0.0620313 0.0563023 0.0501905 0.0439161 0.0376433 0.0315041 0.0256187 0.0201124 0.0151234 0.0107941 0.0072429 0.0045258
 0.00803971 0.0131205 0.0198557 0.0282065 0.0378897 0.0482201 0.0580847 0.06622 0.0716736 0.0741102 0.0737691 0.0712003 0.0670183 0.0617751 0.0559139 0.049756 0.0435122 0.0373165 0.0312674 0.025462 0.0200156 0.0150667 0.0107625 0.00722622 0.00451751
 0.00809489 0.013215 0.0200064 0.0284312 0.0382023 0.0486234 0.0585648 0.0667456 0.0722018 0.0745936 0.0741598 0.0714514 0.0670879 0.0616379 0.0555754 0.0492594 0.0429297 0.0367282 0.0307386 0.0250297 0.019689 0.0148358 0.0106086 0.00712933 0.0044602
 0.00802584 0.0131195 0.0198943 0.0283239 0.0381289 0.0486138 0.058642 0.0669212 0.0724727 0.0749416 0.0745524 0.071845 0.067433 0.0618863 0.0556892 0.0492213 0.0427513 0.0364487 0.0304134 0.0247131 0.0194195 0.0146304 0.0104663 0.00703893 0.00440716
 0.00785293 0.0128637 0.0195572 0.027926 0.0377073 0.0482158 0.0583191 0.0667221 0.072435 0.0750817 0.0748594 0.0722811 0.0679418 0.0624035 0.0561533 0.0495832 0.0429821 0.0365455 0.0303985 0.0246257 0.0193025 0.0145178 0.010377 0.00697772 0.00437011
 0.00766031 0.0125458 0.0190726 0.0272401 0.0368084 0.047136 0.057149 0.0656051 0.0715343 0.0745338 0.0747374 0.072583 0.0686015 0.063314 0.0571914 0.0506305 0.0439416 0.0373523 0.0310243 0.0250753 0.0196037 0.0147085 0.0104932 0.00704703 0.00441073
 0.00760645 0.0124322 0.0188532 0.026856 0.0362015 0.0462733 0.0560473 0.0643427 0.0702444 0.073381 0.0738836 0.0721521 0.0686514 0.0638239 0.05807 0.0517418 0.0451373 0.0385011 0.0320315 0.0258904 0.0202171 0.0151404 0.0107792 0.00722572 0.00451617
 0.00758508 0.0124041 0.0188209 0.0268194 0.0361501 0.0461766 0.055853 0.0639903 0.0696925 0.0726374 0.0730219 0.0713018 0.0679641 0.063429 0.0580378 0.0520657 0.0457418 0.0392681 0.0328355 0.0266283 0.0208255 0.0155971 0.0110939 0.00742598 0.0046342
 0.00745309 0.0122075 0.0185591 0.026505 0.0358065 0.045832 0.0555328 0.0637084 0.0694434 0.0723955 0.0727529 0.0709868 0.067623 0.0631269 0.0578654 0.0521034 0.0460242 0.039769 0.0334768 0.0273094 0.0214546 0.016114 0.0114764 0.00768279 0.00479127
 0.00736965 0.0120706 0.0183518 0.0262139 0.0354283 0.0453817 0.055049 0.0632482 0.0690658 0.0721386 0.0726191 0.070944 0.0676242 0.0631373 0.057884 0.0521652 0.046181 0.0400581 0.0338973 0.0278174 0.021981 0.016591 0.011859 0.00795669 0.00496719
 0.00746102 0.0121866 0.0184662 0.0262817 0.0353973 0.0452122 0.0547309 0.0628079 0.0685598 0.0716378 0.0721901 0.0706323 0.0674438 0.0630723 0.0579033 0.0522432 0.0463116 0.0402532 0.0341697 0.0281618 0.0223668 0.0169713 0.0121893 0.00821016 0.00513978
 0.00756551 0.0123569 0.0187207 0.0266307 0.0358322 0.0456936 0.0551839 0.063135 0.0686722 0.0714919 0.0718072 0.0700897 0.0668434 0.0625054 0.0574281 0.0518822 0.0460645 0.0401127 0.0341298 0.0282147 0.0224949 0.0171444 0.0123711 0.00836954 0.00525962
 0.00747026 0.0122277 0.018574 0.0264993 0.0357574 0.0457116 0.0553109 0.0633577 0.0689463 0.0717505 0.0719791 0.0701241 0.0667297 0.062277 0.0571473 0.0516149 0.0458592 0.0399933 0.0340994 0.0282638 0.0226055 0.017292 0.0125281 0.00851108 0.00537003
 0.00745799 0.0122007 0.018522 0.0264125 0.0356344 0.0455684 0.0551851 0.0633003 0.0690006 0.0719282 0.0722479 0.0704148 0.0669621 0.0623909 0.0571238 0.0514791 0.0456649 0.0397996 0.0339516 0.0281844 0.0225953 0.0173361 0.0126032 0.00859372 0.0054425
 0.00748683 0.0122409 0.0185695 0.026458 0.0356641 0.0455674 0.0551428 0.0632169 0.0688926 0.0718286 0.0721953 0.0704359 0.0670545 0.0625202 0.0572385 0.0515353 0.0456463 0.0397218 0.0338504 0.0280972 0.0225461 0.0173305 0.0126316 0.00863935 0.0054894
 0.00750925 0.0122883 0.0186604 0.0266136 0.0359004 0.0458828 0.0555094 0.0635819 0.0691937 0.0720154 0.0722472 0.0703668 0.0669028 0.0623293 0.0570378 0.051333 0.045436 0.0394979 0.0336195 0.0278787 0.0223631 0.0171983 0.0125521 0.00860253 0.00547985
 0.0074603 0.0122113 0.0185505 0.0264715 0.0357357 0.0457173 0.0553766 0.0635189 0.0692265 0.0721442 0.0724435 0.0705845 0.0670983 0.0624775 0.0571352 0.0513888 0.0454604 0.039496 0.0335943 0.0278361 0.0223146 0.0171566 0.0125259 0.00859298 0.00548234
 0.00749352 0.0122616 0.018619 0.026556 0.035831 0.0458159 0.0554701 0.0636013 0.0692969 0.0722075 0.0725063 0.0706484 0.067155 0.0625106 0.0571288 0.0513358 0.0453657 0.0393723 0.0334562 0.0276972 0.0221863 0.0170488 0.0124446 0.00853927 0.005452
 0.00738078 0.0120932 0.0183933 0.0262819 0.0355254 0.0455007 0.055169 0.0633388 0.0690973 0.0720926 0.0724921 0.0707413 0.0673483 0.0627833 0.0574475 0.0516618 0.0456642 0.0396208 0.0336462 0.0278319 0.0222759 0.0171054 0.0124797 0.00856163 0.0054671
 0.00738289 0.012094 0.0183902 0.0262716 0.0355065 0.0454751 0.0551433 0.0633215 0.0690938 0.0721017 0.0725064 0.0707529 0.0673551 0.0627903 0.0574627 0.0516895 0.0457006 0.0396558 0.0336694 0.0278376 0.0222651 0.0170843 0.0124559 0.00854108 0.00545263
 0.00738036 0.0120839 0.018364 0.0262181 0.0354147 0.0453397 0.0549695 0.0631265 0.068904 0.0719458 0.0724074 0.0707222 0.0673904 0.0628793 0.0575888 0.051837 0.0458564 0.0398081 0.0338071 0.0279515 0.0223504 0.0171418 0.0124906 0.0085601 0.00546231
 0.00735306 0.0120449 0.0183149 0.0261623 0.0353554 0.0452761 0.0548956 0.063034 0.0687881 0.0718114 0.072271 0.070608 0.0673218 0.0628705 0.0576413 0.0519404 0.0459936 0.0399604 0.0339575 0.0280868 0.0224617 0.0172252 0.0125477 0.00859568 0.00548261
 0.00700329 0.0114796 0.0174731 0.024998 0.0338559 0.0434878 0.0529431 0.0611143 0.0671305 0.0706187 0.0716708 0.0706333 0.067922 0.0639367 0.0590344 0.0535155 0.0476184 0.0415261 0.0353834 0.02932 0.0234747 0.018013 0.0131244 0.00899013 0.0057329
 0.00704564 0.0115085 0.0174417 0.0248352 0.0334812 0.0428373 0.0519964 0.0599107 0.0657691 0.0692442 0.0704489 0.0697202 0.0674321 0.0639197 0.059469 0.0543209 0.0486769 0.0427086 0.036571 0.0304177 0.0244184 0.0187699 0.01369 0.00938255 0.00598418
 0.00698985 0.0114238 0.017323 0.0246749 0.033262 0.0425253 0.0515417 0.0592619 0.0648998 0.0681801 0.0692813 0.0685941 0.0665138 0.0633548 0.059347 0.0546564 0.0494109 0.0437277 0.0377353 0.0315905 0.0254886 0.0196652 0.0143794 0.00987091 0.0063016
 0.00701098 0.0114669 0.0174036 0.0248115 0.033469 0.042802 0.0518605 0.0595618 0.0650917 0.068166 0.0689842 0.0679923 0.0656627 0.0623848 0.0584312 0.0539607 0.0490465 0.0437242 0.0380435 0.0321074 0.0260933 0.0202513 0.0148751 0.0102444 0.00655446
 0.00693131 0.0113498 0.0172512 0.0246361 0.0332927 0.0426533 0.0517698 0.059553 0.0651705 0.0683084 0.0691327 0.0680675 0.0655914 0.0621338 0.0580318 0.0535068 0.0486642 0.043525 0.0380838 0.0323727 0.0265119 0.0207267 0.0153204 0.0106045 0.00681075
 0.00683972 0.0112108 0.0170609 0.0243992 0.0330228 0.0423731 0.0515101 0.0593502 0.0650594 0.0683104 0.0692453 0.0682578 0.0657999 0.062291 0.0580832 0.0534395 0.0485181 0.0433799 0.0380251 0.0324536 0.0267322 0.0210391 0.0156562 0.0109035 0.00703909
#obs surv len freq
 nan nan nan nan nan nan nan nan nan nan nan nan nan nan nan nan nan nan nan nan nan nan nan nan nan
 0.00448484 0.00734623 0.0111762 0.0159924 0.0216929 0.0279681 0.0342818 0.0400127 0.0446921 0.0481559 0.0505138 0.0520098 0.0529022 0.0534148 0.0537292 0.0539842 0.0542629 0.0545557 0.0546945 0.0542864 0.0527244 0.0493566 0.0438063 0.0362863 0.0276699
 0.00461061 0.00755374 0.0114938 0.0164473 0.0223044 0.0287371 0.0351808 0.040983 0.0456522 0.0490184 0.0512016 0.0524679 0.0531027 0.0533569 0.0534349 0.0534904 0.0536128 0.0537919 0.0538558 0.0534095 0.051848 0.0485234 0.0430608 0.0356662 0.027196
 0.0047776 0.00782396 0.0118983 0.0170147 0.023056 0.029679 0.0362941 0.0422184 0.0469328 0.0502498 0.0522857 0.0533147 0.053642 0.0535462 0.0532638 0.0529792 0.0528053 0.0527464 0.0526378 0.0520884 0.0504978 0.0472234 0.0418895 0.0346882 0.0264471
 0.00497111 0.00814231 0.0123842 0.0177096 0.0239912 0.0308623 0.0376964 0.0437704 0.048536 0.0517957 0.0536715 0.0544502 0.0544505 0.0539669 0.0532564 0.0525301 0.0519318 0.0514962 0.0510851 0.0503297 0.048648 0.0454092 0.0402365 0.0332991 0.0253796
 0.00516945 0.00846926 0.0128849 0.0184296 0.0249685 0.0321136 0.0392028 0.0454704 0.0503324 0.0535719 0.0553096 0.0558434 0.0555089 0.0546188 0.0534487 0.0522291 0.0511279 0.0502109 0.0493778 0.0483019 0.046441 0.043193 0.0381851 0.0315578 0.0240331
 0.00539873 0.00884184 0.0134456 0.0192208 0.0260233 0.0334442 0.0407881 0.0472505 0.0522147 0.0554467 0.0570645 0.0573729 0.0567185 0.0554278 0.0537911 0.0520559 0.05041 0.0489467 0.0476057 0.0461131 0.0439854 0.0406687 0.0358083 0.0295158 0.0224412
 0.00565201 0.00925603 0.0140733 0.0201119 0.0272148 0.0349449 0.0425628 0.0492165 0.0542554 0.0574358 0.0588868 0.0589326 0.0579384 0.0562427 0.0541444 0.0518978 0.0497013 0.0476682 0.045775 0.0438047 0.0413446 0.0379071 0.0331703 0.0272237 0.0206389
 0.00589811 0.00966219 0.0146958 0.0210072 0.028428 0.0364922 0.0444136 0.0512862 0.056418 0.0595484 0.0608144 0.0605637 0.0591895 0.0570554 0.0544771 0.0517171 0.0489775 0.0463811 0.0439308 0.0414614 0.0386348 0.0350399 0.0304008 0.0247938 0.018713
 0.00614042 0.0100589 0.0152983 0.021866 0.0295841 0.0379628 0.0461763 0.0532718 0.0585175 0.0616313 0.0627484 0.0622291 0.0604879 0.0579137 0.0548464 0.0515662 0.0482856 0.0451365 0.0421418 0.0391794 0.0359799 0.0322093 0.0276444 0.0223564 0.0167676
 0.00639279 0.0104711 0.0159222 0.0227508 0.030767 0.0394535 0.0479422 0.0552336 0.0605607 0.0636288 0.0645801 0.0637923 0.0616989 0.0587072 0.0551734 0.0513925 0.0475898 0.0439094 0.0403951 0.0369637 0.0334075 0.0294647 0.0249645 0.0199775 0.0148606
 0.00661305 0.0108356 0.0164826 0.0235591 0.0318645 0.0408549 0.0496181 0.0571052 0.0625122 0.0655303 0.0663107 0.0652522 0.0628131 0.0594222 0.0554524 0.0512095 0.0469265 0.0427572 0.0387637 0.0348995 0.0310135 0.0269098 0.0224661 0.0177544 0.0130735
 0.00685373 0.0112266 0.0170707 0.0243876 0.0329658 0.0422367 0.0512503 0.0589134 0.0643865 0.067345 0.0679443 0.0666029 0.0638053 0.060008 0.055607 0.0509238 0.0461988 0.0415915 0.0371765 0.0329358 0.0287666 0.0245313 0.020151 0.0156989 0.011422
 0.00709202 0.0116192 0.0176705 0.0252455 0.0341186 0.0436889 0.0529572 0.0607779 0.0662759 0.0691199 0.0694835 0.0678157 0.0646324 0.0604175 0.0555885 0.0504826 0.0453492 0.0403535 0.0355789 0.0310285 0.0266374 0.0223147 0.0180171 0.0138178 0.00991712
 0.00728198 0.0119353 0.0181598 0.0259564 0.0350912 0.0449392 0.0544598 0.0624598 0.0680243 0.0708029 0.0709734 0.0690061 0.0654489 0.0608198 0.0555669 0.0500492 0.0445289 0.0391783 0.0340886 0.0292792 0.0247137 0.0203367 0.016131 0.0121665 0.00860229
 0.00742776 0.0121741 0.018523 0.0264759 0.0357941 0.0458404 0.0555522 0.0637077 0.0693651 0.0721541 0.0722425 0.0701002 0.0662846 0.0613322 0.0557167 0.0498233 0.0439376 0.0382491 0.0328637 0.0278178 0.0230982 0.0186758 0.0145507 0.0107867 0.00750638
 0.00753282 0.0123417 0.0187699 0.0268164 0.0362395 0.0463967 0.0562169 0.0644679 0.0701976 0.0730272 0.0731167 0.0709275 0.0670083 0.0618909 0.0560508 0.0498852 0.0436993 0.0377066 0.0320383 0.026757 0.0218758 0.0173897 0.0133116 0.00969748 0.00663817
 0.00760585 0.0124568 0.0189363 0.0270406 0.0365246 0.0467414 0.0566152 0.0649091 0.0706693 0.0735188 0.0736195 0.0714315 0.0674958 0.0623314 0.0564009 0.0500931 0.0437151 0.0374944 0.0315863 0.0260844 0.0210348 0.0164604 0.0123893 0.00887217 0.00597318
 0.00763599 0.012504 0.019004 0.0271312 0.0366395 0.0468811 0.0567793 0.0650968 0.0708801 0.0737532 0.0738795 0.0717186 0.0678079 0.0626575 0.0567174 0.0503627 0.0438909 0.0375286 0.0314439 0.0257555 0.0205427 0.0158603 0.011757 0.0082845 0.00548807
 0.00774109 0.0126594 0.0192092 0.0273754 0.0369045 0.0471467 0.0570271 0.0653126 0.0710548 0.0738841 0.0739708 0.0717813 0.0678562 0.0627048 0.0567697 0.0504138 0.0439201 0.0375037 0.0313302 0.0255292 0.0202032 0.0154353 0.0112972 0.00784782 0.00512169
 0.00776515 0.0127023 0.01928 0.0274829 0.0370533 0.0473312 0.0572291 0.0655041 0.0712081 0.0739828 0.0740161 0.0717889 0.0678484 0.0627011 0.0567816 0.0504424 0.0439547 0.0375229 0.0313063 0.0254368 0.02003 0.0151905 0.0110104 0.00756025 0.00487087
 0.0078303 0.0127988 0.0194082 0.0276379 0.0372272 0.0475168 0.0574208 0.0656957 0.0713887 0.0741356 0.0741215 0.0718324 0.0678279 0.0626287 0.0566792 0.0503322 0.0438507 0.0374266 0.0312069 0.0253175 0.0198771 0.015002 0.0107995 0.00735061 0.0046872
 0.00784552 0.0128245 0.0194481 0.0276951 0.0373026 0.0476071 0.057518 0.0657892 0.07147 0.0742017 0.0741746 0.0718753 0.0678598 0.0626457 0.0566773 0.050312 0.0438169 0.0373841 0.0311561 0.025253 0.0197917 0.0148927 0.0106721 0.00721901 0.00456795
 0.00787469 0.0128672 0.0195036 0.0277603 0.037373 0.0476789 0.0575889 0.065858 0.0715345 0.074258 0.074218 0.0719029 0.0678711 0.0626424 0.0566615 0.0502848 0.0437794 0.0373373 0.031101 0.0251892 0.0197176 0.0148077 0.0105794 0.00712618 0.00448464
 0.00787203 0.0128624 0.0194957 0.0277478 0.0373543 0.047653 0.0575562 0.0658213 0.0714996 0.0742328 0.0742106 0.0719181 0.0679091 0.062698 0.0567265 0.0503503 0.0438375 0.0373824 0.0311295 0.025199 0.0197083 0.0147806 0.0105386 0.00707849 0.00443786
 0.00787207 0.0128555 0.0194726 0.0276963 0.0372634 0.0475186 0.0573859 0.0656345 0.0713225 0.0740907 0.0741221 0.0718927 0.0679468 0.0627911 0.0568613 0.0505094 0.0440029 0.0375381 0.0312635 0.0253039 0.0197809 0.0148222 0.0105539 0.00707505 0.00442424
 0.0078855 0.0128749 0.0194968 0.0277213 0.0372819 0.0475199 0.0573579 0.0655671 0.0712129 0.0739479 0.0739668 0.0717517 0.0678452 0.0627446 0.0568735 0.0505728 0.0441024 0.0376554 0.0313808 0.0254074 0.0198616 0.0148769 0.0105844 0.00708656 0.00442375
 0.00789429 0.0128873 0.0195119 0.027737 0.0372949 0.0475266 0.0573542 0.0655485 0.0711747 0.0738864 0.0738819 0.07165 0.0677404 0.0626554 0.0568173 0.0505603 0.0441343 0.0377227 0.0314685 0.0254989 0.0199433 0.0149403 0.0106268 0.00711031 0.00443386
 0.00788563 0.0128748 0.019496 0.027719 0.0372763 0.0475084 0.0573362 0.0655295 0.0711529 0.07386 0.0738494 0.0716106 0.0676954 0.0626092 0.0567782 0.0505385 0.0441383 0.0377555 0.0315259 0.0255705 0.0200165 0.0150042 0.0106752 0.00714205 0.00445158
 0.00789883 0.012889 0.0195043 0.027711 0.037242 0.0474431 0.0572444 0.0654246 0.0710521 0.0737783 0.0737945 0.0715828 0.0676896 0.0626187 0.0567977 0.0505663 0.0441758 0.0378053 0.0315884 0.0256423 0.0200906 0.0150721 0.0107303 0.00718153 0.00447641
 0.00784864 0.0128155 0.0194084 0.0275979 0.0371185 0.0473142 0.057112 0.0652893 0.070918 0.0736558 0.0737 0.0715326 0.0676935 0.0626759 0.056898 0.0506946 0.0443178 0.0379504 0.0317299 0.0257756 0.020211 0.0151749 0.0108118 0.00724056 0.00451509
 0.00782331 0.0127653 0.019317 0.0274467 0.0368942 0.0470182 0.0567673 0.0649376 0.0706072 0.0734239 0.0735662 0.0714982 0.0677491 0.0628079 0.057091 0.0509309 0.0445778 0.0382148 0.0319823 0.0260038 0.0204073 0.015335 0.0109346 0.00732809 0.00457244
 0.00781362 0.0127493 0.0192918 0.0274075 0.0368331 0.046924 0.0566277 0.0647452 0.070367 0.0731582 0.0733113 0.0712943 0.0676268 0.0627806 0.0571545 0.0510692 0.0447691 0.0384359 0.0322114 0.0262225 0.0206016 0.0154964 0.0110595 0.00741781 0.00463171
 0.00777691 0.0126916 0.0192086 0.0272966 0.0366948 0.0467619 0.0564489 0.0645588 0.0701816 0.0729807 0.0731482 0.0711555 0.067528 0.06274 0.0571863 0.051177 0.0449436 0.0386576 0.0324561 0.0264662 0.0208243 0.0156845 0.0112065 0.00752384 0.0047019
 0.00774008 0.0126299 0.0191126 0.0271573 0.0365065 0.0465263 0.0561788 0.0642775 0.069918 0.0727609 0.0729891 0.071063 0.0675001 0.0627721 0.0572753 0.0513211 0.0451391 0.0388952 0.0327193 0.0267335 0.0210743 0.0158998 0.0113773 0.00764816 0.00478471
 0.00771025 0.0125788 0.0190311 0.0270352 0.0363348 0.0463015 0.0559062 0.0639737 0.069609 0.0724775 0.0727612 0.0709133 0.0674401 0.0628014 0.0573842 0.0514956 0.0453644 0.0391567 0.0330012 0.027018 0.021342 0.0161335 0.0115653 0.00778688 0.00487811
 0.0076849 0.0125395 0.0189752 0.0269606 0.0362397 0.0461833 0.0557623 0.063803 0.0694143 0.0722685 0.0725542 0.07073 0.0673033 0.0627297 0.0573875 0.0515734 0.0455076 0.0393505 0.0332277 0.0272581 0.0215762 0.0163442 0.0117395 0.00791852 0.0049686
 0.00766336 0.0125036 0.0189198 0.0268808 0.0361325 0.0460497 0.0556084 0.0636393 0.0692524 0.0721173 0.0724191 0.0706144 0.0672125 0.0626723 0.0573744 0.0516137 0.0456046 0.0394993 0.0334162 0.0274685 0.0217888 0.0165404 0.0119051 0.008046 0.00505765
 0.00763956 0.0124665 0.0188668 0.0268104 0.0360441 0.0459437 0.0554868 0.0635065 0.0691158 0.0719861 0.0723026 0.0705202 0.0671452 0.0626345 0.0573684 0.0516429 0.0456727 0.0396076 0.0335606 0.0276383 0.0219684 0.0167124 0.0120546 0.00816373 0.0051415
 0.00760598 0.0124147 0.0187941 0.0267164 0.0359309 0.0458158 0.0553511 0.0633718 0.0689913 0.0718794 0.0722188 0.0704619 0.0671136 0.06263 0.057391 0.0516929 0.0457502 0.0397126 0.0336909 0.0277881 0.0221272 0.0168666 0.0121909 0.00827311 0.00522069
 0.00759689 0.0123984 0.0187669 0.0266742 0.0358702 0.0457359 0.0552555 0.0632678 0.0688883 0.0717863 0.0721416 0.0704037 0.0670751 0.062611 0.0573919 0.0517142 0.0457932 0.0397781 0.0337782 0.0278938 0.0222442 0.0169848 0.0122994 0.00836291 0.00528754
 0.0075736 0.0123628 0.0187173 0.0266103 0.0357929 0.0456466 0.0551565 0.0631629 0.0687834 0.0716892 0.072061 0.0703469 0.0670464 0.0626113 0.0574186 0.0517637 0.0458618 0.039863 0.033877 0.028003 0.0223585 0.0170967 0.0124005 0.00844636 0.00534986
 0.00757258 0.0123608 0.0187136 0.026604 0.0357832 0.0456327 0.0551377 0.0631386 0.0687527 0.0716509 0.0720147 0.0702942 0.0669917 0.0625611 0.0573798 0.0517417 0.0458595 0.039881 0.033914 0.0280563 0.0224233 0.0171667 0.0124683 0.0085053 0.00539575
 0.00756285 0.012347 0.0186967 0.026586 0.0357664 0.045619 0.0551274 0.0631307 0.0687449 0.071641 0.0720009 0.0702753 0.0669674 0.062533 0.0573514 0.051718 0.0458458 0.0398813 0.0339303 0.0280879 0.022467 0.0172172 0.0125194 0.00855108 0.00543225
 0.00754588 0.0123207 0.0186597 0.0265383 0.0357099 0.0455576 0.0550673 0.0630791 0.0687085 0.0716233 0.0720011 0.0702889 0.0669886 0.0625561 0.0573731 0.0517375 0.045865 0.0399034 0.0339584 0.0281236 0.0225096 0.0172636 0.012565 0.00859151 0.00546433
 0.00752388 0.0122864 0.0186109 0.0264741 0.0356312 0.0454676 0.054972 0.0629872 0.06863 0.0715676 0.0719745 0.070293 0.0670199 0.0626077 0.0574363 0.0518046 0.0459306 0.0399655 0.0340172 0.0281802 0.0225646 0.0173159 0.0126125 0.00863151 0.00549514
 0.00751167 0.012263 0.0185692 0.0264061 0.0355301 0.0453322 0.0548096 0.0628138 0.0684667 0.0714348 0.0718873 0.070259 0.0670391 0.0626735 0.0575376 0.051928 0.046063 0.0400961 0.0341391 0.0282897 0.0226601 0.017397 0.0126787 0.00868273 0.00553208
 0.0075049 0.0122552 0.0185629 0.0264044 0.0355346 0.04534 0.0548118 0.0627983 0.0684234 0.0713617 0.0717928 0.0701597 0.0669537 0.0626168 0.0575168 0.0519423 0.0461059 0.0401577 0.0342093 0.0283605 0.022726 0.0174548 0.0127267 0.00872031 0.00555945
 0.00750487 0.012253 0.018556 0.0263898 0.0355104 0.0453072 0.0547753 0.0627642 0.068396 0.0713398 0.0717704 0.0701304 0.066916 0.0625763 0.0574841 0.0519279 0.0461154 0.0401906 0.0342597 0.02842 0.0227867 0.0175104 0.0127735 0.00875666 0.00558553
 0.00748222 0.0122201 0.0185138 0.0263411 0.0354592 0.0452564 0.0547262 0.0627174 0.0683529 0.0713035 0.0717449 0.070118 0.0669154 0.0625841 0.0574975 0.0519471 0.0461432 0.0402302 0.0343115 0.0284806 0.0228501 0.0175701 0.0128245 0.00879636 0.00561373
 0.00748222 0.0122201 0.0185138 0.0263411 0.0354592 0.0452564 0.0547262 0.0627174 0.0683529 0.0713035 0.0717449 0.070118 0.0669154 0.0625841 0.0574975 0.0519471 0.0461432 0.0402302 0.0343115 0.0284806 0.0228501 0.0175701 0.0128245 0.00879636 0.00561373
 0.00710821 0.0116226 0.0176371 0.0251489 0.0339511 0.0434896 0.0528313 0.0608909 0.0668171 0.0702493 0.0712841 0.0702662 0.0676053 0.0636929 0.0588791 0.0534589 0.0476652 0.0416725 0.0356143 0.0296081 0.0237841 0.018307 0.0133739 0.00918001 0.00586233
 0.00708464 0.0115436 0.0174427 0.0247576 0.0332793 0.0424843 0.0515017 0.059323 0.0651634 0.0686998 0.0700295 0.0694619 0.0673415 0.0639797 0.0596495 0.0545904 0.0490101 0.0430875 0.0369808 0.0308405 0.0248304 0.0191442 0.0140032 0.00962146 0.00614918
 0.00706425 0.0115186 0.0174167 0.0247302 0.033234 0.0423766 0.0512566 0.0588533 0.0644081 0.0676645 0.0688079 0.068222 0.0662819 0.0632754 0.0594071 0.0548273 0.0496601 0.0440271 0.0380639 0.0319313 0.0258239 0.0199752 0.014645 0.0100793 0.0064497
 0.00707813 0.011544 0.0174605 0.0248008 0.0333392 0.0425178 0.0514205 0.0590029 0.0644784 0.0675717 0.0684761 0.0676211 0.0654588 0.0623566 0.0585665 0.0542308 0.0494129 0.0441471 0.0384877 0.0325448 0.0265018 0.0206128 0.0151754 0.0104759 0.00671799
 0.00696774 0.0113807 0.0172453 0.0245464 0.0330681 0.042258 0.0512011 0.0588488 0.0644027 0.0675661 0.0685037 0.067621 0.0653674 0.0621397 0.0582473 0.0538927 0.0491719 0.044104 0.0386866 0.0329583 0.0270474 0.0211884 0.0156941 0.010886 0.00700632
 0.00694734 0.0113389 0.0171672 0.0244151 0.0328717 0.0419993 0.0509041 0.0585566 0.0641644 0.0674191 0.0684592 0.0676592 0.0654424 0.0621952 0.0582383 0.0538094 0.0490506 0.0440163 0.0387071 0.033128 0.0273546 0.0215765 0.0160894 0.0112276 0.00726246
#pred catch len freq
 0.00321392 0.00521623 0.00786858 0.0112151 0.0152965 0.0201025 0.0255109 0.0312757 0.0370776 0.0425896 0.0475263 0.0516808 0.0549523 0.0573475 0.0589515 0.0598895 0.0602986 0.060296 0.0599135 0.0589931 0.0571121 0.0536565 0.0481139 0.0404701 0.0314316
 0.00348366 0.00557685 0.00826998 0.0115693 0.0155107 0.0201261 0.025366 0.0310467 0.0368619 0.0424424 0.0474357 0.0515888 0.0548038 0.0571357 0.0587332 0.0597627 0.0603536 0.060562 0.0603274 0.0594116 0.0573678 0.0536338 0.0478017 0.0399608 0.0308676
 0.00359915 0.00580023 0.00866539 0.012201 0.0164068 0.0212346 0.026535 0.0320595 0.0375229 0.0426643 0.0472672 0.051164 0.0542587 0.0565538 0.0581492 0.0592015 0.059857 0.0601768 0.0600671 0.0592276 0.0571609 0.0533061 0.0473146 0.039358 0.0302488
 0.0037418 0.00602124 0.0089833 0.0126402 0.0170087 0.0220624 0.0276552 0.0334941 0.0391919 0.0443622 0.0487092 0.0520929 0.0545477 0.0562398 0.0573844 0.0581705 0.0587164 0.0590353 0.0589849 0.0582183 0.0561987 0.0523519 0.046354 0.0384241 0.0294109
 0.00389865 0.00627471 0.00936176 0.013169 0.0177066 0.0229387 0.0287093 0.0347202 0.0405822 0.0458941 0.0503127 0.05362 0.0557817 0.0569597 0.0574529 0.0575884 0.057609 0.0575888 0.0573768 0.0565761 0.0545949 0.0508245 0.0449361 0.0371626 0.0283603
 0.00408644 0.0065739 0.00980185 0.0137765 0.0185041 0.023941 0.0299159 0.0361077 0.0421023 0.0474802 0.0518896 0.0551061 0.0570789 0.0579416 0.0579726 0.0575181 0.0568941 0.0562795 0.0556143 0.0545444 0.0524722 0.0487588 0.0430443 0.0355357 0.02706
 0.00432856 0.00695883 0.0103659 0.0145501 0.0195099 0.025189 0.0313954 0.0377799 0.0438997 0.049312 0.0536529 0.056697 0.0584017 0.0589087 0.0584986 0.0575153 0.0562868 0.0550362 0.0537811 0.0522548 0.0499258 0.0461811 0.040646 0.0334808 0.025444
 0.00457582 0.00735626 0.0109566 0.0153739 0.0205996 0.0265622 0.0330433 0.0396577 0.0459252 0.0513744 0.055626 0.0584549 0.0598318 0.0599204 0.0590214 0.0574915 0.0556663 0.0537858 0.0519109 0.0498489 0.0471565 0.0432904 0.0378979 0.031101 0.0235713
 0.00478661 0.00769869 0.011473 0.0161079 0.0215926 0.0278464 0.0346286 0.0415193 0.0479962 0.0535473 0.057763 0.0604055 0.0614534 0.0610955 0.0596649 0.0575469 0.0550967 0.0525719 0.0500635 0.0474363 0.0443296 0.0402834 0.0349905 0.0285515 0.0215509
 0.00499241 0.00803045 0.0119684 0.0168035 0.0225219 0.029034 0.0360812 0.0432167 0.0498874 0.055551 0.0597724 0.0622952 0.0630907 0.0623541 0.0604372 0.057751 0.054678 0.0515031 0.0483527 0.0451458 0.041599 0.0373357 0.0321025 0.0259909 0.0195045
 0.00527612 0.00848104 0.0126279 0.017707 0.0236955 0.0304894 0.0378058 0.0451642 0.0519757 0.0576695 0.061795 0.0640962 0.0645572 0.0633932 0.0609767 0.0577357 0.0540671 0.0502728 0.0465091 0.0427463 0.0387758 0.0343036 0.0291337 0.0233538 0.0173914
 0.00551781 0.00886682 0.0131963 0.0184925 0.024726 0.0317811 0.039354 0.0469341 0.0538985 0.0596469 0.0637089 0.0658218 0.0659777 0.0644117 0.0615211 0.0577563 0.0535307 0.0491615 0.0448283 0.0405456 0.0361725 0.0314932 0.0263679 0.0208848 0.0154038
 0.00576223 0.00925344 0.0137591 0.0192584 0.0257136 0.0329972 0.0407868 0.0485464 0.0556267 0.0614054 0.065399 0.0673404 0.0672271 0.065307 0.0619952 0.0577607 0.0530332 0.0481458 0.0433003 0.0385498 0.033813 0.0289436 0.0238537 0.0186346 0.0135871
 0.00604698 0.0097044 0.0144161 0.0201519 0.0268613 0.034398 0.0424113 0.0503304 0.057474 0.0632008 0.0670251 0.0686933 0.0682268 0.0659011 0.0621557 0.057476 0.0523006 0.0469684 0.0416942 0.0365601 0.0315335 0.0265273 0.0214985 0.016541 0.0119032
 0.00635264 0.0101795 0.0150915 0.0210447 0.0279766 0.035729 0.043935 0.0519993 0.0592112 0.0649028 0.0685736 0.0699728 0.0691428 0.0663931 0.0621996 0.0570764 0.0514779 0.0457499 0.0401139 0.0346704 0.0294222 0.0243278 0.0193795 0.0146715 0.0104065
 0.00652692 0.0104713 0.0155464 0.0217099 0.0288906 0.0369063 0.0453504 0.0535836 0.0608624 0.0665063 0.07002 0.071167 0.0700079 0.0668735 0.0622645 0.0567209 0.0507194 0.0446221 0.0386629 0.0329585 0.0275371 0.0223893 0.0175313 0.0130535 0.0091181
 0.00663593 0.0106499 0.0158196 0.0221071 0.0294456 0.037654 0.0463165 0.0547695 0.0622294 0.067969 0.0714544 0.072436 0.070991 0.0674886 0.0624728 0.0565195 0.0501297 0.0436813 0.0374215 0.0314826 0.0259141 0.0207298 0.0159599 0.0116866 0.00803552
 0.00673888 0.0108076 0.0160398 0.0223939 0.0298033 0.0380917 0.0468503 0.055419 0.0630082 0.0688718 0.072446 0.0734458 0.0719205 0.0682303 0.0629339 0.0566401 0.0498898 0.0430962 0.0365338 0.0303572 0.0246363 0.0194029 0.0146953 0.0105845 0.00716286
 0.00676754 0.0108524 0.0161041 0.0224797 0.0299121 0.0382251 0.0470125 0.0556187 0.0632618 0.0692029 0.0728777 0.0739878 0.0725539 0.0688996 0.0635534 0.0571124 0.0501301 0.0430523 0.0361959 0.0297572 0.0238417 0.0185061 0.0137988 0.00978086 0.00651568
 0.00668881 0.0107476 0.015989 0.0223828 0.0298658 0.0382531 0.0471192 0.0557895 0.0634732 0.0694363 0.0731293 0.0742691 0.0728823 0.069283 0.0639753 0.0575262 0.0504664 0.0432378 0.0361769 0.0295171 0.0234076 0.0179422 0.0131897 0.00920941 0.00604256
