SBPRF35
7.78865
Curr Bio
550741
B35
661305
F35
0.224116
FOFL
0.192435
OFL
84162.3
Bzero
2.22533e+006
#pred survey bio
 4.57015e+006 4.26922e+006 4.0014e+006 3.70016e+006 3.39162e+006 3.06468e+006 2.7675e+006 2.43061e+006 2.145e+006 1.8863e+006 1.66126e+006 1.48434e+006 1.33018e+006 1.19578e+006 1.03643e+006 923173 820317 758312 725161 690416 646857 627991 621477 607208 593961 581652 575882 576937 568810 571036 567767 562682 555468 542964 529676 516523 502478 500203 498155 504780 509530 500307 506921 519667 526624 536347 544978 554502 559713 565803 571502 575308 564559 558457 542875 541807 511005 478475 458246 459756 478222 481499 493702 511935 533111 559548 575447 559382 551048 2.00384e+007 1.24368e+007 1.29492e+007 1.3647e+007 1.44052e+007 1.51105e+007 1.57094e+007 1.61886e+007 1.65574e+007 1.68338e+007 1.70377e+007 1.71866e+007 1.7295e+007 1.73738e+007 1.74312e+007 1.74733e+007 1.75043e+007 1.75273e+007 1.75444e+007 1.75572e+007 1.75668e+007 1.75741e+007 1.75796e+007 1.75839e+007 1.75871e+007 1.75895e+007 1.75914e+007 1.75929e+007 1.7594e+007 1.75949e+007 1.75955e+007 1.7596e+007 1.75964e+007 1.75967e+007 1.7597e+007 1.75971e+007 1.75973e+007 1.75974e+007 1.75975e+007 1.75975e+007 1.75976e+007 1.75976e+007 1.75977e+007 1.75977e+007 1.75977e+007 1.75977e+007 1.75977e+007 1.75977e+007 1.75978e+007 1.75978e+007 1.75978e+007 1.75978e+007 1.75978e+007 1.75978e+007 1.75978e+007 1.75978e+007 1.75978e+007 1.75978e+007 1.75978e+007 1.75978e+007 1.75978e+007 1.75978e+007 1.75978e+007 1.75978e+007 1.75978e+007 1.75978e+007 1.75978e+007 1.75978e+007 1.75978e+007 1.75978e+007 1.75978e+007 1.75978e+007 1.75978e+007 1.75978e+007 1.75978e+007 1.75978e+007 1.75978e+007 1.75978e+007 1.75978e+007 1.75978e+007 1.75978e+007 1.75978e+007 1.75978e+007 1.75978e+007 1.75978e+007 1.75978e+007 1.75978e+007 1.75978e+007 1.75978e+007 1.75978e+007 1.75978e+007 1.75978e+007 1.75978e+007 1.75978e+007 1.75978e+007 1.75978e+007 1.75978e+007 1.75978e+007 1.75978e+007 1.75978e+007 0 0 0 0 0 0 0 0 0 0 0 0 0 0 0 0 0 0 0 0 0 0 0 0 0
#obs survey bio
 5.19778e+006 3.45915e+006 2.67896e+006 3.57891e+006 2.77752e+006 2.84211e+006 1.97516e+006 2.41569e+006 1.50576e+006 1.67991e+006 1.46717e+006 1.05847e+006 975136 998212 921828 730803 957678 815710 661249 496070 614739 540046 485761 527835 488514 439237 599212 586287 632043 488344 605242 392338 547987 386296 564199 594709 422960 472676 797536 591403 508002 369538 606110 527591 405911 450106 404372 444784 755226 421693 776734 601256 617948 546289 567331 688257 462481 630028 435766 614244 525065 451412 587264 440133 603908 671196 645972 592236 478127
#pred catch bio
 119249 107202 163546 200041 249584 255408 322381 303707 303288 292906 265728 257294 246916 269801 227415 214798 175950 149117 148420 152328 127814 115128 118848 114415 110697 103210 96040.9 102398 92748.3 96922.4 97438.2 97624.2 99440.3 96398.6 92077.2 91058.7 84275.1 88455.8 83155.2 85483.9 97173.2 83992.4 79848.2 85672.9 84310.9 86190.5 86494.7 91178.9 91213.8 92115.4 93856.8 105679 101300 108480 94810.1 117664 116433 104731 86262.7 72628.7 85721.7 79034.7 76086 75612 72500.1 82472.3 111151 108269 88365.9 84162.3 99476.1 102617 107126 112443 117448 121614 124832 127196 128869 130020 130795 131309 131645 131862 132001 132090 132147 132182 132205 132219 132227 132233 132236 132238 132240 132240 132241 132241 132241 132242 132242 132242 132242 132242 132242 132242 132242 132242 132242 132242 132242 132242 132242 132242 132242 132242 132242 132242 132242 132242 132242 132242 132242 132242 132242 132242 132242 132242 132242 132242 132242 132242 132242 132242 132242 132242 132242 132242 132242 132242 132242 132242 132242 132242 132242 132242 132242 132242 132242 132242 132242 132242 132242 132242 132242 132242 132242 132242 132242 132242 132242 132242 132242 132242 132242 132242 132242 132242 132242 0 0 0 0 0 0 0 0 0 0 0 0 0 0 0 0 0 0 0 0 0 0 0 0 0
#obs catch bio
 0 106899 164427 201100 252357 257880 329567 308291 309240 299732 271670 264137 253752 278585 232194 219794 177980 150874 150191 155609 129190 116581 120416 115355 111177 104090 96461.6 102957 92893.7 97594 97913 98599.8 100363 97278.6 92765.5 90891.5 84523.5 89080.6 82923.7 84895.2 96947.8 83943.9 79833.4 85505.4 84403.1 86142.2 86382.1 91089.9 91111 92144.2 93447.7 105490 100826 108357 94007.5 116310 115268 103753 85902.9 71983.5 85345.6 78740 75904 75770.5 72354.2 81817.1 110316 108115 88210.9
#pred cpue bio
 4.49759e+006 4.19988e+006 3.93381e+006 3.63338e+006 3.3263e+006 3.00093e+006 2.70516e+006 2.37079e+006 2.08734e+006 1.83049e+006 1.60718e+006 1.43162e+006 1.27896e+006 1.14659e+006 990764 880283 780227 720031 687918 654333 612413 594540 588694 575511 563291 551662 546253 547591 539933 542136 539047 534301 527671 516119 504026 492081 477961 473949 470936 477568 482491 473516 479805 492195 498900 508215 516538 525655 530567 536405 541962 545770 535314 529228 514170 513497 483858 452045 432085 433610 451910 455281 466838 484209 504788 530795 546253 529570 519717 1.88882e+007 1.17385e+007 1.21981e+007 1.28277e+007 1.3562e+007 1.42623e+007 1.48602e+007 1.53393e+007 1.5708e+007 1.59844e+007 1.61883e+007 1.63372e+007 1.64456e+007 1.65244e+007 1.65819e+007 1.6624e+007 1.66549e+007 1.66779e+007 1.6695e+007 1.67078e+007 1.67174e+007 1.67247e+007 1.67303e+007 1.67345e+007 1.67377e+007 1.67402e+007 1.6742e+007 1.67435e+007 1.67446e+007 1.67455e+007 1.67461e+007 1.67466e+007 1.6747e+007 1.67473e+007 1.67476e+007 1.67478e+007 1.67479e+007 1.6748e+007 1.67481e+007 1.67482e+007 1.67482e+007 1.67483e+007 1.67483e+007 1.67483e+007 1.67483e+007 1.67483e+007 1.67484e+007 1.67484e+007 1.67484e+007 1.67484e+007 1.67484e+007 1.67484e+007 1.67484e+007 1.67484e+007 1.67484e+007 1.67484e+007 1.67484e+007 1.67484e+007 1.67484e+007 1.67484e+007 1.67484e+007 1.67484e+007 1.67484e+007 1.67484e+007 1.67484e+007 1.67484e+007 1.67484e+007 1.67484e+007 1.67484e+007 1.67484e+007 1.67484e+007 1.67484e+007 1.67484e+007 1.67484e+007 1.67484e+007 1.67484e+007 1.67484e+007 1.67484e+007 1.67484e+007 1.67484e+007 1.67484e+007 1.67484e+007 1.67484e+007 1.67484e+007 1.67484e+007 1.67484e+007 1.67484e+007 1.67484e+007 1.67484e+007 1.67484e+007 1.67484e+007 1.67484e+007 1.67484e+007 1.67484e+007 1.67484e+007 1.67484e+007 1.67484e+007 1.67484e+007 1.67484e+007 1.67484e+007 0 0 0 0 0 0 0 0 0 0 0 0 0 0 0 0 0 0 0 0 0 0 0 0 0
#obs cpue bio
 3.36851e+006 2.36647e+006 3.06309e+006 3.08072e+006 2.45045e+006 2.60266e+006 1.91945e+006 3.38072e+006 1.93002e+006 1.3169e+006 1.3455e+006 1.22286e+006 1.14677e+006 1.17123e+006 1.14636e+006 841735 830320 469626 673511 487268 762233 454010 694237 753414 816676 469485 578500 557274 504231 437070 534145 464215 525695 627998 457124 860159 350494 405768 536633 580404 433041 483945 382731 640553 474133 718523 717784 687611 394804 646160 567721 507126 557057 519185 690637 656559 530820 400166 371921 454660 411378 433471 376553 401641 568435 783491 575009 334597 514552
#pred surv len freq
 0.00461805 0.00747885 0.0112263 0.0158469 0.0212567 0.0272324 0.0333708 0.0391692 0.0442012 0.0482492 0.0513105 0.0535153 0.0550427 0.0560625 0.0566955 0.056991 0.0569282 0.0564312 0.0553698 0.0535343 0.0506194 0.0462913 0.0403752 0.0330827 0.0251009
 0.00501383 0.00803143 0.0118942 0.0165462 0.0218991 0.0277769 0.0338519 0.0396731 0.0447968 0.0489193 0.0519296 0.0538949 0.0550163 0.0555656 0.0557999 0.0558822 0.0558385 0.0555559 0.0547994 0.0532318 0.0504553 0.0461191 0.0401047 0.0327115 0.0246928
 0.00515499 0.00830937 0.0123955 0.0173644 0.0230918 0.0293127 0.0355816 0.0413633 0.0462204 0.0499467 0.0525546 0.0541783 0.0550012 0.0552357 0.055111 0.0548326 0.0545161 0.0541245 0.0534336 0.052045 0.0494676 0.0452815 0.0393567 0.0320283 0.0240929
 0.00535542 0.0086165 0.0128284 0.0179429 0.0238495 0.0303055 0.0368744 0.0429867 0.048116 0.05194 0.0543892 0.0556015 0.0558478 0.055456 0.0547384 0.0539364 0.053184 0.0524733 0.0516134 0.0502147 0.0477543 0.043757 0.038047 0.0309404 0.0232313
 0.0055951 0.00899896 0.0133898 0.0187101 0.0248347 0.0315003 0.0382485 0.0444965 0.0497184 0.053596 0.0560435 0.0571517 0.0571348 0.0562967 0.0549844 0.0535204 0.0521308 0.0508836 0.0496401 0.0480392 0.0455606 0.041704 0.0362503 0.0294672 0.0221044
 0.00584115 0.00939866 0.0139911 0.0195582 0.0259642 0.032922 0.0399343 0.0463721 0.0516733 0.0555073 0.0578013 0.0586711 0.0583471 0.0571279 0.0553424 0.0533078 0.0512803 0.0493956 0.0476015 0.0456156 0.0429674 0.039168 0.0339688 0.0275771 0.020666
 0.00600153 0.00966966 0.014419 0.0201953 0.0268612 0.0341145 0.041426 0.0481237 0.0536019 0.0574962 0.0597165 0.0603804 0.0597371 0.0581122 0.0558552 0.0532913 0.0506814 0.0481833 0.0457988 0.0433272 0.0403817 0.0365271 0.0315171 0.0255058 0.0190759
 0.00633708 0.0101915 0.0151618 0.0211796 0.0280964 0.0356 0.0431473 0.0500429 0.0556501 0.0595725 0.0616953 0.0621262 0.0611227 0.0590348 0.0562441 0.0531039 0.0498941 0.0467891 0.0438221 0.0408505 0.0375675 0.0336113 0.0287651 0.0231472 0.0172469
 0.00667421 0.010728 0.0159471 0.0222505 0.0294691 0.0372597 0.0450381 0.0520697 0.0576959 0.0615234 0.0634575 0.0636248 0.0622916 0.0598082 0.0565573 0.0529001 0.0491321 0.0454503 0.0419225 0.0384598 0.0348288 0.0307415 0.0260217 0.0207667 0.0153815
 0.0069869 0.0112336 0.0167032 0.0233095 0.0308684 0.0390063 0.0470908 0.0543294 0.0600149 0.0637321 0.0653958 0.0651687 0.0633649 0.060378 0.0566178 0.0524526 0.048174 0.043979 0.0399524 0.0360487 0.0321014 0.0278942 0.0232959 0.0183912 0.0135101
 0.00733138 0.0117758 0.0174869 0.0243665 0.0322172 0.0406477 0.0489984 0.0564392 0.0622222 0.0658986 0.0673659 0.0667912 0.0645168 0.0609826 0.0566489 0.0519235 0.0471181 0.0424343 0.0379623 0.03368 0.0294687 0.0251718 0.0206994 0.0161287 0.011724
 0.00757138 0.0121687 0.0180832 0.0252142 0.033352 0.0420779 0.0506904 0.0583142 0.0641693 0.067796 0.0690979 0.0682539 0.065618 0.0616448 0.0568167 0.0515716 0.0462524 0.0410869 0.0361869 0.0315558 0.0271114 0.022741 0.0183848 0.0141115 0.0101292
 0.00766996 0.0123517 0.0184015 0.0257315 0.0341331 0.0431681 0.0520929 0.0599783 0.0659933 0.0696445 0.0708254 0.0697275 0.066734 0.0623348 0.0570445 0.0513251 0.0455382 0.0399301 0.0346346 0.0296836 0.0250307 0.0205994 0.0163512 0.0123433 0.00873288
 0.00769069 0.0124011 0.018507 0.0259339 0.0344835 0.0437202 0.0528902 0.0610393 0.0672979 0.0711252 0.0723697 0.0711947 0.0679821 0.063247 0.0575447 0.0513795 0.045147 0.0391179 0.0334476 0.0281927 0.0233378 0.0188367 0.0146674 0.0108749 0.00757139
 0.00795832 0.0128171 0.019098 0.0267132 0.0354515 0.0448639 0.0541806 0.0624276 0.0687162 0.0724929 0.0736009 0.0722055 0.0686979 0.0636098 0.0575201 0.05096 0.0443505 0.0379835 0.0320312 0.026568 0.0215993 0.0170995 0.0130558 0.00949884 0.00649955
 0.00809269 0.013039 0.0194377 0.0271998 0.0361055 0.0456868 0.0551456 0.0634801 0.0697856 0.0735096 0.0745086 0.0729621 0.0692688 0.0639621 0.0576214 0.0507837 0.0438834 0.037232 0.0310253 0.025363 0.0202751 0.0157555 0.0117983 0.00842041 0.00565788
 0.00836491 0.0134521 0.0200055 0.0279176 0.036955 0.0466426 0.0561768 0.0645452 0.0708274 0.0744568 0.0752867 0.0735094 0.0695503 0.0639729 0.0573786 0.0503129 0.0432086 0.0363745 0.0300106 0.0242295 0.0190805 0.0145751 0.0107141 0.00750317 0.00494949
 0.00854647 0.0137291 0.0203879 0.0284012 0.0375213 0.0472613 0.0568094 0.0651513 0.0713741 0.0749267 0.075677 0.0738218 0.0697789 0.0640994 0.0573786 0.0501653 0.0429026 0.035911 0.0294022 0.0235028 0.0182782 0.0137559 0.00994393 0.00684105 0.00443251
 0.00857869 0.0137826 0.0204701 0.0285192 0.0376796 0.0474588 0.0570373 0.065394 0.0716143 0.0751525 0.0758868 0.0740229 0.0699799 0.0643002 0.0575633 0.0503032 0.0429563 0.0358485 0.0292068 0.0231787 0.0178518 0.0132721 0.00945759 0.00640405 0.00408098
 0.00850079 0.0136851 0.0203774 0.0284716 0.0377225 0.0476249 0.0573311 0.0657876 0.0720561 0.0755835 0.0762558 0.0742982 0.070153 0.0643827 0.0575765 0.0502654 0.042874 0.0357153 0.0290108 0.0229133 0.0175248 0.0129079 0.00909215 0.00607462 0.00381486
 0.00864824 0.0138931 0.0206332 0.028748 0.0379913 0.0478747 0.0575768 0.0660615 0.0723833 0.0759572 0.0766303 0.0746049 0.0703292 0.0643963 0.057434 0.0500024 0.042536 0.0353409 0.0286237 0.0225243 0.0171405 0.0125386 0.00875446 0.0057869 0.00359028
 0.00863529 0.013876 0.0206136 0.0287263 0.0379628 0.0478263 0.0574904 0.0659257 0.0722104 0.0757911 0.0765357 0.0746369 0.0705034 0.0646787 0.0577577 0.0502979 0.0427559 0.0354672 0.0286602 0.0224856 0.0170446 0.012405 0.0086045 0.00564175 0.0034669
 0.00846747 0.0136236 0.0202722 0.0283068 0.0374893 0.047332 0.0570127 0.0655022 0.0718737 0.0755664 0.0764411 0.0746876 0.0707111 0.0650422 0.0582515 0.0508686 0.0433339 0.0359865 0.029076 0.0227802 0.0172234 0.0124883 0.00861965 0.00561701 0.00342643
 0.00845165 0.0135845 0.0201893 0.0281549 0.0372474 0.0469959 0.0566048 0.0650699 0.0714759 0.0752542 0.076245 0.074616 0.0707586 0.0651992 0.0585067 0.0512055 0.043724 0.0363895 0.0294474 0.023084 0.0174412 0.0126211 0.00868291 0.00563316 0.00341739
 0.0085681 0.0137461 0.0203803 0.0283405 0.0373799 0.0470272 0.0564999 0.0648176 0.0710949 0.0747927 0.0757721 0.0742041 0.0704637 0.0650494 0.0585021 0.0513263 0.0439393 0.0366623 0.029738 0.0233547 0.0176633 0.0127804 0.00878072 0.00568202 0.00343438
 0.00858758 0.0137914 0.0204719 0.028501 0.0376223 0.0473392 0.056834 0.0650974 0.0712393 0.0747476 0.0755323 0.0738151 0.070005 0.0646072 0.0581458 0.0510947 0.0438388 0.0366742 0.0298285 0.023485 0.0177981 0.0128945 0.00886189 0.00573015 0.00345708
 0.00856097 0.0137448 0.020397 0.0283921 0.0374825 0.0471865 0.0567016 0.0650232 0.0712462 0.0748263 0.0756404 0.0738972 0.0700209 0.0645521 0.0580494 0.051004 0.0437954 0.0366988 0.0299178 0.0236176 0.0179449 0.0130293 0.00896824 0.00580287 0.0035001
 0.00854182 0.0137048 0.0203206 0.0282592 0.0372737 0.0468919 0.0563306 0.0646099 0.0708464 0.074505 0.0754522 0.0738665 0.070133 0.0647616 0.0583025 0.0512605 0.0440397 0.0369334 0.0301493 0.0238458 0.0181601 0.0132173 0.00911724 0.00590904 0.00356761
 0.00865751 0.0138773 0.02055 0.028533 0.0375665 0.047168 0.0565477 0.064726 0.0708306 0.0743503 0.0751824 0.0735317 0.0697936 0.0644675 0.0580792 0.051109 0.0439465 0.036884 0.030135 0.0238616 0.0181999 0.013271 0.00917287 0.00595663 0.00360217
 0.00857521 0.0137648 0.0204197 0.0284087 0.0374752 0.0471278 0.0565583 0.0647678 0.0708731 0.0743645 0.0751521 0.0734587 0.0696965 0.0643754 0.0580209 0.0511027 0.0439946 0.0369753 0.0302521 0.0239879 0.0183228 0.0133818 0.00926539 0.00602751 0.00365136
 0.00853407 0.0136992 0.0203246 0.0282833 0.0373272 0.0469766 0.0564344 0.0647048 0.0708933 0.0744649 0.0753014 0.0736098 0.0698072 0.0644252 0.0580161 0.0510681 0.0439597 0.0369617 0.0302679 0.0240297 0.0183808 0.0134445 0.00932369 0.00607538 0.00368639
 0.00839182 0.0134958 0.0200699 0.0280035 0.0370566 0.0467456 0.0562613 0.0645963 0.0708518 0.0744938 0.0754033 0.0737785 0.0700214 0.0646514 0.0582204 0.0512294 0.0440757 0.0370448 0.0303353 0.024094 0.0184462 0.0135087 0.00938152 0.00612236 0.00372065
 0.00824295 0.0132652 0.0197457 0.0275864 0.0365642 0.0462155 0.055751 0.0641745 0.0705798 0.0744062 0.0754983 0.0740246 0.0703721 0.0650588 0.0586412 0.051628 0.0444268 0.0373365 0.0305683 0.0242775 0.0185911 0.0136231 0.00946984 0.00618737 0.00376519
 0.00802757 0.0129469 0.0193256 0.0270858 0.0360185 0.0456637 0.0552295 0.063718 0.0702245 0.0741889 0.0754491 0.0741554 0.0706693 0.0654843 0.0591425 0.0521508 0.0449256 0.0377798 0.0309401 0.0245749 0.01882 0.0137937 0.00959281 0.00627224 0.00382047
 0.00793977 0.0127881 0.0190589 0.0266722 0.0354322 0.0449132 0.0543727 0.0628563 0.0694754 0.0736501 0.075175 0.0741546 0.070917 0.0659355 0.0597408 0.0528331 0.0456287 0.0384482 0.0315329 0.025069 0.0192091 0.014084 0.00979804 0.00640923 0.00390624
 0.00878385 0.0139636 0.0204628 0.0280823 0.0365651 0.0455214 0.0543276 0.0621783 0.068309 0.0722105 0.0736919 0.0728256 0.0698761 0.0652405 0.0593817 0.0527541 0.0457521 0.0386937 0.0318299 0.0253636 0.019467 0.0142891 0.00994828 0.00651122 0.00397045
 0.00953415 0.0151638 0.0222199 0.0304484 0.0394863 0.0487822 0.0575277 0.0647933 0.0698449 0.0723843 0.0725346 0.0706489 0.0671357 0.0623818 0.0567366 0.0505095 0.0439689 0.0373482 0.0308552 0.02468 0.0190005 0.0139792 0.00974888 0.00638825 0.00389878
 0.00919053 0.0147636 0.0219123 0.0304751 0.0401222 0.0502322 0.0598242 0.0677414 0.0730388 0.0752929 0.0746359 0.0715791 0.0667974 0.0609603 0.0546133 0.0481188 0.0416716 0.0353678 0.0292801 0.0235029 0.0181641 0.0134108 0.00937937 0.00615961 0.0037653
 0.00889122 0.0142815 0.0212062 0.0295395 0.0390243 0.0491494 0.0590497 0.0676223 0.0738435 0.0770659 0.0771253 0.0742932 0.06917 0.0625446 0.0552148 0.0478172 0.0407403 0.0341442 0.0280517 0.0224493 0.0173561 0.012843 0.00900842 0.00593286 0.0036355
 0.00884285 0.0141677 0.0209695 0.0291034 0.0383132 0.0481239 0.0577494 0.0661969 0.0725525 0.0762303 0.0770305 0.0750704 0.0707133 0.0645208 0.0571785 0.0493766 0.0416868 0.0344855 0.0279506 0.0221197 0.0169772 0.0125199 0.00877779 0.00578841 0.00355425
 0.00885471 0.0141881 0.0209989 0.0291347 0.038322 0.0480609 0.0575422 0.0657716 0.0718757 0.0753539 0.076113 0.0743471 0.0704156 0.0647758 0.0579403 0.0504354 0.0427565 0.0353236 0.0284414 0.0222853 0.0169245 0.0123711 0.0086218 0.00566818 0.00347763
 0.00896593 0.0143668 0.0212636 0.0294993 0.038791 0.0486199 0.0581475 0.0663441 0.0723073 0.0755319 0.0759594 0.0738611 0.0696958 0.0640002 0.0573014 0.0500588 0.0426503 0.0353896 0.0285406 0.0223122 0.016846 0.0122167 0.00844616 0.00551589 0.0033687
 0.0089098 0.0142789 0.0211385 0.029337 0.0386 0.0484207 0.0579725 0.0662318 0.0722878 0.0756097 0.0761037 0.0740132 0.0697951 0.064017 0.0572578 0.0500182 0.0426793 0.035516 0.0287367 0.022515 0.0169969 0.0122908 0.00845441 0.00548766 0.00333165
 0.00891515 0.014269 0.0210897 0.029217 0.0383775 0.0480808 0.0575307 0.0657374 0.0718146 0.0752364 0.0758912 0.0739866 0.0699367 0.0642748 0.0575685 0.0503338 0.0429814 0.0358079 0.0290232 0.0227862 0.0172295 0.0124633 0.0085608 0.00553925 0.0033485
 0.008897 0.0142549 0.0210952 0.0292614 0.0384728 0.0482177 0.0576715 0.0658244 0.0717946 0.075088 0.075639 0.0736916 0.06967 0.0640899 0.0574848 0.0503397 0.0430494 0.0359115 0.0291443 0.0229124 0.0173488 0.0125628 0.00863154 0.00558039 0.00336658
 0.00886024 0.0141935 0.021001 0.0291294 0.0383066 0.0480342 0.057501 0.0657013 0.07174 0.0750962 0.0756786 0.0737246 0.0696753 0.0640743 0.0574758 0.0503659 0.0431244 0.0360302 0.0292897 0.0230644 0.0174903 0.0126815 0.00872089 0.00563981 0.00340079
 0.00889238 0.0142352 0.0210438 0.0291583 0.0383027 0.0479818 0.0573939 0.0655477 0.0715633 0.0749286 0.0755503 0.0736516 0.0696537 0.0640862 0.0575028 0.0504002 0.04317 0.0360949 0.0293759 0.0231661 0.0175953 0.0127771 0.00879801 0.00569487 0.00343539
 0.00884844 0.0141774 0.0209815 0.0291067 0.0382766 0.0479861 0.0574178 0.0655675 0.0715529 0.074874 0.0754573 0.0735435 0.0695597 0.0640284 0.0574884 0.0504235 0.0432196 0.0361615 0.029454 0.0232515 0.0176824 0.0128585 0.00886653 0.00574637 0.00346974
 0.00882532 0.0141425 0.0209349 0.0290519 0.0382223 0.047946 0.0574086 0.0656022 0.0716327 0.0749824 0.0755634 0.0736146 0.0695767 0.0639933 0.0574209 0.0503487 0.0431576 0.0361222 0.0294392 0.0232579 0.0177043 0.012889 0.00889852 0.0057743 0.0034906
 0.00876223 0.0140492 0.0208115 0.028905 0.0380632 0.0477883 0.0572668 0.0654917 0.071569 0.0749781 0.0756225 0.0737275 0.0697208 0.0641402 0.0575469 0.0504431 0.0432236 0.0361707 0.0294812 0.0233002 0.0177483 0.0129323 0.00893764 0.00580615 0.00351378
 0.00869275 0.013942 0.0206615 0.0287123 0.0378343 0.0475371 0.0570146 0.0652655 0.0713964 0.074881 0.075612 0.0738027 0.0698693 0.0643403 0.0577716 0.0506656 0.0434235 0.036338 0.0296158 0.0234075 0.0178344 0.0130015 0.00899197 0.0058466 0.00354171
 0.00870864 0.0139562 0.0206614 0.0286795 0.0377499 0.0473897 0.0568082 0.0650205 0.0711454 0.0746595 0.0754505 0.0737206 0.0698728 0.0644229 0.057916 0.050848 0.0436185 0.0365239 0.0297784 0.0235409 0.0179391 0.0130811 0.00905066 0.00588816 0.00356946
 0.0088033 0.0141126 0.0208998 0.029016 0.0381878 0.0479088 0.0573573 0.0655231 0.0715195 0.0748439 0.0754234 0.0735025 0.0695145 0.0639875 0.0574629 0.0504223 0.0432471 0.0362172 0.0295351 0.0233541 0.0178004 0.0129826 0.00898476 0.00584731 0.00354634
 0.00867699 0.0139418 0.0207074 0.0288467 0.0380978 0.0479482 0.0575521 0.0658648 0.0719644 0.0753213 0.0758518 0.0738104 0.0696602 0.0639686 0.0573116 0.0501901 0.0429862 0.0359679 0.0293211 0.023184 0.0176735 0.012893 0.00892504 0.00581013 0.00352499
 0.00863177 0.0138708 0.020607 0.0287202 0.0379605 0.0478318 0.0575041 0.0659376 0.0721937 0.0757043 0.0763376 0.0743116 0.0700803 0.0642333 0.0573889 0.0500936 0.0427631 0.0356791 0.0290223 0.0229149 0.0174545 0.0127292 0.00881146 0.00573702 0.00348146
 0.00858999 0.0137866 0.0204511 0.028457 0.0375599 0.047287 0.0568478 0.0652473 0.0715792 0.0752811 0.0761938 0.0744801 0.0705267 0.064865 0.0580845 0.0507407 0.0432874 0.0360547 0.0292627 0.023054 0.0175288 0.0127673 0.00883132 0.00574805 0.00348796
 0.00890625 0.0142722 0.0211259 0.0293138 0.0385583 0.0483496 0.0578616 0.0660771 0.0721 0.0754183 0.0759503 0.0739341 0.0698007 0.0640825 0.0573352 0.0500661 0.04269 0.0355198 0.0287788 0.0226224 0.01716 0.0124717 0.00861206 0.00559861 0.0033948
 0.00912782 0.0146389 0.0216882 0.0301181 0.0396316 0.0496763 0.0593625 0.0676056 0.0734651 0.0764282 0.0764605 0.073883 0.0692223 0.0630937 0.0560999 0.0487499 0.0414229 0.0343804 0.0278009 0.0218119 0.016511 0.011974 0.00825114 0.00535425 0.00324199
 0.00909655 0.0146102 0.0216877 0.030188 0.0398255 0.0500473 0.0599471 0.0684069 0.074439 0.0774779 0.0774465 0.0746513 0.0696458 0.0631091 0.055725 0.0480728 0.0405703 0.0334794 0.0269502 0.0210717 0.0159071 0.0115088 0.00791345 0.00512486 0.00309758
 0.0090061 0.0144435 0.0214034 0.0297431 0.0391958 0.0492555 0.0590824 0.06762 0.0739035 0.0773343 0.0777529 0.0753624 0.0706258 0.0641725 0.0566904 0.0488107 0.0410287 0.0336789 0.0269575 0.0209662 0.0157564 0.0113583 0.00778686 0.00503053 0.00303423
 0.00896483 0.0143492 0.0212102 0.0293893 0.0386165 0.0484061 0.0579668 0.0663103 0.0725446 0.0761253 0.0769062 0.075047 0.0709124 0.0650057 0.057904 0.0501813 0.042343 0.0347869 0.0277932 0.0215363 0.016111 0.0115604 0.00789266 0.0050811 0.00305597
 0.00917803 0.01467 0.0216422 0.0299113 0.0391788 0.0489297 0.0583483 0.0664383 0.0723313 0.0755457 0.0760252 0.0740157 0.06993 0.0642589 0.0575079 0.0501479 0.0425894 0.0351786 0.0281988 0.021867 0.016333 0.0116827 0.00794482 0.00509417 0.00305259
 0.00917018 0.0146741 0.0216788 0.0300081 0.0393605 0.0492032 0.0586885 0.0667852 0.0726004 0.0756501 0.0759029 0.0736546 0.0693813 0.063631 0.0569366 0.0497514 0.0424277 0.0352375 0.0284059 0.0221294 0.0165742 0.0118621 0.00805635 0.00515238 0.00307759
 0.00895782 0.0143619 0.0212717 0.0295357 0.0388734 0.0487637 0.0583597 0.066618 0.0726195 0.0758404 0.0762071 0.0739877 0.0696602 0.0638061 0.05701 0.0497719 0.0424646 0.0353452 0.0285996 0.0223828 0.0168388 0.0120927 0.00822821 0.00526335 0.00314019
 0.00875842 0.0140443 0.0208079 0.0289094 0.0380896 0.0478605 0.0574166 0.0657511 0.0719562 0.0754835 0.0762029 0.0743133 0.0702334 0.0645125 0.0577381 0.0504437 0.0430489 0.03585 0.0290482 0.022791 0.0172042 0.0124008 0.00846557 0.00542781 0.00324195
 0.00881911 0.0140935 0.0207908 0.0287447 0.0376912 0.0471728 0.0564473 0.0645832 0.0707346 0.0743817 0.0753838 0.0738927 0.0702542 0.0649369 0.0584625 0.0513324 0.0439733 0.0367178 0.0298112 0.0234347 0.0177306 0.0128154 0.00877494 0.00564236 0.00337801
 0.00922181 0.0146868 0.0215659 0.0296441 0.0386126 0.0479827 0.057001 0.0647514 0.0704386 0.0736291 0.0742822 0.0726278 0.0690371 0.0639448 0.0577968 0.0510067 0.0439311 0.0368665 0.030058 0.0237088 0.0179887 0.0130359 0.0089492 0.00576954 0.00346284
 0.00970007 0.015463 0.0227268 0.0312559 0.0406907 0.0504516 0.0596616 0.0672885 0.0724826 0.0748539 0.0744957 0.0718193 0.0673714 0.061711 0.0553309 0.0486128 0.0418239 0.0351522 0.0287496 0.022761 0.0173328 0.0126025 0.00867745 0.00560958 0.00337534
 0.00950583 0.0152452 0.022582 0.0313392 0.0411807 0.0514888 0.0612868 0.0694079 0.074871 0.0771916 0.0764304 0.0730441 0.0677014 0.0611319 0.0539973 0.0467957 0.03983 0.0332466 0.0271085 0.0214628 0.0163777 0.011944 0.00825101 0.0053507 0.00322883
#obs surv len freq
 nan nan nan nan nan nan nan nan nan nan nan nan nan nan nan nan nan nan nan nan nan nan nan nan nan
 0.00448582 0.00734789 0.0111788 0.0159963 0.0216982 0.0279749 0.0342897 0.040021 0.0447 0.0481624 0.0505185 0.0520123 0.0529025 0.0534131 0.0537259 0.0539797 0.0542575 0.0545497 0.0546881 0.0542799 0.052718 0.0493505 0.0438009 0.0362818 0.0276665
 0.00461838 0.00756455 0.0115067 0.0164604 0.0223154 0.0287442 0.0351836 0.0409824 0.0456498 0.0490156 0.0511993 0.0524662 0.0531012 0.053355 0.0534323 0.0534869 0.0536084 0.0537867 0.05385 0.0534035 0.0518419 0.0485176 0.0430556 0.0356619 0.0271927
 0.00478389 0.00783666 0.0119218 0.0170541 0.0231151 0.0297577 0.0363865 0.0423135 0.0470177 0.0503141 0.0523242 0.0533278 0.0536332 0.0535204 0.0532255 0.0529319 0.0527514 0.0526878 0.0525761 0.0520254 0.0504356 0.0471646 0.041837 0.0346446 0.0264138
 0.00497187 0.00814434 0.0123889 0.0177195 0.0240099 0.030894 0.0377452 0.0438384 0.0486209 0.0518898 0.0537626 0.0545254 0.0545 0.0539864 0.0532474 0.0524977 0.051882 0.0514343 0.0510155 0.0502559 0.0485737 0.0453383 0.0401729 0.0332461 0.025339
 0.00519229 0.00850387 0.0129323 0.0184892 0.0250385 0.0321917 0.0392868 0.0455585 0.0504228 0.0536628 0.0553975 0.0559223 0.0555707 0.0546545 0.0534515 0.0521968 0.0510632 0.0501197 0.0492677 0.0481807 0.0463164 0.0430727 0.0380766 0.0314672 0.0239637
 0.00542107 0.00887981 0.0135056 0.0193091 0.0261439 0.0335959 0.0409623 0.0474318 0.0523853 0.0555916 0.0571756 0.0574484 0.0567604 0.0554377 0.0537687 0.0519993 0.0503179 0.0488208 0.0474514 0.045939 0.0438027 0.04049 0.0356458 0.0293795 0.0223365
 0.00565438 0.00926177 0.0140856 0.0201356 0.0272558 0.0350089 0.0426539 0.0493347 0.0543956 0.057587 0.0590343 0.0590615 0.0580371 0.0563052 0.054169 0.051885 0.0496518 0.0475832 0.0456576 0.0436609 0.0411849 0.0377445 0.0330186 0.0270944 0.0205387
 0.00589154 0.00965026 0.0146758 0.0209766 0.028386 0.0364417 0.0443629 0.0512484 0.0564074 0.059576 0.0608837 0.0606686 0.059316 0.0571856 0.0545939 0.0518074 0.0490333 0.0463992 0.0439118 0.0414095 0.0385581 0.0349494 0.0303088 0.0247112 0.0186469
 0.00613196 0.0100453 0.015278 0.0218373 0.0295457 0.0379135 0.0461166 0.0532049 0.0584508 0.0615761 0.0627182 0.0622355 0.0605362 0.0580002 0.0549584 0.0516856 0.0483943 0.0452201 0.042192 0.0391948 0.0359645 0.0321719 0.0275958 0.0223071 0.0167253
 0.0063854 0.0104581 0.015901 0.0227185 0.030721 0.0393931 0.0478693 0.0551526 0.0604782 0.0635523 0.0645175 0.0637521 0.0616896 0.0587347 0.0552385 0.0514886 0.0477032 0.0440232 0.0404932 0.0370355 0.0334493 0.0294797 0.02496 0.0199624 0.0148429
 0.00661491 0.010838 0.0164849 0.02356 0.031862 0.0408463 0.0496004 0.0570759 0.0624705 0.0654777 0.0662516 0.0651937 0.0627636 0.0593907 0.0554462 0.0512325 0.0469763 0.0428253 0.0388373 0.0349652 0.0310616 0.0269369 0.0224746 0.0177503 0.0130636
 0.00684586 0.0112136 0.0170509 0.0243593 0.032928 0.0421896 0.0511958 0.0588549 0.0643281 0.0672903 0.0678962 0.0665632 0.0637765 0.0599932 0.0556099 0.050948 0.0462457 0.0416585 0.0372564 0.0330183 0.0288411 0.02459 0.0201911 0.0157224 0.0114332
 0.00707242 0.0115873 0.0176227 0.0251787 0.034031 0.0435821 0.0528365 0.0606531 0.0661593 0.0690232 0.0694152 0.0677798 0.0646286 0.0604424 0.055638 0.0505528 0.0454371 0.040456 0.0356911 0.0311434 0.0267461 0.022409 0.0180916 0.0138712 0.00995168
 0.00727066 0.0119153 0.0181268 0.0259056 0.0350183 0.0448424 0.0543419 0.0623284 0.0678911 0.070681 0.070875 0.0689404 0.0654208 0.0608296 0.0556112 0.0501218 0.0446233 0.0392879 0.0342071 0.0294 0.0248294 0.0204398 0.0162158 0.0122303 0.00864594
 0.00745376 0.0122132 0.0185759 0.0265401 0.0358644 0.0459082 0.0556067 0.063737 0.0693594 0.0721094 0.0721624 0.0699955 0.0661705 0.0612245 0.055628 0.0497615 0.0439052 0.0382443 0.0328819 0.0278525 0.0231421 0.0187216 0.0145922 0.0108198 0.00752976
 0.00751741 0.0123213 0.0187476 0.0267979 0.0362309 0.0464019 0.0562352 0.0644935 0.0702215 0.0730401 0.0731119 0.0709028 0.0669666 0.0618393 0.0559992 0.0498434 0.0436748 0.037703 0.0320551 0.02679 0.021919 0.0174359 0.0133546 0.00973289 0.00666413
 0.00758568 0.0124242 0.018888 0.0269748 0.0364426 0.0466493 0.0565246 0.064835 0.0706251 0.0735107 0.0736436 0.0714761 0.0675467 0.0623772 0.0564365 0.0501198 0.0437384 0.0375203 0.0316194 0.0261258 0.0210821 0.0165092 0.0124344 0.00890951 0.00600096
 0.00766908 0.0125523 0.0190662 0.0272021 0.0367108 0.0469435 0.0568246 0.0651194 0.070879 0.0737319 0.0738452 0.0716788 0.0677671 0.0626164 0.0566741 0.050316 0.0438422 0.0374823 0.0314055 0.0257293 0.02053 0.0158591 0.0117634 0.00829411 0.00549743
 0.00774913 0.0126779 0.0192465 0.0274413 0.0370064 0.0472837 0.0571864 0.0654705 0.0711839 0.0739626 0.07399 0.0717457 0.0677798 0.0626041 0.056659 0.0503028 0.0438143 0.0374069 0.0312456 0.02546 0.0201512 0.0154003 0.0112765 0.00783757 0.00511776
 0.00776925 0.0127095 0.0192921 0.027503 0.037086 0.0473827 0.0573056 0.0656082 0.0713351 0.0741179 0.0741372 0.071873 0.06788 0.0626773 0.0567117 0.0503424 0.0438412 0.0374095 0.0312022 0.0253476 0.0199588 0.0151378 0.0109748 0.00753845 0.0048589
 0.00779776 0.0127498 0.0193416 0.0275558 0.0371349 0.0474223 0.0573352 0.0656322 0.0713612 0.0741544 0.0741892 0.0719406 0.0679581 0.0627577 0.0567861 0.050405 0.043888 0.0374351 0.0311969 0.0252989 0.0198573 0.0149855 0.010788 0.00734405 0.0046843
 0.0078345 0.0128037 0.0194117 0.0276368 0.0372177 0.0474962 0.0573893 0.0656589 0.071358 0.0741266 0.0741491 0.0719039 0.0679381 0.0627607 0.0568106 0.0504431 0.043929 0.037468 0.0312109 0.025284 0.0198066 0.0148988 0.0106744 0.00722025 0.00456914
 0.00786516 0.012851 0.019478 0.0277218 0.0373177 0.0476035 0.0574924 0.0657431 0.0714097 0.0741372 0.074119 0.0718427 0.0678619 0.062687 0.0567528 0.0504074 0.0439136 0.0374647 0.0312083 0.0252708 0.0197742 0.0148442 0.0106017 0.00713956 0.00449256
 0.00788059 0.0128718 0.0195015 0.027743 0.0373314 0.0476064 0.0574848 0.0657288 0.0713935 0.0741222 0.0741057 0.0718298 0.0678487 0.0626755 0.0567473 0.0504127 0.0439319 0.0374936 0.031241 0.0252976 0.0197864 0.014837 0.010576 0.00710161 0.00445131
 0.00787413 0.0128618 0.0194871 0.0277234 0.0373055 0.0475728 0.0574422 0.0656776 0.0713367 0.0740668 0.0740603 0.0718027 0.0678441 0.0626929 0.0567828 0.0504614 0.0439896 0.0375563 0.0313037 0.025354 0.0198298 0.0148625 0.010583 0.0070938 0.00443517
 0.0078935 0.0128874 0.0195149 0.0277461 0.0373148 0.0475626 0.0574113 0.0656295 0.0712781 0.0740046 0.0740009 0.0717513 0.0678059 0.0626721 0.0567817 0.0504792 0.044023 0.0376004 0.0313527 0.0254017 0.0198704 0.0148915 0.0105986 0.00709737 0.00443062
 0.00787494 0.0128584 0.0194732 0.0276903 0.0372435 0.0474753 0.0573088 0.0655155 0.0711602 0.0738947 0.0739125 0.0716966 0.0677921 0.0626999 0.0568462 0.050572 0.0441342 0.0377198 0.031471 0.0255106 0.0199631 0.0149637 0.0106491 0.00712818 0.0044462
 0.00789879 0.0128909 0.0195106 0.0277249 0.0372664 0.0474786 0.0572887 0.0654724 0.0710976 0.0738172 0.0738262 0.0716093 0.0677133 0.0626397 0.0568125 0.0505685 0.0441591 0.0377674 0.0315326 0.0255771 0.0200261 0.015017 0.0106892 0.00715466 0.00446122
 0.00787086 0.012848 0.0194507 0.0276475 0.037172 0.0473688 0.0571661 0.065342 0.0709679 0.0736997 0.0737333 0.0715514 0.0676962 0.062664 0.0568744 0.0506618 0.0442764 0.0378998 0.0316705 0.0257104 0.0201458 0.0151163 0.0107649 0.00720718 0.00449412
 0.0078378 0.012793 0.0193659 0.0275257 0.0370096 0.0471688 0.0569413 0.0651138 0.0707611 0.0735358 0.0736261 0.0715061 0.0677118 0.062735 0.0569929 0.0508175 0.0444574 0.0380936 0.0318649 0.0258938 0.0203082 0.0152508 0.0108681 0.00728003 0.00454101
 0.00780835 0.0127437 0.0192891 0.0274136 0.0368557 0.0469712 0.056706 0.0648559 0.0705038 0.0733063 0.0734499 0.0714021 0.0676888 0.0627914 0.0571184 0.0509966 0.0446725 0.0383271 0.0321001 0.0261159 0.0205053 0.0154144 0.0109943 0.00737002 0.00459973
 0.00780492 0.0127341 0.019267 0.0273704 0.0367821 0.0468604 0.0565561 0.064672 0.0702976 0.0730947 0.0732528 0.0712404 0.0675812 0.062751 0.0571497 0.051095 0.0448254 0.038517 0.0323077 0.0263227 0.0206955 0.0155764 0.011122 0.00746256 0.00466109
 0.00775039 0.0126503 0.0191501 0.0272196 0.0365999 0.0466516 0.0563284 0.0644363 0.070068 0.0728869 0.0730831 0.0711229 0.0675269 0.0627663 0.0572359 0.0512474 0.045033 0.0387635 0.0325728 0.0265853 0.0209366 0.0157818 0.0112838 0.00758 0.00473913
 0.00772008 0.012596 0.0190594 0.0270793 0.0364001 0.0463923 0.0560243 0.064116 0.0697661 0.0726344 0.0728998 0.071017 0.0674982 0.062811 0.0573485 0.0514207 0.0452575 0.0390255 0.0328549 0.0268675 0.0211991 0.0160082 0.0114643 0.00771222 0.00482774
 0.00930238 0.0148111 0.0217328 0.0298272 0.0387399 0.0479198 0.0565547 0.0637133 0.0686648 0.0711225 0.07123 0.0693689 0.0659802 0.0614771 0.0562175 0.0504914 0.0445183 0.0384598 0.0324424 0.0265842 0.0210186 0.0159035 0.0114105 0.00768897 0.0048203
 0.00928681 0.0150776 0.0226481 0.0318459 0.0422063 0.0528002 0.0622674 0.0692228 0.0728489 0.0732144 0.0710718 0.0673562 0.0627905 0.0577808 0.0525104 0.0470652 0.041509 0.0359107 0.0303498 0.0249217 0.0197466 0.0149729 0.0107646 0.00726739 0.00456372
 0.0089544 0.0145564 0.021921 0.030966 0.0413487 0.0522965 0.0625644 0.0707214 0.0756613 0.0769844 0.0750198 0.0705741 0.0646192 0.0580396 0.0514653 0.045214 0.039349 0.033803 0.0284962 0.0234026 0.0185696 0.0141079 0.0101638 0.00687555 0.00432567
 0.00878639 0.014272 0.0214731 0.0303073 0.0404507 0.051183 0.0613529 0.0696503 0.0750682 0.0772112 0.0762586 0.0727235 0.0672549 0.060552 0.053306 0.0461051 0.0393372 0.0331588 0.0275511 0.0224251 0.0177194 0.0134483 0.00969578 0.0065689 0.00414002
 0.0087506 0.014205 0.0213548 0.0301101 0.0401423 0.050733 0.0607458 0.0689035 0.0742536 0.076472 0.0758001 0.0727603 0.0679152 0.0617841 0.0548557 0.0476 0.0404415 0.0337051 0.0275738 0.0220949 0.0172391 0.012975 0.0093134 0.00630004 0.00397118
 0.00869503 0.0141205 0.0212377 0.0299593 0.0399565 0.0505073 0.0604705 0.0685665 0.0738482 0.0760101 0.0753287 0.0723713 0.0677346 0.0619308 0.0553778 0.0484263 0.041388 0.0345466 0.0281405 0.0223346 0.0172116 0.0127964 0.00909432 0.0061102 0.00383669
 0.00868066 0.0140917 0.0211848 0.0298708 0.039823 0.0503265 0.0602504 0.0683227 0.0735968 0.0757601 0.0750826 0.0721356 0.0675351 0.0618203 0.0554233 0.0486745 0.0418278 0.0350953 0.0286722 0.0227362 0.0174301 0.0128489 0.00904163 0.00601828 0.00375061
 0.00867114 0.0140759 0.02116 0.0298335 0.0397681 0.050248 0.0601427 0.068183 0.0734282 0.0755724 0.0748901 0.0719532 0.0673768 0.0617023 0.0553691 0.0487136 0.041982 0.0353588 0.0290011 0.0230606 0.0176845 0.0130003 0.0090971 0.00601081 0.00371693
 0.00865499 0.0140525 0.02113 0.0297989 0.0397318 0.0502115 0.0601051 0.0681405 0.0733752 0.0755033 0.0748025 0.0718493 0.0672648 0.0615955 0.0552849 0.0486719 0.0420018 0.0354504 0.0291569 0.0232521 0.0178707 0.0131453 0.00918451 0.00604631 0.00371916
 0.00865721 0.0140517 0.021121 0.0297748 0.0396865 0.0501437 0.0600201 0.06805 0.0732919 0.0754362 0.0747528 0.0718123 0.0672333 0.0615652 0.0552575 0.0486558 0.0420095 0.0354939 0.0292407 0.0233683 0.0179998 0.0132631 0.00927274 0.00609923 0.00374267
 0.00865232 0.0140486 0.0211247 0.0297919 0.0397216 0.0501955 0.060079 0.0681001 0.0733177 0.075429 0.0747142 0.0717511 0.0671604 0.0614889 0.0551831 0.0485882 0.0419556 0.0354619 0.0292378 0.0233955 0.0180499 0.0133225 0.0093268 0.00613849 0.00376516
 0.00863899 0.0140273 0.0210938 0.0297512 0.0396736 0.0501463 0.0600382 0.0680777 0.0733195 0.0754529 0.0747499 0.0717852 0.0671824 0.061495 0.0551757 0.0485732 0.0419398 0.0354522 0.0292402 0.0234135 0.0180823 0.0133634 0.0093677 0.00617205 0.00378791
 0.00863552 0.0140189 0.0210761 0.0297186 0.0396212 0.0500726 0.0599475 0.067981 0.073232 0.0753901 0.0747224 0.0717948 0.0672223 0.0615524 0.0552373 0.0486293 0.0419869 0.0354917 0.0292761 0.0234499 0.0181211 0.0134033 0.0094053 0.00620329 0.00381047
 0.00866233 0.0140603 0.0211341 0.0297927 0.0397072 0.0501621 0.060028 0.0680376 0.0732527 0.0753699 0.0746665 0.0717167 0.067138 0.061475 0.0551731 0.0485786 0.0419464 0.0354587 0.0292499 0.0234317 0.0181121 0.0134031 0.00941156 0.00621247 0.00381931
 0.00862672 0.0140123 0.0210801 0.0297445 0.039679 0.0501645 0.0600631 0.0680984 0.0733249 0.0754373 0.0747152 0.0717397 0.0671358 0.0614547 0.0551446 0.048551 0.0419248 0.0354444 0.0292419 0.0234287 0.0181133 0.0134081 0.00941909 0.00622095 0.00382704
 0.00862672 0.0140123 0.0210801 0.0297445 0.039679 0.0501645 0.0600631 0.0680984 0.0733249 0.0754373 0.0747152 0.0717397 0.0671358 0.0614547 0.0551446 0.048551 0.0419248 0.0354444 0.0292419 0.0234287 0.0181133 0.0134081 0.00941909 0.00622095 0.00382704
 0.00861469 0.013988 0.0210353 0.029671 0.0395723 0.0500301 0.0599196 0.0679742 0.073248 0.0754235 0.0747622 0.0718291 0.0672428 0.0615578 0.0552316 0.048619 0.0419771 0.035486 0.0292768 0.0234589 0.0181397 0.0134307 0.00943785 0.0062358 0.00383802
 0.00880031 0.0142806 0.021457 0.0302309 0.0402599 0.0508068 0.0607146 0.0686924 0.0737932 0.0757269 0.0748006 0.071624 0.0668449 0.0610277 0.0546277 0.0479915 0.0413674 0.0349259 0.0287882 0.0230538 0.0178209 0.0131934 0.00927179 0.0061273 0.00377237
 0.00878687 0.0142818 0.021501 0.030358 0.0405113 0.0512071 0.0612559 0.0693283 0.0744469 0.0763093 0.0752316 0.0718497 0.0668474 0.0608251 0.0542647 0.0475255 0.0408552 0.0344162 0.0283178 0.0226473 0.0174907 0.0129417 0.00909246 0.00600845 0.00369957
 0.00884469 0.0143645 0.0216059 0.0304793 0.0406464 0.0513648 0.0614581 0.0696024 0.0748078 0.0767429 0.0756883 0.0722557 0.0671276 0.0609273 0.0541733 0.0472621 0.0404677 0.0339633 0.0278555 0.0222198 0.0171269 0.0126549 0.00888279 0.00586674 0.0036114
 0.00878872 0.0142821 0.0214978 0.0303512 0.0405074 0.0512247 0.0613285 0.0694992 0.0747559 0.0767734 0.0758283 0.072512 0.0674744 0.0613075 0.0545157 0.0475057 0.0405811 0.0339497 0.0277451 0.0220548 0.0169479 0.012492 0.00875248 0.00577334 0.00355099
 0.00897072 0.0145577 0.0218741 0.0308199 0.0410451 0.0517957 0.061886 0.0699892 0.0751244 0.0769803 0.07586 0.0723862 0.067233 0.0609995 0.0541788 0.0471565 0.040219 0.0335704 0.0273528 0.0216669 0.0165895 0.0121865 0.00851395 0.00560333 0.00344069
 0.00920641 0.0149488 0.0224745 0.0316764 0.0421777 0.0531709 0.0633977 0.0714652 0.0763669 0.0778215 0.0762062 0.0722314 0.0666448 0.0600919 0.0530817 0.0459897 0.0390746 0.032507 0.0264018 0.0208438 0.0159027 0.0116399 0.00810409 0.00531737 0.00325689
 0.00904533 0.0147171 0.0221841 0.0313644 0.0419043 0.0530107 0.0634259 0.0717373 0.076895 0.0785566 0.0770398 0.0730237 0.0672674 0.0604639 0.0531851 0.0458603 0.0387788 0.0321175 0.0259803 0.0204347 0.0155349 0.0113306 0.00786149 0.00514124 0.00313964
 0.00897125 0.0145699 0.021916 0.0309224 0.0412532 0.0521657 0.0624757 0.070839 0.0762325 0.0782803 0.0772163 0.0736159 0.0681511 0.061469 0.0541453 0.0466543 0.0393491 0.0324654 0.0261457 0.020472 0.015496 0.0112565 0.00778055 0.00507042 0.00308637
 0.00877842 0.0142564 0.021444 0.0302564 0.0403674 0.0510569 0.0611813 0.0694504 0.0748959 0.0771781 0.0765297 0.0734775 0.0686014 0.0624378 0.0554691 0.0481239 0.0407674 0.0336911 0.0271103 0.0211709 0.0159654 0.0115494 0.00795007 0.00516069 0.00313009
 0.00891919 0.0144527 0.021678 0.030487 0.0405371 0.0511035 0.0610507 0.0691071 0.0743325 0.0764264 0.0756695 0.0726332 0.0679193 0.0620461 0.055435 0.0484295 0.0413174 0.0343503 0.0277499 0.0217031 0.0163546 0.0118024 0.00809642 0.00523568 0.0031635
 0.00887939 0.0144118 0.0216587 0.0305204 0.0406481 0.0512909 0.0612737 0.0692902 0.0743896 0.0762935 0.0753294 0.0721232 0.0673236 0.0614768 0.0550053 0.0482219 0.0413588 0.034604 0.0281324 0.0221172 0.0167222 0.012082 0.00828235 0.00534462 0.00321988
