SBPRF35
7.78865
Curr Bio
491946
B35
660803
F35
0.213496
FOFL
0.151252
OFL
57266.9
Bzero
2.22533e+006
#pred survey bio
 4.75475e+006 4.47374e+006 4.20923e+006 3.89908e+006 3.57491e+006 3.22909e+006 2.91235e+006 2.55723e+006 2.25562e+006 1.98322e+006 1.74658e+006 1.55974e+006 1.39709e+006 1.25549e+006 1.09084e+006 973278 867204 802548 766999 730345 685301 665133 657361 642131 628208 615419 609107 609669 601234 603083 599412 593894 586142 573115 559243 545610 531513 529110 526837 533397 538373 529596 536466 549441 556739 566733 575669 585477 590940 597148 602810 606467 595550 589040 572880 570948 539645 506654 485767 486155 503086 504467 513827 527728 542530 560043 563785 530770 497193 1.68891e+007 1.0065e+007 1.03362e+007 1.11572e+007 1.22639e+007 1.34024e+007 1.44232e+007 1.5266e+007 1.59254e+007 1.64232e+007 1.67902e+007 1.70567e+007 1.72486e+007 1.73861e+007 1.74848e+007 1.75557e+007 1.76069e+007 1.7644e+007 1.76712e+007 1.76911e+007 1.77059e+007 1.77169e+007 1.77252e+007 1.77314e+007 1.77361e+007 1.77396e+007 1.77423e+007 1.77444e+007 1.7746e+007 1.77472e+007 1.77481e+007 1.77488e+007 1.77494e+007 1.77498e+007 1.77501e+007 1.77504e+007 1.77506e+007 1.77507e+007 1.77509e+007 1.77509e+007 1.7751e+007 1.77511e+007 1.77511e+007 1.77511e+007 1.77512e+007 1.77512e+007 1.77512e+007 1.77512e+007 1.77512e+007 1.77512e+007 1.77512e+007 1.77512e+007 1.77512e+007 1.77512e+007 1.77513e+007 1.77513e+007 1.77513e+007 1.77513e+007 1.77513e+007 1.77513e+007 1.77513e+007 1.77513e+007 1.77513e+007 1.77513e+007 1.77513e+007 1.77513e+007 1.77513e+007 1.77513e+007 1.77513e+007 1.77513e+007 1.77513e+007 1.77513e+007 1.77513e+007 1.77513e+007 1.77513e+007 1.77513e+007 1.77513e+007 1.77513e+007 1.77513e+007 1.77513e+007 1.77513e+007 1.77513e+007 1.77513e+007 1.77513e+007 1.77513e+007 1.77513e+007 1.77513e+007 1.77513e+007 1.77513e+007 1.77513e+007 1.77513e+007 1.77513e+007 1.77513e+007 1.77513e+007 1.77513e+007 1.77513e+007 1.77513e+007 1.77513e+007 1.77513e+007 1.77513e+007 0 0 0 0 0 0 0 0 0 0 0 0 0 0 0 0 0 0 0 0 0 0 0 0 0
#obs survey bio
 5.19778e+006 3.45915e+006 2.67896e+006 3.57891e+006 2.77752e+006 2.84211e+006 1.97516e+006 2.41569e+006 1.50576e+006 1.67991e+006 1.46717e+006 1.05847e+006 975136 998212 921828 730803 957678 815710 661249 496070 614739 540046 485761 527835 488514 439237 599212 586287 632043 488344 605242 392338 547987 386296 564199 594709 422960 472676 797536 591403 508002 369538 606110 527591 405911 450106 404372 444784 755226 421693 776734 601256 617948 546289 567331 688257 462481 630028 435766 614244 525065 451412 587264 440133 603908 671196 645972 592236 478127
#pred catch bio
 116818 107178 163508 199920 249294 254960 321483 302577 301923 291401 264260 255738 245312 267662 225659 213093 174617 148099 147341 151195 126916 114383 118019 113598 109888 102516 95410.7 101665 92129.2 96261.6 96753.2 96955.4 98729.5 95717.9 91437.9 90372.1 83707.4 87834.4 82561.2 84841.7 96374.3 83411.8 79327.3 85063.2 83743.3 85593.5 85898.3 90523.7 90568 91470.6 93176 104837 100526 107610 94122.8 116588 115392 103871 85680.8 72194.5 85132.8 78550.9 75656.6 75221.4 72169.4 82105.7 110649 107964 88320.4 57266.9 77734.7 78384.3 83291.9 91183.2 99576.8 107054 113098 117687 121022 123367 124977 126062 126782 127255 127563 127761 127889 127970 128022 128055 128075 128089 128097 128102 128105 128107 128109 128110 128110 128110 128111 128111 128111 128111 128111 128111 128111 128111 128111 128111 128111 128111 128111 128111 128111 128111 128111 128111 128111 128111 128111 128111 128111 128111 128111 128111 128111 128111 128111 128111 128111 128111 128111 128111 128111 128111 128111 128111 128111 128111 128111 128111 128111 128111 128111 128111 128111 128111 128111 128111 128111 128111 128111 128111 128111 128111 128111 128111 128111 128111 128111 128111 128111 128111 128111 128111 128111 128111 128111 0 0 0 0 0 0 0 0 0 0 0 0 0 0 0 0 0 0 0 0 0 0 0 0 0
#obs catch bio
 0 106899 164427 201100 252357 257880 329567 308291 309240 299732 271670 264137 253752 278585 232194 219794 177980 150874 150191 155609 129190 116581 120416 115355 111177 104090 96461.6 102957 92893.7 97594 97913 98599.8 100363 97278.6 92765.5 90891.5 84523.5 89080.6 82923.7 84895.2 96947.8 83943.9 79833.4 85505.4 84403.1 86142.2 86382.1 91089.9 91111 92144.2 93447.7 105490 100826 108357 94007.5 116310 115268 103753 85902.9 71983.5 85345.6 78740 75904 75770.5 72354.2 81817.1 110316 108115 88210.9
#pred cpue bio
 4.6761e+006 4.40067e+006 4.14042e+006 3.83216e+006 3.5093e+006 3.16511e+006 2.84986e+006 2.4973e+006 2.19785e+006 1.92736e+006 1.6925e+006 1.50708e+006 1.34599e+006 1.20641e+006 1.04524e+006 930364 827018 764133 729619 694101 650667 631465 624355 610173 597240 585127 579181 579997 572032 573869 570391 565233 558078 546008 533336 520892 506688 502554 499300 505816 510943 502440 508981 521576 528620 538207 546825 556233 561412 567398 572942 576632 566054 559594 544013 542488 512368 480094 459499 459965 476815 478461 487429 500861 515584 533311 537521 505363 472664 1.60729e+007 9.5895e+006 9.72698e+006 1.03943e+007 1.14457e+007 1.2571e+007 1.35891e+007 1.44314e+007 1.50907e+007 1.55885e+007 1.59555e+007 1.6222e+007 1.64138e+007 1.65514e+007 1.66501e+007 1.6721e+007 1.67721e+007 1.68093e+007 1.68364e+007 1.68564e+007 1.68712e+007 1.68822e+007 1.68904e+007 1.68966e+007 1.69013e+007 1.69049e+007 1.69076e+007 1.69097e+007 1.69113e+007 1.69125e+007 1.69134e+007 1.69141e+007 1.69147e+007 1.69151e+007 1.69154e+007 1.69157e+007 1.69159e+007 1.6916e+007 1.69161e+007 1.69162e+007 1.69163e+007 1.69164e+007 1.69164e+007 1.69164e+007 1.69165e+007 1.69165e+007 1.69165e+007 1.69165e+007 1.69165e+007 1.69165e+007 1.69165e+007 1.69165e+007 1.69165e+007 1.69165e+007 1.69165e+007 1.69165e+007 1.69165e+007 1.69165e+007 1.69165e+007 1.69165e+007 1.69165e+007 1.69165e+007 1.69165e+007 1.69165e+007 1.69165e+007 1.69165e+007 1.69165e+007 1.69165e+007 1.69165e+007 1.69165e+007 1.69165e+007 1.69165e+007 1.69165e+007 1.69165e+007 1.69165e+007 1.69165e+007 1.69165e+007 1.69165e+007 1.69165e+007 1.69165e+007 1.69165e+007 1.69165e+007 1.69165e+007 1.69165e+007 1.69165e+007 1.69165e+007 1.69165e+007 1.69165e+007 1.69165e+007 1.69165e+007 1.69165e+007 1.69165e+007 1.69165e+007 1.69165e+007 1.69165e+007 1.69165e+007 1.69165e+007 1.69165e+007 1.69165e+007 1.69165e+007 0 0 0 0 0 0 0 0 0 0 0 0 0 0 0 0 0 0 0 0 0 0 0 0 0
#obs cpue bio
 3.36851e+006 2.36647e+006 3.06309e+006 3.08072e+006 2.45045e+006 2.60266e+006 1.91945e+006 3.38072e+006 1.93002e+006 1.3169e+006 1.3455e+006 1.22286e+006 1.14677e+006 1.17123e+006 1.14636e+006 841735 830320 469626 673511 487268 762233 454010 694237 753414 816676 469485 578500 557274 504231 437070 534145 464215 525695 627998 457124 860159 350494 405768 536633 580404 433041 483945 382731 640553 474133 718523 717784 687611 394804 646160 567721 507126 557057 519185 690637 656559 530820 400166 371921 454660 411378 433471 376553 401641 568435 783491 575009 334597 514552
#pred surv len freq
 0.00522974 0.00845834 0.0126681 0.0178168 0.0237655 0.0302028 0.0366143 0.0424016 0.047108 0.0505737 0.0529141 0.0543838 0.0552469 0.0557079 0.055883 0.0557952 0.055388 0.0545511 0.0531335 0.0509345 0.0476994 0.0431799 0.0372873 0.0302725 0.0227839
 0.00552847 0.00882727 0.0130132 0.0179936 0.0236361 0.0297171 0.0358618 0.0415892 0.0464643 0.050236 0.0528683 0.0544884 0.0553198 0.0556211 0.0556209 0.0554562 0.0551361 0.0545385 0.0534288 0.0514882 0.0483668 0.0437886 0.037713 0.0304803 0.0228179
 0.00584847 0.0093429 0.013772 0.0190139 0.0248776 0.0310527 0.0370771 0.0424367 0.0467652 0.0499714 0.0521893 0.0536286 0.0544685 0.0548471 0.0548908 0.0547158 0.0543855 0.0538491 0.0528981 0.0511728 0.0482433 0.0437683 0.0376954 0.0304054 0.022684
 0.00611755 0.00978112 0.0144339 0.0199523 0.0261339 0.0326362 0.0389355 0.0444308 0.0486681 0.0515094 0.0531215 0.0538324 0.0539828 0.0538398 0.0535706 0.0532506 0.0528776 0.0523633 0.0514972 0.0499215 0.0471846 0.0429044 0.036996 0.0298352 0.0222237
 0.00639646 0.0102233 0.0150797 0.0208352 0.0272789 0.0340557 0.04062 0.0463359 0.0507029 0.0535286 0.0549275 0.0551992 0.0547084 0.053811 0.0528037 0.0518799 0.0510994 0.0503742 0.0494602 0.0479621 0.0453962 0.0413492 0.0357049 0.0288125 0.0214551
 0.00670234 0.0107109 0.0157957 0.0218166 0.0285475 0.0356094 0.0424232 0.0483178 0.0527674 0.0555677 0.0568269 0.0568311 0.0559241 0.0544526 0.0527423 0.0510635 0.0495825 0.0483089 0.0470553 0.045436 0.0429431 0.0391226 0.0338102 0.0273043 0.0203381
 0.00692023 0.0110707 0.0163476 0.0226118 0.0296287 0.0369958 0.0440949 0.0502098 0.0547786 0.057581 0.058727 0.0585117 0.0572833 0.0553836 0.0531312 0.0508067 0.0486217 0.0466676 0.0448546 0.0428782 0.0402708 0.0365715 0.0315696 0.0254918 0.0189914
 0.00729616 0.0116557 0.0171804 0.0237138 0.0310047 0.0386341 0.0459624 0.0522453 0.0568915 0.0596594 0.0606508 0.0601669 0.058571 0.0562217 0.0534483 0.0505359 0.0477064 0.045086 0.0426534 0.0401958 0.0373313 0.0336449 0.0289133 0.0232939 0.017337
 0.00768918 0.0122728 0.0180678 0.0248987 0.0324902 0.0403926 0.0479292 0.0543205 0.0589566 0.0616008 0.0623764 0.061607 0.0596689 0.0569237 0.0536988 0.0502775 0.0468853 0.0436663 0.0406442 0.0376815 0.034488 0.0307233 0.0261857 0.0209851 0.0155702
 0.00804432 0.0128433 0.0189132 0.0260681 0.0340115 0.0422563 0.0500716 0.0566203 0.061253 0.0637276 0.0641944 0.063022 0.0606315 0.0574165 0.0537182 0.0498167 0.0459273 0.0421914 0.0386533 0.0352299 0.031712 0.02784 0.0234534 0.0186363 0.013748
 0.00842113 0.0134336 0.0197607 0.0272009 0.03544 0.0439697 0.0520295 0.0587445 0.0634282 0.0658135 0.0660455 0.0645081 0.0616564 0.0579274 0.0537026 0.0492881 0.0449065 0.0406967 0.0367083 0.0328887 0.0290877 0.0251156 0.0208572 0.016385 0.0119845
 0.00869627 0.0138772 0.020421 0.0281191 0.0366416 0.0454513 0.053747 0.0606117 0.0653314 0.0676341 0.0676768 0.06586 0.0626527 0.0585059 0.05382 0.0489245 0.0440647 0.0393975 0.034989 0.0308124 0.0267609 0.0226977 0.018545 0.0143685 0.0103938
 0.00884208 0.0141297 0.0208298 0.0287407 0.0375273 0.0466287 0.0552003 0.0622736 0.0670928 0.0693656 0.0692526 0.0671745 0.0636286 0.0590931 0.0539899 0.0486639 0.0433734 0.0382889 0.033496 0.0289963 0.0247221 0.0205795 0.0165188 0.0125985 0.00899324
 0.00888681 0.0142195 0.0209979 0.0290319 0.0379921 0.0473108 0.0561224 0.0634259 0.0684284 0.0708031 0.0706848 0.068484 0.0647059 0.0598525 0.0543772 0.0486541 0.0429634 0.0374926 0.0323444 0.0275452 0.0230611 0.0188343 0.0148379 0.0111229 0.00782085
 0.00918453 0.0146779 0.0216404 0.0298643 0.0390043 0.0484791 0.057409 0.0647774 0.0697767 0.0720721 0.0717983 0.0693725 0.0653115 0.0601335 0.0543108 0.0482375 0.0422107 0.0364314 0.0310152 0.0260053 0.0213922 0.0171445 0.0132511 0.00975399 0.00674579
 0.00934276 0.0149351 0.0220268 0.0304059 0.0397158 0.0493538 0.0584112 0.0658437 0.0708308 0.0730441 0.0726374 0.0700464 0.0657975 0.0604098 0.0543545 0.0480282 0.0417376 0.0356981 0.0300441 0.0248409 0.0201036 0.0158237 0.0120021 0.00867203 0.00589397
 0.00960356 0.0153331 0.0225776 0.0311079 0.0405529 0.0502997 0.0594294 0.0668853 0.0718331 0.0739368 0.0733546 0.0705394 0.0660434 0.0604104 0.0541273 0.0475946 0.0411153 0.0349019 0.0290924 0.0237652 0.0189552 0.0146738 0.0109322 0.00775599 0.00517895
 0.00979045 0.0156132 0.0229549 0.0315707 0.041077 0.0508563 0.0599908 0.067428 0.0723401 0.0743974 0.0737612 0.0708819 0.0663041 0.0605654 0.0541525 0.0474726 0.040838 0.0344703 0.0285169 0.0230684 0.0181759 0.0138677 0.010165 0.00708876 0.00465249
 0.00984329 0.0156965 0.0230752 0.0317311 0.0412761 0.0510861 0.0602365 0.0676712 0.0725657 0.0746004 0.0739488 0.071068 0.0664985 0.0607637 0.0543331 0.0476012 0.0408778 0.0343923 0.028307 0.0227317 0.0177376 0.0133712 0.00966428 0.00663638 0.00428622
 0.00977831 0.0156196 0.0230123 0.0317231 0.0413665 0.0513026 0.060575 0.0680938 0.0730123 0.0750094 0.074275 0.0712916 0.0666246 0.0608134 0.0543302 0.0475602 0.0407984 0.034262 0.0281106 0.0224616 0.0174019 0.0129949 0.0092845 0.00629197 0.00400625
 0.00989831 0.0157908 0.0232269 0.0319624 0.0416114 0.0515458 0.0608281 0.0683789 0.0733428 0.0753717 0.0746247 0.0715686 0.0667777 0.0608204 0.0542024 0.0473315 0.0405076 0.0339386 0.0277693 0.0221075 0.0170394 0.0126353 0.00894716 0.00599885 0.00377395
 0.00989364 0.0157803 0.0232052 0.0319218 0.0415423 0.0514403 0.0606851 0.0682108 0.0731806 0.0752613 0.0746131 0.0716831 0.0670099 0.0611263 0.05452 0.0476051 0.0407034 0.0340467 0.0277954 0.0220635 0.0169394 0.0124964 0.00878973 0.00584492 0.00364194
 0.00973219 0.0155406 0.0228871 0.03154 0.0411225 0.051012 0.0602763 0.0678471 0.0728859 0.07506 0.0745299 0.0717402 0.0672199 0.0614823 0.0549889 0.0481311 0.0412221 0.0345023 0.0281528 0.0223104 0.0170822 0.0125532 0.00878527 0.00580543 0.0035905
 0.00970759 0.0154909 0.0227951 0.0313861 0.040892 0.0507055 0.0599168 0.067477 0.0725543 0.0748062 0.0743745 0.0716877 0.0672674 0.0616261 0.0552233 0.0484417 0.0415805 0.0348686 0.0284851 0.0225769 0.0172678 0.0126603 0.00882924 0.00580755 0.00357155
 0.009819 0.0156434 0.022971 0.0315494 0.0409962 0.0507078 0.0597919 0.0672254 0.072203 0.0744034 0.0739788 0.0713542 0.0670355 0.061514 0.0552301 0.0485529 0.0417726 0.035111 0.0287426 0.022815 0.0174602 0.0127946 0.00890744 0.00584203 0.00357861
 0.00984932 0.0157017 0.0230739 0.0317131 0.0412273 0.0509907 0.0600816 0.0674546 0.0723038 0.0743348 0.0737441 0.0709994 0.0666317 0.0611337 0.0549284 0.0483589 0.0416899 0.0351234 0.0288218 0.0229278 0.0175757 0.0128904 0.00897309 0.00587813 0.00359275
 0.00981734 0.0156507 0.0229999 0.0316163 0.0411148 0.0508794 0.0599968 0.067421 0.0723322 0.0744107 0.0738301 0.0710521 0.0666234 0.0610666 0.0548318 0.0482736 0.0416501 0.035145 0.0289005 0.0230441 0.017704 0.0130077 0.00906458 0.00593949 0.00362783
 0.00979471 0.0156054 0.0229166 0.0314764 0.0409028 0.0505918 0.0596509 0.0670567 0.0720041 0.074173 0.073719 0.0710736 0.066753 0.0612606 0.055047 0.0484828 0.041847 0.0353364 0.0290937 0.0232387 0.0178902 0.0131716 0.00919502 0.00603234 0.00368652
 0.00990636 0.0157706 0.0231339 0.0317312 0.0411685 0.050833 0.0598285 0.0671353 0.0719621 0.0740125 0.0734689 0.070782 0.0664706 0.061024 0.0548701 0.0483608 0.0417671 0.0352887 0.0290742 0.0232459 0.0179201 0.0132154 0.00924168 0.0060726 0.0037157
 0.00983309 0.0156703 0.0230175 0.0316198 0.0410862 0.0507962 0.0598375 0.067173 0.0720013 0.0740272 0.0734444 0.0707203 0.066389 0.0609489 0.0548259 0.0483614 0.0418123 0.0353675 0.0291724 0.0233508 0.0180227 0.0133089 0.00932085 0.00613394 0.00375857
 0.00976875 0.0155746 0.0228907 0.0314701 0.0409299 0.050656 0.0597392 0.0671389 0.0720414 0.0741319 0.0735846 0.0708572 0.0664899 0.0609992 0.0548325 0.0483454 0.0417973 0.0353702 0.029198 0.0233958 0.0180788 0.0133674 0.0093743 0.00617762 0.0037905
 0.00963878 0.015385 0.0226458 0.0311883 0.0406392 0.0503867 0.0595176 0.0669859 0.0719724 0.0741551 0.0736976 0.0710435 0.0667196 0.0612363 0.0550456 0.0485172 0.0419276 0.03547 0.0292816 0.0234731 0.0181531 0.0134364 0.00943411 0.00622499 0.00382452
 0.00946001 0.015117 0.0222854 0.0307496 0.040152 0.0498922 0.0590638 0.0666217 0.0717393 0.0740777 0.0737779 0.0712621 0.0670426 0.0616222 0.0554525 0.0489082 0.0422762 0.0357636 0.0295202 0.0236641 0.0183053 0.0135568 0.00952662 0.00629254 0.00387043
 0.00924272 0.014792 0.0218492 0.0302189 0.0395605 0.0492844 0.0584892 0.0661316 0.0713813 0.0738878 0.0737727 0.0714356 0.0673685 0.0620604 0.0559563 0.0494313 0.0427783 0.0362152 0.0299043 0.0239759 0.0185488 0.0137403 0.00965984 0.00638473 0.00393043
 0.00914118 0.014617 0.0215692 0.0298023 0.038988 0.0485654 0.0576744 0.0653103 0.0706599 0.0733599 0.0734962 0.0714257 0.0676045 0.0624974 0.056536 0.0500911 0.0434583 0.0368641 0.0304843 0.0244646 0.0189384 0.0140347 0.0098704 0.00652673 0.00402008
 0.0100322 0.0158544 0.0230402 0.0312691 0.0401524 0.0491749 0.057611 0.0646156 0.0694981 0.0719519 0.0720606 0.07014 0.066585 0.0617948 0.0561437 0.0499617 0.0435236 0.0370518 0.0307295 0.0247171 0.019165 0.0142186 0.0100074 0.0066212 0.00408036
 0.0108929 0.017203 0.0249637 0.0337827 0.0431609 0.052435 0.0607227 0.0670844 0.0708765 0.0720016 0.0708392 0.0679617 0.0638876 0.0589958 0.0535494 0.0477432 0.0417382 0.0356807 0.0297147 0.0239881 0.0186549 0.0138713 0.00977901 0.00647755 0.00399518
 0.0105538 0.0168226 0.0247067 0.0339069 0.0439462 0.0540677 0.0631879 0.0701254 0.0740412 0.0747564 0.0727096 0.0686584 0.0633788 0.0574959 0.0514292 0.0454032 0.0395028 0.033749 0.0281657 0.022816 0.0178095 0.0132874 0.00939313 0.00623504 0.00385156
 0.0101817 0.016245 0.0238989 0.0328918 0.0428223 0.0530314 0.0625275 0.0701563 0.0749838 0.0766078 0.0751908 0.071282 0.0656131 0.0589437 0.0519391 0.0450749 0.0386029 0.0325914 0.0270119 0.021827 0.0170484 0.012749 0.00903845 0.00601612 0.00372496
 0.010137 0.0161274 0.0236399 0.0324034 0.042025 0.0518998 0.0611358 0.068699 0.0737523 0.0759203 0.0752905 0.0722368 0.0672629 0.0609349 0.0538434 0.04654 0.0394599 0.0328716 0.026882 0.0214925 0.0166759 0.0124347 0.00881441 0.00587538 0.00364532
 0.0101455 0.0161438 0.0236657 0.0324321 0.0420315 0.0518315 0.0609161 0.068253 0.0730535 0.0750369 0.0743983 0.071578 0.0670567 0.0612798 0.0546634 0.0476094 0.0404975 0.033654 0.0273152 0.0216121 0.0165929 0.0122683 0.00864907 0.00575009 0.0035658
 0.0102653 0.016332 0.023936 0.0327916 0.0424762 0.0523407 0.0614444 0.0687252 0.0733715 0.0751034 0.0741547 0.0710434 0.0663439 0.0605681 0.0541308 0.0473555 0.0405033 0.0338039 0.0274664 0.021666 0.0165263 0.0121189 0.00847574 0.0055991 0.00345757
 0.0101989 0.0162323 0.0238024 0.0326306 0.0423029 0.0521778 0.0613196 0.0686657 0.0733929 0.0751977 0.0742855 0.0711553 0.0663877 0.0605304 0.0540483 0.0472991 0.0405376 0.0339471 0.0276796 0.021879 0.0166792 0.0121893 0.0084783 0.0055657 0.00341685
 0.0101971 0.0162117 0.0237395 0.0324949 0.0420673 0.0518345 0.0608925 0.0682111 0.0729853 0.0749068 0.0741544 0.0711888 0.0665533 0.0607732 0.0543142 0.0475568 0.0407844 0.0341963 0.0279378 0.0221326 0.0169 0.0123523 0.00857631 0.00561038 0.00342865
 0.0101922 0.0162142 0.0237607 0.0325475 0.0421567 0.0519482 0.060996 0.0682564 0.0729325 0.0747464 0.0739166 0.070931 0.0663355 0.0606338 0.0542605 0.047572 0.0408443 0.0342825 0.0280406 0.0222443 0.0170094 0.0124452 0.00864225 0.00564758 0.00344356
 0.0101437 0.0161396 0.0236574 0.0324183 0.0420114 0.051804 0.0608751 0.0681787 0.0729052 0.0747576 0.0739398 0.0709403 0.0663217 0.0606099 0.0542517 0.0476001 0.0409164 0.0343909 0.0281702 0.0223792 0.0171359 0.0125527 0.0087239 0.00570191 0.00347444
 0.0101724 0.0161742 0.0236875 0.0324269 0.0419805 0.0517225 0.0607458 0.06802 0.0727458 0.0746268 0.0738562 0.0709063 0.0663248 0.0606316 0.0542792 0.0476318 0.0409593 0.0344526 0.0282517 0.0224742 0.0172334 0.0126413 0.0087955 0.00575311 0.00350654
 0.010133 0.0161225 0.0236314 0.0323796 0.0419542 0.0517201 0.0607563 0.068022 0.0727187 0.0745627 0.0737659 0.0708135 0.0662539 0.060597 0.0542815 0.0476624 0.0410084 0.0345139 0.0283226 0.0225521 0.0173134 0.0127165 0.00885898 0.00580095 0.00353848
 0.0100868 0.0160564 0.0235491 0.0322918 0.0418764 0.0516698 0.0607477 0.0680607 0.0727979 0.0746624 0.0738581 0.0708734 0.0662705 0.060576 0.0542405 0.0476205 0.0409786 0.0345018 0.0283281 0.0225725 0.0173443 0.0127523 0.00889397 0.00583039 0.00356001
 0.0100312 0.0159704 0.0234284 0.0321364 0.0416926 0.0514711 0.0605556 0.0679027 0.072701 0.0746441 0.0739195 0.0709974 0.0664278 0.0607361 0.0543813 0.0477336 0.0410673 0.0345747 0.0283933 0.0226342 0.017403 0.012806 0.00893989 0.00586643 0.0035856
 0.00993997 0.0158352 0.0232494 0.0319223 0.0414581 0.0512327 0.0603294 0.0677041 0.072546 0.0745491 0.0738984 0.0710566 0.066562 0.0609272 0.0546026 0.0479573 0.0412724 0.0347508 0.0285391 0.0227536 0.0175004 0.0128845 0.00900104 0.00591146 0.00361635
 0.00996564 0.0158599 0.0232558 0.0318853 0.0413535 0.0510498 0.0600799 0.0674216 0.0722743 0.0743275 0.0737515 0.0709937 0.066581 0.0610185 0.0547508 0.0481424 0.0414718 0.0349438 0.0287113 0.022898 0.0176161 0.0129739 0.00906761 0.0059587 0.0036478
 0.0100685 0.0160278 0.0235075 0.0322336 0.041796 0.0515586 0.0605965 0.0678656 0.072567 0.07442 0.0736406 0.0707173 0.0661994 0.0605941 0.0543344 0.0477677 0.0411561 0.0346909 0.0285163 0.022752 0.0175101 0.0129001 0.00901915 0.00592929 0.0036316
 0.0099274 0.0158375 0.0232941 0.0320468 0.0416973 0.0516 0.0608005 0.0682151 0.0730084 0.0748757 0.0740292 0.0709753 0.0662977 0.0605429 0.0541734 0.0475487 0.040926 0.0344822 0.028345 0.0226217 0.0174167 0.0128367 0.00897852 0.00590497 0.00361823
 0.00988007 0.0157621 0.0231854 0.0319059 0.0415369 0.0514502 0.0607085 0.0682348 0.0731788 0.0751987 0.0744594 0.0714304 0.0666866 0.0607954 0.0542602 0.0474836 0.040753 0.0342556 0.0281129 0.0224159 0.0172524 0.0127161 0.00889637 0.00585297 0.00358774
 0.00984534 0.0156897 0.0230475 0.0316689 0.0411727 0.0509529 0.06011 0.0676085 0.0726266 0.0748249 0.0743402 0.0715908 0.067091 0.061358 0.0548728 0.0480485 0.0412083 0.0345825 0.0283258 0.0225453 0.0173289 0.0127624 0.00892586 0.00587237 0.00360034
 0.0102152 0.016247 0.0238021 0.0325943 0.042206 0.0519994 0.0610521 0.0683215 0.0730076 0.0748256 0.0739868 0.0709757 0.0663395 0.0605868 0.0541588 0.0474208 0.0406603 0.0340946 0.0278851 0.0221523 0.0169934 0.0124941 0.00872734 0.00573738 0.00351632
 0.0104213 0.016596 0.0243504 0.0333964 0.0432931 0.0533508 0.0625714 0.0698382 0.0743124 0.0757265 0.0743606 0.0707952 0.0656713 0.0595655 0.0529478 0.0461707 0.0394809 0.0330465 0.0269895 0.0214095 0.0163966 0.0120342 0.00839227 0.00550957 0.00337333
 0.0103481 0.0165049 0.0242673 0.033368 0.0433821 0.053622 0.0630731 0.0705824 0.0752575 0.0767705 0.0753533 0.0715734 0.0661056 0.0595987 0.0526072 0.0455506 0.0387063 0.0322357 0.0262299 0.0207512 0.0158594 0.0116191 0.00808928 0.0053025 0.00324221
 0.0102052 0.0162629 0.023888 0.0328187 0.0426534 0.052752 0.0621639 0.0697923 0.0747605 0.0766992 0.0757506 0.0723742 0.0671563 0.060704 0.0535867 0.0462855 0.0391585 0.032437 0.0262511 0.0206695 0.0157369 0.0114954 0.00798479 0.00522423 0.00318932
 0.0101356 0.0161238 0.0236308 0.0323822 0.0419793 0.0518112 0.0609833 0.0684691 0.0734558 0.0756099 0.0750658 0.0722265 0.0675807 0.0616219 0.0548262 0.0476328 0.0404189 0.0334811 0.0270295 0.0211982 0.0160676 0.0116878 0.00808957 0.00527768 0.0032147
 0.0103222 0.0164017 0.0239992 0.0328162 0.0424278 0.0521978 0.0612136 0.0684487 0.0731205 0.0749596 0.0741839 0.071269 0.0667339 0.0610454 0.0546029 0.0477475 0.0407744 0.0339419 0.0274727 0.0215471 0.0162986 0.0118163 0.00814747 0.00529611 0.00321574
 0.0102306 0.0162851 0.0238828 0.0327418 0.0424394 0.05232 0.0614329 0.068709 0.0733368 0.0750442 0.074076 0.0709592 0.0662754 0.0605435 0.0541829 0.0475109 0.0407627 0.0341264 0.0277746 0.0218747 0.0165817 0.0120217 0.00827535 0.00536483 0.00324751
 0.00993615 0.0158485 0.0233057 0.0320583 0.0417127 0.0516324 0.060873 0.0683554 0.073237 0.0751941 0.0744146 0.0713868 0.0666903 0.0608803 0.0544329 0.0477148 0.0409812 0.0344042 0.028117 0.0222491 0.0169379 0.0123172 0.00849051 0.00550323 0.0033266
 0.00962393 0.0153655 0.0226266 0.031181 0.040664 0.0504737 0.0597039 0.067307 0.0724484 0.0747763 0.0744174 0.0717843 0.0673903 0.0617538 0.0553526 0.0485887 0.0417675 0.0351023 0.028743 0.0228116 0.0174298 0.012722 0.0087967 0.00571316 0.00345619
 0.00954257 0.0152021 0.0223241 0.0306702 0.0398844 0.049405 0.0583939 0.0658778 0.0710733 0.0736388 0.0736695 0.0715166 0.0676172 0.0624137 0.0563259 0.0497291 0.0429387 0.0362048 0.0297217 0.023646 0.0181164 0.0132636 0.00919998 0.00599199 0.00363273
 0.00970805 0.0154423 0.0226294 0.0310051 0.0401877 0.049595 0.058381 0.0655858 0.0704689 0.0727585 0.0726263 0.0704768 0.0667539 0.0618583 0.0561355 0.0498817 0.0433521 0.0367699 0.0303354 0.0242313 0.0186275 0.0136796 0.00951642 0.00621558 0.00377794
 0.00971654 0.0155273 0.022885 0.0315529 0.0411324 0.0509601 0.0600578 0.0673334 0.0719752 0.073736 0.0728975 0.0700171 0.065686 0.0604074 0.054562 0.0484144 0.0421411 0.0358733 0.029736 0.0238698 0.0184335 0.0135916 0.00948832 0.00621644 0.00378893
 0.00930669 0.0149483 0.02218 0.0308297 0.040549 0.0506911 0.0602513 0.0680666 0.073214 0.0753141 0.0745376 0.0714038 0.0665651 0.0606651 0.0542479 0.0477023 0.0412542 0.0350099 0.0290239 0.0233572 0.018108 0.0134097 0.00940092 0.00618265 0.0037809
#obs surv len freq
 nan nan nan nan nan nan nan nan nan nan nan nan nan nan nan nan nan nan nan nan nan nan nan nan nan
 0.00448582 0.00734789 0.0111788 0.0159963 0.0216982 0.0279749 0.0342897 0.040021 0.0447 0.0481624 0.0505185 0.0520123 0.0529025 0.0534131 0.0537259 0.0539797 0.0542575 0.0545497 0.0546881 0.0542799 0.052718 0.0493505 0.0438009 0.0362818 0.0276665
 0.00461838 0.00756455 0.0115067 0.0164604 0.0223154 0.0287442 0.0351836 0.0409824 0.0456498 0.0490156 0.0511993 0.0524662 0.0531012 0.053355 0.0534323 0.0534869 0.0536084 0.0537867 0.05385 0.0534035 0.0518419 0.0485176 0.0430556 0.0356619 0.0271927
 0.00478389 0.00783666 0.0119218 0.0170541 0.0231151 0.0297577 0.0363865 0.0423135 0.0470177 0.0503141 0.0523242 0.0533278 0.0536332 0.0535204 0.0532255 0.0529319 0.0527514 0.0526878 0.0525761 0.0520254 0.0504356 0.0471646 0.041837 0.0346446 0.0264138
 0.00497187 0.00814434 0.0123889 0.0177195 0.0240099 0.030894 0.0377452 0.0438384 0.0486209 0.0518898 0.0537626 0.0545254 0.0545 0.0539864 0.0532474 0.0524977 0.051882 0.0514343 0.0510155 0.0502559 0.0485737 0.0453383 0.0401729 0.0332461 0.025339
 0.00519229 0.00850387 0.0129323 0.0184892 0.0250385 0.0321917 0.0392868 0.0455585 0.0504228 0.0536628 0.0553975 0.0559223 0.0555707 0.0546545 0.0534515 0.0521968 0.0510632 0.0501197 0.0492677 0.0481807 0.0463164 0.0430727 0.0380766 0.0314672 0.0239637
 0.00542107 0.00887981 0.0135056 0.0193091 0.0261439 0.0335959 0.0409623 0.0474318 0.0523853 0.0555916 0.0571756 0.0574484 0.0567604 0.0554377 0.0537687 0.0519993 0.0503179 0.0488208 0.0474514 0.045939 0.0438027 0.04049 0.0356458 0.0293795 0.0223365
 0.00565438 0.00926177 0.0140856 0.0201356 0.0272558 0.0350089 0.0426539 0.0493347 0.0543956 0.057587 0.0590343 0.0590615 0.0580371 0.0563052 0.054169 0.051885 0.0496518 0.0475832 0.0456576 0.0436609 0.0411849 0.0377445 0.0330186 0.0270944 0.0205387
 0.00589154 0.00965026 0.0146758 0.0209766 0.028386 0.0364417 0.0443629 0.0512484 0.0564074 0.059576 0.0608837 0.0606686 0.059316 0.0571856 0.0545939 0.0518074 0.0490333 0.0463992 0.0439118 0.0414095 0.0385581 0.0349494 0.0303088 0.0247112 0.0186469
 0.00613196 0.0100453 0.015278 0.0218373 0.0295457 0.0379135 0.0461166 0.0532049 0.0584508 0.0615761 0.0627182 0.0622355 0.0605362 0.0580002 0.0549584 0.0516856 0.0483943 0.0452201 0.042192 0.0391948 0.0359645 0.0321719 0.0275958 0.0223071 0.0167253
 0.0063854 0.0104581 0.015901 0.0227185 0.030721 0.0393931 0.0478693 0.0551526 0.0604782 0.0635523 0.0645175 0.0637521 0.0616896 0.0587347 0.0552385 0.0514886 0.0477032 0.0440232 0.0404932 0.0370355 0.0334493 0.0294797 0.02496 0.0199624 0.0148429
 0.00661491 0.010838 0.0164849 0.02356 0.031862 0.0408463 0.0496004 0.0570759 0.0624705 0.0654777 0.0662516 0.0651937 0.0627636 0.0593907 0.0554462 0.0512325 0.0469763 0.0428253 0.0388373 0.0349652 0.0310616 0.0269369 0.0224746 0.0177503 0.0130636
 0.00684586 0.0112136 0.0170509 0.0243593 0.032928 0.0421896 0.0511958 0.0588549 0.0643281 0.0672903 0.0678962 0.0665632 0.0637765 0.0599932 0.0556099 0.050948 0.0462457 0.0416585 0.0372564 0.0330183 0.0288411 0.02459 0.0201911 0.0157224 0.0114332
 0.00707242 0.0115873 0.0176227 0.0251787 0.034031 0.0435821 0.0528365 0.0606531 0.0661593 0.0690232 0.0694152 0.0677798 0.0646286 0.0604424 0.055638 0.0505528 0.0454371 0.040456 0.0356911 0.0311434 0.0267461 0.022409 0.0180916 0.0138712 0.00995168
 0.00727066 0.0119153 0.0181268 0.0259056 0.0350183 0.0448424 0.0543419 0.0623284 0.0678911 0.070681 0.070875 0.0689404 0.0654208 0.0608296 0.0556112 0.0501218 0.0446233 0.0392879 0.0342071 0.0294 0.0248294 0.0204398 0.0162158 0.0122303 0.00864594
 0.00745376 0.0122132 0.0185759 0.0265401 0.0358644 0.0459082 0.0556067 0.063737 0.0693594 0.0721094 0.0721624 0.0699955 0.0661705 0.0612245 0.055628 0.0497615 0.0439052 0.0382443 0.0328819 0.0278525 0.0231421 0.0187216 0.0145922 0.0108198 0.00752976
 0.00751741 0.0123213 0.0187476 0.0267979 0.0362309 0.0464019 0.0562352 0.0644935 0.0702215 0.0730401 0.0731119 0.0709028 0.0669666 0.0618393 0.0559992 0.0498434 0.0436748 0.037703 0.0320551 0.02679 0.021919 0.0174359 0.0133546 0.00973289 0.00666413
 0.00758568 0.0124242 0.018888 0.0269748 0.0364426 0.0466493 0.0565246 0.064835 0.0706251 0.0735107 0.0736436 0.0714761 0.0675467 0.0623772 0.0564365 0.0501198 0.0437384 0.0375203 0.0316194 0.0261258 0.0210821 0.0165092 0.0124344 0.00890951 0.00600096
 0.00766908 0.0125523 0.0190662 0.0272021 0.0367108 0.0469435 0.0568246 0.0651194 0.070879 0.0737319 0.0738452 0.0716788 0.0677671 0.0626164 0.0566741 0.050316 0.0438422 0.0374823 0.0314055 0.0257293 0.02053 0.0158591 0.0117634 0.00829411 0.00549743
 0.00774913 0.0126779 0.0192465 0.0274413 0.0370064 0.0472837 0.0571864 0.0654705 0.0711839 0.0739626 0.07399 0.0717457 0.0677798 0.0626041 0.056659 0.0503028 0.0438143 0.0374069 0.0312456 0.02546 0.0201512 0.0154003 0.0112765 0.00783757 0.00511776
 0.00776925 0.0127095 0.0192921 0.027503 0.037086 0.0473827 0.0573056 0.0656082 0.0713351 0.0741179 0.0741372 0.071873 0.06788 0.0626773 0.0567117 0.0503424 0.0438412 0.0374095 0.0312022 0.0253476 0.0199588 0.0151378 0.0109748 0.00753845 0.0048589
 0.00779776 0.0127498 0.0193416 0.0275558 0.0371349 0.0474223 0.0573352 0.0656322 0.0713612 0.0741544 0.0741892 0.0719406 0.0679581 0.0627577 0.0567861 0.050405 0.043888 0.0374351 0.0311969 0.0252989 0.0198573 0.0149855 0.010788 0.00734405 0.0046843
 0.0078345 0.0128037 0.0194117 0.0276368 0.0372177 0.0474962 0.0573893 0.0656589 0.071358 0.0741266 0.0741491 0.0719039 0.0679381 0.0627607 0.0568106 0.0504431 0.043929 0.037468 0.0312109 0.025284 0.0198066 0.0148988 0.0106744 0.00722025 0.00456914
 0.00786516 0.012851 0.019478 0.0277218 0.0373177 0.0476035 0.0574924 0.0657431 0.0714097 0.0741372 0.074119 0.0718427 0.0678619 0.062687 0.0567528 0.0504074 0.0439136 0.0374647 0.0312083 0.0252708 0.0197742 0.0148442 0.0106017 0.00713956 0.00449256
 0.00788059 0.0128718 0.0195015 0.027743 0.0373314 0.0476064 0.0574848 0.0657288 0.0713935 0.0741222 0.0741057 0.0718298 0.0678487 0.0626755 0.0567473 0.0504127 0.0439319 0.0374936 0.031241 0.0252976 0.0197864 0.014837 0.010576 0.00710161 0.00445131
 0.00787413 0.0128618 0.0194871 0.0277234 0.0373055 0.0475728 0.0574422 0.0656776 0.0713367 0.0740668 0.0740603 0.0718027 0.0678441 0.0626929 0.0567828 0.0504614 0.0439896 0.0375563 0.0313037 0.025354 0.0198298 0.0148625 0.010583 0.0070938 0.00443517
 0.0078935 0.0128874 0.0195149 0.0277461 0.0373148 0.0475626 0.0574113 0.0656295 0.0712781 0.0740046 0.0740009 0.0717513 0.0678059 0.0626721 0.0567817 0.0504792 0.044023 0.0376004 0.0313527 0.0254017 0.0198704 0.0148915 0.0105986 0.00709737 0.00443062
 0.00787494 0.0128584 0.0194732 0.0276903 0.0372435 0.0474753 0.0573088 0.0655155 0.0711602 0.0738947 0.0739125 0.0716966 0.0677921 0.0626999 0.0568462 0.050572 0.0441342 0.0377198 0.031471 0.0255106 0.0199631 0.0149637 0.0106491 0.00712818 0.0044462
 0.00789879 0.0128909 0.0195106 0.0277249 0.0372664 0.0474786 0.0572887 0.0654724 0.0710976 0.0738172 0.0738262 0.0716093 0.0677133 0.0626397 0.0568125 0.0505685 0.0441591 0.0377674 0.0315326 0.0255771 0.0200261 0.015017 0.0106892 0.00715466 0.00446122
 0.00787086 0.012848 0.0194507 0.0276475 0.037172 0.0473688 0.0571661 0.065342 0.0709679 0.0736997 0.0737333 0.0715514 0.0676962 0.062664 0.0568744 0.0506618 0.0442764 0.0378998 0.0316705 0.0257104 0.0201458 0.0151163 0.0107649 0.00720718 0.00449412
 0.0078378 0.012793 0.0193659 0.0275257 0.0370096 0.0471688 0.0569413 0.0651138 0.0707611 0.0735358 0.0736261 0.0715061 0.0677118 0.062735 0.0569929 0.0508175 0.0444574 0.0380936 0.0318649 0.0258938 0.0203082 0.0152508 0.0108681 0.00728003 0.00454101
 0.00780835 0.0127437 0.0192891 0.0274136 0.0368557 0.0469712 0.056706 0.0648559 0.0705038 0.0733063 0.0734499 0.0714021 0.0676888 0.0627914 0.0571184 0.0509966 0.0446725 0.0383271 0.0321001 0.0261159 0.0205053 0.0154144 0.0109943 0.00737002 0.00459973
 0.00780492 0.0127341 0.019267 0.0273704 0.0367821 0.0468604 0.0565561 0.064672 0.0702976 0.0730947 0.0732528 0.0712404 0.0675812 0.062751 0.0571497 0.051095 0.0448254 0.038517 0.0323077 0.0263227 0.0206955 0.0155764 0.011122 0.00746256 0.00466109
 0.00775039 0.0126503 0.0191501 0.0272196 0.0365999 0.0466516 0.0563284 0.0644363 0.070068 0.0728869 0.0730831 0.0711229 0.0675269 0.0627663 0.0572359 0.0512474 0.045033 0.0387635 0.0325728 0.0265853 0.0209366 0.0157818 0.0112838 0.00758 0.00473913
 0.00772008 0.012596 0.0190594 0.0270793 0.0364001 0.0463923 0.0560243 0.064116 0.0697661 0.0726344 0.0728998 0.071017 0.0674982 0.062811 0.0573485 0.0514207 0.0452575 0.0390255 0.0328549 0.0268675 0.0211991 0.0160082 0.0114643 0.00771222 0.00482774
 0.00930238 0.0148111 0.0217328 0.0298272 0.0387399 0.0479198 0.0565547 0.0637133 0.0686648 0.0711225 0.07123 0.0693689 0.0659802 0.0614771 0.0562175 0.0504914 0.0445183 0.0384598 0.0324424 0.0265842 0.0210186 0.0159035 0.0114105 0.00768897 0.0048203
 0.00928681 0.0150776 0.0226481 0.0318459 0.0422063 0.0528002 0.0622674 0.0692228 0.0728489 0.0732144 0.0710718 0.0673562 0.0627905 0.0577808 0.0525104 0.0470652 0.041509 0.0359107 0.0303498 0.0249217 0.0197466 0.0149729 0.0107646 0.00726739 0.00456372
 0.0089544 0.0145564 0.021921 0.030966 0.0413487 0.0522965 0.0625644 0.0707214 0.0756613 0.0769844 0.0750198 0.0705741 0.0646192 0.0580396 0.0514653 0.045214 0.039349 0.033803 0.0284962 0.0234026 0.0185696 0.0141079 0.0101638 0.00687555 0.00432567
 0.00878639 0.014272 0.0214731 0.0303073 0.0404507 0.051183 0.0613529 0.0696503 0.0750682 0.0772112 0.0762586 0.0727235 0.0672549 0.060552 0.053306 0.0461051 0.0393372 0.0331588 0.0275511 0.0224251 0.0177194 0.0134483 0.00969578 0.0065689 0.00414002
 0.0087506 0.014205 0.0213548 0.0301101 0.0401423 0.050733 0.0607458 0.0689035 0.0742536 0.076472 0.0758001 0.0727603 0.0679152 0.0617841 0.0548557 0.0476 0.0404415 0.0337051 0.0275738 0.0220949 0.0172391 0.012975 0.0093134 0.00630004 0.00397118
 0.00869503 0.0141205 0.0212377 0.0299593 0.0399565 0.0505073 0.0604705 0.0685665 0.0738482 0.0760101 0.0753287 0.0723713 0.0677346 0.0619308 0.0553778 0.0484263 0.041388 0.0345466 0.0281405 0.0223346 0.0172116 0.0127964 0.00909432 0.0061102 0.00383669
 0.00868066 0.0140917 0.0211848 0.0298708 0.039823 0.0503265 0.0602504 0.0683227 0.0735968 0.0757601 0.0750826 0.0721356 0.0675351 0.0618203 0.0554233 0.0486745 0.0418278 0.0350953 0.0286722 0.0227362 0.0174301 0.0128489 0.00904163 0.00601828 0.00375061
 0.00867114 0.0140759 0.02116 0.0298335 0.0397681 0.050248 0.0601427 0.068183 0.0734282 0.0755724 0.0748901 0.0719532 0.0673768 0.0617023 0.0553691 0.0487136 0.041982 0.0353588 0.0290011 0.0230606 0.0176845 0.0130003 0.0090971 0.00601081 0.00371693
 0.00865499 0.0140525 0.02113 0.0297989 0.0397318 0.0502115 0.0601051 0.0681405 0.0733752 0.0755033 0.0748025 0.0718493 0.0672648 0.0615955 0.0552849 0.0486719 0.0420018 0.0354504 0.0291569 0.0232521 0.0178707 0.0131453 0.00918451 0.00604631 0.00371916
 0.00865721 0.0140517 0.021121 0.0297748 0.0396865 0.0501437 0.0600201 0.06805 0.0732919 0.0754362 0.0747528 0.0718123 0.0672333 0.0615652 0.0552575 0.0486558 0.0420095 0.0354939 0.0292407 0.0233683 0.0179998 0.0132631 0.00927274 0.00609923 0.00374267
 0.00865232 0.0140486 0.0211247 0.0297919 0.0397216 0.0501955 0.060079 0.0681001 0.0733177 0.075429 0.0747142 0.0717511 0.0671604 0.0614889 0.0551831 0.0485882 0.0419556 0.0354619 0.0292378 0.0233955 0.0180499 0.0133225 0.0093268 0.00613849 0.00376516
 0.00863899 0.0140273 0.0210938 0.0297512 0.0396736 0.0501463 0.0600382 0.0680777 0.0733195 0.0754529 0.0747499 0.0717852 0.0671824 0.061495 0.0551757 0.0485732 0.0419398 0.0354522 0.0292402 0.0234135 0.0180823 0.0133634 0.0093677 0.00617205 0.00378791
 0.00863552 0.0140189 0.0210761 0.0297186 0.0396212 0.0500726 0.0599475 0.067981 0.073232 0.0753901 0.0747224 0.0717948 0.0672223 0.0615524 0.0552373 0.0486293 0.0419869 0.0354917 0.0292761 0.0234499 0.0181211 0.0134033 0.0094053 0.00620329 0.00381047
 0.00866233 0.0140603 0.0211341 0.0297927 0.0397072 0.0501621 0.060028 0.0680376 0.0732527 0.0753699 0.0746665 0.0717167 0.067138 0.061475 0.0551731 0.0485786 0.0419464 0.0354587 0.0292499 0.0234317 0.0181121 0.0134031 0.00941156 0.00621247 0.00381931
 0.00862672 0.0140123 0.0210801 0.0297445 0.039679 0.0501645 0.0600631 0.0680984 0.0733249 0.0754373 0.0747152 0.0717397 0.0671358 0.0614547 0.0551446 0.048551 0.0419248 0.0354444 0.0292419 0.0234287 0.0181133 0.0134081 0.00941909 0.00622095 0.00382704
 0.00862672 0.0140123 0.0210801 0.0297445 0.039679 0.0501645 0.0600631 0.0680984 0.0733249 0.0754373 0.0747152 0.0717397 0.0671358 0.0614547 0.0551446 0.048551 0.0419248 0.0354444 0.0292419 0.0234287 0.0181133 0.0134081 0.00941909 0.00622095 0.00382704
 0.00861469 0.013988 0.0210353 0.029671 0.0395723 0.0500301 0.0599196 0.0679742 0.073248 0.0754235 0.0747622 0.0718291 0.0672428 0.0615578 0.0552316 0.048619 0.0419771 0.035486 0.0292768 0.0234589 0.0181397 0.0134307 0.00943785 0.0062358 0.00383802
 0.00880031 0.0142806 0.021457 0.0302309 0.0402599 0.0508068 0.0607146 0.0686924 0.0737932 0.0757269 0.0748006 0.071624 0.0668449 0.0610277 0.0546277 0.0479915 0.0413674 0.0349259 0.0287882 0.0230538 0.0178209 0.0131934 0.00927179 0.0061273 0.00377237
 0.00878687 0.0142818 0.021501 0.030358 0.0405113 0.0512071 0.0612559 0.0693283 0.0744469 0.0763093 0.0752316 0.0718497 0.0668474 0.0608251 0.0542647 0.0475255 0.0408552 0.0344162 0.0283178 0.0226473 0.0174907 0.0129417 0.00909246 0.00600845 0.00369957
 0.00884469 0.0143645 0.0216059 0.0304793 0.0406464 0.0513648 0.0614581 0.0696024 0.0748078 0.0767429 0.0756883 0.0722557 0.0671276 0.0609273 0.0541733 0.0472621 0.0404677 0.0339633 0.0278555 0.0222198 0.0171269 0.0126549 0.00888279 0.00586674 0.0036114
 0.00878872 0.0142821 0.0214978 0.0303512 0.0405074 0.0512247 0.0613285 0.0694992 0.0747559 0.0767734 0.0758283 0.072512 0.0674744 0.0613075 0.0545157 0.0475057 0.0405811 0.0339497 0.0277451 0.0220548 0.0169479 0.012492 0.00875248 0.00577334 0.00355099
 0.00897072 0.0145577 0.0218741 0.0308199 0.0410451 0.0517957 0.061886 0.0699892 0.0751244 0.0769803 0.07586 0.0723862 0.067233 0.0609995 0.0541788 0.0471565 0.040219 0.0335704 0.0273528 0.0216669 0.0165895 0.0121865 0.00851395 0.00560333 0.00344069
 0.00920641 0.0149488 0.0224745 0.0316764 0.0421777 0.0531709 0.0633977 0.0714652 0.0763669 0.0778215 0.0762062 0.0722314 0.0666448 0.0600919 0.0530817 0.0459897 0.0390746 0.032507 0.0264018 0.0208438 0.0159027 0.0116399 0.00810409 0.00531737 0.00325689
 0.00904533 0.0147171 0.0221841 0.0313644 0.0419043 0.0530107 0.0634259 0.0717373 0.076895 0.0785566 0.0770398 0.0730237 0.0672674 0.0604639 0.0531851 0.0458603 0.0387788 0.0321175 0.0259803 0.0204347 0.0155349 0.0113306 0.00786149 0.00514124 0.00313964
 0.00897125 0.0145699 0.021916 0.0309224 0.0412532 0.0521657 0.0624757 0.070839 0.0762325 0.0782803 0.0772163 0.0736159 0.0681511 0.061469 0.0541453 0.0466543 0.0393491 0.0324654 0.0261457 0.020472 0.015496 0.0112565 0.00778055 0.00507042 0.00308637
 0.00877842 0.0142564 0.021444 0.0302564 0.0403674 0.0510569 0.0611813 0.0694504 0.0748959 0.0771781 0.0765297 0.0734775 0.0686014 0.0624378 0.0554691 0.0481239 0.0407674 0.0336911 0.0271103 0.0211709 0.0159654 0.0115494 0.00795007 0.00516069 0.00313009
 0.00891919 0.0144527 0.021678 0.030487 0.0405371 0.0511035 0.0610507 0.0691071 0.0743325 0.0764264 0.0756695 0.0726332 0.0679193 0.0620461 0.055435 0.0484295 0.0413174 0.0343503 0.0277499 0.0217031 0.0163546 0.0118024 0.00809642 0.00523568 0.0031635
 0.00887939 0.0144118 0.0216587 0.0305204 0.0406481 0.0512909 0.0612737 0.0692902 0.0743896 0.0762935 0.0753294 0.0721232 0.0673236 0.0614768 0.0550053 0.0482219 0.0413588 0.034604 0.0281324 0.0221172 0.0167222 0.012082 0.00828235 0.00534462 0.00321988
