SBPRF35
7.78865
Curr Bio
518543
B35
697160
F35
0.210189
FOFL
0.137731
OFL
51777.9
Bzero
2.22533e+06
#pred survey bio
 4.77071e+06 4.52501e+06 4.28095e+06 3.97653e+06 3.64198e+06 3.28954e+06 2.96403e+06 2.63554e+06 2.31287e+06 2.03582e+06 1.77848e+06 1.58285e+06 1.38951e+06 1.2177e+06 1.07624e+06 957838 866034 800078 761997 735428 711120 680772 675268 658561 660358 654171 638307 638467 631380 622676 623547 627476 627504 622203 610777 587741 580559 568454 569215 569215 580864 580095 580471 577312 580680 582129 581663 575379 578581 577061 575679 570617 543882 523227 1.65534e+07 9.61309e+06 9.71826e+06 1.04996e+07 1.16562e+07 1.2888e+07 1.40126e+07 1.49509e+07 1.569e+07 1.62505e+07 1.66648e+07 1.6966e+07 1.71829e+07 1.73383e+07 1.74495e+07 1.75293e+07 1.75867e+07 1.76283e+07 1.76586e+07 1.76807e+07 1.76971e+07 1.77092e+07 1.77183e+07 1.77251e+07 1.77303e+07 1.77342e+07 1.77371e+07 1.77394e+07 1.77411e+07 1.77424e+07 1.77434e+07 1.77442e+07 1.77448e+07 1.77452e+07 1.77456e+07 1.77459e+07 1.77461e+07 1.77462e+07 1.77464e+07 1.77465e+07 1.77465e+07 1.77466e+07 1.77466e+07 1.77467e+07 1.77467e+07 1.77467e+07 1.77467e+07 1.77468e+07 1.77468e+07 1.77468e+07 1.77468e+07 1.77468e+07 1.77468e+07 1.77468e+07 1.77468e+07 1.77468e+07 1.77468e+07 1.77468e+07 1.77468e+07 1.77468e+07 1.77468e+07 1.77468e+07 1.77468e+07 1.77468e+07 1.77468e+07 1.77468e+07 1.77468e+07 1.77468e+07 1.77468e+07 1.77468e+07 1.77468e+07 1.77468e+07 1.77468e+07 1.77468e+07 1.77468e+07 1.77468e+07 1.77468e+07 1.77468e+07 1.77468e+07 1.77468e+07 1.77468e+07 1.77468e+07 1.77468e+07 1.77468e+07 1.77468e+07 1.77468e+07 1.77468e+07 1.77468e+07 1.77468e+07 1.77468e+07 1.77468e+07 1.77468e+07 1.77468e+07 1.77468e+07 1.77468e+07 1.77468e+07 1.77468e+07 1.77468e+07 1.77468e+07 1.77468e+07 0 0 0 0 0 0 0 0 0 0 0 0 0 0 0 0 0 0 0 0 0 0 0 0 0
#obs survey bio
 3.94308e+06 3.04106e+06 3.75172e+06 3.091e+06 2.10461e+06 2.76842e+06 1.80942e+06 1.89748e+06 2.00341e+06 1.52679e+06 1.36996e+06 1.52319e+06 833764 755471 945990 732165 887582 663308 666832 732519 722573 535508 600024 824987 481342 494357 542445 737014 547171 509289 506213 531994 489146 557187 642073 508570 723960 619720 877434 691508 540512 500507 509883 565152 818034 662694 552411 477956 429216 643218 585852 546982 651652 496606
#pred catch bio
 90122.4 88232 152447 201231 247015 255315 290475 315665 301091 305137 267542 278348 267721 245790 227594 204099 179434 152861 140701 136105 137948 114906 122975 106351 112017 117481 101048 104651 104023 95057.6 92121.9 94360.3 96098.7 96729.3 101187 85060.9 90684.5 82510.1 84693.7 75389.6 86179.8 85357.4 88539.8 83350.4 85613.7 87972 93307 85653.4 89780.4 88735.6 89698 103859 92764 109886 51777.9 73686.1 72967.5 77405.5 85556.6 94594.5 102816 109549 114708 118484 121157 123002 124250 125083 125632 125991 126223 126373 126469 126530 126569 126594 126609 126619 126626 126630 126632 126634 126635 126635 126636 126636 126636 126636 126636 126636 126636 126636 126636 126636 126636 126636 126636 126636 126636 126636 126636 126636 126636 126636 126636 126636 126636 126636 126636 126636 126636 126636 126636 126636 126636 126636 126636 126636 126636 126636 126636 126636 126636 126636 126636 126636 126636 126636 126636 126636 126636 126636 126636 126636 126636 126636 126636 126636 126636 126636 126636 126636 126636 126636 126636 126636 126636 126636 126636 126636 126636 126636 126636 126636 0 0 0 0 0 0 0 0 0 0 0 0 0 0 0 0 0 0 0 0 0 0 0 0 0
#obs catch bio
 0 87972.1 153102 202311 249650 258830 296391 323164 308911 314775 275036 287632 278711 255319 236637 212633 186336 156929 144307 139290 141392 117134 125809 108039 114701 120150 102724 105873 105237 96493.2 93393.3 95991.8 98120.5 98033.2 102484 85689.3 91201 82692.4 84731.2 75121.1 85862.4 85295.4 88775.2 83451.3 85591.5 88078 93978.4 86100.7 90471.6 89474.8 90029.6 104790 92610.9 110117
#pred cpue bio
 4.69305e+06 4.45273e+06 4.21379e+06 3.91198e+06 3.57862e+06 3.22749e+06 2.90336e+06 2.57683e+06 2.25647e+06 1.98149e+06 1.72639e+06 1.53234e+06 1.34109e+06 1.17154e+06 1.03229e+06 915996 826227 762311 725679 700186 676937 647796 642576 626485 628334 622646 607782 608570 602192 593830 594647 598589 599007 594659 584649 563162 555996 543022 542889 542978 554643 553982 554199 551017 554223 555523 554860 548606 551662 550272 549277 544973 519794 500830 1.58684e+07 9.22216e+06 9.18224e+06 9.79045e+06 1.08802e+07 1.20947e+07 1.32155e+07 1.41531e+07 1.48921e+07 1.54525e+07 1.58668e+07 1.6168e+07 1.63849e+07 1.65403e+07 1.66516e+07 1.67313e+07 1.67888e+07 1.68303e+07 1.68606e+07 1.68828e+07 1.68991e+07 1.69113e+07 1.69204e+07 1.69272e+07 1.69323e+07 1.69362e+07 1.69392e+07 1.69414e+07 1.69431e+07 1.69444e+07 1.69454e+07 1.69462e+07 1.69468e+07 1.69473e+07 1.69476e+07 1.69479e+07 1.69481e+07 1.69483e+07 1.69484e+07 1.69485e+07 1.69486e+07 1.69486e+07 1.69487e+07 1.69487e+07 1.69487e+07 1.69488e+07 1.69488e+07 1.69488e+07 1.69488e+07 1.69488e+07 1.69488e+07 1.69488e+07 1.69488e+07 1.69488e+07 1.69488e+07 1.69488e+07 1.69488e+07 1.69488e+07 1.69488e+07 1.69488e+07 1.69488e+07 1.69488e+07 1.69488e+07 1.69488e+07 1.69488e+07 1.69488e+07 1.69488e+07 1.69488e+07 1.69488e+07 1.69488e+07 1.69488e+07 1.69488e+07 1.69488e+07 1.69488e+07 1.69488e+07 1.69488e+07 1.69488e+07 1.69488e+07 1.69488e+07 1.69488e+07 1.69488e+07 1.69488e+07 1.69488e+07 1.69488e+07 1.69488e+07 1.69488e+07 1.69488e+07 1.69488e+07 1.69488e+07 1.69488e+07 1.69488e+07 1.69488e+07 1.69488e+07 1.69488e+07 1.69488e+07 1.69488e+07 1.69488e+07 1.69488e+07 1.69488e+07 1.69488e+07 0 0 0 0 0 0 0 0 0 0 0 0 0 0 0 0 0 0 0 0 0 0 0 0 0
#obs cpue bio
 6.25331e+06 2.82998e+06 4.83094e+06 3.05e+06 3.11561e+06 1.67295e+06 2.97777e+06 3.17646e+06 1.51571e+06 1.73879e+06 1.55338e+06 1.13373e+06 952433 1.30160e+06 695690 580128 500994 912005 553399 560320 509416 530158 585442 413075 415545 795981 552730 741523 590325 372134 624558 441880 444421 967146 607959 581478 639774 517048 483556 506747 792944 449348 510964 544424 468437 412625 380414 572640 631285 398386 684893 477714 665018 560048
#pred surv len freq
 0.00551928 0.00887707 0.013202 0.01842 0.0243736 0.0307549 0.03707 0.0427457 0.0473436 0.0507129 0.052972 0.0543758 0.0551881 0.0556124 0.0557621 0.0556538 0.0552213 0.0543423 0.0528562 0.050562 0.0472195 0.0426076 0.0366685 0.0296729 0.0222664
 0.00565877 0.00901022 0.0132355 0.0182255 0.0238415 0.0298681 0.0359505 0.0416286 0.04648 0.0502538 0.052905 0.054549 0.0553998 0.0557111 0.0557109 0.0555369 0.0551972 0.0545648 0.0533981 0.0513752 0.0481536 0.0434775 0.0373329 0.0300813 0.022454
 0.00607147 0.00962749 0.014058 0.0192017 0.024861 0.0307685 0.0365425 0.0417501 0.0460676 0.0493935 0.0518135 0.053479 0.0545241 0.0550628 0.055215 0.0551013 0.0547929 0.0542449 0.0532504 0.0514502 0.048419 0.0438295 0.0376516 0.0302881 0.0225359
 0.00641655 0.010191 0.0149083 0.0203962 0.0264245 0.0326608 0.0386279 0.0437928 0.0477719 0.0504837 0.0521237 0.0530119 0.0534441 0.0536219 0.0536503 0.0535636 0.0533446 0.0529083 0.0520542 0.0504357 0.0476122 0.0432171 0.0371865 0.0299192 0.0222332
 0.00673945 0.0107047 0.0156624 0.0214342 0.0277819 0.0343565 0.0406468 0.0460622 0.0501423 0.0527279 0.0539647 0.0541826 0.0537657 0.0530651 0.0523427 0.0517355 0.0512449 0.05074 0.049957 0.0485012 0.0459025 0.0417691 0.0360112 0.0290049 0.0215545
 0.00704969 0.0112007 0.0163937 0.0224428 0.0290966 0.0359848 0.0425648 0.0482091 0.0524244 0.0550229 0.0561198 0.0560096 0.0550516 0.0536119 0.0520288 0.0505658 0.0493566 0.0483606 0.0473387 0.0458694 0.0434329 0.0395859 0.0341907 0.0275781 0.0205102
 0.00734044 0.0116611 0.0170645 0.023356 0.0302731 0.0374295 0.044259 0.0501054 0.054449 0.0570847 0.0581169 0.0578279 0.0565571 0.0546483 0.0524329 0.0502076 0.04819 0.046456 0.0448785 0.0431058 0.0406319 0.0369798 0.031949 0.0257942 0.0192013
 0.00766814 0.0121791 0.0178168 0.024374 0.0315713 0.038999 0.0460592 0.0520627 0.0564663 0.0590595 0.0599564 0.0594521 0.0578907 0.055607 0.0529146 0.0500976 0.0473887 0.0449235 0.0426748 0.0404032 0.0376888 0.0340849 0.0293574 0.0236778 0.0176264
 0.00804002 0.0127656 0.0186657 0.025518 0.0330228 0.0407425 0.0480423 0.0541921 0.0586194 0.0611061 0.0617809 0.0609665 0.0590345 0.0563376 0.0531911 0.0498672 0.0465866 0.0434952 0.0406176 0.0378072 0.0347508 0.0310798 0.0265733 0.0213422 0.0158549
 0.00840297 0.0133358 0.0194872 0.0266193 0.0344134 0.0424077 0.0499353 0.0562299 0.0606898 0.063085 0.0635505 0.0624286 0.0601165 0.0569921 0.0533886 0.0495843 0.0457957 0.0421667 0.0387429 0.0354366 0.0320246 0.0282266 0.0238643 0.0190175 0.0140584
 0.00882478 0.013995 0.0204296 0.0278697 0.0359714 0.0442436 0.0519825 0.0583842 0.0628208 0.0650581 0.0652482 0.063761 0.0610233 0.057439 0.0533613 0.0490802 0.0448152 0.0407102 0.0368209 0.0330959 0.0293782 0.0254644 0.0212254 0.0167288 0.0122683
 0.00913216 0.0144836 0.0211444 0.0288446 0.0372238 0.0457647 0.053727 0.0602669 0.0647267 0.0668629 0.0668378 0.0650438 0.0619331 0.0579334 0.0534183 0.0486925 0.0439845 0.0394445 0.0351402 0.0310487 0.0270629 0.0230402 0.0188949 0.0146901 0.0106583
 0.00944207 0.014981 0.0218806 0.029862 0.038547 0.0473865 0.0555946 0.0622774 0.0667408 0.0687315 0.0684282 0.0662558 0.0627045 0.0582378 0.0532572 0.0480858 0.0429602 0.0380344 0.0333823 0.0290001 0.0248175 0.0207377 0.0167085 0.0127885 0.00915821
 0.00975852 0.015479 0.0225999 0.0308297 0.0397743 0.0488636 0.0572819 0.0640992 0.0685888 0.0704785 0.0699463 0.0674338 0.0634612 0.0585292 0.0530764 0.0474552 0.0419207 0.0366356 0.0316802 0.0270633 0.0227392 0.0186427 0.0147436 0.011093 0.00782618
 0.0100578 0.0159474 0.0232708 0.0317221 0.0408899 0.050183 0.0587596 0.0656625 0.0701454 0.0719305 0.071203 0.0684182 0.0641116 0.0588014 0.0529474 0.0469258 0.0410148 0.0353957 0.0301642 0.0253444 0.0209099 0.016817 0.0130471 0.00963985 0.00669043
 0.0102097 0.016207 0.0236844 0.0323388 0.0417488 0.0512943 0.0600871 0.0671213 0.0716188 0.0732976 0.0723632 0.0693013 0.0646763 0.0590281 0.0528314 0.0464738 0.0402448 0.0343388 0.0288672 0.0238723 0.0193475 0.0152661 0.0116157 0.00842191 0.0057439
 0.0102208 0.0162393 0.0237607 0.032493 0.0420226 0.0517286 0.0607108 0.067939 0.0726016 0.0743808 0.0734529 0.0702919 0.0654725 0.0595613 0.0530653 0.0463998 0.0398737 0.0336957 0.0279905 0.022817 0.018187 0.0140892 0.010516 0.00748022 0.0050098
 0.010369 0.0164405 0.0239914 0.0327107 0.0421825 0.0518094 0.0607332 0.0679642 0.0727093 0.0746365 0.0738816 0.0708674 0.0661244 0.0601946 0.0535841 0.0467276 0.0399641 0.0335342 0.0275915 0.0222197 0.0174522 0.0132942 0.00974318 0.0068019 0.00447282
 0.0104342 0.016539 0.0241243 0.0328696 0.0423477 0.0519494 0.0608099 0.0679471 0.0725951 0.0744639 0.0737272 0.070819 0.066243 0.0604867 0.0539976 0.0471713 0.0403385 0.0337588 0.0276218 0.0220517 0.0171185 0.0128537 0.00926738 0.00635747 0.00410709
 0.0104182 0.0165188 0.0241044 0.032858 0.0423529 0.051976 0.0608548 0.067997 0.0726292 0.0744623 0.0736836 0.0707508 0.0661921 0.0605041 0.0541186 0.0473939 0.0406187 0.0340263 0.0278057 0.022105 0.0170312 0.0126519 0.00900048 0.00608084 0.0038651
 0.0104453 0.0165546 0.0241435 0.032891 0.0423705 0.0519741 0.0608377 0.067976 0.0726158 0.074461 0.0736887 0.0707513 0.0661812 0.0604885 0.054119 0.047434 0.0407092 0.0341525 0.0279305 0.0221842 0.0170338 0.0125727 0.00886048 0.00591547 0.00370907
 0.0106345 0.016833 0.0245074 0.0333167 0.0428186 0.0523993 0.0611971 0.0682353 0.0727536 0.0744721 0.0735841 0.0705535 0.065917 0.0601847 0.0538021 0.047131 0.0404444 0.0339408 0.02777 0.0220573 0.0169161 0.0124465 0.00872276 0.00577684 0.00358545
 0.0105992 0.0167843 0.02445 0.0332596 0.0427714 0.0523674 0.0611783 0.0682213 0.0727355 0.0744466 0.0735562 0.0705338 0.0659165 0.0602087 0.0538489 0.0471946 0.040518 0.034019 0.0278472 0.022125 0.0169636 0.0124648 0.00871019 0.00574087 0.00353919
 0.0106714 0.0168931 0.0245979 0.0334432 0.0429828 0.0525958 0.0614102 0.0684395 0.0729187 0.0745715 0.073603 0.0704932 0.0657939 0.0600241 0.0536307 0.046971 0.0403112 0.0338418 0.027704 0.0220134 0.0168762 0.0123929 0.00864702 0.00568386 0.00348966
 0.0105055 0.01665 0.0242816 0.0330755 0.0425982 0.0522322 0.0611024 0.0682157 0.0727996 0.0745681 0.0737129 0.0706988 0.0660653 0.0603259 0.0539311 0.0472482 0.0405546 0.0340495 0.0278775 0.0221543 0.0169851 0.0124703 0.0086949 0.00570714 0.00349568
 0.0103194 0.0163746 0.0239182 0.0326445 0.0421356 0.0517817 0.0607083 0.0679174 0.0726262 0.0745331 0.0738119 0.0709116 0.0663618 0.0606726 0.0542956 0.0476024 0.0408779 0.0343295 0.02811 0.02234 0.0171274 0.0125732 0.00876346 0.00574779 0.00351597
 0.0102553 0.0162694 0.0237592 0.0324215 0.0418459 0.0514364 0.0603366 0.0675642 0.072341 0.0743557 0.0737612 0.0709839 0.0665362 0.0609194 0.0545834 0.047903 0.0411681 0.0345925 0.0283352 0.022523 0.0172686 0.012676 0.00883326 0.00579111 0.00353988
 0.0102433 0.0162258 0.0236494 0.0322002 0.0414701 0.0508867 0.0596351 0.0667787 0.0715714 0.0737084 0.0733238 0.0708074 0.0666283 0.0612478 0.0550875 0.04851 0.0418077 0.0352074 0.0288853 0.0229854 0.017635 0.0129496 0.00902481 0.00591593 0.00361488
 0.0104108 0.0164683 0.0239575 0.0325409 0.0417902 0.0511212 0.0597187 0.0666604 0.0712315 0.0731729 0.0726665 0.0701342 0.0660478 0.0608416 0.0548926 0.0485171 0.0419735 0.0354722 0.0291898 0.0232822 0.0178929 0.0131537 0.00917313 0.00601498 0.00367547
 0.0104604 0.0165616 0.0241195 0.0327987 0.0421605 0.0515937 0.0602434 0.0671501 0.0715824 0.0732973 0.0725221 0.0697384 0.0654729 0.060194 0.0542827 0.0480308 0.041654 0.0353184 0.0291682 0.0233447 0.0179933 0.0132575 0.00926044 0.0060786 0.00371656
 0.0103941 0.0164609 0.0239825 0.0326324 0.0419836 0.0514377 0.0601493 0.0671561 0.0717059 0.0735182 0.0727816 0.0699582 0.065587 0.060176 0.0541548 0.0478509 0.0414897 0.0352208 0.0291571 0.0234092 0.0181039 0.0133809 0.00937128 0.00616382 0.00377408
 0.0101749 0.0161404 0.0235671 0.0321514 0.0414819 0.0509632 0.0597443 0.0668559 0.0715407 0.0735109 0.0729391 0.0702602 0.0659828 0.0605962 0.0545343 0.048152 0.0417113 0.0353896 0.0293071 0.0235633 0.0182655 0.0135387 0.0095095 0.00627139 0.00384844
 0.00981637 0.01561 0.0228674 0.0313216 0.0405904 0.0500922 0.0589758 0.0662622 0.0711761 0.0734034 0.0730864 0.070633 0.0665319 0.0612596 0.0552437 0.0488421 0.0423321 0.0359158 0.029739 0.0239159 0.0185556 0.0137764 0.00969783 0.00641133 0.00394385
 0.00948907 0.0151046 0.0221584 0.0304083 0.039502 0.0488923 0.0577641 0.0651662 0.0703266 0.0729016 0.0729788 0.0709061 0.067126 0.0620887 0.0562135 0.0498618 0.0433229 0.0368179 0.030516 0.0245553 0.0190626 0.014165 0.00998438 0.00661216 0.0040755
 0.00940716 0.0149498 0.0218861 0.0299653 0.0388415 0.0479974 0.0566688 0.063962 0.0691476 0.0718947 0.0722712 0.070581 0.0672089 0.0625479 0.0569719 0.0508159 0.0443639 0.0378482 0.0314609 0.0253672 0.0197207 0.0146701 0.0103515 0.0068637 0.00423667
 0.0101959 0.0160609 0.0232397 0.0313749 0.0400602 0.0487957 0.0569028 0.0635997 0.0682571 0.0706157 0.0707853 0.0690824 0.0658744 0.0615081 0.0562924 0.0504956 0.0443472 0.0380484 0.0317833 0.0257292 0.0200627 0.0149577 0.0105722 0.00701976 0.00433865
 0.0108301 0.0170469 0.0246317 0.0331724 0.0421842 0.0510676 0.0590413 0.0652616 0.0691307 0.0705286 0.0697674 0.0673478 0.0637394 0.059296 0.0542636 0.0488151 0.0430833 0.0371888 0.0312623 0.0254572 0.019951 0.0149345 0.0105883 0.00704683 0.00436326
 0.0107424 0.0170095 0.0247686 0.0336607 0.0432032 0.0527179 0.0612701 0.0678379 0.0716853 0.0726451 0.0710889 0.0676674 0.0630501 0.0577812 0.0522332 0.0466119 0.0409981 0.0354116 0.0298745 0.0244532 0.0192724 0.0145033 0.0103294 0.00689971 0.00428435
 0.0103433 0.0164145 0.0239804 0.0327358 0.0422605 0.0519365 0.0608701 0.0680307 0.0725948 0.0742283 0.0731079 0.0697425 0.0647782 0.0588652 0.0525639 0.0462746 0.040212 0.0344376 0.0289334 0.0236804 0.0187153 0.0141452 0.0101226 0.00679218 0.00423404
 0.0103007 0.0163069 0.0237497 0.0323104 0.0415819 0.051 0.0597608 0.0669307 0.0717493 0.0738772 0.0734044 0.0706888 0.0662051 0.0604737 0.0540206 0.0473222 0.0407439 0.0345055 0.0286927 0.0233108 0.0183566 0.013871 0.00994786 0.00669786 0.00419122
 0.0103366 0.0163437 0.0237628 0.0322573 0.0414059 0.0506411 0.0591738 0.0661101 0.0707538 0.0728431 0.0725319 0.0701911 0.0662337 0.0610511 0.0550187 0.048503 0.0418481 0.0353441 0.0291979 0.0235266 0.0183869 0.0138208 0.00988753 0.00665734 0.00417306
 0.0104175 0.0164787 0.0239704 0.032551 0.0417841 0.0510732 0.0595918 0.0664134 0.0708355 0.07263 0.0720218 0.0694714 0.0654657 0.0604212 0.0546702 0.0484799 0.0420815 0.0356913 0.0295121 0.0237176 0.0184407 0.0137782 0.00980572 0.00657933 0.00411794
 0.0104009 0.0164626 0.0239669 0.0325798 0.0418689 0.0512349 0.0598381 0.0667297 0.071178 0.0729276 0.0721914 0.069446 0.0652275 0.0600206 0.0542151 0.0480947 0.0418538 0.0356371 0.0295795 0.0238243 0.0185195 0.0138023 0.00978455 0.00653807 0.00407819
 0.0104349 0.0165118 0.0240303 0.032654 0.0419515 0.051328 0.0599506 0.0668743 0.0713634 0.0731483 0.0724196 0.0696329 0.0653162 0.0599691 0.0540195 0.0477984 0.0415323 0.035365 0.0293979 0.0237302 0.0184797 0.0137801 0.009759 0.00650626 0.00404671
 0.010478 0.0165694 0.0240941 0.0327087 0.0419792 0.0513161 0.0598982 0.0667948 0.0712821 0.0730949 0.0724187 0.0696933 0.065424 0.0600892 0.0541085 0.047824 0.0414897 0.035278 0.029304 0.0236591 0.0184408 0.0137649 0.00975302 0.00649982 0.00403764
 0.0105497 0.0166793 0.0242464 0.0329008 0.0422004 0.0515462 0.060109 0.0669544 0.0713642 0.0730897 0.0723382 0.0695667 0.0652857 0.0599641 0.0540035 0.0477288 0.0413881 0.0351608 0.0291761 0.0235359 0.0183377 0.013689 0.00970214 0.006467 0.00401629
 0.0105062 0.0166304 0.0242126 0.0329141 0.0422937 0.051739 0.0603939 0.0672955 0.0717062 0.073375 0.072523 0.0696319 0.0652385 0.0598324 0.0538233 0.0475319 0.0411937 0.0349762 0.0290036 0.0233787 0.0182019 0.0135804 0.00962239 0.00641311 0.00398241
 0.0105352 0.0166718 0.0242652 0.0329759 0.0423661 0.0518314 0.0605238 0.0674814 0.0719547 0.0736691 0.0728203 0.0698767 0.0653816 0.0598485 0.0537175 0.0473334 0.0409421 0.0347084 0.0287462 0.023148 0.0180068 0.0134248 0.00950652 0.00633311 0.00393149
 0.0104291 0.0165163 0.0240629 0.03274 0.0421173 0.0515924 0.0603162 0.0673265 0.0718754 0.0736875 0.0729502 0.0701128 0.0656938 0.060187 0.0540279 0.0475746 0.0410968 0.0347824 0.0287596 0.0231242 0.0179656 0.0133805 0.00946735 0.0063029 0.00391074
 0.0102161 0.0162091 0.0236734 0.0323049 0.0416888 0.051222 0.0600414 0.0671658 0.071831 0.0737513 0.0731092 0.0703525 0.0659984 0.0605361 0.0543938 0.0479233 0.0413962 0.0350111 0.0289126 0.0232111 0.0180044 0.0133899 0.00946239 0.00629341 0.00390184
 0.00998326 0.0158517 0.0231766 0.0316736 0.0409514 0.0504321 0.0592772 0.0665199 0.0713899 0.0735696 0.073195 0.0706708 0.0664891 0.061134 0.0550404 0.0485697 0.0420014 0.0355427 0.0293491 0.0235454 0.0182429 0.0135486 0.00956119 0.00635104 0.00393334
 0.00966196 0.0153733 0.0225382 0.0309014 0.0400929 0.0495441 0.058418 0.0657492 0.0707701 0.073162 0.0730483 0.0708069 0.0668937 0.0617582 0.0558121 0.0494101 0.0428386 0.0363195 0.0300255 0.0240989 0.018668 0.0138544 0.00976667 0.0064798 0.00400836
 0.00928664 0.0148271 0.0218353 0.0300971 0.0392696 0.0487859 0.05779 0.0652885 0.0704876 0.0730493 0.0730868 0.0709782 0.0671859 0.0621639 0.0563206 0.0499986 0.0434705 0.0369499 0.0306106 0.0246046 0.0190748 0.0141585 0.00997736 0.00661469 0.00408793
 0.0086805 0.0139107 0.0205875 0.0285515 0.0375136 0.0469524 0.0560461 0.0638172 0.0694528 0.0725548 0.0731492 0.0715322 0.0681165 0.0633453 0.0576423 0.0513741 0.0448322 0.0382409 0.0317813 0.0256147 0.0198988 0.0147899 0.0104291 0.00691466 0.00427178
#obs surv len freq
 nan nan nan nan nan nan nan nan nan nan nan nan nan nan nan nan nan nan nan nan nan nan nan nan nan
 0.00447916 0.00733816 0.0111662 0.0159817 0.0216828 0.0279601 0.0342765 0.0400102 0.0446918 0.0481572 0.0505162 0.0520129 0.0529059 0.0534188 0.0537335 0.0539887 0.0542675 0.0545604 0.0546992 0.0542911 0.0527291 0.0493609 0.0438102 0.0362895 0.0276723
 0.00461387 0.00755737 0.0114962 0.0164463 0.0222979 0.0287244 0.0351634 0.0409644 0.0456365 0.0490083 0.0511981 0.0524698 0.053108 0.0533638 0.0534421 0.0534975 0.0536195 0.0537982 0.0538619 0.0534155 0.0518537 0.0485287 0.0430655 0.0356701 0.0271989
 0.00477615 0.00782374 0.0119018 0.017025 0.0230757 0.029708 0.0363288 0.0422525 0.0469596 0.0502652 0.0522898 0.0533104 0.053633 0.0535352 0.0532521 0.0529667 0.0527917 0.0527316 0.0526219 0.0520719 0.0504814 0.0472077 0.0418755 0.0346765 0.0264381
 0.00496911 0.00813875 0.0123784 0.0177014 0.0239813 0.030853 0.0376916 0.0437743 0.0485508 0.0518198 0.0536996 0.0544758 0.054469 0.0539765 0.0532584 0.052527 0.0519256 0.0514881 0.0510756 0.0503192 0.048637 0.0453985 0.0402268 0.0332909 0.0253733
 0.00517334 0.00847479 0.0128917 0.0184368 0.0249748 0.0321177 0.0392041 0.0454693 0.0503309 0.0535729 0.0553158 0.0558555 0.0555249 0.0546347 0.0534602 0.0522339 0.0511257 0.0502031 0.0493661 0.0482879 0.046426 0.043178 0.0381714 0.0315462 0.0240242
 0.00540709 0.00885553 0.0134663 0.0192499 0.0260611 0.0334895 0.0408373 0.0472982 0.052255 0.055475 0.0570796 0.0573764 0.0567139 0.0554181 0.0537778 0.0520385 0.0503872 0.0489177 0.0475711 0.0460744 0.043945 0.0406293 0.0357724 0.0294857 0.022418
 0.00563611 0.00923304 0.014044 0.0200793 0.027183 0.0349184 0.0425455 0.0492108 0.0542617 0.0574523 0.0589102 0.0589591 0.0579645 0.0562669 0.0541663 0.0519172 0.0497177 0.0476807 0.0457828 0.0438074 0.0413431 0.0379027 0.0331646 0.0272181 0.0206342
 0.00588317 0.00963433 0.0146476 0.0209305 0.0283171 0.036348 0.044247 0.0511173 0.0562707 0.0594429 0.0607616 0.0605638 0.0592344 0.057133 0.0545751 0.0518253 0.0490885 0.04649 0.0440344 0.0415574 0.0387216 0.035116 0.0304648 0.0248447 0.0187508
 0.00613146 0.0100433 0.0152728 0.0218259 0.029524 0.037877 0.046061 0.0531277 0.0583529 0.0614625 0.0625976 0.0621184 0.0604327 0.0579187 0.0549053 0.0516656 0.0484102 0.0452729 0.0422799 0.0393122 0.0361025 0.032318 0.0277363 0.0224295 0.0168217
 0.00637709 0.0104464 0.0158866 0.0227028 0.0307055 0.039378 0.0478527 0.0551304 0.0604453 0.0635043 0.0644529 0.0636735 0.0616034 0.0586505 0.0551666 0.0514385 0.047682 0.0440354 0.0405398 0.0371136 0.0335518 0.0295953 0.0250757 0.020066 0.014926
 0.00661649 0.0108384 0.0164817 0.0235498 0.0318421 0.0408162 0.0495629 0.0570362 0.0624337 0.0654461 0.0662233 0.0651638 0.0627278 0.0593478 0.0553997 0.0511896 0.0469464 0.0428169 0.038856 0.0350122 0.0311332 0.0270243 0.0225666 0.0178354 0.0131334
 0.00684284 0.0112122 0.0170548 0.0243737 0.0329567 0.0422327 0.0512475 0.0589051 0.0643655 0.0673076 0.0678914 0.0665389 0.0637365 0.0599409 0.0555485 0.0508815 0.0461808 0.0416036 0.0372198 0.0330054 0.0288527 0.0246219 0.0202353 0.0157693 0.011475
 0.00704499 0.0115449 0.0175633 0.0251028 0.0339427 0.0434894 0.0527513 0.0605887 0.0661257 0.0690233 0.0694436 0.0678254 0.0646795 0.0604898 0.055677 0.0505823 0.0454589 0.0404741 0.0357114 0.0311713 0.0267849 0.0224579 0.0181459 0.013924 0.00999693
 0.00727063 0.0119085 0.0181044 0.0258559 0.0349305 0.0447125 0.0541776 0.0621493 0.0677241 0.0705523 0.0708024 0.0689291 0.0654641 0.0609122 0.0557148 0.0502307 0.0447269 0.0393817 0.0342914 0.0294776 0.0249035 0.0205116 0.0162834 0.0122902 0.00869452
 0.00742237 0.0121656 0.0185102 0.0264559 0.0357613 0.0457849 0.055461 0.0635693 0.0691766 0.0719277 0.0720059 0.06989 0.0661344 0.061263 0.0557316 0.0499106 0.0440769 0.0384192 0.033047 0.0280017 0.0232737 0.0188356 0.0146886 0.0108978 0.00758887
 0.00753367 0.0123424 0.0187697 0.0268141 0.0362337 0.0463858 0.0561985 0.0644377 0.0701488 0.072952 0.0730101 0.0707931 0.0668613 0.0617553 0.0559526 0.0498424 0.0437171 0.0377774 0.0321468 0.0268859 0.0220097 0.0175165 0.0134227 0.00978748 0.00670514
 0.00757774 0.0124161 0.0188844 0.0269817 0.0364648 0.0466865 0.0565687 0.0648721 0.0706407 0.0734954 0.0735964 0.071403 0.0674579 0.0622851 0.0563541 0.0500597 0.0437095 0.0375252 0.0316534 0.0261791 0.0211438 0.0165699 0.0124881 0.00895307 0.00603347
 0.00765955 0.0125356 0.0190395 0.027163 0.0366595 0.0468848 0.0567682 0.0650776 0.0708606 0.0737378 0.0738668 0.0717026 0.0677814 0.062616 0.0566616 0.0502995 0.0438318 0.0374865 0.0314283 0.025769 0.0205806 0.0159129 0.0118132 0.00833531 0.00552822
 0.00770659 0.0126123 0.0191545 0.0273223 0.0368629 0.0471214 0.0570154 0.0653057 0.0710437 0.073866 0.0739504 0.0717669 0.0678538 0.0627142 0.0567857 0.0504303 0.0439342 0.0375176 0.0313492 0.0255583 0.0202437 0.0154843 0.0113481 0.00789398 0.00515851
 0.00775745 0.0126859 0.0192487 0.0274304 0.0369763 0.0472341 0.0571259 0.0654148 0.0711507 0.0739649 0.0740325 0.0718265 0.0678942 0.0627472 0.0568254 0.0504834 0.0439925 0.0375576 0.0313393 0.0254704 0.0200663 0.0152296 0.0110498 0.00759611 0.00489996
 0.00782373 0.0127885 0.0193928 0.0276159 0.0371959 0.0474728 0.0573608 0.0656193 0.0713016 0.0740503 0.074054 0.071796 0.0678273 0.0626595 0.0567306 0.050393 0.0439126 0.0374849 0.0312601 0.0253657 0.0199213 0.0150428 0.0108364 0.00738217 0.00471206
 0.00784884 0.0128307 0.0194589 0.0277123 0.0373273 0.0476382 0.0575514 0.0658175 0.0714842 0.0741943 0.0741431 0.0718244 0.0678003 0.0625903 0.0566359 0.0502883 0.0438092 0.0373876 0.0311663 0.0252669 0.0198077 0.0149099 0.0106895 0.00723533 0.00458176
 0.00786526 0.0128533 0.0194856 0.0277396 0.0373522 0.0476613 0.0575779 0.065856 0.071542 0.0742723 0.0742337 0.0719133 0.0678718 0.0626331 0.0566467 0.0502711 0.0437723 0.0373393 0.0311113 0.025205 0.019736 0.0148264 0.0105968 0.00714126 0.00449668
 0.00788831 0.012886 0.019526 0.0277824 0.0373898 0.0476862 0.057585 0.065845 0.071518 0.074246 0.0742176 0.0719172 0.0678978 0.0626747 0.0566917 0.0503074 0.0437924 0.0373412 0.0310969 0.0251769 0.0196958 0.0147758 0.0105388 0.00708142 0.00444167
 0.00789275 0.0128934 0.0195371 0.0277976 0.0374082 0.0477049 0.0575988 0.0658475 0.0715046 0.0742165 0.0741782 0.071879 0.0678732 0.0626722 0.0567125 0.0503452 0.0438362 0.0373801 0.0311231 0.0251871 0.01969 0.0147563 0.0105095 0.00704748 0.00440859
 0.00788035 0.0128687 0.0194919 0.0277225 0.0372961 0.0475561 0.0574244 0.0656685 0.0713458 0.0740987 0.0741132 0.0718688 0.0679137 0.0627564 0.0568319 0.0504894 0.0439926 0.0375346 0.0312623 0.025301 0.0197737 0.0148099 0.0105373 0.00705625 0.00440593
 0.00788887 0.0128763 0.0194916 0.0277033 0.0372454 0.0474634 0.0572861 0.0654906 0.0711448 0.073899 0.0739423 0.0717509 0.0678637 0.0627769 0.056915 0.0506204 0.0441538 0.0377077 0.0314306 0.0254505 0.0198949 0.0148987 0.0105953 0.00708902 0.00442097
 0.00789642 0.0128868 0.0195038 0.0277139 0.0372488 0.0474515 0.0572494 0.0654203 0.0710363 0.0737561 0.0737786 0.0715888 0.0677286 0.0626909 0.0568907 0.0506585 0.0442444 0.037834 0.0315729 0.0255905 0.0200182 0.0149966 0.0106651 0.00713334 0.0044456
 0.00787306 0.0128522 0.0194579 0.0276588 0.0371879 0.0473884 0.0571863 0.0653578 0.0709733 0.0736899 0.0737075 0.0715143 0.0676574 0.0626348 0.0568636 0.0506718 0.0443023 0.0379316 0.0316974 0.025725 0.0201459 0.0151051 0.0107478 0.00718991 0.00448014
 0.0078384 0.0127954 0.0193719 0.0275381 0.0370307 0.0472002 0.0569818 0.0651596 0.0708058 0.0735719 0.0736466 0.0715064 0.0676916 0.0626992 0.0569502 0.0507778 0.0444279 0.0380762 0.0318563 0.025888 0.0203004 0.0152389 0.0108532 0.00726509 0.00452848
 0.00780933 0.0127445 0.0192888 0.0274112 0.0368508 0.0469651 0.0567013 0.0648567 0.0705136 0.073326 0.0734767 0.0714301 0.067711 0.0628025 0.0571166 0.0509846 0.0446557 0.0383112 0.0320882 0.0261082 0.0204994 0.0154081 0.0109866 0.0073616 0.00459198
 0.00778239 0.0126984 0.0192153 0.0273009 0.0366949 0.0467585 0.0564464 0.0645657 0.070208 0.0730347 0.0732317 0.0712608 0.0676385 0.0628347 0.0572465 0.0511924 0.044915 0.0385947 0.0323729 0.0263762 0.0207378 0.0156079 0.0111432 0.00747508 0.00466734
 0.00777996 0.0126904 0.0191956 0.0272609 0.036625 0.0466508 0.0562975 0.0643781 0.0699905 0.0728016 0.0730018 0.0710567 0.067484 0.0627507 0.0572462 0.0512774 0.0450743 0.0388076 0.0326139 0.0266203 0.0209644 0.0158024 0.0112978 0.00758849 0.00474353
 0.00771969 0.0126004 0.0190747 0.0271129 0.0364567 0.0464694 0.056109 0.0641876 0.0698036 0.0726257 0.0728464 0.0709324 0.0674022 0.0627223 0.0572801 0.0513782 0.0452397 0.0390265 0.0328673 0.0268844 0.0212156 0.0160218 0.011474 0.00771839 0.00483109
 0.00930736 0.0148168 0.0217373 0.0298283 0.0387371 0.047916 0.0565566 0.0637283 0.0686961 0.0711645 0.0712691 0.06939 0.0659741 0.0614451 0.0561702 0.0504426 0.0444797 0.0384369 0.0324348 0.0265878 0.0210279 0.0159141 0.0114196 0.00769549 0.0048243
 0.00932211 0.0151341 0.0227312 0.0319587 0.0423478 0.0529631 0.0624372 0.0693798 0.0729739 0.0732943 0.071102 0.0673388 0.0627301 0.0576828 0.0523825 0.0469185 0.0413578 0.035769 0.0302281 0.024825 0.0196746 0.0149221 0.0107305 0.00724551 0.00455037
 0.0089553 0.0145602 0.021931 0.0309869 0.041386 0.0523541 0.0626433 0.0708178 0.0757664 0.0770859 0.0751046 0.0706312 0.0646424 0.0580274 0.0514206 0.0451428 0.0392597 0.0337059 0.0284017 0.0233194 0.0185027 0.0140584 0.0101299 0.0068539 0.00431273
 0.00877657 0.0142586 0.0214578 0.0302936 0.0404435 0.0511875 0.0613737 0.0696902 0.0751271 0.0772858 0.0763416 0.0728047 0.0673229 0.0605969 0.053322 0.0460913 0.0392973 0.0331002 0.0274829 0.0223568 0.0176586 0.0133995 0.00966015 0.00654518 0.00412556
 0.00871236 0.0141472 0.021276 0.0300128 0.0400324 0.0506199 0.0606418 0.0688225 0.074209 0.0764728 0.0758485 0.0728502 0.0680338 0.0619148 0.0549813 0.0477064 0.0405201 0.0337537 0.0275958 0.0220976 0.0172306 0.0129625 0.00930157 0.00629107 0.00396538
 0.00870303 0.0141267 0.0212347 0.0299366 0.0399041 0.0504208 0.0603556 0.0684387 0.0737286 0.0759191 0.0752806 0.0723719 0.0677812 0.0620139 0.0554833 0.0485382 0.0414917 0.0346312 0.0282009 0.0223715 0.0172298 0.0128024 0.0090939 0.0061076 0.00383413
 0.00868979 0.0141064 0.021206 0.0298983 0.0398533 0.0503524 0.0602606 0.0683053 0.0735447 0.0756765 0.0749818 0.0720387 0.0674628 0.0617856 0.0554286 0.0487129 0.0418862 0.0351594 0.02873 0.0227804 0.0174588 0.0128643 0.00904788 0.00601954 0.00374989
 0.00868552 0.0140984 0.0211922 0.0298761 0.0398208 0.0503087 0.0602064 0.0682417 0.0734709 0.0755877 0.07487 0.0718974 0.0672943 0.0616098 0.0552849 0.0486517 0.0419478 0.035349 0.0290071 0.0230728 0.0176957 0.013007 0.00909919 0.00600987 0.00371482
 0.00865556 0.0140535 0.0211316 0.0298016 0.0397361 0.0502185 0.0601156 0.0681554 0.073394 0.0755239 0.0748201 0.0718579 0.0672592 0.0615739 0.0552511 0.0486346 0.0419706 0.0354322 0.0291529 0.0232588 0.0178822 0.0131565 0.00919257 0.00605079 0.00372097
 0.00866327 0.0140625 0.0211387 0.029802 0.0397248 0.0501927 0.0600765 0.0681078 0.0733441 0.0754766 0.0747773 0.0718189 0.0672216 0.0615358 0.0552123 0.0485994 0.0419488 0.0354367 0.0291937 0.0233346 0.0179786 0.0132512 0.00926634 0.00609559 0.00374031
 0.0086383 0.0140264 0.0210925 0.029749 0.0396693 0.0501379 0.0600234 0.0680557 0.0732932 0.0754295 0.074739 0.0717947 0.0672143 0.0615441 0.0552322 0.0486265 0.0419815 0.0354771 0.029246 0.023401 0.0180552 0.0133284 0.00933278 0.0061435 0.00376866
 0.00863987 0.0140264 0.0210882 0.0297367 0.0396462 0.0501038 0.0599821 0.0680139 0.0732571 0.0754021 0.0747196 0.0717803 0.0672027 0.0615353 0.0552277 0.0486279 0.0419897 0.0354931 0.029271 0.0234356 0.0180981 0.0133751 0.00937657 0.00617862 0.00379242
 0.00862888 0.0140123 0.0210736 0.0297259 0.039643 0.0501093 0.0599931 0.0680241 0.0732601 0.075395 0.0747038 0.0717598 0.0671816 0.0615162 0.0552118 0.048616 0.0419829 0.0354927 0.0292782 0.023451 0.0181208 0.0134024 0.00940444 0.00620287 0.00381044
 0.00861857 0.0139928 0.0210395 0.0296715 0.0395653 0.0500109 0.0598845 0.0679216 0.0731808 0.0753498 0.0746944 0.0717804 0.0672233 0.0615704 0.0552722 0.048678 0.0420438 0.0355507 0.0293327 0.0235019 0.018168 0.0134449 0.00944092 0.00623184 0.00383127
 0.00861902 0.0139938 0.0210412 0.0296736 0.0395658 0.050006 0.0598688 0.0678903 0.0731329 0.0752904 0.0746341 0.0717313 0.0671937 0.0615628 0.0552836 0.0487027 0.0420759 0.0355861 0.0293686 0.0235368 0.0182009 0.013475 0.00946701 0.00625291 0.00384681
 0.00861902 0.0139938 0.0210412 0.0296736 0.0395658 0.050006 0.0598688 0.0678903 0.0731329 0.0752904 0.0746341 0.0717313 0.0671937 0.0615628 0.0552836 0.0487027 0.0420759 0.0355861 0.0293686 0.0235368 0.0182009 0.013475 0.00946701 0.00625291 0.00384681
 0.00851892 0.0138395 0.0208255 0.0293968 0.0392371 0.0496445 0.0595035 0.0675575 0.0728692 0.075124 0.0745787 0.0717852 0.0673438 0.0617885 0.0555608 0.0490062 0.0423821 0.0358755 0.0296274 0.0237571 0.0183798 0.0136136 0.00956891 0.00632351 0.00389244
 0.008636 0.0140116 0.0210501 0.0296586 0.039511 0.049901 0.0597137 0.0676972 0.0729214 0.0750828 0.0744509 0.07159 0.0671084 0.0615424 0.0553298 0.0488088 0.0422271 0.0357631 0.0295518 0.02371 0.0183531 0.0136003 0.00956394 0.00632312 0.00389406
 0.00854221 0.0138806 0.0208924 0.0294964 0.0393707 0.0498018 0.0596596 0.0676775 0.0729191 0.0750845 0.0744523 0.0715948 0.0671233 0.0615732 0.0553793 0.0488769 0.0423118 0.03586 0.0296547 0.0238112 0.0184453 0.013678 0.00962447 0.00636664 0.00392284
#pred catch len freq
 0.0050706 0.00796716 0.0115097 0.0155643 0.0200411 0.0248857 0.0300023 0.0352079 0.0402655 0.0449514 0.0490971 0.0525998 0.0554199 0.0575667 0.0590657 0.059924 0.0601122 0.0595643 0.058174 0.0557789 0.0521572 0.0470938 0.0405427 0.0328132 0.0246248
 0.00520779 0.00811391 0.0115944 0.0154857 0.0197109 0.0242866 0.0292245 0.0344289 0.0396729 0.0446517 0.0490655 0.0527001 0.05548 0.0574653 0.0587913 0.0595823 0.0598809 0.0596125 0.0585816 0.0564943 0.0530177 0.0478998 0.0411433 0.0331567 0.0247515
 0.00563144 0.00874002 0.0124146 0.0164369 0.020675 0.0251048 0.0297269 0.0344827 0.039242 0.0438328 0.0480638 0.0517405 0.054704 0.0568827 0.0583177 0.0591297 0.0594352 0.0592459 0.0583992 0.0565556 0.0532894 0.0482687 0.0414779 0.0333711 0.0248316
 0.00600857 0.00933538 0.0132763 0.0175938 0.0221258 0.0268006 0.0315514 0.0362443 0.0406966 0.0447437 0.0482801 0.0512578 0.053668 0.0555255 0.056859 0.0577073 0.0581032 0.0580243 0.0573197 0.0556638 0.0526112 0.047784 0.0411286 0.0330958 0.0245954
 0.00638331 0.00991601 0.0140995 0.0186819 0.0234919 0.0284519 0.0334794 0.0384006 0.0429635 0.0469191 0.0500958 0.0524384 0.0540164 0.0549941 0.0555652 0.0558806 0.0559975 0.0558496 0.0552215 0.0537376 0.0509205 0.0463637 0.0399844 0.0322097 0.0239378
 0.00673389 0.0104616 0.0148765 0.019712 0.0247847 0.0300077 0.0352875 0.0404327 0.0451657 0.0492002 0.0523132 0.0543903 0.055458 0.0556893 0.0553603 0.0547632 0.0541056 0.0534243 0.0525344 0.0510319 0.0483842 0.0441271 0.0381248 0.0307559 0.0228752
 0.00709459 0.0110174 0.0156576 0.0207305 0.0260395 0.0314908 0.0369845 0.042317 0.0471925 0.0513033 0.0544024 0.0563469 0.0571284 0.0568873 0.0558898 0.0544661 0.05292 0.0514219 0.0499137 0.0480706 0.0453752 0.0413255 0.0357153 0.0288395 0.0214697
 0.0075042 0.0116474 0.0165401 0.0218742 0.0274338 0.033112 0.0387962 0.0442683 0.0492171 0.0533247 0.0563389 0.058113 0.058631 0.0580168 0.0565158 0.0544472 0.0521354 0.0498209 0.04756 0.0451546 0.0421838 0.0381786 0.0328951 0.0265356 0.0197553
 0.00793807 0.0123154 0.0174766 0.0230895 0.0289174 0.0348378 0.040722 0.0463311 0.051332 0.0553912 0.0582531 0.0597791 0.0599668 0.0589519 0.0569809 0.0543635 0.0514162 0.0483969 0.0454236 0.0424044 0.039038 0.0349422 0.0298873 0.0240082 0.017837
 0.00839634 0.0130173 0.018454 0.0243465 0.0304362 0.0365865 0.0426561 0.0483889 0.053431 0.057431 0.0601249 0.0613775 0.0612008 0.0597517 0.0572959 0.0541524 0.0506372 0.04701 0.0434158 0.0398307 0.0360553 0.0318065 0.0269022 0.0214426 0.0158526
 0.00886664 0.0137377 0.0194569 0.0256353 0.0319904 0.0383691 0.0446157 0.0504556 0.0555153 0.0594292 0.0619287 0.0628843 0.0623227 0.0604219 0.0574703 0.0538051 0.0497525 0.0455783 0.0414439 0.0373689 0.0332294 0.028829 0.0240409 0.018952 0.0139002
 0.00929903 0.0144027 0.0203877 0.0268398 0.0334541 0.0400599 0.0464836 0.0524292 0.057502 0.0613232 0.0636226 0.0642796 0.0633383 0.0609979 0.0575692 0.0534085 0.0488553 0.0441858 0.039577 0.0350819 0.030634 0.0261057 0.0214194 0.0166568 0.0120866
 0.00971586 0.0150488 0.021302 0.0280391 0.0349334 0.041793 0.0484185 0.0544829 0.0595632 0.0632643 0.0653167 0.0656168 0.0642367 0.0614091 0.0574763 0.0528188 0.0477907 0.0426762 0.0376631 0.032828 0.0281466 0.0235436 0.0189792 0.0145302 0.0104068
 0.0101176 0.0156652 0.0221623 0.0291496 0.0362819 0.043355 0.0501568 0.0563404 0.0614566 0.0650852 0.066942 0.0669251 0.0651268 0.0618146 0.0573713 0.0522131 0.0467191 0.0411884 0.0358191 0.0307048 0.0258501 0.0212163 0.0167884 0.012635 0.00891537
 0.0105029 0.0162537 0.0229781 0.0301916 0.0375288 0.0447723 0.0516998 0.0579519 0.0630661 0.0666116 0.0682988 0.068026 0.0658925 0.0621806 0.0572974 0.0516889 0.0457639 0.0398462 0.0341536 0.0287986 0.0238092 0.0191709 0.0148823 0.0109992 0.00763504
 0.0106984 0.0165712 0.0234553 0.0308633 0.0384199 0.0458872 0.0530107 0.0593952 0.0645498 0.0680324 0.069559 0.069044 0.066606 0.0625469 0.0572915 0.051303 0.0450081 0.0387501 0.0327684 0.0271981 0.0220908 0.0174519 0.0132875 0.00963732 0.00657394
 0.0107042 0.0165942 0.0235167 0.0309957 0.0386655 0.0462909 0.0536096 0.0602053 0.0655541 0.0691739 0.0707445 0.0701606 0.0675443 0.063221 0.0576477 0.0513183 0.0446838 0.038107 0.0318464 0.0260585 0.0208176 0.0161479 0.012061 0.00858235 0.00574902
 0.0108084 0.0167316 0.023666 0.0311213 0.0387332 0.0462903 0.0535705 0.0601963 0.0656608 0.0694666 0.0712502 0.0708502 0.0683384 0.0640096 0.0583173 0.0517754 0.044869 0.0379983 0.0314564 0.0254303 0.0200207 0.0152712 0.0112005 0.00782241 0.00514495
 0.0108538 0.0167994 0.0237552 0.0312235 0.0388304 0.0463556 0.053574 0.0601178 0.0655078 0.0692861 0.0711231 0.0708635 0.0685481 0.0644135 0.0588514 0.0523349 0.0453409 0.0382916 0.0315207 0.0252614 0.0196562 0.0147795 0.010664 0.00731864 0.00472907
 0.0108388 0.0167803 0.0237362 0.0312119 0.0388341 0.0463789 0.0536134 0.0601601 0.0655323 0.0692734 0.0710679 0.0707867 0.0684966 0.0644436 0.0590009 0.0525996 0.0456697 0.0386036 0.0317349 0.0253243 0.0195567 0.0145477 0.0103572 0.00700043 0.00445063
 0.0109021 0.0168699 0.0238467 0.0313305 0.0389448 0.0464694 0.0536794 0.0602044 0.0655597 0.0692841 0.0710561 0.0707445 0.068424 0.0643563 0.0589296 0.0525768 0.0457106 0.0386934 0.0318317 0.0253775 0.01953 0.0144345 0.0101803 0.0067995 0.00426435
 0.011016 0.0170349 0.0240574 0.0315683 0.0391827 0.0466798 0.053841 0.0603061 0.0655996 0.0692684 0.0709952 0.0706493 0.0683032 0.0642174 0.0587828 0.0524377 0.0455973 0.0386169 0.0317872 0.0253444 0.0194821 0.014354 0.0100673 0.00667017 0.00414089
 0.0110274 0.0170549 0.0240898 0.0316164 0.0392467 0.0467545 0.0539142 0.060361 0.0656215 0.0692511 0.0709444 0.0705805 0.068234 0.0641613 0.0587458 0.05242 0.0455968 0.0386312 0.0318119 0.0253704 0.0194963 0.014345 0.0100317 0.0066147 0.00407885
 0.0110319 0.0170627 0.024103 0.0316377 0.0392805 0.0468057 0.0539869 0.0604552 0.0657296 0.069357 0.0710271 0.0706217 0.0682261 0.0641099 0.0586667 0.0523319 0.0455149 0.0385645 0.0317625 0.025335 0.0194677 0.0143154 0.00999615 0.0065735 0.00403682
 0.0108795 0.0168413 0.0238186 0.0313131 0.0389493 0.0465024 0.0537395 0.0602832 0.0656453 0.0693664 0.071128 0.0708006 0.0684591 0.0643674 0.0589214 0.0525652 0.0457187 0.0387381 0.0319082 0.0254541 0.0195601 0.0143802 0.0100343 0.00658909 0.00403684
 0.0107107 0.0165938 0.0234965 0.0309387 0.0385578 0.0461329 0.0534269 0.0600542 0.0655168 0.069345 0.0712093 0.0709713 0.068699 0.0646524 0.0592258 0.0528647 0.045994 0.0389773 0.0321068 0.0256128 0.0196814 0.0144674 0.0100914 0.0066216 0.00405144
 0.0105591 0.0163619 0.0231753 0.0305314 0.0380809 0.0456164 0.052914 0.0595973 0.0651693 0.0691479 0.0711815 0.0711066 0.068971 0.0650229 0.059653 0.0533093 0.046423 0.0393663 0.0324406 0.0258848 0.019892 0.0146215 0.0101969 0.00668796 0.00408906
