SBPRF35
7.78865
Curr Bio
590742
B35
659939
F35
0.226577
FOFL
0.217046
OFL
103711
Bzero
2.22533e+006
#pred survey bio
 3.57425e+006 3.2012e+006 2.8512e+006 2.51053e+006 2.21127e+006 1.91283e+006 1.68908e+006 1.47258e+006 1.28704e+006 1.15832e+006 1.01874e+006 905278 818763 768028 725951 688720 660275 630002 606515 589272 567834 565212 557076 549856 544225 543612 545899 555094 553129 554840 555647 547303 543659 533112 526951 524959 530078 525214 526677 533156 547545 545561 544874 553948 562221 571879 583456 555309 579135 588986 2.21043e+007 1.34959e+007 1.37932e+007 1.42838e+007 1.48672e+007 1.54341e+007 1.59279e+007 1.633e+007 1.66435e+007 1.6881e+007 1.70578e+007 1.7188e+007 1.72834e+007 1.73534e+007 1.74047e+007 1.74425e+007 1.74705e+007 1.74914e+007 1.7507e+007 1.75187e+007 1.75276e+007 1.75343e+007 1.75395e+007 1.75434e+007 1.75464e+007 1.75487e+007 1.75504e+007 1.75518e+007 1.75528e+007 1.75536e+007 1.75543e+007 1.75547e+007 1.75551e+007 1.75554e+007 1.75556e+007 1.75558e+007 1.75559e+007 1.7556e+007 1.75561e+007 1.75562e+007 1.75562e+007 1.75562e+007 1.75563e+007 1.75563e+007 1.75563e+007 1.75563e+007 1.75563e+007 1.75563e+007 1.75564e+007 1.75564e+007 1.75564e+007 1.75564e+007 1.75564e+007 1.75564e+007 1.75564e+007 1.75564e+007 1.75564e+007 1.75564e+007 1.75564e+007 1.75564e+007 1.75564e+007 1.75564e+007 1.75564e+007 1.75564e+007 1.75564e+007 1.75564e+007 1.75564e+007 1.75564e+007 1.75564e+007 1.75564e+007 1.75564e+007 1.75564e+007 1.75564e+007 1.75564e+007 1.75564e+007 1.75564e+007 1.75564e+007 1.75564e+007 1.75564e+007 1.75564e+007 1.75564e+007 1.75564e+007 1.75564e+007 1.75564e+007 1.75564e+007 1.75564e+007 1.75564e+007 1.75564e+007 1.75564e+007 1.75564e+007 1.75564e+007 1.75564e+007 1.75564e+007 1.75564e+007 1.75564e+007 1.75564e+007 1.75564e+007 1.75564e+007 1.75564e+007 1.75564e+007 0 0 0 0 0 0 0 0 0 0 0 0 0 0 0 0 0 0 0 0 0 0 0 0 0
#obs survey bio
 2.67988e+006 3.4828e+006 1.68731e+006 2.20586e+006 1.84668e+006 1.82706e+006 1.24064e+006 1.23407e+006 935232 990015 1.12697e+006 621824 667020 659017 642543 684066 902070 536518 492776 525274 574566 627660 392941 424486 441464 541990 559676 341602 638894 513725 527450 622748 641451 730300 655107 503320 707907 483117 434651 466781 570213 461319 419646 536899 702875 607599 525776 622238 500148 738725
#pred catch bio
 250119 266132 295641 291769 319653 275296 286205 271970 231775 247047 226392 203729 172699 162901 153804 140429 136699 127267 119516 120592 102239 104698 101984 99264.3 94392.3 92013.3 86801.7 96179.1 91306.4 89121.7 92991.6 86759 93818.5 92242.5 90063.5 85026.4 93931.2 89130.1 86732.1 82573.8 97876.1 97088.2 89397.3 90799.6 90551.8 90740.7 125388 83977.2 100372 76530.2 103711 109137 110461 113186 117011 120861 124169 126772 128705 130083 131036 131680 132107 132387 132568 132683 132757 132804 132833 132852 132864 132871 132875 132878 132880 132881 132882 132882 132882 132882 132883 132883 132883 132883 132883 132883 132883 132883 132883 132883 132883 132883 132883 132883 132883 132883 132883 132883 132883 132883 132883 132883 132883 132883 132883 132883 132883 132883 132883 132883 132883 132883 132883 132883 132883 132883 132883 132883 132883 132883 132883 132883 132883 132883 132883 132883 132883 132883 132883 132883 132883 132883 132883 132883 132883 132883 132883 132883 132883 132883 132883 132883 132883 132883 132883 132883 132883 132883 132883 132883 0 0 0 0 0 0 0 0 0 0 0 0 0 0 0 0 0 0 0 0 0 0 0 0 0
#obs catch bio
 224223 266586 297617 293812 324150 278404 290641 276266 235995 252639 230958 208520 176743 166776 156589 141940 136686 128113 120588 122040 103351 105030 102618 99761 94912.2 92589 87237.3 97577.9 92250 89850.1 93538.7 86846 93583.8 91413.5 88929.2 84212.3 93152.9 88447.5 86288.3 82498.2 97872.2 97220.2 89443 90758.2 90154.4 90056 126233 83479.7 100941 76334.7
#pred cpue bio
 3.50922e+006 3.13789e+006 2.78938e+006 2.44999e+006 2.1526e+006 1.85668e+006 1.63482e+006 1.42053e+006 1.23684e+006 1.10931e+006 971980 860563 775662 726179 686023 651075 624657 595948 573301 556703 536212 534210 526852 520073 514722 514130 516289 525142 523454 525795 527583 520400 516777 505398 498604 496559 501563 496851 498012 503774 517329 515317 514617 523431 531506 540743 551552 523639 545830 554688 2.08591e+007 1.27562e+007 1.30097e+007 1.34322e+007 1.39898e+007 1.45508e+007 1.50435e+007 1.54455e+007 1.5759e+007 1.59965e+007 1.61732e+007 1.63034e+007 1.63989e+007 1.64688e+007 1.65201e+007 1.65579e+007 1.6586e+007 1.66068e+007 1.66224e+007 1.66342e+007 1.6643e+007 1.66498e+007 1.66549e+007 1.66588e+007 1.66618e+007 1.66641e+007 1.66659e+007 1.66672e+007 1.66683e+007 1.66691e+007 1.66697e+007 1.66702e+007 1.66705e+007 1.66708e+007 1.66711e+007 1.66712e+007 1.66714e+007 1.66715e+007 1.66715e+007 1.66716e+007 1.66716e+007 1.66717e+007 1.66717e+007 1.66717e+007 1.66718e+007 1.66718e+007 1.66718e+007 1.66718e+007 1.66718e+007 1.66718e+007 1.66718e+007 1.66718e+007 1.66718e+007 1.66718e+007 1.66718e+007 1.66718e+007 1.66718e+007 1.66718e+007 1.66718e+007 1.66718e+007 1.66718e+007 1.66718e+007 1.66718e+007 1.66718e+007 1.66718e+007 1.66718e+007 1.66718e+007 1.66718e+007 1.66718e+007 1.66718e+007 1.66718e+007 1.66718e+007 1.66718e+007 1.66718e+007 1.66718e+007 1.66718e+007 1.66718e+007 1.66718e+007 1.66718e+007 1.66718e+007 1.66718e+007 1.66718e+007 1.66718e+007 1.66718e+007 1.66718e+007 1.66718e+007 1.66718e+007 1.66718e+007 1.66718e+007 1.66718e+007 1.66718e+007 1.66718e+007 1.66718e+007 1.66718e+007 1.66718e+007 1.66718e+007 1.66718e+007 1.66718e+007 1.66718e+007 1.66718e+007 0 0 0 0 0 0 0 0 0 0 0 0 0 0 0 0 0 0 0 0 0 0 0 0 0
#obs cpue bio
 2.73691e+006 2.68974e+006 2.94056e+006 2.17316e+006 1.7766e+006 1.52188e+006 1.83404e+006 1.45473e+006 883203 1.09785e+006 727303 761910 563794 617600 810977 758390 858266 414427 511875 510786 362986 852767 538121 674186 534353 452291 433741 454668 458931 566285 694450 549842 693380 633921 628432 441573 435139 539773 560025 368708 594841 522893 633013 625761 598738 576915 377929 585162 445718 521712
#pred surv len freq
 0.00518966 0.00835861 0.0124586 0.0174417 0.0231916 0.029457 0.0358036 0.0416926 0.0466628 0.0504752 0.0531238 0.0547537 0.0555745 0.0558014 0.055615 0.0551375 0.0544296 0.0534963 0.0522716 0.0505713 0.0480602 0.0443165 0.0390399 0.0323187 0.0247587
 0.00565731 0.00904427 0.0133584 0.0185208 0.0244164 0.0308334 0.0373884 0.0435544 0.0488067 0.0527768 0.0553235 0.0565266 0.0566414 0.0560232 0.0550256 0.0539086 0.0527927 0.0516576 0.0503538 0.0486062 0.0460317 0.0422296 0.0369692 0.0304039 0.0231497
 0.00589386 0.00947189 0.0140768 0.0196375 0.026008 0.0328961 0.0398085 0.046132 0.0513299 0.0550954 0.0573645 0.0582415 0.057939 0.0567541 0.0550372 0.0531266 0.0512685 0.0495495 0.0478619 0.045909 0.0432633 0.0395005 0.0344003 0.0281334 0.0213007
 0.00617321 0.00990848 0.0147067 0.0204969 0.0271439 0.0343708 0.0416838 0.0484288 0.0539797 0.057919 0.0601023 0.0606259 0.0597633 0.0578938 0.0554253 0.0527256 0.0500725 0.0476116 0.0453109 0.0429346 0.0400834 0.0363342 0.0314534 0.025583 0.0192689
 0.00642679 0.0103199 0.0153239 0.0213632 0.02829 0.0358047 0.0433843 0.0503499 0.0560647 0.0601085 0.062322 0.0627619 0.0616518 0.0593432 0.0562587 0.0528171 0.0493621 0.0461074 0.0430917 0.0401537 0.0369605 0.0331306 0.0284333 0.0229688 0.0172014
 0.00676467 0.0108561 0.0161074 0.0224335 0.0296731 0.0375053 0.0453732 0.0525541 0.0583709 0.0623815 0.0644303 0.0645971 0.0631308 0.0603935 0.0568016 0.052764 0.0486315 0.0446539 0.0409355 0.0374007 0.0338061 0.0298406 0.0252987 0.0202449 0.0150508
 0.00706244 0.0113248 0.0167849 0.0233468 0.030837 0.0389192 0.0470141 0.0543719 0.0602885 0.0643024 0.0662492 0.0662104 0.0644461 0.0613357 0.0573107 0.0527855 0.04811 0.0435407 0.0392145 0.0351221 0.0311107 0.0269547 0.0224947 0.0177759 0.0130869
 0.00744235 0.0119262 0.0176595 0.0245315 0.0323465 0.0407363 0.049078 0.0565749 0.0624893 0.066352 0.0680166 0.0675977 0.0653921 0.0618113 0.0573092 0.0523105 0.0471632 0.0421191 0.0373223 0.0327989 0.0284621 0.0241636 0.0197969 0.0154021 0.011198
 0.00777244 0.0124587 0.0184534 0.0256389 0.0338031 0.0425453 0.0511921 0.0588869 0.0648419 0.0685638 0.0699136 0.0690403 0.0662921 0.0621368 0.0570761 0.0515639 0.0459564 0.0404993 0.0353323 0.0304939 0.0259363 0.0215662 0.0173198 0.0132367 0.00947983
 0.00790557 0.012685 0.0188135 0.02618 0.0345738 0.0435833 0.0525092 0.0604567 0.0665943 0.0703889 0.0716724 0.0705831 0.0674822 0.062872 0.0573028 0.0512771 0.0451881 0.0393026 0.0337702 0.0286411 0.0238906 0.0194592 0.0153094 0.0114775 0.00808142
 0.00821181 0.0131628 0.0194961 0.0270872 0.0357119 0.044944 0.0540643 0.0621507 0.0683432 0.0720853 0.0731974 0.0718206 0.0683325 0.0632651 0.0572057 0.0506949 0.0441596 0.0378907 0.0320536 0.0267105 0.0218514 0.0174344 0.0134327 0.0098703 0.00682336
 0.00850094 0.0136207 0.0201622 0.0279888 0.0368578 0.0463162 0.0556094 0.0637799 0.0699451 0.0735476 0.0744252 0.0727426 0.0688998 0.0634473 0.0569892 0.0500852 0.0431823 0.0365921 0.0304991 0.0249831 0.0200504 0.0156719 0.0118227 0.00850991 0.00577037
 0.00858675 0.013782 0.0204454 0.0284506 0.0375526 0.0472747 0.0568179 0.065172 0.0714116 0.0749592 0.0756578 0.0736973 0.0695136 0.0636935 0.0568709 0.0496242 0.0424116 0.0355534 0.0292455 0.0235825 0.018587 0.0142414 0.0105216 0.00741698 0.00492994
 0.00843105 0.0135546 0.0201534 0.0281239 0.0372443 0.047057 0.0567733 0.0653773 0.0719147 0.0757563 0.0766825 0.0748329 0.0706217 0.0646464 0.057574 0.0500239 0.0424918 0.0353278 0.0287509 0.022876 0.0177434 0.0133482 0.00966764 0.00667709 0.00434991
 0.00829176 0.013336 0.0198403 0.0277112 0.0367424 0.0464989 0.0562205 0.0649176 0.0716482 0.0757697 0.0770231 0.0754894 0.0715218 0.065671 0.0585847 0.0508933 0.0431269 0.0356808 0.028818 0.0226903 0.0173658 0.0128571 0.00914577 0.0061965 0.00395896
 0.00825957 0.0132721 0.0197227 0.0275125 0.036437 0.0460746 0.0556903 0.0643265 0.0710701 0.0752962 0.0767459 0.0754801 0.0718115 0.0662368 0.0593495 0.0517417 0.043933 0.036337 0.0292561 0.0228901 0.0173515 0.0126849 0.00888684 0.00591927 0.00371437
 0.00843548 0.0135101 0.0199914 0.0277506 0.0365669 0.0460271 0.055427 0.0638518 0.0704305 0.0745728 0.0760421 0.0749051 0.0714595 0.0661655 0.0595649 0.0521946 0.0445297 0.0369629 0.0298048 0.023288 0.0175705 0.0127411 0.00882626 0.00579847 0.00358266
 0.00860946 0.0137892 0.0204012 0.028303 0.0372473 0.0467788 0.0561454 0.0643992 0.0706767 0.0744432 0.0755487 0.0741433 0.0705759 0.0653156 0.0588748 0.0517369 0.0443145 0.036945 0.0299041 0.0234181 0.0176648 0.0127675 0.0087872 0.00571841 0.00349158
 0.0086741 0.0138967 0.0205678 0.0285473 0.037587 0.0472249 0.0566912 0.0650086 0.071277 0.074932 0.0758179 0.0741159 0.0702399 0.0647343 0.0581678 0.0510395 0.0437355 0.0365397 0.02967 0.0233109 0.0176246 0.0127435 0.0087519 0.00566749 0.00343454
 0.0086249 0.0138297 0.0204917 0.0284799 0.0375528 0.04725 0.0567981 0.065211 0.0715754 0.0753062 0.0762223 0.0744815 0.070489 0.0648071 0.0580479 0.0507638 0.043381 0.036192 0.0293923 0.0231267 0.0175215 0.0126909 0.00872004 0.00563905 0.00340518
 0.00856732 0.0137478 0.0203907 0.0283735 0.0374619 0.0471984 0.0568082 0.0653001 0.0717512 0.0755639 0.0765411 0.074825 0.0708085 0.0650496 0.0581685 0.0507414 0.0432281 0.0359531 0.0291272 0.0228879 0.0173382 0.0125664 0.00864126 0.0055891 0.00337163
 0.0085726 0.0137219 0.0202897 0.0281392 0.0370419 0.046576 0.056026 0.0644612 0.0709928 0.0750169 0.0762945 0.0749074 0.0711879 0.0656461 0.0588754 0.0514502 0.0438527 0.0364455 0.0294802 0.0231241 0.0174918 0.0126674 0.00870869 0.00563278 0.0033973
 0.00862125 0.013803 0.020412 0.0283043 0.0372332 0.0467498 0.0561116 0.0643805 0.0706977 0.0745232 0.0756906 0.0743266 0.070758 0.065445 0.0589117 0.0516727 0.0441778 0.0367889 0.0297804 0.0233521 0.0176468 0.0127645 0.00876655 0.00566615 0.00341569
 0.00867671 0.0138842 0.0205185 0.0284309 0.0373736 0.0468982 0.0562612 0.0645162 0.0707883 0.0745234 0.0755586 0.0740509 0.0703765 0.065039 0.058575 0.0514729 0.0441326 0.036868 0.0299278 0.0235126 0.0177837 0.0128636 0.00882979 0.00570266 0.00343508
 0.00875728 0.0140033 0.0206752 0.028616 0.037571 0.0470889 0.056427 0.0646425 0.0708653 0.074545 0.0755189 0.0739418 0.070192 0.0647854 0.058281 0.0511869 0.0439058 0.0367327 0.0298856 0.0235387 0.0178431 0.0129267 0.00887999 0.00573583 0.00345402
 0.00879356 0.0140593 0.0207536 0.0287162 0.0376883 0.0472137 0.0565451 0.0647369 0.0709211 0.0745544 0.0754835 0.0738699 0.0700924 0.0646639 0.0581415 0.0510376 0.0437634 0.0366191 0.0298183 0.0235217 0.0178652 0.0129688 0.0089241 0.00577117 0.00347749
 0.00882997 0.0141113 0.0208186 0.0287874 0.037757 0.0472723 0.0565894 0.0647659 0.0709351 0.074553 0.0754653 0.0738343 0.070041 0.0646001 0.0580695 0.0509613 0.0436877 0.0365518 0.0297685 0.0234967 0.0178658 0.0129885 0.00895246 0.00579857 0.00349847
 0.00857025 0.0137422 0.0203613 0.0282942 0.0372956 0.0469011 0.0563385 0.0646357 0.070908 0.0746095 0.075592 0.0740225 0.0702809 0.0648769 0.0583636 0.0512523 0.0439584 0.0367914 0.0299733 0.0236682 0.0180079 0.0131041 0.00904309 0.00586526 0.00354353
 0.00833934 0.01339 0.0198769 0.0276898 0.0366107 0.0462038 0.0557207 0.0641953 0.0707196 0.0746945 0.0759097 0.0744894 0.0708058 0.0653906 0.0588286 0.0516561 0.0443019 0.037079 0.0302103 0.02386 0.0181601 0.0132221 0.00913154 0.00592842 0.00358567
 0.00807674 0.0129806 0.0192943 0.0269235 0.0356711 0.0451284 0.054582 0.0631027 0.0698067 0.0740912 0.0757073 0.0747127 0.0714056 0.0662593 0.0598343 0.0526785 0.0452542 0.0379127 0.0309067 0.0244192 0.0185922 0.0135424 0.00935789 0.0060796 0.00368018
 0.00795504 0.0127696 0.0189529 0.0264067 0.0349415 0.0441751 0.0534383 0.0618529 0.0685761 0.0730235 0.0749384 0.0743462 0.071492 0.0667822 0.0607119 0.0537829 0.0464435 0.0390628 0.0319311 0.0252725 0.0192626 0.0140409 0.00970801 0.00631075 0.00382256
 0.00852506 0.0135653 0.0199063 0.0273682 0.0357161 0.0445835 0.0533712 0.061294 0.0675936 0.0717479 0.0735376 0.0730003 0.0703653 0.0659962 0.0603243 0.0537803 0.0467515 0.0395705 0.0325215 0.0258487 0.0197616 0.014434 0.00999326 0.00650223 0.00394143
 0.00894996 0.0142496 0.020916 0.0287383 0.0374172 0.0464848 0.0552239 0.0627686 0.0683768 0.0716578 0.0725909 0.0713973 0.0684098 0.0640011 0.0585417 0.0523679 0.045768 0.0389906 0.0322635 0.0258071 0.0198365 0.0145498 0.0101044 0.00658861 0.00399966
 0.00886011 0.0141878 0.0209799 0.0290736 0.0381824 0.0477895 0.0570652 0.0649944 0.0706943 0.0736892 0.0739662 0.0718595 0.0678955 0.0626564 0.0566655 0.0503097 0.04383 0.0373691 0.0310372 0.0249612 0.019301 0.0142369 0.0099346 0.00650238 0.00395842
 0.00878462 0.0140547 0.0207672 0.0287721 0.0378205 0.0474596 0.0569293 0.0652469 0.0714808 0.0750165 0.0756571 0.0735876 0.0692896 0.0634285 0.0567026 0.0496939 0.0427851 0.0361665 0.0299079 0.0240451 0.0186427 0.013812 0.00968602 0.00636968 0.00389339
 0.0087678 0.0140222 0.0207074 0.0286682 0.0376517 0.0472082 0.0565961 0.0648715 0.0711574 0.0748845 0.0758561 0.0741854 0.070223 0.0645004 0.0576498 0.0502924 0.0429359 0.0359171 0.0294078 0.0234693 0.0181267 0.0134237 0.009433 0.00622471 0.00381975
 0.0087219 0.0139485 0.0205977 0.0285149 0.0374482 0.04695 0.0562831 0.064512 0.0707733 0.0745199 0.0755819 0.0740918 0.0703908 0.0649566 0.0583331 0.0510587 0.0436098 0.0363643 0.0295852 0.023425 0.0179588 0.0132282 0.00927074 0.00611644 0.00375935
 0.00891543 0.0142295 0.0209579 0.0289241 0.0378613 0.0473192 0.0565674 0.0646808 0.0708062 0.074408 0.0753342 0.0737429 0.0700034 0.0646106 0.0580993 0.0509665 0.0436298 0.0364222 0.0296007 0.0233533 0.0178057 0.0130357 0.00908726 0.00597344 0.00366511
 0.00908752 0.0144933 0.0213237 0.029387 0.038398 0.0478868 0.0571045 0.0651154 0.0710729 0.0744673 0.0751838 0.0734155 0.0695555 0.0641101 0.0576146 0.050555 0.0433234 0.0362178 0.0294646 0.0232408 0.0176855 0.0129018 0.00895373 0.0058594 0.00358194
 0.0090372 0.0144406 0.0212981 0.0294326 0.038561 0.0481947 0.0575482 0.0656444 0.071607 0.0749187 0.0754801 0.0735164 0.0694595 0.0638517 0.0572524 0.0501562 0.0429473 0.0359029 0.0292225 0.0230603 0.017545 0.0127833 0.00885025 0.00577302 0.00351674
 0.00887324 0.0141895 0.0209512 0.0289983 0.0380696 0.0477011 0.0571297 0.0653864 0.0715761 0.0751342 0.0759009 0.0740532 0.0700071 0.0643225 0.0575986 0.0503724 0.0430595 0.0359499 0.0292391 0.023067 0.0175477 0.0127801 0.00883911 0.0057557 0.00349789
 0.00886871 0.0141839 0.0209458 0.0289948 0.0380694 0.0477046 0.0571373 0.0654023 0.0716114 0.0752063 0.0760253 0.0742312 0.0702166 0.0645209 0.057738 0.0504195 0.0430085 0.0358217 0.0290697 0.0228922 0.0173923 0.0126549 0.00874481 0.00568806 0.00345171
 0.00887953 0.0141975 0.020959 0.0290026 0.0380668 0.0476891 0.0571111 0.0653715 0.0715847 0.0751928 0.0760342 0.0742712 0.0702926 0.0646288 0.0578608 0.0505298 0.0430783 0.0358347 0.0290277 0.022812 0.0172968 0.0125637 0.00866936 0.00563192 0.00341342
 0.00882856 0.0141147 0.0208345 0.0288279 0.0378366 0.0474054 0.0567871 0.0650335 0.0712696 0.0749418 0.075884 0.0742458 0.0703983 0.064853 0.0581742 0.0508912 0.0434423 0.0361604 0.0292872 0.0229956 0.0174112 0.0126254 0.00869704 0.00564094 0.00341396
 0.00891123 0.0142248 0.0209552 0.0289277 0.0378774 0.0473558 0.0566333 0.0647842 0.0709528 0.0745978 0.0755578 0.0739805 0.0702285 0.0647985 0.058236 0.0510514 0.0436681 0.036412 0.0295267 0.0231954 0.0175584 0.0127213 0.00875189 0.00566811 0.00342522
 0.00903177 0.0144058 0.0211985 0.0292213 0.0381948 0.0476563 0.0568662 0.0648981 0.0709102 0.0743906 0.0752143 0.0735586 0.069798 0.0644228 0.0579585 0.0508908 0.0436187 0.0364497 0.0296174 0.0233044 0.0176588 0.0127982 0.00880199 0.00569594 0.00343816
 0.00900937 0.0143889 0.0212083 0.0292882 0.0383477 0.0479075 0.0571984 0.0652622 0.0712368 0.0746106 0.0752793 0.0734548 0.0695494 0.064083 0.0575944 0.0505635 0.0433697 0.036294 0.0295464 0.0232949 0.0176829 0.0128325 0.00883203 0.00571616 0.00344912
 0.00949117 0.0151145 0.0221935 0.0305109 0.039756 0.0494328 0.0587598 0.0667609 0.0725508 0.0756007 0.0758132 0.0734404 0.0689666 0.0629969 0.0561442 0.0489286 0.0417282 0.0347889 0.0282674 0.0222777 0.0169205 0.0122918 0.00846858 0.00548511 0.00331091
 0.00935188 0.0149218 0.0219653 0.0302838 0.0395737 0.0493301 0.0587524 0.0668492 0.0727327 0.0758801 0.0761919 0.0738983 0.0694474 0.0634157 0.0564178 0.0490101 0.041625 0.0345541 0.0279741 0.0219912 0.0166822 0.0121162 0.00835159 0.00541335 0.00326992
 0.00906565 0.014519 0.0214762 0.0297787 0.039148 0.049075 0.0587285 0.0670714 0.0731693 0.0764637 0.0768374 0.0745254 0.0699955 0.0638472 0.0567101 0.0491496 0.0416101 0.0344036 0.0277293 0.0217065 0.0164091 0.0118895 0.0081847 0.00530295 0.00320364
#obs surv len freq
 0.0049718 0.00814423 0.0123886 0.0177184 0.0240066 0.0308862 0.0377294 0.0438113 0.0485809 0.0518386 0.0537056 0.0544705 0.0544552 0.0539578 0.0532374 0.0525056 0.0519048 0.0514682 0.0510566 0.0503012 0.0486201 0.045383 0.0402132 0.0332798 0.0253648
 0.0051919 0.00850288 0.0129302 0.0184853 0.0250321 0.0321823 0.0392742 0.0455422 0.0504021 0.0536361 0.0553639 0.0558824 0.0555278 0.0546145 0.0534211 0.0521815 0.0510655 0.0501389 0.0493008 0.0482233 0.0463638 0.0431203 0.0381205 0.0315043 0.0239923
 0.00541866 0.00887683 0.0135028 0.0193076 0.0261447 0.0335994 0.0409677 0.0474371 0.0523879 0.0555891 0.057166 0.0574307 0.0567346 0.0554055 0.0537341 0.0519679 0.0502958 0.0488124 0.0474579 0.045959 0.0438321 0.0405239 0.0356794 0.029409 0.0223597
 0.00566268 0.00927353 0.0141002 0.0201514 0.027271 0.0350224 0.0426657 0.0493456 0.0544061 0.0575965 0.0590406 0.0590615 0.0580281 0.0562859 0.0541403 0.0518503 0.0496163 0.0475527 0.0456368 0.0436523 0.0411878 0.0377558 0.0330341 0.0271102 0.0205523
 0.00588849 0.00964865 0.0146794 0.0209905 0.0284148 0.0364868 0.0444207 0.0513109 0.0564649 0.0596208 0.0609118 0.0606799 0.0593117 0.0571673 0.054563 0.0517659 0.0489846 0.0463481 0.0438638 0.0413694 0.0385283 0.0349301 0.0302982 0.0247065 0.0186455
 0.00612927 0.0100391 0.0152657 0.0218162 0.0295147 0.0378755 0.0460789 0.053178 0.0584435 0.0615919 0.0627529 0.06228 0.0605805 0.0580365 0.0549827 0.0516972 0.0483944 0.0452117 0.0421794 0.0391825 0.0359563 0.0321694 0.0275986 0.0223131 0.0167322
 0.0063789 0.0104482 0.0158872 0.0227003 0.0306978 0.0393639 0.0478332 0.0551105 0.0604339 0.0635131 0.0644924 0.063748 0.0617077 0.0587701 0.0552825 0.051532 0.0477397 0.0440502 0.0405115 0.0370482 0.0334598 0.0294904 0.0249719 0.0199746 0.014854
 0.00662432 0.0108522 0.0165043 0.0235839 0.0318893 0.040875 0.0496277 0.0570982 0.0624837 0.0654788 0.0662397 0.0651716 0.0627373 0.0593669 0.0554293 0.0512229 0.046971 0.04282 0.0388292 0.0349537 0.0310483 0.0269242 0.0224646 0.0177437 0.0130601
 0.00683293 0.0111942 0.0170247 0.0243271 0.0328915 0.0421514 0.0511584 0.0588213 0.064301 0.0672717 0.0678867 0.0665625 0.0637834 0.0600068 0.0556302 0.0509749 0.0462781 0.0416939 0.0372914 0.0330499 0.0288677 0.0246117 0.0202085 0.0157362 0.0114439
 0.00706027 0.0115667 0.0175903 0.0251312 0.0339668 0.0435025 0.0527473 0.060564 0.0660816 0.0689662 0.0693844 0.0677755 0.0646477 0.06048 0.0556886 0.0506118 0.0455009 0.0405215 0.0357554 0.0312035 0.0267997 0.0224544 0.0181283 0.0138994 0.00997212
 0.00725339 0.0118852 0.0180778 0.0258312 0.0349132 0.0447054 0.054179 0.0621527 0.0677217 0.0705381 0.0707754 0.0688943 0.0654304 0.0608892 0.0557098 0.0502463 0.0447608 0.0394282 0.0343425 0.029525 0.0249401 0.0205338 0.0162916 0.012288 0.00868695
 0.00742275 0.0121618 0.0184967 0.0264258 0.0357096 0.0457122 0.0553763 0.0634877 0.0691136 0.0718922 0.0719971 0.0698998 0.0661535 0.0612856 0.0557572 0.0499421 0.0441174 0.038469 0.0331028 0.0280578 0.0233236 0.0188745 0.0147145 0.0109119 0.00759448
 0.00753943 0.0123539 0.0187904 0.0268474 0.0362806 0.0464417 0.056253 0.0644767 0.070161 0.0729342 0.072969 0.0707407 0.0668086 0.0617089 0.055914 0.0498119 0.0436951 0.037765 0.0321445 0.0268917 0.02202 0.0175269 0.01343 0.00979059 0.00670485
 0.0076044 0.0124574 0.0189428 0.0270583 0.0365593 0.0467965 0.0566893 0.0649942 0.0707507 0.0735771 0.0736355 0.0713921 0.0673996 0.062191 0.0562403 0.0499415 0.0435982 0.0374278 0.0315732 0.0261167 0.0210974 0.0165364 0.012464 0.00893546 0.00602062
 0.00766346 0.0125467 0.0190646 0.0272111 0.0367384 0.0469974 0.0569091 0.0652331 0.0710124 0.0738677 0.07396 0.0717496 0.0677777 0.062563 0.0565671 0.0501767 0.0436965 0.0373533 0.0313081 0.025668 0.0205006 0.0158526 0.0117697 0.00830512 0.00550806
 0.00772308 0.0126369 0.0191877 0.027364 0.0369134 0.0471831 0.057092 0.0654007 0.0711564 0.0739887 0.0740687 0.0718629 0.0679118 0.0627244 0.0567464 0.0503478 0.0438206 0.037388 0.0312188 0.0254391 0.0201434 0.0154056 0.0112902 0.00785396 0.00513247
 0.00775624 0.0126874 0.0192574 0.027452 0.0370159 0.0472937 0.0572023 0.0655009 0.0712383 0.0740485 0.0741094 0.0718948 0.0679492 0.0627815 0.0568306 0.0504543 0.0439297 0.0374683 0.031235 0.0253641 0.0199692 0.0151488 0.0109882 0.00755267 0.00487166
 0.007807 0.012763 0.0193581 0.0275734 0.0371497 0.0474296 0.0573299 0.0656102 0.0713209 0.0740988 0.0741265 0.0718831 0.0679184 0.0627449 0.0568018 0.0504423 0.0439346 0.0374781 0.0312282 0.0253167 0.0198655 0.0149894 0.0107916 0.00734872 0.00468953
 0.00784489 0.0128209 0.0194381 0.0276743 0.0372667 0.0475543 0.0574505 0.0657135 0.0713953 0.0741378 0.0741302 0.0718577 0.0678736 0.0626909 0.0567483 0.0503974 0.0439025 0.0374568 0.0312079 0.0252828 0.019804 0.0148947 0.0106705 0.0072179 0.00456853
 0.0078717 0.0128622 0.0194961 0.027749 0.0373561 0.0476541 0.0575536 0.0658106 0.071476 0.074193 0.0741548 0.0718514 0.0678407 0.0626393 0.0566875 0.0503362 0.0438476 0.0374109 0.0311687 0.025243 0.0197547 0.0148301 0.0105915 0.00713257 0.00448836
 0.00789356 0.0128941 0.0195371 0.0277962 0.0374053 0.0477012 0.0575961 0.0658475 0.0715072 0.0742183 0.074173 0.0718608 0.0678398 0.0626275 0.0566659 0.050308 0.0438168 0.0373811 0.0311409 0.0252153 0.0197228 0.0147903 0.0105434 0.00707997 0.0044379
 0.0079005 0.0129045 0.0195511 0.027813 0.0374231 0.0477174 0.0576078 0.0658521 0.071504 0.0742093 0.0741627 0.0718542 0.0678397 0.062634 0.0566764 0.0503189 0.0438255 0.0373861 0.0311419 0.0252117 0.0197133 0.0147735 0.0105194 0.00705126 0.00440874
 0.0079061 0.0129097 0.0195518 0.0278033 0.0373973 0.0476727 0.0575466 0.065782 0.0714355 0.0741523 0.0741246 0.0718386 0.0678476 0.0626634 0.0567229 0.0503763 0.0438867 0.0374446 0.0311927 0.0252516 0.0197406 0.0147879 0.0105221 0.00704524 0.00439787
 0.00788508 0.0128745 0.0194968 0.0277229 0.0372871 0.0475318 0.0573802 0.0656024 0.071261 0.074004 0.0740216 0.0717943 0.0678664 0.0627407 0.0568468 0.0505308 0.0440547 0.0376109 0.0313449 0.0253813 0.0198434 0.0148627 0.0105713 0.00707338 0.00441097
 0.00788136 0.0128649 0.0194758 0.027683 0.0372206 0.0474337 0.0572507 0.0654481 0.0710944 0.0738411 0.0738798 0.0716902 0.0678133 0.0627457 0.0569094 0.0506423 0.0442006 0.0377736 0.0315073 0.0255292 0.0199672 0.0149582 0.0106385 0.00711607 0.00443504
 0.00788555 0.0128687 0.0194759 0.027674 0.0371957 0.0473864 0.0571764 0.0653464 0.070969 0.0737009 0.073738 0.0715625 0.0677155 0.0626909 0.0569053 0.0506899 0.0442935 0.0378991 0.0316491 0.0256707 0.0200945 0.0150621 0.0107157 0.00716807 0.00446655
 0.00785034 0.0128138 0.0193976 0.0275706 0.0370677 0.047237 0.0570122 0.0651769 0.0708062 0.073557 0.0736235 0.0714855 0.0676816 0.0627035 0.0569652 0.050795 0.0444377 0.0380721 0.0318369 0.0258572 0.0202644 0.0152043 0.0108246 0.00724418 0.00451482
 0.00781063 0.0127487 0.0192989 0.027431 0.0368838 0.0470121 0.0567594 0.0649185 0.0705689 0.073365 0.0734931 0.0714235 0.0676869 0.06277 0.0570845 0.0509577 0.0446339 0.0382906 0.0320647 0.0260797 0.0204674 0.015376 0.0109585 0.00733981 0.00457701
 0.00779525 0.0127186 0.0192442 0.0273397 0.0367443 0.0468187 0.0565165 0.0646428 0.0702866 0.0731064 0.0732866 0.0712899 0.0676368 0.0628031 0.0571917 0.0511246 0.0448438 0.0385267 0.0323107 0.0263199 0.0206872 0.0155637 0.0111068 0.00744739 0.00464823
 0.00776365 0.0126687 0.0191716 0.0272406 0.0366154 0.0466574 0.0563224 0.0644196 0.0700444 0.0728627 0.0730646 0.0711151 0.0675315 0.062781 0.0572553 0.0512655 0.0450456 0.0387685 0.0325709 0.0265779 0.0209253 0.0157682 0.0112695 0.0075666 0.00472804
 0.00775011 0.012645 0.0191329 0.0271814 0.0365312 0.0465463 0.0561868 0.0642657 0.0698806 0.0726971 0.0729051 0.0709708 0.0674144 0.0627059 0.057236 0.0513104 0.045154 0.0389305 0.0327691 0.0267915 0.0211336 0.015954 0.0114215 0.00768038 0.00480562
 0.00934695 0.0148804 0.0218312 0.0299566 0.0388995 0.0481054 0.0567574 0.0639187 0.0688534 0.0712724 0.0713214 0.0693893 0.0659278 0.0613616 0.0560569 0.0503068 0.0443289 0.0382797 0.0322801 0.0264442 0.0209024 0.0158112 0.0113408 0.00763936 0.00478739
 0.00932237 0.0151381 0.0227437 0.0319868 0.0423992 0.0530436 0.0625476 0.0695144 0.0731203 0.0734357 0.0712207 0.0674205 0.0627669 0.0576745 0.0523343 0.0468387 0.0412555 0.0356531 0.0301071 0.0247074 0.0195678 0.0148318 0.0106597 0.00719418 0.00451623
 0.00896674 0.014577 0.0219531 0.0310138 0.0414173 0.0523912 0.0626893 0.070877 0.0758414 0.0771751 0.0752007 0.0707223 0.0647144 0.0580687 0.0514247 0.0451098 0.0391951 0.0336185 0.0283017 0.0232166 0.0184058 0.0139742 0.0100624 0.00680415 0.00427923
 0.00878378 0.0142681 0.0214678 0.0303012 0.0404456 0.0511817 0.0613606 0.0696736 0.0751141 0.0772845 0.0763592 0.0728441 0.0673805 0.0606633 0.053384 0.0461362 0.0393173 0.0330932 0.0274528 0.0223108 0.0176054 0.0133472 0.00961467 0.00650972 0.00410067
 0.00873581 0.0141799 0.0213153 0.0300524 0.0400644 0.050637 0.0606397 0.0688011 0.0741724 0.0764284 0.0758058 0.0728192 0.068022 0.0619249 0.0550097 0.0477441 0.0405559 0.0337777 0.0276027 0.0220872 0.0172074 0.0129329 0.00927189 0.00626578 0.00394654
 0.00871547 0.0141477 0.0212675 0.0299838 0.0399657 0.0504928 0.0604282 0.0684981 0.0737618 0.0759185 0.0752475 0.0723157 0.0677162 0.0619539 0.0554379 0.0485109 0.0414796 0.0346273 0.0281974 0.0223626 0.0172138 0.0127811 0.00907117 0.0060871 0.00381816
 0.00868331 0.0140991 0.0212013 0.0299012 0.03987 0.0503872 0.0603145 0.0683739 0.0736186 0.0757432 0.0750285 0.0720567 0.0674502 0.0617481 0.0553774 0.0486601 0.0418407 0.0351248 0.0287048 0.0227606 0.0174405 0.0128458 0.00902959 0.0060031 0.00373681
 0.00868388 0.0140941 0.0211828 0.0298591 0.0397951 0.0502765 0.0601745 0.0682201 0.0734689 0.07561 0.0749137 0.0719525 0.0673477 0.06165 0.0553062 0.048655 0.0419389 0.035335 0.0289934 0.0230613 0.0176859 0.0129977 0.00908988 0.00600095 0.00370717
 0.00866902 0.0140734 0.0211578 0.0298322 0.0397676 0.0502462 0.0601349 0.0681627 0.0733889 0.07551 0.0748042 0.0718469 0.0672562 0.0615775 0.0552556 0.0486339 0.0419616 0.0354154 0.0291319 0.0232373 0.017863 0.0131404 0.00917954 0.00604053 0.00371326
 0.00866688 0.0140693 0.0211506 0.0298209 0.0397521 0.0502278 0.0601159 0.0681454 0.0733728 0.0754909 0.0747755 0.0718038 0.0671992 0.0615124 0.0551924 0.0485836 0.041935 0.0354223 0.0291774 0.0233168 0.017961 0.0132354 0.00925343 0.00608572 0.00373326
 0.00864544 0.0140374 0.021108 0.0297694 0.0396948 0.0501685 0.0600586 0.0680942 0.0733319 0.0754638 0.0747635 0.0718047 0.0672079 0.0615231 0.0552014 0.0485915 0.041947 0.0354453 0.0292174 0.0233752 0.0180324 0.013309 0.00931715 0.00613185 0.00376063
 0.00861536 0.0139876 0.021032 0.0296616 0.0395529 0.0499972 0.0598714 0.0679124 0.0731796 0.0753607 0.07472 0.0718203 0.0672735 0.0616245 0.0553229 0.0487194 0.0420718 0.0355632 0.0293284 0.0234805 0.0181314 0.0133981 0.00939127 0.00618717 0.00379689
 0.00863041 0.0140116 0.0210668 0.0297074 0.0396071 0.0500526 0.0599165 0.0679338 0.0731667 0.0753113 0.0746417 0.0717282 0.0671846 0.0615516 0.0552723 0.0486911 0.0420622 0.0355676 0.0293434 0.0235041 0.0181615 0.0134316 0.00942393 0.0062149 0.00381722
 0.00860825 0.01398 0.0210276 0.0296652 0.0395685 0.0500238 0.0599016 0.0679329 0.0731759 0.0753233 0.0746486 0.0717248 0.0671705 0.0615324 0.055256 0.0486849 0.0420694 0.0355877 0.0293733 0.0235399 0.0181996 0.0134689 0.00945744 0.00624227 0.00383726
 0.00861062 0.0139798 0.0210199 0.029644 0.0395286 0.0499651 0.0598309 0.0678633 0.0731218 0.0752945 0.0746466 0.0717431 0.0671987 0.0615607 0.0552796 0.0487039 0.0420875 0.0356089 0.0293996 0.0235708 0.0182329 0.0135015 0.00948664 0.00626607 0.00385478
 0.00861062 0.0139798 0.0210199 0.029644 0.0395286 0.0499651 0.0598309 0.0678633 0.0731218 0.0752945 0.0746466 0.0717431 0.0671987 0.0615607 0.0552796 0.0487039 0.0420875 0.0356089 0.0293996 0.0235708 0.0182329 0.0135015 0.00948664 0.00626607 0.00385478
 0.00883595 0.0143377 0.0215407 0.0303443 0.0404017 0.0509684 0.0608789 0.0688348 0.0738873 0.0757528 0.0747516 0.0715085 0.0666839 0.0608484 0.0544563 0.0478477 0.0412612 0.0348581 0.028753 0.0230418 0.0178222 0.0132 0.00927847 0.00613177 0.00377442
 0.00856958 0.01394 0.0210098 0.0297069 0.039712 0.0503019 0.060323 0.0684746 0.0737843 0.0759232 0.0751574 0.0720693 0.067303 0.0614411 0.0549667 0.0482515 0.0415597 0.0350678 0.028896 0.0231393 0.0178902 0.0132489 0.00931425 0.00615749 0.00379201
 0.00865423 0.0140415 0.021097 0.0297314 0.0396249 0.0500794 0.0599855 0.0680867 0.0734342 0.0756909 0.0750892 0.0721669 0.0675292 0.0617353 0.0552649 0.0485034 0.0417382 0.0351697 0.0289352 0.0231372 0.0178678 0.0132219 0.00929127 0.0061416 0.0037827
#pred catch len freq
 0.0038992 0.00623056 0.00921081 0.0128224 0.0170671 0.0219333 0.0273251 0.0330299 0.0387524 0.0441774 0.0490205 0.0530671 0.0562028 0.0584181 0.0597818 0.0604004 0.0603855 0.059824 0.0587284 0.0569649 0.054209 0.0500193 0.0440773 0.036494 0.0279591
 0.0043057 0.00683093 0.0100081 0.0137967 0.0182026 0.0232499 0.0288849 0.0348988 0.0409302 0.0465362 0.0512994 0.054938 0.057378 0.0587455 0.059283 0.0592418 0.0588011 0.0580255 0.0568412 0.0550165 0.0521746 0.0478972 0.041944 0.0345002 0.0262702
 0.00455501 0.00725869 0.0106905 0.0148112 0.0196035 0.0250376 0.0309878 0.0371912 0.0432804 0.0488482 0.0535077 0.0569552 0.0590456 0.059843 0.059602 0.0586784 0.0574031 0.055966 0.054342 0.0522743 0.0493344 0.0450757 0.0392686 0.0321196 0.0243204
 0.00483036 0.00768754 0.0113067 0.0156487 0.0207084 0.0264745 0.0328262 0.039465 0.0459381 0.0517281 0.0563629 0.0595214 0.0611051 0.0612439 0.0602384 0.0584711 0.0563149 0.0540373 0.0517085 0.0491463 0.0459553 0.041689 0.0361018 0.0293686 0.0221217
 0.00511804 0.00814424 0.011974 0.0165598 0.0218855 0.0279266 0.0345473 0.0414363 0.0481322 0.0541038 0.0588441 0.0619707 0.0633206 0.0629917 0.0613043 0.0587018 0.055634 0.0524476 0.0492955 0.0460822 0.0424894 0.0381183 0.0327266 0.0264417 0.0198037
 0.00542377 0.00862588 0.0126722 0.0175071 0.0231077 0.0294402 0.0363505 0.0434964 0.0503784 0.0564323 0.0611335 0.0640996 0.0651731 0.0644504 0.0622406 0.0589803 0.0551363 0.0511065 0.0471266 0.0432035 0.0391225 0.0345649 0.0293167 0.0234649 0.0174462
 0.00575672 0.00914404 0.0134103 0.0184861 0.0243366 0.0309185 0.0380645 0.0454117 0.0524343 0.058541 0.0631856 0.065975 0.0667552 0.0656376 0.0629479 0.0591316 0.0546575 0.0499352 0.045241 0.0406608 0.0360854 0.0312953 0.0261293 0.0206525 0.0152063
 0.00614878 0.00975759 0.0142901 0.0196601 0.0258147 0.0326889 0.0400869 0.0476099 0.0546984 0.06074 0.065185 0.0676529 0.0680144 0.0664113 0.0631975 0.0588366 0.053804 0.0485107 0.0432466 0.0381416 0.0331643 0.0281849 0.0231032 0.0179787 0.0130728
 0.00645516 0.010247 0.0150119 0.0206579 0.0271222 0.0343223 0.0420296 0.0497999 0.0570235 0.063047 0.0673002 0.0694095 0.0692799 0.0671051 0.0632931 0.0583485 0.0527667 0.0469629 0.04123 0.0357183 0.0304442 0.0253429 0.0203642 0.0155676 0.0111506
 0.00668738 0.0106192 0.0155636 0.0214263 0.0281412 0.035616 0.0436021 0.0516224 0.0590251 0.0651138 0.0692838 0.0711454 0.0706135 0.067918 0.0635203 0.0579806 0.0518382 0.0455338 0.0393734 0.0335218 0.0280229 0.0228517 0.0179892 0.0134904 0.00950004
 0.00701179 0.0111215 0.0162741 0.0223609 0.0293039 0.0370027 0.0451971 0.0533888 0.0608962 0.06699 0.0710389 0.0726412 0.0717193 0.0685309 0.0635799 0.0574745 0.0507985 0.0440266 0.0374878 0.0313636 0.025717 0.0205443 0.015839 0.0116422 0.00804948
 0.0073057 0.0115821 0.0169359 0.0232452 0.0304173 0.0383338 0.0467107 0.0550227 0.0625644 0.0685937 0.0724774 0.0738198 0.0725547 0.0689566 0.0635524 0.0569792 0.049852 0.0426763 0.0358083 0.0294534 0.0236951 0.0185454 0.0140003 0.0100808 0.00683675
 0.00736414 0.0116966 0.0171452 0.0236002 0.0309723 0.0391306 0.0477614 0.0562971 0.0639901 0.0700648 0.0738715 0.0750176 0.0734579 0.0694987 0.0636999 0.0567261 0.0492144 0.0416903 0.034531 0.0279647 0.0220969 0.0169549 0.0125358 0.00884035 0.00587716
 0.00723392 0.0115079 0.0169063 0.0233399 0.0307409 0.0389961 0.0478015 0.0565851 0.0645727 0.0709399 0.0749767 0.0762382 0.0746526 0.070531 0.0644624 0.0571526 0.0492794 0.0414034 0.033931 0.0271161 0.0210872 0.0158873 0.0115159 0.00795699 0.00518483
 0.00710244 0.0113034 0.0166166 0.0229627 0.0302874 0.0384965 0.04731 0.0561802 0.0643479 0.0709826 0.0753418 0.0769255 0.0755971 0.0716127 0.0655334 0.0580713 0.0499392 0.041747 0.0339513 0.0268495 0.0206035 0.0152775 0.0108766 0.00737247 0.00471136
 0.00704114 0.011198 0.0164473 0.0227073 0.0299264 0.0380217 0.0467346 0.0555468 0.063729 0.0704728 0.0750418 0.0769191 0.0759258 0.0722567 0.0664089 0.0590475 0.0508698 0.0425053 0.0344559 0.0270754 0.0205782 0.0150668 0.0105647 0.0070401 0.00441876
 0.00719841 0.0114119 0.016691 0.0229267 0.0300513 0.037986 0.0464959 0.0550987 0.0631048 0.069744 0.0743104 0.0763019 0.0755315 0.0721592 0.0666258 0.0595321 0.0515213 0.043195 0.0350614 0.0275105 0.0208095 0.0151124 0.0104778 0.00688665 0.00425606
 0.0073458 0.0116463 0.0170312 0.0233794 0.0306008 0.038583 0.047053 0.0555022 0.0632465 0.0695613 0.073813 0.0755736 0.0747061 0.0713845 0.0660265 0.0591818 0.0514281 0.0433059 0.0352841 0.0277459 0.0209819 0.0151872 0.0104612 0.00681089 0.00415966
 0.00739897 0.0117348 0.0171693 0.023584 0.0308905 0.0389728 0.0475442 0.0560685 0.0638232 0.0700475 0.0740949 0.0755643 0.0743846 0.0708106 0.0653234 0.0584925 0.0508692 0.0429359 0.0350978 0.0276908 0.0209885 0.0151979 0.010446 0.00676756 0.00410219
 0.00738198 0.0117157 0.0171568 0.0235931 0.0309408 0.0390847 0.047735 0.0563481 0.0641884 0.0704749 0.0745346 0.0759414 0.0746151 0.0708307 0.0651188 0.05811 0.0504012 0.0424843 0.0347368 0.0274476 0.0208477 0.0151221 0.010399 0.00672774 0.00406356
 0.00725998 0.0115358 0.016921 0.0233177 0.0306546 0.0388251 0.0475433 0.0562641 0.0642433 0.0706821 0.0748819 0.0763879 0.0750952 0.071266 0.0654367 0.0582664 0.0503956 0.0423587 0.0345565 0.0272731 0.0207142 0.0150359 0.0103481 0.00669613 0.00404044
 0.00726578 0.0115172 0.0168421 0.0231302 0.0303128 0.0383102 0.0468828 0.0555364 0.0635608 0.0701613 0.0746136 0.0764158 0.0754071 0.0717975 0.0660881 0.0589282 0.0509764 0.0428066 0.0348639 0.0274656 0.0208301 0.0151077 0.0103951 0.00672665 0.00405804
 0.00729981 0.0115735 0.0169257 0.0232389 0.0304287 0.0383919 0.0468675 0.0553581 0.0631838 0.0696108 0.0739823 0.0758372 0.0750076 0.0716525 0.0662019 0.0592422 0.0513971 0.043239 0.0352383 0.0277496 0.0210239 0.01523 0.0104686 0.00676936 0.00408174
 0.00734349 0.0116375 0.0170096 0.0233391 0.0305412 0.0385133 0.0469924 0.0554712 0.0632517 0.0695851 0.0738187 0.0755251 0.0745906 0.0712216 0.0658604 0.0590626 0.0513952 0.0433764 0.0354482 0.0279672 0.0212066 0.0153621 0.0105535 0.00681897 0.00410851
 0.00739567 0.0117138 0.0171085 0.0234534 0.0306595 0.0386235 0.047085 0.0555406 0.0632958 0.069601 0.0737976 0.0754508 0.0744466 0.0710064 0.0656003 0.0588093 0.0512054 0.0432859 0.0354573 0.0280459 0.0213138 0.0154637 0.0106315 0.00687029 0.00413817
 0.00741684 0.0117465 0.0171544 0.0235121 0.0307281 0.0386961 0.0471526 0.0555927 0.0633234 0.0696001 0.0737701 0.0754017 0.0743792 0.0709198 0.0654932 0.0586872 0.0510857 0.0431937 0.035413 0.0280545 0.0213625 0.0155303 0.0106956 0.00691986 0.00417065
 0.00741933 0.0117478 0.0171513 0.0235005 0.0307047 0.0386606 0.0471091 0.0555486 0.0632866 0.0695752 0.0737576 0.0753986 0.0743816 0.0709239 0.0654953 0.0586843 0.0510779 0.0431862 0.0354152 0.0280744 0.0214016 0.0155821 0.010749 0.00696534 0.00420344
 0.00723024 0.0114816 0.0168267 0.0231594 0.0303991 0.038432 0.0469736 0.0554964 0.0632949 0.0696237 0.0738363 0.0755065 0.074519 0.0710867 0.0656736 0.0588651 0.0512492 0.0433401 0.0355495 0.0281912 0.0215038 0.015671 0.0108233 0.007023 0.00424399
 0.00699789 0.0111292 0.0163455 0.022564 0.02973 0.0377547 0.0463729 0.0550612 0.0630923 0.0696743 0.0741064 0.0759242 0.0750046 0.0715776 0.0661332 0.0592777 0.0516101 0.043649 0.0358079 0.0284024 0.0216728 0.0158029 0.0109229 0.00709457 0.00429202
 0.00673911 0.0107285 0.0157799 0.0218265 0.0288313 0.0367269 0.0452761 0.0539888 0.062166 0.0690225 0.0738314 0.0760695 0.0755385 0.0724029 0.0671197 0.0603004 0.0525755 0.0445022 0.0365257 0.0289819 0.0221226 0.0161376 0.0111604 0.0072539 0.00439207
 0.00663142 0.010544 0.0154846 0.021382 0.0282024 0.0358951 0.0442544 0.0528322 0.0609712 0.0679183 0.0729594 0.0755575 0.0754699 0.0727914 0.0679015 0.0613515 0.053747 0.0456582 0.037568 0.0298566 0.0228131 0.0166528 0.0115232 0.00749399 0.00454035
 0.00709089 0.0111832 0.0162456 0.0221387 0.0287894 0.0361576 0.0440936 0.052226 0.0599723 0.0666402 0.0715589 0.0742134 0.0743545 0.0720388 0.0675804 0.0614529 0.0541911 0.0463204 0.0383144 0.0305756 0.0234318 0.0171386 0.0118751 0.00772997 0.00468672
 0.00752516 0.0118697 0.0172356 0.0234489 0.0303776 0.0378963 0.0457599 0.0535321 0.0606438 0.0665113 0.070634 0.0726617 0.0724498 0.0700802 0.0658248 0.060073 0.0532592 0.045816 0.0381506 0.030635 0.0236021 0.0173349 0.0120475 0.00785884 0.00477181
 0.00748822 0.0118753 0.0173675 0.0238311 0.031148 0.0391584 0.0475259 0.0556817 0.0629162 0.0685433 0.0720447 0.0731658 0.0719542 0.0687152 0.0638927 0.0579415 0.0512537 0.0441508 0.036912 0.029805 0.0231004 0.0170621 0.0119147 0.00780148 0.00475028
