SBPRF35
12.7214
Curr Bio
821901
B35
889965
F35
0.170211
FOFL
0.154602
OFL
103073
Bzero
3.63469e+006
#pred survey bio
 3.7304e+006 3.61301e+006 3.50291e+006 3.33385e+006 3.13695e+006 2.88604e+006 2.60323e+006 2.36841e+006 2.13653e+006 1.90645e+006 1.70272e+006 1.46818e+006 1.3062e+006 1.12893e+006 974736 858929 771116 718348 677281 648537 616551 585886 563984 556119 548636 546633 548280 547050 540808 548151 556360 565949 571241 579708 588510 610346 622699 626034 637416 651644 665654 681434 688582 701411 718227 720906 725229 725562 725396 721208 729530 755552 774102 795547 817101 826615 828145 2.86381e+007 1.70983e+007 1.73354e+007 1.81788e+007 1.94371e+007 2.08661e+007 2.2276e+007 2.35526e+007 2.46446e+007 2.5543e+007 2.6262e+007 2.68266e+007 2.72642e+007 2.76006e+007 2.78577e+007 2.8054e+007 2.82036e+007 2.8318e+007 2.84056e+007 2.84729e+007 2.85249e+007 2.85652e+007 2.85967e+007 2.86212e+007 2.86406e+007 2.86558e+007 2.86679e+007 2.86775e+007 2.86852e+007 2.86913e+007 2.86962e+007 2.87002e+007 2.87034e+007 2.87059e+007 2.8708e+007 2.87097e+007 2.87111e+007 2.87122e+007 2.87132e+007 2.87139e+007 2.87145e+007 2.8715e+007 2.87154e+007 2.87157e+007 2.8716e+007 2.87162e+007 2.87164e+007 2.87166e+007 2.87167e+007 2.87168e+007 2.87169e+007 2.87169e+007 2.8717e+007 2.8717e+007 2.87171e+007 2.87171e+007 2.87171e+007 2.87171e+007 2.87171e+007 2.87172e+007 2.87172e+007 2.87172e+007 2.87172e+007 2.87172e+007 2.87172e+007 2.87172e+007 2.87172e+007 2.87172e+007 2.87172e+007 2.87172e+007 2.87172e+007 2.87172e+007 2.87172e+007 2.87172e+007 2.87172e+007 2.87172e+007 2.87172e+007 2.87172e+007 2.87172e+007 2.87172e+007 2.87172e+007 2.87172e+007 2.87172e+007 2.87172e+007 2.87172e+007 2.87172e+007 2.87172e+007 2.87172e+007 2.87172e+007 2.87172e+007 2.87172e+007 2.87172e+007 2.87172e+007 2.87172e+007 2.87172e+007 2.87172e+007 2.87172e+007 2.87172e+007 2.87172e+007 2.87172e+007 0 0 0 0 0 0 0 0 0 0 0 0 0 0 0 0 0 0 0 0 0 0 0 0 0
#obs survey bio
 3.3318e+006 5.00464e+006 3.30945e+006 3.614e+006 3.49429e+006 2.07136e+006 2.54008e+006 1.83185e+006 2.17249e+006 1.57711e+006 2.91495e+006 1.66944e+006 1.4569e+006 1.4403e+006 746298 793866 748945 457612 691954 835969 498588 510022 523469 748138 523335 741064 462769 671998 490539 672499 551028 333596 481338 491558 603664 774683 638108 559005 787952 637569 422739 483403 841168 870718 909834 581513 615423 818730 674406 608048 550351 684975 838017 914285 832783 838254 952413
#pred catch bio
 98840.3 98044.2 160603 197468 261188 306886 280185 293854 306611 294252 329172 269435 286026 265385 230343 203840 171143 158409 144356 142844 137273 126072 111540 109423 103526 99700.8 101362 104426 92486.9 92569.8 92818.5 97835 96015.3 96634.8 87202.5 96912.2 105185 99007.6 97843.6 99626.7 100048 108529 103978 101106 113125 111067 113744 113333 116167 105805 92750.5 101280 99794.7 100084 109909 114834 120436 103073 111972 112276 116347 123783 132605 141325 149129 155681 160942 165030 168129 170434 172123 173347 174225 174851 175294 175607 175826 175980 176087 176162 176214 176250 176275 176292 176304 176313 176318 176322 176325 176327 176328 176329 176330 176330 176330 176331 176331 176331 176331 176331 176331 176331 176331 176331 176331 176331 176331 176331 176331 176331 176331 176331 176331 176331 176331 176331 176331 176331 176331 176331 176331 176331 176331 176331 176331 176331 176331 176331 176331 176331 176331 176331 176331 176331 176331 176331 176331 176331 176331 176331 176331 176331 176331 176331 176331 176331 176331 176331 176331 176331 176331 176331 176331 176331 176331 176331 176331 0 0 0 0 0 0 0 0 0 0 0 0 0 0 0 0 0 0 0 0 0 0 0 0 0
#obs catch bio
 0 97648.1 160922 197292 261089 307586 279988 294765 307677 295966 330230 268478 287514 267372 233303 207214 173554 160991 145944 143168 137563 127263 112274 109496 103733 99928.9 101410 104485 92366 92355.4 92510.4 98629.5 96518.5 96990.3 87383.2 97070.8 105689 99506.1 98132.3 99709.6 100528 109607 104290 101030 113032 111087 113788 112910 115884 105624 92399.3 101437 100007 100045 110007 114848 120492
#pred cpue bio
 3.67606e+006 3.5605e+006 3.45165e+006 3.28309e+006 3.08666e+006 2.83664e+006 2.55497e+006 2.32083e+006 2.08984e+006 1.86099e+006 1.65869e+006 1.42661e+006 1.26592e+006 1.09059e+006 938363 824116 737840 686297 646533 619072 588488 558906 537807 530493 523490 521675 523457 522459 516540 523726 531655 540746 545725 554020 562635 583888 595964 599192 610231 624107 637647 652827 659869 672650 689299 692088 696432 696937 696908 692798 700745 725977 744171 765429 786922 796588 798599 2.76511e+007 1.65261e+007 1.66274e+007 1.73007e+007 1.8492e+007 1.99031e+007 2.13089e+007 2.25847e+007 2.36765e+007 2.45748e+007 2.52939e+007 2.58585e+007 2.62961e+007 2.66324e+007 2.68896e+007 2.70858e+007 2.72355e+007 2.73499e+007 2.74375e+007 2.75048e+007 2.75568e+007 2.75971e+007 2.76285e+007 2.76531e+007 2.76725e+007 2.76877e+007 2.76998e+007 2.77094e+007 2.7717e+007 2.77232e+007 2.77281e+007 2.7732e+007 2.77352e+007 2.77378e+007 2.77399e+007 2.77416e+007 2.7743e+007 2.77441e+007 2.7745e+007 2.77458e+007 2.77464e+007 2.77469e+007 2.77473e+007 2.77476e+007 2.77479e+007 2.77481e+007 2.77483e+007 2.77484e+007 2.77486e+007 2.77487e+007 2.77487e+007 2.77488e+007 2.77489e+007 2.77489e+007 2.77489e+007 2.7749e+007 2.7749e+007 2.7749e+007 2.7749e+007 2.7749e+007 2.7749e+007 2.77491e+007 2.77491e+007 2.77491e+007 2.77491e+007 2.77491e+007 2.77491e+007 2.77491e+007 2.77491e+007 2.77491e+007 2.77491e+007 2.77491e+007 2.77491e+007 2.77491e+007 2.77491e+007 2.77491e+007 2.77491e+007 2.77491e+007 2.77491e+007 2.77491e+007 2.77491e+007 2.77491e+007 2.77491e+007 2.77491e+007 2.77491e+007 2.77491e+007 2.77491e+007 2.77491e+007 2.77491e+007 2.77491e+007 2.77491e+007 2.77491e+007 2.77491e+007 2.77491e+007 2.77491e+007 2.77491e+007 2.77491e+007 2.77491e+007 2.77491e+007 2.77491e+007 0 0 0 0 0 0 0 0 0 0 0 0 0 0 0 0 0 0 0 0 0 0 0 0 0
#obs cpue bio
 4.76723e+006 3.26866e+006 3.31721e+006 3.10519e+006 3.1837e+006 3.0568e+006 2.61337e+006 2.18182e+006 2.0992e+006 1.49507e+006 1.56737e+006 1.47641e+006 767244 682552 757540 605782 606079 782796 655255 773297 707453 378015 548795 587125 473234 356437 704870 460305 565654 503766 581300 392207 689974 745956 471335 542975 470468 532087 553966 758840 630135 637589 800827 675776 658506 712697 842728 869847 765392 775418 1.00153e+006 594269 579023 807685 752666 820981 721412
#pred surv len freq
 0.00440342 0.00722868 0.0110274 0.0158281 0.0215376 0.0278509 0.0342316 0.040055 0.0448454 0.0484292 0.050903 0.0524939 0.0534363 0.0539193 0.0540813 0.0540259 0.0538408 0.0535975 0.0532966 0.0527588 0.0515311 0.0489432 0.0443911 0.037745 0.0295989
 0.00459188 0.00745543 0.0112255 0.0158966 0.0213819 0.0274386 0.0336294 0.0394132 0.0443327 0.0481555 0.0508804 0.0526555 0.0536934 0.0542161 0.0544179 0.0544401 0.0543652 0.0542142 0.0539158 0.0532372 0.0517279 0.0487871 0.0439192 0.0370881 0.0289211
 0.00473028 0.00770042 0.0116245 0.0164887 0.022168 0.0283485 0.0345115 0.0400739 0.0446184 0.0480316 0.0504488 0.0520952 0.0531685 0.0538155 0.054156 0.0542975 0.0543221 0.0542501 0.0539857 0.0532567 0.051593 0.0484243 0.0433322 0.0363647 0.0281936
 0.00488659 0.00795356 0.0120057 0.017031 0.0229043 0.0293024 0.0356775 0.0413913 0.0459557 0.0492004 0.0512572 0.0524211 0.0530107 0.0532865 0.0534225 0.0535091 0.0535711 0.0535674 0.053354 0.052625 0.0508968 0.0476172 0.0424204 0.0354171 0.0273153
 0.00506689 0.00824521 0.012442 0.0176425 0.023714 0.0303189 0.036887 0.042754 0.0474058 0.0506457 0.0525765 0.0534692 0.0536449 0.053414 0.0530405 0.0527091 0.0524987 0.0523642 0.0521133 0.0513809 0.0496445 0.0463495 0.0411604 0.0342289 0.0262834
 0.00529365 0.00861408 0.0129975 0.0184259 0.0247556 0.0316249 0.0384276 0.0444592 0.0491768 0.0523729 0.0541538 0.0547955 0.0546189 0.0539356 0.0530295 0.0521362 0.0514072 0.0508628 0.0503415 0.0494685 0.047692 0.044436 0.0393644 0.0326364 0.0249735
 0.00558401 0.0090804 0.0136889 0.0193848 0.0260109 0.0331806 0.0402498 0.0464701 0.0512623 0.0544026 0.0559999 0.0563458 0.0557795 0.0546273 0.0531852 0.0517063 0.0503759 0.0492672 0.0482784 0.0470823 0.045151 0.0419118 0.037018 0.0306054 0.0233516
 0.00582373 0.00947078 0.0142778 0.0202178 0.0271233 0.0345849 0.0419223 0.0483459 0.0532443 0.0563779 0.0578562 0.0579785 0.0570933 0.0555358 0.0536107 0.0515824 0.049656 0.0479404 0.0463885 0.0447392 0.0425269 0.0392195 0.0344769 0.028402 0.021605
 0.00605876 0.00985557 0.0148622 0.0210504 0.0282429 0.0360069 0.0436234 0.0502585 0.0552652 0.0583879 0.0597385 0.0596294 0.058425 0.0564736 0.0540886 0.0515401 0.0490415 0.0467224 0.0445776 0.0424117 0.0398375 0.036391 0.0317621 0.0260283 0.0197211
 0.00626598 0.0102023 0.0154025 0.0218414 0.0293339 0.0374215 0.0453414 0.0522092 0.0573373 0.0604512 0.0616651 0.0613074 0.0597638 0.0574031 0.0545547 0.0514976 0.0484504 0.0455526 0.0428272 0.0401343 0.0371655 0.0335373 0.0289872 0.0235792 0.0177676
 0.00644879 0.0105013 0.0158569 0.0224914 0.0302164 0.038561 0.0467389 0.0538325 0.0591201 0.0622994 0.063468 0.0629499 0.0611387 0.0584204 0.0551443 0.0516069 0.0480388 0.0445917 0.0413115 0.0381044 0.0347335 0.0308948 0.0263807 0.0212528 0.0158967
 0.00688249 0.0111762 0.0168162 0.0237549 0.0317779 0.0403856 0.0487586 0.0559464 0.0612063 0.0642361 0.0651513 0.0643009 0.062101 0.0589541 0.0552221 0.0512093 0.047152 0.0432077 0.0394377 0.0357847 0.0320732 0.0280736 0.0236334 0.0188158 0.0139424
 0.0071107 0.011564 0.0174293 0.0246612 0.0330277 0.0419848 0.0506448 0.0579905 0.0632426 0.0661071 0.0667408 0.0655425 0.0629647 0.0594281 0.0552981 0.0508762 0.0463957 0.0420162 0.0378132 0.0337625 0.0297437 0.0255926 0.0212069 0.0166542 0.0122019
 0.00742567 0.0120731 0.0181906 0.0257283 0.0344412 0.0437565 0.0527385 0.0603075 0.0656253 0.0683616 0.0686723 0.0669923 0.0638383 0.0597031 0.0550089 0.0500855 0.0451664 0.0403979 0.0358466 0.0314995 0.0272728 0.023054 0.0187821 0.0145269 0.0105053
 0.00776705 0.0126182 0.0189924 0.0268289 0.0358639 0.0454939 0.0547394 0.0624733 0.0678214 0.0704382 0.0704838 0.068409 0.0647557 0.0600534 0.0547723 0.0492912 0.0438796 0.0387001 0.0338213 0.0292328 0.0248676 0.0206429 0.0165223 0.0125711 0.00896015
 0.0079232 0.0128922 0.0194416 0.0275182 0.0368501 0.0468016 0.0563392 0.0642769 0.0696992 0.0722492 0.0721009 0.0697292 0.0656997 0.0605619 0.0548065 0.0488382 0.0429575 0.0373581 0.0321344 0.0272967 0.0227969 0.0185707 0.0145914 0.0109107 0.00765568
 0.00804083 0.0130774 0.0197111 0.0278885 0.0373413 0.0474387 0.057148 0.0652718 0.0708668 0.073537 0.0734176 0.0709609 0.0667323 0.0613006 0.0551848 0.0488182 0.0425283 0.0365366 0.030967 0.0258604 0.0211971 0.0169339 0.0130502 0.00958053 0.00661024
 0.00803743 0.0130756 0.0197155 0.0279067 0.0373835 0.0475182 0.057282 0.0654836 0.071187 0.0739974 0.0740382 0.0717318 0.0676018 0.0621782 0.0559586 0.0493795 0.0427935 0.0364594 0.0305446 0.0251334 0.0202458 0.0158682 0.011991 0.00863601 0.00585318
 0.00796723 0.0129745 0.0195879 0.0277657 0.0372481 0.047409 0.0572172 0.0654784 0.071255 0.0741533 0.0742979 0.0721092 0.0681001 0.0627779 0.056609 0.0500008 0.0432913 0.0367476 0.0305678 0.0248815 0.0197578 0.0152237 0.0112912 0.00797874 0.00530933
 0.00796473 0.012951 0.0195177 0.0276164 0.0369928 0.0470439 0.0567747 0.0650246 0.0708709 0.0739094 0.0742367 0.0722427 0.0684173 0.0632525 0.0572013 0.0506546 0.0439328 0.0372933 0.0309412 0.0250347 0.0196861 0.0149682 0.0109259 0.00758689 0.00495958
 0.00809278 0.0131416 0.0197703 0.0279145 0.0373034 0.0473198 0.0569614 0.0650734 0.0707568 0.0736472 0.0738826 0.0718776 0.0681204 0.0630789 0.0571722 0.050758 0.0441295 0.0375242 0.0311388 0.0251392 0.0196632 0.0148202 0.0106893 0.0073166 0.00470812
 0.00813615 0.0132269 0.0199248 0.0281691 0.0376805 0.0478159 0.0575334 0.0656393 0.0712159 0.073911 0.0739039 0.0716648 0.0677331 0.0626077 0.0567106 0.0503772 0.0438628 0.0373652 0.0310506 0.0250712 0.0195711 0.014681 0.0105074 0.00711744 0.00452299
 0.00813867 0.0132262 0.0199163 0.0281497 0.0376547 0.0478017 0.0575625 0.0657466 0.0714193 0.0741934 0.0742102 0.0719201 0.0678738 0.0626078 0.0565902 0.0501894 0.0436689 0.0372095 0.0309474 0.0250067 0.0195171 0.0146125 0.0104149 0.00700824 0.00441443
 0.00816601 0.0132487 0.0199102 0.0280801 0.0374866 0.0475166 0.057174 0.0653055 0.0710036 0.0738869 0.074076 0.0719795 0.0680983 0.0629314 0.0569366 0.0505006 0.0439203 0.037406 0.0311054 0.0251375 0.01962 0.0146802 0.0104428 0.00700139 0.00438581
 0.00821205 0.0133206 0.0200111 0.0282069 0.0376251 0.0476385 0.0572379 0.0652675 0.0708367 0.0736002 0.0737209 0.0716352 0.0678425 0.0628108 0.0569526 0.0506168 0.0440846 0.0375738 0.0312516 0.0252539 0.0197066 0.0147379 0.0104729 0.00700764 0.00437567
 0.00816461 0.0132532 0.0199277 0.0281178 0.0375439 0.0475771 0.0572009 0.0652486 0.0708186 0.0735592 0.0736377 0.0715078 0.0676936 0.0626828 0.0568896 0.0506446 0.0441998 0.0377479 0.0314468 0.0254376 0.0198588 0.0148509 0.0105475 0.00704954 0.00439362
 0.00813161 0.0131922 0.0198232 0.0279534 0.0373093 0.0472775 0.0568637 0.0649196 0.0705483 0.0733837 0.0735665 0.0715245 0.0677688 0.062791 0.0570206 0.0508027 0.0443936 0.0379777 0.0316985 0.0256872 0.0200819 0.0150306 0.0106777 0.00713415 0.00444215
 0.00810475 0.0131536 0.0197737 0.0278949 0.0372418 0.0471957 0.0567568 0.0647772 0.0703694 0.0731839 0.0733763 0.0713777 0.0676887 0.0627823 0.0570725 0.0508994 0.0445229 0.0381328 0.0318732 0.0258707 0.0202583 0.0151841 0.0107976 0.00721773 0.00449385
 0.00820457 0.0132947 0.0199472 0.0280796 0.0374108 0.0473259 0.056836 0.0648028 0.0703425 0.0731046 0.0732445 0.0711996 0.0674814 0.0625717 0.0568856 0.0507554 0.0444298 0.0380897 0.0318738 0.0259056 0.0203152 0.015249 0.0108581 0.00726551 0.00452636
 0.00823448 0.0133359 0.0199949 0.0281228 0.0374332 0.047309 0.0567634 0.0646666 0.0701488 0.0728755 0.0730135 0.0710009 0.0673392 0.0624956 0.0568736 0.0507995 0.0445201 0.0382153 0.0320227 0.0260645 0.0204707 0.0153891 0.0109736 0.00735217 0.00458504
 0.00833136 0.0134755 0.0201715 0.0283188 0.0376229 0.0474649 0.056862 0.0646911 0.0700901 0.072734 0.0728017 0.0707439 0.0670708 0.0622508 0.0566796 0.0506705 0.0444578 0.038212 0.0320655 0.0261386 0.0205608 0.0154809 0.0110558 0.00741766 0.00463162
 0.00825157 0.0133785 0.0200846 0.0282847 0.037684 0.0476411 0.057134 0.0650027 0.0703689 0.0729185 0.0728604 0.0706786 0.0669083 0.0620306 0.0564434 0.0504548 0.0442877 0.0380995 0.0320104 0.0261315 0.0205874 0.0155257 0.0111053 0.00746204 0.00466574
 0.00816469 0.0132448 0.0198995 0.0280545 0.0374304 0.0474043 0.0569692 0.0649654 0.0704908 0.0731867 0.0732148 0.0710335 0.0671866 0.0621902 0.0564843 0.0504077 0.0441962 0.0380035 0.0319369 0.0260921 0.020581 0.0155431 0.0111347 0.00749321 0.00469201
 0.00816811 0.0132315 0.0198452 0.0279267 0.0371992 0.0470589 0.0565329 0.0644984 0.0700779 0.0729124 0.0731356 0.0711586 0.0674746 0.0625652 0.0568644 0.0507328 0.044441 0.0381743 0.0320565 0.0261843 0.0206614 0.0156174 0.0112013 0.00754823 0.00473308
 0.00816941 0.013236 0.0198552 0.0279419 0.0372121 0.0470506 0.0564735 0.0643568 0.0698398 0.0725969 0.0727985 0.0708762 0.0673147 0.0625596 0.0569984 0.050956 0.044692 0.0384046 0.0322425 0.0263249 0.0207669 0.015699 0.0112659 0.00759856 0.0047699
 0.00806884 0.0130773 0.019626 0.0276361 0.0368333 0.0466152 0.0560119 0.063909 0.0694442 0.0722801 0.0725737 0.0707513 0.0673016 0.0626748 0.0572513 0.0513347 0.0451583 0.038903 0.0327183 0.0267393 0.0211024 0.0159554 0.0114524 0.00772763 0.00485414
 0.00804603 0.0130398 0.0195688 0.0275534 0.0367196 0.0464664 0.0558274 0.063694 0.0692106 0.0720452 0.0723562 0.0705683 0.0671671 0.0626018 0.0572534 0.0514234 0.0453351 0.0391527 0.0330097 0.0270343 0.0213685 0.0161729 0.0116158 0.00784149 0.00492793
 0.00805853 0.0130636 0.0196105 0.0276201 0.0368155 0.046588 0.0559604 0.0638134 0.0692874 0.0720548 0.0722867 0.0704237 0.0669661 0.062373 0.0570299 0.0512367 0.0452103 0.0391029 0.0330322 0.0271115 0.0214742 0.0162817 0.0117099 0.00791275 0.00497629
 0.00801988 0.0130004 0.0195153 0.027488 0.0366466 0.0463919 0.0557579 0.0636329 0.0691557 0.0719865 0.0722789 0.0704587 0.0670212 0.0624303 0.0570825 0.0512894 0.0452749 0.0391917 0.0331512 0.027257 0.0216326 0.0164348 0.0118417 0.00801396 0.00504598
 0.00806462 0.0130536 0.0195592 0.0274943 0.0365842 0.0462398 0.0555162 0.0633265 0.0688282 0.0716879 0.072052 0.070329 0.066992 0.0624856 0.0571956 0.0514338 0.0454328 0.0393555 0.03332 0.0274296 0.0218038 0.0165946 0.0119789 0.00812105 0.00512127
 0.00806285 0.0130605 0.0195865 0.0275546 0.036684 0.0463682 0.0556405 0.0633994 0.0688064 0.071554 0.0718248 0.0700568 0.0667324 0.0622849 0.0570762 0.0513943 0.0454566 0.0394223 0.0334129 0.0275372 0.0219173 0.0167056 0.0120786 0.00820233 0.00518089
 0.00788672 0.0128085 0.0192716 0.0272125 0.0363648 0.0461221 0.0555029 0.0633813 0.0688916 0.0717032 0.0719874 0.070189 0.066814 0.0623244 0.057102 0.0514373 0.0455358 0.03954 0.0335588 0.0276959 0.0220743 0.0168491 0.0122003 0.00829755 0.00524903
 0.00780888 0.0126756 0.0190619 0.0269075 0.0359601 0.0456412 0.0550046 0.0629511 0.0686146 0.0716303 0.0721153 0.0704639 0.0671571 0.0626629 0.057392 0.0516693 0.0457249 0.0397087 0.0337233 0.0278609 0.0222346 0.0169954 0.0123241 0.00839401 0.00531771
 0.00777154 0.0126056 0.018939 0.0267061 0.0356548 0.0452164 0.0544664 0.0623362 0.0679909 0.0710872 0.0717422 0.0703235 0.0672635 0.0629776 0.0578403 0.0521697 0.0462143 0.0401535 0.034114 0.0281996 0.0225244 0.0172366 0.0125154 0.00853617 0.00541533
 0.00769716 0.0124912 0.0187781 0.0264953 0.0353917 0.0448973 0.0540874 0.0618972 0.0675035 0.0705817 0.0712708 0.0699537 0.0670623 0.0629893 0.0580689 0.0525762 0.0467309 0.0407069 0.0346457 0.0286738 0.0229251 0.0175599 0.0127638 0.00871583 0.00553624
 0.00768512 0.0124742 0.0187572 0.0264729 0.0353698 0.0448758 0.0540609 0.0618538 0.0674251 0.0704483 0.0710692 0.0696889 0.0667643 0.0627107 0.0578697 0.0525022 0.0467961 0.0408908 0.0349046 0.0289588 0.0231967 0.0177938 0.0129494 0.00885246 0.00562926
 0.00762584 0.0123855 0.0186381 0.026328 0.0352087 0.0447113 0.0539068 0.0617229 0.0673256 0.0703802 0.0710225 0.0696466 0.0667111 0.0626431 0.0578026 0.0524655 0.0468226 0.0409997 0.0350917 0.0291983 0.0234522 0.0180316 0.0131472 0.00900134 0.00573126
 0.00763688 0.0123933 0.0186316 0.0262918 0.0351283 0.044581 0.0537357 0.061534 0.0671486 0.07024 0.0709315 0.069602 0.0666986 0.0626447 0.0578055 0.052469 0.0468393 0.0410488 0.0351878 0.0293416 0.0236273 0.0182134 0.0133116 0.00913272 0.0058249
 0.0076831 0.0124613 0.0187198 0.0263923 0.0352268 0.0446578 0.0537695 0.0615069 0.0670534 0.0700859 0.0707434 0.0694123 0.0665351 0.0625214 0.0577223 0.0524177 0.0468132 0.0410477 0.035217 0.0294054 0.0237223 0.018327 0.013426 0.00923212 0.00590037
 0.00778536 0.0126167 0.0189332 0.0266597 0.0355351 0.0449853 0.0540859 0.0617755 0.0672361 0.0701527 0.0706815 0.0692313 0.0662645 0.0622024 0.0573952 0.0521135 0.0465495 0.040833 0.0350547 0.0292967 0.0236647 0.0183126 0.0134414 0.00926183 0.00593151
 0.00781379 0.0126614 0.0189975 0.0267451 0.0356408 0.0451072 0.0542156 0.0619006 0.0673418 0.0702245 0.0707075 0.0692043 0.0661839 0.0620758 0.0572384 0.0519471 0.0463942 0.0407042 0.0349612 0.0292409 0.0236442 0.0183207 0.0134682 0.00929646 0.00596462
 0.00764559 0.012412 0.018667 0.0263505 0.0352116 0.044679 0.0538246 0.0615803 0.0671204 0.0701208 0.0707266 0.069336 0.066405 0.0623551 0.0575444 0.0522543 0.0466869 0.0409757 0.0352104 0.0294682 0.0238484 0.018499 0.0136168 0.00941278 0.00604876
 0.0075128 0.0122024 0.0183647 0.025948 0.0347153 0.0441149 0.0532412 0.0610436 0.0666982 0.0698634 0.070654 0.0694376 0.0666495 0.0627024 0.0579534 0.0526883 0.0471161 0.0413791 0.0355758 0.02979 0.0241246 0.0187287 0.0137999 0.00955067 0.00614543
 0.00738876 0.0120028 0.0180684 0.0255378 0.0341827 0.0434672 0.0525091 0.0602841 0.0659882 0.069285 0.0702764 0.0693027 0.066764 0.063039 0.0584604 0.0533028 0.0477764 0.0420335 0.036186 0.0303311 0.0245834 0.0191003 0.014086 0.00975814 0.00628571
 0.00731173 0.0118729 0.0178643 0.0252369 0.0337659 0.0429269 0.0518577 0.0595574 0.0652426 0.0685887 0.0697003 0.0689104 0.0666021 0.0631282 0.0587897 0.0538307 0.0484403 0.0427626 0.0369143 0.0310063 0.0251701 0.01958 0.0144546 0.010023 0.00646252
 0.00712963 0.0116136 0.017541 0.0248824 0.0334197 0.0426159 0.051583 0.0592962 0.0649641 0.0682742 0.0693566 0.0685722 0.066323 0.0629661 0.0587908 0.0540165 0.0488005 0.043258 0.0374867 0.0315925 0.0257153 0.020046 0.0148224 0.0102912 0.00664254
 0.00675854 0.0110606 0.0168042 0.0239978 0.0324569 0.0416659 0.0507434 0.0586544 0.0645756 0.068145 0.0694416 0.0687969 0.0666182 0.0632948 0.0591544 0.0544399 0.0493091 0.043857 0.0381537 0.0322821 0.0263726 0.0206223 0.0152866 0.0106342 0.00687437
#obs surv len freq
 nan nan nan nan nan nan nan nan nan nan nan nan nan nan nan nan nan nan nan nan nan nan nan nan nan
 0.00448499 0.00734651 0.0111767 0.0159932 0.0216941 0.0279696 0.0342837 0.0400148 0.0446941 0.0481575 0.050515 0.0520105 0.0529024 0.0534144 0.0537285 0.0539832 0.0542616 0.0545542 0.0546929 0.0542848 0.0527229 0.0493551 0.043805 0.0362852 0.0276691
 0.00461677 0.00756293 0.0115061 0.0164622 0.022321 0.0287545 0.0351978 0.0409987 0.0456658 0.0490288 0.0512084 0.0524705 0.0531012 0.0533517 0.0534265 0.0534796 0.0536001 0.0537779 0.0538409 0.0533944 0.051833 0.0485092 0.0430482 0.0356557 0.027188
 0.00477909 0.00782846 0.0119089 0.0170352 0.0230898 0.0297272 0.0363541 0.0422839 0.0469956 0.0503025 0.0523234 0.0533357 0.0536467 0.0535366 0.0532425 0.0529486 0.0527678 0.0527039 0.0525921 0.0520411 0.0504509 0.0471789 0.0418498 0.0346552 0.0264219
 0.00497269 0.00814483 0.012388 0.0177156 0.0240009 0.0308784 0.0377223 0.043809 0.0485879 0.0518574 0.0537358 0.0545081 0.054494 0.0539911 0.0532602 0.0525154 0.0519021 0.0514552 0.0510363 0.0502764 0.0485934 0.0453567 0.0401892 0.0332596 0.0253493
 0.00518376 0.00849093 0.0129145 0.0184667 0.0250116 0.0321607 0.0392519 0.0455199 0.0503815 0.0536206 0.0553578 0.0558896 0.0555492 0.0546476 0.0534602 0.0522197 0.051097 0.0501607 0.0493125 0.0482268 0.0463617 0.0431151 0.0381143 0.0314984 0.0239874
 0.00541182 0.00886414 0.0134809 0.0192729 0.0260944 0.0335337 0.0408908 0.0473569 0.052314 0.0555297 0.0571266 0.0574137 0.0567406 0.0554335 0.053781 0.0520285 0.0503631 0.0488793 0.0475194 0.0460122 0.0438766 0.0405603 0.0357085 0.0294314 0.0223761
 0.00564664 0.00924861 0.0140647 0.0201043 0.0272116 0.0349503 0.0425813 0.0492512 0.0543068 0.0575006 0.0589583 0.0590025 0.0579994 0.0562903 0.0541765 0.0519137 0.0496998 0.0476483 0.0457363 0.0437489 0.0412765 0.0378334 0.0330989 0.0271613 0.0205899
 0.00588119 0.00963317 0.0146496 0.0209388 0.0283345 0.0363757 0.0442833 0.0511582 0.0563118 0.0594812 0.0607964 0.0605957 0.0592635 0.057158 0.0545934 0.0518339 0.049085 0.0464728 0.0440031 0.0415134 0.0386679 0.0350574 0.0304074 0.024794 0.0187105
 0.00612231 0.0100291 0.0152528 0.0218005 0.0294949 0.0378479 0.0460371 0.053115 0.0583558 0.0614821 0.0626312 0.062161 0.0604792 0.0579649 0.0549481 0.0517024 0.0484382 0.0452894 0.0422831 0.0393018 0.0360803 0.0322876 0.0277026 0.0223975 0.016795
 0.0063689 0.0104304 0.0158578 0.0226552 0.0306343 0.0392825 0.0477386 0.0550105 0.0603362 0.0634224 0.0644097 0.0636732 0.0616427 0.0587207 0.0552565 0.051537 0.0477799 0.0441256 0.0406175 0.0371758 0.0335978 0.0296263 0.0250944 0.0200758 0.0149302
 0.00658931 0.0107975 0.016426 0.02348 0.0317596 0.0407219 0.0494573 0.0569208 0.0623131 0.0653301 0.0661256 0.0650995 0.0627082 0.0593769 0.0554732 0.0512967 0.0470731 0.0429495 0.0389833 0.0351265 0.0312296 0.0271013 0.0226244 0.0178763 0.0131604
 0.00682543 0.0111818 0.0170054 0.0242991 0.032853 0.042101 0.0510961 0.058748 0.0642188 0.0671837 0.0677976 0.0664784 0.0637115 0.0599542 0.0556021 0.0509737 0.0463048 0.0417481 0.0373715 0.0331519 0.0289845 0.0247329 0.020323 0.0158341 0.0115195
 0.0070708 0.0115836 0.0176152 0.0251651 0.034009 0.0435502 0.0527947 0.0606028 0.0661027 0.0689621 0.0693515 0.067715 0.0645657 0.060386 0.0555943 0.0505284 0.0454377 0.0404844 0.0357468 0.0312221 0.0268405 0.0225096 0.0181884 0.0139554 0.0100178
 0.00729738 0.0119563 0.0181839 0.0259781 0.035103 0.0449329 0.054429 0.0624005 0.067937 0.0706927 0.0708494 0.0688801 0.0653325 0.0607229 0.0554968 0.0500112 0.0445271 0.0392147 0.0341622 0.0293842 0.024839 0.0204678 0.0162533 0.0122689 0.00867936
 0.00745002 0.0122115 0.0185813 0.0265597 0.0359049 0.0459729 0.0556919 0.0638326 0.069451 0.0721822 0.0722053 0.070003 0.0661424 0.0611656 0.0555465 0.0496678 0.0438106 0.0381594 0.0328151 0.0278087 0.0231219 0.0187214 0.0146055 0.0108394 0.00754946
 0.00751976 0.0123242 0.0187504 0.0268002 0.036234 0.0464092 0.0562529 0.0645281 0.0702762 0.0731118 0.0731898 0.0709717 0.0670121 0.0618524 0.0559781 0.0497935 0.0436059 0.037627 0.0319834 0.0267315 0.0218785 0.0174139 0.0133478 0.00973603 0.00667172
 0.0076 0.012448 0.0189245 0.0270267 0.0365108 0.0467317 0.0566148 0.0649241 0.0707043 0.073574 0.0736894 0.0715042 0.0675563 0.0623656 0.0564003 0.0500582 0.043655 0.0374234 0.0315196 0.0260337 0.0210059 0.0164527 0.0123974 0.00888853 0.00599105
 0.00769163 0.0125876 0.0191169 0.0272696 0.0367953 0.0470433 0.0569353 0.0652337 0.0709868 0.0738223 0.0739088 0.0717101 0.0677653 0.0625844 0.0566164 0.050237 0.0437462 0.0373748 0.0312939 0.0256221 0.0204353 0.0157829 0.0117077 0.00825732 0.00547564
 0.00772832 0.0126491 0.0192126 0.0274082 0.0369817 0.0472742 0.0571963 0.0655005 0.0712321 0.074025 0.0740609 0.0718182 0.0678461 0.0626571 0.0566932 0.0503155 0.0438055 0.0373788 0.0312029 0.0254089 0.0200989 0.0153535 0.0112394 0.00781153 0.00510165
 0.00776272 0.0126951 0.019264 0.0274546 0.037013 0.0472874 0.0571993 0.0655099 0.0712653 0.0740917 0.0741587 0.0719361 0.0679715 0.0627821 0.0568154 0.0504335 0.0439123 0.0374571 0.0312269 0.0253532 0.0199512 0.0151236 0.0109595 0.00752575 0.00485019
 0.00781927 0.0127832 0.0193885 0.0276156 0.0372033 0.0474911 0.057392 0.0656644 0.0713603 0.0741216 0.0741353 0.0718821 0.0679098 0.0627274 0.0567733 0.0504034 0.0438893 0.0374322 0.0311858 0.0252791 0.0198313 0.0149574 0.010762 0.00732304 0.0046694
 0.00785177 0.0128336 0.0194598 0.0277088 0.0373174 0.0476224 0.0575333 0.0658036 0.0714819 0.074209 0.0741767 0.0718751 0.0678631 0.0626578 0.0566989 0.0503374 0.0438366 0.0373892 0.031143 0.0252237 0.0197525 0.0148514 0.0106351 0.00719012 0.00454811
 0.00788267 0.0128778 0.0195154 0.0277702 0.0373777 0.0476758 0.0575775 0.0658402 0.071514 0.074239 0.0742039 0.0718956 0.0678717 0.0626513 0.0566788 0.0503092 0.0438071 0.0373623 0.0311172 0.025193 0.0197092 0.0147911 0.0105599 0.00710832 0.00447097
 0.00788467 0.0128817 0.0195221 0.0277806 0.0373912 0.0476901 0.057588 0.065842 0.0715048 0.0742214 0.0741853 0.0718849 0.0678748 0.0626683 0.0567049 0.050338 0.0438335 0.0373838 0.031132 0.0251987 0.0197026 0.0147698 0.010525 0.00706494 0.0044267
 0.00789736 0.0128966 0.0195343 0.0277823 0.0373749 0.0476519 0.0575308 0.0657747 0.0714389 0.0741664 0.0741472 0.0718661 0.0678761 0.0626895 0.0567442 0.0503907 0.043893 0.0374427 0.0311839 0.0252387 0.0197278 0.0147789 0.0105192 0.00704853 0.00440537
 0.00790494 0.0129079 0.0195489 0.0277985 0.0373888 0.0476574 0.0575208 0.0657429 0.0713835 0.074093 0.0740675 0.0717949 0.067826 0.0626674 0.0567508 0.0504219 0.0439418 0.0375007 0.0312426 0.0252909 0.0197678 0.0148043 0.0105303 0.0070482 0.00439811
 0.00788698 0.0128791 0.0195065 0.0277406 0.0373149 0.04757 0.057425 0.0656465 0.0712947 0.0740183 0.0740114 0.0717606 0.0678166 0.0626858 0.056798 0.0504958 0.0440361 0.0376064 0.0313494 0.025389 0.01985 0.0148663 0.0105717 0.00707175 0.00440858
 0.00787899 0.0128611 0.0194705 0.0276765 0.0372141 0.0474294 0.0572517 0.0654575 0.0711132 0.073867 0.0739069 0.0717107 0.0678207 0.0627381 0.0568897 0.0506176 0.0441784 0.0377588 0.0315014 0.0255301 0.0199715 0.0149627 0.0106414 0.00711716 0.00443482
 0.00788154 0.0128635 0.0194706 0.0276702 0.0371952 0.0473904 0.0571852 0.0653589 0.0709843 0.0737182 0.0737567 0.0715809 0.0677306 0.062699 0.0569035 0.050678 0.0442745 0.0378781 0.0316308 0.0256577 0.0200869 0.0150585 0.010714 0.00716706 0.00446564
 0.00783879 0.0127945 0.0193678 0.0275278 0.0370112 0.0471691 0.0569394 0.0651091 0.070754 0.0735285 0.0736222 0.0715096 0.0677258 0.0627601 0.0570262 0.0508531 0.0444879 0.0381124 0.0318681 0.0258814 0.0202838 0.0152198 0.0108366 0.00725267 0.00452023
 0.00782378 0.0127667 0.0193196 0.0274503 0.0368958 0.0470116 0.0567428 0.0648858 0.0705235 0.0733137 0.0734446 0.071386 0.0676662 0.0627675 0.0570978 0.0509814 0.0446619 0.0383177 0.0320876 0.0260976 0.0204808 0.015386 0.0109658 0.007345 0.00458043
 0.00780243 0.0127309 0.0192638 0.0273682 0.0367819 0.0468626 0.05656 0.0646764 0.0703011 0.0730963 0.0732527 0.0712394 0.0675803 0.0627513 0.0571524 0.0511008 0.0448342 0.0385273 0.0323167 0.0263275 0.0206941 0.015569 0.0111106 0.00745004 0.00464998
 0.00776986 0.0126785 0.019186 0.0272604 0.0366412 0.0466898 0.0563608 0.0644618 0.0700857 0.0728962 0.0730827 0.0711125 0.067507 0.0627391 0.0572047 0.0512156 0.0450037 0.0387381 0.0325516 0.0265672 0.0209199 0.0157656 0.0112683 0.00756604 0.00472779
 0.00772751 0.0126095 0.0190822 0.0271146 0.0364496 0.0464544 0.0560928 0.064181 0.0698173 0.0726648 0.0729074 0.0710046 0.0674707 0.0627733 0.0573049 0.0513748 0.0452123 0.0389836 0.0328181 0.0268363 0.021173 0.0159865 0.0114463 0.00769781 0.00481683
 0.00768011 0.0125325 0.0189664 0.0269518 0.0362348 0.0461887 0.0557864 0.0638545 0.0694988 0.0723843 0.0726913 0.0708714 0.0674291 0.0628225 0.0574362 0.0515747 0.0454649 0.0392716 0.0331233 0.0271397 0.021456 0.0162329 0.0116452 0.00784558 0.00491718
 0.00767817 0.0125243 0.0189445 0.0269059 0.0361536 0.0460638 0.0556156 0.0636436 0.069261 0.0721384 0.0724592 0.0706752 0.0672886 0.0627522 0.057443 0.0516571 0.0456137 0.0394722 0.0333574 0.0273874 0.0216971 0.0164497 0.0118248 0.00798188 0.00501146
 0.00766498 0.0125061 0.0189228 0.0268831 0.0361308 0.0460382 0.0555792 0.0635848 0.0691695 0.0720105 0.072301 0.0705022 0.0671224 0.0626154 0.0573548 0.0516302 0.0456523 0.0395715 0.0335049 0.0275653 0.021885 0.0166281 0.0119784 0.00810199 0.00509648
 0.00763094 0.0124573 0.0188615 0.026816 0.0360673 0.0459875 0.0555475 0.0635727 0.069171 0.0720138 0.0722916 0.0704685 0.067061 0.062534 0.0572702 0.0515631 0.0456211 0.039587 0.0335683 0.0276679 0.0220115 0.0167602 0.0120998 0.00820124 0.00516913
 0.00761697 0.0124306 0.0188148 0.0267411 0.0359594 0.0458496 0.0553937 0.0634263 0.0690572 0.0719497 0.0722797 0.0704972 0.0671102 0.0625842 0.0573101 0.0515925 0.0456492 0.039627 0.0336304 0.0277548 0.0221176 0.0168736 0.0122068 0.008291 0.00523623
 0.00759558 0.0123976 0.0187678 0.0266786 0.0358797 0.0457509 0.055275 0.0632903 0.068913 0.0718138 0.0721731 0.0704375 0.0671053 0.0626284 0.0573877 0.0516856 0.0457449 0.0397209 0.0337249 0.0278539 0.0222219 0.0169785 0.0123042 0.00837299 0.0052982
 0.00758545 0.0123826 0.0187479 0.0266547 0.0358529 0.0457221 0.0552436 0.0632543 0.0688691 0.0717593 0.0721082 0.0703682 0.0670425 0.0625849 0.0573721 0.051699 0.0457817 0.039773 0.0337857 0.0279203 0.0222923 0.0170503 0.0123726 0.00843258 0.00534485
 0.00757789 0.0123685 0.0187237 0.0266163 0.0357975 0.04565 0.0551601 0.0631686 0.0687914 0.0716972 0.0720643 0.0703403 0.0670276 0.0625814 0.0573817 0.051725 0.0458257 0.0398334 0.0338579 0.0279985 0.0223711 0.0171254 0.01244 0.00848878 0.00538783
 0.00754104 0.0123148 0.0186543 0.0265358 0.0357123 0.0455655 0.055079 0.063092 0.0687207 0.071636 0.0720184 0.0703154 0.0670263 0.0626027 0.0574222 0.0517806 0.0458935 0.0399111 0.0339429 0.028087 0.0224581 0.0172059 0.0125098 0.00854503 0.00542959
 0.00754124 0.0123093 0.0186355 0.0264943 0.0356402 0.0454619 0.0549532 0.0629616 0.0686056 0.0715503 0.071967 0.0702957 0.0670324 0.0626295 0.057466 0.0518387 0.0459632 0.0399895 0.0340267 0.0281726 0.0225414 0.0172825 0.0125757 0.0085977 0.00546828
 0.00751542 0.0122724 0.018589 0.0264417 0.0355846 0.0454033 0.0548873 0.0628828 0.0685122 0.071449 0.071872 0.0702237 0.0669957 0.0626319 0.0575036 0.0519034 0.0460463 0.0400835 0.0341255 0.0282708 0.0226344 0.0173657 0.0126457 0.00865242 0.00550771
 0.00750767 0.0122572 0.0185617 0.0263971 0.0355197 0.0453196 0.0547925 0.0627886 0.0684293 0.0713827 0.0718217 0.0701865 0.0669714 0.0626241 0.0575175 0.0519419 0.0461079 0.0401627 0.034215 0.0283634 0.0227233 0.0174457 0.0127129 0.00870477 0.00554523
 0.00751287 0.0122663 0.0185764 0.0264184 0.0355469 0.0453486 0.0548158 0.0627973 0.0684168 0.0713477 0.0717687 0.0701235 0.0669061 0.0625629 0.0574658 0.0519048 0.0460897 0.0401654 0.034237 0.0284001 0.0227683 0.0174925 0.0127559 0.00874036 0.00557183
 0.0075048 0.0122556 0.0185648 0.0264092 0.035544 0.0453555 0.0548337 0.0628239 0.0684463 0.071372 0.0717799 0.0701166 0.0668808 0.0625239 0.0574206 0.0518615 0.0460554 0.0401451 0.0342331 0.0284117 0.0227918 0.0175224 0.0127867 0.00876759 0.00559304
 0.0075047 0.0122545 0.0185614 0.0264022 0.0355329 0.0453415 0.0548204 0.0628166 0.0684496 0.0713872 0.0718038 0.0701419 0.0668992 0.0625291 0.0574107 0.0518396 0.0460281 0.0401198 0.0342161 0.0284061 0.0227977 0.0175368 0.0128053 0.00878621 0.00560865
 0.0075047 0.0122545 0.0185614 0.0264022 0.0355329 0.0453415 0.0548204 0.0628166 0.0684496 0.0713872 0.0718038 0.0701419 0.0668992 0.0625291 0.0574107 0.0518396 0.0460281 0.0401198 0.0342161 0.0284061 0.0227977 0.0175368 0.0128053 0.00878621 0.00560865
 0.00733887 0.0119951 0.018191 0.025914 0.0349345 0.0446598 0.0541053 0.0621387 0.0678884 0.0710119 0.0716565 0.0702291 0.0671942 0.0629815 0.0579595 0.0524265 0.0466061 0.0406572 0.0346946 0.0288175 0.0231391 0.017809 0.0130118 0.00893342 0.00570625
 0.00735152 0.0119909 0.0181392 0.0257717 0.0346589 0.0442274 0.0535279 0.0614673 0.0672011 0.0703947 0.0711842 0.0699535 0.0671387 0.0631395 0.0582981 0.0528938 0.0471428 0.0412081 0.0352163 0.0292812 0.0235294 0.0181207 0.013247 0.00910016 0.00581612
 0.00725474 0.011847 0.0179463 0.0255326 0.0343753 0.0438925 0.0531259 0.0609825 0.0666356 0.0697823 0.0705924 0.0694684 0.0668397 0.0630768 0.0584815 0.0532938 0.0477019 0.041855 0.035881 0.0299056 0.0240734 0.018563 0.013583 0.0093378 0.00597175
 0.00719532 0.0117409 0.0177702 0.0252621 0.0339939 0.0434035 0.0525594 0.0603897 0.0660703 0.0692826 0.0701749 0.0691407 0.066617 0.0629887 0.0585622 0.0535635 0.0481518 0.0424445 0.0365471 0.0305787 0.0246925 0.019086 0.0139902 0.00962991 0.00616435
 0.00722849 0.011794 0.0178472 0.0253622 0.0341075 0.043508 0.0526196 0.0603657 0.0659325 0.0690252 0.0698191 0.0687262 0.0661895 0.0625928 0.0582409 0.0533574 0.0480919 0.0425411 0.036782 0.0309082 0.02506 0.0194377 0.0142879 0.00985586 0.00631895
 0.00720958 0.0117729 0.017833 0.0253695 0.0341515 0.0435979 0.0527509 0.0605172 0.066068 0.0691021 0.0698009 0.0685948 0.0659524 0.062282 0.0579047 0.0530495 0.0478614 0.0424231 0.0367902 0.0310303 0.0252611 0.0196719 0.0145119 0.0100405 0.00645271
#pred catch len freq
 0.00430103 0.00679388 0.0098883 0.0135031 0.0175933 0.0221338 0.0270505 0.0321775 0.0372838 0.0421278 0.0464961 0.0502252 0.0532184 0.0554546 0.0569816 0.0579028 0.0583624 0.058512 0.0584267 0.0579703 0.0566889 0.0538733 0.0488759 0.0415635 0.0325951
 0.00450927 0.00706118 0.0101619 0.0136979 0.0176245 0.0219644 0.0267215 0.0317974 0.0369769 0.0419745 0.0465031 0.0503414 0.0533812 0.0556342 0.057198 0.0582064 0.0587909 0.059045 0.0589644 0.0583551 0.0567677 0.0535713 0.0482392 0.0407412 0.0317715
 0.00467619 0.00733448 0.0105715 0.0142586 0.0183172 0.022717 0.0274076 0.0322699 0.0371311 0.0418048 0.0461099 0.0498774 0.0529758 0.0553489 0.0570343 0.0581453 0.0588194 0.0591492 0.0591003 0.0584326 0.0566729 0.0532225 0.0476386 0.0399836 0.0310011
 0.00487064 0.00763718 0.0110044 0.0148389 0.0190603 0.0236347 0.0284942 0.0334768 0.0383463 0.0428602 0.0468288 0.0501462 0.0527954 0.0548291 0.0563356 0.0574098 0.0581328 0.0585371 0.0585409 0.0578689 0.0560323 0.0524512 0.0467391 0.0390277 0.0301016
 0.0051125 0.00801193 0.0115348 0.0155364 0.0199271 0.0246669 0.0296815 0.034798 0.0397606 0.0442945 0.0481673 0.0512345 0.0534737 0.0549877 0.0559626 0.056597 0.0570325 0.0572989 0.0572629 0.0565859 0.0547367 0.0511323 0.0454197 0.0377755 0.0290084
 0.00540944 0.00847392 0.0121923 0.0164062 0.0210131 0.0259609 0.0311597 0.0364171 0.041457 0.0459888 0.0497669 0.0526331 0.0545502 0.0556156 0.0560372 0.0560723 0.0559469 0.0557664 0.0554337 0.0546004 0.0527026 0.049133 0.0435371 0.0361004 0.0276257
 0.00573891 0.00898491 0.0129168 0.0173612 0.0222033 0.0273811 0.0327919 0.0382227 0.0433717 0.0479227 0.0516119 0.0542725 0.0558672 0.0564991 0.0563868 0.0558105 0.0550393 0.0542433 0.0533956 0.0522019 0.0501241 0.0465567 0.0411324 0.0340115 0.0259519
 0.00604892 0.00946809 0.0136063 0.0182774 0.023355 0.0287665 0.0343953 0.0400089 0.0452822 0.0498777 0.0535143 0.0560133 0.0573319 0.0575744 0.0569675 0.0558062 0.0543857 0.0529202 0.0514466 0.0497459 0.0473492 0.0436953 0.0384232 0.0316574 0.0240827
 0.00636696 0.00996465 0.0143167 0.019224 0.0245483 0.0302053 0.0360623 0.0418636 0.0472587 0.0518882 0.0554567 0.05778 0.0588168 0.0586776 0.0575967 0.0558777 0.0538296 0.0516937 0.0495573 0.0472761 0.044469 0.04065 0.0354909 0.0290882 0.0220411
 0.00663861 0.0103955 0.0149461 0.0200846 0.0256642 0.0315877 0.0377012 0.0437198 0.0492617 0.0539412 0.057447 0.0595899 0.0603347 0.0598052 0.0582511 0.0559888 0.0533378 0.0505558 0.0477657 0.0448874 0.0416286 0.0375925 0.0325036 0.0264438 0.0199276
 0.00696057 0.0108935 0.0156498 0.0210089 0.0268134 0.0329593 0.0392842 0.0454868 0.0511608 0.0558929 0.0593487 0.0613262 0.0617911 0.0608802 0.0588624 0.0560725 0.0528442 0.04945 0.0460399 0.0425866 0.0388784 0.0346083 0.0295626 0.0238203 0.0178186
 0.00744921 0.0116346 0.016667 0.0222923 0.0283282 0.0346603 0.0411226 0.0474081 0.0530999 0.0577733 0.0610851 0.0628296 0.0629751 0.0616672 0.0591885 0.0558888 0.0521156 0.0481553 0.0441806 0.0402082 0.0360966 0.0316216 0.026631 0.0212064 0.0157152
 0.00783175 0.0122381 0.0175405 0.0234678 0.0298143 0.0364328 0.0431156 0.0495141 0.0551861 0.0597087 0.0627627 0.0641748 0.0639397 0.0622194 0.0593037 0.0555449 0.0512918 0.0468367 0.0423697 0.0379455 0.0334845 0.0288363 0.023905 0.018777 0.0137584
 0.00827479 0.0129239 0.0185102 0.0247416 0.0313946 0.0383067 0.0452478 0.0518322 0.0575698 0.0619944 0.0647672 0.0657312 0.0649329 0.0626026 0.059091 0.0547844 0.0500386 0.0451371 0.0402651 0.0354931 0.0307841 0.026046 0.0212294 0.0164233 0.011878
 0.00870596 0.0135884 0.0194436 0.0259558 0.0328812 0.0400425 0.0471932 0.0539256 0.0597234 0.0640944 0.0666791 0.0673105 0.0660426 0.0631385 0.0590022 0.0540803 0.0487761 0.0433976 0.0381374 0.0330724 0.028186 0.0234206 0.018755 0.0142733 0.0101746
 0.0089138 0.0139291 0.019962 0.0266965 0.0338813 0.0413192 0.0487303 0.0556665 0.0615762 0.0659464 0.0684108 0.0688054 0.067193 0.0638511 0.0592073 0.0537423 0.0479007 0.0420319 0.0363623 0.030995 0.0259364 0.0211506 0.0166276 0.0124366 0.00872749
 0.0090176 0.0140903 0.0201928 0.0270095 0.0342958 0.0418656 0.0494483 0.0565913 0.0627177 0.0672695 0.0698308 0.070201 0.068431 0.0648103 0.0597927 0.0538908 0.0475832 0.0412561 0.0351747 0.0294805 0.0242148 0.0193669 0.0149342 0.0109669 0.00756788
 0.00901294 0.0140864 0.0201941 0.0270238 0.0343339 0.0419426 0.0495845 0.0568154 0.0630663 0.0677806 0.070528 0.0710736 0.0694209 0.0658149 0.0606846 0.0545454 0.0479031 0.0411864 0.0347097 0.0286653 0.0231405 0.0181587 0.0137306 0.00989214 0.00670563
 0.00890525 0.0139309 0.0199967 0.0268031 0.0341175 0.0417596 0.0494604 0.0567705 0.0631181 0.0679472 0.0708283 0.0715232 0.0700216 0.0665413 0.061475 0.0553046 0.0485198 0.0415595 0.0347744 0.0284092 0.022608 0.0174411 0.0129445 0.00915019 0.00608993
 0.00892465 0.0139435 0.0199814 0.0267308 0.0339613 0.04151 0.0491366 0.0564206 0.0628056 0.0677323 0.0707545 0.0716136 0.0702813 0.0669596 0.0620224 0.0559277 0.0491409 0.0420858 0.0351193 0.0285171 0.0224724 0.0171075 0.0124959 0.00868016 0.00567531
