SBPRF35
7.78865
Curr Bio
475921
B35
692683
F35
0.211033
FOFL
0.132503
OFL
47679.8
Bzero
2.22533e+06
#pred survey bio
 4.57117e+06 4.32494e+06 4.08649e+06 3.80841e+06 3.46392e+06 3.11052e+06 2.78806e+06 2.49149e+06 2.22344e+06 1.97024e+06 1.73248e+06 1.55652e+06 1.38297e+06 1.22051e+06 1.10458e+06 968827 859024 795978 742132 702503 672328 649763 628619 622551 616116 621039 619911 624641 622764 623689 614192 612603 608493 596390 583433 570288 559188 552268 552892 557884 561979 565613 569513 586425 599443 614526 608911 598863 586949 597564 591144 546731 507397 485947 494490 494471 480053 1.58062e+07 9.3958e+06 9.67367e+06 1.05583e+07 1.17561e+07 1.29905e+07 1.40993e+07 1.5016e+07 1.57341e+07 1.62765e+07 1.66764e+07 1.69668e+07 1.71757e+07 1.73254e+07 1.74325e+07 1.75094e+07 1.75648e+07 1.76049e+07 1.76341e+07 1.76556e+07 1.76714e+07 1.76832e+07 1.7692e+07 1.76986e+07 1.77036e+07 1.77074e+07 1.77102e+07 1.77124e+07 1.77141e+07 1.77154e+07 1.77164e+07 1.77171e+07 1.77177e+07 1.77181e+07 1.77185e+07 1.77188e+07 1.7719e+07 1.77191e+07 1.77192e+07 1.77193e+07 1.77194e+07 1.77195e+07 1.77195e+07 1.77196e+07 1.77196e+07 1.77196e+07 1.77196e+07 1.77196e+07 1.77196e+07 1.77196e+07 1.77196e+07 1.77197e+07 1.77197e+07 1.77197e+07 1.77197e+07 1.77197e+07 1.77197e+07 1.77197e+07 1.77197e+07 1.77197e+07 1.77197e+07 1.77197e+07 1.77197e+07 1.77197e+07 1.77197e+07 1.77197e+07 1.77197e+07 1.77197e+07 1.77197e+07 1.77197e+07 1.77197e+07 1.77197e+07 1.77197e+07 1.77197e+07 1.77197e+07 1.77197e+07 1.77197e+07 1.77197e+07 1.77197e+07 1.77197e+07 1.77197e+07 1.77197e+07 1.77197e+07 1.77197e+07 1.77197e+07 1.77197e+07 1.77197e+07 1.77197e+07 1.77197e+07 1.77197e+07 1.77197e+07 1.77197e+07 1.77197e+07 1.77197e+07 1.77197e+07 1.77197e+07 1.77197e+07 1.77197e+07 1.77197e+07 1.77197e+07 0 0 0 0 0 0 0 0 0 0 0 0 0 0 0 0 0 0 0 0 0 0 0 0 0
#obs survey bio
 4.47621e+06 3.17086e+06 3.31482e+06 4.01579e+06 3.68696e+06 2.36279e+06 1.68454e+06 1.99274e+06 1.67357e+06 1.66728e+06 1.262e+06 1.02678e+06 1.41213e+06 959510 1.02284e+06 640398 779880 624366 759145 644433 456170 660986 483568 499229 461986 387314 453292 686226 654480 692316 795063 457351 577765 508321 360449 563750 510711 614788 570808 499461 544248 509852 632581 523112 487938 804430 671194 652494 591260 648750 720118 623262 380634 490258 641417 494810 421145
#pred catch bio
 100105 94785 141921 223250 260001 264222 273443 278442 291606 298543 259195 267729 264188 227240 244523 219232 176464 165879 150456 139381 130631 127310 113248 112908 103156 108066 102278 105666 100056 104836 94641.8 94331.3 98164.5 95261.6 92253 90096.8 89912.4 87886.3 87089.7 89212.5 89927.8 89481.6 78902.8 83274.1 82634.7 99608.4 101029 99981.6 79850.9 93806.2 123821 117225 101070 75367 80952.6 89222.3 95414.4 47679.8 72283.3 73050.1 78493.7 87094 96204.4 104325 110903 115908 119553 122124 123893 125088 125883 126407 126748 126968 127111 127202 127260 127297 127320 127335 127344 127350 127354 127356 127358 127359 127359 127359 127360 127360 127360 127360 127360 127360 127360 127360 127360 127360 127360 127360 127360 127360 127360 127360 127360 127360 127360 127360 127360 127360 127360 127360 127360 127360 127360 127360 127360 127360 127360 127360 127360 127360 127360 127360 127360 127360 127360 127360 127360 127360 127360 127360 127360 127360 127360 127360 127360 127360 127360 127360 127360 127360 127360 127360 127360 127360 127360 127360 127360 127360 127360 127360 127360 127360 127360 127360 127360 0 0 0 0 0 0 0 0 0 0 0 0 0 0 0 0 0 0 0 0 0 0 0 0 0
#obs catch bio
 0 94608.6 142449 225393 262466 267745 278547 284678 300991 309199 267449 277600 273997 234378 253879 226240 181302 170630 154464 142826 133806 130826 115726 115744 105301 110589 104678 107907 101624 106359 95115.1 95285.3 99417.9 96157.9 93124.3 90913 90868.9 88473.6 87417.3 89593.6 90531.2 90041.9 79085.6 83463.2 82902.5 100150 101340 100075 79405.9 93656.6 123806 117220 101334 75386.4 80852.9 89128.6 95513.9
#pred cpue bio
 4.50408e+06 4.26248e+06 4.02749e+06 3.75096e+06 3.40815e+06 3.05627e+06 2.7348e+06 2.43906e+06 2.17185e+06 1.92003e+06 1.68428e+06 1.50982e+06 1.33823e+06 1.17795e+06 1.0636e+06 930464 823033 761493 709207 670924 641796 619913 599475 593661 587467 592326 591339 596286 595163 596882 588428 587350 583611 572268 560239 547796 536340 528116 527775 532561 536726 540456 544442 561003 573607 588238 583041 573703 562463 572912 566697 523281 484508 463369 472102 472966 459766 1.51523e+07 9.01286e+06 9.15908e+06 9.89389e+06 1.10396e+07 1.2262e+07 1.33685e+07 1.42848e+07 1.50028e+07 1.55452e+07 1.59451e+07 1.62355e+07 1.64444e+07 1.65941e+07 1.67012e+07 1.67781e+07 1.68335e+07 1.68736e+07 1.69028e+07 1.69242e+07 1.69401e+07 1.69519e+07 1.69607e+07 1.69673e+07 1.69723e+07 1.69761e+07 1.69789e+07 1.69811e+07 1.69828e+07 1.69841e+07 1.69851e+07 1.69858e+07 1.69864e+07 1.69868e+07 1.69872e+07 1.69875e+07 1.69877e+07 1.69878e+07 1.69879e+07 1.6988e+07 1.69881e+07 1.69882e+07 1.69882e+07 1.69882e+07 1.69883e+07 1.69883e+07 1.69883e+07 1.69883e+07 1.69883e+07 1.69883e+07 1.69883e+07 1.69883e+07 1.69884e+07 1.69884e+07 1.69884e+07 1.69884e+07 1.69884e+07 1.69884e+07 1.69884e+07 1.69884e+07 1.69884e+07 1.69884e+07 1.69884e+07 1.69884e+07 1.69884e+07 1.69884e+07 1.69884e+07 1.69884e+07 1.69884e+07 1.69884e+07 1.69884e+07 1.69884e+07 1.69884e+07 1.69884e+07 1.69884e+07 1.69884e+07 1.69884e+07 1.69884e+07 1.69884e+07 1.69884e+07 1.69884e+07 1.69884e+07 1.69884e+07 1.69884e+07 1.69884e+07 1.69884e+07 1.69884e+07 1.69884e+07 1.69884e+07 1.69884e+07 1.69884e+07 1.69884e+07 1.69884e+07 1.69884e+07 1.69884e+07 1.69884e+07 1.69884e+07 1.69884e+07 1.69884e+07 1.69884e+07 0 0 0 0 0 0 0 0 0 0 0 0 0 0 0 0 0 0 0 0 0 0 0 0 0
#obs cpue bio
 3.7868e+06 2.01133e+06 2.50648e+06 3.01374e+06 3.32565e+06 1.82607e+06 2.37583e+06 1.88652e+06 1.14694e+06 1.75617e+06 1.45905e+06 1.56663e+06 1.03333e+06 993084 814414 1.17919e+06 544146 648090 472404 531232 623973 359161 597899 460962 571833 685070 459117 541493 545670 576857 666975 462346 472151 710716 764283 490738 468660 558934 583739 550243 418458 603141 502294 717725 506946 481401 562098 682794 700801 439660 525964 419222 559706 387902 503906 486905 493016
#pred surv len freq
 0.00498253 0.00809395 0.0121901 0.0172552 0.0231705 0.0296341 0.0361303 0.0420531 0.0469321 0.0505889 0.0531182 0.0547579 0.0557638 0.0563378 0.0565951 0.0565519 0.0561387 0.0552288 0.0536602 0.0512374 0.047735 0.0429547 0.0368638 0.0297522 0.0222736
 0.00526259 0.00843929 0.0125119 0.0174166 0.0230409 0.0291646 0.035403 0.0412595 0.0462835 0.0502099 0.052991 0.0547459 0.0556954 0.0560989 0.0561859 0.0560887 0.055804 0.0551913 0.0539976 0.0518978 0.0485584 0.0437443 0.0374683 0.0301146 0.022426
 0.00552731 0.00887639 0.0131737 0.0183333 0.0241883 0.0304309 0.0365829 0.0421063 0.0466102 0.0499826 0.0523427 0.0538939 0.0548191 0.0552666 0.0553728 0.0552567 0.0549743 0.0544567 0.0534735 0.0516493 0.0485573 0.043884 0.0376226 0.0301985 0.02242
 0.00574038 0.00922569 0.0137063 0.0190986 0.0252304 0.0317713 0.0381929 0.0438777 0.0483469 0.0514302 0.0532609 0.0541436 0.0544125 0.0543452 0.0541275 0.0538504 0.0535167 0.0530296 0.0521591 0.0505273 0.0476738 0.0432295 0.0371435 0.0298327 0.0221274
 0.00607719 0.00975059 0.0144551 0.0200924 0.0264768 0.0332648 0.0399103 0.0457694 0.0503266 0.0533665 0.0549755 0.0554283 0.0550743 0.054268 0.0533158 0.0524255 0.0516689 0.0509606 0.0500472 0.0485173 0.045874 0.041706 0.0359181 0.0288921 0.0214388
 0.00646509 0.0103654 0.0153504 0.0213056 0.0280214 0.0351194 0.0420089 0.0480028 0.0525615 0.0554714 0.0568339 0.0569314 0.0561055 0.0547021 0.0530463 0.0514095 0.0499597 0.0487068 0.0474601 0.0458253 0.0432857 0.039386 0.0339741 0.0273707 0.020331
 0.00683558 0.0109562 0.0162181 0.0224958 0.0295607 0.0370037 0.0441885 0.0503762 0.0549861 0.057788 0.0588942 0.0586131 0.0573131 0.0553559 0.0530727 0.0507455 0.0485781 0.04665 0.0448597 0.0428927 0.0402759 0.036549 0.0315098 0.0253992 0.0188824
 0.00719206 0.0115252 0.0170552 0.0236463 0.0310532 0.0388384 0.0463238 0.0527226 0.0574142 0.060149 0.0610405 0.060413 0.0586578 0.0561603 0.0532713 0.0502874 0.0474307 0.0448168 0.0424086 0.039978 0.0371328 0.0334561 0.0287292 0.0231181 0.0171797
 0.00744371 0.0119438 0.0177027 0.0245866 0.0323389 0.0404911 0.0483138 0.0549619 0.0597701 0.0624702 0.0631812 0.0622461 0.0600781 0.0570834 0.0536305 0.0500311 0.046523 0.0432476 0.0402151 0.037271 0.0341099 0.0303824 0.0258848 0.0207288 0.0153641
 0.00768161 0.0123291 0.0182811 0.0254027 0.0334314 0.0418833 0.0500003 0.0568972 0.061867 0.0646081 0.0652216 0.0640505 0.061524 0.0580744 0.054097 0.0499248 0.0458116 0.0419179 0.0382897 0.0348329 0.0313219 0.0274818 0.0231417 0.0183792 0.013549
 0.00800865 0.0128408 0.0190144 0.0263795 0.0346573 0.0433451 0.051661 0.0586945 0.0637181 0.0664212 0.0669052 0.065517 0.062691 0.0588658 0.0544476 0.0497827 0.0451402 0.0406997 0.0365375 0.0326101 0.0287623 0.024791 0.0205652 0.0161437 0.0118005
 0.0082129 0.0131744 0.0195187 0.0270929 0.0356063 0.0445313 0.05305 0.0602146 0.0652751 0.0679209 0.0682704 0.0666918 0.0636325 0.0595343 0.0547989 0.0497683 0.0447123 0.0398218 0.0351998 0.0308495 0.02668 0.022555 0.0183861 0.0142237 0.0102785
 0.00846309 0.0135742 0.0201076 0.0279032 0.0366573 0.0458203 0.0545407 0.0618319 0.0669118 0.0694567 0.0695945 0.067721 0.0643206 0.0598692 0.0547892 0.0494261 0.0440403 0.0388131 0.033851 0.029184 0.0247706 0.0205332 0.0164243 0.0124938 0.00890223
 0.00876608 0.0140528 0.0208015 0.0288392 0.037844 0.0472403 0.0561419 0.063525 0.0685806 0.0709779 0.0708578 0.0686431 0.0648514 0.0599934 0.0545228 0.0488058 0.0431086 0.0376063 0.0323987 0.0275217 0.0229604 0.018677 0.0146563 0.0109494 0.00767815
 0.00883901 0.0141922 0.0210498 0.0292489 0.0384655 0.0481024 0.0572343 0.0647923 0.0699327 0.0723098 0.0720677 0.0696431 0.0655732 0.0603913 0.054576 0.0485177 0.0425023 0.0367175 0.0312696 0.026202 0.0215155 0.0171955 0.013246 0.00971676 0.00669909
 0.00908427 0.0145779 0.0216068 0.0299983 0.0394173 0.0492513 0.0585517 0.0662193 0.0713801 0.0736673 0.0732213 0.0704948 0.0660572 0.0604816 0.0542833 0.0478793 0.0415703 0.0355498 0.0299257 0.0247443 0.0200138 0.0157302 0.0119042 0.00857743 0.00581259
 0.00931489 0.0149403 0.0221285 0.0306958 0.0402922 0.0502864 0.0597061 0.067429 0.0725665 0.0747512 0.074133 0.0711771 0.0664648 0.0605833 0.0540667 0.0473549 0.0407709 0.0345251 0.0287359 0.0234558 0.0186983 0.0144636 0.0107616 0.00762074 0.00507705
 0.00937655 0.0150362 0.0222653 0.0308788 0.0405272 0.0505811 0.0600698 0.0678693 0.0730842 0.0753349 0.0747566 0.0718001 0.0670356 0.0610443 0.0543624 0.0474405 0.0406217 0.0341419 0.0281459 0.0227088 0.0178603 0.0136092 0.00996365 0.00693899 0.00454674
 0.00942544 0.0151163 0.0223869 0.031051 0.0407553 0.0508632 0.0603948 0.0682187 0.0734383 0.0756802 0.075088 0.0721169 0.0673331 0.0613071 0.0545625 0.0475419 0.040589 0.033951 0.0277931 0.0222151 0.0172699 0.0129818 0.00936296 0.00641852 0.00413907
 0.00954851 0.0152891 0.022597 0.0312712 0.0409531 0.0510155 0.060498 0.0682883 0.0734989 0.0757533 0.075185 0.072239 0.0674752 0.0614599 0.0547106 0.0476622 0.0406514 0.0339248 0.0276563 0.0219642 0.0169241 0.0125806 0.00895601 0.00605236 0.00384523
 0.00967886 0.0154875 0.0228689 0.0316093 0.0413354 0.0514051 0.0608466 0.068546 0.0736298 0.0757509 0.075076 0.0720721 0.067301 0.0613137 0.054606 0.0475923 0.0405954 0.0338547 0.0275449 0.0217937 0.0166935 0.0123074 0.00867113 0.0057896 0.00363023
 0.00967822 0.0155004 0.0229138 0.0317108 0.0415161 0.0516738 0.0611879 0.0689182 0.0739752 0.0760123 0.0752148 0.0720791 0.0671977 0.061142 0.054412 0.0474111 0.0404422 0.0337246 0.0274206 0.0216559 0.0165307 0.0121213 0.00847636 0.00560696 0.00347801
 0.00980899 0.015683 0.023134 0.0319395 0.0417211 0.0518365 0.0613136 0.0690318 0.0741023 0.07616 0.075363 0.0721895 0.0672327 0.0610837 0.0542691 0.0472129 0.0402236 0.0335127 0.0272271 0.0214791 0.0163633 0.0119588 0.00832143 0.00546804 0.00336425
 0.00980743 0.0156857 0.0231468 0.0319678 0.0417654 0.0518871 0.0613503 0.0690324 0.0740578 0.076085 0.0752929 0.0721618 0.0672658 0.0611671 0.0543721 0.0473028 0.0402807 0.0335337 0.0272184 0.0214487 0.0163163 0.0118988 0.00825324 0.00539912 0.00330276
 0.00983912 0.0157303 0.0232013 0.0320261 0.0418209 0.051936 0.061393 0.0690702 0.0740883 0.0761005 0.0752844 0.0721279 0.0672171 0.061122 0.0543456 0.0472975 0.0402873 0.0335381 0.0272104 0.0214248 0.0162784 0.0118514 0.00820168 0.00534898 0.00325909
 0.009782 0.0156413 0.0230748 0.0318598 0.0416169 0.0517019 0.0611437 0.0688288 0.0738834 0.0759598 0.0752274 0.07216 0.0673292 0.0612955 0.054559 0.0475308 0.0405225 0.0337583 0.0274007 0.0215748 0.0163845 0.0119167 0.00823401 0.00535855 0.00325584
 0.00960903 0.0153978 0.0227776 0.0315476 0.0413378 0.0514949 0.0610244 0.0687875 0.0738962 0.0760029 0.0752874 0.0722352 0.0674253 0.0614183 0.0547094 0.0477032 0.0407064 0.0339407 0.0275687 0.0217174 0.0164948 0.011993 0.00827993 0.00538118 0.00326347
 0.00934047 0.014985 0.0222031 0.0308171 0.0404855 0.0505868 0.0601561 0.0680708 0.0734304 0.0758432 0.0754284 0.0726205 0.0679744 0.0620542 0.0553733 0.0483554 0.0413202 0.0344971 0.0280534 0.0221205 0.0168122 0.0122275 0.00844068 0.00548237 0.00332128
 0.00917202 0.0147159 0.0218079 0.0302773 0.039796 0.0497645 0.0592499 0.0671634 0.0726281 0.0752531 0.0751314 0.0726508 0.0683121 0.0626342 0.0561065 0.0491527 0.0421093 0.035228 0.0286957 0.0226584 0.0172401 0.0125486 0.00866614 0.00562901 0.00340883
 0.00900134 0.0144465 0.0214175 0.0297509 0.0391286 0.0489662 0.0583516 0.0662212 0.0717204 0.074471 0.0745648 0.0723729 0.0683639 0.0630132 0.0567641 0.0500045 0.0430551 0.0361735 0.0295671 0.0234086 0.0178469 0.0130097 0.00899393 0.00584559 0.00354083
 0.00911765 0.0145943 0.0215633 0.0298374 0.0390894 0.0487489 0.0579386 0.065635 0.071015 0.0737171 0.0738382 0.0717484 0.0679104 0.0627851 0.0567896 0.0502757 0.0435268 0.036773 0.0302121 0.0240253 0.0183826 0.013437 0.00930797 0.00605816 0.00367287
 0.00910981 0.0145915 0.0215752 0.0298731 0.0391474 0.0488056 0.057944 0.0655255 0.0707395 0.0732651 0.0732522 0.0711121 0.067323 0.0623349 0.0565379 0.0502503 0.0437202 0.0371454 0.0306995 0.0245538 0.0188845 0.0138641 0.00963707 0.00628868 0.00381972
 0.00890275 0.0142978 0.0212134 0.0294889 0.0388023 0.0485566 0.057824 0.0655318 0.0708338 0.0733836 0.0733254 0.0710907 0.0671987 0.0621448 0.0563503 0.0501381 0.0437368 0.0373094 0.0309929 0.0249304 0.0192859 0.0142361 0.00994291 0.00651379 0.00396864
 0.00878597 0.0141073 0.020928 0.0290949 0.0383041 0.0479887 0.0572568 0.0650601 0.0705461 0.073326 0.0734801 0.0713838 0.0675326 0.0624378 0.0565644 0.0502848 0.0438607 0.0374612 0.0312048 0.0252043 0.0195962 0.0145439 0.010212 0.00672249 0.00411281
 0.00886978 0.0142089 0.0210164 0.0291189 0.0382054 0.0477235 0.0568174 0.0644854 0.0699166 0.0727455 0.0730477 0.0711645 0.0675367 0.0626209 0.0568499 0.0505978 0.0441554 0.0377286 0.0314596 0.0254633 0.0198626 0.0148043 0.0104448 0.00690944 0.00424679
 0.00959821 0.0152471 0.0223067 0.0305112 0.0394929 0.0487063 0.0573559 0.064524 0.0694798 0.071922 0.0719729 0.0699971 0.0664275 0.061681 0.0561305 0.0500921 0.0438206 0.0375144 0.0313296 0.0253989 0.0198542 0.0148405 0.0105081 0.00697995 0.00430865
 0.0102205 0.016234 0.0237378 0.0324213 0.0418401 0.0513351 0.0599812 0.0667681 0.0709725 0.0724234 0.0714503 0.0686164 0.0644767 0.0594746 0.0539364 0.0480945 0.042115 0.0361254 0.0302386 0.0245702 0.0192499 0.0144238 0.0102416 0.00682482 0.00422789
 0.0100787 0.0161143 0.0237623 0.0327724 0.0427115 0.0528529 0.0621282 0.0693521 0.073655 0.0747963 0.0731355 0.0693603 0.064212 0.0583267 0.0521699 0.0460258 0.0400285 0.0342229 0.0286292 0.023288 0.0182815 0.0137308 0.00977486 0.00653195 0.00405853
 0.00980942 0.0157001 0.0231904 0.0320665 0.0419504 0.0521845 0.0617631 0.0695175 0.0745079 0.0763321 0.0751477 0.0714846 0.0660411 0.0595403 0.0526237 0.0457677 0.0392479 0.0331667 0.0275232 0.0222903 0.017473 0.0131306 0.00936337 0.00627127 0.00390661
 0.00969444 0.0155021 0.0228727 0.0315911 0.0412914 0.0513501 0.0608194 0.0686003 0.0738102 0.0760607 0.075456 0.072404 0.0674424 0.0611558 0.0541299 0.0468941 0.0398596 0.0332839 0.0272788 0.0218585 0.0170055 0.0127246 0.00905926 0.00606915 0.00378596
 0.00959947 0.0153595 0.0226787 0.0313459 0.040994 0.0509928 0.0603888 0.0680894 0.0732391 0.0754962 0.0750143 0.0722252 0.0676391 0.0617556 0.0550438 0.0479348 0.0408082 0.0339706 0.0276368 0.0219253 0.0168823 0.0125221 0.00885977 0.00591418 0.00368401
 0.00955325 0.0152814 0.0225562 0.0311673 0.0407521 0.0506904 0.0600407 0.0677192 0.0728704 0.0751469 0.0747015 0.0719792 0.0675132 0.0618161 0.0553375 0.0484521 0.0414671 0.0346406 0.0281899 0.022286 0.0170464 0.0125399 0.00880035 0.00583494 0.00361726
 0.00959965 0.0153397 0.0226122 0.0311961 0.0407245 0.0505822 0.0598424 0.0674396 0.0725348 0.0747899 0.0743587 0.0716819 0.0672888 0.061692 0.0553427 0.0486076 0.0417685 0.0350447 0.0286209 0.0226625 0.0173135 0.012686 0.00885044 0.00582936 0.00359136
 0.00963517 0.0153793 0.0226378 0.0311791 0.0406318 0.0503878 0.0595378 0.0670392 0.0720738 0.0743175 0.0739288 0.0713431 0.067076 0.0616226 0.0554185 0.0488195 0.0420984 0.0354623 0.0290802 0.0231067 0.0176896 0.0129621 0.00902371 0.00592014 0.00362918
 0.00955626 0.0152791 0.0225374 0.0311116 0.0406287 0.0504585 0.0596572 0.0671517 0.0721155 0.0742445 0.0737354 0.0710621 0.0667641 0.0613411 0.0552174 0.0487292 0.0421282 0.0356015 0.0293013 0.0233691 0.0179488 0.0131808 0.00918227 0.0060182 0.00368016
 0.00926776 0.014856 0.0219878 0.0304768 0.0399767 0.0498698 0.0592077 0.0668972 0.0720768 0.0743979 0.0740179 0.0713937 0.0670785 0.061607 0.0554403 0.0489375 0.0423533 0.0358626 0.0295983 0.0236841 0.0182531 0.0134456 0.00938781 0.00615969 0.00376598
 0.00913509 0.01465 0.021697 0.030101 0.039531 0.0493887 0.0587469 0.0665262 0.0718618 0.0743783 0.0741893 0.0717077 0.0674592 0.0619777 0.0557484 0.0491669 0.0425201 0.0359996 0.0297355 0.0238363 0.0184167 0.0136046 0.00952463 0.00626303 0.00383429
 0.00914059 0.0146434 0.0216585 0.0300029 0.0393459 0.0491016 0.058367 0.0660914 0.0714325 0.0740235 0.073969 0.0716565 0.0675758 0.062225 0.0560664 0.049494 0.0428129 0.036242 0.029934 0.0240064 0.01857 0.0137433 0.00964333 0.00635561 0.00389872
 0.00933915 0.0149265 0.0220102 0.0303804 0.039688 0.049345 0.0584612 0.0660095 0.0711765 0.0736266 0.0734923 0.0711772 0.0671683 0.0619405 0.055921 0.0494688 0.042868 0.0363346 0.0300337 0.0240992 0.0186536 0.0138188 0.00971019 0.00641089 0.00393996
 0.00924829 0.0148007 0.02186 0.0302265 0.0395508 0.0492313 0.058356 0.0658811 0.0709935 0.0733776 0.0731969 0.0708821 0.0669323 0.0618161 0.0559383 0.0496286 0.0431423 0.0366769 0.0303936 0.0244357 0.0189419 0.0140495 0.00988409 0.00653435 0.00402175
 0.00929043 0.0148648 0.0219489 0.0303412 0.0396924 0.0494013 0.0585537 0.0660969 0.0712016 0.073535 0.0732536 0.0708014 0.0667105 0.0614895 0.0555723 0.0492939 0.0428918 0.0365324 0.0303465 0.0244587 0.0190027 0.0141216 0.00995085 0.00658782 0.00406013
 0.0096956 0.0154917 0.0228312 0.0314837 0.0410649 0.050933 0.0601306 0.0675683 0.072406 0.074335 0.0735644 0.070601 0.0660348 0.0604221 0.0542336 0.0478251 0.0414337 0.0352016 0.0292188 0.0235645 0.0183354 0.0136511 0.00963738 0.00639133 0.00394512
 0.00979768 0.0156948 0.0232039 0.0321088 0.0420142 0.0522297 0.0617165 0.0692989 0.07408 0.0757446 0.0745416 0.0710449 0.0659182 0.0597852 0.0531702 0.0464659 0.0399271 0.0336931 0.027831 0.0223815 0.0173967 0.0129562 0.00915712 0.00608201 0.00376019
 0.00953345 0.0153138 0.0227243 0.0315878 0.0415444 0.0519253 0.0616931 0.0696464 0.0748301 0.0768444 0.0758501 0.0723631 0.0670428 0.0605606 0.0535193 0.0463943 0.0395073 0.0330391 0.0270699 0.0216282 0.0167351 0.0124311 0.00877732 0.00583073 0.00360795
 0.00914458 0.0146847 0.0217879 0.0302972 0.0398983 0.0500018 0.0596739 0.0678063 0.0734782 0.0762353 0.0761064 0.07344 0.0687452 0.0625998 0.0555889 0.0482403 0.040973 0.0340753 0.0277152 0.0219725 0.0168823 0.012471 0.0087722 0.0058148 0.00359505
 0.00890146 0.0143035 0.021239 0.0295581 0.0389536 0.0488465 0.0583257 0.0663263 0.0719883 0.0749189 0.0751794 0.0730951 0.0690865 0.0635988 0.0570842 0.0499841 0.042704 0.0355864 0.0288925 0.0227974 0.0174044 0.0127711 0.0089303 0.00589258 0.00363183
 0.00859373 0.0138546 0.0206578 0.0288838 0.038241 0.0481428 0.0576528 0.0656788 0.0713474 0.0742765 0.0745628 0.0725817 0.0687944 0.0636495 0.0575489 0.0508421 0.0438371 0.0368167 0.0300423 0.023742 0.0180944 0.0132228 0.00919713 0.00603605 0.00370285
#obs surv len freq
 nan nan nan nan nan nan nan nan nan nan nan nan nan nan nan nan nan nan nan nan nan nan nan nan nan
 0.00448481 0.00734612 0.0111759 0.0159918 0.0216919 0.0279666 0.0342799 0.0400106 0.04469 0.0481541 0.0505125 0.052009 0.052902 0.0534151 0.0537299 0.0539852 0.0542641 0.0545571 0.0546959 0.0542879 0.0527259 0.049358 0.0438076 0.0362874 0.0276707
 0.00461272 0.00755751 0.0115 0.0164569 0.022318 0.0287547 0.0352014 0.0410045 0.0456723 0.0490345 0.0512125 0.0524729 0.0531021 0.0533516 0.0534259 0.0534788 0.0535994 0.0537772 0.0538404 0.0533939 0.0518326 0.0485089 0.0430479 0.0356555 0.0271878
 0.00478365 0.00783453 0.0119156 0.0170411 0.0230937 0.0297286 0.0363541 0.0422847 0.0469992 0.0503097 0.0523331 0.0533455 0.0536542 0.0535403 0.0532421 0.0529448 0.0527616 0.0526962 0.0525835 0.0520323 0.0504422 0.0471707 0.0418424 0.0346491 0.0264172
 0.0049749 0.00814802 0.012392 0.0177198 0.0240043 0.0308793 0.0377192 0.0438009 0.0485752 0.0518423 0.0537217 0.0544984 0.0544905 0.0539933 0.0532661 0.0525226 0.0519089 0.0514609 0.0510409 0.0502802 0.0485967 0.0453596 0.0401917 0.0332617 0.0253509
 0.00518836 0.00849852 0.0129261 0.0184831 0.0250331 0.0321867 0.0392801 0.045547 0.0504032 0.0536334 0.0553599 0.0558819 0.0555348 0.0546303 0.0534432 0.0522046 0.0510836 0.050148 0.0492998 0.0482135 0.0463481 0.043102 0.0381024 0.0314885 0.0239799
 0.00540667 0.00885595 0.013469 0.019257 0.0260749 0.0335118 0.0408689 0.047338 0.0523007 0.0555234 0.0571266 0.057418 0.0567469 0.0554403 0.0537883 0.0520371 0.0503737 0.0488922 0.047534 0.0460273 0.0438913 0.0405737 0.0357201 0.0294409 0.0223832
 0.00565539 0.00926101 0.0140799 0.0201205 0.027226 0.0349606 0.042586 0.0492502 0.0543014 0.0574925 0.0589495 0.0589945 0.0579926 0.0562844 0.0541707 0.0519075 0.0496936 0.0476428 0.045732 0.0437459 0.0412744 0.0378319 0.0330976 0.0271602 0.020589
 0.00588993 0.00965019 0.0146802 0.0209889 0.0284085 0.0364733 0.044397 0.0512743 0.0564139 0.0595556 0.060836 0.0606006 0.0592392 0.0571121 0.0545333 0.0517657 0.0490129 0.0463998 0.0439315 0.0414447 0.0386037 0.0349992 0.030357 0.0247529 0.0186795
 0.00612955 0.0100405 0.0152695 0.021824 0.0295275 0.0378929 0.0460982 0.0531943 0.0584507 0.0615842 0.0627269 0.0622355 0.0605214 0.0579707 0.0549204 0.0516487 0.0483675 0.0452095 0.0422 0.0392199 0.0360027 0.0322173 0.027642 0.0223484 0.0167582
 0.00636067 0.01042 0.0158475 0.0226492 0.0306371 0.0392976 0.0477676 0.0550527 0.0603905 0.0634872 0.0644827 0.0637491 0.0617134 0.0587756 0.0552866 0.0515379 0.0477531 0.0440768 0.0405545 0.0371064 0.0335282 0.0295615 0.025038 0.0200302 0.0148961
 0.00658665 0.0107908 0.0164119 0.0234546 0.0317205 0.0406705 0.0494007 0.0568705 0.0622815 0.065326 0.0661519 0.0651527 0.0627807 0.0594584 0.0555522 0.0513625 0.0471178 0.0429699 0.0389811 0.0351072 0.0312002 0.0270684 0.0225932 0.0178499 0.0131403
 0.00684803 0.0112151 0.0170489 0.0243495 0.0329043 0.0421458 0.0511266 0.0587584 0.0642075 0.0671551 0.0677612 0.066446 0.0636922 0.0599516 0.0556136 0.050992 0.0463207 0.0417538 0.0373624 0.033128 0.0289495 0.0246928 0.0202836 0.0158001 0.0114933
 0.00707671 0.0115933 0.0176296 0.0251849 0.0340339 0.0435779 0.0528208 0.0606214 0.0661075 0.0689499 0.0693231 0.0676768 0.0645271 0.0603568 0.0555812 0.0505324 0.0454544 0.0405057 0.0357646 0.0312307 0.0268382 0.0224985 0.0181724 0.0139387 0.0100036
 0.00728979 0.011947 0.0181754 0.0259747 0.0351092 0.044952 0.0544609 0.0624414 0.0679799 0.0707293 0.0708725 0.0688853 0.0653201 0.0606975 0.0554666 0.0499843 0.044509 0.0392061 0.0341597 0.0293827 0.0248345 0.0204587 0.0162407 0.0122553 0.00866726
 0.00744294 0.0121989 0.0185606 0.0265285 0.0358627 0.0459224 0.0556407 0.0637911 0.0694291 0.0721853 0.0722314 0.0700437 0.0661872 0.0612052 0.0555764 0.0496882 0.0438252 0.0381723 0.0328284 0.0278222 0.0231335 0.0187291 0.0146087 0.010839 0.00754717
 0.00751559 0.0123171 0.0187392 0.0267834 0.0362098 0.0463764 0.0562111 0.0644795 0.070226 0.0730679 0.0731609 0.0709644 0.0670275 0.0618859 0.0560215 0.0498382 0.0436462 0.0376609 0.0320115 0.026755 0.0218979 0.017429 0.0133583 0.00974219 0.00667463
 0.00757873 0.0124144 0.0188759 0.0269615 0.0364292 0.0466362 0.0565112 0.0648206 0.0706109 0.0735002 0.0736426 0.0714893 0.0675752 0.0624165 0.0564773 0.0501521 0.043755 0.03752 0.0316065 0.0261077 0.0210664 0.0165001 0.0124326 0.0089131 0.00600689
 0.00766085 0.0125383 0.0190445 0.0271708 0.0366691 0.046893 0.0567698 0.0650672 0.0708363 0.0737041 0.0738346 0.0716858 0.0677909 0.0626553 0.0567243 0.0503713 0.0438948 0.0375254 0.0314357 0.0257475 0.02054 0.0158657 0.0117696 0.00830085 0.00550417
 0.00769989 0.0126009 0.0191364 0.0272959 0.0368274 0.0470781 0.0569681 0.0652595 0.0710036 0.0738349 0.0739297 0.0717578 0.0678593 0.0627385 0.0568311 0.0504946 0.0440086 0.0375891 0.0314056 0.0255921 0.0202547 0.0154782 0.0113333 0.00787772 0.00514505
 0.00776646 0.0126998 0.0192683 0.0274554 0.0370052 0.0472639 0.0571522 0.0654328 0.0711561 0.073956 0.0740108 0.0717957 0.0678594 0.0627141 0.0567998 0.0504699 0.0439926 0.0375684 0.031354 0.0254817 0.0200691 0.0152231 0.011037 0.00758139 0.00488699
 0.0078191 0.012782 0.0193851 0.0276081 0.0371898 0.0474696 0.0573613 0.065623 0.0713071 0.0740551 0.0740559 0.0717937 0.0678209 0.0626506 0.0567223 0.0503886 0.0439147 0.0374941 0.0312744 0.0253812 0.0199336 0.015049 0.0108364 0.00737805 0.00470646
 0.00783163 0.0128014 0.0194126 0.0276445 0.0372356 0.0475252 0.0574263 0.0656958 0.0713834 0.0741286 0.0741196 0.071842 0.0678513 0.0626643 0.0567226 0.0503795 0.0438994 0.0374734 0.0312451 0.0253361 0.0198648 0.0149532 0.0107192 0.00725326 0.00459118
 0.00788024 0.0128728 0.019506 0.027754 0.0373519 0.0476385 0.0575283 0.0657806 0.0714478 0.0741716 0.0741414 0.0718435 0.0678339 0.0626297 0.0566736 0.0503201 0.0438341 0.0374057 0.0311762 0.0252642 0.0197864 0.0148662 0.0106256 0.00716002 0.00450753
 0.0078853 0.0128851 0.0195315 0.0277998 0.0374231 0.047734 0.0576386 0.0658891 0.0715367 0.0742291 0.0741651 0.0718393 0.0678114 0.0625969 0.0566353 0.0502781 0.0437888 0.0373576 0.0311253 0.0252102 0.0197284 0.0148038 0.0105604 0.00709631 0.00445081
 0.00789276 0.012891 0.0195295 0.0277816 0.0373823 0.0476715 0.0575652 0.0658232 0.0714967 0.0742247 0.0741943 0.0718912 0.0678728 0.0626582 0.0566912 0.0503267 0.0438289 0.0373879 0.0311444 0.025217 0.0197227 0.0147865 0.0105342 0.00706538 0.00442022
 0.00790721 0.0129109 0.0195523 0.0278018 0.0373919 0.0476614 0.057528 0.0657568 0.071407 0.0741267 0.0741084 0.0718361 0.0678584 0.0626825 0.0567437 0.0503937 0.0438984 0.0374514 0.0311967 0.0252552 0.0197457 0.0147952 0.0105309 0.00705421 0.00440566
 0.00789767 0.0128958 0.0195305 0.0277721 0.0373534 0.0476131 0.0574692 0.0656873 0.0713281 0.0740425 0.0740268 0.0717688 0.0678184 0.0626803 0.0567824 0.0504676 0.0439951 0.0375559 0.0312958 0.0253396 0.0198105 0.0148393 0.0105565 0.00706548 0.00440762
 0.00787431 0.0128561 0.0194676 0.0276795 0.0372271 0.0474548 0.0572889 0.0655028 0.0711603 0.0739097 0.0739402 0.0717321 0.0678304 0.0627375 0.0568803 0.0505999 0.0441524 0.0377252 0.0314626 0.0254903 0.0199355 0.0149343 0.0106222 0.00710619 0.00442985
 0.00785626 0.012822 0.0194078 0.0275822 0.0370817 0.0472571 0.0570454 0.0652323 0.0708914 0.073674 0.0737654 0.0716369 0.0678212 0.0628093 0.0570199 0.0507898 0.0443742 0.0379608 0.0316949 0.0257039 0.0201182 0.015079 0.0107276 0.00717644 0.00447229
 0.00785158 0.0128119 0.0193875 0.0275451 0.0370196 0.0471619 0.0569114 0.0650592 0.0706864 0.0734529 0.073552 0.0714584 0.0677024 0.0627662 0.0570566 0.0508987 0.044539 0.0381608 0.0319085 0.0259115 0.0203039 0.015232 0.0108434 0.00725656 0.00452266
 0.00782192 0.0127672 0.0193269 0.0274695 0.0369313 0.0470629 0.0568028 0.0649411 0.0705591 0.0733184 0.073416 0.0713311 0.0675985 0.0627025 0.0570475 0.0509515 0.0446514 0.0383209 0.0320976 0.0261085 0.0204891 0.0153909 0.0109679 0.00734544 0.00458031
 0.00780357 0.0127337 0.0192698 0.02738 0.0368028 0.0468962 0.0566091 0.0647405 0.0703748 0.0731685 0.0733089 0.0712662 0.067571 0.0627087 0.0570876 0.0510288 0.0447681 0.0384746 0.032279 0.0263021 0.0206772 0.0155572 0.011102 0.00744378 0.00464568
 0.00777491 0.0126854 0.019194 0.0272681 0.0366476 0.0466948 0.0563664 0.0644717 0.0701042 0.0729257 0.073122 0.0711552 0.0675432 0.0627589 0.057202 0.0511913 0.0449647 0.0386943 0.0325113 0.0265352 0.0208971 0.0157504 0.0112583 0.00755958 0.00472368
 0.00774669 0.0126404 0.0191278 0.0271768 0.0365284 0.0465462 0.0561897 0.0642721 0.0698916 0.0727146 0.0729309 0.0710042 0.067451 0.0627376 0.0572544 0.0513101 0.0451357 0.0389003 0.0327355 0.0267618 0.0211115 0.0159398 0.0114133 0.00767602 0.00480337
 0.0093131 0.0148311 0.0217678 0.0298842 0.0388257 0.0480384 0.056704 0.0638835 0.0688388 0.0712789 0.0713478 0.0694333 0.0659858 0.0614284 0.0561255 0.0503696 0.0443793 0.0383145 0.0323004 0.0264542 0.020907 0.015814 0.0113433 0.00764186 0.00478951
 0.00932161 0.0151318 0.0227253 0.0319479 0.0423331 0.0529496 0.0624345 0.0693992 0.0730232 0.0733725 0.0711986 0.0674376 0.0628157 0.0577451 0.0524171 0.0469248 0.0413371 0.0357241 0.0301641 0.0247497 0.0195974 0.0148519 0.0106731 0.00720309 0.004522
 0.00897584 0.0145922 0.0219766 0.0310463 0.0414571 0.0524321 0.0627205 0.0708862 0.0758202 0.077124 0.0751304 0.0706493 0.0646545 0.0580313 0.0514115 0.0451164 0.0392144 0.0336431 0.0283255 0.023236 0.0184195 0.0139827 0.0100671 0.00680667 0.00428059
 0.00879073 0.0142794 0.0214849 0.0303255 0.0404781 0.0512226 0.0614079 0.0697224 0.0751561 0.07731 0.0763599 0.0728171 0.0673308 0.060602 0.0533244 0.0460885 0.0392858 0.0330769 0.0274471 0.0223107 0.0176069 0.0133483 0.0096148 0.00650922 0.0041
 0.00873762 0.0141854 0.0213279 0.030077 0.0401051 0.0506955 0.0607134 0.068883 0.0742521 0.0764953 0.0758503 0.0728345 0.0680055 0.0618789 0.054942 0.0476663 0.0404798 0.0337123 0.0275518 0.0220504 0.0171819 0.0129154 0.00925986 0.00625761 0.00394121
 0.00869713 0.0141188 0.0212258 0.0299289 0.0398997 0.0504218 0.0603623 0.06845 0.0737429 0.0759344 0.0752956 0.072386 0.0677944 0.0620262 0.0554945 0.0485478 0.0414985 0.0346339 0.028198 0.0223623 0.0172147 0.0127834 0.00907385 0.00608941 0.00381975
 0.00868425 0.0140969 0.021191 0.0298764 0.0398242 0.0503176 0.0602244 0.0682738 0.0735239 0.0756702 0.0749906 0.0720599 0.0674922 0.0618189 0.0554625 0.048745 0.0419146 0.0351826 0.0287467 0.0227898 0.017461 0.0128606 0.00904036 0.0060107 0.00374181
 0.00867773 0.0140862 0.0211746 0.0298525 0.0397909 0.0502728 0.0601659 0.0681992 0.0734308 0.0755554 0.0748508 0.071895 0.0673096 0.06164 0.0553256 0.0486972 0.041993 0.03539 0.0290413 0.0230987 0.0177129 0.0130164 0.00910232 0.00600909 0.00371228
 0.00868116 0.0140913 0.0211813 0.0298602 0.0397985 0.0502785 0.0601668 0.068192 0.0734112 0.0755193 0.0747945 0.0718156 0.067207 0.0615198 0.0552016 0.0485936 0.0419392 0.035409 0.0291359 0.0232455 0.017871 0.0131464 0.00918337 0.00604275 0.00371451
 0.00866156 0.0140617 0.021141 0.0298102 0.0397414 0.050218 0.0601078 0.0681393 0.0733694 0.0754905 0.0747779 0.0718073 0.0672011 0.0615104 0.0551864 0.0485765 0.0419314 0.0354255 0.0291877 0.023332 0.0179774 0.01325 0.00926453 0.00609324 0.00373786
 0.0086633 0.0140645 0.0211453 0.0298163 0.0397493 0.0502274 0.0601174 0.0681476 0.0733741 0.0754898 0.0747702 0.0717918 0.0671773 0.0614785 0.0551472 0.0485328 0.041889 0.0353932 0.029175 0.0233442 0.0180119 0.0132967 0.0093103 0.00612817 0.00375868
 0.00864461 0.0140391 0.0211163 0.0297896 0.0397318 0.0502242 0.0601301 0.068173 0.0734063 0.0755221 0.0747972 0.0718094 0.0671838 0.0614735 0.0551317 0.048509 0.0418607 0.035366 0.0291553 0.0233376 0.0180202 0.0133167 0.00933535 0.00615118 0.00377529
 0.00863565 0.0140222 0.0210868 0.0297429 0.0396657 0.0501419 0.0600418 0.0680946 0.0733538 0.0755054 0.0748162 0.0718559 0.0672449 0.0615371 0.0551888 0.048555 0.0418947 0.03539 0.0291735 0.0233545 0.0180392 0.0133386 0.00935823 0.00617179 0.00379106
 0.00863183 0.0140129 0.0210673 0.0297065 0.0396057 0.0500545 0.0599286 0.0679644 0.0732224 0.0753921 0.0747398 0.0718286 0.0672691 0.0616047 0.0552848 0.0486623 0.0419992 0.0354829 0.0292515 0.0234181 0.018091 0.013381 0.00939246 0.00619827 0.00380998
 0.00861381 0.0139883 0.0210385 0.0296782 0.0395821 0.0500364 0.0599119 0.0679409 0.0731839 0.0753361 0.0746716 0.071761 0.0672179 0.0615827 0.0552971 0.0487054 0.042063 0.0355551 0.0293216 0.0234799 0.0181421 0.0134215 0.00942368 0.00622138 0.0038261
 0.00861381 0.0139883 0.0210385 0.0296782 0.0395821 0.0500364 0.0599119 0.0679409 0.0731839 0.0753361 0.0746716 0.071761 0.0672179 0.0615827 0.0552971 0.0487054 0.042063 0.0355551 0.0293216 0.0234799 0.0181421 0.0134215 0.00942368 0.00622138 0.0038261
 0.00899714 0.0145907 0.0219038 0.0308259 0.0409957 0.0516492 0.0615964 0.0695168 0.0744517 0.0761278 0.0748938 0.071413 0.0663813 0.0603936 0.0539122 0.0472708 0.0406935 0.0343266 0.028274 0.0226259 0.0174763 0.0129273 0.0090768 0.00599322 0.00368673
 0.00911114 0.0148121 0.0223021 0.0314841 0.0419851 0.0529917 0.0632313 0.0712948 0.0761637 0.0775551 0.0758568 0.0718033 0.066174 0.059645 0.0527429 0.045839 0.039163 0.0328394 0.0269334 0.0214923 0.0165724 0.0122471 0.00859524 0.00567435 0.00349069
 0.0089522 0.0145649 0.0219553 0.0310462 0.0414964 0.0525339 0.0629264 0.0712791 0.076539 0.0783362 0.0769481 0.0730201 0.0673006 0.0604981 0.0532163 0.0459168 0.0389064 0.0323558 0.0263421 0.0208965 0.0160436 0.0118222 0.00828246 0.00546251 0.00335877
 0.00877405 0.0142586 0.0214657 0.0303182 0.0404962 0.0512801 0.0615169 0.0698942 0.075409 0.0776815 0.0769148 0.0736341 0.0684555 0.0619837 0.0547783 0.0473267 0.0400144 0.0331103 0.0267745 0.0210865 0.0160826 0.0117873 0.00822528 0.00541024 0.00332105
 0.00870206 0.0141222 0.0212239 0.029919 0.0398867 0.050425 0.0604204 0.068616 0.0740685 0.0764469 0.0759771 0.0731655 0.0685617 0.0626649 0.0559202 0.0487292 0.0414503 0.0343881 0.0277808 0.0217939 0.0165284 0.0120398 0.00835409 0.00546962 0.00334593
 0.00886681 0.0143743 0.0215713 0.0303516 0.0403698 0.0508947 0.0607836 0.0687645 0.0739084 0.0759378 0.0751607 0.0721687 0.0675688 0.0618663 0.0554547 0.048643 0.0416882 0.0348231 0.0282667 0.0222158 0.0168288 0.0122158 0.00843567 0.00549499 0.00334585
#pred catch len freq
 0.00464712 0.00735284 0.0107236 0.0146737 0.019146 0.0240901 0.0293904 0.0348324 0.0401474 0.0450826 0.0494449 0.0531154 0.0560497 0.0582615 0.0597847 0.0606325 0.0607773 0.0601508 0.0586459 0.0561056 0.0523232 0.0471074 0.0404375 0.0326403 0.0244371
 0.00492775 0.00771288 0.0110918 0.0149352 0.0191869 0.0238611 0.0289472 0.0343193 0.0397233 0.0448352 0.049345 0.0530382 0.0558471 0.0578442 0.0591751 0.0599673 0.0602583 0.0599623 0.0588728 0.0566924 0.0530973 0.0478569 0.0410006 0.0329574 0.0245443
 0.00520713 0.00815661 0.0117332 0.01578 0.020192 0.0249157 0.0298764 0.0349294 0.0398825 0.0445425 0.0487317 0.0522908 0.0551028 0.0571352 0.0584568 0.0591993 0.0594724 0.0592689 0.0584029 0.0565186 0.0531877 0.0480922 0.0412401 0.0331057 0.0245797
 0.00547513 0.0085789 0.0123459 0.0166128 0.0212675 0.0262413 0.0314237 0.0366052 0.0415127 0.0458927 0.0495742 0.0524906 0.0546704 0.0562067 0.0572155 0.0578 0.0580199 0.0578451 0.0570959 0.0554149 0.0523363 0.0474801 0.040805 0.032777 0.0243125
 0.00586047 0.00916729 0.0131622 0.01766 0.0225342 0.0277126 0.0330836 0.038427 0.0434387 0.0478129 0.0513154 0.0538321 0.0553967 0.0561794 0.0564255 0.0563662 0.0561386 0.0557282 0.0549326 0.0533593 0.050503 0.0459368 0.0395709 0.0318337 0.0236227
 0.00629079 0.00983252 0.0140999 0.0188837 0.0240348 0.0294611 0.0350307 0.0405023 0.0455558 0.0498766 0.0532217 0.0554596 0.0565973 0.0567893 0.0563034 0.0554466 0.0544677 0.0534622 0.0522987 0.0506046 0.0478515 0.043563 0.0375861 0.030284 0.0224961
 0.00671982 0.0104981 0.0150433 0.0201258 0.0255775 0.0312893 0.0371073 0.0427603 0.0478954 0.0521732 0.0553408 0.0572705 0.0579798 0.0576311 0.0564975 0.0549021 0.0531399 0.051389 0.0496206 0.0475519 0.0447023 0.0405883 0.0350013 0.0282168 0.0209783
 0.00714358 0.0111555 0.0159756 0.0213538 0.0271049 0.0331043 0.0391791 0.0450311 0.0502763 0.0545472 0.0575724 0.0592187 0.059511 0.0586289 0.056866 0.0545649 0.0520461 0.0495333 0.0470735 0.0444815 0.0413668 0.0372932 0.0320332 0.02578 0.019159
 0.00747895 0.0116878 0.0167533 0.0224162 0.0284782 0.0347952 0.0411643 0.0472494 0.0526304 0.0569139 0.0598167 0.0612047 0.061111 0.0597301 0.0573741 0.0544053 0.0511666 0.0479147 0.0447533 0.0415809 0.0381043 0.0339624 0.0289436 0.0231815 0.0171831
 0.00780813 0.0122009 0.0174864 0.0233932 0.0297135 0.0362956 0.0429238 0.0492378 0.0547833 0.0591302 0.0619663 0.0631442 0.062703 0.0608575 0.0579461 0.0543547 0.0504467 0.046504 0.042673 0.0389219 0.0350475 0.0307721 0.025921 0.0205897 0.0151796
 0.00817065 0.0127568 0.0182618 0.0243937 0.0309293 0.037709 0.044511 0.0509656 0.0566036 0.0609779 0.0637586 0.0647836 0.0640828 0.0618716 0.0584995 0.0543711 0.0498716 0.045309 0.0408677 0.0365747 0.0323071 0.0278675 0.0231258 0.0181569 0.0132731
 0.00847505 0.0132316 0.0189395 0.0252915 0.0320484 0.0390325 0.0460008 0.052561 0.0582287 0.0625538 0.0652145 0.0660593 0.0651247 0.0626258 0.0589082 0.0543733 0.0494097 0.04434 0.0393797 0.034609 0.0299774 0.025363 0.0206832 0.0160037 0.0115658
 0.00882658 0.0137743 0.0197033 0.0262874 0.0332697 0.0404574 0.0475891 0.0542485 0.059926 0.064155 0.0666137 0.0671686 0.0658873 0.0630179 0.0589282 0.0540256 0.0486913 0.0432396 0.0378922 0.0327605 0.0278503 0.0231054 0.0184896 0.0140677 0.0100246
 0.00916154 0.0142918 0.0204324 0.0272388 0.0344375 0.0418208 0.04911 0.0558667 0.0615586 0.0657022 0.06797 0.0682367 0.0665915 0.0633155 0.0588123 0.0535173 0.0478246 0.0420474 0.0364038 0.0310149 0.0259177 0.0211012 0.0165661 0.012379 0.00868152
 0.0093795 0.0146413 0.0209493 0.0279534 0.0353691 0.0429694 0.0504463 0.0573286 0.0630569 0.0671351 0.0692376 0.0692515 0.0672846 0.0636412 0.0587514 0.053077 0.0470336 0.0409477 0.035044 0.0294516 0.0242246 0.0193782 0.0149344 0.0109579 0.00755564
 0.00968903 0.0151161 0.0216121 0.0288096 0.0364108 0.04418 0.0517993 0.0587793 0.0645345 0.0685431 0.0704649 0.0701917 0.0678568 0.0638031 0.0585005 0.0524427 0.0460655 0.0397057 0.033593 0.0278615 0.0225745 0.0177598 0.0134469 0.00969141 0.0065683
 0.00988549 0.0154218 0.0220473 0.0293853 0.0371293 0.0450351 0.0527745 0.0598445 0.0656457 0.0696434 0.0714867 0.0710596 0.0684947 0.0641451 0.0585043 0.0520977 0.0453933 0.0387535 0.0324247 0.0265516 0.0212054 0.0164197 0.0122236 0.00865845 0.00576918
 0.00997243 0.015554 0.02223 0.0296198 0.037416 0.0453776 0.0531809 0.0603245 0.0662039 0.0702723 0.0721624 0.0717408 0.0691253 0.0646603 0.0588394 0.0521998 0.0452317 0.0383271 0.0317631 0.0257105 0.0202595 0.0154537 0.0113205 0.00788627 0.0051682
 0.010011 0.0156171 0.0223258 0.029756 0.0375982 0.0456077 0.0534553 0.0606352 0.0665421 0.0706321 0.0725406 0.0721324 0.0695169 0.0650252 0.059138 0.0523849 0.0452591 0.038167 0.0314102 0.0251886 0.0196193 0.0147641 0.0106547 0.00730628 0.00471231
 0.0101342 0.0157898 0.0225351 0.0299743 0.0377928 0.0457555 0.0535538 0.0607018 0.0666038 0.0707129 0.0726535 0.0722798 0.0696931 0.0652186 0.0593294 0.0525457 0.0453532 0.038158 0.0312725 0.0249176 0.0192372 0.0143159 0.0101975 0.00689359 0.00438042
 0.0102661 0.0159874 0.0228003 0.0302949 0.0381431 0.046099 0.0538483 0.0609085 0.0666989 0.070698 0.0725573 0.072147 0.0695672 0.0651279 0.0592814 0.0525292 0.0453433 0.0381231 0.0311821 0.0247524 0.0189968 0.0140211 0.00988455 0.00660196 0.00414032
