SBPRF35
7.78865
Curr Bio
564807
B35
663755
F35
0.227416
FOFL
0.19109
OFL
81359.6
Bzero
2.22533e+006
#pred survey bio
 3.52833e+006 3.16143e+006 2.82343e+006 2.48856e+006 2.19818e+006 1.93127e+006 1.67102e+006 1.48626e+006 1.29703e+006 1.15964e+006 1.04717e+006 927229 839130 750769 708014 672700 650591 636263 618357 600931 578710 571387 549323 553162 564369 565259 567166 563952 564615 567559 562081 534972 516232 506370 508132 512447 518040 524828 525958 532945 537556 545452 554571 562512 563743 572841 581426 579458 581750 573498 570133 566407 564049 1.96736e+007 1.24043e+007 1.30567e+007 1.38156e+007 1.4581e+007 1.52657e+007 1.58335e+007 1.62812e+007 1.66224e+007 1.68767e+007 1.70637e+007 1.72003e+007 1.72997e+007 1.73722e+007 1.74252e+007 1.74642e+007 1.7493e+007 1.75144e+007 1.75304e+007 1.75424e+007 1.75515e+007 1.75584e+007 1.75636e+007 1.75676e+007 1.75707e+007 1.75731e+007 1.75749e+007 1.75762e+007 1.75773e+007 1.75781e+007 1.75788e+007 1.75793e+007 1.75796e+007 1.75799e+007 1.75801e+007 1.75803e+007 1.75805e+007 1.75806e+007 1.75806e+007 1.75807e+007 1.75808e+007 1.75808e+007 1.75808e+007 1.75808e+007 1.75809e+007 1.75809e+007 1.75809e+007 1.75809e+007 1.75809e+007 1.75809e+007 1.75809e+007 1.75809e+007 1.75809e+007 1.75809e+007 1.75809e+007 1.75809e+007 1.75809e+007 1.75809e+007 1.75809e+007 1.75809e+007 1.75809e+007 1.75809e+007 1.75809e+007 1.75809e+007 1.75809e+007 1.75809e+007 1.75809e+007 1.75809e+007 1.75809e+007 1.75809e+007 1.75809e+007 1.75809e+007 1.75809e+007 1.75809e+007 1.75809e+007 1.75809e+007 1.75809e+007 1.75809e+007 1.75809e+007 1.75809e+007 1.75809e+007 1.75809e+007 1.75809e+007 1.75809e+007 1.75809e+007 1.75809e+007 1.75809e+007 1.75809e+007 1.75809e+007 1.75809e+007 1.75809e+007 1.75809e+007 1.75809e+007 1.75809e+007 1.75809e+007 1.75809e+007 1.75809e+007 1.75809e+007 1.75809e+007 1.75809e+007 0 0 0 0 0 0 0 0 0 0 0 0 0 0 0 0 0 0 0 0 0 0 0 0 0
#obs survey bio
 2.77946e+006 2.80153e+006 2.38434e+006 1.72558e+006 2.49782e+006 1.55567e+006 1.25132e+006 936228 1.02576e+006 1.52515e+006 1.32451e+006 790178 804233 696340 656118 435374 728704 648491 554079 579962 573968 661095 411718 427794 682785 511758 581359 470717 721721 493202 746644 683140 480126 614933 306249 609679 700878 572658 499563 526988 454774 579424 603278 446551 528040 435168 819274 660705 544213 450501 517383 759900 458841
#pred catch bio
 254966 263802 297945 291803 301102 320916 273464 290877 251973 231252 234975 203467 198816 155165 145723 132005 123212 124411 122376 124207 109451 119840 97106.5 91646.9 100387 98405 100584 94423.1 89168.5 91927.6 104542 93647 87538.9 82057.1 83878.7 85024.8 85234.6 90871.1 86775.7 89739.9 88110.7 88217 89953.6 96026.9 90268.4 92360.9 102173 99100.9 109135 107014 110238 112479 115153 81359.6 99656.6 104058 109177 114600 119468 123403 126382 128538 130046 131074 131760 132212 132506 132694 132815 132891 132940 132970 132989 133001 133008 133013 133016 133018 133019 133019 133020 133020 133020 133020 133020 133020 133020 133020 133020 133020 133020 133020 133020 133020 133020 133020 133020 133020 133020 133020 133020 133020 133020 133020 133020 133020 133020 133020 133020 133020 133020 133020 133020 133020 133020 133020 133020 133020 133020 133020 133020 133020 133020 133020 133020 133020 133020 133020 133020 133020 133020 133020 133020 133020 133020 133020 133020 133020 133020 133020 133020 133020 133020 133020 133020 133020 133020 133020 133020 133020 133020 133020 133020 0 0 0 0 0 0 0 0 0 0 0 0 0 0 0 0 0 0 0 0 0 0 0 0 0
#obs catch bio
 234028 264347 300104 294204 304458 328420 279878 300883 261231 237112 239588 206359 201726 156706 146910 133684 124296 124996 123776 125634 110562 120944 98109.1 92551 101454 99681.9 101765 95323.4 89612.9 92157.3 104561 93081.1 86859 81210.9 83675.9 84685.9 84805.1 90465.2 86612.6 89535.2 88023.2 88195.7 89658.1 95891.8 89835.9 92136.4 102234 98553.9 108795 106483 109871 111405 115173
#pred cpue bio
 3.45837e+006 3.09339e+006 2.7569e+006 2.42315e+006 2.13407e+006 1.86844e+006 1.61002e+006 1.42656e+006 1.23984e+006 1.10516e+006 995979 879638 794154 708762 667776 633904 612743 599260 582063 565229 543997 537289 516188 519795 530663 531760 534056 531648 533136 537007 532927 507774 489494 478372 478509 482056 487495 494150 495132 501738 506068 513499 522253 529983 531141 539685 547665 545650 547716 539208 535058 530519 527201 1.83633e+007 1.1598e+007 1.22023e+007 1.29002e+007 1.36423e+007 1.43217e+007 1.48884e+007 1.53359e+007 1.56771e+007 1.59314e+007 1.61184e+007 1.6255e+007 1.63544e+007 1.64269e+007 1.64799e+007 1.65189e+007 1.65477e+007 1.65691e+007 1.65851e+007 1.65971e+007 1.66062e+007 1.66131e+007 1.66183e+007 1.66223e+007 1.66254e+007 1.66278e+007 1.66296e+007 1.66309e+007 1.6632e+007 1.66328e+007 1.66335e+007 1.66339e+007 1.66343e+007 1.66346e+007 1.66348e+007 1.6635e+007 1.66352e+007 1.66353e+007 1.66353e+007 1.66354e+007 1.66355e+007 1.66355e+007 1.66355e+007 1.66355e+007 1.66356e+007 1.66356e+007 1.66356e+007 1.66356e+007 1.66356e+007 1.66356e+007 1.66356e+007 1.66356e+007 1.66356e+007 1.66356e+007 1.66356e+007 1.66356e+007 1.66356e+007 1.66356e+007 1.66356e+007 1.66356e+007 1.66356e+007 1.66356e+007 1.66356e+007 1.66356e+007 1.66356e+007 1.66356e+007 1.66356e+007 1.66356e+007 1.66356e+007 1.66356e+007 1.66356e+007 1.66356e+007 1.66356e+007 1.66356e+007 1.66356e+007 1.66356e+007 1.66356e+007 1.66356e+007 1.66356e+007 1.66356e+007 1.66356e+007 1.66356e+007 1.66356e+007 1.66356e+007 1.66356e+007 1.66356e+007 1.66356e+007 1.66356e+007 1.66356e+007 1.66356e+007 1.66356e+007 1.66356e+007 1.66356e+007 1.66356e+007 1.66356e+007 1.66356e+007 1.66356e+007 1.66356e+007 1.66356e+007 1.66356e+007 0 0 0 0 0 0 0 0 0 0 0 0 0 0 0 0 0 0 0 0 0 0 0 0 0
#obs cpue bio
 2.04312e+006 2.73595e+006 2.17171e+006 2.53115e+006 1.41457e+006 992488 1.10918e+006 1.27288e+006 696644 1.12794e+006 1.04766e+006 926477 798489 618909 755024 579412 570124 733501 360839 554011 394757 583006 386995 551584 438020 377018 526203 586658 499158 718988 585496 578996 696225 536118 474041 485849 402340 501943 407162 581735 533078 463910 621625 654300 697266 609322 355872 687596 575006 761843 569567 635937 369900
#pred surv len freq
 0.00520926 0.0084035 0.0125499 0.017606 0.0234536 0.0298276 0.0362712 0.0422225 0.0472075 0.0509895 0.0535767 0.0551321 0.0558793 0.0560406 0.0557956 0.0552577 0.0544732 0.0534306 0.0520526 0.0501586 0.0474377 0.0435124 0.0381316 0.0314151 0.0239656
 0.00568803 0.00910585 0.0134721 0.0187124 0.0247086 0.0312343 0.0378827 0.0441037 0.0493598 0.0532854 0.0557546 0.0568654 0.0568882 0.0561867 0.0551163 0.0539327 0.0527459 0.0515216 0.050098 0.0481979 0.0454546 0.0415025 0.0361542 0.0295932 0.0224355
 0.0059627 0.00958902 0.0142621 0.0199109 0.0263833 0.0333719 0.040361 0.0467164 0.0518912 0.055585 0.0577514 0.0585154 0.0581053 0.0568262 0.0550292 0.0530487 0.0511224 0.0493261 0.0475422 0.0454707 0.0426953 0.0388185 0.0336551 0.0274011 0.020659
 0.00633333 0.0101628 0.0150773 0.0209973 0.0277735 0.0351077 0.0424801 0.0492145 0.0546783 0.0584687 0.0604706 0.0608116 0.059787 0.0577853 0.0552139 0.0524334 0.0497117 0.0471833 0.0448068 0.0423436 0.0394032 0.0355838 0.0306792 0.0248506 0.0186427
 0.00670508 0.0107559 0.0159481 0.0221887 0.0293061 0.0369689 0.0446171 0.0515407 0.0570934 0.0608766 0.0627757 0.0628984 0.0615074 0.0589747 0.0557264 0.0521722 0.0486406 0.0453287 0.0422622 0.0392744 0.0360394 0.0321931 0.0275263 0.022152 0.0165281
 0.00701179 0.0112596 0.0167158 0.0232872 0.0307895 0.0388586 0.0468784 0.0540718 0.0597369 0.0634503 0.0651102 0.0648612 0.0630071 0.0599451 0.0561063 0.0518981 0.047658 0.0436175 0.0398636 0.0363102 0.0327157 0.0287805 0.0243143 0.0193883 0.0143641
 0.0073773 0.0118416 0.0175707 0.0244631 0.0323226 0.0407646 0.0491372 0.0566123 0.062432 0.0661265 0.0675701 0.0669148 0.0645041 0.0607945 0.0562743 0.0513868 0.0464821 0.0417964 0.0374385 0.0333745 0.0294393 0.025408 0.0211261 0.0166358 0.0122067
 0.00753782 0.012117 0.0180124 0.0251296 0.0332695 0.0420273 0.0507139 0.0584566 0.0644597 0.0682282 0.0696218 0.0687837 0.0660544 0.0619009 0.0568386 0.0513492 0.045822 0.0405258 0.0356002 0.0310536 0.0267799 0.0226168 0.0184471 0.0142961 0.0103579
 0.00761332 0.0122717 0.0183054 0.025639 0.0340773 0.0431942 0.0522523 0.0603157 0.0665288 0.0703566 0.0716443 0.0705463 0.067433 0.062809 0.0572247 0.0511894 0.0451135 0.0392862 0.033873 0.0289183 0.024365 0.0201018 0.0160423 0.0121985 0.00870017
 0.00766212 0.0123422 0.0183984 0.0257582 0.0342404 0.0434442 0.0526597 0.0609624 0.0674752 0.071606 0.0731246 0.0721207 0.0689328 0.0640725 0.0581245 0.0516427 0.0450792 0.0387582 0.0328779 0.02752 0.0226715 0.0182651 0.0142405 0.0105996 0.00742146
 0.00780817 0.012561 0.0186924 0.0261163 0.03464 0.0438578 0.0530638 0.0613479 0.0678575 0.0720266 0.0736366 0.0727595 0.0696868 0.0648715 0.0588545 0.0521772 0.0453109 0.0386193 0.0323478 0.0266281 0.0214967 0.01693 0.0128928 0.00938148 0.00643501
 0.00803662 0.0129302 0.0192424 0.0268778 0.0356232 0.0450358 0.0543598 0.0626384 0.0689983 0.0728946 0.0741669 0.0729594 0.0696224 0.0646327 0.058515 0.0517671 0.0448139 0.0379919 0.0315487 0.0256445 0.0203599 0.0157158 0.011706 0.00832784 0.00559061
 0.00810237 0.0130475 0.0194389 0.0271883 0.0360839 0.0456741 0.05518 0.0636096 0.0700493 0.0739195 0.0750446 0.0735841 0.0699338 0.0646323 0.0582574 0.0513303 0.044264 0.0373622 0.0308412 0.0248514 0.0194884 0.0148038 0.0108188 0.00753859 0.00495555
 0.0083175 0.0133739 0.0198876 0.0277566 0.0367602 0.0464446 0.0560304 0.0645199 0.0709852 0.0748257 0.0758446 0.0741899 0.070265 0.0646394 0.0579387 0.0507335 0.0434696 0.0364555 0.0298897 0.0238967 0.0185564 0.0139201 0.0100177 0.00685806 0.00442353
 0.00847711 0.0135995 0.0201643 0.028049 0.0370225 0.0466377 0.056138 0.0645564 0.0709928 0.0748624 0.0759649 0.0744217 0.0705928 0.0650033 0.058254 0.0509212 0.0434828 0.0362891 0.0295715 0.0234704 0.018068 0.0134131 0.00953295 0.00643212 0.00408246
 0.0085192 0.0136847 0.0203211 0.0283084 0.0374029 0.0471256 0.0566764 0.0650544 0.071358 0.0750404 0.0759617 0.074297 0.0704285 0.0648655 0.0581675 0.0508666 0.0434139 0.0361595 0.029355 0.023169 0.0177062 0.0130271 0.00916112 0.00610652 0.00382368
 0.00854665 0.0137154 0.0203437 0.0283087 0.0373741 0.0470795 0.056647 0.0650852 0.0714772 0.0752387 0.0761929 0.0745021 0.0705683 0.0649381 0.0581997 0.0508883 0.0434361 0.0361684 0.0293248 0.023079 0.0175537 0.0128289 0.00894552 0.00590323 0.00365475
 0.00867508 0.0138954 0.0205604 0.0285282 0.0375505 0.0471689 0.0566225 0.0649478 0.0712589 0.074996 0.0759884 0.074381 0.0705419 0.0649855 0.0582855 0.0509827 0.0435221 0.0362369 0.0293661 0.0230819 0.0175111 0.0127443 0.0088338 0.00578532 0.00354959
 0.00867658 0.013925 0.0206531 0.0287276 0.0378908 0.0476495 0.0571902 0.0655032 0.0716887 0.075216 0.0759742 0.0741701 0.0702106 0.0646155 0.0579372 0.0506854 0.0432795 0.0360396 0.0292008 0.0229361 0.0173751 0.0126134 0.00870952 0.00567395 0.00345826
 0.00863906 0.0138692 0.020581 0.0286503 0.0378324 0.0476485 0.0572935 0.0657479 0.0720772 0.0756987 0.0764559 0.0745437 0.070401 0.0646069 0.0577696 0.0504274 0.0429968 0.0357755 0.028974 0.0227476 0.0172181 0.0124808 0.00859734 0.00558152 0.0033864
 0.00866515 0.013909 0.0206359 0.0287201 0.0379157 0.0477446 0.0574045 0.0658811 0.0722451 0.0759128 0.0767148 0.0748218 0.0706472 0.0647609 0.0577877 0.0503028 0.0427608 0.035481 0.0286725 0.0224747 0.0169901 0.0122998 0.00845874 0.0054791 0.00331413
 0.00871777 0.0139692 0.0206804 0.0287125 0.0378182 0.0475352 0.0570917 0.0655067 0.0718742 0.0756162 0.0765516 0.0748258 0.0708182 0.0650616 0.058153 0.0506587 0.0430485 0.0356727 0.028772 0.0225054 0.01698 0.0122709 0.00842472 0.00544718 0.00328771
 0.00894511 0.0143207 0.0211731 0.0293442 0.0385609 0.0483301 0.0578491 0.0661189 0.0722432 0.0756872 0.076333 0.0743836 0.0702498 0.0644632 0.057594 0.0501716 0.0426339 0.0353142 0.0284534 0.0222201 0.0167312 0.0120655 0.00826663 0.00533431 0.00321316
 0.00888779 0.0142381 0.0210691 0.0292301 0.0384541 0.0482497 0.0578104 0.0661279 0.0722928 0.0757573 0.0763967 0.07442 0.0702548 0.0644521 0.0575922 0.0502001 0.0426978 0.0354012 0.0285416 0.0222898 0.0167726 0.01208 0.00826274 0.00532183 0.00319942
 0.00873889 0.0140094 0.0207507 0.0288237 0.037975 0.0477277 0.0572905 0.0656671 0.0719499 0.0755773 0.0763978 0.0745886 0.0705525 0.0648296 0.0580048 0.0506162 0.0430981 0.0357728 0.0288722 0.0225671 0.0169881 0.0122332 0.00836129 0.00537877 0.00322872
 0.00857785 0.0137745 0.020447 0.028473 0.0376092 0.0473783 0.0569815 0.0654139 0.0717631 0.0754673 0.0763746 0.0746583 0.0707123 0.065065 0.0582919 0.0509273 0.0434087 0.036065 0.0291343 0.022791 0.0171685 0.0123681 0.00845349 0.0054357 0.00326014
 0.00840691 0.0135059 0.0200616 0.0279636 0.0369861 0.0466765 0.056263 0.064761 0.0712589 0.0751713 0.0763079 0.0748057 0.0710351 0.0655163 0.0588245 0.0514974 0.0439768 0.0365982 0.029608 0.0231903 0.0174871 0.0126074 0.00862132 0.00554448 0.00332471
 0.00825062 0.0132667 0.0197289 0.0275367 0.0364734 0.0460937 0.0556352 0.0641269 0.0706725 0.0746966 0.0760065 0.07472 0.0711758 0.0658598 0.0593217 0.0520877 0.0446015 0.0372077 0.0301649 0.0236695 0.0178757 0.0129035 0.00883195 0.00568344 0.00340908
 0.0080642 0.0129729 0.0193049 0.0269696 0.0357646 0.0452646 0.0547328 0.0632221 0.0698494 0.0740365 0.0755737 0.074555 0.0712931 0.0662467 0.0599376 0.0528686 0.0454698 0.0380857 0.0309867 0.0243878 0.0184641 0.0133549 0.00915524 0.00589837 0.00354087
 0.00775043 0.0124976 0.0186542 0.0261529 0.0348106 0.0442145 0.0536377 0.0621452 0.0688671 0.0732325 0.0750267 0.0743241 0.0714065 0.0666959 0.0606799 0.0538336 0.0465699 0.0392272 0.0320821 0.0253667 0.0192807 0.0139903 0.00961524 0.00620687 0.00373152
 0.00758213 0.0122175 0.0182221 0.0255318 0.0339794 0.0431858 0.0524708 0.0609429 0.067752 0.072315 0.0743831 0.0739934 0.0713994 0.0670035 0.061276 0.0546723 0.0475847 0.0403357 0.0331953 0.0264022 0.0201747 0.0147063 0.0101458 0.00656927 0.00395871
 0.00833535 0.0132791 0.0195167 0.026883 0.0351542 0.0439696 0.0527319 0.0606571 0.0669884 0.0712029 0.0730793 0.0726533 0.0701557 0.0659541 0.0604817 0.0541606 0.0473528 0.0403523 0.0334045 0.0267319 0.0205501 0.0150641 0.0104442 0.00679089 0.0041063
 0.00909418 0.0144638 0.0211989 0.0290708 0.0377613 0.0467866 0.0554198 0.0627975 0.0681982 0.0712688 0.0720317 0.07074 0.0677379 0.0633907 0.0580539 0.0520479 0.0456439 0.0390668 0.0325138 0.026175 0.0202481 0.0149346 0.0104145 0.00680679 0.00413432
 0.00924597 0.0147712 0.0217734 0.0300518 0.03928 0.0489038 0.0580635 0.0657316 0.0710461 0.07359 0.0734325 0.070983 0.066812 0.0615082 0.0555733 0.0493613 0.04308 0.0368423 0.0307307 0.0248453 0.0193247 0.0143392 0.0100599 0.00661282 0.00403747
 0.00901376 0.0144431 0.0213765 0.0296581 0.0390058 0.0488989 0.0584857 0.0667045 0.072601 0.0756128 0.07565 0.0730147 0.0682772 0.0621458 0.0553205 0.0483571 0.0415989 0.0351946 0.0291758 0.0235459 0.0183437 0.0136639 0.00963469 0.00636812 0.00390914
 0.0088325 0.0141547 0.0209572 0.0290977 0.0383201 0.0481451 0.0577747 0.0661963 0.0724739 0.0760095 0.0766185 0.0744669 0.0699876 0.0638012 0.0566106 0.0490724 0.0416912 0.0347735 0.0284471 0.0227284 0.0176039 0.0130891 0.00924139 0.00612829 0.0037782
 0.00881266 0.0141053 0.0208506 0.0288971 0.037988 0.0476586 0.0571435 0.0654752 0.0717651 0.0754519 0.0763605 0.074625 0.0705995 0.0647926 0.0577994 0.0502177 0.0425727 0.0352646 0.0285462 0.0225364 0.017266 0.0127349 0.00895044 0.00592749 0.00365849
 0.00883665 0.0141389 0.0208898 0.0289306 0.0379956 0.0476104 0.0570035 0.0652113 0.0713664 0.0749459 0.0758227 0.0741695 0.0703498 0.0648395 0.0581608 0.0508212 0.0432735 0.0358969 0.028985 0.022737 0.0172642 0.0126123 0.00879091 0.00578739 0.0035604
 0.00883986 0.0141556 0.0209356 0.0290255 0.0381563 0.0478395 0.0572789 0.0654849 0.0715728 0.0750216 0.0757278 0.0739073 0.0699741 0.0644443 0.0578508 0.0506718 0.0432996 0.0360477 0.0291709 0.0228734 0.0173068 0.0125663 0.00869365 0.00568138 0.00347387
 0.00885713 0.0141701 0.0209337 0.0289893 0.0380727 0.0477112 0.0571311 0.0653586 0.0715064 0.0750294 0.075791 0.0739823 0.0700161 0.0644322 0.0577991 0.0506232 0.0433004 0.0361208 0.0293023 0.023021 0.017425 0.0126293 0.00870278 0.00565658 0.00343825
 0.00888803 0.0142215 0.0210119 0.0290978 0.0382078 0.0478578 0.0572624 0.0654441 0.0715256 0.0749836 0.0757027 0.0738809 0.0699206 0.0643433 0.0577077 0.0505253 0.0432063 0.0360503 0.0292699 0.0230249 0.0174478 0.0126496 0.00870735 0.00564482 0.0034179
 0.00879861 0.014095 0.0208568 0.0289349 0.0380647 0.0477607 0.0572271 0.0654713 0.0716009 0.0750829 0.0758003 0.07396 0.0699775 0.064385 0.0577431 0.050559 0.0432389 0.0360826 0.0293049 0.0230649 0.0174905 0.0126881 0.00873457 0.00565805 0.00341975
 0.00875407 0.0140161 0.0207273 0.0287389 0.0377949 0.0474284 0.0568686 0.0651432 0.0713631 0.0749764 0.0758333 0.0741084 0.070199 0.0646363 0.0579921 0.050788 0.0434414 0.0362577 0.029454 0.02319 0.017593 0.0127681 0.00879243 0.00569524 0.00344011
 0.00873132 0.0139806 0.0206758 0.0286673 0.0376969 0.0472944 0.0566893 0.0649161 0.0711016 0.0747139 0.0756174 0.0739843 0.0701917 0.0647412 0.0581797 0.0510185 0.0436786 0.0364776 0.0296446 0.0233477 0.0177185 0.0128638 0.00886105 0.0057407 0.00346726
 0.00888417 0.0142004 0.0209536 0.0289762 0.0379993 0.0475537 0.0568778 0.0650168 0.0711049 0.0746162 0.0754244 0.0737169 0.0698864 0.0644425 0.0579261 0.0508309 0.043558 0.0364105 0.0296133 0.0233371 0.0177185 0.0128684 0.00886702 0.00574593 0.00347082
 0.00886901 0.0141928 0.020972 0.0290448 0.0381367 0.0477586 0.0571202 0.0652436 0.0712598 0.0746628 0.0753581 0.0735608 0.0696775 0.064219 0.0577207 0.050667 0.0434477 0.0363538 0.0295999 0.0233516 0.0177459 0.0128978 0.0088922 0.00576458 0.00348304
 0.00874243 0.0140109 0.0207437 0.0287966 0.0379094 0.047598 0.0570661 0.0653179 0.0714564 0.0749434 0.0756608 0.0738206 0.0698494 0.0642912 0.0577112 0.0506104 0.0433792 0.0362989 0.0295706 0.0233478 0.0177602 0.0129204 0.00891521 0.00578337 0.00349615
 0.00885127 0.0141579 0.0209105 0.0289505 0.0380155 0.0476384 0.0570528 0.0652902 0.0714624 0.0750156 0.0757989 0.0739902 0.0699964 0.0643645 0.0576825 0.050483 0.0431828 0.0360752 0.0293578 0.0231709 0.0176287 0.0128318 0.0088605 0.0057522 0.00347965
 0.0090032 0.0143856 0.0212159 0.0293181 0.038412 0.048015 0.0573522 0.0654605 0.0714759 0.0748848 0.0755751 0.073742 0.0697788 0.0641975 0.0575518 0.0503578 0.0430385 0.0359063 0.029177 0.0229991 0.0174837 0.0127225 0.00878623 0.00570646 0.00345396
 0.00925506 0.0147772 0.0217706 0.0300427 0.0392913 0.0490067 0.058381 0.06642 0.0722446 0.075355 0.0756834 0.0734884 0.069225 0.063445 0.0567093 0.0495128 0.0422453 0.0351913 0.0285519 0.022471 0.0170578 0.0123988 0.00855679 0.005556 0.00336317
 0.0093665 0.0149652 0.0220659 0.0304769 0.0398888 0.0497713 0.0592831 0.0673913 0.0731859 0.0761537 0.0762359 0.0737201 0.0691072 0.0630024 0.0560146 0.048667 0.0413514 0.0343325 0.0277827 0.0218197 0.016534 0.0119999 0.00827149 0.0053661 0.00324657
 0.00960642 0.0153199 0.0225353 0.0310409 0.0405175 0.0504388 0.0599748 0.0680978 0.0738889 0.0768121 0.076784 0.0740798 0.0692096 0.06281 0.0555346 0.0479525 0.0404881 0.0334179 0.0269048 0.0210427 0.0158936 0.0115063 0.00791616 0.00512815 0.00309934
 0.00943381 0.015117 0.0223712 0.0310226 0.0407542 0.0509902 0.0608126 0.0691091 0.0749201 0.077727 0.0774983 0.0745599 0.0694497 0.0628116 0.0553029 0.0475051 0.0398654 0.0326838 0.0261363 0.0203137 0.0152602 0.0109997 0.00754209 0.00487349 0.00293996
#obs surv len freq
 0.00496873 0.00813662 0.0123726 0.0176893 0.023961 0.0308248 0.0376591 0.0437443 0.0485318 0.0518189 0.0537196 0.0545136 0.0545164 0.0540233 0.0532958 0.0525504 0.0519352 0.051487 0.0510678 0.050308 0.0486247 0.0453866 0.0402161 0.033282 0.0253665
 0.00518329 0.00848955 0.0129111 0.0184595 0.0249979 0.0321376 0.0392165 0.0454712 0.0503214 0.053555 0.0552961 0.0558417 0.0555227 0.0546449 0.0534783 0.0522525 0.0511379 0.0502048 0.0493573 0.048271 0.0464046 0.0431555 0.0381504 0.0315285 0.0240106
 0.00540205 0.00884967 0.0134617 0.0192497 0.0260684 0.0335056 0.0408604 0.0473232 0.0522754 0.0554855 0.0570778 0.0573644 0.0566977 0.0554046 0.0537722 0.0520417 0.050396 0.0489267 0.0475754 0.0460717 0.0439358 0.0406161 0.0357581 0.0294727 0.0224076
 0.00564563 0.00924571 0.0140581 0.0200918 0.0271914 0.034922 0.0425469 0.0492144 0.0542714 0.0574687 0.0589293 0.0589748 0.0579718 0.0562643 0.0541565 0.0519052 0.0497073 0.0476729 0.0457758 0.0437985 0.0413305 0.0378869 0.0331474 0.0272019 0.0206209
 0.00588859 0.00964692 0.0146733 0.0209761 0.0283878 0.0364437 0.0443596 0.0512322 0.0563719 0.0595184 0.0608069 0.0605803 0.0592259 0.0571034 0.0545279 0.0517646 0.0490192 0.0464169 0.043961 0.0414855 0.0386518 0.0350496 0.0304044 0.0247934 0.0187108
 0.00614035 0.0100576 0.0152943 0.021857 0.0295679 0.0379376 0.046142 0.0532301 0.058472 0.061587 0.0627112 0.062205 0.0604815 0.0579264 0.0548754 0.0516057 0.0483289 0.0451782 0.0421786 0.0392097 0.0360031 0.0322254 0.0276542 0.0223613 0.0167693
 0.0063862 0.0104607 0.0159073 0.0227306 0.0307408 0.0394209 0.0479031 0.0551885 0.0605114 0.0635784 0.0645332 0.0637541 0.0616749 0.0587014 0.0551877 0.0514256 0.0476372 0.043965 0.0404523 0.0370174 0.0334543 0.0295029 0.0249937 0.0199982 0.0148742
 0.00662491 0.0108524 0.0165034 0.0235811 0.0318845 0.0408694 0.0496247 0.0571025 0.0624995 0.0655078 0.0662789 0.0652132 0.0627708 0.059382 0.0554202 0.0511902 0.0469222 0.0427668 0.0387834 0.0349242 0.0310383 0.0269312 0.0224825 0.0177656 0.0130803
 0.00683591 0.0112008 0.0170376 0.0243496 0.032926 0.0421978 0.0512132 0.0588779 0.0643524 0.067313 0.0679167 0.0665821 0.0637932 0.0600056 0.0556147 0.050942 0.046228 0.0416312 0.0372248 0.0329891 0.0288202 0.0245805 0.0201924 0.0157309 0.0114445
 0.0070517 0.011553 0.0175704 0.0251048 0.0339352 0.0434691 0.052718 0.0605458 0.0660798 0.0689827 0.0694162 0.067817 0.0646924 0.0605223 0.0557242 0.0506369 0.0455128 0.0405195 0.035742 0.0311843 0.0267811 0.0224414 0.0181228 0.0139002 0.00997642
 0.00727685 0.0119209 0.018127 0.0258928 0.0349843 0.044781 0.0542526 0.0622174 0.0677714 0.0705696 0.0707888 0.0688919 0.0654149 0.060863 0.0556743 0.0502025 0.0447097 0.0393707 0.0342808 0.0294624 0.0248812 0.0204832 0.0162523 0.0122606 0.00866988
 0.00745063 0.0122107 0.0185764 0.0265466 0.0358782 0.0459266 0.0556215 0.0637365 0.0693331 0.0720535 0.0720827 0.0699067 0.0660906 0.0611691 0.0556052 0.0497711 0.0439401 0.0382943 0.0329369 0.0279051 0.0231883 0.0187602 0.0146234 0.0108444 0.00754829
 0.00753821 0.0123558 0.0188007 0.0268742 0.0363338 0.0465306 0.056383 0.064646 0.0703583 0.0731387 0.0731535 0.0708785 0.0668806 0.0617084 0.0558476 0.0496949 0.0435464 0.0376023 0.0319814 0.0267382 0.0218828 0.0174106 0.013337 0.00972129 0.0066571
 0.00759686 0.012443 0.0189174 0.0270182 0.0365031 0.0467291 0.0566233 0.0649489 0.0707465 0.0736276 0.0737412 0.0715387 0.0675618 0.0623397 0.0563512 0.0500014 0.0436064 0.0373934 0.0315102 0.0260396 0.0210183 0.0164638 0.0124033 0.00888902 0.00598813
 0.00766578 0.0125476 0.0190606 0.0271967 0.0367077 0.0469458 0.056836 0.0651442 0.0709203 0.0737905 0.0739177 0.0717572 0.0678393 0.0626692 0.0566963 0.0503031 0.0437978 0.0374173 0.0313335 0.0256621 0.0204748 0.0158182 0.0117354 0.00827626 0.00548675
 0.00770667 0.0126104 0.0191481 0.0273086 0.0368403 0.0470915 0.056984 0.0652813 0.0710344 0.0738761 0.0739798 0.0718128 0.0679127 0.0627818 0.0568556 0.0504932 0.0439791 0.0375361 0.031339 0.0255238 0.0201942 0.0154302 0.0112981 0.00785335 0.00512889
 0.00774731 0.0126704 0.0192271 0.0274023 0.0369416 0.0471928 0.0570785 0.0653636 0.0711005 0.0739235 0.0740088 0.0718276 0.0679228 0.0628009 0.0568973 0.050564 0.0440707 0.0376229 0.0313837 0.025491 0.0200655 0.015214 0.0110275 0.0075738 0.00488169
 0.00783626 0.0128075 0.019419 0.0276487 0.0372338 0.0475129 0.0573991 0.0656506 0.0713204 0.0740524 0.0740383 0.0717659 0.0677901 0.0626239 0.0567042 0.0503791 0.0439098 0.0374881 0.0312624 0.0253616 0.0199084 0.0150224 0.0108125 0.00735923 0.00469332
 0.00783696 0.0128139 0.0194383 0.0276905 0.0373076 0.0476237 0.0575437 0.0658167 0.071489 0.0742026 0.0741524 0.0718328 0.0678065 0.0625948 0.056641 0.0502969 0.043823 0.037406 0.0311861 0.0252836 0.0198176 0.0149118 0.0106848 0.00722702 0.00457293
 0.00786269 0.0128466 0.0194712 0.0277131 0.0373104 0.0476047 0.0575123 0.0657917 0.0714906 0.0742423 0.0742278 0.0719287 0.0679023 0.0626718 0.0566881 0.0503123 0.0438123 0.0373777 0.0311472 0.0252366 0.0197609 0.0148432 0.0106057 0.00714402 0.00449582
 0.00788943 0.0128871 0.0195258 0.0277791 0.0373806 0.0476676 0.0575541 0.0658006 0.0714628 0.0741867 0.0741644 0.0718799 0.067883 0.0626829 0.0567187 0.0503465 0.0438369 0.0373862 0.0311391 0.0252141 0.0197264 0.0147987 0.010554 0.00708993 0.00444541
 0.00791132 0.0129203 0.0195716 0.0278365 0.037447 0.0477383 0.0576219 0.0658563 0.071496 0.0741894 0.0741344 0.0718238 0.0678152 0.0626208 0.0566749 0.0503246 0.0438314 0.0373872 0.0311371 0.0252036 0.0197058 0.0147693 0.0105188 0.00705307 0.00441125
 0.00790606 0.0129115 0.0195579 0.0278167 0.0374206 0.0477061 0.0575869 0.0658226 0.0714684 0.0741709 0.0741254 0.0718227 0.0678195 0.0626301 0.0566913 0.0503509 0.0438684 0.0374315 0.031182 0.0252414 0.0197312 0.0147804 0.0105173 0.00704296 0.00439736
 0.00787787 0.0128646 0.0194857 0.0277132 0.0372825 0.0475363 0.0573966 0.0656315 0.0713004 0.0740482 0.0740628 0.0718245 0.0678802 0.0627371 0.0568291 0.050505 0.0440271 0.0375856 0.0313239 0.0253643 0.0198299 0.0148524 0.0105639 0.00706872 0.00440848
 0.00786803 0.0128428 0.0194421 0.0276354 0.0371587 0.0473605 0.0571739 0.0653795 0.0710464 0.073823 0.0738947 0.0717335 0.0678752 0.0628143 0.0569741 0.0506969 0.0442431 0.0378053 0.031531 0.0255472 0.0199809 0.0149684 0.0106458 0.00712108 0.00443835
 0.00787258 0.0128467 0.0194412 0.0276226 0.0371247 0.0472953 0.0570691 0.0652317 0.0708601 0.0736128 0.073684 0.0715511 0.0677478 0.0627605 0.057 0.0507951 0.0443963 0.0379909 0.0317259 0.0257319 0.0201414 0.0150968 0.0107402 0.00718448 0.00447687
 0.00784585 0.0128066 0.0193868 0.0275549 0.0370457 0.0472067 0.0569713 0.065124 0.0707421 0.0734856 0.0735529 0.0714262 0.0676443 0.0626959 0.0569892 0.050846 0.0445064 0.0381473 0.0319088 0.0259194 0.0203142 0.0152416 0.0108509 0.00726165 0.00452569
 0.00783864 0.0127903 0.0193543 0.0274977 0.0369565 0.0470844 0.0568238 0.0649671 0.0705938 0.0733603 0.0734565 0.0713579 0.0676011 0.0626769 0.056998 0.0508892 0.0445889 0.0382683 0.0320596 0.0260848 0.0204765 0.015385 0.0109656 0.00734471 0.00458006
 0.007802 0.0127333 0.019273 0.0273897 0.0368211 0.0469224 0.0566388 0.0647676 0.0703944 0.0731802 0.073316 0.0712727 0.0675779 0.0627123 0.0570825 0.0510116 0.0447402 0.0384416 0.0322478 0.0262778 0.0206613 0.0155487 0.0110984 0.00744277 0.00464568
 0.00776589 0.0126713 0.0191739 0.0272421 0.0366174 0.0466639 0.05634 0.0644552 0.0701014 0.0729367 0.0731437 0.0711829 0.0675731 0.0627884 0.0572288 0.0512127 0.0449783 0.0386993 0.0325098 0.0265305 0.0208926 0.0157479 0.0112581 0.00756072 0.00472517
 0.00775358 0.0126499 0.019139 0.0271877 0.0365364 0.0465492 0.0561869 0.0642644 0.0698814 0.0727054 0.0729258 0.0710046 0.0674563 0.0627458 0.0572628 0.0513165 0.0451384 0.0388985 0.0327294 0.0267529 0.0211019 0.0159314 0.0114074 0.00767257 0.00480175
 0.00932877 0.0148542 0.0217979 0.0299192 0.0388621 0.0480719 0.0567302 0.0638986 0.0688408 0.0712681 0.0713269 0.0694072 0.0659596 0.0614057 0.0561079 0.0503564 0.0443688 0.0383047 0.0322901 0.0264431 0.0208959 0.0158039 0.0113354 0.00763634 0.00478618
 0.00930561 0.0151078 0.0226931 0.0319086 0.0422889 0.0529035 0.0623898 0.0693593 0.072991 0.0733505 0.0711884 0.0674398 0.06283 0.0577706 0.0524519 0.0469664 0.0413819 0.0357682 0.030204 0.024783 0.0196232 0.0148705 0.0106858 0.00721126 0.00452701
 0.00895183 0.0145519 0.0219139 0.0309558 0.0413361 0.052284 0.062557 0.070726 0.0756846 0.0770308 0.0750887 0.0706592 0.0647091 0.0581202 0.0515233 0.0452408 0.039342 0.0337662 0.0284379 0.0233331 0.0184986 0.0140434 0.0101108 0.00683598 0.00429888
 0.00877608 0.0142548 0.0214464 0.0302687 0.0403989 0.0511189 0.0612813 0.0695797 0.0750098 0.0771765 0.0762565 0.0727579 0.067323 0.0606445 0.0534089 0.0462026 0.039416 0.033211 0.0275751 0.0224251 0.017703 0.0134239 0.0096704 0.00654718 0.00412395
 0.00871447 0.014148 0.0212723 0.0299996 0.0400041 0.0505717 0.0605716 0.0687321 0.0741042 0.0763631 0.0757461 0.0727686 0.0679852 0.0619076 0.0550175 0.0477807 0.0406209 0.033866 0.0277046 0.0221913 0.0173031 0.0130128 0.00933274 0.00630813 0.00397349
 0.00869127 0.0141097 0.021213 0.0299116 0.0398771 0.0503921 0.0603231 0.068399 0.0736789 0.075859 0.0752135 0.0723051 0.0677247 0.0619779 0.055476 0.0485632 0.0415469 0.0347088 0.0282894 0.0224585 0.0173053 0.0128609 0.00913443 0.00613275 0.00384806
 0.00868575 0.0140991 0.0211939 0.0298797 0.0398274 0.0503201 0.0602247 0.0682699 0.0735132 0.0756495 0.0749575 0.0720141 0.0674367 0.0617605 0.0554104 0.0487085 0.0419011 0.0351945 0.0287814 0.0228402 0.017518 0.0129155 0.00908687 0.00604589 0.00376573
 0.00865685 0.0140562 0.021137 0.029811 0.0397507 0.0502389 0.0601412 0.0681846 0.0734253 0.0755566 0.0748557 0.0719 0.0673115 0.0616373 0.055319 0.0486907 0.0419921 0.0354 0.0290648 0.0231345 0.0177564 0.0130612 0.00914261 0.00604107 0.00373486
 0.00864867 0.0140396 0.021106 0.029759 0.0396728 0.0501352 0.0600196 0.0680593 0.0733121 0.0754668 0.0747922 0.0718576 0.0672812 0.0616122 0.0552999 0.0486892 0.0420281 0.0354909 0.0292121 0.0233173 0.0179379 0.0132062 0.00923342 0.00608122 0.00374136
 0.00866462 0.0140635 0.0211379 0.0297967 0.0397114 0.050167 0.060035 0.0680494 0.0732719 0.0753986 0.074705 0.0717638 0.0671918 0.061533 0.0552335 0.0486381 0.0419983 0.0354914 0.0292496 0.0233889 0.0180291 0.0132957 0.00930304 0.00612338 0.00375941
 0.00865453 0.0140525 0.0211311 0.0298018 0.0397359 0.0502142 0.0601011 0.0681224 0.0733354 0.0754368 0.0747079 0.07173 0.0671279 0.0614511 0.0551465 0.0485573 0.0419325 0.0354476 0.0292327 0.0233997 0.0180622 0.0133399 0.00934566 0.00615531 0.00377793
 0.0086318 0.014017 0.0210808 0.0297368 0.03966 0.0501358 0.0600328 0.0680786 0.073327 0.0754657 0.0747651 0.0717986 0.0671902 0.061495 0.0551686 0.0485618 0.041928 0.0354435 0.0292367 0.0234161 0.0180904 0.0133754 0.00938135 0.00618484 0.00379815
 0.00864003 0.014027 0.0210897 0.0297398 0.0396517 0.0501125 0.0599947 0.0680308 0.0732787 0.0754278 0.0747465 0.071803 0.0672139 0.0615284 0.0552001 0.0485831 0.0419367 0.0354429 0.0292334 0.0234165 0.0180982 0.0133902 0.00939973 0.00620257 0.00381203
 0.00862393 0.014005 0.0210639 0.0297145 0.0396311 0.0500983 0.0599848 0.06802 0.0732618 0.0754035 0.074719 0.0717804 0.0672045 0.0615366 0.0552244 0.0486167 0.0419713 0.0354726 0.0292563 0.0234344 0.0181141 0.0134062 0.00941581 0.0062173 0.00382381
 0.00861428 0.0139888 0.0210389 0.0296788 0.0395848 0.0500448 0.0599307 0.0679743 0.0732318 0.0753916 0.0747221 0.0717928 0.0672213 0.0615567 0.055249 0.0486472 0.0420066 0.0355093 0.0292906 0.0234639 0.0181384 0.0134262 0.00943243 0.00623079 0.00383406
 0.00861428 0.0139888 0.0210389 0.0296788 0.0395848 0.0500448 0.0599307 0.0679743 0.0732318 0.0753916 0.0747221 0.0717928 0.0672213 0.0615567 0.055249 0.0486472 0.0420066 0.0355093 0.0292906 0.0234639 0.0181384 0.0134262 0.00943243 0.00623079 0.00383406
 0.00871502 0.0141462 0.0212633 0.0299734 0.0399427 0.0504462 0.060341 0.0683473 0.0735199 0.0755583 0.0747515 0.0716903 0.0670094 0.0612667 0.0549154 0.0483023 0.041677 0.0352135 0.0290388 0.0232593 0.0179798 0.0133094 0.0093515 0.00617865 0.00380316
 0.0087129 0.0141523 0.0212902 0.0300383 0.0400632 0.0506325 0.0605892 0.068637 0.0738176 0.0758255 0.0749527 0.0718004 0.0670178 0.0611781 0.0547474 0.0480807 0.04143 0.0349672 0.0288131 0.0230667 0.0178258 0.0131938 0.00927038 0.00612567 0.00377124
 0.00892089 0.0144783 0.0217571 0.0306572 0.0408282 0.0515155 0.0615344 0.069562 0.0746253 0.0764244 0.0752769 0.0718209 0.0667442 0.060653 0.0540364 0.0472596 0.0405736 0.0341399 0.0280639 0.0224272 0.0173104 0.0128024 0.00899138 0.00594012 0.00365687
 0.0089409 0.0145319 0.0218763 0.0308836 0.0412012 0.0520543 0.0622223 0.0703435 0.0754179 0.0771389 0.0758348 0.0721654 0.0668442 0.0605052 0.0536643 0.0467104 0.0399103 0.033431 0.0273729 0.0218043 0.0167878 0.0123937 0.00869383 0.00573923 0.00353171
 0.0089936 0.0146115 0.0219863 0.0310266 0.0413836 0.0522893 0.0625298 0.0707408 0.0759058 0.0776893 0.07639 0.0726496 0.0671843 0.0606495 0.0535926 0.0464353 0.0394712 0.032885 0.0267843 0.0212333 0.0162817 0.0119811 0.00838412 0.00552532 0.00339622
 0.00898269 0.0145965 0.0219687 0.0310097 0.0413717 0.0522876 0.0625453 0.0707846 0.075995 0.0778438 0.0766236 0.0729578 0.0675363 0.0609908 0.0538605 0.046578 0.0394639 0.0327351 0.0265257 0.0209153 0.0159553 0.0116873 0.00814759 0.00535365 0.00328354
#pred catch len freq
 0.00398526 0.00635429 0.00936708 0.0129963 0.0172386 0.0220846 0.0274474 0.0331255 0.0388341 0.0442645 0.0491349 0.0532286 0.0564241 0.058701 0.0601139 0.0607535 0.0607143 0.0600676 0.0588179 0.056839 0.053836 0.049418 0.0433222 0.0356973 0.0272343
 0.00440808 0.00697815 0.0101941 0.0140034 0.0184056 0.0234269 0.0290231 0.0349984 0.0410028 0.0466011 0.0513786 0.055051 0.0575363 0.0589502 0.059524 0.059498 0.0590395 0.0582011 0.0568995 0.0549042 0.0518589 0.0473859 0.0412941 0.0338059 0.0256311
 0.00469667 0.00746239 0.0109477 0.015097 0.0198839 0.0252807 0.0311747 0.037319 0.0433604 0.0489009 0.0535565 0.0570208 0.0591408 0.0599698 0.0597516 0.0588328 0.0575365 0.0560448 0.054326 0.0521233 0.0490219 0.0446064 0.0386876 0.0315039 0.0237541
 0.00505629 0.00801662 0.0117307 0.0161349 0.0212079 0.026937 0.0332131 0.0397552 0.0461282 0.0518302 0.0564003 0.0595211 0.0610899 0.0612266 0.0602195 0.058441 0.0562561 0.0539267 0.0515185 0.0488505 0.0455383 0.0411599 0.0355011 0.0287617 0.0215786
 0.00543857 0.00861678 0.0125946 0.0172925 0.0226714 0.0287005 0.0352509 0.0420245 0.0485752 0.0543886 0.0589748 0.0619665 0.0632082 0.0627981 0.0610504 0.0583997 0.055286 0.0520476 0.0488314 0.0455419 0.04187 0.0374367 0.032024 0.0257768 0.0192344
 0.00580175 0.0091961 0.0134474 0.0184684 0.0242089 0.0306165 0.0375253 0.0445864 0.0513022 0.057123 0.0615512 0.0642352 0.0650446 0.0640946 0.0617035 0.0583084 0.0543688 0.0502712 0.0462397 0.0422751 0.0381669 0.0336102 0.0284084 0.022658 0.0167882
 0.00614899 0.00974313 0.0142407 0.0195469 0.0256057 0.0323585 0.0396225 0.0470131 0.0539786 0.059908 0.0642524 0.0666388 0.0669562 0.0653706 0.0622603 0.058107 0.0533939 0.0485248 0.0437585 0.0391635 0.0346213 0.0299139 0.0248862 0.0196017 0.0143847
 0.00640172 0.0101513 0.014851 0.0204042 0.0267486 0.0338115 0.0413846 0.0490497 0.0562203 0.0622541 0.066575 0.0687872 0.068767 0.0666878 0.0629582 0.0581064 0.0526635 0.0470738 0.0416351 0.0364664 0.0315198 0.0266519 0.0217512 0.0168615 0.0122182
 0.00649428 0.0103241 0.0151543 0.0209037 0.0275176 0.0349128 0.0428497 0.0508613 0.0583053 0.0644888 0.0688007 0.070834 0.0704772 0.0679326 0.0636435 0.0581722 0.0520819 0.0458497 0.0398111 0.0341337 0.0288295 0.0238164 0.0190193 0.0144668 0.0103195
 0.00656492 0.0104295 0.0152986 0.0210934 0.0277714 0.035273 0.043384 0.051648 0.0594023 0.0658995 0.0704545 0.0725925 0.0721638 0.0693696 0.0646826 0.0587093 0.0520587 0.0452499 0.0386597 0.0325024 0.0268447 0.0216575 0.0168976 0.0125818 0.00881084
 0.00677358 0.0107427 0.015721 0.0216109 0.0283547 0.0358859 0.0439936 0.0522358 0.0599751 0.0664918 0.0711146 0.0733528 0.0730097 0.0702268 0.0654313 0.0592159 0.0522092 0.044972 0.0379329 0.0313622 0.0253838 0.02002 0.0152576 0.0111065 0.0076197
 0.00698634 0.0110819 0.0162183 0.022289 0.0292206 0.0369204 0.0451419 0.053407 0.0610574 0.067382 0.0717485 0.0737224 0.0731575 0.0702182 0.0653171 0.059006 0.0518692 0.0444437 0.0371661 0.0303437 0.0241538 0.0186719 0.0139191 0.00990633 0.00665165
 0.00711554 0.0112921 0.016536 0.0227417 0.0298341 0.0377128 0.0461121 0.0545217 0.0622429 0.0685273 0.072724 0.074412 0.0734933 0.0702001 0.0650047 0.0584859 0.0512154 0.0436935 0.0363218 0.0293963 0.023113 0.0175833 0.0128606 0.00896512 0.00589458
 0.00723773 0.0114768 0.0167897 0.0230656 0.0302303 0.0381911 0.0466914 0.0552213 0.0630658 0.0694423 0.073657 0.0752544 0.0741269 0.0705312 0.0649926 0.0581517 0.0506268 0.0429339 0.0354616 0.0284828 0.0221787 0.0166636 0.0120025 0.00822062 0.00530365
 0.00738196 0.0116812 0.0170414 0.0233335 0.0304741 0.0383769 0.0468064 0.0552816 0.0631147 0.0695388 0.0738557 0.0755807 0.0745583 0.0709963 0.0653925 0.0583947 0.050659 0.0427497 0.0350943 0.027984 0.0216033 0.0160634 0.0114269 0.00771369 0.00489709
 0.00739903 0.0117236 0.0171306 0.0234943 0.030723 0.0387071 0.0471785 0.0556311 0.0633764 0.069677 0.0738819 0.0755476 0.0745329 0.0710268 0.0654848 0.0585109 0.0507362 0.0427296 0.0349458 0.0277109 0.0212371 0.0156507 0.0110162 0.00734672 0.00460145
 0.00740518 0.0117247 0.0171178 0.0234587 0.0306639 0.0386408 0.0471399 0.0556612 0.0634991 0.0698802 0.0741191 0.0757622 0.0746897 0.0711273 0.0655571 0.0585824 0.0508114 0.0427859 0.0349485 0.0276342 0.0210781 0.0154301 0.0107693 0.00711032 0.00440326
 0.00753781 0.0119126 0.0173484 0.0237006 0.0308731 0.0387735 0.0471666 0.0555777 0.0633316 0.0696799 0.073945 0.0756571 0.0746638 0.0711602 0.0656164 0.0586432 0.0508621 0.0428206 0.0349581 0.0276056 0.0210022 0.0153101 0.0106222 0.00696004 0.00427151
 0.00755523 0.0119606 0.0174552 0.0239002 0.0311911 0.0392072 0.0476707 0.0560687 0.0637133 0.0698786 0.0739369 0.0754728 0.0743703 0.0708316 0.0653081 0.0583815 0.0506491 0.042646 0.0348081 0.0274676 0.0208664 0.0151726 0.0104863 0.00683495 0.00416702
 0.00755371 0.0119601 0.0174603 0.0239218 0.0312498 0.0393348 0.0479037 0.0564313 0.0641941 0.0704171 0.0744318 0.0758171 0.0744946 0.0707297 0.0650321 0.058012 0.0502612 0.042289 0.0345028 0.0272144 0.020657 0.0149979 0.0103407 0.00671672 0.00407624
 0.00752667 0.0119195 0.0174056 0.0238554 0.0311783 0.0392697 0.0478637 0.0564432 0.0642898 0.0706217 0.0747471 0.076208 0.0748899 0.0710442 0.0652001 0.0580127 0.0501217 0.0420648 0.0342511 0.0269761 0.0204519 0.0148308 0.010209 0.0066162 0.00400304
 0.00763183 0.0120624 0.0175688 0.024005 0.0312729 0.0392757 0.0477689 0.056262 0.0640601 0.070396 0.0745811 0.0761461 0.0749501 0.0712082 0.0654167 0.0582164 0.0502589 0.0421122 0.034218 0.0268912 0.0203468 0.0147284 0.0101215 0.00654762 0.00395299
 0.00774695 0.0122409 0.0178199 0.0243278 0.0316523 0.0396791 0.0481458 0.056552 0.0642097 0.0703793 0.0744112 0.0758715 0.074637 0.0709176 0.0651857 0.0580502 0.0501369 0.042004 0.0341006 0.0267585 0.0202074 0.0145972 0.0100108 0.00646324 0.0038943
 0.00766175 0.012116 0.0176577 0.0241406 0.0314608 0.0395075 0.0480162 0.0564785 0.0641932 0.0704056 0.0744572 0.0759168 0.074676 0.0709627 0.0652579 0.0581648 0.0502917 0.0421786 0.0342657 0.0268894 0.020293 0.0146405 0.0100238 0.00645953 0.00388453
 0.00755549 0.0119534 0.0174322 0.0238539 0.031123 0.0391374 0.0476419 0.0561365 0.0639235 0.0702428 0.0744197 0.0760014 0.0748599 0.0712128 0.0655436 0.0584653 0.0505945 0.0424733 0.0345389 0.027125 0.0204783 0.0147714 0.0101057 0.00650438 0.0039055
 0.0073939 0.0117168 0.0171245 0.023495 0.0307428 0.0387657 0.0473017 0.0558439 0.0636921 0.0700877 0.0743572 0.0760436 0.0750081 0.0714539 0.0658514 0.0588079 0.0509428 0.0428054 0.0348397 0.0273839 0.0206877 0.0149284 0.0102132 0.00657065 0.00394197
 0.00723828 0.0114746 0.0167811 0.0230467 0.0302003 0.0381574 0.0466754 0.0552622 0.0632197 0.069775 0.0742292 0.0760998 0.0752297 0.0718112 0.0663087 0.0593253 0.0514794 0.0433238 0.0353101 0.0277866 0.0210128 0.0151745 0.0103865 0.00668317 0.00400866
 0.00705834 0.0112007 0.016403 0.022566 0.029628 0.037511 0.04598 0.0545559 0.0625575 0.069226 0.0738638 0.0759708 0.075356 0.0721728 0.0668545 0.0599885 0.0521923 0.0440271 0.0359579 0.0283472 0.0214692 0.015523 0.0106349 0.0068472 0.00410829
