SBPRF35
7.78865
Curr Bio
578612
B35
663232
F35
0.226853
FOFL
0.205989
OFL
93770.9
Bzero
2.22533e+006
#pred survey bio
 3.53481e+006 3.16871e+006 2.8305e+006 2.4951e+006 2.20404e+006 1.93643e+006 1.67552e+006 1.49016e+006 1.30043e+006 1.16262e+006 1.04982e+006 929636 841346 752833 709951 674538 652347 637954 620001 602530 580268 572912 550827 554650 565848 566732 568627 565397 566036 568948 563426 536268 517512 507663 509431 513732 519311 526085 527193 534139 538684 546476 555435 563133 563999 572553 580324 577153 577670 566769 559391 549419 537690 525169 562988 578678 2.11804e+007 1.33826e+007 1.40394e+007 1.47007e+007 1.53144e+007 1.58407e+007 1.6268e+007 1.66019e+007 1.68563e+007 1.7047e+007 1.71885e+007 1.7293e+007 1.73702e+007 1.74273e+007 1.74697e+007 1.75013e+007 1.75249e+007 1.75427e+007 1.75561e+007 1.75663e+007 1.75741e+007 1.758e+007 1.75845e+007 1.7588e+007 1.75907e+007 1.75927e+007 1.75943e+007 1.75955e+007 1.75965e+007 1.75972e+007 1.75978e+007 1.75982e+007 1.75985e+007 1.75988e+007 1.7599e+007 1.75991e+007 1.75993e+007 1.75994e+007 1.75994e+007 1.75995e+007 1.75995e+007 1.75996e+007 1.75996e+007 1.75996e+007 1.75996e+007 1.75996e+007 1.75996e+007 1.75996e+007 1.75997e+007 1.75997e+007 1.75997e+007 1.75997e+007 1.75997e+007 1.75997e+007 1.75997e+007 1.75997e+007 1.75997e+007 1.75997e+007 1.75997e+007 1.75997e+007 1.75997e+007 1.75997e+007 1.75997e+007 1.75997e+007 1.75997e+007 1.75997e+007 1.75997e+007 1.75997e+007 1.75997e+007 1.75997e+007 1.75997e+007 1.75997e+007 1.75997e+007 1.75997e+007 1.75997e+007 1.75997e+007 1.75997e+007 1.75997e+007 1.75997e+007 1.75997e+007 1.75997e+007 1.75997e+007 1.75997e+007 1.75997e+007 1.75997e+007 1.75997e+007 1.75997e+007 1.75997e+007 1.75997e+007 1.75997e+007 1.75997e+007 1.75997e+007 1.75997e+007 1.75997e+007 1.75997e+007 1.75997e+007 1.75997e+007 1.75997e+007 1.75997e+007 1.75997e+007 0 0 0 0 0 0 0 0 0 0 0 0 0 0 0 0 0 0 0 0 0 0 0 0 0
#obs survey bio
 2.77946e+006 2.80153e+006 2.38434e+006 1.72558e+006 2.49782e+006 1.55567e+006 1.25132e+006 936228 1.02576e+006 1.52515e+006 1.32451e+006 790178 804233 696340 656118 435374 728704 648491 554079 579962 573968 661095 411718 427794 682785 511758 581359 470717 721721 493202 746644 683140 480126 614933 306249 609679 700878 572658 499563 526988 454774 579424 603278 446551 528040 435168 819274 660705 544213 450501 517383 759900 458841 709219 656162 485093
#pred catch bio
 254585 263793 297930 291777 301062 320857 273408 290800 251905 231181 234888 203393 198739 155113 145673 131963 123172 124367 122334 124163 109416 119796 97077.5 91620.5 100354 98374.6 100552 94394.4 89142.2 91899.2 104504 93615.4 87510.4 82031.1 83852.7 84997.8 85207.6 90840.9 86749.2 89711.9 88084.8 88192.1 89928.9 96001.1 90248.2 92343.5 102158 99098.4 109148 107051 110313 112644 115115 78338.4 103922 100105 93770.9 107276 111797 116213 120350 123831 126543 128548 129975 130962 131628 132071 132360 132548 132668 132745 132793 132824 132843 132855 132863 132868 132870 132872 132873 132874 132875 132875 132875 132875 132875 132875 132875 132875 132875 132875 132875 132875 132875 132875 132875 132875 132875 132875 132875 132875 132875 132875 132875 132875 132875 132875 132875 132875 132875 132875 132875 132875 132875 132875 132875 132875 132875 132875 132875 132875 132875 132875 132875 132875 132875 132875 132875 132875 132875 132875 132875 132875 132875 132875 132875 132875 132875 132875 132875 132875 132875 132875 132875 132875 132875 132875 132875 132875 132875 132875 132875 132875 132875 132875 0 0 0 0 0 0 0 0 0 0 0 0 0 0 0 0 0 0 0 0 0 0 0 0 0
#obs catch bio
 234028 264347 300104 294204 304458 328420 279878 300883 261231 237112 239588 206359 201726 156706 146910 133684 124296 124996 123776 125634 110562 120944 98109.1 92551 101454 99681.9 101765 95323.4 89612.9 92157.3 104561 93081.1 86859 81210.9 83675.9 84685.9 84805.1 90465.2 86612.6 89535.2 88023.2 88195.7 89658.1 95891.8 89835.9 92136.4 102234 98553.9 108795 106483 109871 111405 115173 77630.5 103866 100036
#pred cpue bio
 3.46465e+006 3.10059e+006 2.76394e+006 2.42965e+006 2.13988e+006 1.87353e+006 1.61444e+006 1.43038e+006 1.24315e+006 1.10806e+006 998544 881958 796280 710736 669627 635655 614412 600866 583619 566740 545469 538731 517607 521197 532056 533148 535438 533019 534491 538339 534224 509025 490709 479579 479721 483262 488691 495336 496296 502867 507137 514474 523085 530599 531428 539481 546726 543624 544089 533194 525447 515362 503564 490510 525678 539690 1.97615e+007 1.25134e+007 1.31421e+007 1.37699e+007 1.43712e+007 1.48947e+007 1.53214e+007 1.56552e+007 1.59096e+007 1.61002e+007 1.62417e+007 1.63463e+007 1.64235e+007 1.64806e+007 1.65229e+007 1.65545e+007 1.65782e+007 1.65959e+007 1.66094e+007 1.66196e+007 1.66273e+007 1.66333e+007 1.66378e+007 1.66413e+007 1.6644e+007 1.6646e+007 1.66476e+007 1.66488e+007 1.66497e+007 1.66505e+007 1.6651e+007 1.66515e+007 1.66518e+007 1.6652e+007 1.66522e+007 1.66524e+007 1.66525e+007 1.66526e+007 1.66527e+007 1.66527e+007 1.66528e+007 1.66528e+007 1.66528e+007 1.66529e+007 1.66529e+007 1.66529e+007 1.66529e+007 1.66529e+007 1.66529e+007 1.66529e+007 1.66529e+007 1.66529e+007 1.66529e+007 1.66529e+007 1.66529e+007 1.66529e+007 1.66529e+007 1.66529e+007 1.66529e+007 1.66529e+007 1.66529e+007 1.66529e+007 1.66529e+007 1.66529e+007 1.66529e+007 1.66529e+007 1.66529e+007 1.66529e+007 1.66529e+007 1.66529e+007 1.66529e+007 1.66529e+007 1.66529e+007 1.66529e+007 1.66529e+007 1.66529e+007 1.66529e+007 1.66529e+007 1.66529e+007 1.66529e+007 1.66529e+007 1.66529e+007 1.66529e+007 1.66529e+007 1.66529e+007 1.66529e+007 1.66529e+007 1.66529e+007 1.66529e+007 1.66529e+007 1.66529e+007 1.66529e+007 1.66529e+007 1.66529e+007 1.66529e+007 1.66529e+007 1.66529e+007 1.66529e+007 1.66529e+007 1.66529e+007 0 0 0 0 0 0 0 0 0 0 0 0 0 0 0 0 0 0 0 0 0 0 0 0 0
#obs cpue bio
 2.04312e+006 2.73595e+006 2.17171e+006 2.53115e+006 1.41457e+006 992488 1.10918e+006 1.27288e+006 696644 1.12794e+006 1.04766e+006 926477 798489 618909 755024 579412 570124 733501 360839 554011 394757 583006 386995 551584 438020 377018 526203 586658 499158 718988 585496 578996 696225 536118 474041 485849 402340 501943 407162 581735 533078 463910 621625 654300 697266 609322 355872 687596 575006 761843 569567 635937 369900 476337 396972 541729
#pred surv len freq
 0.00517736 0.00836726 0.0125238 0.0176123 0.0235149 0.0299566 0.0364621 0.0424515 0.0474409 0.0511963 0.0537368 0.0552385 0.0559349 0.0560531 0.0557736 0.0552077 0.0543991 0.0533338 0.0519331 0.0500165 0.0472762 0.0433395 0.0379596 0.0312584 0.0238363
 0.00565927 0.00907257 0.0134465 0.0187129 0.0247536 0.0313328 0.0380277 0.0442726 0.0495234 0.0534194 0.0558468 0.0569165 0.0569067 0.0561832 0.0550991 0.0539057 0.0527092 0.0514726 0.0500329 0.048114 0.0453522 0.0413865 0.0360338 0.02948 0.02234
 0.00593429 0.00955867 0.0142449 0.0199287 0.0264564 0.0335072 0.0405437 0.0469124 0.0520595 0.0556943 0.0577907 0.058494 0.0580449 0.0567504 0.0549562 0.0529876 0.0510739 0.0492847 0.0474999 0.0454199 0.0426316 0.0387428 0.0335728 0.027321 0.0205894
 0.00630342 0.0101306 0.0150584 0.0210148 0.0278493 0.0352507 0.0426771 0.0494309 0.0548699 0.0585975 0.0605173 0.0607786 0.0596941 0.0576608 0.0550853 0.0523213 0.0496259 0.0471232 0.0447648 0.0423091 0.039367 0.0355412 0.0306306 0.0248008 0.0185975
 0.00667396 0.0107227 0.0159294 0.0222088 0.0293881 0.0371221 0.0448273 0.0517714 0.0572986 0.0610168 0.0628304 0.0628681 0.061409 0.0588337 0.05557 0.0520243 0.0485177 0.045238 0.0422018 0.0392363 0.036013 0.0321696 0.0275012 0.0221253 0.0165026
 0.00697955 0.0112253 0.0166971 0.0233096 0.0308772 0.0390211 0.0471007 0.0543154 0.0599531 0.0635982 0.0651684 0.0648309 0.0629057 0.0597978 0.0559392 0.051734 0.0475142 0.0435042 0.0397838 0.0362603 0.0326872 0.0287641 0.0243026 0.0193772 0.0143529
 0.0073431 0.0118051 0.0175502 0.0244854 0.0324132 0.0409332 0.0493679 0.0568647 0.0626553 0.066278 0.067628 0.0668812 0.0643979 0.0606421 0.0561023 0.0512173 0.0463313 0.0416744 0.0373493 0.0333169 0.0294076 0.0253939 0.0211214 0.0166345 0.0122056
 0.00750445 0.0120821 0.0179947 0.0251564 0.0333664 0.042204 0.0509536 0.0587176 0.0646895 0.0683828 0.0696792 0.0687462 0.0659421 0.0617415 0.0566597 0.0511735 0.0456654 0.0403977 0.0355047 0.0309899 0.0267435 0.0226009 0.0184438 0.0142986 0.0103617
 0.00758131 0.0122393 0.018292 0.0256723 0.0341833 0.043382 0.0525036 0.0605865 0.0667645 0.0705118 0.0716971 0.0705004 0.0673104 0.0626394 0.0570373 0.0510073 0.0449524 0.039155 0.0337747 0.0288519 0.0243262 0.0200844 0.0160388 0.0122021 0.00870601
 0.0076292 0.0123088 0.0183843 0.0257919 0.0343486 0.0436365 0.0529177 0.0612413 0.067719 0.0717676 0.0731809 0.0720746 0.0688067 0.0638973 0.0579307 0.0514547 0.0449134 0.0386237 0.0327772 0.0274517 0.022631 0.0182463 0.0142361 0.0106031 0.00742777
 0.00777342 0.0125249 0.018675 0.0261464 0.034745 0.0440481 0.0533216 0.061629 0.0681058 0.0721945 0.0736999 0.0727198 0.0695651 0.0646982 0.0586603 0.0519874 0.0451428 0.0384824 0.0322453 0.0265582 0.0214548 0.0169097 0.0128873 0.00938422 0.00644094
 0.00800124 0.0128934 0.0192242 0.0269075 0.0357282 0.0452263 0.0546176 0.0629183 0.0692441 0.0730592 0.0742268 0.0729176 0.0695006 0.0644614 0.0583239 0.0515807 0.0446489 0.0378576 0.0314479 0.0255756 0.0203182 0.0156952 0.0116998 0.00832977 0.00559584
 0.00806621 0.0130099 0.0194205 0.0272189 0.0361915 0.0458687 0.0554426 0.0638936 0.0702967 0.0740825 0.0751002 0.0735365 0.0698066 0.0644573 0.0580651 0.0511448 0.0441012 0.0372302 0.0307424 0.0247837 0.0194471 0.0147828 0.0108117 0.00753947 0.00495982
 0.00827879 0.0133327 0.0198648 0.0277826 0.0368637 0.0466363 0.0562914 0.0648036 0.0712332 0.0749891 0.0758999 0.0741411 0.0701362 0.0644632 0.0577466 0.0505502 0.0433108 0.0363288 0.0297963 0.0238336 0.0185184 0.013901 0.0100114 0.00685897 0.00442744
 0.0084365 0.0135555 0.0201379 0.0280708 0.0371217 0.0468256 0.0563964 0.064839 0.0712414 0.0750283 0.0760241 0.0743773 0.0704679 0.0648299 0.0580635 0.0507385 0.0433244 0.036163 0.029479 0.0234085 0.018031 0.0133946 0.00952667 0.00643267 0.00408584
 0.00848045 0.0136433 0.0202981 0.0283339 0.0375057 0.0473163 0.0569363 0.0653371 0.0716054 0.0752042 0.0760185 0.0742506 0.0703023 0.0646914 0.0579765 0.0506833 0.0432545 0.0360321 0.0292613 0.023106 0.0176682 0.0130078 0.00915401 0.00610624 0.0038263
 0.00850579 0.0136715 0.0203181 0.0283328 0.0374774 0.0472732 0.0569118 0.0653735 0.0717293 0.0754054 0.0762506 0.0744551 0.0704409 0.0647629 0.0580078 0.0507043 0.0432759 0.0360401 0.0292299 0.0230147 0.0175145 0.0128084 0.00893737 0.00590206 0.00365665
 0.00863351 0.01385 0.0205324 0.0285484 0.0376486 0.0473567 0.0568822 0.0652334 0.071512 0.0751674 0.0760532 0.0743416 0.0704208 0.0648144 0.0580958 0.0507995 0.043362 0.0361082 0.0292705 0.0230167 0.017471 0.0127228 0.00882474 0.00578337 0.00355087
 0.00863563 0.0138808 0.020627 0.0287508 0.0379928 0.0478414 0.0574533 0.0657903 0.0719407 0.0753843 0.0760351 0.0741275 0.070088 0.0644444 0.0577482 0.0505027 0.0431193 0.0359102 0.0291042 0.0228697 0.0173337 0.0125907 0.00869934 0.00567108 0.00345883
 0.00859892 0.0138262 0.0205564 0.0286752 0.0379361 0.0478421 0.0575579 0.0660356 0.0723291 0.0758658 0.0765144 0.0744981 0.0702754 0.0644337 0.0575798 0.0502451 0.0428377 0.0356473 0.0288781 0.0226814 0.0171766 0.0124577 0.00858666 0.00557813 0.00338652
 0.00862488 0.0138659 0.0206115 0.0287455 0.0380205 0.0479398 0.0576709 0.066171 0.0724987 0.0760805 0.0767728 0.0747743 0.0705189 0.0645846 0.0575953 0.0501189 0.0426014 0.0353533 0.0285777 0.0224096 0.0169493 0.012277 0.0084481 0.00547557 0.00331405
 0.00867513 0.0139227 0.0206517 0.0287332 0.0379186 0.0477273 0.0573568 0.0657976 0.0721311 0.0757891 0.0766158 0.0747844 0.0706945 0.0648881 0.0579614 0.0504742 0.0428877 0.0355436 0.0286761 0.0224397 0.0169387 0.0122479 0.00841387 0.00544343 0.00328743
 0.00890194 0.0142732 0.0211428 0.0293626 0.038658 0.0485178 0.0581093 0.0664048 0.0724958 0.0758574 0.0763965 0.0743437 0.0701295 0.0642942 0.0574071 0.0499915 0.0424766 0.0351878 0.0283595 0.0221558 0.0166911 0.0120432 0.00825618 0.00533076 0.00321294
 0.00884567 0.0141924 0.0210415 0.0292523 0.038556 0.0484428 0.0580755 0.0664173 0.0725468 0.0759263 0.0764573 0.0743766 0.0701315 0.0642808 0.0574037 0.0500185 0.0425389 0.0352728 0.0284455 0.0222233 0.0167305 0.0120563 0.00825123 0.00531756 0.00319874
 0.00869731 0.0139645 0.0207239 0.0288468 0.0380779 0.0479221 0.0575577 0.0659598 0.0722082 0.0757513 0.0764628 0.0745481 0.0704298 0.064657 0.0578136 0.0504313 0.0429357 0.0356411 0.0287729 0.0224977 0.0169436 0.0122075 0.00834838 0.00537356 0.00322745
 0.00853802 0.0137319 0.0204228 0.0284983 0.0377132 0.0475725 0.0572473 0.0657045 0.0720198 0.0756408 0.0764405 0.0746195 0.0705916 0.0648939 0.0581013 0.0507419 0.0432451 0.0359318 0.0290334 0.0227201 0.0171226 0.0123412 0.00843968 0.00542985 0.00325846
 0.00836763 0.0134641 0.0200383 0.0279895 0.0370906 0.0468706 0.0565281 0.0650506 0.0715144 0.0753439 0.0763735 0.0747673 0.0709155 0.0653467 0.0586354 0.051313 0.0438136 0.0364646 0.0295064 0.0231184 0.0174403 0.0125798 0.0086069 0.0055382 0.00332275
 0.00821307 0.013227 0.0197078 0.0275643 0.0365781 0.0462863 0.0558977 0.0644137 0.0709259 0.0748684 0.0760725 0.0746826 0.0710573 0.065691 0.0591331 0.0519037 0.0444384 0.0370741 0.030063 0.0235973 0.0178285 0.0128754 0.00881715 0.00567689 0.00340694
 0.0080268 0.0129334 0.019284 0.0269971 0.035869 0.0454568 0.0549947 0.0635082 0.0701025 0.0742086 0.0756408 0.0745195 0.0711767 0.0660796 0.05975 0.0526847 0.0453062 0.0379511 0.0308837 0.0243146 0.018416 0.0133261 0.00913995 0.00589148 0.00353853
 0.00771677 0.012463 0.0186384 0.0261846 0.0349166 0.0444052 0.0538956 0.0624266 0.0691168 0.0734036 0.0750951 0.0742913 0.0712928 0.0665308 0.0604929 0.053649 0.0464045 0.0390903 0.0319767 0.0252912 0.0192307 0.0139602 0.00959904 0.00619943 0.00372887
 0.00754884 0.0121835 0.0182071 0.0255643 0.0340862 0.0433769 0.0527285 0.0612234 0.0680003 0.0724846 0.0744505 0.0739607 0.0712869 0.0668403 0.0610908 0.0544889 0.0474197 0.0401983 0.0330889 0.0263256 0.0201238 0.0146754 0.0101291 0.00656154 0.00395593
 0.00829677 0.0132373 0.0194916 0.0269039 0.0352491 0.04415 0.0529815 0.0609331 0.0672359 0.0713752 0.0731518 0.0726269 0.0700499 0.0657977 0.0603035 0.0539842 0.0471945 0.040221 0.0333032 0.0266592 0.020502 0.0150351 0.0104288 0.00678399 0.00410401
 0.00904988 0.0144147 0.0211666 0.0290868 0.0378563 0.0469731 0.0556803 0.0630861 0.0684567 0.0714481 0.0721071 0.0707134 0.0676305 0.0632321 0.0578732 0.0518689 0.0454829 0.0389329 0.0324101 0.0261001 0.0201981 0.014904 0.0103978 0.00679895 0.00413141
 0.00919964 0.0147197 0.0217388 0.030067 0.0393764 0.0490943 0.0583298 0.0660262 0.0713091 0.0737713 0.0735074 0.0709545 0.0667026 0.0613482 0.0553921 0.0491822 0.0429188 0.0367077 0.0306257 0.0247688 0.0192729 0.014307 0.0100418 0.00660393 0.00403383
 0.00897111 0.0143966 0.0213478 0.0296789 0.0391063 0.0490909 0.0587504 0.0669947 0.0728575 0.0757865 0.0757173 0.0729796 0.0681628 0.0619833 0.0551392 0.0481801 0.0414409 0.0350634 0.0290738 0.0234716 0.0182933 0.0136324 0.0096169 0.00635927 0.00390544
 0.0087902 0.014109 0.0209298 0.0291207 0.0384237 0.048341 0.0580437 0.0664901 0.0727322 0.0761825 0.0766823 0.074426 0.0698663 0.063632 0.0564241 0.0488923 0.0415326 0.0346436 0.0283473 0.0226565 0.0175556 0.0130592 0.0092246 0.00612001 0.00377481
 0.00876896 0.0140572 0.0208198 0.0289154 0.038086 0.0478489 0.0574081 0.0657674 0.0720257 0.0756306 0.0764318 0.0745912 0.070483 0.0646252 0.0576122 0.0500357 0.0424123 0.0351337 0.0284465 0.0224654 0.0172189 0.0127061 0.0089346 0.00591986 0.00365548
 0.00879266 0.0140902 0.0208578 0.0289469 0.0380905 0.0477964 0.057263 0.0654985 0.071623 0.075123 0.0758954 0.0741399 0.0702393 0.0646782 0.0579785 0.0506421 0.0431141 0.0357659 0.0288848 0.0226658 0.0172172 0.0125839 0.00877543 0.00578008 0.00355762
 0.00879521 0.0141061 0.0209027 0.0290411 0.0382509 0.0480253 0.057538 0.0657707 0.0718268 0.0751948 0.0757964 0.0738746 0.0698624 0.0642842 0.0576717 0.0504967 0.0431439 0.0359196 0.0290727 0.0228032 0.0172604 0.0125383 0.00867852 0.00567433 0.00347127
 0.00881029 0.0141174 0.0208966 0.0289999 0.0381619 0.047892 0.0573862 0.0656419 0.0717594 0.0752031 0.0758609 0.0739513 0.0699064 0.0642745 0.0576229 0.0504517 0.0431488 0.0359967 0.0292075 0.0229535 0.0173805 0.0126025 0.0086884 0.00564999 0.00343592
 0.00884063 0.0141677 0.020973 0.0291057 0.0382931 0.0480336 0.0575119 0.0657219 0.0717742 0.0751546 0.0757718 0.0738508 0.069813 0.0641884 0.0575347 0.0503573 0.0430584 0.03593 0.0291788 0.0229606 0.0174059 0.0126246 0.00869419 0.00563896 0.00341598
 0.00874902 0.0140382 0.0208143 0.0289389 0.0381467 0.0479339 0.0574746 0.0657473 0.0718476 0.0752517 0.0758676 0.073929 0.0698704 0.064232 0.0575729 0.0503944 0.0430946 0.0359658 0.0292171 0.0230036 0.0174511 0.0126651 0.00872278 0.00565308 0.00341835
 0.00870065 0.0139533 0.0206764 0.0287323 0.0378646 0.0475886 0.057104 0.0654099 0.0716046 0.0751447 0.075904 0.0740836 0.0700996 0.0644914 0.0578302 0.0506315 0.0433048 0.0361481 0.0293725 0.0231341 0.0175579 0.0127485 0.00878309 0.0056919 0.0034397
 0.00867242 0.0139096 0.0206138 0.028647 0.0377509 0.0474383 0.0569089 0.0651691 0.071333 0.074877 0.0756884 0.0739651 0.070102 0.0646087 0.0580313 0.0508753 0.0435545 0.0363792 0.0295729 0.0233 0.01769 0.0128492 0.00885534 0.00573979 0.00346836
 0.00881515 0.0141145 0.0208718 0.0289324 0.0380279 0.0476723 0.0570743 0.0652507 0.0713226 0.0747721 0.0754953 0.0737044 0.0698095 0.0643274 0.0577982 0.0507095 0.043455 0.0363315 0.0295585 0.0233034 0.0177011 0.0128622 0.00886721 0.00574895 0.00347434
 0.00879102 0.0140931 0.0208713 0.0289771 0.0381374 0.0478471 0.0572869 0.0654507 0.0714568 0.0748062 0.0754257 0.0735538 0.0696138 0.0641233 0.057616 0.0505707 0.0433701 0.0362987 0.0295664 0.0233359 0.0177429 0.0129025 0.00890013 0.00577274 0.00348972
 0.00864846 0.0138876 0.0206119 0.0286921 0.0378703 0.0476468 0.057196 0.0654937 0.0716295 0.0750723 0.0757244 0.0738205 0.0698027 0.0642207 0.0576376 0.0505483 0.0433363 0.0362769 0.0295669 0.0233576 0.0177778 0.0129408 0.00893436 0.00579901 0.00350746
 0.00872944 0.013993 0.0207233 0.0287791 0.0379031 0.0476137 0.0571159 0.0654124 0.0716003 0.0751303 0.075869 0.0740144 0.0699878 0.0643414 0.057662 0.0504764 0.0431947 0.0361047 0.0294002 0.02322 0.0176781 0.0128764 0.00889699 0.00577939 0.00349809
 0.00883854 0.0141572 0.0209443 0.0290455 0.038189 0.0478796 0.057314 0.0654998 0.0715571 0.0749739 0.0756521 0.073803 0.069831 0.0642518 0.0576173 0.0504391 0.0431352 0.0360138 0.0292881 0.023106 0.0175796 0.0128025 0.00884808 0.00575059 0.00348287
 0.00902696 0.0144546 0.021374 0.0296206 0.0389056 0.0487089 0.0581949 0.0663389 0.0722436 0.075407 0.07577 0.073602 0.069365 0.0636122 0.056902 0.0497255 0.042469 0.0354151 0.0287646 0.0226628 0.0172211 0.0125296 0.00865483 0.00562421 0.00340695
 0.0090053 0.0144482 0.0214179 0.029765 0.0392033 0.0491941 0.0588635 0.0671406 0.0730897 0.0761881 0.0763784 0.0739528 0.0694147 0.063369 0.0564224 0.0490961 0.0417811 0.0347432 0.0281574 0.0221456 0.0168032 0.0122101 0.00842566 0.00547147 0.00331318
 0.00919095 0.0147087 0.0217356 0.0301033 0.0395241 0.0494825 0.0591409 0.0674553 0.073485 0.0766689 0.0768952 0.0744145 0.0697207 0.0634443 0.0562404 0.0486832 0.041204 0.0340868 0.0275024 0.0215526 0.0163078 0.011825 0.00814682 0.00528403 0.00319694
 0.00951662 0.0152041 0.0224151 0.0309511 0.0404915 0.0504897 0.0600851 0.0682292 0.0740077 0.0769136 0.076894 0.0742325 0.0694167 0.0630452 0.0557437 0.0480797 0.0405021 0.0333223 0.0267312 0.0208348 0.0156906 0.0113344 0.00778608 0.00503915 0.003044
 0.00993466 0.0158443 0.0233041 0.032084 0.0418304 0.0519631 0.0615864 0.0696198 0.0751343 0.0776412 0.077142 0.0739965 0.0687663 0.0620971 0.0546235 0.0468907 0.0393146 0.0321818 0.0256732 0.0198927 0.0148945 0.0107025 0.007319 0.00471986 0.00284332
 0.00979435 0.015637 0.0230313 0.0317627 0.0414906 0.0516433 0.0613292 0.0694678 0.0751238 0.0777918 0.0774467 0.0744182 0.069245 0.0625664 0.0550277 0.0471947 0.0395039 0.0322575 0.0256485 0.0197909 0.0147467 0.0105417 0.00717273 0.00460442 0.00276303
 0.00957004 0.0153376 0.022701 0.0314824 0.0413546 0.0517227 0.0616412 0.0699693 0.0757299 0.0784064 0.077989 0.0748358 0.0695156 0.0626908 0.055021 0.0470791 0.0393041 0.0319987 0.0253556 0.019488 0.0144565 0.0102842 0.00696237 0.00444738 0.00265663
#obs surv len freq
 0.00496873 0.00813662 0.0123726 0.0176893 0.023961 0.0308248 0.0376591 0.0437443 0.0485318 0.0518189 0.0537196 0.0545136 0.0545164 0.0540233 0.0532958 0.0525504 0.0519352 0.051487 0.0510678 0.050308 0.0486247 0.0453866 0.0402161 0.033282 0.0253665
 0.00518329 0.00848955 0.0129111 0.0184595 0.0249979 0.0321376 0.0392165 0.0454712 0.0503214 0.053555 0.0552961 0.0558417 0.0555227 0.0546449 0.0534783 0.0522525 0.0511379 0.0502048 0.0493573 0.048271 0.0464046 0.0431555 0.0381504 0.0315285 0.0240106
 0.00540205 0.00884967 0.0134617 0.0192497 0.0260684 0.0335056 0.0408604 0.0473232 0.0522754 0.0554855 0.0570778 0.0573644 0.0566977 0.0554046 0.0537722 0.0520417 0.050396 0.0489267 0.0475754 0.0460717 0.0439358 0.0406161 0.0357581 0.0294727 0.0224076
 0.00564563 0.00924571 0.0140581 0.0200918 0.0271914 0.034922 0.0425469 0.0492144 0.0542714 0.0574687 0.0589293 0.0589748 0.0579718 0.0562643 0.0541565 0.0519052 0.0497073 0.0476729 0.0457758 0.0437985 0.0413305 0.0378869 0.0331474 0.0272019 0.0206209
 0.00588859 0.00964692 0.0146733 0.0209761 0.0283878 0.0364437 0.0443596 0.0512322 0.0563719 0.0595184 0.0608069 0.0605803 0.0592259 0.0571034 0.0545279 0.0517646 0.0490192 0.0464169 0.043961 0.0414855 0.0386518 0.0350496 0.0304044 0.0247934 0.0187108
 0.00614035 0.0100576 0.0152943 0.021857 0.0295679 0.0379376 0.046142 0.0532301 0.058472 0.061587 0.0627112 0.062205 0.0604815 0.0579264 0.0548754 0.0516057 0.0483289 0.0451782 0.0421786 0.0392097 0.0360031 0.0322254 0.0276542 0.0223613 0.0167693
 0.0063862 0.0104607 0.0159073 0.0227306 0.0307408 0.0394209 0.0479031 0.0551885 0.0605114 0.0635784 0.0645332 0.0637541 0.0616749 0.0587014 0.0551877 0.0514256 0.0476372 0.043965 0.0404523 0.0370174 0.0334543 0.0295029 0.0249937 0.0199982 0.0148742
 0.00662491 0.0108524 0.0165034 0.0235811 0.0318845 0.0408694 0.0496247 0.0571025 0.0624995 0.0655078 0.0662789 0.0652132 0.0627708 0.059382 0.0554202 0.0511902 0.0469222 0.0427668 0.0387834 0.0349242 0.0310383 0.0269312 0.0224825 0.0177656 0.0130803
 0.00683591 0.0112008 0.0170376 0.0243496 0.032926 0.0421978 0.0512132 0.0588779 0.0643524 0.067313 0.0679167 0.0665821 0.0637932 0.0600056 0.0556147 0.050942 0.046228 0.0416312 0.0372248 0.0329891 0.0288202 0.0245805 0.0201924 0.0157309 0.0114445
 0.0070517 0.011553 0.0175704 0.0251048 0.0339352 0.0434691 0.052718 0.0605458 0.0660798 0.0689827 0.0694162 0.067817 0.0646924 0.0605223 0.0557242 0.0506369 0.0455128 0.0405195 0.035742 0.0311843 0.0267811 0.0224414 0.0181228 0.0139002 0.00997642
 0.00727685 0.0119209 0.018127 0.0258928 0.0349843 0.044781 0.0542526 0.0622174 0.0677714 0.0705696 0.0707888 0.0688919 0.0654149 0.060863 0.0556743 0.0502025 0.0447097 0.0393707 0.0342808 0.0294624 0.0248812 0.0204832 0.0162523 0.0122606 0.00866988
 0.00745063 0.0122107 0.0185764 0.0265466 0.0358782 0.0459266 0.0556215 0.0637365 0.0693331 0.0720535 0.0720827 0.0699067 0.0660906 0.0611691 0.0556052 0.0497711 0.0439401 0.0382943 0.0329369 0.0279051 0.0231883 0.0187602 0.0146234 0.0108444 0.00754829
 0.00753821 0.0123558 0.0188007 0.0268742 0.0363338 0.0465306 0.056383 0.064646 0.0703583 0.0731387 0.0731535 0.0708785 0.0668806 0.0617084 0.0558476 0.0496949 0.0435464 0.0376023 0.0319814 0.0267382 0.0218828 0.0174106 0.013337 0.00972129 0.0066571
 0.00759686 0.012443 0.0189174 0.0270182 0.0365031 0.0467291 0.0566233 0.0649489 0.0707465 0.0736276 0.0737412 0.0715387 0.0675618 0.0623397 0.0563512 0.0500014 0.0436064 0.0373934 0.0315102 0.0260396 0.0210183 0.0164638 0.0124033 0.00888902 0.00598813
 0.00766578 0.0125476 0.0190606 0.0271967 0.0367077 0.0469458 0.056836 0.0651442 0.0709203 0.0737905 0.0739177 0.0717572 0.0678393 0.0626692 0.0566963 0.0503031 0.0437978 0.0374173 0.0313335 0.0256621 0.0204748 0.0158182 0.0117354 0.00827626 0.00548675
 0.00770667 0.0126104 0.0191481 0.0273086 0.0368403 0.0470915 0.056984 0.0652813 0.0710344 0.0738761 0.0739798 0.0718128 0.0679127 0.0627818 0.0568556 0.0504932 0.0439791 0.0375361 0.031339 0.0255238 0.0201942 0.0154302 0.0112981 0.00785335 0.00512889
 0.00774731 0.0126704 0.0192271 0.0274023 0.0369416 0.0471928 0.0570785 0.0653636 0.0711005 0.0739235 0.0740088 0.0718276 0.0679228 0.0628009 0.0568973 0.050564 0.0440707 0.0376229 0.0313837 0.025491 0.0200655 0.015214 0.0110275 0.0075738 0.00488169
 0.00783626 0.0128075 0.019419 0.0276487 0.0372338 0.0475129 0.0573991 0.0656506 0.0713204 0.0740524 0.0740383 0.0717659 0.0677901 0.0626239 0.0567042 0.0503791 0.0439098 0.0374881 0.0312624 0.0253616 0.0199084 0.0150224 0.0108125 0.00735923 0.00469332
 0.00783696 0.0128139 0.0194383 0.0276905 0.0373076 0.0476237 0.0575437 0.0658167 0.071489 0.0742026 0.0741524 0.0718328 0.0678065 0.0625948 0.056641 0.0502969 0.043823 0.037406 0.0311861 0.0252836 0.0198176 0.0149118 0.0106848 0.00722702 0.00457293
 0.00786269 0.0128466 0.0194712 0.0277131 0.0373104 0.0476047 0.0575123 0.0657917 0.0714906 0.0742423 0.0742278 0.0719287 0.0679023 0.0626718 0.0566881 0.0503123 0.0438123 0.0373777 0.0311472 0.0252366 0.0197609 0.0148432 0.0106057 0.00714402 0.00449582
 0.00788943 0.0128871 0.0195258 0.0277791 0.0373806 0.0476676 0.0575541 0.0658006 0.0714628 0.0741867 0.0741644 0.0718799 0.067883 0.0626829 0.0567187 0.0503465 0.0438369 0.0373862 0.0311391 0.0252141 0.0197264 0.0147987 0.010554 0.00708993 0.00444541
 0.00791132 0.0129203 0.0195716 0.0278365 0.037447 0.0477383 0.0576219 0.0658563 0.071496 0.0741894 0.0741344 0.0718238 0.0678152 0.0626208 0.0566749 0.0503246 0.0438314 0.0373872 0.0311371 0.0252036 0.0197058 0.0147693 0.0105188 0.00705307 0.00441125
 0.00790606 0.0129115 0.0195579 0.0278167 0.0374206 0.0477061 0.0575869 0.0658226 0.0714684 0.0741709 0.0741254 0.0718227 0.0678195 0.0626301 0.0566913 0.0503509 0.0438684 0.0374315 0.031182 0.0252414 0.0197312 0.0147804 0.0105173 0.00704296 0.00439736
 0.00787787 0.0128646 0.0194857 0.0277132 0.0372825 0.0475363 0.0573966 0.0656315 0.0713004 0.0740482 0.0740628 0.0718245 0.0678802 0.0627371 0.0568291 0.050505 0.0440271 0.0375856 0.0313239 0.0253643 0.0198299 0.0148524 0.0105639 0.00706872 0.00440848
 0.00786803 0.0128428 0.0194421 0.0276354 0.0371587 0.0473605 0.0571739 0.0653795 0.0710464 0.073823 0.0738947 0.0717335 0.0678752 0.0628143 0.0569741 0.0506969 0.0442431 0.0378053 0.031531 0.0255472 0.0199809 0.0149684 0.0106458 0.00712108 0.00443835
 0.00787258 0.0128467 0.0194412 0.0276226 0.0371247 0.0472953 0.0570691 0.0652317 0.0708601 0.0736128 0.073684 0.0715511 0.0677478 0.0627605 0.057 0.0507951 0.0443963 0.0379909 0.0317259 0.0257319 0.0201414 0.0150968 0.0107402 0.00718448 0.00447687
 0.00784585 0.0128066 0.0193868 0.0275549 0.0370457 0.0472067 0.0569713 0.065124 0.0707421 0.0734856 0.0735529 0.0714262 0.0676443 0.0626959 0.0569892 0.050846 0.0445064 0.0381473 0.0319088 0.0259194 0.0203142 0.0152416 0.0108509 0.00726165 0.00452569
 0.00783864 0.0127903 0.0193543 0.0274977 0.0369565 0.0470844 0.0568238 0.0649671 0.0705938 0.0733603 0.0734565 0.0713579 0.0676011 0.0626769 0.056998 0.0508892 0.0445889 0.0382683 0.0320596 0.0260848 0.0204765 0.015385 0.0109656 0.00734471 0.00458006
 0.007802 0.0127333 0.019273 0.0273897 0.0368211 0.0469224 0.0566388 0.0647676 0.0703944 0.0731802 0.073316 0.0712727 0.0675779 0.0627123 0.0570825 0.0510116 0.0447402 0.0384416 0.0322478 0.0262778 0.0206613 0.0155487 0.0110984 0.00744277 0.00464568
 0.00776589 0.0126713 0.0191739 0.0272421 0.0366174 0.0466639 0.05634 0.0644552 0.0701014 0.0729367 0.0731437 0.0711829 0.0675731 0.0627884 0.0572288 0.0512127 0.0449783 0.0386993 0.0325098 0.0265305 0.0208926 0.0157479 0.0112581 0.00756072 0.00472517
 0.00775358 0.0126499 0.019139 0.0271877 0.0365364 0.0465492 0.0561869 0.0642644 0.0698814 0.0727054 0.0729258 0.0710046 0.0674563 0.0627458 0.0572628 0.0513165 0.0451384 0.0388985 0.0327294 0.0267529 0.0211019 0.0159314 0.0114074 0.00767257 0.00480175
 0.00932877 0.0148542 0.0217979 0.0299192 0.0388621 0.0480719 0.0567302 0.0638986 0.0688408 0.0712681 0.0713269 0.0694072 0.0659596 0.0614057 0.0561079 0.0503564 0.0443688 0.0383047 0.0322901 0.0264431 0.0208959 0.0158039 0.0113354 0.00763634 0.00478618
 0.00930561 0.0151078 0.0226931 0.0319086 0.0422889 0.0529035 0.0623898 0.0693593 0.072991 0.0733505 0.0711884 0.0674398 0.06283 0.0577706 0.0524519 0.0469664 0.0413819 0.0357682 0.030204 0.024783 0.0196232 0.0148705 0.0106858 0.00721126 0.00452701
 0.00895183 0.0145519 0.0219139 0.0309558 0.0413361 0.052284 0.062557 0.070726 0.0756846 0.0770308 0.0750887 0.0706592 0.0647091 0.0581202 0.0515233 0.0452408 0.039342 0.0337662 0.0284379 0.0233331 0.0184986 0.0140434 0.0101108 0.00683598 0.00429888
 0.00877608 0.0142548 0.0214464 0.0302687 0.0403989 0.0511189 0.0612813 0.0695797 0.0750098 0.0771765 0.0762565 0.0727579 0.067323 0.0606445 0.0534089 0.0462026 0.039416 0.033211 0.0275751 0.0224251 0.017703 0.0134239 0.0096704 0.00654718 0.00412395
 0.00871447 0.014148 0.0212723 0.0299996 0.0400041 0.0505717 0.0605716 0.0687321 0.0741042 0.0763631 0.0757461 0.0727686 0.0679852 0.0619076 0.0550175 0.0477807 0.0406209 0.033866 0.0277046 0.0221913 0.0173031 0.0130128 0.00933274 0.00630813 0.00397349
 0.00869127 0.0141097 0.021213 0.0299116 0.0398771 0.0503921 0.0603231 0.068399 0.0736789 0.075859 0.0752135 0.0723051 0.0677247 0.0619779 0.055476 0.0485632 0.0415469 0.0347088 0.0282894 0.0224585 0.0173053 0.0128609 0.00913443 0.00613275 0.00384806
 0.00868575 0.0140991 0.0211939 0.0298797 0.0398274 0.0503201 0.0602247 0.0682699 0.0735132 0.0756495 0.0749575 0.0720141 0.0674367 0.0617605 0.0554104 0.0487085 0.0419011 0.0351945 0.0287814 0.0228402 0.017518 0.0129155 0.00908687 0.00604589 0.00376573
 0.00865685 0.0140562 0.021137 0.029811 0.0397507 0.0502389 0.0601412 0.0681846 0.0734253 0.0755566 0.0748557 0.0719 0.0673115 0.0616373 0.055319 0.0486907 0.0419921 0.0354 0.0290648 0.0231345 0.0177564 0.0130612 0.00914261 0.00604107 0.00373486
 0.00864867 0.0140396 0.021106 0.029759 0.0396728 0.0501352 0.0600196 0.0680593 0.0733121 0.0754668 0.0747922 0.0718576 0.0672812 0.0616122 0.0552999 0.0486892 0.0420281 0.0354909 0.0292121 0.0233173 0.0179379 0.0132062 0.00923342 0.00608122 0.00374136
 0.00866462 0.0140635 0.0211379 0.0297967 0.0397114 0.050167 0.060035 0.0680494 0.0732719 0.0753986 0.074705 0.0717638 0.0671918 0.061533 0.0552335 0.0486381 0.0419983 0.0354914 0.0292496 0.0233889 0.0180291 0.0132957 0.00930304 0.00612338 0.00375941
 0.00865453 0.0140525 0.0211311 0.0298018 0.0397359 0.0502142 0.0601011 0.0681224 0.0733354 0.0754368 0.0747079 0.07173 0.0671279 0.0614511 0.0551465 0.0485573 0.0419325 0.0354476 0.0292327 0.0233997 0.0180622 0.0133399 0.00934566 0.00615531 0.00377793
 0.0086318 0.014017 0.0210808 0.0297368 0.03966 0.0501358 0.0600328 0.0680786 0.073327 0.0754657 0.0747651 0.0717986 0.0671902 0.061495 0.0551686 0.0485618 0.041928 0.0354435 0.0292367 0.0234161 0.0180904 0.0133754 0.00938135 0.00618484 0.00379815
 0.00864003 0.014027 0.0210897 0.0297398 0.0396517 0.0501125 0.0599947 0.0680308 0.0732787 0.0754278 0.0747465 0.071803 0.0672139 0.0615284 0.0552001 0.0485831 0.0419367 0.0354429 0.0292334 0.0234165 0.0180982 0.0133902 0.00939973 0.00620257 0.00381203
 0.00862393 0.014005 0.0210639 0.0297145 0.0396311 0.0500983 0.0599848 0.06802 0.0732618 0.0754035 0.074719 0.0717804 0.0672045 0.0615366 0.0552244 0.0486167 0.0419713 0.0354726 0.0292563 0.0234344 0.0181141 0.0134062 0.00941581 0.0062173 0.00382381
 0.00861428 0.0139888 0.0210389 0.0296788 0.0395848 0.0500448 0.0599307 0.0679743 0.0732318 0.0753916 0.0747221 0.0717928 0.0672213 0.0615567 0.055249 0.0486472 0.0420066 0.0355093 0.0292906 0.0234639 0.0181384 0.0134262 0.00943243 0.00623079 0.00383406
 0.00861428 0.0139888 0.0210389 0.0296788 0.0395848 0.0500448 0.0599307 0.0679743 0.0732318 0.0753916 0.0747221 0.0717928 0.0672213 0.0615567 0.055249 0.0486472 0.0420066 0.0355093 0.0292906 0.0234639 0.0181384 0.0134262 0.00943243 0.00623079 0.00383406
 0.00871502 0.0141462 0.0212633 0.0299734 0.0399427 0.0504462 0.060341 0.0683473 0.0735199 0.0755583 0.0747515 0.0716903 0.0670094 0.0612667 0.0549154 0.0483023 0.041677 0.0352135 0.0290388 0.0232593 0.0179798 0.0133094 0.0093515 0.00617865 0.00380316
 0.0087129 0.0141523 0.0212902 0.0300383 0.0400632 0.0506325 0.0605892 0.068637 0.0738176 0.0758255 0.0749527 0.0718004 0.0670178 0.0611781 0.0547474 0.0480807 0.04143 0.0349672 0.0288131 0.0230667 0.0178258 0.0131938 0.00927038 0.00612567 0.00377124
 0.00892089 0.0144783 0.0217571 0.0306572 0.0408282 0.0515155 0.0615344 0.069562 0.0746253 0.0764244 0.0752769 0.0718209 0.0667442 0.060653 0.0540364 0.0472596 0.0405736 0.0341399 0.0280639 0.0224272 0.0173104 0.0128024 0.00899138 0.00594012 0.00365687
 0.0089409 0.0145319 0.0218763 0.0308836 0.0412012 0.0520543 0.0622223 0.0703435 0.0754179 0.0771389 0.0758348 0.0721654 0.0668442 0.0605052 0.0536643 0.0467104 0.0399103 0.033431 0.0273729 0.0218043 0.0167878 0.0123937 0.00869383 0.00573923 0.00353171
 0.0089936 0.0146115 0.0219863 0.0310266 0.0413836 0.0522893 0.0625298 0.0707408 0.0759058 0.0776893 0.07639 0.0726496 0.0671843 0.0606495 0.0535926 0.0464353 0.0394712 0.032885 0.0267843 0.0212333 0.0162817 0.0119811 0.00838412 0.00552532 0.00339622
 0.00898269 0.0145965 0.0219687 0.0310097 0.0413717 0.0522876 0.0625453 0.0707846 0.075995 0.0778438 0.0766236 0.0729578 0.0675363 0.0609908 0.0538605 0.046578 0.0394639 0.0327351 0.0265257 0.0209153 0.0159553 0.0116873 0.00814759 0.00535365 0.00328354
 0.00927177 0.0150468 0.0226078 0.0318451 0.0423837 0.0534222 0.0637097 0.0718544 0.0768392 0.078361 0.0767703 0.0727558 0.0670566 0.0603249 0.0530919 0.0457661 0.0386434 0.0319265 0.0257485 0.0201942 0.0153187 0.0111595 0.00774093 0.00506489 0.00309584
 0.00895601 0.0145778 0.0219861 0.0311052 0.0415903 0.0526607 0.0630746 0.0714358 0.0767045 0.0785342 0.0772219 0.0734102 0.0678156 0.061094 0.0537987 0.046365 0.0391108 0.0322549 0.0259432 0.0202728 0.0153096 0.0110974 0.00765866 0.00498689 0.00303512
 0.00922027 0.014944 0.0224207 0.0315392 0.0419417 0.0528679 0.0631225 0.0713578 0.0765618 0.0783872 0.0771092 0.0733429 0.0677829 0.061074 0.0537678 0.046305 0.039012 0.032116 0.0257696 0.0200755 0.0151038 0.0109005 0.00748712 0.00485158 0.00293901
#pred catch len freq
 0.00398479 0.00635652 0.00937605 0.0130179 0.0172794 0.02215 0.0275394 0.0332417 0.0389677 0.0444055 0.0492717 0.0533501 0.0565213 0.0587681 0.0601484 0.0607552 0.0606838 0.0600056 0.0587247 0.0567158 0.0536869 0.049252 0.043153 0.0355407 0.0271038
 0.00441273 0.00698646 0.010208 0.0140253 0.0184377 0.0234707 0.0290786 0.0350637 0.0410744 0.0466747 0.0514499 0.0551161 0.0575925 0.0589952 0.059556 0.0595151 0.0590393 0.0581804 0.0568552 0.0548344 0.0517647 0.0472731 0.0411734 0.0336903 0.0255323
 0.00470268 0.00747398 0.0109684 0.0151305 0.0199327 0.025344 0.0312467 0.0373896 0.0434182 0.0489373 0.0535689 0.0570131 0.0591214 0.0599479 0.0597346 0.0588238 0.0575335 0.0560422 0.0543158 0.0520985 0.0489785 0.0445454 0.0386152 0.0314296 0.0236875
 0.00506347 0.00803 0.011754 0.0161721 0.0212625 0.0270095 0.0332989 0.0398442 0.0462062 0.0518823 0.0564155 0.0594964 0.0610317 0.0611493 0.0601408 0.058376 0.0562129 0.0539047 0.0515103 0.0488455 0.0455271 0.0411372 0.0354675 0.0287222 0.0215399
 0.00544689 0.00863208 0.0126208 0.0173339 0.0227316 0.0287797 0.0353442 0.0421215 0.0486616 0.0544495 0.0589983 0.0619466 0.063147 0.0627057 0.0609434 0.0582967 0.0552027 0.0519923 0.0488037 0.045534 0.0418709 0.0374367 0.0320178 0.0257641 0.0192182
 0.00581085 0.00921276 0.0134757 0.0185132 0.0242737 0.0307015 0.0376251 0.0446899 0.0513942 0.0571881 0.0615774 0.0642167 0.0649832 0.0639992 0.0615885 0.0581908 0.0542648 0.0501926 0.0461916 0.042255 0.0381664 0.033619 0.0284178 0.0226633 0.0167887
 0.00615874 0.00976092 0.0142709 0.0195945 0.0256744 0.0324484 0.0397278 0.0471219 0.0540749 0.0599756 0.0642789 0.066619 0.0668925 0.0652725 0.0621419 0.0579844 0.0532822 0.0484356 0.0436985 0.0391331 0.0346153 0.0299236 0.0249022 0.0196169 0.0143955
 0.00641305 0.0101715 0.0148845 0.0204558 0.026822 0.0339063 0.0414947 0.0491626 0.0563193 0.0623228 0.0666009 0.0687652 0.0687001 0.0665861 0.0628366 0.0579809 0.0525485 0.0469802 0.0415692 0.0364296 0.0315085 0.026659 0.021768 0.0168804 0.0122341
 0.00650724 0.0103469 0.0151917 0.0209608 0.0275978 0.0350155 0.0429677 0.0509809 0.0584086 0.0645584 0.0688243 0.0708072 0.0704041 0.0678247 0.0635165 0.0580426 0.0519639 0.0457535 0.0397424 0.0340933 0.0288145 0.0238204 0.0190346 0.0144857 0.0103368
 0.0065775 0.010452 0.0153362 0.0211516 0.0278543 0.0353803 0.0435086 0.0517755 0.0595139 0.0659763 0.0704828 0.0725671 0.0720889 0.0692575 0.0645503 0.0585745 0.0519362 0.0451501 0.0385877 0.0324587 0.026826 0.021658 0.0169099 0.012599 0.00882734
 0.00678545 0.0107641 0.015757 0.0216671 0.0284355 0.0359914 0.0441172 0.0523639 0.0600892 0.066573 0.0711486 0.0733332 0.0729395 0.0701176 0.0653 0.0590807 0.0520856 0.0448707 0.0378592 0.0313165 0.0253628 0.0200179 0.0152674 0.0111215 0.00763474
 0.00699912 0.0111046 0.0162558 0.0223467 0.0293022 0.0370257 0.0452639 0.053532 0.0611673 0.0674588 0.0717791 0.0737014 0.0730884 0.0701121 0.06519 0.0588751 0.0517492 0.0443449 0.0370938 0.0302983 0.0241321 0.0186683 0.0139269 0.00991934 0.00666503
 0.00712791 0.0113144 0.0165734 0.0227998 0.029917 0.03782 0.0462361 0.0546477 0.062352 0.0686011 0.0727498 0.0743858 0.0734201 0.0700922 0.0648786 0.0583581 0.0510998 0.0435991 0.036253 0.0293531 0.023092 0.0175791 0.012867 0.00897643 0.00590636
 0.00724942 0.0114982 0.0168259 0.0231225 0.0303122 0.0382979 0.0468157 0.0553486 0.0631767 0.0695177 0.0736835 0.0752273 0.0740514 0.0704205 0.0648644 0.0580234 0.0505125 0.0428422 0.0353959 0.0284421 0.0221592 0.0166597 0.0120082 0.00823072 0.00531412
 0.0073931 0.0117017 0.0170764 0.0233888 0.0305542 0.0384819 0.0469293 0.0554083 0.0632262 0.0696163 0.0738854 0.0755573 0.074486 0.0708876 0.0652648 0.058266 0.0505439 0.0426575 0.0350285 0.0279435 0.0215837 0.0160591 0.0114317 0.00772261 0.00490636
 0.00741214 0.0117468 0.0171689 0.0235531 0.0308061 0.038814 0.047302 0.0557571 0.0634863 0.0697526 0.07391 0.0755233 0.0744606 0.0709186 0.0653576 0.0583821 0.0506204 0.0426361 0.0348785 0.0276689 0.0212162 0.0156451 0.0110198 0.00735435 0.00460956
 0.00741675 0.0117461 0.0171545 0.0235168 0.0307482 0.038751 0.0472685 0.0557928 0.0636139 0.069959 0.0741485 0.0757377 0.0746163 0.0710179 0.0654287 0.0584525 0.0506944 0.0426909 0.0348794 0.0275903 0.0210552 0.0154226 0.0107712 0.00711657 0.00441025
 0.00754968 0.0119341 0.0173847 0.0237574 0.0309549 0.0388804 0.0472921 0.0557079 0.0634477 0.0697628 0.0739801 0.0756383 0.0745948 0.0710532 0.0654887 0.0585129 0.050744 0.0427244 0.0348877 0.0275602 0.0209778 0.0153011 0.0106226 0.00696506 0.00427753
 0.00756757 0.0119829 0.0174927 0.0239587 0.0312748 0.0393156 0.0477967 0.0561978 0.0638265 0.0699577 0.0739686 0.0754524 0.074302 0.0707269 0.0651833 0.0582536 0.0505325 0.0425503 0.0347375 0.0274215 0.0208411 0.0151626 0.0104858 0.00683901 0.00417226
 0.0075665 0.0119831 0.0174987 0.0239813 0.0313347 0.0394446 0.048031 0.0565612 0.0643075 0.0704952 0.0744613 0.0757937 0.0744232 0.0706229 0.0649068 0.057885 0.0501462 0.042195 0.0344333 0.0271689 0.0206317 0.0149875 0.0103396 0.00672015 0.00408092
 0.00753962 0.0119428 0.0174446 0.023916 0.0312647 0.0393816 0.0479935 0.056576 0.0644056 0.0707014 0.0747771 0.0761836 0.0748161 0.0709342 0.0650714 0.057883 0.0500052 0.0419702 0.0341818 0.0269308 0.0204267 0.0148202 0.0102075 0.00661919 0.0040073
