SBPRF35
9.45617
Curr Bio
630060
B35
739182
F35
0.197202
FOFL
0.169753
OFL
86383.8
Bzero
2.70176e+006
#pred survey bio
 4.1028e+006 3.89604e+006 3.70925e+006 3.4754e+006 3.21754e+006 2.92642e+006 2.6691e+006 2.40022e+006 2.16252e+006 1.93589e+006 1.71622e+006 1.51155e+006 1.31444e+006 1.14311e+006 1.02758e+006 922261 815983 749020 702001 667367 639340 626618 604251 593479 591557 582393 584075 580470 581681 578445 576370 584193 586891 579834 568280 549154 535145 536404 535199 531464 543313 547070 554703 565870 573479 568530 572552 569686 562754 566099 568882 640369 626392 599894 625382 604767 582987 576038 625260 669069 655914 636759 2.26766e+007 1.39785e+007 1.45341e+007 1.53903e+007 1.63887e+007 1.73774e+007 1.82629e+007 1.90054e+007 1.96005e+007 2.0063e+007 2.0415e+007 2.06792e+007 2.08759e+007 2.10218e+007 2.11299e+007 2.12102e+007 2.12699e+007 2.13145e+007 2.13481e+007 2.13734e+007 2.13927e+007 2.14074e+007 2.14186e+007 2.14273e+007 2.1434e+007 2.14392e+007 2.14433e+007 2.14464e+007 2.14489e+007 2.14508e+007 2.14524e+007 2.14536e+007 2.14545e+007 2.14552e+007 2.14558e+007 2.14563e+007 2.14567e+007 2.14569e+007 2.14572e+007 2.14574e+007 2.14575e+007 2.14576e+007 2.14577e+007 2.14578e+007 2.14578e+007 2.14579e+007 2.14579e+007 2.14579e+007 2.1458e+007 2.1458e+007 2.1458e+007 2.1458e+007 2.1458e+007 2.1458e+007 2.1458e+007 2.1458e+007 2.1458e+007 2.1458e+007 2.1458e+007 2.1458e+007 2.1458e+007 2.1458e+007 2.1458e+007 2.1458e+007 2.1458e+007 2.1458e+007 2.1458e+007 2.1458e+007 2.1458e+007 2.1458e+007 2.1458e+007 2.1458e+007 2.1458e+007 2.1458e+007 2.1458e+007 2.1458e+007 2.1458e+007 2.1458e+007 2.1458e+007 2.1458e+007 2.1458e+007 2.1458e+007 2.1458e+007 2.1458e+007 2.1458e+007 2.1458e+007 2.1458e+007 2.1458e+007 2.1458e+007 2.1458e+007 2.1458e+007 2.1458e+007 2.1458e+007 2.1458e+007 2.1458e+007 2.1458e+007 2.1458e+007 2.1458e+007 2.1458e+007 2.1458e+007 0 0 0 0 0 0 0 0 0 0 0 0 0 0 0 0 0 0 0 0 0 0 0 0 0
#obs survey bio
 4.85591e+006 3.01739e+006 2.31712e+006 3.65843e+006 2.25026e+006 2.90944e+006 3.32743e+006 1.98176e+006 1.99408e+006 1.67772e+006 1.6086e+006 1.30122e+006 1.11713e+006 1.20969e+006 1.04013e+006 598457 791413 773314 599246 560760 654735 638289 568452 542094 361673 346952 630935 484578 784790 414636 550760 612406 634089 650630 898996 530033 455073 549740 655299 573232 466782 562975 474757 641932 464150 752224 552645 615576 682340 499936 662312 549463 580913 639960 739106 680532 485030 471526 646160 722221 588309 528169
#pred catch bio
 113726 102800 159595 200135 253387 247052 281299 275234 284722 294649 293321 293685 273344 224948 215821 214213 177004 157207 144154 136109 121369 127816 116472 108760 114558 104443 106986 100432 101790 98579.5 88600.8 91088.1 96244.5 95684.1 97345.2 90923.2 80668.9 87242.8 92195.4 81045.6 89325.5 86756.6 85077.2 89620 100682 92868.4 98197.4 100572 91612.1 92565.6 37271.5 110252 118323 75041.6 115366 116053 104856 61415.4 70250.5 119464 124755 100559 86383.8 101520 104538 109647 116215 122849 128728 133544 137284 140077 142104 143542 144545 145236 145706 146023 146235 146377 146471 146533 146574 146601 146619 146630 146638 146643 146646 146648 146650 146651 146651 146652 146652 146652 146652 146652 146652 146652 146652 146652 146652 146652 146652 146652 146652 146652 146652 146652 146652 146652 146652 146652 146652 146652 146652 146652 146652 146652 146652 146652 146652 146652 146652 146652 146652 146652 146652 146652 146652 146652 146652 146652 146652 146652 146652 146652 146652 146652 146652 146652 146652 146652 146652 146652 146652 146652 146652 146652 146652 146652 146652 146652 146652 146652 146652 146652 146652 146652 146652 146652 0 0 0 0 0 0 0 0 0 0 0 0 0 0 0 0 0 0 0 0 0 0 0 0 0
#obs catch bio
 0 102431 160374 201030 255936 249442 284971 279146 288542 300053 299154 301720 280806 228622 218293 218906 179143 159308 146051 138127 122504 129442 117811 109845 116865 106203 108646 101191 102332 99139.4 88942.9 91383.6 96577.3 95700.8 96890.9 90330.1 80118.7 86533.5 91626.7 80439 89130.3 86216.1 84450.3 89094.1 100715 92424.4 97886.5 99985.8 90788.3 93130.8 36645.3 110433 118463 74203.6 114675 114935 104648 61064.6 69851.9 119341 124715 100395
#pred cpue bio
 4.03771e+006 3.83446e+006 3.64937e+006 3.41602e+006 3.15907e+006 2.86908e+006 2.61261e+006 2.34504e+006 2.10847e+006 1.88312e+006 1.66506e+006 1.46239e+006 1.26805e+006 1.09974e+006 986281 882805 778766 713496 667879 634354 607294 595077 573459 563004 561050 552153 554146 551393 553253 550617 548948 556968 560221 554115 543818 525978 511818 511386 508987 505082 516618 520373 527823 538483 545625 540772 544831 542279 535679 538832 541446 611374 598403 572262 596499 576282 554534 546995 594663 637839 624950 605248 2.15494e+007 1.33003e+007 1.37696e+007 1.45263e+007 1.54896e+007 1.647e+007 1.73539e+007 1.8096e+007 1.86911e+007 1.91536e+007 1.95056e+007 1.97698e+007 1.99665e+007 2.01124e+007 2.02205e+007 2.03008e+007 2.03605e+007 2.04051e+007 2.04387e+007 2.0464e+007 2.04833e+007 2.0498e+007 2.05093e+007 2.05179e+007 2.05246e+007 2.05299e+007 2.05339e+007 2.05371e+007 2.05395e+007 2.05415e+007 2.0543e+007 2.05442e+007 2.05451e+007 2.05458e+007 2.05464e+007 2.05469e+007 2.05473e+007 2.05475e+007 2.05478e+007 2.0548e+007 2.05481e+007 2.05482e+007 2.05483e+007 2.05484e+007 2.05484e+007 2.05485e+007 2.05485e+007 2.05485e+007 2.05486e+007 2.05486e+007 2.05486e+007 2.05486e+007 2.05486e+007 2.05486e+007 2.05486e+007 2.05486e+007 2.05486e+007 2.05486e+007 2.05486e+007 2.05486e+007 2.05486e+007 2.05486e+007 2.05486e+007 2.05486e+007 2.05486e+007 2.05486e+007 2.05486e+007 2.05486e+007 2.05486e+007 2.05486e+007 2.05486e+007 2.05486e+007 2.05486e+007 2.05486e+007 2.05486e+007 2.05486e+007 2.05486e+007 2.05486e+007 2.05486e+007 2.05486e+007 2.05486e+007 2.05486e+007 2.05486e+007 2.05486e+007 2.05486e+007 2.05486e+007 2.05486e+007 2.05486e+007 2.05486e+007 2.05486e+007 2.05486e+007 2.05486e+007 2.05486e+007 2.05486e+007 2.05486e+007 2.05486e+007 2.05486e+007 2.05486e+007 2.05486e+007 2.05486e+007 0 0 0 0 0 0 0 0 0 0 0 0 0 0 0 0 0 0 0 0 0 0 0 0 0
#obs cpue bio
 4.85016e+006 3.14304e+006 2.53071e+006 2.94409e+006 2.99671e+006 1.76467e+006 2.2043e+006 1.91285e+006 2.60188e+006 1.38881e+006 1.37955e+006 931742 1.16281e+006 1.17779e+006 1.175e+006 711047 895422 513330 627372 567236 583512 485168 480262 518878 447033 697062 513200 855062 472194 691543 522297 571150 526884 603649 553601 688204 618983 678155 422519 482276 501042 708638 729726 452667 496325 534742 573006 687906 582336 350353 704931 785526 519006 786923 649010 625032 535614 541843 727955 634901 607782 649974
#pred surv len freq
 0.00427948 0.00707502 0.0108854 0.015768 0.0216433 0.0281934 0.0348462 0.0409331 0.0459445 0.0496914 0.0522752 0.053942 0.054951 0.0555088 0.0557492 0.0557334 0.0554653 0.0549048 0.053953 0.0524057 0.0499184 0.0460724 0.0405846 0.0335766 0.0256999
 0.00461673 0.00751695 0.011358 0.0161477 0.0218041 0.0280748 0.0344974 0.0404968 0.0455836 0.049503 0.0522475 0.0539759 0.0549275 0.0553588 0.055489 0.0554556 0.0552921 0.0549258 0.054177 0.0527489 0.0502414 0.0462463 0.0405509 0.0333651 0.025399
 0.00477135 0.00782035 0.0119018 0.0170256 0.0230606 0.029643 0.0361691 0.0419694 0.0465786 0.0498894 0.0520835 0.0534434 0.0542143 0.0545755 0.0546667 0.0545994 0.0544319 0.0541238 0.0534922 0.0521946 0.0497728 0.0457907 0.0400574 0.0328372 0.0248873
 0.0049504 0.00810213 0.0123136 0.0175991 0.0238401 0.0306853 0.0375218 0.0436257 0.0484275 0.051703 0.0535708 0.0543564 0.0544442 0.0541751 0.0537928 0.053428 0.0531057 0.0527463 0.0521405 0.0509222 0.048604 0.0447244 0.0390876 0.031974 0.0241594
 0.0051753 0.00846553 0.0128556 0.0183539 0.0248286 0.0319064 0.0389478 0.045207 0.0501039 0.0534055 0.055204 0.0557775 0.0554694 0.0546315 0.0535873 0.0525858 0.0517533 0.0510578 0.0502854 0.0490384 0.0467919 0.0430542 0.0376104 0.0307294 0.0231743
 0.0054143 0.00886018 0.0134606 0.0192234 0.0260045 0.0333999 0.0407219 0.0471715 0.0521323 0.0553649 0.0569799 0.0572788 0.0566128 0.0553234 0.053725 0.0520885 0.050605 0.0493315 0.0481314 0.0466471 0.0443552 0.0407403 0.0355524 0.0290192 0.0218561
 0.0056329 0.00921483 0.0139939 0.0199767 0.0270131 0.0346838 0.0422729 0.0489443 0.0540444 0.057306 0.0588273 0.0589125 0.0579273 0.0562289 0.0541422 0.0519448 0.0498463 0.0479492 0.0461903 0.0442923 0.041792 0.0381956 0.0332321 0.0270743 0.020362
 0.00589623 0.00964211 0.0146352 0.0208778 0.0282062 0.0361742 0.0440257 0.0508818 0.0560587 0.0592806 0.0606541 0.0604972 0.0591871 0.0570891 0.0545347 0.0518076 0.0491277 0.0466223 0.0442773 0.0418901 0.03908 0.0354133 0.0306312 0.0248601 0.0186498
 0.00614827 0.0100514 0.0152505 0.0217443 0.0293577 0.03762 0.0457363 0.0527834 0.0580428 0.0612246 0.0624418 0.0620315 0.0603924 0.057907 0.0549157 0.0517048 0.0484957 0.0454268 0.042518 0.0396292 0.0364625 0.0326612 0.0280019 0.0225834 0.0168688
 0.00638541 0.0104437 0.0158532 0.0226127 0.0305355 0.0391209 0.0475267 0.0547764 0.0601124 0.0632308 0.0642556 0.0635482 0.0615358 0.0586268 0.0551805 0.0514923 0.047785 0.0442002 0.040776 0.0374184 0.0339021 0.0299488 0.0253831 0.0202909 0.0150587
 0.00660068 0.0108041 0.0164152 0.023436 0.0316714 0.0405936 0.0493127 0.0567964 0.0622401 0.0653162 0.0661498 0.0651234 0.0626969 0.0593151 0.0553698 0.0511781 0.0469727 0.0428988 0.0390049 0.035228 0.0314001 0.0273112 0.0228342 0.0180505 0.0132801
 0.00674573 0.0110596 0.0168366 0.0240886 0.0326177 0.0418715 0.0509148 0.0586597 0.0642535 0.0673404 0.0680387 0.0667414 0.0639317 0.0600868 0.055634 0.0509226 0.0462082 0.0416503 0.037311 0.0331524 0.0290498 0.0248476 0.0204587 0.0159612 0.0116174
 0.00691599 0.0113416 0.0172719 0.0247215 0.0334901 0.0430117 0.0523235 0.0602993 0.0660468 0.0691777 0.0697912 0.0682775 0.0651333 0.0608631 0.0559283 0.0507118 0.0454978 0.0404682 0.0357051 0.0311964 0.026854 0.0225648 0.0182709 0.0140439 0.0100938
 0.00721154 0.0117979 0.0179138 0.0255577 0.0345138 0.0442038 0.0536518 0.0617173 0.0674954 0.0705903 0.0710983 0.0694081 0.0660166 0.0614314 0.0561243 0.0504962 0.0448542 0.0394055 0.0342596 0.0294357 0.0248824 0.0205233 0.0163229 0.0123429 0.00874545
 0.00745749 0.0121853 0.0184726 0.0263043 0.0354453 0.0452912 0.0548362 0.0629164 0.0686234 0.0715826 0.0719243 0.0700651 0.0665089 0.0617512 0.0562435 0.0503714 0.0444408 0.0386735 0.0332073 0.0280994 0.0233418 0.0188973 0.0147528 0.010962 0.0076458
 0.00757112 0.0124 0.0188498 0.026916 0.0363523 0.046511 0.0563153 0.0645279 0.070196 0.0729479 0.0729597 0.0707146 0.0667798 0.0616929 0.0559181 0.0498285 0.0437047 0.037747 0.0320892 0.0268057 0.0219224 0.0174391 0.0133663 0.0097543 0.00669042
 0.00775507 0.012693 0.0192812 0.0275135 0.0371423 0.0475146 0.0575373 0.0659398 0.0717208 0.0744576 0.0742927 0.0717126 0.0673308 0.0617596 0.0555384 0.0490892 0.0427052 0.0365703 0.0307929 0.0254323 0.0205178 0.0160665 0.0121044 0.00867932 0.00585256
 0.00786919 0.0128667 0.019521 0.0278189 0.0375089 0.0479384 0.0580192 0.0664868 0.0723436 0.0751617 0.0750638 0.0725019 0.0680525 0.0623084 0.0558217 0.0490573 0.0423616 0.0359612 0.0299841 0.0244924 0.0195132 0.0150646 0.0111737 0.00788136 0.00522764
 0.00796398 0.0130124 0.0197241 0.0280789 0.0378171 0.048279 0.0583703 0.0668258 0.0726558 0.0754487 0.0753443 0.0728009 0.0683817 0.0626487 0.05612 0.0492413 0.0423662 0.0357522 0.0295677 0.0239091 0.0188249 0.0143417 0.0104849 0.0072836 0.00475675
 0.00801496 0.0130953 0.0198486 0.0282528 0.0380437 0.0485529 0.0586748 0.0671337 0.0729363 0.0756781 0.0755144 0.0729223 0.0684777 0.0627431 0.0562211 0.0493324 0.0424079 0.0356971 0.0293817 0.0235867 0.0183925 0.0138496 0.00999269 0.00684443 0.0044055
 0.00811064 0.0132358 0.0200323 0.0284691 0.0382771 0.0487886 0.0589026 0.0673474 0.0731297 0.0758423 0.0756385 0.0729979 0.0685045 0.0627308 0.0561857 0.0492863 0.0423506 0.0356121 0.0292437 0.0233762 0.0181086 0.0135146 0.00964494 0.00652503 0.00414491
 0.00811738 0.013248 0.0200526 0.0284993 0.0383163 0.0488314 0.0589393 0.0673677 0.0731299 0.0758294 0.0756297 0.073012 0.0685529 0.0628129 0.0562912 0.0494005 0.0424575 0.0356946 0.0292832 0.0233561 0.0180217 0.0133692 0.00946434 0.00634004 0.00398279
 0.00822689 0.0134171 0.02029 0.0288062 0.038685 0.0492445 0.0593675 0.0677707 0.0734611 0.0760467 0.0757069 0.0729468 0.0683675 0.062546 0.0559862 0.0490935 0.0421713 0.0354371 0.029051 0.0231394 0.0178113 0.0131618 0.00926581 0.00616224 0.00383762
 0.00832476 0.0135606 0.0204772 0.0290252 0.0389179 0.0494726 0.0595767 0.0679518 0.0736081 0.0761544 0.0757691 0.0729569 0.0683206 0.0624432 0.0558367 0.0489141 0.0419812 0.0352522 0.0288791 0.0229808 0.0176623 0.0130197 0.00913218 0.00604296 0.00373958
 0.00826887 0.0134899 0.0204071 0.0289808 0.0389243 0.0495424 0.0597008 0.068102 0.073751 0.0762667 0.0758453 0.0730054 0.0683528 0.0624649 0.0558461 0.0489065 0.041954 0.0352073 0.0288213 0.0229149 0.0175911 0.0129454 0.00905783 0.00597344 0.00368024
 0.00814128 0.0133093 0.020186 0.0287501 0.0387282 0.0494267 0.0597005 0.0682313 0.0739972 0.0765903 0.0761892 0.0733117 0.0685814 0.0626015 0.0558995 0.0488967 0.041902 0.0351299 0.0287308 0.0228201 0.0174984 0.0128591 0.00898105 0.00590861 0.00362909
 0.00792467 0.0129666 0.0196902 0.0280892 0.0379151 0.0485113 0.0587757 0.0674242 0.0734381 0.076372 0.0763371 0.0737795 0.0692715 0.0633987 0.0567009 0.0496302 0.0425292 0.0356391 0.0291265 0.0231143 0.0177061 0.0129963 0.00906371 0.00595227 0.00364776
 0.00788482 0.0128806 0.0195219 0.0277932 0.0374491 0.0478565 0.0579566 0.066515 0.0725522 0.0756377 0.0758672 0.0736445 0.0694827 0.0639066 0.0574112 0.0504313 0.0433207 0.0363496 0.0297183 0.0235772 0.0180478 0.0132339 0.00921818 0.00604496 0.00369824
 0.00783551 0.0127996 0.0193974 0.0276098 0.0371875 0.0474939 0.0574726 0.065903 0.0718337 0.0748719 0.0751496 0.0730881 0.0691878 0.0639303 0.05775 0.0510231 0.0440652 0.0371376 0.030458 0.0242087 0.018545 0.0135973 0.00946522 0.00620061 0.00378854
 0.00784593 0.0128089 0.0193969 0.0275864 0.0371256 0.0473792 0.0572949 0.0656557 0.0715129 0.0744782 0.0746952 0.0726074 0.0687412 0.0635952 0.0575981 0.051094 0.0443504 0.0375827 0.0309818 0.0247297 0.0190016 0.0139571 0.00972289 0.00636902 0.00388903
 0.00777449 0.0127071 0.0192699 0.0274466 0.0369876 0.047252 0.0571768 0.0655352 0.0713747 0.0743106 0.0744945 0.072379 0.0685016 0.0633738 0.0574363 0.0510374 0.0444324 0.0378085 0.0313221 0.0251295 0.0193991 0.0143026 0.00998981 0.00655399 0.00400451
 0.00759226 0.0124211 0.0188601 0.0269055 0.036326 0.0465059 0.0564095 0.0648305 0.0708164 0.0739568 0.0743622 0.072446 0.0687223 0.0636991 0.0578286 0.0514769 0.044914 0.0383315 0.0318772 0.0256911 0.0199289 0.0147617 0.010352 0.00681284 0.00417165
 0.00740074 0.0121244 0.0184413 0.0263594 0.0356608 0.045745 0.0555952 0.0640249 0.070096 0.0733992 0.0740285 0.0723665 0.0688903 0.0640749 0.0583537 0.0520912 0.0455693 0.0389957 0.0325293 0.026312 0.0204956 0.0152491 0.0107406 0.00709661 0.00435972
 0.00717588 0.0117836 0.0179746 0.025775 0.0349828 0.0450093 0.0548461 0.0633129 0.0694725 0.0729103 0.0737095 0.0722402 0.0689662 0.0643475 0.0587998 0.052671 0.0462335 0.0396948 0.0332213 0.0269638 0.0210808 0.015747 0.0111371 0.00738848 0.00455608
 0.00714933 0.0117066 0.0177982 0.0254374 0.0344309 0.0442292 0.0538863 0.0622809 0.0685038 0.0721245 0.0731802 0.0719902 0.0689815 0.0645962 0.059244 0.0532693 0.0469403 0.0404602 0.0339945 0.0276984 0.0217391 0.0163022 0.0115754 0.00770944 0.00477206
 0.0078574 0.0127111 0.0190357 0.0267501 0.0356025 0.0450487 0.0542066 0.0620496 0.0677647 0.0710019 0.0718501 0.0706405 0.067771 0.0636267 0.0585565 0.0528582 0.0467721 0.0404878 0.0341649 0.0279576 0.0220361 0.016594 0.0118306 0.00791049 0.00491506
 0.00852516 0.0137817 0.0206088 0.0288798 0.0382532 0.0480447 0.057207 0.0645947 0.0694033 0.0714472 0.0710763 0.0688698 0.0653715 0.0609879 0.0559961 0.050584 0.0448858 0.0390114 0.0330707 0.0271918 0.0215344 0.0162908 0.0116655 0.00783259 0.00488572
 0.00844675 0.0137554 0.0207566 0.0293785 0.0392892 0.0497372 0.0595334 0.0673539 0.0722379 0.0739188 0.0727722 0.0695127 0.0648959 0.0595499 0.053911 0.0482202 0.0425657 0.0369553 0.0313884 0.0259054 0.0206105 0.0156676 0.0112726 0.00760282 0.0047622
 0.0082119 0.0134066 0.0202999 0.0288595 0.0388044 0.0494382 0.0596122 0.0679964 0.0735467 0.0758343 0.0750417 0.0717393 0.0666557 0.0605269 0.0539891 0.0474977 0.0412946 0.0354415 0.0298999 0.0246201 0.0196083 0.0149521 0.0108021 0.00731759 0.00460334
 0.00820515 0.0133667 0.0201881 0.0286274 0.038414 0.0488923 0.0589818 0.0674265 0.0732297 0.0759549 0.0757085 0.0729267 0.0681829 0.0620947 0.0552711 0.0482488 0.0414283 0.0350394 0.0291557 0.0237554 0.0188011 0.0143038 0.0103409 0.00702297 0.00443326
 0.00807292 0.0131667 0.0199134 0.0282767 0.0379864 0.0483825 0.0583839 0.0667505 0.0725256 0.0753288 0.0753133 0.0729189 0.0686579 0.0630297 0.0565086 0.0495393 0.0425163 0.0357526 0.0294537 0.0237167 0.018566 0.0140095 0.0100797 0.00683398 0.00431654
 0.00809366 0.0131851 0.0199135 0.0282355 0.0378814 0.0482016 0.058131 0.0664425 0.0721825 0.0749685 0.0749594 0.0726171 0.0684835 0.0630676 0.0568099 0.0500788 0.0431839 0.0363914 0.0299253 0.0239551 0.0185907 0.0138965 0.00991596 0.00668283 0.00420664
 0.00818533 0.0133143 0.0200701 0.0283956 0.0380104 0.0482627 0.0580943 0.0662923 0.0719227 0.0746227 0.074567 0.0722258 0.0681436 0.0628301 0.056722 0.0501698 0.0434448 0.0367637 0.0303152 0.0242705 0.0187783 0.0139562 0.00988724 0.00661592 0.00413963
 0.0081717 0.0133073 0.0200865 0.0284568 0.0381328 0.048444 0.0583044 0.0664771 0.072022 0.0745939 0.0744009 0.0719488 0.0678072 0.0624957 0.0564482 0.0500028 0.0434093 0.036854 0.0304932 0.0244762 0.0189532 0.0140654 0.00992804 0.00660892 0.00411173
 0.00804891 0.0131348 0.0198778 0.0282439 0.0379601 0.0483557 0.0583314 0.0666267 0.0722717 0.0748927 0.0746806 0.0721443 0.067879 0.0624434 0.0563079 0.0498321 0.0432657 0.0367774 0.0304945 0.024538 0.0190405 0.0141435 0.0099764 0.00662567 0.00410723
 0.00801154 0.0130759 0.019794 0.0281368 0.0378398 0.0482447 0.0582646 0.0666438 0.0724021 0.0751386 0.0750079 0.0724887 0.0681656 0.062612 0.0563328 0.0497282 0.04308 0.036569 0.0303135 0.0244107 0.0189675 0.0141084 0.00995897 0.00661212 0.00409282
 0.00793512 0.0129507 0.0196043 0.0278691 0.0374879 0.0478172 0.057792 0.0661802 0.0720176 0.0749026 0.0749695 0.0726601 0.0685154 0.0630716 0.0568173 0.0501626 0.0434205 0.0368089 0.0304738 0.024522 0.0190537 0.0141801 0.0100167 0.00665346 0.00411778
 0.00794151 0.0129566 0.0196045 0.0278547 0.0374468 0.0477365 0.057661 0.0659954 0.0717873 0.0746511 0.0747361 0.0724912 0.0684503 0.0631278 0.0569814 0.0503941 0.0436671 0.0370263 0.0306391 0.0246347 0.0191268 0.0142287 0.0100507 0.00667724 0.00413303
 0.00808944 0.0131712 0.0198789 0.0281651 0.0377577 0.0480097 0.0578641 0.0661042 0.0717872 0.0745381 0.0745203 0.0721995 0.0681246 0.062817 0.0567283 0.0502223 0.0435753 0.036993 0.0306351 0.0246369 0.0191242 0.0142205 0.010041 0.00666906 0.00412747
 0.00805827 0.0131408 0.0198695 0.0282042 0.0378687 0.0481958 0.0580975 0.0663315 0.0719491 0.0745939 0.0744611 0.0720461 0.0679148 0.062592 0.0565246 0.0500671 0.0434826 0.0369613 0.0306497 0.0246762 0.0191685 0.0142578 0.0100671 0.00668522 0.00413658
 0.0079712 0.0130105 0.0196957 0.0279979 0.0376533 0.0480061 0.0579746 0.0663109 0.0720452 0.0747877 0.0747028 0.0722736 0.068079 0.062674 0.056536 0.0500381 0.0434465 0.0369425 0.0306581 0.0247086 0.0192137 0.0143035 0.0101049 0.00671212 0.00415342
 0.00751888 0.0122705 0.0185776 0.0264266 0.0355996 0.0455278 0.0552497 0.0636333 0.0697656 0.0732215 0.0740466 0.0725647 0.0692048 0.0644189 0.0586447 0.052273 0.0456229 0.0389384 0.0324045 0.0261735 0.0203898 0.0152018 0.0107521 0.00714794 0.00442544
 0.00786104 0.0127823 0.0192609 0.0272428 0.0364659 0.0463211 0.0558197 0.0638316 0.0694929 0.0724754 0.0729411 0.0713022 0.0680112 0.0634739 0.0580387 0.0520035 0.0456226 0.0391144 0.0326698 0.0264628 0.0206611 0.0154316 0.0109305 0.00727496 0.00450808
 0.00811902 0.0132222 0.0199571 0.0282665 0.0378555 0.0480407 0.0577264 0.0656787 0.0709824 0.073342 0.0730303 0.0706122 0.0666883 0.0617659 0.0562237 0.0503185 0.0442168 0.0380403 0.0319064 0.0259506 0.0203332 0.0152301 0.0108119 0.00720846 0.00447279
 0.00788818 0.0128691 0.0194713 0.027664 0.037188 0.0474005 0.0572395 0.0654763 0.0711504 0.0738711 0.0738 0.0714279 0.0673549 0.0621606 0.0563321 0.0502207 0.0440382 0.0378943 0.0318567 0.026005 0.0204605 0.0153866 0.0109603 0.00732749 0.0045563
 0.00819236 0.0133157 0.020054 0.0283449 0.0379078 0.0480967 0.0578632 0.0660012 0.0715742 0.0742075 0.0740619 0.0716051 0.067403 0.062013 0.0559352 0.0495723 0.0432031 0.0369864 0.0309986 0.0252877 0.0199239 0.0150238 0.0107368 0.00720117 0.00449042
 0.00841478 0.0136902 0.0206376 0.0291885 0.0390321 0.0494619 0.0593496 0.0674231 0.0727325 0.074957 0.074354 0.071484 0.066963 0.0613478 0.0551074 0.0486146 0.0421427 0.0358703 0.0299 0.0242901 0.0190944 0.0143937 0.0102994 0.00692302 0.00432817
 0.00833517 0.0135954 0.0205606 0.0291861 0.0391756 0.0498176 0.0599552 0.0682673 0.0737447 0.0760125 0.0752999 0.0721816 0.0673286 0.0613701 0.0548332 0.0481162 0.0414903 0.0351242 0.0291172 0.0235306 0.0184166 0.0138413 0.0098903 0.00664845 0.00416124
 0.00795473 0.0129728 0.0196218 0.0278746 0.0374835 0.047824 0.0578534 0.0663495 0.0723317 0.0753547 0.0754983 0.073164 0.0688859 0.0632287 0.0567305 0.0498537 0.0429518 0.0362668 0.0299504 0.0240963 0.0187738 0.0140525 0.01001 0.00671598 0.00420044
 0.00799131 0.0129753 0.019519 0.0275628 0.0368493 0.0467867 0.056408 0.0645925 0.0704587 0.0736294 0.0741975 0.0725097 0.0689826 0.0640323 0.0580658 0.0514725 0.0446066 0.0377668 0.031186 0.0250343 0.0194355 0.0144892 0.0102813 0.00687609 0.00429084
 0.0083493 0.0135583 0.0203913 0.0287655 0.0383687 0.0485162 0.0581267 0.0659938 0.0712356 0.0735864 0.0733297 0.0710081 0.0671673 0.0622466 0.0565761 0.0504098 0.0439628 0.037439 0.0310403 0.0249585 0.0193647 0.0144031 0.0101875 0.00679022 0.00422429
 0.00821223 0.0134295 0.0203711 0.0290051 0.0390297 0.0497032 0.0598239 0.0680371 0.0733355 0.0753924 0.0745169 0.0713652 0.0666586 0.0610235 0.054925 0.0486553 0.0423697 0.0361537 0.0300887 0.0242873 0.0188941 0.0140656 0.00994081 0.00661266 0.00410331
#obs surv len freq
 nan nan nan nan nan nan nan nan nan nan nan nan nan nan nan nan nan nan nan nan nan nan nan nan nan
 0.00447725 0.00733548 0.011163 0.0159783 0.02168 0.0279581 0.0342757 0.0400104 0.0446928 0.0481586 0.0505177 0.0520144 0.0529072 0.05342 0.0537345 0.0539897 0.0542684 0.0545613 0.0547001 0.054292 0.0527299 0.0493617 0.0438108 0.0362901 0.0276728
 0.00461873 0.00756416 0.0115044 0.0164548 0.0223054 0.02873 0.0351671 0.0409668 0.0456385 0.0490106 0.0512005 0.0524718 0.0531089 0.0533631 0.0534398 0.0534936 0.0536145 0.0537924 0.0538555 0.0534089 0.0518471 0.0485225 0.0430599 0.0356654 0.0271954
 0.00478296 0.00783451 0.0119173 0.0170457 0.023101 0.0297365 0.0363577 0.0422781 0.0469787 0.0502763 0.0522928 0.0533071 0.0536253 0.0535248 0.0532396 0.0529525 0.0527758 0.0527142 0.0526034 0.0520528 0.0504624 0.0471898 0.0418594 0.0346632 0.026428
 0.00497666 0.00815177 0.0123994 0.0177329 0.0240254 0.0309099 0.0377588 0.0438461 0.0486196 0.0518777 0.0537405 0.0544966 0.0544697 0.05396 0.0532286 0.0524878 0.0518801 0.0514384 0.0510232 0.0502655 0.0485838 0.0453481 0.0401817 0.0332534 0.0253446
 0.00518508 0.00849308 0.0129178 0.0184716 0.0250189 0.0321713 0.039267 0.0455403 0.0504067 0.0536482 0.0553835 0.0559082 0.0555565 0.054642 0.0534435 0.0521962 0.0510718 0.0501376 0.0492934 0.0482116 0.0463496 0.0431053 0.0381062 0.031492 0.0239827
 0.00542689 0.00888701 0.0135123 0.0193123 0.0261404 0.033584 0.0409427 0.0474075 0.0523604 0.0555695 0.057158 0.0574349 0.0567495 0.055428 0.0537601 0.0519931 0.0503163 0.048826 0.0474642 0.0459587 0.0438271 0.0405162 0.0356708 0.029401 0.0223532
 0.00565278 0.00926163 0.0140898 0.0201477 0.0272784 0.0350419 0.0426925 0.0493711 0.0544212 0.0575967 0.0590279 0.0590428 0.0580114 0.0562767 0.0541404 0.0518579 0.0496274 0.0475632 0.0456434 0.0436535 0.0411837 0.037748 0.0330246 0.0271009 0.0205445
 0.00588364 0.0096382 0.0146594 0.0209565 0.0283646 0.0364231 0.0443521 0.0512499 0.0564231 0.059603 0.060915 0.0606959 0.0593333 0.0571911 0.0545895 0.051797 0.0490208 0.0463877 0.0439035 0.041406 0.0385596 0.0349551 0.0303171 0.0247201 0.0186548
 0.00612954 0.0100399 0.0152675 0.0218189 0.029517 0.0378743 0.0460696 0.0531567 0.0584097 0.0615502 0.0627122 0.0622491 0.060564 0.0580342 0.0549909 0.0517122 0.0484139 0.0452347 0.0422045 0.0392077 0.0359794 0.0321886 0.0276132 0.0223233 0.0167388
 0.00637177 0.0104372 0.0158717 0.0226803 0.0306739 0.0393375 0.0478062 0.0550842 0.0604088 0.0634887 0.0644682 0.0637249 0.0616892 0.0587605 0.055285 0.0515472 0.0477653 0.0440831 0.0405484 0.0370861 0.0334962 0.0295229 0.0249988 0.0199953 0.0148686
 0.0066076 0.0108244 0.0164616 0.0235228 0.0318078 0.0407745 0.0495147 0.0569836 0.0623805 0.0653985 0.0661892 0.0651522 0.0627462 0.0593991 0.0554802 0.0512886 0.0470483 0.0429055 0.0389186 0.0350428 0.0311328 0.0270002 0.0225289 0.0177945 0.0130971
 0.00683789 0.0112012 0.0170329 0.0243348 0.0328957 0.0421481 0.0511434 0.0587912 0.0642549 0.0672127 0.0678217 0.0665005 0.0637328 0.0599733 0.0556159 0.0509789 0.0462983 0.0417272 0.0373344 0.0330987 0.0289181 0.0246594 0.0202502 0.0157696 0.0114684
 0.00705606 0.0115598 0.0175797 0.0251161 0.0339464 0.0434763 0.0527155 0.0605273 0.0660408 0.0689223 0.0693391 0.0677315 0.0646094 0.0604522 0.055676 0.0506168 0.0455236 0.0405594 0.0358049 0.03126 0.0268583 0.0225104 0.0181775 0.0139392 0.0100015
 0.00728035 0.0119269 0.0181365 0.025907 0.0350038 0.0448054 0.0542796 0.0622427 0.0677887 0.0705724 0.0707717 0.0688531 0.0653575 0.0607946 0.0556053 0.0501439 0.0446705 0.039356 0.0342905 0.029492 0.0249224 0.020527 0.0162913 0.0122906 0.00869026
 0.0074276 0.0121753 0.0185272 0.0264839 0.0358045 0.045847 0.0555433 0.0636686 0.0692838 0.0720279 0.0720808 0.0699234 0.066118 0.0611995 0.0556342 0.0497983 0.043969 0.0383296 0.0329818 0.0279599 0.0232492 0.0188211 0.0146781 0.0108883 0.00757985
 0.00753359 0.0123434 0.0187733 0.0268228 0.0362504 0.0464132 0.0562387 0.0644915 0.0702153 0.0730276 0.0730879 0.0708624 0.0669095 0.0617715 0.0559315 0.0497876 0.0436396 0.0376923 0.0320681 0.0268222 0.0219633 0.017485 0.0134017 0.00977299 0.0066947
 0.00758015 0.0124184 0.018885 0.0269787 0.0364565 0.0466731 0.0565534 0.0648608 0.07064 0.0735106 0.0736294 0.0714512 0.0675143 0.0623393 0.0563949 0.0500785 0.0437033 0.0374978 0.0316135 0.0261368 0.0211069 0.016542 0.012469 0.00894071 0.0060256
 0.0076617 0.0125408 0.0190502 0.027182 0.0366887 0.0469232 0.0568114 0.0651185 0.0708923 0.0737568 0.0738743 0.0717037 0.0677813 0.0626177 0.0566637 0.0502975 0.0438204 0.0374628 0.0313932 0.0257275 0.0205391 0.0158768 0.0117853 0.00831573 0.00551556
 0.00772459 0.0126398 0.0191928 0.0273715 0.0369221 0.0471892 0.0570893 0.0653813 0.0711147 0.0739239 0.0739874 0.071778 0.0678391 0.0626786 0.0567367 0.0503747 0.043876 0.037458 0.0312888 0.0254985 0.0201874 0.015435 0.0113085 0.00786501 0.00513915
 0.00776262 0.0126964 0.0192684 0.0274636 0.0370266 0.0473023 0.0572082 0.0655033 0.0712352 0.0740363 0.0740843 0.0718549 0.0678976 0.0627264 0.0567835 0.0504258 0.0439257 0.0374873 0.0312697 0.0254046 0.0200066 0.0151781 0.0110083 0.00756525 0.00487896
 0.00782471 0.0127912 0.0193992 0.0276286 0.0372185 0.0475085 0.0574117 0.0656851 0.0713785 0.0741309 0.0741287 0.0718551 0.0678633 0.0626686 0.0567132 0.0503528 0.0438554 0.0374176 0.0311893 0.0252969 0.0198588 0.0149893 0.0107935 0.00735029 0.00469027
 0.00783281 0.0128049 0.0194206 0.02766 0.0372613 0.0475628 0.0574749 0.0657524 0.0714438 0.0741887 0.0741757 0.0718906 0.0678888 0.0626866 0.0567259 0.0503617 0.0438605 0.0374165 0.031176 0.0252624 0.0197946 0.0148932 0.0106729 0.00722117 0.00457116
 0.00785913 0.0128398 0.0194588 0.0276922 0.0372775 0.047557 0.0574491 0.0657158 0.0714091 0.0741669 0.0741724 0.0719058 0.0679183 0.062725 0.0567683 0.050404 0.0438994 0.0374484 0.031196 0.0252649 0.0197742 0.0148481 0.0106073 0.00714521 0.00449736
 0.00790068 0.0129047 0.0195509 0.0278116 0.0374191 0.0477083 0.0575907 0.0658249 0.071467 0.0741663 0.0741206 0.0718208 0.067821 0.0626315 0.0566874 0.0503379 0.0438464 0.0374047 0.0311571 0.0252257 0.01973 0.0147964 0.0105491 0.00708522 0.00444216
 0.00788919 0.0128893 0.0195341 0.0277979 0.0374141 0.0477172 0.0576156 0.0658638 0.071513 0.0742095 0.0741511 0.0718324 0.0678144 0.0626137 0.0566678 0.0503244 0.0438422 0.0374083 0.031164 0.0252302 0.0197273 0.0147838 0.010527 0.00705697 0.0044129
 0.00788304 0.0128725 0.0194966 0.0277278 0.0373021 0.0475633 0.0574342 0.0656822 0.0713632 0.074117 0.0741266 0.0718708 0.0678996 0.062726 0.0567909 0.0504475 0.04396 0.0375177 0.031262 0.025313 0.0197914 0.0148271 0.0105505 0.00706457 0.00441025
 0.00789164 0.012882 0.0195023 0.0277215 0.0372728 0.0475 0.0573292 0.0655352 0.0711852 0.0739304 0.0739618 0.071757 0.0678553 0.0627536 0.0568776 0.0505726 0.0441023 0.0376606 0.0313941 0.0254273 0.0198836 0.0148955 0.0105959 0.00709051 0.00442198
 0.0079038 0.0129002 0.0195264 0.0277496 0.0373008 0.0475211 0.0573339 0.0655128 0.0711268 0.0738332 0.0738326 0.0716134 0.0677218 0.062655 0.0568307 0.0505815 0.0441583 0.0377473 0.0314936 0.0255246 0.0199684 0.0149623 0.0106434 0.00712041 0.00443826
 0.00787884 0.0128643 0.0194812 0.0276995 0.0372519 0.0474784 0.0573002 0.0654873 0.0711053 0.0738099 0.0738016 0.0715717 0.0676721 0.0626063 0.0567966 0.050575 0.0441869 0.0378093 0.0315793 0.0256199 0.0200597 0.0150397 0.0107021 0.0071604 0.00446249
 0.00784827 0.0128102 0.0193921 0.0275639 0.0370629 0.0472404 0.0570333 0.0652252 0.0708863 0.0736636 0.0737406 0.0715904 0.0677526 0.0627274 0.0569407 0.0507319 0.044352 0.0379806 0.0317526 0.0257876 0.020212 0.0151678 0.010801 0.00722988 0.00450678
 0.00781577 0.0127559 0.0193076 0.0274401 0.0368914 0.0470171 0.0567619 0.0649211 0.0705768 0.073385 0.0735305 0.0714782 0.067751 0.0628293 0.0571237 0.0509665 0.0446109 0.038243 0.0320045 0.0260191 0.0204149 0.0153358 0.0109307 0.00732222 0.00456685
 0.00779881 0.0127235 0.01925 0.0273451 0.0367478 0.0468188 0.0565123 0.0646342 0.0702749 0.073095 0.0732804 0.0712945 0.0676561 0.0628365 0.0572329 0.051163 0.0448689 0.0385322 0.0322972 0.0262933 0.0206559 0.0155346 0.0110839 0.00743174 0.00463873
 0.00777794 0.012689 0.0191968 0.0272677 0.0366402 0.0466761 0.0563321 0.0644192 0.0700345 0.072845 0.0730424 0.0710928 0.0675139 0.0627726 0.0572579 0.0512773 0.0450609 0.0387803 0.0325735 0.0265699 0.0209091 0.0157486 0.0112512 0.00755237 0.00471851
 0.00774067 0.0126302 0.0191118 0.0271534 0.036496 0.0465043 0.0561389 0.0642144 0.0698297 0.0726517 0.0728709 0.0709526 0.0674154 0.0627266 0.0572749 0.0513635 0.0452154 0.038993 0.0328253 0.0268359 0.021164 0.0159717 0.01143 0.00768343 0.00480622
 0.00933931 0.0148683 0.0218136 0.0299328 0.0388694 0.0480696 0.0567175 0.0638771 0.068813 0.071236 0.0712913 0.0693681 0.0659179 0.0613652 0.0560753 0.0503396 0.0443735 0.0383313 0.0323326 0.0264916 0.0209405 0.0158383 0.0113577 0.00764863 0.00479183
 0.0093118 0.0151196 0.0227138 0.0319417 0.0423362 0.0529632 0.0624548 0.0694186 0.0730329 0.073367 0.0711774 0.0674047 0.0627772 0.0577074 0.0523856 0.0469042 0.0413307 0.0357332 0.0301867 0.0247809 0.0196305 0.0148808 0.0106947 0.0072169 0.00452963
 0.00895613 0.0145604 0.0219295 0.0309821 0.041377 0.0523416 0.0626304 0.07081 0.07577 0.0771053 0.0751405 0.0706793 0.0646945 0.0580741 0.051454 0.0451589 0.0392585 0.0336904 0.0283761 0.0232879 0.0184691 0.0140261 0.0101013 0.00683078 0.00429577
 0.00878798 0.0142733 0.0214727 0.0303037 0.0404429 0.0511719 0.0613425 0.0696475 0.0750806 0.077245 0.0763155 0.0727993 0.0673395 0.0606317 0.0533669 0.0461366 0.0393349 0.0331254 0.0274947 0.0223569 0.0176503 0.0133866 0.00964602 0.00653225 0.00411526
 0.00872027 0.0141598 0.0212941 0.0300364 0.0400599 0.0506473 0.060663 0.0688304 0.0741983 0.0764429 0.0758049 0.0728031 0.0679942 0.061891 0.0549762 0.0477172 0.0405402 0.0337755 0.0276131 0.0221071 0.0172322 0.0129581 0.00929402 0.00628286 0.00395824
 0.00871282 0.0141421 0.0212569 0.0299663 0.0399411 0.050464 0.0604018 0.0684827 0.0737639 0.0759387 0.0752793 0.0723486 0.0677401 0.0619634 0.0554335 0.0484972 0.0414634 0.0346147 0.0281922 0.022366 0.017224 0.012795 0.0090855 0.00609939 0.00382723
 0.00867121 0.0140792 0.0211706 0.0298572 0.0398108 0.0503133 0.0602297 0.0682864 0.0735404 0.0756869 0.0750042 0.0720681 0.0674933 0.0618124 0.0554499 0.0487298 0.0419016 0.0351756 0.0287474 0.0227976 0.0174735 0.0128749 0.00905396 0.00602202 0.00375017
 0.00868058 0.0140899 0.0211788 0.0298565 0.0397946 0.0502773 0.0601735 0.0682125 0.073451 0.0755809 0.0748772 0.071916 0.06732 0.0616374 0.0553102 0.0486721 0.0419631 0.0353606 0.0290168 0.0230818 0.0177038 0.0130137 0.0091037 0.00601224 0.00371559
 0.00866523 0.0140683 0.0211522 0.0298275 0.0397657 0.0502489 0.060143 0.0681754 0.0734033 0.0755218 0.0748084 0.0718405 0.0672398 0.0615552 0.0552338 0.0486183 0.0419547 0.0354166 0.0291385 0.0232465 0.0178727 0.0131497 0.00918787 0.00604754 0.00371868
 0.00865689 0.0140537 0.0211284 0.029792 0.0397174 0.0501898 0.0600789 0.0681146 0.0733534 0.0754858 0.0747845 0.0718232 0.0672232 0.061536 0.0552126 0.0486004 0.0419504 0.0354383 0.0291948 0.023335 0.0179784 0.0132509 0.00926603 0.0060953 0.00374001
 0.00865332 0.0140484 0.0211211 0.0297826 0.0397052 0.0501736 0.060057 0.068086 0.0733186 0.0754482 0.0747486 0.0717931 0.0672006 0.0615195 0.0551998 0.0485901 0.041945 0.0354434 0.0292167 0.0233766 0.0180359 0.0133138 0.00932227 0.00613644 0.00376423
 0.0086365 0.0140226 0.0210853 0.0297369 0.0396515 0.0501149 0.0599977 0.0680311 0.0732728 0.0754147 0.0747287 0.0717867 0.0672068 0.0615367 0.0552254 0.0486213 0.0419794 0.0354805 0.0292578 0.0234233 0.0180877 0.0133669 0.00937055 0.00617449 0.00378979
 0.0086424 0.0140305 0.0210943 0.0297448 0.0396558 0.0501136 0.0599897 0.0680167 0.0732534 0.075392 0.0747046 0.0717628 0.0671845 0.0615174 0.0552105 0.0486118 0.041976 0.0354834 0.0292674 0.0234399 0.0181107 0.0133939 0.00939798 0.00619836 0.00380755
 0.00861733 0.0139955 0.021052 0.0297014 0.0396182 0.0500872 0.0599758 0.0680128 0.0732549 0.075395 0.0747073 0.0717654 0.0671883 0.0615235 0.0552195 0.0486238 0.0419908 0.035501 0.0292878 0.0234629 0.0181356 0.0134195 0.00942223 0.00621906 0.00382321
 0.00861409 0.0139845 0.0210255 0.0296499 0.0395346 0.0499723 0.0598416 0.0678808 0.0731487 0.0753314 0.074691 0.0717902 0.0672422 0.0615941 0.0552972 0.0487023 0.0420663 0.0355712 0.0293516 0.0235197 0.0181852 0.0134617 0.0094566 0.00624545 0.00384192
 0.00861409 0.0139845 0.0210255 0.0296499 0.0395346 0.0499723 0.0598416 0.0678808 0.0731487 0.0753314 0.074691 0.0717902 0.0672422 0.0615941 0.0552972 0.0487023 0.0420663 0.0355712 0.0293516 0.0235197 0.0181852 0.0134617 0.0094566 0.00624545 0.00384192
 0.00805346 0.0131024 0.0197562 0.0279615 0.0374468 0.0475766 0.0573179 0.0654884 0.0711793 0.0740371 0.0742213 0.0721639 0.0683582 0.0632688 0.057311 0.0508429 0.0441586 0.0374902 0.0310212 0.0249051 0.019282 0.0142875 0.0100447 0.00663854 0.00408648
 0.00850506 0.0137568 0.02059 0.0288946 0.0383542 0.0483154 0.0577554 0.0655258 0.0707745 0.0732243 0.0731155 0.0709394 0.0672052 0.0623432 0.0566995 0.0505543 0.0441395 0.0376554 0.0312829 0.025192 0.0195471 0.0145065 0.01021 0.00675345 0.0041601
 0.00869679 0.014124 0.0212388 0.0299403 0.0398717 0.0502705 0.0599574 0.0676439 0.0724296 0.0741129 0.0731033 0.0700838 0.0657133 0.0604978 0.0547847 0.0487969 0.0426782 0.0365377 0.0304866 0.0246566 0.019203 0.0142929 0.0100814 0.00667883 0.00411879
 0.00843333 0.0137225 0.0206909 0.0292729 0.03916 0.0496445 0.0595877 0.0676949 0.072984 0.0751076 0.074324 0.0712382 0.0665451 0.0608787 0.0547389 0.0484607 0.042227 0.0361199 0.0301872 0.0244954 0.0191544 0.0143133 0.0101305 0.00672966 0.00415867
 0.00869156 0.0140967 0.0211691 0.0298136 0.0397032 0.0501324 0.0599857 0.0680049 0.0732449 0.0753778 0.0746471 0.0716033 0.0668695 0.0610339 0.054611 0.0480108 0.0415131 0.0352702 0.0293457 0.0237721 0.0186022 0.0139332 0.00989174 0.00659155 0.00408463
 0.0087974 0.014299 0.0215258 0.0303873 0.0405343 0.0512023 0.0611932 0.0691796 0.0742023 0.0759891 0.0748828 0.0715254 0.0665811 0.0606191 0.0541015 0.0473943 0.0407722 0.0344216 0.0284521 0.0229213 0.0178732 0.0133697 0.00949718 0.00633999 0.003938
 0.00875591 0.0142341 0.021436 0.0302812 0.0404385 0.0511666 0.0612851 0.0694612 0.0746951 0.076647 0.0755964 0.072163 0.0670418 0.0608639 0.0541454 0.0472742 0.0405197 0.0340592 0.0280065 0.0224358 0.017403 0.0129652 0.00918761 0.00612865 0.00380882
 0.00831624 0.0135306 0.020402 0.0288731 0.0386572 0.0490866 0.059078 0.0673895 0.0730629 0.0757182 0.0755175 0.0729217 0.0684784 0.0627262 0.0561633 0.0492218 0.0422455 0.0354846 0.0291096 0.0232353 0.0179451 0.0133103 0.00939644 0.00625087 0.00387897
 0.00830117 0.0134595 0.0202086 0.0284659 0.0379416 0.0480014 0.0576318 0.0656796 0.0712669 0.0740654 0.0742459 0.0722295 0.0684753 0.0634018 0.0573878 0.0507839 0.0439122 0.0370571 0.0304561 0.0242963 0.0187201 0.0138375 0.0097317 0.00645115 0.00399194
 0.00874134 0.0141602 0.0212283 0.0298303 0.0396157 0.0498589 0.0594398 0.0671283 0.0720531 0.0739985 0.0733226 0.0706372 0.0665291 0.0614468 0.0557054 0.0495323 0.0431136 0.0366303 0.0302719 0.0242315 0.01869 0.0138022 0.00968418 0.00640028 0.00394822
 0.00887656 0.014426 0.0217123 0.0306387 0.040843 0.0515383 0.0614964 0.0693613 0.0741623 0.0756495 0.0742284 0.0706351 0.0656286 0.0598306 0.053677 0.0474264 0.0412057 0.0350798 0.0291164 0.0234211 0.0181383 0.0134266 0.00942593 0.00622367 0.00383187
#pred catch len freq
 0.0040502 0.00643891 0.00945365 0.0130497 0.0172083 0.021911 0.0270712 0.0324994 0.0379364 0.0431123 0.0477908 0.0517962 0.0550322 0.0574822 0.059185 0.0602024 0.0605953 0.0604015 0.0595938 0.0580119 0.0553212 0.0510873 0.0450139 0.0372456 0.0285097
 0.00440334 0.0069155 0.00999386 0.0135457 0.0175447 0.0220232 0.0269834 0.0323132 0.0377709 0.0430349 0.0477827 0.0517711 0.054894 0.0571847 0.0587645 0.0597681 0.0602825 0.0603079 0.0597277 0.0582811 0.055573 0.0511819 0.0448903 0.0369399 0.0281218
 0.00457847 0.00722495 0.0104984 0.0142991 0.0185599 0.0232329 0.0282254 0.0333679 0.0384488 0.0432625 0.0476238 0.0513687 0.0543774 0.0566131 0.0581381 0.0590831 0.0595754 0.0596537 0.0591954 0.0578854 0.0552611 0.0508673 0.0445097 0.0364912 0.0276581
 0.00480174 0.00756758 0.0109812 0.0149409 0.0193883 0.0242904 0.0295527 0.0349606 0.0402066 0.0449732 0.0490139 0.0522055 0.054561 0.0561968 0.0572716 0.0579316 0.0582727 0.0582995 0.057868 0.0566405 0.0541223 0.049829 0.0435598 0.0356364 0.0269281
 0.00508273 0.00800378 0.0115995 0.0157537 0.020395 0.0254805 0.0309102 0.0364665 0.041838 0.0466876 0.0507204 0.0537424 0.0557122 0.056757 0.0571268 0.0571014 0.0568902 0.0565517 0.0559379 0.0546768 0.0522326 0.048087 0.0420176 0.0343343 0.0258942
 0.00535514 0.00843456 0.0122262 0.0166057 0.0214911 0.0268252 0.0324846 0.0382228 0.0437012 0.0485669 0.0525206 0.0553655 0.0570473 0.0576711 0.0574764 0.0567731 0.0558503 0.054872 0.0537805 0.0522497 0.0497439 0.0457168 0.039906 0.0325767 0.0245368
 0.00564315 0.0088827 0.012865 0.0174547 0.0225622 0.028125 0.0340106 0.0399534 0.0455859 0.0505227 0.0544374 0.0571194 0.0585154 0.0587392 0.058038 0.0567304 0.0551296 0.0534555 0.0517359 0.0497368 0.0469903 0.0429733 0.0373998 0.0304737 0.0229199
 0.00595923 0.00937583 0.0135695 0.0183915 0.0237395 0.0295387 0.0356409 0.0417603 0.0475079 0.0524803 0.0563373 0.0588582 0.0599841 0.0598292 0.0586477 0.0567692 0.0545247 0.0521668 0.0497829 0.0472249 0.0441177 0.0400051 0.0346137 0.0280962 0.0210788
 0.0062866 0.00988559 0.0142961 0.0193551 0.0249479 0.0309873 0.0373089 0.0436039 0.0494575 0.0544445 0.0582127 0.0605403 0.0613754 0.0608431 0.0592064 0.0568011 0.0539649 0.0509687 0.0479416 0.0448082 0.0412874 0.0370093 0.0317403 0.0256023 0.0191251
