SBPRF35
8.30959
Curr Bio
759376
B35
586263
F35
0.207495
FOFL
0.207495
OFL
133377
Bzero
2.37417e+06
#pred survey bio
 4.63571e+06 3.86022e+06 3.35452e+06 2.95452e+06 2.61836e+06 2.42012e+06 2.32792e+06 2.22359e+06 2.10474e+06 1.82316e+06 1.46674e+06 1.20404e+06 1.09204e+06 990319 900549 809692 758151 711589 687182 644958 614645 589217 548602 508902 498945 511251 517502 509306 501700 485038 489228 519817 555602 600891 635831 645248 546679 471251 474826 510276 544082 585002 576619 557410 547569 562424 599546 626337 612342 634242 654866 664158 699130 770106 1.91669e+07 1.77325e+07 1.7898e+07 1.80403e+07 1.81705e+07 1.82904e+07 1.83992e+07 1.84957e+07 1.85793e+07 1.86504e+07 1.87097e+07 1.87587e+07 1.87985e+07 1.88308e+07 1.88566e+07 1.88773e+07 1.88937e+07 1.89067e+07 1.8917e+07 1.89251e+07 1.89314e+07 1.89364e+07 1.89403e+07 1.89434e+07 1.89458e+07 1.89477e+07 1.89491e+07 1.89503e+07 1.89512e+07 1.89519e+07 1.89524e+07 1.89528e+07 1.89532e+07 1.89534e+07 1.89536e+07 1.89538e+07 1.89539e+07 1.8954e+07 1.89541e+07 1.89541e+07 1.89542e+07 1.89542e+07 1.89542e+07 1.89543e+07 1.89543e+07 1.89543e+07 1.89543e+07 1.89543e+07 1.89543e+07 1.89543e+07 1.89543e+07 1.89543e+07 1.89543e+07 1.89543e+07 1.89543e+07 1.89543e+07 1.89543e+07 1.89543e+07 1.89543e+07 1.89543e+07 1.89543e+07 1.89543e+07 1.89543e+07 1.89543e+07 1.89543e+07 1.89543e+07 1.89543e+07 1.89543e+07 1.89543e+07 1.89543e+07 1.89543e+07 1.89543e+07 1.89543e+07 1.89543e+07 1.89543e+07 1.89543e+07 1.89543e+07 1.89543e+07 1.89543e+07 1.89543e+07 1.89543e+07 1.89543e+07 1.89543e+07 1.89543e+07 1.89543e+07 1.89543e+07 1.89543e+07 1.89543e+07 1.89543e+07 1.89543e+07 1.89543e+07 1.89543e+07 1.89543e+07 1.89543e+07 1.89543e+07 1.89543e+07 1.89543e+07 1.89543e+07 1.89543e+07 1.89543e+07 0 0 0 0 0 0 0 0 0 0 0 0 0 0 0 0 0 0 0 0 0 0 0 0 0
#obs survey bio
 4.83077e+06 3.76893e+06 3.07702e+06 2.8542e+06 1.91998e+06 2.0681e+06 2.97382e+06 1.88993e+06 2.34466e+06 2.14548e+06 1.22247e+06 1.11569e+06 1.22756e+06 921840 1.12688e+06 742829 533013 716819 679437 565589 633284 657764 596163 489371 493938 627823 478344 567734 690051 404144 432109 559249 524430 440873 638476 759747 592288 360108 397672 591416 442890 629619 508417 714762 574235 489296 665022 803543 569850 541547 799189 723637 908262 857427
#pred catch bio
 116126 97060.4 149208 219427 261281 252597 270510 294639 313811 287697 303054 242359 256016 243808 229792 194435 198828 161163 155600 145841 129550 132438 117960 113553 109712 105864 105425 97175.9 99852.5 93395.7 94182 97477.5 88707.2 98339.2 85427.7 92777.5 89181.4 81319.1 87173.8 90162.2 79406.9 88828.6 85246.8 82590.9 87474.1 82896.5 86074 94602.2 86438 89643.6 101988 106451 100530 123101 133377 134683 135122 135195 135179 135136 135092 135058 135034 135017 135007 135000 134996 134993 134992 134991 134990 134990 134990 134989 134989 134989 134989 134989 134989 134989 134989 134989 134989 134989 134989 134989 134989 134989 134989 134989 134989 134989 134989 134989 134989 134989 134989 134989 134989 134989 134989 134989 134989 134989 134989 134989 134989 134989 134989 134989 134989 134989 134989 134989 134989 134989 134989 134989 134989 134989 134989 134989 134989 134989 134989 134989 134989 134989 134989 134989 134989 134989 134989 134989 134989 134989 134989 134989 134989 134989 134989 134989 134989 134989 134989 134989 134989 134989 134989 134989 134989 134989 134989 134989 0 0 0 0 0 0 0 0 0 0 0 0 0 0 0 0 0 0 0 0 0 0 0 0 0
#obs catch bio
 0 96636.1 149260 219718 261893 252821 270444 295538 313715 286561 303623 242500 256913 244311 229665 193933 200321 160949 155267 146123 129363 132609 117552 113685 110322 105830 105390 97056.5 99785.7 93245.4 94516.1 97746.8 88523.7 98715.3 85283.7 92596.6 89117.2 81381 87596.2 90309.9 79312.3 88790.7 85177.3 82484.4 87641.5 82939.4 86052.8 94551.7 86444.9 89562.1 101953 106589 100385 123209
#pred cpue bio
 4.58279e+06 3.81603e+06 3.31519e+06 2.91804e+06 2.58399e+06 2.38589e+06 2.2924e+06 2.18693e+06 2.06703e+06 1.78763e+06 1.43567e+06 1.17558e+06 1.06387e+06 962581 873318 783331 732029 685750 661806 620732 591152 566640 527407 489123 479291 491112 497359 489525 482327 466329 470305 499789 534481 578432 612270 621744 525810 451349 453558 487411 520161 559834 552030 533640 524228 538361 574027 599929 586560 607528 627322 635865 668489 736029 1.8331e+07 1.69944e+07 1.71662e+07 1.73036e+07 1.74322e+07 1.75518e+07 1.76606e+07 1.77571e+07 1.78407e+07 1.79118e+07 1.79711e+07 1.802e+07 1.80599e+07 1.80921e+07 1.8118e+07 1.81387e+07 1.81551e+07 1.81681e+07 1.81783e+07 1.81864e+07 1.81928e+07 1.81978e+07 1.82017e+07 1.82048e+07 1.82072e+07 1.8209e+07 1.82105e+07 1.82116e+07 1.82125e+07 1.82132e+07 1.82138e+07 1.82142e+07 1.82145e+07 1.82148e+07 1.8215e+07 1.82152e+07 1.82153e+07 1.82154e+07 1.82155e+07 1.82155e+07 1.82156e+07 1.82156e+07 1.82156e+07 1.82156e+07 1.82157e+07 1.82157e+07 1.82157e+07 1.82157e+07 1.82157e+07 1.82157e+07 1.82157e+07 1.82157e+07 1.82157e+07 1.82157e+07 1.82157e+07 1.82157e+07 1.82157e+07 1.82157e+07 1.82157e+07 1.82157e+07 1.82157e+07 1.82157e+07 1.82157e+07 1.82157e+07 1.82157e+07 1.82157e+07 1.82157e+07 1.82157e+07 1.82157e+07 1.82157e+07 1.82157e+07 1.82157e+07 1.82157e+07 1.82157e+07 1.82157e+07 1.82157e+07 1.82157e+07 1.82157e+07 1.82157e+07 1.82157e+07 1.82157e+07 1.82157e+07 1.82157e+07 1.82157e+07 1.82157e+07 1.82157e+07 1.82157e+07 1.82157e+07 1.82157e+07 1.82157e+07 1.82157e+07 1.82157e+07 1.82157e+07 1.82157e+07 1.82157e+07 1.82157e+07 1.82157e+07 1.82157e+07 1.82157e+07 1.82157e+07 0 0 0 0 0 0 0 0 0 0 0 0 0 0 0 0 0 0 0 0 0 0 0 0 0
#obs cpue bio
 2.28673e+06 3.92083e+06 3.77926e+06 3.17576e+06 2.96298e+06 2.35881e+06 2.19844e+06 1.79196e+06 2.74505e+06 1.82423e+06 1.47377e+06 1.03104e+06 915079 1.03414e+06 824636 867657 707508 857926 778473 572916 633812 490131 602751 410232 348822 530420 568256 432456 382831 565270 372276 499338 662513 617053 668483 712064 476726 473462 409745 529423 601288 631978 609454 428979 433512 581176 546992 577283 499846 779822 557107 516209 509253 697878
#pred surv len freq
 0.00426827 0.00703538 0.0107844 0.0155573 0.0212645 0.027591 0.0339826 0.0398012 0.0445727 0.0481402 0.0506223 0.0522597 0.0532838 0.053867 0.0541259 0.0541476 0.0540154 0.0538082 0.0535418 0.0530498 0.0518821 0.0493559 0.0448445 0.038197 0.0300015
 0.0044515 0.00727923 0.0110537 0.0157915 0.0214014 0.0275998 0.0338841 0.0396577 0.0444504 0.0480697 0.0505862 0.052215 0.0532046 0.0537746 0.0540898 0.0542524 0.0543121 0.0542724 0.054061 0.0534537 0.0520085 0.0491232 0.0442907 0.0374608 0.0292559
 0.00459234 0.00752401 0.0114468 0.0163722 0.0221806 0.0285331 0.0348598 0.04052 0.0450569 0.0483496 0.05056 0.0519645 0.0528213 0.0533278 0.0536293 0.0538275 0.0539741 0.0540508 0.0539306 0.0533248 0.0517595 0.0486633 0.0436147 0.0366566 0.0284601
 0.00467724 0.00768093 0.0117192 0.0168153 0.022852 0.0294727 0.0360652 0.0419253 0.0465283 0.049705 0.051614 0.0525834 0.0529616 0.0530388 0.0530208 0.0530268 0.0530949 0.0531745 0.0530937 0.0525123 0.050919 0.0477445 0.0426141 0.0356366 0.0275239
 0.0048651 0.00798059 0.0121608 0.0174266 0.023658 0.0304929 0.0373063 0.043371 0.0481277 0.051364 0.0531931 0.0539115 0.0538698 0.0534069 0.0528141 0.0523037 0.0519797 0.0518128 0.051609 0.0509832 0.0493814 0.0462179 0.0411344 0.0342717 0.026358
 0.0050988 0.0083656 0.0127489 0.018267 0.0247856 0.0319113 0.0389734 0.0452 0.0500074 0.0531853 0.0548626 0.0553438 0.0549717 0.0540723 0.052943 0.051837 0.050929 0.0502636 0.049696 0.0488538 0.0471694 0.0440394 0.0390975 0.0324803 0.0248975
 0.00530624 0.0087035 0.0132594 0.0189917 0.0257597 0.0331534 0.0404723 0.0469065 0.0518362 0.0550285 0.0566072 0.0568861 0.0562221 0.0549502 0.0533694 0.0517365 0.0502486 0.0489994 0.0479119 0.0466774 0.0447713 0.041606 0.0368084 0.0304868 0.0233013
 0.00552375 0.00905851 0.0137963 0.0197528 0.0267774 0.0344382 0.0420008 0.0486179 0.0536423 0.0568306 0.0583099 0.0584025 0.0574729 0.0558616 0.0538707 0.0517592 0.0497314 0.0479044 0.0462492 0.0445273 0.0422889 0.039003 0.0343148 0.0283043 0.0215615
 0.00568971 0.00934599 0.0142616 0.0204589 0.0277805 0.035765 0.0436282 0.0504672 0.0555946 0.0587545 0.0600866 0.0599383 0.0586989 0.0567261 0.0543288 0.0517647 0.0492348 0.046863 0.04465 0.0424162 0.039793 0.0363276 0.0317083 0.0259996 0.0197181
 0.00590378 0.00969354 0.0147848 0.0211998 0.0287761 0.0370386 0.0451758 0.0522466 0.0575228 0.0607154 0.0619473 0.0615696 0.0599941 0.0576114 0.0547609 0.051718 0.0486876 0.0457938 0.0430507 0.0403211 0.0373084 0.0336421 0.029067 0.0236454 0.0178252
 0.00614422 0.0100843 0.0153724 0.0220265 0.0298715 0.0384067 0.0467832 0.0540208 0.0593654 0.0625227 0.0636242 0.063032 0.0611656 0.0584228 0.055154 0.0516498 0.0481294 0.0447294 0.0414812 0.038283 0.0348994 0.0310353 0.026493 0.02134 0.0159633
 0.00645091 0.010604 0.0161921 0.0232362 0.0315397 0.0405441 0.0493102 0.0567631 0.0620888 0.0649906 0.0656496 0.0645025 0.0620409 0.0587137 0.0548963 0.050882 0.0468809 0.04302 0.039334 0.0357467 0.0320754 0.0280929 0.0236551 0.018834 0.0139563
 0.00654556 0.0107741 0.0164807 0.0236998 0.032244 0.0415511 0.05066 0.0584532 0.0640576 0.0671134 0.0677506 0.0663866 0.0635339 0.0596951 0.0553108 0.050728 0.0461874 0.0418272 0.0376877 0.0337104 0.0297513 0.0256361 0.0212633 0.0167077 0.0122446
 0.00675078 0.0111081 0.016984 0.024411 0.0331931 0.04275 0.052092 0.0600702 0.0657871 0.0688691 0.0694388 0.0679052 0.064773 0.060547 0.0556878 0.0505794 0.0455054 0.0406407 0.0360529 0.0317092 0.0274985 0.0232861 0.0190006 0.0147126 0.0106476
 0.00697279 0.0114682 0.0175243 0.0251688 0.0341929 0.0439908 0.0535358 0.0616399 0.0673808 0.0703835 0.0707887 0.0690299 0.0656295 0.0610979 0.055893 0.0503974 0.0449039 0.0396101 0.0346171 0.0299324 0.0254878 0.0211885 0.0169864 0.0129433 0.00923626
 0.00727374 0.0119409 0.0182046 0.0260784 0.0353351 0.045345 0.0550498 0.0632286 0.0689359 0.0717931 0.0719583 0.0698959 0.0661619 0.0612936 0.0557629 0.0499523 0.044147 0.038541 0.0332462 0.0282985 0.0236714 0.019312 0.0151971 0.0113807 0.00799625
 0.00731427 0.0120342 0.0183949 0.0264223 0.0358858 0.0461291 0.0560483 0.0643751 0.0701356 0.07295 0.0729942 0.0707547 0.0668053 0.061695 0.0559053 0.0498266 0.0437496 0.0378728 0.0323164 0.0271355 0.0223352 0.0178982 0.0138257 0.0101688 0.0070271
 0.00747572 0.0122845 0.0187505 0.0268944 0.0364834 0.0468608 0.0569179 0.0653707 0.0712162 0.074041 0.0739974 0.0715714 0.0673612 0.0619549 0.0558703 0.0495199 0.0432007 0.0371089 0.031363 0.0260248 0.0211173 0.0166479 0.0126355 0.00912945 0.00620224
 0.00754148 0.0123692 0.0188375 0.0269562 0.0364919 0.0468032 0.0568113 0.0652659 0.0711877 0.0741647 0.0743232 0.0721005 0.0680385 0.0626825 0.0565357 0.0500267 0.0434861 0.0371461 0.0311546 0.0255966 0.0205167 0.0159428 0.0119079 0.00846038 0.00565254
 0.0076281 0.0125099 0.019047 0.0272429 0.03685 0.0472046 0.0572029 0.0655811 0.0713725 0.0742054 0.0742587 0.0720074 0.067997 0.0627396 0.0566859 0.0502171 0.0436401 0.0371916 0.0310451 0.0253198 0.0200943 0.0154243 0.0113591 0.00794803 0.00522753
 0.00766887 0.0125795 0.0191581 0.0274094 0.0370839 0.0475103 0.0575701 0.06598 0.0717548 0.0745147 0.0744475 0.0720568 0.0679268 0.0626021 0.0565424 0.0501083 0.0435691 0.0371261 0.030937 0.02513 0.0198103 0.0150647 0.0109663 0.00757236 0.00491058
 0.00761639 0.0124963 0.0190375 0.0272491 0.0368896 0.0472991 0.0573727 0.0658367 0.0717043 0.0745788 0.0746209 0.0723072 0.0682078 0.062872 0.056779 0.0503101 0.0437437 0.037274 0.0310437 0.0251718 0.0197694 0.0149421 0.0107853 0.00736971 0.0047227
 0.00770503 0.0126291 0.0192161 0.0274664 0.0371305 0.0475427 0.0575956 0.0660165 0.0718254 0.0746373 0.0746254 0.0722734 0.0681505 0.0627988 0.0566906 0.0502066 0.0436283 0.0371522 0.0309182 0.0250385 0.0196201 0.0147731 0.010603 0.0071906 0.0045658
 0.00780386 0.012775 0.0194078 0.0276924 0.037371 0.0477745 0.0577955 0.0661649 0.0719088 0.0746517 0.0745778 0.0721807 0.0680338 0.0626771 0.0565758 0.0501017 0.0435306 0.037057 0.030821 0.0249356 0.0195086 0.014652 0.0104765 0.0070679 0.00445823
 0.00776246 0.0127381 0.0194073 0.0277732 0.0375752 0.048118 0.0582507 0.0666627 0.0723617 0.0749844 0.0747497 0.0721903 0.0679094 0.0624613 0.0563122 0.0498259 0.0432661 0.0368154 0.0306052 0.0247435 0.0193365 0.0144974 0.0103392 0.00695025 0.00436362
 0.00773255 0.0126758 0.019291 0.0275818 0.0373021 0.0477883 0.0579285 0.066436 0.072307 0.075129 0.0750573 0.0725791 0.0682896 0.0627688 0.0565216 0.0499439 0.0433157 0.0368214 0.0305859 0.0247095 0.0192926 0.0144464 0.0102843 0.00689627 0.00431569
 0.00779104 0.0127452 0.0193473 0.0275851 0.0372059 0.0475558 0.0575508 0.0659448 0.0717744 0.0746543 0.0747393 0.0724825 0.068421 0.0630769 0.0569219 0.050353 0.043676 0.037108 0.0307979 0.0248573 0.0193889 0.0145024 0.01031 0.00690129 0.00430901
 0.00782447 0.0128058 0.0194478 0.0277362 0.0374062 0.0477814 0.0577502 0.0660487 0.0717217 0.0744229 0.0743637 0.0720469 0.0680287 0.0628116 0.0568191 0.0503956 0.0438121 0.0372779 0.0309561 0.0249802 0.0194714 0.0145498 0.0103314 0.00690576 0.00430448
 0.0077746 0.0127266 0.0193335 0.0275851 0.0372246 0.0475858 0.0575661 0.0659026 0.0716278 0.0743732 0.0743311 0.0720032 0.0679664 0.0627525 0.056804 0.0504601 0.0439659 0.0375001 0.0312066 0.0252183 0.019669 0.0146959 0.0104284 0.00696351 0.00433484
 0.00790517 0.0129115 0.0195609 0.0278263 0.0374417 0.0477442 0.0576461 0.0659029 0.0715621 0.0742619 0.074192 0.0718451 0.0677897 0.0625573 0.0566003 0.0502713 0.0438212 0.0374198 0.0311923 0.0252529 0.0197267 0.0147538 0.0104733 0.00699188 0.00434952
 0.00786168 0.012866 0.0195372 0.0278578 0.0375567 0.0479467 0.0579031 0.0661516 0.0717353 0.0743178 0.07413 0.0716986 0.0676041 0.0623691 0.0564292 0.0501248 0.043704 0.0373387 0.0311526 0.0252529 0.0197561 0.0147967 0.0105152 0.00702423 0.00437018
 0.00778176 0.0127374 0.0193481 0.0276041 0.0372488 0.047617 0.0576062 0.0659503 0.0716757 0.0744053 0.0743251 0.0719372 0.0678287 0.0625494 0.0565633 0.0502266 0.0437897 0.0374201 0.0312364 0.0253413 0.0198464 0.0148826 0.0105891 0.00708086 0.00440855
 0.00790688 0.0128954 0.0195023 0.027693 0.0372045 0.0473934 0.0572046 0.0654265 0.0711248 0.0739319 0.0740117 0.0718209 0.0678952 0.0627465 0.0568255 0.0504997 0.0440423 0.0376418 0.0314286 0.0255085 0.0199913 0.015005 0.0106874 0.00715409 0.00445831
 0.00784867 0.0128147 0.0194044 0.027585 0.0370857 0.047244 0.0569841 0.0650894 0.0706511 0.0733544 0.0734202 0.0713354 0.0676207 0.0627337 0.057058 0.0509102 0.0445439 0.0381573 0.031906 0.0259212 0.0203305 0.0152714 0.0108864 0.00729401 0.00454969
 0.0079079 0.0128912 0.0194837 0.0276436 0.0370997 0.0472005 0.0568865 0.0649508 0.0704792 0.0731418 0.0731514 0.0710093 0.0672699 0.0624233 0.0568602 0.0508709 0.0446643 0.0383982 0.0322094 0.0262323 0.0206112 0.0155024 0.0110623 0.00741862 0.0046314
 0.00843684 0.0136218 0.020344 0.0284858 0.0377409 0.0474897 0.0567604 0.0644494 0.0697189 0.0722678 0.0722931 0.0702541 0.0666583 0.0619634 0.0565487 0.0507064 0.0446451 0.0385113 0.0324229 0.0265004 0.0208866 0.0157484 0.0112589 0.00756114 0.00472561
 0.00918091 0.0147889 0.0220117 0.0306722 0.0403725 0.0503695 0.0595583 0.0667508 0.0711398 0.0725884 0.0715317 0.0686381 0.06452 0.0596262 0.0542587 0.0486185 0.0428418 0.0370266 0.0312577 0.0256301 0.0202685 0.0153307 0.0109903 0.00739705 0.00463105
 0.00923285 0.0149931 0.022537 0.0317407 0.0421911 0.0530252 0.0629255 0.0704709 0.0746934 0.0754314 0.0732375 0.0689977 0.0635752 0.0576328 0.0515947 0.045677 0.0399482 0.0344024 0.0290237 0.0238293 0.0188901 0.0143299 0.0103033 0.00695356 0.00436354
 0.0088083 0.0143812 0.02177 0.0309209 0.041492 0.0526733 0.0631631 0.0714909 0.0765535 0.0779805 0.076108 0.0716905 0.0656114 0.0586992 0.0516208 0.0448177 0.0384976 0.032687 0.0273193 0.0223204 0.017668 0.013413 0.00966308 0.00653746 0.0041126
 0.00864614 0.0140871 0.0212761 0.0301596 0.040431 0.0513641 0.061777 0.0703108 0.0759061 0.0781305 0.0771559 0.0735185 0.0678997 0.0610133 0.0535408 0.0460608 0.0389831 0.0325225 0.0267256 0.0215392 0.016893 0.0127605 0.00917654 0.00621013 0.00391225
 0.00875333 0.014215 0.0213807 0.0301657 0.0402456 0.0509039 0.0610024 0.0692563 0.0746989 0.076986 0.0763383 0.0732658 0.0683337 0.0620778 0.0550042 0.0475912 0.0402644 0.033356 0.0270725 0.0214947 0.0166172 0.0124077 0.00885295 0.0059648 0.00375104
 0.00866098 0.0140789 0.0211999 0.0299424 0.0399768 0.0505712 0.0605694 0.0686806 0.0739595 0.0761146 0.0754397 0.0725097 0.0679137 0.0621451 0.0556019 0.0486219 0.0415139 0.0345687 0.0280419 0.0221238 0.0169238 0.012483 0.00880538 0.00587905 0.00367409
 0.00875825 0.014211 0.021351 0.030083 0.0400725 0.0505961 0.0605132 0.0685437 0.0737395 0.0757979 0.0750103 0.0719752 0.0673321 0.0616282 0.0552838 0.0486024 0.0418075 0.0350902 0.0286419 0.0226536 0.0172913 0.0126728 0.0088588 0.0058575 0.00362857
 0.00874611 0.0142098 0.0213817 0.0301719 0.0402386 0.0508347 0.0607863 0.0687869 0.0738851 0.0758001 0.0748566 0.0716821 0.0669342 0.0611758 0.0548453 0.0482595 0.0416319 0.0351115 0.0288288 0.0229258 0.0175574 0.0128687 0.00896558 0.00589248 0.00362324
 0.00873533 0.0141885 0.0213442 0.0301142 0.0401642 0.0507597 0.0607388 0.0687975 0.0739688 0.0759413 0.0750102 0.0717904 0.0669522 0.0610884 0.0546724 0.0480488 0.0414446 0.0350024 0.0288254 0.0230172 0.0177013 0.0130139 0.0090756 0.00595582 0.00364853
 0.00876894 0.0142433 0.0214261 0.0302272 0.0403073 0.0509242 0.0609083 0.0689519 0.0740921 0.0760277 0.0750616 0.0718077 0.0669276 0.061007 0.0545232 0.0478379 0.0412001 0.0347673 0.0286414 0.0229079 0.017664 0.0130253 0.00910587 0.00598279 0.0036633
 0.00870849 0.0141485 0.0212906 0.0300492 0.0400918 0.0506854 0.0606705 0.0687462 0.0739493 0.0759691 0.0750938 0.0719229 0.0671061 0.0612204 0.054739 0.0480258 0.0413416 0.0348616 0.028704 0.02296 0.017721 0.0130895 0.00916954 0.0060358 0.00369994
 0.00864997 0.0140548 0.0211526 0.02986 0.0398495 0.050396 0.0603513 0.0684266 0.0736664 0.0757601 0.0749874 0.0719327 0.0672282 0.0614349 0.0550141 0.0483247 0.0416297 0.0351141 0.0289101 0.0231223 0.0178488 0.0131922 0.00925178 0.00609843 0.0037434
 0.00879129 0.0142562 0.021403 0.0301301 0.0400991 0.0505857 0.0604529 0.0684275 0.0735689 0.0755792 0.0747485 0.0716689 0.0669747 0.0612222 0.054861 0.0482349 0.041593 0.0351127 0.0289259 0.0231427 0.0178686 0.0132107 0.00926966 0.0061151 0.00375733
 0.00875082 0.0142109 0.0213713 0.0301383 0.0401694 0.050721 0.0606265 0.0685889 0.0736643 0.0755755 0.0746462 0.0714978 0.0667786 0.0610421 0.0547256 0.0481573 0.0415727 0.0351382 0.02898 0.0232081 0.0179322 0.0132653 0.00931266 0.00614692 0.0037794
 0.00880167 0.014273 0.0214282 0.0301661 0.0401477 0.0506477 0.0605257 0.0685018 0.0736271 0.0755974 0.0747038 0.0715505 0.0667929 0.0610087 0.0546592 0.0480849 0.0415188 0.0351162 0.0289902 0.0232418 0.0179771 0.0133107 0.00935177 0.00617686 0.00380018
 0.00906411 0.0146676 0.0219605 0.0308156 0.0408682 0.0513724 0.0611753 0.0689982 0.0739121 0.0756503 0.074545 0.071227 0.0663564 0.0605017 0.0541151 0.0475349 0.0409952 0.0346491 0.0286011 0.0229388 0.0177559 0.0131588 0.00925347 0.00611705 0.00376619
 0.00914781 0.0148292 0.0222488 0.0312856 0.0415604 0.0522834 0.0622348 0.0700729 0.0748398 0.0762902 0.074818 0.0711287 0.0659436 0.0598641 0.0533476 0.0467193 0.0401947 0.0339102 0.027956 0.0224066 0.0173422 0.0128566 0.00904668 0.00598492 0.00368773
 0.00874466 0.0142519 0.021527 0.0305028 0.0408387 0.051753 0.0620031 0.0702 0.0753232 0.0770587 0.0757424 0.0720541 0.0667325 0.0604312 0.053671 0.0468282 0.0401456 0.033765 0.0277686 0.0222174 0.0171769 0.0127276 0.00895576 0.00592673 0.00365386
#obs surv len freq
 nan nan nan nan nan nan nan nan nan nan nan nan nan nan nan nan nan nan nan nan nan nan nan nan nan
 0.00447945 0.00733852 0.0111666 0.0159819 0.0216829 0.0279597 0.0342758 0.0400092 0.0446908 0.0481562 0.0505154 0.0520124 0.0529056 0.0534187 0.0537336 0.053989 0.0542679 0.0545608 0.0546997 0.0542917 0.0527296 0.0493614 0.0438106 0.0362899 0.0276726
 0.00461464 0.00755789 0.0114957 0.0164435 0.0222916 0.028714 0.0351491 0.0409476 0.0456191 0.0489925 0.0511855 0.0524615 0.0531045 0.0533646 0.0534467 0.0535049 0.0536291 0.0538093 0.0538739 0.0534279 0.051866 0.0485404 0.0430759 0.0356787 0.0272055
 0.00477587 0.0078236 0.0119021 0.0170261 0.0230775 0.02971 0.0363297 0.0422503 0.046953 0.050254 0.0522751 0.0532947 0.0536189 0.0535249 0.0532465 0.052966 0.0527952 0.0527384 0.052631 0.0520823 0.0504923 0.0472184 0.0418851 0.0346846 0.0264444
 0.00496637 0.00813527 0.012375 0.0176994 0.0239824 0.0308584 0.0377014 0.0437874 0.0485649 0.0518319 0.0537068 0.0544764 0.0544629 0.0539656 0.0532454 0.0525146 0.0519159 0.0514818 0.0510727 0.0503189 0.0486384 0.0454007 0.0402292 0.0332932 0.0253751
 0.00518443 0.0084912 0.0129134 0.0184629 0.0250039 0.0321486 0.039236 0.045502 0.0503635 0.0536036 0.0553414 0.0558725 0.0555302 0.0546268 0.0534402 0.0522045 0.0510909 0.0501664 0.0493303 0.0482544 0.0463956 0.0431511 0.0381484 0.0315277 0.0240102
 0.00541515 0.00886837 0.013485 0.0192751 0.0260925 0.0335256 0.0408753 0.0473342 0.0522856 0.0554986 0.0570961 0.0573867 0.0567185 0.0554162 0.0537681 0.0520199 0.0503603 0.0488847 0.0475348 0.0460378 0.0439103 0.0405982 0.035746 0.0294646 0.0224023
 0.00563819 0.00923745 0.0140526 0.0200942 0.0272065 0.0349516 0.0425874 0.0492582 0.0543097 0.0574957 0.0589446 0.058982 0.0579757 0.0562672 0.0541569 0.0518992 0.0496915 0.0476471 0.0457434 0.0437648 0.0413004 0.0378628 0.0331298 0.0271899 0.0206132
 0.0058859 0.00964021 0.0146592 0.020951 0.0283498 0.0363953 0.0443086 0.0511902 0.0563492 0.0595196 0.0608286 0.0606144 0.0592642 0.0571404 0.0545614 0.0517935 0.0490423 0.0464328 0.0439693 0.0414879 0.0386514 0.0350492 0.0304056 0.0247961 0.0187141
 0.006141 0.0100585 0.0152951 0.0218567 0.0295646 0.0379283 0.0461233 0.0532002 0.0584327 0.0615448 0.0626758 0.062185 0.0604807 0.0579428 0.054903 0.0516376 0.0483597 0.0452046 0.0421989 0.039224 0.0360124 0.0322318 0.0276593 0.0223659 0.0167734
 0.00637963 0.0104497 0.0158902 0.0227058 0.0307074 0.039379 0.0478544 0.055136 0.0604585 0.0635286 0.0644899 0.0637216 0.0616581 0.0587042 0.0552112 0.0514667 0.0476897 0.0440219 0.0405077 0.0370675 0.0334974 0.0295389 0.025023 0.0200213 0.0148916
 0.00661813 0.0108424 0.0164901 0.0235651 0.0318662 0.040849 0.0496018 0.0570764 0.0624701 0.0654755 0.0662456 0.0651817 0.0627446 0.0593649 0.0554159 0.0512009 0.0469477 0.0428039 0.0388271 0.034969 0.03108 0.0269672 0.0225119 0.0177882 0.0130967
 0.00685603 0.0112307 0.0170774 0.0243977 0.0329793 0.0422524 0.0512649 0.0589225 0.0643852 0.0673297 0.0679136 0.0665583 0.0637508 0.05995 0.0555534 0.0508829 0.0461776 0.0415933 0.0371997 0.0329744 0.0288124 0.0245764 0.0201897 0.0157288 0.0114428
 0.00704966 0.0115527 0.0175752 0.0251194 0.0339636 0.0435125 0.0527729 0.0606045 0.0661329 0.0690223 0.069438 0.0678199 0.0646777 0.0604924 0.055683 0.0505894 0.0454647 0.0404762 0.0357074 0.0311595 0.0267652 0.022432 0.0181175 0.0138971 0.00997451
 0.00727122 0.0119128 0.0181171 0.025883 0.0349775 0.0447818 0.0542655 0.062246 0.0678158 0.0706252 0.0708467 0.0689418 0.0654481 0.0608752 0.0556657 0.050177 0.0446732 0.0393298 0.0342412 0.0294285 0.0248549 0.0204644 0.0162398 0.0122526 0.00866496
 0.00743743 0.0121884 0.0185416 0.0264961 0.0358105 0.045844 0.0555315 0.0636515 0.0692679 0.0720205 0.0720882 0.0699486 0.0661595 0.0612512 0.0556869 0.0498419 0.0439951 0.0383335 0.0329636 0.0279237 0.0232026 0.0187724 0.0146343 0.0108536 0.00755554
 0.00754362 0.012361 0.0188019 0.0268656 0.0363087 0.0464842 0.0563145 0.0645599 0.0702643 0.07305 0.0730842 0.0708401 0.0668791 0.0617424 0.0559085 0.0497701 0.0436231 0.037671 0.0320376 0.0267815 0.0219154 0.0174351 0.0133557 0.00973533 0.0066672
 0.00760727 0.0124613 0.0189472 0.0270626 0.0365628 0.0467998 0.0566945 0.0650052 0.0707726 0.0736145 0.0736903 0.0714612 0.0674747 0.0622603 0.0562918 0.0499663 0.043593 0.0373944 0.0315177 0.0260476 0.0210241 0.0164672 0.012405 0.00888994 0.00598881
 0.00767278 0.0125605 0.0190829 0.0272327 0.0367616 0.0470197 0.0569281 0.0652472 0.0710213 0.0738732 0.0739663 0.0717612 0.0677977 0.062591 0.0565982 0.050203 0.0437096 0.0373477 0.0312826 0.0256263 0.0204493 0.0157995 0.0117215 0.0082662 0.00547995
 0.0077161 0.0126284 0.01918 0.027361 0.0369188 0.0471989 0.0571171 0.0654303 0.0711849 0.0740111 0.0740829 0.0718704 0.0679163 0.06273 0.0567558 0.0503604 0.0438324 0.0373936 0.0312135 0.0254212 0.0201149 0.0153714 0.011256 0.00782441 0.00511005
 0.00777155 0.0127082 0.0192812 0.0274744 0.0370326 0.0473027 0.0572055 0.0655033 0.0712451 0.0740613 0.0741261 0.0719101 0.0679588 0.0627835 0.0568265 0.050447 0.0439214 0.0374589 0.0312228 0.0253471 0.0199468 0.0151225 0.0109612 0.00752861 0.00485277
 0.00781718 0.0127796 0.0193829 0.0276072 0.0371916 0.0474759 0.0573735 0.0656431 0.0713369 0.074097 0.0741112 0.0718616 0.0678969 0.0627261 0.0567854 0.0504271 0.0439195 0.0374629 0.0312124 0.0252997 0.0198466 0.0149691 0.0107713 0.00733036 0.00467478
 0.00783839 0.0128135 0.0194329 0.0276759 0.0372805 0.0475837 0.0574952 0.0657686 0.0714522 0.0741864 0.0741626 0.0718698 0.0678666 0.0626702 0.0567205 0.0503678 0.043874 0.0374304 0.0311836 0.0252601 0.0197825 0.0148744 0.010652 0.007202 0.00455604
 0.00787025 0.0128573 0.0194841 0.027726 0.0373197 0.0476059 0.0575012 0.0657659 0.0714511 0.0741949 0.0741825 0.0718964 0.0678916 0.062686 0.0567243 0.0503621 0.0438643 0.0374211 0.0311743 0.0252451 0.0197538 0.0148266 0.0105862 0.00712659 0.00448277
 0.00789706 0.0128984 0.019541 0.0277972 0.0373999 0.0476855 0.0575673 0.0658054 0.0714557 0.074166 0.0741314 0.0718397 0.0678435 0.0626532 0.0567054 0.0503517 0.0438571 0.0374141 0.0311657 0.0252326 0.0197339 0.0147964 0.0105457 0.00707978 0.00443645
 0.00789721 0.0129006 0.0195477 0.0278118 0.0374255 0.0477233 0.0576148 0.0658557 0.0714991 0.0741928 0.0741354 0.071821 0.0678092 0.0626143 0.0566721 0.0503298 0.0438468 0.0374115 0.0311659 0.0252311 0.019727 0.014782 0.0105238 0.00705291 0.00440876
 0.00790491 0.0129067 0.0195454 0.0277918 0.0373797 0.0476496 0.057521 0.0657585 0.071418 0.0741423 0.0741204 0.0718368 0.0678456 0.0626613 0.0567236 0.0503832 0.0439015 0.0374664 0.0312179 0.0252762 0.0197614 0.0148034 0.0105324 0.00705119 0.00440084
 0.00787924 0.0128672 0.01949 0.0277193 0.0372891 0.0475402 0.0573929 0.0656153 0.0712699 0.0740065 0.0740181 0.0717865 0.0678563 0.0627294 0.0568352 0.0505204 0.0440476 0.0376087 0.0313482 0.0253886 0.0198522 0.014871 0.0105776 0.00707736 0.00441307
 0.00791453 0.0129132 0.0195383 0.0277555 0.0372969 0.047508 0.0573187 0.0655071 0.0711412 0.0738717 0.0738897 0.0716762 0.0677757 0.0626885 0.0568392 0.0505667 0.0441266 0.0377066 0.0314511 0.0254852 0.0199349 0.0149357 0.0106235 0.00710642 0.00442902
 0.00788485 0.0128759 0.0195017 0.027732 0.0372975 0.0475343 0.0573583 0.0655369 0.071138 0.0738236 0.073802 0.0715674 0.067669 0.0626043 0.0567906 0.0505593 0.0441584 0.0377696 0.0315332 0.0255732 0.0200174 0.0150048 0.0106756 0.00714174 0.00445036
 0.00785808 0.0128258 0.0194153 0.0275961 0.0371055 0.0472943 0.0570977 0.0652968 0.0709579 0.0737256 0.0737834 0.0716082 0.0677458 0.0627011 0.0569022 0.0506861 0.0443014 0.037926 0.0316955 0.0257311 0.02016 0.0151236 0.0107666 0.00720534 0.00449074
 0.0078168 0.0127584 0.0193128 0.0274497 0.0369073 0.0470406 0.0567934 0.0649598 0.0706211 0.073432 0.0735763 0.0715173 0.067778 0.0628399 0.0571169 0.0509445 0.0445776 0.0382025 0.0319602 0.025974 0.020372 0.0152979 0.0108999 0.00729947 0.00455155
 0.00780918 0.0127401 0.0192745 0.0273788 0.0367914 0.0468718 0.0565723 0.0646973 0.0703361 0.0731489 0.0733225 0.071322 0.067667 0.0628301 0.0572093 0.0511238 0.044817 0.038472 0.0322335 0.0262309 0.0205987 0.0154855 0.0110448 0.00740302 0.00461941
 0.0077989 0.0127251 0.0192545 0.0273536 0.0367589 0.0468264 0.0565051 0.064598 0.070198 0.0729735 0.0731226 0.0711193 0.0674888 0.0627032 0.0571546 0.0511508 0.0449218 0.0386378 0.0324357 0.0264435 0.0207994 0.0156588 0.0111823 0.00750321 0.00468618
 0.00772777 0.0126129 0.0190927 0.0271379 0.0364918 0.0465196 0.0561809 0.0642865 0.0699299 0.0727713 0.072995 0.071064 0.0674984 0.0627714 0.0572787 0.05133 0.0451527 0.038911 0.0327338 0.026744 0.0210791 0.015899 0.0113724 0.00764132 0.004778
 0.00934296 0.0148695 0.0218069 0.0299113 0.0388274 0.0480069 0.0566427 0.0638065 0.0687663 0.0712289 0.0713301 0.0694473 0.0660228 0.0614761 0.0561733 0.0504111 0.0444125 0.0383387 0.0323147 0.0264572 0.0208984 0.0157961 0.0113208 0.00761983 0.0047716
 0.00932865 0.0151476 0.0227563 0.032001 0.0424115 0.0530479 0.0625364 0.0694813 0.0730639 0.0733631 0.0711468 0.0673631 0.0627403 0.0576837 0.0523745 0.0468979 0.0413195 0.0357099 0.0301495 0.0247326 0.0195772 0.0148293 0.0106502 0.00718243 0.00450554
 0.00898253 0.0146011 0.0219865 0.0310559 0.0414664 0.0524438 0.06274 0.0709183 0.075865 0.0771738 0.0751715 0.0706689 0.0646475 0.0580025 0.0513724 0.0450784 0.039184 0.0336213 0.0283096 0.0232224 0.0184058 0.0139681 0.0100523 0.0067929 0.00426927
 0.0088339 0.0143476 0.0215836 0.0304572 0.0406407 0.0514077 0.0615995 0.0698992 0.0752972 0.0774 0.0763925 0.0727939 0.0672578 0.0604883 0.0531815 0.0459306 0.0391273 0.0329298 0.0273186 0.0222034 0.0175202 0.0132802 0.00956308 0.00647173 0.00407447
 0.0087458 0.0142026 0.0213612 0.0301348 0.0401957 0.0508224 0.0608723 0.0690604 0.074428 0.0766471 0.0759591 0.0728884 0.0680011 0.0618209 0.0548406 0.0475349 0.0403327 0.0335633 0.0274123 0.0219283 0.017081 0.0128363 0.00920101 0.00621613 0.00391378
 0.00869681 0.0141198 0.0212306 0.0299412 0.0399249 0.0504658 0.0604304 0.0685449 0.0738622 0.0760692 0.0754303 0.0725017 0.0678734 0.062057 0.0554743 0.048482 0.0413988 0.0345147 0.0280739 0.0222452 0.0171129 0.0127011 0.00901186 0.00604583 0.00379125
 0.00870543 0.0141285 0.0212333 0.0299279 0.0398825 0.0503802 0.0602895 0.0683409 0.0735933 0.0757417 0.0750624 0.0721273 0.0675471 0.0618513 0.0554633 0.0487093 0.0418442 0.0350855 0.0286348 0.0226762 0.0173567 0.012773 0.00897272 0.00596255 0.00371026
 0.00869739 0.0141183 0.021223 0.0299203 0.0398788 0.0503778 0.0602799 0.0683103 0.0735261 0.0756262 0.0748943 0.0719137 0.0673084 0.0616229 0.0552927 0.0486468 0.0419231 0.0353016 0.0289395 0.022992 0.0176111 0.0129277 0.00903185 0.00595789 0.00367832
 0.00867347 0.0140808 0.0211693 0.0298497 0.0397936 0.0502838 0.0601864 0.0682277 0.0734621 0.0755808 0.0748593 0.0718761 0.0672571 0.0615562 0.0552233 0.0486001 0.0419296 0.0353826 0.0290936 0.0231911 0.0178109 0.013088 0.00913293 0.00600377 0.00368746
 0.00866835 0.0140737 0.021161 0.0298411 0.0397856 0.0502763 0.0601779 0.0682162 0.0734462 0.0755602 0.0748345 0.0718464 0.06722 0.0615082 0.0551644 0.0485376 0.0418791 0.0353634 0.029119 0.0232601 0.0179065 0.013185 0.00920967 0.00605103 0.00370845
 0.00866395 0.0140649 0.0211449 0.0298145 0.0397462 0.0502245 0.0601183 0.0681565 0.0733948 0.0755235 0.0748145 0.0718413 0.0672252 0.0615182 0.0551739 0.0485437 0.0418838 0.0353735 0.0291435 0.0233045 0.0179682 0.0132534 0.00927157 0.00609691 0.00373599
 0.00864247 0.0140322 0.0210997 0.0297569 0.0396775 0.0501469 0.0600349 0.068072 0.0733159 0.0754584 0.0747716 0.0718261 0.0672387 0.0615564 0.0552289 0.0486068 0.0419478 0.0354353 0.0292039 0.023366 0.0180317 0.013316 0.00932758 0.00614091 0.00376572
 0.00864942 0.0140414 0.0211096 0.029765 0.0396805 0.0501423 0.0600213 0.0680497 0.073286 0.0754223 0.0747314 0.0717852 0.0672019 0.0615287 0.0552139 0.0486053 0.0419579 0.0354538 0.0292283 0.023395 0.0180644 0.0133505 0.00936069 0.00616901 0.00378646
 0.00863567 0.0140222 0.0210863 0.0297405 0.0396584 0.0501246 0.0600078 0.0680381 0.0732734 0.0754071 0.0747138 0.0717671 0.0671861 0.0615178 0.0552102 0.0486103 0.041972 0.035476 0.0292566 0.0234269 0.0180977 0.013383 0.00939021 0.0061935 0.00380468
 0.00861383 0.0139867 0.0210334 0.0296675 0.0395653 0.0500162 0.0598945 0.0679343 0.0731938 0.0753612 0.0747038 0.0717884 0.0672304 0.0615768 0.0552774 0.0486814 0.0420441 0.0355472 0.029325 0.0234907 0.018155 0.0134323 0.00943034 0.0062241 0.00382621
 0.00861383 0.0139867 0.0210334 0.0296675 0.0395653 0.0500162 0.0598945 0.0679343 0.0731938 0.0753612 0.0747038 0.0717884 0.0672304 0.0615768 0.0552774 0.0486814 0.0420441 0.0355472 0.029325 0.0234907 0.018155 0.0134323 0.00943034 0.0062241 0.00382621
 0.00872095 0.0141546 0.0212735 0.0299838 0.0399508 0.0504491 0.0603361 0.0683328 0.0734959 0.075527 0.0747174 0.0716592 0.0669864 0.0612552 0.0549161 0.0483137 0.0416963 0.0352374 0.0290637 0.0232816 0.0179966 0.0133194 0.00935505 0.00617757 0.0037998
 0.00886641 0.0143966 0.0216466 0.0305196 0.0406664 0.0513304 0.0613247 0.0693269 0.0743702 0.0761656 0.0750415 0.0716421 0.0666523 0.0606668 0.0541575 0.047473 0.0408516 0.0344488 0.028371 0.022706 0.0175436 0.0129824 0.00911945 0.00602372 0.00370665
 0.00882867 0.0143492 0.0216021 0.0305018 0.0407078 0.0514666 0.0615854 0.0697248 0.074891 0.0767613 0.0756347 0.0721423 0.0669799 0.060775 0.0540425 0.0471701 0.0404211 0.033959 0.0278831 0.0222655 0.0171772 0.0126999 0.00891713 0.00588952 0.00362455
#pred catch len freq
 0.00316581 0.00514944 0.0077889 0.0111343 0.0152278 0.020054 0.0254795 0.0312463 0.037026 0.0424872 0.047344 0.0513905 0.0545274 0.0567661 0.0582038 0.0589928 0.0593168 0.0593558 0.0592034 0.0587291 0.057468 0.054683 0.0496896 0.0423256 0.0332449
 0.0033077 0.0053406 0.0080053 0.0113335 0.0153663 0.0201107 0.0254694 0.0312113 0.0370055 0.0424902 0.0473433 0.0513462 0.0544249 0.0566419 0.0581418 0.0590891 0.0596276 0.0598531 0.0597618 0.0591598 0.0575916 0.0544095 0.0490618 0.0414979 0.0324093
 0.00344697 0.00557186 0.00835882 0.0118313 0.0160066 0.0208512 0.0262217 0.0318599 0.0374508 0.0426887 0.0473182 0.0511601 0.0541409 0.0563047 0.0577888 0.0587684 0.0593965 0.0597465 0.0597536 0.0591506 0.0574448 0.0540212 0.0484214 0.0406981 0.0315984
 0.00356317 0.00576879 0.00867177 0.0123024 0.0166802 0.0217613 0.0273718 0.0332005 0.0388669 0.0440116 0.0483651 0.0517914 0.0543038 0.0560403 0.0572021 0.0579862 0.0585346 0.0588899 0.05894 0.058362 0.0566212 0.0531034 0.0474017 0.0396419 0.0306179
 0.00375766 0.00607428 0.00911344 0.0129016 0.0174573 0.0227377 0.0285651 0.0346125 0.0404661 0.0457155 0.0500323 0.053235 0.0553312 0.0565083 0.0570611 0.0572907 0.0574149 0.0575021 0.0574179 0.0567898 0.0550358 0.0515222 0.0458598 0.0382102 0.0293876
 0.0039639 0.00640793 0.00961287 0.0136024 0.0183875 0.0239092 0.0299657 0.0362029 0.0421855 0.0474902 0.051777 0.0548453 0.056676 0.0574376 0.0574358 0.0570256 0.0565108 0.0560475 0.055559 0.054687 0.0528323 0.0493389 0.0438069 0.0363941 0.027898
 0.00416451 0.00672867 0.0100872 0.0142619 0.0192617 0.0250215 0.0313245 0.0377906 0.0439507 0.0493488 0.0536217 0.0565596 0.0581448 0.0585492 0.0580804 0.0571015 0.0559466 0.0548322 0.0537603 0.0524452 0.0503345 0.0467884 0.0413978 0.0342896 0.0262082
 0.00438466 0.00708028 0.0106055 0.0149783 0.0202011 0.0261983 0.0327346 0.0394057 0.0457174 0.0511919 0.0554499 0.0582704 0.0596311 0.0597053 0.0588063 0.0573046 0.055548 0.0537834 0.0520698 0.050201 0.0477084 0.0440139 0.038728 0.0319459 0.0243362
 0.00457381 0.00739335 0.0110878 0.0156775 0.0211604 0.0274441 0.034262 0.04117 0.0476368 0.0531606 0.0573539 0.0600002 0.0610896 0.0608094 0.0594828 0.0574843 0.0551641 0.0527819 0.050433 0.0479791 0.0450424 0.0411323 0.0359066 0.0294436 0.0223305
 0.00479322 0.00774282 0.0116022 0.0163898 0.022102 0.0286422 0.0357306 0.0428955 0.0495661 0.0551971 0.0593658 0.0618419 0.0626271 0.0619388 0.0601339 0.0576103 0.054728 0.0517515 0.0487951 0.0457701 0.0423806 0.0382282 0.0330339 0.0268739 0.0202595
 0.00511242 0.00824573 0.0123296 0.0173702 0.0233488 0.0301493 0.0374662 0.044799 0.0515539 0.0571732 0.0612311 0.0634972 0.0639749 0.0628893 0.0606128 0.0575642 0.0541225 0.0505678 0.0470345 0.0434747 0.0396615 0.0352819 0.0301224 0.0242649 0.0181517
 0.00538491 0.00869891 0.0130309 0.0183894 0.0247448 0.0319474 0.0396338 0.0472342 0.054096 0.0596327 0.0634248 0.0652773 0.0652438 0.0635988 0.0607505 0.057135 0.0531355 0.0490327 0.0449717 0.0409369 0.0367618 0.0322091 0.0271254 0.0215984 0.0160053
 0.00555753 0.00898221 0.0134649 0.0190205 0.0256252 0.0331296 0.041156 0.049099 0.0562489 0.0619512 0.065727 0.0673534 0.0669007 0.0646974 0.0612213 0.0569685 0.0523579 0.047685 0.0431036 0.03862 0.0341127 0.0294056 0.024394 0.019169 0.0140488
 0.00578638 0.00934602 0.0139982 0.0197525 0.0265789 0.0343186 0.0425785 0.050732 0.0580465 0.0638433 0.067618 0.069121 0.0684027 0.0657905 0.0617876 0.0569365 0.0517098 0.0464489 0.0413417 0.0364251 0.0316161 0.0267842 0.0218589 0.0169272 0.0122507
 0.00603007 0.0097327 0.0145629 0.0205228 0.0275717 0.0355346 0.0439946 0.0522969 0.0596847 0.0654671 0.0691406 0.0704639 0.0694954 0.0665661 0.0621793 0.0568821 0.0511635 0.0453953 0.0398069 0.0344826 0.0293896 0.024443 0.0195995 0.0149357 0.0106584
 0.00628265 0.0101267 0.0151257 0.0212714 0.0285132 0.0366656 0.0452965 0.053729 0.0611802 0.066938 0.0704895 0.0715997 0.0703475 0.0670901 0.0623513 0.0566876 0.0505889 0.0444311 0.0384612 0.0328 0.0274638 0.0224167 0.0176441 0.0132145 0.00928513
 0.00638904 0.0103132 0.0154311 0.0217395 0.0291823 0.0375527 0.046383 0.0549583 0.0624701 0.0681999 0.071643 0.0725781 0.0710974 0.0675707 0.0625354 0.0565602 0.0501441 0.0436693 0.0373933 0.0314592 0.0259199 0.0207811 0.0160563 0.0118107 0.00816209
 0.00645846 0.0104226 0.015592 0.0219665 0.0294984 0.0379921 0.0469863 0.0557555 0.0634582 0.0693252 0.0728042 0.0736511 0.0719697 0.0681663 0.0628202 0.0565316 0.0498153 0.0430594 0.0365261 0.0303709 0.0246702 0.0194592 0.0147729 0.010675 0.00725263
 0.00652313 0.0105083 0.0156853 0.0220443 0.0295363 0.0379785 0.0469355 0.0557135 0.0634951 0.0695162 0.0732014 0.0742581 0.0727295 0.0689737 0.0635522 0.0570809 0.0501113 0.0430715 0.0362569 0.0298498 0.0239518 0.0186223 0.0139129 0.00988613 0.00660548
 0.00660429 0.0106376 0.0158735 0.0222952 0.0298415 0.0383119 0.0472524 0.055961 0.0636338 0.0695434 0.0731606 0.0742245 0.0727774 0.0691413 0.0638224 0.0573871 0.0503629 0.0431849 0.0361788 0.0295668 0.0234904 0.0180411 0.0132899 0.00930015 0.0061172
 0.00660763 0.010649 0.0159022 0.022355 0.0299488 0.0384809 0.0474885 0.0562529 0.0639499 0.069836 0.073381 0.0743447 0.0728063 0.0691217 0.0638081 0.0574118 0.0504204 0.043232 0.0361572 0.0294306 0.0232259 0.017672 0.0128678 0.00888655 0.00576318
 0.00659823 0.0106323 0.0158748 0.0223146 0.0298962 0.0384236 0.0474425 0.0562409 0.0639941 0.0699481 0.073554 0.0745523 0.0730121 0.0692958 0.0639396 0.0575097 0.0504997 0.0432963 0.0361904 0.0294046 0.0231187 0.0174833 0.012623 0.00862659 0.00552848
 0.00665776 0.0107206 0.0159919 0.0224543 0.0300475 0.038573 0.0475769 0.0563502 0.0640738 0.0700009 0.0735887 0.0745787 0.0730349 0.0693112 0.0639389 0.0574859 0.0504527 0.0432306 0.0361083 0.0293015 0.0229857 0.0173169 0.0124323 0.00843224 0.00535455
 0.00676252 0.0108754 0.0161956 0.022695 0.0303051 0.0388235 0.0477967 0.0565188 0.0641765 0.0700321 0.0735536 0.0744928 0.0729194 0.069186 0.0638171 0.0573716 0.0503437 0.0431225 0.0359966 0.0291824 0.0228559 0.0171757 0.0122844 0.00828867 0.00522859
 0.00671584 0.0108255 0.0161679 0.0227272 0.0304344 0.0390684 0.0481421 0.0569162 0.0645593 0.0703382 0.0737434 0.0745551 0.0728677 0.0690497 0.0636306 0.0571657 0.0501398 0.0429314 0.0358209 0.0290198 0.0227032 0.0170311 0.0121495 0.00816832 0.0051287
 0.00665516 0.0107211 0.0160029 0.0224893 0.0301273 0.0387243 0.0478258 0.0567106 0.0645329 0.0705119 0.074078 0.0749685 0.0732711 0.0693788 0.0638591 0.0572995 0.0502013 0.0429455 0.0358063 0.0289873 0.0226578 0.0169759 0.0120885 0.00810723 0.00507384
 0.00669768 0.0107694 0.0160359 0.0224725 0.030019 0.0384896 0.047453 0.056225 0.0640018 0.070034 0.0737566 0.0748749 0.0734157 0.0697092 0.0642855 0.0577323 0.0505791 0.0432421 0.0360218 0.029134 0.02275 0.0170262 0.0121077 0.00810572 0.00506137
