SBPRF35
12.7214
Curr Bio
845557
B35
871385
F35
0.171407
FOFL
0.163585
OFL
111675
Bzero
3.63469e+006
#pred survey bio
 3.58361e+006 3.49123e+006 3.39595e+006 3.25935e+006 3.07463e+006 2.87684e+006 2.62021e+006 2.36441e+006 2.11105e+006 1.91177e+006 1.65502e+006 1.44981e+006 1.29218e+006 1.13197e+006 1.00133e+006 901945 820650 749766 708500 682337 640284 625735 605357 586124 565308 555751 555337 555124 550847 549273 558986 559024 564785 571191 588261 609726 624316 640929 651075 658075 661233 673054 675836 678322 672705 675528 668987 675882 666994 664262 662333 716121 743034 785254 799933 818319 828178 851946 2.93868e+007 1.72542e+007 1.72715e+007 1.79903e+007 1.92022e+007 2.06338e+007 2.20717e+007 2.3386e+007 2.45163e+007 2.54487e+007 2.61962e+007 2.67834e+007 2.72385e+007 2.75881e+007 2.78553e+007 2.80589e+007 2.8214e+007 2.83324e+007 2.8423e+007 2.84925e+007 2.85462e+007 2.85877e+007 2.86201e+007 2.86454e+007 2.86653e+007 2.8681e+007 2.86934e+007 2.87032e+007 2.87111e+007 2.87174e+007 2.87224e+007 2.87265e+007 2.87297e+007 2.87324e+007 2.87345e+007 2.87363e+007 2.87377e+007 2.87388e+007 2.87398e+007 2.87405e+007 2.87412e+007 2.87417e+007 2.87421e+007 2.87424e+007 2.87427e+007 2.87429e+007 2.87431e+007 2.87433e+007 2.87434e+007 2.87435e+007 2.87436e+007 2.87436e+007 2.87437e+007 2.87437e+007 2.87438e+007 2.87438e+007 2.87438e+007 2.87439e+007 2.87439e+007 2.87439e+007 2.87439e+007 2.87439e+007 2.87439e+007 2.87439e+007 2.87439e+007 2.87439e+007 2.87439e+007 2.87439e+007 2.87439e+007 2.87439e+007 2.87439e+007 2.87439e+007 2.87439e+007 2.87439e+007 2.87439e+007 2.87439e+007 2.87439e+007 2.87439e+007 2.87439e+007 2.87439e+007 2.87439e+007 2.87439e+007 2.87439e+007 2.87439e+007 2.87439e+007 2.87439e+007 2.8744e+007 2.8744e+007 2.8744e+007 2.8744e+007 2.8744e+007 2.8744e+007 2.8744e+007 2.8744e+007 2.8744e+007 2.8744e+007 2.8744e+007 2.8744e+007 2.8744e+007 2.8744e+007 0 0 0 0 0 0 0 0 0 0 0 0 0 0 0 0 0 0 0 0 0 0 0 0 0
#obs survey bio
 2.52305e+006 4.19913e+006 2.7346e+006 2.78689e+006 3.32763e+006 2.72654e+006 2.32686e+006 2.49418e+006 1.94584e+006 2.51114e+006 1.81432e+006 1.21188e+006 1.13414e+006 1.27237e+006 1.67046e+006 724216 1.05568e+006 832747 554493 681021 899219 542274 821517 764342 645534 516998 557501 1.07556e+006 435838 459423 411032 569556 508141 472988 964428 779564 671565 894026 997839 688168 512281 615430 875122 629913 649024 612326 489725 503696 723276 650918 695993 624904 858537 662151 961663 700831 1.08494e+006 852834
#pred catch bio
 93941.1 99339.1 143658 197873 222874 291560 306591 319457 283737 345088 304760 266408 270231 243541 215284 198241 186579 158410 143631 153658 126278 128129 123616 121550 109583 100922 100130 102575 99955.3 91768.8 101935 98905.7 100211 92663.7 90085.9 96410.4 94963 100360 102292 105033 98189.3 106680 107161 114128 107075 115091 103676 116865 110540 109088 62912.7 87365.1 74485.4 98310.4 94635.9 101298 87678.1 114857 111675 113866 112469 115616 122793 131714 140702 148828 155691 161222 165529 168798 171232 173015 174307 175234 175895 176362 176691 176922 177083 177196 177275 177329 177367 177393 177411 177424 177433 177438 177443 177445 177447 177449 177450 177450 177451 177451 177451 177451 177451 177452 177452 177452 177452 177452 177452 177452 177452 177452 177452 177452 177452 177452 177452 177452 177452 177452 177452 177452 177452 177452 177452 177452 177452 177452 177452 177452 177452 177452 177452 177452 177452 177452 177452 177452 177452 177452 177452 177452 177452 177452 177452 177452 177452 177452 177452 177452 177452 177452 177452 177452 177452 177452 177452 177452 177452 177452 177452 177452 0 0 0 0 0 0 0 0 0 0 0 0 0 0 0 0 0 0 0 0 0 0 0 0 0
#obs catch bio
 0 99079.7 143714 198555 223370 292866 307638 321879 285270 347452 306441 268039 271606 244198 214282 199450 186808 158983 144185 155205 126398 128288 123170 120980 109160 100869 100419 101862 99406.2 91459.3 102120 99279.6 101446 93925.9 90551.3 96587.1 95115.9 100462 102133 104464 97943.1 106871 106923 114099 107114 115423 103896 117567 110776 109850 62543.1 87795.1 74254.1 98802 94668.5 101865 87536.7 115095
#pred cpue bio
 3.52919e+006 3.43873e+006 3.34447e+006 3.2077e+006 3.02307e+006 2.82561e+006 2.56999e+006 2.31522e+006 2.06311e+006 1.86487e+006 1.61057e+006 1.40741e+006 1.25146e+006 1.09333e+006 964443 866328 786282 716912 676671 651310 610801 597166 577788 559442 539455 530257 529913 529950 525995 524250 533255 532849 538074 544151 561006 582435 597009 613373 623545 630694 633794 645105 647740 650164 644581 647243 640870 647626 639088 636580 634856 687790 714877 756639 771117 789164 799123 823250 2.84373e+007 1.67032e+007 1.65547e+007 1.70869e+007 1.82309e+007 1.96458e+007 2.10802e+007 2.23939e+007 2.3524e+007 2.44564e+007 2.52039e+007 2.57911e+007 2.62462e+007 2.65958e+007 2.68629e+007 2.70665e+007 2.72217e+007 2.73401e+007 2.74307e+007 2.75002e+007 2.75539e+007 2.75954e+007 2.76278e+007 2.76531e+007 2.7673e+007 2.76887e+007 2.77011e+007 2.77109e+007 2.77188e+007 2.7725e+007 2.77301e+007 2.77342e+007 2.77374e+007 2.77401e+007 2.77422e+007 2.7744e+007 2.77454e+007 2.77465e+007 2.77475e+007 2.77482e+007 2.77489e+007 2.77494e+007 2.77498e+007 2.77501e+007 2.77504e+007 2.77506e+007 2.77508e+007 2.7751e+007 2.77511e+007 2.77512e+007 2.77513e+007 2.77513e+007 2.77514e+007 2.77514e+007 2.77515e+007 2.77515e+007 2.77515e+007 2.77515e+007 2.77516e+007 2.77516e+007 2.77516e+007 2.77516e+007 2.77516e+007 2.77516e+007 2.77516e+007 2.77516e+007 2.77516e+007 2.77516e+007 2.77516e+007 2.77516e+007 2.77516e+007 2.77516e+007 2.77516e+007 2.77516e+007 2.77516e+007 2.77516e+007 2.77516e+007 2.77516e+007 2.77516e+007 2.77516e+007 2.77516e+007 2.77516e+007 2.77516e+007 2.77516e+007 2.77516e+007 2.77516e+007 2.77516e+007 2.77516e+007 2.77516e+007 2.77516e+007 2.77516e+007 2.77516e+007 2.77516e+007 2.77516e+007 2.77516e+007 2.77516e+007 2.77516e+007 2.77516e+007 2.77516e+007 2.77516e+007 0 0 0 0 0 0 0 0 0 0 0 0 0 0 0 0 0 0 0 0 0 0 0 0 0
#obs cpue bio
 2.64771e+006 4.44063e+006 3.56888e+006 2.3856e+006 2.20313e+006 3.68688e+006 2.7262e+006 1.59451e+006 1.74585e+006 2.03906e+006 1.27155e+006 1.34189e+006 1.68277e+006 1.02339e+006 878855 564914 816993 495864 746083 522646 542946 749511 573662 511664 461815 454014 415694 600282 655560 498289 585282 390704 306225 416781 561067 647565 495729 490577 497901 927083 582367 566448 648175 672456 540406 693256 683571 793302 658062 591284 691838 732552 683877 677027 731086 655578 760775 1.01277e+006
#pred surv len freq
 0.00488046 0.00793014 0.0119452 0.0169061 0.0226869 0.0289762 0.0352529 0.0409167 0.0455175 0.0489069 0.0512072 0.0526674 0.0535358 0.0540033 0.0541954 0.0541853 0.0540121 0.053686 0.0531512 0.0522062 0.0504417 0.0473038 0.0423447 0.035561 0.0275799
 0.00514777 0.00825861 0.0122483 0.0170506 0.0225445 0.0284968 0.0345129 0.0401013 0.0448389 0.0485061 0.0511015 0.0527703 0.0537256 0.0541945 0.0543742 0.0543998 0.0543285 0.0541354 0.0536933 0.0527315 0.0508143 0.0474251 0.042201 0.0352262 0.0271731
 0.00533651 0.00858742 0.0127756 0.0178227 0.0235596 0.0296648 0.0356437 0.0409524 0.0452168 0.0483631 0.0505582 0.0520425 0.0530105 0.0535942 0.0538977 0.0540169 0.0540206 0.0539046 0.0535353 0.0526059 0.0506457 0.0471401 0.0417739 0.0346987 0.0266326
 0.00550116 0.00885529 0.0131816 0.0184053 0.0243591 0.0307124 0.0369382 0.0424288 0.0467252 0.0496842 0.0514649 0.0523877 0.0527889 0.0529336 0.0529877 0.0530258 0.0530521 0.0530015 0.052702 0.0518234 0.0498802 0.0463593 0.0409717 0.0339096 0.0259204
 0.00568255 0.00915051 0.0136268 0.0190353 0.0252025 0.0317838 0.0382295 0.0439041 0.048319 0.0512971 0.0529585 0.0535895 0.0535252 0.0530867 0.0525454 0.0520872 0.0517829 0.051569 0.0512284 0.0503746 0.0484823 0.0450255 0.0397262 0.0327963 0.0249913
 0.0058725 0.00945575 0.0140801 0.0196663 0.0260341 0.0328265 0.0394735 0.045315 0.0498404 0.0528577 0.0544747 0.054962 0.0546331 0.0537951 0.0527335 0.0516907 0.0508255 0.0501591 0.0495218 0.0485274 0.0466213 0.0432467 0.0381071 0.0314041 0.0238763
 0.0061458 0.00989349 0.0147265 0.020558 0.0271932 0.0342503 0.0411241 0.0471168 0.0516918 0.0546512 0.0561143 0.0563678 0.0557342 0.0545179 0.0529964 0.0514147 0.0499611 0.0487178 0.0475913 0.0462596 0.0442023 0.0408643 0.035927 0.029553 0.0224271
 0.00640793 0.0103193 0.0153667 0.0214596 0.0283909 0.0357527 0.0428984 0.0490837 0.0537353 0.0566407 0.0579266 0.057901 0.0569113 0.0552807 0.0532952 0.0512 0.0491866 0.0473603 0.0456796 0.0438965 0.0415643 0.0381752 0.0334149 0.0274037 0.0207489
 0.00666968 0.0107435 0.0160033 0.0223551 0.0295816 0.0372518 0.0446825 0.0510843 0.0558456 0.0587315 0.0598657 0.0595676 0.0582058 0.056129 0.0536458 0.0510161 0.0484398 0.0460338 0.0437876 0.0415121 0.0388392 0.0353325 0.0307088 0.0250594 0.0189078
 0.00680771 0.0109773 0.0163733 0.0229071 0.0303593 0.0382855 0.0459756 0.0526065 0.057535 0.0605041 0.0616239 0.0612071 0.0596207 0.0572191 0.0543233 0.0512095 0.0480959 0.0451209 0.0423062 0.0395163 0.0364564 0.0327652 0.0282039 0.0228495 0.0171505
 0.0071288 0.0114894 0.0171254 0.0239384 0.0316924 0.0399161 0.04786 0.0546578 0.0596328 0.0625165 0.0634292 0.0627071 0.0607439 0.0579161 0.0545592 0.0509565 0.0473295 0.0438238 0.0404831 0.0372167 0.0337989 0.0299451 0.0254674 0.0204367 0.0152292
 0.00741586 0.0119464 0.0177956 0.0248559 0.0328773 0.0413658 0.0495396 0.0564954 0.0615276 0.064355 0.0651021 0.0641195 0.0618203 0.0586008 0.054814 0.0507557 0.0466544 0.0426626 0.0388406 0.0351346 0.0313799 0.0273622 0.0229448 0.018198 0.0134359
 0.00763397 0.0122965 0.0183143 0.0255746 0.0338173 0.0425299 0.0509034 0.0580038 0.0631015 0.0659055 0.0665427 0.065373 0.0628201 0.0592904 0.0551473 0.050696 0.0461743 0.0417452 0.0374867 0.0333791 0.0293104 0.0251289 0.0207445 0.0162307 0.0118496
 0.00794354 0.0127886 0.0190336 0.0265539 0.0350705 0.0440416 0.0526179 0.0598235 0.0649009 0.0675559 0.0679363 0.0664354 0.0635107 0.0595954 0.0550688 0.0502421 0.0453519 0.0405599 0.0359513 0.0315296 0.0272256 0.0229403 0.0186244 0.0143538 0.0103446
 0.00828508 0.0133204 0.0197904 0.0275529 0.0363092 0.0454959 0.0542366 0.0615258 0.0665819 0.0691021 0.0692427 0.0674192 0.0641184 0.0598045 0.0548832 0.0496828 0.0444467 0.0393365 0.0344391 0.0297716 0.0252948 0.0209502 0.0167198 0.0126809 0.00900933
 0.00846447 0.0136236 0.0202672 0.028254 0.0372727 0.0467268 0.0556898 0.0631052 0.0681618 0.0705576 0.0704738 0.0683578 0.0647233 0.0600545 0.0547733 0.0492227 0.0436584 0.0382508 0.0330945 0.0282189 0.0236069 0.0192278 0.0150852 0.0112539 0.00787511
 0.00854763 0.0137676 0.0205011 0.0286137 0.0377964 0.047446 0.056617 0.0642222 0.0694131 0.0718541 0.0717051 0.0694128 0.0655113 0.0605181 0.0548895 0.0489953 0.0431083 0.0374101 0.0320048 0.0269348 0.0222007 0.0177925 0.0137269 0.0100722 0.00693887
 0.00871084 0.0140143 0.0208387 0.0290391 0.0383008 0.0480215 0.0572605 0.0649329 0.0701861 0.0726722 0.0725326 0.0701935 0.0661745 0.0609912 0.0551132 0.0489349 0.0427569 0.0367849 0.0311422 0.0258879 0.0210396 0.0166031 0.0126024 0.00909696 0.00616896
 0.00876691 0.0141017 0.0209627 0.0292015 0.0384989 0.0482484 0.0575065 0.06519 0.070455 0.0729659 0.0728726 0.0705962 0.0666347 0.0614723 0.055551 0.0492535 0.0428891 0.0366888 0.0308093 0.0253433 0.0203379 0.0158203 0.0118239 0.00840076 0.00560877
 0.00860058 0.0138676 0.0206777 0.0289043 0.0382395 0.0480708 0.057435 0.0652263 0.0705857 0.0731741 0.0731473 0.0709351 0.0670391 0.0619368 0.0560521 0.0497444 0.0433057 0.0369658 0.0308989 0.0252301 0.020044 0.0153999 0.0113496 0.00794472 0.00522531
 0.00867551 0.0139674 0.0207889 0.0290044 0.0383084 0.0481057 0.0574577 0.0652758 0.0706968 0.0733561 0.0733774 0.0711715 0.0672445 0.0620948 0.0561671 0.0498278 0.0433588 0.0369716 0.0308291 0.0250604 0.0197704 0.0150457 0.0109601 0.00757223 0.00491207
 0.00865343 0.013922 0.0207024 0.0288536 0.0380696 0.0477636 0.0570173 0.0647711 0.070192 0.0729354 0.0731234 0.0711394 0.0674423 0.0624834 0.0566781 0.0503873 0.0439039 0.0374541 0.0312119 0.0253171 0.0198904 0.0150402 0.0108616 0.0074257 0.00476064
 0.0086525 0.013927 0.020721 0.028894 0.0381342 0.047842 0.0570818 0.0647818 0.0701121 0.0727507 0.0728553 0.0708434 0.067191 0.0623399 0.0566743 0.0505158 0.0441257 0.037715 0.0314585 0.0255075 0.0199998 0.0150642 0.0108152 0.00733693 0.0046604
 0.0087053 0.0139993 0.0208053 0.0289763 0.0381996 0.0478822 0.0570988 0.0647838 0.0701033 0.0727236 0.0727921 0.0707287 0.0670275 0.0621557 0.0565144 0.0504231 0.0441217 0.0377919 0.0315843 0.0256402 0.020103 0.0151171 0.0108164 0.00730022 0.00460622
 0.00884475 0.0142077 0.0210841 0.0293127 0.0385678 0.0482469 0.0574206 0.0650253 0.0702374 0.0727399 0.0726975 0.0705411 0.0667678 0.0618457 0.0561803 0.0500977 0.04384 0.0375795 0.0314477 0.0255656 0.0200642 0.0150883 0.0107817 0.00725652 0.00455923
 0.00890646 0.0143021 0.0212147 0.0294779 0.03876 0.0484524 0.0576195 0.0651935 0.0703513 0.0727831 0.0726658 0.0704432 0.066621 0.0616691 0.055991 0.0499103 0.0436688 0.0374386 0.0313473 0.0255069 0.0200379 0.0150788 0.0107746 0.00724418 0.00454147
 0.00877305 0.0141116 0.020977 0.0292191 0.0385153 0.0482545 0.0574889 0.0651358 0.0703602 0.0728455 0.0727664 0.0705666 0.0667539 0.0618017 0.0561168 0.0500261 0.0437741 0.0375353 0.0314385 0.0255946 0.0201205 0.0151512 0.010831 0.00728136 0.00456096
 0.00877662 0.0140935 0.0209074 0.0290601 0.0382363 0.0478534 0.0570068 0.0646512 0.0699625 0.072602 0.072701 0.0706611 0.0669645 0.0620791 0.0564194 0.0503251 0.0440522 0.0377844 0.0316561 0.0257809 0.0202762 0.0152764 0.0109256 0.00734684 0.00460141
 0.00901331 0.0144349 0.0213391 0.0295362 0.0386874 0.0482016 0.0571841 0.0646161 0.0697138 0.0721845 0.0721971 0.0701652 0.0665527 0.0617885 0.0562481 0.0502466 0.0440338 0.0377986 0.0316852 0.0258154 0.0203113 0.0153092 0.0109535 0.00736813 0.00461553
 0.00918705 0.0147134 0.0217483 0.0300912 0.0393808 0.048991 0.0579836 0.0653054 0.0701682 0.0723162 0.071986 0.0696652 0.06587 0.0610458 0.0555494 0.0496555 0.0435712 0.037455 0.0314374 0.0256392 0.0201878 0.0152249 0.0108983 0.00733385 0.0045954
 0.00920434 0.0147462 0.0218071 0.0301907 0.0395387 0.049224 0.0583 0.0656954 0.0705961 0.072719 0.0722859 0.0697932 0.0657929 0.0607808 0.0551578 0.0492189 0.0431629 0.0371205 0.0311909 0.0254723 0.0200819 0.0151609 0.0108614 0.00731349 0.00458473
 0.00925534 0.0148342 0.0219487 0.0304039 0.0398382 0.0496144 0.0587694 0.0662148 0.0711236 0.0732066 0.0726842 0.0700535 0.0658725 0.0606548 0.0548318 0.0487353 0.0425919 0.0365403 0.0306657 0.0250397 0.0197524 0.0149261 0.0107038 0.00721365 0.00452533
 0.00917357 0.0147196 0.021811 0.0302654 0.0397302 0.0495697 0.058815 0.0663659 0.0713805 0.073553 0.0730871 0.0704668 0.0662433 0.0609313 0.0549737 0.0487239 0.0424378 0.0362818 0.0303574 0.0247355 0.019491 0.0147255 0.0105639 0.00712424 0.00447262
 0.00897455 0.0144274 0.0214302 0.0298228 0.0392702 0.0491449 0.0584777 0.0661618 0.0713426 0.0736951 0.0733982 0.0709114 0.066767 0.0614702 0.0554647 0.049115 0.0426974 0.0364048 0.0303649 0.0246659 0.0193872 0.0146219 0.0104803 0.00706639 0.00443738
 0.00876714 0.0140909 0.0209275 0.0291264 0.0383757 0.0480885 0.0573481 0.065094 0.0704881 0.0731792 0.0732877 0.0712039 0.0674017 0.0623483 0.0564712 0.0501372 0.0436405 0.0372032 0.0309878 0.0251158 0.01969 0.0148143 0.0105978 0.00713653 0.00447847
 0.00871021 0.0139755 0.0207115 0.028756 0.0377984 0.0472742 0.0563115 0.0639065 0.069272 0.072087 0.0724711 0.0707811 0.0674302 0.0628126 0.0572893 0.0511837 0.0447761 0.0383022 0.0319573 0.0259043 0.0202857 0.0152348 0.0108766 0.00731082 0.00458132
 0.00867833 0.0139318 0.0206584 0.0286953 0.0377228 0.0471581 0.0561091 0.0635632 0.0687495 0.0713915 0.0716689 0.0699903 0.0667908 0.0624459 0.0572627 0.0514938 0.045354 0.0390379 0.0327319 0.0266186 0.0208772 0.0156805 0.0111847 0.00750733 0.00469733
 0.00852535 0.0137056 0.0203603 0.0283423 0.037344 0.0467868 0.0557732 0.0632769 0.0685069 0.0711668 0.0714277 0.0697127 0.0664931 0.0621869 0.0571266 0.0515557 0.0456471 0.0395379 0.0333655 0.0272897 0.0214974 0.0161912 0.0115638 0.00776259 0.0048539
 0.00844532 0.0135734 0.0201588 0.0280572 0.0369707 0.046339 0.0552884 0.062812 0.0681213 0.0709002 0.071285 0.0696649 0.0664954 0.0622052 0.0571577 0.0516307 0.0458134 0.0398305 0.033783 0.0277905 0.0220152 0.0166605 0.0119407 0.00803301 0.00502802
 0.00854645 0.0137058 0.0202983 0.0281607 0.0369863 0.0462242 0.0550269 0.0624211 0.0676484 0.0704106 0.0708451 0.0693247 0.0662766 0.0620995 0.0571395 0.0516768 0.0459177 0.0400028 0.0340344 0.0281148 0.0223825 0.0170249 0.0122587 0.00827801 0.00519536
 0.00865313 0.0138767 0.0205487 0.028497 0.0373978 0.0466735 0.0554466 0.0627246 0.0677562 0.0702817 0.0704951 0.0688202 0.0657092 0.0615547 0.0566753 0.0513192 0.0456702 0.0398606 0.0339921 0.0281646 0.0225065 0.0171935 0.0124361 0.00843382 0.00531273
 0.00854866 0.0137338 0.0203839 0.0283437 0.0372983 0.0466647 0.0555456 0.0629195 0.0680061 0.0705241 0.0706636 0.0688662 0.06562 0.0613582 0.0564274 0.0510807 0.0454878 0.0397586 0.0339752 0.0282241 0.0226249 0.0173466 0.0125966 0.00857738 0.0054242
 0.00854069 0.0137138 0.0203421 0.0282705 0.0371914 0.0465377 0.0554321 0.0628657 0.0680519 0.0706814 0.0709042 0.069128 0.0658302 0.0614608 0.0564035 0.0509519 0.0453032 0.0395737 0.0338336 0.0281483 0.0226165 0.0173912 0.0126716 0.00865969 0.0054963
 0.00857137 0.0137571 0.0203947 0.0283236 0.0372318 0.0465509 0.0554067 0.0628002 0.0679599 0.070592 0.0708528 0.0691401 0.0659052 0.0615689 0.0564981 0.050993 0.0452756 0.0394918 0.0337308 0.0280602 0.0225662 0.0173842 0.0126986 0.00870401 0.00554222
 0.0085948 0.0138044 0.0204819 0.0284695 0.03745 0.0468398 0.0557418 0.0631351 0.0682392 0.0707702 0.0709102 0.0690873 0.065775 0.0613991 0.0563151 0.0508044 0.0450762 0.0392773 0.0335086 0.0278495 0.0223895 0.0172566 0.0126221 0.00866894 0.00553358
 0.00854207 0.0137232 0.0203692 0.0283282 0.0372916 0.0466858 0.0556226 0.0630828 0.0682749 0.0708927 0.0710933 0.0692897 0.0659578 0.0615397 0.0564098 0.0508608 0.0451028 0.0392783 0.0334865 0.0278103 0.0223443 0.0172178 0.0125981 0.00866092 0.005537
 0.00857938 0.0137786 0.0204426 0.0284158 0.0373863 0.0467796 0.0557082 0.0631565 0.0683382 0.0709515 0.0711537 0.0693523 0.0660135 0.0615723 0.056404 0.05081 0.0450113 0.0391581 0.0333517 0.0276739 0.0222181 0.0171115 0.0125179 0.00860794 0.00550709
 0.00846289 0.0136061 0.0202146 0.0281438 0.0370901 0.0464819 0.0554311 0.06292 0.0681612 0.0708513 0.071144 0.0694397 0.0661934 0.0618269 0.0567033 0.0511181 0.0452955 0.0393964 0.0335353 0.0278052 0.0223059 0.0171675 0.0125529 0.00863044 0.00552237
 0.00846929 0.0136138 0.0202216 0.0281472 0.0370883 0.0464761 0.0554258 0.0629214 0.0681724 0.0708698 0.0711622 0.0694502 0.0661947 0.0618244 0.0567054 0.0511297 0.0453143 0.039414 0.0335427 0.0277976 0.0222847 0.0171387 0.0125237 0.00860623 0.00550562
 0.00845909 0.013594 0.0201857 0.0280877 0.0369982 0.046353 0.0552752 0.0627577 0.0680171 0.0707457 0.0710875 0.0694335 0.0662333 0.0619073 0.0568186 0.0512602 0.0454511 0.0395472 0.0336625 0.027896 0.0223575 0.0171867 0.0125517 0.00862082 0.00551258
 0.00841095 0.0135241 0.0200958 0.0279839 0.0368885 0.0462429 0.0551657 0.0626467 0.0679036 0.0706346 0.0709909 0.0693678 0.0662135 0.0619414 0.0569044 0.0513868 0.0456029 0.0397077 0.0338171 0.0280329 0.0224692 0.0172702 0.0126088 0.00865652 0.00553304
 0.00801064 0.0128913 0.0191797 0.0267562 0.0353569 0.0444676 0.0532719 0.0608181 0.066348 0.0695328 0.070455 0.0694251 0.0668162 0.0629885 0.0582669 0.0529288 0.0471981 0.0412502 0.0352267 0.0292561 0.023477 0.0180561 0.0131855 0.00905198 0.00578456
 0.00804399 0.012905 0.0191247 0.0265601 0.0349399 0.0437705 0.0522837 0.0595899 0.0649886 0.06819 0.0692888 0.0685786 0.0663889 0.0630187 0.0587282 0.0537416 0.0482503 0.0424195 0.0363999 0.0303415 0.0244119 0.0188077 0.0137486 0.00944353 0.00603586
 0.00796691 0.0127887 0.018964 0.0263492 0.0346649 0.0434018 0.0517759 0.0588966 0.0640885 0.0671139 0.0681311 0.0674844 0.0655198 0.0625123 0.0586647 0.054128 0.0490237 0.0434664 0.0375832 0.0315279 0.025493 0.0197123 0.014446 0.00993845 0.00635817
 0.00793811 0.0127579 0.0189467 0.0263688 0.0347443 0.04355 0.0519746 0.0590933 0.0642022 0.0670533 0.0678244 0.0669114 0.064734 0.0616372 0.057863 0.0535532 0.0487754 0.043566 0.0379772 0.0321131 0.0261504 0.0203381 0.0149708 0.0103323 0.00662447
 0.00777613 0.0125173 0.0186283 0.0259909 0.0343417 0.0431684 0.0516637 0.0588964 0.0641417 0.0671158 0.0679553 0.0670276 0.0647541 0.0615188 0.0576272 0.0532828 0.0485843 0.0435536 0.0381891 0.0325272 0.0266912 0.0209087 0.0154863 0.0107412 0.00691235
 0.00749007 0.0120936 0.018068 0.0253237 0.0336199 0.0424551 0.0510235 0.0583898 0.0638194 0.0670089 0.0680636 0.0673131 0.0651452 0.0619278 0.0579796 0.0535457 0.0487792 0.0437436 0.0384448 0.0328893 0.0271502 0.0214123 0.015966 0.0111412 0.00720634
 0.00706562 0.011434 0.0171344 0.0241069 0.0321486 0.0408047 0.0493208 0.0568042 0.0625309 0.0661645 0.0677422 0.0675144 0.0657999 0.0629193 0.0591693 0.0548009 0.0500004 0.0448804 0.0394921 0.0338632 0.0280589 0.0222404 0.0166798 0.0117086 0.0076158
#obs surv len freq
 nan nan nan nan nan nan nan nan nan nan nan nan nan nan nan nan nan nan nan nan nan nan nan nan nan
 0.00448484 0.00734623 0.0111762 0.0159924 0.0216929 0.0279681 0.0342818 0.0400127 0.0446921 0.0481559 0.0505138 0.0520098 0.0529022 0.0534148 0.0537292 0.0539842 0.0542629 0.0545557 0.0546945 0.0542864 0.0527244 0.0493566 0.0438063 0.0362863 0.0276699
 0.00461061 0.00755374 0.0114938 0.0164473 0.0223044 0.0287371 0.0351808 0.040983 0.0456522 0.0490184 0.0512016 0.0524679 0.0531027 0.0533569 0.0534349 0.0534904 0.0536128 0.0537919 0.0538558 0.0534095 0.051848 0.0485234 0.0430608 0.0356662 0.027196
 0.0047776 0.00782396 0.0118983 0.0170147 0.023056 0.029679 0.0362941 0.0422184 0.0469328 0.0502498 0.0522857 0.0533147 0.053642 0.0535462 0.0532638 0.0529792 0.0528053 0.0527464 0.0526378 0.0520884 0.0504978 0.0472234 0.0418895 0.0346882 0.0264471
 0.00497111 0.00814231 0.0123842 0.0177096 0.0239912 0.0308623 0.0376964 0.0437704 0.048536 0.0517957 0.0536715 0.0544502 0.0544505 0.0539669 0.0532564 0.0525301 0.0519318 0.0514962 0.0510851 0.0503297 0.048648 0.0454092 0.0402365 0.0332991 0.0253796
 0.00516945 0.00846926 0.0128849 0.0184296 0.0249685 0.0321136 0.0392028 0.0454704 0.0503324 0.0535719 0.0553096 0.0558434 0.0555089 0.0546188 0.0534487 0.0522291 0.0511279 0.0502109 0.0493778 0.0483019 0.046441 0.043193 0.0381851 0.0315578 0.0240331
 0.00539873 0.00884184 0.0134456 0.0192208 0.0260233 0.0334442 0.0407881 0.0472505 0.0522147 0.0554467 0.0570645 0.0573729 0.0567185 0.0554278 0.0537911 0.0520559 0.05041 0.0489467 0.0476057 0.0461131 0.0439854 0.0406687 0.0358083 0.0295158 0.0224412
 0.00565201 0.00925603 0.0140733 0.0201119 0.0272148 0.0349449 0.0425628 0.0492165 0.0542554 0.0574358 0.0588868 0.0589326 0.0579384 0.0562427 0.0541444 0.0518978 0.0497013 0.0476682 0.045775 0.0438047 0.0413446 0.0379071 0.0331703 0.0272237 0.0206389
 0.00589811 0.00966219 0.0146958 0.0210072 0.028428 0.0364922 0.0444136 0.0512862 0.056418 0.0595484 0.0608144 0.0605637 0.0591895 0.0570554 0.0544771 0.0517171 0.0489775 0.0463811 0.0439308 0.0414614 0.0386348 0.0350399 0.0304008 0.0247938 0.018713
 0.00614042 0.0100589 0.0152983 0.021866 0.0295841 0.0379628 0.0461763 0.0532718 0.0585175 0.0616313 0.0627484 0.0622291 0.0604879 0.0579137 0.0548464 0.0515662 0.0482856 0.0451365 0.0421418 0.0391794 0.0359799 0.0322093 0.0276444 0.0223564 0.0167676
 0.00639279 0.0104711 0.0159222 0.0227508 0.030767 0.0394535 0.0479422 0.0552336 0.0605607 0.0636288 0.0645801 0.0637923 0.0616989 0.0587072 0.0551734 0.0513925 0.0475898 0.0439094 0.0403951 0.0369637 0.0334075 0.0294647 0.0249645 0.0199775 0.0148606
 0.00661305 0.0108356 0.0164826 0.0235591 0.0318645 0.0408549 0.0496181 0.0571052 0.0625122 0.0655303 0.0663107 0.0652522 0.0628131 0.0594222 0.0554524 0.0512095 0.0469265 0.0427572 0.0387637 0.0348995 0.0310135 0.0269098 0.0224661 0.0177544 0.0130735
 0.00685373 0.0112266 0.0170707 0.0243876 0.0329658 0.0422367 0.0512503 0.0589134 0.0643865 0.067345 0.0679443 0.0666029 0.0638053 0.060008 0.055607 0.0509238 0.0461988 0.0415915 0.0371765 0.0329358 0.0287666 0.0245313 0.020151 0.0156989 0.011422
 0.00709202 0.0116192 0.0176705 0.0252455 0.0341186 0.0436889 0.0529572 0.0607779 0.0662759 0.0691199 0.0694835 0.0678157 0.0646324 0.0604175 0.0555885 0.0504826 0.0453492 0.0403535 0.0355789 0.0310285 0.0266374 0.0223147 0.0180171 0.0138178 0.00991712
 0.00728198 0.0119353 0.0181598 0.0259564 0.0350912 0.0449392 0.0544598 0.0624598 0.0680243 0.0708029 0.0709734 0.0690061 0.0654489 0.0608198 0.0555669 0.0500492 0.0445289 0.0391783 0.0340886 0.0292792 0.0247137 0.0203367 0.016131 0.0121665 0.00860229
 0.00742776 0.0121741 0.018523 0.0264759 0.0357941 0.0458404 0.0555522 0.0637077 0.0693651 0.0721541 0.0722425 0.0701002 0.0662846 0.0613322 0.0557167 0.0498233 0.0439376 0.0382491 0.0328637 0.0278178 0.0230982 0.0186758 0.0145507 0.0107867 0.00750638
 0.00753282 0.0123417 0.0187699 0.0268164 0.0362395 0.0463967 0.0562169 0.0644679 0.0701976 0.0730272 0.0731167 0.0709275 0.0670083 0.0618909 0.0560508 0.0498852 0.0436993 0.0377066 0.0320383 0.026757 0.0218758 0.0173897 0.0133116 0.00969748 0.00663817
 0.00760585 0.0124568 0.0189363 0.0270406 0.0365246 0.0467414 0.0566152 0.0649091 0.0706693 0.0735188 0.0736195 0.0714315 0.0674958 0.0623314 0.0564009 0.0500931 0.0437151 0.0374944 0.0315863 0.0260844 0.0210348 0.0164604 0.0123893 0.00887217 0.00597318
 0.00763599 0.012504 0.019004 0.0271312 0.0366395 0.0468811 0.0567793 0.0650968 0.0708801 0.0737532 0.0738795 0.0717186 0.0678079 0.0626575 0.0567174 0.0503627 0.0438909 0.0375286 0.0314439 0.0257555 0.0205427 0.0158603 0.011757 0.0082845 0.00548807
 0.00774109 0.0126594 0.0192092 0.0273754 0.0369045 0.0471467 0.0570271 0.0653126 0.0710548 0.0738841 0.0739708 0.0717813 0.0678562 0.0627048 0.0567697 0.0504138 0.0439201 0.0375037 0.0313302 0.0255292 0.0202032 0.0154353 0.0112972 0.00784782 0.00512169
 0.00776515 0.0127023 0.01928 0.0274829 0.0370533 0.0473312 0.0572291 0.0655041 0.0712081 0.0739828 0.0740161 0.0717889 0.0678484 0.0627011 0.0567816 0.0504424 0.0439547 0.0375229 0.0313063 0.0254368 0.02003 0.0151905 0.0110104 0.00756025 0.00487087
 0.0078303 0.0127988 0.0194082 0.0276379 0.0372272 0.0475168 0.0574208 0.0656957 0.0713887 0.0741356 0.0741215 0.0718324 0.0678279 0.0626287 0.0566792 0.0503322 0.0438507 0.0374266 0.0312069 0.0253175 0.0198771 0.015002 0.0107995 0.00735061 0.0046872
 0.00784552 0.0128245 0.0194481 0.0276951 0.0373026 0.0476071 0.057518 0.0657892 0.07147 0.0742017 0.0741746 0.0718753 0.0678598 0.0626457 0.0566773 0.050312 0.0438169 0.0373841 0.0311561 0.025253 0.0197917 0.0148927 0.0106721 0.00721901 0.00456795
 0.00787469 0.0128672 0.0195036 0.0277603 0.037373 0.0476789 0.0575889 0.065858 0.0715345 0.074258 0.074218 0.0719029 0.0678711 0.0626424 0.0566615 0.0502848 0.0437794 0.0373373 0.031101 0.0251892 0.0197176 0.0148077 0.0105794 0.00712618 0.00448464
 0.00787203 0.0128624 0.0194957 0.0277478 0.0373543 0.047653 0.0575562 0.0658213 0.0714996 0.0742328 0.0742106 0.0719181 0.0679091 0.062698 0.0567265 0.0503503 0.0438375 0.0373824 0.0311295 0.025199 0.0197083 0.0147806 0.0105386 0.00707849 0.00443786
 0.00787207 0.0128555 0.0194726 0.0276963 0.0372634 0.0475186 0.0573859 0.0656345 0.0713225 0.0740907 0.0741221 0.0718927 0.0679468 0.0627911 0.0568613 0.0505094 0.0440029 0.0375381 0.0312635 0.0253039 0.0197809 0.0148222 0.0105539 0.00707505 0.00442424
 0.0078855 0.0128749 0.0194968 0.0277213 0.0372819 0.0475199 0.0573579 0.0655671 0.0712129 0.0739479 0.0739668 0.0717517 0.0678452 0.0627446 0.0568735 0.0505728 0.0441024 0.0376554 0.0313808 0.0254074 0.0198616 0.0148769 0.0105844 0.00708656 0.00442375
 0.00789429 0.0128873 0.0195119 0.027737 0.0372949 0.0475266 0.0573542 0.0655485 0.0711747 0.0738864 0.0738819 0.07165 0.0677404 0.0626554 0.0568173 0.0505603 0.0441343 0.0377227 0.0314685 0.0254989 0.0199433 0.0149403 0.0106268 0.00711031 0.00443386
 0.00788563 0.0128748 0.019496 0.027719 0.0372763 0.0475084 0.0573362 0.0655295 0.0711529 0.07386 0.0738494 0.0716106 0.0676954 0.0626092 0.0567782 0.0505385 0.0441383 0.0377555 0.0315259 0.0255705 0.0200165 0.0150042 0.0106752 0.00714205 0.00445158
 0.00789883 0.012889 0.0195043 0.027711 0.037242 0.0474431 0.0572444 0.0654246 0.0710521 0.0737783 0.0737945 0.0715828 0.0676896 0.0626187 0.0567977 0.0505663 0.0441758 0.0378053 0.0315884 0.0256423 0.0200906 0.0150721 0.0107303 0.00718153 0.00447641
 0.00784864 0.0128155 0.0194084 0.0275979 0.0371185 0.0473142 0.057112 0.0652893 0.070918 0.0736558 0.0737 0.0715326 0.0676935 0.0626759 0.056898 0.0506946 0.0443178 0.0379504 0.0317299 0.0257756 0.020211 0.0151749 0.0108118 0.00724056 0.00451509
 0.00782331 0.0127653 0.019317 0.0274467 0.0368942 0.0470182 0.0567673 0.0649376 0.0706072 0.0734239 0.0735662 0.0714982 0.0677491 0.0628079 0.057091 0.0509309 0.0445778 0.0382148 0.0319823 0.0260038 0.0204073 0.015335 0.0109346 0.00732809 0.00457244
 0.00781362 0.0127493 0.0192918 0.0274075 0.0368331 0.046924 0.0566277 0.0647452 0.070367 0.0731582 0.0733113 0.0712943 0.0676268 0.0627806 0.0571545 0.0510692 0.0447691 0.0384359 0.0322114 0.0262225 0.0206016 0.0154964 0.0110595 0.00741781 0.00463171
 0.00777691 0.0126916 0.0192086 0.0272966 0.0366948 0.0467619 0.0564489 0.0645588 0.0701816 0.0729807 0.0731482 0.0711555 0.067528 0.06274 0.0571863 0.051177 0.0449436 0.0386576 0.0324561 0.0264662 0.0208243 0.0156845 0.0112065 0.00752384 0.0047019
 0.00774008 0.0126299 0.0191126 0.0271573 0.0365065 0.0465263 0.0561788 0.0642775 0.069918 0.0727609 0.0729891 0.071063 0.0675001 0.0627721 0.0572753 0.0513211 0.0451391 0.0388952 0.0327193 0.0267335 0.0210743 0.0158998 0.0113773 0.00764816 0.00478471
 0.00771025 0.0125788 0.0190311 0.0270352 0.0363348 0.0463015 0.0559062 0.0639737 0.069609 0.0724775 0.0727612 0.0709133 0.0674401 0.0628014 0.0573842 0.0514956 0.0453644 0.0391567 0.0330012 0.027018 0.021342 0.0161335 0.0115653 0.00778688 0.00487811
 0.0076849 0.0125395 0.0189752 0.0269606 0.0362397 0.0461833 0.0557623 0.063803 0.0694143 0.0722685 0.0725542 0.07073 0.0673033 0.0627297 0.0573875 0.0515734 0.0455076 0.0393505 0.0332277 0.0272581 0.0215762 0.0163442 0.0117395 0.00791852 0.0049686
 0.00766336 0.0125036 0.0189198 0.0268808 0.0361325 0.0460497 0.0556084 0.0636393 0.0692524 0.0721173 0.0724191 0.0706144 0.0672125 0.0626723 0.0573744 0.0516137 0.0456046 0.0394993 0.0334162 0.0274685 0.0217888 0.0165404 0.0119051 0.008046 0.00505765
 0.00763956 0.0124665 0.0188668 0.0268104 0.0360441 0.0459437 0.0554868 0.0635065 0.0691158 0.0719861 0.0723026 0.0705202 0.0671452 0.0626345 0.0573684 0.0516429 0.0456727 0.0396076 0.0335606 0.0276383 0.0219684 0.0167124 0.0120546 0.00816373 0.0051415
 0.00760598 0.0124147 0.0187941 0.0267164 0.0359309 0.0458158 0.0553511 0.0633718 0.0689913 0.0718794 0.0722188 0.0704619 0.0671136 0.06263 0.057391 0.0516929 0.0457502 0.0397126 0.0336909 0.0277881 0.0221272 0.0168666 0.0121909 0.00827311 0.00522069
 0.00759689 0.0123984 0.0187669 0.0266742 0.0358702 0.0457359 0.0552555 0.0632678 0.0688883 0.0717863 0.0721416 0.0704037 0.0670751 0.062611 0.0573919 0.0517142 0.0457932 0.0397781 0.0337782 0.0278938 0.0222442 0.0169848 0.0122994 0.00836291 0.00528754
 0.0075736 0.0123628 0.0187173 0.0266103 0.0357929 0.0456466 0.0551565 0.0631629 0.0687834 0.0716892 0.072061 0.0703469 0.0670464 0.0626113 0.0574186 0.0517637 0.0458618 0.039863 0.033877 0.028003 0.0223585 0.0170967 0.0124005 0.00844636 0.00534986
 0.00757258 0.0123608 0.0187136 0.026604 0.0357832 0.0456327 0.0551377 0.0631386 0.0687527 0.0716509 0.0720147 0.0702942 0.0669917 0.0625611 0.0573798 0.0517417 0.0458595 0.039881 0.033914 0.0280563 0.0224233 0.0171667 0.0124683 0.0085053 0.00539575
 0.00756285 0.012347 0.0186967 0.026586 0.0357664 0.045619 0.0551274 0.0631307 0.0687449 0.071641 0.0720009 0.0702753 0.0669674 0.062533 0.0573514 0.051718 0.0458458 0.0398813 0.0339303 0.0280879 0.022467 0.0172172 0.0125194 0.00855108 0.00543225
 0.00754588 0.0123207 0.0186597 0.0265383 0.0357099 0.0455576 0.0550673 0.0630791 0.0687085 0.0716233 0.0720011 0.0702889 0.0669886 0.0625561 0.0573731 0.0517375 0.045865 0.0399034 0.0339584 0.0281236 0.0225096 0.0172636 0.012565 0.00859151 0.00546433
 0.00752388 0.0122864 0.0186109 0.0264741 0.0356312 0.0454676 0.054972 0.0629872 0.06863 0.0715676 0.0719745 0.070293 0.0670199 0.0626077 0.0574363 0.0518046 0.0459306 0.0399655 0.0340172 0.0281802 0.0225646 0.0173159 0.0126125 0.00863151 0.00549514
 0.00751167 0.012263 0.0185692 0.0264061 0.0355301 0.0453322 0.0548096 0.0628138 0.0684667 0.0714348 0.0718873 0.070259 0.0670391 0.0626735 0.0575376 0.051928 0.046063 0.0400961 0.0341391 0.0282897 0.0226601 0.017397 0.0126787 0.00868273 0.00553208
 0.0075049 0.0122552 0.0185629 0.0264044 0.0355346 0.04534 0.0548118 0.0627983 0.0684234 0.0713617 0.0717928 0.0701597 0.0669537 0.0626168 0.0575168 0.0519423 0.0461059 0.0401577 0.0342093 0.0283605 0.022726 0.0174548 0.0127267 0.00872031 0.00555945
 0.00750487 0.012253 0.018556 0.0263898 0.0355104 0.0453072 0.0547753 0.0627642 0.068396 0.0713398 0.0717704 0.0701304 0.066916 0.0625763 0.0574841 0.0519279 0.0461154 0.0401906 0.0342597 0.02842 0.0227867 0.0175104 0.0127735 0.00875666 0.00558553
 0.00748222 0.0122201 0.0185138 0.0263411 0.0354592 0.0452564 0.0547262 0.0627174 0.0683529 0.0713035 0.0717449 0.070118 0.0669154 0.0625841 0.0574975 0.0519471 0.0461432 0.0402302 0.0343115 0.0284806 0.0228501 0.0175701 0.0128245 0.00879636 0.00561373
 0.00748222 0.0122201 0.0185138 0.0263411 0.0354592 0.0452564 0.0547262 0.0627174 0.0683529 0.0713035 0.0717449 0.070118 0.0669154 0.0625841 0.0574975 0.0519471 0.0461432 0.0402302 0.0343115 0.0284806 0.0228501 0.0175701 0.0128245 0.00879636 0.00561373
 0.00710821 0.0116226 0.0176371 0.0251489 0.0339511 0.0434896 0.0528313 0.0608909 0.0668171 0.0702493 0.0712841 0.0702662 0.0676053 0.0636929 0.0588791 0.0534589 0.0476652 0.0416725 0.0356143 0.0296081 0.0237841 0.018307 0.0133739 0.00918001 0.00586233
 0.00708464 0.0115436 0.0174427 0.0247576 0.0332793 0.0424843 0.0515017 0.059323 0.0651634 0.0686998 0.0700295 0.0694619 0.0673415 0.0639797 0.0596495 0.0545904 0.0490101 0.0430875 0.0369808 0.0308405 0.0248304 0.0191442 0.0140032 0.00962146 0.00614918
 0.00706425 0.0115186 0.0174167 0.0247302 0.033234 0.0423766 0.0512566 0.0588533 0.0644081 0.0676645 0.0688079 0.068222 0.0662819 0.0632754 0.0594071 0.0548273 0.0496601 0.0440271 0.0380639 0.0319313 0.0258239 0.0199752 0.014645 0.0100793 0.0064497
 0.00707813 0.011544 0.0174605 0.0248008 0.0333392 0.0425178 0.0514205 0.0590029 0.0644784 0.0675717 0.0684761 0.0676211 0.0654588 0.0623566 0.0585665 0.0542308 0.0494129 0.0441471 0.0384877 0.0325448 0.0265018 0.0206128 0.0151754 0.0104759 0.00671799
 0.00696774 0.0113807 0.0172453 0.0245464 0.0330681 0.042258 0.0512011 0.0588488 0.0644027 0.0675661 0.0685037 0.067621 0.0653674 0.0621397 0.0582473 0.0538927 0.0491719 0.044104 0.0386866 0.0329583 0.0270474 0.0211884 0.0156941 0.010886 0.00700632
 0.00694734 0.0113389 0.0171672 0.0244151 0.0328717 0.0419993 0.0509041 0.0585566 0.0641644 0.0674191 0.0684592 0.0676592 0.0654424 0.0621952 0.0582383 0.0538094 0.0490506 0.0440163 0.0387071 0.033128 0.0273546 0.0215765 0.0160894 0.0112276 0.00726246
 0.00684595 0.0111833 0.0169496 0.0241335 0.0325284 0.0416001 0.0504603 0.0580896 0.0637095 0.0670247 0.0681771 0.0675293 0.0654771 0.0623716 0.0585055 0.054108 0.0493386 0.0442852 0.0389794 0.0334363 0.0277149 0.0219733 0.0164819 0.0115706 0.00752631
#pred catch len freq
 0.00392401 0.00625012 0.00919935 0.0127362 0.0168464 0.0215094 0.0266318 0.0320172 0.0374022 0.0425157 0.0471219 0.0510457 0.0541927 0.0565528 0.0581818 0.0591747 0.0596431 0.0596851 0.0593202 0.0583877 0.0564744 0.0529885 0.0474446 0.0398481 0.0309063
 0.0041529 0.00654113 0.00949097 0.0129303 0.0168466 0.021275 0.0262133 0.0315429 0.0370176 0.0423124 0.0471001 0.0511316 0.0542937 0.0566144 0.0582159 0.059248 0.0598335 0.0600272 0.0597687 0.0588205 0.0567418 0.0529841 0.0471587 0.0393686 0.0303701
 0.00433565 0.00684369 0.00994991 0.0135659 0.0176388 0.0221392 0.0269979 0.03207 0.0371602 0.0420639 0.0465817 0.0505265 0.0537523 0.0561989 0.0579124 0.0590209 0.0596698 0.0599381 0.0597545 0.0588376 0.0567042 0.0528057 0.0468054 0.0388821 0.0298449
 0.00451909 0.00713365 0.0103738 0.0141506 0.0184127 0.0231273 0.0282021 0.0334375 0.0385579 0.0432872 0.0474135 0.0508246 0.0535128 0.0555486 0.0570372 0.0580831 0.0587669 0.0591081 0.0589986 0.0581328 0.0560103 0.0520823 0.04604 0.0381083 0.0291312
 0.0047083 0.00743312 0.0108103 0.0147469 0.0191876 0.0240954 0.0293706 0.0347985 0.040077 0.0448863 0.048956 0.0521203 0.0543594 0.055801 0.0566674 0.0571886 0.0575217 0.0576904 0.0575386 0.0566991 0.0546266 0.050757 0.0447934 0.0369833 0.0281832
 0.00493971 0.00779414 0.0113266 0.0154352 0.0200579 0.0251522 0.0306101 0.036204 0.0416144 0.0465015 0.050571 0.0536266 0.0556151 0.0566432 0.0569485 0.0568267 0.0565366 0.0561999 0.0557152 0.0547163 0.0526246 0.0488407 0.0430464 0.0354784 0.0269752
 0.00522903 0.00824648 0.0119746 0.0162999 0.0211483 0.0264651 0.0321255 0.0378807 0.0433896 0.0482967 0.0522992 0.0551963 0.0569287 0.0575938 0.0574209 0.0567133 0.0557693 0.0547844 0.0537462 0.0523621 0.050091 0.0463337 0.0407457 0.0335205 0.0254392
 0.00552113 0.00870699 0.012642 0.0172035 0.022307 0.0278842 0.0337894 0.0397443 0.0453766 0.0503059 0.0542161 0.0569067 0.0583285 0.0585925 0.0579373 0.0566709 0.0551014 0.0534563 0.051786 0.0498833 0.0472902 0.0434594 0.0380502 0.0312089 0.0236312
 0.00577799 0.00911411 0.0132368 0.0180178 0.0233671 0.0292078 0.0353773 0.0415702 0.0473802 0.0523924 0.0562639 0.0587806 0.0598971 0.0597425 0.0585795 0.0567371 0.0545396 0.0522349 0.049914 0.0474392 0.0444419 0.0404545 0.0351706 0.0287041 0.021659
 0.00602833 0.00950967 0.013812 0.0188004 0.0243779 0.0304582 0.0368637 0.0432671 0.0492365 0.0543329 0.0581923 0.0605855 0.0614595 0.0609457 0.0593196 0.0569292 0.0541201 0.0511657 0.0481949 0.0451318 0.0416924 0.0374953 0.0322853 0.0261596 0.0196363
 0.0063608 0.0100288 0.0145548 0.0197904 0.0256259 0.0319621 0.0386028 0.0451947 0.0512766 0.0563847 0.0601416 0.0623171 0.0628685 0.061944 0.0598359 0.0569059 0.0535113 0.0499409 0.0463534 0.0427273 0.038858 0.0344513 0.0293094 0.0235233 0.0175305
 0.00665271 0.0104847 0.0152073 0.0206608 0.0267252 0.0332917 0.0401499 0.0469249 0.0531294 0.058275 0.0619659 0.0639636 0.0642293 0.0629257 0.0603653 0.0569291 0.0529893 0.048849 0.0446913 0.0405399 0.0362614 0.0316424 0.0265435 0.0210556 0.0155469
 0.00694828 0.0109441 0.0158601 0.021523 0.0278 0.0345706 0.0416102 0.0485251 0.0548085 0.0599564 0.0635641 0.0653904 0.0653997 0.0637628 0.0608043 0.0569189 0.0524924 0.0478426 0.0431749 0.0385534 0.033906 0.0290916 0.0240249 0.0188006 0.013727
 0.00728786 0.0114721 0.0166107 0.0225135 0.0290314 0.0360266 0.0432528 0.0502899 0.0566058 0.0616811 0.0651104 0.0666653 0.0663316 0.0643049 0.0609306 0.0566168 0.0517555 0.0466694 0.0415763 0.0365697 0.0316283 0.0266721 0.0216628 0.0166988 0.0120356
 0.00764347 0.0120176 0.0173719 0.0234958 0.030224 0.0374081 0.0447911 0.051936 0.0582885 0.0633079 0.0665763 0.0678674 0.0671845 0.0647522 0.0609482 0.0562063 0.0509334 0.0454586 0.0400067 0.0346899 0.029523 0.0244735 0.0195402 0.0148231 0.0105323
 0.00785669 0.0123628 0.0178888 0.02422 0.0311802 0.0385996 0.0461888 0.0534747 0.0598757 0.0648407 0.0679555 0.0690055 0.0680095 0.0652102 0.0610075 0.0558588 0.0501926 0.0443536 0.0385795 0.032999 0.0276539 0.0225448 0.0176959 0.0132045 0.00924108
 0.0079803 0.0125635 0.0181918 0.0246528 0.031772 0.0393778 0.0471697 0.0546509 0.061205 0.0662415 0.0693163 0.0702049 0.0689401 0.0657963 0.0612098 0.0556694 0.0496262 0.0434413 0.0373667 0.0315485 0.0260505 0.0208981 0.0161308 0.011839 0.00815696
 0.0081027 0.0127475 0.0184422 0.0249678 0.0321492 0.0398219 0.0476963 0.0552824 0.0619588 0.0671151 0.0702754 0.07118 0.0698359 0.0665104 0.0616543 0.055787 0.0493955 0.0428737 0.0365 0.0304431 0.0247886 0.0195815 0.014871 0.0107374 0.00728235
