SBPRF35
12.7214
Curr Bio
867659
B35
877777
F35
0.171849
FOFL
0.170096
OFL
120983
Bzero
3.63469e+006
#pred survey bio
 3.55851e+006 3.45986e+006 3.36075e+006 3.22303e+006 3.03899e+006 2.8432e+006 2.58918e+006 2.3362e+006 2.08565e+006 1.88915e+006 1.63458e+006 1.4313e+006 1.27544e+006 1.11657e+006 987007 888536 808047 737742 697049 671449 629778 615629 595534 576473 555694 546160 545827 545698 541380 539733 549429 549361 555030 561376 578458 599920 614441 631017 641128 648062 651113 662951 665781 668340 662807 665842 659554 666895 658491 656382 655289 710521 739288 784133 802270 825343 841576 874701 3.06699e+007 1.82751e+007 1.8488e+007 1.92622e+007 2.04055e+007 2.16947e+007 2.29617e+007 2.41063e+007 2.50841e+007 2.58878e+007 2.65309e+007 2.70361e+007 2.74279e+007 2.77294e+007 2.79603e+007 2.81368e+007 2.82717e+007 2.8375e+007 2.84544e+007 2.85155e+007 2.85629e+007 2.85997e+007 2.86285e+007 2.86511e+007 2.86689e+007 2.8683e+007 2.86942e+007 2.87031e+007 2.87102e+007 2.87159e+007 2.87205e+007 2.87242e+007 2.87271e+007 2.87296e+007 2.87315e+007 2.87331e+007 2.87344e+007 2.87355e+007 2.87363e+007 2.8737e+007 2.87376e+007 2.87381e+007 2.87384e+007 2.87388e+007 2.8739e+007 2.87392e+007 2.87394e+007 2.87395e+007 2.87396e+007 2.87397e+007 2.87398e+007 2.87399e+007 2.87399e+007 2.874e+007 2.874e+007 2.874e+007 2.874e+007 2.87401e+007 2.87401e+007 2.87401e+007 2.87401e+007 2.87401e+007 2.87401e+007 2.87401e+007 2.87401e+007 2.87401e+007 2.87401e+007 2.87401e+007 2.87401e+007 2.87401e+007 2.87401e+007 2.87401e+007 2.87401e+007 2.87401e+007 2.87401e+007 2.87401e+007 2.87401e+007 2.87401e+007 2.87401e+007 2.87401e+007 2.87401e+007 2.87401e+007 2.87401e+007 2.87401e+007 2.87401e+007 2.87401e+007 2.87401e+007 2.87401e+007 2.87401e+007 2.87401e+007 2.87401e+007 2.87401e+007 2.87401e+007 2.87401e+007 2.87402e+007 2.87402e+007 2.87402e+007 2.87402e+007 2.87402e+007 2.87402e+007 0 0 0 0 0 0 0 0 0 0 0 0 0 0 0 0 0 0 0 0 0 0 0 0 0
#obs survey bio
 2.52305e+006 4.19913e+006 2.7346e+006 2.78689e+006 3.32763e+006 2.72654e+006 2.32686e+006 2.49418e+006 1.94584e+006 2.51114e+006 1.81432e+006 1.21188e+006 1.13414e+006 1.27237e+006 1.67046e+006 724216 1.05568e+006 832747 554493 681021 899219 542274 821517 764342 645534 516998 557501 1.07556e+006 435838 459423 411032 569556 508141 472988 964428 779564 671565 894026 997839 688168 512281 615430 875122 629913 649024 612326 489725 503696 723276 650918 695993 624904 858537 662151 961663 700831 1.08494e+006 852834
#pred catch bio
 94248.1 99340.9 143659 197885 222908 291664 306752 319676 283952 345499 305135 266736 270632 243915 215636 198535 186892 158650 143846 153917 126481 128352 123841 121778 109773 101082 100289 102769 100137 91916.6 102112 99068.5 100367 92798.4 90230.2 96582.4 95124.2 100539 102478 105233 98351.4 106862 107349 114335 107251 115292 103834 117060 110716 109253 62967.2 87461.3 74548.8 98403 94704.6 101355 87700.4 114867 120983 120976 121049 124902 131765 139737 147547 154504 160328 164993 168609 171345 173376 174861 175935 176705 177252 177639 177911 178102 178236 178329 178393 178438 178470 178491 178506 178516 178523 178528 178532 178534 178536 178537 178537 178538 178538 178539 178539 178539 178539 178539 178539 178539 178539 178539 178539 178539 178539 178539 178539 178539 178539 178539 178539 178539 178539 178539 178539 178539 178539 178539 178539 178539 178539 178539 178539 178539 178539 178539 178539 178539 178539 178539 178539 178539 178539 178539 178539 178539 178539 178539 178539 178539 178539 178539 178539 178539 178539 178539 178539 178539 178539 178539 178539 178539 178539 178539 178539 178539 0 0 0 0 0 0 0 0 0 0 0 0 0 0 0 0 0 0 0 0 0 0 0 0 0
#obs catch bio
 0 99079.7 143714 198555 223370 292866 307638 321879 285270 347452 306441 268039 271606 244198 214282 199450 186808 158983 144185 155205 126398 128288 123170 120980 109160 100869 100419 101862 99406.2 91459.3 102120 99279.6 101446 93925.9 90551.3 96587.1 95115.9 100462 102133 104464 97943.1 106871 106923 114099 107114 115423 103896 117567 110776 109850 62543.1 87795.1 74254.1 98802 94668.5 101865 87536.7 115095
#pred cpue bio
 3.51256e+006 3.4155e+006 3.31621e+006 3.17785e+006 2.99391e+006 2.79834e+006 2.5451e+006 2.29289e+006 2.04332e+006 1.8477e+006 1.59522e+006 1.39367e+006 1.23925e+006 1.08218e+006 954124 856718 777342 708403 668634 643760 603484 590192 570989 552733 532695 523475 523196 523329 519312 517460 526510 526043 531233 537300 554261 575759 590255 606599 616746 623840 626802 638150 640854 643365 637823 640710 634552 641761 633650 631727 630763 685271 714127 758393 776104 798619 814576 847334 2.97205e+007 1.77064e+007 1.77803e+007 1.84259e+007 1.95329e+007 2.08151e+007 2.2081e+007 2.32254e+007 2.42032e+007 2.50069e+007 2.565e+007 2.61552e+007 2.6547e+007 2.68485e+007 2.70794e+007 2.72559e+007 2.73908e+007 2.74941e+007 2.75735e+007 2.76347e+007 2.7682e+007 2.77189e+007 2.77476e+007 2.77702e+007 2.7788e+007 2.78021e+007 2.78133e+007 2.78222e+007 2.78293e+007 2.7835e+007 2.78396e+007 2.78433e+007 2.78463e+007 2.78487e+007 2.78506e+007 2.78522e+007 2.78535e+007 2.78546e+007 2.78554e+007 2.78561e+007 2.78567e+007 2.78572e+007 2.78576e+007 2.78579e+007 2.78581e+007 2.78583e+007 2.78585e+007 2.78586e+007 2.78588e+007 2.78588e+007 2.78589e+007 2.7859e+007 2.7859e+007 2.78591e+007 2.78591e+007 2.78591e+007 2.78592e+007 2.78592e+007 2.78592e+007 2.78592e+007 2.78592e+007 2.78592e+007 2.78592e+007 2.78592e+007 2.78592e+007 2.78592e+007 2.78593e+007 2.78593e+007 2.78593e+007 2.78593e+007 2.78593e+007 2.78593e+007 2.78593e+007 2.78593e+007 2.78593e+007 2.78593e+007 2.78593e+007 2.78593e+007 2.78593e+007 2.78593e+007 2.78593e+007 2.78593e+007 2.78593e+007 2.78593e+007 2.78593e+007 2.78593e+007 2.78593e+007 2.78593e+007 2.78593e+007 2.78593e+007 2.78593e+007 2.78593e+007 2.78593e+007 2.78593e+007 2.78593e+007 2.78593e+007 2.78593e+007 2.78593e+007 2.78593e+007 2.78593e+007 0 0 0 0 0 0 0 0 0 0 0 0 0 0 0 0 0 0 0 0 0 0 0 0 0
#obs cpue bio
 2.64771e+006 4.44063e+006 3.56888e+006 2.3856e+006 2.20313e+006 3.68688e+006 2.7262e+006 1.59451e+006 1.74585e+006 2.03906e+006 1.27155e+006 1.34189e+006 1.68277e+006 1.02339e+006 878855 564914 816993 495864 746083 522646 542946 749511 573662 511664 461815 454014 415694 600282 655560 498289 585282 390704 306225 416781 561067 647565 495729 490577 497901 927083 582367 566448 648175 672456 540406 693256 683571 793302 658062 591284 691838 732552 683877 677027 731086 655578 760775 1.01277e+006
#pred surv len freq
 0.00423512 0.00699916 0.0107628 0.0155785 0.021361 0.0277886 0.0342913 0.040211 0.045058 0.0486686 0.0511652 0.0528011 0.0538259 0.0544279 0.0547292 0.0548016 0.054688 0.0544078 0.0539162 0.053018 0.0512985 0.0481855 0.0432072 0.0363445 0.0282292
 0.00456796 0.0074368 0.0112339 0.015962 0.0215312 0.02768 0.0339408 0.0397455 0.0446277 0.0483699 0.0510034 0.0527113 0.0537326 0.0543003 0.0546022 0.0547564 0.0548042 0.0547121 0.0543523 0.0534569 0.0515889 0.0482218 0.0429773 0.0359293 0.0277554
 0.00468106 0.00768264 0.0117096 0.0167733 0.0227385 0.0292308 0.0356348 0.0412774 0.0457054 0.04884 0.0509001 0.0522015 0.0530069 0.053493 0.0537808 0.0539579 0.0540687 0.0540803 0.0538357 0.0530135 0.0511347 0.0476769 0.0423171 0.0352025 0.0270568
 0.00481046 0.00788348 0.0119999 0.0171779 0.023301 0.030018 0.0367184 0.0426857 0.0473643 0.0505474 0.0523706 0.0531723 0.0533429 0.0532232 0.0530521 0.0529526 0.0529431 0.0529428 0.0527467 0.0519893 0.0501558 0.0467128 0.0413594 0.0342853 0.0262446
 0.00496981 0.00814899 0.0124103 0.017771 0.0241038 0.0310356 0.0379284 0.0440455 0.0488267 0.0520641 0.0538712 0.0545345 0.0543911 0.0537771 0.0530008 0.0523036 0.0518123 0.0514992 0.051152 0.0503614 0.0485645 0.0451988 0.0399597 0.0330478 0.0252216
 0.00512833 0.00841025 0.0128107 0.0183481 0.0248906 0.0320502 0.0391617 0.0454552 0.0503418 0.0536008 0.0553485 0.0558782 0.0555221 0.0545959 0.0533898 0.0521587 0.0510903 0.0502468 0.0494949 0.0484637 0.0465866 0.0432757 0.0381998 0.0315361 0.0240153
 0.00536816 0.00880084 0.0133997 0.0191799 0.0259977 0.0334395 0.0408008 0.0472681 0.0522206 0.0554266 0.0570121 0.0572911 0.0566174 0.0553196 0.0536879 0.0519706 0.0503598 0.0489517 0.0476785 0.0462458 0.0441472 0.0408201 0.035922 0.0295882 0.0224861
 0.00560098 0.00918675 0.0139942 0.0200391 0.0271671 0.0349354 0.0425925 0.0492717 0.0543113 0.057464 0.0588642 0.0588494 0.0578015 0.0560742 0.0539745 0.0517566 0.0496132 0.0476501 0.0458341 0.0439348 0.0415242 0.0381031 0.03335 0.0273665 0.0207406
 0.005827 0.00956241 0.0145752 0.0208835 0.0283248 0.036431 0.0444062 0.0513306 0.0564974 0.0596342 0.060873 0.0605662 0.0591216 0.0569238 0.054308 0.0515481 0.0488472 0.0463197 0.0439546 0.0415696 0.0388096 0.0352501 0.030611 0.024975 0.0188503
 0.00593951 0.00975925 0.0148982 0.0213829 0.0290517 0.0374239 0.0456764 0.0528534 0.0582132 0.0614562 0.0626958 0.0622741 0.0605972 0.0580579 0.0550088 0.0517466 0.0484976 0.0453996 0.0424719 0.0395791 0.0364332 0.0326824 0.0280938 0.0227421 0.0170652
 0.00622784 0.0102267 0.0155992 0.0223668 0.0303532 0.0390476 0.0475812 0.0549473 0.0603661 0.0635257 0.0645519 0.0638137 0.0617465 0.0587674 0.0552448 0.0514834 0.0477144 0.0440847 0.0406349 0.0372726 0.0337747 0.0298627 0.0253545 0.0203209 0.0151313
 0.00647733 0.0106331 0.0162122 0.023233 0.0315073 0.0404981 0.0492959 0.056848 0.0623393 0.0654436 0.0662932 0.0652762 0.0628519 0.0594609 0.0554917 0.0512625 0.047012 0.0428937 0.0389645 0.0351681 0.0313399 0.0272696 0.0228241 0.0180745 0.0133294
 0.00666191 0.0109356 0.0166722 0.0238896 0.0323921 0.0416248 0.0506477 0.0583731 0.0639569 0.0670578 0.0678075 0.0666015 0.0639115 0.0601921 0.0558465 0.0512066 0.0465224 0.0419591 0.0375914 0.0333955 0.0292582 0.0250291 0.0206204 0.0161053 0.0117413
 0.00693283 0.0113745 0.0173295 0.0248092 0.0336012 0.0431184 0.0523737 0.0602299 0.0658096 0.0687679 0.0692587 0.0677136 0.0646405 0.0605224 0.05578 0.0507524 0.0456903 0.0407583 0.0360388 0.0315309 0.0271629 0.0228355 0.0184997 0.0142304 0.0102389
 0.00724118 0.0118606 0.0180326 0.0257559 0.0348009 0.0445566 0.0540036 0.061968 0.0675435 0.0703739 0.0706222 0.0687445 0.0652814 0.0607501 0.0555999 0.0501884 0.0447729 0.0395184 0.0345089 0.029757 0.0252205 0.020839 0.0165937 0.0125594 0.00890685
 0.00739223 0.0121268 0.0184703 0.0264273 0.0357563 0.0458087 0.0555062 0.0636155 0.069196 0.0718937 0.0719012 0.0697118 0.0658969 0.0609953 0.0554732 0.0497027 0.0439538 0.0383999 0.0331325 0.0281764 0.0235104 0.0191013 0.0149504 0.0111288 0.00777228
 0.00747014 0.0122616 0.0186897 0.0267662 0.0362541 0.0465016 0.0564148 0.0647305 0.0704681 0.0732324 0.0731871 0.070821 0.0667271 0.061483 0.0555952 0.0494666 0.0433858 0.0375368 0.0320201 0.0268721 0.0220886 0.017656 0.0135873 0.00994646 0.00683768
 0.00761746 0.0124882 0.0190072 0.0271782 0.0367586 0.0470936 0.0570878 0.0654758 0.0712722 0.0740735 0.0740298 0.0716123 0.0673984 0.0619613 0.0558189 0.0493992 0.0430204 0.036893 0.0311375 0.025807 0.0209134 0.0164574 0.0124585 0.00897074 0.00606951
 0.00766954 0.0125695 0.0191231 0.027331 0.0369469 0.0473124 0.05733 0.0657354 0.0715504 0.0743819 0.074387 0.0720317 0.067873 0.0624537 0.0562646 0.0497216 0.0431514 0.0367908 0.0307948 0.0252513 0.0202016 0.0156675 0.0116764 0.00827386 0.00551054
 0.0075178 0.0123559 0.0188629 0.0270593 0.0367088 0.0471478 0.0572607 0.0657637 0.0716658 0.0745721 0.0746458 0.07236 0.0682727 0.0629179 0.0567669 0.0502126 0.0435656 0.0370622 0.030876 0.0251282 0.0198982 0.0152394 0.0111972 0.00781568 0.00512691
 0.00758643 0.0124466 0.0189626 0.027147 0.0367669 0.0471761 0.0572838 0.0658218 0.0717926 0.0747731 0.074893 0.0726071 0.0684809 0.0630724 0.0568758 0.0502902 0.0436146 0.0370657 0.030805 0.0249579 0.0196243 0.0148856 0.010809 0.00744525 0.00481611
 0.00755924 0.0123928 0.0188632 0.0269778 0.036503 0.0468021 0.056806 0.0652776 0.0712521 0.0743276 0.0746311 0.0725861 0.0687064 0.0634986 0.0574263 0.0508852 0.0441883 0.0375694 0.0312027 0.0252247 0.0197512 0.014885 0.0107143 0.00730185 0.00466735
 0.00755599 0.0123943 0.0188769 0.0270117 0.0365596 0.0468707 0.0568582 0.065273 0.0711539 0.0741224 0.0743429 0.0722742 0.068447 0.0633575 0.0574352 0.0510337 0.044433 0.0378522 0.0314679 0.0254296 0.0198714 0.0149169 0.0106737 0.00721753 0.00457046
 0.00759909 0.0124522 0.0189422 0.0270714 0.0366007 0.0468869 0.0568537 0.0652577 0.0711329 0.0740883 0.074277 0.0721603 0.0682875 0.0631809 0.0572874 0.0509581 0.0444502 0.0379522 0.031616 0.0255819 0.0199903 0.0149818 0.0106837 0.00718708 0.00452061
 0.00772864 0.0126471 0.0192054 0.027393 0.0369577 0.0472461 0.0571751 0.0655014 0.0712686 0.0741032 0.0741776 0.0719657 0.0680207 0.0628656 0.0569514 0.0506353 0.0441757 0.0377511 0.0314934 0.0255219 0.0199651 0.0149645 0.0106579 0.00714981 0.00447803
 0.00779503 0.0127488 0.0193463 0.0275714 0.0371653 0.0474674 0.0573877 0.0656783 0.0713839 0.07414 0.0741331 0.0718513 0.0678564 0.0626728 0.0567484 0.0504371 0.043997 0.037606 0.0313919 0.0254646 0.0199418 0.0149585 0.0106542 0.00714029 0.00446237
 0.00766963 0.0125708 0.0191265 0.0273359 0.0369486 0.0472999 0.0572864 0.0656445 0.0714074 0.0742056 0.0742257 0.0719582 0.0679679 0.0627822 0.0568513 0.0505316 0.0440831 0.0376861 0.0314695 0.0255417 0.0200168 0.0150259 0.0107076 0.00717586 0.00448112
 0.00766002 0.0125313 0.0190247 0.0271326 0.0366143 0.0468374 0.0567457 0.0651154 0.0709891 0.073969 0.0741911 0.072098 0.0682282 0.063106 0.0571934 0.0508623 0.0443864 0.0379549 0.0317025 0.0257401 0.020182 0.0151584 0.0108076 0.0072452 0.00452415
 0.00787518 0.0128419 0.0194176 0.0275657 0.037022 0.0471449 0.0568856 0.0650456 0.0707087 0.0735263 0.0736742 0.0716066 0.0678395 0.0628537 0.0570688 0.0508321 0.0444125 0.0380077 0.0317635 0.0258003 0.0202372 0.0152064 0.0108466 0.00727418 0.00454326
 0.00802962 0.013096 0.0198029 0.0281056 0.0377177 0.0479572 0.0577239 0.0657772 0.0711944 0.0736679 0.0734501 0.071077 0.0671221 0.0620818 0.0563526 0.0502361 0.0439547 0.037674 0.031527 0.0256346 0.0201225 0.015129 0.0107967 0.00724367 0.00452569
 0.00803904 0.0131161 0.0198432 0.0281806 0.0378465 0.0481602 0.0580153 0.0661538 0.0716243 0.0740873 0.0737748 0.0712298 0.067063 0.0618262 0.0559644 0.0498015 0.0435505 0.0373469 0.0312903 0.025478 0.0200259 0.0150726 0.0107653 0.00722717 0.00451752
 0.00809439 0.0132108 0.019994 0.0284053 0.0381588 0.048563 0.0584948 0.0666788 0.0721521 0.0745707 0.0741658 0.0714814 0.0671332 0.0616895 0.0556263 0.049305 0.0429679 0.0367584 0.0307612 0.0250455 0.0196992 0.0148417 0.0106114 0.00713036 0.00446028
 0.00802543 0.0131155 0.0198822 0.0282983 0.0380858 0.0485538 0.0585723 0.0668546 0.0724231 0.0749185 0.0745582 0.0718748 0.0674782 0.0619379 0.05574 0.049267 0.0427894 0.0364787 0.0304358 0.0247287 0.0194295 0.0146362 0.0104691 0.00703995 0.00440725
 0.00785193 0.0128588 0.0195442 0.0278996 0.0376636 0.0481557 0.0582498 0.0666562 0.0723862 0.0750596 0.0748659 0.0723114 0.0679872 0.0624551 0.0562042 0.0496288 0.0430202 0.0365755 0.0304207 0.0246411 0.0193123 0.0145234 0.0103797 0.00697868 0.00437018
 0.00765957 0.0125413 0.0190598 0.0272138 0.0367645 0.0470752 0.0570786 0.065538 0.0714843 0.0745107 0.0747434 0.0726132 0.0686473 0.0633663 0.057243 0.0506769 0.0439804 0.0373829 0.031047 0.025091 0.0196137 0.0147143 0.010496 0.00704803 0.00441083
 0.00760599 0.0124282 0.0188414 0.026831 0.0361595 0.0462148 0.055979 0.0642767 0.0701942 0.0733562 0.0738869 0.0721794 0.0686947 0.0638745 0.0581208 0.0517881 0.0451764 0.0385322 0.0320547 0.0259065 0.0202275 0.0151463 0.0107821 0.00722675 0.00451627
 0.00758454 0.0124 0.018809 0.0267947 0.0361086 0.0461188 0.0557858 0.0639256 0.0696435 0.0726134 0.0730252 0.0713282 0.0680057 0.0634778 0.058087 0.0521109 0.0457804 0.0392992 0.032859 0.0266448 0.0208362 0.0156033 0.011097 0.00742712 0.00463436
 0.00745252 0.0122034 0.0185471 0.0264801 0.0357648 0.045774 0.0554655 0.0636438 0.0693948 0.0723721 0.0727569 0.0710138 0.067665 0.0631755 0.057914 0.0521478 0.0460622 0.0397996 0.0335002 0.027326 0.0214654 0.0161204 0.0114797 0.00768404 0.00479149
 0.00736954 0.0120671 0.0183407 0.0261901 0.0353877 0.0453248 0.0549825 0.0631841 0.0690173 0.072115 0.0726227 0.0709706 0.0676658 0.0631855 0.0579321 0.052209 0.0462181 0.0400879 0.0339199 0.0278335 0.0219916 0.0165972 0.0118622 0.00795788 0.00496738
 0.00746171 0.0121844 0.0184569 0.0262601 0.0353594 0.0451581 0.0546671 0.062746 0.0685125 0.0716144 0.0721928 0.0706573 0.0674834 0.0631185 0.0579496 0.0522853 0.0463472 0.0402816 0.034191 0.0281767 0.0223764 0.0169768 0.0121919 0.00821104 0.00513978
 0.00756678 0.0123556 0.0187127 0.0266109 0.0357965 0.0456421 0.0551229 0.0630757 0.0686272 0.07147 0.0718106 0.0701144 0.0668819 0.0625498 0.0574721 0.051922 0.0460979 0.0401391 0.0341493 0.0282281 0.0225033 0.017149 0.012373 0.00836995 0.00525933
 0.00747206 0.0122271 0.0185671 0.0264808 0.0357232 0.0456618 0.0552517 0.0633005 0.0689035 0.0717307 0.0719843 0.0701499 0.0667683 0.0623206 0.0571898 0.0516526 0.0458903 0.0400173 0.0341167 0.0282752 0.0226122 0.0172953 0.0125291 0.00851084 0.00536931
 0.00746129 0.0122024 0.018518 0.0263974 0.035604 0.0455223 0.0551294 0.0632459 0.0689599 0.0719099 0.0722537 0.0704404 0.0669999 0.062433 0.0571641 0.051514 0.0456928 0.0398202 0.0339656 0.0281929 0.0225995 0.0173373 0.0126026 0.00859239 0.00544109
 0.00749194 0.0122454 0.0185695 0.026448 0.0356397 0.045528 0.0550936 0.0631682 0.0688562 0.0718125 0.0722013 0.07046 0.0670895 0.0625587 0.0572748 0.0515658 0.0456696 0.0397378 0.03386 0.0281015 0.0225467 0.0173288 0.0126288 0.00863646 0.00548697
 0.00751672 0.0122964 0.0186652 0.0266097 0.035883 0.045851 0.0554679 0.0635404 0.0691633 0.0720036 0.0722553 0.0703906 0.0669353 0.0623634 0.0570684 0.0513571 0.0454527 0.0395075 0.033623 0.0278776 0.022359 0.0171928 0.0125464 0.00859755 0.00547605
 0.00747121 0.0122246 0.0185625 0.0264765 0.0357285 0.0456963 0.0553458 0.0634872 0.0692038 0.0721376 0.0724539 0.0706077 0.0671274 0.0625059 0.0571583 0.0514043 0.045468 0.0394966 0.0335893 0.0278274 0.0223039 0.0171458 0.0125161 0.00858509 0.00547662
 0.00750873 0.0122815 0.01864 0.0265727 0.0358375 0.0458098 0.0554544 0.0635833 0.0692853 0.072208 0.0725195 0.0706702 0.067179 0.062531 0.0571417 0.0513398 0.0453611 0.0393607 0.0334396 0.027678 0.0221668 0.0170307 0.0124293 0.00852749 0.00544373
 0.00740128 0.0121211 0.0184256 0.0263128 0.0355489 0.0455132 0.0551722 0.0633385 0.0691004 0.0721035 0.0725103 0.0707626 0.0673668 0.062794 0.0574476 0.0516509 0.0456439 0.0395933 0.0336145 0.0277991 0.0222445 0.0170777 0.0124571 0.00854464 0.00545539
 0.00741033 0.0121325 0.0184371 0.0263209 0.0355513 0.0455109 0.0551699 0.0633427 0.0691146 0.0721248 0.0725305 0.0707737 0.0673671 0.0627894 0.0574474 0.0516605 0.0456606 0.0396085 0.0336187 0.0277874 0.0222188 0.0170444 0.0124239 0.00851744 0.00543657
 0.00741498 0.0121336 0.0184267 0.026288 0.0354844 0.0454035 0.0550252 0.0631752 0.0689479 0.0719852 0.0724399 0.0707432 0.0673952 0.062865 0.0575553 0.0517864 0.0457929 0.0397367 0.033733 0.0278799 0.0222855 0.0170866 0.012447 0.00852809 0.00544073
 0.00739354 0.0121038 0.0183908 0.0262499 0.0354472 0.0453656 0.0549793 0.0631108 0.0688575 0.0718711 0.0723168 0.0706342 0.0673238 0.0628462 0.0575915 0.051869 0.0459063 0.0398638 0.0338586 0.0279918 0.022376 0.0171529 0.0124907 0.00855411 0.0054547
 0.00704964 0.011548 0.0175631 0.0251052 0.0339733 0.0436086 0.053062 0.0612276 0.0672343 0.0707076 0.0717376 0.070671 0.0679252 0.0639035 0.0589668 0.053419 0.0475009 0.0413965 0.0352508 0.0291929 0.0233603 0.0179166 0.0130486 0.00893495 0.00569592
 0.0070979 0.011586 0.0175448 0.0249596 0.0336198 0.0429827 0.0521425 0.0600524 0.0659007 0.0693582 0.0705366 0.0697727 0.0674428 0.0638858 0.0593923 0.0542072 0.0485352 0.0425499 0.0364068 0.0302591 0.0242747 0.0186483 0.0135942 0.0093126 0.00593726
 0.00704449 0.0115056 0.0174332 0.0248103 0.0334163 0.0426914 0.051713 0.0594314 0.0650596 0.0683207 0.0693919 0.0686646 0.0665365 0.063326 0.0592676 0.0545319 0.0492507 0.0435438 0.0375414 0.0314002 0.0253143 0.0195163 0.0142612 0.00978428 0.0062433
 0.00705551 0.0115342 0.0174955 0.0249268 0.0336044 0.0429533 0.0520234 0.059731 0.0652599 0.068323 0.069118 0.0680903 0.0657147 0.0623841 0.0583761 0.0538545 0.0488969 0.0435426 0.0378441 0.0319056 0.0259039 0.0200864 0.0147422 0.010146 0.00648765
 0.00697305 0.0114108 0.0173306 0.0247295 0.0333943 0.0427595 0.0518805 0.0596709 0.0652974 0.0684415 0.0692634 0.0681825 0.0656761 0.0621763 0.0580245 0.0534476 0.0485565 0.0433772 0.0379083 0.032185 0.0263281 0.0205614 0.015184 0.0105014 0.00673977
 0.00690183 0.0112998 0.0171729 0.0245234 0.0331452 0.0424824 0.0516018 0.059427 0.0651281 0.0683774 0.0693131 0.0683237 0.0658568 0.0623286 0.0580913 0.0534097 0.0484465 0.0432682 0.0378808 0.0322892 0.0265633 0.0208812 0.0155219 0.0107995 0.00696613
 0.00674579 0.0110506 0.0168071 0.0240244 0.0325097 0.0417282 0.0507755 0.058604 0.0644007 0.067835 0.0690217 0.0683115 0.0661082 0.0627869 0.0586712 0.0540213 0.0490223 0.0437822 0.0383469 0.0327397 0.0270201 0.0213384 0.0159491 0.0111607 0.00723862
#obs surv len freq
 nan nan nan nan nan nan nan nan nan nan nan nan nan nan nan nan nan nan nan nan nan nan nan nan nan
 0.00448484 0.00734623 0.0111762 0.0159924 0.0216929 0.0279681 0.0342818 0.0400127 0.0446921 0.0481559 0.0505138 0.0520098 0.0529022 0.0534148 0.0537292 0.0539842 0.0542629 0.0545557 0.0546945 0.0542864 0.0527244 0.0493566 0.0438063 0.0362863 0.0276699
 0.00461061 0.00755374 0.0114938 0.0164473 0.0223044 0.0287371 0.0351808 0.040983 0.0456522 0.0490184 0.0512016 0.0524679 0.0531027 0.0533569 0.0534349 0.0534904 0.0536128 0.0537919 0.0538558 0.0534095 0.051848 0.0485234 0.0430608 0.0356662 0.027196
 0.0047776 0.00782396 0.0118983 0.0170147 0.023056 0.029679 0.0362941 0.0422184 0.0469328 0.0502498 0.0522857 0.0533147 0.053642 0.0535462 0.0532638 0.0529792 0.0528053 0.0527464 0.0526378 0.0520884 0.0504978 0.0472234 0.0418895 0.0346882 0.0264471
 0.00497111 0.00814231 0.0123842 0.0177096 0.0239912 0.0308623 0.0376964 0.0437704 0.048536 0.0517957 0.0536715 0.0544502 0.0544505 0.0539669 0.0532564 0.0525301 0.0519318 0.0514962 0.0510851 0.0503297 0.048648 0.0454092 0.0402365 0.0332991 0.0253796
 0.00516945 0.00846926 0.0128849 0.0184296 0.0249685 0.0321136 0.0392028 0.0454704 0.0503324 0.0535719 0.0553096 0.0558434 0.0555089 0.0546188 0.0534487 0.0522291 0.0511279 0.0502109 0.0493778 0.0483019 0.046441 0.043193 0.0381851 0.0315578 0.0240331
 0.00539873 0.00884184 0.0134456 0.0192208 0.0260233 0.0334442 0.0407881 0.0472505 0.0522147 0.0554467 0.0570645 0.0573729 0.0567185 0.0554278 0.0537911 0.0520559 0.05041 0.0489467 0.0476057 0.0461131 0.0439854 0.0406687 0.0358083 0.0295158 0.0224412
 0.00565201 0.00925603 0.0140733 0.0201119 0.0272148 0.0349449 0.0425628 0.0492165 0.0542554 0.0574358 0.0588868 0.0589326 0.0579384 0.0562427 0.0541444 0.0518978 0.0497013 0.0476682 0.045775 0.0438047 0.0413446 0.0379071 0.0331703 0.0272237 0.0206389
 0.00589811 0.00966219 0.0146958 0.0210072 0.028428 0.0364922 0.0444136 0.0512862 0.056418 0.0595484 0.0608144 0.0605637 0.0591895 0.0570554 0.0544771 0.0517171 0.0489775 0.0463811 0.0439308 0.0414614 0.0386348 0.0350399 0.0304008 0.0247938 0.018713
 0.00614042 0.0100589 0.0152983 0.021866 0.0295841 0.0379628 0.0461763 0.0532718 0.0585175 0.0616313 0.0627484 0.0622291 0.0604879 0.0579137 0.0548464 0.0515662 0.0482856 0.0451365 0.0421418 0.0391794 0.0359799 0.0322093 0.0276444 0.0223564 0.0167676
 0.00639279 0.0104711 0.0159222 0.0227508 0.030767 0.0394535 0.0479422 0.0552336 0.0605607 0.0636288 0.0645801 0.0637923 0.0616989 0.0587072 0.0551734 0.0513925 0.0475898 0.0439094 0.0403951 0.0369637 0.0334075 0.0294647 0.0249645 0.0199775 0.0148606
 0.00661305 0.0108356 0.0164826 0.0235591 0.0318645 0.0408549 0.0496181 0.0571052 0.0625122 0.0655303 0.0663107 0.0652522 0.0628131 0.0594222 0.0554524 0.0512095 0.0469265 0.0427572 0.0387637 0.0348995 0.0310135 0.0269098 0.0224661 0.0177544 0.0130735
 0.00685373 0.0112266 0.0170707 0.0243876 0.0329658 0.0422367 0.0512503 0.0589134 0.0643865 0.067345 0.0679443 0.0666029 0.0638053 0.060008 0.055607 0.0509238 0.0461988 0.0415915 0.0371765 0.0329358 0.0287666 0.0245313 0.020151 0.0156989 0.011422
 0.00709202 0.0116192 0.0176705 0.0252455 0.0341186 0.0436889 0.0529572 0.0607779 0.0662759 0.0691199 0.0694835 0.0678157 0.0646324 0.0604175 0.0555885 0.0504826 0.0453492 0.0403535 0.0355789 0.0310285 0.0266374 0.0223147 0.0180171 0.0138178 0.00991712
 0.00728198 0.0119353 0.0181598 0.0259564 0.0350912 0.0449392 0.0544598 0.0624598 0.0680243 0.0708029 0.0709734 0.0690061 0.0654489 0.0608198 0.0555669 0.0500492 0.0445289 0.0391783 0.0340886 0.0292792 0.0247137 0.0203367 0.016131 0.0121665 0.00860229
 0.00742776 0.0121741 0.018523 0.0264759 0.0357941 0.0458404 0.0555522 0.0637077 0.0693651 0.0721541 0.0722425 0.0701002 0.0662846 0.0613322 0.0557167 0.0498233 0.0439376 0.0382491 0.0328637 0.0278178 0.0230982 0.0186758 0.0145507 0.0107867 0.00750638
 0.00753282 0.0123417 0.0187699 0.0268164 0.0362395 0.0463967 0.0562169 0.0644679 0.0701976 0.0730272 0.0731167 0.0709275 0.0670083 0.0618909 0.0560508 0.0498852 0.0436993 0.0377066 0.0320383 0.026757 0.0218758 0.0173897 0.0133116 0.00969748 0.00663817
 0.00760585 0.0124568 0.0189363 0.0270406 0.0365246 0.0467414 0.0566152 0.0649091 0.0706693 0.0735188 0.0736195 0.0714315 0.0674958 0.0623314 0.0564009 0.0500931 0.0437151 0.0374944 0.0315863 0.0260844 0.0210348 0.0164604 0.0123893 0.00887217 0.00597318
 0.00763599 0.012504 0.019004 0.0271312 0.0366395 0.0468811 0.0567793 0.0650968 0.0708801 0.0737532 0.0738795 0.0717186 0.0678079 0.0626575 0.0567174 0.0503627 0.0438909 0.0375286 0.0314439 0.0257555 0.0205427 0.0158603 0.011757 0.0082845 0.00548807
 0.00774109 0.0126594 0.0192092 0.0273754 0.0369045 0.0471467 0.0570271 0.0653126 0.0710548 0.0738841 0.0739708 0.0717813 0.0678562 0.0627048 0.0567697 0.0504138 0.0439201 0.0375037 0.0313302 0.0255292 0.0202032 0.0154353 0.0112972 0.00784782 0.00512169
 0.00776515 0.0127023 0.01928 0.0274829 0.0370533 0.0473312 0.0572291 0.0655041 0.0712081 0.0739828 0.0740161 0.0717889 0.0678484 0.0627011 0.0567816 0.0504424 0.0439547 0.0375229 0.0313063 0.0254368 0.02003 0.0151905 0.0110104 0.00756025 0.00487087
 0.0078303 0.0127988 0.0194082 0.0276379 0.0372272 0.0475168 0.0574208 0.0656957 0.0713887 0.0741356 0.0741215 0.0718324 0.0678279 0.0626287 0.0566792 0.0503322 0.0438507 0.0374266 0.0312069 0.0253175 0.0198771 0.015002 0.0107995 0.00735061 0.0046872
 0.00784552 0.0128245 0.0194481 0.0276951 0.0373026 0.0476071 0.057518 0.0657892 0.07147 0.0742017 0.0741746 0.0718753 0.0678598 0.0626457 0.0566773 0.050312 0.0438169 0.0373841 0.0311561 0.025253 0.0197917 0.0148927 0.0106721 0.00721901 0.00456795
 0.00787469 0.0128672 0.0195036 0.0277603 0.037373 0.0476789 0.0575889 0.065858 0.0715345 0.074258 0.074218 0.0719029 0.0678711 0.0626424 0.0566615 0.0502848 0.0437794 0.0373373 0.031101 0.0251892 0.0197176 0.0148077 0.0105794 0.00712618 0.00448464
 0.00787203 0.0128624 0.0194957 0.0277478 0.0373543 0.047653 0.0575562 0.0658213 0.0714996 0.0742328 0.0742106 0.0719181 0.0679091 0.062698 0.0567265 0.0503503 0.0438375 0.0373824 0.0311295 0.025199 0.0197083 0.0147806 0.0105386 0.00707849 0.00443786
 0.00787207 0.0128555 0.0194726 0.0276963 0.0372634 0.0475186 0.0573859 0.0656345 0.0713225 0.0740907 0.0741221 0.0718927 0.0679468 0.0627911 0.0568613 0.0505094 0.0440029 0.0375381 0.0312635 0.0253039 0.0197809 0.0148222 0.0105539 0.00707505 0.00442424
 0.0078855 0.0128749 0.0194968 0.0277213 0.0372819 0.0475199 0.0573579 0.0655671 0.0712129 0.0739479 0.0739668 0.0717517 0.0678452 0.0627446 0.0568735 0.0505728 0.0441024 0.0376554 0.0313808 0.0254074 0.0198616 0.0148769 0.0105844 0.00708656 0.00442375
 0.00789429 0.0128873 0.0195119 0.027737 0.0372949 0.0475266 0.0573542 0.0655485 0.0711747 0.0738864 0.0738819 0.07165 0.0677404 0.0626554 0.0568173 0.0505603 0.0441343 0.0377227 0.0314685 0.0254989 0.0199433 0.0149403 0.0106268 0.00711031 0.00443386
 0.00788563 0.0128748 0.019496 0.027719 0.0372763 0.0475084 0.0573362 0.0655295 0.0711529 0.07386 0.0738494 0.0716106 0.0676954 0.0626092 0.0567782 0.0505385 0.0441383 0.0377555 0.0315259 0.0255705 0.0200165 0.0150042 0.0106752 0.00714205 0.00445158
 0.00789883 0.012889 0.0195043 0.027711 0.037242 0.0474431 0.0572444 0.0654246 0.0710521 0.0737783 0.0737945 0.0715828 0.0676896 0.0626187 0.0567977 0.0505663 0.0441758 0.0378053 0.0315884 0.0256423 0.0200906 0.0150721 0.0107303 0.00718153 0.00447641
 0.00784864 0.0128155 0.0194084 0.0275979 0.0371185 0.0473142 0.057112 0.0652893 0.070918 0.0736558 0.0737 0.0715326 0.0676935 0.0626759 0.056898 0.0506946 0.0443178 0.0379504 0.0317299 0.0257756 0.020211 0.0151749 0.0108118 0.00724056 0.00451509
 0.00782331 0.0127653 0.019317 0.0274467 0.0368942 0.0470182 0.0567673 0.0649376 0.0706072 0.0734239 0.0735662 0.0714982 0.0677491 0.0628079 0.057091 0.0509309 0.0445778 0.0382148 0.0319823 0.0260038 0.0204073 0.015335 0.0109346 0.00732809 0.00457244
 0.00781362 0.0127493 0.0192918 0.0274075 0.0368331 0.046924 0.0566277 0.0647452 0.070367 0.0731582 0.0733113 0.0712943 0.0676268 0.0627806 0.0571545 0.0510692 0.0447691 0.0384359 0.0322114 0.0262225 0.0206016 0.0154964 0.0110595 0.00741781 0.00463171
 0.00777691 0.0126916 0.0192086 0.0272966 0.0366948 0.0467619 0.0564489 0.0645588 0.0701816 0.0729807 0.0731482 0.0711555 0.067528 0.06274 0.0571863 0.051177 0.0449436 0.0386576 0.0324561 0.0264662 0.0208243 0.0156845 0.0112065 0.00752384 0.0047019
 0.00774008 0.0126299 0.0191126 0.0271573 0.0365065 0.0465263 0.0561788 0.0642775 0.069918 0.0727609 0.0729891 0.071063 0.0675001 0.0627721 0.0572753 0.0513211 0.0451391 0.0388952 0.0327193 0.0267335 0.0210743 0.0158998 0.0113773 0.00764816 0.00478471
 0.00771025 0.0125788 0.0190311 0.0270352 0.0363348 0.0463015 0.0559062 0.0639737 0.069609 0.0724775 0.0727612 0.0709133 0.0674401 0.0628014 0.0573842 0.0514956 0.0453644 0.0391567 0.0330012 0.027018 0.021342 0.0161335 0.0115653 0.00778688 0.00487811
 0.0076849 0.0125395 0.0189752 0.0269606 0.0362397 0.0461833 0.0557623 0.063803 0.0694143 0.0722685 0.0725542 0.07073 0.0673033 0.0627297 0.0573875 0.0515734 0.0455076 0.0393505 0.0332277 0.0272581 0.0215762 0.0163442 0.0117395 0.00791852 0.0049686
 0.00766336 0.0125036 0.0189198 0.0268808 0.0361325 0.0460497 0.0556084 0.0636393 0.0692524 0.0721173 0.0724191 0.0706144 0.0672125 0.0626723 0.0573744 0.0516137 0.0456046 0.0394993 0.0334162 0.0274685 0.0217888 0.0165404 0.0119051 0.008046 0.00505765
 0.00763956 0.0124665 0.0188668 0.0268104 0.0360441 0.0459437 0.0554868 0.0635065 0.0691158 0.0719861 0.0723026 0.0705202 0.0671452 0.0626345 0.0573684 0.0516429 0.0456727 0.0396076 0.0335606 0.0276383 0.0219684 0.0167124 0.0120546 0.00816373 0.0051415
 0.00760598 0.0124147 0.0187941 0.0267164 0.0359309 0.0458158 0.0553511 0.0633718 0.0689913 0.0718794 0.0722188 0.0704619 0.0671136 0.06263 0.057391 0.0516929 0.0457502 0.0397126 0.0336909 0.0277881 0.0221272 0.0168666 0.0121909 0.00827311 0.00522069
 0.00759689 0.0123984 0.0187669 0.0266742 0.0358702 0.0457359 0.0552555 0.0632678 0.0688883 0.0717863 0.0721416 0.0704037 0.0670751 0.062611 0.0573919 0.0517142 0.0457932 0.0397781 0.0337782 0.0278938 0.0222442 0.0169848 0.0122994 0.00836291 0.00528754
 0.0075736 0.0123628 0.0187173 0.0266103 0.0357929 0.0456466 0.0551565 0.0631629 0.0687834 0.0716892 0.072061 0.0703469 0.0670464 0.0626113 0.0574186 0.0517637 0.0458618 0.039863 0.033877 0.028003 0.0223585 0.0170967 0.0124005 0.00844636 0.00534986
 0.00757258 0.0123608 0.0187136 0.026604 0.0357832 0.0456327 0.0551377 0.0631386 0.0687527 0.0716509 0.0720147 0.0702942 0.0669917 0.0625611 0.0573798 0.0517417 0.0458595 0.039881 0.033914 0.0280563 0.0224233 0.0171667 0.0124683 0.0085053 0.00539575
 0.00756285 0.012347 0.0186967 0.026586 0.0357664 0.045619 0.0551274 0.0631307 0.0687449 0.071641 0.0720009 0.0702753 0.0669674 0.062533 0.0573514 0.051718 0.0458458 0.0398813 0.0339303 0.0280879 0.022467 0.0172172 0.0125194 0.00855108 0.00543225
 0.00754588 0.0123207 0.0186597 0.0265383 0.0357099 0.0455576 0.0550673 0.0630791 0.0687085 0.0716233 0.0720011 0.0702889 0.0669886 0.0625561 0.0573731 0.0517375 0.045865 0.0399034 0.0339584 0.0281236 0.0225096 0.0172636 0.012565 0.00859151 0.00546433
 0.00752388 0.0122864 0.0186109 0.0264741 0.0356312 0.0454676 0.054972 0.0629872 0.06863 0.0715676 0.0719745 0.070293 0.0670199 0.0626077 0.0574363 0.0518046 0.0459306 0.0399655 0.0340172 0.0281802 0.0225646 0.0173159 0.0126125 0.00863151 0.00549514
 0.00751167 0.012263 0.0185692 0.0264061 0.0355301 0.0453322 0.0548096 0.0628138 0.0684667 0.0714348 0.0718873 0.070259 0.0670391 0.0626735 0.0575376 0.051928 0.046063 0.0400961 0.0341391 0.0282897 0.0226601 0.017397 0.0126787 0.00868273 0.00553208
 0.0075049 0.0122552 0.0185629 0.0264044 0.0355346 0.04534 0.0548118 0.0627983 0.0684234 0.0713617 0.0717928 0.0701597 0.0669537 0.0626168 0.0575168 0.0519423 0.0461059 0.0401577 0.0342093 0.0283605 0.022726 0.0174548 0.0127267 0.00872031 0.00555945
 0.00750487 0.012253 0.018556 0.0263898 0.0355104 0.0453072 0.0547753 0.0627642 0.068396 0.0713398 0.0717704 0.0701304 0.066916 0.0625763 0.0574841 0.0519279 0.0461154 0.0401906 0.0342597 0.02842 0.0227867 0.0175104 0.0127735 0.00875666 0.00558553
 0.00748222 0.0122201 0.0185138 0.0263411 0.0354592 0.0452564 0.0547262 0.0627174 0.0683529 0.0713035 0.0717449 0.070118 0.0669154 0.0625841 0.0574975 0.0519471 0.0461432 0.0402302 0.0343115 0.0284806 0.0228501 0.0175701 0.0128245 0.00879636 0.00561373
 0.00748222 0.0122201 0.0185138 0.0263411 0.0354592 0.0452564 0.0547262 0.0627174 0.0683529 0.0713035 0.0717449 0.070118 0.0669154 0.0625841 0.0574975 0.0519471 0.0461432 0.0402302 0.0343115 0.0284806 0.0228501 0.0175701 0.0128245 0.00879636 0.00561373
 0.00710821 0.0116226 0.0176371 0.0251489 0.0339511 0.0434896 0.0528313 0.0608909 0.0668171 0.0702493 0.0712841 0.0702662 0.0676053 0.0636929 0.0588791 0.0534589 0.0476652 0.0416725 0.0356143 0.0296081 0.0237841 0.018307 0.0133739 0.00918001 0.00586233
 0.00708464 0.0115436 0.0174427 0.0247576 0.0332793 0.0424843 0.0515017 0.059323 0.0651634 0.0686998 0.0700295 0.0694619 0.0673415 0.0639797 0.0596495 0.0545904 0.0490101 0.0430875 0.0369808 0.0308405 0.0248304 0.0191442 0.0140032 0.00962146 0.00614918
 0.00706425 0.0115186 0.0174167 0.0247302 0.033234 0.0423766 0.0512566 0.0588533 0.0644081 0.0676645 0.0688079 0.068222 0.0662819 0.0632754 0.0594071 0.0548273 0.0496601 0.0440271 0.0380639 0.0319313 0.0258239 0.0199752 0.014645 0.0100793 0.0064497
 0.00707813 0.011544 0.0174605 0.0248008 0.0333392 0.0425178 0.0514205 0.0590029 0.0644784 0.0675717 0.0684761 0.0676211 0.0654588 0.0623566 0.0585665 0.0542308 0.0494129 0.0441471 0.0384877 0.0325448 0.0265018 0.0206128 0.0151754 0.0104759 0.00671799
 0.00696774 0.0113807 0.0172453 0.0245464 0.0330681 0.042258 0.0512011 0.0588488 0.0644027 0.0675661 0.0685037 0.067621 0.0653674 0.0621397 0.0582473 0.0538927 0.0491719 0.044104 0.0386866 0.0329583 0.0270474 0.0211884 0.0156941 0.010886 0.00700632
 0.00694734 0.0113389 0.0171672 0.0244151 0.0328717 0.0419993 0.0509041 0.0585566 0.0641644 0.0674191 0.0684592 0.0676592 0.0654424 0.0621952 0.0582383 0.0538094 0.0490506 0.0440163 0.0387071 0.033128 0.0273546 0.0215765 0.0160894 0.0112276 0.00726246
 0.00684595 0.0111833 0.0169496 0.0241335 0.0325284 0.0416001 0.0504603 0.0580896 0.0637095 0.0670247 0.0681771 0.0675293 0.0654771 0.0623716 0.0585055 0.054108 0.0493386 0.0442852 0.0389794 0.0334363 0.0277149 0.0219733 0.0164819 0.0115706 0.00752631
#pred catch len freq
 0.00321108 0.00521153 0.00786136 0.0112047 0.0152823 0.0200845 0.0254893 0.0312517 0.0370527 0.0425657 0.047505 0.0516635 0.0549398 0.0573401 0.0589491 0.0598918 0.0603054 0.0603074 0.0599298 0.059015 0.0571396 0.0536885 0.0481478 0.0405027 0.0314596
 0.00348037 0.00557192 0.00826331 0.0115611 0.0155013 0.0201158 0.0253552 0.0310357 0.0368508 0.0424313 0.0474249 0.0515784 0.0547941 0.0571273 0.0587266 0.0597587 0.0603528 0.060565 0.060335 0.0594245 0.0573861 0.0536567 0.0478273 0.0399861 0.03089
 0.00359515 0.00579414 0.00865707 0.0121907 0.0163952 0.0212229 0.0265248 0.0320523 0.0375198 0.0426653 0.047271 0.0511687 0.0542622 0.0565547 0.0581472 0.0591973 0.0598521 0.060173 0.0600661 0.0592309 0.0571691 0.0533191 0.0473309 0.0393755 0.0302649
 0.0037374 0.00601449 0.00897392 0.0126283 0.0169949 0.0220479 0.0276418 0.033484 0.0391873 0.0443643 0.0487178 0.0521063 0.0545631 0.0562538 0.0573944 0.058175 0.0587159 0.0590313 0.0589801 0.058215 0.0561989 0.0523563 0.0463621 0.0384343 0.0294213
 0.00389396 0.00626751 0.00935172 0.0131562 0.0176916 0.0229227 0.0286939 0.0347076 0.0405747 0.0458934 0.0503196 0.053634 0.0558007 0.0569806 0.0574723 0.0576032 0.0576174 0.0575908 0.057374 0.0565712 0.0545905 0.0508227 0.0449375 0.0371666 0.0283656
 0.00408149 0.00656629 0.00979126 0.013763 0.0184883 0.023924 0.0298995 0.0360939 0.0420935 0.0474781 0.051895 0.0551187 0.0570973 0.0579636 0.0579953 0.0575384 0.0569094 0.0562882 0.0556164 0.0545415 0.0524668 0.0487535 0.043041 0.0355348 0.0270609
 0.00432326 0.00695069 0.0103546 0.0145358 0.0194932 0.0251711 0.0313781 0.0377656 0.0438905 0.0493097 0.0536581 0.0567094 0.0584197 0.0589306 0.0585218 0.0575373 0.0563052 0.0550491 0.0537875 0.052255 0.0499215 0.0461748 0.0406399 0.0334763 0.0254415
 0.00457028 0.00734775 0.0109448 0.0153589 0.020582 0.0265434 0.0330252 0.0396427 0.0459157 0.0513722 0.0556316 0.0584677 0.0598503 0.0599425 0.0590447 0.0575139 0.0556857 0.0538004 0.0519195 0.0498514 0.0471537 0.0432843 0.0378906 0.0310945 0.0235665
 0.00478059 0.00768949 0.0114603 0.0160919 0.021574 0.0278267 0.0346098 0.0415039 0.0479866 0.0535453 0.0577692 0.0604191 0.0614727 0.0611183 0.0596887 0.0575695 0.0551164 0.0525871 0.0500731 0.04744 0.044328 0.0402778 0.0349829 0.028544 0.0215447
 0.00498623 0.00802096 0.0119552 0.0167868 0.0225024 0.0290132 0.0360613 0.0432004 0.0498773 0.0555491 0.0597792 0.0623097 0.0631111 0.0623778 0.0604617 0.0577741 0.0546979 0.0515185 0.0483627 0.0451502 0.0415981 0.0373306 0.032095 0.025983 0.0194977
 0.00526976 0.00847129 0.0126144 0.0176899 0.0236757 0.0304683 0.0377857 0.0451479 0.0519658 0.0576679 0.0618022 0.0641113 0.0645782 0.0634175 0.0610016 0.0577589 0.0540867 0.0502878 0.0465187 0.0427505 0.0387748 0.0342986 0.0291264 0.0233458 0.0173843
 0.00551113 0.00885661 0.0131823 0.0184748 0.0247056 0.0317597 0.0393339 0.046918 0.0538892 0.0596461 0.0637171 0.0658379 0.0659995 0.0644365 0.061546 0.0577792 0.05355 0.049176 0.0448374 0.0405493 0.0361714 0.0314882 0.0263606 0.0208769 0.0153967
 0.00575523 0.00924276 0.0137444 0.01924 0.0256924 0.032975 0.0407661 0.0485302 0.0556177 0.0614055 0.0654083 0.0673579 0.0672501 0.0653326 0.0620206 0.0577836 0.0530522 0.0481597 0.0433087 0.038553 0.0338116 0.0289386 0.0238466 0.0186269 0.0135802
 0.00603955 0.00969309 0.0144005 0.0201324 0.0268391 0.0343749 0.0423899 0.0503138 0.0574652 0.0632015 0.0670355 0.0687121 0.0682512 0.0659279 0.0621819 0.0574993 0.0523193 0.0469818 0.0417021 0.0365628 0.0315318 0.0265222 0.0214916 0.0165337 0.0118966
 0.00634535 0.0101683 0.015076 0.0210253 0.0279541 0.0357053 0.0439129 0.0519821 0.0592019 0.0649034 0.0685843 0.069992 0.0691678 0.0664205 0.0622263 0.0570999 0.0514966 0.045763 0.0401214 0.0346728 0.0294203 0.0243228 0.0193728 0.0146645 0.0104003
 0.00651909 0.0104595 0.0155302 0.0216898 0.028868 0.0368831 0.0453292 0.0535674 0.060854 0.0665076 0.070031 0.0711863 0.0700327 0.0669007 0.062291 0.0567441 0.0507378 0.0446348 0.03867 0.0329604 0.0275349 0.0223843 0.0175249 0.0130469 0.00911233
 0.00662816 0.0106381 0.0158032 0.0220865 0.0294221 0.0376296 0.0462942 0.0547527 0.0622213 0.0679713 0.071467 0.072457 0.0710171 0.0675164 0.0624993 0.0565423 0.0501474 0.0436934 0.037428 0.0314841 0.0259118 0.0207248 0.0159537 0.0116804 0.00803014
 0.00673134 0.010796 0.016024 0.022374 0.0297804 0.0380678 0.0468283 0.055402 0.0629994 0.0688732 0.0724578 0.0734663 0.0719467 0.0682584 0.0629607 0.056663 0.0499073 0.0431078 0.0365398 0.0303583 0.0246338 0.0193979 0.0146893 0.0105786 0.00715783
