SBPRF35
7.78865
Curr Bio
585199
B35
660789
F35
0.227091
FOFL
0.198892
OFL
87718.1
Bzero
2.22533e+006
#pred survey bio
 3.6347e+006 3.28061e+006 2.94707e+006 2.5946e+006 2.28355e+006 2.00606e+006 1.73959e+006 1.50685e+006 1.33324e+006 1.17057e+006 1.03587e+006 915307 805644 728573 687046 651569 626064 603308 591799 574040 566538 561459 556188 558675 561359 556684 544230 541688 534246 534006 515433 510473 487392 487342 487886 498689 508548 526665 540796 553332 556950 561542 570328 585312 580658 584281 587926 550918 566186 583243 2.03261e+007 1.26392e+007 1.31564e+007 1.38307e+007 1.4553e+007 1.52196e+007 1.57825e+007 1.62314e+007 1.65761e+007 1.68343e+007 1.70247e+007 1.7164e+007 1.72655e+007 1.73395e+007 1.73935e+007 1.74332e+007 1.74625e+007 1.74843e+007 1.75006e+007 1.75128e+007 1.7522e+007 1.7529e+007 1.75343e+007 1.75384e+007 1.75415e+007 1.75438e+007 1.75457e+007 1.75471e+007 1.75481e+007 1.7549e+007 1.75496e+007 1.75501e+007 1.75505e+007 1.75508e+007 1.7551e+007 1.75512e+007 1.75513e+007 1.75514e+007 1.75515e+007 1.75516e+007 1.75516e+007 1.75517e+007 1.75517e+007 1.75517e+007 1.75517e+007 1.75517e+007 1.75518e+007 1.75518e+007 1.75518e+007 1.75518e+007 1.75518e+007 1.75518e+007 1.75518e+007 1.75518e+007 1.75518e+007 1.75518e+007 1.75518e+007 1.75518e+007 1.75518e+007 1.75518e+007 1.75518e+007 1.75518e+007 1.75518e+007 1.75518e+007 1.75518e+007 1.75518e+007 1.75518e+007 1.75518e+007 1.75518e+007 1.75518e+007 1.75518e+007 1.75518e+007 1.75518e+007 1.75518e+007 1.75518e+007 1.75518e+007 1.75518e+007 1.75518e+007 1.75518e+007 1.75518e+007 1.75518e+007 1.75518e+007 1.75518e+007 1.75518e+007 1.75518e+007 1.75518e+007 1.75518e+007 1.75518e+007 1.75518e+007 1.75518e+007 1.75518e+007 1.75518e+007 1.75518e+007 1.75518e+007 1.75518e+007 1.75518e+007 1.75518e+007 1.75518e+007 1.75518e+007 1.75518e+007 0 0 0 0 0 0 0 0 0 0 0 0 0 0 0 0 0 0 0 0 0 0 0 0 0
#obs survey bio
 2.60336e+006 2.83123e+006 3.83684e+006 2.41528e+006 1.83678e+006 1.489e+006 1.27987e+006 1.63064e+006 1.06609e+006 1.16805e+006 897915 869979 789057 539110 555850 650687 735322 409018 535182 523868 604600 509089 395986 482017 519863 416644 614479 419536 561346 393074 447853 706485 377819 511790 442925 469080 452160 747354 492176 671028 494777 605078 486279 624186 681289 566920 559764 485152 818313 674682
#pred catch bio
 227931 246638 302808 300734 300853 315693 303590 262916 260429 239752 229186 218946 187968 154452 145838 133493 127928 116192 119301 108640 105326 104444 97284.8 96240.9 100695 105059 94311.9 95594.3 86514.1 98797.8 83906.2 98251.4 82035 87545.7 83660.7 87552.5 82423 86621.9 88093.2 95144.3 93867.2 90500.2 86003.2 102954 96026.6 96955.3 131689 89845.3 94043.9 113991 87718.1 101977 105201 109554 114597 119310 123207 126201 128389 129931 130988 131697 132165 132470 132667 132792 132872 132923 132954 132974 132987 132995 132999 133002 133004 133005 133006 133007 133007 133007 133007 133007 133007 133007 133007 133007 133007 133007 133007 133007 133007 133007 133007 133007 133007 133007 133007 133007 133007 133007 133007 133007 133007 133007 133007 133007 133007 133007 133007 133007 133007 133007 133007 133007 133007 133007 133007 133007 133007 133007 133007 133007 133007 133007 133007 133007 133007 133007 133007 133007 133007 133007 133007 133007 133007 133007 133007 133007 133007 133007 133007 133007 133007 133007 133007 133007 133007 133007 133007 133007 0 0 0 0 0 0 0 0 0 0 0 0 0 0 0 0 0 0 0 0 0 0 0 0 0
#obs catch bio
 249453 246937 304157 302573 303695 320572 310122 267206 264976 242937 232087 223531 191755 157208 148162 134746 128685 117439 120643 109445 106242 105322 98238.3 97219.1 101310 105796 95107.4 96455.6 86390.9 99489.2 83834.6 98471.8 82071.3 87613.6 83834.9 87941.6 82851.2 86641.7 88055.9 94864.1 93430.9 90341.4 85480.1 102493 95441.8 96114.6 131884 89389.5 93460.8 114160
#pred cpue bio
 3.56782e+006 3.21502e+006 2.88269e+006 2.53162e+006 2.22236e+006 1.94669e+006 1.68261e+006 1.45265e+006 1.2815e+006 1.12152e+006 989101 870707 763530 688744 648890 615166 591083 569363 558392 541498 534472 529757 524777 527310 530339 526300 514536 512561 506113 506552 489124 484823 461867 459922 458805 468643 478158 495918 509946 522366 526097 530595 539101 553631 549078 552454 555734 519224 532836 548289 1.90932e+007 1.18884e+007 1.23572e+007 1.29656e+007 1.36631e+007 1.4324e+007 1.48858e+007 1.53345e+007 1.56792e+007 1.59374e+007 1.61278e+007 1.62671e+007 1.63685e+007 1.64425e+007 1.64966e+007 1.65363e+007 1.65656e+007 1.65874e+007 1.66036e+007 1.66159e+007 1.66251e+007 1.66321e+007 1.66374e+007 1.66414e+007 1.66445e+007 1.66469e+007 1.66487e+007 1.66501e+007 1.66512e+007 1.6652e+007 1.66527e+007 1.66532e+007 1.66535e+007 1.66538e+007 1.66541e+007 1.66542e+007 1.66544e+007 1.66545e+007 1.66546e+007 1.66546e+007 1.66547e+007 1.66547e+007 1.66547e+007 1.66548e+007 1.66548e+007 1.66548e+007 1.66548e+007 1.66548e+007 1.66548e+007 1.66548e+007 1.66548e+007 1.66548e+007 1.66548e+007 1.66548e+007 1.66548e+007 1.66548e+007 1.66548e+007 1.66548e+007 1.66548e+007 1.66548e+007 1.66548e+007 1.66548e+007 1.66548e+007 1.66548e+007 1.66548e+007 1.66548e+007 1.66548e+007 1.66548e+007 1.66548e+007 1.66548e+007 1.66548e+007 1.66548e+007 1.66548e+007 1.66548e+007 1.66548e+007 1.66548e+007 1.66548e+007 1.66548e+007 1.66548e+007 1.66548e+007 1.66548e+007 1.66548e+007 1.66548e+007 1.66548e+007 1.66548e+007 1.66548e+007 1.66548e+007 1.66548e+007 1.66548e+007 1.66548e+007 1.66548e+007 1.66548e+007 1.66548e+007 1.66548e+007 1.66548e+007 1.66548e+007 1.66548e+007 1.66548e+007 1.66548e+007 1.66548e+007 0 0 0 0 0 0 0 0 0 0 0 0 0 0 0 0 0 0 0 0 0 0 0 0 0
#obs cpue bio
 3.30814e+006 3.42388e+006 2.18092e+006 1.80197e+006 1.85192e+006 1.70714e+006 1.29171e+006 1.28576e+006 1.46142e+006 1.14455e+006 1.03339e+006 512432 566320 646409 747697 704362 572677 472366 592773 576646 406281 544873 517922 509022 725215 659806 304845 648404 800248 485970 660694 401762 483916 512641 394708 445723 407383 553904 559642 590033 692149 416968 836255 616792 494332 663793 461045 580597 489218 326176
#pred surv len freq
 0.00522332 0.00840473 0.012512 0.0174922 0.0232264 0.029465 0.035779 0.0416359 0.0465788 0.0503701 0.0530032 0.0546215 0.0554329 0.0556521 0.0554609 0.0549852 0.0542914 0.0533913 0.0522232 0.0506022 0.048183 0.0445258 0.0393093 0.032607 0.0250235
 0.00565118 0.0090343 0.0133432 0.0184987 0.0243853 0.0307905 0.037331 0.0434808 0.0487172 0.0526745 0.0552142 0.0564169 0.0565368 0.0559266 0.0549379 0.0538307 0.0527287 0.0516175 0.0503537 0.0486643 0.0461608 0.0424281 0.0372173 0.0306677 0.0233922
 0.00586589 0.00942233 0.0139952 0.0195128 0.025833 0.0326727 0.0395517 0.045868 0.0510882 0.0548993 0.0572249 0.0581573 0.0579023 0.0567556 0.0550686 0.0531824 0.0513461 0.0496508 0.0479941 0.0460821 0.0434844 0.0397665 0.0346935 0.0284243 0.021558
 0.00618492 0.00991763 0.0147021 0.0204619 0.0270602 0.0342257 0.0414762 0.0481724 0.0537003 0.0576485 0.0598709 0.0604552 0.0596622 0.0578589 0.0554453 0.0527871 0.050165 0.0477302 0.0454564 0.0431114 0.0402947 0.0365763 0.031712 0.025835 0.0194897
 0.00649408 0.0104146 0.0154389 0.0214817 0.0283891 0.0358614 0.0433814 0.0502791 0.0559275 0.059916 0.0620942 0.0625249 0.0614328 0.0591642 0.0561323 0.0527455 0.0493402 0.0461277 0.0431485 0.0402445 0.037084 0.0332824 0.0286026 0.0231389 0.0173537
 0.00674227 0.0108222 0.016061 0.0223742 0.0296005 0.0374176 0.0452666 0.0524247 0.058217 0.0622064 0.064244 0.0644154 0.0629723 0.0602763 0.0567394 0.0527638 0.0486924 0.044769 0.0410951 0.0375945 0.0340241 0.0300713 0.0255276 0.0204551 0.0152271
 0.00696787 0.0111957 0.0166367 0.0232101 0.03075 0.0389152 0.047109 0.0545577 0.0605348 0.0645628 0.0664724 0.0663535 0.0644866 0.0612768 0.0571776 0.0526157 0.0479407 0.0434 0.0391181 0.0350743 0.0311076 0.0269877 0.0225519 0.017844 0.0131534
 0.0072479 0.0116349 0.0172694 0.0240618 0.0318393 0.0402529 0.0486928 0.0563614 0.0624992 0.0665932 0.0684435 0.0681233 0.0659162 0.0622512 0.0576197 0.0524875 0.0472341 0.0421258 0.0373061 0.0327896 0.028475 0.024201 0.0198522 0.0154647 0.0112573
 0.00746944 0.0119876 0.0177862 0.0247685 0.0327503 0.0413656 0.0499818 0.0577783 0.0639817 0.0680768 0.0698674 0.0694266 0.0670297 0.0630956 0.0581126 0.0525567 0.0468294 0.0412261 0.0359237 0.0309788 0.0263432 0.0219133 0.0176133 0.0134754 0.00966166
 0.00778228 0.0124782 0.0184911 0.0257102 0.0339338 0.042774 0.0515682 0.0594619 0.0656536 0.0696188 0.0711744 0.0704241 0.0676802 0.0633911 0.0580594 0.0521593 0.0460843 0.0401269 0.0344762 0.0292192 0.0243541 0.0198285 0.0156014 0.0117025 0.00824643
 0.00807239 0.0129395 0.019166 0.0266305 0.0351144 0.0442028 0.0531956 0.0611965 0.0673725 0.0711882 0.0724729 0.0713599 0.0682008 0.063486 0.0577531 0.051497 0.0451138 0.0388873 0.032999 0.0275432 0.0225442 0.0179861 0.0138556 0.0101816 0.00704091
 0.00821039 0.0131886 0.0195864 0.0272934 0.036085 0.0455136 0.05482 0.0630391 0.0692825 0.0729898 0.0739983 0.0724755 0.0688246 0.0635931 0.0573717 0.0506934 0.0439726 0.0374928 0.0314256 0.025857 0.020815 0.0162977 0.0123049 0.00886004 0.00600913
 0.00837096 0.0134444 0.019964 0.0278199 0.0367906 0.0464303 0.0559719 0.0644241 0.0708518 0.074636 0.0755635 0.073782 0.0697168 0.063974 0.057218 0.0500487 0.0429256 0.0361519 0.0298988 0.0242425 0.0192014 0.014769 0.0109402 0.00772458 0.00513909
 0.00848344 0.0136171 0.0202057 0.0281334 0.0371752 0.0468855 0.0565006 0.0650337 0.0715516 0.0754298 0.0764356 0.0746826 0.0705568 0.0646391 0.0575979 0.05007 0.0425708 0.0354592 0.028946 0.0231268 0.0180234 0.0136229 0.00990708 0.00686412 0.00448165
 0.00845158 0.0135667 0.0201323 0.0280349 0.0370528 0.0467466 0.0563616 0.0649231 0.0715098 0.0755044 0.0766717 0.0751068 0.0711606 0.0653671 0.0583512 0.050727 0.0430201 0.03563 0.0288244 0.0227527 0.0174737 0.0129904 0.00928051 0.00631301 0.00404692
 0.00850364 0.0136362 0.020209 0.0280995 0.0370828 0.0467239 0.0562808 0.064794 0.0713561 0.0753599 0.0765759 0.0751002 0.0712761 0.0656183 0.0587203 0.0511602 0.0434357 0.0359407 0.0289639 0.0226965 0.0172438 0.0126443 0.00889027 0.00594433 0.00374396
 0.00865426 0.01385 0.0204727 0.0283791 0.0373307 0.0468923 0.0563339 0.0647162 0.0711553 0.0750673 0.0762419 0.0747851 0.071038 0.0655004 0.0587413 0.0513085 0.0436694 0.0361952 0.0291692 0.0227985 0.017221 0.0125119 0.00869025 0.00572701 0.00355048
 0.00871062 0.0139531 0.020647 0.0286492 0.0377089 0.0473619 0.0568396 0.0651703 0.0714642 0.0751652 0.0761142 0.0744706 0.0706117 0.0650496 0.0583429 0.051013 0.0434928 0.0361198 0.0291528 0.0227906 0.0171816 0.0124243 0.00856296 0.00558433 0.0034187
 0.00866706 0.0138846 0.0205497 0.0285255 0.0375711 0.0472359 0.0567621 0.0651773 0.0715721 0.0753555 0.0763347 0.0746566 0.070716 0.0650617 0.0582894 0.0509399 0.0434432 0.0361163 0.0291918 0.0228485 0.0172287 0.0124391 0.00854021 0.00553429 0.00335884
 0.00875953 0.0140177 0.0207181 0.0287125 0.0377534 0.0473911 0.0568761 0.0652486 0.0716116 0.0753806 0.0763595 0.0746816 0.0707243 0.0650273 0.058194 0.0507864 0.0432563 0.0359309 0.0290362 0.0227335 0.0171478 0.0123774 0.00848514 0.00548097 0.00330946
 0.0087575 0.0140171 0.0207215 0.0287224 0.0377691 0.0474059 0.0568769 0.0652203 0.0715457 0.0752841 0.0762562 0.0746038 0.070698 0.0650594 0.058269 0.0508757 0.0433338 0.0359837 0.029066 0.0227491 0.0171564 0.0123808 0.00848209 0.00547086 0.00329448
 0.00880801 0.0140841 0.0207946 0.0287836 0.0377984 0.0473904 0.0568166 0.0651272 0.0714364 0.0751722 0.0761501 0.07451 0.0706259 0.065021 0.0582731 0.0509208 0.043407 0.0360659 0.0291408 0.0228077 0.0171974 0.0124065 0.00849548 0.00547482 0.0032921
 0.00879576 0.0140759 0.0208031 0.0288246 0.0378839 0.0475184 0.056965 0.0652592 0.0715148 0.0751762 0.0760825 0.0743927 0.0704878 0.0648881 0.0581639 0.0508458 0.0433685 0.0360587 0.029154 0.0228294 0.0172182 0.0124217 0.00850379 0.00547736 0.00329083
 0.00860476 0.013793 0.0204296 0.0283824 0.0374126 0.0470674 0.0565854 0.0649945 0.0713913 0.0751951 0.0762205 0.0746122 0.0707522 0.0651716 0.0584527 0.0511332 0.0436487 0.0363245 0.0293964 0.0230392 0.0173888 0.0125507 0.00859391 0.00553496 0.00332418
 0.0085491 0.0136843 0.0202338 0.0280609 0.0369365 0.0464386 0.0558528 0.0642514 0.0707517 0.0747586 0.076043 0.0746958 0.0710538 0.065623 0.0589826 0.0516824 0.0441766 0.0368065 0.0298186 0.0233941 0.0176733 0.0127662 0.0087466 0.0056352 0.00338461
 0.00852426 0.0136532 0.0202022 0.0280343 0.0369124 0.0463971 0.0557557 0.0640561 0.0704365 0.0743452 0.0755996 0.0743146 0.0708146 0.0655653 0.0590975 0.0519265 0.0444936 0.0371453 0.0301422 0.0236799 0.0179098 0.0129499 0.00887981 0.00572469 0.00343981
 0.00840339 0.0134876 0.0200102 0.0278536 0.0367895 0.0463713 0.0558416 0.0642344 0.0706561 0.0745364 0.0756979 0.0742864 0.0706732 0.0653651 0.0589094 0.0518069 0.0444661 0.0372012 0.0302534 0.0238146 0.0180423 0.0130641 0.00896835 0.00578708 0.00347977
 0.00822745 0.0132047 0.0195928 0.0272848 0.0360749 0.0455519 0.0550021 0.0634925 0.0701304 0.0743056 0.0757728 0.0746112 0.0711542 0.0659088 0.0594517 0.0523214 0.044952 0.0376637 0.0306902 0.0242128 0.0183853 0.0133396 0.00917335 0.00592767 0.00356823
 0.00823639 0.0131982 0.0195437 0.0271531 0.0358161 0.0451329 0.0544181 0.0627795 0.0693669 0.0736003 0.07524 0.0743376 0.0711709 0.0661841 0.0599082 0.0528686 0.0455158 0.0381992 0.031176 0.0246395 0.0187465 0.0136302 0.00939221 0.00608017 0.00366569
 0.00804268 0.0129175 0.0191832 0.0267369 0.0353732 0.0446793 0.0539478 0.062272 0.0688092 0.0730111 0.0746804 0.0739002 0.0709505 0.0662428 0.0602519 0.0534455 0.0462368 0.0389673 0.0319118 0.0252915 0.0192888 0.0140556 0.00970581 0.00629572 0.00380256
 0.00811881 0.0130156 0.0192847 0.0268127 0.0353954 0.0446379 0.053858 0.0621638 0.0687038 0.0729004 0.0745292 0.0736729 0.0706444 0.0659027 0.059955 0.0532662 0.0462144 0.0390944 0.0321454 0.0255747 0.0195714 0.0143032 0.00990186 0.00643726 0.00389584
 0.00879571 0.0139614 0.0204211 0.0279674 0.0363476 0.0451939 0.0539169 0.0617413 0.0679121 0.0719031 0.0734918 0.0727227 0.0698503 0.0652809 0.0594941 0.0529533 0.0460448 0.0390635 0.0322353 0.0257502 0.019787 0.0145169 0.0100842 0.00657512 0.00398923
 0.00967951 0.0153434 0.0223889 0.0305391 0.0394383 0.0485826 0.0572355 0.0645238 0.0697157 0.0724549 0.0727769 0.0709658 0.0674117 0.0625335 0.056739 0.050393 0.0437954 0.0371811 0.0307351 0.0246163 0.0189783 0.0139746 0.00974331 0.00637475 0.00387955
 0.00964412 0.0153792 0.0226158 0.0311278 0.0405672 0.0503653 0.0596472 0.0673641 0.072627 0.0749956 0.0745296 0.0716506 0.0669639 0.0611117 0.0546566 0.0480097 0.0414223 0.0350325 0.0289263 0.0231858 0.0179125 0.0132278 0.0092532 0.00607487 0.00370929
 0.00942348 0.015058 0.0222089 0.0306911 0.0402059 0.050233 0.059927 0.0682214 0.0741365 0.0770695 0.0768944 0.0739013 0.068683 0.0620001 0.0546198 0.0471633 0.0400264 0.0333924 0.0273071 0.0217659 0.0167783 0.0123928 0.00868411 0.00571593 0.00350037
 0.00923433 0.0147528 0.021756 0.0300689 0.0394161 0.0493191 0.0589926 0.067433 0.0736991 0.0771731 0.0776446 0.0752599 0.0704484 0.0638489 0.0562025 0.0482169 0.0404502 0.0332547 0.026789 0.0210789 0.0160971 0.0118233 0.00826527 0.00543973 0.0033357
 0.00904604 0.0144709 0.0213756 0.0295984 0.0388711 0.0487147 0.0583437 0.0667654 0.0730672 0.0766717 0.0774007 0.0753979 0.0710366 0.064851 0.0574641 0.0495031 0.0415236 0.0339571 0.0270847 0.0210432 0.0158632 0.0115233 0.00799094 0.00523354 0.0032021
 0.00891513 0.0142482 0.0210239 0.0290812 0.0381659 0.0478311 0.057336 0.0657296 0.0721182 0.0759156 0.0769186 0.0752467 0.0712543 0.0654497 0.0584081 0.0506899 0.0427904 0.0351209 0.0280001 0.021646 0.0161763 0.0116268 0.00797879 0.00517973 0.00314887
 0.00880601 0.0140841 0.0208 0.0287973 0.0378205 0.0474157 0.056836 0.065136 0.0714458 0.0752154 0.0762751 0.0747581 0.0710068 0.0654981 0.0587663 0.0513262 0.0436266 0.0360404 0.0288724 0.0223627 0.0166824 0.0119275 0.00812204 0.00522708 0.00315155
 0.00873339 0.0139654 0.0206207 0.0285454 0.0374907 0.0470142 0.056383 0.0646614 0.0709795 0.0747786 0.0758817 0.0744261 0.0707683 0.0653991 0.0588522 0.0516223 0.044121 0.0366795 0.0295701 0.0230234 0.0172288 0.0123213 0.0083675 0.00535751 0.00320904
 0.00878412 0.0140369 0.0207073 0.0286334 0.0375598 0.0470414 0.0563478 0.0645504 0.0707895 0.0745186 0.0755703 0.0740876 0.0704303 0.0650933 0.0586164 0.0514965 0.0441361 0.0368418 0.0298528 0.0233715 0.0175764 0.0126144 0.00857873 0.00548766 0.00327701
 0.00877823 0.0140334 0.0207129 0.0286563 0.0376059 0.0471082 0.0564209 0.0646045 0.0707966 0.0744579 0.0754362 0.0738907 0.0701937 0.0648466 0.0583911 0.0513233 0.0440425 0.0368458 0.0299555 0.0235519 0.017796 0.0128298 0.00875652 0.00561302 0.00335285
 0.0087896 0.0140405 0.0207033 0.0286132 0.037515 0.0469666 0.056243 0.064419 0.0706346 0.0743394 0.0753631 0.0738503 0.0701691 0.0648265 0.0583745 0.051319 0.0440646 0.0369087 0.0300669 0.0237079 0.0179795 0.0130152 0.00891883 0.00573661 0.00343482
 0.00868827 0.013892 0.0205089 0.028383 0.0372617 0.0466998 0.0559658 0.0641338 0.0703523 0.0740858 0.0751745 0.0737605 0.0701938 0.0649568 0.0585828 0.0515718 0.044335 0.0371812 0.0303351 0.0239683 0.0182255 0.013236 0.00910252 0.00587562 0.00352923
 0.00878347 0.0140344 0.0207007 0.0286186 0.0375309 0.0469898 0.0562618 0.064415 0.0705882 0.0742378 0.0752068 0.073655 0.0699612 0.0646347 0.0582221 0.0512201 0.0440257 0.0369323 0.0301534 0.0238526 0.0181686 0.0132247 0.00911977 0.00590471 0.00355768
 0.0088604 0.014146 0.0208436 0.0287805 0.0376936 0.0471347 0.0563751 0.0644904 0.0706272 0.0742467 0.0751919 0.073617 0.0698944 0.0645322 0.0580835 0.0510563 0.0438566 0.0367794 0.0300329 0.0237723 0.0181279 0.0132163 0.00913278 0.00592746 0.00358085
 0.00897177 0.0143146 0.0210735 0.0290657 0.0380177 0.0474721 0.0566931 0.0647528 0.070802 0.0743152 0.0751537 0.0734887 0.0697013 0.0642984 0.0578275 0.0507912 0.0435941 0.0365331 0.0298173 0.0235992 0.0180025 0.0131364 0.00908996 0.00591012 0.00357781
 0.00957843 0.0152397 0.0223502 0.0306803 0.0399093 0.0495372 0.058786 0.0666906 0.0723844 0.0753608 0.0755409 0.0731827 0.0687597 0.0628554 0.0560611 0.0488866 0.0417129 0.034797 0.0283052 0.0223515 0.0170285 0.0124199 0.00859646 0.00559411 0.00339102
 0.00959275 0.015279 0.0224389 0.0308502 0.0401919 0.0499503 0.0593233 0.0673194 0.073053 0.0760097 0.0761092 0.0736112 0.0689947 0.0628591 0.0558246 0.0484373 0.041111 0.03412 0.0276296 0.0217389 0.0165177 0.0120268 0.00831732 0.00541186 0.00328213
 0.00920444 0.0147352 0.0217833 0.0301812 0.0396385 0.0496315 0.0593121 0.0676282 0.0736394 0.0767928 0.0769881 0.0744817 0.0697638 0.0634552 0.0562035 0.0485851 0.0410446 0.0338842 0.0272876 0.021358 0.0161555 0.0117218 0.00808637 0.0052537 0.00318407
#obs surv len freq
 0.00497345 0.00814538 0.0123876 0.017713 0.0239948 0.0308677 0.0377063 0.0437881 0.0485629 0.0518301 0.0537081 0.0544826 0.0544734 0.0539776 0.0532553 0.0525194 0.0519142 0.0514739 0.0510599 0.050303 0.0486211 0.0453836 0.0402136 0.0332801 0.025365
 0.00518401 0.00849144 0.0129154 0.018468 0.025013 0.0321614 0.0392505 0.0455148 0.0503712 0.0536045 0.0553365 0.0558648 0.0555238 0.0546247 0.0534426 0.0522097 0.0510958 0.0501683 0.0493278 0.0482477 0.0463858 0.0431399 0.0381375 0.0315181 0.0240027
 0.0054032 0.00885138 0.013464 0.0192529 0.0260728 0.0335122 0.0408708 0.0473396 0.0522996 0.0555178 0.0571161 0.0574037 0.0567306 0.0554241 0.0537739 0.0520259 0.0503672 0.0488916 0.0475401 0.0460401 0.0439093 0.0405946 0.0357411 0.0294596 0.022398
 0.00565184 0.00925622 0.0140746 0.020116 0.0272243 0.0349634 0.0425946 0.0492646 0.0543199 0.0575122 0.0589663 0.0590046 0.0579938 0.0562765 0.0541558 0.0518886 0.0496742 0.0476258 0.0457198 0.0437395 0.0412738 0.0378359 0.0331043 0.0271677 0.0205957
 0.00589082 0.00965064 0.0146791 0.0209848 0.0284004 0.0364613 0.044383 0.0512619 0.0564069 0.0595568 0.0608454 0.0606157 0.0592557 0.0571255 0.0545405 0.0517659 0.0490074 0.0463915 0.0439234 0.0414395 0.0386026 0.0350023 0.0303629 0.02476 0.0186861
 0.00612719 0.010037 0.0152648 0.021818 0.02952 0.0378834 0.0460859 0.0531788 0.0584327 0.0615662 0.0627125 0.0622284 0.0605234 0.0579807 0.0549352 0.0516642 0.0483804 0.0452187 0.0422064 0.0392253 0.0360091 0.0322254 0.0276515 0.0223581 0.0167668
 0.00638122 0.010451 0.0158895 0.0227011 0.0306962 0.0393602 0.0478289 0.0551075 0.060433 0.0635126 0.0644884 0.0637358 0.0616847 0.0587372 0.0552439 0.0514946 0.0477104 0.044035 0.0405135 0.0370669 0.0334918 0.0295299 0.0250125 0.0200111 0.014883
 0.00661507 0.0108369 0.0164809 0.0235505 0.0318445 0.0408189 0.049563 0.0570304 0.0624202 0.0654274 0.0662063 0.0651582 0.0627415 0.059383 0.0554516 0.0512474 0.0469975 0.0428508 0.0388675 0.0350013 0.0311041 0.0269842 0.0225231 0.0177951 0.0131006
 0.00683699 0.011202 0.0170384 0.0243492 0.0329232 0.0421913 0.0512016 0.0588599 0.0643265 0.0672782 0.0678731 0.0665325 0.0637435 0.0599638 0.0555887 0.0509371 0.0462451 0.0416669 0.0372722 0.0330404 0.0288688 0.0246219 0.0202246 0.0157541 0.01146
 0.00708445 0.0116038 0.0176421 0.0251979 0.0340471 0.0435938 0.0528454 0.0606622 0.0661708 0.0690359 0.0694245 0.0677797 0.0646153 0.0604161 0.055603 0.0505155 0.0454035 0.04043 0.0356745 0.0311361 0.0267472 0.0224168 0.0181039 0.0138853 0.00996505
 0.00724075 0.0118707 0.0180671 0.0258329 0.0349362 0.0447552 0.0542542 0.0622454 0.0678195 0.0706291 0.07085 0.0689458 0.0654544 0.0608839 0.0556766 0.05019 0.0446895 0.0393507 0.034267 0.0294576 0.0248846 0.0204915 0.0162621 0.0122692 0.00867623
 0.00746053 0.0122191 0.0185753 0.0265255 0.0358286 0.0458484 0.0555272 0.0636484 0.0692751 0.0720403 0.0721146 0.069971 0.0661685 0.061243 0.0556634 0.0498087 0.0439586 0.0382991 0.032935 0.0279027 0.0231887 0.0187641 0.0146296 0.0108508 0.00755367
 0.00754111 0.0123617 0.0188112 0.0268901 0.0363529 0.0465464 0.0563845 0.0646222 0.070305 0.0730637 0.0730756 0.0708193 0.0668551 0.0617184 0.055883 0.0497408 0.0435897 0.0376356 0.0320037 0.0267523 0.0218926 0.0174188 0.0133448 0.0097284 0.00666291
 0.00762974 0.0124942 0.0189904 0.0271142 0.036621 0.0468641 0.0567659 0.0650839 0.0708546 0.0736897 0.0737452 0.0714843 0.0674622 0.0622166 0.0562268 0.0498901 0.0435133 0.0373163 0.0314448 0.025983 0.0209699 0.0164244 0.0123733 0.00886785 0.00597439
 0.00769178 0.0125937 0.0191367 0.0273136 0.0368731 0.0471593 0.0570851 0.065404 0.0711587 0.0739765 0.0740278 0.0717794 0.0677743 0.0625295 0.0565045 0.0500861 0.0435806 0.0372175 0.03116 0.0255172 0.0203573 0.015726 0.0116661 0.00822707 0.00545417
 0.00774662 0.0126767 0.0192505 0.027457 0.0370424 0.0473496 0.0572905 0.0656167 0.0713684 0.0741721 0.0742021 0.0719331 0.0679161 0.0626697 0.0566451 0.0502128 0.0436629 0.0372169 0.0310425 0.0252661 0.0199825 0.0152648 0.0111753 0.00776729 0.00507242
 0.00777481 0.0127187 0.0193066 0.0275247 0.0371172 0.0474262 0.0573644 0.0656853 0.0714323 0.0742352 0.0742703 0.0720118 0.0680087 0.0627768 0.0567641 0.050336 0.0437742 0.037291 0.0310499 0.025183 0.019802 0.0150034 0.0108699 0.00746349 0.00480982
 0.00783812 0.0128116 0.0194277 0.0276658 0.0372653 0.0475668 0.0574844 0.0657751 0.0714867 0.0742545 0.0742607 0.0719846 0.0679773 0.0627532 0.0567559 0.0503444 0.0437929 0.0373058 0.0310406 0.0251292 0.0196909 0.0148376 0.0106686 0.00725636 0.00462569
 0.00786081 0.0128475 0.0194795 0.0277343 0.0373481 0.0476571 0.0575708 0.0658434 0.0715249 0.0742579 0.0742338 0.0719399 0.06793 0.0627169 0.0567392 0.0503499 0.0438167 0.0373377 0.0310654 0.0251299 0.0196544 0.0147602 0.0105591 0.00713315 0.00450949
 0.00787128 0.0128607 0.0194923 0.0277421 0.0373463 0.0476439 0.0575485 0.0658178 0.0715022 0.0742413 0.0742236 0.0719344 0.0679289 0.0627228 0.0567563 0.0503815 0.0438628 0.037393 0.0311199 0.0251705 0.0196693 0.0147435 0.0105138 0.00707008 0.00444316
 0.00788516 0.012882 0.0195218 0.0277789 0.0373876 0.0476843 0.0575807 0.0658345 0.0714987 0.0742183 0.0741867 0.0718922 0.0678893 0.062691 0.0567353 0.050373 0.0438674 0.0374093 0.0311429 0.0251924 0.019681 0.0147386 0.0104911 0.00703457 0.00440328
 0.00789605 0.0128953 0.0195339 0.027784 0.0373796 0.0476597 0.0575408 0.0657846 0.0714464 0.0741702 0.0741473 0.0718639 0.067874 0.0626899 0.0567488 0.0504003 0.0439061 0.0374559 0.0311926 0.0252392 0.0197183 0.0147612 0.0104974 0.00702702 0.00438759
 0.00789938 0.0128973 0.0195305 0.0277691 0.0373464 0.0476029 0.057459 0.0656823 0.0713338 0.0740612 0.074057 0.0718045 0.067852 0.0627055 0.0567967 0.0504724 0.0439937 0.0375505 0.0312866 0.0253254 0.0197907 0.0148154 0.0105319 0.00704401 0.00439182
 0.00789971 0.0128953 0.0195224 0.0277498 0.03731 0.0475447 0.0573773 0.0655795 0.0712166 0.0739403 0.0739454 0.0717161 0.0677986 0.0626943 0.0568285 0.0505418 0.0440905 0.0376629 0.0314028 0.025435 0.0198856 0.0148905 0.0105854 0.0070774 0.00440937
 0.00787213 0.0128514 0.0194584 0.0276627 0.0371986 0.0474105 0.0572255 0.0654194 0.0710604 0.0738016 0.0738363 0.0716465 0.0677749 0.0627192 0.0569008 0.0506556 0.044236 0.0378271 0.0315715 0.0255948 0.0200257 0.0150038 0.0106695 0.0071341 0.00444364
 0.00787278 0.0128497 0.0194505 0.0276435 0.0371624 0.0473535 0.057147 0.065323 0.0709526 0.0736906 0.073731 0.0715555 0.0677066 0.062681 0.056898 0.0506902 0.0443059 0.0379255 0.0316878 0.0257165 0.0201407 0.0151025 0.0107465 0.00718843 0.00447815
 0.00786344 0.0128331 0.019423 0.0276005 0.0370999 0.0472689 0.0570416 0.0652019 0.070825 0.0735675 0.0736239 0.071474 0.0676573 0.0626672 0.0569202 0.0507468 0.0443931 0.0380373 0.0318157 0.0258498 0.0202678 0.0152137 0.0108352 0.00725282 0.00452042
 0.00782892 0.0127779 0.0193419 0.0274896 0.0369576 0.0470979 0.05685 0.0650035 0.0706373 0.0734083 0.0735074 0.0714092 0.0676478 0.062711 0.0570113 0.0508765 0.0445514 0.0382138 0.0319996 0.02603 0.0204338 0.0153561 0.0109483 0.00733533 0.00457524
 0.0077901 0.0127138 0.0192437 0.0273492 0.03677 0.0468647 0.0565828 0.0647239 0.0703729 0.0731865 0.0733497 0.0713281 0.0676464 0.0627849 0.0571498 0.0510653 0.0447745 0.0384549 0.0322434 0.0262625 0.020643 0.0155329 0.0110876 0.00743667 0.0046428
 0.00777988 0.0126929 0.0192043 0.0272812 0.0366632 0.0467124 0.0563856 0.0644916 0.0701239 0.0729444 0.0731395 0.0711724 0.0675611 0.0627773 0.0572182 0.0511999 0.0449601 0.0386733 0.0324758 0.0264913 0.020853 0.0157128 0.0112307 0.00754171 0.00471346
 0.0077295 0.0126123 0.0190854 0.0271175 0.0364512 0.0464536 0.0560888 0.0641743 0.0698102 0.0726615 0.0729133 0.0710237 0.0675038 0.0628163 0.0573493 0.0514105 0.0452311 0.0389816 0.0327971 0.0268027 0.0211348 0.0159511 0.0114181 0.00767805 0.00480456
 0.00932519 0.0148452 0.0217786 0.0298833 0.038804 0.0479892 0.0566267 0.0637842 0.0687297 0.0711748 0.0712631 0.0693794 0.0659692 0.0614494 0.0561791 0.0504464 0.0444678 0.0384031 0.0323795 0.0265176 0.0209528 0.0158438 0.0113612 0.0076518 0.00479486
 0.0093114 0.0151166 0.0227047 0.0319218 0.0423008 0.0529094 0.0623831 0.0693336 0.072943 0.0732825 0.071109 0.0673618 0.0627669 0.0577323 0.0524427 0.0469849 0.0414223 0.0358223 0.0302628 0.0248388 0.0196703 0.0149063 0.0107104 0.00722667 0.0045358
 0.00897809 0.0145932 0.0219731 0.0310343 0.0414325 0.0523933 0.0626693 0.0708274 0.0757593 0.0770649 0.0750749 0.0705988 0.0646123 0.0580032 0.051404 0.0451343 0.0392577 0.0337069 0.028401 0.0233129 0.0184889 0.0140391 0.0101086 0.00683437 0.00429746
 0.00878919 0.0142804 0.0214926 0.0303451 0.0405133 0.0512727 0.0614655 0.0697749 0.0751901 0.0773163 0.0763364 0.0727685 0.0672657 0.0605302 0.0532556 0.0460318 0.0392477 0.0330605 0.027451 0.0223295 0.0176333 0.0133753 0.0096377 0.00652598 0.00411079
 0.00872209 0.0141613 0.0212942 0.0300341 0.0400563 0.0506467 0.0606733 0.0688605 0.0742528 0.0765177 0.0758866 0.0728727 0.0680351 0.0618949 0.0549452 0.0476619 0.0404748 0.0337129 0.0275616 0.0220696 0.0172074 0.0129426 0.00928441 0.0062768 0.00395438
 0.00869498 0.0141153 0.0212206 0.0299215 0.0398898 0.0504092 0.0603475 0.0684349 0.0737305 0.0759286 0.0752991 0.0723987 0.0678126 0.0620437 0.0555055 0.0485495 0.0414925 0.0346247 0.028191 0.022361 0.0172201 0.0127936 0.00908598 0.00610064 0.00382841
 0.00870247 0.0141244 0.0212283 0.0299223 0.0398761 0.0503715 0.0602751 0.0683158 0.0735521 0.0756814 0.0749844 0.0720392 0.0674613 0.0617823 0.0554231 0.0487038 0.0418727 0.0351415 0.0287092 0.0227592 0.0174392 0.0128477 0.00903463 0.00600951 0.00374272
 0.0086822 0.0140952 0.0211914 0.0298807 0.0398334 0.0503297 0.0602331 0.0682687 0.0734924 0.0756002 0.0748735 0.0718942 0.067288 0.0616027 0.0552782 0.0486451 0.0419403 0.0353396 0.0289956 0.0230597 0.0176822 0.0129945 0.00908862 0.00600169 0.00370898
 0.0086652 0.0140695 0.0211564 0.0298377 0.0397853 0.0502811 0.0601895 0.0682349 0.0734703 0.0755867 0.0748602 0.0718696 0.067242 0.0615326 0.0551935 0.0485692 0.0419044 0.0353697 0.0290966 0.0232099 0.0178413 0.0131238 0.00916783 0.00603325 0.00370941
 0.0086546 0.0140497 0.021122 0.0297826 0.0397053 0.0501767 0.0600684 0.0681119 0.0733633 0.0755109 0.0748232 0.0718693 0.0672679 0.0615701 0.0552304 0.0486011 0.0419373 0.0354169 0.0291701 0.0233107 0.0179566 0.0132324 0.00925142 0.00608457 0.0037328
 0.00867047 0.0140729 0.0211519 0.0298162 0.0397371 0.0501992 0.0600733 0.0680921 0.0733163 0.0754409 0.0747409 0.0717888 0.0672013 0.0615235 0.0552028 0.0485876 0.041934 0.035424 0.0291915 0.0233494 0.01801 0.0132916 0.00930482 0.00612379 0.00375582
 0.00863053 0.0140181 0.0210881 0.0297548 0.0396913 0.0501785 0.0600789 0.0681164 0.0733462 0.0754632 0.0747475 0.0717786 0.0671798 0.0614997 0.0551854 0.0485816 0.0419405 0.0354417 0.029219 0.0233856 0.0180531 0.0133374 0.0093474 0.00615779 0.00377877
 0.00863922 0.0140251 0.021086 0.0297339 0.0396444 0.0501065 0.0599942 0.0680402 0.0732991 0.0754555 0.0747741 0.0718235 0.0672246 0.0615322 0.0552026 0.0485881 0.0419437 0.0354478 0.0292316 0.0234057 0.0180794 0.013367 0.00937637 0.00618244 0.00379684
 0.00862913 0.0140119 0.0210717 0.0297211 0.0396341 0.050096 0.0599766 0.0680076 0.0732488 0.0753944 0.0747172 0.0717868 0.0672167 0.0615507 0.0552371 0.048627 0.0419795 0.0354789 0.0292596 0.0234331 0.0181074 0.0133949 0.0094023 0.0062042 0.00381308
 0.00863413 0.0140173 0.0210748 0.0297184 0.0396227 0.0500754 0.0599498 0.0679793 0.0732227 0.0753708 0.074694 0.0717629 0.0671949 0.0615368 0.055236 0.0486394 0.0420019 0.0355057 0.0292867 0.0234587 0.0181313 0.0134171 0.0094223 0.00622096 0.00382581
 0.00863413 0.0140173 0.0210748 0.0297184 0.0396227 0.0500754 0.0599498 0.0679793 0.0732227 0.0753708 0.074694 0.0717629 0.0671949 0.0615368 0.055236 0.0486394 0.0420019 0.0355057 0.0292867 0.0234587 0.0181313 0.0134171 0.0094223 0.00622096 0.00382581
 0.00893213 0.0144893 0.0217594 0.0306362 0.0407641 0.0513864 0.0613222 0.0692594 0.0742436 0.0759977 0.074859 0.0714745 0.0665242 0.0605921 0.0541375 0.0474983 0.0409068 0.0345173 0.028439 0.0227646 0.0175891 0.013015 0.00914099 0.00603694 0.00371414
 0.00877428 0.0142738 0.0215123 0.0304104 0.0406289 0.0514075 0.0615418 0.0696828 0.0748347 0.0766826 0.0755391 0.0720471 0.0669079 0.0607458 0.0540667 0.0472464 0.0405384 0.0340996 0.0280281 0.0223991 0.0172892 0.0127862 0.00897851 0.00592986 0.00364901
 0.0087505 0.014211 0.0213761 0.0301619 0.0402443 0.0509046 0.060996 0.0692169 0.0745783 0.0767218 0.0758817 0.0726222 0.067594 0.0614118 0.0546074 0.0476042 0.040706 0.034109 0.0279319 0.0222515 0.0171338 0.01265 0.00887376 0.0058575 0.00360376
#pred catch len freq
 0.00391319 0.00624674 0.00922288 0.01282 0.017038 0.0218673 0.0272171 0.032882 0.038573 0.0439789 0.0488165 0.0528695 0.0560198 0.0582542 0.059639 0.0602822 0.0603003 0.0597876 0.0587623 0.0570905 0.0544367 0.0503392 0.0444559 0.0368815 0.0283057
 0.00428646 0.00679993 0.00996176 0.0137311 0.0181137 0.0231339 0.0287393 0.0347247 0.0407335 0.0463286 0.0510966 0.0547562 0.0572293 0.0586354 0.0592108 0.0592041 0.0587967 0.05806 0.0569277 0.0551712 0.0524079 0.0482037 0.0422974 0.0348589 0.0265909
 0.00452878 0.0072125 0.0106147 0.0146949 0.0194383 0.0248214 0.0307288 0.0369079 0.0429971 0.0485888 0.0532904 0.0567909 0.058939 0.0597933 0.0596049 0.0587272 0.0574919 0.056093 0.0545113 0.052494 0.0496101 0.0454018 0.0396235 0.0324685 0.024627
 0.00483724 0.0076901 0.0112943 0.0156052 0.0206154 0.0263171 0.0325989 0.0391762 0.0456104 0.0513948 0.056061 0.0592827 0.0609485 0.061173 0.0602442 0.058539 0.0564308 0.0541925 0.0519005 0.0493773 0.0462264 0.041994 0.0364227 0.0296777 0.0223902
 0.00514647 0.0081799 0.0120078 0.0165756 0.0218634 0.0278478 0.0344 0.0412191 0.0478557 0.0537896 0.0585228 0.0616772 0.063087 0.0628401 0.0612426 0.0587245 0.0557269 0.0525952 0.0494861 0.0463089 0.042747 0.038398 0.0330124 0.0267112 0.0200345
 0.00543512 0.00864195 0.0126914 0.0175251 0.0231165 0.0294282 0.0363033 0.0434003 0.0502249 0.0562232 0.0608836 0.0638343 0.0649236 0.0642463 0.0621042 0.0589232 0.0551585 0.0511995 0.0472775 0.0433991 0.0393503 0.034811 0.0295643 0.0236944 0.0176401
 0.00569313 0.00905799 0.0133131 0.0183997 0.0242884 0.0309315 0.0381487 0.0455592 0.0526196 0.0587263 0.0633298 0.0660448 0.0667349 0.0655342 0.0627877 0.0589508 0.0544915 0.0498099 0.0451696 0.0406452 0.0361191 0.0313668 0.0262239 0.0207541 0.0153001
 0.00595684 0.0094693 0.013902 0.0191889 0.0252976 0.0321814 0.0396572 0.0473284 0.0546194 0.0608818 0.0655183 0.0681073 0.0685004 0.0668475 0.0635324 0.0590567 0.0539279 0.0485748 0.0432893 0.0381915 0.0332353 0.0282777 0.0232088 0.0180839 0.0131654
 0.00622114 0.00988305 0.0144956 0.0199815 0.0262969 0.0333829 0.041041 0.0488584 0.0562464 0.0625479 0.0671592 0.0696473 0.0698483 0.0678988 0.0641809 0.0592109 0.0535247 0.0475869 0.0417299 0.0361237 0.0307848 0.0256375 0.0206186 0.015779 0.0113148
 0.0065442 0.0103851 0.0152089 0.0209232 0.0274694 0.0347739 0.0426185 0.0505634 0.0579911 0.0642252 0.0686595 0.0708782 0.0707458 0.0684276 0.0643225 0.0589504 0.0528443 0.0464721 0.0401848 0.0341905 0.0285617 0.0232825 0.0183304 0.0137537 0.00969323
 0.00687354 0.0109009 0.0159493 0.0219117 0.0287136 0.0362612 0.0443087 0.0523824 0.0598322 0.0659608 0.070159 0.0720273 0.0714645 0.0686804 0.0641173 0.0583243 0.0518436 0.0451377 0.0385526 0.0323069 0.0265043 0.0211722 0.0163208 0.011997 0.00829764
 0.00708011 0.0112465 0.0164878 0.0227009 0.0298039 0.0376778 0.0460309 0.054331 0.0618738 0.0679271 0.0718739 0.0733352 0.0722549 0.0689031 0.0637843 0.0574966 0.0506099 0.0435917 0.03678 0.0303863 0.0245193 0.0192234 0.0145239 0.0104615 0.00709651
 0.00723124 0.0114863 0.0168407 0.0231931 0.030468 0.0385541 0.0471585 0.0557278 0.0635098 0.0697048 0.0736311 0.0748744 0.0733898 0.0695026 0.063796 0.0569459 0.0495798 0.042196 0.0351391 0.0286139 0.022721 0.0175008 0.0129736 0.00916382 0.00609777
 0.00727926 0.011561 0.0169478 0.0233387 0.0306615 0.0388124 0.0475094 0.0562083 0.0641592 0.0705484 0.0746587 0.0760219 0.0745365 0.0704916 0.0644742 0.0572053 0.0493829 0.0415764 0.0341827 0.0274337 0.0214374 0.016228 0.0118113 0.00818698 0.0053465
 0.0072506 0.011516 0.0168831 0.0232528 0.0305559 0.0386938 0.0473929 0.0561211 0.0641419 0.0706525 0.0749357 0.0765056 0.0752214 0.071318 0.0653299 0.0579499 0.049886 0.0417543 0.034018 0.026973 0.0207712 0.015466 0.0110586 0.007526 0.00482563
 0.00727308 0.0115422 0.0169033 0.0232517 0.0305165 0.0386041 0.0472525 0.055944 0.0639554 0.0704939 0.074849 0.0765355 0.0754035 0.0716652 0.0658179 0.0585121 0.0504232 0.0421612 0.0342151 0.0269309 0.0205164 0.0150677 0.0106036 0.00709328 0.00446873
 0.00740413 0.0117281 0.0171323 0.0234936 0.030729 0.0387439 0.0472863 0.0558563 0.0637523 0.0702043 0.0745215 0.0762306 0.0751819 0.0715739 0.065879 0.058714 0.0507189 0.0424764 0.0344683 0.0270585 0.0204935 0.0149127 0.0103669 0.00683522 0.0042386
 0.00742604 0.0117751 0.0172227 0.0236477 0.0309594 0.0390426 0.0476156 0.0561532 0.0639473 0.0702471 0.0743996 0.0759732 0.0748496 0.0712406 0.0656116 0.0585561 0.0506805 0.0425324 0.0345676 0.0271425 0.020517 0.0148592 0.0102501 0.00668785 0.00409534
 0.00741508 0.0117571 0.0171965 0.0236158 0.0309312 0.0390368 0.0476578 0.0562651 0.0641306 0.0704723 0.0746102 0.0761078 0.0748696 0.0711481 0.0654471 0.0583785 0.0505425 0.0424611 0.0345587 0.0271675 0.0205394 0.0148521 0.0102057 0.00661673 0.00401682
 0.00746148 0.0118214 0.0172728 0.0236915 0.0309909 0.0390689 0.0476607 0.0562502 0.0641205 0.0704918 0.074674 0.0762087 0.0749771 0.0712205 0.0654528 0.0583127 0.0504286 0.0423363 0.0344542 0.0270955 0.0204928 0.0148148 0.010165 0.00656922 0.00396758
 0.00744893 0.0118042 0.0172523 0.0236695 0.0309672 0.0390388 0.0476148 0.0561785 0.0640204 0.070375 0.0745673 0.0761453 0.0749813 0.0712947 0.0655753 0.0584482 0.0505456 0.0424198 0.0345066 0.0271275 0.0205134 0.0148265 0.0101666 0.00656049 0.00395167
 0.00749242 0.0118623 0.0173164 0.0237245 0.0309963 0.0390303 0.0475672 0.0560996 0.0639215 0.0702657 0.0744547 0.0760381 0.0748936 0.0712437 0.0655734 0.0584948 0.0506257 0.0425113 0.0345901 0.0271927 0.0205586 0.0148545 0.0101806 0.00656396 0.00394804
 0.00745042 0.0118069 0.0172563 0.0236738 0.0309683 0.0390292 0.0475832 0.0561123 0.0639107 0.0702226 0.0743857 0.0759603 0.0748259 0.0712008 0.0655639 0.0585216 0.0506855 0.0425943 0.0346821 0.0272793 0.0206298 0.0149061 0.0102136 0.00658185 0.00395544
 0.00726979 0.0115394 0.0169033 0.0232556 0.0305215 0.0385989 0.0472151 0.055845 0.0637676 0.0702059 0.0744775 0.0761313 0.0750477 0.0714538 0.0658366 0.0588066 0.0509745 0.0428763 0.0349443 0.0275093 0.0208184 0.0150495 0.0103139 0.00664597 0.00399246
 0.00722878 0.0114579 0.0167541 0.0230067 0.0301471 0.0380957 0.0466155 0.055218 0.0632032 0.0697891 0.0742645 0.076137 0.0752477 0.0717973 0.0662651 0.0592684 0.051432 0.0433051 0.0353289 0.0278393 0.0210873 0.0152558 0.0104614 0.00674319 0.00405113
 0.00722987 0.0114641 0.0167696 0.0230326 0.0301742 0.0380978 0.0465498 0.0550388 0.062887 0.0693574 0.0737867 0.0757089 0.0749552 0.0716869 0.0663343 0.0594775 0.0517257 0.0436312 0.0356479 0.0281261 0.0213281 0.0154449 0.0105997 0.00683667 0.00410902
 0.00708187 0.0112547 0.0165126 0.0227622 0.0299369 0.037937 0.0464904 0.0550769 0.0629875 0.069463 0.0738391 0.0756749 0.0748453 0.0715513 0.0662384 0.0594706 0.0518223 0.0438125 0.0358768 0.0283637 0.0215449 0.0156238 0.0107348 0.00693015 0.00416816
 0.00692473 0.0110045 0.0161479 0.0222714 0.0293264 0.0372413 0.0457773 0.0544405 0.0625242 0.0692393 0.0738674 0.0759124 0.0752154 0.0719771 0.0666689 0.059889 0.052234 0.044225 0.0362855 0.028751 0.0218879 0.0159048 0.0109466 0.00707676 0.00426101
 0.00688018 0.0109204 0.0159989 0.022025 0.0289483 0.0367071 0.0450875 0.0536335 0.0616805 0.0684725 0.0732993 0.0756369 0.0752675 0.0723219 0.0672203 0.0605453 0.0529107 0.0448696 0.0368723 0.0292676 0.0223257 0.0162569 0.0112117 0.0072614 0.00437894
 0.00676547 0.0107569 0.0157935 0.0217936 0.0287046 0.0364477 0.0447852 0.0532465 0.0611779 0.0678624 0.0726439 0.0750435 0.0748557 0.0721826 0.0673838 0.0609747 0.053521 0.0455608 0.0375583 0.02989 0.0228528 0.0166767 0.0115251 0.00747918 0.00451845
 0.00676949 0.0107492 0.0157572 0.0217082 0.0285558 0.0362393 0.0445435 0.0530089 0.0609702 0.0676792 0.0724518 0.0748081 0.0745754 0.0719031 0.0671822 0.060922 0.0536492 0.0458511 0.0379541 0.0303224 0.0232625 0.0170253 0.0117958 0.00767191 0.00464416
 0.0074392 0.0116966 0.0169198 0.0229349 0.0296451 0.0370036 0.0448664 0.05287 0.0604347 0.0668682 0.0715037 0.0738428 0.0736715 0.0710992 0.0664967 0.0603738 0.0532616 0.0456384 0.0379068 0.0304036 0.0234194 0.0172057 0.0119613 0.00780227 0.00473484
 0.0081915 0.0128656 0.018571 0.0250738 0.0321936 0.0397796 0.0475774 0.0551486 0.0619288 0.0673522 0.0709504 0.0724168 0.0716547 0.0687962 0.064164 0.0581922 0.0513419 0.0440393 0.0366487 0.0294746 0.0227798 0.0167974 0.0117206 0.00767167 0.0046699
 0.00825519 0.0130359 0.0189525 0.0258094 0.0334335 0.0416247 0.0500153 0.0580107 0.0648893 0.0699801 0.0728103 0.0731911 0.0712423 0.0673364 0.0619739 0.0556526 0.0487915 0.0417176 0.034689 0.0279245 0.0216277 0.015994 0.011197 0.00735409 0.00449139
