SBPRF35
7.78865
Curr Bio
559626
B35
697068
F35
0.228209
FOFL
0.194306
OFL
88164
Bzero
2.22533e+06
#pred survey bio
 4.62813e+06 4.34896e+06 4.09044e+06 3.78483e+06 3.46669e+06 3.1329e+06 2.78726e+06 2.46178e+06 2.16725e+06 1.92526e+06 1.68569e+06 1.4727e+06 1.32477e+06 1.16309e+06 1.02263e+06 903024 814805 753665 698956 662338 640766 618816 589560 580845 580859 580441 571942 565865 565655 566118 578352 572086 571047 564352 569327 550651 535592 529774 534692 522772 530004 534941 538629 544778 553022 559257 558007 562308 573135 566389 562864 543330 543651 558336 2.09016e+07 1.27943e+07 1.31329e+07 1.37129e+07 1.44092e+07 1.50869e+07 1.56758e+07 1.61532e+07 1.65232e+07 1.68016e+07 1.70074e+07 1.71578e+07 1.72672e+07 1.73467e+07 1.74047e+07 1.74471e+07 1.74782e+07 1.75013e+07 1.75185e+07 1.75314e+07 1.75411e+07 1.75484e+07 1.7554e+07 1.75582e+07 1.75615e+07 1.75639e+07 1.75658e+07 1.75673e+07 1.75684e+07 1.75693e+07 1.757e+07 1.75705e+07 1.75709e+07 1.75712e+07 1.75714e+07 1.75716e+07 1.75717e+07 1.75719e+07 1.75719e+07 1.7572e+07 1.75721e+07 1.75721e+07 1.75721e+07 1.75722e+07 1.75722e+07 1.75722e+07 1.75722e+07 1.75722e+07 1.75722e+07 1.75722e+07 1.75722e+07 1.75722e+07 1.75722e+07 1.75722e+07 1.75722e+07 1.75722e+07 1.75722e+07 1.75722e+07 1.75722e+07 1.75722e+07 1.75722e+07 1.75722e+07 1.75722e+07 1.75722e+07 1.75722e+07 1.75722e+07 1.75722e+07 1.75722e+07 1.75722e+07 1.75722e+07 1.75722e+07 1.75722e+07 1.75722e+07 1.75722e+07 1.75722e+07 1.75722e+07 1.75722e+07 1.75722e+07 1.75722e+07 1.75722e+07 1.75722e+07 1.75722e+07 1.75722e+07 1.75722e+07 1.75722e+07 1.75722e+07 1.75722e+07 1.75722e+07 1.75722e+07 1.75722e+07 1.75722e+07 1.75722e+07 1.75722e+07 1.75722e+07 1.75722e+07 1.75722e+07 1.75722e+07 1.75722e+07 1.75722e+07 1.75722e+07 0 0 0 0 0 0 0 0 0 0 0 0 0 0 0 0 0 0 0 0 0 0 0 0 0
#obs survey bio
 3.2008e+06 4.4728e+06 4.288e+06 2.7505e+06 3.93964e+06 2.65786e+06 2.06979e+06 2.40636e+06 1.93906e+06 1.50197e+06 1.68714e+06 952076 1.63642e+06 494635 1.13624e+06 949219 707768 607182 507708 636097 837490 734185 451211 668344 524211 481689 673177 418321 511231 539606 431641 601875 573340 537998 691125 608529 585112 684394 703575 477396 562874 540215 777420 505777 565125 553690 840265 351604 549414 664220 567168 503394 519705 472663
#pred catch bio
 87132.5 87095.3 156522 198600 245586 290485 305639 307862 286299 305352 298221 252372 271353 255137 235245 204401 177245 167237 147092 130162 127014 130450 111664 104037 104087 109754 106417 101122 100539 90838.8 105810 98755.8 99794.7 85761.6 101037 95007.9 89317.8 84438.1 100583 84642 86958.8 87778 85559.5 84340.6 86874.8 93758.7 89915.4 85971.6 101364 98507.1 112895 98863 91307.1 74987.1 88164 103581 105204 108571 113344 118172 122321 125581 127999 129719 130907 131707 132238 132584 132808 132951 133042 133100 133136 133159 133173 133182 133187 133191 133193 133194 133195 133195 133196 133196 133196 133196 133196 133196 133196 133196 133196 133196 133196 133196 133196 133196 133196 133196 133196 133196 133196 133196 133196 133196 133196 133196 133196 133196 133196 133196 133196 133196 133196 133196 133196 133196 133196 133196 133196 133196 133196 133196 133196 133196 133196 133196 133196 133196 133196 133196 133196 133196 133196 133196 133196 133196 133196 133196 133196 133196 133196 133196 133196 133196 133196 133196 133196 133196 133196 133196 133196 133196 133196 133196 0 0 0 0 0 0 0 0 0 0 0 0 0 0 0 0 0 0 0 0 0 0 0 0 0
#obs catch bio
 0 86774.2 157155 199596 247316 292825 309516 312435 290612 311258 304919 258620 277503 263820 241494 208229 180301 169576 149320 131427 127534 131093 112918 104756 105192 110847 106969 101990 101702 91443.7 107357 100017 100679 85979.4 101268 94748.7 88883.2 83901.1 100038 83983.9 86460.3 87286.2 84750.9 83765.2 86252.5 93183.9 89051.2 85736.5 101069 97499.9 112375 98517.3 91409.1 74836.6
#pred cpue bio
 4.54456e+06 4.26839e+06 4.01216e+06 3.70786e+06 3.39169e+06 3.06028e+06 2.717e+06 2.39364e+06 2.10122e+06 1.86095e+06 1.62358e+06 1.41287e+06 1.26671e+06 1.10792e+06 970490 854360 769064 710205 657844 623116 603025 582304 553997 545415 545511 545326 537419 531673 531390 531859 543818 538150 538011 532656 538666 521673 506821 499457 502937 491397 498664 503685 507473 513498 521342 527217 525870 529723 539926 533450 529927 510279 509277 522483 1.96055e+07 1.20255e+07 1.23072e+07 1.27956e+07 1.34555e+07 1.41244e+07 1.47115e+07 1.51886e+07 1.55586e+07 1.5837e+07 1.60428e+07 1.61932e+07 1.63026e+07 1.63821e+07 1.64401e+07 1.64825e+07 1.65136e+07 1.65367e+07 1.65539e+07 1.65668e+07 1.65765e+07 1.65838e+07 1.65894e+07 1.65936e+07 1.65969e+07 1.65993e+07 1.66012e+07 1.66027e+07 1.66038e+07 1.66047e+07 1.66054e+07 1.66059e+07 1.66063e+07 1.66066e+07 1.66068e+07 1.6607e+07 1.66072e+07 1.66073e+07 1.66073e+07 1.66074e+07 1.66075e+07 1.66075e+07 1.66075e+07 1.66076e+07 1.66076e+07 1.66076e+07 1.66076e+07 1.66076e+07 1.66076e+07 1.66076e+07 1.66076e+07 1.66076e+07 1.66076e+07 1.66076e+07 1.66076e+07 1.66076e+07 1.66076e+07 1.66076e+07 1.66076e+07 1.66076e+07 1.66076e+07 1.66076e+07 1.66076e+07 1.66076e+07 1.66076e+07 1.66076e+07 1.66076e+07 1.66076e+07 1.66076e+07 1.66076e+07 1.66076e+07 1.66076e+07 1.66076e+07 1.66076e+07 1.66076e+07 1.66076e+07 1.66076e+07 1.66076e+07 1.66076e+07 1.66076e+07 1.66076e+07 1.66076e+07 1.66076e+07 1.66076e+07 1.66076e+07 1.66076e+07 1.66076e+07 1.66076e+07 1.66076e+07 1.66076e+07 1.66076e+07 1.66076e+07 1.66076e+07 1.66076e+07 1.66076e+07 1.66076e+07 1.66076e+07 1.66076e+07 1.66076e+07 1.66076e+07 0 0 0 0 0 0 0 0 0 0 0 0 0 0 0 0 0 0 0 0 0 0 0 0 0
#obs cpue bio
 3.27302e+06 3.59951e+06 3.72863e+06 2.30642e+06 2.66968e+06 4.10595e+06 1.97938e+06 1.97794e+06 1.6739e+06 1.9557e+06 1.15418e+06 971642 1.36872e+06 940405 937233 836108 665652 903927 622179 674740 604047 487245 352732 534630 406194 663216 539846 471693 438879 527590 503173 392825 716665 591434 631386 618968 592184 420524 499084 570216 494760 548606 538665 495770 577649 578690 502055 460225 746168 712063 449058 479582 424331 627855
#pred surv len freq
 0.00460745 0.00744973 0.0111608 0.0157217 0.0210495 0.0269315 0.0329824 0.0387171 0.043718 0.0477646 0.0508434 0.0530749 0.054634 0.055694 0.0563842 0.0567642 0.0568223 0.0564873 0.0556256 0.054011 0.051307 0.0471388 0.0412933 0.0339644 0.025853
 0.00493425 0.00789882 0.0116898 0.0162535 0.021511 0.0273045 0.0333298 0.0391542 0.0443356 0.0485513 0.0516601 0.0537024 0.0548682 0.0554353 0.055679 0.0557847 0.0557986 0.0556212 0.0550194 0.0536423 0.0510615 0.0468831 0.0409475 0.0335327 0.0254011
 0.0050766 0.00816621 0.0121526 0.0169837 0.0225468 0.0286078 0.034767 0.0405309 0.0454782 0.0493832 0.0522122 0.0540474 0.0550334 0.0553673 0.0552862 0.0550204 0.0547178 0.0543711 0.0537727 0.052521 0.0500995 0.0460463 0.0401881 0.032835 0.0247886
 0.00523144 0.00841241 0.0125172 0.0174993 0.0232575 0.0295689 0.0360267 0.0420934 0.0472644 0.0512195 0.0538707 0.0553227 0.0558072 0.0556166 0.0550416 0.054322 0.0536101 0.0529288 0.0521169 0.0507988 0.048441 0.0445359 0.0388675 0.0317252 0.0239044
 0.00543155 0.00872958 0.0129796 0.0181288 0.0240684 0.0305663 0.037206 0.0434412 0.048759 0.052823 0.0555098 0.0568723 0.0570987 0.0564779 0.0553475 0.0540229 0.0527296 0.0515455 0.050351 0.0488019 0.0463799 0.042567 0.0371147 0.0302687 0.0227792
 0.0057108 0.00916875 0.0136133 0.0189807 0.0251484 0.0318673 0.0386977 0.0450674 0.0504444 0.0544875 0.0570803 0.058283 0.0582785 0.0573369 0.0557769 0.0539171 0.0520202 0.0502304 0.0485047 0.0465687 0.0439528 0.0401576 0.0349172 0.0284262 0.0213632
 0.00600501 0.00964485 0.0143257 0.0199782 0.0264649 0.0335068 0.0406186 0.0471769 0.0526105 0.0565648 0.0589362 0.0598149 0.0594179 0.0580399 0.0560077 0.0536339 0.0511765 0.048797 0.0465028 0.0440969 0.0411914 0.0373439 0.0322979 0.0262018 0.0196453
 0.00631156 0.0101342 0.0150468 0.020974 0.0277688 0.0351348 0.0425554 0.0493634 0.0549396 0.0588901 0.0610915 0.0616396 0.0607818 0.0588592 0.0562434 0.053276 0.0502258 0.0472589 0.0444041 0.0415158 0.0382835 0.0343387 0.0294585 0.0237605 0.0177443
 0.00664775 0.0106667 0.0158228 0.0220299 0.0291272 0.0367977 0.0444951 0.0515157 0.0572065 0.0611498 0.0632101 0.0634803 0.0622154 0.0597764 0.0565677 0.0529687 0.0492813 0.0456975 0.042272 0.0389012 0.0353373 0.0312805 0.0265482 0.0212382 0.0157661
 0.00692801 0.0111177 0.0164933 0.0229632 0.0303544 0.0383269 0.0462988 0.0535247 0.0593171 0.0632411 0.0651607 0.0651782 0.063561 0.0606833 0.0569633 0.0527982 0.0485128 0.0443279 0.0403352 0.0364804 0.0325781 0.0283929 0.0237804 0.0188229 0.0138596
 0.00724105 0.0116213 0.0172416 0.0240047 0.031724 0.0400336 0.0483097 0.0557557 0.0616383 0.0654958 0.0671906 0.0668458 0.0647643 0.06136 0.0570846 0.0523566 0.0475123 0.0427832 0.0382826 0.0339965 0.0297983 0.0255139 0.0210363 0.0164343 0.0119752
 0.00749126 0.0120335 0.0178728 0.0249127 0.0329579 0.0416172 0.0502223 0.0579214 0.0639308 0.0677566 0.069252 0.0685532 0.0659942 0.0620326 0.0571671 0.0518545 0.0464559 0.0412163 0.0362622 0.0316056 0.0271633 0.0228119 0.0184763 0.0142131 0.0102253
 0.00769048 0.0123407 0.0183061 0.0254834 0.0336761 0.0424974 0.0512826 0.0591732 0.0653625 0.0693193 0.0708553 0.0700734 0.067295 0.062988 0.0576806 0.0518693 0.0459549 0.0402173 0.0348134 0.0297871 0.0250936 0.0206492 0.0164031 0.0123998 0.00878825
 0.00782364 0.0125892 0.0187378 0.0261771 0.0346988 0.0438706 0.0529553 0.0610227 0.0672274 0.0710463 0.072331 0.0712296 0.0680933 0.0634034 0.0576931 0.0514657 0.0451351 0.0390001 0.033242 0.0279344 0.0230668 0.0185883 0.014465 0.0107276 0.00747564
 0.00792491 0.0127563 0.0189969 0.0265621 0.0352539 0.0446476 0.0540003 0.0623518 0.0687989 0.072746 0.0739869 0.0726548 0.0691379 0.0639866 0.0578022 0.0511315 0.0444049 0.0379235 0.0318722 0.0263389 0.0213376 0.0168428 0.0128336 0.00932715 0.0063807
 0.00814824 0.0130935 0.0194567 0.0271374 0.0359273 0.0454004 0.0548196 0.0632319 0.0697373 0.0737336 0.0749934 0.0736165 0.0699587 0.0645584 0.0580362 0.0509831 0.043879 0.0370625 0.0307396 0.0250107 0.0199024 0.0154027 0.0114955 0.00818432 0.00549103
 0.00826609 0.0132893 0.019758 0.0275691 0.0365025 0.0461084 0.0556185 0.064054 0.0705102 0.0744062 0.07555 0.0740691 0.0703234 0.0648308 0.0581825 0.0509506 0.0436194 0.036553 0.0299932 0.0240743 0.0188491 0.0143218 0.0104793 0.00731139 0.00480959
 0.00831075 0.0133571 0.0198522 0.0276928 0.0366619 0.046316 0.0558911 0.0644051 0.070938 0.0748865 0.07604 0.0745228 0.0707079 0.0651317 0.0583943 0.051062 0.0436059 0.0363843 0.0296497 0.0235625 0.0182077 0.0136157 0.00978477 0.0066975 0.0043217
 0.0083556 0.0134312 0.0199654 0.027854 0.0368762 0.0465808 0.0561948 0.0647289 0.0712628 0.0751981 0.0763296 0.0747824 0.0709256 0.0652923 0.0584846 0.0510734 0.0435322 0.0362176 0.0293817 0.023192 0.0177505 0.0131086 0.00927909 0.0062446 0.00395812
 0.00838955 0.0134728 0.0200036 0.0278718 0.0368573 0.0465197 0.0561032 0.0646342 0.071199 0.0751938 0.0764 0.0749279 0.071134 0.065542 0.0587468 0.0513158 0.0437235 0.0363315 0.0293998 0.0231075 0.0175713 0.0128591 0.0089971 0.00597148 0.00372709
 0.00849536 0.0136149 0.0201616 0.0280065 0.0369198 0.046467 0.0559145 0.0643198 0.070801 0.0747782 0.0760427 0.0746954 0.0710663 0.0656432 0.0589875 0.0516443 0.0440795 0.036659 0.0296552 0.0232645 0.0176238 0.0128205 0.00889566 0.00584227 0.00360162
 0.00868611 0.0139037 0.0205548 0.0284909 0.0374604 0.0470071 0.0563791 0.0646276 0.0708851 0.0746119 0.0756534 0.0741602 0.0704878 0.0651189 0.058585 0.0513891 0.0439583 0.0366319 0.0296727 0.0232824 0.0176129 0.0127707 0.00881408 0.00574616 0.00350983
 0.00882472 0.0141383 0.0209235 0.0290311 0.0381955 0.0479269 0.057423 0.0656821 0.0718039 0.0752512 0.0759106 0.0739999 0.0699505 0.0643085 0.057639 0.0504424 0.0431117 0.0359376 0.0291372 0.0228817 0.0173121 0.0125384 0.00862995 0.00560073 0.00339968
 0.00883531 0.0141464 0.0209208 0.0290099 0.0381575 0.0478935 0.0574379 0.0657993 0.0720607 0.0756416 0.0763744 0.0744392 0.0702647 0.0644312 0.0575592 0.050202 0.0427841 0.0355978 0.0288387 0.0226477 0.0171399 0.0124129 0.00853544 0.00552713 0.0033428
 0.00875965 0.0140332 0.0207682 0.0288211 0.0379385 0.0476511 0.0571815 0.0655476 0.0718493 0.0755211 0.0763954 0.0746268 0.0705983 0.0648447 0.0579646 0.0505246 0.0429877 0.0356893 0.0288525 0.0226231 0.0171052 0.0123811 0.00850874 0.00550405 0.00332261
 0.00866989 0.0138963 0.0205794 0.0285831 0.0376611 0.0473509 0.0568802 0.06527 0.0716198 0.0753611 0.0763234 0.0746591 0.0707462 0.065105 0.0583108 0.0509073 0.043349 0.0359834 0.0290599 0.0227504 0.0171736 0.0124131 0.00852098 0.00550614 0.00331974
 0.00878329 0.0140527 0.0207633 0.0287628 0.0377982 0.0474144 0.0568585 0.0651726 0.0714698 0.0751849 0.0761434 0.0744927 0.0706083 0.0650098 0.0582694 0.0509213 0.0434061 0.0360598 0.0291296 0.0227961 0.0171915 0.0124098 0.00850671 0.00548945 0.00330533
 0.00886276 0.0141805 0.0209513 0.0290164 0.0381097 0.0477563 0.057181 0.0654133 0.0715743 0.0751294 0.0759443 0.0741982 0.0702779 0.0646952 0.0580049 0.0507234 0.0432762 0.0359875 0.029097 0.0227832 0.017183 0.0123981 0.00849131 0.00547332 0.00329149
 0.00880854 0.0141069 0.0208677 0.0289418 0.0380688 0.0477715 0.0572641 0.0655587 0.0717569 0.0753086 0.0760758 0.0742501 0.0702433 0.0645941 0.0578741 0.0506002 0.0431861 0.0359397 0.0290863 0.0227965 0.0172054 0.0124186 0.00850463 0.00547922 0.00329241
 0.00882419 0.0141186 0.0208611 0.0288977 0.0379718 0.0476214 0.057084 0.0653912 0.0716489 0.0752908 0.0761494 0.0743864 0.0703976 0.064725 0.0579583 0.0506376 0.0431936 0.0359386 0.0290919 0.0228139 0.017231 0.0124454 0.00852672 0.00549411 0.00330065
 0.00854941 0.0137207 0.0203519 0.0283169 0.0373732 0.0470521 0.0565716 0.0649484 0.0712899 0.0750445 0.0760573 0.0744844 0.0706933 0.0651865 0.0585224 0.0512315 0.0437571 0.0364354 0.0295087 0.0231513 0.0174954 0.0126443 0.00866817 0.00558786 0.0033578
 0.00829655 0.0133443 0.0198516 0.0277201 0.0367328 0.046439 0.0560628 0.0646108 0.0711606 0.0751169 0.0762843 0.0748023 0.0710501 0.0655563 0.0588991 0.0516122 0.0441306 0.0367838 0.0298148 0.0234052 0.0176954 0.0127943 0.00877497 0.00565924 0.003402
 0.00812286 0.0130525 0.0193973 0.0270621 0.0358495 0.0453517 0.0548538 0.0634213 0.0701601 0.0744549 0.0760474 0.0749944 0.0716019 0.0663557 0.0598275 0.0525707 0.0450499 0.0376195 0.0305401 0.0240058 0.0181684 0.0131469 0.00902253 0.00582195 0.00350138
 0.00792541 0.0127573 0.0189989 0.0265672 0.0352683 0.0446877 0.0541037 0.0625893 0.069281 0.0736098 0.0753564 0.0745828 0.0715561 0.0666911 0.0604852 0.0534427 0.0460149 0.0385728 0.0314077 0.0247448 0.0187611 0.0135945 0.00933968 0.00603156 0.00362976
 0.00775974 0.0124734 0.0185469 0.0258968 0.0343466 0.0435225 0.0527609 0.061188 0.0679635 0.0725044 0.0745554 0.0741448 0.0715161 0.0670618 0.0612453 0.0545238 0.0473048 0.0399369 0.0327183 0.0259051 0.0197152 0.0143259 0.00986236 0.00637863 0.00384285
 0.00851873 0.0135465 0.0198619 0.0272797 0.0355628 0.0443488 0.0530493 0.0608941 0.067141 0.0712804 0.0730998 0.0726376 0.070119 0.0659001 0.060401 0.0540343 0.0471607 0.0400838 0.0330674 0.0263542 0.0201728 0.0147275 0.0101758 0.00659916 0.00398357
 0.00922872 0.0146658 0.0214719 0.0294067 0.0381433 0.0471926 0.055825 0.0631748 0.0685191 0.0715069 0.0721685 0.0707699 0.067669 0.0632416 0.0578457 0.0517971 0.0453586 0.0387497 0.0321689 0.0258148 0.019895 0.0146158 0.0101527 0.00661274 0.00400515
 0.00905851 0.0145105 0.021463 0.0297434 0.0390408 0.0487962 0.0581259 0.0659693 0.0714321 0.0740723 0.0739446 0.0714576 0.0671945 0.0617676 0.055704 0.0493775 0.0430048 0.0366989 0.0305392 0.0246239 0.0190928 0.0141177 0.00986821 0.00646342 0.00393318
 0.00869301 0.0139464 0.0206794 0.028765 0.0379614 0.0477968 0.0574687 0.065942 0.0722416 0.0757301 0.0762136 0.0739037 0.0693268 0.0631989 0.0562624 0.0491263 0.0421792 0.0355993 0.0294324 0.0236855 0.0183968 0.0136596 0.00959933 0.00632307 0.00386853
 0.0087359 0.013985 0.0206798 0.0286766 0.0377318 0.0473986 0.0569284 0.0653596 0.071786 0.0756018 0.0765753 0.0747997 0.0706316 0.0646355 0.0574947 0.0498845 0.0423533 0.0352563 0.02876 0.0229023 0.017677 0.0130977 0.00921554 0.00609048 0.00374257
 0.00865262 0.0138546 0.0204912 0.0284181 0.0373881 0.0469491 0.0563537 0.0646578 0.0709965 0.0748242 0.075967 0.0745395 0.0708541 0.0653629 0.0586046 0.0511396 0.0434874 0.0360728 0.0291913 0.0230048 0.0175758 0.0129202 0.00904878 0.00597175 0.00367347
 0.00858506 0.013751 0.0203466 0.028232 0.0371631 0.0466889 0.0560609 0.064332 0.0706349 0.0744278 0.0755545 0.0741627 0.0706009 0.0653345 0.0588697 0.051689 0.0442197 0.0368287 0.0298189 0.0234179 0.0177729 0.0129606 0.00900939 0.0059126 0.00362554
 0.008655 0.0138401 0.0204354 0.0282877 0.0371491 0.0465796 0.0558533 0.0640464 0.0703047 0.0740853 0.0752221 0.0738551 0.070336 0.0651451 0.0588024 0.0517865 0.0444918 0.0372334 0.0302706 0.0238221 0.0180652 0.0131266 0.00907512 0.00592025 0.00361108
 0.0087072 0.0139217 0.0205507 0.0284343 0.0373136 0.0467342 0.0559564 0.0640527 0.0701824 0.0738328 0.074872 0.0734625 0.0699588 0.0648295 0.058581 0.0516816 0.0445156 0.0373799 0.0305077 0.0240957 0.0183171 0.0133162 0.00919123 0.00597589 0.0036294
 0.00868694 0.0138963 0.0205264 0.028422 0.0373255 0.0467789 0.0560331 0.064147 0.0702669 0.073873 0.0748379 0.0733414 0.0697633 0.0645952 0.0583545 0.051507 0.0444238 0.0373834 0.0305985 0.0242469 0.0184901 0.0134739 0.00931 0.00605023 0.00366765
 0.00865956 0.013856 0.0204742 0.0283624 0.0372674 0.0467344 0.0560158 0.0641686 0.0703317 0.0739725 0.0749491 0.0734317 0.0698017 0.0645653 0.0582623 0.0513793 0.0442985 0.0372955 0.0305685 0.0242756 0.018561 0.0135617 0.00939114 0.00611091 0.00370519
 0.00881904 0.0140859 0.0207658 0.0286894 0.0375933 0.0470255 0.0562509 0.0643413 0.070445 0.0740318 0.0749567 0.0733848 0.0696936 0.0643894 0.0580192 0.0510824 0.0439752 0.036982 0.0302995 0.0240736 0.0184309 0.0134922 0.00936271 0.00610394 0.00370594
 0.00877491 0.0140424 0.0207508 0.0287421 0.0377489 0.0472935 0.056601 0.0647088 0.0707562 0.0742347 0.0750375 0.0733628 0.0696017 0.0642555 0.0578576 0.0508975 0.043771 0.0367689 0.0300955 0.0238985 0.0182985 0.0134057 0.00931486 0.0060824 0.00369864
 0.00858832 0.0137618 0.0203729 0.0282846 0.0372519 0.0468177 0.0562199 0.0644928 0.0707488 0.0744326 0.0753886 0.073788 0.0700267 0.0646327 0.0581688 0.0511423 0.0439548 0.0368983 0.030179 0.0239481 0.0183281 0.0134266 0.00933348 0.00609984 0.0037135
 0.00875492 0.0139917 0.0206438 0.0285512 0.0374608 0.0469295 0.0562282 0.0644266 0.0706598 0.0743721 0.0753865 0.073842 0.0701052 0.0646911 0.0581698 0.0510706 0.0438185 0.0367201 0.0299856 0.0237626 0.018167 0.0132994 0.00924233 0.00604105 0.00367955
 0.00905334 0.0144362 0.021235 0.0292573 0.0382197 0.0476571 0.0568303 0.0648166 0.0707823 0.0742247 0.0750251 0.07336 0.0695977 0.0642222 0.0577617 0.0507134 0.0434915 0.0364092 0.0296902 0.0234922 0.0179342 0.0131132 0.00910518 0.0059486 0.00362287
 0.00948376 0.0151097 0.0221973 0.0305267 0.0397756 0.0494271 0.0586788 0.06655 0.0721811 0.0750974 0.0752594 0.0729508 0.0686423 0.0628873 0.0562351 0.0491601 0.0420279 0.0351014 0.0285668 0.0225612 0.0171924 0.0125501 0.008702 0.00567917 0.00345639
 0.00945269 0.0151014 0.0222631 0.0307413 0.0402193 0.0501555 0.0596931 0.0677835 0.0735061 0.0763483 0.0762652 0.0735695 0.0687925 0.0625679 0.0555228 0.0481846 0.0409342 0.0340155 0.0275769 0.0217161 0.0165102 0.0120287 0.00832647 0.00542638 0.0032988
 0.00903304 0.0144868 0.0214669 0.0298282 0.039298 0.0493609 0.0591648 0.0676417 0.0738227 0.077118 0.0773918 0.0748814 0.070085 0.0636555 0.0562826 0.0485763 0.0409947 0.0338327 0.0272555 0.0213487 0.0161625 0.0117372 0.00810437 0.00527127 0.0031995
#obs surv len freq
 nan nan nan nan nan nan nan nan nan nan nan nan nan nan nan nan nan nan nan nan nan nan nan nan nan
 0.00448405 0.00734538 0.0111757 0.015993 0.0216952 0.0279725 0.0342881 0.0400203 0.0446999 0.0481629 0.0505193 0.0520133 0.0529037 0.0534143 0.0537272 0.0539811 0.0542589 0.0545511 0.0546895 0.0542813 0.0527194 0.0493518 0.043802 0.0362828 0.0276672
 0.00461459 0.00755896 0.0114994 0.0164518 0.0223062 0.0287356 0.0351764 0.0409775 0.0456477 0.0490162 0.0512023 0.0524706 0.0531063 0.0533602 0.0534372 0.0534914 0.0536126 0.0537906 0.0538538 0.0534071 0.0518454 0.0485209 0.0430585 0.0356643 0.0271945
 0.00477438 0.00782068 0.0118969 0.0170179 0.0230662 0.0296969 0.0363175 0.0422429 0.0469535 0.0502635 0.052292 0.0533153 0.0536391 0.0535415 0.0532581 0.0529724 0.052797 0.0527366 0.0526266 0.0520763 0.0504855 0.0472115 0.0418787 0.0346791 0.0264402
 0.00495895 0.00812362 0.0123582 0.0176768 0.0239537 0.0308239 0.0376624 0.0437465 0.0485263 0.0518006 0.0536878 0.0544728 0.0544745 0.0539894 0.0532765 0.0525483 0.0519487 0.0515119 0.0510996 0.0503429 0.0486599 0.0454197 0.0402455 0.0333064 0.025385
 0.00517402 0.00847447 0.0128886 0.0184287 0.0249595 0.0320947 0.0391749 0.0454376 0.050301 0.0535484 0.0552984 0.0558455 0.0555221 0.0546385 0.05347 0.0522487 0.0511442 0.0502238 0.0493879 0.0483098 0.0464472 0.0431977 0.0381887 0.0315605 0.024035
 0.00540515 0.00885411 0.0134672 0.0192555 0.0260731 0.0335075 0.0408582 0.0473164 0.0522652 0.0554744 0.0570687 0.0573588 0.056694 0.0553996 0.0537629 0.0520282 0.0503814 0.0489158 0.047572 0.046077 0.0439484 0.0406327 0.0357756 0.0294883 0.0224199
 0.00566089 0.00926877 0.0140895 0.0201308 0.0272358 0.0349688 0.0425921 0.0492534 0.0542998 0.0574834 0.0589296 0.0589623 0.0579498 0.0562362 0.0541243 0.0518698 0.0496696 0.0476349 0.0457405 0.0437688 0.0413081 0.0378715 0.0331377 0.0271961 0.0206176
 0.00590249 0.00967019 0.0147094 0.0210282 0.0284578 0.0365301 0.0444568 0.0513304 0.0564593 0.0595847 0.0608454 0.0605892 0.0592076 0.0570629 0.0544714 0.0516979 0.0489471 0.046343 0.0438885 0.0414173 0.0385907 0.0349976 0.0303626 0.0247616 0.0186881
 0.00614996 0.0100731 0.0153173 0.0218893 0.0296111 0.0379932 0.0462102 0.0533091 0.0585572 0.0616709 0.0627844 0.0622583 0.0605079 0.0579236 0.0548453 0.0515533 0.048261 0.0451014 0.0420986 0.0391314 0.0359304 0.0321615 0.0276013 0.0223203 0.0167399
 0.00637587 0.0104475 0.0158939 0.0227218 0.0307423 0.0394372 0.0479359 0.0552367 0.0605718 0.0636467 0.0646045 0.0638226 0.0617337 0.0587433 0.0552071 0.0514203 0.0476086 0.0439179 0.0403931 0.0369529 0.0333906 0.0294448 0.0249445 0.0199597 0.0148465
 0.00662068 0.0108429 0.0164845 0.0235484 0.0318351 0.0408053 0.0495545 0.0570402 0.0624597 0.0655007 0.0663068 0.0652709 0.062848 0.0594664 0.0555002 0.0512563 0.0469681 0.0427906 0.0387872 0.0349128 0.0310179 0.0269078 0.0224605 0.0177476 0.0130671
 0.00685937 0.0112363 0.0170857 0.0244085 0.0329908 0.0422607 0.0512646 0.058909 0.064358 0.0672954 0.0678847 0.0665481 0.0637678 0.0599932 0.0556133 0.0509449 0.0462274 0.0416209 0.0372017 0.032954 0.0287772 0.0245351 0.02015 0.0156955 0.0114179
 0.00706349 0.0115756 0.0176103 0.0251696 0.0340304 0.0435945 0.0528644 0.0606949 0.0662091 0.0690719 0.069454 0.0678034 0.0646381 0.0604434 0.0556366 0.0505516 0.0454339 0.0404458 0.0356702 0.031112 0.0267086 0.0223718 0.0180603 0.0138486 0.00993769
 0.00726228 0.0118985 0.0180962 0.0258551 0.0349438 0.0447458 0.0542332 0.0622249 0.0678121 0.0706409 0.0708783 0.0689812 0.0654869 0.0609078 0.0556914 0.0501983 0.0446931 0.0393485 0.034256 0.0294355 0.024852 0.0204525 0.0162224 0.0122342 0.00864909
 0.00745135 0.0122077 0.0185644 0.0265184 0.0358274 0.0458513 0.0555273 0.0636372 0.0692477 0.0720002 0.0720737 0.0699434 0.0661636 0.0612614 0.0556984 0.0498514 0.0440012 0.0383363 0.0329635 0.0279203 0.0231949 0.0187602 0.0146191 0.0108379 0.00754176
 0.00754755 0.0123693 0.0188175 0.0268916 0.0363471 0.0465332 0.0563675 0.0646068 0.0702947 0.0730579 0.0730703 0.070811 0.066844 0.0617094 0.0558818 0.0497502 0.0436081 0.0376585 0.0320256 0.026769 0.0219018 0.0174204 0.0133406 0.00972104 0.00665508
 0.00759978 0.012449 0.0189288 0.0270373 0.0365315 0.0467659 0.0566638 0.0649845 0.0707668 0.073624 0.0737103 0.0714847 0.0674959 0.0622772 0.0563057 0.0499798 0.0436076 0.03741 0.0315327 0.0260601 0.0210328 0.0164718 0.0124059 0.00888827 0.00598593
 0.00763389 0.0124999 0.0189968 0.0271199 0.0366238 0.046863 0.0567637 0.0650913 0.0708926 0.0737891 0.0739376 0.0717897 0.0678757 0.0627043 0.0567304 0.0503401 0.0438418 0.0374689 0.0313895 0.0257169 0.0205227 0.0158559 0.0117622 0.00829351 0.00549686
 0.00769735 0.0125918 0.0191141 0.0272522 0.0367563 0.0469805 0.0568551 0.0651514 0.0709242 0.0738025 0.0739516 0.0718286 0.0679632 0.062854 0.0569372 0.0505756 0.0440586 0.037612 0.0314112 0.0255909 0.0202536 0.0154791 0.0113352 0.00787898 0.00514505
 0.00777533 0.0127138 0.019288 0.0274799 0.0370311 0.0472843 0.0571576 0.0654139 0.0711095 0.0738882 0.0739375 0.0717368 0.0678304 0.06272 0.0568338 0.0505175 0.0440385 0.0376018 0.0313719 0.0254868 0.0200672 0.015219 0.0110334 0.00757874 0.00488504
 0.00783543 0.0128108 0.0194323 0.02768 0.0372905 0.047598 0.0575075 0.0657685 0.0714281 0.0741296 0.0740706 0.0717487 0.0677297 0.0625352 0.0566047 0.050284 0.0438284 0.0374238 0.0312149 0.0253286 0.0198871 0.0150098 0.0108058 0.00735602 0.00469188
 0.00786497 0.0128552 0.0194927 0.0277559 0.0373814 0.0477047 0.0576326 0.0659145 0.0715934 0.0743049 0.0742379 0.071884 0.0678103 0.0625473 0.0565494 0.0501768 0.0436929 0.0372821 0.0310788 0.0251975 0.019753 0.0148661 0.0106543 0.00720782 0.00456157
 0.00785672 0.0128414 0.0194714 0.0277253 0.0373405 0.0476549 0.0575791 0.0658668 0.071565 0.0743102 0.0742872 0.0719785 0.067939 0.0626886 0.0566779 0.0502724 0.0437469 0.037297 0.0310636 0.0251605 0.0196987 0.0147968 0.0105738 0.00712376 0.00448386
 0.00786892 0.0128548 0.0194797 0.027719 0.0373097 0.0475934 0.0574884 0.0657572 0.071453 0.0742145 0.0742254 0.0719636 0.0679764 0.0627744 0.0567981 0.0504059 0.0438716 0.0373961 0.0311289 0.0251919 0.0197006 0.0147755 0.0105363 0.00707816 0.00443845
 0.00789872 0.0128989 0.0195377 0.0277864 0.037378 0.0476509 0.0575214 0.0657535 0.071406 0.0741276 0.0741127 0.0718471 0.0678794 0.0627147 0.0567835 0.0504324 0.043926 0.0374605 0.0311866 0.0252316 0.0197178 0.0147717 0.0105171 0.00705052 0.00440932
 0.00790208 0.0129045 0.0195461 0.0277981 0.0373926 0.0476664 0.0575342 0.0657576 0.0713949 0.0740962 0.07406 0.0717783 0.0678057 0.062651 0.0567441 0.0504263 0.0439534 0.037513 0.0312503 0.0252919 0.0197638 0.0147987 0.010526 0.00704645 0.00439846
 0.00788107 0.0128682 0.0194881 0.0277118 0.0372743 0.0475187 0.0573683 0.0655928 0.0712529 0.0739945 0.074007 0.0717721 0.0678387 0.062714 0.0568302 0.0505316 0.044075 0.0376462 0.0313865 0.0254199 0.019873 0.0148819 0.0105818 0.00707832 0.00441311
 0.00789503 0.0128846 0.0195008 0.0277109 0.0372481 0.0474576 0.0572685 0.0654589 0.0710979 0.0738375 0.0738693 0.0716719 0.0677869 0.0627121 0.056872 0.0506073 0.0441742 0.0377599 0.0315061 0.0255365 0.0199776 0.0149673 0.0106443 0.00711885 0.00443588
 0.00786648 0.0128413 0.0194414 0.0276356 0.0371575 0.0473519 0.0571474 0.0653227 0.0709504 0.0736879 0.0737321 0.0715651 0.0677269 0.0627093 0.0569279 0.0507142 0.0443185 0.0379254 0.0316773 0.0257002 0.020123 0.0150869 0.0107348 0.00718111 0.00447443
 0.00784801 0.0128069 0.019382 0.0275409 0.0370201 0.0471718 0.0569359 0.0651011 0.0707435 0.0735163 0.0736077 0.0714919 0.067705 0.0627383 0.057007 0.0508402 0.0444836 0.0381168 0.0318791 0.0258962 0.0202994 0.0152339 0.0108479 0.00726079 0.00452551
 0.00782541 0.0127723 0.0193335 0.0274773 0.0369399 0.0470723 0.056814 0.0649559 0.0705799 0.073347 0.0734513 0.0713684 0.0676293 0.0627178 0.0570415 0.0509246 0.0446099 0.0382745 0.0320553 0.0260759 0.0204678 0.0153792 0.0109628 0.00734398 0.00458024
 0.00779707 0.0127225 0.0192519 0.0273534 0.0367662 0.0468502 0.0565569 0.0646883 0.0703303 0.0731399 0.073302 0.0712834 0.0676099 0.0627622 0.0571456 0.0510809 0.0448074 0.0384993 0.0322921 0.0263088 0.0206819 0.0155623 0.0111078 0.00744937 0.0046502
 0.00775237 0.0126507 0.0191454 0.0272054 0.036572 0.0466089 0.0562748 0.0643807 0.0700219 0.072861 0.0730832 0.0711482 0.0675703 0.0628174 0.0572847 0.0512872 0.0450618 0.0387826 0.0325848 0.0265925 0.0209401 0.015782 0.0112814 0.00757591 0.00473465
 0.00773187 0.0126135 0.0190825 0.0271062 0.0364271 0.0464143 0.0560351 0.0641102 0.0697416 0.0725944 0.0728528 0.0709742 0.0674693 0.0628003 0.0573541 0.0514363 0.0452758 0.0390411 0.0328654 0.0268729 0.0212004 0.0160068 0.0114613 0.00770845 0.004824
 0.00934259 0.0148725 0.0218177 0.0299346 0.0388653 0.0480551 0.0566882 0.0638301 0.0687495 0.0711628 0.0712202 0.0693124 0.0658882 0.0613656 0.0561023 0.0503842 0.0444249 0.038381 0.0323764 0.0265291 0.020973 0.0158669 0.0113824 0.00766855 0.00480643
 0.00931531 0.0151276 0.0227296 0.0319694 0.0423789 0.0530201 0.0625198 0.0694804 0.073078 0.0733841 0.0711613 0.0673586 0.0627114 0.0576358 0.0523214 0.0468556 0.0412997 0.0357169 0.0301803 0.02478 0.0196328 0.0148851 0.0107002 0.00722277 0.00453488
 0.00896248 0.0145703 0.0219438 0.0310018 0.041403 0.0523753 0.0626729 0.0708609 0.0758258 0.0771589 0.0751817 0.0706984 0.0646857 0.0580382 0.0513985 0.0450951 0.0391974 0.0336394 0.0283379 0.0232618 0.0184526 0.0140165 0.0100966 0.00682918 0.00429589
 0.00879017 0.0142784 0.0214833 0.0303227 0.040473 0.0512139 0.0613947 0.0697051 0.0751381 0.077297 0.0763573 0.0728272 0.0673497 0.0606212 0.0533352 0.046087 0.0392744 0.0330626 0.0274373 0.0223099 0.0176151 0.0133624 0.00963059 0.00652327 0.00411057
 0.00872985 0.0141734 0.0213113 0.0300557 0.0400799 0.0506676 0.0606847 0.0688555 0.0742281 0.0764769 0.0758399 0.0728343 0.0680166 0.0619005 0.0549703 0.0476953 0.0405044 0.0337303 0.0275647 0.0220616 0.017194 0.0129292 0.00927415 0.00627043 0.00395119
 0.00870714 0.0141355 0.0212517 0.0299661 0.0399492 0.0504818 0.0604277 0.0685126 0.073793 0.0759641 0.0753008 0.0723671 0.0677563 0.0619763 0.0554405 0.0484955 0.0414512 0.0345925 0.0281628 0.0223336 0.0171932 0.0127692 0.00906613 0.00608642 0.00381944
 0.00868339 0.0140942 0.0211849 0.0298649 0.0398064 0.0502948 0.0602008 0.0682556 0.073517 0.0756772 0.0750094 0.072085 0.0675169 0.0618385 0.0554747 0.0487505 0.0419156 0.0351811 0.0287442 0.0227874 0.0174594 0.0128602 0.00904128 0.0060126 0.00374406
 0.00866741 0.0140709 0.0211544 0.029828 0.0397634 0.0502433 0.0601351 0.0681684 0.0734025 0.0755338 0.0748408 0.0718997 0.0673292 0.0616709 0.0553618 0.0487328 0.0420241 0.0354149 0.0290603 0.0231128 0.0177233 0.0130242 0.00910841 0.00601382 0.00371587
 0.00866718 0.0140697 0.0211511 0.0298214 0.0397524 0.0502278 0.0601158 0.0681456 0.0733743 0.0754952 0.0747847 0.0718203 0.0672255 0.0615508 0.0552426 0.0486406 0.0419872 0.0354536 0.0291741 0.0232761 0.0178942 0.0131634 0.00919536 0.00605097 0.00371993
 0.00864997 0.0140451 0.0211202 0.0297873 0.0397191 0.0501985 0.060092 0.068127 0.0733596 0.0754828 0.0747724 0.0718045 0.0672019 0.0615158 0.0551972 0.0485928 0.0419521 0.0354485 0.0292105 0.0233523 0.0179939 0.0132624 0.00927332 0.00609915 0.00374166
 0.00865912 0.0140558 0.0211288 0.0297883 0.0397072 0.0501718 0.0600537 0.0680847 0.0733222 0.0754563 0.0747577 0.0717984 0.0671985 0.0615094 0.0551841 0.0485731 0.0419307 0.0354346 0.0292142 0.0233792 0.0180412 0.0133195 0.00932678 0.00613927 0.00376563
 0.00865747 0.0140561 0.0211344 0.0298034 0.0397345 0.0502098 0.0600954 0.0681193 0.0733395 0.0754517 0.0747341 0.0717634 0.0671602 0.0614727 0.05515 0.0485407 0.0418999 0.035408 0.0291965 0.0233752 0.0180525 0.0133426 0.00935455 0.00616436 0.00378362
 0.00862207 0.0140031 0.0210636 0.0297181 0.0396418 0.0501199 0.0600195 0.0680678 0.0733187 0.0754613 0.0747674 0.0718103 0.0672121 0.0615241 0.0551988 0.0485861 0.0419413 0.0354451 0.0292303 0.0234076 0.0180852 0.0133757 0.0093859 0.00619092 0.00380322
 0.00862006 0.0139955 0.0210441 0.0296791 0.0395769 0.0500279 0.059908 0.0679525 0.0732192 0.0753945 0.0747422 0.0718259 0.0672595 0.061591 0.0552732 0.0486592 0.0420083 0.0355042 0.0292816 0.0234522 0.0181243 0.0134099 0.00941529 0.00621465 0.00382068
 0.00861662 0.01399 0.0210359 0.0296668 0.0395579 0.0499982 0.0598626 0.0678882 0.0731372 0.0753032 0.0746563 0.0717619 0.0672297 0.0615991 0.0553141 0.048722 0.0420809 0.0355768 0.0293481 0.0235098 0.0181726 0.0134495 0.00944667 0.00623842 0.00383751
 0.00861662 0.01399 0.0210359 0.0296668 0.0395579 0.0499982 0.0598626 0.0678882 0.0731372 0.0753032 0.0746563 0.0717619 0.0672297 0.0615991 0.0553141 0.048722 0.0420809 0.0355768 0.0293481 0.0235098 0.0181726 0.0134495 0.00944667 0.00623842 0.00383751
 0.00891241 0.014456 0.0217071 0.0305598 0.0406604 0.0512569 0.0611749 0.0691084 0.0741059 0.0758891 0.074791 0.0714534 0.0665508 0.0606624 0.0542426 0.0476255 0.041042 0.0346481 0.0285567 0.0228644 0.0176693 0.0130763 0.00918548 0.00606738 0.00373361
 0.00878641 0.0142914 0.0215346 0.0304347 0.0406503 0.0514194 0.0615369 0.0696549 0.074781 0.0766062 0.0754491 0.071957 0.0668315 0.0606944 0.0540462 0.047257 0.0405748 0.034153 0.0280887 0.0224584 0.0173413 0.0128282 0.0090099 0.00595168 0.00366307
 0.00864868 0.0140515 0.0211479 0.0298606 0.039875 0.0504849 0.0605582 0.0688054 0.074241 0.0764977 0.0757914 0.0726659 0.0677554 0.061665 0.0549232 0.0479541 0.0410645 0.0344548 0.028248 0.0225255 0.0173584 0.0128237 0.00899964 0.00594257 0.00365704
#pred catch len freq
 0.0034059 0.00544709 0.00806498 0.0112562 0.0150432 0.0194469 0.0244227 0.0298241 0.0354223 0.0409517 0.0461514 0.0508022 0.0547569 0.0579483 0.0603673 0.0620295 0.0629494 0.0631196 0.0624742 0.0608334 0.0578748 0.0532131 0.0466313 0.0383616 0.0292023
 0.00366503 0.00580771 0.00849982 0.0117134 0.0154756 0.0198494 0.0248491 0.0303616 0.0361283 0.0417916 0.0469801 0.0514078 0.0549468 0.0576325 0.0596005 0.0609944 0.0618901 0.0622503 0.0619015 0.0605268 0.0577013 0.053019 0.0463231 0.0379412 0.0287428
 0.00381083 0.00606301 0.00891348 0.012331 0.0163164 0.0208803 0.0259757 0.0314553 0.037084 0.0425747 0.047621 0.0519408 0.055342 0.0577831 0.0593802 0.0603458 0.0608784 0.0610451 0.0606984 0.0594612 0.0568066 0.0522501 0.045619 0.0372783 0.0281452
 0.00396973 0.00631314 0.00927895 0.0128397 0.0170072 0.021804 0.0271793 0.0329472 0.0387951 0.044347 0.0492444 0.053224 0.0561709 0.058125 0.0592435 0.0597441 0.059836 0.0596306 0.0590409 0.0577228 0.0551303 0.050725 0.044285 0.0361532 0.0272429
 0.00417136 0.00662845 0.00973108 0.0134447 0.0177757 0.0227451 0.0283023 0.0342608 0.0403013 0.0460232 0.051017 0.054951 0.0576556 0.0591652 0.0596895 0.059531 0.0589812 0.0582147 0.0571934 0.0556104 0.0529375 0.0486246 0.0424125 0.0345952 0.0260372
 0.00445036 0.0070622 0.010348 0.0142611 0.0187972 0.0239682 0.029712 0.0358261 0.0419743 0.0477444 0.0527197 0.0565597 0.059076 0.0602743 0.0603429 0.0595919 0.0583605 0.0569033 0.0552726 0.0532418 0.0503378 0.0460303 0.0400395 0.0326022 0.0245036
 0.00474445 0.00752922 0.0110312 0.0151958 0.0200082 0.0254633 0.0314721 0.0377969 0.0440661 0.0498422 0.0546997 0.0583053 0.0604887 0.0612736 0.0608562 0.0595445 0.05768 0.0555444 0.0532532 0.050671 0.047418 0.0430275 0.0372292 0.0302082 0.0226512
 0.00505477 0.00801742 0.0117377 0.0161533 0.0212431 0.0269951 0.0333046 0.0399028 0.0463739 0.0522314 0.0570111 0.0603644 0.0621358 0.0623882 0.0613632 0.0594036 0.0568693 0.0540552 0.0511074 0.047954 0.0443046 0.0397774 0.0341397 0.027542 0.0205702
 0.00537874 0.00852465 0.0124666 0.0171312 0.0224885 0.0285182 0.0351023 0.0419494 0.0486124 0.0545694 0.0593211 0.0624914 0.0639132 0.0636613 0.0620116 0.0593534 0.0560913 0.0525573 0.0489341 0.0452016 0.0411439 0.0364581 0.0309578 0.0247715 0.0183909
 0.0057044 0.0090375 0.0132087 0.0181342 0.0237724 0.0300889 0.0369439 0.0440162 0.050827 0.056828 0.0615024 0.0644659 0.0655515 0.0648414 0.0626273 0.0593224 0.0553634 0.0511209 0.0468247 0.0425143 0.0380475 0.033196 0.027818 0.0220243 0.0162187
 0.0060515 0.00958504 0.0140031 0.0192114 0.0251574 0.0317909 0.0389463 0.0462646 0.0532231 0.0592354 0.0637629 0.0664214 0.0670658 0.0658137 0.0629934 0.059047 0.0544317 0.0495385 0.0446283 0.0397916 0.0349559 0.0299649 0.0247205 0.0193178 0.0140781
 0.00628883 0.00996984 0.014582 0.0200315 0.0262629 0.0332147 0.040696 0.0483083 0.0554812 0.0615818 0.0660359 0.0684442 0.0686722 0.0668732 0.0634254 0.05882 0.0535519 0.0480381 0.0425638 0.0372561 0.0320966 0.0269892 0.0218736 0.0168317 0.0121109
 0.0065759 0.0104089 0.0151936 0.0208223 0.0272333 0.0343682 0.0420405 0.049846 0.0571921 0.0634089 0.0678796 0.0701704 0.0701318 0.0679263 0.0639627 0.0587753 0.0529045 0.0468078 0.0408066 0.0350663 0.0296143 0.0244018 0.0193973 0.0146681 0.0103975
 0.00676511 0.0107322 0.0157083 0.02159 0.0283045 0.0357598 0.0437158 0.0517129 0.059123 0.0652714 0.0695596 0.0715775 0.071193 0.0685797 0.0641573 0.0584763 0.0521002 0.045515 0.0390746 0.0329815 0.0273047 0.0220345 0.0171594 0.0127305 0.00887293
 0.00691214 0.0109668 0.0160565 0.0220818 0.0289782 0.0366628 0.0448934 0.0531831 0.0608468 0.0671352 0.0713871 0.0731726 0.072392 0.069286 0.0643426 0.058159 0.05132 0.0443196 0.0375215 0.031149 0.0253018 0.0200018 0.0152526 0.0110897 0.00758791
 0.0071213 0.0112816 0.0164845 0.0226162 0.0296053 0.0373723 0.0456863 0.0540718 0.0618464 0.0682473 0.0725797 0.0743655 0.0734613 0.0700904 0.0647638 0.0581318 0.0508399 0.043429 0.0362911 0.0296672 0.0236741 0.0183506 0.0137072 0.00976331 0.00655184
 0.00721651 0.011439 0.0167256 0.022961 0.0300666 0.0379478 0.0463532 0.0547901 0.0625725 0.0689502 0.0732489 0.0750023 0.0740587 0.0706146 0.0651493 0.058298 0.0507176 0.0429852 0.0355392 0.0286632 0.0225071 0.0171295 0.0125451 0.00875689 0.00576187
 0.00727801 0.0115325 0.0168554 0.0231301 0.0302801 0.0382163 0.0466913 0.0552086 0.0630669 0.0694939 0.0737981 0.075511 0.0744948 0.0709631 0.0654019 0.058437 0.05071 0.0427919 0.0351353 0.0280563 0.0217434 0.0162871 0.0117155 0.00802308 0.00517841
 0.00729037 0.011556 0.0168969 0.0231982 0.0303832 0.0383603 0.0468785 0.0554384 0.0633383 0.0698057 0.0741449 0.0758777 0.0748542 0.071282 0.0656498 0.0585912 0.0507536 0.0427094 0.0349133 0.0276925 0.0212579 0.0157258 0.0111425 0.00750257 0.00475678
 0.00727886 0.0115306 0.0168472 0.0231123 0.0302534 0.0381902 0.0466883 0.0552634 0.0632199 0.0697794 0.0742312 0.076079 0.0751556 0.0716532 0.0660494 0.0589722 0.0510708 0.0429257 0.0350035 0.0276469 0.0210861 0.0154583 0.0108264 0.00718948 0.0044886
 0.00737434 0.0116596 0.016992 0.0232381 0.0303157 0.038148 0.0465187 0.0549708 0.0628395 0.0693726 0.0738735 0.0758409 0.0750833 0.0717567 0.0663023 0.0593219 0.0514531 0.043278 0.0352756 0.0278078 0.0211279 0.0153963 0.0106935 0.0070268 0.00433313
 0.0075909 0.0119855 0.017432 0.0237752 0.0309096 0.0387385 0.0470295 0.0553204 0.0629596 0.0692315 0.0734922 0.0752914 0.0744687 0.0711815 0.0658447 0.0590175 0.0512938 0.0432241 0.0352737 0.0278084 0.0210976 0.0153234 0.0105862 0.00690512 0.00421897
 0.00766954 0.0121238 0.0176592 0.0241237 0.031406 0.0393885 0.0478026 0.0561435 0.0637246 0.0698174 0.0737954 0.0752558 0.0741048 0.0705651 0.0650943 0.0582575 0.0506205 0.0426866 0.034875 0.0275207 0.0208831 0.0151508 0.0104382 0.00677793 0.00411546
 0.00765146 0.0120908 0.0176051 0.024046 0.0313137 0.0393098 0.0477864 0.0562464 0.0639857 0.0702314 0.0743008 0.0757496 0.0744775 0.0707403 0.065053 0.0580398 0.050303 0.0423507 0.0345797 0.0272913 0.0207163 0.0150293 0.0103448 0.00670242 0.00405482
 0.00757845 0.0119816 0.0174577 0.0238634 0.031101 0.0390726 0.0475331 0.0559959 0.0637753 0.0701156 0.0743347 0.0759606 0.0748427 0.0711864 0.0654827 0.0583709 0.0504972 0.0424187 0.0345629 0.0272362 0.0206558 0.0149776 0.0103035 0.00666868 0.00402686
 0.00752193 0.0118958 0.0173399 0.0237152 0.030928 0.0388827 0.0473356 0.0558008 0.0635936 0.0699612 0.0742279 0.0759288 0.074913 0.07137 0.0657617 0.0586967 0.0508081 0.0426644 0.0347222 0.0273172 0.0206829 0.014976 0.0102905 0.00665329 0.00401257
 0.00761392 0.0120221 0.0174869 0.0238561 0.0310302 0.0389202 0.0472983 0.0556968 0.0634429 0.0697872 0.0740511 0.0757665 0.0747818 0.0712869 0.0657401 0.0587387 0.0508987 0.0427747 0.034821 0.027384 0.0207132 0.0149783 0.0102776 0.00663588 0.00399683
