SBPRF35
12.7214
Curr Bio
956106
B35
888017
F35
0.17201
FOFL
0.17201
OFL
133014
Bzero
3.63469e+006
#pred survey bio
 3.55474e+006 3.45566e+006 3.35638e+006 3.21873e+006 3.03493e+006 2.83945e+006 2.58579e+006 2.33316e+006 2.08295e+006 1.88676e+006 1.63244e+006 1.42939e+006 1.27372e+006 1.11502e+006 985586 887221 806825 736591 695963 670420 628794 614685 594619 575580 554816 545294 544976 544858 540540 538889 548582 548510 554177 560524 577612 599080 613605 630196 640333 647307 650417 662350 665320 668080 662833 666278 660570 668730 661465 660926 661970 720067 752599 802282 826586 857328 882773 926491 940037 947155 955264 952762 965433 963602 2.19385e+007 1.99023e+007 2.00786e+007 2.07292e+007 2.16886e+007 2.27694e+007 2.38315e+007 2.47917e+007 2.56133e+007 2.629e+007 2.6833e+007 2.72609e+007 2.75939e+007 2.78512e+007 2.80491e+007 2.8201e+007 2.83177e+007 2.84076e+007 2.84769e+007 2.85306e+007 2.85723e+007 2.8605e+007 2.86306e+007 2.86507e+007 2.86667e+007 2.86793e+007 2.86894e+007 2.86975e+007 2.87039e+007 2.87091e+007 2.87133e+007 2.87166e+007 2.87193e+007 2.87216e+007 2.87234e+007 2.87248e+007 2.8726e+007 2.8727e+007 2.87278e+007 2.87284e+007 2.87289e+007 2.87293e+007 2.87297e+007 2.873e+007 2.87302e+007 2.87304e+007 2.87306e+007 2.87307e+007 2.87308e+007 2.87309e+007 2.8731e+007 2.8731e+007 2.87311e+007 2.87311e+007 2.87311e+007 2.87312e+007 2.87312e+007 2.87312e+007 2.87312e+007 2.87312e+007 2.87312e+007 2.87312e+007 2.87312e+007 2.87312e+007 2.87313e+007 2.87313e+007 2.87313e+007 2.87313e+007 2.87313e+007 2.87313e+007 2.87313e+007 2.87313e+007 2.87313e+007 2.87313e+007 2.87313e+007 2.87313e+007 2.87313e+007 2.87313e+007 2.87313e+007 2.87313e+007 2.87313e+007 2.87313e+007 2.87313e+007 2.87313e+007 2.87313e+007 2.87313e+007 2.87313e+007 2.87313e+007 2.87313e+007 2.87313e+007 2.87313e+007 2.87313e+007 2.87313e+007 2.87313e+007 2.87313e+007 2.87313e+007 2.87313e+007 2.87313e+007 2.87313e+007 2.87313e+007 0 0 0 0 0 0 0 0 0 0 0 0 0 0 0 0 0 0 0 0 0 0 0 0 0
#obs survey bio
 2.52305e+006 4.19913e+006 2.7346e+006 2.78689e+006 3.32763e+006 2.72654e+006 2.32686e+006 2.49418e+006 1.94584e+006 2.51114e+006 1.81432e+006 1.21188e+006 1.13414e+006 1.27237e+006 1.67046e+006 724216 1.05568e+006 832747 554493 681021 899219 542274 821517 764342 645534 516998 557501 1.07556e+006 435838 459423 411032 569556 508141 472988 964428 779564 671565 894026 997839 688168 512281 615430 875122 629913 649024 612326 489725 503696 723276 650918 695993 624904 858537 662151 961663 700831 1.08494e+006 852834 779667 1.20959e+006 886656 1.1737e+006 1.06137e+006 967677
#pred catch bio
 94283.1 99341.6 143660 197890 222917 291685 306782 319714 283987 345560 305190 266782 270686 243965 215681 198574 186931 158680 143872 153948 126504 128377 123866 121803 109793 101100 100307 102790 100157 91932.7 102132 99086.7 100385 92813.2 90245 96599.7 95140.4 100556 102496 105251 98366.8 106879 107366 114352 107263 115303 103838 117060 110705 109230 62952.4 87420.7 74505.7 98309.8 94585.6 101189 87530.3 114530 119538 118493 127694 115026 128089 134472 133014 131809 131767 134874 140469 146978 153355 159035 163789 167594 170544 172775 174430 175641 176516 177143 177589 177904 178126 178281 178390 178465 178518 178555 178580 178597 178610 178618 178624 178628 178630 178632 178634 178635 178635 178636 178636 178636 178636 178636 178636 178636 178636 178636 178636 178636 178636 178636 178636 178636 178636 178636 178636 178636 178636 178636 178636 178636 178636 178636 178636 178636 178636 178636 178636 178636 178636 178636 178636 178636 178636 178636 178636 178636 178636 178636 178636 178636 178636 178636 178636 178636 178636 178636 178636 178636 178636 178636 178636 178636 178636 178636 178636 178636 178636 178636 178636 178636 178636 178636 0 0 0 0 0 0 0 0 0 0 0 0 0 0 0 0 0 0 0 0 0 0 0 0 0
#obs catch bio
 0 99079.7 143714 198555 223370 292866 307638 321879 285270 347452 306441 268039 271606 244198 214282 199450 186808 158983 144185 155205 126398 128288 123170 120980 109160 100869 100419 101862 99406.2 91459.3 102120 99279.6 101446 93925.9 90551.3 96587.1 95115.9 100462 102133 104464 97943.1 106871 106923 114099 107114 115423 103896 117567 110776 109850 62543.1 87795.1 74254.1 98802 94668.5 101865 87536.7 115095 119942 118320 128231 114912 128125 134529
#pred cpue bio
 3.50887e+006 3.41131e+006 3.31185e+006 3.17356e+006 2.98985e+006 2.79461e+006 2.54172e+006 2.28987e+006 2.04064e+006 1.84533e+006 1.59311e+006 1.39178e+006 1.23757e+006 1.08066e+006 952737 855438 776155 707287 667580 642763 602532 589277 570104 551871 531848 522640 522375 522519 518503 516650 525699 525229 530417 536484 553448 574949 589449 605806 615977 623106 626123 637560 640395 643092 637817 641085 635469 643441 636400 635952 637002 694216 726660 775542 799150 829034 853938 897070 910632 917701 925578 922974 935347 933538 2.12515e+007 1.92746e+007 1.93395e+007 1.98856e+007 2.08152e+007 2.18902e+007 2.29514e+007 2.39115e+007 2.4733e+007 2.54098e+007 2.59528e+007 2.63806e+007 2.67137e+007 2.69709e+007 2.71688e+007 2.73208e+007 2.74375e+007 2.75273e+007 2.75966e+007 2.76503e+007 2.76921e+007 2.77247e+007 2.77503e+007 2.77705e+007 2.77864e+007 2.77991e+007 2.78092e+007 2.78172e+007 2.78237e+007 2.78288e+007 2.7833e+007 2.78364e+007 2.78391e+007 2.78413e+007 2.78431e+007 2.78446e+007 2.78457e+007 2.78467e+007 2.78475e+007 2.78481e+007 2.78487e+007 2.78491e+007 2.78494e+007 2.78497e+007 2.785e+007 2.78502e+007 2.78503e+007 2.78504e+007 2.78505e+007 2.78506e+007 2.78507e+007 2.78508e+007 2.78508e+007 2.78508e+007 2.78509e+007 2.78509e+007 2.78509e+007 2.78509e+007 2.7851e+007 2.7851e+007 2.7851e+007 2.7851e+007 2.7851e+007 2.7851e+007 2.7851e+007 2.7851e+007 2.7851e+007 2.7851e+007 2.7851e+007 2.7851e+007 2.7851e+007 2.7851e+007 2.7851e+007 2.7851e+007 2.7851e+007 2.7851e+007 2.7851e+007 2.7851e+007 2.7851e+007 2.7851e+007 2.7851e+007 2.7851e+007 2.7851e+007 2.7851e+007 2.7851e+007 2.7851e+007 2.7851e+007 2.7851e+007 2.7851e+007 2.7851e+007 2.7851e+007 2.7851e+007 2.7851e+007 2.7851e+007 2.7851e+007 2.7851e+007 2.7851e+007 2.7851e+007 2.7851e+007 2.7851e+007 0 0 0 0 0 0 0 0 0 0 0 0 0 0 0 0 0 0 0 0 0 0 0 0 0
#obs cpue bio
 2.64771e+006 4.44063e+006 3.56888e+006 2.3856e+006 2.20313e+006 3.68688e+006 2.7262e+006 1.59451e+006 1.74585e+006 2.03906e+006 1.27155e+006 1.34189e+006 1.68277e+006 1.02339e+006 878855 564914 816993 495864 746083 522646 542946 749511 573662 511664 461815 454014 415694 600282 655560 498289 585282 390704 306225 416781 561067 647565 495729 490577 497901 927083 582367 566448 648175 672456 540406 693256 683571 793302 658062 591284 691838 732552 683877 677027 731086 655578 760775 1.01277e+006 1.08512e+006 1.05961e+006 671482 913538 919476 915422
#pred surv len freq
 0.00423252 0.00698995 0.0107401 0.0155336 0.0212865 0.0276833 0.0341628 0.0400753 0.044934 0.0485714 0.051102 0.0527709 0.0538229 0.0544452 0.0547608 0.0548438 0.0547392 0.0544682 0.0539872 0.053101 0.0513934 0.048289 0.0433124 0.0364426 0.0283118
 0.00456459 0.00742792 0.0112145 0.0159261 0.0214743 0.0276021 0.0338488 0.039652 0.0445465 0.048311 0.0509694 0.052699 0.0537354 0.0543123 0.0546199 0.0547786 0.0548316 0.0547464 0.0543957 0.0535114 0.0516547 0.0482968 0.0430561 0.0360046 0.0278201
 0.00467557 0.0076699 0.0116839 0.0167279 0.0226691 0.0291393 0.0355319 0.0411806 0.0456325 0.0488021 0.0508977 0.0522256 0.0530445 0.0535329 0.0538163 0.0539873 0.0540942 0.0541058 0.0538657 0.0530516 0.0511825 0.0477335 0.0423783 0.0352623 0.0271091
 0.00480417 0.00786922 0.0119714 0.0171281 0.0232251 0.0299179 0.0366056 0.0425793 0.047285 0.0505095 0.052377 0.0532148 0.0534068 0.053293 0.0531158 0.0530038 0.0529812 0.0529711 0.0527709 0.0520151 0.0501874 0.0467514 0.041403 0.0343294 0.0262842
 0.00496307 0.00813381 0.0123801 0.0177183 0.0240234 0.0309292 0.0378074 0.0439297 0.048738 0.0520182 0.0538732 0.0545784 0.0544638 0.0538632 0.0530866 0.052379 0.051872 0.0515428 0.0511831 0.0503857 0.0485879 0.045225 0.0399893 0.0330786 0.0252501
 0.00512128 0.00839442 0.0127793 0.0182932 0.024807 0.0319395 0.0390357 0.045334 0.0502479 0.0535504 0.0553468 0.0559197 0.0555948 0.054686 0.0534844 0.0522477 0.0511664 0.0503063 0.049538 0.0484937 0.0466088 0.0432951 0.0382194 0.0315562 0.0240342
 0.00536068 0.00878418 0.0133668 0.0191227 0.0259107 0.0333245 0.0406702 0.0471429 0.0521238 0.0553748 0.0570104 0.0573335 0.0566914 0.0554115 0.0537856 0.0520649 0.050444 0.0490211 0.0477313 0.0462829 0.044172 0.0408372 0.0359354 0.0296003 0.0224972
 0.00559338 0.00916962 0.0139601 0.0199796 0.0270763 0.0348155 0.0424564 0.0491415 0.0542112 0.0574113 0.0588639 0.0588949 0.0578792 0.0561695 0.0540753 0.051854 0.0497011 0.0477245 0.0458927 0.0439773 0.0415523 0.0381204 0.0333605 0.0273736 0.0207461
 0.00581868 0.00954407 0.0145392 0.0208213 0.0282305 0.0363068 0.0442658 0.0511969 0.0563955 0.0595818 0.0608751 0.0606155 0.0592038 0.0570235 0.0544123 0.051648 0.0489371 0.0463961 0.0440155 0.0416145 0.0388394 0.0352676 0.0306199 0.024979 0.0188521
 0.0059311 0.00974048 0.0148611 0.0213183 0.0289535 0.0372945 0.0455301 0.0527143 0.0581075 0.0614025 0.0626993 0.0623269 0.0606841 0.0581624 0.0551176 0.0518502 0.0485903 0.0454782 0.0425347 0.0396258 0.0364646 0.0327007 0.0281024 0.0227446 0.0170649
 0.00621963 0.0102081 0.0155619 0.0223015 0.0302536 0.038916 0.0474323 0.054806 0.0602594 0.0634727 0.0645577 0.0638701 0.0618376 0.0588759 0.0553565 0.0515887 0.0478076 0.0441628 0.0406966 0.0373179 0.0338048 0.0298798 0.0253617 0.0203218 0.0151292
 0.00646901 0.0106141 0.0161742 0.0231665 0.0314057 0.0403642 0.0491448 0.0567053 0.0622327 0.0653924 0.0663024 0.0653368 0.0629472 0.0595731 0.0556061 0.0513692 0.0471053 0.0429709 0.0390248 0.0352117 0.0313683 0.027285 0.0228299 0.0180741 0.0133261
 0.00665334 0.0109161 0.0166332 0.0238213 0.0322881 0.0414877 0.0504933 0.0582279 0.0638493 0.0670077 0.0678196 0.0666663 0.0640113 0.0603085 0.0559642 0.0513153 0.0466166 0.0420361 0.0376507 0.0334379 0.0292853 0.0250434 0.0206252 0.0161042 0.0117375
 0.00692401 0.0113545 0.0172893 0.024739 0.0334944 0.0429778 0.0522159 0.0600821 0.0657013 0.0687193 0.0692743 0.0677833 0.0647456 0.0606434 0.0559011 0.0508631 0.0457849 0.0408346 0.0360966 0.0315715 0.0271883 0.0228485 0.0185036 0.0142288 0.0102347
 0.00723348 0.0118419 0.0179937 0.0256863 0.0346934 0.044414 0.0538427 0.0618171 0.0674331 0.0703251 0.0706395 0.0688172 0.0653901 0.0608745 0.0557236 0.0503004 0.0448677 0.0395939 0.0345652 0.0297958 0.0252442 0.0208507 0.0165968 0.0125573 0.00890258
 0.00738369 0.012107 0.0184302 0.0263565 0.0356481 0.0456661 0.0553461 0.0634661 0.0690874 0.0718468 0.0719203 0.0697863 0.0660072 0.061121 0.0555976 0.049815 0.0440481 0.0384742 0.0331873 0.0282135 0.0235325 0.0191118 0.0149528 0.0111264 0.00776797
 0.00746193 0.0122419 0.0186491 0.0266938 0.0361429 0.0463549 0.0562504 0.0645781 0.0703591 0.0731879 0.073211 0.0709011 0.0668425 0.0616123 0.0557216 0.0495795 0.0434797 0.0376101 0.0320734 0.0269076 0.0221094 0.0176654 0.0135891 0.00994388 0.00683343
 0.00761029 0.0124701 0.0189686 0.0271082 0.0366498 0.0469488 0.0569246 0.0653235 0.0711624 0.0740278 0.0740528 0.0716923 0.0675145 0.0620916 0.055946 0.0495119 0.0431132 0.0369644 0.0311886 0.0258404 0.0209323 0.0164655 0.0124595 0.00896776 0.00606518
 0.00766172 0.0125506 0.0190838 0.0272608 0.0368386 0.0471693 0.0571692 0.065586 0.0714432 0.0743379 0.0744105 0.0721111 0.0679879 0.0625828 0.0563908 0.0498337 0.0432437 0.0368616 0.030845 0.0252836 0.0202196 0.0156748 0.0116769 0.00827076 0.00550628
 0.00750924 0.0123357 0.0188217 0.0269863 0.0365971 0.0470007 0.0570963 0.0656115 0.0715574 0.0745289 0.0746715 0.0724423 0.0683905 0.0630494 0.056895 0.0503263 0.0436592 0.0371341 0.0309272 0.0251613 0.0199167 0.0152473 0.0111981 0.00781299 0.00512305
 0.00757897 0.012428 0.0189231 0.0270756 0.0366563 0.0470293 0.0571187 0.0656683 0.0716827 0.0747286 0.0749181 0.0726897 0.0685995 0.0632049 0.0570044 0.0504038 0.0437076 0.0371368 0.0308553 0.0249902 0.0196422 0.0148931 0.0108098 0.00744262 0.0048124
 0.00755097 0.0123732 0.0188232 0.0269067 0.0363938 0.046658 0.056644 0.0651265 0.0711428 0.0742814 0.0746528 0.0726647 0.0688217 0.0636291 0.0575545 0.0509995 0.0442825 0.0376416 0.0312539 0.0252577 0.0197697 0.0148929 0.0107154 0.00729954 0.00466392
 0.00754771 0.0123745 0.0188362 0.0269392 0.0364481 0.0467235 0.0566931 0.0651197 0.0710437 0.0740768 0.074366 0.0723541 0.0685632 0.0634883 0.0575636 0.0511485 0.0445281 0.0379258 0.0315206 0.0254639 0.019891 0.0149257 0.0106756 0.00721578 0.00456747
 0.00759107 0.0124328 0.018902 0.0269996 0.03649 0.0467405 0.0566889 0.0651039 0.0710216 0.0740411 0.0742985 0.072239 0.068403 0.0633114 0.0574156 0.0510726 0.0445452 0.0380258 0.031669 0.0256167 0.0200105 0.0149912 0.0106861 0.00718576 0.00451794
 0.00772129 0.0126287 0.0191665 0.0273225 0.0368484 0.0471008 0.0570112 0.0653483 0.0711575 0.0740558 0.0741984 0.0720433 0.0681347 0.0629947 0.0570783 0.0507487 0.0442699 0.037824 0.031546 0.0255566 0.0199853 0.014974 0.0106606 0.00714877 0.00447562
 0.00778744 0.0127301 0.0193072 0.027501 0.0370565 0.0473231 0.0572252 0.0655266 0.0712741 0.0740933 0.074154 0.0719283 0.0679693 0.0628006 0.056874 0.0505495 0.0440904 0.0376785 0.0314443 0.0254993 0.0199621 0.0149683 0.0106571 0.0071395 0.00446017
 0.0076604 0.0125498 0.0190843 0.027262 0.0368361 0.0471523 0.0571214 0.0654914 0.0712974 0.0741599 0.0742484 0.0720374 0.0680831 0.062912 0.0569787 0.0506456 0.044178 0.03776 0.0315232 0.0255776 0.0200382 0.0150366 0.0107112 0.00717561 0.0044793
 0.00765253 0.0125124 0.0189847 0.0270602 0.0365017 0.0466876 0.0565766 0.0649571 0.0708738 0.073919 0.0742111 0.0721764 0.068344 0.0632375 0.0573229 0.0509786 0.0444833 0.0380307 0.0317579 0.0257774 0.0202046 0.01517 0.010812 0.00724546 0.00452267
 0.00786756 0.0128233 0.0193788 0.0274959 0.036914 0.0470012 0.0567229 0.0648921 0.0705951 0.0734743 0.0736891 0.0716784 0.067949 0.0629803 0.0571953 0.0509468 0.044509 0.0380835 0.0318192 0.025838 0.0202602 0.0152184 0.0108513 0.00727469 0.00454197
 0.00802229 0.0130775 0.0197637 0.0280347 0.0376077 0.0478109 0.0575588 0.0656227 0.0710818 0.0736185 0.0734681 0.0711511 0.0672321 0.0622073 0.0564772 0.0503491 0.0440502 0.0377498 0.0315833 0.0256732 0.0201465 0.0151419 0.0108021 0.00724473 0.00452478
 0.00803137 0.0130972 0.0198035 0.0281092 0.037736 0.0480135 0.0578498 0.0659988 0.0715112 0.0740377 0.0737932 0.0713048 0.0671742 0.0619525 0.0560892 0.049914 0.0436452 0.0374221 0.0313463 0.0255168 0.0200503 0.0150861 0.0107713 0.0072287 0.00451694
 0.00808696 0.0131921 0.0199544 0.0283336 0.0380475 0.048415 0.0583278 0.0665227 0.0720387 0.0745216 0.0741856 0.0715581 0.0672462 0.0618173 0.0557519 0.0494177 0.0430622 0.0368327 0.0308163 0.0250836 0.0197233 0.0148551 0.0106175 0.00713209 0.00445989
 0.00801813 0.013097 0.0198429 0.028227 0.0379749 0.0484062 0.0584056 0.0666984 0.0723093 0.0748691 0.0745775 0.0719513 0.0675913 0.062066 0.0558661 0.04938 0.0428838 0.0365528 0.0304904 0.0247662 0.0194531 0.0146493 0.0104752 0.00704168 0.00440692
 0.00784337 0.0128386 0.0195028 0.0278263 0.0375513 0.0480076 0.0580835 0.0665013 0.0722741 0.0750117 0.0748866 0.0723889 0.068101 0.0625838 0.0563307 0.0497422 0.0431149 0.0366497 0.0304754 0.0246785 0.0193357 0.0145363 0.0103855 0.00698035 0.00436983
 0.00765182 0.0125221 0.0190195 0.0271411 0.0366519 0.0469256 0.0569098 0.0653798 0.0713688 0.0744599 0.0747621 0.0726899 0.0687613 0.063496 0.0573712 0.0507922 0.0440771 0.037459 0.0311032 0.0251296 0.0196379 0.0147277 0.0105021 0.00704984 0.00441056
 0.00759881 0.0124101 0.0188031 0.0267617 0.0360516 0.0460706 0.0558151 0.0641214 0.0700783 0.0733015 0.073899 0.0722486 0.0688022 0.0639997 0.0582467 0.0519031 0.0452739 0.0386097 0.0321123 0.0259464 0.0202526 0.0151604 0.0107886 0.00722876 0.00451608
 0.00757704 0.0123816 0.0187705 0.0267254 0.0360013 0.0459761 0.0556242 0.0637732 0.0695304 0.0725605 0.0730375 0.0713957 0.0681098 0.0635989 0.0582092 0.0522234 0.0458768 0.0393767 0.0329174 0.0266858 0.0208625 0.0156182 0.0111041 0.0074295 0.00463438
 0.00744477 0.0121845 0.018508 0.0264099 0.0356563 0.0456301 0.0553029 0.0634909 0.0692821 0.0723205 0.072771 0.071083 0.0677702 0.0632966 0.0580353 0.0522589 0.0461574 0.0398765 0.0335587 0.0273675 0.0214925 0.0161361 0.0114874 0.00768686 0.00479178
 0.0073628 0.0120497 0.0183034 0.0261219 0.0352812 0.0451824 0.0548207 0.0630311 0.0689037 0.0720621 0.0726354 0.0710388 0.0677704 0.0633064 0.0580532 0.0523195 0.0463123 0.0401636 0.0339774 0.0278743 0.0220183 0.0166129 0.01187 0.0079608 0.00496775
 0.00745645 0.0121694 0.0184229 0.0261964 0.0352583 0.0450217 0.0545109 0.0625974 0.0684012 0.0715612 0.0722031 0.0707215 0.0675835 0.0632352 0.058067 0.0523927 0.0464388 0.0403549 0.0342463 0.0282157 0.0224016 0.0169913 0.012199 0.00821352 0.00513989
 0.00756219 0.0123417 0.0186805 0.0265497 0.0356987 0.0455098 0.0549716 0.0629322 0.0685205 0.0714204 0.0718226 0.0701783 0.0669797 0.0626628 0.0575852 0.052025 0.0461855 0.040209 0.0342017 0.0282646 0.0225265 0.017162 0.012379 0.00837171 0.00525901
 0.00746817 0.0122142 0.0185361 0.026421 0.035627 0.0455312 0.0551025 0.0631596 0.0688001 0.0716848 0.0719999 0.0702165 0.0668674 0.0624331 0.0573007 0.0517524 0.0459741 0.0400835 0.0341658 0.0283089 0.0226331 0.0173065 0.0125337 0.00851165 0.00536839
 0.00746004 0.0121933 0.018492 0.0263435 0.0355138 0.0453975 0.054985 0.0631089 0.0688592 0.0718656 0.0722701 0.0705072 0.0670983 0.0625438 0.0572722 0.0516098 0.0457716 0.0398809 0.0340092 0.0282215 0.0226162 0.0173451 0.0126047 0.00859147 0.00543905
 0.00749351 0.0122407 0.0185499 0.0264024 0.0355598 0.0454145 0.0549607 0.0630411 0.0687625 0.0717715 0.0722174 0.0705235 0.0671828 0.0626634 0.0573762 0.0516547 0.0457413 0.0397912 0.0338964 0.0281235 0.0225576 0.0173319 0.0126273 0.00863298 0.00548327
 0.0075221 0.0122975 0.0186533 0.0265737 0.0358139 0.0457491 0.0553467 0.0634246 0.0690796 0.0719702 0.0722756 0.0704544 0.0670249 0.0624611 0.0571606 0.0514355 0.0455137 0.0395505 0.0336496 0.0278907 0.0223622 0.0171896 0.0125401 0.00859066 0.00547011
 0.00748239 0.0122345 0.0185625 0.0264552 0.0356763 0.0456123 0.0552421 0.0633868 0.0691323 0.0721121 0.0724775 0.0706701 0.0672114 0.0625944 0.0572384 0.0514687 0.045514 0.0395247 0.0336019 0.027828 0.0222964 0.0171339 0.0125031 0.00857345 0.00546756
 0.0075271 0.0123024 0.0186554 0.0265709 0.0358084 0.0457511 0.0553761 0.0635062 0.0692322 0.0721945 0.0725477 0.0707301 0.0672545 0.062606 0.0572048 0.0513849 0.0453867 0.0393684 0.033433 0.0276613 0.0221444 0.0170068 0.0124072 0.00850936 0.00543041
 0.00742863 0.0121558 0.01846 0.0263353 0.0355483 0.0454857 0.0551257 0.063291 0.0690719 0.072107 0.0725466 0.0708212 0.0674325 0.0628524 0.057489 0.0516711 0.0456431 0.0395747 0.0335829 0.0277596 0.0222026 0.0170379 0.0124229 0.00851789 0.0054364
 0.00745005 0.012186 0.0184972 0.0263757 0.035588 0.0455234 0.0551634 0.0633317 0.0691159 0.0721488 0.0725765 0.0708311 0.0674213 0.0628275 0.0574617 0.051649 0.0456259 0.0395556 0.0335543 0.0277183 0.0221513 0.0169839 0.0123739 0.00847946 0.0054102
 0.00746828 0.012208 0.0185164 0.0263809 0.035567 0.0454671 0.0550712 0.0632132 0.0689896 0.072037 0.0724989 0.0707989 0.0674347 0.0628777 0.057536 0.0517358 0.0457159 0.039641 0.0336274 0.0277731 0.0221854 0.0169995 0.0123766 0.00847562 0.00540485
 0.00745971 0.0121982 0.0185088 0.0263799 0.0355749 0.0454808 0.05508 0.0632023 0.0689463 0.071959 0.0723977 0.0706961 0.0673539 0.0628359 0.0575384 0.0517768 0.045783 0.0397202 0.033706 0.0278416 0.0222379 0.0170345 0.0123962 0.00848437 0.00540742
 0.00712988 0.0116648 0.017714 0.0252797 0.0341574 0.0437904 0.0532357 0.0613922 0.0673894 0.0708481 0.0718528 0.0707467 0.0679488 0.063868 0.0588727 0.0532738 0.0473167 0.0411882 0.035034 0.0289824 0.0231689 0.0177538 0.0129196 0.00884035 0.00563215
 0.00719533 0.0117293 0.0177325 0.0251815 0.0338608 0.0432288 0.0523846 0.0602851 0.0661186 0.0695513 0.0706901 0.0698697 0.0674691 0.0638343 0.0592645 0.0540131 0.0482907 0.0422743 0.0361204 0.0299814 0.0240226 0.0184343 0.013425 0.00918882 0.00585401
 0.00715869 0.0116752 0.0176588 0.0250827 0.0337201 0.0430105 0.0520341 0.0597434 0.0653501 0.068574 0.0695891 0.0687868 0.0665687 0.063261 0.0591078 0.0542887 0.0489427 0.0431944 0.0371761 0.0310443 0.0249899 0.0192402 0.0140426 0.00962429 0.00613571
 0.00717603 0.0117145 0.0177381 0.0252244 0.0339432 0.0433177 0.0523987 0.0601027 0.0656111 0.068633 0.0693636 0.0682494 0.0657701 0.0623273 0.0582085 0.0535871 0.0485492 0.0431401 0.0374162 0.0314827 0.0255141 0.0197516 0.0144755 0.00994975 0.00635527
 0.0070781 0.0115697 0.0175478 0.0250022 0.0337144 0.0431167 0.0522636 0.0600661 0.0656863 0.0688 0.0695639 0.0683977 0.0657843 0.0621642 0.05789 0.053199 0.0482113 0.0429606 0.0374516 0.0317223 0.0258929 0.0201815 0.0148772 0.0102735 0.00658487
 0.00697951 0.0114161 0.0173301 0.0247183 0.0333728 0.042739 0.051887 0.0597409 0.0654653 0.0687228 0.0696407 0.068601 0.0660519 0.0624169 0.0580596 0.053257 0.0481832 0.0429148 0.0374663 0.0318485 0.0261332 0.0204947 0.0152026 0.010558 0.00679964
 0.00681874 0.0111556 0.0169406 0.0241761 0.0326679 0.0418869 0.050939 0.0587848 0.0646115 0.0680795 0.0692891 0.0685777 0.0663412 0.0629544 0.0587472 0.0539899 0.0488797 0.0435375 0.0380215 0.0323648 0.0266328 0.0209752 0.015639 0.0109201 0.00706929
 0.00681356 0.0111448 0.0169189 0.0241346 0.0325928 0.0417596 0.050739 0.058496 0.0642327 0.0676328 0.0688233 0.0681604 0.0660416 0.0628219 0.0587953 0.0541921 0.0491823 0.043882 0.0383668 0.0326951 0.026949 0.0212788 0.0159215 0.0111646 0.0072607
 0.00685905 0.0112116 0.0170061 0.024236 0.0326974 0.0418531 0.050804 0.0585122 0.0641779 0.0674882 0.0685814 0.0678341 0.0656691 0.0624609 0.0585072 0.0540224 0.0491455 0.0439615 0.0385271 0.0328993 0.0271697 0.0214988 0.0161279 0.0113449 0.00740452
 0.00685865 0.0112179 0.0170279 0.0242845 0.0327819 0.0419745 0.05095 0.0586582 0.0642926 0.067542 0.0685533 0.0677152 0.0654643 0.0621921 0.0582126 0.0537502 0.0489412 0.0438533 0.0385188 0.0329735 0.0272983 0.0216529 0.0162836 0.0114849 0.00751763
 0.0068866 0.0112638 0.0170981 0.0243861 0.0329216 0.0421573 0.0511755 0.0589167 0.0645625 0.06779 0.0687394 0.067802 0.0654272 0.062027 0.0579388 0.0534075 0.0485814 0.0435284 0.0382675 0.0328135 0.0272254 0.0216478 0.016321 0.0115408 0.00757399
 0.00683415 0.0111823 0.0169829 0.0242365 0.0327429 0.0419618 0.0509847 0.0587592 0.0644689 0.0677833 0.0688258 0.0679657 0.065633 0.0622296 0.0580974 0.053499 0.0486072 0.0435112 0.0382406 0.0328065 0.027254 0.0217108 0.0164048 0.0116278 0.0076498
 0.00680905 0.011149 0.0169464 0.0242058 0.0327276 0.0419682 0.0510122 0.0588012 0.0645168 0.0678317 0.0688751 0.0680199 0.0656944 0.0622933 0.0581495 0.0535215 0.048587 0.0434483 0.0381504 0.0327137 0.027182 0.0216726 0.0164 0.0116462 0.00767802
#obs surv len freq
 nan nan nan nan nan nan nan nan nan nan nan nan nan nan nan nan nan nan nan nan nan nan nan nan nan
 0.00448484 0.00734623 0.0111762 0.0159924 0.0216929 0.0279681 0.0342818 0.0400127 0.0446921 0.0481559 0.0505138 0.0520098 0.0529022 0.0534148 0.0537292 0.0539842 0.0542629 0.0545557 0.0546945 0.0542864 0.0527244 0.0493566 0.0438063 0.0362863 0.0276699
 0.00461061 0.00755374 0.0114938 0.0164473 0.0223044 0.0287371 0.0351808 0.040983 0.0456522 0.0490184 0.0512016 0.0524679 0.0531027 0.0533569 0.0534349 0.0534904 0.0536128 0.0537919 0.0538558 0.0534095 0.051848 0.0485234 0.0430608 0.0356662 0.027196
 0.0047776 0.00782396 0.0118983 0.0170147 0.023056 0.029679 0.0362941 0.0422184 0.0469328 0.0502498 0.0522857 0.0533147 0.053642 0.0535462 0.0532638 0.0529792 0.0528053 0.0527464 0.0526378 0.0520884 0.0504978 0.0472234 0.0418895 0.0346882 0.0264471
 0.00497111 0.00814231 0.0123842 0.0177096 0.0239912 0.0308623 0.0376964 0.0437704 0.048536 0.0517957 0.0536715 0.0544502 0.0544505 0.0539669 0.0532564 0.0525301 0.0519318 0.0514962 0.0510851 0.0503297 0.048648 0.0454092 0.0402365 0.0332991 0.0253796
 0.00516945 0.00846926 0.0128849 0.0184296 0.0249685 0.0321136 0.0392028 0.0454704 0.0503324 0.0535719 0.0553096 0.0558434 0.0555089 0.0546188 0.0534487 0.0522291 0.0511279 0.0502109 0.0493778 0.0483019 0.046441 0.043193 0.0381851 0.0315578 0.0240331
 0.00539873 0.00884184 0.0134456 0.0192208 0.0260233 0.0334442 0.0407881 0.0472505 0.0522147 0.0554467 0.0570645 0.0573729 0.0567185 0.0554278 0.0537911 0.0520559 0.05041 0.0489467 0.0476057 0.0461131 0.0439854 0.0406687 0.0358083 0.0295158 0.0224412
 0.00565201 0.00925603 0.0140733 0.0201119 0.0272148 0.0349449 0.0425628 0.0492165 0.0542554 0.0574358 0.0588868 0.0589326 0.0579384 0.0562427 0.0541444 0.0518978 0.0497013 0.0476682 0.045775 0.0438047 0.0413446 0.0379071 0.0331703 0.0272237 0.0206389
 0.00589811 0.00966219 0.0146958 0.0210072 0.028428 0.0364922 0.0444136 0.0512862 0.056418 0.0595484 0.0608144 0.0605637 0.0591895 0.0570554 0.0544771 0.0517171 0.0489775 0.0463811 0.0439308 0.0414614 0.0386348 0.0350399 0.0304008 0.0247938 0.018713
 0.00614042 0.0100589 0.0152983 0.021866 0.0295841 0.0379628 0.0461763 0.0532718 0.0585175 0.0616313 0.0627484 0.0622291 0.0604879 0.0579137 0.0548464 0.0515662 0.0482856 0.0451365 0.0421418 0.0391794 0.0359799 0.0322093 0.0276444 0.0223564 0.0167676
 0.00639279 0.0104711 0.0159222 0.0227508 0.030767 0.0394535 0.0479422 0.0552336 0.0605607 0.0636288 0.0645801 0.0637923 0.0616989 0.0587072 0.0551734 0.0513925 0.0475898 0.0439094 0.0403951 0.0369637 0.0334075 0.0294647 0.0249645 0.0199775 0.0148606
 0.00661305 0.0108356 0.0164826 0.0235591 0.0318645 0.0408549 0.0496181 0.0571052 0.0625122 0.0655303 0.0663107 0.0652522 0.0628131 0.0594222 0.0554524 0.0512095 0.0469265 0.0427572 0.0387637 0.0348995 0.0310135 0.0269098 0.0224661 0.0177544 0.0130735
 0.00685373 0.0112266 0.0170707 0.0243876 0.0329658 0.0422367 0.0512503 0.0589134 0.0643865 0.067345 0.0679443 0.0666029 0.0638053 0.060008 0.055607 0.0509238 0.0461988 0.0415915 0.0371765 0.0329358 0.0287666 0.0245313 0.020151 0.0156989 0.011422
 0.00709202 0.0116192 0.0176705 0.0252455 0.0341186 0.0436889 0.0529572 0.0607779 0.0662759 0.0691199 0.0694835 0.0678157 0.0646324 0.0604175 0.0555885 0.0504826 0.0453492 0.0403535 0.0355789 0.0310285 0.0266374 0.0223147 0.0180171 0.0138178 0.00991712
 0.00728198 0.0119353 0.0181598 0.0259564 0.0350912 0.0449392 0.0544598 0.0624598 0.0680243 0.0708029 0.0709734 0.0690061 0.0654489 0.0608198 0.0555669 0.0500492 0.0445289 0.0391783 0.0340886 0.0292792 0.0247137 0.0203367 0.016131 0.0121665 0.00860229
 0.00742776 0.0121741 0.018523 0.0264759 0.0357941 0.0458404 0.0555522 0.0637077 0.0693651 0.0721541 0.0722425 0.0701002 0.0662846 0.0613322 0.0557167 0.0498233 0.0439376 0.0382491 0.0328637 0.0278178 0.0230982 0.0186758 0.0145507 0.0107867 0.00750638
 0.00753282 0.0123417 0.0187699 0.0268164 0.0362395 0.0463967 0.0562169 0.0644679 0.0701976 0.0730272 0.0731167 0.0709275 0.0670083 0.0618909 0.0560508 0.0498852 0.0436993 0.0377066 0.0320383 0.026757 0.0218758 0.0173897 0.0133116 0.00969748 0.00663817
 0.00760585 0.0124568 0.0189363 0.0270406 0.0365246 0.0467414 0.0566152 0.0649091 0.0706693 0.0735188 0.0736195 0.0714315 0.0674958 0.0623314 0.0564009 0.0500931 0.0437151 0.0374944 0.0315863 0.0260844 0.0210348 0.0164604 0.0123893 0.00887217 0.00597318
 0.00763599 0.012504 0.019004 0.0271312 0.0366395 0.0468811 0.0567793 0.0650968 0.0708801 0.0737532 0.0738795 0.0717186 0.0678079 0.0626575 0.0567174 0.0503627 0.0438909 0.0375286 0.0314439 0.0257555 0.0205427 0.0158603 0.011757 0.0082845 0.00548807
 0.00774109 0.0126594 0.0192092 0.0273754 0.0369045 0.0471467 0.0570271 0.0653126 0.0710548 0.0738841 0.0739708 0.0717813 0.0678562 0.0627048 0.0567697 0.0504138 0.0439201 0.0375037 0.0313302 0.0255292 0.0202032 0.0154353 0.0112972 0.00784782 0.00512169
 0.00776515 0.0127023 0.01928 0.0274829 0.0370533 0.0473312 0.0572291 0.0655041 0.0712081 0.0739828 0.0740161 0.0717889 0.0678484 0.0627011 0.0567816 0.0504424 0.0439547 0.0375229 0.0313063 0.0254368 0.02003 0.0151905 0.0110104 0.00756025 0.00487087
 0.0078303 0.0127988 0.0194082 0.0276379 0.0372272 0.0475168 0.0574208 0.0656957 0.0713887 0.0741356 0.0741215 0.0718324 0.0678279 0.0626287 0.0566792 0.0503322 0.0438507 0.0374266 0.0312069 0.0253175 0.0198771 0.015002 0.0107995 0.00735061 0.0046872
 0.00784552 0.0128245 0.0194481 0.0276951 0.0373026 0.0476071 0.057518 0.0657892 0.07147 0.0742017 0.0741746 0.0718753 0.0678598 0.0626457 0.0566773 0.050312 0.0438169 0.0373841 0.0311561 0.025253 0.0197917 0.0148927 0.0106721 0.00721901 0.00456795
 0.00787469 0.0128672 0.0195036 0.0277603 0.037373 0.0476789 0.0575889 0.065858 0.0715345 0.074258 0.074218 0.0719029 0.0678711 0.0626424 0.0566615 0.0502848 0.0437794 0.0373373 0.031101 0.0251892 0.0197176 0.0148077 0.0105794 0.00712618 0.00448464
 0.00787203 0.0128624 0.0194957 0.0277478 0.0373543 0.047653 0.0575562 0.0658213 0.0714996 0.0742328 0.0742106 0.0719181 0.0679091 0.062698 0.0567265 0.0503503 0.0438375 0.0373824 0.0311295 0.025199 0.0197083 0.0147806 0.0105386 0.00707849 0.00443786
 0.00787207 0.0128555 0.0194726 0.0276963 0.0372634 0.0475186 0.0573859 0.0656345 0.0713225 0.0740907 0.0741221 0.0718927 0.0679468 0.0627911 0.0568613 0.0505094 0.0440029 0.0375381 0.0312635 0.0253039 0.0197809 0.0148222 0.0105539 0.00707505 0.00442424
 0.0078855 0.0128749 0.0194968 0.0277213 0.0372819 0.0475199 0.0573579 0.0655671 0.0712129 0.0739479 0.0739668 0.0717517 0.0678452 0.0627446 0.0568735 0.0505728 0.0441024 0.0376554 0.0313808 0.0254074 0.0198616 0.0148769 0.0105844 0.00708656 0.00442375
 0.00789429 0.0128873 0.0195119 0.027737 0.0372949 0.0475266 0.0573542 0.0655485 0.0711747 0.0738864 0.0738819 0.07165 0.0677404 0.0626554 0.0568173 0.0505603 0.0441343 0.0377227 0.0314685 0.0254989 0.0199433 0.0149403 0.0106268 0.00711031 0.00443386
 0.00788563 0.0128748 0.019496 0.027719 0.0372763 0.0475084 0.0573362 0.0655295 0.0711529 0.07386 0.0738494 0.0716106 0.0676954 0.0626092 0.0567782 0.0505385 0.0441383 0.0377555 0.0315259 0.0255705 0.0200165 0.0150042 0.0106752 0.00714205 0.00445158
 0.00789883 0.012889 0.0195043 0.027711 0.037242 0.0474431 0.0572444 0.0654246 0.0710521 0.0737783 0.0737945 0.0715828 0.0676896 0.0626187 0.0567977 0.0505663 0.0441758 0.0378053 0.0315884 0.0256423 0.0200906 0.0150721 0.0107303 0.00718153 0.00447641
 0.00784864 0.0128155 0.0194084 0.0275979 0.0371185 0.0473142 0.057112 0.0652893 0.070918 0.0736558 0.0737 0.0715326 0.0676935 0.0626759 0.056898 0.0506946 0.0443178 0.0379504 0.0317299 0.0257756 0.020211 0.0151749 0.0108118 0.00724056 0.00451509
 0.00782331 0.0127653 0.019317 0.0274467 0.0368942 0.0470182 0.0567673 0.0649376 0.0706072 0.0734239 0.0735662 0.0714982 0.0677491 0.0628079 0.057091 0.0509309 0.0445778 0.0382148 0.0319823 0.0260038 0.0204073 0.015335 0.0109346 0.00732809 0.00457244
 0.00781362 0.0127493 0.0192918 0.0274075 0.0368331 0.046924 0.0566277 0.0647452 0.070367 0.0731582 0.0733113 0.0712943 0.0676268 0.0627806 0.0571545 0.0510692 0.0447691 0.0384359 0.0322114 0.0262225 0.0206016 0.0154964 0.0110595 0.00741781 0.00463171
 0.00777691 0.0126916 0.0192086 0.0272966 0.0366948 0.0467619 0.0564489 0.0645588 0.0701816 0.0729807 0.0731482 0.0711555 0.067528 0.06274 0.0571863 0.051177 0.0449436 0.0386576 0.0324561 0.0264662 0.0208243 0.0156845 0.0112065 0.00752384 0.0047019
 0.00774008 0.0126299 0.0191126 0.0271573 0.0365065 0.0465263 0.0561788 0.0642775 0.069918 0.0727609 0.0729891 0.071063 0.0675001 0.0627721 0.0572753 0.0513211 0.0451391 0.0388952 0.0327193 0.0267335 0.0210743 0.0158998 0.0113773 0.00764816 0.00478471
 0.00771025 0.0125788 0.0190311 0.0270352 0.0363348 0.0463015 0.0559062 0.0639737 0.069609 0.0724775 0.0727612 0.0709133 0.0674401 0.0628014 0.0573842 0.0514956 0.0453644 0.0391567 0.0330012 0.027018 0.021342 0.0161335 0.0115653 0.00778688 0.00487811
 0.0076849 0.0125395 0.0189752 0.0269606 0.0362397 0.0461833 0.0557623 0.063803 0.0694143 0.0722685 0.0725542 0.07073 0.0673033 0.0627297 0.0573875 0.0515734 0.0455076 0.0393505 0.0332277 0.0272581 0.0215762 0.0163442 0.0117395 0.00791852 0.0049686
 0.00766336 0.0125036 0.0189198 0.0268808 0.0361325 0.0460497 0.0556084 0.0636393 0.0692524 0.0721173 0.0724191 0.0706144 0.0672125 0.0626723 0.0573744 0.0516137 0.0456046 0.0394993 0.0334162 0.0274685 0.0217888 0.0165404 0.0119051 0.008046 0.00505765
 0.00763956 0.0124665 0.0188668 0.0268104 0.0360441 0.0459437 0.0554868 0.0635065 0.0691158 0.0719861 0.0723026 0.0705202 0.0671452 0.0626345 0.0573684 0.0516429 0.0456727 0.0396076 0.0335606 0.0276383 0.0219684 0.0167124 0.0120546 0.00816373 0.0051415
 0.00760598 0.0124147 0.0187941 0.0267164 0.0359309 0.0458158 0.0553511 0.0633718 0.0689913 0.0718794 0.0722188 0.0704619 0.0671136 0.06263 0.057391 0.0516929 0.0457502 0.0397126 0.0336909 0.0277881 0.0221272 0.0168666 0.0121909 0.00827311 0.00522069
 0.00759689 0.0123984 0.0187669 0.0266742 0.0358702 0.0457359 0.0552555 0.0632678 0.0688883 0.0717863 0.0721416 0.0704037 0.0670751 0.062611 0.0573919 0.0517142 0.0457932 0.0397781 0.0337782 0.0278938 0.0222442 0.0169848 0.0122994 0.00836291 0.00528754
 0.0075736 0.0123628 0.0187173 0.0266103 0.0357929 0.0456466 0.0551565 0.0631629 0.0687834 0.0716892 0.072061 0.0703469 0.0670464 0.0626113 0.0574186 0.0517637 0.0458618 0.039863 0.033877 0.028003 0.0223585 0.0170967 0.0124005 0.00844636 0.00534986
 0.00757258 0.0123608 0.0187136 0.026604 0.0357832 0.0456327 0.0551377 0.0631386 0.0687527 0.0716509 0.0720147 0.0702942 0.0669917 0.0625611 0.0573798 0.0517417 0.0458595 0.039881 0.033914 0.0280563 0.0224233 0.0171667 0.0124683 0.0085053 0.00539575
 0.00756285 0.012347 0.0186967 0.026586 0.0357664 0.045619 0.0551274 0.0631307 0.0687449 0.071641 0.0720009 0.0702753 0.0669674 0.062533 0.0573514 0.051718 0.0458458 0.0398813 0.0339303 0.0280879 0.022467 0.0172172 0.0125194 0.00855108 0.00543225
 0.00754588 0.0123207 0.0186597 0.0265383 0.0357099 0.0455576 0.0550673 0.0630791 0.0687085 0.0716233 0.0720011 0.0702889 0.0669886 0.0625561 0.0573731 0.0517375 0.045865 0.0399034 0.0339584 0.0281236 0.0225096 0.0172636 0.012565 0.00859151 0.00546433
 0.00752388 0.0122864 0.0186109 0.0264741 0.0356312 0.0454676 0.054972 0.0629872 0.06863 0.0715676 0.0719745 0.070293 0.0670199 0.0626077 0.0574363 0.0518046 0.0459306 0.0399655 0.0340172 0.0281802 0.0225646 0.0173159 0.0126125 0.00863151 0.00549514
 0.00751167 0.012263 0.0185692 0.0264061 0.0355301 0.0453322 0.0548096 0.0628138 0.0684667 0.0714348 0.0718873 0.070259 0.0670391 0.0626735 0.0575376 0.051928 0.046063 0.0400961 0.0341391 0.0282897 0.0226601 0.017397 0.0126787 0.00868273 0.00553208
 0.0075049 0.0122552 0.0185629 0.0264044 0.0355346 0.04534 0.0548118 0.0627983 0.0684234 0.0713617 0.0717928 0.0701597 0.0669537 0.0626168 0.0575168 0.0519423 0.0461059 0.0401577 0.0342093 0.0283605 0.022726 0.0174548 0.0127267 0.00872031 0.00555945
 0.00750487 0.012253 0.018556 0.0263898 0.0355104 0.0453072 0.0547753 0.0627642 0.068396 0.0713398 0.0717704 0.0701304 0.066916 0.0625763 0.0574841 0.0519279 0.0461154 0.0401906 0.0342597 0.02842 0.0227867 0.0175104 0.0127735 0.00875666 0.00558553
 0.00748222 0.0122201 0.0185138 0.0263411 0.0354592 0.0452564 0.0547262 0.0627174 0.0683529 0.0713035 0.0717449 0.070118 0.0669154 0.0625841 0.0574975 0.0519471 0.0461432 0.0402302 0.0343115 0.0284806 0.0228501 0.0175701 0.0128245 0.00879636 0.00561373
 0.00748222 0.0122201 0.0185138 0.0263411 0.0354592 0.0452564 0.0547262 0.0627174 0.0683529 0.0713035 0.0717449 0.070118 0.0669154 0.0625841 0.0574975 0.0519471 0.0461432 0.0402302 0.0343115 0.0284806 0.0228501 0.0175701 0.0128245 0.00879636 0.00561373
 0.00710821 0.0116226 0.0176371 0.0251489 0.0339511 0.0434896 0.0528313 0.0608909 0.0668171 0.0702493 0.0712841 0.0702662 0.0676053 0.0636929 0.0588791 0.0534589 0.0476652 0.0416725 0.0356143 0.0296081 0.0237841 0.018307 0.0133739 0.00918001 0.00586233
 0.00708464 0.0115436 0.0174427 0.0247576 0.0332793 0.0424843 0.0515017 0.059323 0.0651634 0.0686998 0.0700295 0.0694619 0.0673415 0.0639797 0.0596495 0.0545904 0.0490101 0.0430875 0.0369808 0.0308405 0.0248304 0.0191442 0.0140032 0.00962146 0.00614918
 0.00706425 0.0115186 0.0174167 0.0247302 0.033234 0.0423766 0.0512566 0.0588533 0.0644081 0.0676645 0.0688079 0.068222 0.0662819 0.0632754 0.0594071 0.0548273 0.0496601 0.0440271 0.0380639 0.0319313 0.0258239 0.0199752 0.014645 0.0100793 0.0064497
 0.00707813 0.011544 0.0174605 0.0248008 0.0333392 0.0425178 0.0514205 0.0590029 0.0644784 0.0675717 0.0684761 0.0676211 0.0654588 0.0623566 0.0585665 0.0542308 0.0494129 0.0441471 0.0384877 0.0325448 0.0265018 0.0206128 0.0151754 0.0104759 0.00671799
 0.00696774 0.0113807 0.0172453 0.0245464 0.0330681 0.042258 0.0512011 0.0588488 0.0644027 0.0675661 0.0685037 0.067621 0.0653674 0.0621397 0.0582473 0.0538927 0.0491719 0.044104 0.0386866 0.0329583 0.0270474 0.0211884 0.0156941 0.010886 0.00700632
 0.00694734 0.0113389 0.0171672 0.0244151 0.0328717 0.0419993 0.0509041 0.0585566 0.0641644 0.0674191 0.0684592 0.0676592 0.0654424 0.0621952 0.0582383 0.0538094 0.0490506 0.0440163 0.0387071 0.033128 0.0273546 0.0215765 0.0160894 0.0112276 0.00726246
 0.00684595 0.0111833 0.0169496 0.0241335 0.0325284 0.0416001 0.0504603 0.0580896 0.0637095 0.0670247 0.0681771 0.0675293 0.0654771 0.0623716 0.0585055 0.054108 0.0493386 0.0442852 0.0389794 0.0334363 0.0277149 0.0219733 0.0164819 0.0115706 0.00752631
 0.00685731 0.0111946 0.0169537 0.0241192 0.0324838 0.0415164 0.0503349 0.0579255 0.0635129 0.0668028 0.0679415 0.0672996 0.0652813 0.0622389 0.0584534 0.054134 0.0494232 0.0444055 0.0391237 0.0336077 0.0279209 0.0222114 0.0167332 0.0118055 0.0077189
 0.00685444 0.0111991 0.0169765 0.0241741 0.0325812 0.0416547 0.0504953 0.0580739 0.0636109 0.0668209 0.067868 0.0671418 0.0650621 0.061991 0.0582127 0.053932 0.0492795 0.0443256 0.0391033 0.03364 0.0279999 0.0223293 0.0168753 0.0119511 0.00784732
 0.00684363 0.0111833 0.0169568 0.0241543 0.032569 0.0416619 0.0505352 0.0581558 0.0637326 0.0669634 0.0679978 0.067222 0.0650662 0.0619131 0.0580688 0.0537533 0.0491015 0.0441783 0.0390054 0.0335982 0.0280115 0.0223847 0.0169598 0.0120467 0.00793681
 0.00688878 0.0112552 0.0170619 0.0242969 0.0327496 0.0418757 0.0507708 0.0583966 0.0639599 0.0671604 0.0681495 0.0673135 0.0650819 0.0618396 0.0579027 0.0535068 0.0488029 0.0438656 0.0387163 0.0333613 0.0278419 0.0222835 0.0169168 0.0120449 0.00795712
 0.00684689 0.0111945 0.0169846 0.0242105 0.0326656 0.0418075 0.050731 0.0583951 0.0640024 0.067247 0.0682742 0.0674638 0.0652393 0.0619817 0.058006 0.0535534 0.048787 0.0437966 0.0386167 0.0332588 0.0277602 0.0222355 0.0169031 0.0120567 0.00798195
 0.00687003 0.0112258 0.0170204 0.0242441 0.0326905 0.0418209 0.0507366 0.0584027 0.0640232 0.0672889 0.068338 0.0675439 0.0653253 0.0620608 0.0580643 0.0535775 0.048767 0.0437306 0.0385135 0.033137 0.0276422 0.0221401 0.0168398 0.0120244 0.00797241
#pred catch len freq
 0.00320904 0.00520678 0.00785155 0.0111867 0.015253 0.0200417 0.0254332 0.0311848 0.03698 0.0424932 0.0474388 0.0516084 0.0548991 0.057315 0.0589393 0.0598962 0.060323 0.060338 0.0599744 0.0590747 0.0572141 0.0537747 0.0482392 0.0405902 0.0315348
 0.00347757 0.00556703 0.00825531 0.0115488 0.0154835 0.0200919 0.0253251 0.0310003 0.0368119 0.042391 0.0473854 0.0515418 0.0547623 0.0571016 0.0587083 0.0597487 0.0603521 0.0605749 0.0603571 0.0594604 0.0574362 0.0537188 0.0478961 0.0400541 0.0309498
 0.00359071 0.00578654 0.00864502 0.0121731 0.0163716 0.0211944 0.0264944 0.0320244 0.0374985 0.0426529 0.0472668 0.0511696 0.0542641 0.0565541 0.0581427 0.0591897 0.0598438 0.0601678 0.060068 0.0592434 0.0571943 0.0533561 0.0473763 0.0394232 0.0303087
 0.00373221 0.00600556 0.00895968 0.0126073 0.0169663 0.0220128 0.0276036 0.0334484 0.039161 0.0443527 0.0487232 0.0521267 0.0545927 0.056285 0.0574198 0.0581903 0.0587202 0.0590278 0.0589741 0.0582126 0.0562046 0.0523723 0.0463868 0.0384638 0.0294504
 0.00388827 0.00625773 0.00933615 0.0131331 0.0176601 0.0228835 0.0286502 0.0346653 0.0405409 0.0458747 0.0503205 0.053655 0.0558384 0.057028 0.0575204 0.0576435 0.0576443 0.0576028 0.0573743 0.0565656 0.0545857 0.0508235 0.0449456 0.0371805 0.0283819
