SBPRF35
12.7214
Curr Bio
793890
B35
858743
F35
0.171338
FOFL
0.158944
OFL
104166
Bzero
3.63469e+006
#pred survey bio
 3.1022e+006 2.82849e+006 2.55498e+006 2.32642e+006 2.05097e+006 1.84337e+006 1.62378e+006 1.43463e+006 1.27704e+006 1.14194e+006 1.00973e+006 904891 809768 739416 684713 633129 603433 576799 565788 558075 558970 568791 563425 552469 558879 560053 564068 561644 572610 581126 597980 607808 612863 620356 639184 652983 668346 672058 680439 677087 688311 697279 697252 706407 712813 709252 714659 739379 758920 769074 798731 2.81497e+007 1.6869e+007 1.71395e+007 1.80153e+007 1.93069e+007 2.07628e+007 2.2193e+007 2.34845e+007 2.45869e+007 2.54923e+007 2.6216e+007 2.67835e+007 2.72229e+007 2.75603e+007 2.7818e+007 2.80146e+007 2.81644e+007 2.82788e+007 2.83664e+007 2.84337e+007 2.84856e+007 2.85259e+007 2.85573e+007 2.85819e+007 2.86012e+007 2.86165e+007 2.86285e+007 2.86381e+007 2.86458e+007 2.86519e+007 2.86568e+007 2.86608e+007 2.8664e+007 2.86666e+007 2.86687e+007 2.86704e+007 2.86718e+007 2.86729e+007 2.86738e+007 2.86745e+007 2.86751e+007 2.86756e+007 2.86761e+007 2.86764e+007 2.86767e+007 2.86769e+007 2.86771e+007 2.86772e+007 2.86773e+007 2.86774e+007 2.86775e+007 2.86776e+007 2.86776e+007 2.86777e+007 2.86777e+007 2.86777e+007 2.86778e+007 2.86778e+007 2.86778e+007 2.86778e+007 2.86778e+007 2.86778e+007 2.86778e+007 2.86778e+007 2.86778e+007 2.86779e+007 2.86779e+007 2.86779e+007 2.86779e+007 2.86779e+007 2.86779e+007 2.86779e+007 2.86779e+007 2.86779e+007 2.86779e+007 2.86779e+007 2.86779e+007 2.86779e+007 2.86779e+007 2.86779e+007 2.86779e+007 2.86779e+007 2.86779e+007 2.86779e+007 2.86779e+007 2.86779e+007 2.86779e+007 2.86779e+007 2.86779e+007 2.86779e+007 2.86779e+007 2.86779e+007 2.86779e+007 2.86779e+007 2.86779e+007 2.86779e+007 2.86779e+007 2.86779e+007 2.86779e+007 2.86779e+007 0 0 0 0 0 0 0 0 0 0 0 0 0 0 0 0 0 0 0 0 0 0 0 0 0
#obs survey bio
 2.58083e+006 3.79303e+006 2.98274e+006 1.76787e+006 1.83647e+006 1.64317e+006 1.11568e+006 1.59412e+006 1.07647e+006 720923 756514 715817 1.1207e+006 973946 768807 696839 453396 519650 711043 505129 477523 577324 604651 701553 493191 752466 611242 583136 639848 648676 574462 576167 514313 556428 623991 748205 913411 726031 771730 588547 511188 839883 743618 778628 822186 826589 702237 713897 723851 1.1661e+006 866913
#pred catch bio
 293055 307983 282626 340119 292193 314324 295062 272102 255180 253386 228172 215752 187914 167800 158885 135714 130602 115999 112966 106402 100411 113274 115706 99252.8 102741 99117.6 103354 91659 94460.2 88557.6 95780.9 100323 98627.7 90237.6 96243.5 96196.5 106672 103140 113933 102779 106545 114868 107222 109845 117668 109216 93449.4 99181.1 107467 90356.7 108475 104166 111341 111874 116266 124037 133122 142043 149998 156661 162001 166144 169281 171610 173315 174549 175434 176063 176508 176822 177042 177195 177303 177377 177429 177465 177490 177508 177519 177528 177533 177537 177540 177542 177543 177544 177544 177545 177545 177545 177546 177546 177546 177546 177546 177546 177546 177546 177546 177546 177546 177546 177546 177546 177546 177546 177546 177546 177546 177546 177546 177546 177546 177546 177546 177546 177546 177546 177546 177546 177546 177546 177546 177546 177546 177546 177546 177546 177546 177546 177546 177546 177546 177546 177546 177546 177546 177546 177546 177546 177546 177546 177546 177546 177546 177546 177546 177546 177546 177546 177546 0 0 0 0 0 0 0 0 0 0 0 0 0 0 0 0 0 0 0 0 0 0 0 0 0
#obs catch bio
 241354 308166 282235 342615 293100 316970 299064 274393 257307 255965 231599 220470 189315 167197 157718 134647 130688 116356 113108 106790 101311 114597 116747 99152.9 103043 98859.3 103245 91228.4 94308.6 88209.7 95764.5 100285 98828.3 90154.4 96298.6 96191.4 106518 102623 113754 102822 106978 115418 107367 110064 117970 109136 93044.9 98971 107936 90050.8 108608
#pred cpue bio
 3.05425e+006 2.78217e+006 2.51028e+006 2.2823e+006 2.00812e+006 1.80124e+006 1.58293e+006 1.39517e+006 1.239e+006 1.10518e+006 974397 870956 778003 709956 657198 607167 578181 552032 541176 533549 534147 543621 538727 528538 535146 536590 540817 538656 549378 557663 574082 583696 588670 596005 614359 627776 642833 646553 654640 651085 661755 670416 670490 679567 685990 682716 688145 712430 731706 741854 771525 2.72376e+007 1.63364e+007 1.64712e+007 1.71884e+007 1.84227e+007 1.98649e+007 2.12924e+007 2.25833e+007 2.36857e+007 2.45911e+007 2.53148e+007 2.58823e+007 2.63217e+007 2.66591e+007 2.69168e+007 2.71133e+007 2.72631e+007 2.73775e+007 2.74651e+007 2.75324e+007 2.75844e+007 2.76247e+007 2.76561e+007 2.76806e+007 2.77e+007 2.77152e+007 2.77273e+007 2.77369e+007 2.77445e+007 2.77507e+007 2.77556e+007 2.77595e+007 2.77627e+007 2.77653e+007 2.77674e+007 2.77691e+007 2.77705e+007 2.77716e+007 2.77725e+007 2.77733e+007 2.77739e+007 2.77744e+007 2.77748e+007 2.77751e+007 2.77754e+007 2.77756e+007 2.77758e+007 2.7776e+007 2.77761e+007 2.77762e+007 2.77763e+007 2.77763e+007 2.77764e+007 2.77764e+007 2.77765e+007 2.77765e+007 2.77765e+007 2.77765e+007 2.77766e+007 2.77766e+007 2.77766e+007 2.77766e+007 2.77766e+007 2.77766e+007 2.77766e+007 2.77766e+007 2.77766e+007 2.77766e+007 2.77766e+007 2.77766e+007 2.77766e+007 2.77766e+007 2.77766e+007 2.77766e+007 2.77766e+007 2.77766e+007 2.77766e+007 2.77766e+007 2.77766e+007 2.77766e+007 2.77766e+007 2.77766e+007 2.77766e+007 2.77766e+007 2.77766e+007 2.77766e+007 2.77766e+007 2.77766e+007 2.77766e+007 2.77766e+007 2.77766e+007 2.77766e+007 2.77766e+007 2.77766e+007 2.77766e+007 2.77766e+007 2.77766e+007 2.77766e+007 2.77766e+007 2.77766e+007 0 0 0 0 0 0 0 0 0 0 0 0 0 0 0 0 0 0 0 0 0 0 0 0 0
#obs cpue bio
 4.01928e+006 2.52578e+006 1.85057e+006 2.00258e+006 2.04388e+006 1.62439e+006 1.32428e+006 1.54421e+006 1.30049e+006 1.54448e+006 780661 658949 929005 943885 823694 592281 521995 467279 493821 465603 342040 485098 553956 617838 512857 553513 520064 614399 460767 553394 492916 644941 575388 727559 636090 516911 627924 719200 543216 520069 667326 571665 679885 585458 629642 741464 849685 696264 499012 677544 678335
#pred surv len freq
 0.00570801 0.00916494 0.0136001 0.0189268 0.0249765 0.0314329 0.0377927 0.0434686 0.048002 0.0512183 0.0532115 0.0542163 0.0544901 0.0542565 0.0536902 0.052922 0.0520495 0.0511369 0.0501745 0.0489961 0.0472124 0.0442689 0.0396893 0.0334118 0.0259831
 0.00603834 0.0096346 0.0141873 0.0195821 0.0256543 0.0321315 0.0385724 0.0444241 0.0491981 0.0526261 0.0546915 0.0555621 0.055508 0.0548336 0.0538192 0.0526751 0.0515233 0.0503966 0.0492243 0.0477917 0.0457132 0.0425007 0.0377771 0.0315544 0.0243805
 0.00640572 0.0102233 0.0150528 0.0207588 0.0271366 0.0338543 0.040406 0.0462023 0.0507775 0.0539401 0.0557552 0.0564208 0.0561702 0.0552433 0.0538854 0.0523288 0.0507539 0.0492443 0.0477447 0.0460285 0.0437056 0.0403195 0.0355542 0.029472 0.0226165
 0.00665351 0.0106281 0.0156669 0.0216347 0.0283189 0.035364 0.0422185 0.0482297 0.0528691 0.0559093 0.057427 0.0576788 0.056977 0.0556199 0.0538656 0.0519241 0.0499526 0.0480358 0.0461431 0.0440808 0.0414922 0.0379594 0.0332074 0.027321 0.0208223
 0.00704392 0.0112422 0.0165534 0.0228276 0.0298349 0.0371981 0.0443341 0.0505506 0.0552779 0.0582554 0.0595397 0.059389 0.0581448 0.0561634 0.0537719 0.0512339 0.0487278 0.0463345 0.0440172 0.041595 0.0387482 0.0351095 0.0304464 0.0248526 0.0188078
 0.00731733 0.011682 0.0172069 0.0237362 0.0310279 0.0386823 0.0460828 0.0524999 0.0573348 0.060313 0.0614874 0.0611131 0.0595278 0.0570903 0.0541475 0.0510029 0.0478835 0.0449133 0.0420863 0.039248 0.0361131 0.032357 0.0277816 0.0224807 0.0168843
 0.00758675 0.012124 0.0178795 0.0246961 0.0323192 0.0403188 0.0480301 0.0546679 0.0595909 0.0625077 0.0634807 0.0627903 0.0608017 0.0578947 0.0544294 0.0507198 0.0470102 0.0434533 0.0400832 0.0367937 0.0333518 0.0294825 0.0250183 0.0200431 0.0149263
 0.00786627 0.0125632 0.0185136 0.0255515 0.0334142 0.0416618 0.0496126 0.0564546 0.0615127 0.0644629 0.0653451 0.0644338 0.0621071 0.0587715 0.0548165 0.0505796 0.0463218 0.0422136 0.038318 0.0345744 0.0308095 0.0268066 0.0224325 0.0177601 0.0130964
 0.00818012 0.0130518 0.0192088 0.0264685 0.0345504 0.042996 0.0511029 0.0580395 0.0631195 0.0660192 0.0667856 0.0656972 0.06313 0.0594861 0.0551567 0.0504889 0.0457605 0.0411635 0.0367906 0.0326244 0.0285483 0.0244044 0.0200971 0.0156921 0.0114379
 0.00847554 0.0135214 0.019895 0.0274019 0.0357426 0.044429 0.0527192 0.0597423 0.0647885 0.0675383 0.0680661 0.0666872 0.0638083 0.0598471 0.0551946 0.0501891 0.0451002 0.0401213 0.0353632 0.0308456 0.0265054 0.0222416 0.0179964 0.0138325 0.00994768
 0.00869667 0.0138935 0.0204779 0.0282576 0.0369202 0.0459414 0.0545203 0.06172 0.0667818 0.069371 0.0695829 0.0677795 0.0644249 0.0599909 0.0549059 0.0495223 0.0441022 0.0388235 0.0337884 0.0290288 0.0245165 0.0201964 0.0160448 0.012124 0.00858854
 0.00860342 0.0137921 0.0204196 0.0283259 0.0372148 0.0465498 0.0554886 0.0630347 0.068367 0.0710983 0.0712896 0.0692954 0.065603 0.0607331 0.0551749 0.0493341 0.0435068 0.0378821 0.0325608 0.0275758 0.0229133 0.0185441 0.0144663 0.0107403 0.00748636
 0.00855296 0.0137135 0.0203108 0.0281957 0.0370916 0.0464894 0.0555743 0.0633615 0.0690096 0.0720744 0.0725393 0.0706875 0.0669656 0.0618952 0.0560016 0.0497473 0.043488 0.0374608 0.0317974 0.0265481 0.0217119 0.0172727 0.0132364 0.00965537 0.00661882
 0.00864752 0.0138332 0.0204283 0.0282655 0.0370642 0.0463345 0.0553027 0.0630339 0.0687281 0.0719583 0.0726909 0.0711572 0.0677279 0.0628474 0.0569884 0.0506034 0.0440787 0.0377087 0.031688 0.0261206 0.0210443 0.0164664 0.0124008 0.00888914 0.00599189
 0.0088126 0.014078 0.0207511 0.0286443 0.0374562 0.0466808 0.0555364 0.0630963 0.0685919 0.0716495 0.0722953 0.0708004 0.0675338 0.0628917 0.0572696 0.0510419 0.0445454 0.0380682 0.0318397 0.0260222 0.020715 0.0159732 0.0118351 0.00834149 0.00552977
 0.00912693 0.0145496 0.0213864 0.029421 0.0383262 0.0475772 0.0563789 0.0637955 0.0690593 0.0718168 0.0721373 0.0703518 0.0668891 0.0621828 0.0566259 0.0505482 0.0442167 0.0378533 0.0316517 0.0257802 0.0203765 0.0155454 0.0113646 0.0078898 0.00514883
 0.00931321 0.0148381 0.0217932 0.0299488 0.0389616 0.0482879 0.0571119 0.0644803 0.0696191 0.0721848 0.0722705 0.0702377 0.0665485 0.0616695 0.0560209 0.0499424 0.0436849 0.03743 0.0313237 0.0255015 0.0200978 0.0152405 0.01104 0.00757514 0.00487798
 0.00942622 0.0150236 0.022075 0.0303488 0.0394936 0.0489483 0.0578704 0.0652777 0.0703751 0.0728138 0.0726987 0.0704162 0.0664601 0.0613315 0.0554826 0.0492781 0.0429788 0.0367571 0.0307311 0.0250013 0.0196756 0.014874 0.0107161 0.00729523 0.00465119
 0.00952344 0.0151577 0.0222337 0.0305093 0.0396332 0.0490594 0.0579703 0.0654028 0.0705631 0.073081 0.0730272 0.0707564 0.0667465 0.0615037 0.0555033 0.0491428 0.0427151 0.0364142 0.0303625 0.024649 0.0193611 0.014602 0.0104839 0.00710131 0.00449699
 0.00970163 0.0154218 0.0225827 0.0309225 0.0400728 0.0494777 0.0583183 0.0656422 0.0706778 0.073086 0.0729634 0.0706722 0.0666738 0.0614432 0.0554287 0.0490184 0.0425173 0.0361428 0.0300407 0.0243111 0.0190399 0.0143193 0.0102495 0.0069167 0.00435949
 0.00961801 0.0153203 0.0224926 0.0308898 0.0401451 0.0496803 0.0586365 0.0660211 0.0710422 0.073369 0.0731303 0.0707274 0.0666509 0.0613848 0.0553649 0.0489559 0.0424426 0.0360368 0.029893 0.0241276 0.0188391 0.0141234 0.0100765 0.00677677 0.00425511
 0.00929967 0.0148472 0.0218656 0.0301446 0.0393494 0.0489244 0.05802 0.0656349 0.0709451 0.0735667 0.0735698 0.0713164 0.0672924 0.0620062 0.0559286 0.04945 0.0428644 0.0363817 0.0301542 0.0243025 0.0189349 0.0141571 0.0100699 0.00675034 0.00422401
 0.00915481 0.0146183 0.0215346 0.0297027 0.0388031 0.0483026 0.0573798 0.0650584 0.0705233 0.0733737 0.0736394 0.0716309 0.067789 0.0625981 0.0565312 0.0500014 0.043332 0.0367561 0.030438 0.0245027 0.0190611 0.0142226 0.0100917 0.00674598 0.00420847
 0.00924721 0.014736 0.0216511 0.0297728 0.0387736 0.048132 0.0570557 0.0646059 0.0700009 0.0728607 0.0732191 0.0713722 0.0677292 0.0627332 0.0568183 0.0503747 0.043724 0.0371143 0.0307324 0.024723 0.0192103 0.0143117 0.0101353 0.00675985 0.00420647
 0.00915128 0.0145925 0.0214571 0.02953 0.0384834 0.0477895 0.0566494 0.0641263 0.0694555 0.0722875 0.0726874 0.0709682 0.0675313 0.0627868 0.057122 0.0508811 0.0443546 0.0377814 0.0313598 0.0252592 0.0196313 0.0146166 0.0103386 0.00688401 0.00427523
 0.00908545 0.0144905 0.0213134 0.0293437 0.0382589 0.0475363 0.0563805 0.0638539 0.069186 0.0720189 0.0724159 0.0707011 0.0672971 0.0626337 0.0571015 0.0510249 0.0446586 0.0382047 0.0318388 0.0257277 0.0200385 0.0149353 0.0105647 0.00702962 0.00436021
 0.00908043 0.0144682 0.021254 0.029221 0.0380485 0.0472272 0.0559854 0.06341 0.0687447 0.0716295 0.0721117 0.070494 0.0671833 0.0626061 0.0571601 0.0511786 0.0449159 0.03856 0.0322642 0.0261772 0.0204616 0.0152923 0.0108358 0.00721525 0.00447493
 0.00920498 0.0146509 0.0214911 0.029493 0.0383218 0.0474587 0.0561296 0.0634278 0.0686146 0.0713576 0.0717332 0.0700632 0.0667574 0.0622301 0.0568626 0.0509756 0.0448161 0.0385659 0.0323673 0.0263544 0.0206771 0.0155074 0.0110201 0.00735338 0.00456625
 0.00918017 0.0146149 0.0214448 0.0294392 0.038263 0.0473947 0.0560549 0.0633326 0.0684881 0.0711932 0.0715339 0.0698447 0.066546 0.0620566 0.0567538 0.050948 0.0448741 0.038704 0.032572 0.0266047 0.020946 0.015765 0.011241 0.0075226 0.00468199
 0.00919639 0.0146357 0.0214659 0.0294537 0.0382637 0.0473773 0.0560201 0.0632847 0.068431 0.0711261 0.0714507 0.0697382 0.0664145 0.0619091 0.0566099 0.050833 0.0448111 0.0387071 0.032643 0.0267332 0.0211116 0.0159423 0.0114056 0.00765708 0.00477915
 0.00909236 0.0144806 0.0212584 0.0292017 0.0379813 0.0470814 0.055728 0.0630143 0.0682016 0.0709574 0.071358 0.0697272 0.0664783 0.0620304 0.0567685 0.0510134 0.0450069 0.0389186 0.0328718 0.026976 0.0213577 0.0161754 0.0116086 0.0078179 0.00489413
 0.00903558 0.0143934 0.0211371 0.0290468 0.0377985 0.0468812 0.0555252 0.0628259 0.0680431 0.070839 0.0712835 0.0696958 0.0664876 0.0620775 0.0568492 0.0511216 0.0451361 0.0390644 0.0330316 0.0271473 0.0215347 0.0163479 0.0117638 0.0079451 0.00498809
 0.009035 0.0143895 0.0211258 0.0290225 0.0377554 0.0468156 0.0554375 0.0627216 0.0679316 0.070731 0.0711885 0.0696204 0.0664349 0.0620487 0.0568444 0.0511408 0.0451788 0.0391293 0.0331166 0.027249 0.0216477 0.016464 0.0118732 0.00803847 0.00505967
 0.00908597 0.0144577 0.0212012 0.0290865 0.0377856 0.046794 0.0553571 0.0625887 0.0677632 0.0705493 0.0710156 0.0694746 0.0663285 0.0619866 0.0568253 0.0511593 0.0452281 0.0392026 0.033208 0.0273528 0.0217576 0.0165728 0.011973 0.00812239 0.00512368
 0.00903474 0.0143799 0.0210937 0.0289488 0.0376183 0.0465969 0.0551299 0.0623343 0.0674925 0.0702838 0.0707857 0.0693121 0.0662573 0.0620158 0.056948 0.0513562 0.0454741 0.0394729 0.0334815 0.0276133 0.0219935 0.0167761 0.0121387 0.00824893 0.00521316
 0.00892811 0.0142277 0.0209038 0.0287416 0.0374207 0.0464318 0.0550083 0.0622525 0.0674361 0.0702351 0.070732 0.0692517 0.0662012 0.0619841 0.0569613 0.0514275 0.0456035 0.0396488 0.0336854 0.0278252 0.0221957 0.0169553 0.0122867 0.00836243 0.00529346
 0.0088414 0.0140866 0.0206927 0.0284494 0.0370473 0.045996 0.0545517 0.061834 0.0671144 0.0700486 0.0706862 0.0693231 0.0663526 0.0621821 0.0571859 0.0516723 0.0458688 0.0399331 0.0339808 0.0281172 0.0224675 0.0171918 0.0124782 0.00850599 0.0053926
 0.00895252 0.0142437 0.0208846 0.0286491 0.0372171 0.0460976 0.0545571 0.0617329 0.0669183 0.0697889 0.0704068 0.0690671 0.0661489 0.0620399 0.0570991 0.0516297 0.0458628 0.039961 0.0340412 0.0282055 0.0225733 0.0173017 0.012579 0.00858876 0.00545358
 0.00899717 0.0143179 0.0209983 0.0288093 0.0374225 0.0463321 0.0547863 0.0619088 0.0669938 0.0697361 0.0702293 0.0687991 0.0658428 0.0617478 0.0568584 0.051457 0.0457574 0.0399135 0.0340402 0.02824 0.0226325 0.0173735 0.0126516 0.00865229 0.00550259
 0.00909857 0.0144785 0.021232 0.0291258 0.037825 0.0468131 0.0553221 0.0624559 0.0674907 0.0701132 0.0704248 0.0687764 0.0656034 0.0613322 0.0563343 0.0508993 0.0452289 0.039455 0.0336702 0.0279606 0.0224358 0.017246 0.0125771 0.00861436 0.00548675
 0.00900056 0.014339 0.0210592 0.0289416 0.0376605 0.0467016 0.0552914 0.0625237 0.0676608 0.0703724 0.07074 0.0690982 0.0658758 0.0615088 0.056393 0.0508485 0.045102 0.0392958 0.0335176 0.0278393 0.0223549 0.0172026 0.0125617 0.00861576 0.00549543
 0.00886224 0.0141325 0.0207833 0.0286094 0.0372984 0.0463459 0.0549844 0.0623091 0.0675754 0.0704364 0.0709501 0.0694253 0.0662711 0.0619135 0.0567511 0.0511201 0.0452719 0.0393745 0.0335331 0.0278245 0.0223356 0.0171927 0.012564 0.00862647 0.00550893
 0.00887013 0.0141332 0.0207624 0.0285474 0.0371776 0.0461602 0.0547478 0.0620556 0.0673505 0.0702836 0.0708992 0.0694863 0.0664328 0.0621468 0.0570152 0.0513709 0.0454729 0.0395059 0.0335954 0.0278345 0.0223173 0.0171673 0.0125443 0.00861628 0.00550651
 0.00878812 0.0140107 0.0205976 0.0283437 0.0369407 0.0458938 0.0544535 0.0617374 0.0670235 0.0699791 0.0706619 0.0693624 0.0664545 0.0623199 0.0573161 0.0517534 0.045881 0.0398882 0.0339164 0.0280797 0.0224905 0.0172833 0.0126201 0.00866583 0.00553879
 0.00868945 0.0138618 0.0203953 0.0280935 0.0366554 0.0455917 0.0541544 0.0614604 0.0667829 0.0697829 0.0705141 0.0692696 0.0664305 0.0623831 0.0574802 0.0520157 0.0462178 0.0402595 0.0342778 0.0283955 0.0227414 0.0174668 0.0127454 0.00874659 0.00558839
 0.00873552 0.0139215 0.0204572 0.0281379 0.0366606 0.0455425 0.0540496 0.061313 0.0666138 0.0696117 0.0703531 0.0691239 0.0663031 0.0622815 0.0574182 0.0520101 0.0462789 0.040383 0.0344438 0.028575 0.0229069 0.0176006 0.012842 0.0088099 0.00562657
 0.00876343 0.0139586 0.0204972 0.0281681 0.0366634 0.045499 0.0539448 0.0611409 0.0663825 0.0693449 0.0700859 0.0688931 0.0661363 0.0621912 0.0574038 0.0520643 0.0463931 0.0405477 0.034645 0.0287925 0.0231172 0.0177829 0.0129841 0.00890988 0.00569031
 0.00864731 0.0137791 0.0202444 0.0278392 0.0362633 0.0450401 0.0534484 0.0606371 0.0659079 0.0689377 0.0697811 0.0687186 0.0661095 0.0623157 0.0576676 0.0524413 0.0468488 0.0410456 0.0351509 0.0292757 0.023551 0.018147 0.0132673 0.00911248 0.00582279
 0.00852638 0.0135964 0.0199951 0.0275281 0.035902 0.0446445 0.0530362 0.060228 0.065523 0.0685987 0.069509 0.0685327 0.0660267 0.0623488 0.0578222 0.0527125 0.0472193 0.041487 0.0356279 0.0297511 0.023991 0.018525 0.0135677 0.0093319 0.00596918
 0.00826473 0.0132179 0.0195125 0.0269829 0.0353531 0.0441483 0.0526305 0.0599276 0.0653242 0.0684878 0.0694695 0.068551 0.0660961 0.0624712 0.0580056 0.0529659 0.0475459 0.0418789 0.0360647 0.0302026 0.0244231 0.0189071 0.0138785 0.00956358 0.00612656
 0.00772957 0.0124037 0.0183936 0.0255794 0.0337319 0.0424198 0.0509422 0.0584485 0.0642137 0.067855 0.0693467 0.0688949 0.0668134 0.0634518 0.0591482 0.0541904 0.0487939 0.043107 0.0372359 0.0312811 0.0253739 0.0197012 0.0145003 0.0100154 0.00642856
#obs surv len freq
 0.00497306 0.00814507 0.0123877 0.017714 0.0239974 0.030872 0.0377125 0.0437961 0.0485729 0.0518421 0.0537223 0.0544981 0.0544884 0.0539897 0.0532623 0.0525202 0.0519089 0.0514638 0.0510466 0.0502879 0.0486054 0.0453685 0.0402 0.0332687 0.0253563
 0.00518034 0.00848587 0.0129078 0.0184586 0.0250024 0.0321507 0.0392409 0.0455078 0.050368 0.0536059 0.0553428 0.0558758 0.0555385 0.0546416 0.0534597 0.0522245 0.0511064 0.0501738 0.0493284 0.0482445 0.0463803 0.0431334 0.038131 0.0315125 0.0239984
 0.00540659 0.00885541 0.0134674 0.0192534 0.0260685 0.0335017 0.0408548 0.0473202 0.0522803 0.0555019 0.0571061 0.0574008 0.0567348 0.0554344 0.0537885 0.0520426 0.0503835 0.0489054 0.0475499 0.0460457 0.0439113 0.0405941 0.0357392 0.0294574 0.022396
 0.00563531 0.00923145 0.0140412 0.0200748 0.0271768 0.0349113 0.0425392 0.0492077 0.0542643 0.0574621 0.058927 0.0589811 0.0579894 0.0562917 0.0541885 0.0519348 0.0497289 0.0476843 0.0457779 0.0437944 0.0413236 0.0378795 0.0331408 0.0271967 0.0206171
 0.00589451 0.00965334 0.0146772 0.0209732 0.0283744 0.0364187 0.0443263 0.0511975 0.0563428 0.0594996 0.0607991 0.0605818 0.0592351 0.0571195 0.0545502 0.0517911 0.0490462 0.0464402 0.0439776 0.0414946 0.038655 0.0350492 0.0304025 0.0247912 0.018709
 0.00615609 0.0100826 0.0153305 0.021905 0.0296258 0.0380005 0.0462013 0.0532757 0.0584958 0.0615864 0.06269 0.0621711 0.0604432 0.0578899 0.0548438 0.0515798 0.0483078 0.0451597 0.04216 0.0391891 0.0359799 0.0322009 0.0276306 0.0223408 0.0167534
 0.00637531 0.0104454 0.0158886 0.0227114 0.0307248 0.0394117 0.0479029 0.055197 0.0605258 0.0635939 0.0645446 0.0637583 0.0616719 0.0586946 0.0551816 0.0514239 0.0476412 0.0439738 0.0404637 0.0370286 0.0334632 0.0295086 0.0249964 0.0199988 0.0148739
 0.00660564 0.0108215 0.0164579 0.0235193 0.0318068 0.04078 0.049532 0.0570186 0.0624366 0.0654744 0.0662769 0.0652379 0.0628133 0.0594335 0.0554744 0.0512443 0.0469758 0.0428203 0.0388363 0.034975 0.0310848 0.0269714 0.0225152 0.0177903 0.0130977
 0.00685189 0.0112237 0.0170662 0.0243806 0.0329544 0.0422181 0.0512209 0.0588708 0.064331 0.0672815 0.0678813 0.0665498 0.0637687 0.0599903 0.0556069 0.0509389 0.0462272 0.041632 0.0372271 0.0329929 0.028825 0.0245853 0.0201963 0.0157335 0.0114459
 0.00706554 0.0115752 0.017603 0.025149 0.0339901 0.0435311 0.0527799 0.0605978 0.0661121 0.0689888 0.0693958 0.0677755 0.0646391 0.0604668 0.055674 0.0505956 0.0454808 0.0404952 0.0357237 0.0311705 0.0267708 0.0224338 0.018117 0.0138958 0.00997315
 0.007294 0.0119498 0.0181723 0.0259591 0.0350746 0.0448948 0.0543835 0.0623529 0.0678949 0.0706641 0.0708412 0.0688959 0.0653724 0.0607833 0.0555711 0.0500901 0.0445998 0.0392708 0.034194 0.0293893 0.024821 0.0204347 0.0162144 0.0122322 0.0086499
 0.00747501 0.0122503 0.018636 0.0266304 0.0359891 0.0460644 0.0557815 0.0639083 0.0695017 0.0722012 0.0721926 0.0699653 0.0660906 0.0611111 0.0554979 0.0496289 0.0437804 0.038133 0.0327861 0.0277721 0.0230763 0.0186696 0.0145532 0.0107926 0.0075124
 0.00752825 0.0123422 0.0187852 0.0268605 0.0363271 0.0465368 0.0564074 0.0646925 0.0704279 0.0732287 0.0732566 0.0709826 0.0669713 0.0617718 0.0558741 0.0496816 0.043498 0.0375289 0.0318958 0.0266521 0.0218046 0.0173451 0.0132858 0.0096838 0.00663149
 0.00761939 0.0124773 0.0189649 0.0270785 0.0365747 0.0468095 0.0567094 0.0650369 0.0708319 0.073706 0.0738083 0.0715908 0.0675951 0.0623503 0.0563354 0.0499567 0.0435336 0.0372975 0.0314 0.0259259 0.0209114 0.0163715 0.0123296 0.00883454 0.00595089
 0.00768164 0.0125779 0.0191142 0.0272837 0.0368358 0.0471151 0.0570355 0.0653522 0.0711102 0.0739393 0.0740118 0.0717937 0.0678234 0.0626099 0.0566034 0.0501848 0.0436609 0.0372679 0.0311786 0.0255101 0.0203343 0.0156969 0.011638 0.00820381 0.00543714
 0.00771821 0.0126299 0.0191793 0.0273562 0.0369096 0.0471882 0.0571115 0.0654382 0.0712119 0.0740568 0.0741411 0.0719321 0.0679743 0.0627807 0.0567974 0.0503899 0.0438449 0.0373841 0.0311804 0.0253683 0.0200504 0.0153053 0.011197 0.00777761 0.00507674
 0.00779369 0.0127468 0.0193436 0.0275678 0.0371609 0.0474624 0.0573834 0.0656779 0.0713931 0.0741656 0.0741794 0.0719147 0.0679221 0.0627149 0.0567353 0.0503416 0.0438084 0.0373427 0.0311057 0.0252315 0.0198365 0.0150229 0.0108776 0.00746402 0.00480731
 0.00783476 0.0128086 0.0194275 0.0276719 0.0372808 0.0475925 0.0575169 0.0658069 0.071508 0.0742563 0.0742381 0.0719387 0.0679156 0.0626881 0.0567006 0.0503095 0.0437834 0.0373199 0.031071 0.0251659 0.0197249 0.0148633 0.0106845 0.00726411 0.00462829
 0.0078547 0.0128384 0.0194674 0.0277203 0.0373344 0.047647 0.0575683 0.0658519 0.0715451 0.0742862 0.0742627 0.0719597 0.0679335 0.0627021 0.0567106 0.0503166 0.043789 0.0373229 0.0310658 0.0251424 0.0196729 0.0147786 0.0105735 0.00714215 0.00451399
 0.00786433 0.0128498 0.0194767 0.0277215 0.0373213 0.0476159 0.0575203 0.0657936 0.0714868 0.0742387 0.0742351 0.0719576 0.0679579 0.0627499 0.0567751 0.0503898 0.043863 0.0373906 0.0311204 0.0251769 0.019681 0.0147576 0.0105269 0.00707998 0.00444939
 0.00789619 0.0128968 0.0195383 0.0277933 0.0373954 0.047682 0.0575674 0.0658123 0.0714717 0.0741917 0.0741654 0.0718795 0.0678865 0.0626966 0.0567456 0.0503833 0.0438742 0.0374119 0.0311433 0.0251933 0.0196843 0.0147443 0.0104979 0.00704082 0.0044079
 0.0078956 0.0128935 0.0195291 0.0277737 0.0373611 0.0476306 0.0574999 0.0657333 0.0713887 0.0741128 0.0740984 0.0718314 0.067863 0.0627017 0.0567803 0.050445 0.0439564 0.037505 0.0312364 0.0252759 0.0197484 0.0147854 0.0105163 0.00704106 0.00439718
 0.00791897 0.012929 0.0195775 0.0278337 0.0374281 0.0476975 0.0575569 0.0657696 0.0713953 0.0740855 0.07404 0.0717507 0.0677725 0.0626146 0.0567079 0.0503951 0.0439321 0.0375045 0.0312535 0.025302 0.0197744 0.0148046 0.0105254 0.00704056 0.00439032
 0.00789979 0.012901 0.0195415 0.0277924 0.0373858 0.0476584 0.0575243 0.0657449 0.0713782 0.0740742 0.0740317 0.0717433 0.0677656 0.0626098 0.0567088 0.0504057 0.0439555 0.0375412 0.0313008 0.0253542 0.0198247 0.0148466 0.0105554 0.00705815 0.00439791
 0.0079039 0.0129008 0.0195287 0.027756 0.0373162 0.0475529 0.0573914 0.0656037 0.0712519 0.0739823 0.0739839 0.0717385 0.0677954 0.0626632 0.056776 0.0504801 0.0440335 0.0376212 0.0313812 0.025432 0.0198956 0.0149062 0.0106007 0.00708878 0.00441587
 0.00785359 0.0128232 0.0194194 0.0276132 0.0371403 0.0473465 0.0571604 0.0653599 0.0710147 0.0737777 0.0738398 0.0716767 0.0678249 0.0627771 0.0569547 0.0506981 0.0442665 0.03785 0.0315931 0.0256192 0.0200534 0.0150323 0.0106949 0.00715379 0.00445676
 0.00788739 0.012865 0.0194583 0.0276314 0.0371181 0.0472706 0.0570299 0.0651867 0.0708184 0.0735791 0.0736572 0.0715266 0.0677221 0.0627339 0.0569763 0.05078 0.0443948 0.0380057 0.0317567 0.0257751 0.0201908 0.0151449 0.0107809 0.00721435 0.00449579
 0.00784792 0.0128103 0.0193929 0.0275633 0.0370546 0.0472119 0.0569664 0.0651027 0.0707016 0.0734301 0.073492 0.0713712 0.0676033 0.0626711 0.0569788 0.0508472 0.0445175 0.0381683 0.0319397 0.0259586 0.0203583 0.0152854 0.0108894 0.00729151 0.00454603
 0.00782528 0.0127698 0.0193258 0.0274613 0.036914 0.0470386 0.0567783 0.0649253 0.0705582 0.0733307 0.0734321 0.0713383 0.067588 0.0626736 0.0570073 0.0509116 0.0446226 0.0383105 0.0321075 0.0261356 0.0205274 0.0154327 0.0110066 0.00737663 0.00460237
 0.00777378 0.0126867 0.0192018 0.0272885 0.0366873 0.0467595 0.0564584 0.0645888 0.0702396 0.073069 0.0732596 0.0712724 0.0676264 0.0627983 0.057194 0.0511382 0.0448735 0.0385749 0.0323754 0.026395 0.0207645 0.0156352 0.0111667 0.00749299 0.00467964
 0.00774827 0.0126411 0.0191257 0.0271698 0.0365155 0.0465299 0.0561769 0.064273 0.0699164 0.0727693 0.0730142 0.0711075 0.0675601 0.0628364 0.0573282 0.0513486 0.0451349 0.0388625 0.0326683 0.0266762 0.0210197 0.0158529 0.0113397 0.00761989 0.00476481
 0.00771415 0.0125848 0.0190395 0.0270455 0.0363462 0.0463119 0.055913 0.0639744 0.0696023 0.0724653 0.0727484 0.0709071 0.0674469 0.0628238 0.0574188 0.0515331 0.0453936 0.039169 0.032994 0.0269951 0.0213106 0.0161007 0.0115362 0.00776395 0.00486172
 0.00768372 0.0125376 0.0189722 0.0269564 0.0362343 0.0461769 0.0557552 0.0637955 0.0694068 0.0722608 0.0725467 0.0707239 0.0673014 0.0627355 0.0574034 0.0515988 0.0455379 0.0393784 0.0332464 0.027264 0.0215703 0.0163306 0.0117231 0.0079034 0.00495677
 0.00767231 0.0125179 0.0189406 0.026909 0.036168 0.0460909 0.0556519 0.0636802 0.0692854 0.0721378 0.0724244 0.0706047 0.06719 0.0626417 0.0573412 0.0515831 0.0455797 0.0394802 0.0334003 0.0274525 0.0217706 0.0165203 0.011885 0.00802835 0.00504405
 0.00765566 0.0124918 0.0189031 0.0268587 0.0361041 0.0460135 0.0555624 0.0635817 0.0691827 0.0720371 0.0723318 0.0705244 0.0671244 0.0625922 0.0573106 0.0515771 0.045606 0.0395455 0.0335059 0.0275915 0.0219285 0.0166784 0.0120263 0.00814139 0.00512521
 0.00761625 0.0124324 0.0188224 0.0267587 0.0359896 0.045891 0.0554393 0.0634657 0.0690812 0.0719554 0.072273 0.0704892 0.0671119 0.0626003 0.0573373 0.0516213 0.0456687 0.039629 0.0336119 0.027718 0.022068 0.0168187 0.0121538 0.00824562 0.00520163
 0.00759351 0.0123929 0.0187587 0.0266634 0.0358578 0.0457249 0.0552504 0.0632743 0.0689106 0.0718252 0.0721936 0.0704611 0.0671288 0.0626528 0.0574158 0.0517182 0.0457789 0.0397497 0.0337417 0.027855 0.0222076 0.0169532 0.012274 0.00834379 0.00527413
 0.00759237 0.0123891 0.018749 0.0266429 0.0358205 0.0456644 0.0551623 0.0631583 0.068773 0.0716791 0.072057 0.0703524 0.0670611 0.062631 0.0574369 0.0517741 0.0458601 0.039848 0.033851 0.0279706 0.0223245 0.0170653 0.0123744 0.00842649 0.00533603
 0.00757296 0.0123645 0.0187247 0.0266275 0.0358225 0.045687 0.0552001 0.0631973 0.0687952 0.0716697 0.0720101 0.0702731 0.0669642 0.0625355 0.05736 0.0517268 0.0458457 0.039864 0.0338914 0.0280284 0.0223928 0.017137 0.0124426 0.0084852 0.00538156
 0.00755743 0.0123382 0.0186838 0.0265691 0.0357472 0.0456016 0.0551178 0.0631349 0.0687659 0.071676 0.0720416 0.0703117 0.0669928 0.0625459 0.0573551 0.0517173 0.0458438 0.0398783 0.0339248 0.0280784 0.0224536 0.0172015 0.0125037 0.00853759 0.00542203
 0.00753273 0.0122996 0.0186286 0.0264956 0.0356551 0.0454925 0.0549964 0.0630106 0.0686525 0.0715897 0.0719965 0.0703138 0.0670371 0.0626182 0.0574386 0.051799 0.0459191 0.039949 0.0339954 0.0281517 0.0225287 0.0172746 0.0125697 0.00859219 0.00546314
 0.00752931 0.0122923 0.0186143 0.0264706 0.0356156 0.0454366 0.0549251 0.0629278 0.0685649 0.0715054 0.071924 0.0702621 0.0670134 0.0626257 0.0574744 0.0518551 0.0459852 0.0400174 0.0340622 0.0282163 0.0225913 0.0173339 0.0126232 0.00863686 0.00549715
 0.00750545 0.0122556 0.018563 0.0264042 0.0355351 0.0453437 0.0548229 0.0628212 0.0684604 0.071411 0.0718482 0.0702122 0.066995 0.0626416 0.0575239 0.0519336 0.0460845 0.0401272 0.0341731 0.0283211 0.0226857 0.0174156 0.0126908 0.00868957 0.00553535
 0.00749938 0.0122444 0.0185437 0.0263735 0.0354902 0.0452839 0.0547507 0.0627418 0.0683805 0.0713365 0.0717834 0.0701605 0.0669595 0.0626261 0.0575316 0.0519661 0.0461403 0.0402016 0.0342585 0.0284094 0.0227696 0.0174899 0.0127523 0.00873722 0.00556954
 0.00751021 0.0122605 0.0185649 0.0263983 0.0355155 0.0453052 0.0547625 0.0627388 0.068359 0.0712961 0.0717273 0.0700949 0.0668919 0.0625637 0.0574812 0.051933 0.046128 0.0402109 0.0342867 0.0284512 0.0228182 0.0175384 0.0127957 0.00877233 0.00559539
 0.00750736 0.0122592 0.0185689 0.0264127 0.035545 0.0453513 0.0548214 0.0628012 0.0684126 0.0713294 0.0717329 0.0700711 0.0668428 0.0624975 0.0574081 0.0518632 0.0460702 0.0401707 0.0342666 0.0284498 0.0228311 0.0175599 0.0128197 0.00879444 0.00561297
 0.00750736 0.0122592 0.0185689 0.0264127 0.035545 0.0453513 0.0548214 0.0628012 0.0684126 0.0713294 0.0717329 0.0700711 0.0668428 0.0624975 0.0574081 0.0518632 0.0460702 0.0401707 0.0342666 0.0284498 0.0228311 0.0175599 0.0128197 0.00879444 0.00561297
 0.00731406 0.0119546 0.0181302 0.0258291 0.0348245 0.0445284 0.0539622 0.0619984 0.0677658 0.0709187 0.0715979 0.0702057 0.0672043 0.0630235 0.0580322 0.0525265 0.0467271 0.0407894 0.0348266 0.0289385 0.0232415 0.0178891 0.0130696 0.00897214 0.00573017
 0.00732725 0.0119531 0.0180854 0.0257005 0.03457 0.0441217 0.0534084 0.0613397 0.0670748 0.0702813 0.0710954 0.0698988 0.0671227 0.0631621 0.0583559 0.0529814 0.0472539 0.0413348 0.0353491 0.0294096 0.023644 0.0182149 0.0133182 0.00914951 0.00584744
 0.00731865 0.011945 0.0180823 0.0257055 0.0345783 0.0441124 0.0533433 0.0611729 0.0667729 0.0698459 0.0705722 0.0693682 0.066676 0.0628741 0.058266 0.0530885 0.0475232 0.041712 0.0357755 0.0298341 0.0240288 0.0185373 0.013569 0.00933024 0.00596759
 0.00718199 0.0117281 0.017767 0.0252821 0.0340507 0.0435047 0.0527014 0.0605566 0.0662385 0.069427 0.0702751 0.0691836 0.0665986 0.0629143 0.0584451 0.0534227 0.0480073 0.0423136 0.036441 0.0305014 0.0246421 0.0190568 0.0139753 0.00962326 0.00616178
#pred catch len freq
 0.00448763 0.00713511 0.0104738 0.0144448 0.0190064 0.0241029 0.0295921 0.035218 0.0406618 0.045617 0.0498393 0.0531708 0.0555552 0.0570365 0.0577353 0.0578144 0.0574512 0.0568025 0.055937 0.0547306 0.0527905 0.0495226 0.0444091 0.0373886 0.0290769
 0.00479348 0.00757549 0.0110359 0.0150934 0.0197099 0.0248671 0.0304731 0.0362962 0.0419837 0.0471402 0.0514184 0.0545995 0.056641 0.0576669 0.0579019 0.0575893 0.0569311 0.0560512 0.0549531 0.0534613 0.051188 0.0476137 0.0423312 0.0353617 0.0273234
 0.00511616 0.00808575 0.0117742 0.0160801 0.0209346 0.0262786 0.0319802 0.0377906 0.0433813 0.0484132 0.052587 0.0556811 0.0575968 0.0583909 0.0582638 0.0574969 0.0563657 0.0550545 0.0535847 0.0517668 0.0492065 0.0454172 0.0400587 0.0332093 0.0254855
 0.00541744 0.0085635 0.0124726 0.0170366 0.0221783 0.0278223 0.0338044 0.0398245 0.045495 0.0504353 0.0543467 0.057056 0.0585369 0.0589012 0.0583604 0.057174 0.0555977 0.0538236 0.0519047 0.04969 0.0468226 0.0428582 0.0375018 0.0308574 0.0235187
 0.00576557 0.00910703 0.0132506 0.018076 0.0234956 0.0294261 0.0356891 0.0419573 0.0478029 0.0527965 0.0565934 0.0589958 0.0599911 0.0597463 0.0585493 0.0567241 0.0545577 0.0522445 0.0498366 0.0472002 0.0440204 0.0399088 0.0346171 0.0282602 0.0213877
 0.00608811 0.00961393 0.013982 0.0190604 0.0247495 0.0309517 0.0374688 0.0439486 0.0499377 0.0549844 0.0587246 0.0609411 0.061605 0.0608819 0.059083 0.0565804 0.0537204 0.0507494 0.047757 0.0446408 0.0411249 0.0368691 0.0316643 0.0256257 0.0192474
 0.00637667 0.0100764 0.0146666 0.0200104 0.0259986 0.0325155 0.0393319 0.0460549 0.0521911 0.0572605 0.0608874 0.0628582 0.0631575 0.0619667 0.0596118 0.0564824 0.0529509 0.0493034 0.0456795 0.0420338 0.0381507 0.033746 0.0286447 0.0229513 0.0170931
 0.00666616 0.0105264 0.0153077 0.0208628 0.0270769 0.0338318 0.0408919 0.0478459 0.0541673 0.0593351 0.0629362 0.0647359 0.0647211 0.0630951 0.0602151 0.0564992 0.0523432 0.0480582 0.0438211 0.0396416 0.0353731 0.0307981 0.0257811 0.0204143 0.0150546
 0.00699362 0.0110311 0.0160165 0.0217844 0.0282044 0.035147 0.0423668 0.0494412 0.0558333 0.0610139 0.0645616 0.0662305 0.0659949 0.0640508 0.0607587 0.0565525 0.0518515 0.0469951 0.0421971 0.0375181 0.0328776 0.0281258 0.0231698 0.0180941 0.0131897
 0.00734624 0.0115805 0.0167988 0.0228178 0.0294871 0.0366549 0.0440484 0.0512157 0.0575985 0.0626636 0.0660044 0.0674003 0.0668502 0.0645655 0.0609101 0.0563127 0.051188 0.045881 0.040628 0.0355335 0.0305787 0.0256792 0.0207856 0.0159792 0.0114924
 0.00758855 0.0119765 0.017399 0.0236715 0.0306337 0.0381093 0.0457831 0.0531506 0.0596053 0.0645856 0.0676837 0.068706 0.0676989 0.0649283 0.0608029 0.0557741 0.0502563 0.0445833 0.0389869 0.0335886 0.0284111 0.0234235 0.0186161 0.0140696 0.00996767
 0.00756174 0.0119693 0.0174575 0.0238665 0.0310502 0.038825 0.0468446 0.0545545 0.0612896 0.066431 0.069527 0.0703659 0.06901 0.0657732 0.0611285 0.0555876 0.0496056 0.0435321 0.0376006 0.0319359 0.0265787 0.0215287 0.0168018 0.0124769 0.00869764
 0.00750231 0.0118792 0.0173371 0.0237289 0.0309287 0.0387799 0.0469622 0.0549322 0.0620046 0.0675044 0.0709011 0.0719063 0.0705343 0.0670922 0.0620859 0.0560867 0.0496162 0.0430808 0.0367518 0.0307765 0.0252125 0.0200756 0.0153915 0.0112299 0.00769901
 0.0075691 0.0119608 0.0174101 0.0237556 0.0308684 0.0386089 0.046693 0.0546235 0.0617565 0.0674378 0.0711233 0.072473 0.0714198 0.0681847 0.0632135 0.0570631 0.0502882 0.043359 0.0366184 0.0302758 0.0244341 0.0191368 0.0144189 0.0103383 0.00696953
 0.00773666 0.0122084 0.0177349 0.0241338 0.0312562 0.0389468 0.0469158 0.0546753 0.061613 0.0671278 0.0707355 0.072137 0.0712642 0.0682886 0.0635731 0.0575893 0.0508364 0.0437768 0.0367921 0.0301583 0.0240484 0.0185609 0.0137594 0.00970015 0.00643127
 0.00797982 0.0125718 0.0182222 0.0247263 0.0319167 0.0396265 0.047558 0.0552156 0.0619836 0.0672693 0.0706187 0.0717829 0.070752 0.0677383 0.0631067 0.0572849 0.0506983 0.0437393 0.0367522 0.0300226 0.0237699 0.0181513 0.0132764 0.00921945 0.00601735
 0.00816792 0.0128606 0.0186245 0.0252414 0.0325292 0.0403065 0.0482601 0.0558808 0.0625451 0.0676637 0.0707965 0.0717192 0.0704542 0.0672526 0.0625145 0.0566842 0.0501721 0.0433262 0.0364366 0.0297515 0.0234869 0.0178271 0.0129201 0.00886755 0.00571099
 0.00823624 0.0129761 0.0188069 0.025512 0.0329072 0.0408009 0.0488615 0.0565557 0.0632363 0.0682981 0.0712971 0.0720194 0.0705123 0.067062 0.0621081 0.0561286 0.0495525 0.0427221 0.0358994 0.0292946 0.0230943 0.0174751 0.0125964 0.0085776 0.00546953
 0.00832271 0.0130963 0.0189513 0.0256623 0.0330459 0.0409245 0.0489883 0.0567204 0.0634732 0.06862 0.0716826 0.0724149 0.0708466 0.0672683 0.0621432 0.0559857 0.0492614 0.0423379 0.0354836 0.0288951 0.0227364 0.0171643 0.01233 0.00835399 0.005291
 0.00846074 0.0133 0.0192183 0.025975 0.0333733 0.0412292 0.0492345 0.0568839 0.0635509 0.0686341 0.0716742 0.0724246 0.0708927 0.0673353 0.0621891 0.0559626 0.0491384 0.042114 0.0351853 0.0285635 0.0224104 0.0168709 0.0120823 0.00815578 0.0051412
 0.00835685 0.0131641 0.0190746 0.0258649 0.033343 0.0413091 0.0494228 0.0571451 0.0638292 0.0688764 0.0718495 0.0725321 0.0709559 0.0673847 0.0622428 0.0560157 0.0491671 0.0420913 0.0350976 0.0284175 0.0222289 0.0166815 0.011908 0.00801078 0.00503068
 0.00812137 0.0128162 0.0186174 0.025329 0.0327829 0.0407949 0.049029 0.056936 0.0638415 0.0691038 0.0722413 0.0730105 0.0714448 0.0678332 0.0626311 0.0563441 0.0494393 0.0423045 0.0352439 0.0284927 0.0222393 0.0166443 0.0118454 0.00794273 0.00497086
 0.00799895 0.0126237 0.0183407 0.0249613 0.0323296 0.0402782 0.0484933 0.0564467 0.0634749 0.0689275 0.0722921 0.0732811 0.071884 0.0683628 0.0631712 0.0568349 0.0498495 0.0426257 0.0354792 0.0286491 0.0223264 0.0166756 0.0118385 0.00791592 0.00493906
 0.00799659 0.0126026 0.018277 0.0248218 0.0320798 0.0398961 0.0479827 0.0558444 0.0628481 0.0683619 0.0718758 0.0730837 0.0719385 0.0686548 0.0636427 0.0574024 0.050429 0.0431525 0.0359159 0.0289828 0.0225609 0.0168248 0.0119215 0.00795349 0.00494998
 0.00791438 0.0124793 0.0181091 0.0246091 0.0318194 0.0395776 0.0475879 0.0553575 0.0622723 0.0677349 0.0712722 0.0726005 0.0716678 0.0686552 0.0639211 0.0579127 0.0510872 0.0438611 0.0365887 0.0295601 0.0230143 0.0171523 0.0121387 0.00808487 0.00502175
 0.00782995 0.0123503 0.0179308 0.0243828 0.0315529 0.0392827 0.047278 0.0550434 0.0619576 0.0674164 0.0709471 0.0722806 0.0713896 0.0684764 0.0639012 0.0580875 0.0514503 0.0443638 0.0371558 0.030114 0.0234954 0.0175287 0.0124057 0.00825689 0.00512218
 0.00783655 0.012348 0.0179033 0.0243071 0.0314052 0.0390482 0.0469596 0.054664 0.0615544 0.067029 0.0706068 0.072005 0.0711856 0.0683498 0.0638653 0.0581631 0.0516544 0.0446937 0.0375809 0.0305809 0.0239444 0.017912 0.0126986 0.00845791 0.00524638
 0.00788903 0.0124228 0.0179952 0.0244023 0.0314816 0.0390784 0.0469159 0.0545252 0.0613141 0.0667019 0.0702288 0.0716237 0.0708468 0.0680864 0.0636954 0.0580951 0.0516924 0.0448372 0.0378181 0.0308841 0.0242724 0.018221 0.0129551 0.00864685 0.00537022
 0.00787034 0.0123957 0.0179602 0.024361 0.0314349 0.0390239 0.0468459 0.0544277 0.061176 0.0665153 0.0699968 0.0713641 0.0705903 0.0678696 0.0635509 0.0580437 0.051741 0.0449807 0.0380417 0.0311641 0.024577 0.0185152 0.0132085 0.00884165 0.00550371
 0.00784716 0.0123582 0.0179043 0.024284 0.0313366 0.0389083 0.0467219 0.0543065 0.0610666 0.0664197 0.0699084 0.0712728 0.07049 0.0677647 0.063458 0.0579862 0.0517411 0.0450516 0.0381836 0.0313637 0.0248103 0.0187529 0.013423 0.00901384 0.00562673
 0.00777241 0.0122469 0.0177558 0.0241035 0.0311331 0.038691 0.046499 0.0540868 0.0608623 0.0662469 0.0697842 0.0712083 0.0704858 0.0678112 0.0635412 0.0580963 0.0518761 0.0452154 0.0383798 0.031589 0.0250519 0.0189908 0.0136358 0.00918553 0.00575106
 0.00773274 0.012186 0.0176708 0.0239945 0.0310033 0.0385463 0.0463476 0.0539379 0.0607244 0.0661262 0.0696849 0.0711344 0.070442 0.0678019 0.0635679 0.0581566 0.0519657 0.045331 0.0385196 0.0317505 0.0252282 0.0191693 0.0138008 0.00932325 0.00585409
 0.0077185 0.0121622 0.0176338 0.0239404 0.0309289 0.0384506 0.0462329 0.0538107 0.0605947 0.0660051 0.0695821 0.0710565 0.0703922 0.067781 0.0635756 0.0581924 0.0520285 0.0454188 0.0386296 0.0318785 0.0253678 0.019311 0.0139331 0.00943547 0.00593976
