SBPRF35
7.78865
Curr Bio
474127
B35
703747
F35
0.21085
FOFL
0.137699
OFL
52122.4
Bzero
2.22533e+006
#pred survey bio
 4.55785e+006 4.36774e+006 4.16185e+006 3.89517e+006 3.58728e+006 3.27693e+006 2.92686e+006 2.62288e+006 2.30988e+006 2.04256e+006 1.78668e+006 1.58536e+006 1.41443e+006 1.23528e+006 1.08491e+006 977613 883003 819253 757598 713460 689489 665000 644298 644023 642743 637355 634937 630543 609692 611350 607379 612435 608004 603921 599948 582171 555798 551116 562685 569305 588604 602989 609081 612313 617111 620093 615463 613075 605360 605307 596668 533732 488826 478575 1.6651e+007 9.8629e+006 1.007e+007 1.08718e+007 1.19944e+007 1.31667e+007 1.42274e+007 1.51085e+007 1.5801e+007 1.63255e+007 1.6713e+007 1.69948e+007 1.71978e+007 1.73434e+007 1.74478e+007 1.75228e+007 1.75768e+007 1.7616e+007 1.76445e+007 1.76655e+007 1.7681e+007 1.76925e+007 1.77012e+007 1.77076e+007 1.77125e+007 1.77163e+007 1.77191e+007 1.77212e+007 1.77229e+007 1.77241e+007 1.77251e+007 1.77258e+007 1.77264e+007 1.77268e+007 1.77272e+007 1.77274e+007 1.77276e+007 1.77278e+007 1.77279e+007 1.7728e+007 1.77281e+007 1.77281e+007 1.77282e+007 1.77282e+007 1.77282e+007 1.77282e+007 1.77283e+007 1.77283e+007 1.77283e+007 1.77283e+007 1.77283e+007 1.77283e+007 1.77283e+007 1.77283e+007 1.77283e+007 1.77283e+007 1.77283e+007 1.77283e+007 1.77283e+007 1.77283e+007 1.77283e+007 1.77283e+007 1.77283e+007 1.77283e+007 1.77283e+007 1.77283e+007 1.77283e+007 1.77283e+007 1.77283e+007 1.77283e+007 1.77283e+007 1.77283e+007 1.77283e+007 1.77283e+007 1.77283e+007 1.77283e+007 1.77283e+007 1.77283e+007 1.77283e+007 1.77283e+007 1.77283e+007 1.77283e+007 1.77283e+007 1.77283e+007 1.77283e+007 1.77283e+007 1.77283e+007 1.77283e+007 1.77283e+007 1.77283e+007 1.77283e+007 1.77283e+007 1.77283e+007 1.77283e+007 1.77283e+007 1.77283e+007 1.77283e+007 1.77283e+007 1.77283e+007 1.77283e+007 0 0 0 0 0 0 0 0 0 0 0 0 0 0 0 0 0 0 0 0 0 0 0 0 0
#obs survey bio
 2.76011e+006 3.01656e+006 2.79926e+006 1.75752e+006 2.45134e+006 2.32661e+006 3.04446e+006 2.34197e+006 2.24727e+006 1.28939e+006 1.84734e+006 1.18431e+006 1.45218e+006 801039 1.15288e+006 906304 762597 1.20494e+006 498648 788606 625130 527896 430482 601637 547928 389412 566014 552608 513804 540725 604679 405664 522671 725090 672789 600173 466630 608490 622166 527174 655253 624026 408691 702815 691379 741612 786717 520664 541618 610079 700559 480494 516910 553089
#pred catch bio
 92624.4 97574.5 155918 208889 233880 296437 281933 316058 299122 309000 275841 259959 273605 251370 215355 203919 174940 169514 151080 131219 128886 123176 104930 105126 107063 103036 103520 115378 94512.8 97973 89179 95973.6 93637 90744.3 99047.2 104900 89868.9 81636.7 89161.6 80236.5 85081.2 91262.6 92123.8 89170.3 89314.8 94460.5 91594.9 95119.4 87508.5 93482.5 136433 117795 86357.7 76363.9 52122.4 75946 76120.7 80929.9 88937.5 97545.9 105278 111570 116374 119882 122360 124068 125223 125992 126499 126829 127043 127181 127269 127325 127361 127384 127398 127408 127413 127417 127419 127421 127422 127422 127422 127423 127423 127423 127423 127423 127423 127423 127423 127423 127423 127423 127423 127423 127423 127423 127423 127423 127423 127423 127423 127423 127423 127423 127423 127423 127423 127423 127423 127423 127423 127423 127423 127423 127423 127423 127423 127423 127423 127423 127423 127423 127423 127423 127423 127423 127423 127423 127423 127423 127423 127423 127423 127423 127423 127423 127423 127423 127423 127423 127423 127423 127423 127423 127423 127423 127423 127423 127423 127423 0 0 0 0 0 0 0 0 0 0 0 0 0 0 0 0 0 0 0 0 0 0 0 0 0
#obs catch bio
 0 97486.1 156863 211336 236811 303273 286866 323433 305656 320042 283717 267937 282658 260393 221285 210620 179898 172639 154993 133688 131532 125292 106762 107000 108830 104442 104682 117858 95774.2 99364.7 90086.8 97316.9 95219.5 91558.2 100203 106150 90997.9 82568.8 89986 80616.4 85632.9 91622.4 92651.1 89082 89053.8 94163.8 91231.8 95481.1 87270.6 93014.4 136078 118043 86368.7 76294.7
#pred cpue bio
 4.48864e+006 4.30331e+006 4.10126e+006 3.83599e+006 3.5291e+006 3.22016e+006 2.87232e+006 2.57021e+006 2.2592e+006 1.99338e+006 1.7395e+006 1.54001e+006 1.37091e+006 1.19419e+006 1.04604e+006 940371 847644 785689 725856 682930 659848 636365 616319 616069 615092 610207 608072 603903 583775 585665 582103 587280 583189 579630 576405 559552 533116 526837 537140 543690 562795 577215 583560 587076 592106 595260 590850 588531 581121 581295 573096 511582 467374 457768 1.59776e+007 9.47957e+006 9.55558e+006 1.02148e+007 1.12895e+007 1.24511e+007 1.35097e+007 1.43905e+007 1.50829e+007 1.56074e+007 1.59949e+007 1.62767e+007 1.64797e+007 1.66253e+007 1.67297e+007 1.68046e+007 1.68587e+007 1.68979e+007 1.69264e+007 1.69474e+007 1.69629e+007 1.69744e+007 1.69831e+007 1.69895e+007 1.69944e+007 1.69981e+007 1.7001e+007 1.70031e+007 1.70047e+007 1.7006e+007 1.7007e+007 1.70077e+007 1.70083e+007 1.70087e+007 1.7009e+007 1.70093e+007 1.70095e+007 1.70097e+007 1.70098e+007 1.70099e+007 1.701e+007 1.701e+007 1.70101e+007 1.70101e+007 1.70101e+007 1.70101e+007 1.70101e+007 1.70102e+007 1.70102e+007 1.70102e+007 1.70102e+007 1.70102e+007 1.70102e+007 1.70102e+007 1.70102e+007 1.70102e+007 1.70102e+007 1.70102e+007 1.70102e+007 1.70102e+007 1.70102e+007 1.70102e+007 1.70102e+007 1.70102e+007 1.70102e+007 1.70102e+007 1.70102e+007 1.70102e+007 1.70102e+007 1.70102e+007 1.70102e+007 1.70102e+007 1.70102e+007 1.70102e+007 1.70102e+007 1.70102e+007 1.70102e+007 1.70102e+007 1.70102e+007 1.70102e+007 1.70102e+007 1.70102e+007 1.70102e+007 1.70102e+007 1.70102e+007 1.70102e+007 1.70102e+007 1.70102e+007 1.70102e+007 1.70102e+007 1.70102e+007 1.70102e+007 1.70102e+007 1.70102e+007 1.70102e+007 1.70102e+007 1.70102e+007 1.70102e+007 1.70102e+007 1.70102e+007 0 0 0 0 0 0 0 0 0 0 0 0 0 0 0 0 0 0 0 0 0 0 0 0 0
#obs cpue bio
 3.43958e+006 2.27409e+006 3.9617e+006 3.09699e+006 3.62544e+006 2.66174e+006 3.26755e+006 2.5085e+006 1.84085e+006 1.0453e+006 1.73909e+006 1.2296e+006 1.18775e+006 997186 876189 560165 657073 801161 452707 564653 525485 774112 489401 534675 664090 892666 653918 370327 573453 647010 506976 673666 395453 696486 418044 534035 390111 363602 680548 571021 445314 698758 692879 848420 634422 572943 475997 405067 956406 642183 596782 393362 425061 453520
#pred surv len freq
 0.00568334 0.00912054 0.0135261 0.0188136 0.0248201 0.0312428 0.0376002 0.0433303 0.0480004 0.0514589 0.053821 0.0553392 0.0562748 0.0568208 0.0570631 0.0569667 0.0563942 0.0551519 0.0530424 0.0499001 0.0456133 0.040163 0.0336989 0.0266152 0.0195389
 0.00593994 0.00941701 0.0137557 0.0188194 0.0244579 0.0304684 0.0365253 0.0421962 0.0470691 0.0508848 0.0535817 0.0552637 0.0561452 0.0564876 0.0565199 0.0563583 0.0559589 0.0551217 0.0535408 0.0508842 0.0468895 0.0414695 0.03481 0.0274129 0.0200225
 0.00633115 0.0100239 0.0146064 0.0198984 0.0256852 0.031686 0.0375089 0.042715 0.0469822 0.0502212 0.0525355 0.0540938 0.0550419 0.0555007 0.0555913 0.0554249 0.0550432 0.0543478 0.0530698 0.0508167 0.0472006 0.042017 0.0354054 0.0279059 0.0203473
 0.00658937 0.0104562 0.0152795 0.0208802 0.0270258 0.0333859 0.0394836 0.0447748 0.0488512 0.0515992 0.0531904 0.053943 0.0541766 0.0541324 0.0539518 0.0536876 0.0533133 0.0527074 0.051618 0.0496595 0.0464017 0.0415584 0.0351953 0.0278278 0.0203111
 0.0068279 0.0108376 0.015844 0.0216667 0.0280722 0.0347246 0.0411273 0.0466952 0.0509545 0.0537113 0.0550648 0.0553046 0.0547968 0.0539049 0.0529269 0.0520433 0.0512855 0.0505259 0.0494775 0.0477168 0.0447707 0.0402951 0.0342897 0.0272185 0.0199179
 0.0070421 0.0111813 0.0163533 0.022374 0.0290026 0.0358905 0.0425225 0.0482921 0.0527057 0.0555489 0.0568907 0.0569748 0.0561195 0.0546694 0.0529636 0.0512867 0.0498052 0.048508 0.0471713 0.0453763 0.0426102 0.0384623 0.0328544 0.0261777 0.0192167
 0.00737462 0.0116987 0.0170894 0.0233462 0.0302118 0.0373206 0.0441377 0.0500343 0.0544998 0.0573143 0.0585502 0.0584533 0.0573311 0.0555031 0.0532842 0.0509634 0.0487623 0.0467726 0.0448901 0.0427885 0.0399913 0.036061 0.030845 0.0246388 0.0181378
 0.00772796 0.0122485 0.0178709 0.0243759 0.0314861 0.0388144 0.0458008 0.0517916 0.0562605 0.0589877 0.0600599 0.0597411 0.05835 0.0562028 0.0535965 0.0507992 0.0480292 0.0454163 0.0429409 0.040387 0.0373725 0.0334991 0.0285824 0.0228302 0.0168286
 0.00816013 0.0129265 0.0188448 0.0256748 0.0331116 0.0407332 0.0479353 0.0540199 0.0584325 0.0609548 0.0617027 0.0609836 0.0591576 0.0565684 0.0535211 0.0502717 0.0470193 0.0438889 0.0408933 0.0378932 0.0346044 0.0307054 0.0260268 0.0207169 0.015253
 0.00843142 0.0133743 0.0195312 0.0266611 0.0344457 0.0424285 0.0499502 0.0562496 0.0607232 0.0631332 0.063607 0.0624854 0.0601738 0.057062 0.0534912 0.0497358 0.0459949 0.0423862 0.0389303 0.0355282 0.0319681 0.0280036 0.0235017 0.0185797 0.0136237
 0.00876784 0.0138996 0.0202831 0.0276641 0.0357125 0.0439597 0.0517273 0.0582242 0.0628092 0.0652081 0.0655241 0.0640945 0.061345 0.0577057 0.0535665 0.049245 0.0449676 0.0408646 0.0369668 0.0331997 0.029399 0.0253758 0.0210319 0.0164668 0.0119913
 0.00904997 0.0143435 0.0209234 0.0285235 0.036798 0.0452591 0.0532046 0.05982 0.0644495 0.0668168 0.0670279 0.0654196 0.0624105 0.0584256 0.0538615 0.0490583 0.0442758 0.0396795 0.0353334 0.0311989 0.0271547 0.0230566 0.0188329 0.0145677 0.0105087
 0.00926534 0.0146911 0.0214418 0.0292462 0.0377469 0.0464337 0.0545711 0.0613091 0.0659668 0.0682631 0.0683188 0.0664935 0.0632261 0.0589509 0.0540638 0.0489007 0.0437241 0.0387156 0.0339704 0.0294931 0.0252121 0.021029 0.0168963 0.0128845 0.00918606
 0.00960311 0.01522 0.0222002 0.0302559 0.0390099 0.0479269 0.0562389 0.0630595 0.0676801 0.0698111 0.0695879 0.0674027 0.0637352 0.0590585 0.0537941 0.048286 0.0427902 0.0374796 0.0324522 0.0277345 0.0232945 0.0190764 0.0150578 0.0112993 0.00794539
 0.00995039 0.0157602 0.0229673 0.0312653 0.0402557 0.0493795 0.0578406 0.0647227 0.0692955 0.0712638 0.0707747 0.0682443 0.0641824 0.0590948 0.0534342 0.0475676 0.0417618 0.0361899 0.0309466 0.0260646 0.0215315 0.0173198 0.0134261 0.0099034 0.00685737
 0.010062 0.0159549 0.0232849 0.0317502 0.0409471 0.0502946 0.0589596 0.065985 0.0706104 0.0725305 0.0718991 0.0691483 0.0648067 0.0593999 0.0534018 0.0472017 0.0410868 0.0352451 0.0297821 0.02474 0.0201197 0.0159096 0.0121156 0.00878195 0.00598246
 0.0100676 0.0159835 0.0233648 0.0319227 0.0412592 0.0507868 0.0596512 0.0668643 0.0716319 0.0736193 0.0729621 0.0700892 0.0655419 0.0598698 0.0535746 0.0470705 0.0406652 0.0345636 0.0288851 0.0236852 0.0189784 0.014764 0.0110513 0.007873 0.00527476
 0.0102073 0.0161665 0.0235609 0.0320816 0.041332 0.0507559 0.0595515 0.0667792 0.0716621 0.0738422 0.073401 0.070706 0.0662519 0.0605665 0.0541555 0.0474561 0.040808 0.0344493 0.0285297 0.0231304 0.0182865 0.0140112 0.0103177 0.00722793 0.00476321
 0.0104013 0.0164703 0.0239934 0.032645 0.0420025 0.051476 0.0602316 0.0673164 0.0719784 0.0739209 0.0732971 0.0705197 0.0660796 0.0604604 0.0541097 0.0474211 0.0407184 0.0342499 0.0281918 0.0226576 0.0177123 0.0133905 0.00971401 0.00669809 0.00434407
 0.0104273 0.0165222 0.0240894 0.0328085 0.0422572 0.0518359 0.0606897 0.067837 0.072498 0.0743616 0.0735907 0.070634 0.0660321 0.0603087 0.0539222 0.0472436 0.0405576 0.034079 0.0279729 0.0223644 0.0173444 0.0129746 0.00929348 0.00631821 0.00403743
 0.0104132 0.0164881 0.0240191 0.0326842 0.042069 0.0515953 0.0604369 0.0676352 0.0724124 0.0744319 0.0738127 0.0709609 0.0663953 0.0606461 0.0541988 0.0474539 0.0407111 0.034182 0.028019 0.0223404 0.0172434 0.0128066 0.00908577 0.00610629 0.00385237
 0.0105845 0.0167317 0.0243203 0.0330051 0.0423564 0.0517958 0.0605125 0.0675743 0.0722342 0.0741843 0.0735603 0.0707639 0.0662883 0.0606282 0.0542405 0.0475163 0.0407628 0.0342056 0.0280072 0.0222893 0.0171515 0.0126786 0.00893554 0.00595422 0.00371852
 0.0107124 0.0169331 0.0246098 0.0333874 0.0428201 0.052307 0.0610115 0.0679835 0.072479 0.0742193 0.0733881 0.0704347 0.0658805 0.060221 0.0538899 0.0472442 0.0405621 0.0340535 0.0278791 0.0221669 0.0170249 0.012546 0.00880216 0.00582996 0.00361366
 0.0105424 0.0166871 0.0242966 0.0330368 0.0424774 0.0520214 0.0608247 0.0679199 0.0725396 0.0743798 0.0736045 0.0706588 0.0660782 0.0603827 0.0540281 0.0473797 0.0407082 0.0342088 0.028029 0.0222926 0.0171122 0.0125901 0.00880839 0.0058104 0.00358244
 0.0104533 0.0165398 0.0240719 0.0327194 0.0420642 0.0515319 0.0603079 0.0674496 0.072195 0.0742191 0.0736456 0.0708757 0.0664142 0.0607728 0.0544188 0.0477403 0.0410293 0.0344918 0.0282759 0.0225003 0.0172747 0.0127037 0.0088757 0.00584076 0.00358871
 0.0105 0.0165994 0.0241308 0.0327528 0.042041 0.0514233 0.0600979 0.0671432 0.0718225 0.073834 0.0733135 0.0706561 0.0663412 0.0608447 0.0546028 0.0479883 0.0412961 0.0347461 0.0285012 0.0226896 0.017425 0.0128141 0.00894835 0.00588155 0.00360658
 0.0105154 0.0166237 0.0241652 0.0327959 0.0420864 0.051457 0.0600984 0.0670853 0.0716863 0.0736159 0.0730342 0.070359 0.0660818 0.0606732 0.0545477 0.0480485 0.0414453 0.0349453 0.0287125 0.0228852 0.0175888 0.0129397 0.00903605 0.00593647 0.0036366
 0.0103854 0.0164444 0.0239543 0.0325898 0.0419288 0.0513823 0.0601169 0.0671793 0.0718173 0.0737381 0.0731085 0.070365 0.0660235 0.0605778 0.0544559 0.0479989 0.0414604 0.0350252 0.0288388 0.0230311 0.0177292 0.0130577 0.00912431 0.0059955 0.00367171
 0.0104414 0.0165238 0.024053 0.0326993 0.0420418 0.0514998 0.0602502 0.0673435 0.0720177 0.0739578 0.0733069 0.07049 0.0660332 0.0604581 0.0542267 0.0477066 0.0411608 0.0347653 0.0286449 0.0229068 0.0176619 0.0130282 0.00911513 0.00599451 0.00367255
 0.0103583 0.0163876 0.023847 0.0324087 0.0416595 0.0510342 0.0597332 0.0668322 0.0715861 0.0736789 0.0732309 0.0706273 0.0663488 0.0608831 0.0546822 0.0481291 0.0415172 0.0350529 0.0288782 0.0231022 0.0178289 0.0131681 0.0092256 0.00607464 0.00372517
 0.0103675 0.0163968 0.0238493 0.0323926 0.0416092 0.0509327 0.0595663 0.066595 0.0712889 0.073352 0.0729226 0.0703937 0.0662364 0.0609117 0.0548373 0.0483686 0.0417889 0.0353133 0.0291032 0.0232863 0.0179764 0.0132851 0.0093159 0.00614059 0.00376959
 0.0102873 0.0162732 0.0236761 0.0321686 0.0413387 0.0506245 0.0592339 0.0662561 0.070964 0.0730619 0.0726881 0.0702365 0.0661789 0.0609724 0.0550229 0.048666 0.0421644 0.0357207 0.0294972 0.023634 0.0182614 0.0135049 0.00947641 0.00625114 0.00384072
 0.0100833 0.0159866 0.0233276 0.0318046 0.0410165 0.0503899 0.0591034 0.0662146 0.0709768 0.0730925 0.0727115 0.0702443 0.066179 0.0609849 0.0550727 0.048774 0.0423388 0.035952 0.0297608 0.0238988 0.0185003 0.0137011 0.00962443 0.00635435 0.00390722
 0.00987655 0.0156645 0.0228716 0.031213 0.0403119 0.0496254 0.0583631 0.0656003 0.0705787 0.072957 0.0728257 0.0705475 0.0665922 0.0614405 0.0555301 0.0492191 0.0427724 0.0363772 0.0301733 0.0242851 0.0188422 0.0139831 0.00983955 0.00650538 0.00400451
 0.00981284 0.0155465 0.0226674 0.0308851 0.0398275 0.0489728 0.0575687 0.0647346 0.0697477 0.0722782 0.072398 0.0704245 0.0667693 0.0618609 0.0561083 0.0498695 0.0434301 0.0370029 0.030747 0.0247952 0.0192789 0.0143384 0.0101104 0.0066967 0.00412865
 0.0107029 0.0168056 0.0242135 0.0325202 0.0412892 0.0500197 0.058052 0.0646231 0.0691085 0.0712423 0.0711285 0.0690917 0.0655254 0.0608162 0.0553159 0.0493274 0.0430985 0.036828 0.030679 0.0247957 0.0193202 0.0143993 0.0101744 0.00675241 0.00417051
 0.0116604 0.0182884 0.026298 0.0352032 0.0444611 0.0534424 0.0613559 0.0673558 0.070848 0.0717313 0.0703558 0.0672752 0.0630187 0.0579967 0.0525032 0.0467449 0.0408702 0.0349962 0.0292313 0.0236916 0.0185086 0.0138279 0.00979253 0.00651252 0.00403007
 0.0113875 0.0179955 0.0261355 0.0354031 0.0452735 0.0550323 0.0637086 0.0702422 0.0738669 0.0744087 0.0722643 0.0681378 0.0627706 0.0567841 0.0506204 0.0445372 0.0386453 0.0329718 0.0275251 0.0223395 0.0174933 0.013104 0.00930395 0.00620239 0.00384643
 0.0109218 0.01728 0.0251457 0.0341695 0.0439045 0.053731 0.0627641 0.0699708 0.0745008 0.075977 0.0745386 0.0706869 0.0651016 0.058501 0.0515293 0.044665 0.0381811 0.0321725 0.0266282 0.0215122 0.0168217 0.0126097 0.00896928 0.00599271 0.00372487
 0.0108222 0.0170963 0.0248298 0.0336648 0.0431637 0.052745 0.0615948 0.0687695 0.0734975 0.0754315 0.0746597 0.0715445 0.0665739 0.0602941 0.0532719 0.0460371 0.0390121 0.0324666 0.0265184 0.0211801 0.0164281 0.012258 0.00870397 0.00581659 0.00362002
 0.0105583 0.0167023 0.0243001 0.0330126 0.042411 0.0519097 0.060687 0.0678048 0.0725212 0.0745412 0.0740073 0.0713048 0.0668823 0.0611784 0.0546143 0.0475974 0.040508 0.0336717 0.0273279 0.0216151 0.0165894 0.0122654 0.0086519 0.0057594 0.00357855
 0.0104111 0.0164661 0.0239515 0.0325353 0.041802 0.0511869 0.0598927 0.0669992 0.0717662 0.0738855 0.0734864 0.0709585 0.0667706 0.0613732 0.0551632 0.0484772 0.0416056 0.0348114 0.0283344 0.0223752 0.0170779 0.0125281 0.00876547 0.00579441 0.0035821
 0.0103066 0.0163096 0.02374 0.0322726 0.0414942 0.0508373 0.0595008 0.0665654 0.0713 0.0734103 0.0730383 0.0705794 0.0665035 0.0612617 0.0552498 0.0487913 0.0421405 0.0355079 0.0290874 0.0230685 0.0176259 0.0129004 0.00898187 0.00590099 0.00362568
 0.0102399 0.0162026 0.0235821 0.0320561 0.0412174 0.0505078 0.059137 0.0661933 0.0709456 0.0730915 0.0727631 0.0703518 0.0663317 0.0611641 0.0552535 0.048925 0.0424224 0.0359303 0.0296084 0.0236178 0.0181273 0.013298 0.00925624 0.00606562 0.00371152
 0.0102331 0.0161803 0.0235277 0.0319475 0.0410324 0.0502335 0.0587786 0.0657764 0.0705114 0.072686 0.0724256 0.070107 0.0661883 0.0611193 0.0553021 0.0490658 0.0426578 0.036259 0.0300148 0.024066 0.0185668 0.0136798 0.0095489 0.00626315 0.00382877
 0.0102324 0.0161793 0.0235258 0.0319419 0.0410162 0.0501936 0.0586963 0.0656328 0.0702958 0.0724053 0.0721063 0.0697896 0.0659151 0.060923 0.0552001 0.0490623 0.0427492 0.0364377 0.0302673 0.0243694 0.0188879 0.0139809 0.00979874 0.00644623 0.00394698
 0.0102996 0.0162806 0.0236635 0.0321123 0.0412101 0.0503968 0.0588895 0.0657913 0.0703908 0.0724089 0.0720005 0.0695741 0.0656118 0.0605725 0.0548517 0.0487615 0.0425288 0.036314 0.030241 0.0244275 0.0190057 0.0141271 0.00994267 0.00656555 0.00403207
 0.0101953 0.0161394 0.0235029 0.031966 0.0411174 0.0503876 0.0589712 0.0659468 0.070586 0.0726041 0.0721596 0.0696697 0.0656286 0.06051 0.0547261 0.0486029 0.042374 0.0361964 0.0301822 0.0244332 0.0190663 0.014222 0.0100477 0.00666011 0.00410441
 0.0101695 0.0160935 0.0234282 0.0318555 0.0409724 0.0502243 0.0588233 0.0658577 0.0705916 0.0727147 0.0723523 0.0698968 0.0658357 0.0606547 0.0547881 0.0485861 0.0423012 0.0361008 0.0300968 0.0243815 0.0190574 0.0142503 0.0100983 0.00671619 0.00415304
 0.0100943 0.0159757 0.0232591 0.0316299 0.0406897 0.0498906 0.0584556 0.065487 0.0702633 0.072481 0.0722584 0.0699643 0.0660522 0.0609758 0.0551522 0.0489349 0.0425965 0.0363302 0.0302691 0.0245156 0.0191709 0.0143532 0.0101914 0.00679527 0.00421398
 0.0101574 0.0160647 0.0233676 0.0317425 0.0407849 0.0499463 0.0584541 0.0654188 0.0701284 0.0722917 0.0720402 0.0697536 0.0658876 0.0608855 0.0551433 0.0489913 0.0426874 0.0364246 0.0303476 0.0245739 0.019215 0.0143912 0.010228 0.00683021 0.00424425
 0.0106819 0.0168849 0.0245376 0.0332815 0.0426625 0.0520674 0.0606473 0.0674482 0.0717384 0.0732717 0.0722785 0.0692585 0.0647719 0.0593295 0.0533502 0.0471471 0.0409341 0.0348511 0.0289975 0.0234604 0.0183343 0.0137285 0.00975885 0.00652126 0.00405692
 0.0103267 0.01644 0.0241134 0.0330624 0.0428579 0.0528301 0.0620035 0.0692738 0.0737922 0.0752599 0.0739223 0.0703473 0.0651976 0.0590977 0.0525665 0.0459818 0.0395764 0.0334699 0.0277175 0.0223568 0.0174401 0.0130459 0.00926979 0.00619479 0.00385566
 0.00943417 0.0150832 0.0222559 0.0307572 0.0402617 0.0502068 0.0597086 0.0676993 0.0732609 0.075908 0.0756362 0.0727957 0.0679427 0.0617249 0.0547794 0.0476384 0.0406752 0.0341038 0.0280197 0.0224562 0.0174364 0.0130033 0.00922282 0.00615781 0.00383161
#obs surv len freq
 nan nan nan nan nan nan nan nan nan nan nan nan nan nan nan nan nan nan nan nan nan nan nan nan nan
 0.00449014 0.007354 0.0111863 0.0160043 0.0217055 0.0279804 0.0342929 0.0400221 0.0446993 0.0481606 0.0505161 0.0520096 0.0528997 0.0534102 0.053723 0.0539768 0.0542545 0.0545467 0.0546851 0.0542769 0.0527151 0.0493478 0.0437985 0.0362798 0.027665
 0.00461668 0.00756389 0.0115095 0.0164699 0.0223346 0.0287741 0.0352221 0.0410243 0.0456887 0.0490461 0.0512185 0.0524738 0.0530989 0.0533451 0.0534169 0.0534678 0.0535869 0.0537636 0.0538259 0.0533791 0.051818 0.048495 0.0430355 0.0356452 0.0271799
 0.00478402 0.00783559 0.011918 0.0170459 0.0231018 0.0297408 0.0363703 0.0423039 0.0470198 0.0503293 0.0523494 0.0533568 0.0536598 0.0535402 0.053237 0.0529359 0.0527497 0.0526823 0.0525682 0.0520161 0.0504259 0.0471552 0.0418285 0.0346375 0.0264083
 0.00497019 0.00814139 0.012384 0.0177115 0.0239975 0.0308758 0.0377205 0.0438079 0.0485879 0.05186 0.0537425 0.0545196 0.0545095 0.0540078 0.0532748 0.0525253 0.0519062 0.0514538 0.0510307 0.050268 0.0485836 0.0453466 0.0401799 0.0332517 0.0253432
 0.00517692 0.00848064 0.0129006 0.0184497 0.0249926 0.0321413 0.0392341 0.0455056 0.0503721 0.0536169 0.0553599 0.0558973 0.0555622 0.0546651 0.0534806 0.0522407 0.051116 0.0501756 0.0493227 0.0482326 0.0463641 0.0431154 0.0381135 0.0314973 0.0239864
 0.00541047 0.00886117 0.0134751 0.0192627 0.0260787 0.0335123 0.0408652 0.0473303 0.0522901 0.0555119 0.0571169 0.0574126 0.0567473 0.0554467 0.0537991 0.0520498 0.0503854 0.0489006 0.0475378 0.0460266 0.043887 0.0405673 0.0357129 0.0294342 0.0223777
 0.00565411 0.00926028 0.0140813 0.0201259 0.0272372 0.0349778 0.0426073 0.0492716 0.0543182 0.0575015 0.0589496 0.0589876 0.057982 0.0562736 0.0541625 0.0519029 0.0496917 0.0476415 0.0457294 0.0437405 0.0412659 0.0378212 0.0330862 0.0271497 0.0205804
 0.00588758 0.00964514 0.0146705 0.0209723 0.0283839 0.0364415 0.0443619 0.0512418 0.0563899 0.0595434 0.0608352 0.060608 0.0592508 0.0571255 0.054548 0.0517821 0.0490316 0.0464204 0.0439525 0.0414645 0.0386206 0.0350127 0.0303668 0.0247596 0.0186837
 0.00614746 0.0100677 0.0153068 0.0218703 0.0295799 0.0379467 0.0461472 0.0532321 0.0584728 0.0615892 0.0627173 0.0622157 0.0604958 0.0579422 0.0548904 0.0516181 0.0483374 0.0451809 0.0421735 0.0391953 0.0359797 0.0321956 0.0276221 0.0223312 0.0167445
 0.0063758 0.0104461 0.0158892 0.0227112 0.0307226 0.0394055 0.0478905 0.0551775 0.0605009 0.0635685 0.0645257 0.0637523 0.0616816 0.0587176 0.0552122 0.0514553 0.0476682 0.0439935 0.0404752 0.0370323 0.0334603 0.0295009 0.0249858 0.0199876 0.0148638
 0.00661447 0.0108352 0.0164773 0.0235446 0.0318374 0.0408141 0.0495666 0.0570492 0.0624585 0.0654834 0.0662717 0.0652208 0.0627899 0.0594102 0.0554561 0.0512323 0.0469683 0.0428137 0.0388275 0.034962 0.0310677 0.0269514 0.0224944 0.0177712 0.0130819
 0.0068297 0.0111905 0.0170216 0.0243263 0.032894 0.0421563 0.0511629 0.0588218 0.0642957 0.0672625 0.067879 0.066562 0.0637924 0.0600225 0.0556458 0.0509833 0.0462757 0.041682 0.0372752 0.0330356 0.0288601 0.0246119 0.0202149 0.0157455 0.011453
 0.00706736 0.0115774 0.0176049 0.0251497 0.0339889 0.0435279 0.0527756 0.060594 0.0661104 0.0689897 0.0693985 0.0677783 0.0646404 0.060466 0.0556715 0.0505928 0.0454794 0.0404963 0.035727 0.0311748 0.0267743 0.0224353 0.0181163 0.0138933 0.00996999
 0.00729592 0.0119524 0.0181751 0.0259613 0.0350751 0.0448924 0.0543774 0.0623433 0.0678827 0.0706514 0.0708302 0.0688888 0.0653699 0.0607848 0.0555751 0.0500953 0.0446055 0.039277 0.0342008 0.0293964 0.0248277 0.02044 0.0162178 0.0122338 0.00865008
 0.0074311 0.0121804 0.0185339 0.0264921 0.0358148 0.0458606 0.0555625 0.0636961 0.0693211 0.0720739 0.072132 0.0699743 0.0661627 0.061233 0.0556532 0.0498012 0.0439553 0.0383 0.0329385 0.0279064 0.0231907 0.0187633 0.0146266 0.0108468 0.00754968
 0.00750736 0.0123031 0.0187169 0.0267504 0.0361643 0.0463181 0.0561423 0.064404 0.0701485 0.0729921 0.0730906 0.0709041 0.0669846 0.0618694 0.0560392 0.0498924 0.0437315 0.0377651 0.0321191 0.0268522 0.0219758 0.0174849 0.0133946 0.00976355 0.0066861
 0.00760449 0.0124507 0.0189202 0.0270077 0.0364689 0.0466614 0.056516 0.064803 0.0705717 0.0734431 0.0735728 0.071413 0.0674991 0.062348 0.0564245 0.0501223 0.0437525 0.0375437 0.0316496 0.0261598 0.0211167 0.0165413 0.0124618 0.00893104 0.00601652
 0.00769083 0.012591 0.0191302 0.0272997 0.0368467 0.0471138 0.0570129 0.0652987 0.0710183 0.073807 0.0738455 0.0716099 0.0676467 0.0624674 0.0565181 0.0501692 0.0437144 0.0373778 0.0313247 0.0256702 0.0204892 0.0158328 0.0117474 0.00828504 0.00549266
 0.00773359 0.0126565 0.019222 0.0274195 0.0369961 0.047295 0.0572283 0.0655472 0.0712913 0.0740869 0.0741088 0.0718353 0.0678233 0.0625967 0.0566085 0.050225 0.0437267 0.0373235 0.0311752 0.0254059 0.0201131 0.0153757 0.011262 0.00782985 0.00511409
 0.00776613 0.012705 0.0192867 0.0274979 0.0370834 0.0473862 0.0573199 0.0656388 0.0713863 0.0741907 0.0742265 0.0719671 0.067962 0.0627307 0.0567254 0.050315 0.043781 0.0373308 0.03112 0.0252735 0.019899 0.015094 0.0109454 0.00752016 0.00484842
 0.00782675 0.0127935 0.0194011 0.0276297 0.0372193 0.0475121 0.057424 0.0657138 0.0714302 0.0742077 0.0742267 0.0719634 0.0679668 0.0627503 0.0567585 0.0503531 0.0438114 0.0373389 0.0310913 0.0251956 0.0197665 0.014913 0.0107352 0.0073087 0.00466256
 0.00785167 0.0128344 0.0194628 0.0277154 0.0373287 0.0476382 0.0575523 0.0658243 0.0715043 0.0742353 0.0742104 0.0719174 0.0679105 0.0627018 0.0567291 0.0503451 0.0438184 0.0373481 0.0310869 0.0251634 0.0196977 0.0148081 0.0106053 0.00717208 0.00453847
 0.00786946 0.0128582 0.0194896 0.02774 0.0373458 0.0476462 0.0575542 0.0658267 0.0715126 0.0742504 0.0742275 0.0719302 0.0679156 0.0627016 0.0567303 0.0503549 0.0438394 0.0373763 0.0311125 0.0251741 0.0196834 0.0147654 0.010539 0.00709406 0.00446261
 0.00788541 0.0128804 0.0195157 0.027765 0.037363 0.0476484 0.0575367 0.0657888 0.0714593 0.0741919 0.0741764 0.0718969 0.0679047 0.0627115 0.056756 0.0503913 0.0438828 0.0374232 0.0311576 0.0252097 0.0197018 0.0147619 0.0105149 0.00705623 0.00442068
 0.0078826 0.0128753 0.019507 0.027751 0.0373415 0.0476172 0.0574942 0.0657348 0.0713957 0.0741236 0.0741116 0.0718457 0.0678769 0.0627132 0.0567877 0.0504477 0.0439555 0.0375028 0.0312352 0.0252773 0.0197527 0.0147922 0.0105245 0.00704946 0.00440468
 0.00787566 0.0128605 0.0194785 0.0277015 0.037265 0.0475121 0.0573659 0.0655957 0.0712622 0.0740109 0.0740306 0.0718021 0.0678723 0.0627466 0.0568559 0.0505451 0.0440735 0.0376309 0.031362 0.0253922 0.0198474 0.0148618 0.0105686 0.00707168 0.00441141
 0.00790427 0.0129011 0.0195282 0.0277533 0.0373083 0.0475354 0.0573592 0.065553 0.0711836 0.0739039 0.0739091 0.0716834 0.0677723 0.0626768 0.0568219 0.0505469 0.0441071 0.0376887 0.0314342 0.0254682 0.0199172 0.0149183 0.0106083 0.00709517 0.00442222
 0.0079029 0.0129003 0.0195295 0.0277581 0.0373172 0.047546 0.0573655 0.0655464 0.0711559 0.073851 0.0738336 0.0715946 0.0676842 0.0626037 0.0567751 0.0505327 0.0441257 0.0377352 0.0315001 0.025543 0.0199907 0.014982 0.0106571 0.00712805 0.00444136
 0.00788472 0.0128708 0.0194854 0.0276973 0.0372397 0.0474556 0.0572704 0.0654577 0.0710839 0.0738013 0.0738056 0.0715832 0.0676842 0.0626129 0.0567952 0.0505675 0.0441784 0.0378059 0.0315848 0.0256343 0.0200796 0.0150603 0.0107193 0.00717242 0.00446955
 0.0078428 0.0128025 0.0193827 0.0275534 0.0370516 0.0472272 0.0570158 0.0652011 0.0708554 0.0736296 0.0737103 0.0715712 0.0677485 0.0627372 0.0569596 0.0507539 0.0443732 0.0380001 0.031772 0.0258083 0.020234 0.0151894 0.0108198 0.00724419 0.00451625
 0.00782364 0.0127667 0.0193203 0.0274525 0.0369012 0.0470227 0.0567628 0.0649179 0.0705698 0.0733736 0.0735141 0.0714571 0.0677281 0.0628087 0.057109 0.0509593 0.0446101 0.0382466 0.0320108 0.0260274 0.0204249 0.0153468 0.0109413 0.00733125 0.00457345
 0.00780512 0.0127374 0.0192772 0.0273926 0.0368207 0.0469167 0.0566268 0.0647497 0.070373 0.0731605 0.0733054 0.071279 0.0676062 0.0627617 0.0571443 0.0510712 0.0447823 0.0384564 0.0322345 0.0262443 0.0206198 0.0155098 0.0110683 0.00742287 0.00463416
 0.00777509 0.0126862 0.0191961 0.0272728 0.0366565 0.0467091 0.0563868 0.0644969 0.0701307 0.0729487 0.0731375 0.0711627 0.0675466 0.0627642 0.0572133 0.0512067 0.044977 0.0386947 0.032495 0.0265037 0.0208573 0.0157109 0.0112257 0.00753645 0.00470941
 0.00773357 0.0126191 0.019096 0.0271329 0.0364722 0.0464803 0.0561201 0.064208 0.069843 0.0726892 0.0729317 0.0710291 0.0674945 0.0627934 0.0573173 0.051376 0.0452001 0.0389576 0.0327798 0.0267895 0.0211232 0.0159396 0.0114072 0.0076688 0.00479766
 0.00933116 0.0148538 0.0217897 0.0298961 0.0388174 0.0480027 0.0566403 0.0637985 0.0687452 0.0711913 0.0712794 0.0693929 0.0659769 0.0614488 0.0561691 0.0504282 0.0444447 0.0383793 0.0323581 0.0265001 0.0209389 0.0158325 0.0113518 0.00764424 0.00478919
 0.00931269 0.0151204 0.0227134 0.0319385 0.042328 0.0529472 0.0624286 0.0693809 0.0729853 0.0733143 0.0711278 0.0673681 0.0627622 0.0577183 0.0524208 0.0469563 0.0413888 0.0357864 0.0302277 0.0248071 0.0196438 0.0148853 0.0106946 0.00721529 0.00452808
 0.00896459 0.0145741 0.0219497 0.0310099 0.0414119 0.0523816 0.0626708 0.070844 0.07579 0.0771057 0.0751195 0.0706403 0.0646452 0.0580245 0.0514135 0.0451333 0.0392483 0.0336914 0.028382 0.023293 0.0184704 0.0140233 0.0100962 0.0068254 0.0042914
 0.00880774 0.0143049 0.0215192 0.0303671 0.0405236 0.0512674 0.0614464 0.0697494 0.0751678 0.0773052 0.0763398 0.0727843 0.067288 0.0605524 0.0532721 0.0460394 0.0392461 0.0330511 0.0274361 0.0223119 0.0176155 0.0133593 0.00962476 0.0065164 0.00410431
 0.00872737 0.0141707 0.0213096 0.0300569 0.0400858 0.0506794 0.0607017 0.0688757 0.0742487 0.0764944 0.0758513 0.0728369 0.0680087 0.0618824 0.0549451 0.0476689 0.0404828 0.0337177 0.0275614 0.0220648 0.0171997 0.0129338 0.00927628 0.00627024 0.00394969
 0.00870488 0.0141318 0.0212464 0.0299589 0.0399408 0.0504735 0.0604217 0.0685115 0.0737987 0.0759766 0.0753179 0.0723853 0.0677713 0.0619848 0.055441 0.0484888 0.0414403 0.0345815 0.0281549 0.0223301 0.0171934 0.0127711 0.00906802 0.00608733 0.00381937
 0.00868734 0.0141 0.0211923 0.0298732 0.0398146 0.0503019 0.060206 0.0682585 0.0735181 0.0756775 0.0750103 0.0720872 0.0675202 0.0618411 0.0554749 0.0487465 0.0419073 0.03517 0.0287327 0.0227776 0.0174525 0.0128562 0.00903924 0.0060115 0.00374328
 0.00870321 0.0141272 0.0212353 0.0299355 0.0398956 0.0503937 0.0602913 0.0683131 0.073517 0.0756033 0.0748581 0.0718666 0.0672542 0.0615666 0.0552409 0.0486065 0.0419009 0.0353012 0.0289602 0.0230292 0.0176573 0.0129752 0.00907413 0.00599133 0.00370202
 0.00869274 0.0141129 0.0212188 0.0299206 0.0398878 0.0503985 0.0603128 0.0683508 0.0735641 0.0756457 0.0748773 0.0718451 0.0671826 0.0614492 0.0550976 0.0484703 0.041809 0.0352818 0.029019 0.0231441 0.0177881 0.013083 0.00913829 0.0060131 0.00369657
 0.00866226 0.0140648 0.0211495 0.0298286 0.039775 0.0502721 0.0601856 0.0682405 0.0734886 0.0756174 0.0748972 0.0719023 0.0672572 0.0615195 0.0551485 0.0484995 0.041828 0.0353098 0.0290723 0.0232264 0.0178878 0.0131794 0.00921295 0.00605844 0.0037163
 0.00864044 0.014029 0.0210953 0.0297518 0.0396733 0.0501466 0.0600428 0.068093 0.0733537 0.075513 0.0748386 0.0718969 0.0673029 0.0616042 0.055254 0.0486075 0.0419269 0.0353977 0.0291547 0.0233099 0.0179733 0.0132608 0.00928126 0.0061072 0.00374508
 0.00864244 0.0140304 0.0210937 0.0297437 0.0396541 0.0501121 0.0599901 0.0680221 0.0732679 0.0754198 0.0747485 0.0718229 0.0672565 0.0615925 0.0552767 0.0486574 0.0419927 0.0354688 0.0292249 0.0233771 0.0180372 0.0133199 0.00933188 0.00614588 0.00377065
 0.00865171 0.0140461 0.0211182 0.029779 0.0397006 0.0501665 0.060045 0.0680663 0.0732894 0.0754097 0.074705 0.0717513 0.0671688 0.0615035 0.0552007 0.0486038 0.0419646 0.0354635 0.0292364 0.0233993 0.0180651 0.0133495 0.00935969 0.00616899 0.00378736
 0.00862541 0.0140077 0.0210686 0.0297222 0.039643 0.0501158 0.0600081 0.0680478 0.0732905 0.0754271 0.0747309 0.0717768 0.0671866 0.0615113 0.0552014 0.048604 0.041971 0.0354803 0.0292639 0.0234345 0.0181036 0.0133868 0.00939233 0.00619485 0.0038058
 0.00862136 0.013997 0.0210453 0.029679 0.0395744 0.0500219 0.0598978 0.0679377 0.0732001 0.0753717 0.0747171 0.0718007 0.0672371 0.0615748 0.0552663 0.0486636 0.042024 0.0355287 0.0293105 0.0234806 0.0181483 0.0134278 0.00942722 0.00622202 0.00382499
 0.00862136 0.013997 0.0210453 0.029679 0.0395744 0.0500219 0.0598978 0.0679377 0.0732001 0.0753717 0.0747171 0.0718007 0.0672371 0.0615748 0.0552663 0.0486636 0.042024 0.0355287 0.0293105 0.0234806 0.0181483 0.0134278 0.00942722 0.00622202 0.00382499
 0.00905199 0.0146783 0.0220318 0.0309986 0.0412111 0.0518954 0.0618504 0.0697475 0.0746285 0.0762299 0.0749157 0.071362 0.0662707 0.0602375 0.0537241 0.0470651 0.0404861 0.0341334 0.0281072 0.0224919 0.0173752 0.0128548 0.00902685 0.00596013 0.00366581
 0.00918593 0.0149364 0.0224936 0.031759 0.0423524 0.0534449 0.0637413 0.0718099 0.0766196 0.0778909 0.0760311 0.0718016 0.0660093 0.0593501 0.0523606 0.0454123 0.0387296 0.0324291 0.0265679 0.0211851 0.0163288 0.012065 0.0084672 0.00558986 0.00343861
 0.00879933 0.0143322 0.0216359 0.0306482 0.0410452 0.0520729 0.062515 0.070984 0.0764169 0.0784141 0.0772115 0.0734169 0.0677591 0.0609484 0.0536071 0.0462217 0.0391219 0.0324938 0.0264216 0.0209372 0.0160617 0.011829 0.0082846 0.00546305 0.00335886
#pred catch len freq
 0.0046339 0.00735643 0.010776 0.0148223 0.019444 0.024581 0.030093 0.0357352 0.0412134 0.046263 0.0506932 0.0543976 0.0573482 0.059567 0.0610765 0.06185 0.0617947 0.0607726 0.0586368 0.0552608 0.0505605 0.0445402 0.0373804 0.0295261 0.021677
 0.00484706 0.00760914 0.010988 0.0148739 0.0192251 0.0240573 0.0293487 0.0349505 0.040579 0.0458788 0.0505149 0.0542632 0.0570654 0.0590162 0.0602804 0.0609828 0.0611245 0.0605569 0.0590136 0.0561851 0.0518217 0.0458526 0.0384977 0.0303202 0.0221471
 0.00520813 0.00816186 0.0117488 0.0158166 0.0202661 0.0250501 0.0300997 0.0352724 0.0403721 0.0451924 0.0495352 0.0532169 0.0561018 0.0581502 0.0594349 0.0600941 0.0602302 0.0598053 0.058589 0.0562005 0.0522487 0.0465315 0.039218 0.030914 0.0225417
 0.00547881 0.0086014 0.0124096 0.0167474 0.0215003 0.0265848 0.0318662 0.037114 0.0420492 0.0464314 0.0501125 0.0530437 0.0552565 0.0568311 0.057862 0.0584306 0.0585754 0.0582424 0.0572245 0.0551496 0.0515777 0.0462144 0.0391467 0.0309551 0.0225947
 0.00572749 0.00899263 0.0129769 0.0175206 0.0225099 0.0278627 0.0334359 0.0389673 0.0441145 0.0485483 0.0520334 0.0544771 0.0559495 0.0566555 0.0568567 0.0567747 0.0565145 0.0560192 0.055047 0.0531857 0.049948 0.0449748 0.0382799 0.0303889 0.0222389
 0.00598533 0.00939626 0.0135565 0.0182972 0.0234966 0.0290665 0.0348561 0.0405921 0.0459162 0.0504737 0.0539861 0.0562998 0.0574239 0.0575392 0.0569524 0.0560018 0.0549444 0.0538547 0.0525624 0.0506611 0.0476196 0.0430042 0.036742 0.0292781 0.0214937
 0.00631107 0.00989829 0.014262 0.0192163 0.0246266 0.0303961 0.0363661 0.0422508 0.0476771 0.0522768 0.0557599 0.0579585 0.0588575 0.058604 0.0574778 0.0558259 0.0539716 0.0521086 0.0502028 0.0479519 0.0448645 0.0404758 0.0346293 0.0276647 0.0203662
 0.00670485 0.0105028 0.015106 0.0203049 0.0259448 0.0319144 0.0380419 0.0440271 0.0494838 0.0540375 0.0574003 0.0594102 0.0600551 0.0594751 0.057932 0.0557524 0.0532601 0.0506944 0.0481182 0.0453537 0.042015 0.0376807 0.0321584 0.0256894 0.0189371
 0.00714538 0.0111852 0.0160705 0.021568 0.0274992 0.0337299 0.0400612 0.0461622 0.0516208 0.0560514 0.0591741 0.0608504 0.0610979 0.0600822 0.058076 0.0553999 0.0523632 0.0492058 0.0460314 0.0427498 0.0390851 0.0347012 0.0294216 0.023422 0.0172456
 0.00748143 0.0117209 0.0168578 0.02265 0.0289047 0.0354637 0.0420904 0.0484064 0.0539547 0.0583211 0.0612194 0.0625276 0.0622987 0.0607432 0.0581749 0.0549391 0.0513505 0.0476462 0.0439418 0.0401948 0.0362113 0.0317399 0.026645 0.0210675 0.0154488
 0.00782812 0.0122567 0.0176146 0.0236449 0.0301455 0.0369544 0.0438276 0.0503661 0.0560763 0.0604982 0.063305 0.0643543 0.0637081 0.0616143 0.0584393 0.0545791 0.0503843 0.0461119 0.0418931 0.037716 0.0334418 0.0288843 0.0239474 0.0187522 0.0136564
 0.00814208 0.0127431 0.0183024 0.0245471 0.0312604 0.0382681 0.045314 0.0519854 0.0577766 0.0622179 0.0649716 0.06588 0.0649878 0.0625336 0.0588928 0.0544906 0.0497189 0.0448778 0.0401389 0.0355324 0.0309691 0.0263139 0.0215009 0.0166341 0.0120003
 0.00845899 0.0132368 0.0190057 0.0254771 0.0324175 0.0396343 0.0468485 0.053622 0.0594288 0.0637926 0.0663845 0.067064 0.0658925 0.063117 0.0591124 0.0543009 0.0490794 0.0437674 0.0385728 0.0335753 0.0287425 0.0239913 0.0192835 0.0147074 0.0104866
 0.00884047 0.0138254 0.0198333 0.0265541 0.0337346 0.0411644 0.0485437 0.0554084 0.0612058 0.065443 0.0677916 0.0681314 0.0665588 0.0633601 0.0589411 0.0537374 0.0481436 0.042474 0.0369424 0.0316558 0.0266272 0.0218225 0.0172322 0.0129334 0.00909523
 0.00918287 0.0143534 0.0205754 0.0275195 0.0349153 0.0425379 0.050071 0.057029 0.0628366 0.0669836 0.0691348 0.0691767 0.0672266 0.0636036 0.058751 0.0531369 0.047175 0.0411852 0.0353826 0.0298831 0.0247243 0.0199045 0.0154362 0.0113884 0.00788642
 0.00934664 0.0146213 0.0209818 0.0280978 0.0356922 0.0435235 0.0512482 0.0583484 0.0642217 0.0683421 0.0703717 0.070203 0.0679663 0.0639997 0.0587715 0.0527775 0.0464577 0.040152 0.0340895 0.0283984 0.0231321 0.0183074 0.0139478 0.0101123 0.00688945
 0.00933079 0.0146158 0.0210123 0.0282049 0.0359259 0.0439325 0.0518665 0.0591832 0.0652451 0.0694901 0.0715503 0.0713034 0.0688843 0.0646521 0.0591045 0.0527677 0.0461089 0.0394914 0.0331643 0.027274 0.0218908 0.0170452 0.012765 0.00909603 0.00609489
 0.00949623 0.0148406 0.0212706 0.0284498 0.0361087 0.0440311 0.0519053 0.059231 0.0653893 0.0697998 0.0720485 0.0719572 0.0696141 0.0653537 0.0596737 0.0531205 0.0461938 0.0392924 0.032699 0.026589 0.0210568 0.0161491 0.0118979 0.00833706 0.00549483
 0.0096661 0.0151046 0.0216431 0.0289293 0.0366719 0.0446277 0.0524611 0.0596651 0.065645 0.0698749 0.0720005 0.0718774 0.0695835 0.0654062 0.0597858 0.0532273 0.0462175 0.0391695 0.0323977 0.0261151 0.0204504 0.0154755 0.0112324 0.00774714 0.00502512
 0.00964555 0.0150857 0.021642 0.0289721 0.0367897 0.0448466 0.05279 0.0600855 0.0661078 0.0703092 0.0723362 0.0720738 0.069647 0.0653842 0.0597373 0.0531886 0.0461847 0.0391056 0.0322563 0.0258661 0.0200951 0.015047 0.0107837 0.00733338 0.00468682
 0.00963938 0.0150658 0.0215951 0.0288833 0.0366507 0.044667 0.0526041 0.0599476 0.0660741 0.0704136 0.0725733 0.0723992 0.0699955 0.0656975 0.0599842 0.0533676 0.0463082 0.0391803 0.0322738 0.0258099 0.0199561 0.0148358 0.0105311 0.00707965 0.0044671
 0.00979725 0.01529 0.0218715 0.0291762 0.0369099 0.0448424 0.0526604 0.0598748 0.0658931 0.0701733 0.0723388 0.0722301 0.0699243 0.0657193 0.0600649 0.0534639 0.0463864 0.0392221 0.0322718 0.0257599 0.0198568 0.0146929 0.0103607 0.00690585 0.00431348
 0.00984802 0.0153745 0.0220014 0.0293603 0.0371485 0.0451202 0.0529417 0.0601082 0.0660261 0.0701729 0.0722068 0.0720043 0.0696658 0.0654891 0.0599029 0.0533786 0.0463594 0.0392225 0.0322698 0.0257354 0.0198006 0.014606 0.010253 0.00679289 0.00421117
 0.00968563 0.0151398 0.0217032 0.0290275 0.036825 0.0448529 0.0527697 0.0600536 0.0660878 0.0703257 0.0724072 0.0722064 0.0698387 0.0656274 0.060023 0.0535041 0.0465042 0.0393832 0.0324283 0.0258692 0.0198926 0.0146502 0.0102553 0.0067668 0.00417276
 0.00960355 0.0150058 0.0215015 0.0287464 0.0364628 0.0444262 0.0523193 0.0596408 0.0657802 0.0701752 0.0724329 0.0723892 0.0701304 0.0659697 0.0603673 0.0538227 0.0467899 0.0396388 0.0326556 0.0260634 0.0200453 0.0147557 0.010315 0.00678986 0.00417249
 0.00962567 0.0150298 0.0215149 0.0287283 0.0363869 0.0442684 0.0520662 0.0592985 0.0653796 0.069771 0.0720929 0.0721753 0.0700779 0.0660758 0.0605954 0.0541197 0.0471057 0.0399387 0.0329211 0.0262865 0.0202226 0.0148861 0.0104009 0.00683825 0.00419386
