SBPRF35
12.7214
Curr Bio
888352
B35
877396
F35
0.169186
FOFL
0.169186
OFL
122495
Bzero
3.63469e+006
#pred survey bio
 3.7032e+006 3.59564e+006 3.49064e+006 3.33163e+006 3.14108e+006 2.90497e+006 2.6354e+006 2.37483e+006 2.10598e+006 1.86933e+006 1.65699e+006 1.47193e+006 1.29588e+006 1.1329e+006 1.00148e+006 887039 801180 717696 663500 648478 624438 601706 593673 580470 562149 562503 561456 564375 566795 580639 580806 586727 598260 608101 620757 625107 636138 643418 654079 657155 660873 676073 685751 682814 692119 695847 702847 711417 721219 718142 718360 740627 769878 792089 817411 807987 804732 830121 860622 880867 876223 893750 2.04546e+007 1.8165e+007 1.80073e+007 1.85543e+007 1.96157e+007 2.09239e+007 2.22662e+007 2.35092e+007 2.4588e+007 2.54841e+007 2.62063e+007 2.67762e+007 2.72196e+007 2.75612e+007 2.78229e+007 2.80229e+007 2.81755e+007 2.82922e+007 2.83816e+007 2.84503e+007 2.85033e+007 2.85444e+007 2.85764e+007 2.86015e+007 2.86211e+007 2.86367e+007 2.86489e+007 2.86587e+007 2.86665e+007 2.86727e+007 2.86777e+007 2.86817e+007 2.86849e+007 2.86875e+007 2.86896e+007 2.86914e+007 2.86927e+007 2.86939e+007 2.86948e+007 2.86956e+007 2.86962e+007 2.86967e+007 2.86971e+007 2.86974e+007 2.86977e+007 2.86979e+007 2.86981e+007 2.86982e+007 2.86984e+007 2.86985e+007 2.86985e+007 2.86986e+007 2.86987e+007 2.86987e+007 2.86987e+007 2.86988e+007 2.86988e+007 2.86988e+007 2.86988e+007 2.86989e+007 2.86989e+007 2.86989e+007 2.86989e+007 2.86989e+007 2.86989e+007 2.86989e+007 2.86989e+007 2.86989e+007 2.86989e+007 2.86989e+007 2.86989e+007 2.86989e+007 2.86989e+007 2.86989e+007 2.86989e+007 2.86989e+007 2.86989e+007 2.86989e+007 2.86989e+007 2.86989e+007 2.86989e+007 2.86989e+007 2.86989e+007 2.86989e+007 2.86989e+007 2.86989e+007 2.86989e+007 2.86989e+007 2.86989e+007 2.86989e+007 2.86989e+007 2.86989e+007 2.86989e+007 2.86989e+007 2.86989e+007 2.86989e+007 2.86989e+007 2.86989e+007 2.86989e+007 2.86989e+007 0 0 0 0 0 0 0 0 0 0 0 0 0 0 0 0 0 0 0 0 0 0 0 0 0
#obs survey bio
 3.071e+006 5.01984e+006 3.10082e+006 3.03229e+006 4.06041e+006 4.53065e+006 3.85802e+006 2.52528e+006 1.40615e+006 1.65351e+006 1.28412e+006 1.21612e+006 885511 980085 1.28843e+006 785975 745620 713882 591280 795523 679389 603752 527097 461735 410704 458160 577132 633686 490473 559801 688500 684212 553311 751779 620256 655995 744454 538412 674069 794846 704047 681514 594837 570156 730534 815928 469222 925127 582708 720295 710535 961871 804566 811935 869147 699424 662902 821953 1.07603e+006 526558 771841 1.53836e+006
#pred catch bio
 95271.3 96383.3 151449 189209 242839 287824 295223 318484 304037 294899 280536 279570 271345 243874 227749 201247 196359 167258 131661 137463 133252 118564 121335 123394 106184 106844 102624 102149 92114.8 102928 96705.6 91752.5 93776.3 92407 100574 95978.8 100370 98525.3 105702 105639 97204.2 103338 114143 103403 107905 104783 103854 103422 114411 111211 93055.6 88414 95061.1 92848.8 122605 116959 93865.7 91464.6 100737 120514 97936.2 110831 122495 118983 116607 118637 124700 132666 140896 148444 154883 160110 164204 167327 169661 171378 172626 173525 174166 174622 174943 175170 175328 175439 175517 175571 175608 175634 175652 175665 175674 175680 175684 175687 175689 175690 175691 175691 175692 175692 175692 175693 175693 175693 175693 175693 175693 175693 175693 175693 175693 175693 175693 175693 175693 175693 175693 175693 175693 175693 175693 175693 175693 175693 175693 175693 175693 175693 175693 175693 175693 175693 175693 175693 175693 175693 175693 175693 175693 175693 175693 175693 175693 175693 175693 175693 175693 175693 175693 175693 175693 175693 175693 175693 175693 175693 175693 175693 175693 175693 175693 175693 0 0 0 0 0 0 0 0 0 0 0 0 0 0 0 0 0 0 0 0 0 0 0 0 0
#obs catch bio
 0 96066.1 151796 189235 242793 287426 293666 317674 303864 295658 281458 281001 275293 246573 228136 202342 198767 170397 133349 139139 134463 119228 122136 124764 106978 108058 103395 102554 92332.5 103359 96528.8 91259.4 93639.3 91987.5 100607 96051.8 100592 98829.9 105970 105774 97452.1 103918 114804 103778 108266 104525 103948 103383 114587 111259 93056.2 88415.9 95297.3 92602.7 122671 117306 94179.2 91771.1 100911 121863 98236.3 110934
#pred cpue bio
 3.65259e+006 3.54675e+006 3.44337e+006 3.28515e+006 3.09512e+006 2.85987e+006 2.59145e+006 2.33191e+006 2.06424e+006 1.82855e+006 1.61725e+006 1.4333e+006 1.25863e+006 1.09738e+006 967696 854860 770071 688083 635192 620765 597680 575783 568099 555350 537612 538043 537226 540384 543046 556815 557353 563437 574784 584345 596595 600693 611348 618417 628809 631821 635355 650050 659523 656778 666026 669934 676885 685188 694775 691835 692038 713909 742906 765052 790006 780647 777072 801748 831973 852366 848288 866483 1.9872e+007 1.76653e+007 1.73709e+007 1.77455e+007 1.87389e+007 2.00291e+007 2.13674e+007 2.26096e+007 2.36882e+007 2.45843e+007 2.53064e+007 2.58764e+007 2.63198e+007 2.66614e+007 2.69231e+007 2.71231e+007 2.72757e+007 2.73924e+007 2.74818e+007 2.75505e+007 2.76035e+007 2.76446e+007 2.76766e+007 2.77016e+007 2.77213e+007 2.77369e+007 2.77491e+007 2.77589e+007 2.77667e+007 2.77729e+007 2.77778e+007 2.77819e+007 2.77851e+007 2.77877e+007 2.77898e+007 2.77915e+007 2.77929e+007 2.77941e+007 2.7795e+007 2.77958e+007 2.77964e+007 2.77969e+007 2.77973e+007 2.77976e+007 2.77979e+007 2.77981e+007 2.77983e+007 2.77984e+007 2.77986e+007 2.77987e+007 2.77987e+007 2.77988e+007 2.77989e+007 2.77989e+007 2.77989e+007 2.7799e+007 2.7799e+007 2.7799e+007 2.7799e+007 2.7799e+007 2.77991e+007 2.77991e+007 2.77991e+007 2.77991e+007 2.77991e+007 2.77991e+007 2.77991e+007 2.77991e+007 2.77991e+007 2.77991e+007 2.77991e+007 2.77991e+007 2.77991e+007 2.77991e+007 2.77991e+007 2.77991e+007 2.77991e+007 2.77991e+007 2.77991e+007 2.77991e+007 2.77991e+007 2.77991e+007 2.77991e+007 2.77991e+007 2.77991e+007 2.77991e+007 2.77991e+007 2.77991e+007 2.77991e+007 2.77991e+007 2.77991e+007 2.77991e+007 2.77991e+007 2.77991e+007 2.77991e+007 2.77991e+007 2.77991e+007 2.77991e+007 2.77991e+007 2.77991e+007 0 0 0 0 0 0 0 0 0 0 0 0 0 0 0 0 0 0 0 0 0 0 0 0 0
#obs cpue bio
 2.29192e+006 2.93669e+006 3.20664e+006 3.94164e+006 3.00217e+006 2.28918e+006 2.39464e+006 1.80748e+006 2.32958e+006 1.58673e+006 1.82887e+006 1.52742e+006 949332 1.25416e+006 1.23428e+006 679150 570080 366854 562719 543232 571274 544922 588511 512173 636526 487985 557444 612573 543518 617128 666238 660995 497631 592613 463477 475397 499954 591486 687540 566779 436508 502552 840105 686482 712233 883744 758976 550202 844513 765824 597396 538336 637968 934297 849450 645343 604450 785261 817746 771944 1.026e+006 983202
#pred surv len freq
 0.00504484 0.00813434 0.0121372 0.0170018 0.0225962 0.0286434 0.0346869 0.0401913 0.0447402 0.0481756 0.0505796 0.0521544 0.053114 0.0536343 0.0538451 0.0538399 0.0536915 0.0534514 0.0531002 0.0524495 0.05106 0.0483009 0.0436229 0.0369414 0.0288633
 0.00517006 0.00826598 0.0122069 0.0169134 0.0222659 0.0280545 0.0339252 0.0394263 0.0441552 0.0478858 0.0505898 0.0523798 0.053443 0.053991 0.0542178 0.0542665 0.0542162 0.0540755 0.0537547 0.053006 0.0513812 0.0483053 0.043327 0.036452 0.0283251
 0.00535198 0.00855377 0.0126196 0.0174489 0.0228852 0.0286693 0.0344033 0.0396305 0.044007 0.0474179 0.0499442 0.0517422 0.0529571 0.0537098 0.0541174 0.0542971 0.0543418 0.0542754 0.0539954 0.0532179 0.0514686 0.0481901 0.0429947 0.0359657 0.027795
 0.00552384 0.00883516 0.0130469 0.0180565 0.0236974 0.0296842 0.0355733 0.0408483 0.0451129 0.0482346 0.0503339 0.0516622 0.0524795 0.0529901 0.0533256 0.0535571 0.0537088 0.0537489 0.053541 0.0527813 0.0509867 0.047614 0.0423182 0.0352379 0.0271017
 0.00570469 0.00912479 0.0134755 0.0186516 0.0244817 0.0306704 0.0367546 0.0421881 0.0465353 0.0496217 0.0515336 0.0525134 0.052856 0.0528462 0.0527178 0.0526218 0.0526078 0.0526124 0.0524379 0.0517218 0.0499486 0.0465759 0.0412882 0.0342622 0.0262482
 0.00593533 0.00949196 0.0140138 0.0193889 0.0254352 0.031841 0.03812 0.0436991 0.0481206 0.0511948 0.0529956 0.0537514 0.0537455 0.0532692 0.0525968 0.0519531 0.0514708 0.0511446 0.0507879 0.0500086 0.0482497 0.044943 0.0397719 0.0329236 0.0251475
 0.00623767 0.0099695 0.0147067 0.0203258 0.0266296 0.033285 0.0397767 0.0454991 0.0499692 0.0529875 0.0546317 0.0551391 0.0547981 0.0539 0.0527228 0.0515127 0.0504503 0.0495972 0.0488303 0.0477956 0.0459432 0.0426923 0.0377076 0.0311523 0.0237401
 0.00656154 0.0104825 0.0154538 0.0213404 0.0279282 0.0348602 0.041587 0.0474661 0.0519857 0.0549358 0.0564012 0.0566349 0.0559418 0.0546237 0.0529637 0.0512127 0.0495674 0.0481273 0.046829 0.0453868 0.0433074 0.0400393 0.035242 0.0290403 0.0220812
 0.00693358 0.0110731 0.0163162 0.0225145 0.0294345 0.0366889 0.0436867 0.0497387 0.0542983 0.0571434 0.05837 0.0582562 0.0571346 0.0553311 0.0531442 0.0508324 0.0485981 0.0465568 0.0446843 0.0427596 0.0403663 0.0370161 0.0323908 0.0265812 0.0201506
 0.00725143 0.0115843 0.0170755 0.0235699 0.0308192 0.038409 0.0457059 0.0519722 0.0566211 0.0594113 0.0604411 0.0600059 0.0584631 0.0561656 0.0534354 0.0505481 0.0477169 0.0450706 0.0426129 0.040177 0.0374228 0.0339379 0.0294452 0.024014 0.0181235
 0.00757249 0.0120927 0.0178161 0.0245776 0.0321155 0.0399956 0.0475558 0.0540224 0.0587751 0.0615506 0.0624396 0.0617421 0.0598297 0.0570755 0.0538244 0.0503727 0.0469507 0.0437045 0.0406651 0.0377138 0.0345817 0.0309333 0.0265399 0.0214598 0.0160933
 0.00787143 0.0125695 0.0185165 0.0255381 0.0333573 0.0415153 0.0493153 0.0559464 0.0607614 0.0634888 0.0642266 0.0632881 0.0610563 0.0579131 0.0542117 0.0502584 0.0462964 0.0424893 0.038897 0.0354482 0.0319419 0.028117 0.0237954 0.0190299 0.0141507
 0.00810031 0.0129515 0.0191096 0.0264018 0.0345393 0.0430314 0.0511291 0.0579639 0.0628464 0.0654925 0.0660155 0.0647602 0.0621441 0.0585766 0.0544279 0.0500102 0.0455675 0.0412673 0.037187 0.0332949 0.0294518 0.0254669 0.0212118 0.0167384 0.0123142
 0.00834448 0.0133416 0.0196849 0.0271973 0.0355829 0.0443377 0.052688 0.0597298 0.0647339 0.0673825 0.067771 0.0662476 0.0632548 0.0592412 0.0546169 0.0497229 0.0448161 0.0400678 0.0355623 0.0312924 0.0271659 0.0230511 0.018864 0.0146575 0.0106455
 0.00868917 0.0138648 0.0204038 0.0281053 0.0366556 0.0455425 0.0539902 0.0610919 0.0661143 0.0687332 0.0690359 0.0673607 0.0641414 0.0598263 0.0548375 0.049539 0.0442132 0.0390535 0.0341639 0.0295617 0.0251923 0.0209689 0.0168422 0.0128655 0.00920724
 0.00904872 0.0144322 0.0212241 0.0292039 0.0380284 0.0471443 0.0557263 0.0628269 0.0677012 0.070054 0.0700275 0.0680136 0.0644771 0.0598695 0.0545992 0.0490145 0.0433913 0.0379285 0.0327477 0.0278942 0.0233497 0.0190669 0.0150237 0.0112706 0.007936
 0.00914753 0.0146181 0.0215503 0.0297356 0.0388269 0.0482417 0.0571011 0.0643939 0.0693245 0.071576 0.0713043 0.068943 0.0650131 0.060019 0.0544027 0.0485202 0.0426367 0.0369361 0.0315352 0.0264916 0.0218151 0.017492 0.0135237 0.00995886 0.0068928
 0.00924735 0.0147845 0.0218101 0.0301201 0.0393708 0.0489771 0.058047 0.0655426 0.0706297 0.0729479 0.072617 0.070057 0.0658065 0.0604157 0.0543852 0.0481222 0.0419203 0.0359686 0.030376 0.0251945 0.0204404 0.0161162 0.0122372 0.00884826 0.00601759
 0.00935885 0.0149404 0.0219989 0.0303189 0.0395563 0.0491425 0.0582143 0.065761 0.0709597 0.0734362 0.0732728 0.070839 0.0666257 0.0611553 0.0549309 0.0483914 0.0418782 0.0356267 0.0297779 0.0244018 0.0195245 0.0151565 0.0113162 0.00804098 0.00537513
 0.00927013 0.0147997 0.0217936 0.030039 0.0391966 0.0487066 0.057721 0.0652529 0.0705061 0.073128 0.0732037 0.0710776 0.0671864 0.0619827 0.055907 0.0493655 0.0427066 0.0362065 0.0300632 0.0244018 0.0192904 0.0147652 0.0108539 0.00758725 0.00498881
 0.00931571 0.0148657 0.0218773 0.0301313 0.0392823 0.0487661 0.0577332 0.0651984 0.0703742 0.0729255 0.0729631 0.070857 0.0670582 0.0620091 0.0561132 0.0497223 0.0431355 0.0366044 0.0303375 0.0244978 0.0192029 0.0145322 0.0105392 0.00725848 0.00469954
 0.00943053 0.0150352 0.0221002 0.0303943 0.0395627 0.0490365 0.0579653 0.0653652 0.0704521 0.0728981 0.0728273 0.0706292 0.0667764 0.0617294 0.055896 0.0496118 0.0431405 0.0366919 0.0304447 0.0245583 0.0191733 0.0144059 0.0103431 0.00703712 0.00449509
 0.00943193 0.0150378 0.0221046 0.0304007 0.03957 0.0490419 0.057964 0.0653518 0.0704226 0.0728517 0.0727665 0.0705588 0.0667033 0.0616639 0.0558543 0.0496138 0.0432014 0.0368108 0.0305979 0.0247051 0.0192723 0.014433 0.0103007 0.00694881 0.00439239
 0.00943017 0.0150425 0.0221255 0.0304506 0.039661 0.0491783 0.0581375 0.0655408 0.0705972 0.0729824 0.0728321 0.0705508 0.0666263 0.0615339 0.0556946 0.0494519 0.0430634 0.0367151 0.0305486 0.0246897 0.0192671 0.014415 0.0102583 0.00688553 0.00432179
 0.00953918 0.0152021 0.0223333 0.0306943 0.0399227 0.0494422 0.0583936 0.065783 0.0708172 0.0731647 0.0729538 0.0705881 0.0665639 0.061372 0.0554506 0.0491564 0.0427532 0.0364242 0.0303012 0.0244951 0.0191203 0.0143024 0.0101662 0.00680613 0.00425416
 0.00943209 0.0150447 0.0221272 0.0304513 0.0396616 0.0491828 0.0581539 0.0655803 0.0706715 0.0730976 0.0729835 0.0707192 0.0667811 0.0616412 0.0557297 0.0494092 0.0429592 0.0365805 0.0304166 0.0245814 0.0191855 0.014349 0.0101939 0.00681615 0.00425083
 0.00933491 0.0148939 0.0219142 0.0301751 0.0393303 0.0488159 0.0577825 0.0652439 0.0704091 0.0729385 0.0729411 0.0707928 0.0669591 0.0619038 0.0560494 0.0497523 0.0432915 0.0368756 0.0306603 0.0247716 0.0193274 0.01445 0.0102609 0.00685582 0.00427022
 0.00928711 0.0148072 0.0217679 0.0299454 0.0389981 0.0483776 0.0572596 0.0646848 0.0698801 0.0725075 0.072662 0.0706949 0.0670449 0.0621528 0.0564243 0.050207 0.043778 0.0373499 0.0310879 0.0251312 0.019611 0.01466 0.0104065 0.0069494 0.00432507
 0.00925241 0.0147526 0.0216879 0.0298342 0.0388477 0.0481769 0.056997 0.0643545 0.0694906 0.0720882 0.0722622 0.0703736 0.0668546 0.0621247 0.0565612 0.0504849 0.0441546 0.0377748 0.0315131 0.025518 0.0199347 0.0149105 0.010586 0.00706804 0.00439697
 0.00904516 0.0144399 0.0212629 0.0293073 0.0382444 0.0475329 0.0563533 0.063754 0.0689729 0.0716844 0.0719925 0.0702504 0.066887 0.0623187 0.0569154 0.0509832 0.0447627 0.0384432 0.0321856 0.0261422 0.0204711 0.0153377 0.0109008 0.00728196 0.00453051
 0.00904895 0.0144298 0.0212182 0.0292001 0.0380483 0.047236 0.0559684 0.0633178 0.0685346 0.0712892 0.0716704 0.0700153 0.0667435 0.0622705 0.0569689 0.051145 0.0450317 0.0388039 0.032606 0.0265798 0.0208823 0.0156887 0.0111734 0.00747479 0.0046545
 0.00914156 0.0145531 0.0213526 0.0293083 0.0380828 0.0471529 0.0557416 0.0629482 0.0680521 0.070748 0.0711384 0.069558 0.0664092 0.0620827 0.0569287 0.0512396 0.0452427 0.0391089 0.0329773 0.0269823 0.0212772 0.0160403 0.0114577 0.00768311 0.0047926
 0.00914809 0.0145686 0.0213834 0.0293598 0.0381532 0.0472257 0.055783 0.062913 0.0679003 0.070464 0.0707426 0.0691043 0.0659692 0.0617243 0.0566996 0.0511601 0.0453079 0.0392966 0.0332552 0.0273127 0.0216207 0.0163605 0.011727 0.00788761 0.00493253
 0.00918058 0.0146145 0.0214403 0.029422 0.0382146 0.0472831 0.0558359 0.0629595 0.0679298 0.070454 0.070664 0.0689361 0.0657134 0.0614126 0.0563856 0.0509013 0.0451482 0.0392554 0.0333266 0.0274715 0.0218308 0.016584 0.0119318 0.00805305 0.00505131
 0.00917157 0.0146025 0.0214269 0.0294097 0.0382056 0.0472776 0.0558314 0.0629527 0.0679184 0.0704374 0.0706407 0.0688996 0.0656523 0.0613168 0.0562563 0.0507573 0.0450221 0.0391815 0.033327 0.0275481 0.0219664 0.0167496 0.0120968 0.00819436 0.00515728
 0.00916662 0.0146031 0.0214436 0.0294572 0.0382979 0.0474213 0.0560201 0.0631652 0.0681241 0.0706047 0.070745 0.0689277 0.0656019 0.0611941 0.0560731 0.0505319 0.0447798 0.0389539 0.033145 0.0274331 0.0219229 0.0167652 0.0121488 0.00825839 0.00521541
 0.0091169 0.0145236 0.0213274 0.0293012 0.0381067 0.0472106 0.0558185 0.0630092 0.068047 0.0706233 0.0708525 0.0690964 0.0657942 0.0613742 0.0562158 0.0506253 0.0448258 0.0389657 0.0331429 0.0274383 0.0219495 0.0168159 0.0122156 0.00832787 0.00527558
 0.00909474 0.0144901 0.0212814 0.0292425 0.0380352 0.047126 0.0557208 0.062902 0.0679406 0.0705356 0.0708046 0.0691039 0.0658593 0.0614829 0.0563426 0.0507432 0.0449155 0.0390209 0.03317 0.0274511 0.0219632 0.0168399 0.0122508 0.00836882 0.00531438
 0.00903546 0.0143996 0.0211561 0.0290836 0.0378485 0.0469214 0.0555117 0.0627042 0.0677704 0.0704072 0.070729 0.0690895 0.065911 0.0615997 0.0565141 0.0509492 0.0451299 0.0392196 0.033338 0.0275848 0.0220677 0.0169236 0.0123201 0.00842611 0.00535953
 0.00910333 0.0144945 0.0212704 0.0292002 0.0379458 0.0469805 0.0555224 0.0626667 0.0676925 0.0703003 0.0706053 0.0689613 0.0657908 0.0615002 0.0564461 0.0509182 0.0451333 0.0392474 0.0333768 0.0276235 0.0221008 0.0169508 0.0123435 0.00844729 0.00537821
 0.00914953 0.0145693 0.0213815 0.0293522 0.0381364 0.0471961 0.0557366 0.0628439 0.0677989 0.0703157 0.0705303 0.0688146 0.065601 0.0612964 0.0562526 0.050752 0.045004 0.0391566 0.0333195 0.027591 0.0220841 0.0169435 0.012342 0.00844961 0.0053828
 0.00901081 0.0143677 0.0211229 0.0290587 0.0378414 0.0469356 0.0555405 0.0627305 0.067772 0.0703646 0.070633 0.0689456 0.0657396 0.0614318 0.0563838 0.0508829 0.0451389 0.0392965 0.0334611 0.0277278 0.0222082 0.0170483 0.0124244 0.0085098 0.0054237
 0.00891372 0.0142158 0.0209066 0.0287755 0.0374998 0.0465583 0.0551659 0.0624082 0.0675503 0.0702748 0.0706789 0.0691042 0.0659715 0.0616956 0.0566475 0.0511289 0.045362 0.0394988 0.0336456 0.027895 0.0223556 0.0171722 0.0125221 0.00858131 0.00547202
 0.00889566 0.0141899 0.0208735 0.0287369 0.0374565 0.0465083 0.0551044 0.0623307 0.0674581 0.0701789 0.0705984 0.0690586 0.0659718 0.061739 0.0567197 0.0512119 0.0454417 0.0395689 0.0337068 0.0279503 0.0224071 0.0172196 0.0125632 0.00861421 0.00549591
 0.00877167 0.0139994 0.0206078 0.0283971 0.0370539 0.0460651 0.0546532 0.0619118 0.0671123 0.0699387 0.0704823 0.0690713 0.0661068 0.0619815 0.0570464 0.0515921 0.0458416 0.0399574 0.034061 0.0282572 0.0226617 0.0174219 0.0127163 0.00872329 0.00556825
 0.00884671 0.0140918 0.0206926 0.0284332 0.0369962 0.0458829 0.0543454 0.0615105 0.066672 0.0695194 0.070135 0.0688298 0.065987 0.0619838 0.0571591 0.0517948 0.0461072 0.0402557 0.0343623 0.0285372 0.022904 0.0176185 0.012866 0.00882992 0.0056388
 0.00889451 0.0141682 0.0208032 0.0285777 0.0371624 0.0460418 0.0544512 0.0615108 0.0665287 0.0692292 0.0697368 0.0683932 0.065588 0.061682 0.0569859 0.0517534 0.04618 0.0404128 0.0345691 0.0287603 0.0231162 0.0178012 0.0130101 0.00893451 0.00570856
 0.0088204 0.0140675 0.0206886 0.0284734 0.037098 0.0460406 0.0545193 0.061631 0.0666626 0.069327 0.0697536 0.0683064 0.0654089 0.0614533 0.056766 0.051595 0.0461142 0.0404438 0.0346793 0.0289198 0.0232929 0.0179682 0.01315 0.00903991 0.00578045
 0.00876255 0.0139719 0.020543 0.0282692 0.0368363 0.0457393 0.0542166 0.0613795 0.066511 0.0692998 0.0698382 0.0684585 0.065572 0.0615831 0.0568472 0.0516426 0.0461606 0.0405203 0.0348014 0.029083 0.0234777 0.0181499 0.0133079 0.00916249 0.00586586
 0.00880556 0.0140372 0.0206321 0.0283784 0.0369554 0.0458519 0.0543022 0.0614193 0.0664971 0.0692409 0.0697571 0.0683797 0.0655076 0.0615269 0.056782 0.0515551 0.0460533 0.0404118 0.0347166 0.0290398 0.0234793 0.0181857 0.0133604 0.00921548 0.00590907
 0.00877311 0.0139943 0.0205854 0.0283402 0.0369398 0.0458683 0.0543507 0.0614889 0.0665689 0.069295 0.0697807 0.0683718 0.0654785 0.061491 0.0567491 0.051526 0.0460234 0.0403789 0.0346855 0.0290208 0.0234807 0.0182086 0.0133979 0.00925696 0.00594552
 0.00856766 0.0136777 0.0201429 0.0277726 0.036267 0.0451315 0.0536124 0.0608274 0.0660625 0.0690013 0.0697215 0.0685317 0.0658161 0.0619544 0.0572877 0.0520959 0.0465883 0.0409101 0.0351636 0.0294356 0.0238299 0.0184939 0.0136224 0.00942427 0.00606164
 0.00844902 0.0134741 0.0198175 0.0272869 0.0355927 0.0442677 0.0526017 0.0597588 0.0650561 0.0681806 0.0691852 0.0683347 0.0659627 0.0624035 0.0579666 0.052919 0.0474727 0.0417864 0.0359798 0.0301571 0.0244379 0.0189822 0.0139946 0.00969162 0.00624067
 0.00847135 0.0134958 0.0198215 0.0272446 0.0354659 0.0440161 0.0521928 0.0591802 0.0643277 0.0673616 0.0683702 0.0676362 0.0654835 0.0622103 0.0580752 0.0532953 0.0480471 0.0424741 0.036699 0.0308413 0.0250412 0.0194792 0.0143778 0.00996733 0.00642472
 0.00847202 0.0134964 0.0198209 0.0272389 0.0354463 0.0439663 0.0520879 0.0589895 0.064023 0.066929 0.0678233 0.0670234 0.0648843 0.0617198 0.0577792 0.0532454 0.0482473 0.042882 0.0372413 0.0314355 0.025614 0.0199785 0.0147759 0.010259 0.00662085
 0.00864667 0.0137703 0.0202134 0.0277589 0.0360872 0.0447001 0.0528596 0.0597168 0.0646066 0.0672729 0.0678566 0.0667186 0.0642681 0.0608725 0.0568212 0.0523116 0.0474542 0.0423021 0.036892 0.0312865 0.0256075 0.0200514 0.0148765 0.0103539 0.0066945
 0.00863233 0.0137689 0.0202519 0.0278761 0.0363244 0.0450848 0.0533907 0.0603581 0.0652914 0.0679152 0.0683656 0.0670131 0.0642919 0.0606096 0.0563053 0.0516238 0.0467059 0.0416059 0.0363329 0.0309036 0.0253931 0.0199666 0.0148714 0.0103848 0.00673257
 0.00835388 0.013348 0.0196798 0.0271713 0.0355344 0.0442844 0.0526769 0.0598372 0.0650552 0.0680116 0.0687783 0.067663 0.0650584 0.0613628 0.0569388 0.0520789 0.0469808 0.0417472 0.0364106 0.0309812 0.0255058 0.0201159 0.0150356 0.0105368 0.00685313
 0.00816991 0.0130442 0.0192153 0.0265094 0.034656 0.0432068 0.0514703 0.0586267 0.0639988 0.0672632 0.0684487 0.0677934 0.0656115 0.0622339 0.0579821 0.0531451 0.0479528 0.0425626 0.0370625 0.0314994 0.02593 0.0204736 0.0153361 0.0107773 0.00703052
 0.00803241 0.0128337 0.0189212 0.0261264 0.0341795 0.0426291 0.0507831 0.057833 0.0631304 0.0663926 0.0676862 0.0672636 0.0654175 0.0624219 0.0585247 0.0539481 0.0488858 0.043498 0.0379079 0.0322108 0.0265036 0.020926 0.0156868 0.0110406 0.00721741
 0.00764226 0.0122813 0.018241 0.0254008 0.0335131 0.042108 0.0504417 0.0576457 0.0630294 0.066301 0.0675511 0.0670804 0.0652355 0.0623273 0.0586049 0.0542526 0.0494038 0.0441628 0.0386257 0.0328946 0.0270961 0.0214042 0.0160518 0.0113056 0.00739933
 0.00701868 0.0113184 0.0168915 0.0236676 0.0314625 0.0398787 0.048244 0.0557332 0.0616363 0.0655674 0.067482 0.0675638 0.0661067 0.0634387 0.0598652 0.0556238 0.0508696 0.0456932 0.0401595 0.034348 0.0283864 0.0224733 0.0168775 0.0118991 0.00779501
#obs surv len freq
 nan nan nan nan nan nan nan nan nan nan nan nan nan nan nan nan nan nan nan nan nan nan nan nan nan
 0.00448232 0.00734251 0.0111713 0.0159866 0.0216867 0.0279619 0.0342761 0.0400078 0.0446882 0.0481532 0.0505124 0.0520097 0.0529034 0.053417 0.0537323 0.053988 0.0542671 0.0545602 0.0546992 0.0542912 0.0527292 0.0493611 0.0438103 0.0362896 0.0276724
 0.00461583 0.00756058 0.0115011 0.016453 0.0223062 0.0287336 0.035172 0.0409707 0.0456389 0.0490062 0.0511922 0.0524616 0.0530993 0.053356 0.0534359 0.053493 0.0536165 0.0537963 0.0538607 0.0534147 0.0518532 0.0485284 0.0430653 0.0356699 0.0271988
 0.00477856 0.00782811 0.0119092 0.0170367 0.0230926 0.0297306 0.0363562 0.0422822 0.0469881 0.050289 0.0523055 0.0533166 0.0536297 0.0535241 0.0532358 0.0529476 0.0527717 0.0527117 0.0526026 0.0520533 0.0504637 0.0471915 0.0418611 0.0346647 0.0264292
 0.004974 0.00814587 0.0123877 0.0177123 0.0239934 0.0308661 0.0377063 0.0437913 0.0485706 0.0518417 0.0537215 0.0544946 0.0544814 0.0539804 0.0532534 0.0525142 0.0519073 0.0514666 0.0510529 0.0502965 0.0486153 0.0453785 0.0402092 0.0332765 0.0253623
 0.00518359 0.00849113 0.0129156 0.0184692 0.0250155 0.0321653 0.0392553 0.0455198 0.050376 0.0536094 0.0553422 0.0558719 0.0555316 0.0546316 0.0534468 0.05221 0.0510923 0.0501618 0.0493196 0.048239 0.0463774 0.0431323 0.0381309 0.0315129 0.0239988
 0.00540819 0.0088584 0.0134726 0.0192619 0.0260812 0.033519 0.0408761 0.0473438 0.0523034 0.0555215 0.0571198 0.0574071 0.0567337 0.0554267 0.0537755 0.0520256 0.0503642 0.0488855 0.0475311 0.0460292 0.0438977 0.0405834 0.0357311 0.0294514 0.0223919
 0.00564052 0.00923848 0.0140492 0.0200821 0.0271818 0.0349133 0.042539 0.0492073 0.054266 0.0574674 0.0589356 0.0589913 0.0579984 0.0562974 0.0541895 0.0519309 0.0497208 0.0476734 0.0457659 0.0437829 0.0413138 0.0378718 0.0331354 0.027193 0.0206149
 0.0058985 0.00966062 0.0146895 0.0209922 0.028401 0.036452 0.0443629 0.051232 0.0563701 0.0595167 0.0608061 0.0605811 0.0592294 0.0571105 0.0545383 0.0517757 0.049027 0.0464176 0.0439526 0.041469 0.0386304 0.0350271 0.030384 0.0247769 0.0186987
 0.00614442 0.0100655 0.0153081 0.0218792 0.0295995 0.0379774 0.0461852 0.0532696 0.0585007 0.0616009 0.0627107 0.0621938 0.0604648 0.0579088 0.0548597 0.0515929 0.048318 0.0451666 0.0421636 0.0391899 0.035979 0.0321993 0.0276292 0.02234 0.0167531
 0.00636173 0.0104237 0.0158569 0.0226684 0.0306709 0.0393495 0.047838 0.0551375 0.0604804 0.0635692 0.0645434 0.0637785 0.0617083 0.0587401 0.0552301 0.051471 0.0476845 0.0440122 0.0404969 0.0370567 0.0334867 0.0295281 0.0250123 0.0200114 0.0148833
 0.00660242 0.0108149 0.0164454 0.0234979 0.0317734 0.040733 0.0494728 0.0569516 0.0623692 0.065415 0.0662338 0.0652167 0.0628162 0.0594584 0.055516 0.0512957 0.0470304 0.0428732 0.0388847 0.0350174 0.0311209 0.0270014 0.0225393 0.017809 0.0131113
 0.00684791 0.0112185 0.0170607 0.0243759 0.0329513 0.0422156 0.0512162 0.0588593 0.0643092 0.0672483 0.0678401 0.0665071 0.0637328 0.0599681 0.0556021 0.050951 0.0462527 0.0416653 0.037263 0.0330272 0.0288554 0.0246106 0.0202163 0.0157486 0.0114566
 0.00706017 0.0115682 0.0175957 0.0251438 0.0339899 0.0435384 0.0527955 0.0606198 0.0661363 0.0690091 0.0694058 0.067771 0.0646201 0.0604379 0.0556425 0.0505692 0.0454643 0.04049 0.0357278 0.0311802 0.0267825 0.0224449 0.0181263 0.0139027 0.00997784
 0.00727362 0.0119162 0.018121 0.0258867 0.0349801 0.0447821 0.0542627 0.0622397 0.067806 0.0706121 0.0708304 0.0689218 0.0654247 0.0608499 0.0556424 0.0501609 0.0446688 0.0393386 0.0342609 0.0294541 0.0248813 0.0204878 0.0162583 0.012266 0.00867388
 0.00744853 0.0122063 0.0185682 0.0265327 0.0358572 0.0458988 0.0555896 0.0637061 0.069311 0.0720459 0.0720925 0.069932 0.0661249 0.0612032 0.0556309 0.0497842 0.0439419 0.0382897 0.0329319 0.027904 0.0231922 0.0187678 0.0146325 0.0108529 0.00755497
 0.00752708 0.0123355 0.0187661 0.0268197 0.0362548 0.0464264 0.056259 0.0645144 0.0702356 0.073042 0.0730964 0.0708678 0.0669158 0.0617815 0.0559451 0.0498017 0.0436498 0.0376944 0.03206 0.0268044 0.0219388 0.0174578 0.0133758 0.00975136 0.00667874
 0.0075854 0.0124261 0.018895 0.0269907 0.0364707 0.0466902 0.0565751 0.0648882 0.0706728 0.0735453 0.0736603 0.0714725 0.0675228 0.0623358 0.056383 0.0500622 0.043685 0.0374779 0.031591 0.026111 0.0210783 0.0165126 0.0124417 0.00891785 0.00600849
 0.00763598 0.0124992 0.0189883 0.0270966 0.0365789 0.0467927 0.0566701 0.0649822 0.0707798 0.0736851 0.0738537 0.0717351 0.0678568 0.0627231 0.0567838 0.0504191 0.0439342 0.0375632 0.0314772 0.0257937 0.0205877 0.0159097 0.0118056 0.00832706 0.00552123
 0.00772127 0.0126314 0.0191745 0.0273371 0.0368653 0.0471063 0.0569815 0.0652561 0.0709848 0.0738052 0.0738959 0.0717267 0.0678351 0.0627212 0.0568177 0.050481 0.0439928 0.0375726 0.0313918 0.0255846 0.0202547 0.015484 0.0113417 0.00788574 0.00515108
 0.00777759 0.01272 0.0193023 0.0275078 0.0370786 0.0473557 0.0572524 0.0655256 0.0712246 0.073988 0.074003 0.071754 0.0677954 0.0626406 0.0567265 0.0504024 0.0439326 0.0375161 0.0313097 0.0254462 0.0200433 0.0152066 0.011028 0.0075774 0.00488562
 0.00779937 0.0127538 0.0193502 0.0275711 0.0371578 0.0474508 0.0573627 0.0656487 0.0713556 0.0741187 0.074122 0.0718488 0.0678555 0.0626622 0.0567147 0.0503691 0.0438905 0.0374703 0.0312536 0.0253645 0.0199215 0.0150415 0.0108328 0.00737716 0.00470696
 0.00783991 0.0128124 0.0194249 0.0276555 0.037243 0.0475288 0.0574289 0.0657028 0.0714006 0.0741593 0.0741617 0.0718884 0.0678918 0.062689 0.0567258 0.0503614 0.0438651 0.0374306 0.0312012 0.0252965 0.0198324 0.014929 0.0107026 0.007243 0.00458544
 0.00787296 0.0128631 0.019495 0.0277439 0.0373447 0.0476347 0.0575266 0.0657789 0.0714449 0.0741691 0.0741438 0.0718556 0.0678573 0.0626613 0.0567062 0.0503457 0.0438473 0.0374054 0.0311654 0.0252477 0.019769 0.0148512 0.0106144 0.00715272 0.00450334
 0.00787312 0.0128632 0.0194951 0.0277439 0.0373449 0.0476355 0.0575286 0.0657821 0.0714488 0.0741723 0.0741452 0.0718558 0.0678595 0.0626698 0.0567246 0.050374 0.0438813 0.0374382 0.0311893 0.0252568 0.01976 0.0148243 0.0105733 0.00710441 0.00445583
 0.00789301 0.0128902 0.0195256 0.0277717 0.0373624 0.0476373 0.0575138 0.0657545 0.0714152 0.0741398 0.0741189 0.071838 0.0678505 0.0626692 0.0567321 0.0503895 0.0439036 0.0374644 0.0312142 0.0252747 0.0197661 0.0148168 0.0105539 0.0070775 0.00442734
 0.00791256 0.0129178 0.0195594 0.0278064 0.0373907 0.0476512 0.0575064 0.0657224 0.07136 0.0740689 0.0740444 0.0717729 0.0678053 0.0626486 0.0567354 0.050412 0.0439394 0.0375069 0.0312575 0.0253127 0.0197942 0.0148321 0.0105566 0.00707066 0.00441541
 0.00789143 0.0128883 0.0195239 0.0277698 0.0373583 0.0476261 0.0574874 0.0657045 0.0713369 0.0740371 0.0740048 0.0717321 0.0677725 0.062633 0.0567425 0.0504425 0.0439891 0.0375688 0.0313231 0.0253743 0.0198456 0.0148697 0.0105797 0.00708123 0.0044173
 0.00787093 0.0128485 0.0194528 0.027654 0.0371887 0.0474052 0.0572342 0.0654526 0.0711242 0.0738922 0.0739399 0.0717426 0.0678443 0.0627497 0.05689 0.0506099 0.044167 0.0377477 0.0314936 0.0255274 0.0199741 0.0149696 0.0106508 0.00712687 0.00444327
 0.00785164 0.0128163 0.0194021 0.0275783 0.0370806 0.0472578 0.0570447 0.0652259 0.0708766 0.0736518 0.0737408 0.0716158 0.0678074 0.062803 0.0570187 0.0507913 0.0443777 0.0379676 0.0317066 0.0257211 0.0201394 0.0151013 0.0107478 0.00719237 0.00448336
 0.00784175 0.012797 0.0193673 0.0275203 0.0369922 0.0471348 0.0568883 0.0650431 0.0706786 0.0734522 0.0735554 0.0714628 0.0677065 0.0627707 0.057063 0.0509078 0.0445507 0.0381747 0.0319243 0.0259292 0.020323 0.0152513 0.0108611 0.007271 0.00453313
 0.00781669 0.0127566 0.019307 0.027436 0.0368806 0.0469949 0.0567224 0.0648582 0.0704862 0.0732664 0.0733911 0.0713337 0.0676239 0.0627437 0.0570975 0.0510051 0.0447049 0.0383723 0.0321455 0.0261519 0.0205276 0.0154236 0.0109945 0.00736559 0.00459435
 0.0077845 0.0127032 0.0192251 0.0273185 0.0367231 0.0467983 0.0564958 0.0646186 0.0702547 0.0730639 0.0732334 0.0712304 0.0675797 0.0627593 0.0571713 0.0511332 0.0448811 0.0385861 0.0323821 0.0263928 0.0207534 0.0156183 0.0111485 0.00747703 0.00466778
 0.00776014 0.012661 0.0191568 0.0272149 0.0365763 0.0466054 0.0562621 0.0643589 0.0699916 0.0728228 0.0730378 0.0710977 0.0675195 0.0627729 0.0572537 0.0512753 0.0450714 0.0388119 0.0326284 0.0266429 0.0209895 0.0158249 0.0113148 0.00759951 0.0047499
 0.00773292 0.012618 0.0190941 0.0271293 0.0364652 0.0464669 0.0560964 0.0641695 0.0697868 0.072616 0.0728467 0.0709418 0.067416 0.0627341 0.057284 0.0513716 0.0452243 0.0390078 0.0328513 0.0268751 0.0212134 0.0160243 0.0114784 0.00772233 0.00483375
 0.00769033 0.0125499 0.018994 0.0269925 0.0362903 0.0462581 0.0558643 0.0639312 0.0695616 0.0724209 0.0726938 0.0708381 0.0673657 0.0627403 0.0573488 0.0514939 0.0453986 0.0392234 0.0330931 0.0271254 0.0214537 0.0162383 0.0116542 0.00785494 0.00492491
 0.0076818 0.0125326 0.0189615 0.0269368 0.0362035 0.0461355 0.0557075 0.0637488 0.0693682 0.0722338 0.0725289 0.0707081 0.0672791 0.0627017 0.0573598 0.0515546 0.0455068 0.0393736 0.0332755 0.0273257 0.0216551 0.0164241 0.0118113 0.0079761 0.00500982
 0.00764796 0.0124823 0.0188942 0.0268546 0.0361093 0.0460311 0.055593 0.0636234 0.0692329 0.0720937 0.0723941 0.0705917 0.0671941 0.0626578 0.0573623 0.0516041 0.0456006 0.0395061 0.0334382 0.0275066 0.0218397 0.0165972 0.0119599 0.0080924 0.00509237
 0.00763431 0.0124571 0.0188512 0.026787 0.0360123 0.0459057 0.0554478 0.0634734 0.0690941 0.0719773 0.0723038 0.0705259 0.0671507 0.0626376 0.057369 0.0516425 0.0456734 0.0396123 0.0335725 0.02766 0.0219998 0.0167504 0.0120938 0.00819897 0.00516918
 0.00760246 0.0124092 0.0187859 0.026705 0.0359155 0.0457955 0.0553254 0.0633415 0.0689589 0.0718492 0.0721959 0.0704498 0.0671123 0.062637 0.0574023 0.0517052 0.0457622 0.0397249 0.0337055 0.027807 0.0221512 0.0168947 0.0122204 0.0083003 0.00524274
 0.00760651 0.0124132 0.0187873 0.0267 0.0359003 0.0457681 0.0552865 0.0632933 0.0689039 0.0717885 0.0721295 0.0703793 0.0670426 0.0625757 0.0573577 0.0516836 0.0457669 0.0397564 0.0337619 0.027884 0.0222418 0.0169894 0.0123092 0.00837505 0.00529919
 0.00757598 0.0123691 0.0187313 0.0266367 0.0358357 0.0457069 0.0552304 0.0632419 0.0688561 0.0717446 0.0720915 0.0703494 0.0670224 0.0625658 0.0573592 0.0516981 0.0457969 0.0398036 0.0338262 0.0279627 0.0223294 0.0170785 0.0123917 0.00844428 0.00535156
 0.00758564 0.0123797 0.0187381 0.0266328 0.0358149 0.0456675 0.0551774 0.0631855 0.068807 0.0717091 0.072069 0.0703347 0.0670099 0.0625527 0.0573459 0.0516879 0.045794 0.0398122 0.0338491 0.0280003 0.022379 0.0171348 0.0124479 0.00849405 0.00539078
 0.007545 0.012323 0.0186696 0.0265615 0.035751 0.045617 0.0551393 0.0631534 0.0687747 0.0716754 0.0720393 0.0703169 0.0670095 0.0625697 0.0573762 0.0517261 0.0458366 0.0398581 0.033899 0.0280548 0.0224373 0.0171939 0.0125034 0.00854174 0.00542775
 0.00754223 0.0123119 0.0186413 0.0265057 0.0356601 0.0454929 0.0549967 0.0630167 0.0686682 0.0716135 0.072022 0.0703342 0.0670489 0.0626222 0.057437 0.0517927 0.0459066 0.0399291 0.0339693 0.0281233 0.0225031 0.0172553 0.012558 0.00858695 0.00546211
 0.00751472 0.0122709 0.0185863 0.0264373 0.0355788 0.0453973 0.054884 0.0628861 0.068526 0.0714754 0.0719099 0.0702684 0.0670397 0.0626671 0.0575237 0.0519054 0.0460313 0.0400556 0.0340908 0.0282354 0.022603 0.0173411 0.0126285 0.00864156 0.00550145
 0.0075222 0.0122798 0.0185936 0.0264387 0.0355697 0.0453752 0.0548492 0.0628406 0.0684717 0.0714123 0.0718384 0.0701924 0.0669688 0.0626141 0.0574993 0.0519138 0.0460689 0.040114 0.0341602 0.0283077 0.0226721 0.017403 0.0126805 0.0086825 0.00553128
 0.0075016 0.0122502 0.0185562 0.0263964 0.0355263 0.0453326 0.0548071 0.0627972 0.0684252 0.0713637 0.0717906 0.0701493 0.0669342 0.0625917 0.0574932 0.0519281 0.0461059 0.040172 0.0342334 0.028388 0.0227512 0.0174743 0.0127398 0.00872816 0.0055637
 0.00748986 0.0122287 0.0185197 0.0263395 0.0354456 0.0452301 0.0546917 0.0626834 0.0683285 0.0712945 0.071752 0.0701378 0.0669438 0.062617 0.0575313 0.0519782 0.0461682 0.0402464 0.0343178 0.0284774 0.0228392 0.0175541 0.0128065 0.00877931 0.00559964
 0.00747488 0.012206 0.0184883 0.0262992 0.0353959 0.04517 0.0546198 0.0625999 0.0682372 0.0712039 0.0716739 0.0700834 0.0669196 0.0626233 0.0575635 0.0520299 0.046234 0.0403222 0.0344004 0.0285632 0.0229233 0.0176312 0.0128717 0.00882993 0.00563547
 0.00747488 0.012206 0.0184883 0.0262992 0.0353959 0.04517 0.0546198 0.0625999 0.0682372 0.0712039 0.0716739 0.0700834 0.0669196 0.0626233 0.0575635 0.0520299 0.046234 0.0403222 0.0344004 0.0285632 0.0229233 0.0176312 0.0128717 0.00882993 0.00563547
 0.00730118 0.0119288 0.0180823 0.0257478 0.0346992 0.0443539 0.0537429 0.0617503 0.0675142 0.0706928 0.0714257 0.0701083 0.0671928 0.0630963 0.058176 0.05272 0.0469457 0.0410109 0.0350338 0.0291204 0.0233923 0.0180072 0.0131567 0.00903211 0.00576848
 0.00721671 0.0117753 0.017822 0.0253368 0.0340998 0.0435533 0.0527706 0.0606827 0.066463 0.0697801 0.0707582 0.0697581 0.0671875 0.0634184 0.0587707 0.0535092 0.0478434 0.0419363 0.0359203 0.0299189 0.0240719 0.0185535 0.0135698 0.00932388 0.0059594
 0.00720977 0.0117593 0.0177876 0.0252683 0.0339732 0.0433373 0.0524314 0.0601954 0.0658265 0.0690309 0.0699731 0.0690412 0.066645 0.0631315 0.0587767 0.0537961 0.0483581 0.0426006 0.0366489 0.0306353 0.0247176 0.019092 0.0139863 0.00962204 0.0061561
 0.00715995 0.0116877 0.0176968 0.0251655 0.0338665 0.0432292 0.0523139 0.0600481 0.0656208 0.0687398 0.0695849 0.068573 0.0661485 0.0626861 0.0584685 0.053692 0.0484847 0.0429379 0.0371393 0.0312014 0.025283 0.0195967 0.0143946 0.00992303 0.00635836
 0.00721278 0.0117681 0.0178076 0.0253061 0.0340331 0.0434155 0.0525099 0.0602369 0.0657761 0.0688254 0.0695603 0.0684051 0.0658273 0.0622369 0.0579541 0.0531995 0.048101 0.042723 0.0371098 0.0313302 0.0255137 0.0198654 0.0146479 0.0101286 0.00650545
 0.00720616 0.0117701 0.0178338 0.0253775 0.0341695 0.0436253 0.0527821 0.0605417 0.0660727 0.069073 0.0697249 0.0684603 0.0657541 0.0620277 0.0576215 0.0527831 0.0476653 0.0423416 0.0368422 0.0312032 0.0255159 0.0199572 0.0147802 0.0102599 0.00661109
 0.00707854 0.0115668 0.0175372 0.0249792 0.0336772 0.0430712 0.0522267 0.0600656 0.0657542 0.0689616 0.0698245 0.0687315 0.06613 0.0624346 0.0579964 0.053087 0.0478899 0.0425083 0.0369895 0.0313675 0.0257144 0.0201817 0.0150054 0.0104577 0.00676343
 0.00694265 0.0113405 0.0171875 0.0244742 0.0329959 0.0422181 0.0512463 0.0590459 0.0648148 0.0682272 0.0693948 0.0686576 0.0664031 0.0629912 0.0587375 0.0539051 0.0486952 0.0432448 0.0376372 0.0319315 0.0262079 0.0206118 0.0153687 0.0107464 0.00697425
 0.0069332 0.0113129 0.0171226 0.0243442 0.0327683 0.0418636 0.0507487 0.0584113 0.0640778 0.0674524 0.0686719 0.0680863 0.0660707 0.062948 0.0589817 0.0543842 0.0493237 0.0439309 0.038307 0.03254 0.0267362 0.0210558 0.0157292 0.0110247 0.00717463
 0.00696154 0.0113676 0.0172193 0.0244984 0.032986 0.0421288 0.0510152 0.0586071 0.0641247 0.0672941 0.068297 0.0675377 0.0654369 0.0623407 0.058505 0.0541065 0.0492618 0.044053 0.0385519 0.0328419 0.027043 0.0213352 0.0159649 0.0112107 0.00731098
 0.00681702 0.0111423 0.0168999 0.024083 0.0324894 0.041586 0.0504812 0.058146 0.0637885 0.0671006 0.0682227 0.0675327 0.0654541 0.0623623 0.0585511 0.0542219 0.0494902 0.0444122 0.039023 0.0333763 0.0275806 0.0218233 0.0163696 0.011519 0.0075269
#pred catch len freq
 0.0043921 0.00693867 0.0100999 0.0137907 0.0179597 0.022572 0.0275401 0.0326846 0.0377664 0.0425455 0.04682 0.0504437 0.0533387 0.0554988 0.0569791 0.0578785 0.0583244 0.0584423 0.05828 0.0576868 0.0562195 0.0532099 0.0480684 0.0407105 0.0318098
 0.00450869 0.00707104 0.0101969 0.0137785 0.0177728 0.0221957 0.0270371 0.0321808 0.0373965 0.0423905 0.0468756 0.0506388 0.0535869 0.0557497 0.0572409 0.0582023 0.0587605 0.0589914 0.0588649 0.0581663 0.0564439 0.0530929 0.047633 0.0400792 0.0311452
 0.00469922 0.00736449 0.0106035 0.0142852 0.0183325 0.0227226 0.0274158 0.0323014 0.0372068 0.0419359 0.0462917 0.0500906 0.0531936 0.0555468 0.0571977 0.0582719 0.0589151 0.0592175 0.0591314 0.0583992 0.0565394 0.0529654 0.0472668 0.0395437 0.0305617
 0.00488725 0.00766256 0.0110385 0.014878 0.0190944 0.0236466 0.0284616 0.0333808 0.0381833 0.042651 0.0466171 0.0499842 0.0527234 0.054862 0.0564625 0.0576041 0.0583645 0.0587793 0.0587675 0.0580499 0.0561343 0.0524477 0.0466255 0.0388289 0.0298651
 0.00510169 0.00799652 0.0115151 0.0155127 0.0198973 0.0246236 0.0296102 0.0346779 0.0395708 0.0440242 0.0478266 0.0508611 0.0531283 0.0547378 0.0558605 0.0566632 0.057253 0.0576338 0.0576592 0.0569876 0.0550909 0.0513969 0.0455727 0.0378217 0.0289766
 0.00537095 0.00841418 0.0121072 0.0162925 0.0208675 0.0257782 0.0309335 0.0361404 0.0411256 0.0456038 0.0493385 0.0521839 0.0541181 0.0552532 0.0558042 0.056021 0.0561051 0.0561266 0.0559531 0.055211 0.0533262 0.0496973 0.0439898 0.0364192 0.0278188
 0.00569824 0.00892027 0.0128215 0.0172279 0.0220229 0.0271418 0.0324808 0.03783 0.042896 0.0473767 0.0510235 0.0536818 0.0553214 0.0560479 0.0560797 0.0556937 0.0551487 0.0545931 0.0539672 0.0529405 0.050946 0.0473669 0.0418469 0.034576 0.0263506
 0.00607383 0.00950102 0.0136409 0.0183002 0.0233454 0.028698 0.0342387 0.0397368 0.0448771 0.0493397 0.0528669 0.0553031 0.0566221 0.0569349 0.0564649 0.0554977 0.0543145 0.0531097 0.0518929 0.0504104 0.0481576 0.044549 0.0392218 0.0323237 0.0245791
 0.00647957 0.0101308 0.0145341 0.0194768 0.0248073 0.0304307 0.0362072 0.0418793 0.0471031 0.0515368 0.0549129 0.0570781 0.0580191 0.0578646 0.0568553 0.0552894 0.0534606 0.0515875 0.0497274 0.0477002 0.0450867 0.04137 0.0362109 0.02972 0.0225315
