SBPRF35
12.7214
Curr Bio
829547
B35
847900
F35
0.169923
FOFL
0.168933
OFL
117057
Bzero
3.63469e+006
#pred survey bio
 3.18248e+006 2.82091e+006 2.57257e+006 2.31504e+006 2.05373e+006 1.81308e+006 1.63238e+006 1.43141e+006 1.27585e+006 1.1347e+006 1.01067e+006 894782 798996 729872 688322 645383 620360 600986 597493 575533 561136 556097 551751 554649 549893 546128 549400 554875 564190 567674 567154 574623 588023 602694 615853 638296 653115 661599 664826 669969 669469 669798 675640 686958 685751 688179 693796 732717 776397 805466 827190 839001 839667 856859 852171 834860 829617 837247 836473 2.97557e+007 1.78673e+007 1.82063e+007 1.90748e+007 2.02792e+007 2.16061e+007 2.28964e+007 2.40555e+007 2.50428e+007 2.58531e+007 2.6501e+007 2.70099e+007 2.74046e+007 2.77084e+007 2.79411e+007 2.81191e+007 2.82551e+007 2.83594e+007 2.84394e+007 2.85011e+007 2.85489e+007 2.8586e+007 2.86151e+007 2.86378e+007 2.86557e+007 2.86699e+007 2.86812e+007 2.86901e+007 2.86973e+007 2.8703e+007 2.87076e+007 2.87113e+007 2.87143e+007 2.87167e+007 2.87187e+007 2.87203e+007 2.87216e+007 2.87227e+007 2.87235e+007 2.87242e+007 2.87248e+007 2.87253e+007 2.87256e+007 2.87259e+007 2.87262e+007 2.87264e+007 2.87266e+007 2.87267e+007 2.87268e+007 2.87269e+007 2.8727e+007 2.87271e+007 2.87271e+007 2.87272e+007 2.87272e+007 2.87272e+007 2.87272e+007 2.87273e+007 2.87273e+007 2.87273e+007 2.87273e+007 2.87273e+007 2.87273e+007 2.87273e+007 2.87273e+007 2.87273e+007 2.87273e+007 2.87273e+007 2.87273e+007 2.87273e+007 2.87273e+007 2.87273e+007 2.87273e+007 2.87273e+007 2.87273e+007 2.87273e+007 2.87273e+007 2.87273e+007 2.87273e+007 2.87273e+007 2.87273e+007 2.87273e+007 2.87273e+007 2.87273e+007 2.87273e+007 2.87273e+007 2.87273e+007 2.87273e+007 2.87273e+007 2.87273e+007 2.87273e+007 2.87273e+007 2.87273e+007 2.87273e+007 2.87273e+007 2.87273e+007 2.87273e+007 2.87273e+007 2.87273e+007 2.87273e+007 0 0 0 0 0 0 0 0 0 0 0 0 0 0 0 0 0 0 0 0 0 0 0 0 0
#obs survey bio
 3.5898e+006 2.55344e+006 2.24243e+006 1.95357e+006 2.78242e+006 1.47358e+006 1.82345e+006 1.44012e+006 978494 1.23962e+006 870351 708814 850865 931405 408141 645980 674950 473259 518348 889658 615661 637114 516086 674054 638452 527812 574574 473980 572880 589288 660967 501760 594497 544340 576276 369168 677782 715226 591572 725062 874235 609839 678114 797354 703582 601373 505521 724735 806064 872385 918891 752628 779017 1.44618e+006 675704 778479 805595 944551 604960
#pred catch bio
 360236 274579 300889 319787 314037 270793 296755 261882 253492 240534 232821 212409 185710 159287 157771 139569 132329 117010 129166 117820 106475 103959 97127.6 103070 101214 95055.4 93750.8 91157.1 96309.9 99420.8 93315.4 90595.5 92680.9 97191 92595 101639 107761 111488 108484 111322 108632 102955 98246.9 108992 106269 104955 79514.1 79131.1 93500.8 100080 108305 117239 102851 121364 130770 119403 108595 116163 104124 117057 117500 118538 123175 130459 138623 146511 153494 159320 163978 167588 170319 172348 173833 174908 175679 176228 176617 176891 177084 177219 177313 177378 177424 177456 177478 177493 177504 177511 177516 177519 177522 177523 177524 177525 177526 177526 177526 177527 177527 177527 177527 177527 177527 177527 177527 177527 177527 177527 177527 177527 177527 177527 177527 177527 177527 177527 177527 177527 177527 177527 177527 177527 177527 177527 177527 177527 177527 177527 177527 177527 177527 177527 177527 177527 177527 177527 177527 177527 177527 177527 177527 177527 177527 177527 177527 177527 177527 177527 177527 177527 177527 177527 177527 177527 177527 177527 177527 177527 177527 0 0 0 0 0 0 0 0 0 0 0 0 0 0 0 0 0 0 0 0 0 0 0 0 0
#obs catch bio
 250790 273967 301876 320995 314999 271060 297066 260944 254195 241400 234695 214441 186485 159260 159254 140584 133132 118039 130827 117520 105583 103005 96356.5 102820 100767 94444.3 93502.2 91041.6 96023.3 98909.6 92670.6 90529.4 92823.8 97776.2 93200.1 102667 108624 112108 108809 111486 107900 102804 97733.3 108330 105506 104975 79400.5 79089.2 93807.4 100125 108239 117599 102597 120761 130872 119008 108342 116178 104024
#pred cpue bio
 3.14438e+006 2.78479e+006 2.53651e+006 2.2795e+006 2.01938e+006 1.77987e+006 1.59993e+006 1.40018e+006 1.24533e+006 1.1049e+006 981799 867190 772808 704905 664101 621987 597659 578897 575836 555050 541621 536998 532784 535565 530990 527412 530570 535900 545132 548695 548187 555240 567976 581968 594543 616423 631021 639629 643161 648596 648555 649082 654871 666047 664789 666888 672101 710339 753611 782557 804155 815833 816452 833472 828965 811887 806639 814163 813444 2.89436e+007 1.73781e+007 1.75924e+007 1.83597e+007 1.95394e+007 2.08621e+007 2.21518e+007 2.33108e+007 2.42981e+007 2.51084e+007 2.57563e+007 2.62652e+007 2.66599e+007 2.69637e+007 2.71964e+007 2.73744e+007 2.75104e+007 2.76147e+007 2.76947e+007 2.77564e+007 2.78042e+007 2.78414e+007 2.78704e+007 2.78931e+007 2.7911e+007 2.79252e+007 2.79365e+007 2.79454e+007 2.79526e+007 2.79583e+007 2.79629e+007 2.79666e+007 2.79696e+007 2.7972e+007 2.7974e+007 2.79756e+007 2.79769e+007 2.7978e+007 2.79788e+007 2.79795e+007 2.79801e+007 2.79806e+007 2.79809e+007 2.79813e+007 2.79815e+007 2.79817e+007 2.79819e+007 2.7982e+007 2.79821e+007 2.79822e+007 2.79823e+007 2.79824e+007 2.79824e+007 2.79825e+007 2.79825e+007 2.79825e+007 2.79825e+007 2.79826e+007 2.79826e+007 2.79826e+007 2.79826e+007 2.79826e+007 2.79826e+007 2.79826e+007 2.79826e+007 2.79826e+007 2.79826e+007 2.79826e+007 2.79826e+007 2.79826e+007 2.79826e+007 2.79826e+007 2.79826e+007 2.79826e+007 2.79827e+007 2.79827e+007 2.79827e+007 2.79827e+007 2.79827e+007 2.79827e+007 2.79827e+007 2.79827e+007 2.79827e+007 2.79827e+007 2.79827e+007 2.79827e+007 2.79827e+007 2.79827e+007 2.79827e+007 2.79827e+007 2.79827e+007 2.79827e+007 2.79827e+007 2.79827e+007 2.79827e+007 2.79827e+007 2.79827e+007 2.79827e+007 2.79827e+007 2.79827e+007 0 0 0 0 0 0 0 0 0 0 0 0 0 0 0 0 0 0 0 0 0 0 0 0 0
#obs cpue bio
 2.8722e+006 2.59763e+006 2.14602e+006 2.69464e+006 1.62625e+006 1.96978e+006 1.87814e+006 1.67074e+006 1.10675e+006 911218 862997 896924 860119 623676 676792 558944 563086 455176 587497 788874 769614 603968 556162 350097 554088 666218 423479 550057 672838 685777 562095 397541 465152 455834 456476 811399 653850 677760 769806 704146 997632 483192 881957 770288 728444 514672 748143 693474 588283 890752 816093 736644 1.04149e+006 857326 663737 1.18059e+006 702915 735148 1.01262e+006
#pred surv len freq
 0.00468403 0.00770963 0.0117964 0.0169804 0.0231533 0.0299604 0.0367837 0.0429102 0.0478026 0.0512702 0.053431 0.0545501 0.0549013 0.0547095 0.0541486 0.0533583 0.052463 0.0515682 0.0507066 0.0497325 0.0482338 0.0455842 0.0412091 0.0349671 0.027386
 0.00519471 0.00846554 0.0127985 0.0181883 0.0245059 0.0314044 0.0382877 0.0444508 0.0493345 0.0527047 0.0546433 0.0554175 0.0553502 0.0547443 0.0538435 0.0528165 0.0517634 0.0507246 0.0496593 0.0483838 0.0465157 0.0435277 0.0389715 0.0327916 0.025512
 0.00534749 0.00877973 0.0133875 0.0191839 0.0260092 0.0334197 0.0406785 0.0469608 0.0516745 0.0546544 0.056102 0.0563808 0.055851 0.0548104 0.053497 0.0520934 0.0507189 0.0494124 0.0481036 0.0465737 0.0444398 0.0412301 0.036587 0.0305274 0.0235769
 0.0055329 0.00907166 0.013815 0.0197825 0.0268322 0.0345424 0.0421818 0.0488873 0.0539733 0.0571502 0.0585209 0.0584317 0.0573151 0.0555894 0.0536001 0.0515916 0.0497027 0.0479675 0.0463007 0.0444691 0.0420921 0.0387307 0.0340833 0.0282098 0.0216262
 0.00578438 0.00948119 0.0144313 0.0206484 0.0279738 0.0359565 0.0438295 0.0507033 0.0558888 0.0591077 0.060462 0.0602637 0.0588919 0.0567317 0.05415 0.0514626 0.048895 0.0465477 0.0443685 0.0421365 0.0394829 0.0359946 0.0314033 0.0257836 0.0196211
 0.00606915 0.00994111 0.0151178 0.0216072 0.0292361 0.0375245 0.0456613 0.0527082 0.0579414 0.0610779 0.0622448 0.0617913 0.0601207 0.0576147 0.0546149 0.0514173 0.0482582 0.0452849 0.042512 0.0397836 0.0367862 0.0331499 0.028633 0.0233047 0.0175991
 0.00625608 0.0102519 0.0155985 0.0223054 0.030192 0.0387565 0.0471512 0.0543954 0.0597317 0.0628614 0.0639145 0.0632559 0.0613108 0.0584803 0.0551145 0.0515033 0.0478717 0.0443698 0.041045 0.0378046 0.034414 0.0305752 0.0260886 0.0210169 0.015735
 0.00662546 0.0108349 0.0164431 0.0234443 0.031637 0.0404901 0.049116 0.0564906 0.061824 0.0648086 0.06559 0.0645655 0.0621983 0.0589242 0.0551171 0.0510741 0.0470123 0.0430698 0.0392963 0.0356323 0.031908 0.0279026 0.0234713 0.0186798 0.0138445
 0.00690597 0.0112974 0.0171502 0.0244549 0.0329908 0.042185 0.0510884 0.058615 0.0639382 0.0667521 0.0672347 0.0658262 0.0630275 0.0593025 0.0550452 0.0505651 0.0460832 0.0417356 0.0375733 0.033556 0.0295591 0.0254236 0.0210555 0.0165278 0.0121069
 0.00712544 0.0116678 0.0177329 0.0253157 0.0341863 0.0437395 0.0529707 0.0607275 0.0661284 0.0688409 0.0690506 0.0672322 0.0639379 0.0596852 0.0549111 0.0499513 0.0450357 0.0402988 0.0357907 0.0314823 0.0272799 0.0230698 0.018796 0.0145349 0.0105087
 0.00728498 0.0119396 0.0181655 0.0259639 0.0351014 0.0449533 0.0544772 0.0624726 0.0680124 0.0707326 0.0708039 0.0687052 0.0650107 0.0602759 0.0549846 0.0495166 0.044134 0.0389885 0.0341382 0.0295639 0.0251927 0.0209402 0.0167741 0.0127675 0.00910075
 0.00742468 0.0121797 0.0185513 0.0265461 0.0359261 0.0460454 0.0558237 0.0640164 0.0696603 0.0723721 0.0723205 0.0699925 0.0659768 0.0608489 0.0551179 0.0491935 0.0433689 0.0378235 0.0326377 0.0278121 0.0232941 0.0190207 0.0149711 0.0112073 0.00786872
 0.00757399 0.0124172 0.0188997 0.0270255 0.0365532 0.0468311 0.0567674 0.0650994 0.0708421 0.073591 0.0734991 0.0710471 0.0668268 0.0614251 0.0553678 0.0490837 0.0428878 0.0369842 0.0314807 0.0264062 0.0217357 0.0174278 0.0134701 0.0099099 0.00684721
 0.00775945 0.0126969 0.0192803 0.0274994 0.0371021 0.0474328 0.0574009 0.0657476 0.071493 0.0742373 0.0741341 0.0716565 0.0673816 0.0618796 0.0556651 0.0491668 0.0427112 0.0365242 0.0307425 0.0254292 0.0205931 0.0162201 0.0123086 0.00889443 0.00604318
 0.00781483 0.0127921 0.0194322 0.0277243 0.0374094 0.0478162 0.0578341 0.0661896 0.0719037 0.0745953 0.0744448 0.0719439 0.0676697 0.0621733 0.0559409 0.049376 0.042793 0.0364231 0.0304254 0.0248972 0.0198866 0.015413 0.0114934 0.00815895 0.00544914
 0.00785133 0.0128634 0.0195614 0.0279401 0.0377382 0.0482705 0.0584008 0.0668254 0.072542 0.0751627 0.0748804 0.0722163 0.0677833 0.0621612 0.0558459 0.0492288 0.0425987 0.0361623 0.030069 0.0244266 0.0193097 0.0147695 0.0108456 0.00757287 0.00497404
 0.00788351 0.0128969 0.0195788 0.0279179 0.0376589 0.0481387 0.0582528 0.0667227 0.0725483 0.0753156 0.0751737 0.0726035 0.0681976 0.0625407 0.056151 0.0494445 0.0427242 0.0361975 0.0300076 0.0242607 0.0190417 0.0144219 0.0104607 0.0072015 0.0046592
 0.00785315 0.0128601 0.019545 0.0279001 0.037666 0.048166 0.0582794 0.0667213 0.0725045 0.0752442 0.0751179 0.0726142 0.0683058 0.0627411 0.0564063 0.0497039 0.0429428 0.0363453 0.0300688 0.0242294 0.0189217 0.0142296 0.0102257 0.00696096 0.00444676
 0.0075346 0.0123849 0.0189106 0.0271356 0.0368284 0.0473295 0.0575248 0.0661246 0.0721232 0.0751057 0.0752176 0.0729252 0.0687931 0.063368 0.0571309 0.0504741 0.0436983 0.0370272 0.030631 0.0246456 0.019187 0.0143587 0.0102491 0.0069175 0.00437475
 0.00750044 0.0123024 0.0187389 0.0268261 0.036344 0.046672 0.0567532 0.065349 0.0714706 0.0746755 0.0750523 0.0730102 0.0690781 0.0637947 0.0576496 0.0510458 0.0442877 0.0375966 0.0311407 0.0250611 0.019488 0.0145438 0.010335 0.00693303 0.00435147
 0.00762352 0.0124631 0.0189063 0.0269426 0.0363358 0.0464698 0.0563157 0.0646819 0.0706359 0.0737862 0.0742491 0.0724231 0.0687892 0.0638182 0.0579407 0.0515268 0.044875 0.0382162 0.0317327 0.0255795 0.0199021 0.0148413 0.0105225 0.00703206 0.00439067
 0.00772068 0.0126105 0.0191062 0.0271842 0.0365903 0.0466871 0.0564266 0.0646109 0.0703265 0.07323 0.0735035 0.0716041 0.0680401 0.0632672 0.0576645 0.0515363 0.0451236 0.0386242 0.0322129 0.0260558 0.0203193 0.015168 0.0107507 0.00717236 0.00446472
 0.00782514 0.0127711 0.0193302 0.0274708 0.0369294 0.0470571 0.0567918 0.0649199 0.0705163 0.0732389 0.0732893 0.0711649 0.0674254 0.0625734 0.0570109 0.0510295 0.0448272 0.0385452 0.0323098 0.0262608 0.0205622 0.0153941 0.0109285 0.00729288 0.0045351
 0.0077184 0.0126272 0.0191682 0.0273266 0.0368448 0.0470638 0.0568979 0.0651065 0.0707449 0.0734619 0.0734588 0.0712389 0.0673767 0.0624 0.0567445 0.0507327 0.0445746 0.0383975 0.0322925 0.0263593 0.0207332 0.0155865 0.0111009 0.00742348 0.00462033
 0.0077177 0.0126143 0.0191292 0.0272458 0.0367154 0.0468998 0.0567393 0.0650097 0.0707587 0.0736013 0.0736941 0.0715063 0.0676025 0.0625268 0.0567472 0.0506235 0.0443976 0.0382128 0.032155 0.0263002 0.0207526 0.0156598 0.0111949 0.00751025 0.00468528
 0.007825 0.0127655 0.0193129 0.0274349 0.0368722 0.0469868 0.0567314 0.064904 0.0705792 0.0733953 0.0735186 0.0714049 0.0675868 0.0625713 0.0568038 0.0506462 0.0443636 0.0381302 0.0320548 0.0262181 0.0207122 0.0156645 0.011231 0.00755807 0.00472877
 0.00781736 0.0127651 0.019333 0.027492 0.036977 0.047133 0.0568889 0.0650248 0.0706161 0.0733248 0.0733546 0.0711947 0.0673909 0.0624374 0.0567488 0.050654 0.0443996 0.0381621 0.032068 0.0262172 0.0207119 0.0156765 0.0112575 0.00759262 0.00476228
 0.0077508 0.0126643 0.0191963 0.0273252 0.0367951 0.0469596 0.0567533 0.0649531 0.0706195 0.0733913 0.0734516 0.0712849 0.0674519 0.062472 0.0567784 0.0507015 0.0444742 0.0382559 0.0321643 0.0263025 0.0207818 0.0157339 0.0113067 0.00763507 0.00479692
 0.00765636 0.0125135 0.018975 0.0270243 0.0364148 0.0465154 0.0562805 0.0645061 0.070261 0.0731749 0.0734045 0.0714003 0.067693 0.0627876 0.0571215 0.0510416 0.0447976 0.0385577 0.0324398 0.0265449 0.0209847 0.0158952 0.0114288 0.00772326 0.00485734
 0.0076829 0.0125425 0.0189925 0.0270081 0.0363398 0.0463627 0.0560457 0.0642037 0.0699228 0.0728438 0.0731271 0.0712163 0.067626 0.0628386 0.0572699 0.0512541 0.0450398 0.0388029 0.0326712 0.0267525 0.0211625 0.0160398 0.0115399 0.00780343 0.00491151
 0.00787007 0.012817 0.0193492 0.0274203 0.0367632 0.0467438 0.0563313 0.0643486 0.0698985 0.0726478 0.0727867 0.0707849 0.0671697 0.0624197 0.0569327 0.0510177 0.0449001 0.0387406 0.0326617 0.0267741 0.0211987 0.0160796 0.0115766 0.00783355 0.00493387
 0.00799099 0.0130099 0.0196309 0.0277996 0.0372339 0.0472766 0.0568694 0.0648139 0.0702111 0.0727512 0.0726652 0.0704656 0.0667113 0.0618948 0.0564114 0.0505552 0.0445294 0.0384715 0.0324852 0.0266703 0.0211456 0.016058 0.0115722 0.00783698 0.00493966
 0.00803059 0.0130769 0.019737 0.0279576 0.0374552 0.0475668 0.0572218 0.0652049 0.0705993 0.0730823 0.0728836 0.0705291 0.0666042 0.0616341 0.0560423 0.0501379 0.0441228 0.0381199 0.0322119 0.0264782 0.0210234 0.0159879 0.0115364 0.00782134 0.00493438
 0.00801861 0.0130654 0.0197347 0.0279783 0.037515 0.0476798 0.0573954 0.0654369 0.0708775 0.0733839 0.0731758 0.0707716 0.0667562 0.061665 0.0559425 0.0499243 0.0438347 0.037807 0.0319198 0.0262375 0.0208459 0.01587 0.0114656 0.00778288 0.00491561
 0.00795991 0.0129835 0.0196369 0.0278808 0.0374403 0.0476504 0.0574286 0.0655415 0.0710523 0.0736176 0.0734472 0.0710515 0.06701 0.0618578 0.0560457 0.049923 0.0437336 0.0376307 0.0317055 0.0260241 0.0206628 0.0157316 0.0113725 0.00772679 0.00488525
 0.00780272 0.0127401 0.0192945 0.027439 0.0369151 0.0470777 0.0568657 0.0650612 0.0707279 0.0735022 0.0735586 0.0713686 0.0674813 0.0624146 0.0566164 0.050445 0.0441627 0.0379469 0.0319131 0.026145 0.0207265 0.0157644 0.0113921 0.00774143 0.00489721
 0.00761616 0.0124614 0.0189206 0.0269837 0.0364047 0.0465451 0.0563462 0.0645928 0.0703507 0.0732564 0.0734771 0.0714692 0.0677597 0.0628423 0.0571443 0.0510122 0.0447086 0.0384232 0.0322921 0.0264215 0.020913 0.0158831 0.0114651 0.00778611 0.00492465
 0.00749666 0.012266 0.0186263 0.0265723 0.0358717 0.0459102 0.0556601 0.0639314 0.0697958 0.0728716 0.0732937 0.0714881 0.0679632 0.063204 0.0576315 0.0515837 0.0453149 0.0390117 0.0328169 0.0268527 0.0212407 0.0161146 0.0116184 0.00788208 0.0049817
 0.00741498 0.0121367 0.0184377 0.0263148 0.0355384 0.0454989 0.0551778 0.0634 0.069255 0.072376 0.0729034 0.0712538 0.0679143 0.0633434 0.0579388 0.0520225 0.0458392 0.0395707 0.0333602 0.0273375 0.0216388 0.016416 0.0118291 0.0080185 0.00506368
 0.00728423 0.0119339 0.018151 0.0259403 0.0350815 0.0449747 0.0546122 0.0628283 0.0687174 0.0719113 0.0725452 0.0710305 0.0678487 0.0634498 0.0582173 0.052455 0.0463894 0.040189 0.0339917 0.0279302 0.0221517 0.0168252 0.0121299 0.00822177 0.00518984
 0.00734266 0.0119965 0.0181859 0.0258993 0.0349145 0.0446518 0.054141 0.0622553 0.0681124 0.071344 0.0720682 0.0706752 0.067631 0.0633775 0.0582938 0.0526772 0.046743 0.0406448 0.0345065 0.0284534 0.0226353 0.0172331 0.0124441 0.00844251 0.00533107
 0.00738981 0.0120746 0.0183035 0.0260591 0.0351043 0.0448367 0.0542622 0.0622444 0.0679185 0.0709613 0.0715449 0.0700973 0.0670907 0.062947 0.0580142 0.0525621 0.0467863 0.0408257 0.0347919 0.0287999 0.0229954 0.0175642 0.0127164 0.00864402 0.0054653
 0.0073915 0.0120751 0.0183007 0.026051 0.0350908 0.044821 0.0542488 0.0622329 0.067896 0.0709008 0.071415 0.0698807 0.0668004 0.0626276 0.0577268 0.052363 0.0467107 0.0408822 0.0349647 0.0290558 0.0232915 0.017857 0.0129716 0.00884191 0.00560246
 0.00739249 0.0120688 0.0182769 0.0259956 0.0349905 0.0446696 0.0540533 0.0620144 0.0676841 0.0707231 0.0712858 0.0697957 0.0667409 0.0625738 0.0576727 0.0523223 0.0467111 0.0409506 0.0351134 0.029276 0.023556 0.0181298 0.0132185 0.00904018 0.00574427
 0.00752844 0.0122751 0.0185588 0.0263457 0.0353878 0.0450798 0.0544312 0.0623097 0.067853 0.0707413 0.0711562 0.0695448 0.066407 0.0621934 0.0572749 0.0519316 0.0463524 0.0406512 0.0348974 0.0291557 0.0235257 0.0181673 0.0132931 0.00912294 0.00581541
 0.00759119 0.0123834 0.0187327 0.0266053 0.0357457 0.0455303 0.054942 0.0628225 0.0682962 0.0710495 0.0712875 0.0694888 0.0661824 0.0618395 0.0568396 0.0514616 0.0458883 0.0402271 0.0345409 0.0288858 0.0233488 0.0180748 0.0132643 0.00913206 0.00583966
 0.00757248 0.012363 0.018721 0.0266202 0.0358096 0.0456655 0.0551631 0.0631294 0.0686694 0.0714483 0.0716559 0.0697678 0.066326 0.0618271 0.0566802 0.0511877 0.0455457 0.0398635 0.0341987 0.0285967 0.0231313 0.0179324 0.0131871 0.00910176 0.00583629
 0.00733533 0.0119873 0.0181761 0.02589 0.034903 0.0446287 0.054088 0.0621482 0.0679264 0.0710603 0.0716768 0.0701754 0.0670325 0.0627073 0.0576054 0.0520554 0.0462946 0.0404739 0.0346807 0.028975 0.0234316 0.0181736 0.0133798 0.00925054 0.00594416
 0.00713922 0.0116669 0.0176918 0.025206 0.0339975 0.0435091 0.0528066 0.0608078 0.0666691 0.0700409 0.0710312 0.0699914 0.0673301 0.0634332 0.0586455 0.0532636 0.0475278 0.0416211 0.0356763 0.0297958 0.0240829 0.0186746 0.0137525 0.00951622 0.00612297
 0.00706183 0.0115394 0.017496 0.0249217 0.0336036 0.0429874 0.0521486 0.0600223 0.06579 0.0691316 0.0701831 0.0693134 0.0669278 0.0633814 0.0589643 0.0539085 0.0484008 0.042598 0.0366396 0.0306594 0.0248008 0.0192351 0.0141666 0.00980558 0.00631319
 0.00704596 0.0115087 0.0174403 0.0248275 0.0334555 0.042771 0.051853 0.0596417 0.0653241 0.0685876 0.0695822 0.0686982 0.0663657 0.0629579 0.0587627 0.0539829 0.0487541 0.0431773 0.037352 0.0314002 0.0254823 0.0198028 0.0146005 0.0101122 0.00651386
 0.00703928 0.0115041 0.0174444 0.0248484 0.0334983 0.0428313 0.0519126 0.0596697 0.0652838 0.0684475 0.0693245 0.068326 0.0659063 0.0624641 0.0583089 0.053651 0.0486114 0.0432533 0.0376263 0.0318102 0.0259453 0.0202428 0.0149671 0.0103854 0.00669782
 0.00703193 0.0115 0.0174529 0.0248833 0.0335751 0.0429607 0.0520947 0.0598891 0.0655088 0.0686337 0.0694233 0.0682959 0.065726 0.0621423 0.0578871 0.0531985 0.04821 0.0429757 0.0375145 0.0318625 0.0261206 0.0204794 0.0152055 0.0105853 0.006843
 0.00694667 0.0113606 0.0172429 0.0245906 0.0331985 0.0425187 0.0516309 0.059468 0.0651988 0.068484 0.0694455 0.0684603 0.0659731 0.0624033 0.0581077 0.0533556 0.0483171 0.0430732 0.0376484 0.032062 0.0263843 0.0207776 0.0154957 0.0108309 0.00702543
 0.00697169 0.0114009 0.0173019 0.0246689 0.0332908 0.0426116 0.0517027 0.0594949 0.0651656 0.068394 0.0693218 0.0683355 0.0658729 0.0623339 0.0580551 0.0532973 0.0482392 0.0429814 0.0375677 0.0320233 0.0264071 0.0208593 0.015614 0.0109559 0.00713258
 0.00706072 0.0115419 0.0175067 0.0249449 0.0336381 0.0430188 0.0521427 0.0599241 0.0655295 0.0686398 0.0694133 0.0682641 0.0656594 0.0620203 0.0576879 0.0529137 0.0478616 0.0426237 0.0372442 0.0317526 0.026207 0.0207372 0.0155617 0.0109524 0.00715371
 0.00707033 0.0115601 0.0175391 0.0249987 0.0337213 0.0431383 0.0523016 0.0601191 0.0657497 0.0688654 0.0696169 0.0684147 0.0657304 0.0619978 0.057576 0.0527321 0.047638 0.0423854 0.0370146 0.0315509 0.0260482 0.0206299 0.015505 0.0109355 0.00716073
 0.00702401 0.0114841 0.0174241 0.0248377 0.0335132 0.0428929 0.0520436 0.0598864 0.0655847 0.0688024 0.0696712 0.0685771 0.0659696 0.0622691 0.0578339 0.0529424 0.0477848 0.0424711 0.0370539 0.0315633 0.0260523 0.0206388 0.0155241 0.0109636 0.00719173
 0.00704762 0.0115177 0.0174656 0.0248808 0.0335483 0.0429087 0.0520293 0.0598358 0.0655003 0.0686979 0.0695702 0.0685064 0.0659491 0.0623035 0.0579104 0.0530354 0.0478666 0.0425221 0.0370683 0.0315484 0.0260225 0.0206091 0.0155044 0.0109566 0.0071949
#obs surv len freq
 0.00497777 0.00815255 0.0123987 0.0177293 0.0240175 0.0308977 0.0377439 0.0438319 0.0486102 0.0518763 0.0537483 0.0545123 0.0544897 0.0539799 0.0532449 0.0524984 0.0518848 0.0514383 0.0510199 0.0502605 0.048578 0.0453423 0.0401765 0.0332491 0.0253413
 0.0051908 0.00850224 0.0129312 0.0184896 0.025041 0.0321959 0.039291 0.0455599 0.050419 0.0536525 0.0553818 0.0559039 0.0555529 0.0546404 0.0534429 0.0521944 0.0510663 0.0501272 0.0492781 0.0481925 0.0463287 0.0430844 0.0380871 0.0314759 0.0239704
 0.00542081 0.00887889 0.0135033 0.0193048 0.026137 0.0335869 0.0409526 0.0474232 0.0523791 0.0555877 0.0571724 0.057444 0.0567537 0.0554294 0.0537607 0.0519941 0.0503174 0.0488255 0.0474606 0.0459516 0.043817 0.0405045 0.0356591 0.0293907 0.0223451
 0.0056556 0.00926368 0.0140883 0.020139 0.0272595 0.0350121 0.0426556 0.0493341 0.0543921 0.0575813 0.0590275 0.0590545 0.0580301 0.0562979 0.0541613 0.0518773 0.0496455 0.0475798 0.045658 0.0436654 0.0411924 0.0377536 0.0330278 0.0271025 0.0205452
 0.00590005 0.00966556 0.0147014 0.0210163 0.0284428 0.0365156 0.0444495 0.0513388 0.0564905 0.0596411 0.0609236 0.060681 0.0593026 0.0571511 0.054544 0.0517477 0.0489688 0.0463338 0.0438487 0.041351 0.0385056 0.0349039 0.0302708 0.0246811 0.0186247
 0.00614175 0.0100606 0.0153 0.0218671 0.0295843 0.0379625 0.0461769 0.0532765 0.0585306 0.0616578 0.0627924 0.0622921 0.0605673 0.0580021 0.0549323 0.0516366 0.0483292 0.045146 0.042115 0.0391195 0.0358947 0.0321101 0.0275439 0.022266 0.016695
 0.00638657 0.0104605 0.0159053 0.0227256 0.0307321 0.039409 0.0478905 0.0551797 0.0605117 0.0635927 0.0645644 0.0638027 0.0617383 0.0587739 0.055261 0.05149 0.0476831 0.0439852 0.0404433 0.0369799 0.0333939 0.0294287 0.0249165 0.0199279 0.0148176
 0.00661636 0.0108394 0.0164854 0.0235583 0.0318572 0.0408383 0.0495908 0.0570677 0.0624672 0.0654826 0.0662668 0.0652196 0.0627988 0.0594312 0.0554861 0.0512648 0.0469951 0.0428274 0.0388234 0.0349391 0.0310287 0.0269027 0.0224435 0.0177248 0.0130447
 0.00684345 0.0112114 0.0170506 0.0243633 0.0329382 0.0422066 0.0512173 0.0588771 0.0643467 0.0673029 0.0679031 0.0665675 0.0637816 0.0600016 0.0556219 0.050961 0.0462555 0.0416606 0.0372479 0.032999 0.0288136 0.0245587 0.0201607 0.0156964 0.0114134
 0.00707364 0.0115881 0.0176218 0.0251745 0.0340228 0.0435705 0.0528245 0.0606449 0.0661585 0.0690306 0.069429 0.0677964 0.0646449 0.0604574 0.0556521 0.0505665 0.0454501 0.040466 0.0356955 0.0311402 0.0267353 0.0223926 0.018073 0.0138537 0.00993751
 0.00726509 0.0119059 0.0181121 0.025884 0.0349884 0.0448037 0.0542957 0.0622783 0.067843 0.0706421 0.0708517 0.0689365 0.0654362 0.0608608 0.0556527 0.0501682 0.0446701 0.0393317 0.0342451 0.02943 0.0248502 0.020452 0.016221 0.012231 0.00864455
 0.00744146 0.0121931 0.0185454 0.0264971 0.0358075 0.045838 0.0555263 0.0636527 0.0692793 0.0720419 0.0721149 0.0699733 0.066176 0.0612569 0.0556832 0.0498326 0.0439844 0.0383242 0.0329565 0.0279176 0.0231952 0.0187621 0.0146208 0.0108386 0.00754115
 0.00755099 0.0123727 0.0188188 0.0268878 0.0363354 0.0465128 0.056341 0.0645802 0.0702757 0.0730531 0.073082 0.0708361 0.0668752 0.0617375 0.0559006 0.0497577 0.0436067 0.0376526 0.0320194 0.0267647 0.0219 0.0174205 0.0133414 0.00972174 0.00665523
 0.00760516 0.0124587 0.0189449 0.0270618 0.0365651 0.0468062 0.0567053 0.0650194 0.0707879 0.0736282 0.0737002 0.0714666 0.0674764 0.0622599 0.0562906 0.0499644 0.0435895 0.0373889 0.0315102 0.026039 0.021015 0.016458 0.012396 0.00888148 0.00598137
 0.00767293 0.0125609 0.0190838 0.0272346 0.0367651 0.0470255 0.056937 0.0652595 0.0710367 0.0738904 0.0739829 0.0717746 0.0678058 0.0625929 0.0565945 0.0501951 0.0436993 0.0373361 0.0312705 0.025614 0.0204373 0.0157882 0.0117114 0.00825761 0.00547306
 0.00774772 0.012676 0.0192445 0.0274405 0.037009 0.0472936 0.057209 0.0655117 0.0712481 0.0740504 0.0740956 0.0718566 0.0678788 0.0626736 0.0566861 0.0502834 0.0437539 0.0373184 0.031145 0.0253616 0.0200649 0.015331 0.0112248 0.00780148 0.00509414
 0.00776392 0.0127018 0.0192824 0.0274922 0.0370756 0.0473745 0.0573015 0.0656108 0.0713474 0.0741437 0.0741794 0.071932 0.0679514 0.062752 0.0567765 0.0503845 0.0438522 0.0373884 0.0311556 0.0252866 0.0198952 0.0150808 0.0109292 0.00750545 0.00483707
 0.00780771 0.0127626 0.0193547 0.027565 0.0371357 0.0474122 0.0573151 0.0656067 0.0713368 0.0741376 0.0741849 0.0719518 0.0679852 0.0627985 0.056835 0.0504532 0.0439256 0.037454 0.031194 0.0252767 0.0198231 0.0149477 0.0107537 0.00731705 0.00466551
 0.00786283 0.0128483 0.0194759 0.0277215 0.0373205 0.04761 0.0575017 0.0657541 0.0714213 0.0741495 0.0741323 0.0718561 0.0678723 0.0626898 0.0567437 0.0503844 0.043878 0.0374206 0.0311628 0.0252329 0.0197537 0.0148479 0.0106299 0.00718536 0.00454457
 0.00788701 0.0128878 0.0195357 0.0278061 0.0374326 0.0477481 0.0576584 0.0659143 0.0715647 0.0742546 0.0741825 0.0718455 0.0678078 0.0625888 0.056628 0.0502734 0.0437835 0.0373458 0.0311028 0.025178 0.0196933 0.0147753 0.0105457 0.00709706 0.004463
 0.00789586 0.0128996 0.0195486 0.0278177 0.037441 0.0477541 0.0576667 0.0659324 0.0715989 0.0743065 0.074246 0.0719086 0.0678564 0.0626129 0.0566253 0.0502497 0.0437493 0.0373106 0.0310714 0.0251492 0.0196623 0.0147372 0.0104995 0.0070462 0.00441396
 0.0079011 0.0129069 0.0195575 0.0278264 0.0374471 0.0477548 0.0576599 0.065918 0.0715802 0.07429 0.0742402 0.0719192 0.0678838 0.0626508 0.0566637 0.0502793 0.0437655 0.0373142 0.0310661 0.0251383 0.0196466 0.0147163 0.0104732 0.00701646 0.00438447
 0.00789855 0.0128968 0.0195315 0.027774 0.0373587 0.0476275 0.0575011 0.0657458 0.0714186 0.074162 0.0741625 0.0719005 0.067924 0.0627421 0.0567921 0.0504269 0.0439141 0.0374495 0.0311796 0.0252266 0.0197102 0.0147573 0.0104949 0.0070233 0.00438186
 0.00789402 0.0128868 0.0195111 0.0277363 0.0372957 0.0475319 0.0573695 0.065581 0.0712322 0.0739741 0.0739986 0.0717855 0.0678759 0.0627673 0.0568845 0.0505705 0.0440875 0.0376304 0.0313491 0.0253719 0.0198248 0.0148402 0.0105493 0.00705478 0.00439706
 0.00790416 0.0129022 0.0195322 0.0277618 0.0373225 0.047554 0.057378 0.0655655 0.0711835 0.0738879 0.0738798 0.0716483 0.0677422 0.0626605 0.0568232 0.0505632 0.0441307 0.0377112 0.0314495 0.0254742 0.0199153 0.0149114 0.0105992 0.00708582 0.00441377
 0.00790354 0.0129001 0.019527 0.0277518 0.0373058 0.0475301 0.0573478 0.0655308 0.0711455 0.0738463 0.073832 0.0715927 0.0676802 0.0625992 0.0567744 0.0505396 0.0441413 0.0377568 0.0315226 0.0255617 0.0200028 0.0149874 0.0106575 0.00712547 0.00443766
 0.00786713 0.012841 0.0194386 0.0276286 0.0371459 0.0473377 0.0571355 0.0653193 0.0709597 0.0737083 0.073756 0.0715813 0.0677256 0.0626879 0.056892 0.0506755 0.0442894 0.0379137 0.0316841 0.0257205 0.0201493 0.0151122 0.0107547 0.00719427 0.00448164
 0.00783011 0.0127794 0.0193435 0.0274912 0.0369602 0.0471039 0.0568638 0.0650309 0.0706836 0.0734758 0.0735935 0.071506 0.0677425 0.0627893 0.0570604 0.0508887 0.0445258 0.0381557 0.0319189 0.0259383 0.0203419 0.015273 0.0108798 0.00728384 0.00454017
 0.00782057 0.0127591 0.019304 0.0274215 0.0368492 0.0469443 0.0566563 0.064786 0.0704206 0.0732199 0.0733717 0.0713432 0.0676575 0.0627914 0.0571475 0.0510477 0.0447362 0.038394 0.0321631 0.0261704 0.0205488 0.015446 0.0110149 0.00738138 0.00460471
 0.00777249 0.0126864 0.0192043 0.0272958 0.0366999 0.0467741 0.0564674 0.0645816 0.0702072 0.0730089 0.07318 0.0711904 0.067563 0.06277 0.0572061 0.0511834 0.0449361 0.0386379 0.0324268 0.0264305 0.0207856 0.015646 0.0111716 0.00749476 0.00468
 0.00776135 0.0126594 0.0191478 0.0271929 0.0365365 0.0465469 0.0561898 0.0642824 0.0699214 0.072766 0.0729969 0.0710725 0.0675096 0.0627802 0.0572799 0.0513199 0.0451301 0.0388772 0.032693 0.0267011 0.0210388 0.0158645 0.0113453 0.00762174 0.0047649
 0.00771179 0.012585 0.0190467 0.027066 0.0363849 0.0463697 0.0559841 0.0640474 0.0696644 0.0725065 0.0727638 0.0708963 0.0674125 0.0627706 0.0573539 0.0514665 0.0453353 0.039126 0.0329679 0.0269823 0.0213054 0.0160983 0.011534 0.00776142 0.00485923
 0.00770386 0.0125661 0.0190076 0.0269955 0.0362735 0.0462153 0.0557951 0.0638407 0.0694589 0.0723161 0.0725961 0.0707562 0.0673078 0.0627127 0.0573545 0.0515317 0.0454629 0.039306 0.0331846 0.0272166 0.0215369 0.0163083 0.0117086 0.00789379 0.00495047
 0.00766954 0.0125176 0.0189478 0.02693 0.0362081 0.0461508 0.0557258 0.0637572 0.0693539 0.0721906 0.0724601 0.0706251 0.0671966 0.0626331 0.0573151 0.0515389 0.0455208 0.0394134 0.0333338 0.0273935 0.0217234 0.0164856 0.0118614 0.00801317 0.00503476
 0.00764171 0.0124705 0.0188741 0.0268234 0.0360665 0.0459803 0.0555423 0.0635831 0.0692104 0.0720888 0.0723985 0.0705943 0.0671871 0.0626409 0.057342 0.0515903 0.0456017 0.0395264 0.0334766 0.0275582 0.0218969 0.0166524 0.0120072 0.00812876 0.00511753
 0.00761845 0.0124327 0.018817 0.0267423 0.0359574 0.0458413 0.055376 0.0633985 0.0690236 0.0719206 0.0722693 0.0705177 0.067166 0.0626685 0.0574069 0.051682 0.0457142 0.0396572 0.033624 0.0277179 0.0220605 0.0168085 0.0121442 0.00823839 0.00519692
 0.00760972 0.0124194 0.0187984 0.0267181 0.0359267 0.0458024 0.055326 0.0633341 0.0689423 0.0718235 0.0721627 0.0704128 0.0670771 0.0626082 0.0573825 0.0516941 0.0457586 0.039728 0.0337157 0.0278249 0.0221759 0.0169233 0.0122489 0.00832499 0.00526152
 0.00760167 0.0124079 0.018784 0.0267022 0.0359113 0.045789 0.0553147 0.0633232 0.0689282 0.0718012 0.0721275 0.0703629 0.067015 0.062542 0.0573234 0.0516533 0.0457437 0.0397417 0.0337558 0.0278862 0.0222512 0.017004 0.0123261 0.00839128 0.00531253
 0.00756902 0.012359 0.0187182 0.0266222 0.0358223 0.0456983 0.0552306 0.0632539 0.0688802 0.0717775 0.0721263 0.0703779 0.0670381 0.0625662 0.0573459 0.051676 0.0457718 0.0397808 0.0338092 0.0279532 0.0223274 0.0170826 0.0123997 0.00845365 0.00536018
 0.00756128 0.0123423 0.018686 0.0265664 0.0357367 0.0455826 0.0550934 0.0631122 0.0687548 0.0716862 0.0720786 0.0703742 0.067071 0.0626241 0.0574168 0.0517508 0.045846 0.0398539 0.0338832 0.0280297 0.0224056 0.017159 0.0124693 0.00851178 0.00540427
 0.00753095 0.0122974 0.0186263 0.0264937 0.0356534 0.0454897 0.0549903 0.0629986 0.0686342 0.0715686 0.0719796 0.0703101 0.0670532 0.0626546 0.0574885 0.0518507 0.04596 0.039971 0.0339967 0.0281364 0.0225038 0.017247 0.0125445 0.00857206 0.00544877
 0.00752584 0.0122854 0.0186016 0.0264496 0.0355844 0.0453953 0.0548769 0.0628782 0.06852 0.0714701 0.0719013 0.0702537 0.0670212 0.0626514 0.0575178 0.0519123 0.0460482 0.0400761 0.0341082 0.0282454 0.0226043 0.0173351 0.0126178 0.00862943 0.00549038
 0.00752958 0.012293 0.0186155 0.0264718 0.035615 0.0454298 0.054906 0.0628898 0.0685042 0.0714236 0.0718293 0.0701672 0.0669328 0.0625724 0.057457 0.0518758 0.0460391 0.0400934 0.0341466 0.0282974 0.0226618 0.0173911 0.0126675 0.00866975 0.00552039
 0.00751702 0.0122725 0.0185846 0.0264291 0.0355607 0.0453674 0.0548421 0.0628327 0.0684603 0.0713943 0.0718111 0.0701546 0.066922 0.0625636 0.0574541 0.0518841 0.0460627 0.0401339 0.0342025 0.0283639 0.0227321 0.0174584 0.012726 0.0087162 0.00555405
 0.00750995 0.0122637 0.0185762 0.0264241 0.0355621 0.045376 0.0548555 0.0628461 0.0684686 0.0713946 0.071803 0.070139 0.0669 0.062536 0.0574226 0.0518526 0.0460368 0.0401192 0.0342025 0.0283789 0.0227589 0.0174915 0.0127596 0.00874576 0.00557694
 0.00748858 0.0122299 0.0185275 0.0263597 0.0354836 0.0452887 0.0547687 0.0627714 0.0684166 0.0713712 0.0718074 0.0701653 0.0669401 0.0625825 0.0574699 0.0518975 0.0460786 0.0401595 0.0342436 0.0284225 0.0228047 0.0175371 0.0128015 0.00878066 0.00560315
 0.00748858 0.0122299 0.0185275 0.0263597 0.0354836 0.0452887 0.0547687 0.0627714 0.0684166 0.0713712 0.0718074 0.0701653 0.0669401 0.0625825 0.0574699 0.0518975 0.0460786 0.0401595 0.0342436 0.0284225 0.0228047 0.0175371 0.0128015 0.00878066 0.00560315
 0.00725774 0.0118614 0.0179872 0.025625 0.0345537 0.044197 0.0535933 0.0616317 0.0674504 0.0707 0.0715062 0.0702492 0.0673693 0.0632793 0.0583398 0.0528477 0.0470315 0.0410578 0.0350506 0.0291176 0.0233795 0.0179914 0.0131421 0.0090205 0.00576019
 0.00718701 0.0117195 0.0177246 0.0251802 0.03387 0.0432487 0.0524095 0.0603041 0.0661182 0.0695201 0.0706208 0.0697602 0.0673228 0.0636604 0.0590798 0.0538419 0.0481619 0.0422149 0.0361468 0.0300926 0.0241988 0.0186425 0.0136296 0.00936222 0.00598257
 0.00716403 0.0116878 0.0176845 0.0251289 0.0337929 0.0431112 0.0521569 0.0598766 0.0654798 0.0686876 0.0696769 0.0688388 0.0665726 0.0632044 0.0589842 0.0541052 0.0487231 0.0429747 0.0369946 0.0309289 0.0249497 0.0192642 0.0141066 0.00970113 0.00620471
 0.0071211 0.011619 0.0175835 0.0249917 0.0336199 0.0429082 0.0519325 0.0596353 0.0652126 0.0683702 0.0692806 0.0683555 0.0660377 0.0626995 0.0586157 0.0539664 0.0488604 0.0433731 0.0375859 0.0316166 0.0256367 0.0198751 0.0145977 0.0100605 0.0064445
 0.00714686 0.0116616 0.0176486 0.0250835 0.0337386 0.0430466 0.0520744 0.0597563 0.0652848 0.0683661 0.0691763 0.0681326 0.06569 0.0622454 0.0581081 0.053489 0.0485058 0.0432107 0.037637 0.0318491 0.0259815 0.0202525 0.0149425 0.0103346 0.00663751
 0.00716265 0.0116953 0.0177138 0.0251972 0.0339162 0.0432941 0.052381 0.0600926 0.0656075 0.0686273 0.0693327 0.0681523 0.0655562 0.0619592 0.0576926 0.052993 0.048001 0.0427777 0.0373419 0.0317218 0.0260073 0.0203832 0.0151177 0.0105038 0.00677171
 0.00708293 0.0115732 0.017545 0.0249855 0.0336754 0.0430497 0.0521693 0.0599545 0.0655766 0.068716 0.0695246 0.0684045 0.065812 0.0621639 0.0578076 0.053006 0.0479298 0.0426662 0.0372459 0.0316887 0.0260585 0.0205076 0.0152814 0.0106678 0.00690736
 0.00709303 0.0115839 0.0175505 0.0249771 0.0336443 0.0429909 0.0520863 0.0598609 0.065494 0.0686688 0.0695319 0.0684725 0.0659283 0.062299 0.057923 0.0530671 0.0479195 0.0425923 0.0371394 0.0315912 0.0260049 0.0205122 0.0153352 0.010747 0.00698695
 0.00716868 0.011707 0.017735 0.0252332 0.0339729 0.0433771 0.0524948 0.0602403 0.0657902 0.0688431 0.0695733 0.0683978 0.0657709 0.0620931 0.0576913 0.052817 0.0476488 0.0423006 0.0368377 0.0313039 0.0257615 0.0203346 0.0152288 0.0107001 0.00697831
 0.00706893 0.0115603 0.0175436 0.0250112 0.0337446 0.0431726 0.0523449 0.0601697 0.0658109 0.068949 0.0697406 0.0685938 0.0659657 0.0622684 0.0578403 0.0529388 0.0477416 0.0423608 0.036864 0.031302 0.0257451 0.0203202 0.0152276 0.0107139 0.0070016
 0.00707799 0.0115617 0.017522 0.0249461 0.0336188 0.0429837 0.0521135 0.0599376 0.0656281 0.0688556 0.0697528 0.0687008 0.0661369 0.062466 0.0580313 0.0531019 0.0478674 0.042448 0.0369155 0.031324 0.0257471 0.0203137 0.0152228 0.0107162 0.00701069
 0.00706064 0.0115359 0.0174867 0.0248996 0.0335563 0.0428955 0.0519864 0.059762 0.0654086 0.0686174 0.0695395 0.0685598 0.0661008 0.0625399 0.0581934 0.0533142 0.048091 0.0426531 0.0370852 0.0314532 0.0258389 0.0203763 0.0152655 0.0107468 0.00703374
#pred catch len freq
 0.00361352 0.0058786 0.00888959 0.0126932 0.0173144 0.0226961 0.0286351 0.034787 0.0407448 0.0461281 0.0506391 0.054094 0.0564441 0.0577691 0.0582417 0.0580818 0.0575229 0.056775 0.0559481 0.0549321 0.053303 0.0503856 0.0455535 0.0386549 0.0302746
 0.0040091 0.00646346 0.00966465 0.0136297 0.0183727 0.0238506 0.0298835 0.0361334 0.0421647 0.0475422 0.051918 0.0550987 0.0570792 0.0580187 0.0581647 0.0577718 0.0570519 0.0561482 0.0550939 0.0537385 0.05169 0.0483803 0.04332 0.0364519 0.0283601
 0.00418186 0.00678502 0.0102202 0.0145141 0.0196575 0.0255389 0.0318806 0.0382605 0.0442187 0.0493627 0.0534171 0.0562411 0.0578426 0.0583756 0.0580974 0.057296 0.0562176 0.0550108 0.0536782 0.0520304 0.0496726 0.0460953 0.0409082 0.0341341 0.0263628
 0.00438479 0.00710268 0.0106815 0.0151535 0.0205273 0.0267151 0.0334473 0.0402651 0.0466138 0.0519729 0.0559643 0.0584254 0.0594344 0.0592644 0.058281 0.0568362 0.0551995 0.0535192 0.0517862 0.0497974 0.0471616 0.0434058 0.0382012 0.0316192 0.0242403
 0.00463457 0.00750188 0.0112692 0.0159615 0.0215751 0.0280059 0.0349663 0.0419858 0.0485087 0.0540119 0.0580906 0.0605215 0.0613108 0.0606948 0.0590692 0.0568729 0.0544777 0.0521093 0.0497972 0.0473525 0.0443968 0.0404848 0.0353244 0.0290043 0.0220724
 0.00488272 0.00789887 0.0118559 0.0167746 0.022644 0.0293459 0.0365668 0.0438013 0.0504597 0.0559988 0.0600142 0.0622953 0.0628567 0.0619238 0.0598672 0.0571115 0.05405 0.0509682 0.047975 0.0449566 0.0415959 0.0374946 0.0323896 0.0263635 0.0199093
 0.00512265 0.00828365 0.0124259 0.0175661 0.0236853 0.0306496 0.0381205 0.0455596 0.0523455 0.0579124 0.0618463 0.0639415 0.0642287 0.0629526 0.0604947 0.0572757 0.0536792 0.0499964 0.0463747 0.0427726 0.038962 0.0346262 0.0295488 0.0238057 0.0178233
 0.00546197 0.00881466 0.0131877 0.0185843 0.0249715 0.0321999 0.0399076 0.047525 0.0543965 0.0599302 0.0637015 0.0655134 0.0654218 0.0637063 0.0607792 0.0570781 0.0529863 0.0487881 0.0446382 0.0405348 0.0363235 0.0317738 0.0267314 0.0212756 0.0157687
 0.00576339 0.0092998 0.0139087 0.019586 0.0262834 0.0338226 0.0417994 0.0495966 0.0565229 0.0619725 0.0655285 0.0670142 0.0665122 0.0643306 0.0609106 0.0567127 0.0521326 0.0474578 0.0428478 0.038324 0.033784 0.0290672 0.0240767 0.0189004 0.0138452
 0.0060111 0.00970479 0.0145235 0.0204638 0.0274708 0.0353457 0.0436453 0.0516993 0.058761 0.0641839 0.0675355 0.0686546 0.0676654 0.0649313 0.0609454 0.0562041 0.0511206 0.0459864 0.0409639 0.0360893 0.0312962 0.0264758 0.0215744 0.0166846 0.0120632
 0.00621925 0.0100442 0.0150374 0.0211964 0.0284632 0.0366265 0.0452169 0.0535252 0.0607601 0.0662336 0.0694835 0.0703381 0.0689363 0.0656809 0.0611185 0.0557995 0.0501775 0.0445674 0.0391431 0.0339537 0.028957 0.0240784 0.0192913 0.0146845 0.0104675
 0.00638081 0.0103118 0.0154503 0.0217968 0.0292905 0.0377077 0.0465534 0.0550835 0.0624711 0.0679982 0.071183 0.0718457 0.0701302 0.0664577 0.0614059 0.0555643 0.049427 0.043345 0.0375209 0.032028 0.0268484 0.0219319 0.0172658 0.0129262 0.00907583
 0.00651456 0.0105235 0.0157596 0.0222222 0.0298511 0.0384233 0.0474404 0.0561453 0.0636875 0.0693185 0.0725266 0.0731112 0.0712108 0.0672557 0.0618432 0.0555881 0.0490143 0.0425053 0.0362984 0.0305014 0.0251295 0.020158 0.0155835 0.0114657 0.0079225
 0.00665075 0.0107282 0.0160372 0.0225679 0.0302553 0.0388786 0.0479463 0.0567088 0.0643184 0.0700224 0.0732959 0.0739174 0.0720006 0.0679553 0.0623689 0.0558607 0.0489727 0.0421172 0.0355683 0.0294748 0.0238921 0.0188273 0.0142903 0.0103275 0.00701714
 0.00673721 0.0108678 0.0162448 0.0228541 0.0306226 0.0393156 0.0484254 0.0571914 0.0647688 0.070423 0.0736537 0.0742564 0.0723427 0.0683017 0.0626907 0.0561017 0.0490635 0.041995 0.0351953 0.0288529 0.0230682 0.0178875 0.0133417 0.009472 0.00632638
