SBPRF35
9.06126
Curr Bio
637112
B35
682131
F35
0.196003
FOFL
0.166148
OFL
77601.3
Bzero
2.58893e+006
#pred survey bio
 3.6264e+006 3.14699e+006 2.83723e+006 2.56674e+006 2.27711e+006 2.00758e+006 1.77428e+006 1.57312e+006 1.37999e+006 1.23605e+006 1.08649e+006 941383 850727 794740 719290 678459 656226 637142 619819 601549 612137 598698 590283 578488 578843 587445 577637 578882 572060 569299 562702 545385 533088 524222 523619 527588 539969 547675 555333 565054 571861 576288 586823 589993 585161 580801 580810 563756 572571 575454 581932 589134 620605 608926 595893 605243 608994 586059 580925 623643 627993 607281 642694 652978 642167 2.058e+007 1.21559e+007 1.23239e+007 1.30833e+007 1.41843e+007 1.53728e+007 1.64826e+007 1.74329e+007 1.82021e+007 1.88017e+007 1.9257e+007 1.9597e+007 1.98482e+007 2.00326e+007 2.01678e+007 2.02668e+007 2.03395e+007 2.03932e+007 2.04329e+007 2.04626e+007 2.04848e+007 2.05016e+007 2.05143e+007 2.05239e+007 2.05314e+007 2.05371e+007 2.05414e+007 2.05448e+007 2.05474e+007 2.05495e+007 2.05511e+007 2.05523e+007 2.05533e+007 2.05541e+007 2.05547e+007 2.05551e+007 2.05555e+007 2.05558e+007 2.0556e+007 2.05562e+007 2.05563e+007 2.05564e+007 2.05565e+007 2.05566e+007 2.05567e+007 2.05567e+007 2.05567e+007 2.05568e+007 2.05568e+007 2.05568e+007 2.05568e+007 2.05568e+007 2.05568e+007 2.05568e+007 2.05568e+007 2.05568e+007 2.05568e+007 2.05568e+007 2.05568e+007 2.05568e+007 2.05569e+007 2.05569e+007 2.05569e+007 2.05569e+007 2.05569e+007 2.05569e+007 2.05569e+007 2.05569e+007 2.05569e+007 2.05569e+007 2.05569e+007 2.05569e+007 2.05569e+007 2.05569e+007 2.05569e+007 2.05569e+007 2.05569e+007 2.05569e+007 2.05569e+007 2.05569e+007 2.05569e+007 2.05569e+007 2.05569e+007 2.05569e+007 2.05569e+007 2.05569e+007 2.05569e+007 2.05569e+007 2.05569e+007 2.05569e+007 2.05569e+007 2.05569e+007 2.05569e+007 2.05569e+007 2.05569e+007 2.05569e+007 2.05569e+007 2.05569e+007 2.05569e+007 2.05569e+007 0 0 0 0 0 0 0 0 0 0 0 0 0 0 0 0 0 0 0 0 0 0 0 0 0
#obs survey bio
 4.4965e+006 2.08515e+006 2.81639e+006 1.53113e+006 2.11504e+006 1.85856e+006 1.16963e+006 1.44094e+006 1.03924e+006 982029 1.19054e+006 697045 721500 613903 666010 663895 523383 757418 537766 431557 565666 466740 553028 405256 583863 437677 492644 563338 497618 808527 729738 403746 437130 480827 545726 540964 738892 615676 331011 594614 659050 610684 480904 530531 947812 662544 445752 528641 580172 459671 454156 595506 770691 669305 605677 719184 544258 610150 613372 690385 569068 718584 682222 761054 626084
#pred catch bio
 403474 272254 259309 299832 303222 289181 275739 280046 244597 253452 248811 199612 168347 181323 147324 129050 124650 121338 120426 96239.4 116618 111090 112566 101198 93854.9 108043 96487.9 100475 93291 92200.2 96832.3 91075 91158.5 88617.2 87735.8 82125.6 86543.1 86738.8 85605.1 88580.3 90836.4 86382.2 93276.5 99644.7 98144.5 93645 107063 84749.9 90022.3 87260.2 87379.1 68274 104831 104462 85089.7 89707.6 111262 95468.1 56651.5 90068.9 109947 62851 84979.9 100462 131361 77601.3 88579.4 88520.8 92663.2 99950 108119 115726 122129 127182 130994 133776 135757 137142 138094 138743 139180 139472 139667 139796 139880 139936 139973 139997 140013 140023 140029 140034 140037 140038 140040 140040 140041 140041 140041 140042 140042 140042 140042 140042 140042 140042 140042 140042 140042 140042 140042 140042 140042 140042 140042 140042 140042 140042 140042 140042 140042 140042 140042 140042 140042 140042 140042 140042 140042 140042 140042 140042 140042 140042 140042 140042 140042 140042 140042 140042 140042 140042 140042 140042 140042 140042 140042 140042 140042 140042 140042 140042 140042 140042 140042 140042 140042 140042 140042 140042 140042 140042 140042 140042 140042 0 0 0 0 0 0 0 0 0 0 0 0 0 0 0 0 0 0 0 0 0 0 0 0 0
#obs catch bio
 234633 272345 260358 303336 307482 293669 280312 286101 249582 260195 255272 203863 171357 185655 149511 130973 126719 123204 122441 97353.4 118914 113052 114460 103345 94994.8 110365 98021.9 102190 94662.5 92704.6 96986.7 91267.6 91509.2 89316.6 88334.4 82408.6 86507 86576.4 85862.2 88660.5 90862.4 86236.3 93523.6 99738.3 98071.8 93295.8 107271 84543.5 90073 87248.1 87945.8 67939.9 105388 105019 85161.4 89571.5 111466 96011 56272.4 90104 110886 62544.8 85197.5 100470 131744
#pred cpue bio
 3.56825e+006 3.09365e+006 2.78653e+006 2.51709e+006 2.2287e+006 1.96077e+006 1.72902e+006 1.52923e+006 1.33785e+006 1.19527e+006 1.04792e+006 905524 816572 761807 688525 649001 627499 609010 592272 574516 584666 571622 563538 552201 552737 561367 552148 553805 547839 545959 540451 524169 511597 501369 499624 503381 515785 523644 531181 540568 547218 551559 561743 564795 560188 556146 556279 539648 548206 551170 557463 564393 595187 584050 571253 580402 584328 561914 556625 598413 603135 582875 617255 627733 617824 1.98047e+007 1.17045e+007 1.17549e+007 1.23686e+007 1.34143e+007 1.45886e+007 1.56953e+007 1.66451e+007 1.74142e+007 1.80137e+007 1.8469e+007 1.88091e+007 1.90602e+007 1.92447e+007 1.93798e+007 1.94788e+007 1.95515e+007 1.96052e+007 1.9645e+007 1.96746e+007 1.96968e+007 1.97136e+007 1.97263e+007 1.9736e+007 1.97434e+007 1.97491e+007 1.97534e+007 1.97568e+007 1.97595e+007 1.97615e+007 1.97631e+007 1.97643e+007 1.97653e+007 1.97661e+007 1.97667e+007 1.97671e+007 1.97675e+007 1.97678e+007 1.9768e+007 1.97682e+007 1.97683e+007 1.97684e+007 1.97685e+007 1.97686e+007 1.97687e+007 1.97687e+007 1.97687e+007 1.97688e+007 1.97688e+007 1.97688e+007 1.97688e+007 1.97688e+007 1.97688e+007 1.97688e+007 1.97688e+007 1.97688e+007 1.97689e+007 1.97689e+007 1.97689e+007 1.97689e+007 1.97689e+007 1.97689e+007 1.97689e+007 1.97689e+007 1.97689e+007 1.97689e+007 1.97689e+007 1.97689e+007 1.97689e+007 1.97689e+007 1.97689e+007 1.97689e+007 1.97689e+007 1.97689e+007 1.97689e+007 1.97689e+007 1.97689e+007 1.97689e+007 1.97689e+007 1.97689e+007 1.97689e+007 1.97689e+007 1.97689e+007 1.97689e+007 1.97689e+007 1.97689e+007 1.97689e+007 1.97689e+007 1.97689e+007 1.97689e+007 1.97689e+007 1.97689e+007 1.97689e+007 1.97689e+007 1.97689e+007 1.97689e+007 1.97689e+007 1.97689e+007 1.97689e+007 1.97689e+007 0 0 0 0 0 0 0 0 0 0 0 0 0 0 0 0 0 0 0 0 0 0 0 0 0
#obs cpue bio
 2.41724e+006 2.30149e+006 1.79134e+006 2.46679e+006 1.73483e+006 1.57479e+006 1.98334e+006 1.18558e+006 1.16163e+006 1.00088e+006 858508 886508 712586 774452 701333 468545 568504 432566 560606 514052 494045 525967 553642 354643 674422 451068 514507 502354 500858 686692 595708 589135 552208 356308 488571 519015 564098 520592 558816 622661 518492 545772 513863 744887 386544 560221 642148 563320 532872 670820 463952 799827 406611 447224 558877 632657 677985 392789 606500 678136 453875 497712 590963 582154 688297
#pred surv len freq
 0.00509947 0.00833184 0.0126355 0.0180155 0.0243451 0.0312697 0.0381815 0.0443727 0.0492992 0.0527552 0.0548488 0.055851 0.0560585 0.0557245 0.0550366 0.0541147 0.0530228 0.0517774 0.0503295 0.0485126 0.046005 0.0423881 0.037349 0.0309441 0.0237318
 0.00553584 0.00895737 0.0134262 0.0189081 0.0252714 0.0322017 0.0391548 0.0454625 0.0505578 0.0541504 0.0562445 0.0570467 0.0568645 0.0560311 0.054843 0.0535117 0.0521407 0.0507268 0.0491604 0.0472131 0.0445412 0.0407642 0.0356465 0.0293115 0.0223279
 0.00594671 0.00960993 0.0143741 0.0201769 0.0268384 0.0339767 0.0409783 0.0471415 0.0519353 0.0551693 0.0569539 0.0575401 0.0571961 0.056173 0.0547107 0.0530286 0.0512884 0.0495496 0.0477316 0.0455985 0.0427901 0.0389325 0.0338251 0.0276269 0.0209077
 0.00621749 0.0100654 0.0150876 0.0212253 0.0282838 0.0358363 0.043191 0.049553 0.0543164 0.0572678 0.0585632 0.0585545 0.0576234 0.0560974 0.0542281 0.052197 0.0501237 0.048056 0.0459347 0.0435575 0.0405942 0.0366948 0.0316789 0.0257122 0.0193404
 0.00649408 0.0105158 0.0157684 0.0221935 0.0295906 0.0375138 0.0452342 0.0519014 0.0568458 0.0597951 0.060865 0.0604032 0.0588361 0.0565793 0.0539859 0.0513133 0.048709 0.0462106 0.0437412 0.0410996 0.0379796 0.0340661 0.0292024 0.0235489 0.0176071
 0.00682056 0.0110329 0.0165216 0.0232178 0.0309068 0.0391231 0.0471102 0.0539859 0.0590527 0.0620183 0.0629821 0.0622739 0.0603052 0.0574948 0.0542319 0.0508398 0.0475422 0.0444376 0.0414838 0.038497 0.0351882 0.0312636 0.0265797 0.0212801 0.01581
 0.00714979 0.011559 0.0172959 0.0242806 0.0322791 0.0407946 0.0490274 0.0560525 0.0611471 0.0640205 0.064794 0.0638202 0.0615193 0.0583031 0.054549 0.0505832 0.046658 0.0429259 0.0394101 0.0359891 0.0324237 0.0284532 0.0239419 0.0190046 0.0140182
 0.00741177 0.0119892 0.0179512 0.0252157 0.0335348 0.0423792 0.0508984 0.0581112 0.0632541 0.0660254 0.0665647 0.0652604 0.0625702 0.0589324 0.0547332 0.0502934 0.0458595 0.041595 0.0375618 0.0337008 0.0298435 0.0257861 0.0214145 0.0168166 0.0122966
 0.00771599 0.0124758 0.0186689 0.0262055 0.0348234 0.0439684 0.0527518 0.0601461 0.0653474 0.0680316 0.068339 0.0666796 0.0635477 0.0594237 0.0547301 0.049808 0.0449077 0.0401905 0.0357282 0.0314963 0.0273839 0.0232469 0.0190041 0.0147268 0.0106526
 0.00782985 0.0126811 0.0190153 0.0267519 0.035625 0.0450562 0.0541137 0.0617215 0.0670388 0.0697255 0.0699232 0.0680512 0.0646173 0.0601192 0.0550027 0.0496348 0.0442882 0.0391413 0.0342819 0.0297116 0.0253606 0.0211321 0.0169755 0.0129531 0.00924847
 0.00800114 0.0129609 0.0194398 0.0273575 0.0364441 0.0461081 0.055392 0.063185 0.0686099 0.071299 0.0713818 0.0692841 0.0655352 0.0606626 0.0551413 0.0493614 0.0436124 0.0380862 0.0328858 0.0280354 0.0234977 0.0192115 0.0151491 0.0113641 0.00799393
 0.00832266 0.0134608 0.0201494 0.0282903 0.037594 0.0474473 0.0568681 0.0647206 0.0701115 0.0726718 0.0725424 0.0701663 0.0660906 0.060861 0.054971 0.0488286 0.042738 0.0369025 0.0314367 0.0263814 0.0217235 0.0174286 0.0134843 0.00993405 0.00687467
 0.00845037 0.0136727 0.0204757 0.0287607 0.0382298 0.0482509 0.0578137 0.065754 0.0711619 0.0736696 0.0734315 0.0709058 0.0666486 0.0612083 0.0550795 0.0486745 0.0423082 0.0361994 0.0304826 0.025222 0.0204303 0.0160969 0.0122218 0.00883902 0.00601212
 0.00837812 0.0135741 0.0203633 0.0286611 0.0381806 0.0482935 0.0579846 0.0660771 0.0716418 0.074287 0.0741445 0.0716572 0.0673759 0.0618523 0.0555874 0.0490011 0.0424168 0.0360667 0.0301052 0.0246228 0.0196618 0.0152377 0.0113646 0.00807089 0.00539398
 0.00856614 0.0138549 0.02074 0.0291212 0.0387011 0.0488489 0.0585525 0.0666381 0.0721768 0.0747756 0.074565 0.0719884 0.0676005 0.0619583 0.0555684 0.0488536 0.0421375 0.035652 0.0295556 0.023951 0.0189 0.0144395 0.0105968 0.007398 0.00486016
 0.0087144 0.0140702 0.0210159 0.0294343 0.0390166 0.0491314 0.0587756 0.0667911 0.0722673 0.0748274 0.0746113 0.0720595 0.0677107 0.0620996 0.0557134 0.0489645 0.0421766 0.035589 0.0293725 0.023646 0.0184913 0.0139653 0.0101096 0.00695151 0.0044949
 0.00876494 0.0141516 0.0211361 0.0295973 0.0392186 0.0493558 0.0589924 0.0669621 0.0723601 0.0748309 0.0745433 0.0719611 0.0676303 0.0620738 0.0557536 0.0490545 0.0422799 0.0356613 0.0293749 0.0235554 0.0183063 0.0137069 0.00981522 0.00666398 0.00424958
 0.00877799 0.0141766 0.0211806 0.0296708 0.0393304 0.0495108 0.0591864 0.0671791 0.0725726 0.0750056 0.0746508 0.0719868 0.067582 0.0619796 0.0556507 0.0489731 0.0422307 0.0356328 0.0293408 0.0234879 0.0181888 0.0135411 0.00961986 0.00646704 0.00407723
 0.00888556 0.0143291 0.021369 0.0298739 0.0395217 0.0496702 0.0593082 0.0672713 0.0726488 0.075074 0.0747078 0.0720185 0.0675716 0.0619182 0.0555436 0.048839 0.0420924 0.0355066 0.029229 0.0233809 0.0180732 0.0134098 0.00947718 0.00632635 0.00395406
 0.00906045 0.0145967 0.0217394 0.0303414 0.0400627 0.0502424 0.0598525 0.0677213 0.0729476 0.0751927 0.0746533 0.0718256 0.0672845 0.0615749 0.055171 0.0484564 0.0417174 0.035156 0.0289156 0.0231093 0.0178406 0.0132097 0.00930537 0.00618265 0.00384068
 0.00890351 0.0143693 0.021449 0.0300137 0.0397357 0.0499558 0.0596379 0.0675971 0.0729183 0.0752505 0.0747822 0.0720066 0.0675007 0.0618122 0.055416 0.0486943 0.0419334 0.0353379 0.0290572 0.0232096 0.0179019 0.0132366 0.00930455 0.00616326 0.0038129
 0.00890687 0.0143778 0.0214677 0.0300506 0.0398008 0.0500594 0.0597873 0.067792 0.0731462 0.0754857 0.0749895 0.0721507 0.0675582 0.061779 0.0553072 0.0485362 0.0417533 0.0351569 0.0288879 0.0230579 0.0177696 0.013124 0.009211 0.00608832 0.00375596
 0.00890306 0.0143675 0.0214452 0.0300091 0.0397361 0.0499745 0.0596955 0.0677163 0.0731129 0.0755147 0.0750857 0.0723008 0.0677334 0.0619445 0.0554335 0.0486078 0.0417705 0.0351317 0.0288364 0.0229943 0.0177041 0.0130623 0.00915652 0.00604295 0.0037206
 0.00888408 0.0143462 0.0214302 0.0300129 0.0397698 0.050041 0.0597851 0.0678092 0.0731888 0.075563 0.0751101 0.0723149 0.0677511 0.0619707 0.0554616 0.0486244 0.0417631 0.0350954 0.0287751 0.0229182 0.0176245 0.0129883 0.00909381 0.00599371 0.0036847
 0.00884846 0.0142767 0.0213054 0.0298096 0.0394731 0.0496576 0.0593523 0.06739 0.0728521 0.07536 0.0750601 0.0724072 0.0679573 0.062257 0.0557945 0.0489718 0.0420949 0.0353867 0.0290102 0.0230923 0.0177426 0.0130614 0.00913425 0.00601294 0.00369169
 0.00869276 0.0140435 0.020991 0.0294216 0.0390261 0.0491671 0.058834 0.0668652 0.0723563 0.074945 0.0747856 0.0723225 0.0680832 0.062578 0.056265 0.0495304 0.0426797 0.0359448 0.0295031 0.0234978 0.0180537 0.0132838 0.00928222 0.0061041 0.00374338
 0.00858462 0.0138881 0.0207949 0.0292045 0.0388149 0.0489872 0.0586998 0.066776 0.0722971 0.0748933 0.0747227 0.0722454 0.06801 0.0625418 0.0562979 0.0496478 0.0428738 0.0361887 0.0297618 0.0237391 0.0182556 0.0134368 0.0093875 0.00616994 0.00378069
 0.00836477 0.013545 0.0203071 0.0285664 0.0380435 0.0481282 0.0578307 0.0659977 0.0717101 0.0745675 0.0746768 0.0724479 0.0683993 0.0630518 0.0568765 0.0502614 0.0434998 0.036806 0.0303449 0.0242604 0.0186923 0.0137771 0.00963267 0.00633258 0.00387958
 0.00817091 0.0132463 0.0198885 0.0280249 0.0373892 0.0473843 0.0570365 0.0652107 0.0710038 0.07402 0.0743545 0.072389 0.0686029 0.0634794 0.0574651 0.0509423 0.0442135 0.0375077 0.0310019 0.0248474 0.0191894 0.0141721 0.00992458 0.00653145 0.0040037
 0.00794813 0.0128936 0.0193765 0.0273358 0.0365234 0.0463689 0.0559325 0.0641106 0.0700153 0.0732434 0.0738637 0.0722237 0.0687697 0.0639536 0.058194 0.0518508 0.0452161 0.0385223 0.0319605 0.0257006 0.0199066 0.0147397 0.0103446 0.00681979 0.00418582
 0.00801032 0.0129469 0.0193687 0.0271897 0.0361577 0.045732 0.0550309 0.063017 0.0688507 0.0721453 0.0729563 0.0715993 0.0684803 0.0640113 0.0585741 0.0524982 0.0460538 0.0394617 0.0329138 0.0265925 0.0206818 0.0153671 0.0108165 0.00714804 0.00439572
 0.00881699 0.0141075 0.0208328 0.028806 0.0377058 0.0469806 0.0557922 0.0631781 0.0683874 0.0711247 0.071527 0.0699625 0.0668466 0.0625586 0.0574213 0.051699 0.0456038 0.0393131 0.0329921 0.0268129 0.0209653 0.0156509 0.0110601 0.00733309 0.00452155
 0.00952072 0.0152274 0.0224638 0.0309956 0.0404155 0.0500421 0.0588841 0.0658637 0.0702257 0.0718107 0.0709868 0.0683555 0.0644897 0.0598233 0.0546486 0.0491494 0.0434398 0.0376043 0.0317335 0.0259496 0.0204159 0.0153289 0.010888 0.00725049 0.0044868
 0.00943559 0.0152056 0.0226462 0.0315844 0.0416202 0.0519909 0.0615409 0.0689936 0.0734295 0.0746139 0.0729514 0.0691854 0.0640998 0.0583506 0.0523992 0.0465041 0.0407586 0.0351603 0.0296882 0.0243606 0.0192635 0.0145467 0.0103912 0.0069557 0.00432393
 0.00907571 0.0146672 0.021931 0.0307461 0.0407774 0.051331 0.0613025 0.0694129 0.0746495 0.0765929 0.075426 0.0717243 0.0662324 0.0597112 0.0528264 0.0460608 0.0396775 0.0337487 0.0282339 0.0230701 0.0182426 0.0138149 0.00991185 0.00666781 0.00416521
 0.00888796 0.0143482 0.0214282 0.0300099 0.0397834 0.0501124 0.0599793 0.068197 0.0738098 0.0763843 0.0760035 0.0730729 0.0681443 0.06183 0.0547516 0.0474726 0.0404268 0.0338749 0.0279122 0.0225243 0.0176662 0.0133289 0.00956221 0.00644738 0.00404195
 0.00877423 0.0141557 0.0211232 0.029554 0.0391391 0.049255 0.0589154 0.0669825 0.0725623 0.0752806 0.0752558 0.0728777 0.068615 0.0629385 0.0563123 0.0491886 0.041985 0.0350476 0.0286163 0.0228147 0.0176785 0.0132089 0.00941734 0.00633223 0.00396969
 0.00885021 0.014253 0.0212203 0.0296118 0.0391074 0.0490849 0.0585712 0.0664498 0.0718537 0.0744426 0.0743762 0.0720868 0.0680682 0.0627751 0.0566015 0.0498883 0.042942 0.0360481 0.0294647 0.023399 0.0179895 0.0133126 0.00940496 0.0062792 0.00391894
 0.00886787 0.0142908 0.0212921 0.0297314 0.0392787 0.04929 0.058763 0.0665581 0.0718061 0.0741912 0.0739185 0.0714728 0.0673945 0.0621681 0.0561885 0.04976 0.0431168 0.0364596 0.0299851 0.0238907 0.0183577 0.0135286 0.00949496 0.00629309 0.00390172
 0.00877857 0.0141621 0.0211298 0.0295533 0.0391125 0.0491664 0.0587071 0.0665803 0.0718929 0.0743029 0.0739967 0.0714619 0.0672666 0.061941 0.0559259 0.0495509 0.0430417 0.0365562 0.0302317 0.0242174 0.0186794 0.0137819 0.00965653 0.00637478 0.00393169
 0.00877421 0.0141436 0.021082 0.0294576 0.038955 0.0489489 0.0584552 0.0663403 0.0717167 0.0742267 0.0740251 0.0715641 0.0673893 0.0620313 0.055955 0.049528 0.0430087 0.0365657 0.0303181 0.0243792 0.0188823 0.0139791 0.00981215 0.00647594 0.00398566
 0.0088251 0.0142185 0.0211792 0.0295682 0.0390622 0.0490299 0.058485 0.0662995 0.0716014 0.0740551 0.0738344 0.0713964 0.0672725 0.0619671 0.0559235 0.0495034 0.0429785 0.0365378 0.0303139 0.0244157 0.0189593 0.0140784 0.009909 0.00655172 0.00403425
 0.00875148 0.0141149 0.021053 0.0294357 0.0389436 0.0489406 0.0584287 0.066267 0.0715759 0.0740206 0.0737843 0.071338 0.0672244 0.0619506 0.0559506 0.0495714 0.0430727 0.0366425 0.0304204 0.0245237 0.01907 0.0141884 0.010009 0.00663215 0.00409048
 0.00864824 0.0139657 0.0208637 0.029225 0.03874 0.0487749 0.0583272 0.066245 0.071633 0.074139 0.0739324 0.0714799 0.0673332 0.0620174 0.0559845 0.0495909 0.043095 0.0366766 0.0304676 0.0245813 0.0191345 0.0142552 0.0100725 0.0066862 0.004131
 0.00859109 0.0138777 0.0207408 0.0290691 0.0385598 0.0485882 0.0581603 0.0661288 0.0715945 0.0741905 0.0740646 0.0716638 0.0675291 0.0621882 0.0561073 0.0496615 0.0431248 0.0366843 0.0304706 0.0245906 0.0191539 0.0142831 0.0101044 0.00671686 0.00415619
 0.00865053 0.0139515 0.0208101 0.0291028 0.0385246 0.0484631 0.0579488 0.0658618 0.0713211 0.0739626 0.0739227 0.0716266 0.0675908 0.0623223 0.0562759 0.0498284 0.0432654 0.0367901 0.0305459 0.0246457 0.0191984 0.0143227 0.0101402 0.0067476 0.00418023
 0.00866596 0.0139793 0.0208554 0.0291686 0.0386062 0.0485427 0.0579951 0.0658382 0.0712027 0.0737529 0.0736583 0.0713657 0.067391 0.0622198 0.0562759 0.0499092 0.0433917 0.0369274 0.0306706 0.0247478 0.0192777 0.0143834 0.0101866 0.00678254 0.00420534
 0.00874215 0.0141097 0.0210633 0.0294774 0.0390318 0.0490814 0.058612 0.0664649 0.0717485 0.0741274 0.0737966 0.0712483 0.0670496 0.0617261 0.0557184 0.049366 0.0429132 0.0365332 0.0303584 0.0245057 0.0190937 0.0142482 0.0100926 0.00672186 0.00416965
 0.00863292 0.0139332 0.0208015 0.0291202 0.0385852 0.0485779 0.0581155 0.0660607 0.0715176 0.0741148 0.0739925 0.0715929 0.0674583 0.0621221 0.0560551 0.0496327 0.0431237 0.0367085 0.0305131 0.0246441 0.019213 0.0143446 0.010165 0.00677248 0.00420255
 0.00873545 0.0140688 0.020948 0.0292362 0.0386209 0.0484925 0.0578938 0.0657229 0.0711167 0.073725 0.0736893 0.0714304 0.0674519 0.0622453 0.0562541 0.0498502 0.0433195 0.0368669 0.0306366 0.0247419 0.0192928 0.0144095 0.0102155 0.00680908 0.004227
 0.0087141 0.014053 0.0209569 0.0292943 0.0387448 0.0486735 0.0580889 0.0658632 0.0711351 0.0735889 0.0734192 0.0710931 0.0671331 0.0620161 0.0561479 0.0498587 0.0434065 0.0369889 0.0307599 0.0248491 0.0193789 0.0144759 0.0102651 0.0068444 0.00425053
 0.00862033 0.0139136 0.0207728 0.0290784 0.0385221 0.0484791 0.0579606 0.0658295 0.0712005 0.0737247 0.0735709 0.0712046 0.0671746 0.061998 0.0561105 0.0498473 0.043448 0.0370831 0.0308869 0.0249832 0.0195002 0.0145742 0.0103383 0.00689518 0.00428329
 0.00841431 0.0135788 0.0202711 0.0283804 0.0376199 0.0474039 0.0567967 0.0647103 0.0702807 0.0731362 0.0733842 0.0714121 0.0677022 0.0627361 0.0569512 0.0507097 0.044284 0.0378666 0.0315998 0.0256077 0.0200207 0.0149829 0.0106383 0.00709987 0.00441248
 0.00857548 0.0138255 0.0206117 0.0288061 0.0381004 0.0478838 0.0571987 0.0649501 0.070294 0.0729077 0.0729593 0.0708816 0.0671676 0.0622749 0.0566 0.0504691 0.0441354 0.0377889 0.031576 0.0256238 0.0200624 0.0150354 0.0106892 0.00714122 0.00444172
 0.00852964 0.0137882 0.0206234 0.0289248 0.0383829 0.0483573 0.057836 0.0656651 0.0709622 0.0734028 0.0731899 0.0708168 0.0668418 0.0617727 0.0560257 0.0499144 0.0436595 0.0374159 0.0313047 0.02544 0.0199479 0.0149713 0.0106583 0.0071295 0.00443919
 0.0084272 0.0136046 0.0203195 0.0284644 0.0377543 0.0475997 0.057054 0.0650099 0.0705792 0.0733705 0.0734871 0.0713366 0.0674427 0.0623344 0.0564833 0.0502603 0.0439228 0.0376344 0.0315053 0.0256322 0.0201279 0.0151301 0.0107879 0.00722644 0.00450525
 0.00853335 0.013748 0.0204797 0.0285995 0.0378074 0.0475133 0.0567889 0.0645654 0.0700065 0.0727708 0.0729866 0.0710416 0.0673971 0.0625057 0.0567851 0.0505973 0.044228 0.0378824 0.0317014 0.0257933 0.0202666 0.0152505 0.0108881 0.00730381 0.00455967
 0.00870078 0.0140352 0.0209362 0.0292714 0.0387148 0.048621 0.0579856 0.0656732 0.0708279 0.0731555 0.0728835 0.0705118 0.0665835 0.0615765 0.0558785 0.0497909 0.043542 0.0373052 0.0312165 0.0253928 0.0199498 0.0150157 0.0107273 0.00720283 0.00450172
 0.00857737 0.0138626 0.0207306 0.0290714 0.0385785 0.048615 0.0581684 0.0660736 0.0714229 0.0738596 0.0735622 0.0710237 0.0668323 0.0615449 0.0556256 0.0494163 0.0431411 0.0369401 0.0309125 0.0251516 0.0197647 0.0148797 0.0106336 0.00714365 0.00446801
 0.00828183 0.0133678 0.0199639 0.0279684 0.0371121 0.0468349 0.0562305 0.0642308 0.0699666 0.0730314 0.0734791 0.0716486 0.0679983 0.063018 0.0571779 0.0508812 0.044432 0.0380349 0.0318222 0.0258942 0.0203552 0.015331 0.0109613 0.00736743 0.00461052
 0.00844263 0.0135975 0.0202472 0.0282621 0.0373454 0.0469185 0.0560744 0.0637737 0.0692104 0.0720663 0.072476 0.0708098 0.0674866 0.0628997 0.0574103 0.051346 0.0449921 0.0385818 0.032296 0.0262768 0.0206516 0.0155535 0.0111221 0.00747795 0.00468168
 0.00856031 0.0138189 0.0206329 0.0288778 0.0382343 0.0480624 0.0573635 0.0650104 0.070158 0.072524 0.072347 0.0701345 0.0664266 0.0616819 0.0562519 0.0503925 0.0442928 0.0381087 0.0319853 0.0260671 0.0205025 0.0154448 0.0110449 0.00742663 0.00465044
 0.00814986 0.0131878 0.0197553 0.0277666 0.0369524 0.046729 0.056149 0.0641051 0.0697121 0.0725851 0.0728354 0.0708782 0.0672385 0.0624341 0.0569073 0.0509856 0.0448804 0.0387233 0.0326172 0.0266754 0.0210404 0.0158807 0.0113697 0.00764968 0.00479176
 0.0079132 0.0128181 0.0192274 0.0270686 0.0360901 0.0457323 0.0550814 0.0630682 0.0688374 0.0720064 0.0726494 0.0711073 0.0678171 0.0632302 0.0577733 0.0518113 0.045619 0.0393795 0.0332135 0.027223 0.0215302 0.0162935 0.0116909 0.00787843 0.00494029
 0.00751449 0.0122411 0.0184903 0.0262321 0.0352376 0.044939 0.0543918 0.0624949 0.0683784 0.0716674 0.0724563 0.0711022 0.0680378 0.0636834 0.0584194 0.0525718 0.0464049 0.0401222 0.0338783 0.0278013 0.0220232 0.0167002 0.0120089 0.00810931 0.00509376
#obs surv len freq
 0.00497087 0.00814169 0.012383 0.0177079 0.0239899 0.0308634 0.0377031 0.043786 0.0485621 0.0518308 0.0537105 0.0544866 0.0544785 0.0539829 0.05326 0.052523 0.0519166 0.0514753 0.0510606 0.0503034 0.0486213 0.0453837 0.0402137 0.0332801 0.025365
 0.00518721 0.00849594 0.0129209 0.0184739 0.0250185 0.0321661 0.0392545 0.0455185 0.0503751 0.0536087 0.0553407 0.0558686 0.0555266 0.0546262 0.0534426 0.052208 0.0510924 0.0501631 0.0493212 0.0482401 0.0463779 0.0431322 0.0381305 0.0315123 0.0239983
 0.00541208 0.00886476 0.0134822 0.0192752 0.0260979 0.0335381 0.0408952 0.04736 0.0523142 0.0555258 0.057118 0.0574007 0.0567241 0.0554152 0.0537631 0.0520135 0.0503531 0.0488759 0.0475229 0.0460219 0.0438908 0.0405768 0.035725 0.0294461 0.0223877
 0.00564161 0.00924157 0.0140562 0.0200957 0.0272045 0.0349462 0.042581 0.0492546 0.0543129 0.0575076 0.058964 0.0590052 0.0579977 0.0562842 0.0541669 0.0519025 0.0496895 0.0476414 0.0457346 0.043753 0.0412856 0.037846 0.0331127 0.0271743 0.0206005
 0.00588416 0.00963751 0.0146553 0.0209456 0.0283423 0.0363847 0.044294 0.0511713 0.0563275 0.0594986 0.0608133 0.0606092 0.0592707 0.0571571 0.0545841 0.0518174 0.0490638 0.0464501 0.043982 0.0414963 0.0386558 0.0350504 0.0304043 0.0247934 0.0187111
 0.0061301 0.0100422 0.0152731 0.0218299 0.0295344 0.0378967 0.0460921 0.053171 0.0584067 0.0615231 0.0626593 0.0621755 0.0604802 0.0579531 0.0549242 0.0516678 0.0483952 0.0452411 0.0422331 0.0392537 0.036037 0.032251 0.0276736 0.0223759 0.01678
 0.00638461 0.0104567 0.0158985 0.0227144 0.0307148 0.0393844 0.0478576 0.0551373 0.0604585 0.0635271 0.0644861 0.0637146 0.0616478 0.0586921 0.0551998 0.0514589 0.047687 0.0440237 0.0405122 0.0370724 0.0335009 0.0295402 0.0250222 0.0200192 0.014889
 0.00663243 0.0108633 0.0165173 0.0235964 0.0318984 0.0408783 0.0496249 0.0570908 0.0624745 0.0654705 0.066233 0.0651639 0.0627236 0.0593425 0.0553933 0.0511797 0.0469293 0.0427895 0.0388168 0.0349619 0.0310746 0.0269624 0.0225069 0.0177833 0.0130923
 0.00682841 0.0111907 0.0170263 0.0243396 0.0329198 0.0421968 0.0512164 0.058882 0.0643531 0.0673063 0.0679006 0.0665573 0.063763 0.0599746 0.0555883 0.0509249 0.0462237 0.0416409 0.037247 0.0330199 0.0288545 0.0246134 0.0202204 0.0157524 0.0114596
 0.00705959 0.0115646 0.0175855 0.025123 0.0339556 0.0434915 0.0527428 0.060573 0.0661084 0.0690089 0.0694347 0.067822 0.0646805 0.0604937 0.0556834 0.0505908 0.0454689 0.0404838 0.0357181 0.0311723 0.0267787 0.022445 0.0181287 0.0139059 0.00998075
 0.0072673 0.0119086 0.0181143 0.0258839 0.0349833 0.0447907 0.0542724 0.0622441 0.0678005 0.0705975 0.0708131 0.0689109 0.0654268 0.0608654 0.0556658 0.0501836 0.0446838 0.0393431 0.0342566 0.0294451 0.0248719 0.0204805 0.0162538 0.0122638 0.00867309
 0.0074454 0.0121994 0.0185545 0.0265091 0.0358219 0.0458533 0.0555396 0.0636602 0.069277 0.0720274 0.0720886 0.0699393 0.0661407 0.0612268 0.0556624 0.0498217 0.0439811 0.0383256 0.0329607 0.0279246 0.0232061 0.0187774 0.0146396 0.0108584 0.0075593
 0.00753097 0.0123426 0.0187782 0.0268381 0.0362795 0.0464551 0.0562863 0.0645337 0.0702416 0.0730333 0.0730762 0.0708421 0.0668899 0.0617591 0.0559281 0.0497908 0.0436445 0.0376933 0.0320607 0.0268047 0.0219376 0.0174553 0.0133728 0.00974881 0.00667698
 0.00761207 0.0124671 0.0189522 0.0270642 0.0365586 0.0467888 0.0566781 0.0649868 0.0707559 0.0736017 0.0736817 0.0714561 0.0674722 0.06226 0.0562935 0.04997 0.0435982 0.0374011 0.0315258 0.0260571 0.0210344 0.0164776 0.0124145 0.00889786 0.00599477
 0.00765839 0.0125406 0.0190594 0.027209 0.0367416 0.0470055 0.0569191 0.0652403 0.0710136 0.0738638 0.0739568 0.0717547 0.0677969 0.0625968 0.0566097 0.0502185 0.0437273 0.0373662 0.031301 0.0256439 0.0204656 0.0158141 0.0117339 0.00827607 0.00548715
 0.00768873 0.0125827 0.0191095 0.0272601 0.0367859 0.0470392 0.0569451 0.0652681 0.0710557 0.0739318 0.0740598 0.0718992 0.0679866 0.0628296 0.0568728 0.0504847 0.0439556 0.0375092 0.0313171 0.0255105 0.0201888 0.0154302 0.0113007 0.00785658 0.00513171
 0.00777979 0.0127183 0.0192902 0.0274769 0.0370214 0.0472707 0.0571478 0.0654198 0.0711419 0.0739512 0.0740256 0.0718353 0.0679202 0.0627837 0.0568606 0.0505059 0.0439948 0.0375377 0.0312997 0.025417 0.0200065 0.0151708 0.0109982 0.00755514 0.00487055
 0.00781303 0.0127756 0.0193818 0.0276125 0.0372059 0.0474981 0.0573976 0.0656585 0.0713324 0.0740652 0.0740526 0.0717852 0.0678175 0.0626594 0.0567432 0.0504142 0.0439339 0.0374975 0.0312585 0.0253491 0.0198932 0.0150089 0.0108027 0.00735324 0.00469018
 0.00784254 0.0128173 0.0194335 0.0276694 0.037264 0.0475574 0.0574639 0.0657396 0.0714318 0.0741758 0.0741569 0.0718616 0.0678503 0.0626461 0.0566949 0.0503498 0.043871 0.0374449 0.0312132 0.0252989 0.0198237 0.0149125 0.0106834 0.00722546 0.004572
 0.007865 0.0128504 0.0194766 0.0277194 0.0373148 0.0476017 0.0574949 0.065754 0.0714318 0.0741702 0.0741571 0.0718756 0.0678776 0.0626775 0.0567187 0.0503585 0.0438647 0.0374286 0.031191 0.0252704 0.0197843 0.0148576 0.0106136 0.00714814 0.00449791
 0.00789842 0.0129004 0.0195435 0.0278002 0.0374037 0.0476907 0.0575746 0.0658147 0.0714657 0.0741735 0.0741329 0.0718329 0.0678289 0.0626334 0.0566838 0.0503311 0.0438399 0.0374019 0.0311604 0.0252351 0.0197433 0.0148103 0.0105608 0.0070933 0.00444684
 0.0079133 0.0129246 0.01958 0.027851 0.0374691 0.047768 0.0576568 0.0658915 0.0715257 0.074208 0.0741379 0.0718106 0.0677861 0.06258 0.0566295 0.0502829 0.0438002 0.0373693 0.0311314 0.0252061 0.0197118 0.0147753 0.0105232 0.00705551 0.00441231
 0.00786983 0.0128559 0.0194807 0.0277188 0.0373063 0.0475837 0.0574682 0.0657218 0.0713987 0.0741408 0.0741362 0.0718685 0.0678898 0.0627131 0.0567773 0.0504338 0.0439461 0.0375039 0.0312492 0.0253027 0.0197845 0.0148238 0.0105498 0.00706528 0.0044113
 0.00787881 0.0128616 0.0194728 0.0276826 0.0372269 0.0474527 0.0572894 0.0655129 0.0711875 0.0739577 0.0740067 0.0718081 0.0679017 0.0627891 0.0569011 0.0505864 0.0441093 0.0376633 0.0313943 0.0254265 0.0198829 0.0148955 0.0105968 0.00709193 0.00442342
 0.00787778 0.0128582 0.019464 0.0276634 0.0371897 0.0473882 0.0571886 0.0653706 0.071007 0.0737544 0.0738071 0.0716436 0.0677999 0.0627654 0.0569558 0.0507059 0.0442719 0.0378452 0.0315747 0.0255895 0.0200188 0.0150002 0.0106707 0.00713916 0.00445034
 0.00787705 0.0128557 0.0194579 0.0276507 0.0371672 0.0473528 0.0571375 0.0653016 0.0709183 0.0736457 0.0736818 0.0715115 0.0676779 0.0626745 0.0569145 0.0507241 0.0443472 0.0379641 0.0317172 0.0257352 0.020151 0.0151085 0.0107513 0.00719353 0.00448337
 0.00784419 0.0128048 0.0193859 0.0275569 0.0370531 0.0472226 0.0569985 0.0651638 0.0707924 0.0735407 0.0736028 0.0714598 0.0676524 0.0626751 0.0569441 0.0507872 0.0444466 0.0380971 0.0318737 0.0258996 0.0203066 0.0152416 0.0108546 0.00726622 0.00452964
 0.00783547 0.0127846 0.0193446 0.0274827 0.0369357 0.0470589 0.0567972 0.0649451 0.0705833 0.0733661 0.0734801 0.0713955 0.0676445 0.0627158 0.0570237 0.0508975 0.0445817 0.0382522 0.0320424 0.0260723 0.0204709 0.0153855 0.0109697 0.00734986 0.00458464
 0.00778843 0.0127116 0.0192411 0.0273461 0.0367652 0.0468553 0.0565643 0.0646923 0.0703271 0.0731304 0.0732921 0.0712795 0.0676148 0.0627732 0.0571567 0.0510871 0.0448072 0.0384951 0.0322877 0.0263074 0.0206844 0.0155679 0.0111144 0.00745552 0.00465499
 0.00777098 0.012679 0.0191844 0.027255 0.0366312 0.0466762 0.0563477 0.0644547 0.0700898 0.0729136 0.0731118 0.071148 0.0675426 0.0627686 0.0572231 0.0512198 0.0449935 0.0387167 0.0325247 0.0265411 0.0208995 0.0157528 0.0112622 0.00756449 0.00472846
 0.00775217 0.0126491 0.0191403 0.0271936 0.0365488 0.0465691 0.0562126 0.064292 0.0699055 0.0727203 0.0729276 0.0709925 0.0674326 0.0627159 0.0572332 0.0512929 0.0451237 0.0388922 0.0327288 0.0267547 0.021104 0.015933 0.0114087 0.00767376 0.00480294
 0.00931115 0.0148286 0.0217653 0.0298826 0.0388262 0.0480419 0.056711 0.0638935 0.0688505 0.0712906 0.0713574 0.069439 0.0659866 0.0614244 0.0561181 0.0503606 0.0443709 0.038308 0.0322959 0.026451 0.0209043 0.0158115 0.0113414 0.00764071 0.00478918
 0.00929589 0.015092 0.0226694 0.0318758 0.0422471 0.0528552 0.06234 0.0693156 0.0729611 0.07334 0.0711986 0.0674675 0.0628689 0.0578131 0.0524916 0.0469994 0.0414074 0.0357876 0.0302195 0.0247964 0.0196351 0.0148807 0.0106939 0.00721728 0.00453107
 0.00897218 0.0145818 0.0219529 0.031001 0.0413829 0.0523267 0.06259 0.0707449 0.0756877 0.0770188 0.0750658 0.070631 0.0646808 0.0580946 0.0515009 0.0452202 0.0393218 0.0337458 0.0284181 0.0233151 0.0184838 0.0140323 0.0101033 0.00683133 0.00429623
 0.00880213 0.014298 0.0215126 0.0303629 0.0405228 0.0512679 0.0614423 0.0697322 0.0751311 0.0772485 0.076271 0.0727182 0.0672409 0.060536 0.053289 0.0460832 0.0393041 0.0331102 0.027487 0.0223505 0.0176423 0.013377 0.0096364 0.00652424 0.00410964
 0.00873646 0.0141854 0.0213317 0.0300878 0.0401267 0.0507299 0.0607593 0.0689345 0.0742994 0.076526 0.0758543 0.0728073 0.0679508 0.0618085 0.0548712 0.0476086 0.040443 0.0336972 0.0275541 0.0220637 0.0171997 0.0129329 0.00927457 0.00626848 0.00394844
 0.00868294 0.0140988 0.0212016 0.0299041 0.0398797 0.0504118 0.0603667 0.0684709 0.0737792 0.0759814 0.0753448 0.0724267 0.0678171 0.062026 0.0554732 0.0485132 0.0414616 0.0346041 0.0281806 0.0223573 0.0172189 0.0127922 0.00908358 0.00609771 0.00382575
 0.00868089 0.0140894 0.0211762 0.0298505 0.039785 0.0502663 0.0601672 0.0682214 0.0734882 0.0756599 0.0750078 0.0721 0.067545 0.0618725 0.0555066 0.048774 0.0419288 0.0351867 0.0287473 0.022792 0.0174668 0.0128694 0.00905011 0.00601943 0.00374843
 0.00867319 0.0140776 0.0211593 0.0298272 0.0397522 0.0502185 0.0600966 0.0681195 0.0733494 0.0754841 0.0748022 0.0718783 0.0673278 0.0616889 0.0553942 0.0487725 0.0420637 0.0354493 0.0290877 0.0231342 0.0177405 0.0130385 0.00912009 0.0060227 0.0037219
 0.00865451 0.0140507 0.0211253 0.0297893 0.0397146 0.050185 0.060068 0.0680933 0.0733194 0.0754418 0.0747391 0.0717896 0.0672157 0.0615647 0.055279 0.0486945 0.042051 0.035519 0.0292343 0.0233272 0.017935 0.0131944 0.009218 0.00606667 0.0037301
 0.00865135 0.0140433 0.0211103 0.0297626 0.0396735 0.0501301 0.0600051 0.0680317 0.0732686 0.0754071 0.0747184 0.0717748 0.0671963 0.0615335 0.0552365 0.0486507 0.0420236 0.0355267 0.0292879 0.0234225 0.0180527 0.0133082 0.00930663 0.0061218 0.00375599
 0.00864561 0.0140375 0.0211078 0.0297679 0.0396903 0.0501581 0.0600387 0.0680615 0.0732851 0.0754053 0.0746992 0.0717429 0.0671564 0.0614877 0.0551853 0.0485959 0.0419715 0.0354882 0.029274 0.0234388 0.018095 0.0133638 0.00936032 0.00616258 0.00378051
 0.00864653 0.0140363 0.0211014 0.0297526 0.0396636 0.0501215 0.0599984 0.068027 0.0732647 0.0754017 0.0747091 0.0717585 0.0671704 0.0614957 0.0551858 0.0485899 0.0419616 0.0354791 0.0292721 0.0234495 0.0181198 0.0133988 0.00939784 0.0061949 0.00380332
 0.00863312 0.0140189 0.0210829 0.0297379 0.0396574 0.0501252 0.0600091 0.0680383 0.0732707 0.0754005 0.0747032 0.0717525 0.0671673 0.0614952 0.0551855 0.048587 0.0419554 0.0354711 0.0292659 0.0234489 0.0181275 0.0134144 0.00941791 0.00621476 0.00381925
 0.00860638 0.0139767 0.0210222 0.0296578 0.0395603 0.0500185 0.0599048 0.0679513 0.0732141 0.0753809 0.0747186 0.0717952 0.0672278 0.0615652 0.0552586 0.0486583 0.0420208 0.0355281 0.0293141 0.0234898 0.0181632 0.0134463 0.00944604 0.00623814 0.00383685
 0.00860964 0.0139793 0.0210211 0.0296484 0.0395376 0.049979 0.0598488 0.0678834 0.0731433 0.0753179 0.0746737 0.0717746 0.0672324 0.0615909 0.0552986 0.0487053 0.0420691 0.0355735 0.0293543 0.0235242 0.0181924 0.0134711 0.00946694 0.00625511 0.00384968
 0.00860964 0.0139793 0.0210211 0.0296484 0.0395376 0.049979 0.0598488 0.0678834 0.0731433 0.0753179 0.0746737 0.0717746 0.0672324 0.0615909 0.0552986 0.0487053 0.0420691 0.0355735 0.0293543 0.0235242 0.0181924 0.0134711 0.00946694 0.00625511 0.00384968
 0.00867823 0.014089 0.021182 0.0298667 0.0398117 0.050295 0.0601775 0.0681835 0.0733704 0.0754388 0.0746751 0.071666 0.0670395 0.0613467 0.0550344 0.048446 0.0418306 0.0353649 0.0291792 0.0233832 0.0180838 0.0133921 0.00941335 0.00622161 0.00383064
 0.00849719 0.0138098 0.0207914 0.0293661 0.039221 0.049655 0.0595505 0.0676457 0.0729948 0.0752737 0.0747303 0.0719135 0.0674275 0.0618165 0.0555342 0.0489365 0.0422858 0.0357692 0.0295248 0.0236674 0.0183081 0.0135612 0.00953434 0.00630321 0.00388209
 0.00850101 0.0137969 0.0207371 0.0292369 0.0389847 0.0492963 0.0590844 0.0671205 0.0724813 0.0748464 0.0744487 0.0718098 0.0675024 0.0620435 0.0558686 0.0493283 0.0426901 0.0361522 0.0298649 0.0239535 0.0185369 0.0137349 0.00965895 0.00638715 0.0039348
 0.0085251 0.0138387 0.0208033 0.0293309 0.0391004 0.0494117 0.0591598 0.067108 0.0723447 0.0745815 0.0740922 0.0714291 0.0671718 0.0618202 0.0557781 0.0493634 0.0428208 0.0363388 0.03007 0.0241489 0.0187052 0.0138684 0.00975723 0.00645434 0.00397732
 0.00851573 0.0138259 0.0207887 0.0293186 0.0390964 0.0494225 0.0591891 0.0671516 0.0723869 0.0745955 0.0740495 0.0713139 0.0669942 0.0616159 0.0555965 0.0492476 0.0427919 0.0363925 0.0301827 0.0242897 0.0188466 0.0139916 0.0098532 0.00652219 0.00402106
 0.00818268 0.0133035 0.0200406 0.0283298 0.0378838 0.0480463 0.0577607 0.0658258 0.0713308 0.0739436 0.073866 0.0715816 0.0676301 0.0625052 0.0566258 0.0503274 0.043861 0.0374099 0.0311167 0.0251125 0.0195357 0.0145353 0.0102542 0.00679668 0.00419434
 0.00854691 0.0138434 0.0207539 0.0291748 0.0387839 0.0489022 0.0584648 0.0662786 0.0714615 0.0737325 0.0733553 0.0708639 0.0668197 0.0617056 0.0559094 0.0497316 0.043397 0.0370736 0.0308955 0.0249875 0.019483 0.0145291 0.0102713 0.00682015 0.00421488
 0.0084751 0.0137793 0.0207522 0.0293127 0.0391322 0.0494846 0.0592273 0.0670926 0.0721649 0.0741861 0.0734857 0.0706758 0.0663808 0.0611171 0.0552762 0.0491391 0.0428998 0.0366949 0.0306349 0.0248294 0.0194045 0.0145047 0.0102774 0.00683861 0.00423408
 0.00833921 0.0135477 0.0203888 0.0287905 0.0384553 0.048713 0.0584855 0.066543 0.071946 0.0743472 0.0739615 0.0713183 0.067027 0.0616512 0.0556555 0.0493828 0.0430583 0.0368196 0.0307598 0.0249672 0.019551 0.0146472 0.0104026 0.00693753 0.00430425
 0.00837714 0.0136 0.0204487 0.028841 0.0384694 0.0486567 0.0583291 0.0662787 0.071605 0.0740045 0.0737127 0.0712374 0.0671277 0.0618803 0.0559233 0.049609 0.0432039 0.03689 0.0307861 0.0249827 0.0195759 0.0146862 0.0104496 0.00698322 0.00434158
 0.00857631 0.0139184 0.0209157 0.0294748 0.0392659 0.0495764 0.0592873 0.0671503 0.0722532 0.0743225 0.0736617 0.0708592 0.0665259 0.0611773 0.055217 0.0489505 0.0426038 0.0363429 0.0302922 0.0245535 0.0192266 0.0144247 0.0102711 0.00687283 0.00427991
 0.00850154 0.0138241 0.0208247 0.029427 0.0393099 0.0497541 0.0596175 0.0676189 0.0728106 0.07489 0.0741474 0.0711807 0.0666359 0.0610788 0.054958 0.0486007 0.042227 0.0359806 0.029964 0.0242675 0.0189884 0.0142387 0.0101379 0.00678649 0.00422985
 0.00810162 0.0131765 0.0198603 0.0280975 0.0376151 0.0477755 0.0575406 0.0657161 0.0713753 0.0741468 0.0741832 0.0719306 0.0679198 0.0626664 0.0566323 0.0501996 0.0436563 0.037202 0.0309733 0.0250758 0.0196133 0.0147022 0.0104657 0.00700607 0.00436812
 0.00829508 0.0134455 0.020178 0.0284032 0.0378218 0.0477888 0.0572836 0.0651556 0.0705456 0.0731591 0.0732086 0.0711529 0.0674751 0.0626004 0.0568958 0.0506811 0.0442295 0.0377647 0.0314641 0.025471 0.0199133 0.014919 0.0106151 0.00710405 0.00442888
 0.00850272 0.0138022 0.0207457 0.0292387 0.0389478 0.049156 0.0587442 0.0664768 0.0714705 0.0734932 0.0728881 0.0702643 0.0662203 0.0612272 0.0556223 0.049643 0.0434666 0.0372436 0.0311183 0.0252362 0.0197454 0.0147946 0.0105238 0.00704033 0.00438786
 0.00810251 0.0131882 0.0198946 0.0281661 0.0377185 0.0478893 0.0576069 0.0656503 0.0710913 0.0735937 0.0733776 0.0709694 0.0669644 0.0619002 0.0562045 0.0501789 0.0440141 0.037831 0.0317307 0.0258291 0.0202699 0.0152181 0.0108369 0.00725299 0.00452069
 0.00820862 0.0133125 0.0199931 0.0281694 0.0375526 0.0475086 0.0570241 0.0649452 0.0703927 0.0730401 0.0730718 0.0709436 0.0671715 0.0622383 0.0565654 0.0504941 0.0442714 0.0380583 0.0319614 0.0260763 0.0205218 0.0154497 0.0110265 0.00739148 0.00461132
 0.0083388 0.0135385 0.0203553 0.0287022 0.0382616 0.0483436 0.0578651 0.0656242 0.0707516 0.0729981 0.0726617 0.0702931 0.066443 0.0615631 0.0560073 0.0500539 0.0439201 0.0377706 0.0317311 0.025909 0.0204198 0.0154038 0.0110183 0.00740127 0.00462523
#pred catch len freq
 0.00561386 0.0088012 0.0126741 0.0170651 0.0218547 0.0269639 0.0322715 0.037562 0.0425637 0.047024 0.050757 0.0536563 0.0556965 0.0569253 0.05744 0.0573568 0.0567886 0.0558224 0.0544754 0.0526249 0.049963 0.0460618 0.0405974 0.0336399 0.0258008
 0.00608834 0.00947813 0.0135225 0.0180086 0.0228091 0.0278884 0.033197 0.03857 0.0437222 0.0483209 0.0520756 0.0548089 0.0564966 0.0572575 0.0572932 0.0568117 0.0559685 0.054833 0.053361 0.0513661 0.0485181 0.0444308 0.0388641 0.0319617 0.0243481
