SBPRF35
7.21071
Curr Bio
613280
B35
514226
F35
0.22059
FOFL
0.22059
OFL
89928.7
Bzero
2.0602e+06
#pred survey bio
 4.73366e+06 3.54083e+06 3.27869e+06 3.18945e+06 2.93907e+06 2.73253e+06 2.31001e+06 2.04638e+06 1.91205e+06 1.80607e+06 1.64622e+06 1.4068e+06 1.18806e+06 1.00908e+06 862706 759066 692020 681690 677952 687702 687498 621196 549351 499028 478036 484954 494930 517069 536576 559721 561650 547090 559914 569102 573687 570155 581713 599737 621268 608885 595033 558710 523384 512646 508741 534008 592770 653398 671207 677815 670289 648602 606375 538874 573071 623757 667896 684153 621104 1.23117e+07 1.12732e+07 1.1623e+07 1.22895e+07 1.30741e+07 1.38294e+07 1.44804e+07 1.50037e+07 1.54057e+07 1.57053e+07 1.59244e+07 1.60828e+07 1.61966e+07 1.62783e+07 1.63371e+07 1.63794e+07 1.64102e+07 1.64326e+07 1.64491e+07 1.64613e+07 1.64703e+07 1.64771e+07 1.64821e+07 1.64859e+07 1.64888e+07 1.6491e+07 1.64926e+07 1.64939e+07 1.64948e+07 1.64955e+07 1.64961e+07 1.64965e+07 1.64968e+07 1.64971e+07 1.64973e+07 1.64974e+07 1.64975e+07 1.64976e+07 1.64977e+07 1.64977e+07 1.64978e+07 1.64978e+07 1.64978e+07 1.64978e+07 1.64978e+07 1.64978e+07 1.64979e+07 1.64979e+07 1.64979e+07 1.64979e+07 1.64979e+07 1.64979e+07 1.64979e+07 1.64979e+07 1.64979e+07 1.64979e+07 1.64979e+07 1.64979e+07 1.64979e+07 1.64979e+07 1.64979e+07 1.64979e+07 1.64979e+07 1.64979e+07 1.64979e+07 1.64979e+07 1.64979e+07 1.64979e+07 1.64979e+07 1.64979e+07 1.64979e+07 1.64979e+07 1.64979e+07 1.64979e+07 1.64979e+07 1.64979e+07 1.64979e+07 1.64979e+07 1.64979e+07 1.64979e+07 1.64979e+07 1.64979e+07 1.64979e+07 1.64979e+07 1.64979e+07 1.64979e+07 1.64979e+07 1.64979e+07 1.64979e+07 1.64979e+07 1.64979e+07 1.64979e+07 1.64979e+07 1.64979e+07 1.64979e+07 1.64979e+07 1.64979e+07 1.64979e+07 1.64979e+07 1.64979e+07 0 0 0 0 0 0 0 0 0 0 0 0 0 0 0 0 0 0 0 0 0 0 0 0 0
#obs survey bio
 5.56086e+06 3.79114e+06 3.37718e+06 3.46794e+06 2.07052e+06 3.82664e+06 1.72027e+06 1.9133e+06 2.2049e+06 2.03161e+06 1.9028e+06 1.35479e+06 982316 1.1807e+06 964774 723862 470522 627179 538715 1.06081e+06 803642 646234 514994 395742 580317 456039 545017 543181 488152 655656 681433 376435 581362 473162 663611 403437 626526 720360 616355 561877 542362 642548 485263 514012 641382 351396 585480 917392 652869 570656 637731 762342 531194 453043 417976 612129 495081 734874 517986
#pred catch bio
 126067 98909 154148 210711 234497 275405 286971 296608 292325 319709 301262 281130 264045 257564 223187 216201 186829 187432 169605 135554 134770 126928 116455 112885 99802.2 105984 96080.2 103793 95869 95778.2 95231.8 99561.7 106547 91560 89284.8 96666.4 88459.4 81227.7 83655.6 85261.4 88334.2 87974.1 89766.8 90375.2 88856.9 84753.3 83490.4 93100.4 87647.2 89897.3 119666 79901.5 128624 61238.4 72271.7 83547.1 107224 110475 135976 89928.7 89380.9 90938.9 95297.7 100921 106359 110954 114534 117172 119040 120324 121186 121755 122125 122364 122516 122613 122673 122712 122736 122750 122760 122765 122769 122771 122773 122773 122774 122774 122774 122775 122775 122775 122775 122775 122775 122775 122775 122775 122775 122775 122775 122775 122775 122775 122775 122775 122775 122775 122775 122775 122775 122775 122775 122775 122775 122775 122775 122775 122775 122775 122775 122775 122775 122775 122775 122775 122775 122775 122775 122775 122775 122775 122775 122775 122775 122775 122775 122775 122775 122775 122775 122775 122775 122775 122775 122775 122775 122775 122775 122775 122775 122775 122775 122775 122775 122775 122775 122775 122775 0 0 0 0 0 0 0 0 0 0 0 0 0 0 0 0 0 0 0 0 0 0 0 0 0
#obs catch bio
 0 98528.8 154471 210846 234666 275048 286959 297630 292584 320737 300465 280906 263820 258221 222306 216543 188184 189043 171109 135080 134400 126812 116298 113173 99761.2 106360 95889.9 104092 95883.1 95682.1 94938.8 99797.1 106975 91386.1 89089.1 97022.1 88466.2 81179.2 83557.1 85262.8 88295.1 87899.7 89877.9 90327.1 88950.9 84989 83460.2 93094.3 87547.1 89624.7 120590 79209.3 129893 60864.2 72352.9 83477.8 107583 110011 136363
#pred cpue bio
 4.68324e+06 3.50307e+06 3.24261e+06 3.15241e+06 2.90311e+06 2.69681e+06 2.27753e+06 2.01487e+06 1.87972e+06 1.77296e+06 1.61332e+06 1.37624e+06 1.1599e+06 982985 838360 735972 669263 658239 653949 663049 663082 599059 529529 480825 460383 467166 476782 498270 517101 539611 541705 527811 540207 549240 554104 550739 560447 575880 595788 584125 571112 536430 502607 492232 488413 512595 569051 627573 644869 651319 644032 622308 582140 516320 549644 599414 642664 657891 596737 1.17877e+07 1.07636e+07 1.10268e+07 1.1637e+07 1.24092e+07 1.31627e+07 1.38134e+07 1.43367e+07 1.47387e+07 1.50383e+07 1.52574e+07 1.54158e+07 1.55296e+07 1.56113e+07 1.56701e+07 1.57125e+07 1.57432e+07 1.57657e+07 1.57821e+07 1.57943e+07 1.58033e+07 1.58101e+07 1.58151e+07 1.58189e+07 1.58218e+07 1.5824e+07 1.58256e+07 1.58269e+07 1.58278e+07 1.58285e+07 1.58291e+07 1.58295e+07 1.58298e+07 1.58301e+07 1.58303e+07 1.58304e+07 1.58305e+07 1.58306e+07 1.58307e+07 1.58307e+07 1.58308e+07 1.58308e+07 1.58308e+07 1.58308e+07 1.58308e+07 1.58309e+07 1.58309e+07 1.58309e+07 1.58309e+07 1.58309e+07 1.58309e+07 1.58309e+07 1.58309e+07 1.58309e+07 1.58309e+07 1.58309e+07 1.58309e+07 1.58309e+07 1.58309e+07 1.58309e+07 1.58309e+07 1.58309e+07 1.58309e+07 1.58309e+07 1.58309e+07 1.58309e+07 1.58309e+07 1.58309e+07 1.58309e+07 1.58309e+07 1.58309e+07 1.58309e+07 1.58309e+07 1.58309e+07 1.58309e+07 1.58309e+07 1.58309e+07 1.58309e+07 1.58309e+07 1.58309e+07 1.58309e+07 1.58309e+07 1.58309e+07 1.58309e+07 1.58309e+07 1.58309e+07 1.58309e+07 1.58309e+07 1.58309e+07 1.58309e+07 1.58309e+07 1.58309e+07 1.58309e+07 1.58309e+07 1.58309e+07 1.58309e+07 1.58309e+07 1.58309e+07 1.58309e+07 1.58309e+07 0 0 0 0 0 0 0 0 0 0 0 0 0 0 0 0 0 0 0 0 0 0 0 0 0
#obs cpue bio
 3.0528e+06 2.49836e+06 2.62675e+06 4.60692e+06 2.74298e+06 3.22308e+06 2.51422e+06 1.52716e+06 1.75891e+06 1.48678e+06 1.99166e+06 1.30011e+06 1.40976e+06 745425 960756 652240 625661 648521 682356 687552 639788 538801 580367 513078 385475 440681 512723 399239 582275 525835 536428 526022 500826 820133 516393 568412 605758 462420 699624 566269 681774 481793 473576 557978 346466 605330 662631 534282 632264 842379 492470 789976 537599 620060 694654 655437 714637 892481 597562
#pred surv len freq
 0.0042607 0.00701748 0.0107477 0.0154919 0.0211637 0.0274568 0.0338298 0.0396555 0.0444632 0.0480892 0.0506395 0.0523422 0.0534216 0.0540476 0.0543377 0.0543785 0.0542502 0.0540257 0.0537144 0.0531478 0.0518825 0.0492531 0.0446563 0.0379619 0.0297653
 0.0045087 0.00735162 0.0111252 0.0158361 0.0213923 0.027523 0.0337482 0.0394926 0.0442959 0.0479595 0.0505379 0.0522297 0.053273 0.0538848 0.0542309 0.0544153 0.0544863 0.0544423 0.0542043 0.0535435 0.0520209 0.0490477 0.0441381 0.0372618 0.0290504
 0.00463352 0.00758769 0.0115361 0.0164864 0.0223144 0.0286753 0.034994 0.0406278 0.045124 0.0483717 0.0505449 0.0519286 0.0527826 0.0533 0.0536197 0.0538371 0.0539984 0.0540795 0.0539469 0.053307 0.0516869 0.0485259 0.0434204 0.0364316 0.0282394
 0.0047052 0.00771799 0.0117605 0.0168539 0.0228842 0.0295041 0.0361123 0.0420091 0.0466601 0.0498758 0.0517943 0.0527363 0.0530606 0.053078 0.0530129 0.0529927 0.0530521 0.0531303 0.0530433 0.0524421 0.050813 0.0475933 0.0424226 0.035425 0.0273204
 0.00492706 0.00805702 0.0122317 0.0174605 0.0236231 0.0303744 0.0371187 0.043158 0.047947 0.0512649 0.0531986 0.0540115 0.0540295 0.0535826 0.0529708 0.0524249 0.0520666 0.0518747 0.0516529 0.0510076 0.0493776 0.0461769 0.0410553 0.0341651 0.026243
 0.00503706 0.00826824 0.0126076 0.0180753 0.0245388 0.0316078 0.0386179 0.0448082 0.0496092 0.0528241 0.054588 0.055199 0.0549792 0.0542253 0.0532089 0.0521705 0.0512881 0.0506199 0.0500348 0.0491661 0.0474456 0.0442673 0.0392673 0.0325901 0.0249557
 0.00533004 0.00871499 0.0132279 0.0188758 0.0255225 0.0327836 0.0399983 0.0463904 0.0513495 0.0546245 0.0563088 0.0566949 0.0561359 0.0549726 0.053505 0.0519802 0.0505793 0.0493849 0.0483184 0.0470759 0.0451389 0.0419245 0.0370643 0.0306744 0.0234245
 0.0055484 0.0091008 0.0138627 0.0198473 0.0268965 0.0345654 0.0421056 0.0486628 0.0535978 0.0566889 0.0580885 0.0581361 0.0572003 0.0556173 0.0536827 0.0516487 0.0497087 0.0479649 0.0463735 0.0446866 0.0424536 0.0391494 0.0344283 0.0283805 0.0216045
 0.00574879 0.00943107 0.0143707 0.020587 0.0279248 0.0359317 0.0438315 0.0507183 0.0558848 0.0590444 0.0603135 0.0600408 0.0586451 0.0565269 0.0540307 0.0514295 0.0489189 0.0466039 0.0444614 0.0422913 0.0397125 0.0362702 0.0316586 0.0259514 0.0196722
 0.0059274 0.00972479 0.0148193 0.0212308 0.0287989 0.0370565 0.045204 0.0523099 0.0576457 0.0609085 0.0621956 0.0618302 0.0602077 0.0577237 0.054744 0.0515811 0.0484708 0.0455498 0.0428252 0.04014 0.0371766 0.0335501 0.0290009 0.0235945 0.0177841
 0.00614314 0.0100836 0.0153739 0.0220344 0.0298929 0.0384526 0.0468669 0.0541545 0.0595549 0.0627623 0.0638957 0.063307 0.0614097 0.0586003 0.0552341 0.0516152 0.047984 0.0444996 0.0412083 0.0380087 0.034654 0.0308327 0.0263345 0.0212205 0.0158764
 0.00639067 0.0104797 0.015959 0.0228434 0.0309511 0.0397673 0.0484168 0.0558815 0.0613665 0.0645447 0.0655327 0.0646983 0.0624832 0.0593132 0.0555622 0.0515358 0.0474658 0.043507 0.0397213 0.0360529 0.0323255 0.0283058 0.023838 0.0189852 0.0140721
 0.0065792 0.0108075 0.0164906 0.0236492 0.0320888 0.0412535 0.0502036 0.0578548 0.0633717 0.0664263 0.0671646 0.0659942 0.0633926 0.0598121 0.0556453 0.0512071 0.0467292 0.0423608 0.0381658 0.0341128 0.0300789 0.0258997 0.0214738 0.0168718 0.012366
 0.00671655 0.0110508 0.0168949 0.0242808 0.0330139 0.0425171 0.0518054 0.0597337 0.065407 0.0684551 0.0690108 0.0675013 0.0644499 0.0603669 0.0556963 0.0507855 0.0458765 0.041115 0.0365611 0.0321941 0.0279249 0.0236396 0.0192803 0.014924 0.0107988
 0.00697427 0.0114656 0.0175117 0.0251402 0.0341459 0.0439312 0.0534781 0.0616002 0.0673639 0.0703724 0.0707473 0.0689206 0.0654373 0.060846 0.0556387 0.0502094 0.0448334 0.0396718 0.0347884 0.0301676 0.0257385 0.0214184 0.0171758 0.0130866 0.00933685
 0.00717261 0.0117912 0.0180072 0.0258462 0.0350917 0.0451216 0.0548806 0.063144 0.0689528 0.0719056 0.0721341 0.0700831 0.0663064 0.061359 0.0557451 0.049881 0.0440726 0.0385124 0.0332913 0.0284154 0.0238354 0.0194895 0.0153594 0.0115112 0.00809049
 0.00736242 0.0121139 0.0185183 0.0266039 0.0361422 0.0464755 0.0564921 0.0649062 0.0707176 0.0735184 0.073467 0.0710533 0.0668769 0.0615275 0.0555277 0.0492992 0.0431493 0.037277 0.0317882 0.0267123 0.0220257 0.0176889 0.0136921 0.0100867 0.00697767
 0.00737482 0.0121371 0.0185611 0.0266821 0.0362825 0.0467177 0.0568847 0.0654939 0.0715206 0.0745134 0.0745808 0.0721748 0.0678842 0.062315 0.0560227 0.0494644 0.0429759 0.0367777 0.0309949 0.0256793 0.0208327 0.0164382 0.0124954 0.00904336 0.00615286
 0.00753291 0.0123659 0.0188534 0.027014 0.036621 0.0470348 0.0571695 0.0657572 0.0717924 0.0748323 0.0749785 0.0726588 0.068426 0.0628512 0.0564701 0.0497419 0.0430232 0.0365649 0.0305244 0.0249844 0.0199757 0.0155044 0.0115806 0.0082344 0.005508
 0.00773603 0.0126577 0.0192203 0.0274163 0.0370015 0.0473339 0.0573412 0.065782 0.0716841 0.0746406 0.0747803 0.0725385 0.0684466 0.0630309 0.0567736 0.050091 0.0433214 0.0367248 0.0304896 0.0247403 0.01955 0.014959 0.0109956 0.00768785 0.00505696
 0.00776336 0.0126866 0.0192343 0.0273884 0.0368982 0.0471243 0.0570081 0.065331 0.0711502 0.0740884 0.0742969 0.0722162 0.0683609 0.0632183 0.057219 0.050728 0.044046 0.0374192 0.0310494 0.0250981 0.0196875 0.014905 0.0108119 0.00744764 0.00482311
 0.00778762 0.0127361 0.0193258 0.0275393 0.037117 0.0473974 0.0572916 0.0655557 0.0712426 0.0739991 0.0740225 0.0718053 0.0679017 0.0628137 0.0569565 0.0506544 0.0441545 0.0376533 0.0313239 0.0253275 0.0198128 0.0149087 0.0107154 0.00729543 0.00466227
 0.00779489 0.0127585 0.0193794 0.0276465 0.0373017 0.0476763 0.0576634 0.0659934 0.0716909 0.074382 0.0742605 0.0718399 0.0677185 0.0624525 0.0565016 0.0502063 0.0437959 0.0374242 0.0312141 0.0252905 0.019792 0.0148621 0.0106292 0.00718151 0.0045444
 0.00780172 0.0127725 0.0194063 0.0276953 0.0373842 0.0478063 0.0578539 0.0662512 0.0720112 0.0747409 0.0746135 0.0721267 0.0678783 0.0624447 0.0563235 0.049898 0.0434277 0.0370701 0.0309256 0.0250831 0.0196495 0.0147551 0.0105338 0.00708862 0.00445798
 0.00782622 0.0128166 0.0194806 0.0278115 0.0375525 0.0480303 0.0581268 0.0665564 0.072326 0.0750429 0.0748821 0.0723419 0.0680167 0.0624808 0.056237 0.0496861 0.043113 0.0366986 0.0305523 0.0247526 0.0193841 0.0145539 0.0103836 0.00697519 0.00437222
 0.00780153 0.0127622 0.0193736 0.0276257 0.0372692 0.047654 0.0576959 0.0661403 0.0720055 0.0748838 0.0749159 0.0725598 0.0683766 0.0629199 0.0566855 0.0500811 0.0434116 0.036886 0.0306411 0.0247728 0.0193678 0.0145247 0.0103529 0.00694638 0.00434624
 0.00790415 0.0129144 0.0195742 0.0278603 0.0375098 0.0478614 0.0578259 0.0661549 0.0718886 0.0746538 0.0746253 0.0722789 0.0681678 0.0628157 0.056682 0.0501453 0.0434977 0.0369531 0.0306658 0.0247527 0.0193161 0.0144599 0.0102903 0.0068945 0.00430727
 0.00788012 0.0128735 0.0195093 0.0277639 0.0373754 0.0476864 0.0576137 0.0659149 0.071635 0.0744043 0.0744016 0.0721077 0.0680788 0.0628344 0.0568184 0.0503861 0.0438068 0.037282 0.0309681 0.024997 0.0194913 0.0145717 0.0103537 0.00692578 0.00431998
 0.00795033 0.0129756 0.0196403 0.0279121 0.0375228 0.047812 0.0576975 0.0659404 0.0715912 0.0742883 0.0742206 0.0718796 0.0678315 0.0626025 0.0566369 0.0502814 0.0437882 0.0373378 0.0310704 0.0251124 0.0195925 0.0146448 0.0103973 0.0069467 0.00432697
 0.00791331 0.012915 0.0195482 0.0277813 0.0373481 0.0475934 0.0574429 0.0656672 0.0713245 0.0740555 0.0740456 0.0717777 0.067807 0.062651 0.0567497 0.0504497 0.0440038 0.0375895 0.0313407 0.025378 0.0198294 0.0148357 0.0105358 0.00703703 0.00437989
 0.00789425 0.0128783 0.0194827 0.0276733 0.0371852 0.0473701 0.0571658 0.065356 0.0710085 0.0737672 0.0738141 0.071625 0.0677455 0.0626825 0.0568664 0.0506372 0.0442443 0.0378643 0.0316305 0.0256626 0.0200886 0.0150527 0.0107016 0.0071518 0.00445155
 0.00786363 0.0128342 0.0194261 0.0276073 0.0371124 0.0472887 0.0570683 0.0652323 0.0708516 0.0735802 0.0736126 0.0714341 0.0675931 0.0625916 0.0568504 0.0506981 0.0443738 0.0380472 0.031847 0.0258911 0.0203081 0.0152452 0.0108554 0.00726319 0.00452428
 0.00769427 0.0125986 0.0191449 0.0273247 0.0368828 0.0471569 0.057052 0.0653167 0.0709978 0.0737395 0.0737418 0.0715065 0.0676045 0.0625585 0.0568022 0.0506658 0.0443805 0.0381026 0.0319478 0.0260237 0.020454 0.0153856 0.0109756 0.00735524 0.00458735
 0.00773687 0.0126328 0.0191346 0.0272216 0.0366484 0.0467909 0.0566104 0.0649003 0.0707117 0.0736459 0.0738354 0.0717252 0.0678644 0.0627909 0.0569736 0.0507776 0.0444559 0.0381696 0.0320267 0.0261216 0.0205657 0.0154992 0.0110779 0.00743716 0.00464574
 0.00786379 0.0127973 0.0193031 0.027333 0.0366258 0.046565 0.0561457 0.0642155 0.0698873 0.0728133 0.0731448 0.0712986 0.0677551 0.0629704 0.057354 0.0512544 0.0449448 0.0386227 0.0324273 0.0264691 0.020863 0.0157464 0.0112737 0.00758195 0.00474421
 0.0086386 0.0139084 0.0206982 0.0288633 0.0380807 0.0477317 0.0568616 0.0643928 0.0695159 0.071957 0.0719346 0.0699156 0.0663944 0.0617956 0.0564598 0.050655 0.0445926 0.0384436 0.0323527 0.0264518 0.0208765 0.0157764 0.0113107 0.0076182 0.00477432
 0.00934411 0.0150502 0.0223961 0.031196 0.0410351 0.0511424 0.0603769 0.0675176 0.0717434 0.0729341 0.0715698 0.0683775 0.0640229 0.0589867 0.053573 0.0479592 0.0422472 0.0365086 0.0308173 0.0252696 0.0199918 0.0151371 0.0108699 0.00733213 0.00460159
 0.00931103 0.0150829 0.0226065 0.0317452 0.042096 0.0528341 0.0626968 0.0703012 0.0746727 0.0755938 0.0735411 0.0693457 0.0638641 0.0577956 0.0516191 0.0455943 0.0398074 0.0342469 0.0288808 0.0237119 0.0188024 0.014272 0.0102719 0.0069422 0.00436413
 0.00899147 0.0145992 0.0219518 0.0309545 0.041259 0.0521031 0.0622785 0.0704169 0.0754831 0.0771147 0.0755957 0.0715906 0.0658854 0.0592361 0.052282 0.0454827 0.0390912 0.033181 0.0277165 0.0226354 0.0179157 0.0136046 0.00980704 0.00664098 0.00418281
 0.00886378 0.014374 0.0215823 0.0303923 0.0404736 0.0511112 0.0611705 0.0693628 0.0747059 0.076834 0.0759588 0.0726131 0.0674238 0.0610123 0.0539598 0.0467722 0.0398342 0.0333804 0.027502 0.0221919 0.0174129 0.0131561 0.00946395 0.00640803 0.00404008
 0.00871322 0.0141544 0.0212965 0.0300538 0.040096 0.0506956 0.0607021 0.0688263 0.0741138 0.0762533 0.0755145 0.0724564 0.0676737 0.0616948 0.0549781 0.047927 0.0408918 0.0341562 0.0279181 0.0222828 0.0172854 0.0129321 0.00923715 0.00622795 0.00391893
 0.0086336 0.0140282 0.0211138 0.0298105 0.0397976 0.0503602 0.060359 0.0685071 0.0738385 0.0760228 0.0753197 0.0723029 0.0676018 0.0617731 0.0552664 0.04843 0.0415366 0.0348135 0.0284557 0.0226204 0.017417 0.0129111 0.00913864 0.00611487 0.00382671
 0.00860754 0.0139892 0.0210612 0.029745 0.03972 0.0502702 0.0602553 0.0683891 0.0737088 0.0758871 0.0751844 0.0721732 0.0674852 0.0616879 0.0552455 0.0485104 0.0417358 0.035108 0.0287826 0.0229035 0.0176022 0.0129866 0.00912998 0.00606343 0.00376796
 0.00859254 0.0139747 0.0210573 0.0297664 0.0397812 0.0503777 0.0604015 0.0685513 0.0738544 0.0759836 0.0752086 0.0721167 0.0673559 0.0615082 0.0550485 0.0483355 0.0416191 0.0350697 0.0288167 0.0229785 0.0176767 0.0130292 0.00913187 0.00603548 0.00372883
 0.00867422 0.014089 0.0211957 0.0299112 0.0399124 0.0504831 0.060483 0.0686217 0.073927 0.0760599 0.0752741 0.0721465 0.0673269 0.06141 0.0548896 0.0481409 0.041423 0.0349048 0.0287029 0.022917 0.0176518 0.0130188 0.00911902 0.00601441 0.00370304
 0.00879136 0.0142624 0.0214241 0.0301801 0.0401954 0.0507467 0.0606925 0.068749 0.0739593 0.0760055 0.0751593 0.0720034 0.0671786 0.0612632 0.0547389 0.0479797 0.0412536 0.0347396 0.0285588 0.0228065 0.0175769 0.0129719 0.00908854 0.00599126 0.00368328
 0.00879148 0.0142625 0.0214239 0.0301786 0.0401904 0.050734 0.0606664 0.0687038 0.0738924 0.0759208 0.0750692 0.0719269 0.0671346 0.0612631 0.0547805 0.0480486 0.0413301 0.0348081 0.0286129 0.0228477 0.0176098 0.0129991 0.00910969 0.00600521 0.00369011
 0.00873286 0.0141637 0.0212693 0.0299537 0.0398874 0.0503597 0.0602479 0.0682868 0.0735302 0.0756595 0.0749359 0.0719272 0.0672574 0.0614869 0.0550785 0.0483909 0.0416858 0.0351486 0.0289159 0.0231006 0.0178093 0.0131485 0.0092155 0.00607527 0.00373268
 0.00882938 0.0142975 0.0214276 0.0301085 0.0400018 0.0503981 0.060187 0.0681216 0.0732757 0.075348 0.0746112 0.0716354 0.0670362 0.0613583 0.055047 0.0484457 0.0418059 0.0353081 0.0290888 0.023265 0.0179507 0.0132599 0.00929661 0.00612977 0.00376627
 0.00884684 0.0143288 0.0214789 0.0301844 0.0401003 0.0505055 0.0602749 0.0681534 0.0732192 0.075191 0.0743698 0.0713495 0.0667572 0.0611328 0.0549058 0.0483994 0.0418468 0.0354153 0.0292353 0.0234239 0.0180999 0.0133852 0.00939194 0.00619585 0.003808
 0.00885375 0.0143436 0.0215077 0.0302354 0.0401817 0.0506217 0.0604225 0.0683172 0.0733722 0.0752985 0.0743989 0.0712814 0.0665961 0.0609078 0.0546612 0.0481808 0.0416871 0.0353281 0.0292155 0.0234538 0.0181571 0.0134498 0.0094499 0.00624036 0.00383805
 0.00889211 0.014446 0.0217341 0.0306606 0.0408701 0.05159 0.06161 0.0695857 0.0745408 0.0761957 0.0749054 0.0713496 0.0662471 0.0602166 0.0537375 0.0471474 0.0406587 0.0343938 0.0284298 0.0228369 0.0177021 0.0131333 0.00924198 0.00611151 0.00376302
 0.008769 0.014217 0.0213416 0.0300486 0.0400159 0.050545 0.0605216 0.0686726 0.0740191 0.0761913 0.0754041 0.0722115 0.0672698 0.0612072 0.0545627 0.0477497 0.041046 0.0346149 0.0285464 0.0229018 0.017749 0.0131763 0.00928275 0.00614659 0.00378953
 0.00911342 0.0147865 0.0222093 0.0312695 0.0415935 0.0523907 0.0624358 0.0703777 0.0752478 0.0767855 0.0753631 0.0716604 0.0663801 0.0601246 0.0533788 0.0465153 0.0397996 0.033402 0.0274216 0.0219179 0.016943 0.012561 0.00884646 0.00586017 0.003616
 0.00860597 0.014006 0.0211235 0.0298936 0.0400031 0.0507304 0.0609121 0.0692233 0.0746531 0.0768302 0.0759905 0.072714 0.0676724 0.061493 0.0547042 0.0477143 0.0408147 0.0342016 0.0280045 0.0223113 0.0171911 0.0127105 0.00893523 0.00591333 0.00364806
 0.00845494 0.0137265 0.0206424 0.029128 0.0388885 0.0492623 0.0591832 0.0674284 0.0730518 0.0756775 0.075466 0.0728757 0.0684508 0.0627239 0.0561832 0.0492491 0.0422567 0.0354548 0.0290214 0.0230845 0.0177435 0.0130827 0.0091731 0.00605827 0.00373234
 0.0086143 0.013943 0.0208864 0.0293373 0.0389748 0.0491285 0.058747 0.0666494 0.0719578 0.0743813 0.074157 0.0717778 0.0677579 0.0625404 0.0564978 0.0499511 0.0431821 0.0364379 0.0299322 0.0238445 0.0183237 0.0134914 0.00944021 0.00622099 0.00382505
 0.0086499 0.0140519 0.0211402 0.0298221 0.0397543 0.050192 0.0599715 0.0678083 0.0727848 0.0746617 0.0738037 0.0708593 0.0664729 0.0611533 0.0552593 0.0490314 0.042639 0.0362283 0.029953 0.0239816 0.0184872 0.0136296 0.00953528 0.00627656 0.00385308
 0.00899737 0.0145444 0.0217512 0.0304915 0.0404178 0.0508195 0.0605849 0.068456 0.0734837 0.0753457 0.0743209 0.0710295 0.0661749 0.0603895 0.0541624 0.0478122 0.0415077 0.0353279 0.0293329 0.0236117 0.0182962 0.0135431 0.00949844 0.00625879 0.00384182
#obs surv len freq
 nan nan nan nan nan nan nan nan nan nan nan nan nan nan nan nan nan nan nan nan nan nan nan nan nan
 0.00448757 0.00735027 0.0111815 0.0159988 0.0216998 0.0279751 0.0342884 0.0400185 0.0446968 0.0481592 0.0505156 0.0520101 0.052901 0.0534123 0.0537257 0.0539799 0.054258 0.0545504 0.0546889 0.0542808 0.0527189 0.0493514 0.0438017 0.0362825 0.027667
 0.00461988 0.00756751 0.0115121 0.0164692 0.0223284 0.0287613 0.0352033 0.0410021 0.0456668 0.0490275 0.0512053 0.0524665 0.0530969 0.0533476 0.0534229 0.0534763 0.0535972 0.0537751 0.0538383 0.0533917 0.0518305 0.0485069 0.0430461 0.035654 0.0271867
 0.0047791 0.00782964 0.0119127 0.0170437 0.0231047 0.0297491 0.0363816 0.0423137 0.0470234 0.0503245 0.0523373 0.0533409 0.0536441 0.0535279 0.0532297 0.0529334 0.0527512 0.0526867 0.0525745 0.0520236 0.0504339 0.0471629 0.0418355 0.0346434 0.0264129
 0.0049754 0.00814849 0.0123923 0.0177199 0.0240051 0.0308831 0.0377293 0.0438206 0.0486053 0.0518801 0.0537607 0.0545308 0.0545107 0.0539992 0.0532596 0.0525073 0.0518886 0.0514383 0.0510176 0.0502569 0.0485741 0.0453385 0.040173 0.0332462 0.0253391
 0.00518785 0.00849816 0.0129264 0.0184846 0.0250365 0.0321922 0.0392877 0.0455567 0.0504157 0.05365 0.0553818 0.0559082 0.0555622 0.0546537 0.0534576 0.0522074 0.0510753 0.0501312 0.0492776 0.0481888 0.0463232 0.0430783 0.0380813 0.0314709 0.0239665
 0.00541494 0.00886942 0.0134893 0.0192855 0.0261125 0.0335583 0.0409222 0.0473943 0.052355 0.055571 0.057164 0.057444 0.0567617 0.0554446 0.0537821 0.0520196 0.0503441 0.0488509 0.0474828 0.0459699 0.0438317 0.0405161 0.0356683 0.0293977 0.0223503
 0.00565583 0.00926275 0.0140845 0.02013 0.0272429 0.0349864 0.0426213 0.0492937 0.0543502 0.0575428 0.0589969 0.059035 0.0580231 0.056303 0.054177 0.0519016 0.0496756 0.0476128 0.0456912 0.0436964 0.0412199 0.0377769 0.0330468 0.0271173 0.020556
 0.00589417 0.0096543 0.0146814 0.0209833 0.0283927 0.0364465 0.0443628 0.05124 0.0563884 0.059546 0.0608454 0.0606274 0.0592781 0.0571565 0.0545767 0.0518027 0.0490401 0.0464154 0.0439351 0.0414373 0.0385877 0.0349782 0.0303346 0.0247324 0.0186629
 0.00613567 0.010052 0.0152893 0.021855 0.029571 0.0379463 0.0461546 0.0532434 0.0584834 0.0615963 0.0627213 0.06222 0.0605045 0.0579578 0.0549126 0.0516433 0.0483604 0.0451967 0.042179 0.0391902 0.0359659 0.0321767 0.0276019 0.0223128 0.0167299
 0.00638306 0.0104554 0.0158988 0.0227185 0.0307254 0.039404 0.0478882 0.0551795 0.0605113 0.0635876 0.0645496 0.0637747 0.0616978 0.0587266 0.0552158 0.0514562 0.0476676 0.0439905 0.0404675 0.0370182 0.0334398 0.0294759 0.0249597 0.0199638 0.0148446
 0.00660692 0.0108248 0.0164648 0.0235315 0.0318249 0.0408024 0.0495545 0.0570349 0.0624419 0.0654673 0.066261 0.0652201 0.0628007 0.0594302 0.055481 0.0512583 0.0469926 0.0428348 0.0388442 0.0349732 0.0310724 0.0269503 0.022489 0.0177637 0.0130746
 0.00682486 0.0111813 0.0170056 0.0243008 0.0328573 0.0421092 0.0511098 0.0587696 0.0642514 0.0672312 0.0678624 0.0665596 0.0638033 0.0600456 0.0556793 0.0510242 0.04632 0.0417259 0.0373153 0.0330698 0.0288869 0.0246311 0.0202272 0.0157523 0.0114562
 0.00705585 0.0115589 0.0175773 0.0251113 0.0339382 0.0434645 0.0527012 0.0605127 0.0660293 0.0689179 0.069345 0.0677497 0.0646394 0.060491 0.0557181 0.0506551 0.045551 0.0405712 0.0358 0.0312415 0.0268318 0.022482 0.0181518 0.0139186 0.00998667
 0.00727428 0.0119191 0.0181284 0.0259011 0.0350024 0.0448099 0.0542888 0.0622539 0.0677984 0.0705784 0.0707742 0.0688547 0.0653613 0.0608034 0.05562 0.0501625 0.0446887 0.0393689 0.0342942 0.0294851 0.0249069 0.0205065 0.0162703 0.0122724 0.0086764
 0.0074441 0.0121994 0.0185582 0.02652 0.0358429 0.0458855 0.0555808 0.0637045 0.0693168 0.0720552 0.0720984 0.0699279 0.0661085 0.0611782 0.0556058 0.0497677 0.0439394 0.0383014 0.032954 0.0279307 0.0232182 0.0187896 0.0146486 0.0108633 0.00756089
 0.00753002 0.0123394 0.0187706 0.0268236 0.0362569 0.0464258 0.0562555 0.0645091 0.0702303 0.0730387 0.0730959 0.070869 0.0669153 0.061776 0.0559334 0.0497861 0.0436352 0.0376857 0.0320598 0.0268119 0.0219509 0.0174708 0.013387 0.00975943 0.00668369
 0.00760684 0.0124609 0.0189472 0.0270633 0.0365641 0.0468009 0.0566939 0.0650013 0.0707647 0.0736037 0.0736794 0.0714536 0.067472 0.0622615 0.0562937 0.0499657 0.0435887 0.0373883 0.0315135 0.0260485 0.0210312 0.0164789 0.0124183 0.00890198 0.00599794
 0.00767346 0.012562 0.0190858 0.0272378 0.0367695 0.0470308 0.0569419 0.065262 0.0710348 0.0738826 0.0739694 0.0717576 0.0677886 0.0625788 0.0565851 0.0501901 0.0436972 0.0373357 0.0312719 0.0256183 0.0204455 0.0158001 0.0117253 0.00827128 0.0054847
 0.00773402 0.0126542 0.0192127 0.0273976 0.0369554 0.0472318 0.0571439 0.0654505 0.0711986 0.0740182 0.0740831 0.0718629 0.0679005 0.0627069 0.0567272 0.0503289 0.0438009 0.0373641 0.0311874 0.0253998 0.0200988 0.0153607 0.0112501 0.00782206 0.00510972
 0.00779159 0.0127419 0.0193336 0.02755 0.0371331 0.0474242 0.0573372 0.0656283 0.071345 0.0741228 0.0741437 0.0718869 0.0679027 0.0627045 0.0567339 0.0503488 0.0438242 0.0373682 0.0311422 0.0252792 0.0198924 0.0150816 0.0109325 0.00750987 0.00484155
 0.00782476 0.0127962 0.0194158 0.0276656 0.0372844 0.0476073 0.0575397 0.0658303 0.0715235 0.0742581 0.0742249 0.0719133 0.0678829 0.062653 0.0566676 0.050282 0.043764 0.0373105 0.0310729 0.0251794 0.0197485 0.0148935 0.0107167 0.00729351 0.00465172
 0.00788383 0.0128824 0.0195274 0.0277953 0.0374221 0.0477444 0.0576714 0.0659548 0.0716391 0.0743596 0.0743033 0.071959 0.0678892 0.0626201 0.0566025 0.0501967 0.0436706 0.0372164 0.0309779 0.0250765 0.0196292 0.0147544 0.010564 0.00714188 0.00451796
 0.00788399 0.0128854 0.0195365 0.0278145 0.0374536 0.0477865 0.0577175 0.0659959 0.0716688 0.0743782 0.0743181 0.0719789 0.0679191 0.0626572 0.056639 0.0502244 0.0436846 0.0372156 0.0309623 0.0250449 0.0195793 0.0146857 0.0104806 0.0070534 0.00443598
 0.00786857 0.0128569 0.0194878 0.0277381 0.0373453 0.0476496 0.0575657 0.0658512 0.0715544 0.0743113 0.074305 0.0720171 0.0680009 0.0627726 0.0567765 0.0503706 0.0438258 0.0373397 0.031061 0.0251134 0.0196161 0.0146925 0.0104629 0.00701991 0.0043971
 0.00790434 0.0129059 0.0195445 0.0277908 0.0373786 0.0476489 0.0575216 0.0657632 0.071432 0.0741728 0.0741738 0.0719151 0.0679429 0.0627633 0.0568114 0.0504388 0.0439134 0.0374325 0.0311461 0.0251812 0.019661 0.0147134 0.010463 0.00700557 0.00437602
 0.00789958 0.0128997 0.0195376 0.0277839 0.0373706 0.0476355 0.0574948 0.0657132 0.0713523 0.0740646 0.0740491 0.071794 0.0678483 0.0627136 0.0568151 0.0504934 0.0440072 0.0375487 0.0312668 0.025291 0.0197492 0.0147751 0.0104988 0.00702065 0.00437749
 0.00790021 0.0128984 0.0195313 0.027769 0.0373442 0.0475968 0.0574465 0.0656604 0.0712989 0.0740117 0.0739943 0.0717359 0.0677898 0.0626638 0.0567866 0.050497 0.0440469 0.0376198 0.0313577 0.0253868 0.0198362 0.0148439 0.0105461 0.007048 0.0043899
 0.00790248 0.0128951 0.0195137 0.0277248 0.0372616 0.04747 0.0572804 0.0654716 0.0711119 0.0738518 0.0738805 0.0716769 0.0677837 0.062702 0.0568589 0.0505953 0.044166 0.0377548 0.0315016 0.0255294 0.019966 0.0149516 0.0106266 0.00710171 0.00442156
 0.0078913 0.0128809 0.0194992 0.0277136 0.0372551 0.0474644 0.0572653 0.0654327 0.0710385 0.0737437 0.0737511 0.0715486 0.06768 0.0626392 0.0568426 0.0506221 0.0442275 0.0378415 0.0316039 0.0256377 0.0200706 0.0150433 0.0106993 0.00715348 0.00445433
 0.00785485 0.012821 0.0194084 0.0275862 0.0370901 0.0472692 0.0570569 0.0652354 0.0708757 0.0736295 0.0736874 0.0715292 0.0676976 0.0626905 0.0569274 0.0507397 0.0443736 0.0380072 0.0317778 0.0258077 0.0202258 0.0151752 0.0108029 0.00722792 0.00450291
 0.00782597 0.0127716 0.0193297 0.0274687 0.0369262 0.0470568 0.0568043 0.0649621 0.0706107 0.0734047 0.0735299 0.0714545 0.0677071 0.0627735 0.0570673 0.0509197 0.0445793 0.0382265 0.031999 0.0260191 0.0204163 0.015336 0.0109289 0.007319 0.00456305
 0.00779103 0.0127146 0.0192436 0.0273467 0.036763 0.046851 0.0565603 0.0646924 0.070335 0.073148 0.073319 0.0713135 0.067653 0.0628119 0.0571915 0.0511127 0.0448186 0.0384893 0.0322652 0.0262721 0.0206426 0.015526 0.0110777 0.00742669 0.00463453
 0.00775701 0.0126565 0.0191512 0.0272092 0.0365723 0.0466054 0.0562692 0.0643761 0.070021 0.072865 0.0730917 0.0711606 0.0675867 0.0628384 0.0573091 0.0513112 0.0450797 0.0387891 0.0325779 0.0265736 0.0209138 0.0157538 0.0112558 0.00755551 0.00472013
 0.00774901 0.0126394 0.0191176 0.0271492 0.036475 0.0464625 0.0560782 0.0641428 0.0697599 0.0725973 0.0728426 0.0709551 0.0674459 0.0627766 0.0573325 0.0514179 0.0452595 0.0390243 0.0328455 0.0268486 0.0211725 0.015978 0.0114349 0.00768698 0.00480846
 0.00936661 0.0149104 0.0218723 0.0300074 0.0389553 0.0481583 0.0567964 0.0639317 0.0688316 0.0712147 0.0712362 0.0692931 0.0658396 0.0612969 0.0560233 0.0503033 0.0443479 0.0383106 0.0323131 0.0264724 0.0209225 0.015823 0.0113461 0.00764065 0.0047868
 0.00931887 0.0151359 0.022747 0.0320011 0.0424299 0.0530929 0.0626122 0.0695846 0.0731825 0.0734756 0.0712283 0.0673931 0.0627104 0.0576018 0.0522611 0.0467785 0.0412154 0.0356334 0.030103 0.0247116 0.0195743 0.0148368 0.0106621 0.00719435 0.00451525
 0.00897824 0.014594 0.021976 0.0310422 0.0414509 0.0524307 0.062736 0.070932 0.075903 0.0772374 0.0752534 0.0707535 0.0647152 0.0580366 0.0513653 0.0450348 0.0391181 0.0335508 0.0282492 0.0231798 0.0183816 0.0139585 0.0100519 0.00679684 0.00427412
 0.00878897 0.014277 0.0214822 0.0303226 0.0404748 0.0512184 0.0614023 0.0697167 0.0751551 0.0773215 0.076391 0.0728694 0.0673962 0.0606644 0.0533667 0.0461001 0.0392667 0.0330363 0.0273982 0.0222649 0.0175707 0.0133231 0.00959881 0.00649964 0.0040944
 0.00872187 0.0141618 0.0212963 0.0300385 0.0400624 0.050652 0.0606731 0.0688497 0.0742295 0.076486 0.0758572 0.0728598 0.0680494 0.0619384 0.055009 0.0477291 0.0405275 0.033739 0.0275588 0.0220442 0.0171701 0.0129039 0.00925146 0.00625247 0.00393845
 0.00870648 0.0141314 0.0212402 0.0299421 0.0399084 0.0504235 0.0603566 0.0684387 0.0737287 0.0759203 0.0752836 0.0723775 0.067791 0.0620295 0.055505 0.0485637 0.0415156 0.0346467 0.0282026 0.0223579 0.0172039 0.0127702 0.00906193 0.0060805 0.00381402
 0.00867521 0.0140843 0.0211759 0.0298607 0.03981 0.0503058 0.0602141 0.0682629 0.0735108 0.0756551 0.0749759 0.0720496 0.0674896 0.061826 0.0554791 0.0487691 0.0419432 0.0352113 0.0287713 0.0228073 0.0174707 0.0128638 0.0090397 0.00600859 0.00373975
 0.00866815 0.0140698 0.0211488 0.0298147 0.0397403 0.0502115 0.0600997 0.068137 0.0733814 0.075525 0.0748408 0.0719031 0.0673321 0.0616738 0.0553678 0.0487456 0.0420447 0.0354415 0.0290887 0.0231386 0.0177433 0.0130371 0.00911498 0.00601597 0.00371564
 0.00867655 0.0140834 0.0211686 0.0298409 0.0397706 0.0502407 0.0601192 0.0681368 0.0733533 0.0754658 0.074753 0.071792 0.0672042 0.0615367 0.0552344 0.0486376 0.0419895 0.0354613 0.0291862 0.0232903 0.0179077 0.0131739 0.00920211 0.00605431 0.00372096
 0.00866639 0.014071 0.0211575 0.0298368 0.0397797 0.0502669 0.0601615 0.0681885 0.0734031 0.0755007 0.0747618 0.0717685 0.067148 0.0614532 0.0551342 0.0485352 0.0419032 0.0354097 0.0291818 0.0233327 0.0179815 0.0132548 0.00926855 0.00609584 0.00373918
 0.00865284 0.0140494 0.0211262 0.0297953 0.0397301 0.0502142 0.0601146 0.0681579 0.0733973 0.0755218 0.0748036 0.0718182 0.0671907 0.0614773 0.0551346 0.048515 0.0418722 0.0353818 0.0291704 0.0233456 0.0180171 0.0133032 0.00931634 0.00613274 0.0037616
 0.00864361 0.0140329 0.0210988 0.029753 0.0396697 0.0501356 0.0600226 0.0680626 0.0733127 0.075462 0.0747792 0.0718322 0.0672377 0.0615448 0.0552074 0.0485799 0.0419227 0.035419 0.0292008 0.0233769 0.0180538 0.0133443 0.00935653 0.00616615 0.00378492
 0.00863538 0.0140208 0.0210828 0.0297335 0.0396467 0.0501083 0.059989 0.0680206 0.0732621 0.0754066 0.0747265 0.0717924 0.0672197 0.0615527 0.0552385 0.0486261 0.0419739 0.0354669 0.0292421 0.0234126 0.0180865 0.0133757 0.00938589 0.00619112 0.00380353
 0.00863148 0.0140153 0.021076 0.0297263 0.0396403 0.0501037 0.0599864 0.0680189 0.0732589 0.0753984 0.0747107 0.0717688 0.0671915 0.0615264 0.0552211 0.048622 0.0419828 0.0354853 0.029265 0.0234361 0.018109 0.0133967 0.00940505 0.00620756 0.00381628
 0.00860848 0.0139806 0.0210288 0.029668 0.0395742 0.050035 0.0599212 0.0679642 0.0732206 0.0753802 0.0747125 0.0717867 0.0672201 0.0615607 0.0552582 0.0486614 0.0420251 0.0355303 0.029311 0.0234805 0.0181491 0.0134309 0.00943255 0.00622848 0.00383112
 0.00860848 0.0139806 0.0210288 0.029668 0.0395742 0.050035 0.0599212 0.0679642 0.0732206 0.0753802 0.0747125 0.0717867 0.0672201 0.0615607 0.0552582 0.0486614 0.0420251 0.0355303 0.029311 0.0234805 0.0181491 0.0134309 0.00943255 0.00622848 0.00383112
 0.00892229 0.0144706 0.0217266 0.0305839 0.0406889 0.0512907 0.061216 0.0691591 0.0741666 0.0759563 0.0748567 0.0715061 0.0665794 0.0606599 0.0542088 0.0475671 0.0409701 0.0345741 0.0284889 0.0228073 0.0176241 0.0130421 0.00916082 0.0060506 0.00372298
 0.0086006 0.0140001 0.0211176 0.0298841 0.0399759 0.0506552 0.0607455 0.0689236 0.0742051 0.0762642 0.0753821 0.0721601 0.0672601 0.0612784 0.0547081 0.0479273 0.0412018 0.0347057 0.0285538 0.0228342 0.017633 0.0130445 0.00916204 0.00605215 0.00372482
 0.00907176 0.0146946 0.0220299 0.0309629 0.0411386 0.0518124 0.0618188 0.0698491 0.0749288 0.0767399 0.0755748 0.0720541 0.0668643 0.0606269 0.0538555 0.0469417 0.0401567 0.0336727 0.0275955 0.021998 0.0169471 0.0125168 0.00878265 0.00579849 0.00356801
 0.00854191 0.0139195 0.0210234 0.029793 0.0399082 0.0506287 0.0607724 0.0690137 0.0743723 0.076527 0.0757534 0.0726291 0.0677785 0.0617648 0.0550707 0.0480959 0.041151 0.0344598 0.028174 0.0223967 0.0172075 0.0126798 0.00888125 0.00585642 0.00360094
 0.00838175 0.013598 0.020433 0.0288123 0.0384525 0.0487171 0.0585736 0.0668273 0.0725384 0.0753146 0.0752888 0.0728963 0.0686656 0.063114 0.0567085 0.0498473 0.0428551 0.0359893 0.0294506 0.0233941 0.0179413 0.0131905 0.00921828 0.00606701 0.00372493
 0.00851346 0.0137968 0.0206978 0.0291164 0.0387317 0.0488645 0.0584526 0.0663152 0.0715922 0.0740222 0.073866 0.0716178 0.0677676 0.0627226 0.0568235 0.050372 0.043643 0.0368854 0.0303223 0.0241495 0.0185353 0.0136188 0.00950353 0.0062433 0.00382627
 0.00874159 0.0141792 0.0212918 0.0299742 0.0398776 0.0502625 0.0599781 0.0677536 0.0726787 0.0745167 0.0736334 0.0706817 0.0663109 0.061031 0.0551936 0.0490263 0.0426847 0.036305 0.0300372 0.0240526 0.0185319 0.013645 0.00952742 0.00625579 0.00382948
 0.00873393 0.0141919 0.0213587 0.0301462 0.0402143 0.0508153 0.0607688 0.0687547 0.0738011 0.0756099 0.074507 0.0711509 0.0662571 0.0604508 0.0542096 0.047847 0.0415323 0.0353454 0.0293447 0.0236167 0.0182917 0.013528 0.0094751 0.00623202 0.0038169
#pred catch len freq
 0.00312834 0.00510444 0.0077507 0.0111263 0.0152766 0.0201795 0.0256868 0.0315225 0.037344 0.0428138 0.0476481 0.0516492 0.0547297 0.0569122 0.0583018 0.0590519 0.0593401 0.0593356 0.0591203 0.0585583 0.0571918 0.0543046 0.0492406 0.0418604 0.0328225
 0.00331635 0.00535981 0.00804384 0.0114031 0.0154792 0.0202753 0.0256864 0.0314706 0.0372877 0.0427701 0.0475948 0.0515487 0.0545675 0.056725 0.0581747 0.0590842 0.0595935 0.0597887 0.0596542 0.0589882 0.057338 0.0540721 0.0486637 0.0410838 0.0320305
 0.00344248 0.00558266 0.00840777 0.0119487 0.0162204 0.0211715 0.0266301 0.0323103 0.0378836 0.0430514 0.0475787 0.0513108 0.0541921 0.0562763 0.0577029 0.0586448 0.0592482 0.0595773 0.0595562 0.0589099 0.0571462 0.0536622 0.0480204 0.0402925 0.0312325
 0.00353335 0.00573736 0.00865664 0.0123325 0.0167898 0.0219799 0.0277117 0.0336485 0.0393821 0.0445313 0.0488192 0.0521214 0.0544797 0.0560661 0.0571078 0.057812 0.0583154 0.0586463 0.0586767 0.0580718 0.0562941 0.0527378 0.0470121 0.0392588 0.0302775
 0.00373337 0.00604256 0.00908038 0.0128785 0.0174591 0.0227792 0.0286585 0.0347649 0.0406782 0.0459791 0.0503275 0.0535297 0.0555865 0.0566894 0.0571488 0.057287 0.0573384 0.0573762 0.0572601 0.0566063 0.0548242 0.0512811 0.0455973 0.0379461 0.0291477
 0.00386628 0.00627632 0.00946398 0.0134662 0.0182957 0.0238794 0.0299904 0.0362536 0.0422296 0.0475108 0.0517818 0.0548596 0.0567257 0.0575326 0.0575659 0.057167 0.0566396 0.0561491 0.0556288 0.0547245 0.0528364 0.0493078 0.0437424 0.0363055 0.0278012
 0.00414799 0.00670571 0.0100603 0.014237 0.0192475 0.0250277 0.0313573 0.0378474 0.0440162 0.0493962 0.0536234 0.0565026 0.058042 0.0584362 0.0579982 0.0570764 0.0559805 0.0549068 0.0538498 0.0525265 0.0503921 0.0468143 0.0413911 0.0342566 0.0261604
 0.00437384 0.007088 0.0106622 0.0151232 0.0204665 0.0265878 0.0332086 0.0398865 0.0461153 0.0514376 0.0555137 0.0581621 0.0593874 0.0593773 0.0584497 0.0569708 0.0552736 0.0535822 0.0519327 0.0501048 0.0476278 0.0439315 0.0386377 0.0318517 0.0242473
 0.00456878 0.00740421 0.0111401 0.0158088 0.0214129 0.0278503 0.0348282 0.0418628 0.0483807 0.0538485 0.0578726 0.0602639 0.0610665 0.0605289 0.0590198 0.056931 0.0546035 0.052271 0.0499975 0.0476188 0.044742 0.0408744 0.0356813 0.0292502 0.0221732
 0.00477831 0.00773943 0.0116355 0.0164959 0.0223187 0.0289943 0.0362179 0.0434894 0.0502163 0.0558414 0.0599372 0.0622734 0.0628602 0.061938 0.0599009 0.0571876 0.0541872 0.051171 0.0482386 0.0452751 0.0419591 0.0378767 0.0327447 0.0266416 0.0200813
 0.00499585 0.00809316 0.0121686 0.0172502 0.0233285 0.0302763 0.0377587 0.0452396 0.0520959 0.0577549 0.0617898 0.063978 0.0643346 0.0630968 0.06065 0.0574303 0.0538387 0.0501775 0.0465936 0.0430364 0.0392642 0.0349451 0.0298507 0.0240551 0.0179976
 0.00526032 0.00850995 0.0127727 0.0180691 0.0243821 0.0315746 0.0392938 0.0469754 0.053962 0.0596498 0.063594 0.0655746 0.0656276 0.0640191 0.0611564 0.0574816 0.0533903 0.0491838 0.0450299 0.0409305 0.0367245 0.032168 0.0270944 0.0215799 0.0159957
 0.00549145 0.00889268 0.0133615 0.0189184 0.0255352 0.0330455 0.0410501 0.0489331 0.055999 0.0616301 0.0653898 0.0670786 0.0667581 0.0647218 0.0614031 0.0572619 0.0527001 0.0480171 0.0433853 0.038836 0.0342685 0.0295171 0.0244767 0.0192323 0.0140965
 0.0057055 0.00924539 0.0139027 0.0197013 0.0266106 0.0344488 0.0427823 0.0509436 0.058179 0.0638212 0.0674091 0.0687529 0.0679569 0.0653752 0.0614987 0.0568258 0.0517733 0.0466395 0.0415944 0.0366824 0.031842 0.0269651 0.021996 0.0170273 0.012321
 0.00596088 0.00965108 0.014497 0.0205177 0.0276767 0.0357824 0.044382 0.0527771 0.0601737 0.0658635 0.0693515 0.0704317 0.069219 0.0661058 0.0616401 0.0563793 0.0507849 0.0451781 0.0397373 0.034515 0.0294715 0.0245341 0.0196777 0.014994 0.010698
 0.00621557 0.0100565 0.0150912 0.0213308 0.0287268 0.0370682 0.0458754 0.0544192 0.0618821 0.0675443 0.070909 0.0717725 0.070252 0.0667463 0.06182 0.0560598 0.0499654 0.0438962 0.0380623 0.0325418 0.0273197 0.0223475 0.017615 0.0132028 0.00927969
