SBPRF35
7.78865
Curr Bio
627052
B35
694743
F35
0.226598
FOFL
0.200827
OFL
94525.7
Bzero
2.22533e+06
#pred survey bio
 4.88873e+06 4.52859e+06 4.21052e+06 3.87469e+06 3.52914e+06 3.13377e+06 2.802e+06 2.47781e+06 2.18077e+06 1.94127e+06 1.70139e+06 1.51409e+06 1.32282e+06 1.17072e+06 1.0456e+06 936646 871318 805449 738593 711057 693762 658696 641727 624549 615972 605935 593420 589111 581797 584102 582952 580500 572316 566974 554804 539329 534327 521081 518190 524532 531343 536732 537796 538375 541573 547397 553465 551361 555501 553762 556321 570630 593557 618853 629430 627860 2.17124e+07 1.32225e+07 1.35593e+07 1.41113e+07 1.47524e+07 1.53678e+07 1.58992e+07 1.6329e+07 1.66623e+07 1.69136e+07 1.70999e+07 1.72366e+07 1.73365e+07 1.74095e+07 1.74629e+07 1.75022e+07 1.75312e+07 1.75528e+07 1.75689e+07 1.75811e+07 1.75902e+07 1.75971e+07 1.76024e+07 1.76064e+07 1.76095e+07 1.76119e+07 1.76137e+07 1.76151e+07 1.76161e+07 1.7617e+07 1.76176e+07 1.76181e+07 1.76185e+07 1.76188e+07 1.7619e+07 1.76192e+07 1.76193e+07 1.76194e+07 1.76195e+07 1.76196e+07 1.76196e+07 1.76196e+07 1.76197e+07 1.76197e+07 1.76197e+07 1.76197e+07 1.76197e+07 1.76197e+07 1.76198e+07 1.76198e+07 1.76198e+07 1.76198e+07 1.76198e+07 1.76198e+07 1.76198e+07 1.76198e+07 1.76198e+07 1.76198e+07 1.76198e+07 1.76198e+07 1.76198e+07 1.76198e+07 1.76198e+07 1.76198e+07 1.76198e+07 1.76198e+07 1.76198e+07 1.76198e+07 1.76198e+07 1.76198e+07 1.76198e+07 1.76198e+07 1.76198e+07 1.76198e+07 1.76198e+07 1.76198e+07 1.76198e+07 1.76198e+07 1.76198e+07 1.76198e+07 1.76198e+07 1.76198e+07 1.76198e+07 1.76198e+07 1.76198e+07 1.76198e+07 1.76198e+07 1.76198e+07 1.76198e+07 1.76198e+07 1.76198e+07 1.76198e+07 1.76198e+07 1.76198e+07 1.76198e+07 1.76198e+07 1.76198e+07 1.76198e+07 1.76198e+07 1.76198e+07 0 0 0 0 0 0 0 0 0 0 0 0 0 0 0 0 0 0 0 0 0 0 0 0 0
#obs survey bio
 4.73133e+06 6.72898e+06 3.34416e+06 4.15869e+06 2.63285e+06 3.20356e+06 2.45415e+06 1.63355e+06 1.70419e+06 1.38983e+06 1.38061e+06 1.2514e+06 1.27279e+06 1.0466e+06 514258 900232 797585 567830 1.17266e+06 993783 819248 655589 478926 477861 724335 574249 533668 885949 612406 664726 637055 512954 537319 781693 509885 623234 549439 484315 472780 483696 574092 567914 529792 555040 575080 448652 765461 589327 595433 495929 582337 656217 570687 706487 631761 459556
#pred catch bio
 106969 99248.8 150547 196234 281666 263229 293362 303099 280814 305060 275803 290214 261306 240582 227769 190091 188592 184429 145424 132728 144186 126104 124474 115628 115014 114385 104384 104045 94022.6 95504.7 94652 97049.5 91788.2 94381.3 94075.8 84817 95235.2 90235.8 84369.2 84611.1 86162.1 90057.1 90372.8 87865.4 85298.9 84644.5 90997.3 86263.7 93205.8 92120.6 85067.1 80502.8 80689 94750.8 107032 114318 94525.7 106322 107917 111150 115473 119741 123369 126203 128297 129784 130809 131500 131958 132256 132450 132573 132652 132702 132733 132753 132765 132773 132778 132781 132783 132784 132784 132785 132785 132785 132785 132786 132786 132786 132786 132786 132786 132786 132786 132786 132786 132786 132786 132786 132786 132786 132786 132786 132786 132786 132786 132786 132786 132786 132786 132786 132786 132786 132786 132786 132786 132786 132786 132786 132786 132786 132786 132786 132786 132786 132786 132786 132786 132786 132786 132786 132786 132786 132786 132786 132786 132786 132786 132786 132786 132786 132786 132786 132786 132786 132786 132786 132786 132786 132786 132786 132786 132786 132786 132786 0 0 0 0 0 0 0 0 0 0 0 0 0 0 0 0 0 0 0 0 0 0 0 0 0
#obs catch bio
 0 98834.1 150848 196354 283791 264311 295836 307410 285005 313001 283019 299388 268113 245782 234194 193852 192182 189151 146972 133499 144683 127035 125807 116672 116117 115595 105357 104117 94138.6 95810.1 94840.5 97436.9 91880.5 94170.6 94047.3 84670.8 95273.2 90472.8 84053.5 84074.4 85329 89613 90037.7 87627.8 84853.6 84237.4 89923.9 85179.5 92415.9 92027 85111.4 80597.1 80676.9 94659.8 106520 114382
#pred cpue bio
 4.80621e+06 4.44991e+06 4.13434e+06 3.79985e+06 3.45639e+06 3.06352e+06 2.73335e+06 2.41073e+06 2.11506e+06 1.87657e+06 1.63861e+06 1.45327e+06 1.26518e+06 1.11602e+06 993306 886471 822687 759128 695206 669663 653791 620122 603725 587258 579195 569962 558506 555130 548690 551198 550428 548564 541211 536695 525608 511033 505477 490833 486927 493274 500299 505594 506554 507146 510419 516293 522444 520491 524062 521583 523265 536663 558804 583418 593503 591084 2.04022e+07 1.24234e+07 1.27048e+07 1.3184e+07 1.37981e+07 1.44072e+07 1.49374e+07 1.5367e+07 1.57002e+07 1.59516e+07 1.61378e+07 1.62745e+07 1.63744e+07 1.64474e+07 1.65009e+07 1.65401e+07 1.65692e+07 1.65908e+07 1.66069e+07 1.6619e+07 1.66281e+07 1.66351e+07 1.66404e+07 1.66444e+07 1.66475e+07 1.66498e+07 1.66516e+07 1.6653e+07 1.66541e+07 1.66549e+07 1.66555e+07 1.6656e+07 1.66564e+07 1.66567e+07 1.66569e+07 1.66571e+07 1.66573e+07 1.66574e+07 1.66574e+07 1.66575e+07 1.66576e+07 1.66576e+07 1.66576e+07 1.66576e+07 1.66577e+07 1.66577e+07 1.66577e+07 1.66577e+07 1.66577e+07 1.66577e+07 1.66577e+07 1.66577e+07 1.66577e+07 1.66577e+07 1.66577e+07 1.66577e+07 1.66577e+07 1.66577e+07 1.66577e+07 1.66577e+07 1.66577e+07 1.66577e+07 1.66577e+07 1.66577e+07 1.66577e+07 1.66577e+07 1.66577e+07 1.66577e+07 1.66577e+07 1.66577e+07 1.66577e+07 1.66577e+07 1.66577e+07 1.66577e+07 1.66577e+07 1.66577e+07 1.66577e+07 1.66577e+07 1.66577e+07 1.66577e+07 1.66577e+07 1.66577e+07 1.66577e+07 1.66577e+07 1.66577e+07 1.66577e+07 1.66577e+07 1.66577e+07 1.66577e+07 1.66577e+07 1.66577e+07 1.66577e+07 1.66577e+07 1.66577e+07 1.66577e+07 1.66577e+07 1.66577e+07 1.66577e+07 1.66577e+07 1.66577e+07 0 0 0 0 0 0 0 0 0 0 0 0 0 0 0 0 0 0 0 0 0 0 0 0 0
#obs cpue bio
 4.15542e+06 4.27918e+06 2.72671e+06 3.35466e+06 3.06907e+06 2.38259e+06 2.44841e+06 1.97138e+06 1.7469e+06 1.3176e+06 1.17825e+06 1.33954e+06 1.18306e+06 1.1944e+06 1.09561e+06 823307 821033 635140 580082 538681 741439 365540 620053 667800 430707 512968 509285 714870 425251 436282 516600 551038 636920 545202 520777 417891 535654 411844 844657 729466 670062 372301 502343 479260 631249 638642 830551 550536 431646 346677 423773 422310 598461 629744 813839 558788
#pred surv len freq
 0.00443515 0.00720278 0.0108496 0.0153743 0.0207001 0.0266031 0.0326746 0.0384068 0.0433701 0.047345 0.0503244 0.0524315 0.0538379 0.0547145 0.0552036 0.0554086 0.0553978 0.0552056 0.0547932 0.0539634 0.0522915 0.0491884 0.0441646 0.0371941 0.0289194
 0.0047981 0.00770641 0.011452 0.0159942 0.0212538 0.0270557 0.0330681 0.0388374 0.0439217 0.0480213 0.0510268 0.0529997 0.0541279 0.054667 0.0548673 0.0549108 0.0548814 0.0547616 0.05442 0.053574 0.0517677 0.0484556 0.0432434 0.0361961 0.0279918
 0.00492645 0.0079631 0.0119207 0.0167655 0.0223838 0.0285136 0.0347089 0.0404356 0.0452614 0.0489865 0.0516275 0.0533166 0.0542272 0.0545544 0.0545099 0.0542944 0.0540474 0.0537934 0.0533943 0.0525189 0.0506631 0.0472756 0.0420074 0.0349852 0.026919
 0.0051102 0.0082437 0.0123147 0.0172905 0.0230717 0.0294195 0.0358986 0.0419436 0.047037 0.050867 0.0533715 0.0546892 0.0550826 0.0548626 0.0543211 0.0536844 0.0530888 0.0525574 0.0519564 0.0509515 0.0490257 0.0456209 0.0404005 0.0335141 0.0256771
 0.00534338 0.00861636 0.0128626 0.0180407 0.024036 0.0305889 0.0372415 0.0434148 0.0485926 0.052469 0.0549691 0.0561884 0.056337 0.0557059 0.0546239 0.0533956 0.0522385 0.0512297 0.0502599 0.0490014 0.0469391 0.043518 0.0384053 0.0317473 0.0242348
 0.00567308 0.00914119 0.0136321 0.0190942 0.0253973 0.0322551 0.0391704 0.0455177 0.0507438 0.0545308 0.0568197 0.0577367 0.0575167 0.0564551 0.0548713 0.0530693 0.051294 0.0496775 0.0481749 0.0465146 0.0442211 0.0407626 0.0358109 0.0294888 0.0224314
 0.00600334 0.00966411 0.0143937 0.02013 0.0267285 0.0338825 0.0410638 0.0476092 0.0529297 0.0566839 0.0588062 0.0594327 0.0588207 0.0572934 0.0551919 0.0528306 0.0504605 0.0482324 0.0461448 0.0439925 0.0413725 0.0378109 0.0330007 0.0270379 0.0204835
 0.00635341 0.0102273 0.0152303 0.0212922 0.0282509 0.0357672 0.0432648 0.050026 0.0554204 0.0590902 0.0609776 0.0612407 0.0601649 0.0581016 0.055418 0.0524486 0.0494575 0.0466088 0.0439279 0.0412615 0.0382814 0.0345882 0.0299159 0.0243412 0.0183432
 0.00670541 0.0107915 0.0160652 0.022449 0.0297671 0.0376545 0.0454925 0.0525105 0.0580276 0.0616532 0.0633208 0.0632038 0.0616202 0.0589633 0.0556405 0.0520165 0.0483746 0.0448928 0.0416185 0.0384416 0.0351009 0.0312713 0.0267345 0.0215546 0.0161295
 0.00693863 0.0111783 0.0166623 0.0233157 0.0309555 0.0391933 0.0473691 0.0546615 0.0603448 0.0639996 0.065548 0.065165 0.0631812 0.0600135 0.0561008 0.0518419 0.047551 0.0434327 0.0395639 0.0358769 0.0321718 0.028191 0.0237616 0.018938 0.0140439
 0.0071755 0.0115688 0.0172609 0.0241793 0.0321351 0.0407192 0.0492329 0.0568037 0.0626559 0.0663342 0.0677452 0.0670696 0.0646613 0.0609704 0.0564716 0.0515949 0.0466801 0.0419551 0.0375245 0.0333616 0.029323 0.0252128 0.0208982 0.0164237 0.0120425
 0.00729999 0.0117807 0.0175988 0.0246884 0.0328623 0.0417026 0.050489 0.0583169 0.0643748 0.0681741 0.0695941 0.0687987 0.0661386 0.0620765 0.0571116 0.0517052 0.0462281 0.0409387 0.0359747 0.0313519 0.026981 0.0227219 0.0184774 0.0142832 0.0103306
 0.00753623 0.0121564 0.0181493 0.0254429 0.0338408 0.0429107 0.0519092 0.0599026 0.0660512 0.0698468 0.0711611 0.0701611 0.0672091 0.0627842 0.0574042 0.0515478 0.0456032 0.0398474 0.0344431 0.0294425 0.0248038 0.0204366 0.0162752 0.0123468 0.00878783
 0.00787229 0.0126691 0.0188586 0.0263464 0.0349177 0.0441283 0.0532259 0.061267 0.067403 0.0711213 0.0722951 0.0710972 0.0678979 0.0631853 0.057486 0.0512875 0.0449865 0.0388711 0.0331223 0.027822 0.0229695 0.018518 0.0144295 0.0107256 0.00749691
 0.00811437 0.0130696 0.0194722 0.027223 0.0360858 0.0455721 0.0548676 0.062971 0.0690078 0.0724836 0.073323 0.0717569 0.0681985 0.0631566 0.057161 0.0506924 0.0441385 0.0377822 0.0318084 0.0263159 0.021334 0.0168504 0.0128509 0.00935295 0.00641124
 0.0082729 0.0133351 0.0198875 0.0278353 0.0369402 0.0466972 0.0562566 0.0645658 0.0706937 0.0741022 0.0747017 0.0727481 0.068715 0.0631862 0.0567548 0.0499346 0.0431156 0.036564 0.0304466 0.0248557 0.0198295 0.0153744 0.0114907 0.00819189 0.00550441
 0.00825784 0.0133176 0.0198757 0.0278458 0.0369999 0.046844 0.0565365 0.0650241 0.0713602 0.0749719 0.0757207 0.0738136 0.0696939 0.063948 0.0572049 0.0500341 0.0428787 0.0360405 0.0297007 0.0239536 0.0188386 0.014367 0.0105425 0.0073716 0.00485788
 0.00815017 0.0131768 0.0197271 0.0277344 0.0369786 0.0469554 0.0567984 0.0654278 0.0718808 0.0755814 0.0763928 0.0745184 0.0703878 0.0645688 0.0576789 0.0502938 0.042883 0.0357855 0.0292182 0.0233001 0.0180839 0.0135848 0.00980314 0.00673326 0.00435668
 0.00822554 0.0132745 0.0198304 0.027818 0.0370229 0.0469649 0.0568108 0.0655038 0.0720758 0.075916 0.0768422 0.0750252 0.0708869 0.0650058 0.0580137 0.0504949 0.0429242 0.0356505 0.0289094 0.0228439 0.0175284 0.012991 0.00923351 0.006239 0.00396879
 0.00831566 0.0133838 0.0199252 0.0278419 0.0369094 0.0466609 0.056302 0.0648308 0.0713355 0.0752447 0.0763817 0.0748803 0.0710914 0.0655141 0.0587207 0.0512718 0.043651 0.0362366 0.0293019 0.0230292 0.0175281 0.0128534 0.00901954 0.00600732 0.00376311
 0.00841945 0.0135389 0.0201309 0.0280823 0.0371499 0.046847 0.0563641 0.0647004 0.070972 0.0746639 0.0756685 0.0741731 0.070541 0.0652339 0.0587512 0.0515737 0.044126 0.0367639 0.0297738 0.0233743 0.0177198 0.0129049 0.0089702 0.00590558 0.00365128
 0.00855929 0.0137726 0.0204929 0.0286047 0.0378496 0.0477081 0.0573213 0.065637 0.0717388 0.0751173 0.0757121 0.0737906 0.0698065 0.0642941 0.0577818 0.050726 0.0434866 0.0363427 0.0295224 0.0232203 0.0175991 0.0127806 0.00883449 0.00576967 0.00353168
 0.00859047 0.0138159 0.0205462 0.0286655 0.0379218 0.0478079 0.0574781 0.0658813 0.0720819 0.0755306 0.076123 0.0741014 0.0699307 0.0641927 0.0574814 0.0503081 0.0430538 0.035979 0.0292668 0.0230652 0.0175092 0.0127176 0.00877441 0.00570643 0.00347073
 0.00859877 0.0138355 0.0205862 0.0287367 0.0380322 0.0479575 0.057657 0.0660742 0.072277 0.0757257 0.0763212 0.0742968 0.0700966 0.0642847 0.057457 0.0501523 0.0427915 0.0356661 0.0289651 0.0228174 0.0173282 0.0125931 0.00868731 0.00564147 0.00342039
 0.00849032 0.0136742 0.020372 0.028481 0.0377571 0.0476921 0.0574333 0.0659226 0.0722201 0.0757737 0.0764701 0.0745315 0.0703932 0.0646109 0.0577725 0.0504148 0.0429697 0.0357521 0.028976 0.0227848 0.0172823 0.0125517 0.00865556 0.00561733 0.00340109
 0.00839214 0.0135212 0.020155 0.0281976 0.0374144 0.0473097 0.0570449 0.0655734 0.0719587 0.0756391 0.0764816 0.0746849 0.0706646 0.0649639 0.0581648 0.0508036 0.0433165 0.0360291 0.0291718 0.0229055 0.0173462 0.0125801 0.00866507 0.00561808 0.00339807
 0.00828906 0.0133647 0.01994 0.0279268 0.0370971 0.04696 0.0566817 0.0652216 0.071649 0.0754056 0.0763556 0.0746878 0.0708016 0.065221 0.0585115 0.0511987 0.0437164 0.0363949 0.029476 0.0231357 0.0175046 0.0126793 0.0087218 0.00564764 0.00341186
 0.0083224 0.0133837 0.0199044 0.0277801 0.0367842 0.046454 0.0560055 0.0644496 0.0708863 0.074757 0.0759008 0.0744704 0.0708302 0.0654751 0.0589479 0.0517587 0.0443344 0.0370078 0.030032 0.0236005 0.0178638 0.0129362 0.00889199 0.00575198 0.00347093
 0.00840753 0.0135155 0.0200876 0.0280072 0.0370286 0.0466649 0.0561108 0.064374 0.0705832 0.074238 0.0752429 0.0737934 0.0702557 0.0650899 0.0587876 0.0518109 0.0445533 0.0373312 0.0303959 0.0239508 0.0181634 0.0131674 0.00905399 0.00585539 0.00353108
 0.00829233 0.0133511 0.019883 0.0277855 0.0368206 0.0464974 0.0559954 0.0643007 0.0705213 0.0741461 0.0750875 0.0735687 0.0699949 0.0648575 0.0586548 0.0518273 0.0447296 0.037639 0.0307816 0.024354 0.0185329 0.0134705 0.00927865 0.00600642 0.00362325
 0.00819534 0.0131974 0.0196604 0.0274892 0.036458 0.046094 0.0555964 0.0639634 0.070297 0.0740584 0.0751209 0.073676 0.0701208 0.0649656 0.0587425 0.0519223 0.0448694 0.0378484 0.0310587 0.0246716 0.018851 0.0137525 0.00950173 0.00616468 0.00372421
 0.00808777 0.013032 0.0194288 0.0271895 0.0360947 0.0456778 0.0551466 0.0635113 0.0698868 0.0737412 0.0749417 0.0736582 0.0702552 0.0652132 0.0590514 0.0522491 0.0451931 0.0381685 0.0313817 0.0249965 0.0191642 0.0140327 0.00973007 0.00633275 0.00383545
 0.00799141 0.0128853 0.0192269 0.0269346 0.0357956 0.0453483 0.0548041 0.0631762 0.0695807 0.0734854 0.0747566 0.0735623 0.0702627 0.0653277 0.0592611 0.0525275 0.0455081 0.0384928 0.0316986 0.0252975 0.0194421 0.0142777 0.00993197 0.00648521 0.00393965
 0.00787787 0.0127047 0.0189631 0.026577 0.0353431 0.0448145 0.0542216 0.0625954 0.0690606 0.07308 0.0745029 0.0734761 0.0703411 0.0655547 0.0596115 0.0529692 0.046004 0.0390048 0.0321929 0.0257488 0.0198344 0.0146022 0.0101855 0.00667008 0.00406383
 0.0079554 0.0128038 0.0190622 0.0266386 0.0353231 0.0446775 0.0539547 0.0622141 0.0686046 0.072603 0.0740616 0.0731203 0.0701061 0.0654574 0.0596506 0.053129 0.0462586 0.0393222 0.0325395 0.026093 0.0201505 0.0148725 0.0104008 0.00682907 0.00417187
 0.00867714 0.0138372 0.0203566 0.0280547 0.0366667 0.0457586 0.0546378 0.0624383 0.0683782 0.0719882 0.0731583 0.0720494 0.0689899 0.064401 0.0587295 0.0523853 0.0457041 0.0389457 0.0323142 0.0259845 0.0201228 0.014893 0.0104431 0.00687491 0.00421071
 0.00917818 0.014648 0.0215614 0.0297064 0.0387495 0.0481439 0.0570616 0.0645376 0.0697934 0.0724865 0.0727089 0.0708103 0.0672282 0.0624009 0.0567283 0.0505479 0.044125 0.0376625 0.0313242 0.025259 0.0196192 0.0145638 0.010242 0.00676133 0.00415213
 0.00896489 0.0144299 0.0214721 0.0299521 0.0395572 0.0496731 0.0593194 0.0673368 0.0727748 0.0751967 0.0747101 0.071793 0.0670914 0.0612651 0.0548769 0.0483272 0.0418504 0.035564 0.0295345 0.023829 0.0185423 0.0137989 0.00973112 0.00644217 0.00396692
 0.00867168 0.0139617 0.0207931 0.0290611 0.0385189 0.0486501 0.0585758 0.0671833 0.0734539 0.0767557 0.0769385 0.0742707 0.0693274 0.0628587 0.0556295 0.0482658 0.0411719 0.0345386 0.0284158 0.0227995 0.0177005 0.0131726 0.00930295 0.0061722 0.00381012
 0.00859996 0.0138138 0.0205124 0.0285755 0.0377604 0.0475889 0.0572595 0.0657641 0.0721829 0.0759349 0.0768308 0.0749956 0.0707893 0.0647575 0.0575599 0.0498611 0.0422186 0.035013 0.0284395 0.0225567 0.0173612 0.0128519 0.00905496 0.00600615 0.00371158
 0.00865017 0.0138805 0.0205823 0.0286195 0.0377316 0.0474252 0.0568944 0.0651488 0.0713194 0.0749082 0.0758181 0.0742327 0.0704954 0.0650445 0.0583738 0.0509934 0.0433876 0.0359731 0.0290614 0.0228419 0.0174001 0.0127605 0.00892713 0.00589521 0.00363535
 0.00862393 0.0138537 0.0205701 0.0286431 0.037808 0.0475529 0.0570415 0.065252 0.0712993 0.0746968 0.0753925 0.0736409 0.06986 0.064533 0.0581379 0.0511027 0.0437953 0.0365376 0.0296129 0.0232546 0.0176294 0.012834 0.00890672 0.0058397 0.0035816
 0.00858025 0.0137913 0.0204933 0.0285639 0.0377461 0.0475328 0.0570863 0.0653731 0.071484 0.0749005 0.0755451 0.0736702 0.069727 0.0642585 0.057805 0.0508248 0.0436651 0.0365838 0.0297916 0.0234796 0.0178197 0.0129478 0.00894552 0.00583056 0.00355419
 0.00851764 0.0136964 0.0203638 0.0284033 0.0375646 0.0473473 0.0569201 0.0652547 0.0714406 0.0749487 0.0756793 0.0738582 0.0699155 0.0643932 0.0578552 0.0508012 0.0436145 0.0365629 0.0298346 0.0235817 0.0179462 0.0130589 0.00901801 0.00586332 0.00356007
 0.00848339 0.0136345 0.0202595 0.0282406 0.0373313 0.0470435 0.0565651 0.0648875 0.0711128 0.0747115 0.0755707 0.0738929 0.0700804 0.0646495 0.0581496 0.0510836 0.0438559 0.0367612 0.0300058 0.0237418 0.0180981 0.0131927 0.00912119 0.00593068 0.00359628
 0.00839287 0.0134988 0.0200762 0.0280131 0.037066 0.0467457 0.0562383 0.0645382 0.0707576 0.0743822 0.0753116 0.0737499 0.0700857 0.064809 0.0584393 0.0514565 0.0442575 0.0371458 0.0303466 0.02403 0.0183347 0.0133803 0.00926162 0.00602704 0.00365537
 0.00844906 0.0135615 0.0201181 0.0279931 0.0369421 0.0464944 0.0558691 0.0640928 0.0702946 0.0739566 0.0749631 0.0735036 0.0699584 0.0648118 0.0585735 0.0517075 0.0445927 0.0375216 0.0307195 0.024367 0.0186173 0.0136024 0.00942533 0.00613924 0.00372587
 0.00870893 0.0139487 0.0206333 0.0286081 0.0376014 0.0471212 0.0563759 0.0643964 0.0703376 0.0737277 0.0745035 0.0728935 0.0692908 0.0641699 0.0580183 0.0512752 0.0442961 0.0373521 0.0306522 0.0243691 0.018657 0.0136551 0.00947534 0.00617901 0.00375345
 0.00887151 0.0142085 0.0210143 0.0291254 0.0382525 0.0478759 0.0571678 0.0651259 0.0708919 0.0740113 0.0744669 0.0725463 0.0686972 0.0634285 0.0572355 0.0505424 0.0436753 0.0368728 0.0303154 0.0241554 0.0185368 0.0135973 0.00945387 0.0061752 0.00375613
 0.00896292 0.0143684 0.0212757 0.0295257 0.0388242 0.0486312 0.0580828 0.0661325 0.0718827 0.0748579 0.0750457 0.0727663 0.0685231 0.0628909 0.0564235 0.0495795 0.0426883 0.0359651 0.0295523 0.023563 0.0181093 0.0133096 0.0092729 0.00606882 0.00369776
 0.00892274 0.0143193 0.0212331 0.0295174 0.0388878 0.0488071 0.0584043 0.0666153 0.0725142 0.0755895 0.0757928 0.0734209 0.0689777 0.0630671 0.0562945 0.0491773 0.0420933 0.0352816 0.0288802 0.022976 0.0176458 0.0129752 0.00905136 0.00593361 0.00362168
 0.00879196 0.0141147 0.0209416 0.0291363 0.03843 0.0483072 0.0579226 0.0662334 0.0723181 0.075645 0.0761216 0.0739888 0.0696987 0.0638223 0.0569621 0.049664 0.0423571 0.0353363 0.0287819 0.0227976 0.0174524 0.0128095 0.00893085 0.00585707 0.00357867
 0.00867154 0.0139171 0.0206414 0.0287101 0.0378636 0.0476062 0.0571235 0.0654083 0.0715679 0.0750808 0.0758412 0.0740524 0.0701105 0.0645244 0.0578445 0.0505912 0.0432024 0.0360128 0.029257 0.0230882 0.0176049 0.0128769 0.00895558 0.00586522 0.00358223
 0.00868466 0.0139165 0.0205994 0.0285863 0.0376134 0.047196 0.0565461 0.0646915 0.0707737 0.0742979 0.0751721 0.0735968 0.0699455 0.064684 0.0583068 0.0512796 0.0440037 0.0368067 0.0299469 0.0236214 0.0179747 0.0131092 0.00908951 0.00593761 0.00361984
 0.00895404 0.0143169 0.0211305 0.0292181 0.0382886 0.0478369 0.0570633 0.064996 0.0707955 0.0740078 0.0745973 0.0728206 0.0690896 0.0638797 0.0576646 0.0508638 0.0438207 0.0368108 0.0300627 0.0237721 0.0181057 0.0131963 0.00913408 0.00595325 0.00362119
 0.00890654 0.0143066 0.021236 0.0295471 0.0389406 0.048849 0.058367 0.0664152 0.0720936 0.0749593 0.0750498 0.0727252 0.0684993 0.0629266 0.056523 0.0497092 0.0427927 0.0359896 0.0294653 0.0233683 0.0178433 0.0130253 0.00901897 0.00587417 0.00356814
#obs surv len freq
 nan nan nan nan nan nan nan nan nan nan nan nan nan nan nan nan nan nan nan nan nan nan nan nan nan
 0.0044912 0.00735538 0.0111878 0.0160053 0.0217057 0.0279793 0.0342906 0.0400189 0.0446957 0.0481573 0.0505133 0.0520076 0.0528986 0.0534099 0.0537234 0.0539777 0.0542558 0.0545482 0.0546868 0.0542786 0.0527168 0.0493494 0.0437999 0.036281 0.0276659
 0.00460957 0.00755324 0.0114951 0.0164522 0.0223143 0.0287523 0.0351995 0.041002 0.0456679 0.0490281 0.0512049 0.0524658 0.053097 0.0533494 0.0534268 0.0534822 0.0536046 0.0537836 0.0538475 0.0534013 0.05184 0.0485159 0.0430542 0.0356607 0.0271918
 0.00477403 0.00781988 0.0118954 0.0170158 0.0230645 0.0296977 0.0363243 0.0422589 0.0469798 0.0502975 0.0523276 0.0533454 0.0536582 0.0535478 0.0532532 0.0529596 0.0527798 0.0527173 0.0526067 0.0520566 0.0504665 0.0471938 0.0418631 0.0346663 0.0264303
 0.00496071 0.00812589 0.0123606 0.0176784 0.0239536 0.0308214 0.0376577 0.0437411 0.048523 0.0518029 0.0536982 0.0544912 0.0544978 0.0540122 0.0532937 0.0525567 0.051948 0.051504 0.0510873 0.0503285 0.0486451 0.0454057 0.0402331 0.0332961 0.0253772
 0.00518022 0.00848406 0.0129021 0.018446 0.0249802 0.0321171 0.0391969 0.0454566 0.0503146 0.0535558 0.0553007 0.0558455 0.0555226 0.0546411 0.0534736 0.0522503 0.0511406 0.0502131 0.0493703 0.048287 0.0464219 0.0431724 0.0381657 0.0315413 0.0240203
 0.00541535 0.00886836 0.0134844 0.0192731 0.0260881 0.0335176 0.0408623 0.0473153 0.0522602 0.0554671 0.0570604 0.0573505 0.0566872 0.0553956 0.0537627 0.0520314 0.050386 0.0489191 0.0475714 0.0460717 0.0439389 0.040621 0.0357635 0.0294775 0.0224115
 0.00563955 0.00923988 0.0140566 0.0201002 0.0272148 0.0349616 0.0425978 0.0492666 0.0543133 0.0574918 0.0589317 0.0589602 0.0579471 0.0562362 0.054129 0.0518798 0.049684 0.0476518 0.0457574 0.0437836 0.0413193 0.0378789 0.033142 0.0271984 0.0206187
 0.00588395 0.00963713 0.0146547 0.0209452 0.0283429 0.0363879 0.0443017 0.051185 0.0563462 0.0595183 0.0608277 0.0606116 0.0592576 0.0571295 0.0545476 0.0517801 0.0490334 0.0464317 0.0439773 0.0415034 0.038671 0.0350693 0.0304232 0.0248098 0.0187238
 0.00612442 0.0100312 0.0152534 0.0217974 0.0294859 0.0378319 0.0460151 0.0530905 0.0583341 0.061469 0.0626301 0.0621715 0.0604963 0.0579809 0.0549562 0.0516995 0.0484268 0.0452754 0.0422734 0.0393013 0.0360903 0.032306 0.0277253 0.02242 0.0168141
 0.00636288 0.0104241 0.0158543 0.0226592 0.0306502 0.0393115 0.0477773 0.0550513 0.0603704 0.0634439 0.0644174 0.0636701 0.0616338 0.0587095 0.0552435 0.0515204 0.047758 0.0440989 0.0405894 0.037151 0.03358 0.029617 0.0250925 0.0200787 0.0149349
 0.00660872 0.0108263 0.0164644 0.0235269 0.0318135 0.040782 0.0495238 0.0569932 0.0623883 0.0654009 0.0661821 0.0651322 0.062712 0.0593527 0.0554267 0.0512353 0.047003 0.0428753 0.0389089 0.0350556 0.0311663 0.0270486 0.022584 0.0178476 0.0131416
 0.00683129 0.0111931 0.0170255 0.0243317 0.0329008 0.0421638 0.0511694 0.0588243 0.0642901 0.0672444 0.0678449 0.0665113 0.0637285 0.0599528 0.0555805 0.0509327 0.0462479 0.0416807 0.0372993 0.0330803 0.0289181 0.0246756 0.0202769 0.0158 0.0114963
 0.00705004 0.0115499 0.0175648 0.0250956 0.033921 0.0434489 0.0526915 0.0605132 0.0660418 0.0689401 0.0693703 0.067769 0.0646446 0.060478 0.055688 0.0506141 0.0455086 0.0405375 0.0357828 0.0312444 0.0268535 0.0225173 0.0181936 0.0139598 0.0100218
 0.00727862 0.0119234 0.0181301 0.0258961 0.0349868 0.0447817 0.0542498 0.0622098 0.0677577 0.0705493 0.070762 0.0688595 0.0653786 0.0608251 0.0556378 0.0501712 0.0446883 0.0393637 0.0342911 0.0294902 0.0249231 0.020533 0.0163027 0.0123053 0.00870507
 0.00745639 0.0122169 0.01858 0.0265431 0.0358628 0.0458969 0.0555786 0.0636857 0.0692814 0.0720075 0.0720467 0.0698821 0.0660765 0.0611632 0.0556055 0.0497762 0.0439502 0.0383108 0.0329618 0.0279395 0.0232311 0.0188078 0.0146709 0.0108865 0.00758172
 0.0075146 0.0123185 0.0187466 0.026801 0.0362407 0.0464187 0.0562565 0.0645131 0.0702308 0.0730305 0.0730776 0.0708437 0.0668894 0.0617567 0.055926 0.049792 0.0436518 0.0377085 0.0320845 0.0268364 0.0219748 0.0174945 0.0134102 0.00978105 0.00670206
 0.00757378 0.0124057 0.018862 0.0269414 0.0364035 0.0466081 0.0564868 0.0648067 0.0706109 0.0735109 0.0736536 0.0714878 0.0675518 0.0623715 0.0564212 0.0501017 0.0437265 0.0375222 0.0316383 0.0261604 0.0211276 0.0165592 0.0124829 0.00895165 0.00603399
 0.00765671 0.0125327 0.0190378 0.0271639 0.0366629 0.0468876 0.0567644 0.0650612 0.0708299 0.0736992 0.0738329 0.071687 0.0677912 0.0626488 0.0567068 0.0503442 0.0438655 0.0375043 0.031431 0.0257614 0.0205685 0.0159012 0.0118046 0.00833025 0.00552587
 0.0077092 0.012613 0.0191491 0.0273055 0.03683 0.0470716 0.0569531 0.0652394 0.0709829 0.0738173 0.0739169 0.0717501 0.0678558 0.062737 0.056829 0.0504891 0.0439992 0.0375786 0.0313988 0.0255937 0.0202663 0.0154976 0.0113559 0.00789896 0.00516196
 0.00779419 0.0127455 0.0193378 0.0275532 0.0371322 0.0474144 0.0573117 0.06558 0.0712689 0.0740183 0.0740172 0.0717515 0.0677763 0.0626061 0.0566794 0.0503468 0.0438738 0.0374594 0.0312593 0.025405 0.0200125 0.0151858 0.0110158 0.00757146 0.00488359
 0.00780987 0.0127731 0.0193831 0.0276231 0.0372328 0.0475487 0.0574772 0.0657674 0.0714629 0.0742006 0.0741694 0.0718587 0.0678306 0.0626082 0.0566391 0.0502797 0.0437949 0.0373755 0.031166 0.0252888 0.0198605 0.0149958 0.0108013 0.0073572 0.0046955
 0.00784637 0.0128245 0.0194459 0.0276899 0.0372953 0.0476025 0.0575244 0.065816 0.0715225 0.0742766 0.0742594 0.0719529 0.0679147 0.0626686 0.0566669 0.0502735 0.0437597 0.0373187 0.0310926 0.0251987 0.0197503 0.014865 0.0106563 0.00721215 0.00456659
 0.00788175 0.0128793 0.0195231 0.0277889 0.0374115 0.0477255 0.0576395 0.0659071 0.0715781 0.0742952 0.0742509 0.0719328 0.0678962 0.0626565 0.0566576 0.0502586 0.0437317 0.0372742 0.0310314 0.0251223 0.0196605 0.014764 0.0105496 0.00710828 0.00447534
 0.00787142 0.0128606 0.0194916 0.0277404 0.0373432 0.0476394 0.0575433 0.0658134 0.0715006 0.0742445 0.0742325 0.0719481 0.0679445 0.0627353 0.056761 0.0503762 0.0438496 0.0373783 0.0311109 0.0251713 0.0196779 0.0147534 0.0105178 0.00706483 0.00443018
 0.00789308 0.0128888 0.0195208 0.0277608 0.0373432 0.0476094 0.0574797 0.0657203 0.0713895 0.0741316 0.0741347 0.0718798 0.0679143 0.0627456 0.0568081 0.0504523 0.0439434 0.0374767 0.0312007 0.0252419 0.0197231 0.0147725 0.0105151 0.00704765 0.00440692
 0.00788691 0.0128793 0.0195074 0.0277423 0.0373175 0.0475725 0.0574262 0.0656456 0.0712927 0.0740189 0.0740197 0.0717805 0.0678483 0.0627247 0.0568359 0.0505238 0.0440472 0.0375979 0.0313234 0.0253519 0.0198103 0.0148322 0.0105484 0.00706022 0.00440633
 0.00790363 0.0129019 0.019533 0.0277654 0.0373317 0.0475727 0.0574102 0.0656138 0.0712465 0.0739591 0.0739476 0.0716998 0.0677667 0.0626543 0.0567894 0.0505105 0.0440696 0.0376507 0.0313956 0.0254298 0.0198814 0.0148879 0.0105853 0.00707995 0.00441355
 0.00788366 0.0128714 0.0194905 0.0277109 0.0372655 0.0474958 0.0573244 0.0655223 0.071155 0.0738755 0.07388 0.0716543 0.0677465 0.062659 0.0568179 0.0505618 0.0441428 0.037743 0.0315007 0.0255383 0.0199824 0.0149722 0.0106481 0.00712114 0.00443699
 0.00787239 0.0128503 0.019454 0.0276526 0.0371807 0.0473842 0.0571926 0.0653833 0.0710246 0.0737675 0.0738034 0.0716129 0.0677399 0.0626848 0.056872 0.0506395 0.044239 0.0378525 0.0316177 0.0256556 0.0200918 0.015066 0.0107212 0.0071724 0.00446902
 0.00784605 0.0128051 0.0193816 0.0275439 0.0370286 0.0471873 0.0569584 0.0651301 0.0707785 0.0735572 0.0736533 0.0715387 0.0677459 0.0627643 0.0570106 0.0508194 0.0444426 0.0380645 0.0318256 0.025849 0.0202624 0.0152075 0.0108304 0.00724987 0.00451905
 0.00785068 0.0128074 0.0193751 0.027519 0.036974 0.0470937 0.056822 0.0649544 0.0705751 0.0733444 0.0734543 0.0713773 0.0676424 0.062731 0.0570494 0.0509218 0.044593 0.0382441 0.0320159 0.0260342 0.0204299 0.0153488 0.010941 0.00732966 0.00457163
 0.00779534 0.0127246 0.0192639 0.0273826 0.0368183 0.0469244 0.0566437 0.064771 0.070392 0.0731702 0.0733013 0.0712604 0.0675762 0.0627272 0.0571133 0.051051 0.0447767 0.0384651 0.0322535 0.0262679 0.0206424 0.0155282 0.0110813 0.00743086 0.00463853
 0.00778546 0.0127011 0.0192153 0.027295 0.0366803 0.0467346 0.0564148 0.0645288 0.0701663 0.0729843 0.0731662 0.0711765 0.0675398 0.062736 0.0571682 0.0511534 0.044925 0.0386517 0.0324647 0.0264857 0.0208487 0.0157077 0.0112249 0.00753628 0.00470916
 0.00775638 0.0126563 0.019152 0.027211 0.0365731 0.0466003 0.0562498 0.0643332 0.0699485 0.0727633 0.0729685 0.0710284 0.0674587 0.0627269 0.0572256 0.0512669 0.0450835 0.0388442 0.0326788 0.0267067 0.0210602 0.0158949 0.0113772 0.00764963 0.00478604
 0.00933915 0.0148703 0.0218208 0.0299496 0.0389006 0.0481189 0.0567858 0.0639617 0.0689081 0.0713338 0.0713838 0.0694477 0.0659781 0.0613998 0.0560785 0.0503073 0.0443062 0.0382358 0.0322213 0.0263794 0.0208401 0.0157575 0.0112987 0.00760935 0.00476785
 0.00932739 0.0151435 0.022747 0.0319843 0.042388 0.0530233 0.0625224 0.0694919 0.0731093 0.0734423 0.0712463 0.0674614 0.0628164 0.057725 0.0523788 0.0468715 0.0412725 0.0356524 0.0300899 0.0246778 0.0195321 0.0147963 0.010629 0.00717083 0.00450034
 0.0089637 0.0145744 0.0219533 0.0310199 0.0414315 0.0524131 0.0627145 0.0708989 0.0758541 0.077177 0.0751953 0.0707162 0.0647138 0.0580759 0.0514381 0.0451248 0.0392061 0.0336213 0.028294 0.023199 0.0183814 0.0139474 0.0100375 0.00678394 0.00426479
 0.00879923 0.0142907 0.0214973 0.0303361 0.0404837 0.0512214 0.0614009 0.0697135 0.0751509 0.0773139 0.0763758 0.0728444 0.0673651 0.0606367 0.0533524 0.0461049 0.0392882 0.0330658 0.027425 0.0222814 0.0175747 0.0133171 0.00958776 0.00648806 0.00408505
 0.00872946 0.0141735 0.0213127 0.0300593 0.0400861 0.0506755 0.0606922 0.0688601 0.0742286 0.0764741 0.0758369 0.0728345 0.0680221 0.0619114 0.0549853 0.0477127 0.0405215 0.0337436 0.0275702 0.0220566 0.0171786 0.0129063 0.00924871 0.00624708 0.00393286
 0.00871587 0.0141469 0.0212636 0.0299751 0.0399518 0.050476 0.0604144 0.068495 0.0737754 0.0759496 0.0752909 0.0723622 0.0677565 0.0619818 0.0554512 0.0485106 0.0414686 0.0346096 0.0281762 0.0223405 0.0171923 0.0127613 0.00905385 0.00607302 0.00380769
 0.00868755 0.0141044 0.0212061 0.0299031 0.0398657 0.0503743 0.0602921 0.0683442 0.0735869 0.0757169 0.0750152 0.0720609 0.0674714 0.061781 0.0554137 0.0486922 0.0418639 0.0351377 0.0287086 0.0227577 0.0174336 0.012837 0.00902051 0.005995 0.00373039
 0.00869679 0.0141136 0.0212095 0.0298921 0.0398321 0.0503137 0.0602067 0.0682415 0.0734749 0.0755989 0.074888 0.0719187 0.0673139 0.061623 0.0552891 0.0486466 0.0419353 0.035332 0.028988 0.0230528 0.0176751 0.0129862 0.00907905 0.0059919 0.00370034
 0.00867565 0.0140868 0.0211827 0.029874 0.0398306 0.0503305 0.0602342 0.0682647 0.0734778 0.0755715 0.0748294 0.0718341 0.0672111 0.0615101 0.0551782 0.0485571 0.0418922 0.035356 0.0290823 0.0231959 0.0178286 0.0131124 0.00915763 0.00602437 0.0037022
 0.0086721 0.0140784 0.0211656 0.0298446 0.0397874 0.0502777 0.0601821 0.0682266 0.0734636 0.0755813 0.0748523 0.0718541 0.0672141 0.06149 0.0551381 0.0485081 0.0418507 0.0353396 0.0291031 0.0232542 0.0179106 0.0131964 0.00922442 0.00606529 0.00371977
 0.00865241 0.0140487 0.0211251 0.0297936 0.0397271 0.0502093 0.0601077 0.0681503 0.0733929 0.0755266 0.0748238 0.0718564 0.0672434 0.0615354 0.0551861 0.0485494 0.0418838 0.0353706 0.0291409 0.0233049 0.0179731 0.0132623 0.00928277 0.00610807 0.00374528
 0.0086545 0.0140494 0.0211211 0.0297805 0.0397008 0.0501681 0.0600534 0.0680884 0.0733305 0.0754702 0.0747788 0.0718269 0.0672324 0.0615434 0.0552102 0.0485836 0.0419215 0.0354078 0.0291779 0.0233441 0.018016 0.0133069 0.00932425 0.00614139 0.00376796
 0.00863666 0.0140254 0.0210942 0.029756 0.0396843 0.0501618 0.0600547 0.0680902 0.0733252 0.0754537 0.0747522 0.0717956 0.0672038 0.0615238 0.0552034 0.0485901 0.0419391 0.0354328 0.029207 0.0233755 0.0180485 0.0133393 0.00935423 0.00616634 0.00378614
 0.00865134 0.0140443 0.0211136 0.0297702 0.0396879 0.0501532 0.0600376 0.0680723 0.0733137 0.0754506 0.0747534 0.0717941 0.0671941 0.0615053 0.05518 0.0485679 0.0419231 0.0354256 0.0292085 0.0233842 0.0180622 0.0133559 0.00937128 0.00618165 0.00379814
 0.00864652 0.0140395 0.0211117 0.0297751 0.0397021 0.0501757 0.0600627 0.0680916 0.07332 0.0754425 0.074735 0.0717725 0.0671745 0.0614891 0.055166 0.0485549 0.0419115 0.0354173 0.0292053 0.0233867 0.0180698 0.0133667 0.0093833 0.0061929 0.00380725
 0.00864652 0.0140395 0.0211117 0.0297751 0.0397021 0.0501757 0.0600627 0.0680916 0.07332 0.0754425 0.074735 0.0717725 0.0671745 0.0614891 0.055166 0.0485549 0.0419115 0.0354173 0.0292053 0.0233867 0.0180698 0.0133667 0.0093833 0.0061929 0.00380725
 0.00853422 0.0138637 0.0208608 0.0294452 0.0393008 0.0497255 0.0596029 0.0676743 0.0729984 0.075256 0.0746998 0.0718805 0.0674002 0.0617984 0.0555228 0.0489261 0.0422701 0.0357442 0.0294896 0.0236238 0.0182598 0.0135126 0.00948975 0.0062661 0.00385419
 0.00845128 0.0137215 0.0206338 0.0291074 0.0388341 0.0491327 0.0589182 0.0669643 0.0723495 0.0747528 0.0744047 0.0718219 0.067571 0.0621621 0.0560245 0.0495045 0.0428682 0.0363156 0.0300019 0.0240582 0.0186093 0.0137792 0.00968176 0.00639587 0.00393584
 0.00844029 0.0136979 0.020587 0.0290218 0.0386906 0.0489119 0.0586065 0.0665613 0.0718744 0.0742478 0.0739312 0.0714479 0.0673541 0.0621341 0.0561842 0.0498204 0.0432894 0.0367849 0.0304673 0.0244806 0.0189646 0.0140578 0.00988567 0.00653473 0.00402343
 0.00849707 0.0137906 0.0207262 0.0292147 0.0389354 0.0491914 0.0588836 0.0667815 0.0719787 0.0741919 0.073702 0.071072 0.0668921 0.0616651 0.0557844 0.0495434 0.0431553 0.0367814 0.0305596 0.0246258 0.0191238 0.0142033 0.0100026 0.00661926 0.00407879
 0.00863294 0.0140116 0.021058 0.0296785 0.0395404 0.0499238 0.0596964 0.0675933 0.0726863 0.074692 0.073916 0.0709631 0.0664747 0.0610024 0.0549749 0.0486989 0.0423751 0.0361329 0.0300709 0.0242902 0.0189132 0.0140822 0.00993874 0.00658834 0.00406514
#pred catch len freq
 0.00331455 0.00530805 0.00787315 0.0110125 0.0147529 0.0191171 0.0240597 0.0294318 0.0349988 0.040485 0.0456148 0.0501517 0.0539354 0.0568978 0.0590538 0.0604781 0.0612838 0.0615864 0.0614284 0.0606624 0.0588654 0.0554099 0.0497665 0.0419178 0.0325943
 0.00360416 0.00571391 0.00836746 0.0115385 0.0152532 0.0195718 0.0245054 0.0299413 0.0356271 0.0412152 0.0463428 0.0507243 0.0542198 0.0568447 0.0587192 0.0599958 0.0608015 0.0611959 0.0611209 0.0603357 0.0583832 0.054685 0.0488182 0.0408681 0.0316069
 0.00373353 0.0059509 0.00876892 0.0121621 0.0161308 0.0206765 0.0257374 0.0311532 0.0366859 0.0420591 0.0469876 0.0512135 0.0545612 0.056989 0.0585973 0.0595801 0.0601374 0.0603787 0.0602372 0.0594146 0.0573965 0.0535957 0.0476384 0.0396806 0.0305338
 0.00391735 0.00623197 0.00916401 0.0126885 0.0168186 0.0215773 0.0269118 0.0326321 0.03842 0.0438947 0.0486994 0.052583 0.055452 0.0573675 0.0584982 0.0590581 0.059248 0.0591852 0.0588159 0.0578427 0.0557373 0.0519027 0.0459784 0.0381468 0.0292284
 0.00416541 0.00662054 0.00972137 0.0134314 0.0177519 0.0226944 0.0281985 0.0340719 0.0399991 0.0455932 0.0504632 0.0542941 0.0569279 0.0584064 0.0589449 0.0588496 0.0584136 0.0578153 0.0570292 0.0557662 0.0534998 0.0496365 0.0438197 0.0362284 0.0276574
 0.00446218 0.00708664 0.0103938 0.0143374 0.0189091 0.0241085 0.0298553 0.0359278 0.0419783 0.047597 0.0523863 0.0560363 0.0583927 0.0594886 0.0595261 0.0588163 0.0576929 0.056406 0.0550091 0.0532789 0.0507331 0.0468016 0.0411311 0.0338751 0.0257698
 0.00479649 0.00760815 0.0111393 0.0153311 0.0201645 0.0256299 0.0316326 0.0379268 0.0441324 0.0498053 0.0545213 0.0579595 0.0599733 0.0606171 0.0601153 0.058794 0.0569999 0.0550112 0.0529365 0.0506311 0.0476961 0.0436258 0.0380904 0.0312133 0.0236486
 0.00515397 0.00817219 0.0119576 0.0164399 0.0215872 0.0273726 0.0336751 0.0402132 0.0465692 0.0522686 0.0568681 0.0600415 0.0616508 0.061772 0.0606587 0.0586658 0.0561639 0.0534543 0.0506829 0.0477681 0.0443971 0.040149 0.0347399 0.0282715 0.0213067
 0.00549927 0.00871677 0.0127479 0.0175137 0.0229738 0.0290907 0.0357223 0.0425518 0.0491153 0.0548911 0.0594007 0.062304 0.063475 0.0630224 0.0612417 0.0585269 0.0552795 0.0518273 0.0483495 0.0448191 0.0410023 0.0365636 0.031273 0.0252189 0.0188733
 0.00579566 0.00919053 0.0134474 0.0184826 0.0242487 0.0306947 0.0376535 0.0447727 0.0515472 0.0574174 0.061874 0.0645587 0.0653436 0.0643556 0.0619245 0.0584867 0.0544848 0.050283 0.0460993 0.0419593 0.0377018 0.0330705 0.027888 0.0222317 0.0164881
 0.00604636 0.00959382 0.0140484 0.0193258 0.0253763 0.0321406 0.0394311 0.0468593 0.053874 0.0598679 0.0642936 0.0667736 0.0671846 0.0656777 0.0626194 0.0584852 0.0537549 0.0488287 0.0439646 0.039241 0.034565 0.029753 0.0246747 0.0193965 0.0142239
 0.00625569 0.00992925 0.0145457 0.0200197 0.0262994 0.0333203 0.0408811 0.0485693 0.0558008 0.0619317 0.0663797 0.0687411 0.0688821 0.0669625 0.0633741 0.0586277 0.0532403 0.0476496 0.0421548 0.0368858 0.0318148 0.0268242 0.0218261 0.0168765 0.0122078
 0.00650903 0.0103258 0.0151155 0.0207842 0.0272734 0.0345123 0.0422884 0.0501695 0.0575452 0.0637428 0.0681563 0.070368 0.0702428 0.0679518 0.0639061 0.05864 0.052696 0.0465401 0.0405058 0.0347692 0.0293605 0.0242215 0.0193017 0.0146474 0.0104267
 0.00685948 0.0108571 0.0158445 0.0217042 0.0283614 0.0357392 0.0436246 0.0515821 0.0589916 0.0651676 0.0694923 0.0715407 0.0711775 0.0685803 0.0641718 0.0585003 0.0521235 0.0455248 0.0390631 0.032952 0.0272715 0.0220155 0.0171667 0.0127645 0.00892348
 0.00714537 0.0113148 0.0165191 0.0226305 0.0295542 0.0371806 0.0452524 0.0532901 0.0606488 0.0666482 0.0707001 0.0724185 0.0717021 0.0687507 0.0639977 0.0579938 0.051295 0.0443848 0.0376303 0.0312672 0.0254118 0.0200991 0.0153396 0.0111683 0.00765702
 0.00727572 0.0115323 0.016859 0.0231341 0.0302668 0.0381427 0.0464834 0.0547686 0.0622967 0.0683293 0.0722415 0.0736503 0.0725009 0.0690653 0.063846 0.0574366 0.0504056 0.0432282 0.03626 0.0297355 0.0237853 0.0184686 0.013814 0.00985216 0.00662131
 0.00731256 0.0115933 0.0169543 0.0232781 0.030481 0.0384573 0.0469363 0.0553976 0.0631254 0.0693487 0.0733941 0.0748281 0.0735623 0.0698689 0.0642881 0.0574739 0.0500549 0.0425468 0.0353221 0.0286183 0.0225684 0.0172377 0.0126594 0.00885556 0.00583706
 0.00725781 0.0115295 0.0169049 0.023281 0.0305788 0.0386835 0.0473033 0.0558961 0.0637329 0.0700401 0.0741451 0.075608 0.074323 0.0705398 0.0647846 0.0577187 0.0500009 0.0421904 0.0347013 0.0278005 0.0216362 0.0162788 0.0117573 0.00807906 0.00522866
 0.0072352 0.0114822 0.0168168 0.0231371 0.0303774 0.0384501 0.0470973 0.0557987 0.0638186 0.0703451 0.0746533 0.0762605 0.0750418 0.0712473 0.0654106 0.0582001 0.0502839 0.04224 0.0345119 0.0274009 0.0210852 0.0156528 0.0111355 0.0075278 0.00478984
 0.00727667 0.011522 0.0168246 0.0230651 0.03017 0.0380634 0.0465207 0.055073 0.0630405 0.069654 0.0741979 0.0761533 0.0753204 0.071863 0.0662482 0.0591154 0.0511401 0.0429312 0.0349747 0.0276175 0.0210805 0.0154841 0.0108756 0.00724717 0.00454097
 0.00743224 0.0117538 0.0171319 0.0234268 0.0305424 0.0383804 0.0467008 0.0550345 0.0627302 0.0690778 0.0734378 0.0753554 0.0746533 0.0714634 0.066177 0.0593442 0.0515699 0.0434317 0.0354255 0.027937 0.0212367 0.0154909 0.0107774 0.00709887 0.00439022
 0.00752696 0.0119137 0.0173828 0.0237948 0.0310451 0.0390139 0.0474251 0.0557669 0.0633536 0.069466 0.0734923 0.0750425 0.074026 0.0706529 0.0653521 0.0586541 0.0510976 0.0431786 0.0353307 0.0279151 0.0212152 0.0154311 0.0106762 0.00697586 0.00427113
 0.0075691 0.0119748 0.0174626 0.0238926 0.0311654 0.0391723 0.0476477 0.0560797 0.0637614 0.0699336 0.07394 0.0753657 0.0741326 0.0705028 0.0649776 0.0581497 0.0505819 0.0427487 0.0350308 0.027735 0.021112 0.0153588 0.0106061 0.00690098 0.00419837
