SBPRF35
7.78865
Curr Bio
541261
B35
692548
F35
0.210045
FOFL
0.144942
OFL
56727.5
Bzero
2.22533e+06
#pred survey bio
 5.14797e+06 4.81057e+06 4.49438e+06 4.14488e+06 3.77724e+06 3.35594e+06 2.99768e+06 2.64874e+06 2.3295e+06 2.07044e+06 1.81408e+06 1.61276e+06 1.4105e+06 1.24962e+06 1.11761e+06 1.00306e+06 932853 863227 793409 763277 743976 707649 689284 670914 661188 650152 636816 631774 624036 625774 624049 621024 612285 606320 593567 577486 571996 558552 555307 561479 568341 573802 574752 574975 577512 582349 587035 583175 584562 578681 574892 579836 589491 596586 582589 547033 1.72832e+07 1.00453e+07 1.01539e+07 1.09028e+07 1.20012e+07 1.31681e+07 1.42326e+07 1.51209e+07 1.58209e+07 1.63521e+07 1.6745e+07 1.70311e+07 1.72372e+07 1.73852e+07 1.74912e+07 1.75674e+07 1.76222e+07 1.7662e+07 1.7691e+07 1.77123e+07 1.7728e+07 1.77397e+07 1.77485e+07 1.7755e+07 1.776e+07 1.77638e+07 1.77666e+07 1.77688e+07 1.77704e+07 1.77717e+07 1.77727e+07 1.77734e+07 1.7774e+07 1.77744e+07 1.77748e+07 1.77751e+07 1.77753e+07 1.77754e+07 1.77755e+07 1.77756e+07 1.77757e+07 1.77758e+07 1.77758e+07 1.77758e+07 1.77759e+07 1.77759e+07 1.77759e+07 1.77759e+07 1.77759e+07 1.77759e+07 1.77759e+07 1.77759e+07 1.77759e+07 1.77759e+07 1.77759e+07 1.7776e+07 1.7776e+07 1.7776e+07 1.7776e+07 1.7776e+07 1.7776e+07 1.7776e+07 1.7776e+07 1.7776e+07 1.7776e+07 1.7776e+07 1.7776e+07 1.7776e+07 1.7776e+07 1.7776e+07 1.7776e+07 1.7776e+07 1.7776e+07 1.7776e+07 1.7776e+07 1.7776e+07 1.7776e+07 1.7776e+07 1.7776e+07 1.7776e+07 1.7776e+07 1.7776e+07 1.7776e+07 1.7776e+07 1.7776e+07 1.7776e+07 1.7776e+07 1.7776e+07 1.7776e+07 1.7776e+07 1.7776e+07 1.7776e+07 1.7776e+07 1.7776e+07 1.7776e+07 1.7776e+07 1.7776e+07 1.7776e+07 1.7776e+07 1.7776e+07 0 0 0 0 0 0 0 0 0 0 0 0 0 0 0 0 0 0 0 0 0 0 0 0 0
#obs survey bio
 4.73133e+06 6.72898e+06 3.34416e+06 4.15869e+06 2.63285e+06 3.20356e+06 2.45415e+06 1.63355e+06 1.70419e+06 1.38983e+06 1.38061e+06 1.2514e+06 1.27279e+06 1.0466e+06 514258 900232 797585 567830 1.17266e+06 993783 819248 655589 478926 477861 724335 574249 533668 885949 612406 664726 637055 512954 537319 781693 509885 623234 549439 484315 472780 483696 574092 567914 529792 555040 575080 448652 765461 589327 595433 495929 582337 656217 570687 706487 631761 459556
#pred catch bio
 104759 99215.7 150482 196035 281086 262523 292218 301623 279269 302972 273816 287664 258884 238214 225502 188305 186663 182521 144059 131495 142629 124924 123298 114570 113941 113300 103461 103037 93197.8 94651.8 93799.8 96152.6 90962.5 93472 93167.6 84069.6 94286.8 89393.2 83588.2 83809.9 85322.5 89184.1 89510.9 87063.4 84535.5 83906.3 90116.4 85488.8 92347.5 91345.7 84445.8 79994.3 80246.7 94285.8 106709 114230 56727.5 76921.6 76184.4 80445 88182.1 96707.3 104444 110774 115624 119172 121684 123417 124591 125373 125889 126226 126444 126585 126675 126733 126770 126793 126808 126817 126823 126827 126829 126831 126832 126832 126832 126833 126833 126833 126833 126833 126833 126833 126833 126833 126833 126833 126833 126833 126833 126833 126833 126833 126833 126833 126833 126833 126833 126833 126833 126833 126833 126833 126833 126833 126833 126833 126833 126833 126833 126833 126833 126833 126833 126833 126833 126833 126833 126833 126833 126833 126833 126833 126833 126833 126833 126833 126833 126833 126833 126833 126833 126833 126833 126833 126833 126833 126833 126833 126833 126833 126833 126833 126833 126833 0 0 0 0 0 0 0 0 0 0 0 0 0 0 0 0 0 0 0 0 0 0 0 0 0
#obs catch bio
 0 98834.1 150848 196354 283791 264311 295836 307410 285005 313001 283019 299388 268113 245782 234194 193852 192182 189151 146972 133499 144683 127035 125807 116672 116117 115595 105357 104117 94138.6 95810.1 94840.5 97436.9 91880.5 94170.6 94047.3 84670.8 95273.2 90472.8 84053.5 84074.4 85329 89613 90037.7 87627.8 84853.6 84237.4 89923.9 85179.5 92415.9 92027 85111.4 80597.1 80676.9 94659.8 106520 114382
#pred cpue bio
 5.07223e+06 4.74087e+06 4.42948e+06 4.08221e+06 3.71608e+06 3.29684e+06 2.93996e+06 2.59235e+06 2.27431e+06 2.01614e+06 1.76144e+06 1.56174e+06 1.36209e+06 1.20359e+06 1.07352e+06 960725 891780 824070 756704 728189 710019 674841 656948 639166 629874 619519 607064 602776 595759 597679 596288 593766 585744 580484 568674 553371 547298 532586 528511 534697 541761 547178 548089 548366 551024 555979 560827 557238 558380 552247 548263 553184 563164 570924 558173 524435 1.65759e+07 9.63416e+06 9.5952e+06 1.01861e+07 1.12285e+07 1.2382e+07 1.34438e+07 1.43316e+07 1.50315e+07 1.55626e+07 1.59556e+07 1.62416e+07 1.64478e+07 1.65957e+07 1.67018e+07 1.67779e+07 1.68328e+07 1.68726e+07 1.69016e+07 1.69229e+07 1.69386e+07 1.69503e+07 1.6959e+07 1.69656e+07 1.69706e+07 1.69743e+07 1.69772e+07 1.69793e+07 1.6981e+07 1.69823e+07 1.69832e+07 1.6984e+07 1.69846e+07 1.6985e+07 1.69853e+07 1.69856e+07 1.69858e+07 1.6986e+07 1.69861e+07 1.69862e+07 1.69863e+07 1.69863e+07 1.69864e+07 1.69864e+07 1.69864e+07 1.69864e+07 1.69865e+07 1.69865e+07 1.69865e+07 1.69865e+07 1.69865e+07 1.69865e+07 1.69865e+07 1.69865e+07 1.69865e+07 1.69865e+07 1.69865e+07 1.69865e+07 1.69865e+07 1.69865e+07 1.69865e+07 1.69865e+07 1.69865e+07 1.69865e+07 1.69865e+07 1.69865e+07 1.69865e+07 1.69865e+07 1.69865e+07 1.69865e+07 1.69865e+07 1.69865e+07 1.69865e+07 1.69865e+07 1.69865e+07 1.69865e+07 1.69865e+07 1.69865e+07 1.69865e+07 1.69865e+07 1.69865e+07 1.69865e+07 1.69865e+07 1.69865e+07 1.69865e+07 1.69865e+07 1.69865e+07 1.69865e+07 1.69865e+07 1.69865e+07 1.69865e+07 1.69865e+07 1.69865e+07 1.69865e+07 1.69865e+07 1.69865e+07 1.69865e+07 1.69865e+07 1.69865e+07 1.69865e+07 0 0 0 0 0 0 0 0 0 0 0 0 0 0 0 0 0 0 0 0 0 0 0 0 0
#obs cpue bio
 4.15542e+06 4.27918e+06 2.72671e+06 3.35466e+06 3.06907e+06 2.38259e+06 2.44841e+06 1.97138e+06 1.7469e+06 1.3176e+06 1.17825e+06 1.33954e+06 1.18306e+06 1.1944e+06 1.09561e+06 823307 821033 635140 580082 538681 741439 365540 620053 667800 430707 512968 509285 714870 425251 436282 516600 551038 636920 545202 520777 417891 535654 411844 844657 729466 670062 372301 502343 479260 631249 638642 830551 550536 431646 346677 423773 422310 598461 629744 813839 558788
#pred surv len freq
 0.00515199 0.00833929 0.0125015 0.0175991 0.023492 0.0298642 0.036196 0.0418875 0.0464864 0.0498417 0.0520766 0.0534461 0.0542083 0.0545633 0.0546385 0.0544957 0.0541473 0.0535677 0.0526728 0.0512641 0.0489875 0.0453954 0.0401632 0.0333707 0.0256431
 0.00539465 0.00862287 0.0127288 0.0176253 0.0231816 0.0291705 0.0352135 0.0408331 0.045608 0.0493079 0.0519142 0.0535576 0.0544465 0.0548126 0.0548623 0.0547349 0.0544794 0.0540486 0.0532895 0.0519249 0.0495561 0.0457534 0.0402648 0.0332573 0.0254117
 0.00574156 0.00916788 0.0135056 0.0186313 0.0243547 0.0303706 0.0362291 0.0414355 0.0456458 0.0487901 0.0510174 0.0525413 0.0535298 0.0540959 0.0543343 0.0543388 0.0541766 0.053837 0.0531757 0.0518854 0.0495256 0.0456524 0.0400454 0.0329313 0.025041
 0.00601524 0.00961783 0.0141918 0.0196113 0.0256688 0.0320158 0.0381277 0.0434161 0.0474561 0.0501515 0.0517099 0.0524833 0.0528093 0.0529277 0.0529653 0.0529593 0.052887 0.0526673 0.0521226 0.050932 0.0486459 0.044818 0.0392431 0.0321781 0.024379
 0.00630664 0.0100789 0.0148637 0.020528 0.0268565 0.0334884 0.0398761 0.0453915 0.0495546 0.052206 0.0534986 0.0537656 0.0533889 0.0527204 0.0520331 0.0514849 0.0511015 0.0507743 0.0502572 0.0491631 0.0470008 0.0433107 0.0378933 0.0310171 0.0234401
 0.00670988 0.0107126 0.0157765 0.0217508 0.0283977 0.0353285 0.0419614 0.0476336 0.0518414 0.0544162 0.0555059 0.0554303 0.0545525 0.0532232 0.0517598 0.0504153 0.0493327 0.0484955 0.0476929 0.0465177 0.0444331 0.0409375 0.035804 0.0292794 0.0220919
 0.00711501 0.0113486 0.0166918 0.0229758 0.0299408 0.0371708 0.0440486 0.0498737 0.0541159 0.0566004 0.0574866 0.0571093 0.0558363 0.0540093 0.0519367 0.0498856 0.048054 0.0465163 0.0451592 0.0436454 0.0414621 0.038092 0.0332668 0.0271767 0.0204823
 0.00753628 0.0120184 0.0176711 0.0243102 0.031651 0.0392395 0.0464067 0.0523983 0.0566486 0.0589795 0.0595752 0.0588069 0.0570733 0.0547322 0.0520914 0.0494113 0.0468953 0.0446552 0.0426518 0.0406425 0.038198 0.0348437 0.0302987 0.0246888 0.0185763
 0.00795482 0.012682 0.0186387 0.025626 0.0333379 0.0412881 0.0487616 0.0549519 0.059251 0.0614629 0.061781 0.0606048 0.0583702 0.0554698 0.0522355 0.0489366 0.045777 0.0428785 0.0402407 0.0376954 0.0349072 0.0314789 0.0271536 0.0220101 0.0165056
 0.00825305 0.0131659 0.0193656 0.0266485 0.034695 0.0429898 0.050773 0.0571877 0.0615861 0.0637549 0.0638905 0.0624076 0.0597619 0.0563686 0.0525825 0.0486928 0.0449178 0.0413943 0.0381508 0.0350749 0.0319125 0.0283485 0.0241687 0.0194257 0.0144835
 0.00855197 0.0136494 0.0200888 0.0276616 0.036034 0.044663 0.0527448 0.0593717 0.0638557 0.0659648 0.0659005 0.0640974 0.0610377 0.0571628 0.0528498 0.0484044 0.0440571 0.0399575 0.0361582 0.0325928 0.0290768 0.0253707 0.021308 0.0169276 0.0125128
 0.00873015 0.0139434 0.02054 0.028313 0.0369243 0.045815 0.0541533 0.0609954 0.0656198 0.0677713 0.0676398 0.0656595 0.0623211 0.0580813 0.0533365 0.0484116 0.0435543 0.0389314 0.0346207 0.0305973 0.0267375 0.0228685 0.0188689 0.0147715 0.0107943
 0.00900744 0.0143812 0.0211745 0.0291698 0.0380141 0.0471286 0.0556539 0.0626166 0.0672726 0.0693591 0.0690726 0.0668617 0.0632321 0.0586545 0.0535359 0.0482101 0.0429325 0.0378798 0.0331484 0.0287475 0.0246046 0.0206055 0.0166693 0.0128267 0.0092409
 0.0093746 0.0149392 0.0219424 0.0301401 0.0391582 0.0484042 0.0570099 0.0639936 0.0686049 0.0705811 0.0701266 0.0677012 0.0638227 0.0589709 0.053559 0.047924 0.0423228 0.036937 0.0318754 0.0271745 0.0228047 0.0187008 0.0148178 0.0111868 0.00792763
 0.009673 0.015417 0.0226459 0.0311024 0.0403868 0.0498658 0.058619 0.065619 0.0700991 0.0718202 0.0710378 0.0682662 0.0640599 0.058913 0.0532371 0.0473591 0.0415255 0.0359106 0.0306257 0.0257235 0.0212061 0.0170474 0.013232 0.00979275 0.00681538
 0.00983713 0.0156959 0.0230878 0.0317594 0.0413026 0.0510564 0.0600525 0.0672065 0.0717053 0.0732894 0.0722269 0.0690728 0.064439 0.0588766 0.0528382 0.0466669 0.0406038 0.0348068 0.0293729 0.0243532 0.0197639 0.0156035 0.0118773 0.00861855 0.00588683
 0.00982893 0.015688 0.023088 0.0317837 0.0413788 0.0512249 0.0603627 0.067705 0.0724157 0.0741926 0.0732519 0.0701061 0.0653516 0.0595568 0.0532161 0.0467228 0.0403586 0.0343041 0.028663 0.0234873 0.0187977 0.0146035 0.0109198 0.00777739 0.00521515
 0.00972926 0.015559 0.0229545 0.0316889 0.0413718 0.051343 0.060618 0.068085 0.0728968 0.0747536 0.0738767 0.0707736 0.0660215 0.0601657 0.0536884 0.0469916 0.0403845 0.0340832 0.0282226 0.0228755 0.0180751 0.0138378 0.0101807 0.00712705 0.00469606
 0.00977694 0.0156202 0.0230182 0.0317391 0.0413974 0.0513503 0.0606368 0.0681606 0.0730693 0.0750383 0.0742567 0.0712102 0.0664705 0.0605866 0.054044 0.0472434 0.0404948 0.0340242 0.0279872 0.0224827 0.0175675 0.0132736 0.00962267 0.00663063 0.00429819
 0.00987372 0.0157345 0.0231111 0.0317485 0.0412566 0.0510166 0.0601177 0.067522 0.0724222 0.0745086 0.0739518 0.0711909 0.0667383 0.0610883 0.0546902 0.0479325 0.0411319 0.0345342 0.0283221 0.0226263 0.0175363 0.0131105 0.0093854 0.00637691 0.0040727
 0.00999264 0.0159106 0.0233419 0.0320145 0.0415189 0.0512185 0.060192 0.0674077 0.0720902 0.0739851 0.0733246 0.0705885 0.0662884 0.0608772 0.0547389 0.0481983 0.0415296 0.034964 0.0286962 0.0228857 0.0176584 0.0131073 0.00929325 0.00624183 0.00393558
 0.0101532 0.0161718 0.0237335 0.0325594 0.0422222 0.0520529 0.061085 0.0682435 0.0727312 0.0743097 0.0732653 0.0701556 0.0655705 0.0600161 0.0538875 0.047477 0.0409976 0.0346166 0.0284837 0.0227432 0.0175317 0.0129678 0.00913867 0.00608699 0.00379934
 0.0101731 0.0162032 0.0237802 0.0326277 0.0423232 0.0522044 0.061308 0.068552 0.0731171 0.074731 0.0736475 0.0704115 0.0656325 0.0598647 0.0535621 0.0470604 0.0405839 0.0342762 0.0282441 0.0225914 0.0174329 0.0128878 0.00905851 0.00600444 0.00372222
 0.0101884 0.0162294 0.0238221 0.0326903 0.0424108 0.0523185 0.061448 0.0687162 0.073305 0.0749425 0.0738767 0.0706381 0.065818 0.0599616 0.0535338 0.0469014 0.0403261 0.0339765 0.0279597 0.0223583 0.0172596 0.0127628 0.00896458 0.00592955 0.00366183
 0.0100682 0.0160545 0.023597 0.0324334 0.0421502 0.052085 0.0612686 0.0686114 0.0732879 0.0750188 0.0740438 0.0708842 0.0661203 0.0602855 0.0538357 0.0471393 0.0404732 0.0340314 0.0279445 0.0223063 0.0171993 0.0127097 0.00892218 0.00589552 0.00363394
 0.00996919 0.0159 0.0233776 0.0321469 0.0418052 0.0517038 0.0608887 0.0682812 0.0730559 0.0749196 0.0740891 0.0710627 0.0664047 0.0606397 0.0542201 0.0475135 0.0408006 0.0342863 0.0281182 0.0224073 0.0172473 0.0127259 0.00892238 0.00588894 0.00362512
 0.00986415 0.015742 0.0231633 0.0318815 0.0415002 0.0513743 0.0605523 0.0679594 0.0727756 0.0747115 0.0739825 0.0710775 0.0665449 0.0608911 0.0545532 0.0478892 0.0411778 0.0346285 0.0283997 0.0226171 0.0173885 0.0128116 0.00896901 0.00591125 0.00363383
 0.0098577 0.0157071 0.0230669 0.0316809 0.0411572 0.050877 0.0599306 0.0672843 0.0721391 0.0741987 0.0736511 0.0709527 0.0666244 0.0611528 0.0549602 0.0483944 0.0417281 0.0351715 0.0288914 0.0230276 0.0177052 0.0130373 0.0091177 0.00600171 0.00368448
 0.00996075 0.0158554 0.0232526 0.0318799 0.0413302 0.0509744 0.0599021 0.0670928 0.0717763 0.0736977 0.073084 0.0704122 0.0661959 0.0608922 0.0548854 0.0484896 0.0419543 0.0354782 0.0292263 0.0233459 0.0179755 0.0132449 0.00926246 0.00609351 0.00373741
 0.00983855 0.0156858 0.0230507 0.0316761 0.0411599 0.050861 0.0598438 0.0670613 0.0717285 0.0735945 0.0729083 0.0701786 0.0659486 0.0606914 0.0547864 0.048525 0.0421252 0.0357569 0.0295673 0.0236992 0.0182987 0.0135102 0.00945946 0.00622614 0.00381839
 0.00972751 0.0155129 0.0228061 0.03136 0.0407864 0.0504621 0.0594684 0.0667652 0.0715552 0.0735549 0.072975 0.0702988 0.0660711 0.0607901 0.0548685 0.0486207 0.0422679 0.0359646 0.029834 0.0239982 0.0185943 0.0137704 0.00966475 0.00637177 0.00391141
 0.0096095 0.015332 0.0225545 0.0310377 0.0404015 0.0500305 0.0590158 0.0663285 0.0711809 0.0732909 0.0728566 0.070336 0.0662426 0.0610515 0.0551705 0.0489283 0.0425689 0.0362636 0.0301384 0.0243061 0.0188913 0.0140358 0.00988084 0.00653083 0.00401683
 0.00950422 0.0151726 0.0223367 0.0307653 0.0400854 0.0496862 0.0586617 0.0659856 0.0708719 0.0730391 0.0726844 0.0702621 0.0662783 0.0611945 0.0554029 0.04922 0.0428879 0.0365857 0.0304507 0.0246023 0.019165 0.0142773 0.0100797 0.00668092 0.00411939
 0.00935963 0.0149492 0.0220226 0.0303591 0.0395974 0.0491397 0.0580941 0.0654455 0.0704109 0.0727 0.0724928 0.0702252 0.0663889 0.0614367 0.0557542 0.049652 0.0433669 0.0370771 0.030924 0.0250353 0.0195433 0.0145924 0.0103277 0.00686299 0.00424239
 0.0094419 0.0150506 0.0221155 0.0303984 0.0395329 0.0489365 0.0577493 0.0649919 0.0699063 0.0722094 0.0720729 0.0699159 0.0662114 0.0613954 0.0558405 0.0498476 0.0436467 0.0374115 0.0312816 0.0253867 0.0198646 0.0148671 0.0105469 0.00702537 0.00435312
 0.0102537 0.016208 0.0235554 0.0319555 0.0409818 0.0500619 0.0584061 0.0651286 0.0695544 0.0714598 0.071051 0.068759 0.0650467 0.0603226 0.0549236 0.0491162 0.0431036 0.0370406 0.0310556 0.0252726 0.0198287 0.0148789 0.0105818 0.00706565 0.00438829
 0.0108756 0.0171893 0.0249688 0.0338272 0.0432614 0.0525912 0.0609063 0.0672384 0.0709276 0.0718812 0.0705061 0.0674184 0.0631866 0.0582319 0.0528406 0.0472039 0.0414532 0.0356872 0.0299959 0.0244798 0.0192634 0.0144968 0.0103386 0.00692128 0.00430913
 0.0106521 0.0169686 0.0248993 0.034132 0.0441761 0.0542624 0.0633012 0.0701153 0.0738842 0.0744579 0.0723022 0.0681872 0.0628846 0.0570099 0.0509803 0.0450291 0.0392506 0.0336627 0.0282671 0.0230912 0.0182087 0.013739 0.00982556 0.00659582 0.00411713
 0.0102762 0.0163904 0.0240996 0.0331394 0.043089 0.0532655 0.062657 0.0701065 0.074708 0.0761157 0.0745546 0.0706123 0.0650168 0.0584894 0.0516468 0.0449314 0.038586 0.0326867 0.027213 0.0221247 0.017418 0.0131489 0.0094198 0.00633804 0.00396604
 0.0101714 0.0161871 0.0237341 0.0325368 0.0421883 0.0520602 0.0612344 0.0686628 0.0735221 0.0754815 0.0746879 0.0715648 0.0666351 0.0604481 0.0535532 0.0464549 0.0395526 0.0330993 0.0272028 0.0218716 0.0170828 0.0128376 0.00918084 0.00617849 0.00387134
 0.0102197 0.0162467 0.0237862 0.0325451 0.0420997 0.0518114 0.0607668 0.0679466 0.0725867 0.074439 0.0737317 0.0709261 0.0665047 0.0608961 0.054487 0.047646 0.0407231 0.0340242 0.0277769 0.0221143 0.0170917 0.0127286 0.00904428 0.00606368 0.00379352
 0.0101988 0.0162265 0.0237802 0.0325709 0.0421694 0.051918 0.0608739 0.0679897 0.0724905 0.0741476 0.0732403 0.0703027 0.0658857 0.0604489 0.0543472 0.047857 0.0412133 0.0346379 0.0283447 0.0225205 0.0173047 0.0127853 0.00901098 0.00599999 0.00373521
 0.0101461 0.0161532 0.0236932 0.032486 0.042109 0.0519052 0.0609246 0.0681041 0.0726456 0.0742952 0.0733168 0.0702516 0.0656882 0.0601436 0.0540261 0.0476302 0.0411588 0.0347645 0.0285912 0.022792 0.0175202 0.0129088 0.00905116 0.00598911 0.00370574
 0.0100635 0.0160296 0.0235277 0.0322865 0.0418916 0.0516931 0.0607457 0.0679877 0.0726151 0.0743588 0.073459 0.0704326 0.0658542 0.0602481 0.0540519 0.0476006 0.0411268 0.0347838 0.0286857 0.0229445 0.0176869 0.0130465 0.00913823 0.00602832 0.00371371
 0.0100017 0.0159276 0.023372 0.0320654 0.0416003 0.05134 0.0603581 0.0676107 0.0723027 0.0741592 0.0734015 0.0705196 0.0660603 0.0605269 0.0543498 0.047875 0.0413596 0.0349825 0.02887 0.0231276 0.0178654 0.013204 0.00925863 0.00610607 0.00375516
 0.00990648 0.0157822 0.0231707 0.0318083 0.0412923 0.0509896 0.0599778 0.0672197 0.0719299 0.0738427 0.0731826 0.0704335 0.0661248 0.0607349 0.0546692 0.0482576 0.0417559 0.0353555 0.0292015 0.0234139 0.0181078 0.013402 0.00940999 0.00621114 0.00381984
 0.00990904 0.015771 0.0231259 0.0317034 0.0411021 0.0507024 0.059605 0.0667957 0.0715019 0.073457 0.072876 0.0702318 0.0660451 0.0607855 0.0548461 0.0485406 0.0421098 0.0357384 0.0295747 0.02375 0.018392 0.0136293 0.0095809 0.00633044 0.00389587
 0.0101464 0.0161156 0.0235668 0.0322007 0.0415944 0.0511209 0.0598873 0.0668973 0.0714035 0.07317 0.0724418 0.0697127 0.0655097 0.0602952 0.0544461 0.0482564 0.0419463 0.0356817 0.029598 0.0238217 0.0184837 0.0137201 0.00965842 0.00638929 0.00393583
 0.0102609 0.0163035 0.0238509 0.0325981 0.0421066 0.0517212 0.0605133 0.0674563 0.0717969 0.0733241 0.0723311 0.0693643 0.0649899 0.0596882 0.0538344 0.047706 0.0414999 0.0353566 0.0293896 0.0237097 0.0184403 0.0137179 0.00967535 0.00641078 0.00395423
 0.0102748 0.0163467 0.023954 0.0328024 0.0424532 0.0522337 0.0611803 0.0682237 0.0725729 0.0739976 0.0727965 0.0695465 0.064864 0.0592847 0.0532293 0.0469986 0.0407873 0.0347146 0.0288634 0.0233139 0.0181661 0.0135427 0.00957209 0.00635474 0.00392627
 0.0101045 0.0161063 0.0236608 0.0324992 0.0422011 0.052098 0.0612156 0.0684615 0.0730125 0.0745993 0.0734822 0.0702115 0.065401 0.0596123 0.0533129 0.046857 0.0404819 0.034327 0.028471 0.0229727 0.0179037 0.0133618 0.00945981 0.00629183 0.0038945
 0.00980046 0.0156441 0.0230272 0.0317087 0.0412984 0.0511581 0.060341 0.0677718 0.0726212 0.0745828 0.073854 0.0709153 0.0663242 0.0606132 0.0542544 0.047636 0.0410481 0.0346843 0.0286625 0.0230574 0.0179349 0.0133751 0.00947191 0.00630617 0.00390884
 0.00950636 0.0151825 0.0223647 0.0308291 0.0402107 0.0499055 0.0590103 0.0664926 0.0715473 0.0738601 0.0735868 0.0711437 0.0670148 0.061666 0.0555226 0.0489574 0.0422793 0.0357275 0.0294768 0.0236513 0.0183469 0.0136524 0.00965546 0.00642571 0.00398426
 0.00924081 0.0147702 0.0217805 0.0300625 0.0392671 0.0488087 0.0578069 0.065257 0.0703796 0.0728759 0.0729005 0.0708494 0.0671667 0.0622625 0.0564995 0.050196 0.0436296 0.0370414 0.0306386 0.024596 0.0190606 0.0141584 0.00999473 0.00664188 0.00411491
 0.00897457 0.0143812 0.0212756 0.0294745 0.0386424 0.0481883 0.057213 0.0646924 0.0698385 0.0723593 0.0724293 0.0704691 0.0669428 0.0622637 0.0567737 0.0507477 0.0444096 0.0379553 0.0315726 0.0254479 0.0197635 0.0146881 0.0103624 0.0068783 0.00425636
 0.00867425 0.013943 0.0207101 0.0288261 0.0379804 0.0475881 0.0567378 0.0643798 0.0696924 0.0723475 0.0724934 0.0705475 0.0669989 0.0623044 0.0568463 0.0509156 0.0447198 0.0384135 0.0321377 0.0260482 0.0203233 0.0151525 0.0107084 0.0071116 0.00439946
#obs surv len freq
 nan nan nan nan nan nan nan nan nan nan nan nan nan nan nan nan nan nan nan nan nan nan nan nan nan
 0.0044912 0.00735538 0.0111878 0.0160053 0.0217057 0.0279793 0.0342906 0.0400189 0.0446957 0.0481573 0.0505133 0.0520076 0.0528986 0.0534099 0.0537234 0.0539777 0.0542558 0.0545482 0.0546868 0.0542786 0.0527168 0.0493494 0.0437999 0.036281 0.0276659
 0.00460957 0.00755324 0.0114951 0.0164522 0.0223143 0.0287523 0.0351995 0.041002 0.0456679 0.0490281 0.0512049 0.0524658 0.053097 0.0533494 0.0534268 0.0534822 0.0536046 0.0537836 0.0538475 0.0534013 0.05184 0.0485159 0.0430542 0.0356607 0.0271918
 0.00477403 0.00781988 0.0118954 0.0170158 0.0230645 0.0296977 0.0363243 0.0422589 0.0469798 0.0502975 0.0523276 0.0533454 0.0536582 0.0535478 0.0532532 0.0529596 0.0527798 0.0527173 0.0526067 0.0520566 0.0504665 0.0471938 0.0418631 0.0346663 0.0264303
 0.00496071 0.00812589 0.0123606 0.0176784 0.0239536 0.0308214 0.0376577 0.0437411 0.048523 0.0518029 0.0536982 0.0544912 0.0544978 0.0540122 0.0532937 0.0525567 0.051948 0.051504 0.0510873 0.0503285 0.0486451 0.0454057 0.0402331 0.0332961 0.0253772
 0.00518022 0.00848406 0.0129021 0.018446 0.0249802 0.0321171 0.0391969 0.0454566 0.0503146 0.0535558 0.0553007 0.0558455 0.0555226 0.0546411 0.0534736 0.0522503 0.0511406 0.0502131 0.0493703 0.048287 0.0464219 0.0431724 0.0381657 0.0315413 0.0240203
 0.00541535 0.00886836 0.0134844 0.0192731 0.0260881 0.0335176 0.0408623 0.0473153 0.0522602 0.0554671 0.0570604 0.0573505 0.0566872 0.0553956 0.0537627 0.0520314 0.050386 0.0489191 0.0475714 0.0460717 0.0439389 0.040621 0.0357635 0.0294775 0.0224115
 0.00563955 0.00923988 0.0140566 0.0201002 0.0272148 0.0349616 0.0425978 0.0492666 0.0543133 0.0574918 0.0589317 0.0589602 0.0579471 0.0562362 0.054129 0.0518798 0.049684 0.0476518 0.0457574 0.0437836 0.0413193 0.0378789 0.033142 0.0271984 0.0206187
 0.00588395 0.00963713 0.0146547 0.0209452 0.0283429 0.0363879 0.0443017 0.051185 0.0563462 0.0595183 0.0608277 0.0606116 0.0592576 0.0571295 0.0545476 0.0517801 0.0490334 0.0464317 0.0439773 0.0415034 0.038671 0.0350693 0.0304232 0.0248098 0.0187238
 0.00612442 0.0100312 0.0152534 0.0217974 0.0294859 0.0378319 0.0460151 0.0530905 0.0583341 0.061469 0.0626301 0.0621715 0.0604963 0.0579809 0.0549562 0.0516995 0.0484268 0.0452754 0.0422734 0.0393013 0.0360903 0.032306 0.0277253 0.02242 0.0168141
 0.00636288 0.0104241 0.0158543 0.0226592 0.0306502 0.0393115 0.0477773 0.0550513 0.0603704 0.0634439 0.0644174 0.0636701 0.0616338 0.0587095 0.0552435 0.0515204 0.047758 0.0440989 0.0405894 0.037151 0.03358 0.029617 0.0250925 0.0200787 0.0149349
 0.00660872 0.0108263 0.0164644 0.0235269 0.0318135 0.040782 0.0495238 0.0569932 0.0623883 0.0654009 0.0661821 0.0651322 0.062712 0.0593527 0.0554267 0.0512353 0.047003 0.0428753 0.0389089 0.0350556 0.0311663 0.0270486 0.022584 0.0178476 0.0131416
 0.00683129 0.0111931 0.0170255 0.0243317 0.0329008 0.0421638 0.0511694 0.0588243 0.0642901 0.0672444 0.0678449 0.0665113 0.0637285 0.0599528 0.0555805 0.0509327 0.0462479 0.0416807 0.0372993 0.0330803 0.0289181 0.0246756 0.0202769 0.0158 0.0114963
 0.00705004 0.0115499 0.0175648 0.0250956 0.033921 0.0434489 0.0526915 0.0605132 0.0660418 0.0689401 0.0693703 0.067769 0.0646446 0.060478 0.055688 0.0506141 0.0455086 0.0405375 0.0357828 0.0312444 0.0268535 0.0225173 0.0181936 0.0139598 0.0100218
 0.00727862 0.0119234 0.0181301 0.0258961 0.0349868 0.0447817 0.0542498 0.0622098 0.0677577 0.0705493 0.070762 0.0688595 0.0653786 0.0608251 0.0556378 0.0501712 0.0446883 0.0393637 0.0342911 0.0294902 0.0249231 0.020533 0.0163027 0.0123053 0.00870507
 0.00745639 0.0122169 0.01858 0.0265431 0.0358628 0.0458969 0.0555786 0.0636857 0.0692814 0.0720075 0.0720467 0.0698821 0.0660765 0.0611632 0.0556055 0.0497762 0.0439502 0.0383108 0.0329618 0.0279395 0.0232311 0.0188078 0.0146709 0.0108865 0.00758172
 0.0075146 0.0123185 0.0187466 0.026801 0.0362407 0.0464187 0.0562565 0.0645131 0.0702308 0.0730305 0.0730776 0.0708437 0.0668894 0.0617567 0.055926 0.049792 0.0436518 0.0377085 0.0320845 0.0268364 0.0219748 0.0174945 0.0134102 0.00978105 0.00670206
 0.00757378 0.0124057 0.018862 0.0269414 0.0364035 0.0466081 0.0564868 0.0648067 0.0706109 0.0735109 0.0736536 0.0714878 0.0675518 0.0623715 0.0564212 0.0501017 0.0437265 0.0375222 0.0316383 0.0261604 0.0211276 0.0165592 0.0124829 0.00895165 0.00603399
 0.00765671 0.0125327 0.0190378 0.0271639 0.0366629 0.0468876 0.0567644 0.0650612 0.0708299 0.0736992 0.0738329 0.071687 0.0677912 0.0626488 0.0567068 0.0503442 0.0438655 0.0375043 0.031431 0.0257614 0.0205685 0.0159012 0.0118046 0.00833025 0.00552587
 0.0077092 0.012613 0.0191491 0.0273055 0.03683 0.0470716 0.0569531 0.0652394 0.0709829 0.0738173 0.0739169 0.0717501 0.0678558 0.062737 0.056829 0.0504891 0.0439992 0.0375786 0.0313988 0.0255937 0.0202663 0.0154976 0.0113559 0.00789896 0.00516196
 0.00779419 0.0127455 0.0193378 0.0275532 0.0371322 0.0474144 0.0573117 0.06558 0.0712689 0.0740183 0.0740172 0.0717515 0.0677763 0.0626061 0.0566794 0.0503468 0.0438738 0.0374594 0.0312593 0.025405 0.0200125 0.0151858 0.0110158 0.00757146 0.00488359
 0.00780987 0.0127731 0.0193831 0.0276231 0.0372328 0.0475487 0.0574772 0.0657674 0.0714629 0.0742006 0.0741694 0.0718587 0.0678306 0.0626082 0.0566391 0.0502797 0.0437949 0.0373755 0.031166 0.0252888 0.0198605 0.0149958 0.0108013 0.0073572 0.0046955
 0.00784637 0.0128245 0.0194459 0.0276899 0.0372953 0.0476025 0.0575244 0.065816 0.0715225 0.0742766 0.0742594 0.0719529 0.0679147 0.0626686 0.0566669 0.0502735 0.0437597 0.0373187 0.0310926 0.0251987 0.0197503 0.014865 0.0106563 0.00721215 0.00456659
 0.00788175 0.0128793 0.0195231 0.0277889 0.0374115 0.0477255 0.0576395 0.0659071 0.0715781 0.0742952 0.0742509 0.0719328 0.0678962 0.0626565 0.0566576 0.0502586 0.0437317 0.0372742 0.0310314 0.0251223 0.0196605 0.014764 0.0105496 0.00710828 0.00447534
 0.00787142 0.0128606 0.0194916 0.0277404 0.0373432 0.0476394 0.0575433 0.0658134 0.0715006 0.0742445 0.0742325 0.0719481 0.0679445 0.0627353 0.056761 0.0503762 0.0438496 0.0373783 0.0311109 0.0251713 0.0196779 0.0147534 0.0105178 0.00706483 0.00443018
 0.00789308 0.0128888 0.0195208 0.0277608 0.0373432 0.0476094 0.0574797 0.0657203 0.0713895 0.0741316 0.0741347 0.0718798 0.0679143 0.0627456 0.0568081 0.0504523 0.0439434 0.0374767 0.0312007 0.0252419 0.0197231 0.0147725 0.0105151 0.00704765 0.00440692
 0.00788691 0.0128793 0.0195074 0.0277423 0.0373175 0.0475725 0.0574262 0.0656456 0.0712927 0.0740189 0.0740197 0.0717805 0.0678483 0.0627247 0.0568359 0.0505238 0.0440472 0.0375979 0.0313234 0.0253519 0.0198103 0.0148322 0.0105484 0.00706022 0.00440633
 0.00790363 0.0129019 0.019533 0.0277654 0.0373317 0.0475727 0.0574102 0.0656138 0.0712465 0.0739591 0.0739476 0.0716998 0.0677667 0.0626543 0.0567894 0.0505105 0.0440696 0.0376507 0.0313956 0.0254298 0.0198814 0.0148879 0.0105853 0.00707995 0.00441355
 0.00788366 0.0128714 0.0194905 0.0277109 0.0372655 0.0474958 0.0573244 0.0655223 0.071155 0.0738755 0.07388 0.0716543 0.0677465 0.062659 0.0568179 0.0505618 0.0441428 0.037743 0.0315007 0.0255383 0.0199824 0.0149722 0.0106481 0.00712114 0.00443699
 0.00787239 0.0128503 0.019454 0.0276526 0.0371807 0.0473842 0.0571926 0.0653833 0.0710246 0.0737675 0.0738034 0.0716129 0.0677399 0.0626848 0.056872 0.0506395 0.044239 0.0378525 0.0316177 0.0256556 0.0200918 0.015066 0.0107212 0.0071724 0.00446902
 0.00784605 0.0128051 0.0193816 0.0275439 0.0370286 0.0471873 0.0569584 0.0651301 0.0707785 0.0735572 0.0736533 0.0715387 0.0677459 0.0627643 0.0570106 0.0508194 0.0444426 0.0380645 0.0318256 0.025849 0.0202624 0.0152075 0.0108304 0.00724987 0.00451905
 0.00785068 0.0128074 0.0193751 0.027519 0.036974 0.0470937 0.056822 0.0649544 0.0705751 0.0733444 0.0734543 0.0713773 0.0676424 0.062731 0.0570494 0.0509218 0.044593 0.0382441 0.0320159 0.0260342 0.0204299 0.0153488 0.010941 0.00732966 0.00457163
 0.00779534 0.0127246 0.0192639 0.0273826 0.0368183 0.0469244 0.0566437 0.064771 0.070392 0.0731702 0.0733013 0.0712604 0.0675762 0.0627272 0.0571133 0.051051 0.0447767 0.0384651 0.0322535 0.0262679 0.0206424 0.0155282 0.0110813 0.00743086 0.00463853
 0.00778546 0.0127011 0.0192153 0.027295 0.0366803 0.0467346 0.0564148 0.0645288 0.0701663 0.0729843 0.0731662 0.0711765 0.0675398 0.062736 0.0571682 0.0511534 0.044925 0.0386517 0.0324647 0.0264857 0.0208487 0.0157077 0.0112249 0.00753628 0.00470916
 0.00775638 0.0126563 0.019152 0.027211 0.0365731 0.0466003 0.0562498 0.0643332 0.0699485 0.0727633 0.0729685 0.0710284 0.0674587 0.0627269 0.0572256 0.0512669 0.0450835 0.0388442 0.0326788 0.0267067 0.0210602 0.0158949 0.0113772 0.00764963 0.00478604
 0.00933915 0.0148703 0.0218208 0.0299496 0.0389006 0.0481189 0.0567858 0.0639617 0.0689081 0.0713338 0.0713838 0.0694477 0.0659781 0.0613998 0.0560785 0.0503073 0.0443062 0.0382358 0.0322213 0.0263794 0.0208401 0.0157575 0.0112987 0.00760935 0.00476785
 0.00932739 0.0151435 0.022747 0.0319843 0.042388 0.0530233 0.0625224 0.0694919 0.0731093 0.0734423 0.0712463 0.0674614 0.0628164 0.057725 0.0523788 0.0468715 0.0412725 0.0356524 0.0300899 0.0246778 0.0195321 0.0147963 0.010629 0.00717083 0.00450034
 0.0089637 0.0145744 0.0219533 0.0310199 0.0414315 0.0524131 0.0627145 0.0708989 0.0758541 0.077177 0.0751953 0.0707162 0.0647138 0.0580759 0.0514381 0.0451248 0.0392061 0.0336213 0.028294 0.023199 0.0183814 0.0139474 0.0100375 0.00678394 0.00426479
 0.00879923 0.0142907 0.0214973 0.0303361 0.0404837 0.0512214 0.0614009 0.0697135 0.0751509 0.0773139 0.0763758 0.0728444 0.0673651 0.0606367 0.0533524 0.0461049 0.0392882 0.0330658 0.027425 0.0222814 0.0175747 0.0133171 0.00958776 0.00648806 0.00408505
 0.00872946 0.0141735 0.0213127 0.0300593 0.0400861 0.0506755 0.0606922 0.0688601 0.0742286 0.0764741 0.0758369 0.0728345 0.0680221 0.0619114 0.0549853 0.0477127 0.0405215 0.0337436 0.0275702 0.0220566 0.0171786 0.0129063 0.00924871 0.00624708 0.00393286
 0.00871587 0.0141469 0.0212636 0.0299751 0.0399518 0.050476 0.0604144 0.068495 0.0737754 0.0759496 0.0752909 0.0723622 0.0677565 0.0619818 0.0554512 0.0485106 0.0414686 0.0346096 0.0281762 0.0223405 0.0171923 0.0127613 0.00905385 0.00607302 0.00380769
 0.00868755 0.0141044 0.0212061 0.0299031 0.0398657 0.0503743 0.0602921 0.0683442 0.0735869 0.0757169 0.0750152 0.0720609 0.0674714 0.061781 0.0554137 0.0486922 0.0418639 0.0351377 0.0287086 0.0227577 0.0174336 0.012837 0.00902051 0.005995 0.00373039
 0.00869679 0.0141136 0.0212095 0.0298921 0.0398321 0.0503137 0.0602067 0.0682415 0.0734749 0.0755989 0.074888 0.0719187 0.0673139 0.061623 0.0552891 0.0486466 0.0419353 0.035332 0.028988 0.0230528 0.0176751 0.0129862 0.00907905 0.0059919 0.00370034
 0.00867565 0.0140868 0.0211827 0.029874 0.0398306 0.0503305 0.0602342 0.0682647 0.0734778 0.0755715 0.0748294 0.0718341 0.0672111 0.0615101 0.0551782 0.0485571 0.0418922 0.035356 0.0290823 0.0231959 0.0178286 0.0131124 0.00915763 0.00602437 0.0037022
 0.0086721 0.0140784 0.0211656 0.0298446 0.0397874 0.0502777 0.0601821 0.0682266 0.0734636 0.0755813 0.0748523 0.0718541 0.0672141 0.06149 0.0551381 0.0485081 0.0418507 0.0353396 0.0291031 0.0232542 0.0179106 0.0131964 0.00922442 0.00606529 0.00371977
 0.00865241 0.0140487 0.0211251 0.0297936 0.0397271 0.0502093 0.0601077 0.0681503 0.0733929 0.0755266 0.0748238 0.0718564 0.0672434 0.0615354 0.0551861 0.0485494 0.0418838 0.0353706 0.0291409 0.0233049 0.0179731 0.0132623 0.00928277 0.00610807 0.00374528
 0.0086545 0.0140494 0.0211211 0.0297805 0.0397008 0.0501681 0.0600534 0.0680884 0.0733305 0.0754702 0.0747788 0.0718269 0.0672324 0.0615434 0.0552102 0.0485836 0.0419215 0.0354078 0.0291779 0.0233441 0.018016 0.0133069 0.00932425 0.00614139 0.00376796
 0.00863666 0.0140254 0.0210942 0.029756 0.0396843 0.0501618 0.0600547 0.0680902 0.0733252 0.0754537 0.0747522 0.0717956 0.0672038 0.0615238 0.0552034 0.0485901 0.0419391 0.0354328 0.029207 0.0233755 0.0180485 0.0133393 0.00935423 0.00616634 0.00378614
 0.00865134 0.0140443 0.0211136 0.0297702 0.0396879 0.0501532 0.0600376 0.0680723 0.0733137 0.0754506 0.0747534 0.0717941 0.0671941 0.0615053 0.05518 0.0485679 0.0419231 0.0354256 0.0292085 0.0233842 0.0180622 0.0133559 0.00937128 0.00618165 0.00379814
 0.00864652 0.0140395 0.0211117 0.0297751 0.0397021 0.0501757 0.0600627 0.0680916 0.07332 0.0754425 0.074735 0.0717725 0.0671745 0.0614891 0.055166 0.0485549 0.0419115 0.0354173 0.0292053 0.0233867 0.0180698 0.0133667 0.0093833 0.0061929 0.00380725
 0.00864652 0.0140395 0.0211117 0.0297751 0.0397021 0.0501757 0.0600627 0.0680916 0.07332 0.0754425 0.074735 0.0717725 0.0671745 0.0614891 0.055166 0.0485549 0.0419115 0.0354173 0.0292053 0.0233867 0.0180698 0.0133667 0.0093833 0.0061929 0.00380725
 0.00853422 0.0138637 0.0208608 0.0294452 0.0393008 0.0497255 0.0596029 0.0676743 0.0729984 0.075256 0.0746998 0.0718805 0.0674002 0.0617984 0.0555228 0.0489261 0.0422701 0.0357442 0.0294896 0.0236238 0.0182598 0.0135126 0.00948975 0.0062661 0.00385419
 0.00845128 0.0137215 0.0206338 0.0291074 0.0388341 0.0491327 0.0589182 0.0669643 0.0723495 0.0747528 0.0744047 0.0718219 0.067571 0.0621621 0.0560245 0.0495045 0.0428682 0.0363156 0.0300019 0.0240582 0.0186093 0.0137792 0.00968176 0.00639587 0.00393584
 0.00844029 0.0136979 0.020587 0.0290218 0.0386906 0.0489119 0.0586065 0.0665613 0.0718744 0.0742478 0.0739312 0.0714479 0.0673541 0.0621341 0.0561842 0.0498204 0.0432894 0.0367849 0.0304673 0.0244806 0.0189646 0.0140578 0.00988567 0.00653473 0.00402343
 0.00849707 0.0137906 0.0207262 0.0292147 0.0389354 0.0491914 0.0588836 0.0667815 0.0719787 0.0741919 0.073702 0.071072 0.0668921 0.0616651 0.0557844 0.0495434 0.0431553 0.0367814 0.0305596 0.0246258 0.0191238 0.0142033 0.0100026 0.00661926 0.00407879
 0.00863294 0.0140116 0.021058 0.0296785 0.0395404 0.0499238 0.0596964 0.0675933 0.0726863 0.074692 0.073916 0.0709631 0.0664747 0.0610024 0.0549749 0.0486989 0.0423751 0.0361329 0.0300709 0.0242902 0.0189132 0.0140822 0.00993874 0.00658834 0.00406514
#pred catch len freq
 0.00466408 0.00736139 0.0107004 0.0145827 0.018944 0.0237367 0.0288582 0.0341122 0.0392457 0.0440149 0.0482262 0.0517521 0.0545363 0.0565895 0.0579665 0.0587387 0.058975 0.058722 0.0579594 0.056527 0.0540754 0.0501374 0.04437 0.0368704 0.0283339
 0.00489862 0.00765042 0.0109689 0.0147148 0.0188274 0.0233264 0.0282189 0.0334038 0.0386524 0.0436598 0.048123 0.0518189 0.0546563 0.0566783 0.0580127 0.0588018 0.0591448 0.0590604 0.0584521 0.0570738 0.0545288 0.0503714 0.0443401 0.0366276 0.0279885
 0.00524951 0.00818787 0.0117098 0.0156358 0.0198517 0.024318 0.0289963 0.0337882 0.0385429 0.043094 0.0472738 0.0509156 0.0538793 0.0560964 0.0575984 0.0584965 0.058918 0.0589205 0.0584129 0.0571121 0.0545725 0.050331 0.0441604 0.0363196 0.0276189
 0.00555123 0.00866633 0.0124081 0.0165874 0.021074 0.0257994 0.0306733 0.035524 0.0401274 0.044282 0.0478605 0.0508179 0.0531744 0.0549863 0.0563178 0.0572258 0.0577493 0.0578788 0.0574918 0.0562917 0.0538209 0.0496112 0.0434507 0.0356323 0.0269974
 0.00590675 0.00921392 0.0131779 0.0175933 0.0223205 0.0272877 0.0323981 0.0374564 0.0421897 0.0463268 0.0496705 0.0521409 0.0537935 0.0547987 0.0553767 0.0557168 0.0559138 0.0559314 0.0555755 0.0544782 0.052137 0.0480682 0.0420659 0.0344364 0.0260255
 0.00633087 0.00986639 0.0140919 0.0187784 0.0237668 0.0289728 0.0342891 0.0395076 0.0443385 0.0484898 0.0517335 0.0539487 0.0551515 0.0555038 0.0552758 0.054767 0.054208 0.0536698 0.053 0.0518093 0.0495433 0.0456705 0.0399536 0.0326766 0.0246565
 0.00680017 0.010586 0.0150955 0.0200719 0.0253339 0.0307833 0.0363006 0.0416612 0.0465574 0.0506822 0.0537993 0.0557803 0.0566291 0.0564899 0.0556232 0.0543487 0.0529643 0.0516474 0.0503578 0.0487847 0.0464002 0.0426536 0.0372607 0.0304431 0.0229455
 0.00729122 0.0113455 0.016167 0.0214726 0.0270565 0.0327985 0.0385548 0.0440719 0.0490158 0.0530649 0.0559824 0.0576509 0.058088 0.0574469 0.0559888 0.0540323 0.0518886 0.0497835 0.0477642 0.0456275 0.0429385 0.0391925 0.0340903 0.0277821 0.020905
 0.00776216 0.0120739 0.0171955 0.0228202 0.0287224 0.0347655 0.0407858 0.046501 0.0515427 0.0555594 0.0582983 0.0596441 0.0596337 0.0584485 0.0563759 0.0537495 0.0508892 0.0480395 0.0452965 0.0425436 0.0394514 0.035601 0.0307193 0.024904 0.018677
 0.00817216 0.0127129 0.0181069 0.0240294 0.0302371 0.036576 0.0428601 0.0487777 0.0539302 0.0579415 0.0605447 0.0616202 0.0612117 0.0595188 0.0568535 0.0535747 0.0500233 0.0464647 0.0430309 0.0396705 0.0361468 0.0321335 0.0274052 0.0220306 0.0164268
 0.00852535 0.0132665 0.018903 0.0250969 0.0315917 0.0382186 0.0447693 0.0509014 0.0561819 0.0602066 0.0626918 0.0635155 0.0627325 0.0605622 0.057341 0.0534507 0.0492523 0.0450322 0.0409547 0.0370234 0.0330813 0.0288879 0.0242714 0.0192852 0.0142567
 0.00882171 0.0137291 0.0195647 0.0259791 0.0327056 0.0395656 0.0463371 0.0526566 0.0580653 0.0621339 0.064559 0.0652083 0.064137 0.0615764 0.0578822 0.0534578 0.0486848 0.0438712 0.0392114 0.0347576 0.0304227 0.0260426 0.0214969 0.0168322 0.0123013
 0.00915616 0.0142439 0.0202867 0.0269165 0.0338513 0.040902 0.0478354 0.0542732 0.0597394 0.0637898 0.0661125 0.0665732 0.0652318 0.0623291 0.0582331 0.0533605 0.0481064 0.0427943 0.0376431 0.0327458 0.028075 0.0235332 0.0190464 0.014659 0.0105621
 0.00959379 0.0148996 0.0211707 0.0280041 0.0350945 0.0422469 0.0492333 0.0556809 0.0611127 0.0650797 0.0672655 0.0675354 0.0659528 0.0627654 0.0583489 0.0531265 0.047499 0.0417983 0.0362601 0.0310099 0.0260698 0.0213989 0.016964 0.0128102 0.00907907
 0.00997817 0.0154949 0.0220106 0.0290978 0.0364237 0.0437633 0.0508569 0.0573041 0.062618 0.0663644 0.0682613 0.0682116 0.0663074 0.0628106 0.0580999 0.052595 0.0466902 0.0407137 0.0349061 0.0294126 0.0242919 0.0195475 0.0151805 0.0112377 0.00782199
 0.0101299 0.0157483 0.0224053 0.0296769 0.0372268 0.0448137 0.0521451 0.0587753 0.0641711 0.0678651 0.0695665 0.0691998 0.066903 0.0629944 0.0578995 0.0520624 0.0458797 0.0396687 0.0336599 0.0280005 0.0227675 0.0179938 0.0137044 0.00994718 0.00679529
 0.0101768 0.0158225 0.0225147 0.0298329 0.0374484 0.0451314 0.0525991 0.059405 0.0649958 0.0688638 0.0706681 0.0702901 0.0678505 0.0636827 0.0582543 0.0520617 0.0455454 0.0390481 0.0328084 0.0269753 0.0216319 0.0168237 0.0125872 0.00896771 0.00601423
 0.0101164 0.0157502 0.0224536 0.0298201 0.0375248 0.0453273 0.052923 0.0598451 0.0655318 0.0694788 0.0713484 0.0710142 0.068574 0.0643349 0.0587507 0.0523275 0.0455368 0.0387611 0.0322742 0.0262487 0.020782 0.0159281 0.0117256 0.0082112 0.00541128
 0.0100632 0.0156635 0.0223249 0.0296464 0.0373162 0.0451135 0.0527554 0.0597863 0.065635 0.0697662 0.0718042 0.071593 0.069218 0.0649846 0.0593463 0.0528081 0.0458453 0.0388562 0.0321429 0.0259114 0.0202886 0.0153476 0.0111334 0.0076742 0.00497554
 0.0101253 0.0157296 0.0223601 0.0295972 0.0371253 0.0447447 0.0522166 0.0591391 0.0649848 0.0692374 0.0715072 0.0715952 0.0695259 0.0655459 0.0600674 0.0535785 0.0465594 0.0394283 0.0325171 0.0260681 0.0202457 0.0151541 0.0108554 0.00737832 0.00471314
 0.0103204 0.0160159 0.0227313 0.0300213 0.0375455 0.0450862 0.0523981 0.0590911 0.064674 0.0686901 0.070816 0.070898 0.0689653 0.0652239 0.0600181 0.0537663 0.0468988 0.0398139 0.0328531 0.0262887 0.0203247 0.0151037 0.0107156 0.00719969 0.00454036
 0.0104499 0.0162252 0.023043 0.0304528 0.0381014 0.0457476 0.0531125 0.0597696 0.0652048 0.0689656 0.0707669 0.0705212 0.0683326 0.0644649 0.0592797 0.0531662 0.0464928 0.0395909 0.0327547 0.0262412 0.0202685 0.0150092 0.010584 0.00705217 0.0044026
 0.0104864 0.0162812 0.0231222 0.0305598 0.0382451 0.0459431 0.0533786 0.0601186 0.0656268 0.0694159 0.0711668 0.0707789 0.0683766 0.0642753 0.0589005 0.0526894 0.0460232 0.0392069 0.0324862 0.0260726 0.0201594 0.0149205 0.0104938 0.00695823 0.00431428
