SBPRF35
12.7214
Curr Bio
929996
B35
891340
F35
0.173335
FOFL
0.173335
OFL
132633
Bzero
3.63469e+06
#pred survey bio
 3.23641e+06 3.1673e+06 3.09864e+06 2.96551e+06 2.80628e+06 2.5782e+06 2.34773e+06 2.11011e+06 1.90323e+06 1.70931e+06 1.52351e+06 1.36528e+06 1.2104e+06 1.10776e+06 965341 844629 760890 704210 671111 628686 597079 578309 560981 555046 554427 538530 537540 526804 515821 518721 525344 522259 525996 540668 558030 576885 596039 608293 635922 644222 649555 656703 656295 660412 672265 682172 685494 686616 686769 698341 697001 733769 761442 761470 771165 770700 764126 771155 779092 803126 839109 885217 924472 932077 935171 2.17478e+07 1.99015e+07 2.01877e+07 2.08949e+07 2.18698e+07 2.29376e+07 2.39716e+07 2.48983e+07 2.56866e+07 2.63337e+07 2.68517e+07 2.72593e+07 2.75763e+07 2.78211e+07 2.80095e+07 2.81542e+07 2.82655e+07 2.83512e+07 2.84174e+07 2.84688e+07 2.85088e+07 2.85401e+07 2.85647e+07 2.85841e+07 2.85995e+07 2.86117e+07 2.86215e+07 2.86293e+07 2.86355e+07 2.86405e+07 2.86446e+07 2.86478e+07 2.86505e+07 2.86526e+07 2.86544e+07 2.86558e+07 2.86569e+07 2.86579e+07 2.86587e+07 2.86593e+07 2.86598e+07 2.86602e+07 2.86606e+07 2.86608e+07 2.86611e+07 2.86612e+07 2.86614e+07 2.86615e+07 2.86616e+07 2.86617e+07 2.86618e+07 2.86618e+07 2.86619e+07 2.86619e+07 2.86619e+07 2.8662e+07 2.8662e+07 2.8662e+07 2.8662e+07 2.8662e+07 2.8662e+07 2.86621e+07 2.86621e+07 2.86621e+07 2.86621e+07 2.86621e+07 2.86621e+07 2.86621e+07 2.86621e+07 2.86621e+07 2.86621e+07 2.86621e+07 2.86621e+07 2.86621e+07 2.86621e+07 2.86621e+07 2.86621e+07 2.86621e+07 2.86621e+07 2.86621e+07 2.86621e+07 2.86621e+07 2.86621e+07 2.86621e+07 2.86621e+07 2.86621e+07 2.86621e+07 2.86621e+07 2.86621e+07 2.86621e+07 2.86621e+07 2.86621e+07 2.86621e+07 2.86621e+07 2.86621e+07 2.86621e+07 2.86621e+07 2.86621e+07 2.86621e+07 2.86621e+07 0 0 0 0 0 0 0 0 0 0 0 0 0 0 0 0 0 0 0 0 0 0 0 0 0
#obs survey bio
 2.65642e+06 2.94973e+06 3.61451e+06 2.19844e+06 3.25636e+06 2.46911e+06 1.86625e+06 2.11024e+06 1.81899e+06 1.96506e+06 1.54287e+06 1.29536e+06 1.48395e+06 1.05900e+06 654470 483315 854751 633741 626157 609016 462205 558878 597927 605481 404917 457824 895727 418948 543301 526697 469300 418990 547416 474833 478792 680824 623019 694588 642434 739362 564190 816344 536942 779331 842567 634907 574414 647314 743725 629172 740360 932452 730891 775475 911984 753915 711265 658254 1.0912e+06 602341 852795 930836 1.13978e+06 1.00174e+06 1.11291e+06
#pred catch bio
 88884.4 91036.3 157281 191099 266562 282992 303842 289500 289703 292130 275130 276615 232856 266670 243132 206686 179774 156899 161061 146832 131947 127195 114550 108390 119133 104029 110261 108456 96130.5 93955.3 103357 99001.5 92164.8 92823.2 94191.4 95715 102181 89859.2 106430 107896 105672 111637 107691 101793 104339 110438 112314 112988 103846 115413 83612.2 92287.3 114972 105907 114828 120286 109964 111536 100397 93465.4 88114.6 96369.4 124365 128499 122930 132633 132607 133435 136970 142687 149133 155347 160826 165379 169006 171806 173916 175478 176617 177439 178027 178444 178738 178945 179090 179190 179261 179310 179343 179367 179383 179394 179402 179407 179411 179413 179415 179416 179417 179418 179418 179418 179418 179419 179419 179419 179419 179419 179419 179419 179419 179419 179419 179419 179419 179419 179419 179419 179419 179419 179419 179419 179419 179419 179419 179419 179419 179419 179419 179419 179419 179419 179419 179419 179419 179419 179419 179419 179419 179419 179419 179419 179419 179419 179419 179419 179419 179419 179419 179419 179419 179419 179419 179419 179419 179419 179419 179419 179419 179419 179419 179419 179419 179419 179419 0 0 0 0 0 0 0 0 0 0 0 0 0 0 0 0 0 0 0 0 0 0 0 0 0
#obs catch bio
 0 90793.6 157938 191763 268362 284765 307465 292030 293404 294909 278432 282060 234447 270677 245798 210085 181152 158284 162996 148061 132789 128320 114770 107894 119851 103751 109343 108158 95755.4 93559.9 103284 99503.5 92871.5 93529.1 95268.2 96434 103084 89890.1 106695 107441 105385 111021 107513 101542 103970 110147 112210 112738 103303 115833 83305.4 91843.3 114798 105246 114282 119592 109531 111467 100444 93764.3 88398.2 96510.5 124592 128885 122878
#pred cpue bio
 3.19251e+06 3.12421e+06 3.05524e+06 2.92162e+06 2.7625e+06 2.53503e+06 2.30514e+06 2.06835e+06 1.86213e+06 1.66899e+06 1.48405e+06 1.32659e+06 1.17309e+06 1.07142e+06 931045 812143 729853 674390 642160 601146 570790 552875 536445 531098 530720 515457 514883 504673 493952 496692 502982 499609 502864 516970 533763 552175 571140 583447 610774 619244 624676 631789 631391 635321 646932 656682 659919 661044 661215 672466 671167 707619 735439 735701 745010 744343 737588 744043 751487 774939 810230 855656 894490 901895 904539 2.10365e+07 1.92519e+07 1.94456e+07 2.00529e+07 2.09971e+07 2.20586e+07 2.30915e+07 2.4018e+07 2.48064e+07 2.54534e+07 2.59714e+07 2.6379e+07 2.6696e+07 2.69408e+07 2.71292e+07 2.72739e+07 2.73852e+07 2.74709e+07 2.75371e+07 2.75885e+07 2.76285e+07 2.76598e+07 2.76844e+07 2.77039e+07 2.77192e+07 2.77314e+07 2.77412e+07 2.7749e+07 2.77552e+07 2.77602e+07 2.77643e+07 2.77675e+07 2.77702e+07 2.77723e+07 2.77741e+07 2.77755e+07 2.77767e+07 2.77776e+07 2.77784e+07 2.7779e+07 2.77795e+07 2.77799e+07 2.77803e+07 2.77805e+07 2.77808e+07 2.7781e+07 2.77811e+07 2.77812e+07 2.77813e+07 2.77814e+07 2.77815e+07 2.77815e+07 2.77816e+07 2.77816e+07 2.77817e+07 2.77817e+07 2.77817e+07 2.77817e+07 2.77817e+07 2.77817e+07 2.77818e+07 2.77818e+07 2.77818e+07 2.77818e+07 2.77818e+07 2.77818e+07 2.77818e+07 2.77818e+07 2.77818e+07 2.77818e+07 2.77818e+07 2.77818e+07 2.77818e+07 2.77818e+07 2.77818e+07 2.77818e+07 2.77818e+07 2.77818e+07 2.77818e+07 2.77818e+07 2.77818e+07 2.77818e+07 2.77818e+07 2.77818e+07 2.77818e+07 2.77818e+07 2.77818e+07 2.77818e+07 2.77818e+07 2.77818e+07 2.77818e+07 2.77818e+07 2.77818e+07 2.77818e+07 2.77818e+07 2.77818e+07 2.77818e+07 2.77818e+07 2.77818e+07 2.77818e+07 0 0 0 0 0 0 0 0 0 0 0 0 0 0 0 0 0 0 0 0 0 0 0 0 0
#obs cpue bio
 3.07028e+06 2.13699e+06 3.15944e+06 2.15208e+06 2.99909e+06 2.16638e+06 1.77862e+06 2.27561e+06 1.30858e+06 1.86624e+06 999622 854465 1.33489e+06 871764 1.3549e+06 822758 838314 551611 583295 614792 687371 470750 655632 712302 444252 840308 539566 489032 492454 517723 508827 383033 329411 537237 399055 534403 520494 666084 672301 874861 629844 737062 582119 564979 607996 707858 694608 841970 712285 527943 711072 821622 740625 900522 655760 940798 637087 769092 435353 731792 633994 969141 978090 655313 949192
#pred surv len freq
 0.00440596 0.00721669 0.0109813 0.0157243 0.0213606 0.0276092 0.0339688 0.0398454 0.0447752 0.0485725 0.0513099 0.0531934 0.0544479 0.055257 0.0557404 0.0559516 0.0558902 0.0555132 0.0547186 0.0532955 0.0508876 0.0470615 0.0415233 0.0343968 0.026353
 0.00472309 0.00764232 0.0114594 0.0161569 0.0216474 0.0277027 0.0339079 0.0397378 0.0447318 0.0486366 0.051428 0.0532468 0.0543226 0.0549098 0.0552267 0.055405 0.0554668 0.0553247 0.0547826 0.0535265 0.0511381 0.0471921 0.0414655 0.0341727 0.026046
 0.00480038 0.00782568 0.0118348 0.0168209 0.0226605 0.0290304 0.03539 0.0411242 0.0457821 0.049223 0.0515696 0.0530556 0.0539116 0.0543353 0.0544998 0.0545446 0.0545387 0.0544326 0.0540196 0.0529255 0.0506587 0.0467547 0.0410072 0.0336847 0.0255701
 0.00493411 0.00803187 0.0121296 0.0172262 0.0232151 0.0297967 0.0364379 0.0424869 0.0474008 0.0509201 0.0530864 0.0541448 0.0544287 0.0542707 0.0539417 0.0536175 0.0533652 0.053128 0.052692 0.0516625 0.0495083 0.0457242 0.0400867 0.0328746 0.0248894
 0.00509181 0.00829039 0.0125218 0.0177818 0.0239541 0.0307208 0.037528 0.0437109 0.0487265 0.0523164 0.0545013 0.0554747 0.0555129 0.0549317 0.054051 0.0531431 0.0523741 0.0517523 0.0510874 0.0499761 0.0478603 0.0442008 0.0387439 0.0317482 0.0239999
 0.0053253 0.00867002 0.0130934 0.0185882 0.0250273 0.0320686 0.0391195 0.0454705 0.0505448 0.0540748 0.0560966 0.056829 0.0565626 0.055606 0.0542631 0.0528091 0.0514517 0.0502737 0.049164 0.0477756 0.0455707 0.0419987 0.0367734 0.0301078 0.022736
 0.00555002 0.00903934 0.013657 0.0193958 0.0261202 0.0334653 0.0407999 0.047368 0.0525522 0.056062 0.0579308 0.0583921 0.0577617 0.0563741 0.0545495 0.052568 0.0506439 0.0488869 0.0472431 0.0454406 0.0430095 0.0394344 0.0344193 0.028126 0.0212105
 0.00583081 0.00948937 0.0143229 0.0203186 0.0273298 0.0349717 0.0425808 0.0493613 0.0546588 0.0581585 0.0598855 0.060079 0.0590714 0.0572216 0.0548753 0.0523333 0.0498244 0.0474762 0.04527 0.0429953 0.0402583 0.0366076 0.0317672 0.0258597 0.0194526
 0.0060719 0.00988468 0.014924 0.0211756 0.0284815 0.0364308 0.0443187 0.0513039 0.0566986 0.0601757 0.0617656 0.0617198 0.0603829 0.0581242 0.0553007 0.0522265 0.0491462 0.0462089 0.0434309 0.0406575 0.0375695 0.0337875 0.0290724 0.023522 0.0176199
 0.00635562 0.0103371 0.0155892 0.0220903 0.0296712 0.0379014 0.0460457 0.0532246 0.0587149 0.0621675 0.0636091 0.0633034 0.0616166 0.0589414 0.0556533 0.0520766 0.0484627 0.0449717 0.0416468 0.0383839 0.0349362 0.0309999 0.0263811 0.0211644 0.0157556
 0.00663324 0.0107935 0.0162849 0.023083 0.0310024 0.0395763 0.0480148 0.0553802 0.0609108 0.0642511 0.0654479 0.0647972 0.0626964 0.0595639 0.0557938 0.0517221 0.047605 0.0436079 0.0397897 0.0360849 0.03231 0.0282332 0.0237094 0.0188168 0.0138916
 0.00678401 0.0110583 0.0167206 0.0237568 0.0319795 0.0408981 0.0496759 0.057316 0.0630023 0.066345 0.0673833 0.0664296 0.0639168 0.060306 0.0560297 0.0514499 0.0468353 0.0423565 0.0380832 0.033978 0.0299078 0.0257019 0.0212596 0.0166566 0.0121693
 0.00703765 0.0114567 0.0172957 0.0245332 0.0329754 0.0421249 0.0511314 0.0589739 0.0648026 0.0681913 0.0691495 0.0679767 0.065115 0.0610565 0.0562762 0.0511775 0.0460594 0.0411105 0.036414 0.0319541 0.0276353 0.0233339 0.0189839 0.0146574 0.0105774
 0.00709828 0.0115742 0.0175072 0.0248841 0.0335082 0.0428627 0.0520653 0.0600638 0.0659928 0.0694281 0.0703868 0.0691666 0.0661936 0.061939 0.0568687 0.0513967 0.0458503 0.0404553 0.0353327 0.030505 0.0259178 0.0214882 0.017177 0.0130507 0.0092869
 0.0073948 0.012047 0.0182015 0.0258361 0.0347381 0.0443637 0.0537894 0.0619133 0.067828 0.0710919 0.0717384 0.0701112 0.0666962 0.0620161 0.0565629 0.0507497 0.0448889 0.0391948 0.0337937 0.0287317 0.0239912 0.0195281 0.0153268 0.0114462 0.00802046
 0.00761365 0.0124142 0.0187746 0.0266735 0.0358844 0.0458273 0.0555215 0.0638042 0.069725 0.0728311 0.073174 0.0711334 0.0672407 0.0620676 0.056152 0.049939 0.043752 0.037799 0.0321953 0.0269863 0.0221703 0.0177282 0.0136617 0.0100227 0.00690843
 0.00777342 0.0126609 0.0191234 0.0271349 0.0364688 0.0465491 0.0563967 0.0648388 0.0708984 0.0740842 0.0744093 0.0722312 0.0680835 0.0625654 0.0562565 0.0496471 0.0430981 0.0368412 0.0310025 0.0256322 0.0207353 0.0163027 0.0123422 0.00889545 0.00602858
 0.00787543 0.0128215 0.0193547 0.0274439 0.0368551 0.047004 0.0569042 0.0653806 0.0714628 0.074671 0.0750237 0.0728664 0.0687047 0.0631058 0.0566328 0.0497838 0.0429497 0.036402 0.030304 0.0247342 0.0197167 0.015253 0.0113515 0.00804057 0.0053578
 0.0077572 0.0126568 0.0191582 0.0272469 0.0366982 0.0469239 0.0569231 0.0655036 0.0716834 0.0749794 0.075413 0.0733326 0.0692391 0.0636838 0.0572056 0.050281 0.0432942 0.0365321 0.0301918 0.0243933 0.0191981 0.0146332 0.0107156 0.00746408 0.00489169
 0.00779565 0.0127066 0.0192109 0.0272904 0.0367248 0.0469396 0.0569523 0.0655816 0.0718387 0.0752169 0.07571 0.0736506 0.069543 0.0639545 0.0574371 0.0504667 0.0434154 0.0365572 0.0300886 0.0241469 0.0188229 0.014173 0.0102318 0.00701789 0.004527
 0.00787073 0.0128135 0.0193432 0.0274307 0.0368476 0.0470186 0.0569678 0.0655294 0.0717355 0.0750998 0.0756261 0.073639 0.0696197 0.0641079 0.0576365 0.0506756 0.0435994 0.0366848 0.0301324 0.0240878 0.0186591 0.0139254 0.0099404 0.0067293 0.00427978
 0.00779781 0.0127116 0.01922 0.0273021 0.0367311 0.0469234 0.0568893 0.0654516 0.0716422 0.074988 0.0755135 0.0735611 0.0696158 0.0642047 0.0578358 0.050953 0.0439118 0.0369835 0.0303735 0.0242402 0.0187098 0.0138823 0.00982972 0.00658731 0.00414088
 0.00783594 0.01275 0.0192354 0.0272618 0.0366056 0.0467043 0.0566006 0.0651444 0.0713735 0.0747966 0.0754088 0.0735309 0.0696445 0.0642861 0.0579736 0.0511495 0.0441577 0.0372532 0.0306308 0.0244493 0.018846 0.013939 0.00981877 0.00653309 0.00407064
 0.00791011 0.0128481 0.0193403 0.0273403 0.0366137 0.0465983 0.0563515 0.0647508 0.0708703 0.0742531 0.074914 0.0731666 0.0694601 0.0642886 0.0581357 0.0514284 0.0445089 0.037636 0.031007 0.0247837 0.0191111 0.0141209 0.00992056 0.00657183 0.00407008
 0.00777725 0.0126674 0.0191322 0.027142 0.0364638 0.0465149 0.0563167 0.064715 0.0707754 0.0740632 0.0746358 0.0728507 0.0691818 0.0641192 0.0581189 0.0515692 0.0447791 0.0379884 0.0313898 0.0251502 0.0194255 0.0143619 0.0100831 0.00666549 0.00411344
 0.00777133 0.0126531 0.0191038 0.0270964 0.0364069 0.0464676 0.0563139 0.0647906 0.0709387 0.0742805 0.0748352 0.0729527 0.0691388 0.0639401 0.0578624 0.0513145 0.0445921 0.0379009 0.0313978 0.0252255 0.0195313 0.0144656 0.0101642 0.00671705 0.00413898
 0.00776141 0.0126167 0.0190121 0.0269113 0.0360928 0.0460097 0.0557354 0.0641584 0.0703511 0.0738403 0.0746167 0.072976 0.0693649 0.0642897 0.0582522 0.0516889 0.0449338 0.0382191 0.0317059 0.0255254 0.0198108 0.0147065 0.0103523 0.00684843 0.00422034
 0.0078769 0.0127941 0.0192579 0.0272192 0.036439 0.0463496 0.0560054 0.0642886 0.0702897 0.0735792 0.0742029 0.072498 0.0689189 0.0639448 0.0580314 0.0515756 0.044894 0.0382237 0.03174 0.0255835 0.0198874 0.0147912 0.0104319 0.00691248 0.00426453
 0.00800651 0.0129956 0.0195436 0.0275929 0.0368939 0.0468647 0.0565417 0.0647873 0.0706785 0.0737877 0.0741833 0.0722438 0.0684723 0.0633859 0.0574531 0.0510541 0.0444717 0.0379091 0.0315211 0.0254419 0.0198055 0.014753 0.0104221 0.00691724 0.00427367
 0.00808908 0.0131116 0.0196847 0.0277409 0.0370272 0.0469679 0.0566128 0.0648368 0.0707214 0.0738319 0.074222 0.0722558 0.0684316 0.0632769 0.0572816 0.0508482 0.0442699 0.0377447 0.0314109 0.0253855 0.0197914 0.014766 0.0104481 0.00694554 0.00429758
 0.00816534 0.0132287 0.0198469 0.0279453 0.0372608 0.0472074 0.0568256 0.0649886 0.070788 0.07381 0.0741309 0.0721263 0.0682901 0.0631341 0.0571344 0.0506908 0.0441046 0.0375845 0.0312738 0.0252849 0.0197309 0.0147397 0.0104449 0.00695411 0.00430939
 0.00826133 0.0133916 0.020104 0.028323 0.0377757 0.047852 0.0575568 0.0657275 0.0714347 0.074271 0.0743441 0.0720759 0.0680054 0.0626753 0.0565723 0.0500887 0.0435102 0.0370314 0.0307858 0.0248786 0.0194142 0.0145106 0.0102921 0.00686059 0.00425713
 0.00825291 0.0133842 0.0201054 0.0283472 0.037843 0.0479862 0.0577801 0.0660511 0.0718489 0.0747375 0.0747986 0.0724434 0.0682224 0.0627096 0.0564301 0.0498076 0.0431439 0.0366333 0.0303998 0.0245355 0.0191324 0.0142967 0.0101429 0.00676542 0.00420193
 0.00823169 0.0133374 0.0200131 0.0281864 0.0375968 0.0476579 0.0574038 0.0656912 0.0715845 0.0746374 0.074898 0.0727303 0.0686405 0.0631753 0.0568584 0.0501363 0.0433465 0.0367178 0.030396 0.0244803 0.0190582 0.0142261 0.0100875 0.00672826 0.00418032
 0.00808998 0.0131344 0.0197572 0.0279001 0.0373065 0.047381 0.0571414 0.0654346 0.0713326 0.0744119 0.074745 0.0727042 0.0687778 0.0634742 0.0572746 0.0505983 0.0437805 0.0370705 0.0306455 0.0246333 0.0191381 0.0142601 0.0100982 0.00672988 0.00417991
 0.00791275 0.0128573 0.0193627 0.0273842 0.0366846 0.0466936 0.0564542 0.0648284 0.0708802 0.0741556 0.0746885 0.0728254 0.0690492 0.0638745 0.0577839 0.0511853 0.0443972 0.0376596 0.0311568 0.0250374 0.0194305 0.0144556 0.0102202 0.00680187 0.00422043
 0.00776543 0.0126203 0.0190114 0.0268987 0.0360566 0.0459344 0.0556048 0.0639619 0.0700921 0.0735432 0.0743271 0.0727505 0.0692523 0.0643126 0.0583965 0.0519091 0.0451719 0.038428 0.0318664 0.0256459 0.0199138 0.0148107 0.0104619 0.00695443 0.00430997
 0.0077261 0.012549 0.01889 0.0267051 0.0357684 0.0455365 0.0550973 0.0633654 0.0694484 0.0729116 0.0737769 0.0723502 0.0690562 0.0643474 0.0586553 0.0523546 0.0457468 0.0390676 0.0325074 0.0262347 0.0204117 0.0151983 0.0107391 0.0071365 0.00441966
 0.00753226 0.0122491 0.018467 0.0261532 0.035093 0.0447547 0.05424 0.0624796 0.0685956 0.0721609 0.0731958 0.0719955 0.0689669 0.0645389 0.0591156 0.0530442 0.0466028 0.0400119 0.0334588 0.0271198 0.021175 0.015808 0.0111891 0.00744221 0.00461004
 0.00752759 0.0122304 0.0184185 0.0260536 0.0349212 0.0444975 0.0538989 0.0620705 0.0681427 0.0716896 0.072731 0.0715654 0.068608 0.0642951 0.0590297 0.0531443 0.0468911 0.0404602 0.0340131 0.0277125 0.02174 0.0162944 0.0115692 0.00771192 0.00478372
 0.00752518 0.0122287 0.018419 0.0260565 0.034922 0.044484 0.0538499 0.0619613 0.0679546 0.0714195 0.0723945 0.0711933 0.0682383 0.0639678 0.0587839 0.0530158 0.0469056 0.0406244 0.0343085 0.0280965 0.0221562 0.0166876 0.0118986 0.00795885 0.00494971
 0.00754128 0.0122457 0.0184281 0.0260448 0.034877 0.0443991 0.0537289 0.0618155 0.0677959 0.0712532 0.0722183 0.0710029 0.0680357 0.0637661 0.058607 0.0528934 0.0468665 0.0406886 0.0344793 0.0283564 0.0224689 0.0170077 0.0121851 0.00818542 0.00510897
 0.0075975 0.0123361 0.0185614 0.0262257 0.0351022 0.0446534 0.0539822 0.0620282 0.067929 0.0712814 0.0721357 0.0708207 0.0677746 0.063451 0.0582661 0.052559 0.0465739 0.040471 0.0343596 0.02834 0.0225408 0.0171368 0.0123342 0.008323 0.00521634
 0.00756821 0.0122974 0.01852 0.0261939 0.0350957 0.0446857 0.05406 0.0621469 0.0680724 0.0714234 0.072247 0.0708761 0.0677603 0.0633673 0.0581258 0.0523841 0.0463917 0.0403108 0.0342477 0.0282931 0.0225606 0.0172092 0.0124346 0.00842559 0.00530241
 0.0075301 0.0122281 0.0184031 0.0260125 0.0348397 0.0443623 0.0537004 0.0618037 0.0678051 0.0712779 0.0722404 0.0709935 0.0679629 0.0636076 0.0583616 0.052588 0.0465549 0.0404401 0.0343591 0.0284037 0.0226811 0.0173396 0.0125653 0.00854312 0.00539601
 0.00750759 0.0121935 0.0183537 0.0259454 0.0347493 0.0442397 0.0535355 0.0615918 0.0675551 0.0710183 0.0720149 0.0708473 0.067925 0.0636793 0.0585179 0.0527899 0.0467645 0.0406324 0.0345255 0.028548 0.0228114 0.0174614 0.0126779 0.00864112 0.00547375
 0.00746804 0.0121406 0.0182953 0.0258951 0.0347228 0.0442469 0.0535743 0.061646 0.0675989 0.071025 0.0719684 0.0707503 0.0678006 0.0635622 0.0584399 0.0527667 0.046792 0.0406936 0.0346013 0.0286255 0.0228857 0.017532 0.0127444 0.00870095 0.00552323
 0.00747502 0.0121442 0.0182872 0.0258649 0.0346634 0.0441612 0.0534789 0.0615669 0.0675596 0.0710335 0.0720118 0.0708011 0.0678315 0.0635601 0.058411 0.0527309 0.0467705 0.0406985 0.0346325 0.0286748 0.0229433 0.0175904 0.0127989 0.00874844 0.00556159
 0.00754934 0.012252 0.0184247 0.0260189 0.0348129 0.0442825 0.0535509 0.0615772 0.0675089 0.0709373 0.0718953 0.0706887 0.0677362 0.0634804 0.0583376 0.0526564 0.0466966 0.0406339 0.0345867 0.0286521 0.0229418 0.0176039 0.0128205 0.00877207 0.00558305
 0.00744342 0.0121036 0.0182448 0.0258312 0.0346455 0.044155 0.0534656 0.0615199 0.0674596 0.0708832 0.0718387 0.0706462 0.0677291 0.0635236 0.0584317 0.0527887 0.0468478 0.0407868 0.0347311 0.028784 0.0230597 0.0177064 0.0129054 0.00883814 0.00563066
 0.0073358 0.0119456 0.0180396 0.0255956 0.0344086 0.0439537 0.0533371 0.061492 0.0675393 0.0710497 0.0720474 0.0708452 0.0678805 0.0636161 0.0584782 0.0528128 0.0468698 0.0408169 0.0347703 0.0288291 0.0231069 0.0177522 0.012947 0.00887311 0.00565757
 0.00709007 0.0115382 0.0174144 0.024703 0.033225 0.0425089 0.0517362 0.0599121 0.0661924 0.070125 0.0716594 0.0710097 0.0685232 0.064605 0.0596647 0.054066 0.0480937 0.0419506 0.0357789 0.0296936 0.0238189 0.0183124 0.0133647 0.00916561 0.00584825
 0.00708249 0.0114978 0.0173004 0.0244562 0.032778 0.0418061 0.0507573 0.0586911 0.064826 0.0687653 0.0704894 0.0702024 0.0681963 0.0647888 0.0602993 0.055027 0.0492329 0.0431324 0.0369009 0.0306901 0.0246549 0.018976 0.0138612 0.00951342 0.00607448
 0.00723015 0.0117333 0.0176431 0.0249128 0.0333304 0.0423982 0.0512882 0.0590276 0.0648383 0.0683753 0.0697087 0.0691412 0.0670364 0.0637327 0.0595125 0.0545967 0.0491566 0.0433376 0.0372815 0.0311422 0.0250983 0.0193607 0.0141646 0.00973283 0.00622017
 0.00722284 0.0117346 0.01767 0.0249899 0.0334848 0.0426485 0.0516319 0.0594301 0.0652301 0.0686601 0.0697863 0.0689415 0.0665537 0.06304 0.0587464 0.0539138 0.0486817 0.0431277 0.0373194 0.031358 0.0254033 0.0196769 0.0144399 0.00994372 0.00636481
 0.00730881 0.0118611 0.0178365 0.0251899 0.0337109 0.0428986 0.0519124 0.0597502 0.0655888 0.0690324 0.0701164 0.0691499 0.0665603 0.0627968 0.058265 0.053272 0.0480027 0.0425374 0.0369044 0.0311435 0.025359 0.0197419 0.0145515 0.0100559 0.00645375
 0.00744696 0.0120777 0.0181467 0.0255997 0.0342131 0.0434697 0.0525104 0.0603213 0.0660807 0.0694092 0.0703622 0.06926 0.0665258 0.0625986 0.0578847 0.0527145 0.0473138 0.041802 0.0362222 0.0305948 0.0249804 0.0195236 0.0144531 0.0100293 0.00645968
 0.00744144 0.0120802 0.0181717 0.025668 0.0343468 0.0436837 0.0528046 0.0606772 0.0664652 0.0697826 0.0706881 0.0695113 0.0666855 0.0626553 0.0578268 0.0525317 0.0470075 0.0413979 0.0357729 0.0301669 0.024631 0.0192811 0.0143136 0.00996664 0.00644219
 0.00740753 0.0120302 0.0181067 0.0255947 0.0342786 0.0436408 0.0528122 0.0607598 0.0666378 0.0700418 0.0710088 0.0698522 0.0670003 0.0629037 0.0579803 0.0525743 0.0469347 0.041219 0.0355148 0.0298725 0.0243492 0.0190516 0.0141547 0.00987454 0.00639907
 0.00735809 0.01194 0.0179536 0.0253545 0.0339337 0.0431933 0.0522949 0.0602368 0.0661918 0.0697522 0.0709297 0.0699983 0.0673445 0.0633857 0.0585228 0.0531012 0.0473856 0.0415578 0.0357321 0.0299832 0.0243851 0.019049 0.0141431 0.0098695 0.0064034
 0.00720684 0.0117104 0.0176378 0.0249538 0.0334554 0.0426466 0.0516917 0.0595986 0.0655587 0.0691865 0.0705093 0.069798 0.0674125 0.0637257 0.0590898 0.0538132 0.0481457 0.0422776 0.0363486 0.0304666 0.024736 0.0192887 0.0143007 0.00997173 0.00646954
 0.00705321 0.0114586 0.0172563 0.0244155 0.0327475 0.0417831 0.0507225 0.0586063 0.0646395 0.0684265 0.06997 0.0695171 0.0674118 0.0640128 0.0596512 0.0546045 0.0490904 0.0432785 0.0373091 0.031311 0.0254216 0.0198067 0.0146672 0.0102159 0.00662303
 0.00704068 0.0114219 0.0171702 0.0242447 0.032453 0.0413341 0.0501101 0.0578523 0.0637976 0.0675751 0.0691982 0.0689089 0.0670317 0.063899 0.0598148 0.0550303 0.049736 0.0440753 0.0381697 0.0321456 0.0261569 0.0203992 0.0151061 0.0105159 0.00681267
 0.00713075 0.0115731 0.0174045 0.0245793 0.0328894 0.0418433 0.0506237 0.0582692 0.0640104 0.0675064 0.0688291 0.0682859 0.0662529 0.0630873 0.0590887 0.054481 0.0494137 0.0439849 0.0382749 0.0323818 0.0264497 0.0206845 0.0153426 0.0106881 0.0069247
 0.00706754 0.0114997 0.0173489 0.0245871 0.033013 0.0421232 0.0510688 0.0588449 0.0646387 0.0680783 0.0692285 0.0684207 0.0660847 0.0626456 0.0584637 0.0537961 0.04879 0.0435106 0.0379894 0.0322751 0.0264766 0.0207855 0.0154645 0.0107957 0.0070031
#obs surv len freq
 nan nan nan nan nan nan nan nan nan nan nan nan nan nan nan nan nan nan nan nan nan nan nan nan nan
 0.00448599 0.00734781 0.011178 0.0159942 0.0216942 0.0279686 0.0342815 0.0400117 0.0446907 0.0481543 0.0505124 0.0520086 0.0529013 0.0534142 0.0537288 0.053984 0.0542628 0.0545557 0.0546945 0.0542865 0.0527246 0.0493567 0.0438064 0.0362864 0.02767
 0.0046109 0.0075544 0.0114951 0.0164496 0.0223077 0.0287414 0.0351856 0.0409874 0.0456553 0.0490196 0.051201 0.0524659 0.0531 0.053354 0.0534321 0.053488 0.0536108 0.0537901 0.0538541 0.053408 0.0518466 0.0485221 0.0430597 0.0356653 0.0271953
 0.00477849 0.00782606 0.0119027 0.0170227 0.0230689 0.0296975 0.0363176 0.042245 0.0469596 0.0502736 0.0523037 0.0533252 0.0536445 0.0535415 0.0532534 0.0529648 0.0527884 0.052728 0.0526186 0.052069 0.0504789 0.0472057 0.0418737 0.0346751 0.0264371
 0.00497031 0.00814164 0.0123844 0.0177118 0.0239971 0.0308732 0.0377134 0.0437937 0.0485647 0.0518276 0.0537031 0.0544777 0.0544706 0.0539772 0.0532564 0.0525208 0.0519151 0.0514743 0.0510599 0.050303 0.0486212 0.0453838 0.0402138 0.0332803 0.0253652
 0.00517137 0.00847167 0.0128872 0.0184311 0.0249685 0.0321122 0.0392013 0.0454711 0.050338 0.0535841 0.0553287 0.0558676 0.0555349 0.0546425 0.0534662 0.0522379 0.0511273 0.0502015 0.0493617 0.0482813 0.0464184 0.0431704 0.0381646 0.0315406 0.0240199
 0.00540536 0.00885364 0.0134651 0.0192508 0.0260654 0.0334979 0.0408497 0.0473134 0.0522716 0.0554921 0.0570961 0.0573913 0.056726 0.0554261 0.053781 0.0520367 0.050381 0.0489076 0.0475575 0.0460581 0.0439271 0.0406114 0.035756 0.0294719 0.0224074
 0.00564955 0.00925257 0.0140692 0.0201083 0.0272136 0.0349486 0.0425745 0.0492384 0.054288 0.0574766 0.0589309 0.0589741 0.0579725 0.056267 0.0541583 0.0519017 0.0496955 0.0476527 0.0457501 0.0437716 0.0413058 0.0378663 0.0331314 0.0271901 0.0206127
 0.00590242 0.00966618 0.0146964 0.0209998 0.0284083 0.0364585 0.0443685 0.0512369 0.0563745 0.05952 0.0608071 0.0605783 0.0592219 0.0570987 0.0545237 0.0517607 0.0490138 0.0464079 0.0439473 0.041468 0.0386331 0.0350321 0.0303899 0.0247825 0.0187033
 0.00614047 0.0100593 0.0152994 0.0218677 0.0295852 0.0379604 0.0461661 0.0532493 0.0584811 0.0615841 0.0626987 0.062188 0.0604649 0.0579135 0.0548672 0.0516017 0.0483277 0.0451777 0.0421769 0.0392058 0.035997 0.0322184 0.0276476 0.0223561 0.0167657
 0.00640045 0.0104826 0.0159379 0.0227702 0.0307893 0.0394774 0.0479659 0.055254 0.0605739 0.0636301 0.0645664 0.0637639 0.0616609 0.058668 0.0551419 0.0513745 0.0475857 0.0439156 0.0404057 0.0369732 0.0334127 0.0294647 0.0249603 0.019971 0.014854
 0.00660845 0.0108304 0.0164788 0.0235597 0.0318729 0.0408727 0.0496443 0.0571363 0.0625429 0.0655556 0.0663263 0.0652555 0.0628032 0.0594009 0.0554242 0.0511809 0.0469034 0.0427428 0.0387577 0.0348987 0.0310141 0.0269091 0.0224632 0.0177498 0.0130683
 0.00681916 0.0111717 0.0169909 0.0242804 0.0328326 0.0420846 0.0510929 0.0587697 0.0642759 0.0672814 0.0679321 0.066637 0.0638743 0.0600983 0.0557068 0.0510249 0.0462974 0.0416867 0.0372681 0.0330228 0.0288468 0.0246014 0.0202085 0.0157429 0.0114529
 0.00706507 0.0115723 0.0175946 0.0251307 0.0339574 0.0434807 0.0527122 0.0605182 0.0660315 0.0689215 0.0693555 0.0677706 0.0646697 0.0605248 0.0557464 0.0506693 0.0455463 0.0405476 0.0357621 0.0311964 0.026787 0.0224434 0.0181225 0.013899 0.00997513
 0.00727898 0.0119268 0.0181401 0.0259175 0.0350236 0.0448344 0.054314 0.0622755 0.0678127 0.0705834 0.0707713 0.0688481 0.0653566 0.0608045 0.055627 0.0501717 0.0446941 0.039365 0.0342789 0.02946 0.0248766 0.0204765 0.0162448 0.0122536 0.00866429
 0.00744908 0.0122073 0.0185698 0.0265357 0.0358632 0.0459101 0.0556088 0.0637339 0.0693446 0.0720777 0.0721124 0.0699317 0.0661028 0.0611663 0.0555916 0.0497544 0.0439274 0.038289 0.0329384 0.0279103 0.0231939 0.0187641 0.0146252 0.0108446 0.00754774
 0.00752087 0.0123277 0.0187586 0.0268154 0.036257 0.0464375 0.0562793 0.0645421 0.0702681 0.073076 0.0731281 0.0708929 0.066929 0.0617791 0.0559275 0.0497739 0.0436196 0.0376688 0.032042 0.0267929 0.0219306 0.0174502 0.0133677 0.00974335 0.00667179
 0.00760074 0.012447 0.0189191 0.0270137 0.0364879 0.0466995 0.0565777 0.0648888 0.0706765 0.0735553 0.0736762 0.0714907 0.0675384 0.0623437 0.05638 0.0500476 0.0436613 0.0374496 0.0315631 0.0260869 0.0210592 0.0164978 0.0124299 0.00890842 0.00600119
 0.00768442 0.0125788 0.0191089 0.0272659 0.0367987 0.0470541 0.05695 0.0652463 0.0709915 0.0738169 0.0738947 0.0716908 0.0677438 0.0625617 0.0565931 0.0502153 0.0437303 0.0373692 0.0313013 0.0256415 0.020462 0.0158105 0.011731 0.00827378 0.00548534
 0.00771541 0.0126255 0.0191726 0.027346 0.0368939 0.0471638 0.057074 0.0653839 0.0711392 0.0739685 0.0740443 0.0718368 0.0678911 0.0627189 0.0567637 0.0503886 0.0438771 0.0374474 0.0312684 0.0254714 0.0201573 0.0154052 0.0112817 0.00784294 0.00512255
 0.00777183 0.0127098 0.0192856 0.0274831 0.0370463 0.0473198 0.0572221 0.0655136 0.0712438 0.0740461 0.0740982 0.0718736 0.0679186 0.0627451 0.0567951 0.0504272 0.043916 0.0374678 0.0312424 0.0253724 0.0199726 0.0151454 0.0109796 0.0075421 0.00486191
 0.0078034 0.0127584 0.0193532 0.0275694 0.0371476 0.0474293 0.0573296 0.0656074 0.0713138 0.0740874 0.074113 0.0718705 0.0679088 0.0627389 0.0567992 0.0504434 0.0439405 0.0374897 0.0312446 0.0253351 0.0198818 0.0150006 0.010797 0.00734941 0.00468766
 0.00784586 0.0128221 0.0194392 0.027675 0.0372669 0.0475544 0.0574514 0.0657161 0.0713996 0.0741424 0.074133 0.0718567 0.0678681 0.062682 0.0567382 0.0503882 0.043896 0.0374542 0.0312097 0.025288 0.0198107 0.0149007 0.0106743 0.00721923 0.00456801
 0.00786989 0.0128593 0.0194917 0.0277429 0.0373481 0.0476442 0.0575423 0.0657989 0.0714656 0.0741857 0.0741518 0.0718527 0.0678454 0.0626456 0.0566938 0.0503418 0.0438528 0.0374165 0.0311753 0.0252508 0.0197631 0.0148378 0.0105975 0.00713636 0.00449019
 0.00790226 0.0129076 0.0195563 0.0278212 0.0374354 0.0477346 0.0576299 0.0658777 0.0715296 0.0742297 0.0741725 0.0718494 0.0678199 0.0626022 0.056638 0.0502798 0.04379 0.037357 0.0311207 0.0251996 0.0197117 0.014783 0.0105388 0.00707713 0.00443601
 0.00787605 0.0128677 0.0195012 0.0277516 0.0373538 0.0476457 0.05754 0.0657954 0.0714648 0.0741919 0.0741681 0.07188 0.0678814 0.0626857 0.0567326 0.050375 0.0438782 0.0374333 0.0311827 0.0252457 0.0197409 0.014795 0.0105353 0.0070623 0.00441575
 0.00788062 0.0128683 0.0194897 0.027717 0.0372859 0.0475401 0.057403 0.0656433 0.0713197 0.0740748 0.0740936 0.0718549 0.0679051 0.062752 0.0568309 0.0504925 0.0440015 0.0375511 0.0312864 0.0253303 0.0198038 0.0148362 0.0105572 0.00706906 0.00441293
 0.00789918 0.0128946 0.0195219 0.0277495 0.0373099 0.0475445 0.0573764 0.0655777 0.0712147 0.0739404 0.0739499 0.0717262 0.0678129 0.062709 0.0568387 0.0505436 0.0440827 0.0376474 0.0313838 0.025418 0.019875 0.014888 0.0105901 0.00708643 0.00441933
 0.00789205 0.0128821 0.0195012 0.0277177 0.037264 0.0474827 0.057299 0.0654869 0.0711141 0.0738349 0.0738461 0.0716334 0.0677432 0.0626745 0.0568482 0.0505988 0.0441771 0.037768 0.0315148 0.0255441 0.0199844 0.0149743 0.0106516 0.00712562 0.00444134
 0.00785554 0.0128253 0.0194206 0.0276118 0.0371342 0.0473335 0.0571384 0.0653266 0.0709677 0.0737146 0.0737608 0.0715873 0.0677368 0.0627066 0.0569174 0.0507027 0.0443116 0.037925 0.0316822 0.0257077 0.0201312 0.0150947 0.0107417 0.00718695 0.00447899
 0.00785678 0.0128199 0.0193991 0.0275615 0.0370428 0.0471956 0.0569598 0.065125 0.0707672 0.0735391 0.073628 0.0715066 0.0677099 0.06273 0.0569847 0.0508066 0.0444445 0.0380784 0.0318464 0.0258711 0.0202818 0.0152226 0.0108412 0.00725731 0.00452404
 0.00782382 0.0127692 0.0193277 0.0274677 0.0369253 0.0470525 0.0567901 0.0649308 0.0705576 0.073332 0.0734472 0.0713767 0.0676488 0.0627443 0.0570692 0.0509481 0.0446261 0.0382832 0.0320588 0.026077 0.0204688 0.0153809 0.0109652 0.00734644 0.0045824
 0.00780021 0.0127269 0.0192571 0.0273584 0.0367697 0.0468504 0.0565525 0.0646784 0.0703153 0.0731213 0.073283 0.0712677 0.0676011 0.0627622 0.0571537 0.0510943 0.044822 0.0385118 0.0323007 0.0263137 0.0206844 0.0155639 0.0111091 0.00745076 0.00465152
 0.00774733 0.012645 0.0191413 0.0272063 0.0365813 0.0466281 0.0563019 0.0644107 0.0700483 0.072878 0.0730877 0.0711406 0.0675538 0.062797 0.057265 0.0512715 0.045051 0.0387757 0.0325801 0.0265885 0.0209362 0.0157784 0.0112785 0.00757403 0.00473365
 0.00774816 0.0126394 0.0191203 0.0271576 0.0364931 0.0464942 0.0561259 0.0642058 0.0698327 0.0726699 0.072902 0.0709894 0.0674483 0.062747 0.0572774 0.0513474 0.0451852 0.0389566 0.0327915 0.0268114 0.0211513 0.0159692 0.011434 0.00768993 0.00481239
 0.00770545 0.0125752 0.019033 0.0270484 0.0363638 0.046346 0.0559585 0.0640201 0.0696344 0.0724716 0.0727218 0.070847 0.0673592 0.0627201 0.0573148 0.0514462 0.0453386 0.0391538 0.0330179 0.0270492 0.0213815 0.0161747 0.0116027 0.00781676 0.00489924
 0.00768786 0.012541 0.0189718 0.0269481 0.0362153 0.0461487 0.0557247 0.063773 0.0694008 0.0722728 0.0725694 0.0707444 0.0673069 0.062719 0.0573662 0.0515501 0.0454911 0.0393469 0.0332392 0.0272827 0.0216096 0.0163807 0.0117738 0.00794684 0.00498927
 0.00765745 0.0124975 0.0189167 0.0268851 0.0361476 0.0460753 0.0556392 0.0636668 0.0692694 0.0721212 0.072413 0.0706033 0.0671993 0.0626563 0.0573531 0.0515866 0.0455747 0.0394724 0.0333979 0.0274621 0.0217941 0.016554 0.0119225 0.00806292 0.0050714
 0.00764777 0.0124787 0.0188831 0.0268307 0.0360685 0.0459733 0.0555231 0.0635502 0.0691643 0.0720329 0.072339 0.0705384 0.067142 0.0626114 0.0573299 0.0515945 0.0456194 0.0395545 0.0335128 0.0276005 0.0219431 0.0166993 0.012051 0.00816586 0.00514581
 0.00762284 0.0124414 0.0188328 0.0267683 0.0359955 0.0458904 0.0554304 0.0634487 0.0690586 0.0719315 0.0722524 0.0704753 0.0671054 0.0625998 0.0573403 0.0516255 0.0456725 0.0396316 0.0336137 0.0277206 0.0220734 0.016828 0.0121666 0.00825981 0.00521471
 0.00758322 0.0123802 0.0187469 0.0266576 0.0358633 0.0457439 0.0552804 0.0633081 0.0689394 0.0718419 0.0721956 0.0704506 0.0671108 0.0626327 0.0573977 0.0517036 0.0457676 0.0397409 0.0337348 0.0278501 0.0222055 0.0169545 0.0122786 0.00835052 0.00528133
 0.00760368 0.012407 0.0187754 0.0266793 0.0358685 0.0457252 0.0552359 0.063242 0.0688599 0.0717586 0.0721165 0.0703811 0.0670538 0.0625901 0.0573707 0.0516939 0.0457763 0.0397684 0.0337803 0.0279111 0.0222775 0.0170308 0.0123514 0.00841308 0.00532949
 0.00756731 0.0123576 0.0187185 0.0266253 0.035828 0.0457034 0.0552288 0.0632378 0.0688456 0.0717269 0.0720695 0.0703283 0.0670069 0.0625582 0.0573581 0.051701 0.0458015 0.0398095 0.033835 0.0279765 0.0223493 0.0171036 0.0124192 0.00847058 0.00537353
 0.00755148 0.0123265 0.0186626 0.0265344 0.0356966 0.0455367 0.0550461 0.0630687 0.0687188 0.0716585 0.0720576 0.0703583 0.0670611 0.0626241 0.057431 0.0517804 0.045888 0.0399027 0.0339327 0.0280755 0.0224457 0.0171928 0.0124968 0.00853322 0.0054199
 0.0075178 0.012275 0.0185906 0.0264409 0.0355806 0.0453973 0.0548833 0.0628872 0.0685316 0.0714876 0.0719291 0.0702931 0.0670671 0.062694 0.0575471 0.0519234 0.0460425 0.0400588 0.0340843 0.0282184 0.0225758 0.0173064 0.0125906 0.00860576 0.00547175
 0.00752654 0.0122861 0.0186017 0.0264477 0.0355785 0.0453821 0.0548526 0.0628399 0.0684671 0.0714057 0.071833 0.0701913 0.066974 0.0626257 0.0575155 0.0519314 0.0460846 0.0401248 0.0341639 0.0283028 0.0226586 0.0173825 0.012656 0.00865788 0.00550994
 0.00750169 0.0122506 0.0185571 0.0263982 0.0355291 0.0453363 0.0548108 0.0627996 0.0684252 0.0713606 0.071785 0.0701429 0.0669296 0.0625913 0.0574985 0.0519387 0.0461196 0.0401858 0.034244 0.0283927 0.0227488 0.0174653 0.0127263 0.00871289 0.00554949
 0.00751236 0.0122635 0.0185686 0.0264029 0.0355219 0.0453155 0.05478 0.0627662 0.0683965 0.0713393 0.0717684 0.070125 0.0669051 0.0625591 0.0574626 0.0519069 0.0461005 0.0401855 0.0342645 0.028431 0.0227983 0.017518 0.0127752 0.00875341 0.00557969
 0.00748542 0.0122253 0.0185213 0.0263513 0.0354715 0.0452695 0.0547378 0.062725 0.0683544 0.0712988 0.0717356 0.0701064 0.0669036 0.0625726 0.0574859 0.0519355 0.0461328 0.0402232 0.0343096 0.0284839 0.0228565 0.0175765 0.0128284 0.0087971 0.00561201
 0.0074921 0.0122328 0.0185268 0.0263508 0.0354616 0.0452503 0.0547134 0.0627023 0.068339 0.0712915 0.0717325 0.0701019 0.0668943 0.062559 0.0574712 0.0519228 0.0461246 0.040221 0.0343152 0.0284982 0.0228789 0.0176045 0.0128579 0.00882399 0.00563347
 0.0074921 0.0122328 0.0185268 0.0263508 0.0354616 0.0452503 0.0547134 0.0627023 0.068339 0.0712915 0.0717325 0.0701019 0.0668943 0.062559 0.0574712 0.0519228 0.0461246 0.040221 0.0343152 0.0284982 0.0228789 0.0176045 0.0128579 0.00882399 0.00563347
 0.0072114 0.011789 0.0178838 0.0254881 0.0343842 0.0439999 0.0533788 0.0614156 0.067252 0.0705389 0.0713982 0.0702033 0.0673869 0.0633551 0.0584639 0.0530077 0.0472145 0.0412513 0.0352432 0.0292993 0.0235418 0.0181284 0.0132504 0.00910012 0.0058141
 0.00720729 0.011748 0.0177588 0.0252148 0.0338976 0.0432614 0.052401 0.0602702 0.0660576 0.069435 0.0705173 0.0696487 0.0672165 0.0635729 0.0590219 0.0538195 0.0481753 0.0422592 0.0362138 0.0301726 0.024282 0.0187203 0.0136959 0.00941367 0.00601888
 0.00730377 0.0119129 0.0180183 0.0255878 0.0343791 0.0438025 0.0528996 0.0605886 0.0660679 0.0690725 0.0698132 0.0687224 0.0662356 0.0627028 0.0583846 0.0534725 0.0481114 0.0424228 0.0365248 0.0305495 0.0246585 0.0190523 0.0139609 0.00960721 0.00614835
 0.00726572 0.0118663 0.0179774 0.025578 0.0344329 0.0439503 0.0531557 0.0609364 0.0664502 0.0693953 0.069969 0.0686307 0.0658816 0.0621507 0.0577575 0.0529077 0.0477149 0.0422419 0.0365466 0.0307194 0.0249061 0.0193138 0.0141923 0.00978671 0.00627276
 0.00728361 0.011892 0.0180107 0.0256188 0.0344842 0.0440218 0.0532649 0.0611039 0.0666888 0.069695 0.0702869 0.0688935 0.0660055 0.0620748 0.0574745 0.0524738 0.0472311 0.0418151 0.0362517 0.0305802 0.0248999 0.0193922 0.0143044 0.00989491 0.00635749
 0.00725835 0.0118571 0.0179694 0.0255777 0.034451 0.0440028 0.0532638 0.0611242 0.0667368 0.0697817 0.0704219 0.0690739 0.0662053 0.0622448 0.0575583 0.0524346 0.0470728 0.0415849 0.0360196 0.0304074 0.0248159 0.0193909 0.0143566 0.00996655 0.00642364
 0.00725168 0.0118463 0.0179533 0.0255561 0.0344256 0.0439781 0.0532471 0.0611238 0.0667594 0.0698302 0.0704958 0.0691706 0.0663197 0.0623654 0.0576633 0.0524945 0.047063 0.0415008 0.0358836 0.0302608 0.0246994 0.0193265 0.0143428 0.00998626 0.00645608
 0.00715532 0.0116931 0.0177299 0.0252541 0.0340454 0.0435337 0.0527702 0.0606629 0.0663717 0.0695672 0.0703913 0.069234 0.0665366 0.0627035 0.0580781 0.0529363 0.0474835 0.0418623 0.0361675 0.0304704 0.0248539 0.0194483 0.0144466 0.0100757 0.00652857
 0.00707427 0.0115535 0.017506 0.0249187 0.033578 0.0429326 0.0520634 0.0599105 0.0656549 0.0689708 0.0699858 0.0690636 0.0666145 0.0630116 0.0585723 0.0535545 0.0481565 0.0425249 0.0367685 0.0309796 0.0252624 0.0197636 0.0146831 0.0102479 0.00664855
 0.00700535 0.0114378 0.0173246 0.0246506 0.0332034 0.0424389 0.0514531 0.0592074 0.0649066 0.0682444 0.0693595 0.0686132 0.0663991 0.0630609 0.0588804 0.0540814 0.0488365 0.0432798 0.0375219 0.0316696 0.0258494 0.0202313 0.0150342 0.0104966 0.00681419
 0.0069153 0.0112925 0.0171079 0.024348 0.0328045 0.0419411 0.050866 0.0585546 0.0642237 0.0675753 0.068753 0.0681217 0.0660753 0.062951 0.0590132 0.0544577 0.0494243 0.0440177 0.0383306 0.0324681 0.0265705 0.0208315 0.0154967 0.010827 0.00703279
 0.0068748 0.0112222 0.0169938 0.024174 0.0325556 0.0416087 0.0504524 0.0580749 0.0637028 0.067043 0.0682402 0.0676608 0.0657016 0.0627033 0.0589302 0.054569 0.0497392 0.0445159 0.0389618 0.0331608 0.0272486 0.0214318 0.0159803 0.0111827 0.00727183
 0.00693721 0.011321 0.0171366 0.0243632 0.0327844 0.0418568 0.0506836 0.0582407 0.063754 0.0669443 0.0679815 0.0672601 0.0652009 0.0621613 0.0584138 0.0541448 0.0494623 0.0444183 0.0390432 0.0333879 0.0275642 0.0217716 0.0162903 0.0114304 0.0074476
 0.00698569 0.0114104 0.0172901 0.0246074 0.0331407 0.0423286 0.051245 0.0588337 0.0642978 0.0673537 0.0681867 0.0672212 0.064916 0.0616665 0.0577764 0.053451 0.0488017 0.0438678 0.0386528 0.0331719 0.0275018 0.0218175 0.0163916 0.0115421 0.00754189
#pred catch len freq
 0.0032856 0.00531651 0.00798956 0.0113396 0.0154037 0.0201766 0.0255489 0.031291 0.0370979 0.0426536 0.0476795 0.051972 0.0554278 0.0580428 0.0598773 0.0610128 0.0615219 0.0614456 0.0607509 0.0592644 0.0566307 0.0523916 0.0462335 0.0383013 0.0293452
 0.00353477 0.00565511 0.00837931 0.0117117 0.0156876 0.0203408 0.0256235 0.0313511 0.037213 0.0428332 0.0478544 0.0520251 0.0552578 0.0576227 0.0592792 0.0603871 0.0610398 0.0612282 0.0608156 0.0595153 0.0569032 0.0525308 0.0461636 0.0380472 0.0289999
 0.00363281 0.00584846 0.00872756 0.0122768 0.0165022 0.0213688 0.0267421 0.0323806 0.0379894 0.0432793 0.0479964 0.051943 0.0550136 0.057226 0.0587122 0.0596606 0.0602277 0.0604493 0.0601756 0.05905 0.0565639 0.052223 0.0458103 0.0376327 0.0285678
 0.00376931 0.00605943 0.00902999 0.0126929 0.0170705 0.0221497 0.027802 0.0337487 0.0396038 0.0449632 0.0494957 0.0530175 0.0555246 0.0571647 0.0581624 0.0587394 0.0590525 0.0591359 0.0588379 0.0577817 0.055415 0.0511975 0.0448921 0.0368179 0.0278756
