SBPRF35
12.7214
Curr Bio
741639
B35
856935
F35
0.172945
FOFL
0.160935
OFL
105315
Bzero
3.63469e+006
#pred survey bio
 3.12921e+006 2.84637e+006 2.60444e+006 2.35907e+006 2.10268e+006 1.84741e+006 1.62006e+006 1.41904e+006 1.25812e+006 1.13626e+006 1.00424e+006 878379 790529 730171 669821 627318 588473 561508 541642 529032 524872 523766 514301 518588 516258 530648 537408 543303 556144 563050 576316 593258 609305 610400 618717 625926 634224 642383 649872 647851 654127 654257 652798 653289 659143 664667 679161 747430 2.82132e+007 1.72412e+007 1.776e+007 1.87539e+007 2.00526e+007 2.14483e+007 2.2787e+007 2.39792e+007 2.49881e+007 2.58121e+007 2.64684e+007 2.6982e+007 2.73793e+007 2.76842e+007 2.79173e+007 2.80952e+007 2.8231e+007 2.8335e+007 2.84147e+007 2.84762e+007 2.85237e+007 2.85607e+007 2.85896e+007 2.86122e+007 2.86301e+007 2.86442e+007 2.86554e+007 2.86644e+007 2.86715e+007 2.86772e+007 2.86818e+007 2.86855e+007 2.86885e+007 2.86909e+007 2.86929e+007 2.86945e+007 2.86958e+007 2.86969e+007 2.86977e+007 2.86984e+007 2.8699e+007 2.86995e+007 2.86999e+007 2.87002e+007 2.87004e+007 2.87006e+007 2.87008e+007 2.8701e+007 2.87011e+007 2.87012e+007 2.87012e+007 2.87013e+007 2.87014e+007 2.87014e+007 2.87014e+007 2.87015e+007 2.87015e+007 2.87015e+007 2.87015e+007 2.87015e+007 2.87015e+007 2.87015e+007 2.87016e+007 2.87016e+007 2.87016e+007 2.87016e+007 2.87016e+007 2.87016e+007 2.87016e+007 2.87016e+007 2.87016e+007 2.87016e+007 2.87016e+007 2.87016e+007 2.87016e+007 2.87016e+007 2.87016e+007 2.87016e+007 2.87016e+007 2.87016e+007 2.87016e+007 2.87016e+007 2.87016e+007 2.87016e+007 2.87016e+007 2.87016e+007 2.87016e+007 2.87016e+007 2.87016e+007 2.87016e+007 2.87016e+007 2.87016e+007 2.87016e+007 2.87016e+007 2.87016e+007 2.87016e+007 2.87016e+007 2.87016e+007 2.87016e+007 2.87016e+007 0 0 0 0 0 0 0 0 0 0 0 0 0 0 0 0 0 0 0 0 0 0 0 0 0
#obs survey bio
 2.936e+006 4.27248e+006 3.26884e+006 2.59208e+006 2.47069e+006 1.67299e+006 1.2569e+006 1.65192e+006 1.32231e+006 1.34418e+006 1.28305e+006 801851 977537 822139 635524 393695 955094 695915 443068 526950 388824 413127 463735 386626 404924 683744 679309 496400 606374 767965 495539 751063 670627 518287 733123 589362 854322 789173 584808 720608 541927 496375 617684 644218 672405 682155 643003 932342
#pred catch bio
 282625 265881 290021 318495 333038 320294 305490 274954 243061 251326 241908 204450 177173 173036 153374 145896 131584 122716 115048 107392 104713 111077 99179.3 105060 91657.3 98563.1 98684.1 92764.7 97883.6 92542.7 90214.6 91881.3 104706 98773.1 100744 100834 101697 102939 111605 105346 111707 113778 112850 109256 110458 104184 62332.4 74130 105315 114494 116743 122093 130040 138783 147126 154445 160512 165337 169059 171863 173938 175451 176543 177324 177878 178270 178544 178737 178871 178965 179030 179075 179106 179127 179142 179153 179160 179164 179168 179170 179172 179173 179174 179174 179174 179175 179175 179175 179175 179175 179175 179175 179175 179175 179175 179175 179175 179175 179175 179175 179175 179175 179175 179175 179175 179175 179175 179175 179175 179175 179175 179175 179175 179175 179175 179175 179175 179175 179175 179175 179175 179175 179175 179175 179175 179175 179175 179175 179175 179175 179175 179175 179175 179175 179175 179175 179175 179175 179175 179175 179175 179175 179175 179175 179175 179175 179175 179175 0 0 0 0 0 0 0 0 0 0 0 0 0 0 0 0 0 0 0 0 0 0 0 0 0
#obs catch bio
 227208 265102 289522 318978 333400 321189 309086 277426 244934 252062 241869 204070 176746 172524 153576 147229 131024 122325 115358 107656 105313 111532 99492.4 105902 92411.4 99194.1 98886.2 92577.4 98117.8 92325.2 90104.5 91501.4 104361 98307.6 100533 100930 101670 102441 111394 105104 111926 114255 113175 109852 111139 105029 62210.3 74176.7
#pred cpue bio
 3.08371e+006 2.80203e+006 2.56011e+006 2.31486e+006 2.05951e+006 1.8055e+006 1.57932e+006 1.37977e+006 1.22041e+006 1.09996e+006 969919 846130 759764 700687 641833 600467 562911 536947 517592 505160 501046 500050 490892 495058 492725 506843 513826 519937 532609 539520 552659 569314 585131 586252 594239 601121 609185 617264 624571 622387 628298 628225 626635 626957 632615 638028 652104 719208 2.72203e+007 1.6656e+007 1.70448e+007 1.7903e+007 1.91608e+007 2.05483e+007 2.18856e+007 2.30775e+007 2.40865e+007 2.49105e+007 2.55667e+007 2.60803e+007 2.64776e+007 2.67825e+007 2.70156e+007 2.71935e+007 2.73294e+007 2.74333e+007 2.75131e+007 2.75745e+007 2.76221e+007 2.7659e+007 2.76879e+007 2.77105e+007 2.77284e+007 2.77425e+007 2.77538e+007 2.77627e+007 2.77698e+007 2.77755e+007 2.77801e+007 2.77838e+007 2.77868e+007 2.77893e+007 2.77912e+007 2.77928e+007 2.77941e+007 2.77952e+007 2.77961e+007 2.77968e+007 2.77973e+007 2.77978e+007 2.77982e+007 2.77985e+007 2.77988e+007 2.7799e+007 2.77991e+007 2.77993e+007 2.77994e+007 2.77995e+007 2.77996e+007 2.77996e+007 2.77997e+007 2.77997e+007 2.77998e+007 2.77998e+007 2.77998e+007 2.77998e+007 2.77998e+007 2.77998e+007 2.77999e+007 2.77999e+007 2.77999e+007 2.77999e+007 2.77999e+007 2.77999e+007 2.77999e+007 2.77999e+007 2.77999e+007 2.77999e+007 2.77999e+007 2.77999e+007 2.77999e+007 2.77999e+007 2.77999e+007 2.77999e+007 2.77999e+007 2.77999e+007 2.77999e+007 2.77999e+007 2.77999e+007 2.77999e+007 2.77999e+007 2.77999e+007 2.77999e+007 2.77999e+007 2.77999e+007 2.77999e+007 2.77999e+007 2.77999e+007 2.77999e+007 2.77999e+007 2.77999e+007 2.77999e+007 2.77999e+007 2.77999e+007 2.77999e+007 2.77999e+007 2.77999e+007 2.77999e+007 0 0 0 0 0 0 0 0 0 0 0 0 0 0 0 0 0 0 0 0 0 0 0 0 0
#obs cpue bio
 3.03282e+006 2.65049e+006 1.96892e+006 1.53968e+006 1.86483e+006 1.63558e+006 1.0346e+006 1.23311e+006 1.0142e+006 1.35553e+006 916026 972254 626029 719436 506084 609495 682928 430344 444002 478467 498015 752323 450085 539297 411815 484532 520595 688883 397108 533104 595638 574571 610341 716704 449198 495335 502739 728592 634338 516308 589891 666408 691412 463438 575613 596219 613708 905990
#pred surv len freq
 0.00476083 0.00780907 0.0118993 0.0170536 0.0231596 0.0298722 0.0365949 0.0426354 0.0474673 0.0508975 0.053034 0.0541336 0.0544688 0.0542695 0.053718 0.0529637 0.0521412 0.0513667 0.0506807 0.0499346 0.0486926 0.0462821 0.0420714 0.0358761 0.0282175
 0.00520173 0.008455 0.0127439 0.0180559 0.0242695 0.0310639 0.0378808 0.0440451 0.0489996 0.0524803 0.054523 0.0553571 0.0552933 0.0546473 0.0536904 0.0526207 0.0515626 0.0505733 0.0496213 0.0485191 0.0468628 0.0440828 0.0396784 0.0335527 0.0262194
 0.00538479 0.00881058 0.0133806 0.0190963 0.0258036 0.0330882 0.0402594 0.0465333 0.0513307 0.0544617 0.0560776 0.0564891 0.0560217 0.0549659 0.0535775 0.0520729 0.05061 0.0492613 0.0479781 0.0465463 0.0445665 0.0415295 0.0370299 0.0310436 0.0240809
 0.00557774 0.00911762 0.0138358 0.0197408 0.0266943 0.034299 0.0418625 0.0485572 0.0537106 0.057016 0.0585388 0.0585836 0.0575514 0.0558444 0.0538089 0.0517049 0.0496998 0.0478632 0.0461433 0.0443274 0.0420334 0.0387969 0.0342751 0.0284879 0.0219294
 0.0058365 0.00953846 0.0144686 0.0206302 0.0278699 0.0357633 0.0435835 0.0504746 0.0557539 0.059117 0.0606214 0.0605377 0.0592218 0.057055 0.0544122 0.0516226 0.048929 0.046455 0.0441767 0.0418983 0.0392633 0.0358494 0.0313596 0.0258332 0.0197287
 0.00614245 0.0100357 0.0152165 0.0216836 0.0292679 0.0375119 0.0456372 0.0527309 0.0580695 0.061341 0.0626278 0.0622395 0.0605607 0.0579774 0.0548498 0.0514964 0.0481732 0.045045 0.0421446 0.0393355 0.036319 0.0327269 0.0283021 0.0230851 0.0174803
 0.00636558 0.0104166 0.0158234 0.0225914 0.030542 0.0391829 0.0476756 0.055038 0.0604922 0.0637034 0.0647632 0.0640141 0.0618847 0.0588027 0.0551553 0.0512667 0.047386 0.0436779 0.040199 0.0368665 0.0334558 0.0296736 0.0253115 0.0204078 0.0153041
 0.00658116 0.0107686 0.0163576 0.0233549 0.0315795 0.0405262 0.0493292 0.0569651 0.0626091 0.0658836 0.0668526 0.0658529 0.0633331 0.0597605 0.0555685 0.0511181 0.0466782 0.0424202 0.0384113 0.0346006 0.0308227 0.0268559 0.0225449 0.0179307 0.0132946
 0.00677047 0.0110759 0.0168192 0.0240053 0.0324457 0.0416197 0.0506375 0.0584491 0.0642092 0.0675292 0.0684663 0.0673496 0.0646174 0.0607325 0.0561368 0.0512139 0.0462623 0.0414824 0.0369696 0.0327087 0.0285847 0.0244357 0.0201526 0.0157799 0.0115464
 0.00686114 0.011234 0.0170774 0.024401 0.033014 0.0423817 0.0515885 0.0595555 0.0654157 0.0687727 0.0696875 0.0684959 0.0656388 0.0615738 0.0567335 0.051495 0.0461604 0.0409484 0.0359867 0.0313052 0.0268448 0.022502 0.0182092 0.0140146 0.0101025
 0.0070528 0.0115451 0.0175445 0.025058 0.0338851 0.0434708 0.0528675 0.0609588 0.0668476 0.0701251 0.0708613 0.0694186 0.0662722 0.0619112 0.056785 0.0512699 0.0456548 0.0401458 0.0348725 0.0298901 0.0251858 0.0207103 0.0164375 0.0124214 0.00880822
 0.00732598 0.0119815 0.0181866 0.0259387 0.0350202 0.0448477 0.0544338 0.0626193 0.0684769 0.0715911 0.0720494 0.0702471 0.0667 0.0619374 0.0564424 0.0506098 0.0447294 0.0389942 0.0335203 0.0283626 0.0235297 0.0190092 0.0148072 0.010984 0.00765562
 0.00744446 0.012184 0.0185096 0.026422 0.0356987 0.045737 0.055517 0.0638424 0.0697565 0.0728309 0.073155 0.0711364 0.0673094 0.0622265 0.0563975 0.0502439 0.0440755 0.0380956 0.032422 0.0271104 0.0221789 0.0176335 0.0134987 0.00983628 0.00673806
 0.00750344 0.0122738 0.0186348 0.0265867 0.0359106 0.0460121 0.0558798 0.0643189 0.0703615 0.0735545 0.0739565 0.0719485 0.0680507 0.0628173 0.0567726 0.0503613 0.0439204 0.0376786 0.0317741 0.0262787 0.0212239 0.0166292 0.0125275 0.00897705 0.00604764
 0.00763169 0.0124787 0.0189356 0.0269963 0.0364304 0.0466261 0.0565513 0.0649959 0.0709911 0.0741004 0.074406 0.0723053 0.0683195 0.0629911 0.0568301 0.0502738 0.043663 0.0372401 0.0311631 0.0255249 0.0203768 0.0157534 0.0116941 0.00825026 0.00547092
 0.00760208 0.0124488 0.0189242 0.0270329 0.0365479 0.0468488 0.0568844 0.0654211 0.0714714 0.07459 0.0748629 0.0727001 0.0686381 0.0632301 0.0569872 0.0503399 0.0436202 0.0370685 0.0308515 0.0250805 0.0198295 0.0151529 0.0111007 0.00772087 0.00504515
 0.00769345 0.0125727 0.0190666 0.0271688 0.0366533 0.0469167 0.0569341 0.0654931 0.0716074 0.0748105 0.0751553 0.0730251 0.068947 0.0634827 0.0571603 0.0504244 0.043613 0.0369658 0.0306491 0.0247802 0.0194472 0.0147211 0.0106641 0.00732488 0.00472321
 0.00788602 0.0128527 0.0194252 0.0275734 0.0370522 0.0472512 0.0571527 0.0655649 0.0715342 0.0746316 0.074938 0.0728397 0.0688402 0.0634621 0.0571996 0.0504811 0.0436463 0.0369457 0.0305581 0.0246131 0.0192113 0.0144379 0.0103656 0.00704583 0.0044914
 0.00801829 0.0130687 0.0197498 0.0280242 0.0376285 0.0479205 0.0578423 0.0661709 0.0719499 0.0747854 0.0748202 0.0725047 0.0683825 0.0629815 0.0567697 0.0501342 0.0433763 0.036724 0.0303514 0.0243964 0.0189744 0.0141859 0.0101154 0.00681903 0.00430593
 0.0080722 0.0131568 0.0198839 0.0282168 0.0378918 0.0482627 0.0582613 0.0666458 0.0724359 0.0752164 0.0751227 0.0726213 0.0682945 0.0627179 0.0563958 0.0497259 0.0429931 0.0363945 0.0300751 0.0241567 0.0187538 0.0139758 0.00991854 0.00664528 0.00416536
 0.00803376 0.0131005 0.0198111 0.0281341 0.0378109 0.0482 0.0582363 0.0666796 0.072546 0.0754087 0.0753835 0.072914 0.0685664 0.0629171 0.0564906 0.0497159 0.0429052 0.0362665 0.0299379 0.0240257 0.0186309 0.0138581 0.00980585 0.00654235 0.00407897
 0.00800825 0.0130541 0.0197329 0.0280124 0.0376383 0.0479802 0.0579894 0.0664414 0.0723606 0.0753161 0.0754087 0.0730597 0.0688112 0.0632191 0.0567978 0.0499804 0.0430972 0.0363799 0.0299856 0.0240277 0.018605 0.0138162 0.00975565 0.0064905 0.00403176
 0.00810736 0.0132041 0.0199371 0.0282643 0.0379209 0.0482665 0.0582449 0.0666297 0.072453 0.0753028 0.0753038 0.0728966 0.0686302 0.063053 0.0566618 0.0498712 0.0429996 0.0362776 0.0298703 0.0239016 0.0184772 0.013697 0.00965263 0.0064075 0.00396945
 0.00810246 0.0131933 0.0199157 0.0282265 0.0378614 0.0481828 0.0581399 0.0665113 0.0723329 0.0751934 0.0752168 0.0728427 0.0686188 0.0630905 0.0567487 0.0499989 0.0431504 0.0364285 0.0299994 0.0239953 0.0185322 0.013719 0.00965189 0.00639458 0.00395273
 0.00807938 0.0131712 0.0199101 0.0282598 0.0379542 0.0483427 0.0583523 0.0667407 0.0725339 0.0753271 0.0752622 0.0728005 0.0685074 0.0629384 0.0565869 0.0498533 0.0430363 0.0363487 0.0299468 0.0239578 0.0184993 0.0136853 0.0096175 0.0063624 0.00392593
 0.00784696 0.012812 0.0194063 0.0276124 0.0371888 0.0475133 0.0575418 0.0660506 0.0720598 0.0751295 0.0753489 0.0731295 0.0690079 0.0635349 0.0572159 0.0504702 0.0436133 0.0368694 0.0304003 0.0243363 0.0187987 0.0139069 0.00976909 0.00645732 0.00397978
 0.00778573 0.0126967 0.0192046 0.0272868 0.0367086 0.0468728 0.0567758 0.065237 0.0713046 0.0745397 0.0750052 0.0730687 0.0692186 0.0639656 0.0577926 0.051116 0.0442635 0.0374782 0.0309395 0.0247911 0.0191631 0.0141823 0.00996353 0.00658416 0.00405551
 0.00784062 0.0127658 0.0192701 0.0273163 0.0366595 0.0467019 0.056452 0.064753 0.0706867 0.0738507 0.0743376 0.0725251 0.0688841 0.0638847 0.0579598 0.0514826 0.0447569 0.0380225 0.0314717 0.0252672 0.0195588 0.0144892 0.010185 0.00673207 0.00414624
 0.00772231 0.0125985 0.0190636 0.0270923 0.0364415 0.0465004 0.0562551 0.0645298 0.0704034 0.0734914 0.0739195 0.0720998 0.0685261 0.0636697 0.0579412 0.0516757 0.0451347 0.0385259 0.0320278 0.0258084 0.0200351 0.0148732 0.0104699 0.0069266 0.00426804
 0.00771238 0.0125672 0.0189901 0.0269523 0.0362184 0.0461998 0.0559116 0.0641981 0.0701328 0.0733011 0.0737911 0.0719948 0.0684157 0.0635568 0.0578618 0.0516792 0.0452583 0.0387762 0.0323774 0.0262072 0.0204284 0.0152172 0.0107406 0.00711929 0.00439239
 0.00769704 0.0125355 0.0189292 0.0268439 0.0360411 0.0459345 0.0555504 0.0637534 0.0696433 0.072828 0.0734019 0.0717402 0.0683117 0.0635858 0.05799 0.0518793 0.0455198 0.0390984 0.0327543 0.0266176 0.020837 0.015586 0.0110413 0.00734065 0.00453939
 0.00760696 0.0124002 0.0187456 0.0266155 0.0357748 0.0456367 0.0552248 0.0634025 0.0692734 0.0724549 0.0730548 0.0714597 0.0681402 0.0635528 0.0581013 0.0521166 0.0458514 0.0394918 0.0331825 0.0270562 0.02126 0.0159659 0.011355 0.00757657 0.00469987
 0.00755469 0.0123094 0.018599 0.0263956 0.0354706 0.0452521 0.0547846 0.062949 0.0688537 0.0721051 0.072792 0.0712862 0.0680545 0.0635583 0.0582055 0.0523238 0.0461546 0.0398709 0.0336083 0.0274963 0.0216832 0.0163447 0.0116687 0.00781483 0.00486442
 0.00765809 0.0124649 0.0188088 0.0266505 0.0357495 0.0455229 0.0550071 0.0630819 0.068865 0.071983 0.0725492 0.0709543 0.0676741 0.0631702 0.0578476 0.0520293 0.0459494 0.0397687 0.0336071 0.0275791 0.0218224 0.0165089 0.0118295 0.0079515 0.00496689
 0.00766223 0.0124786 0.0188417 0.0267148 0.0358548 0.0456696 0.0551807 0.0632533 0.0689975 0.0720433 0.0725175 0.0708298 0.0674736 0.0629227 0.0575871 0.0517889 0.0457571 0.0396447 0.0335607 0.0276066 0.021908 0.0166284 0.0119569 0.00806569 0.00505575
 0.00761878 0.0124177 0.0187687 0.026642 0.0357999 0.0456515 0.0552146 0.0633454 0.0691407 0.0722155 0.0726844 0.0709537 0.0675255 0.0628916 0.0574826 0.0516371 0.0455921 0.0394995 0.0334601 0.027563 0.0219194 0.0166814 0.0120316 0.0081425 0.00512076
 0.00753611 0.0122914 0.0185942 0.0264224 0.035547 0.0453864 0.0549678 0.0631532 0.0690374 0.0722224 0.072801 0.0711559 0.067772 0.0631357 0.0576861 0.0517799 0.0456752 0.0395406 0.0334843 0.0275924 0.0219667 0.016747 0.0121071 0.00821582 0.00518196
 0.00757019 0.0123245 0.0186036 0.0263744 0.0354082 0.0451399 0.0546263 0.062761 0.0686579 0.0719195 0.0726219 0.0711214 0.0678743 0.063343 0.057952 0.0520561 0.0459242 0.0397432 0.0336402 0.0277136 0.0220678 0.0168381 0.0121904 0.0082885 0.0052399
 0.00759869 0.0123741 0.0186824 0.0264875 0.0355502 0.045288 0.0547388 0.0627874 0.0685606 0.0716955 0.0723104 0.0707911 0.0675966 0.0631672 0.0578925 0.0520953 0.0460255 0.0398678 0.0337595 0.0278142 0.0221489 0.0169047 0.0122472 0.00833686 0.00527884
 0.00766282 0.0124793 0.0188423 0.0267148 0.0358534 0.0456654 0.0551707 0.0632316 0.0689549 0.0719697 0.0724066 0.0706843 0.0673076 0.062757 0.0574409 0.0516732 0.0456759 0.0396017 0.0335662 0.0276753 0.0220492 0.016835 0.0122022 0.00831182 0.00526813
 0.00766058 0.0124764 0.0188397 0.0267154 0.0358631 0.0456938 0.0552306 0.0633357 0.069109 0.0721652 0.072616 0.0708652 0.0674153 0.0627625 0.0573436 0.0515019 0.0454753 0.0394139 0.0334166 0.0275704 0.0219826 0.0167961 0.0121817 0.00830303 0.0052663
 0.0076627 0.0124871 0.0188691 0.0267766 0.0359682 0.0458481 0.0554281 0.0635596 0.0693376 0.0723785 0.0727991 0.071006 0.0675004 0.0627761 0.0572733 0.0513473 0.0452537 0.0391577 0.0331625 0.0273478 0.0218069 0.0166692 0.012097 0.00825073 0.00523669
 0.00770032 0.012542 0.0189405 0.0268613 0.0360631 0.0459535 0.0555491 0.0637026 0.0695045 0.0725614 0.07298 0.0711621 0.0676105 0.0628249 0.0572523 0.0512544 0.0450947 0.0389481 0.0329272 0.0271155 0.021602 0.0165064 0.0119796 0.0081736 0.00519045
 0.00768103 0.0125208 0.0189269 0.0268693 0.0361064 0.0460381 0.0556694 0.063843 0.0696472 0.0726946 0.0731005 0.0712708 0.0677056 0.0628986 0.0572919 0.0512476 0.0450348 0.0388371 0.0327769 0.0269454 0.0214343 0.0163601 0.0118656 0.00809386 0.00514029
 0.00764741 0.0124629 0.0188349 0.0267347 0.0359274 0.045826 0.0554514 0.063658 0.069533 0.0726738 0.0731741 0.0714216 0.0679079 0.0631257 0.0575196 0.051454 0.045201 0.0389505 0.0328338 0.0269525 0.0214065 0.0163151 0.011819 0.00805548 0.00511359
 0.00770567 0.0125408 0.0189207 0.0268064 0.0359574 0.045791 0.0553409 0.0634802 0.069314 0.0724528 0.072993 0.0713135 0.0678879 0.0631886 0.0576438 0.0516102 0.0453601 0.0390883 0.0329348 0.0270111 0.0214268 0.016308 0.011798 0.00803186 0.00509405
 0.00760052 0.0123943 0.0187444 0.0266239 0.0357946 0.0456617 0.0552387 0.0633815 0.0691942 0.0723033 0.0728305 0.0711752 0.0678157 0.0632121 0.0577699 0.0518219 0.0456238 0.0393654 0.033191 0.027223 0.0215845 0.0164135 0.0118611 0.0080654 0.00510984
 0.00709156 0.011597 0.0176045 0.0251205 0.0339551 0.0435775 0.0530744 0.0613612 0.0675547 0.071232 0.0724208 0.0714195 0.0686308 0.0644737 0.0593395 0.0535622 0.0474073 0.0410804 0.0347481 0.0285601 0.0226693 0.0172428 0.012456 0.00846374 0.00535739
#obs surv len freq
 0.0049669 0.00813558 0.0123743 0.017696 0.0239737 0.0308411 0.0376724 0.043745 0.0485112 0.0517734 0.0536534 0.0544377 0.0544446 0.0539678 0.0532639 0.0525434 0.0519497 0.0515174 0.0511084 0.050354 0.0486722 0.0454322 0.0402571 0.0333162 0.0253926
 0.00517445 0.00847697 0.0128957 0.0184434 0.0249848 0.0321312 0.0392199 0.0454849 0.0503419 0.0535748 0.0553053 0.0558325 0.0554933 0.0546009 0.0534309 0.0522135 0.0511157 0.0502022 0.0493722 0.0482986 0.0464393 0.043192 0.0381847 0.0315577 0.024033
 0.00539361 0.00883465 0.0134369 0.0192118 0.0260155 0.0334389 0.0407859 0.0472511 0.0522172 0.0554498 0.0570669 0.0573734 0.0567168 0.055424 0.0537862 0.0520514 0.0504074 0.048947 0.0476095 0.0461199 0.0439943 0.0406785 0.0358178 0.0295241 0.0224476
 0.00563621 0.00923151 0.0140386 0.0200669 0.0271608 0.034885 0.0425021 0.0491613 0.0542121 0.0574089 0.0588775 0.0589392 0.057957 0.0562693 0.0541753 0.0519309 0.0497356 0.0477039 0.0458125 0.0438438 0.0413845 0.0379459 0.0332057 0.0272535 0.0206619
 0.0058883 0.00964459 0.0146664 0.0209614 0.0283624 0.0364063 0.0443117 0.0511778 0.0563154 0.0594638 0.0607569 0.0605377 0.0591942 0.0570864 0.0545278 0.0517806 0.049048 0.0464548 0.0440055 0.0415358 0.0387074 0.0351082 0.0304619 0.0248446 0.018752
 0.00615601 0.010081 0.0153254 0.0218939 0.0296069 0.0379735 0.0461685 0.0532412 0.0584636 0.0615586 0.0626659 0.0621488 0.0604212 0.0578688 0.0548262 0.051569 0.0483067 0.0451703 0.0421832 0.0392246 0.0360258 0.0322534 0.0276843 0.0223899 0.0167934
 0.0063928 0.0104736 0.0159303 0.0227684 0.0307967 0.0394946 0.0479886 0.0552746 0.060584 0.0636249 0.0645462 0.0637328 0.0616244 0.0586309 0.0551077 0.0513461 0.0475658 0.0439066 0.0404088 0.0369885 0.0334381 0.0294969 0.0249948 0.0200033 0.0148807
 0.0066153 0.0108392 0.016488 0.023567 0.0318767 0.0408737 0.0496461 0.0571436 0.0625586 0.0655777 0.0663481 0.0652686 0.0628018 0.0593838 0.0553951 0.0511457 0.0468682 0.042713 0.038737 0.0348891 0.0310153 0.0269191 0.0224786 0.0177669 0.0130839
 0.00684431 0.0112115 0.0170485 0.0243573 0.0329273 0.0421919 0.0512032 0.0588705 0.0643555 0.0673325 0.0679532 0.0666302 0.0638429 0.0600452 0.055635 0.0509389 0.0462037 0.0415928 0.0371811 0.0329479 0.0287868 0.0245569 0.0201779 0.0157235 0.0114417
 0.00706886 0.0115818 0.017615 0.0251688 0.0340194 0.0435697 0.052825 0.0606447 0.0661568 0.0690295 0.0694331 0.0678106 0.064671 0.0604914 0.0556849 0.0505872 0.0454507 0.0404459 0.0356616 0.0311037 0.0267072 0.0223792 0.0180746 0.0138657 0.0099537
 0.00728101 0.0119286 0.0181403 0.0259146 0.0350178 0.0448291 0.0543162 0.0622942 0.067855 0.0706499 0.0708545 0.0689341 0.0654302 0.0608536 0.0556459 0.0501605 0.0446579 0.0393111 0.0342152 0.0293944 0.0248156 0.0204248 0.0162047 0.0122252 0.00864586
 0.00745233 0.0122126 0.0185778 0.0265466 0.0358764 0.0459241 0.0556214 0.0637435 0.0693519 0.0720866 0.0721285 0.0699593 0.0661412 0.061209 0.0556286 0.0497761 0.0439284 0.0382692 0.0329021 0.0278643 0.0231455 0.0187195 0.0145885 0.0108172 0.00752932
 0.00751301 0.0123153 0.0187407 0.0267916 0.0362278 0.0464045 0.0562454 0.0645113 0.0702442 0.0730622 0.0731268 0.0709057 0.0669568 0.0618209 0.0559792 0.0498284 0.043668 0.0377038 0.03206 0.026795 0.0219212 0.0174348 0.0133516 0.00972972 0.00666198
 0.00757818 0.012412 0.0188698 0.0269496 0.0364105 0.0466122 0.0564866 0.0648022 0.0706038 0.073505 0.073654 0.0714988 0.067575 0.0624049 0.0564595 0.050138 0.0437538 0.0375355 0.0316353 0.0261415 0.0210959 0.0165196 0.0124413 0.00891368 0.0060034
 0.00767563 0.0125611 0.0190764 0.0272113 0.0367161 0.0469424 0.0568155 0.0651028 0.070857 0.0737087 0.0738252 0.0716659 0.0677631 0.0626203 0.0566828 0.0503259 0.043851 0.0374896 0.0314119 0.0257354 0.0205357 0.0158641 0.0117671 0.00829644 0.00549872
 0.00772732 0.0126451 0.0192023 0.0273869 0.0369443 0.0472172 0.0571192 0.0654066 0.0711276 0.0739191 0.0739637 0.0717403 0.0677968 0.0626422 0.0567139 0.0503682 0.0438831 0.0374729 0.0313048 0.0255104 0.0201923 0.0154325 0.0113004 0.00785428 0.00512862
 0.00778864 0.0127377 0.0193285 0.0275449 0.0371293 0.0474234 0.05734 0.0656335 0.0713485 0.074117 0.0741206 0.0718414 0.067837 0.0626293 0.0566658 0.0503042 0.0438134 0.0373919 0.0311926 0.0253433 0.0199574 0.0151379 0.0109754 0.00753904 0.00485933
 0.00782219 0.0127902 0.0194036 0.0276438 0.0372504 0.047561 0.057485 0.0657746 0.0714759 0.0742252 0.0742086 0.0719099 0.0678854 0.0626546 0.0566659 0.0502805 0.0437702 0.0373314 0.0311112 0.0252316 0.0198066 0.0149488 0.0107625 0.00732713 0.00467368
 0.00786483 0.0128551 0.0194929 0.0277567 0.0373828 0.0477066 0.0576352 0.065919 0.0716029 0.074325 0.074275 0.0719422 0.067887 0.0626314 0.0566233 0.0502224 0.0436987 0.0372478 0.0310148 0.0251198 0.0196765 0.0148011 0.010605 0.00717383 0.00454002
 0.0078977 0.0129048 0.0195607 0.0278409 0.0374793 0.0478095 0.0577375 0.0660133 0.0716827 0.0743861 0.0743158 0.0719632 0.0678902 0.0626189 0.0565973 0.0501847 0.0436507 0.0371898 0.0309463 0.0250393 0.0195835 0.0146971 0.0104954 0.00706779 0.00444749
 0.00789106 0.0128937 0.0195435 0.0278162 0.0374464 0.0477693 0.0576933 0.0659709 0.0716496 0.0743696 0.0743212 0.0719927 0.0679418 0.0626871 0.0566738 0.0502607 0.043718 0.0372419 0.0309787 0.0250495 0.0195709 0.014664 0.0104476 0.0070134 0.00439542
 0.0078959 0.0128944 0.0195313 0.0277792 0.0373732 0.0476549 0.0575434 0.0658029 0.0714877 0.074238 0.0742385 0.0719684 0.0679762 0.0627727 0.0567975 0.0504061 0.0438684 0.0373826 0.031098 0.0251402 0.01963 0.014693 0.0104517 0.00700084 0.00437506
 0.00789726 0.0128956 0.0195308 0.0277738 0.0373574 0.0476207 0.0574823 0.0657083 0.0713603 0.0740889 0.0740888 0.071844 0.0678996 0.0627567 0.0568422 0.0505009 0.043996 0.0375234 0.0312339 0.0252571 0.0197196 0.0147526 0.0104841 0.00701238 0.00437373
 0.00788473 0.0128741 0.0194966 0.0277229 0.0372871 0.047531 0.0573764 0.0655928 0.0712427 0.0739758 0.073986 0.0717583 0.0678406 0.0627355 0.0568678 0.0505756 0.0441133 0.0376687 0.0313888 0.0254036 0.0198435 0.0148466 0.0105472 0.00704903 0.00439121
 0.00790725 0.0129024 0.0195237 0.0277372 0.0372753 0.0474831 0.0572903 0.0654752 0.0711068 0.0738374 0.0738591 0.0716533 0.067764 0.0626915 0.0568597 0.0506058 0.0441811 0.0377686 0.0315097 0.0255304 0.0199614 0.0149441 0.010619 0.00709582 0.00441782
 0.00787717 0.0128596 0.0194703 0.027678 0.0372148 0.0474222 0.0572246 0.0653969 0.0710106 0.0737256 0.0737432 0.0715504 0.0676909 0.062659 0.0568712 0.0506588 0.0442699 0.0378854 0.0316444 0.0256709 0.0200946 0.0150587 0.0107081 0.00715804 0.00445661
 0.00786421 0.0128337 0.0194231 0.0276 0.0370998 0.0472722 0.0570527 0.0652254 0.0708621 0.0736145 0.0736725 0.0715149 0.0676841 0.0626784 0.0569181 0.0507349 0.0443743 0.0380134 0.0317876 0.0258186 0.0202352 0.0151817 0.0108064 0.00722924 0.00450308
 0.00781892 0.0127632 0.0193224 0.0274663 0.0369322 0.0470723 0.0568262 0.0649844 0.0706266 0.0734101 0.0735245 0.0714412 0.0676901 0.0627565 0.0570526 0.0509086 0.0445726 0.0382244 0.032001 0.0260241 0.0204223 0.0153414 0.0109328 0.00732123 0.00456403
 0.00781112 0.0127431 0.0192788 0.0273848 0.0367999 0.0468839 0.0565894 0.0647196 0.0703614 0.0731717 0.0733351 0.0713163 0.0676392 0.0627826 0.0571511 0.0510673 0.044774 0.0384497 0.0322328 0.0262473 0.0206249 0.0155139 0.0110697 0.00742145 0.00463116
 0.00777314 0.0126868 0.0192036 0.0272925 0.0366921 0.0467595 0.0564441 0.0645491 0.0701668 0.0729641 0.0731354 0.0711507 0.0675311 0.0627471 0.0571928 0.0511806 0.0449457 0.0386612 0.0324636 0.0264777 0.0208377 0.0156969 0.0112156 0.00752879 0.00470352
 0.00774639 0.0126387 0.0191232 0.0271684 0.0365165 0.0465345 0.0561851 0.0642824 0.0699212 0.0727613 0.0729855 0.071055 0.0674889 0.0627601 0.0572642 0.0513113 0.0451304 0.0388877 0.0327139 0.0267313 0.0210752 0.0159026 0.0113804 0.00765034 0.00478559
 0.00771604 0.0125878 0.0190438 0.0270515 0.036354 0.0463219 0.0559251 0.0639883 0.069617 0.0724781 0.0727553 0.0709023 0.0674258 0.0627854 0.0573678 0.0514799 0.0453503 0.0391448 0.0329919 0.0270115 0.0213383 0.0161321 0.0115653 0.00778738 0.00487846
 0.00770006 0.0125621 0.0190053 0.0269969 0.0362798 0.0462244 0.0558012 0.0638365 0.0694394 0.0722823 0.0725552 0.0707182 0.0672806 0.062699 0.0573522 0.0515368 0.0454724 0.0393185 0.0332003 0.0272359 0.0215594 0.0163323 0.0117317 0.00791377 0.00496583
 0.0076617 0.0125031 0.018923 0.0268911 0.0361531 0.0460814 0.0556489 0.0636829 0.0692924 0.0721478 0.0724369 0.0706189 0.067205 0.062655 0.0573498 0.0515846 0.0455737 0.0394692 0.0333888 0.0274452 0.0217704 0.0165269 0.0118958 0.00804013 0.0050542
 0.00764122 0.0124702 0.0188742 0.0268239 0.0360664 0.0459772 0.0555325 0.0635629 0.0691783 0.0720474 0.0723542 0.0705542 0.0671569 0.0626234 0.0573377 0.0515982 0.0456201 0.0395529 0.0335084 0.027592 0.02193 0.0166827 0.0120331 0.00814937 0.00513262
 0.00761681 0.012431 0.0188162 0.026744 0.0359632 0.045852 0.0553908 0.0634149 0.0690369 0.0719258 0.0722626 0.0704982 0.0671366 0.062635 0.0573757 0.0516583 0.0457006 0.0396542 0.0336303 0.0277309 0.0220775 0.0168267 0.0121613 0.00825274 0.00520782
 0.00760882 0.0124171 0.0187935 0.0267091 0.0359129 0.0457843 0.0553062 0.0633166 0.068931 0.0718203 0.0721665 0.07042 0.067083 0.0626099 0.0573796 0.051689 0.0457548 0.0397287 0.0337224 0.0278371 0.022192 0.0169408 0.0122655 0.00833896 0.00527208
 0.00758683 0.0123844 0.0187499 0.0266563 0.0358533 0.0457203 0.0552392 0.0632472 0.0688601 0.0717498 0.0720998 0.0703619 0.0670393 0.0625857 0.0573786 0.0517126 0.0458019 0.0397965 0.0338068 0.0279334 0.022294 0.0170414 0.0123569 0.00841489 0.00532915
 0.00757912 0.012371 0.0187284 0.0266241 0.0358091 0.0456653 0.0551775 0.0631852 0.0688042 0.0717037 0.0720634 0.0703329 0.0670157 0.0625677 0.0573691 0.0517156 0.0458212 0.0398337 0.033861 0.0280012 0.0223701 0.0171191 0.0124294 0.00847623 0.00537605
 0.00753091 0.0122968 0.0186245 0.0264903 0.0356486 0.0454849 0.0549883 0.0630025 0.0686454 0.0715856 0.0719979 0.070324 0.0670591 0.0626531 0.0574835 0.0518472 0.0459615 0.0399772 0.0340041 0.0281403 0.022501 0.0172367 0.012529 0.00855473 0.00543297
 0.00755036 0.0123226 0.0186525 0.026513 0.0356572 0.0454722 0.0549514 0.0629433 0.0685697 0.0715004 0.071911 0.0702438 0.0669935 0.0626083 0.0574629 0.0518506 0.0459857 0.0400181 0.0340575 0.0282022 0.022567 0.0173021 0.0125887 0.00860472 0.00547096
 0.00752942 0.0122963 0.0186268 0.0264972 0.0356599 0.045496 0.0549895 0.0629806 0.0685894 0.0714915 0.0718724 0.0701833 0.0669238 0.0625424 0.057411 0.0518189 0.0459764 0.0400299 0.0340868 0.0282442 0.0226163 0.0173533 0.0126367 0.00864555 0.00550238
 0.00753012 0.0122922 0.0186118 0.0264638 0.0356035 0.0454194 0.0549053 0.0629079 0.0685452 0.0714817 0.0718897 0.0702118 0.0669484 0.0625559 0.0574148 0.0518203 0.0459833 0.0400478 0.0341173 0.0282853 0.022664 0.0174024 0.0126824 0.00868404 0.00553171
 0.00748875 0.0122345 0.0185421 0.0263912 0.0355376 0.0453657 0.0548621 0.0628689 0.0685057 0.0714442 0.0718631 0.0702059 0.0669668 0.0625937 0.0574625 0.0518692 0.0460298 0.0400927 0.0341635 0.0283344 0.0227151 0.0174526 0.0127279 0.00872181 0.00556015
 0.00747579 0.0122042 0.0184802 0.0262812 0.0353676 0.0451377 0.0545979 0.0626065 0.0682865 0.071298 0.0718004 0.0702202 0.0670437 0.062717 0.0576168 0.05204 0.0462035 0.040259 0.0343158 0.02847 0.022833 0.0175519 0.0128079 0.00878239 0.0056027
 0.00748681 0.0122237 0.0185116 0.026326 0.0354223 0.0451903 0.0546279 0.0625912 0.0682118 0.0711683 0.0716392 0.0700616 0.0669174 0.0626398 0.0575908 0.0520571 0.0462515 0.0403251 0.0343896 0.0285437 0.0229015 0.0176122 0.0128581 0.00882159 0.00563104
 0.00748681 0.0122237 0.0185116 0.026326 0.0354223 0.0451903 0.0546279 0.0625912 0.0682118 0.0711683 0.0716392 0.0700616 0.0669174 0.0626398 0.0575908 0.0520571 0.0462515 0.0403251 0.0343896 0.0285437 0.0229015 0.0176122 0.0128581 0.00882159 0.00563104
 0.00708956 0.0115942 0.0175975 0.0250978 0.0338882 0.0434141 0.0527418 0.0607865 0.0666994 0.0701244 0.0711642 0.0701683 0.0675475 0.0636888 0.0589321 0.0535605 0.047798 0.0418161 0.0357515 0.0297282 0.0238829 0.0183846 0.0134322 0.00922151 0.00588992
#pred catch len freq
 0.00370862 0.00598013 0.0089439 0.0126166 0.0170133 0.0221012 0.0277312 0.0336243 0.0394258 0.0447806 0.0493875 0.0530372 0.0556426 0.0572432 0.0579803 0.0580603 0.0577224 0.0571962 0.0566137 0.0558723 0.0545257 0.0518448 0.0471351 0.0401966 0.0316166
 0.00408681 0.00653538 0.00967301 0.013489 0.0179942 0.0231801 0.0289334 0.0349875 0.0409536 0.0464022 0.0509559 0.054374 0.0566044 0.0577714 0.0581067 0.0578678 0.0572844 0.056525 0.0556452 0.0545017 0.0526839 0.0495768 0.0446305 0.0377427 0.0294945
 0.00428453 0.00688896 0.0102611 0.0143955 0.019279 0.0248406 0.0308804 0.037062 0.042983 0.0482596 0.0525785 0.0557313 0.0576531 0.0584415 0.0583289 0.0576127 0.0565742 0.0554057 0.0541465 0.0526228 0.050427 0.0470085 0.0419222 0.0351474 0.027265
 0.00450692 0.00723782 0.0107682 0.0150968 0.0202255 0.0261029 0.0325326 0.0391394 0.0454296 0.0509012 0.0551509 0.0579583 0.0593282 0.0594641 0.0586851 0.0573325 0.0557009 0.0539868 0.0522322 0.0502687 0.0477093 0.0440534 0.0389257 0.0323556 0.0249074
 0.00478873 0.00768448 0.0114193 0.0159826 0.0213645 0.0274994 0.0341756 0.041006 0.0474902 0.053115 0.0574432 0.0601938 0.0613085 0.0609663 0.059524 0.0574067 0.0549989 0.0525612 0.0501687 0.0476735 0.0447174 0.0408467 0.0357378 0.029442 0.0224855
 0.0051056 0.00818792 0.0121563 0.0169923 0.0226745 0.0291191 0.0360845 0.0431439 0.0497597 0.0553969 0.0596183 0.0621573 0.0629673 0.0622241 0.0602701 0.0575259 0.0544003 0.0512081 0.048094 0.0449795 0.0415717 0.0374776 0.032417 0.0264437 0.0200243
 0.00535723 0.00860059 0.0127851 0.0178939 0.0238996 0.030699 0.0380128 0.0453642 0.0521645 0.0578404 0.0619374 0.0641956 0.0645973 0.0633576 0.0608506 0.0575103 0.0537458 0.0498791 0.0460875 0.0423565 0.0384788 0.0341457 0.0291326 0.0234909 0.0176168
 0.00558115 0.00895855 0.013315 0.0186332 0.0248868 0.0319707 0.0395937 0.0472499 0.0543055 0.0601326 0.0642277 0.0663043 0.0663502 0.0646159 0.0615258 0.0575592 0.0531536 0.0486454 0.0442291 0.0399303 0.0356107 0.0310445 0.0260675 0.0207346 0.0153742
 0.00576561 0.00925266 0.013748 0.0192317 0.0256742 0.0329654 0.0408042 0.04867 0.0559097 0.0618735 0.0660314 0.0680677 0.0679448 0.0659021 0.0623749 0.0578727 0.0528729 0.0477501 0.0427357 0.0378986 0.0331601 0.0283636 0.0233983 0.0183235 0.0134084
 0.00592892 0.00951604 0.0141409 0.0197814 0.0264026 0.0338827 0.0419022 0.0499181 0.0572587 0.0632641 0.0674034 0.0693624 0.0691025 0.0668561 0.0630478 0.0581806 0.0527373 0.047114 0.0415795 0.0362556 0.0311283 0.0261084 0.0211337 0.0162675 0.0117272
 0.00617222 0.00989955 0.0146963 0.020532 0.0273613 0.0350481 0.043251 0.0513976 0.0587869 0.0647399 0.0687233 0.0704402 0.0698828 0.0673164 0.0631866 0.0579991 0.0522249 0.0462488 0.040344 0.0346622 0.0292437 0.0240624 0.0191037 0.0144381 0.010239
 0.00642307 0.0102951 0.0152696 0.0213071 0.0283518 0.0362529 0.0446463 0.0529297 0.060371 0.0662674 0.0700768 0.0715112 0.0705905 0.0676205 0.0630895 0.0575331 0.0514327 0.045166 0.038996 0.0330775 0.0274775 0.0222134 0.0173087 0.0128416 0.00895092
 0.00652474 0.0104668 0.0155404 0.0217104 0.0289207 0.0370119 0.045601 0.0540586 0.0616236 0.0675673 0.0713291 0.0726133 0.0714458 0.0681535 0.063257 0.0573286 0.05088 0.0443069 0.0378787 0.0317548 0.0260144 0.0206977 0.0158498 0.0115514 0.00791354
 0.00662206 0.0106146 0.0157449 0.0219744 0.0292481 0.0374134 0.0460953 0.054666 0.0623536 0.0684062 0.0722335 0.0735133 0.072256 0.0687882 0.0636443 0.057421 0.0506597 0.0437854 0.0370917 0.0307565 0.0248755 0.0195046 0.014699 0.0105349 0.00709772
 0.00672811 0.0107824 0.0159887 0.0223033 0.0296639 0.0379082 0.0466496 0.0552519 0.0629427 0.068978 0.0727768 0.0740196 0.0727087 0.0691558 0.0638827 0.0574833 0.0505087 0.0434038 0.036488 0.0299658 0.0239569 0.0185352 0.0137643 0.00971262 0.0064412
 0.00671631 0.010777 0.0160062 0.0223688 0.0298055 0.0381482 0.0469952 0.0556908 0.0634442 0.0695009 0.0732795 0.0744696 0.0730869 0.0694532 0.0640911 0.057587 0.0504835 0.0432244 0.0361405 0.0294585 0.023325 0.0178379 0.0130727 0.00909422 0.00594311
 0.00677797 0.0108585 0.0160956 0.022447 0.0298567 0.0381729 0.0470184 0.0557558 0.0635941 0.0697559 0.0736259 0.0748649 0.0734771 0.069791 0.0643459 0.0577428 0.0505313 0.0431556 0.0359475 0.0291426 0.0229048 0.0173522 0.0125752 0.00863922 0.00557125
 0.00694411 0.0110985 0.0163998 0.0227842 0.0301795 0.0384292 0.0471652 0.0557723 0.0634914 0.0695798 0.0734451 0.0747459 0.0734582 0.0698693 0.0644841 0.0578895 0.0506387 0.0431894 0.035888 0.0289841 0.022657 0.017041 0.0122394 0.00832125 0.00530495
 0.00705794 0.0112817 0.0166705 0.0231536 0.0306445 0.038963 0.0477116 0.056251 0.0638191 0.0696988 0.0733463 0.0744733 0.0730926 0.0694979 0.0641711 0.0576589 0.0504771 0.0430609 0.0357539 0.0288164 0.0224456 0.0167945 0.0119804 0.00807797 0.00510141
 0.00708802 0.0113324 0.0167513 0.0232767 0.0308251 0.0392167 0.0480481 0.0566636 0.0642748 0.0701362 0.0736874 0.0746496 0.0730727 0.0693017 0.0638599 0.0573087 0.050148 0.0427808 0.0355195 0.0286077 0.0222428 0.0165893 0.0117782 0.00789288 0.00494789
 0.00704283 0.0112661 0.0166653 0.0231783 0.0307275 0.0391382 0.0480111 0.0566925 0.0643906 0.0703474 0.0739803 0.0749838 0.073388 0.0695376 0.0639783 0.0573074 0.0500569 0.0426427 0.0353696 0.0284633 0.0221058 0.0164562 0.0116492 0.00777384 0.00484727
 0.00705189 0.0112739 0.0166641 0.0231575 0.0306765 0.0390526 0.047897 0.0565686 0.064285 0.070291 0.0739987 0.0750883 0.0735691 0.0697635 0.064203 0.0574859 0.0501612 0.0426697 0.035336 0.0283928 0.0220184 0.0163643 0.0115597 0.00769239 0.00477885
 0.00709151 0.0113329 0.0167425 0.0232506 0.0307749 0.0391431 0.0479645 0.0565994 0.0642715 0.0702368 0.0739202 0.0750108 0.0735181 0.0697545 0.0642349 0.0575409 0.0502126 0.0426938 0.0353212 0.0283418 0.0219435 0.01628 0.0114779 0.00762074 0.00472156
 0.00711321 0.0113629 0.0167779 0.023285 0.0307995 0.0391493 0.0479456 0.0565522 0.064197 0.0701407 0.0738135 0.0749098 0.0734418 0.0697204 0.0642526 0.0576078 0.050313 0.0428033 0.0354156 0.0284052 0.0219716 0.0162784 0.0114574 0.00759238 0.00469364
 0.00702419 0.0112387 0.0166288 0.0231331 0.0306725 0.0390695 0.047922 0.0565781 0.0642549 0.07021 0.0738767 0.074957 0.0734722 0.0697416 0.0642772 0.0576478 0.050374 0.0428814 0.0354988 0.0284787 0.0220243 0.0163066 0.0114645 0.00758595 0.00468143
 0.00682291 0.0109306 0.0162019 0.0225925 0.0300425 0.0383944 0.047265 0.0560142 0.0638553 0.0700222 0.0739115 0.0751888 0.073852 0.0702131 0.0647904 0.0581647 0.0508692 0.043338 0.0359037 0.0288213 0.0222973 0.0165086 0.0116017 0.00767029 0.00472787
 0.00674964 0.0108022 0.015992 0.0222716 0.0295863 0.0377966 0.0465502 0.0552429 0.0631167 0.0694151 0.0735214 0.075067 0.0740036 0.0705989 0.0653414 0.058803 0.0515257 0.0439618 0.0364622 0.029296 0.0226797 0.0167986 0.0118065 0.00780374 0.00480722
 0.00675824 0.0108031 0.0159679 0.022195 0.0294221 0.0375094 0.0461146 0.0546559 0.0624078 0.0686516 0.0728017 0.0745001 0.0736805 0.0705667 0.065592 0.0592801 0.0521452 0.0446356 0.0371165 0.0298795 0.0231637 0.0171735 0.012077 0.00798433 0.00491802
 0.00666093 0.0106656 0.015798 0.0220097 0.0292383 0.0373308 0.0459237 0.0544178 0.0620862 0.0682305 0.072301 0.0739792 0.0732261 0.070269 0.0655177 0.059452 0.0525363 0.0451797 0.0377299 0.0304831 0.0236985 0.0176064 0.012399 0.00820453 0.005056
 0.0066169 0.0105867 0.0156673 0.0218108 0.0289639 0.0369925 0.0455564 0.05407 0.061799 0.0680163 0.0721393 0.0738341 0.0730751 0.0701235 0.0654222 0.059463 0.0526942 0.045489 0.038156 0.0309658 0.0241726 0.0180202 0.0127241 0.00843573 0.00520513
 0.00657635 0.0105184 0.0155591 0.0216477 0.0287288 0.03667 0.0451403 0.0535736 0.0612621 0.0675026 0.0717198 0.0735621 0.0729672 0.0701602 0.0655677 0.0596896 0.052993 0.045861 0.0385949 0.0314461 0.0246524 0.018454 0.0130782 0.00869656 0.00537841
 0.00648589 0.0103827 0.0153754 0.0214194 0.028462 0.036369 0.044805 0.0532019 0.0608566 0.0670783 0.0713099 0.0732157 0.0727368 0.0700846 0.0656577 0.0599273 0.0533439 0.0462891 0.0390694 0.0319387 0.0251321 0.018888 0.0134385 0.00896848 0.00556384
 0.0064763 0.0103595 0.0153268 0.0213302 0.0283181 0.0361634 0.0445426 0.0528985 0.0605328 0.0667525 0.0709958 0.0729266 0.0724922 0.0699123 0.0655877 0.0599805 0.0535229 0.0465766 0.0394346 0.0323447 0.0255419 0.0192675 0.0137605 0.0092175 0.00573807
 0.00654551 0.0104623 0.0154627 0.0214905 0.0284853 0.0363132 0.0446465 0.0529289 0.0604702 0.0665924 0.0707502 0.0726203 0.0721561 0.0695788 0.0652896 0.0597499 0.0533864 0.0465486 0.0395118 0.0325071 0.0257574 0.0195001 0.013978 0.00939744 0.00587063
 0.00655408 0.010481 0.0154991 0.0215538 0.0285826 0.0364441 0.0447987 0.0530779 0.0605836 0.066639 0.0707094 0.0724879 0.0719461 0.0693188 0.0650149 0.0594966 0.0531861 0.0464248 0.0394758 0.0325549 0.0258705 0.0196502 0.014135 0.00953674 0.00597838
 0.00651155 0.010421 0.0154265 0.02148 0.0285248 0.0364213 0.0448271 0.0531652 0.0607246 0.0668121 0.0708793 0.0726147 0.0719977 0.0692821 0.0648991 0.0593295 0.0530052 0.0462671 0.0393694 0.0325138 0.0258925 0.0197194 0.014228 0.00963072 0.00605724
 0.00643242 0.0103012 0.015263 0.0212773 0.0282952 0.0361846 0.04461 0.0529989 0.0606389 0.0668264 0.0709946 0.0728096 0.0722332 0.0695119 0.0650841 0.0594488 0.0530611 0.0462801 0.0393686 0.0325249 0.0259297 0.0197828 0.0143071 0.0097105 0.00612525
 0.00645788 0.0103251 0.0152669 0.021234 0.0281766 0.0359747 0.0443157 0.0526531 0.0602929 0.066537 0.0708094 0.0727561 0.0723121 0.0696977 0.0653322 0.0597098 0.0532948 0.0464663 0.0395077 0.0326309 0.0260197 0.0198679 0.0143893 0.00978539 0.00618677
 0.00651339 0.0104132 0.0153939 0.0213997 0.0283689 0.0361648 0.0444581 0.0526961 0.060199 0.0663037 0.0704765 0.0723941 0.0719963 0.0694824 0.0652366 0.0597188 0.053372 0.0465712 0.03961 0.0327167 0.0260887 0.0199261 0.0144415 0.00983228 0.00622629
