SBPRF35
12.7214
Curr Bio
913512
B35
896864
F35
0.172496
FOFL
0.172496
OFL
132335
Bzero
3.63469e+06
#pred survey bio
 3.56464e+06 3.43137e+06 3.32243e+06 3.16138e+06 2.97181e+06 2.77078e+06 2.53663e+06 2.27761e+06 2.04095e+06 1.79883e+06 1.6056e+06 1.39524e+06 1.2428e+06 1.11683e+06 1.0131e+06 889365 787983 713852 681757 631839 603150 591804 574175 540895 533548 544988 531533 540776 544805 551332 557672 570361 585323 587298 602255 605511 615328 623702 634045 644862 643871 649633 646638 644634 648393 655190 661619 672882 675871 683806 684182 730770 783375 809337 824741 850256 846577 858660 877869 920012 2.17886e+07 1.99847e+07 2.02845e+07 2.09858e+07 2.1947e+07 2.30015e+07 2.40251e+07 2.49445e+07 2.57283e+07 2.63726e+07 2.68891e+07 2.7296e+07 2.76127e+07 2.78575e+07 2.8046e+07 2.81909e+07 2.83023e+07 2.83882e+07 2.84545e+07 2.8506e+07 2.85461e+07 2.85775e+07 2.86021e+07 2.86216e+07 2.8637e+07 2.86492e+07 2.86589e+07 2.86667e+07 2.8673e+07 2.8678e+07 2.8682e+07 2.86853e+07 2.8688e+07 2.86901e+07 2.86919e+07 2.86933e+07 2.86944e+07 2.86954e+07 2.86961e+07 2.86968e+07 2.86973e+07 2.86977e+07 2.8698e+07 2.86983e+07 2.86985e+07 2.86987e+07 2.86989e+07 2.8699e+07 2.86991e+07 2.86992e+07 2.86993e+07 2.86993e+07 2.86994e+07 2.86994e+07 2.86994e+07 2.86995e+07 2.86995e+07 2.86995e+07 2.86995e+07 2.86995e+07 2.86995e+07 2.86995e+07 2.86995e+07 2.86995e+07 2.86995e+07 2.86996e+07 2.86996e+07 2.86996e+07 2.86996e+07 2.86996e+07 2.86996e+07 2.86996e+07 2.86996e+07 2.86996e+07 2.86996e+07 2.86996e+07 2.86996e+07 2.86996e+07 2.86996e+07 2.86996e+07 2.86996e+07 2.86996e+07 2.86996e+07 2.86996e+07 2.86996e+07 2.86996e+07 2.86996e+07 2.86996e+07 2.86996e+07 2.86996e+07 2.86996e+07 2.86996e+07 2.86996e+07 2.86996e+07 2.86996e+07 2.86996e+07 2.86996e+07 2.86996e+07 2.86996e+07 2.86996e+07 0 0 0 0 0 0 0 0 0 0 0 0 0 0 0 0 0 0 0 0 0 0 0 0 0
#obs survey bio
 4.80076e+06 3.35908e+06 2.93023e+06 5.09789e+06 2.75243e+06 2.87697e+06 2.06447e+06 2.61439e+06 2.52146e+06 2.09299e+06 1.39689e+06 1.01496e+06 817389 1.22606e+06 732386 834125 813180 735086 717270 641173 671305 572882 497616 371182 595357 536735 787849 451442 618244 546524 593819 588928 901020 467321 464731 558420 556943 618085 957838 1.00432e+06 550965 696525 523067 592894 829248 742665 649306 669696 686700 748389 539063 696002 947756 791782 973130 644816 713791 838563 831086 1.12372e+06
#pred catch bio
 108471 95389.5 155038 194137 219391 265687 304728 300062 318760 286590 311662 267772 250320 234156 250656 226489 197217 156679 167080 144214 126997 130139 139406 114062 97851.3 117990 97697.4 102082 99807.1 100168 95534.9 94530.6 105400 94357.5 104514 98904 100411 98552.1 97537.8 106599 100333 107934 107259 103106 101716 103360 100835 109169 105732 112861 75692.1 74035.6 98088.4 106929 99320.7 126593 115825 113138 96633.2 111171 132335 132660 133539 137021 142629 148958 155074 160481 164983 168577 171356 173453 175008 176143 176963 177550 177967 178262 178469 178614 178715 178786 178835 178869 178893 178909 178920 178928 178933 178937 178940 178941 178943 178943 178944 178944 178945 178945 178945 178945 178945 178945 178945 178945 178945 178945 178945 178945 178945 178945 178945 178945 178945 178945 178945 178945 178945 178945 178945 178945 178945 178945 178945 178945 178945 178945 178945 178945 178945 178945 178945 178945 178945 178945 178945 178945 178945 178945 178945 178945 178945 178945 178945 178945 178945 178945 178945 178945 178945 178945 178945 178945 178945 178945 178945 178945 178945 178945 178945 178945 0 0 0 0 0 0 0 0 0 0 0 0 0 0 0 0 0 0 0 0 0 0 0 0 0
#obs catch bio
 0 94946.8 155593 194282 219214 265653 304848 299490 319080 285642 312077 270120 254039 236586 255711 230108 200876 157995 168190 144816 127741 130669 141226 115173 97897.2 118995 97660.8 102544 99824.2 100203 95673.3 94655.9 105184 93980.6 104536 98642.4 100440 98847.6 97040.8 105710 99404.1 107213 106825 102906 101410 103185 100546 109346 105654 113036 75604.7 73878.6 98190.7 107049 98587.3 126551 115957 113781 96677.4 111258
#pred cpue bio
 3.52045e+06 3.38845e+06 3.27927e+06 3.11812e+06 2.92911e+06 2.72837e+06 2.49472e+06 2.23652e+06 2.00061e+06 1.7596e+06 1.56703e+06 1.35763e+06 1.20565e+06 1.08038e+06 977520 855598 756143 683919 653077 604736 576872 565971 548985 516817 509950 521300 508347 517565 521693 528189 534404 546819 561652 563845 578574 581847 591532 599845 610315 621334 620521 626046 622935 620773 624297 630844 637000 647849 650693 658463 658744 704503 756635 782550 797677 822321 817893 828973 847657 889353 2.10853e+07 1.93474e+07 1.95488e+07 2.0151e+07 2.10832e+07 2.2132e+07 2.31547e+07 2.4074e+07 2.48577e+07 2.55021e+07 2.60186e+07 2.64254e+07 2.67422e+07 2.6987e+07 2.71755e+07 2.73203e+07 2.74318e+07 2.75176e+07 2.7584e+07 2.76355e+07 2.76756e+07 2.77069e+07 2.77316e+07 2.7751e+07 2.77664e+07 2.77787e+07 2.77884e+07 2.77962e+07 2.78024e+07 2.78074e+07 2.78115e+07 2.78148e+07 2.78174e+07 2.78196e+07 2.78213e+07 2.78227e+07 2.78239e+07 2.78248e+07 2.78256e+07 2.78262e+07 2.78267e+07 2.78271e+07 2.78275e+07 2.78278e+07 2.7828e+07 2.78282e+07 2.78283e+07 2.78285e+07 2.78286e+07 2.78286e+07 2.78287e+07 2.78288e+07 2.78288e+07 2.78288e+07 2.78289e+07 2.78289e+07 2.78289e+07 2.78289e+07 2.7829e+07 2.7829e+07 2.7829e+07 2.7829e+07 2.7829e+07 2.7829e+07 2.7829e+07 2.7829e+07 2.7829e+07 2.7829e+07 2.7829e+07 2.7829e+07 2.7829e+07 2.7829e+07 2.7829e+07 2.7829e+07 2.7829e+07 2.7829e+07 2.7829e+07 2.7829e+07 2.7829e+07 2.7829e+07 2.7829e+07 2.7829e+07 2.7829e+07 2.7829e+07 2.7829e+07 2.7829e+07 2.7829e+07 2.7829e+07 2.7829e+07 2.7829e+07 2.7829e+07 2.7829e+07 2.7829e+07 2.7829e+07 2.7829e+07 2.7829e+07 2.7829e+07 2.7829e+07 2.7829e+07 2.7829e+07 0 0 0 0 0 0 0 0 0 0 0 0 0 0 0 0 0 0 0 0 0 0 0 0 0
#obs cpue bio
 3.81546e+06 2.65585e+06 2.24596e+06 3.12267e+06 3.31578e+06 2.70604e+06 3.11381e+06 2.07956e+06 1.45695e+06 1.74429e+06 1.59161e+06 888785 1.11177e+06 1.03672e+06 829866 846106 502780 705027 783750 558062 393117 634240 411220 614004 616145 438502 414988 493758 574480 544115 433516 495732 581528 685720 679087 714700 558189 465202 779804 647925 779760 576713 661160 579726 555550 538308 677015 513956 683022 706696 592604 873389 670249 772280 1.22156e+06 826340 647909 595482 983454 997097
#pred surv len freq
 0.00424483 0.0069781 0.0106644 0.0153402 0.0209243 0.027129 0.0334397 0.0392521 0.044101 0.0478072 0.0504485 0.0522272 0.0533547 0.0540022 0.0542969 0.0543394 0.0542238 0.0540373 0.0538001 0.0533463 0.0522204 0.0497276 0.0452271 0.0385582 0.0303095
 0.00456841 0.00741985 0.0111762 0.0158322 0.0212993 0.027331 0.0334855 0.0392193 0.0440782 0.047839 0.0505155 0.0522707 0.0533279 0.0539106 0.0542035 0.0543323 0.0543639 0.0543115 0.0541061 0.0535223 0.0521123 0.0492639 0.0444583 0.0376359 0.0294163
 0.00459859 0.00753719 0.0114721 0.0164161 0.0222492 0.0286296 0.0349833 0.0406662 0.0452203 0.0485252 0.0507416 0.0521407 0.0529726 0.0534295 0.0536586 0.0537723 0.0538377 0.0538511 0.0536951 0.0530839 0.0515407 0.0484865 0.043489 0.0365801 0.0284226
 0.0047169 0.00770899 0.0116988 0.0167017 0.0226197 0.0291481 0.0357419 0.0417398 0.0465989 0.0500697 0.0522089 0.0532746 0.0536071 0.0535375 0.0533279 0.0531415 0.0530403 0.0529845 0.0528077 0.0521733 0.0505696 0.0474217 0.0423443 0.0354324 0.0273842
 0.00491606 0.00802716 0.0121654 0.017336 0.0234235 0.0301 0.0367987 0.0428526 0.0477357 0.0512233 0.0533713 0.0543928 0.0545597 0.0541646 0.0534995 0.0528162 0.0522747 0.0518952 0.0515161 0.0507683 0.0491015 0.0459252 0.0408698 0.0340599 0.0262066
 0.00509815 0.00833071 0.0126359 0.0180198 0.0243566 0.0312913 0.0382131 0.0444064 0.0493126 0.0527068 0.0546753 0.0554731 0.0553964 0.0547295 0.0537343 0.0526445 0.0516421 0.0508065 0.0500417 0.0490198 0.0472018 0.0439932 0.0390212 0.0324068 0.0248427
 0.00531783 0.00868925 0.0131788 0.0187918 0.0253954 0.0326153 0.0398064 0.0462088 0.0512211 0.0545888 0.0563905 0.0568972 0.0564416 0.0553499 0.0539135 0.0523729 0.050905 0.0495945 0.0483774 0.0469792 0.0449157 0.0416308 0.0367637 0.0304176 0.0232368
 0.00558433 0.00912421 0.0138366 0.0197243 0.0266421 0.0341881 0.0416739 0.0482902 0.0533968 0.0567209 0.0583418 0.0585428 0.0576762 0.056095 0.0541226 0.0520291 0.0500116 0.0481676 0.0464519 0.0446281 0.0422693 0.0388776 0.0341246 0.0280991 0.0213814
 0.00582381 0.00951867 0.0144401 0.0205915 0.0278187 0.0356949 0.04349 0.0503449 0.0555779 0.0588938 0.0603694 0.0602994 0.0590537 0.0570064 0.0545025 0.0518353 0.049225 0.0467935 0.0445256 0.0422278 0.039532 0.0360028 0.0313511 0.025655 0.0194265
 0.00617566 0.0100771 0.0152559 0.021704 0.0292508 0.0374446 0.0455186 0.0525707 0.0578826 0.0611398 0.0624195 0.0620311 0.0603671 0.0578262 0.0547761 0.0515285 0.0483189 0.0452878 0.0424492 0.0396565 0.0366065 0.0329324 0.0283898 0.0230469 0.0173435
 0.00649357 0.0105909 0.0160227 0.0227734 0.0306537 0.0391773 0.0475278 0.0547524 0.0601002 0.0632542 0.0643119 0.0636097 0.0615618 0.0585803 0.0550421 0.051267 0.047501 0.0439004 0.0405076 0.0372236 0.0338122 0.0299785 0.0255254 0.0205152 0.0153172
 0.00687993 0.0112225 0.0169788 0.0241275 0.0324557 0.041427 0.0501489 0.0575859 0.062929 0.0658494 0.0664789 0.0652165 0.0625449 0.0589326 0.0547908 0.0504495 0.0461489 0.0420379 0.0381653 0.0344644 0.0307581 0.0268212 0.0225056 0.0178691 0.0132118
 0.00711333 0.0116106 0.0175801 0.0250042 0.0336643 0.0430009 0.0520777 0.0598016 0.0653078 0.0682264 0.0686713 0.0670495 0.0638771 0.0596743 0.0549092 0.0499581 0.045088 0.0404574 0.0361215 0.0320335 0.0280583 0.0240256 0.0198283 0.0155202 0.0113407
 0.00730967 0.0119319 0.018068 0.0257008 0.0346062 0.0442093 0.0535464 0.0614899 0.0671421 0.0701082 0.0704863 0.0686741 0.0651877 0.0605604 0.0552878 0.0497854 0.0443608 0.0392073 0.0344077 0.0299432 0.0257141 0.0215913 0.017496 0.0134743 0.00971118
 0.00737368 0.012061 0.0183087 0.0261121 0.0352462 0.0451139 0.0547103 0.0628618 0.0686374 0.071631 0.0719456 0.0699899 0.0662874 0.0613743 0.0557491 0.0498359 0.0439617 0.0383487 0.0331166 0.0282872 0.0238044 0.0195786 0.0155534 0.0117643 0.00834693
 0.00751998 0.0123126 0.0187135 0.0267244 0.0361167 0.0462712 0.056141 0.0644996 0.0703672 0.0733085 0.0734259 0.0711546 0.0670635 0.0617374 0.0557101 0.0494199 0.0431923 0.0372456 0.0317061 0.0266191 0.021965 0.0176917 0.0137648 0.0102101 0.00711898
 0.00758977 0.0124387 0.0189276 0.0270662 0.0366284 0.0469865 0.0570724 0.0656288 0.0716426 0.0746485 0.0747263 0.072302 0.0679531 0.0622915 0.05589 0.0492249 0.042648 0.03639 0.0305828 0.0252817 0.0204878 0.0161752 0.0123262 0.00895968 0.00613108
 0.00768643 0.0125776 0.0191043 0.0272688 0.0368462 0.0472221 0.0573486 0.0659844 0.0721172 0.075263 0.0754678 0.0731198 0.068766 0.0630034 0.0564092 0.0494822 0.0426063 0.0360459 0.0299616 0.0244321 0.0194798 0.015098 0.0112795 0.00803586 0.00539391
 0.00766861 0.0125374 0.0190228 0.0271216 0.0366096 0.0468845 0.0569232 0.0655181 0.0716897 0.0749746 0.075416 0.0733693 0.0693227 0.0638054 0.0573387 0.0503958 0.0433698 0.0365618 0.0301822 0.0243606 0.0191628 0.0146136 0.0107214 0.00749398 0.0049356
 0.00787381 0.0128539 0.0194654 0.0276878 0.0372746 0.0475972 0.0576057 0.0660748 0.0720314 0.0750496 0.0752336 0.0730014 0.0688811 0.0634025 0.0570496 0.0502356 0.0432962 0.0364983 0.0300515 0.0241128 0.0187896 0.0141472 0.0102204 0.00702241 0.00454335
 0.00795281 0.0129804 0.0196517 0.0279431 0.0376018 0.0479882 0.0580366 0.0665046 0.0724065 0.0753151 0.0753478 0.0729495 0.0686835 0.0631129 0.0567394 0.0499689 0.0431054 0.036374 0.029951 0.023984 0.018597 0.0138865 0.00991787 0.00672029 0.00428102
 0.007926 0.0129354 0.0195823 0.0278445 0.0374745 0.0478421 0.0578936 0.0663958 0.0723626 0.0753542 0.0754664 0.0731226 0.0688739 0.0632865 0.0568787 0.050077 0.0431979 0.036463 0.0300329 0.0240391 0.0186013 0.0138278 0.00980449 0.00657773 0.00413981
 0.00783545 0.0128149 0.0194497 0.0277314 0.0374155 0.0478593 0.0579852 0.0665371 0.0725198 0.0755 0.075589 0.0732231 0.068957 0.0633529 0.0569244 0.0500983 0.0431967 0.0364467 0.0300086 0.0240071 0.0185551 0.0137601 0.00971507 0.0064762 0.00404148
 0.00797394 0.0130157 0.0197078 0.0280299 0.0377341 0.0481858 0.05832 0.0668854 0.072875 0.0758319 0.0758464 0.0733533 0.0689292 0.0631704 0.0566205 0.0497204 0.0427912 0.0360506 0.0296465 0.0236919 0.0182893 0.0135396 0.00953359 0.00632958 0.00392795
 0.00806965 0.0131405 0.0198385 0.0281248 0.0377439 0.0480719 0.058073 0.0665345 0.0724853 0.0754877 0.0756262 0.0733024 0.0690438 0.0634023 0.0568999 0.0499844 0.0430015 0.0361954 0.0297321 0.023732 0.0182969 0.0135249 0.00950447 0.00629309 0.00389089
 0.00790372 0.0128986 0.0195247 0.0277571 0.0373444 0.0476536 0.057634 0.0660666 0.071993 0.0750066 0.0752255 0.073067 0.0690424 0.0636579 0.0573784 0.0506068 0.0436718 0.0368296 0.0302759 0.0241622 0.0186142 0.0137428 0.00964236 0.00637148 0.00392916
 0.00798463 0.0130174 0.0196807 0.0279433 0.0375511 0.0478731 0.0578596 0.0662849 0.0721743 0.0751041 0.0751898 0.0728732 0.0687121 0.0632593 0.0570002 0.0503215 0.0435099 0.0367781 0.0302953 0.02421 0.0186599 0.0137724 0.00965408 0.00637005 0.00392089
 0.00791524 0.0128997 0.0194948 0.0276691 0.037175 0.0473975 0.0573127 0.0657234 0.0716734 0.0747374 0.0750063 0.0728813 0.0688807 0.0635358 0.0573359 0.0506876 0.0438964 0.0371788 0.0306956 0.0245848 0.0189829 0.014026 0.00983477 0.0064865 0.00398845
 0.00790742 0.0128847 0.0194675 0.0276213 0.0370951 0.0472715 0.057127 0.0654704 0.0713597 0.0743889 0.0746681 0.0726069 0.0687154 0.063501 0.0574246 0.0508726 0.0441445 0.0374615 0.0309908 0.024873 0.0192445 0.0142445 0.0100006 0.00660014 0.00405834
 0.00792449 0.0129021 0.0194746 0.0276019 0.0370317 0.0471518 0.0569489 0.0652426 0.0710977 0.0741107 0.0743928 0.0723569 0.0685177 0.0633836 0.0574083 0.0509623 0.0443269 0.0377098 0.0312731 0.0251592 0.0195099 0.0144707 0.0101774 0.00672586 0.00413917
 0.00791628 0.0128936 0.0194699 0.0276059 0.0370462 0.0471705 0.0569559 0.0652157 0.0710174 0.07397 0.0742008 0.0721364 0.0682981 0.0631947 0.0572759 0.0509054 0.0443536 0.0378149 0.0314385 0.0253587 0.0197154 0.0146585 0.0103318 0.00684035 0.00421566
 0.00778414 0.012695 0.019202 0.0272781 0.0366795 0.0467943 0.0566037 0.0649204 0.0708043 0.0738497 0.0741678 0.0721741 0.0683878 0.0633233 0.0574382 0.0511015 0.0445851 0.0380796 0.0317274 0.0256555 0.0199991 0.0149088 0.0105344 0.00699006 0.00431608
 0.00765584 0.0124864 0.0188893 0.0268429 0.0361167 0.0461229 0.0558747 0.0642135 0.0702099 0.0734434 0.0739899 0.0722234 0.0686295 0.0637049 0.0579052 0.0516094 0.0451026 0.0385874 0.0322121 0.0261045 0.0203988 0.0152461 0.0108006 0.00718428 0.00444584
 0.00772788 0.0125832 0.0189965 0.0269326 0.0361525 0.0460698 0.0557095 0.0639328 0.0698341 0.0730151 0.0735671 0.0718661 0.0683844 0.063594 0.0579242 0.0517347 0.045303 0.038833 0.0324788 0.0263735 0.020654 0.0154731 0.0109883 0.00732704 0.00454478
 0.00763022 0.0124411 0.0188125 0.0267176 0.0359188 0.0458231 0.0554445 0.0636374 0.0695008 0.0726535 0.0732088 0.0715597 0.0681815 0.0635336 0.0580214 0.0519776 0.0456581 0.039256 0.0329252 0.0268057 0.0210444 0.0158038 0.0112501 0.00751948 0.00467498
 0.00764262 0.0124535 0.0188177 0.0267056 0.0358822 0.0457618 0.0553681 0.0635594 0.0694275 0.0725761 0.073106 0.0714121 0.0679889 0.0633221 0.0578357 0.0518629 0.0456425 0.0393424 0.0330939 0.0270241 0.0212779 0.0160233 0.011436 0.00766258 0.00477508
 0.00758097 0.01236 0.0186891 0.0265428 0.0356883 0.0455416 0.0551282 0.0633114 0.0691906 0.0723749 0.0729631 0.0713386 0.0679794 0.0633602 0.0579061 0.0519613 0.0457764 0.0395213 0.0333188 0.0272823 0.0215456 0.0162742 0.011649 0.00782647 0.00488945
 0.00742779 0.0121339 0.0183918 0.0261911 0.0353104 0.0451689 0.054789 0.0630276 0.0689767 0.072238 0.0729044 0.0713553 0.0680662 0.0635083 0.0581028 0.0521921 0.0460292 0.0397893 0.0335985 0.027568 0.0218257 0.0165319 0.0118679 0.0079963 0.00500899
 0.00732964 0.011963 0.0181154 0.0257769 0.0347397 0.044455 0.0539897 0.0622399 0.0683099 0.0717793 0.072695 0.071388 0.0683005 0.0638909 0.0585816 0.0527229 0.0465772 0.0403286 0.0341107 0.0280399 0.0222462 0.0168907 0.0121572 0.00821342 0.00515877
 0.00733396 0.0119524 0.0180658 0.0256526 0.0344995 0.0440641 0.053435 0.0615416 0.0675272 0.0710046 0.0720354 0.0709386 0.0681181 0.0639809 0.0589041 0.0532119 0.0471617 0.0409471 0.0347166 0.0286006 0.0227402 0.0173046 0.0124845 0.00845534 0.00532399
 0.00745558 0.0121388 0.0183238 0.0259762 0.0348661 0.0444312 0.0537394 0.0617082 0.0674883 0.070725 0.0715326 0.0702845 0.0674215 0.0633558 0.0584383 0.0529473 0.047093 0.0410357 0.0349097 0.0288471 0.0229985 0.017545 0.0126884 0.00861372 0.00543642
 0.00746382 0.0121616 0.0183752 0.026074 0.035026 0.0446573 0.0540158 0.061996 0.0677309 0.0708609 0.0715118 0.0700848 0.0670598 0.0628891 0.0579504 0.0525247 0.0467998 0.0408978 0.034915 0.0289578 0.0231679 0.0177306 0.0128593 0.00875238 0.00553721
 0.00752637 0.0122591 0.0185146 0.0262602 0.0352625 0.0449459 0.0543544 0.0623731 0.0681199 0.0712182 0.0717802 0.0702059 0.0669914 0.0626222 0.0575175 0.0519947 0.0462594 0.0404265 0.0345642 0.028742 0.0230701 0.0177165 0.0128914 0.00880068 0.00558284
 0.00755509 0.0123095 0.0185971 0.0263862 0.035441 0.0451794 0.054635 0.0626834 0.0684373 0.0715196 0.0720428 0.0704041 0.067095 0.0626006 0.0573523 0.051693 0.0458591 0.0399891 0.034156 0.0284138 0.0228444 0.0175878 0.012836 0.00878988 0.00559234
 0.00755973 0.0123137 0.0185977 0.0263798 0.0354269 0.0451628 0.0546292 0.0627067 0.0685069 0.0716436 0.0722161 0.0706086 0.0673027 0.0627776 0.0574643 0.0517132 0.0457785 0.0398228 0.033941 0.0281963 0.0226637 0.0174639 0.0127686 0.00876455 0.00559094
 0.00757085 0.0123277 0.0186111 0.0263864 0.0354191 0.0451344 0.0545782 0.0626384 0.0684349 0.0715882 0.0721996 0.0706475 0.0673998 0.0629193 0.0576222 0.0518521 0.0458667 0.0398429 0.0338957 0.028107 0.0225611 0.017375 0.012708 0.00873314 0.00558073
 0.00760313 0.0123764 0.0186771 0.0264674 0.0355088 0.0452233 0.054654 0.0626877 0.0684472 0.0715607 0.0721401 0.0705739 0.0673348 0.0628817 0.0576193 0.0518762 0.0458981 0.0398584 0.0338793 0.0280566 0.0224882 0.0172983 0.0126437 0.00868917 0.00555646
 0.00752743 0.0122703 0.0185487 0.0263344 0.0353937 0.0451442 0.054618 0.0626899 0.0684747 0.0715991 0.0721789 0.070609 0.0673692 0.0629233 0.057677 0.0519539 0.0459914 0.0399542 0.033961 0.0281116 0.0225132 0.0172997 0.0126329 0.00867653 0.0055476
 0.00751388 0.0122463 0.0185097 0.0262774 0.0353205 0.0450655 0.0545541 0.0626649 0.0685058 0.0716861 0.0723014 0.0707352 0.0674695 0.0629824 0.0576965 0.0519476 0.0459754 0.0399393 0.0339493 0.0280994 0.0224959 0.0172762 0.0126064 0.00865221 0.00552918
 0.0075215 0.0122496 0.0184981 0.0262354 0.0352324 0.0449221 0.0543597 0.0624409 0.068287 0.0715127 0.0722068 0.0707349 0.0675561 0.0631292 0.0578691 0.052117 0.046125 0.0400645 0.0340516 0.0281808 0.0225571 0.0173181 0.0126314 0.00866472 0.00553421
 0.00752765 0.0122698 0.0185463 0.026328 0.0353805 0.0451213 0.0545835 0.0626445 0.0684233 0.0715509 0.0721458 0.0706011 0.0673904 0.0629695 0.0577382 0.0520194 0.0460533 0.040008 0.0340028 0.0281364 0.0225171 0.0172829 0.0126018 0.00864104 0.00551674
 0.00723662 0.0118071 0.017872 0.0254194 0.0342442 0.043809 0.0532015 0.0613442 0.0673671 0.070867 0.0718957 0.0707756 0.0679282 0.0637833 0.0587343 0.0531086 0.0471557 0.0410569 0.0349477 0.0289451 0.0231746 0.0177897 0.01297 0.00889156 0.00567494
 0.0070558 0.0114985 0.0173809 0.0246877 0.033226 0.0424943 0.0516409 0.0596577 0.0657291 0.0694713 0.0709138 0.0703214 0.0680377 0.0644135 0.0597811 0.0544354 0.0486212 0.0425348 0.0363367 0.030173 0.0241984 0.0185939 0.0135629 0.00929926 0.0059347
 0.00708431 0.0115355 0.0174169 0.0247019 0.0331832 0.0423453 0.051328 0.0591298 0.0649645 0.0685013 0.0698328 0.0692746 0.0671866 0.0638932 0.0596652 0.0547216 0.0492407 0.0433765 0.0372776 0.031102 0.0250319 0.0192814 0.0140863 0.00966678 0.00617193
 0.00724798 0.0117783 0.0177384 0.0250845 0.0335944 0.0427415 0.0516571 0.0593316 0.0649749 0.0682644 0.0693209 0.0685094 0.0662505 0.0629201 0.0588097 0.0541164 0.0489596 0.0434196 0.0375806 0.0315643 0.0255483 0.0197665 0.0144872 0.0099636 0.00637021
 0.00736299 0.0119587 0.0179966 0.0254246 0.0340082 0.0432039 0.0521233 0.0597407 0.065261 0.068371 0.0692112 0.0681711 0.065699 0.0622036 0.0580127 0.0533509 0.0483404 0.0430309 0.0374505 0.0316607 0.0257962 0.0200782 0.0147887 0.0102097 0.00654545
 0.00747417 0.012161 0.0183396 0.025964 0.0347881 0.0442303 0.0533411 0.0610308 0.0664632 0.0693229 0.0697852 0.0682956 0.0653642 0.0614567 0.0569478 0.052097 0.0470448 0.041836 0.0364668 0.0309446 0.0253448 0.0198421 0.0146977 0.0101975 0.00656416
 0.00733202 0.0119619 0.0181014 0.0257297 0.0346217 0.0442057 0.0535263 0.0614694 0.0671544 0.0702071 0.0707449 0.0691794 0.0660249 0.0617895 0.0569136 0.0517269 0.0464278 0.041096 0.0357331 0.0303217 0.0248905 0.0195628 0.0145606 0.0101528 0.00656578
 0.00718634 0.0117245 0.0177458 0.0252378 0.0339963 0.0434865 0.0528003 0.060864 0.0668073 0.0702223 0.0711551 0.0699298 0.0669853 0.0627886 0.0577843 0.0523487 0.046753 0.0411519 0.0356024 0.0301082 0.0246848 0.0194188 0.0144911 0.0101414 0.00658541
 0.00695168 0.0113523 0.0172031 0.0245011 0.0330572 0.0423611 0.051542 0.059572 0.0656225 0.0693072 0.0706602 0.0699549 0.0675464 0.0638042 0.0590911 0.0537438 0.0480488 0.042222 0.0364009 0.0306601 0.0250543 0.0196741 0.0146809 0.0102895 0.00669872
#obs surv len freq
 nan nan nan nan nan nan nan nan nan nan nan nan nan nan nan nan nan nan nan nan nan nan nan nan nan
 0.0044861 0.00734798 0.0111783 0.0159945 0.0216945 0.0279689 0.0342818 0.040012 0.0446909 0.0481544 0.0505124 0.0520086 0.0529013 0.0534141 0.0537287 0.0539839 0.0542626 0.0545555 0.0546943 0.0542862 0.0527243 0.0493565 0.0438062 0.0362863 0.0276699
 0.00461872 0.00756579 0.0115098 0.0164665 0.0223253 0.028758 0.0351999 0.0409988 0.0456635 0.0490245 0.0512027 0.0524644 0.0530957 0.0533473 0.0534237 0.0534781 0.0535999 0.0537785 0.0538421 0.0533958 0.0518346 0.0485109 0.0430497 0.0356569 0.0271889
 0.00477594 0.00782379 0.0119026 0.0170277 0.0230814 0.0297183 0.036345 0.0422746 0.0469864 0.0502935 0.0523151 0.0533286 0.0536416 0.0535342 0.0532433 0.0529527 0.0527749 0.0527135 0.0526035 0.0520537 0.0504638 0.0471914 0.041861 0.0346645 0.026429
 0.00496607 0.00813432 0.0123727 0.017695 0.0239751 0.0308482 0.0376897 0.0437769 0.0485593 0.0518348 0.0537203 0.0545 0.0544926 0.0539957 0.0532702 0.0525304 0.0519216 0.0514787 0.0510631 0.0503053 0.048623 0.0453852 0.040215 0.0332812 0.0253659
 0.00517977 0.00848408 0.0129035 0.0184502 0.0249884 0.0321305 0.0392156 0.0454799 0.0503413 0.0535841 0.0553283 0.0558693 0.0555392 0.0546477 0.0534692 0.0522364 0.0511202 0.0501893 0.0493457 0.048263 0.0463993 0.0431518 0.0381477 0.0315265 0.0240091
 0.00540526 0.00885421 0.0134673 0.0192556 0.0260737 0.0335097 0.0408634 0.0473261 0.0522804 0.0554949 0.0570931 0.0573847 0.0567193 0.0554222 0.0537807 0.0520391 0.0503834 0.0489079 0.0475546 0.0460519 0.0439187 0.0406019 0.0357468 0.0294639 0.0224012
 0.00565333 0.00925825 0.0140769 0.020118 0.0272253 0.0349624 0.0425907 0.049257 0.0543079 0.0574957 0.0589461 0.0589828 0.0579734 0.0562612 0.0541483 0.0518902 0.0496838 0.047641 0.0457375 0.0437573 0.0412899 0.0378496 0.0331154 0.0271762 0.0206018
 0.00588562 0.0096421 0.0146661 0.0209664 0.0283759 0.0364308 0.044348 0.0512246 0.0563705 0.0595241 0.0608187 0.0605961 0.0592437 0.0571217 0.0545454 0.05178 0.0490307 0.0464229 0.0439607 0.0414796 0.0386423 0.035039 0.0303945 0.0247854 0.0187049
 0.0061308 0.0100406 0.0152659 0.021813 0.029505 0.0378557 0.0460457 0.053129 0.0583787 0.0615137 0.0626669 0.0621933 0.0605006 0.0579709 0.0549378 0.0516782 0.0484048 0.0452523 0.0422472 0.0392709 0.0360561 0.0322702 0.0276912 0.0223905 0.016791
 0.00638541 0.0104598 0.0159062 0.022729 0.0307376 0.0394132 0.0478868 0.0551591 0.0604668 0.0635208 0.0644699 0.0636955 0.0616314 0.0586799 0.0551901 0.0514491 0.0476759 0.0440121 0.0405017 0.0370643 0.033496 0.029538 0.0250219 0.0200197 0.0148898
 0.00661544 0.0108389 0.0164866 0.023563 0.0318676 0.0408558 0.0496154 0.0570963 0.0624933 0.0654973 0.0662606 0.0651863 0.0627383 0.0593508 0.0553982 0.0511835 0.0469329 0.0427928 0.0388198 0.034965 0.0310783 0.026967 0.022512 0.0177883 0.0130965
 0.00684924 0.0112191 0.0170591 0.0243708 0.032943 0.0422081 0.0512171 0.0588779 0.0643516 0.0673127 0.067915 0.066575 0.0637772 0.0599795 0.0555815 0.0509078 0.0461997 0.0416139 0.03722 0.0329947 0.0288323 0.0245949 0.0202058 0.0157417 0.0114523
 0.00703947 0.0115367 0.017552 0.0250882 0.0339239 0.0434645 0.052718 0.0605457 0.0660755 0.0689731 0.0694039 0.0678062 0.064686 0.0605204 0.0557247 0.0506378 0.0455143 0.0405234 0.035751 0.0311992 0.026801 0.0224635 0.0181439 0.013918 0.00998977
 0.00726737 0.0119048 0.0181018 0.0258567 0.034937 0.0447258 0.0541965 0.0621698 0.0677403 0.0705584 0.070795 0.0689097 0.0654385 0.0608887 0.0557004 0.0502282 0.0447347 0.0393951 0.0343051 0.0294875 0.0249072 0.0205091 0.0162763 0.0122808 0.00868527
 0.0074369 0.0121884 0.0185429 0.0264995 0.0358158 0.0458493 0.0555326 0.063643 0.0692455 0.0719834 0.0720402 0.0698969 0.0661125 0.0612161 0.0556684 0.0498415 0.0440113 0.0383623 0.0329998 0.0279623 0.0232397 0.0188052 0.0146615 0.0108746 0.00757059
 0.00753648 0.0123519 0.0187929 0.0268601 0.0363107 0.0464965 0.0563372 0.06459 0.0702952 0.073074 0.0730942 0.070832 0.0668538 0.0617053 0.0558679 0.0497344 0.0435983 0.0376596 0.0320387 0.0267918 0.0219309 0.017452 0.0133713 0.00974805 0.00667656
 0.00758767 0.0124293 0.0188991 0.0269957 0.0364772 0.0467002 0.0565913 0.0649133 0.0707071 0.0735853 0.0736987 0.0715 0.0675318 0.0623235 0.0563526 0.0500214 0.043643 0.037442 0.0315649 0.0260945 0.0210692 0.0165081 0.0124394 0.00891666 0.00600784
 0.00768509 0.0125778 0.0191038 0.0272537 0.0367776 0.0470254 0.0569191 0.0652217 0.0709814 0.0738252 0.0739191 0.0717239 0.0677758 0.0625846 0.0566032 0.0502138 0.043722 0.0373601 0.0312956 0.0256408 0.0204656 0.0158166 0.0117377 0.00827997 0.00549037
 0.00772588 0.0126436 0.0192017 0.0273891 0.036952 0.0472338 0.0571481 0.0654507 0.0711883 0.0739941 0.074047 0.0718219 0.0678646 0.0626844 0.0567223 0.0503408 0.0438246 0.0373939 0.0312186 0.0254293 0.0201248 0.0153822 0.0112667 0.00783397 0.0051176
 0.00776996 0.0127082 0.0192858 0.0274879 0.0370591 0.0473439 0.0572592 0.0655628 0.0713006 0.0741028 0.0741455 0.071904 0.0679289 0.0627364 0.0567715 0.0503933 0.0438759 0.0374246 0.0311995 0.025333 0.0199395 0.01512 0.0109618 0.00753075 0.00485532
 0.00780708 0.0127651 0.0193649 0.0275882 0.0371757 0.0474679 0.0573785 0.0656644 0.0713751 0.0741478 0.0741665 0.0719107 0.0679301 0.0627379 0.0567759 0.0504014 0.0438857 0.0374286 0.0311831 0.0252781 0.0198327 0.0149614 0.010768 0.0073297 0.00467539
 0.00786669 0.0128547 0.0194859 0.0277368 0.0373435 0.0476436 0.0575486 0.0658144 0.0714906 0.0742178 0.0741862 0.0718835 0.067867 0.0626534 0.0566845 0.0503137 0.0438069 0.0373577 0.0311133 0.0251985 0.0197333 0.0148383 0.0106275 0.00718671 0.00454726
 0.00786468 0.0128524 0.0194843 0.0277372 0.037347 0.0476504 0.057558 0.0658249 0.0715014 0.0742296 0.0742007 0.0719023 0.0678903 0.0626802 0.0567134 0.0503436 0.0438365 0.0373844 0.0311323 0.0252028 0.019716 0.0147964 0.0105644 0.00711241 0.00447442
 0.00788538 0.0128804 0.0195161 0.0277663 0.0373661 0.0476548 0.0575475 0.0658042 0.0714775 0.0742086 0.0741863 0.0718958 0.0678917 0.0626889 0.0567282 0.0503631 0.0438584 0.0374061 0.0311499 0.0252116 0.0197113 0.0147756 0.010529 0.00706802 0.0044291
 0.00791744 0.0129305 0.0195872 0.0278587 0.0374761 0.0477732 0.0576599 0.0658934 0.0715285 0.0742145 0.0741508 0.0718306 0.0678115 0.0626065 0.0566523 0.0502979 0.0438052 0.0373637 0.0311156 0.0251818 0.0196818 0.0147435 0.0104935 0.00703119 0.00439465
 0.00787838 0.0128692 0.0194994 0.027743 0.0373351 0.0476152 0.0574992 0.0657486 0.0714178 0.0741503 0.0741368 0.0718628 0.0678816 0.0627054 0.0567711 0.050428 0.0439383 0.0374918 0.0312316 0.0252798 0.0197578 0.014796 0.0105239 0.00704364 0.00439522
 0.00789011 0.0128764 0.0194887 0.0276953 0.0372317 0.0474466 0.0572729 0.0654898 0.0711631 0.0739369 0.0739927 0.0718019 0.067903 0.062797 0.0569146 0.0506035 0.0441276 0.0376796 0.0314058 0.0254313 0.0198809 0.0148882 0.0105866 0.00708136 0.00441443
 0.00788484 0.0128716 0.0194873 0.0277002 0.037242 0.0474534 0.0572585 0.0654329 0.0710493 0.0737693 0.0737947 0.0716104 0.0677552 0.0627179 0.0569115 0.0506678 0.0442409 0.0378204 0.0315542 0.0255714 0.0200016 0.0149835 0.0106552 0.00712581 0.00443996
 0.00787022 0.0128465 0.0194476 0.0276423 0.0371648 0.0473609 0.0571596 0.0653387 0.0709673 0.0736988 0.0737287 0.0715429 0.0676886 0.0626654 0.0568913 0.0506942 0.0443168 0.0379369 0.0316945 0.0257165 0.0201352 0.0150946 0.0107391 0.00718327 0.00447539
 0.00784886 0.0128086 0.0193849 0.0275457 0.0370269 0.0471803 0.0569452 0.0651101 0.0707515 0.0735228 0.073612 0.0714921 0.0676983 0.0627232 0.0569851 0.0508168 0.0444651 0.0381075 0.0318792 0.0259025 0.0203078 0.0152414 0.0108531 0.00726388 0.00452708
 0.00784745 0.0128035 0.0193717 0.0275178 0.0369766 0.0471002 0.0568309 0.0649623 0.0705782 0.0733395 0.0734399 0.0713537 0.0676116 0.0626966 0.0570166 0.0508968 0.0445816 0.0382492 0.032036 0.0260638 0.0204619 0.0153772 0.0109626 0.00734418 0.00458034
 0.00780579 0.0127404 0.0192856 0.0274098 0.0368503 0.0469602 0.0566817 0.0648091 0.0704267 0.0731969 0.0733148 0.0712566 0.0675538 0.0626879 0.0570622 0.050995 0.0447239 0.0384223 0.0322248 0.0262537 0.0206397 0.0155322 0.0110876 0.00743655 0.00464251
 0.00775512 0.0126559 0.0191549 0.0272221 0.0365999 0.0466531 0.0563393 0.0644665 0.070124 0.0729672 0.0731761 0.071211 0.0675924 0.0627977 0.0572305 0.0512102 0.0449741 0.0386941 0.0325028 0.0265216 0.0208828 0.0157388 0.0112511 0.0075561 0.00472263
 0.00775448 0.0126483 0.0191311 0.0271687 0.0365023 0.0464995 0.0561267 0.0642039 0.0698328 0.0726787 0.0729248 0.0710273 0.0674954 0.0627922 0.0573087 0.051357 0.0451718 0.0389248 0.0327493 0.026767 0.0211111 0.0159369 0.0114104 0.00767419 0.00480271
 0.00770187 0.0125697 0.0190254 0.0270385 0.0363516 0.0463314 0.0559416 0.0640012 0.0696149 0.0724544 0.0727117 0.070849 0.0673772 0.0627537 0.0573585 0.0514908 0.0453744 0.0391747 0.0330229 0.0270417 0.0213672 0.0161591 0.0115891 0.00780676 0.00489276
 0.00766824 0.0125114 0.0189315 0.026898 0.0361581 0.0460881 0.0556652 0.0637196 0.0693581 0.0722444 0.0725577 0.0707503 0.0673307 0.0627602 0.0574225 0.0516166 0.0455604 0.0394107 0.0332907 0.027319 0.0216315 0.0163918 0.0117782 0.00794792 0.00498915
 0.00762743 0.0124492 0.018845 0.0267866 0.0360217 0.0459264 0.0554783 0.0635107 0.0691369 0.0720285 0.0723693 0.07061 0.0672514 0.0627452 0.0574689 0.051719 0.0457135 0.0396076 0.0335204 0.0275651 0.0218741 0.0166116 0.011961 0.00808686 0.00508529
 0.00763958 0.0124604 0.0188466 0.0267656 0.0359651 0.0458271 0.0553391 0.0633437 0.0689583 0.0718528 0.0722068 0.070469 0.0671403 0.0626735 0.0574447 0.0517466 0.0457922 0.0397324 0.0336821 0.0277506 0.0220671 0.0167945 0.0121187 0.00821041 0.00517287
 0.00761966 0.0124364 0.0188251 0.0267563 0.0359755 0.0458563 0.0553742 0.0633629 0.0689403 0.0717868 0.0720973 0.0703321 0.0669973 0.0625437 0.0573434 0.0516845 0.0457757 0.0397629 0.0337558 0.0278582 0.0221948 0.0169262 0.0122395 0.00830953 0.00524572
 0.0075935 0.0123947 0.0187646 0.0266761 0.0358793 0.0457541 0.0552817 0.063297 0.0689114 0.0717922 0.0721211 0.0703537 0.0670014 0.0625274 0.0573153 0.0516593 0.045768 0.039783 0.0338077 0.027939 0.0222957 0.0170347 0.0123422 0.00839611 0.00531082
 0.00758065 0.0123743 0.0187347 0.0266352 0.0358264 0.0456894 0.0552079 0.0632203 0.0688417 0.0717407 0.0720962 0.0703564 0.0670237 0.0625562 0.0573386 0.0516728 0.045776 0.0397954 0.0338343 0.027985 0.0223598 0.0171097 0.012418 0.00846322 0.00536326
 0.00757864 0.0123721 0.0187333 0.0266359 0.0358302 0.0456959 0.0552145 0.0632229 0.0688361 0.0717246 0.072071 0.0703268 0.0669957 0.0625336 0.0573214 0.0516582 0.0457617 0.0397825 0.0338277 0.0279905 0.0223804 0.0171437 0.0124596 0.00850468 0.00539847
 0.00754249 0.0123164 0.0186555 0.0265361 0.0357121 0.0455668 0.0550856 0.0631077 0.0687474 0.0716712 0.0720555 0.0703459 0.0670428 0.0626014 0.0574031 0.0517471 0.0458517 0.0398687 0.0339077 0.0280644 0.0224497 0.0172087 0.0125188 0.00855523 0.00543792
 0.00755017 0.0123259 0.0186642 0.0265397 0.0357057 0.0455469 0.0550514 0.063062 0.0686957 0.0716201 0.072011 0.0703124 0.0670225 0.0625944 0.0574081 0.0517619 0.045874 0.039896 0.033938 0.0280964 0.0224828 0.0172423 0.0125514 0.00858484 0.00546233
 0.00753586 0.0123059 0.01864 0.0265144 0.0356824 0.0455268 0.0550326 0.0630405 0.0686677 0.0715849 0.071972 0.070276 0.0669958 0.0625823 0.0574122 0.0517809 0.0459047 0.0399344 0.0339803 0.0281396 0.0225246 0.0172812 0.012586 0.00861391 0.005485
 0.00752155 0.0122803 0.0185975 0.0264493 0.0355913 0.0454122 0.0549047 0.0629155 0.068563 0.0715127 0.0719361 0.0702733 0.0670198 0.0626273 0.057474 0.0518561 0.0459895 0.0400243 0.0340702 0.0282248 0.0226013 0.0173468 0.0126393 0.00865477 0.00551426
 0.0074972 0.0122428 0.0185447 0.0263803 0.0355059 0.0453104 0.054788 0.0627883 0.0684341 0.0713953 0.0718453 0.0702219 0.0670138 0.0626647 0.057547 0.0519544 0.0461029 0.0401442 0.0341893 0.028337 0.0227014 0.0174313 0.0127065 0.00870474 0.00554883
 0.00750721 0.012256 0.0185591 0.0263919 0.03551 0.0453032 0.0547671 0.0627531 0.0683851 0.0713337 0.071774 0.0701465 0.0669437 0.0626104 0.0575169 0.0519523 0.0461272 0.0401893 0.0342478 0.0284012 0.0227648 0.0174887 0.0127543 0.00874153 0.00557484
 0.00748889 0.0122307 0.018529 0.0263613 0.0354839 0.0452839 0.0547535 0.0627406 0.068368 0.0713086 0.0717406 0.0701077 0.066904 0.0625758 0.0574937 0.051946 0.0461411 0.0402233 0.034298 0.0284613 0.0228273 0.017547 0.0128039 0.00877989 0.00560195
 0.00748889 0.0122307 0.018529 0.0263613 0.0354839 0.0452839 0.0547535 0.0627406 0.068368 0.0713086 0.0717406 0.0701077 0.066904 0.0625758 0.0574937 0.051946 0.0461411 0.0402233 0.034298 0.0284613 0.0228273 0.017547 0.0128039 0.00877989 0.00560195
 0.00722925 0.0118154 0.0179191 0.0255312 0.0344335 0.0440545 0.0534383 0.0614788 0.0673153 0.0705956 0.0714397 0.0702233 0.0673841 0.0633337 0.0584311 0.0529704 0.0471756 0.0412103 0.0351972 0.0292462 0.0234827 0.0180675 0.013194 0.00905348 0.00577986
 0.00711917 0.0116098 0.0175607 0.0249523 0.0335738 0.0428902 0.0520091 0.0598969 0.0657482 0.0692297 0.0704413 0.0697062 0.0673918 0.0638365 0.0593393 0.0541582 0.048509 0.0425683 0.0364844 0.0303956 0.0244538 0.0188429 0.0137762 0.00946172 0.00604502
 0.0071578 0.0116688 0.0176397 0.0250404 0.0336422 0.0428862 0.0518587 0.059522 0.0650996 0.068321 0.0693642 0.0686154 0.0664632 0.0632186 0.0591159 0.0543349 0.0490225 0.0433124 0.0373398 0.0312548 0.0252356 0.0194972 0.0142825 0.0098236 0.00628306
 0.00717119 0.0117016 0.0177087 0.0251664 0.0338423 0.043161 0.0521798 0.0598269 0.0652989 0.0683194 0.0690917 0.0680587 0.0656839 0.0623463 0.0583126 0.0537462 0.0487354 0.0433373 0.0376202 0.0316956 0.0257352 0.0199723 0.0146803 0.0101224 0.00648595
 0.00713945 0.0116569 0.0176552 0.0251146 0.0338092 0.043168 0.0522481 0.0599694 0.0655082 0.0685589 0.0692947 0.0681434 0.0655831 0.0620391 0.0578437 0.0532177 0.0482734 0.0430461 0.0375484 0.0318272 0.0260061 0.0203011 0.014996 0.0103808 0.00667132
 0.00723956 0.011819 0.0178973 0.0254514 0.0342469 0.0436983 0.052843 0.0605817 0.0660814 0.0690378 0.0696324 0.068301 0.0655279 0.0617494 0.0573229 0.0525102 0.0474672 0.0422561 0.0368825 0.0313528 0.0257353 0.0201978 0.0150003 0.0104345 0.00673334
 0.00719276 0.0117569 0.0178304 0.0253995 0.0342361 0.0437543 0.0529837 0.0608131 0.0663943 0.0694082 0.0700236 0.0686676 0.0658208 0.0619218 0.0573384 0.0523529 0.0471542 0.0418407 0.0364437 0.0309708 0.025464 0.0200508 0.0149553 0.0104516 0.0067745
 0.00705826 0.0115382 0.0175029 0.0249455 0.0336548 0.043074 0.0522706 0.0601653 0.0659188 0.0691888 0.0700957 0.0690115 0.066371 0.062586 0.0580176 0.0529605 0.0476311 0.0421664 0.036637 0.031078 0.0255374 0.0201275 0.0150475 0.0105508 0.00686475
 0.00695481 0.0113595 0.0172149 0.024511 0.0330433 0.0422773 0.0513192 0.059135 0.0649231 0.0683574 0.0695472 0.0688262 0.0665725 0.0631347 0.0588213 0.0538973 0.0485789 0.0430285 0.0373582 0.0316461 0.0259716 0.0204594 0.0153042 0.0107482 0.00701041
#pred catch len freq
 0.00318 0.00515295 0.00775807 0.011035 0.0150241 0.0197222 0.0250208 0.0306912 0.0364275 0.041908 0.0468426 0.0510107 0.0542926 0.0566788 0.0582501 0.0591502 0.0595625 0.059673 0.0595833 0.0591681 0.0579601 0.0552108 0.0502207 0.0428179 0.0336587
 0.00343165 0.0054993 0.00816553 0.0114392 0.0153554 0.0199414 0.0251411 0.0307671 0.036516 0.0420279 0.0469623 0.0510739 0.0542639 0.0565781 0.0581542 0.0591575 0.059738 0.0599999 0.0599464 0.0593867 0.0578625 0.0547169 0.049386 0.0418098 0.0326794
 0.00348665 0.00563102 0.0084369 0.0119217 0.0160955 0.020918 0.0262427 0.0318168 0.037341 0.0425328 0.0471547 0.0510295 0.0540667 0.0562844 0.0577995 0.0587819 0.0593936 0.0597238 0.0597216 0.0591275 0.0574481 0.0540607 0.0484951 0.0407931 0.0316968
 0.00360988 0.00581425 0.00868668 0.0122481 0.0165281 0.0215179 0.0270923 0.0329751 0.0387821 0.0441088 0.0486234 0.0521442 0.0546733 0.0563647 0.0574445 0.0581298 0.0585764 0.0588385 0.0588158 0.0581952 0.0564456 0.0529484 0.0472856 0.0395693 0.0305822
 0.00379455 0.0061043 0.00910329 0.0128021 0.0172176 0.0223282 0.0280018 0.033968 0.0398607 0.0452876 0.0498945 0.0534319 0.05582 0.0571738 0.0577603 0.0579013 0.0578642 0.0577703 0.0575248 0.0567772 0.054953 0.0514149 0.0457615 0.0381386 0.0293456
 0.00398718 0.00641548 0.00956846 0.0134542 0.0180819 0.0234137 0.0292889 0.0354021 0.0413586 0.046757 0.0512576 0.0546364 0.0568262 0.0579268 0.0581734 0.0578732 0.0573249 0.0567208 0.0560419 0.0549845 0.052985 0.0493998 0.043823 0.0363968 0.0279021
 0.00422168 0.00678898 0.0101177 0.014212 0.0190764 0.0246636 0.0307934 0.0371287 0.0432342 0.0486693 0.0530694 0.0562102 0.0580509 0.0587318 0.0585201 0.0577344 0.0566722 0.0555367 0.0543479 0.0528636 0.050581 0.0468981 0.0414214 0.0342734 0.026183
 0.00448108 0.00720373 0.0107301 0.01506 0.0201908 0.0260621 0.0324703 0.0390457 0.0453171 0.0508116 0.0551396 0.0580637 0.0595467 0.0597518 0.0589835 0.0575997 0.0559278 0.0541916 0.0524365 0.0504644 0.0478365 0.0440144 0.0386396 0.031819 0.0242127
 0.00474749 0.00763016 0.0113607 0.0159352 0.0213443 0.0275143 0.0342175 0.0410491 0.0474996 0.0530622 0.0573246 0.06004 0.0611756 0.0609111 0.0595766 0.0575606 0.0552227 0.0528193 0.0504333 0.0479165 0.0448965 0.0409045 0.0356256 0.029155 0.0220774
 0.0050762 0.00814535 0.012102 0.0169313 0.022614 0.0290664 0.0360438 0.0431139 0.0497318 0.0553555 0.0595457 0.0620434 0.0628211 0.0620782 0.0601718 0.0575179 0.0545023 0.05141 0.048362 0.0452662 0.0418237 0.0376421 0.0324559 0.0263499 0.0198297
 0.00545099 0.00873573 0.0129558 0.0180816 0.0240762 0.0308322 0.0380733 0.0453311 0.0520308 0.0576159 0.0616467 0.063872 0.0642748 0.063067 0.0606204 0.0573671 0.0537108 0.0499591 0.0462678 0.0426003 0.0387338 0.0343576 0.0292599 0.0235187 0.0175604
 0.00581767 0.00932436 0.0138286 0.0192938 0.0256685 0.032817 0.0404161 0.0479373 0.0547491 0.0602584 0.0640205 0.0658101 0.0656584 0.0638317 0.0607459 0.0568575 0.0525773 0.0482158 0.0439439 0.0397655 0.0355263 0.0309944 0.0260131 0.020656 0.015273
 0.00607519 0.00974066 0.0144527 0.0201753 0.0268544 0.0343439 0.0422949 0.0501362 0.057181 0.0627804 0.0664468 0.0679387 0.0673064 0.0648667 0.0611002 0.0565219 0.0515807 0.0466053 0.0417793 0.0371328 0.0325614 0.0278965 0.0230286 0.018027 0.013173
 0.00629415 0.0100903 0.0149687 0.0208907 0.0277993 0.0355421 0.0437562 0.0518464 0.0590945 0.0648158 0.0684875 0.0698401 0.0689106 0.0660245 0.0616947 0.056485 0.0508965 0.045303 0.039924 0.0348243 0.0299418 0.0251558 0.0203899 0.0157049 0.0113194
