SBPRF35
12.7214
Curr Bio
875748
B35
890535
F35
0.169983
FOFL
0.168162
OFL
121398
Bzero
3.63469e+06
#pred survey bio
 3.60876e+06 3.48442e+06 3.37987e+06 3.21929e+06 3.02778e+06 2.82315e+06 2.58459e+06 2.32104e+06 2.07996e+06 1.83391e+06 1.6371e+06 1.42382e+06 1.26856e+06 1.13998e+06 1.03392e+06 908441 805708 730462 697348 646890 617701 605810 587801 554409 546920 558162 544747 553949 558011 564619 571069 583798 598776 600913 615951 619364 629296 637740 648089 658931 658064 663884 660982 659043 662785 669505 675805 686822 689509 697023 696864 742302 793241 817047 829555 851055 841958 846321 854763 881461 3.10389e+07 1.83656e+07 1.84064e+07 1.90552e+07 2.01349e+07 2.14073e+07 2.26867e+07 2.38587e+07 2.48692e+07 2.57052e+07 2.63774e+07 2.69071e+07 2.73189e+07 2.76362e+07 2.78794e+07 2.80654e+07 2.82076e+07 2.83164e+07 2.83999e+07 2.84642e+07 2.85139e+07 2.85525e+07 2.85826e+07 2.86062e+07 2.86248e+07 2.86395e+07 2.86511e+07 2.86603e+07 2.86677e+07 2.86736e+07 2.86784e+07 2.86822e+07 2.86853e+07 2.86878e+07 2.86898e+07 2.86914e+07 2.86928e+07 2.86939e+07 2.86948e+07 2.86955e+07 2.86961e+07 2.86965e+07 2.86969e+07 2.86973e+07 2.86975e+07 2.86977e+07 2.86979e+07 2.8698e+07 2.86982e+07 2.86983e+07 2.86983e+07 2.86984e+07 2.86985e+07 2.86985e+07 2.86985e+07 2.86986e+07 2.86986e+07 2.86986e+07 2.86986e+07 2.86986e+07 2.86986e+07 2.86986e+07 2.86987e+07 2.86987e+07 2.86987e+07 2.86987e+07 2.86987e+07 2.86987e+07 2.86987e+07 2.86987e+07 2.86987e+07 2.86987e+07 2.86987e+07 2.86987e+07 2.86987e+07 2.86987e+07 2.86987e+07 2.86987e+07 2.86987e+07 2.86987e+07 2.86987e+07 2.86987e+07 2.86987e+07 2.86987e+07 2.86987e+07 2.86987e+07 2.86987e+07 2.86987e+07 2.86987e+07 2.86987e+07 2.86987e+07 2.86987e+07 2.86987e+07 2.86987e+07 2.86987e+07 2.86987e+07 2.86987e+07 2.86987e+07 2.86987e+07 2.86987e+07 0 0 0 0 0 0 0 0 0 0 0 0 0 0 0 0 0 0 0 0 0 0 0 0 0
#obs survey bio
 4.80076e+06 3.35908e+06 2.93023e+06 5.09789e+06 2.75243e+06 2.87697e+06 2.06447e+06 2.61439e+06 2.52146e+06 2.09299e+06 1.39689e+06 1.01496e+06 817389 1.22606e+06 732386 834125 813180 735086 717270 641173 671305 572882 497616 371182 595357 536735 787849 451442 618244 546524 593819 588928 901020 467321 464731 558420 556943 618085 957838 1.00432e+06 550965 696525 523067 592894 829248 742665 649306 669696 686700 748389 539063 696002 947756 791782 973130 644816 713791 838563 831086 1.12372e+06
#pred catch bio
 107487 95381 155028 194087 219288 265477 304369 299625 318177 286020 310901 267180 249751 233566 249940 225818 196661 156263 166547 143788 126656 129754 138972 113752 97594 117619 97425.5 101790 99515.4 99872.5 95270.7 94273.5 105068 94095.1 104203 98623.8 100131 98290.3 97264.1 106266 100043 107608 106947 102824 101439 103078 100567 108868 105451 112543 75555 73907 97876.5 106697 99135 126335 115646 113008 96577 111153 121398 120720 119705 122574 128863 136630 144455 151540 157536 162378 166155 169027 171168 172740 173881 174701 175285 175700 175992 176198 176342 176442 176512 176561 176595 176619 176635 176646 176654 176659 176663 176666 176667 176669 176670 176670 176670 176671 176671 176671 176671 176671 176671 176671 176671 176671 176671 176671 176671 176671 176671 176671 176671 176671 176671 176671 176671 176671 176671 176671 176671 176671 176671 176671 176671 176671 176671 176671 176671 176671 176671 176671 176671 176671 176671 176671 176671 176671 176671 176671 176671 176671 176671 176671 176671 176671 176671 176671 176671 176671 176671 176671 176671 176671 176671 176671 176671 176671 176671 176671 0 0 0 0 0 0 0 0 0 0 0 0 0 0 0 0 0 0 0 0 0 0 0 0 0
#obs catch bio
 0 94946.8 155593 194282 219214 265653 304848 299490 319080 285642 312077 270120 254039 236586 255711 230108 200876 157995 168190 144816 127741 130669 141226 115173 97897.2 118995 97660.8 102544 99824.2 100203 95673.3 94655.9 105184 93980.6 104536 98642.4 100440 98847.6 97040.8 105710 99404.1 107213 106825 102906 101410 103185 100546 109346 105654 113036 75604.7 73878.6 98190.7 107049 98587.3 126551 115957 113781 96677.4 111258
#pred cpue bio
 3.56257e+06 3.43987e+06 3.33613e+06 3.17587e+06 2.98483e+06 2.78057e+06 2.54261e+06 2.27995e+06 2.03971e+06 1.79484e+06 1.59875e+06 1.38654e+06 1.23181e+06 1.10398e+06 998806 875132 774287 700890 668951 620056 591700 580239 562854 530540 523494 534637 521721 530866 535015 541579 547909 560366 575184 577523 592329 595760 605554 613941 624390 635406 634735 640339 637333 635244 638757 645234 651274 661901 664460 671813 671618 716252 766763 790662 803090 823976 814546 818405 826920 854180 3.01373e+07 1.78461e+07 1.77572e+07 1.82597e+07 1.92883e+07 2.05487e+07 2.18257e+07 2.29973e+07 2.40077e+07 2.48438e+07 2.55159e+07 2.60456e+07 2.64574e+07 2.67748e+07 2.7018e+07 2.7204e+07 2.73461e+07 2.74549e+07 2.75384e+07 2.76027e+07 2.76524e+07 2.7691e+07 2.77212e+07 2.77448e+07 2.77633e+07 2.7778e+07 2.77897e+07 2.77989e+07 2.78063e+07 2.78122e+07 2.78169e+07 2.78207e+07 2.78238e+07 2.78263e+07 2.78284e+07 2.783e+07 2.78313e+07 2.78324e+07 2.78333e+07 2.7834e+07 2.78346e+07 2.78351e+07 2.78355e+07 2.78358e+07 2.78361e+07 2.78363e+07 2.78365e+07 2.78366e+07 2.78367e+07 2.78368e+07 2.78369e+07 2.7837e+07 2.7837e+07 2.7837e+07 2.78371e+07 2.78371e+07 2.78371e+07 2.78372e+07 2.78372e+07 2.78372e+07 2.78372e+07 2.78372e+07 2.78372e+07 2.78372e+07 2.78372e+07 2.78372e+07 2.78372e+07 2.78372e+07 2.78372e+07 2.78372e+07 2.78372e+07 2.78372e+07 2.78372e+07 2.78372e+07 2.78372e+07 2.78372e+07 2.78372e+07 2.78372e+07 2.78372e+07 2.78372e+07 2.78372e+07 2.78372e+07 2.78372e+07 2.78372e+07 2.78372e+07 2.78372e+07 2.78372e+07 2.78372e+07 2.78372e+07 2.78372e+07 2.78372e+07 2.78372e+07 2.78372e+07 2.78372e+07 2.78372e+07 2.78372e+07 2.78372e+07 2.78372e+07 2.78372e+07 2.78372e+07 0 0 0 0 0 0 0 0 0 0 0 0 0 0 0 0 0 0 0 0 0 0 0 0 0
#obs cpue bio
 3.81546e+06 2.65585e+06 2.24596e+06 3.12267e+06 3.31578e+06 2.70604e+06 3.11381e+06 2.07956e+06 1.45695e+06 1.74429e+06 1.59161e+06 888785 1.11177e+06 1.03672e+06 829866 846106 502780 705027 783750 558062 393117 634240 411220 614004 616145 438502 414988 493758 574480 544115 433516 495732 581528 685720 679087 714700 558189 465202 779804 647925 779760 576713 661160 579726 555550 538308 677015 513956 683022 706696 592604 873389 670249 772280 1.22156e+06 826340 647909 595482 983454 997097
#pred surv len freq
 0.00495182 0.00799706 0.0119566 0.0167879 0.0223658 0.0284151 0.0344778 0.0400153 0.0446079 0.0480933 0.0505476 0.0521654 0.0531528 0.0536796 0.0538737 0.0538333 0.0536448 0.0533804 0.0530442 0.052463 0.0511945 0.0485809 0.0440295 0.0374151 0.0293268
 0.00520587 0.0083207 0.0122824 0.017008 0.0223738 0.0281656 0.0340251 0.0394989 0.0441871 0.0478708 0.0505317 0.0522901 0.0533351 0.0538738 0.0540918 0.0541247 0.0540508 0.0538881 0.053565 0.0528526 0.0513103 0.0483508 0.0434914 0.0367017 0.028604
 0.00532058 0.00853456 0.0126482 0.0175745 0.0231533 0.0290968 0.0349595 0.0402385 0.0445684 0.0478463 0.0501895 0.0517975 0.0528481 0.0534782 0.0538046 0.0539343 0.0539476 0.0538616 0.0535776 0.0528236 0.0511364 0.0479573 0.0428804 0.0359598 0.0278627
 0.00548484 0.00879165 0.0130194 0.0180801 0.0238165 0.0299418 0.0359967 0.041436 0.045825 0.0489928 0.0510351 0.0522043 0.0527908 0.0530463 0.0531488 0.0531977 0.0532243 0.0531899 0.0529495 0.0521961 0.0504493 0.0471651 0.0419869 0.0350308 0.0270004
 0.00571578 0.00915444 0.0135417 0.018779 0.0246962 0.0309918 0.0371897 0.042729 0.0471621 0.0503048 0.0522305 0.0531647 0.0533876 0.0531833 0.0528066 0.0524463 0.0521924 0.052011 0.0517175 0.0509513 0.0491939 0.0458965 0.04073 0.0338486 0.0259755
 0.0059383 0.00951415 0.0140791 0.0195296 0.0256837 0.0322163 0.038617 0.0442881 0.0487574 0.0518358 0.0536077 0.0543109 0.0542283 0.0536405 0.0528096 0.0519591 0.0512387 0.050676 0.0501211 0.0492114 0.0474052 0.044135 0.03907 0.0323712 0.0247558
 0.00620057 0.0099339 0.0146989 0.0203862 0.0268024 0.0336027 0.0402454 0.0460942 0.0506419 0.053679 0.0552875 0.0557179 0.0552743 0.0542582 0.0529473 0.0515798 0.0503296 0.0492648 0.0482862 0.0470754 0.045117 0.0418502 0.0369372 0.0305182 0.0232711
 0.00651278 0.0104328 0.0154339 0.0213977 0.028116 0.0352184 0.0421258 0.0481596 0.0527787 0.055758 0.0571815 0.0573129 0.0564741 0.0549869 0.0531493 0.0512185 0.0493884 0.0477543 0.0462581 0.044636 0.0424279 0.0391133 0.0343642 0.028292 0.0215086
 0.00679795 0.0108914 0.0161149 0.0223448 0.0293601 0.0367677 0.0439522 0.0501927 0.0549127 0.057868 0.0591414 0.059007 0.0578024 0.0558665 0.0535145 0.0510198 0.0485942 0.0463579 0.0442915 0.0421876 0.0396539 0.0362305 0.0316168 0.0258993 0.0196142
 0.00720907 0.011533 0.0170312 0.0235605 0.0308794 0.0385714 0.045992 0.0523868 0.0571507 0.0600253 0.0610958 0.0606499 0.0590446 0.0566387 0.0537644 0.0507083 0.0476935 0.0448566 0.0422103 0.0396009 0.0367096 0.0331494 0.0286611 0.0233138 0.0175637
 0.00758085 0.0121219 0.0178885 0.0247223 0.0323596 0.040352 0.0480129 0.0545453 0.0593178 0.0620717 0.0629123 0.0621535 0.0601728 0.057341 0.053997 0.0504321 0.0468754 0.0434761 0.0402745 0.0371674 0.0339083 0.0301868 0.0257931 0.0207869 0.0155499
 0.00801819 0.0128227 0.0189232 0.0261476 0.0342055 0.042602 0.050585 0.0572872 0.0620286 0.064543 0.0649689 0.0636773 0.061107 0.0576784 0.0537598 0.0496503 0.0455723 0.0416675 0.0379831 0.0344498 0.0308836 0.0270482 0.0227854 0.0181509 0.0134546
 0.00828727 0.0132597 0.0195809 0.0270772 0.0354495 0.0441821 0.0524846 0.0594402 0.0643191 0.0668185 0.0670604 0.0654234 0.0623771 0.058389 0.0538786 0.0491865 0.0445583 0.0401438 0.0359965 0.0320688 0.0282216 0.0242774 0.0201223 0.0158094 0.0115879
 0.00852131 0.0136332 0.0201308 0.027835 0.0364386 0.0454117 0.0539421 0.0610849 0.0660836 0.0686143 0.0687847 0.0669644 0.0636208 0.0592315 0.0542401 0.049022 0.0438599 0.0389358 0.0343293 0.0300212 0.0259103 0.0218637 0.0177993 0.0137651 0.0099563
 0.00861786 0.0138084 0.0204281 0.0283061 0.0371314 0.0463523 0.0551183 0.0624427 0.0675402 0.0700792 0.0701753 0.0682099 0.0646577 0.0599972 0.0546718 0.0490626 0.0434685 0.038098 0.0330655 0.0283921 0.0240213 0.0198622 0.0158585 0.0120503 0.00858434
 0.0087832 0.0140878 0.0208685 0.0289582 0.0380395 0.0475366 0.0565569 0.0640626 0.0692247 0.0716897 0.0715788 0.069303 0.0653801 0.060331 0.0546281 0.0486621 0.0427284 0.0370311 0.031692 0.0267562 0.0222049 0.0179873 0.0140715 0.0104904 0.00734731
 0.00885871 0.0142204 0.0210875 0.0292996 0.0385418 0.048232 0.0574592 0.0651575 0.0704654 0.0729977 0.0728515 0.0704282 0.0662549 0.060881 0.0548172 0.04849 0.0422182 0.0362158 0.0306089 0.0254535 0.0207529 0.0164846 0.0126363 0.00923575 0.00635144
 0.00896858 0.0143779 0.0212866 0.029525 0.0387783 0.0484775 0.0577335 0.0654988 0.0709153 0.0735813 0.0735613 0.0712181 0.0670466 0.0615797 0.0553317 0.0487507 0.0421874 0.0358883 0.0300068 0.0246213 0.019757 0.0154121 0.0115871 0.00830432 0.00560454
 0.00896168 0.0143547 0.0212294 0.0294103 0.0385827 0.0481893 0.0573644 0.0650921 0.0705442 0.0733374 0.0735334 0.0714655 0.0675756 0.0623341 0.0562033 0.0496058 0.0428992 0.0363629 0.0301968 0.0245276 0.0194227 0.0149123 0.0110139 0.00774777 0.00513301
 0.00917719 0.0146845 0.0216859 0.0299865 0.0392492 0.0488922 0.0580266 0.0656231 0.0708625 0.0733991 0.0733525 0.0711138 0.0671598 0.0619591 0.0559371 0.0494598 0.0428309 0.036298 0.0300608 0.0242722 0.0190403 0.0144352 0.0105008 0.00726375 0.00472927
 0.00926638 0.0148227 0.0218812 0.0302417 0.0395613 0.0492513 0.0584135 0.0660066 0.0712004 0.0736446 0.0734661 0.0710778 0.0669894 0.0617024 0.0556605 0.0492234 0.0426644 0.0361906 0.02997 0.0241471 0.0188464 0.0141695 0.0101908 0.006953 0.00445858
 0.00924738 0.0147905 0.0218308 0.0301691 0.0394663 0.049141 0.0583044 0.0659234 0.0711685 0.0736805 0.073569 0.0712281 0.0671555 0.0618541 0.0557819 0.0493176 0.0427459 0.0362705 0.0300434 0.0241934 0.0188413 0.0141007 0.0100672 0.00680067 0.00430891
 0.00915767 0.0146718 0.0217018 0.0300624 0.0394175 0.0491726 0.0584139 0.0660842 0.0713437 0.0738394 0.0736974 0.0713265 0.06723 0.0619083 0.0558148 0.0493277 0.0427358 0.0362473 0.0300131 0.0241555 0.0187885 0.0140255 0.00996972 0.00669128 0.00420366
 0.00929485 0.0148718 0.0219611 0.0303657 0.0397452 0.0495108 0.0587592 0.0664365 0.0716931 0.0741561 0.0739352 0.0714394 0.0671922 0.0617248 0.0555172 0.04896 0.0423415 0.0358608 0.029658 0.0238439 0.0185229 0.0138023 0.00978352 0.00653904 0.0040847
 0.00939946 0.0150072 0.0221009 0.030464 0.0397501 0.0493858 0.0585022 0.0660871 0.0713231 0.0738483 0.0737575 0.0714229 0.0673233 0.0619531 0.0557783 0.0491991 0.0425268 0.0359845 0.0297272 0.0238714 0.0185208 0.0137797 0.00974764 0.00649678 0.00404293
 0.00922676 0.0147567 0.0217784 0.0300907 0.0393517 0.0489779 0.058084 0.0656495 0.0708686 0.0734096 0.0733999 0.0712258 0.0673484 0.0622178 0.0562463 0.0497944 0.0431604 0.0365801 0.0302363 0.0242741 0.0188178 0.0139835 0.00987589 0.00656862 0.00407678
 0.00930348 0.0148706 0.0219302 0.0302753 0.0395605 0.049202 0.0583126 0.0658641 0.0710369 0.0734871 0.0733447 0.0710222 0.067024 0.0618399 0.0558968 0.0495365 0.0430177 0.0365368 0.0302549 0.0243155 0.0188552 0.0140051 0.00988104 0.00656217 0.00406486
 0.00923274 0.0147506 0.0217413 0.0299983 0.0391838 0.0487321 0.0577826 0.0653339 0.0705803 0.0731701 0.0732041 0.0710555 0.0671954 0.0621004 0.056206 0.0498739 0.0433777 0.0369145 0.0306346 0.0246719 0.0191622 0.0142458 0.0100521 0.00667202 0.00412824
 0.00922327 0.0147344 0.0217144 0.0299544 0.0391128 0.0486199 0.0576141 0.0650991 0.0702839 0.0728383 0.0728827 0.0707978 0.0670438 0.0620722 0.0562913 0.0500457 0.043606 0.037175 0.0309086 0.0249413 0.0194082 0.0144517 0.0102085 0.006779 0.00419381
 0.00923884 0.0147499 0.0217198 0.0299346 0.0390519 0.0485073 0.057449 0.0648904 0.0700458 0.0725854 0.0726305 0.0705654 0.0668568 0.0619583 0.0562714 0.0501253 0.0437727 0.0374038 0.03117 0.0252078 0.0196566 0.0146645 0.0103754 0.00689797 0.00427033
 0.00922039 0.0147261 0.0216947 0.0299141 0.0390399 0.0485008 0.057436 0.0648528 0.0699672 0.0724596 0.0724646 0.0703778 0.0666713 0.0617997 0.0561626 0.0500839 0.0438072 0.0375102 0.031332 0.025401 0.019855 0.0148458 0.0105245 0.00700862 0.00434431
 0.00907648 0.014511 0.0214066 0.0295652 0.0386546 0.0481114 0.0570776 0.0645582 0.0697606 0.0723505 0.0724464 0.0704328 0.0667795 0.0619464 0.0563405 0.050292 0.0440461 0.0377779 0.0316204 0.025695 0.0201349 0.0150923 0.010724 0.00715615 0.00444338
 0.00893666 0.0142888 0.0210829 0.0291285 0.0381067 0.0474743 0.0563987 0.0639078 0.069217 0.0719797 0.0722843 0.0704794 0.067005 0.0623039 0.0567807 0.0507732 0.0445389 0.0382633 0.0320853 0.0261271 0.0205207 0.0154189 0.0109826 0.00734544 0.00457024
 0.00901124 0.0143888 0.0211936 0.0292211 0.0381446 0.0474232 0.0562376 0.0636359 0.0688561 0.0715712 0.0718824 0.0701394 0.0667696 0.0621938 0.0567927 0.0508863 0.0447243 0.0384934 0.0323373 0.0263828 0.0207645 0.0156368 0.0111635 0.00748354 0.00466628
 0.00890537 0.0142348 0.0209945 0.0289894 0.0378956 0.0471662 0.0559711 0.0633508 0.0685459 0.0712433 0.0715634 0.0698706 0.0665959 0.0621499 0.0568927 0.0511206 0.0450636 0.0388975 0.0327651 0.0267989 0.0211421 0.0159579 0.0114188 0.00767191 0.00479416
 0.00891145 0.0142391 0.0209914 0.0289715 0.0378572 0.0471076 0.0558994 0.0632758 0.0684714 0.0711613 0.0714565 0.0697242 0.0664122 0.0619535 0.0567238 0.0510195 0.0450553 0.0389845 0.0329294 0.0270104 0.0213684 0.0161713 0.0116002 0.007812 0.00489248
 0.00883546 0.0141246 0.0208357 0.0287776 0.0376325 0.046862 0.0556446 0.0630271 0.0682483 0.0709847 0.0713427 0.0696779 0.0664245 0.0620077 0.0568065 0.0511281 0.0451974 0.0391691 0.033157 0.0272687 0.0216347 0.0164203 0.0118116 0.00797493 0.00500641
 0.00866116 0.0138686 0.0205014 0.0283863 0.0372177 0.0464596 0.0552854 0.0627329 0.0680329 0.0708547 0.071299 0.0697168 0.066538 0.0621839 0.0570296 0.0513818 0.0454694 0.0394529 0.0334494 0.0275643 0.021922 0.0166832 0.0120341 0.00814731 0.00512772
 0.00855365 0.0136865 0.0202154 0.0279694 0.0366563 0.0457693 0.0545212 0.0619841 0.0673996 0.0704168 0.0710947 0.0697409 0.0667553 0.0625462 0.0574888 0.0518955 0.0460033 0.0399808 0.0339527 0.0280294 0.0223379 0.0170391 0.0123218 0.00836378 0.00527744
 0.00856563 0.0136872 0.0201811 0.027864 0.0364386 0.045405 0.053998 0.0613227 0.0666571 0.0696805 0.0704645 0.069305 0.0665668 0.062612 0.0577743 0.0523418 0.0465456 0.0405617 0.0345273 0.0285656 0.0228136 0.0174403 0.0126409 0.00860079 0.00544003
 0.0086982 0.0138885 0.0204558 0.0282028 0.036815 0.0457737 0.0542961 0.0614787 0.0666085 0.0693974 0.0699673 0.0686646 0.0658876 0.0620018 0.0573158 0.0520748 0.046466 0.0406343 0.0347031 0.0287962 0.023059 0.0176711 0.0128383 0.00875516 0.00555023
 0.00871207 0.0139184 0.020514 0.0283046 0.0369734 0.0459918 0.0545592 0.0617512 0.0668382 0.0695262 0.0699466 0.0684722 0.0655386 0.0615507 0.056843 0.0516638 0.0461786 0.0404962 0.0347035 0.0288998 0.0232212 0.0178508 0.013005 0.00889128 0.00564969
 0.00878033 0.0140242 0.0206641 0.0285026 0.0372205 0.0462867 0.0548964 0.0621167 0.0672055 0.069855 0.070186 0.0685705 0.0654587 0.0612847 0.0564211 0.0511503 0.0456556 0.0400393 0.0343624 0.0286889 0.0231248 0.0178361 0.013036 0.00893861 0.00569471
 0.0088069 0.0140707 0.0207399 0.0286183 0.0373847 0.0465027 0.0551583 0.0624099 0.0675095 0.0701473 0.070443 0.0687656 0.0655617 0.0612665 0.0562648 0.0508632 0.0452739 0.0396218 0.0339724 0.0283753 0.0229095 0.0177141 0.0129846 0.00893004 0.00570546
 0.00881174 0.0140749 0.02074 0.0286102 0.0373671 0.0464803 0.0551445 0.0624237 0.0675691 0.0702622 0.0706092 0.0689654 0.0657668 0.0614426 0.0563776 0.0508866 0.0451993 0.0394642 0.0337676 0.0281679 0.0227375 0.0175968 0.0129217 0.00890754 0.00570573
 0.00882554 0.0140927 0.0207582 0.0286222 0.0373647 0.0464565 0.0550969 0.062357 0.0674968 0.0702045 0.0705884 0.0689982 0.0658567 0.0615768 0.0565286 0.0510197 0.0452836 0.0394825 0.0337227 0.0280808 0.0226378 0.0175109 0.0128635 0.00887791 0.00569667
 0.00885556 0.0141382 0.0208203 0.0286988 0.0374504 0.0465424 0.055171 0.0624062 0.0675105 0.0701794 0.0705318 0.0689273 0.0657936 0.06154 0.0565257 0.0510434 0.0453146 0.0394981 0.0337071 0.028032 0.0225671 0.0174364 0.0128013 0.00883557 0.00567354
 0.008772 0.0140203 0.0206759 0.0285465 0.037314 0.0464426 0.0551179 0.0623978 0.0675358 0.0702243 0.0705836 0.0689789 0.0658448 0.0615964 0.056595 0.0511299 0.0454146 0.0395994 0.0337937 0.0280916 0.0225966 0.017442 0.012794 0.00882571 0.00566667
 0.00875763 0.0139958 0.0206376 0.0284923 0.0372461 0.0463703 0.0550581 0.0623711 0.0675571 0.0702943 0.0706865 0.0690884 0.0659357 0.0616543 0.0566199 0.0511322 0.0454078 0.0395926 0.0337888 0.0280847 0.0225835 0.0174219 0.0127702 0.0088034 0.00564966
 0.00875145 0.0139803 0.0206044 0.0284304 0.037145 0.0462252 0.0548752 0.0621695 0.0673666 0.070148 0.0706117 0.0690973 0.0660212 0.0617934 0.0567828 0.0512935 0.0455524 0.0397157 0.0338907 0.0281667 0.0226456 0.0174647 0.0127962 0.00881675 0.00565538
 0.00872603 0.0139527 0.0205873 0.028442 0.0372016 0.0463306 0.0550136 0.0623079 0.0674676 0.070186 0.070583 0.0690199 0.0659245 0.061705 0.0567183 0.0512547 0.0455318 0.0397034 0.0338799 0.0281543 0.0226316 0.0174497 0.0127812 0.00880321 0.00564439
 0.00837575 0.013407 0.0198128 0.0274302 0.0359775 0.0449612 0.0536126 0.0610245 0.0664552 0.069561 0.0703961 0.0692537 0.0665128 0.0625586 0.0577443 0.0523659 0.0466514 0.0407675 0.03484 0.0289788 0.0233051 0.0179715 0.0131626 0.00906403 0.00580998
 0.00816544 0.0130558 0.0192678 0.0266388 0.0349015 0.0435994 0.0520225 0.0593305 0.0648321 0.068199 0.0694597 0.0688481 0.0666663 0.0632231 0.0588143 0.0537063 0.0481241 0.0422498 0.0362337 0.0302134 0.024338 0.0187864 0.0137661 0.00948103 0.00607694
 0.00818574 0.0130792 0.0192829 0.0266228 0.034818 0.0433991 0.0516501 0.0587399 0.0640096 0.0671846 0.0683556 0.0678034 0.0658411 0.0627464 0.0587509 0.0540458 0.0487917 0.0431324 0.0372084 0.0311706 0.0251954 0.0194943 0.0143064 0.00986178 0.0063237
 0.00834003 0.0133066 0.0195811 0.0269724 0.0351852 0.0437405 0.0519156 0.0588734 0.0639527 0.0668878 0.0677976 0.0670116 0.064902 0.061795 0.0579392 0.0535003 0.0485782 0.0432431 0.0375734 0.0316865 0.0257559 0.0200145 0.0147341 0.0101781 0.00653524
 0.00842227 0.013436 0.0197671 0.0272188 0.0354868 0.0440793 0.0522583 0.0591733 0.0641565 0.0669464 0.0676741 0.0666882 0.064387 0.0611317 0.0572097 0.0528151 0.0480495 0.0429502 0.0375383 0.0318706 0.0260799 0.0203879 0.0150827 0.0104578 0.00673273
 0.00847555 0.013548 0.0199817 0.0275894 0.0360603 0.0448705 0.0532285 0.0602264 0.065159 0.0677597 0.0681856 0.0668292 0.0641389 0.0605248 0.0563187 0.0517521 0.0469491 0.0419459 0.0367336 0.0313162 0.0257674 0.0202646 0.0150775 0.0105062 0.00679101
 0.00821903 0.0131799 0.0195205 0.0270898 0.0356054 0.0445553 0.0531398 0.0604237 0.0656551 0.0685068 0.0690762 0.0677175 0.0648779 0.0610029 0.0564837 0.0516175 0.0465858 0.0414615 0.0362445 0.0309166 0.0255076 0.0201458 0.0150645 0.0105508 0.00685181
 0.0078051 0.0125534 0.0186665 0.0260313 0.0344049 0.0433115 0.0519833 0.0595049 0.0651181 0.0684516 0.0695247 0.0686015 0.0660526 0.0622825 0.0576868 0.0526079 0.0472984 0.0419059 0.036486 0.0310442 0.0255999 0.0202485 0.0151872 0.0106788 0.00696462
 0.00729386 0.0117543 0.0175256 0.0245263 0.0325554 0.0411929 0.049739 0.0573442 0.0632865 0.0671803 0.0689793 0.0688477 0.0670443 0.0638716 0.0596526 0.0547039 0.0493038 0.0436673 0.0379346 0.0321848 0.0264801 0.0209252 0.0157046 0.0110645 0.00723734
#obs surv len freq
 nan nan nan nan nan nan nan nan nan nan nan nan nan nan nan nan nan nan nan nan nan nan nan nan nan
 0.0044861 0.00734798 0.0111783 0.0159945 0.0216945 0.0279689 0.0342818 0.040012 0.0446909 0.0481544 0.0505124 0.0520086 0.0529013 0.0534141 0.0537287 0.0539839 0.0542626 0.0545555 0.0546943 0.0542862 0.0527243 0.0493565 0.0438062 0.0362863 0.0276699
 0.00461872 0.00756579 0.0115098 0.0164665 0.0223253 0.028758 0.0351999 0.0409988 0.0456635 0.0490245 0.0512027 0.0524644 0.0530957 0.0533473 0.0534237 0.0534781 0.0535999 0.0537785 0.0538421 0.0533958 0.0518346 0.0485109 0.0430497 0.0356569 0.0271889
 0.00477594 0.00782379 0.0119026 0.0170277 0.0230814 0.0297183 0.036345 0.0422746 0.0469864 0.0502935 0.0523151 0.0533286 0.0536416 0.0535342 0.0532433 0.0529527 0.0527749 0.0527135 0.0526035 0.0520537 0.0504638 0.0471914 0.041861 0.0346645 0.026429
 0.00496607 0.00813432 0.0123727 0.017695 0.0239751 0.0308482 0.0376897 0.0437769 0.0485593 0.0518348 0.0537203 0.0545 0.0544926 0.0539957 0.0532702 0.0525304 0.0519216 0.0514787 0.0510631 0.0503053 0.048623 0.0453852 0.040215 0.0332812 0.0253659
 0.00517977 0.00848408 0.0129035 0.0184502 0.0249884 0.0321305 0.0392156 0.0454799 0.0503413 0.0535841 0.0553283 0.0558693 0.0555392 0.0546477 0.0534692 0.0522364 0.0511202 0.0501893 0.0493457 0.048263 0.0463993 0.0431518 0.0381477 0.0315265 0.0240091
 0.00540526 0.00885421 0.0134673 0.0192556 0.0260737 0.0335097 0.0408634 0.0473261 0.0522804 0.0554949 0.0570931 0.0573847 0.0567193 0.0554222 0.0537807 0.0520391 0.0503834 0.0489079 0.0475546 0.0460519 0.0439187 0.0406019 0.0357468 0.0294639 0.0224012
 0.00565333 0.00925825 0.0140769 0.020118 0.0272253 0.0349624 0.0425907 0.049257 0.0543079 0.0574957 0.0589461 0.0589828 0.0579734 0.0562612 0.0541483 0.0518902 0.0496838 0.047641 0.0457375 0.0437573 0.0412899 0.0378496 0.0331154 0.0271762 0.0206018
 0.00588562 0.0096421 0.0146661 0.0209664 0.0283759 0.0364308 0.044348 0.0512246 0.0563705 0.0595241 0.0608187 0.0605961 0.0592437 0.0571217 0.0545454 0.05178 0.0490307 0.0464229 0.0439607 0.0414796 0.0386423 0.035039 0.0303945 0.0247854 0.0187049
 0.0061308 0.0100406 0.0152659 0.021813 0.029505 0.0378557 0.0460457 0.053129 0.0583787 0.0615137 0.0626669 0.0621933 0.0605006 0.0579709 0.0549378 0.0516782 0.0484048 0.0452523 0.0422472 0.0392709 0.0360561 0.0322702 0.0276912 0.0223905 0.016791
 0.00638541 0.0104598 0.0159062 0.022729 0.0307376 0.0394132 0.0478868 0.0551591 0.0604668 0.0635208 0.0644699 0.0636955 0.0616314 0.0586799 0.0551901 0.0514491 0.0476759 0.0440121 0.0405017 0.0370643 0.033496 0.029538 0.0250219 0.0200197 0.0148898
 0.00661544 0.0108389 0.0164866 0.023563 0.0318676 0.0408558 0.0496154 0.0570963 0.0624933 0.0654973 0.0662606 0.0651863 0.0627383 0.0593508 0.0553982 0.0511835 0.0469329 0.0427928 0.0388198 0.034965 0.0310783 0.026967 0.022512 0.0177883 0.0130965
 0.00684924 0.0112191 0.0170591 0.0243708 0.032943 0.0422081 0.0512171 0.0588779 0.0643516 0.0673127 0.067915 0.066575 0.0637772 0.0599795 0.0555815 0.0509078 0.0461997 0.0416139 0.03722 0.0329947 0.0288323 0.0245949 0.0202058 0.0157417 0.0114523
 0.00703947 0.0115367 0.017552 0.0250882 0.0339239 0.0434645 0.052718 0.0605457 0.0660755 0.0689731 0.0694039 0.0678062 0.064686 0.0605204 0.0557247 0.0506378 0.0455143 0.0405234 0.035751 0.0311992 0.026801 0.0224635 0.0181439 0.013918 0.00998977
 0.00726737 0.0119048 0.0181018 0.0258567 0.034937 0.0447258 0.0541965 0.0621698 0.0677403 0.0705584 0.070795 0.0689097 0.0654385 0.0608887 0.0557004 0.0502282 0.0447347 0.0393951 0.0343051 0.0294875 0.0249072 0.0205091 0.0162763 0.0122808 0.00868527
 0.0074369 0.0121884 0.0185429 0.0264995 0.0358158 0.0458493 0.0555326 0.063643 0.0692455 0.0719834 0.0720402 0.0698969 0.0661125 0.0612161 0.0556684 0.0498415 0.0440113 0.0383623 0.0329998 0.0279623 0.0232397 0.0188052 0.0146615 0.0108746 0.00757059
 0.00753648 0.0123519 0.0187929 0.0268601 0.0363107 0.0464965 0.0563372 0.06459 0.0702952 0.073074 0.0730942 0.070832 0.0668538 0.0617053 0.0558679 0.0497344 0.0435983 0.0376596 0.0320387 0.0267918 0.0219309 0.017452 0.0133713 0.00974805 0.00667656
 0.00758767 0.0124293 0.0188991 0.0269957 0.0364772 0.0467002 0.0565913 0.0649133 0.0707071 0.0735853 0.0736987 0.0715 0.0675318 0.0623235 0.0563526 0.0500214 0.043643 0.037442 0.0315649 0.0260945 0.0210692 0.0165081 0.0124394 0.00891666 0.00600784
 0.00768509 0.0125778 0.0191038 0.0272537 0.0367776 0.0470254 0.0569191 0.0652217 0.0709814 0.0738252 0.0739191 0.0717239 0.0677758 0.0625846 0.0566032 0.0502138 0.043722 0.0373601 0.0312956 0.0256408 0.0204656 0.0158166 0.0117377 0.00827997 0.00549037
 0.00772588 0.0126436 0.0192017 0.0273891 0.036952 0.0472338 0.0571481 0.0654507 0.0711883 0.0739941 0.074047 0.0718219 0.0678646 0.0626844 0.0567223 0.0503408 0.0438246 0.0373939 0.0312186 0.0254293 0.0201248 0.0153822 0.0112667 0.00783397 0.0051176
 0.00776996 0.0127082 0.0192858 0.0274879 0.0370591 0.0473439 0.0572592 0.0655628 0.0713006 0.0741028 0.0741455 0.071904 0.0679289 0.0627364 0.0567715 0.0503933 0.0438759 0.0374246 0.0311995 0.025333 0.0199395 0.01512 0.0109618 0.00753075 0.00485532
 0.00780708 0.0127651 0.0193649 0.0275882 0.0371757 0.0474679 0.0573785 0.0656644 0.0713751 0.0741478 0.0741665 0.0719107 0.0679301 0.0627379 0.0567759 0.0504014 0.0438857 0.0374286 0.0311831 0.0252781 0.0198327 0.0149614 0.010768 0.0073297 0.00467539
 0.00786669 0.0128547 0.0194859 0.0277368 0.0373435 0.0476436 0.0575486 0.0658144 0.0714906 0.0742178 0.0741862 0.0718835 0.067867 0.0626534 0.0566845 0.0503137 0.0438069 0.0373577 0.0311133 0.0251985 0.0197333 0.0148383 0.0106275 0.00718671 0.00454726
 0.00786468 0.0128524 0.0194843 0.0277372 0.037347 0.0476504 0.057558 0.0658249 0.0715014 0.0742296 0.0742007 0.0719023 0.0678903 0.0626802 0.0567134 0.0503436 0.0438365 0.0373844 0.0311323 0.0252028 0.019716 0.0147964 0.0105644 0.00711241 0.00447442
 0.00788538 0.0128804 0.0195161 0.0277663 0.0373661 0.0476548 0.0575475 0.0658042 0.0714775 0.0742086 0.0741863 0.0718958 0.0678917 0.0626889 0.0567282 0.0503631 0.0438584 0.0374061 0.0311499 0.0252116 0.0197113 0.0147756 0.010529 0.00706802 0.0044291
 0.00791744 0.0129305 0.0195872 0.0278587 0.0374761 0.0477732 0.0576599 0.0658934 0.0715285 0.0742145 0.0741508 0.0718306 0.0678115 0.0626065 0.0566523 0.0502979 0.0438052 0.0373637 0.0311156 0.0251818 0.0196818 0.0147435 0.0104935 0.00703119 0.00439465
 0.00787838 0.0128692 0.0194994 0.027743 0.0373351 0.0476152 0.0574992 0.0657486 0.0714178 0.0741503 0.0741368 0.0718628 0.0678816 0.0627054 0.0567711 0.050428 0.0439383 0.0374918 0.0312316 0.0252798 0.0197578 0.014796 0.0105239 0.00704364 0.00439522
 0.00789011 0.0128764 0.0194887 0.0276953 0.0372317 0.0474466 0.0572729 0.0654898 0.0711631 0.0739369 0.0739927 0.0718019 0.067903 0.062797 0.0569146 0.0506035 0.0441276 0.0376796 0.0314058 0.0254313 0.0198809 0.0148882 0.0105866 0.00708136 0.00441443
 0.00788484 0.0128716 0.0194873 0.0277002 0.037242 0.0474534 0.0572585 0.0654329 0.0710493 0.0737693 0.0737947 0.0716104 0.0677552 0.0627179 0.0569115 0.0506678 0.0442409 0.0378204 0.0315542 0.0255714 0.0200016 0.0149835 0.0106552 0.00712581 0.00443996
 0.00787022 0.0128465 0.0194476 0.0276423 0.0371648 0.0473609 0.0571596 0.0653387 0.0709673 0.0736988 0.0737287 0.0715429 0.0676886 0.0626654 0.0568913 0.0506942 0.0443168 0.0379369 0.0316945 0.0257165 0.0201352 0.0150946 0.0107391 0.00718327 0.00447539
 0.00784886 0.0128086 0.0193849 0.0275457 0.0370269 0.0471803 0.0569452 0.0651101 0.0707515 0.0735228 0.073612 0.0714921 0.0676983 0.0627232 0.0569851 0.0508168 0.0444651 0.0381075 0.0318792 0.0259025 0.0203078 0.0152414 0.0108531 0.00726388 0.00452708
 0.00784745 0.0128035 0.0193717 0.0275178 0.0369766 0.0471002 0.0568309 0.0649623 0.0705782 0.0733395 0.0734399 0.0713537 0.0676116 0.0626966 0.0570166 0.0508968 0.0445816 0.0382492 0.032036 0.0260638 0.0204619 0.0153772 0.0109626 0.00734418 0.00458034
 0.00780579 0.0127404 0.0192856 0.0274098 0.0368503 0.0469602 0.0566817 0.0648091 0.0704267 0.0731969 0.0733148 0.0712566 0.0675538 0.0626879 0.0570622 0.050995 0.0447239 0.0384223 0.0322248 0.0262537 0.0206397 0.0155322 0.0110876 0.00743655 0.00464251
 0.00775512 0.0126559 0.0191549 0.0272221 0.0365999 0.0466531 0.0563393 0.0644665 0.070124 0.0729672 0.0731761 0.071211 0.0675924 0.0627977 0.0572305 0.0512102 0.0449741 0.0386941 0.0325028 0.0265216 0.0208828 0.0157388 0.0112511 0.0075561 0.00472263
 0.00775448 0.0126483 0.0191311 0.0271687 0.0365023 0.0464995 0.0561267 0.0642039 0.0698328 0.0726787 0.0729248 0.0710273 0.0674954 0.0627922 0.0573087 0.051357 0.0451718 0.0389248 0.0327493 0.026767 0.0211111 0.0159369 0.0114104 0.00767419 0.00480271
 0.00770187 0.0125697 0.0190254 0.0270385 0.0363516 0.0463314 0.0559416 0.0640012 0.0696149 0.0724544 0.0727117 0.070849 0.0673772 0.0627537 0.0573585 0.0514908 0.0453744 0.0391747 0.0330229 0.0270417 0.0213672 0.0161591 0.0115891 0.00780676 0.00489276
 0.00766824 0.0125114 0.0189315 0.026898 0.0361581 0.0460881 0.0556652 0.0637196 0.0693581 0.0722444 0.0725577 0.0707503 0.0673307 0.0627602 0.0574225 0.0516166 0.0455604 0.0394107 0.0332907 0.027319 0.0216315 0.0163918 0.0117782 0.00794792 0.00498915
 0.00762743 0.0124492 0.018845 0.0267866 0.0360217 0.0459264 0.0554783 0.0635107 0.0691369 0.0720285 0.0723693 0.07061 0.0672514 0.0627452 0.0574689 0.051719 0.0457135 0.0396076 0.0335204 0.0275651 0.0218741 0.0166116 0.011961 0.00808686 0.00508529
 0.00763958 0.0124604 0.0188466 0.0267656 0.0359651 0.0458271 0.0553391 0.0633437 0.0689583 0.0718528 0.0722068 0.070469 0.0671403 0.0626735 0.0574447 0.0517466 0.0457922 0.0397324 0.0336821 0.0277506 0.0220671 0.0167945 0.0121187 0.00821041 0.00517287
 0.00761966 0.0124364 0.0188251 0.0267563 0.0359755 0.0458563 0.0553742 0.0633629 0.0689403 0.0717868 0.0720973 0.0703321 0.0669973 0.0625437 0.0573434 0.0516845 0.0457757 0.0397629 0.0337558 0.0278582 0.0221948 0.0169262 0.0122395 0.00830953 0.00524572
 0.0075935 0.0123947 0.0187646 0.0266761 0.0358793 0.0457541 0.0552817 0.063297 0.0689114 0.0717922 0.0721211 0.0703537 0.0670014 0.0625274 0.0573153 0.0516593 0.045768 0.039783 0.0338077 0.027939 0.0222957 0.0170347 0.0123422 0.00839611 0.00531082
 0.00758065 0.0123743 0.0187347 0.0266352 0.0358264 0.0456894 0.0552079 0.0632203 0.0688417 0.0717407 0.0720962 0.0703564 0.0670237 0.0625562 0.0573386 0.0516728 0.045776 0.0397954 0.0338343 0.027985 0.0223598 0.0171097 0.012418 0.00846322 0.00536326
 0.00757864 0.0123721 0.0187333 0.0266359 0.0358302 0.0456959 0.0552145 0.0632229 0.0688361 0.0717246 0.072071 0.0703268 0.0669957 0.0625336 0.0573214 0.0516582 0.0457617 0.0397825 0.0338277 0.0279905 0.0223804 0.0171437 0.0124596 0.00850468 0.00539847
 0.00754249 0.0123164 0.0186555 0.0265361 0.0357121 0.0455668 0.0550856 0.0631077 0.0687474 0.0716712 0.0720555 0.0703459 0.0670428 0.0626014 0.0574031 0.0517471 0.0458517 0.0398687 0.0339077 0.0280644 0.0224497 0.0172087 0.0125188 0.00855523 0.00543792
 0.00755017 0.0123259 0.0186642 0.0265397 0.0357057 0.0455469 0.0550514 0.063062 0.0686957 0.0716201 0.072011 0.0703124 0.0670225 0.0625944 0.0574081 0.0517619 0.045874 0.039896 0.033938 0.0280964 0.0224828 0.0172423 0.0125514 0.00858484 0.00546233
 0.00753586 0.0123059 0.01864 0.0265144 0.0356824 0.0455268 0.0550326 0.0630405 0.0686677 0.0715849 0.071972 0.070276 0.0669958 0.0625823 0.0574122 0.0517809 0.0459047 0.0399344 0.0339803 0.0281396 0.0225246 0.0172812 0.012586 0.00861391 0.005485
 0.00752155 0.0122803 0.0185975 0.0264493 0.0355913 0.0454122 0.0549047 0.0629155 0.068563 0.0715127 0.0719361 0.0702733 0.0670198 0.0626273 0.057474 0.0518561 0.0459895 0.0400243 0.0340702 0.0282248 0.0226013 0.0173468 0.0126393 0.00865477 0.00551426
 0.0074972 0.0122428 0.0185447 0.0263803 0.0355059 0.0453104 0.054788 0.0627883 0.0684341 0.0713953 0.0718453 0.0702219 0.0670138 0.0626647 0.057547 0.0519544 0.0461029 0.0401442 0.0341893 0.028337 0.0227014 0.0174313 0.0127065 0.00870474 0.00554883
 0.00750721 0.012256 0.0185591 0.0263919 0.03551 0.0453032 0.0547671 0.0627531 0.0683851 0.0713337 0.071774 0.0701465 0.0669437 0.0626104 0.0575169 0.0519523 0.0461272 0.0401893 0.0342478 0.0284012 0.0227648 0.0174887 0.0127543 0.00874153 0.00557484
 0.00748889 0.0122307 0.018529 0.0263613 0.0354839 0.0452839 0.0547535 0.0627406 0.068368 0.0713086 0.0717406 0.0701077 0.066904 0.0625758 0.0574937 0.051946 0.0461411 0.0402233 0.034298 0.0284613 0.0228273 0.017547 0.0128039 0.00877989 0.00560195
 0.00748889 0.0122307 0.018529 0.0263613 0.0354839 0.0452839 0.0547535 0.0627406 0.068368 0.0713086 0.0717406 0.0701077 0.066904 0.0625758 0.0574937 0.051946 0.0461411 0.0402233 0.034298 0.0284613 0.0228273 0.017547 0.0128039 0.00877989 0.00560195
 0.00722925 0.0118154 0.0179191 0.0255312 0.0344335 0.0440545 0.0534383 0.0614788 0.0673153 0.0705956 0.0714397 0.0702233 0.0673841 0.0633337 0.0584311 0.0529704 0.0471756 0.0412103 0.0351972 0.0292462 0.0234827 0.0180675 0.013194 0.00905348 0.00577986
 0.00711917 0.0116098 0.0175607 0.0249523 0.0335738 0.0428902 0.0520091 0.0598969 0.0657482 0.0692297 0.0704413 0.0697062 0.0673918 0.0638365 0.0593393 0.0541582 0.048509 0.0425683 0.0364844 0.0303956 0.0244538 0.0188429 0.0137762 0.00946172 0.00604502
 0.0071578 0.0116688 0.0176397 0.0250404 0.0336422 0.0428862 0.0518587 0.059522 0.0650996 0.068321 0.0693642 0.0686154 0.0664632 0.0632186 0.0591159 0.0543349 0.0490225 0.0433124 0.0373398 0.0312548 0.0252356 0.0194972 0.0142825 0.0098236 0.00628306
 0.00717119 0.0117016 0.0177087 0.0251664 0.0338423 0.043161 0.0521798 0.0598269 0.0652989 0.0683194 0.0690917 0.0680587 0.0656839 0.0623463 0.0583126 0.0537462 0.0487354 0.0433373 0.0376202 0.0316956 0.0257352 0.0199723 0.0146803 0.0101224 0.00648595
 0.00713945 0.0116569 0.0176552 0.0251146 0.0338092 0.043168 0.0522481 0.0599694 0.0655082 0.0685589 0.0692947 0.0681434 0.0655831 0.0620391 0.0578437 0.0532177 0.0482734 0.0430461 0.0375484 0.0318272 0.0260061 0.0203011 0.014996 0.0103808 0.00667132
 0.00723956 0.011819 0.0178973 0.0254514 0.0342469 0.0436983 0.052843 0.0605817 0.0660814 0.0690378 0.0696324 0.068301 0.0655279 0.0617494 0.0573229 0.0525102 0.0474672 0.0422561 0.0368825 0.0313528 0.0257353 0.0201978 0.0150003 0.0104345 0.00673334
 0.00719276 0.0117569 0.0178304 0.0253995 0.0342361 0.0437543 0.0529837 0.0608131 0.0663943 0.0694082 0.0700236 0.0686676 0.0658208 0.0619218 0.0573384 0.0523529 0.0471542 0.0418407 0.0364437 0.0309708 0.025464 0.0200508 0.0149553 0.0104516 0.0067745
 0.00705826 0.0115382 0.0175029 0.0249455 0.0336548 0.043074 0.0522706 0.0601653 0.0659188 0.0691888 0.0700957 0.0690115 0.066371 0.062586 0.0580176 0.0529605 0.0476311 0.0421664 0.036637 0.031078 0.0255374 0.0201275 0.0150475 0.0105508 0.00686475
 0.00695481 0.0113595 0.0172149 0.024511 0.0330433 0.0422773 0.0513192 0.059135 0.0649231 0.0683574 0.0695472 0.0688262 0.0665725 0.0631347 0.0588213 0.0538973 0.0485789 0.0430285 0.0373582 0.0316461 0.0259716 0.0204594 0.0153042 0.0107482 0.00701041
#pred catch len freq
 0.00394227 0.00628368 0.00925666 0.0128266 0.0169767 0.0216788 0.0268273 0.0322127 0.0375616 0.0425994 0.0470914 0.050867 0.0538372 0.0559999 0.0574258 0.0582369 0.058589 0.0586385 0.0584614 0.0579226 0.0565717 0.0537058 0.0486834 0.0413732 0.0324303
 0.00414751 0.00654896 0.00953253 0.0130326 0.0170332 0.0215517 0.0265569 0.0319015 0.0373244 0.042505 0.0471361 0.0509931 0.0539814 0.0561379 0.0575871 0.0584827 0.0589658 0.0591306 0.0589697 0.0582872 0.0566356 0.0533909 0.0480339 0.0405384 0.0315953
 0.00427414 0.00676749 0.00987944 0.0135354 0.0176877 0.0222971 0.0272699 0.0324296 0.0375518 0.0424138 0.0468157 0.0505877 0.0536144 0.0558676 0.0574158 0.0583967 0.0589605 0.0592012 0.0590788 0.0583472 0.0565319 0.0530389 0.0474327 0.0397806 0.0308243
 0.00444465 0.0070315 0.0102552 0.0140385 0.0183364 0.023113 0.0282644 0.0335752 0.0387538 0.0435097 0.0476199 0.0509667 0.053546 0.0554428 0.0567842 0.0576985 0.058286 0.058585 0.0585088 0.0577746 0.0558883 0.0522709 0.0465406 0.0388332 0.0299323
 0.00467033 0.00738127 0.0107501 0.0146884 0.0191409 0.024065 0.029351 0.0347766 0.0400386 0.044824 0.0488718 0.0520215 0.0542505 0.0556779 0.0565173 0.0569979 0.0572872 0.05743 0.0572975 0.0565477 0.0546445 0.0510025 0.0452695 0.0376242 0.0288739
 0.00491195 0.00776244 0.0113026 0.0154354 0.0200952 0.0252247 0.0306939 0.0362559 0.0415864 0.0463604 0.050313 0.0532803 0.0552311 0.0562759 0.0566379 0.0565888 0.056367 0.0560891 0.0556665 0.0547554 0.052793 0.0491716 0.0435368 0.0360752 0.0275894
 0.00520041 0.00821434 0.0119522 0.0163065 0.0212016 0.0265693 0.032262 0.0380066 0.0434474 0.0482316 0.0520772 0.0548182 0.0564342 0.0570526 0.0569133 0.0563071 0.0555037 0.054669 0.0537735 0.0525239 0.0503857 0.0467578 0.0412767 0.0341066 0.0260084
 0.00551634 0.00871039 0.0126671 0.0172679 0.0224254 0.0280579 0.0339979 0.0399446 0.0455122 0.050321 0.0540707 0.0565873 0.0578543 0.0580145 0.0573308 0.0561197 0.0546789 0.0532102 0.0517339 0.0500185 0.0475909 0.0438933 0.0385719 0.0317591 0.0241454
 0.00584201 0.00922169 0.0134041 0.0182592 0.023688 0.0295955 0.0357939 0.0419542 0.0476588 0.052501 0.0561629 0.0584633 0.0593898 0.059098 0.0578695 0.0560427 0.0539399 0.051795 0.0496749 0.0474127 0.0446115 0.0407801 0.035595 0.029161 0.0220852
 0.00624163 0.00983854 0.0142728 0.0193944 0.0250886 0.0312495 0.0376771 0.0440224 0.0498412 0.0547001 0.0582612 0.0603349 0.0609128 0.0601654 0.0583939 0.0559566 0.0531956 0.0503698 0.0475864 0.0447418 0.0415212 0.0375142 0.0324428 0.0263928 0.0198843
 0.00669055 0.0105344 0.0152574 0.0206854 0.0266802 0.0331133 0.0397593 0.0462417 0.0520944 0.0568751 0.0602495 0.0620382 0.062244 0.0610477 0.0587609 0.0557522 0.0523753 0.0489072 0.0454883 0.0420727 0.0384278 0.0342296 0.029255 0.0235797 0.0176399
 0.00712138 0.0112139 0.0162417 0.0220148 0.0283746 0.0351644 0.0421175 0.0488067 0.0547196 0.0593873 0.0624767 0.0638357 0.0635107 0.0617292 0.0588393 0.0552281 0.0512533 0.0471928 0.0432015 0.0392754 0.0352533 0.0308941 0.0260327 0.0207403 0.0153749
 0.00742658 0.0116976 0.0169484 0.0229824 0.0296344 0.0367364 0.0440001 0.0509617 0.0570616 0.0617832 0.0647574 0.0658202 0.0650362 0.0626779 0.0591498 0.0548894 0.0502866 0.0456343 0.0410996 0.0367062 0.0323453 0.0278432 0.023085 0.0181397 0.0132968
 0.00769301 0.0121145 0.0175469 0.0237848 0.0306552 0.0379841 0.0454726 0.0526392 0.0588996 0.0637084 0.0666673 0.0675872 0.0665196 0.0637425 0.0596874 0.0548339 0.0496182 0.0443739 0.0393014 0.0344588 0.0297821 0.0251486 0.0204806 0.0158412 0.0114588
