SBPRF35
12.7214
Curr Bio
846778
B35
858742
F35
0.172154
FOFL
0.167565
OFL
114324
Bzero
3.63469e+006
#pred survey bio
 2.96898e+006 2.75298e+006 2.52301e+006 2.32904e+006 2.09654e+006 1.85579e+006 1.63643e+006 1.43553e+006 1.27991e+006 1.1429e+006 1.01261e+006 876370 771019 717038 666233 646778 620959 588517 577434 562272 555949 547474 545559 540776 539802 537524 544272 549495 552849 561265 579594 586162 598850 624780 634357 636614 652656 655343 671113 674948 676865 674206 675032 684799 682222 680620 676397 725325 768569 794481 835225 856246 875987 869505 863614 854195 838466 853345 2.95165e+007 1.76277e+007 1.78797e+007 1.87116e+007 1.99295e+007 2.12993e+007 2.26428e+007 2.38544e+007 2.48878e+007 2.5736e+007 2.64139e+007 2.69457e+007 2.73576e+007 2.7674e+007 2.7916e+007 2.81007e+007 2.82417e+007 2.83496e+007 2.84323e+007 2.8496e+007 2.85452e+007 2.85834e+007 2.86132e+007 2.86366e+007 2.86551e+007 2.86696e+007 2.86812e+007 2.86904e+007 2.86977e+007 2.87036e+007 2.87083e+007 2.87121e+007 2.87152e+007 2.87177e+007 2.87197e+007 2.87213e+007 2.87226e+007 2.87237e+007 2.87246e+007 2.87253e+007 2.87259e+007 2.87264e+007 2.87268e+007 2.87271e+007 2.87274e+007 2.87276e+007 2.87278e+007 2.87279e+007 2.8728e+007 2.87281e+007 2.87282e+007 2.87283e+007 2.87283e+007 2.87284e+007 2.87284e+007 2.87284e+007 2.87284e+007 2.87285e+007 2.87285e+007 2.87285e+007 2.87285e+007 2.87285e+007 2.87285e+007 2.87285e+007 2.87285e+007 2.87285e+007 2.87285e+007 2.87285e+007 2.87285e+007 2.87285e+007 2.87285e+007 2.87285e+007 2.87285e+007 2.87285e+007 2.87285e+007 2.87285e+007 2.87285e+007 2.87285e+007 2.87285e+007 2.87285e+007 2.87285e+007 2.87285e+007 2.87285e+007 2.87285e+007 2.87285e+007 2.87285e+007 2.87285e+007 2.87285e+007 2.87285e+007 2.87285e+007 2.87285e+007 2.87285e+007 2.87285e+007 2.87285e+007 2.87285e+007 2.87285e+007 2.87285e+007 2.87285e+007 2.87285e+007 2.87285e+007 0 0 0 0 0 0 0 0 0 0 0 0 0 0 0 0 0 0 0 0 0 0 0 0 0
#obs survey bio
 2.31506e+006 2.08192e+006 2.12837e+006 1.65976e+006 2.12314e+006 2.8455e+006 1.29967e+006 1.11707e+006 986504 968479 1.06195e+006 596600 773265 865744 718680 691362 472060 967680 567786 659892 498237 386442 465522 649510 502278 444723 563771 478764 480564 345644 481989 834167 508638 617485 672844 431346 929546 1.13308e+006 675165 590989 899261 721572 561425 983870 631074 762482 671387 797751 564414 752568 1.06091e+006 855870 835618 913517 833116 812492 963261 733696
#pred catch bio
 249265 275769 258946 308628 327918 317387 307411 272404 259909 255068 257088 224642 175828 168731 138246 140758 142087 120138 120897 111397 111892 105132 106108 101244 101013 92597.5 93751.6 95603 92431.1 86357.6 98265 94424.7 86137.5 102925 110311 99538.1 110875 99290 109289 109742 111810 107520 100279 111736 111461 114158 71247.2 79826.2 96225.9 84404.2 101514 101888 123603 122284 125115 129815 102879 122956 114324 116430 116783 120845 128115 136625 144972 152404 158619 163593 167446 170360 172521 174102 175244 176062 176644 177055 177344 177547 177688 177787 177856 177903 177936 177959 177975 177986 177994 177999 178002 178005 178006 178008 178008 178009 178009 178010 178010 178010 178010 178010 178010 178010 178010 178010 178010 178010 178010 178010 178010 178010 178010 178010 178010 178010 178010 178010 178010 178010 178010 178010 178010 178010 178010 178010 178010 178010 178010 178010 178010 178010 178010 178010 178010 178010 178010 178010 178010 178010 178010 178010 178010 178010 178010 178010 178010 178010 178010 178010 178010 178010 178010 178010 178010 178010 178010 178010 178010 178010 0 0 0 0 0 0 0 0 0 0 0 0 0 0 0 0 0 0 0 0 0 0 0 0 0
#obs catch bio
 233018 276526 259344 312017 331389 318486 308921 274148 262211 258621 260831 228409 178030 170767 138727 141222 143524 120199 121032 111095 112041 105758 106510 101031 100838 92527.1 93253.6 95006.9 92250.3 86293.7 98926.1 94296.8 86084.2 103409 111096 100305 111756 98788.3 109472 109957 111590 106620 99653.5 111116 111347 114701 70941.2 79853 96903.4 84466.8 101905 101730 123445 121856 125014 130145 102424 123134
#pred cpue bio
 2.91708e+006 2.70246e+006 2.47317e+006 2.2789e+006 2.04743e+006 1.80854e+006 1.59112e+006 1.39188e+006 1.23731e+006 1.1014e+006 972766 839075 736014 683532 634584 616063 591242 560086 549800 535394 529354 521181 519524 515275 514704 512720 519490 524701 527825 535707 553237 559585 571875 596762 605785 607882 623652 626765 642486 646387 648583 646459 647362 656617 653791 651985 647746 695575 738229 763919 804094 825132 844737 838318 832231 822787 807449 822370 2.84652e+007 1.70072e+007 1.71191e+007 1.77895e+007 1.89494e+007 2.03053e+007 2.16459e+007 2.28569e+007 2.38902e+007 2.47385e+007 2.54164e+007 2.59481e+007 2.636e+007 2.66765e+007 2.69185e+007 2.71032e+007 2.72442e+007 2.7352e+007 2.74347e+007 2.74984e+007 2.75476e+007 2.75859e+007 2.76157e+007 2.76391e+007 2.76575e+007 2.76721e+007 2.76836e+007 2.76928e+007 2.77001e+007 2.7706e+007 2.77107e+007 2.77145e+007 2.77176e+007 2.77201e+007 2.77221e+007 2.77238e+007 2.77251e+007 2.77262e+007 2.77271e+007 2.77278e+007 2.77284e+007 2.77289e+007 2.77292e+007 2.77296e+007 2.77298e+007 2.773e+007 2.77302e+007 2.77304e+007 2.77305e+007 2.77306e+007 2.77306e+007 2.77307e+007 2.77308e+007 2.77308e+007 2.77308e+007 2.77309e+007 2.77309e+007 2.77309e+007 2.77309e+007 2.77309e+007 2.7731e+007 2.7731e+007 2.7731e+007 2.7731e+007 2.7731e+007 2.7731e+007 2.7731e+007 2.7731e+007 2.7731e+007 2.7731e+007 2.7731e+007 2.7731e+007 2.7731e+007 2.7731e+007 2.7731e+007 2.7731e+007 2.7731e+007 2.7731e+007 2.7731e+007 2.7731e+007 2.7731e+007 2.7731e+007 2.7731e+007 2.7731e+007 2.7731e+007 2.7731e+007 2.7731e+007 2.7731e+007 2.7731e+007 2.7731e+007 2.7731e+007 2.7731e+007 2.7731e+007 2.7731e+007 2.7731e+007 2.7731e+007 2.7731e+007 2.7731e+007 2.7731e+007 2.7731e+007 0 0 0 0 0 0 0 0 0 0 0 0 0 0 0 0 0 0 0 0 0 0 0 0 0
#obs cpue bio
 3.55452e+006 3.56104e+006 2.21238e+006 1.62621e+006 2.10319e+006 1.86923e+006 1.81067e+006 1.35359e+006 1.2757e+006 865448 869122 874623 581982 571944 677973 611137 527145 461481 594598 541827 489807 477787 708155 603717 592442 536307 780465 719057 463030 688243 446294 674884 504796 484775 469054 569481 535058 787953 437932 667653 709538 1.09983e+006 645442 536761 472432 498889 707480 559002 652898 852312 691627 1.08561e+006 1.16069e+006 868393 696135 778437 866130 832287
#pred surv len freq
 0.00469277 0.00776185 0.0119445 0.0172945 0.0237016 0.0307784 0.0378494 0.0441406 0.0490781 0.0524725 0.0544756 0.0554033 0.0555784 0.0552604 0.0546324 0.0538112 0.0528652 0.0518219 0.0506397 0.0491423 0.0469691 0.0436354 0.0387555 0.0323403 0.0249552
 0.00507528 0.00830282 0.0126135 0.018025 0.0244256 0.0314732 0.0385619 0.0449637 0.050086 0.0536546 0.0557155 0.0565157 0.0563843 0.055654 0.0546084 0.0534452 0.0522631 0.0510642 0.0497471 0.0480803 0.0456923 0.0421472 0.0371451 0.0307672 0.0235887
 0.00533198 0.00876886 0.0133978 0.0192397 0.026138 0.0336436 0.0410092 0.0474007 0.0522231 0.0553117 0.0568634 0.0572253 0.0567313 0.0556583 0.0542407 0.0526776 0.0511103 0.0495845 0.0480123 0.0461481 0.0436074 0.0399727 0.034991 0.0287852 0.0219276
 0.00546449 0.0089947 0.0137615 0.0198014 0.0269735 0.0348345 0.0426156 0.0494187 0.0545459 0.0577228 0.0590832 0.0589982 0.0579038 0.0561986 0.0541973 0.0521195 0.0500941 0.0481583 0.0462328 0.044089 0.0413619 0.0376565 0.0327457 0.0267648 0.0202634
 0.00561216 0.00925032 0.0141752 0.0204304 0.0278717 0.0360372 0.0441255 0.0512041 0.0565475 0.0598569 0.0612326 0.0610005 0.0595626 0.0573254 0.0546646 0.0518887 0.0492047 0.0466943 0.0442957 0.0417918 0.0388373 0.0350641 0.0302655 0.0245719 0.0184893
 0.00585556 0.00963794 0.0147446 0.0212136 0.0288932 0.0373085 0.0456367 0.052917 0.0583964 0.0617577 0.063093 0.0627246 0.061046 0.0584499 0.0553045 0.0519336 0.0485902 0.045422 0.0424342 0.0394654 0.0362139 0.0323449 0.0276661 0.0222895 0.0166611
 0.00616849 0.0101385 0.0154818 0.0222253 0.0301971 0.038889 0.0474349 0.0548324 0.0603078 0.0635524 0.0646879 0.0640673 0.0621012 0.0591811 0.0556595 0.0518429 0.0479802 0.0442417 0.0406847 0.0372206 0.0336242 0.0296211 0.0250458 0.0199886 0.0148258
 0.00650691 0.0106888 0.0163091 0.0233875 0.0317297 0.0407837 0.0496192 0.0571668 0.0626092 0.0656368 0.0664089 0.0653377 0.0628918 0.0595036 0.055541 0.0513011 0.0470104 0.0428237 0.0388094 0.0349252 0.031019 0.0268913 0.0224205 0.0176853 0.0129934
 0.0067703 0.0111203 0.016965 0.0243222 0.0329856 0.0423741 0.0515092 0.059265 0.0647767 0.0677101 0.0682279 0.0667686 0.0638445 0.0599384 0.0554636 0.0507451 0.0460152 0.0414193 0.0370202 0.0327933 0.0286336 0.0244039 0.0200277 0.0155822 0.011318
 0.00692248 0.0113919 0.0174182 0.0250296 0.0340135 0.043756 0.0532217 0.06122 0.0668374 0.06972 0.0700367 0.0682477 0.0648944 0.0604942 0.0554987 0.0502697 0.0450667 0.0400497 0.0352873 0.0307663 0.0264089 0.0221179 0.017849 0.0136772 0.00980452
 0.00703423 0.0115899 0.0177476 0.025546 0.0347746 0.0448059 0.0545718 0.0628355 0.0686343 0.0715731 0.0717978 0.0697675 0.0660456 0.0611873 0.0556881 0.0499504 0.0442662 0.0388193 0.0336957 0.028899 0.0243738 0.0200488 0.015897 0.0119839 0.00846673
 0.007249 0.0119397 0.0182754 0.0262922 0.0357699 0.0460592 0.0560575 0.0644884 0.0703564 0.0732498 0.0733129 0.071014 0.0669329 0.0616482 0.0556853 0.049479 0.0433518 0.0375122 0.0320672 0.0270394 0.0223938 0.0180778 0.014072 0.0104254 0.00725063
 0.00738818 0.0121736 0.0186413 0.0268293 0.0365107 0.0470164 0.0572113 0.0657827 0.0717092 0.07457 0.0745146 0.072024 0.0676899 0.062102 0.0557974 0.0492261 0.0427309 0.0365445 0.0308004 0.0255481 0.0207775 0.0164551 0.0125657 0.00914036 0.0062507
 0.00734761 0.0121071 0.0185422 0.0266962 0.0363539 0.0468657 0.0571194 0.0658182 0.0719373 0.0750297 0.0752024 0.0728905 0.0686503 0.0630522 0.05663 0.0498447 0.0430617 0.0365463 0.0304705 0.0249247 0.019937 0.0155014 0.0116127 0.00828929 0.00556902
 0.00748604 0.0123031 0.0187831 0.0269513 0.0365825 0.0470315 0.0572038 0.0658276 0.0719038 0.0750045 0.0752431 0.073044 0.0689352 0.0634491 0.0570828 0.050273 0.0433788 0.0366782 0.0303721 0.0245909 0.019405 0.0148443 0.0109225 0.00765361 0.00505001
 0.00749409 0.012314 0.0187944 0.026956 0.0365674 0.0469764 0.0570846 0.0656265 0.0716231 0.0746783 0.0749376 0.0728422 0.0689104 0.0636388 0.0574744 0.050805 0.0439562 0.037196 0.0307407 0.0247561 0.0193596 0.0146262 0.0106003 0.00730445 0.00473728
 0.00743165 0.0122387 0.0187288 0.0269356 0.0366289 0.0471389 0.0573349 0.0659167 0.0718842 0.0748438 0.0749677 0.0727389 0.0687194 0.063434 0.0573314 0.0507724 0.0440373 0.0373494 0.0308981 0.0248495 0.0193461 0.0145009 0.0103934 0.00706544 0.00451382
 0.0074781 0.0122999 0.0187961 0.0269966 0.0366762 0.0471812 0.0574002 0.0660417 0.072091 0.0751184 0.0752556 0.0729648 0.068821 0.0633909 0.0571726 0.0505601 0.0438368 0.0372007 0.0308032 0.0247802 0.0192649 0.0143833 0.0102391 0.00689438 0.0043533
 0.00751233 0.0123329 0.0188038 0.0269424 0.0365205 0.046898 0.0569937 0.0655548 0.0716007 0.0747176 0.0750255 0.0729471 0.0690024 0.0637105 0.0575498 0.050928 0.0441614 0.0374771 0.0310378 0.0249737 0.0194085 0.0144669 0.0102619 0.00686962 0.00430313
 0.00760803 0.0124831 0.0190178 0.0272201 0.0368461 0.047234 0.0572806 0.0657218 0.0715902 0.0745124 0.0746633 0.0725106 0.068589 0.063396 0.0573659 0.0508616 0.0441735 0.0375266 0.0310957 0.0250244 0.0194435 0.0144803 0.0102519 0.00684008 0.00426338
 0.0076223 0.0125077 0.0190575 0.0272803 0.0369315 0.0473461 0.0574136 0.0658589 0.0717027 0.0745646 0.0746244 0.0723702 0.0683674 0.0631419 0.0571386 0.0507079 0.044111 0.0375432 0.0311617 0.0251078 0.0195199 0.0145359 0.0102821 0.00684754 0.00425541
 0.00757706 0.0124494 0.0189978 0.0272394 0.0369327 0.0474068 0.0575376 0.0660344 0.0719053 0.0747629 0.0747847 0.0724621 0.0683704 0.0630538 0.0569803 0.0505186 0.0439348 0.0374127 0.0310882 0.0250828 0.0195243 0.0145502 0.0102931 0.00685019 0.00425048
 0.00746354 0.0122701 0.0187394 0.026897 0.0365157 0.0469448 0.0570829 0.0656549 0.0716662 0.0747043 0.0749079 0.0727306 0.0687244 0.0634299 0.0573278 0.05081 0.0441669 0.0375991 0.0312474 0.0252269 0.0196549 0.0146618 0.0103794 0.00690905 0.00428515
 0.00744868 0.0122327 0.0186588 0.0267467 0.036271 0.046595 0.0566428 0.0651684 0.071199 0.0743284 0.074683 0.0726892 0.0688635 0.0637131 0.0576977 0.0512056 0.04454 0.0379231 0.0315158 0.0254451 0.0198311 0.0148014 0.010485 0.00698301 0.00433194
 0.00745674 0.0122371 0.0186488 0.0267048 0.0361747 0.0464217 0.0563765 0.064807 0.0707612 0.0738571 0.0742413 0.0723472 0.0686798 0.063717 0.0578805 0.0515253 0.0449363 0.0383357 0.0318992 0.0257737 0.0200964 0.0150053 0.010634 0.00708544 0.00439714
 0.00745006 0.0122307 0.0186467 0.0267116 0.0361918 0.0464423 0.0563825 0.0647713 0.070656 0.0736658 0.0739692 0.0720254 0.0683608 0.0634609 0.0577375 0.0515197 0.0450601 0.0385543 0.0321648 0.0260416 0.0203348 0.0151982 0.010778 0.00718498 0.00446075
 0.00745557 0.0122216 0.0186006 0.026599 0.0359869 0.0461377 0.0559997 0.064358 0.0702688 0.073349 0.0737418 0.0718843 0.0682937 0.0634609 0.0578084 0.0516715 0.0452977 0.0388673 0.0325258 0.0264121 0.0206772 0.0154854 0.0109979 0.00733928 0.00455986
 0.00754793 0.0123561 0.0187724 0.0267903 0.0361668 0.0462669 0.0560373 0.0642721 0.0700498 0.0730178 0.0733477 0.0714886 0.0679496 0.0632 0.0576419 0.0515988 0.0453146 0.0389668 0.0326938 0.0266251 0.0209049 0.0156981 0.0111745 0.00747048 0.00464761
 0.00763957 0.0125042 0.0189927 0.027093 0.036551 0.0467117 0.0564963 0.0646764 0.0703234 0.0731011 0.0732173 0.0711653 0.0674909 0.0626816 0.0571364 0.0511608 0.0449753 0.038737 0.032569 0.0265894 0.0209339 0.0157639 0.011251 0.00753927 0.00469952
 0.0076891 0.0125815 0.0191032 0.0272406 0.0367379 0.0469382 0.0567584 0.0649614 0.0706059 0.0733425 0.0733722 0.0711941 0.0673742 0.0624302 0.0567901 0.0507765 0.0446103 0.0384348 0.0323527 0.0264617 0.0208819 0.0157656 0.0112822 0.0075794 0.00473542
 0.00751266 0.0123291 0.0187872 0.0268948 0.0364082 0.0466684 0.0565785 0.0648854 0.0706353 0.0734705 0.0735829 0.0714597 0.0676557 0.0626846 0.0569835 0.050896 0.0446666 0.0384555 0.0323682 0.0264938 0.0209379 0.0158398 0.0113619 0.00765169 0.004792
 0.00756156 0.0123783 0.0188073 0.0268452 0.0362549 0.0464074 0.056251 0.0645693 0.0704146 0.0733989 0.0736652 0.0716579 0.0679118 0.0629422 0.0572003 0.0510475 0.0447471 0.0384759 0.0323519 0.0264672 0.0209215 0.0158424 0.0113812 0.00767959 0.00481968
 0.00769654 0.0125738 0.0190552 0.0271175 0.0365055 0.0465796 0.0562901 0.0644401 0.0701199 0.0729902 0.073232 0.0712967 0.0676884 0.0628715 0.0572506 0.0511636 0.0448754 0.0385812 0.0324213 0.0265059 0.0209429 0.0158593 0.0114005 0.00770139 0.00484075
 0.00757355 0.0124102 0.0188749 0.0269622 0.0364186 0.0465828 0.0563661 0.0645344 0.0701633 0.0729303 0.0730589 0.0710495 0.0674401 0.0626989 0.0572041 0.0512503 0.0450633 0.0388184 0.0326589 0.0267123 0.0211064 0.0159819 0.01149 0.00776545 0.00488515
 0.0075 0.0123004 0.0187298 0.026794 0.0362536 0.0464609 0.0563345 0.0646311 0.0703952 0.0732569 0.0733974 0.0713056 0.0675495 0.0626545 0.0570532 0.0510661 0.0449092 0.0387262 0.0326271 0.0267203 0.0211315 0.016009 0.0115128 0.00778298 0.00489826
 0.0074302 0.0121978 0.018596 0.0266381 0.0360914 0.0463123 0.056222 0.0645797 0.0704291 0.0733918 0.0736289 0.0716 0.0678472 0.0628889 0.0571781 0.0510745 0.0448325 0.038614 0.0325229 0.0266469 0.0210909 0.0159921 0.0115089 0.00778461 0.00490153
 0.00720177 0.0118465 0.0181059 0.026011 0.0353495 0.0454999 0.0554066 0.0638472 0.0698697 0.0730801 0.0736058 0.0718643 0.068356 0.0635659 0.0579284 0.0518071 0.0454816 0.0391503 0.0329494 0.0269827 0.0213559 0.0161993 0.0116651 0.0078956 0.00497451
 0.00725178 0.011889 0.0180991 0.0258949 0.0350646 0.0450166 0.0547475 0.0630889 0.0691212 0.0724495 0.0731745 0.0716757 0.0684166 0.06385 0.0583845 0.0523657 0.0460683 0.0397014 0.0334239 0.0273658 0.0216516 0.0164203 0.0118252 0.00800653 0.00504678
 0.00719484 0.0118077 0.017995 0.0257699 0.0349117 0.0448104 0.0544449 0.0626461 0.0685236 0.0717377 0.0724465 0.0710597 0.0680274 0.0637538 0.0585848 0.0528121 0.046677 0.0403789 0.0340872 0.0279552 0.022136 0.0167926 0.0120943 0.0081895 0.00516315
 0.00707606 0.0116399 0.0177896 0.0255544 0.0347225 0.0446795 0.0543859 0.0626451 0.0685384 0.0717086 0.0723202 0.0708175 0.0677034 0.0634279 0.0583523 0.0527451 0.0467989 0.0406621 0.0344703 0.028368 0.0225199 0.0171116 0.0123355 0.0083569 0.00527019
 0.00698634 0.0114888 0.0175546 0.0252168 0.0342782 0.0441523 0.0538349 0.0621551 0.068192 0.0715521 0.0723428 0.0709589 0.067885 0.0635918 0.0584853 0.0528769 0.0469777 0.0409226 0.0348139 0.028763 0.0229176 0.0174667 0.0126196 0.0085622 0.00540471
 0.00712087 0.0116668 0.0177469 0.0253695 0.034326 0.0440414 0.0535445 0.0617083 0.0676523 0.0710078 0.0718827 0.0706464 0.0677393 0.0635872 0.0585713 0.0530075 0.0471318 0.0411043 0.0350354 0.0290254 0.0232028 0.017744 0.0128593 0.00874657 0.00553139
 0.0072529 0.0118776 0.0180537 0.0257778 0.0348188 0.0445678 0.0540168 0.0620179 0.0677053 0.0707656 0.071384 0.0699947 0.0670637 0.0629968 0.0581266 0.0527175 0.0469725 0.041044 0.03505 0.0290991 0.0233206 0.0178855 0.0130008 0.0088681 0.0056222
 0.00724881 0.0118833 0.0180855 0.0258587 0.0349729 0.04481 0.0543408 0.0623886 0.0680592 0.0710231 0.0714722 0.0698746 0.0667496 0.0625548 0.0576508 0.0522954 0.0466589 0.0408544 0.0349715 0.0291061 0.0233857 0.017983 0.0131076 0.00896554 0.00569885
 0.00727412 0.0119296 0.0181651 0.0259877 0.0351685 0.0450865 0.0547034 0.0628271 0.0685439 0.0715027 0.0718778 0.0701317 0.0667981 0.0623718 0.0572628 0.0517735 0.0460956 0.040334 0.034549 0.0288023 0.0231937 0.0178807 0.0130675 0.0089618 0.00571112
 0.00725542 0.0119065 0.0181444 0.0259812 0.035192 0.0451562 0.0548328 0.0630245 0.0688096 0.0718266 0.0722352 0.0704814 0.0670858 0.0625409 0.0572721 0.051614 0.0457975 0.039958 0.0341655 0.0284689 0.0229421 0.0177157 0.0129751 0.00891996 0.00569847
 0.00729752 0.0119654 0.0182157 0.026056 0.0352613 0.0452164 0.0548901 0.0630934 0.0689076 0.0719659 0.0724173 0.0706941 0.0673038 0.0627281 0.0573882 0.0516248 0.0456879 0.0397406 0.0338794 0.0281663 0.0226708 0.017505 0.0128324 0.00883594 0.00565597
 0.00704346 0.0115592 0.0176184 0.0252398 0.0342191 0.0439764 0.0535287 0.0617371 0.0677147 0.0710928 0.0719825 0.0707525 0.0678367 0.0636498 0.0585661 0.0529084 0.0469389 0.0408566 0.0348056 0.0288927 0.0232183 0.0179076 0.0131227 0.00903958 0.00579243
 0.0069072 0.0113297 0.0172584 0.0247102 0.0334883 0.0430347 0.0524031 0.0604981 0.0664691 0.0699675 0.0711046 0.0702309 0.0677434 0.0640043 0.0593262 0.0539749 0.0481757 0.0421207 0.0359766 0.0298928 0.0240157 0.0185072 0.013551 0.0093305 0.00597941
 0.00682951 0.0112133 0.0171003 0.0245103 0.0332442 0.0427352 0.052027 0.0600205 0.0658759 0.0692714 0.0703552 0.0695123 0.0671606 0.0636592 0.0592915 0.0542723 0.0487663 0.0429145 0.0368564 0.0307458 0.024759 0.0190988 0.0139856 0.00962708 0.00616791
 0.00664913 0.0109278 0.0166862 0.0239543 0.0325489 0.0419258 0.0511545 0.0591548 0.0650876 0.0686107 0.0698428 0.0691498 0.0669503 0.0636202 0.0594586 0.0546791 0.0494212 0.0437828 0.0378598 0.0317793 0.025719 0.0199087 0.0146093 0.0100669 0.00645221
 0.00664568 0.0109048 0.0166196 0.0238111 0.0322952 0.0415409 0.0506425 0.0585487 0.0644416 0.0679854 0.0692895 0.0687015 0.066622 0.0634178 0.0593916 0.0547671 0.0496876 0.0442372 0.03848 0.0325062 0.0264688 0.0205975 0.0151765 0.0104875 0.00673374
 0.00666498 0.0109327 0.0166537 0.0238434 0.0323095 0.0415111 0.0505354 0.0583319 0.0640972 0.0675227 0.0687492 0.0681455 0.0661157 0.0630136 0.0591224 0.0546507 0.0497343 0.0444511 0.038852 0.0330042 0.0270357 0.0211622 0.0156746 0.0108784 0.00700757
 0.00676423 0.0110961 0.0169025 0.0241957 0.0327732 0.042073 0.0511517 0.0589269 0.0645761 0.0677939 0.0687499 0.0678597 0.0655792 0.0623042 0.05834 0.0538939 0.0490842 0.0439634 0.0385547 0.0328958 0.0270863 0.0213194 0.0158774 0.0110743 0.00716425
 0.00676872 0.0111181 0.016963 0.0243241 0.0330005 0.0424209 0.0516204 0.0594891 0.0651767 0.0683575 0.0691917 0.0681021 0.0655701 0.0620328 0.0578434 0.0532495 0.0483907 0.0433175 0.0380313 0.0325363 0.0268948 0.0212684 0.0159197 0.0111596 0.00725316
 0.00670629 0.0110318 0.0168624 0.0242304 0.0329446 0.0424378 0.0517426 0.0597385 0.0655566 0.0688445 0.0697331 0.0686214 0.0659812 0.0622611 0.0578453 0.0530268 0.0479908 0.0428216 0.0375313 0.0321103 0.0265894 0.0210925 0.0158515 0.0111613 0.00728686
 0.00666919 0.0109726 0.0167762 0.024116 0.0328082 0.042297 0.0516282 0.0596915 0.0656171 0.0690384 0.0700596 0.069048 0.0664479 0.0626913 0.0581626 0.0531747 0.0479494 0.0426142 0.0372178 0.0317671 0.0262852 0.0208694 0.0157191 0.0111034 0.00727599
 0.00643233 0.0106064 0.016261 0.0234481 0.0320021 0.0413884 0.0506779 0.0587855 0.0648585 0.0685284 0.0698759 0.0692255 0.0669679 0.0634821 0.0591129 0.054157 0.0488491 0.0433543 0.0377713 0.0321524 0.0265472 0.0210562 0.0158646 0.0112229 0.00737185
#obs surv len freq
 0.00496104 0.00812614 0.0123606 0.0176784 0.0239546 0.030826 0.0376698 0.0437642 0.0485585 0.0518479 0.053746 0.0545333 0.0545274 0.0540261 0.0532926 0.0525435 0.0519263 0.0514769 0.0510569 0.0502965 0.048613 0.0453752 0.0402058 0.0332734 0.0253599
 0.00518185 0.00848732 0.0129081 0.018456 0.0249952 0.0321374 0.0392217 0.0454846 0.050345 0.0535884 0.0553357 0.0558818 0.0555566 0.0546676 0.0534875 0.0522488 0.0511239 0.0501837 0.0493319 0.0482434 0.0463764 0.0431284 0.038126 0.031508 0.0239948
 0.005406 0.00885396 0.0134643 0.0192474 0.0260581 0.0334856 0.040832 0.0472907 0.0522455 0.0554651 0.0570722 0.0573754 0.056723 0.0554386 0.0538076 0.0520723 0.0504177 0.0489388 0.047579 0.0460693 0.0439299 0.0406087 0.0357506 0.029466 0.0224023
 0.00564631 0.0092487 0.0140659 0.0201073 0.0272165 0.0349558 0.0425843 0.0492477 0.0542928 0.0574742 0.0589206 0.0589581 0.0579549 0.0562531 0.0541526 0.0519063 0.0497087 0.0476703 0.0457665 0.0437825 0.0413097 0.0378639 0.0331251 0.0271825 0.0206058
 0.0058927 0.00965257 0.01468 0.0209833 0.0283954 0.0364528 0.0443725 0.0512513 0.0563973 0.059547 0.0608325 0.0605969 0.0592306 0.0570978 0.0545167 0.0517524 0.0490085 0.046407 0.0439496 0.0414705 0.0386328 0.035028 0.0303827 0.0247739 0.0186952
 0.00612515 0.010033 0.0152574 0.0218055 0.0295005 0.0378557 0.0460501 0.053137 0.058389 0.0615255 0.0626794 0.0622053 0.06051 0.0579753 0.0549361 0.0516715 0.048396 0.0452446 0.0422425 0.039269 0.0360557 0.0322698 0.0276897 0.0223881 0.0167883
 0.00638181 0.010452 0.0158912 0.0227033 0.0306986 0.0393615 0.0478271 0.0551 0.0604179 0.0634895 0.064459 0.0637039 0.0616546 0.0587125 0.0552267 0.0514855 0.0477096 0.0440428 0.0405301 0.0370915 0.0335217 0.0295614 0.0250418 0.0200352 0.0149008
 0.00660599 0.0108237 0.016464 0.0235313 0.0318251 0.0408013 0.0495486 0.0570197 0.0624125 0.065421 0.0661994 0.0651493 0.0627307 0.0593718 0.0554423 0.0512428 0.0469994 0.0428603 0.0388845 0.0350252 0.031133 0.0270152 0.0225526 0.0178204 0.0131199
 0.00683781 0.0112014 0.0170341 0.0243382 0.032903 0.0421614 0.0511649 0.058822 0.0642939 0.0672556 0.0678619 0.0665308 0.0637477 0.0599703 0.0555956 0.0509442 0.0462538 0.0416789 0.0372891 0.0330624 0.0288949 0.0246499 0.0202518 0.0157778 0.0114786
 0.00707553 0.0115911 0.0176262 0.0251802 0.0340289 0.0435751 0.0528248 0.0606379 0.0661418 0.0690043 0.0693951 0.067758 0.0646051 0.060418 0.0556148 0.0505336 0.0454251 0.0404536 0.0356998 0.0311635 0.0267763 0.0224463 0.0181317 0.0139093 0.0099838
 0.0073019 0.0119639 0.0181957 0.0259955 0.0351266 0.0449629 0.054464 0.0624382 0.0679746 0.0707277 0.0708803 0.0689063 0.0653538 0.0607389 0.0555064 0.0500123 0.0445174 0.0391923 0.0341269 0.0293378 0.0247858 0.0204133 0.0162029 0.0122269 0.00864772
 0.00744643 0.0122063 0.0185747 0.0265524 0.0358982 0.0459684 0.0556916 0.063838 0.0694631 0.0722011 0.0722297 0.0700306 0.0661711 0.0611932 0.0555711 0.0496873 0.0438229 0.0381623 0.0328072 0.0277901 0.0230946 0.0186892 0.014573 0.0108106 0.00752689
 0.00753878 0.0123558 0.0187993 0.0268704 0.0363275 0.0465241 0.0563812 0.0646567 0.0703894 0.0731958 0.0732362 0.0709789 0.0669839 0.0617964 0.0559035 0.0497084 0.043517 0.0375383 0.0318972 0.0266489 0.0218008 0.0173431 0.0132866 0.00968666 0.00663509
 0.00760587 0.0124581 0.0189408 0.0270518 0.0365475 0.0467825 0.056681 0.0650044 0.0707938 0.0736643 0.0737695 0.0715634 0.0675866 0.0623641 0.0563696 0.0500047 0.0435867 0.0373477 0.0314424 0.0259589 0.0209362 0.0163902 0.0123441 0.008846 0.00595965
 0.00766745 0.0125503 0.0190649 0.0272032 0.0367174 0.0469599 0.0568559 0.0651704 0.0709517 0.0738245 0.0739508 0.0717864 0.0678639 0.0626897 0.0567134 0.0503152 0.0438007 0.0374062 0.0313059 0.0256198 0.0204237 0.0157663 0.0116896 0.00824062 0.00546203
 0.00773291 0.0126541 0.0192156 0.0274056 0.0369695 0.0472501 0.0571608 0.0654579 0.0711892 0.07399 0.0740413 0.0718193 0.0678693 0.0626989 0.0567462 0.0503699 0.0438519 0.0374111 0.0312191 0.0254107 0.0200901 0.0153387 0.0112227 0.007796 0.00508907
 0.0077858 0.0127331 0.0193217 0.0275356 0.0371177 0.0474106 0.0573284 0.0656267 0.0713505 0.074132 0.0741511 0.0718876 0.0678963 0.0626954 0.0567298 0.0503562 0.0438448 0.0373974 0.031172 0.0253011 0.0199019 0.0150789 0.0109214 0.00749562 0.00482834
 0.00780087 0.0127556 0.0193518 0.0275718 0.0371572 0.0474496 0.0573634 0.065656 0.0713758 0.0741584 0.0741851 0.0719334 0.0679531 0.0627582 0.0567929 0.0504159 0.0438988 0.0374404 0.0311921 0.0252818 0.0198292 0.014951 0.0107529 0.00731345 0.00466103
 0.00785907 0.0128427 0.0194686 0.0277137 0.0373149 0.0476106 0.057514 0.0657819 0.0714649 0.0742032 0.0741853 0.0718966 0.0678917 0.0626856 0.0567196 0.050348 0.043838 0.0373845 0.031135 0.0252143 0.0197424 0.0148406 0.0106243 0.00718029 0.00454004
 0.00788645 0.0128849 0.0195276 0.0277892 0.0374039 0.0477071 0.0576088 0.0658644 0.0715251 0.074235 0.0741885 0.0718757 0.0678543 0.0626401 0.0566734 0.0503063 0.0438029 0.0373548 0.0311064 0.0251801 0.0196959 0.0147784 0.0105484 0.00709874 0.00446354
 0.00787825 0.0128715 0.0195073 0.0277611 0.0373678 0.047665 0.0575652 0.0658255 0.0714973 0.0742229 0.0741933 0.0718959 0.0678869 0.0626815 0.0567205 0.0503564 0.0438534 0.0374026 0.0311473 0.0252092 0.0197083 0.0147716 0.0105242 0.00706288 0.00442431
 0.00789457 0.012891 0.0195239 0.0277649 0.0373483 0.0476157 0.0574871 0.0657283 0.0713963 0.0741345 0.0741306 0.0718663 0.0678911 0.0627154 0.0567765 0.050426 0.0439287 0.0374768 0.0312145 0.0252641 0.0197469 0.0147919 0.0105271 0.00705254 0.00440698
 0.00790209 0.0129016 0.0195364 0.0277763 0.0373533 0.0476069 0.0574563 0.0656693 0.0713086 0.0740259 0.0740172 0.071768 0.0678255 0.0626924 0.0567963 0.050481 0.0440071 0.0375657 0.0313025 0.0253425 0.0198095 0.0148356 0.010552 0.00706199 0.0044061
 0.00789535 0.0128908 0.0195204 0.0277542 0.0373245 0.0475711 0.0574137 0.0656201 0.0712528 0.0739637 0.0739504 0.0717017 0.0677688 0.0626562 0.0567901 0.050509 0.0440661 0.0376469 0.0313938 0.0254317 0.0198871 0.0148957 0.0105931 0.0070859 0.0044171
 0.00787397 0.0128548 0.0194642 0.0276724 0.037214 0.0474337 0.0572583 0.0654621 0.0711105 0.073853 0.0738806 0.0716746 0.0677805 0.0627009 0.0568629 0.050606 0.0441836 0.0377789 0.0315317 0.0255649 0.0200054 0.0149918 0.0106639 0.00713281 0.00444467
 0.00786392 0.0128355 0.0194299 0.0276157 0.0371279 0.0473144 0.0571079 0.0652904 0.0709336 0.0736907 0.0737519 0.0715939 0.0677549 0.0627294 0.0569377 0.0507163 0.0443182 0.0379276 0.0316847 0.0257125 0.0201383 0.0151026 0.0107486 0.00719174 0.00448162
 0.0078463 0.0128045 0.0193789 0.0275371 0.037015 0.047164 0.0569233 0.0650824 0.0707195 0.0734911 0.0735875 0.0714822 0.0677078 0.0627511 0.0570241 0.0508562 0.0444958 0.0381256 0.031887 0.0259051 0.0203099 0.0152454 0.0108587 0.00726972 0.00453194
 0.00783953 0.0127936 0.0193624 0.0275132 0.0369807 0.0471153 0.0568556 0.0649915 0.0706046 0.0733565 0.0734437 0.0713451 0.0675952 0.0626792 0.0570038 0.0508907 0.0445803 0.0382486 0.0320331 0.026058 0.020455 0.0153715 0.0109592 0.00734302 0.00458056
 0.00779807 0.012728 0.0192672 0.0273853 0.0368206 0.0469288 0.0566543 0.0647926 0.0704261 0.0732128 0.0733427 0.0712886 0.0675822 0.0627084 0.0570748 0.0510027 0.0447298 0.0384279 0.03223 0.0262574 0.0206416 0.0155327 0.0110877 0.00743686 0.00464312
 0.00776589 0.0126721 0.0191768 0.0272488 0.0366296 0.0466828 0.0563659 0.0644873 0.0701374 0.0729738 0.0731778 0.0712095 0.067588 0.0627892 0.0572161 0.0511896 0.044949 0.0386675 0.0324775 0.0264994 0.0208644 0.0157243 0.0112403 0.00754882 0.00471818
 0.00773314 0.0126176 0.0190922 0.0271253 0.0364594 0.0464619 0.0560976 0.0641846 0.0698234 0.0726785 0.0729337 0.0710449 0.0675213 0.0628248 0.057345 0.051393 0.0452039 0.0389508 0.0327688 0.0267809 0.0211206 0.0159432 0.0114145 0.00767674 0.00480428
 0.00770808 0.0125749 0.0190243 0.027024 0.0363174 0.0462759 0.0558704 0.0639266 0.0695511 0.0724122 0.0726953 0.0708562 0.0674022 0.0627906 0.057402 0.0515369 0.0454195 0.0392157 0.0330577 0.0270693 0.0213878 0.0161736 0.0115989 0.00781297 0.00489651
 0.00768036 0.0125299 0.0189568 0.0269288 0.0361905 0.0461155 0.0556788 0.063711 0.0693233 0.0721872 0.0724893 0.0706854 0.0672816 0.0627329 0.0574167 0.0516273 0.0455815 0.0394363 0.0333165 0.0273418 0.0216498 0.0164052 0.0117873 0.00795373 0.00499259
 0.00768124 0.0125325 0.0189624 0.0269387 0.0362045 0.0461302 0.0556866 0.0637009 0.069284 0.0721105 0.0723742 0.0705393 0.0671195 0.0625751 0.0572851 0.0515414 0.0455547 0.0394728 0.0334099 0.0274769 0.0218055 0.0165599 0.0119236 0.00806139 0.00506909
 0.00763184 0.0124599 0.0188677 0.0268284 0.0360888 0.0460208 0.0555939 0.063632 0.069241 0.07209 0.0723674 0.0705356 0.0671104 0.0625582 0.0572655 0.0515308 0.0455666 0.0395185 0.0334937 0.027594 0.0219432 0.0167009 0.0120516 0.00816501 0.00514421
 0.00762704 0.0124462 0.0188366 0.0267696 0.0359944 0.045891 0.0554409 0.0634784 0.0691127 0.0720062 0.0723343 0.0705457 0.0671482 0.0626065 0.0573123 0.051572 0.0456065 0.0395661 0.0335578 0.0276784 0.0220445 0.0168093 0.0121544 0.00825174 0.00520926
 0.0076024 0.0124104 0.0187903 0.0267148 0.0359327 0.0458212 0.0553585 0.0633792 0.0689974 0.0718853 0.0722264 0.070471 0.0671196 0.0626249 0.0573672 0.0516482 0.0456912 0.0396528 0.0336463 0.0277709 0.0221413 0.0169066 0.0122452 0.00832862 0.00526771
 0.00758378 0.0123787 0.0187403 0.0266417 0.0358344 0.0457005 0.0552247 0.0632459 0.0688782 0.0717886 0.072155 0.0704252 0.0671011 0.0626376 0.0574135 0.0517259 0.0457922 0.0397665 0.0337636 0.0278861 0.0222509 0.0170077 0.0123341 0.00840152 0.00532242
 0.00756653 0.0123519 0.0187022 0.0265911 0.0357704 0.0456223 0.0551325 0.0631423 0.0687691 0.0716836 0.0720648 0.0703593 0.0670649 0.0626326 0.0574391 0.0517798 0.0458709 0.0398643 0.0338725 0.0279979 0.0223584 0.0171054 0.0124178 0.00846855 0.00537198
 0.00756153 0.0123433 0.0186884 0.0265704 0.0357414 0.0455843 0.0550862 0.063089 0.0687106 0.0716217 0.0720018 0.0702987 0.0670124 0.0625945 0.0574212 0.0517857 0.0459011 0.0399165 0.0339421 0.0280779 0.0224415 0.0171844 0.0124871 0.00852461 0.00541354
 0.00754952 0.0123241 0.0186601 0.0265316 0.0356913 0.0455237 0.0550174 0.0630164 0.0686399 0.0715583 0.07195 0.0702607 0.0669888 0.0625857 0.0574276 0.0518085 0.0459413 0.0399736 0.0340134 0.0281585 0.0225249 0.0172637 0.0125564 0.00858021 0.00545429
 0.00751603 0.0122741 0.018593 0.0264497 0.0355992 0.0454269 0.0549216 0.0629272 0.0685627 0.0714978 0.0719097 0.0702426 0.0669928 0.0626101 0.0574697 0.0518654 0.0460106 0.0400532 0.0341008 0.0282502 0.0226158 0.0173481 0.0126291 0.0086378 0.00549602
 0.00753234 0.0122954 0.0186156 0.0264674 0.0356051 0.0454167 0.0548958 0.0628906 0.0685215 0.071457 0.0718712 0.0702063 0.0669584 0.0625788 0.0574442 0.0518489 0.0460058 0.0400617 0.0341226 0.0282836 0.0226573 0.0173929 0.012672 0.00867456 0.00552421
 0.00751865 0.0122788 0.0186008 0.0264611 0.0356133 0.0454407 0.0549293 0.0629216 0.0685379 0.0714519 0.071846 0.0701681 0.0669162 0.0625391 0.0574109 0.0518239 0.0459905 0.0400573 0.0341297 0.0283016 0.022684 0.0174245 0.0127041 0.0087032 0.00554686
 0.00749155 0.0122353 0.0185369 0.0263749 0.035507 0.0453223 0.0548136 0.0628267 0.0684789 0.0714348 0.0718655 0.0702117 0.0669708 0.0625963 0.0574673 0.0518796 0.0460463 0.0401137 0.0341868 0.0283588 0.0227398 0.0174766 0.01275 0.00874049 0.00557458
 0.00749519 0.0122363 0.0185291 0.0263498 0.0354558 0.0452396 0.0547014 0.0626958 0.0683471 0.0713226 0.0717901 0.0701822 0.0669859 0.0626461 0.0575385 0.0519599 0.0461277 0.0401923 0.0342612 0.0284283 0.0228036 0.0175332 0.0127978 0.00877826 0.00560211
 0.00749519 0.0122363 0.0185291 0.0263498 0.0354558 0.0452396 0.0547014 0.0626958 0.0683471 0.0713226 0.0717901 0.0701822 0.0669859 0.0626461 0.0575385 0.0519599 0.0461277 0.0401923 0.0342612 0.0284283 0.0228036 0.0175332 0.0127978 0.00877826 0.00560211
 0.00718539 0.0117453 0.0178158 0.0253893 0.0342504 0.0438327 0.0531882 0.0612204 0.0670773 0.0704104 0.0713363 0.070219 0.0674791 0.0635102 0.0586587 0.0532148 0.0474082 0.0414134 0.0353647 0.02938 0.023588 0.0181493 0.0132558 0.00909791 0.00580957
 0.00715254 0.0116596 0.0176273 0.0250322 0.0336595 0.0429705 0.0520702 0.0599237 0.0657287 0.0691595 0.070328 0.0695691 0.0672573 0.0637299 0.059276 0.0541399 0.0485249 0.0426019 0.0365208 0.0304261 0.024476 0.0188583 0.0137872 0.00946988 0.00605101
 0.00713604 0.0116394 0.0176063 0.0250098 0.0336221 0.0428815 0.0518686 0.0595397 0.0651144 0.0683219 0.0693437 0.0685722 0.0664037 0.0631561 0.059067 0.0543133 0.0490342 0.0433533 0.0373986 0.0313182 0.0252932 0.0195437 0.014317 0.00984748 0.00629862
 0.00703823 0.0114845 0.0173819 0.0247095 0.0332496 0.0424528 0.051411 0.0590826 0.0646743 0.0678924 0.0689022 0.0681043 0.0659307 0.0627443 0.058811 0.0543011 0.0493121 0.0439073 0.0381586 0.03218 0.0261478 0.020303 0.0149281 0.0102952 0.00659743
 0.0070145 0.011446 0.0173239 0.0246271 0.0331375 0.0423067 0.0512294 0.0588685 0.0644352 0.0676368 0.068634 0.067819 0.0656208 0.0624139 0.0584909 0.0540522 0.0492079 0.0440041 0.0384684 0.0326621 0.026723 0.020881 0.0154351 0.0106898 0.00687208
 0.00702593 0.011467 0.0173596 0.0246827 0.0332155 0.0424036 0.0513323 0.0589561 0.0644822 0.0676207 0.0685411 0.0676463 0.0653738 0.0621051 0.0581418 0.0536982 0.0489006 0.0438026 0.0384195 0.0327795 0.0269783 0.0212138 0.0157762 0.0109846 0.00709291
 0.0070567 0.0115254 0.0174627 0.0248503 0.0334646 0.0427385 0.0517368 0.0593911 0.0648927 0.0679482 0.0687362 0.0676777 0.0652329 0.061805 0.0577143 0.0531897 0.0483682 0.0433096 0.0380259 0.0325275 0.0268787 0.0212426 0.0158855 0.0111216 0.0072177
 0.00708138 0.0115693 0.0175359 0.024966 0.0336372 0.0429805 0.0520535 0.0597754 0.0653211 0.0683807 0.0691198 0.0679563 0.0653592 0.0617523 0.0574826 0.0528056 0.0478811 0.0427831 0.0375278 0.0321165 0.0265914 0.021085 0.0158349 0.0111392 0.00726418
 0.00707792 0.0115684 0.0175439 0.0249923 0.0336935 0.0430782 0.0522013 0.0599777 0.0655765 0.0686801 0.0694439 0.0682735 0.0656276 0.0619265 0.0575252 0.0526988 0.0476339 0.0424319 0.0371285 0.0317313 0.0262722 0.020861 0.0157076 0.0110883 0.00725991
 0.00703129 0.0114933 0.0174327 0.0248406 0.033503 0.0428609 0.0519824 0.0597937 0.0654672 0.0686775 0.0695627 0.0685066 0.0659462 0.0622849 0.0578679 0.0529724 0.0477999 0.0424775 0.0370701 0.0316078 0.0261312 0.0207423 0.0156322 0.0110566 0.00725916
 0.00695323 0.0113662 0.0172413 0.0245718 0.0331497 0.0424287 0.0514949 0.0592945 0.0650148 0.0683334 0.0693786 0.0685134 0.0661472 0.0626537 0.0583529 0.0535059 0.0483123 0.0429126 0.037397 0.0318252 0.0262612 0.0208174 0.0156814 0.011097 0.00729573
#pred catch len freq
 0.00448747 0.00712744 0.0104491 0.0143914 0.0189153 0.0239756 0.0294459 0.0350865 0.0405875 0.0456416 0.0499943 0.0534735 0.0560084 0.0576296 0.0584434 0.0585945 0.0582352 0.0574929 0.0564115 0.0548646 0.0524973 0.0487976 0.0433512 0.0361793 0.0279189
 0.00492846 0.00775778 0.0112417 0.0152777 0.01982 0.0248631 0.0303462 0.036074 0.0417216 0.0469056 0.0512746 0.0545935 0.0567974 0.0579872 0.0583669 0.0581619 0.0575551 0.0566471 0.0554179 0.0536821 0.0510741 0.0471373 0.0415535 0.0344225 0.0263925
 0.00520027 0.00821801 0.0119633 0.0163272 0.0212281 0.0265901 0.0322645 0.037995 0.0434653 0.0483687 0.0524465 0.0555083 0.0574635 0.0583548 0.0583542 0.0577113 0.0566717 0.0553914 0.0538674 0.051897 0.0490982 0.0450315 0.0394296 0.0324405 0.0247133
 0.00541767 0.00856391 0.0124748 0.0170462 0.0222079 0.0278937 0.0339445 0.0400529 0.0458079 0.0507953 0.0546911 0.0573229 0.0586945 0.0589622 0.0583712 0.0571888 0.055651 0.0539128 0.0519877 0.0496964 0.0466794 0.0425227 0.0369872 0.0302353 0.0228921
 0.00563828 0.00891829 0.0130011 0.0177801 0.0231807 0.029129 0.035454 0.0418325 0.0478332 0.0530093 0.0569825 0.059513 0.0605552 0.0602695 0.0589693 0.057023 0.0547559 0.0523749 0.0499155 0.0472135 0.0439325 0.039689 0.0342673 0.0278245 0.0209379
 0.00594932 0.00939715 0.0136737 0.0186579 0.0242659 0.0304213 0.0369501 0.0435191 0.0496778 0.054956 0.0589527 0.0614059 0.0622459 0.0616088 0.0597967 0.0571973 0.0541921 0.051067 0.0479366 0.0447014 0.0410751 0.0367114 0.0314108 0.0253099 0.01892
 0.00634749 0.0100111 0.014536 0.0197777 0.0256311 0.0320019 0.0386984 0.0453702 0.051555 0.0567809 0.0606539 0.0629202 0.0635117 0.0625578 0.0603461 0.0572508 0.0536553 0.0498759 0.0460896 0.0422811 0.0382509 0.0337211 0.0285221 0.0227664 0.0168873
 0.00674489 0.0106323 0.0154253 0.0209613 0.0271151 0.0337688 0.0406991 0.047517 0.0537263 0.058838 0.0624648 0.0643805 0.0645564 0.0631576 0.0604914 0.0569305 0.052843 0.048537 0.0442082 0.0398972 0.0354888 0.0307899 0.0256803 0.02026 0.0148862
 0.00709505 0.0111804 0.0162119 0.0220137 0.0284473 0.0353797 0.0425645 0.049579 0.055887 0.0609646 0.0644049 0.0659853 0.0657062 0.0637805 0.0605665 0.0564734 0.0518825 0.0470978 0.0423133 0.037593 0.0328768 0.028043 0.0230232 0.0179162 0.0130144
 0.00734262 0.011583 0.0168188 0.0228724 0.0295968 0.0368381 0.0443148 0.0515598 0.0579953 0.0630684 0.0663582 0.0676437 0.0669418 0.0644975 0.0607132 0.0560442 0.0509088 0.0456322 0.0404193 0.0353487 0.0303928 0.0254764 0.020568 0.0157638 0.0113013
 0.00758162 0.0119641 0.01738 0.0236484 0.0306181 0.0381262 0.0458714 0.0533534 0.0599517 0.0650708 0.0682591 0.0692864 0.0681856 0.0652384 0.0608932 0.0556508 0.0499683 0.0442 0.0385726 0.0331856 0.0280375 0.0230832 0.0183113 0.0138068 0.00975563
 0.00785655 0.0123937 0.0179954 0.02447 0.0316564 0.0393817 0.0473301 0.0549793 0.0616821 0.0668164 0.0699091 0.0707184 0.0692795 0.0658937 0.0610431 0.0552703 0.0490726 0.0428389 0.036824 0.0311523 0.0258472 0.0208859 0.0162658 0.0120535 0.0083839
 0.00794202 0.0125393 0.0182278 0.0248208 0.032159 0.0400645 0.0482071 0.0560433 0.0629011 0.0681337 0.0712472 0.0719838 0.0703714 0.0667139 0.0615075 0.0553192 0.0486792 0.0420135 0.035615 0.029644 0.0241558 0.0191508 0.0146322 0.0106463 0.0072815
 0.00792217 0.0125068 0.0181798 0.0247589 0.0320943 0.0400235 0.0482343 0.0561956 0.0632335 0.0686805 0.0720063 0.0729119 0.0713886 0.0677156 0.06238 0.0559554 0.0489945 0.0419586 0.0351848 0.0288813 0.023148 0.0180177 0.0135054 0.0096431 0.00647946
 0.00799663 0.0126053 0.0182864 0.0248453 0.0321278 0.0399816 0.0481179 0.0560348 0.0630841 0.0686124 0.0720864 0.0731845 0.0718596 0.0683447 0.063086 0.0566316 0.0495304 0.0422619 0.0351996 0.0286002 0.0226151 0.0173197 0.0127516 0.00893802 0.0058984
 0.00803415 0.0126598 0.0183552 0.0249181 0.0321858 0.0399973 0.0480601 0.0558788 0.0628271 0.0682867 0.0717609 0.0729497 0.0717994 0.0685075 0.0634657 0.057167 0.0501196 0.0427887 0.0355629 0.028738 0.0225185 0.0170318 0.0123512 0.00851366 0.0055224
 0.00799814 0.0126222 0.0183369 0.02495 0.0322983 0.0402045 0.0483461 0.056195 0.0631038 0.0684557 0.0717799 0.0728204 0.0715708 0.0682616 0.0632879 0.0571134 0.0501953 0.0429476 0.0357274 0.0288302 0.022489 0.0168751 0.0121024 0.00822974 0.0052585
 0.00797891 0.012586 0.0182752 0.024857 0.0321786 0.0400812 0.0482622 0.0562012 0.0632342 0.0687034 0.072091 0.0731132 0.0717718 0.0683376 0.0632574 0.0570319 0.050124 0.0429223 0.0357444 0.0288543 0.0224769 0.0168001 0.0119668 0.00806022 0.00509028
