SBPRF35
8.59368
Curr Bio
613506
B35
587568
F35
0.203831
FOFL
0.203831
OFL
97143.8
Bzero
2.45534e+06
#pred survey bio
 3.27193e+06 3.52505e+06 3.7068e+06 3.63194e+06 3.26858e+06 3.04972e+06 2.84051e+06 2.43621e+06 1.96958e+06 1.57377e+06 1.29442e+06 1.14961e+06 1.04194e+06 955805 856570 768870 686651 632356 580879 542920 536522 553686 557976 538320 531385 521710 508438 508783 509944 519999 531080 521860 514721 508202 520933 527752 502998 501336 528315 557841 542183 568968 615868 654566 702583 693781 672080 579402 505288 513581 539015 591279 636309 600360 537528 552785 644035 631329 526615 493428 565037 620693 1.40806e+07 1.28097e+07 1.30487e+07 1.37316e+07 1.46505e+07 1.56096e+07 1.6487e+07 1.72271e+07 1.7819e+07 1.82757e+07 1.86198e+07 1.8875e+07 1.90626e+07 1.91998e+07 1.93e+07 1.93734e+07 1.94273e+07 1.9467e+07 1.94965e+07 1.95185e+07 1.9535e+07 1.95475e+07 1.95569e+07 1.95641e+07 1.95696e+07 1.95738e+07 1.95771e+07 1.95796e+07 1.95815e+07 1.9583e+07 1.95842e+07 1.95851e+07 1.95858e+07 1.95863e+07 1.95868e+07 1.95871e+07 1.95874e+07 1.95876e+07 1.95877e+07 1.95879e+07 1.9588e+07 1.9588e+07 1.95881e+07 1.95881e+07 1.95882e+07 1.95882e+07 1.95882e+07 1.95882e+07 1.95883e+07 1.95883e+07 1.95883e+07 1.95883e+07 1.95883e+07 1.95883e+07 1.95883e+07 1.95883e+07 1.95883e+07 1.95883e+07 1.95883e+07 1.95883e+07 1.95883e+07 1.95883e+07 1.95883e+07 1.95883e+07 1.95883e+07 1.95883e+07 1.95883e+07 1.95883e+07 1.95883e+07 1.95883e+07 1.95883e+07 1.95883e+07 1.95883e+07 1.95883e+07 1.95883e+07 1.95883e+07 1.95883e+07 1.95883e+07 1.95883e+07 1.95883e+07 1.95883e+07 1.95883e+07 1.95883e+07 1.95883e+07 1.95883e+07 1.95883e+07 1.95883e+07 1.95883e+07 1.95883e+07 1.95883e+07 1.95883e+07 1.95883e+07 1.95883e+07 1.95883e+07 1.95883e+07 1.95883e+07 1.95883e+07 1.95883e+07 1.95883e+07 1.95883e+07 0 0 0 0 0 0 0 0 0 0 0 0 0 0 0 0 0 0 0 0 0 0 0 0 0
#obs survey bio
 2.46896e+06 3.46201e+06 4.13694e+06 4.83849e+06 2.50661e+06 3.02068e+06 2.99097e+06 2.29676e+06 1.98240e+06 1.71823e+06 912883 1.30931e+06 977223 879596 1.10846e+06 734614 751320 618339 651926 626608 531417 465100 797401 512144 602624 535640 396075 577921 469656 566807 553327 532467 514510 454544 506574 516923 408433 536099 471970 619369 399410 420945 697019 768888 837560 524337 765038 621881 431177 665080 463419 391692 982739 762454 415396 707122 737069 753070 446519 385186 758256 577096
#pred catch bio
 89912.3 102140 148404 200896 235576 278064 263021 291479 301319 293385 272867 271314 258868 255859 234300 217961 179557 173177 153503 135048 122679 132308 123406 111815 112333 108976 106375 100009 97231.1 96923.6 105613 96534.5 104170 93080.4 87063.2 93083.9 93183.4 88053.6 89879.3 89340.4 88937.1 86885.9 93910.2 85921 87838.4 87588.7 92796.7 84618.4 92385.9 91368.4 84078.4 85666 114808 135672 106380 40644.2 100580 141958 104256 39891.1 35768.3 103219 97143.8 96253.1 96607.7 100572 106841 113517 119561 124549 128419 131293 133359 134809 135807 136484 136938 137240 137439 137570 137655 137711 137746 137770 137785 137794 137801 137805 137807 137809 137810 137810 137811 137811 137811 137811 137812 137812 137812 137812 137812 137812 137812 137812 137812 137812 137812 137812 137812 137812 137812 137812 137812 137812 137812 137812 137812 137812 137812 137812 137812 137812 137812 137812 137812 137812 137812 137812 137812 137812 137812 137812 137812 137812 137812 137812 137812 137812 137812 137812 137812 137812 137812 137812 137812 137812 137812 137812 137812 137812 137812 137812 137812 137812 137812 137812 137812 137812 137812 137812 137812 137812 0 0 0 0 0 0 0 0 0 0 0 0 0 0 0 0 0 0 0 0 0 0 0 0 0
#obs catch bio
 0 101952 148372 200849 235696 278953 262342 291338 301260 293156 273578 272275 259888 255820 234340 218458 179087 173523 153111 135267 122883 133108 122907 111754 112418 108790 106655 99872.2 97275.2 96925.4 105706 96277.2 104387 93257.9 87011.5 92892.7 93293.1 88173.9 90102.8 89004.5 89122.7 86913.8 94002.9 85928.2 87715 87553.4 92749.1 84359.8 92914.4 91474.8 84187 85533 114582 135749 107515 40087.9 100851 142224 104881 39708.9 35415.2 104080
#pred cpue bio
 3.23465e+06 3.48544e+06 3.66341e+06 3.58743e+06 3.22661e+06 3.00755e+06 2.79806e+06 2.39726e+06 1.93534e+06 1.5437e+06 1.26714e+06 1.12293e+06 1.01552e+06 929605 831108 744308 663261 609986 559632 522590 516121 532596 536663 517783 511065 501746 489001 489308 490578 500403 511330 502563 495855 489559 502125 508954 484003 480403 505310 533791 519228 544804 589812 626962 673287 665224 644482 555657 484463 492009 516531 566999 610578 575834 514097 527652 617081 605953 504068 470899 540749 596909 1.35508e+07 1.23211e+07 1.24371e+07 1.3025e+07 1.39212e+07 1.48766e+07 1.57535e+07 1.64935e+07 1.70854e+07 1.75421e+07 1.78862e+07 1.81414e+07 1.83289e+07 1.84661e+07 1.85664e+07 1.86398e+07 1.86937e+07 1.87334e+07 1.87629e+07 1.87849e+07 1.88014e+07 1.88138e+07 1.88233e+07 1.88305e+07 1.8836e+07 1.88402e+07 1.88434e+07 1.88459e+07 1.88479e+07 1.88494e+07 1.88505e+07 1.88514e+07 1.88521e+07 1.88527e+07 1.88531e+07 1.88535e+07 1.88537e+07 1.88539e+07 1.88541e+07 1.88542e+07 1.88543e+07 1.88544e+07 1.88545e+07 1.88545e+07 1.88545e+07 1.88546e+07 1.88546e+07 1.88546e+07 1.88546e+07 1.88546e+07 1.88546e+07 1.88547e+07 1.88547e+07 1.88547e+07 1.88547e+07 1.88547e+07 1.88547e+07 1.88547e+07 1.88547e+07 1.88547e+07 1.88547e+07 1.88547e+07 1.88547e+07 1.88547e+07 1.88547e+07 1.88547e+07 1.88547e+07 1.88547e+07 1.88547e+07 1.88547e+07 1.88547e+07 1.88547e+07 1.88547e+07 1.88547e+07 1.88547e+07 1.88547e+07 1.88547e+07 1.88547e+07 1.88547e+07 1.88547e+07 1.88547e+07 1.88547e+07 1.88547e+07 1.88547e+07 1.88547e+07 1.88547e+07 1.88547e+07 1.88547e+07 1.88547e+07 1.88547e+07 1.88547e+07 1.88547e+07 1.88547e+07 1.88547e+07 1.88547e+07 1.88547e+07 1.88547e+07 1.88547e+07 1.88547e+07 1.88547e+07 0 0 0 0 0 0 0 0 0 0 0 0 0 0 0 0 0 0 0 0 0 0 0 0 0
#obs cpue bio
 3.66405e+06 3.95342e+06 4.2355e+06 3.33605e+06 2.95897e+06 2.43921e+06 3.95135e+06 2.50705e+06 1.91572e+06 1.49785e+06 1.34305e+06 938244 971110 1.26494e+06 615273 732387 692526 546391 608222 363368 463217 532683 628118 434798 441614 565670 485974 531001 474521 450721 528012 542165 435387 469296 563766 667868 490744 396530 511178 793140 466525 745081 573548 460599 729088 750081 677488 582417 340178 474045 505121 918201 525488 455871 395746 533386 630006 558077 485043 496327 620369 532766
#pred surv len freq
 0.00422787 0.00698371 0.0107326 0.0155248 0.021274 0.0276608 0.0341196 0.0399985 0.0448132 0.048403 0.0508893 0.052521 0.0535412 0.0541326 0.0544166 0.0544738 0.0543668 0.0541419 0.0537798 0.0530943 0.0516493 0.0488172 0.0440528 0.0372777 0.0291076
 0.00462298 0.00750353 0.0112922 0.0159786 0.0214681 0.0275077 0.0336506 0.0393533 0.0441689 0.0478893 0.0505439 0.0523059 0.0533984 0.0540375 0.054398 0.0545939 0.0546765 0.0546347 0.0543693 0.0536314 0.0519771 0.0488391 0.0437757 0.0368036 0.0285799
 0.00463344 0.00761843 0.0116358 0.0167001 0.0226709 0.0291579 0.0355256 0.0410894 0.0454046 0.0484219 0.050398 0.0516763 0.0525247 0.0531037 0.053507 0.0537974 0.054008 0.0541112 0.0539694 0.0532812 0.051571 0.048292 0.043073 0.0360131 0.0278161
 0.00476281 0.0077914 0.0118357 0.0169103 0.0229065 0.0294964 0.0361016 0.0420315 0.0467341 0.0499823 0.0518831 0.0527579 0.0530003 0.0529662 0.0529058 0.0529401 0.0530756 0.05322 0.0531662 0.0525533 0.0508662 0.0475542 0.0422825 0.0352066 0.0270696
 0.00503279 0.00821751 0.0124498 0.0177254 0.0239072 0.0306323 0.0372947 0.0432032 0.0478433 0.0510392 0.0529128 0.0537321 0.0537968 0.0534043 0.0528395 0.0523387 0.0520343 0.0519042 0.0517361 0.0511154 0.0494682 0.0462113 0.0410135 0.0340544 0.0260931
 0.00519115 0.00850512 0.0129374 0.0184948 0.0250279 0.0321269 0.0391068 0.0451924 0.049817 0.0528113 0.0543577 0.0548042 0.0545038 0.0537538 0.0528 0.0518495 0.0510563 0.0504679 0.0499481 0.0491237 0.0474183 0.0442243 0.0391882 0.0324738 0.0248196
 0.00536186 0.0087838 0.0133615 0.0191061 0.0258729 0.0332502 0.0405375 0.0469227 0.0517818 0.0548798 0.0563487 0.0565246 0.0557976 0.0545321 0.0530352 0.0515451 0.0502216 0.049122 0.0481455 0.0469734 0.0450785 0.0418767 0.0370067 0.0305983 0.0233358
 0.00555882 0.00909706 0.0138203 0.0197342 0.0266862 0.0342541 0.041724 0.0482711 0.0532633 0.056458 0.057971 0.0581077 0.0572206 0.0556514 0.053716 0.0516898 0.0497822 0.0480975 0.04658 0.0449624 0.0427741 0.0394768 0.0347233 0.0286141 0.021766
 0.00572027 0.00938747 0.0143078 0.0204964 0.0277884 0.0357178 0.0435005 0.0502412 0.055269 0.0583506 0.0596466 0.0595133 0.0583333 0.0564464 0.0541446 0.0516791 0.0492547 0.0469999 0.0449102 0.042788 0.0402406 0.0367968 0.0321415 0.0263531 0.0199725
 0.00590503 0.00970182 0.0148083 0.0212485 0.0288573 0.03715 0.0453005 0.0523526 0.0575701 0.0606682 0.061787 0.0613028 0.0596527 0.0572433 0.0544164 0.0514385 0.0485016 0.0457185 0.0430936 0.0404772 0.0375557 0.0339415 0.0293707 0.0239108 0.0180271
 0.00615433 0.0101126 0.015437 0.0221521 0.0300832 0.0387203 0.0471948 0.0545009 0.0598603 0.0629628 0.0639376 0.0631611 0.061083 0.0581399 0.0547187 0.0511325 0.0476048 0.0442602 0.0411097 0.0380286 0.0347594 0.0309886 0.0265074 0.0213821 0.0160077
 0.00629032 0.0103645 0.0158732 0.0228552 0.0311316 0.0401579 0.0490041 0.056595 0.0621016 0.0651953 0.0660148 0.0649586 0.0624985 0.0590893 0.0551362 0.0509744 0.0468543 0.0429288 0.0392375 0.0356919 0.0320854 0.0281654 0.0237686 0.0189593 0.0140682
 0.00648026 0.0106716 0.0163342 0.0235083 0.0320153 0.0413061 0.0504336 0.0582907 0.0640035 0.0671964 0.0679725 0.0667192 0.0639243 0.0600773 0.0556208 0.0509198 0.0462451 0.0417686 0.037556 0.0335585 0.0296235 0.0255565 0.0212338 0.0167147 0.0122694
 0.00667231 0.0109878 0.0168168 0.0241976 0.0329404 0.0424711 0.0518075 0.0598082 0.0655818 0.0687548 0.0694425 0.0680381 0.0650252 0.0608853 0.0560612 0.0509302 0.045784 0.04082 0.0361344 0.0317191 0.0274741 0.0232606 0.0189923 0.0147239 0.0106707
 0.00688057 0.0113359 0.0173578 0.0249852 0.0340158 0.0438428 0.0534316 0.0615844 0.0673701 0.0704092 0.0708432 0.0691102 0.0657384 0.0612395 0.0560654 0.0505866 0.0450842 0.0397526 0.0347022 0.0299578 0.0254686 0.0211486 0.0169474 0.0129172 0.00922484
 0.00704012 0.0116013 0.0177689 0.0255842 0.03484 0.0449121 0.0547339 0.0630667 0.0689407 0.0719502 0.0722293 0.0702297 0.0665108 0.0616261 0.0560664 0.0502265 0.0443926 0.0387536 0.0334167 0.0284198 0.0237448 0.0193481 0.0152111 0.0113859 0.00800036
 0.00724711 0.0119305 0.0182506 0.0262421 0.0356871 0.0459452 0.0559265 0.0643657 0.0702717 0.0732279 0.0733686 0.0711524 0.0671515 0.0619385 0.0560292 0.0498448 0.0436927 0.0377727 0.0321965 0.0270087 0.0222083 0.0177775 0.0137184 0.0100818 0.0069638
 0.00727424 0.0119811 0.0183394 0.0263876 0.0359094 0.0462611 0.0563451 0.0648868 0.0708867 0.0739217 0.0741172 0.0719188 0.0678825 0.062567 0.0564844 0.0500655 0.04364 0.0374356 0.0315915 0.0261766 0.0212128 0.0167034 0.012664 0.00914155 0.006206
 0.00741191 0.0121916 0.0186314 0.0267608 0.0363557 0.0467667 0.0568913 0.0654498 0.0714392 0.074437 0.0745742 0.0723046 0.0681906 0.0627905 0.0566092 0.0500673 0.0434887 0.0371055 0.0310732 0.0254855 0.020392 0.0158204 0.0117999 0.00837376 0.00558935
 0.00760495 0.0124777 0.0190101 0.0272128 0.0368476 0.0472595 0.0573488 0.0658436 0.0717526 0.0746672 0.0747317 0.0724072 0.068255 0.0628255 0.0566118 0.0500228 0.0433729 0.0368907 0.0307372 0.0250226 0.0198214 0.0151868 0.0111651 0.00780053 0.00512407
 0.00770974 0.0126408 0.019241 0.0275122 0.037204 0.0476464 0.0577248 0.0661598 0.0719682 0.074766 0.0747293 0.0723432 0.0681747 0.0627625 0.0565781 0.0500082 0.0433511 0.0368278 0.0306013 0.0247937 0.0195001 0.0147975 0.0107509 0.00741055 0.00479828
 0.00762764 0.0125199 0.0190827 0.027327 0.0370095 0.0474637 0.0575741 0.0660577 0.0719244 0.0747822 0.0748008 0.0724634 0.0683396 0.0629704 0.0568253 0.050283 0.0436299 0.0370772 0.0307853 0.024884 0.0194849 0.0146872 0.0105759 0.00721139 0.0046128
 0.00770156 0.0126208 0.0191992 0.027438 0.0370911 0.0475006 0.0575676 0.0660239 0.0718855 0.0747546 0.0747891 0.0724622 0.0683411 0.0629718 0.056831 0.0503007 0.0436634 0.0371202 0.0308208 0.0248899 0.0194441 0.0145956 0.0104454 0.00706546 0.00447629
 0.00786463 0.0128527 0.0194861 0.0277437 0.0373649 0.0476915 0.057638 0.0659598 0.0716999 0.074486 0.0744916 0.0721902 0.0681331 0.0628423 0.0567737 0.0502985 0.0436975 0.0371737 0.030877 0.024932 0.0194571 0.014572 0.0103887 0.00698876 0.00439685
 0.00780411 0.0127844 0.0194368 0.0277519 0.0374641 0.0478869 0.057892 0.066199 0.0718443 0.0744852 0.074346 0.0719476 0.0678647 0.0626139 0.0566258 0.0502414 0.0437174 0.0372443 0.03097 0.0250222 0.0195259 0.0146089 0.0103927 0.00696762 0.00436293
 0.00781994 0.0127951 0.0194273 0.0277049 0.0373711 0.0477621 0.0577765 0.0661465 0.0718919 0.0746267 0.0745296 0.0721017 0.067936 0.0625923 0.0565416 0.0501427 0.0436447 0.0372164 0.0309836 0.0250606 0.019569 0.0146412 0.0104066 0.00696392 0.00434795
 0.00785382 0.0128466 0.0194971 0.0277883 0.0374566 0.0478309 0.0578067 0.0661225 0.0718163 0.0745245 0.0744389 0.072052 0.0679308 0.0626087 0.0565493 0.0501244 0.0436052 0.0371741 0.0309561 0.0250544 0.019579 0.0146565 0.0104178 0.00696659 0.00434309
 0.00785001 0.0128449 0.0195028 0.0278086 0.0374981 0.0478952 0.0578871 0.0662032 0.0718761 0.0745453 0.0744142 0.0719919 0.0678571 0.062544 0.0565048 0.0500971 0.043585 0.037154 0.0309364 0.0250401 0.0195732 0.0146579 0.0104218 0.00696899 0.00434224
 0.00788174 0.0128755 0.0195109 0.0277637 0.0373719 0.0476773 0.0575966 0.0658868 0.0715917 0.0743402 0.0743106 0.0719858 0.0679288 0.0626702 0.0566658 0.0502775 0.0437708 0.037332 0.031096 0.0251754 0.0196829 0.0147431 0.0104845 0.00701181 0.00436848
 0.00779738 0.0127589 0.019372 0.0276211 0.0372426 0.0475648 0.0574846 0.0657478 0.0714066 0.0741168 0.0740868 0.0718139 0.0678519 0.062705 0.0568013 0.050485 0.0440168 0.0375869 0.0313373 0.025388 0.0198588 0.0148801 0.0105847 0.00708004 0.00441127
 0.00770188 0.0126032 0.0191387 0.0272985 0.0368323 0.0470905 0.0569948 0.0653063 0.0710709 0.0739163 0.0740169 0.0718501 0.0679702 0.0628939 0.0570579 0.0508035 0.0443806 0.0379694 0.0317092 0.025724 0.0201424 0.0151038 0.0107494 0.00719275 0.00448246
 0.00774733 0.0126676 0.0192174 0.0273791 0.0368963 0.0471163 0.0569634 0.0652076 0.0709092 0.0737119 0.0738003 0.0716512 0.0678092 0.0627798 0.0569936 0.0507913 0.044422 0.0380605 0.0318378 0.0258714 0.0202882 0.015232 0.010851 0.00726568 0.00453005
 0.00767505 0.0125611 0.0190771 0.0272121 0.0367131 0.0469263 0.0567722 0.0650173 0.0707221 0.0735344 0.0736454 0.071537 0.0677538 0.0627948 0.0570801 0.0509405 0.0446194 0.0382903 0.0320836 0.0261164 0.0205155 0.0154271 0.011005 0.00737696 0.00460328
 0.00765831 0.0125407 0.0190594 0.0272072 0.0367327 0.0469792 0.0568593 0.0651286 0.0708365 0.0736237 0.073682 0.0715036 0.0676509 0.0626422 0.0569102 0.050787 0.0445075 0.0382315 0.0320771 0.026152 0.0205779 0.0155001 0.0110745 0.00743385 0.00464419
 0.00772489 0.0126085 0.0190882 0.0271386 0.0365106 0.0465797 0.0563137 0.0645216 0.0702782 0.0732105 0.0734661 0.0714853 0.0677907 0.0628831 0.0571991 0.0510877 0.0448025 0.038516 0.0323499 0.0264095 0.0208128 0.0157029 0.011238 0.00755535 0.00472667
 0.00840286 0.0135647 0.020255 0.0283561 0.0375648 0.0472696 0.0565109 0.0642 0.0695104 0.0721436 0.0722863 0.0703736 0.066881 0.0622371 0.056809 0.0509013 0.0447546 0.0385513 0.0324308 0.0265134 0.0209249 0.0158117 0.0113338 0.00763176 0.00478159
 0.00917717 0.0147937 0.0220384 0.0307381 0.0404917 0.0505436 0.0597692 0.0669629 0.0713117 0.072689 0.0715523 0.0685934 0.0644385 0.0595351 0.0541711 0.0485304 0.0427404 0.0369041 0.0311205 0.0254973 0.0201608 0.01526 0.0109558 0.00738865 0.00463616
 0.00911948 0.0148322 0.0223391 0.0315324 0.0420104 0.0529114 0.0629091 0.0705649 0.0748884 0.075695 0.0735213 0.0692515 0.0637636 0.0577438 0.0516378 0.0456715 0.0399112 0.0343445 0.0289517 0.0237514 0.0188171 0.0142722 0.0102661 0.00693546 0.00435863
 0.00880353 0.0143436 0.0216606 0.0306913 0.0411046 0.0521293 0.0625218 0.0708631 0.0760659 0.0777296 0.0761271 0.0719465 0.066026 0.0591818 0.0520955 0.0452368 0.0388417 0.032956 0.027522 0.0224681 0.0177726 0.0134859 0.00971421 0.00657386 0.00413842
 0.00867531 0.0141111 0.0212678 0.0300765 0.0402231 0.0509891 0.0612193 0.0695966 0.07511 0.0773672 0.0765557 0.0731895 0.0678927 0.0613066 0.0540534 0.0466856 0.0396218 0.0331065 0.0272196 0.0219339 0.0171942 0.0129809 0.00933129 0.0063139 0.00397827
 0.00885274 0.0143431 0.0215109 0.0302508 0.0402279 0.0507331 0.0606516 0.0687304 0.0740342 0.076246 0.0756086 0.072645 0.0679158 0.0619281 0.0551383 0.0479689 0.040804 0.0339611 0.0276595 0.022008 0.0170313 0.01272 0.00907447 0.00611265 0.00384354
 0.00885683 0.0143824 0.0216265 0.0304902 0.0406192 0.0512508 0.0611965 0.0691447 0.0741566 0.0759816 0.0749781 0.0717878 0.0670484 0.0612723 0.0548458 0.0480682 0.0411944 0.0344616 0.0280888 0.0222547 0.017079 0.0126239 0.00891479 0.00595486 0.00372191
 0.00885997 0.0143678 0.0215712 0.0303689 0.0404203 0.0509953 0.0609432 0.0689696 0.0741101 0.0760507 0.0750848 0.0718325 0.0669718 0.0610965 0.0546651 0.047997 0.0413035 0.0347408 0.0284557 0.0226015 0.0173253 0.0127449 0.00893444 0.00591874 0.00367063
 0.00891775 0.0144541 0.0216853 0.0305015 0.0405517 0.0510966 0.0609826 0.0689251 0.0739838 0.0758736 0.0749036 0.0716818 0.0668546 0.0609898 0.0545486 0.0478801 0.0412251 0.0347413 0.0285452 0.0227496 0.0174787 0.0128585 0.00899077 0.00592721 0.00365318
 0.0088387 0.0143312 0.0215114 0.0302746 0.0402764 0.0507848 0.0606538 0.0686044 0.0736977 0.0756462 0.0747551 0.0716282 0.0669046 0.0611378 0.0547721 0.0481467 0.041507 0.0350252 0.028828 0.0230255 0.0177316 0.0130666 0.00913936 0.00601653 0.00369656
 0.00889442 0.014396 0.0215616 0.0302732 0.0401846 0.0505787 0.0603387 0.0682158 0.0732899 0.0752743 0.074461 0.0714359 0.0668225 0.0611631 0.0548935 0.048345 0.0417575 0.0353021 0.0291092 0.0232939 0.0179729 0.0132681 0.00929218 0.00611935 0.00375664
 0.00868098 0.0141113 0.021246 0.0299977 0.0400237 0.0505725 0.0604663 0.0684019 0.0734413 0.0753254 0.0743989 0.0712959 0.0666623 0.0610364 0.0548343 0.0483653 0.0418517 0.0354532 0.0292951 0.0234918 0.0181626 0.0134337 0.00942339 0.0062128 0.00381568
 0.00873722 0.0141681 0.0212714 0.0299497 0.0398733 0.0503318 0.0602008 0.0682101 0.0734046 0.0754594 0.0746421 0.071544 0.0668248 0.0610766 0.0547728 0.0482548 0.0417458 0.035387 0.0292806 0.0235228 0.0182233 0.0135059 0.00949174 0.00626767 0.00385372
 0.00869303 0.0141284 0.021268 0.0300244 0.0400577 0.0506216 0.060544 0.0685233 0.0736144 0.0755405 0.0746228 0.0714761 0.0667433 0.0609817 0.0546448 0.0480815 0.0415385 0.0351762 0.0290985 0.0233899 0.0181431 0.0134691 0.00948319 0.00627304 0.00386288
 0.00852843 0.0139112 0.0210354 0.0298452 0.0400165 0.0507908 0.0609546 0.0691471 0.0743645 0.0762907 0.0752425 0.0718705 0.0668792 0.060886 0.0543784 0.04771 0.0411168 0.0347474 0.0286989 0.0230479 0.0178756 0.0132784 0.00935972 0.00620034 0.00382391
 0.00863296 0.0140173 0.0210813 0.0297449 0.0396965 0.0502411 0.0602625 0.0684837 0.0739208 0.0761966 0.0755148 0.072415 0.06754 0.0615098 0.0548618 0.0480143 0.0412555 0.0347619 0.0286373 0.0229528 0.0177788 0.0131991 0.00930491 0.00616814 0.00380796
 0.00859865 0.0139721 0.0210291 0.0296862 0.0396166 0.0500998 0.0599989 0.0680458 0.0733106 0.0755014 0.0748944 0.0720393 0.0675124 0.0618224 0.0554091 0.0486494 0.0418498 0.0352401 0.0289791 0.0231752 0.0179139 0.0132785 0.00935225 0.00619772 0.00382714
 0.00844045 0.0137336 0.0207058 0.0292886 0.0391693 0.0496369 0.0595563 0.0676508 0.0729728 0.0752128 0.0746455 0.0718448 0.067422 0.0619028 0.0557028 0.0491414 0.0424667 0.0358811 0.0295562 0.0236382 0.0182524 0.0135086 0.0095002 0.00628883 0.00388105
 0.00874361 0.0141774 0.0212824 0.0299584 0.0398708 0.050304 0.0601318 0.0680896 0.0732388 0.0752762 0.0744857 0.0714593 0.0668394 0.0611905 0.0549595 0.0484704 0.0419416 0.0355243 0.029342 0.0235174 0.018179 0.0134547 0.0094555 0.00625279 0.00385501
 0.00918969 0.0149091 0.0223898 0.0315127 0.0418907 0.0527111 0.0627214 0.0705489 0.0752234 0.0765117 0.0748401 0.0709537 0.0656099 0.0594355 0.052898 0.0463145 0.0398758 0.0336855 0.0278074 0.0223053 0.0172648 0.0127925 0.00899511 0.00594803 0.00366536
 0.00891976 0.0145494 0.0219973 0.0311971 0.0417932 0.0529647 0.0634075 0.0716662 0.0766743 0.0781115 0.0763506 0.0721402 0.0663018 0.0595663 0.0525091 0.0455277 0.0388527 0.0325883 0.0267695 0.0214143 0.0165594 0.0122717 0.00863404 0.00571236 0.003521
 0.00829453 0.0134948 0.0203512 0.0288167 0.0386256 0.0491397 0.0593012 0.0678676 0.0738347 0.0767356 0.076637 0.0739414 0.069204 0.0630339 0.0560317 0.0487256 0.041519 0.0346731 0.0283279 0.0225477 0.017371 0.0128445 0.00902815 0.00597195 0.00368158
 0.0085649 0.0138795 0.0208214 0.0292916 0.0389713 0.0491837 0.0588681 0.0668408 0.0722323 0.074762 0.0746604 0.0723843 0.0683905 0.0630746 0.0568044 0.0499502 0.0428774 0.0359127 0.0293119 0.0232485 0.0178303 0.0131289 0.00919865 0.00607232 0.00373938
 0.0092827 0.0150224 0.022489 0.0315401 0.0417766 0.0523954 0.0621758 0.0697913 0.0743234 0.0755902 0.0740578 0.070484 0.0655897 0.0599083 0.053779 0.0474057 0.0409341 0.0345113 0.0283069 0.0224977 0.0172418 0.0126623 0.00884202 0.00581839 0.00357403
 0.00917207 0.0149316 0.0225176 0.0318375 0.0425049 0.0536676 0.0639947 0.0720192 0.0766946 0.0777572 0.0756623 0.0712406 0.0653669 0.058778 0.0520009 0.0453435 0.0389355 0.0328102 0.0269903 0.0215377 0.0165586 0.0121768 0.00849847 0.00558221 0.00342094
 0.00830321 0.0135537 0.0205204 0.029174 0.0392392 0.050028 0.0603998 0.0690275 0.0748576 0.0774317 0.0768784 0.0736941 0.0685337 0.0620871 0.0549963 0.0477791 0.040779 0.0341716 0.0280204 0.0223521 0.0172136 0.0126877 0.00887052 0.00583023 0.00357114
 0.00800502 0.0129925 0.0195369 0.0275789 0.036868 0.046827 0.0565097 0.0648146 0.0708655 0.0742648 0.0750551 0.0735112 0.069982 0.0648521 0.0585547 0.0515576 0.0443105 0.0371833 0.030432 0.0242093 0.018609 0.0137102 0.00959157 0.00631033 0.0038679
#obs surv len freq
 nan nan nan nan nan nan nan nan nan nan nan nan nan nan nan nan nan nan nan nan nan nan nan nan nan
 0.00448352 0.00734432 0.0111738 0.0159897 0.0216901 0.0279655 0.0342796 0.0400111 0.044691 0.0481553 0.0505137 0.0520102 0.052903 0.0534158 0.0537305 0.0539857 0.0542645 0.0545574 0.0546963 0.0542882 0.0527262 0.0493583 0.0438078 0.0362876 0.0276709
 0.00461628 0.00756178 0.0115037 0.016458 0.0223143 0.0287451 0.0351863 0.0409864 0.045654 0.0490191 0.0512015 0.0524668 0.0531006 0.0533537 0.0534307 0.0534855 0.0536073 0.053786 0.0538496 0.0534033 0.0518419 0.0485177 0.0430557 0.0356619 0.0271927
 0.00477933 0.00782926 0.0119108 0.0170388 0.0230956 0.0297349 0.0363626 0.0422913 0.0470002 0.0503033 0.0523205 0.0533301 0.0536399 0.0535299 0.0532366 0.052944 0.0527645 0.0527017 0.0525907 0.0520403 0.0504505 0.0471787 0.0418496 0.0346551 0.0264218
 0.00497072 0.00814149 0.0123828 0.0177081 0.0239912 0.0308669 0.0377104 0.0437984 0.0485801 0.051853 0.0537343 0.0545082 0.0544949 0.0539923 0.0532621 0.0525185 0.0519068 0.0514616 0.0510443 0.0502855 0.048603 0.0453661 0.0401978 0.0332668 0.0253549
 0.00518693 0.00849578 0.0129212 0.0184751 0.0250213 0.0321708 0.0392612 0.0455273 0.0503862 0.0536225 0.0553571 0.055887 0.0555452 0.0546423 0.0534536 0.0522122 0.0510891 0.0501532 0.0493061 0.0482215 0.0463576 0.043112 0.0381119 0.0314966 0.0239862
 0.00539462 0.00883771 0.013444 0.0192256 0.0260382 0.0334711 0.0408257 0.0472944 0.0522596 0.0554881 0.0571009 0.0574052 0.0567485 0.0554556 0.0538142 0.0520695 0.0504091 0.0489282 0.0475699 0.0460633 0.043927 0.040608 0.0357512 0.0294671 0.0224034
 0.00564255 0.00924081 0.0140509 0.0200819 0.0271783 0.0349055 0.042527 0.0491922 0.0542493 0.0574504 0.0589196 0.0589779 0.0579895 0.0562948 0.0541941 0.0519422 0.0497369 0.0476913 0.0457831 0.0437973 0.0413245 0.037879 0.0331397 0.0271954 0.020616
 0.00588836 0.00964383 0.0146637 0.0209552 0.028351 0.036389 0.0442893 0.0511531 0.0562931 0.0594495 0.0607553 0.0605509 0.0592214 0.0571238 0.0545703 0.051823 0.0490858 0.0464837 0.0440217 0.0415371 0.0386941 0.0350838 0.0304318 0.0248147 0.0187265
 0.00612843 0.0100397 0.01527 0.0218262 0.0295303 0.0378922 0.0460867 0.0531633 0.0583945 0.0615038 0.0626313 0.0621392 0.0604394 0.0579141 0.0548944 0.0516529 0.0483978 0.0452603 0.042265 0.0392931 0.0360784 0.03229 0.0277072 0.0224025 0.0167994
 0.00638177 0.0104526 0.0158933 0.0227086 0.0307091 0.0393795 0.047854 0.0551351 0.0604571 0.0635251 0.0644814 0.0637048 0.0616314 0.0586696 0.0551744 0.0514357 0.0476718 0.0440207 0.0405223 0.0370936 0.033529 0.0295703 0.0250502 0.0200423 0.0149062
 0.00663304 0.0108659 0.0165239 0.0236099 0.0319214 0.0409119 0.0496675 0.057138 0.0625203 0.0655086 0.0662583 0.0651732 0.0627159 0.0593184 0.0553557 0.0511332 0.0468802 0.0427442 0.0387805 0.034937 0.0310607 0.0269568 0.0225064 0.0177849 0.0130943
 0.00684302 0.0112117 0.017053 0.0243697 0.032951 0.0422275 0.051247 0.0589141 0.0643876 0.0673422 0.0679339 0.0665824 0.0637745 0.0599692 0.0555653 0.0508867 0.0461748 0.0415876 0.0371955 0.0329753 0.0288196 0.0245885 0.020204 0.0157423 0.0114536
 0.00707538 0.0115913 0.0176275 0.0251839 0.0340371 0.0435911 0.0528519 0.0606789 0.0661976 0.0690719 0.0694683 0.0678282 0.0646635 0.0604573 0.0556301 0.050523 0.0453899 0.0403983 0.0356319 0.0310913 0.0267077 0.0223869 0.0180841 0.0138738 0.00995913
 0.00727354 0.0119192 0.0181312 0.0259094 0.0350202 0.0448413 0.0543376 0.0623223 0.0678862 0.0706817 0.0708851 0.0689613 0.06545 0.0608611 0.0556369 0.0501352 0.0446209 0.0392706 0.0341797 0.0293692 0.024802 0.0204207 0.0162063 0.0122288 0.00864925
 0.00744231 0.0121971 0.0185561 0.0265191 0.0358451 0.0458929 0.0555959 0.06373 0.0693549 0.072107 0.0721631 0.070002 0.066185 0.0612476 0.0556572 0.0497917 0.0439305 0.0382601 0.0328868 0.0278488 0.0231341 0.0187138 0.0145877 0.0108193 0.00753215
 0.00753642 0.0123507 0.018789 0.0268517 0.0362966 0.0464771 0.056316 0.0645736 0.0702928 0.073094 0.0731412 0.0709039 0.0669408 0.0617926 0.05594 0.0497797 0.0436115 0.0376421 0.0319969 0.026735 0.0218685 0.0173925 0.0133203 0.00970847 0.00664862
 0.00763094 0.0124972 0.0189964 0.0271242 0.0366344 0.0468774 0.0567732 0.0650794 0.0708369 0.0736645 0.0737236 0.0714774 0.0674748 0.0622452 0.0562619 0.0499219 0.0435349 0.037325 0.0314412 0.0259693 0.0209495 0.0164011 0.0123507 0.0088488 0.00596017
 0.00764984 0.0125283 0.0190437 0.027192 0.036726 0.046995 0.0569175 0.0652507 0.0710372 0.0738995 0.0740013 0.0718033 0.0678447 0.0626395 0.0566437 0.0502406 0.0437352 0.0373588 0.0312791 0.0256105 0.0204255 0.0157727 0.011696 0.00824506 0.00546437
 0.00772366 0.0126341 0.0191768 0.0273394 0.0368707 0.0471228 0.0570216 0.0653334 0.0711066 0.0739664 0.0740771 0.0718993 0.0679704 0.062799 0.0568304 0.0504331 0.0438971 0.0374457 0.0312503 0.0254425 0.0201228 0.0153696 0.0112489 0.00781584 0.00510243
 0.00778081 0.012726 0.0193125 0.0275239 0.0371014 0.0473847 0.0572862 0.0655631 0.0712673 0.0740409 0.0740716 0.0718397 0.0678909 0.0627304 0.0567917 0.0504278 0.0439121 0.0374538 0.0312171 0.0253381 0.0199338 0.0151066 0.0109447 0.00751372 0.00484102
 0.00781353 0.0127751 0.019379 0.0276068 0.037199 0.0474958 0.0574096 0.0656953 0.0713992 0.0741573 0.074155 0.0718777 0.0678833 0.0626902 0.05674 0.0503841 0.0438856 0.0374389 0.0311956 0.0252864 0.019834 0.0149561 0.0107584 0.00731869 0.00466539
 0.00785871 0.0128414 0.0194654 0.0277076 0.0373049 0.047597 0.0574981 0.0657666 0.0714529 0.0741958 0.0741812 0.0718926 0.0678845 0.0626747 0.0567079 0.050341 0.0438399 0.0373965 0.0311544 0.0252368 0.019764 0.0148593 0.0106393 0.00719151 0.00454792
 0.0078773 0.0128715 0.0195101 0.0277686 0.0373817 0.0476845 0.0575867 0.0658434 0.0715062 0.07422 0.0741791 0.0718733 0.0678586 0.0626492 0.0566849 0.0503189 0.043817 0.0373717 0.0311266 0.0252028 0.0197189 0.0147993 0.0105656 0.00711163 0.00447241
 0.00788919 0.0128863 0.0195241 0.0277764 0.0373779 0.0476673 0.0575595 0.0658138 0.0714828 0.0742079 0.0741789 0.0718825 0.0678744 0.0626705 0.0567114 0.0503496 0.0438492 0.0374014 0.0311495 0.0252148 0.0197167 0.0147813 0.0105336 0.00707076 0.00443013
 0.00789855 0.0129023 0.0195494 0.027813 0.0374254 0.0477216 0.0576118 0.0658531 0.0715 0.0742003 0.0741514 0.0718446 0.0678359 0.062638 0.0566877 0.0503349 0.0438421 0.0373994 0.0311493 0.0252125 0.0197086 0.0147655 0.0105103 0.00704273 0.00440176
 0.00790122 0.0129023 0.0195416 0.0277908 0.0373834 0.047659 0.0575352 0.0657748 0.0714331 0.0741542 0.0741288 0.0718434 0.0678522 0.0626688 0.0567307 0.0503876 0.0439008 0.0374595 0.0312057 0.0252605 0.0197447 0.0147877 0.0105191 0.00704102 0.00439377
 0.00789311 0.0128873 0.0195158 0.0277488 0.03732 0.0475705 0.0574216 0.0656424 0.0712947 0.0740274 0.0740322 0.0717912 0.0678506 0.0627145 0.0568139 0.0504953 0.0440207 0.0375809 0.0313198 0.0253605 0.0198258 0.0148478 0.0105587 0.00706323 0.00440343
 0.00787669 0.0128572 0.0194642 0.0276669 0.0372001 0.0474103 0.0572273 0.065429 0.0710835 0.0738408 0.0738902 0.0717088 0.0678361 0.0627688 0.0569296 0.0506581 0.0442119 0.0377813 0.0315126 0.0255328 0.0199694 0.0149589 0.0106379 0.00711457 0.00443322
 0.00784631 0.0128075 0.0193889 0.0275598 0.0370563 0.0472282 0.057011 0.0651899 0.0708398 0.0736156 0.0737071 0.071588 0.0677915 0.0628052 0.0570426 0.0508351 0.0444342 0.0380267 0.031759 0.025761 0.0201653 0.015115 0.0107527 0.00719224 0.00448105
 0.00783427 0.0127828 0.0193424 0.02748 0.0369326 0.0470555 0.0567936 0.0649425 0.0705844 0.0733759 0.0735047 0.0714407 0.0677121 0.0628015 0.0571158 0.0509791 0.0446353 0.0382655 0.0320128 0.0260073 0.0203854 0.0152962 0.0108902 0.00728781 0.00454171
 0.00783237 0.0127823 0.0193457 0.0274895 0.0369482 0.0470713 0.0567969 0.0649166 0.0705149 0.0732579 0.0733467 0.0712626 0.0675397 0.0626596 0.0570239 0.0509485 0.0446681 0.0383546 0.0321433 0.0261594 0.0205387 0.0154338 0.0110013 0.00736894 0.00459518
 0.00778486 0.012706 0.0192332 0.0273362 0.0367547 0.0468467 0.0565604 0.0646937 0.0703304 0.0731272 0.0732718 0.0712356 0.0675504 0.062702 0.0570977 0.0510566 0.0448125 0.0385325 0.0323456 0.0263717 0.0207435 0.015615 0.0111478 0.00747683 0.00466726
 0.00773992 0.0126293 0.0191114 0.0271555 0.0365051 0.0465283 0.0561891 0.0643027 0.069964 0.0728303 0.0730785 0.0711616 0.0675915 0.062839 0.0573047 0.051309 0.0450916 0.0388251 0.0326406 0.0266572 0.0210061 0.0158418 0.0113297 0.00761082 0.00475734
 0.00774719 0.0126337 0.0191039 0.0271223 0.0364297 0.0463965 0.0559935 0.0640471 0.0696647 0.0725153 0.0727841 0.0709254 0.0674441 0.0627961 0.0573645 0.0514553 0.0453002 0.0390711 0.0329023 0.0269165 0.0212478 0.016053 0.0115013 0.00773934 0.0048452
 0.00931704 0.0148392 0.0217824 0.0299068 0.0388546 0.0480657 0.0567151 0.0638602 0.0687675 0.0711581 0.0711916 0.0692679 0.0658408 0.0613272 0.05608 0.0503792 0.0444345 0.0384012 0.032404 0.0265619 0.0210087 0.0159025 0.0114145 0.00769447 0.00482506
 0.00930447 0.0151058 0.0226898 0.0319042 0.0422843 0.0529007 0.062391 0.0693652 0.0729982 0.0733506 0.0711706 0.0673965 0.0627622 0.0576893 0.0523746 0.0469101 0.0413577 0.0357784 0.0302435 0.024842 0.0196905 0.014936 0.0107422 0.00725495 0.0045574
 0.00895978 0.0145678 0.021943 0.0310041 0.0414081 0.0523795 0.0626687 0.0708402 0.0757852 0.0771032 0.0751231 0.0706509 0.0646579 0.0580307 0.0514062 0.0451117 0.039219 0.0336646 0.0283665 0.023293 0.0184846 0.014047 0.0101233 0.00685055 0.00431141
 0.0087937 0.014284 0.0214914 0.030334 0.0404881 0.0512332 0.0614177 0.0697295 0.0751588 0.0773071 0.076351 0.0728028 0.0673117 0.0605783 0.0532964 0.0460579 0.0392564 0.0330546 0.0274373 0.022316 0.0176256 0.0133753 0.00964394 0.00653519 0.00411993
 0.00872069 0.0141585 0.0212887 0.0300242 0.0400391 0.0506194 0.0606335 0.0688083 0.0741925 0.0764583 0.0758397 0.0728491 0.0680402 0.0619268 0.0549955 0.0477192 0.0405282 0.0337555 0.0275916 0.0220893 0.0172211 0.0129541 0.00929554 0.00628741 0.00396353
 0.00869132 0.0141095 0.0212123 0.0299101 0.0398752 0.0503909 0.0603252 0.0684081 0.073699 0.075893 0.0752621 0.0723651 0.0677892 0.0620369 0.0555184 0.0485802 0.0415345 0.0346697 0.0282319 0.0223939 0.0172447 0.0128116 0.00909955 0.00611115 0.00383643
 0.00871198 0.0141383 0.0212464 0.0299432 0.0398977 0.0503913 0.0602908 0.068325 0.0735528 0.0756721 0.0749644 0.0720095 0.067425 0.0617445 0.0553902 0.0486814 0.0418633 0.035144 0.0287197 0.0227727 0.0174521 0.0128583 0.00904266 0.00601551 0.00374718
 0.00867859 0.0140909 0.0211875 0.0298792 0.0398362 0.0503376 0.060245 0.0682819 0.0735035 0.0756064 0.0748731 0.0718871 0.0672749 0.0615853 0.0552592 0.0486278 0.0419281 0.0353348 0.0289981 0.0230677 0.0176927 0.013005 0.00909741 0.00600832 0.00371362
 0.00866065 0.0140613 0.0211427 0.0298165 0.0397559 0.0502449 0.0601507 0.0681999 0.0734455 0.075576 0.0748635 0.0718837 0.067262 0.0615541 0.0552136 0.048587 0.0419204 0.0353851 0.0291127 0.0232268 0.0178582 0.0131393 0.00918069 0.00604289 0.00371599
 0.00865179 0.0140446 0.0211132 0.0297686 0.0396843 0.0501477 0.0600316 0.0680695 0.0733197 0.0754723 0.0747958 0.0718575 0.0672729 0.0615896 0.0552596 0.0486346 0.041971 0.0354483 0.0291985 0.023336 0.0179788 0.0132513 0.00926654 0.00609579 0.00374043
 0.00863576 0.0140223 0.0210866 0.0297409 0.0396587 0.0501246 0.0600074 0.0680377 0.0732749 0.0754135 0.0747289 0.0717938 0.0672244 0.0615643 0.0552586 0.0486535 0.042004 0.0354923 0.0292537 0.0234031 0.0180542 0.0133264 0.00933081 0.00614207 0.00376775
 0.00862969 0.0140097 0.0210628 0.0297009 0.0395992 0.0500469 0.0599192 0.0679514 0.0732025 0.0753621 0.0746983 0.0717795 0.0672219 0.0615722 0.0552783 0.0486866 0.0420502 0.0355492 0.0293184 0.0234724 0.0181247 0.0133931 0.00938824 0.00618583 0.00379666
 0.008642 0.014031 0.0210967 0.0297504 0.0396645 0.0501234 0.0599959 0.0680133 0.073236 0.0753601 0.0746628 0.0717188 0.0671465 0.0614916 0.0552 0.0486169 0.0419942 0.0355105 0.0292981 0.0234694 0.0181354 0.0134127 0.00941091 0.0062066 0.00381243
 0.0086114 0.0139849 0.0210346 0.0296748 0.0395816 0.0500418 0.059926 0.0679651 0.0732155 0.0753671 0.0746908 0.071758 0.0671883 0.0615307 0.0552352 0.0486491 0.0420254 0.0355428 0.0293328 0.0235067 0.0181744 0.0134508 0.00944517 0.00623446 0.00383267
 0.00861992 0.0139937 0.0210386 0.0296667 0.0395541 0.0499917 0.0598571 0.0678878 0.0731444 0.0753152 0.0746656 0.0717598 0.0672108 0.061565 0.0552727 0.0486844 0.0420566 0.0355707 0.0293593 0.0235334 0.0182016 0.0134776 0.00946986 0.00625516 0.00384824
 0.00861992 0.0139937 0.0210386 0.0296667 0.0395541 0.0499917 0.0598571 0.0678878 0.0731444 0.0753152 0.0746656 0.0717598 0.0672108 0.061565 0.0552727 0.0486844 0.0420566 0.0355707 0.0293593 0.0235334 0.0182016 0.0134776 0.00946986 0.00625516 0.00384824
 0.00854449 0.0138799 0.0208838 0.0294742 0.0393321 0.0497516 0.0596125 0.0676557 0.0729444 0.0751687 0.0745911 0.0717684 0.0673022 0.0617264 0.0554823 0.0489168 0.042289 0.0357864 0.0295488 0.0236929 0.0183312 0.013579 0.00954572 0.00630885 0.00388369
 0.0085126 0.0138194 0.0207775 0.0293029 0.0390814 0.0494219 0.0592265 0.0672563 0.0725835 0.0748915 0.0744258 0.0717237 0.0673725 0.0618965 0.0557305 0.0492165 0.0426114 0.0361044 0.0298407 0.0239448 0.0185366 0.0137378 0.00966181 0.00638864 0.00393486
 0.00869301 0.0141053 0.0211916 0.0298551 0.0397599 0.050183 0.0599898 0.0679149 0.0730318 0.0750593 0.0742999 0.0713465 0.0668214 0.0612587 0.0550835 0.0486177 0.0420951 0.0356837 0.0295134 0.0236997 0.0183594 0.0136145 0.00958003 0.00633754 0.00390517
 0.00903752 0.0146664 0.0220351 0.031035 0.0412972 0.0520373 0.0620351 0.0699411 0.0747832 0.0762981 0.0748654 0.0711888 0.0660014 0.0599236 0.0534261 0.0468341 0.0403512 0.0340977 0.0281538 0.0225928 0.0175013 0.012982 0.00913879 0.00604835 0.00372861
 0.00887996 0.0144545 0.0218002 0.0308397 0.0412266 0.0521785 0.0624543 0.0706626 0.0757735 0.0774581 0.0760406 0.0721989 0.0666869 0.0601883 0.0532599 0.0463072 0.0395856 0.0332295 0.0273009 0.0218371 0.0168852 0.0125153 0.00880909 0.0058314 0.00359619
 0.00818955 0.0133381 0.0201402 0.0285549 0.0383177 0.0487857 0.0588962 0.06741 0.0733403 0.0762484 0.0762264 0.0736843 0.0691581 0.0632158 0.0564114 0.049238 0.0420858 0.0352244 0.0288156 0.0229484 0.0176813 0.0130732 0.00918881 0.00607905 0.00374854
 0.00868567 0.0140426 0.0210064 0.0294618 0.0390869 0.0492209 0.0588309 0.0667556 0.072128 0.0746508 0.0745346 0.0722307 0.0682102 0.0628914 0.0566551 0.0498655 0.0428666 0.035962 0.0293942 0.0233369 0.0179069 0.0131865 0.00923795 0.00609736 0.0037545
 0.00910924 0.0147757 0.0221822 0.0312051 0.0414528 0.052113 0.0619458 0.0696114 0.0741933 0.0755226 0.0740752 0.0706011 0.0657973 0.0601731 0.0540593 0.0476701 0.0411694 0.0347173 0.0284864 0.0226507 0.0173659 0.0127561 0.00890744 0.00586054 0.00359918
 0.00904626 0.0147206 0.0221914 0.0313725 0.0418995 0.0529602 0.0632719 0.0714012 0.0762959 0.0776439 0.0758312 0.0716309 0.0658926 0.0593559 0.0525657 0.0458502 0.0393594 0.0331452 0.0272441 0.0217248 0.0166938 0.012272 0.00856268 0.00562304 0.0034451
 0.00829465 0.0135155 0.0204187 0.0289644 0.0388808 0.0495052 0.0597418 0.0683132 0.0741996 0.076946 0.0766505 0.0737551 0.0688537 0.0625897 0.0555854 0.0483667 0.0413031 0.0346004 0.0283477 0.0225883 0.0173764 0.0127957 0.00893954 0.00587242 0.00359552
 0.00804801 0.0130432 0.0195771 0.027579 0.0367932 0.0466489 0.0562178 0.0644228 0.0704124 0.073809 0.0746654 0.0732536 0.0699022 0.064961 0.0588239 0.0519284 0.0447135 0.0375586 0.030742 0.0244409 0.0187676 0.0138109 0.00965134 0.00634374 0.00388552
#pred catch len freq
 0.00312425 0.00509728 0.00773909 0.011109 0.0152531 0.0201512 0.0256575 0.031498 0.0373314 0.04282 0.0476792 0.051712 0.0548329 0.057067 0.0585192 0.0593365 0.0596803 0.0596944 0.0594328 0.0587427 0.0571744 0.0540519 0.0487814 0.0412807 0.0322338
 0.00342898 0.00550312 0.00818691 0.011495 0.015466 0.0201258 0.0254114 0.0311233 0.0369436 0.0424988 0.0474395 0.0515204 0.0546532 0.0569014 0.0584206 0.059385 0.0599368 0.0601532 0.0599989 0.0592517 0.0574541 0.0539979 0.0484043 0.0406966 0.0316035
 0.00346076 0.005618 0.00846884 0.0120406 0.0163354 0.0212804 0.0266818 0.0322483 0.0376758 0.0427162 0.0471876 0.0509607 0.0539657 0.0562134 0.0577981 0.0588643 0.0595505 0.0599217 0.0598996 0.0592014 0.0573306 0.0536975 0.0478988 0.0400496 0.0309343
 0.00359158 0.00580265 0.00870277 0.0123224 0.0166919 0.0217888 0.0274586 0.0333887 0.0391635 0.0443673 0.048688 0.0519934 0.0543504 0.0559664 0.057086 0.0579046 0.0585282 0.0589542 0.0590328 0.0584183 0.056572 0.0529003 0.0470404 0.0391697 0.0301172
 0.00383509 0.00618173 0.00923969 0.0130213 0.0175346 0.0227353 0.0284581 0.0344034 0.0401935 0.0454481 0.0498423 0.0531629 0.0553664 0.0566032 0.0571687 0.0573954 0.0575333 0.0576573 0.0576108 0.0569871 0.0551803 0.0515592 0.0457643 0.0380006 0.0291172
 0.00400418 0.00647193 0.0097049 0.0137213 0.0185215 0.0240309 0.0300309 0.036159 0.0419909 0.0471388 0.051313 0.0543559 0.0562615 0.0571727 0.0573457 0.0570898 0.0566889 0.0563025 0.0558623 0.0550075 0.0531274 0.0495608 0.0439214 0.0363975 0.0278189
 0.0041608 0.00672426 0.0100836 0.0142616 0.019267 0.0250325 0.0313355 0.037786 0.0439038 0.0492259 0.0533955 0.0562276 0.0577429 0.0581489 0.0577657 0.0569379 0.05596 0.0550078 0.0540567 0.052809 0.0507087 0.0471191 0.0416438 0.0344339 0.0262615
 0.00438114 0.00706874 0.0105773 0.0149214 0.0201028 0.0260496 0.032535 0.0391642 0.0454504 0.050917 0.055179 0.0580064 0.0593726 0.0594583 0.0585951 0.0571719 0.0555407 0.0539315 0.0523714 0.0506208 0.0481871 0.0444846 0.0391325 0.032249 0.0245314
 0.00459212 0.0074221 0.011128 0.0157263 0.0212079 0.0274706 0.034239 0.0410664 0.0474322 0.052857 0.0569787 0.0595979 0.0607054 0.0604768 0.0592218 0.0573098 0.0550945 0.0528381 0.0506272 0.0483016 0.0454553 0.0415771 0.0363213 0.0297816 0.0225713
 0.00482764 0.00780529 0.0117075 0.0165536 0.0223344 0.028938 0.0360616 0.0432098 0.0497988 0.0552879 0.0592787 0.0615768 0.0622205 0.0614524 0.0596365 0.0571618 0.0543722 0.0515167 0.0486957 0.0458047 0.0425274 0.0384463 0.033273 0.0270892 0.0204238
