SBPRF35
9.94176
Curr Bio
603788
B35
756433
F35
0.189474
FOFL
0.149523
OFL
72996.5
Bzero
2.8405e+006
#pred survey bio
 4.31646e+006 4.09595e+006 3.89451e+006 3.63162e+006 3.35744e+006 3.06276e+006 2.75707e+006 2.46657e+006 2.15995e+006 1.88719e+006 1.65534e+006 1.46e+006 1.28739e+006 1.14102e+006 1.02856e+006 917967 818705 748810 705540 672560 640395 618037 600018 577239 574991 561353 559703 550244 556202 547131 550477 552602 558545 558346 550913 546165 531633 524803 519642 524248 531178 535422 540487 546295 554216 553564 563937 560507 554609 557076 554385 568778 597851 568500 592475 608789 2.13331e+007 1.29064e+007 1.32804e+007 1.41823e+007 1.53976e+007 1.66891e+007 1.78957e+007 1.89363e+007 1.9787e+007 2.04576e+007 2.09731e+007 2.13627e+007 2.1654e+007 2.18703e+007 2.20306e+007 2.21493e+007 2.22374e+007 2.23031e+007 2.23521e+007 2.2389e+007 2.24169e+007 2.24381e+007 2.24543e+007 2.24667e+007 2.24763e+007 2.24838e+007 2.24896e+007 2.24941e+007 2.24976e+007 2.25003e+007 2.25025e+007 2.25042e+007 2.25056e+007 2.25066e+007 2.25075e+007 2.25082e+007 2.25087e+007 2.25091e+007 2.25095e+007 2.25097e+007 2.25099e+007 2.25101e+007 2.25102e+007 2.25103e+007 2.25104e+007 2.25105e+007 2.25106e+007 2.25106e+007 2.25106e+007 2.25107e+007 2.25107e+007 2.25107e+007 2.25107e+007 2.25107e+007 2.25107e+007 2.25107e+007 2.25107e+007 2.25107e+007 2.25107e+007 2.25108e+007 2.25108e+007 2.25108e+007 2.25108e+007 2.25108e+007 2.25108e+007 2.25108e+007 2.25108e+007 2.25108e+007 2.25108e+007 2.25108e+007 2.25108e+007 2.25108e+007 2.25108e+007 2.25108e+007 2.25108e+007 2.25108e+007 2.25108e+007 2.25108e+007 2.25108e+007 2.25108e+007 2.25108e+007 2.25108e+007 2.25108e+007 2.25108e+007 2.25108e+007 2.25108e+007 2.25108e+007 2.25108e+007 2.25108e+007 2.25108e+007 2.25108e+007 2.25108e+007 2.25108e+007 2.25108e+007 2.25108e+007 2.25108e+007 2.25108e+007 2.25108e+007 2.25108e+007 2.25108e+007 0 0 0 0 0 0 0 0 0 0 0 0 0 0 0 0 0 0 0 0 0 0 0 0 0
#obs survey bio
 4.54678e+006 4.36036e+006 3.7916e+006 2.69132e+006 3.74364e+006 2.60376e+006 2.96724e+006 2.00641e+006 1.81969e+006 1.81755e+006 1.10071e+006 1.45831e+006 850598 1.02404e+006 948226 1.19642e+006 639056 495241 600182 720084 504043 541690 573221 591596 503342 557635 645945 500233 463789 536085 607825 483376 592632 456340 558995 711644 703625 625766 509333 718781 583157 602115 602833 598102 463122 581432 531802 772187 578925 619669 623586 695088 568576 619250 488419 590548
#pred catch bio
 104790 97864.1 168848 198553 239963 274823 285749 323517 313105 293090 273960 263658 246915 221269 221076 209910 182610 158467 148159 145066 134352 128291 129027 109319 117062 104912 109561 95368.4 106706 94180 93607.1 88986.9 92507.9 95730.3 90044.8 96467.1 90973.3 91941.5 85254.8 84071.3 86602 86293.5 86510.8 85943.5 93974 85147.9 96855.9 98237.2 91218.5 96104.9 82666.3 72520.2 122051 77136.1 85239.8 96071.1 72996.5 91430.8 92910.7 97922.1 105791 114461 122543 129403 134878 139064 142165 144406 145997 147110 147879 148406 148765 149008 149171 149281 149354 149403 149436 149457 149472 149481 149487 149492 149494 149496 149497 149498 149499 149499 149499 149499 149499 149499 149499 149500 149500 149500 149500 149500 149500 149500 149500 149500 149500 149500 149500 149500 149500 149500 149500 149500 149500 149500 149500 149500 149500 149500 149500 149500 149500 149500 149500 149500 149500 149500 149500 149500 149500 149500 149500 149500 149500 149500 149500 149500 149500 149500 149500 149500 149500 149500 149500 149500 149500 149500 149500 149500 149500 149500 149500 149500 149500 149500 149500 149500 0 0 0 0 0 0 0 0 0 0 0 0 0 0 0 0 0 0 0 0 0 0 0 0 0
#obs catch bio
 0 97377.4 169340 198875 240558 276215 287163 326422 316173 296251 277804 268532 251910 225473 225627 213594 186354 161939 151490 147937 137377 131463 132075 110868 119561 106563 111299 96362.7 108941 95484 94433.3 89777.7 93228.4 96904.2 90585.4 96975.1 90930.4 91744.6 84863.2 83569 85925.2 85662.5 85998 85588.3 93967.1 84852.7 96462.1 97413.6 90730.3 95898.6 82660.1 71908.3 122840 76780.1 85235.9 96160.7
#pred cpue bio
 4.25385e+006 4.03658e+006 3.83779e+006 3.57644e+006 3.30332e+006 3.00986e+006 2.70555e+006 2.41647e+006 2.11184e+006 1.841e+006 1.61079e+006 1.41685e+006 1.2458e+006 1.10101e+006 989811 880941 783541 714963 672544 640518 609424 587788 570554 548897 547001 534025 532739 523906 529853 521345 525073 527606 533739 533960 527360 523417 509124 501399 495569 500012 507074 511387 516251 521719 529229 528516 538659 535475 529753 532004 529226 543141 571470 542897 565885 582070 2.04402e+007 1.23905e+007 1.26491e+007 1.33968e+007 1.45499e+007 1.58247e+007 1.70276e+007 1.80674e+007 1.89179e+007 1.95885e+007 2.0104e+007 2.04936e+007 2.07849e+007 2.10012e+007 2.11615e+007 2.12802e+007 2.13683e+007 2.14339e+007 2.1483e+007 2.15199e+007 2.15478e+007 2.1569e+007 2.15852e+007 2.15976e+007 2.16072e+007 2.16147e+007 2.16205e+007 2.1625e+007 2.16285e+007 2.16312e+007 2.16334e+007 2.16351e+007 2.16365e+007 2.16375e+007 2.16384e+007 2.16391e+007 2.16396e+007 2.164e+007 2.16403e+007 2.16406e+007 2.16408e+007 2.1641e+007 2.16411e+007 2.16412e+007 2.16413e+007 2.16414e+007 2.16414e+007 2.16415e+007 2.16415e+007 2.16415e+007 2.16416e+007 2.16416e+007 2.16416e+007 2.16416e+007 2.16416e+007 2.16416e+007 2.16416e+007 2.16416e+007 2.16416e+007 2.16416e+007 2.16416e+007 2.16416e+007 2.16416e+007 2.16417e+007 2.16417e+007 2.16417e+007 2.16417e+007 2.16417e+007 2.16417e+007 2.16417e+007 2.16417e+007 2.16417e+007 2.16417e+007 2.16417e+007 2.16417e+007 2.16417e+007 2.16417e+007 2.16417e+007 2.16417e+007 2.16417e+007 2.16417e+007 2.16417e+007 2.16417e+007 2.16417e+007 2.16417e+007 2.16417e+007 2.16417e+007 2.16417e+007 2.16417e+007 2.16417e+007 2.16417e+007 2.16417e+007 2.16417e+007 2.16417e+007 2.16417e+007 2.16417e+007 2.16417e+007 2.16417e+007 2.16417e+007 2.16417e+007 0 0 0 0 0 0 0 0 0 0 0 0 0 0 0 0 0 0 0 0 0 0 0 0 0
#obs cpue bio
 4.52854e+006 4.36393e+006 3.09664e+006 3.00024e+006 3.05149e+006 2.58948e+006 2.15814e+006 2.50361e+006 2.00688e+006 1.5505e+006 1.59753e+006 915670 1.3621e+006 918441 885763 653105 590004 638266 540353 548707 437305 398541 520928 499445 399142 443245 449036 476692 351346 491562 631103 461310 522968 438013 626913 474885 518592 531994 601974 449176 615050 479783 461264 416655 556535 541926 754667 581703 403473 470625 366044 666941 448706 509391 654270 623741
#pred surv len freq
 0.00450629 0.00736626 0.011181 0.0159654 0.0216264 0.0278783 0.0342168 0.0400456 0.0448974 0.0485827 0.0511686 0.0528549 0.0538621 0.0543784 0.054547 0.0544722 0.0542333 0.053885 0.0534112 0.0526293 0.051111 0.0482406 0.0434841 0.0367657 0.0286905
 0.00469568 0.00759585 0.0113858 0.0160472 0.0214931 0.0274992 0.0336583 0.0394553 0.0444391 0.0483601 0.0511865 0.0530381 0.0541136 0.0546366 0.0548109 0.0547862 0.0546443 0.0543947 0.0539496 0.053067 0.0513105 0.048123 0.0430713 0.0361717 0.0280663
 0.0048994 0.0079306 0.0118898 0.0167412 0.0223569 0.0284473 0.0345369 0.0400816 0.0446777 0.048193 0.0507249 0.0524613 0.0535784 0.0542206 0.0545174 0.0545888 0.0545241 0.0543412 0.0539346 0.0530241 0.0511482 0.0477699 0.0425223 0.0355 0.0273898
 0.00510324 0.00826445 0.0123976 0.0174672 0.0233373 0.0296939 0.0360131 0.0416819 0.0462265 0.0494756 0.0515487 0.0527246 0.0533082 0.0535521 0.0536282 0.05363 0.053586 0.0534564 0.0530945 0.0521935 0.0502797 0.0468299 0.0415207 0.0345003 0.0264864
 0.00532668 0.0086216 0.0129246 0.0181959 0.0242927 0.0308884 0.0374376 0.0432955 0.0479499 0.051187 0.0530874 0.0539099 0.0539794 0.0536206 0.0531118 0.0526446 0.0522964 0.0520163 0.0516074 0.050706 0.0488032 0.0453727 0.0401161 0.0332135 0.025395
 0.00557358 0.00902019 0.0135192 0.0190259 0.0253854 0.0322484 0.0390357 0.0450667 0.0498028 0.053019 0.0547926 0.0553755 0.0550808 0.0542305 0.0531299 0.0520356 0.0511115 0.0503802 0.0496772 0.0486288 0.0466957 0.0433286 0.0382232 0.0315595 0.0240535
 0.00583527 0.00944385 0.0141538 0.0199164 0.0265654 0.0337274 0.0407857 0.0470161 0.0518446 0.0550305 0.0566541 0.0569799 0.0563329 0.0550401 0.0534098 0.0517128 0.0501525 0.0488157 0.0476095 0.0462159 0.0441221 0.0407797 0.0358681 0.0295366 0.0224511
 0.00608678 0.00985199 0.0147671 0.0207806 0.0277162 0.0351788 0.042516 0.0489615 0.0539057 0.0570882 0.0585866 0.0586744 0.0576904 0.0559751 0.053847 0.0515854 0.0494088 0.0474383 0.0456398 0.0437692 0.0413835 0.037978 0.0332363 0.0272687 0.0206657
 0.00640046 0.0103564 0.0155159 0.0218205 0.0290788 0.0368681 0.0444943 0.0511439 0.0561702 0.0592975 0.060609 0.0603964 0.0590206 0.0568423 0.0541953 0.0513681 0.0485872 0.0459909 0.0435837 0.0411875 0.0384414 0.034913 0.0303172 0.0247339 0.0186676
 0.0067636 0.0109301 0.0163487 0.0229475 0.030517 0.0386094 0.0464957 0.0533221 0.0584095 0.0614673 0.0625826 0.0620634 0.0602923 0.0576515 0.0544928 0.0511165 0.0477569 0.0445636 0.0415687 0.0386484 0.0355208 0.0318347 0.027352 0.0221363 0.0166087
 0.00710654 0.0114812 0.0171655 0.0240777 0.0319882 0.0404135 0.0485744 0.0555655 0.0606739 0.0636056 0.0644698 0.0636057 0.061424 0.0583268 0.0546784 0.0507865 0.0468901 0.0431465 0.0396091 0.0361995 0.0327064 0.0288576 0.0244682 0.019595 0.0145844
 0.00737299 0.011918 0.0178299 0.0250253 0.0332624 0.0420279 0.0504945 0.0577006 0.0628879 0.0657426 0.0663808 0.0651697 0.0625566 0.0589802 0.0548323 0.0504359 0.0460346 0.0417882 0.037763 0.0339147 0.0300921 0.0260935 0.0217852 0.0172229 0.012688
 0.00766419 0.01238 0.0185044 0.0259455 0.0344494 0.0434845 0.0521953 0.0595844 0.0648592 0.0676816 0.0681588 0.066664 0.0636648 0.0596309 0.0549883 0.0500891 0.0451956 0.0404778 0.0360129 0.0317818 0.0276788 0.0235598 0.0193344 0.0150582 0.0109565
 0.00794982 0.0128364 0.0191763 0.0268677 0.0356395 0.0449323 0.0538522 0.0613633 0.0666489 0.0693694 0.0696483 0.067879 0.0645454 0.0601289 0.0550678 0.04973 0.0443955 0.0392517 0.0343949 0.029832 0.0254957 0.0212874 0.0171498 0.013136 0.00942197
 0.00811505 0.0131127 0.0196063 0.0274957 0.0365022 0.0460437 0.0551887 0.0628585 0.0682031 0.0708706 0.0709922 0.068983 0.0653522 0.0606029 0.0551886 0.0494861 0.0437821 0.0382739 0.0330748 0.0282192 0.0236765 0.0193874 0.0153212 0.0115265 0.00813683
 0.00831803 0.0134399 0.0200937 0.0281755 0.0373975 0.0471594 0.0565006 0.0643069 0.0696974 0.0723021 0.0722519 0.0699777 0.066016 0.0609026 0.0551208 0.0490672 0.0430374 0.0372316 0.031768 0.0266955 0.02201 0.0176833 0.0137054 0.0101195 0.00702204
 0.00859624 0.013873 0.0207095 0.0289873 0.0384019 0.0483349 0.0578038 0.0656712 0.0710389 0.0735319 0.0732883 0.0707537 0.0664834 0.0610345 0.0549126 0.048535 0.0422128 0.0361548 0.0304845 0.025259 0.0204896 0.0161674 0.012295 0.00890838 0.00607231
 0.00875701 0.0141345 0.0211028 0.0295394 0.0391287 0.0492307 0.0588326 0.0667672 0.0721196 0.0745179 0.0741175 0.0713847 0.0668899 0.0611994 0.0548255 0.0481938 0.0416266 0.0353455 0.0294874 0.024123 0.0192782 0.0149582 0.0111721 0.00794708 0.00532083
 0.00875621 0.0141434 0.0211359 0.0296188 0.0392816 0.0494839 0.0592049 0.067263 0.0727242 0.0751964 0.0748192 0.072051 0.067465 0.0616369 0.055091 0.0482641 0.0414893 0.0350009 0.0289511 0.023429 0.0184791 0.0141219 0.0103726 0.00725047 0.00477035
 0.00880894 0.0142139 0.0212146 0.0296899 0.0393306 0.049508 0.0592216 0.0673073 0.0728375 0.07541 0.0751413 0.0724625 0.0679236 0.0620873 0.0554764 0.0485353 0.0416104 0.0349516 0.0287293 0.0230521 0.017985 0.0135651 0.00981608 0.00675199 0.00436964
 0.00891 0.0143714 0.0214378 0.0299796 0.0396754 0.0498821 0.0595843 0.0676124 0.0730484 0.0755166 0.0751649 0.0724451 0.067907 0.0620944 0.0555036 0.0485571 0.0415907 0.0348568 0.0285373 0.0227595 0.0176087 0.0131406 0.00938928 0.00636765 0.00405952
 0.00884137 0.0142838 0.0213502 0.0299242 0.039689 0.0499906 0.0597907 0.0678921 0.0733571 0.0758042 0.0753915 0.072593 0.0679835 0.0621247 0.0555159 0.0485678 0.0415967 0.0348386 0.0284702 0.0226256 0.0174068 0.0128881 0.00911737 0.00611105 0.00384571
 0.0087693 0.0141669 0.0211767 0.0296882 0.0393974 0.0496708 0.0594931 0.067681 0.0732888 0.0759029 0.0756382 0.0729334 0.0683518 0.0624679 0.0558064 0.0488008 0.041778 0.0349718 0.0285513 0.0226468 0.0173642 0.0127895 0.00898263 0.00596654 0.00371548
 0.00890673 0.0143577 0.0214032 0.0299124 0.0395708 0.0497509 0.0594588 0.0675406 0.0730783 0.0756762 0.0754509 0.0728256 0.068335 0.0625242 0.0559004 0.0488967 0.041852 0.0350139 0.0285595 0.0226211 0.0173058 0.0127029 0.00887803 0.00585889 0.00361951
 0.0088312 0.0142508 0.0212704 0.0297657 0.0394211 0.0495986 0.0592897 0.0673332 0.0728204 0.075382 0.0751653 0.0726122 0.0682521 0.0626016 0.0561284 0.0492322 0.0422355 0.0353887 0.0288844 0.0228737 0.0174797 0.0128036 0.00891963 0.00586017 0.00359973
 0.00880522 0.0142153 0.0212298 0.0297296 0.0394025 0.0496104 0.0593389 0.0674153 0.0729149 0.0754549 0.0751807 0.0725497 0.0681207 0.06244 0.0559883 0.0491553 0.0422368 0.0354552 0.028986 0.0229777 0.0175622 0.0128538 0.00893824 0.00585556 0.0035829
 0.00875394 0.0141224 0.0210737 0.0294875 0.0390598 0.0491737 0.058846 0.0669317 0.0725171 0.0752042 0.0751035 0.072632 0.0683203 0.0627069 0.056284 0.049461 0.0425482 0.0357699 0.0292942 0.0232614 0.0178019 0.0130364 0.00906204 0.00592875 0.00361936
 0.00886023 0.0142752 0.0212655 0.0296956 0.0392489 0.0493032 0.0588782 0.0668425 0.0723054 0.0748981 0.0747561 0.0723059 0.0680662 0.0625485 0.0562178 0.0494668 0.0426039 0.0358588 0.0294044 0.0233816 0.0179188 0.013137 0.00913761 0.00597765 0.00364597
 0.00865606 0.0139848 0.0209047 0.0293037 0.0388759 0.0489885 0.0586363 0.0666618 0.0721614 0.0747711 0.0746442 0.0722271 0.0680506 0.0626242 0.0563975 0.0497414 0.0429455 0.0362311 0.029773 0.0237199 0.018209 0.0133695 0.00931004 0.00609473 0.00371788
 0.00856727 0.0138431 0.0206984 0.0290289 0.0385432 0.0486293 0.0583029 0.0664153 0.0720474 0.074797 0.0747737 0.0723994 0.0682111 0.0627485 0.0564944 0.0498381 0.0430676 0.036389 0.0299596 0.0239174 0.0183972 0.013532 0.0094376 0.00618555 0.00377621
 0.00851826 0.0137434 0.020512 0.0287123 0.0380587 0.0479663 0.0574967 0.0655516 0.0712461 0.0741805 0.0744325 0.0723674 0.0684604 0.063205 0.0570676 0.0504504 0.0436688 0.036954 0.0304766 0.0243772 0.01879 0.0138496 0.00967764 0.00635328 0.00388363
 0.00847449 0.0136771 0.0204198 0.0285896 0.0378951 0.0477417 0.0571834 0.0651258 0.0707078 0.07357 0.0738319 0.0718807 0.0681793 0.0631773 0.0572841 0.0508548 0.0441834 0.0375054 0.0310105 0.0248598 0.0192027 0.0141833 0.0099309 0.00653181 0.00399936
 0.0083292 0.0134579 0.0201217 0.0282204 0.0374735 0.047293 0.056735 0.0647016 0.0703231 0.0732297 0.0735365 0.0716393 0.0680198 0.0631427 0.0574139 0.0511632 0.0446475 0.038071 0.0316108 0.0254338 0.019707 0.0145944 0.0102426 0.00675094 0.00414128
 0.00808155 0.0130914 0.0196378 0.0276449 0.0368505 0.046674 0.0561692 0.0642307 0.0699771 0.0730219 0.0734609 0.0716738 0.0681374 0.0633257 0.0576614 0.0514874 0.0450589 0.0385636 0.0321553 0.0259849 0.0202168 0.0150266 0.0105789 0.00699108 0.00429829
 0.00800918 0.0129543 0.0193975 0.0272591 0.0362903 0.0459467 0.0553344 0.0633943 0.0692604 0.0725207 0.0732182 0.0716774 0.0683381 0.063662 0.0580802 0.0519545 0.0455588 0.0390899 0.0326985 0.0265242 0.0207216 0.0154652 0.0109292 0.00724697 0.00446847
 0.00851074 0.0136456 0.0202071 0.02804 0.0368568 0.046137 0.0550667 0.06269 0.0682315 0.0713361 0.0720611 0.0707047 0.0676481 0.0632822 0.0579784 0.0520657 0.045814 0.0394334 0.0330902 0.0269333 0.0211195 0.0158244 0.0112274 0.0074727 0.00462336
 0.00907748 0.0145448 0.0215106 0.0297764 0.0389788 0.0484862 0.0573591 0.0645573 0.0693253 0.0714523 0.0712142 0.0691103 0.0656315 0.0611689 0.0560159 0.0503951 0.0444824 0.0384266 0.0323656 0.026441 0.0208103 0.0156515 0.0111471 0.00744715 0.00462404
 0.00900395 0.0145139 0.0216278 0.0301945 0.0398572 0.0499237 0.0593286 0.0668762 0.0716786 0.0734621 0.072535 0.0695228 0.0651045 0.059861 0.0542138 0.0484172 0.0425932 0.0367925 0.0310566 0.0254571 0.0201133 0.0151874 0.0108589 0.00728214 0.00453796
 0.00876564 0.0141576 0.0211557 0.0296453 0.0393165 0.0495277 0.0592515 0.0672893 0.0726806 0.075009 0.0744119 0.0713881 0.0665941 0.0607066 0.054322 0.0478783 0.0416236 0.0356465 0.029948 0.0245195 0.0193991 0.01469 0.0105407 0.00709517 0.00443767
 0.00862036 0.0139068 0.0207534 0.029046 0.0384945 0.0485056 0.058126 0.0662355 0.0719227 0.0747608 0.0748049 0.0724131 0.0680826 0.0623684 0.0558341 0.0489888 0.0422242 0.0357811 0.029762 0.0241849 0.0190537 0.0144116 0.010352 0.00698501 0.00438218
 0.00863256 0.0139042 0.0207065 0.0289101 0.0382165 0.0480388 0.0574495 0.0653725 0.0709539 0.0738253 0.0740825 0.0720811 0.0682559 0.0630464 0.056884 0.0501829 0.043319 0.0366007 0.0302451 0.0243767 0.0190572 0.0143321 0.0102625 0.00691906 0.00434476
 0.00870929 0.0140201 0.0208628 0.0290975 0.0384115 0.0482014 0.0575235 0.0652949 0.0706742 0.0733311 0.0734205 0.071361 0.0676292 0.0626624 0.0568356 0.0504669 0.0438339 0.037188 0.0307545 0.02472 0.0192243 0.0143689 0.0102319 0.00687106 0.00430549
 0.00876297 0.0141054 0.0209872 0.0292654 0.0386222 0.0484448 0.0577766 0.065519 0.0708184 0.0733422 0.073259 0.0710199 0.0671487 0.0621305 0.0563675 0.0501659 0.0437505 0.0372998 0.0309802 0.0249606 0.0194067 0.0144668 0.0102593 0.00685895 0.00428156
 0.00878356 0.0141406 0.0210436 0.0293501 0.0387415 0.0486016 0.0579669 0.0657301 0.0710276 0.073518 0.0733644 0.0710193 0.0670194 0.0618763 0.0560274 0.0498093 0.043455 0.0371206 0.0309281 0.0250025 0.0194878 0.0145397 0.010301 0.00687036 0.00427533
 0.00869559 0.014017 0.0208934 0.0291949 0.0386097 0.0485198 0.0579525 0.0657882 0.0711517 0.0736922 0.0735647 0.0712147 0.0671754 0.0619626 0.0560281 0.0497324 0.0433333 0.0370003 0.0308494 0.0249821 0.0195155 0.0145893 0.0103475 0.00690073 0.00428901
 0.00865706 0.0139591 0.0208161 0.029103 0.0385143 0.0484386 0.0579079 0.0658021 0.0712381 0.0738492 0.0737721 0.0714387 0.067378 0.0621103 0.056099 0.0497198 0.0432483 0.0368703 0.0307101 0.024865 0.0194371 0.0145487 0.0103323 0.00689696 0.00428766
 0.00855239 0.0137917 0.0205701 0.0287678 0.0380895 0.0479406 0.0573753 0.0652953 0.070828 0.0735999 0.073723 0.0715945 0.0677081 0.0625577 0.056595 0.0502004 0.043667 0.037205 0.0309616 0.0250493 0.0195745 0.0146544 0.0104139 0.00695704 0.00432794
 0.00861547 0.0138824 0.0206841 0.0288917 0.0382023 0.0480177 0.0573932 0.0652373 0.070691 0.073399 0.073492 0.071378 0.0675484 0.0624809 0.0566029 0.0502726 0.0437703 0.0373069 0.031041 0.0251 0.019602 0.0146687 0.010423 0.0069646 0.00433441
 0.00873704 0.014067 0.0209367 0.0292067 0.0385623 0.048394 0.0577473 0.0655238 0.0708656 0.0734307 0.0733734 0.0711295 0.0672136 0.0621153 0.056259 0.0499862 0.0435545 0.0371544 0.0309336 0.0250197 0.0195375 0.0146161 0.0103826 0.00693649 0.00431701
 0.0087407 0.0140805 0.0209706 0.0292746 0.0386767 0.0485592 0.057954 0.0657481 0.0710744 0.0735898 0.0734559 0.0711215 0.067117 0.0619482 0.0560518 0.0497743 0.0433683 0.0370112 0.0308356 0.024958 0.0194994 0.0145914 0.0103653 0.00692439 0.00430911
 0.00875601 0.0141086 0.0210191 0.0293533 0.0387961 0.0487276 0.0581731 0.0660097 0.0713582 0.0738645 0.0736835 0.0712658 0.067153 0.0618687 0.0558706 0.049522 0.0430843 0.0367337 0.0305925 0.0247631 0.0193537 0.0144881 0.0102952 0.00687875 0.00428098
 0.00870442 0.014016 0.0208648 0.029116 0.038463 0.0483071 0.0577041 0.0655593 0.0710046 0.0736726 0.0736847 0.07145 0.0674751 0.0622644 0.0562746 0.0498846 0.0433794 0.0369578 0.0307574 0.0248851 0.0194462 0.0145591 0.0103483 0.00691614 0.00430523
 0.00855949 0.013788 0.0205357 0.0286738 0.0379037 0.0476383 0.0569514 0.0647723 0.0702571 0.0730542 0.0732835 0.071331 0.0676603 0.0627246 0.0569367 0.0506524 0.0441588 0.0376769 0.0313743 0.0253856 0.0198344 0.0148479 0.0105536 0.0070542 0.00439198
 0.0088752 0.014282 0.0212409 0.0296012 0.0390327 0.0489057 0.0582438 0.0659335 0.0711193 0.0734839 0.0732219 0.0708101 0.0667895 0.0616558 0.0558212 0.0496058 0.0432458 0.0369161 0.0307565 0.0248923 0.0194487 0.0145564 0.0103442 0.00691328 0.00430408
 0.00842414 0.0136294 0.0204101 0.0286691 0.0381133 0.0481196 0.0576896 0.0656712 0.071163 0.0737995 0.0737333 0.0714175 0.067398 0.0622009 0.0562809 0.0499929 0.0435874 0.0372332 0.0310541 0.025162 0.0196778 0.0147368 0.0104755 0.00700165 0.0043591
 0.00779894 0.0126843 0.0191243 0.0270805 0.03632 0.0462728 0.0559824 0.0643143 0.0703405 0.0736164 0.0741818 0.072383 0.0687003 0.0636484 0.0577144 0.0513087 0.0447382 0.0382129 0.0318757 0.0258404 0.0202233 0.0151574 0.0107816 0.00720964 0.00448983
#obs surv len freq
 nan nan nan nan nan nan nan nan nan nan nan nan nan nan nan nan nan nan nan nan nan nan nan nan nan
 0.00448423 0.00734557 0.0111758 0.0159928 0.0216946 0.0279714 0.0342865 0.0400185 0.044698 0.0481612 0.0505179 0.0520124 0.0529033 0.0534145 0.0537277 0.0539819 0.0542599 0.0545523 0.0546908 0.0542826 0.0527206 0.049353 0.0438031 0.0362836 0.0276679
 0.00461031 0.00755311 0.0114926 0.0164454 0.0223016 0.0287337 0.0351775 0.0409808 0.0456521 0.0490205 0.0512058 0.0524731 0.0531079 0.0533612 0.0534379 0.0534921 0.0536133 0.0537914 0.0538546 0.053408 0.0518463 0.0485217 0.0430592 0.0356648 0.0271949
 0.00477991 0.00782843 0.0119063 0.0170279 0.0230755 0.0297051 0.0363252 0.0422514 0.0469639 0.0502758 0.0523047 0.053326 0.0536458 0.0535431 0.0532546 0.0529646 0.0527862 0.0527238 0.0526126 0.0520618 0.0504711 0.0471979 0.0418666 0.0346691 0.0264325
 0.00497403 0.00814643 0.0123893 0.0177153 0.0239973 0.0308693 0.0377056 0.0437834 0.0485538 0.0518177 0.0536953 0.0544726 0.0544684 0.0539781 0.0532601 0.0525265 0.0519218 0.0514807 0.0510654 0.0503071 0.0486241 0.0453858 0.0402152 0.0332812 0.0253658
 0.00518716 0.00849741 0.0129259 0.018485 0.0250383 0.0321954 0.0392913 0.0455583 0.0504115 0.0536359 0.0553549 0.055869 0.0555155 0.0546076 0.0534209 0.0521864 0.0510722 0.0501445 0.0493033 0.0482223 0.0463602 0.0431151 0.0381148 0.0314991 0.0239881
 0.00541847 0.00887404 0.0134942 0.0192894 0.026114 0.0335567 0.0409178 0.0473884 0.0523489 0.0555646 0.0571556 0.0574307 0.0567411 0.0554167 0.0537503 0.0519899 0.0503233 0.0488436 0.0474902 0.0459898 0.0438599 0.0405478 0.035699 0.0294244 0.022371
 0.00565955 0.00927112 0.0141012 0.0201594 0.0272884 0.0350483 0.0426949 0.0493699 0.0544183 0.0575937 0.0590256 0.0590404 0.0580066 0.0562672 0.0541255 0.0518394 0.0496093 0.0475496 0.0456369 0.0436541 0.0411896 0.0377568 0.0330339 0.0271093 0.020551
 0.00588966 0.00964698 0.0146707 0.0209692 0.0283769 0.0364327 0.0443566 0.0512475 0.0564133 0.059587 0.0608957 0.0606771 0.0593177 0.0571796 0.0545812 0.05179 0.0490145 0.0463828 0.0439019 0.0414091 0.0385675 0.0349664 0.0303297 0.0247318 0.0186643
 0.00614236 0.0100607 0.0152985 0.0218618 0.0295721 0.0379396 0.0461401 0.0532241 0.058465 0.0615857 0.0627238 0.0622373 0.0605333 0.0579908 0.0549411 0.0516606 0.0483635 0.0451869 0.0421607 0.0391691 0.0359471 0.0321629 0.0275939 0.0223095 0.0167294
 0.0063843 0.0104587 0.0159062 0.0227321 0.0307465 0.0394315 0.0479178 0.0552047 0.0605259 0.0635887 0.0645394 0.0637596 0.0616849 0.0587207 0.055217 0.0514607 0.0476697 0.0439858 0.0404547 0.0369993 0.0334187 0.0294564 0.0249445 0.0199534 0.0148385
 0.00662327 0.0108495 0.0164985 0.0235739 0.0318749 0.0408585 0.0496148 0.0570965 0.0624998 0.0655147 0.066291 0.065228 0.0627864 0.0593985 0.0554393 0.0512132 0.0469477 0.0427905 0.0387992 0.034927 0.0310265 0.0269074 0.0224521 0.0177349 0.013054
 0.0068213 0.0111784 0.0170065 0.0243099 0.0328789 0.0421453 0.0511587 0.0588259 0.0643085 0.0672827 0.067904 0.0665885 0.0638174 0.0600438 0.0556626 0.0509954 0.0462837 0.0416858 0.0372741 0.0330288 0.0288471 0.0245942 0.020195 0.0157265 0.0114373
 0.00706661 0.0115741 0.017596 0.0251317 0.033959 0.0434859 0.0527255 0.0605437 0.0660693 0.0689654 0.0693947 0.0677939 0.0646709 0.0605053 0.0557137 0.0506335 0.0455156 0.0405264 0.0357504 0.0311909 0.0267832 0.0224377 0.0181139 0.0138883 0.00996442
 0.00726219 0.0118996 0.0180995 0.0258611 0.0349504 0.0447465 0.0542175 0.0621812 0.0677343 0.0705338 0.0707585 0.068872 0.0654091 0.0608727 0.0556985 0.0502385 0.0447539 0.0394193 0.0343297 0.0295078 0.0249199 0.0205129 0.0162726 0.0122726 0.0086758
 0.0074065 0.0121392 0.0184698 0.0263991 0.0356888 0.0457026 0.0553803 0.0635046 0.0691392 0.0719203 0.0720214 0.0699165 0.0661623 0.0612892 0.0557594 0.0499456 0.0441229 0.038475 0.0331072 0.0280588 0.0233209 0.0188688 0.0147075 0.0109051 0.00758901
 0.00753256 0.0123393 0.0187624 0.0267996 0.0362087 0.0463475 0.0561464 0.0643749 0.0700829 0.0728934 0.072969 0.0707755 0.0668666 0.0617776 0.0559843 0.0498788 0.0437565 0.0378202 0.0321926 0.0269319 0.0220516 0.0175501 0.0134459 0.00980075 0.00671094
 0.00760336 0.0124553 0.0189384 0.0270496 0.0365429 0.0467681 0.0566443 0.0649305 0.0706713 0.073492 0.0735597 0.0713408 0.0673823 0.0622082 0.0562847 0.0500021 0.0436644 0.0374922 0.0316314 0.0261664 0.0211378 0.0165674 0.0124863 0.00895049 0.00603003
 0.00765524 0.0125334 0.0190447 0.0271833 0.0367021 0.0469527 0.0568574 0.0651764 0.0709532 0.0738083 0.073904 0.0717022 0.0677462 0.0625548 0.0565863 0.0502219 0.0437608 0.0374273 0.0313825 0.0257359 0.0205581 0.0158981 0.0118035 0.00832851 0.00552314
 0.00771037 0.0126168 0.0191584 0.0273245 0.0368635 0.0471238 0.0570262 0.0653328 0.0710921 0.073933 0.0740253 0.0718338 0.0678979 0.0627268 0.0567666 0.0503867 0.0438769 0.0374575 0.0312946 0.0255137 0.0202102 0.0154607 0.0113323 0.00788368 0.00515185
 0.00777768 0.0127175 0.0192936 0.0274889 0.0370465 0.0473116 0.0572036 0.0654849 0.0712068 0.0740049 0.074058 0.0718402 0.067896 0.0627342 0.0567933 0.0504304 0.0439218 0.0374766 0.0312572 0.0253957 0.0200042 0.0151819 0.0110158 0.00757326 0.00488551
 0.00781541 0.0127802 0.01939 0.0276264 0.037228 0.0475309 0.0574429 0.0657161 0.0713994 0.074135 0.0741158 0.0718312 0.0678372 0.0626482 0.0567021 0.0503496 0.043856 0.037418 0.0311878 0.0252946 0.0198575 0.0149906 0.0107972 0.00735517 0.00469487
 0.0078386 0.0128131 0.019431 0.0276721 0.0372754 0.0475804 0.0574992 0.0657858 0.0714857 0.0742336 0.0742139 0.0719123 0.0678884 0.0626654 0.0566907 0.050321 0.0438212 0.0373818 0.0311467 0.0252383 0.0197757 0.0148795 0.0106643 0.00721671 0.00456941
 0.00786765 0.0128548 0.0194836 0.0277298 0.03733 0.0476233 0.0575243 0.0657918 0.0714772 0.0742204 0.0742076 0.071921 0.0679127 0.062698 0.0567214 0.0503418 0.0438291 0.0373776 0.0311311 0.0252095 0.0197299 0.0148147 0.0105839 0.00713015 0.00448852
 0.00789483 0.0128971 0.0195431 0.0278066 0.0374209 0.0477209 0.057617 0.0658656 0.0715196 0.0742253 0.0741785 0.0718699 0.0678552 0.0626473 0.0566839 0.0503163 0.04381 0.0373589 0.0311079 0.0251788 0.0196895 0.0147644 0.0105259 0.00706977 0.00443278
 0.00789076 0.0128885 0.0195269 0.0277792 0.0373798 0.0476669 0.0575553 0.0658049 0.0714693 0.0741918 0.0741639 0.0718726 0.0678732 0.0626794 0.0567297 0.0503742 0.0438757 0.0374252 0.0311669 0.0252236 0.0197161 0.0147718 0.0105168 0.00704954 0.00440818
 0.00789639 0.0128929 0.0195247 0.0277625 0.0373402 0.047599 0.0574598 0.0656901 0.0713493 0.0740836 0.0740829 0.071829 0.0678703 0.0627141 0.0567943 0.0504596 0.0439728 0.0375253 0.0312615 0.025305 0.0197785 0.0148128 0.0105375 0.00705451 0.00440342
 0.00789138 0.0128835 0.0195081 0.0277348 0.0372967 0.0475354 0.0573734 0.0655816 0.0712246 0.0739539 0.073964 0.0717382 0.0678217 0.0627148 0.0568431 0.0505479 0.0440877 0.0376526 0.031388 0.0254198 0.0198736 0.014884 0.0105848 0.00708124 0.00441528
 0.00787288 0.0128543 0.0194657 0.0276776 0.0372241 0.0474481 0.0572741 0.0654747 0.0711158 0.0738498 0.0738714 0.071665 0.0677763 0.0627051 0.0568741 0.0506196 0.0441936 0.0377812 0.0315252 0.0255517 0.0199891 0.014976 0.0106511 0.00712399 0.0044395
 0.00787729 0.0128548 0.0194543 0.0276431 0.0371557 0.0473407 0.0571319 0.0653119 0.0709521 0.0737041 0.0737573 0.0715895 0.067741 0.0627092 0.0569158 0.0506962 0.0443009 0.0379116 0.0316681 0.0256942 0.020119 0.0150842 0.0107331 0.00718017 0.00447407
 0.00784792 0.0128101 0.0193923 0.0275634 0.0370579 0.0472238 0.0569947 0.0651552 0.0707824 0.0735352 0.0736087 0.0714813 0.0676881 0.0627169 0.0569804 0.0508079 0.0444475 0.0380805 0.0318463 0.0258691 0.0202785 0.0152188 0.0108374 0.00725404 0.00452146
 0.00782768 0.0127737 0.0193315 0.0274692 0.036924 0.0470506 0.0567922 0.0649423 0.0705809 0.0733632 0.0734779 0.0713974 0.0676543 0.0627357 0.0570522 0.0509289 0.0446085 0.0382685 0.0320464 0.0260661 0.020459 0.0153723 0.010958 0.00734091 0.00457847
 0.00780055 0.0127281 0.0192602 0.0273643 0.0367788 0.046862 0.0565643 0.0646883 0.0703222 0.0731265 0.0732891 0.071276 0.06761 0.0627683 0.0571537 0.0510873 0.0448099 0.0384975 0.0322868 0.0263014 0.020674 0.0155552 0.0111022 0.00744552 0.00464783
 0.00776478 0.012672 0.0191793 0.0272557 0.036641 0.0466958 0.0563733 0.0644795 0.070107 0.0729196 0.0731073 0.0711372 0.06753 0.0627575 0.0572149 0.0512149 0.0449915 0.0387166 0.0325248 0.0265397 0.0208956 0.0157466 0.011255 0.00755769 0.00472309
 0.00774615 0.0126377 0.0191207 0.0271626 0.0365054 0.0465156 0.0561563 0.0642431 0.0698733 0.0727097 0.0729367 0.0710153 0.0674626 0.0627484 0.0572663 0.0513258 0.0451559 0.0389228 0.0327564 0.0267777 0.0211214 0.0159446 0.0114152 0.00767663 0.00480371
 0.00933679 0.0148662 0.0218141 0.0299389 0.0388835 0.0480926 0.0567475 0.0639103 0.0688459 0.0712673 0.071322 0.0693993 0.0659486 0.0613906 0.0560887 0.050335 0.0443488 0.0382895 0.032281 0.0264392 0.0208949 0.0158038 0.0113349 0.00763541 0.0047851
 0.00932624 0.0151405 0.0227404 0.031972 0.0423678 0.0529942 0.0624851 0.0694485 0.0730625 0.073395 0.0712012 0.0674218 0.0627863 0.0577085 0.0523787 0.0468885 0.0413048 0.0356967 0.0301419 0.0247323 0.0195841 0.0148418 0.0106655 0.00719755 0.00451821
 0.00897932 0.0145979 0.0219853 0.0310591 0.0414751 0.0524564 0.0627518 0.0709238 0.0758615 0.0771642 0.0751631 0.0706685 0.0646567 0.0580164 0.0513831 0.04508 0.0391754 0.0336059 0.0282929 0.023209 0.0183982 0.0139666 0.0100556 0.0067987 0.00427542
 0.00879761 0.0142923 0.0215073 0.0303613 0.0405304 0.0512915 0.0614893 0.069808 0.0752358 0.0773744 0.0764025 0.0728349 0.0673235 0.0605715 0.0532741 0.046024 0.0392136 0.0330037 0.0273787 0.022251 0.017558 0.0133105 0.00958735 0.00649052 0.00408813
 0.00873241 0.0141762 0.0213131 0.030055 0.0400763 0.050663 0.0606838 0.0688649 0.0742535 0.0765193 0.0758942 0.0728903 0.0680629 0.0619286 0.0549775 0.0476847 0.0404817 0.0337008 0.0275319 0.0220272 0.0171594 0.0128962 0.00924518 0.00624731 0.00393459
 0.00870533 0.0141312 0.0212428 0.0299496 0.0399226 0.0504439 0.0603802 0.068461 0.073746 0.0759317 0.0752916 0.0723852 0.0677992 0.0620352 0.0555036 0.048552 0.0414943 0.0346203 0.0281768 0.0223368 0.0171887 0.0127601 0.00905515 0.00607587 0.00381085
 0.00869833 0.0141181 0.0212197 0.0299117 0.0398641 0.0503592 0.0602641 0.0683074 0.0735476 0.075681 0.0749876 0.0720452 0.0674701 0.0617945 0.0554393 0.0487241 0.0418948 0.0351619 0.0287237 0.0227648 0.0174358 0.0128374 0.00902114 0.0059963 0.00373208
 0.00868144 0.0140946 0.0211916 0.0298827 0.039838 0.0503373 0.0602431 0.0682797 0.0735027 0.0756083 0.0748783 0.0718956 0.0672863 0.0615989 0.0552738 0.0486417 0.0419388 0.0353398 0.0289959 0.0230582 0.0176773 0.0129862 0.00907831 0.00599135 0.0037003
 0.00868628 0.0141001 0.0211956 0.0298822 0.0398307 0.0503231 0.0602251 0.0682624 0.073489 0.0755959 0.0748593 0.0718584 0.0672211 0.0615039 0.0551599 0.0485339 0.0418704 0.0353391 0.0290705 0.0231879 0.0178226 0.0131074 0.00915358 0.00602138 0.0037003
 0.00870114 0.014125 0.0212341 0.0299372 0.0399028 0.0504087 0.0603151 0.0683438 0.0735488 0.0756254 0.0748554 0.0718224 0.0671555 0.0614114 0.0550449 0.0484064 0.041748 0.0352434 0.0290192 0.0231855 0.0178572 0.0131569 0.00919663 0.00604681 0.00370832
 0.00865915 0.0140628 0.021152 0.0298402 0.0397999 0.0503113 0.0602354 0.0682925 0.0735325 0.0756443 0.0749031 0.071888 0.0672267 0.0614771 0.0550972 0.0484418 0.0417683 0.0352565 0.0290358 0.0232143 0.0178999 0.0132069 0.00924339 0.00608193 0.00372914
 0.00866351 0.0140643 0.0211444 0.0298149 0.0397494 0.0502338 0.060138 0.068191 0.0734462 0.0755893 0.0748872 0.0719091 0.0672755 0.0615405 0.0551624 0.0484992 0.041813 0.0352889 0.0290606 0.0232378 0.0179266 0.013237 0.00927345 0.00610717 0.00374668
 0.00865053 0.0140469 0.0211246 0.0297959 0.0397335 0.0502195 0.0601194 0.0681602 0.0733982 0.0755273 0.0748227 0.071858 0.0672506 0.0615468 0.0551957 0.0485491 0.0418682 0.0353405 0.0291047 0.0232747 0.0179584 0.0132656 0.00929887 0.00612812 0.00376196
 0.00862733 0.0140087 0.0210666 0.0297145 0.0396281 0.0500954 0.0599882 0.068038 0.0733004 0.075463 0.0747931 0.0718594 0.0672787 0.0615993 0.055271 0.0486434 0.0419739 0.035448 0.029205 0.0233617 0.0180299 0.0133221 0.00934184 0.00615928 0.00378305
 0.00863666 0.0140215 0.0210811 0.0297273 0.0396341 0.0500888 0.0599644 0.067995 0.0732403 0.0753927 0.0747226 0.0717983 0.0672341 0.0615745 0.0552666 0.0486583 0.0420059 0.0354928 0.0292568 0.0234141 0.0180778 0.0133623 0.00937319 0.0061822 0.00379864
 0.00863666 0.0140215 0.0210811 0.0297273 0.0396341 0.0500888 0.0599644 0.067995 0.0732403 0.0753927 0.0747226 0.0717983 0.0672341 0.0615745 0.0552666 0.0486583 0.0420059 0.0354928 0.0292568 0.0234141 0.0180778 0.0133623 0.00937319 0.0061822 0.00379864
 0.00856266 0.0139071 0.0209203 0.0295193 0.0393842 0.0498095 0.0596756 0.0677229 0.0730132 0.0752344 0.0746479 0.0718109 0.0673276 0.061735 0.0554754 0.0488956 0.0422528 0.0357337 0.0294792 0.0236092 0.01824 0.0134896 0.00946707 0.00624677 0.00383984
 0.00842791 0.0136857 0.0205842 0.0290446 0.0387608 0.0490536 0.0588401 0.0668945 0.0722948 0.074717 0.0743889 0.0718251 0.0675917 0.0621995 0.0560781 0.049572 0.0429451 0.0363951 0.030076 0.0241204 0.0186556 0.0138094 0.00969852 0.00640333 0.00393807
 0.00879706 0.014256 0.0213837 0.0300707 0.0399715 0.0503603 0.060106 0.0679515 0.0729823 0.0749316 0.0741164 0.0711395 0.0666246 0.0610984 0.0549728 0.0485558 0.0420708 0.0356815 0.0295184 0.0237011 0.0183519 0.0135981 0.00955832 0.00631529 0.00388625
 0.00848589 0.0138096 0.020823 0.029456 0.0393887 0.0498966 0.059827 0.0678872 0.0731231 0.0752313 0.0745033 0.0715364 0.0669716 0.0613683 0.0551712 0.0487095 0.04221 0.0358267 0.0296754 0.0238633 0.0185066 0.013733 0.00966557 0.00639307 0.0039376
 0.00850034 0.0137942 0.0207313 0.0292292 0.0389821 0.0493142 0.0591445 0.0672404 0.0726596 0.075051 0.0746216 0.0718879 0.0674463 0.0618562 0.0555957 0.0490385 0.0424496 0.036003 0.0298168 0.0239885 0.018622 0.0138361 0.00975124 0.00645792 0.00398199
#pred catch len freq
 0.00463939 0.00729519 0.010552 0.0142965 0.0184609 0.0230134 0.0278856 0.0329233 0.0379082 0.0426139 0.0468439 0.0504504 0.0533468 0.0555145 0.0569949 0.0578754 0.0582759 0.0583188 0.0580547 0.057343 0.0557596 0.0526617 0.0474836 0.0401529 0.0313357
 0.00485835 0.00757757 0.0108441 0.014511 0.0185109 0.0228607 0.0275723 0.03256 0.0376216 0.042484 0.046873 0.0505788 0.0535015 0.0556567 0.0571408 0.0580804 0.0585919 0.0587462 0.058516 0.0576967 0.0558574 0.0524206 0.0469319 0.0394193 0.0305882
 0.00510753 0.00796698 0.0113959 0.0152223 0.0193399 0.0237167 0.028321 0.0330582 0.0377756 0.0423002 0.0464596 0.0500905 0.0530642 0.0553243 0.0569068 0.0579206 0.0584957 0.0587114 0.0585175 0.0576651 0.0556941 0.0520479 0.0463442 0.0386961 0.0298577
 0.00535873 0.00836054 0.011962 0.0159827 0.020307 0.0248881 0.0296642 0.0344898 0.0391518 0.0434358 0.047181 0.0503026 0.05279 0.0546898 0.0560781 0.057038 0.0576415 0.0579129 0.057763 0.0569153 0.0548957 0.0511605 0.0453737 0.0377071 0.0289501
 0.00564874 0.0088071 0.0125892 0.0168005 0.0213163 0.0260862 0.0310439 0.0360297 0.0408002 0.0450947 0.0487006 0.051498 0.0534871 0.0547846 0.0555779 0.0560557 0.0563447 0.0564603 0.0562611 0.0554111 0.0533981 0.0496753 0.0439332 0.0363788 0.0278169
 0.00597271 0.00930873 0.0132983 0.0177306 0.0224666 0.0274445 0.0325857 0.0377156 0.0425743 0.0468854 0.0504171 0.0530238 0.0546792 0.0554901 0.0556723 0.0554876 0.0551604 0.0547893 0.0542709 0.0532591 0.0512086 0.0475466 0.0419568 0.0346472 0.0264085
 0.00631099 0.0098339 0.0140437 0.0187141 0.0236925 0.0289054 0.0342593 0.0395584 0.0445186 0.048843 0.0522866 0.0546976 0.056046 0.0564346 0.0560797 0.055261 0.05425 0.0532206 0.0521511 0.0507581 0.0485252 0.0448797 0.039487 0.0325214 0.0247216
 0.0066765 0.0103999 0.0148442 0.0197654 0.0249961 0.0304514 0.0360238 0.0414974 0.0465641 0.0509044 0.054258 0.0564662 0.0575004 0.0574702 0.0566001 0.0551797 0.0535004 0.0517771 0.0500555 0.0481352 0.0455771 0.0418564 0.0366431 0.0300684 0.0227892
 0.00708979 0.0110383 0.015744 0.0209416 0.0264455 0.0321567 0.0379521 0.0435942 0.0487502 0.0530796 0.0563096 0.0582786 0.0589643 0.0584887 0.0570905 0.0550719 0.0527377 0.0503267 0.047931 0.0454251 0.0424611 0.0385934 0.0335253 0.0273559 0.0206481
 0.00755989 0.0117568 0.0167414 0.0222199 0.0279853 0.0339274 0.0399147 0.0456959 0.0509184 0.0552213 0.0583171 0.0600397 0.0603721 0.05945 0.0575293 0.0549278 0.0519635 0.0488925 0.0458419 0.0427486 0.0393527 0.0352978 0.0303395 0.0245587 0.0184278
 0.00801084 0.0124532 0.0177218 0.0234976 0.0295505 0.0357499 0.0419428 0.0478537 0.0531089 0.0573364 0.0602498 0.0616908 0.0616542 0.0602888 0.0578639 0.0547095 0.0511547 0.0474698 0.0438091 0.0401622 0.0363486 0.0320994 0.0272287 0.0218101 0.0162346
 0.00839163 0.0130472 0.01857 0.0246246 0.0309642 0.0374409 0.0438776 0.0499667 0.0553005 0.0594823 0.0622161 0.0633527 0.0629103 0.0610682 0.0581238 0.0544263 0.0503146 0.0460668 0.0418555 0.037711 0.0335203 0.0290934 0.0243011 0.0192162 0.0141579
 0.00879633 0.0136664 0.0194314 0.0257326 0.0323064 0.038997 0.0456208 0.0518561 0.0572718 0.0614432 0.0640515 0.0649374 0.0641268 0.0618243 0.0583617 0.0541217 0.0494673 0.0446918 0.0399837 0.0354038 0.0308911 0.0263203 0.0216107 0.0168351 0.0122509
 0.00916607 0.0142359 0.0202304 0.0267691 0.0335694 0.0404597 0.0472414 0.0535758 0.0590174 0.0631333 0.0656025 0.0662664 0.065153 0.062473 0.0585721 0.0538541 0.0487065 0.0434471 0.038289 0.0333246 0.028537 0.0238521 0.0192266 0.0147306 0.0105671
 0.00945416 0.0146861 0.0208746 0.0276264 0.034645 0.0417429 0.0487001 0.0551522 0.0606295 0.0646854 0.0669989 0.0674235 0.0660059 0.0629758 0.0586941 0.0535755 0.0480172 0.0423501 0.0368081 0.031515 0.0264955 0.02172 0.0171745 0.0129245 0.00912504
 0.00976869 0.0151704 0.0215537 0.0285082 0.0357228 0.0429989 0.0501039 0.0566547 0.0621594 0.0661516 0.0683009 0.068466 0.0667138 0.0633045 0.0586299 0.0531276 0.0472074 0.0412056 0.0353639 0.029824 0.024641 0.0198202 0.0153711 0.0113529 0.00787914
 0.0101079 0.0156843 0.0222582 0.0293952 0.0367669 0.044167 0.0513593 0.0579555 0.0634534 0.0673753 0.0693825 0.0693315 0.0672965 0.0635548 0.0585227 0.0526646 0.0464119 0.0401155 0.0340268 0.028299 0.0230059 0.0181752 0.013831 0.0100247 0.00683443
 0.0102764 0.0159503 0.0226439 0.0299163 0.03743 0.0449668 0.0522744 0.0589467 0.0644684 0.0683566 0.0702743 0.0700825 0.0678596 0.0638878 0.0585922 0.0524507 0.0459128 0.0393488 0.0330286 0.0271236 0.0217256 0.016879 0.0126156 0.00897725 0.00601169
 0.0102773 0.0159609 0.0226775 0.0299937 0.0375778 0.0452125 0.0526402 0.0594426 0.065086 0.0690663 0.0710273 0.0708182 0.0685158 0.064409 0.0589333 0.0525787 0.0458076 0.0390061 0.0324638 0.0263739 0.0208503 0.0159553 0.011728 0.00820109 0.0053969
 0.0103675 0.016087 0.0228299 0.0301527 0.0377219 0.045331 0.0527422 0.0595566 0.0652494 0.0693099 0.0713622 0.07123 0.0689667 0.0648461 0.0592998 0.0528231 0.045891 0.038906 0.0321769 0.025919 0.0202692 0.0153088 0.0110863 0.00762881 0.00493815
 0.0104722 0.0162461 0.0230479 0.0304239 0.0380301 0.0456498 0.0530387 0.0597979 0.0654143 0.0693996 0.0714017 0.0712577 0.0690163 0.0649307 0.0594062 0.0529175 0.0459306 0.0388517 0.032004 0.0256238 0.0198717 0.0148499 0.0106189 0.0072046 0.00459413
 0.0103813 0.0161253 0.0229161 0.0303158 0.0379865 0.0457026 0.0531971 0.0600435 0.0657073 0.0696919 0.0716525 0.071446 0.0691449 0.0650205 0.0594814 0.05299 0.0459925 0.0388789 0.0319676 0.025504 0.0196677 0.0145823 0.0103239 0.00692276 0.00435755
