SBPRF35
7.78865
Curr Bio
655254
B35
673418
F35
0.224232
FOFL
0.223718
OFL
113860
Bzero
2.22533e+006
#pred survey bio
 4.36129e+006 4.14921e+006 3.93817e+006 3.6804e+006 3.38934e+006 3.09962e+006 2.77086e+006 2.4869e+006 2.19149e+006 1.9395e+006 1.69659e+006 1.50621e+006 1.34441e+006 1.17222e+006 1.02758e+006 925153 834523 774096 714699 672596 650332 627032 607172 607873 607359 602457 600463 596451 575820 577860 574124 579508 575392 571781 568292 550816 524434 519974 531832 538408 557702 572062 578111 581509 586738 590523 587159 586788 581981 586032 582817 526337 490813 494517 511460 517099 505101 515285 523918 495909 484157 492799 519314 542138 557475 585507 633788 656435 2.35568e+007 1.42062e+007 1.43851e+007 1.47665e+007 1.52487e+007 1.57311e+007 1.61592e+007 1.65125e+007 1.6791e+007 1.70039e+007 1.71637e+007 1.72824e+007 1.737e+007 1.74345e+007 1.74822e+007 1.75176e+007 1.75439e+007 1.75635e+007 1.75783e+007 1.75894e+007 1.75979e+007 1.76043e+007 1.76092e+007 1.76129e+007 1.76158e+007 1.7618e+007 1.76196e+007 1.76209e+007 1.76219e+007 1.76227e+007 1.76233e+007 1.76238e+007 1.76241e+007 1.76244e+007 1.76246e+007 1.76248e+007 1.76249e+007 1.7625e+007 1.76251e+007 1.76251e+007 1.76252e+007 1.76252e+007 1.76252e+007 1.76253e+007 1.76253e+007 1.76253e+007 1.76253e+007 1.76253e+007 1.76253e+007 1.76253e+007 1.76253e+007 1.76253e+007 1.76253e+007 1.76253e+007 1.76253e+007 1.76253e+007 1.76253e+007 1.76253e+007 1.76253e+007 1.76253e+007 1.76253e+007 1.76253e+007 1.76253e+007 1.76253e+007 1.76253e+007 1.76253e+007 1.76253e+007 1.76253e+007 1.76253e+007 1.76253e+007 1.76253e+007 1.76253e+007 1.76253e+007 1.76253e+007 1.76253e+007 1.76253e+007 1.76253e+007 1.76253e+007 1.76253e+007 1.76253e+007 1.76253e+007 1.76253e+007 1.76253e+007 1.76253e+007 1.76253e+007 1.76253e+007 1.76253e+007 1.76253e+007 1.76253e+007 1.76253e+007 1.76253e+007 1.76253e+007 1.76253e+007 1.76253e+007 1.76253e+007 1.76253e+007 1.76253e+007 1.76253e+007 1.76253e+007 1.76253e+007 0 0 0 0 0 0 0 0 0 0 0 0 0 0 0 0 0 0 0 0 0 0 0 0 0
#obs survey bio
 2.76011e+006 3.01656e+006 2.79926e+006 1.75752e+006 2.45134e+006 2.32661e+006 3.04446e+006 2.34197e+006 2.24727e+006 1.28939e+006 1.84734e+006 1.18431e+006 1.45218e+006 801039 1.15288e+006 906304 762597 1.20494e+006 498648 788606 625130 527896 430482 601637 547928 389412 566014 552608 513804 540725 604679 405664 522671 725090 672789 600173 466630 608490 622166 527174 655253 624026 408691 702815 691379 741612 786717 520664 541618 610079 700559 480494 516910 553089 716899 388860 545076 714506 623924 531955 470829 502778 524877 522256 404456 516717 775956 599993
#pred catch bio
 93807.8 97586.5 155954 209003 234139 297042 282759 317417 300644 310789 277615 261751 275888 253478 217139 205630 176326 171043 152291 132227 129906 124182 105663 105889 107885 103823 104337 116352 95191.1 98727 89817.6 96713.3 94325.7 91436.6 99871.6 105844 90551.8 82206.4 89878.3 80819.9 85718.3 91995 92843.2 89862.9 90005.5 95222.4 92295.8 95824.2 88108.1 94138 137729 118655 86757.1 76660.5 85587.2 99472.1 80851.2 82648.3 112615 98665 83499.8 71167.5 76686.4 85327 78330.8 66494.5 92181.5 99109.2 113860 113966 114244 116061 119015 122119 124844 127018 128648 129818 130632 131185 131553 131795 131952 132053 132117 132158 132184 132200 132211 132217 132221 132223 132225 132226 132227 132227 132227 132227 132227 132227 132228 132228 132228 132228 132228 132228 132228 132228 132228 132228 132228 132228 132228 132228 132228 132228 132228 132228 132228 132228 132228 132228 132228 132228 132228 132228 132228 132228 132228 132228 132228 132228 132228 132228 132228 132228 132228 132228 132228 132228 132228 132228 132228 132228 132228 132228 132228 132228 132228 132228 132228 132228 132228 132228 132228 132228 132228 132228 132228 132228 132228 132228 132228 132228 132228 132228 132228 132228 0 0 0 0 0 0 0 0 0 0 0 0 0 0 0 0 0 0 0 0 0 0 0 0 0
#obs catch bio
 0 97486.1 156863 211336 236811 303273 286866 323433 305656 320042 283717 267937 282658 260393 221285 210620 179898 172639 154993 133688 131532 125292 106762 107000 108830 104442 104682 117858 95774.2 99364.7 90086.8 97316.9 95219.5 91558.2 100203 106150 90997.9 82568.8 89986 80616.4 85632.9 91622.4 92651.1 89082 89053.8 94163.8 91231.8 95481.1 87270.6 93014.4 136078 118043 86368.7 76294.7 84726.2 99362.8 80482.1 81674.7 111690 97963.1 83322 70938.8 76539.4 85392.4 78704.2 66465.8 92500.2 99139.6
#pred cpue bio
 4.28364e+006 4.07468e+006 3.86553e+006 3.60831e+006 3.31869e+006 3.03073e+006 2.70464e+006 2.423e+006 2.13001e+006 1.87983e+006 1.63933e+006 1.45119e+006 1.29163e+006 1.12245e+006 980528 880117 791798 733611 676489 635874 614739 592717 573673 574398 574272 570001 568339 564594 544838 547180 543942 549454 545720 542703 540105 523764 497418 491105 501427 507886 526904 541272 547598 551289 556735 560635 557398 556936 552255 556265 553202 497970 462552 465732 482861 489041 477272 486908 495495 468237 456097 463951 489691 511933 526397 552795 599097 620857 2.22944e+007 1.34506e+007 1.35849e+007 1.39066e+007 1.43677e+007 1.48456e+007 1.52728e+007 1.5626e+007 1.59045e+007 1.61174e+007 1.62772e+007 1.63959e+007 1.64835e+007 1.65481e+007 1.65958e+007 1.66311e+007 1.66574e+007 1.6677e+007 1.66918e+007 1.67029e+007 1.67114e+007 1.67178e+007 1.67227e+007 1.67264e+007 1.67293e+007 1.67315e+007 1.67332e+007 1.67345e+007 1.67355e+007 1.67362e+007 1.67368e+007 1.67373e+007 1.67376e+007 1.67379e+007 1.67381e+007 1.67383e+007 1.67384e+007 1.67385e+007 1.67386e+007 1.67387e+007 1.67387e+007 1.67387e+007 1.67388e+007 1.67388e+007 1.67388e+007 1.67388e+007 1.67388e+007 1.67388e+007 1.67388e+007 1.67388e+007 1.67388e+007 1.67388e+007 1.67389e+007 1.67389e+007 1.67389e+007 1.67389e+007 1.67389e+007 1.67389e+007 1.67389e+007 1.67389e+007 1.67389e+007 1.67389e+007 1.67389e+007 1.67389e+007 1.67389e+007 1.67389e+007 1.67389e+007 1.67389e+007 1.67389e+007 1.67389e+007 1.67389e+007 1.67389e+007 1.67389e+007 1.67389e+007 1.67389e+007 1.67389e+007 1.67389e+007 1.67389e+007 1.67389e+007 1.67389e+007 1.67389e+007 1.67389e+007 1.67389e+007 1.67389e+007 1.67389e+007 1.67389e+007 1.67389e+007 1.67389e+007 1.67389e+007 1.67389e+007 1.67389e+007 1.67389e+007 1.67389e+007 1.67389e+007 1.67389e+007 1.67389e+007 1.67389e+007 1.67389e+007 1.67389e+007 1.67389e+007 0 0 0 0 0 0 0 0 0 0 0 0 0 0 0 0 0 0 0 0 0 0 0 0 0
#obs cpue bio
 3.43958e+006 2.27409e+006 3.9617e+006 3.09699e+006 3.62544e+006 2.66174e+006 3.26755e+006 2.5085e+006 1.84085e+006 1.0453e+006 1.73909e+006 1.2296e+006 1.18775e+006 997186 876189 560165 657073 801161 452707 564653 525485 774112 489401 534675 664090 892666 653918 370327 573453 647010 506976 673666 395453 696486 418044 534035 390111 363602 680548 571021 445314 698758 692879 848420 634422 572943 475997 405067 956406 642183 596782 393362 425061 453520 623682 426162 470640 673451 431978 407273 366282 456123 497045 485223 447436 603068 602814 770411
#pred surv len freq
 0.00471571 0.00765919 0.0115369 0.0163437 0.0219891 0.0282211 0.0345893 0.0405441 0.0456339 0.0496505 0.052628 0.0547438 0.0562153 0.0572269 0.0578795 0.0581627 0.057962 0.0570975 0.0553681 0.0525781 0.0485577 0.0432143 0.0366386 0.0292155 0.0216286
 0.00509039 0.00816751 0.0121208 0.0169006 0.0224175 0.0284831 0.0347453 0.0407233 0.0459491 0.0501073 0.0530913 0.054986 0.0560204 0.0564943 0.0566795 0.0567234 0.0565963 0.0560961 0.0548984 0.0526319 0.048972 0.0437556 0.0371052 0.0295044 0.0217401
 0.0052532 0.00847741 0.0126632 0.0177625 0.0236435 0.0300211 0.0364213 0.0422833 0.0471609 0.0508594 0.0534139 0.0549777 0.0557432 0.0559242 0.0557489 0.055416 0.0550169 0.0544631 0.0534617 0.0515682 0.0483196 0.0434252 0.0369499 0.0293997 0.021626
 0.0054165 0.00873648 0.0130461 0.0183043 0.0243933 0.0310424 0.0377708 0.0439671 0.0490859 0.0528188 0.0551332 0.0562083 0.0563433 0.0558747 0.0551071 0.0542629 0.053448 0.0526155 0.0515269 0.0497565 0.0467937 0.0422509 0.0360997 0.0287981 0.0211993
 0.00559829 0.00903257 0.0134927 0.0189353 0.0252352 0.0321073 0.0390519 0.0454403 0.0507153 0.0545517 0.0568807 0.0578246 0.0576334 0.0566404 0.0552086 0.053658 0.0521931 0.0508448 0.0494307 0.0475568 0.0447068 0.0404422 0.0346538 0.0277207 0.0204447
 0.00574333 0.00927463 0.0138693 0.0194872 0.0260006 0.0331105 0.0402915 0.0468823 0.0522974 0.0561958 0.0585047 0.0593445 0.0589528 0.057639 0.0557469 0.0536064 0.0514767 0.0494801 0.0475365 0.0453355 0.0424024 0.0382868 0.0328192 0.0262922 0.0194239
 0.00600336 0.0096835 0.0144599 0.0202836 0.0270178 0.0343525 0.0417448 0.0485088 0.0540313 0.0579487 0.0601759 0.0608342 0.0601712 0.0585074 0.0561891 0.0535424 0.0508319 0.0482152 0.0456864 0.0430325 0.039866 0.0357777 0.0305753 0.0244735 0.0180871
 0.00628482 0.010128 0.0151045 0.0211542 0.028125 0.035686 0.0432673 0.0501552 0.055718 0.0595887 0.0616904 0.0621547 0.061236 0.0592573 0.0565647 0.0534821 0.0502744 0.0471136 0.0440368 0.0409072 0.0374294 0.0332664 0.0282423 0.0225195 0.0166134
 0.00663378 0.0106863 0.0159275 0.0222865 0.0295911 0.0374766 0.0453236 0.0523647 0.0579289 0.0616395 0.0634408 0.0635049 0.0621317 0.059681 0.0565191 0.052972 0.0492956 0.0456557 0.0421044 0.0385538 0.0347857 0.0305405 0.02568 0.0203377 0.0149389
 0.00683747 0.0110348 0.0164845 0.0231232 0.0307722 0.0390364 0.0472421 0.0545553 0.0602475 0.0639092 0.0654817 0.0651605 0.0632887 0.0602791 0.0565475 0.0524538 0.0482667 0.0441512 0.0401626 0.0362382 0.0322128 0.0278912 0.0231752 0.018183 0.0132652
 0.00712796 0.0114906 0.0171421 0.0240111 0.0319133 0.0404479 0.0489273 0.0564887 0.0623596 0.0660806 0.0675516 0.0669502 0.0646342 0.0610607 0.0567057 0.0519871 0.0472161 0.0425812 0.0381504 0.0338791 0.029636 0.0252697 0.0207111 0.0160641 0.0116136
 0.00733977 0.0118366 0.0176654 0.0247517 0.0328994 0.0416837 0.0503826 0.0580996 0.0640435 0.0677543 0.0691387 0.0683743 0.0658076 0.0618845 0.0570844 0.0518508 0.0465369 0.0413778 0.0364837 0.0318475 0.0273755 0.0229507 0.0185217 0.0141746 0.0101345
 0.00750795 0.0121121 0.0180845 0.0253513 0.0337117 0.0427263 0.0516461 0.0595391 0.0655795 0.0692854 0.0705599 0.0695945 0.0667587 0.0625186 0.0573633 0.0517385 0.0460025 0.0404091 0.0351027 0.0301221 0.0254221 0.0209259 0.0165993 0.0125102 0.00882856
 0.00779007 0.0125626 0.0187474 0.0262618 0.0348901 0.0441674 0.0533074 0.0613347 0.0673886 0.0709709 0.0719916 0.070668 0.0674083 0.0627211 0.0571323 0.0511083 0.0450115 0.0390921 0.0334976 0.028286 0.0234469 0.0189397 0.0147492 0.0109285 0.007598
 0.00809245 0.013039 0.0194362 0.0271891 0.0360657 0.045579 0.0549115 0.0630519 0.0691082 0.0725667 0.0733403 0.071666 0.0679837 0.0628411 0.0568035 0.0503692 0.0439199 0.0377117 0.0318924 0.0265249 0.0216139 0.0171401 0.0130998 0.00953327 0.00652025
 0.00816971 0.0131858 0.0196962 0.0276157 0.0367094 0.0464674 0.0560312 0.0643436 0.0704787 0.0739095 0.0745539 0.0726625 0.0686925 0.0632117 0.0568087 0.0500088 0.0432194 0.0367176 0.0306661 0.0251394 0.0201539 0.015701 0.0117804 0.00841795 0.00565915
 0.00817036 0.0132037 0.0197561 0.0277555 0.0369764 0.0469092 0.056682 0.0652104 0.07153 0.075072 0.0757207 0.0737144 0.069523 0.0637456 0.0570086 0.0498702 0.0427629 0.0359827 0.0297078 0.0240262 0.018966 0.0145263 0.010705 0.00751217 0.00496252
 0.00831169 0.0133876 0.0199497 0.0279048 0.0370277 0.0468403 0.056526 0.0650537 0.0714834 0.0752286 0.0761207 0.074331 0.070271 0.0645071 0.0576633 0.0503218 0.0429536 0.035896 0.0293636 0.0234732 0.0182742 0.0137778 0.00998202 0.00688279 0.00446841
 0.0084647 0.0136408 0.0203353 0.0284452 0.0377189 0.0476332 0.0573196 0.0657164 0.0719023 0.075361 0.0760146 0.0740979 0.0700297 0.0643312 0.0575607 0.0502466 0.0428369 0.035677 0.0290101 0.0229885 0.0176937 0.0131581 0.00938664 0.00636643 0.00406452
 0.00849045 0.0136873 0.0204151 0.0285761 0.0379231 0.0479325 0.0577256 0.0662164 0.072448 0.0758713 0.0763986 0.0742923 0.070028 0.0641849 0.0573483 0.0500313 0.0426404 0.0354806 0.0287773 0.0226915 0.0173299 0.0127525 0.00898095 0.00600347 0.00377425
 0.00847245 0.0136474 0.0203365 0.0284394 0.037715 0.0476586 0.0574196 0.0659388 0.0722702 0.0758503 0.0765531 0.0745933 0.0704107 0.0645751 0.0576914 0.0503051 0.0428465 0.0356254 0.0288583 0.022699 0.0172587 0.0126129 0.00879949 0.00581467 0.00360812
 0.00864599 0.0138944 0.0206422 0.0287655 0.0380073 0.0478618 0.0574924 0.0658652 0.072065 0.075559 0.0762431 0.0743343 0.0702508 0.0645259 0.0577287 0.0503862 0.0429306 0.0356856 0.0288813 0.0226791 0.0171953 0.0125113 0.00867352 0.00568387 0.00349156
 0.00875186 0.0140704 0.0209119 0.0291472 0.0385024 0.0484408 0.0580866 0.0663756 0.0723911 0.0756355 0.0760644 0.0739554 0.0697642 0.0640289 0.0572945 0.0500492 0.0426889 0.0355148 0.0287511 0.022565 0.0170825 0.0123951 0.00855709 0.00557547 0.00340012
 0.00859066 0.0138321 0.0205987 0.02878 0.0381194 0.048091 0.0578213 0.0662363 0.0723955 0.0757674 0.0762772 0.0741905 0.0699769 0.0642043 0.057446 0.0502017 0.0428597 0.0357032 0.0289403 0.0227322 0.0172091 0.0124735 0.0085913 0.00557742 0.0033845
 0.00852123 0.01371 0.0203992 0.0284783 0.0377009 0.047566 0.0572362 0.0656709 0.0719432 0.0755056 0.076242 0.0743676 0.0703109 0.0646221 0.0578816 0.0506135 0.0432316 0.0360347 0.029233 0.0229826 0.0174103 0.0126203 0.0086854 0.00562801 0.00340502
 0.00857476 0.0137818 0.020478 0.0285411 0.0377155 0.0474983 0.0570591 0.0653756 0.0715491 0.0750638 0.0758272 0.0740572 0.0701586 0.0646405 0.0580425 0.0508647 0.0435191 0.0363183 0.0294901 0.0232028 0.0175889 0.0127555 0.00877857 0.0056847 0.0034343
 0.0085754 0.0137872 0.0204933 0.0285715 0.0377616 0.0475503 0.0570938 0.0653597 0.0714501 0.0748656 0.075542 0.0737275 0.0698475 0.0644113 0.0579381 0.0508941 0.0436593 0.0365269 0.0297227 0.0234248 0.017779 0.0129044 0.00888527 0.00575406 0.00347452
 0.00844593 0.0136059 0.0202747 0.028348 0.0375752 0.0474379 0.0570742 0.0654272 0.0715766 0.0750079 0.0756539 0.0737746 0.0698197 0.0643278 0.0578403 0.0508283 0.0436576 0.0365971 0.0298491 0.0235792 0.0179329 0.0130372 0.00898709 0.00582396 0.00351749
 0.00851624 0.0137037 0.0203928 0.0284726 0.0376944 0.0475518 0.0571996 0.0655895 0.0717917 0.0752642 0.0759074 0.0739617 0.0698825 0.0642378 0.0576096 0.0505043 0.0433052 0.0362762 0.0295981 0.0234095 0.0178345 0.0129895 0.00896908 0.00581991 0.00351816
 0.00844103 0.0135808 0.0202063 0.0282072 0.0373385 0.0471039 0.0566769 0.0650353 0.0712753 0.0748701 0.075712 0.0740065 0.0701552 0.0646746 0.0581191 0.0510011 0.0437356 0.0366242 0.0298742 0.0236327 0.0180191 0.0131411 0.00908787 0.00590615 0.0035751
 0.00847082 0.0136187 0.0202435 0.0282277 0.0373212 0.0470279 0.0565266 0.064805 0.0709733 0.0745217 0.0753615 0.0737113 0.0699717 0.0646389 0.0582317 0.0512266 0.0440179 0.0369091 0.0301264 0.0238392 0.0181819 0.0132672 0.00918339 0.0059752 0.00362151
 0.00838927 0.013496 0.0200767 0.0280194 0.0370773 0.0467541 0.0562272 0.0644851 0.0706427 0.0741985 0.0750726 0.0734898 0.0698518 0.0646483 0.0583832 0.0515109 0.0444014 0.0373417 0.0305552 0.0242227 0.0184974 0.0135094 0.00935827 0.00609409 0.0036971
 0.00821621 0.0132506 0.0197742 0.0276965 0.0367822 0.0465291 0.056094 0.06444 0.0706613 0.074246 0.0751155 0.0735071 0.0698418 0.0646295 0.0583868 0.0515681 0.0445302 0.0375392 0.0307987 0.0244791 0.0187352 0.0137075 0.00950847 0.00619861 0.00376406
 0.00804045 0.0129714 0.0193684 0.0271535 0.0361133 0.0457777 0.0553405 0.0637898 0.0702149 0.0740637 0.0751969 0.0737973 0.0702594 0.0650978 0.0588549 0.0520152 0.0449565 0.0379514 0.0311974 0.0248544 0.01907 0.0139856 0.00972138 0.00634815 0.00386013
 0.00797564 0.0128524 0.0191641 0.0268267 0.0356299 0.0451226 0.0545339 0.0628961 0.0693374 0.0733246 0.0747073 0.0736268 0.0704163 0.0655296 0.0594706 0.052717 0.0456665 0.0386212 0.0318035 0.0253859 0.0195199 0.0143486 0.00999661 0.00654164 0.00398506
 0.00874313 0.0139409 0.0205063 0.0282562 0.0369233 0.0460702 0.0549996 0.0628391 0.0688004 0.072409 0.073552 0.0723882 0.0692443 0.0645406 0.0587271 0.0522242 0.0453865 0.0384977 0.0317824 0.0254259 0.0195921 0.0144323 0.0100766 0.00660806 0.00403363
 0.00953155 0.0151939 0.022328 0.0306959 0.0399328 0.0494565 0.0584023 0.0657768 0.0707983 0.0731546 0.0729922 0.070719 0.066815 0.0617382 0.0558887 0.0495939 0.0431071 0.0366243 0.0303086 0.0243106 0.0187807 0.0138679 0.00970447 0.0063777 0.00390096
 0.00929174 0.0149362 0.022186 0.0308791 0.0406754 0.0509289 0.0606237 0.0685705 0.0738083 0.07592 0.0750578 0.0717547 0.0667047 0.0605993 0.0540144 0.0473471 0.0408193 0.034534 0.028547 0.0229195 0.0177427 0.0131342 0.00921437 0.00607017 0.0037211
 0.0089343 0.0143661 0.0213586 0.0297873 0.0393837 0.0496077 0.0595566 0.0680996 0.0742152 0.0772899 0.0772067 0.0742696 0.069081 0.0624074 0.0550209 0.0475494 0.0403951 0.0337439 0.02764 0.0220748 0.0170547 0.0126282 0.00887302 0.0058576 0.00359882
 0.00885599 0.0142221 0.0211098 0.0293855 0.0387816 0.0487809 0.0585333 0.0669879 0.0732101 0.0766438 0.0771552 0.074933 0.0703888 0.0640967 0.0567237 0.048927 0.0412504 0.0340598 0.0275394 0.0217394 0.0166504 0.0122641 0.00859726 0.00567424 0.00348968
 0.0086175 0.0138627 0.0206205 0.0287726 0.0380599 0.0479641 0.0576318 0.0660191 0.0722188 0.0757213 0.0764454 0.0746087 0.0705964 0.0648863 0.0580017 0.0504675 0.042769 0.0353156 0.0284084 0.0222277 0.0168515 0.0122971 0.00855986 0.00562464 0.00345183
 0.0085008 0.0136674 0.0203174 0.0283349 0.0374727 0.0472371 0.056807 0.0651652 0.0714108 0.0750201 0.0758925 0.0742415 0.0704669 0.0650595 0.0585241 0.0513228 0.043854 0.0364609 0.0294376 0.0230202 0.0173732 0.0125874 0.00869278 0.0056714 0.00346164
 0.00840953 0.0135325 0.0201383 0.0281164 0.0372191 0.0469458 0.056467 0.0647644 0.0709496 0.0745213 0.0754006 0.0738118 0.0701533 0.0649099 0.0585788 0.0516069 0.0443597 0.0371317 0.0301731 0.0237066 0.0179236 0.0129673 0.00891785 0.00578501 0.00350978
 0.00837793 0.0134737 0.0200368 0.0279554 0.0369867 0.0466434 0.0561135 0.0643921 0.0705914 0.0741976 0.0751171 0.0735683 0.0699568 0.064781 0.0585492 0.0517086 0.0446117 0.0375263 0.0306693 0.024236 0.0184116 0.0133581 0.00919026 0.00595028 0.003597
 0.00838351 0.0134732 0.0200178 0.0278988 0.0368704 0.0464478 0.05583 0.0640291 0.0701764 0.0737738 0.074733 0.0732644 0.0697561 0.0646887 0.0585612 0.0518211 0.0448238 0.0378343 0.031056 0.024666 0.0188354 0.013728 0.00947522 0.00614367 0.00371248
 0.00840558 0.0135057 0.0200597 0.0279452 0.0369108 0.0464663 0.0558056 0.0639397 0.0700064 0.0735224 0.0744192 0.0729256 0.0694382 0.0644339 0.058398 0.0517618 0.0448684 0.0379744 0.0312762 0.0249415 0.0191327 0.0140098 0.0097107 0.00631718 0.00382505
 0.00848287 0.0136252 0.020228 0.0281632 0.0371728 0.0467582 0.0561031 0.0642082 0.0702045 0.07361 0.0743685 0.0727301 0.0691176 0.0640314 0.0579706 0.0513665 0.0445497 0.0377584 0.0311691 0.0249322 0.0191966 0.0141146 0.00982456 0.00641623 0.00389764
 0.00841891 0.0135423 0.0201421 0.0281019 0.0371677 0.0468322 0.0562602 0.0644306 0.070458 0.0738535 0.0745621 0.0728415 0.069127 0.0639363 0.0577882 0.0511312 0.0443056 0.0375471 0.0310205 0.024858 0.0191903 0.0141569 0.00989069 0.00648403 0.003953
 0.00845477 0.0135864 0.0201833 0.0281249 0.037161 0.0467997 0.0562265 0.0644341 0.0705327 0.074009 0.0747753 0.0730638 0.0693037 0.0640251 0.0577706 0.051015 0.0441195 0.0373322 0.0308179 0.0246988 0.0190892 0.0141113 0.00988615 0.00650182 0.00397714
 0.00840721 0.0135154 0.0200877 0.0280056 0.0370187 0.0466325 0.0560319 0.0642162 0.0703111 0.0738221 0.0746707 0.0730785 0.0694443 0.0642615 0.058048 0.051276 0.0443244 0.0374682 0.0308958 0.0247419 0.0191202 0.0141443 0.00992442 0.00654137 0.00401194
 0.00851333 0.0136662 0.0202744 0.0282068 0.0372065 0.0467823 0.0561288 0.064255 0.0702914 0.0737455 0.0745435 0.072917 0.0692758 0.0641164 0.0579461 0.0512176 0.0442928 0.0374413 0.0308595 0.0246951 0.019072 0.0141055 0.00990107 0.00653291 0.00401336
 0.00908562 0.0145655 0.0215664 0.0299218 0.0393227 0.0492054 0.0586773 0.0666692 0.072281 0.0750595 0.0750306 0.0725528 0.0681537 0.062416 0.0558905 0.0490294 0.0421581 0.0354907 0.0291675 0.0232929 0.017962 0.0132709 0.00931044 0.00614353 0.00377653
 0.0091082 0.014662 0.021822 0.030452 0.040244 0.0505866 0.0604939 0.0687857 0.0744704 0.0770508 0.0765653 0.0734349 0.0682859 0.0618148 0.0546755 0.0473898 0.0403082 0.0336278 0.0274441 0.0218059 0.0167566 0.0123515 0.00865278 0.0057051 0.00350629
 0.00866674 0.0139823 0.0208761 0.0292561 0.0388737 0.0491897 0.0592884 0.0680256 0.0743738 0.0777157 0.0779187 0.0752468 0.0702401 0.0636002 0.0560621 0.0482683 0.0406884 0.0336072 0.0271617 0.0213994 0.0163338 0.0119804 0.00836427 0.00550282 0.00337766
 0.00860509 0.0138135 0.0204974 0.0285359 0.0376933 0.0475076 0.0571982 0.0657718 0.0723075 0.0762068 0.0772563 0.0755593 0.0714586 0.0654787 0.0582509 0.0504137 0.0425219 0.0349909 0.0280844 0.0219369 0.0165987 0.012081 0.00838258 0.00548982 0.00335917
 0.00878972 0.0140908 0.0208661 0.0289639 0.0381058 0.0477825 0.0571783 0.0653077 0.0713282 0.0747854 0.0756264 0.0740574 0.0704124 0.0650931 0.0585453 0.0512334 0.0436107 0.0360872 0.0289985 0.022584 0.0169867 0.0122716 0.00845089 0.00549785 0.00334618
 0.00886683 0.0142515 0.0211715 0.0294867 0.0389047 0.0488614 0.0584506 0.0665876 0.0723635 0.0753266 0.0755098 0.0732713 0.0691173 0.0635785 0.0571317 0.0501628 0.0429771 0.035837 0.0289899 0.0226657 0.0170544 0.0122847 0.00841622 0.00544136 0.00329138
 0.00867993 0.013959 0.0207565 0.0289523 0.038286 0.0482363 0.057938 0.0663203 0.0724358 0.0757392 0.0761489 0.0739441 0.0696312 0.0638239 0.0571237 0.05002 0.0428518 0.0358382 0.0291418 0.0229178 0.0173259 0.0125102 0.00856774 0.00552426 0.00332722
 0.00874784 0.0140296 0.0207892 0.0288857 0.0380549 0.0478015 0.0573136 0.0655856 0.0717224 0.0751961 0.0758943 0.0740209 0.0699863 0.064328 0.0576283 0.050422 0.0431282 0.0360326 0.0293176 0.0231133 0.0175385 0.0127115 0.00872901 0.00563346 0.00338977
 0.00920792 0.0147473 0.0218086 0.0302151 0.0396522 0.0495582 0.0590492 0.0670686 0.0727274 0.0755767 0.0756327 0.0732253 0.0688396 0.0630184 0.0562961 0.0491451 0.0419419 0.0349611 0.0283913 0.0223625 0.0169767 0.0123249 0.00848271 0.00548572 0.00330478
 0.00924017 0.0148374 0.0220136 0.0306107 0.0403126 0.0505234 0.0602923 0.0684817 0.0741349 0.0767726 0.0764304 0.0735067 0.0685868 0.0623135 0.0552878 0.0479966 0.0407882 0.0338915 0.0274559 0.0215872 0.0163712 0.0118836 0.00818469 0.00529966 0.00319707
 0.00909021 0.0145962 0.0216595 0.0301366 0.0397405 0.0499203 0.0597752 0.0681964 0.0742069 0.0772499 0.0772516 0.0745135 0.0695781 0.0631119 0.05579 0.0481892 0.0407279 0.0336683 0.0271585 0.0212835 0.0161036 0.011673 0.00803503 0.00520337 0.00314091
 0.00898629 0.0144048 0.0213307 0.0296117 0.0389696 0.0488896 0.0585348 0.0668735 0.0729918 0.0763559 0.076858 0.0747099 0.0703296 0.0642654 0.0571234 0.0494822 0.0418226 0.034495 0.0277239 0.0216388 0.0163123 0.0117901 0.00809952 0.00523925 0.00316125
 0.00911913 0.0145864 0.021538 0.0297961 0.039062 0.0488142 0.0582274 0.0663006 0.072171 0.0753703 0.0758544 0.0738705 0.0698211 0.064184 0.0574605 0.05013 0.0426173 0.0352754 0.0283781 0.0221208 0.0166304 0.0119812 0.00820596 0.00529536 0.00318984
 0.00926715 0.0148261 0.0218947 0.0302853 0.0396779 0.0495146 0.0589236 0.0668655 0.0724689 0.0753015 0.0753936 0.0730836 0.0688524 0.0632174 0.0566662 0.0496147 0.0423986 0.0352914 0.0285261 0.0223025 0.0167821 0.0120797 0.00825679 0.00531518 0.00319438
 0.00916897 0.0146895 0.0217327 0.0301272 0.0395644 0.049487 0.0590111 0.0670723 0.0727655 0.0756229 0.0756518 0.0731953 0.0687728 0.0629632 0.056314 0.0492721 0.0421612 0.0352075 0.0285856 0.022453 0.0169598 0.0122362 0.00836974 0.00538465 0.00323151
 0.00892144 0.0143008 0.0211752 0.0293904 0.0386634 0.0484728 0.0579773 0.066148 0.0720871 0.0752942 0.0757097 0.073598 0.0694161 0.0637178 0.0570676 0.0499599 0.0427707 0.0357586 0.0291004 0.0229349 0.0173918 0.0125944 0.00863936 0.00556744 0.00334292
 0.00871785 0.0140125 0.0208194 0.029007 0.0383004 0.0481648 0.0577315 0.0659486 0.0719157 0.0751503 0.0756176 0.0735944 0.0695267 0.0639388 0.0573647 0.0502837 0.0430799 0.0360348 0.0293464 0.0231612 0.0176026 0.0127834 0.00879546 0.00568322 0.00341922
#obs surv len freq
 nan nan nan nan nan nan nan nan nan nan nan nan nan nan nan nan nan nan nan nan nan nan nan nan nan
 0.00449014 0.007354 0.0111863 0.0160043 0.0217055 0.0279804 0.0342929 0.0400221 0.0446993 0.0481606 0.0505161 0.0520096 0.0528997 0.0534102 0.053723 0.0539768 0.0542545 0.0545467 0.0546851 0.0542769 0.0527151 0.0493478 0.0437985 0.0362798 0.027665
 0.00461668 0.00756389 0.0115095 0.0164699 0.0223346 0.0287741 0.0352221 0.0410243 0.0456887 0.0490461 0.0512185 0.0524738 0.0530989 0.0533451 0.0534169 0.0534678 0.0535869 0.0537636 0.0538259 0.0533791 0.051818 0.048495 0.0430355 0.0356452 0.0271799
 0.00478402 0.00783559 0.011918 0.0170459 0.0231018 0.0297408 0.0363703 0.0423039 0.0470198 0.0503293 0.0523494 0.0533568 0.0536598 0.0535402 0.053237 0.0529359 0.0527497 0.0526823 0.0525682 0.0520161 0.0504259 0.0471552 0.0418285 0.0346375 0.0264083
 0.00497019 0.00814139 0.012384 0.0177115 0.0239975 0.0308758 0.0377205 0.0438079 0.0485879 0.05186 0.0537425 0.0545196 0.0545095 0.0540078 0.0532748 0.0525253 0.0519062 0.0514538 0.0510307 0.050268 0.0485836 0.0453466 0.0401799 0.0332517 0.0253432
 0.00517692 0.00848064 0.0129006 0.0184497 0.0249926 0.0321413 0.0392341 0.0455056 0.0503721 0.0536169 0.0553599 0.0558973 0.0555622 0.0546651 0.0534806 0.0522407 0.051116 0.0501756 0.0493227 0.0482326 0.0463641 0.0431154 0.0381135 0.0314973 0.0239864
 0.00541047 0.00886117 0.0134751 0.0192627 0.0260787 0.0335123 0.0408652 0.0473303 0.0522901 0.0555119 0.0571169 0.0574126 0.0567473 0.0554467 0.0537991 0.0520498 0.0503854 0.0489006 0.0475378 0.0460266 0.043887 0.0405673 0.0357129 0.0294342 0.0223777
 0.00565411 0.00926028 0.0140813 0.0201259 0.0272372 0.0349778 0.0426073 0.0492716 0.0543182 0.0575015 0.0589496 0.0589876 0.057982 0.0562736 0.0541625 0.0519029 0.0496917 0.0476415 0.0457294 0.0437405 0.0412659 0.0378212 0.0330862 0.0271497 0.0205804
 0.00588758 0.00964514 0.0146705 0.0209723 0.0283839 0.0364415 0.0443619 0.0512418 0.0563899 0.0595434 0.0608352 0.060608 0.0592508 0.0571255 0.054548 0.0517821 0.0490316 0.0464204 0.0439525 0.0414645 0.0386206 0.0350127 0.0303668 0.0247596 0.0186837
 0.00614746 0.0100677 0.0153068 0.0218703 0.0295799 0.0379467 0.0461472 0.0532321 0.0584728 0.0615892 0.0627173 0.0622157 0.0604958 0.0579422 0.0548904 0.0516181 0.0483374 0.0451809 0.0421735 0.0391953 0.0359797 0.0321956 0.0276221 0.0223312 0.0167445
 0.0063758 0.0104461 0.0158892 0.0227112 0.0307226 0.0394055 0.0478905 0.0551775 0.0605009 0.0635685 0.0645257 0.0637523 0.0616816 0.0587176 0.0552122 0.0514553 0.0476682 0.0439935 0.0404752 0.0370323 0.0334603 0.0295009 0.0249858 0.0199876 0.0148638
 0.00661447 0.0108352 0.0164773 0.0235446 0.0318374 0.0408141 0.0495666 0.0570492 0.0624585 0.0654834 0.0662717 0.0652208 0.0627899 0.0594102 0.0554561 0.0512323 0.0469683 0.0428137 0.0388275 0.034962 0.0310677 0.0269514 0.0224944 0.0177712 0.0130819
 0.0068297 0.0111905 0.0170216 0.0243263 0.032894 0.0421563 0.0511629 0.0588218 0.0642957 0.0672625 0.067879 0.066562 0.0637924 0.0600225 0.0556458 0.0509833 0.0462757 0.041682 0.0372752 0.0330356 0.0288601 0.0246119 0.0202149 0.0157455 0.011453
 0.00706736 0.0115774 0.0176049 0.0251497 0.0339889 0.0435279 0.0527756 0.060594 0.0661104 0.0689897 0.0693985 0.0677783 0.0646404 0.060466 0.0556715 0.0505928 0.0454794 0.0404963 0.035727 0.0311748 0.0267743 0.0224353 0.0181163 0.0138933 0.00996999
 0.00729592 0.0119524 0.0181751 0.0259613 0.0350751 0.0448924 0.0543774 0.0623433 0.0678827 0.0706514 0.0708302 0.0688888 0.0653699 0.0607848 0.0555751 0.0500953 0.0446055 0.039277 0.0342008 0.0293964 0.0248277 0.02044 0.0162178 0.0122338 0.00865008
 0.0074311 0.0121804 0.0185339 0.0264921 0.0358148 0.0458606 0.0555625 0.0636961 0.0693211 0.0720739 0.072132 0.0699743 0.0661627 0.061233 0.0556532 0.0498012 0.0439553 0.0383 0.0329385 0.0279064 0.0231907 0.0187633 0.0146266 0.0108468 0.00754968
 0.00750736 0.0123031 0.0187169 0.0267504 0.0361643 0.0463181 0.0561423 0.064404 0.0701485 0.0729921 0.0730906 0.0709041 0.0669846 0.0618694 0.0560392 0.0498924 0.0437315 0.0377651 0.0321191 0.0268522 0.0219758 0.0174849 0.0133946 0.00976355 0.0066861
 0.00760449 0.0124507 0.0189202 0.0270077 0.0364689 0.0466614 0.056516 0.064803 0.0705717 0.0734431 0.0735728 0.071413 0.0674991 0.062348 0.0564245 0.0501223 0.0437525 0.0375437 0.0316496 0.0261598 0.0211167 0.0165413 0.0124618 0.00893104 0.00601652
 0.00769083 0.012591 0.0191302 0.0272997 0.0368467 0.0471138 0.0570129 0.0652987 0.0710183 0.073807 0.0738455 0.0716099 0.0676467 0.0624674 0.0565181 0.0501692 0.0437144 0.0373778 0.0313247 0.0256702 0.0204892 0.0158328 0.0117474 0.00828504 0.00549266
 0.00773359 0.0126565 0.019222 0.0274195 0.0369961 0.047295 0.0572283 0.0655472 0.0712913 0.0740869 0.0741088 0.0718353 0.0678233 0.0625967 0.0566085 0.050225 0.0437267 0.0373235 0.0311752 0.0254059 0.0201131 0.0153757 0.011262 0.00782985 0.00511409
 0.00776613 0.012705 0.0192867 0.0274979 0.0370834 0.0473862 0.0573199 0.0656388 0.0713863 0.0741907 0.0742265 0.0719671 0.067962 0.0627307 0.0567254 0.050315 0.043781 0.0373308 0.03112 0.0252735 0.019899 0.015094 0.0109454 0.00752016 0.00484842
 0.00782675 0.0127935 0.0194011 0.0276297 0.0372193 0.0475121 0.057424 0.0657138 0.0714302 0.0742077 0.0742267 0.0719634 0.0679668 0.0627503 0.0567585 0.0503531 0.0438114 0.0373389 0.0310913 0.0251956 0.0197665 0.014913 0.0107352 0.0073087 0.00466256
 0.00785167 0.0128344 0.0194628 0.0277154 0.0373287 0.0476382 0.0575523 0.0658243 0.0715043 0.0742353 0.0742104 0.0719174 0.0679105 0.0627018 0.0567291 0.0503451 0.0438184 0.0373481 0.0310869 0.0251634 0.0196977 0.0148081 0.0106053 0.00717208 0.00453847
 0.00786946 0.0128582 0.0194896 0.02774 0.0373458 0.0476462 0.0575542 0.0658267 0.0715126 0.0742504 0.0742275 0.0719302 0.0679156 0.0627016 0.0567303 0.0503549 0.0438394 0.0373763 0.0311125 0.0251741 0.0196834 0.0147654 0.010539 0.00709406 0.00446261
 0.00788541 0.0128804 0.0195157 0.027765 0.037363 0.0476484 0.0575367 0.0657888 0.0714593 0.0741919 0.0741764 0.0718969 0.0679047 0.0627115 0.056756 0.0503913 0.0438828 0.0374232 0.0311576 0.0252097 0.0197018 0.0147619 0.0105149 0.00705623 0.00442068
 0.0078826 0.0128753 0.019507 0.027751 0.0373415 0.0476172 0.0574942 0.0657348 0.0713957 0.0741236 0.0741116 0.0718457 0.0678769 0.0627132 0.0567877 0.0504477 0.0439555 0.0375028 0.0312352 0.0252773 0.0197527 0.0147922 0.0105245 0.00704946 0.00440468
 0.00787566 0.0128605 0.0194785 0.0277015 0.037265 0.0475121 0.0573659 0.0655957 0.0712622 0.0740109 0.0740306 0.0718021 0.0678723 0.0627466 0.0568559 0.0505451 0.0440735 0.0376309 0.031362 0.0253922 0.0198474 0.0148618 0.0105686 0.00707168 0.00441141
 0.00790427 0.0129011 0.0195282 0.0277533 0.0373083 0.0475354 0.0573592 0.065553 0.0711836 0.0739039 0.0739091 0.0716834 0.0677723 0.0626768 0.0568219 0.0505469 0.0441071 0.0376887 0.0314342 0.0254682 0.0199172 0.0149183 0.0106083 0.00709517 0.00442222
 0.0079029 0.0129003 0.0195295 0.0277581 0.0373172 0.047546 0.0573655 0.0655464 0.0711559 0.073851 0.0738336 0.0715946 0.0676842 0.0626037 0.0567751 0.0505327 0.0441257 0.0377352 0.0315001 0.025543 0.0199907 0.014982 0.0106571 0.00712805 0.00444136
 0.00788472 0.0128708 0.0194854 0.0276973 0.0372397 0.0474556 0.0572704 0.0654577 0.0710839 0.0738013 0.0738056 0.0715832 0.0676842 0.0626129 0.0567952 0.0505675 0.0441784 0.0378059 0.0315848 0.0256343 0.0200796 0.0150603 0.0107193 0.00717242 0.00446955
 0.0078428 0.0128025 0.0193827 0.0275534 0.0370516 0.0472272 0.0570158 0.0652011 0.0708554 0.0736296 0.0737103 0.0715712 0.0677485 0.0627372 0.0569596 0.0507539 0.0443732 0.0380001 0.031772 0.0258083 0.020234 0.0151894 0.0108198 0.00724419 0.00451625
 0.00782364 0.0127667 0.0193203 0.0274525 0.0369012 0.0470227 0.0567628 0.0649179 0.0705698 0.0733736 0.0735141 0.0714571 0.0677281 0.0628087 0.057109 0.0509593 0.0446101 0.0382466 0.0320108 0.0260274 0.0204249 0.0153468 0.0109413 0.00733125 0.00457345
 0.00780512 0.0127374 0.0192772 0.0273926 0.0368207 0.0469167 0.0566268 0.0647497 0.070373 0.0731605 0.0733054 0.071279 0.0676062 0.0627617 0.0571443 0.0510712 0.0447823 0.0384564 0.0322345 0.0262443 0.0206198 0.0155098 0.0110683 0.00742287 0.00463416
 0.00777509 0.0126862 0.0191961 0.0272728 0.0366565 0.0467091 0.0563868 0.0644969 0.0701307 0.0729487 0.0731375 0.0711627 0.0675466 0.0627642 0.0572133 0.0512067 0.044977 0.0386947 0.032495 0.0265037 0.0208573 0.0157109 0.0112257 0.00753645 0.00470941
 0.00773357 0.0126191 0.019096 0.0271329 0.0364722 0.0464803 0.0561201 0.064208 0.069843 0.0726892 0.0729317 0.0710291 0.0674945 0.0627934 0.0573173 0.051376 0.0452001 0.0389576 0.0327798 0.0267895 0.0211232 0.0159396 0.0114072 0.0076688 0.00479766
 0.00933116 0.0148538 0.0217897 0.0298961 0.0388174 0.0480027 0.0566403 0.0637985 0.0687452 0.0711913 0.0712794 0.0693929 0.0659769 0.0614488 0.0561691 0.0504282 0.0444447 0.0383793 0.0323581 0.0265001 0.0209389 0.0158325 0.0113518 0.00764424 0.00478919
 0.00931269 0.0151204 0.0227134 0.0319385 0.042328 0.0529472 0.0624286 0.0693809 0.0729853 0.0733143 0.0711278 0.0673681 0.0627622 0.0577183 0.0524208 0.0469563 0.0413888 0.0357864 0.0302277 0.0248071 0.0196438 0.0148853 0.0106946 0.00721529 0.00452808
 0.00896459 0.0145741 0.0219497 0.0310099 0.0414119 0.0523816 0.0626708 0.070844 0.07579 0.0771057 0.0751195 0.0706403 0.0646452 0.0580245 0.0514135 0.0451333 0.0392483 0.0336914 0.028382 0.023293 0.0184704 0.0140233 0.0100962 0.0068254 0.0042914
 0.00880774 0.0143049 0.0215192 0.0303671 0.0405236 0.0512674 0.0614464 0.0697494 0.0751678 0.0773052 0.0763398 0.0727843 0.067288 0.0605524 0.0532721 0.0460394 0.0392461 0.0330511 0.0274361 0.0223119 0.0176155 0.0133593 0.00962476 0.0065164 0.00410431
 0.00872737 0.0141707 0.0213096 0.0300569 0.0400858 0.0506794 0.0607017 0.0688757 0.0742487 0.0764944 0.0758513 0.0728369 0.0680087 0.0618824 0.0549451 0.0476689 0.0404828 0.0337177 0.0275614 0.0220648 0.0171997 0.0129338 0.00927628 0.00627024 0.00394969
 0.00870488 0.0141318 0.0212464 0.0299589 0.0399408 0.0504735 0.0604217 0.0685115 0.0737987 0.0759766 0.0753179 0.0723853 0.0677713 0.0619848 0.055441 0.0484888 0.0414403 0.0345815 0.0281549 0.0223301 0.0171934 0.0127711 0.00906802 0.00608733 0.00381937
 0.00868734 0.0141 0.0211923 0.0298732 0.0398146 0.0503019 0.060206 0.0682585 0.0735181 0.0756775 0.0750103 0.0720872 0.0675202 0.0618411 0.0554749 0.0487465 0.0419073 0.03517 0.0287327 0.0227776 0.0174525 0.0128562 0.00903924 0.0060115 0.00374328
 0.00870321 0.0141272 0.0212353 0.0299355 0.0398956 0.0503937 0.0602913 0.0683131 0.073517 0.0756033 0.0748581 0.0718666 0.0672542 0.0615666 0.0552409 0.0486065 0.0419009 0.0353012 0.0289602 0.0230292 0.0176573 0.0129752 0.00907413 0.00599133 0.00370202
 0.00869274 0.0141129 0.0212188 0.0299206 0.0398878 0.0503985 0.0603128 0.0683508 0.0735641 0.0756457 0.0748773 0.0718451 0.0671826 0.0614492 0.0550976 0.0484703 0.041809 0.0352818 0.029019 0.0231441 0.0177881 0.013083 0.00913829 0.0060131 0.00369657
 0.00866226 0.0140648 0.0211495 0.0298286 0.039775 0.0502721 0.0601856 0.0682405 0.0734886 0.0756174 0.0748972 0.0719023 0.0672572 0.0615195 0.0551485 0.0484995 0.041828 0.0353098 0.0290723 0.0232264 0.0178878 0.0131794 0.00921295 0.00605844 0.0037163
 0.00864044 0.014029 0.0210953 0.0297518 0.0396733 0.0501466 0.0600428 0.068093 0.0733537 0.075513 0.0748386 0.0718969 0.0673029 0.0616042 0.055254 0.0486075 0.0419269 0.0353977 0.0291547 0.0233099 0.0179733 0.0132608 0.00928126 0.0061072 0.00374508
 0.00864244 0.0140304 0.0210937 0.0297437 0.0396541 0.0501121 0.0599901 0.0680221 0.0732679 0.0754198 0.0747485 0.0718229 0.0672565 0.0615925 0.0552767 0.0486574 0.0419927 0.0354688 0.0292249 0.0233771 0.0180372 0.0133199 0.00933188 0.00614588 0.00377065
 0.00865171 0.0140461 0.0211182 0.029779 0.0397006 0.0501665 0.060045 0.0680663 0.0732894 0.0754097 0.074705 0.0717513 0.0671688 0.0615035 0.0552007 0.0486038 0.0419646 0.0354635 0.0292364 0.0233993 0.0180651 0.0133495 0.00935969 0.00616899 0.00378736
 0.00862541 0.0140077 0.0210686 0.0297222 0.039643 0.0501158 0.0600081 0.0680478 0.0732905 0.0754271 0.0747309 0.0717768 0.0671866 0.0615113 0.0552014 0.048604 0.041971 0.0354803 0.0292639 0.0234345 0.0181036 0.0133868 0.00939233 0.00619485 0.0038058
 0.00862136 0.013997 0.0210453 0.029679 0.0395744 0.0500219 0.0598978 0.0679377 0.0732001 0.0753717 0.0747171 0.0718007 0.0672371 0.0615748 0.0552663 0.0486636 0.042024 0.0355287 0.0293105 0.0234806 0.0181483 0.0134278 0.00942722 0.00622202 0.00382499
 0.00862136 0.013997 0.0210453 0.029679 0.0395744 0.0500219 0.0598978 0.0679377 0.0732001 0.0753717 0.0747171 0.0718007 0.0672371 0.0615748 0.0552663 0.0486636 0.042024 0.0355287 0.0293105 0.0234806 0.0181483 0.0134278 0.00942722 0.00622202 0.00382499
 0.00905199 0.0146783 0.0220318 0.0309986 0.0412111 0.0518954 0.0618504 0.0697475 0.0746285 0.0762299 0.0749157 0.071362 0.0662707 0.0602375 0.0537241 0.0470651 0.0404861 0.0341334 0.0281072 0.0224919 0.0173752 0.0128548 0.00902685 0.00596013 0.00366581
 0.00918593 0.0149364 0.0224936 0.031759 0.0423524 0.0534449 0.0637413 0.0718099 0.0766196 0.0778909 0.0760311 0.0718016 0.0660093 0.0593501 0.0523606 0.0454123 0.0387296 0.0324291 0.0265679 0.0211851 0.0163288 0.012065 0.0084672 0.00558986 0.00343861
 0.00879933 0.0143322 0.0216359 0.0306482 0.0410452 0.0520729 0.062515 0.070984 0.0764169 0.0784141 0.0772115 0.0734169 0.0677591 0.0609484 0.0536071 0.0462217 0.0391219 0.0324938 0.0264216 0.0209372 0.0160617 0.011829 0.0082846 0.00546305 0.00335886
 0.00867852 0.0140898 0.0211884 0.0298955 0.0399037 0.0505257 0.060657 0.0690327 0.0746744 0.0771913 0.0767434 0.0737957 0.0689065 0.0626378 0.0555311 0.0480806 0.0406967 0.0336806 0.0272219 0.02142 0.0163211 0.0119516 0.0083342 0.00547929 0.00336243
 0.0087539 0.0141942 0.021308 0.0299957 0.0399251 0.0503865 0.0602662 0.0683202 0.0736339 0.0759172 0.0754341 0.0727094 0.0682793 0.0626019 0.0560691 0.0490382 0.0418445 0.0347941 0.0281446 0.0220872 0.0167457 0.0121898 0.00845148 0.00552936 0.00338051
 0.00906542 0.0146946 0.0220464 0.0310035 0.0411976 0.0518578 0.06179 0.0696766 0.0745732 0.0762316 0.0750285 0.0716414 0.0667522 0.0609086 0.0545045 0.0478123 0.0410335 0.0343477 0.0279397 0.0219949 0.0166772 0.0121089 0.00835966 0.00544254 0.00331183
 0.00879176 0.0143003 0.0215489 0.0304576 0.0406872 0.0514784 0.0616272 0.0697837 0.0749492 0.0768065 0.0756693 0.0721883 0.0670757 0.0609615 0.0543403 0.0475568 0.0408247 0.0342754 0.0280172 0.0221722 0.0168815 0.0122824 0.00847713 0.00550695 0.00333976
 0.00874816 0.0141946 0.0213288 0.0300621 0.0400734 0.0506584 0.060694 0.0689016 0.0743048 0.0765406 0.0758252 0.0726993 0.0677941 0.0617134 0.054985 0.0480281 0.0411365 0.034493 0.0282099 0.0223775 0.0170967 0.0124816 0.00863557 0.00561486 0.00340288
 0.00907856 0.0147155 0.0220772 0.0310476 0.0412604 0.0519489 0.0619246 0.0698739 0.0748492 0.0765848 0.075423 0.0719976 0.0669605 0.0608704 0.0541846 0.0472703 0.0404095 0.0338037 0.0275893 0.0218632 0.0167102 0.0122186 0.00847139 0.00551859 0.00334836
 0.00900451 0.0146393 0.0220444 0.0311281 0.04153 0.0524582 0.0626688 0.0707787 0.0757814 0.0773849 0.0759505 0.0721748 0.0667947 0.0604428 0.0536099 0.0466509 0.0398094 0.0332517 0.0270979 0.0214436 0.0163739 0.0119705 0.00830451 0.00541619 0.00329049
 0.00883063 0.0143479 0.0215946 0.030489 0.0407035 0.0515056 0.0617242 0.0700279 0.0754025 0.0774759 0.0764865 0.0730187 0.0677547 0.0613435 0.0543415 0.0471804 0.0401595 0.0334674 0.0272223 0.0215092 0.0164044 0.011983 0.00831048 0.00542109 0.00329544
 0.00864411 0.0140349 0.0211058 0.0297745 0.0397264 0.0502647 0.0602787 0.06851 0.0740054 0.076417 0.0759516 0.0731065 0.0684423 0.0624907 0.0557375 0.0486111 0.0414634 0.0345585 0.0280799 0.0221527 0.0168694 0.0123072 0.00852776 0.00556023 0.00337979
 0.00864137 0.0140111 0.0210332 0.0296121 0.0394262 0.0497836 0.0595935 0.0676295 0.0729799 0.0753418 0.0749618 0.0723574 0.0680721 0.0625766 0.0562653 0.0494756 0.042504 0.0356115 0.0290222 0.0229196 0.0174477 0.0127165 0.00880144 0.00573318 0.00348267
