SBPRF35
7.78865
Curr Bio
433763
B35
661166
F35
0.213064
FOFL
0.138636
OFL
48927
Bzero
2.22533e+006
#pred survey bio
 4.65038e+006 4.39797e+006 4.14562e+006 3.84907e+006 3.55144e+006 3.21861e+006 2.8893e+006 2.54029e+006 2.22386e+006 1.93919e+006 1.71091e+006 1.50941e+006 1.31324e+006 1.16577e+006 1.01023e+006 928334 828962 763742 723446 694175 664407 644698 626719 616488 617565 602313 602010 608812 608225 603573 609746 612523 611441 607494 595098 573378 566790 559901 571433 584838 590096 590607 604703 610624 601683 606077 606256 606657 608298 605373 598920 573508 546901 555009 547633 556214 566679 561501 551067 561511 535823 495925 476418 464551 460822 462021 449551 439146 1.56386e+007 9.48613e+006 9.90419e+006 1.08466e+007 1.20446e+007 1.32497e+007 1.43188e+007 1.5196e+007 1.58797e+007 1.63945e+007 1.67732e+007 1.70479e+007 1.72453e+007 1.73867e+007 1.7488e+007 1.75608e+007 1.76132e+007 1.76513e+007 1.7679e+007 1.76994e+007 1.77145e+007 1.77258e+007 1.77342e+007 1.77405e+007 1.77453e+007 1.77489e+007 1.77517e+007 1.77538e+007 1.77554e+007 1.77566e+007 1.77576e+007 1.77583e+007 1.77589e+007 1.77593e+007 1.77596e+007 1.77599e+007 1.77601e+007 1.77603e+007 1.77604e+007 1.77605e+007 1.77605e+007 1.77606e+007 1.77606e+007 1.77607e+007 1.77607e+007 1.77607e+007 1.77607e+007 1.77607e+007 1.77607e+007 1.77608e+007 1.77608e+007 1.77608e+007 1.77608e+007 1.77608e+007 1.77608e+007 1.77608e+007 1.77608e+007 1.77608e+007 1.77608e+007 1.77608e+007 1.77608e+007 1.77608e+007 1.77608e+007 1.77608e+007 1.77608e+007 1.77608e+007 1.77608e+007 1.77608e+007 1.77608e+007 1.77608e+007 1.77608e+007 1.77608e+007 1.77608e+007 1.77608e+007 1.77608e+007 1.77608e+007 1.77608e+007 1.77608e+007 1.77608e+007 1.77608e+007 1.77608e+007 1.77608e+007 1.77608e+007 1.77608e+007 1.77608e+007 1.77608e+007 1.77608e+007 1.77608e+007 1.77608e+007 1.77608e+007 1.77608e+007 1.77608e+007 1.77608e+007 1.77608e+007 1.77608e+007 1.77608e+007 1.77608e+007 1.77608e+007 1.77608e+007 1.77608e+007 0 0 0 0 0 0 0 0 0 0 0 0 0 0 0 0 0 0 0 0 0 0 0 0 0
#obs survey bio
 3.23197e+006 3.13882e+006 2.59416e+006 3.85583e+006 2.13394e+006 2.91482e+006 2.38619e+006 2.3751e+006 2.03868e+006 1.63814e+006 1.26042e+006 1.26567e+006 1.15704e+006 957998 853301 507199 654083 638683 874774 676657 560760 476602 560776 521680 598057 496333 569198 465365 468916 485694 498901 832190 705217 508445 686715 590684 551304 486013 773772 446925 645409 472285 454161 690655 547387 553160 626582 639402 622690 598386 644182 600600 710278 493931 506417 576025 604762 470813 735651 710642 434523 576994 448800 493324 485034 471368 502344 405194
#pred catch bio
 101132 102838 155802 177869 237201 264834 313873 313187 308715 277910 269637 275877 240089 250600 189543 205656 174437 150476 138395 136281 125855 122790 114862 105016 118078 104488 98048.2 103212 104898 94491.3 95848.6 96582.3 96019 99428.3 102973 89012.5 92581 81754.1 83717 91602.5 94954.3 83280.3 89991.6 100791 87952.8 90906.7 90364.4 89422.2 93700.2 96859.3 112182 112165 83758.4 98077.5 85105.9 83723.4 96208.2 99433.8 81001 109585 118870 100316 93136.8 85049.2 79729.1 89893.1 86506.5 69599.9 48927 73223.7 75035.7 81024.7 89731.1 98680.7 106540 112848 117619 121077 123505 125171 126292 127036 127525 127842 128047 128179 128263 128317 128351 128372 128386 128394 128400 128403 128405 128407 128407 128408 128408 128409 128409 128409 128409 128409 128409 128409 128409 128409 128409 128409 128409 128409 128409 128409 128409 128409 128409 128409 128409 128409 128409 128409 128409 128409 128409 128409 128409 128409 128409 128409 128409 128409 128409 128409 128409 128409 128409 128409 128409 128409 128409 128409 128409 128409 128409 128409 128409 128409 128409 128409 128409 128409 128409 128409 128409 128409 128409 128409 128409 128409 128409 128409 128409 128409 128409 128409 128409 128409 0 0 0 0 0 0 0 0 0 0 0 0 0 0 0 0 0 0 0 0 0 0 0 0 0
#obs catch bio
 0 102651 156746 178643 240015 268214 320307 320272 316670 283888 276692 284537 246987 259183 193782 213772 180240 154490 140839 138980 128521 125757 117295 106615 120920 106860 99829.9 105336 106765 95928.3 97572.8 97739.4 97110.3 100679 104265 89504.2 93824.1 82130.7 83976.1 92101.9 95107.2 83248.4 90212.3 101113 87605.9 90786.1 90138.4 89253.3 93416.6 97026.9 112375 112818 83404.1 98789.8 85433.4 83694.7 96467.7 100106 80655.4 108956 118434 99761.7 92798.5 84768.6 79078.1 89441.7 86352.8 69476.2
#pred cpue bio
 4.58036e+006 4.33322e+006 4.0841e+006 3.78873e+006 3.49213e+006 3.16073e+006 2.83299e+006 2.48613e+006 2.17198e+006 1.88971e+006 1.66322e+006 1.46341e+006 1.26948e+006 1.12392e+006 970802 889687 792120 728678 689971 661877 633003 613809 596426 586629 587676 572864 572744 579690 579512 575303 581591 584828 584450 581203 569836 549283 542174 533834 544060 557151 562724 563599 577456 583430 575128 579640 579852 580206 581709 578651 572248 547359 521133 528694 521400 529882 540458 535576 525400 535898 511173 471968 452603 441208 438070 439626 427554 417528 1.48991e+007 9.05066e+006 9.32846e+006 1.01291e+007 1.12829e+007 1.24788e+007 1.35462e+007 1.44231e+007 1.51068e+007 1.56216e+007 1.60004e+007 1.6275e+007 1.64724e+007 1.66139e+007 1.67152e+007 1.67879e+007 1.68403e+007 1.68784e+007 1.69061e+007 1.69266e+007 1.69417e+007 1.69529e+007 1.69613e+007 1.69676e+007 1.69724e+007 1.69761e+007 1.69788e+007 1.69809e+007 1.69825e+007 1.69838e+007 1.69847e+007 1.69854e+007 1.6986e+007 1.69864e+007 1.69868e+007 1.6987e+007 1.69872e+007 1.69874e+007 1.69875e+007 1.69876e+007 1.69877e+007 1.69877e+007 1.69878e+007 1.69878e+007 1.69878e+007 1.69878e+007 1.69879e+007 1.69879e+007 1.69879e+007 1.69879e+007 1.69879e+007 1.69879e+007 1.69879e+007 1.69879e+007 1.69879e+007 1.69879e+007 1.69879e+007 1.69879e+007 1.69879e+007 1.69879e+007 1.69879e+007 1.69879e+007 1.69879e+007 1.69879e+007 1.69879e+007 1.69879e+007 1.69879e+007 1.69879e+007 1.69879e+007 1.69879e+007 1.69879e+007 1.69879e+007 1.69879e+007 1.69879e+007 1.69879e+007 1.69879e+007 1.69879e+007 1.69879e+007 1.69879e+007 1.69879e+007 1.69879e+007 1.69879e+007 1.69879e+007 1.69879e+007 1.69879e+007 1.69879e+007 1.69879e+007 1.69879e+007 1.69879e+007 1.69879e+007 1.69879e+007 1.69879e+007 1.69879e+007 1.69879e+007 1.69879e+007 1.69879e+007 1.69879e+007 1.69879e+007 1.69879e+007 1.69879e+007 0 0 0 0 0 0 0 0 0 0 0 0 0 0 0 0 0 0 0 0 0 0 0 0 0
#obs cpue bio
 2.96855e+006 4.00256e+006 2.95939e+006 2.8545e+006 3.13254e+006 2.82239e+006 2.2362e+006 1.81124e+006 1.71734e+006 2.16752e+006 1.30022e+006 1.21547e+006 902824 1.08002e+006 842031 674316 662242 699162 678518 481052 443304 509475 535763 620612 363919 390158 537322 545407 747840 512611 479224 568662 428113 563086 485603 591674 332118 846431 452814 618980 730419 638351 659139 580294 898035 590117 626488 515736 669140 365467 613768 415042 537838 366757 513235 682312 458338 493566 581203 695687 580072 440083 486391 429041 598011 426358 339672 388612
#pred surv len freq
 0.00494425 0.00805427 0.0121709 0.0172876 0.0232827 0.0298343 0.0363952 0.0423314 0.0471641 0.0507303 0.0531556 0.0547072 0.0556576 0.0562109 0.0564744 0.0564527 0.0560652 0.0551755 0.0536155 0.0511873 0.0476678 0.0428657 0.0367575 0.0296407 0.0221714
 0.00530605 0.00851031 0.0126184 0.0175635 0.0232255 0.029372 0.0356039 0.0414152 0.046358 0.0501843 0.0528711 0.0545592 0.0554801 0.0558919 0.0560142 0.0559672 0.0557357 0.0551691 0.054007 0.0519205 0.0485764 0.0437449 0.0374474 0.0300769 0.0223813
 0.00556888 0.00896398 0.0133398 0.0186134 0.0246032 0.0309638 0.0371664 0.0426329 0.0469692 0.0501035 0.05222 0.0535801 0.0543961 0.054815 0.0549523 0.0549021 0.0546984 0.0542569 0.0533364 0.0515559 0.0484876 0.0438218 0.0375593 0.0301338 0.0223593
 0.00581469 0.00935798 0.0139255 0.0194352 0.0257057 0.0323804 0.0388918 0.0445835 0.0489555 0.0518457 0.0534224 0.0540397 0.0540798 0.053854 0.0535603 0.0532818 0.0529998 0.0525917 0.0518054 0.0502476 0.0474512 0.0430476 0.0369913 0.0297057 0.0220257
 0.00605868 0.00974863 0.0145026 0.0202328 0.0267482 0.0336765 0.0404272 0.0463168 0.0508155 0.0537251 0.0551665 0.0554466 0.0549354 0.0539978 0.0529493 0.0520073 0.0512481 0.0505811 0.0497376 0.0482863 0.0457133 0.0415981 0.0358443 0.0288385 0.021398
 0.00632296 0.0101762 0.015142 0.021128 0.0279296 0.0351491 0.0421576 0.0482301 0.0528078 0.0556833 0.0569812 0.0570081 0.0561199 0.0546652 0.0529671 0.0512974 0.0498306 0.0485848 0.0473716 0.045789 0.0433047 0.0394478 0.0340567 0.0274523 0.0203971
 0.0065779 0.010589 0.0157608 0.0219973 0.0290838 0.0366002 0.0438818 0.0501611 0.0548434 0.0577024 0.0588626 0.0586417 0.0574075 0.0555131 0.0532792 0.0509828 0.0488306 0.0469116 0.0451341 0.0431876 0.0405923 0.0368747 0.0318212 0.0256696 0.0190935
 0.00685888 0.0110461 0.0164491 0.0229685 0.030376 0.0382231 0.0458005 0.0522904 0.0570592 0.0598652 0.0608392 0.0603183 0.0586929 0.0563346 0.0535751 0.0506953 0.0479101 0.0453382 0.0429511 0.0405285 0.0376794 0.0339808 0.0292067 0.0235216 0.0174912
 0.007148 0.0115082 0.0171307 0.023909 0.0316034 0.0397448 0.0475917 0.0542868 0.0591606 0.061949 0.0627778 0.0619925 0.0600016 0.0571986 0.0539343 0.0505027 0.0471276 0.0439445 0.0409647 0.0380385 0.0348636 0.0310908 0.026515 0.021252 0.0157635
 0.00753749 0.0121147 0.0179939 0.0250486 0.0330177 0.0414091 0.0494542 0.0562669 0.0611572 0.0638551 0.0644943 0.0634342 0.0610967 0.0578866 0.0541649 0.050234 0.0463259 0.0425896 0.039066 0.0356613 0.0321519 0.028266 0.023837 0.0189527 0.013984
 0.00785731 0.0126299 0.0187591 0.0261089 0.0343963 0.0430915 0.0513736 0.0583056 0.0631693 0.0657017 0.0660701 0.0646748 0.0619683 0.0583704 0.0542439 0.0498868 0.0455276 0.0413191 0.0373234 0.0334921 0.0296706 0.02566 0.0213384 0.01678 0.0122812
 0.00809068 0.0130176 0.0193581 0.0269772 0.0355812 0.0446096 0.0531906 0.0603272 0.0652523 0.0676813 0.0677915 0.0660185 0.0628633 0.058793 0.0542043 0.0494087 0.0446313 0.0400163 0.0356288 0.0314469 0.027368 0.0232557 0.0190316 0.014765 0.0106912
 0.00838907 0.0134928 0.0200555 0.0279337 0.0368204 0.046133 0.0549657 0.0622794 0.0672672 0.0696191 0.0695059 0.0673764 0.0637635 0.0591789 0.0540675 0.0487792 0.0435597 0.0385572 0.0338352 0.029381 0.0251218 0.0209642 0.0168627 0.0128826 0.00920829
 0.0086408 0.013889 0.0206277 0.0287033 0.037796 0.0473073 0.0563099 0.0637411 0.0687753 0.0710924 0.0708609 0.0685304 0.0646358 0.0596972 0.054178 0.0484568 0.0428114 0.0374178 0.0323602 0.0276446 0.0232215 0.0190255 0.01503 0.0112926 0.00795451
 0.00916119 0.0146896 0.0217468 0.0301435 0.0395228 0.0492493 0.0583584 0.0657553 0.070602 0.0725968 0.071952 0.0691698 0.0648276 0.0594701 0.0535678 0.0474979 0.0415368 0.0358648 0.0305778 0.0257005 0.0212065 0.0170525 0.0132227 0.00976089 0.00676663
 0.00919778 0.0147876 0.0219647 0.030557 0.0402033 0.0502314 0.0596131 0.0671873 0.0720749 0.0739721 0.0731196 0.0700588 0.0654027 0.0597206 0.0534985 0.047122 0.040872 0.0349344 0.0294161 0.0243597 0.0197621 0.0156018 0.0118722 0.00860518 0.00586504
 0.00924113 0.0148827 0.0221545 0.0309005 0.0407656 0.0510647 0.060734 0.0685596 0.0736043 0.0755161 0.0745133 0.0711503 0.0660873 0.0599589 0.0533111 0.0465677 0.0400224 0.0338575 0.0281727 0.0230096 0.0183732 0.0142534 0.010648 0.00757701 0.00507431
 0.00926985 0.0149121 0.0221694 0.0308828 0.0407085 0.0509904 0.060704 0.0686651 0.0739356 0.0761222 0.075373 0.0721692 0.0671212 0.0608543 0.0539448 0.046871 0.0399844 0.0335113 0.0275766 0.0222338 0.0174937 0.0133504 0.00979997 0.0068494 0.00450699
 0.0093695 0.0150447 0.0223139 0.0309999 0.04075 0.0509164 0.0605014 0.0683603 0.0735971 0.0758508 0.0752764 0.0723263 0.0675487 0.0614924 0.0546729 0.0475458 0.040483 0.0337603 0.0275594 0.0219815 0.0170692 0.0128314 0.00926546 0.00636574 0.00411748
 0.00950346 0.0152444 0.0225795 0.0313158 0.041084 0.0512219 0.0607229 0.068444 0.0735089 0.0755961 0.0749104 0.0719452 0.0672608 0.0613801 0.0547611 0.0477925 0.040796 0.0340325 0.0277055 0.0219613 0.0168911 0.0125408 0.00892504 0.00603581 0.00384107
 0.00963118 0.0154487 0.0228797 0.0317242 0.0415995 0.0518217 0.0613552 0.06903 0.0739577 0.0758291 0.074886 0.0716741 0.0668063 0.0608423 0.054247 0.0473824 0.040519 0.0338639 0.0275865 0.02183 0.0167096 0.0123061 0.00866209 0.00578132 0.00362633
 0.00963647 0.0154652 0.0229192 0.031804 0.0417388 0.0520359 0.061649 0.0693914 0.074355 0.0762123 0.0751951 0.071853 0.066821 0.0606946 0.0539775 0.0470572 0.0402054 0.0336055 0.0273912 0.0216763 0.0165663 0.012152 0.00849603 0.00561771 0.00348386
 0.00967957 0.015526 0.0229943 0.0318858 0.0418202 0.052116 0.0617364 0.0695023 0.0745048 0.0764056 0.0754181 0.0720732 0.0669946 0.0607807 0.0539534 0.0469281 0.0400027 0.0333734 0.0271682 0.0214822 0.0164014 0.0120071 0.00836386 0.0054986 0.00338351
 0.0098076 0.0157049 0.0232094 0.0321047 0.0420017 0.0522246 0.0617557 0.0694398 0.074389 0.0762767 0.0753164 0.0720264 0.0670087 0.0608377 0.0540187 0.0469655 0.0399896 0.0333077 0.0270653 0.0213636 0.0162842 0.0118997 0.00826877 0.00541673 0.00331657
 0.00972527 0.0155967 0.0230926 0.0320079 0.0419527 0.052234 0.0618062 0.069492 0.074402 0.0762316 0.0752275 0.0719342 0.0669589 0.0608598 0.0541147 0.0471113 0.0401479 0.0334441 0.0271592 0.0214116 0.0162946 0.0118852 0.00824074 0.00538396 0.00328528
 0.00972617 0.0156053 0.0231194 0.0320689 0.0420673 0.0524195 0.0620697 0.0698219 0.0747619 0.0765633 0.0754655 0.072029 0.0668977 0.0606712 0.0538542 0.0468366 0.0398983 0.0332342 0.0269857 0.0212648 0.0161674 0.0117757 0.00814995 0.00531292 0.00323342
 0.00965552 0.0154866 0.0229351 0.031804 0.0417176 0.0520021 0.0616307 0.0694317 0.0744973 0.076481 0.0755804 0.0723088 0.0672755 0.0610711 0.0542166 0.0471322 0.0401257 0.0334064 0.0271163 0.0213618 0.0162344 0.0118156 0.00816813 0.00531637 0.00322914
 0.00952284 0.0152817 0.0226468 0.0314287 0.0412593 0.0514731 0.0610546 0.0688483 0.0739639 0.0760667 0.0753523 0.0723122 0.067517 0.0615126 0.0547853 0.047744 0.0407087 0.0339154 0.027533 0.0216862 0.0164752 0.0119848 0.00827904 0.00538307 0.00326524
 0.0094892 0.0152232 0.0225516 0.0312839 0.0410542 0.0512038 0.0607283 0.0684839 0.0735886 0.0757118 0.0750515 0.0721011 0.0674298 0.0615729 0.0549948 0.0480761 0.0411142 0.0343373 0.0279229 0.0220138 0.0167293 0.0121681 0.00840201 0.0054593 0.00330845
 0.00949303 0.015228 0.0225559 0.031284 0.0410433 0.051172 0.0606633 0.0683738 0.0734269 0.0755022 0.0748095 0.0718532 0.0672093 0.0614143 0.0549269 0.0481139 0.0412527 0.034551 0.0281734 0.0222618 0.016945 0.0123364 0.00852099 0.00553586 0.00335326
 0.00927102 0.0149011 0.0221271 0.0307791 0.0405041 0.0506448 0.0601895 0.0679858 0.0731466 0.0753402 0.0747651 0.0719165 0.0673657 0.0616493 0.0552289 0.0484734 0.0416585 0.034986 0.0286125 0.0226751 0.0173048 0.0126245 0.00873248 0.00567783 0.00344019
 0.00910714 0.0146382 0.0217399 0.0302516 0.0398384 0.0498723 0.0593772 0.0672289 0.0725444 0.0749657 0.0746451 0.0720322 0.0676692 0.0620843 0.0557449 0.0490321 0.0422326 0.0355544 0.0291556 0.023172 0.0177352 0.0129732 0.00899398 0.00585798 0.00355348
 0.00903062 0.0145099 0.0215396 0.0299574 0.0394315 0.0493448 0.0587415 0.0665246 0.0718378 0.0743398 0.0741821 0.0717932 0.0676783 0.0623245 0.0561677 0.0495748 0.0428351 0.0361678 0.0297435 0.0237075 0.018198 0.01335 0.00927994 0.00605831 0.00368194
 0.00881314 0.0141948 0.0211359 0.0294961 0.0389539 0.0488846 0.0583131 0.0661239 0.0714553 0.0739766 0.0738601 0.0715537 0.06757 0.0623861 0.0564123 0.049984 0.0433648 0.0367616 0.0303458 0.0242726 0.0186934 0.0137561 0.00959027 0.00627764 0.00382419
 0.00875795 0.014089 0.0209492 0.0291958 0.0385198 0.0483277 0.057686 0.0655116 0.070944 0.0736197 0.0736633 0.0714877 0.0675998 0.0624941 0.0566026 0.050269 0.0437473 0.0372242 0.0308529 0.0247799 0.0191595 0.014151 0.00989875 0.00649926 0.00396992
 0.00962622 0.0153133 0.0224438 0.0307608 0.039893 0.0492732 0.0580687 0.0653233 0.070281 0.0726372 0.0725286 0.0703438 0.0665444 0.0615774 0.0558421 0.0496688 0.0433087 0.0369451 0.0307203 0.0247662 0.0192263 0.0142577 0.0100117 0.00659646 0.00404193
 0.0102058 0.0162493 0.0238302 0.0326517 0.0422579 0.0519454 0.0607236 0.0675281 0.0716261 0.0728871 0.0717058 0.0686968 0.0644306 0.0593364 0.0537192 0.0478006 0.0417493 0.0357001 0.0297714 0.0240817 0.0187646 0.0139703 0.00984879 0.00651388 0.00400537
 0.0101378 0.0162319 0.0239772 0.0331281 0.0432392 0.053547 0.062929 0.0701513 0.0743274 0.0752433 0.0733159 0.0692948 0.0639634 0.0579688 0.0517623 0.0456018 0.0395984 0.0337862 0.0281858 0.0228451 0.017854 0.013339 0.00943893 0.00626636 0.0038672
 0.00975338 0.0156521 0.0231951 0.0321855 0.0422378 0.0526531 0.0623621 0.0701406 0.0750337 0.0766723 0.0752751 0.0714282 0.0658593 0.0592933 0.0523566 0.045506 0.0389997 0.032928 0.027285 0.0220471 0.017227 0.0128926 0.0091487 0.00609382 0.00377373
 0.00948325 0.0152205 0.0225618 0.0313239 0.0411486 0.051383 0.0610229 0.0689134 0.074145 0.0763411 0.0756433 0.0725002 0.0674757 0.0611609 0.0541335 0.0469086 0.0398842 0.0333087 0.0272903 0.0218455 0.0169634 0.0126575 0.00897845 0.0059887 0.0037175
 0.00939924 0.0150784 0.0223372 0.030989 0.0406767 0.050757 0.0602475 0.0680272 0.073228 0.0755148 0.0750569 0.0722994 0.0677559 0.0619199 0.0552512 0.0481725 0.0410579 0.0342124 0.0278514 0.0220975 0.0170037 0.012593 0.0088886 0.00591461 0.00367028
 0.00950229 0.0152178 0.0224941 0.0311265 0.0407463 0.0507121 0.0600548 0.0676736 0.0727233 0.0748938 0.074384 0.0716692 0.0672826 0.0617106 0.0553669 0.0485957 0.0416881 0.0348981 0.0284475 0.0225156 0.0172304 0.0126714 0.00888253 0.00587801 0.00363436
 0.00933932 0.0149868 0.0222081 0.0308161 0.0404471 0.0504463 0.0598194 0.0674434 0.0724674 0.0745953 0.0740524 0.071341 0.067014 0.0615669 0.0554075 0.0488548 0.0421545 0.0355076 0.0290984 0.0231035 0.0176845 0.0129715 0.00905131 0.00595771 0.00366521
 0.00914008 0.0146889 0.0218096 0.0303359 0.0399239 0.0499334 0.0593758 0.0671212 0.0722951 0.0745652 0.0741217 0.0714518 0.0671219 0.0616614 0.0555143 0.0490194 0.0424167 0.035878 0.0295479 0.0235726 0.0181072 0.0133017 0.00927501 0.00608921 0.00373227
 0.00926805 0.0148551 0.0219834 0.0304648 0.0399508 0.0498224 0.0591329 0.0667949 0.0719575 0.0742824 0.0739303 0.0713505 0.0670807 0.0616414 0.0554904 0.0489932 0.042413 0.0359283 0.0296691 0.0237548 0.0183175 0.0134999 0.00943182 0.00619444 0.00379241
 0.0092878 0.0148873 0.02203 0.0305223 0.040005 0.0498438 0.0590793 0.0666256 0.0716564 0.0738768 0.0734908 0.0709662 0.0668229 0.0615382 0.0555246 0.0491225 0.0425956 0.0361388 0.0298974 0.023995 0.0185573 0.01372 0.00961301 0.00632646 0.00387694
 0.00931905 0.0149373 0.0221037 0.0306234 0.0401345 0.0499974 0.0592431 0.0667733 0.0717503 0.0738769 0.0733701 0.0707276 0.0665049 0.061204 0.0552382 0.0489253 0.0424981 0.0361278 0.0299505 0.0240905 0.0186762 0.0138443 0.00972639 0.00641702 0.0039402
 0.00936946 0.0150112 0.0221999 0.0307361 0.0402554 0.0501187 0.0593597 0.0668817 0.0718452 0.073947 0.0733974 0.0706911 0.0663904 0.061015 0.0550003 0.04868 0.042288 0.0359815 0.0298766 0.0240804 0.0187118 0.0139052 0.00979402 0.00647769 0.00398646
 0.00943552 0.0151099 0.022332 0.0308959 0.0404315 0.0502959 0.0595217 0.0670133 0.0719351 0.0739907 0.0733961 0.070648 0.0663067 0.0608893 0.0548334 0.0484817 0.0420792 0.0357897 0.0297261 0.0239838 0.0186678 0.0139017 0.0098145 0.00650683 0.00401369
 0.00939565 0.0150702 0.022318 0.0309448 0.0405796 0.0505606 0.0598868 0.067429 0.0723339 0.0743098 0.073595 0.0707143 0.0662507 0.060734 0.0546054 0.0482068 0.0417825 0.0354964 0.0294608 0.0237665 0.0185089 0.0138 0.0097593 0.00648329 0.00400773
 0.00942553 0.0151089 0.0223594 0.0309812 0.0406088 0.0505944 0.0599528 0.0675613 0.0725531 0.0746051 0.0739206 0.0710048 0.0664464 0.0608012 0.0545425 0.0480369 0.041541 0.0352211 0.0291858 0.0235193 0.0183078 0.0136525 0.00966261 0.00642733 0.00397961
 0.00962295 0.0154194 0.0228057 0.0315726 0.0413348 0.0514171 0.0608046 0.0683533 0.0731974 0.0750401 0.0741234 0.0709844 0.0662267 0.0604088 0.0540056 0.0473906 0.04083 0.0344965 0.0284975 0.0229083 0.0178013 0.0132618 0.0093837 0.0062441 0.00386951
 0.00987636 0.0158097 0.0233524 0.0322786 0.0421855 0.0523798 0.0618255 0.0693558 0.0740886 0.0757259 0.0745295 0.0710727 0.0660021 0.0599126 0.0533008 0.0465465 0.0399134 0.0335684 0.0276128 0.0221136 0.0171309 0.0127332 0.00899643 0.00598215 0.00370694
 0.00974565 0.015617 0.0231 0.0319837 0.0418789 0.0521015 0.06162 0.0692677 0.074154 0.0759618 0.0749227 0.0715769 0.0665456 0.0604161 0.0536971 0.0467952 0.0400052 0.0335207 0.0274611 0.0219016 0.0169014 0.0125211 0.00882354 0.0058564 0.003625
 0.00967112 0.0155175 0.0229902 0.0318909 0.041835 0.0521314 0.0617322 0.0694523 0.0743894 0.0762237 0.0751914 0.0718381 0.0667865 0.0606205 0.053844 0.0468624 0.0399772 0.0333965 0.0272568 0.021647 0.0166328 0.0122717 0.00861684 0.00570257 0.00352207
 0.00949417 0.0152348 0.0225764 0.031332 0.0411385 0.0513383 0.0609232 0.0687389 0.0738855 0.0760107 0.075294 0.0722245 0.0673863 0.0613474 0.0546128 0.0475986 0.040622 0.0339109 0.0276246 0.0218754 0.016747 0.0123066 0.00860712 0.00567563 0.00349475
 0.009501 0.015217 0.0224964 0.0311371 0.0407756 0.0507763 0.060175 0.06787 0.0730049 0.0752467 0.0747645 0.072009 0.0675084 0.0617721 0.05526 0.048366 0.0414085 0.0346336 0.0282282 0.0223344 0.017063 0.0125016 0.00871299 0.00572462 0.0035128
 0.00952863 0.015281 0.0226248 0.0313599 0.0411064 0.0511902 0.0605958 0.0681838 0.0730999 0.0750625 0.0743218 0.0714037 0.0668758 0.0612399 0.0549115 0.0482249 0.0414453 0.0347867 0.0284281 0.0225242 0.0172087 0.0125928 0.00875707 0.00573711 0.00350941
 0.00940625 0.0151169 0.0224433 0.0312083 0.041045 0.0512737 0.0608523 0.0685983 0.073609 0.0755625 0.0746953 0.0715591 0.066783 0.0609434 0.0545103 0.0478307 0.0411421 0.0346087 0.0283635 0.0225338 0.0172492 0.0126325 0.00878123 0.00574487 0.00350669
 0.00930734 0.0149266 0.022106 0.030664 0.0402563 0.0502624 0.0597245 0.0675335 0.0728072 0.0751729 0.0747632 0.0720178 0.0674895 0.0617369 0.0552665 0.048489 0.0416999 0.035093 0.0287997 0.0229288 0.0175928 0.01291 0.0089852 0.00587996 0.00358686
 0.00967599 0.0154859 0.0228692 0.0316059 0.0413079 0.0513109 0.0606236 0.0681327 0.0729997 0.0749414 0.074192 0.0712569 0.0666901 0.0609984 0.0546215 0.0479261 0.041199 0.0346491 0.0284236 0.0226343 0.0173832 0.0127743 0.00890402 0.00583356 0.00356055
 0.0099266 0.015919 0.0235652 0.0326461 0.0427438 0.0531205 0.0626755 0.0701863 0.0747557 0.0761246 0.0746306 0.0709246 0.065701 0.0595594 0.052965 0.0462496 0.0396352 0.0332689 0.0272569 0.0216889 0.0166534 0.0122421 0.00853962 0.00560026 0.00342124
 0.00979495 0.0157386 0.0233594 0.0324669 0.0426693 0.0532434 0.0630822 0.0709281 0.0758149 0.0773923 0.075914 0.0719954 0.0663665 0.0597245 0.0526534 0.0455795 0.0387665 0.0323511 0.0263989 0.0209536 0.0160664 0.0118034 0.00823342 0.00540152 0.00330183
 0.00963559 0.0154863 0.0229945 0.0319823 0.04208 0.052598 0.0624709 0.0704759 0.0756541 0.0776191 0.0765472 0.0729551 0.0674873 0.0608003 0.0535001 0.0460885 0.0389268 0.0322321 0.0261096 0.0206005 0.015728 0.0115233 0.00802597 0.0052621 0.0032164
 0.00964978 0.0154726 0.0229069 0.0317571 0.0416551 0.0519431 0.0616143 0.0695129 0.0747314 0.0769008 0.0761762 0.073017 0.0679846 0.0616444 0.0545303 0.0471171 0.0397937 0.0328471 0.0264629 0.0207431 0.0157362 0.0114681 0.00795637 0.0052032 0.00317578
 0.00972833 0.0155805 0.0230305 0.0318654 0.0417011 0.0518698 0.0613669 0.0690564 0.074072 0.076103 0.0753613 0.0723387 0.0675841 0.0616054 0.0548511 0.0477113 0.04052 0.0335567 0.0270448 0.0211474 0.0159713 0.011577 0.00798996 0.00520222 0.00316474
 0.00969815 0.0155738 0.0230963 0.0320692 0.0420995 0.0524736 0.0621131 0.0698099 0.074663 0.076384 0.0752579 0.0718736 0.0668696 0.0608068 0.0541345 0.0471937 0.04024 0.0334772 0.0270839 0.0212202 0.0160211 0.0115849 0.00796478 0.0051632 0.00312792
 0.00933658 0.0150533 0.0224404 0.0313501 0.0414265 0.0519691 0.0618835 0.0699188 0.0751074 0.0770814 0.076059 0.0726047 0.067392 0.0610642 0.0541628 0.0470922 0.0401202 0.033417 0.0271062 0.0213019 0.01612 0.0116661 0.00801367 0.00518298 0.00312996
#obs surv len freq
 nan nan nan nan nan nan nan nan nan nan nan nan nan nan nan nan nan nan nan nan nan nan nan nan nan
 0.00447938 0.00733887 0.0111679 0.015985 0.0216884 0.0279682 0.0342867 0.0400216 0.044703 0.0481668 0.0505234 0.0520171 0.052907 0.0534172 0.0537297 0.0539832 0.0542607 0.0545528 0.0546912 0.0542828 0.0527209 0.0493531 0.0438032 0.0362837 0.027668
 0.00461256 0.0075552 0.0114929 0.0164417 0.022292 0.0287178 0.0351572 0.0409601 0.0456352 0.0490107 0.0512036 0.0524773 0.053116 0.053371 0.0534477 0.0535012 0.0536215 0.0537989 0.0538616 0.0534146 0.0518525 0.0485274 0.0430642 0.035669 0.0271981
 0.00477936 0.00782795 0.0119063 0.0170285 0.0230766 0.0297052 0.0363221 0.0422426 0.0469483 0.0502548 0.0522822 0.053307 0.0536338 0.0535395 0.0532583 0.0529733 0.0527976 0.0527361 0.052625 0.0520738 0.0504825 0.0472084 0.0418758 0.0346767 0.0264383
 0.00497497 0.00814907 0.0123953 0.017727 0.0240168 0.0308976 0.0377415 0.0438232 0.0485919 0.0518476 0.0537121 0.0544744 0.0544569 0.0539577 0.053236 0.0525026 0.0518997 0.0514607 0.0510465 0.0502888 0.0486063 0.0453689 0.0402 0.0332685 0.025356
 0.00518203 0.00848823 0.0129107 0.0184619 0.0250063 0.0321561 0.0392493 0.0455205 0.0503851 0.0536252 0.0553597 0.0558852 0.0555368 0.0546287 0.0534392 0.052202 0.051087 0.0501601 0.0493206 0.0482411 0.0463792 0.0431333 0.038131 0.0315124 0.0239982
 0.00542053 0.00887743 0.0134992 0.0192961 0.0261218 0.0335637 0.0409215 0.0473864 0.05234 0.0555506 0.0571407 0.0574194 0.0567362 0.0554178 0.0537546 0.0519944 0.0503261 0.0488445 0.0474902 0.04599 0.0438608 0.0405493 0.0357007 0.0294259 0.0223722
 0.00567088 0.00928712 0.0141208 0.0201802 0.0273074 0.0350629 0.0427038 0.0493729 0.0544156 0.0575856 0.0590125 0.0590234 0.0579883 0.0562508 0.0541133 0.0518318 0.0496052 0.0475471 0.0456346 0.0436517 0.0411874 0.0377549 0.0330327 0.0271084 0.0205505
 0.00589381 0.00965703 0.0146916 0.0210071 0.0284365 0.0365139 0.0444528 0.0513459 0.0564988 0.0596475 0.0609254 0.0606763 0.0592916 0.0571353 0.054526 0.0517306 0.0489553 0.0463261 0.0438484 0.0413588 0.0385207 0.034924 0.0302929 0.0247019 0.0186418
 0.00614696 0.0100678 0.0153086 0.0218759 0.0295924 0.0379696 0.0461843 0.0532859 0.0585436 0.0616738 0.0628088 0.0623047 0.0605721 0.0579968 0.054917 0.0516139 0.0483029 0.0451203 0.0420934 0.0391045 0.035887 0.032109 0.0275476 0.0222721 0.0167014
 0.0063939 0.0104735 0.0159267 0.0227582 0.0307775 0.0394663 0.0479551 0.0552441 0.0605679 0.0636346 0.0645896 0.0638116 0.0617323 0.0587544 0.0552291 0.0514471 0.0476323 0.0439303 0.0403887 0.03693 0.0333514 0.0293952 0.0248919 0.0199112 0.014807
 0.00661767 0.0108425 0.0164919 0.0235705 0.0318778 0.0408698 0.0496345 0.0571225 0.0625292 0.0655454 0.0663224 0.0652609 0.0628213 0.0594337 0.0554701 0.0512331 0.0469514 0.0427756 0.0387677 0.0348841 0.0309786 0.0268602 0.0224101 0.0177006 0.0130285
 0.00682493 0.0111832 0.0170118 0.0243147 0.0328826 0.0421488 0.0511641 0.0588366 0.0643266 0.0673085 0.0679349 0.0666207 0.0638473 0.0600695 0.0556829 0.0510091 0.0462881 0.0416784 0.0372536 0.0329964 0.0288069 0.0245513 0.0201548 0.0156927 0.0114117
 0.00706713 0.0115765 0.0176025 0.0251449 0.0339809 0.0435167 0.0527625 0.0605819 0.0661037 0.0689929 0.0694148 0.067808 0.0646806 0.0605112 0.0557155 0.0506304 0.0455065 0.0405102 0.035726 0.0311585 0.0267446 0.0223965 0.0180744 0.0138544 0.00993829
 0.00728059 0.0119287 0.0181418 0.0259182 0.035023 0.0448336 0.0543153 0.0622828 0.0678301 0.0706132 0.0708123 0.0688948 0.0654007 0.0608376 0.0556438 0.0501715 0.0446806 0.0393433 0.034253 0.0294318 0.0248462 0.0204442 0.0162119 0.0122228 0.00863828
 0.0074563 0.0122171 0.018581 0.0265459 0.0358694 0.04591 0.0556015 0.0637207 0.0693289 0.0720645 0.072107 0.0699377 0.0661208 0.0611928 0.0556205 0.0497787 0.0439425 0.0382933 0.0329331 0.0278979 0.0231768 0.0187442 0.0146043 0.0108246 0.00753058
 0.00754033 0.0123573 0.0187992 0.0268661 0.0363148 0.0464974 0.0563344 0.0645851 0.0702924 0.0730786 0.0731108 0.0708616 0.0668918 0.0617435 0.0558975 0.0497501 0.0435995 0.0376489 0.0320198 0.0267678 0.0219036 0.0174228 0.013342 0.00972093 0.00665385
 0.00759511 0.0124411 0.0189161 0.0270185 0.0365052 0.0467316 0.0566227 0.0649404 0.0707258 0.0735937 0.0736978 0.0714938 0.0675254 0.0623201 0.0563522 0.0500209 0.0436384 0.0374305 0.0315461 0.0260702 0.0210416 0.0164796 0.0124122 0.00889264 0.0059884
 0.00765618 0.0125343 0.0190449 0.0271813 0.0366962 0.0469412 0.0568399 0.0651555 0.0709354 0.073804 0.073924 0.0717527 0.0678243 0.0626481 0.0566764 0.0502911 0.0437972 0.0374275 0.0313508 0.0256817 0.0204926 0.0158318 0.0117441 0.0082807 0.00548821
 0.00771054 0.0126167 0.0191576 0.0273222 0.0368587 0.0471157 0.0570143 0.0653169 0.071073 0.0739134 0.07401 0.0718296 0.0679115 0.0627616 0.0568197 0.0504485 0.0439339 0.0374973 0.0313101 0.0255048 0.0201827 0.0154232 0.0112932 0.0078494 0.00512551
 0.00778198 0.0127248 0.019305 0.0275055 0.0370688 0.0473385 0.0572324 0.0655113 0.071226 0.0740131 0.0740539 0.0718256 0.0678761 0.0627157 0.0567826 0.0504305 0.0439306 0.0374878 0.0312631 0.0253904 0.0199868 0.0151554 0.0109858 0.0075453 0.00486311
 0.00782943 0.0128006 0.0194163 0.0276568 0.03726 0.0475622 0.0574719 0.0657419 0.0714208 0.0741504 0.0741229 0.0718278 0.0678229 0.0626251 0.0566745 0.0503229 0.0438343 0.0374023 0.0311758 0.0252823 0.0198419 0.0149708 0.0107751 0.00733391 0.00467721
 0.00786808 0.0128586 0.0194947 0.027754 0.0373725 0.0476865 0.0576048 0.0658793 0.0715561 0.0742732 0.0742203 0.0718881 0.0678392 0.0625977 0.0566116 0.0502374 0.0437397 0.0373077 0.0310826 0.0251844 0.0197304 0.0148412 0.010632 0.00719047 0.00454956
 0.00787219 0.012865 0.0195038 0.0277657 0.0373863 0.0477017 0.0576206 0.0658962 0.0715764 0.0743009 0.0742597 0.0719399 0.067899 0.0626565 0.0566592 0.0502668 0.0437489 0.037299 0.031059 0.0251469 0.0196777 0.0147725 0.0105507 0.00710491 0.00447035
 0.00787959 0.0128713 0.0195031 0.0277495 0.0373464 0.0476346 0.0575309 0.0657964 0.0714834 0.0742313 0.0742252 0.0719463 0.0679454 0.0627359 0.0567598 0.0503739 0.0438488 0.0373814 0.0311183 0.025181 0.0196871 0.0147594 0.0105199 0.00706368 0.00442737
 0.00789568 0.0128934 0.0195283 0.0277718 0.0373574 0.0476249 0.0574928 0.0657266 0.0713855 0.0741171 0.0741132 0.0718567 0.0678948 0.0627323 0.056801 0.0504497 0.0439437 0.0374792 0.0312053 0.0252481 0.0197299 0.0147783 0.0105187 0.007049 0.00440657
 0.00789025 0.0128848 0.0195157 0.0277542 0.0373335 0.0475927 0.0574499 0.0656706 0.0713154 0.0740349 0.0740252 0.0717739 0.0678309 0.0627004 0.0568097 0.0504996 0.0440274 0.037583 0.0313131 0.0253455 0.0198068 0.0148306 0.0105475 0.00705929 0.00440522
 0.00790106 0.0128967 0.0195234 0.0277495 0.037308 0.0475416 0.0573748 0.0655795 0.0712196 0.0739444 0.0739467 0.0717108 0.0677855 0.0626761 0.056811 0.0505302 0.0440876 0.0376674 0.0314114 0.0254446 0.0198947 0.014899 0.0105938 0.00708574 0.00441702
 0.00789664 0.0128918 0.0195198 0.0277493 0.0373119 0.0475467 0.0573736 0.0655625 0.0711796 0.073881 0.0738675 0.0716285 0.067713 0.0626229 0.056782 0.0505275 0.044111 0.0377146 0.0314767 0.0255192 0.0199683 0.0149625 0.0106418 0.00711722 0.00443462
 0.00786401 0.0128384 0.0194393 0.0276368 0.0371666 0.0473745 0.0571894 0.0653873 0.0710348 0.0737814 0.0738176 0.0716245 0.0677474 0.0626886 0.0568736 0.0506401 0.0442396 0.0378533 0.0316187 0.0256567 0.0200932 0.0150676 0.0107228 0.00717381 0.00447006
 0.00785099 0.0128128 0.0193928 0.027559 0.0370479 0.0472106 0.0569853 0.0651595 0.0708085 0.0735847 0.073675 0.0715513 0.0677469 0.0627532 0.0569891 0.0507907 0.0444107 0.0380331 0.0317972 0.025825 0.0202433 0.0151934 0.0108205 0.00724348 0.00451521
 0.00781278 0.0127502 0.0192974 0.0274231 0.0368653 0.04698 0.0567133 0.064862 0.0705099 0.0733146 0.0734632 0.0714225 0.0677163 0.0628228 0.0571478 0.051017 0.0446787 0.0383173 0.032076 0.0260821 0.020467 0.0153766 0.0109609 0.00734313 0.00458015
 0.00780503 0.012736 0.0192729 0.027383 0.0368039 0.0468919 0.0565947 0.0647127 0.070334 0.0731216 0.0732684 0.0712458 0.06758 0.062747 0.0571452 0.0510896 0.0448168 0.0385021 0.0322848 0.0262925 0.0206609 0.0155414 0.0110904 0.00743692 0.00464233
 0.00778524 0.012701 0.0192152 0.0272945 0.0366777 0.0467265 0.0563964 0.0644957 0.070117 0.0729231 0.0731024 0.0711219 0.0675047 0.0627257 0.0571823 0.051187 0.044971 0.0387026 0.0325139 0.0265289 0.0208837 0.0157342 0.0112437 0.0075487 0.00471687
 0.00773868 0.0126306 0.0191189 0.0271732 0.0365345 0.0465647 0.0562198 0.0643093 0.069929 0.0727455 0.0729497 0.0710083 0.0674407 0.0627167 0.0572292 0.0512874 0.0451199 0.0388919 0.0327313 0.0267576 0.0211047 0.0159305 0.0114033 0.00766737 0.00479714
 0.00931768 0.0148355 0.021769 0.0298781 0.0388093 0.0480119 0.0566727 0.0638561 0.0688242 0.0712818 0.0713666 0.0694613 0.0660144 0.0614508 0.0561389 0.0503749 0.04438 0.0383142 0.032301 0.0264555 0.0209076 0.0158129 0.0113406 0.00763846 0.0047864
 0.0093019 0.0151027 0.0226868 0.0319017 0.0422815 0.0528947 0.0623778 0.0693429 0.0729711 0.0733312 0.071176 0.0674395 0.0628432 0.0577933 0.0524773 0.0469878 0.0413962 0.035776 0.0302079 0.0247856 0.0196258 0.0148729 0.0106874 0.00721194 0.00452688
 0.00896869 0.0145767 0.0219461 0.0309934 0.041376 0.0523226 0.062591 0.0707524 0.0757008 0.0770344 0.075079 0.0706381 0.064681 0.0580903 0.0514956 0.0452165 0.0393203 0.0337457 0.0284181 0.0233146 0.0184826 0.0140307 0.0101015 0.00682947 0.00429455
 0.00879058 0.0142804 0.0214885 0.0303327 0.040488 0.0512311 0.061407 0.0697028 0.0751121 0.077243 0.0762798 0.0727388 0.0672689 0.0605661 0.0533175 0.0461084 0.0393262 0.0331297 0.0275039 0.0223648 0.0176536 0.0133853 0.00964193 0.00652755 0.00411138
 0.00873031 0.0141742 0.0213127 0.030058 0.040084 0.0506746 0.0606953 0.0688692 0.074242 0.0764849 0.075835 0.0728114 0.067976 0.0618495 0.0549214 0.0476614 0.0404934 0.0337422 0.0275926 0.0220954 0.0172249 0.012952 0.00928813 0.00627744 0.00395388
 0.00871021 0.0141387 0.0212531 0.029963 0.0399391 0.0504635 0.0604029 0.0684855 0.0737691 0.075948 0.0752939 0.0723674 0.0677589 0.0619762 0.0554359 0.0484888 0.041448 0.034598 0.028179 0.0223579 0.0172202 0.0127936 0.00908463 0.00609836 0.00382605
 0.00867045 0.0140783 0.02117 0.0298575 0.0398128 0.0503176 0.0602367 0.068296 0.0735515 0.0756984 0.0750151 0.0720779 0.0675015 0.0618184 0.0554523 0.048727 0.0418929 0.0351623 0.0287324 0.0227838 0.0174628 0.0128676 0.00904937 0.0060191 0.00374824
 0.0086705 0.0140744 0.0211572 0.0298289 0.0397621 0.0502421 0.060139 0.0681831 0.0734309 0.0755732 0.0748828 0.0719338 0.0673471 0.0616699 0.0553443 0.0487043 0.0419905 0.0353816 0.0290312 0.0230908 0.0177092 0.013017 0.00910592 0.00601376 0.00371654
 0.00865903 0.0140577 0.0211353 0.0298025 0.0397314 0.0502058 0.0600937 0.0681251 0.0733587 0.0754888 0.0747916 0.0718417 0.067258 0.0615872 0.0552751 0.0486637 0.0419994 0.0354568 0.0291719 0.0232722 0.0178912 0.0131624 0.00919621 0.00605281 0.00372184
 0.00864442 0.0140331 0.021097 0.0297471 0.0396574 0.0501152 0.0599933 0.0680252 0.0732697 0.075418 0.0747407 0.0718085 0.0672389 0.0615791 0.0552771 0.0486784 0.0420335 0.035519 0.0292671 0.0233955 0.0180258 0.0132857 0.00929005 0.00611083 0.0037494
 0.0086351 0.0140195 0.021079 0.0297254 0.0396323 0.0500862 0.0599587 0.0679834 0.0732206 0.0753643 0.0746877 0.0717619 0.0672027 0.0615549 0.0552645 0.0486771 0.0420452 0.035547 0.0293151 0.0234631 0.0181067 0.0133678 0.00936061 0.00616175 0.00377969
 0.00861535 0.0139894 0.0210377 0.0296736 0.0395725 0.0500225 0.0598963 0.0679276 0.0731755 0.0753318 0.0746674 0.071752 0.0672018 0.0615622 0.0552799 0.0487007 0.0420769 0.0355874 0.0293648 0.0235221 0.018172 0.0134336 0.00941934 0.00620742 0.00381024
 0.00863297 0.0140142 0.0210679 0.0297052 0.0396002 0.0500416 0.0599041 0.0679239 0.0731619 0.0753101 0.0746395 0.0717192 0.0671653 0.0615237 0.055242 0.0486666 0.0420501 0.0355711 0.029361 0.0235314 0.0181928 0.0134617 0.00944938 0.00623408 0.00383023
 0.00862672 0.0140082 0.0210663 0.0297137 0.0396239 0.0500814 0.059955 0.0679752 0.0732018 0.0753302 0.0746373 0.0716979 0.0671309 0.0614824 0.0551987 0.0486249 0.0420131 0.0355415 0.0293414 0.0235229 0.0181951 0.0134726 0.00946488 0.00625012 0.00384366
 0.00862337 0.0140002 0.0210498 0.0296847 0.0395803 0.0500259 0.0598963 0.0679265 0.0731747 0.0753299 0.0746599 0.0717336 0.0671688 0.061515 0.0552231 0.0486419 0.0420251 0.0355511 0.0293511 0.0235346 0.0182096 0.0134894 0.0094824 0.00626621 0.00385661
 0.00862337 0.0140002 0.0210498 0.0296847 0.0395803 0.0500259 0.0598963 0.0679265 0.0731747 0.0753299 0.0746599 0.0717336 0.0671688 0.061515 0.0552231 0.0486419 0.0420251 0.0355511 0.0293511 0.0235346 0.0182096 0.0134894 0.0094824 0.00626621 0.00385661
 0.00879271 0.0142719 0.0214505 0.0302316 0.0402724 0.0508326 0.0607498 0.0687278 0.0738167 0.0757277 0.0747735 0.0715711 0.0667752 0.0609548 0.0545653 0.0479501 0.0413514 0.0349341 0.0288154 0.0230927 0.0178638 0.0132337 0.00930512 0.00615174 0.00378829
 0.00888902 0.01444 0.0217241 0.0306478 0.040861 0.0515999 0.0616633 0.0697112 0.0747608 0.0765139 0.0752999 0.0717742 0.0666408 0.0605175 0.0538963 0.0471387 0.0404869 0.0340923 0.0280519 0.022442 0.0173412 0.0128388 0.00902545 0.00596724 0.00367568
 0.00874 0.0142096 0.0214019 0.0302384 0.0403906 0.0511219 0.0612579 0.0694728 0.0747698 0.0768045 0.07584 0.0724713 0.0673703 0.06116 0.0543682 0.0474064 0.0405638 0.0340232 0.0278941 0.0222489 0.017153 0.0126796 0.00890493 0.00588466 0.00362429
 0.00891179 0.0144618 0.0217304 0.03062 0.0407878 0.0514917 0.0615625 0.0696876 0.0748908 0.07685 0.0758446 0.0724692 0.067377 0.0611625 0.0543317 0.0472924 0.0403503 0.0337159 0.0275241 0.0218609 0.0167904 0.0123739 0.0086708 0.00572126 0.00352041
 0.00870592 0.014157 0.0213273 0.0301388 0.0402625 0.0509608 0.0610629 0.0692538 0.0745571 0.0766512 0.0758123 0.0726243 0.0677202 0.0616667 0.054941 0.0479311 0.0409402 0.0341962 0.0278654 0.0220669 0.016889 0.0124024 0.00866332 0.0057018 0.00350184
 0.00868588 0.0140951 0.0211819 0.0298585 0.0398056 0.0503226 0.0602947 0.0684576 0.073854 0.076141 0.0755479 0.0726116 0.0679351 0.0620713 0.0554899 0.0485701 0.041606 0.0348235 0.0283997 0.0224771 0.0171714 0.0125757 0.00875738 0.00574644 0.00352
 0.00890722 0.0144445 0.0216846 0.0305205 0.0406009 0.0511805 0.061097 0.0690601 0.0741321 0.0760387 0.0751003 0.0719269 0.0671498 0.061307 0.0548302 0.0480565 0.0412438 0.0345911 0.0282594 0.0223884 0.0171031 0.012512 0.00869597 0.00569201 0.00347751
 0.00891733 0.0144859 0.0217928 0.0307432 0.0409842 0.0517471 0.0618247 0.0698729 0.0749105 0.0766478 0.075427 0.0719138 0.0668129 0.0607289 0.0541296 0.0473509 0.04062 0.0340928 0.0278917 0.022131 0.0169258 0.0123873 0.00860533 0.00562568 0.00343078
 0.00878833 0.014278 0.0214863 0.0303291 0.0404762 0.0511939 0.0613147 0.0695189 0.0748124 0.0768488 0.0758887 0.0725266 0.0674374 0.061246 0.054477 0.0475301 0.0406782 0.0340915 0.0278801 0.0221334 0.0169447 0.0124133 0.00862834 0.00564049 0.00343748
 0.00905805 0.0146881 0.0220486 0.0310303 0.0412756 0.0520249 0.062091 0.0701496 0.0752271 0.0770217 0.0758438 0.072318 0.0671167 0.0608407 0.0539919 0.0469674 0.0400567 0.0334526 0.0272763 0.0216106 0.0165285 0.0121065 0.00841721 0.00550394 0.00335429
 0.00933726 0.0151623 0.0227956 0.0321245 0.0427571 0.0538591 0.064137 0.0721673 0.0769335 0.0781741 0.0763069 0.0720886 0.0663015 0.0596078 0.0525185 0.0454031 0.038511 0.0320017 0.0259753 0.0204998 0.0156314 0.011426 0.00793492 0.00518586 0.00315978
 0.0092306 0.0150182 0.0226361 0.0319968 0.0427314 0.0540177 0.0645555 0.0728879 0.0779356 0.0793552 0.0774942 0.0730826 0.0669389 0.0598092 0.052301 0.0448562 0.0377561 0.0311563 0.0251343 0.0197312 0.0149785 0.01091 0.00755662 0.00492979 0.00300043
 0.00916227 0.0148907 0.0224167 0.0316521 0.0422455 0.0534159 0.0639215 0.0723575 0.0776612 0.0794532 0.0779978 0.0739231 0.067962 0.0608215 0.0531287 0.0453919 0.0379765 0.0311083 0.024903 0.0194076 0.0146387 0.0106055 0.00731441 0.00475631 0.00288805
