SBPRF35
7.98326
Curr Bio
512604
B35
535379
F35
0.210665
FOFL
0.170085
OFL
59125.9
Bzero
2.28093e+06
#pred survey bio
 3.30159e+06 3.21905e+06 3.04111e+06 2.93225e+06 2.81283e+06 2.58325e+06 2.21427e+06 1.9378e+06 1.76887e+06 1.58309e+06 1.42839e+06 1.32951e+06 1.2392e+06 1.12925e+06 1.04472e+06 921659 768684 694274 651713 620877 576509 555006 542950 553437 550915 553398 532328 494106 491488 498406 516980 538949 572893 600954 598005 563883 548637 538611 565665 580779 590904 602103 589595 543788 521837 515741 514326 543126 579955 581394 579555 519463 1.55398e+07 9.50231e+06 1.00893e+07 1.11585e+07 1.24283e+07 1.36695e+07 1.47556e+07 1.56408e+07 1.63288e+07 1.68466e+07 1.7228e+07 1.7505e+07 1.77048e+07 1.78483e+07 1.79515e+07 1.80258e+07 1.80796e+07 1.81187e+07 1.81474e+07 1.81686e+07 1.81843e+07 1.8196e+07 1.82048e+07 1.82114e+07 1.82165e+07 1.82203e+07 1.82232e+07 1.82254e+07 1.82271e+07 1.82285e+07 1.82295e+07 1.82303e+07 1.82309e+07 1.82313e+07 1.82317e+07 1.8232e+07 1.82322e+07 1.82323e+07 1.82325e+07 1.82326e+07 1.82327e+07 1.82327e+07 1.82328e+07 1.82328e+07 1.82328e+07 1.82329e+07 1.82329e+07 1.82329e+07 1.82329e+07 1.82329e+07 1.82329e+07 1.82329e+07 1.82329e+07 1.82329e+07 1.82329e+07 1.82329e+07 1.82329e+07 1.82329e+07 1.82329e+07 1.82329e+07 1.82329e+07 1.82329e+07 1.82329e+07 1.82329e+07 1.82329e+07 1.82329e+07 1.82329e+07 1.82329e+07 1.82329e+07 1.82329e+07 1.82329e+07 1.82329e+07 1.82329e+07 1.82329e+07 1.82329e+07 1.82329e+07 1.82329e+07 1.82329e+07 1.82329e+07 1.82329e+07 1.82329e+07 1.82329e+07 1.82329e+07 1.82329e+07 1.82329e+07 1.82329e+07 1.82329e+07 1.82329e+07 1.82329e+07 1.82329e+07 1.82329e+07 1.82329e+07 1.82329e+07 1.82329e+07 1.82329e+07 1.82329e+07 1.82329e+07 1.82329e+07 1.82329e+07 1.82329e+07 0 0 0 0 0 0 0 0 0 0 0 0 0 0 0 0 0 0 0 0 0 0 0 0 0
#obs survey bio
 2.98586e+06 3.71642e+06 3.34358e+06 1.99245e+06 3.24079e+06 3.502e+06 2.39866e+06 2.17614e+06 1.99413e+06 1.57807e+06 1.39724e+06 1.09981e+06 1.35313e+06 966279 1.09737e+06 1.53558e+06 631934 842794 718782 813504 521293 532281 523555 491617 471681 551149 621512 334498 630638 377370 510249 474961 466116 484298 567635 595546 425211 409969 687236 658931 655900 578310 632876 785153 447888 596305 492724 441354 509100 614277 677403 474851
#pred catch bio
 99683.3 97928 152467 207706 243239 280519 307023 301035 303392 313977 291833 290405 288170 255845 252147 219338 190800 159325 139344 129790 129156 126769 114624 119802 102052 106074 109807 107009 100224 98528.1 92690.3 91421.1 98378.3 93456.2 98038.8 93240.5 97666.9 85509.3 86719 89968.7 86607.7 84686.1 91750.6 85948.1 90841.1 88830.2 89468.6 93691.1 99292.6 87605.2 91755.2 108902 59125.9 72686.8 75795.2 83041.5 92383.2 101562 109474 115772 120517 123952 126367 128025 129145 129891 130382 130702 130910 131044 131130 131185 131221 131243 131257 131266 131272 131275 131278 131279 131280 131281 131281 131281 131281 131281 131281 131281 131281 131282 131282 131282 131282 131282 131282 131282 131282 131282 131282 131282 131282 131282 131282 131282 131282 131282 131282 131282 131282 131282 131282 131282 131282 131282 131282 131282 131282 131282 131282 131282 131282 131282 131282 131282 131282 131282 131282 131282 131282 131282 131282 131282 131282 131282 131282 131282 131282 131282 131282 131282 131282 131282 131282 131282 131282 131282 131282 131282 131282 131282 131282 131282 0 0 0 0 0 0 0 0 0 0 0 0 0 0 0 0 0 0 0 0 0 0 0 0 0
#obs catch bio
 0 97542.6 152669 208083 243209 280103 307241 301975 302685 314378 292359 291278 288094 256230 252538 218101 191726 159447 139400 129298 129393 126888 114769 120075 101862 105967 109495 107519 100134 98786.2 92530.2 91436.5 98696.2 93240.9 97959.6 93228.9 97785.3 85590.7 86628.6 90005.2 86633 84564.1 91729.9 85872.5 91000 88698.5 89618.9 93941.6 99289.6 87525.5 91477 109188
#pred cpue bio
 3.26498e+06 3.1835e+06 3.00642e+06 2.89699e+06 2.77711e+06 2.54836e+06 2.1821e+06 1.90694e+06 1.73809e+06 1.55307e+06 1.39853e+06 1.29912e+06 1.20839e+06 1.09865e+06 1.01418e+06 892690 743042 669821 628258 598364 555379 534258 522381 532548 530081 532642 512425 475533 472881 479748 497792 519125 552025 579313 576938 544013 528118 516442 541381 556002 565972 577023 565322 521359 500318 494398 493064 520676 556147 557575 555944 498406 1.48698e+07 9.06511e+06 9.50528e+06 1.04732e+07 1.17199e+07 1.29575e+07 1.40431e+07 1.49282e+07 1.56162e+07 1.6134e+07 1.65153e+07 1.67924e+07 1.69922e+07 1.71357e+07 1.72389e+07 1.73132e+07 1.7367e+07 1.74061e+07 1.74348e+07 1.7456e+07 1.74716e+07 1.74834e+07 1.74922e+07 1.74988e+07 1.75038e+07 1.75077e+07 1.75106e+07 1.75128e+07 1.75145e+07 1.75158e+07 1.75169e+07 1.75176e+07 1.75182e+07 1.75187e+07 1.75191e+07 1.75193e+07 1.75196e+07 1.75197e+07 1.75199e+07 1.752e+07 1.752e+07 1.75201e+07 1.75201e+07 1.75202e+07 1.75202e+07 1.75202e+07 1.75203e+07 1.75203e+07 1.75203e+07 1.75203e+07 1.75203e+07 1.75203e+07 1.75203e+07 1.75203e+07 1.75203e+07 1.75203e+07 1.75203e+07 1.75203e+07 1.75203e+07 1.75203e+07 1.75203e+07 1.75203e+07 1.75203e+07 1.75203e+07 1.75203e+07 1.75203e+07 1.75203e+07 1.75203e+07 1.75203e+07 1.75203e+07 1.75203e+07 1.75203e+07 1.75203e+07 1.75203e+07 1.75203e+07 1.75203e+07 1.75203e+07 1.75203e+07 1.75203e+07 1.75203e+07 1.75203e+07 1.75203e+07 1.75203e+07 1.75203e+07 1.75203e+07 1.75203e+07 1.75203e+07 1.75203e+07 1.75203e+07 1.75203e+07 1.75203e+07 1.75203e+07 1.75203e+07 1.75203e+07 1.75203e+07 1.75203e+07 1.75203e+07 1.75203e+07 1.75203e+07 1.75203e+07 0 0 0 0 0 0 0 0 0 0 0 0 0 0 0 0 0 0 0 0 0 0 0 0 0
#obs cpue bio
 3.80217e+06 3.82108e+06 2.13025e+06 3.77805e+06 2.75041e+06 2.41281e+06 1.71527e+06 1.20837e+06 2.38186e+06 1.30376e+06 1.23466e+06 1.44849e+06 1.3839e+06 1.03951e+06 1.03249e+06 787274 547943 618240 558369 605364 466534 591614 463823 639810 656478 567368 533270 438312 479768 511291 643407 499583 580748 961684 630432 449769 723824 549905 554969 465343 479209 655173 574661 339481 526067 513108 400953 562926 847315 457121 594009 474436
#pred surv len freq
 0.00425014 0.00701058 0.0107558 0.0155304 0.0212464 0.0275878 0.0339974 0.0398336 0.04462 0.0481984 0.050688 0.0523301 0.053358 0.0539451 0.0542088 0.054235 0.0541036 0.0538877 0.0535965 0.0530602 0.0518318 0.0492398 0.0446744 0.038 0.0298103
 0.00452208 0.00737128 0.0111508 0.0158654 0.0214217 0.0275475 0.0337627 0.0394931 0.0442806 0.04793 0.0504987 0.0521863 0.053229 0.0538409 0.0541856 0.0543673 0.0544367 0.0543962 0.0541701 0.0535309 0.0520371 0.0490941 0.0442084 0.0373437 0.0291297
 0.00461917 0.00757703 0.0115422 0.0165258 0.0223986 0.0287997 0.0351324 0.0407382 0.0451668 0.048329 0.0504287 0.0517729 0.0526255 0.0531688 0.0535243 0.0537736 0.0539578 0.0540545 0.0539359 0.0533133 0.0517153 0.0485783 0.0434923 0.0365127 0.0283172
 0.00472368 0.0077464 0.0118002 0.0169047 0.0229443 0.0295693 0.0361753 0.0420582 0.0466804 0.0498526 0.0517191 0.0526124 0.0529053 0.0529176 0.0528736 0.0528918 0.0529945 0.0531115 0.0530555 0.0524794 0.0508723 0.0476716 0.0425139 0.0355195 0.0274069
 0.00486603 0.00798257 0.0121641 0.0174302 0.0236585 0.0304838 0.03728 0.0433236 0.0480647 0.0513014 0.0531498 0.0538974 0.0538786 0.0534214 0.0528199 0.0523002 0.0519797 0.0518315 0.0516531 0.0510458 0.0494461 0.0462668 0.0411563 0.0342658 0.0263325
 0.00501947 0.00823789 0.0125595 0.0180056 0.024448 0.0315042 0.0385176 0.0447302 0.0495659 0.0528132 0.0545934 0.0551992 0.0549594 0.0541837 0.0531551 0.05212 0.051257 0.050621 0.0500757 0.0492477 0.0475619 0.0444067 0.0394145 0.0327293 0.0250739
 0.00524817 0.00860818 0.0131141 0.0187837 0.0254787 0.0327951 0.0400431 0.0464263 0.0513377 0.0545522 0.0561954 0.0565765 0.0560423 0.0549145 0.0534767 0.0519714 0.0505858 0.0494108 0.0483715 0.0471623 0.0452579 0.0420674 0.0372161 0.0308181 0.023546
 0.00545438 0.00896602 0.0136938 0.0196631 0.0267237 0.034431 0.0420281 0.0486464 0.0536301 0.0567444 0.0581384 0.0581608 0.0571977 0.0556004 0.0536692 0.0516506 0.0497304 0.0480069 0.0464371 0.0447746 0.0425667 0.0392825 0.0345697 0.0285151 0.0217188
 0.00564773 0.00928398 0.0141809 0.0203679 0.0276951 0.0357087 0.043627 0.0505404 0.0557421 0.058948 0.060273 0.0600578 0.0587097 0.0566215 0.0541388 0.0515426 0.0490366 0.0467303 0.0446012 0.0424474 0.0398844 0.036452 0.0318389 0.0261158 0.0198081
 0.00589886 0.00968848 0.0147827 0.0212054 0.028795 0.0370762 0.0452366 0.0523348 0.057642 0.0608661 0.0621211 0.0617432 0.0601306 0.0576708 0.0547178 0.0515752 0.048477 0.0455641 0.0428488 0.0401768 0.0372293 0.0336178 0.0290778 0.0236715 0.0178523
 0.00616407 0.0101322 0.0154728 0.0222101 0.0301656 0.0388207 0.0472972 0.0545852 0.0599141 0.0629929 0.0639725 0.0632389 0.0612298 0.0583511 0.0549548 0.0513339 0.0477165 0.0442527 0.0409847 0.037811 0.0344858 0.0306973 0.0262329 0.0211505 0.0158327
 0.00637758 0.0104814 0.0160034 0.0229689 0.0311949 0.0401471 0.048916 0.0564476 0.0619246 0.0650191 0.0658654 0.0648584 0.0624682 0.0591442 0.055276 0.0511756 0.047072 0.0431112 0.0393448 0.0357086 0.0320218 0.0280487 0.0236315 0.0188297 0.0139637
 0.00662012 0.0108739 0.0165905 0.0237904 0.0322781 0.0414948 0.0504957 0.058189 0.0637313 0.0667868 0.0674946 0.0662586 0.0635576 0.059853 0.0555535 0.0509938 0.0464221 0.0419966 0.0377813 0.0337385 0.0297368 0.0256043 0.0212334 0.0166886 0.0122366
 0.00693614 0.0113777 0.0173295 0.0248008 0.0335763 0.0430662 0.0522823 0.0600883 0.0656116 0.0685152 0.0689623 0.0673924 0.0643174 0.0602209 0.0555222 0.0505599 0.0455845 0.0407599 0.0361634 0.0317837 0.0275322 0.0232897 0.0189895 0.0146995 0.0106386
 0.00708188 0.0116329 0.0177469 0.0254393 0.0344865 0.0442676 0.0537432 0.0617218 0.0672937 0.0701138 0.0703634 0.0685124 0.0651039 0.0606475 0.0555811 0.0502534 0.0449186 0.0397434 0.0348137 0.0301402 0.0256714 0.0213325 0.0170908 0.0130154 0.00928468
 0.00725374 0.0119158 0.0181798 0.0260625 0.0353354 0.0453618 0.0550722 0.0632345 0.068898 0.0716882 0.0717766 0.0696466 0.0658745 0.0610129 0.0555394 0.0498294 0.0441482 0.0386629 0.0334601 0.0285606 0.0239374 0.0195487 0.0153873 0.0115211 0.00809243
 0.00747035 0.0122524 0.0186578 0.0266925 0.0361176 0.0462862 0.0561172 0.0643649 0.0700657 0.0728358 0.0728397 0.0705556 0.0665592 0.0614115 0.05561 0.0495572 0.0435449 0.0377597 0.0323012 0.027202 0.0224525 0.0180322 0.0139494 0.0102675 0.007097
 0.0075273 0.0123742 0.0188936 0.0271026 0.0367541 0.0471659 0.0572003 0.065558 0.07125 0.0739053 0.0737267 0.0712318 0.0670184 0.0616504 0.0556186 0.0493213 0.0430555 0.0370223 0.0313406 0.0260643 0.0212049 0.0167609 0.01275 0.00922753 0.00627553
 0.00763279 0.0125036 0.0190141 0.0271664 0.0367231 0.0470437 0.0570509 0.0654905 0.0713732 0.0742757 0.0743241 0.0719729 0.0677949 0.0623635 0.0561944 0.0497088 0.0432205 0.0369458 0.0310227 0.0255298 0.0205057 0.015972 0.0119583 0.00851437 0.00569837
 0.00770204 0.0126106 0.0191622 0.027348 0.0369145 0.0472021 0.0571217 0.06543 0.071179 0.074008 0.074093 0.0718936 0.0679339 0.0627108 0.056673 0.0502106 0.0436419 0.0372095 0.0310857 0.025385 0.02018 0.0155214 0.0114559 0.0080334 0.0052943
 0.00776635 0.0127109 0.0193051 0.0275361 0.0371446 0.0474625 0.0573886 0.0656655 0.0713367 0.0740475 0.0740013 0.0717008 0.0677108 0.0625424 0.0566209 0.0502843 0.0437973 0.0373707 0.0311767 0.0253549 0.0200157 0.0152465 0.01112 0.00769421 0.0049997
 0.00776171 0.0127271 0.0193724 0.0276952 0.0374331 0.0478956 0.057943 0.0662778 0.071919 0.074511 0.0742784 0.0717591 0.0675599 0.0622329 0.0562316 0.0498977 0.0434705 0.0371184 0.030974 0.0251588 0.0197909 0.0149825 0.0108329 0.00741574 0.0047611
 0.00781753 0.0128028 0.0194603 0.0277836 0.0375156 0.0479822 0.0580641 0.0664732 0.0722143 0.0748951 0.0746966 0.0721295 0.0678037 0.0623033 0.0561282 0.0496619 0.043166 0.0368045 0.0306861 0.0249031 0.019555 0.0147531 0.0106085 0.00720729 0.00458453
 0.00779737 0.0127658 0.0193964 0.0276803 0.0373603 0.0477682 0.0577977 0.0661814 0.0719468 0.0747159 0.0746647 0.0722734 0.0681038 0.0626954 0.0565276 0.0499965 0.0433987 0.0369359 0.0307392 0.0249037 0.0195201 0.0146913 0.0105266 0.00711588 0.0044969
 0.00794432 0.0129774 0.0196639 0.0279766 0.0376461 0.0480019 0.057945 0.0662205 0.0718713 0.0745387 0.07442 0.0720128 0.067883 0.0625544 0.0564754 0.050009 0.0434339 0.0369549 0.0307213 0.024848 0.0194374 0.0145949 0.0104278 0.00702354 0.00441819
 0.00787103 0.0128713 0.0195275 0.0278186 0.0374761 0.0478237 0.0577542 0.0660087 0.0716366 0.0742945 0.0741964 0.0718494 0.0678167 0.0626081 0.0566516 0.0502877 0.0437756 0.0373103 0.0310444 0.0251075 0.0196215 0.0147082 0.0104846 0.00704167 0.00441427
 0.00780988 0.0127815 0.0194107 0.0276837 0.0373381 0.0477001 0.0576605 0.065953 0.0716152 0.0742908 0.0741879 0.0718191 0.0677651 0.0625553 0.0566285 0.0503215 0.0438766 0.037467 0.0312291 0.0252874 0.0197705 0.0148132 0.0105461 0.00706906 0.00442013
 0.007833 0.0128205 0.0194718 0.0277736 0.0374617 0.0478587 0.0578482 0.0661561 0.0718124 0.0744561 0.074294 0.071843 0.0676944 0.0623953 0.0564043 0.050073 0.0436464 0.0372868 0.0311105 0.025223 0.0197413 0.0147998 0.0105352 0.00705576 0.00440511
 0.00776373 0.0127301 0.019377 0.0277033 0.0374496 0.0479296 0.058008 0.0663888 0.0720862 0.0747332 0.0745385 0.0720256 0.0677941 0.0624016 0.05632 0.0499158 0.0434468 0.0370806 0.0309285 0.0250826 0.0196447 0.0147383 0.0104966 0.00703005 0.00438673
 0.00782309 0.0127841 0.0193819 0.0275987 0.0371819 0.0474861 0.0574397 0.0658038 0.0716118 0.0744669 0.0745159 0.072219 0.0681348 0.0628083 0.0567217 0.0502638 0.0437183 0.0372761 0.0310637 0.0251779 0.0197166 0.0147955 0.0105413 0.00706219 0.00440699
 0.00789887 0.0129003 0.0195411 0.0277907 0.0373778 0.0476345 0.0574729 0.0656599 0.0712678 0.0739652 0.0739612 0.0717403 0.0678333 0.0627216 0.0568214 0.0504815 0.0439792 0.0375233 0.0312674 0.0253318 0.0198277 0.0148744 0.0105968 0.00710001 0.0044311
 0.00793699 0.0129485 0.0195883 0.027819 0.0373676 0.0475718 0.0573535 0.0654858 0.0710411 0.0736857 0.0736353 0.0713951 0.0675223 0.0625112 0.0567635 0.0505886 0.0442198 0.0378382 0.0315947 0.0256259 0.0200659 0.0150529 0.0107224 0.00718323 0.0044828
 0.00783515 0.0128031 0.0194063 0.0276178 0.0371678 0.0473872 0.0571847 0.0653233 0.0708744 0.0735122 0.0734625 0.0712369 0.0673956 0.0624361 0.0567634 0.0506849 0.0444203 0.0381273 0.0319351 0.025971 0.0203755 0.0153031 0.0109069 0.00730831 0.00456097
 0.00775425 0.0126728 0.0192137 0.0273554 0.0368391 0.0470126 0.0568037 0.0649865 0.0706266 0.0733747 0.0734269 0.0712741 0.0674739 0.062536 0.0568824 0.0508336 0.0446129 0.0383713 0.0322227 0.0262791 0.0206728 0.0155612 0.011109 0.00745159 0.00465314
 0.00779495 0.0127056 0.019202 0.027246 0.0365782 0.0465704 0.0561957 0.0642785 0.0699186 0.072772 0.0730112 0.0710848 0.0675042 0.0627438 0.0572106 0.0512297 0.0450406 0.0388099 0.0326595 0.0266999 0.021059 0.0158928 0.0113717 0.00764188 0.0047784
 0.00851529 0.0137418 0.0205093 0.0286911 0.0379689 0.0477094 0.0569285 0.0645197 0.0696579 0.0720718 0.0719941 0.0699086 0.0663252 0.0616825 0.0563339 0.0505542 0.0445497 0.038474 0.0324489 0.0265883 0.0210212 0.0159035 0.0114069 0.00768249 0.00481282
 0.00917131 0.0147931 0.0220539 0.030785 0.0405853 0.0506916 0.0599654 0.0671839 0.0715195 0.0728394 0.0716056 0.0685262 0.0642529 0.0592612 0.0538601 0.0482404 0.0425188 0.0367758 0.0310847 0.0255332 0.0202381 0.0153497 0.0110368 0.00745053 0.00467741
 0.00926491 0.015031 0.0225693 0.0317518 0.0421704 0.0529783 0.0628799 0.0704676 0.0747661 0.0755853 0.0734404 0.0691921 0.0637029 0.0576587 0.051518 0.0455258 0.0397644 0.0342258 0.0288824 0.023737 0.0188473 0.0143277 0.0103273 0.00698834 0.00439716
 0.00895302 0.0145674 0.0219595 0.031048 0.0414817 0.0524718 0.0627643 0.0709461 0.0759587 0.0774491 0.0757375 0.0715352 0.0656682 0.0589149 0.0519171 0.045122 0.0387645 0.0329027 0.0274916 0.0224644 0.0177954 0.0135281 0.00976405 0.00662023 0.00417451
 0.00885137 0.0143715 0.021611 0.0304822 0.040655 0.0514015 0.0615623 0.0698212 0.0751753 0.0772519 0.0762687 0.0727743 0.0674185 0.0608484 0.0536695 0.0464031 0.0394373 0.0329988 0.0271651 0.021915 0.0172001 0.0130036 0.00936273 0.00634615 0.0040054
 0.00880756 0.0143042 0.0215146 0.0303471 0.0404617 0.0511169 0.061146 0.0692485 0.0744705 0.0765142 0.0756677 0.0725026 0.0676167 0.0615363 0.0547216 0.0475855 0.040492 0.0337349 0.0275135 0.0219256 0.0169936 0.012711 0.00908186 0.00612713 0.00385868
 0.00877795 0.0142473 0.0214132 0.0301817 0.0402165 0.0507875 0.0607445 0.0687991 0.0739995 0.0760449 0.0752282 0.0721434 0.0674182 0.0615898 0.0550834 0.0482327 0.0413111 0.0345581 0.0281838 0.0223547 0.0171805 0.0127194 0.00899693 0.00601937 0.00376807
 0.0087083 0.0141437 0.0212745 0.0300114 0.0400193 0.0505654 0.0604956 0.0685208 0.073695 0.0757268 0.0749183 0.0718698 0.0672146 0.0614967 0.0551451 0.0484808 0.04174 0.0351098 0.0287594 0.0228509 0.0175302 0.0129107 0.0090637 0.00601369 0.00373533
 0.0086955 0.0141334 0.0212784 0.030046 0.0401006 0.0507007 0.0606749 0.0687149 0.0738604 0.0758169 0.0748972 0.0717244 0.0669607 0.0611779 0.054824 0.0482241 0.0416001 0.0351061 0.02887 0.0230209 0.0176961 0.0130273 0.00911745 0.0060179 0.00371408
 0.00862626 0.014032 0.0211473 0.0298964 0.039952 0.0505776 0.0606029 0.0687142 0.0739384 0.0759614 0.0750752 0.0718901 0.0670705 0.0612066 0.0547748 0.0481275 0.0415022 0.0350504 0.0288796 0.0230902 0.0177968 0.0131246 0.00918701 0.00605321 0.00372289
 0.00860955 0.0140106 0.0211258 0.029883 0.0399569 0.0506098 0.0606677 0.068812 0.0740644 0.0761059 0.0752233 0.0720215 0.0671615 0.0612354 0.0547291 0.0480121 0.0413405 0.0348784 0.028733 0.0229914 0.017748 0.0131116 0.00918989 0.00605702 0.00372161
 0.00864893 0.0140598 0.021173 0.0299097 0.0399444 0.0505499 0.0605696 0.0687014 0.0739741 0.0760629 0.0752397 0.072092 0.0672672 0.0613495 0.0548242 0.0480671 0.041347 0.0348435 0.0286759 0.0229344 0.017707 0.0130911 0.00918489 0.00605889 0.00372383
 0.00856878 0.0139531 0.0210549 0.0298063 0.0398823 0.0505415 0.0606041 0.0687496 0.074005 0.0760621 0.0752166 0.0720724 0.0672764 0.0613987 0.0549061 0.0481616 0.0414314 0.0349021 0.0287049 0.0229408 0.0177027 0.0130863 0.00918392 0.00606127 0.00372708
 0.00857201 0.0139393 0.0210007 0.0296831 0.0396695 0.0502437 0.060261 0.0684271 0.0737691 0.0759505 0.0752272 0.0721741 0.0674321 0.0615821 0.0551037 0.0483651 0.0416302 0.0350828 0.0288555 0.0230558 0.0177844 0.0131416 0.0092208 0.00608571 0.0037428
 0.00868608 0.0141071 0.0212191 0.029934 0.0399202 0.0504515 0.0603811 0.068425 0.0736352 0.0757095 0.0749323 0.0718872 0.0672001 0.0614243 0.0550156 0.0483306 0.0416319 0.0351055 0.0288868 0.0230862 0.017808 0.0131571 0.00922968 0.00609051 0.00374547
 0.00850696 0.0138552 0.0209122 0.0296122 0.039633 0.0502369 0.0602508 0.0683624 0.0736079 0.0756876 0.0749036 0.0718617 0.0672034 0.0614835 0.0551451 0.0485257 0.0418717 0.0353619 0.0291336 0.023304 0.017986 0.0132922 0.00932518 0.00615323 0.00378372
 0.00883064 0.0142915 0.0214051 0.0300596 0.0399224 0.0502983 0.0600928 0.0680661 0.0732812 0.0754098 0.0746969 0.0717013 0.0670517 0.0613207 0.0549785 0.048379 0.0417676 0.0353096 0.029127 0.0233277 0.0180232 0.01333 0.00935626 0.00617534 0.00379769
#obs surv len freq
 nan nan nan nan nan nan nan nan nan nan nan nan nan nan nan nan nan nan nan nan nan nan nan nan nan
 0.00448271 0.00734309 0.0111721 0.0159875 0.0216876 0.0279628 0.0342768 0.0400084 0.0446887 0.0481535 0.0505126 0.0520097 0.0529032 0.0534167 0.0537319 0.0539875 0.0542665 0.0545596 0.0546986 0.0542906 0.0527286 0.0493604 0.0438098 0.0362892 0.0276721
 0.00461081 0.00755378 0.0114933 0.0164459 0.0223017 0.028733 0.0351757 0.0409777 0.0456476 0.049015 0.0511998 0.0524674 0.0531032 0.0533581 0.0534366 0.0534926 0.0536154 0.0537946 0.0538587 0.0534126 0.051851 0.0485263 0.0430634 0.0356683 0.0271976
 0.00477514 0.00782094 0.0118956 0.0170136 0.0230578 0.0296843 0.0363023 0.0422279 0.0469416 0.0502564 0.0522895 0.0533161 0.0536414 0.0535443 0.0532612 0.0529762 0.0528019 0.0527428 0.0526341 0.0520847 0.0504943 0.0472201 0.0418866 0.0346858 0.0264453
 0.00496138 0.00812745 0.0123637 0.0176839 0.0239617 0.0308315 0.0376676 0.0437472 0.0485215 0.0517909 0.0536755 0.0544607 0.0544648 0.0539827 0.0532726 0.0525462 0.0519479 0.0515123 0.0511011 0.0503455 0.0486634 0.0454237 0.0402494 0.0333098 0.0253877
 0.00517939 0.0084823 0.0128988 0.0184405 0.024972 0.0321068 0.0391856 0.0454461 0.0503062 0.053549 0.0552937 0.0558359 0.055509 0.0546242 0.0534567 0.0522377 0.051136 0.050218 0.0493841 0.0483076 0.0464463 0.0431977 0.0381893 0.0315613 0.0240357
 0.00539938 0.0088454 0.0134553 0.0192405 0.0260556 0.033488 0.0408373 0.0472951 0.0522446 0.0554561 0.0570542 0.0573489 0.0566891 0.0553994 0.0537673 0.0520369 0.0503945 0.0489329 0.0475925 0.0460999 0.0439724 0.0406564 0.0357973 0.0295067 0.0224342
 0.0056453 0.00924516 0.0140572 0.0200905 0.0271893 0.0349189 0.0425421 0.0492071 0.0542606 0.0574539 0.0589112 0.058955 0.0579529 0.0562485 0.0541445 0.0518967 0.049702 0.0476719 0.0457812 0.0438121 0.0413522 0.0379142 0.0331764 0.0272286 0.0206426
 0.00589505 0.00965546 0.0146825 0.0209836 0.0283908 0.0364401 0.0443491 0.0512162 0.0563525 0.059498 0.0607868 0.0605611 0.0592081 0.0570877 0.0545152 0.0517558 0.0490149 0.0464177 0.0439674 0.0414981 0.0386707 0.0350735 0.0304304 0.024818 0.0187313
 0.00613513 0.0100503 0.0152853 0.0218472 0.0295578 0.037927 0.0461293 0.0532133 0.0584497 0.0615599 0.0626823 0.0621783 0.0604606 0.0579134 0.0548706 0.0516083 0.0483381 0.0451933 0.0421991 0.0392355 0.0360334 0.0322586 0.0276876 0.0223918 0.0167943
 0.00636356 0.0104266 0.0158609 0.0226734 0.0306761 0.0393534 0.0478384 0.0551321 0.0604676 0.0635492 0.064518 0.0637509 0.0616817 0.0587171 0.0552118 0.0514578 0.0476765 0.0440103 0.0405022 0.0370706 0.0335092 0.0295572 0.0250443 0.0200421 0.014909
 0.00662568 0.0108492 0.0164904 0.0235508 0.0318301 0.0407887 0.0495228 0.0569919 0.0623961 0.0654256 0.0662262 0.0651914 0.0627759 0.0594078 0.0554606 0.0512406 0.0469795 0.0428291 0.0388493 0.0349919 0.0311057 0.0269958 0.022541 0.0178151 0.0131187
 0.00682893 0.011192 0.0170286 0.0243427 0.032922 0.0421938 0.0512021 0.0588508 0.0643032 0.0672431 0.0678359 0.0665053 0.0637344 0.0599729 0.0556093 0.0509599 0.0462631 0.0416778 0.0372785 0.0330465 0.0288784 0.0246365 0.0202431 0.0157736 0.0114776
 0.00705822 0.0115637 0.0175865 0.0251279 0.0339666 0.0435097 0.0527667 0.0605984 0.0661282 0.0690157 0.0694233 0.0677923 0.0646388 0.0604505 0.0556488 0.0505708 0.0454635 0.0404889 0.0357283 0.0311837 0.0267896 0.0224555 0.018139 0.0139159 0.00998972
 0.00726958 0.011911 0.0181157 0.0258827 0.0349784 0.0447824 0.054263 0.0622374 0.0678 0.0706037 0.0708232 0.0689193 0.065428 0.0608572 0.0556502 0.0501662 0.0446705 0.0393375 0.0342587 0.0294529 0.0248824 0.0204916 0.0162643 0.0122732 0.00868087
 0.00745048 0.0122086 0.0185699 0.0265328 0.0358548 0.0458942 0.0555843 0.063702 0.0693096 0.0720469 0.0720945 0.0699336 0.0661255 0.0612034 0.0556317 0.0497854 0.0439427 0.0382893 0.0329303 0.0279019 0.0231909 0.0187681 0.0146345 0.0108561 0.00755862
 0.00753321 0.0123471 0.0187863 0.026852 0.0363014 0.0464865 0.0563274 0.0645822 0.0702927 0.0730805 0.0731126 0.0708624 0.0668922 0.0617443 0.0558995 0.0497525 0.0436009 0.0376484 0.0320184 0.0267681 0.0219085 0.0174338 0.0133582 0.0097395 0.00667151
 0.00757873 0.0124156 0.0188801 0.0269715 0.0364488 0.0466693 0.0565604 0.0648855 0.0706856 0.0735733 0.0736983 0.0715127 0.0675577 0.0623602 0.0563954 0.0500639 0.0436788 0.0374668 0.0315777 0.0260976 0.0210662 0.0165028 0.0124344 0.00891306 0.00600575
 0.0076304 0.0124899 0.0189739 0.0270757 0.0365508 0.0467579 0.056631 0.0649435 0.070748 0.0736669 0.0738538 0.0717541 0.0678912 0.0627661 0.0568273 0.0504568 0.0439627 0.0375819 0.0314878 0.0257986 0.0205892 0.0159096 0.011805 0.00832668 0.00552118
 0.00773366 0.0126479 0.0191927 0.0273523 0.0368721 0.0471001 0.0569608 0.0652227 0.0709433 0.0737621 0.0738581 0.0717003 0.0678241 0.0627266 0.0568366 0.050508 0.0440216 0.0375979 0.031411 0.0255973 0.020262 0.0154877 0.0113433 0.00788645 0.00515146
 0.00778724 0.0127372 0.0193304 0.0275502 0.0371365 0.0474259 0.0573261 0.0655893 0.0712649 0.0739964 0.0739791 0.0717053 0.0677335 0.0625774 0.0566712 0.0503594 0.0439021 0.0374954 0.031295 0.0254345 0.020033 0.0151973 0.0110201 0.00757125 0.00488134
 0.00782683 0.0127978 0.0194152 0.0276606 0.0372734 0.0475907 0.0575199 0.0658099 0.0715024 0.0742311 0.0741829 0.0718488 0.0677959 0.0625543 0.0565767 0.0502205 0.0437475 0.0373431 0.0311466 0.025278 0.0198535 0.0149896 0.0107947 0.00735058 0.00468961
 0.0078414 0.012817 0.0194357 0.027677 0.0372801 0.047585 0.0575051 0.0657964 0.0715053 0.0742655 0.0742575 0.0719609 0.0679296 0.062685 0.0566804 0.0502824 0.0437659 0.0373256 0.0311024 0.0252113 0.0197637 0.0148766 0.0106646 0.00721696 0.00456868
 0.00786366 0.0128491 0.0194762 0.0277215 0.0373215 0.0476153 0.057517 0.0657858 0.0714737 0.0742214 0.0742164 0.0719396 0.0679406 0.0627305 0.0567502 0.0503584 0.0438294 0.0373637 0.0311103 0.0251898 0.0197163 0.0148081 0.0105822 0.00713042 0.00448902
 0.00787826 0.0128701 0.0195028 0.0277508 0.037349 0.0476357 0.0575254 0.0657779 0.0714476 0.0741787 0.0741629 0.0718861 0.0679003 0.0627152 0.0567659 0.0504023 0.0438901 0.0374256 0.0311587 0.0252152 0.0197156 0.0147838 0.0105407 0.00708084 0.00444037
 0.00790145 0.0129046 0.0195486 0.0278055 0.037408 0.0476929 0.0575739 0.0658109 0.0714592 0.0741658 0.0741263 0.0718308 0.0678352 0.0626517 0.0567152 0.0503725 0.0438832 0.0374367 0.0311777 0.025231 0.0197198 0.0147732 0.0105173 0.00705001 0.00440877
 0.00791862 0.0129287 0.0195779 0.0278356 0.0374336 0.0477091 0.0575777 0.0658019 0.071439 0.0741373 0.0740925 0.0717949 0.0678 0.0626204 0.0566915 0.0503602 0.0438851 0.0374525 0.0312033 0.0252592 0.0197427 0.0147854 0.0105174 0.00704078 0.00439481
 0.00789883 0.0128993 0.0195385 0.0277876 0.0373792 0.0476505 0.0575166 0.0657403 0.0713801 0.0740858 0.0740545 0.0717755 0.0678023 0.0626439 0.056733 0.0504152 0.0439493 0.037522 0.031274 0.0253259 0.0198001 0.0148289 0.0105454 0.00705472 0.00439864
 0.0078725 0.0128522 0.0194602 0.0276673 0.0372094 0.0474334 0.0572683 0.0654891 0.0711595 0.0739242 0.0739683 0.0717675 0.0678647 0.0627632 0.0568933 0.0506003 0.0441441 0.0377139 0.0314528 0.0254841 0.0199322 0.0149319 0.0106192 0.00710249 0.00442602
 0.00785125 0.0128157 0.0194016 0.0275782 0.0370819 0.0472619 0.0570534 0.0652407 0.0708979 0.0736782 0.0737698 0.0716439 0.0678322 0.0628226 0.0570316 0.0507961 0.0443731 0.0379532 0.0316835 0.0256921 0.0201082 0.0150712 0.0107216 0.00717169 0.00446851
 0.00785718 0.0128213 0.0194023 0.027567 0.03705 0.0472014 0.0569589 0.0651112 0.0707371 0.0734955 0.0735805 0.071469 0.0676953 0.0627448 0.0570256 0.050862 0.0444993 0.03812 0.0318684 0.0258743 0.0202717 0.0152062 0.0108241 0.00724302 0.00451372
 0.00783013 0.0127778 0.0193378 0.0274775 0.036933 0.047057 0.0567913 0.0649289 0.0705522 0.0733211 0.0734292 0.0713517 0.0676212 0.0627219 0.0570598 0.0509555 0.0446477 0.0383113 0.032084 0.0260929 0.0204735 0.0153767 0.0109564 0.0073369 0.00457449
 0.00781012 0.0127436 0.0192834 0.0273965 0.0368204 0.0469119 0.0566188 0.0647406 0.0703639 0.073149 0.0732865 0.0712477 0.0675614 0.0627091 0.0570953 0.051039 0.0447765 0.0384787 0.0322781 0.0262972 0.0206698 0.0155491 0.0110944 0.00743766 0.00464128
 0.00777022 0.0126786 0.0191854 0.0272586 0.0366383 0.0466867 0.05636 0.0644666 0.0700992 0.0729195 0.073114 0.0711464 0.0675364 0.0627574 0.0572082 0.0512049 0.0449831 0.0387135 0.032528 0.0265472 0.0209042 0.0157534 0.0112587 0.00755869 0.00472246
 0.00772454 0.0126044 0.019074 0.0271023 0.0364323 0.0464322 0.0560668 0.0641541 0.0697938 0.0726496 0.0729048 0.0710165 0.067496 0.0628073 0.0573405 0.0514055 0.0452339 0.0389954 0.0328221 0.0268358 0.0211705 0.0159836 0.0114437 0.00769548 0.00481492
 0.00934178 0.01487 0.021812 0.029924 0.0388492 0.0480352 0.0566692 0.0638189 0.0687526 0.0711834 0.0712567 0.0693589 0.0659364 0.0614071 0.0561307 0.0503961 0.0444207 0.038364 0.032352 0.0265027 0.0209487 0.0158467 0.0113669 0.00765734 0.00479879
 0.00930344 0.0151077 0.0226989 0.0319249 0.0423187 0.0529449 0.0624342 0.069393 0.0730006 0.0733289 0.0711381 0.0673716 0.0627583 0.0577084 0.0524076 0.0469428 0.0413779 0.0357801 0.0302269 0.0248118 0.0196531 0.0148975 0.0107073 0.00722665 0.00453678
 0.00898346 0.0146016 0.0219852 0.0310509 0.041455 0.0524238 0.0627102 0.0708797 0.0758211 0.0771302 0.0751341 0.0706418 0.0646313 0.0579954 0.0513719 0.0450838 0.0391966 0.0336427 0.0283403 0.0232605 0.0184477 0.0140095 0.0100893 0.00682296 0.00429129
 0.00880639 0.0143052 0.0215241 0.0303804 0.0405486 0.0513045 0.061492 0.0697965 0.0752089 0.0773349 0.0763565 0.0727892 0.0672832 0.0605389 0.0532505 0.0460104 0.0392116 0.0330141 0.0274005 0.0222811 0.0175916 0.0133427 0.0096147 0.00651122 0.00410221
 0.00873023 0.0141763 0.0213199 0.0300745 0.0401137 0.0507196 0.0607548 0.068939 0.0743163 0.0765578 0.0759012 0.0728658 0.0680135 0.0618644 0.054909 0.0476205 0.0404278 0.0336607 0.0275065 0.0220156 0.0171587 0.0129024 0.00925419 0.00625615 0.00394158
 0.00869136 0.0141097 0.0212129 0.0299123 0.0398811 0.0504043 0.0603511 0.0684512 0.073761 0.0759706 0.0753456 0.0724411 0.0678442 0.0620618 0.0555109 0.0485445 0.0414792 0.0346046 0.0281654 0.0223321 0.0171908 0.012767 0.00906432 0.00608487 0.00381813
 0.00868736 0.014101 0.0211953 0.0298794 0.0398244 0.050314 0.0602169 0.068264 0.0735152 0.0756669 0.0749964 0.0720765 0.0675178 0.0618485 0.055489 0.048762 0.0419189 0.0351743 0.0287293 0.0227684 0.0174403 0.0128438 0.00902865 0.00600371 0.00373826
 0.00868914 0.0141047 0.0212021 0.0298904 0.0398392 0.050329 0.0602245 0.0682525 0.0734706 0.0755763 0.0748518 0.0718795 0.0672836 0.0616098 0.0552948 0.0486667 0.0419618 0.0353567 0.0290059 0.023063 0.0176797 0.0129885 0.00908128 0.00599484 0.00370365
 0.00867906 0.0140903 0.0211844 0.0298715 0.0398223 0.0503175 0.0602202 0.0682551 0.0734761 0.0755766 0.074836 0.0718361 0.0672054 0.0614991 0.0551677 0.0485527 0.041896 0.0353663 0.0290949 0.0232072 0.0178366 0.0131173 0.00916068 0.00602668 0.00370423
 0.00867104 0.0140778 0.0211665 0.0298483 0.0397946 0.0502876 0.0601921 0.0682333 0.0734646 0.0755769 0.074845 0.0718463 0.0672069 0.0614828 0.0551302 0.0485001 0.0418445 0.0353371 0.0291045 0.0232583 0.0179153 0.0132004 0.00922736 0.0060673 0.00372122
 0.00865494 0.0140534 0.0211331 0.0298065 0.0397463 0.0502356 0.0601401 0.0681859 0.0734272 0.075554 0.0748396 0.0718581 0.0672318 0.0615133 0.0551575 0.0485181 0.0418531 0.0353429 0.0291182 0.0232878 0.0179612 0.0132545 0.0092779 0.00610516 0.00374367
 0.00864429 0.0140346 0.0211024 0.0297599 0.0396811 0.0501526 0.0600452 0.0680897 0.0733422 0.0754914 0.0748065 0.0718564 0.0672587 0.0615626 0.0552206 0.0485855 0.0419172 0.0354 0.0291692 0.0233364 0.0180102 0.0133032 0.00932215 0.00614037 0.00376755
 0.00864376 0.0140335 0.0211 0.0297548 0.0396714 0.0501355 0.0600175 0.0680494 0.0732898 0.0754314 0.0747469 0.0718067 0.0672272 0.0615534 0.0552332 0.0486155 0.0419577 0.0354445 0.0292132 0.0233781 0.0180493 0.0133396 0.00935454 0.00616675 0.00378657
 0.00864408 0.0140342 0.0211014 0.0297572 0.0396749 0.0501395 0.0600205 0.0680487 0.0732822 0.0754142 0.0747189 0.0717701 0.0671871 0.0615171 0.0552075 0.0486046 0.041962 0.0354612 0.0292377 0.0234063 0.018078 0.0133667 0.00937852 0.00618637 0.00380108
 0.00863308 0.0140187 0.0210824 0.0297373 0.0396573 0.050127 0.0600148 0.0680496 0.0732878 0.0754216 0.0747247 0.0717711 0.0671817 0.061506 0.0551939 0.0485931 0.041957 0.035465 0.0292502 0.023425 0.0180999 0.0133887 0.00939839 0.00620264 0.00381316
 0.00863308 0.0140187 0.0210824 0.0297373 0.0396573 0.050127 0.0600148 0.0680496 0.0732878 0.0754216 0.0747247 0.0717711 0.0671817 0.061506 0.0551939 0.0485931 0.041957 0.035465 0.0292502 0.023425 0.0180999 0.0133887 0.00939839 0.00620264 0.00381316
 0.0086329 0.014019 0.0210842 0.0297419 0.0396663 0.0501417 0.0600357 0.068076 0.0733174 0.0754504 0.074748 0.0717843 0.0671814 0.0614914 0.0551671 0.0485586 0.0419207 0.0354327 0.0292259 0.0234104 0.0180941 0.0133896 0.00940299 0.00620853 0.00381862
#pred catch len freq
 0.00312814 0.00510072 0.00773884 0.0111 0.0152294 0.0201076 0.0255913 0.0314097 0.0372242 0.0426982 0.0475458 0.0515657 0.0546664 0.0568677 0.0582733 0.0590378 0.0593417 0.0593577 0.0591702 0.0586433 0.0573149 0.0544608 0.0494159 0.0420347 0.0329759
 0.00333639 0.00537997 0.00805144 0.0113792 0.0154041 0.0201375 0.0254894 0.0312344 0.0370429 0.0425482 0.0474203 0.051434 0.054513 0.0567218 0.0582094 0.0591439 0.0596699 0.0598801 0.0597646 0.0591241 0.0575032 0.054263 0.0488673 0.0412807 0.0322012
 0.00344294 0.0055806 0.00839883 0.0119254 0.0161718 0.0210845 0.0264922 0.0321152 0.0376374 0.0427759 0.0473088 0.0510846 0.054039 0.0562083 0.0577142 0.0587181 0.0593639 0.0597206 0.0597204 0.0590944 0.0573515 0.0538841 0.048247 0.0405058 0.0314145
 0.00356083 0.00576867 0.00867941 0.0123278 0.0167382 0.0218697 0.0275452 0.033441 0.0391538 0.0442995 0.0485957 0.0519165 0.0543072 0.0559434 0.0570501 0.0578256 0.0583956 0.0587806 0.0588512 0.0582755 0.0565187 0.0529741 0.0472469 0.0394752 0.0304596
 0.00370412 0.00600028 0.0090258 0.0128138 0.0173849 0.0226916 0.0285481 0.0346221 0.0405002 0.0457753 0.0501183 0.0533386 0.0554316 0.0565807 0.0570912 0.0572845 0.0573943 0.0574907 0.0574281 0.0568176 0.0550654 0.0515361 0.0458477 0.0381731 0.0293357
 0.00387171 0.00627084 0.00943035 0.0133822 0.0181433 0.0236564 0.0297177 0.0359705 0.0419779 0.0473166 0.0516489 0.0547757 0.0566752 0.0575069 0.0575649 0.0571966 0.0567079 0.0562633 0.0557923 0.0549347 0.0530827 0.0495727 0.044004 0.0365417 0.027995
 0.00411548 0.00665733 0.0099947 0.0141533 0.0191418 0.0248908 0.0311769 0.0376156 0.0437408 0.0491063 0.0533629 0.0563123 0.0579424 0.0584218 0.0580471 0.057166 0.0560984 0.0550524 0.0540285 0.0527422 0.0506408 0.0470821 0.0416566 0.0344967 0.026357
 0.00432618 0.0070097 0.0105438 0.0149578 0.0202542 0.0263397 0.032948 0.0396432 0.0459139 0.0512875 0.0554097 0.0580944 0.0593523 0.0593793 0.0584946 0.0570587 0.0553984 0.053737 0.0521141 0.0503127 0.0478599 0.0441786 0.0388826 0.032074 0.0244299
 0.00453233 0.0073411 0.0110381 0.0156547 0.021196 0.0275684 0.034494 0.0415061 0.0480439 0.053576 0.057697 0.0601958 0.0610938 0.0606254 0.0591585 0.0570939 0.0547833 0.0524669 0.0502112 0.0478509 0.0449897 0.0411293 0.0359284 0.0294715 0.0223537
 0.00480867 0.00777729 0.0116711 0.0165127 0.0222972 0.0289188 0.0360825 0.0433008 0.049993 0.05561 0.0597275 0.0621125 0.0627655 0.0619126 0.0599338 0.05726 0.0542815 0.0512772 0.0483545 0.0454027 0.0420996 0.0380268 0.0328954 0.0267807 0.0201976
 0.0050649 0.00819635 0.0123068 0.0174173 0.0235125 0.0304612 0.0379259 0.0453698 0.0521723 0.0577669 0.061736 0.063868 0.0641863 0.0629317 0.0604876 0.0572831 0.0537119 0.0500707 0.0465055 0.0429674 0.0392162 0.0349191 0.0298448 0.0240639 0.018014
 0.00529684 0.0085674 0.012856 0.0181822 0.0245289 0.0317582 0.0395148 0.0472279 0.0542307 0.0599084 0.0638091 0.0657134 0.065668 0.0639564 0.0610044 0.0572663 0.0531417 0.0489277 0.0447847 0.040708 0.0365321 0.0320103 0.0269731 0.0214936 0.0159396
 0.00556144 0.00898679 0.0134678 0.0190163 0.0256047 0.0330807 0.0410672 0.0489672 0.0560885 0.0617969 0.0656264 0.0673484 0.0670076 0.0648984 0.0614714 0.0572126 0.0525485 0.0477942 0.0431269 0.0385732 0.0340247 0.0293069 0.0243077 0.0191061 0.0140096
 0.00584781 0.00943861 0.0141229 0.0199025 0.0267379 0.0344596 0.0426656 0.050727 0.0579214 0.0635954 0.0672798 0.0687564 0.068089 0.0655926 0.0617353 0.0570169 0.0518761 0.0466421 0.0415119 0.0365452 0.0316831 0.0268113 0.0218647 0.0169264 0.0122507
 0.00603959 0.00975582 0.0146105 0.0206064 0.0276958 0.0356874 0.0441424 0.0523886 0.0596675 0.065308 0.0688414 0.0700648 0.0690658 0.0661864 0.0619191 0.0567805 0.0512193 0.0455712 0.0400459 0.0347293 0.0296055 0.0246118 0.0197217 0.0150202 0.0107151
 0.00621497 0.0100391 0.0150349 0.0212056 0.0285023 0.0367269 0.045422 0.0538834 0.0613107 0.0669907 0.0704269 0.0714132 0.0700621 0.0667595 0.0620444 0.0564689 0.0504998 0.0444788 0.0386201 0.0330237 0.0277031 0.0226339 0.0178193 0.0133432 0.00937262
 0.00643884 0.010384 0.0155195 0.021837 0.0292795 0.037644 0.046469 0.0550418 0.0625483 0.0682576 0.0716533 0.0725124 0.0709393 0.0673279 0.0622419 0.0562684 0.0499084 0.0435294 0.0373622 0.0315219 0.0260426 0.0209252 0.0161909 0.0119184 0.00823849
 0.00645377 0.0104349 0.015645 0.0220889 0.0297094 0.0382828 0.0473096 0.0560368 0.0636248 0.0693389 0.0726741 0.073421 0.071691 0.0678772 0.0625421 0.0562781 0.0496021 0.0429057 0.0364472 0.0303691 0.0247316 0.0195581 0.0148812 0.0107711 0.00732565
 0.00650782 0.010493 0.0156808 0.0220683 0.0296109 0.0381235 0.047159 0.056002 0.063808 0.0697908 0.0733708 0.074277 0.0725941 0.0687211 0.0632416 0.0567694 0.0498389 0.0428602 0.0361161 0.0297795 0.0239436 0.0186594 0.0139737 0.00995054 0.00665989
 0.00656246 0.0105761 0.0157927 0.0221993 0.0297364 0.0382034 0.0471462 0.0558645 0.0635585 0.0695029 0.0731636 0.074267 0.0728408 0.0692008 0.0638606 0.0574027 0.0503687 0.0431989 0.036215 0.029631 0.0235796 0.0181456 0.0133962 0.00939511 0.00619205
 0.00665674 0.0107208 0.0159941 0.022457 0.0300419 0.0385389 0.0474814 0.0561549 0.0637507 0.0695511 0.0730534 0.0740337 0.072567 0.068986 0.0637773 0.0574634 0.0505237 0.0433616 0.036298 0.0295759 0.0233712 0.0178117 0.0129942 0.00899205 0.00584336
 0.00666957 0.0107588 0.0160827 0.0226289 0.0303279 0.0389524 0.0480054 0.0567387 0.0643191 0.0700215 0.0733547 0.0741229 0.0724424 0.0686925 0.0633956 0.0570822 0.0502057 0.0431218 0.0361071 0.0293839 0.0231377 0.0175251 0.0126745 0.00867745 0.00557146
 0.00667251 0.0107567 0.0160689 0.0225986 0.0302862 0.0389233 0.0480331 0.0568751 0.0645984 0.070435 0.0738427 0.0745916 0.0727973 0.0688716 0.0633877 0.0569246 0.0499634 0.0428579 0.0358593 0.0291582 0.0229199 0.0173008 0.0124436 0.00845509 0.00537857
 0.00666777 0.0107441 0.0160404 0.0225422 0.030188 0.0387718 0.0478275 0.056634 0.0643651 0.0702726 0.0738144 0.0747321 0.0730912 0.0692541 0.0637706 0.0572322 0.0501582 0.0429437 0.0358642 0.0291124 0.0228425 0.0172009 0.012328 0.00833459 0.00526738
 0.00672053 0.0108146 0.0161181 0.0226076 0.0302172 0.0387447 0.0477342 0.0564774 0.0641601 0.0700447 0.0735998 0.0745746 0.0730321 0.0693155 0.0639414 0.0574688 0.0504013 0.0431425 0.0359924 0.0291689 0.0228414 0.0171601 0.0122637 0.00826118 0.00519705
 0.0066745 0.0107487 0.0160346 0.0225116 0.0301122 0.0386269 0.047591 0.0562931 0.0639276 0.0697764 0.0733295 0.0743498 0.0729 0.0693095 0.0640718 0.0577189 0.0507301 0.0434953 0.0363167 0.0294284 0.023022 0.0172663 0.0123113 0.00826957 0.00518433
 0.00666125 0.0107313 0.016016 0.022498 0.0301111 0.0386447 0.0476288 0.0563432 0.0639714 0.0697876 0.0732836 0.074237 0.0727343 0.069128 0.0639221 0.0576405 0.0507401 0.0435836 0.0364522 0.0295731 0.0231444 0.0173501 0.0123554 0.00828284 0.00517938
 0.0067003 0.0107934 0.0161072 0.0226226 0.0302714 0.0388392 0.0478502 0.0565767 0.0641949 0.0699728 0.0734002 0.0742581 0.0726452 0.0689344 0.0636531 0.0573429 0.0504642 0.0433665 0.036308 0.029493 0.0231066 0.0173316 0.0123406 0.00826589 0.00516093
 0.00660628 0.0106633 0.0159537 0.0224726 0.0301596 0.0387968 0.0478956 0.0567112 0.0644037 0.0702292 0.0736695 0.0745026 0.0728297 0.069033 0.0636563 0.0572615 0.0503269 0.043211 0.0361683 0.0293889 0.023041 0.0172953 0.0123209 0.00825289 0.00515008
 0.00663243 0.0106745 0.0159146 0.0223362 0.0298859 0.0383795 0.0473802 0.0561901 0.0639855 0.0699991 0.0736615 0.0746958 0.0731644 0.0694339 0.0640535 0.0576043 0.0505902 0.043395 0.0362902 0.0294716 0.0231029 0.0173457 0.0123615 0.00828262 0.00516888
 0.00665244 0.0107047 0.015953 0.0223727 0.0298966 0.0383239 0.0472078 0.0558606 0.063499 0.069416 0.0730952 0.0742734 0.0729763 0.0695011 0.0643287 0.0580013 0.0510198 0.0437906 0.0366177 0.0297242 0.0232898 0.0174808 0.012457 0.00834739 0.0052099
