SBPRF35
7.78865
Curr Bio
521079
B35
679834
F35
0.226575
FOFL
0.179422
OFL
74639.1
Bzero
2.22533e+006
#pred survey bio
 4.59044e+006 4.30183e+006 4.03676e+006 3.73586e+006 3.41419e+006 3.07455e+006 2.75811e+006 2.43786e+006 2.13603e+006 1.88352e+006 1.64733e+006 1.49444e+006 1.32212e+006 1.17497e+006 1.02921e+006 914181 820790 758127 711494 674343 644982 617430 586635 579777 578921 580083 571934 567533 565455 570651 568155 562535 564116 560134 552265 543474 534525 528970 535195 544293 542517 556505 557567 553311 563672 567011 572164 576436 587556 584052 588890 564746 537627 507061 500138 493384 508848 495122 505732 521770 1.91077e+007 1.19312e+007 1.24825e+007 1.32456e+007 1.40848e+007 1.48698e+007 1.55372e+007 1.60707e+007 1.64802e+007 1.6786e+007 1.70107e+007 1.7174e+007 1.72923e+007 1.73779e+007 1.74401e+007 1.74854e+007 1.75186e+007 1.75431e+007 1.75613e+007 1.75749e+007 1.75851e+007 1.75928e+007 1.75987e+007 1.76031e+007 1.76065e+007 1.76091e+007 1.76111e+007 1.76126e+007 1.76138e+007 1.76147e+007 1.76154e+007 1.76159e+007 1.76164e+007 1.76167e+007 1.76169e+007 1.76171e+007 1.76173e+007 1.76174e+007 1.76175e+007 1.76175e+007 1.76176e+007 1.76176e+007 1.76177e+007 1.76177e+007 1.76177e+007 1.76177e+007 1.76177e+007 1.76177e+007 1.76177e+007 1.76178e+007 1.76178e+007 1.76178e+007 1.76178e+007 1.76178e+007 1.76178e+007 1.76178e+007 1.76178e+007 1.76178e+007 1.76178e+007 1.76178e+007 1.76178e+007 1.76178e+007 1.76178e+007 1.76178e+007 1.76178e+007 1.76178e+007 1.76178e+007 1.76178e+007 1.76178e+007 1.76178e+007 1.76178e+007 1.76178e+007 1.76178e+007 1.76178e+007 1.76178e+007 1.76178e+007 1.76178e+007 1.76178e+007 1.76178e+007 1.76178e+007 1.76178e+007 1.76178e+007 1.76178e+007 1.76178e+007 1.76178e+007 1.76178e+007 1.76178e+007 1.76178e+007 1.76178e+007 1.76178e+007 1.76178e+007 1.76178e+007 1.76178e+007 1.76178e+007 1.76178e+007 1.76178e+007 1.76178e+007 1.76178e+007 1.76178e+007 1.76178e+007 0 0 0 0 0 0 0 0 0 0 0 0 0 0 0 0 0 0 0 0 0 0 0 0 0
#obs survey bio
 3.73868e+006 3.89347e+006 4.0605e+006 3.81248e+006 2.53884e+006 2.68338e+006 2.7593e+006 2.45567e+006 1.60569e+006 1.40701e+006 1.36954e+006 1.42586e+006 1.179e+006 822203 973185 682982 864627 586148 689418 500474 681763 567037 764256 568328 519033 401157 458035 685907 444276 460305 459141 619882 518470 580283 706371 563694 640177 584191 651590 541893 465574 597566 763447 591410 421188 622014 584297 715362 528704 609393 608441 758127 546445 510035 509514 630784 516578 670861 534561 574115
#pred catch bio
 98147.7 95436.1 154366 203728 253636 266564 302372 315259 296518 302800 244281 271394 254175 253926 225692 204476 175523 159568 148544 138345 132916 131590 108727 103086 101674 109497 105198 101897 95347.8 101488 102454 93863.2 95421.6 94422.7 90793.3 89351.8 89273.3 83619.7 83843.3 93516.1 80505.2 91857 96184.5 84555.5 91583.2 90502.5 91811.1 86939 99591.3 92103.6 115533 116573 118462 98091.1 98043.6 80531.9 106683 88599.8 88555.1 85697.2 74639.1 95661 99075.9 104023 110023 115750 120541 124250 126974 128902 130227 131118 131707 132092 132341 132500 132601 132665 132705 132730 132746 132756 132762 132766 132768 132770 132771 132771 132772 132772 132772 132772 132772 132772 132772 132772 132772 132772 132772 132772 132772 132772 132772 132772 132772 132772 132772 132772 132772 132772 132772 132772 132772 132772 132772 132772 132772 132772 132772 132772 132772 132772 132772 132772 132772 132772 132772 132772 132772 132772 132772 132772 132772 132772 132772 132772 132772 132772 132772 132772 132772 132772 132772 132772 132772 132772 132772 132772 132772 132772 132772 132772 132772 132772 132772 132772 132772 132772 132772 132772 0 0 0 0 0 0 0 0 0 0 0 0 0 0 0 0 0 0 0 0 0 0 0 0 0
#obs catch bio
 0 95133.2 154958 204685 256144 268747 306837 320257 301741 311257 249611 278892 260231 260574 229711 208484 177460 162037 150880 140370 134346 133282 109296 103903 102380 111088 106827 102586 96084.7 102665 104148 94691.4 96339 95003.2 90800.1 89236.9 89233.2 83468.3 83384.2 93001.1 79804.4 91290.9 95444.9 83935.1 91481 90172 91307.3 86479.2 99365.9 91540.3 114775 115429 117725 97133.4 97435 79539.7 106202 87934.5 88188.5 85641.9
#pred cpue bio
 4.50832e+006 4.22313e+006 3.96029e+006 3.66051e+006 3.34077e+006 3.00324e+006 2.6886e+006 2.3706e+006 2.07109e+006 1.82035e+006 1.58632e+006 1.43488e+006 1.2654e+006 1.12115e+006 978823 866721 775929 715087 669995 634478 606721 580728 551462 545057 544225 545173 537236 533338 531725 536801 534490 529574 531943 529053 522568 514961 505797 498611 503399 512275 510968 524628 525688 521466 531235 534348 539364 543422 554071 550742 555616 532299 505672 475673 468800 462337 477085 463283 472561 487083 1.7856e+007 1.1174e+007 1.16589e+007 1.23298e+007 1.31343e+007 1.39114e+007 1.45772e+007 1.51104e+007 1.55199e+007 1.58257e+007 1.60504e+007 1.62137e+007 1.6332e+007 1.64176e+007 1.64798e+007 1.65251e+007 1.65583e+007 1.65828e+007 1.6601e+007 1.66146e+007 1.66248e+007 1.66325e+007 1.66384e+007 1.66428e+007 1.66462e+007 1.66488e+007 1.66508e+007 1.66523e+007 1.66535e+007 1.66544e+007 1.66551e+007 1.66556e+007 1.6656e+007 1.66564e+007 1.66566e+007 1.66568e+007 1.6657e+007 1.66571e+007 1.66572e+007 1.66572e+007 1.66573e+007 1.66573e+007 1.66574e+007 1.66574e+007 1.66574e+007 1.66574e+007 1.66574e+007 1.66574e+007 1.66574e+007 1.66574e+007 1.66575e+007 1.66575e+007 1.66575e+007 1.66575e+007 1.66575e+007 1.66575e+007 1.66575e+007 1.66575e+007 1.66575e+007 1.66575e+007 1.66575e+007 1.66575e+007 1.66575e+007 1.66575e+007 1.66575e+007 1.66575e+007 1.66575e+007 1.66575e+007 1.66575e+007 1.66575e+007 1.66575e+007 1.66575e+007 1.66575e+007 1.66575e+007 1.66575e+007 1.66575e+007 1.66575e+007 1.66575e+007 1.66575e+007 1.66575e+007 1.66575e+007 1.66575e+007 1.66575e+007 1.66575e+007 1.66575e+007 1.66575e+007 1.66575e+007 1.66575e+007 1.66575e+007 1.66575e+007 1.66575e+007 1.66575e+007 1.66575e+007 1.66575e+007 1.66575e+007 1.66575e+007 1.66575e+007 1.66575e+007 1.66575e+007 1.66575e+007 0 0 0 0 0 0 0 0 0 0 0 0 0 0 0 0 0 0 0 0 0 0 0 0 0
#obs cpue bio
 2.9898e+006 3.74836e+006 2.5264e+006 2.68191e+006 2.47235e+006 3.67425e+006 1.58718e+006 2.22719e+006 1.74768e+006 1.19097e+006 1.26169e+006 1.35822e+006 1.2267e+006 1.26151e+006 1.14411e+006 825209 855585 570082 538780 699807 601105 525687 467953 416114 551790 463284 465895 690311 483155 495940 399805 588013 519038 600539 605247 558707 429391 481375 577868 665688 673164 516408 499046 452284 529736 590526 695639 406996 631141 577793 734628 489284 488600 602696 487861 497721 423132 364430 419752 332439
#pred surv len freq
 0.00456306 0.0074057 0.0111457 0.0157777 0.0212184 0.0272351 0.0334073 0.0392148 0.0442221 0.0482138 0.0511983 0.0533202 0.0547712 0.0557315 0.0563302 0.056625 0.0566032 0.0561963 0.0552756 0.0536217 0.0509041 0.0467509 0.0409474 0.0336807 0.0256401
 0.00492472 0.00790477 0.0117371 0.0163765 0.0217394 0.027646 0.0337574 0.0396099 0.0447507 0.0488727 0.0518659 0.0538014 0.0548855 0.0553966 0.0555995 0.0556669 0.0556364 0.0554067 0.05475 0.0533257 0.0507166 0.0465369 0.0406292 0.0332657 0.0251979
 0.00505732 0.00816736 0.0122126 0.0171536 0.0228711 0.0290976 0.0353803 0.041177 0.0460478 0.0497885 0.0524145 0.0540602 0.0549055 0.0551577 0.0550436 0.0547719 0.0544682 0.05411 0.0534858 0.0522013 0.0497535 0.0456943 0.0398579 0.0325526 0.0245701
 0.00523532 0.00844203 0.0126039 0.017684 0.0235773 0.0300365 0.0366144 0.0427325 0.0478629 0.0516903 0.0541555 0.0554033 0.055704 0.0553772 0.0547239 0.0539773 0.0532707 0.0526045 0.0518008 0.0504788 0.0481122 0.0442064 0.038557 0.0314562 0.0236932
 0.00546813 0.00881334 0.0131487 0.0184288 0.0245348 0.0312007 0.0379593 0.0442185 0.0494486 0.0533339 0.0557956 0.056932 0.0569623 0.0561896 0.0549552 0.0535726 0.05226 0.051083 0.0499068 0.0483761 0.0459701 0.0421774 0.0367588 0.0299646 0.0225413
 0.00573994 0.00924928 0.013794 0.0193225 0.0257035 0.0326479 0.0396529 0.046085 0.0513821 0.055218 0.0575263 0.0584272 0.0581523 0.056998 0.0552897 0.0533396 0.0513989 0.0495992 0.0478857 0.045975 0.0433932 0.0396424 0.0344612 0.028046 0.0210701
 0.00597436 0.00963266 0.0143758 0.0201516 0.0268207 0.0340729 0.0413686 0.048029 0.0534508 0.0572821 0.0594506 0.0600886 0.0594519 0.0578638 0.0556671 0.0531789 0.0506537 0.0482442 0.045948 0.0435598 0.0406867 0.0368847 0.0318974 0.0258722 0.0193935
 0.00629142 0.0101333 0.0151028 0.0211382 0.0280886 0.0356284 0.0431934 0.0500704 0.0556192 0.0594572 0.0614946 0.0618626 0.060833 0.0587578 0.0560124 0.0529404 0.0498125 0.046796 0.0439186 0.041032 0.0378222 0.0339181 0.0290939 0.0234634 0.0175196
 0.00665596 0.0107139 0.0159543 0.0223031 0.0295899 0.0374582 0.0453005 0.0523575 0.0579557 0.0617028 0.0635192 0.063555 0.0621009 0.0595272 0.0562282 0.0525671 0.0488341 0.0452163 0.0417702 0.0383961 0.0348498 0.0308325 0.0261594 0.0209228 0.0155293
 0.00692151 0.0111519 0.0166253 0.0232682 0.0308994 0.0391325 0.0473102 0.0546139 0.0603203 0.0640121 0.0656128 0.0652967 0.0633898 0.060298 0.0564442 0.0522106 0.0478992 0.0437101 0.039724 0.035885 0.0320126 0.0278765 0.0233336 0.0184616 0.0135899
 0.00719881 0.0115987 0.0172915 0.0242008 0.0321379 0.0406989 0.0491939 0.0567583 0.0626197 0.06632 0.06776 0.0671165 0.0647431 0.0610911 0.0566335 0.0517928 0.0468956 0.0421559 0.0376698 0.0334123 0.0292541 0.0250235 0.0206153 0.0160953 0.0117229
 0.00728235 0.0117446 0.0175307 0.0245713 0.0326803 0.041448 0.0501693 0.0579579 0.0640174 0.0678654 0.0693774 0.0687039 0.0661771 0.0622414 0.0573827 0.0520542 0.0466227 0.0413423 0.0363472 0.0316536 0.0271805 0.0228059 0.018456 0.0141872 0.0102007
 0.00746739 0.0120454 0.0179838 0.0252116 0.0335356 0.0425297 0.0514612 0.0594101 0.0655509 0.0693857 0.0707899 0.0699258 0.0671416 0.0628959 0.0576831 0.0519626 0.0461097 0.040396 0.0349842 0.0299305 0.025202 0.0207234 0.0164489 0.0124249 0.00880009
 0.00760752 0.0122782 0.0183438 0.0257352 0.0342547 0.0434614 0.0525956 0.0607042 0.0669314 0.07076 0.072061 0.071005 0.0679593 0.0634061 0.0578621 0.0518008 0.0456041 0.0395483 0.0338084 0.0284668 0.0235305 0.0189665 0.0147552 0.010937 0.0076168
 0.00786326 0.0126795 0.0189214 0.0265092 0.0352332 0.0446367 0.053938 0.0621556 0.0684058 0.0721533 0.0732655 0.0719266 0.0685314 0.0635976 0.0576763 0.0512662 0.0447608 0.0384376 0.0324707 0.0269503 0.0219036 0.0173251 0.0132146 0.0096067 0.00657079
 0.00805749 0.0129932 0.0193891 0.0271606 0.0360859 0.0456867 0.0551495 0.0634597 0.0697116 0.0733652 0.0742985 0.0727129 0.069022 0.0637629 0.0575084 0.0507792 0.0439873 0.0374221 0.0312643 0.0256096 0.0204959 0.015932 0.0119266 0.00850671 0.00571242
 0.00831916 0.0133915 0.0199387 0.0278593 0.0369187 0.0466318 0.0561794 0.0645368 0.070783 0.0743639 0.0751506 0.0733503 0.0693942 0.0638436 0.0572953 0.0502892 0.0432515 0.0364815 0.0301676 0.0244131 0.0192638 0.0147362 0.0108405 0.00759286 0.00500756
 0.00840711 0.0135445 0.0201864 0.0282326 0.0374395 0.0472989 0.0569589 0.065366 0.0715891 0.0750865 0.0757534 0.0738161 0.0697117 0.0639983 0.0572694 0.0500693 0.042836 0.0358842 0.0294181 0.0235553 0.0183537 0.0138375 0.0100175 0.00689825 0.0044717
 0.00840132 0.013542 0.0201968 0.0282725 0.0375326 0.0474731 0.0572403 0.0657684 0.0721039 0.0756766 0.0763596 0.074373 0.0701654 0.0643157 0.0574357 0.0500794 0.0426886 0.0355833 0.0289774 0.0230027 0.0177319 0.0131999 0.00941947 0.0063865 0.00407388
 0.00839709 0.0135322 0.0201774 0.0282394 0.0374854 0.0474195 0.0571995 0.0657704 0.0721825 0.0758584 0.0766514 0.0747551 0.0705941 0.064734 0.0577884 0.0503244 0.0428015 0.0355556 0.0288143 0.0227226 0.0173667 0.0127924 0.00901669 0.00603008 0.00379084
 0.00840064 0.0135338 0.0201717 0.0282185 0.0374405 0.0473441 0.0570933 0.0656431 0.0720553 0.0757625 0.0766224 0.0748225 0.0707693 0.0650031 0.0581127 0.0506509 0.0430766 0.0357379 0.0288819 0.0226744 0.0172205 0.0125805 0.00877858 0.00580321 0.0036022
 0.00844213 0.0135944 0.02025 0.0283079 0.0375299 0.0474198 0.0571412 0.0656511 0.0720169 0.0756809 0.076513 0.074712 0.0706897 0.0649814 0.0581608 0.0507592 0.0432163 0.0358698 0.0289692 0.0226937 0.0171675 0.0124691 0.00863471 0.00565553 0.00347375
 0.00866812 0.0139257 0.0206813 0.0288101 0.038057 0.0479211 0.0575711 0.0659731 0.0722041 0.0757174 0.0763976 0.0744613 0.0703381 0.0645764 0.0577533 0.0503918 0.042913 0.0356322 0.0287813 0.0225323 0.0170134 0.0123146 0.0084839 0.0055192 0.00336238
 0.00877246 0.0140799 0.0208834 0.0290455 0.0382987 0.0481332 0.057715 0.0660162 0.0721314 0.07554 0.076152 0.0741967 0.0700991 0.0643909 0.057631 0.0503297 0.0429015 0.0356578 0.0288265 0.0225776 0.017042 0.0123172 0.0084615 0.0054808 0.00331988
 0.00885366 0.0142024 0.0210497 0.02925 0.038528 0.0483665 0.0579247 0.0661705 0.0721998 0.0755026 0.0760078 0.0739672 0.0698241 0.0641167 0.0573973 0.0501601 0.0428011 0.0356171 0.0288278 0.0226005 0.0170679 0.0123332 0.00846229 0.00546842 0.0033006
 0.00875496 0.0140734 0.0209132 0.0291458 0.0385002 0.0484447 0.0581085 0.0664275 0.0724771 0.0757446 0.0761716 0.0740309 0.0697885 0.0640029 0.0572396 0.0499964 0.0426624 0.0355207 0.0287757 0.0225831 0.0170703 0.0123414 0.00846691 0.00546631 0.0032932
 0.0086051 0.0138575 0.0206414 0.0288494 0.0382285 0.0482559 0.0580572 0.0665504 0.0727779 0.0761845 0.0766732 0.0744998 0.070143 0.0641979 0.0572746 0.0499061 0.0424993 0.0353362 0.0286077 0.0224512 0.0169776 0.0122808 0.00842828 0.00544091 0.00327562
 0.00865268 0.0138955 0.0206276 0.0287256 0.0379421 0.0477917 0.057462 0.0659305 0.0722672 0.0758977 0.0766669 0.0747579 0.0705886 0.0647237 0.0577777 0.0503157 0.0427877 0.0355133 0.0287039 0.0224997 0.0170036 0.0122978 0.00844084 0.00544964 0.00328052
 0.00875404 0.0140475 0.0208298 0.0289616 0.0381751 0.0479636 0.0575013 0.0657747 0.0718954 0.0753563 0.0760679 0.0742413 0.0702677 0.0646432 0.0579065 0.0505726 0.0430816 0.0357755 0.0289016 0.0226311 0.0170836 0.0123445 0.00846818 0.00546577 0.00328971
 0.00863671 0.013887 0.0206439 0.0287848 0.038047 0.0479114 0.0575234 0.0658366 0.0719401 0.0753262 0.0759312 0.0740121 0.0700071 0.0644371 0.0578284 0.0506518 0.0432944 0.0360623 0.0291968 0.0228871 0.0172793 0.0124804 0.00855582 0.00551894 0.00332015
 0.00841988 0.0135709 0.0202372 0.0283227 0.0375869 0.0475202 0.0572643 0.0657544 0.0720467 0.07559 0.0762804 0.0743565 0.0702727 0.0645949 0.0579008 0.0506935 0.0433596 0.0361783 0.0293573 0.023064 0.0174421 0.0126099 0.00864688 0.00557667 0.00335355
 0.00829269 0.0133601 0.0199148 0.0278662 0.036991 0.0468132 0.0565181 0.0650782 0.0715587 0.0753788 0.076374 0.0747144 0.070803 0.0651873 0.0584627 0.0511736 0.0437511 0.0365022 0.0296384 0.0233151 0.0176613 0.0127888 0.00878048 0.00566703 0.00340887
 0.00809013 0.0130473 0.0194739 0.02729 0.0362819 0.0459833 0.0555955 0.0641162 0.0706431 0.0746221 0.0758938 0.0745995 0.0710809 0.0658106 0.059323 0.0521377 0.0447004 0.0373585 0.0303667 0.0239104 0.0181322 0.013147 0.00903867 0.00584079 0.00351664
 0.00783985 0.0126683 0.0189559 0.0266421 0.0355302 0.0451648 0.0547536 0.0632987 0.0698992 0.0740007 0.0754429 0.0743677 0.0711122 0.0661304 0.0599197 0.0529534 0.0456406 0.0383173 0.0312549 0.0246714 0.018743 0.0136094 0.00936865 0.0060614 0.00365352
 0.00787099 0.0126732 0.0188803 0.0264111 0.0350724 0.0444478 0.053812 0.0622337 0.0688476 0.073091 0.0747638 0.073961 0.0709862 0.066276 0.0603184 0.0535736 0.0464299 0.0392013 0.0321477 0.0254941 0.01944 0.0141553 0.00976508 0.00632825 0.00381945
 0.00859214 0.0136969 0.0201422 0.0277494 0.0362624 0.0452655 0.0540938 0.0619124 0.0679616 0.0717745 0.0732185 0.0724094 0.0696197 0.065219 0.0596214 0.0532291 0.046393 0.0394049 0.0325114 0.0259339 0.0198805 0.0145412 0.0100676 0.0065425 0.00395715
 0.00919191 0.0146604 0.0215615 0.0296768 0.0386696 0.0479961 0.0568383 0.0642465 0.0694603 0.072156 0.0724399 0.0706657 0.0672588 0.0626268 0.0571278 0.0510583 0.0446569 0.0381236 0.0316423 0.0253997 0.0195911 0.0144111 0.010027 0.00654297 0.00397047
 0.00904336 0.0145284 0.0215665 0.0300023 0.0395177 0.0495107 0.0590274 0.066939 0.0723171 0.0747344 0.0742978 0.0714804 0.0669206 0.061266 0.0550594 0.0486721 0.0423073 0.0360589 0.0299876 0.024176 0.0187515 0.0138757 0.00970977 0.00636858 0.00388166
 0.00868246 0.0139736 0.0207992 0.0290482 0.0384672 0.0485344 0.0583705 0.0668724 0.0730415 0.0762746 0.076448 0.0738427 0.0690278 0.0627324 0.0556937 0.0485104 0.0415621 0.0350188 0.0289174 0.0232549 0.0180587 0.0134117 0.00943088 0.00621791 0.00380868
 0.00855137 0.0137382 0.020405 0.0284345 0.037587 0.0473875 0.0570369 0.0655274 0.0719374 0.0756835 0.0765781 0.0747547 0.0705864 0.0646288 0.057541 0.0499743 0.0424638 0.035365 0.0288525 0.0229744 0.0177312 0.0131386 0.00924709 0.0061147 0.00376041
 0.00865011 0.0138798 0.0205804 0.0286158 0.0377263 0.0474194 0.0568901 0.0651464 0.0713154 0.0748922 0.0757745 0.0741462 0.0703599 0.0648707 0.0581911 0.0508425 0.0433068 0.0359841 0.0291614 0.0230047 0.0175867 0.0129329 0.00906023 0.00598133 0.00368111
 0.0085565 0.0137419 0.0203989 0.028399 0.0374851 0.0471601 0.056608 0.0648264 0.0709383 0.0744491 0.0752844 0.0736709 0.0700025 0.0647491 0.0583896 0.0513643 0.0440577 0.0368034 0.0298864 0.023532 0.0178961 0.0130696 0.00909421 0.00597232 0.00366412
 0.00860751 0.0138151 0.0204912 0.0285025 0.0375899 0.0472586 0.0566963 0.0648995 0.0709829 0.0744389 0.0751853 0.0734572 0.0696792 0.0643659 0.058034 0.0511307 0.0440055 0.0369279 0.0301217 0.0237864 0.0180955 0.0131837 0.00913358 0.00596742 0.00364378
 0.00875145 0.0140327 0.0207877 0.02887 0.0380083 0.0476975 0.0571176 0.0652618 0.0712475 0.074577 0.0751809 0.0733058 0.0693866 0.0639516 0.0575385 0.0506173 0.0435474 0.0365837 0.0299128 0.0236917 0.0180684 0.013178 0.00912246 0.00594557 0.00361782
 0.00862969 0.0138636 0.0205862 0.0286677 0.0378434 0.0476002 0.0570985 0.0653108 0.0713423 0.0746942 0.0753031 0.0734219 0.0694872 0.0640264 0.0575783 0.0506207 0.0435267 0.0365628 0.0299159 0.0237297 0.0181337 0.0132508 0.00918342 0.00598525 0.00363752
 0.00860259 0.0138141 0.0205033 0.0285422 0.0376751 0.0474067 0.0569182 0.0651933 0.0713286 0.0747959 0.0754955 0.0736551 0.0697083 0.0641974 0.0576828 0.0506602 0.0435151 0.0365212 0.0298676 0.023694 0.0181197 0.0132561 0.00919861 0.00600061 0.00364776
 0.00864787 0.0138728 0.0205634 0.0285821 0.0376683 0.0473301 0.0567623 0.0649698 0.0710718 0.0745569 0.0753276 0.0735947 0.0697607 0.0643358 0.0578618 0.0508351 0.0436562 0.0366187 0.0299274 0.0237299 0.0181451 0.0132791 0.00922076 0.00601988 0.00366191
 0.00864325 0.0138756 0.0205859 0.0286388 0.0377689 0.0474695 0.0569143 0.0650915 0.0711195 0.0745063 0.0751864 0.0734014 0.0695682 0.0641904 0.057786 0.0508241 0.0436862 0.036662 0.0299645 0.0237536 0.0181577 0.0132863 0.00922666 0.00602582 0.00366729
 0.00850267 0.0136663 0.0203076 0.0283063 0.0374109 0.0471237 0.0566217 0.0648878 0.0710251 0.0745181 0.0752793 0.0735406 0.0697263 0.0643574 0.0579671 0.0510273 0.0439111 0.0368953 0.0301862 0.0239458 0.0183107 0.0133995 0.00930558 0.00607789 0.00369972
 0.00847253 0.0136206 0.0202452 0.0282296 0.0373263 0.0470426 0.0565594 0.0648611 0.0710473 0.0745918 0.0753924 0.0736674 0.069836 0.0644257 0.0579861 0.0510075 0.0438738 0.0368618 0.0301684 0.0239444 0.0183197 0.0134119 0.00931675 0.00608624 0.00370532
 0.00845417 0.0135791 0.0201618 0.0280811 0.0370927 0.0467183 0.0561632 0.0644379 0.0706581 0.0742982 0.0752397 0.0736738 0.0699891 0.0646882 0.0583073 0.051339 0.0441815 0.0371294 0.0303933 0.0241298 0.0184692 0.0135279 0.00940165 0.00614404 0.0037416
 0.0086948 0.0139548 0.0206963 0.0287806 0.0379387 0.04766 0.0571135 0.065282 0.0712789 0.07461 0.0752131 0.0733393 0.0694209 0.0639779 0.057541 0.0505833 0.04348 0.0365075 0.0298641 0.0236989 0.0181353 0.0132833 0.00923335 0.00603572 0.00367674
 0.00882353 0.0141789 0.0210604 0.0293332 0.0387183 0.0486733 0.0583149 0.0665666 0.0724973 0.0756003 0.0758383 0.0735183 0.0691451 0.0633095 0.056593 0.0494877 0.0423591 0.0354543 0.0289381 0.0229294 0.0175296 0.0128325 0.00891773 0.00582925 0.00355139
 0.00894539 0.014377 0.0213595 0.0297595 0.0392979 0.0494269 0.0592472 0.0676527 0.0736713 0.0767528 0.0768284 0.0742019 0.0694113 0.0631122 0.0559636 0.0485249 0.0411999 0.0342408 0.027789 0.021926 0.0167135 0.0122118 0.00847658 0.00553736 0.00337259
 0.00891973 0.0143282 0.0212744 0.0296253 0.0391102 0.0492013 0.0590275 0.0675089 0.073683 0.0769821 0.0772929 0.0748576 0.0701562 0.0638111 0.0564869 0.0487877 0.0411838 0.0339903 0.0273884 0.0214686 0.0162765 0.0118441 0.00819795 0.00534541 0.003252
 0.00916741 0.014677 0.0216991 0.0300669 0.0394907 0.0494492 0.0591012 0.067408 0.0734483 0.0766856 0.0770212 0.0746891 0.0701352 0.0639299 0.0566866 0.0489796 0.0412836 0.0339492 0.0272064 0.0211869 0.0159555 0.0115401 0.0079478 0.00516283 0.0031326
 0.00919111 0.0147182 0.0217637 0.0301559 0.0395922 0.0495309 0.0591107 0.0672879 0.0731643 0.0762545 0.0765191 0.074231 0.0698353 0.0638608 0.0568558 0.0493307 0.0417188 0.0343643 0.0275237 0.0213735 0.0160218 0.0115234 0.00789121 0.00509974 0.00308123
 0.00957216 0.0153019 0.0225747 0.031191 0.0408194 0.0508888 0.0605039 0.068585 0.0742081 0.0768911 0.0766389 0.0738067 0.0689394 0.0626495 0.0555236 0.0480528 0.0406088 0.0334615 0.0268108 0.0208089 0.0155676 0.0111578 0.00760607 0.00489087 0.00294065
 0.00964988 0.0154309 0.0227734 0.0314772 0.0412057 0.0513755 0.061073 0.0691985 0.0748132 0.0774272 0.0770434 0.0740216 0.0689212 0.0623867 0.0550492 0.0474422 0.0399575 0.032854 0.0262972 0.0204014 0.0152536 0.0109175 0.00742392 0.00475739 0.00284886
 0.00928481 0.0149232 0.0221685 0.0308723 0.0407241 0.0511246 0.061109 0.0695156 0.075356 0.0781134 0.0777833 0.0747295 0.0695224 0.0628235 0.0552894 0.0474858 0.0398384 0.0326299 0.0260319 0.0201457 0.0150358 0.0107461 0.00729555 0.00466522 0.00278604
#obs surv len freq
 nan nan nan nan nan nan nan nan nan nan nan nan nan nan nan nan nan nan nan nan nan nan nan nan nan
 0.00448659 0.00734893 0.01118 0.0159974 0.0216989 0.0279748 0.034289 0.0400198 0.0446984 0.0481608 0.0505171 0.0520112 0.0529018 0.0534128 0.0537259 0.0539799 0.0542578 0.0545501 0.0546886 0.0542804 0.0527185 0.049351 0.0438013 0.0362822 0.0276668
 0.00461474 0.00755986 0.0115019 0.016457 0.022315 0.0287478 0.0351911 0.0409923 0.0456601 0.0490244 0.0512057 0.0524697 0.0531023 0.0533543 0.0534303 0.0534841 0.0536052 0.0537832 0.0538463 0.0533998 0.0518383 0.0485142 0.0430526 0.0356593 0.0271907
 0.00477804 0.00782678 0.0119064 0.0170317 0.0230854 0.029722 0.0363483 0.0422781 0.0469904 0.0502983 0.0523205 0.0533341 0.0536464 0.0535376 0.0532447 0.0529518 0.0527718 0.0527085 0.052597 0.0520461 0.0504558 0.0471835 0.0418538 0.0346585 0.0264244
 0.00497004 0.00814008 0.0123801 0.0177033 0.0239834 0.0308554 0.0376949 0.0437795 0.0485593 0.0518329 0.0537177 0.0544977 0.0544914 0.0539957 0.0532707 0.0525307 0.0519208 0.0514763 0.051059 0.0502998 0.0486166 0.0453786 0.0402087 0.0332758 0.0253617
 0.00518706 0.00849626 0.0129224 0.0184773 0.0250246 0.032175 0.0392651 0.0455293 0.0503845 0.053616 0.0553461 0.0558731 0.0555311 0.0546307 0.0534464 0.05221 0.0510914 0.0501586 0.0493131 0.0482291 0.046365 0.0431188 0.0381178 0.0315014 0.0239898
 0.00540935 0.00885988 0.0134741 0.0192629 0.0260808 0.0335169 0.0408719 0.047338 0.0522967 0.0555152 0.0571149 0.0574043 0.0567332 0.0554285 0.0537795 0.0520316 0.0503713 0.0488927 0.0475372 0.0460331 0.043899 0.0405825 0.0357288 0.0294485 0.0223892
 0.00564604 0.00924827 0.0140653 0.0201068 0.0272165 0.0349576 0.0425898 0.0492589 0.0543118 0.0575014 0.0589546 0.058995 0.057989 0.0562782 0.0541639 0.0519019 0.0496905 0.0476427 0.0457351 0.0437518 0.0412824 0.0378412 0.033107 0.0271687 0.0205958
 0.00588343 0.00963849 0.0146607 0.0209591 0.0283673 0.0364224 0.0443422 0.0512242 0.0563771 0.0595374 0.0608365 0.0606154 0.0592619 0.0571374 0.0545581 0.051789 0.0490353 0.0464226 0.0439554 0.0414702 0.0386301 0.0350254 0.0303813 0.0247736 0.0186956
 0.00614075 0.0100571 0.0152915 0.0218497 0.029554 0.0379159 0.0461132 0.0531975 0.0584408 0.0615636 0.0627011 0.0622107 0.060502 0.0579577 0.0549122 0.0516426 0.0483618 0.0452037 0.0421947 0.039216 0.0360009 0.0322174 0.0276436 0.0223507 0.0167605
 0.0063747 0.0104422 0.0158796 0.022692 0.0306901 0.0393582 0.0478303 0.05511 0.0604337 0.0635095 0.0644813 0.0637261 0.0616749 0.0587295 0.0552399 0.0514946 0.0477144 0.0440423 0.0405236 0.0370788 0.0335042 0.0295415 0.0250223 0.0200185 0.014888
 0.00660716 0.0108246 0.0164635 0.023528 0.031818 0.040791 0.0495374 0.0570114 0.0624109 0.0654283 0.0662151 0.0651707 0.0627539 0.0593935 0.0554602 0.0512555 0.0470065 0.0428618 0.0388804 0.0350158 0.0311192 0.0269986 0.0225357 0.0178051 0.0131078
 0.00683604 0.0111983 0.0170289 0.0243299 0.0328905 0.0421439 0.0511422 0.0587952 0.0642658 0.0672307 0.0678452 0.0665262 0.0637565 0.0599907 0.0556236 0.0509751 0.0462832 0.0417039 0.037308 0.0330749 0.0289012 0.0246513 0.0202498 0.0157742 0.0114748
 0.00706335 0.0115719 0.0175984 0.0251428 0.033982 0.0435199 0.0527643 0.0605765 0.0660851 0.0689577 0.0693631 0.0677439 0.0646107 0.0604432 0.055657 0.0505882 0.045486 0.0405147 0.0357564 0.0312122 0.0268157 0.0224764 0.0181534 0.0139241 0.00999319
 0.00725511 0.0118902 0.0180895 0.0258538 0.0349505 0.044759 0.0542459 0.0622258 0.0677906 0.070592 0.070806 0.0688972 0.065406 0.0608426 0.0556488 0.0501798 0.0446968 0.039372 0.0342971 0.0294914 0.0249181 0.0205222 0.0162882 0.0122899 0.00869133
 0.00742523 0.0121676 0.0185087 0.0264481 0.0357465 0.045767 0.0554496 0.0635762 0.0692099 0.0719857 0.0720753 0.0699515 0.0661708 0.0612665 0.0557056 0.0498667 0.0440292 0.0383788 0.0330193 0.0279864 0.023267 0.0188328 0.0146862 0.0108945 0.00758481
 0.00754051 0.012353 0.0187842 0.026832 0.0362532 0.0464034 0.0562102 0.0644407 0.0701442 0.0729452 0.0730089 0.0708027 0.0668802 0.0617754 0.0559636 0.049838 0.0436975 0.0377488 0.0321174 0.0268616 0.0219928 0.017506 0.0134162 0.00978289 0.00670144
 0.00759882 0.012449 0.0189311 0.027043 0.0365395 0.0467709 0.056656 0.0649529 0.0707043 0.0735331 0.0736047 0.0713844 0.0674199 0.0622363 0.0563006 0.0500036 0.0436505 0.0374639 0.0315923 0.0261226 0.0210958 0.0165322 0.0124603 0.00893365 0.00602046
 0.0076624 0.0125424 0.0190537 0.027189 0.0367013 0.046944 0.0568424 0.06516 0.0709415 0.0738067 0.073915 0.0717249 0.0677767 0.0625877 0.0566159 0.0502435 0.0437712 0.0374251 0.0313687 0.0257136 0.0205318 0.0158727 0.0117824 0.00831343 0.00551372
 0.00772594 0.0126416 0.0191948 0.0273733 0.0369237 0.047191 0.0570926 0.0653884 0.0711279 0.0739447 0.0740149 0.0718082 0.0678653 0.0626937 0.056736 0.0503583 0.0438487 0.0374272 0.0312612 0.0254777 0.0201739 0.0154271 0.011304 0.0078624 0.00513751
 0.0077602 0.0126945 0.0192691 0.0274701 0.0370416 0.047327 0.0572407 0.0655393 0.0712695 0.0740649 0.0741054 0.0718689 0.0679054 0.0627279 0.0567772 0.0504102 0.0439006 0.0374553 0.0312352 0.0253724 0.0199801 0.0151586 0.0109951 0.00755686 0.00487389
 0.00781342 0.0127742 0.0193764 0.0276012 0.0371892 0.0474814 0.0573919 0.0656775 0.0713862 0.0741536 0.0741626 0.0718942 0.0679018 0.0627022 0.0567394 0.0503703 0.0438636 0.0374168 0.0311812 0.0252845 0.0198453 0.0149775 0.0107846 0.00734438 0.00468673
 0.00785386 0.0128338 0.0194545 0.027693 0.0372864 0.0475747 0.0574726 0.0657391 0.0714258 0.0741726 0.074166 0.0718887 0.0678932 0.0626936 0.0567318 0.0503633 0.0438565 0.0374066 0.0311612 0.0252446 0.0197761 0.0148764 0.0106593 0.00721142 0.00456486
 0.00785811 0.0128425 0.0194707 0.0277198 0.0373258 0.0476251 0.057528 0.06579 0.0714626 0.0741898 0.0741647 0.0718757 0.0678775 0.0626831 0.0567305 0.0503713 0.0438703 0.0374208 0.031169 0.0252384 0.0197493 0.0148263 0.0105897 0.00713228 0.00448875
 0.00787383 0.0128613 0.0194869 0.0277248 0.0373114 0.0475881 0.0574735 0.0657303 0.0714116 0.0741573 0.0741534 0.0718824 0.0678971 0.062712 0.0567671 0.0504147 0.0439185 0.0374697 0.0312125 0.0252697 0.0197624 0.0148185 0.010563 0.00709338 0.00444663
 0.0078903 0.0128865 0.0195212 0.0277665 0.0373558 0.047627 0.0574963 0.0657268 0.0713772 0.0740965 0.0740792 0.0718116 0.0678436 0.0626824 0.056761 0.0504276 0.0439446 0.0375031 0.0312471 0.0252993 0.0197815 0.0148235 0.0105542 0.00707426 0.00442309
 0.00789461 0.0128899 0.0195198 0.0277548 0.0373285 0.0475817 0.057435 0.0656556 0.0713039 0.0740276 0.0740195 0.0717654 0.0678159 0.0626783 0.0567834 0.050475 0.0440114 0.0375806 0.031326 0.025371 0.0198395 0.014864 0.0105766 0.00708161 0.00442046
 0.00788276 0.0128719 0.0194949 0.0277227 0.0372888 0.0475335 0.0573769 0.0655874 0.071228 0.07395 0.0739492 0.0717115 0.0677854 0.0626748 0.0568074 0.0505245 0.0440818 0.0376652 0.0314163 0.0254579 0.0199148 0.0149225 0.0106165 0.00710457 0.00443068
 0.00786526 0.0128399 0.0194406 0.0276376 0.0371666 0.0473748 0.0571923 0.0653963 0.0710536 0.0738125 0.0738607 0.0716761 0.0678009 0.0627356 0.0569059 0.0506519 0.0442286 0.0378214 0.0315715 0.0256024 0.0200402 0.0150229 0.01069 0.00715317 0.00445919
 0.00785972 0.0128285 0.0194188 0.0275991 0.0371043 0.0472824 0.0570672 0.0652419 0.0708807 0.0736388 0.0737078 0.0715641 0.0677436 0.0627376 0.056963 0.050754 0.0443627 0.0379738 0.0317293 0.0257535 0.0201747 0.0151339 0.0107742 0.0072113 0.00449545
 0.00785576 0.0128182 0.0193961 0.0275561 0.037033 0.047178 0.0569303 0.0650799 0.0707057 0.0734656 0.0735518 0.0714403 0.0676655 0.0627147 0.0569989 0.0508447 0.0444975 0.0381377 0.0319056 0.0259267 0.0203317 0.0152654 0.0108758 0.00728326 0.0045418
 0.00782228 0.012768 0.0193284 0.0274722 0.0369355 0.0470687 0.0568101 0.0649495 0.0705682 0.0733277 0.073424 0.0713353 0.0675957 0.0626898 0.0570243 0.0509208 0.044619 0.0382939 0.0320817 0.0261062 0.0204993 0.0154093 0.0109893 0.00736519 0.00459568
 0.00779667 0.0127234 0.019256 0.0273633 0.0367844 0.0468779 0.0565928 0.0647281 0.0703679 0.0731683 0.0733153 0.0712779 0.0675857 0.0627232 0.0570986 0.0510339 0.0447672 0.0384703 0.0322753 0.026303 0.0206845 0.0155703 0.011118 0.00745941 0.00465853
 0.00775854 0.0126613 0.0191624 0.027231 0.0366083 0.0466569 0.0563334 0.0644465 0.0700888 0.0729214 0.0731287 0.0711717 0.0675674 0.0627877 0.0572321 0.0512194 0.0449883 0.0387125 0.0325252 0.026547 0.020909 0.0157634 0.0112721 0.00757259 0.00473447
 0.00774364 0.0126336 0.0191145 0.0271537 0.0364929 0.0464986 0.0561344 0.0642168 0.0698452 0.0726843 0.0729196 0.0710112 0.0674726 0.0627695 0.0572919 0.0513492 0.045173 0.0389334 0.0327632 0.0267845 0.0211303 0.0159559 0.0114274 0.00768798 0.00481283
 0.00932419 0.0148455 0.0217825 0.0298939 0.0388242 0.04802 0.0566664 0.0638282 0.068772 0.0712098 0.0712871 0.0693903 0.0659657 0.0614317 0.0561486 0.0504061 0.0444226 0.0383588 0.0323415 0.0264899 0.0209365 0.0158375 0.0113617 0.00765577 0.00479953
 0.00930105 0.0151033 0.0226913 0.0319133 0.0423032 0.0529273 0.0624183 0.0693839 0.0730027 0.0733436 0.0711631 0.067402 0.0627886 0.0577339 0.0524257 0.0469525 0.0413794 0.0357745 0.0302161 0.0247981 0.019639 0.0148853 0.0106984 0.00722123 0.00453422
 0.00897203 0.0145834 0.0219586 0.0310148 0.0414093 0.0523696 0.062651 0.0708214 0.0757713 0.0770966 0.0751226 0.0706544 0.0646658 0.0580457 0.05143 0.0451422 0.0392492 0.0336861 0.0283734 0.023284 0.0184632 0.0140192 0.0100954 0.00682687 0.00429397
 0.0087833 0.0142695 0.0214739 0.0303154 0.0404702 0.051216 0.0613991 0.0697068 0.0751312 0.0772777 0.0763262 0.0727892 0.0673135 0.0605959 0.0533275 0.0460987 0.0393021 0.033099 0.0274744 0.0223412 0.0176376 0.0133761 0.0096376 0.00652619 0.00411149
 0.00873362 0.014178 0.0213154 0.0300575 0.040078 0.0506621 0.0606775 0.0688498 0.0742262 0.076478 0.0758405 0.0728298 0.0680045 0.061882 0.0549505 0.0476807 0.0404997 0.0337366 0.0275791 0.0220793 0.0172105 0.0129415 0.00928183 0.00627437 0.00395279
 0.00867825 0.0140895 0.0211845 0.0298749 0.0398339 0.0503464 0.0602815 0.0683705 0.0736729 0.0758824 0.0752682 0.0723855 0.067819 0.0620705 0.0555517 0.0486115 0.041564 0.0346979 0.0282583 0.0224172 0.017263 0.0128238 0.00910584 0.00611297 0.00383571
 0.00869442 0.0141093 0.0212022 0.0298805 0.0398149 0.0502907 0.0601796 0.0682153 0.0734589 0.0756068 0.0749358 0.0720195 0.0674697 0.0618159 0.0554777 0.0487747 0.0419543 0.0352272 0.0287923 0.0228333 0.0175001 0.0128939 0.009067 0.00603053 0.00375539
 0.00870118 0.0141237 0.0212294 0.0299261 0.0398815 0.0503736 0.0602641 0.0682783 0.0734749 0.0755555 0.0748076 0.0718179 0.0672132 0.0615396 0.055233 0.0486203 0.041935 0.0353507 0.029018 0.0230878 0.0177105 0.0130191 0.00910745 0.00601456 0.00371691
 0.00864327 0.0140397 0.0211223 0.029806 0.0397638 0.0502754 0.0601999 0.0682563 0.0734941 0.0756038 0.0748643 0.0718589 0.0672197 0.0615052 0.055169 0.0485541 0.0419024 0.0353811 0.0291189 0.0232387 0.0178718 0.0131517 0.00919035 0.0060495 0.00371993
 0.00864161 0.0140268 0.0210848 0.0297271 0.0396302 0.0500866 0.0599748 0.0680313 0.0733117 0.0754966 0.0748439 0.0719138 0.0673219 0.0616225 0.0552756 0.0486394 0.0419722 0.035452 0.0292073 0.0233493 0.0179943 0.0132662 0.00927888 0.00610479 0.00374623
 0.00863636 0.0140222 0.0210841 0.0297337 0.0396438 0.0500994 0.0599709 0.0679922 0.0732267 0.0753723 0.0747049 0.0717929 0.0672453 0.0615992 0.0552968 0.0486864 0.0420283 0.0355094 0.0292672 0.0234158 0.0180672 0.013339 0.00934186 0.00615062 0.0037736
 0.00865294 0.0140454 0.0211126 0.0297642 0.0396731 0.0501257 0.0599942 0.068012 0.0732384 0.075367 0.0746725 0.0717298 0.0671594 0.0615082 0.0552201 0.0486366 0.0420072 0.0355116 0.0292855 0.023445 0.0181039 0.013379 0.00937975 0.00618136 0.0037946
 0.00863121 0.014016 0.0210789 0.0297329 0.0396512 0.0501176 0.0599995 0.0680259 0.0732549 0.0753811 0.0746812 0.0717307 0.0671503 0.0614886 0.0551936 0.0486107 0.0419905 0.0355095 0.0292988 0.0234706 0.0181368 0.0134142 0.00941272 0.00620849 0.00381412
 0.00862139 0.0139994 0.0210532 0.0296963 0.0396044 0.0500649 0.0599496 0.0679896 0.0732411 0.0753923 0.0747122 0.0717713 0.0671895 0.0615183 0.0552105 0.0486161 0.0419892 0.035508 0.0293025 0.0234823 0.0181557 0.0134374 0.00943618 0.00622894 0.00382962
 0.0086067 0.0139753 0.0210165 0.0296441 0.0395349 0.0499787 0.0598512 0.0678885 0.0731502 0.0753258 0.0746811 0.0717802 0.0672347 0.061589 0.0552929 0.0486978 0.0420624 0.03557 0.0293547 0.0235275 0.0181961 0.0134735 0.00946714 0.00625362 0.00384752
 0.0086067 0.0139753 0.0210165 0.0296441 0.0395349 0.0499787 0.0598512 0.0678885 0.0731502 0.0753258 0.0746811 0.0717802 0.0672347 0.061589 0.0552929 0.0486978 0.0420624 0.03557 0.0293547 0.0235275 0.0181961 0.0134735 0.00946714 0.00625362 0.00384752
 0.00884247 0.014346 0.0215491 0.0303503 0.0404027 0.050964 0.0608711 0.068828 0.0738861 0.0757598 0.0747669 0.0715305 0.0667094 0.0608742 0.0544784 0.0478618 0.0412638 0.0348481 0.0287326 0.0230156 0.0177953 0.0131766 0.00926057 0.00611958 0.00376698
 0.00900053 0.0146228 0.0220006 0.031036 0.0413662 0.0522041 0.0623173 0.0703387 0.075276 0.0768465 0.0754137 0.0716719 0.0663563 0.0601021 0.0534058 0.0466237 0.0399866 0.0336333 0.0276497 0.0221038 0.0170686 0.0126293 0.00887314 0.00586351 0.0036101
 0.00906918 0.0147413 0.0221931 0.0313329 0.041802 0.0528102 0.0631104 0.0713055 0.0763615 0.0779499 0.0764003 0.0724001 0.0667137 0.0600355 0.0529332 0.0458249 0.0389795 0.0325449 0.026592 0.021159 0.0162846 0.0120226 0.00843544 0.00557018 0.00342846
 0.00892866 0.0145225 0.0218838 0.0309334 0.0413317 0.0523141 0.0626631 0.0710046 0.0763052 0.0782057 0.0769747 0.0732269 0.0676643 0.0609511 0.053668 0.0462836 0.0391369 0.0324405 0.0263068 0.0207861 0.0159042 0.0116893 0.00817563 0.00538737 0.00331174
 0.00899415 0.0146007 0.0219495 0.0309464 0.0412484 0.0521067 0.0623367 0.0706028 0.075903 0.0778918 0.0768306 0.0733052 0.0679712 0.0614383 0.0542408 0.0468268 0.0395491 0.0326639 0.0263383 0.0206681 0.0157018 0.0114658 0.0079765 0.00523478 0.00320867
 0.00898074 0.0145839 0.0219319 0.0309298 0.0412283 0.0520669 0.0622488 0.0704364 0.0756438 0.0775589 0.0764819 0.0730233 0.067836 0.061498 0.0544926 0.0472167 0.0399892 0.0330618 0.0266265 0.0208209 0.0157346 0.0114188 0.00789446 0.00515215 0.00314362
 0.00916432 0.0148675 0.0223303 0.0314444 0.0418443 0.05275 0.0629419 0.0710601 0.0761074 0.0777818 0.076418 0.0726803 0.0672786 0.0608317 0.0538327 0.0466527 0.039562 0.0327615 0.0264115 0.0206446 0.0155669 0.0112531 0.00774077 0.00502419 0.00304937
 0.00902815 0.0146732 0.0220884 0.0311832 0.0416039 0.0525712 0.0628562 0.0710838 0.0762387 0.0779998 0.0766838 0.0729432 0.0674904 0.0609634 0.0538853 0.0466545 0.039552 0.032769 0.026443 0.0206865 0.015599 0.0112621 0.00772644 0.00499592 0.00301875
 0.00901507 0.0146296 0.0219835 0.0309799 0.0412748 0.0521205 0.0623341 0.0705808 0.0758567 0.0778146 0.0767201 0.0731722 0.0678468 0.06137 0.0542757 0.0469877 0.0398159 0.0329727 0.0266032 0.0208151 0.0156991 0.0113322 0.00776696 0.00501242 0.00302015
#pred catch len freq
 0.00341996 0.00547434 0.00811439 0.0113396 0.0151736 0.0196352 0.0246735 0.0301331 0.0357754 0.0413262 0.0465185 0.0511309 0.0550181 0.0581186 0.0604309 0.0619793 0.0627871 0.0628555 0.0621274 0.0604309 0.057449 0.0527988 0.04626 0.0380564 0.0289733
 0.00371047 0.00587979 0.00860494 0.0118562 0.015658 0.0200694 0.0250995 0.0306295 0.0363978 0.0420466 0.0472075 0.0515983 0.0550938 0.0577296 0.05964 0.0609669 0.0617864 0.0620651 0.0616375 0.060198 0.0573331 0.0526446 0.0459765 0.0376497 0.0285206
 0.00384766 0.00612838 0.00902161 0.0124973 0.0165524 0.0211864 0.0263348 0.0318329 0.0374363 0.042861 0.0478152 0.0520369 0.0553523 0.0577302 0.0592864 0.0602244 0.0607298 0.06086 0.0604661 0.0591786 0.0564843 0.0519121 0.0452964 0.0369998 0.0279287
 0.00403108 0.00641087 0.00942258 0.0130375 0.0172653 0.0221245 0.027556 0.033361 0.0392122 0.0447217 0.0495286 0.0533808 0.0561872 0.0580157 0.0590441 0.0594956 0.0595693 0.0593584 0.0587603 0.057425 0.054813 0.0503991 0.0439729 0.0358801 0.0270272
 0.00426552 0.00677827 0.00995013 0.0137424 0.0181547 0.023197 0.0288048 0.0347778 0.0407883 0.0464359 0.0513186 0.0551159 0.0576717 0.0590362 0.0594363 0.0591885 0.0585891 0.0578059 0.0567863 0.0552104 0.0525453 0.048246 0.0420623 0.0342933 0.0257994
 0.00452837 0.00719276 0.0105513 0.0145575 0.0192028 0.024486 0.0303237 0.0364888 0.0426257 0.0483148 0.0531479 0.0568048 0.0591237 0.0601361 0.0600488 0.0591818 0.0578766 0.0563834 0.0547457 0.0527271 0.0498472 0.0455746 0.0396327 0.0322601 0.0242379
 0.00478682 0.00760433 0.0111561 0.0153911 0.0202945 0.0258543 0.0319671 0.0383743 0.0446834 0.0504403 0.0552128 0.0586738 0.0606723 0.0612599 0.0606607 0.0592027 0.0572362 0.0550419 0.0527283 0.0501511 0.0469232 0.042574 0.0368318 0.0298798 0.0223994
 0.00511771 0.00811946 0.0118909 0.0163687 0.0215294 0.0273553 0.0337321 0.0403795 0.0468708 0.052712 0.0574355 0.0606936 0.0623369 0.0624395 0.0612588 0.0591551 0.0565029 0.053606 0.0506125 0.047447 0.0438141 0.0393264 0.0337472 0.0272213 0.0203273
 0.00547788 0.00868427 0.0127034 0.0174584 0.0229114 0.0290287 0.0356737 0.0425369 0.0491614 0.0550287 0.0596546 0.0626824 0.0639622 0.0635787 0.0618117 0.0590505 0.0557003 0.0520961 0.0484255 0.0446729 0.0406243 0.0359759 0.0305372 0.0244293 0.0181336
 0.00578878 0.00918128 0.013437 0.0184735 0.0242436 0.0306959 0.0376627 0.0447912 0.0515789 0.0574705 0.0619631 0.0647021 0.0655577 0.0646453 0.062276 0.0588656 0.0548407 0.0505589 0.0462417 0.0419276 0.0374784 0.0326695 0.027359 0.0216515 0.0159396
 0.00603238 0.00956967 0.0140097 0.0192686 0.0252986 0.0320454 0.0393277 0.0467627 0.0538011 0.0598326 0.0643053 0.0668377 0.0673052 0.0658585 0.0628602 0.0587755 0.0540688 0.0491246 0.0441919 0.0393521 0.0345295 0.0295691 0.0243734 0.0190344 0.0138652
 0.00620847 0.00985178 0.0144278 0.019851 0.0260719 0.0330316 0.0405389 0.048195 0.0554298 0.0616081 0.0661481 0.0686363 0.0689213 0.0671436 0.0636784 0.0590257 0.0536954 0.0481189 0.0425902 0.0372395 0.0320489 0.0269225 0.0218002 0.0167626 0.012054
 0.00642465 0.0101945 0.0149283 0.0205356 0.0269606 0.0341349 0.0418509 0.0496855 0.0570411 0.0632597 0.0677461 0.0700846 0.07013 0.0680318 0.0641744 0.0590672 0.0532353 0.0471356 0.0410996 0.0353073 0.0297989 0.0245341 0.0194859 0.0147235 0.0104296
