SBPRF35
12.7214
Curr Bio
942182
B35
893570
F35
0.172256
FOFL
0.172256
OFL
132775
Bzero
3.63469e+06
#pred survey bio
 3.52811e+06 3.40231e+06 3.2904e+06 3.12934e+06 2.935e+06 2.72443e+06 2.46449e+06 2.23715e+06 2.03017e+06 1.79647e+06 1.59311e+06 1.39695e+06 1.26042e+06 1.11442e+06 980149 857306 755742 701350 649379 617193 595595 576930 562831 546922 543229 544484 540737 542772 556706 567690 565712 557848 567274 571682 583652 588059 598849 601963 608906 613420 622129 628074 636527 645274 648523 653005 656899 653294 645596 636770 643511 697729 771842 837576 887287 934948 947301 941745 935273 932824 933184 951544 955378 968208 967887 952791 947840 2.18419e+07 1.99036e+07 2.0129e+07 2.08036e+07 2.17668e+07 2.28375e+07 2.38828e+07 2.48244e+07 2.56282e+07 2.62895e+07 2.68198e+07 2.72374e+07 2.75625e+07 2.78137e+07 2.80069e+07 2.81554e+07 2.82695e+07 2.83574e+07 2.84252e+07 2.84778e+07 2.85188e+07 2.85508e+07 2.85759e+07 2.85957e+07 2.86114e+07 2.86238e+07 2.86337e+07 2.86417e+07 2.8648e+07 2.86531e+07 2.86572e+07 2.86605e+07 2.86632e+07 2.86654e+07 2.86672e+07 2.86686e+07 2.86698e+07 2.86707e+07 2.86715e+07 2.86721e+07 2.86727e+07 2.86731e+07 2.86734e+07 2.86737e+07 2.86739e+07 2.86741e+07 2.86743e+07 2.86744e+07 2.86745e+07 2.86746e+07 2.86747e+07 2.86747e+07 2.86748e+07 2.86748e+07 2.86748e+07 2.86749e+07 2.86749e+07 2.86749e+07 2.86749e+07 2.86749e+07 2.86749e+07 2.8675e+07 2.8675e+07 2.8675e+07 2.8675e+07 2.8675e+07 2.8675e+07 2.8675e+07 2.8675e+07 2.8675e+07 2.8675e+07 2.8675e+07 2.8675e+07 2.8675e+07 2.8675e+07 2.8675e+07 2.8675e+07 2.8675e+07 2.8675e+07 2.8675e+07 2.8675e+07 2.8675e+07 2.8675e+07 2.8675e+07 2.8675e+07 2.8675e+07 2.8675e+07 2.8675e+07 2.8675e+07 2.8675e+07 2.8675e+07 2.8675e+07 2.8675e+07 2.8675e+07 2.8675e+07 2.8675e+07 2.8675e+07 2.8675e+07 2.8675e+07 2.8675e+07 0 0 0 0 0 0 0 0 0 0 0 0 0 0 0 0 0 0 0 0 0 0 0 0 0
#obs survey bio
 3.52176e+06 3.5002e+06 3.56208e+06 2.79372e+06 3.12116e+06 2.90201e+06 2.36283e+06 2.92642e+06 1.59187e+06 1.73489e+06 1.14306e+06 1.37688e+06 1.18218e+06 1.08066e+06 882832 767660 1.10501e+06 571874 589329 520742 523291 488797 390068 644370 601674 510622 542563 633677 459985 369613 711706 626302 528198 557772 623583 680239 840779 566464 503225 507776 470143 618646 579829 495270 952062 856516 650776 669247 685208 450939 453194 700080 668454 559284 1.06812e+06 1.11619e+06 950245 996288 961260 1.09624e+06 920720 955159 972829 1.22410e+06 1.1216e+06 920096 1.09943e+06
#pred catch bio
 104023 99826.6 156888 201407 232679 295482 283454 281888 320836 305345 307363 260059 270660 258580 243973 218973 172999 166977 146850 135725 131177 125198 124338 111901 106344 108822 101992 91219.7 93970.3 104407 107653 92509.8 97752.9 92422.9 99638.2 94587.2 101407 98851.5 102395 100052 102893 100868 100716 104880 102984 103080 109242 112411 113394 101773 66125.8 55371 67137.6 83588.1 87149.2 118152 133150 134052 131347 129463 114445 127138 119315 130714 142712 133424 127599 132775 132190 132579 135900 141532 147976 154240 159795 164431 168136 171003 173170 174776 175950 176798 177405 177836 178141 178355 178506 178611 178684 178735 178770 178794 178811 178823 178831 178837 178841 178843 178845 178846 178847 178848 178848 178848 178849 178849 178849 178849 178849 178849 178849 178849 178849 178849 178849 178849 178849 178849 178849 178849 178849 178849 178849 178849 178849 178849 178849 178849 178849 178849 178849 178849 178849 178849 178849 178849 178849 178849 178849 178849 178849 178849 178849 178849 178849 178849 178849 178849 178849 178849 178849 178849 178849 178849 178849 178849 178849 178849 178849 178849 178849 178849 178849 178849 178849 178849 178849 0 0 0 0 0 0 0 0 0 0 0 0 0 0 0 0 0 0 0 0 0 0 0 0 0
#obs catch bio
 0 99420.2 157080 201612 232403 297148 283977 282114 323447 307935 311806 263576 274894 261970 247891 221637 172970 167698 147292 137164 132216 126492 125600 112652 106677 109455 102048 90801.2 93308.2 104234 106972 91437.8 97460.8 92127 99579.4 94346.6 101077 98347.9 102455 100648 103322 100794 100808 104966 102279 102311 108551 111720 112967 101868 66262.3 55370.1 67374 84177.2 87219.2 118476 133278 134087 131701 130130 114513 127638 119313 130892 142880 133724 127555
#pred cpue bio
 3.48645e+06 3.36184e+06 3.24975e+06 3.08837e+06 2.89422e+06 2.6837e+06 2.4243e+06 2.19732e+06 1.99056e+06 1.75765e+06 1.55513e+06 1.36016e+06 1.22457e+06 1.08022e+06 947742 826954 727479 674351 623502 591929 570881 552799 539222 523930 520656 522252 519005 521402 535312 546130 544336 536862 546023 550151 561827 566230 576932 580029 586568 590656 599204 605275 613721 622450 625893 630485 634320 630670 622955 614011 620080 673042 746265 811304 860257 907149 919249 913464 906678 904045 904517 922856 926837 939458 939122 924177 919183 2.11845e+07 1.93045e+07 1.94334e+07 2.00114e+07 2.09469e+07 2.20123e+07 2.30567e+07 2.39982e+07 2.4802e+07 2.54633e+07 2.59935e+07 2.64112e+07 2.67363e+07 2.69874e+07 2.71807e+07 2.73292e+07 2.74433e+07 2.75311e+07 2.7599e+07 2.76516e+07 2.76925e+07 2.77245e+07 2.77497e+07 2.77695e+07 2.77851e+07 2.77976e+07 2.78075e+07 2.78154e+07 2.78218e+07 2.78269e+07 2.7831e+07 2.78343e+07 2.7837e+07 2.78392e+07 2.78409e+07 2.78424e+07 2.78435e+07 2.78445e+07 2.78453e+07 2.78459e+07 2.78464e+07 2.78468e+07 2.78472e+07 2.78475e+07 2.78477e+07 2.78479e+07 2.7848e+07 2.78482e+07 2.78483e+07 2.78484e+07 2.78484e+07 2.78485e+07 2.78485e+07 2.78486e+07 2.78486e+07 2.78486e+07 2.78486e+07 2.78487e+07 2.78487e+07 2.78487e+07 2.78487e+07 2.78487e+07 2.78487e+07 2.78487e+07 2.78487e+07 2.78487e+07 2.78487e+07 2.78487e+07 2.78487e+07 2.78487e+07 2.78487e+07 2.78487e+07 2.78487e+07 2.78487e+07 2.78487e+07 2.78487e+07 2.78487e+07 2.78487e+07 2.78487e+07 2.78487e+07 2.78487e+07 2.78487e+07 2.78487e+07 2.78487e+07 2.78487e+07 2.78487e+07 2.78487e+07 2.78487e+07 2.78487e+07 2.78487e+07 2.78487e+07 2.78487e+07 2.78487e+07 2.78487e+07 2.78487e+07 2.78487e+07 2.78487e+07 2.78487e+07 2.78487e+07 2.78487e+07 0 0 0 0 0 0 0 0 0 0 0 0 0 0 0 0 0 0 0 0 0 0 0 0 0
#obs cpue bio
 5.24417e+06 3.94479e+06 2.76375e+06 3.01176e+06 3.09088e+06 1.46284e+06 2.91954e+06 1.70926e+06 1.62805e+06 1.42731e+06 1.50275e+06 939028 1.22121e+06 1.07762e+06 783498 958514 723336 694280 645324 401078 676224 477655 727323 434375 532711 479098 689725 614978 876239 634047 682936 714989 386336 531534 509839 510684 510764 694203 494860 414846 915479 856528 577772 868911 813164 547134 656653 650375 551685 709073 456579 667045 731257 939975 1.00489e+06 942175 1.02989e+06 863442 667660 626974 1.02856e+06 870353 1.01937e+06 723240 912643 742947 980048
#pred surv len freq
 0.00425866 0.00698567 0.010649 0.0152793 0.0207979 0.0269318 0.0331895 0.0389879 0.0438702 0.0476481 0.0503805 0.05225 0.0534561 0.0541667 0.0545104 0.0545886 0.0544933 0.0543056 0.0540385 0.0535227 0.0523079 0.0497154 0.0451268 0.0384018 0.0301378
 0.00458559 0.00743044 0.011161 0.0157651 0.0211572 0.0271074 0.0332005 0.0389173 0.0438122 0.0476519 0.0504268 0.0522774 0.0534134 0.0540555 0.0543926 0.0545546 0.0546095 0.0545666 0.0543495 0.0537261 0.052249 0.0493165 0.0444288 0.037546 0.0292992
 0.00466332 0.00761613 0.0115431 0.0164443 0.0221991 0.0284827 0.0347509 0.0403889 0.0449526 0.0483145 0.0506144 0.0521003 0.0530065 0.0535193 0.053788 0.0539296 0.0540148 0.0540393 0.0538805 0.053246 0.0516562 0.0485379 0.0434732 0.0365114 0.0283271
 0.00482549 0.0078599 0.0118787 0.0168829 0.0227684 0.029238 0.0357645 0.0417051 0.0465284 0.0499861 0.0521286 0.0532065 0.0535542 0.0535004 0.0533059 0.0531338 0.0530452 0.0529984 0.0528227 0.0521763 0.050545 0.0473578 0.0422402 0.0353007 0.027247
 0.00504356 0.00821316 0.0124064 0.0176165 0.0237223 0.0303991 0.0370886 0.0431297 0.0479946 0.0514501 0.0535439 0.0544888 0.0545659 0.054083 0.0533459 0.0526132 0.0520436 0.051651 0.0512655 0.0505105 0.048833 0.0456454 0.0405863 0.0337895 0.0259703
 0.00522717 0.00852228 0.0128915 0.0183318 0.0247144 0.031689 0.0386523 0.0448905 0.0498347 0.0532392 0.0551687 0.0558669 0.0556372 0.0547867 0.0536073 0.0523583 0.0512361 0.0503214 0.0495111 0.0484674 0.0466452 0.04345 0.0385133 0.0319595 0.0244781
 0.00551298 0.00897883 0.0135645 0.019261 0.0259296 0.0332023 0.0404458 0.0469057 0.0519714 0.0553648 0.0571363 0.0575374 0.0568989 0.0555649 0.0538571 0.0520507 0.0503513 0.0488611 0.0475219 0.0460564 0.0439764 0.0407234 0.0359356 0.0297111 0.0226803
 0.00579854 0.00943843 0.0142475 0.0202101 0.0271733 0.034743 0.0422487 0.0488959 0.0540458 0.0574109 0.0590459 0.0592091 0.0582366 0.0564787 0.0542702 0.0519051 0.0496106 0.0475151 0.0455983 0.0436394 0.0412195 0.0378422 0.0331743 0.0272916 0.0207512
 0.00602339 0.0098144 0.0148326 0.0210649 0.0283482 0.0362589 0.0440769 0.0509521 0.0562038 0.05953 0.060996 0.0608851 0.0595585 0.0573842 0.0547054 0.0518193 0.0489586 0.0462681 0.043762 0.0412775 0.0384715 0.0349227 0.0303421 0.0247914 0.0187524
 0.00630761 0.0102793 0.0155381 0.0220699 0.029701 0.03798 0.0461397 0.0532718 0.0586434 0.0619219 0.0631699 0.0626928 0.0608919 0.0581804 0.0549387 0.0514835 0.0480515 0.0447877 0.0417213 0.0387321 0.0355487 0.0318307 0.027343 0.0221416 0.0166334
 0.00655801 0.0106897 0.0161625 0.0229619 0.0309051 0.0395171 0.0479906 0.055369 0.0608776 0.0641577 0.0652635 0.064506 0.062303 0.0590952 0.0552968 0.0512576 0.0472387 0.0434004 0.0397886 0.0363171 0.0327733 0.0288883 0.0244801 0.0196038 0.0145982
 0.00680828 0.0111047 0.016802 0.0238866 0.0321643 0.0411292 0.0499235 0.0575331 0.0631387 0.0663634 0.0672688 0.0661879 0.0635659 0.0598701 0.055539 0.0509434 0.046363 0.0419758 0.0378496 0.033933 0.030066 0.0260421 0.0217253 0.0171685 0.0126479
 0.00691957 0.0112928 0.0171 0.0243333 0.0328013 0.0419928 0.0510332 0.0588813 0.0646841 0.068031 0.0689558 0.0677755 0.0649348 0.0609142 0.056174 0.0511096 0.0460241 0.0411196 0.0364931 0.0321331 0.0279321 0.0237404 0.0194615 0.0151463 0.0110166
 0.0071048 0.0115989 0.0175695 0.0250083 0.0337141 0.0431518 0.0524101 0.0604084 0.066267 0.0695692 0.0703595 0.0689722 0.0658669 0.0615346 0.0564434 0.0509956 0.0455026 0.0401787 0.0351419 0.0304151 0.0259393 0.0216174 0.0173896 0.0133049 0.00953612
 0.00723839 0.0118334 0.0179543 0.0256001 0.0345642 0.0442853 0.0538062 0.0619923 0.0679214 0.0711591 0.0717592 0.070085 0.066634 0.0619336 0.0564766 0.0506758 0.0448421 0.0391872 0.0338342 0.0288272 0.0241448 0.0197344 0.0155686 0.0116956 0.00824709
 0.00736835 0.0120517 0.018297 0.0261075 0.0352754 0.0452278 0.0549812 0.0633643 0.0694144 0.0726636 0.0731472 0.0712321 0.0674419 0.0623462 0.0564835 0.0503013 0.0441277 0.0381765 0.032569 0.0273547 0.0225326 0.0180798 0.0139918 0.0103156 0.00714872
 0.00761369 0.0124224 0.0188034 0.0267431 0.0360227 0.0460671 0.0558956 0.064337 0.0704225 0.0736719 0.0741044 0.0720718 0.0680901 0.0627341 0.0565617 0.0500501 0.043558 0.0373224 0.0314787 0.0260866 0.0211577 0.0166856 0.0126776 0.00917516 0.00624657
 0.00775065 0.0126288 0.019083 0.0270872 0.036411 0.0464719 0.0562877 0.0646948 0.0707421 0.0739728 0.0744232 0.0724416 0.0685164 0.0631807 0.0569572 0.0503095 0.043609 0.037124 0.0310279 0.0254155 0.0203271 0.0157769 0.0117817 0.00837615 0.00560351
 0.00794991 0.0129428 0.0195356 0.0276902 0.0371575 0.0473287 0.0571898 0.0655502 0.0714524 0.0744621 0.0746625 0.0724551 0.0683669 0.0629415 0.0566819 0.0500144 0.0432738 0.03671 0.0305017 0.0247686 0.0195834 0.0149895 0.0110192 0.00770437 0.00506794
 0.00798789 0.0130141 0.0196607 0.027894 0.0374637 0.0477497 0.0577174 0.0661505 0.0720695 0.0750289 0.0751152 0.072748 0.068484 0.0628991 0.0565197 0.0497767 0.0429904 0.0363867 0.030126 0.0243263 0.0190762 0.0144429 0.0104783 0.00721876 0.00467531
 0.00800633 0.0130367 0.0196822 0.0279079 0.0374681 0.0477545 0.0577472 0.0662398 0.0722482 0.0753066 0.0754714 0.0731356 0.0688438 0.0631786 0.0566882 0.0498295 0.0429414 0.0362556 0.029927 0.0240664 0.0187627 0.0140925 0.0101202 0.00688809 0.00440172
 0.00801127 0.0130484 0.0197058 0.0279491 0.0375296 0.0478327 0.0578318 0.0663185 0.0723158 0.0753715 0.0755537 0.073255 0.0690049 0.0633641 0.0568641 0.0499591 0.0429993 0.0362327 0.0298278 0.0239026 0.0185491 0.0138478 0.00986744 0.00665281 0.0042053
 0.00798395 0.0130064 0.0196478 0.0278762 0.037447 0.0477496 0.0577605 0.066272 0.0723035 0.0753966 0.0756143 0.0733482 0.0691299 0.0635196 0.0570423 0.050142 0.0431608 0.0363468 0.0298775 0.0238833 0.0184685 0.0137224 0.00971938 0.00650494 0.0040766
 0.0079717 0.0129891 0.0196264 0.0278534 0.0374259 0.0477331 0.0577505 0.0662693 0.072309 0.0754116 0.0756398 0.0733848 0.0691773 0.063578 0.0571117 0.0502201 0.0432404 0.0364151 0.029919 0.023886 0.0184288 0.0136469 0.00962225 0.0064036 0.00398623
 0.00793008 0.0129107 0.0194896 0.0276339 0.0371057 0.0473133 0.057261 0.0657681 0.0718679 0.0750954 0.0754899 0.0734119 0.0693648 0.0638904 0.057505 0.0506503 0.043669 0.0368108 0.0302577 0.0241518 0.018615 0.0137574 0.0096708 0.00640975 0.00397
 0.00780148 0.012717 0.0192258 0.0273034 0.0367166 0.0468737 0.0567788 0.0652576 0.0713584 0.0746355 0.0751412 0.0732331 0.0693924 0.0641264 0.0579167 0.0511817 0.0442558 0.0373933 0.0307889 0.0245996 0.0189631 0.0140045 0.00982809 0.006497 0.00400996
 0.00776578 0.0126493 0.0191068 0.0271116 0.0364359 0.0465038 0.0563422 0.0647956 0.0709181 0.0742544 0.0748422 0.0730306 0.0693014 0.064164 0.0580944 0.0514934 0.044673 0.0378699 0.0312721 0.0250425 0.019333 0.0142858 0.010022 0.00661685 0.00407533
 0.00779828 0.01268 0.0191118 0.0270538 0.0362738 0.0462058 0.0559014 0.0642377 0.0702982 0.0736461 0.0743204 0.0726548 0.069105 0.0641537 0.0582569 0.0518039 0.0450987 0.0383706 0.0318007 0.0255507 0.0197794 0.0146442 0.0102841 0.00679071 0.00417928
 0.00781756 0.0126952 0.019104 0.0269931 0.0361236 0.0459322 0.0554846 0.0636806 0.0696324 0.0729319 0.0736396 0.0720956 0.0687415 0.0640287 0.0583746 0.052135 0.0455922 0.038966 0.0324367 0.0261701 0.0203345 0.0151018 0.0106301 0.00702941 0.00432874
 0.00766659 0.0124898 0.0188673 0.0267681 0.0359557 0.045845 0.0554618 0.063669 0.0695643 0.0727561 0.0733448 0.0717159 0.0683456 0.063698 0.0581802 0.0521188 0.0457597 0.0392891 0.0328649 0.0266436 0.0207961 0.0155069 0.010952 0.00726116 0.00447952
 0.00760971 0.012395 0.0187229 0.0265679 0.0357082 0.0455817 0.0552368 0.0635428 0.0695734 0.0728862 0.0735285 0.0718622 0.0683841 0.0636119 0.0580094 0.0519376 0.0456426 0.0392838 0.0329808 0.0268563 0.0210614 0.0157771 0.0111893 0.00744479 0.00460581
 0.00783103 0.0127048 0.0190961 0.0269488 0.0360251 0.0457716 0.0552688 0.0634272 0.0693567 0.0726332 0.0732972 0.0716813 0.0682433 0.0634735 0.0578363 0.05172 0.0454063 0.0390765 0.0328466 0.0268159 0.0211063 0.0158776 0.0113095 0.00755549 0.00469105
 0.00783529 0.0127282 0.019159 0.0270732 0.0362199 0.046015 0.0555006 0.0635635 0.069326 0.0724153 0.0729392 0.0712774 0.0678917 0.0632351 0.0577185 0.0516901 0.0454216 0.03911 0.0328946 0.0268873 0.0212069 0.016001 0.0114385 0.00767119 0.00478086
 0.00780611 0.0126909 0.0191229 0.0270559 0.036246 0.0461105 0.0556826 0.0638279 0.0696372 0.0727067 0.0731326 0.0713153 0.0677652 0.0629881 0.0574241 0.0514155 0.0452046 0.0389582 0.0327997 0.0268396 0.0211996 0.0160268 0.0114862 0.00772659 0.00483131
 0.00769582 0.012519 0.0188789 0.0267382 0.0358651 0.0456935 0.0552756 0.0634921 0.0694344 0.0726782 0.0732802 0.0715966 0.0681082 0.0633191 0.0576952 0.0516164 0.045354 0.0390837 0.0329213 0.0269645 0.0213257 0.0161481 0.0115959 0.0078185 0.00490167
 0.00765889 0.0124587 0.0187877 0.026609 0.035693 0.0454787 0.0550269 0.0632294 0.0691884 0.0724861 0.0731772 0.0716052 0.0682276 0.0635224 0.0579374 0.0518515 0.045552 0.0392371 0.0330402 0.0270641 0.0214172 0.0162348 0.0116754 0.00788648 0.00495464
 0.00763403 0.0124085 0.0186945 0.0264509 0.0354507 0.0451443 0.0546128 0.0627699 0.0687333 0.0720896 0.0728879 0.0714585 0.0682411 0.0636921 0.058236 0.0522332 0.0459635 0.0396319 0.0333888 0.0273556 0.0216534 0.0164226 0.0118211 0.007995 0.00503074
 0.00779692 0.0126443 0.0189944 0.0267857 0.0357752 0.0454077 0.0547685 0.062784 0.0685916 0.0718032 0.0724942 0.0710152 0.067813 0.0633362 0.05799 0.0521088 0.0459473 0.0396934 0.0334918 0.0274698 0.0217599 0.0165129 0.0118938 0.00805083 0.00507134
 0.00783408 0.0127208 0.0191375 0.0270256 0.0361316 0.0458708 0.055287 0.0632699 0.0689463 0.0719514 0.0724084 0.0707198 0.0673712 0.0628287 0.0574949 0.051686 0.0456307 0.0394889 0.0333837 0.0274308 0.0217617 0.0165338 0.01192 0.00807533 0.00509118
 0.00770335 0.0125431 0.0189358 0.0268461 0.0360346 0.0459138 0.055505 0.0636618 0.0694677 0.072519 0.0729173 0.0710724 0.0675077 0.0627447 0.0572374 0.0513323 0.0452609 0.0391645 0.0331371 0.0272671 0.0216675 0.0164884 0.0119037 0.00807369 0.00509525
 0.00757831 0.0123364 0.0186211 0.0264045 0.0354678 0.0452606 0.0548505 0.0631261 0.0691712 0.0725372 0.0732491 0.0716394 0.0681825 0.0633946 0.0577646 0.0516952 0.045472 0.03927 0.0331904 0.0273084 0.021716 0.0165454 0.0119615 0.008124 0.00513332
 0.00756874 0.0123077 0.018553 0.0262683 0.0352322 0.0449023 0.054368 0.0625507 0.0685717 0.0720115 0.0729017 0.071548 0.0683678 0.0638093 0.05831 0.0522585 0.0459647 0.0396497 0.0334587 0.0274927 0.0218478 0.0166469 0.0120429 0.00818762 0.0051795
 0.0075072 0.0122176 0.0184349 0.0261265 0.0350696 0.0447142 0.05414 0.0622638 0.0682154 0.0715988 0.0724784 0.0711877 0.0681522 0.0637983 0.0585165 0.0526412 0.0464437 0.0401375 0.0338898 0.0278366 0.0221045 0.0168319 0.0121741 0.00827891 0.00524053
 0.00739488 0.0120462 0.0181984 0.0258283 0.0347232 0.0443421 0.0537706 0.0619263 0.0679307 0.071373 0.0723043 0.0710573 0.0680716 0.0637936 0.0586229 0.0528818 0.0468106 0.0405888 0.0343638 0.0282752 0.02247 0.0171118 0.0123742 0.00841386 0.00532644
 0.00739038 0.0120252 0.0181419 0.0257117 0.0345243 0.0440527 0.0534066 0.0615269 0.0675475 0.0710522 0.0720733 0.0709203 0.0680166 0.0638061 0.0586979 0.053026 0.0470336 0.0408887 0.0347185 0.0286457 0.0228145 0.0173995 0.0125922 0.00856495 0.00542285
 0.00743592 0.0120876 0.0182135 0.0257753 0.0345548 0.0440215 0.053288 0.061307 0.0672318 0.0706711 0.0716773 0.0705666 0.0677511 0.0636516 0.0586545 0.0530812 0.0471729 0.0410987 0.0349833 0.0289417 0.0231111 0.0176663 0.012808 0.00872234 0.00552665
 0.00746644 0.0121387 0.0182921 0.0258866 0.034698 0.0441846 0.0534444 0.061418 0.0672563 0.07058 0.0714663 0.0702603 0.0673976 0.0633083 0.0583718 0.052891 0.047086 0.0411093 0.035075 0.0290916 0.0232919 0.0178499 0.0129707 0.00884976 0.00561543
 0.00751263 0.0122162 0.018413 0.0260634 0.0349399 0.0444922 0.0538038 0.061797 0.0676072 0.070847 0.071598 0.0702237 0.067189 0.0629574 0.0579352 0.0524367 0.0466754 0.0407843 0.0348535 0.0289699 0.0232514 0.0178644 0.0130132 0.00889856 0.00565712
 0.00762917 0.0123921 0.018653 0.0263634 0.0352898 0.0448793 0.0542136 0.0622118 0.0680028 0.071191 0.0718512 0.0703459 0.0671489 0.0627433 0.0575629 0.0519501 0.0461373 0.040261 0.0343989 0.0286155 0.0230043 0.0177119 0.0129322 0.00886359 0.0056469
 0.0078771 0.0127641 0.0191545 0.0269775 0.0359802 0.0455978 0.0549065 0.0628254 0.0684905 0.0715211 0.0720104 0.0703355 0.0669765 0.0624175 0.0570958 0.0513636 0.0454697 0.0395656 0.0337347 0.028034 0.0225379 0.0173696 0.0127026 0.00872314 0.00556875
 0.00784283 0.0127421 0.0191823 0.0271071 0.0362599 0.0460461 0.0554927 0.0634728 0.069102 0.0720143 0.0723403 0.0704964 0.0669864 0.0623005 0.0568703 0.0510423 0.0450665 0.0391038 0.0332502 0.0275696 0.0221328 0.0170491 0.012473 0.00857456 0.005482
 0.00745959 0.0121373 0.0183104 0.0259501 0.0348445 0.0444622 0.0539018 0.0620873 0.0681311 0.0715972 0.0725059 0.0711684 0.0680252 0.0635492 0.0581868 0.0523132 0.04621 0.0400707 0.0340226 0.028157 0.0225629 0.0173561 0.0126883 0.0087224 0.00557978
 0.00723456 0.0117413 0.01766 0.0249528 0.0334257 0.0426064 0.0516926 0.0597206 0.0658869 0.0697784 0.0713664 0.0708543 0.068545 0.0647819 0.0599234 0.0543132 0.0482527 0.0419857 0.0357003 0.0295445 0.0236524 0.0181706 0.0132681 0.00911372 0.00582847
 0.00713215 0.0115762 0.0174108 0.0245919 0.0329136 0.0418905 0.0507166 0.058449 0.0643406 0.0680648 0.0696829 0.0694529 0.067666 0.0645827 0.0604329 0.0554296 0.0497816 0.0436991 0.0373909 0.0310605 0.0249085 0.0191409 0.0139694 0.00958808 0.00612774
 0.007041 0.0114435 0.0172391 0.0243916 0.0326965 0.0416592 0.0504544 0.0581154 0.0638772 0.0674143 0.0688212 0.0684237 0.066597 0.0636664 0.0598703 0.0553599 0.0502326 0.0445811 0.0385344 0.0322748 0.0260335 0.0200762 0.0146771 0.010079 0.00644064
 0.0069506 0.0112981 0.0170243 0.0240979 0.0323246 0.041225 0.0499915 0.057667 0.0634778 0.0670695 0.0685001 0.0680741 0.066181 0.0631979 0.0594317 0.0550827 0.0502448 0.0449487 0.0392295 0.0331851 0.0270071 0.0209741 0.0154094 0.010614 0.00679343
 0.00701949 0.0114064 0.0171798 0.0243026 0.032572 0.0414971 0.050257 0.057886 0.0636108 0.0670873 0.0683867 0.0678218 0.0657861 0.062666 0.0587941 0.0544115 0.0496494 0.0445458 0.0390972 0.0333296 0.0273616 0.0214294 0.0158586 0.0109851 0.00705873
 0.00711159 0.0115605 0.017419 0.0246496 0.0330416 0.0420855 0.0509321 0.0585852 0.0642507 0.0675817 0.0686658 0.0678449 0.0655447 0.0621801 0.0581072 0.0535893 0.0487805 0.0437357 0.0384481 0.0329101 0.0271828 0.0214452 0.0159894 0.0111518 0.00720689
 0.00711229 0.0115764 0.0174705 0.0247664 0.0332564 0.0424243 0.0514028 0.05917 0.0649052 0.0682391 0.0692459 0.0682676 0.065745 0.0621217 0.0577899 0.0530491 0.0480853 0.042977 0.0377272 0.0323166 0.0267716 0.0212226 0.0159185 0.0111734 0.00726523
 0.0070222 0.011445 0.0173021 0.0245776 0.0330762 0.0422909 0.0513589 0.0592556 0.0651467 0.068637 0.0697672 0.0688469 0.0662966 0.0625581 0.0580414 0.05308 0.0479021 0.0426276 0.0372895 0.0318791 0.0264094 0.0209777 0.0157927 0.0111384 0.00728093
 0.00698047 0.011368 0.0171705 0.0243708 0.0327814 0.0419154 0.05094 0.0588595 0.0648533 0.0685174 0.0698623 0.0691556 0.0667751 0.0631285 0.0586085 0.0535529 0.0482162 0.0427597 0.0372617 0.0317477 0.0262435 0.0208351 0.0157043 0.0111056 0.00728645
 0.00691283 0.0112534 0.0169889 0.0241 0.0324009 0.0414143 0.050327 0.058171 0.064156 0.0679015 0.0694251 0.068979 0.0669012 0.0635446 0.0592469 0.0543078 0.0489714 0.0434182 0.0377673 0.032092 0.0264559 0.0209622 0.0157881 0.0111716 0.00734304
 0.00696809 0.0113317 0.0170848 0.0241986 0.0324792 0.0414438 0.050278 0.0580177 0.063884 0.0675177 0.0689658 0.0685098 0.066506 0.0633028 0.0592076 0.0544714 0.0492882 0.0438068 0.0381437 0.0323964 0.0266661 0.0210889 0.0158587 0.0112128 0.00737155
 0.00692476 0.0112734 0.0170188 0.0241377 0.032436 0.0414225 0.050268 0.0579949 0.0638183 0.0673842 0.0687555 0.0682356 0.0662044 0.063029 0.0590232 0.0544254 0.0493984 0.0440504 0.038465 0.0327286 0.0269552 0.0213081 0.0160075 0.0113065 0.00742852
 0.00694739 0.0113055 0.0170591 0.0241837 0.0324865 0.0414805 0.0503406 0.0580874 0.0639259 0.0674855 0.0688147 0.0682152 0.0660821 0.062812 0.0587501 0.0541558 0.0491922 0.0439467 0.038469 0.0328136 0.0270779 0.0214287 0.0161026 0.0113704 0.00746679
 0.00700746 0.0114062 0.0172155 0.0244097 0.0327893 0.0418536 0.0507589 0.0585095 0.0643041 0.0677784 0.0689936 0.0682631 0.0659908 0.0625823 0.0583984 0.0537192 0.0487264 0.0435125 0.0381142 0.0325595 0.0269182 0.0213388 0.016055 0.0113443 0.00745106
 0.00695321 0.0113315 0.0171285 0.0243281 0.0327375 0.0418566 0.0508358 0.0586679 0.0645365 0.0680611 0.0692904 0.0685328 0.0661951 0.0626928 0.0584006 0.0536153 0.0485373 0.0432755 0.0378741 0.0323549 0.0267701 0.0212481 0.0160083 0.0113243 0.00744388
#obs surv len freq
 nan nan nan nan nan nan nan nan nan nan nan nan nan nan nan nan nan nan nan nan nan nan nan nan nan
 0.00447728 0.00733533 0.0111624 0.015977 0.0216775 0.0279545 0.034271 0.0400051 0.0446874 0.0481539 0.0505143 0.0520123 0.0529066 0.0534206 0.0537363 0.0539922 0.0542715 0.0545648 0.0547038 0.0542958 0.0527337 0.0493652 0.043814 0.0362927 0.0276748
 0.00461378 0.00755694 0.0114951 0.016444 0.0222939 0.0287186 0.0351562 0.0409566 0.045629 0.0490021 0.0511937 0.0524674 0.0531074 0.0533648 0.0534445 0.0535009 0.0536239 0.0538032 0.0538673 0.0534211 0.0518594 0.0485341 0.0430703 0.035674 0.0272019
 0.00478378 0.0078354 0.0119179 0.0170454 0.0230995 0.0297337 0.0363543 0.0422751 0.0469771 0.050276 0.0522934 0.0533075 0.0536248 0.0535233 0.0532377 0.0529508 0.0527751 0.0527146 0.0526049 0.0520551 0.0504651 0.0471926 0.041862 0.0346654 0.0264297
 0.0049733 0.00814691 0.0123932 0.0177257 0.0240177 0.0309021 0.0377508 0.0438378 0.0486112 0.0518698 0.0537343 0.054493 0.054469 0.0539617 0.0532321 0.0524925 0.0518858 0.0514451 0.0510311 0.0502744 0.0485933 0.0453575 0.0401904 0.0332608 0.0253503
 0.00519188 0.00850223 0.0129281 0.0184808 0.0250245 0.0321718 0.0392623 0.0455318 0.0503965 0.0536381 0.0553745 0.0559004 0.0555501 0.054637 0.0534401 0.0521944 0.0510715 0.0501386 0.0492955 0.0482147 0.0463535 0.0431096 0.0381105 0.0314958 0.0239857
 0.00541223 0.00886659 0.0134877 0.019287 0.0261181 0.0335668 0.04093 0.0473966 0.0523482 0.0555551 0.0571426 0.0574217 0.0567417 0.0554272 0.0537665 0.0520057 0.0503339 0.0488471 0.0474878 0.0459837 0.0438525 0.0405407 0.0356931 0.0294198 0.0223677
 0.0056501 0.00925338 0.0140704 0.0201106 0.0272185 0.034959 0.0425943 0.0492711 0.0543346 0.0575342 0.0589928 0.0590324 0.0580202 0.0563002 0.0541754 0.0519023 0.0496796 0.0476213 0.0457055 0.0437173 0.041247 0.0378078 0.0330781 0.0271454 0.0205785
 0.00588469 0.00963958 0.0146605 0.0209558 0.0283587 0.0364068 0.0443191 0.0511954 0.056347 0.0595126 0.0608236 0.0606184 0.0592808 0.0571677 0.0545933 0.0518226 0.0490626 0.0464409 0.0439643 0.041471 0.0386254 0.0350181 0.0303736 0.0247671 0.0186908
 0.00614095 0.0100579 0.0152933 0.0218533 0.0295593 0.0379221 0.0461182 0.0531981 0.0584344 0.0615494 0.0626811 0.0621901 0.0604867 0.0579526 0.0549185 0.0516581 0.0483814 0.0452222 0.0422081 0.0392226 0.0360011 0.0322133 0.0276374 0.0223445 0.0167554
 0.00637654 0.0104469 0.01589 0.0227114 0.0307217 0.0394033 0.0478868 0.0551721 0.0604929 0.0635567 0.0645094 0.0637319 0.0616598 0.0586992 0.0552021 0.0514564 0.0476799 0.0440121 0.0404957 0.0370509 0.0334751 0.0295119 0.0249941 0.0199941 0.0148689
 0.00659782 0.0108093 0.0164406 0.0234966 0.0317787 0.0407472 0.0494958 0.0569805 0.0623984 0.0654378 0.0662441 0.0652116 0.0627973 0.0594314 0.0554886 0.0512747 0.0470193 0.0428714 0.0388887 0.0350227 0.0311239 0.0270005 0.022535 0.0178029 0.0131051
 0.00682791 0.0111841 0.0170056 0.0242943 0.03284 0.0420778 0.0510636 0.0587114 0.0641876 0.0671698 0.0678115 0.0665246 0.0637856 0.0600431 0.0556887 0.0510427 0.0463465 0.0417599 0.0373563 0.0331162 0.028936 0.0246796 0.0202717 0.01579 0.0114854
 0.00705249 0.0115539 0.0175707 0.0251028 0.0339273 0.0434497 0.0526797 0.0604817 0.0659875 0.0688667 0.0692894 0.0676974 0.0645983 0.0604669 0.0557126 0.0506669 0.0455766 0.040607 0.035843 0.0312893 0.0268816 0.0225307 0.0181963 0.013956 0.0100155
 0.00728473 0.0119348 0.0181497 0.0259273 0.0350322 0.0448412 0.0543189 0.0622789 0.067814 0.0705797 0.0707581 0.0688206 0.065313 0.060748 0.0555659 0.0501173 0.0446571 0.0393521 0.0342909 0.0294927 0.0249222 0.0205262 0.016291 0.0122915 0.00869193
 0.00744959 0.0122096 0.0185759 0.0265481 0.0358836 0.0459385 0.0556422 0.0637671 0.0693719 0.0720946 0.0721166 0.0699226 0.0660804 0.0611309 0.0555454 0.0497022 0.0438769 0.0382486 0.0329144 0.027905 0.0232049 0.0187857 0.0146507 0.0108683 0.00756645
 0.00750596 0.0123045 0.018726 0.0267735 0.0362077 0.0463851 0.0562302 0.0645041 0.0702473 0.0730751 0.0731452 0.0709221 0.0669633 0.0618119 0.0559541 0.0497924 0.0436307 0.0376762 0.0320506 0.026807 0.0219518 0.0174769 0.0133962 0.00976948 0.00669264
 0.00760393 0.0124498 0.0189191 0.0270073 0.0364714 0.0466707 0.0565379 0.0648428 0.0706316 0.0735192 0.0736549 0.0714868 0.0675502 0.0623666 0.0564076 0.0500743 0.0436834 0.0374663 0.0315763 0.0260996 0.0210738 0.0165151 0.0124487 0.00892648 0.00601629
 0.00764876 0.0125263 0.0190401 0.0271844 0.0367103 0.0469644 0.0568632 0.0651656 0.0709207 0.0737611 0.0738605 0.0716843 0.0677679 0.0626148 0.0566688 0.050304 0.0438218 0.0374556 0.0313777 0.0257066 0.0205167 0.0158563 0.0117687 0.00830365 0.00550754
 0.00769634 0.0125919 0.0191177 0.0272632 0.0367794 0.0470205 0.0569143 0.0652274 0.0710074 0.0738773 0.074 0.0718374 0.0679302 0.0627893 0.0568585 0.0505004 0.0439975 0.0375674 0.0313803 0.0255698 0.0202396 0.0154713 0.0113329 0.00788085 0.00514907
 0.00776992 0.0127066 0.0192803 0.0274742 0.0370307 0.047293 0.0571784 0.0654491 0.0711593 0.0739496 0.0740033 0.0717959 0.0678699 0.0627305 0.0568133 0.0504727 0.0439814 0.0375447 0.0313229 0.0254493 0.0200408 0.015202 0.0110237 0.00757444 0.00488416
 0.00782088 0.0127846 0.0193886 0.0276125 0.0371956 0.0474779 0.0573731 0.0656387 0.0713249 0.0740717 0.0740676 0.071799 0.0678216 0.0626503 0.0567233 0.05039 0.0439132 0.0374865 0.0312599 0.0253618 0.019913 0.0150309 0.010823 0.00736956 0.00470193
 0.0078545 0.0128394 0.019471 0.027728 0.0373462 0.04766 0.0575754 0.0658429 0.0715099 0.0742184 0.0741629 0.0718366 0.067802 0.0625804 0.0566164 0.0502634 0.0437834 0.0373639 0.0311455 0.0252483 0.0197902 0.0148933 0.0106742 0.00722219 0.00457158
 0.00787264 0.0128639 0.019499 0.0277546 0.0373671 0.0476745 0.0575886 0.0658643 0.0715486 0.0742782 0.0742396 0.0719194 0.0678769 0.0626355 0.0566443 0.0502632 0.0437596 0.0373239 0.0310952 0.0251896 0.0197218 0.0148135 0.0105853 0.00713162 0.00448916
 0.00788018 0.012874 0.0195102 0.0277635 0.0373692 0.047665 0.0575642 0.0658256 0.0715015 0.0742342 0.074213 0.0719215 0.0679117 0.0626968 0.0567187 0.0503355 0.0438178 0.0373617 0.0311117 0.0251865 0.0197012 0.0147779 0.0105387 0.00707995 0.0044397
 0.00788637 0.0128803 0.0195126 0.0277562 0.0373457 0.0476211 0.0575001 0.065746 0.071415 0.0741512 0.0741446 0.0718785 0.0679028 0.062726 0.0567831 0.0504248 0.0439172 0.037456 0.0311893 0.0252411 0.0197314 0.014786 0.0105294 0.00705978 0.0044155
 0.0079001 0.0128978 0.0195299 0.0277663 0.03734 0.047592 0.0574436 0.0656634 0.0713128 0.0740408 0.0740398 0.0717933 0.0678489 0.062711 0.056809 0.0504873 0.0440064 0.0375581 0.0312895 0.025327 0.0197956 0.0148263 0.0105484 0.00706298 0.00440955
 0.00787913 0.0128655 0.0194846 0.0277072 0.0372671 0.0475055 0.0573442 0.0655533 0.071197 0.0739273 0.0739394 0.0717179 0.0678092 0.0627139 0.0568564 0.0505755 0.0441266 0.0376975 0.031433 0.0254601 0.0199069 0.0149098 0.0106039 0.00709466 0.00442421
 0.00788392 0.012868 0.0194787 0.0276844 0.037219 0.0474282 0.0572407 0.0654336 0.0710743 0.0738138 0.0738435 0.0716448 0.0677625 0.0626972 0.056873 0.0506269 0.0442102 0.037806 0.0315554 0.0255831 0.0200181 0.0150002 0.0106696 0.00713703 0.00444806
 0.00787488 0.0128537 0.0194576 0.0276546 0.037178 0.0473722 0.0571661 0.0653385 0.0709616 0.0736924 0.0737274 0.071549 0.0676989 0.062672 0.0568869 0.0506769 0.0442913 0.0379114 0.0316759 0.0257077 0.0201351 0.0151 0.0107465 0.0071903 0.00448096
 0.007852 0.0128163 0.0194012 0.0275754 0.0370743 0.0472462 0.0570248 0.0651932 0.0708251 0.0735754 0.0736371 0.0714898 0.0676737 0.0626832 0.0569351 0.05076 0.044404 0.0380457 0.031822 0.0258547 0.0202722 0.015218 0.0108394 0.00725693 0.00452407
 0.00782694 0.0127739 0.0193342 0.0274767 0.0369384 0.0470729 0.0568218 0.064977 0.0706176 0.0733991 0.0735099 0.0714215 0.0676663 0.0627319 0.0570316 0.0508945 0.0445664 0.0382257 0.0320087 0.0260369 0.020439 0.0153604 0.010952 0.00733855 0.00457795
 0.00781198 0.0127463 0.0192867 0.0274004 0.0368249 0.0469177 0.0566276 0.0647551 0.0703868 0.0731826 0.0733305 0.0712986 0.0676118 0.0627491 0.0571151 0.0510325 0.0447439 0.0384267 0.0322181 0.0262408 0.0206252 0.0155194 0.0110781 0.00743066 0.00463945
 0.00776935 0.0126802 0.0191931 0.0272773 0.0366724 0.0467377 0.0564245 0.0645369 0.0701658 0.0729745 0.0731536 0.0711708 0.0675477 0.0627573 0.0571962 0.0511791 0.0449416 0.0386573 0.032462 0.0264796 0.0208433 0.0157051 0.0112251 0.0075381 0.00471141
 0.00771336 0.0125878 0.0190519 0.0270764 0.0364062 0.0464112 0.0560575 0.0641624 0.0698228 0.0726975 0.0729647 0.0710787 0.0675517 0.0628506 0.0573692 0.051419 0.0452323 0.0389792 0.0327934 0.0267988 0.0211313 0.0159481 0.0114158 0.00767647 0.00480363
 0.00767662 0.0125237 0.0189475 0.026917 0.0361789 0.0461105 0.0556913 0.0637543 0.0694097 0.0723224 0.0726682 0.070891 0.0674878 0.06291 0.0575384 0.0516768 0.0455544 0.0393401 0.0331675 0.0271616 0.0214608 0.0162276 0.0116361 0.00783693 0.00491087
 0.00767075 0.0125122 0.0189263 0.0268796 0.0361169 0.0460139 0.0555502 0.0635627 0.0691688 0.0720444 0.0723773 0.0706206 0.0672731 0.0627801 0.0575099 0.0517512 0.0457195 0.0395743 0.0334441 0.0274526 0.0217404 0.0164746 0.0118369 0.0079866 0.00501271
 0.00766444 0.0125047 0.0189196 0.026877 0.0361203 0.0460218 0.0555557 0.0635533 0.069129 0.071961 0.0722443 0.0704438 0.0670712 0.062582 0.0573483 0.0516538 0.0457021 0.0396376 0.033575 0.0276282 0.0219341 0.0166615 0.0119983 0.00811216 0.0051009
 0.00764931 0.0124831 0.0188929 0.0268486 0.0360953 0.0460057 0.0555525 0.0635636 0.0691487 0.0719799 0.072248 0.0704175 0.0670063 0.0624809 0.0572261 0.0515353 0.0456145 0.0396016 0.0335988 0.0277057 0.0220481 0.0167897 0.01212 0.00821311 0.00517506
 0.00760853 0.0124206 0.0188062 0.0267385 0.0359668 0.0458678 0.0554186 0.0634498 0.0690704 0.071947 0.0722606 0.0704656 0.0670719 0.062545 0.0572749 0.0515659 0.0456351 0.0396278 0.0336455 0.0277807 0.022148 0.0169024 0.0122298 0.00830683 0.00524567
 0.00758595 0.0123831 0.0187485 0.0266559 0.0358566 0.0457321 0.055266 0.0632956 0.0689336 0.0718457 0.0722074 0.0704644 0.0671177 0.0626247 0.0573713 0.0516629 0.045723 0.0397056 0.0337195 0.0278589 0.0222346 0.0169949 0.01232 0.00838551 0.0053066
 0.00757391 0.0123639 0.01872 0.0266161 0.0358034 0.0456636 0.0551814 0.0631966 0.0688254 0.0717378 0.0721127 0.0703964 0.0670867 0.0626346 0.0574181 0.0517361 0.0458094 0.0397943 0.0338049 0.0279404 0.022314 0.0170724 0.0123928 0.00844881 0.00535632
 0.0075789 0.0123702 0.0187262 0.0266195 0.0358008 0.045652 0.0551586 0.0631613 0.0687775 0.071678 0.0720437 0.0703237 0.0670191 0.0625825 0.0573901 0.0517361 0.0458354 0.0398396 0.0338612 0.0280012 0.0223752 0.0171316 0.0124475 0.0084962 0.0053939
 0.00755606 0.0123375 0.0186853 0.0265743 0.0357564 0.0456124 0.0551249 0.0631322 0.0687503 0.0716505 0.0720151 0.070295 0.0669926 0.0625619 0.0573803 0.0517418 0.0458596 0.0398819 0.0339176 0.0280656 0.0224413 0.0171941 0.0125028 0.00854186 0.00542871
 0.00752995 0.0122953 0.0186224 0.0264879 0.0356468 0.0454851 0.0549921 0.0630105 0.0686561 0.0715943 0.0719984 0.0703115 0.0670323 0.0626155 0.0574418 0.051809 0.0459325 0.0399609 0.0340019 0.0281521 0.0225253 0.0172708 0.012568 0.00859339 0.00546631
 0.00752576 0.0122859 0.0186034 0.0264535 0.0355911 0.0454048 0.0548882 0.0628903 0.0685325 0.071483 0.0719144 0.0702649 0.0670259 0.0626447 0.0574976 0.0518814 0.0460137 0.0400461 0.0340884 0.0282376 0.0226069 0.0173446 0.0126307 0.00864271 0.00550202
 0.00752064 0.012279 0.0185954 0.0264453 0.0355827 0.0453939 0.05487 0.0628585 0.0684821 0.0714139 0.0718331 0.0701834 0.0669582 0.0626022 0.0574857 0.0518989 0.0460547 0.0401028 0.0341537 0.0283058 0.0226735 0.0174059 0.0126834 0.00868466 0.00553266
 0.00751041 0.0122629 0.0185724 0.026415 0.0355461 0.0453531 0.0548287 0.0628203 0.0684491 0.0713854 0.071806 0.0701547 0.0669281 0.0625752 0.0574693 0.0519 0.0460766 0.0401441 0.0342092 0.0283689 0.0227376 0.0174654 0.0127345 0.00872509 0.00556199
 0.00749348 0.0122376 0.0185385 0.0263739 0.0354999 0.0453049 0.0547814 0.062777 0.0684128 0.0713587 0.0717898 0.070148 0.066928 0.062579 0.057476 0.0519114 0.0460962 0.040175 0.0342518 0.0284204 0.022793 0.0175191 0.0127817 0.00876283 0.00558946
 0.0074996 0.0122442 0.0185423 0.02637 0.0354838 0.0452743 0.0547383 0.0627274 0.0683646 0.0713183 0.0717609 0.0701308 0.0669209 0.0625792 0.057481 0.05192 0.0461086 0.0401929 0.0342769 0.0284529 0.0228308 0.0175584 0.0128183 0.00879337 0.00561234
 0.0074996 0.0122442 0.0185423 0.02637 0.0354838 0.0452743 0.0547383 0.0627274 0.0683646 0.0713183 0.0717609 0.0701308 0.0669209 0.0625792 0.057481 0.05192 0.0461086 0.0401929 0.0342769 0.0284529 0.0228308 0.0175584 0.0128183 0.00879337 0.00561234
 0.00713651 0.0116706 0.0177123 0.0252583 0.0340976 0.0436683 0.0530266 0.0610785 0.0669712 0.0703503 0.0713242 0.0702489 0.0675405 0.0635924 0.058754 0.0533189 0.0475191 0.0415288 0.0354809 0.0294914 0.0236885 0.0182339 0.0133218 0.00914532 0.00584087
 0.00695117 0.0113333 0.0171398 0.0243551 0.0327839 0.0419221 0.0509211 0.0587901 0.0647475 0.0684537 0.0699757 0.069591 0.0676209 0.064365 0.0600946 0.0550537 0.0494583 0.0434973 0.0373382 0.0311397 0.0250713 0.0193302 0.0141399 0.0097162 0.00621039
 0.00695298 0.0113265 0.017108 0.024267 0.0325884 0.0415477 0.0502863 0.057829 0.0634471 0.0668868 0.0683085 0.0680525 0.0664454 0.0637311 0.060084 0.0556402 0.0505259 0.0448754 0.0388426 0.032607 0.0263803 0.0204096 0.0149652 0.0103005 0.0065918
 0.00693335 0.0113077 0.0171027 0.0242921 0.0326556 0.0416498 0.0503841 0.0578484 0.0632911 0.0664634 0.0675687 0.0670251 0.0652516 0.0625649 0.0591608 0.0551331 0.0505151 0.0453328 0.0396516 0.0336049 0.0274048 0.0213338 0.0157141 0.0108509 0.00695966
 0.00687508 0.0112213 0.0169892 0.0241602 0.032522 0.0415369 0.0503155 0.057838 0.0633298 0.0665078 0.0675429 0.0668434 0.0648566 0.0619665 0.0584519 0.0544701 0.0500659 0.0452158 0.0398953 0.0341447 0.0281148 0.0220745 0.016374 0.0113677 0.00732018
 0.00693693 0.0113203 0.0171348 0.0243595 0.0327772 0.0418429 0.050657 0.0581904 0.0636619 0.0667847 0.0677259 0.0668879 0.064715 0.0616034 0.0578694 0.053729 0.0492853 0.0445422 0.0394515 0.0339865 0.0282163 0.022349 0.0167151 0.0116877 0.00756994
 0.00695458 0.0113634 0.0172259 0.0245274 0.0330487 0.0422298 0.0511454 0.0587391 0.0642115 0.0672732 0.068101 0.0671108 0.0647581 0.0614473 0.0575061 0.0531736 0.0485907 0.0438018 0.0387806 0.0334854 0.0279349 0.0222735 0.0167839 0.0118234 0.00770982
 0.0069583 0.0113711 0.0172417 0.0245591 0.0331095 0.0423392 0.0513263 0.0590102 0.0645762 0.0677102 0.068563 0.0675342 0.0650785 0.0616127 0.0574846 0.0529573 0.048199 0.0432862 0.0382212 0.0329739 0.0275465 0.0220425 0.0166969 0.0118349 0.00776679
 0.00694229 0.0113483 0.0172136 0.0245294 0.0330842 0.0423262 0.0513359 0.0590555 0.0646735 0.0678749 0.068802 0.0678368 0.0654116 0.0619241 0.0577152 0.0530572 0.0481423 0.0430798 0.0379065 0.032617 0.027219 0.0217978 0.0165548 0.0117817 0.00777023
 0.00689008 0.011263 0.0170849 0.0243491 0.0328501 0.0420465 0.0510334 0.058767 0.0644424 0.0677418 0.068796 0.0679697 0.065675 0.0622879 0.058129 0.0534577 0.0484681 0.0432883 0.0379871 0.0325931 0.0271374 0.0217089 0.0164938 0.0117602 0.00777975
 0.00681802 0.0111455 0.0169076 0.0240992 0.0325194 0.041637 0.0505628 0.0582709 0.0639708 0.0673505 0.0685364 0.0678798 0.0657722 0.0625652 0.0585541 0.0539762 0.049012 0.0437903 0.0383965 0.0328881 0.0273266 0.0218216 0.0165638 0.0118118 0.00782379
 0.00685325 0.0111929 0.0169605 0.0241436 0.0325365 0.0416072 0.0504697 0.0581058 0.0637356 0.0670606 0.0682214 0.0675815 0.0655377 0.062436 0.0585548 0.0541065 0.0492445 0.0440774 0.0386837 0.0331311 0.0275031 0.0219331 0.0166274 0.0118482 0.00784788
 0.00684707 0.0111915 0.0169735 0.0241835 0.0326124 0.0417169 0.0505944 0.0582115 0.0637839 0.067022 0.0680866 0.0673651 0.0652744 0.0621733 0.0583415 0.0539807 0.0492233 0.0441514 0.0388217 0.0332913 0.0276488 0.0220435 0.0166994 0.0118903 0.00787165
 0.00686346 0.0112168 0.0170097 0.0242327 0.0326783 0.0418051 0.0507105 0.058356 0.0639458 0.0671757 0.0681954 0.0673932 0.0652021 0.0620065 0.0581124 0.0537373 0.0490137 0.0440088 0.038755 0.0332871 0.0276806 0.022085 0.0167337 0.011912 0.007883
 0.00687521 0.0112365 0.0170401 0.0242768 0.032738 0.0418805 0.0507996 0.0584556 0.0640521 0.0672845 0.0682996 0.0674789 0.0652488 0.0619933 0.0580286 0.0535913 0.0488328 0.04383 0.0386106 0.0331932 0.0276349 0.0220727 0.0167377 0.0119197 0.00788881
 0.00688658 0.0112561 0.0170717 0.0243245 0.0328053 0.0419687 0.0509065 0.0585747 0.0641743 0.0674001 0.0684001 0.0675576 0.0652992 0.0620073 0.0579971 0.0535083 0.0487024 0.0436687 0.038444 0.0330468 0.0275243 0.0220008 0.0166968 0.0118991 0.00787893
