SBPRF35
7.78865
Curr Bio
581674
B35
660376
F35
0.226648
FOFL
0.188641
OFL
79837.4
Bzero
2.22533e+006
#pred survey bio
 3.572e+006 3.1987e+006 2.84877e+006 2.50827e+006 2.20923e+006 1.91102e+006 1.68748e+006 1.47117e+006 1.28579e+006 1.15719e+006 1.01771e+006 904332 817881 767200 725174 687987 659576 629326 605858 588631 567209 564601 556476 549265 543641 543029 545313 554504 552538 554248 555057 546711 543042 532444 526219 524143 529144 524115 525346 531502 545452 542895 541504 549800 557379 566904 579716 1.93598e+007 1.1942e+007 1.2415e+007 1.31436e+007 1.3975e+007 1.47631e+007 1.5437e+007 1.59774e+007 1.63927e+007 1.67032e+007 1.69313e+007 1.70971e+007 1.72172e+007 1.7304e+007 1.7367e+007 1.74129e+007 1.74466e+007 1.74714e+007 1.74898e+007 1.75036e+007 1.75139e+007 1.75217e+007 1.75276e+007 1.75321e+007 1.75355e+007 1.75381e+007 1.75402e+007 1.75417e+007 1.75429e+007 1.75438e+007 1.75445e+007 1.7545e+007 1.75455e+007 1.75458e+007 1.7546e+007 1.75462e+007 1.75464e+007 1.75465e+007 1.75466e+007 1.75467e+007 1.75467e+007 1.75467e+007 1.75468e+007 1.75468e+007 1.75468e+007 1.75468e+007 1.75469e+007 1.75469e+007 1.75469e+007 1.75469e+007 1.75469e+007 1.75469e+007 1.75469e+007 1.75469e+007 1.75469e+007 1.75469e+007 1.75469e+007 1.75469e+007 1.75469e+007 1.75469e+007 1.75469e+007 1.75469e+007 1.75469e+007 1.75469e+007 1.75469e+007 1.75469e+007 1.75469e+007 1.75469e+007 1.75469e+007 1.75469e+007 1.75469e+007 1.75469e+007 1.75469e+007 1.75469e+007 1.75469e+007 1.75469e+007 1.75469e+007 1.75469e+007 1.75469e+007 1.75469e+007 1.75469e+007 1.75469e+007 1.75469e+007 1.75469e+007 1.75469e+007 1.75469e+007 1.75469e+007 1.75469e+007 1.75469e+007 1.75469e+007 1.75469e+007 1.75469e+007 1.75469e+007 1.75469e+007 1.75469e+007 1.75469e+007 1.75469e+007 1.75469e+007 1.75469e+007 1.75469e+007 0 0 0 0 0 0 0 0 0 0 0 0 0 0 0 0 0 0 0 0 0 0 0 0 0
#obs survey bio
 2.67988e+006 3.4828e+006 1.68731e+006 2.20586e+006 1.84668e+006 1.82706e+006 1.24064e+006 1.23407e+006 935232 990015 1.12697e+006 621824 667020 659017 642543 684066 902070 536518 492776 525274 574566 627660 392941 424486 441464 541990 559676 341602 638894 513725 527450 622748 641451 730300 655107 503320 707907 483117 434651 466781 570213 461319 419646 536899 702875 607599 525776
#pred catch bio
 250235 266135 295645 291777 319666 275310 286225 271993 231794 247072 226417 203751 172716 162917 153820 140444 136714 127280 119528 120605 102248 104709 101994 99274.2 94401.4 92022.1 86809.7 96188.4 91315.1 89130.1 93001.1 86767.6 93829.1 92253.6 90075 85037 93945.3 89144.1 86747 82588.6 97902 97119.4 89431.7 90847.8 90618.8 90829.3 125870 79837.4 96380.9 99147.2 103862 109827 115594 120447 124216 126991 128957 130309 131220 131822 132215 132469 132632 132735 132800 132842 132867 132884 132894 132900 132904 132906 132908 132909 132909 132910 132910 132910 132910 132910 132910 132910 132910 132910 132910 132910 132910 132910 132910 132910 132910 132910 132910 132910 132910 132910 132910 132910 132910 132910 132910 132910 132910 132910 132910 132910 132910 132910 132910 132910 132910 132910 132910 132910 132910 132910 132910 132910 132910 132910 132910 132910 132910 132910 132910 132910 132910 132910 132910 132910 132910 132910 132910 132910 132910 132910 132910 132910 132910 132910 132910 132910 132910 132910 132910 132910 132910 0 0 0 0 0 0 0 0 0 0 0 0 0 0 0 0 0 0 0 0 0 0 0 0 0
#obs catch bio
 224223 266586 297617 293812 324150 278404 290641 276266 235995 252639 230958 208520 176743 166776 156589 141940 136686 128113 120588 122040 103351 105030 102618 99761 94912.2 92589 87237.3 97577.9 92250 89850.1 93538.7 86846 93583.8 91413.5 88929.2 84212.3 93152.9 88447.5 86288.3 82498.2 97872.2 97220.2 89443 90758.2 90154.4 90056 126233
#pred cpue bio
 3.50763e+006 3.13601e+006 2.78754e+006 2.4483e+006 2.15112e+006 1.85541e+006 1.63374e+006 1.41961e+006 1.23607e+006 1.10865e+006 971404 860048 775197 725757 685633 650707 624305 595604 572967 556380 535896 533902 526548 519773 514427 513837 515995 524846 523155 525490 527270 520073 516430 505015 498167 496045 500942 496075 497025 502496 515653 513102 511728 519776 527116 536017 547638 1.82451e+007 1.12576e+007 1.16658e+007 1.23084e+007 1.31079e+007 1.38887e+007 1.45612e+007 1.51014e+007 1.55167e+007 1.58271e+007 1.60552e+007 1.6221e+007 1.63411e+007 1.64279e+007 1.6491e+007 1.65369e+007 1.65705e+007 1.65953e+007 1.66137e+007 1.66275e+007 1.66378e+007 1.66456e+007 1.66515e+007 1.6656e+007 1.66595e+007 1.66621e+007 1.66641e+007 1.66656e+007 1.66668e+007 1.66677e+007 1.66684e+007 1.6669e+007 1.66694e+007 1.66697e+007 1.667e+007 1.66702e+007 1.66703e+007 1.66704e+007 1.66705e+007 1.66706e+007 1.66706e+007 1.66707e+007 1.66707e+007 1.66707e+007 1.66708e+007 1.66708e+007 1.66708e+007 1.66708e+007 1.66708e+007 1.66708e+007 1.66708e+007 1.66708e+007 1.66708e+007 1.66708e+007 1.66708e+007 1.66708e+007 1.66708e+007 1.66708e+007 1.66708e+007 1.66708e+007 1.66708e+007 1.66708e+007 1.66708e+007 1.66708e+007 1.66708e+007 1.66708e+007 1.66708e+007 1.66708e+007 1.66708e+007 1.66708e+007 1.66708e+007 1.66708e+007 1.66708e+007 1.66708e+007 1.66708e+007 1.66708e+007 1.66708e+007 1.66708e+007 1.66708e+007 1.66708e+007 1.66708e+007 1.66708e+007 1.66708e+007 1.66708e+007 1.66708e+007 1.66708e+007 1.66708e+007 1.66708e+007 1.66708e+007 1.66708e+007 1.66708e+007 1.66708e+007 1.66708e+007 1.66708e+007 1.66708e+007 1.66708e+007 1.66708e+007 1.66708e+007 1.66708e+007 1.66708e+007 0 0 0 0 0 0 0 0 0 0 0 0 0 0 0 0 0 0 0 0 0 0 0 0 0
#obs cpue bio
 2.73691e+006 2.68974e+006 2.94056e+006 2.17316e+006 1.7766e+006 1.52188e+006 1.83404e+006 1.45473e+006 883203 1.09785e+006 727303 761910 563794 617600 810977 758390 858266 414427 511875 510786 362986 852767 538121 674186 534353 452291 433741 454668 458931 566285 694450 549842 693380 633921 628432 441573 435139 539773 560025 368708 594841 522893 633013 625761 598738 576915 377929
#pred surv len freq
 0.00520701 0.00837914 0.0124755 0.0174442 0.0231687 0.029402 0.0357187 0.0415886 0.0465554 0.0503794 0.0530497 0.0547056 0.0555515 0.0557999 0.0556307 0.0551664 0.0544686 0.0535437 0.0523264 0.0506328 0.048127 0.0443856 0.039107 0.0323788 0.0248077
 0.00567478 0.00906555 0.0133774 0.018528 0.0244018 0.0307913 0.0373209 0.0434716 0.0487224 0.0527037 0.0552692 0.0564931 0.0566266 0.0560231 0.0550364 0.0539275 0.0528181 0.0516889 0.0503911 0.0486494 0.0460801 0.0422809 0.0370201 0.0304502 0.0231879
 0.00591112 0.00949206 0.0140929 0.0196387 0.0259839 0.0328419 0.039729 0.0460413 0.0512457 0.0550323 0.0573294 0.058233 0.0579502 0.0567768 0.0550644 0.0531545 0.0512957 0.0495767 0.0478909 0.0459413 0.0432993 0.0395392 0.0344393 0.0281694 0.0213307
 0.00619135 0.00992976 0.0147238 0.0204986 0.027119 0.0343137 0.0415991 0.0483307 0.0538876 0.0578499 0.0600658 0.0606227 0.0597867 0.0579336 0.055471 0.0527695 0.0501106 0.0476435 0.0453384 0.0429606 0.04011 0.0363621 0.0314815 0.0256093 0.0192911
 0.00644574 0.0103421 0.0153418 0.0213649 0.0282639 0.035745 0.0432957 0.0502472 0.0559678 0.0600352 0.0622824 0.0627577 0.0616775 0.0593892 0.0563144 0.0528733 0.0494123 0.0461485 0.0431241 0.0401796 0.0369828 0.0331514 0.0284532 0.0229873 0.0172171
 0.00678461 0.0108796 0.0161265 0.022436 0.0296468 0.0374443 0.0452822 0.0524485 0.0582713 0.062306 0.0643894 0.0645923 0.0631566 0.0604407 0.0568602 0.0528251 0.0486881 0.0447018 0.0409733 0.0374292 0.0338277 0.0298577 0.0253132 0.0202574 0.0150613
 0.00708335 0.0113494 0.016805 0.0233497 0.0308101 0.0388561 0.0469201 0.0542629 0.060186 0.0642253 0.0662081 0.0662064 0.0644732 0.0613845 0.057371 0.0528488 0.0481695 0.0435921 0.0392559 0.0351534 0.0311333 0.0269708 0.0225065 0.0177848 0.0130938
 0.00746495 0.011953 0.017682 0.0245362 0.0323201 0.0406721 0.0489814 0.0564626 0.0623836 0.0662726 0.0679745 0.067594 0.0654203 0.0618614 0.0573708 0.0523747 0.0472237 0.0421716 0.037365 0.0328314 0.0284853 0.0241795 0.0198073 0.015409 0.0112027
 0.00779559 0.0124862 0.0184764 0.0256438 0.0337762 0.04248 0.0510938 0.0587728 0.064735 0.0684842 0.0698722 0.0690379 0.066322 0.0621885 0.0571389 0.0516288 0.0460171 0.040552 0.0353751 0.0305266 0.0259596 0.0215818 0.0173296 0.0132426 0.00948325
 0.00792933 0.0127131 0.0188367 0.0261843 0.034545 0.0435146 0.0524068 0.0603387 0.0664847 0.0703084 0.0716321 0.0705835 0.0675154 0.062927 0.0573683 0.0513439 0.0452499 0.0393558 0.0338133 0.028674 0.0239141 0.0194748 0.015319 0.011483 0.00808429
 0.0082372 0.0131932 0.019522 0.0270942 0.0356852 0.0448765 0.0539617 0.0620315 0.0682317 0.0720029 0.0731557 0.0718202 0.0683659 0.0633207 0.0572717 0.0507619 0.044221 0.0379431 0.0320956 0.0267422 0.0218739 0.0174493 0.0134417 0.00987524 0.00682577
 0.00852727 0.0136524 0.0201896 0.0279971 0.036832 0.046249 0.0555069 0.0636607 0.0698339 0.073466 0.0743844 0.0727431 0.0689337 0.0635029 0.0570549 0.0501515 0.0432428 0.0366433 0.0305397 0.0250134 0.0200717 0.0156858 0.011831 0.00851438 0.00577245
 0.00861339 0.013814 0.0204728 0.0284584 0.0375256 0.0472057 0.0567132 0.065051 0.0712997 0.0748783 0.0756192 0.0737007 0.0695503 0.0637514 0.056938 0.049691 0.0424718 0.0356038 0.0292851 0.0236119 0.0186074 0.0142547 0.0105294 0.00742117 0.00493186
 0.0084571 0.0135858 0.0201798 0.0281307 0.0372163 0.0469872 0.056668 0.0652558 0.0718025 0.0756752 0.0766442 0.0748373 0.0706601 0.0647062 0.0576429 0.0500921 0.0425528 0.0353784 0.0287903 0.0229049 0.0177633 0.013361 0.00967517 0.00668107 0.00435173
 0.00831685 0.0133659 0.0198653 0.0277166 0.0367136 0.046429 0.0561156 0.0647969 0.0715367 0.0756891 0.0769849 0.0754938 0.0715604 0.0657315 0.0586546 0.0509625 0.0431889 0.0357321 0.0288577 0.0227191 0.0173855 0.0128696 0.00915306 0.00620032 0.00396068
 0.00828457 0.0133018 0.0197474 0.0275176 0.0364078 0.046004 0.0555848 0.0642052 0.070958 0.075215 0.0767073 0.0754843 0.07185 0.0662975 0.0594199 0.0518118 0.0439959 0.0363891 0.0292965 0.0229194 0.0173714 0.0126975 0.00889415 0.0059231 0.00371611
 0.0084621 0.0135421 0.020019 0.0277588 0.0365406 0.0459587 0.0553225 0.0637301 0.0703167 0.074489 0.0760003 0.0749061 0.0714953 0.0662241 0.059634 0.0522641 0.0445925 0.0370153 0.0298456 0.0233177 0.0175908 0.0127539 0.0088337 0.00580237 0.00358444
 0.0086364 0.0138217 0.0204295 0.0283123 0.0372222 0.0467119 0.0560423 0.0642788 0.0705637 0.0743595 0.0755062 0.0741428 0.0706097 0.0653721 0.058942 0.0518049 0.0443766 0.0369972 0.0299451 0.0234481 0.0176854 0.0127807 0.00879491 0.00572249 0.00349349
 0.00870103 0.013929 0.0205958 0.0285557 0.0375606 0.0471563 0.0565867 0.0648875 0.0711646 0.0748501 0.0757778 0.0741177 0.0702752 0.0647913 0.0582346 0.0511066 0.0437966 0.0365911 0.0297106 0.0233409 0.0176453 0.0127569 0.00875983 0.00567176 0.00343659
 0.00865157 0.0138617 0.0205191 0.0284875 0.0375253 0.0471802 0.0566921 0.0650884 0.0714616 0.0752235 0.0761824 0.0744844 0.0705262 0.0648662 0.0581165 0.0508321 0.0434426 0.0362435 0.0294328 0.0231566 0.0175423 0.0127044 0.00872815 0.00564348 0.00340736
 0.00859379 0.0137795 0.0204177 0.0283808 0.0374342 0.0471284 0.0567021 0.0651772 0.0716372 0.0754808 0.0765007 0.0748275 0.0708457 0.0651091 0.0582378 0.0508106 0.0432905 0.0360051 0.0291679 0.0229178 0.0173589 0.0125799 0.00864937 0.00559358 0.00337387
 0.00859974 0.0137546 0.0203181 0.0281481 0.037016 0.0465077 0.0559212 0.0643389 0.0708785 0.0749326 0.0762522 0.0749078 0.0712231 0.065704 0.0589437 0.051519 0.0439151 0.0364977 0.029521 0.0231541 0.0175126 0.0126808 0.00871675 0.00563723 0.00339951
 0.00864807 0.0138353 0.0204401 0.0283131 0.0372075 0.0466821 0.0560076 0.0642592 0.070584 0.0744389 0.0756478 0.074326 0.0707921 0.0655018 0.0589793 0.0517412 0.0442403 0.0368415 0.0298218 0.0233826 0.017668 0.0127783 0.0087748 0.00567071 0.00341798
 0.00870359 0.0139165 0.0205463 0.0284392 0.037347 0.0468293 0.0561561 0.0643942 0.0706746 0.0744399 0.075517 0.0740514 0.0704112 0.0650959 0.0586424 0.051541 0.0441948 0.0369206 0.0299694 0.0235435 0.0178053 0.0128777 0.0088383 0.00570739 0.00343747
 0.00878414 0.0140355 0.020703 0.028624 0.0375439 0.0470192 0.0563208 0.0645191 0.0707502 0.0744604 0.0754767 0.0739425 0.0702274 0.0648435 0.0583495 0.0512558 0.0439686 0.0367857 0.0299276 0.0235701 0.0178651 0.0129411 0.00888882 0.00574079 0.00345655
 0.00882118 0.0140925 0.0207823 0.028725 0.0376615 0.0471435 0.0564376 0.0646117 0.070804 0.0744679 0.0754398 0.0738695 0.0701273 0.064722 0.0582105 0.0511075 0.0438272 0.0366731 0.0298611 0.0235537 0.0178878 0.0129836 0.00893326 0.00577637 0.00348019
 0.00885767 0.0141447 0.0208478 0.0287971 0.0377315 0.0472038 0.0564836 0.064642 0.0708185 0.0744659 0.0754202 0.073832 0.0700739 0.0646565 0.0581372 0.0510304 0.0437514 0.0366059 0.0298116 0.023529 0.0178887 0.0130036 0.00896183 0.00580393 0.00350127
 0.00859602 0.0137729 0.0203871 0.0283001 0.0372666 0.0468298 0.0562312 0.0645116 0.0707924 0.0745244 0.0755492 0.0740224 0.0703156 0.0649346 0.0584325 0.0513224 0.0440231 0.0368466 0.0300176 0.0237017 0.0180317 0.01312 0.009053 0.00587098 0.00354655
 0.00836462 0.01342 0.0199018 0.0276946 0.0365804 0.0461313 0.0556122 0.0640703 0.0706034 0.0746093 0.0758674 0.0744902 0.0708418 0.0654495 0.0588984 0.051727 0.044367 0.0371346 0.0302549 0.0238939 0.0181843 0.0132383 0.00914174 0.00593435 0.00358884
 0.00810072 0.0130089 0.0193175 0.0269271 0.0356406 0.0450568 0.0544753 0.0629794 0.0696915 0.0740058 0.0756637 0.0747121 0.0714405 0.0663179 0.0599045 0.0527501 0.0453201 0.037969 0.0309519 0.0244535 0.0186168 0.0135589 0.00936831 0.00608569 0.00368345
 0.00797815 0.0127968 0.0189748 0.026409 0.0349102 0.0441034 0.0533322 0.0617308 0.0684621 0.072939 0.0748951 0.0743451 0.0715258 0.0668397 0.0607815 0.0538545 0.0465099 0.0391199 0.0319772 0.0253075 0.0192878 0.0140578 0.00971874 0.00631703 0.00382595
 0.00854962 0.0135945 0.0199306 0.0273732 0.0356871 0.0445134 0.0532658 0.0611715 0.0674785 0.0716617 0.0734923 0.0729972 0.0703972 0.066052 0.0603922 0.0538506 0.0468172 0.0396274 0.0325677 0.025884 0.0197871 0.0144513 0.0100042 0.00650868 0.00394492
 0.00897573 0.0142801 0.0209411 0.0287427 0.0373854 0.0464094 0.0551112 0.0626383 0.0682551 0.0715672 0.0725438 0.0713946 0.0684438 0.0640599 0.0586131 0.0524419 0.0458373 0.039051 0.0323129 0.0258453 0.0198644 0.014569 0.0101168 0.00659602 0.00400374
 0.00888483 0.0142167 0.0210028 0.029075 0.0381471 0.0477102 0.0569487 0.0648608 0.0705702 0.0735973 0.073919 0.0718577 0.067931 0.0627172 0.0567391 0.0503861 0.0439019 0.0374321 0.0310893 0.0250018 0.0193311 0.0142579 0.00994835 0.00651075 0.00396314
 0.00880843 0.0140823 0.0207884 0.0287719 0.0377839 0.0473795 0.0568126 0.0651138 0.0713577 0.0749261 0.0756116 0.0735873 0.0693263 0.0634899 0.0567764 0.04977 0.0428564 0.036229 0.0299596 0.0240858 0.018673 0.0138334 0.00970014 0.00637837 0.00389834
 0.00878984 0.0140472 0.0207254 0.0286642 0.0376111 0.0471245 0.0564763 0.0647361 0.0710328 0.0747937 0.0758115 0.0741873 0.070263 0.0645656 0.0577273 0.0503717 0.0430097 0.0359813 0.0294607 0.0235108 0.0181577 0.0134457 0.00944765 0.00623383 0.003825
 0.00874248 0.0139712 0.0206125 0.0285068 0.0374026 0.0468607 0.0561576 0.0643713 0.0706446 0.0744265 0.0755364 0.0740947 0.0704334 0.0650258 0.0584156 0.0511434 0.0436887 0.0364331 0.0296417 0.0234693 0.0179919 0.0132517 0.00928651 0.00612634 0.00376511
 0.00893434 0.0142497 0.0209695 0.0289122 0.0378117 0.0472258 0.0564381 0.0645366 0.0706744 0.0743123 0.0752874 0.0737456 0.070047 0.0646821 0.0581851 0.0510552 0.0437132 0.0364952 0.0296612 0.0234009 0.0178414 0.0130611 0.00910432 0.0059842 0.00367141
 0.00910405 0.0145098 0.02133 0.0293682 0.0383402 0.0477845 0.0569664 0.0649638 0.0709361 0.0743693 0.0751375 0.0734211 0.0696036 0.0641869 0.0577064 0.0506499 0.043413 0.0362969 0.0295306 0.0232932 0.017725 0.0129301 0.00897284 0.00587151 0.00358908
 0.00905074 0.0144526 0.021298 0.0294056 0.0384935 0.0480818 0.0573994 0.0654831 0.0714626 0.0748163 0.0754329 0.0735244 0.0695129 0.0639358 0.0573525 0.0502597 0.0430453 0.0359898 0.0292956 0.0231188 0.0175895 0.0128154 0.0088721 0.00578697 0.00352502
 0.00888527 0.0141991 0.0209476 0.0289667 0.0379961 0.0475811 0.0569729 0.0652168 0.0714239 0.0750253 0.0758493 0.0740596 0.0700616 0.0644103 0.0577045 0.0504831 0.0431652 0.0360445 0.0293192 0.0231316 0.0175973 0.0128162 0.00886387 0.00577161 0.00350739
 0.00888464 0.0141991 0.0209493 0.0289709 0.0380032 0.0475902 0.0569838 0.065233 0.0714565 0.0750921 0.0759666 0.0742297 0.0702634 0.0646022 0.0578389 0.050527 0.0431126 0.035916 0.0291504 0.0229579 0.0174432 0.0126923 0.00877064 0.00570477 0.00346175
 0.00890967 0.0142335 0.0209893 0.0290097 0.0380326 0.0476044 0.0569818 0.0652187 0.0714372 0.0750765 0.0759647 0.0742516 0.0703166 0.064685 0.0579367 0.0506141 0.0431624 0.0359127 0.0290956 0.0228683 0.017341 0.0125965 0.00869227 0.00564686 0.00342245
 0.0088895 0.0141962 0.0209249 0.0289059 0.0378784 0.0473946 0.0567225 0.0649298 0.0711509 0.0748316 0.0757983 0.0741909 0.070373 0.0648517 0.0581897 0.0509169 0.0434728 0.0361919 0.0293169 0.0230218 0.0174328 0.0126421 0.00870908 0.00564896 0.00341888
 0.0090769 0.0144582 0.0212399 0.0292262 0.038142 0.0475454 0.0567278 0.064787 0.0708831 0.0744798 0.0754125 0.0738233 0.0700696 0.0646447 0.0580923 0.0509216 0.0435551 0.0363173 0.0294505 0.0231366 0.0175151 0.0126908 0.00873153 0.00565525 0.0034176
 0.00931473 0.0148195 0.0217343 0.0298399 0.0388345 0.0482497 0.0573541 0.0652368 0.0710747 0.0743762 0.0750366 0.0732495 0.0693982 0.0639733 0.0574958 0.0504436 0.0432086 0.0360906 0.0293166 0.0230635 0.0174748 0.0126646 0.00871036 0.00563688 0.00340268
 0.00903401 0.0144545 0.0213531 0.0295599 0.0387872 0.0485248 0.0579538 0.0660658 0.0719721 0.075168 0.075586 0.0734868 0.0693283 0.0636624 0.0570438 0.0499531 0.0427594 0.0357285 0.0290541 0.0228896 0.0173671 0.0125998 0.00867067 0.00561144 0.00338592
#obs surv len freq
 0.0049718 0.00814423 0.0123886 0.0177184 0.0240066 0.0308862 0.0377294 0.0438113 0.0485809 0.0518386 0.0537056 0.0544705 0.0544552 0.0539578 0.0532374 0.0525056 0.0519048 0.0514682 0.0510566 0.0503012 0.0486201 0.045383 0.0402132 0.0332798 0.0253648
 0.0051919 0.00850288 0.0129302 0.0184853 0.0250321 0.0321823 0.0392742 0.0455422 0.0504021 0.0536361 0.0553639 0.0558824 0.0555278 0.0546145 0.0534211 0.0521815 0.0510655 0.0501389 0.0493008 0.0482233 0.0463638 0.0431203 0.0381205 0.0315043 0.0239923
 0.00541866 0.00887683 0.0135028 0.0193076 0.0261447 0.0335994 0.0409677 0.0474371 0.0523879 0.0555891 0.057166 0.0574307 0.0567346 0.0554055 0.0537341 0.0519679 0.0502958 0.0488124 0.0474579 0.045959 0.0438321 0.0405239 0.0356794 0.029409 0.0223597
 0.00566268 0.00927353 0.0141002 0.0201514 0.027271 0.0350224 0.0426657 0.0493456 0.0544061 0.0575965 0.0590406 0.0590615 0.0580281 0.0562859 0.0541403 0.0518503 0.0496163 0.0475527 0.0456368 0.0436523 0.0411878 0.0377558 0.0330341 0.0271102 0.0205523
 0.00588849 0.00964865 0.0146794 0.0209905 0.0284148 0.0364868 0.0444207 0.0513109 0.0564649 0.0596208 0.0609118 0.0606799 0.0593117 0.0571673 0.054563 0.0517659 0.0489846 0.0463481 0.0438638 0.0413694 0.0385283 0.0349301 0.0302982 0.0247065 0.0186455
 0.00612927 0.0100391 0.0152657 0.0218162 0.0295147 0.0378755 0.0460789 0.053178 0.0584435 0.0615919 0.0627529 0.06228 0.0605805 0.0580365 0.0549827 0.0516972 0.0483944 0.0452117 0.0421794 0.0391825 0.0359563 0.0321694 0.0275986 0.0223131 0.0167322
 0.0063789 0.0104482 0.0158872 0.0227003 0.0306978 0.0393639 0.0478332 0.0551105 0.0604339 0.0635131 0.0644924 0.063748 0.0617077 0.0587701 0.0552825 0.051532 0.0477397 0.0440502 0.0405115 0.0370482 0.0334598 0.0294904 0.0249719 0.0199746 0.014854
 0.00662432 0.0108522 0.0165043 0.0235839 0.0318893 0.040875 0.0496277 0.0570982 0.0624837 0.0654788 0.0662397 0.0651716 0.0627373 0.0593669 0.0554293 0.0512229 0.046971 0.04282 0.0388292 0.0349537 0.0310483 0.0269242 0.0224646 0.0177437 0.0130601
 0.00683293 0.0111942 0.0170247 0.0243271 0.0328915 0.0421514 0.0511584 0.0588213 0.064301 0.0672717 0.0678867 0.0665625 0.0637834 0.0600068 0.0556302 0.0509749 0.0462781 0.0416939 0.0372914 0.0330499 0.0288677 0.0246117 0.0202085 0.0157362 0.0114439
 0.00706027 0.0115667 0.0175903 0.0251312 0.0339668 0.0435025 0.0527473 0.060564 0.0660816 0.0689662 0.0693844 0.0677755 0.0646477 0.06048 0.0556886 0.0506118 0.0455009 0.0405215 0.0357554 0.0312035 0.0267997 0.0224544 0.0181283 0.0138994 0.00997212
 0.00725339 0.0118852 0.0180778 0.0258312 0.0349132 0.0447054 0.054179 0.0621527 0.0677217 0.0705381 0.0707754 0.0688943 0.0654304 0.0608892 0.0557098 0.0502463 0.0447608 0.0394282 0.0343425 0.029525 0.0249401 0.0205338 0.0162916 0.012288 0.00868695
 0.00742275 0.0121618 0.0184967 0.0264258 0.0357096 0.0457122 0.0553763 0.0634877 0.0691136 0.0718922 0.0719971 0.0698998 0.0661535 0.0612856 0.0557572 0.0499421 0.0441174 0.038469 0.0331028 0.0280578 0.0233236 0.0188745 0.0147145 0.0109119 0.00759448
 0.00753943 0.0123539 0.0187904 0.0268474 0.0362806 0.0464417 0.056253 0.0644767 0.070161 0.0729342 0.072969 0.0707407 0.0668086 0.0617089 0.055914 0.0498119 0.0436951 0.037765 0.0321445 0.0268917 0.02202 0.0175269 0.01343 0.00979059 0.00670485
 0.0076044 0.0124574 0.0189428 0.0270583 0.0365593 0.0467965 0.0566893 0.0649942 0.0707507 0.0735771 0.0736355 0.0713921 0.0673996 0.062191 0.0562403 0.0499415 0.0435982 0.0374278 0.0315732 0.0261167 0.0210974 0.0165364 0.012464 0.00893546 0.00602062
 0.00766346 0.0125467 0.0190646 0.0272111 0.0367384 0.0469974 0.0569091 0.0652331 0.0710124 0.0738677 0.07396 0.0717496 0.0677777 0.062563 0.0565671 0.0501767 0.0436965 0.0373533 0.0313081 0.025668 0.0205006 0.0158526 0.0117697 0.00830512 0.00550806
 0.00772308 0.0126369 0.0191877 0.027364 0.0369134 0.0471831 0.057092 0.0654007 0.0711564 0.0739887 0.0740687 0.0718629 0.0679118 0.0627244 0.0567464 0.0503478 0.0438206 0.037388 0.0312188 0.0254391 0.0201434 0.0154056 0.0112902 0.00785396 0.00513247
 0.00775624 0.0126874 0.0192574 0.027452 0.0370159 0.0472937 0.0572023 0.0655009 0.0712383 0.0740485 0.0741094 0.0718948 0.0679492 0.0627815 0.0568306 0.0504543 0.0439297 0.0374683 0.031235 0.0253641 0.0199692 0.0151488 0.0109882 0.00755267 0.00487166
 0.007807 0.012763 0.0193581 0.0275734 0.0371497 0.0474296 0.0573299 0.0656102 0.0713209 0.0740988 0.0741265 0.0718831 0.0679184 0.0627449 0.0568018 0.0504423 0.0439346 0.0374781 0.0312282 0.0253167 0.0198655 0.0149894 0.0107916 0.00734872 0.00468953
 0.00784489 0.0128209 0.0194381 0.0276743 0.0372667 0.0475543 0.0574505 0.0657135 0.0713953 0.0741378 0.0741302 0.0718577 0.0678736 0.0626909 0.0567483 0.0503974 0.0439025 0.0374568 0.0312079 0.0252828 0.019804 0.0148947 0.0106705 0.0072179 0.00456853
 0.0078717 0.0128622 0.0194961 0.027749 0.0373561 0.0476541 0.0575536 0.0658106 0.071476 0.074193 0.0741548 0.0718514 0.0678407 0.0626393 0.0566875 0.0503362 0.0438476 0.0374109 0.0311687 0.025243 0.0197547 0.0148301 0.0105915 0.00713257 0.00448836
 0.00789356 0.0128941 0.0195371 0.0277962 0.0374053 0.0477012 0.0575961 0.0658475 0.0715072 0.0742183 0.074173 0.0718608 0.0678398 0.0626275 0.0566659 0.050308 0.0438168 0.0373811 0.0311409 0.0252153 0.0197228 0.0147903 0.0105434 0.00707997 0.0044379
 0.0079005 0.0129045 0.0195511 0.027813 0.0374231 0.0477174 0.0576078 0.0658521 0.071504 0.0742093 0.0741627 0.0718542 0.0678397 0.062634 0.0566764 0.0503189 0.0438255 0.0373861 0.0311419 0.0252117 0.0197133 0.0147735 0.0105194 0.00705126 0.00440874
 0.0079061 0.0129097 0.0195518 0.0278033 0.0373973 0.0476727 0.0575466 0.065782 0.0714355 0.0741523 0.0741246 0.0718386 0.0678476 0.0626634 0.0567229 0.0503763 0.0438867 0.0374446 0.0311927 0.0252516 0.0197406 0.0147879 0.0105221 0.00704524 0.00439787
 0.00788508 0.0128745 0.0194968 0.0277229 0.0372871 0.0475318 0.0573802 0.0656024 0.071261 0.074004 0.0740216 0.0717943 0.0678664 0.0627407 0.0568468 0.0505308 0.0440547 0.0376109 0.0313449 0.0253813 0.0198434 0.0148627 0.0105713 0.00707338 0.00441097
 0.00788136 0.0128649 0.0194758 0.027683 0.0372206 0.0474337 0.0572507 0.0654481 0.0710944 0.0738411 0.0738798 0.0716902 0.0678133 0.0627457 0.0569094 0.0506423 0.0442006 0.0377736 0.0315073 0.0255292 0.0199672 0.0149582 0.0106385 0.00711607 0.00443504
 0.00788555 0.0128687 0.0194759 0.027674 0.0371957 0.0473864 0.0571764 0.0653464 0.070969 0.0737009 0.073738 0.0715625 0.0677155 0.0626909 0.0569053 0.0506899 0.0442935 0.0378991 0.0316491 0.0256707 0.0200945 0.0150621 0.0107157 0.00716807 0.00446655
 0.00785034 0.0128138 0.0193976 0.0275706 0.0370677 0.047237 0.0570122 0.0651769 0.0708062 0.073557 0.0736235 0.0714855 0.0676816 0.0627035 0.0569652 0.050795 0.0444377 0.0380721 0.0318369 0.0258572 0.0202644 0.0152043 0.0108246 0.00724418 0.00451482
 0.00781063 0.0127487 0.0192989 0.027431 0.0368838 0.0470121 0.0567594 0.0649185 0.0705689 0.073365 0.0734931 0.0714235 0.0676869 0.06277 0.0570845 0.0509577 0.0446339 0.0382906 0.0320647 0.0260797 0.0204674 0.015376 0.0109585 0.00733981 0.00457701
 0.00779525 0.0127186 0.0192442 0.0273397 0.0367443 0.0468187 0.0565165 0.0646428 0.0702866 0.0731064 0.0732866 0.0712899 0.0676368 0.0628031 0.0571917 0.0511246 0.0448438 0.0385267 0.0323107 0.0263199 0.0206872 0.0155637 0.0111068 0.00744739 0.00464823
 0.00776365 0.0126687 0.0191716 0.0272406 0.0366154 0.0466574 0.0563224 0.0644196 0.0700444 0.0728627 0.0730646 0.0711151 0.0675315 0.062781 0.0572553 0.0512655 0.0450456 0.0387685 0.0325709 0.0265779 0.0209253 0.0157682 0.0112695 0.0075666 0.00472804
 0.00775011 0.012645 0.0191329 0.0271814 0.0365312 0.0465463 0.0561868 0.0642657 0.0698806 0.0726971 0.0729051 0.0709708 0.0674144 0.0627059 0.057236 0.0513104 0.045154 0.0389305 0.0327691 0.0267915 0.0211336 0.015954 0.0114215 0.00768038 0.00480562
 0.00934695 0.0148804 0.0218312 0.0299566 0.0388995 0.0481054 0.0567574 0.0639187 0.0688534 0.0712724 0.0713214 0.0693893 0.0659278 0.0613616 0.0560569 0.0503068 0.0443289 0.0382797 0.0322801 0.0264442 0.0209024 0.0158112 0.0113408 0.00763936 0.00478739
 0.00932237 0.0151381 0.0227437 0.0319868 0.0423992 0.0530436 0.0625476 0.0695144 0.0731203 0.0734357 0.0712207 0.0674205 0.0627669 0.0576745 0.0523343 0.0468387 0.0412555 0.0356531 0.0301071 0.0247074 0.0195678 0.0148318 0.0106597 0.00719418 0.00451623
 0.00896674 0.014577 0.0219531 0.0310138 0.0414173 0.0523912 0.0626893 0.070877 0.0758414 0.0771751 0.0752007 0.0707223 0.0647144 0.0580687 0.0514247 0.0451098 0.0391951 0.0336185 0.0283017 0.0232166 0.0184058 0.0139742 0.0100624 0.00680415 0.00427923
 0.00878378 0.0142681 0.0214678 0.0303012 0.0404456 0.0511817 0.0613606 0.0696736 0.0751141 0.0772845 0.0763592 0.0728441 0.0673805 0.0606633 0.053384 0.0461362 0.0393173 0.0330932 0.0274528 0.0223108 0.0176054 0.0133472 0.00961467 0.00650972 0.00410067
 0.00873581 0.0141799 0.0213153 0.0300524 0.0400644 0.050637 0.0606397 0.0688011 0.0741724 0.0764284 0.0758058 0.0728192 0.068022 0.0619249 0.0550097 0.0477441 0.0405559 0.0337777 0.0276027 0.0220872 0.0172074 0.0129329 0.00927189 0.00626578 0.00394654
 0.00871547 0.0141477 0.0212675 0.0299838 0.0399657 0.0504928 0.0604282 0.0684981 0.0737618 0.0759185 0.0752475 0.0723157 0.0677162 0.0619539 0.0554379 0.0485109 0.0414796 0.0346273 0.0281974 0.0223626 0.0172138 0.0127811 0.00907117 0.0060871 0.00381816
 0.00868331 0.0140991 0.0212013 0.0299012 0.03987 0.0503872 0.0603145 0.0683739 0.0736186 0.0757432 0.0750285 0.0720567 0.0674502 0.0617481 0.0553774 0.0486601 0.0418407 0.0351248 0.0287048 0.0227606 0.0174405 0.0128458 0.00902959 0.0060031 0.00373681
 0.00868388 0.0140941 0.0211828 0.0298591 0.0397951 0.0502765 0.0601745 0.0682201 0.0734689 0.07561 0.0749137 0.0719525 0.0673477 0.06165 0.0553062 0.048655 0.0419389 0.035335 0.0289934 0.0230613 0.0176859 0.0129977 0.00908988 0.00600095 0.00370717
 0.00866902 0.0140734 0.0211578 0.0298322 0.0397676 0.0502462 0.0601349 0.0681627 0.0733889 0.07551 0.0748042 0.0718469 0.0672562 0.0615775 0.0552556 0.0486339 0.0419616 0.0354154 0.0291319 0.0232373 0.017863 0.0131404 0.00917954 0.00604053 0.00371326
 0.00866688 0.0140693 0.0211506 0.0298209 0.0397521 0.0502278 0.0601159 0.0681454 0.0733728 0.0754909 0.0747755 0.0718038 0.0671992 0.0615124 0.0551924 0.0485836 0.041935 0.0354223 0.0291774 0.0233168 0.017961 0.0132354 0.00925343 0.00608572 0.00373326
 0.00864544 0.0140374 0.021108 0.0297694 0.0396948 0.0501685 0.0600586 0.0680942 0.0733319 0.0754638 0.0747635 0.0718047 0.0672079 0.0615231 0.0552014 0.0485915 0.041947 0.0354453 0.0292174 0.0233752 0.0180324 0.013309 0.00931715 0.00613185 0.00376063
 0.00861536 0.0139876 0.021032 0.0296616 0.0395529 0.0499972 0.0598714 0.0679124 0.0731796 0.0753607 0.07472 0.0718203 0.0672735 0.0616245 0.0553229 0.0487194 0.0420718 0.0355632 0.0293284 0.0234805 0.0181314 0.0133981 0.00939127 0.00618717 0.00379689
 0.00863041 0.0140116 0.0210668 0.0297074 0.0396071 0.0500526 0.0599165 0.0679338 0.0731667 0.0753113 0.0746417 0.0717282 0.0671846 0.0615516 0.0552723 0.0486911 0.0420622 0.0355676 0.0293434 0.0235041 0.0181615 0.0134316 0.00942393 0.0062149 0.00381722
 0.00860825 0.01398 0.0210276 0.0296652 0.0395685 0.0500238 0.0599016 0.0679329 0.0731759 0.0753233 0.0746486 0.0717248 0.0671705 0.0615324 0.055256 0.0486849 0.0420694 0.0355877 0.0293733 0.0235399 0.0181996 0.0134689 0.00945744 0.00624227 0.00383726
 0.00861062 0.0139798 0.0210199 0.029644 0.0395286 0.0499651 0.0598309 0.0678633 0.0731218 0.0752945 0.0746466 0.0717431 0.0671987 0.0615607 0.0552796 0.0487039 0.0420875 0.0356089 0.0293996 0.0235708 0.0182329 0.0135015 0.00948664 0.00626607 0.00385478
 0.00861062 0.0139798 0.0210199 0.029644 0.0395286 0.0499651 0.0598309 0.0678633 0.0731218 0.0752945 0.0746466 0.0717431 0.0671987 0.0615607 0.0552796 0.0487039 0.0420875 0.0356089 0.0293996 0.0235708 0.0182329 0.0135015 0.00948664 0.00626607 0.00385478
#pred catch len freq
 0.00389411 0.00622291 0.00920045 0.0128095 0.0170523 0.0219171 0.0273081 0.0330123 0.0387348 0.0441601 0.0490039 0.0530516 0.0561888 0.0584062 0.0597728 0.0603952 0.0603852 0.0598298 0.0587414 0.0569859 0.0542378 0.0500542 0.044115 0.0365303 0.0279903
 0.00429851 0.00682077 0.00999567 0.0137835 0.0181909 0.0232416 0.0288811 0.0348996 0.0409343 0.0465416 0.0513037 0.0549392 0.0573748 0.0587378 0.059272 0.0592294 0.0587897 0.0580176 0.0568389 0.0550214 0.0521872 0.0479165 0.0419675 0.0345245 0.0262921
 0.00454686 0.0072468 0.0106752 0.0147939 0.0195866 0.025024 0.0309806 0.0371929 0.0432918 0.0488682 0.0535327 0.0569803 0.0590657 0.0598545 0.0596036 0.0586711 0.0573898 0.0559504 0.0543278 0.0522647 0.0493312 0.0450793 0.0392776 0.0321316 0.0243327
 0.0048214 0.00767443 0.0112897 0.0156292 0.0206887 0.0264573 0.0328144 0.0394612 0.0459443 0.051745 0.0563894 0.0595542 0.0611391 0.0612736 0.060259 0.05848 0.0563122 0.0540258 0.0516922 0.0491298 0.045942 0.0416811 0.0360994 0.0293705 0.022126
 0.00510848 0.00813024 0.0119559 0.0165388 0.0218641 0.0279076 0.0345335 0.0414301 0.0481356 0.0541175 0.0588673 0.0620013 0.0633552 0.0630261 0.0613339 0.0587227 0.0556437 0.052446 0.0492848 0.0460663 0.0424725 0.0381039 0.0327165 0.0264362 0.0198018
 0.00541334 0.00861063 0.0126524 0.0174844 0.0230846 0.0294197 0.0363355 0.0434895 0.0503813 0.0564454 0.0611559 0.064129 0.0652065 0.0644842 0.0622714 0.059005 0.0551522 0.0511124 0.0471226 0.0431918 0.0391066 0.0345485 0.0293027 0.0234547 0.0174399
 0.00574552 0.00912762 0.013389 0.0184615 0.0243114 0.0308959 0.0380476 0.0454034 0.0524364 0.0585539 0.0632082 0.0660046 0.0667885 0.0656712 0.0629787 0.0591569 0.0546755 0.0499446 0.0452415 0.0406535 0.0360725 0.0312799 0.0261145 0.0206403 0.0151976
 0.00613702 0.00974035 0.0142677 0.0196343 0.0257881 0.032665 0.0400689 0.0476006 0.0546998 0.0607524 0.0652073 0.0676825 0.0680478 0.0664448 0.0632279 0.0588617 0.0538222 0.0485211 0.0432491 0.038137 0.033154 0.0281714 0.0230892 0.0179663 0.0130634
 0.00644213 0.010228 0.0149874 0.0206297 0.0270937 0.0342969 0.0420109 0.0497906 0.0570254 0.0630603 0.0673234 0.0694398 0.0693135 0.0671385 0.0633232 0.0583732 0.0527846 0.0469735 0.0412334 0.0357153 0.0304359 0.0253314 0.0203517 0.0155561 0.0111414
 0.006674 0.0105995 0.0155379 0.0213966 0.0281105 0.035588 0.0435808 0.051611 0.0590258 0.065127 0.0693078 0.071177 0.0706485 0.0679525 0.063551 0.0580055 0.0518561 0.0455446 0.0393775 0.0335198 0.0280162 0.022842 0.0179783 0.0134802 0.0094917
 0.0069981 0.0111014 0.0162481 0.0223308 0.0292729 0.0369746 0.0451755 0.0533769 0.060896 0.067002 0.0710618 0.0726719 0.0717539 0.0685654 0.0636107 0.0574995 0.0508164 0.0440374 0.037492 0.0313622 0.0257114 0.020536 0.0158296 0.0116333 0.00804216
 0.00729124 0.011561 0.0169086 0.0232139 0.0303855 0.0383054 0.0466897 0.055012 0.0625658 0.0686073 0.0725014 0.0738508 0.0725888 0.06899 0.063582 0.057003 0.049869 0.0426864 0.0358122 0.0294522 0.0236901 0.018538 0.0139921 0.0100731 0.0068304
 0.00734947 0.0116751 0.0171173 0.023568 0.0309393 0.039101 0.0477391 0.0562856 0.0639914 0.0700791 0.0738969 0.0750502 0.0734933 0.0695328 0.0637294 0.0567492 0.0492305 0.0416997 0.0345345 0.0279634 0.0220923 0.0169483 0.0125286 0.0088336 0.00587165
 0.00721949 0.0114868 0.0168787 0.023308 0.0307079 0.0389661 0.0477784 0.0565724 0.0645726 0.0709529 0.0750011 0.0762705 0.0746883 0.0705657 0.0644926 0.0571762 0.0492957 0.0414128 0.0339344 0.0271149 0.0210829 0.0158813 0.0115094 0.00795103 0.00518001
 0.00708789 0.0112821 0.0165888 0.0229305 0.0302543 0.0384664 0.0472868 0.0561673 0.0643473 0.0709948 0.0753652 0.0769568 0.0756321 0.0716471 0.0655637 0.0580954 0.0499561 0.0417569 0.0339552 0.0268488 0.0205996 0.015272 0.0108707 0.00736714 0.00470711
 0.00702667 0.0111767 0.0164196 0.022675 0.0298928 0.0379907 0.0467103 0.0555328 0.0637274 0.0704842 0.0750647 0.0769501 0.0759607 0.0722911 0.0664395 0.059072 0.0508873 0.0425158 0.0344605 0.0270754 0.020575 0.015062 0.0105594 0.00703533 0.00441498
 0.00718438 0.0113913 0.016664 0.0228952 0.0300185 0.0379555 0.0464716 0.055084 0.063102 0.0697538 0.0743315 0.0763313 0.0755652 0.0721929 0.0666561 0.0595567 0.0515392 0.0432061 0.0350665 0.0275111 0.0208069 0.0151082 0.0104731 0.00688236 0.00425266
 0.00733125 0.0116251 0.0170037 0.0233478 0.0305686 0.038554 0.0470308 0.0554897 0.0632456 0.0695721 0.0738341 0.075602 0.0747382 0.0714163 0.0660552 0.0592051 0.0514451 0.0433165 0.0352892 0.0277466 0.0209796 0.0151833 0.0104568 0.00680693 0.00415654
 0.00738403 0.011713 0.0171409 0.0235512 0.0308568 0.0389425 0.0475212 0.0560562 0.0638236 0.0700605 0.0741186 0.0755951 0.0744181 0.070843 0.0653516 0.0585149 0.0508851 0.0429457 0.0351022 0.027691 0.0209861 0.015194 0.0104418 0.00676378 0.00409925
 0.00736703 0.0116938 0.0171282 0.02356 0.0309065 0.0390534 0.0477108 0.0563342 0.0641872 0.0704869 0.0745582 0.0759729 0.0746502 0.0708649 0.0651487 0.0581335 0.0504177 0.0424941 0.034741 0.0274477 0.0208452 0.0151182 0.0103949 0.00672411 0.00406076
 0.0072452 0.0115141 0.0168927 0.0232849 0.0306205 0.0387938 0.0475187 0.0562496 0.0642412 0.070693 0.0749043 0.0764184 0.0751298 0.0713003 0.0654673 0.0582909 0.0504131 0.0423693 0.0345612 0.0272735 0.0207118 0.0150321 0.0103441 0.00669258 0.00403773
 0.00725146 0.0114962 0.0168146 0.0230981 0.0302793 0.0382791 0.0468581 0.0555214 0.0635577 0.0701709 0.0746345 0.0764449 0.0754405 0.0718311 0.0661185 0.0589529 0.0509945 0.0428181 0.0348694 0.0274666 0.0208281 0.0151042 0.0103912 0.00672321 0.00405541
 0.00728509 0.0115519 0.0168978 0.0232066 0.0303955 0.0383617 0.0468441 0.0553444 0.0631817 0.0696207 0.0740028 0.0758654 0.0750398 0.0716848 0.0662313 0.0592664 0.051415 0.0432505 0.0352442 0.027751 0.0210223 0.0152268 0.0104649 0.00676604 0.00407918
 0.00732849 0.0116154 0.0169809 0.0233059 0.0305068 0.0384819 0.0469681 0.0554572 0.0632502 0.0695963 0.0738409 0.0755548 0.0746238 0.0712543 0.0658895 0.0590863 0.0514126 0.0433877 0.0354541 0.0279688 0.0212052 0.0153591 0.01055 0.00681579 0.00410603
 0.00738021 0.0116911 0.017079 0.0234192 0.030624 0.0385909 0.0470593 0.0555252 0.063293 0.0696113 0.0738196 0.0754812 0.0744812 0.0710408 0.0656312 0.0588345 0.0512239 0.0432978 0.0354636 0.0280479 0.0213128 0.015461 0.0106283 0.0068673 0.00413582
 0.00740182 0.0117244 0.0171255 0.0234783 0.0306926 0.038663 0.0471258 0.0555758 0.0633188 0.0696086 0.0737905 0.0754309 0.0744132 0.0709544 0.0655248 0.0587134 0.0511054 0.0432068 0.0354203 0.0280572 0.0213621 0.0155281 0.0106926 0.00691709 0.00416845
 0.00740421 0.0117256 0.0171224 0.023467 0.0306699 0.0386284 0.0470833 0.0555324 0.0632821 0.0695831 0.0737766 0.0754261 0.0744139 0.0709572 0.0655261 0.0587104 0.051098 0.0432 0.0354232 0.0280778 0.0214017 0.0155802 0.0107464 0.00696276 0.00420136
 0.00721489 0.0114591 0.0167973 0.0231253 0.0303637 0.0383994 0.0469476 0.0554805 0.0632912 0.0696325 0.0738563 0.0755345 0.0745512 0.0711194 0.0657037 0.0588905 0.0512689 0.0433539 0.0355578 0.0281949 0.0215043 0.0156695 0.0108209 0.0070206 0.00424202
 0.00698331 0.0111076 0.0163172 0.0225307 0.0296948 0.0377215 0.0463457 0.0550436 0.063087 0.0696821 0.074126 0.0759525 0.0750375 0.071611 0.0661637 0.0593032 0.0516296 0.0436625 0.0358161 0.0284062 0.0216735 0.0158016 0.0109207 0.0070923 0.00429013
 0.00672485 0.0107075 0.0157524 0.0217943 0.0287974 0.036695 0.0452498 0.0539714 0.0621598 0.0690285 0.0738488 0.0760958 0.07557 0.0724357 0.0671503 0.0603264 0.0525956 0.0445162 0.0365342 0.0289859 0.0221234 0.0161365 0.0111583 0.00725172 0.00439025
 0.00661705 0.0105228 0.0154569 0.0213495 0.0281683 0.035863 0.0442282 0.052815 0.0609654 0.0679247 0.0729768 0.0755834 0.0755007 0.0728234 0.0679315 0.0613773 0.0537674 0.0456727 0.037577 0.0298611 0.0228143 0.0166518 0.0115213 0.00749192 0.0045386
 0.00707468 0.0111595 0.0162146 0.0221027 0.0287519 0.0361228 0.0440654 0.0522078 0.0599663 0.0666471 0.0715776 0.0742411 0.0743873 0.0720728 0.0676124 0.0614806 0.0542131 0.0463364 0.0383249 0.0305813 0.023434 0.0171385 0.0118737 0.00772826 0.00468519
 0.00750785 0.0118442 0.0172023 0.0234099 0.0303365 0.0378577 0.045728 0.0535106 0.0606353 0.0665169 0.0706525 0.0726902 0.0724845 0.0701168 0.0658598 0.0601037 0.0532842 0.0458349 0.0381635 0.0306429 0.023606 0.0173361 0.0120472 0.00785779 0.00477068
 0.00747047 0.0118491 0.0173333 0.023791 0.0311058 0.0391184 0.0474925 0.0556588 0.0629063 0.0685476 0.0720621 0.0731936 0.0719886 0.0687521 0.0639285 0.0579736 0.0512803 0.0441713 0.0369266 0.0298144 0.0231057 0.0170644 0.0119152 0.00780101 0.00474952
 0.0074044 0.0117365 0.0171605 0.0235589 0.0308508 0.0389342 0.047533 0.056103 0.063883 0.0700501 0.0739027 0.0750328 0.073437 0.0695024 0.0638585 0.057175 0.0500054 0.0427292 0.0355819 0.0287277 0.0223269 0.0165632 0.011623 0.00764584 0.00467398
 0.00735578 0.0116569 0.0170383 0.0233803 0.0306006 0.0386018 0.047128 0.0556764 0.0635437 0.0699535 0.0742002 0.0757915 0.0745747 0.0707861 0.0649821 0.0578799 0.0501789 0.0424299 0.0349872 0.0280448 0.0217162 0.0161045 0.0113249 0.00747569 0.00458802
 0.00735256 0.0116483 0.0170185 0.02334 0.0305271 0.0384799 0.046942 0.0554164 0.0632157 0.069594 0.073886 0.0756322 0.0746763 0.0711953 0.0656422 0.058634 0.0508299 0.0428256 0.0350808 0.0278954 0.0214403 0.015815 0.0110919 0.00732055 0.00450009
 0.00750108 0.0118629 0.0172916 0.0236469 0.0308316 0.0387449 0.0471368 0.0555185 0.0632092 0.0694706 0.0736516 0.0753172 0.0743415 0.0709218 0.0655023 0.0586538 0.0509688 0.0429923 0.0351791 0.0278726 0.0213052 0.01562 0.010897 0.00716569 0.00439732
 0.00764212 0.0120783 0.0175887 0.0240205 0.0312624 0.0391987 0.047566 0.0558678 0.0634274 0.0695243 0.0735344 0.0750498 0.0739664 0.0704968 0.0650921 0.0583169 0.0507385 0.042863 0.0351106 0.0278127 0.0212183 0.0155012 0.0107659 0.00704798 0.00430925
 0.00757639 0.0119981 0.0175176 0.0239969 0.03133 0.0393891 0.0478833 0.0562818 0.0638788 0.0699392 0.0738424 0.0752016 0.073946 0.0703241 0.0648154 0.0579983 0.0504364 0.0426163 0.03493 0.0276843 0.0211174 0.0154086 0.0106762 0.00696687 0.00424476
 0.00749881 0.0118792 0.0173537 0.023794 0.0311074 0.0391825 0.0477426 0.0562604 0.064014 0.0702317 0.0742475 0.0756408 0.0743325 0.0705914 0.0649355 0.0579838 0.0503286 0.0424662 0.0347799 0.0275574 0.0210178 0.0153298 0.010611 0.00691228 0.00420157
