SBPRF35
7.78865
Curr Bio
491640
B35
691641
F35
0.214295
FOFL
0.134529
OFL
47985
Bzero
2.22533e+006
#pred survey bio
 4.83585e+006 4.53028e+006 4.24615e+006 3.9219e+006 3.56945e+006 3.22299e+006 2.89363e+006 2.57411e+006 2.27487e+006 2.02295e+006 1.79901e+006 1.57845e+006 1.38773e+006 1.22027e+006 1.0898e+006 970006 862282 812520 769889 740710 694443 662842 656204 646748 632019 616548 607818 604251 598228 581741 573570 572324 574596 570593 559542 548416 537211 533131 543539 541594 552028 554825 556472 558542 555585 552431 544959 534844 526965 514284 497229 1.58257e+007 9.36166e+006 9.64105e+006 1.05393e+007 1.1757e+007 1.30124e+007 1.41381e+007 1.50664e+007 1.57916e+007 1.63379e+007 1.67398e+007 1.7031e+007 1.724e+007 1.73895e+007 1.74965e+007 1.75731e+007 1.76283e+007 1.76682e+007 1.76974e+007 1.77188e+007 1.77346e+007 1.77463e+007 1.77551e+007 1.77617e+007 1.77667e+007 1.77705e+007 1.77734e+007 1.77756e+007 1.77772e+007 1.77785e+007 1.77795e+007 1.77803e+007 1.77808e+007 1.77813e+007 1.77816e+007 1.77819e+007 1.77821e+007 1.77823e+007 1.77824e+007 1.77825e+007 1.77826e+007 1.77826e+007 1.77827e+007 1.77827e+007 1.77827e+007 1.77828e+007 1.77828e+007 1.77828e+007 1.77828e+007 1.77828e+007 1.77828e+007 1.77828e+007 1.77828e+007 1.77828e+007 1.77828e+007 1.77828e+007 1.77828e+007 1.77828e+007 1.77828e+007 1.77828e+007 1.77828e+007 1.77828e+007 1.77828e+007 1.77828e+007 1.77828e+007 1.77828e+007 1.77828e+007 1.77828e+007 1.77828e+007 1.77828e+007 1.77828e+007 1.77828e+007 1.77828e+007 1.77828e+007 1.77828e+007 1.77828e+007 1.77828e+007 1.77828e+007 1.77828e+007 1.77828e+007 1.77828e+007 1.77828e+007 1.77828e+007 1.77828e+007 1.77828e+007 1.77828e+007 1.77828e+007 1.77828e+007 1.77828e+007 1.77828e+007 1.77828e+007 1.77828e+007 1.77828e+007 1.77828e+007 1.77828e+007 1.77828e+007 1.77828e+007 1.77828e+007 1.77828e+007 1.77828e+007 0 0 0 0 0 0 0 0 0 0 0 0 0 0 0 0 0 0 0 0 0 0 0 0 0
#obs survey bio
 4.86076e+006 3.51677e+006 3.04478e+006 3.31205e+006 2.97864e+006 1.84973e+006 1.9746e+006 2.66322e+006 1.65616e+006 1.8317e+006 2.5119e+006 1.54503e+006 990344 980036 834477 746331 570628 630306 536526 612627 793545 620596 417675 541666 713968 468791 668824 480200 579865 375536 544510 509070 772668 482886 376363 605422 446013 504732 661705 690311 465862 518974 662888 450482 604841 609586 674073 546866 593053 731729 457425
#pred catch bio
 104305 97267.9 155026 209866 238585 258742 283977 296054 279233 274682 286971 272106 260278 233820 227245 216222 165489 157946 143635 153328 135911 112525 113662 115657 113235 104956 98799 99758 107363 99187.1 92662.4 88904 92444.4 95419.6 92389 91981.7 89158.5 81173.5 93446.5 83288.1 89534.8 89205.8 86921.9 89156.9 87591.1 89687.7 90199.9 86661.4 88808.5 89422 107829 47985 72352 72880.8 78242.6 87012.3 96387.3 104748 111506 116633 120355 122972 124767 125975 126776 127302 127643 127864 128005 128095 128153 128189 128212 128227 128236 128241 128245 128247 128249 128250 128250 128251 128251 128251 128251 128251 128251 128251 128251 128251 128251 128251 128251 128251 128251 128251 128251 128251 128251 128251 128251 128251 128251 128251 128251 128251 128251 128251 128251 128251 128251 128251 128251 128251 128251 128251 128251 128251 128251 128251 128251 128251 128251 128251 128251 128251 128251 128251 128251 128251 128251 128251 128251 128251 128251 128251 128251 128251 128251 128251 128251 128251 128251 128251 128251 128251 128251 128251 128251 128251 128251 0 0 0 0 0 0 0 0 0 0 0 0 0 0 0 0 0 0 0 0 0 0 0 0 0
#obs catch bio
 0 96881.7 155503 211138 240613 261996 289394 302509 285335 281471 293624 277830 267335 240702 234755 223510 169640 162210 146971 157173 137856 113687 115938 117870 114621 106575 99618.1 100713 108848 100887 94157.1 90296.8 93925.8 96926.4 93949.4 93053.1 90749.7 81861.7 94175.5 83466.9 89967.6 89980.7 87004.4 89190 87284.5 89533.4 90162.3 86527 88823.1 89164 108076
#pred cpue bio
 4.75263e+006 4.45327e+006 4.17328e+006 3.85067e+006 3.49975e+006 3.15478e+006 2.82686e+006 2.50929e+006 2.21243e+006 1.96253e+006 1.74076e+006 1.52299e+006 1.33462e+006 1.16925e+006 1.04059e+006 923118 818039 769599 728600 700976 657039 627014 620679 611692 597992 583567 575524 572365 566583 550583 542694 541666 544229 540952 530962 520722 509172 503509 512599 510965 521525 524554 526626 529251 526819 523985 516917 507347 499944 487983 472123 1.50296e+007 8.8951e+006 9.01099e+006 9.7244e+006 1.08746e+007 1.21134e+007 1.32356e+007 1.41633e+007 1.48883e+007 1.54347e+007 1.58366e+007 1.61277e+007 1.63368e+007 1.64863e+007 1.65932e+007 1.66699e+007 1.6725e+007 1.6765e+007 1.67941e+007 1.68155e+007 1.68313e+007 1.68431e+007 1.68519e+007 1.68585e+007 1.68635e+007 1.68672e+007 1.68701e+007 1.68723e+007 1.6874e+007 1.68753e+007 1.68763e+007 1.6877e+007 1.68776e+007 1.68781e+007 1.68784e+007 1.68787e+007 1.68789e+007 1.6879e+007 1.68792e+007 1.68793e+007 1.68793e+007 1.68794e+007 1.68794e+007 1.68795e+007 1.68795e+007 1.68795e+007 1.68795e+007 1.68795e+007 1.68796e+007 1.68796e+007 1.68796e+007 1.68796e+007 1.68796e+007 1.68796e+007 1.68796e+007 1.68796e+007 1.68796e+007 1.68796e+007 1.68796e+007 1.68796e+007 1.68796e+007 1.68796e+007 1.68796e+007 1.68796e+007 1.68796e+007 1.68796e+007 1.68796e+007 1.68796e+007 1.68796e+007 1.68796e+007 1.68796e+007 1.68796e+007 1.68796e+007 1.68796e+007 1.68796e+007 1.68796e+007 1.68796e+007 1.68796e+007 1.68796e+007 1.68796e+007 1.68796e+007 1.68796e+007 1.68796e+007 1.68796e+007 1.68796e+007 1.68796e+007 1.68796e+007 1.68796e+007 1.68796e+007 1.68796e+007 1.68796e+007 1.68796e+007 1.68796e+007 1.68796e+007 1.68796e+007 1.68796e+007 1.68796e+007 1.68796e+007 1.68796e+007 1.68796e+007 0 0 0 0 0 0 0 0 0 0 0 0 0 0 0 0 0 0 0 0 0 0 0 0 0
#obs cpue bio
 3.67309e+006 5.22743e+006 2.87935e+006 2.56737e+006 2.42476e+006 2.91466e+006 2.16892e+006 2.01835e+006 2.25326e+006 1.44408e+006 1.56775e+006 1.39241e+006 1.01055e+006 783385 847677 877464 797787 682347 758981 741993 731597 536170 423700 633079 688347 445556 691112 562559 432755 454939 439955 451086 344564 558400 527062 595451 312491 699967 574501 426155 555076 365752 738153 719280 645496 438121 391485 516766 412275 394931 466037
#pred surv len freq
 0.00453706 0.00747527 0.0114521 0.0165082 0.022543 0.0292142 0.0359233 0.0419804 0.0468715 0.050426 0.0527797 0.0542141 0.0550133 0.0553949 0.0554916 0.0553564 0.0549804 0.0543085 0.0532313 0.0515448 0.0489226 0.0449804 0.0394732 0.0325438 0.0248339
 0.00486487 0.00788627 0.0118505 0.0167428 0.0224651 0.0287598 0.0351676 0.0411206 0.046137 0.0499705 0.052621 0.0542521 0.0551039 0.0554315 0.0554532 0.055307 0.0550265 0.0545368 0.053655 0.0520867 0.0494454 0.0453507 0.0396219 0.0324887 0.0246549
 0.00513613 0.00835232 0.0125882 0.0178127 0.0238666 0.0303803 0.0367658 0.0423829 0.0468021 0.0499518 0.0520404 0.0533583 0.054135 0.0545193 0.0546193 0.0545263 0.0542932 0.0538841 0.0531253 0.0516873 0.0491307 0.0450458 0.0392699 0.0320845 0.0242418
 0.00537229 0.00873869 0.0131769 0.01866 0.0250276 0.0318917 0.0386145 0.044468 0.0489143 0.0517978 0.0533224 0.05388 0.0538767 0.0536283 0.0533252 0.0530417 0.0527618 0.0523873 0.051711 0.0503854 0.0479516 0.0439821 0.0383122 0.0312393 0.0235332
 0.00565505 0.00919118 0.013845 0.0195832 0.0262344 0.0333924 0.0403917 0.0464695 0.0510504 0.0539363 0.0552827 0.0554413 0.0548176 0.0537957 0.0526947 0.0517268 0.0509649 0.0503263 0.0495662 0.0482837 0.0459763 0.0421896 0.0367451 0.029932 0.0225078
 0.00594508 0.00966053 0.0145471 0.0205658 0.0275299 0.0350044 0.0422808 0.0485524 0.0532143 0.0560618 0.0572559 0.057147 0.056124 0.0545532 0.0527646 0.0510321 0.0495322 0.0482895 0.0471295 0.0456681 0.0433802 0.0397722 0.0346257 0.028189 0.0211749
 0.00617054 0.0100385 0.0151372 0.0214309 0.0287235 0.03655 0.0441522 0.0506665 0.055445 0.058267 0.0593021 0.0589212 0.05753 0.0554986 0.0531515 0.050765 0.0485482 0.0465976 0.0448346 0.0429624 0.0405061 0.0369762 0.0321172 0.0261127 0.0195952
 0.00641617 0.0104346 0.0157285 0.0222595 0.0298246 0.0379435 0.0458299 0.0525831 0.0575169 0.0603809 0.0613297 0.060734 0.0590117 0.056551 0.0536911 0.0507171 0.0478493 0.045216 0.0428026 0.0404027 0.0376311 0.0340534 0.0294127 0.0238327 0.0178472
 0.00672582 0.0109262 0.0164461 0.0232364 0.0310772 0.0394638 0.0475774 0.0544834 0.0594737 0.0622942 0.0631086 0.0622981 0.060286 0.057461 0.0541627 0.0506785 0.0472362 0.0439839 0.0409513 0.0380062 0.0348563 0.0311475 0.0266539 0.0214608 0.0160049
 0.00694534 0.0112945 0.0170207 0.0240761 0.0322277 0.0409358 0.0493276 0.0564121 0.061446 0.0641736 0.0647851 0.0636982 0.0613651 0.0581884 0.0545065 0.0505969 0.0466781 0.0429013 0.0393233 0.0358711 0.0323378 0.0284552 0.0240463 0.0191793 0.014208
 0.00716455 0.0116473 0.017546 0.0248103 0.033201 0.0421645 0.0508022 0.0580869 0.063237 0.0659668 0.0664538 0.0651243 0.0624581 0.0588938 0.0548003 0.0504692 0.0461173 0.0418891 0.0378486 0.0339588 0.0300798 0.026022 0.021663 0.0170687 0.0125267
 0.00752753 0.0122149 0.0183581 0.0258878 0.0345427 0.0437421 0.0525556 0.0599251 0.0650505 0.0676474 0.0679087 0.0662802 0.063259 0.0593 0.0547899 0.0500382 0.0452732 0.040644 0.0362195 0.0319836 0.0278414 0.0236643 0.0193779 0.0150509 0.0109173
 0.00786332 0.0127596 0.0191738 0.0270269 0.0360321 0.0455617 0.0546198 0.0620851 0.0671237 0.0694629 0.0693438 0.0672715 0.0637915 0.0593873 0.0544571 0.049312 0.044179 0.0392071 0.0344706 0.0299708 0.0256466 0.0214141 0.0172342 0.0131766 0.00942894
 0.00814998 0.0132278 0.0198826 0.0280317 0.0373732 0.047245 0.0565965 0.0642424 0.0692969 0.0714649 0.0710006 0.0684519 0.0644243 0.0594635 0.0540167 0.0484217 0.0429108 0.037626 0.0326351 0.027944 0.0235122 0.0192858 0.0152484 0.0114653 0.00808281
 0.00831506 0.0135054 0.0203176 0.0286729 0.0382639 0.0484082 0.0580191 0.0658669 0.0710262 0.0731761 0.0725603 0.0697313 0.0653139 0.0598882 0.0539474 0.0478761 0.0419428 0.0363097 0.0310517 0.0261782 0.021658 0.0174519 0.0135531 0.0100161 0.00694991
 0.00846841 0.0137602 0.0207115 0.0292446 0.0390461 0.0494158 0.059236 0.0672412 0.0724759 0.074603 0.0738641 0.070818 0.0661021 0.0603139 0.0539697 0.0474835 0.0411565 0.0351804 0.0296538 0.024602 0.020005 0.0158309 0.0120717 0.00876449 0.00598139
 0.00869809 0.0141186 0.0212232 0.0299229 0.0398922 0.0504165 0.0603607 0.0684389 0.0736788 0.0757353 0.0748525 0.0715995 0.0666268 0.0605465 0.0538889 0.0470825 0.040445 0.0341879 0.0284316 0.0232233 0.0185604 0.0144208 0.0107932 0.00769457 0.00516147
 0.00865609 0.0140628 0.0211626 0.0298753 0.039881 0.0504664 0.0604933 0.0686719 0.074025 0.0762014 0.0754327 0.0722689 0.0673374 0.0612294 0.054465 0.0474763 0.0405986 0.0340717 0.0280499 0.0226151 0.0177951 0.0135873 0.00998406 0.00698772 0.00460499
 0.00861391 0.0139981 0.0210731 0.0297635 0.0397558 0.0503445 0.0603999 0.0686368 0.0740774 0.0763614 0.0757071 0.07265 0.0678038 0.0617462 0.0549836 0.0479368 0.0409377 0.0342356 0.0280079 0.0223694 0.0173826 0.0130726 0.00944429 0.0064935 0.0042044
 0.00848522 0.0138031 0.0208065 0.0294307 0.0393725 0.0499357 0.0599986 0.0682838 0.0738171 0.0762353 0.0757448 0.0728627 0.0681814 0.0622583 0.0555821 0.0485612 0.0415207 0.0347121 0.0283261 0.0225031 0.0173384 0.0128892 0.00918101 0.00621335 0.00395695
 0.00864126 0.0140221 0.0210723 0.0297067 0.0396128 0.0501015 0.0600717 0.0682682 0.0737317 0.0761035 0.0755898 0.0727072 0.068049 0.0621716 0.0555565 0.0485977 0.0416021 0.0348045 0.0283884 0.0224993 0.0172511 0.0127254 0.00896963 0.00599326 0.00376268
 0.00888919 0.014387 0.0215489 0.0302614 0.0401875 0.0506247 0.0604709 0.0684836 0.0737311 0.0758942 0.0752193 0.0722489 0.0675796 0.0617515 0.0552221 0.0483619 0.0414582 0.0347303 0.0283509 0.022463 0.0171881 0.0126246 0.00883836 0.0058516 0.0036331
 0.00881258 0.0142947 0.021468 0.0302331 0.0402513 0.0507948 0.0607202 0.0687471 0.0739299 0.0759684 0.0751506 0.0720637 0.0673346 0.0615111 0.0550386 0.0482638 0.0414483 0.0347909 0.028451 0.022568 0.0172682 0.0126624 0.00883259 0.00581417 0.00358199
 0.0086443 0.0140455 0.0211401 0.0298496 0.0398556 0.0504458 0.0604819 0.0686729 0.0740414 0.0762399 0.0755115 0.0724244 0.0676219 0.0616944 0.0551319 0.048308 0.0414867 0.0348507 0.0285374 0.022668 0.0173613 0.0127307 0.0088679 0.00581977 0.00356849
 0.0086505 0.0140319 0.0210774 0.0296997 0.0395863 0.0500524 0.0600032 0.0681898 0.0736539 0.076032 0.0755216 0.0726331 0.0679628 0.0620807 0.0554883 0.0485929 0.041696 0.0350043 0.0286603 0.0227758 0.0174562 0.012807 0.00892001 0.00584721 0.00357665
 0.00866861 0.0140631 0.0211258 0.0297652 0.0396592 0.0501076 0.0600021 0.0680926 0.0734421 0.0757277 0.0751887 0.0723548 0.0678061 0.0620694 0.0555986 0.0487713 0.0418874 0.0351726 0.0287935 0.0228775 0.0175345 0.0128667 0.00896247 0.00587326 0.003589
 0.0087112 0.014116 0.0211758 0.0297915 0.0396402 0.0500314 0.0598719 0.0679239 0.073252 0.0755267 0.0749822 0.0721538 0.0676359 0.0619655 0.0555903 0.0488648 0.0420606 0.035386 0.0290075 0.0230655 0.0176849 0.012979 0.00904096 0.005924 0.00361854
 0.00879045 0.0142286 0.0213144 0.0299368 0.0397641 0.0501029 0.0598653 0.0678251 0.0730643 0.0752715 0.0746943 0.0718711 0.0673907 0.0617809 0.0554817 0.0488406 0.042119 0.0355118 0.0291736 0.023241 0.0178445 0.0131081 0.00913545 0.00598701 0.00365673
 0.00879106 0.0142459 0.0213692 0.0300554 0.0399669 0.0503895 0.060203 0.0681527 0.07331 0.0753788 0.0746408 0.0716729 0.0670922 0.0614386 0.0551487 0.0485575 0.0419104 0.0353856 0.0291224 0.0232463 0.0178827 0.0131574 0.00918103 0.00602171 0.00367948
 0.00884031 0.0143263 0.0214915 0.0302313 0.0402085 0.0507064 0.0605963 0.0686064 0.0737848 0.0758125 0.0749595 0.0718126 0.0670207 0.0611676 0.0547294 0.0480629 0.0414133 0.0349427 0.0287664 0.0229859 0.0177087 0.013051 0.00912101 0.00599017 0.00366378
 0.00880823 0.014279 0.0214299 0.0301605 0.0401383 0.0506511 0.0605741 0.0686377 0.0738878 0.0759946 0.0752095 0.072096 0.067285 0.0613575 0.0548065 0.0480194 0.0412733 0.03475 0.0285676 0.0228158 0.0175838 0.0129715 0.0090773 0.0059697 0.00365589
 0.0087083 0.0141247 0.0212134 0.0298815 0.0398059 0.0502849 0.0602061 0.0683105 0.0736481 0.0758834 0.0752511 0.072291 0.0676078 0.0617594 0.0552253 0.0483953 0.0415654 0.0349453 0.0286789 0.0228704 0.0176096 0.0129876 0.00909234 0.0059847 0.003669
 0.008511 0.0138265 0.0208071 0.0293764 0.0392261 0.0496659 0.0595921 0.0677526 0.0732001 0.0755934 0.0751535 0.0723998 0.067914 0.0622305 0.0558085 0.0490251 0.0421752 0.0354818 0.0291122 0.0231955 0.0178404 0.0131458 0.00919856 0.00605464 0.00371346
 0.00836538 0.0135958 0.0204721 0.0289264 0.0386642 0.0490154 0.0589008 0.0670892 0.072639 0.0751962 0.0749556 0.0724094 0.0681188 0.0626053 0.056318 0.049624 0.0428102 0.0360975 0.0296614 0.0236481 0.0181868 0.0133939 0.00936609 0.00616186 0.00377847
 0.00838405 0.0136065 0.0204518 0.0288416 0.0384795 0.0487078 0.0584723 0.0665716 0.0720877 0.0746772 0.0745311 0.0721269 0.0680046 0.0626636 0.0565341 0.0499684 0.0432429 0.0365719 0.0301299 0.0240699 0.0185348 0.013658 0.0095511 0.00628197 0.00385091
 0.00906873 0.0145718 0.0216302 0.0300751 0.0395611 0.0494501 0.0587652 0.0664006 0.0715169 0.0738173 0.0735106 0.0710723 0.0670248 0.0618386 0.0559091 0.0495546 0.0430235 0.0365107 0.03018 0.0241825 0.0186674 0.0137803 0.00964739 0.0063488 0.0038925
 0.00962463 0.0154753 0.0229794 0.0319336 0.0419124 0.0521445 0.0614937 0.0687395 0.0730516 0.0742885 0.0729006 0.0695834 0.0649799 0.0595693 0.0536821 0.0475467 0.0413278 0.0351557 0.0291497 0.0234343 0.018147 0.0134327 0.00942424 0.0062114 0.00381193
 0.00944147 0.0152891 0.0229064 0.032153 0.0426215 0.0534819 0.0634639 0.0711755 0.0756332 0.0766113 0.0745756 0.0703412 0.0647442 0.0584664 0.0519826 0.0455701 0.0393554 0.0333826 0.0276776 0.0222896 0.0173069 0.0128486 0.0090393 0.00597155 0.00367132
 0.00900872 0.0146251 0.0219887 0.0310082 0.041344 0.0522478 0.0625249 0.0708112 0.0760582 0.0778715 0.0764945 0.0725564 0.0668232 0.0600468 0.0528736 0.045779 0.0390413 0.0327706 0.0269775 0.0216478 0.0167962 0.0124839 0.00880132 0.00582827 0.00359131
 0.00896063 0.0145125 0.0217571 0.0305898 0.0406809 0.0513285 0.0614179 0.0696773 0.0751255 0.0773788 0.0766167 0.0733362 0.0681377 0.0616314 0.0544043 0.0469793 0.0397651 0.0330244 0.0268804 0.0213613 0.0164616 0.0121902 0.00858458 0.00568799 0.00351002
 0.00888974 0.0143953 0.021575 0.0303194 0.0402932 0.0507914 0.0607075 0.0687969 0.0741291 0.0763861 0.0758046 0.0728982 0.0682177 0.0622609 0.0554745 0.0482695 0.0410194 0.0340391 0.0275609 0.0217242 0.0165935 0.012194 0.00854069 0.00564158 0.0034775
 0.00869788 0.0141251 0.0212447 0.0299703 0.039974 0.0505358 0.0605154 0.068632 0.0739352 0.0761151 0.0754464 0.0725006 0.067884 0.0621183 0.0556208 0.048723 0.0417014 0.0348032 0.028254 0.0222443 0.0169139 0.012349 0.00859072 0.00564188 0.00346329
 0.00859207 0.0139409 0.0209483 0.0295304 0.0393791 0.0498143 0.0597463 0.0679303 0.0734105 0.0758259 0.0753793 0.0725894 0.0680563 0.0623385 0.0559031 0.0491089 0.0422169 0.0354264 0.0289133 0.0228488 0.0173932 0.0126772 0.00878454 0.00574018 0.0035059
 0.00858128 0.013909 0.0208726 0.0293788 0.0391153 0.0494094 0.0591933 0.0672568 0.0726836 0.0751428 0.0748431 0.0722758 0.0679892 0.0624893 0.0562158 0.049531 0.0427159 0.0359812 0.0294958 0.023414 0.0178892 0.0130653 0.00905308 0.00590411 0.00359423
 0.00861053 0.0139545 0.020936 0.0294569 0.0391967 0.0494706 0.0591987 0.0671645 0.0724599 0.0747801 0.0743726 0.0717658 0.0675266 0.0621516 0.0560476 0.0495372 0.0428714 0.0362478 0.0298325 0.0237793 0.0182413 0.0133679 0.00928396 0.00605965 0.00368648
 0.00859146 0.0139301 0.0209117 0.0294416 0.0392001 0.0494986 0.0592479 0.0672197 0.0724945 0.0747615 0.0742724 0.0715725 0.067256 0.0618479 0.0557713 0.0493453 0.0427989 0.0362998 0.029988 0.0240017 0.0184888 0.0136025 0.00947832 0.00620157 0.00377783
 0.00854791 0.0138697 0.0208401 0.0293714 0.0391479 0.0494803 0.059274 0.0672915 0.0726024 0.0748848 0.074381 0.071633 0.0672417 0.0617499 0.0556058 0.0491508 0.0426244 0.0361876 0.0299597 0.0240538 0.0185982 0.0137369 0.00960817 0.00630718 0.00385199
 0.00856251 0.0138852 0.020849 0.029363 0.0391137 0.0494203 0.059201 0.0672289 0.072575 0.0749074 0.0744507 0.0717295 0.0673336 0.0618056 0.0556045 0.0490909 0.0425247 0.0360805 0.0298789 0.024021 0.0186164 0.013793 0.00968091 0.00637693 0.00390681
 0.00846484 0.0137484 0.020683 0.0291896 0.0389585 0.0493012 0.0591213 0.0671795 0.0725451 0.0748949 0.0744644 0.0717819 0.0674295 0.0619347 0.0557438 0.0492142 0.0426145 0.0361352 0.0299112 0.0240495 0.0186554 0.0138463 0.00974228 0.00643597 0.00395489
 0.00822674 0.0134027 0.0202405 0.0286893 0.0384597 0.0488684 0.0588091 0.0670222 0.0725508 0.0750445 0.074718 0.072092 0.0677559 0.0622524 0.0560397 0.0494806 0.042844 0.0363224 0.0300566 0.0241606 0.0187438 0.0139213 0.00980816 0.00649196 0.00399862
 0.00790203 0.0129101 0.0195671 0.0278521 0.0375079 0.0478811 0.0578907 0.0662891 0.0721058 0.0749463 0.0749618 0.0726135 0.0684565 0.0630301 0.0568125 0.0501951 0.0434725 0.0368546 0.0304923 0.0245063 0.0190103 0.0141218 0.00995523 0.00659627 0.00406898
#obs surv len freq
 nan nan nan nan nan nan nan nan nan nan nan nan nan nan nan nan nan nan nan nan nan nan nan nan nan
 0.00447495 0.0073321 0.0111585 0.0159731 0.0216744 0.0279526 0.0342707 0.0400061 0.0446894 0.0481563 0.0505166 0.0520144 0.0529083 0.053422 0.0537373 0.053993 0.0542722 0.0545653 0.0547043 0.0542963 0.0527341 0.0493656 0.0438144 0.036293 0.027675
 0.00461199 0.00755373 0.0114898 0.0164358 0.0222826 0.0287045 0.0351406 0.0409416 0.045617 0.0489947 0.0511913 0.0524692 0.0531125 0.0533717 0.0534524 0.0535093 0.0536323 0.0538117 0.0538758 0.0534295 0.0518675 0.0485417 0.043077 0.0356796 0.0272062
 0.0047848 0.00783607 0.0119171 0.0170414 0.0230903 0.029718 0.036332 0.0422476 0.0469472 0.0502475 0.0522698 0.0532916 0.053618 0.0535251 0.0532466 0.0529649 0.0527925 0.0527339 0.0526251 0.0520755 0.0504852 0.0472114 0.0418788 0.0346793 0.0264403
 0.00497238 0.00814566 0.0123917 0.017724 0.0240155 0.0308984 0.0377439 0.0438259 0.0485929 0.0518453 0.0537058 0.0544645 0.0544448 0.0539455 0.0532258 0.052496 0.0518976 0.0514631 0.0510529 0.0502982 0.0486174 0.0453806 0.040211 0.0332779 0.0253634
 0.00519121 0.00850203 0.0129295 0.0184852 0.0250335 0.0321861 0.0392812 0.0455529 0.050416 0.0536516 0.0553783 0.0558929 0.0555324 0.0546126 0.0534139 0.0521712 0.0510544 0.0501286 0.049292 0.0482159 0.0463576 0.0431149 0.0381159 0.0315006 0.0239894
 0.00541447 0.00886945 0.0134906 0.0192892 0.0261189 0.0335667 0.0409304 0.0473996 0.0523557 0.055567 0.0571568 0.0574341 0.0567482 0.0554252 0.0537561 0.0519895 0.050316 0.0488315 0.0474769 0.0459783 0.0438517 0.0405428 0.0356965 0.0294234 0.0223707
 0.00564619 0.00924794 0.0140639 0.0201039 0.0272124 0.034954 0.04259 0.049267 0.0543306 0.0575312 0.0589926 0.0590361 0.0580276 0.0563091 0.0541826 0.0519056 0.0496786 0.0476178 0.0457021 0.0437164 0.0412494 0.0378132 0.033085 0.0271524 0.0205845
 0.00589258 0.00965196 0.0146783 0.0209795 0.0283886 0.0364422 0.0443586 0.0512362 0.0563855 0.0595445 0.0608453 0.0606282 0.0592788 0.0571559 0.0545737 0.0517969 0.049032 0.0464065 0.043928 0.0414352 0.0385925 0.0349898 0.0303509 0.0247499 0.0186786
 0.00613997 0.0100582 0.0152974 0.0218643 0.0295807 0.0379556 0.0461628 0.0532501 0.0584883 0.0615993 0.0627222 0.0622188 0.0605011 0.0579523 0.0549048 0.0516331 0.0483478 0.0451826 0.0421651 0.0391787 0.035959 0.0321753 0.0276054 0.0223195 0.0167373
 0.00638427 0.0104587 0.0159063 0.0227327 0.0307484 0.0394362 0.0479272 0.0552205 0.0605485 0.0636158 0.0645661 0.0637793 0.0616917 0.0587119 0.0551948 0.0514309 0.0476394 0.0439608 0.0404378 0.0369904 0.0334158 0.0294573 0.0249471 0.0199565 0.0148413
 0.00662452 0.0108517 0.0165023 0.0235798 0.0318834 0.0408698 0.0496285 0.0571121 0.0625167 0.0655327 0.0663096 0.0652459 0.0628007 0.0594056 0.0554359 0.0511985 0.0469242 0.0427627 0.0387725 0.0349049 0.0310105 0.0268971 0.0224461 0.0177317 0.0130525
 0.00682692 0.0111865 0.0170167 0.0243214 0.0328905 0.0421563 0.0511686 0.0588353 0.0643176 0.067292 0.0679136 0.066598 0.063826 0.0600502 0.0556648 0.0509915 0.0462724 0.0416679 0.0372524 0.0330067 0.0288277 0.0245791 0.0201845 0.0157199 0.0114334
 0.00705418 0.0115558 0.0175721 0.0251035 0.0339286 0.0434555 0.0526969 0.0605185 0.0660491 0.0689524 0.0693909 0.0678008 0.0646884 0.0605317 0.0557456 0.0506667 0.0455461 0.0405514 0.0357688 0.0312036 0.026792 0.0224446 0.0181199 0.0138938 0.00996907
 0.00729233 0.0119468 0.018167 0.0259503 0.0350604 0.0448728 0.0543516 0.0623105 0.0678441 0.0706108 0.0707939 0.0688638 0.0653619 0.060796 0.0556037 0.0501361 0.0446515 0.0393213 0.0342384 0.0294247 0.0248463 0.0204503 0.0162221 0.0122344 0.00864904
 0.00744676 0.0122044 0.0185672 0.0265345 0.0358646 0.0459146 0.0556159 0.0637424 0.0693532 0.0720861 0.0721213 0.0699425 0.0661158 0.0611799 0.055603 0.0497601 0.0439257 0.0382805 0.0329254 0.0278957 0.0231797 0.0187513 0.0146141 0.0108351 0.00754011
 0.00752901 0.0123378 0.0187681 0.0268203 0.0362532 0.0464231 0.0562559 0.0645147 0.0702428 0.0730581 0.0731199 0.0708943 0.0669386 0.0617947 0.0559466 0.0497936 0.0436369 0.0376813 0.0320489 0.0267948 0.0219291 0.0174468 0.0133637 0.00973939 0.00666833
 0.00758973 0.0124316 0.0189004 0.0269937 0.0364687 0.0466814 0.0565589 0.0648664 0.070649 0.0735245 0.0736476 0.0714713 0.0675334 0.0623549 0.0564053 0.0500823 0.0436999 0.0374871 0.0315959 0.0261131 0.0210784 0.0165109 0.0124383 0.00891337 0.00600384
 0.00767133 0.0125542 0.0190661 0.0271976 0.0367002 0.0469269 0.0568046 0.065101 0.0708667 0.0737285 0.0738502 0.0716897 0.0677806 0.0626294 0.0566839 0.0503212 0.0438426 0.0374797 0.0314028 0.0257291 0.0205333 0.0158655 0.011771 0.00830117 0.00550291
 0.00772268 0.0126377 0.0191911 0.0273713 0.036924 0.0471926 0.0570918 0.0653794 0.0711052 0.0739059 0.0739632 0.0717529 0.0678195 0.0626699 0.056741 0.0503907 0.0438994 0.0374835 0.0313114 0.025515 0.0201966 0.0154373 0.0113057 0.00785945 0.00513301
 0.00779847 0.0127544 0.0193549 0.0275835 0.0371814 0.0474872 0.05741 0.0657005 0.0714024 0.0741499 0.0741289 0.0718271 0.0678057 0.0625875 0.056619 0.050256 0.0437659 0.0373464 0.0311507 0.0253065 0.0199272 0.0151149 0.0109593 0.00752885 0.00485347
 0.00779147 0.012745 0.0193446 0.0275752 0.0371791 0.0474958 0.0574345 0.065746 0.071473 0.0742477 0.0742511 0.0719641 0.0679426 0.0627084 0.0567127 0.0503194 0.0438012 0.0373553 0.0311286 0.0252436 0.0198146 0.014954 0.0107662 0.00732991 0.00467583
 0.0078334 0.0127989 0.0193994 0.0276128 0.0371803 0.0474493 0.0573442 0.0656314 0.0713622 0.0741679 0.0742207 0.0719897 0.068019 0.0628215 0.0568435 0.0504483 0.0439128 0.037439 0.0311777 0.0252526 0.0197805 0.014879 0.0106606 0.00721142 0.00456395
 0.00786702 0.0128546 0.0194842 0.0277309 0.0373289 0.047614 0.0574974 0.0657385 0.0713951 0.0741183 0.0741059 0.0718448 0.0678823 0.0627206 0.0567886 0.0504342 0.0439245 0.037459 0.0311903 0.0252467 0.0197499 0.0148234 0.010586 0.00712891 0.00448601
 0.00788366 0.012877 0.0195097 0.0277553 0.0373485 0.0476286 0.057511 0.0657561 0.0714172 0.0741376 0.0741097 0.0718233 0.0678365 0.0626638 0.0567404 0.0504102 0.0439298 0.0374871 0.0312275 0.0252779 0.0197639 0.0148155 0.0105582 0.00708865 0.00444289
 0.00789157 0.0128881 0.0195228 0.0277679 0.0373566 0.0476276 0.0574975 0.0657294 0.0713808 0.0740988 0.0740766 0.071801 0.0678244 0.0626583 0.0567389 0.0504144 0.0439441 0.0375141 0.0312646 0.0253173 0.0197957 0.0148325 0.0105585 0.00707561 0.004423
 0.00788232 0.0128713 0.0194946 0.0277237 0.037293 0.047544 0.0573978 0.0656224 0.0712781 0.0740122 0.074016 0.0717731 0.0678316 0.0626982 0.0568047 0.050497 0.0440352 0.0376075 0.0313557 0.0254011 0.0198666 0.0148855 0.0105917 0.00709099 0.00442563
 0.00789186 0.0128827 0.019504 0.0277248 0.0372781 0.047507 0.0573359 0.0655379 0.0711781 0.0739075 0.0739192 0.0716962 0.0677842 0.0626852 0.0568259 0.0505477 0.0441073 0.0376917 0.0314431 0.0254842 0.0199392 0.0149432 0.0106323 0.00711536 0.00443722
 0.00788573 0.0128735 0.0194913 0.0277081 0.0372565 0.0474781 0.0572965 0.0654845 0.0711093 0.0738261 0.0738328 0.0716157 0.0677215 0.0626501 0.0568239 0.050579 0.044167 0.0377716 0.0315332 0.0255744 0.0200212 0.0150109 0.0106829 0.00714913 0.00445689
 0.0078535 0.0128207 0.0194114 0.0275958 0.0371098 0.0473014 0.0571021 0.0652919 0.0709402 0.073698 0.0737549 0.0715894 0.067743 0.0627135 0.0569232 0.0507078 0.0443179 0.0379354 0.0316992 0.0257318 0.0201604 0.0151253 0.0107696 0.00720913 0.00449454
 0.00784045 0.0127967 0.0193703 0.0275299 0.0370121 0.047168 0.0569357 0.0651031 0.0707466 0.0735209 0.0736147 0.0715013 0.0677142 0.0627431 0.0570036 0.0508282 0.0444665 0.0381006 0.0318694 0.0258959 0.0203083 0.0152492 0.0108655 0.00727728 0.00453859
 0.0078099 0.0127455 0.0192903 0.027413 0.0368519 0.0469633 0.0566937 0.0648398 0.0704851 0.0732869 0.0734321 0.0713885 0.0676819 0.0627928 0.0571278 0.051012 0.0446909 0.0383456 0.0321164 0.0261289 0.0205146 0.0154203 0.0109975 0.00737132 0.00459995
 0.00777649 0.0126899 0.0192046 0.0272889 0.0366832 0.0467484 0.0564385 0.0645596 0.0702022 0.0730267 0.0732194 0.0712438 0.067619 0.0628177 0.0572376 0.0511955 0.0449303 0.0386186 0.0324 0.0264016 0.0207589 0.0156243 0.0111558 0.00748471 0.0046745
 0.00776262 0.0126646 0.019161 0.0272191 0.036579 0.0466047 0.0562557 0.0643449 0.0699693 0.0727936 0.0730059 0.0710696 0.0675016 0.06277 0.0572663 0.0512994 0.0451001 0.0388378 0.0326472 0.0266536 0.0209946 0.0158274 0.011317 0.00760225 0.00475285
 0.0077385 0.0126258 0.0191035 0.0271391 0.0364734 0.0464718 0.0560967 0.0641645 0.0697762 0.0725998 0.0728254 0.0709172 0.0673916 0.062714 0.0572726 0.0513712 0.0452341 0.0390241 0.0328692 0.0268905 0.0212245 0.0160315 0.011483 0.00772554 0.00483626
 0.00932325 0.0148446 0.0217826 0.029896 0.0388292 0.0480281 0.0566761 0.0638362 0.0687731 0.0711984 0.0712584 0.0693428 0.0659032 0.0613627 0.0560852 0.0503607 0.0444043 0.0383705 0.0323792 0.0265441 0.0209958 0.0158922 0.0114058 0.00768745 0.00482002
 0.0093086 0.0151141 0.022705 0.0319286 0.0423185 0.0529413 0.0624307 0.0693947 0.0730115 0.073349 0.0711622 0.067391 0.0627644 0.0576963 0.0523782 0.0469028 0.0413368 0.0357475 0.0302088 0.0248096 0.0196636 0.0149153 0.010727 0.00724419 0.00455024
 0.00895571 0.0145616 0.0219346 0.0309941 0.0413981 0.0523721 0.062667 0.0708466 0.0757995 0.0771223 0.0751424 0.0706667 0.0646699 0.0580409 0.0514161 0.0451206 0.039224 0.033663 0.0283582 0.02328 0.0184703 0.014034 0.0101129 0.00684307 0.00430644
 0.00879896 0.0142898 0.0214952 0.0303318 0.0404761 0.0512096 0.0613842 0.0696917 0.0751245 0.0772835 0.0763425 0.0728092 0.0673297 0.0606031 0.0533235 0.0460843 0.0392802 0.0330738 0.0274507 0.0223233 0.0176279 0.0133743 0.00964155 0.00653268 0.00411793
 0.0087271 0.0141693 0.0213057 0.0300485 0.0400705 0.0506549 0.0606672 0.0688324 0.0742004 0.0764477 0.075814 0.0728157 0.0680074 0.0619004 0.0549778 0.0477092 0.0405236 0.0337534 0.0275898 0.0220865 0.0172169 0.0129489 0.00929015 0.00628272 0.00396
 0.00869828 0.0141205 0.0212281 0.0299314 0.0399023 0.0504237 0.0603625 0.0684471 0.073735 0.07592 0.0752741 0.0723594 0.0677667 0.0620026 0.0554795 0.0485432 0.0415034 0.0346455 0.0282135 0.0223797 0.0172331 0.012802 0.00909156 0.0061049 0.00383194
 0.00870227 0.014125 0.0212308 0.0299284 0.0398871 0.0503881 0.0602966 0.0683396 0.0735748 0.0756988 0.0749924 0.0720346 0.0674432 0.0617532 0.0553887 0.048672 0.0418498 0.0351301 0.0287078 0.0227635 0.0174452 0.0128529 0.00903837 0.00601211 0.00374463
 0.00868137 0.0140965 0.021198 0.0298971 0.0398639 0.0503764 0.0602942 0.068338 0.0735608 0.0756582 0.074913 0.0719104 0.067279 0.0615705 0.0552277 0.0485838 0.0418769 0.035282 0.0289488 0.0230252 0.0176587 0.0129792 0.009079 0.00599582 0.00370561
 0.00868387 0.0140959 0.0211888 0.0298724 0.0398184 0.0503107 0.0602167 0.0682632 0.0735031 0.0756242 0.074898 0.0719005 0.0672583 0.061529 0.0551689 0.0485264 0.0418496 0.0353106 0.0290406 0.0231622 0.0178045 0.0130977 0.00915057 0.00602257 0.00370323
 0.00865796 0.0140578 0.0211388 0.0298127 0.0397519 0.0502388 0.0601394 0.0681811 0.0734199 0.0755487 0.0748419 0.0718731 0.0672608 0.061554 0.0552046 0.0485643 0.0418901 0.0353625 0.0291138 0.0232581 0.0179121 0.0131981 0.00922729 0.00606897 0.00372353
 0.00865308 0.0140484 0.021122 0.0297856 0.0397124 0.0501876 0.0600808 0.0681213 0.0733652 0.0755026 0.0748053 0.0718457 0.067244 0.0615496 0.0552133 0.0485845 0.0419193 0.0353998 0.0291607 0.0233158 0.0179779 0.0132643 0.00928406 0.00610958 0.00374703
 0.00862914 0.0140126 0.0210741 0.0297271 0.0396459 0.0501163 0.0600074 0.0680492 0.0732988 0.0754475 0.074767 0.0718282 0.0672479 0.0615729 0.0552524 0.0486354 0.0419784 0.035464 0.0292278 0.0233843 0.0180455 0.0133272 0.00933759 0.00615 0.00377346
 0.00863228 0.0140151 0.021073 0.0297184 0.0396259 0.0500835 0.0599638 0.0679999 0.0732499 0.0754037 0.0747309 0.0718004 0.067229 0.0615641 0.0552546 0.0486489 0.0420023 0.0354967 0.0292672 0.023428 0.0180907 0.0133708 0.00937595 0.00618037 0.00379468
 0.0086281 0.0140085 0.0210634 0.0297049 0.0396075 0.0500586 0.0599308 0.0679583 0.0732013 0.0753525 0.0746833 0.0717631 0.0672064 0.0615575 0.0552632 0.0486704 0.042034 0.035536 0.0293114 0.0234745 0.0181367 0.0134133 0.00941244 0.00620903 0.00381499
 0.00861552 0.0139894 0.021037 0.0296716 0.0395687 0.0500161 0.0598872 0.0679162 0.0731628 0.0753193 0.0746565 0.0717437 0.0671962 0.0615585 0.0552764 0.0486957 0.0420697 0.0355792 0.029359 0.0235232 0.0181835 0.0134555 0.00944795 0.00623657 0.00383447
 0.00861552 0.0139894 0.021037 0.0296716 0.0395687 0.0500161 0.0598872 0.0679162 0.0731628 0.0753193 0.0746565 0.0717437 0.0671962 0.0615585 0.0552764 0.0486957 0.0420697 0.0355792 0.029359 0.0235232 0.0181835 0.0134555 0.00944795 0.00623657 0.00383447
#pred catch len freq
 0.00444554 0.00702444 0.0102282 0.013974 0.0182151 0.0229234 0.0280175 0.0333203 0.0385883 0.0435714 0.0480552 0.0518839 0.0549732 0.0573092 0.0589253 0.0598714 0.0601925 0.0599099 0.0589847 0.0572583 0.0544171 0.0500654 0.0439496 0.0362399 0.0276563
 0.00480594 0.00749895 0.0107402 0.014393 0.0184051 0.0228125 0.0276451 0.0328255 0.0381393 0.0432803 0.0479304 0.0518436 0.0549057 0.0571404 0.0586607 0.0595957 0.0600278 0.0599525 0.0592495 0.0576609 0.0548084 0.0503024 0.0439619 0.0360527 0.0273614
 0.00510776 0.00798549 0.011457 0.0153593 0.0195867 0.0240956 0.0288344 0.0336912 0.038509 0.0431232 0.0473713 0.0510892 0.0541343 0.0564326 0.0580089 0.058968 0.0594265 0.0594247 0.0588483 0.0573964 0.0546277 0.050118 0.0437053 0.0357135 0.0269856
 0.00540482 0.00844995 0.0121249 0.0162602 0.0207466 0.0255332 0.0305388 0.035585 0.0404182 0.0447883 0.0485173 0.05153 0.0538489 0.0555598 0.0567655 0.0575529 0.0579728 0.0580084 0.0575167 0.0561798 0.0535343 0.0491337 0.0428128 0.034914 0.0263032
 0.00575011 0.00898227 0.0128736 0.0172379 0.0219548 0.0269692 0.0321973 0.0374496 0.0424436 0.0468766 0.0504984 0.0531674 0.0548897 0.0558183 0.056196 0.0562633 0.0561721 0.0559262 0.0553445 0.0540519 0.051537 0.047323 0.0412288 0.0335891 0.0252595
 0.00610905 0.00953928 0.0136635 0.0182783 0.0232481 0.0285049 0.0339506 0.0393778 0.0444863 0.0489573 0.0525217 0.0550087 0.0563853 0.0567756 0.0564344 0.0556761 0.0547748 0.0538596 0.0528312 0.0513344 0.0488316 0.0448012 0.0390165 0.0317684 0.0238653
 0.00641337 0.0100205 0.0143638 0.019231 0.024476 0.0300162 0.0357302 0.0413793 0.0466314 0.0511433 0.0546332 0.0569266 0.0579887 0.0579368 0.0570177 0.0555519 0.0538563 0.0521474 0.0504377 0.0484722 0.04577 0.0418123 0.0363304 0.029543 0.022171
 0.00674548 0.010534 0.0150892 0.0201847 0.025665 0.0314436 0.037393 0.0432586 0.0486803 0.0532805 0.0567458 0.0588822 0.0596521 0.0591821 0.0577308 0.0556293 0.0532114 0.0507338 0.0482861 0.0457178 0.0426499 0.0386258 0.0333746 0.0270476 0.0202563
 0.00713125 0.0111255 0.015914 0.021248 0.0269545 0.0329372 0.0390619 0.0450646 0.0505733 0.0551981 0.0586131 0.0606113 0.0611424 0.0603257 0.0584197 0.0557621 0.0527004 0.0495192 0.0463621 0.043165 0.0396551 0.0354661 0.0303619 0.024451 0.0182365
 0.00743214 0.0116013 0.0166058 0.022186 0.028155 0.0343964 0.0407475 0.0469126 0.0524936 0.0570899 0.0603806 0.0621717 0.0624267 0.0612721 0.0589658 0.0558397 0.0522373 0.0484525 0.0446637 0.0408767 0.0369161 0.0325135 0.027488 0.0219289 0.0162464
 0.00776994 0.012121 0.0173348 0.0231351 0.0293233 0.0357775 0.0423277 0.0486603 0.0543483 0.0589583 0.0621453 0.0637111 0.0636374 0.0620827 0.0593355 0.0557442 0.0516528 0.0473515 0.04303 0.0387375 0.034376 0.0297672 0.0247925 0.0195389 0.0143411
 0.00825079 0.0128501 0.0183348 0.0243946 0.0308049 0.0374307 0.0440967 0.0504837 0.0561571 0.0606765 0.0636918 0.0650027 0.0645938 0.0626358 0.0594392 0.055377 0.0508124 0.0460448 0.0412733 0.0365726 0.0318974 0.0271393 0.0222346 0.0172741 0.0125313
 0.0087158 0.0135702 0.0193515 0.0257221 0.0324287 0.0393066 0.0461471 0.0525971 0.0582001 0.0625155 0.0652155 0.0661336 0.0652878 0.0628745 0.0592213 0.054712 0.0497166 0.0445409 0.0393945 0.0343738 0.0294733 0.0246355 0.0198375 0.015171 0.0108575
 0.00909566 0.0141629 0.0201984 0.0268482 0.0338425 0.0409979 0.0480784 0.0546924 0.06034 0.0645469 0.0669734 0.0674712 0.0661029 0.0631247 0.0589188 0.0539054 0.048469 0.0429158 0.037454 0.0321892 0.0271411 0.0222875 0.017632 0.0132614 0.00935031
 0.00937409 0.0145999 0.0208281 0.0276949 0.0349204 0.0423098 0.0496088 0.0563994 0.0621498 0.0663547 0.0686503 0.0688775 0.0671086 0.0636319 0.0588802 0.0533289 0.0474073 0.0414484 0.0356714 0.0301883 0.0250306 0.0201936 0.015692 0.0116005 0.00805047
 0.00963064 0.0150003 0.0214002 0.0284558 0.0358769 0.0434577 0.0509293 0.0578531 0.0636745 0.0678682 0.0700569 0.0700758 0.0680005 0.0641337 0.0589337 0.0529111 0.0465354 0.0401771 0.0340845 0.0283897 0.0231378 0.0183331 0.0139891 0.01016 0.00693494
 0.00981416 0.015282 0.0217947 0.0289686 0.036509 0.0442097 0.0518014 0.0588389 0.0647524 0.0689945 0.0711661 0.0710862 0.0688262 0.0646955 0.0591687 0.0527794 0.0460252 0.0393086 0.0329107 0.0269939 0.0216268 0.0168263 0.0126028 0.00898802 0.00603026
 0.00977748 0.0152344 0.0217456 0.0289361 0.0365166 0.0442826 0.0519623 0.0591071 0.0651436 0.0695182 0.0718187 0.0718425 0.0696333 0.0654758 0.0598308 0.0532349 0.0462052 0.0391765 0.0324699 0.0262887 0.0207374 0.0158563 0.0116603 0.00816424 0.00538145
 0.00970028 0.0151194 0.0215927 0.0287539 0.0363226 0.0441016 0.0518251 0.0590469 0.0651913 0.0696961 0.0721358 0.0722925 0.0701935 0.0661055 0.0604711 0.053812 0.0466415 0.039406 0.0324546 0.02603 0.0202782 0.0152724 0.0110423 0.00759551 0.00491902
 0.00961401 0.0149913 0.0214226 0.0285491 0.036096 0.0438682 0.0516004 0.0588485 0.0650413 0.0696219 0.0721658 0.0724486 0.0704836 0.0665175 0.0609712 0.0543469 0.0471445 0.0398075 0.0326967 0.0260817 0.0201453 0.0149971 0.0106911 0.00723843 0.00461083
 0.00976321 0.0151985 0.0216691 0.0287963 0.0362964 0.0439841 0.0516172 0.058777 0.0649082 0.0694575 0.0719973 0.0723004 0.0703784 0.0664757 0.0610048 0.054452 0.0472971 0.039966 0.0328119 0.0261118 0.0200703 0.0148262 0.0104588 0.00699139 0.00439037
 0.00996869 0.0154943 0.0220424 0.0292079 0.0366884 0.0442942 0.0517939 0.0587904 0.0647566 0.0691696 0.0716268 0.0719121 0.0700315 0.0662114 0.0608427 0.054392 0.0473226 0.0400466 0.0329075 0.0261812 0.0200831 0.0147723 0.0103504 0.00685574 0.00425758
 0.00988943 0.0153957 0.0219488 0.0291573 0.0367183 0.0444202 0.0519944 0.0590089 0.0649224 0.0692267 0.0715557 0.0717348 0.0698004 0.065989 0.0606816 0.0543218 0.0473465 0.0401447 0.0330455 0.0263198 0.0201885 0.0148249 0.0103493 0.00681559 0.00419996
 0.00970918 0.0151335 0.0216129 0.0287796 0.0363503 0.0441235 0.0518272 0.0590106 0.065098 0.0695376 0.071926 0.072077 0.0700487 0.0661218 0.0607217 0.0543177 0.0473465 0.0401785 0.0331173 0.0264137 0.0202795 0.0148915 0.0103814 0.00681601 0.00418034
 0.00971467 0.0151229 0.021562 0.0286566 0.0361278 0.0437958 0.0514246 0.0585999 0.0647648 0.0693575 0.0719373 0.0722664 0.0703567 0.0664668 0.0610315 0.0545535 0.0475076 0.0402893 0.0332059 0.0264967 0.020358 0.0149571 0.0104258 0.00683728 0.00418325
 0.00970043 0.0151042 0.0215404 0.0286322 0.0360941 0.0437348 0.0513082 0.0584015 0.0644788 0.0690152 0.071606 0.0720268 0.0702693 0.0665459 0.0612423 0.054832 0.0477905 0.0405357 0.0334027 0.0266489 0.0204754 0.0150461 0.010489 0.00687662 0.00420314
 0.00972314 0.0151285 0.0215542 0.0286177 0.0360339 0.0436202 0.0511436 0.0582012 0.064258 0.0687835 0.0713703 0.0718023 0.0700874 0.0664478 0.0612598 0.0549692 0.0480191 0.040808 0.033672 0.0268839 0.020663 0.0151861 0.0105869 0.00694001 0.00424017
 0.00982402 0.0152718 0.0217308 0.028804 0.0361958 0.0437215 0.0511554 0.0581087 0.0640651 0.0685124 0.0710563 0.0714843 0.0697997 0.0662176 0.0611086 0.0549114 0.0480569 0.0409267 0.0338416 0.027069 0.020834 0.0153255 0.0106892 0.00700833 0.00428155
 0.0098776 0.0153645 0.0218794 0.0290244 0.0364954 0.0440887 0.0515523 0.0584737 0.0643287 0.0686191 0.0709828 0.0712451 0.0694401 0.0657983 0.0606905 0.0545441 0.0477731 0.0407395 0.0337458 0.0270447 0.0208543 0.0153649 0.0107296 0.00704041 0.00430294
 0.00991211 0.015421 0.0219662 0.0291518 0.0366763 0.0443369 0.0518771 0.0588708 0.0647694 0.069047 0.0713229 0.0714256 0.0694181 0.0655761 0.0603134 0.0540836 0.0473039 0.0403212 0.0334134 0.0268079 0.0207032 0.0152791 0.0106864 0.00702124 0.0042954
 0.00984373 0.0153208 0.0218362 0.0290025 0.0365253 0.0442073 0.051795 0.058863 0.0648586 0.0692434 0.0716143 0.0717721 0.0697576 0.0658418 0.0604564 0.0540902 0.0471975 0.0401494 0.0332279 0.0266479 0.0205878 0.015209 0.0106515 0.00700797 0.00429273
 0.00969947 0.0151042 0.021544 0.0286442 0.036122 0.043788 0.0513949 0.0585217 0.0646179 0.0691409 0.0716747 0.0719989 0.0701266 0.0663016 0.0609384 0.054526 0.0475389 0.0403801 0.0333618 0.0267158 0.0206216 0.0152309 0.0106713 0.00702706 0.00430905
 0.00947622 0.0147732 0.0211049 0.0281177 0.0355433 0.0431973 0.0508304 0.0580193 0.0642134 0.0688705 0.071571 0.0720839 0.0704038 0.0667499 0.0615107 0.0551563 0.0481561 0.040925 0.0338001 0.0270415 0.0208496 0.015385 0.010774 0.0070947 0.00435239
