SBPRF35
7.78865
Curr Bio
547534
B35
631899
F35
0.22332
FOFL
0.193225
OFL
81708.4
Bzero
2.22533e+006
#pred survey bio
 3.60391e+006 3.2346e+006 2.8838e+006 2.54065e+006 2.23812e+006 1.93627e+006 1.70935e+006 1.49012e+006 1.30231e+006 1.17168e+006 1.03062e+006 916007 828568 777079 734399 696704 667905 637372 613639 596156 574511 571717 563478 556181 550486 549824 552075 561234 559201 560815 561483 552986 549298 538814 532664 530617 535665 530719 532037 538289 552321 549788 548244 556025 562381 569174 576397 541592 555042 549128 570709 563207 546464 536904 512127 500173 530503 548836 522722 519642 490681 498153 513818 548410 1.93147e+007 1.18378e+007 1.22389e+007 1.29492e+007 1.37978e+007 1.46224e+007 1.53385e+007 1.59186e+007 1.63675e+007 1.67044e+007 1.69524e+007 1.71329e+007 1.72634e+007 1.73578e+007 1.7426e+007 1.74756e+007 1.75118e+007 1.75385e+007 1.75582e+007 1.75728e+007 1.75838e+007 1.75921e+007 1.75983e+007 1.76031e+007 1.76067e+007 1.76095e+007 1.76116e+007 1.76132e+007 1.76144e+007 1.76154e+007 1.76161e+007 1.76167e+007 1.76171e+007 1.76175e+007 1.76177e+007 1.76179e+007 1.76181e+007 1.76182e+007 1.76183e+007 1.76184e+007 1.76184e+007 1.76185e+007 1.76185e+007 1.76185e+007 1.76185e+007 1.76186e+007 1.76186e+007 1.76186e+007 1.76186e+007 1.76186e+007 1.76186e+007 1.76186e+007 1.76186e+007 1.76186e+007 1.76186e+007 1.76186e+007 1.76186e+007 1.76186e+007 1.76186e+007 1.76186e+007 1.76186e+007 1.76186e+007 1.76186e+007 1.76186e+007 1.76186e+007 1.76186e+007 1.76186e+007 1.76186e+007 1.76186e+007 1.76186e+007 1.76186e+007 1.76186e+007 1.76186e+007 1.76186e+007 1.76186e+007 1.76186e+007 1.76186e+007 1.76186e+007 1.76186e+007 1.76186e+007 1.76186e+007 1.76186e+007 1.76186e+007 1.76186e+007 1.76186e+007 1.76186e+007 1.76186e+007 1.76186e+007 1.76186e+007 1.76186e+007 1.76186e+007 1.76186e+007 1.76186e+007 1.76186e+007 1.76186e+007 1.76186e+007 1.76186e+007 1.76186e+007 1.76186e+007 1.76186e+007 0 0 0 0 0 0 0 0 0 0 0 0 0 0 0 0 0 0 0 0 0 0 0 0 0
#obs survey bio
 2.67988e+006 3.4828e+006 1.68731e+006 2.20586e+006 1.84668e+006 1.82706e+006 1.24064e+006 1.23407e+006 935232 990015 1.12697e+006 621824 667020 659017 642543 684066 902070 536518 492776 525274 574566 627660 392941 424486 441464 541990 559676 341602 638894 513725 527450 622748 641451 730300 655107 503320 707907 483117 434651 466781 570213 461319 419646 536899 702875 607599 525776 622238 500148 738725 571776 571366 641374 507940 407360 536497 687066 541198 497013 596670 522092 525970 598170 499783
#pred catch bio
 248569 266092 295574 291654 319447 275079 285895 271615 231475 246648 226005 203382 172427 162639 153548 140197 136452 127054 119323 120391 102091 104530 101823 99107.4 94248.2 91874.4 86676.8 96032.2 91171.9 88992.1 92847.6 86631.4 93666.3 92090.3 89913.8 84895.4 93773.1 88989.2 86600.9 82460.8 97721.5 96942.8 89279.9 90687.6 90453.9 90661.9 125276 83968 100417 76769.1 100845 107476 101111 113874 102963 68863.3 79746.9 114995 94262.9 116375 86893.1 82720.7 69817.2 97407.9 81708.4 94650.8 96695.1 101134 107189 113214 118378 122442 125464 127623 129120 130133 130807 131249 131536 131720 131838 131913 131960 131990 132009 132020 132028 132032 132035 132037 132038 132039 132039 132039 132040 132040 132040 132040 132040 132040 132040 132040 132040 132040 132040 132040 132040 132040 132040 132040 132040 132040 132040 132040 132040 132040 132040 132040 132040 132040 132040 132040 132040 132040 132040 132040 132040 132040 132040 132040 132040 132040 132040 132040 132040 132040 132040 132040 132040 132040 132040 132040 132040 132040 132040 132040 132040 132040 132040 132040 132040 132040 132040 132040 132040 132040 132040 132040 132040 132040 132040 132040 132040 132040 0 0 0 0 0 0 0 0 0 0 0 0 0 0 0 0 0 0 0 0 0 0 0 0 0
#obs catch bio
 224223 266586 297617 293812 324150 278404 290641 276266 235995 252639 230958 208520 176743 166776 156589 141940 136686 128113 120588 122040 103351 105030 102618 99761 94912.2 92589 87237.3 97577.9 92250 89850.1 93538.7 86846 93583.8 91413.5 88929.2 84212.3 93152.9 88447.5 86288.3 82498.2 97872.2 97220.2 89443 90758.2 90154.4 90056 126233 83479.7 100941 76334.7 100454 107145 100192 113217 103136 68578.4 79260.5 114863 93103.3 116026 86603 82811.4 69473.1 97643.8
#pred cpue bio
 3.54147e+006 3.17429e+006 2.82507e+006 2.48308e+006 2.18231e+006 1.88281e+006 1.65765e+006 1.44046e+006 1.25435e+006 1.12482e+006 985869 873169 787242 736955 696141 660646 633792 604729 581780 564913 544169 541987 534486 527602 522170 521521 523649 532486 530740 532993 534639 527256 523496 512140 505424 503369 508316 503515 504552 510124 523400 520901 519433 527090 533432 540084 546981 513013 525977 520550 541943 534842 518321 508659 484214 472284 501943 520542 495504 492032 463239 469918 485007 518635 1.82762e+007 1.12097e+007 1.15331e+007 1.21461e+007 1.29619e+007 1.37795e+007 1.44944e+007 1.50743e+007 1.55232e+007 1.58601e+007 1.61081e+007 1.62886e+007 1.64191e+007 1.65134e+007 1.65817e+007 1.66313e+007 1.66675e+007 1.66942e+007 1.67139e+007 1.67285e+007 1.67395e+007 1.67478e+007 1.6754e+007 1.67588e+007 1.67624e+007 1.67651e+007 1.67672e+007 1.67689e+007 1.67701e+007 1.67711e+007 1.67718e+007 1.67724e+007 1.67728e+007 1.67731e+007 1.67734e+007 1.67736e+007 1.67738e+007 1.67739e+007 1.6774e+007 1.6774e+007 1.67741e+007 1.67741e+007 1.67742e+007 1.67742e+007 1.67742e+007 1.67742e+007 1.67743e+007 1.67743e+007 1.67743e+007 1.67743e+007 1.67743e+007 1.67743e+007 1.67743e+007 1.67743e+007 1.67743e+007 1.67743e+007 1.67743e+007 1.67743e+007 1.67743e+007 1.67743e+007 1.67743e+007 1.67743e+007 1.67743e+007 1.67743e+007 1.67743e+007 1.67743e+007 1.67743e+007 1.67743e+007 1.67743e+007 1.67743e+007 1.67743e+007 1.67743e+007 1.67743e+007 1.67743e+007 1.67743e+007 1.67743e+007 1.67743e+007 1.67743e+007 1.67743e+007 1.67743e+007 1.67743e+007 1.67743e+007 1.67743e+007 1.67743e+007 1.67743e+007 1.67743e+007 1.67743e+007 1.67743e+007 1.67743e+007 1.67743e+007 1.67743e+007 1.67743e+007 1.67743e+007 1.67743e+007 1.67743e+007 1.67743e+007 1.67743e+007 1.67743e+007 1.67743e+007 1.67743e+007 0 0 0 0 0 0 0 0 0 0 0 0 0 0 0 0 0 0 0 0 0 0 0 0 0
#obs cpue bio
 2.73691e+006 2.68974e+006 2.94056e+006 2.17316e+006 1.7766e+006 1.52188e+006 1.83404e+006 1.45473e+006 883203 1.09785e+006 727303 761910 563794 617600 810977 758390 858266 414427 511875 510786 362986 852767 538121 674186 534353 452291 433741 454668 458931 566285 694450 549842 693380 633921 628432 441573 435139 539773 560025 368708 594841 522893 633013 625761 598738 576915 377929 585162 445718 521712 725007 498231 638530 542324 428365 440238 587417 534523 812910 358895 355380 393196 471594 508426
#pred surv len freq
 0.00513706 0.00831533 0.0124702 0.0175732 0.0235066 0.0299862 0.0365213 0.0425176 0.0474863 0.0511985 0.0536857 0.0551355 0.055788 0.055872 0.0555677 0.0549892 0.0541864 0.0531547 0.0518228 0.0500102 0.0473961 0.0435822 0.0382921 0.0316255 0.0241795
 0.00561889 0.00901502 0.0133741 0.018631 0.024666 0.031237 0.0379123 0.0441216 0.0493251 0.053176 0.055577 0.0566504 0.0566747 0.056006 0.054984 0.0538495 0.0527063 0.0515231 0.0501467 0.0483073 0.0456371 0.0417575 0.036461 0.0299139 0.0227284
 0.00586833 0.0094689 0.0141408 0.019826 0.026368 0.0334307 0.040455 0.0467713 0.051829 0.0553608 0.0573757 0.0580484 0.0576322 0.0564267 0.0547567 0.0529232 0.0511364 0.0494576 0.0477676 0.0457723 0.0430593 0.0392275 0.0340813 0.0278075 0.0210088
 0.00615117 0.00991287 0.0147851 0.0207114 0.0275465 0.0349685 0.0424133 0.0491628 0.0545669 0.0582387 0.0601045 0.0603402 0.0592795 0.057328 0.0548861 0.0522893 0.0497713 0.0474352 0.0452187 0.0428739 0.0400079 0.0362176 0.0312947 0.025402 0.0190939
 0.00640885 0.0103324 0.015417 0.0216022 0.0287296 0.0364525 0.0441751 0.0511517 0.0567195 0.0604873 0.0623641 0.0624836 0.0611286 0.0586821 0.055572 0.0522008 0.0488807 0.0457849 0.0429131 0.040076 0.0369307 0.033104 0.0283855 0.0228978 0.0171198
 0.00674782 0.0108724 0.0162099 0.0226909 0.0301426 0.0381944 0.0462125 0.0534043 0.0590665 0.0627886 0.0644872 0.0643209 0.0625962 0.0597029 0.0560605 0.0520653 0.0480456 0.0442217 0.0406654 0.0372698 0.0337711 0.0298526 0.0253185 0.0202515 0.0150408
 0.00704429 0.0113411 0.0168911 0.023615 0.0313275 0.0396405 0.0478947 0.0552669 0.0610254 0.0647413 0.0663253 0.0659409 0.0639078 0.0606326 0.0565471 0.0520509 0.0474722 0.0430431 0.0388752 0.0349331 0.0310419 0.0269633 0.0225378 0.0178216 0.0131193
 0.00742268 0.0119419 0.0177683 0.0248082 0.0328536 0.0414823 0.0499883 0.0574986 0.0632475 0.0668008 0.0680911 0.0673183 0.0648404 0.0610954 0.0565352 0.0515661 0.0465122 0.041601 0.036955 0.0325794 0.0283687 0.024161 0.0198448 0.0154653 0.0112538
 0.00775588 0.0124807 0.0185736 0.0259342 0.034337 0.0433246 0.0521369 0.0598389 0.0656149 0.06901 0.0699694 0.068732 0.0657094 0.0613947 0.0562847 0.0508109 0.0453021 0.0399785 0.0349584 0.0302628 0.025829 0.0215521 0.0173627 0.0133026 0.00954368
 0.0078909 0.0127117 0.0189437 0.0264936 0.0351363 0.0444011 0.0534985 0.0614516 0.0674004 0.0708518 0.0717263 0.0702567 0.0668707 0.0620977 0.0564817 0.0505007 0.0445172 0.0387698 0.0333855 0.0283976 0.0237687 0.0194301 0.0153399 0.0115355 0.00814216
 0.00818843 0.0131785 0.0196154 0.027394 0.0362756 0.045773 0.0550728 0.0631678 0.0691675 0.072557 0.0732485 0.0714812 0.0677025 0.0624724 0.0563714 0.0499136 0.0434922 0.0373674 0.0316802 0.0264761 0.021734 0.0174051 0.0134599 0.00992432 0.00688111
 0.00847719 0.013636 0.0202811 0.028295 0.0374208 0.0471442 0.0566162 0.0647939 0.0707643 0.0740123 0.0744674 0.0723938 0.0682614 0.0626488 0.0561536 0.049308 0.0425244 0.036082 0.03014 0.024761 0.0199409 0.0156453 0.0118483 0.00855999 0.00582385
 0.00856633 0.0138035 0.020575 0.0287737 0.0381387 0.0481294 0.0578495 0.0662019 0.072232 0.0754088 0.0756727 0.0733162 0.0688453 0.062873 0.0560229 0.0488434 0.0417566 0.0350502 0.0288946 0.0233674 0.0184813 0.0142147 0.0105436 0.00746158 0.00497769
 0.00841135 0.0135778 0.0202864 0.0284531 0.0378404 0.0479266 0.0578245 0.0664299 0.0727577 0.0762238 0.0767066 0.0744501 0.0699417 0.0638077 0.0567061 0.0492255 0.0418237 0.034816 0.0283947 0.0226569 0.0176335 0.0133163 0.00968333 0.00671488 0.0043914
 0.00827542 0.0133632 0.0199769 0.028042 0.037337 0.0473641 0.0572667 0.0659682 0.0724954 0.0762487 0.0770634 0.0751229 0.0708536 0.0648368 0.057714 0.0500873 0.0424496 0.0351606 0.0284552 0.0224662 0.0172515 0.0128205 0.00915627 0.0062289 0.00399549
 0.00823691 0.0132904 0.0198484 0.0278319 0.0370215 0.0469326 0.0567334 0.0653785 0.0719231 0.0757851 0.0767999 0.0751299 0.0711601 0.0654173 0.0584892 0.0509408 0.043256 0.0358137 0.0288886 0.022661 0.0172323 0.0126433 0.00889242 0.00594694 0.00374671
 0.00840575 0.0135169 0.0201 0.0280465 0.0371224 0.0468532 0.0564402 0.0648822 0.0712759 0.0750703 0.076119 0.074587 0.0708432 0.0653791 0.0587321 0.051414 0.0438655 0.0364461 0.029439 0.0230573 0.017448 0.0126954 0.00882744 0.00582195 0.00361139
 0.00858147 0.0137985 0.0205127 0.0286016 0.0378037 0.0476024 0.0571507 0.0654154 0.0715026 0.0749198 0.0756086 0.073817 0.0699627 0.0645419 0.0580606 0.050976 0.0436676 0.0364408 0.0295457 0.0231903 0.0175417 0.012719 0.00878451 0.00573787 0.00351677
 0.00864436 0.0139045 0.0206798 0.0288501 0.0381527 0.0480621 0.0577113 0.0660356 0.072105 0.0753998 0.0758602 0.0737686 0.0696083 0.0639496 0.0573514 0.0502837 0.0430977 0.0360451 0.0293192 0.0230875 0.0175026 0.0126937 0.00874647 0.00568371 0.00345672
 0.0086046 0.0138507 0.0206193 0.0287986 0.0381322 0.0480972 0.0578246 0.0662422 0.0724062 0.0757751 0.0762621 0.0741262 0.0698439 0.0640054 0.0572146 0.0499947 0.0427348 0.0356938 0.0290408 0.0229035 0.0173993 0.0126399 0.00871254 0.00565282 0.00342503
 0.008544 0.0137661 0.0205183 0.028698 0.0380551 0.0480677 0.0578618 0.0663573 0.0726009 0.0760408 0.0765779 0.0744584 0.0701472 0.0642297 0.0573173 0.0499561 0.0425691 0.0354461 0.0287707 0.0226625 0.0172153 0.0125149 0.00863296 0.00560172 0.0033902
 0.00854457 0.013732 0.0204042 0.0284448 0.0376116 0.0474211 0.0570616 0.0655147 0.0718584 0.0755285 0.0763774 0.0745872 0.0705632 0.0648473 0.0580294 0.0506577 0.043179 0.0359212 0.0291075 0.0228858 0.0173596 0.0126098 0.00869649 0.0056429 0.00341422
 0.00859435 0.0138143 0.0205273 0.0286091 0.0377995 0.0475878 0.0571365 0.0654215 0.0715523 0.0750296 0.0757779 0.0740212 0.0701557 0.0646705 0.0580857 0.0508917 0.0435062 0.0362592 0.0293982 0.0231032 0.0175052 0.0126998 0.00874943 0.00567311 0.00343069
 0.00864713 0.0138922 0.0206303 0.0287334 0.0379393 0.0477373 0.0572875 0.0655565 0.0716385 0.0750221 0.0756374 0.0737403 0.0697756 0.0642735 0.0577634 0.0507074 0.0434734 0.0363451 0.0295465 0.0232604 0.0176368 0.0127934 0.00880816 0.00570644 0.00344806
 0.00872869 0.0140123 0.0207878 0.0289183 0.0381351 0.0479251 0.05745 0.0656802 0.0717142 0.0750435 0.0755975 0.0736301 0.0695893 0.0640189 0.0574708 0.0504259 0.0432531 0.0362163 0.0295087 0.0232879 0.017695 0.0128537 0.00885528 0.00573699 0.00346513
 0.0087614 0.0140638 0.0208618 0.0290157 0.038253 0.0480545 0.0575758 0.0657837 0.0717785 0.0750595 0.0755665 0.0735606 0.0694905 0.0638965 0.057329 0.0502735 0.0431077 0.0361002 0.0294393 0.0232687 0.0177144 0.0128927 0.00889633 0.00576969 0.00348665
 0.00879643 0.0141133 0.0209225 0.0290805 0.038313 0.0481032 0.057611 0.065807 0.0717922 0.0750637 0.0755587 0.0735377 0.0694514 0.0638428 0.0572638 0.0502008 0.0430331 0.0360321 0.0293879 0.0232416 0.0177129 0.0129103 0.00892264 0.00579531 0.00350625
 0.00854804 0.0137603 0.0204849 0.0286081 0.0378701 0.0477453 0.0573667 0.0656769 0.0717606 0.0751136 0.075679 0.073721 0.0696879 0.0641165 0.0575536 0.0504851 0.0432947 0.0362611 0.0295817 0.0234031 0.0178465 0.0130193 0.00900837 0.0058586 0.0035491
 0.00831569 0.0134069 0.0200009 0.0280072 0.0371932 0.0470602 0.0567632 0.0652492 0.0715792 0.0751977 0.0759883 0.074175 0.0701992 0.0646193 0.058012 0.0508866 0.0436384 0.03655 0.0298198 0.0235952 0.0179984 0.0131366 0.0090961 0.00592113 0.00359077
 0.00805465 0.012998 0.0194156 0.0272326 0.0362384 0.0459646 0.0556048 0.064145 0.0706688 0.0746114 0.0758119 0.0744245 0.070818 0.0654967 0.0590177 0.051904 0.0445846 0.0373785 0.0305127 0.0241523 0.0184293 0.0134562 0.00932212 0.00607217 0.00368524
 0.00793525 0.0127894 0.0190751 0.0267132 0.0355007 0.044997 0.0544422 0.0628757 0.0694235 0.0735388 0.0750503 0.0740762 0.0709282 0.0660423 0.0599117 0.0530162 0.0457742 0.0385247 0.0315319 0.0250012 0.0190968 0.0139531 0.00967164 0.00630324 0.00382776
 0.00850337 0.013582 0.0200241 0.0276688 0.0362679 0.0453967 0.0543658 0.0623076 0.0684331 0.0722578 0.0736477 0.0727331 0.0698095 0.0652687 0.0595383 0.0530269 0.0460923 0.039038 0.0321242 0.025577 0.0195946 0.0143452 0.00995625 0.00649447 0.0039466
 0.00892584 0.0142654 0.0210379 0.0290525 0.037996 0.0473388 0.0562684 0.0638324 0.0692572 0.0721925 0.0727081 0.0711221 0.0678359 0.0632501 0.0577302 0.0515887 0.0450833 0.0384333 0.0318424 0.0255135 0.0196505 0.0144457 0.0100561 0.00657314 0.00400004
 0.0088289 0.0141952 0.0210948 0.0293861 0.0387683 0.0486602 0.058133 0.0660817 0.0715917 0.0742306 0.0740805 0.0715759 0.0673123 0.0618985 0.0558502 0.049529 0.0431444 0.03681 0.0306127 0.0246624 0.0191087 0.0141264 0.00988045 0.00648235 0.00395562
 0.00874963 0.014055 0.0208697 0.0290649 0.0383785 0.0482952 0.0579585 0.066298 0.07235 0.075541 0.075766 0.0733083 0.0687185 0.0626892 0.0559117 0.0489418 0.0421299 0.0356369 0.0295093 0.0237672 0.0184657 0.0137117 0.00963808 0.00635305 0.00389226
 0.00873915 0.0140309 0.0208189 0.0289682 0.038212 0.0480392 0.0576135 0.065905 0.0720056 0.0753876 0.0759456 0.0738904 0.0696409 0.0637554 0.0568589 0.0495461 0.0422915 0.0354017 0.0290247 0.0232061 0.017962 0.0133327 0.00939136 0.00621195 0.00382076
 0.00868682 0.0139489 0.0207011 0.0288098 0.0380093 0.0477893 0.0573149 0.0655625 0.0716369 0.0750332 0.0756752 0.0737947 0.0698022 0.0642025 0.0575323 0.0503032 0.0429581 0.0358443 0.0292003 0.0231622 0.0177958 0.0131392 0.00923096 0.00610501 0.00376118
 0.00886903 0.0142127 0.0210377 0.0291897 0.0383895 0.0481253 0.0575704 0.0657115 0.0716621 0.0749262 0.0754422 0.0734658 0.0694361 0.0638768 0.0573171 0.050228 0.0429941 0.0359171 0.0292296 0.0231026 0.0176529 0.0129548 0.00905335 0.00596598 0.00366939
 0.00904064 0.0144751 0.0214001 0.0296458 0.0389147 0.0486757 0.0580848 0.06612 0.071903 0.0749647 0.0752801 0.0731382 0.0689986 0.063394 0.0568533 0.049837 0.0427059 0.035728 0.029106 0.0230003 0.0175407 0.0128268 0.00892405 0.00585473 0.00358791
 0.00898897 0.0144216 0.0213754 0.0296957 0.0390863 0.0489956 0.0585405 0.066656 0.0724349 0.0754034 0.0755561 0.0732167 0.0688843 0.0631251 0.056489 0.0494425 0.0423374 0.0354215 0.0288714 0.0228258 0.0174046 0.0127115 0.00882267 0.00576965 0.00352345
 0.00881455 0.0141551 0.0210085 0.0292385 0.0385718 0.0484824 0.0581094 0.0663948 0.0724107 0.0756331 0.0759941 0.0737692 0.0694431 0.0636028 0.0568397 0.0496634 0.0424557 0.035476 0.0288959 0.0228398 0.0174135 0.012713 0.00881486 0.0057545 0.00350591
 0.00879477 0.0141262 0.0209711 0.0291947 0.0385249 0.0484361 0.058069 0.0663699 0.0724174 0.0756921 0.0761215 0.073964 0.0696794 0.0638337 0.0570142 0.0497461 0.0424397 0.0353811 0.0287571 0.0226917 0.0172799 0.0126044 0.00873229 0.00569452 0.00346434
 0.0087883 0.0141135 0.020948 0.0291568 0.0384689 0.0483627 0.0579842 0.066285 0.0723467 0.0756499 0.0761204 0.0740135 0.0697823 0.063982 0.0571854 0.0499077 0.0425597 0.0354406 0.0287562 0.0226465 0.0172128 0.012535 0.0086725 0.00564881 0.00343244
 0.00870853 0.0139878 0.0207665 0.0289134 0.0381635 0.0480034 0.0575908 0.06589 0.071992 0.0753799 0.0759723 0.0740098 0.0699261 0.0642563 0.0575564 0.0503297 0.0429832 0.0358215 0.0290646 0.0228714 0.0173605 0.0126223 0.00871871 0.00567034 0.00344079
 0.00873878 0.01402 0.0207836 0.0288892 0.0380693 0.0478194 0.0573158 0.0655445 0.0716133 0.0750132 0.0756624 0.0737946 0.069832 0.0642943 0.0577192 0.0505927 0.0433081 0.0361641 0.029384 0.0231382 0.0175613 0.0127588 0.00880253 0.00571687 0.00346405
 0.0087852 0.0140901 0.0208778 0.0290014 0.0381847 0.0479133 0.0573556 0.0654973 0.0714581 0.0747532 0.0753291 0.0734406 0.0695158 0.0640642 0.0576041 0.0505978 0.0434178 0.0363472 0.0296015 0.023353 0.0177458 0.012899 0.0088976 0.00577454 0.00349537
 0.00864772 0.0139021 0.0206605 0.0287959 0.0380394 0.0478642 0.0574098 0.0656286 0.0716173 0.0748856 0.0753928 0.0734187 0.0694204 0.0639311 0.0574792 0.0505221 0.0434149 0.0364186 0.02973 0.0235102 0.0179025 0.0130332 0.00899842 0.00584166 0.00353514
 0.00890841 0.0143032 0.0212224 0.0295241 0.0389264 0.04889 0.0585368 0.0667914 0.0727161 0.075792 0.0759728 0.0735678 0.0690982 0.0631783 0.0564084 0.049286 0.042167 0.0352807 0.0287756 0.0227653 0.0173565 0.0126548 0.00874933 0.0056858 0.00344277
 0.00860652 0.0138526 0.0206198 0.0287951 0.0381216 0.048077 0.057795 0.0662093 0.0723832 0.0757794 0.0763071 0.0742101 0.0699436 0.0640819 0.0572301 0.0499326 0.0426109 0.0355502 0.0289271 0.0228538 0.017419 0.0127077 0.00879531 0.00572249 0.00346859
 0.00863801 0.0138773 0.0206094 0.0287103 0.0379267 0.0477607 0.0573852 0.0657708 0.0719971 0.0755174 0.0762136 0.0742981 0.0701966 0.0644566 0.0576611 0.0503446 0.0429402 0.035764 0.0290298 0.0228766 0.0174008 0.0126793 0.00877275 0.00570969 0.00346324
 0.0085584 0.0137347 0.0203699 0.0283324 0.0373693 0.0469981 0.0564257 0.0646712 0.0708654 0.0744996 0.0754642 0.0739409 0.0702904 0.0649792 0.058518 0.0513974 0.0440412 0.0367884 0.029896 0.0235519 0.0178929 0.0130187 0.00899656 0.00585117 0.00354841
 0.00870492 0.0139691 0.0207131 0.0287942 0.037938 0.0476279 0.0570296 0.0651303 0.0710601 0.0743523 0.0749732 0.0731895 0.0694236 0.0641597 0.0578772 0.051002 0.0438858 0.0368134 0.0300198 0.023702 0.0180229 0.013111 0.00905328 0.0058825 0.00356463
 0.00887907 0.0142468 0.0211207 0.0293522 0.0386557 0.0484949 0.0580043 0.0661316 0.0719699 0.0750327 0.0752979 0.0730805 0.068882 0.0632737 0.0568008 0.0499085 0.0429182 0.0360519 0.0294773 0.023344 0.0177967 0.0129686 0.00896173 0.00582312 0.0035272
 0.00895419 0.0143687 0.0213041 0.0296116 0.0390041 0.0489404 0.0585453 0.0667514 0.0726325 0.075681 0.0758551 0.0734592 0.069003 0.0630921 0.0563281 0.0492177 0.0421246 0.035277 0.028813 0.0228337 0.0174389 0.012735 0.00881667 0.00573613 0.00347673
 0.00909985 0.0146104 0.021676 0.0301464 0.0397232 0.0498401 0.0595841 0.0678488 0.0736829 0.0765766 0.076507 0.0738068 0.0690152 0.0627655 0.055688 0.0483214 0.0410614 0.0341579 0.0277499 0.0219145 0.0167109 0.0122036 0.008457 0.00550939 0.00334336
 0.00899131 0.0144629 0.021509 0.0299995 0.0396499 0.0498951 0.0598092 0.0682615 0.0742691 0.0772884 0.0772667 0.0745208 0.0695924 0.0631344 0.0558072 0.0481846 0.0406974 0.0336269 0.0271333 0.0212978 0.0161645 0.0117689 0.00814411 0.00530437 0.00322056
 0.00858836 0.0138157 0.0205538 0.0286937 0.037994 0.0479619 0.0577649 0.0663566 0.0727872 0.0764695 0.07724 0.0752747 0.0709863 0.0649418 0.0577713 0.0500718 0.0423363 0.0349261 0.0280777 0.0219296 0.0165561 0.0119969 0.00827162 0.00537469 0.00325934
 0.00853889 0.0137076 0.0203383 0.0283052 0.0373621 0.0470342 0.0565354 0.0648872 0.071215 0.0749934 0.0760856 0.074641 0.0709903 0.0655812 0.0589254 0.0515382 0.043888 0.036367 0.0292792 0.02284 0.0171881 0.012402 0.00851357 0.00551079 0.00333215
 0.00903216 0.0144592 0.021372 0.0295993 0.0388432 0.0485746 0.0579547 0.0659712 0.0717596 0.0748669 0.0752808 0.0732905 0.0693346 0.0639022 0.0574677 0.0504488 0.0431952 0.0360025 0.0291268 0.0227874 0.0171589 0.0123627 0.00846208 0.00545812 0.00328877
 0.00911445 0.0146149 0.0216457 0.0300426 0.0394979 0.049447 0.0589929 0.0670592 0.0727365 0.0755636 0.075562 0.0730898 0.0686763 0.0629017 0.0563056 0.0493212 0.0422583 0.0353337 0.0287202 0.0225795 0.017069 0.0123249 0.00843881 0.00543622 0.00326809
 0.00938825 0.0150501 0.0222827 0.0309138 0.0406226 0.0508221 0.0605778 0.0687614 0.0744082 0.0770151 0.0765925 0.0735308 0.0684362 0.0619963 0.0548618 0.0475491 0.0403997 0.0336042 0.0272646 0.0214557 0.0162616 0.0117769 0.0080825 0.00521275 0.00313344
 0.00923182 0.0148158 0.0219694 0.0305379 0.040221 0.0504515 0.0603126 0.0686858 0.0745974 0.0775076 0.0773638 0.074482 0.0694087 0.0628119 0.055376 0.0476964 0.0402099 0.0331827 0.0267473 0.0209612 0.0158615 0.0114923 0.00789957 0.00510387 0.00307208
 0.00919824 0.0147355 0.0218023 0.0302352 0.0397418 0.0497892 0.0595162 0.0678624 0.0738899 0.0770577 0.0772737 0.0747882 0.070069 0.0637112 0.0563514 0.0485805 0.0408777 0.0335836 0.0269067 0.0209542 0.015774 0.0113904 0.00781786 0.00505079 0.00304233
 0.00884885 0.0142168 0.0211116 0.0293975 0.0387973 0.0487758 0.058463 0.0668021 0.0728815 0.0762005 0.076699 0.0746233 0.0703915 0.0645128 0.0575306 0.049966 0.0422752 0.0348267 0.0278945 0.0216619 0.0162365 0.011671 0.00798009 0.00514248 0.00309356
#obs surv len freq
 0.0049718 0.00814423 0.0123886 0.0177184 0.0240066 0.0308862 0.0377294 0.0438113 0.0485809 0.0518386 0.0537056 0.0544705 0.0544552 0.0539578 0.0532374 0.0525056 0.0519048 0.0514682 0.0510566 0.0503012 0.0486201 0.045383 0.0402132 0.0332798 0.0253648
 0.0051919 0.00850288 0.0129302 0.0184853 0.0250321 0.0321823 0.0392742 0.0455422 0.0504021 0.0536361 0.0553639 0.0558824 0.0555278 0.0546145 0.0534211 0.0521815 0.0510655 0.0501389 0.0493008 0.0482233 0.0463638 0.0431203 0.0381205 0.0315043 0.0239923
 0.00541866 0.00887683 0.0135028 0.0193076 0.0261447 0.0335994 0.0409677 0.0474371 0.0523879 0.0555891 0.057166 0.0574307 0.0567346 0.0554055 0.0537341 0.0519679 0.0502958 0.0488124 0.0474579 0.045959 0.0438321 0.0405239 0.0356794 0.029409 0.0223597
 0.00566268 0.00927353 0.0141002 0.0201514 0.027271 0.0350224 0.0426657 0.0493456 0.0544061 0.0575965 0.0590406 0.0590615 0.0580281 0.0562859 0.0541403 0.0518503 0.0496163 0.0475527 0.0456368 0.0436523 0.0411878 0.0377558 0.0330341 0.0271102 0.0205523
 0.00588849 0.00964865 0.0146794 0.0209905 0.0284148 0.0364868 0.0444207 0.0513109 0.0564649 0.0596208 0.0609118 0.0606799 0.0593117 0.0571673 0.054563 0.0517659 0.0489846 0.0463481 0.0438638 0.0413694 0.0385283 0.0349301 0.0302982 0.0247065 0.0186455
 0.00612927 0.0100391 0.0152657 0.0218162 0.0295147 0.0378755 0.0460789 0.053178 0.0584435 0.0615919 0.0627529 0.06228 0.0605805 0.0580365 0.0549827 0.0516972 0.0483944 0.0452117 0.0421794 0.0391825 0.0359563 0.0321694 0.0275986 0.0223131 0.0167322
 0.0063789 0.0104482 0.0158872 0.0227003 0.0306978 0.0393639 0.0478332 0.0551105 0.0604339 0.0635131 0.0644924 0.063748 0.0617077 0.0587701 0.0552825 0.051532 0.0477397 0.0440502 0.0405115 0.0370482 0.0334598 0.0294904 0.0249719 0.0199746 0.014854
 0.00662432 0.0108522 0.0165043 0.0235839 0.0318893 0.040875 0.0496277 0.0570982 0.0624837 0.0654788 0.0662397 0.0651716 0.0627373 0.0593669 0.0554293 0.0512229 0.046971 0.04282 0.0388292 0.0349537 0.0310483 0.0269242 0.0224646 0.0177437 0.0130601
 0.00683293 0.0111942 0.0170247 0.0243271 0.0328915 0.0421514 0.0511584 0.0588213 0.064301 0.0672717 0.0678867 0.0665625 0.0637834 0.0600068 0.0556302 0.0509749 0.0462781 0.0416939 0.0372914 0.0330499 0.0288677 0.0246117 0.0202085 0.0157362 0.0114439
 0.00706027 0.0115667 0.0175903 0.0251312 0.0339668 0.0435025 0.0527473 0.060564 0.0660816 0.0689662 0.0693844 0.0677755 0.0646477 0.06048 0.0556886 0.0506118 0.0455009 0.0405215 0.0357554 0.0312035 0.0267997 0.0224544 0.0181283 0.0138994 0.00997212
 0.00725339 0.0118852 0.0180778 0.0258312 0.0349132 0.0447054 0.054179 0.0621527 0.0677217 0.0705381 0.0707754 0.0688943 0.0654304 0.0608892 0.0557098 0.0502463 0.0447608 0.0394282 0.0343425 0.029525 0.0249401 0.0205338 0.0162916 0.012288 0.00868695
 0.00742275 0.0121618 0.0184967 0.0264258 0.0357096 0.0457122 0.0553763 0.0634877 0.0691136 0.0718922 0.0719971 0.0698998 0.0661535 0.0612856 0.0557572 0.0499421 0.0441174 0.038469 0.0331028 0.0280578 0.0233236 0.0188745 0.0147145 0.0109119 0.00759448
 0.00753943 0.0123539 0.0187904 0.0268474 0.0362806 0.0464417 0.056253 0.0644767 0.070161 0.0729342 0.072969 0.0707407 0.0668086 0.0617089 0.055914 0.0498119 0.0436951 0.037765 0.0321445 0.0268917 0.02202 0.0175269 0.01343 0.00979059 0.00670485
 0.0076044 0.0124574 0.0189428 0.0270583 0.0365593 0.0467965 0.0566893 0.0649942 0.0707507 0.0735771 0.0736355 0.0713921 0.0673996 0.062191 0.0562403 0.0499415 0.0435982 0.0374278 0.0315732 0.0261167 0.0210974 0.0165364 0.012464 0.00893546 0.00602062
 0.00766346 0.0125467 0.0190646 0.0272111 0.0367384 0.0469974 0.0569091 0.0652331 0.0710124 0.0738677 0.07396 0.0717496 0.0677777 0.062563 0.0565671 0.0501767 0.0436965 0.0373533 0.0313081 0.025668 0.0205006 0.0158526 0.0117697 0.00830512 0.00550806
 0.00772308 0.0126369 0.0191877 0.027364 0.0369134 0.0471831 0.057092 0.0654007 0.0711564 0.0739887 0.0740687 0.0718629 0.0679118 0.0627244 0.0567464 0.0503478 0.0438206 0.037388 0.0312188 0.0254391 0.0201434 0.0154056 0.0112902 0.00785396 0.00513247
 0.00775624 0.0126874 0.0192574 0.027452 0.0370159 0.0472937 0.0572023 0.0655009 0.0712383 0.0740485 0.0741094 0.0718948 0.0679492 0.0627815 0.0568306 0.0504543 0.0439297 0.0374683 0.031235 0.0253641 0.0199692 0.0151488 0.0109882 0.00755267 0.00487166
 0.007807 0.012763 0.0193581 0.0275734 0.0371497 0.0474296 0.0573299 0.0656102 0.0713209 0.0740988 0.0741265 0.0718831 0.0679184 0.0627449 0.0568018 0.0504423 0.0439346 0.0374781 0.0312282 0.0253167 0.0198655 0.0149894 0.0107916 0.00734872 0.00468953
 0.00784489 0.0128209 0.0194381 0.0276743 0.0372667 0.0475543 0.0574505 0.0657135 0.0713953 0.0741378 0.0741302 0.0718577 0.0678736 0.0626909 0.0567483 0.0503974 0.0439025 0.0374568 0.0312079 0.0252828 0.019804 0.0148947 0.0106705 0.0072179 0.00456853
 0.0078717 0.0128622 0.0194961 0.027749 0.0373561 0.0476541 0.0575536 0.0658106 0.071476 0.074193 0.0741548 0.0718514 0.0678407 0.0626393 0.0566875 0.0503362 0.0438476 0.0374109 0.0311687 0.025243 0.0197547 0.0148301 0.0105915 0.00713257 0.00448836
 0.00789356 0.0128941 0.0195371 0.0277962 0.0374053 0.0477012 0.0575961 0.0658475 0.0715072 0.0742183 0.074173 0.0718608 0.0678398 0.0626275 0.0566659 0.050308 0.0438168 0.0373811 0.0311409 0.0252153 0.0197228 0.0147903 0.0105434 0.00707997 0.0044379
 0.0079005 0.0129045 0.0195511 0.027813 0.0374231 0.0477174 0.0576078 0.0658521 0.071504 0.0742093 0.0741627 0.0718542 0.0678397 0.062634 0.0566764 0.0503189 0.0438255 0.0373861 0.0311419 0.0252117 0.0197133 0.0147735 0.0105194 0.00705126 0.00440874
 0.0079061 0.0129097 0.0195518 0.0278033 0.0373973 0.0476727 0.0575466 0.065782 0.0714355 0.0741523 0.0741246 0.0718386 0.0678476 0.0626634 0.0567229 0.0503763 0.0438867 0.0374446 0.0311927 0.0252516 0.0197406 0.0147879 0.0105221 0.00704524 0.00439787
 0.00788508 0.0128745 0.0194968 0.0277229 0.0372871 0.0475318 0.0573802 0.0656024 0.071261 0.074004 0.0740216 0.0717943 0.0678664 0.0627407 0.0568468 0.0505308 0.0440547 0.0376109 0.0313449 0.0253813 0.0198434 0.0148627 0.0105713 0.00707338 0.00441097
 0.00788136 0.0128649 0.0194758 0.027683 0.0372206 0.0474337 0.0572507 0.0654481 0.0710944 0.0738411 0.0738798 0.0716902 0.0678133 0.0627457 0.0569094 0.0506423 0.0442006 0.0377736 0.0315073 0.0255292 0.0199672 0.0149582 0.0106385 0.00711607 0.00443504
 0.00788555 0.0128687 0.0194759 0.027674 0.0371957 0.0473864 0.0571764 0.0653464 0.070969 0.0737009 0.073738 0.0715625 0.0677155 0.0626909 0.0569053 0.0506899 0.0442935 0.0378991 0.0316491 0.0256707 0.0200945 0.0150621 0.0107157 0.00716807 0.00446655
 0.00785034 0.0128138 0.0193976 0.0275706 0.0370677 0.047237 0.0570122 0.0651769 0.0708062 0.073557 0.0736235 0.0714855 0.0676816 0.0627035 0.0569652 0.050795 0.0444377 0.0380721 0.0318369 0.0258572 0.0202644 0.0152043 0.0108246 0.00724418 0.00451482
 0.00781063 0.0127487 0.0192989 0.027431 0.0368838 0.0470121 0.0567594 0.0649185 0.0705689 0.073365 0.0734931 0.0714235 0.0676869 0.06277 0.0570845 0.0509577 0.0446339 0.0382906 0.0320647 0.0260797 0.0204674 0.015376 0.0109585 0.00733981 0.00457701
 0.00779525 0.0127186 0.0192442 0.0273397 0.0367443 0.0468187 0.0565165 0.0646428 0.0702866 0.0731064 0.0732866 0.0712899 0.0676368 0.0628031 0.0571917 0.0511246 0.0448438 0.0385267 0.0323107 0.0263199 0.0206872 0.0155637 0.0111068 0.00744739 0.00464823
 0.00776365 0.0126687 0.0191716 0.0272406 0.0366154 0.0466574 0.0563224 0.0644196 0.0700444 0.0728627 0.0730646 0.0711151 0.0675315 0.062781 0.0572553 0.0512655 0.0450456 0.0387685 0.0325709 0.0265779 0.0209253 0.0157682 0.0112695 0.0075666 0.00472804
 0.00775011 0.012645 0.0191329 0.0271814 0.0365312 0.0465463 0.0561868 0.0642657 0.0698806 0.0726971 0.0729051 0.0709708 0.0674144 0.0627059 0.057236 0.0513104 0.045154 0.0389305 0.0327691 0.0267915 0.0211336 0.015954 0.0114215 0.00768038 0.00480562
 0.00934695 0.0148804 0.0218312 0.0299566 0.0388995 0.0481054 0.0567574 0.0639187 0.0688534 0.0712724 0.0713214 0.0693893 0.0659278 0.0613616 0.0560569 0.0503068 0.0443289 0.0382797 0.0322801 0.0264442 0.0209024 0.0158112 0.0113408 0.00763936 0.00478739
 0.00932237 0.0151381 0.0227437 0.0319868 0.0423992 0.0530436 0.0625476 0.0695144 0.0731203 0.0734357 0.0712207 0.0674205 0.0627669 0.0576745 0.0523343 0.0468387 0.0412555 0.0356531 0.0301071 0.0247074 0.0195678 0.0148318 0.0106597 0.00719418 0.00451623
 0.00896674 0.014577 0.0219531 0.0310138 0.0414173 0.0523912 0.0626893 0.070877 0.0758414 0.0771751 0.0752007 0.0707223 0.0647144 0.0580687 0.0514247 0.0451098 0.0391951 0.0336185 0.0283017 0.0232166 0.0184058 0.0139742 0.0100624 0.00680415 0.00427923
 0.00878378 0.0142681 0.0214678 0.0303012 0.0404456 0.0511817 0.0613606 0.0696736 0.0751141 0.0772845 0.0763592 0.0728441 0.0673805 0.0606633 0.053384 0.0461362 0.0393173 0.0330932 0.0274528 0.0223108 0.0176054 0.0133472 0.00961467 0.00650972 0.00410067
 0.00873581 0.0141799 0.0213153 0.0300524 0.0400644 0.050637 0.0606397 0.0688011 0.0741724 0.0764284 0.0758058 0.0728192 0.068022 0.0619249 0.0550097 0.0477441 0.0405559 0.0337777 0.0276027 0.0220872 0.0172074 0.0129329 0.00927189 0.00626578 0.00394654
 0.00871547 0.0141477 0.0212675 0.0299838 0.0399657 0.0504928 0.0604282 0.0684981 0.0737618 0.0759185 0.0752475 0.0723157 0.0677162 0.0619539 0.0554379 0.0485109 0.0414796 0.0346273 0.0281974 0.0223626 0.0172138 0.0127811 0.00907117 0.0060871 0.00381816
 0.00868331 0.0140991 0.0212013 0.0299012 0.03987 0.0503872 0.0603145 0.0683739 0.0736186 0.0757432 0.0750285 0.0720567 0.0674502 0.0617481 0.0553774 0.0486601 0.0418407 0.0351248 0.0287048 0.0227606 0.0174405 0.0128458 0.00902959 0.0060031 0.00373681
 0.00868388 0.0140941 0.0211828 0.0298591 0.0397951 0.0502765 0.0601745 0.0682201 0.0734689 0.07561 0.0749137 0.0719525 0.0673477 0.06165 0.0553062 0.048655 0.0419389 0.035335 0.0289934 0.0230613 0.0176859 0.0129977 0.00908988 0.00600095 0.00370717
 0.00866902 0.0140734 0.0211578 0.0298322 0.0397676 0.0502462 0.0601349 0.0681627 0.0733889 0.07551 0.0748042 0.0718469 0.0672562 0.0615775 0.0552556 0.0486339 0.0419616 0.0354154 0.0291319 0.0232373 0.017863 0.0131404 0.00917954 0.00604053 0.00371326
 0.00866688 0.0140693 0.0211506 0.0298209 0.0397521 0.0502278 0.0601159 0.0681454 0.0733728 0.0754909 0.0747755 0.0718038 0.0671992 0.0615124 0.0551924 0.0485836 0.041935 0.0354223 0.0291774 0.0233168 0.017961 0.0132354 0.00925343 0.00608572 0.00373326
 0.00864544 0.0140374 0.021108 0.0297694 0.0396948 0.0501685 0.0600586 0.0680942 0.0733319 0.0754638 0.0747635 0.0718047 0.0672079 0.0615231 0.0552014 0.0485915 0.041947 0.0354453 0.0292174 0.0233752 0.0180324 0.013309 0.00931715 0.00613185 0.00376063
 0.00861536 0.0139876 0.021032 0.0296616 0.0395529 0.0499972 0.0598714 0.0679124 0.0731796 0.0753607 0.07472 0.0718203 0.0672735 0.0616245 0.0553229 0.0487194 0.0420718 0.0355632 0.0293284 0.0234805 0.0181314 0.0133981 0.00939127 0.00618717 0.00379689
 0.00863041 0.0140116 0.0210668 0.0297074 0.0396071 0.0500526 0.0599165 0.0679338 0.0731667 0.0753113 0.0746417 0.0717282 0.0671846 0.0615516 0.0552723 0.0486911 0.0420622 0.0355676 0.0293434 0.0235041 0.0181615 0.0134316 0.00942393 0.0062149 0.00381722
 0.00860825 0.01398 0.0210276 0.0296652 0.0395685 0.0500238 0.0599016 0.0679329 0.0731759 0.0753233 0.0746486 0.0717248 0.0671705 0.0615324 0.055256 0.0486849 0.0420694 0.0355877 0.0293733 0.0235399 0.0181996 0.0134689 0.00945744 0.00624227 0.00383726
 0.00861062 0.0139798 0.0210199 0.029644 0.0395286 0.0499651 0.0598309 0.0678633 0.0731218 0.0752945 0.0746466 0.0717431 0.0671987 0.0615607 0.0552796 0.0487039 0.0420875 0.0356089 0.0293996 0.0235708 0.0182329 0.0135015 0.00948664 0.00626607 0.00385478
 0.00861062 0.0139798 0.0210199 0.029644 0.0395286 0.0499651 0.0598309 0.0678633 0.0731218 0.0752945 0.0746466 0.0717431 0.0671987 0.0615607 0.0552796 0.0487039 0.0420875 0.0356089 0.0293996 0.0235708 0.0182329 0.0135015 0.00948664 0.00626607 0.00385478
 0.00883595 0.0143377 0.0215407 0.0303443 0.0404017 0.0509684 0.0608789 0.0688348 0.0738873 0.0757528 0.0747516 0.0715085 0.0666839 0.0608484 0.0544563 0.0478477 0.0412612 0.0348581 0.028753 0.0230418 0.0178222 0.0132 0.00927847 0.00613177 0.00377442
 0.00856958 0.01394 0.0210098 0.0297069 0.039712 0.0503019 0.060323 0.0684746 0.0737843 0.0759232 0.0751574 0.0720693 0.067303 0.0614411 0.0549667 0.0482515 0.0415597 0.0350678 0.028896 0.0231393 0.0178902 0.0132489 0.00931425 0.00615749 0.00379201
 0.00865423 0.0140415 0.021097 0.0297314 0.0396249 0.0500794 0.0599855 0.0680867 0.0734342 0.0756909 0.0750892 0.0721669 0.0675292 0.0617353 0.0552649 0.0485034 0.0417382 0.0351697 0.0289352 0.0231372 0.0178678 0.0132219 0.00929127 0.0061416 0.0037827
 0.00853929 0.0138736 0.0208778 0.0294706 0.039332 0.0497544 0.0596174 0.0676651 0.0729695 0.0752301 0.0747117 0.0719592 0.0675498 0.0619903 0.0557065 0.04905 0.0423026 0.0356832 0.0293586 0.0234599 0.0180987 0.013379 0.00939373 0.00620581 0.00382116
 0.00871285 0.0141324 0.0212239 0.0298902 0.0397988 0.0502344 0.0600708 0.0680445 0.0732202 0.0752993 0.0745673 0.0716101 0.0670533 0.0614386 0.0551945 0.0486432 0.0420212 0.0355084 0.0292534 0.0233897 0.0180424 0.0133291 0.00935089 0.00617245 0.00379812
 0.00888949 0.0144317 0.021694 0.030576 0.0407231 0.0513726 0.0613327 0.0692814 0.0742602 0.0759963 0.0748364 0.0714373 0.0664863 0.0605708 0.0541476 0.0475461 0.0409855 0.0346086 0.0285205 0.0228198 0.0176134 0.013015 0.00912867 0.00602275 0.0037037
 0.00882998 0.0143556 0.0216194 0.0305373 0.040768 0.0515526 0.0616889 0.0698281 0.0749696 0.0767911 0.0756004 0.0720437 0.0668339 0.0606118 0.0538965 0.0470693 0.0403787 0.0339701 0.0279291 0.0223224 0.0172258 0.0127309 0.00893126 0.00589261 0.00362291
 0.00899423 0.0146011 0.0219495 0.030942 0.041229 0.0520506 0.0622094 0.0703606 0.0755036 0.0773094 0.076072 0.0724207 0.0670568 0.0606243 0.0536661 0.0466032 0.0397272 0.0332145 0.0271603 0.0216183 0.0166369 0.0122769 0.00860665 0.00567689 0.00348982
 0.00892497 0.0145102 0.0218523 0.0308652 0.0412018 0.0520929 0.062323 0.070532 0.0757155 0.0775528 0.0763485 0.0727325 0.0673912 0.0609448 0.0539175 0.04673 0.039696 0.0330284 0.0268579 0.0212595 0.0162822 0.0119708 0.0083709 0.00551288 0.00338608
 0.00864301 0.0140514 0.0211651 0.0299124 0.0399811 0.0506627 0.060818 0.0691493 0.0746654 0.0769948 0.0763484 0.0732583 0.0683395 0.0621753 0.0552788 0.0480784 0.0409109 0.0340276 0.0276068 0.0217695 0.0165969 0.0121468 0.00846045 0.00555478 0.00340443
 0.00867077 0.0140613 0.021114 0.0297363 0.0396091 0.0500419 0.0599403 0.0680681 0.0734952 0.0758938 0.075485 0.0727709 0.0683007 0.0625751 0.0560334 0.0490567 0.0419679 0.035033 0.0284665 0.0224353 0.0170652 0.0124462 0.00863498 0.0056479 0.00345024
 0.00895167 0.0145106 0.0217716 0.0306216 0.0407018 0.0512599 0.0611283 0.0690178 0.0740018 0.0758289 0.0748484 0.071693 0.0669978 0.0612804 0.0549332 0.0482521 0.0414697 0.0347846 0.0283793 0.0224238 0.0170688 0.0124364 0.00860808 0.00561296 0.00341759
 0.00890411 0.0144685 0.021774 0.0307277 0.040977 0.0517503 0.0618349 0.0698803 0.0749007 0.0766065 0.0753468 0.0718008 0.0666899 0.060631 0.054092 0.0473927 0.0407337 0.0342464 0.0280428 0.0222444 0.0169857 0.012398 0.00858372 0.00559099 0.00339731
 0.0090887 0.0147485 0.0221592 0.0312171 0.0415637 0.0524275 0.0625963 0.0707112 0.0757644 0.0774332 0.0760338 0.0722297 0.0667591 0.0602924 0.0533762 0.0464077 0.0396344 0.033188 0.0271383 0.0215448 0.0164867 0.0120629 0.00836737 0.00545487 0.00331395
 0.00888265 0.0144438 0.0217575 0.0307414 0.0410543 0.0519351 0.0621768 0.0704245 0.0756701 0.0775793 0.0764371 0.0728571 0.0675211 0.061059 0.0540141 0.0468237 0.0398047 0.0331569 0.0269897 0.0213638 0.016331 0.0119549 0.00830347 0.00542105 0.0032968
 0.00869318 0.0141178 0.021237 0.0299705 0.0400032 0.0506321 0.0607319 0.0690209 0.0745199 0.0768622 0.076254 0.0732161 0.0683485 0.0622218 0.0553444 0.048149 0.0409815 0.034099 0.0276779 0.021832 0.0166371 0.0121543 0.00843539 0.00550819 0.00335209
 0.00862895 0.0139957 0.0210194 0.0296087 0.0394453 0.0498401 0.0597021 0.0678023 0.0732209 0.0756409 0.0752899 0.0726676 0.06831 0.062697 0.0562471 0.0493281 0.0422603 0.0353168 0.0287214 0.0226489 0.0172297 0.0125586 0.00869822 0.00567211 0.00344974
#pred catch len freq
 0.00389845 0.00624853 0.00927376 0.0129677 0.0173356 0.0223556 0.0279083 0.0337509 0.0395609 0.0450056 0.0497958 0.0537246 0.0566953 0.058721 0.0598912 0.0603257 0.0601402 0.0594182 0.0581682 0.0562587 0.0533784 0.04911 0.0431597 0.0356497 0.0272577
 0.00431781 0.00686232 0.0100771 0.0139276 0.0184203 0.0235704 0.0293063 0.0353988 0.0414698 0.0470696 0.0517837 0.0553405 0.0576795 0.0589395 0.0593714 0.0592285 0.0586865 0.0578044 0.0565043 0.0545579 0.0516022 0.0472418 0.0412601 0.0338552 0.0257242
 0.00457806 0.00731073 0.010795 0.0149965 0.0198934 0.0254364 0.0314697 0.0377004 0.0437462 0.0492078 0.053725 0.057029 0.0590044 0.0597311 0.0594626 0.0585396 0.0572702 0.0558232 0.0541605 0.0520251 0.0490017 0.0446673 0.0388178 0.0316758 0.0239326
 0.00485825 0.00774825 0.0114259 0.0158582 0.0210362 0.026929 0.0333826 0.0400612 0.0464862 0.0521369 0.056564 0.0594896 0.0608663 0.060867 0.0598121 0.0580757 0.0559988 0.0538084 0.0515401 0.0489947 0.0457798 0.0414687 0.0358424 0.0290971 0.0218726
