SBPRF35
7.78865
Curr Bio
672850
B35
677637
F35
0.226205
FOFL
0.226205
OFL
117080
Bzero
2.22533e+06
#pred survey bio
 4.52906e+06 4.258e+06 4.00867e+06 3.71519e+06 3.4007e+06 3.07298e+06 2.77341e+06 2.46941e+06 2.1684e+06 1.91013e+06 1.66843e+06 1.4862e+06 1.30358e+06 1.14055e+06 1.00618e+06 893489 806383 744075 708808 684526 661946 632770 628490 612639 615459 610129 594784 595513 588611 580043 581323 585799 586536 582001 571190 548571 541838 529981 531199 531477 543394 542717 543485 541002 545528 548640 550647 547940 556441 562437 571585 580784 572780 577517 561415 557938 566451 558395 544466 553483 575010 562718 545453 565749 592046 611726 633564 673461 1.58439e+07 1.46752e+07 1.49403e+07 1.53106e+07 1.57214e+07 1.61111e+07 1.64485e+07 1.67242e+07 1.6941e+07 1.71075e+07 1.72334e+07 1.73279e+07 1.73984e+07 1.74511e+07 1.74905e+07 1.75201e+07 1.75424e+07 1.75592e+07 1.7572e+07 1.75817e+07 1.75891e+07 1.75947e+07 1.75991e+07 1.76024e+07 1.7605e+07 1.76069e+07 1.76085e+07 1.76096e+07 1.76105e+07 1.76112e+07 1.76118e+07 1.76122e+07 1.76125e+07 1.76128e+07 1.7613e+07 1.76131e+07 1.76132e+07 1.76133e+07 1.76134e+07 1.76134e+07 1.76135e+07 1.76135e+07 1.76135e+07 1.76135e+07 1.76136e+07 1.76136e+07 1.76136e+07 1.76136e+07 1.76136e+07 1.76136e+07 1.76136e+07 1.76136e+07 1.76136e+07 1.76136e+07 1.76136e+07 1.76136e+07 1.76136e+07 1.76136e+07 1.76136e+07 1.76136e+07 1.76136e+07 1.76136e+07 1.76136e+07 1.76136e+07 1.76136e+07 1.76136e+07 1.76136e+07 1.76136e+07 1.76136e+07 1.76136e+07 1.76136e+07 1.76136e+07 1.76136e+07 1.76136e+07 1.76136e+07 1.76136e+07 1.76136e+07 1.76136e+07 1.76136e+07 1.76136e+07 1.76136e+07 1.76136e+07 1.76136e+07 1.76136e+07 1.76136e+07 1.76136e+07 1.76136e+07 1.76136e+07 1.76136e+07 1.76136e+07 1.76136e+07 1.76136e+07 1.76136e+07 1.76136e+07 1.76136e+07 1.76136e+07 1.76136e+07 1.76136e+07 1.76136e+07 1.76136e+07 0 0 0 0 0 0 0 0 0 0 0 0 0 0 0 0 0 0 0 0 0 0 0 0 0
#obs survey bio
 3.94308e+06 3.04106e+06 3.75172e+06 3.091e+06 2.10461e+06 2.76842e+06 1.80942e+06 1.89748e+06 2.00341e+06 1.52679e+06 1.36996e+06 1.52319e+06 833764 755471 945990 732165 887582 663308 666832 732519 722573 535508 600024 824987 481342 494357 542445 737014 547171 509289 506213 531994 489146 557187 642073 508570 723960 619720 877434 691508 540512 500507 509883 565152 818034 662694 552411 477956 429216 643218 585852 546982 651652 496606 732063 625217 535468 596638 400043 619686 733803 586254 499699 509550 636246 677204 575457 646449
#pred catch bio
 91824.8 88250.1 152506 201413 247417 255885 291468 317236 302839 307302 269534 280839 270223 248214 229906 206115 181168 154333 142029 137429 139370 115929 124194 107304 113042 118661 101945 105682 105055 95891.9 92925.9 95192.8 96945.5 97652 102230 85815 91582.3 83271.5 85525.4 76056.5 87057.4 86179 89398 84106.6 86413.3 88789.5 94173.9 86361 90516.7 89395.5 90300.8 104520 93114 110066 98378.9 88165.4 101912 106083 86889 77604.2 106471 110651 81548.5 80887.3 90111.2 92047 82337.7 107443 117080 118052 119154 120996 123364 125675 127629 129153 130278 131076 131626 131997 132243 132403 132507 132573 132616 132642 132659 132670 132677 132681 132683 132685 132686 132687 132687 132687 132687 132687 132687 132688 132688 132688 132688 132688 132688 132688 132688 132688 132688 132688 132688 132688 132688 132688 132688 132688 132688 132688 132688 132688 132688 132688 132688 132688 132688 132688 132688 132688 132688 132688 132688 132688 132688 132688 132688 132688 132688 132688 132688 132688 132688 132688 132688 132688 132688 132688 132688 132688 132688 132688 132688 132688 132688 132688 132688 132688 132688 132688 132688 132688 132688 132688 132688 132688 132688 132688 132688 132688 0 0 0 0 0 0 0 0 0 0 0 0 0 0 0 0 0 0 0 0 0 0 0 0 0
#obs catch bio
 0 87972.1 153102 202311 249650 258830 296391 323164 308911 314775 275036 287632 278711 255319 236637 212633 186336 156929 144307 139290 141392 117134 125809 108039 114701 120150 102724 105873 105237 96493.2 93393.3 95991.8 98120.5 98033.2 102484 85689.3 91201 82692.4 84731.2 75121.1 85862.4 85295.4 88775.2 83451.3 85591.5 88078 93978.4 86100.7 90471.6 89474.8 90029.6 104790 92610.9 110117 98193.9 87767.7 101458 106091 86782.9 77130 105895 110655 81307.9 80860.4 90276.3 92261.6 82204.4 107635
#pred cpue bio
 4.44864e+06 4.18077e+06 3.93366e+06 3.64137e+06 3.32831e+06 3.00197e+06 2.70385e+06 2.40203e+06 2.10358e+06 1.84764e+06 1.60846e+06 1.428e+06 1.24775e+06 1.08733e+06 955525 845290 760619 700801 667285 644261 622954 595191 591279 576124 579003 574279 560111 561620 555565 547359 548558 553024 554172 550744 541587 520718 514049 501193 501393 501804 513750 513129 513632 511036 515271 518039 519566 516549 524410 529882 538614 547616 540061 544751 529173 525840 534236 526510 512873 521470 542467 530547 513156 531920 556870 575592 596048 633652 1.49076e+07 1.38176e+07 1.40547e+07 1.4386e+07 1.47822e+07 1.51686e+07 1.55053e+07 1.57809e+07 1.59977e+07 1.61642e+07 1.62901e+07 1.63846e+07 1.64551e+07 1.65078e+07 1.65473e+07 1.65768e+07 1.65991e+07 1.66159e+07 1.66287e+07 1.66384e+07 1.66458e+07 1.66515e+07 1.66558e+07 1.66591e+07 1.66617e+07 1.66637e+07 1.66652e+07 1.66663e+07 1.66672e+07 1.66679e+07 1.66685e+07 1.66689e+07 1.66692e+07 1.66695e+07 1.66697e+07 1.66698e+07 1.66699e+07 1.667e+07 1.66701e+07 1.66701e+07 1.66702e+07 1.66702e+07 1.66702e+07 1.66703e+07 1.66703e+07 1.66703e+07 1.66703e+07 1.66703e+07 1.66703e+07 1.66703e+07 1.66703e+07 1.66703e+07 1.66703e+07 1.66703e+07 1.66703e+07 1.66703e+07 1.66703e+07 1.66703e+07 1.66703e+07 1.66703e+07 1.66703e+07 1.66703e+07 1.66703e+07 1.66703e+07 1.66703e+07 1.66703e+07 1.66703e+07 1.66703e+07 1.66703e+07 1.66703e+07 1.66703e+07 1.66703e+07 1.66703e+07 1.66703e+07 1.66703e+07 1.66703e+07 1.66703e+07 1.66703e+07 1.66703e+07 1.66703e+07 1.66703e+07 1.66703e+07 1.66703e+07 1.66703e+07 1.66703e+07 1.66703e+07 1.66703e+07 1.66703e+07 1.66703e+07 1.66703e+07 1.66703e+07 1.66703e+07 1.66703e+07 1.66703e+07 1.66703e+07 1.66703e+07 1.66703e+07 1.66703e+07 1.66703e+07 1.66703e+07 0 0 0 0 0 0 0 0 0 0 0 0 0 0 0 0 0 0 0 0 0 0 0 0 0
#obs cpue bio
 6.25331e+06 2.82998e+06 4.83094e+06 3.05e+06 3.11561e+06 1.67295e+06 2.97777e+06 3.17646e+06 1.51571e+06 1.73879e+06 1.55338e+06 1.13373e+06 952433 1.30160e+06 695690 580128 500994 912005 553399 560320 509416 530158 585442 413075 415545 795981 552730 741523 590325 372134 624558 441880 444421 967146 607959 581478 639774 517048 483556 506747 792944 449348 510964 544424 468437 412625 380414 572640 631285 398386 684893 477714 665018 560048 433131 525680 699302 400276 666042 600456 585076 377876 521048 521929 483866 498521 631997 748350
#pred surv len freq
 0.00460371 0.00746716 0.0112297 0.0158829 0.0213416 0.0273722 0.033554 0.0393674 0.044377 0.0483683 0.0513515 0.0534737 0.0549291 0.0558984 0.0565081 0.0568079 0.0567725 0.0563179 0.0553039 0.0535109 0.0506266 0.0463146 0.0404018 0.0331044 0.0251148
 0.00492875 0.00791369 0.0117551 0.0164091 0.0217928 0.0277254 0.033865 0.039744 0.0449059 0.0490406 0.0520375 0.0539687 0.0550444 0.0555466 0.0557434 0.055806 0.0557647 0.0555054 0.0547863 0.0532601 0.0505185 0.046203 0.0401926 0.0327896 0.0247529
 0.00508052 0.00819559 0.0122382 0.0171652 0.022859 0.0290607 0.0353308 0.0411383 0.0460455 0.0498397 0.0525213 0.0542112 0.0550822 0.0553424 0.0552242 0.0549417 0.0546217 0.0542365 0.0535645 0.052203 0.0496513 0.0454786 0.0395483 0.0321958 0.0242239
 0.00531963 0.00856259 0.0127544 0.0178474 0.0237295 0.0301535 0.0366799 0.042742 0.0478259 0.0516282 0.0540963 0.0553726 0.0557166 0.0554332 0.0548116 0.0540795 0.0533702 0.0526845 0.0518425 0.0504605 0.0480139 0.0440202 0.0382965 0.0311572 0.0234018
 0.0055782 0.00898081 0.0133788 0.0187173 0.0248676 0.0315543 0.0383016 0.0445125 0.0496596 0.0534397 0.0557946 0.0568443 0.0568224 0.0560346 0.054813 0.0534552 0.0521637 0.0509925 0.0498009 0.048233 0.0457732 0.0419222 0.0364589 0.0296505 0.0222504
 0.00580473 0.00935461 0.0139525 0.0195454 0.0259982 0.0330137 0.0400755 0.0465345 0.0518154 0.0555862 0.0577858 0.0585506 0.0581355 0.0568617 0.0550715 0.053081 0.0511315 0.0493373 0.0476263 0.0457046 0.0430984 0.0393194 0.0341218 0.0277155 0.0207785
 0.0060171 0.00969588 0.0144602 0.020256 0.0269454 0.0342236 0.0415574 0.048269 0.0537472 0.0576222 0.0598011 0.0604016 0.0596792 0.057972 0.0556476 0.0530482 0.0504439 0.0479891 0.0456716 0.0432721 0.0403886 0.036577 0.0315893 0.0255819 0.0191428
 0.0062712 0.0101043 0.0150666 0.0210988 0.0280523 0.0356028 0.0431871 0.0500942 0.0556861 0.0595802 0.0616805 0.0621046 0.061106 0.0590219 0.056224 0.0530668 0.0498418 0.0467372 0.0437929 0.0408622 0.0376257 0.0337071 0.0288802 0.0232613 0.0173442
 0.00656366 0.0105747 0.0157655 0.022071 0.0293297 0.0371926 0.0450579 0.0521686 0.0578478 0.0616935 0.0636131 0.0637445 0.0623689 0.0598476 0.056567 0.052886 0.0490978 0.0454021 0.0418723 0.0384236 0.0348196 0.0307631 0.0260678 0.0208243 0.0154374
 0.00686038 0.0110463 0.0164558 0.0230157 0.0305528 0.0386993 0.0468243 0.0541335 0.0599136 0.0637375 0.0655035 0.0653568 0.0636001 0.0606251 0.0568482 0.0526492 0.0483309 0.0440989 0.0400441 0.036125 0.0321746 0.0279721 0.0233786 0.0184724 0.0135812
 0.00720987 0.0116022 0.0172695 0.024127 0.0319827 0.0404398 0.0488263 0.0563018 0.0621178 0.0658337 0.0673559 0.0668518 0.0646524 0.0611795 0.0568783 0.0521522 0.0473192 0.0425939 0.03808 0.0337648 0.0295334 0.0252277 0.0207525 0.0161792 0.0117687
 0.00744508 0.0119852 0.0178477 0.0249454 0.0330771 0.0418237 0.0504759 0.0581493 0.0640566 0.0677351 0.0690891 0.0682996 0.0657215 0.0618054 0.0570255 0.0518094 0.0464938 0.0413078 0.0363719 0.0317005 0.0272211 0.0228248 0.0184511 0.0141653 0.0101719
 0.00768774 0.0123847 0.0184583 0.0258214 0.0342626 0.0433356 0.0522857 0.0601729 0.0661623 0.0697651 0.0708849 0.0697249 0.066678 0.0622402 0.0569284 0.0512029 0.0454197 0.0398178 0.0345263 0.0295769 0.0249265 0.0205025 0.0162681 0.0122788 0.00868788
 0.00795399 0.0128088 0.0190813 0.0266783 0.035379 0.044721 0.0539219 0.0620039 0.0680911 0.071661 0.0726 0.0711153 0.0676258 0.0626711 0.0568182 0.0505722 0.0443211 0.0383221 0.0327141 0.0275399 0.0227745 0.018367 0.0142926 0.0105925 0.00737319
 0.00820921 0.0132151 0.0196768 0.0274926 0.0364285 0.046001 0.0553979 0.0636082 0.0697303 0.0732304 0.0739965 0.0722446 0.0684067 0.0630408 0.0567397 0.0500408 0.0433648 0.0369968 0.0310972 0.0257253 0.0208717 0.0164984 0.0125829 0.00914768 0.00625608
 0.00830729 0.0133992 0.019999 0.0280163 0.0372123 0.0470749 0.0567404 0.06514 0.0713287 0.0747578 0.0753273 0.0732823 0.0690886 0.0633354 0.0566403 0.0495591 0.0425286 0.0358503 0.0297024 0.0241629 0.0192396 0.0149059 0.0111376 0.00793666 0.00532731
 0.00832856 0.0134386 0.0200698 0.02814 0.0374219 0.0474146 0.0572591 0.0658744 0.072282 0.0758814 0.0765203 0.0744123 0.0700257 0.0639814 0.0569419 0.0495047 0.0421364 0.0351586 0.0287651 0.0230495 0.0180348 0.0137049 0.0100344 0.00700689 0.00461276
 0.00849144 0.013663 0.0203335 0.0283991 0.0376263 0.047532 0.0572949 0.0658766 0.0723266 0.0760464 0.0768567 0.0749219 0.0706544 0.0646319 0.0575012 0.0498746 0.0422546 0.0350052 0.0283584 0.0224379 0.0172889 0.0129085 0.00927148 0.00634694 0.00409741
 0.00854353 0.0137478 0.020459 0.0285668 0.0378238 0.0477266 0.057435 0.0659078 0.0722204 0.0758271 0.0766051 0.0747481 0.0706518 0.0648359 0.0578751 0.050325 0.0426669 0.0352803 0.0284376 0.0223113 0.0169899 0.0124994 0.00882607 0.00593187 0.00375804
 0.00851769 0.013711 0.0204136 0.0285194 0.0377846 0.0477063 0.0574405 0.065936 0.0722555 0.0758436 0.0765815 0.0746855 0.0705835 0.064818 0.0579583 0.0505243 0.0429485 0.0355733 0.0286633 0.0224131 0.0169506 0.0123416 0.00859831 0.00568883 0.00354337
 0.00854955 0.0137519 0.0204553 0.0285485 0.037787 0.047675 0.0573801 0.0658631 0.0721908 0.0758021 0.0765653 0.0746843 0.0705841 0.0648166 0.0579672 0.0505661 0.0430387 0.035705 0.0288041 0.022519 0.0169871 0.012299 0.00849344 0.00555426 0.00341214
 0.00872482 0.0140143 0.0208074 0.0289756 0.0382585 0.048149 0.0578084 0.0661978 0.0723935 0.0758539 0.0764717 0.0744705 0.0702847 0.0644669 0.0575995 0.0502108 0.0427234 0.0354485 0.0286098 0.0223727 0.0168652 0.012181 0.00837169 0.00543434 0.00330595
 0.00869742 0.0139745 0.0207562 0.0289158 0.0381935 0.0480793 0.0577318 0.0661104 0.0722949 0.075751 0.0763791 0.0744069 0.0702661 0.0644998 0.0576792 0.0503242 0.0428549 0.0355844 0.0287392 0.0224857 0.0169516 0.0122333 0.00838866 0.00542316 0.00327913
 0.00877525 0.0140939 0.0209223 0.0291288 0.0384475 0.0483634 0.058028 0.0663931 0.0725314 0.0759074 0.0764284 0.0743385 0.0700902 0.0642463 0.0573882 0.0500347 0.0425956 0.0353706 0.0285739 0.0223635 0.0168625 0.012166 0.00833414 0.00537656 0.00323969
 0.00859329 0.013827 0.0205745 0.028723 0.0380199 0.0479536 0.0576718 0.0661198 0.0723646 0.0758626 0.0765092 0.0745323 0.0703692 0.0645733 0.0577273 0.0503587 0.0428895 0.0356286 0.0287947 0.0225467 0.0170074 0.0122726 0.00840494 0.0054172 0.00325831
 0.00843796 0.0135889 0.0202445 0.0283054 0.0375349 0.0474384 0.057179 0.0657106 0.0720936 0.0757619 0.07658 0.0747485 0.0706898 0.0649549 0.0581308 0.0507531 0.0432522 0.0359464 0.0290621 0.0227636 0.0171763 0.0123974 0.00849074 0.00547079 0.00328785
 0.00837905 0.0134946 0.0201054 0.0281144 0.0372898 0.0471448 0.0568546 0.0653855 0.0718072 0.0755537 0.0764798 0.0747683 0.0708212 0.0651728 0.0584016 0.0510433 0.0435351 0.0362035 0.0292833 0.0229449 0.0173181 0.0125026 0.00856391 0.00551774 0.00331504
 0.00838794 0.0134769 0.0200199 0.0279048 0.0369009 0.0465484 0.0560715 0.0644908 0.0709136 0.0747833 0.0759356 0.0745153 0.0708777 0.065511 0.0589573 0.0517324 0.0442716 0.0369151 0.0299192 0.0234769 0.0177372 0.0128136 0.00878068 0.00565866 0.00339978
 0.00853705 0.0136999 0.0203169 0.0282561 0.0372636 0.046857 0.0562443 0.0644484 0.0706077 0.0742244 0.0752019 0.0737334 0.0701831 0.0650089 0.0586992 0.0517132 0.0444439 0.0372095 0.0302649 0.0238163 0.0180325 0.0130471 0.00894997 0.00577158 0.00346891
 0.00858635 0.0137926 0.0204786 0.0285154 0.0376413 0.0473494 0.0568092 0.0650028 0.071043 0.0744364 0.0751237 0.0733604 0.0695789 0.0642886 0.0579943 0.0511335 0.0440502 0.0370084 0.0302215 0.0238757 0.0181404 0.013162 0.00904795 0.00584354 0.00351569
 0.00855162 0.0137345 0.0203899 0.0283927 0.0374914 0.0471954 0.0566912 0.0649671 0.0711211 0.0746225 0.0753681 0.0735842 0.0697067 0.0642809 0.0578638 0.0509367 0.0438609 0.0368868 0.0301943 0.0239344 0.0182534 0.0132924 0.0091667 0.00593543 0.00357789
 0.00834271 0.0134318 0.0200023 0.0279511 0.0370393 0.0467738 0.0563301 0.0646872 0.0709421 0.0745678 0.0754571 0.0738165 0.0700496 0.0646732 0.0582375 0.0512441 0.0440907 0.03706 0.0303447 0.0240872 0.0184143 0.0134511 0.00930686 0.00604511 0.00365393
 0.00801406 0.0129389 0.0193394 0.0271445 0.0361451 0.0458704 0.0555081 0.0640369 0.0705359 0.0744423 0.0756061 0.0741995 0.0706081 0.0653427 0.0589528 0.0519433 0.044724 0.0375995 0.0307867 0.0244452 0.0187057 0.0136874 0.00949292 0.0061829 0.00374769
 0.00773303 0.0124961 0.018701 0.0262938 0.0350919 0.0446622 0.0542386 0.0628412 0.0695645 0.0738227 0.0754094 0.0744274 0.0712015 0.0662044 0.0599718 0.0530148 0.0457608 0.0385383 0.0315906 0.0251019 0.0192215 0.0140783 0.00977783 0.00638044 0.003876
 0.00767878 0.0123825 0.0184831 0.0259143 0.0344955 0.0438191 0.0531676 0.0616201 0.0683209 0.0727101 0.0745752 0.0739826 0.0711974 0.0666231 0.0607348 0.0540055 0.046853 0.0396196 0.0325771 0.0259428 0.0198966 0.0145909 0.010146 0.00662964 0.00403384
 0.0083583 0.0133469 0.0196726 0.027179 0.0356294 0.0446204 0.0534922 0.0614073 0.0675945 0.0715671 0.0731712 0.0725076 0.069842 0.0655414 0.060016 0.0536636 0.0468369 0.0398376 0.032926 0.0263317 0.0202606 0.0148939 0.0103759 0.00679034 0.00413761
 0.00888518 0.0141814 0.0208793 0.0287811 0.0375788 0.0467653 0.0555648 0.0630623 0.0685059 0.0715434 0.0722241 0.0708381 0.0677612 0.0633751 0.0580324 0.0520372 0.0456415 0.0390607 0.0324959 0.0261494 0.020229 0.0149356 0.0104401 0.00684993 0.00418233
 0.00879661 0.0141379 0.0209995 0.0292372 0.0385506 0.0483643 0.0577608 0.0656505 0.0711332 0.0737863 0.0736942 0.0712859 0.0671447 0.0618647 0.0559479 0.0497459 0.0434615 0.037203 0.0310526 0.0251161 0.0195419 0.0145088 0.010191 0.00671316 0.00411169
 0.00847817 0.0136483 0.0203228 0.0283987 0.0376356 0.0475334 0.0572423 0.065691 0.0719045 0.0752867 0.0757044 0.0734177 0.0689659 0.0630419 0.056343 0.0494313 0.0426602 0.0361905 0.0300662 0.0243039 0.018957 0.0141345 0.00997689 0.00660336 0.00406138
 0.00846121 0.0135835 0.0201574 0.0280633 0.0370666 0.0467089 0.0562188 0.0646189 0.0710101 0.074817 0.0758472 0.0742222 0.0703002 0.0646193 0.0578169 0.0505173 0.0432266 0.0362751 0.029823 0.0239192 0.018579 0.0138431 0.0097896 0.00650121 0.00401423
 0.00849957 0.013626 0.0201821 0.0280302 0.03692 0.0463852 0.0556634 0.0638114 0.069993 0.0737164 0.0748655 0.0735905 0.0701998 0.065104 0.0587789 0.0517207 0.0443967 0.037199 0.0304113 0.0242027 0.0186577 0.0138242 0.00974811 0.00647144 0.00400194
 0.00856794 0.0137469 0.0203801 0.0283287 0.0373281 0.0468807 0.0561788 0.0642373 0.0702045 0.0736158 0.074426 0.072881 0.0693772 0.064367 0.0582969 0.051568 0.044528 0.0374816 0.0306953 0.0243868 0.0187158 0.0137889 0.00967237 0.0063973 0.00394889
 0.0085665 0.01375 0.0203959 0.0283714 0.0374174 0.0470389 0.0564235 0.0645683 0.0705905 0.073988 0.0746893 0.072946 0.069201 0.0639823 0.0578074 0.0511084 0.044206 0.0373352 0.0306885 0.0244437 0.0187672 0.013801 0.00964765 0.00635592 0.00390985
 0.00861714 0.0138253 0.0204966 0.0284943 0.0375583 0.0471956 0.0565982 0.0647672 0.0708183 0.0742402 0.0749433 0.0731573 0.0693114 0.0639418 0.057601 0.0507717 0.0438155 0.0369755 0.0304159 0.0242692 0.0186659 0.0137379 0.00959806 0.00631161 0.00387255
 0.0086886 0.0139247 0.0206151 0.0286131 0.0376536 0.0472477 0.0565991 0.0647243 0.0707528 0.0741815 0.0749199 0.073186 0.0693876 0.0640369 0.0576721 0.0507813 0.0437511 0.0368556 0.0302784 0.0241496 0.0185816 0.0136863 0.00956703 0.00629023 0.00385571
 0.0087735 0.0140589 0.0208085 0.0288696 0.0379662 0.0475944 0.0569411 0.0650115 0.0709387 0.0742398 0.0748551 0.0730302 0.0691857 0.0638281 0.0574769 0.0505995 0.0435708 0.0366675 0.0300855 0.0239665 0.0184252 0.0135664 0.00948327 0.00623553 0.00382148
 0.00877078 0.0140694 0.020852 0.0289732 0.0381575 0.0478888 0.0573307 0.0654607 0.071389 0.0746236 0.0751134 0.0731276 0.0691202 0.0636287 0.0571914 0.0502764 0.0432459 0.0363605 0.029805 0.0237181 0.0182149 0.0133995 0.0093606 0.00615242 0.00376951
 0.00888603 0.0142369 0.0210682 0.029225 0.0384295 0.0481735 0.0576328 0.065791 0.0717502 0.0749962 0.0754519 0.0733724 0.0692174 0.0635511 0.0569475 0.0499058 0.0428044 0.0359025 0.0293725 0.0233371 0.0178986 0.0131517 0.00917864 0.00602818 0.00369122
 0.00886389 0.0142107 0.0210461 0.0292187 0.0384488 0.0482198 0.0576968 0.0658585 0.0718139 0.0750644 0.0755448 0.0735063 0.0693881 0.0637286 0.0570875 0.0499707 0.0427788 0.0357971 0.0292148 0.0231593 0.0177276 0.0130051 0.00906441 0.00594682 0.00363829
 0.0087745 0.0140854 0.0208953 0.0290656 0.0383252 0.0481562 0.057713 0.0659577 0.0719814 0.0752722 0.0757609 0.0737057 0.069559 0.0638695 0.0571983 0.0500447 0.0428048 0.0357672 0.0291328 0.0230409 0.0175952 0.0128796 0.00895987 0.00586908 0.00358625
 0.00868906 0.0139471 0.0206895 0.0287833 0.0379687 0.0477476 0.0572983 0.0656013 0.0717487 0.0752072 0.075871 0.0739621 0.0699105 0.0642609 0.0575841 0.0503936 0.043097 0.0359911 0.0292843 0.0231247 0.0176246 0.0128732 0.00893625 0.00584213 0.00356377
 0.00853589 0.0137205 0.0203897 0.0284235 0.0375704 0.0473322 0.0568845 0.0652085 0.0714047 0.074951 0.0757464 0.0740023 0.0701228 0.0646202 0.0580399 0.0508854 0.0435704 0.0364066 0.0296197 0.0233733 0.0177922 0.0129742 0.00898929 0.00586525 0.00357115
 0.00864212 0.0138677 0.0205645 0.0285995 0.0377167 0.0474275 0.056925 0.0652048 0.0713697 0.0748893 0.075654 0.0738767 0.0699742 0.0644726 0.0579205 0.0508116 0.0435423 0.0364103 0.0296357 0.0233853 0.0177916 0.0129604 0.00896695 0.00584095 0.00355008
 0.00857291 0.0137718 0.0204498 0.0284804 0.0376065 0.0473281 0.0568229 0.0650791 0.0712081 0.0747021 0.075474 0.0737446 0.0699198 0.0645047 0.0580302 0.0509806 0.0437497 0.0366342 0.0298542 0.0235788 0.0179464 0.0130717 0.0090383 0.00588127 0.00356983
 0.00863194 0.0138702 0.0206028 0.028704 0.0379146 0.0477258 0.0572982 0.0655952 0.071703 0.0750982 0.0756986 0.0737538 0.0697148 0.0641314 0.0575606 0.050489 0.043294 0.0362485 0.0295502 0.0233521 0.0177838 0.0129577 0.0089594 0.00582761 0.0035346
 0.00864467 0.0138797 0.0205973 0.0286683 0.0378371 0.0476088 0.0571648 0.0654863 0.0716632 0.0751562 0.0758522 0.0739679 0.0699337 0.0643008 0.0576478 0.050492 0.0432356 0.036162 0.0294644 0.0232837 0.0177371 0.0129291 0.00894254 0.00581722 0.00352762
 0.00860207 0.0138071 0.0204816 0.0284942 0.03759 0.0472803 0.0567598 0.0650306 0.0712061 0.0747654 0.0755989 0.0739048 0.0700752 0.064615 0.0580681 0.0509413 0.0436514 0.0365101 0.0297377 0.0234911 0.017892 0.0130427 0.00902298 0.00587083 0.00356051
 0.00868649 0.0139424 0.0206802 0.0287636 0.037927 0.0476648 0.0571501 0.0653669 0.0714245 0.0748187 0.0754748 0.0736326 0.0697164 0.0642419 0.0577393 0.0506856 0.0434675 0.0363788 0.0296379 0.0234096 0.0178247 0.0129899 0.00898497 0.00584589 0.00354552
 0.00879026 0.0141088 0.0209265 0.0291036 0.0383683 0.0482023 0.0577599 0.0660013 0.0720146 0.0752849 0.0757441 0.0736579 0.0694916 0.063807 0.0571692 0.0500675 0.0428762 0.0358614 0.0292125 0.0230745 0.0175694 0.0128024 0.00885365 0.00575946 0.00349269
 0.00868928 0.0139504 0.0206997 0.0288054 0.0380072 0.0478038 0.0573688 0.0656779 0.0718208 0.0752644 0.0759052 0.0739681 0.0698873 0.0642137 0.0575252 0.0503404 0.0430645 0.035984 0.0292935 0.0231319 0.0176125 0.0128346 0.00887627 0.00577405 0.00350131
 0.00864746 0.0138601 0.0205232 0.0284956 0.0375219 0.0471273 0.0565316 0.0647622 0.0709463 0.0745603 0.0754791 0.0738812 0.0701407 0.0647498 0.0582448 0.0511306 0.0438281 0.0366571 0.0298481 0.0235668 0.0179401 0.0130716 0.00903988 0.00588052 0.0035659
 0.00894578 0.0143216 0.0211711 0.0293275 0.0385011 0.0481757 0.0575281 0.0655585 0.0714044 0.0745985 0.0751024 0.0731787 0.0692531 0.0638239 0.0573951 0.0504198 0.043269 0.0362303 0.0295229 0.0233169 0.0177488 0.0129291 0.00893903 0.00581378 0.00352499
 0.00924832 0.0147988 0.0218609 0.0302528 0.0396622 0.0495387 0.0590123 0.0670314 0.0726943 0.0755273 0.0755283 0.0730343 0.0685667 0.0627132 0.0560345 0.0489925 0.041924 0.0350596 0.0285628 0.0225645 0.0171813 0.0125177 0.0086543 0.00562782 0.00341166
 0.00912428 0.0146168 0.021625 0.0299832 0.0393949 0.0493219 0.0589005 0.0670759 0.0729286 0.0759493 0.0760887 0.073641 0.069107 0.0630895 0.0561951 0.0489454 0.0417256 0.034787 0.0282847 0.0223241 0.0169953 0.0123845 0.00856444 0.00557035 0.003377
 0.00903588 0.0144682 0.0213936 0.0296486 0.0389481 0.0487777 0.0583079 0.0665168 0.0725012 0.0757419 0.0761527 0.073975 0.0696544 0.0637513 0.0568566 0.049508 0.0421329 0.0350326 0.0284005 0.022358 0.01699 0.0123678 0.0085493 0.00556009 0.003371
 0.00918126 0.0146716 0.0216379 0.0298946 0.0391423 0.0488671 0.0582555 0.0663121 0.0721666 0.0753314 0.0757442 0.0736508 0.0694777 0.0637448 0.0569959 0.0497322 0.0423685 0.0352201 0.0285113 0.0223951 0.0169767 0.0123316 0.00851066 0.0055294 0.00335061
 0.00931851 0.0148862 0.0219429 0.0302915 0.0396145 0.049374 0.0587302 0.0666708 0.0723309 0.0752573 0.075441 0.0731815 0.0689383 0.0632352 0.0565907 0.0494635 0.0422246 0.0351598 0.0284867 0.022371 0.0169387 0.0122826 0.00846091 0.00548789 0.00332118
 0.0089128 0.0143147 0.0212463 0.0295636 0.0389766 0.0489326 0.0585412 0.0667276 0.0725767 0.0756094 0.0758161 0.0735164 0.0692042 0.0634395 0.0567666 0.0496494 0.0424445 0.0354124 0.028749 0.0226117 0.0171334 0.0124216 0.00854901 0.00553782 0.00334672
#obs surv len freq
 nan nan nan nan nan nan nan nan nan nan nan nan nan nan nan nan nan nan nan nan nan nan nan nan nan
 0.00447916 0.00733816 0.0111662 0.0159817 0.0216828 0.0279601 0.0342765 0.0400102 0.0446918 0.0481572 0.0505162 0.0520129 0.0529059 0.0534188 0.0537335 0.0539887 0.0542675 0.0545604 0.0546992 0.0542911 0.0527291 0.0493609 0.0438102 0.0362895 0.0276723
 0.00461387 0.00755737 0.0114962 0.0164463 0.0222979 0.0287244 0.0351634 0.0409644 0.0456365 0.0490083 0.0511981 0.0524698 0.053108 0.0533638 0.0534421 0.0534975 0.0536195 0.0537982 0.0538619 0.0534155 0.0518537 0.0485287 0.0430655 0.0356701 0.0271989
 0.00477615 0.00782374 0.0119018 0.017025 0.0230757 0.029708 0.0363288 0.0422525 0.0469596 0.0502652 0.0522898 0.0533104 0.053633 0.0535352 0.0532521 0.0529667 0.0527917 0.0527316 0.0526219 0.0520719 0.0504814 0.0472077 0.0418755 0.0346765 0.0264381
 0.00496911 0.00813875 0.0123784 0.0177014 0.0239813 0.030853 0.0376916 0.0437743 0.0485508 0.0518198 0.0536996 0.0544758 0.054469 0.0539765 0.0532584 0.052527 0.0519256 0.0514881 0.0510756 0.0503192 0.048637 0.0453985 0.0402268 0.0332909 0.0253733
 0.00517334 0.00847479 0.0128917 0.0184368 0.0249748 0.0321177 0.0392041 0.0454693 0.0503309 0.0535729 0.0553158 0.0558555 0.0555249 0.0546347 0.0534602 0.0522339 0.0511257 0.0502031 0.0493661 0.0482879 0.046426 0.043178 0.0381714 0.0315462 0.0240242
 0.00540709 0.00885553 0.0134663 0.0192499 0.0260611 0.0334895 0.0408373 0.0472982 0.052255 0.055475 0.0570796 0.0573764 0.0567139 0.0554181 0.0537778 0.0520385 0.0503872 0.0489177 0.0475711 0.0460744 0.043945 0.0406293 0.0357724 0.0294857 0.022418
 0.00563611 0.00923304 0.014044 0.0200793 0.027183 0.0349184 0.0425455 0.0492108 0.0542617 0.0574523 0.0589102 0.0589591 0.0579645 0.0562669 0.0541663 0.0519172 0.0497177 0.0476807 0.0457828 0.0438074 0.0413431 0.0379027 0.0331646 0.0272181 0.0206342
 0.00588317 0.00963433 0.0146476 0.0209305 0.0283171 0.036348 0.044247 0.0511173 0.0562707 0.0594429 0.0607616 0.0605638 0.0592344 0.057133 0.0545751 0.0518253 0.0490885 0.04649 0.0440344 0.0415574 0.0387216 0.035116 0.0304648 0.0248447 0.0187508
 0.00613146 0.0100433 0.0152728 0.0218259 0.029524 0.037877 0.046061 0.0531277 0.0583529 0.0614625 0.0625976 0.0621184 0.0604327 0.0579187 0.0549053 0.0516656 0.0484102 0.0452729 0.0422799 0.0393122 0.0361025 0.032318 0.0277363 0.0224295 0.0168217
 0.00637709 0.0104464 0.0158866 0.0227028 0.0307055 0.039378 0.0478527 0.0551304 0.0604453 0.0635043 0.0644529 0.0636735 0.0616034 0.0586505 0.0551666 0.0514385 0.047682 0.0440354 0.0405398 0.0371136 0.0335518 0.0295953 0.0250757 0.020066 0.014926
 0.00661649 0.0108384 0.0164817 0.0235498 0.0318421 0.0408162 0.0495629 0.0570362 0.0624337 0.0654461 0.0662233 0.0651638 0.0627278 0.0593478 0.0553997 0.0511896 0.0469464 0.0428169 0.038856 0.0350122 0.0311332 0.0270243 0.0225666 0.0178354 0.0131334
 0.00684284 0.0112122 0.0170548 0.0243737 0.0329567 0.0422327 0.0512475 0.0589051 0.0643655 0.0673076 0.0678914 0.0665389 0.0637365 0.0599409 0.0555485 0.0508815 0.0461808 0.0416036 0.0372198 0.0330054 0.0288527 0.0246219 0.0202353 0.0157693 0.011475
 0.00704499 0.0115449 0.0175633 0.0251028 0.0339427 0.0434894 0.0527513 0.0605887 0.0661257 0.0690233 0.0694436 0.0678254 0.0646795 0.0604898 0.055677 0.0505823 0.0454589 0.0404741 0.0357114 0.0311713 0.0267849 0.0224579 0.0181459 0.013924 0.00999693
 0.00727063 0.0119085 0.0181044 0.0258559 0.0349305 0.0447125 0.0541776 0.0621493 0.0677241 0.0705523 0.0708024 0.0689291 0.0654641 0.0609122 0.0557148 0.0502307 0.0447269 0.0393817 0.0342914 0.0294776 0.0249035 0.0205116 0.0162834 0.0122902 0.00869452
 0.00742237 0.0121656 0.0185102 0.0264559 0.0357613 0.0457849 0.055461 0.0635693 0.0691766 0.0719277 0.0720059 0.06989 0.0661344 0.061263 0.0557316 0.0499106 0.0440769 0.0384192 0.033047 0.0280017 0.0232737 0.0188356 0.0146886 0.0108978 0.00758887
 0.00753367 0.0123424 0.0187697 0.0268141 0.0362337 0.0463858 0.0561985 0.0644377 0.0701488 0.072952 0.0730101 0.0707931 0.0668613 0.0617553 0.0559526 0.0498424 0.0437171 0.0377774 0.0321468 0.0268859 0.0220097 0.0175165 0.0134227 0.00978748 0.00670514
 0.00757774 0.0124161 0.0188844 0.0269817 0.0364648 0.0466865 0.0565687 0.0648721 0.0706407 0.0734954 0.0735964 0.071403 0.0674579 0.0622851 0.0563541 0.0500597 0.0437095 0.0375252 0.0316534 0.0261791 0.0211438 0.0165699 0.0124881 0.00895307 0.00603347
 0.00765955 0.0125356 0.0190395 0.027163 0.0366595 0.0468848 0.0567682 0.0650776 0.0708606 0.0737378 0.0738668 0.0717026 0.0677814 0.062616 0.0566616 0.0502995 0.0438318 0.0374865 0.0314283 0.025769 0.0205806 0.0159129 0.0118132 0.00833531 0.00552822
 0.00770659 0.0126123 0.0191545 0.0273223 0.0368629 0.0471214 0.0570154 0.0653057 0.0710437 0.073866 0.0739504 0.0717669 0.0678538 0.0627142 0.0567857 0.0504303 0.0439342 0.0375176 0.0313492 0.0255583 0.0202437 0.0154843 0.0113481 0.00789398 0.00515851
 0.00775745 0.0126859 0.0192487 0.0274304 0.0369763 0.0472341 0.0571259 0.0654148 0.0711507 0.0739649 0.0740325 0.0718265 0.0678942 0.0627472 0.0568254 0.0504834 0.0439925 0.0375576 0.0313393 0.0254704 0.0200663 0.0152296 0.0110498 0.00759611 0.00489996
 0.00782373 0.0127885 0.0193928 0.0276159 0.0371959 0.0474728 0.0573608 0.0656193 0.0713016 0.0740503 0.074054 0.071796 0.0678273 0.0626595 0.0567306 0.050393 0.0439126 0.0374849 0.0312601 0.0253657 0.0199213 0.0150428 0.0108364 0.00738217 0.00471206
 0.00784884 0.0128307 0.0194589 0.0277123 0.0373273 0.0476382 0.0575514 0.0658175 0.0714842 0.0741943 0.0741431 0.0718244 0.0678003 0.0625903 0.0566359 0.0502883 0.0438092 0.0373876 0.0311663 0.0252669 0.0198077 0.0149099 0.0106895 0.00723533 0.00458176
 0.00786526 0.0128533 0.0194856 0.0277396 0.0373522 0.0476613 0.0575779 0.065856 0.071542 0.0742723 0.0742337 0.0719133 0.0678718 0.0626331 0.0566467 0.0502711 0.0437723 0.0373393 0.0311113 0.025205 0.019736 0.0148264 0.0105968 0.00714126 0.00449668
 0.00788831 0.012886 0.019526 0.0277824 0.0373898 0.0476862 0.057585 0.065845 0.071518 0.074246 0.0742176 0.0719172 0.0678978 0.0626747 0.0566917 0.0503074 0.0437924 0.0373412 0.0310969 0.0251769 0.0196958 0.0147758 0.0105388 0.00708142 0.00444167
 0.00789275 0.0128934 0.0195371 0.0277976 0.0374082 0.0477049 0.0575988 0.0658475 0.0715046 0.0742165 0.0741782 0.071879 0.0678732 0.0626722 0.0567125 0.0503452 0.0438362 0.0373801 0.0311231 0.0251871 0.01969 0.0147563 0.0105095 0.00704748 0.00440859
 0.00788035 0.0128687 0.0194919 0.0277225 0.0372961 0.0475561 0.0574244 0.0656685 0.0713458 0.0740987 0.0741132 0.0718688 0.0679137 0.0627564 0.0568319 0.0504894 0.0439926 0.0375346 0.0312623 0.025301 0.0197737 0.0148099 0.0105373 0.00705625 0.00440593
 0.00788887 0.0128763 0.0194916 0.0277033 0.0372454 0.0474634 0.0572861 0.0654906 0.0711448 0.073899 0.0739423 0.0717509 0.0678637 0.0627769 0.056915 0.0506204 0.0441538 0.0377077 0.0314306 0.0254505 0.0198949 0.0148987 0.0105953 0.00708902 0.00442097
 0.00789642 0.0128868 0.0195038 0.0277139 0.0372488 0.0474515 0.0572494 0.0654203 0.0710363 0.0737561 0.0737786 0.0715888 0.0677286 0.0626909 0.0568907 0.0506585 0.0442444 0.037834 0.0315729 0.0255905 0.0200182 0.0149966 0.0106651 0.00713334 0.0044456
 0.00787306 0.0128522 0.0194579 0.0276588 0.0371879 0.0473884 0.0571863 0.0653578 0.0709733 0.0736899 0.0737075 0.0715143 0.0676574 0.0626348 0.0568636 0.0506718 0.0443023 0.0379316 0.0316974 0.025725 0.0201459 0.0151051 0.0107478 0.00718991 0.00448014
 0.0078384 0.0127954 0.0193719 0.0275381 0.0370307 0.0472002 0.0569818 0.0651596 0.0708058 0.0735719 0.0736466 0.0715064 0.0676916 0.0626992 0.0569502 0.0507778 0.0444279 0.0380762 0.0318563 0.025888 0.0203004 0.0152389 0.0108532 0.00726509 0.00452848
 0.00780933 0.0127445 0.0192888 0.0274112 0.0368508 0.0469651 0.0567013 0.0648567 0.0705136 0.073326 0.0734767 0.0714301 0.067711 0.0628025 0.0571166 0.0509846 0.0446557 0.0383112 0.0320882 0.0261082 0.0204994 0.0154081 0.0109866 0.0073616 0.00459198
 0.00778239 0.0126984 0.0192153 0.0273009 0.0366949 0.0467585 0.0564464 0.0645657 0.070208 0.0730347 0.0732317 0.0712608 0.0676385 0.0628347 0.0572465 0.0511924 0.044915 0.0385947 0.0323729 0.0263762 0.0207378 0.0156079 0.0111432 0.00747508 0.00466734
 0.00777996 0.0126904 0.0191956 0.0272609 0.036625 0.0466508 0.0562975 0.0643781 0.0699905 0.0728016 0.0730018 0.0710567 0.067484 0.0627507 0.0572462 0.0512774 0.0450743 0.0388076 0.0326139 0.0266203 0.0209644 0.0158024 0.0112978 0.00758849 0.00474353
 0.00771969 0.0126004 0.0190747 0.0271129 0.0364567 0.0464694 0.056109 0.0641876 0.0698036 0.0726257 0.0728464 0.0709324 0.0674022 0.0627223 0.0572801 0.0513782 0.0452397 0.0390265 0.0328673 0.0268844 0.0212156 0.0160218 0.011474 0.00771839 0.00483109
 0.00930736 0.0148168 0.0217373 0.0298283 0.0387371 0.047916 0.0565566 0.0637283 0.0686961 0.0711645 0.0712691 0.06939 0.0659741 0.0614451 0.0561702 0.0504426 0.0444797 0.0384369 0.0324348 0.0265878 0.0210279 0.0159141 0.0114196 0.00769549 0.0048243
 0.00932211 0.0151341 0.0227312 0.0319587 0.0423478 0.0529631 0.0624372 0.0693798 0.0729739 0.0732943 0.071102 0.0673388 0.0627301 0.0576828 0.0523825 0.0469185 0.0413578 0.035769 0.0302281 0.024825 0.0196746 0.0149221 0.0107305 0.00724551 0.00455037
 0.0089553 0.0145602 0.021931 0.0309869 0.041386 0.0523541 0.0626433 0.0708178 0.0757664 0.0770859 0.0751046 0.0706312 0.0646424 0.0580274 0.0514206 0.0451428 0.0392597 0.0337059 0.0284017 0.0233194 0.0185027 0.0140584 0.0101299 0.0068539 0.00431273
 0.00877657 0.0142586 0.0214578 0.0302936 0.0404435 0.0511875 0.0613737 0.0696902 0.0751271 0.0772858 0.0763416 0.0728047 0.0673229 0.0605969 0.053322 0.0460913 0.0392973 0.0331002 0.0274829 0.0223568 0.0176586 0.0133995 0.00966015 0.00654518 0.00412556
 0.00871236 0.0141472 0.021276 0.0300128 0.0400324 0.0506199 0.0606418 0.0688225 0.074209 0.0764728 0.0758485 0.0728502 0.0680338 0.0619148 0.0549813 0.0477064 0.0405201 0.0337537 0.0275958 0.0220976 0.0172306 0.0129625 0.00930157 0.00629107 0.00396538
 0.00870303 0.0141267 0.0212347 0.0299366 0.0399041 0.0504208 0.0603556 0.0684387 0.0737286 0.0759191 0.0752806 0.0723719 0.0677812 0.0620139 0.0554833 0.0485382 0.0414917 0.0346312 0.0282009 0.0223715 0.0172298 0.0128024 0.0090939 0.0061076 0.00383413
 0.00868979 0.0141064 0.021206 0.0298983 0.0398533 0.0503524 0.0602606 0.0683053 0.0735447 0.0756765 0.0749818 0.0720387 0.0674628 0.0617856 0.0554286 0.0487129 0.0418862 0.0351594 0.02873 0.0227804 0.0174588 0.0128643 0.00904788 0.00601954 0.00374989
 0.00868552 0.0140984 0.0211922 0.0298761 0.0398208 0.0503087 0.0602064 0.0682417 0.0734709 0.0755877 0.07487 0.0718974 0.0672943 0.0616098 0.0552849 0.0486517 0.0419478 0.035349 0.0290071 0.0230728 0.0176957 0.013007 0.00909919 0.00600987 0.00371482
 0.00865556 0.0140535 0.0211316 0.0298016 0.0397361 0.0502185 0.0601156 0.0681554 0.073394 0.0755239 0.0748201 0.0718579 0.0672592 0.0615739 0.0552511 0.0486346 0.0419706 0.0354322 0.0291529 0.0232588 0.0178822 0.0131565 0.00919257 0.00605079 0.00372097
 0.00866327 0.0140625 0.0211387 0.029802 0.0397248 0.0501927 0.0600765 0.0681078 0.0733441 0.0754766 0.0747773 0.0718189 0.0672216 0.0615358 0.0552123 0.0485994 0.0419488 0.0354367 0.0291937 0.0233346 0.0179786 0.0132512 0.00926634 0.00609559 0.00374031
 0.0086383 0.0140264 0.0210925 0.029749 0.0396693 0.0501379 0.0600234 0.0680557 0.0732932 0.0754295 0.074739 0.0717947 0.0672143 0.0615441 0.0552322 0.0486265 0.0419815 0.0354771 0.029246 0.023401 0.0180552 0.0133284 0.00933278 0.0061435 0.00376866
 0.00863987 0.0140264 0.0210882 0.0297367 0.0396462 0.0501038 0.0599821 0.0680139 0.0732571 0.0754021 0.0747196 0.0717803 0.0672027 0.0615353 0.0552277 0.0486279 0.0419897 0.0354931 0.029271 0.0234356 0.0180981 0.0133751 0.00937657 0.00617862 0.00379242
 0.00862888 0.0140123 0.0210736 0.0297259 0.039643 0.0501093 0.0599931 0.0680241 0.0732601 0.075395 0.0747038 0.0717598 0.0671816 0.0615162 0.0552118 0.048616 0.0419829 0.0354927 0.0292782 0.023451 0.0181208 0.0134024 0.00940444 0.00620287 0.00381044
 0.00861857 0.0139928 0.0210395 0.0296715 0.0395653 0.0500109 0.0598845 0.0679216 0.0731808 0.0753498 0.0746944 0.0717804 0.0672233 0.0615704 0.0552722 0.048678 0.0420438 0.0355507 0.0293327 0.0235019 0.018168 0.0134449 0.00944092 0.00623184 0.00383127
 0.00861902 0.0139938 0.0210412 0.0296736 0.0395658 0.050006 0.0598688 0.0678903 0.0731329 0.0752904 0.0746341 0.0717313 0.0671937 0.0615628 0.0552836 0.0487027 0.0420759 0.0355861 0.0293686 0.0235368 0.0182009 0.013475 0.00946701 0.00625291 0.00384681
 0.00861902 0.0139938 0.0210412 0.0296736 0.0395658 0.050006 0.0598688 0.0678903 0.0731329 0.0752904 0.0746341 0.0717313 0.0671937 0.0615628 0.0552836 0.0487027 0.0420759 0.0355861 0.0293686 0.0235368 0.0182009 0.013475 0.00946701 0.00625291 0.00384681
 0.00851892 0.0138395 0.0208255 0.0293968 0.0392371 0.0496445 0.0595035 0.0675575 0.0728692 0.075124 0.0745787 0.0717852 0.0673438 0.0617885 0.0555608 0.0490062 0.0423821 0.0358755 0.0296274 0.0237571 0.0183798 0.0136136 0.00956891 0.00632351 0.00389244
 0.008636 0.0140116 0.0210501 0.0296586 0.039511 0.049901 0.0597137 0.0676972 0.0729214 0.0750828 0.0744509 0.07159 0.0671084 0.0615424 0.0553298 0.0488088 0.0422271 0.0357631 0.0295518 0.02371 0.0183531 0.0136003 0.00956394 0.00632312 0.00389406
 0.00854221 0.0138806 0.0208924 0.0294964 0.0393707 0.0498018 0.0596596 0.0676775 0.0729191 0.0750845 0.0744523 0.0715948 0.0671233 0.0615732 0.0553793 0.0488769 0.0423118 0.03586 0.0296547 0.0238112 0.0184453 0.013678 0.00962447 0.00636664 0.00392284
 0.00868135 0.0140866 0.0211651 0.0298237 0.0397331 0.050179 0.0600338 0.0680301 0.073225 0.07531 0.0745613 0.0715615 0.0669443 0.061271 0.0549962 0.0484621 0.0419091 0.0355007 0.0293559 0.0235779 0.0182734 0.0135586 0.00954626 0.00631861 0.00389537
 0.0085954 0.0139693 0.0210297 0.0296952 0.03964 0.0501418 0.0600564 0.0681014 0.0733291 0.0754351 0.0747013 0.0717094 0.0670854 0.0613842 0.0550621 0.0484733 0.0418732 0.0354361 0.0292834 0.0235133 0.0182249 0.0135273 0.00952906 0.00631083 0.00389281
 0.00857847 0.0139299 0.02095 0.0295556 0.0394291 0.0498691 0.0597592 0.0678381 0.0731578 0.0753904 0.074783 0.0718887 0.0673212 0.0616366 0.0552991 0.048672 0.0420212 0.0355324 0.0293367 0.0235379 0.0182348 0.0135321 0.00953344 0.00631571 0.00389753
 0.00864295 0.0140306 0.0210926 0.029739 0.0396417 0.0500859 0.0599437 0.0679513 0.0731742 0.0753119 0.0746401 0.0717261 0.0671771 0.0615294 0.0552264 0.0486193 0.0419722 0.035476 0.0292699 0.023465 0.0181639 0.0134711 0.00948693 0.00628421 0.00387851
 0.00871801 0.0141563 0.0212876 0.0300209 0.0400204 0.050554 0.0604679 0.068472 0.0736165 0.0756061 0.0747418 0.07163 0.066916 0.0611609 0.0548127 0.0482099 0.0415957 0.0351432 0.0289816 0.0232195 0.0179608 0.0133106 0.00936794 0.00620253 0.00382714
 0.00857584 0.0139381 0.0209849 0.0296386 0.0395801 0.0500965 0.0600519 0.0681652 0.0734767 0.0756595 0.0749714 0.0719809 0.0673172 0.0615494 0.0551499 0.0484836 0.0418113 0.0353116 0.0291119 0.0233169 0.0180292 0.0133548 0.00939393 0.00621649 0.00383411
 0.00852505 0.0138401 0.0208099 0.0293521 0.0391552 0.049531 0.0593837 0.0674728 0.0728629 0.0752231 0.0747803 0.0720551 0.0676274 0.0620284 0.0557142 0.0490558 0.0423364 0.035761 0.0294775 0.0236027 0.0182437 0.0135084 0.00949782 0.00628237 0.00387301
 0.00866132 0.0140545 0.0211169 0.0297539 0.0396334 0.0500394 0.0598465 0.0677983 0.072973 0.0750864 0.0744284 0.0715722 0.0671173 0.0615785 0.0553723 0.0488277 0.0421987 0.0356802 0.029425 0.0235616 0.0182074 0.0134761 0.00947082 0.00626158 0.00385844
 0.00880302 0.0142929 0.0214891 0.0302957 0.0403667 0.050953 0.06088 0.0688393 0.0738764 0.0757102 0.0746725 0.0714056 0.0665856 0.0607883 0.0544583 0.0479143 0.0413731 0.0349843 0.028865 0.0231241 0.0178735 0.0132285 0.0092944 0.00614261 0.0037835
 0.00860843 0.0139982 0.0210884 0.0298041 0.0398244 0.0504258 0.0604544 0.0686072 0.0739065 0.076017 0.0752015 0.0720465 0.0672092 0.0612906 0.0547891 0.0480813 0.0414228 0.0349735 0.0288378 0.0231031 0.0178636 0.013226 0.00929463 0.00614277 0.00378295
 0.00856393 0.0139025 0.020903 0.0294827 0.0393301 0.049756 0.0596606 0.0677963 0.0732166 0.0755778 0.0750952 0.0722847 0.0677315 0.0619842 0.0555244 0.0487499 0.0419625 0.0353721 0.0291172 0.0232969 0.0180008 0.0133248 0.00936453 0.00618971 0.00381208
