SBPRF35
7.78865
Curr Bio
560333
B35
717176
F35
0.212265
FOFL
0.153454
OFL
64368.2
Bzero
2.22533e+006
#pred survey bio
 4.80339e+006 4.53524e+006 4.27505e+006 3.97342e+006 3.63586e+006 3.28969e+006 2.94926e+006 2.63686e+006 2.33625e+006 2.08036e+006 1.80148e+006 1.58477e+006 1.41051e+006 1.25525e+006 1.09807e+006 973960 876337 811116 768056 723723 693981 666949 664204 642010 643462 625101 621270 615461 615861 624471 616302 602153 587618 579589 563600 530796 518893 515360 519809 519769 526197 534388 535204 556955 559196 569056 572063 573659 576867 576013 565815 1.86685e+007 1.09795e+007 1.10932e+007 1.17551e+007 1.27158e+007 1.37328e+007 1.46589e+007 1.54311e+007 1.60396e+007 1.65015e+007 1.68436e+007 1.7093e+007 1.72732e+007 1.74029e+007 1.74961e+007 1.75632e+007 1.76118e+007 1.76472e+007 1.7673e+007 1.76921e+007 1.77062e+007 1.77167e+007 1.77246e+007 1.77306e+007 1.77351e+007 1.77385e+007 1.77411e+007 1.77431e+007 1.77446e+007 1.77458e+007 1.77467e+007 1.77473e+007 1.77479e+007 1.77483e+007 1.77486e+007 1.77488e+007 1.7749e+007 1.77492e+007 1.77493e+007 1.77494e+007 1.77494e+007 1.77495e+007 1.77495e+007 1.77496e+007 1.77496e+007 1.77496e+007 1.77496e+007 1.77496e+007 1.77496e+007 1.77497e+007 1.77497e+007 1.77497e+007 1.77497e+007 1.77497e+007 1.77497e+007 1.77497e+007 1.77497e+007 1.77497e+007 1.77497e+007 1.77497e+007 1.77497e+007 1.77497e+007 1.77497e+007 1.77497e+007 1.77497e+007 1.77497e+007 1.77497e+007 1.77497e+007 1.77497e+007 1.77497e+007 1.77497e+007 1.77497e+007 1.77497e+007 1.77497e+007 1.77497e+007 1.77497e+007 1.77497e+007 1.77497e+007 1.77497e+007 1.77497e+007 1.77497e+007 1.77497e+007 1.77497e+007 1.77497e+007 1.77497e+007 1.77497e+007 1.77497e+007 1.77497e+007 1.77497e+007 1.77497e+007 1.77497e+007 1.77497e+007 1.77497e+007 1.77497e+007 1.77497e+007 1.77497e+007 1.77497e+007 1.77497e+007 1.77497e+007 1.77497e+007 0 0 0 0 0 0 0 0 0 0 0 0 0 0 0 0 0 0 0 0 0 0 0 0 0
#obs survey bio
 3.88769e+006 3.44048e+006 3.6781e+006 3.32479e+006 3.03084e+006 2.28888e+006 1.37272e+006 1.9631e+006 2.90959e+006 1.2617e+006 1.43254e+006 1.36023e+006 1.16952e+006 1.09712e+006 1.01829e+006 510298 907222 503301 635617 514665 575044 483696 797776 596958 696255 517065 704880 591852 456918 508897 519298 557014 591570 429461 689167 415921 560141 484022 490074 525893 502420 503653 498842 493098 644717 566466 401072 597014 528664 567116 594344
#pred catch bio
 95250.9 93338.4 146628 205094 245128 274351 282038 300705 285536 326957 288057 262881 255467 262942 236876 214613 186100 165227 162209 145064 138144 114063 126539 103079 116931 102670 103336 96807.5 88807.1 101392 103704 100578 91794.9 95071.8 105095 86201.9 83092 81952.8 89307.8 85270 84569.9 90945.7 74211.7 91227.9 84761 90628 91556.7 89260.7 90776.9 95100.9 107673 64368.2 84613 84034.1 87649 94304.5 101662 108336 113788 117957 121002 123152 124634 125634 126300 126738 127024 127208 127327 127403 127451 127482 127502 127514 127522 127527 127530 127532 127533 127534 127534 127535 127535 127535 127535 127535 127535 127535 127535 127535 127535 127535 127535 127535 127535 127535 127535 127535 127535 127535 127535 127535 127535 127535 127535 127535 127535 127535 127535 127535 127535 127535 127535 127535 127535 127535 127535 127535 127535 127535 127535 127535 127535 127535 127535 127535 127535 127535 127535 127535 127535 127535 127535 127535 127535 127535 127535 127535 127535 127535 127535 127535 127535 127535 127535 127535 127535 127535 127535 127535 127535 0 0 0 0 0 0 0 0 0 0 0 0 0 0 0 0 0 0 0 0 0 0 0 0 0
#obs catch bio
 0 93077.5 146994 206325 247809 278773 287832 308102 290538 337418 296404 270424 262252 271934 245702 223121 192254 171578 167755 149268 142300 116317 129371 104177 118522 103654 104922 98426.9 89621.3 102481 105129 102109 92347.4 96063 106183 86949.3 83812 82621.3 90400.2 86044.1 85202.2 91962.7 74618.1 92154.7 85238.4 91069.2 92417.2 89945.4 91274.2 95269 107830
#pred cpue bio
 4.72494e+006 4.46237e+006 4.2064e+006 3.90629e+006 3.56972e+006 3.22487e+006 2.88612e+006 2.57554e+006 2.27727e+006 2.02336e+006 1.74716e+006 1.53258e+006 1.36017e+006 1.20658e+006 1.05156e+006 929435 833716 770051 728581 686361 658251 632742 630753 610001 612010 594588 590880 585314 586061 594857 587282 573955 560466 553247 538335 506973 494725 489500 492395 492106 498619 506775 507646 528744 531028 540701 543662 545277 548778 548563 539559 1.78275e+007 1.04948e+007 1.0486e+007 1.10012e+007 1.19077e+007 1.29112e+007 1.38345e+007 1.46061e+007 1.52145e+007 1.56764e+007 1.60186e+007 1.6268e+007 1.64482e+007 1.65778e+007 1.6671e+007 1.67382e+007 1.67868e+007 1.68221e+007 1.6848e+007 1.6867e+007 1.68812e+007 1.68917e+007 1.68996e+007 1.69055e+007 1.691e+007 1.69135e+007 1.69161e+007 1.6918e+007 1.69195e+007 1.69207e+007 1.69216e+007 1.69223e+007 1.69228e+007 1.69232e+007 1.69235e+007 1.69238e+007 1.6924e+007 1.69241e+007 1.69242e+007 1.69243e+007 1.69244e+007 1.69244e+007 1.69245e+007 1.69245e+007 1.69245e+007 1.69246e+007 1.69246e+007 1.69246e+007 1.69246e+007 1.69246e+007 1.69246e+007 1.69246e+007 1.69246e+007 1.69246e+007 1.69246e+007 1.69246e+007 1.69246e+007 1.69246e+007 1.69246e+007 1.69246e+007 1.69246e+007 1.69246e+007 1.69246e+007 1.69246e+007 1.69246e+007 1.69246e+007 1.69246e+007 1.69246e+007 1.69246e+007 1.69246e+007 1.69246e+007 1.69246e+007 1.69246e+007 1.69246e+007 1.69246e+007 1.69246e+007 1.69246e+007 1.69246e+007 1.69246e+007 1.69246e+007 1.69246e+007 1.69246e+007 1.69246e+007 1.69246e+007 1.69246e+007 1.69246e+007 1.69246e+007 1.69246e+007 1.69246e+007 1.69246e+007 1.69246e+007 1.69246e+007 1.69246e+007 1.69246e+007 1.69246e+007 1.69246e+007 1.69246e+007 1.69246e+007 1.69246e+007 1.69246e+007 0 0 0 0 0 0 0 0 0 0 0 0 0 0 0 0 0 0 0 0 0 0 0 0 0
#obs cpue bio
 2.53234e+006 4.07376e+006 4.00508e+006 2.35208e+006 1.66986e+006 2.56696e+006 3.12375e+006 2.88602e+006 2.60776e+006 1.50557e+006 1.53147e+006 1.24512e+006 1.49482e+006 789858 553469 921808 594549 454797 783297 676130 516972 711013 525200 665148 587240 586892 313332 389966 941536 749437 463701 450409 822096 490102 514783 441001 427371 446596 399266 460920 495142 451643 422961 627769 438325 614043 479585 502744 664960 708922 619410
#pred surv len freq
 0.00482037 0.00787281 0.0119349 0.0170128 0.0229935 0.0295556 0.0361458 0.0421203 0.0469894 0.0505786 0.0530029 0.0545228 0.0554098 0.0558764 0.0560478 0.0559576 0.0555621 0.0547627 0.0534159 0.0513178 0.0481961 0.0437725 0.0379265 0.03089 0.0233151
 0.00510795 0.00822231 0.0122484 0.0171408 0.0227935 0.0289744 0.0352735 0.0411694 0.0461996 0.0501032 0.052846 0.0545596 0.0554698 0.0558349 0.0558832 0.0557542 0.0554643 0.0549029 0.053846 0.0519784 0.0489399 0.0444309 0.0383822 0.0311152 0.0233596
 0.00544331 0.0087653 0.0130521 0.0182286 0.0241259 0.0304172 0.0365948 0.0420969 0.0465305 0.0498055 0.0520747 0.0535682 0.0544765 0.0549374 0.0550687 0.0549767 0.0547194 0.0542477 0.0533593 0.0516998 0.0488355 0.0444096 0.0383482 0.0310165 0.0232018
 0.00571979 0.0092194 0.0137449 0.0192215 0.0254682 0.0321218 0.0386052 0.0442593 0.0485949 0.0514711 0.0530764 0.0537699 0.0539191 0.0538066 0.0536015 0.0533702 0.0530967 0.052681 0.0519058 0.0504111 0.047741 0.0435035 0.0375996 0.0303955 0.0226959
 0.00597843 0.0096404 0.0143805 0.0201234 0.0266815 0.0336729 0.0404855 0.0464112 0.0509024 0.0537582 0.055114 0.0553041 0.0547278 0.0537684 0.0527399 0.0518409 0.0511255 0.0504922 0.0496809 0.0482822 0.0457998 0.0418087 0.0361816 0.0292619 0.0218377
 0.00624861 0.0100741 0.0150238 0.0210172 0.0278571 0.0351436 0.0422366 0.0483936 0.0530364 0.0559392 0.0572143 0.0571677 0.0561698 0.0545961 0.0527989 0.0510691 0.0495834 0.0483507 0.0471723 0.0456448 0.04324 0.0394845 0.0341998 0.0276786 0.0206596
 0.00651131 0.0105 0.0156626 0.0219147 0.0290469 0.0366348 0.0440007 0.0503615 0.0551096 0.0580098 0.0591799 0.0589314 0.0576289 0.0556297 0.0532694 0.0508478 0.0485952 0.046616 0.0448231 0.0429032 0.0403705 0.0367418 0.0317871 0.0257225 0.0192019
 0.00673351 0.0108636 0.0162145 0.0227012 0.0301061 0.0379843 0.0456232 0.0521986 0.0570684 0.0599803 0.0610522 0.0606074 0.0590231 0.056662 0.0538534 0.0508867 0.0479954 0.0453227 0.0428627 0.0404088 0.0375715 0.0339181 0.029205 0.0235762 0.0175811
 0.00706965 0.0113856 0.0169553 0.0236773 0.0313187 0.0394198 0.0472507 0.0539652 0.0588999 0.0617882 0.0627439 0.0620945 0.0602278 0.0575175 0.0542998 0.0508622 0.0474341 0.0441678 0.0410992 0.0381023 0.0348895 0.0311128 0.0265561 0.0213176 0.0158445
 0.007347 0.0118377 0.0176367 0.0246361 0.0325834 0.0409811 0.0490468 0.0558843 0.0608055 0.0635542 0.0642798 0.0633474 0.0611683 0.0581228 0.0545422 0.0507046 0.04683 0.0430706 0.0394841 0.0360006 0.0324189 0.0284794 0.0240158 0.0191073 0.0141155
 0.00769003 0.0123918 0.0184638 0.025791 0.0341026 0.0428647 0.0512389 0.0582639 0.0631994 0.0657693 0.066141 0.0647285 0.0620068 0.0584156 0.0543244 0.0500213 0.0457136 0.0415338 0.0375347 0.0336729 0.029808 0.0257571 0.0214074 0.0168335 0.0123261
 0.00802719 0.0129185 0.0192175 0.0267948 0.035365 0.0443784 0.0529746 0.0601632 0.0651723 0.0676996 0.0678967 0.0661773 0.0630343 0.0589439 0.0543231 0.0495032 0.0447183 0.0401086 0.0357266 0.0315403 0.0274451 0.0233108 0.0190668 0.0147871 0.0107068
 0.0083896 0.0134848 0.0200265 0.0278657 0.0366929 0.0459303 0.0546845 0.0619362 0.0669005 0.0692839 0.0692608 0.0672649 0.0637977 0.0593368 0.0543038 0.0490457 0.0438214 0.0387977 0.0340503 0.0295702 0.0252833 0.0210956 0.0169633 0.0129553 0.00925825
 0.00865975 0.0139327 0.0207154 0.0288558 0.0380241 0.0475969 0.0566138 0.0639873 0.0688929 0.0710428 0.0706559 0.0682268 0.0643109 0.0594188 0.0539835 0.0483491 0.0427695 0.0374133 0.0323702 0.0276561 0.0232293 0.0190284 0.0150286 0.0112885 0.00794964
 0.00896159 0.0144195 0.0214408 0.0298677 0.0393559 0.0492529 0.0585509 0.0661037 0.0710335 0.0730224 0.0722919 0.0693735 0.0648851 0.0594089 0.0534383 0.047352 0.0414102 0.0357714 0.0305145 0.0256572 0.0211737 0.0170248 0.0131985 0.00974045 0.00675065
 0.00919845 0.0147988 0.0220012 0.0306417 0.0403651 0.0504994 0.0600075 0.0677086 0.0726945 0.0746277 0.0737225 0.0705131 0.065632 0.059692 0.0532308 0.0466765 0.0403301 0.0343731 0.0288912 0.0239015 0.0193811 0.0152969 0.0116375 0.00843292 0.00574607
 0.00934972 0.0150476 0.0223807 0.0311843 0.0410955 0.051424 0.0611042 0.0689245 0.0739538 0.0758472 0.0748231 0.071425 0.0662934 0.0600491 0.0532424 0.046323 0.039622 0.0333532 0.0276299 0.0224875 0.0179128 0.0138751 0.0103562 0.00736529 0.00493065
 0.00930593 0.0149967 0.0223427 0.0311927 0.041192 0.0516483 0.0614831 0.0694647 0.07464 0.076643 0.0756754 0.0722689 0.0670603 0.0606721 0.0536618 0.046491 0.0395093 0.0329567 0.0269772 0.0216371 0.0169465 0.0128867 0.00943582 0.00658412 0.00432803
 0.00919665 0.0148255 0.0220986 0.0308748 0.0408147 0.0512476 0.0611196 0.0692162 0.0745833 0.0768299 0.0761146 0.0729234 0.0678572 0.061519 0.0544628 0.0471587 0.0399745 0.0331759 0.0269394 0.0213658 0.0164977 0.012338 0.00887105 0.00607494 0.00392037
 0.00924675 0.0148885 0.0221594 0.0309074 0.0407898 0.0511436 0.060934 0.0689718 0.0743261 0.0766198 0.0760125 0.0729749 0.0680784 0.06189 0.0549305 0.0476491 0.0404085 0.033485 0.0270787 0.0213228 0.0162936 0.0120226 0.00850849 0.00572687 0.00363076
 0.00921196 0.0148386 0.0220958 0.0308334 0.0407065 0.0510461 0.0608098 0.0688066 0.0741147 0.0763778 0.0757792 0.0728059 0.0680285 0.0619942 0.0551901 0.0480291 0.0408453 0.0339031 0.0274092 0.0215204 0.016346 0.0119502 0.00835505 0.00554315 0.00345932
 0.00923868 0.014869 0.0221181 0.0308297 0.0406595 0.0509471 0.0606649 0.0686338 0.0739351 0.076206 0.0756219 0.0726691 0.0679263 0.061951 0.0552327 0.0481713 0.0410766 0.0341865 0.0276913 0.0217485 0.0164851 0.0119927 0.00831872 0.00546104 0.00336537
 0.00905702 0.0145921 0.0217356 0.0303444 0.040086 0.0503101 0.0599996 0.0679878 0.0733666 0.0757758 0.0753801 0.0726422 0.0681112 0.062319 0.0557409 0.0487741 0.0417303 0.0348475 0.0283138 0.022288 0.0169076 0.0122838 0.00848804 0.00553646 0.00338206
 0.00914117 0.0147028 0.0218541 0.0304375 0.0401152 0.0502464 0.0598348 0.0677358 0.0730555 0.0754378 0.0750464 0.0723428 0.0678761 0.0621749 0.055705 0.0488494 0.0419044 0.0350953 0.0286014 0.0225771 0.0171626 0.0124796 0.00861558 0.00560308 0.00340544
 0.00911349 0.0146502 0.0217602 0.0302811 0.0398738 0.0499031 0.059387 0.0672023 0.072479 0.0748798 0.0745755 0.0720188 0.0677361 0.0622272 0.0559327 0.0492189 0.0423739 0.0356201 0.0291367 0.0230809 0.0175996 0.0128265 0.00886491 0.00576301 0.00349541
 0.00932192 0.014961 0.0221747 0.030779 0.0404146 0.0504312 0.0598369 0.0675064 0.0725788 0.074743 0.0742089 0.0714716 0.0670886 0.0615715 0.0553506 0.0487663 0.0420751 0.0354707 0.0291114 0.0231423 0.0177072 0.0129441 0.00896686 0.00583689 0.0035405
 0.00925755 0.0148849 0.0221121 0.0307686 0.0404955 0.0506226 0.060123 0.0678357 0.0728806 0.0749499 0.0742766 0.0713868 0.0668692 0.0612597 0.0550038 0.048444 0.0418256 0.0353211 0.0290641 0.0231792 0.0177976 0.0130551 0.00907147 0.00591925 0.00359604
 0.00913732 0.014705 0.0218721 0.0304828 0.0401945 0.050352 0.0599374 0.0677854 0.0729924 0.07521 0.0746282 0.0717475 0.0671608 0.0614341 0.0550537 0.0483979 0.0417319 0.0352293 0.0290102 0.0231778 0.017843 0.0131287 0.00915159 0.00598905 0.00364728
 0.00909804 0.0146233 0.0217172 0.0302186 0.0397929 0.0498124 0.0593026 0.0671419 0.07245 0.074869 0.0745475 0.0719277 0.0675464 0.0619342 0.0555724 0.0488623 0.0421072 0.035517 0.0292332 0.0233623 0.0180062 0.0132751 0.00927712 0.00608794 0.00371742
 0.00899751 0.0144679 0.0214975 0.0299282 0.0394264 0.0493642 0.0587708 0.0665382 0.0718119 0.0742655 0.0740703 0.0716669 0.0675592 0.0622222 0.0560797 0.0494959 0.0427686 0.0361302 0.0297572 0.023788 0.0183425 0.0135357 0.00947365 0.0062294 0.00381248
 0.00887837 0.0143035 0.0213038 0.0297371 0.0392748 0.049277 0.0587468 0.0665476 0.071807 0.0742006 0.0739226 0.0714504 0.0673245 0.0620393 0.0560101 0.0495669 0.0429648 0.0364049 0.0300553 0.024066 0.018577 0.0137207 0.00961257 0.00632882 0.00387952
 0.00873372 0.0140854 0.0210087 0.0293771 0.0388784 0.0488879 0.0584187 0.0663327 0.0717381 0.074274 0.0740951 0.071656 0.0675038 0.0621654 0.0560956 0.0496505 0.0430853 0.0365801 0.0302756 0.0243037 0.0188017 0.0139109 0.00975947 0.00643357 0.00394876
 0.00874731 0.0140813 0.0209552 0.029231 0.0386003 0.0484638 0.0578775 0.0657477 0.0712072 0.0738887 0.0739116 0.0716808 0.067697 0.0624602 0.0564254 0.0499712 0.0433828 0.0368605 0.0305486 0.0245695 0.0190494 0.0141255 0.0099299 0.00655722 0.00403068
 0.00856584 0.0138227 0.0206317 0.0288724 0.0382395 0.0481177 0.0575372 0.0653881 0.0708135 0.0734807 0.073549 0.0714428 0.0676476 0.06262 0.0567655 0.0504289 0.043889 0.0373611 0.0310123 0.0249817 0.0194035 0.0144166 0.0101554 0.00671945 0.00413788
 0.00854275 0.013767 0.0205164 0.0286667 0.037923 0.0476976 0.0570579 0.0649199 0.0704226 0.0732008 0.0733743 0.0713484 0.0676184 0.0626643 0.0569041 0.050673 0.0442254 0.037755 0.0314207 0.0253681 0.0197435 0.0146975 0.0103732 0.0068767 0.00424259
 0.0094879 0.0151162 0.0221982 0.0304927 0.0396357 0.0490531 0.0578956 0.0651892 0.070168 0.0725282 0.0724153 0.0702298 0.0664432 0.061508 0.055823 0.049713 0.0434218 0.0371258 0.030962 0.0250572 0.0195482 0.0145851 0.0103156 0.006852 0.00423522
 0.0102479 0.0163128 0.0239164 0.0327585 0.0423804 0.052077 0.0608556 0.067649 0.0717205 0.072937 0.0716938 0.0686114 0.0642712 0.0591166 0.0534648 0.0475447 0.0415249 0.035534 0.0296796 0.0240682 0.0188207 0.0140767 0.00997981 0.0066438 0.00411497
 0.0102134 0.0163594 0.0241759 0.0334149 0.0436194 0.0540037 0.0634171 0.0706038 0.0746754 0.0754393 0.0733462 0.0691749 0.0637231 0.0576397 0.0513733 0.0451819 0.0391792 0.0334006 0.0278632 0.0226051 0.0177022 0.0132668 0.00942682 0.00629001 0.00390437
 0.00978383 0.0157349 0.0233799 0.0325346 0.0428055 0.0534548 0.0633492 0.0711999 0.0760153 0.077434 0.0757196 0.0715204 0.0656221 0.0587893 0.0516672 0.0447131 0.0381762 0.032135 0.0265715 0.021448 0.0167612 0.0125611 0.00893571 0.00597285 0.0037149
 0.00962259 0.0154574 0.0229374 0.0318828 0.0419284 0.0523973 0.0622427 0.0702576 0.0754857 0.0775248 0.0765207 0.072957 0.067458 0.0606853 0.0532791 0.0457941 0.0386393 0.0320522 0.0261172 0.0208225 0.0161295 0.0120242 0.00853349 0.00570174 0.00354907
 0.0096003 0.0154017 0.0228167 0.0316523 0.0415382 0.0518082 0.0614472 0.0692999 0.0744741 0.0766271 0.0759352 0.072858 0.0679307 0.061679 0.0546065 0.0471857 0.0398327 0.0328748 0.0265258 0.0208871 0.0159786 0.0117871 0.00830214 0.00552157 0.00342922
 0.00955977 0.0153423 0.0227378 0.0315538 0.0414149 0.0516438 0.0612125 0.0689602 0.0740069 0.0760448 0.0753018 0.0722897 0.0675702 0.0616489 0.054957 0.0478628 0.0406887 0.0337207 0.0272018 0.0213132 0.016164 0.0118005 0.00822788 0.0054264 0.00334966
 0.0096187 0.015428 0.0228481 0.0316802 0.0415449 0.0517636 0.0613076 0.0690128 0.0739924 0.0759332 0.0750693 0.0719366 0.0671383 0.0612229 0.0546423 0.0477444 0.0407918 0.0339963 0.0275485 0.021624 0.0163699 0.0118876 0.00822542 0.00537899 0.00329414
 0.00944812 0.0151675 0.0224879 0.0312238 0.041009 0.0511779 0.0607144 0.0684648 0.0735453 0.0756325 0.0749366 0.0719644 0.0672963 0.0614751 0.0549654 0.0481356 0.0412574 0.0345298 0.0281149 0.0221639 0.0168224 0.0122164 0.00842926 0.00548423 0.00333708
 0.00942755 0.0151386 0.0224525 0.0311857 0.0409719 0.0511422 0.0606756 0.0684141 0.0734734 0.0755342 0.074815 0.07183 0.0671642 0.0613605 0.0548819 0.0480964 0.041276 0.0346164 0.0282672 0.0223609 0.0170286 0.0123954 0.00855843 0.00556068 0.00337265
 0.00942648 0.015122 0.0224008 0.0310738 0.0407781 0.0508612 0.0603277 0.0680436 0.0731343 0.0752719 0.0746531 0.0717697 0.0671913 0.0614555 0.0550266 0.0482772 0.0414847 0.034848 0.0285162 0.0226167 0.0172737 0.012609 0.00872447 0.00567404 0.00343979
 0.00935166 0.0150268 0.0223051 0.0310083 0.0407715 0.0509216 0.0604317 0.0681425 0.0731769 0.07523 0.0745337 0.071607 0.0670277 0.0613237 0.054943 0.0482446 0.041499 0.0349033 0.0286058 0.0227317 0.0174014 0.0127338 0.00883181 0.00575479 0.00349258
 0.00915322 0.0147351 0.0219249 0.0305681 0.0403196 0.0505177 0.0601343 0.0679957 0.073196 0.0753928 0.0747858 0.0718833 0.0672777 0.0615268 0.0551056 0.0483859 0.0416368 0.0350475 0.028758 0.0228878 0.0175534 0.0128721 0.00894745 0.00584238 0.00355193
 0.00897712 0.0144532 0.0215108 0.0300054 0.0396119 0.0497001 0.0592819 0.0672176 0.0726101 0.0750901 0.0748012 0.0721877 0.0677926 0.0621539 0.0557565 0.0490008 0.0421877 0.0355288 0.0291741 0.0232439 0.0178521 0.0131139 0.00913317 0.00597554 0.00363976
 0.00864483 0.0139651 0.0208722 0.0292532 0.0388015 0.0488863 0.0585074 0.0665159 0.0720184 0.0746579 0.0745857 0.0722348 0.0681155 0.06272 0.0564934 0.0498173 0.0429994 0.0362753 0.0298233 0.0237857 0.0182885 0.0134523 0.00938349 0.00614989 0.00375261
 0.00819164 0.0132831 0.0199498 0.0281212 0.037531 0.0475787 0.057282 0.0654938 0.0712977 0.0742902 0.0745685 0.072527 0.0686627 0.0634715 0.057401 0.050826 0.0440431 0.0372845 0.0307386 0.0245679 0.0189214 0.0139377 0.00973561 0.00639 0.00390512
#obs surv len freq
 nan nan nan nan nan nan nan nan nan nan nan nan nan nan nan nan nan nan nan nan nan nan nan nan nan
 0.00448589 0.00734784 0.0111784 0.0159952 0.0216962 0.0279717 0.0342856 0.0400163 0.0446953 0.0481583 0.0505154 0.0520104 0.0529019 0.0534137 0.0537274 0.0539819 0.0542602 0.0545527 0.0546913 0.0542832 0.0527213 0.0493536 0.0438037 0.0362841 0.0276682
 0.0046166 0.00756292 0.0115065 0.0164635 0.0223236 0.0287584 0.0352028 0.0410042 0.0456709 0.0490329 0.0512111 0.0524718 0.0531013 0.0533506 0.0534247 0.0534771 0.0535973 0.0537747 0.0538376 0.0533909 0.0518296 0.048506 0.0430453 0.0356533 0.0271861
 0.0047752 0.00782314 0.0119027 0.0170294 0.0230859 0.0297265 0.0363574 0.0422909 0.0470055 0.0503139 0.0523347 0.0533453 0.0536538 0.0535407 0.0532438 0.0529476 0.052765 0.0527 0.0525874 0.052036 0.0504457 0.0471739 0.0418452 0.0346514 0.026419
 0.00497818 0.00815078 0.0123916 0.0177127 0.0239876 0.0308528 0.0376865 0.0437689 0.0485508 0.0518298 0.0537208 0.0545057 0.0545017 0.0540054 0.0532778 0.0525341 0.0519205 0.0514727 0.051053 0.0502922 0.0486083 0.0453704 0.0402012 0.0332695 0.0253569
 0.00517697 0.00848154 0.0129032 0.0184546 0.0249992 0.0321468 0.0392331 0.0454924 0.0503431 0.0535737 0.0553092 0.0558482 0.0555228 0.0546396 0.0534696 0.0522427 0.0511287 0.0501971 0.0493507 0.048265 0.0463985 0.0431493 0.0381444 0.0315232 0.0240063
 0.00540666 0.00885567 0.0134681 0.0192551 0.0260719 0.0335077 0.0408638 0.0473317 0.0522918 0.0555097 0.0571063 0.0573916 0.0567179 0.0554146 0.0537713 0.0520317 0.0503799 0.0489073 0.0475549 0.0460513 0.0439162 0.0405977 0.0357416 0.0294588 0.0223969
 0.00564096 0.00924083 0.0140556 0.0200955 0.0272046 0.034946 0.0425793 0.0492503 0.0543054 0.0574976 0.0589528 0.0589941 0.0579873 0.0562747 0.0541595 0.051899 0.0496916 0.0476493 0.045747 0.0437672 0.0412991 0.0378572 0.033121 0.02718 0.0206041
 0.00588018 0.00963102 0.0146455 0.020932 0.0283248 0.0363639 0.0442714 0.0511491 0.0563077 0.0594826 0.0608016 0.0606017 0.0592671 0.0571573 0.0545879 0.0518249 0.0490754 0.0464662 0.0440024 0.0415196 0.0386801 0.0350731 0.0304238 0.0248087 0.0187221
 0.0061314 0.0100425 0.0152703 0.0218209 0.0295161 0.0378674 0.0460526 0.0531249 0.0583594 0.0614804 0.0626259 0.0621539 0.060471 0.0579552 0.0549357 0.0516866 0.0484196 0.0452701 0.0422658 0.039289 0.036073 0.0322854 0.027704 0.0224006 0.0167983
 0.0063677 0.0104322 0.0158672 0.0226784 0.0306769 0.0393462 0.047819 0.0550971 0.0604157 0.063483 0.0644448 0.0636817 0.0616285 0.0586893 0.0552137 0.0514872 0.0477263 0.0440707 0.0405639 0.0371263 0.0335545 0.0295907 0.0250668 0.0200557 0.0149164
 0.00661992 0.0108427 0.016486 0.0235525 0.0318417 0.0408114 0.0495538 0.057024 0.0624198 0.065432 0.0662104 0.0651541 0.0627236 0.0593512 0.0554116 0.0512087 0.0469691 0.0428386 0.0388727 0.0350213 0.031134 0.0270183 0.0225563 0.0178238 0.0131227
 0.00685387 0.0112293 0.017079 0.0244048 0.0329936 0.0422726 0.051286 0.0589368 0.0643857 0.0673133 0.0678828 0.0665189 0.0637093 0.0599114 0.0555211 0.0508592 0.0461646 0.0415924 0.0372108 0.0329957 0.0288403 0.0246066 0.0202182 0.0157527 0.0114608
 0.00706743 0.011581 0.0176166 0.025176 0.0340364 0.0436007 0.0528729 0.0607084 0.0662294 0.0690978 0.0694803 0.0678218 0.0646392 0.060421 0.0555903 0.0504883 0.0453661 0.040388 0.0356342 0.0311029 0.0267242 0.0224042 0.0180994 0.0138858 0.00996762
 0.00728744 0.0119395 0.0181577 0.0259407 0.0350545 0.0448775 0.054376 0.0623634 0.0679296 0.0707245 0.0709212 0.068983 0.0654506 0.0608376 0.0555921 0.0500764 0.044558 0.0392124 0.034132 0.0293342 0.0247787 0.0204061 0.0161975 0.0122234 0.00864587
 0.00745458 0.0122157 0.0185814 0.0265503 0.0358802 0.0459289 0.0556293 0.0637573 0.0693745 0.0721193 0.0721704 0.0700061 0.066186 0.061243 0.0556432 0.0497662 0.0438948 0.0382189 0.0328462 0.0278137 0.0231073 0.0186955 0.0145762 0.0108125 0.00752833
 0.00754005 0.0123565 0.0187976 0.0268634 0.0363113 0.0464942 0.0563341 0.0645906 0.0703064 0.0731028 0.0731449 0.0709039 0.0669393 0.0617909 0.0559378 0.049775 0.0436022 0.0376272 0.0319779 0.0267148 0.0218505 0.0173786 0.0133111 0.00970312 0.00664586
 0.00759081 0.0124348 0.0189082 0.0270094 0.0364958 0.0467226 0.0566147 0.064934 0.0707222 0.0735948 0.0737059 0.0715107 0.0675514 0.0623536 0.0563892 0.0500556 0.0436641 0.0374419 0.031541 0.0260507 0.0210138 0.0164508 0.0123883 0.00887632 0.0059793
 0.00764903 0.0125212 0.0190227 0.0271466 0.0366467 0.0468775 0.0567669 0.0650822 0.0708724 0.0737605 0.0739053 0.0717602 0.067856 0.0626997 0.056742 0.0503635 0.0438685 0.0374901 0.0313991 0.0257134 0.0205091 0.0158374 0.011744 0.00827896 0.00548707
 0.0077382 0.0126579 0.0192126 0.0273881 0.0369298 0.0471837 0.0570699 0.0653511 0.0710796 0.0738913 0.0739643 0.0717698 0.0678485 0.0627047 0.0567748 0.0504174 0.0439151 0.0374868 0.0313031 0.0254971 0.0201721 0.0154101 0.0112796 0.00783753 0.00511675
 0.00776389 0.0127006 0.0192782 0.0274821 0.0370556 0.0473399 0.0572476 0.0655346 0.071249 0.0740282 0.0740568 0.0718168 0.0678598 0.0626981 0.0567698 0.0504266 0.0439366 0.0375019 0.0312813 0.0254084 0.020001 0.0151644 0.01099 0.00754623 0.00486252
 0.00782884 0.0127955 0.0194014 0.0276257 0.0372082 0.0474913 0.0573915 0.0656681 0.0713696 0.0741309 0.0741339 0.0718599 0.0678642 0.0626661 0.0567114 0.0503561 0.0438661 0.0374345 0.0312083 0.0253133 0.0198688 0.0149918 0.0107897 0.00734286 0.00468206
 0.00785431 0.0128419 0.0194799 0.0277478 0.0373806 0.0477094 0.0576354 0.0659056 0.0715671 0.0742652 0.0741988 0.0718633 0.0678199 0.0625874 0.0566084 0.0502379 0.0437414 0.0373102 0.0310867 0.0251903 0.0197374 0.014848 0.0106374 0.00719403 0.00455146
 0.00786252 0.0128482 0.0194769 0.0277265 0.0373354 0.0476439 0.057566 0.065857 0.0715614 0.0743111 0.0742877 0.0719746 0.0679317 0.0626842 0.0566831 0.0502891 0.0437709 0.0373202 0.0310787 0.0251647 0.0196932 0.0147855 0.0105608 0.00711203 0.00447485
 0.00788313 0.0128766 0.0195099 0.0277569 0.0373527 0.047637 0.0575264 0.0657835 0.0714634 0.0742091 0.0742072 0.0719372 0.0679459 0.0627426 0.0567681 0.0503808 0.0438536 0.037385 0.0311217 0.0251849 0.0196913 0.0147636 0.0105236 0.00706662 0.00442939
 0.00789281 0.0128899 0.0195254 0.0277711 0.0373606 0.0476326 0.0575041 0.0657385 0.0713942 0.0741193 0.0741078 0.0718455 0.0678816 0.0627212 0.0567944 0.0504474 0.0439442 0.0374807 0.031207 0.0252498 0.0197318 0.0147804 0.0105208 0.00705084 0.00440795
 0.0079052 0.0129069 0.019545 0.0277895 0.0373726 0.0476334 0.0574901 0.0657083 0.071348 0.074059 0.0740368 0.0717701 0.0678112 0.0626674 0.0567683 0.0504557 0.0439857 0.0375463 0.0312824 0.0253208 0.0197878 0.0148167 0.0105379 0.00705321 0.00440163
 0.00790075 0.0128996 0.0195337 0.027773 0.0373494 0.0476022 0.0574501 0.0656598 0.071293 0.0740008 0.0739803 0.0717203 0.0677726 0.062644 0.0567638 0.0504734 0.0440269 0.0376085 0.0313584 0.0253999 0.0198592 0.0148724 0.0105751 0.00707341 0.00440948
 0.00788389 0.0128717 0.019491 0.027712 0.0372685 0.0475027 0.057338 0.0655452 0.0711879 0.0739161 0.073923 0.0716931 0.0677747 0.0626724 0.0568149 0.0505434 0.0441125 0.0377057 0.0314621 0.0255029 0.0199532 0.0149502 0.0106328 0.00711121 0.00443095
 0.00786453 0.0128371 0.0194334 0.0276226 0.0371403 0.0473346 0.0571379 0.0653309 0.0709835 0.073746 0.0738066 0.0716408 0.0677877 0.0627436 0.0569321 0.0506922 0.0442792 0.0378788 0.0316318 0.0256609 0.0200922 0.0150645 0.0107194 0.00717113 0.00446827
 0.00784193 0.0127995 0.0193751 0.0275376 0.0370232 0.0471823 0.0569522 0.0651204 0.0707637 0.0735381 0.0736339 0.0715246 0.0677423 0.0627736 0.0570313 0.0508466 0.0444702 0.0380872 0.0318404 0.025856 0.0202634 0.0152053 0.0108271 0.00724696 0.00451698
 0.00785111 0.0128085 0.0193776 0.027524 0.0369826 0.0471065 0.0568388 0.0649737 0.0705937 0.0733585 0.07346 0.0713731 0.0676296 0.0627138 0.0570329 0.0509097 0.0445864 0.0382413 0.0320141 0.026031 0.0204247 0.0153423 0.0109344 0.00732409 0.00456761
 0.00781868 0.0127619 0.0193185 0.0274569 0.0369125 0.0470354 0.056764 0.0648891 0.0704943 0.0732443 0.0733383 0.0712569 0.0675343 0.0626534 0.0570179 0.0509455 0.044672 0.0383689 0.03217 0.0261981 0.020586 0.015484 0.0110482 0.00740753 0.0046233
 0.00776946 0.0126804 0.0191939 0.0272802 0.0366808 0.0467572 0.0564622 0.0645983 0.0702505 0.073073 0.0732483 0.0712416 0.0675802 0.0627475 0.0571514 0.0511129 0.0448688 0.0385885 0.0324024 0.0264297 0.0208017 0.0156707 0.0111972 0.00751677 0.00469638
 0.00775097 0.0126452 0.0191313 0.0271768 0.0365238 0.0465394 0.0561877 0.0642852 0.0699299 0.0727828 0.0730246 0.0711099 0.0675498 0.0628114 0.0572914 0.0513076 0.0450989 0.0388386 0.0326592 0.0266804 0.0210332 0.015871 0.0113582 0.00763584 0.00477683
 0.00934407 0.0148758 0.0218245 0.0299473 0.0388871 0.0480896 0.0567386 0.063899 0.0688378 0.071269 0.0713392 0.0694352 0.0660015 0.0614535 0.0561495 0.0503802 0.0443683 0.0382798 0.0322462 0.0263885 0.0208387 0.0157509 0.0112908 0.00760238 0.00476269
 0.0093449 0.0151696 0.0227817 0.0320258 0.0424322 0.0530646 0.0625538 0.0695064 0.0731013 0.0734104 0.0711949 0.0674007 0.0627595 0.0576836 0.0523591 0.0468722 0.0412864 0.03567 0.0301034 0.0246834 0.01953 0.0147892 0.0106202 0.00716265 0.00449408
 0.00898494 0.0146076 0.0220009 0.0310824 0.0415078 0.0524987 0.0628019 0.0709772 0.075912 0.0772047 0.0751883 0.0706757 0.0646473 0.0579951 0.051356 0.0450522 0.0391489 0.0335796 0.0282641 0.0231759 0.0183614 0.0139292 0.0100214 0.006771 0.0042554
 0.00880569 0.0143048 0.0215251 0.0303849 0.0405598 0.0513266 0.0615292 0.0698513 0.0752797 0.0774152 0.0764358 0.0728563 0.0673299 0.0605622 0.0532512 0.0459917 0.0391766 0.0329656 0.0273411 0.0222143 0.0175223 0.0132768 0.00955742 0.00646616 0.00407024
 0.00873007 0.0141735 0.0213111 0.0300556 0.0400813 0.0506737 0.0607005 0.0688869 0.0742791 0.076547 0.0759221 0.0729165 0.0680846 0.0619431 0.0549826 0.0476795 0.0404673 0.0336799 0.0275071 0.0220008 0.0171332 0.0128714 0.00922311 0.00622913 0.00392095
 0.00869798 0.01412 0.0212275 0.0299306 0.0399013 0.0504226 0.0603623 0.06845 0.0737449 0.075942 0.0753125 0.0724142 0.0678324 0.0620686 0.0555333 0.0485749 0.0415084 0.0346254 0.0281739 0.0223278 0.0171762 0.0127461 0.00904154 0.00606403 0.00380161
 0.0086974 0.0141175 0.0212203 0.0299148 0.0398709 0.0503703 0.0602786 0.0683235 0.0735631 0.0756943 0.0749982 0.0720535 0.0674765 0.0617991 0.0554418 0.0487237 0.0418908 0.0351536 0.0287114 0.0227494 0.0174188 0.0128205 0.00900579 0.00598367 0.00372263
 0.0086782 0.0140869 0.0211755 0.0298537 0.0397928 0.0502761 0.0601715 0.0682081 0.0734433 0.0755708 0.0748674 0.0719104 0.0673221 0.0616491 0.0553315 0.0487007 0.0419939 0.0353873 0.0290335 0.0230851 0.0176944 0.0129953 0.00908177 0.00599151 0.00369899
 0.00868191 0.0140914 0.0211796 0.0298549 0.039788 0.0502623 0.0601462 0.06817 0.0733922 0.0755072 0.074792 0.0718232 0.0672232 0.0615415 0.0552255 0.0486168 0.0419596 0.035425 0.0291464 0.0232498 0.0178693 0.0131399 0.00917427 0.00603333 0.00370647
 0.00866119 0.0140631 0.0211466 0.0298232 0.0397641 0.0502504 0.0601461 0.0681766 0.0733981 0.0755054 0.074778 0.0717956 0.0671824 0.0614897 0.0551669 0.0485597 0.0419172 0.035413 0.0291759 0.0233201 0.017965 0.0132373 0.00925238 0.00608258 0.00372946
 0.00866177 0.0140603 0.0211359 0.0297991 0.0397226 0.0501926 0.06008 0.0681154 0.0733547 0.0754869 0.0747823 0.0718134 0.0672025 0.061503 0.0551693 0.0485527 0.0419069 0.0354092 0.0291884 0.0233542 0.018018 0.0132991 0.00930977 0.00612592 0.00375589
 0.00864857 0.0140435 0.021119 0.0297872 0.0397203 0.0502004 0.0600928 0.0681248 0.0733531 0.0754726 0.0747602 0.0717917 0.067187 0.0614946 0.0551646 0.0485472 0.0418991 0.0354014 0.029186 0.0233625 0.0180391 0.0133297 0.00934316 0.00615508 0.00377669
 0.00862035 0.0139985 0.0210533 0.0296989 0.0396114 0.0500785 0.0599715 0.0680211 0.0732823 0.0754422 0.0747685 0.0718304 0.0672462 0.0615662 0.0552425 0.0486262 0.0419743 0.0354695 0.0292463 0.0234164 0.0180885 0.0133753 0.00938351 0.00618781 0.00380027
 0.00862475 0.0140021 0.021052 0.0296868 0.0395819 0.0500269 0.0598979 0.0679315 0.0731879 0.0753572 0.0747059 0.0717985 0.0672465 0.0615941 0.05529 0.0486846 0.0420365 0.0355302 0.0293024 0.0234666 0.0181328 0.0134138 0.00941608 0.00621378 0.00381923
 0.00862163 0.0139986 0.0210496 0.0296871 0.0395853 0.0500314 0.0598981 0.0679198 0.0731582 0.0753081 0.0746431 0.0717332 0.0671919 0.0615603 0.0552813 0.0486992 0.0420685 0.0355721 0.0293475 0.0235103 0.0181723 0.0134478 0.00944407 0.00623555 0.00383495
 0.00862163 0.0139986 0.0210496 0.0296871 0.0395853 0.0500314 0.0598981 0.0679198 0.0731582 0.0753081 0.0746431 0.0717332 0.0671919 0.0615603 0.0552813 0.0486992 0.0420685 0.0355721 0.0293475 0.0235103 0.0181723 0.0134478 0.00944407 0.00623555 0.00383495
#pred catch len freq
 0.00469197 0.00740173 0.0107524 0.0146441 0.0190141 0.0238206 0.0289701 0.0342753 0.0394894 0.044371 0.048726 0.0524247 0.0554069 0.057672 0.0592493 0.0601629 0.0604118 0.0599617 0.0587296 0.0565536 0.053179 0.0483285 0.041887 0.0341208 0.0257554
 0.00500199 0.0077999 0.0111602 0.0149342 0.0190586 0.0235608 0.0284618 0.0336739 0.038974 0.044053 0.048599 0.052381 0.0553062 0.0574207 0.0588516 0.0597245 0.0600954 0.0599131 0.0590062 0.0570918 0.05382 0.0488915 0.0422483 0.0342543 0.0257179
 0.00536698 0.00836791 0.0119606 0.0159585 0.0202416 0.0247672 0.0294951 0.034326 0.0391091 0.0436791 0.0478693 0.0515125 0.0544679 0.056669 0.0581517 0.0590278 0.0594087 0.0593101 0.0585804 0.0568891 0.0538023 0.0489561 0.0422866 0.0342067 0.0255899
 0.00570144 0.008894 0.0127213 0.0169859 0.0215551 0.0263634 0.0313251 0.0362672 0.0409535 0.0451626 0.0487475 0.0516535 0.0539049 0.0555746 0.0567479 0.057498 0.0578665 0.0578243 0.0572103 0.0556897 0.052803 0.0481448 0.0416231 0.0336527 0.0251296
 0.00602279 0.00939631 0.0134417 0.0179512 0.0227841 0.0278689 0.0331075 0.0382984 0.0431566 0.0473921 0.0507848 0.0532331 0.0547793 0.055596 0.0559228 0.0559779 0.0558826 0.0556109 0.0549587 0.0535393 0.0508492 0.0464461 0.0402065 0.0325215 0.0242718
 0.00636219 0.00992187 0.0141855 0.01893 0.0240037 0.0293288 0.0348002 0.0402036 0.0452323 0.0495661 0.0529438 0.0552134 0.0563702 0.0565693 0.05609 0.0552542 0.0543225 0.0533948 0.0523379 0.0507731 0.0481615 0.0440069 0.0381285 0.0308625 0.0230376
 0.00668963 0.0104323 0.0149139 0.0198975 0.0252185 0.0307874 0.0364842 0.0420755 0.0472347 0.0516258 0.0549747 0.0571136 0.0580145 0.0578037 0.0567406 0.0551598 0.0533864 0.0516313 0.0498889 0.0478823 0.0451195 0.0410926 0.0355629 0.0287822 0.0214874
 0.00699298 0.0109063 0.0155929 0.0208042 0.0263651 0.0321756 0.0381008 0.0438853 0.0491774 0.0536191 0.0569226 0.0589152 0.0595685 0.0590062 0.057478 0.0553085 0.0528301 0.0503012 0.0478103 0.0452013 0.0420906 0.0380263 0.0327539 0.0264455 0.0197222
 0.00740171 0.0115259 0.0164436 0.0218795 0.0276414 0.0336255 0.0396992 0.0456045 0.0509773 0.0554401 0.0586855 0.0605282 0.0609367 0.060039 0.0580898 0.0554134 0.0523413 0.0491466 0.045968 0.0427422 0.0392004 0.0349851 0.0298727 0.0239843 0.017828
 0.00782445 0.0121814 0.0173707 0.0230929 0.0291301 0.0353521 0.0415982 0.0475842 0.052932 0.0572697 0.0603095 0.0618872 0.061985 0.0607349 0.058389 0.0552657 0.05169 0.0479375 0.044173 0.0403968 0.0364372 0.0320362 0.0270262 0.0215065 0.0158893
 0.00824252 0.0128326 0.0182989 0.0243231 0.0306687 0.0371855 0.0436842 0.0498413 0.0552363 0.0594662 0.0622374 0.0634097 0.0630123 0.0612313 0.0583603 0.0547338 0.0506712 0.046434 0.0421875 0.0379653 0.0336657 0.0291165 0.0242102 0.0190414 0.0139442
 0.00866645 0.0134777 0.0191893 0.0254573 0.0320279 0.0387466 0.045423 0.0517246 0.0572081 0.0614377 0.0640866 0.0649952 0.0641972 0.0619107 0.0584791 0.0542877 0.0496901 0.0449614 0.0402711 0.0356685 0.0310937 0.026435 0.0216325 0.0167808 0.0121517
 0.00915145 0.0142141 0.0202009 0.0267328 0.0335278 0.0404141 0.0471924 0.0535238 0.0589619 0.063074 0.0655392 0.0661995 0.0650854 0.0624119 0.0585299 0.053847 0.0487494 0.0435454 0.0384328 0.0334888 0.0286882 0.0239608 0.0192772 0.0147261 0.010525
 0.0095855 0.0148921 0.0211695 0.0280157 0.035121 0.0422801 0.0492518 0.055654 0.0610122 0.0648935 0.0670057 0.0672363 0.0656608 0.0625267 0.0582003 0.0530913 0.0475856 0.0419977 0.0365434 0.0313286 0.0263654 0.0216202 0.017085 0.0128366 0.00904098
 0.00998967 0.0155191 0.0220583 0.0291862 0.0365758 0.0440048 0.051208 0.057766 0.0631597 0.066917 0.0687295 0.0685019 0.0663609 0.0626242 0.0577242 0.0521133 0.0461914 0.0402683 0.034553 0.0291566 0.024111 0.0194084 0.0150551 0.011114 0.00770367
 0.0103094 0.0160128 0.0227537 0.0300947 0.0376952 0.045323 0.0527011 0.0593925 0.0648541 0.0685883 0.0702633 0.0697702 0.0672391 0.0630153 0.0575804 0.0514456 0.0450608 0.0387664 0.0327824 0.0272221 0.0221216 0.0174807 0.0133073 0.00964607 0.00657375
 0.0104758 0.0162778 0.0231429 0.0306297 0.038392 0.0461881 0.0537262 0.0605497 0.0660958 0.069851 0.0714724 0.0708432 0.0680899 0.0635609 0.0577523 0.0512038 0.0444048 0.0377378 0.0314582 0.025703 0.020521 0.0159159 0.0118876 0.00845743 0.00566279
 0.0104014 0.016181 0.0230433 0.0305637 0.0384075 0.046334 0.0540408 0.0610526 0.0667836 0.0706952 0.0724207 0.0718241 0.0690207 0.0643559 0.0583316 0.0515009 0.0443768 0.0373747 0.0307884 0.0247924 0.019464 0.0148211 0.0108603 0.00758103 0.00498433
 0.0103009 0.016027 0.0228301 0.0302958 0.0381029 0.0460268 0.0537822 0.0609059 0.066811 0.0709401 0.072893 0.0724945 0.0698255 0.0652086 0.059136 0.0521647 0.0448235 0.0375544 0.0306867 0.0244345 0.0189124 0.0141634 0.0101914 0.00698196 0.00450666
 0.0103173 0.0160406 0.0228265 0.0302535 0.037999 0.045847 0.0535304 0.0606101 0.0665216 0.0707218 0.0728099 0.0725939 0.0701221 0.0656771 0.0597144 0.0527673 0.0453586 0.0379424 0.0308753 0.0244086 0.0186965 0.0138149 0.00978465 0.00658865 0.00417807
 0.0102676 0.0159687 0.022734 0.0301453 0.037879 0.045713 0.0533725 0.0604158 0.0662871 0.0704635 0.0725687 0.0724277 0.0700886 0.0658137 0.0600225 0.0532082 0.0458615 0.0384221 0.031254 0.0246346 0.0187557 0.013731 0.00960764 0.00637695 0.00398061
 0.010195 0.0158531 0.022565 0.029917 0.0375932 0.0453828 0.0530236 0.0600825 0.066002 0.0702477 0.0724294 0.0723658 0.0701095 0.0659308 0.0602507 0.0535492 0.0462921 0.0388927 0.0316996 0.0249941 0.0189903 0.0138344 0.00960386 0.00630749 0.00388792
 0.0100441 0.0156263 0.0222576 0.0295356 0.0371518 0.0448977 0.0525127 0.0595691 0.0655204 0.069843 0.0721498 0.0722486 0.0701702 0.0661612 0.060626 0.0540368 0.0468553 0.0394893 0.0322801 0.025507 0.019394 0.0141093 0.00975694 0.00636685 0.00389023
 0.0100324 0.0155953 0.0221895 0.0294076 0.036943 0.0445997 0.0521366 0.0591454 0.06509 0.0694459 0.0718191 0.0720106 0.0700465 0.0661671 0.060766 0.054301 0.0472198 0.0399189 0.0327324 0.0259375 0.0197629 0.0143898 0.00994202 0.0064685 0.00393235
 0.0100674 0.0156374 0.0222246 0.0294106 0.0368815 0.0444414 0.051859 0.0587454 0.0645905 0.0688967 0.0712885 0.0715695 0.0697508 0.0660468 0.0608242 0.0545194 0.0475659 0.0403509 0.0332037 0.0264009 0.0201764 0.0147238 0.0101837 0.00662312 0.00401801
 0.0102486 0.0159032 0.0225703 0.0298112 0.0372956 0.0448193 0.0521501 0.058903 0.0645774 0.0686942 0.0709059 0.0710489 0.0691616 0.0654705 0.060335 0.0541683 0.0473731 0.0403081 0.0332811 0.0265564 0.0203651 0.0149066 0.010334 0.00672955 0.00408289
 0.010184 0.0158248 0.0225009 0.0297866 0.037353 0.0449789 0.0524006 0.0592002 0.0648573 0.0688926 0.0709759 0.0709713 0.0689477 0.0651594 0.0599849 0.0538428 0.0471254 0.0401687 0.0332531 0.0266195 0.0204849 0.0150457 0.0104623 0.00682954 0.00414996
 0.0100145 0.0155751 0.0221749 0.029409 0.0369676 0.0446422 0.0521726 0.0591307 0.064969 0.0691674 0.071354 0.071368 0.0692815 0.0653781 0.0600774 0.0538355 0.0470669 0.0401105 0.0332331 0.0266529 0.0205648 0.0151511 0.0105691 0.00691946 0.00421482
 0.00991738 0.0154124 0.0219219 0.0290428 0.0364758 0.0440359 0.0514978 0.058469 0.0644228 0.0688324 0.0712896 0.0715779 0.0697117 0.0659349 0.0606583 0.0543603 0.0474961 0.040444 0.0334949 0.0268713 0.0207584 0.0153244 0.0107172 0.00703582 0.00429716
 0.0098542 0.0153147 0.021783 0.0288559 0.0362309 0.0437178 0.0510898 0.0579648 0.0638434 0.068237 0.0707709 0.071237 0.0696229 0.0661166 0.0610665 0.0549074 0.0480838 0.0409947 0.0339667 0.0272548 0.0210628 0.0155633 0.0109007 0.00717067 0.0043895
 0.00973504 0.0151505 0.02159 0.0286664 0.0360819 0.0436341 0.0510688 0.0579743 0.0638325 0.0681567 0.0705968 0.070985 0.0693495 0.0659002 0.0609764 0.054975 0.0482928 0.0412931 0.0342929 0.0275601 0.021321 0.0157674 0.0110544 0.00728094 0.00446413
 0.00956245 0.0148949 0.021253 0.0282688 0.0356622 0.0432417 0.0507559 0.0577849 0.0637882 0.0682448 0.0707704 0.0711791 0.0695089 0.0660037 0.061043 0.0550489 0.0484163 0.0414842 0.0345388 0.0278279 0.0215751 0.015983 0.0112211 0.00739998 0.00454288
 0.00953646 0.0148358 0.0211338 0.0280561 0.0353277 0.0427788 0.0501944 0.0571922 0.0632548 0.0678578 0.0705865 0.071208 0.0697137 0.0663179 0.061398 0.0553984 0.0487451 0.0417988 0.0348486 0.0281317 0.0218593 0.0162296 0.0114171 0.00754223 0.00463714
