SBPRF35
7.78865
Curr Bio
669351
B35
716996
F35
0.229959
FOFL
0.204996
OFL
98873.9
Bzero
2.22533e+006
#pred survey bio
 4.73088e+006 4.41829e+006 4.13346e+006 3.82637e+006 3.49736e+006 3.14931e+006 2.82626e+006 2.48573e+006 2.19773e+006 1.93416e+006 1.70917e+006 1.51389e+006 1.34718e+006 1.18246e+006 1.04927e+006 918796 809721 745223 695443 663311 633612 604715 581422 573988 556569 555644 552839 549571 548106 556894 558546 554145 538878 538547 532605 518177 514686 504907 504104 510691 522420 531123 537367 548201 551343 574659 592578 605990 618656 651204 665394 2.23645e+007 1.38563e+007 1.43363e+007 1.4873e+007 1.54034e+007 1.5874e+007 1.62639e+007 1.65728e+007 1.68104e+007 1.69896e+007 1.71235e+007 1.72228e+007 1.72964e+007 1.73511e+007 1.73918e+007 1.74222e+007 1.7445e+007 1.74623e+007 1.74753e+007 1.74852e+007 1.74928e+007 1.74986e+007 1.7503e+007 1.75064e+007 1.7509e+007 1.7511e+007 1.75125e+007 1.75137e+007 1.75147e+007 1.75154e+007 1.75159e+007 1.75163e+007 1.75167e+007 1.75169e+007 1.75171e+007 1.75173e+007 1.75174e+007 1.75175e+007 1.75175e+007 1.75176e+007 1.75176e+007 1.75177e+007 1.75177e+007 1.75177e+007 1.75177e+007 1.75178e+007 1.75178e+007 1.75178e+007 1.75178e+007 1.75178e+007 1.75178e+007 1.75178e+007 1.75178e+007 1.75178e+007 1.75178e+007 1.75178e+007 1.75178e+007 1.75178e+007 1.75178e+007 1.75178e+007 1.75178e+007 1.75178e+007 1.75178e+007 1.75178e+007 1.75178e+007 1.75178e+007 1.75178e+007 1.75178e+007 1.75178e+007 1.75178e+007 1.75178e+007 1.75178e+007 1.75178e+007 1.75178e+007 1.75178e+007 1.75178e+007 1.75178e+007 1.75178e+007 1.75178e+007 1.75178e+007 1.75178e+007 1.75178e+007 1.75178e+007 1.75178e+007 1.75178e+007 1.75178e+007 1.75178e+007 1.75178e+007 1.75178e+007 1.75178e+007 1.75178e+007 1.75178e+007 1.75178e+007 1.75178e+007 1.75178e+007 1.75178e+007 1.75178e+007 1.75178e+007 1.75178e+007 1.75178e+007 0 0 0 0 0 0 0 0 0 0 0 0 0 0 0 0 0 0 0 0 0 0 0 0 0
#obs survey bio
 3.73328e+006 3.95652e+006 3.35215e+006 2.99742e+006 4.51924e+006 2.74745e+006 3.73167e+006 2.39624e+006 1.74285e+006 2.56476e+006 1.06293e+006 1.26392e+006 1.15299e+006 1.16212e+006 793374 1.03817e+006 731179 781406 639608 500372 406502 782208 486757 546167 589052 428169 472878 581029 480105 493995 530304 565388 392487 540436 416290 771743 407717 690272 471920 417319 626607 470163 468867 624754 633422 614832 505291 495181 794716 703574 656904
#pred catch bio
 109257 106884 155489 206748 257825 268785 317033 299214 302882 289502 279721 266008 270686 245433 242074 219654 177016 160740 142883 138840 135846 128648 113640 119913 103529 103577 102302 99219.5 89680.7 94576.7 97272.2 103109 87711.2 90472.9 95007.5 84997.4 93915.6 91446.2 89368.3 87391.6 90729.1 92951.9 89587.2 96771.3 81353.1 88469.2 94730.4 98308.4 86250.8 107686 144803 98873.9 112609 115612 118967 122408 125442 127866 129684 130989 131895 132510 132919 133187 133360 133471 133542 133587 133615 133632 133643 133650 133655 133657 133659 133660 133661 133661 133661 133661 133661 133661 133661 133661 133662 133662 133662 133662 133662 133662 133662 133662 133662 133662 133662 133662 133662 133662 133662 133662 133662 133662 133662 133662 133662 133662 133662 133662 133662 133662 133662 133662 133662 133662 133662 133662 133662 133662 133662 133662 133662 133662 133662 133662 133662 133662 133662 133662 133662 133662 133662 133662 133662 133662 133662 133662 133662 133662 133662 133662 133662 133662 133662 133662 133662 133662 133662 133662 133662 133662 133662 0 0 0 0 0 0 0 0 0 0 0 0 0 0 0 0 0 0 0 0 0 0 0 0 0
#obs catch bio
 0 106669 155960 207788 259345 270589 320077 302050 307565 293426 285327 271518 276611 249971 247259 222935 179051 161841 143607 140291 137967 129860 115220 122099 104308 104516 103328 99783.2 90250.6 95207.7 97740.1 103505 87558.1 90580.3 95678.2 84786.8 94199.7 91085.8 89473.9 87599.8 90656.1 92756.7 89293.4 96629 80974.1 88282.2 94389.3 98184.3 85649.7 107234 145179
#pred cpue bio
 4.64604e+006 4.33633e+006 4.05387e+006 3.74843e+006 3.42182e+006 3.07632e+006 2.75552e+006 2.41775e+006 2.13183e+006 1.87038e+006 1.64735e+006 1.45403e+006 1.28961e+006 1.12801e+006 997717 870694 764977 702809 655010 624046 595316 567533 545216 538220 521931 521574 519237 516440 515344 524117 526205 522656 508567 508657 503327 489849 486006 474722 472274 478047 489541 498343 504543 514969 517877 540146 557194 569713 581273 611735 624208 2.09286e+007 1.2977e+007 1.34287e+007 1.39303e+007 1.44466e+007 1.49138e+007 1.5303e+007 1.56117e+007 1.58492e+007 1.60285e+007 1.61623e+007 1.62617e+007 1.63353e+007 1.639e+007 1.64307e+007 1.64611e+007 1.64839e+007 1.65012e+007 1.65142e+007 1.65241e+007 1.65317e+007 1.65374e+007 1.65419e+007 1.65453e+007 1.65479e+007 1.65499e+007 1.65514e+007 1.65526e+007 1.65535e+007 1.65543e+007 1.65548e+007 1.65552e+007 1.65556e+007 1.65558e+007 1.6556e+007 1.65562e+007 1.65563e+007 1.65564e+007 1.65564e+007 1.65565e+007 1.65565e+007 1.65566e+007 1.65566e+007 1.65566e+007 1.65566e+007 1.65566e+007 1.65567e+007 1.65567e+007 1.65567e+007 1.65567e+007 1.65567e+007 1.65567e+007 1.65567e+007 1.65567e+007 1.65567e+007 1.65567e+007 1.65567e+007 1.65567e+007 1.65567e+007 1.65567e+007 1.65567e+007 1.65567e+007 1.65567e+007 1.65567e+007 1.65567e+007 1.65567e+007 1.65567e+007 1.65567e+007 1.65567e+007 1.65567e+007 1.65567e+007 1.65567e+007 1.65567e+007 1.65567e+007 1.65567e+007 1.65567e+007 1.65567e+007 1.65567e+007 1.65567e+007 1.65567e+007 1.65567e+007 1.65567e+007 1.65567e+007 1.65567e+007 1.65567e+007 1.65567e+007 1.65567e+007 1.65567e+007 1.65567e+007 1.65567e+007 1.65567e+007 1.65567e+007 1.65567e+007 1.65567e+007 1.65567e+007 1.65567e+007 1.65567e+007 1.65567e+007 1.65567e+007 1.65567e+007 0 0 0 0 0 0 0 0 0 0 0 0 0 0 0 0 0 0 0 0 0 0 0 0 0
#obs cpue bio
 2.45839e+006 3.51611e+006 3.61351e+006 3.41614e+006 3.3811e+006 2.20924e+006 2.41247e+006 1.8335e+006 1.5908e+006 1.43199e+006 1.38458e+006 1.30609e+006 1.37148e+006 990515 1.01624e+006 874799 696183 789657 656548 542449 580885 529727 336153 443524 617500 572660 492529 599094 423464 595490 580654 610238 809703 441794 445121 527223 492983 541257 350533 500937 541717 651455 599064 499249 470449 496771 772672 647513 581644 517642 483772
#pred surv len freq
 0.00463323 0.00745986 0.0111182 0.0155747 0.0207478 0.0264507 0.0323424 0.0379832 0.0429795 0.0471059 0.0503212 0.0527114 0.0544235 0.0556152 0.0564121 0.0568795 0.0570173 0.056768 0.0560079 0.0545106 0.0519249 0.0478486 0.0420387 0.0346716 0.0264542
 0.00493433 0.0078819 0.0116334 0.0161283 0.0212897 0.0269768 0.0329122 0.0386897 0.0438798 0.0481532 0.0513488 0.0534845 0.0547342 0.055369 0.0556651 0.0558144 0.0558731 0.0557521 0.0552266 0.0539463 0.0514715 0.0473851 0.0414999 0.0340753 0.0258748
 0.00504809 0.00810036 0.0120195 0.0167491 0.0221872 0.0281305 0.0342231 0.0400065 0.0450647 0.0491407 0.0521487 0.0541239 0.0551882 0.0555422 0.0554432 0.0551462 0.0548209 0.0544748 0.0539085 0.0527197 0.0503808 0.0464084 0.0406033 0.0332561 0.0251654
 0.00520418 0.00834076 0.0123606 0.0172084 0.0227924 0.0289261 0.0352592 0.0413075 0.0465898 0.0507666 0.0536956 0.0554157 0.056105 0.0560288 0.0554798 0.0547228 0.0539458 0.0532059 0.0523653 0.0510564 0.0487386 0.0448837 0.0392501 0.0321069 0.0242442
 0.00542951 0.00869553 0.0128728 0.0178957 0.0236601 0.0299654 0.0364471 0.0426126 0.0479798 0.0522086 0.055142 0.0567836 0.0572718 0.056855 0.0558464 0.0545583 0.0532338 0.0519832 0.0507214 0.0491295 0.0466966 0.0428941 0.0374523 0.0305965 0.0230685
 0.00566597 0.00907826 0.0134459 0.0186995 0.0247242 0.0312967 0.0380169 0.0443505 0.0497837 0.053966 0.0567526 0.0581705 0.058375 0.0576154 0.0561944 0.0544184 0.0525461 0.0507303 0.0489488 0.0469525 0.0442911 0.0404693 0.0352118 0.0286984 0.0215981
 0.00591888 0.00947834 0.0140287 0.0194946 0.0257544 0.0325753 0.0395389 0.0460821 0.0516546 0.055872 0.0585671 0.0597643 0.0596378 0.0584676 0.0565835 0.0543059 0.0518983 0.0495255 0.0472018 0.0447421 0.0417724 0.0378594 0.0327476 0.0265812 0.0199477
 0.00627295 0.0100364 0.0148364 0.0205838 0.0271403 0.03425 0.0414642 0.048184 0.0538294 0.0579993 0.0605233 0.0614314 0.0609101 0.0592595 0.0568356 0.0539853 0.0509929 0.0480402 0.0451667 0.0422344 0.0389389 0.0349177 0.0299521 0.0241626 0.0180528
 0.00655957 0.0105001 0.0155303 0.0215571 0.0284298 0.0358675 0.0433806 0.0503222 0.0560711 0.0602043 0.0625508 0.0631558 0.0622288 0.0600946 0.0571326 0.0537098 0.0501284 0.04659 0.0431624 0.0397535 0.0361232 0.0319775 0.0271386 0.0217112 0.0161203
 0.00690124 0.0110357 0.0163008 0.0225915 0.0297455 0.0374688 0.0452505 0.0524109 0.0582896 0.062427 0.0646293 0.0649396 0.0635873 0.0609331 0.0573959 0.0533756 0.0491971 0.0450789 0.0411123 0.0372447 0.0332951 0.0290335 0.0243227 0.0192543 0.014179
 0.00717133 0.0114758 0.0169651 0.0235306 0.0309968 0.039041 0.0471091 0.0544738 0.0604396 0.064534 0.0665676 0.0665953 0.0648596 0.0617368 0.0576676 0.0530789 0.0483227 0.0436435 0.0391604 0.034859 0.0306112 0.0262436 0.0216551 0.0169253 0.0123362
 0.00736047 0.0117895 0.0174499 0.0242372 0.0319738 0.0403227 0.048698 0.056327 0.0624647 0.0665981 0.068517 0.06828 0.0661558 0.0625591 0.057968 0.0528375 0.0475405 0.0423398 0.0373782 0.0326773 0.0281571 0.0236948 0.0192199 0.0147997 0.0106539
 0.00751893 0.0120464 0.0178365 0.0247856 0.0327156 0.0412841 0.0498912 0.0577404 0.0640555 0.0682895 0.0702013 0.069829 0.0674384 0.0634619 0.0584108 0.0527788 0.0469731 0.0412836 0.0358784 0.0308101 0.0260395 0.0214861 0.0171049 0.0129511 0.00918929
 0.00774345 0.0124059 0.0183676 0.0255195 0.0336731 0.0424682 0.0512779 0.0592741 0.0656542 0.0698573 0.0716411 0.0710507 0.0683631 0.0640249 0.058565 0.0524986 0.0462557 0.0401499 0.0343736 0.0290081 0.0240478 0.0194464 0.015177 0.0112816 0.00787526
 0.00784822 0.0125889 0.0186671 0.0259801 0.0343376 0.0433634 0.0523993 0.0605783 0.0670627 0.0712703 0.0729533 0.0721664 0.069206 0.0645426 0.0587276 0.0522941 0.0456863 0.039232 0.0331423 0.0275234 0.022401 0.0177576 0.0135809 0.00990075 0.00678963
 0.00802473 0.01287 0.0190804 0.0265504 0.0350861 0.0443038 0.0535297 0.0618702 0.0684537 0.0726645 0.0742336 0.0732143 0.0699257 0.0648779 0.058666 0.051857 0.044915 0.0381757 0.0318546 0.0260672 0.0208557 0.0162213 0.0121609 0.00869163 0.00585007
 0.00823072 0.013191 0.0195379 0.0271558 0.0358407 0.0451977 0.0545398 0.062958 0.0695669 0.0737414 0.0752071 0.0740151 0.0704873 0.0651452 0.0586063 0.0514672 0.0442206 0.0372234 0.030704 0.0247861 0.0195203 0.0149161 0.0109716 0.00769062 0.00507924
 0.00838317 0.013413 0.0198246 0.0274876 0.0361907 0.045544 0.0548745 0.0632891 0.0699122 0.0741196 0.0756278 0.0744715 0.0709505 0.0655653 0.0589198 0.0516117 0.0441502 0.0369203 0.0301817 0.0240869 0.0187082 0.0140683 0.0101672 0.00699633 0.00453598
 0.00860765 0.0137495 0.0202768 0.0280374 0.0367998 0.0461601 0.0554385 0.0637447 0.0702204 0.0742718 0.0756504 0.0744152 0.0708687 0.0654925 0.0588594 0.0515373 0.0440179 0.0366869 0.0298214 0.0236015 0.0181288 0.0134481 0.00956799 0.0064732 0.00412402
 0.00870915 0.0139144 0.0205239 0.0283811 0.0372438 0.0466887 0.0560101 0.0642947 0.0706751 0.074571 0.0757664 0.07436 0.070688 0.0652474 0.0586049 0.0513042 0.0438061 0.0364715 0.0295691 0.0232888 0.0177546 0.0130357 0.0091571 0.0061053 0.00382889
 0.00870094 0.0139184 0.0205623 0.0284863 0.0374513 0.0470247 0.0564782 0.0648676 0.0712956 0.0751606 0.0762419 0.0746546 0.0707694 0.0651272 0.0583315 0.0509433 0.0434168 0.0360896 0.0292042 0.0229341 0.0174021 0.0126881 0.00882971 0.00581947 0.00360189
 0.0088368 0.0141097 0.0207969 0.0287381 0.0376923 0.0472422 0.056685 0.0650964 0.0715778 0.0755031 0.0766147 0.0749962 0.0710088 0.0652091 0.0582359 0.0506892 0.0430519 0.0356707 0.0287786 0.0225304 0.0170326 0.0123575 0.00854283 0.00558282 0.00342037
 0.00887386 0.0141818 0.0209255 0.0289453 0.0379903 0.0476189 0.057098 0.0654831 0.0718817 0.0756996 0.0767183 0.0750428 0.0710264 0.0651996 0.0581776 0.0505561 0.0428331 0.0353787 0.0284431 0.0221857 0.0167067 0.0120682 0.00829948 0.00538944 0.00327675
 0.00868214 0.0138975 0.0205497 0.0285009 0.0375197 0.0471777 0.0567457 0.0652711 0.0718395 0.075825 0.07698 0.0753958 0.0714303 0.0656248 0.0585996 0.0509467 0.0431606 0.0356166 0.0285811 0.0222324 0.0166845 0.012004 0.00821775 0.00530859 0.00320831
 0.00878184 0.014023 0.0206722 0.0285736 0.037494 0.0470279 0.0564871 0.0649602 0.0715538 0.075633 0.0769178 0.07546 0.0715875 0.0658298 0.0588124 0.0511399 0.043318 0.0357283 0.0286411 0.0222408 0.0166494 0.0119402 0.00814243 0.00523658 0.00314904
 0.00875953 0.0139887 0.0206219 0.0284997 0.0373803 0.0468468 0.0562048 0.0645533 0.0710323 0.0750568 0.0763895 0.0750928 0.0714617 0.0659644 0.0591643 0.0516279 0.0438531 0.0362371 0.0290753 0.0225769 0.0168842 0.0120858 0.00821946 0.00526812 0.00315537
 0.00868888 0.0138869 0.0204932 0.0283559 0.0372377 0.0467184 0.0560937 0.0644487 0.0709114 0.0748941 0.0761732 0.0748399 0.0712223 0.0658065 0.0591448 0.0517669 0.0441265 0.0365891 0.0294416 0.0229049 0.0171434 0.0122678 0.00833249 0.00532908 0.00318277
 0.00872119 0.0139203 0.0205088 0.0283267 0.0371379 0.0465379 0.0558479 0.0641756 0.0706565 0.0746903 0.0760286 0.0747414 0.071151 0.0657557 0.0591278 0.0518095 0.0442489 0.0367905 0.0296964 0.0231732 0.0173864 0.0124605 0.00846716 0.00541209 0.00322761
 0.00869553 0.0138875 0.0204746 0.0282983 0.0371175 0.0465156 0.0557997 0.0640727 0.0704821 0.0744549 0.0757704 0.0745104 0.0709868 0.0656742 0.059124 0.0518707 0.0443652 0.0369548 0.0298986 0.0233946 0.017602 0.0126465 0.00860947 0.00550849 0.00328536
 0.00849858 0.0135903 0.0200708 0.0277993 0.0365513 0.0459227 0.0552282 0.0635715 0.0700919 0.0741994 0.0756553 0.0745302 0.0711333 0.0659386 0.0594922 0.0523186 0.0448603 0.0374628 0.030389 0.023843 0.0179897 0.0129607 0.00884532 0.00567066 0.00338656
 0.00829371 0.0132806 0.0196486 0.0272742 0.0359488 0.0452806 0.0545938 0.0629989 0.069635 0.0739014 0.0755382 0.0745911 0.071349 0.0662758 0.0599171 0.0528018 0.0453759 0.0379857 0.0308939 0.024306 0.0183908 0.0132869 0.00909234 0.00584315 0.00349663
 0.00823044 0.0131668 0.0194581 0.0269781 0.0355256 0.0447297 0.0539469 0.0623197 0.0690052 0.0733983 0.0752167 0.0744752 0.0714334 0.0665326 0.0603055 0.0532771 0.0458967 0.038517 0.0314068 0.0247765 0.0187996 0.0136212 0.00934727 0.00602291 0.00361282
 0.00836548 0.0133624 0.0197068 0.0272539 0.0357862 0.0449238 0.0540239 0.0622411 0.0687573 0.0730022 0.0747279 0.0739699 0.0709863 0.0661977 0.0601075 0.0532139 0.0459481 0.038654 0.0315985 0.0249935 0.0190163 0.0138169 0.00950825 0.00614342 0.00369459
 0.00821823 0.0131546 0.0194517 0.0269813 0.0355308 0.0447082 0.0538462 0.0620766 0.0685733 0.0727781 0.0744688 0.0737087 0.0707737 0.0660852 0.0601303 0.0533804 0.0462397 0.0390328 0.0320187 0.0254116 0.0193975 0.0141381 0.00975869 0.0063234 0.00381317
 0.00812413 0.0130033 0.0192289 0.0266799 0.0351578 0.0442917 0.053437 0.061737 0.0683532 0.072692 0.0744898 0.0737854 0.0708597 0.0661622 0.0602113 0.0534957 0.0464157 0.0392777 0.0323188 0.025738 0.0197164 0.0144206 0.00998673 0.00649136 0.00392581
 0.00890266 0.0140964 0.0205544 0.0280527 0.0363412 0.0450816 0.0537317 0.0615558 0.0678067 0.0719287 0.0736476 0.0729619 0.0701032 0.0654823 0.0596015 0.0529547 0.045956 0.0389185 0.0320732 0.0256025 0.0196708 0.014435 0.0100307 0.00654158 0.00396854
 0.00950972 0.0150605 0.0219528 0.0299151 0.0386127 0.0475844 0.0561523 0.0634971 0.0689091 0.0720062 0.0727573 0.0713628 0.0681383 0.0634573 0.0577189 0.0513106 0.0445756 0.0377949 0.0311903 0.0249412 0.0192054 0.0141316 0.00984983 0.0064441 0.00392177
 0.00954446 0.0151979 0.0223101 0.0306531 0.0398967 0.0495158 0.058697 0.066445 0.0718883 0.074556 0.0744448 0.0719083 0.0675011 0.0618369 0.0554695 0.0488157 0.0421459 0.0356264 0.0293752 0.0235008 0.0181202 0.0133587 0.0093331 0.00612239 0.00373658
 0.00931806 0.0148658 0.0218837 0.030184 0.0394856 0.049313 0.0588864 0.0671987 0.0732928 0.0765383 0.0767435 0.0741233 0.0692116 0.0627381 0.055464 0.0480215 0.0408257 0.0340828 0.0278623 0.022182 0.0170694 0.0125836 0.00880202 0.00578494 0.00353871
 0.00906065 0.0144688 0.0213276 0.0294694 0.0386388 0.0483939 0.0579974 0.0664883 0.0729396 0.0767091 0.0775323 0.0754925 0.070968 0.0645683 0.0570268 0.0490601 0.0412442 0.033953 0.0273654 0.0215256 0.0164212 0.012043 0.00840405 0.00552147 0.00338062
 0.00892192 0.0142357 0.0209634 0.0289374 0.0379127 0.0474746 0.05693 0.0653693 0.0719095 0.0759315 0.0771645 0.075651 0.0716891 0.0657766 0.0585326 0.0506011 0.0425642 0.0348817 0.0278609 0.02166 0.0163265 0.0118509 0.00820802 0.00536767 0.00327907
 0.00894172 0.014252 0.0209573 0.0288776 0.0377591 0.0471861 0.0564764 0.0647444 0.0711431 0.0750975 0.0763782 0.0750514 0.0714073 0.0658971 0.0590597 0.0514452 0.0435601 0.0358382 0.028623 0.0221538 0.0165656 0.0119066 0.00816631 0.00529636 0.00321582
 0.00896574 0.0142925 0.0210197 0.0289644 0.0378648 0.047291 0.0565435 0.0647234 0.0709849 0.0747739 0.0758998 0.0744761 0.0708335 0.0654424 0.0588274 0.0514895 0.0438634 0.0363138 0.0291466 0.0226098 0.0168852 0.0120799 0.00822686 0.00529284 0.00318899
 0.0089653 0.0142866 0.0210017 0.0289262 0.0378003 0.0472004 0.0564345 0.0646075 0.0708687 0.0746513 0.0757531 0.0742877 0.0706032 0.0651988 0.0586266 0.0513963 0.0439237 0.0365313 0.0294765 0.0229764 0.0172133 0.0123222 0.00837359 0.00536289 0.00321195
 0.00908731 0.0144681 0.0212432 0.0292155 0.0381146 0.0475104 0.0567085 0.0648157 0.0709874 0.0746668 0.0756624 0.0740956 0.0703202 0.0648429 0.0582292 0.0510042 0.043592 0.0363057 0.0293751 0.0229824 0.0172841 0.0124101 0.0084449 0.00540494 0.00322869
 0.00902972 0.0143774 0.0211119 0.0290387 0.0378905 0.047242 0.0564062 0.0644988 0.0706842 0.0744108 0.0754857 0.0740205 0.0703518 0.0649675 0.0584189 0.0512288 0.0438304 0.03655 0.0296255 0.0232361 0.0175288 0.0126264 0.00861562 0.00552347 0.00330032
 0.00908114 0.0144485 0.0211957 0.0291203 0.0379505 0.0472621 0.0563744 0.0644115 0.0705456 0.0742322 0.0752848 0.07382 0.0701767 0.0648391 0.0583493 0.0512185 0.0438705 0.0366283 0.0297309 0.0233594 0.01766 0.0127531 0.00872501 0.00560676 0.00335573
 0.00916768 0.0145837 0.0213879 0.0293714 0.0382528 0.0475953 0.0567039 0.0646923 0.0707322 0.0742919 0.075207 0.0736186 0.069884 0.0644976 0.0580024 0.0509026 0.0436102 0.0364348 0.0296041 0.0232913 0.0176383 0.0127628 0.00875093 0.00563609 0.00338024
 0.0094248 0.0149578 0.0218697 0.0299247 0.0388256 0.0481367 0.0571766 0.0650727 0.0710027 0.0744337 0.0752013 0.0734542 0.0695669 0.0640553 0.0574805 0.0503553 0.0430884 0.0359773 0.0292334 0.0230139 0.0174474 0.0126437 0.00868483 0.0056045 0.00336797
 0.00944321 0.0149991 0.0219513 0.0300653 0.0390352 0.0484045 0.0574646 0.065325 0.0711677 0.0744876 0.0751554 0.0733424 0.0694236 0.0639003 0.0573186 0.050186 0.0429155 0.0358117 0.0290889 0.0229014 0.0173712 0.0126006 0.00866682 0.00560183 0.00337224
 0.00909556 0.0145345 0.0214382 0.0296306 0.0388294 0.0485454 0.057988 0.0661673 0.0721866 0.0755056 0.0760077 0.0739153 0.0696749 0.0638555 0.0570482 0.0497754 0.0424424 0.0353361 0.028653 0.0225319 0.0170809 0.0123899 0.00852632 0.00551624 0.0033249
#obs surv len freq
 nan nan nan nan nan nan nan nan nan nan nan nan nan nan nan nan nan nan nan nan nan nan nan nan nan
 0.00447744 0.00733573 0.0111632 0.0159785 0.02168 0.027958 0.0342754 0.0400099 0.0446922 0.048158 0.0505173 0.0520141 0.052907 0.0534199 0.0537346 0.0539898 0.0542686 0.0545615 0.0547003 0.0542922 0.0527301 0.0493619 0.043811 0.0362902 0.0276729
 0.00461652 0.00756053 0.0114989 0.0164469 0.0222949 0.028717 0.0351521 0.0409511 0.0456236 0.0489979 0.0511913 0.0524667 0.053108 0.0533661 0.053446 0.0535023 0.053625 0.0538042 0.053868 0.0534217 0.0518598 0.0485344 0.0430706 0.0356743 0.0272022
 0.00478603 0.00783853 0.0119216 0.0170489 0.0231017 0.0297332 0.03635 0.0422663 0.0469639 0.05026 0.052277 0.0532933 0.053615 0.0535186 0.0532379 0.0529549 0.0527817 0.0527227 0.0526137 0.0520642 0.0504741 0.047201 0.0418696 0.0346716 0.0264344
 0.00497301 0.00814704 0.0123944 0.017729 0.0240238 0.0309108 0.0377611 0.0438474 0.0486173 0.0518703 0.0537283 0.0544815 0.0544544 0.0539471 0.05322 0.0524844 0.051882 0.051445 0.0510335 0.0502783 0.0485978 0.0453621 0.0401945 0.0332643 0.025353
 0.00518206 0.00848754 0.0129084 0.018457 0.0249983 0.0321457 0.039239 0.0455139 0.0503856 0.0536343 0.0553761 0.055905 0.0555553 0.0546419 0.053445 0.0522008 0.0510809 0.0501519 0.0493125 0.0482345 0.0463747 0.0431305 0.0381295 0.0315117 0.0239979
 0.00540044 0.00884582 0.0134537 0.0192351 0.0260451 0.0334733 0.0408219 0.0472851 0.0522471 0.0554766 0.0570943 0.0574053 0.0567536 0.0554613 0.0538158 0.0520648 0.0503992 0.048917 0.0475613 0.0460597 0.0439285 0.0406133 0.0357583 0.0294742 0.0224093
 0.0056244 0.00921384 0.014015 0.0200384 0.0271297 0.0348542 0.042475 0.049141 0.0542009 0.0574079 0.0588871 0.0589597 0.0579889 0.0563119 0.0542258 0.0519831 0.0497815 0.0477363 0.0458278 0.0438425 0.0413706 0.0379248 0.0331826 0.0272323 0.0206449
 0.00588042 0.0096302 0.014642 0.0209231 0.0283074 0.036335 0.0442291 0.0510932 0.0562403 0.0594084 0.0607272 0.0605353 0.0592171 0.0571308 0.0545888 0.0518526 0.0491245 0.0465283 0.0440692 0.0415855 0.038742 0.0351299 0.030474 0.0248508 0.0187548
 0.00613672 0.010051 0.0152828 0.0218376 0.0295363 0.0378887 0.0460708 0.0531343 0.0583544 0.061457 0.0625837 0.0620967 0.0604061 0.0578921 0.0548841 0.051654 0.0484095 0.0452811 0.0422928 0.0393254 0.0361126 0.0323238 0.0277384 0.0224293 0.0168205
 0.00636091 0.0104217 0.0158523 0.022659 0.0306537 0.0393206 0.0477931 0.0550731 0.0603952 0.0634658 0.0644287 0.063664 0.0616073 0.0586655 0.055191 0.0514715 0.0477234 0.0440843 0.0405941 0.0371696 0.0336052 0.0296426 0.0251146 0.0200958 0.0149471
 0.00659469 0.0108035 0.0164302 0.0234794 0.0317524 0.0407097 0.0494466 0.0569207 0.0623309 0.0653668 0.066174 0.0651467 0.0627409 0.0593864 0.0554581 0.0512622 0.0470285 0.0429049 0.038947 0.035103 0.0312197 0.0271024 0.0226327 0.0178875 0.0131712
 0.00682906 0.0111873 0.017013 0.024308 0.0328616 0.0421064 0.051095 0.0587383 0.0642018 0.0671649 0.0677848 0.066478 0.0637244 0.0599745 0.0556206 0.0509824 0.0463005 0.0417335 0.0373528 0.0331357 0.0289753 0.0247319 0.0203284 0.015843 0.0115288
 0.00705669 0.0115608 0.0175813 0.0251182 0.0339488 0.0434784 0.0527159 0.060524 0.0660318 0.0689065 0.0693163 0.0677041 0.0645805 0.0604255 0.0556533 0.0505983 0.0455086 0.0405487 0.0358014 0.0312678 0.0268803 0.0225458 0.0182215 0.0139843 0.0100411
 0.00728225 0.011931 0.0181444 0.0259207 0.0350248 0.0448341 0.0543141 0.0622787 0.0678208 0.0705948 0.0707802 0.0688459 0.0653353 0.0607607 0.0555644 0.050101 0.0446297 0.0393203 0.0342625 0.0294741 0.0249166 0.0205333 0.0163073 0.0123117 0.00871142
 0.0074485 0.0122089 0.0185769 0.0265524 0.0358929 0.0459534 0.0556619 0.0637893 0.0693938 0.0721139 0.0721326 0.0699351 0.066089 0.0611346 0.0555421 0.0496898 0.0438548 0.0382189 0.032882 0.0278756 0.0231834 0.0187744 0.0146489 0.010873 0.00757406
 0.00752645 0.0123367 0.0187724 0.0268354 0.0362849 0.0464753 0.0563281 0.0646015 0.0703341 0.0731415 0.0731837 0.0709295 0.0669409 0.0617647 0.0558886 0.0497151 0.0435472 0.0375909 0.0319679 0.0267313 0.0218876 0.0174269 0.0133611 0.00974758 0.00668071
 0.00760211 0.0124509 0.018928 0.0270309 0.0365165 0.0467408 0.0566307 0.0649498 0.0707404 0.0736167 0.0737302 0.0715328 0.0675636 0.0623482 0.0563616 0.0500071 0.0436025 0.0373792 0.0314893 0.0260183 0.0210026 0.0164572 0.0124055 0.00889699 0.00599816
 0.00764702 0.0125198 0.0190238 0.0271528 0.0366599 0.0468979 0.0567918 0.0651068 0.070892 0.0737731 0.0739122 0.0717644 0.0678597 0.0627018 0.056739 0.0503509 0.0438445 0.0374572 0.0313639 0.0256836 0.0204904 0.0158315 0.0117484 0.00828923 0.00549858
 0.00771231 0.0126174 0.0191548 0.0273124 0.0368384 0.0470828 0.0569696 0.0652644 0.0710188 0.0738642 0.0739719 0.0718079 0.0679097 0.0627807 0.0568573 0.0504984 0.0439877 0.0375463 0.0313485 0.025531 0.020199 0.0154337 0.0113017 0.00785761 0.00513353
 0.00776942 0.0127072 0.0192839 0.0274835 0.0370485 0.047321 0.0572162 0.0654928 0.071202 0.0739828 0.0740206 0.0717951 0.0678552 0.0627097 0.056794 0.0504584 0.0439707 0.0375336 0.0313076 0.0254284 0.0200159 0.0151762 0.0110004 0.00755592 0.00487109
 0.00780187 0.0127572 0.0193541 0.0275746 0.0371597 0.04745 0.0573583 0.0656405 0.0713443 0.0741061 0.0741116 0.0718447 0.0678614 0.0626797 0.0567417 0.0504003 0.0439189 0.0374895 0.0312601 0.0253581 0.019905 0.0150198 0.0108108 0.00735845 0.00469332
 0.00784995 0.0128258 0.0194395 0.0276677 0.0372485 0.0475242 0.0574135 0.0656785 0.0713711 0.074129 0.0741349 0.0718684 0.0678814 0.0626901 0.0567387 0.0503842 0.0438938 0.0374594 0.0312246 0.0253106 0.0198365 0.014925 0.010694 0.00723332 0.00457714
 0.00788499 0.0128829 0.0195251 0.0277859 0.0373984 0.0476966 0.057589 0.065831 0.0714766 0.0741744 0.0741229 0.0718145 0.0678052 0.0626074 0.0566579 0.0503073 0.0438202 0.0373881 0.0311543 0.025239 0.0197597 0.0148403 0.0106025 0.00714154 0.00449421
 0.00787368 0.0128667 0.0195051 0.0277653 0.0373825 0.0476921 0.0576024 0.0658664 0.0715324 0.0742422 0.0741899 0.0718683 0.0678392 0.0626226 0.0566606 0.0503043 0.0438152 0.0373814 0.0311436 0.0252212 0.0197322 0.014802 0.0105553 0.00709015 0.00444526
 0.00787964 0.0128691 0.0194957 0.0277327 0.0373166 0.04759 0.0574732 0.0657309 0.071417 0.0741702 0.0741733 0.0719053 0.0679169 0.0627227 0.0567661 0.0504038 0.0439031 0.0374554 0.0312028 0.0252641 0.0197577 0.01481 0.0105481 0.00707254 0.0044232
 0.00789744 0.0128933 0.0195227 0.0277554 0.0373245 0.0475715 0.0574184 0.0656358 0.0712871 0.0740222 0.0740329 0.0717999 0.0678658 0.0627315 0.0568259 0.050497 0.04401 0.0375604 0.0312955 0.0253389 0.0198121 0.0148443 0.0105645 0.00707523 0.00441766
 0.0078958 0.012891 0.01952 0.0277519 0.0373191 0.0475611 0.0573978 0.0655983 0.0712269 0.0739378 0.0739299 0.0716921 0.0677727 0.0626724 0.0568138 0.0505334 0.0440855 0.0376587 0.031399 0.0254337 0.0198894 0.0149004 0.0106002 0.00709415 0.00442486
 0.00788389 0.0128703 0.0194862 0.0277011 0.0372486 0.0474719 0.0572961 0.0654942 0.0711315 0.0738587 0.0738699 0.0716501 0.0677479 0.0626667 0.0568323 0.0505814 0.0441644 0.0377628 0.0315168 0.025551 0.0199935 0.0149834 0.0106595 0.00713185 0.00444583
 0.00786299 0.0128341 0.0194279 0.0276132 0.0371252 0.0473123 0.0571072 0.0652918 0.0709375 0.0736963 0.0737576 0.0715975 0.067755 0.062726 0.0569324 0.0507114 0.0443153 0.037927 0.0316856 0.0257137 0.0201393 0.0151035 0.0107499 0.00719354 0.00448374
 0.00785827 0.0128237 0.0194071 0.0275756 0.0370638 0.0472213 0.0569847 0.0651415 0.0707692 0.0735252 0.0736025 0.0714775 0.0676851 0.0627136 0.0569763 0.0508031 0.0444424 0.0380761 0.0318439 0.0258697 0.0202823 0.0152248 0.0108444 0.00726066 0.00452684
 0.00783849 0.0127926 0.0193622 0.0275149 0.036986 0.0471259 0.0568725 0.0650151 0.0706335 0.073388 0.0734739 0.0713696 0.0676103 0.0626829 0.0569959 0.0508729 0.0445556 0.0382206 0.0320053 0.026033 0.0204344 0.0153558 0.0109482 0.0073359 0.00457643
 0.00777918 0.0126995 0.0192286 0.0273378 0.0367672 0.0468738 0.0566035 0.0647523 0.0704022 0.0732096 0.073361 0.0713257 0.0676322 0.0627639 0.0571285 0.0510491 0.044766 0.0384534 0.0322463 0.0262669 0.0206468 0.0155355 0.0110893 0.00743792 0.00464392
 0.0077635 0.0126663 0.0191647 0.0272268 0.0365948 0.0466348 0.0563082 0.064427 0.070084 0.0729355 0.0731601 0.0712141 0.067613 0.06283 0.0572663 0.0512423 0.0449982 0.0387088 0.0325092 0.0265218 0.0208791 0.0157335 0.0112459 0.00755209 0.00472012
 0.00773955 0.0126266 0.0191029 0.0271358 0.0364663 0.0464615 0.056086 0.0641594 0.069785 0.072631 0.0728845 0.071003 0.0674941 0.0628164 0.0573551 0.0514177 0.0452369 0.0389858 0.0328007 0.0268066 0.0211394 0.0159557 0.0114222 0.0076812 0.00480676
 0.00931861 0.0148361 0.0217679 0.0298727 0.0387949 0.0479824 0.0566209 0.063777 0.0687182 0.0711578 0.071242 0.0693583 0.0659534 0.0614435 0.0561846 0.0504617 0.0444891 0.0384262 0.0324015 0.026537 0.0209691 0.015857 0.0113713 0.00765912 0.00479973
 0.00929853 0.0150973 0.0226787 0.0318903 0.0422663 0.052875 0.0623527 0.0693107 0.0729297 0.0732786 0.0711123 0.0673692 0.062776 0.0577427 0.0524558 0.0470023 0.0414444 0.0358479 0.0302895 0.0248639 0.0196922 0.014924 0.0107238 0.00723615 0.00454201
 0.00897804 0.0145915 0.0219677 0.0310224 0.0414119 0.0523634 0.0626325 0.0707887 0.075725 0.0770403 0.0750628 0.0705988 0.0646217 0.0580183 0.051422 0.0451537 0.0392783 0.0337287 0.0284236 0.0233351 0.0185093 0.0140563 0.010122 0.00684398 0.00430378
 0.00879358 0.0142876 0.0215034 0.0303599 0.0405315 0.051292 0.0614819 0.0697836 0.0751873 0.0773014 0.0763123 0.0727405 0.0672395 0.0605095 0.0532417 0.046024 0.0392449 0.0330615 0.0274549 0.0223356 0.0176406 0.0133827 0.00964432 0.00653117 0.00411444
 0.00872364 0.014164 0.0212986 0.0300409 0.040066 0.0506597 0.0606891 0.0688776 0.0742685 0.0765285 0.0758892 0.0728657 0.0680195 0.0618739 0.0549232 0.0476426 0.0404603 0.0337037 0.0275572 0.0220688 0.0172092 0.0129457 0.00928792 0.00627996 0.00395681
 0.00871018 0.0141394 0.0212556 0.0299686 0.0399489 0.050478 0.0604212 0.0685063 0.0737912 0.075971 0.0753181 0.0723923 0.0677819 0.0619929 0.0554412 0.0484795 0.0414241 0.0345636 0.0281403 0.0223216 0.0171912 0.0127736 0.00907289 0.00609263 0.00382384
 0.00870257 0.0141275 0.0212383 0.0299444 0.0399154 0.0504304 0.0603516 0.0684027 0.073639 0.0757571 0.0750395 0.0720676 0.0674608 0.0617542 0.055372 0.0486368 0.0417978 0.0350668 0.0286413 0.0227022 0.0173947 0.0128152 0.00901247 0.00599538 0.00373434
 0.00868278 0.0140951 0.0211894 0.0298757 0.0398255 0.0503215 0.0602299 0.0682773 0.0735184 0.0756445 0.0749307 0.0719546 0.0673402 0.0616378 0.0552912 0.0486359 0.0419128 0.0353001 0.0289513 0.0230169 0.0176453 0.0129658 0.00906814 0.0059883 0.00370095
 0.00867331 0.0140801 0.0211676 0.0298459 0.0397865 0.0502722 0.0601699 0.0682075 0.0734414 0.0755647 0.0748526 0.0718806 0.0672703 0.0615717 0.0552338 0.0486015 0.0419227 0.0353726 0.0290869 0.0231924 0.0178213 0.0131053 0.00915313 0.00602294 0.00370295
 0.00865559 0.0140522 0.0211274 0.0297922 0.0397196 0.0501943 0.0600854 0.0681227 0.0733631 0.0754984 0.0748015 0.0718455 0.06725 0.0615638 0.0552366 0.0486159 0.0419541 0.0354293 0.0291746 0.023307 0.0179472 0.0132207 0.00924035 0.00607585 0.00372687
 0.00865908 0.0140576 0.0211348 0.0298013 0.0397293 0.0502025 0.0600892 0.0681187 0.0733485 0.0754718 0.0747638 0.0717997 0.0672 0.061514 0.0551911 0.0485786 0.0419297 0.0354231 0.0291909 0.0233465 0.018004 0.0132833 0.00929611 0.00611625 0.00375025
 0.00865605 0.0140518 0.0211244 0.0297844 0.0397045 0.05017 0.0600512 0.0680793 0.0733123 0.0754423 0.0747422 0.0717852 0.0671912 0.0615092 0.0551895 0.0485807 0.041937 0.0354379 0.0292159 0.0233828 0.0180496 0.0133328 0.00934219 0.0061528 0.00377473
 0.00864197 0.0140329 0.0211034 0.0297659 0.0396934 0.0501688 0.0600585 0.0680904 0.0733212 0.0754446 0.0747369 0.0717739 0.0671766 0.0614939 0.0551753 0.0485688 0.0419288 0.0354353 0.0292207 0.0233963 0.0180714 0.0133601 0.00937041 0.00617747 0.00379303
 0.00861186 0.0139856 0.0210356 0.0296766 0.0395852 0.0500494 0.0599408 0.0679905 0.0732538 0.075418 0.0747504 0.071819 0.0672419 0.0615689 0.0552523 0.0486432 0.0419981 0.0354986 0.0292784 0.0234491 0.0181198 0.0134036 0.00940778 0.00620719 0.0038144
 0.00862264 0.0139982 0.0210455 0.0296765 0.039567 0.0500075 0.059875 0.0679072 0.0731646 0.075337 0.07469 0.0717872 0.0672401 0.0615925 0.0552933 0.0486929 0.0420498 0.0355483 0.0293242 0.0234906 0.0181571 0.0134366 0.00943582 0.00622958 0.00383079
 0.00862264 0.0139982 0.0210455 0.0296765 0.039567 0.0500075 0.059875 0.0679072 0.0731646 0.075337 0.07469 0.0717872 0.0672401 0.0615925 0.0552933 0.0486929 0.0420498 0.0355483 0.0293242 0.0234906 0.0181571 0.0134366 0.00943582 0.00622958 0.00383079
#pred catch len freq
 0.00338244 0.00540284 0.00798682 0.0111275 0.0148466 0.0191699 0.0240632 0.0293935 0.0349447 0.04046 0.0456813 0.0503859 0.0544182 0.0577001 0.0602134 0.0619701 0.062988 0.0632674 0.0627495 0.0612531 0.0584397 0.053895 0.0473692 0.0390751 0.0298165
 0.00361927 0.00573835 0.00840444 0.0115921 0.0153292 0.0196778 0.0246507 0.0301347 0.0358744 0.0415177 0.0466991 0.0511363 0.054701 0.0574252 0.0594404 0.0608882 0.0618467 0.0622845 0.0620344 0.0607795 0.0580829 0.0535138 0.0468852 0.0385041 0.0292401
 0.00373506 0.00594527 0.00874715 0.0121154 0.0160588 0.0205978 0.025695 0.0312084 0.0368989 0.0424649 0.0475801 0.0519462 0.0553651 0.0577999 0.0593781 0.0603261 0.0608552 0.0610428 0.0607482 0.0595942 0.057043 0.0525876 0.0460271 0.0377051 0.0285344
 0.00389338 0.00618929 0.00909351 0.0125811 0.0166704 0.0213966 0.0267276 0.0324971 0.0384053 0.0440748 0.0491279 0.0532693 0.0563489 0.0583807 0.059515 0.0599827 0.0600203 0.0597687 0.0591637 0.0578701 0.0553354 0.0510009 0.044617 0.0365037 0.0275666
 0.00411306 0.00653171 0.00958173 0.0132281 0.0174797 0.0223653 0.0278484 0.0337618 0.0398053 0.0455914 0.050712 0.0548208 0.0577179 0.059399 0.0600394 0.0599254 0.0593554 0.0585315 0.0574503 0.0558326 0.0531603 0.0488736 0.0426906 0.0348825 0.0263022
 0.00433683 0.0068885 0.0101067 0.0139518 0.0184259 0.0235454 0.0292529 0.0353524 0.0415157 0.0473374 0.0524055 0.0563776 0.0590553 0.0604249 0.0606476 0.0600066 0.0588251 0.0573597 0.0556828 0.0535966 0.0506509 0.0463225 0.0403219 0.0328698 0.0247397
 0.00460709 0.0073109 0.0107127 0.0147646 0.0194632 0.024821 0.030771 0.0370958 0.0434333 0.0493384 0.054366 0.0581594 0.0605294 0.0614878 0.0612221 0.0600312 0.0582469 0.0561446 0.0538423 0.0512177 0.0479088 0.0434623 0.037611 0.0305353 0.0229171
 0.00493447 0.00782254 0.0114457 0.0157435 0.0207014 0.0263208 0.0325196 0.0390574 0.0455441 0.0515067 0.0564749 0.0600746 0.0621117 0.0626105 0.0617861 0.0599712 0.0575277 0.0547573 0.0518127 0.0486288 0.0449242 0.0403257 0.0346078 0.0279248 0.0208658
 0.00523292 0.00829687 0.0121406 0.0166971 0.0219426 0.0278643 0.0343552 0.04114 0.0477907 0.053802 0.0586835 0.062055 0.0637298 0.0637501 0.062355 0.059904 0.0567862 0.0533329 0.049735 0.0459836 0.0418723 0.0371067 0.0315081 0.0252131 0.0187225
 0.00557217 0.00882443 0.0128922 0.017696 0.0232043 0.0293995 0.0361651 0.0432026 0.050046 0.0561442 0.060967 0.0641131 0.0654014 0.0649025 0.062896 0.0597801 0.0559758 0.0518416 0.0476017 0.0432971 0.0387918 0.0338658 0.028387 0.0224777 0.0165548
 0.00586212 0.00928738 0.0135741 0.0186364 0.0244322 0.0309268 0.037976 0.0452474 0.0522422 0.0583848 0.0631282 0.0660605 0.0669981 0.0660217 0.0634355 0.0596734 0.0551946 0.0503939 0.0455332 0.0407015 0.0358256 0.030752 0.0253908 0.0198509 0.0144705
 0.00608157 0.00964148 0.014104 0.0193838 0.025438 0.0322245 0.0395798 0.0471357 0.0543466 0.0605891 0.0652808 0.0679977 0.0685697 0.0671091 0.0639577 0.059583 0.0544732 0.0490512 0.043613 0.0382934 0.0330777 0.0278724 0.0226236 0.0174263 0.0125466
 0.00630676 0.00999648 0.0146193 0.020085 0.0263475 0.0333613 0.0409541 0.0487388 0.0561399 0.0624968 0.0671895 0.069766 0.0700477 0.0681625 0.0644875 0.0595338 0.0538304 0.0478337 0.0418711 0.0361157 0.0306015 0.0252855 0.0201439 0.0152575 0.0108276
 0.00654596 0.010374 0.0151672 0.0208283 0.027303 0.0345354 0.0423363 0.0502953 0.0578113 0.0642012 0.0688288 0.0712333 0.0712359 0.0689744 0.0648453 0.0593881 0.0531636 0.0466616 0.0402424 0.0341159 0.0283579 0.0229656 0.0179374 0.0133387 0.00931298
 0.00672571 0.0106662 0.0156078 0.0214524 0.0281409 0.0356042 0.0436283 0.05177 0.0593944 0.0657931 0.0703182 0.0725123 0.0722128 0.069582 0.065042 0.059154 0.0524979 0.0455819 0.0387899 0.0323622 0.0264111 0.0209685 0.0160498 0.0117055 0.00802889
 0.00693063 0.0109878 0.0160717 0.0220793 0.0289479 0.0366047 0.044826 0.0531464 0.0608972 0.0673309 0.0717684 0.073742 0.0731057 0.0700604 0.0650753 0.0587525 0.0516981 0.0444343 0.0373543 0.030712 0.0246412 0.0191964 0.0144038 0.0102993 0.00693369
 0.00707409 0.0112118 0.0163927 0.0225092 0.0294957 0.0372783 0.0456304 0.0540789 0.0619406 0.0684472 0.0728945 0.0747908 0.073976 0.070655 0.0653211 0.0586147 0.0511833 0.0435827 0.0362285 0.0293902 0.0232153 0.0177699 0.013083 0.00917514 0.00606121
 0.00720886 0.0114083 0.0166471 0.0228051 0.0298116 0.0375986 0.0459539 0.05442 0.0623228 0.068893 0.0734143 0.0753735 0.0745834 0.0712224 0.0657676 0.0588607 0.0511696 0.0432846 0.0356603 0.0286013 0.0222823 0.0167857 0.0121431 0.00836036 0.00542181
 0.00738674 0.0116735 0.0170011 0.0232315 0.0302794 0.0380678 0.0463829 0.0547731 0.0625795 0.0690562 0.0735114 0.0754465 0.0746704 0.0713394 0.0658991 0.058962 0.0511811 0.043151 0.03535 0.0281178 0.0216646 0.0161001 0.0114666 0.00776198 0.00494655
 0.00749903 0.0118521 0.0172618 0.0235844 0.0307245 0.0385894 0.0469445 0.0553186 0.0630435 0.0693817 0.0736678 0.0754391 0.0745377 0.0711386 0.0656836 0.0587616 0.0509928 0.0429452 0.0350883 0.0277738 0.0212388 0.0156222 0.0109853 0.00732839 0.00459733
 0.0075183 0.0118951 0.0173484 0.0237421 0.0309827 0.0389705 0.0474523 0.0559294 0.0637037 0.0700136 0.0741844 0.0757661 0.0746361 0.0710161 0.0653898 0.0583671 0.0505623 0.0425184 0.0346756 0.0273673 0.0208299 0.0152149 0.010599 0.00698961 0.00432747
 0.0076411 0.0120692 0.0175646 0.0239793 0.0312192 0.0391984 0.0476866 0.0562016 0.0640425 0.0704223 0.074628 0.0761771 0.0749352 0.0711398 0.0653121 0.0581062 0.0501698 0.042058 0.0342012 0.0269121 0.0204088 0.0148344 0.0102659 0.00671276 0.00411395
 0.00762754 0.0120612 0.0175775 0.0240327 0.0313285 0.0393638 0.047888 0.0564068 0.0642258 0.0705814 0.0747837 0.0763547 0.0751395 0.0713435 0.0654651 0.0581603 0.0501014 0.0418758 0.0339384 0.0266099 0.0201026 0.0145489 0.0100164 0.00650828 0.0039583
 0.00749365 0.0118646 0.0173217 0.0237376 0.0310279 0.0390995 0.0477011 0.0563285 0.0642676 0.0707309 0.0750112 0.0766277 0.0754357 0.0716515 0.0657731 0.0584454 0.0503316 0.0420225 0.0339898 0.0265755 0.0200071 0.0144216 0.00988355 0.00638855 0.00386228
 0.00750856 0.0118664 0.017284 0.0236249 0.0308087 0.0387651 0.0472811 0.0558897 0.0638959 0.0705019 0.074966 0.0767631 0.075712 0.0720109 0.0661597 0.0588159 0.0506556 0.0422793 0.0341668 0.0266704 0.0200299 0.0143922 0.00982544 0.00632288 0.00380359
 0.00748112 0.0118236 0.0172209 0.0235327 0.0306702 0.0385526 0.0469611 0.0554404 0.06333 0.0698834 0.0744028 0.0763737 0.0755816 0.072161 0.0665461 0.0593524 0.0512462 0.0428429 0.0346486 0.0270429 0.0202887 0.0145504 0.00990656 0.00635337 0.00380669
 0.00741176 0.011723 0.0170922 0.0233863 0.0305201 0.0384099 0.0468271 0.0553026 0.0631646 0.0696651 0.0741225 0.0760557 0.0752869 0.0719692 0.0665225 0.0595188 0.0515725 0.0432622 0.0350847 0.0274333 0.0205971 0.0147668 0.0100408 0.00642555 0.00383893
 0.00742226 0.0117264 0.0170725 0.0233222 0.0303922 0.0382116 0.046573 0.0550258 0.0629041 0.0694489 0.0739572 0.0759298 0.0751857 0.0718921 0.0664899 0.0595628 0.0517167 0.0435041 0.0353922 0.0277574 0.0208908 0.0149997 0.0102035 0.00652586 0.00389313
 0.00734728 0.0116174 0.0169314 0.0231558 0.030207 0.0380071 0.0463399 0.0547541 0.0625966 0.0691314 0.0736752 0.0757313 0.0751007 0.0719231 0.0666183 0.0597646 0.0519742 0.0438055 0.035723 0.0280945 0.0212044 0.0152631 0.0104019 0.0066593 0.00397305
 0.00718263 0.0113698 0.0165963 0.0227435 0.0297403 0.0375165 0.045859 0.0543151 0.0622255 0.0688447 0.0734825 0.075641 0.0751241 0.0720701 0.0668884 0.0601405 0.052424 0.0442915 0.0362101 0.0285529 0.0216097 0.0155972 0.0106558 0.00683538 0.00408347
 0.00700455 0.0111013 0.0162316 0.0222913 0.0292217 0.0369608 0.0453009 0.0537942 0.0617836 0.0685195 0.0732995 0.0756085 0.0752339 0.0723038 0.067224 0.0605562 0.0528969 0.0447952 0.0367151 0.0290291 0.0220313 0.0159458 0.0109231 0.00702373 0.00420444
 0.00697098 0.0110363 0.0161148 0.0220982 0.0289303 0.0365621 0.0448089 0.0532473 0.0612378 0.0680358 0.0729306 0.0753904 0.0751816 0.0724114 0.0674692 0.060907 0.0533188 0.0452553 0.0371825 0.0294757 0.022432 0.0162816 0.0111842 0.00721062 0.0043266
 0.00702157 0.0111047 0.016191 0.022161 0.0289496 0.0365039 0.0446431 0.0529577 0.0608312 0.0675475 0.0724218 0.0749335 0.0748413 0.0722283 0.0674536 0.0610426 0.0535726 0.0455872 0.037553 0.0298492 0.0227789 0.0165801 0.0114213 0.00738366 0.00444185
