SBPRF35
7.78865
Curr Bio
608704
B35
673753
F35
0.22268
FOFL
0.209478
OFL
101596
Bzero
2.22533e+06
#pred survey bio
 4.56198e+06 4.3013e+06 4.05132e+06 3.76253e+06 3.45334e+06 3.15002e+06 2.81769e+06 2.50167e+06 2.23312e+06 1.97563e+06 1.74853e+06 1.53046e+06 1.36002e+06 1.19274e+06 1.04923e+06 919259 835200 767862 712198 690131 667403 636508 622658 606628 600016 587870 585202 585694 575043 574864 568176 565443 548510 547586 534435 524569 507625 493604 496442 501764 518488 525587 527470 538922 543770 549561 551293 557910 555260 569093 571149 576428 568404 571703 559614 530564 507335 493070 465035 484080 492587 482022 509091 530517 572723 609109 2.22617e+07 1.3681e+07 1.40639e+07 1.45797e+07 1.51409e+07 1.56665e+07 1.61166e+07 1.64804e+07 1.67634e+07 1.6978e+07 1.71383e+07 1.72569e+07 1.73443e+07 1.74086e+07 1.74561e+07 1.74913e+07 1.75175e+07 1.75371e+07 1.75518e+07 1.75629e+07 1.75713e+07 1.75777e+07 1.75826e+07 1.75863e+07 1.75892e+07 1.75914e+07 1.75931e+07 1.75943e+07 1.75953e+07 1.75961e+07 1.75967e+07 1.75972e+07 1.75975e+07 1.75978e+07 1.7598e+07 1.75982e+07 1.75983e+07 1.75984e+07 1.75985e+07 1.75985e+07 1.75986e+07 1.75986e+07 1.75986e+07 1.75987e+07 1.75987e+07 1.75987e+07 1.75987e+07 1.75987e+07 1.75987e+07 1.75987e+07 1.75987e+07 1.75987e+07 1.75987e+07 1.75987e+07 1.75987e+07 1.75987e+07 1.75987e+07 1.75987e+07 1.75987e+07 1.75987e+07 1.75987e+07 1.75987e+07 1.75987e+07 1.75987e+07 1.75987e+07 1.75987e+07 1.75987e+07 1.75987e+07 1.75987e+07 1.75987e+07 1.75987e+07 1.75987e+07 1.75987e+07 1.75987e+07 1.75987e+07 1.75987e+07 1.75987e+07 1.75987e+07 1.75987e+07 1.75987e+07 1.75987e+07 1.75987e+07 1.75987e+07 1.75987e+07 1.75987e+07 1.75987e+07 1.75987e+07 1.75987e+07 1.75987e+07 1.75987e+07 1.75987e+07 1.75987e+07 1.75987e+07 1.75987e+07 1.75987e+07 1.75987e+07 1.75987e+07 1.75987e+07 1.75987e+07 1.75987e+07 0 0 0 0 0 0 0 0 0 0 0 0 0 0 0 0 0 0 0 0 0 0 0 0 0
#obs survey bio
 3.06423e+06 3.33838e+06 3.09893e+06 2.53442e+06 2.89108e+06 2.09139e+06 3.22781e+06 1.65614e+06 1.86643e+06 1.3685e+06 1.55562e+06 1.52843e+06 996618 1.56297e+06 1.0503e+06 759164 763969 497438 584508 671183 722209 796538 595172 541540 545657 384644 665052 556638 418320 389890 493958 607224 833897 679340 475000 493877 623029 416348 604759 478398 719268 623213 366511 339561 675677 541029 508687 552760 630599 637446 551780 352804 522266 707635 676498 558663 663652 405874 426482 519721 447855 516617 353082 433860 682707 602141
#pred catch bio
 97862.6 99647 156264 201731 226708 285102 301583 286646 300314 291780 297437 264952 267530 247869 235048 194302 179485 168094 137264 134896 137387 118885 118238 109094 113171 104788 101335 108769 98033.7 101521 95457.7 104014 86767.6 93493.3 87080.5 91666 91674.6 82137.5 83448.9 75679.8 84950 89820.7 82998.3 89969.1 89512.2 93095.3 89395.3 97455.4 84117.3 94422.7 91408.4 102223 92223.3 104368 117027 111180 103820 114814 75558.9 85747.2 101713 72146.4 80971.3 68676.3 79750.7 92361.5 101596 109364 111444 114496 118139 121589 124475 126715 128366 129538 130347 130894 131257 131494 131648 131747 131810 131850 131876 131892 131902 131908 131912 131915 131916 131917 131918 131918 131918 131918 131918 131918 131918 131919 131919 131919 131919 131919 131919 131919 131919 131919 131919 131919 131919 131919 131919 131919 131919 131919 131919 131919 131919 131919 131919 131919 131919 131919 131919 131919 131919 131919 131919 131919 131919 131919 131919 131919 131919 131919 131919 131919 131919 131919 131919 131919 131919 131919 131919 131919 131919 131919 131919 131919 131919 131919 131919 131919 131919 131919 131919 131919 131919 131919 131919 131919 131919 131919 131919 131919 0 0 0 0 0 0 0 0 0 0 0 0 0 0 0 0 0 0 0 0 0 0 0 0 0
#obs catch bio
 0 99457.2 156976 203202 228290 289243 306286 291450 306539 298148 304012 269932 274620 251975 239002 196785 181345 172209 139683 136931 139118 119572 118588 109717 114035 106088 102527 109819 98712.4 102710 95903.1 104922 86942.7 93595 87185.8 91736.7 91455.9 82088.9 83666.7 75415.4 84535.1 89630.6 82665.9 90388 89338.7 92846 89340.9 97380.6 83925.4 94431.2 91089.7 102215 91818.8 103506 115885 110077 102435 114611 74794.5 85069.2 101591 71660.2 81146.5 68494.8 79754 92427.8
#pred cpue bio
 4.49299e+06 4.23538e+06 3.98716e+06 3.69906e+06 3.39128e+06 3.08922e+06 2.75859e+06 2.44442e+06 2.17744e+06 1.92187e+06 1.69689e+06 1.4813e+06 1.31287e+06 1.14829e+06 1.00757e+06 880162 797569 731396 677094 656131 634792 605464 592515 577031 570500 558578 555979 556882 547001 547125 541091 539049 523218 523034 510933 501808 484817 469537 471040 476130 492673 499689 501415 512230 516820 522605 524300 530675 528051 541485 543646 548916 541088 544340 532749 504318 481215 466943 439601 458152 466648 456235 482007 502339 542713 577343 2.11122e+07 1.29862e+07 1.33316e+07 1.38009e+07 1.43468e+07 1.48691e+07 1.53187e+07 1.56824e+07 1.59654e+07 1.618e+07 1.63403e+07 1.64589e+07 1.65463e+07 1.66106e+07 1.66581e+07 1.66933e+07 1.67195e+07 1.67391e+07 1.67538e+07 1.67649e+07 1.67733e+07 1.67797e+07 1.67846e+07 1.67883e+07 1.67912e+07 1.67934e+07 1.67951e+07 1.67963e+07 1.67973e+07 1.67981e+07 1.67987e+07 1.67992e+07 1.67995e+07 1.67998e+07 1.68e+07 1.68002e+07 1.68003e+07 1.68004e+07 1.68005e+07 1.68005e+07 1.68006e+07 1.68006e+07 1.68006e+07 1.68007e+07 1.68007e+07 1.68007e+07 1.68007e+07 1.68007e+07 1.68007e+07 1.68007e+07 1.68007e+07 1.68007e+07 1.68007e+07 1.68007e+07 1.68007e+07 1.68007e+07 1.68007e+07 1.68007e+07 1.68007e+07 1.68007e+07 1.68007e+07 1.68007e+07 1.68007e+07 1.68007e+07 1.68007e+07 1.68007e+07 1.68007e+07 1.68007e+07 1.68007e+07 1.68007e+07 1.68007e+07 1.68007e+07 1.68007e+07 1.68007e+07 1.68007e+07 1.68007e+07 1.68007e+07 1.68007e+07 1.68007e+07 1.68007e+07 1.68007e+07 1.68007e+07 1.68007e+07 1.68007e+07 1.68007e+07 1.68007e+07 1.68007e+07 1.68007e+07 1.68007e+07 1.68007e+07 1.68007e+07 1.68007e+07 1.68007e+07 1.68007e+07 1.68007e+07 1.68007e+07 1.68007e+07 1.68007e+07 1.68007e+07 1.68007e+07 0 0 0 0 0 0 0 0 0 0 0 0 0 0 0 0 0 0 0 0 0 0 0 0 0
#obs cpue bio
 3.62737e+06 3.50844e+06 3.74272e+06 3.13704e+06 3.521e+06 2.83662e+06 2.18711e+06 2.38233e+06 2.0751e+06 2.02353e+06 1.95501e+06 1.22276e+06 1.04407e+06 1.2029e+06 884734 897347 866171 417983 657604 677682 648419 529250 769407 436065 567618 461927 404954 719004 640773 577727 787593 447548 370974 566412 475763 607468 528700 436174 343354 674287 484630 370987 744420 468534 645659 618748 439885 675875 406234 519089 652516 859788 679831 701076 551886 531520 506616 410069 641920 495891 436614 447118 517764 634435 437606 591614
#pred surv len freq
 0.00461266 0.0074774 0.0112376 0.0158838 0.0213329 0.0273578 0.0335471 0.0393902 0.0444563 0.04853 0.0516156 0.0538532 0.0554295 0.0565162 0.0572248 0.0575814 0.0575279 0.0569447 0.0556681 0.0534863 0.0501403 0.0453887 0.0391654 0.0317603 0.0238718
 0.00499132 0.00799772 0.0118491 0.0164923 0.0218419 0.0277251 0.0338167 0.0396671 0.044832 0.0490046 0.0520704 0.0540946 0.0552797 0.0559006 0.0562144 0.056375 0.0563847 0.0560935 0.0552266 0.0534263 0.0503156 0.0456126 0.0392957 0.0317464 0.023746
 0.0051418 0.00828887 0.0123662 0.0173247 0.0230401 0.0292468 0.0355001 0.0412681 0.0461197 0.0498567 0.0524979 0.0541792 0.0550806 0.0554077 0.0553826 0.0552019 0.0549665 0.0546141 0.0538873 0.0523613 0.0495471 0.0450688 0.0388737 0.0313739 0.0234044
 0.00532736 0.00857664 0.0127787 0.0178876 0.0237927 0.0302473 0.0368091 0.0429046 0.0480092 0.051809 0.054247 0.0554736 0.0557668 0.055454 0.0548405 0.0541546 0.0535126 0.052883 0.0520464 0.0505874 0.0479758 0.0437618 0.0378267 0.0305523 0.0227754
 0.0055761 0.00897023 0.0133505 0.0186607 0.0247762 0.0314335 0.038173 0.0444105 0.0496191 0.0534807 0.055913 0.0570134 0.057006 0.0562037 0.0549586 0.0535902 0.0523115 0.051168 0.0499919 0.0483938 0.0458384 0.0418372 0.0362105 0.0292791 0.0218341
 0.00578126 0.00930892 0.0138699 0.019408 0.0257897 0.0327271 0.0397211 0.0461429 0.0514336 0.0552678 0.0575777 0.0584809 0.0582066 0.0570514 0.0553442 0.0534027 0.0514808 0.0497034 0.0479976 0.0460542 0.043382 0.0394899 0.0341534 0.0276207 0.0206043
 0.00604347 0.00972828 0.0144894 0.0202662 0.0269177 0.0341414 0.0414115 0.0480605 0.0534872 0.0573318 0.0595099 0.0601459 0.059496 0.0578901 0.0556788 0.0531853 0.0506656 0.048268 0.0459789 0.043576 0.0406524 0.0367645 0.031677 0.0255717 0.0190624
 0.00634009 0.0102007 0.0151826 0.0212169 0.0281496 0.0356577 0.0431849 0.0500284 0.0555561 0.0593895 0.0614377 0.0618265 0.0608208 0.0587669 0.0560382 0.0529799 0.0498655 0.0468625 0.0439934 0.0411005 0.0378598 0.0338986 0.029003 0.023309 0.0173312
 0.00656681 0.0105723 0.0157476 0.0220234 0.0292367 0.0370423 0.0448468 0.0519036 0.0575446 0.0613728 0.063297 0.063454 0.0621235 0.0596666 0.05647 0.0528912 0.0492172 0.0456351 0.0422018 0.0388157 0.0352291 0.0311426 0.026379 0.0210471 0.0155734
 0.00679127 0.010938 0.0163004 0.0228087 0.0302937 0.0383926 0.0464804 0.0537682 0.0595462 0.0633871 0.0651871 0.0650901 0.0633983 0.0605038 0.0568221 0.0527302 0.0485259 0.0444067 0.0404515 0.036604 0.0326838 0.0284628 0.023806 0.0188067 0.0138143
 0.0070229 0.011308 0.0168458 0.0235619 0.0312795 0.0396226 0.0479437 0.0554244 0.0613241 0.0651912 0.0669068 0.0666108 0.0646134 0.0613255 0.0571889 0.052607 0.0478985 0.0432769 0.038842 0.0345731 0.0303451 0.0259922 0.0214207 0.0167153 0.0121597
 0.00731904 0.0117796 0.0175374 0.0245081 0.0324992 0.0411093 0.0496552 0.0572787 0.0632095 0.0669859 0.0684981 0.0679061 0.0655431 0.061842 0.0572632 0.052226 0.0470618 0.041997 0.0371487 0.0325265 0.0280509 0.0236082 0.0191397 0.014723 0.010584
 0.0074132 0.0119579 0.0178526 0.0250256 0.0332829 0.0421982 0.0510405 0.0588958 0.0649483 0.0687135 0.0700834 0.0692371 0.0665362 0.0624444 0.0574491 0.0519889 0.046408 0.0409424 0.0357237 0.030787 0.0260914 0.0215662 0.0171814 0.0130082 0.00922387
 0.00760975 0.0122651 0.0182939 0.0256205 0.03405 0.0431575 0.0522072 0.0602654 0.0664786 0.070315 0.0716255 0.0705732 0.0675371 0.063024 0.057573 0.0516652 0.0456702 0.0398353 0.0342992 0.0291107 0.0242537 0.0196885 0.0154054 0.0114674 0.00800867
 0.00789364 0.0127048 0.0189146 0.0264301 0.0350382 0.0442954 0.0534482 0.0615484 0.0677388 0.0714943 0.072676 0.0714489 0.0681854 0.0633866 0.0575985 0.0513245 0.0449649 0.0387958 0.0329777 0.0275775 0.0225989 0.0180221 0.0138481 0.0101288 0.00696011
 0.00826836 0.0132907 0.0197521 0.0275384 0.0364094 0.0458871 0.0551755 0.0632862 0.0693398 0.072822 0.0736343 0.0719965 0.0683298 0.0631648 0.0570554 0.0504991 0.0438882 0.0374985 0.0315 0.0259763 0.020951 0.0164212 0.0123933 0.00890508 0.00601714
 0.00853275 0.0137022 0.0203374 0.0283106 0.0373666 0.0470107 0.0564253 0.0645966 0.0706229 0.0739785 0.0745695 0.0726359 0.0686309 0.0631215 0.0566926 0.0498599 0.0430196 0.0364439 0.030301 0.0246806 0.0196199 0.0151303 0.0112231 0.00792392 0.00526381
 0.00854386 0.0137585 0.0204922 0.0286352 0.0379305 0.0478505 0.0575199 0.0658623 0.0719357 0.0752074 0.0756034 0.0733963 0.0690723 0.0632285 0.0564769 0.0493556 0.0422761 0.0355171 0.0292468 0.0235548 0.0184812 0.0140421 0.0102489 0.00711548 0.00464834
 0.00854578 0.0137588 0.0204905 0.0286377 0.0379591 0.0479507 0.0577584 0.0663076 0.0726237 0.0761108 0.0766253 0.0743959 0.0699089 0.0637993 0.056733 0.0492971 0.0419374 0.0349516 0.0285164 0.0227238 0.0176141 0.0132019 0.0094931 0.00648784 0.00417114
 0.00843708 0.0135801 0.0202185 0.0282517 0.037448 0.0473257 0.0570661 0.0656365 0.0720963 0.0758565 0.0767424 0.0749128 0.0707655 0.0648589 0.0578226 0.0502571 0.0426582 0.0353856 0.0286707 0.0226429 0.0173634 0.0128543 0.00911792 0.0061415 0.00388981
 0.00835782 0.0134585 0.0200484 0.0280298 0.0371723 0.0469933 0.056675 0.0651933 0.0716261 0.0754124 0.0764034 0.0747684 0.0708861 0.0652646 0.0584662 0.0510326 0.0434322 0.0360381 0.029125 0.0228767 0.0174013 0.0127504 0.00893636 0.00594059 0.00371103
 0.00848145 0.0136315 0.0202568 0.0282434 0.0373524 0.0471058 0.0567 0.0651257 0.07147 0.0751758 0.0761019 0.0744335 0.0705703 0.065034 0.0583778 0.0511083 0.0436448 0.0363191 0.0293913 0.0230614 0.0174734 0.0127174 0.00883221 0.0058075 0.00358431
 0.00865496 0.0138771 0.020558 0.0285587 0.0376237 0.0472736 0.0567192 0.0649767 0.0711639 0.0747534 0.0756246 0.0739685 0.0701754 0.06475 0.058229 0.0511035 0.0437739 0.0365486 0.0296669 0.0233217 0.0176695 0.0128272 0.00886232 0.00578352 0.00353629
 0.0087579 0.0140537 0.0208381 0.0289693 0.038174 0.0479365 0.0574194 0.065599 0.0715855 0.0748864 0.0754456 0.0735222 0.0695542 0.0640627 0.0575738 0.050552 0.0433652 0.0362897 0.0295367 0.0232797 0.0176692 0.0128306 0.00884942 0.00575259 0.00349652
 0.00882284 0.0141453 0.0209519 0.0290965 0.0383093 0.0480865 0.0576036 0.0658379 0.0718793 0.0751983 0.0757058 0.0736539 0.0695082 0.06384 0.057224 0.0501511 0.0429883 0.0359893 0.0293344 0.023168 0.017622 0.0128166 0.00884373 0.00574258 0.00348059
 0.00881846 0.0141587 0.0210086 0.0292297 0.0385475 0.0484367 0.0580405 0.0663088 0.0723234 0.0755678 0.0759735 0.0738048 0.0695286 0.0637171 0.0569574 0.0497662 0.0425366 0.035535 0.0289333 0.0228531 0.0173991 0.0126713 0.0087534 0.00568629 0.00344416
 0.00861914 0.0138636 0.0206201 0.0287735 0.0380712 0.0480035 0.0577194 0.0661607 0.0723838 0.0758329 0.0763979 0.0743167 0.0700511 0.0641854 0.0573262 0.0500117 0.0426579 0.0355535 0.0288862 0.0227804 0.0173312 0.0126226 0.00872455 0.00567105 0.00343584
 0.00855224 0.0137345 0.0203901 0.0283989 0.0375204 0.047281 0.0568847 0.0653269 0.0716904 0.0754036 0.0763041 0.0745602 0.0705707 0.0648793 0.0580819 0.050731 0.0432733 0.0360329 0.0292296 0.0230097 0.0174775 0.0127149 0.00878366 0.00570901 0.00345928
 0.00859714 0.013806 0.0204925 0.0285288 0.03766 0.0473927 0.0569133 0.0652159 0.0714104 0.0749779 0.0758127 0.0741147 0.0702718 0.0647804 0.0581759 0.0509629 0.0435676 0.0363207 0.0294657 0.0231772 0.0175817 0.0127725 0.00881261 0.0057229 0.00346597
 0.00841148 0.0135358 0.0201449 0.0281316 0.0372548 0.0470216 0.0566067 0.0649852 0.0712472 0.0748598 0.0757179 0.0740384 0.0702362 0.0648273 0.0583442 0.0512641 0.0439753 0.0367796 0.029913 0.0235636 0.0178821 0.0129855 0.00895189 0.00580764 0.00351421
 0.00832585 0.0133921 0.0199222 0.0278122 0.0368339 0.0465191 0.0560739 0.0644974 0.0708798 0.0746601 0.0756879 0.0741407 0.070418 0.0650473 0.0585874 0.051538 0.0442915 0.0371361 0.0302875 0.0239212 0.0181901 0.0132248 0.00912022 0.00591548 0.00357742
 0.00814647 0.0131218 0.0195541 0.0273522 0.0362963 0.0459214 0.0554371 0.0638524 0.0702757 0.0741639 0.0753706 0.0740541 0.0705733 0.0654108 0.0590957 0.0521231 0.0449001 0.0377338 0.0308513 0.0244304 0.0186247 0.0135704 0.0093735 0.00608541 0.00368141
 0.00810355 0.0130501 0.0194432 0.0271929 0.0360839 0.0456604 0.0551425 0.0635468 0.069981 0.0738949 0.0751371 0.0738686 0.0704568 0.0653884 0.0591837 0.0523186 0.0451806 0.0380664 0.0312024 0.0247712 0.0189322 0.0138278 0.00957177 0.00622484 0.00377034
 0.00795074 0.0128051 0.0190813 0.0266947 0.0354407 0.0448822 0.0542674 0.0626436 0.0691409 0.0732135 0.0746918 0.0737021 0.0705715 0.0657527 0.0597455 0.053018 0.0459575 0.0388639 0.0319693 0.0254652 0.0195235 0.0143005 0.00992451 0.00646864 0.00392519
 0.00798873 0.0128502 0.0191178 0.0266956 0.0353726 0.0447139 0.0539792 0.0622339 0.0686298 0.0726428 0.0741216 0.0732019 0.0702067 0.0655694 0.059761 0.0532197 0.0463098 0.0393177 0.0324713 0.0259653 0.01998 0.0146846 0.0102224 0.00668083 0.00406337
 0.00860907 0.0137233 0.0201805 0.0278026 0.0363345 0.0453608 0.0542128 0.0620434 0.0680733 0.0718161 0.0731339 0.0721619 0.0692146 0.0647094 0.0590938 0.0527762 0.0460894 0.039292 0.032593 0.0261785 0.0202308 0.0149289 0.0104306 0.00683914 0.00417148
 0.00938485 0.0149294 0.0218846 0.0300084 0.0389566 0.0482019 0.0569592 0.0643082 0.0694962 0.0721812 0.0724374 0.0705932 0.0670718 0.0623048 0.0566909 0.0505653 0.0441878 0.0377538 0.0314214 0.0253397 0.0196682 0.0145773 0.0102273 0.00673128 0.00411953
 0.00939705 0.0150548 0.022267 0.0308426 0.0404329 0.0504176 0.0598369 0.067568 0.0727032 0.0748493 0.074152 0.071113 0.0663807 0.0605987 0.0543041 0.0478711 0.041513 0.0353321 0.0293851 0.023735 0.018479 0.0137486 0.00968566 0.00640063 0.00393193
 0.00899856 0.0144615 0.021484 0.0299329 0.0395294 0.0497229 0.0596013 0.0680302 0.0739949 0.0769037 0.0766743 0.0736487 0.0684575 0.0618748 0.0546562 0.0473955 0.0404552 0.0339881 0.0280166 0.0225225 0.0175128 0.0130454 0.00921506 0.00611056 0.00376742
 0.00891909 0.0142943 0.0211648 0.0293863 0.0386982 0.048613 0.0583211 0.066798 0.0730988 0.0766205 0.0771738 0.0749188 0.0702835 0.0638923 0.0564656 0.0486903 0.041106 0.0340489 0.0276644 0.0219704 0.0169392 0.01256 0.00885974 0.00587991 0.00363314
 0.0088327 0.0141543 0.0209521 0.029076 0.038256 0.0479966 0.0574939 0.0657575 0.0719126 0.0754488 0.0762537 0.0744993 0.0705319 0.0648141 0.0578844 0.0503031 0.0425913 0.0351748 0.0283458 0.0222582 0.0169609 0.0124522 0.00872328 0.00576739 0.0035592
 0.00886494 0.0142019 0.0210141 0.0291464 0.0383223 0.0480375 0.057477 0.0656392 0.0716461 0.0750035 0.0756441 0.0738089 0.0699102 0.0644343 0.0578722 0.0506744 0.0432369 0.0359072 0.0289811 0.022685 0.0171634 0.0124855 0.0086667 0.00568663 0.00349083
 0.00904608 0.0144681 0.021362 0.0295538 0.0387536 0.0484525 0.0578369 0.0659076 0.071787 0.0749814 0.0754309 0.0733981 0.0693346 0.0637762 0.0572524 0.0502142 0.0430094 0.035905 0.0291239 0.0228644 0.0172943 0.0125344 0.00864696 0.00563267 0.00343384
 0.00885334 0.0142111 0.0210782 0.02931 0.0386236 0.0484839 0.0580265 0.0662021 0.0721076 0.0752562 0.0756139 0.0734704 0.0692962 0.0636421 0.0570558 0.0500082 0.042856 0.0358505 0.0291765 0.0229906 0.0174392 0.0126506 0.00871335 0.00565458 0.00342944
 0.00876616 0.014064 0.0208505 0.0289886 0.0382172 0.048038 0.0576271 0.0659549 0.0720949 0.0754941 0.0760397 0.0739692 0.0697501 0.0639715 0.0572348 0.050058 0.0428267 0.0357998 0.02915 0.0230076 0.0174914 0.0127142 0.00876583 0.00568537 0.00344057
 0.00881053 0.0141146 0.0208861 0.0289744 0.038112 0.0478088 0.0572662 0.0654926 0.0716025 0.0750706 0.0757823 0.0739364 0.069936 0.0643084 0.0576249 0.0504142 0.0431012 0.0359884 0.0292766 0.0231024 0.0175742 0.0127896 0.00882884 0.00573058 0.00346738
 0.00880603 0.0141226 0.0209248 0.0290652 0.0382683 0.0480205 0.0574902 0.0656606 0.0716462 0.0749547 0.0755251 0.0736063 0.069624 0.06409 0.0575314 0.0504284 0.0431756 0.0360745 0.0293454 0.0231479 0.017604 0.0128126 0.00884909 0.00574739 0.00347912
 0.00878598 0.0140837 0.0208562 0.028957 0.0381184 0.047843 0.0573171 0.0655317 0.0715892 0.0749672 0.0755741 0.0736488 0.0696339 0.0640741 0.0575219 0.0504592 0.0432608 0.0362025 0.0294891 0.0232817 0.0177131 0.0128943 0.00890683 0.00578632 0.00350375
 0.00881954 0.0141421 0.0209499 0.0290954 0.0383043 0.0480662 0.057552 0.0657431 0.0717448 0.0750499 0.0755839 0.0735938 0.0695217 0.06391 0.0573167 0.0502354 0.0430488 0.0360288 0.029366 0.0232053 0.0176708 0.0128726 0.00889618 0.00578132 0.00350162
 0.00864913 0.0138832 0.0205953 0.0286528 0.0377977 0.0475341 0.0570449 0.0653171 0.0714506 0.0749197 0.075624 0.0737869 0.0698338 0.0642989 0.0577386 0.0506515 0.0434319 0.0363658 0.0296548 0.0234484 0.01787 0.0130288 0.00901122 0.00585989 0.00355097
 0.0086612 0.01389 0.0205819 0.0285987 0.0376824 0.0473479 0.0567966 0.0650354 0.0711765 0.074694 0.0754769 0.0737322 0.069869 0.0644093 0.0579022 0.0508443 0.0436319 0.036556 0.0298249 0.023594 0.0179906 0.0131248 0.00908388 0.00591124 0.00358436
 0.00865869 0.0138847 0.0205711 0.0285766 0.0376395 0.0472702 0.0566684 0.0648456 0.0709276 0.0744087 0.0751965 0.0735053 0.0697359 0.0643892 0.05799 0.051016 0.0438542 0.0367962 0.0300566 0.0237997 0.0181613 0.0132584 0.00918237 0.0059792 0.00362786
 0.00865191 0.0138922 0.0206157 0.0286893 0.0378486 0.0475852 0.0570672 0.0652721 0.0713048 0.0746614 0.0752742 0.0733971 0.069472 0.0640298 0.057605 0.0506645 0.0435719 0.0365935 0.0299255 0.0237235 0.0181224 0.013242 0.00917828 0.00598075 0.00363115
 0.00855126 0.0137314 0.0203809 0.0283749 0.0374645 0.0471649 0.0566697 0.0649713 0.0711648 0.0747095 0.0754869 0.0737102 0.0698084 0.0643284 0.0578377 0.050835 0.0437026 0.0367082 0.0300386 0.0238372 0.0182306 0.0133367 0.00925377 0.00603552 0.00366732
 0.00871863 0.0139737 0.0206896 0.0287213 0.0378057 0.0474554 0.0568732 0.0650693 0.0711607 0.074627 0.0753615 0.0735741 0.0696762 0.0641943 0.0576852 0.0506526 0.0434943 0.0364931 0.0298413 0.0236766 0.0181143 0.0132615 0.00921027 0.00601306 0.00365705
 0.0090244 0.014457 0.0213887 0.0296555 0.0389634 0.04878 0.0582533 0.0663472 0.0721659 0.0752236 0.0754866 0.0732476 0.0689838 0.0632541 0.056615 0.0495496 0.0424294 0.0355157 0.0289857 0.0229648 0.0175549 0.0128487 0.00892574 0.00583068 0.00354881
 0.00915603 0.0146817 0.0217469 0.0301911 0.0397141 0.0497596 0.059433 0.0676447 0.0734504 0.0763371 0.0762767 0.0736032 0.0688626 0.0626921 0.0557122 0.0484391 0.0412436 0.0343629 0.0279419 0.0220757 0.016841 0.0123098 0.00854542 0.00558127 0.00339776
 0.00908408 0.0145889 0.0216532 0.0301345 0.0397453 0.0499323 0.0597906 0.0682078 0.0742055 0.0772284 0.0772059 0.0744432 0.0694851 0.0630004 0.0556675 0.0480686 0.0406278 0.0336094 0.0271571 0.0213445 0.016218 0.01182 0.00818926 0.00534226 0.00325033
 0.00927478 0.0148731 0.0220339 0.0305999 0.0402755 0.0505091 0.0604027 0.0688475 0.07486 0.0778713 0.0777933 0.0749171 0.0697822 0.0630649 0.0554653 0.0475989 0.0399295 0.0327566 0.0262437 0.0204635 0.0154429 0.0111941 0.00772414 0.00502452 0.00305133
 0.00908273 0.0145586 0.0215577 0.0299278 0.039391 0.0494308 0.0592026 0.0676558 0.0738477 0.077213 0.0776215 0.0752837 0.0706397 0.0642745 0.0568325 0.0489239 0.0410544 0.0335941 0.0267811 0.0207453 0.0155431 0.0111891 0.00767453 0.00496837 0.00300643
 0.00917281 0.0146777 0.0216849 0.0300227 0.0393997 0.0492988 0.0588898 0.0671507 0.073179 0.0764553 0.0768904 0.0747137 0.0703482 0.0643241 0.0572076 0.0495344 0.0417654 0.0342693 0.0273215 0.0211086 0.0157395 0.0112613 0.00767423 0.00493811 0.00297263
 0.0095281 0.0152227 0.0224419 0.0309841 0.040522 0.050499 0.060044 0.0681047 0.0737777 0.0765858 0.0765196 0.0739039 0.0692433 0.0631121 0.0560707 0.0486026 0.0410903 0.0338277 0.0270444 0.0209197 0.0155841 0.0111164 0.00754055 0.00482573 0.00288891
 0.00945754 0.0151134 0.0222884 0.0307871 0.0402912 0.0502545 0.0598159 0.0679268 0.0736761 0.076566 0.0765617 0.0739707 0.0692989 0.0631415 0.0560882 0.0486437 0.0411907 0.034001 0.0272729 0.0211629 0.0157989 0.011275 0.00763777 0.00487344 0.00290563
 0.00959603 0.0153079 0.0225243 0.0310313 0.040501 0.0503928 0.0598635 0.067887 0.0735696 0.0764216 0.0764058 0.0738192 0.0691544 0.0629976 0.0559396 0.0484959 0.041062 0.0339145 0.0272423 0.0211841 0.0158518 0.0113344 0.00768489 0.00490145 0.00291725
 0.00953712 0.0152181 0.0223992 0.0308686 0.0402978 0.0501435 0.0595623 0.0675352 0.0731854 0.076046 0.0760968 0.0736345 0.0691303 0.0631346 0.0562043 0.0488362 0.0414272 0.0342686 0.0275669 0.0214712 0.0160965 0.0115317 0.00783168 0.0050002 0.00297639
 0.00920334 0.0147511 0.0218362 0.0302906 0.0398057 0.0498194 0.059438 0.0675852 0.0733453 0.0762415 0.0762715 0.0737653 0.0692283 0.0632324 0.0563359 0.04902 0.0416592 0.0345284 0.0278292 0.0217151 0.0163082 0.0117039 0.00796205 0.00509081 0.0030334
#obs surv len freq
 nan nan nan nan nan nan nan nan nan nan nan nan nan nan nan nan nan nan nan nan nan nan nan nan nan
 0.00448621 0.00734814 0.0111785 0.0159948 0.0216948 0.0279693 0.0342822 0.0400123 0.0446912 0.0481547 0.0505126 0.0520087 0.0529012 0.0534139 0.0537285 0.0539836 0.0542623 0.0545552 0.054694 0.0542859 0.052724 0.0493562 0.043806 0.036286 0.0276697
 0.0046207 0.00756921 0.0115153 0.0164747 0.0223366 0.0287725 0.0352168 0.0410166 0.0456804 0.0490385 0.0512126 0.0524697 0.0530963 0.0533438 0.0534167 0.0534686 0.0535884 0.0537658 0.0538286 0.053382 0.051821 0.048498 0.0430382 0.0356474 0.0271816
 0.00477373 0.00782113 0.0119004 0.0170273 0.0230845 0.0297263 0.0363583 0.0422928 0.0470078 0.0503159 0.0523361 0.0533459 0.0536535 0.0535398 0.0532426 0.0529466 0.0527644 0.0526998 0.0525876 0.0520366 0.0504465 0.0471748 0.0418461 0.0346522 0.0264196
 0.00497101 0.00814112 0.0123808 0.0177031 0.0239821 0.0308539 0.037695 0.0437838 0.0485699 0.05185 0.0537394 0.0545205 0.0545114 0.0540098 0.0532774 0.05253 0.0519139 0.0514648 0.0510444 0.0502837 0.0486 0.0453627 0.0401945 0.033264 0.0253527
 0.00518152 0.00848781 0.0129107 0.0184624 0.0250067 0.0321545 0.0392429 0.0455068 0.0503643 0.0536013 0.0553403 0.0558781 0.0555464 0.0546535 0.0534724 0.0522349 0.0511124 0.0501745 0.0493243 0.0482367 0.0463702 0.0431224 0.0381205 0.0315034 0.0239913
 0.00539813 0.00884398 0.0134545 0.0192419 0.0260615 0.0335018 0.0408624 0.0473336 0.0522961 0.0555167 0.0571176 0.0574085 0.0567402 0.0554394 0.0537946 0.0520494 0.0503895 0.0489087 0.0475492 0.0460407 0.0439029 0.0405838 0.0357287 0.0294478 0.0223885
 0.00565614 0.00926024 0.0140753 0.0201089 0.0272051 0.0349302 0.0425494 0.0492136 0.054271 0.0574726 0.0589403 0.0589936 0.0579967 0.0562915 0.0541809 0.0519215 0.0497118 0.0476643 0.0457552 0.0437689 0.0412959 0.037851 0.0331138 0.0271733 0.0205988
 0.00589002 0.00965076 0.0146816 0.0209914 0.0284115 0.0364747 0.0443937 0.0512628 0.0563928 0.0595268 0.0608045 0.0605726 0.0592192 0.0571018 0.0545318 0.0517711 0.0490237 0.0464149 0.0439497 0.0414647 0.0386237 0.0350179 0.0303732 0.0247659 0.0186891
 0.00614128 0.0100567 0.0152886 0.021843 0.0295427 0.0379016 0.0460994 0.0531886 0.0584392 0.0615673 0.0627047 0.062209 0.0604929 0.0579442 0.0548996 0.0516359 0.0483631 0.0452125 0.0422086 0.0392323 0.036017 0.0322316 0.027655 0.0223591 0.0167662
 0.00637068 0.0104381 0.0158777 0.0226956 0.030702 0.039379 0.0478575 0.0551386 0.0604586 0.0635274 0.0644915 0.0637289 0.0616703 0.0587173 0.0552209 0.0514715 0.0476913 0.044023 0.0405097 0.0370702 0.0334993 0.0295386 0.02502 0.0200164 0.0148861
 0.00661168 0.0108296 0.016467 0.0235273 0.031811 0.040778 0.0495222 0.0569998 0.0624084 0.0654367 0.0662319 0.0651907 0.0627718 0.0594056 0.0554648 0.0512532 0.0469989 0.0428518 0.0388709 0.0350086 0.031115 0.0269969 0.0225353 0.0178052 0.0131079
 0.00685343 0.0112272 0.0170733 0.0243931 0.0329732 0.0422424 0.0512472 0.0588932 0.0643436 0.0672798 0.0678639 0.0665183 0.0637278 0.0599464 0.0555674 0.05091 0.0462124 0.041631 0.0372368 0.0330087 0.0288427 0.0246018 0.0202099 0.0157436 0.0114528
 0.00702435 0.0115132 0.017519 0.0250457 0.0338739 0.0434112 0.0526674 0.0605041 0.0660467 0.0689568 0.0693962 0.0678024 0.0646845 0.0605235 0.0557369 0.0506626 0.0455517 0.04057 0.0358014 0.0312482 0.0268447 0.0225 0.0181725 0.0139389 0.0100041
 0.00726841 0.0119054 0.0181006 0.0258518 0.0349264 0.0447084 0.0541728 0.0621423 0.0677128 0.0705349 0.0707783 0.0688999 0.0654337 0.0608864 0.0556998 0.0502306 0.0447425 0.0394101 0.0343269 0.0295135 0.024934 0.0205334 0.0162962 0.0122956 0.00869535
 0.00744853 0.0122065 0.0185684 0.0265324 0.0358547 0.0458909 0.0555719 0.063674 0.0692625 0.0719835 0.072024 0.0698683 0.0660766 0.0611778 0.0556308 0.0498071 0.0439818 0.0383393 0.0329846 0.0279548 0.0232381 0.0188074 0.014665 0.010878 0.00757305
 0.00754113 0.0123573 0.0187969 0.0268597 0.036303 0.0464803 0.0563137 0.0645629 0.0702694 0.073053 0.0730794 0.0708233 0.06685 0.0617055 0.0558716 0.0497412 0.0436079 0.0376717 0.032053 0.0268081 0.0219483 0.0174692 0.0133868 0.00976066 0.00668577
 0.00757877 0.0124183 0.0188889 0.0269905 0.0364809 0.0467139 0.0566118 0.0649339 0.0707206 0.0735875 0.0736899 0.071484 0.0675136 0.0623068 0.0563396 0.0500126 0.0436384 0.0374412 0.0315675 0.0261002 0.0210771 0.0165171 0.0124484 0.00892456 0.00601394
 0.00765703 0.0125314 0.019033 0.0271538 0.0366479 0.046872 0.0567572 0.0650731 0.0708682 0.0737624 0.0739102 0.071762 0.0678488 0.0626799 0.0567103 0.0503244 0.0438301 0.0374612 0.0313869 0.0257205 0.0205331 0.0158717 0.0117808 0.00831181 0.00551235
 0.0077247 0.0126405 0.0191946 0.0273748 0.0369263 0.0471923 0.0570878 0.0653719 0.0710964 0.0739005 0.0739664 0.0717679 0.0678447 0.0626989 0.056765 0.0504021 0.0438954 0.0374667 0.0312882 0.0254922 0.020179 0.0154269 0.0113017 0.00785969 0.00513527
 0.00777895 0.012721 0.0193017 0.0275048 0.0370736 0.0473523 0.0572573 0.0655468 0.0712677 0.0740524 0.074081 0.0718333 0.067863 0.0626865 0.0567455 0.0503934 0.0438984 0.0374626 0.0312453 0.0253799 0.0199829 0.0151572 0.0109914 0.00755266 0.00487035
 0.00782396 0.0127928 0.0194067 0.0276466 0.0372512 0.0475572 0.0574732 0.0657516 0.0714402 0.0741789 0.074157 0.0718615 0.0678489 0.0626374 0.0566712 0.0503065 0.0438103 0.0373767 0.0311533 0.0252655 0.0198314 0.0149661 0.0107749 0.00733639 0.00468074
 0.00787768 0.0128719 0.0195105 0.0277698 0.0373856 0.047695 0.0576086 0.0658805 0.0715575 0.0742775 0.0742289 0.0719004 0.0678526 0.0626082 0.0566151 0.0502313 0.043724 0.037285 0.0310574 0.0251611 0.0197118 0.0148285 0.0106247 0.0071874 0.00454906
 0.00787895 0.0128792 0.019531 0.027812 0.0374563 0.0477946 0.057728 0.0660032 0.0716658 0.0743599 0.0742831 0.0719303 0.0678638 0.0626041 0.0565966 0.0501985 0.0436782 0.0372283 0.0309916 0.0250863 0.0196269 0.0147332 0.0105229 0.00708703 0.00445998
 0.00786989 0.0128587 0.0194901 0.027741 0.0373493 0.0476559 0.0575757 0.0658659 0.0715729 0.0743295 0.0743168 0.072016 0.0679832 0.0627393 0.0567334 0.0503261 0.0437885 0.0373159 0.0310532 0.0251207 0.0196348 0.0147174 0.0104887 0.00704262 0.00441446
 0.00788946 0.0128836 0.0195143 0.0277539 0.037337 0.0476057 0.0574805 0.0657284 0.0714081 0.0741634 0.0741801 0.0719351 0.0679712 0.062793 0.0568365 0.0504568 0.0439257 0.0374431 0.0311593 0.0251997 0.0196847 0.01474 0.0104891 0.00702815 0.00439326
 0.007896 0.0128923 0.0195238 0.0277606 0.0373355 0.0475885 0.0574394 0.0656562 0.0713019 0.0740281 0.0740309 0.0717952 0.0678666 0.0627447 0.056853 0.0505322 0.0440426 0.037579 0.031293 0.0253152 0.0197731 0.0147988 0.0105212 0.00703984 0.0043923
 0.00790915 0.0129111 0.019547 0.0277853 0.0373576 0.0476031 0.0574419 0.0656422 0.0712673 0.07397 0.0739492 0.071695 0.0677597 0.0626481 0.0567853 0.0505071 0.0440638 0.0376393 0.0313769 0.0254048 0.0198531 0.0148602 0.0105612 0.00706122 0.0044004
 0.00791137 0.0129136 0.0195487 0.0277843 0.0373515 0.0475898 0.05742 0.0656116 0.0712289 0.0739255 0.0739004 0.0716436 0.0677077 0.0625993 0.0567461 0.0504859 0.0440684 0.0376729 0.0314357 0.0254785 0.0199286 0.0149259 0.0106107 0.00709322 0.00441792
 0.00788139 0.0128666 0.0194814 0.0276953 0.0372417 0.0474634 0.0572851 0.0654799 0.0711137 0.0738388 0.0738495 0.0716307 0.0677294 0.0626489 0.0568159 0.0505697 0.0441629 0.0377764 0.031546 0.0255908 0.0200354 0.0150188 0.0106837 0.00714459 0.00444999
 0.00784697 0.0128073 0.0193862 0.0275531 0.037045 0.0472138 0.0569978 0.0651834 0.0708437 0.0736288 0.0737226 0.0715958 0.0677826 0.0627761 0.0569973 0.0507841 0.0443912 0.0380039 0.0317624 0.0257886 0.0202084 0.0151621 0.0107944 0.00722334 0.00450092
 0.00782621 0.0127708 0.0193262 0.02746 0.0369095 0.0470297 0.0567658 0.0649141 0.0705582 0.0733562 0.0734957 0.071444 0.067725 0.0628175 0.0571278 0.0509833 0.0446334 0.0382638 0.0320187 0.0260252 0.0204145 0.0153315 0.0109248 0.00731631 0.00456179
 0.00781225 0.0127469 0.0192879 0.0274019 0.0368259 0.046916 0.0566199 0.0647377 0.0703578 0.0731436 0.073288 0.0712628 0.0675936 0.0627559 0.0571475 0.0510833 0.0448008 0.0384768 0.032252 0.0262556 0.0206235 0.0155071 0.0110616 0.0074148 0.00462687
 0.00777505 0.0126879 0.0192018 0.0272851 0.0366773 0.0467381 0.0564199 0.0645277 0.0701523 0.0729566 0.073131 0.0711444 0.0675213 0.0627369 0.0571884 0.0511876 0.0449652 0.0386897 0.0324942 0.0265039 0.0208561 0.015707 0.0112197 0.00752968 0.00470323
 0.0077447 0.0126361 0.0191195 0.0271631 0.0365089 0.0465231 0.0561683 0.0642594 0.0698935 0.0727325 0.0729606 0.0710378 0.0674808 0.0627598 0.05727 0.0513227 0.0451479 0.0389114 0.0327418 0.0267595 0.0210998 0.015921 0.0113923 0.00765696 0.00478882
 0.00934471 0.0148752 0.0218207 0.0299378 0.0388695 0.0480633 0.0567056 0.0638631 0.0688031 0.0712375 0.0713103 0.0694063 0.0659711 0.0614234 0.0561257 0.0503709 0.0443799 0.0383138 0.0322979 0.0264487 0.0208975 0.0158007 0.0113282 0.0076274 0.00477776
 0.00932434 0.01514 0.0227442 0.0319835 0.0423893 0.0530244 0.0625176 0.069474 0.0730724 0.0733857 0.0711763 0.0673898 0.0627568 0.057688 0.0523693 0.0468883 0.04131 0.0357034 0.030147 0.0247343 0.0195826 0.0148371 0.010659 0.00719062 0.00451206
 0.00897884 0.0145964 0.0219817 0.0310525 0.0414656 0.0524459 0.062744 0.0709227 0.0758691 0.0771784 0.0751784 0.0706788 0.0646588 0.0580117 0.0513758 0.0450747 0.0391745 0.0336092 0.0282983 0.0232141 0.0184013 0.0139672 0.0100539 0.0067958 0.00427227
 0.00880626 0.0143025 0.0215157 0.0303625 0.0405184 0.0512629 0.061445 0.069754 0.0751818 0.0773306 0.0763765 0.072829 0.067335 0.0605942 0.0533018 0.0460525 0.0392412 0.0330301 0.0274035 0.0222733 0.0175765 0.0133243 0.00959646 0.00649565 0.00409048
 0.00870397 0.0141357 0.0212627 0.0299999 0.0400225 0.0506146 0.060641 0.0688251 0.0742142 0.0764815 0.0758631 0.0728739 0.0680675 0.0619561 0.0550244 0.0477438 0.0405452 0.0337626 0.027588 0.0220756 0.0171991 0.012927 0.00926728 0.0062619 0.00394331
 0.00870878 0.0141332 0.0212392 0.0299355 0.0398937 0.0504003 0.0603277 0.0684093 0.0737047 0.0759056 0.0752791 0.0723815 0.0678004 0.062041 0.0555161 0.0485732 0.0415241 0.034656 0.0282142 0.0223721 0.0172194 0.0127847 0.00907337 0.00608825 0.0038185
 0.00870318 0.0141281 0.0212382 0.029942 0.0399078 0.0504133 0.0603201 0.0683533 0.0735723 0.0756797 0.0749629 0.0720048 0.0674223 0.0617457 0.0553938 0.048685 0.0418648 0.0351423 0.0287141 0.0227632 0.017439 0.0128427 0.00902636 0.00600043 0.00373485
 0.00869604 0.0141165 0.0212211 0.0299194 0.039881 0.050386 0.0602969 0.0683366 0.0735579 0.0756539 0.0749052 0.071897 0.0672607 0.0615509 0.0552118 0.0485751 0.0418756 0.0352855 0.0289533 0.0230277 0.0176575 0.0129746 0.00907216 0.00598838 0.00369895
 0.00867512 0.0140854 0.0211797 0.0298693 0.0398255 0.0503289 0.0602423 0.0682891 0.0735218 0.0756315 0.0748947 0.07189 0.0672445 0.0615148 0.0551562 0.0485167 0.0418442 0.0353095 0.0290429 0.0231656 0.0178069 0.0130979 0.00914863 0.00601929 0.00369966
 0.00865788 0.0140569 0.0211363 0.0298078 0.0397449 0.050232 0.0601369 0.0681873 0.073437 0.0755745 0.0748701 0.071896 0.0672731 0.0615546 0.0551957 0.0485502 0.0418748 0.0353489 0.0291034 0.0232509 0.0179071 0.0131942 0.00922371 0.00606551 0.0037204
 0.00864957 0.0140414 0.0211091 0.0297639 0.0396794 0.0501428 0.0600268 0.0680647 0.0733149 0.0754681 0.0747931 0.0718575 0.0672755 0.0615931 0.0552601 0.0486281 0.0419565 0.0354301 0.0291851 0.0233354 0.0179934 0.0132759 0.00929193 0.00611429 0.00374938
 0.00865536 0.0140509 0.0211236 0.0297836 0.039703 0.0501662 0.0600427 0.0680642 0.0732905 0.0754174 0.074721 0.0717752 0.0671973 0.0615316 0.0552228 0.0486161 0.041966 0.0354552 0.0292207 0.0233783 0.0180405 0.0133234 0.00933471 0.00614787 0.00377188
 0.00863966 0.0140288 0.0210966 0.0297555 0.0396787 0.0501502 0.0600373 0.0680686 0.0733006 0.0754266 0.0747224 0.0717642 0.067174 0.0615011 0.0551936 0.0485966 0.0419614 0.0354665 0.0292455 0.0234123 0.0180792 0.0133624 0.00936996 0.00617627 0.00379201
 0.00863741 0.0140218 0.02108 0.0297236 0.0396273 0.0500797 0.0599552 0.0679882 0.0732369 0.0753902 0.0747157 0.0717817 0.0672055 0.0615365 0.0552268 0.0486264 0.0419902 0.0354979 0.0292814 0.0234524 0.0181211 0.0134026 0.00940526 0.00620435 0.00381206
 0.00860724 0.0139792 0.0210278 0.0296676 0.039574 0.050033 0.0599143 0.0679492 0.0731966 0.0753504 0.0746834 0.0717656 0.0672115 0.0615643 0.0552705 0.0486779 0.0420431 0.0355487 0.0293297 0.0234984 0.0181645 0.0134421 0.00943903 0.00623094 0.00383108
 0.00860724 0.0139792 0.0210278 0.0296676 0.039574 0.050033 0.0599143 0.0679492 0.0731966 0.0753504 0.0746834 0.0717656 0.0672115 0.0615643 0.0552705 0.0486779 0.0420431 0.0355487 0.0293297 0.0234984 0.0181645 0.0134421 0.00943903 0.00623094 0.00383108
 0.00865189 0.014044 0.0211111 0.0297633 0.0396738 0.0501292 0.0600016 0.068024 0.0732541 0.0753831 0.0746835 0.0717288 0.0671405 0.0614695 0.0551656 0.0485756 0.0419518 0.0354723 0.0292693 0.0234539 0.0181348 0.013425 0.00943148 0.00622941 0.00383246
 0.00874435 0.0141965 0.0213431 0.0300909 0.040102 0.0506424 0.0605571 0.0685555 0.0736888 0.0756627 0.0747791 0.0716431 0.0669003 0.0611145 0.0547405 0.0481237 0.04151 0.0350686 0.0289211 0.0231691 0.017914 0.0132633 0.00932037 0.00615834 0.00379047
 0.00870296 0.0141425 0.0212873 0.0300533 0.0401085 0.0507183 0.0607192 0.0688049 0.0740068 0.0760114 0.0751075 0.0719002 0.0670483 0.0611384 0.054649 0.0479428 0.0412743 0.034813 0.0286745 0.022952 0.0177372 0.0131296 0.00922655 0.00609743 0.00375409
 0.00879137 0.0142723 0.0214572 0.0302541 0.0403276 0.0509454 0.0609503 0.0690412 0.0742488 0.0762524 0.07533 0.0720765 0.0671472 0.0611345 0.0545315 0.04772 0.0409719 0.0344671 0.0283234 0.0226279 0.0174623 0.0129141 0.00907026 0.00599282 0.0036897
 0.00904849 0.014688 0.0220754 0.0311063 0.0414168 0.0522271 0.0623193 0.0703416 0.0753124 0.0769476 0.0755969 0.0719293 0.0666522 0.0603797 0.0536043 0.0466978 0.0399211 0.0334453 0.0273801 0.0218021 0.0167795 0.0123835 0.00868486 0.00573276 0.00352769
 0.00915217 0.0148753 0.0223917 0.0316046 0.0421441 0.0532022 0.0635108 0.071659 0.0766161 0.0780778 0.0764081 0.0723233 0.0665966 0.0599104 0.0528083 0.0456864 0.038805 0.0323194 0.0263187 0.0208593 0.0159896 0.0117617 0.00822756 0.00542059 0.0033312
 0.00910604 0.0148086 0.0223089 0.0315205 0.0420877 0.0532173 0.0636523 0.0719793 0.0771438 0.0787948 0.0772397 0.0731499 0.0672848 0.0603505 0.0529426 0.0455188 0.0383904 0.0317419 0.025668 0.0202141 0.0154087 0.011281 0.00786096 0.00516338 0.00316586
 0.00922367 0.0149808 0.0225327 0.031781 0.0423623 0.0534842 0.063898 0.0722036 0.0773595 0.0790233 0.0775003 0.0734442 0.0675861 0.0606038 0.0530809 0.0454876 0.038169 0.0313512 0.0251622 0.0196633 0.0148794 0.0108226 0.00749991 0.00490409 0.00299622
 0.0088918 0.0144644 0.0218005 0.0308246 0.0412036 0.0521835 0.0625604 0.0709738 0.0763989 0.0784731 0.0774474 0.0739025 0.068495 0.0618407 0.0544837 0.0468855 0.0394153 0.0323491 0.0258762 0.0201127 0.0151194 0.010921 0.00751819 0.00488736 0.00297139
 0.00900765 0.0145997 0.0219063 0.0308236 0.0410111 0.0517418 0.0618686 0.0700953 0.0754456 0.0775767 0.0767321 0.0734662 0.0683957 0.0620869 0.0550307 0.0476408 0.0402578 0.0331569 0.0265548 0.0206131 0.0154395 0.0110932 0.0075897 0.00490288 0.0029634
 0.0091136 0.014781 0.0221916 0.0312337 0.0415406 0.0523374 0.0624201 0.0704568 0.0754866 0.0772399 0.0760639 0.0726012 0.0675085 0.0613372 0.0545243 0.0474142 0.0402816 0.0333549 0.0268318 0.0208838 0.0156492 0.0112234 0.00765052 0.00491796 0.00295638
 0.00890687 0.0144693 0.0217704 0.0307203 0.0409764 0.0517843 0.0619512 0.0701375 0.0753486 0.0772625 0.0761801 0.0727322 0.067606 0.061407 0.0546166 0.0475895 0.0405763 0.0337621 0.0273053 0.0213577 0.0160634 0.0115416 0.00786583 0.00504604 0.00302299
 0.00891161 0.0144497 0.0216915 0.0305365 0.0406472 0.0512985 0.0613459 0.0694979 0.0747841 0.0768689 0.0760069 0.0727689 0.0677943 0.0616717 0.0548995 0.0478696 0.0408644 0.0340786 0.0276562 0.0217247 0.0164114 0.0118359 0.00808624 0.00519189 0.00310809
 0.00878839 0.0142623 0.0214322 0.0302035 0.0402403 0.0508162 0.0607871 0.068873 0.074129 0.076252 0.0755191 0.0724971 0.0677885 0.0619248 0.0553534 0.0484411 0.0414774 0.0346823 0.0282242 0.0222424 0.0168647 0.0122098 0.00837098 0.00538907 0.00323099
 0.00885822 0.0143601 0.0215504 0.0303248 0.040342 0.0508761 0.0607879 0.0688012 0.0739726 0.0760028 0.0751815 0.0720995 0.0673861 0.0615873 0.0551398 0.0483784 0.0415548 0.0348633 0.0284652 0.0225054 0.0171207 0.0124377 0.00855652 0.00552597 0.0033217
#pred catch len freq
 0.00337032 0.0054303 0.00811685 0.011452 0.015469 0.0201741 0.0254822 0.0311925 0.0370248 0.0426779 0.0478783 0.0524179 0.0561804 0.0591358 0.0613014 0.0626929 0.063295 0.0630526 0.0618628 0.0595542 0.0558844 0.0506131 0.0436835 0.0354279 0.0266297
