SBPRF35
7.78865
Curr Bio
600663
B35
703191
F35
0.227373
FOFL
0.192832
OFL
87673.5
Bzero
2.22533e+06
#pred survey bio
 4.50956e+06 4.24313e+06 3.99849e+06 3.71785e+06 3.39999e+06 3.08347e+06 2.75859e+06 2.41983e+06 2.13453e+06 1.89492e+06 1.69021e+06 1.49103e+06 1.31822e+06 1.14927e+06 1.01584e+06 914794 804325 744597 695012 666344 640623 622268 592269 570843 564166 552962 549699 555637 556480 547673 551969 563039 549951 532561 529361 522828 517869 509645 505487 506441 518325 529222 541864 552440 556854 563996 569854 572105 586619 596484 606278 625452 608691 577723 597731 2.09468e+07 1.32183e+07 1.38718e+07 1.45437e+07 1.51748e+07 1.57183e+07 1.616e+07 1.65052e+07 1.67679e+07 1.69644e+07 1.71101e+07 1.72175e+07 1.72967e+07 1.73551e+07 1.73984e+07 1.74306e+07 1.74547e+07 1.74728e+07 1.74865e+07 1.74968e+07 1.75047e+07 1.75107e+07 1.75153e+07 1.75188e+07 1.75215e+07 1.75236e+07 1.75252e+07 1.75264e+07 1.75274e+07 1.75281e+07 1.75287e+07 1.75291e+07 1.75294e+07 1.75297e+07 1.75299e+07 1.75301e+07 1.75302e+07 1.75303e+07 1.75304e+07 1.75304e+07 1.75305e+07 1.75305e+07 1.75305e+07 1.75305e+07 1.75306e+07 1.75306e+07 1.75306e+07 1.75306e+07 1.75306e+07 1.75306e+07 1.75306e+07 1.75306e+07 1.75306e+07 1.75306e+07 1.75306e+07 1.75306e+07 1.75306e+07 1.75306e+07 1.75306e+07 1.75306e+07 1.75306e+07 1.75306e+07 1.75306e+07 1.75306e+07 1.75306e+07 1.75306e+07 1.75306e+07 1.75306e+07 1.75306e+07 1.75306e+07 1.75306e+07 1.75306e+07 1.75306e+07 1.75306e+07 1.75306e+07 1.75306e+07 1.75306e+07 1.75306e+07 1.75306e+07 1.75306e+07 1.75306e+07 1.75306e+07 1.75306e+07 1.75306e+07 1.75306e+07 1.75306e+07 1.75306e+07 1.75306e+07 1.75306e+07 1.75306e+07 1.75306e+07 1.75306e+07 1.75306e+07 1.75306e+07 1.75306e+07 1.75306e+07 1.75306e+07 1.75306e+07 1.75306e+07 1.75306e+07 0 0 0 0 0 0 0 0 0 0 0 0 0 0 0 0 0 0 0 0 0 0 0 0 0
#obs survey bio
 3.82285e+06 3.48159e+06 3.02452e+06 3.05108e+06 2.9237e+06 3.83884e+06 3.06417e+06 1.57312e+06 1.42376e+06 1.95774e+06 1.50109e+06 1.1969e+06 989269 792133 871919 939715 973859 729612 635848 716393 635330 533495 495874 437360 571318 486275 418102 740707 377133 507977 472705 419963 514727 483227 526099 518606 558046 666113 720090 408548 580651 618509 399764 551421 494964 620808 497005 645318 534573 410245 843288 835225 589745 505844 505460
#pred catch bio
 94027.1 90953.8 147559 209605 238984 277859 321513 301729 284685 272657 282201 269186 272266 244042 216015 220954 173069 161058 140084 134848 126138 132872 122046 107273 109510 101965 94469.4 98899 106432 94507.3 88177.3 106755 106863 91192.7 90479.2 87461 92191.1 91587.8 88866.8 80953.9 82957.2 82467.1 85195.6 90983.6 89426.4 91766.1 96238.4 87845.8 94280.1 96251.8 89705 121121 135018 98084.8 120728 87673.5 106604 111124 115651 119950 123588 126430 128534 130032 131068 131768 132233 132537 132734 132860 132941 132992 133024 133044 133056 133064 133069 133072 133074 133075 133076 133076 133077 133077 133077 133077 133077 133077 133077 133077 133077 133077 133077 133077 133077 133077 133077 133077 133077 133077 133077 133077 133077 133077 133077 133077 133077 133077 133077 133077 133077 133077 133077 133077 133077 133077 133077 133077 133077 133077 133077 133077 133077 133077 133077 133077 133077 133077 133077 133077 133077 133077 133077 133077 133077 133077 133077 133077 133077 133077 133077 133077 133077 133077 133077 133077 133077 133077 133077 133077 133077 133077 133077 133077 133077 0 0 0 0 0 0 0 0 0 0 0 0 0 0 0 0 0 0 0 0 0 0 0 0 0
#obs catch bio
 0 90711.9 148193 211231 240719 280326 325570 306743 289877 277106 288127 273757 278813 249913 220491 225717 174626 163057 141627 135849 127174 134658 123200 108058 110303 102580 95402.9 99630.3 107811 95531.9 88675.8 107939 108010 91970.3 91104.6 87711.9 92277.2 91454.7 88084.3 80588.2 82599.1 81989.6 84974.2 90391.5 88891.3 91147.6 95969.2 87429.6 94118.2 96568.6 89188.3 119946 134909 97118.6 120917
#pred cpue bio
 4.43366e+06 4.1697e+06 3.92678e+06 3.64726e+06 3.3315e+06 3.01705e+06 2.69436e+06 2.35804e+06 2.07465e+06 1.83679e+06 1.63388e+06 1.43699e+06 1.26634e+06 1.1e+06 969008 870347 763127 705364 657532 630080 605473 587940 559287 538928 532761 522103 518866 524569 525492 517032 521437 532623 520445 504163 501875 496379 491363 482054 477139 478011 489605 500261 512505 522718 526957 533710 539111 540945 554654 563831 573144 591850 575159 543519 560797 1.96246e+07 1.24093e+07 1.30361e+07 1.3675e+07 1.42935e+07 1.48341e+07 1.52753e+07 1.56204e+07 1.58831e+07 1.60797e+07 1.62253e+07 1.63327e+07 1.64119e+07 1.64703e+07 1.65136e+07 1.65458e+07 1.65699e+07 1.6588e+07 1.66017e+07 1.6612e+07 1.66199e+07 1.66259e+07 1.66305e+07 1.6634e+07 1.66367e+07 1.66388e+07 1.66404e+07 1.66416e+07 1.66426e+07 1.66433e+07 1.66439e+07 1.66443e+07 1.66447e+07 1.66449e+07 1.66451e+07 1.66453e+07 1.66454e+07 1.66455e+07 1.66456e+07 1.66456e+07 1.66457e+07 1.66457e+07 1.66457e+07 1.66457e+07 1.66458e+07 1.66458e+07 1.66458e+07 1.66458e+07 1.66458e+07 1.66458e+07 1.66458e+07 1.66458e+07 1.66458e+07 1.66458e+07 1.66458e+07 1.66458e+07 1.66458e+07 1.66458e+07 1.66458e+07 1.66458e+07 1.66458e+07 1.66458e+07 1.66458e+07 1.66458e+07 1.66458e+07 1.66458e+07 1.66458e+07 1.66458e+07 1.66458e+07 1.66458e+07 1.66458e+07 1.66458e+07 1.66458e+07 1.66458e+07 1.66458e+07 1.66458e+07 1.66458e+07 1.66458e+07 1.66458e+07 1.66458e+07 1.66458e+07 1.66458e+07 1.66458e+07 1.66458e+07 1.66458e+07 1.66458e+07 1.66458e+07 1.66458e+07 1.66458e+07 1.66458e+07 1.66458e+07 1.66458e+07 1.66458e+07 1.66458e+07 1.66458e+07 1.66458e+07 1.66458e+07 1.66458e+07 1.66458e+07 1.66458e+07 0 0 0 0 0 0 0 0 0 0 0 0 0 0 0 0 0 0 0 0 0 0 0 0 0
#obs cpue bio
 4.81792e+06 2.66284e+06 3.2702e+06 3.25222e+06 3.65353e+06 2.38393e+06 2.20132e+06 1.7572e+06 2.27378e+06 1.77086e+06 1.32779e+06 1.856e+06 1.03339e+06 1.10416e+06 907083 830556 739244 546193 568800 672758 466394 506608 671965 600582 539468 536953 400674 448740 534572 440228 657623 611180 496410 436810 562476 592990 576404 439929 637648 432921 503000 507805 565848 821831 585006 568099 525818 510900 554190 561720 679289 781151 388797 837029 433498
#pred surv len freq
 0.00469595 0.00756526 0.0112829 0.0158159 0.021079 0.0268753 0.0328492 0.0385461 0.043565 0.0476842 0.0508749 0.053238 0.0549319 0.0561167 0.0569095 0.0573538 0.0574164 0.0570029 0.0559638 0.0540779 0.0510459 0.0465593 0.0404819 0.0330617 0.0250067
 0.00502842 0.00802961 0.0118458 0.0164115 0.0216439 0.0273939 0.0333752 0.0391729 0.0443547 0.0485962 0.0517474 0.0538396 0.0550573 0.0556765 0.0559703 0.0561168 0.0561458 0.0559334 0.0552227 0.0536534 0.0508173 0.0463735 0.040232 0.0327267 0.0246352
 0.00512931 0.00823586 0.0122289 0.0170504 0.0225899 0.0286271 0.0347825 0.0405776 0.0455904 0.0495769 0.052477 0.0543527 0.0553435 0.0556563 0.0555441 0.0552488 0.0549175 0.0545275 0.0538475 0.0524581 0.049847 0.045587 0.0395608 0.0321294 0.0241137
 0.00527934 0.00846571 0.0125536 0.0174873 0.0231703 0.0294039 0.0358186 0.0419095 0.0471806 0.05129 0.0541073 0.0556933 0.0562515 0.0560691 0.0554508 0.0546591 0.0538658 0.0531 0.0521923 0.0507525 0.0482432 0.0441747 0.0383696 0.0311579 0.0233541
 0.00549803 0.00881268 0.0130593 0.0181732 0.0240452 0.0304603 0.0370325 0.0432469 0.0486083 0.0527769 0.0556065 0.0571169 0.0574629 0.056909 0.055783 0.0544065 0.0530219 0.0517255 0.050408 0.0487273 0.0461667 0.0422198 0.0366628 0.0297688 0.0223011
 0.00572393 0.00917527 0.0135968 0.0189193 0.0250243 0.0316789 0.0384685 0.0448435 0.0502801 0.054427 0.0571464 0.0584754 0.0585794 0.057716 0.0561948 0.0543283 0.052379 0.0504976 0.0486523 0.0465805 0.0438255 0.0399033 0.0345678 0.0280326 0.0209837
 0.00600474 0.00962 0.014245 0.0198024 0.026163 0.0330779 0.0401076 0.0466691 0.0522043 0.0563364 0.0589172 0.0599917 0.0597483 0.058473 0.0564959 0.0541354 0.0516531 0.0492115 0.0468215 0.0442935 0.0412532 0.0372764 0.0321269 0.0259701 0.019402
 0.00634532 0.0101636 0.0150445 0.0209013 0.0275885 0.0348307 0.0421482 0.0489114 0.0545227 0.0585848 0.0609491 0.0616761 0.06098 0.0591795 0.0566376 0.0536982 0.050637 0.0476263 0.0446985 0.041713 0.0383683 0.034312 0.0293403 0.0235866 0.0175565
 0.00664191 0.0106383 0.0157461 0.0218728 0.0288628 0.0364216 0.0440376 0.0510386 0.0567845 0.0608457 0.0630588 0.0634872 0.0623654 0.0600434 0.0569202 0.0533724 0.0497012 0.0460995 0.0426247 0.0391778 0.0355192 0.0313626 0.0265416 0.0211689 0.0156671
 0.00689795 0.0110486 0.0163534 0.0227154 0.0299707 0.0378092 0.045693 0.0529161 0.0588037 0.0628997 0.0650245 0.0652363 0.0637747 0.0610063 0.0573556 0.0532291 0.048958 0.0447644 0.0407388 0.0368263 0.032846 0.0285719 0.0238736 0.018847 0.0138398
 0.00712233 0.0114093 0.0168895 0.0234623 0.0309563 0.0390465 0.0471699 0.0545886 0.0605977 0.0647201 0.0667661 0.0667936 0.0650483 0.061908 0.0578119 0.0531838 0.0483756 0.0436351 0.0390873 0.0347247 0.0304253 0.026022 0.0214187 0.0166978 0.0121392
 0.00741656 0.0118746 0.0175659 0.0243799 0.032132 0.0404777 0.0488259 0.0564038 0.062475 0.0665431 0.0684164 0.0681657 0.0660599 0.0625035 0.0579588 0.0528661 0.047587 0.04238 0.0373904 0.0326474 0.0280815 0.0235807 0.0190826 0.0146586 0.0105271
 0.0076381 0.0122398 0.0181249 0.0251825 0.0332175 0.0418593 0.0504736 0.0582383 0.064377 0.0683753 0.0700459 0.0694806 0.0669785 0.0629778 0.0579724 0.0524255 0.0467127 0.0410997 0.0357423 0.0306927 0.0259201 0.0213569 0.0169699 0.0128215 0.00907738
 0.00788372 0.0126373 0.0187209 0.0260214 0.0343363 0.0432759 0.0521718 0.0601541 0.0663967 0.0703471 0.0718025 0.0708675 0.0678813 0.0633379 0.0577873 0.0517355 0.0455809 0.0395965 0.0339395 0.02867 0.0237772 0.019221 0.0149855 0.0111222 0.00774999
 0.00802491 0.0128728 0.019087 0.026558 0.0350812 0.0442554 0.053388 0.0615765 0.0679603 0.0719568 0.0733415 0.0722081 0.0689009 0.0639382 0.0579107 0.0513726 0.0447657 0.0383937 0.0324317 0.0269509 0.0219531 0.0174114 0.0133153 0.00970059 0.00664478
 0.0080562 0.0129333 0.0191971 0.0267457 0.03538 0.0446982 0.0539996 0.0623656 0.068914 0.0730368 0.0744836 0.0733271 0.0698984 0.0647153 0.0583814 0.051477 0.04448 0.0377335 0.0314489 0.0257266 0.0205896 0.0160237 0.0120183 0.00859042 0.00577978
 0.00834713 0.0133733 0.0197984 0.0274996 0.0362619 0.0456765 0.0550391 0.0634263 0.0699478 0.0739886 0.0752971 0.0739515 0.0702952 0.0648598 0.0582611 0.0510885 0.0438286 0.0368369 0.0303429 0.0244692 0.0192605 0.0147167 0.0108274 0.00759154 0.00501419
 0.00844757 0.0135303 0.0200223 0.027794 0.0366217 0.046086 0.0554732 0.0638561 0.0703519 0.0743619 0.0756504 0.0742991 0.070638 0.0651756 0.0585069 0.0512123 0.0437833 0.0365923 0.0298938 0.02384 0.0185044 0.0139089 0.0100501 0.00691581 0.00448414
 0.00853791 0.0136718 0.0202254 0.0280646 0.0369602 0.0464854 0.0559164 0.0643144 0.0707877 0.0747372 0.0759375 0.0744891 0.0707414 0.0652134 0.0584961 0.051154 0.0436605 0.0363785 0.0295671 0.023397 0.0179676 0.0133246 0.00947761 0.00641089 0.00408399
 0.00862047 0.0137852 0.0203577 0.0281932 0.0370592 0.0465381 0.0559242 0.0642977 0.0707767 0.0747596 0.0760084 0.0746078 0.0708952 0.0653841 0.0586655 0.0513043 0.043772 0.0364277 0.0295308 0.0232611 0.0177362 0.0130233 0.00914828 0.00609895 0.00382454
 0.0086608 0.0138567 0.0204749 0.0283694 0.0372987 0.046827 0.0562258 0.0645597 0.0709508 0.0748225 0.0759712 0.0745081 0.0707774 0.0652817 0.0585928 0.0512583 0.0437384 0.0363867 0.0294617 0.0231473 0.0175714 0.0128163 0.00892144 0.00588094 0.00364021
 0.00856076 0.0137143 0.0202988 0.0281826 0.0371346 0.046721 0.0562055 0.0646364 0.0711142 0.0750403 0.0761988 0.0747047 0.0709216 0.0653763 0.0586567 0.0513118 0.0437913 0.0364354 0.0294928 0.0231456 0.0175275 0.0127314 0.00880833 0.00575942 0.00352981
 0.00866041 0.0138548 0.0204714 0.0283676 0.0373103 0.046875 0.0563425 0.064775 0.0712732 0.0752237 0.0763874 0.0748605 0.0710035 0.0653575 0.0585363 0.0511137 0.0435529 0.0361917 0.029266 0.0229429 0.0173464 0.0125675 0.00866075 0.00563184 0.00342724
 0.00874867 0.0139875 0.0206502 0.0285841 0.0375455 0.0471005 0.0565254 0.0648861 0.0712994 0.0751766 0.0763004 0.074773 0.0709403 0.0653187 0.0585018 0.0510597 0.0434661 0.0360747 0.0291318 0.022806 0.0172165 0.0124494 0.00855664 0.00554381 0.0033574
 0.00878141 0.0140283 0.0206886 0.028603 0.0375256 0.047028 0.0563975 0.0647125 0.0710993 0.074974 0.0761219 0.0746464 0.0708902 0.0653584 0.0586259 0.0512422 0.0436693 0.0362621 0.0292796 0.0229059 0.0172721 0.0124702 0.00855375 0.00552751 0.00333635
 0.00896468 0.0142982 0.0210418 0.0290161 0.0379586 0.0474329 0.0567259 0.0649229 0.0711636 0.0748848 0.0758955 0.07432 0.0705133 0.0649819 0.0582923 0.0509777 0.04348 0.0361369 0.0291978 0.022847 0.0172221 0.0124232 0.00850955 0.0054885 0.00330482
 0.00893283 0.0142706 0.0210438 0.0290829 0.0381224 0.0477032 0.0570762 0.0652925 0.0714773 0.0750798 0.0759413 0.0742223 0.0703059 0.0647128 0.0580101 0.0507221 0.0432759 0.0359923 0.0291061 0.0227932 0.0171898 0.0124 0.00848908 0.0054694 0.0032881
 0.00888623 0.0141847 0.020898 0.0288581 0.0378125 0.0473299 0.0566956 0.064983 0.0713101 0.0750869 0.0761014 0.0744753 0.0705829 0.0649633 0.0582132 0.0508816 0.043407 0.03611 0.029218 0.0228983 0.0172823 0.0124737 0.00854127 0.00550158 0.00330498
 0.00883107 0.0141097 0.0208109 0.0287717 0.0377372 0.0472646 0.056625 0.0648872 0.0711824 0.0749469 0.0759907 0.0744355 0.0706315 0.0650847 0.0583699 0.0510357 0.0435363 0.0362104 0.0292965 0.0229632 0.0173379 0.01252 0.00857665 0.00552555 0.00331903
 0.00877187 0.0140301 0.0207224 0.0286969 0.0377052 0.0473016 0.0567443 0.0650811 0.0714199 0.0751799 0.0761696 0.0745278 0.0706341 0.0650204 0.0582716 0.0509293 0.0434346 0.036117 0.0292129 0.0228924 0.0172827 0.0124811 0.00855178 0.00551084 0.00331069
 0.0086905 0.0138876 0.020491 0.028349 0.0372255 0.0467039 0.0560833 0.0644485 0.0709203 0.074897 0.0761391 0.074731 0.0710112 0.065496 0.0587778 0.0514181 0.0438782 0.0365014 0.0295325 0.0231469 0.0174765 0.0126219 0.00864912 0.00557433 0.00334932
 0.00845449 0.0135365 0.0200218 0.0277768 0.036575 0.0459983 0.055341 0.0636929 0.070196 0.0742783 0.0757194 0.0745939 0.0711975 0.0659848 0.0594933 0.0522562 0.0447372 0.0373033 0.0302294 0.0237175 0.0179188 0.0129465 0.0088737 0.00572008 0.00343739
 0.00835021 0.013384 0.0198245 0.0275505 0.0363454 0.045794 0.055185 0.0635937 0.0701418 0.0742383 0.0756591 0.0744967 0.0710805 0.0658946 0.0594821 0.0523544 0.0449397 0.0375757 0.0305256 0.0239969 0.0181556 0.0131299 0.00900484 0.00580682 0.00349038
 0.00821334 0.0131801 0.019553 0.0272247 0.0359908 0.0454442 0.0548777 0.0633655 0.0700203 0.0742328 0.0757537 0.0746537 0.071255 0.0660537 0.0596187 0.0524854 0.0450904 0.0377614 0.0307421 0.0242237 0.0183673 0.0133071 0.00913877 0.00589875 0.00354786
 0.00812557 0.0130146 0.0192635 0.0267583 0.0353064 0.0445388 0.0538081 0.0622492 0.0690095 0.0734729 0.0753449 0.0746307 0.0715861 0.0666574 0.0603899 0.0533244 0.0459221 0.0385401 0.0314432 0.0248329 0.018874 0.0137057 0.00943164 0.00609787 0.00367221
 0.00876896 0.0139134 0.0203416 0.0278473 0.0361851 0.045003 0.0537335 0.0616217 0.0679206 0.0720942 0.0738913 0.0733146 0.070572 0.0660293 0.0601454 0.0533946 0.0462067 0.0389395 0.0318784 0.0252508 0.0192426 0.0140079 0.00966181 0.00625957 0.00377622
 0.00926667 0.0147144 0.0215227 0.0294499 0.0381773 0.0472372 0.0559266 0.0633959 0.0689137 0.0720912 0.0729057 0.0715748 0.0684285 0.0638403 0.0581882 0.0518259 0.0450668 0.0381855 0.0314262 0.0250093 0.0191347 0.0139762 0.0096676 0.00627883 0.00379595
 0.00908089 0.0145214 0.0214353 0.0296445 0.0388514 0.048535 0.0578634 0.0658145 0.0714929 0.0744083 0.0745401 0.0722279 0.0680167 0.0625157 0.0562746 0.0497014 0.0430527 0.0364829 0.0301114 0.0240667 0.0185002 0.0135728 0.00942501 0.0061414 0.00372307
 0.00897967 0.014338 0.0211329 0.0291988 0.0382847 0.0479532 0.0574678 0.0658583 0.0721795 0.0757771 0.0764068 0.0742227 0.0697077 0.063559 0.0565225 0.0492265 0.0420873 0.0353145 0.0289847 0.0231314 0.0178083 0.0131078 0.00913774 0.00597721 0.0036361
 0.00896297 0.014303 0.0210634 0.0290699 0.0380636 0.0476077 0.0569866 0.0652795 0.0716151 0.0754069 0.0764241 0.0747427 0.0706875 0.0647862 0.0576913 0.0500625 0.0424514 0.035233 0.0286026 0.0226292 0.0173313 0.0127342 0.00888475 0.0058257 0.00355484
 0.00887668 0.0141666 0.0208651 0.0288005 0.0377166 0.0471807 0.0564829 0.0647127 0.0710154 0.0748311 0.0759629 0.0745137 0.0708015 0.0652921 0.0585301 0.0510684 0.0434097 0.035966 0.0290329 0.0227866 0.0173099 0.012636 0.00878152 0.00574987 0.00351044
 0.0088997 0.0141887 0.0208699 0.0287629 0.0376092 0.0469827 0.0561889 0.064335 0.0705799 0.0743714 0.0755191 0.0741355 0.070551 0.0652356 0.0587143 0.0514889 0.043995 0.0365945 0.0295796 0.0231719 0.0175212 0.012713 0.00878293 0.00572435 0.0034851
 0.0088169 0.014074 0.0207331 0.0286227 0.0374838 0.0468782 0.0560917 0.0642161 0.0704106 0.0741401 0.0752398 0.0738447 0.0702976 0.0650708 0.0586829 0.0516186 0.0442829 0.0369984 0.0300256 0.0235793 0.0178328 0.0129117 0.00888622 0.00576572 0.00349566
 0.00879952 0.0140375 0.0206644 0.0285077 0.037315 0.0466633 0.0558574 0.0640007 0.0702464 0.0740366 0.0751802 0.0737994 0.0702453 0.0650131 0.0586445 0.0516355 0.0443843 0.0371918 0.0302895 0.0238696 0.0180999 0.0131199 0.00902406 0.00584281 0.00353164
 0.00885883 0.0141274 0.0207866 0.028657 0.0374782 0.0468187 0.055978 0.0640609 0.0702316 0.0739502 0.0750413 0.0736316 0.0700655 0.0648286 0.058461 0.0514659 0.044251 0.0371178 0.0302857 0.0239275 0.0181939 0.0132193 0.00910554 0.00589692 0.00356094
 0.00891342 0.0142084 0.0208939 0.0287855 0.0376186 0.0469596 0.0561068 0.0641636 0.070293 0.0739569 0.0749862 0.0735189 0.06991 0.0646515 0.0582823 0.0513011 0.0441122 0.0370156 0.0302286 0.023917 0.0182217 0.0132686 0.00915802 0.00593965 0.00358914
 0.00893998 0.0142554 0.0209713 0.0289037 0.0377845 0.0471713 0.0563493 0.0644093 0.0705083 0.0741108 0.0750577 0.0734998 0.0698049 0.0644759 0.0580598 0.0510589 0.0438763 0.0368074 0.0300629 0.0238008 0.0181535 0.0132392 0.0091537 0.00594692 0.00359848
 0.00903195 0.0143927 0.0211557 0.0291298 0.0380431 0.047453 0.0566458 0.0647107 0.0707977 0.0743614 0.0752366 0.0735759 0.0697598 0.0643099 0.0577926 0.050724 0.0435128 0.0364528 0.0297471 0.023543 0.0179611 0.0131086 0.00907382 0.00590312 0.00357698
 0.00904417 0.0144083 0.021171 0.0291386 0.0380378 0.0474279 0.0566003 0.0646522 0.0707421 0.0743301 0.0752486 0.0736388 0.0698638 0.0644296 0.0578966 0.0507874 0.0435256 0.0364208 0.029687 0.0234744 0.0179 0.013064 0.0090471 0.0058906 0.00357317
 0.00888999 0.0142005 0.0209371 0.0289293 0.0379112 0.0474249 0.0567256 0.0648725 0.0710023 0.0745768 0.0754476 0.0737804 0.0699561 0.0644869 0.057929 0.0507968 0.0435089 0.0363763 0.0296192 0.0233944 0.0178213 0.0129977 0.00899872 0.00585993 0.00355633
 0.00882537 0.0140845 0.0207451 0.0286392 0.0375179 0.0469577 0.0562557 0.0644989 0.0708151 0.0746179 0.0756932 0.0741568 0.0703759 0.0648817 0.0582627 0.0510602 0.0437062 0.0365153 0.0297082 0.0234427 0.0178404 0.0129995 0.00899349 0.00585406 0.00355245
 0.00900252 0.0143159 0.0209878 0.0288161 0.0375359 0.0467407 0.0557769 0.063798 0.0699955 0.0738233 0.0750698 0.0738105 0.0703412 0.0651179 0.0586791 0.0515542 0.0441947 0.0369468 0.0300596 0.0237106 0.0180324 0.0131293 0.00907615 0.00590393 0.00358104
 0.00958426 0.015208 0.0222259 0.0303857 0.0393631 0.048686 0.0576369 0.0653285 0.0709653 0.0740846 0.0746085 0.0727482 0.0688892 0.0635084 0.0571045 0.0501357 0.0429832 0.0359448 0.0292476 0.0230649 0.0175321 0.0127557 0.00881076 0.00572679 0.00347122
 0.0101624 0.0161229 0.0235543 0.032176 0.0416187 0.0513419 0.0605339 0.0682067 0.0734948 0.0759306 0.0755099 0.0725819 0.0677019 0.061503 0.0545845 0.0474261 0.0403593 0.0335926 0.0272612 0.0214675 0.0163034 0.0118531 0.00818131 0.00531363 0.00321841
 0.00958009 0.015319 0.0226107 0.0312646 0.0409618 0.0511439 0.0609195 0.0691907 0.0749839 0.0777432 0.0774028 0.0742886 0.0689835 0.0622031 0.0546656 0.0469712 0.0395358 0.0325954 0.0262599 0.0205766 0.015579 0.0113059 0.00779489 0.00505852 0.00306174
#obs surv len freq
 nan nan nan nan nan nan nan nan nan nan nan nan nan nan nan nan nan nan nan nan nan nan nan nan nan
 0.00448273 0.00734318 0.0111723 0.0159881 0.0216886 0.0279643 0.0342787 0.0400106 0.0446908 0.0481553 0.0505139 0.0520105 0.0529034 0.0534164 0.0537312 0.0539865 0.0542653 0.0545582 0.0546971 0.054289 0.052727 0.049359 0.0438085 0.0362881 0.0276713
 0.00461663 0.00756196 0.0115033 0.0164563 0.0223109 0.0287397 0.0351793 0.0409786 0.0456467 0.0490132 0.0511977 0.0524651 0.0531008 0.0533553 0.0534334 0.053489 0.0536113 0.0537903 0.0538542 0.053408 0.0518465 0.048522 0.0430596 0.0356651 0.0271952
 0.00477249 0.00781892 0.0118966 0.0170211 0.0230748 0.0297117 0.0363378 0.042266 0.0469758 0.0502816 0.0523036 0.0533197 0.0536369 0.0535343 0.0532475 0.0529601 0.0527843 0.052724 0.0526145 0.0520649 0.0504748 0.0472017 0.0418701 0.0346721 0.0264348
 0.00496886 0.00813801 0.0123768 0.0176985 0.0239771 0.0308484 0.0376884 0.0437749 0.0485573 0.0518327 0.0537174 0.0544955 0.0544867 0.0539892 0.0532646 0.0525268 0.0519204 0.0514797 0.0510654 0.0503085 0.0486264 0.0453886 0.0402181 0.0332837 0.0253678
 0.00517669 0.00848046 0.0129006 0.0184497 0.0249921 0.0321389 0.0392275 0.0454928 0.0503523 0.0535911 0.0553309 0.055868 0.0555349 0.0546412 0.0534615 0.0522285 0.0511131 0.0501839 0.049342 0.0482609 0.0463983 0.0431514 0.0381476 0.0315265 0.0240091
 0.00540722 0.00885424 0.0134617 0.0192395 0.0260428 0.0334629 0.0408048 0.0472643 0.0522252 0.0554539 0.0570696 0.0573779 0.0567257 0.0554381 0.053803 0.0520656 0.0504129 0.0489396 0.0475881 0.0460868 0.0439537 0.0406356 0.035777 0.0294892 0.0224205
 0.00563788 0.00923648 0.0140501 0.0200887 0.0271959 0.0349331 0.0425586 0.0492178 0.0542593 0.05744 0.0588909 0.0589379 0.0579468 0.056256 0.0541632 0.0519208 0.0497253 0.0476893 0.0457897 0.0438112 0.0413436 0.0379007 0.0331612 0.0272144 0.0206311
 0.00590398 0.0096689 0.0147009 0.0210072 0.0284201 0.0364764 0.0443937 0.0512691 0.0564102 0.0595526 0.0608284 0.0605824 0.0592075 0.0570699 0.0544881 0.0517261 0.0489856 0.0463879 0.0439347 0.0414605 0.0386284 0.0350288 0.0303871 0.0247801 0.0187014
 0.0061298 0.0100429 0.0152767 0.0218387 0.0295511 0.0379237 0.0461304 0.0532194 0.0584619 0.0615793 0.0627088 0.0622094 0.0604912 0.0579378 0.0548854 0.0516134 0.0483358 0.0451864 0.0421889 0.0392218 0.0360158 0.0322378 0.0276655 0.022371 0.016777
 0.00637024 0.0104349 0.0158688 0.0226777 0.0306737 0.0393429 0.0478215 0.0551131 0.0604519 0.0635412 0.06452 0.0637629 0.0617016 0.0587413 0.0552359 0.0514777 0.0476895 0.0440157 0.040501 0.0370641 0.0334984 0.0295434 0.025029 0.0200272 0.0148962
 0.00662375 0.0108498 0.016498 0.0235711 0.0318677 0.0408437 0.0495894 0.0570585 0.0624505 0.0654593 0.0662377 0.0651852 0.062759 0.0593865 0.0554384 0.0512183 0.0469561 0.0428031 0.0388199 0.0349594 0.0310713 0.0269613 0.0225087 0.017787 0.0130964
 0.00685477 0.01123 0.0170786 0.0244025 0.0329889 0.0422663 0.0512803 0.0589347 0.0643898 0.0673244 0.0679003 0.0665415 0.0637366 0.0599426 0.0555539 0.0508892 0.0461854 0.0415986 0.0372005 0.032971 0.0288068 0.0245707 0.0201854 0.0157261 0.0114414
 0.00708078 0.0115996 0.0176389 0.0251985 0.0340547 0.0436107 0.0528724 0.060698 0.0662121 0.0690782 0.0694634 0.0678115 0.0646377 0.0604282 0.0556047 0.0505068 0.0453845 0.0404014 0.0356384 0.0310962 0.026708 0.0223821 0.0180762 0.0138652 0.00995179
 0.00727199 0.0119167 0.0181275 0.0259044 0.0350138 0.0448339 0.05433 0.0623155 0.0678814 0.0706796 0.0708853 0.0689625 0.0654505 0.0608596 0.055634 0.0501331 0.0446222 0.039277 0.0341903 0.0293816 0.024813 0.0204282 0.0162099 0.0122295 0.00864844
 0.00746349 0.0122288 0.0185986 0.0265708 0.0359026 0.0459518 0.0556512 0.0637765 0.0693883 0.0721241 0.072163 0.0699857 0.0661552 0.0612077 0.0556109 0.0497428 0.0438827 0.0382169 0.0328504 0.0278196 0.0231111 0.0186954 0.0145727 0.0108071 0.00752276
 0.00751843 0.0123259 0.01876 0.0268233 0.0362745 0.0464657 0.0563161 0.064583 0.0703074 0.0731102 0.0731569 0.0709185 0.0669543 0.0618048 0.0559502 0.0497872 0.0436163 0.0376449 0.0319988 0.0267369 0.0218709 0.0173949 0.0133222 0.0097096 0.00664897
 0.00760728 0.0124573 0.0189342 0.0270346 0.0365157 0.046735 0.0566216 0.0649401 0.070732 0.0736094 0.0737223 0.0715231 0.0675546 0.062345 0.0563696 0.0500285 0.0436342 0.0374135 0.0315173 0.026033 0.0210014 0.0164422 0.0123819 0.00887119 0.00597513
 0.00768169 0.0125738 0.0191003 0.0272525 0.0367799 0.0470306 0.0569248 0.0652244 0.070979 0.0738188 0.0739131 0.0717241 0.0677866 0.0626072 0.0566348 0.0502489 0.0437533 0.0373808 0.031301 0.0256301 0.0204419 0.0157856 0.0117058 0.00825202 0.00546896
 0.00771429 0.0126248 0.0191736 0.0273502 0.0369027 0.0471767 0.0570891 0.0653975 0.0711482 0.0739719 0.0740436 0.0718357 0.0678931 0.0627258 0.0567745 0.0504003 0.0438861 0.0374508 0.0312646 0.0254602 0.0201399 0.0153842 0.0112603 0.00782393 0.00510778
 0.00778635 0.0127313 0.0193141 0.0275175 0.0370846 0.04736 0.0572622 0.0655516 0.0712768 0.0740707 0.0741106 0.0718718 0.0679036 0.0627202 0.0567653 0.0503966 0.043887 0.0374404 0.0312158 0.0253455 0.0199454 0.0151189 0.0109553 0.00752171 0.00484644
 0.00782921 0.0128008 0.0194178 0.0276606 0.037267 0.0475729 0.0574862 0.0657596 0.0714418 0.0741753 0.0741521 0.0718601 0.0678549 0.062651 0.0566889 0.0503225 0.0438193 0.0373759 0.0311427 0.025247 0.0198078 0.0149402 0.0107495 0.00731398 0.004663
 0.00786205 0.0128512 0.0194882 0.0277517 0.0373782 0.0477029 0.0576321 0.0659148 0.0715953 0.0743111 0.0742534 0.0719143 0.0678581 0.0626095 0.0566159 0.0502331 0.0437258 0.0372844 0.031052 0.0251499 0.0196958 0.0148095 0.0106055 0.00717007 0.00453517
 0.00787379 0.0128666 0.0195045 0.0277645 0.0373829 0.0476972 0.0576183 0.0659004 0.0715905 0.0743257 0.0742921 0.0719745 0.06793 0.0626797 0.0566728 0.0502706 0.0437435 0.0372852 0.0310383 0.0251213 0.0196501 0.0147459 0.0105276 0.00708667 0.00445731
 0.00789025 0.01289 0.0195335 0.0277951 0.0374093 0.0477131 0.0576183 0.0658821 0.071556 0.0742823 0.0742515 0.0719492 0.0679286 0.0627035 0.0567152 0.0503203 0.0437894 0.0373192 0.0310564 0.0251221 0.0196336 0.0147135 0.0104829 0.00703609 0.00440844
 0.00789129 0.0128886 0.0195256 0.0277751 0.0373718 0.0476546 0.05754 0.06579 0.0714597 0.0741931 0.0741805 0.0719062 0.0679207 0.0627338 0.0567811 0.0504133 0.0438963 0.0374255 0.0311494 0.0251936 0.0196798 0.014735 0.0104837 0.00702279 0.00438851
 0.00787538 0.0128604 0.019479 0.0277032 0.0372684 0.0475179 0.0573746 0.0656082 0.0712796 0.0740351 0.0740628 0.071842 0.0679165 0.0627891 0.0568892 0.0505622 0.0440704 0.0376074 0.0313222 0.0253433 0.0197974 0.0148177 0.0105342 0.00704763 0.00439628
 0.00791147 0.0129111 0.0195402 0.0277655 0.0373187 0.0475426 0.0573628 0.0655543 0.0711844 0.0739064 0.0739151 0.0716942 0.0677887 0.0626977 0.0568444 0.0505663 0.0441181 0.0376871 0.031419 0.0254416 0.0198844 0.0148851 0.0105796 0.00707342 0.00440765
 0.00791677 0.012924 0.0195671 0.0278135 0.0373922 0.0476382 0.0574668 0.065644 0.0712355 0.0739017 0.0738511 0.0715813 0.0676472 0.0625519 0.0567166 0.0504729 0.044067 0.0376777 0.0314431 0.0254866 0.0199366 0.0149332 0.0106167 0.00709758 0.00442064
 0.00787258 0.012854 0.0194659 0.027679 0.0372283 0.0474572 0.0572896 0.0654964 0.0711398 0.0738674 0.0738716 0.0716385 0.0677209 0.0626282 0.0567915 0.0505499 0.0441523 0.0377753 0.0315519 0.0256003 0.0200457 0.0150283 0.0106914 0.00715024 0.00445371
 0.00784068 0.0127966 0.0193696 0.0275291 0.0370131 0.0471759 0.0569582 0.0651491 0.0708221 0.0736246 0.0737365 0.071623 0.0678149 0.0628052 0.0570184 0.0507972 0.0443998 0.0380121 0.0317728 0.0258014 0.0202221 0.015175 0.0108051 0.00723126 0.00450622
 0.00784994 0.0128067 0.0193752 0.0275208 0.0369783 0.0471007 0.0568317 0.0649669 0.0705915 0.0733671 0.0734858 0.0714179 0.0676882 0.062774 0.0570798 0.0509319 0.0445806 0.0382127 0.0319731 0.025988 0.0203868 0.0153125 0.0109127 0.00730923 0.00455789
 0.00780743 0.012743 0.0192891 0.0274143 0.0368553 0.046965 0.0566853 0.0648108 0.0704268 0.0731973 0.0733194 0.0712701 0.0675796 0.062726 0.0571076 0.0510383 0.0447541 0.0384309 0.0322094 0.0262184 0.0205935 0.0154849 0.0110465 0.00740549 0.00462158
 0.00778688 0.0127035 0.0192189 0.0273002 0.0366873 0.0467433 0.056425 0.0645399 0.0701778 0.072996 0.0731781 0.0711886 0.067552 0.0627479 0.0571791 0.0511617 0.0449286 0.038648 0.0324523 0.0264654 0.0208233 0.0156814 0.0112013 0.00751754 0.00469595
 0.00774209 0.0126348 0.0191228 0.027175 0.0365325 0.0465581 0.0562098 0.0642996 0.0699253 0.0727535 0.0729734 0.0710473 0.0674897 0.0627665 0.0572702 0.0513125 0.0451261 0.0388801 0.0327053 0.0267225 0.0210661 0.0158932 0.0113713 0.00764256 0.00477982
 0.0093253 0.0148466 0.0217832 0.0298942 0.038825 0.0480246 0.0566798 0.0638558 0.0688165 0.0712691 0.0713534 0.0694534 0.0660165 0.0614642 0.0561605 0.0503983 0.0443982 0.0383218 0.0322961 0.0264395 0.0208844 0.015787 0.0113163 0.00761845 0.00477181
 0.00932307 0.0151341 0.0227284 0.0319514 0.0423352 0.0529477 0.062425 0.0693791 0.0729923 0.073335 0.0711628 0.0674126 0.0628081 0.0577568 0.0524447 0.0469618 0.0413758 0.0357579 0.0301887 0.0247634 0.0196007 0.0148471 0.0106636 0.00719231 0.00451247
 0.00897275 0.0145854 0.0219631 0.0310226 0.0414205 0.0523822 0.0626607 0.0708228 0.0757607 0.0770747 0.0750952 0.0706305 0.0646539 0.0580498 0.0514486 0.0451692 0.0392768 0.0337077 0.028385 0.0232849 0.0184552 0.0140055 0.0100793 0.00681153 0.00428135
 0.00880891 0.014308 0.0215259 0.0303793 0.0405426 0.0512924 0.0614737 0.0697729 0.0751811 0.077304 0.0763243 0.0727593 0.0672613 0.0605317 0.0532621 0.0460403 0.0392538 0.0330597 0.0274407 0.02231 0.0176075 0.0133475 0.00961206 0.00650513 0.00409571
 0.00870416 0.0141368 0.0212657 0.0300065 0.0400346 0.0506337 0.0606676 0.0688575 0.0742478 0.076509 0.0758764 0.0728665 0.068038 0.0619094 0.0549709 0.0476953 0.0405109 0.0337463 0.0275878 0.0220859 0.0172137 0.0129409 0.0092781 0.00626905 0.00394744
 0.0086944 0.0141115 0.0212098 0.0298993 0.0398534 0.0503596 0.0602916 0.0683833 0.0736937 0.0759117 0.075301 0.0724137 0.0678348 0.0620699 0.055535 0.0485825 0.0415281 0.0346605 0.0282235 0.022387 0.0172377 0.0128031 0.00908906 0.00609982 0.003826
 0.00870303 0.014124 0.0212253 0.029914 0.0398588 0.050342 0.0602314 0.068259 0.0734876 0.0756185 0.074934 0.0720101 0.0674574 0.0618014 0.0554592 0.0487502 0.0419234 0.0351921 0.0287563 0.0227996 0.017471 0.0128702 0.00904862 0.00601694 0.0037459
 0.00868649 0.0141031 0.0212048 0.0299015 0.0398623 0.0503651 0.0602697 0.0682984 0.0735065 0.0755927 0.0748438 0.071848 0.0672349 0.0615535 0.0552409 0.0486231 0.0419328 0.0353432 0.029006 0.0230728 0.0176949 0.0130046 0.00909536 0.00600529 0.00371033
 0.00866552 0.014068 0.0211506 0.0298244 0.0397623 0.0502489 0.0601522 0.0681994 0.0734434 0.0755719 0.0748562 0.0718719 0.0672459 0.0615362 0.0551981 0.0485777 0.0419193 0.0353913 0.0291231 0.0232378 0.0178673 0.0131454 0.00918382 0.00604381 0.00371559
 0.00866109 0.0140605 0.0211385 0.0298057 0.0397345 0.0502092 0.0600988 0.0681336 0.0733712 0.0755035 0.0748033 0.071842 0.0672381 0.0615409 0.055203 0.0485766 0.0419174 0.0354033 0.0291638 0.0233109 0.0179613 0.0132391 0.00925791 0.0060896 0.00373606
 0.00864258 0.0140331 0.0211024 0.0297627 0.0396874 0.0501609 0.0600514 0.068088 0.0733276 0.0754628 0.0747675 0.0718151 0.0672247 0.0615435 0.0552203 0.0486037 0.0419495 0.0354394 0.0292072 0.0233655 0.018026 0.0133063 0.00931716 0.00613308 0.00376204
 0.0086431 0.0140312 0.0210945 0.0297442 0.0396545 0.0501128 0.0599917 0.0680247 0.0732697 0.075417 0.0747365 0.0717978 0.0672187 0.0615471 0.055233 0.0486251 0.0419786 0.0354747 0.0292476 0.0234106 0.0180748 0.0133556 0.00936195 0.00616856 0.00378604
 0.00862725 0.0140079 0.0210638 0.0297075 0.0396132 0.0500677 0.0599426 0.0679712 0.0732133 0.0753623 0.0746905 0.0717678 0.0672088 0.0615577 0.0552609 0.0486655 0.0420271 0.0355277 0.0293027 0.0234657 0.0181281 0.0134048 0.00940443 0.006202 0.00380951
 0.00862073 0.0139973 0.0210481 0.0296858 0.0395857 0.0500357 0.0599087 0.0679384 0.0731842 0.0753375 0.0746692 0.0717492 0.067194 0.0615493 0.0552619 0.0486776 0.0420498 0.0355589 0.0293394 0.0235052 0.0181677 0.0134421 0.00943703 0.00622812 0.00382839
 0.00859923 0.0139666 0.0210097 0.0296438 0.0395451 0.050001 0.059882 0.0679198 0.0731722 0.075331 0.0746672 0.071751 0.0671987 0.0615565 0.0552717 0.0486913 0.0420685 0.0355833 0.0293689 0.0235379 0.0182012 0.0134738 0.00946479 0.00625039 0.00384461
 0.00859923 0.0139666 0.0210097 0.0296438 0.0395451 0.050001 0.059882 0.0679198 0.0731722 0.075331 0.0746672 0.071751 0.0671987 0.0615565 0.0552717 0.0486913 0.0420685 0.0355833 0.0293689 0.0235379 0.0182012 0.0134738 0.00946479 0.00625039 0.00384461
 0.0085707 0.0139144 0.0209209 0.0295049 0.0393473 0.0497477 0.0595945 0.067635 0.0729329 0.0751715 0.0746045 0.0717828 0.0673087 0.0617213 0.0554678 0.0488984 0.0422715 0.0357722 0.0295378 0.0236837 0.0183224 0.0135704 0.00953773 0.00630217 0.00387876
 0.00888789 0.0144142 0.0216405 0.0304601 0.0405202 0.0510728 0.0609512 0.0688596 0.0738563 0.0756686 0.0746287 0.0713697 0.0665528 0.0607431 0.054385 0.0478092 0.0412482 0.0348611 0.0287636 0.0230546 0.0178345 0.0132108 0.00928768 0.00613932 0.00378025
 0.00917627 0.0149059 0.0224202 0.0316122 0.0421006 0.0530661 0.0632355 0.0712047 0.0759686 0.0772646 0.0755047 0.0714416 0.06586 0.0594253 0.0526416 0.0458542 0.0392727 0.0330115 0.0271354 0.0216972 0.0167607 0.0124064 0.00871986 0.00576417 0.00355002
 0.00894059 0.014559 0.0219694 0.0310996 0.0416051 0.0527 0.0631291 0.0714766 0.0766799 0.0783773 0.0768688 0.0728288 0.0670321 0.0602028 0.052947 0.045715 0.0387931 0.0323298 0.0263856 0.0209836 0.0161486 0.0119248 0.00836988 0.00552906 0.00340442
#pred catch len freq
 0.003414 0.00546737 0.008109 0.0113401 0.0151851 0.0196622 0.024719 0.0301983 0.0358608 0.0414341 0.0466554 0.0513089 0.0552548 0.0584328 0.0608342 0.062464 0.0633141 0.063348 0.0624779 0.0605259 0.0572087 0.0522155 0.0454144 0.0370958 0.0280598
 0.00367052 0.00582905 0.00855515 0.0118281 0.0156767 0.020157 0.0252671 0.0308736 0.0366998 0.0423778 0.0475358 0.0518974 0.0553517 0.057953 0.0598503 0.0611876 0.0620248 0.0622955 0.0617957 0.060195 0.0570894 0.0521315 0.0452417 0.0368072 0.0277087
 0.0037803 0.00603249 0.00890371 0.0123753 0.0164547 0.0211485 0.0263931 0.0320167 0.037757 0.0433035 0.0483358 0.052573 0.0558406 0.0581254 0.0595727 0.0604133 0.0608456 0.0609172 0.0604513 0.0590486 0.0561864 0.0514191 0.0446361 0.0362565 0.0272131
 0.00393804 0.0062752 0.00924803 0.0128396 0.0170697 0.0219634 0.0274651 0.0333756 0.0393624 0.045024 0.0499764 0.0539392 0.0567956 0.0586011 0.0595405 0.059861 0.0597916 0.059446 0.0587231 0.05726 0.0545057 0.0499433 0.0433942 0.0352433 0.0264181
 0.00414223 0.00659605 0.00971036 0.0134599 0.0178557 0.0229151 0.0285768 0.0346405 0.0407747 0.0465696 0.0516081 0.0555502 0.0582189 0.0596444 0.0600407 0.0597231 0.059001 0.0580641 0.0568805 0.0551424 0.052322 0.0478834 0.0415949 0.0337786 0.0253068
 0.00436905 0.00695518 0.010234 0.0141746 0.0187812 0.0240606 0.0299337 0.0361747 0.042426 0.0482605 0.0532569 0.0570787 0.0595471 0.060677 0.0606602 0.0598051 0.0584493 0.056849 0.0550633 0.0528754 0.049825 0.0454003 0.0393438 0.0319108 0.0238884
 0.00466039 0.00741159 0.0108903 0.0150557 0.0199035 0.0254315 0.0315453 0.0379939 0.0443863 0.0502627 0.055178 0.0587904 0.0609345 0.0616503 0.0611506 0.0597524 0.0577961 0.0555566 0.053145 0.0504292 0.0470432 0.0425421 0.0366789 0.0296548 0.0221565
 0.00497628 0.00791101 0.011617 0.0160444 0.0211789 0.027004 0.0334019 0.0400882 0.0466347 0.0525478 0.0573595 0.060719 0.0624705 0.0626797 0.0615951 0.059567 0.0569593 0.0540656 0.0510274 0.0477716 0.0440159 0.0393959 0.033701 0.0270972 0.0201712
 0.00526224 0.00836398 0.0122783 0.0169498 0.0223582 0.0284784 0.0351747 0.0421319 0.048881 0.0548859 0.0596439 0.0627865 0.0641615 0.0638589 0.0621641 0.0594673 0.0561678 0.0525899 0.0489097 0.0451056 0.0409672 0.036206 0.0306538 0.0244536 0.0180998
 0.00552091 0.00877356 0.012876 0.0177674 0.0234223 0.0298088 0.0367767 0.0439864 0.0509364 0.0570549 0.0618063 0.0647981 0.0658694 0.0651197 0.0628607 0.0595185 0.0555318 0.0512641 0.0469348 0.0425762 0.0380471 0.0331285 0.027694 0.0218678 0.0160597
 0.00578488 0.0091902 0.013481 0.0185893 0.0244821 0.0311177 0.0383295 0.0457534 0.0528589 0.0590467 0.0637601 0.0665941 0.0673853 0.0662406 0.063487 0.0595728 0.0549636 0.0500561 0.0451125 0.0402219 0.0353121 0.0302328 0.0248973 0.0194144 0.0141157
 0.00609321 0.00967273 0.0141736 0.0195163 0.0256569 0.0325419 0.0399865 0.0475995 0.0548188 0.0610166 0.0656187 0.0682178 0.0686637 0.0670871 0.0638411 0.059396 0.0542345 0.0487713 0.0432965 0.0379447 0.032706 0.0274941 0.0222617 0.0171052 0.0122856
 0.0063786 0.0101289 0.0148462 0.0204443 0.0268679 0.034043 0.0417526 0.0495645 0.0568777 0.0630381 0.0674625 0.0697528 0.069783 0.0677184 0.0639492 0.0589765 0.0533032 0.0473567 0.0414419 0.0357217 0.0302319 0.0249384 0.0198272 0.0149846 0.0106102
 0.00663791 0.0105424 0.0154555 0.0212871 0.0279771 0.035441 0.0434387 0.0514992 0.0589716 0.0651529 0.0694269 0.0713907 0.0709473 0.0683159 0.0639484 0.0583983 0.0522019 0.0458025 0.039513 0.0335096 0.0278537 0.0225439 0.0175873 0.0130574 0.00909977
 0.00678573 0.0107842 0.0158236 0.0218164 0.028703 0.0363942 0.0446357 0.0529313 0.0605964 0.0668897 0.0711573 0.0729694 0.0722214 0.0691522 0.0642584 0.0581505 0.0514202 0.0445522 0.0378852 0.0316122 0.0258114 0.0204983 0.0156867 0.0114322 0.00783222
 0.00691127 0.0109859 0.0161235 0.0222365 0.0292641 0.0371141 0.0455235 0.0539814 0.0617828 0.0681637 0.0724483 0.0741879 0.0732664 0.0699222 0.0646646 0.0581317 0.0509542 0.0436604 0.0366297 0.0300884 0.0241389 0.0188114 0.0141193 0.0100959 0.00679393
 0.00710935 0.0112848 0.0165316 0.0227498 0.0298728 0.0378108 0.0463065 0.0548489 0.0627226 0.0691437 0.0734145 0.0750711 0.0739937 0.0704271 0.0648932 0.0580463 0.0505361 0.0429152 0.0355927 0.0288267 0.0227487 0.0174073 0.012817 0.00899017 0.00593919
 0.00720935 0.0114399 0.0167507 0.023035 0.0302189 0.0382049 0.0467299 0.0552822 0.0631538 0.0695738 0.0738546 0.0755295 0.0744604 0.0708663 0.065248 0.0582519 0.0505351 0.0426711 0.0350991 0.0281126 0.0218777 0.0164691 0.0119098 0.00819902 0.00531734
 0.00725349 0.0115105 0.0168552 0.0231806 0.0304119 0.0384498 0.0470264 0.0556218 0.0635183 0.0699384 0.0741952 0.0758307 0.0747193 0.0710867 0.0654282 0.0583746 0.0505672 0.0425731 0.034842 0.0276922 0.0213225 0.0158368 0.0112741 0.00762955 0.00486148
 0.00732906 0.0116153 0.0169798 0.023306 0.0305162 0.0385186 0.0470606 0.0556385 0.0635434 0.0699961 0.0742988 0.0759796 0.0749015 0.0712844 0.0656229 0.0585472 0.0506948 0.042628 0.0347962 0.0275286 0.0210457 0.0154772 0.0108814 0.00725775 0.00455232
 0.00735255 0.011659 0.0170545 0.0234224 0.0306785 0.0387172 0.047269 0.0558191 0.0636627 0.0700406 0.074282 0.0759338 0.0748615 0.0712731 0.0656451 0.0585922 0.0507423 0.0426533 0.0347746 0.0274413 0.0208864 0.0152577 0.0106301 0.00701061 0.00434055
 0.00731559 0.011611 0.0170053 0.0233901 0.0306865 0.0387873 0.0474134 0.056033 0.0639208 0.0703004 0.0744956 0.0760654 0.0749014 0.0712396 0.0655727 0.0585136 0.0506754 0.0425976 0.0347163 0.0273626 0.020775 0.0151133 0.0104652 0.00684598 0.00419679
 0.00738432 0.0117066 0.0171203 0.0235096 0.030796 0.0388824 0.0475056 0.056146 0.0640769 0.0705045 0.0747263 0.076279 0.0750483 0.0712842 0.0655076 0.0583599 0.0504705 0.0423783 0.0345063 0.0271695 0.0205963 0.014945 0.0103081 0.00670626 0.00408211
 0.00740957 0.0117436 0.0171678 0.0235621 0.030843 0.0389097 0.0474991 0.0560986 0.0639968 0.0704184 0.0746721 0.0762892 0.0751316 0.0714194 0.0656534 0.058475 0.0505307 0.0423815 0.0344655 0.0271016 0.0205146 0.0148575 0.0102208 0.00662525 0.00401338
 0.00745389 0.0118034 0.0172349 0.0236209 0.0308742 0.0388966 0.0474323 0.0559784 0.0638322 0.0702267 0.0744791 0.0761279 0.0750361 0.0714131 0.0657375 0.0586261 0.0507093 0.0425481 0.0345937 0.0271822 0.0205514 0.014861 0.0102026 0.0065962 0.00398244
