SBPRF35
7.78865
Curr Bio
622899
B35
723843
F35
0.212255
FOFL
0.176792
OFL
84748.6
Bzero
2.22533e+006
#pred survey bio
 4.65854e+006 4.40161e+006 4.15281e+006 3.86665e+006 3.55433e+006 3.22769e+006 2.91384e+006 2.59376e+006 2.29919e+006 2.04185e+006 1.82878e+006 1.59827e+006 1.41569e+006 1.24932e+006 1.12315e+006 999210 893407 805984 743023 692708 662418 639515 619541 606938 600930 594950 599864 603531 608135 594454 595315 592211 577698 579632 574438 561007 569036 567645 567960 581547 583623 595284 601016 608536 613703 618098 619422 627951 629942 627588 2.14645e+007 1.25342e+007 1.24797e+007 1.29186e+007 1.36392e+007 1.44317e+007 1.51675e+007 1.57889e+007 1.62833e+007 1.66617e+007 1.69439e+007 1.71512e+007 1.73019e+007 1.7411e+007 1.749e+007 1.75473e+007 1.7589e+007 1.76195e+007 1.7642e+007 1.76586e+007 1.7671e+007 1.76802e+007 1.76872e+007 1.76925e+007 1.76965e+007 1.76995e+007 1.77018e+007 1.77036e+007 1.77049e+007 1.7706e+007 1.77068e+007 1.77074e+007 1.77079e+007 1.77082e+007 1.77085e+007 1.77087e+007 1.77089e+007 1.7709e+007 1.77091e+007 1.77092e+007 1.77093e+007 1.77093e+007 1.77094e+007 1.77094e+007 1.77094e+007 1.77094e+007 1.77094e+007 1.77094e+007 1.77095e+007 1.77095e+007 1.77095e+007 1.77095e+007 1.77095e+007 1.77095e+007 1.77095e+007 1.77095e+007 1.77095e+007 1.77095e+007 1.77095e+007 1.77095e+007 1.77095e+007 1.77095e+007 1.77095e+007 1.77095e+007 1.77095e+007 1.77095e+007 1.77095e+007 1.77095e+007 1.77095e+007 1.77095e+007 1.77095e+007 1.77095e+007 1.77095e+007 1.77095e+007 1.77095e+007 1.77095e+007 1.77095e+007 1.77095e+007 1.77095e+007 1.77095e+007 1.77095e+007 1.77095e+007 1.77095e+007 1.77095e+007 1.77095e+007 1.77095e+007 1.77095e+007 1.77095e+007 1.77095e+007 1.77095e+007 1.77095e+007 1.77095e+007 1.77095e+007 1.77095e+007 1.77095e+007 1.77095e+007 1.77095e+007 1.77095e+007 1.77095e+007 1.77095e+007 0 0 0 0 0 0 0 0 0 0 0 0 0 0 0 0 0 0 0 0 0 0 0 0 0
#obs survey bio
 4.01418e+006 4.25685e+006 3.47236e+006 2.56424e+006 2.18978e+006 2.41352e+006 2.00341e+006 2.24356e+006 1.79192e+006 1.99609e+006 1.89454e+006 1.32137e+006 1.38437e+006 1.29155e+006 1.00066e+006 1.02697e+006 555974 555952 642576 449285 572226 519280 473653 490290 355422 517109 513130 537566 712499 475488 566835 443556 478484 607662 468097 470670 627395 657112 667824 900253 474820 579812 545879 657288 594459 516652 502392 808638 719198 513682
#pred catch bio
 99412.4 96488.8 145019 192366 234826 255156 292694 299124 290873 271333 301330 268632 260092 228485 228142 211727 193921 170395 156555 136721 128225 123996 116604 110384 109741 99923.9 99971.9 97463.3 110063 95304.8 96782.8 103860 87782.3 91678.4 95812.5 77687.9 89627.2 92237.4 83304.7 93443.3 85409.7 90511.5 88865.1 90636.2 90862.8 92932.3 86611.6 91763 93752.3 99815 84748.6 96980.5 95201.2 97178.1 101928 107462 112594 116839 120110 122512 124215 125391 126187 126718 127067 127295 127443 127538 127599 127637 127662 127678 127688 127694 127698 127700 127702 127703 127703 127704 127704 127704 127704 127704 127704 127704 127704 127704 127704 127704 127704 127704 127704 127704 127704 127704 127704 127704 127704 127704 127704 127704 127704 127704 127704 127704 127704 127704 127704 127704 127704 127704 127704 127704 127704 127704 127704 127704 127704 127704 127704 127704 127704 127704 127704 127704 127704 127704 127704 127704 127704 127704 127704 127704 127704 127704 127704 127704 127704 127704 127704 127704 127704 127704 127704 127704 127704 127704 127704 127704 0 0 0 0 0 0 0 0 0 0 0 0 0 0 0 0 0 0 0 0 0 0 0 0 0
#obs catch bio
 0 96244.8 145611 193665 237672 258492 298736 306142 298054 278418 310347 276356 267168 232789 233904 216080 198514 174367 160685 140040 130935 126435 119484 112818 112737 102043 102124 99066.8 111787 96478.6 98144 105603 88768.2 92794 97426.7 78444.5 90556.4 93160.8 83544.5 93417.9 85510.9 90654.5 88977.6 90730.4 90877.3 93098.3 86483.9 91650.8 93535 99881.6
#pred cpue bio
 4.58778e+006 4.33561e+006 4.09032e+006 3.80542e+006 3.49405e+006 3.16867e+006 2.85612e+006 2.5377e+006 2.24492e+006 1.98932e+006 1.77798e+006 1.55017e+006 1.36996e+006 1.20614e+006 1.08178e+006 959888 856141 770627 709268 660503 631283 609220 589820 577550 571743 566034 571078 575103 580143 567350 568495 565829 552069 554285 549737 537108 544408 541610 540997 554400 556882 568385 574067 581485 586648 591080 592491 600880 602994 601183 2.05904e+007 1.20324e+007 1.1887e+007 1.22114e+007 1.28906e+007 1.36732e+007 1.44071e+007 1.50281e+007 1.55225e+007 1.59008e+007 1.61831e+007 1.63903e+007 1.6541e+007 1.66502e+007 1.67291e+007 1.67864e+007 1.68281e+007 1.68586e+007 1.68811e+007 1.68977e+007 1.69101e+007 1.69193e+007 1.69263e+007 1.69316e+007 1.69356e+007 1.69386e+007 1.69409e+007 1.69427e+007 1.69441e+007 1.69451e+007 1.69459e+007 1.69465e+007 1.6947e+007 1.69473e+007 1.69476e+007 1.69478e+007 1.6948e+007 1.69481e+007 1.69482e+007 1.69483e+007 1.69484e+007 1.69484e+007 1.69485e+007 1.69485e+007 1.69485e+007 1.69485e+007 1.69486e+007 1.69486e+007 1.69486e+007 1.69486e+007 1.69486e+007 1.69486e+007 1.69486e+007 1.69486e+007 1.69486e+007 1.69486e+007 1.69486e+007 1.69486e+007 1.69486e+007 1.69486e+007 1.69486e+007 1.69486e+007 1.69486e+007 1.69486e+007 1.69486e+007 1.69486e+007 1.69486e+007 1.69486e+007 1.69486e+007 1.69486e+007 1.69486e+007 1.69486e+007 1.69486e+007 1.69486e+007 1.69486e+007 1.69486e+007 1.69486e+007 1.69486e+007 1.69486e+007 1.69486e+007 1.69486e+007 1.69486e+007 1.69486e+007 1.69486e+007 1.69486e+007 1.69486e+007 1.69486e+007 1.69486e+007 1.69486e+007 1.69486e+007 1.69486e+007 1.69486e+007 1.69486e+007 1.69486e+007 1.69486e+007 1.69486e+007 1.69486e+007 1.69486e+007 1.69486e+007 1.69486e+007 0 0 0 0 0 0 0 0 0 0 0 0 0 0 0 0 0 0 0 0 0 0 0 0 0
#obs cpue bio
 4.06698e+006 2.99056e+006 2.1704e+006 3.38716e+006 2.6638e+006 3.51006e+006 2.33835e+006 2.05769e+006 2.22675e+006 1.1549e+006 1.83786e+006 1.15414e+006 1.36497e+006 1.25944e+006 737506 900389 846353 727641 483618 658405 615565 611592 366545 547478 499895 541282 498422 614435 604377 501456 454501 637015 536252 483882 468750 513047 628075 436224 573993 602736 474604 642299 589400 562102 633575 655279 841679 519395 573057 640766
#pred surv len freq
 0.00491324 0.00798538 0.0120347 0.0170493 0.0229164 0.029341 0.0358157 0.0417403 0.0466448 0.0503431 0.0529182 0.054596 0.0556254 0.0562091 0.0564687 0.0564333 0.0560493 0.0552056 0.0537496 0.0514812 0.0481518 0.0435242 0.0375246 0.030418 0.022861
 0.00522843 0.00838099 0.0124195 0.0172804 0.0228552 0.0289324 0.0351394 0.0409896 0.046035 0.0500031 0.0528322 0.0546285 0.0556045 0.0560186 0.0561044 0.0560037 0.0557266 0.055148 0.0540279 0.0520439 0.0488479 0.0441726 0.037992 0.0306622 0.0229228
 0.00553392 0.00888311 0.0131764 0.0183255 0.0241628 0.0303823 0.03651 0.0420125 0.0465025 0.0498688 0.0522292 0.0537836 0.0547108 0.055156 0.0552543 0.0551279 0.0548407 0.0543363 0.0533972 0.0516556 0.0486783 0.0441283 0.0379656 0.030587 0.0227915
 0.00578562 0.00929365 0.0137984 0.0192127 0.0253622 0.0319158 0.038344 0.0440276 0.0484834 0.051537 0.0533205 0.0541417 0.0543426 0.0542098 0.0539355 0.0536145 0.0532524 0.0527575 0.0519078 0.0503327 0.0475707 0.0432382 0.0372579 0.0300193 0.0223383
 0.00603682 0.00969739 0.0143983 0.0200491 0.0264683 0.0333104 0.0400206 0.045943 0.0505492 0.053613 0.0552134 0.0556235 0.055198 0.0543023 0.0532567 0.052282 0.0514594 0.0507107 0.0497884 0.0482857 0.0457049 0.0416244 0.0359286 0.0289755 0.0215603
 0.00633117 0.0101637 0.0150779 0.0209736 0.0276566 0.0347632 0.0417129 0.0478208 0.0525341 0.0556103 0.0571152 0.0573017 0.056499 0.0550584 0.053323 0.0515864 0.0500377 0.0487037 0.0474057 0.0457559 0.0432369 0.039384 0.0340278 0.0274695 0.0204506
 0.00660215 0.010602 0.0157332 0.0218905 0.028866 0.0362692 0.0434802 0.0497714 0.0545604 0.057598 0.0589608 0.0589162 0.0577971 0.0559444 0.0536862 0.0513178 0.049067 0.0470408 0.0451617 0.0431317 0.0404826 0.036748 0.0317115 0.0255981 0.0190633
 0.00689321 0.0110696 0.016427 0.0228542 0.0301307 0.0378423 0.0453322 0.0518278 0.0567085 0.0597048 0.0608952 0.0605652 0.0590733 0.0567812 0.0540252 0.0510978 0.0482278 0.0455496 0.0430513 0.0405289 0.0376056 0.0338672 0.0290884 0.023425 0.017428
 0.00719895 0.0115559 0.0171395 0.0238291 0.0313904 0.0393875 0.0471311 0.0538114 0.0587757 0.0617374 0.0627734 0.0621791 0.0603296 0.0576064 0.0543639 0.0509056 0.0474666 0.0441933 0.04111 0.0380818 0.0348221 0.0309937 0.0263966 0.0211417 0.0156791
 0.00743718 0.0119465 0.0177333 0.0246753 0.0325265 0.0408243 0.0488372 0.055709 0.060753 0.063671 0.0645483 0.0636986 0.0615156 0.0583968 0.0547088 0.0507642 0.0468055 0.0429904 0.0393699 0.035862 0.0322569 0.0282951 0.023818 0.0189129 0.0139441
 0.00761772 0.0122391 0.0181728 0.0252962 0.0333594 0.0418889 0.0501322 0.0572031 0.0623826 0.065346 0.0661635 0.0651477 0.0627037 0.0592482 0.0551675 0.0507889 0.0463642 0.0420615 0.037953 0.0339998 0.030057 0.0259361 0.0215233 0.0168966 0.012351
 0.00787617 0.0126567 0.0187962 0.0261657 0.0345004 0.0432985 0.0517666 0.0589757 0.0641786 0.0670457 0.067663 0.0663663 0.0635842 0.0597523 0.0552721 0.050482 0.04564 0.0409194 0.0364053 0.0320883 0.027875 0.0236369 0.0193028 0.0149466 0.0108055
 0.00809586 0.0130047 0.0193035 0.026857 0.0353919 0.0443936 0.0530488 0.0604013 0.0656758 0.068523 0.0690209 0.0675124 0.0644442 0.0602761 0.0554321 0.0502671 0.0450488 0.0399571 0.0350882 0.030457 0.0260103 0.0216683 0.017395 0.0132634 0.0094638
 0.00845962 0.0135623 0.0200798 0.0278525 0.0365845 0.0457424 0.0544956 0.0618724 0.067089 0.0697985 0.0700917 0.0683273 0.0649662 0.0604807 0.0553074 0.0498122 0.0442724 0.0388749 0.033725 0.0288557 0.0242441 0.0198474 0.015657 0.0117436 0.00825783
 0.00864657 0.0138785 0.0205767 0.0285815 0.0375808 0.0470022 0.0559582 0.0634223 0.0685831 0.0711059 0.0711227 0.0690404 0.065356 0.0605601 0.0550934 0.0493205 0.0435167 0.0378707 0.0324954 0.0274396 0.0227056 0.0182797 0.0141732 0.0104533 0.0072371
 0.00885944 0.0142195 0.0210813 0.0292816 0.0385007 0.0481514 0.0573183 0.064935 0.0701469 0.0725861 0.0723751 0.0699425 0.0658339 0.0605998 0.0547316 0.0486211 0.0425478 0.0366909 0.0311542 0.025986 0.0212003 0.016801 0.0128114 0.00929237 0.00633172
 0.00907358 0.0145573 0.0215705 0.0299411 0.039338 0.0491584 0.0584661 0.0661723 0.0714041 0.0737834 0.0734297 0.0707722 0.0663644 0.0607763 0.0545327 0.0480652 0.0416864 0.0355939 0.0298949 0.0246352 0.0198283 0.0154816 0.0116198 0.00829283 0.00556196
 0.00921281 0.014787 0.021922 0.0304445 0.0400147 0.0500099 0.0594641 0.067257 0.0724955 0.0747992 0.0742998 0.0714445 0.0668012 0.0609503 0.0544258 0.0476733 0.0410255 0.0347032 0.0288329 0.0234728 0.0186413 0.014346 0.0106045 0.00745119 0.00492092
 0.00929042 0.0149069 0.0220916 0.0306694 0.0403012 0.0503671 0.0599031 0.0677847 0.0731057 0.0754658 0.0749769 0.0720737 0.0673237 0.0613161 0.0545985 0.0476307 0.0407605 0.0342262 0.0281746 0.0226837 0.0177873 0.0134989 0.00983204 0.00680463 0.00442684
 0.00940595 0.0150791 0.0223219 0.0309485 0.0406126 0.050692 0.0602257 0.0680955 0.0734029 0.0757549 0.0752656 0.0723636 0.0676025 0.0615564 0.0547626 0.0476806 0.0406669 0.0339752 0.0277721 0.022157 0.0171826 0.0128749 0.00924804 0.00630827 0.00404451
 0.00948552 0.0151942 0.0224686 0.0311136 0.040777 0.0508366 0.0603368 0.0681684 0.0734434 0.0757788 0.0752963 0.0724257 0.0677131 0.0617157 0.0549506 0.0478596 0.0407914 0.0340046 0.0276818 0.0219458 0.0168735 0.0125096 0.00887627 0.00597476 0.00377842
 0.00963412 0.0154112 0.0227488 0.0314354 0.0411063 0.0511359 0.0605728 0.068317 0.0734935 0.0757347 0.0751785 0.0722676 0.0675528 0.0615862 0.05487 0.0478261 0.0407837 0.0339892 0.0276247 0.0218246 0.0166857 0.0122735 0.00862343 0.00573916 0.00358523
 0.00968807 0.0155094 0.0229148 0.0316934 0.0414711 0.0515983 0.0610897 0.0688162 0.0738935 0.0759724 0.0752281 0.0721441 0.0673012 0.0612646 0.0545341 0.0475172 0.0405222 0.0337735 0.0274378 0.0216443 0.0164965 0.0120731 0.00842316 0.00555682 0.00343639
 0.00974294 0.0155852 0.0230052 0.0317877 0.041561 0.0516869 0.0611947 0.0689612 0.0740912 0.0762091 0.0754628 0.0723235 0.0673832 0.0612356 0.0544113 0.047337 0.0403235 0.0335844 0.0272695 0.021494 0.0163553 0.0119349 0.00828927 0.00543496 0.00333555
 0.00970441 0.0155338 0.0229479 0.0317366 0.041528 0.0516776 0.0612055 0.0689838 0.0741219 0.0762551 0.075538 0.0724361 0.0675243 0.0613787 0.0545246 0.0473989 0.0403311 0.0335501 0.0272107 0.0214242 0.0162809 0.0118582 0.0082127 0.00536308 0.00327407
 0.00962752 0.0154201 0.0227985 0.0315613 0.0413446 0.0515085 0.0610741 0.0689094 0.0741144 0.0763125 0.0756482 0.0725832 0.067694 0.061559 0.0547021 0.0475577 0.0404557 0.0336317 0.0272499 0.0214291 0.016262 0.0118249 0.00817238 0.00532196 0.00323725
 0.00947124 0.0151753 0.0224486 0.0310999 0.0407804 0.0508707 0.0604158 0.0683042 0.0736426 0.0760397 0.0756076 0.0727693 0.0680689 0.0620653 0.0552774 0.0481447 0.0410077 0.0341151 0.0276454 0.0217313 0.0164769 0.0119658 0.00825601 0.00536517 0.00325506
 0.0093185 0.0149394 0.0221166 0.0306684 0.0402558 0.05027 0.059769 0.0676568 0.0730536 0.0755741 0.0753245 0.072709 0.0682423 0.0624506 0.0558245 0.048787 0.0416761 0.0347498 0.0282032 0.0221874 0.0168245 0.012212 0.00841727 0.00546186 0.00330743
 0.0092132 0.0147659 0.021852 0.0302917 0.0397548 0.0496503 0.0590618 0.0669192 0.0723576 0.0749913 0.0749131 0.0725079 0.0682704 0.0627056 0.0562817 0.0493991 0.0423794 0.0354745 0.0288855 0.02278 0.0173011 0.0125672 0.00866198 0.00561708 0.00339753
 0.0092952 0.0148874 0.0220117 0.0304776 0.0399432 0.0498071 0.0591464 0.0668915 0.072191 0.0746842 0.074495 0.0720347 0.0678106 0.0623253 0.0560308 0.0493031 0.0424355 0.0356541 0.0291428 0.0230638 0.0175676 0.0127877 0.00882517 0.00572572 0.00346263
 0.00918964 0.0147313 0.0218055 0.0302319 0.0396757 0.0495371 0.0588897 0.0666586 0.0719861 0.0745062 0.0743411 0.0719054 0.0677145 0.0622795 0.0560571 0.04942 0.0426496 0.0359547 0.0295018 0.0234419 0.017924 0.0130904 0.00905749 0.00588695 0.00356374
 0.00911511 0.0146131 0.021634 0.030002 0.03939 0.0492095 0.0585473 0.0663383 0.0717243 0.0743276 0.0742506 0.0718902 0.0677537 0.0623557 0.0561634 0.0495606 0.0428341 0.036189 0.0297804 0.023746 0.0182254 0.0133605 0.00927583 0.00604586 0.00366773
 0.00913962 0.0146502 0.021684 0.0300622 0.0394535 0.0492652 0.0585808 0.0663352 0.0716758 0.0742343 0.0741236 0.0717461 0.0676081 0.0622194 0.0560435 0.0494643 0.0427716 0.0361715 0.029815 0.0238299 0.0183446 0.0134936 0.00940075 0.00614735 0.00373994
 0.00893642 0.0143459 0.0212751 0.0295638 0.0388964 0.0486899 0.0580323 0.065859 0.0713129 0.0740147 0.0740607 0.0718359 0.0678319 0.062548 0.0564426 0.0498992 0.0432128 0.0365982 0.030215 0.0241961 0.0186706 0.0137717 0.00962427 0.0063136 0.00385287
 0.00889846 0.0142686 0.021131 0.0293209 0.0385295 0.0481971 0.0574473 0.0652489 0.0707598 0.0735906 0.0738089 0.0717667 0.0679303 0.0627845 0.0567816 0.0503042 0.0436495 0.0370368 0.0306326 0.0245765 0.0190032 0.0140497 0.00984408 0.00647589 0.00396327
 0.00965002 0.0153302 0.0224313 0.0306896 0.0397421 0.0490485 0.0578147 0.0651142 0.0701935 0.0727172 0.0727736 0.0707073 0.0669556 0.061963 0.0561412 0.0498419 0.0433436 0.0368576 0.0305494 0.0245611 0.0190314 0.0141015 0.00990334 0.00653094 0.00400721
 0.0101505 0.0161244 0.0235817 0.0322194 0.0416046 0.0510957 0.0597869 0.0666815 0.0710545 0.0727119 0.071943 0.0692655 0.0651977 0.0601658 0.0545021 0.0484651 0.0422576 0.0360438 0.0299667 0.0241628 0.0187734 0.0139457 0.00981786 0.00649013 0.00399171
 0.00992455 0.0158869 0.0234638 0.0324212 0.0423397 0.0524998 0.0618348 0.0691575 0.0735931 0.0748908 0.0733945 0.0697722 0.0647441 0.0589259 0.0527684 0.0465512 0.0404183 0.0344383 0.0286629 0.023164 0.0180469 0.0134438 0.00949017 0.00628956 0.00387773
 0.00954324 0.0153085 0.0226789 0.0314703 0.0413294 0.0516109 0.061309 0.0692426 0.0744484 0.0764914 0.0754957 0.0719696 0.0666068 0.0601381 0.053214 0.046314 0.039713 0.0335159 0.0277333 0.022359 0.0174218 0.0129993 0.00919789 0.00611144 0.0037774
 0.00939746 0.0150369 0.0222087 0.03072 0.0402381 0.0501844 0.0596609 0.0676043 0.0731298 0.0757993 0.0756357 0.0729666 0.0682787 0.0621427 0.0551589 0.047883 0.0407513 0.0340396 0.0278739 0.0222832 0.0172685 0.0128527 0.009092 0.00604816 0.00374538
 0.00945808 0.0151238 0.0223142 0.0308197 0.0402856 0.0501102 0.059383 0.0670573 0.0723088 0.0747977 0.0746484 0.07224 0.0680214 0.0624376 0.0559227 0.0488989 0.0417584 0.0348323 0.0283619 0.02249 0.0172841 0.0127772 0.00899835 0.00597293 0.00369741
 0.00938077 0.0150109 0.0221679 0.0306495 0.0401043 0.0499261 0.0591921 0.0668395 0.0720303 0.0744261 0.0741782 0.0717192 0.0675588 0.0621745 0.0559739 0.0492927 0.042414 0.0355925 0.0290613 0.023019 0.0176136 0.0129418 0.00905852 0.005983 0.00369139
 0.00935791 0.0149727 0.0221088 0.0305652 0.0399938 0.0497945 0.0590517 0.0667051 0.0719108 0.0743154 0.0740538 0.071554 0.0673431 0.0619365 0.0557814 0.0492278 0.0425305 0.0358829 0.0294565 0.0234219 0.0179444 0.0131648 0.00918155 0.00603679 0.00370818
 0.00928748 0.0148672 0.0219669 0.0303912 0.0397962 0.0495836 0.0588384 0.066502 0.0717323 0.0741764 0.0739637 0.0715115 0.0673351 0.0619458 0.055801 0.0492709 0.0426269 0.0360587 0.0297121 0.0237245 0.0182418 0.013411 0.0093544 0.00614014 0.00376082
 0.00924374 0.0147967 0.0218622 0.030247 0.0396116 0.0493647 0.0586005 0.0662677 0.0715265 0.0740189 0.0738654 0.0714736 0.0673511 0.0620041 0.0558887 0.0493789 0.0427545 0.0362132 0.0299004 0.0239418 0.0184682 0.0136183 0.00951946 0.00625392 0.0038287
 0.00921781 0.014754 0.021797 0.0301533 0.0394844 0.0492022 0.0584062 0.0660522 0.0713077 0.073819 0.0737066 0.0713731 0.0673171 0.0620348 0.0559735 0.0495037 0.0429061 0.036383 0.0300837 0.0241342 0.0186606 0.0137963 0.00966814 0.0063643 0.00390084
 0.00922882 0.0147685 0.0218123 0.0301644 0.0394842 0.0491831 0.0583614 0.0659775 0.0712024 0.0736877 0.0735601 0.0712272 0.0671903 0.0619435 0.0559283 0.0495069 0.0429531 0.0364652 0.0301916 0.0242585 0.0187914 0.0139225 0.00977868 0.00645105 0.00396125
 0.009114 0.0145994 0.0215903 0.0299022 0.0392023 0.0489034 0.0581027 0.0657543 0.0710254 0.0735647 0.0734953 0.0712219 0.0672425 0.062049 0.056081 0.049699 0.0431745 0.0367038 0.0304345 0.0244931 0.0190063 0.0141085 0.0099294 0.00656394 0.00403842
 0.00886406 0.0142372 0.0211274 0.0293785 0.0386763 0.0484346 0.0577369 0.0655169 0.0709222 0.0735848 0.0736163 0.0714154 0.0674817 0.0623136 0.0563588 0.0499835 0.0434619 0.0369896 0.0307118 0.0247531 0.0192398 0.0143072 0.0100881 0.00668163 0.00411861
 0.00838605 0.0135294 0.0201927 0.0282693 0.0374855 0.0472765 0.0567288 0.0647635 0.0704997 0.0735238 0.0738937 0.0719627 0.0682073 0.0631274 0.0571891 0.0507823 0.044202 0.0376577 0.0313018 0.0252615 0.019664 0.0146466 0.0103454 0.00686439 0.0042389
#obs surv len freq
 nan nan nan nan nan nan nan nan nan nan nan nan nan nan nan nan nan nan nan nan nan nan nan nan nan
 0.00449005 0.0073535 0.0111849 0.0160013 0.0217004 0.0279728 0.0342833 0.0400113 0.0446887 0.0481514 0.0505092 0.0520055 0.0528985 0.0534116 0.0537265 0.0539819 0.0542608 0.0545538 0.0546927 0.0542847 0.0527228 0.0493551 0.043805 0.0362852 0.0276691
 0.00461329 0.00755886 0.0115028 0.0164617 0.0223251 0.0287636 0.0352104 0.0410115 0.0456749 0.049032 0.0512055 0.0524634 0.0530924 0.0533433 0.0534199 0.053475 0.0535974 0.0537765 0.0538406 0.0533946 0.0518336 0.0485099 0.0430489 0.0356563 0.0271884
 0.0047764 0.00782413 0.0119025 0.0170269 0.0230803 0.0297183 0.0363484 0.042284 0.047003 0.0503161 0.0523398 0.0533504 0.0536565 0.0535405 0.0532415 0.052945 0.0527635 0.0527002 0.0525893 0.0520393 0.0504498 0.0471782 0.0418493 0.0346549 0.0264216
 0.00496182 0.00812847 0.0123659 0.0176882 0.0239696 0.0308449 0.0376888 0.0437783 0.0485632 0.0518422 0.0537322 0.0545163 0.0545116 0.054014 0.0532843 0.0525381 0.0519226 0.0514742 0.0510548 0.0502951 0.0486121 0.0453747 0.0402055 0.0332733 0.0253598
 0.00517759 0.00847956 0.012895 0.0184359 0.024967 0.0321023 0.0391832 0.0454478 0.0503146 0.0535666 0.0553221 0.0558744 0.0555542 0.0546701 0.053496 0.0522639 0.0511451 0.0502097 0.049361 0.0482741 0.0464074 0.0431579 0.0381525 0.0315302 0.0240118
 0.00541371 0.00886647 0.0134829 0.019273 0.0260903 0.0335222 0.0408687 0.0473221 0.0522668 0.0554737 0.0570686 0.057362 0.0567027 0.0554138 0.0537807 0.0520453 0.0503929 0.0489173 0.0475615 0.0460553 0.0439186 0.0405995 0.0357432 0.0294603 0.0223982
 0.00565053 0.00925578 0.0140769 0.0201236 0.027239 0.0349851 0.0426198 0.0492869 0.0543318 0.0575077 0.0589439 0.058968 0.0579507 0.0562366 0.0541271 0.0518755 0.0496761 0.0476384 0.0457373 0.0437569 0.0412878 0.0378457 0.0331103 0.027171 0.0205974
 0.00588832 0.00964518 0.0146685 0.0209667 0.0283734 0.0364265 0.044345 0.0512272 0.0563816 0.059543 0.0608409 0.0606149 0.0592536 0.0571207 0.0545355 0.0517657 0.0490167 0.0464121 0.0439536 0.041475 0.0386387 0.0350351 0.0303902 0.0247809 0.018701
 0.006139 0.0100548 0.0152888 0.0218471 0.0295516 0.0379134 0.0461096 0.0531918 0.0584327 0.0615543 0.0626925 0.0622046 0.0604987 0.0579559 0.0549097 0.0516388 0.0483574 0.0452014 0.042197 0.0392238 0.0360133 0.0322321 0.0276582 0.0223634 0.0167702
 0.00638258 0.0104557 0.0159012 0.0227242 0.0307347 0.039415 0.0478961 0.0551783 0.060496 0.0635575 0.0645091 0.0637317 0.0616599 0.0586981 0.0551971 0.0514449 0.0476615 0.0439896 0.0404741 0.037035 0.0334675 0.0295122 0.0249998 0.0200019 0.0148763
 0.0066258 0.0108528 0.0165021 0.0235768 0.0318757 0.0408559 0.0496078 0.0570847 0.0624831 0.0654937 0.0662668 0.0652021 0.0627606 0.0593745 0.0554181 0.0511958 0.0469356 0.0427861 0.0388052 0.0349452 0.0310563 0.0269453 0.0224928 0.0177725 0.0130846
 0.00683536 0.0111996 0.0170352 0.0243453 0.0329187 0.0421863 0.0511967 0.0588565 0.0643274 0.0672871 0.067893 0.0665635 0.0637813 0.0600006 0.0556163 0.0509498 0.0462419 0.0416508 0.0372484 0.0330144 0.0288445 0.0246017 0.0202093 0.0157433 0.0114529
 0.00706223 0.0115688 0.0175917 0.0251309 0.0339642 0.0434985 0.0527447 0.0605662 0.0660906 0.0689816 0.069403 0.0677932 0.0646618 0.0604892 0.0556927 0.05061 0.0454921 0.0405058 0.035735 0.0311826 0.026783 0.0224449 0.0181263 0.0139029 0.00997811
 0.00727735 0.0119237 0.0181348 0.0259091 0.035012 0.044821 0.0543017 0.0622694 0.067818 0.0706035 0.0708052 0.0688896 0.0653957 0.0608309 0.0556345 0.0501602 0.0446696 0.0393361 0.0342532 0.0294421 0.0248673 0.0204741 0.0162465 0.0122568 0.00866737
 0.00744109 0.0121935 0.0185478 0.0265028 0.0358175 0.0458518 0.0555412 0.0636641 0.0692821 0.0720324 0.0720924 0.0699408 0.0661391 0.0612221 0.0556558 0.0498157 0.0439782 0.0383271 0.032966 0.0279319 0.0232131 0.0187825 0.0146425 0.0108595 0.00755925
 0.00753781 0.0123543 0.0187969 0.0268659 0.036318 0.0465043 0.0563439 0.0645942 0.0702979 0.0730783 0.0731039 0.0708493 0.0668767 0.0617281 0.0558841 0.0497395 0.0435918 0.037644 0.032018 0.0267697 0.0219099 0.0174336 0.013356 0.00973608 0.00666777
 0.00758558 0.0124285 0.0189028 0.0270082 0.0365027 0.0467405 0.0566442 0.0649724 0.0707634 0.0736302 0.073727 0.0715108 0.0675282 0.0623098 0.0563323 0.049996 0.0436127 0.037407 0.0315268 0.026056 0.021033 0.0164766 0.0124138 0.00889729 0.00599419
 0.00767547 0.0125614 0.019078 0.0272166 0.0367291 0.0469691 0.0568634 0.0651778 0.0709598 0.0738312 0.0739508 0.0717731 0.0678321 0.0626394 0.056651 0.0502522 0.0437506 0.037379 0.0313054 0.0256429 0.0204622 0.0158102 0.0117305 0.00827346 0.0054853
 0.00774785 0.0126769 0.019247 0.0274448 0.0370143 0.0472966 0.0572039 0.065492 0.0712101 0.073996 0.0740334 0.0717994 0.0678386 0.0626576 0.0566946 0.050311 0.0437921 0.0373592 0.0311829 0.0253941 0.0200918 0.0153531 0.0112426 0.00781547 0.00510456
 0.00777502 0.0127193 0.0193078 0.0275265 0.0371188 0.0474253 0.0573562 0.0656632 0.0713887 0.0741649 0.0741737 0.0718981 0.0678949 0.0626839 0.0567099 0.0503294 0.0438136 0.0373655 0.0311445 0.0252829 0.0198952 0.0150826 0.0109319 0.00750834 0.0048398
 0.00782189 0.0127883 0.0193981 0.0276328 0.0372328 0.0475388 0.0574633 0.0657611 0.0714775 0.0742454 0.0742455 0.0719581 0.0679379 0.0627056 0.0567107 0.0503147 0.0437894 0.0373326 0.0310939 0.0251991 0.0197656 0.0149069 0.010726 0.00729927 0.00465487
 0.00784053 0.0128152 0.0194323 0.0276707 0.037269 0.0475669 0.0574783 0.0657606 0.0714636 0.0742255 0.0742309 0.07196 0.0679629 0.0627528 0.0567721 0.0503798 0.0438485 0.0373778 0.0311175 0.025193 0.0197227 0.0148262 0.010616 0.00717711 0.00454008
 0.00787325 0.012863 0.0194941 0.0277418 0.0373417 0.0476326 0.0575287 0.0657891 0.0714665 0.0742032 0.0741888 0.0719081 0.0679138 0.0627177 0.0567576 0.0503856 0.0438684 0.0374018 0.0311351 0.0251945 0.0197012 0.0147796 0.0105488 0.00709979 0.00446528
 0.00789714 0.0129014 0.0195507 0.0278187 0.0374383 0.0477432 0.0576419 0.0658892 0.0715372 0.0742332 0.0741751 0.0718567 0.0678371 0.0626307 0.0566746 0.0503171 0.043819 0.0373699 0.0311139 0.0251749 0.0196752 0.0147425 0.0105012 0.00704679 0.00441437
 0.0079055 0.0129111 0.0195582 0.0278192 0.0374274 0.0477202 0.0576113 0.0658596 0.0715174 0.0742277 0.0741823 0.0718708 0.0678512 0.0626413 0.056682 0.0503248 0.0438308 0.0373875 0.0311356 0.0251956 0.0196887 0.0147444 0.0104906 0.00702667 0.00439028
 0.00790202 0.0129044 0.0195464 0.0277992 0.0373959 0.0476745 0.0575503 0.065786 0.0714384 0.0741547 0.0741281 0.0718452 0.0678576 0.0626756 0.0567357 0.0503883 0.043897 0.0374522 0.0311959 0.0252487 0.0197312 0.0147734 0.0105052 0.00702909 0.00438474
 0.00791556 0.012919 0.0195544 0.0277897 0.0373572 0.0475993 0.0574404 0.065652 0.0712972 0.074024 0.0740234 0.0717777 0.0678337 0.0626964 0.0567962 0.0504786 0.0440043 0.0375642 0.0313026 0.025343 0.0198087 0.0148317 0.0105444 0.00705155 0.00439473
 0.00789629 0.0128936 0.0195269 0.0277659 0.0373418 0.0475916 0.0574317 0.0656287 0.0712472 0.0739448 0.0739241 0.0716765 0.067751 0.0626479 0.0567894 0.0505126 0.0440713 0.0376524 0.031399 0.0254363 0.0198903 0.0148966 0.0105911 0.00708148 0.00441138
 0.0078552 0.0128236 0.0194165 0.0276047 0.0371254 0.047328 0.0571449 0.0653549 0.0710238 0.0737968 0.0738584 0.0716845 0.0678182 0.0627615 0.0569405 0.0506942 0.0442751 0.0378669 0.0316109 0.025632 0.0200589 0.0150316 0.010691 0.00714927 0.0044532
 0.00787607 0.0128493 0.0194394 0.0276116 0.0371001 0.0472554 0.057017 0.0651746 0.0708073 0.0735712 0.0736558 0.0715333 0.0677349 0.0627483 0.0569889 0.0507908 0.0444064 0.0380202 0.0317738 0.0257921 0.0202044 0.0151536 0.010785 0.00721535 0.00449541
 0.00785551 0.0128205 0.0194041 0.0275734 0.0370613 0.0472142 0.0569656 0.0651013 0.0707018 0.0734322 0.0734944 0.071372 0.0676013 0.0626665 0.0569721 0.0508391 0.044509 0.0381607 0.0319344 0.0259559 0.0203572 0.0152848 0.0108884 0.00728994 0.00454431
 0.00781624 0.0127567 0.0193088 0.0274415 0.0368926 0.0470162 0.056755 0.0649013 0.0705345 0.0733103 0.0734187 0.0713352 0.0675961 0.0626911 0.0570311 0.050938 0.0446488 0.0383346 0.0321288 0.0261541 0.0205427 0.0154447 0.0110152 0.00738216 0.00460547
 0.00778961 0.012711 0.0192356 0.0273318 0.0367388 0.0468166 0.0565172 0.0646436 0.0702838 0.073096 0.0732654 0.0712562 0.0675917 0.0627515 0.0571419 0.0510865 0.044826 0.0385334 0.0323405 0.0263667 0.0207425 0.0156188 0.0111551 0.00748515 0.0046746
 0.00774141 0.0126327 0.0191181 0.0271668 0.0365213 0.0465472 0.0562055 0.06431 0.0699567 0.0728074 0.0730453 0.0711279 0.0675675 0.0628306 0.0573109 0.0513234 0.0451062 0.0388341 0.0326428 0.0266548 0.0210029 0.0158404 0.0113309 0.00761399 0.00476108
 0.00934664 0.0148773 0.0218218 0.0299366 0.0388655 0.0480574 0.0567009 0.0638646 0.0688158 0.0712647 0.0713525 0.0694612 0.0660343 0.0614883 0.0561833 0.0504114 0.0443945 0.0382985 0.0322553 0.0263876 0.0208296 0.0157368 0.0112753 0.00758836 0.00475176
 0.00934425 0.0151676 0.0227769 0.032016 0.0424147 0.053037 0.0625149 0.0694577 0.0730478 0.0733601 0.0711573 0.0673832 0.0627654 0.0577108 0.0524014 0.0469223 0.0413373 0.0357164 0.0301415 0.0247111 0.019547 0.014797 0.0106215 0.0071604 0.00449069
 0.0089779 0.0145973 0.0219874 0.0310665 0.0414902 0.0524799 0.0627814 0.0709541 0.0758853 0.0771748 0.0751574 0.0706486 0.0646297 0.0579921 0.0513698 0.0450813 0.0391884 0.0336233 0.0283059 0.0232113 0.018388 0.0139467 0.0100312 0.00677521 0.00425642
 0.0087967 0.0142897 0.0215015 0.0303508 0.0405143 0.051271 0.0614681 0.0697916 0.0752289 0.0773787 0.0764156 0.0728513 0.0673378 0.0605811 0.0532805 0.046031 0.0392245 0.0330189 0.0273952 0.0222642 0.0175641 0.0133085 0.00957911 0.00647944 0.00407746
 0.00874274 0.0141918 0.0213341 0.0300807 0.0401046 0.0506905 0.0607067 0.0688797 0.074258 0.0765141 0.0758822 0.0728752 0.0680471 0.061913 0.0549619 0.0476693 0.0404676 0.0336897 0.0275242 0.0220218 0.0171543 0.0128897 0.00923679 0.00623806 0.00392601
 0.00872128 0.0141578 0.0212837 0.0300083 0.0400005 0.0505387 0.0604845 0.0685623 0.0738297 0.0759855 0.0753087 0.0723659 0.0677497 0.0619652 0.0554232 0.0484697 0.0414165 0.034551 0.0281181 0.0222891 0.0171511 0.0127306 0.00903233 0.00605846 0.00379815
 0.00869813 0.0141206 0.0212286 0.0299324 0.0399022 0.0504185 0.0603444 0.0684035 0.0736495 0.0757758 0.0750621 0.0720887 0.0674769 0.0617655 0.0553811 0.0486469 0.0418097 0.0350782 0.0286481 0.0227009 0.0173845 0.0127981 0.00899206 0.00597566 0.0037181
 0.00868568 0.0140988 0.021193 0.0298778 0.0398246 0.0503165 0.0602212 0.0682667 0.0735088 0.0756389 0.0749315 0.0719619 0.0673522 0.0616512 0.0553035 0.0486461 0.041921 0.0353068 0.0289558 0.0230178 0.0176414 0.0129571 0.00905626 0.00597568 0.00368981
 0.00867214 0.0140792 0.0211679 0.0298487 0.0397928 0.0502819 0.0601812 0.0682175 0.0734473 0.075565 0.0748481 0.0718739 0.0672645 0.0615686 0.0552338 0.0486036 0.0419256 0.0353751 0.0290882 0.0231918 0.0178182 0.0130997 0.00914552 0.00601463 0.00369534
 0.00864845 0.0140417 0.0211135 0.0297759 0.0397026 0.050179 0.0600742 0.0681176 0.0733649 0.0755061 0.0748128 0.0718578 0.0672612 0.0615736 0.0552456 0.0486248 0.0419632 0.0354381 0.0291822 0.0233126 0.0179501 0.0132208 0.00923816 0.00607225 0.00372292
 0.00865864 0.0140538 0.0211234 0.0297772 0.0396879 0.0501429 0.0600159 0.0680418 0.0732808 0.0754244 0.0747431 0.0718059 0.0672288 0.0615582 0.0552434 0.048633 0.0419821 0.0354708 0.0292323 0.0233805 0.0180301 0.0133018 0.00930775 0.00612256 0.00375298
 0.00865403 0.0140505 0.0211259 0.0297911 0.0397175 0.0501873 0.0600668 0.068085 0.0733013 0.0754132 0.0747006 0.0717413 0.0671552 0.0614878 0.0551844 0.0485891 0.0419543 0.0354594 0.0292378 0.0234026 0.0180658 0.0133448 0.00935005 0.00615725 0.00377675
 0.00862993 0.0140123 0.0210707 0.0297181 0.0396293 0.0500914 0.0599758 0.0680137 0.0732612 0.0754075 0.0747228 0.0717789 0.0671962 0.0615257 0.0552183 0.0486221 0.0419895 0.0354989 0.0292822 0.0234513 0.018117 0.0133952 0.00939538 0.00619377 0.00380271
 0.00861263 0.013987 0.0210379 0.0296796 0.0395879 0.0500492 0.0599343 0.0679741 0.0732265 0.0753821 0.0747115 0.071784 0.0672157 0.0615538 0.0552485 0.0486498 0.0420141 0.0355223 0.0293071 0.0234793 0.018148 0.0134273 0.00942577 0.00621949 0.00382199
 0.00861651 0.0139871 0.0210269 0.0296478 0.0395264 0.0499556 0.0598155 0.0678465 0.0731098 0.0752934 0.0746605 0.0717725 0.0672401 0.0616066 0.0553204 0.048731 0.042096 0.0355991 0.0293762 0.0235404 0.0182016 0.0134735 0.00946402 0.00624929 0.00384334
#pred catch len freq
 0.00460737 0.0072852 0.0106162 0.0145136 0.018922 0.0237969 0.0290332 0.0344284 0.0397223 0.0446651 0.0490599 0.0527794 0.0557692 0.0580351 0.0596085 0.0605083 0.0607195 0.0601897 0.0588227 0.0564579 0.0528649 0.0478111 0.0412319 0.0334274 0.0251243
 0.00492694 0.00770123 0.0110552 0.0148542 0.0190417 0.0236392 0.0286505 0.0339657 0.0393422 0.0444592 0.0490021 0.0527468 0.0556144 0.0576672 0.0590454 0.0598783 0.0602129 0.059979 0.0589851 0.0569382 0.0535 0.0484058 0.0416439 0.0336138 0.0251309
 0.00524877 0.00821052 0.0117885 0.0158174 0.0201878 0.0248492 0.029737 0.0347203 0.0396197 0.0442507 0.048439 0.0520218 0.0548734 0.0569502 0.0583115 0.0590857 0.0593877 0.0592226 0.0584197 0.0566322 0.053426 0.0484584 0.0417019 0.0336012 0.0250389
 0.00554128 0.00867132 0.012457 0.016726 0.0213616 0.0262978 0.0314325 0.0365655 0.0414303 0.0457757 0.0494312 0.0523297 0.0544998 0.0560334 0.0570443 0.0576334 0.0578611 0.0577036 0.0569919 0.0553778 0.0523954 0.0476489 0.041069 0.033094 0.0246276
 0.00584184 0.00913952 0.0131253 0.0176159 0.0224868 0.0276674 0.0330471 0.0384057 0.0434374 0.0478326 0.0513508 0.053872 0.0554264 0.0561843 0.0563959 0.0562995 0.0560406 0.055613 0.054823 0.0532847 0.0504931 0.0460101 0.0397244 0.0320406 0.0238423
 0.00618427 0.00966802 0.0138694 0.0185882 0.0236867 0.0290866 0.0346697 0.0402041 0.0453672 0.0498271 0.0533137 0.0556677 0.056877 0.0570897 0.0565794 0.0556672 0.0546206 0.0535534 0.0523496 0.0506459 0.0479148 0.0436703 0.0377414 0.0304712 0.0226866
 0.00652783 0.0102041 0.0146351 0.0196053 0.0249617 0.0306101 0.0364125 0.0421131 0.047368 0.0518329 0.0552331 0.057406 0.05833 0.0581347 0.0570765 0.0554814 0.0536641 0.051831 0.0499813 0.0478518 0.0449698 0.0408465 0.0352585 0.028465 0.0211997
 0.00688501 0.0107599 0.0154266 0.020654 0.0262756 0.0321843 0.0382247 0.044115 0.0494811 0.0539522 0.0572397 0.0591818 0.0597689 0.0591449 0.057573 0.0553781 0.0528811 0.0503234 0.0477808 0.0450968 0.0419003 0.0377601 0.0324421 0.0261295 0.0194414
 0.00725383 0.0113303 0.016232 0.0217099 0.0275823 0.0337312 0.0399881 0.0460519 0.0515241 0.0560102 0.0592039 0.0609351 0.061198 0.0601501 0.0580729 0.0553063 0.0521818 0.0489592 0.0457582 0.0425013 0.0389186 0.0346645 0.029533 0.0236573 0.017546
 0.0075414 0.0117847 0.0168922 0.0226056 0.0287319 0.0351374 0.0416306 0.0478814 0.0534641 0.057965 0.061069 0.0626054 0.0625733 0.0611405 0.058601 0.0553081 0.0516065 0.0477735 0.0439624 0.0401572 0.0361747 0.0317561 0.0267411 0.0212377 0.0156593
 0.00784177 0.0122495 0.0175495 0.0234697 0.0298066 0.0364194 0.0431073 0.0495228 0.0552154 0.0597459 0.0627797 0.0641389 0.0638294 0.0620349 0.0590684 0.0552982 0.05108 0.0467034 0.0423472 0.0380441 0.0336846 0.0290896 0.0241498 0.018962 0.013862
 0.00814907 0.0127306 0.0182394 0.0243899 0.0309639 0.0378033 0.0446849 0.0512354 0.0569817 0.0614718 0.0643691 0.0655013 0.064885 0.0627189 0.0593331 0.0551123 0.0504245 0.0455703 0.0407459 0.03602 0.0313414 0.026599 0.0217309 0.0168302 0.0121683
 0.00845358 0.0131984 0.0188939 0.0252383 0.0320011 0.0390171 0.0460553 0.0527278 0.0585399 0.0630172 0.0658077 0.0667369 0.0658331 0.0633161 0.0595393 0.0549063 0.0497979 0.0445246 0.0392973 0.0342132 0.0292675 0.0244035 0.0195996 0.0149476 0.0106667
 0.008867 0.0138215 0.0197413 0.0262931 0.0332235 0.0403582 0.0474654 0.0541569 0.0599347 0.0643198 0.0669574 0.0676729 0.0664985 0.0636634 0.0595359 0.0545364 0.0490608 0.0434318 0.0378737 0.032506 0.0273591 0.0224187 0.0176939 0.0132746 0.00933544
 0.00915807 0.0142835 0.0204149 0.027206 0.0343832 0.0417414 0.0490091 0.0557594 0.0614737 0.0656804 0.0680539 0.0684565 0.0669501 0.0637825 0.0593298 0.0540152 0.0482368 0.0423216 0.0365037 0.0309211 0.0256325 0.0206562 0.0160239 0.0118212 0.00818519
 0.00944559 0.014729 0.0210459 0.0280374 0.0354197 0.0429789 0.0504284 0.0573139 0.0630785 0.0672131 0.0693731 0.0694324 0.0674964 0.0638718 0.0589886 0.053302 0.047218 0.0410576 0.0350476 0.0293279 0.0239711 0.0190161 0.0145082 0.010526 0.00717323
 0.00972048 0.015151 0.0216353 0.0287984 0.0363428 0.0440458 0.0516124 0.0585773 0.06437 0.0684665 0.0705078 0.070357 0.0681194 0.0641202 0.058827 0.0527415 0.0463102 0.0398769 0.033675 0.0278427 0.0224531 0.0175497 0.0131794 0.00940864 0.00631124
 0.00987047 0.0153915 0.0219912 0.029291 0.0369866 0.0448429 0.052546 0.0596088 0.0654421 0.0695127 0.071461 0.0711541 0.068703 0.06444 0.0588439 0.0524361 0.045691 0.0389825 0.0325694 0.0266058 0.021172 0.0163118 0.012065 0.00847997 0.00560123
 0.00996418 0.0155339 0.0221881 0.0295444 0.037299 0.0452214 0.0530033 0.0601564 0.0660802 0.0702203 0.0721937 0.071851 0.0692986 0.0648751 0.0590719 0.0524259 0.0454289 0.0384767 0.0318526 0.0257348 0.0202214 0.0153642 0.0111977 0.00775233 0.00504423
 0.0100498 0.0156599 0.0223535 0.0297404 0.0375128 0.0454423 0.0532278 0.0603903 0.0663372 0.0705164 0.0725388 0.0722404 0.0697069 0.0652582 0.0593757 0.0525978 0.045429 0.0382852 0.0314742 0.0252001 0.0195841 0.0146921 0.0105603 0.0072059 0.00462086
 0.0101262 0.0157695 0.0224912 0.029892 0.0376588 0.0455645 0.0533153 0.0604431 0.066366 0.0705412 0.0725856 0.072334 0.0698624 0.0654722 0.0596221 0.0528319 0.0455979 0.038342 0.0313907 0.0249748 0.0192433 0.014284 0.0101422 0.00682934 0.00431969
 0.0102955 0.0160151 0.0228053 0.0302478 0.0380159 0.0458809 0.053557 0.060589 0.0664093 0.0704901 0.0724625 0.0721728 0.0697015 0.0653449 0.059547 0.0528064 0.0455983 0.0383309 0.0313299 0.0248394 0.0190309 0.0140156 0.00985422 0.00656072 0.00409926
 0.01034 0.0160958 0.0229411 0.0304584 0.038314 0.0462607 0.053986 0.0610105 0.0667578 0.0707118 0.0725317 0.0720966 0.0695133 0.0650928 0.05928 0.0525624 0.0453954 0.0381655 0.0311824 0.0246855 0.0188543 0.0138156 0.00964551 0.00636559 0.00393734
 0.0103817 0.0161524 0.0230071 0.0305251 0.0383763 0.0463251 0.0540729 0.0611457 0.0669549 0.0709574 0.0727835 0.072299 0.0696215 0.0650899 0.0591811 0.0524028 0.0452142 0.0379909 0.0310254 0.0245421 0.0187146 0.0136734 0.00950332 0.00623332 0.0038263
 0.0103412 0.0160977 0.0229448 0.0304669 0.0383343 0.0463058 0.0540745 0.0611626 0.0669865 0.0710128 0.0728769 0.0724363 0.0697892 0.0652567 0.0593109 0.0524725 0.0452217 0.0379508 0.0309577 0.0244622 0.0186296 0.0135857 0.00941568 0.00615099 0.00375584
 0.0102018 0.0158927 0.0226772 0.0301552 0.0380095 0.0460044 0.0538317 0.0610061 0.0669317 0.0710603 0.0730145 0.0726451 0.0700489 0.0655465 0.059607 0.0527481 0.0454524 0.0381223 0.0310684 0.0245207 0.0186487 0.0135774 0.00939022 0.00611739 0.00372187
 0.0100163 0.0156091 0.0222843 0.0296564 0.0374235 0.0453655 0.05319 0.060425 0.0664792 0.0707945 0.0729687 0.0728201 0.0704148 0.0660521 0.0601921 0.0533539 0.0460283 0.0386301 0.0314852 0.024839 0.018874 0.0137238 0.00947568 0.00616016 0.00373816
 0.00982001 0.015312 0.021878 0.029147 0.036829 0.044711 0.0525069 0.0597539 0.0658721 0.0703122 0.0726713 0.0727533 0.0705963 0.0664643 0.0607849 0.0540564 0.0467647 0.0393333 0.0321055 0.0253475 0.019262 0.0139987 0.00965551 0.00626776 0.00379624
 0.00976209 0.0152128 0.0217194 0.0289093 0.036495 0.0442736 0.0519758 0.0591587 0.065259 0.0697368 0.0721921 0.0724247 0.0704621 0.0665487 0.0610845 0.0545373 0.0473675 0.0399863 0.0327395 0.0259085 0.0197179 0.01434 0.00989053 0.00641617 0.00388166
 0.0097785 0.0152353 0.0217447 0.0289293 0.0364958 0.0442354 0.0518754 0.0589749 0.064981 0.0693726 0.0717719 0.0719977 0.0700867 0.0662804 0.0609648 0.0545846 0.0475725 0.0403129 0.0331342 0.0263133 0.0200841 0.014637 0.0101082 0.00656059 0.00396832
 0.00966631 0.0150708 0.0215303 0.0286785 0.0362289 0.0439724 0.0516298 0.0587516 0.0647778 0.0691838 0.0715934 0.0718326 0.0699489 0.0661943 0.0609591 0.0546832 0.0477849 0.0406283 0.033521 0.0267266 0.0204771 0.0149726 0.0103666 0.00674026 0.0040811
 0.00962458 0.0150037 0.021431 0.0285421 0.0360548 0.0437662 0.0514055 0.0585294 0.0645786 0.0690219 0.0714721 0.0717458 0.0698877 0.0661548 0.0609476 0.054715 0.0478778 0.0407928 0.0337527 0.0270043 0.0207677 0.0152418 0.0105887 0.00690401 0.00418912
 0.00957068 0.0149237 0.0213246 0.0284135 0.0359104 0.0436124 0.0512472 0.0583712 0.0644274 0.0688878 0.0713668 0.0716779 0.0698591 0.0661606 0.0609805 0.0547711 0.0479601 0.0409087 0.0339074 0.0271939 0.0209768 0.0154477 0.0107691 0.00704464 0.00428665
 0.00936222 0.0146152 0.0209171 0.0279278 0.0353823 0.0430825 0.0507535 0.0579465 0.0640989 0.0686765 0.0712852 0.0717284 0.0700331 0.066439 0.0613356 0.0551715 0.048377 0.0413209 0.0343019 0.0275622 0.0213108 0.0157373 0.0110049 0.00722181 0.00440794
 0.00934309 0.0145697 0.0208226 0.0277563 0.0351092 0.0427002 0.050282 0.0574335 0.0636073 0.0682661 0.0709987 0.0715863 0.0700363 0.0665738 0.0615787 0.0554941 0.0487477 0.0417102 0.0346851 0.027921 0.021632 0.0160114 0.0112256 0.00738726 0.00452187
