SBPRF35
12.7214
Curr Bio
904588
B35
894887
F35
0.170711
FOFL
0.170711
OFL
124509
Bzero
3.63469e+006
#pred survey bio
 3.52984e+006 3.42986e+006 3.32966e+006 3.17144e+006 2.99618e+006 2.76201e+006 2.50438e+006 2.28092e+006 2.01028e+006 1.79295e+006 1.58351e+006 1.41255e+006 1.24266e+006 1.07685e+006 963560 847548 773960 723922 683075 648704 618819 597978 569750 560338 552653 552721 530935 518145 522977 531637 534923 536019 552803 567176 574750 585648 591704 599822 618440 630285 640914 653700 651067 656407 662388 663747 664721 667224 663603 661941 679454 757251 830946 873994 910441 934007 942909 955906 947912 934209 937138 911135 2.07252e+007 1.88373e+007 1.90271e+007 1.97338e+007 2.07953e+007 2.20028e+007 2.31958e+007 2.42778e+007 2.5205e+007 2.59693e+007 2.65826e+007 2.70654e+007 2.74408e+007 2.77302e+007 2.79523e+007 2.81224e+007 2.82527e+007 2.83526e+007 2.84295e+007 2.84889e+007 2.85349e+007 2.85707e+007 2.85987e+007 2.86207e+007 2.8638e+007 2.86518e+007 2.86627e+007 2.86713e+007 2.86783e+007 2.86839e+007 2.86883e+007 2.86919e+007 2.86949e+007 2.86972e+007 2.86991e+007 2.87007e+007 2.8702e+007 2.8703e+007 2.87038e+007 2.87045e+007 2.87051e+007 2.87055e+007 2.87059e+007 2.87062e+007 2.87065e+007 2.87067e+007 2.87068e+007 2.8707e+007 2.87071e+007 2.87072e+007 2.87072e+007 2.87073e+007 2.87074e+007 2.87074e+007 2.87074e+007 2.87075e+007 2.87075e+007 2.87075e+007 2.87075e+007 2.87075e+007 2.87075e+007 2.87075e+007 2.87076e+007 2.87076e+007 2.87076e+007 2.87076e+007 2.87076e+007 2.87076e+007 2.87076e+007 2.87076e+007 2.87076e+007 2.87076e+007 2.87076e+007 2.87076e+007 2.87076e+007 2.87076e+007 2.87076e+007 2.87076e+007 2.87076e+007 2.87076e+007 2.87076e+007 2.87076e+007 2.87076e+007 2.87076e+007 2.87076e+007 2.87076e+007 2.87076e+007 2.87076e+007 2.87076e+007 2.87076e+007 2.87076e+007 2.87076e+007 2.87076e+007 2.87076e+007 2.87076e+007 2.87076e+007 2.87076e+007 2.87076e+007 2.87076e+007 2.87076e+007 0 0 0 0 0 0 0 0 0 0 0 0 0 0 0 0 0 0 0 0 0 0 0 0 0
#obs survey bio
 2.60395e+006 3.85732e+006 3.18284e+006 3.08712e+006 3.42911e+006 1.88297e+006 2.43824e+006 2.00652e+006 1.56725e+006 1.83096e+006 991915 958261 1.23294e+006 803867 843716 692664 488562 791782 879001 672703 594696 540214 736190 587284 313060 611041 560563 496048 455995 531405 312357 613335 456194 497568 511308 501221 466614 698512 586595 839420 733927 361203 486095 595460 889515 833244 660519 472999 542114 645574 591441 717584 960924 977894 820461 923986 1.09851e+006 1.25069e+006 907339 893770 984564 881824
#pred catch bio
 92619.2 96537.3 156455 182056 249214 286219 270978 328953 294215 298536 273179 278406 277176 231514 232416 193119 171195 160565 150908 142812 131400 133730 114785 112335 105393 121816 111111 95284.1 92542.2 97316.2 99099.1 86834.2 90820.9 97986.8 96269 101247 100045 92241.5 99220.4 101122 100535 114221 107117 106274 109504 109202 108214 114290 113417 99048.1 53165.8 62559 91125.4 97882.3 110289 123545 120237 137895 141377 126248 149379 131347 124509 123744 123817 127117 133271 140588 147827 154309 159753 164124 167521 170095 172009 173412 174427 175156 175675 176043 176302 176483 176610 176699 176761 176804 176834 176855 176869 176879 176886 176890 176894 176896 176897 176899 176899 176900 176900 176900 176901 176901 176901 176901 176901 176901 176901 176901 176901 176901 176901 176901 176901 176901 176901 176901 176901 176901 176901 176901 176901 176901 176901 176901 176901 176901 176901 176901 176901 176901 176901 176901 176901 176901 176901 176901 176901 176901 176901 176901 176901 176901 176901 176901 176901 176901 176901 176901 176901 176901 176901 176901 176901 176901 176901 176901 176901 176901 176901 176901 176901 176901 0 0 0 0 0 0 0 0 0 0 0 0 0 0 0 0 0 0 0 0 0 0 0 0 0
#obs catch bio
 0 96216.9 156856 181711 249476 287290 271506 330112 295446 300062 274975 281830 280130 235521 236408 195339 173725 163451 152474 143587 132245 134712 114545 112438 106463 122947 111593 95651.4 93142.2 97764.6 99846.2 86989.4 91315.4 98519.1 96898.3 102082 101119 92723.5 99883 101316 100686 115533 108018 106923 109639 109090 108087 114951 114670 100052 53107.1 62754.9 91718.6 98356.1 110882 124434 120391 138258 141766 125858 149371 131229
#pred cpue bio
 3.47949e+006 3.38117e+006 3.28213e+006 3.12431e+006 2.94923e+006 2.71566e+006 2.45888e+006 2.23613e+006 1.96694e+006 1.75058e+006 1.54235e+006 1.37233e+006 1.20388e+006 1.0399e+006 927881 813771 741324 692205 652700 619792 591066 571073 543958 534958 527361 527439 506633 494463 499207 507717 511035 512103 528370 542289 549576 560158 566086 574058 592298 603925 614267 626601 623992 629378 635527 637113 638099 640270 636354 634477 651325 727353 800171 842922 878542 901315 909917 922712 915014 901654 904551 879479 2.00257e+007 1.82159e+007 1.82916e+007 1.88607e+007 1.98705e+007 2.1065e+007 2.22552e+007 2.33366e+007 2.42637e+007 2.50281e+007 2.56413e+007 2.61242e+007 2.64995e+007 2.6789e+007 2.70111e+007 2.71812e+007 2.73114e+007 2.74114e+007 2.74882e+007 2.75476e+007 2.75936e+007 2.76294e+007 2.76574e+007 2.76794e+007 2.76967e+007 2.77105e+007 2.77214e+007 2.77301e+007 2.7737e+007 2.77426e+007 2.77471e+007 2.77507e+007 2.77536e+007 2.7756e+007 2.77579e+007 2.77594e+007 2.77607e+007 2.77617e+007 2.77626e+007 2.77633e+007 2.77638e+007 2.77643e+007 2.77646e+007 2.77649e+007 2.77652e+007 2.77654e+007 2.77656e+007 2.77657e+007 2.77658e+007 2.77659e+007 2.7766e+007 2.7766e+007 2.77661e+007 2.77661e+007 2.77662e+007 2.77662e+007 2.77662e+007 2.77662e+007 2.77662e+007 2.77663e+007 2.77663e+007 2.77663e+007 2.77663e+007 2.77663e+007 2.77663e+007 2.77663e+007 2.77663e+007 2.77663e+007 2.77663e+007 2.77663e+007 2.77663e+007 2.77663e+007 2.77663e+007 2.77663e+007 2.77663e+007 2.77663e+007 2.77663e+007 2.77663e+007 2.77663e+007 2.77663e+007 2.77663e+007 2.77663e+007 2.77663e+007 2.77663e+007 2.77663e+007 2.77663e+007 2.77663e+007 2.77663e+007 2.77663e+007 2.77663e+007 2.77663e+007 2.77663e+007 2.77663e+007 2.77663e+007 2.77663e+007 2.77663e+007 2.77663e+007 2.77663e+007 2.77663e+007 2.77663e+007 0 0 0 0 0 0 0 0 0 0 0 0 0 0 0 0 0 0 0 0 0 0 0 0 0
#obs cpue bio
 4.44106e+006 3.95687e+006 3.32522e+006 3.84048e+006 2.29507e+006 2.76372e+006 2.01546e+006 3.50736e+006 1.67384e+006 1.79183e+006 1.78906e+006 1.37442e+006 1.32496e+006 628520 1.08776e+006 930032 768127 425360 633417 711324 488766 624705 611324 450071 395708 603584 531230 431908 434026 576948 693973 505877 485255 627485 463519 563333 510936 556788 585701 618610 479561 599899 765311 749511 696525 591758 620256 540612 479724 691596 541075 741588 849904 627436 938840 818814 1.05157e+006 756363 944045 1.20855e+006 976187 790084
#pred surv len freq
 0.00480258 0.00779398 0.0117238 0.0165716 0.0222206 0.0283821 0.034568 0.0402073 0.0448605 0.0483645 0.0508096 0.0524107 0.0533928 0.0539376 0.0541751 0.0541928 0.0540522 0.0537906 0.0533761 0.0526159 0.0510811 0.048168 0.0433627 0.0366107 0.0285293
 0.0050072 0.00804111 0.011942 0.0166531 0.0220643 0.0279543 0.0339409 0.0395419 0.0443353 0.048092 0.0507935 0.0525673 0.0536142 0.0541552 0.0543873 0.0544507 0.0544147 0.0542733 0.0539209 0.0530998 0.0513656 0.048164 0.0430762 0.0361379 0.0280072
 0.005166 0.00831388 0.0123728 0.0172743 0.0228686 0.0288644 0.0348025 0.0401642 0.0445732 0.0479219 0.0503268 0.0519861 0.0530765 0.0537355 0.0540838 0.0542343 0.0542697 0.0541987 0.0539016 0.0530811 0.0512608 0.0478977 0.0426313 0.0355715 0.0274226
 0.00536119 0.00862439 0.0128293 0.0179051 0.0236985 0.029907 0.0360418 0.0415304 0.0459283 0.0490762 0.0510929 0.0522514 0.05285 0.0531359 0.0532767 0.0533626 0.0534194 0.0534029 0.0531576 0.0523615 0.0505237 0.0471076 0.0417874 0.0347217 0.0266464
 0.00555863 0.00894256 0.013303 0.0185651 0.0245668 0.0309895 0.03732 0.0429577 0.0474306 0.0505531 0.0524174 0.0532767 0.053437 0.0531988 0.0528203 0.0524829 0.0522629 0.0521113 0.051829 0.0510427 0.0492265 0.0458374 0.0405682 0.033605 0.0256968
 0.00579554 0.00932673 0.0138795 0.0193754 0.0256415 0.0323362 0.0389109 0.0447242 0.0492722 0.0523543 0.0540616 0.0546506 0.0544291 0.0537045 0.0527615 0.0518369 0.0510813 0.0505107 0.049957 0.0490394 0.0472051 0.0438885 0.0387742 0.0320458 0.0244373
 0.00606145 0.00975441 0.0145151 0.0202602 0.0268059 0.0337902 0.0406312 0.0466476 0.0512998 0.0543658 0.0559315 0.0562593 0.0556682 0.0544777 0.052987 0.0514564 0.0500774 0.0489249 0.0478947 0.0466553 0.0446781 0.0413979 0.0364833 0.030086 0.0228907
 0.0063118 0.0101531 0.0151001 0.0210634 0.0278497 0.0350817 0.0421545 0.0483585 0.0531283 0.0562242 0.0577232 0.0578836 0.0570234 0.0554633 0.0535077 0.0514287 0.049442 0.0476651 0.0460557 0.0443543 0.042097 0.0387573 0.0340053 0.0279536 0.0212145
 0.00666541 0.0107203 0.015939 0.0222215 0.0293536 0.0369225 0.0442731 0.0506436 0.0554351 0.0584053 0.0596545 0.0594745 0.0582112 0.0562009 0.0537515 0.0511327 0.048561 0.0461705 0.0439611 0.0417428 0.0391355 0.0356839 0.0310872 0.0254264 0.0192269
 0.00696556 0.0111995 0.0166448 0.0231941 0.0306213 0.0384925 0.0461196 0.0526991 0.057593 0.0605346 0.0616195 0.0611528 0.0595063 0.0570458 0.0541027 0.0509583 0.0478315 0.0448621 0.0420744 0.0393338 0.036341 0.0327236 0.0282278 0.0229182 0.0172381
 0.00731882 0.0117604 0.0174638 0.024309 0.0320512 0.0402278 0.0481114 0.0548563 0.0597939 0.0626477 0.0635222 0.0627412 0.0606969 0.0577756 0.0543289 0.0506547 0.0469827 0.0434611 0.0401323 0.036903 0.0335432 0.02976 0.0253541 0.0203845 0.0152194
 0.0075537 0.0121498 0.0180636 0.0251758 0.0332298 0.0417334 0.0499108 0.0568628 0.0618809 0.0646752 0.0653613 0.064287 0.0618707 0.0585215 0.0546079 0.0504401 0.0462572 0.0422177 0.0383833 0.0346982 0.0309928 0.0270448 0.0227066 0.0180365 0.0133386
 0.00784347 0.0126123 0.0187445 0.0261136 0.0344514 0.0432453 0.0516869 0.0588352 0.0639415 0.0666896 0.0671882 0.0657992 0.0629707 0.0591493 0.0547381 0.0500707 0.0453975 0.0408826 0.0365985 0.0325179 0.0285205 0.024445 0.0201891 0.0158112 0.0115577
 0.00817048 0.0131396 0.0195293 0.0272044 0.0358768 0.0449976 0.0537065 0.0610084 0.0661189 0.0687159 0.0689284 0.06715 0.0638618 0.0595405 0.0546171 0.049449 0.0443033 0.0393535 0.0346818 0.0302804 0.0260654 0.0219227 0.017785 0.0137079 0.00988518
 0.00832015 0.0133874 0.0199116 0.0277602 0.036643 0.0459994 0.0549452 0.0624515 0.0676982 0.0703347 0.0704736 0.068507 0.0649289 0.0602393 0.0548968 0.0492858 0.0436969 0.0383244 0.0332705 0.0285527 0.0241204 0.0198962 0.0158385 0.011997 0.00852033
 0.00866493 0.013918 0.0206544 0.0287206 0.0378065 0.0473344 0.056403 0.0639656 0.0691886 0.071717 0.0716693 0.069449 0.0655639 0.0605287 0.0548182 0.0488327 0.042878 0.0371627 0.0318054 0.0268455 0.0222614 0.0180059 0.0140555 0.0104511 0.00729944
 0.00879285 0.014135 0.020997 0.029226 0.038502 0.0482225 0.057449 0.0650998 0.070324 0.072774 0.0725913 0.0702024 0.0661266 0.0608792 0.0549311 0.0486821 0.0424447 0.0364417 0.0308125 0.0256231 0.0208826 0.0165725 0.0126851 0.00925341 0.00634921
 0.00865683 0.0139523 0.0207942 0.0290553 0.0384315 0.0483176 0.0577544 0.0656271 0.0710485 0.0736386 0.0735173 0.0711059 0.0669342 0.0615366 0.0554015 0.0489389 0.0424666 0.0362139 0.0303343 0.0249174 0.0200022 0.0155993 0.011718 0.008387 0.00565074
 0.00862961 0.0138902 0.0206704 0.0288408 0.0381115 0.0479126 0.0573332 0.0652978 0.0709249 0.0737979 0.0739713 0.0717993 0.0677674 0.0623967 0.0561876 0.0495751 0.0429021 0.0364196 0.0303001 0.0246546 0.0195484 0.0150185 0.011092 0.00779785 0.00516057
 0.00872665 0.0140255 0.0208312 0.0289973 0.0382211 0.04793 0.057224 0.0650543 0.0705794 0.0734253 0.0736744 0.0716755 0.0678719 0.0627211 0.0566655 0.0501076 0.0433887 0.0367796 0.0304834 0.0246442 0.0193596 0.0146953 0.0106984 0.0074021 0.0048178
 0.00876657 0.0140975 0.0209513 0.0291809 0.0384741 0.0482372 0.0575422 0.0653165 0.0707155 0.0733907 0.0734724 0.0713628 0.0675414 0.0624687 0.0565548 0.0501486 0.0435391 0.0369654 0.0306276 0.0246904 0.0192854 0.0145134 0.010448 0.00713355 0.0045759
 0.00872121 0.0140298 0.0208615 0.0290756 0.0383674 0.0481501 0.0574985 0.0653351 0.0707986 0.0735164 0.073599 0.0714467 0.0675604 0.0624361 0.0565138 0.0501492 0.0436104 0.0371005 0.0307867 0.0248212 0.0193462 0.0144891 0.010352 0.00699807 0.00443657
 0.00892764 0.0143242 0.0212283 0.0294746 0.0387453 0.0484596 0.0577141 0.0654563 0.0708427 0.0735051 0.073547 0.0713553 0.0674206 0.0622393 0.0562652 0.0498736 0.0433457 0.03688 0.0306234 0.0247035 0.0192481 0.0143868 0.0102362 0.00687537 0.00432208
 0.00909925 0.0145767 0.0215578 0.0298564 0.0391365 0.0488061 0.0579602 0.0655575 0.0707798 0.0732953 0.0732422 0.0710246 0.0671232 0.062006 0.0560956 0.0497499 0.04325 0.0368041 0.0305665 0.0246636 0.0192172 0.0143533 0.0101921 0.00682107 0.00426502
 0.00902974 0.0145045 0.0215228 0.029917 0.0393486 0.0491927 0.0584881 0.0661376 0.0712956 0.0736439 0.0733676 0.0709303 0.0668618 0.0616543 0.0557268 0.0494143 0.04297 0.0365814 0.0303934 0.0245305 0.0191147 0.0142722 0.0101245 0.00676261 0.00421522
 0.00876447 0.0141064 0.0209884 0.0292726 0.0386523 0.0485308 0.0579648 0.0658533 0.0713134 0.0739596 0.0739034 0.0715618 0.0674664 0.0621516 0.0560934 0.0496705 0.0431536 0.0367254 0.0305161 0.0246371 0.0192028 0.0143384 0.0101674 0.00678451 0.00422143
 0.00889623 0.0142813 0.0211795 0.0294321 0.0387273 0.0484878 0.0578095 0.0656343 0.0711063 0.0738389 0.0739139 0.0717014 0.0676867 0.062378 0.0562559 0.0497299 0.0431109 0.0366116 0.030372 0.0244959 0.0190833 0.0142457 0.0100992 0.00673555 0.00418704
 0.00906839 0.0145358 0.0215135 0.0298213 0.0391263 0.0488354 0.0580389 0.065689 0.0709622 0.0735218 0.0735001 0.0712929 0.067372 0.0621991 0.0561994 0.0497442 0.0431371 0.0366099 0.0303313 0.0244272 0.0190054 0.0141743 0.010042 0.00669383 0.00415854
 0.00900422 0.0144468 0.0214074 0.0297138 0.0390347 0.0487693 0.0579929 0.0656424 0.0708867 0.0733956 0.0733216 0.0710883 0.0671915 0.0620993 0.0562193 0.0498874 0.0433703 0.0368791 0.0305848 0.0246328 0.0191536 0.0142717 0.0101016 0.00672798 0.00417673
 0.00894118 0.0143408 0.0212428 0.0294771 0.0387219 0.0483944 0.0575922 0.0652689 0.0705927 0.0732122 0.0732492 0.0711038 0.0672667 0.0622184 0.0563844 0.050109 0.0436515 0.0372045 0.0309225 0.0249459 0.0194143 0.0144682 0.0102368 0.00681361 0.00422673
 0.00897666 0.0143892 0.0212976 0.0295248 0.0387432 0.0483684 0.0575024 0.0651096 0.0703742 0.072962 0.0730054 0.0709021 0.0671289 0.0621486 0.0563756 0.0501532 0.0437444 0.0373422 0.0310946 0.025133 0.019593 0.0146189 0.0103499 0.00688957 0.00427266
 0.00905287 0.0145044 0.0214543 0.029718 0.0389598 0.0485876 0.0576962 0.0652457 0.0704225 0.0729042 0.0728428 0.0706582 0.0668425 0.061863 0.0561261 0.0499613 0.0436182 0.0372803 0.0310891 0.0251708 0.0196566 0.0146899 0.0104136 0.00693789 0.00430444
 0.00901695 0.0144427 0.021356 0.0295721 0.0387597 0.0483364 0.0574107 0.0649554 0.0701615 0.072701 0.0727126 0.0706022 0.0668535 0.0619313 0.0562439 0.0501226 0.0438164 0.0375059 0.0313293 0.0254105 0.01988 0.0148833 0.0105677 0.00704998 0.00437834
 0.00896101 0.0143624 0.0212541 0.0294568 0.0386402 0.0482173 0.0572897 0.0648256 0.0700189 0.0725506 0.0725699 0.070488 0.0667855 0.0619188 0.0562868 0.0502148 0.0439493 0.0376701 0.0315141 0.0256032 0.0200666 0.0150503 0.0107049 0.00715282 0.00444818
 0.00892322 0.0143085 0.0211872 0.0293853 0.0385761 0.0481728 0.0572734 0.0648385 0.0700526 0.0725881 0.0725909 0.0704774 0.0667405 0.0618505 0.0562148 0.0501593 0.0439247 0.0376822 0.0315615 0.0256782 0.0201578 0.0151448 0.0107909 0.0072224 0.00449834
 0.00885808 0.0142059 0.0210397 0.0291898 0.0383363 0.0479025 0.0569976 0.0645915 0.0698696 0.0724941 0.072592 0.0705598 0.0668769 0.0620111 0.0563774 0.0503139 0.0440716 0.0378269 0.031708 0.0258261 0.0203019 0.0152768 0.0109031 0.00730961 0.00455992
 0.00881444 0.0141409 0.0209526 0.0290833 0.0382148 0.0477702 0.056858 0.064449 0.0697324 0.0723756 0.072509 0.0705265 0.0668992 0.062083 0.0564838 0.0504366 0.0441967 0.0379475 0.0318235 0.0259379 0.0204094 0.0153766 0.0109898 0.00737898 0.00461028
 0.00879628 0.0141052 0.0208879 0.0289764 0.0380555 0.0475578 0.0566059 0.0641839 0.0694864 0.0721769 0.0723757 0.0704664 0.0669127 0.062165 0.0566238 0.0506187 0.0444014 0.0381564 0.0320225 0.0261187 0.020568 0.0155108 0.0110982 0.00746131 0.00466807
 0.00872239 0.0139858 0.0207097 0.0287276 0.0377283 0.047153 0.0561378 0.0636836 0.0689999 0.0717578 0.0720741 0.0703183 0.066932 0.0623426 0.0569316 0.0510177 0.0448498 0.0386148 0.0324586 0.0265091 0.0208989 0.0157767 0.0113004 0.00760558 0.00476391
 0.00872527 0.0139865 0.0207028 0.0287043 0.0376775 0.0470624 0.0559968 0.0634861 0.0687478 0.071464 0.0717645 0.0700291 0.0667039 0.0622104 0.0569153 0.0511176 0.0450473 0.0388791 0.0327541 0.026803 0.0211659 0.0160009 0.0114751 0.00773205 0.00484848
 0.00876977 0.01405 0.0207818 0.0287894 0.0377546 0.0471163 0.0560135 0.0634544 0.0686599 0.0713171 0.0715629 0.0697869 0.0664457 0.0619691 0.0567258 0.0510082 0.0450318 0.0389531 0.0328976 0.0269865 0.0213589 0.0161787 0.0116221 0.00784228 0.00492374
 0.0086431 0.0138759 0.0205781 0.0285912 0.037603 0.0470405 0.0560179 0.0635174 0.0687453 0.0713896 0.0715989 0.0697779 0.0663963 0.0618938 0.0566461 0.0509492 0.0450164 0.0389956 0.0329984 0.0271322 0.0215268 0.0163444 0.0117662 0.00795417 0.00500185
 0.00856388 0.0137596 0.0204277 0.0284208 0.0374383 0.0469161 0.055971 0.0635771 0.0689188 0.0716521 0.071896 0.0700426 0.0665725 0.0619548 0.0565989 0.050826 0.0448614 0.038851 0.0328944 0.0270822 0.0215271 0.0163799 0.0118179 0.00800587 0.0050438
 0.00847405 0.0136114 0.0202017 0.0281007 0.0370183 0.0464111 0.0554247 0.0630605 0.0685159 0.0714349 0.0719014 0.0702598 0.0669472 0.0624075 0.0570508 0.0512213 0.0451774 0.039094 0.0330865 0.0272461 0.0216769 0.0165181 0.0119395 0.00810427 0.00511575
 0.00842697 0.0135315 0.0200748 0.0279107 0.0367496 0.0460538 0.0549818 0.0625544 0.0679911 0.0709553 0.071539 0.0700775 0.0669786 0.0626444 0.0574443 0.0516983 0.0456648 0.0395387 0.0334638 0.0275544 0.021926 0.0167186 0.0120979 0.00822386 0.00519992
 0.00850506 0.0136388 0.0201994 0.0280281 0.0368272 0.0460599 0.0548933 0.0623616 0.0676987 0.0705835 0.0711246 0.0696729 0.0666443 0.0624346 0.0573899 0.0517963 0.0458797 0.0398172 0.0337537 0.0278193 0.0221487 0.0168961 0.0122339 0.00832387 0.00526932
 0.00866421 0.0138752 0.0205129 0.0284011 0.0372266 0.0464412 0.0552065 0.0625572 0.0677372 0.0704462 0.070821 0.0692403 0.0661413 0.0619294 0.0569481 0.0514672 0.0456856 0.0397503 0.0337827 0.0279035 0.0222519 0.0169945 0.0123159 0.00838633 0.00531345
 0.00872077 0.0139774 0.0206845 0.0286674 0.0376042 0.0469246 0.0557566 0.063103 0.0681925 0.0707334 0.0708924 0.0690872 0.0657921 0.0614408 0.0563926 0.0509193 0.045208 0.0393822 0.033535 0.0277624 0.0221891 0.0169794 0.0123241 0.0084021 0.00532881
 0.00872285 0.0139939 0.020734 0.028777 0.037805 0.0472416 0.0561981 0.0636513 0.0687995 0.0713251 0.0713808 0.069391 0.0658583 0.0612599 0.0560004 0.0503858 0.044618 0.0388151 0.0330489 0.0273863 0.0219247 0.0168095 0.0122238 0.00834759 0.00530161
 0.00883601 0.0141505 0.0209204 0.0289662 0.0379686 0.0473663 0.0562971 0.063761 0.0689621 0.071565 0.0716882 0.0697192 0.066137 0.0614178 0.0559892 0.0501961 0.0442818 0.0383934 0.0326116 0.0269921 0.0216091 0.0165822 0.0120756 0.00825965 0.00525396
 0.00873841 0.0140127 0.0207504 0.0287821 0.0377897 0.047203 0.0561462 0.0636135 0.0688201 0.0714544 0.0716551 0.0698087 0.0663651 0.061756 0.056371 0.0505424 0.0445311 0.0385215 0.0326327 0.0269448 0.0215362 0.0165155 0.0120296 0.0082352 0.00524466
 0.00820521 0.0131851 0.0195812 0.0272618 0.0359568 0.0451532 0.0540376 0.0616541 0.0672285 0.0704083 0.0712541 0.0700663 0.0672237 0.0631056 0.058064 0.0524088 0.0464002 0.0402496 0.0341246 0.0281601 0.0224794 0.0172178 0.0125316 0.0085775 0.00546478
 0.00802479 0.0128599 0.0190339 0.0264037 0.0347126 0.0434988 0.0520356 0.0594634 0.0650791 0.0685507 0.0699063 0.0693758 0.0672494 0.0638175 0.0593566 0.0541224 0.0483464 0.0422381 0.0359906 0.029786 0.023804 0.0182315 0.0132621 0.00907236 0.00577842
 0.00811086 0.0129847 0.0191897 0.0265633 0.0348231 0.0434794 0.0517855 0.0588867 0.0641247 0.0672521 0.0683972 0.0678674 0.0659761 0.062976 0.0590601 0.0543833 0.0490843 0.0433076 0.0372179 0.0310066 0.0248923 0.0191155 0.0139218 0.00952657 0.00606716
 0.00809316 0.0129755 0.0192111 0.0266452 0.034991 0.043736 0.0520931 0.0591625 0.0642535 0.0671171 0.067921 0.0670494 0.0649111 0.0618403 0.0580656 0.0537149 0.0488477 0.0435056 0.0377621 0.0317543 0.0256923 0.0198461 0.0145112 0.0099535 0.00634686
 0.00798861 0.0128307 0.019041 0.0264822 0.0348801 0.0437229 0.0522109 0.0594179 0.0646156 0.0675119 0.0682388 0.0671712 0.0647503 0.0613833 0.0573909 0.0529759 0.0482229 0.0431371 0.0377103 0.0319878 0.0261133 0.0203346 0.0149663 0.0103157 0.00659957
 0.007947 0.0127637 0.0189426 0.0263509 0.034723 0.0435616 0.052083 0.0593712 0.0646925 0.0677284 0.0685681 0.0675405 0.0650565 0.0615244 0.0573054 0.0526733 0.0477882 0.0427019 0.0374012 0.0318783 0.026203 0.0205629 0.0152486 0.0105795 0.00680399
 0.00786475 0.0126382 0.0187688 0.0261295 0.03446 0.0432679 0.0517761 0.0590782 0.0644516 0.0675844 0.0685605 0.0676862 0.0653344 0.0618723 0.0576358 0.0529057 0.047884 0.0426828 0.0373371 0.0318509 0.0262653 0.0207193 0.0154619 0.0107978 0.00698668
 0.00788196 0.0126645 0.0188053 0.0261757 0.0345135 0.0433238 0.051827 0.0591145 0.0644637 0.0675676 0.0685197 0.0676378 0.0653007 0.0618693 0.0576598 0.0529304 0.047873 0.042613 0.0372169 0.0317193 0.0261705 0.020692 0.015502 0.0108798 0.007078
 0.00793714 0.0127491 0.018923 0.0263259 0.0346916 0.0435208 0.0520294 0.0593044 0.064621 0.0676732 0.0685603 0.06761 0.065213 0.0617401 0.0575112 0.0527783 0.047721 0.0424548 0.0370485 0.0315492 0.0260205 0.0205859 0.0154509 0.0108769 0.00710377
 0.00770482 0.0124183 0.0185117 0.0258808 0.0342744 0.0431875 0.0518133 0.0592125 0.0646409 0.0677838 0.0687385 0.0678333 0.0654601 0.0619927 0.0577555 0.0530057 0.047926 0.0426323 0.0371936 0.0316609 0.0261049 0.0206543 0.015514 0.0109386 0.00716143
 0.00742656 0.0120084 0.0179758 0.0252562 0.033626 0.0425956 0.0513598 0.0589653 0.0646368 0.0680148 0.0691508 0.0683447 0.0659872 0.0624738 0.0581591 0.0533259 0.0481716 0.0428169 0.03733 0.0317598 0.0261761 0.0207073 0.0155573 0.0109775 0.00719663
#obs surv len freq
 nan nan nan nan nan nan nan nan nan nan nan nan nan nan nan nan nan nan nan nan nan nan nan nan nan
 0.00448842 0.00735152 0.0111832 0.0160007 0.0217018 0.027977 0.0342901 0.04002 0.0446979 0.0481599 0.050516 0.05201 0.0529006 0.0534116 0.0537247 0.0539787 0.0542567 0.054549 0.0546875 0.0542793 0.0527174 0.04935 0.0438004 0.0362815 0.0276662
 0.00461878 0.00756653 0.0115121 0.0164714 0.0223339 0.0287708 0.0352163 0.0410172 0.0456818 0.0490405 0.0512148 0.052472 0.0530986 0.0533459 0.0534185 0.0534699 0.0535893 0.0537662 0.0538287 0.0533819 0.0518208 0.0484977 0.0430379 0.0356471 0.0271814
 0.00477008 0.00781508 0.0118911 0.017014 0.023067 0.0297051 0.0363351 0.0422702 0.0469886 0.0503023 0.0523291 0.0533454 0.0536584 0.0535489 0.0532546 0.0529603 0.0527791 0.0527149 0.0526028 0.0520516 0.0504609 0.0471883 0.041858 0.034662 0.026427
 0.00496288 0.00812909 0.0123648 0.0176839 0.0239607 0.0308312 0.0376718 0.0437605 0.0485475 0.05183 0.0537238 0.0545111 0.0545094 0.0540152 0.0532894 0.052547 0.0519343 0.0514872 0.0510679 0.0503073 0.048623 0.0453842 0.0402135 0.0332797 0.0253646
 0.00517763 0.00848031 0.0128973 0.0184405 0.0249745 0.0321118 0.0391926 0.0454542 0.0503154 0.0535611 0.0553116 0.0558615 0.0555416 0.0546595 0.0534884 0.0522596 0.0511442 0.0502116 0.0493647 0.0482786 0.0464116 0.0431614 0.0381551 0.0315321 0.0240131
 0.00540662 0.00885559 0.0134678 0.0192538 0.0260681 0.0334988 0.0408466 0.0473038 0.0522539 0.0554665 0.0570656 0.0573616 0.0567036 0.0554161 0.0537852 0.0520531 0.0504044 0.0489326 0.0475798 0.0460754 0.0439391 0.0406189 0.0357603 0.0294742 0.0224086
 0.00565236 0.00925771 0.0140779 0.020122 0.0272334 0.0349744 0.0426046 0.049269 0.0543141 0.0574931 0.058934 0.058963 0.0579496 0.0562376 0.0541293 0.0518785 0.0496805 0.0476451 0.0457466 0.0437685 0.0413009 0.0378589 0.0331225 0.0271812 0.0206051
 0.00590055 0.0096642 0.0146954 0.0210016 0.0284151 0.0364722 0.0443899 0.0512656 0.0564081 0.0595546 0.0608374 0.0605993 0.0592298 0.0570923 0.0545054 0.0517353 0.0489871 0.0463841 0.0439281 0.0414527 0.0386197 0.0350193 0.0303774 0.024771 0.0186936
 0.00613864 0.0100566 0.015296 0.0218639 0.0295821 0.0379595 0.0461693 0.0532588 0.0584983 0.061609 0.0627292 0.0622199 0.060493 0.0579327 0.0548744 0.0515965 0.0483125 0.0451568 0.0421545 0.0391847 0.0359784 0.0322021 0.0276334 0.0223439 0.016756
 0.00638271 0.010455 0.0158986 0.0227188 0.0307267 0.0394066 0.0478923 0.0551851 0.0605181 0.0635953 0.0645574 0.0637815 0.0617015 0.0587245 0.0552056 0.0514371 0.0476415 0.0439624 0.0404439 0.0370051 0.0334399 0.0294883 0.0249801 0.0199867 0.0148653
 0.0066165 0.0108385 0.0164819 0.0235503 0.0318431 0.040818 0.0495664 0.0570432 0.0624472 0.0654704 0.0662623 0.0652197 0.0627981 0.0594246 0.0554711 0.0512428 0.0469714 0.0428094 0.0388182 0.0349512 0.0310585 0.026946 0.0224931 0.017773 0.0130852
 0.00684686 0.011217 0.0170591 0.024375 0.0329527 0.0422222 0.0512311 0.0588854 0.0643468 0.0672946 0.0678886 0.0665503 0.0637644 0.0599849 0.0556042 0.0509406 0.0462324 0.0416375 0.0372297 0.0329908 0.0288185 0.0245761 0.0201867 0.0157251 0.0114396
 0.0070806 0.011599 0.0176375 0.0251954 0.0340489 0.043601 0.0528578 0.060678 0.0661872 0.0690506 0.0694369 0.0677908 0.0646272 0.0604306 0.0556199 0.0505317 0.0454146 0.0404314 0.0356643 0.0311156 0.0267203 0.0223883 0.018078 0.0138644 0.00994995
 0.00729674 0.0119552 0.0181822 0.0259759 0.0351004 0.0449309 0.0544294 0.0624063 0.0679516 0.0707195 0.0708901 0.0689334 0.0653941 0.0607863 0.0555548 0.0500568 0.0445544 0.039219 0.034141 0.0293387 0.0247747 0.0203939 0.01618 0.0122049 0.00862977
 0.0074503 0.0122113 0.0185796 0.0265553 0.0358967 0.0459604 0.055676 0.0638155 0.0694362 0.0721738 0.0722073 0.0700182 0.0661718 0.0612076 0.0555965 0.0497191 0.0438555 0.0381909 0.0328279 0.027801 0.0230954 0.0186818 0.0145606 0.0107967 0.00751451
 0.00751773 0.0123216 0.0187478 0.0267983 0.0362333 0.0464097 0.0562534 0.0645269 0.070272 0.0731045 0.0731813 0.0709654 0.0670119 0.0618613 0.0559972 0.0498208 0.043637 0.0376557 0.0320035 0.0267386 0.0218712 0.0173945 0.0133212 0.009708 0.00664719
 0.00756226 0.0123891 0.0188409 0.0269173 0.0363782 0.0465829 0.0564621 0.0647835 0.0705927 0.0735044 0.073668 0.0715298 0.0676224 0.062463 0.0565192 0.050189 0.0437884 0.0375507 0.031633 0.0261271 0.0210759 0.0164995 0.0124244 0.00890108 0.00599482
 0.00767626 0.0125609 0.0190737 0.0272043 0.0367037 0.046925 0.0567962 0.065086 0.0708469 0.0737074 0.0738323 0.0716799 0.0677825 0.0626444 0.0567104 0.0503541 0.0438752 0.0375052 0.0314161 0.0257288 0.0205215 0.0158467 0.0117504 0.00828292 0.00548905
 0.00773926 0.0126642 0.0192302 0.0274244 0.0369907 0.0472695 0.0571715 0.0654515 0.0711586 0.0739323 0.07396 0.0717232 0.0677714 0.0626131 0.0566847 0.0503409 0.0438583 0.0374495 0.0312812 0.0254853 0.0201659 0.0154065 0.0112772 0.00783557 0.00511513
 0.00779359 0.0127466 0.0193434 0.0275683 0.0371632 0.0474683 0.0573942 0.0656922 0.0714046 0.0741627 0.0741493 0.0718497 0.0678253 0.0626016 0.0566278 0.0502618 0.0437711 0.0373523 0.0311564 0.0253103 0.0199273 0.0151109 0.0109523 0.00752068 0.00484602
 0.00782323 0.012793 0.0194096 0.0276554 0.03727 0.0475905 0.0575249 0.0658235 0.0715301 0.0742794 0.0742563 0.0719446 0.0679021 0.0626512 0.0566437 0.050244 0.0437252 0.0372838 0.0310653 0.0251898 0.0197702 0.0149181 0.0107377 0.00730817 0.00466023
 0.00786633 0.0128546 0.0194869 0.0277406 0.037353 0.0476629 0.0575827 0.0658677 0.0715646 0.0743093 0.0742856 0.0719765 0.0679373 0.0626875 0.0566754 0.0502636 0.0437262 0.0372622 0.031019 0.0251171 0.01967 0.0147931 0.0105969 0.00716658 0.00453429
 0.00788049 0.0128772 0.0195197 0.0277841 0.0374049 0.0477173 0.0576304 0.0658982 0.0715713 0.074293 0.0742558 0.0719474 0.067922 0.0626931 0.0567011 0.050302 0.0437663 0.0372927 0.0310306 0.0251039 0.0196301 0.0147288 0.0105157 0.00707983 0.00445404
 0.00788794 0.0128874 0.0195316 0.0277956 0.0374141 0.0477232 0.0576333 0.0658993 0.0715709 0.0742898 0.0742483 0.0719357 0.06791 0.0626873 0.0567079 0.0503239 0.0438003 0.0373309 0.0310629 0.0251211 0.0196265 0.0147039 0.010474 0.00702968 0.00440465
 0.00788695 0.012881 0.0195134 0.0277571 0.0373475 0.0476254 0.0575095 0.0657634 0.0714422 0.0741876 0.0741862 0.0719193 0.0679368 0.0627498 0.0567967 0.0504301 0.0439156 0.0374466 0.0311697 0.0252098 0.0196902 0.0147399 0.0104849 0.00702236 0.0043878
 0.0078981 0.0128955 0.0195282 0.0277664 0.0373432 0.0475991 0.0574544 0.065677 0.0713285 0.0740585 0.0740599 0.0718159 0.0678728 0.0627334 0.0568267 0.0504981 0.0440092 0.0375529 0.0312763 0.025306 0.0197677 0.0147942 0.0105161 0.00703445 0.00438742
 0.00789489 0.012888 0.0195126 0.0277377 0.0372963 0.0475304 0.0573636 0.0655678 0.0712077 0.0739352 0.0739446 0.0717205 0.0678091 0.0627114 0.0568516 0.0505681 0.0441157 0.0376824 0.0314134 0.0254363 0.0198798 0.0148811 0.0105761 0.00707045 0.00440531
 0.00787825 0.0128619 0.0194751 0.0276875 0.0372325 0.0474529 0.0572733 0.0654672 0.0711016 0.0738302 0.0738489 0.0716424 0.0677566 0.062691 0.0568678 0.0506225 0.0442054 0.0377996 0.031546 0.0255702 0.0200018 0.0149818 0.0106509 0.00712007 0.00443435
 0.00786018 0.0128279 0.0194156 0.0275917 0.037092 0.047267 0.0570529 0.0652345 0.0708844 0.0736533 0.0737285 0.0715845 0.067759 0.0627471 0.0569693 0.0507605 0.0443712 0.0379835 0.0317369 0.0257556 0.0201693 0.0151216 0.0107578 0.00719451 0.00448111
 0.00786607 0.0128334 0.0194162 0.0275796 0.0370574 0.0471998 0.0569461 0.0650873 0.0707045 0.073458 0.0735417 0.0714311 0.0676586 0.0627092 0.056993 0.0508378 0.0444901 0.0381307 0.0318992 0.0259198 0.0203229 0.0152541 0.0108627 0.00727016 0.00453048
 0.00781143 0.0127516 0.019306 0.0274443 0.0369031 0.0470337 0.0567744 0.0649156 0.0705385 0.0733048 0.0734105 0.0713334 0.0676066 0.0627131 0.0570576 0.0509599 0.0446595 0.0383321 0.0321151 0.0261332 0.020519 0.0154216 0.010995 0.00736616 0.00459399
 0.00779571 0.0127196 0.0192464 0.0273439 0.0367519 0.0468312 0.0565348 0.0646657 0.0703096 0.0731216 0.0732851 0.0712659 0.0675913 0.0627446 0.0571331 0.0510782 0.0448172 0.0385213 0.0323232 0.0263445 0.0207175 0.0155941 0.0111334 0.00746795 0.00466231
 0.00776832 0.0126766 0.019184 0.0272587 0.0366402 0.0466888 0.056359 0.0644586 0.0700821 0.0728949 0.0730867 0.0711221 0.0675191 0.0627478 0.0572047 0.0512054 0.0449867 0.0387205 0.0325391 0.0265631 0.0209241 0.0157755 0.0112803 0.00757722 0.00473642
 0.00773396 0.0126195 0.0190962 0.0271327 0.0364715 0.0464792 0.056119 0.0642062 0.0698385 0.0726794 0.0729138 0.0710027 0.0674623 0.0627599 0.0572872 0.0513526 0.0451858 0.0389547 0.0327902 0.0268135 0.0211578 0.015979 0.0114449 0.00769972 0.0048198
 0.00768688 0.012543 0.0189813 0.0269713 0.0362586 0.0462158 0.0558153 0.0638828 0.0695239 0.0724038 0.0727033 0.0708748 0.0674239 0.0628095 0.0574169 0.0515507 0.0454376 0.0392427 0.0330946 0.0271139 0.0214352 0.0162185 0.011637 0.00784209 0.00491649
 0.00769104 0.0125452 0.0189759 0.0269499 0.0362109 0.0461329 0.055692 0.0637198 0.0693283 0.072189 0.0724877 0.0706799 0.0672708 0.0627154 0.0573918 0.0515967 0.045549 0.0394076 0.0332965 0.0273332 0.021652 0.0164149 0.0118004 0.00796643 0.00500272
 0.00765257 0.0124911 0.0189098 0.0268795 0.036145 0.0460759 0.0556412 0.0636657 0.0692595 0.0720976 0.0723743 0.0705534 0.067147 0.0626128 0.057328 0.0515845 0.0455941 0.0395073 0.0334406 0.0275056 0.0218336 0.016587 0.0119482 0.00808169 0.00508414
 0.00764759 0.0124774 0.0188795 0.0268234 0.0360566 0.0459573 0.0555054 0.0635342 0.0691528 0.072026 0.0723338 0.0705304 0.0671277 0.0625912 0.0573086 0.0515789 0.0456155 0.0395648 0.0335356 0.0276309 0.0219755 0.0167291 0.0120754 0.00818409 0.00515825
 0.00762006 0.0124381 0.01883 0.0267675 0.0359979 0.0458959 0.0554375 0.0634547 0.0690611 0.0719295 0.0722466 0.0704668 0.0670947 0.0625865 0.0573241 0.0516081 0.0456572 0.0396226 0.0336138 0.0277298 0.022089 0.0168462 0.0121838 0.00827386 0.00522482
 0.00760641 0.0124155 0.0187954 0.0267187 0.0359348 0.0458223 0.0553608 0.0633841 0.0690034 0.0718863 0.0722144 0.0704413 0.0670748 0.0625749 0.0573248 0.0516231 0.0456865 0.0396657 0.0336707 0.0278004 0.0221708 0.0169331 0.012267 0.00834531 0.00527956
 0.00758772 0.0123874 0.0187575 0.0266718 0.0358805 0.0457622 0.0552969 0.0633191 0.0689415 0.071833 0.0721751 0.0704187 0.0670683 0.0625816 0.0573416 0.0516485 0.0457207 0.0397094 0.0337242 0.027863 0.0222403 0.017005 0.0123356 0.0084046 0.00532562
 0.00757074 0.0123577 0.0187091 0.0265987 0.0357789 0.0456335 0.05515 0.0631695 0.0688075 0.0717303 0.0721125 0.0703984 0.067087 0.0626327 0.0574169 0.0517395 0.0458202 0.0398121 0.033827 0.0279636 0.0223364 0.0170937 0.0124132 0.00846788 0.00537298
 0.00755654 0.012337 0.018682 0.0265661 0.0357412 0.0455895 0.0550965 0.0631031 0.0687276 0.0716417 0.0720258 0.0703265 0.0670409 0.0626183 0.0574343 0.051784 0.0458846 0.0398891 0.03391 0.0280477 0.0224176 0.0171684 0.0124783 0.00852082 0.00541259
 0.00752271 0.0122854 0.018611 0.0264768 0.0356379 0.045479 0.0549873 0.0630044 0.0686466 0.0715817 0.0719864 0.0703057 0.0670382 0.0626355 0.0574737 0.0518465 0.0459677 0.039987 0.0340154 0.0281532 0.0225168 0.0172565 0.0125519 0.00857834 0.00545418
 0.00751828 0.0122714 0.0185777 0.0264118 0.0355303 0.0453257 0.0547978 0.0628004 0.0684562 0.0714302 0.0718894 0.0702671 0.0670522 0.0626915 0.057561 0.0519566 0.046094 0.0401236 0.0341559 0.0282902 0.0226432 0.0173663 0.0126413 0.00864616 0.00550177
 0.0075021 0.0122495 0.0185521 0.0263859 0.0355054 0.0452983 0.0547582 0.0627363 0.0683597 0.0713051 0.0717522 0.0701417 0.0669611 0.0626479 0.0575668 0.052005 0.0461746 0.0402255 0.0342693 0.0284063 0.0227541 0.0174651 0.0127231 0.00870887 0.00554594
 0.00750205 0.0122488 0.0185502 0.0263822 0.0355006 0.045294 0.0547567 0.0627384 0.0683618 0.0712984 0.071726 0.0700897 0.0668866 0.0625644 0.0574928 0.0519561 0.0461587 0.0402423 0.0343123 0.0284664 0.0228216 0.0175316 0.012782 0.00875604 0.00558023
 0.00748696 0.012227 0.0185224 0.0263509 0.0354689 0.0452649 0.0547323 0.0627199 0.0683501 0.0712935 0.0717263 0.0700907 0.0668823 0.0625505 0.05747 0.0519314 0.0461423 0.0402431 0.034334 0.0285067 0.0228738 0.0175873 0.0128338 0.0087988 0.00561187
 0.00750246 0.0122475 0.0185447 0.0263695 0.0354778 0.0452608 0.0547163 0.0626971 0.0683272 0.0712754 0.0717145 0.0700834 0.0668757 0.0625403 0.0574533 0.0519083 0.0461166 0.0402214 0.0343231 0.0285106 0.0228919 0.017615 0.0128648 0.00882752 0.00563475
 0.00750246 0.0122475 0.0185447 0.0263695 0.0354778 0.0452608 0.0547163 0.0626971 0.0683272 0.0712754 0.0717145 0.0700834 0.0668757 0.0625403 0.0574533 0.0519083 0.0461166 0.0402214 0.0343231 0.0285106 0.0228919 0.017615 0.0128648 0.00882752 0.00563475
 0.00707787 0.0115782 0.017579 0.0250803 0.0338759 0.043411 0.0527505 0.0608086 0.0667363 0.0701767 0.071229 0.0702371 0.0676059 0.0637209 0.0589279 0.053521 0.0477352 0.0417479 0.0356942 0.029691 0.0238665 0.0183835 0.0134389 0.00922996 0.00589678
 0.00700211 0.0114066 0.0172324 0.0244574 0.0328814 0.0419992 0.050964 0.0587894 0.0646995 0.0683614 0.0698496 0.0694475 0.0674787 0.0642412 0.0600009 0.0549953 0.0494346 0.0435039 0.0373687 0.0311868 0.025127 0.0193866 0.0141904 0.00975641 0.00623896
 0.0070324 0.011462 0.0173224 0.024582 0.0330155 0.0420758 0.0508727 0.0584023 0.0639242 0.0671978 0.068415 0.0679538 0.0661721 0.0633328 0.0596164 0.0551552 0.0500646 0.0444656 0.0384992 0.0323344 0.0261753 0.0202641 0.0148681 0.0102398 0.0065565
 0.00709023 0.0115654 0.0174951 0.0248511 0.0334029 0.0425837 0.0514664 0.0589981 0.0643931 0.0673896 0.0682041 0.0672918 0.0651235 0.0620719 0.0583782 0.0541627 0.0494637 0.0442944 0.0386975 0.0327812 0.0267338 0.0208182 0.0153418 0.0105995 0.00680204
 0.00708056 0.0115621 0.0175137 0.0249157 0.0335424 0.0428243 0.0518223 0.0594624 0.0649297 0.0679275 0.0686394 0.0675052 0.0650155 0.0616066 0.0576139 0.0532464 0.0485864 0.0436256 0.0383312 0.0327175 0.026899 0.0211061 0.015654 0.0108702 0.00700237
 0.00708407 0.0115701 0.0175306 0.0249491 0.0336035 0.0429282 0.0519865 0.0597028 0.0652536 0.068325 0.0690751 0.0679144 0.0653109 0.0616986 0.0574429 0.0528147 0.0479715 0.0429609 0.0377583 0.032335 0.0267338 0.0211194 0.0157725 0.0110214 0.00713727
 0.00706376 0.0115427 0.0175 0.0249226 0.0335909 0.0429395 0.0520301 0.0597863 0.0653844 0.06851 0.0693162 0.068201 0.0656121 0.0619606 0.0575986 0.0528067 0.0477797 0.0426201 0.0373518 0.0319627 0.0264716 0.0209938 0.0157619 0.0110782 0.00721469
 0.00711701 0.0116266 0.0176212 0.0250852 0.0337957 0.0431823 0.0523004 0.0600669 0.0656541 0.0687487 0.0695104 0.0683458 0.065708 0.0620061 0.0575827 0.0527073 0.0475737 0.0423026 0.0369506 0.0315363 0.0260893 0.0207071 0.0155872 0.0109986 0.00719613
 0.00714857 0.0116841 0.017719 0.0252396 0.03402 0.0434795 0.0526576 0.0604545 0.066033 0.0690805 0.0697661 0.0685098 0.065778 0.0619886 0.0574871 0.0525397 0.047335 0.0419928 0.0365799 0.0311334 0.0256985 0.0203741 0.0153414 0.0108439 0.00711517
 0.00716127 0.0117063 0.0177556 0.0252977 0.0341086 0.043609 0.052837 0.0606875 0.0663129 0.0693878 0.0700699 0.0687748 0.065973 0.0620945 0.0574981 0.0524602 0.0471744 0.0417618 0.0362921 0.0308098 0.0253694 0.0200743 0.0150998 0.0106734 0.00701102
 0.00723217 0.0118193 0.0179212 0.0255232 0.034396 0.0439521 0.0532189 0.061082 0.0666898 0.0697196 0.0703357 0.0689603 0.0660679 0.0620911 0.0573936 0.0522587 0.0468874 0.0414071 0.0358917 0.0303894 0.0249585 0.0197034 0.0147941 0.0104463 0.00686036
#pred catch len freq
 0.0040717 0.00646449 0.00947368 0.0130462 0.0171552 0.0217762 0.0268205 0.0321007 0.0373648 0.0423547 0.0468465 0.0506737 0.0537446 0.0560473 0.0576355 0.0586075 0.0590865 0.0591907 0.0589601 0.0582416 0.0566032 0.0534026 0.0480866 0.0406034 0.0316421
 0.00425868 0.00670015 0.00970537 0.0131914 0.0171345 0.02156 0.0264583 0.031708 0.0370684 0.0422298 0.0468856 0.0508054 0.0538862 0.0561559 0.0577309 0.0587555 0.0593543 0.0595946 0.0594347 0.0586511 0.0567954 0.0532826 0.0476654 0.0399922 0.0309958
 0.00442914 0.00697769 0.0101184 0.0137521 0.0178202 0.0222953 0.0271148 0.03214 0.037177 0.0420181 0.0464627 0.0503271 0.0534755 0.0558589 0.0575317 0.0586242 0.0592826 0.0595902 0.0594862 0.0586999 0.0567459 0.0530496 0.0472277 0.0394109 0.030384
 0.00463215 0.00729388 0.0105707 0.0143581 0.0185945 0.0232474 0.0282344 0.0333724 0.0384035 0.0430664 0.0471561 0.0505571 0.0532501 0.0552926 0.0567833 0.057829 0.0585198 0.0588879 0.058838 0.058074 0.0560933 0.0523266 0.0464277 0.0385814 0.0296099
 0.0048675 0.00766151 0.0110968 0.0150593 0.0194787 0.024314 0.0294727 0.0347555 0.0398809 0.0445539 0.0485277 0.0516523 0.0539084 0.0554088 0.056352 0.0569473 0.0573421 0.0575655 0.0574758 0.0567208 0.0547594 0.0510148 0.0451608 0.0374132 0.0286101
 0.00513773 0.00808623 0.0117097 0.0158848 0.0205309 0.0255951 0.0309667 0.0364219 0.0416531 0.0463426 0.0502257 0.0531366 0.0550434 0.0560598 0.0564135 0.0563787 0.0561901 0.0559531 0.0555629 0.05466 0.0526725 0.0489969 0.0432976 0.0357881 0.0272923
 0.00541041 0.00851446 0.0123276 0.0167179 0.0215972 0.0269043 0.0325141 0.0381794 0.0435628 0.0483162 0.0521501 0.0548831 0.0564784 0.0570538 0.0568507 0.0561727 0.0553058 0.0544268 0.0535059 0.0522401 0.0500838 0.0464322 0.0409302 0.033757 0.025685
 0.00573874 0.00902227 0.0130448 0.0176588 0.022764 0.028291 0.0341058 0.0399467 0.0454563 0.0502649 0.054063 0.0566528 0.0579869 0.0581793 0.0574764 0.0561961 0.0546536 0.053076 0.0515049 0.049719 0.0472452 0.0435222 0.0381961 0.0314023 0.0238331
 0.0061025 0.00959221 0.0138634 0.0187534 0.0241454 0.029951 0.0360104 0.0420313 0.0476288 0.052417 0.0560834 0.0584364 0.0594381 0.0592109 0.0580065 0.0561465 0.0539557 0.0516868 0.0494339 0.0470559 0.044173 0.0403022 0.0351207 0.0287291 0.0217256
