SBPRF35
12.7214
Curr Bio
678065
B35
876225
F35
0.170511
FOFL
0.130356
OFL
73871.9
Bzero
3.63469e+06
#pred survey bio
 3.60384e+06 3.48679e+06 3.37774e+06 3.22345e+06 3.02089e+06 2.81074e+06 2.55389e+06 2.31524e+06 2.04703e+06 1.86806e+06 1.66792e+06 1.46661e+06 1.29078e+06 1.1335e+06 985743 889597 806024 744409 689987 665283 633407 608224 570146 562160 543650 531350 527437 516568 520863 529528 536543 550814 559053 568812 583251 591033 611114 616647 618308 635398 645817 654036 663868 667049 671762 671362 677241 675191 684060 684888 2.40457e+07 1.48604e+07 1.56214e+07 1.69181e+07 1.85311e+07 2.02246e+07 2.18271e+07 2.32416e+07 2.44315e+07 2.53987e+07 2.61661e+07 2.67648e+07 2.72263e+07 2.75795e+07 2.78487e+07 2.80535e+07 2.82093e+07 2.83281e+07 2.8419e+07 2.84887e+07 2.85425e+07 2.85841e+07 2.86165e+07 2.86419e+07 2.86618e+07 2.86775e+07 2.86899e+07 2.86998e+07 2.87076e+07 2.87139e+07 2.8719e+07 2.8723e+07 2.87263e+07 2.8729e+07 2.87311e+07 2.87329e+07 2.87343e+07 2.87354e+07 2.87364e+07 2.87371e+07 2.87377e+07 2.87383e+07 2.87387e+07 2.8739e+07 2.87393e+07 2.87395e+07 2.87397e+07 2.87399e+07 2.874e+07 2.87401e+07 2.87402e+07 2.87402e+07 2.87403e+07 2.87403e+07 2.87404e+07 2.87404e+07 2.87404e+07 2.87404e+07 2.87405e+07 2.87405e+07 2.87405e+07 2.87405e+07 2.87405e+07 2.87405e+07 2.87405e+07 2.87405e+07 2.87405e+07 2.87405e+07 2.87405e+07 2.87405e+07 2.87405e+07 2.87405e+07 2.87405e+07 2.87405e+07 2.87405e+07 2.87405e+07 2.87405e+07 2.87405e+07 2.87405e+07 2.87405e+07 2.87405e+07 2.87405e+07 2.87405e+07 2.87405e+07 2.87405e+07 2.87405e+07 2.87405e+07 2.87405e+07 2.87405e+07 2.87405e+07 2.87405e+07 2.87405e+07 2.87405e+07 2.87405e+07 2.87405e+07 2.87405e+07 2.87405e+07 2.87405e+07 2.87405e+07 2.87405e+07 0 0 0 0 0 0 0 0 0 0 0 0 0 0 0 0 0 0 0 0 0 0 0 0 0
#obs survey bio
 3.35891e+06 3.96799e+06 2.84054e+06 3.27339e+06 3.44201e+06 3.33895e+06 2.22671e+06 2.90190e+06 1.98352e+06 1.95088e+06 1.55136e+06 1.89912e+06 1.21025e+06 1.07179e+06 683247 984808 655328 825475 795450 845488 532876 764843 812528 493499 548246 444523 453726 335334 426732 419862 519431 847663 723597 453277 471405 724990 535244 764854 602846 495919 634494 754560 894367 675260 616886 783816 502880 889457 919655 606130
#pred catch bio
 103332 101396 151640 206669 226437 283173 281055 321919 254823 286559 297037 280256 266727 258523 212536 199960 177918 167486 138265 141001 131395 137685 108794 116067 109173 102050 108393 96283 94268.3 97232.9 92493.4 98042.7 96459 92946.1 99271.6 89975.8 103075 105846 93023.1 99362.3 101044 99354.7 104631 103245 107680 102435 109534 100887 108596 107859 73871.9 97526.7 101351 108854 118966 129689 139754 148505 155721 161443 165850 169168 171623 173416 174710 175637 176296 176761 177089 177319 177480 177592 177671 177725 177763 177789 177807 177819 177828 177834 177838 177841 177843 177844 177845 177846 177846 177846 177847 177847 177847 177847 177847 177847 177847 177847 177847 177847 177847 177847 177847 177847 177847 177847 177847 177847 177847 177847 177847 177847 177847 177847 177847 177847 177847 177847 177847 177847 177847 177847 177847 177847 177847 177847 177847 177847 177847 177847 177847 177847 177847 177847 177847 177847 177847 177847 177847 177847 177847 177847 177847 177847 177847 177847 177847 177847 177847 177847 177847 177847 0 0 0 0 0 0 0 0 0 0 0 0 0 0 0 0 0 0 0 0 0 0 0 0 0
#obs catch bio
 0 101083 151855 207488 226481 283822 280650 321843 253144 285689 297757 280193 267410 258590 214405 200371 179197 167958 137779 140337 131119 137442 107551 115642 108550 101292 109045 97038.8 94820.7 98202.8 93277.4 98823.2 96382.1 92893 99567.8 89968.8 103685 106074 92959.8 99722.6 101110 99002.6 104071 102428 107709 101888 109408 100382 108374 107848
#pred cpue bio
 3.56287e+06 3.44739e+06 3.33819e+06 3.18375e+06 2.98182e+06 2.77225e+06 2.5163e+06 2.27844e+06 2.0113e+06 1.83245e+06 1.63283e+06 1.4326e+06 1.25807e+06 1.10221e+06 955884 860786 778500 718172 665200 641376 610431 586072 549149 541442 523301 511189 507022 496099 500200 508594 515377 529445 537912 547744 561897 569474 589169 594742 596533 613359 623736 632039 641880 645089 649586 649164 654959 652839 661429 662178 2.32486e+07 1.43733e+07 1.49864e+07 1.61612e+07 1.77434e+07 1.94314e+07 2.10331e+07 2.24475e+07 2.36373e+07 2.46046e+07 2.5372e+07 2.59706e+07 2.64322e+07 2.67854e+07 2.70546e+07 2.72593e+07 2.74152e+07 2.7534e+07 2.76248e+07 2.76946e+07 2.77483e+07 2.779e+07 2.78224e+07 2.78477e+07 2.78676e+07 2.78833e+07 2.78958e+07 2.79056e+07 2.79135e+07 2.79198e+07 2.79248e+07 2.79289e+07 2.79322e+07 2.79348e+07 2.7937e+07 2.79387e+07 2.79401e+07 2.79413e+07 2.79422e+07 2.7943e+07 2.79436e+07 2.79441e+07 2.79445e+07 2.79449e+07 2.79451e+07 2.79454e+07 2.79456e+07 2.79457e+07 2.79458e+07 2.79459e+07 2.7946e+07 2.79461e+07 2.79461e+07 2.79462e+07 2.79462e+07 2.79462e+07 2.79463e+07 2.79463e+07 2.79463e+07 2.79463e+07 2.79463e+07 2.79463e+07 2.79463e+07 2.79464e+07 2.79464e+07 2.79464e+07 2.79464e+07 2.79464e+07 2.79464e+07 2.79464e+07 2.79464e+07 2.79464e+07 2.79464e+07 2.79464e+07 2.79464e+07 2.79464e+07 2.79464e+07 2.79464e+07 2.79464e+07 2.79464e+07 2.79464e+07 2.79464e+07 2.79464e+07 2.79464e+07 2.79464e+07 2.79464e+07 2.79464e+07 2.79464e+07 2.79464e+07 2.79464e+07 2.79464e+07 2.79464e+07 2.79464e+07 2.79464e+07 2.79464e+07 2.79464e+07 2.79464e+07 2.79464e+07 2.79464e+07 2.79464e+07 0 0 0 0 0 0 0 0 0 0 0 0 0 0 0 0 0 0 0 0 0 0 0 0 0
#obs cpue bio
 4.75778e+06 3.12432e+06 3.272e+06 2.3367e+06 3.38331e+06 2.67084e+06 3.24257e+06 2.37784e+06 2.50851e+06 1.65078e+06 1.14716e+06 1.25681e+06 1.09863e+06 1.43e+06 683661 1.16824e+06 631889 850846 727216 652760 593947 563414 641720 481017 608885 705023 284383 509115 632394 459785 446359 362350 731405 624026 605232 448586 499275 635341 606342 621934 793902 757067 639182 815406 408297 828577 751838 610033 456350 613217
#pred surv len freq
 0.00421318 0.00696032 0.0106985 0.015479 0.0212174 0.0275972 0.0340561 0.0399455 0.0447819 0.0484027 0.0509255 0.0525945 0.0536489 0.0542681 0.0545707 0.0546345 0.0545191 0.0542683 0.0538617 0.053116 0.0516023 0.0487054 0.043894 0.0370997 0.0289395
 0.00452739 0.00737774 0.0111571 0.0158707 0.0214279 0.0275621 0.0337992 0.0395679 0.0444064 0.0481093 0.0507216 0.052435 0.0534868 0.0540993 0.0544463 0.0546363 0.0547122 0.0546547 0.0543585 0.053574 0.051863 0.0486704 0.0435688 0.0365861 0.0283811
 0.0045978 0.00755671 0.0115378 0.016559 0.0224908 0.0289622 0.0353587 0.0410059 0.0454466 0.0485969 0.0506722 0.0519895 0.0528173 0.0533382 0.0536738 0.0539067 0.0540756 0.0541474 0.0539743 0.0532472 0.0514901 0.0481634 0.0429083 0.0358347 0.0276492
 0.00468837 0.0076956 0.011737 0.0168391 0.0228935 0.0295573 0.0362282 0.0421972 0.0469114 0.0501598 0.052067 0.052958 0.053213 0.0531692 0.0530678 0.0530367 0.0530984 0.0531745 0.053063 0.0524007 0.0506702 0.0473235 0.0420332 0.0349623 0.026855
 0.00484941 0.00795666 0.0121275 0.0173835 0.0236052 0.0304324 0.037245 0.0433248 0.048124 0.0514352 0.0533618 0.0541735 0.0541891 0.0537294 0.0530927 0.0525178 0.0521349 0.051923 0.0516754 0.0509841 0.0492797 0.0459833 0.0407682 0.0338169 0.0258867
 0.00500606 0.00821665 0.0125286 0.017964 0.0243957 0.0314429 0.038452 0.0446687 0.0495207 0.0528002 0.0546291 0.0552972 0.055124 0.054406 0.0534122 0.0523808 0.0514906 0.0508024 0.0501863 0.049272 0.0474868 0.0442274 0.0391441 0.0324032 0.0247423
 0.00523208 0.00858466 0.0130836 0.0187482 0.0254412 0.0327583 0.0400088 0.0463951 0.0513098 0.0545294 0.0561827 0.0565836 0.0560827 0.0550005 0.0536132 0.0521507 0.0507865 0.0496027 0.0485224 0.0472443 0.0452518 0.0419674 0.0370342 0.0305845 0.0233016
 0.00545624 0.00895082 0.013638 0.0195353 0.0264953 0.0340909 0.0415949 0.0481676 0.0531685 0.0563584 0.0578675 0.0580222 0.0571914 0.0557171 0.0538953 0.0519691 0.050118 0.0484327 0.0468638 0.0451629 0.0428819 0.0395017 0.0346875 0.0285448 0.0216882
 0.00584525 0.0095658 0.0145309 0.0207427 0.0280318 0.03594 0.0436977 0.0504196 0.055432 0.0584868 0.0597292 0.0595141 0.0582414 0.0562804 0.0539474 0.051498 0.0491186 0.046907 0.0448332 0.0426914 0.0400996 0.0366084 0.0319234 0.0261344 0.0197809
 0.00607556 0.00995108 0.0151302 0.021616 0.0292257 0.0374663 0.0455147 0.0524299 0.0575029 0.0604816 0.0615314 0.0610334 0.0594085 0.0570387 0.0542498 0.0513067 0.0484067 0.0456623 0.0430686 0.0404638 0.0375296 0.0338864 0.0292854 0.0238085 0.0179264
 0.00627451 0.0102967 0.0156916 0.0224717 0.030447 0.0390897 0.0475144 0.0547069 0.0598987 0.0628109 0.0636175 0.0627353 0.0606335 0.0577404 0.0544147 0.0509367 0.0475062 0.0442373 0.041139 0.0380862 0.0348218 0.0310359 0.0265288 0.0213779 0.0159868
 0.00650054 0.0106693 0.0162632 0.0232973 0.0315772 0.040557 0.0493155 0.0567894 0.0621589 0.0651038 0.0657748 0.0645889 0.0620399 0.0586006 0.0546809 0.050604 0.046596 0.0427831 0.0391851 0.0357033 0.0321298 0.0282167 0.0238091 0.0189817 0.014074
 0.00672226 0.0110328 0.0168158 0.0240852 0.032637 0.0419024 0.0509242 0.0585994 0.0640782 0.067027 0.0675955 0.0662023 0.0633426 0.0594948 0.0550851 0.0504651 0.0458948 0.0415329 0.03743 0.0335221 0.0296473 0.0256098 0.0212917 0.0167617 0.0123001
 0.00699877 0.0114753 0.0174687 0.0249848 0.0338043 0.0433328 0.0525761 0.0603911 0.0658996 0.0687617 0.0691414 0.0674816 0.0643003 0.0600896 0.0552808 0.0502273 0.0451955 0.0403615 0.0358053 0.0315056 0.0273529 0.0232032 0.0189718 0.0147197 0.0106706
 0.00725379 0.0119054 0.0181432 0.0259738 0.0351591 0.0450567 0.0545997 0.0625706 0.0680463 0.0706895 0.0707066 0.0686005 0.0649447 0.0602711 0.0550301 0.0495764 0.0441673 0.0389707 0.0340723 0.0294769 0.0251198 0.0209072 0.0167866 0.012813 0.00915872
 0.00735759 0.0120758 0.0184045 0.0263551 0.0356946 0.0457826 0.055545 0.063742 0.0694122 0.0721708 0.0721827 0.0699319 0.0660043 0.0609692 0.0553239 0.049462 0.0436631 0.0381039 0.032876 0.028 0.0234414 0.0191445 0.0150843 0.0113124 0.0079602
 0.00741151 0.0121786 0.0185869 0.0266541 0.0361448 0.0464025 0.0563266 0.0646514 0.0704022 0.0731939 0.0731952 0.0708865 0.0668406 0.061615 0.0557082 0.0495318 0.043394 0.0375 0.0319654 0.0268325 0.0220923 0.0177168 0.0136998 0.0100885 0.00698083
 0.00739292 0.0121534 0.0185599 0.0266369 0.0361574 0.0464742 0.056493 0.0649464 0.0708459 0.0737828 0.0738999 0.0716577 0.067619 0.0623371 0.0563084 0.0499452 0.0435641 0.0373895 0.0315657 0.0261687 0.0212239 0.0167329 0.0127068 0.00918898 0.00624941
 0.0074973 0.012301 0.0187413 0.0268302 0.0363358 0.0466179 0.056599 0.0650317 0.070942 0.0739255 0.0741172 0.0719607 0.0679966 0.062757 0.0567221 0.0502948 0.0437899 0.037439 0.0314046 0.0257914 0.0206605 0.0160474 0.011985 0.00851775 0.0056945
 0.00749385 0.0122904 0.0187155 0.0267771 0.0362404 0.046466 0.0563833 0.0647593 0.0706416 0.0736484 0.0739298 0.0719266 0.0681554 0.0631091 0.0572261 0.0508775 0.0443628 0.037916 0.0317169 0.0259006 0.020566 0.0157871 0.0116251 0.00813399 0.00535095
 0.00751223 0.0123295 0.0187904 0.0269049 0.0364327 0.046718 0.0566664 0.0650229 0.0708273 0.0737116 0.0738582 0.0717478 0.0679294 0.0629084 0.0571101 0.0508719 0.0444516 0.0380492 0.0318291 0.0259338 0.0204881 0.0156008 0.0113644 0.00784976 0.00509145
 0.00744482 0.0122307 0.0186628 0.0267601 0.0362909 0.0466056 0.0566106 0.0650441 0.0709296 0.0738761 0.0740456 0.0719122 0.0680386 0.0629585 0.057126 0.0508924 0.0445072 0.0381451 0.0319423 0.0260241 0.0205181 0.0155533 0.0112491 0.00769642 0.0049358
 0.00771177 0.0126138 0.0191453 0.0272947 0.0368143 0.0470609 0.0569652 0.0652925 0.0710831 0.0739485 0.0740426 0.0718297 0.0678679 0.0626964 0.0567846 0.0505026 0.0441117 0.037784 0.0316377 0.025775 0.0203068 0.0153598 0.0110635 0.00752243 0.0047851
 0.00772879 0.0126511 0.0192168 0.0274133 0.0369812 0.0472541 0.0571363 0.0653813 0.0710472 0.0737902 0.0738138 0.0716067 0.0677138 0.0626343 0.0567973 0.0505521 0.0441643 0.0378224 0.0316599 0.0257837 0.0203019 0.0153375 0.0110219 0.0074661 0.00472403
 0.00783934 0.012824 0.0194645 0.0277431 0.0373942 0.0477419 0.0576752 0.0659262 0.0715314 0.0741367 0.0739579 0.0715217 0.0674246 0.0622085 0.0563168 0.050084 0.043745 0.0374619 0.0313548 0.0255276 0.0200891 0.0151627 0.0108799 0.00735254 0.00463644
 0.00808077 0.0131751 0.0199164 0.0282612 0.0379289 0.0482456 0.0581153 0.066288 0.071811 0.0743309 0.0740563 0.0715059 0.0672759 0.061922 0.0559123 0.0496048 0.043245 0.0369882 0.0309367 0.0251766 0.0198046 0.0149386 0.0107082 0.00722543 0.00454629
 0.00808511 0.0132167 0.0200399 0.0285224 0.0383715 0.0488702 0.0588592 0.0670353 0.0724343 0.0747406 0.0742276 0.071469 0.0670844 0.0616225 0.0555341 0.0491676 0.042771 0.036507 0.0304809 0.0247731 0.0194688 0.014674 0.0105099 0.00708406 0.00445089
 0.00813594 0.0132964 0.0201565 0.0286872 0.0386026 0.0491946 0.0593056 0.067616 0.0731225 0.0754591 0.0748618 0.0719058 0.0672534 0.0615167 0.0551998 0.048676 0.0421928 0.0359011 0.0298937 0.0242401 0.0190146 0.0143108 0.0102377 0.00689313 0.00432596
 0.00814436 0.0132955 0.020129 0.02861 0.0384561 0.0489763 0.0590426 0.067367 0.0729652 0.0754649 0.0750669 0.0722908 0.0677441 0.0620089 0.0555964 0.0489182 0.0422698 0.0358395 0.0297383 0.0240378 0.0188048 0.0141212 0.0100837 0.00677939 0.00424911
 0.00810845 0.0132435 0.0200617 0.0285296 0.0383629 0.0488646 0.0589009 0.0671859 0.0727504 0.0752475 0.0749022 0.0722405 0.0678489 0.0622658 0.0559552 0.0492995 0.0425961 0.0360612 0.0298435 0.0240453 0.0187486 0.0140365 0.00999743 0.00670713 0.00419652
 0.00802132 0.0131174 0.019901 0.0283488 0.0381832 0.0487072 0.0587806 0.0671068 0.0727054 0.0752226 0.0748853 0.0722319 0.0678661 0.0623366 0.0561003 0.0495153 0.0428507 0.0363064 0.030036 0.0241629 0.0187941 0.0140295 0.00996307 0.00666615 0.0041613
 0.00777648 0.0127455 0.0193911 0.0277118 0.037452 0.0479355 0.0580397 0.0664779 0.0722635 0.0750162 0.0749224 0.0724823 0.0682768 0.0628523 0.0566768 0.0501212 0.0434587 0.036886 0.0305528 0.0245871 0.0191108 0.0142427 0.0100915 0.00673499 0.00419377
 0.00775962 0.0126853 0.0192415 0.0274142 0.0369555 0.0472267 0.0571651 0.0655435 0.0714057 0.0743601 0.0745485 0.0724137 0.0684872 0.0632829 0.0572563 0.0507815 0.0441432 0.0375501 0.0311606 0.02511 0.0195295 0.0145518 0.0103 0.00686279 0.00426471
 0.00782245 0.0127718 0.0193406 0.0274995 0.0369849 0.0471465 0.0569211 0.0650995 0.070767 0.0735887 0.0737581 0.0717389 0.0680406 0.0631223 0.0573762 0.0511276 0.0446379 0.0381146 0.0317279 0.0256297 0.0199681 0.014893 0.0105435 0.00702133 0.00435837
 0.00778642 0.0127241 0.0192882 0.0274534 0.036954 0.0471285 0.0568956 0.0650286 0.0706056 0.0733033 0.0733465 0.0712418 0.0675385 0.0627134 0.0571448 0.0511166 0.0448387 0.0384767 0.0321798 0.0260996 0.0203993 0.0152496 0.0108114 0.00720414 0.00447151
 0.00778855 0.0127265 0.0192903 0.0274553 0.0369583 0.0471408 0.0569231 0.0650743 0.0706602 0.07334 0.0733247 0.0711234 0.0673085 0.062396 0.0568013 0.0508261 0.0446685 0.0384585 0.0323026 0.02632 0.0206608 0.0155017 0.0110209 0.00735773 0.00457178
 0.00762436 0.0124778 0.0189502 0.0270308 0.0364694 0.0466184 0.0564083 0.0646162 0.0703098 0.0731383 0.0732892 0.0712398 0.0675336 0.0626734 0.0570843 0.0510948 0.0449326 0.0387426 0.032625 0.0266775 0.021028 0.0158431 0.011306 0.00757133 0.00471523
 0.00757044 0.0123901 0.0188189 0.0268484 0.0362338 0.0463375 0.0561024 0.0643161 0.0700492 0.0729447 0.0731784 0.0712146 0.0675863 0.0627874 0.0572369 0.0512639 0.0451048 0.0389182 0.0328132 0.0268862 0.0212536 0.0160688 0.0115096 0.00773482 0.00483183
 0.00763464 0.012475 0.0189106 0.0269213 0.0362576 0.0462874 0.055969 0.0641088 0.0697935 0.0726745 0.072928 0.0710126 0.0674506 0.0627237 0.0572398 0.0513198 0.0451975 0.0390343 0.0329457 0.0270325 0.0214105 0.0162283 0.0116586 0.00786013 0.00492565
 0.00750732 0.0122881 0.0186656 0.0266308 0.0359384 0.0459525 0.0556233 0.0637535 0.069436 0.0723373 0.0726483 0.0708324 0.0674024 0.062819 0.0574662 0.0516469 0.0455864 0.0394471 0.0333518 0.027411 0.0217487 0.0165182 0.011895 0.00804082 0.00505303
 0.00741719 0.0121436 0.0184533 0.0263426 0.0355769 0.0455366 0.0551895 0.0633492 0.0691042 0.072101 0.0725069 0.0707722 0.0674122 0.0628992 0.0576246 0.0518874 0.0459003 0.0398121 0.0337381 0.0277888 0.0220941 0.016815 0.0121345 0.00822144 0.00517899
 0.00738701 0.0120868 0.0183535 0.02618 0.0353336 0.0452048 0.0547797 0.0628936 0.0686515 0.0717052 0.0722128 0.0706046 0.0673732 0.0629738 0.057792 0.0521299 0.0462039 0.0401626 0.0341159 0.0281691 0.0224509 0.0171266 0.0123873 0.00841133 0.00531034
 0.0073623 0.0120442 0.0182845 0.0260739 0.0351786 0.0449898 0.0544987 0.0625499 0.0682614 0.0712997 0.0718348 0.0703009 0.0671827 0.0629179 0.0578705 0.0523248 0.0464884 0.040508 0.0344947 0.0285545 0.0228168 0.0174501 0.0126524 0.00861146 0.00544884
 0.00745922 0.0121827 0.0184573 0.0262613 0.0353523 0.0451205 0.0545621 0.0625287 0.0681463 0.07109 0.0715414 0.0699493 0.0668124 0.0625759 0.0576006 0.0521572 0.0464336 0.0405576 0.0346274 0.028742 0.0230294 0.0176601 0.012838 0.00875943 0.0055554
 0.00739928 0.0121146 0.0184078 0.0262697 0.0354557 0.0453321 0.0548559 0.0628428 0.0684048 0.0712309 0.0715358 0.0698034 0.066558 0.0622587 0.0572706 0.0518614 0.0462091 0.0404255 0.0345901 0.0287854 0.0231284 0.0177862 0.0129653 0.00886949 0.00563899
 0.00741582 0.0121281 0.0184052 0.0262365 0.0353857 0.0452406 0.0547832 0.0628413 0.068511 0.0714397 0.0717949 0.0700346 0.0666922 0.0622624 0.0571534 0.0516643 0.0459864 0.0402272 0.0344502 0.0287174 0.0231263 0.0178311 0.0130335 0.00894018 0.00569846
 0.00743692 0.0121553 0.0184324 0.0262515 0.035372 0.0451808 0.0546667 0.0626729 0.0683175 0.0712673 0.071694 0.0700359 0.0667888 0.0624114 0.0572978 0.0517606 0.0460215 0.0402171 0.0344258 0.0287073 0.0231458 0.0178793 0.0130987 0.00900721 0.00575555
 0.00748659 0.0122392 0.0185635 0.0264411 0.0356242 0.0454846 0.0549903 0.0629668 0.0685274 0.0713539 0.0716491 0.0698854 0.0665803 0.0621927 0.0570969 0.0515806 0.0458504 0.0400447 0.0342546 0.0285519 0.0230229 0.0177985 0.013058 0.008996 0.00576059
 0.00744371 0.0121734 0.0184726 0.0263278 0.0354975 0.0453607 0.0548916 0.0629159 0.0685382 0.0714233 0.0717559 0.0699992 0.0666762 0.0622611 0.0571437 0.0516175 0.0458842 0.0400744 0.0342757 0.0285631 0.023029 0.0178063 0.0130719 0.00901548 0.00578164
 0.0074368 0.0121658 0.0184676 0.0263305 0.035513 0.0453921 0.0549382 0.0629744 0.0686046 0.0714944 0.0718281 0.0700663 0.0667276 0.0622854 0.0571338 0.0515753 0.0458196 0.0399997 0.034201 0.0284947 0.0229708 0.0177615 0.0130422 0.00899993 0.00577675
#obs surv len freq
 nan nan nan nan nan nan nan nan nan nan nan nan nan nan nan nan nan nan nan nan nan nan nan nan nan
 0.00448695 0.00734935 0.0111803 0.0159973 0.0216982 0.0279735 0.0342869 0.0400172 0.0446957 0.0481584 0.0505152 0.05201 0.0529013 0.0534129 0.0537265 0.0539809 0.0542591 0.0545516 0.0546902 0.054282 0.0527202 0.0493526 0.0438027 0.0362834 0.0276677
 0.0046079 0.00755 0.0114894 0.016443 0.0223009 0.028735 0.0351802 0.0409835 0.0456532 0.0490193 0.0512024 0.0524686 0.0531035 0.053358 0.0534363 0.053492 0.0536145 0.0537935 0.0538574 0.0534111 0.0518495 0.0485248 0.0430621 0.0356672 0.0271968
 0.00478132 0.00783001 0.0119074 0.0170277 0.0230734 0.029701 0.0363203 0.0422473 0.0469622 0.0502767 0.0523072 0.0533286 0.0536471 0.0535428 0.0532532 0.052963 0.0527851 0.0527236 0.0526134 0.0520632 0.0504729 0.0471998 0.0418684 0.0346707 0.0264337
 0.00496043 0.00812647 0.0123632 0.0176846 0.0239643 0.0308359 0.0376733 0.0437533 0.0485271 0.0517963 0.0536814 0.0544678 0.0544729 0.0539905 0.0532784 0.0525487 0.0519465 0.0515074 0.0510936 0.0503364 0.0486534 0.0454138 0.0402403 0.0333022 0.0253818
 0.00517764 0.00848007 0.0128966 0.0184392 0.0249729 0.0321109 0.0391937 0.0454581 0.050321 0.0535649 0.0553089 0.0558488 0.0555189 0.0546312 0.0534608 0.0522386 0.0511333 0.0502114 0.0493738 0.0482944 0.0464314 0.0431825 0.0381752 0.0315493 0.0240264
 0.00540058 0.00884611 0.0134542 0.0192357 0.0260454 0.0334722 0.0408176 0.0472749 0.0522283 0.0554471 0.057054 0.0573568 0.0567028 0.0554161 0.0537845 0.0520528 0.0504079 0.0489432 0.0475992 0.0461031 0.0439727 0.0406547 0.0357946 0.0295038 0.0224317
 0.00565675 0.00926385 0.0140853 0.0201295 0.0272395 0.0349777 0.0426041 0.0492644 0.0543056 0.0574816 0.0589209 0.0589497 0.0579372 0.0562265 0.0541188 0.0518682 0.049671 0.0476381 0.0457446 0.0437731 0.041312 0.0378747 0.0331401 0.0271978 0.0206188
 0.00589029 0.00964945 0.0146767 0.0209806 0.0283939 0.0364524 0.0443719 0.0512491 0.0563922 0.0595392 0.0608234 0.060588 0.0592229 0.0570907 0.054509 0.0517433 0.0489985 0.0463985 0.0439457 0.0414742 0.0386451 0.0350475 0.0304059 0.0247968 0.0187147
 0.00614503 0.0100652 0.0153057 0.021873 0.0295886 0.0379627 0.04617 0.0532591 0.0584997 0.0616117 0.0627313 0.0622189 0.060487 0.0579219 0.0548603 0.0515815 0.0482988 0.0451458 0.0421471 0.0391815 0.0359795 0.0322072 0.0276413 0.0223529 0.0167643
 0.00638415 0.0104581 0.0159046 0.0227289 0.0307413 0.039425 0.0479115 0.0552013 0.060528 0.0635975 0.0645532 0.0637732 0.0616912 0.058713 0.0551928 0.0514231 0.047627 0.0439486 0.0404324 0.036997 0.0334358 0.029488 0.0249829 0.0199912 0.0148702
 0.00661488 0.0108367 0.0164811 0.0235519 0.0318491 0.0408301 0.0495852 0.0570678 0.0624748 0.0654968 0.0662832 0.0652316 0.0627999 0.0594174 0.0554573 0.0512248 0.0469512 0.0427888 0.0387987 0.0349342 0.031045 0.0269366 0.0224876 0.0177705 0.0130847
 0.00683761 0.0112038 0.0170426 0.0243574 0.0329368 0.042211 0.0512274 0.0588908 0.0643619 0.0673182 0.0679177 0.0665805 0.0637911 0.0600041 0.0556142 0.0509415 0.0462261 0.0416266 0.0372167 0.0329778 0.0288072 0.0245675 0.020181 0.0157221 0.0114384
 0.0070794 0.0115964 0.0176325 0.0251871 0.0340366 0.0435857 0.0528421 0.0606659 0.0661829 0.0690568 0.0694535 0.0678152 0.0646552 0.0604573 0.0556411 0.0505449 0.0454189 0.040428 0.0356554 0.0311039 0.0267082 0.0223777 0.0180698 0.0138589 0.00994665
 0.00728634 0.0119395 0.0181605 0.0259485 0.0350681 0.0448949 0.0543914 0.0623688 0.0679184 0.070695 0.0708787 0.068938 0.065415 0.0608203 0.0555966 0.0501003 0.0445941 0.0392515 0.0341652 0.0293553 0.0247856 0.0204011 0.0161851 0.0122088 0.00863282
 0.00742435 0.012167 0.0185095 0.0264521 0.0357561 0.0457849 0.055478 0.0636162 0.0692611 0.0720453 0.0721391 0.0700142 0.066227 0.0613111 0.0557342 0.0498756 0.0440164 0.0383444 0.032966 0.0279193 0.023193 0.0187594 0.0146202 0.0108406 0.00754495
 0.00752099 0.0123242 0.0187465 0.0267877 0.0362065 0.0463594 0.0561746 0.0644188 0.0701405 0.0729626 0.0730477 0.0708599 0.06695 0.0618503 0.0560354 0.0498991 0.043742 0.0377731 0.0321206 0.026846 0.0219632 0.0174688 0.013378 0.00974912 0.00667515
 0.00761431 0.0124699 0.0189548 0.0270647 0.0365538 0.0467745 0.0566494 0.0649403 0.0706918 0.073526 0.0736057 0.0713942 0.0674371 0.0622586 0.0563248 0.0500259 0.0436668 0.0374703 0.0315864 0.0261041 0.021067 0.0164974 0.0124247 0.00890187 0.00599542
 0.00763647 0.0125055 0.0190078 0.0271386 0.0366519 0.0468992 0.0568024 0.0651228 0.0709058 0.073775 0.0738933 0.0717206 0.067795 0.0626289 0.0566754 0.0503135 0.0438429 0.0374905 0.0314216 0.0257505 0.0205525 0.0158795 0.0117796 0.00830567 0.00550496
 0.00771118 0.0126145 0.0191485 0.027301 0.0368213 0.0470616 0.0569487 0.0652498 0.0710154 0.0738728 0.0739879 0.0718221 0.0679126 0.0627671 0.0568292 0.050465 0.0439613 0.0375371 0.0313602 0.0255598 0.0202359 0.0154693 0.0113294 0.00787549 0.0051429
 0.00775714 0.0126876 0.019255 0.0274437 0.0369971 0.0472589 0.0571464 0.0654214 0.0711376 0.073935 0.0739968 0.0717986 0.0678826 0.0627525 0.0568419 0.0505035 0.0440105 0.0375706 0.0313462 0.0254709 0.0200607 0.0152189 0.0110363 0.00758227 0.00488793
 0.00782116 0.0127821 0.0193794 0.0275918 0.037159 0.0474243 0.0573064 0.0655678 0.0712608 0.0740236 0.0740407 0.0717938 0.0678355 0.0626794 0.0567633 0.0504367 0.0439622 0.0375341 0.0313033 0.0253995 0.0199446 0.0150563 0.010842 0.00738252 0.00470979
 0.00785157 0.0128342 0.0194623 0.0277138 0.037324 0.0476269 0.0575291 0.0657831 0.0714398 0.0741454 0.0740977 0.0717898 0.0677809 0.0625872 0.0566478 0.050313 0.0438435 0.0374274 0.0312067 0.0253031 0.0198365 0.01493 0.0107015 0.0072411 0.00458356
 0.00787236 0.0128633 0.0194978 0.0277523 0.0373629 0.0476673 0.057577 0.0658464 0.0715226 0.0742432 0.074197 0.0718732 0.0678342 0.062604 0.0566303 0.0502691 0.0437836 0.0373608 0.0311387 0.0252337 0.0197619 0.0148469 0.0106109 0.00714966 0.00450081
 0.00789633 0.0129003 0.0195496 0.0278183 0.0374398 0.0477488 0.0576544 0.0659112 0.0715697 0.0742738 0.0742168 0.0718887 0.067847 0.0626102 0.0566232 0.0502438 0.04374 0.0373032 0.0310728 0.0251643 0.0196909 0.0147748 0.0105392 0.00708161 0.00444135
 0.00787632 0.0128661 0.0194954 0.0277387 0.037332 0.0476156 0.0575066 0.0657665 0.0714488 0.0741942 0.0741894 0.0719164 0.0679258 0.0627299 0.0567684 0.0503965 0.0438832 0.0374244 0.0311656 0.0252275 0.0197269 0.0147876 0.0105339 0.00706477 0.00441959
 0.00790827 0.0129094 0.0195443 0.0277819 0.0373553 0.0476063 0.0574576 0.0656791 0.0713326 0.0740654 0.0740678 0.0718208 0.0678702 0.0627203 0.0568025 0.0504646 0.0439709 0.037516 0.031248 0.025292 0.0197699 0.01481 0.0105396 0.00705908 0.00440828
 0.00786333 0.0128421 0.0194534 0.0276696 0.0372253 0.0474622 0.0573021 0.0655154 0.0711672 0.0739103 0.0739395 0.0717374 0.0678468 0.0627642 0.0569111 0.0506261 0.0441666 0.0377245 0.0314484 0.0254677 0.0199108 0.014913 0.0106073 0.00709831 0.0044275
 0.00788406 0.0128667 0.0194741 0.027674 0.0372009 0.0474019 0.0572085 0.0653997 0.0710439 0.0737908 0.0738303 0.0716422 0.0677707 0.0627159 0.0569004 0.0506592 0.0442426 0.0378339 0.0315758 0.0255958 0.0200248 0.0150036 0.0106716 0.00713876 0.00444966
 0.00786012 0.0128322 0.0194297 0.0276221 0.037143 0.0473366 0.0571306 0.0653033 0.0709277 0.0736622 0.0737048 0.0715383 0.0677027 0.0626908 0.056919 0.0507187 0.0443382 0.0379583 0.0317181 0.0257422 0.020161 0.015118 0.0107584 0.00719801 0.00448583
 0.00785887 0.0128234 0.0194044 0.0275688 0.0370524 0.0472067 0.0569709 0.0651329 0.0707681 0.0735293 0.0736054 0.0714729 0.0676705 0.0626926 0.0569564 0.0507917 0.0444436 0.0380894 0.0318654 0.025894 0.0203046 0.0152424 0.0108565 0.00726805 0.00453086
 0.00784551 0.0128066 0.0193877 0.0275571 0.0370485 0.0472076 0.0569662 0.0651081 0.0707121 0.0734412 0.0734965 0.0713614 0.067574 0.0626232 0.0569199 0.0507897 0.044475 0.0381509 0.0319508 0.025994 0.0204081 0.0153386 0.010937 0.00732854 0.00457165
 0.00780371 0.0127361 0.0192778 0.0273984 0.0368372 0.0469518 0.0566884 0.0648421 0.0704924 0.0732915 0.0734233 0.0713577 0.0676275 0.0627222 0.0570554 0.0509541 0.0446605 0.0383489 0.032152 0.0261887 0.0205867 0.0154923 0.0110599 0.00741898 0.00463233
 0.00775337 0.0126553 0.0191579 0.0272318 0.0366192 0.0466824 0.0563766 0.0645081 0.0701672 0.0730122 0.073225 0.0712639 0.0676444 0.0628391 0.0572503 0.0512013 0.0449366 0.0386347 0.0324321 0.0264503 0.0208192 0.0156875 0.0112134 0.0075309 0.00470725
 0.00773836 0.012624 0.0190983 0.0271288 0.0364586 0.0464574 0.0560927 0.0641846 0.069833 0.0726996 0.0729647 0.0710818 0.0675595 0.0628601 0.0573731 0.0514094 0.0452048 0.038935 0.0327386 0.0267416 0.0210793 0.0159058 0.0113847 0.00765556 0.00479075
 0.0076968 0.0125587 0.019004 0.0270013 0.0362944 0.0462537 0.0558493 0.0639064 0.069533 0.0723993 0.0726922 0.0708673 0.0674289 0.0628302 0.0574491 0.0515841 0.0454599 0.039244 0.0330714 0.0270692 0.0213776 0.0161584 0.0115833 0.00780007 0.00488741
 0.00769046 0.0125447 0.0189761 0.0269515 0.0362151 0.0461406 0.0557034 0.0637341 0.0693431 0.0722011 0.0724947 0.0706816 0.0672704 0.0627183 0.0574025 0.0516158 0.045572 0.0394264 0.0333033 0.0273239 0.0216279 0.0163818 0.0117655 0.00793591 0.00497979
 0.00767476 0.0125235 0.0189518 0.0269281 0.0361958 0.0461246 0.0556843 0.0637011 0.0692858 0.0721139 0.0723793 0.0705463 0.0671282 0.0625847 0.0572951 0.0515517 0.0455651 0.0394824 0.0334172 0.0274799 0.0218035 0.0165537 0.011915 0.00805257 0.00506176
 0.00763742 0.012466 0.0188715 0.0268257 0.0360758 0.0459962 0.0555603 0.0635955 0.0692089 0.0720679 0.0723578 0.0705377 0.0671216 0.0625757 0.0572867 0.0515535 0.0455892 0.0395396 0.033512 0.0276081 0.0219523 0.016705 0.0120517 0.00816271 0.00514116
 0.00762391 0.0124413 0.0188296 0.0267597 0.0359805 0.0458711 0.0554128 0.063441 0.0690673 0.0719579 0.072291 0.0705157 0.0671369 0.0626152 0.0573379 0.0516091 0.0456494 0.0396096 0.0335983 0.0277132 0.0220719 0.0168289 0.0121669 0.00825861 0.00521236
 0.00759675 0.0124003 0.0187733 0.0266885 0.0358953 0.0457726 0.0553013 0.0633181 0.0689383 0.0718332 0.0721851 0.0704434 0.0671085 0.0626325 0.0573941 0.0516924 0.0457477 0.0397154 0.0337086 0.0278277 0.0221889 0.0169435 0.0122714 0.00834554 0.00527759
 0.00759961 0.0124033 0.0187751 0.0266867 0.0358875 0.0457573 0.0552781 0.0632871 0.068899 0.0717843 0.0721257 0.0703757 0.0670392 0.062572 0.0573529 0.0516767 0.0457582 0.0397482 0.0337583 0.0278894 0.0222584 0.0170158 0.0123408 0.00840598 0.00532488
 0.00757772 0.0123719 0.0187355 0.0266425 0.0358435 0.045717 0.0552431 0.0632567 0.0688717 0.0717588 0.0721016 0.0703529 0.0670179 0.0625537 0.0573405 0.0516751 0.0457717 0.0397788 0.0338049 0.0279482 0.0223241 0.0170829 0.0124034 0.00845956 0.00536642
 0.00755418 0.0123323 0.0186739 0.0265537 0.0357253 0.045574 0.0550877 0.0631084 0.068751 0.0716805 0.0720706 0.0703645 0.0670622 0.0626193 0.0574184 0.0517593 0.0458596 0.0398698 0.0338985 0.0280428 0.0224165 0.0171685 0.012478 0.00851976 0.00541107
 0.00754239 0.0123135 0.018646 0.0265146 0.0356727 0.0455054 0.0550019 0.0630071 0.0686407 0.0715729 0.0719802 0.0703048 0.0670407 0.0626357 0.057466 0.0518282 0.0459407 0.0399564 0.0339868 0.02813 0.0225001 0.0172452 0.0125443 0.00857313 0.00545054
 0.00754112 0.0123116 0.0186434 0.0265111 0.0356678 0.0454979 0.0549897 0.0629869 0.068609 0.0715274 0.071922 0.0702393 0.0669774 0.0625856 0.0574377 0.0518253 0.0459612 0.0399951 0.0340372 0.0281865 0.022558 0.0173005 0.0125936 0.00861369 0.00548109
 0.00752842 0.0122927 0.0186183 0.0264811 0.035635 0.0454648 0.0549587 0.0629597 0.0685863 0.0715083 0.0719043 0.0702207 0.0669569 0.0625652 0.0574222 0.0518206 0.045972 0.0400224 0.0340786 0.0282372 0.0226122 0.017353 0.0126402 0.00865167 0.0055094
 0.00750884 0.0122641 0.0185811 0.0264379 0.0355901 0.0454228 0.0549236 0.0629346 0.0685724 0.0715053 0.0719097 0.0702307 0.0669674 0.0625731 0.0574269 0.0518242 0.0459786 0.0400364 0.0341024 0.0282702 0.0226513 0.0173937 0.012678 0.00868332 0.00553332
 0.00749723 0.0122414 0.0185402 0.0263708 0.035491 0.0452926 0.0547727 0.0627822 0.0684415 0.0714148 0.0718692 0.0702394 0.0670165 0.0626498 0.0575181 0.0519198 0.0460722 0.0401254 0.0341865 0.0283495 0.0227249 0.0174595 0.0127335 0.00872681 0.00556458
 0.00747531 0.0122065 0.0184889 0.0263 0.0353978 0.0451748 0.0546306 0.0626208 0.0682724 0.0712561 0.0717426 0.0701641 0.0670037 0.062699 0.0576184 0.0520539 0.0462222 0.0402768 0.0343296 0.0284788 0.0228376 0.017554 0.0128089 0.00878332 0.00560386
#pred catch len freq
 0.00313606 0.00511359 0.00775835 0.0111281 0.0152688 0.0201614 0.025663 0.0315029 0.0373419 0.0428433 0.0477215 0.0517775 0.0549228 0.0571788 0.0586462 0.0594677 0.0598005 0.059785 0.059474 0.0587174 0.0570743 0.0538827 0.0485646 0.0410489 0.0320206
 0.00338023 0.0054417 0.00812712 0.0114604 0.0154818 0.0202079 0.0255574 0.0313125 0.0371451 0.0426834 0.0475891 0.0516304 0.0547297 0.056956 0.0584643 0.0594235 0.059968 0.0601667 0.059978 0.0591791 0.057319 0.0538027 0.0481678 0.0404496 0.0313787
 0.00346268 0.00561518 0.00845514 0.0120105 0.0162904 0.0212357 0.0266678 0.032302 0.0378226 0.0429531 0.0474797 0.0512547 0.0542123 0.0563849 0.0578919 0.0588948 0.0595355 0.0598722 0.0598157 0.0590754 0.0571551 0.0534744 0.0476443 0.0397914 0.0307027
 0.00356862 0.00577895 0.00869139 0.0123416 0.016758 0.0219065 0.0276167 0.0335658 0.039342 0.0445448 0.0488752 0.0521998 0.0545684 0.0561685 0.0572369 0.0579782 0.058517 0.0588655 0.0588792 0.0582098 0.0563164 0.0526084 0.0467318 0.0388719 0.0298584
 0.00371901 0.00601827 0.00904162 0.0128194 0.0173728 0.02266 0.0285056 0.0345889 0.0405043 0.0458442 0.0502684 0.0535669 0.0557146 0.0568823 0.0573753 0.0575254 0.0575792 0.0576134 0.057479 0.0567772 0.0549087 0.0512476 0.0454398 0.0376935 0.0288547
 0.00389296 0.00629808 0.00945775 0.0133996 0.0181388 0.0236206 0.0296484 0.0358756 0.0418751 0.0472322 0.0516129 0.0548141 0.0568016 0.0577153 0.0578298 0.0574806 0.0569723 0.0564766 0.0559308 0.0549789 0.0530165 0.0493894 0.0437172 0.0361903 0.0276345
 0.00410402 0.00663579 0.00995695 0.0140919 0.0190502 0.024766 0.0310222 0.0374418 0.0435646 0.048948 0.053244 0.0562541 0.0579632 0.0585327 0.0582465 0.0574362 0.0564073 0.0553598 0.0542939 0.052931 0.0507283 0.0470583 0.0415311 0.0342997 0.0261326
 0.00435201 0.00703064 0.0105367 0.0148889 0.0200887 0.0260572 0.0325548 0.0391751 0.0454266 0.050841 0.0550546 0.0578646 0.0592646 0.0594362 0.0586874 0.0573689 0.0557976 0.0541872 0.0525704 0.0507289 0.0481961 0.0444088 0.0390008 0.0320957 0.0243866
 0.00466809 0.00752648 0.0112506 0.0158483 0.0213099 0.0275439 0.0342913 0.0411169 0.0474957 0.05293 0.0570373 0.0596112 0.0606569 0.0603787 0.0591118 0.0572312 0.0550719 0.0528643 0.0506683 0.0483154 0.0454119 0.0414701 0.0361674 0.0296102 0.0224122
 0.00493572 0.00795846 0.0118953 0.0167494 0.0224997 0.0290323 0.0360535 0.0430878 0.0495783 0.0550107 0.0590007 0.0613475 0.062065 0.0613687 0.0596086 0.0571768 0.0544268 0.0516101 0.0488179 0.0459318 0.0426304 0.0385037 0.0332801 0.0270575 0.0203732
 0.00517813 0.00835905 0.0125114 0.0176416 0.0237233 0.0306211 0.0379997 0.0453274 0.0519905 0.057434 0.0612585 0.063277 0.0635399 0.0623083 0.0599711 0.0569442 0.0535913 0.0501714 0.0467953 0.0433882 0.039698 0.0353934 0.0302577 0.0243842 0.0182353
 0.00542317 0.00875318 0.0130988 0.0184663 0.024828 0.0320417 0.0397521 0.0473911 0.0542948 0.0598532 0.0636218 0.0653925 0.0652281 0.0634325 0.0604526 0.0567577 0.052747 0.0486991 0.0447411 0.0408308 0.0367725 0.0323052 0.0272631 0.0217368 0.0161171
 0.00567269 0.00915174 0.0136864 0.0192781 0.0258919 0.0333723 0.0413432 0.0492086 0.0562762 0.0619115 0.0656492 0.0672634 0.0668057 0.0645827 0.0610626 0.0567516 0.0520935 0.0474082 0.0428606 0.0384498 0.0340334 0.0294097 0.0244549 0.0192533 0.0141289
 0.00599192 0.00965243 0.0144066 0.0202429 0.027112 0.0348413 0.0430302 0.0510532 0.0581903 0.0637907 0.0673875 0.0687647 0.0679887 0.0653793 0.0614133 0.0566047 0.0514097 0.0461716 0.0410919 0.0362197 0.0314726 0.0267087 0.0218419 0.0169478 0.0122863
 0.00621372 0.0100215 0.0149779 0.0210731 0.028248 0.0363018 0.0447865 0.0530206 0.0602387 0.065769 0.0691503 0.0701935 0.0690036 0.0659392 0.0615073 0.0562362 0.0505843 0.0448961 0.0393856 0.0341356 0.0291167 0.0242444 0.0194699 0.0148624 0.010624
 0.00634538 0.0102318 0.0152896 0.0215115 0.0288437 0.0370909 0.0458037 0.0542821 0.0617219 0.0673979 0.0707985 0.0717071 0.0702359 0.0667812 0.0619002 0.0561658 0.050064 0.043952 0.0380533 0.0324704 0.0272102 0.0222329 0.0175214 0.0131413 0.00924753
 0.00639423 0.0103225 0.0154475 0.0217678 0.0292304 0.0376321 0.0465076 0.05514 0.0627127 0.0684914 0.0719527 0.0728597 0.0712998 0.0676531 0.062481 0.0563816 0.0498785 0.0433652 0.0370958 0.0311997 0.0257139 0.0206313 0.0159571 0.0117521 0.00813229
 0.00639218 0.0103226 0.0154553 0.0217946 0.0292954 0.0377629 0.0467381 0.0555025 0.0632266 0.0691535 0.0727344 0.0737125 0.0721629 0.0684579 0.0631525 0.0568435 0.0500628 0.0432267 0.036623 0.030421 0.0246981 0.0194819 0.0147979 0.0107024 0.00727904
 0.00642289 0.0103601 0.0154895 0.0218102 0.0292784 0.0377111 0.0466687 0.0554535 0.0632484 0.0692946 0.0730262 0.0741586 0.0727363 0.069105 0.0638022 0.0574161 0.0504802 0.0434224 0.0365543 0.0300807 0.024122 0.018746 0.014004 0.00995386 0.00665497
 0.00644734 0.0103925 0.0155237 0.0218335 0.029272 0.0376533 0.0465414 0.0552517 0.0629904 0.0690279 0.0728215 0.0740907 0.0728582 0.0694281 0.0642899 0.0579936 0.051052 0.0438924 0.0368445 0.0301467 0.0239625 0.018404 0.0135556 0.0094859 0.00624066
 0.00645543 0.0104134 0.0155689 0.0219166 0.0294031 0.0378305 0.046744 0.0554409 0.0631194 0.0690593 0.0727441 0.0739292 0.072669 0.0692816 0.0642443 0.0580715 0.051231 0.0441128 0.0370299 0.0302298 0.0239066 0.0182133 0.013271 0.00916778 0.00594668
 0.00644506 0.0104011 0.0155595 0.0219189 0.0294296 0.0378951 0.0468576 0.0556056 0.0633222 0.0692692 0.0729179 0.074026 0.0726687 0.0691967 0.0641171 0.0579563 0.051169 0.0441132 0.037067 0.0302569 0.0238795 0.0181107 0.013102 0.00896525 0.00574984
 0.00659512 0.01061 0.0158095 0.0221738 0.0296472 0.0380466 0.0469418 0.0556475 0.063358 0.0693252 0.0729968 0.0741051 0.0727117 0.0691713 0.064012 0.0577873 0.050972 0.0439262 0.0369117 0.030131 0.0237635 0.0179839 0.0129569 0.00881098 0.00560509
 0.00665428 0.0107077 0.015957 0.0223763 0.0298955 0.0383087 0.0471631 0.055766 0.0633324 0.0691612 0.0727497 0.073855 0.0725243 0.0690715 0.063983 0.057792 0.0509777 0.0439184 0.0368912 0.0301025 0.0237268 0.0179344 0.0128914 0.00873355 0.00552631
 0.00674644 0.0108512 0.0161619 0.022649 0.030239 0.0387211 0.0476313 0.0562574 0.0637899 0.0695104 0.0729207 0.0738115 0.0722826 0.0686943 0.0635509 0.0573713 0.0506036 0.0435984 0.03662 0.0298727 0.0235328 0.0177713 0.0127549 0.00862076 0.00543649
 0.00694627 0.0111409 0.0165329 0.023072 0.0306736 0.0391316 0.0479981 0.0565773 0.0640673 0.0697434 0.073092 0.0738884 0.0722297 0.0684925 0.0632125 0.0569392 0.0501357 0.0431468 0.0362178 0.0295333 0.0232562 0.0175516 0.0125845 0.00849253 0.00534388
 0.00699889 0.0112477 0.0167307 0.023402 0.031164 0.0397741 0.0487332 0.0573037 0.0646749 0.0701546 0.0732831 0.0738817 0.0720661 0.0682076 0.0628291 0.056476 0.0496188 0.0426131 0.0357073 0.0290788 0.0228766 0.0172518 0.0123594 0.00833178 0.00523514
 0.00699899 0.011251 0.0167443 0.0234411 0.0312569 0.0399628 0.0490651 0.0578099 0.0653427 0.0709103 0.0740038 0.0744372 0.0723664 0.0682288 0.0626061 0.0560738 0.0491063 0.0420506 0.0351449 0.0285572 0.0224255 0.0168873 0.0120841 0.00813742 0.00510716
 0.00698772 0.0112232 0.0166854 0.0233337 0.0310875 0.0397335 0.0488041 0.0575747 0.0652101 0.0709525 0.0742588 0.0748844 0.0729252 0.0687841 0.0630493 0.056339 0.0491816 0.0419666 0.0349536 0.0283128 0.0221738 0.0166606 0.0119004 0.00800182 0.00501561
 0.00696019 0.0111832 0.016633 0.0232694 0.0310086 0.0396309 0.0486637 0.0573854 0.0649782 0.0707133 0.0740742 0.0748243 0.0730363 0.0690642 0.0634424 0.0567556 0.049534 0.0421987 0.0350525 0.028301 0.0220915 0.0165486 0.01179 0.0079108 0.00494996
 0.00684953 0.0110211 0.0164223 0.0230252 0.0307546 0.039393 0.0484627 0.0572328 0.064874 0.0706484 0.0740393 0.0748207 0.0730823 0.0691873 0.0636608 0.0570594 0.0498811 0.0425299 0.0353153 0.028469 0.0221679 0.0165575 0.0117617 0.00787064 0.00491352
 0.00663484 0.0106967 0.015981 0.0224784 0.0301318 0.0387384 0.0478316 0.056687 0.0644716 0.0704304 0.0740185 0.074981 0.0733886 0.0696006 0.0641486 0.0575965 0.0504416 0.0430796 0.0358137 0.0288799 0.022472 0.0167572 0.0118765 0.00792732 0.00493653
 0.0065929 0.0106059 0.0158035 0.0221678 0.0296484 0.0380707 0.0470157 0.0558075 0.063643 0.0697657 0.0736014 0.0748501 0.073536 0.0699823 0.0647004 0.0582506 0.0511376 0.0437675 0.0364515 0.0294331 0.0229166 0.017085 0.0120965 0.00806086 0.00500955
 0.00661989 0.0106387 0.0158299 0.0221634 0.0295752 0.0378802 0.046659 0.0552543 0.0629049 0.0689119 0.0727529 0.0741478 0.0730971 0.0698655 0.0648969 0.0586989 0.0517503 0.0444551 0.0371375 0.0300591 0.023444 0.017495 0.012389 0.0082514 0.00512224
 0.00660491 0.0106213 0.0158157 0.0221597 0.0295853 0.0378956 0.0466535 0.0551847 0.0627213 0.0685776 0.0722655 0.0735546 0.0724912 0.0693619 0.0645957 0.0586528 0.051952 0.0448479 0.0376391 0.0305866 0.0239309 0.0178991 0.0126931 0.00845913 0.00525079
 0.00656072 0.010554 0.0157238 0.0220468 0.0294611 0.0377764 0.0465587 0.0551296 0.0627062 0.0685795 0.0722409 0.0734567 0.072296 0.0690874 0.0643029 0.0584244 0.0518591 0.0449226 0.0378659 0.0309134 0.0242916 0.0182354 0.0129678 0.00865863 0.00538043
