SBPRF35
10.4711
Curr Bio
617539
B35
743527
F35
0.187182
FOFL
0.155283
OFL
78118.8
Bzero
2.99175e+006
#pred survey bio
 3.22097e+006 2.94682e+006 2.658e+006 2.40128e+006 2.1458e+006 1.89218e+006 1.6717e+006 1.4811e+006 1.31219e+006 1.17862e+006 1.02036e+006 901784 813555 736577 678130 646453 611109 588003 570077 567115 560919 551449 552455 556965 550448 556478 548789 551722 545543 540165 537047 519049 514512 514480 517755 526546 521965 529731 543862 557185 560475 574172 572320 570220 574119 575907 571258 579266 585295 585180 623550 2.20099e+007 1.35373e+007 1.4111e+007 1.51394e+007 1.6425e+007 1.77532e+007 1.89802e+007 2.00346e+007 2.08971e+007 2.15789e+007 2.21053e+007 2.25052e+007 2.28059e+007 2.30306e+007 2.31981e+007 2.3323e+007 2.34163e+007 2.34862e+007 2.35388e+007 2.35786e+007 2.36089e+007 2.3632e+007 2.36498e+007 2.36635e+007 2.36742e+007 2.36825e+007 2.3689e+007 2.36941e+007 2.36981e+007 2.37012e+007 2.37037e+007 2.37057e+007 2.37073e+007 2.37085e+007 2.37095e+007 2.37103e+007 2.37109e+007 2.37114e+007 2.37118e+007 2.37122e+007 2.37124e+007 2.37126e+007 2.37128e+007 2.37129e+007 2.3713e+007 2.37131e+007 2.37132e+007 2.37132e+007 2.37133e+007 2.37133e+007 2.37133e+007 2.37134e+007 2.37134e+007 2.37134e+007 2.37134e+007 2.37134e+007 2.37134e+007 2.37134e+007 2.37134e+007 2.37134e+007 2.37134e+007 2.37134e+007 2.37134e+007 2.37134e+007 2.37134e+007 2.37134e+007 2.37134e+007 2.37134e+007 2.37134e+007 2.37134e+007 2.37134e+007 2.37134e+007 2.37135e+007 2.37135e+007 2.37135e+007 2.37135e+007 2.37135e+007 2.37135e+007 2.37135e+007 2.37135e+007 2.37135e+007 2.37135e+007 2.37135e+007 2.37135e+007 2.37135e+007 2.37135e+007 2.37135e+007 2.37135e+007 2.37135e+007 2.37135e+007 2.37135e+007 2.37135e+007 2.37135e+007 2.37135e+007 2.37135e+007 2.37135e+007 2.37135e+007 2.37135e+007 2.37135e+007 2.37135e+007 0 0 0 0 0 0 0 0 0 0 0 0 0 0 0 0 0 0 0 0 0 0 0 0 0
#obs survey bio
 2.41814e+006 2.72841e+006 2.47632e+006 2.44179e+006 1.73028e+006 1.85468e+006 901594 1.28885e+006 1.26584e+006 1.18251e+006 812806 626683 576322 706538 507353 523402 598957 483001 649398 421403 501167 435821 674189 677224 364023 498004 630916 559720 466779 511020 478125 586612 500407 537147 630813 728486 437302 489642 560233 460963 643720 845883 452151 625114 779408 675833 664704 617200 520347 566881 616867
#pred catch bio
 258291 288229 277614 294974 310791 296584 282334 271366 244954 267218 230347 201552 188466 168575 142763 142721 128749 121708 107766 110010 111921 102538 99406 107606 95757.1 105433 93990.8 99358.3 96077.7 91621.2 101118 88431.4 87309.4 88144.3 85512 96624.6 85644 80824.7 82437.7 91645.1 83606.9 97289.5 97289 92185.8 94263 99932.9 90050.6 93568.2 100770 71523.2 100824 78118.8 94942.5 97800.7 103797 112186 121054 129192 136063 141548 145752 148878 151150 152772 153913 154708 155257 155633 155889 156063 156180 156259 156313 156348 156372 156388 156399 156406 156411 156414 156416 156417 156418 156419 156419 156420 156420 156420 156420 156420 156420 156420 156420 156420 156420 156420 156420 156420 156420 156420 156420 156420 156420 156420 156420 156420 156420 156420 156420 156420 156420 156420 156420 156420 156420 156420 156420 156420 156420 156420 156420 156420 156420 156420 156420 156420 156420 156420 156420 156420 156420 156420 156420 156420 156420 156420 156420 156420 156420 156420 156420 156420 156420 156420 156420 156420 156420 156420 156420 156420 156420 0 0 0 0 0 0 0 0 0 0 0 0 0 0 0 0 0 0 0 0 0 0 0 0 0
#obs catch bio
 254671 289306 278636 296551 313091 299242 288345 276684 248499 272239 234027 204823 191221 171072 144619 145732 130419 123294 108806 111223 113588 103890 100618 108826 96890.4 106865 94503.9 99816.7 96538 91888.5 101815 88852.3 87431.3 88112.5 85182.1 95890.9 84948 80359 81657.7 90989.5 82964.1 96089.1 96844.4 91403.4 93157 99104.3 89242.1 92748.2 100682 70919.3 101074
#pred cpue bio
 3.1675e+006 2.89556e+006 2.60874e+006 2.35282e+006 2.09835e+006 1.84597e+006 1.62655e+006 1.43723e+006 1.27004e+006 1.13809e+006 982393 865833 779285 704098 647190 616428 582380 560274 543016 540184 534145 524942 525990 530629 524601 530805 523865 527285 521733 516873 514339 497253 492361 490999 493384 502203 498277 506028 519871 532859 535936 549253 547440 545352 549210 550923 546221 553795 559322 558681 595855 2.10627e+007 1.2974e+007 1.34246e+007 1.43176e+007 1.55568e+007 1.68743e+007 1.80992e+007 1.91532e+007 2.00156e+007 2.06974e+007 2.12238e+007 2.16237e+007 2.19244e+007 2.21491e+007 2.23167e+007 2.24416e+007 2.25348e+007 2.26047e+007 2.26573e+007 2.26971e+007 2.27274e+007 2.27505e+007 2.27683e+007 2.27821e+007 2.27927e+007 2.2801e+007 2.28075e+007 2.28126e+007 2.28166e+007 2.28197e+007 2.28222e+007 2.28242e+007 2.28258e+007 2.2827e+007 2.2828e+007 2.28288e+007 2.28294e+007 2.28299e+007 2.28304e+007 2.28307e+007 2.28309e+007 2.28311e+007 2.28313e+007 2.28314e+007 2.28315e+007 2.28316e+007 2.28317e+007 2.28318e+007 2.28318e+007 2.28318e+007 2.28319e+007 2.28319e+007 2.28319e+007 2.28319e+007 2.28319e+007 2.28319e+007 2.28319e+007 2.2832e+007 2.2832e+007 2.2832e+007 2.2832e+007 2.2832e+007 2.2832e+007 2.2832e+007 2.2832e+007 2.2832e+007 2.2832e+007 2.2832e+007 2.2832e+007 2.2832e+007 2.2832e+007 2.2832e+007 2.2832e+007 2.2832e+007 2.2832e+007 2.2832e+007 2.2832e+007 2.2832e+007 2.2832e+007 2.2832e+007 2.2832e+007 2.2832e+007 2.2832e+007 2.2832e+007 2.2832e+007 2.2832e+007 2.2832e+007 2.2832e+007 2.2832e+007 2.2832e+007 2.2832e+007 2.2832e+007 2.2832e+007 2.2832e+007 2.2832e+007 2.2832e+007 2.2832e+007 2.2832e+007 2.2832e+007 2.2832e+007 0 0 0 0 0 0 0 0 0 0 0 0 0 0 0 0 0 0 0 0 0 0 0 0 0
#obs cpue bio
 2.85012e+006 2.68473e+006 2.12265e+006 2.11848e+006 2.26897e+006 1.43124e+006 981358 1.63807e+006 1.28337e+006 1.02494e+006 992247 919812 1.01821e+006 574455 641189 434234 656852 570521 413540 609726 412741 515489 356738 486407 468405 597508 537686 600346 535172 532738 517041 378288 669133 558586 495199 627481 636606 513827 779183 676531 445626 733419 410709 722855 617166 447533 508267 602021 463806 662678 437525
#pred surv len freq
 0.00548046 0.00888007 0.0133277 0.0187818 0.0250853 0.0318811 0.0385838 0.04452 0.049181 0.0523937 0.0542929 0.0551674 0.0553195 0.0549964 0.0543724 0.053553 0.0525886 0.0514846 0.0501818 0.048503 0.0461141 0.0425841 0.0375911 0.0311898 0.0239464
 0.00584231 0.00938301 0.0139323 0.0194127 0.0256715 0.0324087 0.0391237 0.0451992 0.0501052 0.0535674 0.0555901 0.0563735 0.0562184 0.0554521 0.0543654 0.0531629 0.0519408 0.0506872 0.0492822 0.0474846 0.044935 0.0412364 0.0361415 0.0297727 0.0227112
 0.00619586 0.00996764 0.0148239 0.0206709 0.0273081 0.0343514 0.0412021 0.0471819 0.0517852 0.0548449 0.05649 0.0569831 0.0565948 0.0555729 0.054153 0.0525504 0.0509233 0.0493252 0.0476648 0.0456903 0.0430219 0.0392655 0.0342061 0.0279998 0.0212271
 0.00648847 0.0104382 0.0155248 0.021653 0.0286161 0.036012 0.0432 0.0494331 0.0541253 0.0570489 0.0583284 0.0582906 0.0573123 0.0557347 0.05383 0.0517975 0.0497662 0.0477846 0.0457851 0.0435492 0.0407238 0.0369345 0.0319819 0.0260248 0.0196165
 0.00682203 0.010969 0.0163026 0.0227174 0.0299916 0.0376998 0.0451682 0.051612 0.0564106 0.0593094 0.0604108 0.0600277 0.0585454 0.056348 0.053779 0.0511082 0.0485078 0.0460387 0.0436354 0.0410917 0.0380828 0.0342676 0.0294668 0.0238287 0.0178588
 0.00719981 0.0115721 0.0171891 0.0239337 0.0315628 0.0396172 0.0473751 0.0540008 0.0588387 0.0616263 0.0624808 0.0617363 0.0597933 0.0570462 0.0538549 0.0505217 0.0472653 0.0441954 0.0412868 0.0383667 0.0351434 0.031307 0.0266934 0.021431 0.0159623
 0.00746373 0.0120115 0.0178697 0.0249227 0.0329154 0.0413538 0.0494596 0.0563324 0.0612671 0.0639819 0.0646047 0.0634983 0.0610966 0.0578222 0.0540549 0.0501115 0.0462295 0.0425494 0.0390909 0.0357354 0.0322458 0.028356 0.0239182 0.0190343 0.0140747
 0.00766803 0.0123462 0.0183795 0.0256541 0.0339123 0.042647 0.0510524 0.0581885 0.0633058 0.0660841 0.0666266 0.0652909 0.0625261 0.0587852 0.0544825 0.0499648 0.0454926 0.0412294 0.0372285 0.0334208 0.0296298 0.0256436 0.021339 0.0167943 0.0123079
 0.00790549 0.0127224 0.0189276 0.0264002 0.0348721 0.0438225 0.0524259 0.0597191 0.0649329 0.0677343 0.0682187 0.0667374 0.0637346 0.0596632 0.0549475 0.0499528 0.0449642 0.0401735 0.0356692 0.0314291 0.0273343 0.0232286 0.0190183 0.0147649 0.0107011
 0.00802908 0.0129344 0.0192672 0.0269099 0.0355883 0.0447602 0.0535656 0.061005 0.0662859 0.0690727 0.069474 0.0678571 0.0646747 0.0603791 0.0553869 0.050058 0.0446803 0.0394616 0.0345219 0.0298863 0.0254943 0.0212458 0.0170801 0.0130496 0.00933196
 0.00835041 0.0134417 0.0200023 0.0279015 0.0368468 0.0462692 0.0552714 0.0628112 0.0680618 0.0706757 0.0707775 0.0687741 0.065169 0.0604612 0.0550958 0.0494368 0.0437584 0.0382515 0.0330327 0.0281466 0.0235745 0.0192655 0.0151921 0.0114028 0.00802907
 0.0085828 0.0138138 0.0205514 0.028658 0.0378277 0.0474695 0.0566538 0.0643034 0.0695654 0.0720824 0.0719852 0.0696973 0.0657463 0.0606606 0.054918 0.0489097 0.0429243 0.0371532 0.0317084 0.026638 0.0219433 0.0176048 0.0136197 0.0100352 0.00694784
 0.00870087 0.0140093 0.0208526 0.029094 0.0384236 0.0482376 0.0575845 0.0653604 0.0706888 0.0731982 0.0730154 0.0705681 0.0663936 0.061035 0.0549894 0.0486704 0.0423879 0.0363508 0.0306822 0.0254403 0.0206397 0.0162781 0.0123661 0.0089462 0.00608688
 0.00885611 0.0142509 0.0211966 0.0295491 0.0389916 0.0489135 0.0583542 0.0661978 0.0715556 0.0740466 0.0737929 0.0712228 0.0668792 0.0613143 0.0550367 0.0484731 0.0419478 0.0356844 0.0298212 0.0244313 0.0195444 0.0151716 0.0113297 0.00805322 0.00538544
 0.00903546 0.014522 0.0215666 0.0300109 0.039527 0.0494975 0.0589593 0.0667962 0.0721218 0.0745605 0.0742404 0.0715927 0.067158 0.0614836 0.0550739 0.0483561 0.041661 0.0352239 0.0291989 0.0236774 0.0187073 0.0143145 0.0105217 0.00735556 0.00483748
 0.00893354 0.0143865 0.0214181 0.0298865 0.0394692 0.0495372 0.0591032 0.0670275 0.0724119 0.0748843 0.0745849 0.071954 0.0675313 0.0618542 0.0554133 0.0486254 0.0418193 0.0352384 0.0290536 0.0233789 0.0182863 0.0138216 0.0100176 0.00689754 0.00446575
 0.00901932 0.0144992 0.0215398 0.0299884 0.0395248 0.0495406 0.0590791 0.0670235 0.0724747 0.0750348 0.0748086 0.0722125 0.0677843 0.0620748 0.0555894 0.0487505 0.0418829 0.035224 0.0289451 0.0231699 0.017988 0.0134644 0.00964476 0.00655338 0.00418337
 0.00913607 0.0146685 0.0217553 0.0302278 0.0397521 0.0497134 0.059159 0.0669887 0.0723322 0.0748253 0.0745962 0.0720609 0.0677315 0.0621216 0.0557071 0.0488979 0.0420204 0.0353197 0.0289753 0.0231214 0.0178612 0.0132756 0.00942358 0.00633423 0.00399498
 0.00925792 0.0148541 0.0220106 0.0305476 0.0401185 0.0500954 0.0595128 0.0672622 0.0724765 0.0748112 0.0744282 0.0717796 0.0674025 0.061813 0.0554673 0.0487432 0.0419372 0.0352764 0.0289369 0.02306 0.0177626 0.0131411 0.00926764 0.00617837 0.00385923
 0.00929334 0.0149029 0.0220678 0.0306036 0.0401626 0.0501199 0.0595168 0.0672502 0.0724539 0.0747791 0.0743829 0.071717 0.0673248 0.0617336 0.0554078 0.0487242 0.0419674 0.0353469 0.0290242 0.0231357 0.0178045 0.0131401 0.00922917 0.0061176 0.00379392
 0.00927724 0.0148913 0.0220765 0.0306543 0.0402743 0.0502977 0.0597434 0.0674884 0.0726596 0.0749171 0.0744368 0.071689 0.067229 0.0615899 0.0552393 0.0485555 0.041821 0.0352371 0.028953 0.0230926 0.0177729 0.0131058 0.00918582 0.00606771 0.00374479
 0.00931515 0.0149456 0.0221455 0.030734 0.0403625 0.0503984 0.0598673 0.0676467 0.072853 0.0751275 0.0746286 0.0718213 0.0672718 0.061535 0.0551005 0.0483615 0.0416055 0.0350301 0.0287748 0.0229513 0.0176657 0.0130238 0.00912027 0.00601343 0.00370058
 0.00919479 0.0147689 0.0219147 0.0304634 0.0400743 0.0501169 0.0596151 0.0674455 0.0727257 0.0750967 0.0747088 0.0720095 0.0675423 0.0618442 0.0554012 0.0486178 0.0418012 0.0351676 0.0288673 0.0230135 0.0177081 0.0130516 0.00913548 0.00601789 0.00369747
 0.00909343 0.0146022 0.0216619 0.0301075 0.0396106 0.0495624 0.0590159 0.0668724 0.0722568 0.0747958 0.0746099 0.0721141 0.0678261 0.0622644 0.0559036 0.0491446 0.0423007 0.0356037 0.0292228 0.023288 0.0179107 0.0131946 0.00923091 0.00607684 0.00373018
 0.00905955 0.0145557 0.0216065 0.0300496 0.0395534 0.0495005 0.058933 0.0667478 0.072079 0.074574 0.0743768 0.0719157 0.0677049 0.0622458 0.0559892 0.049315 0.042523 0.0358411 0.0294441 0.0234732 0.0180524 0.0132948 0.00929659 0.00611654 0.00375189
 0.00881805 0.0141915 0.0211124 0.02944 0.0388634 0.0487806 0.0582435 0.0661516 0.0716296 0.0743043 0.0742942 0.0720081 0.0679514 0.0626246 0.0564776 0.0498842 0.0431359 0.0364546 0.0300157 0.0239694 0.0184537 0.0135973 0.00950876 0.00625461 0.00383483
 0.00877735 0.0141139 0.0209754 0.029218 0.0385367 0.0483485 0.0577341 0.0656205 0.0711453 0.0739271 0.07406 0.0719246 0.0680054 0.0627934 0.0567385 0.050218 0.0435235 0.0368729 0.0304365 0.0243621 0.0187926 0.0138668 0.00970587 0.00638689 0.00391607
 0.00869827 0.0139816 0.0207691 0.0289154 0.0381182 0.0478047 0.0570757 0.0648849 0.0703973 0.0732501 0.0735397 0.071629 0.0679679 0.063006 0.0571589 0.0507851 0.0441739 0.0375502 0.0310938 0.0249618 0.0193064 0.0142779 0.0100111 0.00659587 0.00404721
 0.00866495 0.0139339 0.0207082 0.0288442 0.0380368 0.0477051 0.0569396 0.0646877 0.0701185 0.0728871 0.0731175 0.0711997 0.0675994 0.0627633 0.0570847 0.0508889 0.044433 0.03792 0.0315215 0.025397 0.0197077 0.014617 0.010274 0.0067823 0.0041677
 0.00852947 0.0137341 0.020446 0.0285354 0.0377078 0.0473858 0.0566562 0.0644573 0.0699455 0.0727616 0.0730198 0.0711115 0.0675164 0.062702 0.0570778 0.050971 0.0446241 0.038216 0.0318941 0.0258035 0.020103 0.0149645 0.0105517 0.00698427 0.00430108
 0.00843663 0.013576 0.0201961 0.0281688 0.0372112 0.0467722 0.0559742 0.0637875 0.0693787 0.07237 0.0728352 0.0711217 0.067679 0.0629657 0.0574019 0.0513348 0.0450237 0.0386522 0.0323601 0.0262786 0.0205562 0.0153638 0.0108742 0.00722179 0.00445999
 0.00913092 0.0145588 0.0214041 0.0294485 0.0383591 0.047601 0.0563699 0.0637297 0.0689261 0.0716305 0.0719356 0.0701817 0.0667909 0.0621847 0.056749 0.05081 0.0446209 0.0383671 0.0321887 0.0262106 0.0205709 0.0154316 0.0109637 0.00730784 0.00452813
 0.00972972 0.0154961 0.0227395 0.0311922 0.0404462 0.0498669 0.0585446 0.0654783 0.0699443 0.0717519 0.0711912 0.0687739 0.0650053 0.0602942 0.0549536 0.0492236 0.0432883 0.0372916 0.0313548 0.0255952 0.0201451 0.0151605 0.0108083 0.00722972 0.00449508
 0.00953838 0.0153059 0.0226759 0.0314439 0.0412118 0.0512688 0.0605508 0.0678767 0.0723839 0.0738341 0.072574 0.0692595 0.0645834 0.0591274 0.0533112 0.047393 0.0415041 0.0357044 0.0300363 0.0245609 0.0193776 0.0146241 0.010458 0.00701803 0.00437767
 0.00910637 0.0146576 0.0218085 0.0304109 0.0401346 0.0503372 0.0600051 0.0679538 0.0732295 0.0754152 0.0746487 0.0714354 0.0664455 0.0603713 0.0538221 0.0472445 0.040894 0.0348664 0.0291689 0.0237938 0.018771 0.0141868 0.0101689 0.00684289 0.004281
 0.00889658 0.0142945 0.0212241 0.0295375 0.0389314 0.0488317 0.0583283 0.0663456 0.0719956 0.0748449 0.0749212 0.0725487 0.0682 0.0624216 0.0557849 0.0488174 0.0419327 0.0353913 0.0293104 0.0237162 0.0186124 0.0140332 0.0100567 0.00677566 0.00424764
 0.00903383 0.0144826 0.0214395 0.0297283 0.0390219 0.0487357 0.0579707 0.0656902 0.0710761 0.0737862 0.0739299 0.0718623 0.0680045 0.0627749 0.0565858 0.0498423 0.042924 0.0361517 0.0297584 0.0238815 0.0185892 0.0139242 0.00993658 0.00668167 0.00418791
 0.00901506 0.0144605 0.0214204 0.0297192 0.0390227 0.0487296 0.0579177 0.0655323 0.0707562 0.0732766 0.0732603 0.0711322 0.0673689 0.0623992 0.0565835 0.0502235 0.0435856 0.0369193 0.0304582 0.0244026 0.0189051 0.0140733 0.00998258 0.00668073 0.00417455
 0.0090159 0.0144467 0.0213726 0.0296128 0.0388374 0.0484618 0.0575879 0.0651787 0.0704159 0.072966 0.0729699 0.0708439 0.0670838 0.0621584 0.0564626 0.0502997 0.0438928 0.037421 0.0310567 0.0249806 0.0193731 0.0143957 0.0101726 0.00677688 0.00421649
 0.00901269 0.0144439 0.0213718 0.0296139 0.0388351 0.0484422 0.0575291 0.0650585 0.0702236 0.0727111 0.0726802 0.0705519 0.0668149 0.0619292 0.0562913 0.0502158 0.0439309 0.0376005 0.0313604 0.0253533 0.0197426 0.0147025 0.0103897 0.00690891 0.00428594
 0.00897376 0.0144009 0.021344 0.0296311 0.0389277 0.0486269 0.057796 0.0653676 0.070514 0.0729185 0.0727558 0.0704766 0.0666018 0.0616173 0.0559331 0.0498663 0.0436409 0.037409 0.0312861 0.0253868 0.0198489 0.0148352 0.0105094 0.00699524 0.00433732
 0.00892041 0.0143028 0.0211774 0.0293724 0.038566 0.0481796 0.0573183 0.0649433 0.0702274 0.0728206 0.0728441 0.0707001 0.0668867 0.0618965 0.0561664 0.0500453 0.0437821 0.0375406 0.0314338 0.0255624 0.0200457 0.0150323 0.0106825 0.00712772 0.00442571
 0.00891526 0.0143104 0.0212165 0.0294653 0.0387271 0.0484005 0.0575608 0.0651498 0.0703464 0.0728325 0.0727687 0.0705805 0.0667614 0.0617809 0.0560538 0.0499218 0.0436431 0.0373973 0.0313081 0.0254753 0.0200069 0.0150365 0.0107136 0.00716723 0.00446015
 0.0088966 0.0142812 0.021176 0.0294166 0.0386799 0.0483729 0.0575759 0.0652264 0.0704857 0.0730104 0.0729423 0.0707072 0.0668188 0.0617725 0.055999 0.049841 0.0435493 0.0372984 0.0312129 0.0253955 0.019953 0.0150124 0.0107144 0.00718248 0.00447924
 0.00894423 0.0143374 0.0212218 0.0294223 0.0386145 0.048219 0.0573423 0.0649508 0.0702245 0.0728197 0.072859 0.070737 0.0669373 0.0619382 0.056171 0.049992 0.0436681 0.0373854 0.0312743 0.0254396 0.0199884 0.0150454 0.0107475 0.00721412 0.00450624
 0.00898446 0.0144061 0.0213296 0.0295768 0.0388135 0.0484424 0.0575498 0.0650902 0.0702523 0.0727228 0.0726636 0.0704979 0.0667136 0.0617698 0.0560685 0.0499417 0.0436466 0.0373727 0.0312598 0.025422 0.0199714 0.0150334 0.0107428 0.00721609 0.00451211
 0.0090978 0.0145789 0.0215685 0.0298808 0.0391749 0.0488476 0.0579776 0.065508 0.0706142 0.0729756 0.0727603 0.070416 0.0664667 0.0614053 0.0556504 0.0495285 0.0432756 0.0370579 0.0310004 0.0252117 0.0198051 0.0149075 0.0106537 0.00715843 0.00447855
 0.00919024 0.0147094 0.0217285 0.0300504 0.0393293 0.0489673 0.0580566 0.0655549 0.0706465 0.073009 0.0727994 0.0704501 0.0664741 0.0613651 0.0555545 0.0493871 0.043112 0.0368972 0.0308596 0.0250978 0.0197176 0.0148432 0.0106089 0.00712954 0.00446178
 0.00930378 0.0148875 0.0219832 0.0303851 0.0397344 0.0494158 0.0585026 0.0659408 0.070919 0.0731373 0.0727849 0.07032 0.0662652 0.0611076 0.0552667 0.049079 0.042794 0.0365842 0.0305697 0.0248465 0.0195137 0.0146881 0.0104984 0.00705606 0.00441661
 0.0092709 0.014867 0.0220127 0.0305183 0.040025 0.0498923 0.0591471 0.0666842 0.0716573 0.0737609 0.0732072 0.0704965 0.0661978 0.0608362 0.0548515 0.0485823 0.0422678 0.0360676 0.0300911 0.0244266 0.0191658 0.0144171 0.0103011 0.00692253 0.00433311
 0.00857577 0.0138336 0.0206404 0.0288784 0.0382512 0.0481585 0.0576429 0.0655902 0.071112 0.0738247 0.073841 0.0715729 0.0675406 0.0622689 0.0562335 0.0498239 0.0433266 0.0369352 0.0307788 0.0249549 0.0195589 0.0146995 0.0104956 0.00705008 0.00441185
#obs surv len freq
 0.00496748 0.00813755 0.0123794 0.0177072 0.023995 0.0308772 0.0377273 0.0438201 0.0486024 0.0518708 0.053743 0.0545059 0.0544827 0.0539745 0.0532436 0.0525031 0.0518962 0.0514554 0.0510411 0.050284 0.0486022 0.0453656 0.0401974 0.0332665 0.0253546
 0.00518442 0.00849153 0.0129146 0.0184657 0.0250093 0.0321577 0.0392499 0.0455214 0.0503887 0.053634 0.0553754 0.0559071 0.0555616 0.0546512 0.0534544 0.0522071 0.0510819 0.050147 0.0493025 0.0482207 0.0463587 0.0431141 0.0381142 0.0314987 0.0239878
 0.00542403 0.0088823 0.013505 0.0193018 0.026126 0.0335652 0.0409194 0.0473805 0.0523314 0.0555411 0.0571334 0.0574173 0.0567412 0.0554299 0.0537711 0.0520108 0.0503382 0.0488497 0.0474883 0.0459826 0.0438502 0.0405378 0.03569 0.029417 0.0223654
 0.00566127 0.00927406 0.0141059 0.0201662 0.0272976 0.0350592 0.042706 0.0493786 0.0544212 0.0575886 0.059012 0.0590209 0.0579866 0.0562528 0.0541207 0.0518443 0.0496202 0.0475612 0.045645 0.043657 0.041188 0.0377524 0.0330287 0.0271044 0.0205472
 0.00590077 0.00966514 0.0146981 0.0210079 0.0284278 0.0364951 0.0444271 0.0513199 0.0564796 0.0596391 0.060927 0.0606843 0.0593013 0.0571442 0.0545341 0.0517391 0.0489652 0.0463371 0.0438588 0.0413669 0.0385253 0.0349252 0.0302918 0.0246997 0.0186395
 0.006138 0.0100554 0.015294 0.0218609 0.0295783 0.037956 0.0461683 0.053264 0.0585139 0.061639 0.0627753 0.0622803 0.0605618 0.0580013 0.0549334 0.051638 0.0483313 0.0451506 0.042124 0.0391335 0.0359129 0.0321307 0.0275646 0.0222845 0.0167099
 0.00639494 0.0104727 0.0159212 0.0227444 0.0307523 0.0394295 0.0479103 0.0551976 0.0605262 0.0636013 0.064565 0.0637946 0.0617226 0.0587535 0.0552386 0.0514675 0.0476618 0.043966 0.0404273 0.0369684 0.0333873 0.0294267 0.0249179 0.0199311 0.0148212
 0.00662489 0.0108543 0.0165095 0.0235945 0.0319072 0.0409012 0.0496618 0.0571388 0.0625291 0.0655279 0.066291 0.0652219 0.062781 0.059397 0.05544 0.0512117 0.0469395 0.0427731 0.038773 0.0348945 0.0309912 0.0268728 0.0224209 0.0177089 0.0130342
 0.00683698 0.0112024 0.0170398 0.024353 0.0329315 0.0422073 0.0512291 0.0589018 0.064384 0.067349 0.0679515 0.0666104 0.0638126 0.0600169 0.0556211 0.0509464 0.0462309 0.0416303 0.0372159 0.0329685 0.028787 0.0245373 0.0201447 0.0156854 0.0114064
 0.00705766 0.0115626 0.0175844 0.0251239 0.0339593 0.0434976 0.0527493 0.0605778 0.0661107 0.069011 0.0694412 0.0678373 0.0647064 0.0605283 0.0557218 0.0506272 0.0454977 0.0405003 0.0357188 0.0311557 0.0267462 0.0224012 0.0180804 0.0138602 0.0099429
 0.00727109 0.0119125 0.0181162 0.0258807 0.0349723 0.044771 0.0542463 0.0622164 0.0677764 0.070581 0.070806 0.0689138 0.0654397 0.0608885 0.0556979 0.0502217 0.044723 0.0393776 0.034281 0.029456 0.0248683 0.0204646 0.0162301 0.0122379 0.0086497
 0.0074455 0.0122001 0.0185566 0.0265132 0.0358278 0.0458593 0.0555426 0.0636563 0.0692639 0.0720061 0.0720634 0.0699162 0.0661251 0.0612221 0.0556693 0.0498389 0.0440055 0.0383526 0.0329853 0.0279422 0.0232139 0.0187751 0.0146296 0.0108444 0.00754501
 0.00750408 0.0123028 0.0187257 0.0267759 0.0362128 0.0463901 0.0562292 0.0644892 0.0702125 0.0730201 0.0730772 0.0708547 0.0669125 0.0617908 0.0559686 0.0498394 0.0436991 0.0377503 0.0321155 0.0268528 0.0219755 0.0174812 0.0133876 0.00975483 0.00667757
 0.00762351 0.0124803 0.0189625 0.0270644 0.0365416 0.0467517 0.0566243 0.0649261 0.0707004 0.073561 0.0736598 0.0714514 0.0674801 0.0622756 0.0563138 0.0499939 0.0436257 0.0374318 0.031558 0.026088 0.021061 0.0164975 0.0124271 0.00890407 0.00599653
 0.00766206 0.0125473 0.0190705 0.0272253 0.0367618 0.0470253 0.0569306 0.0652348 0.0709855 0.0738149 0.0738965 0.0716966 0.0677525 0.0625718 0.0566039 0.0502277 0.0437466 0.0373914 0.0313291 0.0256721 0.0204914 0.0158353 0.0117493 0.00828567 0.00549215
 0.00771214 0.0126186 0.0191596 0.0273244 0.0368626 0.0471249 0.057034 0.0653513 0.0711218 0.0739691 0.0740599 0.0718604 0.0679154 0.0627393 0.0567785 0.0503985 0.0438847 0.0374553 0.0312788 0.0254848 0.0201724 0.0154198 0.0112939 0.00785176 0.00512802
 0.00778656 0.012732 0.0193155 0.0275194 0.0370857 0.0473576 0.0572524 0.0655313 0.0712462 0.0740347 0.0740776 0.0718497 0.0678955 0.0627237 0.0567742 0.0504057 0.0438939 0.0374465 0.0312242 0.0253589 0.0199644 0.0151416 0.0109785 0.00754226 0.00486229
 0.00781213 0.0127742 0.0193798 0.0276108 0.0372064 0.0475048 0.0574157 0.0656931 0.0713857 0.074134 0.0741279 0.0718542 0.0678678 0.0626821 0.0567354 0.050379 0.0438793 0.037434 0.031196 0.0252949 0.0198506 0.0149781 0.0107819 0.00733999 0.00468211
 0.00785916 0.0128439 0.0194724 0.0277224 0.0373308 0.0476358 0.0575484 0.065823 0.0715067 0.0742371 0.0742021 0.0718896 0.06786 0.0626351 0.0566609 0.0502926 0.043794 0.0373554 0.0311204 0.0252121 0.0197497 0.0148546 0.0106416 0.00719754 0.00455465
 0.00787679 0.0128726 0.0195155 0.0277821 0.0374072 0.0477251 0.0576428 0.0659121 0.0715811 0.0742924 0.0742391 0.0719115 0.0678688 0.0626302 0.0566406 0.0502574 0.0437476 0.0373027 0.0310643 0.0251513 0.01968 0.0147732 0.0105506 0.00710467 0.00447036
 0.00788475 0.0128809 0.0195195 0.0277755 0.0373846 0.0476852 0.0575911 0.0658598 0.0715413 0.0742744 0.0742464 0.0719423 0.0679178 0.0626907 0.0567051 0.0503183 0.0437986 0.0373398 0.0310857 0.0251563 0.0196683 0.0147452 0.0105094 0.0070564 0.00442275
 0.00790252 0.0129059 0.0195498 0.0278061 0.037408 0.0476933 0.0575771 0.0658206 0.0714798 0.0742005 0.0741748 0.0718882 0.0678917 0.0626956 0.0567367 0.0503674 0.0438546 0.037393 0.0311289 0.0251848 0.0196803 0.0147412 0.0104923 0.00703125 0.00439541
 0.00790158 0.0129026 0.0195414 0.0277891 0.0373784 0.0476481 0.0575156 0.0657451 0.0713951 0.0741138 0.0740952 0.0718263 0.0678578 0.0626967 0.0567746 0.0504371 0.0439457 0.0374924 0.0312238 0.0252652 0.0197404 0.0147793 0.0105105 0.00703443 0.00438966
 0.0079072 0.0129103 0.0195502 0.0277967 0.0373818 0.0476436 0.0574996 0.065715 0.07135 0.0740554 0.0740283 0.0717579 0.0677971 0.0626529 0.0567554 0.0504464 0.0439823 0.0375498 0.0312917 0.0253327 0.0197981 0.0148218 0.0105368 0.00704675 0.00439243
 0.00787649 0.0128595 0.0194724 0.0276858 0.0372346 0.0474633 0.0572979 0.0655115 0.0711683 0.0739163 0.0739449 0.0717343 0.0678295 0.062733 0.056873 0.0505917 0.0441456 0.0377214 0.0314613 0.0254894 0.0199325 0.014928 0.010613 0.00709596 0.00442055
 0.00787632 0.0128518 0.0194472 0.0276295 0.0371333 0.0473088 0.0570931 0.0652722 0.0709202 0.0736892 0.0737664 0.0716241 0.0677968 0.0627759 0.0569806 0.0507479 0.0443328 0.0379228 0.031662 0.0256766 0.0200958 0.0150602 0.0107116 0.00716313 0.00446189
 0.00786691 0.0128386 0.0194309 0.0276103 0.0371096 0.0472748 0.0570383 0.0651848 0.070793 0.073526 0.0735841 0.0714495 0.0676582 0.0626955 0.0569689 0.0508028 0.0444425 0.0380698 0.0318272 0.0258424 0.0202477 0.0151882 0.0108106 0.00723292 0.00450653
 0.00783195 0.0127823 0.0193474 0.0274957 0.0369637 0.0471033 0.0568538 0.0650046 0.0706336 0.0733974 0.0734886 0.0713849 0.067624 0.062696 0.0570115 0.0508931 0.0445794 0.0382441 0.0320232 0.0260417 0.0204329 0.0153463 0.0109345 0.00732181 0.0045646
 0.00781758 0.0127551 0.0192993 0.0274173 0.0368464 0.0469436 0.0566573 0.0647868 0.0704175 0.0732076 0.0733447 0.0712978 0.0675948 0.062719 0.0570791 0.050999 0.0447192 0.0384124 0.0322111 0.0262359 0.0206183 0.0155088 0.0110651 0.00741765 0.00462851
 0.00777203 0.0126841 0.0191983 0.0272834 0.0366792 0.0467449 0.0564324 0.0645458 0.0701763 0.0729868 0.0731667 0.0711825 0.0675552 0.0627576 0.0571885 0.0511649 0.044925 0.0386424 0.0324512 0.0264725 0.0208378 0.0156993 0.0112182 0.00753059 0.00470451
 0.00774017 0.0126291 0.0191099 0.0271512 0.0364954 0.0465099 0.0561579 0.0642547 0.0698966 0.0727448 0.0729817 0.071066 0.0675132 0.0627919 0.0572961 0.0513373 0.0451479 0.0388979 0.0327201 0.0267366 0.0210812 0.0159093 0.0113866 0.00765524 0.00478892
 0.0093383 0.0148657 0.021808 0.0299224 0.0388525 0.048046 0.0566894 0.0638497 0.0687943 0.0712352 0.0713158 0.0694201 0.0659925 0.0614502 0.0561543 0.0503971 0.0443993 0.0383238 0.0322983 0.0264422 0.0208883 0.0157924 0.0113226 0.00762461 0.00477689
 0.00933409 0.0151529 0.0227582 0.0319951 0.0423944 0.0530203 0.0625043 0.0694542 0.0730503 0.0733656 0.0711613 0.0673815 0.0627558 0.0576939 0.0523807 0.0469028 0.0413247 0.0357152 0.0301538 0.0247357 0.0195799 0.0148326 0.0106546 0.0071875 0.00451035
 0.0089562 0.0145635 0.0219394 0.0310039 0.0414148 0.0523963 0.0626976 0.0708802 0.0758313 0.0771478 0.0751589 0.0706744 0.0646719 0.058042 0.0514204 0.0451286 0.0392322 0.0336651 0.0283481 0.0232549 0.0184323 0.013989 0.0100684 0.00680495 0.00427784
 0.00878552 0.01427 0.0214693 0.0303017 0.0404449 0.0511816 0.0613637 0.0696827 0.0751293 0.0773018 0.0763714 0.0728439 0.0673652 0.060636 0.0533529 0.0461107 0.0393037 0.0330932 0.0274629 0.0223254 0.0176189 0.0133564 0.009619 0.00651038 0.00409946
 0.00870965 0.0141427 0.0212691 0.0300024 0.0400173 0.0505986 0.0606133 0.0687876 0.0741713 0.0764389 0.0758269 0.0728482 0.0680542 0.0619547 0.0550334 0.0477613 0.0405696 0.0337918 0.0276195 0.0221065 0.0172267 0.0129493 0.00928377 0.00627299 0.00395014
 0.00868616 0.0140981 0.0211897 0.0298707 0.0398146 0.0503095 0.06023 0.0683117 0.0736158 0.0758346 0.0752338 0.0723672 0.0678183 0.0620883 0.0555865 0.0486584 0.0416157 0.0347469 0.0282992 0.0224475 0.0172828 0.012835 0.00911075 0.00611399 0.00383482
 0.00868277 0.0140949 0.0211886 0.0298729 0.039818 0.0503048 0.0601992 0.0682306 0.0734604 0.0755902 0.0749042 0.0719812 0.0674346 0.0617914 0.0554681 0.0487807 0.041973 0.0352538 0.0288209 0.022859 0.0175199 0.012907 0.00907419 0.00603356 0.00375603
 0.00866553 0.0140659 0.0211435 0.0298081 0.0397322 0.0502015 0.0600868 0.0681196 0.0733578 0.075494 0.0748031 0.0718613 0.0672914 0.0616405 0.0553481 0.0487432 0.0420602 0.0354724 0.0291301 0.0231849 0.0177892 0.0130783 0.00914869 0.00604101 0.00373245
 0.00866548 0.0140662 0.0211444 0.0298095 0.039733 0.0501988 0.0600763 0.0680968 0.0733199 0.0754412 0.0747374 0.071784 0.0672017 0.0615387 0.0552416 0.0486518 0.0420128 0.0354941 0.0292269 0.0233356 0.0179533 0.0132154 0.00923645 0.00608016 0.00373858
 0.00863949 0.0140306 0.0211031 0.0297702 0.0397049 0.0501888 0.0600859 0.0681214 0.0733505 0.0754671 0.0747496 0.0717773 0.0671745 0.0614929 0.0551821 0.0485876 0.0419578 0.0354657 0.0292384 0.0233883 0.0180338 0.013301 0.00930628 0.00612414 0.00375853
 0.00864383 0.0140313 0.021093 0.02974 0.0396472 0.0501039 0.059985 0.0680245 0.0732789 0.0754345 0.0747565 0.0718126 0.0672218 0.0615371 0.0552138 0.0486048 0.0419652 0.0354726 0.0292556 0.0234229 0.0180848 0.0133599 0.00936107 0.0061656 0.00378381
 0.00863581 0.014022 0.0210853 0.0297377 0.0396523 0.0501136 0.0599908 0.0680155 0.0732479 0.0753839 0.0746986 0.0717636 0.0671934 0.0615314 0.0552246 0.0486221 0.0419817 0.0354863 0.0292697 0.0234423 0.0181123 0.0133936 0.00939573 0.00619513 0.00380466
 0.0086164 0.0139912 0.0210407 0.0296784 0.0395803 0.0500344 0.0599137 0.0679508 0.0732035 0.0753614 0.0746941 0.0717712 0.0672103 0.0615581 0.0552626 0.0486706 0.0420364 0.0355418 0.0293219 0.0234901 0.0181563 0.0134342 0.00943161 0.00622433 0.00382579
 0.00862126 0.013997 0.0210455 0.029679 0.0395727 0.0500157 0.0598829 0.0679102 0.0731582 0.0753181 0.0746589 0.0717477 0.0671986 0.0615564 0.055269 0.0486841 0.0420565 0.0355674 0.029351 0.0235204 0.0181859 0.0134619 0.00945619 0.00624462 0.00384098
 0.00862241 0.0140002 0.0210524 0.0296917 0.0395923 0.0500408 0.0599091 0.0679306 0.0731656 0.0753086 0.0746334 0.0717114 0.0671589 0.06152 0.0552402 0.0486646 0.0420464 0.0355658 0.0293565 0.0235312 0.0182001 0.0134774 0.00947128 0.00625777 0.00385124
 0.00862241 0.0140002 0.0210524 0.0296917 0.0395923 0.0500408 0.0599091 0.0679306 0.0731656 0.0753086 0.0746334 0.0717114 0.0671589 0.06152 0.0552402 0.0486646 0.0420464 0.0355658 0.0293565 0.0235312 0.0182001 0.0134774 0.00947128 0.00625777 0.00385124
 0.00858798 0.0139473 0.0209788 0.0295981 0.0394828 0.0499234 0.0597953 0.0678336 0.0730975 0.0752762 0.0746365 0.0717442 0.0672129 0.0615877 0.0553157 0.0487439 0.0421262 0.0356433 0.0294291 0.0235966 0.0182567 0.0135242 0.00950785 0.00628466 0.00386962
 0.00863109 0.01401 0.0210595 0.0296901 0.0395762 0.0500074 0.0598606 0.067874 0.0731103 0.0752618 0.0745986 0.0716885 0.0671457 0.0615149 0.0552427 0.0486756 0.0420666 0.035595 0.0293931 0.0235726 0.0182428 0.0135179 0.00950667 0.00628621 0.00387213
 0.00870752 0.0141382 0.0212585 0.0299768 0.0399578 0.0504715 0.0603681 0.0683622 0.0735085 0.075513 0.0746747 0.0715938 0.0669098 0.0611802 0.0548538 0.0482719 0.041679 0.035245 0.0290935 0.0233287 0.0180543 0.0133801 0.00941184 0.00622527 0.00383584
 0.00842203 0.0136949 0.020633 0.0291671 0.0389926 0.049417 0.0593302 0.0674738 0.0728975 0.0752632 0.0748009 0.0720438 0.0675895 0.0619848 0.0556917 0.0490758 0.0424071 0.0358762 0.0296215 0.0237558 0.0183875 0.0136296 0.00958953 0.00634452 0.00391049
#pred catch len freq
 0.00460322 0.00731585 0.0107327 0.0147903 0.0194419 0.024627 0.0301968 0.0358881 0.0413759 0.0463527 0.0505792 0.0539071 0.0562911 0.0577818 0.058494 0.0585658 0.0581287 0.0572809 0.0560407 0.0542753 0.051655 0.0477244 0.0421383 0.0349662 0.026847
 0.00496566 0.00782864 0.011368 0.0154873 0.0201415 0.025317 0.0309345 0.0367739 0.0424862 0.047671 0.051972 0.0551635 0.0572026 0.0582189 0.058442 0.05811 0.0574007 0.0563937 0.0550422 0.0531441 0.0503431 0.0462224 0.0405208 0.0333837 0.0254668
 0.00530771 0.00837773 0.0121767 0.016588 0.0215272 0.0269224 0.0326323 0.0384057 0.0439227 0.0488648 0.0529567 0.055993 0.0578777 0.058659 0.058525 0.0577444 0.0565759 0.055176 0.05353 0.0514224 0.0484718 0.0442625 0.0385685 0.0315741 0.0239379
 0.0056326 0.00888781 0.0129137 0.0175862 0.0228163 0.0285237 0.0345416 0.0405644 0.0461967 0.0510525 0.0548381 0.0573983 0.0587335 0.0589796 0.0583588 0.057124 0.055509 0.0536738 0.0516371 0.0492235 0.0460814 0.0418161 0.0362179 0.0294751 0.0222183
 0.00601011 0.00947508 0.0137496 0.0186932 0.0242029 0.0301868 0.0364644 0.0427087 0.048494 0.0533954 0.0570743 0.0593393 0.0601852 0.0597908 0.0584584 0.0565238 0.0542738 0.051887 0.0493874 0.0466158 0.0432533 0.0389422 0.0334952 0.0270896 0.0203037
 0.00641582 0.0101087 0.014656 0.0198998 0.0257191 0.0320034 0.0385468 0.0449912 0.0508806 0.0557686 0.0593052 0.0612932 0.0617243 0.0607804 0.0587847 0.0561166 0.0531241 0.0500476 0.0469617 0.0437472 0.0401224 0.0357643 0.0305024 0.0244922 0.0182435
 0.00672204 0.0106004 0.0153856 0.0209146 0.0270566 0.0336807 0.0405468 0.0472517 0.0532948 0.0581976 0.0615963 0.0632975 0.0633099 0.0618383 0.0592283 0.055882 0.0521762 0.0483939 0.0446658 0.0409371 0.0369893 0.0325488 0.0274633 0.0218586 0.0161641
 0.00697824 0.0110061 0.015978 0.021727 0.0281187 0.0350179 0.042171 0.0491477 0.055407 0.0604247 0.0637972 0.0653097 0.0649746 0.0630221 0.0598338 0.0558471 0.0514689 0.0470132 0.0426536 0.0383944 0.0340879 0.0295231 0.0245756 0.0193446 0.0141778
 0.00723583 0.0114066 0.0165481 0.0224826 0.0290682 0.0361641 0.0435102 0.0506643 0.0570684 0.0621767 0.0655621 0.066986 0.0664425 0.0641566 0.0605206 0.0559962 0.0510228 0.0459513 0.0409992 0.0362273 0.0315553 0.0268363 0.0219802 0.0170673 0.0123708
 0.00749034 0.0118088 0.0171317 0.0232716 0.0300729 0.0373762 0.0448964 0.0521654 0.0586077 0.0636754 0.066951 0.068209 0.0674506 0.0648991 0.0609397 0.0560284 0.0506081 0.0450474 0.0395995 0.0343787 0.0293719 0.0244968 0.0197014 0.0150551 0.010767
 0.00782814 0.0123329 0.0178749 0.0242502 0.0312879 0.0388133 0.0465206 0.0539121 0.0603791 0.065349 0.0683998 0.0693264 0.0681708 0.0652025 0.0608405 0.0555522 0.0497725 0.0438579 0.0380626 0.032527 0.0272874 0.0223187 0.0176072 0.0132181 0.00930819
 0.00807232 0.0127163 0.0184272 0.0249918 0.032229 0.0399518 0.0478361 0.0553606 0.0618916 0.0668352 0.0697565 0.0704484 0.068966 0.0656077 0.0608317 0.0551418 0.048996 0.042757 0.0366778 0.0309059 0.0255021 0.0204782 0.0158499 0.0116811 0.00808817
 0.00823232 0.0129705 0.0187995 0.0255024 0.0328932 0.0407769 0.0488163 0.0564705 0.0630844 0.0680453 0.070905 0.0714511 0.0697424 0.0660905 0.0609752 0.0549281 0.0484347 0.0418803 0.0355333 0.0295537 0.0240187 0.0189608 0.0144109 0.0104281 0.00709593
 0.00839135 0.013215 0.019142 0.0259478 0.0334411 0.0414251 0.0495602 0.0572995 0.0639756 0.0689603 0.0717908 0.0722452 0.0703809 0.0665162 0.0611443 0.0548143 0.0480315 0.041202 0.0346144 0.0284481 0.0227988 0.0177152 0.0132359 0.00941058 0.00629393
 0.00851905 0.0134068 0.0194018 0.0262701 0.033815 0.04184 0.0500096 0.0577806 0.0644868 0.0694962 0.0723384 0.0727805 0.0708679 0.06691 0.0613972 0.0548836 0.0478875 0.0408332 0.0340316 0.027686 0.0219154 0.0167865 0.0123453 0.00863281 0.00567825
 0.00845519 0.0133263 0.0193234 0.0262248 0.0338369 0.0419524 0.050215 0.058061 0.0648149 0.0698497 0.0727066 0.0731613 0.0712576 0.0672932 0.0617431 0.0551494 0.0480274 0.04081 0.0338272 0.0273082 0.0213996 0.0161916 0.0117418 0.00808699 0.00523659
 0.00850845 0.0133927 0.0193879 0.0262653 0.0338357 0.0419112 0.050163 0.0580468 0.0648842 0.070022 0.0729667 0.0734704 0.0715738 0.0675867 0.0619966 0.0553494 0.0481558 0.0408431 0.0337434 0.0270989 0.0210781 0.015794 0.0113199 0.00769385 0.00491213
 0.00861128 0.0135405 0.0195731 0.0264656 0.0340166 0.0420336 0.0501937 0.0579711 0.0647163 0.0698082 0.0727733 0.0733592 0.0715775 0.0676992 0.0621821 0.0555608 0.0483486 0.0409814 0.0338004 0.0270594 0.0209428 0.0155826 0.0110675 0.00744142 0.00469401
 0.00867672 0.0136399 0.0197093 0.026635 0.0342089 0.0422308 0.0503704 0.058096 0.0647593 0.0697513 0.0726222 0.0731476 0.0713594 0.0675302 0.0620984 0.0555668 0.0484196 0.041076 0.0338762 0.0270844 0.0209022 0.0154803 0.0109236 0.00728458 0.00455093
 0.00872795 0.0137127 0.0197994 0.0267324 0.0343005 0.0423057 0.0504227 0.0581245 0.0647638 0.0697288 0.0725673 0.0730574 0.0712409 0.0674034 0.0619927 0.0555094 0.0484225 0.04113 0.0339543 0.0271534 0.0209356 0.0154673 0.0108699 0.00720733 0.00447044
 0.00873403 0.013732 0.0198453 0.0268211 0.0344449 0.0425066 0.0506623 0.0583686 0.0649723 0.0698689 0.072622 0.0730261 0.0711346 0.0672407 0.0617982 0.0553116 0.0482486 0.040998 0.0338672 0.0270996 0.0208958 0.0154248 0.0108173 0.00714755 0.00441193
 0.00872967 0.0137236 0.0198314 0.0268023 0.0344273 0.0425043 0.0506968 0.0584609 0.0651305 0.0700785 0.0728457 0.0732167 0.0712527 0.0672684 0.0617408 0.0551922 0.0480983 0.0408466 0.0337358 0.0269969 0.020819 0.0153649 0.0107658 0.00710059 0.0043703
 0.00858813 0.0135158 0.01956 0.026484 0.0340882 0.0421728 0.050399 0.058222 0.064977 0.0700365 0.0729329 0.0734303 0.0715639 0.0676274 0.0620932 0.0554957 0.0483332 0.0410147 0.0338512 0.0270761 0.0208741 0.0154016 0.0107866 0.0071077 0.00436776
 0.00852228 0.0134061 0.0193905 0.0262406 0.0337637 0.0417744 0.0499542 0.057777 0.0645871 0.0697525 0.0727905 0.0734461 0.0717344 0.0679292 0.0624848 0.0559249 0.0487488 0.0413788 0.0341456 0.0272996 0.0210356 0.0155131 0.0108591 0.0071509 0.00439017
 0.00842482 0.0132637 0.0192054 0.0260227 0.0335256 0.0415239 0.049691 0.057498 0.0642965 0.0694707 0.0725542 0.0732978 0.0717082 0.0680388 0.0627198 0.0562539 0.0491275 0.0417608 0.0344925 0.0275877 0.0212568 0.0156714 0.0109648 0.00721631 0.0044272
 0.00822738 0.0129684 0.0188092 0.0255408 0.032988 0.0409687 0.0491587 0.057026 0.0639153 0.0691999 0.072403 0.0732696 0.0718056 0.0682641 0.0630687 0.0567085 0.049654 0.0423137 0.0350239 0.028058 0.0216414 0.0159625 0.0111691 0.00734895 0.0045065
 0.00812331 0.0127996 0.0185564 0.0251889 0.0325311 0.0404182 0.0485495 0.0564153 0.0633708 0.0687821 0.07215 0.0731923 0.0718924 0.0684914 0.0634105 0.0571402 0.0501502 0.0428442 0.035553 0.0285486 0.0220627 0.0162966 0.011413 0.00751253 0.00460697
 0.00806166 0.0126962 0.0183943 0.0249483 0.0321917 0.0399642 0.0479779 0.0557457 0.0626508 0.0680863 0.0715667 0.0728027 0.0717479 0.0686013 0.0637447 0.0576442 0.0507619 0.0435049 0.0362114 0.029161 0.0225949 0.0167268 0.0117347 0.00773367 0.0047461
 0.00801338 0.0126256 0.0183018 0.0248369 0.0320625 0.0398113 0.0477852 0.0554906 0.0623151 0.0676689 0.0710943 0.0723305 0.0713491 0.0683467 0.0636818 0.0577837 0.0510782 0.0439473 0.0367191 0.0296758 0.0230689 0.0171269 0.0120446 0.00795346 0.00488811
 0.00785859 0.0123978 0.0180034 0.0244864 0.0316898 0.0394491 0.047461 0.0552212 0.0621036 0.0675046 0.0709581 0.072206 0.0712356 0.0682656 0.0636709 0.0578819 0.0513068 0.0442996 0.0371611 0.0301568 0.023536 0.0175372 0.0123723 0.00819158 0.00504531
 0.00781499 0.012318 0.0178678 0.024273 0.0313823 0.0390477 0.046991 0.054732 0.0616558 0.0671513 0.0707287 0.0721013 0.0712347 0.0683406 0.063802 0.0580651 0.0515508 0.0446127 0.0375388 0.0305758 0.0239589 0.017924 0.0126928 0.00843185 0.00520803
 0.00843413 0.0131918 0.0189361 0.0253942 0.0323701 0.0397324 0.0472721 0.0545969 0.0611658 0.0664121 0.0698617 0.0712188 0.0704211 0.0676438 0.0632372 0.0576286 0.0512345 0.044412 0.0374495 0.0305869 0.0240472 0.0180566 0.0128353 0.00855767 0.0053033
 0.00904174 0.0141264 0.0202376 0.027048 0.0342927 0.0417619 0.0491712 0.0560869 0.0619992 0.0664562 0.0691457 0.0699151 0.0687766 0.0659005 0.061579 0.0561647 0.0500112 0.0434353 0.0367059 0.0300536 0.0236949 0.0178488 0.0127313 0.00851831 0.005297
