SBPRF35
7.78865
Curr Bio
479373
B35
681494
F35
0.213422
FOFL
0.146842
OFL
56069.9
Bzero
2.22533e+06
#pred survey bio
 4.8453e+06 4.58215e+06 4.32314e+06 4.005e+06 3.66758e+06 3.31179e+06 2.94416e+06 2.59818e+06 2.28551e+06 2.02785e+06 1.77533e+06 1.55153e+06 1.39421e+06 1.22529e+06 1.07867e+06 954243 862224 797961 740826 702097 678821 655674 625568 615894 615129 614110 605281 599020 598613 598876 610843 604321 602881 595778 600131 581020 565860 560099 564913 553039 560276 565319 569139 575431 583729 589941 588573 592481 602411 594336 588618 565566 559362 562748 585216 589240 574203 536032 504730 475081 484872 1.69634e+07 1.01556e+07 1.0448e+07 1.12711e+07 1.23651e+07 1.34855e+07 1.44889e+07 1.53171e+07 1.59651e+07 1.64545e+07 1.68153e+07 1.70775e+07 1.72663e+07 1.74018e+07 1.7499e+07 1.75688e+07 1.76193e+07 1.76559e+07 1.76827e+07 1.77024e+07 1.7717e+07 1.77279e+07 1.77361e+07 1.77422e+07 1.77468e+07 1.77504e+07 1.7753e+07 1.77551e+07 1.77566e+07 1.77578e+07 1.77588e+07 1.77595e+07 1.776e+07 1.77604e+07 1.77608e+07 1.7761e+07 1.77612e+07 1.77613e+07 1.77615e+07 1.77616e+07 1.77616e+07 1.77617e+07 1.77617e+07 1.77617e+07 1.77618e+07 1.77618e+07 1.77618e+07 1.77618e+07 1.77618e+07 1.77618e+07 1.77618e+07 1.77618e+07 1.77618e+07 1.77618e+07 1.77619e+07 1.77619e+07 1.77619e+07 1.77619e+07 1.77619e+07 1.77619e+07 1.77619e+07 1.77619e+07 1.77619e+07 1.77619e+07 1.77619e+07 1.77619e+07 1.77619e+07 1.77619e+07 1.77619e+07 1.77619e+07 1.77619e+07 1.77619e+07 1.77619e+07 1.77619e+07 1.77619e+07 1.77619e+07 1.77619e+07 1.77619e+07 1.77619e+07 1.77619e+07 1.77619e+07 1.77619e+07 1.77619e+07 1.77619e+07 1.77619e+07 1.77619e+07 1.77619e+07 1.77619e+07 1.77619e+07 1.77619e+07 1.77619e+07 1.77619e+07 1.77619e+07 1.77619e+07 1.77619e+07 1.77619e+07 1.77619e+07 1.77619e+07 1.77619e+07 1.77619e+07 0 0 0 0 0 0 0 0 0 0 0 0 0 0 0 0 0 0 0 0 0 0 0 0 0
#obs survey bio
 3.2008e+06 4.4728e+06 4.288e+06 2.7505e+06 3.93964e+06 2.65786e+06 2.06979e+06 2.40636e+06 1.93906e+06 1.50197e+06 1.68714e+06 952076 1.63642e+06 494635 1.13624e+06 949219 707768 607182 507708 636097 837490 734185 451211 668344 524211 481689 673177 418321 511231 539606 431641 601875 573340 537998 691125 608529 585112 684394 703575 477396 562874 540215 777420 505777 565125 553690 840265 351604 549414 664220 567168 503394 519705 472663 603168 779037 641011 819215 331937 491064 420911
#pred catch bio
 86037.7 87078.3 156454 198440 245207 289717 304588 306515 284883 303433 296109 250704 269077 253051 233195 202632 175798 165810 145929 129166 125981 129314 110846 103275 103328 108885 105563 100360 99787.9 90209.3 104979 98034.8 99024.7 85176.2 100204 94246.2 88627.1 83814.8 99690.5 84002.7 86291.5 87103.4 84905.3 83720.6 86222.2 93008.8 89215.4 85370 100531 97703.8 111880 98099.9 90685.1 74663.5 88739.9 101890 118253 110034 106893 72635.6 78886.4 56069.9 78586.4 79373.7 84364.4 92210.2 100475 107813 113738 118236 121505 123804 125382 126446 127152 127616 127917 128112 128237 128317 128368 128400 128420 128433 128441 128446 128450 128452 128453 128454 128454 128455 128455 128455 128455 128455 128455 128455 128455 128455 128455 128455 128455 128455 128455 128455 128455 128455 128455 128455 128455 128455 128455 128455 128455 128455 128455 128455 128455 128455 128455 128455 128455 128455 128455 128455 128455 128455 128455 128455 128455 128455 128455 128455 128455 128455 128455 128455 128455 128455 128455 128455 128455 128455 128455 128455 128455 128455 128455 128455 128455 128455 128455 128455 128455 128455 128455 128455 128455 128455 128455 0 0 0 0 0 0 0 0 0 0 0 0 0 0 0 0 0 0 0 0 0 0 0 0 0
#obs catch bio
 0 86774.2 157155 199596 247316 292825 309516 312435 290612 311258 304919 258620 277503 263820 241494 208229 180301 169576 149320 131427 127534 131093 112918 104756 105192 110847 106969 101990 101702 91443.7 107357 100017 100679 85979.4 101268 94748.7 88883.2 83901.1 100038 83983.9 86460.3 87286.2 84750.9 83765.2 86252.5 93183.9 89051.2 85736.5 101069 97499.9 112375 98517.3 91409.1 74836.6 89019.4 101688 117883 109306 107259 72289.5 78933.3
#pred cpue bio
 4.77205e+06 4.51418e+06 4.2586e+06 3.94187e+06 3.60587e+06 3.25192e+06 2.88614e+06 2.54181e+06 2.23079e+06 1.97446e+06 1.72368e+06 1.50171e+06 1.34582e+06 1.17922e+06 1.03507e+06 913471 823802 761408 706218 669072 647003 624816 595437 585868 585168 584339 575988 569989 569503 569791 581562 575582 574977 569056 574347 556634 541391 534128 537806 526365 533661 538774 542684 548866 556829 562755 561337 564925 574439 566760 561263 538435 531876 535323 557917 562666 548392 511068 480251 451287 461291 1.61807e+07 9.70057e+06 9.85624e+06 1.0536e+07 1.15841e+07 1.26947e+07 1.36963e+07 1.45242e+07 1.51722e+07 1.56615e+07 1.60224e+07 1.62846e+07 1.64734e+07 1.66088e+07 1.6706e+07 1.67759e+07 1.68263e+07 1.6863e+07 1.68898e+07 1.69095e+07 1.69241e+07 1.6935e+07 1.69431e+07 1.69492e+07 1.69539e+07 1.69574e+07 1.69601e+07 1.69621e+07 1.69637e+07 1.69649e+07 1.69658e+07 1.69665e+07 1.69671e+07 1.69675e+07 1.69678e+07 1.6968e+07 1.69682e+07 1.69684e+07 1.69685e+07 1.69686e+07 1.69687e+07 1.69687e+07 1.69688e+07 1.69688e+07 1.69688e+07 1.69688e+07 1.69689e+07 1.69689e+07 1.69689e+07 1.69689e+07 1.69689e+07 1.69689e+07 1.69689e+07 1.69689e+07 1.69689e+07 1.69689e+07 1.69689e+07 1.69689e+07 1.69689e+07 1.69689e+07 1.69689e+07 1.69689e+07 1.69689e+07 1.69689e+07 1.69689e+07 1.69689e+07 1.69689e+07 1.69689e+07 1.69689e+07 1.69689e+07 1.69689e+07 1.69689e+07 1.69689e+07 1.69689e+07 1.69689e+07 1.69689e+07 1.69689e+07 1.69689e+07 1.69689e+07 1.69689e+07 1.69689e+07 1.69689e+07 1.69689e+07 1.69689e+07 1.69689e+07 1.69689e+07 1.69689e+07 1.69689e+07 1.69689e+07 1.69689e+07 1.69689e+07 1.69689e+07 1.69689e+07 1.69689e+07 1.69689e+07 1.69689e+07 1.69689e+07 1.69689e+07 1.69689e+07 1.69689e+07 0 0 0 0 0 0 0 0 0 0 0 0 0 0 0 0 0 0 0 0 0 0 0 0 0
#obs cpue bio
 3.27302e+06 3.59951e+06 3.72863e+06 2.30642e+06 2.66968e+06 4.10595e+06 1.97938e+06 1.97794e+06 1.6739e+06 1.9557e+06 1.15418e+06 971642 1.36872e+06 940405 937233 836108 665652 903927 622179 674740 604047 487245 352732 534630 406194 663216 539846 471693 438879 527590 503173 392825 716665 591434 631386 618968 592184 420524 499084 570216 494760 548606 538665 495770 577649 578690 502055 460225 746168 712063 449058 479582 424331 627855 661394 624986 598886 400671 490595 525725 484587
#pred surv len freq
 0.00472531 0.00773527 0.0117589 0.0168116 0.0227838 0.0293495 0.0359459 0.0419212 0.0467851 0.0503713 0.0528064 0.0543606 0.055309 0.0558597 0.0561288 0.0561373 0.0558277 0.0550891 0.0537682 0.0516573 0.0484883 0.0439946 0.038072 0.0309681 0.0233449
 0.00503537 0.00812012 0.0121231 0.0170066 0.0226655 0.0288595 0.0351646 0.0410473 0.0460433 0.0499018 0.0526061 0.0543057 0.0552379 0.0556633 0.0558042 0.0557881 0.0556151 0.0551571 0.0541737 0.0523382 0.0492877 0.0447295 0.0386097 0.0312679 0.0234486
 0.00528957 0.00855458 0.0128066 0.0179911 0.0239448 0.0303235 0.0365857 0.042136 0.0465643 0.0497867 0.0519794 0.0534005 0.0542639 0.0547213 0.0548945 0.0548852 0.0547387 0.054387 0.0536059 0.0520211 0.049186 0.0447428 0.0386277 0.0312244 0.0233387
 0.00550136 0.00890387 0.013344 0.0187724 0.0250251 0.0317392 0.038323 0.0440953 0.0485423 0.0515018 0.0531483 0.0538398 0.0539572 0.0538066 0.0535821 0.0533681 0.053154 0.0528308 0.0521614 0.0507598 0.0481468 0.0439169 0.0379729 0.0306957 0.0229112
 0.00572235 0.0092601 0.0138753 0.0195164 0.0260135 0.0329919 0.0398386 0.0458423 0.0504511 0.0534549 0.0549726 0.055316 0.0548629 0.053986 0.0530039 0.0521341 0.0514534 0.0508759 0.0501408 0.0488214 0.0463953 0.0424139 0.0367409 0.0297287 0.0221879
 0.00603043 0.00974485 0.0145752 0.0204573 0.0272062 0.034428 0.0414854 0.0476412 0.0523249 0.0553182 0.056735 0.0568723 0.0560808 0.0547094 0.0530864 0.0514904 0.0501024 0.0489459 0.047836 0.0463702 0.0440063 0.0402499 0.0349083 0.0282775 0.0211175
 0.00636125 0.0102807 0.015377 0.021578 0.0286777 0.0362427 0.0435798 0.0498952 0.0545855 0.0574361 0.0585932 0.0583921 0.0572056 0.0553803 0.0532264 0.0510132 0.048946 0.0471174 0.0454396 0.0436021 0.0411163 0.0374897 0.0324838 0.0263176 0.0196627
 0.00669204 0.0108133 0.0161692 0.0226814 0.0301293 0.0380507 0.0457067 0.0522482 0.0570235 0.0597925 0.0607044 0.0601219 0.0584587 0.0561001 0.0533791 0.0505685 0.0478717 0.0453987 0.0431166 0.0408019 0.0380562 0.034442 0.0297145 0.0240238 0.0179353
 0.00705026 0.0113831 0.0170037 0.0238221 0.0316004 0.0398489 0.0477897 0.0545293 0.0593803 0.0620852 0.0627938 0.0618812 0.0597804 0.0569014 0.0536045 0.0501854 0.0468633 0.043764 0.0408876 0.0380734 0.0350076 0.0313273 0.0268127 0.0215685 0.0160558
 0.00735248 0.0118715 0.0177331 0.0248408 0.0329406 0.0415121 0.0497318 0.056658 0.0615693 0.0642001 0.0647135 0.0635059 0.0610289 0.0577059 0.0539075 0.0499402 0.0460372 0.0423443 0.0388955 0.0355858 0.0321773 0.0283817 0.0240176 0.0191624 0.0141865
 0.00767949 0.0124005 0.018524 0.0259469 0.0343972 0.04332 0.0518393 0.0589552 0.0639032 0.0664047 0.0666399 0.0650412 0.0621011 0.0582779 0.0539642 0.0494759 0.0450473 0.0408284 0.036873 0.0331203 0.0293998 0.0254951 0.0212676 0.0167786 0.0123194
 0.00796292 0.012864 0.0192268 0.0269453 0.0357337 0.0450051 0.0538326 0.0611583 0.0661719 0.0685749 0.0685554 0.0665732 0.063159 0.058812 0.0539613 0.0489471 0.0440152 0.0393192 0.0349221 0.0307913 0.0268075 0.0228148 0.0187146 0.0145592 0.0105726
 0.00815001 0.013162 0.0196649 0.0275499 0.0365275 0.046004 0.0550394 0.0625538 0.0677095 0.0701798 0.0701289 0.0680027 0.0643318 0.0596305 0.0543546 0.0488759 0.0434689 0.0383111 0.0334872 0.0289931 0.0247508 0.0206512 0.016628 0.0127267 0.00911779
 0.00834298 0.0134926 0.0201923 0.0283358 0.0376181 0.0474045 0.0566927 0.0643423 0.0694835 0.0717985 0.0714898 0.0690466 0.06503 0.059968 0.0543206 0.0484626 0.0426756 0.0371492 0.0319867 0.0272112 0.0227809 0.0186254 0.0147032 0.0110519 0.0077948
 0.00843396 0.0136584 0.0204758 0.0287912 0.0383015 0.0483572 0.0579215 0.0658047 0.0710855 0.0734069 0.0729565 0.0702386 0.0658549 0.0603852 0.0543328 0.0480965 0.0419643 0.0361249 0.0306851 0.0256838 0.0211066 0.0169143 0.0130846 0.00964777 0.00668752
 0.0086566 0.0139906 0.020922 0.0293399 0.0389352 0.0490645 0.0587041 0.0666718 0.0720391 0.0744247 0.0739823 0.0711858 0.0666235 0.0608852 0.0545052 0.0479214 0.0414556 0.035318 0.0296271 0.0244323 0.0197354 0.0155168 0.0117666 0.00850705 0.00578941
 0.008773 0.0141863 0.0212267 0.0297807 0.0395251 0.0497889 0.0595131 0.06749 0.072792 0.075068 0.074512 0.0716228 0.0669834 0.0611562 0.0546465 0.0478811 0.0411923 0.034816 0.0289006 0.0235223 0.0187059 0.0144495 0.0107511 0.00762405 0.00509237
 0.00880496 0.0142366 0.0213006 0.0298849 0.0396703 0.0499907 0.0597889 0.0678507 0.0732315 0.075558 0.0750088 0.0720826 0.0673774 0.0614721 0.0548772 0.0480107 0.0411928 0.0346562 0.0285625 0.0230136 0.0180644 0.0137382 0.0100453 0.0069941 0.00458677
 0.00885177 0.0143113 0.0214099 0.0300338 0.03986 0.0502179 0.060045 0.0681239 0.073511 0.0758367 0.0752817 0.0723423 0.0676108 0.0616622 0.0550083 0.0480703 0.0411689 0.034535 0.0283306 0.0226675 0.0176196 0.0132325 0.00953226 0.00652831 0.00420845
 0.00888523 0.0143533 0.021451 0.0300585 0.0398534 0.0501736 0.0599718 0.068045 0.0734567 0.0758343 0.0753481 0.0724813 0.0678133 0.0619081 0.0552692 0.0483136 0.0413628 0.0346519 0.0283506 0.0225813 0.0174335 0.012971 0.00923428 0.00623759 0.00396082
 0.00897993 0.0144794 0.0215891 0.0301726 0.0398999 0.0501173 0.0597998 0.0677732 0.0731271 0.0755047 0.0750792 0.0723226 0.0677921 0.0620241 0.0554965 0.0486091 0.0416759 0.0349343 0.0285632 0.0226999 0.0174519 0.0129017 0.00910553 0.00608478 0.0038162
 0.00916721 0.0147616 0.0219703 0.0306377 0.0404129 0.0506229 0.0602282 0.068052 0.0731998 0.0753525 0.0747319 0.0718518 0.0672884 0.0615703 0.0551477 0.0483844 0.0415623 0.0348972 0.0285597 0.0226913 0.0174129 0.0128246 0.00899876 0.00596681 0.0037068
 0.00931858 0.0150147 0.0223624 0.0312027 0.0411674 0.0515471 0.0612509 0.069052 0.0740314 0.0758851 0.0748861 0.0716183 0.0667254 0.0607849 0.0542659 0.0475211 0.0407984 0.0342707 0.0280709 0.0223167 0.0171212 0.0125896 0.00880498 0.00580903 0.00358472
 0.00931641 0.0150087 0.0223507 0.0311868 0.041158 0.0515691 0.0613425 0.0692523 0.0743586 0.0763166 0.0753541 0.072028 0.0669888 0.0608519 0.0541392 0.0472495 0.040454 0.0339228 0.0277663 0.0220737 0.016936 0.012448 0.00869347 0.00571971 0.00351491
 0.00925756 0.0149166 0.0222191 0.0310127 0.0409434 0.0513236 0.0610869 0.0690215 0.0741995 0.0762776 0.0754681 0.0722945 0.0673655 0.061264 0.054505 0.0475094 0.0405887 0.0339509 0.0277271 0.0220068 0.0168674 0.0123887 0.00864449 0.00567914 0.00348176
 0.00917454 0.0147923 0.0220518 0.0308078 0.0407117 0.0510784 0.0608425 0.0687935 0.0740062 0.0761412 0.0754134 0.0723439 0.06753 0.0615333 0.0548431 0.0478618 0.0409002 0.0341844 0.0278732 0.0220793 0.016891 0.0123862 0.00863108 0.00566282 0.00346624
 0.00925671 0.0149045 0.0221814 0.0309303 0.0407983 0.0511076 0.0608085 0.0687065 0.0738853 0.0760051 0.0752769 0.0722197 0.0674325 0.0614779 0.0548407 0.0479108 0.0409828 0.034273 0.0279421 0.0221149 0.0168942 0.0123675 0.00860332 0.00563545 0.00344404
 0.00935755 0.0150575 0.0223899 0.0311873 0.0410846 0.0513917 0.0610495 0.0688618 0.0739234 0.0759184 0.0750854 0.0719632 0.0671562 0.0612204 0.0546281 0.0477558 0.0408857 0.034223 0.0279209 0.0221036 0.0168799 0.0123461 0.00857731 0.00560997 0.00342308
 0.00929302 0.0149747 0.0223061 0.0311313 0.0410877 0.0514741 0.061208 0.0690681 0.0741325 0.0760839 0.0751739 0.0719635 0.0670798 0.0610955 0.0544888 0.0476317 0.0407952 0.0341711 0.0279016 0.0221043 0.0168874 0.0123512 0.00857654 0.00560437 0.00341559
 0.00928994 0.0149573 0.0222585 0.0310353 0.0409327 0.0512694 0.0609895 0.0688904 0.0740474 0.0761156 0.0753074 0.0721528 0.0672707 0.0612471 0.0545853 0.0476804 0.0408159 0.0341838 0.0279188 0.0221291 0.0169157 0.0123768 0.00859519 0.00561509 0.00342005
 0.00905425 0.0146124 0.0218098 0.030511 0.0403742 0.0507166 0.0604734 0.0684365 0.0736857 0.0758858 0.075251 0.0722943 0.0676003 0.0617183 0.0551292 0.0482288 0.0413196 0.0346188 0.0282801 0.0224211 0.0171451 0.0125499 0.00871831 0.00569638 0.00346921
 0.00879076 0.0142267 0.0213098 0.029934 0.03978 0.0501725 0.0600392 0.0681531 0.0735678 0.0759204 0.075405 0.0725305 0.0678921 0.0620527 0.0554982 0.0486184 0.041707 0.0349785 0.0285929 0.0226782 0.0173464 0.0127003 0.00882505 0.00576739 0.00351288
 0.00858938 0.0138917 0.0207946 0.0291994 0.0388126 0.0490098 0.0587857 0.0669705 0.0726333 0.07537 0.0752936 0.0728267 0.0685042 0.0628678 0.0564127 0.0495526 0.0426045 0.0357999 0.0293107 0.0232759 0.0178191 0.0130542 0.00907469 0.00593228 0.00361407
 0.00840683 0.0136118 0.0204035 0.0286916 0.0381877 0.0482695 0.0579385 0.0660451 0.0716929 0.0745161 0.0746494 0.0725017 0.0685572 0.0632864 0.0571216 0.0504424 0.0435645 0.0367391 0.0301653 0.0240074 0.0184101 0.013504 0.00939569 0.00614591 0.00374579
 0.00823473 0.0133211 0.0199475 0.0280253 0.0372827 0.0471358 0.0566399 0.0646949 0.0704275 0.0734605 0.0738958 0.0721086 0.0685565 0.063683 0.0578845 0.0514974 0.0448014 0.0380335 0.0314035 0.0251044 0.0193166 0.0142042 0.00990065 0.00648442 0.00395558
 0.00898924 0.0143827 0.021238 0.0293641 0.0384317 0.0478754 0.056835 0.0643205 0.0695548 0.0722248 0.0724633 0.070649 0.0672207 0.0625894 0.0571103 0.0510745 0.0447141 0.0382217 0.031777 0.0255644 0.0197771 0.0146057 0.0102138 0.00670551 0.00409741
 0.00972597 0.0155428 0.0229037 0.0315596 0.0410873 0.0507905 0.0596655 0.0666281 0.0709274 0.0724193 0.0714881 0.0687411 0.0647438 0.0599171 0.0545478 0.0488293 0.0428977 0.0368649 0.0308478 0.0249886 0.0194612 0.0144585 0.0101615 0.00669758 0.0041048
 0.00958879 0.015444 0.0229841 0.0320241 0.0421484 0.0525753 0.0621298 0.0695247 0.0738484 0.0748944 0.0731044 0.0692486 0.0641147 0.0583392 0.0523533 0.0463916 0.0405402 0.0348096 0.0292051 0.0237755 0.0186307 0.0139308 0.00985006 0.0065267 0.00401756
 0.00918345 0.0148298 0.0221516 0.0310172 0.0410807 0.0516387 0.0615803 0.069626 0.0747726 0.0766201 0.0753762 0.0716356 0.0661483 0.059665 0.0528283 0.0460941 0.0397042 0.0337233 0.0281209 0.0228579 0.0179487 0.0134792 0.00958241 0.00638477 0.00395053
 0.00921896 0.0148475 0.0221054 0.0308431 0.0407194 0.0510712 0.0608615 0.0688963 0.0742361 0.0764891 0.0757963 0.0726162 0.0675319 0.0611599 0.0541037 0.0468958 0.0399351 0.0334538 0.0275322 0.0221578 0.0173012 0.0129735 0.00923792 0.00617711 0.00383894
 0.00913727 0.01472 0.0219214 0.0305911 0.0403833 0.0506286 0.0602909 0.0681959 0.0734492 0.0757233 0.0752158 0.0723994 0.0678024 0.0619226 0.0552214 0.048128 0.0410247 0.0342196 0.0279201 0.0222308 0.0171842 0.0127899 0.00907016 0.00605924 0.00377094
 0.00907416 0.014622 0.0217826 0.0304092 0.0401593 0.0503659 0.0599935 0.067866 0.0730863 0.0753297 0.074811 0.072036 0.0675686 0.061918 0.0555096 0.0486923 0.0417581 0.034962 0.0285245 0.0226184 0.0173595 0.0128149 0.0090217 0.00599558 0.00372114
 0.00912014 0.0146776 0.021831 0.0304234 0.0401102 0.0502341 0.0597788 0.0675878 0.0727746 0.0750125 0.0745067 0.0717562 0.0673301 0.0617534 0.0554661 0.0488121 0.0420491 0.0353792 0.0289805 0.0230192 0.0176439 0.0129718 0.00907973 0.00599799 0.00370372
 0.00918128 0.0147678 0.0219488 0.0305588 0.0402436 0.0503382 0.0598218 0.067541 0.0726231 0.0747632 0.0741893 0.0714139 0.0670061 0.0614828 0.0552768 0.048727 0.0420835 0.0355303 0.0292179 0.0232895 0.0178894 0.0131535 0.00918796 0.00604715 0.00371752
 0.0091603 0.0147442 0.0219321 0.0305634 0.0402832 0.0504179 0.0599314 0.0676545 0.0727051 0.074781 0.0741236 0.071266 0.0667977 0.0612498 0.0550592 0.0485607 0.0419944 0.0355301 0.0293005 0.0234303 0.0180515 0.0133008 0.00929763 0.00611416 0.00375045
 0.00912902 0.0146979 0.0218716 0.0304939 0.040215 0.0503654 0.0599111 0.0676797 0.0727789 0.0748903 0.07424 0.0713541 0.0668285 0.0612124 0.054965 0.0484385 0.0418798 0.035454 0.0292801 0.023465 0.0181251 0.0133887 0.00937736 0.00617279 0.00378598
 0.00924315 0.0148631 0.0220826 0.0307326 0.0404559 0.0505842 0.0600913 0.0678149 0.0728702 0.0749419 0.0742541 0.0713279 0.0667544 0.0610821 0.0547766 0.0482027 0.0416208 0.035204 0.0290694 0.0233123 0.0180333 0.0133467 0.00936688 0.0061765 0.00379245
 0.00922446 0.0148491 0.0220907 0.0307866 0.0405762 0.0507748 0.0603311 0.0680617 0.0730769 0.0750759 0.0743078 0.071315 0.0666962 0.0609949 0.0546666 0.04807 0.0414672 0.0350388 0.0289094 0.0231758 0.0179328 0.0132845 0.00933614 0.00616586 0.0037914
 0.00899407 0.0145131 0.0216578 0.0302928 0.0400785 0.0503384 0.0600155 0.0679092 0.0731034 0.0752657 0.0746173 0.0716867 0.0670773 0.0613493 0.054976 0.0483274 0.0416707 0.0351902 0.0290148 0.0232464 0.0179814 0.0133218 0.00936757 0.00619248 0.00381218
 0.00909425 0.0146397 0.0217828 0.0303713 0.0400665 0.0502164 0.0598066 0.0676751 0.072919 0.0751868 0.0746589 0.0718229 0.067258 0.0615226 0.0551055 0.0483982 0.041686 0.0351629 0.028961 0.0231812 0.0179177 0.0132685 0.00932931 0.00616895 0.00379999
 0.00929998 0.0149455 0.0221876 0.0308501 0.0405702 0.050678 0.0601519 0.0678394 0.0728707 0.0749447 0.0742912 0.0714209 0.0669 0.0612476 0.0549105 0.0482554 0.0415646 0.0350431 0.0288375 0.0230591 0.017806 0.0131753 0.00925888 0.00612103 0.00377081
 0.00951203 0.0153012 0.0227403 0.0316482 0.0416365 0.0519816 0.0615861 0.0692273 0.0740046 0.075647 0.0744672 0.0710808 0.0661446 0.0602289 0.0537847 0.0471457 0.0405464 0.0341501 0.0280776 0.0224299 0.0173023 0.0127898 0.00898019 0.00593305 0.00365369
 0.00925942 0.0149545 0.0223386 0.031273 0.0413955 0.0519782 0.0618882 0.0698448 0.0748807 0.0766624 0.075461 0.0718891 0.0666457 0.0603767 0.0536135 0.0467463 0.0400276 0.0336057 0.0275703 0.0219919 0.016945 0.0125131 0.00877779 0.00579463 0.00356615
 0.00901028 0.0145499 0.0217352 0.0304439 0.0403512 0.0507922 0.0607103 0.0688826 0.0743417 0.0766801 0.0760432 0.0729148 0.067909 0.0616529 0.0547209 0.0475832 0.0405769 0.033912 0.0277055 0.0220255 0.0169286 0.0124785 0.00874186 0.00576491 0.00354489
 0.00873582 0.0141035 0.0210639 0.0295003 0.0391071 0.0492591 0.0589633 0.0670735 0.0726872 0.0754239 0.0753984 0.0730045 0.0687248 0.0630511 0.056463 0.0494052 0.042259 0.03532 0.0287952 0.0228186 0.017479 0.0128459 0.00897809 0.00591019 0.00362944
 0.00877273 0.0141375 0.0210655 0.0294224 0.0388915 0.0488512 0.0583281 0.0662092 0.0716355 0.0742755 0.0742922 0.0721097 0.0682044 0.0630127 0.0569183 0.0502607 0.0433454 0.0364487 0.0298135 0.02364 0.0180831 0.0132571 0.00923996 0.0060672 0.00371809
 0.00895748 0.0144277 0.0214808 0.029967 0.0395448 0.049557 0.0589894 0.0666982 0.0718232 0.0740736 0.0736871 0.0711765 0.0670935 0.0619156 0.0560183 0.049683 0.0431249 0.0365295 0.0300822 0.0239739 0.0183899 0.0134907 0.00939379 0.00615686 0.00376502
 0.00923668 0.0148804 0.0221579 0.0309098 0.04077 0.0510354 0.0606259 0.068328 0.073236 0.0750582 0.074081 0.070905 0.0661894 0.0605164 0.054338 0.047963 0.0415757 0.0352854 0.0291832 0.0233819 0.0180258 0.0132728 0.00926083 0.00607253 0.00371091
 0.00930283 0.015009 0.0223908 0.0313002 0.0413714 0.0518822 0.0617126 0.0695973 0.0745789 0.0763273 0.0751116 0.0715428 0.0663236 0.0601096 0.053444 0.0467199 0.040174 0.0339186 0.0280002 0.0224591 0.0173685 0.0128386 0.00898996 0.00591028 0.00361685
 0.00914801 0.0148036 0.0221687 0.0311252 0.0413248 0.0520403 0.0621247 0.0702726 0.075484 0.0773877 0.0762178 0.0725606 0.0671134 0.060553 0.0534721 0.0463347 0.0394529 0.0329962 0.0270313 0.021577 0.0166553 0.0123187 0.00864416 0.00569793 0.00349531
 0.00857187 0.0139058 0.0208952 0.0294661 0.0393325 0.0498478 0.0599551 0.0684176 0.0742404 0.0769724 0.0767022 0.0738543 0.0689968 0.0627364 0.0556602 0.048283 0.0410076 0.0341087 0.0277446 0.0219894 0.0168771 0.0124388 0.0087169 0.00574815 0.00353106
#obs surv len freq
 nan nan nan nan nan nan nan nan nan nan nan nan nan nan nan nan nan nan nan nan nan nan nan nan nan
 0.00448405 0.00734538 0.0111757 0.015993 0.0216952 0.0279725 0.0342881 0.0400203 0.0446999 0.0481629 0.0505193 0.0520133 0.0529037 0.0534143 0.0537272 0.0539811 0.0542589 0.0545511 0.0546895 0.0542813 0.0527194 0.0493518 0.043802 0.0362828 0.0276672
 0.00461459 0.00755896 0.0114994 0.0164518 0.0223062 0.0287356 0.0351764 0.0409775 0.0456477 0.0490162 0.0512023 0.0524706 0.0531063 0.0533602 0.0534372 0.0534914 0.0536126 0.0537906 0.0538538 0.0534071 0.0518454 0.0485209 0.0430585 0.0356643 0.0271945
 0.00477438 0.00782068 0.0118969 0.0170179 0.0230662 0.0296969 0.0363175 0.0422429 0.0469535 0.0502635 0.052292 0.0533153 0.0536391 0.0535415 0.0532581 0.0529724 0.052797 0.0527366 0.0526266 0.0520763 0.0504855 0.0472115 0.0418787 0.0346791 0.0264402
 0.00495895 0.00812362 0.0123582 0.0176768 0.0239537 0.0308239 0.0376624 0.0437465 0.0485263 0.0518006 0.0536878 0.0544728 0.0544745 0.0539894 0.0532765 0.0525483 0.0519487 0.0515119 0.0510996 0.0503429 0.0486599 0.0454197 0.0402455 0.0333064 0.025385
 0.00517402 0.00847447 0.0128886 0.0184287 0.0249595 0.0320947 0.0391749 0.0454376 0.050301 0.0535484 0.0552984 0.0558455 0.0555221 0.0546385 0.05347 0.0522487 0.0511442 0.0502238 0.0493879 0.0483098 0.0464472 0.0431977 0.0381887 0.0315605 0.024035
 0.00540515 0.00885411 0.0134672 0.0192555 0.0260731 0.0335075 0.0408582 0.0473164 0.0522652 0.0554744 0.0570687 0.0573588 0.056694 0.0553996 0.0537629 0.0520282 0.0503814 0.0489158 0.047572 0.046077 0.0439484 0.0406327 0.0357756 0.0294883 0.0224199
 0.00566089 0.00926877 0.0140895 0.0201308 0.0272358 0.0349688 0.0425921 0.0492534 0.0542998 0.0574834 0.0589296 0.0589623 0.0579498 0.0562362 0.0541243 0.0518698 0.0496696 0.0476349 0.0457405 0.0437688 0.0413081 0.0378715 0.0331377 0.0271961 0.0206176
 0.00590249 0.00967019 0.0147094 0.0210282 0.0284578 0.0365301 0.0444568 0.0513304 0.0564593 0.0595847 0.0608454 0.0605892 0.0592076 0.0570629 0.0544714 0.0516979 0.0489471 0.046343 0.0438885 0.0414173 0.0385907 0.0349976 0.0303626 0.0247616 0.0186881
 0.00614996 0.0100731 0.0153173 0.0218893 0.0296111 0.0379932 0.0462102 0.0533091 0.0585572 0.0616709 0.0627844 0.0622583 0.0605079 0.0579236 0.0548453 0.0515533 0.048261 0.0451014 0.0420986 0.0391314 0.0359304 0.0321615 0.0276013 0.0223203 0.0167399
 0.00637587 0.0104475 0.0158939 0.0227218 0.0307423 0.0394372 0.0479359 0.0552367 0.0605718 0.0636467 0.0646045 0.0638226 0.0617337 0.0587433 0.0552071 0.0514203 0.0476086 0.0439179 0.0403931 0.0369529 0.0333906 0.0294448 0.0249445 0.0199597 0.0148465
 0.00662068 0.0108429 0.0164845 0.0235484 0.0318351 0.0408053 0.0495545 0.0570402 0.0624597 0.0655007 0.0663068 0.0652709 0.062848 0.0594664 0.0555002 0.0512563 0.0469681 0.0427906 0.0387872 0.0349128 0.0310179 0.0269078 0.0224605 0.0177476 0.0130671
 0.00685937 0.0112363 0.0170857 0.0244085 0.0329908 0.0422607 0.0512646 0.058909 0.064358 0.0672954 0.0678847 0.0665481 0.0637678 0.0599932 0.0556133 0.0509449 0.0462274 0.0416209 0.0372017 0.032954 0.0287772 0.0245351 0.02015 0.0156955 0.0114179
 0.00706349 0.0115756 0.0176103 0.0251696 0.0340304 0.0435945 0.0528644 0.0606949 0.0662091 0.0690719 0.069454 0.0678034 0.0646381 0.0604434 0.0556366 0.0505516 0.0454339 0.0404458 0.0356702 0.031112 0.0267086 0.0223718 0.0180603 0.0138486 0.00993769
 0.00726228 0.0118985 0.0180962 0.0258551 0.0349438 0.0447458 0.0542332 0.0622249 0.0678121 0.0706409 0.0708783 0.0689812 0.0654869 0.0609078 0.0556914 0.0501983 0.0446931 0.0393485 0.034256 0.0294355 0.024852 0.0204525 0.0162224 0.0122342 0.00864909
 0.00745135 0.0122077 0.0185644 0.0265184 0.0358274 0.0458513 0.0555273 0.0636372 0.0692477 0.0720002 0.0720737 0.0699434 0.0661636 0.0612614 0.0556984 0.0498514 0.0440012 0.0383363 0.0329635 0.0279203 0.0231949 0.0187602 0.0146191 0.0108379 0.00754176
 0.00754755 0.0123693 0.0188175 0.0268916 0.0363471 0.0465332 0.0563675 0.0646068 0.0702947 0.0730579 0.0730703 0.070811 0.066844 0.0617094 0.0558818 0.0497502 0.0436081 0.0376585 0.0320256 0.026769 0.0219018 0.0174204 0.0133406 0.00972104 0.00665508
 0.00759978 0.012449 0.0189288 0.0270373 0.0365315 0.0467659 0.0566638 0.0649845 0.0707668 0.073624 0.0737103 0.0714847 0.0674959 0.0622772 0.0563057 0.0499798 0.0436076 0.03741 0.0315327 0.0260601 0.0210328 0.0164718 0.0124059 0.00888827 0.00598593
 0.00763389 0.0124999 0.0189968 0.0271199 0.0366238 0.046863 0.0567637 0.0650913 0.0708926 0.0737891 0.0739376 0.0717897 0.0678757 0.0627043 0.0567304 0.0503401 0.0438418 0.0374689 0.0313895 0.0257169 0.0205227 0.0158559 0.0117622 0.00829351 0.00549686
 0.00769735 0.0125918 0.0191141 0.0272522 0.0367563 0.0469805 0.0568551 0.0651514 0.0709242 0.0738025 0.0739516 0.0718286 0.0679632 0.062854 0.0569372 0.0505756 0.0440586 0.037612 0.0314112 0.0255909 0.0202536 0.0154791 0.0113352 0.00787898 0.00514505
 0.00777533 0.0127138 0.019288 0.0274799 0.0370311 0.0472843 0.0571576 0.0654139 0.0711095 0.0738882 0.0739375 0.0717368 0.0678304 0.06272 0.0568338 0.0505175 0.0440385 0.0376018 0.0313719 0.0254868 0.0200672 0.015219 0.0110334 0.00757874 0.00488504
 0.00783543 0.0128108 0.0194323 0.02768 0.0372905 0.047598 0.0575075 0.0657685 0.0714281 0.0741296 0.0740706 0.0717487 0.0677297 0.0625352 0.0566047 0.050284 0.0438284 0.0374238 0.0312149 0.0253286 0.0198871 0.0150098 0.0108058 0.00735602 0.00469188
 0.00786497 0.0128552 0.0194927 0.0277559 0.0373814 0.0477047 0.0576326 0.0659145 0.0715934 0.0743049 0.0742379 0.071884 0.0678103 0.0625473 0.0565494 0.0501768 0.0436929 0.0372821 0.0310788 0.0251975 0.019753 0.0148661 0.0106543 0.00720782 0.00456157
 0.00785672 0.0128414 0.0194714 0.0277253 0.0373405 0.0476549 0.0575791 0.0658668 0.071565 0.0743102 0.0742872 0.0719785 0.067939 0.0626886 0.0566779 0.0502724 0.0437469 0.037297 0.0310636 0.0251605 0.0196987 0.0147968 0.0105738 0.00712376 0.00448386
 0.00786892 0.0128548 0.0194797 0.027719 0.0373097 0.0475934 0.0574884 0.0657572 0.071453 0.0742145 0.0742254 0.0719636 0.0679764 0.0627744 0.0567981 0.0504059 0.0438716 0.0373961 0.0311289 0.0251919 0.0197006 0.0147755 0.0105363 0.00707816 0.00443845
 0.00789872 0.0128989 0.0195377 0.0277864 0.037378 0.0476509 0.0575214 0.0657535 0.071406 0.0741276 0.0741127 0.0718471 0.0678794 0.0627147 0.0567835 0.0504324 0.043926 0.0374605 0.0311866 0.0252316 0.0197178 0.0147717 0.0105171 0.00705052 0.00440932
 0.00790208 0.0129045 0.0195461 0.0277981 0.0373926 0.0476664 0.0575342 0.0657576 0.0713949 0.0740962 0.07406 0.0717783 0.0678057 0.062651 0.0567441 0.0504263 0.0439534 0.037513 0.0312503 0.0252919 0.0197638 0.0147987 0.010526 0.00704645 0.00439846
 0.00788107 0.0128682 0.0194881 0.0277118 0.0372743 0.0475187 0.0573683 0.0655928 0.0712529 0.0739945 0.074007 0.0717721 0.0678387 0.062714 0.0568302 0.0505316 0.044075 0.0376462 0.0313865 0.0254199 0.019873 0.0148819 0.0105818 0.00707832 0.00441311
 0.00789503 0.0128846 0.0195008 0.0277109 0.0372481 0.0474576 0.0572685 0.0654589 0.0710979 0.0738375 0.0738693 0.0716719 0.0677869 0.0627121 0.056872 0.0506073 0.0441742 0.0377599 0.0315061 0.0255365 0.0199776 0.0149673 0.0106443 0.00711885 0.00443588
 0.00786648 0.0128413 0.0194414 0.0276356 0.0371575 0.0473519 0.0571474 0.0653227 0.0709504 0.0736879 0.0737321 0.0715651 0.0677269 0.0627093 0.0569279 0.0507142 0.0443185 0.0379254 0.0316773 0.0257002 0.020123 0.0150869 0.0107348 0.00718111 0.00447443
 0.00784801 0.0128069 0.019382 0.0275409 0.0370201 0.0471718 0.0569359 0.0651011 0.0707435 0.0735163 0.0736077 0.0714919 0.067705 0.0627383 0.057007 0.0508402 0.0444836 0.0381168 0.0318791 0.0258962 0.0202994 0.0152339 0.0108479 0.00726079 0.00452551
 0.00782541 0.0127723 0.0193335 0.0274773 0.0369399 0.0470723 0.056814 0.0649559 0.0705799 0.073347 0.0734513 0.0713684 0.0676293 0.0627178 0.0570415 0.0509246 0.0446099 0.0382745 0.0320553 0.0260759 0.0204678 0.0153792 0.0109628 0.00734398 0.00458024
 0.00779707 0.0127225 0.0192519 0.0273534 0.0367662 0.0468502 0.0565569 0.0646883 0.0703303 0.0731399 0.073302 0.0712834 0.0676099 0.0627622 0.0571456 0.0510809 0.0448074 0.0384993 0.0322921 0.0263088 0.0206819 0.0155623 0.0111078 0.00744937 0.0046502
 0.00775237 0.0126507 0.0191454 0.0272054 0.036572 0.0466089 0.0562748 0.0643807 0.0700219 0.072861 0.0730832 0.0711482 0.0675703 0.0628174 0.0572847 0.0512872 0.0450618 0.0387826 0.0325848 0.0265925 0.0209401 0.015782 0.0112814 0.00757591 0.00473465
 0.00773187 0.0126135 0.0190825 0.0271062 0.0364271 0.0464143 0.0560351 0.0641102 0.0697416 0.0725944 0.0728528 0.0709742 0.0674693 0.0628003 0.0573541 0.0514363 0.0452758 0.0390411 0.0328654 0.0268729 0.0212004 0.0160068 0.0114613 0.00770845 0.004824
 0.00934259 0.0148725 0.0218177 0.0299346 0.0388653 0.0480551 0.0566882 0.0638301 0.0687495 0.0711628 0.0712202 0.0693124 0.0658882 0.0613656 0.0561023 0.0503842 0.0444249 0.038381 0.0323764 0.0265291 0.020973 0.0158669 0.0113824 0.00766855 0.00480643
 0.00931531 0.0151276 0.0227296 0.0319694 0.0423789 0.0530201 0.0625198 0.0694804 0.073078 0.0733841 0.0711613 0.0673586 0.0627114 0.0576358 0.0523214 0.0468556 0.0412997 0.0357169 0.0301803 0.02478 0.0196328 0.0148851 0.0107002 0.00722277 0.00453488
 0.00896248 0.0145703 0.0219438 0.0310018 0.041403 0.0523753 0.0626729 0.0708609 0.0758258 0.0771589 0.0751817 0.0706984 0.0646857 0.0580382 0.0513985 0.0450951 0.0391974 0.0336394 0.0283379 0.0232618 0.0184526 0.0140165 0.0100966 0.00682918 0.00429589
 0.00879017 0.0142784 0.0214833 0.0303227 0.040473 0.0512139 0.0613947 0.0697051 0.0751381 0.077297 0.0763573 0.0728272 0.0673497 0.0606212 0.0533352 0.046087 0.0392744 0.0330626 0.0274373 0.0223099 0.0176151 0.0133624 0.00963059 0.00652327 0.00411057
 0.00872985 0.0141734 0.0213113 0.0300557 0.0400799 0.0506676 0.0606847 0.0688555 0.0742281 0.0764769 0.0758399 0.0728343 0.0680166 0.0619005 0.0549703 0.0476953 0.0405044 0.0337303 0.0275647 0.0220616 0.017194 0.0129292 0.00927415 0.00627043 0.00395119
 0.00870714 0.0141355 0.0212517 0.0299661 0.0399492 0.0504818 0.0604277 0.0685126 0.073793 0.0759641 0.0753008 0.0723671 0.0677563 0.0619763 0.0554405 0.0484955 0.0414512 0.0345925 0.0281628 0.0223336 0.0171932 0.0127692 0.00906613 0.00608642 0.00381944
 0.00868339 0.0140942 0.0211849 0.0298649 0.0398064 0.0502948 0.0602008 0.0682556 0.073517 0.0756772 0.0750094 0.072085 0.0675169 0.0618385 0.0554747 0.0487505 0.0419156 0.0351811 0.0287442 0.0227874 0.0174594 0.0128602 0.00904128 0.0060126 0.00374406
 0.00866741 0.0140709 0.0211544 0.029828 0.0397634 0.0502433 0.0601351 0.0681684 0.0734025 0.0755338 0.0748408 0.0718997 0.0673292 0.0616709 0.0553618 0.0487328 0.0420241 0.0354149 0.0290603 0.0231128 0.0177233 0.0130242 0.00910841 0.00601382 0.00371587
 0.00866718 0.0140697 0.0211511 0.0298214 0.0397524 0.0502278 0.0601158 0.0681456 0.0733743 0.0754952 0.0747847 0.0718203 0.0672255 0.0615508 0.0552426 0.0486406 0.0419872 0.0354536 0.0291741 0.0232761 0.0178942 0.0131634 0.00919536 0.00605097 0.00371993
 0.00864997 0.0140451 0.0211202 0.0297873 0.0397191 0.0501985 0.060092 0.068127 0.0733596 0.0754828 0.0747724 0.0718045 0.0672019 0.0615158 0.0551972 0.0485928 0.0419521 0.0354485 0.0292105 0.0233523 0.0179939 0.0132624 0.00927332 0.00609915 0.00374166
 0.00865912 0.0140558 0.0211288 0.0297883 0.0397072 0.0501718 0.0600537 0.0680847 0.0733222 0.0754563 0.0747577 0.0717984 0.0671985 0.0615094 0.0551841 0.0485731 0.0419307 0.0354346 0.0292142 0.0233792 0.0180412 0.0133195 0.00932678 0.00613927 0.00376563
 0.00865747 0.0140561 0.0211344 0.0298034 0.0397345 0.0502098 0.0600954 0.0681193 0.0733395 0.0754517 0.0747341 0.0717634 0.0671602 0.0614727 0.05515 0.0485407 0.0418999 0.035408 0.0291965 0.0233752 0.0180525 0.0133426 0.00935455 0.00616436 0.00378362
 0.00862207 0.0140031 0.0210636 0.0297181 0.0396418 0.0501199 0.0600195 0.0680678 0.0733187 0.0754613 0.0747674 0.0718103 0.0672121 0.0615241 0.0551988 0.0485861 0.0419413 0.0354451 0.0292303 0.0234076 0.0180852 0.0133757 0.0093859 0.00619092 0.00380322
 0.00862006 0.0139955 0.0210441 0.0296791 0.0395769 0.0500279 0.059908 0.0679525 0.0732192 0.0753945 0.0747422 0.0718259 0.0672595 0.061591 0.0552732 0.0486592 0.0420083 0.0355042 0.0292816 0.0234522 0.0181243 0.0134099 0.00941529 0.00621465 0.00382068
 0.00861662 0.01399 0.0210359 0.0296668 0.0395579 0.0499982 0.0598626 0.0678882 0.0731372 0.0753032 0.0746563 0.0717619 0.0672297 0.0615991 0.0553141 0.048722 0.0420809 0.0355768 0.0293481 0.0235098 0.0181726 0.0134495 0.00944667 0.00623842 0.00383751
 0.00861662 0.01399 0.0210359 0.0296668 0.0395579 0.0499982 0.0598626 0.0678882 0.0731372 0.0753032 0.0746563 0.0717619 0.0672297 0.0615991 0.0553141 0.048722 0.0420809 0.0355768 0.0293481 0.0235098 0.0181726 0.0134495 0.00944667 0.00623842 0.00383751
 0.00891241 0.014456 0.0217071 0.0305598 0.0406604 0.0512569 0.0611749 0.0691084 0.0741059 0.0758891 0.074791 0.0714534 0.0665508 0.0606624 0.0542426 0.0476255 0.041042 0.0346481 0.0285567 0.0228644 0.0176693 0.0130763 0.00918548 0.00606738 0.00373361
 0.00878641 0.0142914 0.0215346 0.0304347 0.0406503 0.0514194 0.0615369 0.0696549 0.074781 0.0766062 0.0754491 0.071957 0.0668315 0.0606944 0.0540462 0.047257 0.0405748 0.034153 0.0280887 0.0224584 0.0173413 0.0128282 0.0090099 0.00595168 0.00366307
 0.00864868 0.0140515 0.0211479 0.0298606 0.039875 0.0504849 0.0605582 0.0688054 0.074241 0.0764977 0.0757914 0.0726659 0.0677554 0.061665 0.0549232 0.0479541 0.0410645 0.0344548 0.028248 0.0225255 0.0173584 0.0128237 0.00899964 0.00594257 0.00365704
 0.00852875 0.0138492 0.0208294 0.0293889 0.0392168 0.049625 0.0595178 0.0676574 0.073113 0.0755549 0.0752001 0.0725447 0.0681332 0.0624683 0.0559998 0.0491225 0.0421664 0.0353878 0.0289723 0.0230499 0.017718 0.0130602 0.00914988 0.00603469 0.0037111
 0.00860154 0.013951 0.0209508 0.0295068 0.0392959 0.0496222 0.0593884 0.0673642 0.0726397 0.0749219 0.0744762 0.0718429 0.0675865 0.0621883 0.0560368 0.0494477 0.0426852 0.0359783 0.0295274 0.0235038 0.0180497 0.0132811 0.00928607 0.00611347 0.0037542
 0.00875565 0.0142068 0.0213428 0.0300639 0.0400265 0.0504948 0.0603179 0.0682169 0.073263 0.075189 0.0743239 0.071291 0.0667328 0.0611847 0.0550508 0.0486183 0.042089 0.0356188 0.0293528 0.0234405 0.018034 0.0132746 0.00927484 0.00609793 0.00373901
 0.00897075 0.0145654 0.0218978 0.0308664 0.0411105 0.0518533 0.0618805 0.0698434 0.0747622 0.0763578 0.0749919 0.0713573 0.0661887 0.0601171 0.053624 0.0470367 0.040549 0.0342672 0.0282646 0.022623 0.0174501 0.0128712 0.0090031 0.00592018 0.00362794
 0.0090372 0.0146903 0.0221179 0.0312278 0.0416604 0.0526246 0.0628741 0.071017 0.0760285 0.0775924 0.0760489 0.0720917 0.066485 0.0599184 0.0529514 0.0459892 0.0392819 0.0329529 0.0270515 0.0216066 0.016666 0.0123075 0.00862172 0.00567627 0.00348066
 0.00905857 0.0147249 0.0221709 0.0313078 0.0417824 0.0528125 0.0631597 0.0714323 0.0765924 0.0782943 0.0768387 0.0728801 0.0671574 0.0603594 0.0530745 0.0457626 0.0387405 0.0321909 0.026195 0.020778 0.0159542 0.0117553 0.00823036 0.00542085 0.00332647
 0.00872417 0.0141924 0.0213935 0.0302583 0.0404689 0.0512987 0.0615803 0.0699861 0.0755038 0.0777551 0.0769539 0.0736405 0.0684434 0.0619704 0.0547746 0.0473322 0.040021 0.0331099 0.0267648 0.0210709 0.0160658 0.011772 0.00821167 0.00539778 0.00330986
#pred catch len freq
 0.00411678 0.00656381 0.00967256 0.0134066 0.0177455 0.0226539 0.0280132 0.0335971 0.0391189 0.0443003 0.0489175 0.052822 0.0559509 0.0583138 0.0599559 0.0609137 0.0611904 0.060748 0.0594961 0.0572665 0.0538044 0.0488408 0.0422751 0.0343904 0.0259259
 0.00440873 0.00694008 0.010061 0.0136897 0.0178056 0.0224368 0.0275701 0.0330691 0.0386647 0.0440118 0.0487745 0.0527129 0.0557415 0.0579251 0.0594121 0.0603423 0.060774 0.0606466 0.0597733 0.0578553 0.0545343 0.0495135 0.0427482 0.0346228 0.0259657
 0.00467069 0.00736615 0.0106949 0.014552 0.0188662 0.0235885 0.0286263 0.0338107 0.0389307 0.0437797 0.0481698 0.0519317 0.0549407 0.0571591 0.0586543 0.0595616 0.0600001 0.0599766 0.0593189 0.0576708 0.0545783 0.0496701 0.0428906 0.0346735 0.0259179
 0.00490576 0.00774057 0.0112471 0.0153198 0.0198874 0.0248914 0.0302052 0.035589 0.0407344 0.0453517 0.0492407 0.0523208 0.054627 0.0562724 0.0573945 0.0581111 0.0584881 0.0584975 0.0579586 0.0565052 0.0536457 0.0489543 0.0423371 0.0342267 0.0255479
 0.00515975 0.00813784 0.0118175 0.0160854 0.0208651 0.0260963 0.031647 0.0372623 0.0425997 0.047313 0.0511268 0.0538947 0.0556368 0.0565335 0.0568583 0.0568768 0.0567541 0.05649 0.0558806 0.0545159 0.0518563 0.0474277 0.0410925 0.0332529 0.0248192
 0.00550983 0.00867627 0.0125718 0.017064 0.022062 0.0274968 0.0332298 0.0389966 0.0444422 0.0492045 0.0529853 0.0556034 0.0570353 0.0574298 0.0570713 0.0562978 0.0553948 0.054488 0.0534602 0.0519288 0.0493317 0.0451423 0.0391599 0.0317246 0.0236928
 0.00588224 0.00926064 0.0134124 0.0181893 0.0234815 0.029197 0.0351674 0.0410948 0.0465986 0.0513075 0.0549305 0.0572978 0.0583905 0.0583475 0.057436 0.0559907 0.0543326 0.0526712 0.0510018 0.0490455 0.0462995 0.0422374 0.0366061 0.0296603 0.0221612
 0.00626137 0.00985327 0.0142617 0.0193242 0.0249174 0.0309354 0.0371873 0.0433412 0.0489748 0.0536805 0.0571468 0.0592082 0.0598707 0.059306 0.0578057 0.055713 0.0533541 0.0509648 0.0486072 0.0461028 0.0430501 0.0389831 0.0336407 0.0272011 0.0203084
 0.00665536 0.0104648 0.0151297 0.0204694 0.0263457 0.0326402 0.0391463 0.0455085 0.051275 0.056008 0.0593718 0.0611868 0.0614608 0.0603846 0.0582804 0.0555225 0.052462 0.0493592 0.0463185 0.0432349 0.0398028 0.0356396 0.0305119 0.0245472 0.0182742
 0.00704632 0.0110746 0.0160002 0.0216248 0.0277924 0.0343656 0.0411142 0.047654 0.0535067 0.0582173 0.061444 0.0630087 0.0629245 0.0613911 0.0587436 0.0553734 0.0516526 0.0478693 0.0441692 0.0405124 0.0366799 0.0323739 0.027404 0.0218672 0.0161899
 0.00745269 0.0117101 0.0169106 0.0228385 0.0293195 0.0361953 0.0432068 0.0499326 0.0558578 0.0605033 0.0635219 0.0647492 0.0642254 0.0621819 0.0589799 0.0550271 0.0507042 0.0463104 0.0420183 0.0378409 0.0336366 0.0291892 0.024357 0.0192188 0.014112
 0.00775487 0.0121905 0.0176147 0.0238046 0.0305759 0.0377542 0.0450527 0.0520115 0.058074 0.062726 0.0656006 0.0665329 0.0655843 0.0630225 0.0592505 0.054711 0.0498063 0.0448483 0.0400266 0.0353898 0.0308568 0.0262806 0.0215652 0.0167796 0.012186
