SBPRF35
7.78865
Curr Bio
508108
B35
642015
F35
0.211272
FOFL
0.154178
OFL
58472.2
Bzero
2.22533e+006
#pred survey bio
 3.80655e+006 3.48217e+006 3.15303e+006 2.79036e+006 2.46199e+006 2.16432e+006 1.87776e+006 1.62671e+006 1.43727e+006 1.26176e+006 1.11676e+006 988093 872043 789834 744046 705407 677581 653115 640016 621122 612659 606799 600910 602670 604661 599528 586667 583449 575425 574595 555511 549905 526864 526836 527511 538418 548518 566779 581110 593680 597191 601209 608678 621479 613765 612658 609567 563652 565131 562481 535324 538320 552238 555046 523751 516211 513133 1.6857e+007 9.87562e+006 1.00163e+007 1.07881e+007 1.19093e+007 1.30961e+007 1.41763e+007 1.50762e+007 1.57843e+007 1.6321e+007 1.67176e+007 1.70059e+007 1.72136e+007 1.73625e+007 1.74691e+007 1.75457e+007 1.76008e+007 1.76408e+007 1.76699e+007 1.76913e+007 1.77071e+007 1.77188e+007 1.77276e+007 1.77342e+007 1.77391e+007 1.77429e+007 1.77458e+007 1.7748e+007 1.77496e+007 1.77509e+007 1.77519e+007 1.77526e+007 1.77532e+007 1.77537e+007 1.7754e+007 1.77543e+007 1.77545e+007 1.77546e+007 1.77548e+007 1.77549e+007 1.77549e+007 1.7755e+007 1.7755e+007 1.77551e+007 1.77551e+007 1.77551e+007 1.77551e+007 1.77551e+007 1.77551e+007 1.77552e+007 1.77552e+007 1.77552e+007 1.77552e+007 1.77552e+007 1.77552e+007 1.77552e+007 1.77552e+007 1.77552e+007 1.77552e+007 1.77552e+007 1.77552e+007 1.77552e+007 1.77552e+007 1.77552e+007 1.77552e+007 1.77552e+007 1.77552e+007 1.77552e+007 1.77552e+007 1.77552e+007 1.77552e+007 1.77552e+007 1.77552e+007 1.77552e+007 1.77552e+007 1.77552e+007 1.77552e+007 1.77552e+007 1.77552e+007 1.77552e+007 1.77552e+007 1.77552e+007 1.77552e+007 1.77552e+007 1.77552e+007 1.77552e+007 1.77552e+007 1.77552e+007 1.77552e+007 1.77552e+007 1.77552e+007 1.77552e+007 1.77552e+007 1.77552e+007 1.77552e+007 1.77552e+007 1.77552e+007 1.77552e+007 1.77552e+007 1.77552e+007 0 0 0 0 0 0 0 0 0 0 0 0 0 0 0 0 0 0 0 0 0 0 0 0 0
#obs survey bio
 2.60336e+006 2.83123e+006 3.83684e+006 2.41528e+006 1.83678e+006 1.489e+006 1.27987e+006 1.63064e+006 1.06609e+006 1.16805e+006 897915 869979 789057 539110 555850 650687 735322 409018 535182 523868 604600 509089 395986 482017 519863 416644 614479 419536 561346 393074 447853 706485 377819 511790 442925 469080 452160 747354 492176 671028 494777 605078 486279 624186 681289 566920 559764 485152 818313 674682 486677 564550 620924 520525 470718 474013 606631
#pred catch bio
 221004 246507 302509 300198 300009 314378 301996 261270 258385 237621 226910 216706 186096 153035 144420 132162 126601 115100 118093 107582 104313 103417 96392.2 95358 99685.9 103951 93432.5 94669.7 85696 97760.3 83120 97157.3 81267.8 86647 82848.1 86674.4 81669.4 85772.6 87237.7 94152.9 92913.7 89649.7 85234.7 101889 95130.7 96077.3 130222 89207.2 93447.7 113152 86966.4 77557.2 85333.1 110935 88073.1 81241.7 98613.3 58472.2 75929 75471 79876.6 87796.5 96513.1 104413 110867 115805 119413 121964 123723 124912 125704 126226 126566 126786 126928 127018 127076 127113 127137 127151 127161 127167 127170 127173 127174 127175 127176 127176 127176 127176 127176 127176 127177 127177 127177 127177 127177 127177 127177 127177 127177 127177 127177 127177 127177 127177 127177 127177 127177 127177 127177 127177 127177 127177 127177 127177 127177 127177 127177 127177 127177 127177 127177 127177 127177 127177 127177 127177 127177 127177 127177 127177 127177 127177 127177 127177 127177 127177 127177 127177 127177 127177 127177 127177 127177 127177 127177 127177 127177 127177 127177 127177 127177 127177 127177 127177 127177 0 0 0 0 0 0 0 0 0 0 0 0 0 0 0 0 0 0 0 0 0 0 0 0 0
#obs catch bio
 249453 246937 304157 302573 303695 320572 310122 267206 264976 242937 232087 223531 191755 157208 148162 134746 128685 117439 120643 109445 106242 105322 98238.3 97219.1 101310 105796 95107.4 96455.6 86390.9 99489.2 83834.6 98471.8 82071.3 87613.6 83834.9 87941.6 82851.2 86641.7 88055.9 94864.1 93430.9 90341.4 85480.1 102493 95441.8 96114.6 131884 89389.5 93460.8 114160 87611.1 77854 85319.1 111765 88475.6 81310.4 98802.2
#pred cpue bio
 3.73835e+006 3.41775e+006 3.09278e+006 2.73267e+006 2.40581e+006 2.10984e+006 1.82556e+006 1.57706e+006 1.38981e+006 1.2167e+006 1.07372e+006 946992 833154 752964 708639 671535 644952 621424 608802 590671 582621 577078 571459 573279 575581 571030 558837 556155 549040 548834 530853 525840 502809 500934 500067 510101 519912 537865 552127 564630 568311 572346 579711 592279 584948 584012 581090 536365 537461 534865 508508 511415 525511 528999 498861 491626 489614 1.61254e+007 9.45892e+006 9.45515e+006 1.00603e+007 1.11195e+007 1.22909e+007 1.33679e+007 1.42671e+007 1.49751e+007 1.55118e+007 1.59083e+007 1.61967e+007 1.64044e+007 1.65533e+007 1.66599e+007 1.67365e+007 1.67916e+007 1.68316e+007 1.68607e+007 1.68821e+007 1.68978e+007 1.69096e+007 1.69183e+007 1.69249e+007 1.69299e+007 1.69337e+007 1.69366e+007 1.69387e+007 1.69404e+007 1.69417e+007 1.69427e+007 1.69434e+007 1.6944e+007 1.69444e+007 1.69448e+007 1.6945e+007 1.69453e+007 1.69454e+007 1.69455e+007 1.69456e+007 1.69457e+007 1.69458e+007 1.69458e+007 1.69458e+007 1.69459e+007 1.69459e+007 1.69459e+007 1.69459e+007 1.69459e+007 1.69459e+007 1.69459e+007 1.69459e+007 1.69459e+007 1.69459e+007 1.69459e+007 1.69459e+007 1.6946e+007 1.6946e+007 1.6946e+007 1.6946e+007 1.6946e+007 1.6946e+007 1.6946e+007 1.6946e+007 1.6946e+007 1.6946e+007 1.6946e+007 1.6946e+007 1.6946e+007 1.6946e+007 1.6946e+007 1.6946e+007 1.6946e+007 1.6946e+007 1.6946e+007 1.6946e+007 1.6946e+007 1.6946e+007 1.6946e+007 1.6946e+007 1.6946e+007 1.6946e+007 1.6946e+007 1.6946e+007 1.6946e+007 1.6946e+007 1.6946e+007 1.6946e+007 1.6946e+007 1.6946e+007 1.6946e+007 1.6946e+007 1.6946e+007 1.6946e+007 1.6946e+007 1.6946e+007 1.6946e+007 1.6946e+007 1.6946e+007 1.6946e+007 0 0 0 0 0 0 0 0 0 0 0 0 0 0 0 0 0 0 0 0 0 0 0 0 0
#obs cpue bio
 3.30814e+006 3.42388e+006 2.18092e+006 1.80197e+006 1.85192e+006 1.70714e+006 1.29171e+006 1.28576e+006 1.46142e+006 1.14455e+006 1.03339e+006 512432 566320 646409 747697 704362 572677 472366 592773 576646 406281 544873 517922 509022 725215 659806 304845 648404 800248 485970 660694 401762 483916 512641 394708 445723 407383 553904 559642 590033 692149 416968 836255 616792 494332 663793 461045 580597 489218 326176 364782 538492 658528 466292 431754 629788 536261
#pred surv len freq
 0.00632824 0.0101278 0.0149631 0.0207095 0.0271544 0.0339325 0.0404868 0.0461833 0.0505474 0.0534337 0.0550024 0.055567 0.0554489 0.0549046 0.0541032 0.0531278 0.0519906 0.0506511 0.0490147 0.0469054 0.0440468 0.0401196 0.034928 0.0286079 0.0217151
 0.00658078 0.0104468 0.0152813 0.0209269 0.0271904 0.0337938 0.0403045 0.0461777 0.0509246 0.0542706 0.0561945 0.0568684 0.0565777 0.0556508 0.0543891 0.0530053 0.0515899 0.0501092 0.0484159 0.0462596 0.0433147 0.0392674 0.0339765 0.0276405 0.0208429
 0.00710945 0.01125 0.0163794 0.0222868 0.0287182 0.0353395 0.0416834 0.0472204 0.0515465 0.0545217 0.0562397 0.0568934 0.0566782 0.0557814 0.0544045 0.0527558 0.0510026 0.0492087 0.047287 0.0449923 0.0419734 0.037898 0.0326336 0.0264021 0.019794
 0.00754787 0.0119662 0.0174613 0.0238111 0.0307253 0.0377964 0.0444489 0.0500398 0.0540967 0.0564975 0.0574468 0.0573035 0.0564162 0.0550481 0.0533755 0.0515165 0.0495533 0.047521 0.0453626 0.0428858 0.0397809 0.0357357 0.0306219 0.0246524 0.0183888
 0.00793484 0.0125778 0.0183515 0.0250248 0.0322984 0.0397498 0.046772 0.0526651 0.0568782 0.0592081 0.0598051 0.0590341 0.0573257 0.0550813 0.0526178 0.0501381 0.0477304 0.0453829 0.0429907 0.0403493 0.0371725 0.0331837 0.0282745 0.0226447 0.0168087
 0.00827825 0.0131254 0.0191561 0.0261292 0.0337291 0.0415084 0.0488252 0.0549425 0.0592799 0.0616146 0.0620775 0.0610069 0.0588104 0.0558972 0.0526426 0.0493495 0.04621 0.0432804 0.0404763 0.037586 0.0343179 0.0304019 0.0257332 0.0204902 0.0151313
 0.00858758 0.0136257 0.0199043 0.0271765 0.0351123 0.0432345 0.050856 0.0571892 0.0616158 0.0638996 0.0641805 0.0628136 0.0602165 0.0567974 0.0529317 0.0489422 0.0450726 0.0414552 0.0380829 0.0348019 0.0313532 0.0274773 0.0230576 0.0182314 0.0133847
 0.0089326 0.0141636 0.020672 0.0281961 0.0363911 0.0447653 0.0526115 0.059115 0.0636283 0.0658929 0.0660384 0.0644234 0.0614792 0.0576305 0.0532651 0.0487141 0.0442358 0.039997 0.0360498 0.0323143 0.0286004 0.0246911 0.0204717 0.0160351 0.0116858
 0.00923356 0.014632 0.0213379 0.0290741 0.0374788 0.0460429 0.0540399 0.0606363 0.0651738 0.0673937 0.0674327 0.0656544 0.0624891 0.0583571 0.0536424 0.0486766 0.0437259 0.0389775 0.0345241 0.030348 0.0263319 0.0223193 0.018218 0.0140913 0.0101687
 0.00960233 0.0152071 0.0221574 0.0301554 0.0388147 0.0475969 0.0557408 0.06238 0.0668384 0.0688656 0.0686289 0.0665314 0.0630364 0.0585816 0.053551 0.0482646 0.0429743 0.0378627 0.0330378 0.028523 0.024262 0.0201597 0.0161572 0.0123037 0.00876692
 0.00996849 0.0157763 0.0229653 0.0312172 0.040123 0.0491186 0.057412 0.0641043 0.0684963 0.070334 0.069803 0.0673405 0.0634506 0.0586078 0.0532213 0.0476188 0.0420439 0.0366649 0.031584 0.0268399 0.0224149 0.0182618 0.0143553 0.0107401 0.00753765
 0.0101643 0.0161115 0.0235 0.0320146 0.0412323 0.0505485 0.0591081 0.0659465 0.0703221 0.071977 0.0711267 0.0682544 0.0639123 0.0586177 0.0528138 0.0468505 0.0409787 0.0353613 0.0300909 0.0252045 0.020699 0.0165539 0.0127654 0.0093755 0.00647052
 0.0103273 0.0163758 0.0238978 0.032579 0.041995 0.0515334 0.0603192 0.0673537 0.0718521 0.073514 0.0725275 0.0693756 0.0646406 0.0588916 0.0526288 0.046249 0.0400315 0.0341491 0.0286922 0.023693 0.0191492 0.0150481 0.0113919 0.00821385 0.00557075
 0.0104536 0.0165653 0.0241545 0.0328991 0.0423725 0.0519681 0.0608213 0.0679415 0.0725422 0.074308 0.073398 0.0702599 0.0654449 0.05951 0.0529693 0.0462561 0.0396966 0.0335062 0.0278041 0.0226382 0.0180126 0.0139167 0.010349 0.00732843 0.00488395
 0.0104288 0.0165274 0.024102 0.0328328 0.042296 0.0518891 0.0607541 0.0679098 0.0725804 0.0744573 0.0736963 0.0707251 0.0660596 0.0602134 0.0536648 0.0468337 0.0400618 0.0336031 0.027626 0.0222226 0.0174288 0.01325 0.00968495 0.00673848 0.00441362
 0.0104795 0.0165959 0.0241795 0.0329027 0.0423388 0.0518901 0.0607101 0.067831 0.0724883 0.0743808 0.0736681 0.0707784 0.0662202 0.0604893 0.0540348 0.0472438 0.0404345 0.0338587 0.0277068 0.0221101 0.0171471 0.0128559 0.00925006 0.00632925 0.0040763
 0.0106219 0.0167968 0.0244248 0.0331589 0.0425612 0.0520365 0.0607535 0.0677656 0.0723287 0.074158 0.0734242 0.0705594 0.0660689 0.060437 0.0540939 0.0474017 0.0406523 0.0340775 0.0278634 0.0221569 0.0170681 0.0126699 0.00900143 0.00607021 0.00384938
 0.0107225 0.0169574 0.0246596 0.0334748 0.0429514 0.0524734 0.0611852 0.0681231 0.0725453 0.0741929 0.0732775 0.0702711 0.0657039 0.0600652 0.0537741 0.04717 0.0405166 0.0340183 0.0278408 0.0221257 0.0169942 0.0125426 0.00883434 0.00589172 0.00368844
 0.0106615 0.0168727 0.0245595 0.0333778 0.0428828 0.0524587 0.0612424 0.068255 0.0727355 0.074406 0.0734675 0.0703966 0.0657438 0.0600267 0.0536882 0.0470774 0.0404514 0.0339952 0.0278527 0.022149 0.0170015 0.012516 0.00877246 0.00580778 0.0036018
 0.0107626 0.0170139 0.0247296 0.0335533 0.0430363 0.0525718 0.0613144 0.0683028 0.0727825 0.0744683 0.0735438 0.0704671 0.065779 0.0600013 0.0535933 0.0469261 0.0402725 0.0338213 0.0277061 0.0220357 0.0169132 0.0124391 0.00869762 0.00573403 0.00353447
 0.0107656 0.0170214 0.024745 0.0335794 0.043072 0.052609 0.0613384 0.0682974 0.0727405 0.0743996 0.0734741 0.0704262 0.0657847 0.06005 0.0536632 0.0469899 0.0403117 0.0338323 0.0276971 0.0220174 0.0168922 0.012416 0.00867069 0.00570327 0.00350292
 0.0108001 0.0170669 0.0247943 0.0336199 0.0430906 0.0525982 0.0612998 0.0682405 0.0726766 0.074336 0.0734141 0.0703734 0.0657468 0.0600371 0.053681 0.0470343 0.0403693 0.0338872 0.0277383 0.0220417 0.0169017 0.0124146 0.00866164 0.00568927 0.00348689
 0.010796 0.0170666 0.0248048 0.0336501 0.0431467 0.052678 0.06139 0.0683196 0.0727233 0.074339 0.0733757 0.0703062 0.0656674 0.0599607 0.0536193 0.046994 0.0403515 0.033887 0.0277469 0.0220507 0.0169058 0.0124123 0.00865406 0.00567864 0.00347552
 0.0105946 0.0167732 0.0244268 0.0332179 0.0427068 0.0522808 0.0610782 0.0681217 0.0726507 0.0743852 0.0735195 0.0705184 0.0659194 0.0602305 0.0538924 0.0472616 0.0406067 0.0341233 0.0279572 0.0222285 0.0170468 0.012516 0.008724 0.00572126 0.00349852
 0.0105082 0.0166234 0.0241859 0.0328589 0.0422157 0.0516723 0.0604067 0.0674763 0.0721311 0.0740696 0.0734413 0.0706635 0.0662395 0.0606633 0.054379 0.0477558 0.0410773 0.0345507 0.0283302 0.0225407 0.0172957 0.0127033 0.00885556 0.00580667 0.00354923
 0.0104945 0.0166024 0.0241556 0.0328146 0.0421471 0.0515612 0.06023 0.0672164 0.0717907 0.073683 0.073071 0.0703804 0.0660973 0.0606803 0.0545371 0.0480132 0.041386 0.0348694 0.0286294 0.0228023 0.0175107 0.0128691 0.0089748 0.00588597 0.00359755
 0.0103594 0.0164193 0.023947 0.0326234 0.0420224 0.0515376 0.0603094 0.0673643 0.0719484 0.0737895 0.0730857 0.070298 0.0659487 0.0605196 0.0544189 0.0479723 0.0414289 0.0349788 0.0287765 0.0229587 0.0176549 0.0129886 0.00906501 0.00594817 0.00363659
 0.0101522 0.0160949 0.0234846 0.0320186 0.0412958 0.0507426 0.0595343 0.0667187 0.0715317 0.0736548 0.0732205 0.0706351 0.066399 0.0610074 0.0549013 0.0484379 0.0418814 0.0354207 0.0291999 0.0233469 0.0179898 0.0132577 0.00926535 0.0060857 0.00372325
 0.0101389 0.0160544 0.0233886 0.0318292 0.0409749 0.0502684 0.0589177 0.0660115 0.0708213 0.0730454 0.0728068 0.070475 0.0664974 0.0613187 0.0553508 0.04895 0.0424007 0.035916 0.0296564 0.0237552 0.0183406 0.0135428 0.00948159 0.0062371 0.00382037
 0.00993614 0.0157587 0.0230052 0.0313815 0.0404934 0.0497752 0.0584177 0.0654981 0.0702938 0.0725275 0.0723528 0.0701594 0.0663901 0.0614582 0.0557282 0.0495124 0.0430702 0.0366142 0.0303218 0.0243481 0.0188399 0.0139405 0.00977916 0.00644437 0.00395346
 0.0100152 0.0158617 0.0231142 0.0314658 0.0405213 0.0497279 0.0582991 0.0653286 0.0700942 0.0723037 0.0720962 0.0698635 0.0660712 0.0611613 0.0555132 0.049428 0.0431329 0.0368041 0.0305944 0.0246528 0.0191339 0.0141952 0.00998071 0.00659051 0.00405035
 0.0108031 0.0169617 0.0244344 0.0328072 0.0416323 0.0503949 0.0584205 0.0649352 0.0693153 0.0713085 0.071042 0.0688649 0.0651923 0.0604273 0.0549302 0.048999 0.042861 0.0366846 0.0306065 0.0247596 0.019291 0.0143624 0.0101293 0.00670618 0.00413059
 0.0118591 0.0185801 0.0266777 0.0356431 0.044915 0.0538553 0.0616745 0.0675389 0.0708756 0.0716109 0.0701203 0.0669703 0.0626865 0.057666 0.0521907 0.0464631 0.0406325 0.0348136 0.029106 0.0236139 0.0184613 0.0137942 0.0097626 0.00648393 0.00400477
 0.0118114 0.0186126 0.0269287 0.0363049 0.0461786 0.0558224 0.0642773 0.0705141 0.0738128 0.0740549 0.0716884 0.0674472 0.0620698 0.0561475 0.0500821 0.0441001 0.0382969 0.0326981 0.0273158 0.0221857 0.0173849 0.0130292 0.00925181 0.00616511 0.00381971
 0.0115256 0.0182016 0.0264162 0.0357649 0.0457378 0.0556501 0.0645588 0.0714013 0.0753553 0.0761387 0.0740245 0.0696343 0.0637132 0.0569809 0.0500381 0.0433034 0.0369964 0.0311759 0.0258125 0.0208631 0.0163222 0.0122407 0.00870939 0.00581927 0.00361595
 0.0112939 0.0178336 0.0258812 0.0350481 0.044853 0.0546575 0.0635798 0.0706163 0.0749728 0.0763366 0.0748821 0.0710823 0.0655272 0.0588331 0.0515935 0.0443231 0.0374011 0.0310437 0.0253214 0.0202142 0.0156791 0.011702 0.00831154 0.00555542 0.00345752
 0.0110952 0.017534 0.0254731 0.0345375 0.0442552 0.0539912 0.0628684 0.0698986 0.0743167 0.0758458 0.0746837 0.0712906 0.0661932 0.059902 0.052898 0.0456258 0.0384718 0.031736 0.02561 0.0201788 0.0154522 0.0114118 0.00804643 0.00535592 0.00332792
 0.0109118 0.0172416 0.0250449 0.033956 0.0435192 0.0531245 0.0619259 0.0689625 0.0734804 0.0751949 0.0742859 0.0711979 0.0664446 0.0605122 0.053834 0.0467872 0.0396992 0.0328521 0.0264766 0.0207384 0.0157319 0.0114927 0.00802045 0.00529449 0.0032708
 0.0108141 0.0170868 0.024819 0.0336473 0.0431187 0.0526285 0.0613405 0.0683094 0.0728009 0.0745481 0.0737409 0.0708229 0.0662961 0.0606279 0.0542249 0.0474286 0.0405223 0.0337479 0.0273202 0.0214258 0.0162112 0.0117715 0.0081478 0.00533148 0.0032674
 0.010695 0.0169076 0.024576 0.0333458 0.0427702 0.0522458 0.0609349 0.0678907 0.0723796 0.0741383 0.0733641 0.0705103 0.0660875 0.0605658 0.0543444 0.0477451 0.0410208 0.0343775 0.0280004 0.0220659 0.0167375 0.0121476 0.00837925 0.0054518 0.00331834
 0.0107358 0.0169581 0.0246227 0.0333667 0.0427416 0.0521513 0.0607731 0.0676744 0.0721282 0.0738687 0.0730869 0.0702328 0.0658223 0.0603371 0.0541872 0.0476971 0.0411081 0.0346014 0.028331 0.0224479 0.0171069 0.0124533 0.00859662 0.00558422 0.00338664
 0.0106911 0.0168992 0.0245586 0.0333122 0.0427097 0.0521445 0.0607774 0.0676636 0.0720759 0.0737619 0.0729307 0.0700463 0.0656291 0.0601586 0.0540431 0.047608 0.0410947 0.0346782 0.0284964 0.0226795 0.0173656 0.0126962 0.00879207 0.00571981 0.00346774
 0.0106718 0.0168593 0.0244838 0.0331868 0.042524 0.051904 0.0605076 0.0674048 0.0718679 0.0736269 0.0728668 0.0700344 0.0656469 0.0601917 0.0540886 0.0476715 0.0411865 0.0348085 0.0286698 0.0228897 0.0175939 0.0129164 0.00897929 0.00585973 0.00355938
 0.0105237 0.0166422 0.0242006 0.0328539 0.0421652 0.0515409 0.0601552 0.0670745 0.0715754 0.0733969 0.0727287 0.0700103 0.0657402 0.0603846 0.0543498 0.047969 0.0414968 0.0351193 0.0289761 0.0231873 0.0178745 0.0131671 0.00918684 0.006016 0.00366505
 0.0105443 0.016674 0.0242456 0.032913 0.0422386 0.0516274 0.0602506 0.0671686 0.0716506 0.073431 0.0727022 0.0699166 0.0655911 0.0602066 0.0541741 0.0478202 0.0413885 0.0350559 0.0289567 0.0232077 0.017927 0.0132396 0.00926478 0.00608614 0.00371916
 0.0105752 0.0167114 0.0242785 0.0329242 0.0422104 0.0515507 0.0601313 0.0670279 0.0715171 0.073329 0.0726432 0.0698963 0.0655946 0.060218 0.0541841 0.0478294 0.041404 0.0350856 0.0290052 0.0232746 0.0180075 0.0133257 0.00934718 0.00615653 0.00377261
 0.0105878 0.016736 0.0243222 0.0329939 0.0423079 0.0516676 0.0602467 0.0671128 0.0715463 0.0732929 0.0725524 0.0697757 0.0654707 0.0601083 0.0540942 0.0477575 0.0413477 0.0350452 0.0289834 0.0232736 0.0180264 0.0133595 0.00938819 0.00619681 0.00380621
 0.0110045 0.0173769 0.0252171 0.0341421 0.0436746 0.0531811 0.0617955 0.0685499 0.0727092 0.074038 0.07279 0.0694907 0.0647219 0.0590102 0.0527874 0.0463785 0.0400085 0.0338252 0.0279311 0.0224121 0.0173585 0.0128719 0.00905537 0.00598612 0.00368346
 0.0108521 0.0171584 0.0249439 0.0338468 0.043407 0.0529982 0.0617503 0.0686804 0.0730274 0.0745201 0.0733736 0.070085 0.0652305 0.0593575 0.052938 0.0463419 0.0398284 0.033561 0.0276402 0.0221387 0.0171296 0.0126988 0.00893669 0.00591265 0.00364272
 0.0108414 0.0171299 0.0248814 0.033732 0.0432274 0.0527601 0.061487 0.06845 0.0728966 0.0745417 0.0735672 0.0704284 0.0656649 0.0598029 0.0533148 0.0465922 0.0399298 0.0335275 0.0275115 0.0219635 0.0169509 0.0125452 0.00882124 0.00583555 0.00359681
 0.0109598 0.0173315 0.0251994 0.0341961 0.0438495 0.0535153 0.0623025 0.0692151 0.0734963 0.0748976 0.0736619 0.0703006 0.0653818 0.0594282 0.0528897 0.0461335 0.0394407 0.0330133 0.026989 0.0214616 0.0165021 0.0121751 0.00854145 0.00564239 0.00347546
 0.0105622 0.0167473 0.0244377 0.0333115 0.0429342 0.0526806 0.0616584 0.0688502 0.073458 0.0751766 0.0741936 0.0709875 0.0661262 0.0601569 0.0535583 0.0467169 0.0399218 0.0333795 0.0272366 0.0216005 0.0165557 0.0121742 0.00851488 0.00561095 0.00344997
 0.0103489 0.0163793 0.0238487 0.0324366 0.0417374 0.0511922 0.0600028 0.067239 0.0721386 0.0743584 0.073987 0.0713831 0.0670141 0.0613707 0.0549228 0.048083 0.0411824 0.034469 0.0281234 0.0222794 0.0170427 0.0125001 0.00871785 0.0057287 0.00351376
 0.0104254 0.0164763 0.0239411 0.0324766 0.041658 0.0509192 0.0594751 0.0664344 0.0711 0.0732063 0.0729036 0.0705637 0.0666053 0.0614245 0.0553894 0.0488399 0.042081 0.0353749 0.0289394 0.022951 0.0175522 0.0128573 0.00894905 0.00586664 0.00358954
 0.0105622 0.0167245 0.0243587 0.0331235 0.0425689 0.0520659 0.0607386 0.0676113 0.0719533 0.073542 0.0726378 0.069752 0.0654234 0.0601104 0.0541694 0.0478682 0.0414139 0.0349848 0.0287511 0.0228811 0.017535 0.0128532 0.00894172 0.00585397 0.00357519
 0.00987412 0.0157389 0.023125 0.03178 0.0413143 0.0511053 0.0602302 0.0676309 0.0724768 0.0744448 0.0737194 0.0707897 0.0662419 0.060635 0.0544358 0.047986 0.0415058 0.0351341 0.0289807 0.0231638 0.0178225 0.0131028 0.00913083 0.00598065 0.00365077
 0.00904509 0.0144683 0.0213628 0.0295481 0.0387196 0.048347 0.0575976 0.0654705 0.0711152 0.0740899 0.074389 0.0723073 0.0682994 0.0628909 0.0566068 0.0499023 0.0431161 0.0364681 0.0300953 0.0241026 0.0186016 0.013722 0.00959115 0.00629582 0.00384774
#obs surv len freq
 0.00497345 0.00814538 0.0123876 0.017713 0.0239948 0.0308677 0.0377063 0.0437881 0.0485629 0.0518301 0.0537081 0.0544826 0.0544734 0.0539776 0.0532553 0.0525194 0.0519142 0.0514739 0.0510599 0.050303 0.0486211 0.0453836 0.0402136 0.0332801 0.025365
 0.00518401 0.00849144 0.0129154 0.018468 0.025013 0.0321614 0.0392505 0.0455148 0.0503712 0.0536045 0.0553365 0.0558648 0.0555238 0.0546247 0.0534426 0.0522097 0.0510958 0.0501683 0.0493278 0.0482477 0.0463858 0.0431399 0.0381375 0.0315181 0.0240027
 0.0054032 0.00885138 0.013464 0.0192529 0.0260728 0.0335122 0.0408708 0.0473396 0.0522996 0.0555178 0.0571161 0.0574037 0.0567306 0.0554241 0.0537739 0.0520259 0.0503672 0.0488916 0.0475401 0.0460401 0.0439093 0.0405946 0.0357411 0.0294596 0.022398
 0.00565184 0.00925622 0.0140746 0.020116 0.0272243 0.0349634 0.0425946 0.0492646 0.0543199 0.0575122 0.0589663 0.0590046 0.0579938 0.0562765 0.0541558 0.0518886 0.0496742 0.0476258 0.0457198 0.0437395 0.0412738 0.0378359 0.0331043 0.0271677 0.0205957
 0.00589082 0.00965064 0.0146791 0.0209848 0.0284004 0.0364613 0.044383 0.0512619 0.0564069 0.0595568 0.0608454 0.0606157 0.0592557 0.0571255 0.0545405 0.0517659 0.0490074 0.0463915 0.0439234 0.0414395 0.0386026 0.0350023 0.0303629 0.02476 0.0186861
 0.00612719 0.010037 0.0152648 0.021818 0.02952 0.0378834 0.0460859 0.0531788 0.0584327 0.0615662 0.0627125 0.0622284 0.0605234 0.0579807 0.0549352 0.0516642 0.0483804 0.0452187 0.0422064 0.0392253 0.0360091 0.0322254 0.0276515 0.0223581 0.0167668
 0.00638122 0.010451 0.0158895 0.0227011 0.0306962 0.0393602 0.0478289 0.0551075 0.060433 0.0635126 0.0644884 0.0637358 0.0616847 0.0587372 0.0552439 0.0514946 0.0477104 0.044035 0.0405135 0.0370669 0.0334918 0.0295299 0.0250125 0.0200111 0.014883
 0.00661507 0.0108369 0.0164809 0.0235505 0.0318445 0.0408189 0.049563 0.0570304 0.0624202 0.0654274 0.0662063 0.0651582 0.0627415 0.059383 0.0554516 0.0512474 0.0469975 0.0428508 0.0388675 0.0350013 0.0311041 0.0269842 0.0225231 0.0177951 0.0131006
 0.00683699 0.011202 0.0170384 0.0243492 0.0329232 0.0421913 0.0512016 0.0588599 0.0643265 0.0672782 0.0678731 0.0665325 0.0637435 0.0599638 0.0555887 0.0509371 0.0462451 0.0416669 0.0372722 0.0330404 0.0288688 0.0246219 0.0202246 0.0157541 0.01146
 0.00708445 0.0116038 0.0176421 0.0251979 0.0340471 0.0435938 0.0528454 0.0606622 0.0661708 0.0690359 0.0694245 0.0677797 0.0646153 0.0604161 0.055603 0.0505155 0.0454035 0.04043 0.0356745 0.0311361 0.0267472 0.0224168 0.0181039 0.0138853 0.00996505
 0.00724075 0.0118707 0.0180671 0.0258329 0.0349362 0.0447552 0.0542542 0.0622454 0.0678195 0.0706291 0.07085 0.0689458 0.0654544 0.0608839 0.0556766 0.05019 0.0446895 0.0393507 0.034267 0.0294576 0.0248846 0.0204915 0.0162621 0.0122692 0.00867623
 0.00746053 0.0122191 0.0185753 0.0265255 0.0358286 0.0458484 0.0555272 0.0636484 0.0692751 0.0720403 0.0721146 0.069971 0.0661685 0.061243 0.0556634 0.0498087 0.0439586 0.0382991 0.032935 0.0279027 0.0231887 0.0187641 0.0146296 0.0108508 0.00755367
 0.00754111 0.0123617 0.0188112 0.0268901 0.0363529 0.0465464 0.0563845 0.0646222 0.070305 0.0730637 0.0730756 0.0708193 0.0668551 0.0617184 0.055883 0.0497408 0.0435897 0.0376356 0.0320037 0.0267523 0.0218926 0.0174188 0.0133448 0.0097284 0.00666291
 0.00762974 0.0124942 0.0189904 0.0271142 0.036621 0.0468641 0.0567659 0.0650839 0.0708546 0.0736897 0.0737452 0.0714843 0.0674622 0.0622166 0.0562268 0.0498901 0.0435133 0.0373163 0.0314448 0.025983 0.0209699 0.0164244 0.0123733 0.00886785 0.00597439
 0.00769178 0.0125937 0.0191367 0.0273136 0.0368731 0.0471593 0.0570851 0.065404 0.0711587 0.0739765 0.0740278 0.0717794 0.0677743 0.0625295 0.0565045 0.0500861 0.0435806 0.0372175 0.03116 0.0255172 0.0203573 0.015726 0.0116661 0.00822707 0.00545417
 0.00774662 0.0126767 0.0192505 0.027457 0.0370424 0.0473496 0.0572905 0.0656167 0.0713684 0.0741721 0.0742021 0.0719331 0.0679161 0.0626697 0.0566451 0.0502128 0.0436629 0.0372169 0.0310425 0.0252661 0.0199825 0.0152648 0.0111753 0.00776729 0.00507242
 0.00777481 0.0127187 0.0193066 0.0275247 0.0371172 0.0474262 0.0573644 0.0656853 0.0714323 0.0742352 0.0742703 0.0720118 0.0680087 0.0627768 0.0567641 0.050336 0.0437742 0.037291 0.0310499 0.025183 0.019802 0.0150034 0.0108699 0.00746349 0.00480982
 0.00783812 0.0128116 0.0194277 0.0276658 0.0372653 0.0475668 0.0574844 0.0657751 0.0714867 0.0742545 0.0742607 0.0719846 0.0679773 0.0627532 0.0567559 0.0503444 0.0437929 0.0373058 0.0310406 0.0251292 0.0196909 0.0148376 0.0106686 0.00725636 0.00462569
 0.00786081 0.0128475 0.0194795 0.0277343 0.0373481 0.0476571 0.0575708 0.0658434 0.0715249 0.0742579 0.0742338 0.0719399 0.06793 0.0627169 0.0567392 0.0503499 0.0438167 0.0373377 0.0310654 0.0251299 0.0196544 0.0147602 0.0105591 0.00713315 0.00450949
 0.00787128 0.0128607 0.0194923 0.0277421 0.0373463 0.0476439 0.0575485 0.0658178 0.0715022 0.0742413 0.0742236 0.0719344 0.0679289 0.0627228 0.0567563 0.0503815 0.0438628 0.037393 0.0311199 0.0251705 0.0196693 0.0147435 0.0105138 0.00707008 0.00444316
 0.00788516 0.012882 0.0195218 0.0277789 0.0373876 0.0476843 0.0575807 0.0658345 0.0714987 0.0742183 0.0741867 0.0718922 0.0678893 0.062691 0.0567353 0.050373 0.0438674 0.0374093 0.0311429 0.0251924 0.019681 0.0147386 0.0104911 0.00703457 0.00440328
 0.00789605 0.0128953 0.0195339 0.027784 0.0373796 0.0476597 0.0575408 0.0657846 0.0714464 0.0741702 0.0741473 0.0718639 0.067874 0.0626899 0.0567488 0.0504003 0.0439061 0.0374559 0.0311926 0.0252392 0.0197183 0.0147612 0.0104974 0.00702702 0.00438759
 0.00789938 0.0128973 0.0195305 0.0277691 0.0373464 0.0476029 0.057459 0.0656823 0.0713338 0.0740612 0.074057 0.0718045 0.067852 0.0627055 0.0567967 0.0504724 0.0439937 0.0375505 0.0312866 0.0253254 0.0197907 0.0148154 0.0105319 0.00704401 0.00439182
 0.00789971 0.0128953 0.0195224 0.0277498 0.03731 0.0475447 0.0573773 0.0655795 0.0712166 0.0739403 0.0739454 0.0717161 0.0677986 0.0626943 0.0568285 0.0505418 0.0440905 0.0376629 0.0314028 0.025435 0.0198856 0.0148905 0.0105854 0.0070774 0.00440937
 0.00787213 0.0128514 0.0194584 0.0276627 0.0371986 0.0474105 0.0572255 0.0654194 0.0710604 0.0738016 0.0738363 0.0716465 0.0677749 0.0627192 0.0569008 0.0506556 0.044236 0.0378271 0.0315715 0.0255948 0.0200257 0.0150038 0.0106695 0.0071341 0.00444364
 0.00787278 0.0128497 0.0194505 0.0276435 0.0371624 0.0473535 0.057147 0.065323 0.0709526 0.0736906 0.073731 0.0715555 0.0677066 0.062681 0.056898 0.0506902 0.0443059 0.0379255 0.0316878 0.0257165 0.0201407 0.0151025 0.0107465 0.00718843 0.00447815
 0.00786344 0.0128331 0.019423 0.0276005 0.0370999 0.0472689 0.0570416 0.0652019 0.070825 0.0735675 0.0736239 0.071474 0.0676573 0.0626672 0.0569202 0.0507468 0.0443931 0.0380373 0.0318157 0.0258498 0.0202678 0.0152137 0.0108352 0.00725282 0.00452042
 0.00782892 0.0127779 0.0193419 0.0274896 0.0369576 0.0470979 0.05685 0.0650035 0.0706373 0.0734083 0.0735074 0.0714092 0.0676478 0.062711 0.0570113 0.0508765 0.0445514 0.0382138 0.0319996 0.02603 0.0204338 0.0153561 0.0109483 0.00733533 0.00457524
 0.0077901 0.0127138 0.0192437 0.0273492 0.03677 0.0468647 0.0565828 0.0647239 0.0703729 0.0731865 0.0733497 0.0713281 0.0676464 0.0627849 0.0571498 0.0510653 0.0447745 0.0384549 0.0322434 0.0262625 0.020643 0.0155329 0.0110876 0.00743667 0.0046428
 0.00777988 0.0126929 0.0192043 0.0272812 0.0366632 0.0467124 0.0563856 0.0644916 0.0701239 0.0729444 0.0731395 0.0711724 0.0675611 0.0627773 0.0572182 0.0511999 0.0449601 0.0386733 0.0324758 0.0264913 0.020853 0.0157128 0.0112307 0.00754171 0.00471346
 0.0077295 0.0126123 0.0190854 0.0271175 0.0364512 0.0464536 0.0560888 0.0641743 0.0698102 0.0726615 0.0729133 0.0710237 0.0675038 0.0628163 0.0573493 0.0514105 0.0452311 0.0389816 0.0327971 0.0268027 0.0211348 0.0159511 0.0114181 0.00767805 0.00480456
 0.00932519 0.0148452 0.0217786 0.0298833 0.038804 0.0479892 0.0566267 0.0637842 0.0687297 0.0711748 0.0712631 0.0693794 0.0659692 0.0614494 0.0561791 0.0504464 0.0444678 0.0384031 0.0323795 0.0265176 0.0209528 0.0158438 0.0113612 0.0076518 0.00479486
 0.0093114 0.0151166 0.0227047 0.0319218 0.0423008 0.0529094 0.0623831 0.0693336 0.072943 0.0732825 0.071109 0.0673618 0.0627669 0.0577323 0.0524427 0.0469849 0.0414223 0.0358223 0.0302628 0.0248388 0.0196703 0.0149063 0.0107104 0.00722667 0.0045358
 0.00897809 0.0145932 0.0219731 0.0310343 0.0414325 0.0523933 0.0626693 0.0708274 0.0757593 0.0770649 0.0750749 0.0705988 0.0646123 0.0580032 0.051404 0.0451343 0.0392577 0.0337069 0.028401 0.0233129 0.0184889 0.0140391 0.0101086 0.00683437 0.00429746
 0.00878919 0.0142804 0.0214926 0.0303451 0.0405133 0.0512727 0.0614655 0.0697749 0.0751901 0.0773163 0.0763364 0.0727685 0.0672657 0.0605302 0.0532556 0.0460318 0.0392477 0.0330605 0.027451 0.0223295 0.0176333 0.0133753 0.0096377 0.00652598 0.00411079
 0.00872209 0.0141613 0.0212942 0.0300341 0.0400563 0.0506467 0.0606733 0.0688605 0.0742528 0.0765177 0.0758866 0.0728727 0.0680351 0.0618949 0.0549452 0.0476619 0.0404748 0.0337129 0.0275616 0.0220696 0.0172074 0.0129426 0.00928441 0.0062768 0.00395438
 0.00869498 0.0141153 0.0212206 0.0299215 0.0398898 0.0504092 0.0603475 0.0684349 0.0737305 0.0759286 0.0752991 0.0723987 0.0678126 0.0620437 0.0555055 0.0485495 0.0414925 0.0346247 0.028191 0.022361 0.0172201 0.0127936 0.00908598 0.00610064 0.00382841
 0.00870247 0.0141244 0.0212283 0.0299223 0.0398761 0.0503715 0.0602751 0.0683158 0.0735521 0.0756814 0.0749844 0.0720392 0.0674613 0.0617823 0.0554231 0.0487038 0.0418727 0.0351415 0.0287092 0.0227592 0.0174392 0.0128477 0.00903463 0.00600951 0.00374272
 0.0086822 0.0140952 0.0211914 0.0298807 0.0398334 0.0503297 0.0602331 0.0682687 0.0734924 0.0756002 0.0748735 0.0718942 0.067288 0.0616027 0.0552782 0.0486451 0.0419403 0.0353396 0.0289956 0.0230597 0.0176822 0.0129945 0.00908862 0.00600169 0.00370898
 0.0086652 0.0140695 0.0211564 0.0298377 0.0397853 0.0502811 0.0601895 0.0682349 0.0734703 0.0755867 0.0748602 0.0718696 0.067242 0.0615326 0.0551935 0.0485692 0.0419044 0.0353697 0.0290966 0.0232099 0.0178413 0.0131238 0.00916783 0.00603325 0.00370941
 0.0086546 0.0140497 0.021122 0.0297826 0.0397053 0.0501767 0.0600684 0.0681119 0.0733633 0.0755109 0.0748232 0.0718693 0.0672679 0.0615701 0.0552304 0.0486011 0.0419373 0.0354169 0.0291701 0.0233107 0.0179566 0.0132324 0.00925142 0.00608457 0.0037328
 0.00867047 0.0140729 0.0211519 0.0298162 0.0397371 0.0501992 0.0600733 0.0680921 0.0733163 0.0754409 0.0747409 0.0717888 0.0672013 0.0615235 0.0552028 0.0485876 0.041934 0.035424 0.0291915 0.0233494 0.01801 0.0132916 0.00930482 0.00612379 0.00375582
 0.00863053 0.0140181 0.0210881 0.0297548 0.0396913 0.0501785 0.0600789 0.0681164 0.0733462 0.0754632 0.0747475 0.0717786 0.0671798 0.0614997 0.0551854 0.0485816 0.0419405 0.0354417 0.029219 0.0233856 0.0180531 0.0133374 0.0093474 0.00615779 0.00377877
 0.00863922 0.0140251 0.021086 0.0297339 0.0396444 0.0501065 0.0599942 0.0680402 0.0732991 0.0754555 0.0747741 0.0718235 0.0672246 0.0615322 0.0552026 0.0485881 0.0419437 0.0354478 0.0292316 0.0234057 0.0180794 0.013367 0.00937637 0.00618244 0.00379684
 0.00862913 0.0140119 0.0210717 0.0297211 0.0396341 0.050096 0.0599766 0.0680076 0.0732488 0.0753944 0.0747172 0.0717868 0.0672167 0.0615507 0.0552371 0.048627 0.0419795 0.0354789 0.0292596 0.0234331 0.0181074 0.0133949 0.0094023 0.0062042 0.00381308
 0.00863413 0.0140173 0.0210748 0.0297184 0.0396227 0.0500754 0.0599498 0.0679793 0.0732227 0.0753708 0.074694 0.0717629 0.0671949 0.0615368 0.055236 0.0486394 0.0420019 0.0355057 0.0292867 0.0234587 0.0181313 0.0134171 0.0094223 0.00622096 0.00382581
 0.00863413 0.0140173 0.0210748 0.0297184 0.0396227 0.0500754 0.0599498 0.0679793 0.0732227 0.0753708 0.074694 0.0717629 0.0671949 0.0615368 0.055236 0.0486394 0.0420019 0.0355057 0.0292867 0.0234587 0.0181313 0.0134171 0.0094223 0.00622096 0.00382581
 0.00893213 0.0144893 0.0217594 0.0306362 0.0407641 0.0513864 0.0613222 0.0692594 0.0742436 0.0759977 0.074859 0.0714745 0.0665242 0.0605921 0.0541375 0.0474983 0.0409068 0.0345173 0.028439 0.0227646 0.0175891 0.013015 0.00914099 0.00603694 0.00371414
 0.00877428 0.0142738 0.0215123 0.0304104 0.0406289 0.0514075 0.0615418 0.0696828 0.0748347 0.0766826 0.0755391 0.0720471 0.0669079 0.0607458 0.0540667 0.0472464 0.0405384 0.0340996 0.0280281 0.0223991 0.0172892 0.0127862 0.00897851 0.00592986 0.00364901
 0.0087505 0.014211 0.0213761 0.0301619 0.0402443 0.0509046 0.060996 0.0692169 0.0745783 0.0767218 0.0758817 0.0726222 0.067594 0.0614118 0.0546074 0.0476042 0.040706 0.034109 0.0279319 0.0222515 0.0171338 0.01265 0.00887376 0.0058575 0.00360376
 0.00897611 0.0145633 0.0218761 0.0308105 0.0410125 0.0517253 0.0617651 0.0698144 0.0749097 0.0767586 0.0756741 0.072271 0.0672003 0.0610354 0.0542564 0.0472524 0.0403231 0.0336833 0.0274776 0.0218011 0.016724 0.012309 0.00861429 0.00567707 0.00348926
 0.00880761 0.0143213 0.0215719 0.0304776 0.0406996 0.0514834 0.0616336 0.0698101 0.0750218 0.0769515 0.0759011 0.0724949 0.0674079 0.0612363 0.0544647 0.0474678 0.0405243 0.033839 0.0275641 0.0218149 0.016681 0.0122359 0.00853645 0.00561124 0.00344206
 0.00858329 0.0139465 0.0209929 0.0296482 0.0396041 0.0501654 0.0602159 0.0684829 0.0739932 0.0763809 0.0758507 0.072923 0.0682 0.0622519 0.0555755 0.0485759 0.0415609 0.0347559 0.0283285 0.0224106 0.0171116 0.0125231 0.0087129 0.00571125 0.00349455
 0.0087041 0.014109 0.0211728 0.0297962 0.0396528 0.0500451 0.0598746 0.0679073 0.0732248 0.07552 0.0750392 0.0723049 0.0678763 0.0622512 0.0558558 0.0490508 0.0421331 0.0353408 0.0288641 0.0228582 0.0174543 0.0127625 0.0088647 0.00579815 0.0035393
 0.00895787 0.0145283 0.0218118 0.0306976 0.0408236 0.0514257 0.0613187 0.0691952 0.074119 0.0758428 0.0747336 0.0714508 0.0666576 0.060894 0.0545634 0.0479584 0.0412948 0.0347451 0.0284628 0.0225943 0.0172786 0.0126407 0.00877669 0.00573414 0.00349449
 0.00883472 0.0143601 0.02162 0.030528 0.0407404 0.0514978 0.0615995 0.0697005 0.0748073 0.0766084 0.075425 0.0719154 0.0667972 0.0607013 0.0541202 0.0473975 0.0407474 0.0343003 0.0281537 0.0224084 0.0171811 0.0125946 0.00875479 0.00572142 0.00348506
 0.00866884 0.0140816 0.0211878 0.0299078 0.0399239 0.0505276 0.0605858 0.0688105 0.0742212 0.0764572 0.07574 0.0726157 0.0677179 0.0616515 0.0549445 0.0480176 0.0411662 0.0345738 0.0283494 0.0225741 0.0173347 0.0127329 0.00886798 0.00580362 0.00353777
#pred catch len freq
 0.00556867 0.00874981 0.0126378 0.0170778 0.0219551 0.0271818 0.0326161 0.0380182 0.043098 0.0475962 0.0513325 0.054215 0.0562367 0.0574602 0.0579856 0.0579129 0.0573185 0.0562405 0.0546535 0.0524252 0.049292 0.0449256 0.0391241 0.0320494 0.024329
 0.00583376 0.00910079 0.0130244 0.0174202 0.022187 0.0273077 0.032741 0.0383173 0.0437294 0.048605 0.0526069 0.0555218 0.0573138 0.0581144 0.0581504 0.0576489 0.056765 0.0555428 0.0539003 0.0516248 0.0484001 0.0439058 0.0380016 0.0309196 0.0233171
 0.00638788 0.00993217 0.0141416 0.0187738 0.0236702 0.0287713 0.0340215 0.0392823 0.0443326 0.0489185 0.0527918 0.0557371 0.0576169 0.0584236 0.0582948 0.0574678 0.056188 0.0546062 0.0527033 0.0502694 0.0469576 0.042426 0.0365443 0.0295704 0.0221708
 0.00685634 0.0106754 0.0152252 0.0202436 0.0255399 0.0310025 0.0365001 0.0418089 0.0466467 0.0507607 0.0539832 0.0562372 0.0575231 0.0579049 0.0574966 0.0564487 0.0549269 0.053062 0.0508753 0.0482172 0.0447855 0.0402583 0.0345086 0.0277857 0.0207275
 0.00729394 0.0113529 0.0161851 0.0215119 0.0271336 0.0329349 0.0387713 0.044379 0.0494028 0.0534991 0.0564262 0.0580933 0.0585721 0.0580655 0.0568368 0.055131 0.0531255 0.0509062 0.048447 0.0455887 0.0420573 0.0375704 0.032023 0.0256508 0.0190416
 0.00771889 0.0120124 0.0171202 0.0227435 0.0286651 0.0347555 0.040856 0.0466841 0.0518623 0.0560183 0.0588704 0.0602784 0.0602741 0.0590635 0.0569753 0.0543703 0.0515463 0.0486695 0.0457396 0.0425914 0.0389455 0.034527 0.0292352 0.0232826 0.0171947
 0.00809708 0.0126054 0.0179731 0.0238869 0.0301139 0.036507 0.0428821 0.0489247 0.054226 0.058392 0.0611315 0.0623 0.0619235 0.0601983 0.0574526 0.0540736 0.0504238 0.0467611 0.0431767 0.039573 0.0357082 0.0313192 0.0262919 0.0207925 0.0152663
 0.00846525 0.0131709 0.0187645 0.024914 0.0313741 0.0379928 0.0445812 0.0508108 0.0562474 0.0604657 0.0631472 0.0641322 0.0634466 0.0612965 0.0580217 0.0540213 0.0496799 0.0453004 0.0410464 0.0369077 0.0327217 0.0282741 0.0234526 0.0183738 0.0133914
 0.00884865 0.0137556 0.0195735 0.0259451 0.0326053 0.0393911 0.0461074 0.0524199 0.0578886 0.0620842 0.0646844 0.0655233 0.0646177 0.0621658 0.0585035 0.0540333 0.0491507 0.0441844 0.0393459 0.0346969 0.0301591 0.0255875 0.0208955 0.0161659 0.011667
 0.00927466 0.0144079 0.0204804 0.027107 0.0339976 0.0409697 0.0478099 0.0541655 0.059583 0.0636326 0.0660067 0.0665635 0.0653437 0.0625607 0.0585535 0.0537166 0.0484357 0.0430387 0.0377582 0.0327049 0.0278709 0.0231815 0.0185886 0.0141587 0.0100899
 0.00972621 0.0150966 0.0214327 0.0283192 0.0354404 0.0425962 0.0495581 0.0559548 0.0613142 0.0651962 0.0672979 0.0674995 0.065876 0.0626787 0.0582766 0.0530775 0.0474623 0.0417468 0.0361597 0.0308308 0.0257971 0.0210392 0.0165475 0.0123836 0.00869224
 0.0100168 0.0155638 0.0221257 0.0292792 0.0366914 0.0441315 0.0513258 0.0578536 0.0632058 0.0669305 0.0687382 0.0685403 0.0664525 0.0627701 0.0579032 0.0522901 0.0463261 0.040325 0.0345072 0.0290024 0.0238651 0.0191066 0.0147424 0.0108306 0.00747586
 0.0101893 0.0158383 0.02253 0.0298403 0.0374371 0.0450886 0.0525105 0.0592558 0.0647721 0.0685571 0.0702799 0.0698375 0.0673669 0.0632134 0.0578488 0.0517662 0.0453984 0.0390766 0.0330236 0.0273673 0.022165 0.0174381 0.0132093 0.0095273 0.00646257
 0.0102591 0.0159434 0.0226738 0.0300243 0.0376667 0.0453793 0.0528921 0.0597675 0.0654499 0.0694145 0.0712901 0.0709242 0.0684114 0.0640788 0.0584126 0.0519494 0.0451787 0.0384848 0.0321278 0.0262563 0.0209375 0.0161966 0.0120525 0.00853769 0.00569085
 0.0102355 0.0159076 0.0226252 0.0299643 0.0375994 0.0453128 0.0528405 0.059755 0.0655125 0.0695969 0.0716347 0.0714529 0.0691066 0.0648735 0.059198 0.0526003 0.0455865 0.0385846 0.0319109 0.0257656 0.0202529 0.0154166 0.0112766 0.0078488 0.00514185
 0.0102617 0.0159406 0.0226568 0.0299814 0.0375878 0.0452631 0.052754 0.0596451 0.0654032 0.0695194 0.0716245 0.0715455 0.0693295 0.0652331 0.0596673 0.0531145 0.0460541 0.0389118 0.0320301 0.0256552 0.0199411 0.0149701 0.010779 0.0073783 0.0047529
 0.0104042 0.0161416 0.0229025 0.0302384 0.0378113 0.0454109 0.0527987 0.0595803 0.0652428 0.0692943 0.0713772 0.0713241 0.06918 0.0651908 0.0597473 0.0533041 0.04631 0.039167 0.0322121 0.025709 0.0198482 0.0147525 0.0104887 0.00707595 0.00448811
 0.0104735 0.0162531 0.0230665 0.0304609 0.038088 0.0457221 0.0531061 0.0598321 0.0653882 0.0693017 0.0712465 0.0710874 0.0688909 0.0649096 0.059526 0.0531745 0.0462759 0.0392035 0.0322727 0.0257419 0.0198154 0.0146435 0.0103216 0.00688632 0.00431203
 0.0104446 0.0162157 0.0230288 0.0304377 0.0380987 0.0457854 0.0532329 0.0600192 0.0656142 0.0695274 0.0714248 0.0711783 0.0688777 0.0648062 0.0593715 0.0530175 0.0461563 0.0391388 0.0322546 0.025743 0.0198035 0.0145972 0.0102385 0.00678102 0.00420628
 0.0105076 0.0163012 0.0231268 0.0305299 0.0381662 0.0458188 0.0532401 0.0600235 0.0656436 0.0695997 0.0715366 0.0713042 0.0689796 0.0648495 0.0593403 0.052921 0.0460234 0.0390038 0.0321416 0.025658 0.0197371 0.0145345 0.0101701 0.00670746 0.00413538
