SBPRF35
9.85326
Curr Bio
700420
B35
759754
F35
0.189611
FOFL
0.177004
OFL
100842
Bzero
2.81522e+06
#pred survey bio
 4.0528e+06 3.90471e+06 3.75029e+06 3.5317e+06 3.26327e+06 3.01319e+06 2.71114e+06 2.42796e+06 2.16836e+06 1.91513e+06 1.6862e+06 1.49256e+06 1.31554e+06 1.1872e+06 1.05156e+06 934587 831793 739009 695632 667901 649712 623830 606737 590229 577507 576249 578448 576431 574389 576716 572020 572651 561689 542404 524034 507603 500983 498147 508498 513305 529274 541686 549473 551228 550591 547955 547056 544224 546783 560554 572854 600013 608546 615577 631491 651147 697408 707446 2.5141e+07 1.51596e+07 1.54249e+07 1.60805e+07 1.69742e+07 1.79306e+07 1.88293e+07 1.96084e+07 2.02487e+07 2.0756e+07 2.11482e+07 2.14463e+07 2.16705e+07 2.18381e+07 2.19631e+07 2.20563e+07 2.2126e+07 2.21782e+07 2.22176e+07 2.22473e+07 2.227e+07 2.22873e+07 2.23005e+07 2.23108e+07 2.23187e+07 2.23249e+07 2.23297e+07 2.23334e+07 2.23363e+07 2.23387e+07 2.23405e+07 2.23419e+07 2.2343e+07 2.23439e+07 2.23446e+07 2.23452e+07 2.23456e+07 2.2346e+07 2.23463e+07 2.23465e+07 2.23467e+07 2.23468e+07 2.23469e+07 2.2347e+07 2.23471e+07 2.23472e+07 2.23472e+07 2.23472e+07 2.23473e+07 2.23473e+07 2.23473e+07 2.23473e+07 2.23473e+07 2.23473e+07 2.23473e+07 2.23474e+07 2.23474e+07 2.23474e+07 2.23474e+07 2.23474e+07 2.23474e+07 2.23474e+07 2.23474e+07 2.23474e+07 2.23474e+07 2.23474e+07 2.23474e+07 2.23474e+07 2.23474e+07 2.23474e+07 2.23474e+07 2.23474e+07 2.23474e+07 2.23474e+07 2.23474e+07 2.23474e+07 2.23474e+07 2.23474e+07 2.23474e+07 2.23474e+07 2.23474e+07 2.23474e+07 2.23474e+07 2.23474e+07 2.23474e+07 2.23474e+07 2.23474e+07 2.23474e+07 2.23474e+07 2.23474e+07 2.23474e+07 2.23474e+07 2.23474e+07 2.23474e+07 2.23474e+07 2.23474e+07 2.23474e+07 2.23474e+07 2.23474e+07 2.23474e+07 0 0 0 0 0 0 0 0 0 0 0 0 0 0 0 0 0 0 0 0 0 0 0 0 0
#obs survey bio
 2.89885e+06 3.05602e+06 3.7048e+06 4.23263e+06 2.975e+06 3.24816e+06 2.26414e+06 2.34339e+06 1.91144e+06 1.40173e+06 1.41756e+06 1.45516e+06 1.17498e+06 844872 667448 1.00046e+06 658792 638818 550696 667883 651821 566919 439834 519193 408097 535331 533401 584922 652300 509434 410501 559423 715017 797856 365564 418987 436532 450165 380791 755761 656286 527993 462190 560797 477713 467365 605808 415465 496434 524512 589800 686442 548357 666824 521528 598826 591153 847339
#pred catch bio
 91586.3 94472.9 155862 211818 211153 278554 283512 283876 298576 294675 277450 273083 237441 247328 230335 214533 200526 153805 137712 127166 131076 121184 118544 113258 102593 99691.6 102807 101709 96986.8 101386 94596 101110 103587 98107.1 92931.9 84581.7 85430.8 79619.6 87828.8 80124.3 84229.4 88544.3 93424.7 94990.3 96404 94821.1 96476.5 92670.2 85197.5 88793.2 78836.1 96369.1 98707.5 93203.7 92681.6 74005.6 106214 102599 100842 107667 108397 111828 117406 123590 129378 134304 138245 141261 143496 145112 146259 147061 147616 147995 148253 148428 148545 148624 148676 148711 148734 148750 148760 148767 148771 148774 148776 148778 148778 148779 148779 148780 148780 148780 148780 148780 148780 148780 148780 148780 148780 148780 148780 148780 148780 148780 148780 148780 148780 148780 148780 148780 148780 148780 148780 148780 148780 148780 148780 148780 148780 148780 148780 148780 148780 148780 148780 148780 148780 148780 148780 148780 148780 148780 148780 148780 148780 148780 148780 148780 148780 148780 148780 148780 148780 148780 148780 148780 148780 148780 148780 148780 148780 148780 148780 148780 148780 148780 0 0 0 0 0 0 0 0 0 0 0 0 0 0 0 0 0 0 0 0 0 0 0 0 0
#obs catch bio
 0 94308.3 156566 212761 211553 280904 285758 286259 301458 300108 283125 279621 242912 254667 237158 219402 205501 156823 140395 128985 132581 122992 120414 114835 103641 100944 104514 103025 97854.4 103012 95714.8 102172 103982 98122.1 93122.9 84908 86232.1 80176.7 88624.1 80210.6 84145.6 88519.1 93515.6 94666.1 96355.8 94945.6 96407.1 92760.5 85457.3 89283.6 78922.6 96783.1 99140.4 93365.2 93174.2 73795.6 106908 102553
#pred cpue bio
 3.99473e+06 3.84975e+06 3.69813e+06 3.4811e+06 3.2138e+06 2.96444e+06 2.66364e+06 2.3816e+06 2.12303e+06 1.87083e+06 1.64299e+06 1.45053e+06 1.27495e+06 1.14765e+06 1.01385e+06 899006 798517 708035 665904 639202 621796 596734 580158 564267 552085 550895 553033 551256 549550 552069 547865 549053 539094 520976 503631 487802 480471 476066 485121 489812 505735 518087 525767 527563 526964 524320 523406 520578 522797 535911 547707 574141 582514 589140 604326 623287 668327 678642 2.41691e+07 1.4594e+07 1.47654e+07 1.5316e+07 1.61727e+07 1.71203e+07 1.80173e+07 1.87961e+07 1.94363e+07 1.99436e+07 2.03357e+07 2.06338e+07 2.0858e+07 2.10256e+07 2.11507e+07 2.12439e+07 2.13136e+07 2.13658e+07 2.14051e+07 2.14349e+07 2.14575e+07 2.14748e+07 2.14881e+07 2.14983e+07 2.15063e+07 2.15124e+07 2.15172e+07 2.1521e+07 2.15239e+07 2.15262e+07 2.1528e+07 2.15295e+07 2.15306e+07 2.15315e+07 2.15322e+07 2.15327e+07 2.15332e+07 2.15336e+07 2.15338e+07 2.15341e+07 2.15342e+07 2.15344e+07 2.15345e+07 2.15346e+07 2.15346e+07 2.15347e+07 2.15347e+07 2.15348e+07 2.15348e+07 2.15348e+07 2.15349e+07 2.15349e+07 2.15349e+07 2.15349e+07 2.15349e+07 2.15349e+07 2.15349e+07 2.15349e+07 2.15349e+07 2.15349e+07 2.15349e+07 2.15349e+07 2.15349e+07 2.15349e+07 2.15349e+07 2.15349e+07 2.15349e+07 2.15349e+07 2.15349e+07 2.15349e+07 2.15349e+07 2.15349e+07 2.15349e+07 2.15349e+07 2.15349e+07 2.15349e+07 2.15349e+07 2.15349e+07 2.15349e+07 2.15349e+07 2.15349e+07 2.15349e+07 2.15349e+07 2.15349e+07 2.15349e+07 2.15349e+07 2.15349e+07 2.15349e+07 2.15349e+07 2.15349e+07 2.15349e+07 2.15349e+07 2.15349e+07 2.15349e+07 2.15349e+07 2.15349e+07 2.15349e+07 2.15349e+07 2.15349e+07 2.15349e+07 0 0 0 0 0 0 0 0 0 0 0 0 0 0 0 0 0 0 0 0 0 0 0 0 0
#obs cpue bio
 3.278e+06 2.25995e+06 3.63097e+06 4.70237e+06 2.3098e+06 2.29323e+06 2.67981e+06 2.14917e+06 2.32589e+06 1.06788e+06 1.29831e+06 1.08358e+06 871178 1.06556e+06 1.07568e+06 888973 726855 543718 612259 628770 709995 381341 625085 575558 722018 405382 391993 564328 489957 357498 693930 622773 645513 425080 619197 439856 369621 463900 640584 462112 523122 503247 580280 723476 506258 513762 575737 589339 415723 526588 515072 524620 573826 589374 602548 763400 684265 791611
#pred surv len freq
 0.00530188 0.00854298 0.0127347 0.0178154 0.0236381 0.0299022 0.0361213 0.0417313 0.0463036 0.0496935 0.0520186 0.0535254 0.0544655 0.0550306 0.0553302 0.0553903 0.0551677 0.0545688 0.0534512 0.0516006 0.0487182 0.0444855 0.0387423 0.0316996 0.0240205
 0.00543518 0.00867772 0.0127912 0.0176831 0.0232212 0.0291837 0.0352021 0.0408081 0.0455847 0.0493004 0.0519344 0.0536196 0.0545732 0.0550381 0.055226 0.0552637 0.055162 0.05481 0.0539837 0.0523589 0.0495516 0.0452243 0.0392687 0.031985 0.0241134
 0.00566017 0.00902881 0.0132861 0.0183122 0.023932 0.0298698 0.0357121 0.0409899 0.0453556 0.0487028 0.0511289 0.0528063 0.0538928 0.0545204 0.0548167 0.0549003 0.0548374 0.0545811 0.0539249 0.0525003 0.0498457 0.0455651 0.0395467 0.0321388 0.0241451
 0.0059008 0.00941511 0.013858 0.0191023 0.0249564 0.0311123 0.0371043 0.0423982 0.0465924 0.049568 0.051474 0.0525926 0.0532065 0.0535308 0.0536994 0.0537772 0.0537691 0.0535995 0.0530644 0.0517957 0.0493083 0.0451674 0.0392364 0.0318702 0.0239008
 0.00619675 0.00988167 0.0145337 0.0200148 0.0261205 0.0325241 0.0387316 0.04417 0.0483931 0.0512411 0.0528362 0.0534648 0.0534594 0.0531288 0.052717 0.0523716 0.0521242 0.051877 0.0513839 0.0502391 0.0479282 0.0439904 0.0382665 0.0310969 0.0233088
 0.00644622 0.0102822 0.0151274 0.020838 0.0271979 0.0338601 0.0403 0.0459098 0.0502147 0.0530362 0.0544836 0.0548304 0.0543998 0.0535122 0.0524592 0.0514709 0.0506722 0.0500356 0.0493415 0.0481714 0.0459755 0.0422523 0.0368036 0.0299353 0.022444
 0.00678042 0.0108107 0.0158956 0.0218793 0.0285294 0.0354757 0.042161 0.0479401 0.052307 0.0550683 0.0563342 0.0563861 0.055554 0.0541623 0.0525112 0.0508593 0.0493881 0.0481489 0.0470016 0.0455817 0.0433557 0.0398019 0.0346758 0.0282218 0.0211699
 0.00714111 0.0113783 0.0167148 0.0229804 0.0299241 0.0371521 0.0440756 0.0500143 0.0544346 0.0571317 0.0582196 0.0579912 0.0567881 0.0549414 0.0527557 0.0504968 0.0483695 0.0464742 0.0447455 0.0429033 0.0404817 0.0369859 0.0321479 0.0261433 0.0196092
 0.00754299 0.0120075 0.0176169 0.024182 0.0314299 0.0389401 0.0460906 0.0521657 0.0566061 0.0592006 0.060075 0.0595418 0.0579611 0.0556761 0.0529952 0.0501849 0.0474551 0.04493 0.0425967 0.0402558 0.0375303 0.0339903 0.0293778 0.023814 0.0178335
 0.00791011 0.0126003 0.0185009 0.0254132 0.0330422 0.040926 0.0483831 0.0546356 0.0590836 0.0615117 0.0620737 0.0611252 0.0590672 0.0562718 0.0530624 0.0497069 0.0464116 0.0433046 0.0404017 0.0375649 0.0345037 0.030869 0.0264391 0.0213008 0.0158907
 0.00824682 0.0131378 0.0192922 0.0265035 0.034463 0.0426858 0.0504521 0.056935 0.061487 0.0638603 0.0642001 0.0628784 0.0603325 0.0569808 0.0531885 0.0492505 0.045383 0.041717 0.0382817 0.0349802 0.0315914 0.027843 0.0235591 0.0188084 0.013942
 0.00856949 0.0136468 0.0200297 0.0274996 0.0357328 0.0442243 0.0522269 0.0588821 0.0635152 0.0658624 0.0660631 0.0644896 0.0615852 0.0577829 0.0534726 0.0489797 0.0445486 0.040333 0.0363851 0.0326436 0.0289426 0.0250741 0.0209043 0.0164915 0.0121148
 0.00890415 0.0141783 0.0208058 0.0285551 0.0370827 0.0458528 0.0540775 0.0608566 0.065489 0.0677099 0.0676793 0.0657977 0.0625311 0.0583254 0.0535773 0.048618 0.0437024 0.0390017 0.0345946 0.0304589 0.0264814 0.0225102 0.0184484 0.0143452 0.0104168
 0.00903852 0.0144085 0.0211745 0.0291104 0.0378689 0.0468952 0.0553668 0.062341 0.0670808 0.0693017 0.0691621 0.0670753 0.0635284 0.05899 0.0538744 0.0485236 0.0431987 0.0380798 0.033265 0.0287671 0.0245226 0.0204318 0.0164316 0.0125655 0.00899793
 0.00916731 0.0146316 0.0215357 0.0296598 0.0386523 0.0479379 0.0566561 0.0638191 0.0686516 0.070849 0.070569 0.0682403 0.0643761 0.0594756 0.0539816 0.048256 0.0425693 0.037105 0.031968 0.0271908 0.0227454 0.0185744 0.0146444 0.0109953 0.00774838
 0.00929868 0.0148405 0.0218428 0.0300839 0.0392114 0.0486473 0.0575233 0.0648357 0.0697856 0.0720414 0.0717376 0.0692906 0.065217 0.0600346 0.0542141 0.0481455 0.0421217 0.0363408 0.0309189 0.0259039 0.0212919 0.0170555 0.0131827 0.00971019 0.00672426
 0.00945946 0.015094 0.0222093 0.0305766 0.0398334 0.0493885 0.0583579 0.0657234 0.0706795 0.0728973 0.0725192 0.069966 0.0657524 0.0603916 0.0543539 0.0480373 0.0417499 0.035708 0.0300468 0.0248338 0.0200875 0.0158032 0.0119831 0.00865919 0.00588858
 0.00969269 0.0154544 0.0227163 0.0312351 0.0406325 0.0503014 0.0593397 0.0667118 0.0716026 0.0736875 0.0731267 0.0703662 0.0659437 0.0603863 0.0541667 0.0476776 0.0412209 0.0350123 0.0291945 0.0238511 0.0190215 0.0147213 0.0109647 0.00777809 0.00519438
 0.00973418 0.0155092 0.0227765 0.0312877 0.040667 0.0503189 0.0593593 0.0667687 0.0717362 0.0739258 0.0734743 0.0708011 0.066423 0.0608566 0.0545746 0.0479765 0.0413742 0.0349951 0.0289967 0.0234819 0.0185135 0.0141292 0.0103571 0.00722244 0.00474022
 0.00977162 0.0155586 0.0228291 0.0313276 0.0406741 0.0502759 0.0592593 0.0666211 0.0715692 0.0737838 0.0734083 0.0708537 0.0666126 0.0611688 0.0549649 0.0483821 0.0417291 0.0352431 0.0291003 0.0234277 0.0183143 0.0138227 0.00999769 0.00686784 0.00443647
 0.0098429 0.0156573 0.0229458 0.0314416 0.0407583 0.0503046 0.0592156 0.0665009 0.071383 0.073556 0.0731763 0.0706635 0.0665092 0.061184 0.0551052 0.048624 0.0420236 0.0355286 0.0293187 0.0235387 0.0183044 0.0137066 0.00981172 0.00665745 0.0042421
 0.00993038 0.0158025 0.0231682 0.0317572 0.0411707 0.0507944 0.059733 0.0669714 0.0717258 0.0737107 0.0731223 0.070424 0.0661421 0.060764 0.0547046 0.0482956 0.0417894 0.0353784 0.0292188 0.023448 0.018191 0.0135582 0.00963711 0.00647883 0.00408332
 0.0099061 0.0157705 0.0231347 0.0317349 0.0411783 0.050853 0.0598609 0.0671755 0.0719933 0.0740053 0.0733898 0.070609 0.0662085 0.0607085 0.0545565 0.0481036 0.0416023 0.0352277 0.0291117 0.0233706 0.0181206 0.013477 0.00954053 0.00637495 0.00398615
 0.00992991 0.0158011 0.0231661 0.0317578 0.0411839 0.0508397 0.0598384 0.0671645 0.0720187 0.0740851 0.0735252 0.0707797 0.0663771 0.0608335 0.0546085 0.048077 0.0415151 0.0351112 0.0289947 0.0232687 0.0180347 0.0134 0.00946606 0.00630264 0.00392075
 0.0100923 0.0160296 0.023444 0.0320465 0.0414333 0.051005 0.059895 0.0671139 0.0718853 0.0739082 0.0733481 0.0706386 0.0662906 0.0607979 0.0546014 0.0480687 0.0414833 0.0350492 0.0289105 0.0231767 0.0179468 0.0133216 0.00939773 0.00624383 0.00387196
 0.0100955 0.0160442 0.0234818 0.0321206 0.0415499 0.0511534 0.0600431 0.0672153 0.0718985 0.0738176 0.073174 0.0704294 0.0661027 0.0606735 0.0545561 0.0480909 0.0415443 0.0351177 0.0289641 0.0232064 0.0179542 0.0133133 0.00938024 0.00622245 0.00385069
 0.00994455 0.0158266 0.0232069 0.0318166 0.0412583 0.0509179 0.0598976 0.0671754 0.071957 0.0739451 0.0733288 0.0705735 0.0662172 0.060764 0.0546438 0.048197 0.0416763 0.0352668 0.0291116 0.0233341 0.0180513 0.0133779 0.00941722 0.00623939 0.00385525
 0.00987458 0.0157115 0.0230322 0.0315717 0.040943 0.0505501 0.0595186 0.0668443 0.0717339 0.0738694 0.0734038 0.070767 0.0664766 0.0610374 0.0548972 0.048419 0.0418721 0.0354455 0.0292767 0.0234816 0.0181737 0.0134702 0.0094794 0.00627632 0.0038741
 0.00986126 0.0156837 0.0229789 0.0314779 0.0407927 0.0503321 0.0592328 0.0665079 0.0713827 0.0735536 0.0731765 0.0706685 0.0665203 0.0612052 0.0551479 0.0487054 0.0421562 0.0357055 0.0295044 0.0236749 0.0183318 0.0135924 0.00956688 0.00633334 0.00390747
 0.00967872 0.0154195 0.0226413 0.0310942 0.0404 0.0499629 0.0589046 0.0662232 0.0711378 0.07335 0.0730276 0.0705988 0.0665565 0.0613637 0.0554247 0.0490736 0.0425736 0.0361275 0.0298953 0.0240125 0.0186066 0.0138034 0.00971891 0.00643509 0.00397003
 0.0095046 0.0151554 0.0222804 0.0306458 0.0398904 0.0494338 0.0584089 0.0658159 0.0708618 0.0732218 0.073034 0.0707077 0.066736 0.0615959 0.0557062 0.0494052 0.0429486 0.0365264 0.0302896 0.0243738 0.0189137 0.0140459 0.00989683 0.00655593 0.00404556
 0.00924628 0.0147592 0.0217291 0.0299415 0.039056 0.0485132 0.0574685 0.0649417 0.0701481 0.0727504 0.072854 0.0708235 0.0671098 0.0621628 0.0563942 0.050152 0.0437073 0.037263 0.030976 0.0249847 0.0194288 0.0144539 0.0101982 0.00676223 0.00417561
 0.00911273 0.0145476 0.0214213 0.0295252 0.0385278 0.0478834 0.0567659 0.0642151 0.0694611 0.0721712 0.0724435 0.0706257 0.0671448 0.0624223 0.0568432 0.0507369 0.0443684 0.0379449 0.0316336 0.0255834 0.0199436 0.0148699 0.0105117 0.00698085 0.00431567
 0.00907884 0.0144905 0.0213312 0.0293906 0.0383369 0.0476263 0.0564386 0.0638227 0.0690203 0.0717111 0.072004 0.0702538 0.0668871 0.0623161 0.0569074 0.0509662 0.0447345 0.0384029 0.0321324 0.0260749 0.0203892 0.0152438 0.0108018 0.00718801 0.00445113
 0.00930662 0.0148033 0.0216954 0.0297392 0.0385874 0.0477107 0.0563266 0.0635274 0.0685853 0.0711911 0.0714519 0.0697167 0.0664077 0.0619337 0.0566551 0.050865 0.0447868 0.0385901 0.0324178 0.026412 0.0207313 0.0155529 0.0110542 0.00737505 0.00457687
 0.010273 0.0161938 0.0234514 0.0316852 0.0404733 0.049284 0.0573969 0.0639953 0.0684418 0.0705042 0.0703469 0.0683497 0.0649353 0.0604885 0.0553345 0.0497329 0.0438783 0.037915 0.0319626 0.0261437 0.0206045 0.0155189 0.0110702 0.00740938 0.0046108
 0.0109831 0.0173186 0.0250802 0.0338579 0.0431456 0.0522889 0.060426 0.0666363 0.0702848 0.0712729 0.0699826 0.0670053 0.0628959 0.0580736 0.0528257 0.0473406 0.0417391 0.0361036 0.0305059 0.0250322 0.0198026 0.0149743 0.0107235 0.00720355 0.00449733
 0.0108101 0.0171614 0.0250732 0.0342035 0.0440617 0.0539215 0.0627664 0.0694857 0.0732827 0.0739785 0.0719796 0.0680024 0.0627954 0.0569817 0.0510017 0.0451096 0.0394078 0.0339076 0.028594 0.0234752 0.0186109 0.0141173 0.010146 0.00684058 0.00428562
 0.0103096 0.0164118 0.0240725 0.0330131 0.0428162 0.0528285 0.0620871 0.0694827 0.0741318 0.0756761 0.0743002 0.0705439 0.065098 0.058668 0.0518761 0.0451835 0.0388544 0.032978 0.0275342 0.0224721 0.0177737 0.0134858 0.00971077 0.00656554 0.00412631
 0.0101157 0.0160876 0.0235699 0.0322884 0.0418484 0.0516472 0.060799 0.0682779 0.0732569 0.0753723 0.0747266 0.0717089 0.0668319 0.0606554 0.0537475 0.0466295 0.0397131 0.0332578 0.0273725 0.0220604 0.0172879 0.0130455 0.00937277 0.00633763 0.00398924
 0.0100475 0.0159557 0.0233318 0.0318898 0.0412346 0.0507829 0.0596915 0.0669944 0.0719286 0.0741848 0.0738918 0.0714194 0.0672009 0.0616644 0.0552296 0.0483084 0.0412881 0.0344986 0.0281786 0.0224616 0.0173967 0.0129944 0.00926722 0.00623888 0.00391989
 0.0100048 0.015894 0.0232516 0.031791 0.0411093 0.0506072 0.0594234 0.0665843 0.0713431 0.073435 0.0730525 0.0706275 0.0666267 0.0614623 0.0554811 0.0489826 0.0422425 0.0355264 0.0290832 0.0231207 0.0177858 0.0131652 0.00930288 0.00621433 0.00388267
 0.00992816 0.0157845 0.0231147 0.0316419 0.0409682 0.0504915 0.0593391 0.0665196 0.0712666 0.073302 0.0728218 0.0702857 0.0662104 0.0610615 0.055215 0.0489536 0.0424886 0.0359992 0.0296666 0.0236808 0.0182238 0.0134447 0.00944341 0.00626296 0.00388591
 0.00996175 0.0158269 0.0231564 0.0316679 0.0409642 0.0504518 0.0592718 0.0664439 0.0712014 0.0732524 0.0727717 0.0702026 0.0660632 0.0608428 0.054957 0.048724 0.0423641 0.0360289 0.0298459 0.0239532 0.0185102 0.01368 0.00959843 0.00634348 0.00391604
 0.0100165 0.0159116 0.0232753 0.0318199 0.0411408 0.0506357 0.0594377 0.0665637 0.0712539 0.073231 0.0726856 0.0700682 0.0658929 0.0606404 0.0547254 0.0484779 0.0421368 0.0358637 0.0297749 0.0239794 0.0186047 0.0137981 0.00970153 0.00641258 0.00395174
 0.0100056 0.015906 0.0232887 0.031872 0.041251 0.0508139 0.059676 0.0668341 0.0715148 0.0734386 0.0728062 0.0700864 0.0658122 0.0604786 0.0545064 0.0482266 0.0418796 0.0356293 0.0295914 0.0238651 0.0185598 0.0138045 0.0097326 0.00644561 0.00397489
 0.0100587 0.0159753 0.0233628 0.0319321 0.0412798 0.0508067 0.0596478 0.0668154 0.0715363 0.0735145 0.0729249 0.0702157 0.0659138 0.0605229 0.0544815 0.0481387 0.0417475 0.0354787 0.029449 0.0237529 0.0184895 0.0137749 0.00973208 0.00645884 0.00398973
 0.0102445 0.0162479 0.0237176 0.0323433 0.041705 0.0511963 0.0599553 0.0670071 0.0715987 0.0734593 0.0727846 0.07003 0.0657131 0.0603192 0.054271 0.0479128 0.0415039 0.0352261 0.0292051 0.0235377 0.0183187 0.0136545 0.00965768 0.00641907 0.00397152
 0.0103105 0.0163601 0.0238942 0.0326011 0.0420512 0.0516186 0.0604145 0.0674404 0.0719367 0.0736487 0.0728061 0.0699008 0.0654765 0.0600259 0.053962 0.0476116 0.0412184 0.0349572 0.0289553 0.0233145 0.0181318 0.013511 0.00955817 0.00635734 0.00393742
 0.0102497 0.0162675 0.0237676 0.0324456 0.0418814 0.0514596 0.0602997 0.0674032 0.0719973 0.0738021 0.0730201 0.070128 0.0656734 0.0601679 0.0540466 0.0476507 0.0412268 0.0349455 0.0289292 0.0232786 0.0180918 0.0134737 0.00952889 0.00633816 0.00392713
 0.0101657 0.0161445 0.0236074 0.0322586 0.0416838 0.051269 0.0601324 0.067275 0.071925 0.0738016 0.0731008 0.0702853 0.0658852 0.0603997 0.0542629 0.0478265 0.0413529 0.0350254 0.0289728 0.0232963 0.018093 0.0134662 0.00951886 0.00632958 0.0039216
 0.00999828 0.0158785 0.02322 0.0317368 0.0410312 0.0505144 0.0593357 0.0665229 0.071313 0.0734097 0.0729741 0.0704283 0.0662664 0.0609616 0.0549335 0.0485312 0.0420271 0.0356236 0.0294713 0.0236901 0.0183893 0.0136786 0.00966355 0.00642285 0.00397818
 0.0101371 0.016075 0.0234609 0.0319885 0.0412459 0.0506421 0.0593366 0.0663773 0.0710274 0.0730189 0.0725369 0.0700143 0.0659387 0.0607612 0.0548716 0.0485909 0.0421721 0.0358106 0.0296615 0.0238567 0.0185196 0.0137715 0.00972471 0.00646026 0.00399958
 0.0101964 0.0161799 0.0236328 0.0322478 0.0416018 0.0510783 0.059802 0.0667915 0.0713026 0.0730906 0.0723859 0.0696726 0.0654765 0.0602644 0.0544183 0.0482342 0.0419327 0.0356796 0.0296116 0.023855 0.0185383 0.0137928 0.00974062 0.00646958 0.00400402
 0.0101447 0.0161024 0.0235295 0.0321265 0.0414793 0.0509807 0.0597609 0.0668333 0.0714345 0.073289 0.0725992 0.069839 0.0655502 0.0602343 0.0543101 0.0480957 0.0418123 0.0356092 0.0295991 0.0238886 0.0185967 0.0138552 0.00979362 0.0065078 0.00402815
 0.0101168 0.0160521 0.0234451 0.0319953 0.0412928 0.0507415 0.0594888 0.0665665 0.0712217 0.0731748 0.0726077 0.0699633 0.0657529 0.0604618 0.0545134 0.0482486 0.0419163 0.0356847 0.0296692 0.0239668 0.0186828 0.0139403 0.00986728 0.00656375 0.00406566
 0.00954413 0.0152154 0.0223609 0.0307397 0.0399801 0.0494887 0.0583901 0.0656875 0.0706095 0.0728663 0.0726294 0.0703202 0.0664176 0.0613693 0.055569 0.0493481 0.0429694 0.0366309 0.0304808 0.0246397 0.0192241 0.0143602 0.0101774 0.00677841 0.00420313
 0.00898122 0.0143799 0.0212539 0.0294203 0.0385562 0.0480957 0.057168 0.0647601 0.0700607 0.0727213 0.0728517 0.0708341 0.0671404 0.0622337 0.0565246 0.0503493 0.0439662 0.0375716 0.0313215 0.025353 0.0198007 0.0148046 0.0105025 0.00700222 0.00434645
#obs surv len freq
 nan nan nan nan nan nan nan nan nan nan nan nan nan nan nan nan nan nan nan nan nan nan nan nan nan
 0.00448328 0.0073439 0.0111731 0.0159887 0.0216888 0.0279638 0.0342777 0.0400091 0.0446891 0.0481537 0.0505126 0.0520095 0.0529029 0.0534163 0.0537313 0.0539869 0.0542659 0.0545589 0.0546978 0.0542898 0.0527278 0.0493597 0.0438092 0.0362887 0.0276717
 0.00461565 0.007561 0.011503 0.0164576 0.0223147 0.0287463 0.0351884 0.0409889 0.0456565 0.049021 0.0512027 0.0524673 0.0531004 0.0533531 0.0534298 0.0534845 0.0536064 0.053785 0.0538487 0.0534025 0.0518411 0.0485169 0.0430551 0.0356614 0.0271923
 0.00477422 0.00782112 0.0118989 0.0170227 0.0230753 0.0297112 0.0363372 0.0422668 0.0469792 0.0502878 0.0523117 0.053328 0.0536436 0.0535382 0.0532485 0.0529584 0.0527807 0.0527192 0.0526089 0.0520589 0.0504688 0.047196 0.0418651 0.0346679 0.0264316
 0.00496903 0.00813832 0.0123773 0.0176991 0.0239776 0.0308483 0.0376871 0.0437719 0.0485527 0.0518276 0.0537135 0.0544942 0.0544885 0.0539935 0.05327 0.0525317 0.051924 0.0514816 0.051066 0.0503081 0.0486255 0.0453875 0.040217 0.0332828 0.0253671
 0.00518174 0.00848804 0.0129108 0.0184623 0.0250063 0.0321539 0.0392422 0.045506 0.0503626 0.0535975 0.0553327 0.0558656 0.0555295 0.0546343 0.0534543 0.0522214 0.0511058 0.0501758 0.0493327 0.0482505 0.0463872 0.0431405 0.0381376 0.0315181 0.0240026
 0.00542294 0.00888091 0.0135037 0.0193012 0.0261271 0.0335689 0.040926 0.0473894 0.05234 0.0555457 0.0571296 0.0574028 0.0567173 0.0554014 0.0537448 0.0519928 0.0503312 0.048853 0.047499 0.0459973 0.0438661 0.0405531 0.0357036 0.0294282 0.022374
 0.00564488 0.00924725 0.0140654 0.0201093 0.0272231 0.0349692 0.0426064 0.0492796 0.0543344 0.0575236 0.058974 0.0590094 0.0579967 0.0562784 0.054157 0.0518892 0.0496739 0.0476243 0.0457167 0.0437346 0.0412672 0.0378283 0.0330966 0.0271607 0.02059
 0.00589259 0.00965066 0.0146741 0.0209705 0.0283735 0.0364216 0.0443355 0.0512152 0.0563702 0.059536 0.0608416 0.0606255 0.0592742 0.0571484 0.0545652 0.0517906 0.0490315 0.0464143 0.0439444 0.0414582 0.0386186 0.0350154 0.0303732 0.0247676 0.0186914
 0.00613681 0.0100541 0.0152927 0.02186 0.0295772 0.0379525 0.0461583 0.0532423 0.0584761 0.0615839 0.0627064 0.0622055 0.0604918 0.0579463 0.0549007 0.0516302 0.0483469 0.0451856 0.0421737 0.0391933 0.0359781 0.0321962 0.0276253 0.0223362 0.0167499
 0.00637075 0.0104354 0.0158689 0.0226769 0.0306716 0.0393399 0.0478181 0.0551103 0.0604503 0.0635406 0.0645199 0.0637632 0.0617033 0.0587469 0.0552475 0.0514954 0.0477107 0.0440353 0.0405136 0.0370663 0.0334902 0.0295275 0.0250095 0.020008 0.0148802
 0.00662474 0.0108502 0.0164965 0.0235656 0.0318562 0.0408252 0.0495642 0.0570294 0.0624211 0.065434 0.0662198 0.0651764 0.0627595 0.0593956 0.0554551 0.0512415 0.0469842 0.0428335 0.0388486 0.0349824 0.0310861 0.0269676 0.0225084 0.0177829 0.0130912
 0.00684699 0.0112189 0.0170647 0.0243871 0.0329732 0.0422509 0.0512645 0.0589171 0.0643692 0.0673014 0.0678773 0.0665225 0.0637253 0.0599413 0.0555634 0.0509083 0.046212 0.0416299 0.037233 0.0330014 0.0288319 0.0245887 0.0201964 0.0157315 0.0114432
 0.00706138 0.011571 0.0176014 0.0251546 0.0340083 0.0435667 0.0528353 0.0606712 0.0661969 0.0690738 0.069467 0.0678199 0.0646488 0.0604417 0.0556219 0.0505291 0.0454124 0.040434 0.0356737 0.0311312 0.0267395 0.0224079 0.0180953 0.0138778 0.00995921
 0.00725856 0.0118928 0.0180881 0.0258443 0.0349298 0.0447278 0.0542106 0.062198 0.0677831 0.0706142 0.0708592 0.0689737 0.065491 0.0609196 0.0557047 0.0502082 0.0446984 0.0393521 0.0342628 0.0294495 0.024874 0.02048 0.016251 0.0122597 0.00866889
 0.00742028 0.0121581 0.0184915 0.0264194 0.0357021 0.0457042 0.0553689 0.063483 0.0691152 0.0719046 0.0720242 0.0699425 0.066208 0.061343 0.055806 0.0499723 0.0441238 0.0384527 0.0330698 0.0280162 0.0232812 0.0188369 0.0146847 0.0108906 0.00758068
 0.007534 0.0123455 0.0187786 0.0268322 0.0362623 0.0464214 0.0562322 0.0644576 0.070146 0.0729262 0.0729705 0.0707541 0.066835 0.0617471 0.0559597 0.0498574 0.0437321 0.0377873 0.0321499 0.0268827 0.0220019 0.0175058 0.0134106 0.00977542 0.0066945
 0.00758065 0.0124193 0.0188866 0.0269814 0.0364613 0.046681 0.0565647 0.0648734 0.0706485 0.0735066 0.0736049 0.0714034 0.0674497 0.0622729 0.0563447 0.0500576 0.0437147 0.0375344 0.0316622 0.0261845 0.0211447 0.0165669 0.0124824 0.00894635 0.00602705
 0.00764786 0.0125174 0.0190135 0.0271286 0.0366167 0.0468346 0.056713 0.0650221 0.0708114 0.0737022 0.0738504 0.0717071 0.0678039 0.0626509 0.0567032 0.0503441 0.0438775 0.0375318 0.0314709 0.0258062 0.0206103 0.0159343 0.011827 0.00834308 0.00553188
 0.00772541 0.0126398 0.0191903 0.0273637 0.0369056 0.0471607 0.0570466 0.0653248 0.071048 0.0738545 0.0739247 0.0717312 0.0678139 0.0626758 0.0567526 0.0504043 0.0439153 0.0375052 0.0313422 0.0255551 0.0202425 0.0154833 0.0113466 0.00789185 0.00515611
 0.0077713 0.0127112 0.0192917 0.0274976 0.0370719 0.0473564 0.0572644 0.0655515 0.0712642 0.0740378 0.0740559 0.0718012 0.0678286 0.062654 0.0567184 0.0503747 0.0438912 0.0374692 0.0312659 0.0254121 0.0200216 0.0151962 0.0110256 0.00757904 0.00488842
 0.00783355 0.0128042 0.0194164 0.0276495 0.0372423 0.0475351 0.0574412 0.0657173 0.0714115 0.0741599 0.074147 0.0718561 0.0678437 0.0626301 0.0566624 0.0502987 0.0438068 0.0373802 0.0311656 0.0252862 0.0198584 0.0149954 0.0108024 0.00735895 0.00469704
 0.00786466 0.0128546 0.0194915 0.0277532 0.0373749 0.0476908 0.0576074 0.0658759 0.0715443 0.0742554 0.0742028 0.0718774 0.0678384 0.0626041 0.0566191 0.0502403 0.043736 0.0372997 0.0310754 0.0251828 0.0197365 0.0148542 0.0106489 0.00720764 0.00456411
 0.00786545 0.0128563 0.019495 0.0277601 0.0373878 0.0477133 0.0576432 0.0659275 0.0716109 0.0743316 0.0742801 0.0719469 0.0678935 0.0626426 0.0566413 0.0502475 0.0437291 0.0372788 0.0310397 0.025131 0.0196677 0.0147693 0.0105533 0.00711088 0.00447716
 0.00786309 0.0128472 0.0194719 0.0277137 0.0373104 0.0476037 0.0575106 0.0657914 0.071496 0.0742605 0.074266 0.0719908 0.0679856 0.062766 0.0567776 0.0503809 0.043848 0.0373758 0.0311105 0.0251733 0.0196813 0.0147568 0.0105206 0.00706681 0.0044315
 0.00788746 0.0128787 0.019504 0.0277346 0.0373056 0.04756 0.0574212 0.0656588 0.0713338 0.0740911 0.0741172 0.0718885 0.067947 0.0627946 0.0568635 0.0505047 0.0439876 0.0375114 0.0312277 0.0252633 0.0197405 0.0147864 0.0105256 0.00705505 0.00441172
 0.00788235 0.012872 0.0194964 0.0277268 0.0372964 0.0475448 0.0573913 0.0656037 0.071246 0.0739716 0.0739782 0.0717521 0.067839 0.0627369 0.0568675 0.0505685 0.0440971 0.0376457 0.0313648 0.0253854 0.0198363 0.0148518 0.0105626 0.00707003 0.00441265
 0.00788988 0.0128798 0.0195004 0.0277208 0.0372747 0.0475047 0.0573353 0.0655382 0.0711774 0.0739028 0.0739085 0.0716804 0.0677687 0.0626779 0.0568337 0.050572 0.0441425 0.0377275 0.0314689 0.0254942 0.0199339 0.0149281 0.0106142 0.00709948 0.00442586
 0.00787632 0.0128588 0.0194705 0.027681 0.0372237 0.0474416 0.0572593 0.0654508 0.0710834 0.0738109 0.0738288 0.0716213 0.0677342 0.062668 0.0568472 0.0506089 0.0442038 0.0378126 0.0315726 0.0256061 0.0200411 0.0150192 0.0106828 0.00714492 0.00445203
 0.00785934 0.0128276 0.0194173 0.0275971 0.0371027 0.0472833 0.0570734 0.0652557 0.0709019 0.0736632 0.0737283 0.0715736 0.0677384 0.0627189 0.0569367 0.0507275 0.0443426 0.0379637 0.0317287 0.025759 0.0201819 0.0151391 0.0107761 0.00721052 0.00449334
 0.00785842 0.0128244 0.0194089 0.0275791 0.0370691 0.0472275 0.05699 0.065143 0.0707644 0.0735129 0.0735832 0.0714531 0.0676585 0.062688 0.056955 0.0507891 0.0444377 0.0380815 0.0318585 0.0258908 0.0203062 0.0152478 0.0108634 0.00727425 0.0045353
 0.00782637 0.0127728 0.0193323 0.0274731 0.036932 0.0470618 0.0568036 0.0649492 0.0705791 0.0733513 0.0734573 0.0713719 0.0676279 0.0627116 0.0570321 0.050914 0.0446 0.0382674 0.0320532 0.0260804 0.0204788 0.0153945 0.0109792 0.00735851 0.00459124
 0.0078029 0.0127347 0.019275 0.0273925 0.0368252 0.0469286 0.056648 0.06478 0.070409 0.0731945 0.0733273 0.0712791 0.0675794 0.0627107 0.0570792 0.0510063 0.0447314 0.0384281 0.0322304 0.0262599 0.020647 0.0155405 0.0110963 0.00744477 0.00464929
 0.00775712 0.0126607 0.0191647 0.0272394 0.0366263 0.0466876 0.0563775 0.0645017 0.0701496 0.0729796 0.073176 0.071202 0.0675784 0.0627809 0.0572112 0.0511881 0.0449497 0.0386689 0.0324792 0.0265017 0.0208678 0.015729 0.0112458 0.00755422 0.00472271
 0.00773546 0.0126187 0.0190893 0.0271147 0.0364383 0.0464307 0.0560609 0.0641503 0.0697995 0.0726694 0.0729383 0.0710585 0.0675381 0.0628411 0.0573595 0.0514064 0.0452168 0.0389635 0.0327809 0.026792 0.0211307 0.0159521 0.0114223 0.00768321 0.00480924
 0.00933019 0.0148539 0.0217926 0.0299037 0.0388303 0.0480186 0.0566535 0.0638018 0.0687335 0.0711654 0.0712462 0.0693628 0.0659583 0.0614449 0.0561772 0.050442 0.0444576 0.0383872 0.0323608 0.0265 0.0209393 0.0158356 0.0113575 0.00765127 0.00479583
 0.00931252 0.0151206 0.0227149 0.0319424 0.0423359 0.0529605 0.0624479 0.0694049 0.0730103 0.0733346 0.0711377 0.0673645 0.0627465 0.057696 0.0523984 0.0469383 0.0413763 0.0357777 0.0302206 0.0248005 0.0196381 0.0148815 0.0106932 0.00721608 0.00453002
 0.00897413 0.0145861 0.0219617 0.0310173 0.0414104 0.0523689 0.0626484 0.0708173 0.0757662 0.0770905 0.075115 0.0706446 0.0646539 0.0580332 0.0514198 0.0451373 0.0392515 0.0336952 0.0283866 0.0232978 0.0184747 0.0140271 0.0100996 0.00682851 0.00429416
 0.00879298 0.0142838 0.0214928 0.0303377 0.0404938 0.0512386 0.061418 0.0697198 0.0751367 0.0772752 0.0763163 0.0727734 0.0672935 0.0605735 0.0533046 0.0460775 0.0392848 0.0330872 0.0274683 0.0223396 0.0176385 0.0133776 0.00963856 0.0065263 0.00411103
 0.00872425 0.0141658 0.0213025 0.0300476 0.0400751 0.0506686 0.0606929 0.0688707 0.0742476 0.0764954 0.0758513 0.0728334 0.068002 0.0618751 0.054941 0.0476702 0.0404898 0.0337286 0.0275741 0.0220773 0.0172109 0.0129432 0.00928364 0.00627567 0.00395346
 0.00868308 0.0140982 0.0211992 0.0298982 0.0398683 0.0503932 0.0603401 0.068437 0.0737404 0.0759421 0.075311 0.0724047 0.0678118 0.0620391 0.0555022 0.0485518 0.0415019 0.0346394 0.0282075 0.0223759 0.0172314 0.012801 0.00909024 0.0061028 0.0038294
 0.00869423 0.0141097 0.0212041 0.0298855 0.039825 0.0503078 0.0602051 0.0682497 0.0735014 0.0756545 0.0749837 0.0720611 0.0674984 0.0618263 0.0554679 0.0487467 0.0419133 0.03518 0.0287452 0.0227912 0.0174658 0.012868 0.00904877 0.00601857 0.00374806
 0.00868219 0.0140944 0.0211884 0.0298735 0.0398195 0.0503066 0.060199 0.068224 0.0734406 0.075548 0.0748294 0.0718663 0.0672807 0.0616156 0.0553067 0.0486827 0.041981 0.0353795 0.0290324 0.0230922 0.0177094 0.013016 0.00910432 0.00601221 0.00371543
 0.00867763 0.014087 0.0211778 0.0298598 0.0398041 0.0502925 0.0601902 0.0682231 0.0734459 0.0755509 0.0748164 0.0718233 0.0672001 0.0615015 0.0551774 0.0485687 0.0419166 0.03539 0.0291205 0.0232337 0.0178626 0.0131414 0.00918115 0.0060425 0.00371527
 0.00864235 0.0140346 0.0211079 0.0297756 0.0397114 0.0501985 0.0601029 0.0681506 0.0733957 0.0755284 0.0748218 0.0718503 0.0672365 0.0615337 0.0551963 0.048575 0.0419224 0.0354133 0.0291755 0.0233216 0.0179695 0.0132448 0.00926163 0.00609209 0.00373777
 0.00865027 0.0140427 0.0211115 0.029768 0.0396861 0.0501529 0.0600405 0.0680808 0.0733303 0.0754777 0.0747911 0.07184 0.0672424 0.061549 0.0552132 0.048588 0.0419309 0.0354226 0.0291945 0.023357 0.0180205 0.0133027 0.00931474 0.0061315 0.00376111
 0.00864505 0.0140367 0.0211068 0.0297671 0.0396905 0.0501606 0.0600454 0.0680748 0.0733074 0.0754375 0.0747407 0.0717905 0.0672041 0.0615274 0.0552078 0.0485942 0.0419433 0.0354382 0.0292137 0.023382 0.0180525 0.0133395 0.00935092 0.00616144 0.00378174
 0.00864448 0.0140339 0.0210995 0.0297527 0.039667 0.0501291 0.0600101 0.0680417 0.0732814 0.0754199 0.0747288 0.0717804 0.0671944 0.0615197 0.055206 0.0486009 0.0419587 0.0354602 0.02924 0.0234109 0.0180833 0.0133707 0.00938023 0.00618603 0.00379975
 0.00863033 0.0140129 0.0210715 0.0297185 0.0396281 0.0500867 0.0599653 0.067996 0.0732378 0.075383 0.0747037 0.0717705 0.0671996 0.0615375 0.0552326 0.0486333 0.0419952 0.0354995 0.0292807 0.0234514 0.0181219 0.0134059 0.00941051 0.00621019 0.00381724
 0.00860846 0.0139777 0.0210195 0.0296472 0.0395375 0.0499804 0.0598515 0.0678869 0.0731461 0.0753192 0.0746728 0.0717727 0.0672317 0.0615939 0.0553065 0.0487177 0.0420832 0.0355859 0.0293615 0.0235243 0.0181851 0.0134585 0.00945213 0.00624112 0.00383853
 0.00860846 0.0139777 0.0210195 0.0296472 0.0395375 0.0499804 0.0598515 0.0678869 0.0731461 0.0753192 0.0746728 0.0717727 0.0672317 0.0615939 0.0553065 0.0487177 0.0420832 0.0355859 0.0293615 0.0235243 0.0181851 0.0134585 0.00945213 0.00624112 0.00383853
 0.00845131 0.0137317 0.0206675 0.0291824 0.038967 0.04933 0.0591695 0.0672417 0.0726139 0.0749653 0.0745364 0.0718589 0.0675153 0.0620288 0.0558374 0.04929 0.0426509 0.0361143 0.0298283 0.0239174 0.0185011 0.0137002 0.00962702 0.00636001 0.00391379
 0.00855114 0.0138714 0.0208356 0.0293525 0.0391034 0.0493977 0.0591435 0.0671126 0.0723897 0.0746707 0.0742096 0.0715455 0.0672584 0.0618595 0.0557682 0.0493147 0.0427486 0.0362576 0.0299901 0.0240758 0.0186413 0.0138146 0.00971365 0.00642088 0.00395334
 0.00865559 0.0140506 0.0211204 0.0297711 0.0396674 0.0500836 0.0598809 0.0677912 0.0728899 0.0749025 0.0741408 0.0712062 0.0667238 0.0612241 0.0551222 0.0487272 0.0422608 0.035883 0.0297214 0.0238943 0.0185252 0.0137439 0.00967285 0.00639873 0.00394219
 0.00852901 0.0138621 0.0208704 0.0294763 0.0393614 0.0498148 0.0597052 0.0677577 0.0730209 0.0751772 0.0744955 0.0715559 0.0669948 0.0613793 0.0551673 0.0486984 0.042204 0.0358359 0.0297042 0.0239095 0.0185635 0.013792 0.00971923 0.00643643 0.00396897
 0.00861966 0.0139885 0.0210224 0.0296316 0.0394937 0.0499049 0.0597508 0.0677753 0.0730386 0.0752224 0.0745808 0.0716698 0.0671034 0.0614389 0.0551439 0.048583 0.0420162 0.0356142 0.0294891 0.0237304 0.0184329 0.0137079 0.00967115 0.00641218 0.00395832
 0.00844743 0.0137294 0.020671 0.0291964 0.0389939 0.0493663 0.0592038 0.0672579 0.0725986 0.0749143 0.0744556 0.0717595 0.067406 0.0619129 0.0557165 0.0491715 0.0425521 0.0360585 0.0298346 0.0239905 0.0186278 0.0138545 0.00978025 0.00649022 0.00401054
 0.00864816 0.0140258 0.0210613 0.0296585 0.0394901 0.049852 0.0596339 0.0675889 0.0727911 0.0749398 0.0743072 0.0714599 0.0670067 0.0614802 0.0553099 0.0488261 0.0422733 0.0358324 0.0296435 0.0238246 0.0184869 0.0137426 0.00969941 0.00643778 0.00398015
#pred catch len freq
 0.00441393 0.0069993 0.0102386 0.0140624 0.0184252 0.0232816 0.0285166 0.033916 0.0392113 0.0441483 0.0485294 0.0522295 0.0551994 0.0574543 0.0590408 0.0599991 0.0603411 0.0600399 0.0590103 0.0570728 0.0539362 0.0492735 0.0429217 0.035123 0.0266158
 0.00452956 0.00712429 0.0103143 0.014006 0.0181649 0.0228044 0.0278972 0.0332992 0.0387465 0.0439138 0.0484942 0.0522744 0.0551849 0.057294 0.0587471 0.0596822 0.0601624 0.0601386 0.0594355 0.0577532 0.0547083 0.0499538 0.0433848 0.0353413 0.0266449
 0.00475288 0.00746594 0.0107834 0.0145831 0.0187916 0.0233788 0.028287 0.033381 0.0384651 0.0433247 0.0477505 0.0515531 0.0545984 0.0568495 0.0583797 0.0593315 0.059833 0.0599038 0.0593837 0.0579205 0.0550431 0.050339 0.0436994 0.0355171 0.0266844
 0.00500701 0.0078644 0.0113561 0.0153487 0.0197536 0.0245174 0.0295436 0.0346442 0.0395719 0.0440933 0.048039 0.0513196 0.0539218 0.0558913 0.0573082 0.058262 0.0588217 0.0589819 0.0585887 0.0572907 0.0545892 0.050027 0.043467 0.0353099 0.0264816
 0.00529255 0.00830793 0.0119865 0.0161828 0.0207987 0.0257726 0.0309946 0.0362495 0.041248 0.0457052 0.0494062 0.0522479 0.054257 0.0555754 0.0564024 0.056921 0.0572341 0.0573163 0.0569703 0.0558044 0.0532872 0.048931 0.0425731 0.0345999 0.0259357
 0.00558658 0.00876739 0.0126443 0.0170599 0.0219044 0.0271044 0.0325342 0.0379577 0.0430615 0.0475349 0.051135 0.0537285 0.0553214 0.0560631 0.0562061 0.0560277 0.0557375 0.0553908 0.0548222 0.053626 0.0512311 0.047104 0.0410384 0.033383 0.02503
 0.00593453 0.00930789 0.0134121 0.0180742 0.0231706 0.0286161 0.0342695 0.0398724 0.0450846 0.0495712 0.053071 0.0554388 0.0566724 0.0569181 0.056438 0.0555449 0.0545171 0.0535031 0.0524286 0.0509493 0.0485111 0.0445566 0.0388269 0.0316034 0.0237077
 0.0063141 0.0098951 0.0142415 0.0191613 0.0245152 0.0302057 0.0360775 0.041852 0.0471659 0.0516627 0.0550663 0.0572228 0.0581272 0.057927 0.056889 0.0553385 0.0535853 0.0518378 0.0501089 0.0481501 0.0454823 0.0415767 0.0361469 0.0293985 0.0220519
 0.00676104 0.0105828 0.015205 0.0204104 0.0260385 0.031976 0.0380522 0.0439687 0.0493413 0.0537978 0.0570554 0.0589613 0.0595168 0.0588766 0.0573135 0.0551577 0.0527308 0.0502723 0.0478576 0.0453299 0.0423101 0.0383408 0.0331466 0.0268721 0.0201247
 0.00717681 0.0112366 0.0161484 0.021678 0.0276439 0.0339065 0.0402584 0.0463593 0.0517895 0.05616 0.059192 0.0607521 0.0608675 0.0597187 0.0575969 0.0548414 0.051777 0.0486546 0.0455857 0.0424852 0.0390711 0.0349764 0.0299655 0.024145 0.0180135
 0.00755561 0.0118283 0.0169957 0.0228097 0.0290768 0.0356451 0.0422872 0.0486295 0.0542087 0.0585932 0.0614757 0.0627189 0.0623737 0.0606627 0.0579229 0.0545271 0.0508176 0.0470548 0.0433707 0.0397289 0.0359271 0.0316849 0.0268181 0.0214132 0.0158738
 0.00794591 0.012431 0.0178447 0.0239189 0.0304439 0.0372562 0.0441162 0.0506325 0.0563193 0.0607216 0.0635109 0.0645341 0.063837 0.0616537 0.0583487 0.0543324 0.0499828 0.0455896 0.041314 0.0371618 0.0329943 0.0286042 0.0238554 0.0188225 0.0138282
 0.00829069 0.0129694 0.0186147 0.0249426 0.0317273 0.038787 0.0458592 0.0525251 0.058275 0.0626404 0.0652912 0.0660804 0.0650621 0.062479 0.0587051 0.0541644 0.0492545 0.0442914 0.0394711 0.0348469 0.0303413 0.0258109 0.0211613 0.0164575 0.0119517
 0.00853257 0.0133541 0.0191783 0.0257154 0.0327302 0.0400267 0.0473189 0.0541575 0.060002 0.0643623 0.0669001 0.0674743 0.0661558 0.0632083 0.0590251 0.0540426 0.0486668 0.0432257 0.0379384 0.0328994 0.028088 0.023421 0.018843 0.0144123 0.0103213
 0.00871751 0.0136551 0.0196327 0.0263599 0.0335965 0.0411324 0.0486558 0.0556828 0.0616384 0.0660059 0.0684344 0.0687864 0.0671515 0.0638231 0.0592259 0.0538211 0.0480293 0.0421856 0.0365198 0.0311507 0.0260993 0.0213312 0.016825 0.0126352 0.00890483
 0.00890037 0.0139381 0.0200335 0.0268895 0.0342625 0.0419427 0.0496164 0.05679 0.062867 0.0673019 0.0697151 0.0699506 0.0680971 0.0644647 0.0595071 0.0537171 0.0475415 0.0413338 0.0353383 0.0296924 0.0244461 0.0195994 0.0151557 0.011166 0.00773323
 0.00911594 0.0142697 0.0204974 0.0274887 0.034988 0.0427757 0.0505296 0.0577488 0.0638333 0.0682379 0.0705852 0.0707173 0.0687165 0.064887 0.0596832 0.0536088 0.0471291 0.0406197 0.034347 0.0284715 0.0230688 0.0181652 0.0137807 0.00996055 0.00677434
 0.00925066 0.0144799 0.0207979 0.0278888 0.0354919 0.043382 0.0512289 0.0585193 0.0646394 0.0690332 0.0713195 0.0713451 0.0692023 0.0652057 0.0598154 0.0535367 0.0468373 0.0400999 0.0336063 0.0275396 0.022002 0.0170446 0.0127016 0.00901259 0.00601959
 0.00925897 0.0144866 0.0207963 0.0278714 0.0354557 0.0433365 0.0512007 0.0585496 0.0647724 0.0693003 0.0717262 0.071867 0.06979 0.0657955 0.0603419 0.0539413 0.0470727 0.0401337 0.0334245 0.0271516 0.0214453 0.0163832 0.0120158 0.0083814 0.00550163
