SBPRF35
8.21282
Curr Bio
657525
B35
572759
F35
0.208554
FOFL
0.208554
OFL
106330
Bzero
2.34652e+006
#pred survey bio
 2.77208e+006 2.58757e+006 2.35133e+006 2.18053e+006 2.03331e+006 1.84034e+006 1.60834e+006 1.38606e+006 1.25672e+006 1.16538e+006 1.08174e+006 941935 815855 746544 693321 682671 681937 690228 676992 616784 560269 536809 550457 587078 601456 613761 566105 547947 539852 544606 509927 500916 513394 520585 528917 537923 553680 546203 552624 578576 592627 585565 577381 626267 681960 654759 579027 497665 489994 515133 606909 649264 673008 665520 1.51689e+007 1.37517e+007 1.39075e+007 1.44133e+007 1.5098e+007 1.58099e+007 1.64579e+007 1.70021e+007 1.74358e+007 1.77697e+007 1.80209e+007 1.82072e+007 1.83443e+007 1.84448e+007 1.85184e+007 1.85725e+007 1.86123e+007 1.86419e+007 1.86638e+007 1.86803e+007 1.86926e+007 1.8702e+007 1.87091e+007 1.87145e+007 1.87186e+007 1.87218e+007 1.87242e+007 1.87261e+007 1.87276e+007 1.87287e+007 1.87295e+007 1.87302e+007 1.87307e+007 1.87311e+007 1.87315e+007 1.87317e+007 1.87319e+007 1.8732e+007 1.87322e+007 1.87322e+007 1.87323e+007 1.87324e+007 1.87324e+007 1.87324e+007 1.87325e+007 1.87325e+007 1.87325e+007 1.87325e+007 1.87325e+007 1.87325e+007 1.87325e+007 1.87325e+007 1.87325e+007 1.87325e+007 1.87326e+007 1.87326e+007 1.87326e+007 1.87326e+007 1.87326e+007 1.87326e+007 1.87326e+007 1.87326e+007 1.87326e+007 1.87326e+007 1.87326e+007 1.87326e+007 1.87326e+007 1.87326e+007 1.87326e+007 1.87326e+007 1.87326e+007 1.87326e+007 1.87326e+007 1.87326e+007 1.87326e+007 1.87326e+007 1.87326e+007 1.87326e+007 1.87326e+007 1.87326e+007 1.87326e+007 1.87326e+007 1.87326e+007 1.87326e+007 1.87326e+007 1.87326e+007 1.87326e+007 1.87326e+007 1.87326e+007 1.87326e+007 1.87326e+007 1.87326e+007 1.87326e+007 1.87326e+007 1.87326e+007 1.87326e+007 1.87326e+007 1.87326e+007 1.87326e+007 1.87326e+007 0 0 0 0 0 0 0 0 0 0 0 0 0 0 0 0 0 0 0 0 0 0 0 0 0
#obs survey bio
 2.48387e+006 2.77443e+006 2.3367e+006 1.91137e+006 2.44798e+006 2.24098e+006 1.9908e+006 1.66258e+006 898514 1.2077e+006 913363 767961 650524 580917 736649 703349 556079 1.03296e+006 842150 796497 540971 461459 519725 446196 551389 896415 536973 581050 586516 669654 434364 411481 483930 490312 485580 494844 670566 566358 463130 647698 545028 656234 516590 799358 601136 738779 400016 674424 375974 631778 624608 904180 672658 743852
#pred catch bio
 300734 302876 291055 308231 311095 286189 306801 268772 272692 250707 244532 206295 183143 177160 138394 144368 137602 117858 114302 108941 109862 99972.3 97680.4 110688 99420.7 100610 95234.6 93654.5 85432 94914 94191.3 92185 90984 86151.5 85789.6 84077.4 90942.1 89545.8 92788 87026.6 98006.1 95625.6 92841.4 92131.7 101272 88195.2 121703 47926.1 74236 38167.9 94986.8 102476 120874 122263 106330 105008 104911 107642 112143 116945 121270 124810 127532 129535 130962 131952 132628 133082 133383 133581 133711 133795 133849 133884 133906 133921 133930 133936 133940 133942 133943 133944 133945 133945 133946 133946 133946 133946 133946 133946 133946 133946 133946 133946 133946 133946 133946 133946 133946 133946 133946 133946 133946 133946 133946 133946 133946 133946 133946 133946 133946 133946 133946 133946 133946 133946 133946 133946 133946 133946 133946 133946 133946 133946 133946 133946 133946 133946 133946 133946 133946 133946 133946 133946 133946 133946 133946 133946 133946 133946 133946 133946 133946 133946 133946 133946 133946 133946 133946 133946 133946 133946 133946 133946 0 0 0 0 0 0 0 0 0 0 0 0 0 0 0 0 0 0 0 0 0 0 0 0 0
#obs catch bio
 241982 302554 290902 308989 311389 285277 307050 268515 274173 251196 244288 205693 183267 177732 137940 144718 138160 117628 114086 108745 110025 100029 97858.2 110877 99434.8 100336 95282.8 93749.5 85415.7 94733.7 94306.3 92500.2 90999.6 86086.2 85776.6 84066.9 90890.6 89490.7 93096.7 86830.2 98073.9 95433.5 93180.5 92278.5 101268 87708.9 123086 47410.3 75080.8 37735.3 95703.7 102352 120888 122286
#pred cpue bio
 2.73689e+006 2.5526e+006 2.31643e+006 2.14505e+006 1.99729e+006 1.80474e+006 1.57447e+006 1.35383e+006 1.22477e+006 1.13307e+006 1.04962e+006 911985 788323 720129 667799 657242 656093 663823 651292 593369 538859 516028 529128 564577 578440 590542 544951 527457 519693 524624 491497 482710 493665 498913 505992 514592 530004 523050 529214 554047 567851 561075 553056 599721 653538 627791 555393 476272 469897 494650 584456 625584 648043 639698 1.45598e+007 1.32004e+007 1.32715e+007 1.37069e+007 1.43748e+007 1.5084e+007 1.57316e+007 1.62757e+007 1.67094e+007 1.70433e+007 1.72945e+007 1.74808e+007 1.76179e+007 1.77184e+007 1.7792e+007 1.78461e+007 1.78859e+007 1.79155e+007 1.79374e+007 1.79539e+007 1.79662e+007 1.79756e+007 1.79827e+007 1.79881e+007 1.79922e+007 1.79954e+007 1.79978e+007 1.79997e+007 1.80012e+007 1.80023e+007 1.80031e+007 1.80038e+007 1.80043e+007 1.80047e+007 1.80051e+007 1.80053e+007 1.80055e+007 1.80056e+007 1.80058e+007 1.80058e+007 1.80059e+007 1.8006e+007 1.8006e+007 1.8006e+007 1.80061e+007 1.80061e+007 1.80061e+007 1.80061e+007 1.80061e+007 1.80061e+007 1.80061e+007 1.80061e+007 1.80062e+007 1.80062e+007 1.80062e+007 1.80062e+007 1.80062e+007 1.80062e+007 1.80062e+007 1.80062e+007 1.80062e+007 1.80062e+007 1.80062e+007 1.80062e+007 1.80062e+007 1.80062e+007 1.80062e+007 1.80062e+007 1.80062e+007 1.80062e+007 1.80062e+007 1.80062e+007 1.80062e+007 1.80062e+007 1.80062e+007 1.80062e+007 1.80062e+007 1.80062e+007 1.80062e+007 1.80062e+007 1.80062e+007 1.80062e+007 1.80062e+007 1.80062e+007 1.80062e+007 1.80062e+007 1.80062e+007 1.80062e+007 1.80062e+007 1.80062e+007 1.80062e+007 1.80062e+007 1.80062e+007 1.80062e+007 1.80062e+007 1.80062e+007 1.80062e+007 1.80062e+007 1.80062e+007 1.80062e+007 0 0 0 0 0 0 0 0 0 0 0 0 0 0 0 0 0 0 0 0 0 0 0 0 0
#obs cpue bio
 3.04713e+006 3.14804e+006 1.99489e+006 1.97591e+006 1.91321e+006 1.84162e+006 1.17545e+006 1.0769e+006 1.23759e+006 1.16763e+006 1.60163e+006 1.21431e+006 811332 883806 734584 526874 681648 569413 584608 468069 493073 567347 462650 892340 561737 584215 445784 501827 431934 595666 451383 470054 657721 541056 549272 513980 514447 479869 488942 635514 599315 595932 378383 469596 1.02937e+006 624456 606447 466165 406307 466544 530586 507638 679138 540288
#pred surv len freq
 0.00465227 0.00766334 0.0117362 0.016909 0.0230734 0.0298709 0.0366787 0.04278 0.0476384 0.0510686 0.0531962 0.0542924 0.0546335 0.0544441 0.0538971 0.053134 0.0522849 0.0514645 0.050714 0.0498878 0.0485589 0.0460691 0.041804 0.0355922 0.0279567
 0.00506483 0.00827363 0.0125452 0.0178861 0.0241747 0.0310644 0.0379543 0.0441343 0.0490423 0.0524434 0.0544194 0.0552357 0.0552126 0.0546498 0.0537892 0.0528018 0.0517938 0.0508158 0.0498375 0.0486783 0.0469456 0.044085 0.039612 0.0334432 0.0260972
 0.00528396 0.00868239 0.0132524 0.0190117 0.0258061 0.0331964 0.0404496 0.0467427 0.0514811 0.0544927 0.0559707 0.0562726 0.0557575 0.0547264 0.0534223 0.052033 0.0506832 0.0494183 0.0481747 0.0467363 0.0447129 0.0416121 0.0370476 0.0310114 0.0240221
 0.00548609 0.00900156 0.0137202 0.0196645 0.0266935 0.0343842 0.0420038 0.0486906 0.0537645 0.0569431 0.0583344 0.0582821 0.05721 0.0555254 0.0535672 0.0515805 0.0497109 0.0480032 0.0463813 0.0446165 0.0423236 0.0390473 0.0344627 0.0286086 0.0219944
 0.00572079 0.00938648 0.0143046 0.0204937 0.0277979 0.0357654 0.0436265 0.0504905 0.0556699 0.0588911 0.0602619 0.0600976 0.0587753 0.0566731 0.0541481 0.0515086 0.0489782 0.0466626 0.0445191 0.0423339 0.0397382 0.0363081 0.0317572 0.0261437 0.0199475
 0.00598583 0.00981392 0.0149417 0.0213828 0.0289689 0.0372238 0.0453396 0.0523816 0.0576293 0.0608004 0.0620202 0.0616334 0.0600373 0.0576073 0.0546795 0.051545 0.0484378 0.0455065 0.04277 0.0400776 0.0371168 0.0335118 0.0290089 0.0236659 0.017914
 0.00619619 0.0101636 0.0154819 0.0221653 0.0300351 0.0385872 0.0469698 0.0541998 0.0595224 0.0626456 0.0637069 0.0630754 0.0611753 0.0584021 0.0550989 0.0515495 0.0479749 0.0445237 0.0412433 0.0380423 0.0346856 0.0308715 0.0263928 0.0213059 0.015985
 0.00650221 0.0106636 0.0162388 0.0232382 0.0314661 0.0403819 0.0490764 0.0565026 0.0618574 0.0648335 0.0655872 0.0645302 0.0621381 0.0588546 0.0550559 0.0510374 0.0470121 0.0431128 0.0393846 0.0357641 0.0320778 0.0281 0.0236809 0.0188824 0.0140213
 0.00670674 0.011004 0.0167663 0.0240062 0.0325215 0.0417482 0.050737 0.058392 0.0638672 0.066829 0.067427 0.0660826 0.063295 0.0595427 0.0552413 0.0507205 0.0462142 0.0418619 0.0377117 0.0337162 0.0297425 0.0256235 0.0212585 0.016717 0.0122672
 0.00690169 0.0113322 0.0172809 0.0247639 0.03357 0.0431079 0.0523821 0.0602444 0.0658087 0.0687246 0.0691468 0.0675149 0.0643515 0.0601602 0.055383 0.0503758 0.0453952 0.0405987 0.0360491 0.031719 0.027508 0.0232921 0.0190062 0.0147217 0.0106613
 0.00707836 0.0116108 0.0176853 0.0253138 0.0342817 0.0439935 0.0534447 0.0614702 0.0671602 0.0701385 0.0705379 0.0687855 0.0654045 0.0609105 0.0557655 0.0503484 0.0449397 0.0397209 0.0347797 0.0301181 0.0256712 0.0213524 0.0171227 0.0130502 0.0093158
 0.00733894 0.0120267 0.0182957 0.0261466 0.0353447 0.0452634 0.0548588 0.0629312 0.0685582 0.0713799 0.0715633 0.069568 0.0659337 0.0611768 0.0557531 0.050037 0.0443117 0.03877 0.0335201 0.0285934 0.0239618 0.0195755 0.0154183 0.0115528 0.00812039
 0.00748398 0.0122697 0.0186745 0.0266997 0.0361025 0.0462332 0.0560108 0.0641949 0.0698333 0.0725593 0.0725565 0.0703156 0.0664107 0.0613847 0.0557049 0.0497439 0.0437767 0.0379908 0.0325013 0.0273609 0.0225742 0.0181265 0.014024 0.0103262 0.00714123
 0.00753423 0.0123634 0.0188381 0.0269671 0.0365086 0.0468039 0.0567516 0.0650831 0.0708187 0.0735698 0.0735088 0.0711284 0.0670179 0.0617456 0.0558066 0.0495945 0.0433936 0.0373919 0.0317042 0.0263916 0.0214791 0.0169783 0.012915 0.00934765 0.00635856
 0.00776727 0.0127086 0.019296 0.0275185 0.0371235 0.0474548 0.0574212 0.0657633 0.0715009 0.0742359 0.0741265 0.0716538 0.0674035 0.0619502 0.0558041 0.0493772 0.0429708 0.0367839 0.030938 0.0255003 0.0205072 0.0159858 0.0119737 0.00852716 0.00570774
 0.00779793 0.0127536 0.019354 0.0275832 0.0371834 0.0474948 0.0574285 0.0657363 0.0714596 0.0742251 0.0742047 0.0718684 0.0677652 0.0624214 0.0563083 0.0498243 0.0432824 0.0369104 0.0308622 0.0252349 0.0200893 0.0154716 0.0114307 0.00802121 0.00528852
 0.00787171 0.0128737 0.019534 0.0278336 0.0375064 0.047878 0.0578394 0.0661245 0.0717689 0.0744129 0.0742593 0.0718158 0.0676592 0.062321 0.0562515 0.049812 0.0432807 0.0368679 0.0307327 0.024995 0.0197452 0.0150563 0.0109938 0.00761456 0.00495187
 0.00795005 0.0129848 0.0196716 0.0279834 0.0376516 0.048008 0.057955 0.0662351 0.0718831 0.074529 0.0743633 0.0718883 0.0676885 0.0623117 0.0562232 0.049787 0.043268 0.0368552 0.0306914 0.0248951 0.019572 0.0148186 0.0107209 0.0073453 0.00472003
 0.0079729 0.0130048 0.0196702 0.0279325 0.0375213 0.047779 0.0576308 0.0658474 0.0714883 0.0741948 0.0741508 0.0718345 0.067796 0.0625514 0.0565484 0.0501503 0.0436312 0.0371889 0.0309702 0.0250963 0.0196807 0.0148355 0.0106647 0.0072469 0.00461212
 0.0079694 0.0130106 0.0196986 0.0279988 0.0376341 0.0479282 0.0577815 0.0659471 0.0714872 0.0740707 0.0739225 0.0715568 0.0675382 0.0623716 0.0564761 0.0501826 0.0437416 0.0373403 0.0311256 0.025225 0.0197618 0.0148605 0.0106396 0.00718895 0.00454266
 0.00795954 0.013002 0.0196999 0.0280242 0.0377009 0.0480519 0.0579686 0.0661873 0.071749 0.074304 0.0740714 0.0715805 0.0674299 0.0621634 0.056226 0.0499505 0.0435679 0.0372371 0.0310806 0.0252127 0.019756 0.0148432 0.0106042 0.00713962 0.00448955
 0.008015 0.013092 0.019835 0.0282138 0.0379514 0.0483631 0.0583306 0.0665789 0.0721384 0.0746524 0.0743367 0.0717226 0.0674192 0.061992 0.0559151 0.049549 0.0431385 0.0368366 0.0307448 0.0249521 0.0195615 0.0146976 0.0104918 0.00705098 0.00442071
 0.00797787 0.0130329 0.0197492 0.0280996 0.0378127 0.0482127 0.0581915 0.066482 0.0721153 0.074724 0.0745046 0.071965 0.0676946 0.0622494 0.0561086 0.0496518 0.0431506 0.0367815 0.0306568 0.0248613 0.019485 0.014639 0.0104472 0.0070154 0.00439163
 0.00791971 0.012934 0.0195927 0.0278687 0.0374966 0.0478149 0.0577376 0.0660205 0.0717097 0.0744378 0.0743857 0.0720343 0.0679406 0.0626303 0.0565618 0.0501097 0.0435574 0.0371053 0.030892 0.0250212 0.01959 0.0147068 0.0104898 0.00703983 0.00440311
 0.007971 0.0130118 0.0196987 0.0279982 0.037637 0.0479447 0.0578276 0.0660404 0.0716379 0.0742736 0.0741546 0.0717829 0.0677223 0.0624874 0.0565126 0.0501445 0.0436454 0.0372087 0.0309803 0.0250794 0.0196181 0.0147134 0.0104848 0.00703075 0.0043939
 0.00784443 0.0128208 0.0194391 0.0276769 0.0372705 0.047557 0.0574471 0.0656967 0.0713576 0.0740753 0.0740469 0.0717671 0.0677968 0.062651 0.056762 0.0504686 0.0440213 0.0376027 0.0313551 0.0254043 0.0198757 0.0149014 0.0106118 0.00711016 0.00443983
 0.00794842 0.0129508 0.0195632 0.0277436 0.0372251 0.0473666 0.0571198 0.0652819 0.0709262 0.0736931 0.0737558 0.0715815 0.0677125 0.0626565 0.0568463 0.0506227 0.0442345 0.0378582 0.0316286 0.0256681 0.0201057 0.0150831 0.010742 0.00719521 0.00449041
 0.00788566 0.0128867 0.0195339 0.0277979 0.0374017 0.0476635 0.0574764 0.0655931 0.0710865 0.0736458 0.0735165 0.0712231 0.0673262 0.0623163 0.0565934 0.0504694 0.044175 0.0378776 0.0317067 0.0257808 0.0202285 0.0151956 0.0108317 0.00725823 0.00452979
 0.00782786 0.0127895 0.0193844 0.02759 0.037146 0.0473971 0.0572621 0.065499 0.0711512 0.0738499 0.073784 0.0714585 0.067462 0.0623401 0.0565413 0.0503967 0.0441281 0.0378803 0.0317609 0.0258735 0.02034 0.0153059 0.0109259 0.00732898 0.00457687
 0.00758321 0.0124239 0.018894 0.0269917 0.036473 0.0466914 0.0565719 0.0648818 0.0706753 0.0735842 0.073776 0.0717097 0.0679198 0.0629142 0.0571392 0.0509548 0.0446227 0.038316 0.0321509 0.0262249 0.0206503 0.0155671 0.0111312 0.00747764 0.00467503
 0.0077037 0.0125698 0.0190227 0.0270367 0.0363667 0.0463977 0.0561104 0.0643251 0.0701198 0.0731153 0.0734474 0.0715432 0.0679141 0.0630507 0.0573824 0.0512579 0.0449397 0.038615 0.0324182 0.0264599 0.0208554 0.0157421 0.0112732 0.00758447 0.0047484
 0.00835868 0.0135247 0.0202526 0.0284394 0.0377803 0.0476383 0.05701 0.0647618 0.070043 0.0725606 0.0725313 0.0704301 0.0667684 0.0619978 0.0564925 0.0505513 0.0444022 0.038216 0.0321256 0.0262485 0.0207083 0.0156467 0.0112177 0.00755679 0.00473728
 0.00900295 0.0145439 0.0217265 0.0304039 0.0401974 0.0503627 0.0597708 0.0671922 0.0717694 0.073319 0.0722486 0.0692302 0.0649111 0.0597901 0.0542124 0.0484034 0.0425066 0.0366211 0.0308319 0.0252315 0.0199347 0.0150814 0.0108253 0.00730085 0.00458219
 0.00905329 0.0147052 0.0221151 0.0311734 0.041496 0.0522641 0.0622109 0.069948 0.0744959 0.0756286 0.073803 0.0698175 0.0644898 0.0584891 0.0522853 0.0461537 0.0402144 0.0344945 0.0289931 0.0237292 0.0187668 0.0142171 0.0102189 0.00690086 0.00433637
 0.00884333 0.014392 0.0217021 0.0306989 0.0410437 0.0519673 0.0622403 0.0704702 0.0756049 0.0772775 0.0757793 0.0717871 0.0660962 0.0594619 0.0525123 0.0456927 0.0392489 0.0332615 0.0277128 0.0225618 0.0178001 0.0134778 0.00969293 0.00655247 0.00412231
 0.00872452 0.0141887 0.0213796 0.0302241 0.040401 0.0511813 0.0613963 0.0697178 0.0751333 0.0772649 0.0763303 0.0728814 0.0675722 0.0610501 0.0539141 0.0466734 0.0397036 0.0332268 0.0273267 0.0219984 0.0172121 0.0129652 0.00930001 0.0062816 0.00395271
 0.00859889 0.0139915 0.021095 0.0298405 0.0399106 0.0505827 0.0607013 0.068963 0.0743904 0.0766439 0.0759655 0.0728984 0.0680401 0.0619401 0.0550875 0.047914 0.0407873 0.0339941 0.0277257 0.0220794 0.0170851 0.0127475 0.00907976 0.00610533 0.00383253
 0.00867371 0.0140882 0.0211946 0.0299094 0.0399096 0.0504797 0.0604826 0.0686348 0.0739748 0.0761743 0.0754899 0.0724847 0.0677735 0.0619022 0.0553206 0.0483902 0.0414046 0.0346093 0.0282093 0.0223616 0.01717 0.0126928 0.00895923 0.00597858 0.00373184
 0.00866161 0.0140844 0.0212164 0.029978 0.0400389 0.0506614 0.0606775 0.0687803 0.0740074 0.0760563 0.075225 0.0721166 0.0673731 0.0615511 0.0550943 0.0483381 0.041531 0.0348664 0.0285124 0.0226231 0.017334 0.0127497 0.00893684 0.00591827 0.0036679
 0.00861891 0.0140209 0.021133 0.0298822 0.0399459 0.0505936 0.0606596 0.0688295 0.074121 0.0762043 0.0753559 0.072178 0.0673361 0.0614257 0.0549261 0.04819 0.0414575 0.0348918 0.0286219 0.0227722 0.017471 0.0128396 0.00897153 0.00591174 0.00364198
 0.00858105 0.0139451 0.0209935 0.0296495 0.0395977 0.050131 0.0601202 0.0682865 0.0736648 0.0759137 0.0752721 0.0722924 0.0675975 0.0617629 0.0552756 0.0485163 0.0417561 0.0351758 0.0289023 0.0230446 0.017716 0.013035 0.00910561 0.00598841 0.00367652
 0.00867462 0.014091 0.0211998 0.0299146 0.0399054 0.0504458 0.0603881 0.068446 0.073669 0.0757528 0.0749819 0.0719408 0.0672567 0.0614823 0.0550716 0.0483794 0.0416683 0.0351245 0.0288833 0.0230554 0.0177492 0.0130773 0.00914295 0.00601251 0.00368679
 0.00879357 0.0142703 0.0214433 0.0302164 0.040251 0.0508144 0.0607526 0.0687717 0.0739142 0.0758753 0.0749516 0.0717534 0.0669403 0.0610909 0.0546672 0.0480126 0.0413669 0.0348951 0.0287199 0.0229476 0.0176855 0.0130451 0.00912969 0.00600761 0.00368384
 0.00863271 0.0140547 0.021203 0.0300064 0.0401342 0.0508353 0.0609175 0.0690468 0.0742422 0.0761971 0.0752208 0.0719402 0.0670301 0.0610844 0.0545811 0.047877 0.0412169 0.0347604 0.0286175 0.0228819 0.0176516 0.0130337 0.00913111 0.00601374 0.00368965
 0.00854742 0.0138902 0.0209119 0.0295391 0.039464 0.0499909 0.0600013 0.0682191 0.0736674 0.0759807 0.0753735 0.0723873 0.0676526 0.0617639 0.0552283 0.048441 0.0416809 0.0351309 0.0289117 0.0231172 0.0178403 0.0131825 0.00924346 0.0060932 0.0037413
 0.0085717 0.0139269 0.0209593 0.0295875 0.0394901 0.0499558 0.0598573 0.0679298 0.0732357 0.0754671 0.0748857 0.0720398 0.0675188 0.0618493 0.0554789 0.0487756 0.0420252 0.0354372 0.0291611 0.0233107 0.0179874 0.0132933 0.00932519 0.00615097 0.00377945
 0.00858285 0.0139375 0.0209615 0.0295698 0.0394408 0.0498668 0.0597258 0.0677558 0.0730181 0.0752047 0.0745865 0.0717338 0.0672593 0.0616975 0.0554764 0.0489239 0.0422861 0.0357514 0.029473 0.0235836 0.0182059 0.0134573 0.00944199 0.00622994 0.00382968
 0.00868834 0.0141716 0.021425 0.0303833 0.0406995 0.0515769 0.0617563 0.0698441 0.0748389 0.0764684 0.0751181 0.0715017 0.0663609 0.0603184 0.053842 0.0472494 0.0407371 0.0344242 0.0283989 0.0227502 0.0175812 0.0130054 0.00912938 0.00602573 0.00370531
 0.00827221 0.0134635 0.0203117 0.0287688 0.0385622 0.049039 0.0591224 0.0675549 0.0733335 0.0760195 0.0757346 0.0729518 0.0682862 0.0623667 0.0557576 0.0489021 0.0421004 0.0355309 0.0292977 0.0234788 0.0181613 0.0134496 0.00945078 0.00624283 0.00384107
 0.0082106 0.0133732 0.0201888 0.0286025 0.0383209 0.0486616 0.0585299 0.066694 0.0722372 0.0748429 0.074727 0.072362 0.0682526 0.062862 0.0566164 0.0499069 0.0430682 0.0363578 0.0299551 0.0239834 0.018543 0.013734 0.00965614 0.00638332 0.00393049
 0.00786666 0.0128017 0.0193103 0.027346 0.0366518 0.0466174 0.0562434 0.0643805 0.0701409 0.0731751 0.073634 0.0719319 0.0685308 0.063843 0.0582164 0.0519498 0.045314 0.0385637 0.0319347 0.0256341 0.0198382 0.014697 0.0103347 0.00683406 0.0042101
 0.00810734 0.0131705 0.0198189 0.0279786 0.0373552 0.0472938 0.0567551 0.0645748 0.0698978 0.0724569 0.0725092 0.0705602 0.0671223 0.0626109 0.0573352 0.0515199 0.0453387 0.038953 0.0325407 0.0263032 0.0204536 0.015196 0.0107015 0.00708191 0.0043648
 0.00833161 0.0135284 0.0203437 0.0286926 0.0382596 0.0483547 0.0578891 0.0656463 0.0707367 0.0728964 0.072432 0.069937 0.0660282 0.0612132 0.0558542 0.0501751 0.0442963 0.0382912 0.0322432 0.0262831 0.0205951 0.0153951 0.0108893 0.00722652 0.00446151
 0.00841126 0.0136993 0.0206758 0.0292729 0.0391657 0.0496152 0.0594493 0.0673607 0.0723964 0.0742767 0.0733377 0.0702353 0.06567 0.0602452 0.0544167 0.0484787 0.0425768 0.0367551 0.0310237 0.0254221 0.0200567 0.0150991 0.0107478 0.00716907 0.00444264
#obs surv len freq
 0.00496921 0.0081385 0.0123773 0.0176987 0.0239764 0.0308456 0.0376823 0.0437647 0.0485433 0.0518166 0.0537022 0.0544839 0.0544802 0.0539878 0.0532669 0.0525316 0.0519267 0.0514872 0.0510742 0.0503182 0.0486367 0.0453988 0.0402274 0.0332917 0.0253739
 0.00518319 0.00848998 0.012913 0.0184641 0.0250072 0.0321531 0.0392395 0.0455012 0.0503558 0.0535889 0.0553226 0.0558547 0.0555188 0.054625 0.0534475 0.0522176 0.0511054 0.0501788 0.0493389 0.0482593 0.0463978 0.0431518 0.0381484 0.0315275 0.02401
 0.00540907 0.00886094 0.0134784 0.0192728 0.0260987 0.0335431 0.0409045 0.0473721 0.0523266 0.0555355 0.0571225 0.0573988 0.0567166 0.0554042 0.0537514 0.0520032 0.0503456 0.0488713 0.0475211 0.0460222 0.0438928 0.0405799 0.0357285 0.0294495 0.0223905
 0.00563765 0.00923468 0.0140451 0.0200793 0.0271822 0.0349192 0.0425523 0.0492287 0.0542943 0.0574991 0.0589655 0.0590139 0.0580099 0.0562964 0.0541776 0.0519117 0.0496985 0.0476515 0.0457466 0.043767 0.0413011 0.0378619 0.0331277 0.0271872 0.0206107
 0.00589434 0.00965292 0.0146762 0.0209714 0.0283713 0.036414 0.0443203 0.0511912 0.0563387 0.0595009 0.0608084 0.0605997 0.059259 0.0571441 0.0545695 0.0518008 0.0490453 0.0464307 0.0439632 0.0414792 0.0386413 0.0350387 0.0303953 0.0247868 0.0187066
 0.00612989 0.0100426 0.0152753 0.0218351 0.0295438 0.0379106 0.0461094 0.0531891 0.0584223 0.0615332 0.0626625 0.0621722 0.0604723 0.0579431 0.054914 0.0516583 0.0483862 0.0452322 0.0422243 0.0392455 0.03603 0.0322457 0.0276699 0.0223737 0.0167788
 0.00637591 0.0104444 0.0158834 0.0226985 0.030701 0.0393757 0.0478563 0.0551444 0.0604734 0.0635473 0.064508 0.0637343 0.0616623 0.0587002 0.0552021 0.0514571 0.0476829 0.0440188 0.0405071 0.0370674 0.0334965 0.0295367 0.0250198 0.0200178 0.0148884
 0.00661882 0.01084 0.0164801 0.0235416 0.0318239 0.0407862 0.0495229 0.0569919 0.0623933 0.0654189 0.0662163 0.0651806 0.0627667 0.0594025 0.055461 0.0512482 0.0469945 0.0428496 0.0388715 0.0350112 0.0311187 0.0270009 0.0225395 0.0178094 0.0131118
 0.00685259 0.0112274 0.0170763 0.0244011 0.0329884 0.0422649 0.0512743 0.05892 0.0643638 0.0672887 0.0678603 0.0665046 0.0637088 0.0599267 0.0555498 0.0508951 0.0461998 0.0416205 0.0372285 0.0330028 0.028839 0.0245999 0.0202093 0.0157439 0.0114536
 0.00705958 0.0115667 0.0175924 0.0251381 0.0339822 0.0435303 0.0527906 0.0606227 0.0661503 0.0690343 0.0694382 0.0678037 0.0646456 0.0604509 0.0556413 0.0505556 0.0454429 0.0404662 0.0357063 0.0311641 0.0267724 0.0224399 0.0181246 0.0139028 0.00997862
 0.00727301 0.0119169 0.018125 0.0258967 0.0349982 0.0448087 0.0542955 0.0622744 0.0678381 0.0706388 0.070851 0.0689371 0.0654345 0.0608529 0.0556363 0.0501443 0.0446423 0.0393053 0.0342253 0.0294206 0.0248531 0.020466 0.0162428 0.0122557 0.0086674
 0.00742119 0.0121625 0.0185035 0.0264447 0.0357464 0.0457711 0.0554571 0.0635856 0.0692201 0.0719968 0.0720898 0.0699718 0.0661981 0.0612983 0.0557361 0.049889 0.0440379 0.0383722 0.0329994 0.0279577 0.0232349 0.018802 0.0146597 0.0108738 0.00757022
 0.00751886 0.0123195 0.0187374 0.0267719 0.0361822 0.0463264 0.0561348 0.0643761 0.0700988 0.0729247 0.073015 0.0708331 0.0669307 0.0618408 0.0560378 0.0499139 0.0437678 0.0378072 0.0321602 0.0268887 0.0220068 0.0175109 0.0134161 0.0097809 0.00669925
 0.00760535 0.0124569 0.018938 0.0270452 0.0365327 0.0467522 0.0566256 0.064914 0.0706628 0.0734955 0.0735767 0.0713697 0.0674198 0.0622499 0.0563255 0.0500362 0.0436865 0.0374982 0.0316207 0.0261423 0.0211062 0.0165351 0.0124585 0.00892983 0.00601656
 0.00766313 0.0125459 0.019063 0.0272077 0.0367317 0.0469849 0.0568877 0.0651997 0.0709654 0.0738086 0.0738952 0.0716897 0.0677353 0.0625487 0.0565853 0.0502237 0.0437616 0.0374231 0.0313704 0.0257155 0.0205315 0.0158695 0.011777 0.00830732 0.00550824
 0.0077172 0.0126277 0.0191746 0.0273468 0.0368923 0.0471587 0.0570653 0.0653724 0.0711274 0.0739588 0.0740377 0.0718316 0.0678833 0.0627044 0.0567416 0.0503631 0.0438561 0.0374386 0.0312755 0.0254925 0.0201866 0.0154362 0.0113093 0.00786455 0.00513777
 0.00775529 0.0126857 0.0192543 0.0274469 0.0370083 0.0472833 0.0571893 0.0654859 0.0712222 0.0740318 0.0740923 0.071877 0.0679309 0.0627637 0.0568162 0.0504474 0.0439342 0.0374856 0.031263 0.0253977 0.020002 0.015176 0.0110077 0.00756487 0.00487838
 0.00780124 0.0127531 0.0193422 0.0275495 0.0371166 0.0473876 0.0572813 0.0655597 0.0712744 0.0740618 0.0741026 0.0718735 0.067922 0.0627589 0.0568231 0.0504688 0.0439656 0.0375136 0.0312676 0.0253582 0.0199056 0.0150244 0.010819 0.00736789 0.00470151
 0.00784901 0.0128262 0.0194433 0.0276772 0.0372646 0.0475446 0.0574316 0.0656854 0.0713598 0.0740983 0.0740917 0.0718252 0.067851 0.0626801 0.0567491 0.0504081 0.0439208 0.0374806 0.0312357 0.0253129 0.0198341 0.0149224 0.0106935 0.00723498 0.00457987
 0.00786974 0.0128594 0.0194924 0.0277445 0.0373507 0.0476469 0.0575435 0.065796 0.0714557 0.0741672 0.0741255 0.071822 0.0678155 0.0626222 0.0566809 0.0503408 0.0438621 0.037433 0.0311957 0.0252724 0.0197839 0.0148568 0.0106138 0.00714959 0.00450005
 0.00789281 0.0128921 0.0195326 0.0277878 0.0373918 0.0476824 0.0575733 0.065823 0.0714836 0.0741974 0.0741556 0.0718465 0.0678286 0.0626201 0.0566638 0.0503127 0.0438291 0.0374003 0.0311655 0.0252429 0.0197507 0.0148161 0.0105651 0.00709667 0.00444955
 0.00788443 0.0128788 0.0195132 0.0277612 0.0373568 0.0476383 0.0575204 0.0657642 0.0714252 0.0741488 0.0741275 0.0718468 0.0678589 0.0626747 0.0567323 0.0503839 0.0438946 0.0374558 0.0312093 0.0252743 0.0197689 0.0148202 0.0105561 0.0070782 0.00442688
 0.00790412 0.0129038 0.0195381 0.0277767 0.0373529 0.047608 0.0574633 0.065687 0.0713388 0.0740653 0.074057 0.0717976 0.0678367 0.0626821 0.0567673 0.0504397 0.0439616 0.0375239 0.0312707 0.0253238 0.0198041 0.0148408 0.0105634 0.00707524 0.00441798
 0.00790551 0.0129073 0.0195451 0.0277882 0.0373678 0.0476216 0.0574671 0.0656706 0.0712953 0.0739954 0.0739707 0.0717109 0.0677659 0.0626391 0.0567572 0.0504611 0.0440077 0.037585 0.0313361 0.0253844 0.0198535 0.014876 0.0105845 0.00708467 0.00441945
 0.00787845 0.0128627 0.0194772 0.0276925 0.037243 0.0474724 0.0573056 0.0655146 0.0711631 0.0738996 0.073916 0.0716953 0.0677856 0.0626911 0.0568393 0.0505701 0.0441374 0.0377261 0.0314773 0.0255149 0.0199645 0.0149624 0.0106458 0.00712363 0.0044413
 0.00784695 0.0128099 0.019395 0.0275726 0.0370796 0.0472656 0.0570647 0.0652596 0.0709213 0.0737002 0.0737824 0.0716408 0.0678106 0.062786 0.0569884 0.0507564 0.0443452 0.0379413 0.0316872 0.0257074 0.0201299 0.0150947 0.0107433 0.00718949 0.00448161
 0.0078405 0.012796 0.0193676 0.0275238 0.0370007 0.0471501 0.0569111 0.0650734 0.0707152 0.0734931 0.0735968 0.071499 0.067731 0.0627779 0.0570509 0.0508789 0.0445112 0.0381321 0.0318848 0.0258963 0.0202976 0.0152328 0.0108484 0.00726273 0.00452807
 0.00784497 0.0128001 0.0193678 0.0275141 0.036974 0.0470993 0.0568313 0.064963 0.0705772 0.0733351 0.0734317 0.0713437 0.067604 0.0626964 0.0570268 0.0509161 0.0446043 0.038268 0.0320457 0.0260635 0.0204547 0.0153676 0.0109543 0.00733878 0.00457771
 0.00780785 0.012745 0.0192944 0.0274254 0.0368747 0.0469939 0.0567231 0.0648537 0.0704684 0.0732293 0.073333 0.0712582 0.0675394 0.0626614 0.0570296 0.0509627 0.0446957 0.038399 0.0322046 0.0262343 0.0206203 0.0155138 0.011072 0.00742502 0.00463513
 0.00775996 0.0126639 0.0191672 0.0272398 0.0366244 0.0466851 0.0563789 0.0645123 0.0701728 0.0730141 0.0732149 0.0712359 0.0675993 0.0627855 0.0572015 0.0511696 0.0449284 0.0386488 0.0324615 0.0264857 0.0208522 0.0157134 0.0112309 0.00754126 0.00471274
 0.00774361 0.0126329 0.019112 0.0271483 0.0364838 0.0464865 0.0561219 0.0642092 0.0698491 0.0727053 0.0729599 0.071067 0.0675344 0.0628247 0.0573301 0.051365 0.0451673 0.0389112 0.0327307 0.0267471 0.0210924 0.0159206 0.0113971 0.00766413 0.00479576
 0.00931826 0.0148363 0.0217697 0.0298775 0.0388041 0.0479967 0.0566406 0.0638017 0.0687478 0.0711927 0.0712824 0.0694024 0.0659965 0.0614778 0.0562022 0.0504573 0.0444626 0.0383828 0.0323494 0.0264847 0.020923 0.0158203 0.0113444 0.00764077 0.00478808
 0.00931983 0.0151288 0.0227206 0.0319406 0.0423215 0.0529315 0.0624068 0.0693592 0.0729699 0.0733084 0.0711307 0.0673767 0.0627738 0.0577321 0.0524366 0.0469732 0.041404 0.0357967 0.0302307 0.0248032 0.0196357 0.0148763 0.0106872 0.00721047 0.00452552
 0.00897427 0.014588 0.0219672 0.0310288 0.0414287 0.0523919 0.0626705 0.0708307 0.0757645 0.0770724 0.0750853 0.0706125 0.0646285 0.0580198 0.051419 0.0451456 0.0392639 0.033707 0.0283947 0.0233011 0.0184738 0.0140233 0.0100946 0.0068236 0.00429015
 0.00879475 0.0142876 0.0215001 0.0303508 0.0405149 0.0512692 0.0614577 0.0697653 0.0751818 0.0773115 0.076336 0.0727722 0.0672727 0.0605395 0.053266 0.0460417 0.0392556 0.033065 0.027451 0.0223251 0.0176254 0.0133655 0.009628 0.00651777 0.00410479
 0.00870948 0.0141432 0.0212715 0.0300089 0.040031 0.0506233 0.0606524 0.0688417 0.0742361 0.0765044 0.0758792 0.072874 0.0680465 0.0619156 0.0549728 0.047693 0.0405058 0.0337407 0.0275843 0.022086 0.0172176 0.0129475 0.00928573 0.00627613 0.00395304
 0.00869733 0.014116 0.0212162 0.0299071 0.0398615 0.0503661 0.0602937 0.0683786 0.0736813 0.0758936 0.0752813 0.0723974 0.0678253 0.0620675 0.0555377 0.0485873 0.0415326 0.0346637 0.0282259 0.0223896 0.0172415 0.0128082 0.00909482 0.00610535 0.00383054
 0.00870001 0.0141224 0.0212289 0.029928 0.0398882 0.0503885 0.0602918 0.0683246 0.0735469 0.0756607 0.0749524 0.0720038 0.0674305 0.0617614 0.0554138 0.0487053 0.0418825 0.0351567 0.0287266 0.022776 0.0174534 0.0128582 0.00904143 0.0060133 0.00374448
 0.00867433 0.0140835 0.0211757 0.0298621 0.0398141 0.0503129 0.0602223 0.0682665 0.073499 0.0756123 0.0748856 0.0719013 0.0672879 0.0615973 0.0552718 0.048642 0.041943 0.0353482 0.0290083 0.0230741 0.0176959 0.0130059 0.00909692 0.00600701 0.00371198
 0.00868462 0.0140961 0.0211873 0.0298672 0.0398068 0.0502897 0.0601842 0.068219 0.0734497 0.0755674 0.0748456 0.0718598 0.0672345 0.0615243 0.0551827 0.0485565 0.0418922 0.0353605 0.0290919 0.0232095 0.0178439 0.0131277 0.00917155 0.00603606 0.00371116
 0.00864438 0.0140385 0.0211149 0.0297867 0.0397269 0.0502171 0.0601212 0.0681645 0.0734021 0.0755276 0.0748175 0.0718476 0.067239 0.0615411 0.0552044 0.0485785 0.0419177 0.0354002 0.029157 0.0233017 0.0179515 0.0132304 0.00925119 0.00608508 0.00373339
 0.00862729 0.0140074 0.0210624 0.0297055 0.0396129 0.0500743 0.059964 0.0680153 0.0732839 0.0754553 0.074794 0.0718658 0.0672873 0.0616084 0.055282 0.0486597 0.0419988 0.035481 0.0292403 0.02339 0.0180428 0.013317 0.00932364 0.00613687 0.00376422
 0.00865731 0.0140525 0.0211229 0.0297782 0.0396903 0.0501448 0.0600136 0.068031 0.0732585 0.0753914 0.0747041 0.0717673 0.0671958 0.0615331 0.0552255 0.0486206 0.0419745 0.03547 0.0292421 0.0234045 0.0180684 0.0133495 0.00935659 0.00616439 0.00378317
 0.00863596 0.0140234 0.0210895 0.0297469 0.0396686 0.0501379 0.0600217 0.0680484 0.0732758 0.075399 0.0746957 0.071743 0.0671618 0.061499 0.0552002 0.0486093 0.0419781 0.0354861 0.0292676 0.0234365 0.0181042 0.013386 0.00939029 0.00619205 0.00380304
 0.00861478 0.0139884 0.0210363 0.0296723 0.0395728 0.0500271 0.0599089 0.0679516 0.0732119 0.0753769 0.074713 0.0717882 0.0672201 0.0615587 0.055256 0.0486614 0.042029 0.0355381 0.029321 0.0234898 0.0181551 0.0134321 0.00942932 0.00622252 0.00382461
 0.00862816 0.0140086 0.0210636 0.0297052 0.0396078 0.0500585 0.0599299 0.0679558 0.0731968 0.0753453 0.0746729 0.0717486 0.0671874 0.0615341 0.0552372 0.0486454 0.0420151 0.0355276 0.0293161 0.0234918 0.0181635 0.0134449 0.00944385 0.00623613 0.00383555
 0.00862816 0.0140086 0.0210636 0.0297052 0.0396078 0.0500585 0.0599299 0.0679558 0.0731968 0.0753453 0.0746729 0.0717486 0.0671874 0.0615341 0.0552372 0.0486454 0.0420151 0.0355276 0.0293161 0.0234918 0.0181635 0.0134449 0.00944385 0.00623613 0.00383555
 0.00891048 0.0144544 0.0217077 0.0305652 0.0406738 0.0512804 0.0612091 0.0691517 0.0741546 0.0759377 0.0748334 0.0714827 0.0665618 0.0606523 0.0542125 0.0475807 0.0409908 0.034599 0.028516 0.022835 0.0176505 0.0130653 0.00917939 0.00606392 0.0037315
 0.00823896 0.0134258 0.0202819 0.0287591 0.03857 0.0490319 0.0590359 0.0673169 0.0729088 0.0754481 0.0751338 0.0724724 0.0680482 0.0624115 0.0560419 0.0493286 0.0425632 0.0359512 0.0296371 0.0237335 0.0183456 0.0135815 0.00954425 0.00630712 0.00388282
 0.00834813 0.0135188 0.0202674 0.0285047 0.037943 0.0479615 0.0575655 0.0656131 0.071219 0.0740298 0.0741897 0.072111 0.0682724 0.0631327 0.0571101 0.0505728 0.0438289 0.0371243 0.0306506 0.0245612 0.0189889 0.0140578 0.00987921 0.00652917 0.00402038
 0.00799396 0.0129883 0.0195493 0.0276076 0.0368789 0.0467275 0.0561434 0.0639973 0.0694622 0.0722766 0.0726678 0.0710745 0.0679209 0.0635448 0.0582234 0.0522109 0.0457573 0.0391101 0.032506 0.0261642 0.0202827 0.0150378 0.0105758 0.0069923 0.00430667
 0.00822898 0.0133263 0.0199764 0.0280831 0.0373457 0.047127 0.0564223 0.0641012 0.069326 0.0718308 0.0718721 0.0699647 0.0666356 0.0623037 0.0572576 0.0516819 0.0457072 0.0394642 0.0331182 0.0268744 0.0209616 0.0156067 0.011005 0.00728723 0.00449219
 0.00836352 0.0135777 0.0204112 0.0287724 0.0383349 0.0483949 0.0578529 0.0654945 0.070451 0.0724939 0.071963 0.069467 0.0656163 0.060902 0.0556717 0.0501383 0.0444096 0.0385397 0.0325907 0.0266783 0.0209845 0.0157358 0.0111568 0.00741619 0.00458319
 0.00850493 0.0138178 0.0207927 0.0293448 0.0391472 0.0494796 0.0592038 0.0670446 0.0720626 0.0739692 0.0730803 0.0700335 0.0655212 0.0601467 0.0543701 0.0484892 0.0426517 0.036899 0.0312322 0.0256774 0.0203293 0.0153563 0.0109637 0.00733095 0.00455128
#pred catch len freq
 0.00359431 0.00583548 0.0088027 0.0125367 0.0170627 0.0223336 0.0281655 0.0342362 0.0401555 0.045549 0.0501138 0.0536541 0.056105 0.0575323 0.0580997 0.0580269 0.0575562 0.0569122 0.0562191 0.0553703 0.0539256 0.0511731 0.0464401 0.039541 0.0310589
 0.0039528 0.00636665 0.00950921 0.0133957 0.0180428 0.0234176 0.0293575 0.0355441 0.0415572 0.0469668 0.0514197 0.0547091 0.0568126 0.0578727 0.0581261 0.0578248 0.0571876 0.0563714 0.0554242 0.054202 0.0523026 0.0491278 0.0441478 0.0372741 0.0290871
 0.00415864 0.00673241 0.0101141 0.0143247 0.019358 0.0251197 0.0313597 0.0376837 0.0436465 0.0488518 0.0530064 0.055947 0.0576632 0.0582979 0.0581047 0.0573737 0.0563584 0.0552183 0.053968 0.0524237 0.050184 0.046716 0.0415961 0.0348203 0.0269731
 0.00437011 0.00706359 0.0105945 0.0149877 0.0202515 0.0263116 0.0329234 0.0396579 0.0459842 0.0513908 0.0554915 0.0581017 0.0592703 0.0592439 0.0583722 0.0570058 0.0554246 0.0537932 0.0521172 0.050202 0.0476519 0.0439752 0.0388164 0.0322243 0.0247746
 0.00460374 0.00743831 0.0111489 0.0157546 0.0212535 0.0275562 0.0344004 0.0413443 0.0478525 0.053408 0.0575981 0.0601816 0.0611421 0.0606924 0.0592086 0.0571194 0.0547977 0.0524801 0.0502119 0.0478158 0.0449142 0.0410494 0.0359087 0.0295629 0.0225567
 0.00485257 0.0078338 0.0117286 0.0165508 0.0222919 0.0288506 0.0359437 0.0430986 0.0497483 0.0553544 0.0594998 0.0619515 0.0626983 0.0619432 0.0600404 0.0574062 0.0544329 0.051412 0.0484625 0.0454801 0.0421503 0.0380686 0.0329578 0.026889 0.0203543
 0.00512079 0.00826318 0.0123629 0.0174277 0.0234381 0.0302736 0.0376209 0.0449712 0.0517256 0.0573269 0.0613554 0.0635885 0.0640349 0.062918 0.0606026 0.0575008 0.0539944 0.0503781 0.046805 0.0432387 0.0394527 0.0351261 0.0300345 0.0242472 0.0181921
 0.00541128 0.00872985 0.0130559 0.0183926 0.0247108 0.03187 0.0395218 0.0471107 0.0539898 0.0595673 0.0634113 0.0653137 0.0653195 0.0636993 0.0608599 0.0572358 0.0532097 0.0490666 0.0449623 0.040895 0.0367087 0.0321683 0.0271137 0.021621 0.0160553
 0.00565858 0.00912774 0.0136482 0.0192207 0.0258102 0.0332622 0.0412026 0.0490385 0.0560815 0.0617028 0.0654453 0.0670935 0.0667067 0.0645904 0.0611973 0.0570056 0.0524266 0.0477572 0.0431594 0.0386515 0.0341244 0.0294098 0.0244039 0.0191918 0.0140837
 0.00584931 0.00944171 0.014129 0.0199141 0.0267584 0.0344935 0.0427173 0.0507984 0.0580088 0.0636872 0.0673562 0.068794 0.0680686 0.0655082 0.0615987 0.0568553 0.0517235 0.0465272 0.04145 0.0365355 0.031713 0.0268639 0.0219247 0.0169837 0.0122999
 0.00605829 0.00976647 0.0145915 0.0205293 0.0275378 0.0354481 0.043855 0.0521152 0.0594771 0.0652483 0.0689207 0.0702515 0.0693035 0.0664153 0.0620946 0.0568838 0.0512581 0.0455709 0.0400366 0.0347335 0.0296324 0.0246581 0.0197774 0.0150749 0.0107615
 0.0062966 0.0101425 0.015136 0.0212627 0.0284666 0.03656 0.0451139 0.0534619 0.0608392 0.0665546 0.0701109 0.0712755 0.0701152 0.0669673 0.0623388 0.0567766 0.0507671 0.044683 0.038766 0.0331307 0.027791 0.0227144 0.0178944 0.0134094 0.0094258
 0.00645042 0.0103934 0.0155156 0.0218019 0.0291906 0.0374797 0.0462147 0.054697 0.062132 0.067811 0.0712368 0.0721947 0.0707788 0.0673534 0.0624417 0.056594 0.0502928 0.0439097 0.0376972 0.0317962 0.0262599 0.0210963 0.0163255 0.0120221 0.00831441
 0.00653869 0.0105413 0.0157472 0.0221445 0.0296721 0.0381218 0.0470247 0.055659 0.0632028 0.0689214 0.0722998 0.0731184 0.0714841 0.0677876 0.0625837 0.0564479 0.0498749 0.0432384 0.0367919 0.0306868 0.0250004 0.0197718 0.0150436 0.0108895 0.00740773
 0.00665708 0.0107136 0.0159705 0.0224076 0.0299645 0.0384457 0.0474007 0.0561201 0.0637766 0.0696102 0.0730691 0.0739005 0.0721933 0.0683408 0.0629173 0.0565267 0.0496914 0.0428058 0.0361365 0.0298465 0.0240285 0.0187409 0.014041 0.0100006 0.00669437
 0.00671322 0.0107969 0.0160801 0.0225354 0.0300947 0.0385578 0.0474758 0.0561515 0.0637817 0.0696349 0.0731762 0.0741429 0.0725851 0.0688431 0.0634481 0.0569876 0.0499965 0.0429002 0.0360016 0.0294974 0.0235081 0.0181146 0.0133869 0.00939513 0.00619473
 0.00675979 0.0108735 0.0161969 0.022701 0.0303136 0.0388247 0.0477717 0.0564432 0.0640292 0.0698051 0.0732586 0.0741575 0.072577 0.0688621 0.0635226 0.0571077 0.0501159 0.0429557 0.0359385 0.0292887 0.0231623 0.0176718 0.0129071 0.00894093 0.00581478
 0.00675796 0.0108648 0.016174 0.0226566 0.0302448 0.03874 0.0476934 0.0564025 0.0640525 0.0699008 0.0734115 0.0743375 0.0727556 0.0690269 0.0636789 0.0572663 0.0502764 0.0430967 0.036023 0.0292808 0.0230455 0.0174583 0.0126343 0.00865738 0.00556352
 0.0067775 0.0108824 0.0161742 0.0226153 0.030135 0.0385417 0.0474047 0.0560461 0.0636763 0.0695689 0.0731878 0.074266 0.0728461 0.0692549 0.0639993 0.0576311 0.0506457 0.0434384 0.0363082 0.0294826 0.023146 0.0174575 0.012553 0.00853125 0.00542986
 0.00679689 0.0109201 0.0162406 0.0227201 0.0302796 0.0387105 0.0475605 0.0561373 0.0636561 0.0694179 0.0729273 0.0739538 0.0725559 0.0690497 0.0639122 0.0576602 0.0507626 0.0436025 0.0364778 0.0296226 0.023232 0.0174798 0.0125184 0.00845954 0.00534587
 0.0068348 0.0109827 0.0163372 0.0228606 0.0304739 0.0389644 0.0478697 0.0564806 0.0639909 0.0696846 0.073065 0.0739224 0.0723563 0.0687272 0.0635403 0.0573131 0.0504903 0.0434206 0.0363728 0.0295651 0.0231912 0.0174336 0.0124582 0.00838901 0.00527552
 0.00685543 0.0110187 0.0163964 0.0229528 0.0306098 0.0391539 0.0481181 0.0567848 0.0643357 0.0700397 0.0733848 0.0741529 0.0724485 0.0686553 0.0633145 0.056979 0.0501136 0.0430633 0.0360748 0.029338 0.0230249 0.0173094 0.0123597 0.00830737 0.00520876
 0.00679295 0.0109224 0.0162618 0.0227814 0.0304106 0.0389451 0.0479283 0.0566503 0.0642925 0.0701127 0.0735773 0.0744413 0.0727852 0.0689799 0.0635705 0.0571319 0.0501602 0.0430289 0.0359981 0.0292538 0.022953 0.0172542 0.012317 0.0082721 0.00517865
 0.00676732 0.0108751 0.0161802 0.0226504 0.0302166 0.0386826 0.0476067 0.0562978 0.0639542 0.0698429 0.0734271 0.0744449 0.0729482 0.0692742 0.0639413 0.0575132 0.0504949 0.0432839 0.0361685 0.0293551 0.0230083 0.0172828 0.0123306 0.00827632 0.00517681
 0.00675585 0.0108575 0.0161551 0.0226157 0.030168 0.0386121 0.0475037 0.0561522 0.0637637 0.0696193 0.0731993 0.0742543 0.0728372 0.0692724 0.0640535 0.0577164 0.0507459 0.0435345 0.0363814 0.0295126 0.0231113 0.0173431 0.0123623 0.00829083 0.00518174
 0.00664625 0.0106928 0.0159324 0.0223414 0.0298561 0.038281 0.0471729 0.0558415 0.0634912 0.0693997 0.073044 0.0741732 0.0728408 0.0693711 0.0642526 0.058009 0.0511084 0.0439289 0.0367644 0.0298477 0.0233776 0.0175367 0.0124919 0.00837101 0.00522748
