SBPRF35
12.7214
Curr Bio
627694
B35
888171
F35
0.169168
FOFL
0.113353
OFL
57880
Bzero
3.63469e+006
#pred survey bio
 3.70569e+006 3.58177e+006 3.46824e+006 3.3129e+006 3.10746e+006 2.86803e+006 2.60936e+006 2.3797e+006 2.13276e+006 1.87838e+006 1.64449e+006 1.43865e+006 1.25367e+006 1.10912e+006 992919 885173 792726 705695 662451 614011 578041 560428 554081 536023 528721 520539 508255 500836 508527 518502 536442 542818 555715 571426 595370 608233 624650 632600 640303 645287 656013 667660 669871 670799 671034 677757 672357 659892 646759 632590 2.15013e+007 1.30699e+007 1.36348e+007 1.49241e+007 1.66844e+007 1.86116e+007 2.04762e+007 2.2144e+007 2.35584e+007 2.47138e+007 2.56333e+007 2.63514e+007 2.69051e+007 2.73285e+007 2.76506e+007 2.78951e+007 2.80805e+007 2.82214e+007 2.83288e+007 2.84108e+007 2.84738e+007 2.85224e+007 2.85601e+007 2.85894e+007 2.86124e+007 2.86305e+007 2.86447e+007 2.86559e+007 2.86649e+007 2.8672e+007 2.86777e+007 2.86823e+007 2.8686e+007 2.8689e+007 2.86914e+007 2.86934e+007 2.8695e+007 2.86963e+007 2.86973e+007 2.86982e+007 2.86989e+007 2.86994e+007 2.86999e+007 2.87003e+007 2.87006e+007 2.87008e+007 2.8701e+007 2.87012e+007 2.87013e+007 2.87015e+007 2.87016e+007 2.87016e+007 2.87017e+007 2.87017e+007 2.87018e+007 2.87018e+007 2.87018e+007 2.87019e+007 2.87019e+007 2.87019e+007 2.87019e+007 2.87019e+007 2.87019e+007 2.87019e+007 2.87019e+007 2.8702e+007 2.8702e+007 2.8702e+007 2.8702e+007 2.8702e+007 2.8702e+007 2.8702e+007 2.8702e+007 2.8702e+007 2.8702e+007 2.8702e+007 2.8702e+007 2.8702e+007 2.8702e+007 2.8702e+007 2.8702e+007 2.8702e+007 2.8702e+007 2.8702e+007 2.8702e+007 2.8702e+007 2.8702e+007 2.8702e+007 2.8702e+007 2.8702e+007 2.8702e+007 2.8702e+007 2.8702e+007 2.8702e+007 2.8702e+007 2.8702e+007 2.8702e+007 2.8702e+007 2.8702e+007 2.8702e+007 0 0 0 0 0 0 0 0 0 0 0 0 0 0 0 0 0 0 0 0 0 0 0 0 0
#obs survey bio
 3.73341e+006 2.80665e+006 3.62506e+006 2.24496e+006 3.66672e+006 2.07187e+006 3.68691e+006 2.38882e+006 1.76884e+006 1.77595e+006 1.49229e+006 1.50033e+006 1.35441e+006 922270 1.0244e+006 924986 657617 539928 615851 424232 585288 383981 568676 800837 490407 443677 362095 308536 509134 544591 605821 568255 577921 646992 531924 451554 646787 440805 906988 856354 704110 863730 461755 978469 758309 548350 749761 673293 467678 468560
#pred catch bio
 110228 105835 152298 209257 253979 286776 276248 307870 329159 322451 305841 292390 259437 236404 228912 213116 203827 161887 161816 145779 126585 115656 123907 112880 112248 113830 108013 95014.4 93687 87642.3 97085.2 90820.8 88673.9 82895.4 93722.1 92032.2 100339 100929 103208 98379.7 97837.8 105402 105201 104225 97808.7 107496 111882 110480 108850 108308 57880 85206.9 87647.9 94704.7 105586 117815 129619 140050 148743 155689 161070 165141 168165 170380 171984 173135 173956 174537 174947 175235 175437 175578 175676 175745 175792 175826 175848 175864 175875 175883 175888 175892 175894 175896 175897 175898 175898 175899 175899 175899 175899 175900 175900 175900 175900 175900 175900 175900 175900 175900 175900 175900 175900 175900 175900 175900 175900 175900 175900 175900 175900 175900 175900 175900 175900 175900 175900 175900 175900 175900 175900 175900 175900 175900 175900 175900 175900 175900 175900 175900 175900 175900 175900 175900 175900 175900 175900 175900 175900 175900 175900 175900 175900 175900 175900 175900 175900 175900 175900 175900 0 0 0 0 0 0 0 0 0 0 0 0 0 0 0 0 0 0 0 0 0 0 0 0 0
#obs catch bio
 0 105493 152346 209890 254606 287827 275579 307614 330232 324884 308574 295932 262003 238980 232936 215702 207807 164688 165234 148628 127839 117139 126001 114000 113974 115458 109536 96513.4 94992 88632.1 98209.4 90909.4 88885 82771.3 93734.8 92111.5 100665 101528 103333 98383.5 97983.7 105175 105426 103714 96795.7 107170 111221 109830 108812 108332
#pred cpue bio
 3.65726e+006 3.53521e+006 3.42266e+006 3.26742e+006 3.06245e+006 2.82383e+006 2.56616e+006 2.33712e+006 2.09097e+006 1.83769e+006 1.60518e+006 1.40086e+006 1.21757e+006 1.07434e+006 959109 852661 761707 676481 634351 587531 552903 535929 529720 512229 505251 497433 485646 478511 486077 495982 513795 520506 533422 548904 572346 584864 600793 608550 616182 621232 631846 643428 645838 647047 647615 654297 649050 636994 624285 610807 2.07818e+007 1.2646e+007 1.30471e+007 1.41475e+007 1.58388e+007 1.77489e+007 1.96099e+007 2.1277e+007 2.26912e+007 2.38467e+007 2.47661e+007 2.54842e+007 2.6038e+007 2.64614e+007 2.67835e+007 2.70279e+007 2.72134e+007 2.73543e+007 2.74616e+007 2.75437e+007 2.76067e+007 2.76553e+007 2.76929e+007 2.77223e+007 2.77452e+007 2.77633e+007 2.77775e+007 2.77888e+007 2.77977e+007 2.78048e+007 2.78106e+007 2.78152e+007 2.78189e+007 2.78218e+007 2.78243e+007 2.78262e+007 2.78278e+007 2.78291e+007 2.78301e+007 2.7831e+007 2.78317e+007 2.78323e+007 2.78327e+007 2.78331e+007 2.78334e+007 2.78337e+007 2.78339e+007 2.7834e+007 2.78342e+007 2.78343e+007 2.78344e+007 2.78345e+007 2.78345e+007 2.78346e+007 2.78346e+007 2.78346e+007 2.78347e+007 2.78347e+007 2.78347e+007 2.78347e+007 2.78347e+007 2.78347e+007 2.78348e+007 2.78348e+007 2.78348e+007 2.78348e+007 2.78348e+007 2.78348e+007 2.78348e+007 2.78348e+007 2.78348e+007 2.78348e+007 2.78348e+007 2.78348e+007 2.78348e+007 2.78348e+007 2.78348e+007 2.78348e+007 2.78348e+007 2.78348e+007 2.78348e+007 2.78348e+007 2.78348e+007 2.78348e+007 2.78348e+007 2.78348e+007 2.78348e+007 2.78348e+007 2.78348e+007 2.78348e+007 2.78348e+007 2.78348e+007 2.78348e+007 2.78348e+007 2.78348e+007 2.78348e+007 2.78348e+007 2.78348e+007 2.78348e+007 2.78348e+007 0 0 0 0 0 0 0 0 0 0 0 0 0 0 0 0 0 0 0 0 0 0 0 0 0
#obs cpue bio
 3.58594e+006 4.82156e+006 2.98427e+006 2.96047e+006 2.88799e+006 3.72066e+006 2.97152e+006 2.22623e+006 1.75674e+006 1.28537e+006 1.44585e+006 1.03131e+006 1.0493e+006 1.02294e+006 570918 876557 570523 558222 509752 640197 658356 486145 404808 358025 331164 531130 541994 445248 465757 382886 489886 863424 462846 569778 688295 624024 524766 617628 652176 475748 497166 764157 630045 864856 937222 507983 782038 661163 585292 826003
#pred surv len freq
 0.00450603 0.00736649 0.0111819 0.0159658 0.0216221 0.0278597 0.0341698 0.0399546 0.0447525 0.0483854 0.0509334 0.0526047 0.0536196 0.0541596 0.0543597 0.0543196 0.0541208 0.0538257 0.053427 0.0527451 0.0513429 0.0485827 0.043902 0.0372036 0.0290892
 0.00474855 0.00767165 0.0114801 0.0161471 0.0215775 0.0275414 0.0336303 0.0393343 0.0442154 0.0480434 0.0508072 0.0526398 0.0537407 0.0543228 0.0545737 0.0546292 0.0545645 0.054391 0.0540281 0.0532396 0.0515859 0.0484937 0.0435057 0.0366183 0.02847
 0.00490302 0.00794789 0.0119352 0.0168306 0.0224979 0.0286264 0.034713 0.0401927 0.044663 0.0480182 0.0503968 0.0520249 0.0530992 0.0537638 0.0541328 0.0543055 0.0543528 0.054282 0.0539847 0.0531819 0.05141 0.0481211 0.0429308 0.0359183 0.0277675
 0.00503738 0.00816837 0.0122734 0.0173236 0.0231869 0.0295479 0.0358765 0.0415503 0.0460866 0.0493083 0.0513363 0.0524602 0.0530032 0.0532374 0.0533474 0.0534274 0.0534959 0.053498 0.0532728 0.0525019 0.050701 0.0473336 0.0420616 0.0350236 0.0269404
 0.00520341 0.0084385 0.0126805 0.0178995 0.0239576 0.0305269 0.0370575 0.0429036 0.0475571 0.0508117 0.0527516 0.0536308 0.053764 0.0534677 0.0530212 0.0526257 0.05237 0.0522074 0.0519344 0.0511715 0.0493887 0.0460377 0.040802 0.0338549 0.0259361
 0.00541949 0.00878471 0.0131924 0.0186075 0.0248828 0.0316737 0.0384053 0.0444037 0.0491384 0.0523926 0.0542471 0.05495 0.054803 0.0541105 0.0531618 0.0522057 0.0514095 0.0508052 0.0502348 0.0493189 0.0474992 0.0441996 0.0390931 0.0323527 0.0247084
 0.00570928 0.00924441 0.0138631 0.0195198 0.0260521 0.0330928 0.0400356 0.0461727 0.0509491 0.0541415 0.0558398 0.0563079 0.0558578 0.0547947 0.0534028 0.0519327 0.0505771 0.0494219 0.0483778 0.0471253 0.0451392 0.0418485 0.0369114 0.0304711 0.0232116
 0.00599579 0.00970332 0.0145408 0.0204546 0.0272669 0.0345843 0.041763 0.0480543 0.0528746 0.055993 0.057512 0.0577168 0.0569399 0.0554995 0.0536824 0.0517367 0.0498572 0.0481505 0.0465758 0.0448825 0.0426159 0.0392528 0.0344611 0.0283506 0.0215358
 0.00627624 0.0101654 0.0152473 0.0214668 0.0286312 0.0363113 0.0438076 0.0503096 0.055189 0.0582019 0.0594678 0.0593066 0.0580888 0.0561651 0.0538429 0.0513776 0.0489623 0.0467073 0.0445955 0.0424307 0.0398336 0.0363532 0.0316929 0.0259397 0.0196296
 0.00655598 0.0106245 0.0159467 0.0224676 0.0299845 0.0380407 0.045889 0.0526601 0.0576725 0.0606491 0.0617028 0.061171 0.0594602 0.0569661 0.0540397 0.0509669 0.0479557 0.0451227 0.042465 0.0398241 0.0368862 0.0332745 0.0287392 0.0233551 0.0175801
 0.00684677 0.0110928 0.0166439 0.0234403 0.0312683 0.0396493 0.0478009 0.0548106 0.0599578 0.0629396 0.0638575 0.0630492 0.0609324 0.0579251 0.0544106 0.0507107 0.047066 0.0436187 0.0403916 0.0372641 0.0339799 0.0302287 0.0258062 0.0207787 0.0155304
 0.00711281 0.0115265 0.0172988 0.0243666 0.032503 0.0412012 0.0496355 0.0568463 0.062079 0.0650203 0.0657806 0.0647134 0.0622496 0.0588166 0.0548069 0.0505561 0.0463254 0.042285 0.0384936 0.0348786 0.0312447 0.0273457 0.0230193 0.018323 0.0135716
 0.00746974 0.0120855 0.0181008 0.025437 0.0338491 0.0428088 0.0514617 0.0588144 0.0640832 0.0669405 0.0675008 0.0661361 0.0633024 0.0594507 0.0549892 0.050261 0.045531 0.0409794 0.0366896 0.0326334 0.0286778 0.0246416 0.0204051 0.0160186 0.0117326
 0.00781614 0.0126338 0.0188975 0.0265132 0.0352127 0.0444348 0.0532825 0.0607226 0.06595 0.0686441 0.0689471 0.0672637 0.0640746 0.0598454 0.0549918 0.0498603 0.0447174 0.0397468 0.0350465 0.0306219 0.0263931 0.0222391 0.0180817 0.0139686 0.0100946
 0.00799187 0.0129402 0.0193964 0.0272728 0.0362905 0.0458499 0.0549919 0.0626153 0.0678692 0.0704248 0.0704513 0.0683992 0.0647976 0.0601498 0.0548941 0.0493837 0.0438814 0.0385661 0.0335387 0.0288252 0.0243851 0.0201463 0.0160668 0.0121942 0.00867765
 0.00816943 0.0132285 0.0198308 0.0278894 0.0371235 0.0469241 0.0563099 0.064144 0.0695312 0.0721008 0.071996 0.069668 0.0656765 0.0605765 0.0548607 0.0489228 0.0430443 0.0374054 0.0321032 0.0271685 0.0225818 0.018303 0.0143152 0.0106643 0.00746227
 0.00828302 0.013424 0.020145 0.0283628 0.0377913 0.0478025 0.0573841 0.065366 0.0708302 0.0733977 0.0732119 0.0707242 0.0664938 0.0610819 0.055001 0.0486771 0.0424275 0.0364597 0.0308874 0.0257518 0.0210463 0.0167474 0.0128503 0.00939441 0.00645865
 0.00843385 0.0136671 0.0205072 0.0288688 0.0384597 0.0486395 0.0583752 0.0664705 0.0719826 0.074518 0.0742185 0.0715469 0.06708 0.0613968 0.0550241 0.0483995 0.0418538 0.0356117 0.0298066 0.0244993 0.0197005 0.0154003 0.0115982 0.00832188 0.00561947
 0.00834744 0.013538 0.0203353 0.0286648 0.0382467 0.0484539 0.0582649 0.0664901 0.0721819 0.0749263 0.0748312 0.0723203 0.0679376 0.0622437 0.0557639 0.0489497 0.0421552 0.0356344 0.0295527 0.0240029 0.0190245 0.0146287 0.0108229 0.00762521 0.00505776
 0.00841067 0.0136283 0.0204484 0.0287889 0.0383669 0.048558 0.0583497 0.0665634 0.0722614 0.0750361 0.074996 0.0725575 0.0682489 0.062609 0.0561407 0.0492797 0.0423764 0.0356954 0.0294245 0.023687 0.0185547 0.0140651 0.0102392 0.0070912 0.00462276
 0.0086195 0.0139256 0.0208172 0.029186 0.0387334 0.0488388 0.0585093 0.066593 0.0721778 0.0748748 0.0748043 0.0723858 0.0681398 0.0625871 0.0562055 0.0494042 0.0425129 0.035787 0.029421 0.0235593 0.0183037 0.0137221 0.00985575 0.00672302 0.00431331
 0.00876643 0.0141494 0.0211241 0.0295669 0.0391607 0.0492651 0.0588707 0.0668216 0.0722228 0.074725 0.0744973 0.0719962 0.0677542 0.0622773 0.0560121 0.0493318 0.0425343 0.0358538 0.0294776 0.0235586 0.0182209 0.0135603 0.00964263 0.00649793 0.00411228
 0.00866277 0.0140135 0.0209797 0.0294553 0.0391283 0.0493433 0.059059 0.0670834 0.0724964 0.0749445 0.0746138 0.0719931 0.0676518 0.0621242 0.0558666 0.0492412 0.0425195 0.0359048 0.029561 0.0236322 0.0182501 0.01353 0.00956006 0.00638638 0.00399897
 0.00873412 0.0141112 0.0210945 0.0295713 0.0392331 0.0494395 0.0591696 0.0672417 0.072724 0.0752291 0.0749043 0.0722172 0.0677466 0.0620635 0.0556704 0.0489636 0.042225 0.035644 0.0293567 0.0234798 0.0181292 0.0134198 0.00945027 0.00627888 0.00390282
 0.00871402 0.0140828 0.0210588 0.0295303 0.0391867 0.049384 0.059099 0.0671552 0.0726345 0.0751661 0.0749039 0.0723015 0.0679066 0.0622589 0.0558482 0.0490841 0.0422771 0.0356434 0.0293297 0.0234468 0.0180976 0.0133869 0.00941165 0.00623454 0.00385772
 0.00868251 0.0140368 0.0209995 0.0294626 0.0391182 0.0493228 0.0590515 0.0671237 0.0726169 0.0751585 0.0749049 0.0723168 0.0679474 0.0623336 0.0559526 0.0491995 0.0423786 0.0357126 0.0293623 0.0234506 0.018084 0.0133645 0.0093847 0.00620551 0.00382941
 0.00876729 0.0141571 0.0211482 0.0296224 0.039267 0.0494418 0.0591316 0.067166 0.072628 0.0751444 0.0748683 0.0722582 0.0678694 0.0622439 0.055863 0.0491201 0.0423127 0.0356562 0.0293083 0.0233947 0.0180265 0.013309 0.00933505 0.00616399 0.00379682
 0.00880653 0.0142206 0.0212421 0.02975 0.0394248 0.0496164 0.0592986 0.0672949 0.0726931 0.0751361 0.0747964 0.0721463 0.067743 0.0621219 0.0557551 0.0490297 0.0422398 0.0355984 0.0292615 0.023354 0.0179884 0.0132726 0.00930135 0.00613491 0.00377372
 0.00870637 0.0140623 0.0210136 0.0294456 0.0390497 0.0491908 0.0588601 0.0668939 0.0723805 0.0749483 0.074747 0.0722275 0.0679338 0.0623958 0.0560843 0.0493863 0.0425973 0.0359339 0.0295578 0.0236003 0.0181804 0.0134121 0.00939487 0.00619216 0.00380525
 0.00856057 0.0138381 0.0207003 0.0290421 0.038565 0.0486443 0.0582828 0.0663297 0.0718832 0.074573 0.0745384 0.0722094 0.0681041 0.0627281 0.0565359 0.049908 0.0431417 0.0364605 0.0300355 0.0240082 0.0185081 0.0136587 0.00956783 0.00630439 0.00387211
 0.00831227 0.0134529 0.0201558 0.0283327 0.037705 0.0476717 0.0572619 0.0653481 0.0710383 0.0739517 0.0742001 0.072179 0.0683734 0.0632609 0.0572743 0.05078 0.0440709 0.0373758 0.0308788 0.0247387 0.0191035 0.0141144 0.0098938 0.00652096 0.00400487
 0.00834079 0.0134672 0.0201184 0.0281899 0.0374023 0.0471768 0.056585 0.0645459 0.0701996 0.0731739 0.0735682 0.0717543 0.0681902 0.0633274 0.0575736 0.0512736 0.0447028 0.03808 0.0315886 0.0253964 0.0196676 0.014563 0.0102242 0.00674551 0.00414505
 0.00833973 0.0134624 0.0201038 0.0281527 0.0373199 0.0470157 0.0563052 0.0641148 0.0696114 0.0724657 0.0728212 0.0710747 0.0676797 0.0630566 0.0575699 0.0515228 0.045159 0.0386774 0.0322528 0.0260559 0.0202636 0.0150566 0.0105995 0.00700716 0.00431179
 0.00833751 0.0134523 0.0200765 0.0280959 0.0372208 0.0468648 0.0560989 0.063853 0.0692936 0.0720903 0.072392 0.0706133 0.0672326 0.0626902 0.0573525 0.0515018 0.0453463 0.0390468 0.0327489 0.0266086 0.0208044 0.0155316 0.0109772 0.00727979 0.00449034
 0.0083067 0.0133964 0.0199817 0.0279459 0.0370008 0.046568 0.0557322 0.0634392 0.0688664 0.0716852 0.0720372 0.0703246 0.0670165 0.0625526 0.0573067 0.0515692 0.0455467 0.0393842 0.0332021 0.0271317 0.0213381 0.0160194 0.0113789 0.00757855 0.00469096
 0.00830618 0.0134039 0.0200074 0.0280016 0.0370935 0.0466914 0.0558613 0.0635337 0.0688843 0.0715988 0.0718432 0.0700438 0.0666847 0.0622099 0.0569913 0.0513162 0.0453872 0.0393413 0.0332829 0.0273214 0.0216006 0.0163068 0.0116464 0.00779567 0.00484655
 0.00820876 0.0132597 0.0198175 0.0277782 0.0368587 0.0464733 0.0556888 0.0634295 0.0688565 0.0716351 0.0719132 0.0701101 0.0667183 0.0622008 0.0569501 0.0512675 0.0453613 0.039366 0.0333763 0.0274859 0.0218206 0.0165524 0.0118827 0.00799465 0.00499419
 0.00812586 0.0131359 0.0196521 0.0275786 0.03664 0.0462559 0.0554964 0.0632863 0.0687828 0.0716412 0.0719932 0.0702412 0.066866 0.0623301 0.0570373 0.0513082 0.0453704 0.0393705 0.0334045 0.0275567 0.0219371 0.0167015 0.0120412 0.00813882 0.00510797
 0.00805165 0.0130172 0.0194775 0.0273408 0.0363392 0.0459045 0.0551222 0.062931 0.0684936 0.0714579 0.0719379 0.0703136 0.0670448 0.0625792 0.0573145 0.051576 0.0456053 0.0395674 0.0335734 0.0277139 0.0220948 0.0168615 0.012195 0.00827356 0.00521363
 0.00805605 0.0130142 0.0194543 0.0272788 0.0362188 0.0457124 0.0548588 0.0626139 0.0681557 0.0711411 0.071685 0.0701591 0.0670075 0.0626573 0.0574868 0.051808 0.0458597 0.0398142 0.0337962 0.0279098 0.0222684 0.0170173 0.012333 0.0083898 0.00530371
 0.00795516 0.0128668 0.0192626 0.027054 0.0359756 0.0454613 0.0546022 0.0623484 0.0678806 0.070867 0.0714368 0.0699716 0.0669156 0.0626844 0.0576369 0.0520643 0.0461888 0.0401756 0.034153 0.028236 0.0225506 0.0172517 0.0125207 0.00853334 0.00540692
 0.00786157 0.012715 0.0190361 0.0267409 0.0355744 0.0449886 0.0540957 0.061862 0.0674682 0.0705652 0.0712566 0.0699051 0.0669496 0.0628114 0.0578553 0.0523708 0.0465703 0.0406063 0.0345985 0.0286614 0.0229286 0.0175663 0.0127668 0.00871421 0.00553113
 0.00776584 0.0125752 0.0188542 0.0265274 0.0353428 0.0447484 0.0538496 0.061609 0.0672122 0.0703205 0.0710471 0.0697555 0.0668765 0.0628199 0.0579427 0.052532 0.0467988 0.0408912 0.0349212 0.0289961 0.0232471 0.0178453 0.0129922 0.00888239 0.00564683
 0.00770519 0.0124726 0.0186935 0.0262939 0.0350299 0.0443658 0.0534278 0.0611948 0.0668535 0.0700506 0.0708772 0.0696799 0.066884 0.0629017 0.0580937 0.0527473 0.0470712 0.0412095 0.0352695 0.0293533 0.0235892 0.0181491 0.0132412 0.0090698 0.00577595
 0.00781651 0.0126197 0.0188519 0.0264187 0.035067 0.0442708 0.0531829 0.0608166 0.0663887 0.0695632 0.0704321 0.0693283 0.0666537 0.0627972 0.0581031 0.0528519 0.0472522 0.0414495 0.0355503 0.0296546 0.0238881 0.018423 0.0134719 0.00924751 0.00590055
 0.00774673 0.0125348 0.0187749 0.026383 0.0351003 0.0443728 0.0533129 0.0609021 0.0663564 0.0693749 0.0701045 0.0689255 0.0662599 0.0624859 0.0579177 0.0528028 0.0473253 0.0416182 0.0357845 0.0299247 0.024166 0.0186836 0.0136954 0.00942238 0.00602479
 0.0076891 0.0124502 0.0186661 0.0262625 0.0349918 0.0443095 0.0533297 0.061021 0.0665685 0.0696306 0.0703246 0.0690331 0.0662156 0.0623054 0.0576611 0.0525452 0.0471277 0.0415123 0.0357732 0.029991 0.0242832 0.0188232 0.0138326 0.00953951 0.00611325
 0.00770572 0.0124709 0.0186857 0.0262734 0.0349869 0.0442881 0.0533018 0.0610075 0.0665953 0.0697165 0.0704677 0.0692028 0.0663594 0.0623693 0.0576154 0.0523996 0.0469258 0.0413109 0.0356189 0.0299065 0.024267 0.0188572 0.013893 0.00960499 0.00616958
 0.00752644 0.0122233 0.0183938 0.025985 0.034759 0.0441625 0.0532888 0.061086 0.0667292 0.0698758 0.0706394 0.0693866 0.0665538 0.0625595 0.0577735 0.0524975 0.0469519 0.0412782 0.0355591 0.0298543 0.0242451 0.0188704 0.0139317 0.00965384 0.00621526
 0.00720345 0.0117356 0.017732 0.0251719 0.0338512 0.0432473 0.0524747 0.060485 0.0664273 0.0699035 0.0709624 0.0699234 0.0672095 0.0632534 0.0584481 0.0531137 0.0474837 0.0417132 0.0359005 0.0301188 0.0244546 0.0190424 0.0140746 0.00976869 0.00630121
#obs surv len freq
 nan nan nan nan nan nan nan nan nan nan nan nan nan nan nan nan nan nan nan nan nan nan nan nan nan
 0.00449071 0.00735452 0.0111864 0.0160033 0.0217027 0.0279756 0.0342862 0.0400142 0.0446913 0.0481536 0.0505106 0.0520062 0.0528984 0.0534108 0.0537252 0.0539801 0.0542588 0.0545515 0.0546903 0.0542822 0.0527204 0.0493528 0.0438029 0.0362835 0.0276678
 0.00461737 0.00756497 0.011511 0.0164718 0.0223365 0.0287756 0.0352223 0.0410225 0.0456844 0.0490393 0.0512102 0.0524654 0.0530916 0.0533399 0.0534143 0.0534676 0.0535887 0.0537669 0.0538304 0.0533841 0.0518232 0.0485001 0.0430401 0.035649 0.0271829
 0.00478291 0.00783427 0.0119169 0.0170457 0.0231032 0.0297442 0.0363756 0.0423102 0.0470257 0.0503333 0.0523504 0.0533545 0.0536545 0.0535332 0.05323 0.0529299 0.0527456 0.0526802 0.0525679 0.0520171 0.0504277 0.0471573 0.0418306 0.0346393 0.0264098
 0.0049716 0.00814355 0.012387 0.0177155 0.0240027 0.0308824 0.0377289 0.0438182 0.0485998 0.0518724 0.0537538 0.0545279 0.054513 0.0540059 0.0532681 0.0525152 0.0518945 0.0514422 0.0510201 0.0502589 0.0485758 0.0453401 0.0401746 0.0332475 0.0253401
 0.00517386 0.00847611 0.0128946 0.0184425 0.0249848 0.0321337 0.0392271 0.0455002 0.0503692 0.0536172 0.0553638 0.0559044 0.0555714 0.0546745 0.0534885 0.0522458 0.0511182 0.0501759 0.0493222 0.0482322 0.0463646 0.0431167 0.0381153 0.0314991 0.023988
 0.00540173 0.00884754 0.0134557 0.0192372 0.0260476 0.0334769 0.040828 0.0472947 0.0522599 0.0554904 0.0571059 0.0574127 0.0567576 0.0554652 0.0538232 0.0520766 0.0504126 0.0489266 0.0475622 0.0460497 0.0439089 0.0405879 0.0357315 0.0294499 0.0223899
 0.00564296 0.00924287 0.0140565 0.0200931 0.0271968 0.034931 0.0425564 0.0492203 0.0542709 0.0574625 0.0589226 0.0589747 0.0579837 0.056289 0.0541895 0.0519384 0.0497325 0.0476846 0.0457725 0.0437821 0.0413052 0.0378573 0.033118 0.027176 0.0206005
 0.00589625 0.00965569 0.0146798 0.0209755 0.0283755 0.0364178 0.0443227 0.051191 0.0563336 0.0594885 0.0607872 0.0605709 0.0592272 0.0571164 0.0545532 0.0518001 0.0490599 0.0464558 0.0439919 0.041505 0.0386599 0.0350489 0.0303985 0.0247855 0.0187034
 0.00613847 0.0100558 0.0152936 0.0218584 0.0295712 0.0379406 0.0461395 0.0532164 0.0584436 0.0615455 0.0626636 0.0621607 0.0604487 0.0579102 0.0548772 0.0516239 0.0483599 0.0452167 0.0422182 0.0392448 0.0360299 0.032243 0.027664 0.0223655 0.0167705
 0.00637518 0.0104436 0.015883 0.0226991 0.0307034 0.0393801 0.0478628 0.0551524 0.0604819 0.0635552 0.064514 0.0637372 0.0616607 0.0586935 0.0551905 0.0514426 0.0476689 0.0440087 0.040503 0.0370693 0.0335018 0.0295424 0.0250237 0.0200192 0.0148878
 0.00663903 0.0108724 0.0165279 0.0236071 0.0319077 0.0408861 0.0496328 0.0571018 0.0624913 0.065494 0.066261 0.0651918 0.0627457 0.0593539 0.0553913 0.0511646 0.0469041 0.0427592 0.0387864 0.0349349 0.0310525 0.026945 0.0224932 0.0177725 0.0130838
 0.00682541 0.0111868 0.0170221 0.0243359 0.0329175 0.0421956 0.0512154 0.0588799 0.0643495 0.0673029 0.0679005 0.0665636 0.0637766 0.0599933 0.0556075 0.0509397 0.0462307 0.0416398 0.0372398 0.0330099 0.0288445 0.024605 0.0202141 0.0157478 0.0114562
 0.00708168 0.0115979 0.0176308 0.0251791 0.03402 0.0435606 0.0528121 0.0606372 0.0661613 0.0690451 0.0694503 0.0678165 0.0646568 0.0604572 0.0556394 0.0505432 0.0454194 0.040433 0.0356665 0.0311217 0.0267314 0.0224034 0.0180943 0.0138794 0.0099617
 0.00728249 0.0119344 0.018155 0.0259435 0.035064 0.0448909 0.0543849 0.0623568 0.0678996 0.0706712 0.0708545 0.0689186 0.0654036 0.0608171 0.0555992 0.0501061 0.0446017 0.039261 0.0341775 0.0293712 0.0248049 0.0204223 0.0162059 0.0122268 0.00864664
 0.00745477 0.012217 0.0185854 0.0265594 0.0358973 0.0459567 0.0556687 0.0638057 0.0694246 0.07216 0.07219 0.0699977 0.0661511 0.0611912 0.0555886 0.0497208 0.0438649 0.0382043 0.0328423 0.0278147 0.0231084 0.0186941 0.0145722 0.0108071 0.00752292
 0.00753276 0.0123474 0.018789 0.0268593 0.0363163 0.046512 0.0563659 0.0646353 0.0703601 0.0731594 0.0731969 0.0709427 0.0669571 0.0617839 0.0559081 0.0497304 0.0435532 0.0375832 0.0319436 0.0266905 0.0218335 0.0173659 0.0133006 0.00969421 0.00663862
 0.00760617 0.0124583 0.0189407 0.0270511 0.0365463 0.0467811 0.0566803 0.0650046 0.0707941 0.0736625 0.0737624 0.071549 0.0675655 0.0623402 0.0563483 0.0499914 0.0435847 0.0373572 0.0314604 0.0259807 0.0209571 0.016407 0.0123555 0.00885254 0.00596276
 0.00766418 0.0125473 0.0190645 0.0272088 0.0367322 0.0469853 0.0568901 0.0652085 0.0709875 0.0738523 0.0739663 0.071788 0.0678513 0.0626647 0.0566798 0.0502783 0.0437666 0.0373795 0.0312889 0.0256118 0.020422 0.0157675 0.0116913 0.0082415 0.00546199
 0.00773052 0.0126476 0.0192013 0.0273792 0.0369282 0.0471951 0.057099 0.0654006 0.0711484 0.0739735 0.07405 0.0718476 0.0679086 0.0627405 0.0567838 0.0504004 0.0438756 0.03743 0.0312358 0.0254271 0.0201065 0.015354 0.0112356 0.00780563 0.0050954
 0.00778524 0.0127328 0.019322 0.0275367 0.0371189 0.0474092 0.0573204 0.0656081 0.0713204 0.0740942 0.0741138 0.0718601 0.0678847 0.0627005 0.0567473 0.0503797 0.0438686 0.0374184 0.0311894 0.0253158 0.0199149 0.0150904 0.0109312 0.00750327 0.00483367
 0.0078308 0.012802 0.0194173 0.0276569 0.0372599 0.0475648 0.0574821 0.0657655 0.0714616 0.0742072 0.0741893 0.0718934 0.0678776 0.0626613 0.0566889 0.0503162 0.0438095 0.0373637 0.031128 0.0252297 0.0197886 0.0149209 0.010732 0.00729988 0.00465279
 0.00786519 0.0128549 0.0194912 0.0277518 0.0373729 0.04769 0.057611 0.0658878 0.0715672 0.074289 0.0742435 0.0719199 0.0678775 0.0626371 0.0566448 0.0502582 0.0437446 0.0372967 0.0310584 0.0251512 0.0196928 0.0148036 0.0105982 0.00716304 0.00452944
 0.00788223 0.0128798 0.0195234 0.0277892 0.0374125 0.047729 0.0576478 0.0659222 0.0715997 0.07432 0.0742733 0.071948 0.0679028 0.0626576 0.0566582 0.0502624 0.0437389 0.0372811 0.0310328 0.0251139 0.0196411 0.0147362 0.0105182 0.00707851 0.004451
 0.00789465 0.0128993 0.0195513 0.0278258 0.0374566 0.0477777 0.0576963 0.0659644 0.0716306 0.0743374 0.0742789 0.0719461 0.067898 0.0626531 0.0566546 0.0502585 0.0437322 0.0372694 0.0310139 0.0250863 0.0196035 0.0146887 0.0104633 0.00702138 0.00439819
 0.00793474 0.0129562 0.0196216 0.0279013 0.0375267 0.0478334 0.0577331 0.0659826 0.0716333 0.0743283 0.0742607 0.0719213 0.0678692 0.0626234 0.0566269 0.0502344 0.0437115 0.0372501 0.0309936 0.0250623 0.0195741 0.0146537 0.0104242 0.00698162 0.00436191
 0.00791598 0.0129293 0.0195875 0.0278626 0.0374859 0.047791 0.0576872 0.0659306 0.0715752 0.0742697 0.074212 0.0718939 0.067871 0.0626554 0.0566838 0.0503074 0.0437911 0.0373277 0.0310622 0.0251169 0.0196119 0.0146743 0.0104298 0.00697643 0.00435105
 0.00788687 0.0128791 0.0195073 0.0277436 0.0373234 0.0475894 0.0574625 0.0657093 0.0713864 0.0741361 0.0741448 0.0718933 0.0679305 0.0627654 0.0568332 0.0504831 0.0439787 0.0375127 0.0312319 0.0252618 0.0197266 0.0147575 0.0104841 0.00700721 0.00436528
 0.0079187 0.0129195 0.0195467 0.0277658 0.0373087 0.0475214 0.0573348 0.0655283 0.0711717 0.0739157 0.0739495 0.0717492 0.0678536 0.0627594 0.0568911 0.0505913 0.0441204 0.0376707 0.0313901 0.0254067 0.0198485 0.0148514 0.0105499 0.00704858 0.00438817
 0.00787989 0.0128659 0.019483 0.0277004 0.0372499 0.0474704 0.0572827 0.0654593 0.0710709 0.0737797 0.0737909 0.0715938 0.0677318 0.0626957 0.0568976 0.0506659 0.0442497 0.037835 0.0315681 0.0255792 0.0200007 0.0149744 0.0106406 0.00710951 0.00442508
 0.00786924 0.0128419 0.0194355 0.027618 0.0371248 0.0473058 0.057096 0.0652777 0.0709207 0.0736744 0.0737273 0.0715592 0.0677153 0.0626966 0.0569244 0.0507293 0.0443548 0.037977 0.0317336 0.0257504 0.0201603 0.0151095 0.0107447 0.00718234 0.00447121
 0.00785476 0.0128171 0.0193956 0.0275567 0.0370351 0.0471812 0.056934 0.0650834 0.0707097 0.0734717 0.0735611 0.0714518 0.0676753 0.0627188 0.0569961 0.0508382 0.0444925 0.0381377 0.03191 0.0259312 0.0203316 0.0152585 0.010863 0.00726774 0.00452706
 0.00780435 0.0127367 0.0192776 0.0273958 0.0368297 0.0469355 0.0566598 0.0647999 0.0704402 0.0732394 0.0733861 0.0713496 0.0676559 0.0627843 0.057139 0.0510423 0.0447372 0.0384029 0.032178 0.0261875 0.0205634 0.0154551 0.011018 0.00738017 0.00460146
 0.00779059 0.012709 0.0192262 0.0273085 0.0366951 0.0467484 0.0564252 0.0645341 0.0701677 0.0729867 0.0731767 0.0712012 0.0675796 0.0627853 0.0572164 0.051189 0.0449396 0.0386425 0.0324342 0.0264404 0.020796 0.0156546 0.0111768 0.00749668 0.00467963
 0.00775449 0.0126522 0.0191439 0.0271969 0.0365513 0.0465706 0.0562142 0.0642957 0.069914 0.0727369 0.0729544 0.0710302 0.0674792 0.0627664 0.0572806 0.0513295 0.0451433 0.0388911 0.0327067 0.0267145 0.0210514 0.0158754 0.0113534 0.00762675 0.0047673
 0.00771279 0.0125845 0.0190423 0.0270549 0.0363657 0.0463442 0.0559579 0.0640278 0.0696561 0.0725085 0.0727701 0.0708999 0.0674104 0.0627652 0.0573506 0.0514694 0.0453453 0.0391412 0.0329853 0.0269996 0.0213211 0.0161114 0.0115441 0.00776831 0.00486334
 0.00770634 0.01257 0.0190129 0.0270017 0.0362794 0.0462185 0.0557927 0.0638306 0.0694413 0.0722945 0.0725754 0.0707406 0.0672985 0.0627081 0.0573525 0.0515317 0.0454658 0.0393126 0.0331949 0.027229 0.0215498 0.0163199 0.0117179 0.00790055 0.00495478
 0.0076682 0.012515 0.0189429 0.0269218 0.0361958 0.0461343 0.055706 0.0637355 0.0693321 0.07217 0.0724422 0.0706115 0.0671889 0.0626329 0.0573224 0.0515525 0.0455384 0.0394334 0.0333549 0.0274146 0.0217433 0.016503 0.0118754 0.0080234 0.00504151
 0.0076672 0.0125094 0.0189276 0.0268906 0.036144 0.0460627 0.055622 0.0636512 0.0692582 0.0721103 0.0723916 0.0705611 0.067133 0.0625735 0.0572693 0.0515193 0.0455375 0.0394717 0.0334326 0.0275246 0.0218727 0.0166361 0.0119969 0.00812272 0.0051142
 0.00763477 0.0124628 0.0188686 0.026824 0.0360754 0.0459954 0.0555558 0.0635839 0.0691895 0.072044 0.0723352 0.0705212 0.0671117 0.0625679 0.0572749 0.0515344 0.045565 0.0395175 0.0335012 0.0276157 0.02198 0.0167485 0.0121021 0.00821067 0.00517995
 0.00761747 0.0124338 0.0188236 0.0267597 0.0359911 0.0458952 0.0554499 0.0634863 0.0691126 0.0719941 0.0723111 0.070517 0.0671213 0.0625871 0.0573018 0.0515683 0.045606 0.0395671 0.0335619 0.0276889 0.0220638 0.0168369 0.0121866 0.00828316 0.00523551
 0.00760792 0.0124184 0.0188007 0.0267272 0.0359473 0.0458387 0.0553805 0.0634065 0.0690288 0.0719159 0.0722486 0.0704779 0.0671077 0.0625964 0.0573284 0.0516063 0.0456516 0.0396188 0.0336196 0.027753 0.0221332 0.0169084 0.0122547 0.00834218 0.00528149
 0.00758338 0.0123804 0.0187469 0.0266572 0.0358621 0.0457413 0.0552761 0.0633021 0.0689319 0.0718338 0.0721877 0.0704428 0.0671018 0.0626202 0.0573792 0.0516783 0.0457374 0.0397113 0.0337138 0.0278455 0.0222217 0.0169903 0.0123269 0.00840155 0.00532632
 0.00758067 0.0123733 0.0187315 0.0266282 0.0358148 0.0456737 0.0551908 0.0632061 0.0688354 0.0717464 0.0721167 0.0703928 0.0670751 0.0626177 0.0574008 0.0517223 0.0458001 0.0397873 0.033797 0.0279303 0.0223034 0.0170649 0.0123915 0.00845383 0.00536536
 0.00755167 0.0123303 0.0186744 0.0265592 0.0357371 0.0455901 0.0551028 0.0631149 0.0687437 0.0716598 0.0720431 0.070341 0.0670517 0.0626255 0.0574386 0.0517863 0.0458847 0.0398861 0.0339029 0.0280363 0.0224032 0.0171535 0.0124653 0.00851127 0.00540675
 0.0075346 0.0123008 0.018627 0.0264886 0.0356404 0.0454694 0.0549672 0.0629791 0.0686232 0.0715662 0.0719813 0.0703103 0.0670494 0.0626495 0.0574876 0.0518585 0.0459769 0.039993 0.0340177 0.0281516 0.0225119 0.0172495 0.0125445 0.008572 0.00544972
 0.00752831 0.0122897 0.0186087 0.0264597 0.035597 0.0454082 0.0548863 0.0628801 0.0685125 0.0714545 0.0718818 0.070235 0.0670058 0.0626397 0.0575094 0.0519076 0.0460483 0.0400815 0.0341173 0.0282553 0.0226123 0.0173399 0.01262 0.00863026 0.00549096
 0.00751317 0.0122684 0.0185826 0.0264319 0.0355709 0.0453854 0.0548654 0.0628567 0.0684809 0.0714107 0.0718261 0.0701724 0.0669455 0.0625921 0.0574829 0.0519067 0.0460732 0.0401288 0.0341817 0.02833 0.0226899 0.0174134 0.0126836 0.00868051 0.00552711
 0.00749492 0.0122383 0.0185365 0.0263669 0.0354862 0.0452849 0.0547584 0.0627566 0.0684006 0.0713579 0.0718008 0.0701685 0.0669557 0.0626113 0.0575106 0.0519453 0.0461256 0.0401958 0.0342611 0.0284168 0.0227775 0.0174949 0.0127534 0.00873521 0.0055662
 0.00747786 0.0122101 0.0184934 0.0263048 0.0354023 0.0451787 0.0546334 0.0626217 0.0682694 0.0712459 0.0717216 0.0701307 0.0669597 0.0626511 0.0575763 0.0520276 0.046218 0.0402949 0.0343642 0.0285209 0.0228779 0.017586 0.0128302 0.00879487 0.00560856
#pred catch len freq
 0.00421117 0.00667614 0.00976399 0.013411 0.0175808 0.0222423 0.0273011 0.0325656 0.0377813 0.0426911 0.0470759 0.0507755 0.0537042 0.0558558 0.0572913 0.0581199 0.058482 0.0585175 0.0582882 0.0576538 0.0561753 0.05318 0.0480666 0.0407366 0.031853
 0.00445765 0.00699819 0.0101061 0.0136801 0.0176811 0.0221249 0.0269976 0.0321785 0.0374331 0.042465 0.0469851 0.0507778 0.0537466 0.0559177 0.0574001 0.0583329 0.0588436 0.0590139 0.0588252 0.0580759 0.0563257 0.0529737 0.047535 0.0400135 0.0311111
 0.00462865 0.00728379 0.0105442 0.0142954 0.018462 0.0229989 0.027826 0.0327911 0.0376979 0.042354 0.0465875 0.0502486 0.0532281 0.0554888 0.0570809 0.0581201 0.0587374 0.0590105 0.0588883 0.0581197 0.056236 0.0526622 0.0469919 0.0393197 0.0303984
 0.00480358 0.00755914 0.0109446 0.0148447 0.019186 0.0239226 0.0289562 0.0340864 0.0390432 0.0435636 0.0474557 0.0506298 0.0530985 0.0549498 0.0563008 0.0572614 0.0579099 0.0582629 0.0582168 0.0574793 0.0555589 0.0518919 0.0461217 0.0384078 0.0295448
 0.00501128 0.00788415 0.011411 0.0154693 0.0199791 0.0248898 0.030097 0.0353896 0.0404769 0.0450612 0.0489002 0.0518541 0.0539189 0.0552271 0.0559984 0.0564596 0.0567666 0.0569467 0.0568509 0.0561216 0.0542175 0.0505615 0.0448205 0.0371927 0.0284943
 0.00527447 0.00829229 0.0119895 0.0162312 0.0209274 0.0260195 0.0313938 0.0368256 0.0420088 0.0466304 0.0504321 0.0532533 0.0550643 0.0559791 0.0562277 0.0560911 0.0558148 0.0555151 0.0550948 0.0541969 0.0522485 0.0486417 0.0430312 0.0356152 0.0272011
 0.0055946 0.00878667 0.0126859 0.0171409 0.0220477 0.0273369 0.0328834 0.038447 0.043704 0.0483272 0.05205 0.0547077 0.056267 0.0568355 0.0566374 0.0559593 0.0550796 0.0541784 0.0532372 0.0519659 0.0498275 0.0462179 0.0407744 0.0336635 0.0256446
 0.00595452 0.009344 0.0134737 0.0181737 0.0233231 0.0288376 0.0345748 0.0402731 0.0455884 0.0501795 0.053776 0.0562177 0.0574798 0.0576779 0.0570395 0.0558518 0.0543998 0.0528905 0.0513613 0.0495996 0.0471457 0.0434477 0.0381529 0.0313911 0.0238466
 0.00632193 0.00992251 0.0143101 0.0193009 0.0247573 0.0305729 0.0365739 0.0424602 0.0478524 0.0523879 0.0557937 0.0579233 0.0587766 0.0584971 0.057335 0.0555899 0.0535508 0.0514335 0.0493055 0.0470155 0.0441876 0.0403489 0.0351852 0.0288013 0.0217961
 0.00668072 0.0104871 0.0151266 0.0204041 0.0261707 0.0323053 0.0386098 0.0447473 0.0502939 0.0548467 0.0581062 0.0599225 0.0603167 0.059472 0.057684 0.0552889 0.0525975 0.0498382 0.0470985 0.0442715 0.0410546 0.0370563 0.0320142 0.0260197 0.0195869
 0.00705005 0.0110615 0.0159441 0.0214874 0.0275296 0.0339396 0.0405052 0.0468666 0.0525693 0.0571774 0.0603624 0.0619546 0.0619718 0.0606134 0.0582087 0.0551361 0.0517466 0.0483022 0.0449224 0.0415448 0.0379316 0.0337653 0.0288339 0.0232196 0.0173558
 0.00740543 0.0116173 0.0167406 0.0225499 0.0288679 0.0355465 0.0423515 0.0488959 0.0547001 0.0593108 0.0623915 0.0637696 0.0634631 0.0616751 0.058745 0.0550701 0.0510288 0.0469183 0.0429013 0.0389708 0.0349576 0.0306159 0.0257804 0.0205238 0.0152027
 0.00782844 0.0122638 0.0176385 0.0237017 0.0302576 0.0371488 0.044133 0.0508094 0.0566765 0.0612588 0.0642055 0.0653432 0.0647012 0.0625009 0.0590984 0.0549027 0.0503026 0.0456113 0.0410235 0.0365846 0.032196 0.0276848 0.0229331 0.0180062 0.0131893
 0.00824987 0.0129121 0.0185457 0.024874 0.0316772 0.0387776 0.0459139 0.0526655 0.0585176 0.0629921 0.0657458 0.0666171 0.0656473 0.0630688 0.0592489 0.0546061 0.0495367 0.0443634 0.0393005 0.0344326 0.0297221 0.0250636 0.0203859 0.0157515 0.011384
 0.0085205 0.0133496 0.0191994 0.025788 0.0328816 0.0402749 0.0476635 0.0545779 0.0604641 0.0648288 0.0673398 0.0678663 0.0664889 0.0634766 0.0592227 0.0541581 0.0486802 0.0431101 0.0376686 0.0324652 0.027507 0.0227441 0.0181459 0.0137748 0.0098034
 0.00877343 0.0137437 0.0197628 0.0265406 0.0338383 0.0414472 0.0490536 0.0561641 0.0621856 0.0665791 0.0689767 0.0692377 0.0674664 0.0639819 0.0592345 0.0537005 0.047801 0.041862 0.0361033 0.0306419 0.0255101 0.0206942 0.0161924 0.0120654 0.00844352
 0.0089727 0.0140609 0.0202276 0.0271768 0.0346606 0.0424563 0.0502307 0.0574689 0.0635607 0.0679563 0.0702799 0.070382 0.0683599 0.0645372 0.0593866 0.0534219 0.0471055 0.0407957 0.0347314 0.0290423 0.0237753 0.0189361 0.0145365 0.0106295 0.00730859
 0.00906182 0.0142071 0.0204512 0.0275007 0.0351094 0.0430531 0.0509897 0.0583864 0.0646077 0.0690768 0.0713964 0.0714079 0.069212 0.0651444 0.0596935 0.0533918 0.0467243 0.0400766 0.0337161 0.0277987 0.0223934 0.0175224 0.0132031 0.00947583 0.00639949
 0.00901725 0.0141424 0.0203694 0.027412 0.0350329 0.0430164 0.0510283 0.0585408 0.064915 0.0695597 0.0720511 0.0721971 0.0700666 0.0659742 0.060403 0.0538958 0.0469599 0.040011 0.0333513 0.027172 0.0215751 0.0166064 0.0122926 0.00866299 0.00574688
 0.00906749 0.0142129 0.0204548 0.0275011 0.0351123 0.0430773 0.0510725 0.0585822 0.0649783 0.0696747 0.0722458 0.0724889 0.0704538 0.0664298 0.0608749 0.0543146 0.0472528 0.0401178 0.0332381 0.0268402 0.0210629 0.0159826 0.0116415 0.00806466 0.00525812
 0.00924198 0.014457 0.020749 0.027802 0.0353646 0.0432334 0.0511085 0.0585046 0.0648183 0.069479 0.072066 0.0723729 0.070437 0.0665267 0.0610737 0.0545763 0.0475176 0.0403179 0.033315 0.0267608 0.0208291 0.0156315 0.0112335 0.00766509 0.00491846
 0.00936506 0.0146413 0.0209955 0.0280977 0.0356812 0.0435291 0.051333 0.0586092 0.0647719 0.0692835 0.071762 0.0720293 0.0701298 0.0663172 0.0609934 0.054622 0.0476547 0.04049 0.0334589 0.0268238 0.0207841 0.0154839 0.0110167 0.00742611 0.00470042
 0.00930952 0.0145761 0.0209432 0.0280936 0.0357622 0.0437164 0.0516169 0.0589453 0.0650924 0.0695177 0.0718591 0.0719748 0.0699508 0.0660728 0.060754 0.0544452 0.0475678 0.0404848 0.0334992 0.0268624 0.0207817 0.0154223 0.0109032 0.00728577 0.00456285
 0.00934933 0.0146274 0.0209975 0.0281392 0.0357931 0.0437427 0.0516687 0.0590621 0.0653 0.0698057 0.0721749 0.0722411 0.0700974 0.0660663 0.0606093 0.0542147 0.0473166 0.0402645 0.0333325 0.0267427 0.0206859 0.015328 0.0108 0.00717782 0.00446228
 0.00933083 0.0146013 0.0209647 0.0281012 0.0357496 0.0436898 0.0516009 0.0589793 0.0652166 0.069753 0.0721896 0.0723443 0.0702769 0.066277 0.0607941 0.0543321 0.047357 0.0402473 0.0332881 0.0266945 0.0206419 0.0152846 0.0107518 0.00712444 0.00440906
 0.00931699 0.014582 0.0209418 0.0280786 0.0357323 0.0436817 0.0516027 0.0589873 0.0652234 0.0697513 0.0721788 0.0723343 0.0702853 0.066318 0.0608668 0.0544181 0.0474302 0.0402883 0.0332931 0.0266725 0.0206059 0.0152438 0.0107103 0.00708419 0.00437233
 0.00939257 0.014688 0.0210703 0.0282122 0.0358496 0.0437661 0.0516485 0.0589999 0.0652136 0.0697279 0.072145 0.072289 0.0702283 0.0662545 0.0608062 0.0543687 0.0473933 0.0402577 0.03326 0.0266318 0.0205582 0.0151938 0.010663 0.00704295 0.00433893
 0.00935901 0.0146416 0.0210152 0.0281561 0.0358004 0.0437271 0.051616 0.058966 0.0651724 0.0696818 0.0721049 0.0722688 0.0702374 0.0662933 0.0608681 0.0544443 0.0474737 0.0403352 0.0333274 0.0266832 0.0205908 0.0152086 0.0106642 0.00703593 0.00432865
 0.00922441 0.0144357 0.0207299 0.0277944 0.0353774 0.0432697 0.0511624 0.058561 0.0648594 0.0694922 0.072052 0.0723486 0.0704339 0.0665835 0.0612245 0.0548366 0.0478715 0.0407113 0.0336611 0.0269614 0.020808 0.0153664 0.01077 0.00710069 0.00436428
 0.00900513 0.0141059 0.0202832 0.0272424 0.0347461 0.0425935 0.0504812 0.0579211 0.0643133 0.0690938 0.0718464 0.0723609 0.0706619 0.0669981 0.0617772 0.0554705 0.0485309 0.0413482 0.0342383 0.0274539 0.0212035 0.0156641 0.0109789 0.0072364 0.00444526
 0.00875635 0.0137269 0.0197605 0.0265808 0.0339674 0.0417335 0.0495879 0.0570546 0.0635421 0.0684864 0.0714612 0.0722379 0.0708163 0.0674166 0.0624184 0.0562703 0.0494135 0.0422384 0.0350719 0.0281842 0.0218033 0.0161254 0.0113097 0.00745644 0.00458013
 0.00873667 0.0136733 0.0196401 0.0263504 0.0335844 0.041174 0.0488629 0.0562149 0.0626682 0.0676705 0.0707896 0.071779 0.070614 0.0674872 0.0627492 0.0568218 0.0501242 0.0430339 0.0358763 0.028931 0.0224446 0.0166359 0.0116859 0.00771215 0.00473979
 0.00870388 0.0136211 0.0195618 0.0262355 0.0334149 0.040922 0.0484943 0.055702 0.0620091 0.066905 0.0700001 0.0710729 0.070095 0.0672288 0.0627814 0.057131 0.0506619 0.0437279 0.0366438 0.0296912 0.0231308 0.0172038 0.0121176 0.00801303 0.0049315
 0.00865341 0.0135403 0.0194426 0.0260714 0.0332024 0.0406611 0.0481884 0.0553549 0.0616218 0.0664755 0.0695321 0.0705883 0.0696426 0.0668786 0.0626051 0.0571775 0.0509409 0.0442073 0.0372592 0.0303626 0.02378 0.0177701 0.0125658 0.00833568 0.0051424
 0.00865282 0.0135314 0.0194143 0.0260077 0.0330852 0.0404758 0.0479296 0.0550297 0.0612485 0.0660792 0.0691379 0.0702174 0.0693127 0.0666104 0.0624277 0.057127 0.0510485 0.0444835 0.0376827 0.0308824 0.0243285 0.0182813 0.0129922 0.00865535 0.00535824
