SBPRF35
12.7214
Curr Bio
748199
B35
904748
F35
0.169557
FOFL
0.139429
OFL
86875.1
Bzero
3.63469e+006
#pred survey bio
 3.56771e+006 3.47383e+006 3.38077e+006 3.22141e+006 3.02713e+006 2.81956e+006 2.59106e+006 2.35743e+006 2.10899e+006 1.89197e+006 1.67298e+006 1.48576e+006 1.31306e+006 1.17294e+006 1.00991e+006 867540 781418 715847 672605 644467 604882 578230 565041 560794 551277 552048 547639 560887 566000 574912 586812 599733 603712 609637 624477 634056 646450 662285 661889 670801 674561 684750 704854 708213 709967 712088 725608 734108 742375 754430 2.6526e+007 1.60751e+007 1.65314e+007 1.75602e+007 1.89681e+007 2.05129e+007 2.20115e+007 2.33553e+007 2.4498e+007 2.54341e+007 2.61812e+007 2.67667e+007 2.72196e+007 2.75673e+007 2.78328e+007 2.80352e+007 2.81894e+007 2.83071e+007 2.83972e+007 2.84664e+007 2.85198e+007 2.85612e+007 2.85934e+007 2.86185e+007 2.86383e+007 2.86539e+007 2.86663e+007 2.86761e+007 2.86839e+007 2.86901e+007 2.86951e+007 2.86992e+007 2.87024e+007 2.87051e+007 2.87072e+007 2.87089e+007 2.87103e+007 2.87115e+007 2.87124e+007 2.87132e+007 2.87138e+007 2.87143e+007 2.87147e+007 2.8715e+007 2.87153e+007 2.87155e+007 2.87157e+007 2.87159e+007 2.8716e+007 2.87161e+007 2.87162e+007 2.87162e+007 2.87163e+007 2.87163e+007 2.87164e+007 2.87164e+007 2.87164e+007 2.87165e+007 2.87165e+007 2.87165e+007 2.87165e+007 2.87165e+007 2.87165e+007 2.87165e+007 2.87165e+007 2.87165e+007 2.87165e+007 2.87165e+007 2.87165e+007 2.87165e+007 2.87165e+007 2.87165e+007 2.87165e+007 2.87165e+007 2.87165e+007 2.87165e+007 2.87165e+007 2.87165e+007 2.87165e+007 2.87165e+007 2.87165e+007 2.87165e+007 2.87165e+007 2.87165e+007 2.87165e+007 2.87165e+007 2.87165e+007 2.87165e+007 2.87165e+007 2.87165e+007 2.87165e+007 2.87165e+007 2.87165e+007 2.87165e+007 2.87165e+007 2.87165e+007 2.87165e+007 2.87165e+007 2.87165e+007 2.87165e+007 0 0 0 0 0 0 0 0 0 0 0 0 0 0 0 0 0 0 0 0 0 0 0 0 0
#obs survey bio
 3.01979e+006 3.22876e+006 2.80594e+006 3.99099e+006 4.22915e+006 2.29927e+006 2.69741e+006 2.20243e+006 1.57548e+006 1.11205e+006 1.74321e+006 1.84024e+006 963026 943810 977042 766534 720323 498087 760521 668018 704202 640265 417329 600259 514677 432862 441801 495935 397252 826657 717254 568242 629821 684766 512485 647479 522046 846813 783066 848354 532042 537143 600093 573040 668610 873049 866664 899496 570634 622145
#pred catch bio
 95573.1 96628.2 162553 203345 227529 261052 281258 310138 296116 309995 290331 282950 257019 276282 253505 200408 179585 157124 141043 146535 130872 116676 108323 112654 104321 109358 95597.7 103642 100404 97351.6 95781.9 102372 99873.8 92821.2 98600.6 97495.3 96064.4 110457 102641 107797 103539 97076.1 112530 113689 112897 103194 107821 108027 104275 109161 86875.1 105104 106895 112374 120918 130541 139845 148079 154947 160439 164695 167916 170309 172062 173331 174242 174891 175351 175675 175902 176062 176173 176251 176305 176343 176369 176387 176399 176408 176414 176418 176421 176423 176424 176425 176426 176426 176426 176427 176427 176427 176427 176427 176427 176427 176427 176427 176427 176427 176427 176427 176427 176427 176427 176427 176427 176427 176427 176427 176427 176427 176427 176427 176427 176427 176427 176427 176427 176427 176427 176427 176427 176427 176427 176427 176427 176427 176427 176427 176427 176427 176427 176427 176427 176427 176427 176427 176427 176427 176427 176427 176427 176427 176427 176427 176427 176427 176427 176427 176427 0 0 0 0 0 0 0 0 0 0 0 0 0 0 0 0 0 0 0 0 0 0 0 0 0
#obs catch bio
 0 96303.4 163134 203734 227648 261800 281625 311063 297148 313085 292855 285235 259158 279449 256278 202204 181491 159482 141686 147935 131267 116784 108467 113126 104837 110619 96260.5 104948 101647 97876.1 95801.3 102210 99415 92320.6 98540.9 97677.4 96218.1 110733 102501 107528 103853 97271.5 112993 114156 113204 103127 107676 107899 104222 109186
#pred cpue bio
 3.52126e+006 3.42909e+006 3.337e+006 3.17794e+006 2.98404e+006 2.77684e+006 2.54882e+006 2.31577e+006 2.06817e+006 1.8518e+006 1.63392e+006 1.44796e+006 1.27677e+006 1.13798e+006 977177 837050 752290 687976 645894 618788 580553 554854 542067 537773 528278 528816 524380 537254 542380 551441 563607 576691 580841 586705 601117 610323 622357 637850 637540 646285 649826 659572 679179 682556 684407 686646 700031 708474 716679 728917 2.56665e+007 1.55692e+007 1.58871e+007 1.67691e+007 1.81271e+007 1.96605e+007 2.11569e+007 2.25003e+007 2.36429e+007 2.4579e+007 2.53261e+007 2.59115e+007 2.63645e+007 2.67122e+007 2.69777e+007 2.71801e+007 2.73343e+007 2.7452e+007 2.75421e+007 2.76113e+007 2.76647e+007 2.7706e+007 2.77382e+007 2.77634e+007 2.77832e+007 2.77988e+007 2.78112e+007 2.7821e+007 2.78288e+007 2.7835e+007 2.784e+007 2.78441e+007 2.78473e+007 2.78499e+007 2.78521e+007 2.78538e+007 2.78552e+007 2.78564e+007 2.78573e+007 2.7858e+007 2.78587e+007 2.78592e+007 2.78596e+007 2.78599e+007 2.78602e+007 2.78604e+007 2.78606e+007 2.78607e+007 2.78609e+007 2.7861e+007 2.78611e+007 2.78611e+007 2.78612e+007 2.78612e+007 2.78613e+007 2.78613e+007 2.78613e+007 2.78613e+007 2.78613e+007 2.78614e+007 2.78614e+007 2.78614e+007 2.78614e+007 2.78614e+007 2.78614e+007 2.78614e+007 2.78614e+007 2.78614e+007 2.78614e+007 2.78614e+007 2.78614e+007 2.78614e+007 2.78614e+007 2.78614e+007 2.78614e+007 2.78614e+007 2.78614e+007 2.78614e+007 2.78614e+007 2.78614e+007 2.78614e+007 2.78614e+007 2.78614e+007 2.78614e+007 2.78614e+007 2.78614e+007 2.78614e+007 2.78614e+007 2.78614e+007 2.78614e+007 2.78614e+007 2.78614e+007 2.78614e+007 2.78614e+007 2.78614e+007 2.78614e+007 2.78614e+007 2.78614e+007 2.78614e+007 2.78614e+007 0 0 0 0 0 0 0 0 0 0 0 0 0 0 0 0 0 0 0 0 0 0 0 0 0
#obs cpue bio
 3.14376e+006 3.30879e+006 3.37426e+006 2.92414e+006 2.33141e+006 2.64964e+006 2.80024e+006 2.37791e+006 2.14137e+006 2.02882e+006 1.44188e+006 1.20974e+006 1.34638e+006 1.31885e+006 914954 766334 672713 599765 836118 473567 611451 529976 656486 447633 432372 459308 575891 435503 598744 553285 632287 782021 729404 549278 567038 461812 683922 582758 597966 650451 492371 732898 830411 747151 811532 635337 709723 583702 827584 924921
#pred surv len freq
 0.00491577 0.00796403 0.0119537 0.0168546 0.0225424 0.0287245 0.0349119 0.0405349 0.0451584 0.0486263 0.051038 0.052617 0.0535926 0.0541463 0.0544009 0.0544304 0.0542751 0.0539467 0.0533909 0.0524091 0.050597 0.0474079 0.0424017 0.0355818 0.0275782
 0.00514627 0.00824532 0.0122086 0.0169652 0.0223955 0.0282766 0.0342317 0.039787 0.0445296 0.0482389 0.0509041 0.0526577 0.053702 0.0542561 0.0545117 0.0545993 0.0545725 0.0544032 0.0539627 0.0529809 0.0510258 0.0475878 0.0423126 0.0352927 0.0272061
 0.0052921 0.00850351 0.0126291 0.0175885 0.0232211 0.0292275 0.0351442 0.0404528 0.0447844 0.0480464 0.0503738 0.0519798 0.0530476 0.053712 0.0540858 0.05427 0.0543324 0.0542628 0.0539203 0.0529925 0.0510078 0.0474549 0.0420268 0.0348854 0.0267586
 0.00546739 0.0087836 0.0130438 0.0181677 0.0239943 0.0302167 0.0363439 0.0418025 0.0461491 0.0492294 0.0511716 0.0522608 0.0528073 0.0530662 0.0532069 0.0533138 0.0534001 0.0534027 0.0531446 0.0522866 0.0503358 0.0467769 0.0413257 0.0341856 0.026117
 0.00569527 0.00914416 0.0135681 0.0188789 0.0249049 0.0313249 0.0376291 0.0432223 0.0476383 0.0506971 0.0524958 0.0532923 0.0533967 0.0531138 0.0527068 0.0523597 0.0521462 0.0520066 0.0517239 0.0509067 0.0490216 0.0455366 0.0401748 0.0331581 0.0252574
 0.00593327 0.00952573 0.0141324 0.0196586 0.0259204 0.0325753 0.0390828 0.044815 0.0492824 0.052298 0.0539624 0.0545348 0.054318 0.0536101 0.0526875 0.0517829 0.0510461 0.0504917 0.0499446 0.0490129 0.0471357 0.0437507 0.0385618 0.0317793 0.0241576
 0.00619538 0.00994597 0.0147542 0.020519 0.0270443 0.0339657 0.0407097 0.0466099 0.0511455 0.0541153 0.0556231 0.0559419 0.0553891 0.0542715 0.0528695 0.0514261 0.050121 0.0490233 0.0480252 0.0467913 0.0447895 0.0414568 0.0364742 0.0300138 0.022779
 0.00648265 0.0104044 0.0154282 0.0214453 0.0282461 0.0354443 0.0424337 0.0485102 0.0531223 0.056053 0.0574071 0.0574688 0.056571 0.0550356 0.053155 0.0511811 0.0493071 0.0476315 0.046098 0.0444395 0.0421896 0.0388261 0.0340302 0.0279314 0.021158
 0.00682417 0.0109491 0.0162284 0.0225424 0.0296636 0.0371762 0.0444324 0.0506825 0.055341 0.0581806 0.0593169 0.0590568 0.0577573 0.0557605 0.053373 0.0508556 0.0484091 0.0461478 0.0440516 0.0419144 0.0393466 0.0358926 0.0312599 0.0255455 0.0192922
 0.00708215 0.0113722 0.0168721 0.0234612 0.0309003 0.0387462 0.0463059 0.0527783 0.0575367 0.0603354 0.0612943 0.0607391 0.0590514 0.056598 0.0537054 0.0506481 0.0476359 0.0447957 0.0421348 0.0394998 0.0365756 0.0329816 0.0284675 0.0231105 0.0173718
 0.00733599 0.0117871 0.0175013 0.0243568 0.0321053 0.0402796 0.0481467 0.0548563 0.0597384 0.0625215 0.0633208 0.0624741 0.0603876 0.0574575 0.0540392 0.0504288 0.0468498 0.0434405 0.0402297 0.0371074 0.0338257 0.0300788 0.025664 0.0206488 0.0154184
 0.00758919 0.0121883 0.0180867 0.0251555 0.0331378 0.0415537 0.0496502 0.05655 0.0615556 0.0643728 0.0651021 0.0640752 0.0617016 0.0583901 0.0545158 0.0503973 0.0462799 0.0423222 0.0385795 0.0349829 0.0313459 0.0274308 0.0230823 0.018363 0.0135917
 0.00786905 0.0126356 0.018745 0.026059 0.0343038 0.0429724 0.0512747 0.0582967 0.0633191 0.0660492 0.066606 0.0653431 0.0626835 0.0590409 0.0547905 0.0502527 0.0456793 0.0412438 0.0370268 0.0330018 0.0290407 0.0249704 0.0206806 0.0162317 0.0118835
 0.00798979 0.0128507 0.0191036 0.0266186 0.0351176 0.0440686 0.0526369 0.0598571 0.06497 0.0676673 0.0680769 0.0665773 0.063622 0.0596501 0.0550519 0.050151 0.0451963 0.0403615 0.0357409 0.0313414 0.0270881 0.0228677 0.0186129 0.0143857 0.0103964
 0.00826606 0.0132925 0.0197553 0.0275177 0.036289 0.0455151 0.0543255 0.0617105 0.0668697 0.0694693 0.069636 0.067771 0.0643701 0.0599232 0.0548655 0.0495472 0.0442224 0.0390563 0.0341366 0.0294795 0.0250421 0.0207566 0.0165915 0.0126105 0.00898082
 0.00863852 0.0138712 0.0205763 0.0285966 0.0376196 0.0470673 0.0560419 0.0635044 0.068633 0.0710872 0.0710012 0.0687931 0.0649811 0.0600834 0.0545685 0.0488194 0.0431144 0.0376299 0.0324551 0.0276094 0.0230645 0.0187779 0.0147394 0.0110094 0.00771727
 0.00878501 0.01411 0.0209367 0.0291058 0.0382971 0.0479167 0.0570427 0.0646116 0.0697847 0.0722182 0.0720508 0.0697061 0.0657028 0.0605588 0.054747 0.0486654 0.0426166 0.036805 0.0313456 0.0262797 0.0215988 0.0172789 0.0133205 0.00977539 0.00674001
 0.00880741 0.0141593 0.021035 0.0292833 0.0385861 0.0483426 0.057614 0.0653146 0.0705851 0.0730673 0.072894 0.0704894 0.0663771 0.0610801 0.0550747 0.0487624 0.0424538 0.0363693 0.030648 0.0253603 0.0205267 0.0161461 0.0122287 0.00881708 0.00597758
 0.00881869 0.0141651 0.0210222 0.029236 0.0384954 0.0482189 0.0574954 0.0652614 0.0706615 0.0733176 0.0733258 0.071071 0.067048 0.0617654 0.0556986 0.0492559 0.0427601 0.0364482 0.0304825 0.0249629 0.0199424 0.0154485 0.0115067 0.00815514 0.00543649
 0.00874446 0.0140546 0.0208743 0.0290545 0.0382861 0.0479868 0.057245 0.0650041 0.070425 0.0731493 0.0732851 0.0712092 0.0673859 0.0622805 0.056328 0.049912 0.0433507 0.0368941 0.0307297 0.024991 0.0197678 0.0151213 0.0110991 0.0077426 0.00507888
 0.00885256 0.0142134 0.0210817 0.0292975 0.0385442 0.0482369 0.0574652 0.0651737 0.0705243 0.0731637 0.0732134 0.0710722 0.0672266 0.0621517 0.0562713 0.0499391 0.043437 0.0369881 0.0307724 0.0249366 0.0195991 0.0148541 0.0107755 0.00741565 0.00479419
 0.00905899 0.0145088 0.0214515 0.0297019 0.0389284 0.0485484 0.0576691 0.0652575 0.0704955 0.0730423 0.0730251 0.0708437 0.0669841 0.0619216 0.0560801 0.0498079 0.0433727 0.0369757 0.0307773 0.0249169 0.0195229 0.0147124 0.0105848 0.00720839 0.00460432
 0.00924844 0.014793 0.0218335 0.0301649 0.0394354 0.049046 0.0580928 0.0655437 0.0705975 0.0729478 0.0727624 0.0704713 0.0665694 0.0615221 0.0557336 0.0495342 0.0431766 0.0368498 0.0307017 0.0248629 0.0194612 0.0146243 0.0104687 0.00707827 0.00448052
 0.00929882 0.0148812 0.0219769 0.0303815 0.0397367 0.0494269 0.0585237 0.0659701 0.070952 0.0731688 0.0728128 0.0703485 0.0663052 0.0611708 0.0553561 0.049182 0.042883 0.0366273 0.030545 0.0247542 0.0193775 0.0145458 0.0103853 0.00699135 0.00439866
 0.0094163 0.0150605 0.0222256 0.0306997 0.0401193 0.0498649 0.0590032 0.0664683 0.0714322 0.0735806 0.0730989 0.0704594 0.0662146 0.060887 0.0549217 0.0486619 0.0423463 0.0361304 0.0301221 0.0244157 0.0191163 0.014346 0.0102308 0.00687116 0.0043071
 0.00938519 0.0150215 0.0221881 0.0306798 0.0401354 0.0499315 0.0591262 0.0666445 0.0716527 0.0738333 0.073367 0.0707175 0.0664279 0.0610177 0.0549423 0.0485672 0.0421574 0.0358867 0.0298668 0.0241828 0.0189233 0.0141957 0.0101174 0.00678676 0.00424542
 0.00942875 0.0150858 0.0222734 0.0307833 0.0402536 0.0500633 0.059274 0.0668116 0.0718388 0.0740306 0.0735604 0.070888 0.0665563 0.0610869 0.0549378 0.0484804 0.04199 0.0356549 0.0295993 0.023913 0.0186798 0.0139954 0.00996492 0.0066778 0.00417184
 0.00924869 0.014816 0.0219104 0.0303398 0.0397565 0.0495487 0.0587844 0.0663942 0.071542 0.0738965 0.073614 0.0711287 0.0669556 0.0615929 0.0554866 0.0490089 0.0424479 0.0360119 0.0298483 0.0240661 0.0187605 0.0140294 0.00997321 0.00667434 0.00416442
 0.00906569 0.0145433 0.0215464 0.0299004 0.0392717 0.0490563 0.0583241 0.0660042 0.0712552 0.0737369 0.0735941 0.0712499 0.0672088 0.061959 0.0559344 0.0494968 0.0429284 0.036442 0.0301978 0.0243233 0.0189313 0.0141311 0.0100269 0.00669878 0.00417327
 0.008872 0.014237 0.0211031 0.0293072 0.0385342 0.0482072 0.057429 0.0651565 0.0705568 0.0732712 0.0734061 0.0713417 0.0675491 0.0624973 0.0566124 0.0502538 0.0437048 0.0371818 0.0308545 0.0248659 0.0193478 0.0144278 0.0102229 0.00681876 0.00424117
 0.00880202 0.0141051 0.0208712 0.0289299 0.037971 0.0474418 0.0564876 0.064114 0.0695255 0.0723766 0.0727596 0.0710189 0.0675775 0.0628555 0.0572402 0.0510683 0.0446163 0.0381062 0.0317206 0.0256209 0.0199606 0.0148902 0.0105465 0.00702805 0.00436592
 0.00875645 0.0140293 0.0207526 0.0287521 0.0377125 0.0470775 0.0559943 0.0634813 0.0687699 0.0715514 0.0719544 0.0703433 0.0671348 0.0627154 0.0574221 0.0515395 0.0453046 0.0389183 0.0325615 0.0264092 0.0206383 0.0154267 0.0109376 0.00729016 0.00452688
 0.00881347 0.0141109 0.0208545 0.0288617 0.0378104 0.0471398 0.0559947 0.0633919 0.0685638 0.0712096 0.071478 0.0697648 0.0665221 0.0621613 0.0570211 0.0513601 0.0453693 0.0391999 0.0329948 0.0269121 0.0211334 0.0158568 0.0112727 0.00752597 0.00467697
 0.00892344 0.0142694 0.0210551 0.0290846 0.0380268 0.0473196 0.0561125 0.0634297 0.0685095 0.071056 0.0712221 0.069411 0.0660875 0.0616826 0.0565554 0.0509767 0.0451308 0.0391413 0.0331112 0.027161 0.0214507 0.0161781 0.0115503 0.00773619 0.00481828
 0.00891518 0.0142625 0.0210559 0.0291015 0.0380653 0.0473767 0.0561736 0.0634713 0.0685081 0.070997 0.0711044 0.0692434 0.0658827 0.0614537 0.0563193 0.0507594 0.0449679 0.0390692 0.0331523 0.0273115 0.0216797 0.0164384 0.0117957 0.00793537 0.00495984
 0.0088773 0.0142124 0.0210022 0.0290598 0.0380549 0.0474138 0.0562647 0.0636088 0.0686702 0.0711516 0.0712165 0.0692849 0.06584 0.0613304 0.056134 0.0505407 0.0447507 0.0388901 0.0330429 0.0272889 0.0217395 0.0165563 0.011937 0.00806804 0.00506419
 0.00882835 0.0141331 0.0208841 0.0288979 0.0378513 0.0471828 0.0560351 0.0634199 0.0685604 0.0711435 0.0713074 0.0694468 0.0660301 0.0615056 0.0562637 0.0506139 0.0447758 0.03889 0.033046 0.0273193 0.0218087 0.0166595 0.0120566 0.00818267 0.00515762
 0.00869414 0.0139334 0.020618 0.0285759 0.0374924 0.0468086 0.0556672 0.0630816 0.0682794 0.0709516 0.0712339 0.0695082 0.0662208 0.0617956 0.0566066 0.0509608 0.0450901 0.0391549 0.0332643 0.027505 0.0219766 0.016817 0.0122016 0.00830744 0.00525479
 0.00874236 0.0139982 0.0206905 0.0286404 0.037531 0.0468095 0.0556291 0.0630128 0.0681913 0.0708532 0.0711307 0.0694068 0.0661324 0.0617346 0.0565825 0.0509724 0.0451252 0.0391977 0.0333038 0.0275395 0.0220113 0.0168576 0.0122492 0.00835745 0.00530031
 0.00880188 0.0140791 0.0207827 0.0287234 0.0375786 0.0467973 0.055543 0.0628538 0.0679765 0.070612 0.0708983 0.0692147 0.0660016 0.061673 0.0565874 0.0510339 0.0452285 0.0393251 0.0334376 0.0276662 0.0221238 0.0169543 0.0123308 0.00842435 0.00535225
 0.00886099 0.0141777 0.0209343 0.0289388 0.0378592 0.0471271 0.0558835 0.0631487 0.0681671 0.0706582 0.0707922 0.0689823 0.0656909 0.0613379 0.0562736 0.050771 0.0450292 0.0391882 0.0333533 0.0276211 0.0221053 0.0169529 0.0123397 0.00843874 0.00536801
 0.00880623 0.014101 0.0208422 0.0288469 0.0377897 0.0471032 0.0559231 0.0632574 0.0683332 0.0708513 0.0709697 0.0691025 0.0657288 0.0612937 0.0561704 0.0506438 0.0449109 0.0391005 0.0333037 0.0276059 0.0221149 0.0169762 0.012368 0.00846595 0.00539073
 0.00865429 0.0138676 0.0205175 0.0284332 0.0373042 0.0465797 0.0554119 0.0628214 0.0680351 0.0707357 0.0710481 0.069349 0.0660889 0.0617022 0.0565713 0.0510034 0.0452195 0.0393648 0.0335355 0.0278131 0.0222986 0.0171333 0.0124946 0.00856086 0.00545643
 0.00859634 0.0137813 0.0204019 0.0282922 0.0371442 0.0464074 0.0552333 0.0626437 0.0678702 0.0706016 0.0709668 0.0693395 0.0661585 0.0618414 0.0567551 0.0511998 0.0454019 0.0395193 0.0336612 0.0279169 0.0223876 0.0172109 0.0125606 0.00861347 0.00549494
 0.00855772 0.013719 0.0203097 0.0281654 0.0369821 0.0462155 0.0550248 0.0624378 0.0676873 0.0704579 0.0708721 0.0692991 0.0661761 0.0619186 0.056888 0.051376 0.0456008 0.0397183 0.0338428 0.028072 0.022515 0.0173131 0.0126405 0.00867339 0.00553713
 0.00856222 0.0137188 0.0202955 0.0281239 0.0368993 0.0460822 0.0548418 0.062218 0.0674532 0.0702367 0.0706891 0.0691734 0.0661181 0.0619305 0.0569655 0.0515095 0.0457758 0.0399162 0.0340436 0.0282583 0.0226754 0.0174427 0.0127395 0.00874492 0.0055856
 0.00851054 0.0136349 0.0201692 0.0279458 0.0366624 0.045785 0.0544921 0.0618351 0.0670673 0.0698849 0.0704093 0.0689974 0.0660653 0.0620045 0.0571548 0.0517908 0.0461196 0.040291 0.034419 0.0286083 0.0229803 0.0176911 0.0129285 0.00887897 0.0056738
 0.00847276 0.0135784 0.0200932 0.0278516 0.036552 0.0456581 0.0543455 0.061664 0.0668692 0.0696638 0.0701792 0.0687817 0.0658931 0.0619039 0.0571452 0.0518782 0.0462949 0.0405328 0.0346987 0.0288954 0.0232481 0.0179203 0.0131091 0.00900983 0.00576091
 0.00825715 0.0132683 0.0197012 0.0274155 0.0361237 0.0452867 0.0540623 0.061478 0.0667714 0.0696348 0.0701968 0.068828 0.0659594 0.0619931 0.0572687 0.0520497 0.0465225 0.0408131 0.0350158 0.0292247 0.023562 0.018195 0.0133298 0.00917231 0.00587014
 0.00781379 0.0126037 0.0188077 0.026328 0.0349159 0.0440601 0.052934 0.0605659 0.0661721 0.0693993 0.0703166 0.0692424 0.0665805 0.0627334 0.0580607 0.0528508 0.0473105 0.0415757 0.0357412 0.0298957 0.0241573 0.0186948 0.0137221 0.00945741 0.00606046
#obs surv len freq
 nan nan nan nan nan nan nan nan nan nan nan nan nan nan nan nan nan nan nan nan nan nan nan nan nan
 0.00448175 0.00734178 0.0111706 0.0159861 0.0216866 0.0279626 0.0342774 0.0400096 0.0446902 0.0481551 0.050514 0.0520109 0.052904 0.0534172 0.0537321 0.0539875 0.0542664 0.0545594 0.0546982 0.0542902 0.0527282 0.0493601 0.0438094 0.0362889 0.0276719
 0.00461777 0.00756309 0.0115037 0.0164549 0.0223065 0.0287319 0.0351687 0.0409664 0.0456347 0.0490031 0.0511905 0.0524613 0.0531 0.0533571 0.0534371 0.0534941 0.0536175 0.0537971 0.0538614 0.0534154 0.0518538 0.0485289 0.0430657 0.0356703 0.0271991
 0.00477583 0.00782497 0.0119068 0.0170369 0.023097 0.0297397 0.036369 0.0422962 0.0470004 0.0502973 0.0523095 0.0533168 0.0536275 0.0535208 0.0532318 0.0529433 0.0527671 0.0527067 0.0525972 0.0520477 0.0504582 0.0471862 0.0418564 0.0346608 0.0264261
 0.00496684 0.00813499 0.0123728 0.0176939 0.023973 0.0308462 0.03769 0.0437818 0.0485698 0.0518494 0.0537353 0.0545109 0.0544969 0.0539934 0.0532635 0.0525219 0.0519135 0.0514718 0.0510575 0.0503007 0.048619 0.0453818 0.0402121 0.0332788 0.0253641
 0.00517347 0.00847375 0.0128878 0.0184278 0.0249585 0.0320931 0.0391723 0.0454344 0.0502989 0.0535507 0.0553085 0.0558648 0.0555484 0.0546664 0.0534932 0.0522623 0.0511469 0.0502168 0.0493742 0.0482925 0.0464289 0.0431801 0.0381732 0.0315477 0.0240253
 0.00539415 0.00883609 0.0134399 0.0192171 0.0260227 0.0334461 0.0407896 0.0472467 0.0522017 0.0554243 0.0570374 0.0573496 0.0567079 0.0554345 0.0538137 0.0520875 0.0504418 0.0489718 0.047621 0.0461191 0.0439846 0.0406641 0.0358023 0.0295101 0.0224365
 0.00564255 0.00924062 0.0140502 0.0200801 0.0271744 0.0348981 0.0425143 0.049172 0.0542199 0.0574112 0.0588719 0.0589252 0.0579377 0.0562507 0.0541642 0.0519307 0.0497447 0.0477166 0.0458222 0.0438459 0.0413779 0.0379328 0.0331895 0.0272377 0.0206488
 0.00589347 0.00965251 0.0146773 0.0209752 0.0283781 0.0364226 0.0443266 0.0511892 0.0563219 0.0594648 0.0607526 0.0605286 0.0591811 0.0570706 0.054512 0.0517681 0.0490417 0.0464549 0.0440095 0.0415395 0.0387072 0.0351031 0.0304529 0.0248343 0.0187425
 0.00613071 0.010042 0.0152709 0.021824 0.0295235 0.0378807 0.0460726 0.0531502 0.0583861 0.0615017 0.0626341 0.062143 0.0604394 0.0579067 0.054879 0.0516321 0.0483769 0.0452453 0.0422605 0.039301 0.0360973 0.0323161 0.0277357 0.0224292 0.0168212
 0.00635778 0.0104177 0.0158484 0.0226568 0.0306549 0.0393268 0.0478051 0.0550913 0.0604198 0.0634968 0.0644655 0.063704 0.0616453 0.0586949 0.0552056 0.051468 0.0477025 0.0440506 0.0405542 0.0371301 0.033571 0.0296159 0.0250955 0.0200829 0.0149388
 0.00659603 0.0108045 0.0164297 0.0234758 0.0317445 0.0406977 0.0494326 0.0569086 0.062325 0.0653703 0.0661881 0.0651706 0.0627719 0.0594203 0.0554894 0.0512854 0.0470393 0.042902 0.0389324 0.0350813 0.0311963 0.0270815 0.0226164 0.0178762 0.0131642
 0.00682939 0.0111875 0.0170126 0.0243064 0.0328574 0.0420985 0.0510823 0.0587207 0.0641806 0.0671436 0.0677682 0.0664708 0.0637293 0.0599916 0.0556466 0.0510123 0.0463283 0.0417543 0.0373639 0.0331375 0.0289706 0.0247242 0.0203209 0.0158372 0.0115251
 0.0070333 0.0115259 0.0175346 0.0250616 0.0338857 0.0434131 0.0526527 0.0604672 0.0659848 0.0688724 0.0692975 0.0677021 0.0645965 0.060459 0.0557026 0.0506592 0.0455753 0.0406145 0.0358605 0.0313169 0.0269183 0.022574 0.0182419 0.0139989 0.0100514
 0.00727286 0.0119122 0.0181101 0.0258637 0.0349399 0.0447214 0.0541819 0.0621429 0.0677001 0.0705049 0.0707296 0.068835 0.0653597 0.0608135 0.0556389 0.0501906 0.044728 0.0394208 0.0343588 0.0295609 0.0249903 0.0205926 0.0163526 0.0123447 0.00873414
 0.0074368 0.0121877 0.0185409 0.0264951 0.0358076 0.0458359 0.0555129 0.0636167 0.0692128 0.0719453 0.0719981 0.0698525 0.0660677 0.0611732 0.0556309 0.0498145 0.0440005 0.0383723 0.0330322 0.0280144 0.0233047 0.0188749 0.0147275 0.0109309 0.00761394
 0.00753292 0.0123455 0.0187821 0.0268432 0.0362863 0.0464641 0.056298 0.0645467 0.0702517 0.0730338 0.0730599 0.0708051 0.0668342 0.0616925 0.0558613 0.0497344 0.0436064 0.0376782 0.03207 0.0268361 0.0219852 0.0175111 0.0134285 0.00979761 0.00671511
 0.0075965 0.0124441 0.0189221 0.0270287 0.0365207 0.0467519 0.0566456 0.0649616 0.0707403 0.0735968 0.0736861 0.0714658 0.0674815 0.0622639 0.0562902 0.0499618 0.043591 0.0374014 0.0315386 0.026084 0.0210735 0.0165239 0.0124617 0.00894004 0.00602822
 0.0076398 0.0125094 0.0190109 0.0271393 0.0366486 0.0468923 0.056795 0.0651204 0.0709146 0.0737994 0.0739335 0.0717713 0.0678456 0.0626665 0.0566885 0.0502969 0.0438 0.0374324 0.0313628 0.0257041 0.0205255 0.0158724 0.0117875 0.00832143 0.00552209
 0.00772699 0.0126384 0.019181 0.0273409 0.0368659 0.0471066 0.0569889 0.0652802 0.0710329 0.0738777 0.0739841 0.0718152 0.067907 0.062763 0.0568225 0.0504493 0.0439318 0.0374938 0.0313087 0.0255091 0.0201947 0.0154426 0.0113173 0.00787417 0.00514741
 0.00775812 0.0126908 0.0192627 0.0274589 0.0370222 0.0472944 0.0571897 0.0654666 0.0711775 0.0739632 0.0740102 0.0717978 0.0678717 0.0627366 0.0568245 0.0504855 0.04399 0.037545 0.0313149 0.0254366 0.0200284 0.0151934 0.0110201 0.00757476 0.00488655
 0.00781658 0.0127775 0.0193778 0.0275978 0.0371778 0.0474597 0.0573591 0.0656342 0.0713335 0.0740929 0.0740966 0.0718286 0.0678455 0.0626659 0.0567315 0.0503935 0.0439137 0.0374841 0.031254 0.0253527 0.0199024 0.0150214 0.0108162 0.007366 0.0047009
 0.00783518 0.0128091 0.0194277 0.0276706 0.0372753 0.0475786 0.0574892 0.0657609 0.0714429 0.0741767 0.0741532 0.07186 0.0678533 0.0626504 0.0566942 0.0503402 0.0438532 0.0374238 0.0311942 0.0252858 0.0198176 0.0149123 0.0106871 0.00723098 0.00457759
 0.00788264 0.0128766 0.0195115 0.0277619 0.0373634 0.0476556 0.0575535 0.0658157 0.0714922 0.0742215 0.0741904 0.0718846 0.0678614 0.0626407 0.0566679 0.0502996 0.043802 0.0373658 0.0311322 0.0252196 0.0197443 0.0148293 0.0105958 0.00713833 0.0044934
 0.00789304 0.0128954 0.0195427 0.027809 0.0374273 0.0477313 0.0576296 0.0658773 0.0715275 0.0742276 0.074175 0.0718606 0.0678404 0.0626275 0.056661 0.050294 0.0437929 0.0373501 0.0311086 0.0251875 0.0197032 0.0147795 0.0105394 0.00708012 0.00443966
 0.00790686 0.0129151 0.0195675 0.027837 0.0374566 0.0477615 0.057662 0.0659133 0.071566 0.0742634 0.0742007 0.0718704 0.0678339 0.0626099 0.0566394 0.0502738 0.0437753 0.0373334 0.0310897 0.0251639 0.0196736 0.014744 0.0104999 0.00703997 0.00440303
 0.00788804 0.0128839 0.0195195 0.0277683 0.0373648 0.0476482 0.0575345 0.0657854 0.0714553 0.0741875 0.0741712 0.0718904 0.067897 0.0627035 0.0567496 0.0503887 0.0438864 0.0374345 0.0311762 0.025232 0.0197213 0.0147716 0.0105103 0.00703784 0.00439398
 0.00790759 0.0129068 0.0195377 0.0277687 0.0373332 0.0475746 0.0574183 0.0656366 0.0712926 0.074033 0.0740463 0.0718115 0.0678729 0.0627341 0.0568262 0.0504969 0.04401 0.0375591 0.0312905 0.0253287 0.0197964 0.0148241 0.0105422 0.00705343 0.00439862
 0.00788248 0.0128692 0.0194866 0.0277043 0.0372553 0.0474811 0.0573053 0.0655011 0.0711366 0.0738676 0.0738912 0.0716907 0.0678076 0.0627365 0.0568963 0.0506238 0.0441751 0.0377412 0.0314699 0.0254899 0.0199297 0.0149255 0.0106126 0.00709751 0.00442302
 0.00785016 0.0128145 0.0194008 0.0275793 0.0370864 0.0472719 0.0570699 0.0652623 0.0709196 0.0736921 0.0737678 0.0716227 0.0677959 0.0627821 0.0569997 0.050781 0.0443756 0.0379678 0.0317019 0.0257075 0.0201175 0.0150747 0.0107215 0.00717021 0.00446704
 0.00785193 0.0128119 0.0193867 0.027543 0.0370163 0.0471589 0.0569118 0.0650665 0.0707028 0.0734772 0.0735794 0.0714814 0.0677144 0.0627645 0.0570437 0.0508805 0.0445216 0.038148 0.0319005 0.0259063 0.0202993 0.0152267 0.0108376 0.00725093 0.00451794
 0.00783882 0.0127931 0.0193628 0.0275151 0.0369845 0.0471202 0.0568592 0.0649912 0.0705979 0.0733435 0.0734268 0.0713287 0.0675837 0.0626756 0.0570091 0.0509038 0.0445987 0.0382688 0.0320508 0.0260694 0.0204581 0.0153669 0.0109498 0.00733226 0.0045712
 0.00779614 0.0127237 0.0192586 0.0273701 0.0367974 0.0468977 0.0566182 0.0647562 0.0703946 0.0731899 0.0733296 0.0712848 0.0675865 0.0627204 0.0570943 0.0510293 0.0447619 0.0384627 0.0322636 0.0262861 0.0206627 0.0155453 0.0110927 0.00743689 0.00464082
 0.00777823 0.01269 0.0191995 0.027274 0.0366536 0.0467014 0.0563751 0.0644843 0.0701219 0.0729478 0.0731456 0.0711763 0.0675585 0.0627662 0.0572011 0.0511828 0.0449499 0.0386748 0.032489 0.0265122 0.0208757 0.0157321 0.011244 0.00754922 0.00471674
 0.00773118 0.0126157 0.0190916 0.0271276 0.036466 0.0464728 0.0561105 0.0641955 0.0698277 0.0726732 0.0729185 0.0710224 0.067496 0.0628018 0.0573281 0.0513842 0.0452035 0.0389576 0.0327808 0.0267953 0.0211348 0.015955 0.0114227 0.00768137 0.0048062
 0.00770106 0.0125636 0.0190078 0.0270017 0.0362898 0.046245 0.0558402 0.0639017 0.0695353 0.072407 0.0726986 0.0708645 0.0674118 0.0627997 0.057411 0.0515473 0.0454331 0.0392332 0.0330783 0.0270913 0.021409 0.0161918 0.0116128 0.00782239 0.00490205
 0.00769286 0.01255 0.0189864 0.0269693 0.0362417 0.0461748 0.055741 0.0637686 0.0693688 0.0722148 0.0724967 0.0706735 0.067253 0.0626912 0.057366 0.0515723 0.0455273 0.0393875 0.0332762 0.0273113 0.0216285 0.0163914 0.0117788 0.00794854 0.00498942
 0.00767296 0.0125214 0.0189503 0.0269288 0.0362009 0.0461364 0.0557044 0.0637298 0.0693206 0.0721499 0.0724105 0.0705672 0.0671356 0.0625782 0.0572759 0.0515226 0.0455296 0.0394454 0.033384 0.0274551 0.0217892 0.0165491 0.0119171 0.00805778 0.00506719
 0.00764799 0.0124818 0.0188926 0.0268515 0.0361051 0.0460275 0.0555926 0.063628 0.0692408 0.072098 0.0723838 0.0705565 0.0671298 0.0625704 0.0572669 0.0515205 0.0455463 0.0394917 0.0334645 0.0275661 0.0219195 0.0166828 0.012039 0.00815707 0.0051396
 0.00762353 0.0124441 0.0188398 0.0267831 0.036022 0.0459324 0.0554897 0.0635243 0.0691452 0.0720205 0.0723325 0.0705349 0.0671354 0.0625955 0.0573025 0.0515606 0.0455908 0.0395451 0.0335329 0.0276523 0.0220202 0.016789 0.0121392 0.00824145 0.00520294
 0.00760846 0.0124189 0.0188007 0.0267265 0.0359459 0.0458374 0.0553811 0.0634111 0.0690386 0.0719308 0.0722674 0.0704987 0.0671292 0.0626172 0.0573471 0.051621 0.0456605 0.0396203 0.0336129 0.027738 0.0221108 0.0168805 0.0122248 0.00831407 0.00525834
 0.00757381 0.0123678 0.0187335 0.0266465 0.0358581 0.0457466 0.0552904 0.0633226 0.068955 0.0718562 0.0722077 0.0704602 0.0671168 0.062633 0.0573895 0.0516857 0.0457412 0.0397105 0.0337075 0.0278333 0.0222041 0.0169686 0.0123037 0.00837965 0.00530807
 0.00757763 0.0123654 0.0187144 0.0265969 0.0357657 0.0456078 0.0551155 0.0631342 0.0687805 0.0717182 0.0721176 0.070419 0.0671192 0.062672 0.0574588 0.0517792 0.0458524 0.0398324 0.0338329 0.0279557 0.0223183 0.0170705 0.0123898 0.00844799 0.00535818
 0.00757598 0.0123659 0.0187203 0.0266113 0.0357885 0.0456321 0.0551265 0.063114 0.0687164 0.071611 0.0719838 0.0702837 0.0670066 0.0625974 0.0574267 0.0517864 0.0458916 0.0398953 0.033911 0.0280412 0.0224038 0.0171499 0.0124585 0.00850312 0.00539887
 0.00754666 0.0123215 0.0186601 0.0265373 0.0357062 0.0455497 0.0550533 0.0630576 0.068679 0.0715875 0.0719644 0.0702601 0.066978 0.0625717 0.057416 0.0518008 0.0459348 0.0399642 0.0339982 0.0281374 0.0224999 0.0172382 0.0125337 0.0085621 0.00544143
 0.00752728 0.0122915 0.0186177 0.0264823 0.03564 0.0454758 0.0549781 0.0629892 0.068626 0.071556 0.0719551 0.0702676 0.0669933 0.0625866 0.057428 0.0518134 0.0459554 0.0399993 0.0340497 0.0282021 0.0225712 0.0173083 0.0125959 0.00861224 0.00547814
 0.00753085 0.0122932 0.0186126 0.0264638 0.0356014 0.045414 0.0548954 0.0628946 0.0685322 0.0714761 0.0718988 0.0702398 0.0669928 0.0626075 0.0574621 0.0518536 0.0459984 0.0400455 0.0341013 0.0282601 0.0226335 0.0173702 0.0126519 0.00865818 0.00551214
 0.00749447 0.0122399 0.0185431 0.0263818 0.035512 0.0453209 0.0548 0.0627969 0.068434 0.0713835 0.0718223 0.0701915 0.0669817 0.0626363 0.0575262 0.0519432 0.046102 0.0401535 0.0342076 0.0283611 0.0227269 0.0174535 0.0127222 0.00871332 0.00555183
 0.00751548 0.012268 0.0185745 0.0264096 0.035529 0.0453227 0.0547872 0.0627738 0.0684052 0.0713502 0.0717823 0.0701424 0.0669256 0.0625803 0.0574801 0.0519151 0.0460951 0.0401661 0.0342348 0.0283976 0.0227679 0.0174948 0.0127604 0.00874552 0.00557642
 0.0074782 0.012214 0.0185051 0.0263297 0.0354447 0.0452385 0.0547048 0.0626931 0.0683277 0.0712812 0.0717302 0.0701149 0.0669257 0.0626063 0.0575271 0.0519784 0.0461713 0.040252 0.0343266 0.0284901 0.0228556 0.0175728 0.0128251 0.00879544 0.00561191
#pred catch len freq
 0.00396197 0.0063219 0.00932585 0.0129426 0.0171557 0.0219323 0.027157 0.0326089 0.0380062 0.0430725 0.0475789 0.0513668 0.0543619 0.0565733 0.0580708 0.0589555 0.0593379 0.0593101 0.058885 0.0578993 0.0559444 0.052439 0.0469101 0.0393681 0.0305138
 0.00415534 0.0065643 0.0095609 0.0130819 0.0171136 0.0216743 0.0267314 0.0321339 0.0376143 0.0428447 0.0475125 0.0513927 0.0543976 0.0565762 0.0580633 0.0590113 0.0595376 0.0596878 0.0593921 0.0584089 0.0563002 0.0525274 0.0467129 0.0389661 0.0300389
 0.0043114 0.00682466 0.00995907 0.0136376 0.01781 0.0224357 0.0274202 0.0325876 0.0377164 0.0425882 0.0470067 0.0508031 0.0538609 0.0561506 0.0577413 0.0587699 0.0593764 0.0596261 0.0594329 0.0585058 0.0563604 0.0524548 0.046463 0.0385708 0.0295865
 0.00449547 0.00711337 0.0103765 0.0142055 0.0185502 0.0233666 0.0285403 0.033847 0.0389932 0.0436964 0.0477492 0.0510506 0.053609 0.055514 0.05689 0.0578559 0.058497 0.058827 0.0587245 0.0578702 0.0557557 0.0518332 0.0458007 0.0378903 0.0289483
 0.00472266 0.00746702 0.0108803 0.0148736 0.0193888 0.024376 0.0297143 0.0351676 0.0404212 0.0451577 0.0491219 0.0521689 0.0542981 0.0556507 0.0564547 0.0569412 0.0572649 0.057445 0.0573179 0.0565072 0.0544594 0.0506073 0.0446562 0.0368595 0.0280778
 0.00497358 0.00786069 0.011447 0.0156338 0.0203529 0.0255425 0.0310653 0.036665 0.0420075 0.0467603 0.0506556 0.0535327 0.055371 0.0562992 0.0565614 0.0564466 0.0561984 0.0559221 0.0555024 0.0545627 0.0525179 0.0487659 0.0429898 0.0354313 0.0269346
 0.00524975 0.0082942 0.0120717 0.0164737 0.0214222 0.0268439 0.0325836 0.0383602 0.0438122 0.0485841 0.0523945 0.0550791 0.0566195 0.0571478 0.0569128 0.0562183 0.0553465 0.054468 0.0535451 0.052265 0.0500742 0.0463677 0.0408025 0.0335782 0.0254852
 0.00556999 0.00879411 0.0127866 0.017426 0.0226218 0.0282886 0.0342543 0.0402136 0.0457779 0.0505682 0.0542874 0.0567656 0.0579886 0.0580998 0.0573614 0.0560907 0.0545897 0.0530656 0.0515415 0.049782 0.0473064 0.0435543 0.0381819 0.0313418 0.0237422
 0.00591782 0.00933885 0.0135688 0.0184725 0.0239453 0.0298857 0.0360992 0.0422515 0.0479237 0.0527138 0.0563129 0.0585508 0.0594226 0.0590869 0.0578231 0.0559643 0.0538277 0.0516447 0.0494826 0.0471763 0.0443307 0.0404583 0.0352439 0.0288039 0.0217539
 0.0062294 0.00983311 0.0142909 0.019459 0.0252216 0.0314604 0.0379538 0.0443317 0.0501389 0.0549459 0.0584302 0.0604217 0.0609286 0.0601302 0.0583288 0.0558766 0.0531063 0.0502679 0.0474632 0.0445876 0.0413303 0.037288 0.0321918 0.0261367 0.0196474
 0.00651014 0.0102799 0.014947 0.0203621 0.0264024 0.032937 0.0397216 0.0463521 0.0523335 0.0572002 0.0606047 0.0623692 0.0625124 0.0612392 0.058883 0.0558243 0.0524172 0.0489303 0.0454938 0.0420547 0.0383785 0.0341458 0.0291414 0.0234492 0.0175103
 0.00680994 0.0107453 0.0156079 0.0212362 0.0274982 0.0342574 0.0412614 0.0480898 0.0542234 0.0591674 0.062547 0.0641649 0.0640331 0.0623651 0.0595156 0.0558924 0.0518769 0.0477645 0.0437176 0.039732 0.0356434 0.0312096 0.0262692 0.0209009 0.0154709
 0.0071087 0.0112134 0.0162801 0.0221345 0.0286304 0.0356145 0.0428135 0.0497833 0.0559855 0.0609164 0.0642009 0.0656442 0.0652601 0.0632628 0.0600096 0.055916 0.051377 0.0467094 0.0421084 0.0376194 0.0331453 0.0285175 0.0236252 0.0185454 0.0135782
 0.00735761 0.0116134 0.0168738 0.0229593 0.0297125 0.0369594 0.0443935 0.0515311 0.0577999 0.0626789 0.0657964 0.0669778 0.0662649 0.0638982 0.060252 0.0557463 0.050774 0.0456529 0.0405943 0.0356816 0.0308785 0.0260843 0.0212376 0.0164166 0.0118649
 0.00769636 0.0121419 0.0176289 0.0239637 0.0309757 0.0384761 0.0461368 0.0534413 0.0597787 0.0645945 0.067501 0.068333 0.0671679 0.0642982 0.0601487 0.0551731 0.0497747 0.0442664 0.0388546 0.0336357 0.0286104 0.0237302 0.0189747 0.0144241 0.0102732
 0.0080203 0.0126416 0.0183319 0.0248808 0.0321037 0.0398021 0.0476363 0.0550724 0.0614764 0.0662698 0.0690452 0.0696283 0.0681028 0.0647869 0.0601464 0.0546807 0.0488302 0.0429287 0.0371906 0.0317198 0.0265358 0.0216199 0.0169764 0.0126824 0.00889074
 0.00817525 0.0128888 0.0186957 0.0253818 0.032757 0.0406136 0.0485981 0.0561595 0.0626485 0.0674756 0.070225 0.0707136 0.0690168 0.0654484 0.0604809 0.0546344 0.0483814 0.0420916 0.0360116 0.0302722 0.024917 0.019949 0.0153849 0.0112925 0.00778676
 0.00817475 0.0129015 0.0187407 0.025488 0.0329592 0.0409452 0.0490819 0.056801 0.0634321 0.0683652 0.0711678 0.0716464 0.0698729 0.0661621 0.0609896 0.0548815 0.0483231 0.0417062 0.0353086 0.029297 0.0237495 0.0186964 0.0141662 0.0102162 0.00692677
 0.00815499 0.0128633 0.0186735 0.0253823 0.0328144 0.0407795 0.0489381 0.0567417 0.063523 0.0686522 0.0716605 0.0723138 0.0706508 0.0669677 0.0617349 0.0554838 0.0487123 0.0418319 0.0351485 0.0288639 0.0230952 0.017906 0.013343 0.00945865 0.00630613
 0.00813514 0.0128343 0.0186349 0.0253334 0.0327519 0.0406953 0.0488221 0.0565911 0.0633546 0.0685096 0.0716072 0.072412 0.0709348 0.0674261 0.0623109 0.0560902 0.0492528 0.042221 0.0353264 0.0288071 0.0228217 0.0174721 0.0128302 0.00895223 0.00587301
 0.00820794 0.0129399 0.0187705 0.0254886 0.0329117 0.040845 0.0489497 0.0566859 0.0634052 0.0685058 0.0715482 0.0723159 0.0708409 0.0673834 0.0623565 0.0562289 0.0494505 0.0424152 0.0354477 0.0288029 0.0226728 0.0171982 0.0124816 0.00859175 0.00555518
 0.00836313 0.0131594 0.0190397 0.0257732 0.0331667 0.04103 0.0490421 0.0566851 0.0633271 0.0683745 0.0713878 0.0721463 0.0706793 0.0672479 0.0622674 0.0562031 0.0494909 0.0425017 0.0355388 0.02885 0.0226395 0.0170756 0.0122905 0.00837199 0.00534819
 0.00851818 0.0133901 0.0193463 0.0261386 0.0335577 0.0414017 0.0493436 0.0568688 0.0633614 0.0682558 0.0711438 0.0718277 0.0703421 0.0669385 0.0620155 0.0560234 0.0493855 0.0424605 0.0355389 0.0288586 0.0226238 0.0170153 0.0121858 0.00824119 0.00521727
 0.00860314 0.0135271 0.0195498 0.0264194 0.0339186 0.0418309 0.0498093 0.0573184 0.0637302 0.0684828 0.07119 0.0716876 0.0700464 0.0665439 0.0615884 0.0556218 0.049048 0.0422027 0.0353558 0.0287304 0.0225246 0.0169224 0.0120876 0.00813918 0.00512144
 0.00868714 0.0136554 0.019728 0.0266495 0.0342007 0.0421657 0.0501963 0.0577493 0.0641806 0.0689074 0.0715273 0.0718756 0.0700431 0.0663441 0.0612261 0.0551598 0.0485573 0.0417433 0.0349647 0.0284193 0.0222857 0.0167387 0.0119426 0.0080227 0.00502952
 0.00868873 0.0136641 0.0197525 0.0267014 0.034292 0.0423044 0.0503835 0.0579792 0.0644436 0.0691914 0.0718151 0.0721407 0.0702484 0.0664491 0.0612024 0.055004 0.0482959 0.0414232 0.0346368 0.028123 0.0220412 0.0165488 0.0117999 0.00791721 0.00495316
 0.00865778 0.0136175 0.0196899 0.0266271 0.034216 0.0422433 0.050359 0.0580139 0.0645529 0.0693769 0.0720618 0.0724206 0.0705263 0.0666887 0.0613702 0.0550758 0.048263 0.0412977 0.0344486 0.0279101 0.0218375 0.0163757 0.0116652 0.00781909 0.00488544
 0.00850998 0.0133973 0.0193958 0.0262709 0.03382 0.0418349 0.0499681 0.0576738 0.0643007 0.0692497 0.0720888 0.0726115 0.0708646 0.0671322 0.0618599 0.0555492 0.0486681 0.0416025 0.0346455 0.0280129 0.0218723 0.0163709 0.0116432 0.00779381 0.00486351
 0.00830454 0.0130923 0.0189912 0.0257861 0.0332896 0.0412999 0.0494692 0.0572478 0.0639797 0.069059 0.072045 0.072722 0.0711259 0.0675273 0.0623555 0.0560972 0.0492129 0.0420926 0.0350448 0.0283068 0.0220671 0.0164863 0.0117036 0.00782085 0.00487292
 0.00808179 0.0127472 0.0185044 0.0251538 0.0325262 0.0404417 0.0485766 0.0564023 0.0632706 0.068564 0.0718133 0.0727676 0.0714315 0.0680526 0.063046 0.0568899 0.0500409 0.0428912 0.0357587 0.0288985 0.0225213 0.016809 0.0119157 0.00794983 0.0049453
 0.00798147 0.012575 0.0182283 0.0247381 0.03194 0.0396718 0.0476424 0.0553639 0.0622249 0.067629 0.071105 0.0723759 0.0714014 0.0683768 0.0636713 0.0577327 0.0510053 0.0438832 0.0366969 0.0297212 0.0231913 0.0173151 0.0122696 0.00817833 0.00508112
 0.00795054 0.012522 0.0181419 0.0246016 0.0317292 0.0393555 0.0471876 0.0547485 0.0614545 0.0667516 0.0702131 0.0715912 0.0708452 0.0681379 0.0637839 0.0581717 0.0516975 0.044728 0.0375884 0.0305666 0.0239231 0.0178968 0.0126946 0.00846323 0.00525594
 0.0079876 0.0125738 0.0182038 0.0246627 0.031773 0.0393616 0.0471327 0.0546065 0.0611985 0.066361 0.0696871 0.0709624 0.0701857 0.0675489 0.0633699 0.0580091 0.0518114 0.0450868 0.0381172 0.0311708 0.0245136 0.0184078 0.013092 0.0087425 0.00543361
 0.00805325 0.0126663 0.0183165 0.0247799 0.0318737 0.0394254 0.0471448 0.0545581 0.0610845 0.0661762 0.0694254 0.0706211 0.0697743 0.0670991 0.062939 0.0576705 0.051633 0.0451064 0.0383274 0.0315218 0.0249312 0.0188181 0.0134408 0.00900439 0.00560879
 0.00806251 0.0126844 0.0183485 0.0248308 0.0319445 0.0395092 0.0472246 0.0546098 0.0610845 0.0661099 0.069291 0.0704262 0.0695309 0.0668214 0.0626474 0.0573972 0.0514217 0.0450015 0.0383563 0.0316809 0.0251847 0.0191111 0.0137192 0.00923137 0.00577051
