SBPRF35
7.78865
Curr Bio
615690
B35
682061
F35
0.225248
FOFL
0.203395
OFL
95569.6
Bzero
2.22533e+006
#pred survey bio
 4.49171e+006 4.23496e+006 3.98814e+006 3.68183e+006 3.37774e+006 3.03743e+006 2.71258e+006 2.40536e+006 2.12774e+006 1.88218e+006 1.66628e+006 1.47452e+006 1.29686e+006 1.13976e+006 1.02972e+006 907786 813566 765425 717261 692121 654332 627283 611317 594837 591700 589820 580564 579650 564610 564231 566414 567975 568065 558322 553495 544799 540516 541498 540552 535677 536391 542052 550037 556586 551841 551927 558208 566368 564896 571963 583829 532222 521245 503027 524875 551362 593181 599714 616766 2.17031e+007 1.34339e+007 1.39211e+007 1.45136e+007 1.51225e+007 1.56748e+007 1.6138e+007 1.65071e+007 1.67914e+007 1.70054e+007 1.71645e+007 1.72818e+007 1.7368e+007 1.74315e+007 1.74784e+007 1.75131e+007 1.75389e+007 1.75582e+007 1.75728e+007 1.75838e+007 1.75921e+007 1.75984e+007 1.76033e+007 1.7607e+007 1.76098e+007 1.7612e+007 1.76136e+007 1.76149e+007 1.76159e+007 1.76167e+007 1.76173e+007 1.76177e+007 1.76181e+007 1.76183e+007 1.76186e+007 1.76187e+007 1.76189e+007 1.76189e+007 1.7619e+007 1.76191e+007 1.76191e+007 1.76192e+007 1.76192e+007 1.76192e+007 1.76192e+007 1.76192e+007 1.76193e+007 1.76193e+007 1.76193e+007 1.76193e+007 1.76193e+007 1.76193e+007 1.76193e+007 1.76193e+007 1.76193e+007 1.76193e+007 1.76193e+007 1.76193e+007 1.76193e+007 1.76193e+007 1.76193e+007 1.76193e+007 1.76193e+007 1.76193e+007 1.76193e+007 1.76193e+007 1.76193e+007 1.76193e+007 1.76193e+007 1.76193e+007 1.76193e+007 1.76193e+007 1.76193e+007 1.76193e+007 1.76193e+007 1.76193e+007 1.76193e+007 1.76193e+007 1.76193e+007 1.76193e+007 1.76193e+007 1.76193e+007 1.76193e+007 1.76193e+007 1.76193e+007 1.76193e+007 1.76193e+007 1.76193e+007 1.76193e+007 1.76193e+007 1.76193e+007 1.76193e+007 1.76193e+007 1.76193e+007 1.76193e+007 1.76193e+007 1.76193e+007 1.76193e+007 1.76193e+007 1.76193e+007 0 0 0 0 0 0 0 0 0 0 0 0 0 0 0 0 0 0 0 0 0 0 0 0 0
#obs survey bio
 2.79695e+006 3.51324e+006 2.91534e+006 3.46489e+006 2.76021e+006 2.43437e+006 2.32089e+006 2.42054e+006 2.3543e+006 1.5393e+006 1.54679e+006 1.02338e+006 1.16828e+006 1.17472e+006 883189 775293 668180 550233 701667 717268 836593 754737 423894 495310 428300 579886 673802 498682 570514 592810 625149 479728 456470 514147 756596 439785 842357 789389 485643 379935 381826 716967 574837 753998 581587 584740 610104 613883 617943 914566 579765 640490 424043 466247 525620 545154 691948 598156 523194
#pred catch bio
 94287.1 97310.3 173229 197792 260737 277925 291931 292501 287324 280401 273929 272004 260663 223644 234741 208212 165830 162494 138703 144339 129860 117416 116649 104772 103101 107805 99088.6 109093 94626.9 91280.1 91379.1 92355.7 99367.5 92133.6 91303.1 85708.6 83540.9 88648.1 93946 90038.9 86195.9 84247.2 85506.2 94998.2 91091.8 86293.9 84897.1 92924.3 85855.4 82636.5 135826 101419 109772 78838.8 78235.5 68373.9 100660 95653.9 111980 95569.6 107499 110480 114212 118283 121982 124999 127297 128969 130143 130946 131485 131840 132071 132221 132316 132377 132416 132440 132455 132464 132470 132474 132476 132478 132479 132479 132480 132480 132480 132480 132480 132480 132480 132480 132480 132480 132480 132480 132480 132480 132480 132480 132480 132480 132480 132480 132480 132480 132480 132480 132480 132480 132480 132480 132480 132480 132480 132480 132480 132480 132480 132480 132480 132480 132480 132480 132480 132480 132480 132480 132480 132480 132480 132480 132480 132480 132480 132480 132480 132480 132480 132480 132480 132480 132480 132480 132480 132480 132480 132480 132480 132480 132480 132480 132480 132480 132480 132480 132480 0 0 0 0 0 0 0 0 0 0 0 0 0 0 0 0 0 0 0 0 0 0 0 0 0
#obs catch bio
 0 97022.8 174458 198685 263635 281351 295731 297447 291883 286023 279966 278233 267408 228490 241642 214002 168531 165815 140116 146170 130274 117023 117643 105672 104355 108617 99505.1 109908 95267.8 91417.5 91571.8 92972.6 100437 93253.2 91747.1 85890.1 83317.4 87927.2 93177.9 89598.6 86018.4 83600.4 84883.2 94097.3 90628.3 86148.1 84466.5 92341 85308.6 81591.2 135038 100192 109675 78473.5 78428 68023.6 100687 95110.2 112104
#pred cpue bio
 4.41339e+006 4.16e+006 3.9154e+006 3.61041e+006 3.30819e+006 2.97022e+006 2.64759e+006 2.34247e+006 2.06681e+006 1.82307e+006 1.60896e+006 1.41923e+006 1.2439e+006 1.08915e+006 980840 861672 770136 723730 677623 654091 618485 593030 577643 561418 558362 556853 548306 547774 533536 533566 535973 537469 537570 528482 524801 517475 513067 512586 510642 505708 506484 512210 520206 526652 521929 521784 527903 536041 534677 541442 552882 502376 490691 472202 492955 518786 559480 565375 580444 2.03876e+007 1.26263e+007 1.30746e+007 1.36207e+007 1.42132e+007 1.47618e+007 1.52244e+007 1.55934e+007 1.58776e+007 1.60917e+007 1.62507e+007 1.6368e+007 1.64543e+007 1.65177e+007 1.65646e+007 1.65993e+007 1.66251e+007 1.66445e+007 1.6659e+007 1.667e+007 1.66783e+007 1.66846e+007 1.66895e+007 1.66932e+007 1.6696e+007 1.66982e+007 1.66999e+007 1.67011e+007 1.67021e+007 1.67029e+007 1.67035e+007 1.67039e+007 1.67043e+007 1.67046e+007 1.67048e+007 1.67049e+007 1.67051e+007 1.67052e+007 1.67052e+007 1.67053e+007 1.67054e+007 1.67054e+007 1.67054e+007 1.67054e+007 1.67055e+007 1.67055e+007 1.67055e+007 1.67055e+007 1.67055e+007 1.67055e+007 1.67055e+007 1.67055e+007 1.67055e+007 1.67055e+007 1.67055e+007 1.67055e+007 1.67055e+007 1.67055e+007 1.67055e+007 1.67055e+007 1.67055e+007 1.67055e+007 1.67055e+007 1.67055e+007 1.67055e+007 1.67055e+007 1.67055e+007 1.67055e+007 1.67055e+007 1.67055e+007 1.67055e+007 1.67055e+007 1.67055e+007 1.67055e+007 1.67055e+007 1.67055e+007 1.67055e+007 1.67055e+007 1.67055e+007 1.67055e+007 1.67055e+007 1.67055e+007 1.67055e+007 1.67055e+007 1.67055e+007 1.67055e+007 1.67055e+007 1.67055e+007 1.67055e+007 1.67055e+007 1.67055e+007 1.67055e+007 1.67055e+007 1.67055e+007 1.67055e+007 1.67055e+007 1.67055e+007 1.67055e+007 1.67055e+007 1.67055e+007 0 0 0 0 0 0 0 0 0 0 0 0 0 0 0 0 0 0 0 0 0 0 0 0 0
#obs cpue bio
 3.5148e+006 3.89193e+006 3.18243e+006 2.79249e+006 2.85601e+006 2.76331e+006 3.17333e+006 1.4381e+006 1.90911e+006 1.35659e+006 1.26938e+006 1.70832e+006 943084 781927 749078 713675 944578 727059 802309 568839 707486 704414 387069 506681 511711 791930 447146 602371 392437 730546 449581 397940 518037 375488 653460 710350 492364 615261 647288 587798 602989 672454 516105 568588 372328 391801 657358 681924 501790 493809 553511 489247 444213 510567 356910 681565 544338 652688 505305
#pred surv len freq
 0.00458673 0.0074493 0.0112208 0.0158982 0.021398 0.0274821 0.0337208 0.0395849 0.0446336 0.0486545 0.0516641 0.0538183 0.0553177 0.0563432 0.0570126 0.0573543 0.0573111 0.0567625 0.0555414 0.0534291 0.0501563 0.0454689 0.0392889 0.0319002 0.0240025
 0.00493946 0.00793122 0.0117818 0.0164476 0.0218458 0.0277955 0.0339543 0.0398537 0.0450365 0.0491926 0.0522127 0.0541714 0.0552822 0.0558301 0.0560816 0.0561978 0.0561866 0.0559011 0.0550662 0.0533196 0.0502746 0.0456359 0.0393687 0.0318457 0.0238473
 0.00506332 0.00818141 0.0122416 0.0172064 0.0229563 0.02922 0.0355385 0.0413641 0.046255 0.0500095 0.0526477 0.0543088 0.0551753 0.0554561 0.0553781 0.0551454 0.0548682 0.054493 0.0537684 0.0522699 0.049502 0.0450769 0.0389275 0.0314552 0.0234915
 0.00524378 0.00846095 0.0126419 0.0177522 0.0236864 0.0301925 0.0368149 0.0429657 0.0481109 0.0519348 0.0543833 0.0556093 0.055892 0.0555575 0.0549101 0.0541803 0.0534907 0.0528197 0.0519584 0.0504981 0.0479084 0.0437316 0.0378362 0.0305918 0.0228286
 0.00543802 0.00877404 0.0131075 0.0183986 0.0245313 0.0312369 0.0380411 0.0443434 0.0496076 0.0535147 0.0559858 0.0571217 0.0571455 0.0563658 0.0551292 0.0537517 0.0524476 0.051269 0.0500587 0.0484379 0.0458768 0.0418844 0.0362728 0.0293524 0.0219077
 0.00568859 0.00917607 0.0137031 0.0192247 0.0256141 0.0325825 0.0396236 0.0460988 0.0514408 0.0553186 0.0576618 0.0585882 0.0583286 0.0571813 0.0554753 0.0535263 0.0515864 0.0497812 0.0480428 0.0460703 0.0433803 0.039485 0.0341567 0.0276362 0.0206287
 0.00597465 0.00963082 0.0143689 0.0201359 0.026793 0.0340328 0.0413202 0.0479809 0.0534145 0.0572688 0.0594684 0.0601409 0.0595373 0.0579771 0.0558011 0.0533266 0.0508081 0.0483964 0.0460825 0.0436511 0.0407024 0.0367981 0.0317036 0.0255974 0.0190884
 0.00625967 0.0100915 0.0150575 0.0210995 0.0280654 0.0356211 0.0431905 0.0500526 0.0555696 0.0593726 0.0613897 0.0617648 0.0607713 0.0587523 0.0560695 0.0530541 0.0499687 0.0469759 0.0440998 0.0411882 0.0379249 0.0339436 0.0290341 0.0233324 0.0173506
 0.00658317 0.0106026 0.0157999 0.0221068 0.0293585 0.0372033 0.0450374 0.0521031 0.0577249 0.0615057 0.0633617 0.0634434 0.0620456 0.0595423 0.0563259 0.0527514 0.049096 0.0455351 0.0421167 0.0387364 0.0351493 0.0310621 0.0263028 0.020982 0.0155242
 0.00686247 0.0110582 0.0164884 0.023081 0.0306568 0.0388331 0.0469589 0.0542251 0.0599189 0.0636312 0.0652876 0.0650577 0.0632574 0.0602812 0.0565432 0.0524191 0.0482052 0.0440942 0.0401583 0.0363342 0.0324381 0.0282428 0.023616 0.0186524 0.0136987
 0.00710567 0.011453 0.0170825 0.023921 0.0317826 0.0402666 0.0486888 0.0561946 0.0620249 0.065736 0.0672391 0.0667126 0.0645008 0.0610364 0.0567696 0.0521032 0.0473502 0.0427176 0.0382975 0.0340625 0.0298818 0.0255863 0.0210801 0.0164456 0.011961
 0.00736544 0.0118674 0.0176919 0.0247596 0.0328745 0.0416189 0.0502821 0.0579761 0.0639101 0.0676171 0.0689964 0.0682258 0.0656604 0.0617554 0.0569921 0.0518057 0.0465366 0.0414128 0.0365473 0.0319427 0.0275119 0.0231342 0.0187443 0.0144131 0.0103583
 0.00763211 0.0122994 0.0183392 0.0256669 0.0340722 0.0431091 0.0520235 0.0598802 0.0658528 0.0694626 0.0706202 0.0695275 0.0665669 0.0622193 0.0569885 0.0513291 0.0455991 0.0400431 0.0347939 0.0298815 0.0252556 0.0208347 0.0165767 0.0125395 0.0088865
 0.00792775 0.0127682 0.0190231 0.0265985 0.035271 0.0445735 0.0537205 0.061736 0.0677549 0.0712738 0.0721996 0.0707531 0.0673527 0.0625233 0.0568086 0.0506908 0.0445426 0.0386165 0.0330546 0.0279046 0.023144 0.0187214 0.0146109 0.0108567 0.00757335
 0.00798818 0.0128903 0.0192512 0.0269891 0.0358802 0.0454372 0.0548355 0.0630543 0.0691936 0.0727321 0.0735738 0.0719442 0.0682723 0.0631 0.0569961 0.0504728 0.0439311 0.0376462 0.0317789 0.0263958 0.0214969 0.0170531 0.0130488 0.00951458 0.00652373
 0.00812541 0.0131186 0.0196056 0.0275087 0.0366035 0.0463926 0.0560269 0.0644476 0.0707104 0.074255 0.0749647 0.0730708 0.0690342 0.0634434 0.0569129 0.0499888 0.0430923 0.0365096 0.0304095 0.0248684 0.0199 0.0154877 0.0116194 0.00830946 0.00559463
 0.00831903 0.013409 0.0199986 0.0279967 0.0371728 0.0470328 0.0567367 0.0652309 0.0715659 0.075164 0.0758817 0.073924 0.0697352 0.0639063 0.0570739 0.0498187 0.0425982 0.0357278 0.0293969 0.0236964 0.0186515 0.0142537 0.0104896 0.0073575 0.00486203
 0.00825988 0.0133299 0.0199104 0.0279187 0.037126 0.047031 0.0567825 0.0653218 0.0717072 0.0753784 0.0762045 0.0743823 0.0703233 0.0645718 0.0577254 0.0503505 0.0429205 0.0357884 0.0291889 0.0232545 0.0180418 0.0135604 0.00980009 0.00674594 0.00437581
 0.00826271 0.0133315 0.0199082 0.0279111 0.0371155 0.0470282 0.0568055 0.0653905 0.0718336 0.0755597 0.0764264 0.0746305 0.0705926 0.0648634 0.0580331 0.0506468 0.0431557 0.0359053 0.0291444 0.0230372 0.0176769 0.0131027 0.00931817 0.00630353 0.0040166
 0.00811291 0.013103 0.0195924 0.0275105 0.0366432 0.0465074 0.0562706 0.0648893 0.0714245 0.0753029 0.0763695 0.0747944 0.0709654 0.0654046 0.0586844 0.0513426 0.0438285 0.0364901 0.0295859 0.023301 0.0177602 0.0130355 0.00915363 0.00610134 0.00382598
 0.00823516 0.0132677 0.0197775 0.0276751 0.0367396 0.0464996 0.0561495 0.0646739 0.0711519 0.0750151 0.0761045 0.074585 0.0708389 0.0653801 0.0587668 0.0515187 0.0440672 0.0367472 0.0298131 0.0234572 0.0178218 0.0130035 0.00905203 0.00596636 0.00369265
 0.0085532 0.0137274 0.0203613 0.0283252 0.0373685 0.0470108 0.0564588 0.0647267 0.0709357 0.0745656 0.0755003 0.0739276 0.0702255 0.0648818 0.0584201 0.051328 0.0440118 0.0367892 0.0299052 0.0235524 0.0178838 0.0130143 0.00901419 0.00589746 0.00361527
 0.00865481 0.0139108 0.0206676 0.0287952 0.0380218 0.0478186 0.0573268 0.0655062 0.0714672 0.0747357 0.0752815 0.0733817 0.0694751 0.0640676 0.0576633 0.0507082 0.043562 0.0365026 0.0297482 0.0234792 0.0178498 0.0129868 0.00897668 0.005849 0.00356379
 0.00867435 0.0139506 0.0207445 0.0289343 0.038256 0.048183 0.0578455 0.0661732 0.0722276 0.0754811 0.0758707 0.0736855 0.0694254 0.0636838 0.0570414 0.0499813 0.042855 0.0359007 0.0292878 0.0231557 0.0176347 0.0128447 0.00887835 0.00577623 0.00350837
 0.00856222 0.0137793 0.0205079 0.0286372 0.0379161 0.0478338 0.0575373 0.0659698 0.0721934 0.0756586 0.076257 0.0742208 0.0700035 0.0641854 0.0573771 0.0501213 0.0428306 0.0357802 0.0291417 0.023032 0.0175512 0.0127969 0.00885235 0.00575964 0.00349467
 0.00847406 0.0136375 0.020298 0.028348 0.0375444 0.0473896 0.0570504 0.0654911 0.0717894 0.0753985 0.0761969 0.0743869 0.0703796 0.0647103 0.0579572 0.0506587 0.0432544 0.0360649 0.0293047 0.0231132 0.0175903 0.0128196 0.008869 0.00577179 0.00350171
 0.00849635 0.0136659 0.0203258 0.0283629 0.03753 0.0473293 0.0569319 0.0653108 0.0715566 0.075138 0.0759481 0.0741973 0.0702926 0.0647503 0.058118 0.0509024 0.0435237 0.0363044 0.0294799 0.0232181 0.01764 0.0128364 0.00887152 0.00577015 0.00349961
 0.00840616 0.0135317 0.0201466 0.028145 0.0372842 0.047066 0.0566589 0.0650347 0.0712861 0.0748877 0.0757397 0.0740578 0.0702494 0.0648239 0.0583145 0.0512072 0.0439006 0.0367032 0.0298503 0.023524 0.0178671 0.01299 0.00896759 0.00582652 0.00353088
 0.00840267 0.0135302 0.0201522 0.0281654 0.0373278 0.0471389 0.0567605 0.0651544 0.0714024 0.0749714 0.0757615 0.074 0.0701149 0.0646392 0.0581217 0.0510494 0.0438072 0.0366803 0.0298828 0.023585 0.0179308 0.0130402 0.0089996 0.0058434 0.00353819
 0.00846979 0.013603 0.0201957 0.0281272 0.0371557 0.0468067 0.0562885 0.0646103 0.0708797 0.0745577 0.075512 0.0739267 0.0701938 0.064826 0.0583714 0.0513292 0.0440988 0.0369746 0.0301708 0.0238534 0.018164 0.0132263 0.0091348 0.00593246 0.00359138
 0.00853793 0.0137088 0.0203432 0.0283102 0.0373511 0.0469701 0.0563574 0.0645215 0.0705988 0.0741047 0.0749651 0.0733967 0.0697814 0.0645888 0.0583139 0.0514169 0.0442822 0.0372079 0.0304197 0.024094 0.0183793 0.0134044 0.00927001 0.00602591 0.00364985
 0.00848138 0.0136384 0.0202768 0.0282775 0.0373843 0.0470896 0.0565572 0.0647635 0.070819 0.0742315 0.0749447 0.0732163 0.0694787 0.0642395 0.0580022 0.0512044 0.0441914 0.0372259 0.0305137 0.0242276 0.018522 0.0135348 0.00937592 0.0061032 0.00370056
 0.00828123 0.013347 0.0199026 0.0278536 0.0369635 0.0467333 0.0563232 0.0646939 0.0709281 0.0744957 0.0753027 0.0735841 0.0697782 0.0644265 0.0580793 0.0512124 0.0441853 0.037249 0.0305837 0.0243378 0.0186517 0.013662 0.00948425 0.006185 0.00375578
 0.00791587 0.0128133 0.0192124 0.0270599 0.0361501 0.0459945 0.0557459 0.0643465 0.0708524 0.0746986 0.0757498 0.0742024 0.0704702 0.0650934 0.0586456 0.051643 0.0444873 0.0374581 0.0307425 0.0244773 0.0187846 0.0137858 0.00959053 0.00626729 0.00381285
 0.00783223 0.0126266 0.0188418 0.0264098 0.0351479 0.0446424 0.0541596 0.0627461 0.0695012 0.0738177 0.0754552 0.0744885 0.0712337 0.0661753 0.0598736 0.0528654 0.0455961 0.0383976 0.0315025 0.0250756 0.0192478 0.0141376 0.009849 0.00644731 0.00392954
 0.00851302 0.0135833 0.0199996 0.0275937 0.0361173 0.045158 0.0540511 0.0619598 0.068121 0.0720581 0.0736176 0.0728843 0.0700967 0.065604 0.0598276 0.0532085 0.046158 0.0390265 0.0320936 0.0255751 0.0196415 0.014433 0.0100616 0.0065932 0.00402378
 0.00900518 0.0143843 0.021197 0.0292433 0.0381996 0.0475269 0.0564067 0.0638874 0.0692088 0.0720463 0.0725003 0.0709091 0.0676719 0.063163 0.0577097 0.0515955 0.0450737 0.038384 0.0317602 0.0254257 0.0195859 0.0144189 0.0100636 0.00660075 0.00403227
 0.00889121 0.014281 0.0211954 0.0294842 0.0388431 0.0486955 0.0581227 0.0660297 0.0715067 0.0741209 0.0739537 0.0714432 0.0671915 0.061812 0.0558151 0.0495466 0.0431977 0.036872 0.0306612 0.0246903 0.0191227 0.0141386 0.00989848 0.00650618 0.00398044
 0.00871568 0.0140134 0.0208314 0.0290468 0.0383962 0.0483538 0.0580467 0.0663907 0.0724197 0.0755697 0.0757513 0.0732601 0.0686521 0.0626195 0.0558518 0.0489017 0.0421138 0.0356413 0.0295249 0.023784 0.0184785 0.0137211 0.00964735 0.00636408 0.00390437
 0.00867085 0.0139354 0.0207048 0.0288555 0.0381296 0.0480183 0.0576787 0.0660665 0.0722514 0.0756821 0.0762361 0.0741231 0.0697784 0.0637869 0.0567989 0.0494244 0.0421415 0.0352507 0.0288898 0.0230947 0.0178751 0.0132684 0.00934732 0.00618493 0.00380669
 0.008567 0.0137795 0.0204939 0.0285938 0.0378252 0.0476793 0.0573131 0.0656879 0.0718898 0.0753921 0.0760963 0.0742176 0.0701623 0.0644476 0.0576366 0.050272 0.0428223 0.0356474 0.0289843 0.0229592 0.0176243 0.0130063 0.00913589 0.00604248 0.00372374
 0.00854226 0.0137223 0.0203772 0.0283845 0.0374953 0.0472218 0.0567538 0.065084 0.0713144 0.0749142 0.0757693 0.0740805 0.0702445 0.0647652 0.0581762 0.050974 0.0435807 0.0363367 0.029504 0.023268 0.0177461 0.0130053 0.00908053 0.00598107 0.00367817
 0.00853643 0.0137094 0.0203501 0.0283309 0.0373964 0.0470529 0.05649 0.0647108 0.0708412 0.0743828 0.0752504 0.0736562 0.0699868 0.0647196 0.0583552 0.0513553 0.0441082 0.0369269 0.0300635 0.0237206 0.018055 0.0131776 0.0091532 0.00599786 0.0036728
 0.00857821 0.0137681 0.0204211 0.0284033 0.0374547 0.0470804 0.0564702 0.0646284 0.0706826 0.0741401 0.0749293 0.0732839 0.0696133 0.0644086 0.0581666 0.0513273 0.0442446 0.037195 0.0304029 0.024062 0.0183413 0.0133796 0.00927199 0.00605411 0.00369234
 0.0086475 0.0138871 0.0206111 0.0286849 0.0378396 0.0475594 0.0570046 0.065151 0.071112 0.0744024 0.0749761 0.0731025 0.0692282 0.0638776 0.0575708 0.0507544 0.0437689 0.0368596 0.030212 0.0239861 0.0183343 0.0133981 0.00928788 0.0060578 0.00368629
 0.00855888 0.0137644 0.0204668 0.0285465 0.0377452 0.047548 0.0571056 0.0653742 0.0714412 0.0747931 0.0753621 0.0734114 0.0694014 0.0638878 0.0574291 0.0505056 0.043477 0.0365879 0.0300053 0.0238607 0.0182799 0.0133889 0.00929771 0.00606903 0.00369209
 0.00848923 0.0136429 0.0202705 0.0282535 0.0373458 0.0470591 0.0565808 0.0648989 0.0711096 0.0746768 0.0754844 0.0737402 0.0698616 0.0643859 0.0578808 0.0508576 0.0437152 0.036732 0.0300921 0.0239252 0.0183426 0.0134539 0.00935844 0.00611769 0.00372516
 0.00849368 0.0136381 0.0202401 0.0281729 0.0371855 0.0467935 0.0561989 0.0644157 0.0705724 0.0741629 0.0750859 0.0735372 0.0698943 0.064639 0.05829 0.051334 0.0441764 0.0371242 0.030397 0.0241511 0.0185092 0.0135788 0.00945251 0.00618587 0.00377085
 0.00855103 0.0137331 0.0203851 0.0283765 0.0374465 0.0470923 0.0564922 0.0646414 0.0706666 0.0740839 0.074834 0.0731598 0.0694725 0.0642603 0.0580188 0.0511928 0.0441463 0.0371623 0.0304592 0.0242086 0.0185515 0.0136077 0.0094731 0.00620167 0.00378292
 0.00856063 0.0137418 0.020386 0.0283612 0.0374092 0.0470355 0.0564292 0.0645903 0.0706395 0.0740761 0.0748235 0.0731198 0.0693893 0.0641453 0.0579058 0.0511217 0.0441431 0.037228 0.0305723 0.0243384 0.018672 0.0137048 0.00954382 0.00624948 0.00381326
 0.00856357 0.0137414 0.0203754 0.0283302 0.0373456 0.0469293 0.0562773 0.0644009 0.0704335 0.0738838 0.0746754 0.0730352 0.0693689 0.0641745 0.0579659 0.0512016 0.0442427 0.0373516 0.0307188 0.0244968 0.0188252 0.0138369 0.00964597 0.00632093 0.0038588
 0.0091851 0.0147045 0.0217342 0.0300959 0.0394772 0.0493237 0.0587598 0.066732 0.0723446 0.0751369 0.0751206 0.0726427 0.0682265 0.0624569 0.0558911 0.0489879 0.0420776 0.0353757 0.0290216 0.0231191 0.0177667 0.0130675 0.00911802 0.00598048 0.00365383
 0.00922589 0.0148026 0.0219404 0.030477 0.0400992 0.050225 0.0599258 0.0680849 0.0737543 0.076445 0.0761694 0.0733004 0.0684102 0.0621494 0.0551446 0.0479124 0.0408155 0.0340717 0.0277977 0.02206 0.0169153 0.0124298 0.00867277 0.00569118 0.00347951
 0.00929664 0.0149209 0.0221263 0.0307565 0.0405048 0.0507927 0.0606856 0.0690449 0.0748814 0.0776538 0.0773267 0.0742506 0.0690117 0.0623096 0.05484 0.0471906 0.0397813 0.032863 0.0265571 0.020909 0.0159374 0.0116643 0.00811965 0.00532245 0.00325327
 0.00902783 0.0144973 0.0215162 0.0299454 0.0395063 0.0496617 0.05953 0.0680221 0.0741726 0.0774171 0.077648 0.0751104 0.0702824 0.0637846 0.056288 0.0484145 0.0406615 0.0333719 0.0267443 0.0208693 0.0157749 0.0114652 0.00793947 0.00518601 0.00316319
 0.00898577 0.0143966 0.0213052 0.0295571 0.0388764 0.0487579 0.0583794 0.0667233 0.0728836 0.0763258 0.0769341 0.0749062 0.0706391 0.0646526 0.057522 0.0498087 0.042004 0.0344982 0.0275699 0.0213916 0.0160499 0.0115734 0.00795633 0.00516602 0.0031369
 0.00901933 0.0144215 0.0212859 0.0294369 0.0385857 0.0482308 0.0575756 0.0656482 0.0716025 0.0749676 0.0756777 0.0739483 0.0701471 0.0647193 0.0581379 0.050862 0.0433095 0.0358471 0.0287832 0.0223579 0.0167362 0.0120093 0.00820411 0.00529205 0.00319429
 0.00948675 0.0151312 0.0222576 0.0306474 0.0399652 0.0496634 0.0589022 0.0666799 0.0721549 0.0749107 0.0749824 0.072706 0.0685551 0.0630336 0.0566093 0.0496736 0.0425383 0.0354618 0.0286771 0.0224002 0.0168183 0.0120689 0.00822368 0.00528139 0.00317106
 0.00928207 0.0148983 0.0220896 0.0306876 0.0403623 0.0505025 0.0601482 0.0681683 0.0736361 0.0761233 0.0757198 0.072858 0.0681235 0.0621269 0.0554154 0.0484133 0.0414089 0.0345898 0.0280984 0.0220741 0.0166639 0.0120053 0.0081945 0.00525973 0.00315035
#obs surv len freq
 nan nan nan nan nan nan nan nan nan nan nan nan nan nan nan nan nan nan nan nan nan nan nan nan nan
 0.00448711 0.00734964 0.0111808 0.0159981 0.0216994 0.027975 0.0342888 0.0400192 0.0446977 0.0481601 0.0505164 0.0520107 0.0529014 0.0534125 0.0537257 0.0539798 0.0542578 0.0545502 0.0546887 0.0542805 0.0527187 0.0493511 0.0438014 0.0362823 0.0276668
 0.00461139 0.00755544 0.0114971 0.0164531 0.0223134 0.0287495 0.0351958 0.0409992 0.0456678 0.0490314 0.051211 0.0524731 0.0531039 0.0533545 0.0534295 0.0534827 0.0536033 0.053781 0.053844 0.0533973 0.0518359 0.0485119 0.0430506 0.0356577 0.0271894
 0.00478083 0.0078295 0.0119072 0.0170282 0.0230751 0.0297044 0.0363254 0.0422539 0.0469698 0.0502848 0.0523151 0.0533358 0.0536528 0.0535465 0.0532545 0.0529618 0.0527817 0.0527182 0.0526065 0.0520556 0.050465 0.0471921 0.0418614 0.0346648 0.0264292
 0.00497326 0.0081467 0.0123925 0.0177239 0.0240136 0.0308941 0.0377374 0.0438187 0.0485882 0.0518475 0.0537186 0.0544885 0.0544769 0.053979 0.0532535 0.0525129 0.0519022 0.0514568 0.0510386 0.0502789 0.0485959 0.0453591 0.0401913 0.0332613 0.0253506
 0.00518715 0.00849588 0.012921 0.0184746 0.0250208 0.0321717 0.0392653 0.0455359 0.0503988 0.0536362 0.0553676 0.0558907 0.0555413 0.0546331 0.0534431 0.0522035 0.0510835 0.0501502 0.0493044 0.0482201 0.0463559 0.04311 0.0381098 0.0314947 0.0239846
 0.0054147 0.00886806 0.0134854 0.019277 0.0260971 0.033534 0.0408883 0.0473524 0.052309 0.055526 0.0571254 0.0574149 0.0567425 0.0554339 0.0537788 0.052024 0.050358 0.0488753 0.0475176 0.0460126 0.0438786 0.0405631 0.0357114 0.029434 0.0223781
 0.00565904 0.00926858 0.0140943 0.0201449 0.0272634 0.0350113 0.0426468 0.0493143 0.05436 0.0575378 0.0589769 0.0590032 0.057985 0.0562644 0.0541422 0.0518731 0.0496551 0.0476015 0.0456897 0.0437042 0.041235 0.0377963 0.033067 0.0271355 0.0205705
 0.00589467 0.0096576 0.0146909 0.0210037 0.0284286 0.0365005 0.0444332 0.0513207 0.0564693 0.0596155 0.0608931 0.0606465 0.0592672 0.0571193 0.0545209 0.0517374 0.0489733 0.0463531 0.043881 0.0413933 0.0385538 0.0349534 0.0303172 0.0247207 0.0186553
 0.00614762 0.010069 0.0153105 0.0218788 0.0295958 0.0379726 0.0461852 0.0532825 0.0585339 0.061657 0.0627856 0.0622772 0.0605435 0.0579706 0.0548967 0.0516022 0.0483016 0.0451294 0.0421114 0.0391283 0.0359132 0.0321343 0.0275696 0.0222895 0.016714
 0.00638949 0.0104669 0.0159178 0.0227475 0.0307657 0.0394543 0.0479441 0.0552346 0.06056 0.0636276 0.0645822 0.0638025 0.0617211 0.0587419 0.0552173 0.0514389 0.0476301 0.0439361 0.0404028 0.0369511 0.0333768 0.0294216 0.0249163 0.0199313 0.014822
 0.00660829 0.0108272 0.0164688 0.0235381 0.0318356 0.040819 0.0495787 0.0570675 0.0624816 0.0655107 0.0663033 0.0652571 0.06283 0.0594512 0.0554929 0.0512591 0.0469801 0.0428077 0.0388038 0.034924 0.0310207 0.0269018 0.022448 0.0177322 0.0130524
 0.006831 0.0111901 0.0170165 0.0243127 0.0328689 0.0421196 0.0511191 0.0587791 0.0642632 0.0672471 0.0678832 0.0665843 0.0638291 0.0600691 0.0556973 0.0510341 0.04632 0.0417145 0.0372925 0.0330374 0.0288486 0.0245919 0.0201917 0.0157236 0.0114353
 0.00706919 0.0115789 0.0176042 0.0251439 0.0339743 0.0435008 0.0527339 0.0605385 0.0660458 0.0689247 0.0693442 0.0677448 0.0646338 0.0604867 0.0557147 0.0506507 0.045543 0.0405572 0.0357786 0.0312129 0.026798 0.0224464 0.0181184 0.0138905 0.00996556
 0.00726487 0.0119059 0.0181126 0.025885 0.0349887 0.0448006 0.0542846 0.0622534 0.0678001 0.0705808 0.070777 0.0688588 0.0653684 0.060815 0.0556364 0.0501824 0.0447096 0.0393873 0.0343071 0.0294905 0.0249048 0.0204986 0.0162593 0.0122611 0.00866691
 0.00744213 0.0121946 0.0185485 0.0265025 0.0358161 0.0458501 0.055541 0.0636672 0.0692891 0.0720413 0.072099 0.06994 0.0661279 0.0612018 0.0556317 0.049795 0.0439672 0.0383282 0.0329774 0.0279487 0.0232296 0.0187946 0.0146487 0.0108606 0.00755733
 0.00754029 0.0123583 0.0188026 0.0268735 0.0363273 0.0465144 0.0563535 0.0646021 0.0703033 0.0730812 0.0731048 0.0708483 0.0668728 0.0617198 0.0558707 0.0497225 0.0435746 0.0376308 0.0320114 0.0267699 0.0219143 0.017439 0.0133599 0.00973751 0.00666717
 0.00761758 0.0124772 0.0189697 0.0270923 0.0366003 0.0468455 0.0567486 0.0650662 0.0708366 0.0736747 0.0737383 0.0714895 0.0674787 0.0622392 0.0562483 0.0499058 0.0435228 0.0373232 0.0314534 0.0259957 0.0209862 0.0164416 0.0123883 0.00887893 0.00598124
 0.00766264 0.0125476 0.0190701 0.0272249 0.0367639 0.0470358 0.0569586 0.0652893 0.0710705 0.073925 0.0740163 0.0718053 0.0678314 0.0626098 0.0565988 0.0501849 0.0436755 0.0373031 0.0312344 0.025581 0.0204117 0.0157713 0.0117022 0.00825371 0.00547214
 0.00773448 0.0126531 0.0192078 0.0273864 0.0369362 0.0472059 0.0571165 0.0654293 0.0711912 0.074029 0.0741112 0.0719037 0.0679473 0.0627525 0.0567654 0.0503549 0.043812 0.0373607 0.0311727 0.0253782 0.0200751 0.0153384 0.0112313 0.00780749 0.00509933
 0.00779007 0.0127422 0.0193389 0.0275643 0.0371595 0.0474625 0.0573823 0.0656719 0.071379 0.0741427 0.0741505 0.0718855 0.0678982 0.0626998 0.0567287 0.0503409 0.0438112 0.0373483 0.0311159 0.0252485 0.0198606 0.015052 0.0109076 0.00749075 0.00482814
 0.0078347 0.0128075 0.0194241 0.0276648 0.037269 0.0475762 0.0574984 0.0657892 0.0714938 0.0742462 0.0742305 0.0719316 0.0679078 0.0626805 0.0566953 0.0503083 0.0437869 0.0373276 0.0310825 0.0251811 0.0197437 0.0148847 0.0107066 0.00728428 0.00464453
 0.00783261 0.0128061 0.0194255 0.0276716 0.0372829 0.0475967 0.057522 0.0658118 0.0715133 0.074265 0.0742544 0.0719654 0.0679519 0.0627301 0.0567445 0.0503533 0.0438264 0.03736 0.0311018 0.0251769 0.0197053 0.0148084 0.0105997 0.00716382 0.00453049
 0.00785738 0.0128349 0.0194481 0.0276724 0.0372466 0.0475162 0.0574041 0.0656764 0.0713863 0.074169 0.0742025 0.0719612 0.0679918 0.0628063 0.0568461 0.0504681 0.0439424 0.0374667 0.0311903 0.0252389 0.0197344 0.014802 0.0105624 0.00710697 0.00446857
 0.00789823 0.0128973 0.0195336 0.0277777 0.0373621 0.0476249 0.0574836 0.0657039 0.0713479 0.0740675 0.0740589 0.0718072 0.0678581 0.0627132 0.0568001 0.0504645 0.0439696 0.0375108 0.0312377 0.0252779 0.0197563 0.0148026 0.0105429 0.00707349 0.00443015
 0.00790867 0.0129165 0.0195664 0.0278297 0.0374371 0.0477224 0.0575954 0.0658139 0.0714344 0.0741094 0.0740433 0.0717345 0.0677437 0.0625822 0.0566792 0.050373 0.0439154 0.0374906 0.0312408 0.0252914 0.0197685 0.0148058 0.0105343 0.00705552 0.00440775
 0.00788768 0.0128831 0.0195179 0.027765 0.0373586 0.0476371 0.0575157 0.0657547 0.0714085 0.0741211 0.0740854 0.0717914 0.0677978 0.0626219 0.0567032 0.0503889 0.0439343 0.0375204 0.0312827 0.0253398 0.0198148 0.0148422 0.0105567 0.0070643 0.00440671
 0.00789336 0.012887 0.0195141 0.0277449 0.0373134 0.0475621 0.0574136 0.0656374 0.0712939 0.074029 0.0740315 0.0717824 0.0678295 0.0626818 0.0567753 0.0504606 0.0439997 0.0375799 0.0313392 0.0253945 0.0198655 0.0148849 0.0105879 0.00708323 0.00441538
 0.00785686 0.0128282 0.0194265 0.0276231 0.0371538 0.0473653 0.0571867 0.0653952 0.0710588 0.0738275 0.0738896 0.0717201 0.0678558 0.0627915 0.0569506 0.0506757 0.0442281 0.0378005 0.0315387 0.0255665 0.0200075 0.0149964 0.0106698 0.00713842 0.00444885
 0.00786828 0.0128379 0.0194247 0.0275952 0.0370847 0.0472448 0.0570151 0.0651843 0.0708291 0.0736029 0.0736933 0.0715728 0.0677739 0.0627849 0.0570199 0.0508108 0.0444098 0.0380051 0.0317433 0.0257537 0.0201668 0.015123 0.0107637 0.00720282 0.00448924
 0.00785363 0.0128173 0.0193993 0.0275667 0.0370526 0.0472045 0.0569566 0.0650957 0.0707026 0.0734416 0.0735129 0.0713979 0.0676315 0.0626971 0.0569996 0.0508603 0.044521 0.0381612 0.0319228 0.0259347 0.0203313 0.0152596 0.0108679 0.00727581 0.00453598
 0.00782924 0.0127764 0.0193357 0.0274749 0.0369305 0.047056 0.0567931 0.0649339 0.0705582 0.0733235 0.0734218 0.0713302 0.0675858 0.062678 0.0570162 0.0509212 0.0446293 0.0383115 0.0321014 0.026123 0.0205103 0.0154142 0.0109896 0.00736315 0.00459305
 0.00780115 0.012731 0.0192679 0.0273801 0.0368056 0.0469009 0.0566127 0.0647398 0.0703677 0.0731564 0.0732954 0.0712552 0.0675635 0.0627031 0.0570811 0.0510202 0.044759 0.0384685 0.0322791 0.0263098 0.0206912 0.0155748 0.0111197 0.00745901 0.00465712
 0.00775315 0.012655 0.0191576 0.0272314 0.0366179 0.0466784 0.0563665 0.0644872 0.0701303 0.0729557 0.0731494 0.0711757 0.0675558 0.0627647 0.0572031 0.0511892 0.0449607 0.0386899 0.0325087 0.0265362 0.0209026 0.0157595 0.0112692 0.00757003 0.00473218
 0.00772023 0.0125955 0.0190573 0.0270744 0.0363916 0.0463807 0.0560119 0.064107 0.0697659 0.0726475 0.0729282 0.0710585 0.0675462 0.0628558 0.0573802 0.0514327 0.0452488 0.0390006 0.032822 0.0268349 0.0211721 0.0159889 0.0114517 0.0077044 0.00482289
 0.00932278 0.014841 0.0217716 0.0298722 0.0387865 0.0479628 0.0565895 0.0637363 0.0686748 0.0711207 0.0712202 0.0693562 0.065969 0.0614691 0.0562107 0.0504815 0.0445008 0.0384326 0.0324072 0.0265458 0.0209823 0.0158734 0.0113882 0.00767401 0.00481104
 0.00931305 0.0151208 0.0227138 0.0319385 0.0423271 0.0529446 0.0624232 0.069371 0.0729686 0.073289 0.071094 0.0673289 0.0627241 0.057689 0.0524061 0.046958 0.0414044 0.035811 0.0302564 0.0248366 0.0196724 0.0149122 0.0107186 0.00723536 0.00454329
 0.00895939 0.0145658 0.0219376 0.0309935 0.0413913 0.0523575 0.0626448 0.0708184 0.0757672 0.077087 0.0751049 0.0706289 0.0646361 0.058018 0.0514117 0.0451388 0.0392628 0.0337146 0.0284114 0.0233251 0.018502 0.0140521 0.0101207 0.00684482 0.00430561
 0.00880336 0.0142991 0.021513 0.0303619 0.0405212 0.0512684 0.0614503 0.0697541 0.0751708 0.0773047 0.076335 0.0727754 0.0672761 0.0605387 0.0532583 0.0460276 0.0392386 0.0330497 0.0274415 0.0223231 0.0176305 0.0133755 0.00963997 0.00652919 0.00411401
 0.00872864 0.0141757 0.0213226 0.0300832 0.0401304 0.050744 0.0607828 0.068964 0.0743313 0.0765586 0.0758874 0.0728407 0.0679816 0.0618305 0.0548772 0.0475944 0.04041 0.0336527 0.0275081 0.0220247 0.0171722 0.0129169 0.00926726 0.00626638 0.00394871
 0.0087184 0.0141499 0.0212666 0.0299775 0.0399541 0.050481 0.0604274 0.0685224 0.0738211 0.0760123 0.0753618 0.0724275 0.067801 0.0619943 0.0554283 0.0484572 0.0413965 0.0345332 0.028109 0.0222914 0.0171641 0.0127512 0.00905601 0.00608105 0.00381667
 0.00868579 0.014102 0.0212032 0.0298999 0.0398626 0.0503714 0.0602893 0.0683423 0.0735883 0.0757254 0.0750347 0.0720926 0.0675116 0.061821 0.055443 0.0487023 0.0418523 0.0351084 0.0286707 0.0227211 0.0174056 0.0128208 0.00901482 0.00599622 0.00373462
 0.00867328 0.014078 0.0211608 0.0298314 0.0397626 0.0502403 0.0601358 0.0681802 0.0734304 0.0755766 0.0748911 0.0719475 0.0673663 0.0616934 0.0553691 0.0487256 0.0420032 0.0353822 0.0290195 0.0230695 0.0176831 0.0129913 0.00908434 0.00599804 0.0037065
 0.00867731 0.0140852 0.0211725 0.0298481 0.0397825 0.0502578 0.0601416 0.0681635 0.0733831 0.0754974 0.0747852 0.0718235 0.0672327 0.0615593 0.0552478 0.0486383 0.0419753 0.0354321 0.0291448 0.0232425 0.0178605 0.0131334 0.00917165 0.00603424 0.00370936
 0.0086468 0.0140419 0.021119 0.029791 0.0397306 0.0502194 0.060121 0.0681601 0.073391 0.0755072 0.0747867 0.0718093 0.0672002 0.0615115 0.0551926 0.0485877 0.0419447 0.0354367 0.0291932 0.0233305 0.01797 0.0132393 0.00925367 0.00608431 0.0037317
 0.00864794 0.014039 0.0211063 0.0297612 0.0396782 0.0501449 0.0600336 0.0680762 0.0733282 0.0754765 0.0747883 0.0718333 0.067232 0.0615377 0.0552061 0.0485894 0.0419422 0.0354413 0.0292157 0.0233754 0.018033 0.0133088 0.00931593 0.00612995 0.00375875
 0.00865265 0.0140452 0.0211125 0.0297645 0.0396738 0.0501271 0.059997 0.0680184 0.0732525 0.0753934 0.0747132 0.0717807 0.0672095 0.0615436 0.0552309 0.0486217 0.0419743 0.0354719 0.0292481 0.0234141 0.0180793 0.0133592 0.00936349 0.0061683 0.00378484
 0.00862129 0.0140017 0.0210608 0.0297126 0.0396313 0.0501006 0.0599871 0.0680193 0.0732549 0.0753884 0.074697 0.0717563 0.0671851 0.0615287 0.0552321 0.0486396 0.0420046 0.0355087 0.0292874 0.0234544 0.0181204 0.0133998 0.009401 0.00619935 0.00380737
 0.00863596 0.0140191 0.0210755 0.0297166 0.0396175 0.0500677 0.0599421 0.0679755 0.0732253 0.0753794 0.0747044 0.0717692 0.0671928 0.0615263 0.0552217 0.0486277 0.0419976 0.0355099 0.0292969 0.0234705 0.0181409 0.0134225 0.00942339 0.00621905 0.00382263
 0.00863372 0.0140201 0.0210852 0.0297415 0.0396619 0.0501294 0.0600106 0.0680346 0.0732604 0.0753841 0.0746834 0.0717333 0.067152 0.0614857 0.0551817 0.0485882 0.04196 0.0354775 0.0292727 0.0234561 0.0181357 0.0134246 0.00942996 0.0062273 0.00383032
 0.00863372 0.0140201 0.0210852 0.0297415 0.0396619 0.0501294 0.0600106 0.0680346 0.0732604 0.0753841 0.0746834 0.0717333 0.067152 0.0614857 0.0551817 0.0485882 0.04196 0.0354775 0.0292727 0.0234561 0.0181357 0.0134246 0.00942996 0.0062273 0.00383032
 0.00903501 0.0146496 0.0219871 0.0309348 0.0411285 0.0518005 0.0617568 0.0696727 0.074587 0.0762268 0.0749449 0.0714099 0.0663244 0.060289 0.0537713 0.0471088 0.0405277 0.0341732 0.0281451 0.0225273 0.0174076 0.0128833 0.00905075 0.00597876 0.0036791
 0.00899931 0.0146407 0.0220643 0.0311822 0.0416322 0.0526123 0.0628613 0.0709777 0.0759428 0.0774612 0.0758997 0.0719693 0.0664316 0.0599538 0.0530639 0.0461415 0.0394287 0.0330616 0.0271138 0.0216367 0.0166868 0.0123358 0.00866133 0.00572072 0.00352078
 0.00899521 0.0146187 0.0220066 0.0310731 0.0414746 0.052447 0.0627742 0.0710796 0.0763229 0.0781374 0.076796 0.0729338 0.0672869 0.0605511 0.0533198 0.0460489 0.0390452 0.0324845 0.0264514 0.020984 0.0161111 0.0118731 0.00831986 0.00548888 0.00337622
 0.00870936 0.0141673 0.0213532 0.0301964 0.0403773 0.0511691 0.0614074 0.0697727 0.0752653 0.0775198 0.0767569 0.073512 0.0683991 0.0620093 0.0548842 0.0474955 0.0402198 0.0333247 0.0269752 0.0212592 0.0162211 0.0118919 0.00829991 0.00546051 0.00335277
 0.00869728 0.0141084 0.0211927 0.0298609 0.0397957 0.0503044 0.0602852 0.0684885 0.0739674 0.0763778 0.0759314 0.0731299 0.0685301 0.0626442 0.0559254 0.0487736 0.0415369 0.0345079 0.0279168 0.0219279 0.0166464 0.0121344 0.0084238 0.00551714 0.00337591
 0.0086273 0.0139987 0.021033 0.0296383 0.0394901 0.0498857 0.0597176 0.067747 0.0730613 0.0753699 0.07494 0.0723066 0.0680223 0.0625552 0.0562855 0.0495299 0.042564 0.0356403 0.0289935 0.0228324 0.0173259 0.0125946 0.00870672 0.00567609 0.00345809
 0.00882782 0.0143089 0.0214691 0.0302009 0.0401593 0.0506155 0.0604308 0.068337 0.073408 0.0753706 0.0745437 0.0715413 0.0669992 0.0614465 0.0552792 0.0487769 0.0421383 0.0355276 0.0291102 0.0230652 0.0175738 0.0127947 0.00883831 0.00574755 0.00348959
 0.00895519 0.0145347 0.0218417 0.030772 0.0409659 0.0516534 0.0616332 0.0695734 0.0745097 0.0761712 0.0749168 0.0714235 0.0664012 0.0604539 0.0540409 0.0474764 0.0409508 0.0345768 0.0284441 0.0226597 0.0173605 0.0126961 0.00879396 0.00572315 0.00347166
#pred catch len freq
 0.0034246 0.00549381 0.0081662 0.0114488 0.0153682 0.0199384 0.0250963 0.0306698 0.0364059 0.0420219 0.0472513 0.051881 0.0557788 0.0588935 0.0612216 0.0627647 0.0635014 0.0633769 0.0622896 0.060067 0.0564594 0.0512153 0.0442678 0.0359478 0.0270499
 0.00370669 0.00588419 0.00863164 0.0119265 0.0157973 0.0203007 0.0254369 0.0310728 0.0369311 0.0426412 0.0478279 0.0522123 0.055682 0.0582907 0.0601855 0.0615048 0.0622961 0.0624762 0.0618257 0.0600128 0.0566572 0.0514615 0.0444073 0.0359264 0.0269047
 0.00384294 0.00613248 0.00904975 0.0125716 0.0166972 0.0214205 0.0266644 0.0322482 0.0379143 0.0433714 0.0483268 0.0525231 0.0557966 0.058129 0.0596486 0.0605629 0.061045 0.0611184 0.0605876 0.0590476 0.0559927 0.051019 0.0440719 0.0356168 0.0266011
 0.00401788 0.00640305 0.00943636 0.0130974 0.0173992 0.0223546 0.0278904 0.0337887 0.0397041 0.0452371 0.0500238 0.0538197 0.056549 0.0582981 0.0592611 0.0596681 0.0597109 0.059459 0.0587733 0.0572706 0.0544053 0.0496938 0.0430073 0.0347775 0.0259537
 0.00422481 0.00672959 0.00990961 0.013737 0.0182163 0.0233528 0.0290673 0.03514 0.0412245 0.0469074 0.0517811 0.0555286 0.0580064 0.0592825 0.0596019 0.0592932 0.0586523 0.0578321 0.0567528 0.0550657 0.0522264 0.0477132 0.0413333 0.0334521 0.0249691
 0.00447063 0.00711764 0.0104733 0.0145031 0.0192046 0.0245729 0.0305116 0.0367753 0.0429904 0.0487238 0.05356 0.0571801 0.0594319 0.060362 0.0601938 0.0592598 0.0579054 0.0563733 0.054689 0.0525939 0.0495956 0.0451742 0.0390909 0.0316331 0.0236137
 0.00475596 0.0075648 0.0111166 0.0153673 0.0203061 0.0259196 0.0320971 0.0385695 0.0449329 0.050723 0.0555014 0.0589407 0.060895 0.061426 0.0607688 0.05926 0.0572537 0.0550271 0.0526779 0.0500473 0.0467385 0.0422869 0.0364452 0.0294304 0.0219482
 0.0050445 0.00802246 0.0117853 0.0162816 0.0214911 0.0273867 0.0338344 0.0405338 0.0470466 0.0528802 0.0575772 0.0608032 0.0624189 0.0625033 0.0613145 0.0592098 0.0565592 0.0536605 0.0506544 0.0474571 0.0437681 0.0392047 0.0335468 0.0269635 0.0200522
 0.00537131 0.00853227 0.0125144 0.0172546 0.0227237 0.0288869 0.0355974 0.0425298 0.0492102 0.0551072 0.0597325 0.0627374 0.0639898 0.0635934 0.0618387 0.0591131 0.0558099 0.0522484 0.0486024 0.0448466 0.0407636 0.0360543 0.0305424 0.0243685 0.0180313
 0.00566873 0.00900649 0.0132116 0.0182139 0.0239734 0.0304372 0.0374301 0.044591 0.0514117 0.0573356 0.0618597 0.0646305 0.0655203 0.0646484 0.0623308 0.0589848 0.0550329 0.0508216 0.0465577 0.0422667 0.0378028 0.0329437 0.0275589 0.0217709 0.0159904
 0.00594346 0.00944246 0.0138497 0.0190902 0.0251185 0.031873 0.0391589 0.0465813 0.0535882 0.0595784 0.0640176 0.0665432 0.0670432 0.0656702 0.0627784 0.0588187 0.0542392 0.0494093 0.0445648 0.039776 0.0349607 0.0299642 0.0246988 0.0192729 0.0140188
 0.00624841 0.00991975 0.014535 0.0200082 0.0262841 0.0332913 0.0408198 0.0484509 0.0556018 0.0616398 0.0660036 0.0683144 0.0684608 0.0666156 0.063168 0.0586093 0.0534238 0.0480096 0.0426307 0.0373949 0.0322723 0.0271652 0.0220217 0.0169372 0.0121737
 0.00655886 0.0104108 0.0152495 0.0209786 0.0275299 0.034813 0.0425893 0.0504045 0.057642 0.0636463 0.0678482 0.069875 0.0696319 0.0673153 0.0633422 0.058232 0.0524961 0.0465583 0.0407098 0.0350931 0.0297225 0.0245467 0.0195408 0.0147857 0.0104796
 0.00684127 0.0108539 0.0158878 0.0218381 0.0286285 0.0361592 0.044175 0.052192 0.0595548 0.0655688 0.0696382 0.0713863 0.0707397 0.067935 0.0634339 0.0577938 0.0515522 0.0451514 0.0389007 0.0329686 0.0274048 0.0221943 0.0173318 0.0128823 0.00898754
 0.00701008 0.0111341 0.0163207 0.0224666 0.0294897 0.0372725 0.0455284 0.0537365 0.0612089 0.0672306 0.0711966 0.0727296 0.071764 0.0685553 0.0635953 0.0574774 0.050773 0.0439514 0.0373439 0.0311411 0.0254192 0.0201894 0.0154585 0.0112752 0.00773206
