SBPRF35
12.7214
Curr Bio
893215
B35
873200
F35
0.170683
FOFL
0.170683
OFL
125423
Bzero
3.63469e+06
#pred survey bio
 3.61827e+06 3.49757e+06 3.38688e+06 3.22634e+06 3.03429e+06 2.80634e+06 2.54629e+06 2.28614e+06 2.04557e+06 1.80634e+06 1.61158e+06 1.41719e+06 1.26281e+06 1.12927e+06 1.00508e+06 905171 811442 718939 664052 626588 601981 575337 556747 557575 551811 548613 539746 537225 542946 533325 537943 556703 563881 572237 583030 603341 616330 629129 651800 653493 663051 677097 684958 686174 698125 710564 722782 726205 714083 716325 726833 724344 720427 752268 785114 801172 843721 856364 854859 832137 819503 812271 805727 837117 855245 869375 875400 886638 900233 2.07656e+07 1.88373e+07 1.90368e+07 1.97659e+07 2.08405e+07 2.20526e+07 2.32451e+07 2.43241e+07 2.52473e+07 2.60075e+07 2.66169e+07 2.70965e+07 2.74692e+07 2.77566e+07 2.7977e+07 2.81459e+07 2.82752e+07 2.83744e+07 2.84507e+07 2.85097e+07 2.85553e+07 2.85909e+07 2.86187e+07 2.86406e+07 2.86578e+07 2.86715e+07 2.86823e+07 2.8691e+07 2.86979e+07 2.87034e+07 2.87079e+07 2.87115e+07 2.87144e+07 2.87167e+07 2.87186e+07 2.87202e+07 2.87214e+07 2.87225e+07 2.87233e+07 2.8724e+07 2.87245e+07 2.8725e+07 2.87254e+07 2.87257e+07 2.87259e+07 2.87261e+07 2.87263e+07 2.87264e+07 2.87265e+07 2.87266e+07 2.87267e+07 2.87267e+07 2.87268e+07 2.87268e+07 2.87269e+07 2.87269e+07 2.87269e+07 2.87269e+07 2.8727e+07 2.8727e+07 2.8727e+07 2.8727e+07 2.8727e+07 2.8727e+07 2.8727e+07 2.8727e+07 2.8727e+07 2.8727e+07 2.8727e+07 2.8727e+07 2.8727e+07 2.8727e+07 2.8727e+07 2.8727e+07 2.8727e+07 2.8727e+07 2.8727e+07 2.8727e+07 2.8727e+07 2.8727e+07 2.8727e+07 2.8727e+07 2.8727e+07 2.8727e+07 2.8727e+07 2.8727e+07 2.8727e+07 2.8727e+07 2.8727e+07 2.8727e+07 2.8727e+07 2.8727e+07 2.8727e+07 2.8727e+07 2.8727e+07 2.8727e+07 2.8727e+07 2.8727e+07 2.8727e+07 2.8727e+07 0 0 0 0 0 0 0 0 0 0 0 0 0 0 0 0 0 0 0 0 0 0 0 0 0
#obs survey bio
 3.3756e+06 3.8429e+06 2.64664e+06 3.28739e+06 3.53866e+06 4.23759e+06 2.51542e+06 2.16111e+06 2.1592e+06 1.57685e+06 1.54584e+06 1.13941e+06 801637 847981 1.0337e+06 973972 717411 694471 681502 526392 720331 622928 471362 491231 674570 486425 596597 616332 492961 563699 571871 583800 724625 698666 547194 597402 798687 696137 1.01189e+06 496479 621734 597745 670723 711807 739986 585611 714505 901988 846757 714987 765452 618907 584348 977017 590619 620100 913754 1.19904e+06 939492 627059 754132 736341 865457 696690 928383 885820 655469 977539 1.03855e+06
#pred catch bio
 97654.5 95628.8 151634 192742 239963 284584 299586 295526 306389 276913 285348 256525 243454 237911 216683 209049 203196 166233 148257 134664 133538 124017 106883 112599 110089 114141 107886 100823 112812 99439.1 87868 98105.4 97085.4 95411.5 88454.1 95994.3 97382.8 90762.8 109611 103357 100779 106915 112251 102720 102635 103374 110987 123050 109627 102989 114640 116026 87385.7 89572.1 105345 83982.2 110158 120558 136398 126282 122141 122414 91437.3 104419 108003 114682 110018 108095 117107 125423 124300 124377 128030 134422 141817 149063 155524 160940 165282 168653 171206 173103 174493 175499 176220 176734 177098 177354 177534 177660 177748 177809 177851 177881 177902 177916 177925 177932 177937 177940 177942 177944 177945 177946 177946 177946 177947 177947 177947 177947 177947 177947 177947 177947 177947 177947 177947 177947 177947 177947 177947 177947 177947 177947 177947 177947 177947 177947 177947 177947 177947 177947 177947 177947 177947 177947 177947 177947 177947 177947 177947 177947 177947 177947 177947 177947 177947 177947 177947 177947 177947 177947 177947 177947 177947 177947 177947 177947 177947 177947 177947 177947 177947 177947 177947 177947 177947 177947 177947 0 0 0 0 0 0 0 0 0 0 0 0 0 0 0 0 0 0 0 0 0 0 0 0 0
#obs catch bio
 0 95248.9 151951 192751 240164 285171 299580 295264 305106 275369 284178 255922 243809 239578 217105 209068 203515 166237 149042 135678 134090 124730 107004 113282 110481 115047 108691 101161 114212 100056 88106 98227.3 96969.2 95534.9 88490.2 95899.4 97272.4 90792.3 109342 103563 100677 107211 112472 102566 102143 103085 110500 122688 108932 102287 113871 115879 87125 89382.3 105949 83745.4 110466 119998 135933 125503 121587 122873 91232.8 104612 108100 114904 110316 108181 117172
#pred cpue bio
 3.57791e+06 3.45867e+06 3.34779e+06 3.18711e+06 2.99544e+06 2.76803e+06 2.50894e+06 2.2499e+06 2.0104e+06 1.77229e+06 1.57827e+06 1.3848e+06 1.23107e+06 1.09819e+06 975058 876347 784080 693242 639396 602792 578926 553049 534940 535667 529968 526858 518240 515894 521606 512435 517232 535834 543010 551247 561877 581867 594590 607001 629237 630905 640211 653946 661758 663182 675134 687418 699416 702848 691098 693370 703634 701059 697017 728196 760650 776635 818663 831473 830260 807863 795058 787515 780939 812041 830228 844327 850291 861364 874885 2.01862e+07 1.83089e+07 1.83855e+07 1.90088e+07 2.00562e+07 2.12634e+07 2.24552e+07 2.3534e+07 2.44572e+07 2.52174e+07 2.58268e+07 2.63065e+07 2.66792e+07 2.69665e+07 2.7187e+07 2.73558e+07 2.74851e+07 2.75843e+07 2.76607e+07 2.77196e+07 2.77653e+07 2.78008e+07 2.78287e+07 2.78505e+07 2.78678e+07 2.78814e+07 2.78923e+07 2.79009e+07 2.79078e+07 2.79133e+07 2.79178e+07 2.79214e+07 2.79243e+07 2.79266e+07 2.79286e+07 2.79301e+07 2.79314e+07 2.79324e+07 2.79332e+07 2.79339e+07 2.79345e+07 2.79349e+07 2.79353e+07 2.79356e+07 2.79358e+07 2.7936e+07 2.79362e+07 2.79363e+07 2.79364e+07 2.79365e+07 2.79366e+07 2.79367e+07 2.79367e+07 2.79368e+07 2.79368e+07 2.79368e+07 2.79368e+07 2.79369e+07 2.79369e+07 2.79369e+07 2.79369e+07 2.79369e+07 2.79369e+07 2.79369e+07 2.79369e+07 2.79369e+07 2.79369e+07 2.79369e+07 2.79369e+07 2.79369e+07 2.79369e+07 2.79369e+07 2.79369e+07 2.79369e+07 2.79369e+07 2.79369e+07 2.79369e+07 2.79369e+07 2.79369e+07 2.79369e+07 2.79369e+07 2.79369e+07 2.79369e+07 2.79369e+07 2.79369e+07 2.79369e+07 2.79369e+07 2.79369e+07 2.79369e+07 2.79369e+07 2.79369e+07 2.79369e+07 2.79369e+07 2.79369e+07 2.79369e+07 2.79369e+07 2.79369e+07 2.79369e+07 2.79369e+07 2.79369e+07 0 0 0 0 0 0 0 0 0 0 0 0 0 0 0 0 0 0 0 0 0 0 0 0 0
#obs cpue bio
 2.79164e+06 4.07502e+06 3.13295e+06 3.65391e+06 2.30265e+06 1.6923e+06 3.13783e+06 2.38888e+06 2.99315e+06 2.0406e+06 1.73136e+06 1.42449e+06 1.50348e+06 1.04241e+06 1.14757e+06 912806 874910 691533 449710 541130 585012 430272 672449 477772 442598 450308 408065 475612 368762 534522 483617 689737 478287 383716 547944 764209 479934 382851 715910 495086 843218 564035 770522 746162 946989 706928 866151 607241 740273 756018 819934 629871 722038 595910 665363 1.15929e+06 727157 1.07409e+06 797917 1.28257e+06 812503 526847 740882 946382 752970 812248 909487 872595 887467
#pred surv len freq
 0.00419843 0.00692637 0.0106295 0.0153552 0.0210217 0.0273238 0.033718 0.0395724 0.0444109 0.0480638 0.0506324 0.0523425 0.0534197 0.0540387 0.0543226 0.0543636 0.0542457 0.0540436 0.0537662 0.0532416 0.0520195 0.0494251 0.0448461 0.0381472 0.0299256
 0.00451397 0.00734771 0.0110971 0.0157641 0.02126 0.0273277 0.033508 0.0392443 0.0440815 0.0478102 0.0504637 0.0522202 0.053306 0.0539369 0.0542856 0.0544658 0.0545352 0.0544994 0.0542823 0.0536536 0.052168 0.0492268 0.0443338 0.0374526 0.0292157
 0.00457782 0.00751648 0.0114635 0.0164344 0.0223031 0.0287096 0.035056 0.0406827 0.0451375 0.0483289 0.0504574 0.0518252 0.052692 0.0532379 0.0535855 0.0538209 0.053991 0.0540784 0.0539576 0.0533392 0.0517486 0.0486182 0.0435349 0.0365528 0.0283505
 0.0047046 0.00770625 0.0117246 0.0167792 0.0227634 0.0293473 0.0359511 0.0418861 0.0466083 0.0498991 0.0518651 0.0528131 0.0531118 0.0530955 0.0530077 0.0529817 0.0530472 0.0531368 0.0530638 0.0524803 0.0508734 0.0476771 0.0425243 0.0355325 0.0274197
 0.00485861 0.00796236 0.0121191 0.0173455 0.0235219 0.0302939 0.0370532 0.0430946 0.0478786 0.0511995 0.0531557 0.0540083 0.0540668 0.0536444 0.0530356 0.052479 0.0521089 0.0519131 0.0516973 0.0510657 0.0494537 0.0462707 0.0411611 0.0342725 0.0263401
 0.00500018 0.00820444 0.0125058 0.0179264 0.0243417 0.0313764 0.0383831 0.0446103 0.0494815 0.0527782 0.0546119 0.0552684 0.0550722 0.0543293 0.0533171 0.0522772 0.0513879 0.0507108 0.0501203 0.0492535 0.0475411 0.044373 0.039379 0.0326989 0.0250514
 0.00519905 0.00852688 0.0129903 0.0186103 0.0252569 0.0325409 0.0397901 0.0462189 0.0512165 0.0545374 0.0562794 0.0567308 0.0562331 0.0551157 0.053674 0.0521576 0.050754 0.0495518 0.0484768 0.0472286 0.0452892 0.0420734 0.0372082 0.0308057 0.0235347
 0.00541948 0.00888858 0.0135407 0.019395 0.0263106 0.0338731 0.0413715 0.0479793 0.053057 0.0563515 0.0579682 0.0582072 0.0574189 0.0559397 0.0540728 0.0520778 0.0501544 0.0484111 0.0468102 0.0451084 0.042856 0.0395252 0.0347662 0.0286672 0.0218301
 0.00567196 0.00929444 0.0141433 0.0202326 0.0274107 0.0352425 0.042985 0.0497732 0.0549355 0.0582027 0.0596822 0.0596888 0.0585925 0.0567465 0.0544643 0.0520093 0.0495842 0.0473083 0.045173 0.0429878 0.040376 0.036882 0.0321979 0.0263989 0.0200165
 0.0059954 0.00981557 0.0149183 0.021309 0.0288166 0.0369714 0.0449805 0.0519273 0.0571065 0.0602452 0.0614728 0.0611373 0.0596398 0.0573572 0.0546168 0.0516871 0.0487693 0.0459837 0.0433374 0.0406829 0.0377132 0.0340513 0.029443 0.0239594 0.018063
 0.00625648 0.010245 0.0155737 0.0222467 0.03008 0.0385727 0.0468819 0.0540347 0.0592832 0.0623387 0.063342 0.0626696 0.0607572 0.0580139 0.0547916 0.0513722 0.0479609 0.0446794 0.0415455 0.0384452 0.0351319 0.0313025 0.0267581 0.0215723 0.0161447
 0.00659461 0.0107886 0.0163803 0.0233659 0.0315442 0.0403821 0.0489889 0.0563372 0.0616349 0.0645751 0.0653071 0.0642354 0.0618345 0.0585544 0.0547825 0.0508251 0.0468986 0.0431273 0.0395357 0.0360341 0.0324251 0.0284701 0.0240203 0.0191522 0.0142057
 0.00687434 0.0112451 0.0170702 0.0243421 0.0328445 0.0420126 0.0509066 0.0584462 0.0638013 0.0666528 0.0671613 0.065754 0.0629309 0.0591673 0.0548767 0.0503905 0.045946 0.0416836 0.0376437 0.0337622 0.0298838 0.0258228 0.0214709 0.016904 0.0124065
 0.00703275 0.0115263 0.0175371 0.0250675 0.0338948 0.043421 0.0526484 0.0604308 0.0658885 0.0686839 0.0689882 0.0672574 0.0640255 0.0597995 0.0550191 0.050035 0.0451003 0.0403701 0.0359041 0.0316665 0.0275427 0.0233927 0.0191402 0.0148559 0.0107718
 0.0071931 0.0117918 0.017947 0.0256649 0.0347221 0.0445102 0.054007 0.0620287 0.0676517 0.0704985 0.0707152 0.0687544 0.065171 0.0605098 0.0552522 0.0497835 0.0443789 0.0392088 0.0343481 0.0297855 0.0254422 0.0212174 0.0170606 0.0130346 0.00932266
 0.00729054 0.0119593 0.0182163 0.0260717 0.0353001 0.0452802 0.0549673 0.0631519 0.0688906 0.0717941 0.0720009 0.069955 0.0662017 0.0612829 0.0556899 0.0498307 0.0440104 0.038429 0.03319 0.0283119 0.0237499 0.0194375 0.0153445 0.011525 0.0081187
 0.00740306 0.0121484 0.0185124 0.0265073 0.0359027 0.0460624 0.0559156 0.0642228 0.0700173 0.0729012 0.0730188 0.0708284 0.0668904 0.0617558 0.0559178 0.0497837 0.0436616 0.0377643 0.0322179 0.0270731 0.022322 0.017932 0.0138918 0.0102478 0.00710141
 0.00765006 0.0125346 0.0190647 0.0272401 0.0368154 0.0471358 0.0571068 0.0654637 0.071221 0.0739768 0.0738881 0.0714382 0.067217 0.0618027 0.0557057 0.0493375 0.0430003 0.0368988 0.03116 0.0258491 0.0209853 0.0165663 0.0125995 0.00912616 0.0062163
 0.00774023 0.0126814 0.0192861 0.0275522 0.0372293 0.0476522 0.057712 0.0661296 0.0719115 0.0746554 0.0745217 0.0719953 0.0676652 0.062109 0.0558421 0.0492854 0.0427523 0.0364568 0.0305343 0.0250626 0.0200805 0.0156086 0.0116705 0.00830544 0.00556048
 0.00777188 0.0127309 0.0193572 0.0276486 0.0373555 0.0478145 0.0579182 0.0663868 0.0722228 0.075017 0.0749216 0.0724137 0.0680754 0.0624791 0.0561362 0.0494678 0.0427923 0.0363342 0.0302433 0.0246151 0.019509 0.0149657 0.0110223 0.00771811 0.00508282
 0.0077899 0.0127523 0.019375 0.0276522 0.0373345 0.0477648 0.0578473 0.0663151 0.0721797 0.0750339 0.0750229 0.0726099 0.0683591 0.0628246 0.0565038 0.0498097 0.0430604 0.0364874 0.0302548 0.0244779 0.0192393 0.0146019 0.0106183 0.00733014 0.00475539
 0.00789672 0.0129145 0.0195972 0.0279289 0.0376493 0.0480909 0.0581494 0.0665548 0.0723261 0.0750744 0.0749702 0.0724978 0.0682307 0.0627172 0.0564371 0.0497817 0.0430495 0.0364605 0.0301784 0.0243289 0.0190132 0.0143155 0.0103052 0.00703015 0.00450173
 0.0080853 0.0131909 0.0199566 0.028347 0.0380876 0.0485078 0.0585081 0.0668267 0.0724908 0.0751211 0.0749001 0.0723271 0.0679892 0.0624434 0.0561692 0.0495474 0.0428587 0.0363043 0.0300347 0.0241727 0.0188281 0.0141008 0.0100762 0.00681088 0.00431514
 0.00805095 0.0131511 0.0199254 0.0283442 0.0381303 0.0485981 0.0586266 0.066938 0.0725602 0.0751321 0.0748614 0.0722643 0.06793 0.0624065 0.0561618 0.0495685 0.0429025 0.0363605 0.0300875 0.0242038 0.0188223 0.0140528 0.00999335 0.0067107 0.00421743
 0.00805168 0.0131546 0.0199357 0.0283686 0.0381796 0.0486855 0.0587637 0.0671271 0.0727865 0.0753617 0.0750491 0.0723706 0.0679379 0.0623265 0.0560248 0.0494106 0.0427523 0.0362329 0.0299845 0.0241178 0.018742 0.0139695 0.00990523 0.00662289 0.00413864
 0.00802127 0.0131089 0.0198742 0.0282939 0.0380979 0.0486065 0.0587008 0.0670966 0.0728045 0.0754384 0.0751818 0.07254 0.0681118 0.0624708 0.0561162 0.0494447 0.0427412 0.0361964 0.0299394 0.0240728 0.018698 0.0139236 0.00985601 0.00657242 0.00409177
 0.0080191 0.0131101 0.0198844 0.0283209 0.0381492 0.0486855 0.0588037 0.067213 0.0729208 0.0755426 0.075267 0.0726047 0.0681558 0.062492 0.0561093 0.0494042 0.042667 0.036096 0.029826 0.0239601 0.0185954 0.0138351 0.00978188 0.00651191 0.00404439
 0.00804161 0.0131313 0.0198888 0.0282867 0.0380564 0.0485283 0.0585988 0.0669975 0.0727399 0.0754326 0.0752445 0.0726653 0.0682807 0.0626558 0.0562863 0.0495717 0.0428073 0.0361989 0.0298897 0.0239901 0.0186009 0.0138255 0.00976439 0.00649179 0.00402524
 0.00786906 0.0128824 0.0195718 0.0279273 0.0376877 0.0481766 0.0582753 0.0667031 0.0724785 0.075223 0.0751204 0.0726618 0.0684168 0.0629235 0.0566524 0.0499888 0.0432276 0.0365838 0.0302148 0.0242452 0.0187875 0.0139525 0.0098443 0.00653749 0.00404827
 0.0078892 0.0129001 0.0195722 0.0278908 0.0376001 0.0480404 0.0581155 0.0665583 0.0723809 0.0751802 0.0751135 0.0726626 0.0684093 0.062914 0.0566615 0.0500348 0.0433138 0.0366978 0.0303363 0.0243548 0.0188734 0.0140114 0.00987928 0.00655491 0.00405477
 0.00788837 0.0128819 0.0195136 0.0277595 0.0373625 0.0476755 0.057629 0.0659905 0.0718029 0.0746783 0.0747659 0.0725159 0.0684668 0.063141 0.0570044 0.0504412 0.0437436 0.0371218 0.0307313 0.0247015 0.0191579 0.0142282 0.0100319 0.00665353 0.00411302
 0.00779397 0.0127282 0.0192814 0.0274301 0.0369207 0.0471146 0.0569586 0.0652425 0.0710336 0.0739644 0.0741939 0.0721658 0.0683924 0.0633537 0.0574692 0.051088 0.0444872 0.0378831 0.0314483 0.0253327 0.0196796 0.0146324 0.0103238 0.00684882 0.00423321
 0.00780045 0.0127365 0.0192891 0.0274319 0.0369066 0.0470697 0.056863 0.0650743 0.0707751 0.0736115 0.0737646 0.0717048 0.067966 0.0630351 0.0573175 0.0511292 0.0447077 0.0382359 0.0318705 0.0257628 0.0200702 0.0149546 0.010567 0.00701691 0.0043393
 0.00777667 0.0127002 0.0192388 0.0273676 0.0368296 0.0469818 0.0567651 0.0649656 0.0706514 0.0734652 0.0735874 0.0714938 0.0677315 0.0628051 0.0571345 0.0510388 0.0447413 0.0383983 0.0321369 0.0260878 0.0204028 0.0152529 0.0108059 0.00718934 0.00445176
 0.00775436 0.012659 0.0191683 0.027256 0.0366682 0.0467705 0.0565173 0.0647065 0.0704117 0.0732698 0.0734482 0.0714076 0.0676849 0.0627846 0.0571353 0.0510697 0.0448211 0.0385443 0.032353 0.0263583 0.0206961 0.0155324 0.0110423 0.00736788 0.00457255
 0.00771408 0.0125846 0.0190398 0.0270504 0.0363651 0.0463626 0.0560197 0.0641601 0.0698763 0.0728108 0.0731211 0.0712456 0.0676928 0.0629402 0.0574 0.0514024 0.0451901 0.0389319 0.0327502 0.0267556 0.0210775 0.0158761 0.0113281 0.00758431 0.00472079
 0.00774229 0.0126274 0.0190976 0.0271187 0.0364322 0.0464081 0.0560152 0.0640756 0.0696916 0.072528 0.0727696 0.0708768 0.0673653 0.0627021 0.0572768 0.0513943 0.0452793 0.0390932 0.0329595 0.0269925 0.021323 0.0161109 0.0115339 0.00774807 0.00483812
 0.00768468 0.0125501 0.0190115 0.0270433 0.0363899 0.0464137 0.0560676 0.064155 0.0697644 0.0725574 0.0727276 0.0707549 0.0671791 0.0624882 0.0570813 0.0512577 0.045225 0.0391241 0.0330624 0.0271456 0.021502 0.016293 0.0116996 0.00788389 0.00493814
 0.00758328 0.0123817 0.0187531 0.0266765 0.0359104 0.0458439 0.0554639 0.0636002 0.0693438 0.072328 0.0726995 0.0708934 0.0674254 0.0627849 0.0573904 0.0515658 0.0455356 0.039445 0.0333954 0.0274821 0.0218257 0.0165848 0.0119439 0.00807232 0.00507104
 0.0076284 0.0124548 0.0188612 0.0268222 0.036087 0.0460304 0.0556248 0.0636943 0.0693401 0.0722221 0.0725166 0.0706758 0.0672125 0.0625988 0.0572355 0.0514382 0.0454344 0.0393761 0.0333673 0.0274989 0.0218822 0.0166676 0.0120355 0.00815683 0.00513848
 0.00762193 0.0124422 0.0188391 0.0267871 0.0360379 0.0459709 0.0555629 0.0636391 0.0692959 0.0721844 0.0724754 0.0706237 0.0671517 0.0625414 0.0571959 0.0514255 0.0454495 0.0394156 0.0334276 0.0275779 0.0219765 0.0167701 0.0121359 0.00824481 0.00520712
 0.00750759 0.0122747 0.018621 0.0265326 0.0357683 0.0457081 0.0553252 0.0634403 0.0691479 0.0720975 0.0724553 0.0706683 0.0672503 0.0626781 0.0573557 0.0515983 0.0456297 0.0395993 0.0336111 0.0277565 0.0221454 0.0169236 0.0122683 0.00835133 0.00528583
 0.00739924 0.0121072 0.0183858 0.0262303 0.0354108 0.0453206 0.0549458 0.0631144 0.0689162 0.0719834 0.0724588 0.0707704 0.0674238 0.0628966 0.0575982 0.0518494 0.0458792 0.0398405 0.0338396 0.0279689 0.0223376 0.0170914 0.0124077 0.00846001 0.00536426
 0.00739099 0.0120831 0.0183303 0.0261231 0.0352334 0.0450658 0.0546259 0.0627627 0.0685794 0.0717087 0.0722815 0.070706 0.0674672 0.0630277 0.0577898 0.052075 0.0461175 0.0400771 0.0340651 0.028177 0.0225238 0.0172518 0.0125392 0.00856131 0.00543663
 0.00740011 0.0120824 0.0183003 0.0260353 0.0350569 0.0447778 0.0542233 0.0622681 0.0680398 0.0711878 0.0718473 0.0704166 0.0673576 0.0631022 0.0580237 0.0524241 0.0465314 0.0405103 0.0344828 0.0285563 0.0228511 0.0175207 0.0127485 0.00871448 0.00554094
 0.00738615 0.0120646 0.0182813 0.0260176 0.0350378 0.0447446 0.0541508 0.0621251 0.0678028 0.0708557 0.07145 0.0700104 0.0670104 0.0628736 0.057949 0.0525071 0.0467475 0.0408164 0.0348312 0.0289049 0.0231689 0.0177892 0.0129598 0.00886923 0.00564587
 0.0073134 0.0119576 0.0181415 0.0258543 0.0348667 0.0445832 0.0540136 0.0620185 0.0677212 0.0707813 0.0713594 0.0698874 0.0668583 0.0627199 0.0578366 0.0524777 0.0468247 0.040998 0.0350914 0.0292045 0.0234683 0.018057 0.0131777 0.00903145 0.00575642
 0.00722253 0.0118243 0.0179681 0.0256533 0.0346585 0.0443913 0.0538602 0.0619208 0.067687 0.0708057 0.0714227 0.0699595 0.0669086 0.0627303 0.0578105 0.05244 0.0468114 0.0410398 0.035201 0.0293725 0.023669 0.0182595 0.0133564 0.00917184 0.00585543
 0.00730775 0.0119429 0.0181103 0.0257988 0.0347838 0.0444809 0.0539136 0.061951 0.0677113 0.0708339 0.0714511 0.069972 0.0668842 0.0626516 0.0576723 0.0522533 0.0466031 0.0408455 0.0350534 0.0292901 0.0236512 0.01829 0.0134118 0.00923106 0.00590514
 0.00736672 0.0120272 0.0182148 0.0259093 0.0348782 0.0445335 0.0539017 0.0618624 0.0675523 0.0706323 0.0712499 0.069814 0.0667945 0.0626289 0.0576933 0.0522878 0.0466291 0.0408579 0.0350619 0.02931 0.0236927 0.0183523 0.0134849 0.00930162 0.00596293
 0.0073519 0.0120081 0.0181948 0.0258933 0.0348695 0.0445297 0.0538917 0.0618291 0.0674788 0.0705115 0.0710913 0.0696445 0.06665 0.0625414 0.0576782 0.0523387 0.0467239 0.0409707 0.0351744 0.0294154 0.0237918 0.0184469 0.013573 0.00937821 0.00602319
 0.00740824 0.0120979 0.0183267 0.0260735 0.0351003 0.0448062 0.0541986 0.0621381 0.0677508 0.0707036 0.071167 0.0695854 0.0664638 0.0622614 0.0573537 0.0520192 0.0464446 0.040747 0.0350055 0.0292934 0.0237088 0.0183964 0.0135488 0.00937278 0.00602826
 0.0074858 0.0122186 0.018498 0.0262987 0.0353776 0.0451278 0.0545495 0.0624955 0.0680855 0.070983 0.0713596 0.0696643 0.0664123 0.0620791 0.0570602 0.0516522 0.0460509 0.0403703 0.0346764 0.0290267 0.0235063 0.0182525 0.0134541 0.00931628 0.00599852
 0.00730378 0.0119372 0.0181026 0.0257881 0.0347668 0.0444512 0.0538632 0.0618742 0.0676106 0.0707227 0.0713503 0.0698999 0.0668463 0.0626371 0.0576604 0.0522258 0.0465556 0.0407923 0.0350218 0.0293093 0.0237381 0.0184404 0.0136016 0.00942594 0.00607468
 0.00716494 0.0117089 0.0177552 0.0252952 0.0341143 0.0436499 0.0529595 0.0609508 0.0667717 0.0700711 0.0709647 0.0698221 0.0670762 0.0631349 0.0583541 0.0530262 0.0473749 0.0415607 0.035697 0.0298746 0.024194 0.0187957 0.0138676 0.00961515 0.00620079
 0.00715492 0.0116881 0.0177146 0.025221 0.0339881 0.0434506 0.0526682 0.0605581 0.0662871 0.069529 0.0704248 0.0693591 0.0667626 0.0630224 0.0584597 0.0533281 0.0478195 0.0420783 0.0362202 0.0303523 0.0245973 0.019115 0.0141061 0.00978318 0.00631168
 0.00691052 0.0113156 0.0172006 0.0245704 0.0332226 0.0426056 0.0517905 0.0597033 0.0655136 0.0688895 0.0699602 0.0690984 0.0667257 0.0632207 0.0588924 0.0539749 0.0486358 0.0429973 0.0371628 0.0312427 0.0253764 0.019749 0.0145866 0.0101218 0.00653281
 0.00686226 0.0112282 0.0170531 0.02434 0.0328924 0.0421747 0.0512819 0.0591608 0.0649877 0.0684208 0.0695706 0.0687954 0.0665151 0.0631167 0.0589181 0.0541536 0.0489767 0.0434847 0.0377538 0.0318751 0.0259846 0.0202795 0.0150086 0.0104287 0.00673683
 0.00691419 0.0113051 0.0171538 0.0244556 0.0330048 0.0422575 0.0513029 0.0590895 0.064806 0.068132 0.0692004 0.0683843 0.066106 0.0627479 0.0586227 0.0539618 0.0489143 0.0435653 0.0379696 0.0321934 0.0263547 0.0206463 0.0153278 0.0106759 0.00690839
 0.0071334 0.0116418 0.017623 0.0250554 0.0337146 0.0430361 0.0520866 0.0597947 0.0653409 0.0684164 0.0691868 0.0680706 0.0655351 0.0619958 0.0577816 0.0531226 0.0481551 0.0429438 0.037518 0.0319156 0.0262274 0.0206276 0.0153703 0.0107394 0.00696729
 0.00725081 0.0118382 0.0179278 0.0254965 0.0343087 0.0437754 0.0529277 0.0606588 0.0661285 0.0690309 0.0695538 0.0681479 0.0653156 0.0615067 0.0570809 0.0522917 0.0472859 0.0421237 0.0368159 0.0313721 0.0258514 0.0204002 0.0152551 0.0106956 0.00696007
 0.00721001 0.0117955 0.017908 0.0255391 0.0344601 0.0440742 0.0533904 0.0612702 0.0668411 0.0697704 0.0702311 0.0686741 0.065619 0.0615465 0.0568545 0.0518352 0.0466669 0.0414282 0.0361315 0.0307712 0.0253783 0.0200673 0.0150474 0.0105823 0.00690746
 0.00716199 0.0117185 0.0177959 0.0253918 0.0342895 0.0439106 0.0532839 0.0612822 0.067024 0.0701442 0.0707683 0.0693022 0.0662383 0.0620556 0.0571747 0.0519262 0.0465336 0.0411161 0.0357133 0.0303271 0.0249767 0.0197505 0.0148281 0.0104494 0.00683759
 0.00698982 0.0114327 0.0173563 0.0247614 0.0334476 0.0428725 0.0521181 0.0601137 0.0660146 0.0694551 0.0705187 0.0695377 0.066918 0.0630623 0.0583447 0.0530911 0.047559 0.0419256 0.0362922 0.0307081 0.0252156 0.0199028 0.0149337 0.0105293 0.00689919
 0.00694824 0.0113587 0.017232 0.0245632 0.0331481 0.0424457 0.0515485 0.0594079 0.0652122 0.0686344 0.0697911 0.0690269 0.0667275 0.0632412 0.0588676 0.0538628 0.0484426 0.0427841 0.0370249 0.0312682 0.0256068 0.020159 0.0150969 0.010634 0.00696747
 0.00694331 0.0113478 0.0172094 0.0245202 0.0330723 0.0423211 0.0513568 0.0591304 0.0648352 0.0681578 0.069239 0.0684557 0.0662233 0.0629022 0.0587743 0.0540471 0.0488719 0.0433708 0.0376571 0.0318473 0.026073 0.0204964 0.0153213 0.0107745 0.00705195
 0.00694947 0.0113616 0.0172367 0.0245675 0.0331434 0.0424123 0.0514525 0.0592032 0.06485 0.0680798 0.0690441 0.0681403 0.065813 0.0624546 0.0583712 0.0537727 0.0487846 0.0434802 0.0379206 0.0321891 0.0264147 0.0207832 0.0155309 0.0109113 0.00713337
 0.00688952 0.0112714 0.0171152 0.0244195 0.0329799 0.0422491 0.0513084 0.0590955 0.0647883 0.0680603 0.0690469 0.0681348 0.0657698 0.0623601 0.0582384 0.0536422 0.0487114 0.0435112 0.0380726 0.0324401 0.0267142 0.0210745 0.0157729 0.011087 0.00724668
 0.00680908 0.0111436 0.0169289 0.0241681 0.0326644 0.0418825 0.0509185 0.0587236 0.064481 0.067856 0.0689643 0.0681675 0.0658891 0.0625255 0.0584124 0.0538049 0.0488673 0.0436835 0.0382867 0.0327053 0.0270151 0.021377 0.0160403 0.0112952 0.00739018
#obs surv len freq
 nan nan nan nan nan nan nan nan nan nan nan nan nan nan nan nan nan nan nan nan nan nan nan nan nan
 0.00448696 0.00734954 0.0111809 0.0159986 0.0217005 0.0279768 0.0342912 0.040022 0.0447005 0.0481626 0.0505183 0.0520118 0.0529019 0.0534122 0.0537249 0.0539786 0.0542563 0.0545484 0.0546868 0.0542786 0.0527167 0.0493493 0.0437998 0.0362809 0.0276658
 0.00461272 0.00755772 0.0115008 0.0164586 0.022321 0.0287595 0.0352079 0.0410125 0.0456811 0.0490435 0.0512207 0.0524796 0.0531067 0.0533536 0.0534253 0.0534758 0.0535944 0.0537707 0.0538329 0.0533858 0.0518244 0.048501 0.0430408 0.0356495 0.0271833
 0.00477918 0.00782724 0.0119046 0.0170258 0.0230737 0.0297046 0.036328 0.0422592 0.0469777 0.0502948 0.0523263 0.0533468 0.0536625 0.0535536 0.0532584 0.0529623 0.0527791 0.0527131 0.0525996 0.0520474 0.0504563 0.0471836 0.0418537 0.0346584 0.0264243
 0.00497217 0.00814407 0.0123869 0.0177138 0.0239977 0.0308722 0.0377112 0.0437915 0.0485643 0.0518306 0.0537108 0.0544902 0.0544865 0.0539943 0.0532718 0.0525318 0.05192 0.0514726 0.0510522 0.0502907 0.048606 0.0453677 0.0401986 0.0332672 0.025355
 0.00518287 0.00848887 0.0129103 0.0184591 0.0249996 0.0321438 0.0392305 0.0454953 0.050355 0.0535934 0.0553312 0.0558655 0.0555307 0.0546378 0.0534613 0.0522317 0.0511179 0.0501872 0.0493414 0.0482557 0.046389 0.0431399 0.0381356 0.0315157 0.0240005
 0.00540639 0.00885595 0.0134697 0.0192588 0.0260776 0.0335143 0.0408685 0.0473319 0.0522866 0.0555012 0.0570988 0.0573887 0.0567204 0.0554202 0.0537766 0.0520344 0.0503798 0.0489056 0.0475528 0.0460494 0.0439144 0.0405959 0.0357398 0.029457 0.0223954
 0.00563686 0.00923364 0.014044 0.020078 0.0271806 0.0349162 0.0425463 0.0492177 0.0542769 0.0574755 0.0589381 0.058987 0.0579884 0.0562843 0.0541768 0.0519216 0.0497167 0.0476746 0.0457714 0.0437904 0.0413209 0.0378771 0.0331383 0.0271941 0.0206147
 0.00589538 0.0096545 0.0146785 0.0209743 0.0283748 0.0364181 0.0443246 0.0511951 0.0563408 0.0594991 0.0608011 0.0605862 0.0592405 0.0571238 0.0545517 0.0517893 0.0490421 0.0464355 0.0439738 0.0414925 0.0386545 0.0350496 0.0304032 0.0247917 0.0187092
 0.00613388 0.0100481 0.0152816 0.0218412 0.0295482 0.0379123 0.0461081 0.0531853 0.0584172 0.0615276 0.0626566 0.0621654 0.0604638 0.0579324 0.0549019 0.0516468 0.048378 0.0452295 0.0422277 0.0392538 0.0360409 0.0322567 0.0276793 0.0223805 0.0167832
 0.00637319 0.0104406 0.0158789 0.022694 0.0306969 0.039372 0.0478522 0.055139 0.0604656 0.0635375 0.0644973 0.0637245 0.0616548 0.0586954 0.0551997 0.0514565 0.0476842 0.0440227 0.0405146 0.0370787 0.0335105 0.0295517 0.0250337 0.0200291 0.0148966
 0.00660895 0.0108273 0.016467 0.0235325 0.0318237 0.0407984 0.0495478 0.057026 0.0624308 0.0654529 0.0662413 0.0651934 0.062767 0.0593925 0.0554441 0.0512278 0.0469734 0.0428299 0.0388548 0.0349985 0.03111 0.0269958 0.0225369 0.0178082 0.0131112
 0.00685512 0.0112283 0.0170719 0.024387 0.0329609 0.0422247 0.0512278 0.0588778 0.0643372 0.0672844 0.0678775 0.0665365 0.0637458 0.0599605 0.0555756 0.0509117 0.0462089 0.0416249 0.0372308 0.033005 0.0288422 0.0246044 0.0202144 0.0157489 0.0114577
 0.00706569 0.0115792 0.0176158 0.0251769 0.0340389 0.0436024 0.0528688 0.0606935 0.0662006 0.0690577 0.0694368 0.0677853 0.0646189 0.0604209 0.0556089 0.0505199 0.0454033 0.0404236 0.0356631 0.031123 0.0267358 0.0224093 0.0181005 0.013885 0.00996633
 0.00726758 0.0119063 0.0181062 0.0258666 0.034956 0.0447575 0.0542438 0.0622333 0.0678171 0.0706411 0.0708724 0.0689693 0.0654699 0.0608871 0.0556681 0.0501733 0.0446676 0.0393256 0.0342399 0.0294301 0.0248589 0.0204697 0.0162454 0.0122579 0.00866923
 0.00740163 0.0121324 0.0184614 0.02639 0.0356795 0.0456933 0.0553712 0.063497 0.0691375 0.0719317 0.0720528 0.0699695 0.0662299 0.0613571 0.0558114 0.0499705 0.0441178 0.0384455 0.0330633 0.0280113 0.0232781 0.0188358 0.0146854 0.0108926 0.00758331
 0.00753848 0.0123492 0.0187778 0.026822 0.036239 0.0463854 0.05619 0.0644199 0.0701239 0.0729257 0.0729906 0.0707878 0.0668735 0.0617824 0.0559867 0.0498744 0.0437398 0.037788 0.0321466 0.0268781 0.0219978 0.0175029 0.0134093 0.00977545 0.00669532
 0.00760144 0.0124539 0.0189394 0.0270561 0.0365579 0.0467938 0.0566807 0.0649751 0.0707198 0.0735387 0.0735992 0.0713689 0.0673975 0.0622113 0.0562784 0.0499886 0.0436445 0.0374651 0.0315964 0.026125 0.0210938 0.0165258 0.0124514 0.00892445 0.00601274
 0.0076396 0.0125085 0.0190086 0.027135 0.0366428 0.0468867 0.0567924 0.065123 0.0709214 0.0738048 0.0739293 0.0717511 0.0678098 0.0626236 0.0566521 0.0502794 0.0438072 0.0374611 0.0314034 0.0257447 0.0205569 0.0158904 0.0117932 0.00831894 0.00551593
 0.00769227 0.0125852 0.019107 0.0272467 0.0367545 0.0469841 0.0568645 0.0651659 0.0709421 0.0738216 0.0739686 0.0718383 0.0679601 0.0628346 0.0569031 0.0505341 0.0440201 0.0375856 0.0314016 0.0255973 0.0202714 0.0155024 0.0113587 0.00789945 0.00516077
 0.00776543 0.0126976 0.0192636 0.027446 0.0369877 0.047234 0.0571058 0.0653684 0.0710782 0.0738762 0.0739459 0.071762 0.0678656 0.0627574 0.0568662 0.0505409 0.0440532 0.0376119 0.0313826 0.0255022 0.020088 0.0152431 0.0110573 0.00759961 0.00490108
 0.00782897 0.0127985 0.0194107 0.0276448 0.0372382 0.0475275 0.057422 0.0656762 0.0713407 0.0740594 0.074028 0.0717391 0.0677526 0.0625846 0.0566708 0.050356 0.0438976 0.0374851 0.0312673 0.0253736 0.0199267 0.015045 0.0108361 0.00738047 0.00470998
 0.00784237 0.012821 0.0194461 0.0276974 0.0373126 0.0476274 0.0575486 0.0658266 0.071506 0.0742252 0.074175 0.0718472 0.0678066 0.0625787 0.0566122 0.0502621 0.0437896 0.0373792 0.0311684 0.0252753 0.0198177 0.0149184 0.0106951 0.00723827 0.00458288
 0.00786751 0.0128537 0.0194804 0.0277235 0.0373206 0.0476126 0.057516 0.0657904 0.0714849 0.074235 0.0742225 0.0719276 0.0679049 0.0626746 0.056687 0.0503049 0.0437994 0.0373626 0.0311338 0.025228 0.0197582 0.0148457 0.0106118 0.00715154 0.00450291
 0.00786968 0.0128584 0.0194891 0.0277373 0.037338 0.0476285 0.0575214 0.0657758 0.0714462 0.0741786 0.0741651 0.07189 0.0679028 0.0627114 0.056753 0.0503822 0.0438698 0.0374138 0.031161 0.0252318 0.0197416 0.0148126 0.0105667 0.00710099 0.00445421
 0.00789201 0.0128882 0.0195221 0.0277659 0.037354 0.0476267 0.0575019 0.0657432 0.0714063 0.0741351 0.07412 0.0718465 0.0678674 0.0626935 0.0567599 0.0504144 0.0439196 0.0374685 0.031208 0.0252625 0.019753 0.014806 0.0105466 0.0070733 0.00442523
 0.00788823 0.0128801 0.0195062 0.0277373 0.0373073 0.0475574 0.0574089 0.0656305 0.071284 0.0740182 0.0740249 0.0717866 0.0678495 0.0627179 0.0568218 0.0505063 0.044032 0.0375898 0.0313252 0.0253639 0.0198305 0.0148568 0.0105731 0.00708151 0.00442234
 0.00788305 0.0128705 0.0194895 0.0277101 0.0372661 0.0474995 0.0573337 0.0655398 0.0711824 0.0739131 0.0739261 0.0717055 0.0677976 0.0627035 0.056848 0.0505705 0.0441262 0.0377026 0.0314437 0.0254754 0.0199247 0.0149278 0.0106198 0.00710743 0.00443341
 0.00787925 0.0128626 0.0194745 0.0276842 0.0372254 0.0474418 0.0572592 0.0654524 0.0710882 0.0738192 0.0738398 0.0716337 0.0677469 0.0626797 0.0568557 0.0506113 0.0441978 0.037798 0.0315525 0.0255854 0.0200245 0.015009 0.010679 0.00714543 0.00445457
 0.00785547 0.0128216 0.0194087 0.0275856 0.0370882 0.047266 0.0570537 0.0652351 0.0708827 0.0736486 0.0737214 0.0715763 0.0677509 0.0627395 0.0569619 0.0507534 0.0443652 0.0379801 0.0317379 0.0257622 0.0201818 0.0151385 0.0107767 0.00721249 0.00449604
 0.0078563 0.0128198 0.0193998 0.0275631 0.0370441 0.0471932 0.0569481 0.065098 0.0707219 0.0734783 0.0735605 0.0714448 0.067665 0.0627084 0.0569866 0.0508279 0.0444789 0.0381203 0.0318915 0.0259163 0.0203244 0.0152603 0.010872 0.00728051 0.00453991
 0.00783827 0.0127931 0.0193643 0.0275198 0.0369943 0.0471369 0.0568836 0.065022 0.0706321 0.0733753 0.0734498 0.071337 0.0675742 0.0626488 0.0569691 0.050857 0.0445521 0.038229 0.0320229 0.0260563 0.0204595 0.0153793 0.0109679 0.00735085 0.00458666
 0.00779142 0.0127165 0.0192487 0.0273579 0.0367838 0.0468845 0.0566081 0.0647522 0.0703994 0.0732045 0.0733524 0.0713114 0.0676112 0.0627371 0.0570994 0.0510221 0.0447454 0.0384421 0.0322447 0.0262737 0.020659 0.01555 0.0111031 0.00744932 0.00465218
 0.00777453 0.0126853 0.0191949 0.0272711 0.0366543 0.0467068 0.0563851 0.0644977 0.0701369 0.072963 0.0731604 0.0711904 0.067571 0.0627753 0.0572043 0.0511781 0.0449368 0.038655 0.0324664 0.0264915 0.0208605 0.0157242 0.0112427 0.00755231 0.00472158
 0.00773315 0.0126192 0.0190977 0.0271375 0.0364808 0.0464933 0.0561368 0.0642263 0.0698604 0.0727041 0.0729437 0.071039 0.0675025 0.0627982 0.0573156 0.0513642 0.0451772 0.0389268 0.0327478 0.0267636 0.0211077 0.0159348 0.0114101 0.0076752 0.00480434
 0.00771234 0.0125833 0.0190398 0.0270502 0.0363578 0.0463323 0.0559416 0.0640076 0.0696335 0.0724856 0.0727493 0.0708831 0.0673987 0.0627583 0.0573475 0.0514688 0.0453467 0.0391452 0.0329941 0.0270152 0.0213445 0.0161411 0.0115763 0.00779863 0.00488824
 0.00767967 0.0125325 0.0189674 0.0269542 0.0362374 0.0461881 0.0557761 0.0638261 0.0694448 0.0723013 0.072583 0.070748 0.067306 0.0627169 0.0573634 0.0515446 0.0454802 0.0393284 0.0332121 0.0272487 0.0215725 0.0163452 0.011744 0.00792473 0.00497477
 0.00766655 0.012507 0.0189215 0.0268784 0.0361239 0.0460345 0.0555894 0.0636215 0.0692419 0.0721183 0.0724322 0.0706363 0.0672369 0.0626927 0.0573859 0.051615 0.0455978 0.0394886 0.0334055 0.0274607 0.021785 0.0165403 0.0119079 0.00805022 0.00506207
 0.00764195 0.0124721 0.0188782 0.0268305 0.0360747 0.0459838 0.0555315 0.0635482 0.0691467 0.072002 0.0723041 0.0705116 0.0671313 0.0626182 0.05735 0.0516212 0.0456469 0.0395786 0.0335309 0.0276112 0.0219464 0.0166967 0.0120449 0.00815882 0.00513972
 0.00762009 0.012436 0.0188231 0.0267529 0.035974 0.0458648 0.0554051 0.0634288 0.0690472 0.0719277 0.0722523 0.070475 0.0671045 0.0626015 0.0573486 0.0516424 0.0456962 0.0396583 0.0336389 0.0277409 0.022087 0.0168351 0.0121685 0.00825867 0.0052124
 0.00760823 0.0124156 0.0187904 0.0267034 0.0359038 0.0457717 0.0552912 0.0633012 0.0689179 0.0718115 0.0721621 0.0704184 0.0670818 0.0626073 0.0573761 0.0516871 0.0457573 0.0397371 0.033736 0.0278535 0.0222086 0.0169557 0.0122775 0.00834807 0.00527848
 0.00758162 0.0123781 0.0187444 0.0266543 0.0358577 0.0457322 0.0552571 0.0632673 0.0688776 0.0717612 0.0721037 0.0703591 0.0670313 0.062574 0.0573644 0.0516972 0.0457874 0.039785 0.0337999 0.0279314 0.0222959 0.0170455 0.0123617 0.00841927 0.00533257
 0.00755902 0.0123398 0.0186843 0.0265671 0.0357415 0.0455923 0.0551071 0.0631271 0.068767 0.0716919 0.072076 0.0703647 0.0670593 0.0626166 0.0574183 0.0517623 0.0458639 0.0398719 0.0338952 0.0280317 0.0223971 0.0171422 0.012448 0.00849014 0.0053856
 0.00755156 0.0123287 0.0186694 0.0265481 0.0357172 0.04556 0.055063 0.0630685 0.0686949 0.0716133 0.0720025 0.0703076 0.0670256 0.0626067 0.0574283 0.0517873 0.0459006 0.0399191 0.0339518 0.0280962 0.0224661 0.0172112 0.0125116 0.00854391 0.00542678
 0.00753044 0.0122946 0.0186186 0.0264779 0.0356271 0.0454528 0.0549459 0.0629518 0.0685898 0.071528 0.071942 0.0702741 0.0670203 0.0626299 0.0574784 0.0518599 0.0459893 0.040017 0.0340533 0.0281968 0.022562 0.0172984 0.0125866 0.00860399 0.00547104
 0.00750907 0.0122599 0.0185665 0.0264049 0.035531 0.0453342 0.0548096 0.0628075 0.0684507 0.0714084 0.0718537 0.0702246 0.0670117 0.0626601 0.0575424 0.0519511 0.0461003 0.04014 0.0341804 0.0283208 0.0226769 0.0173994 0.0126704 0.00866892 0.00551759
 0.00752377 0.0122818 0.0185957 0.0264395 0.0355671 0.045366 0.0548299 0.0628085 0.0684263 0.0713566 0.0717782 0.0701344 0.0669193 0.0625779 0.0574803 0.051915 0.0460914 0.0401559 0.0342162 0.0283699 0.0227323 0.0174548 0.0127204 0.00871013 0.00554846
 0.00750725 0.0122608 0.0185748 0.0264263 0.0355697 0.0453889 0.0548712 0.0628596 0.0684742 0.0713885 0.0717849 0.0701131 0.0668732 0.0625158 0.057414 0.0518562 0.0460493 0.0401354 0.0342175 0.0283895 0.0227643 0.0174924 0.0127575 0.00874227 0.00557326
 0.00748211 0.0122184 0.0185085 0.0263308 0.0354438 0.0452397 0.0547157 0.0627224 0.0683793 0.07135 0.0718021 0.0701722 0.0669545 0.0626016 0.0574937 0.051927 0.0461141 0.040199 0.0342835 0.0284586 0.022834 0.0175584 0.0128153 0.00878846 0.00560692
 0.00749296 0.0122318 0.0185206 0.0263348 0.035431 0.0452021 0.0546489 0.0626282 0.0682676 0.0712376 0.0717088 0.070114 0.0669384 0.0626231 0.0575406 0.0519853 0.0461738 0.0402559 0.0343378 0.0285117 0.0228865 0.0176085 0.0128602 0.0088254 0.00563449
 0.00749296 0.0122318 0.0185206 0.0263348 0.035431 0.0452021 0.0546489 0.0626282 0.0682676 0.0712376 0.0717088 0.070114 0.0669384 0.0626231 0.0575406 0.0519853 0.0461738 0.0402559 0.0343378 0.0285117 0.0228865 0.0176085 0.0128602 0.0088254 0.00563449
 0.0074374 0.0121487 0.0184091 0.0261984 0.0352764 0.0450369 0.0544801 0.0624626 0.0681129 0.0711036 0.0716077 0.0700588 0.0669395 0.0626849 0.0576578 0.0521439 0.0463549 0.0404409 0.0345129 0.0286689 0.0230219 0.0177208 0.012949 0.00889163 0.00568037
 0.00744531 0.0121531 0.0184004 0.0261635 0.0352033 0.044921 0.054329 0.0622947 0.0679506 0.0709648 0.0715015 0.0699872 0.0669024 0.0626836 0.0576949 0.0522199 0.0464648 0.0405741 0.0346555 0.0288076 0.0231469 0.0178263 0.0130326 0.00895367 0.00572312
 0.00729569 0.0119203 0.0180696 0.0257287 0.0346689 0.0443044 0.0536638 0.0616321 0.0673546 0.0705009 0.071222 0.0699195 0.0670442 0.0630061 0.058153 0.0527639 0.0470488 0.0411595 0.0352108 0.029308 0.0235745 0.0181716 0.0132947 0.00913937 0.00584511
 0.00721921 0.0117806 0.017832 0.025354 0.0341258 0.0435873 0.0528075 0.0607125 0.0664716 0.069753 0.0706857 0.0696409 0.0670384 0.0632605 0.0586307 0.0534098 0.047798 0.0419473 0.03598 0.0300133 0.0241841 0.0186673 0.0136724 0.00940727 0.00602076
 0.00722704 0.0117905 0.01784 0.0253502 0.0340912 0.0434922 0.0526151 0.0603898 0.0660065 0.0691697 0.0700471 0.069035 0.0665547 0.062967 0.0585611 0.0535612 0.048137 0.0424198 0.036523 0.0305658 0.0246958 0.0191033 0.0140153 0.00965577 0.00618608
 0.00711064 0.0116105 0.0175866 0.0250214 0.0336938 0.0430415 0.052134 0.0599046 0.0655403 0.0687373 0.0696572 0.0686995 0.0662986 0.0628286 0.0585814 0.0537671 0.0485285 0.0429663 0.0371698 0.0312459 0.0253441 0.0196687 0.0144676 0.00998759 0.00640859
 0.00712741 0.0116299 0.0176012 0.0250193 0.0336612 0.0429674 0.052014 0.0597415 0.0653414 0.0685093 0.0694044 0.068425 0.0660097 0.0625447 0.0583368 0.0536064 0.0484929 0.0430779 0.0374209 0.0316001 0.025747 0.0200637 0.0148102 0.0102535 0.00659416
 0.00711522 0.0116182 0.017598 0.0250351 0.0337043 0.0430366 0.0520943 0.0598067 0.0653625 0.0684661 0.0692907 0.0682481 0.0657847 0.0622908 0.0580775 0.0533716 0.0483184 0.0429973 0.0374543 0.0317439 0.0259727 0.020327 0.0150658 0.0104679 0.00675237
 0.0072083 0.0117671 0.0178173 0.0253361 0.0340918 0.0435042 0.0526186 0.060344 0.065853 0.0688439 0.0694985 0.0682506 0.0655773 0.0618996 0.0575521 0.0527747 0.0477157 0.04245 0.037011 0.0314326 0.0257954 0.0202619 0.0150759 0.0105147 0.00680591
 0.00720055 0.0117689 0.0178467 0.0254189 0.034255 0.0437658 0.0529783 0.0607801 0.0663262 0.0693049 0.0698945 0.0685319 0.0657033 0.0618472 0.057323 0.0523978 0.0472426 0.0419445 0.0365362 0.0310387 0.02551 0.0200869 0.0149921 0.0104918 0.00681426
 0.00719224 0.0117546 0.0178247 0.0253902 0.0342266 0.0437544 0.0530101 0.0608853 0.0665266 0.0696008 0.0702594 0.068916 0.066046 0.0620914 0.0574277 0.0523466 0.0470475 0.0416437 0.0361848 0.0306947 0.02522 0.019876 0.0148621 0.010427 0.00679152
 0.00715699 0.0116969 0.0177376 0.0252673 0.034065 0.043558 0.052794 0.0606777 0.0663664 0.06953 0.0703107 0.0691 0.0663436 0.0624548 0.0577923 0.0526489 0.0472425 0.0417162 0.0361504 0.0305913 0.0250928 0.0197625 0.0147827 0.0103844 0.00677671
 0.00697739 0.0114078 0.017309 0.0246766 0.0333052 0.042649 0.0517928 0.0596773 0.0654807 0.0688687 0.0699561 0.0690935 0.0666816 0.06309 0.0586412 0.0536056 0.0481991 0.0425836 0.0368739 0.0311542 0.0255088 0.0200609 0.0149944 0.0105335 0.00687942
