SBPRF35
12.7214
Curr Bio
866382
B35
870540
F35
0.169787
FOFL
0.165776
OFL
115391
Bzero
3.63469e+06
#pred survey bio
 3.64646e+06 3.53395e+06 3.42852e+06 3.26986e+06 3.07754e+06 2.84775e+06 2.58495e+06 2.32174e+06 2.07809e+06 1.83611e+06 1.63877e+06 1.44216e+06 1.2857e+06 1.15022e+06 1.02428e+06 922817 827904 734714 679230 641213 616123 589187 570381 570931 564952 561580 552646 550077 555719 546203 550897 569646 576992 585561 596529 616963 630189 643182 665905 667817 677508 691619 699537 700875 712878 725346 737538 740993 729064 731430 741997 739720 736090 767926 800618 816486 858477 870529 868367 845002 831499 823032 814736 843472 858124 867623 867539 870473 871935 2.99626e+07 1.75118e+07 1.74289e+07 1.80661e+07 1.9219e+07 2.06124e+07 2.20282e+07 2.33313e+07 2.44574e+07 2.53898e+07 2.61393e+07 2.67296e+07 2.71879e+07 2.75404e+07 2.78101e+07 2.80159e+07 2.81728e+07 2.82926e+07 2.83842e+07 2.84546e+07 2.85089e+07 2.8551e+07 2.85837e+07 2.86093e+07 2.86294e+07 2.86452e+07 2.86578e+07 2.86677e+07 2.86756e+07 2.8682e+07 2.8687e+07 2.86911e+07 2.86944e+07 2.86971e+07 2.86992e+07 2.8701e+07 2.87024e+07 2.87036e+07 2.87045e+07 2.87053e+07 2.87059e+07 2.87064e+07 2.87068e+07 2.87072e+07 2.87074e+07 2.87077e+07 2.87079e+07 2.8708e+07 2.87081e+07 2.87082e+07 2.87083e+07 2.87084e+07 2.87084e+07 2.87085e+07 2.87085e+07 2.87086e+07 2.87086e+07 2.87086e+07 2.87086e+07 2.87086e+07 2.87086e+07 2.87087e+07 2.87087e+07 2.87087e+07 2.87087e+07 2.87087e+07 2.87087e+07 2.87087e+07 2.87087e+07 2.87087e+07 2.87087e+07 2.87087e+07 2.87087e+07 2.87087e+07 2.87087e+07 2.87087e+07 2.87087e+07 2.87087e+07 2.87087e+07 2.87087e+07 2.87087e+07 2.87087e+07 2.87087e+07 2.87087e+07 2.87087e+07 2.87087e+07 2.87087e+07 2.87087e+07 2.87087e+07 2.87087e+07 2.87087e+07 2.87087e+07 2.87087e+07 2.87087e+07 2.87087e+07 2.87087e+07 2.87087e+07 2.87087e+07 2.87087e+07 2.87087e+07 0 0 0 0 0 0 0 0 0 0 0 0 0 0 0 0 0 0 0 0 0 0 0 0 0
#obs survey bio
 3.3756e+06 3.8429e+06 2.64664e+06 3.28739e+06 3.53866e+06 4.23759e+06 2.51542e+06 2.16111e+06 2.1592e+06 1.57685e+06 1.54584e+06 1.13941e+06 801637 847981 1.0337e+06 973972 717411 694471 681502 526392 720331 622928 471362 491231 674570 486425 596597 616332 492961 563699 571871 583800 724625 698666 547194 597402 798687 696137 1.01189e+06 496479 621734 597745 670723 711807 739986 585611 714505 901988 846757 714987 765452 618907 584348 977017 590619 620100 913754 1.19904e+06 939492 627059 754132 736341 865457 696690 928383 885820 655469 977539 1.03855e+06
#pred catch bio
 97189.7 95625.8 151636 192727 239912 284470 299393 295278 306032 276565 284916 256134 243065 237506 216274 208614 202746 165895 147973 134410 133246 123752 106664 112356 109843 113880 107645 100599 112546 99215.3 87686.5 97869.7 96853.1 95194.6 88270 95773.5 97159.1 90579.4 109331 103129 100557 106677 111986 102495 102404 103151 110731 122743 109379 102772 114373 115767 87240.6 89419 105147 83852.8 109943 120294 136076 126014 121905 122199 91321.6 104281 107873 114562 109936 108050 117086 115391 114753 112847 115391 122033 130587 139339 147320 154098 159583 163869 167131 169566 171355 172653 173587 174253 174725 175059 175293 175457 175572 175652 175708 175747 175773 175792 175805 175814 175820 175824 175827 175829 175831 175832 175832 175833 175833 175833 175833 175833 175834 175834 175834 175834 175834 175834 175834 175834 175834 175834 175834 175834 175834 175834 175834 175834 175834 175834 175834 175834 175834 175834 175834 175834 175834 175834 175834 175834 175834 175834 175834 175834 175834 175834 175834 175834 175834 175834 175834 175834 175834 175834 175834 175834 175834 175834 175834 175834 175834 175834 175834 175834 175834 175834 175834 175834 175834 175834 175834 0 0 0 0 0 0 0 0 0 0 0 0 0 0 0 0 0 0 0 0 0 0 0 0 0
#obs catch bio
 0 95248.9 151951 192751 240164 285171 299580 295264 305106 275369 284178 255922 243809 239578 217105 209068 203515 166237 149042 135678 134090 124730 107004 113282 110481 115047 108691 101161 114212 100056 88106 98227.3 96969.2 95534.9 88490.2 95899.4 97272.4 90792.3 109342 103563 100677 107211 112472 102566 102143 103085 110500 122688 108932 102287 113871 115879 87125 89382.3 105949 83745.4 110466 119998 135933 125503 121587 122873 91232.8 104612 108100 114904 110316 108181 117172
#pred cpue bio
 3.59213e+06 3.48144e+06 3.37752e+06 3.21954e+06 3.02775e+06 2.79884e+06 2.53746e+06 2.27586e+06 2.03375e+06 1.79344e+06 1.59723e+06 1.40203e+06 1.24657e+06 1.11206e+06 987512 887538 794431 703318 649114 612133 587894 561917 543724 544162 538278 534985 526350 523953 529553 520546 525397 543886 551223 559652 570409 590377 603278 615848 637959 639868 649247 662955 670765 672311 684271 696577 708507 711951 700471 702872 713148 710791 707031 737958 770064 785861 827157 839407 837689 814898 801339 792609 784329 812646 827516 837288 837543 840790 843136 2.90221e+07 1.69788e+07 1.67528e+07 1.7199e+07 1.82719e+07 1.96428e+07 2.10533e+07 2.23553e+07 2.34811e+07 2.44135e+07 2.5163e+07 2.57532e+07 2.62115e+07 2.6564e+07 2.68338e+07 2.70395e+07 2.71964e+07 2.73162e+07 2.74079e+07 2.74783e+07 2.75326e+07 2.75746e+07 2.76073e+07 2.76329e+07 2.7653e+07 2.76689e+07 2.76814e+07 2.76913e+07 2.76993e+07 2.77056e+07 2.77107e+07 2.77148e+07 2.77181e+07 2.77207e+07 2.77229e+07 2.77246e+07 2.77261e+07 2.77272e+07 2.77282e+07 2.77289e+07 2.77295e+07 2.77301e+07 2.77305e+07 2.77308e+07 2.77311e+07 2.77313e+07 2.77315e+07 2.77317e+07 2.77318e+07 2.77319e+07 2.7732e+07 2.7732e+07 2.77321e+07 2.77321e+07 2.77322e+07 2.77322e+07 2.77322e+07 2.77322e+07 2.77323e+07 2.77323e+07 2.77323e+07 2.77323e+07 2.77323e+07 2.77323e+07 2.77323e+07 2.77323e+07 2.77323e+07 2.77323e+07 2.77323e+07 2.77323e+07 2.77323e+07 2.77323e+07 2.77323e+07 2.77323e+07 2.77323e+07 2.77323e+07 2.77323e+07 2.77323e+07 2.77323e+07 2.77323e+07 2.77323e+07 2.77323e+07 2.77323e+07 2.77323e+07 2.77323e+07 2.77323e+07 2.77323e+07 2.77323e+07 2.77323e+07 2.77323e+07 2.77323e+07 2.77323e+07 2.77323e+07 2.77323e+07 2.77323e+07 2.77323e+07 2.77323e+07 2.77323e+07 2.77323e+07 2.77323e+07 0 0 0 0 0 0 0 0 0 0 0 0 0 0 0 0 0 0 0 0 0 0 0 0 0
#obs cpue bio
 2.79164e+06 4.07502e+06 3.13295e+06 3.65391e+06 2.30265e+06 1.6923e+06 3.13783e+06 2.38888e+06 2.99315e+06 2.0406e+06 1.73136e+06 1.42449e+06 1.50348e+06 1.04241e+06 1.14757e+06 912806 874910 691533 449710 541130 585012 430272 672449 477772 442598 450308 408065 475612 368762 534522 483617 689737 478287 383716 547944 764209 479934 382851 715910 495086 843218 564035 770522 746162 946989 706928 866151 607241 740273 756018 819934 629871 722038 595910 665363 1.15929e+06 727157 1.07409e+06 797917 1.28257e+06 812503 526847 740882 946382 752970 812248 909487 872595 887467
#pred surv len freq
 0.00467471 0.00761266 0.0115 0.0163322 0.0220005 0.0282117 0.0344631 0.0401661 0.0448678 0.0483979 0.0508437 0.0524197 0.0533511 0.0538231 0.0539739 0.0539072 0.0537094 0.0534481 0.0531189 0.0525398 0.0512617 0.0486263 0.0440462 0.037405 0.0292992
 0.00483766 0.00780029 0.0116438 0.0163317 0.0217638 0.0277122 0.0337755 0.039451 0.0443036 0.0481017 0.0508297 0.0526169 0.0536623 0.0541818 0.0543698 0.0543712 0.0542718 0.0540933 0.0537629 0.0530454 0.0514924 0.0485113 0.0436194 0.0367919 0.0286587
 0.00500143 0.00807251 0.0120583 0.0169073 0.0224812 0.0284907 0.0344708 0.0398941 0.0443755 0.0478002 0.0502781 0.0520021 0.0531444 0.0538375 0.0541977 0.0543358 0.0543401 0.0542371 0.0539349 0.0531632 0.0514547 0.0482451 0.0431253 0.0361521 0.0279998
 0.00516754 0.00834347 0.0124688 0.0174921 0.0232697 0.0294939 0.0356611 0.0411851 0.0456183 0.0488083 0.0508842 0.0521229 0.052817 0.0531999 0.0534236 0.0535665 0.0536508 0.0536407 0.0533999 0.0526304 0.0508558 0.0475319 0.0423013 0.0352821 0.0271848
 0.005329 0.00860829 0.0128721 0.0180694 0.0240516 0.0304971 0.0368776 0.0425742 0.0471034 0.0502771 0.0521927 0.0531122 0.0533489 0.0532044 0.0529293 0.0526918 0.0525544 0.0524616 0.0522194 0.051468 0.0496944 0.0463554 0.0411265 0.0341682 0.0262129
 0.00549672 0.00888392 0.0132929 0.018673 0.0248706 0.0315492 0.0381544 0.0440361 0.0486823 0.0518851 0.053727 0.0544564 0.0543752 0.0537884 0.0529804 0.0521862 0.0515511 0.0510843 0.050613 0.0497561 0.0479625 0.0446644 0.0395371 0.0327523 0.0250412
 0.00572015 0.00924151 0.0138211 0.0194035 0.0258264 0.0327381 0.0395607 0.0456151 0.0503639 0.0535828 0.0553482 0.055906 0.0555559 0.0545992 0.053323 0.0519824 0.0507686 0.0497576 0.0488431 0.0476887 0.0457582 0.0424764 0.0375032 0.0309885 0.0236277
 0.00597132 0.00964475 0.0144185 0.020231 0.0269076 0.0340748 0.0411225 0.0473369 0.0521555 0.0553461 0.0569918 0.0573503 0.0567291 0.0554307 0.0537386 0.0519069 0.0501401 0.0485508 0.0470938 0.0455042 0.0433076 0.039965 0.0351373 0.02894 0.0220049
 0.00625419 0.0100934 0.0150731 0.0211224 0.0280533 0.0354722 0.0427405 0.0491112 0.0539947 0.0571468 0.0586541 0.0587883 0.0578735 0.0562252 0.0541317 0.0518454 0.0495695 0.0474293 0.0454182 0.0433379 0.0407943 0.0373167 0.0325945 0.0267175 0.0202421
 0.00660932 0.0106564 0.0158936 0.0222362 0.0294755 0.0371878 0.0446931 0.0512021 0.0560961 0.059127 0.0603992 0.0602122 0.0589172 0.0568502 0.0543115 0.0515564 0.0487851 0.0461238 0.0435855 0.0410218 0.038116 0.0344782 0.0298471 0.0243003 0.0183184
 0.00690125 0.0111278 0.0165968 0.0232175 0.0307663 0.03879 0.0465652 0.0532537 0.0582004 0.0611444 0.0622014 0.0616965 0.0600106 0.057507 0.0545062 0.0512742 0.048014 0.0448529 0.0418166 0.0387943 0.0355351 0.0317271 0.027164 0.0219222 0.0164147
 0.00727277 0.0117153 0.0174507 0.0243743 0.0322433 0.040577 0.0486131 0.0554688 0.0604523 0.063286 0.0640915 0.0632165 0.0610745 0.0580639 0.0545368 0.050781 0.04701 0.0433549 0.03985 0.0364119 0.0328432 0.0288998 0.0244275 0.0195043 0.0144806
 0.00757752 0.0122054 0.0181778 0.0253823 0.0335592 0.0421979 0.0504927 0.0575146 0.0625389 0.0652795 0.0658694 0.0646773 0.0621386 0.0586727 0.0546529 0.0503884 0.0461109 0.0419671 0.038008 0.0341783 0.0303263 0.0262645 0.0218819 0.0172562 0.0126813
 0.00776149 0.0125194 0.0186781 0.0261306 0.0346093 0.043575 0.0521723 0.0594152 0.064535 0.0672268 0.0676308 0.0661395 0.0632179 0.0593142 0.0548255 0.0500793 0.0453216 0.0407131 0.0363237 0.032128 0.0280173 0.0238529 0.0195588 0.0152091 0.0110449
 0.00794165 0.0128123 0.0191202 0.0267585 0.035457 0.0446657 0.0535072 0.0609628 0.0662262 0.0689589 0.0692797 0.0675773 0.0643321 0.0600227 0.0550817 0.0498676 0.0446487 0.0396014 0.0348128 0.0302829 0.0259407 0.0216893 0.0174808 0.0133832 0.00958873
 0.00807386 0.013028 0.0194464 0.0272217 0.0360794 0.0454587 0.0544652 0.0620604 0.0674217 0.0702004 0.0705073 0.0687222 0.0653162 0.060764 0.0555055 0.0499181 0.0442963 0.0388446 0.0336781 0.0288278 0.0242588 0.0199108 0.0157586 0.0118629 0.00837325
 0.00821462 0.0132586 0.0197965 0.0277196 0.0367456 0.0462968 0.055453 0.0631476 0.0685392 0.0712759 0.0714793 0.0695455 0.0659591 0.0612 0.0557067 0.0498538 0.0439379 0.0381751 0.0327028 0.0275842 0.022822 0.0183916 0.0142885 0.0105671 0.00733893
 0.00845872 0.0136394 0.0203399 0.0284389 0.0376397 0.0473477 0.0566209 0.0643688 0.0697313 0.0723509 0.0723595 0.0701756 0.0663125 0.0612768 0.0555243 0.0494343 0.043298 0.0373248 0.0316533 0.0263616 0.02148 0.0170146 0.012981 0.0094289 0.00643841
 0.00855268 0.0137886 0.0205578 0.0287362 0.0380231 0.0478181 0.057171 0.0649823 0.0703842 0.0730138 0.0729992 0.0707553 0.0667921 0.0616176 0.0556952 0.0494156 0.0430814 0.0369108 0.0310505 0.0255912 0.0205837 0.0160582 0.0120474 0.00860024 0.00577374
 0.00859306 0.0138509 0.0206455 0.0288514 0.0381671 0.0479929 0.0573799 0.0652289 0.0706713 0.0733417 0.0733635 0.0711441 0.0671844 0.0619827 0.0559952 0.0496109 0.0431378 0.0368051 0.0307745 0.025155 0.0200183 0.0154159 0.0113953 0.00800614 0.00528854
 0.00861131 0.0138746 0.0206704 0.0288702 0.0381724 0.0479814 0.0573557 0.0652053 0.0706679 0.0733809 0.0734644 0.0713179 0.0674301 0.0622843 0.0563221 0.0499212 0.0433853 0.036947 0.0307806 0.025015 0.0197456 0.0150475 0.0109848 0.00761053 0.00495362
 0.00873684 0.0140609 0.0209174 0.0291648 0.0384909 0.0482939 0.0576312 0.0654158 0.0707941 0.0734174 0.0734234 0.0712263 0.0673215 0.0621889 0.0562575 0.0498877 0.0433655 0.0369117 0.0306979 0.0248614 0.0195154 0.0147563 0.0106658 0.00730404 0.0046937
 0.00892511 0.014339 0.0212834 0.0295974 0.0389538 0.048744 0.0580261 0.0657184 0.0709766 0.0734664 0.0733435 0.0710401 0.0670647 0.0619023 0.0559784 0.0496418 0.0431617 0.0367417 0.030541 0.0246937 0.0193205 0.014533 0.0104289 0.00707764 0.00450097
 0.00889066 0.014298 0.0212487 0.0295884 0.0389884 0.0488285 0.0581478 0.0658481 0.0710813 0.0735234 0.0733487 0.071006 0.0670121 0.0618518 0.0559452 0.0496341 0.0431802 0.0367784 0.0305801 0.0247155 0.0193083 0.0144803 0.0103422 0.0069739 0.00440003
 0.00889752 0.0143098 0.0212684 0.0296209 0.0390415 0.0489127 0.0582733 0.0660191 0.0712883 0.0737399 0.073536 0.0711268 0.0670446 0.0617979 0.0558271 0.0494838 0.0430271 0.0366417 0.030466 0.0246192 0.0192196 0.0143904 0.0102488 0.0068818 0.00431782
 0.00886833 0.0142674 0.021214 0.0295591 0.0389799 0.0488603 0.05824 0.0660151 0.0713236 0.0738209 0.0736608 0.0712808 0.0672022 0.0619295 0.0559106 0.0495121 0.0430092 0.0365953 0.0304084 0.0245608 0.0191632 0.0143343 0.0101917 0.00682555 0.00426685
 0.00886258 0.0142627 0.0212154 0.0295742 0.0390166 0.0489235 0.058329 0.066123 0.0714395 0.0739334 0.0737613 0.0713642 0.067265 0.0619675 0.0559178 0.0494831 0.0429432 0.036499 0.0302947 0.0244441 0.0190544 0.0142389 0.0101113 0.00675998 0.00421579
 0.008878 0.0142751 0.0212114 0.0295353 0.0389262 0.0487775 0.0581424 0.0659288 0.0712776 0.0738366 0.0737448 0.0714245 0.0673854 0.062125 0.0560883 0.0496448 0.0430788 0.036598 0.0303547 0.0244699 0.0190549 0.014224 0.0100888 0.0067357 0.00419353
 0.00871207 0.0140351 0.0209049 0.0291863 0.0385667 0.0484338 0.0578277 0.0656465 0.0710325 0.0736452 0.0736357 0.0714275 0.0675165 0.0623774 0.056433 0.0500396 0.0434797 0.0369683 0.0306697 0.0247182 0.0192368 0.0143474 0.0101658 0.00677902 0.00421476
 0.0087092 0.0140228 0.0208731 0.0291241 0.038468 0.0483048 0.0576897 0.0655288 0.0709579 0.0736172 0.0736381 0.0714375 0.0675219 0.0623834 0.0564562 0.0500942 0.0435677 0.0370786 0.0307843 0.0248201 0.0193155 0.0144 0.0101957 0.0067926 0.00421851
 0.00871449 0.0140115 0.0208197 0.0289931 0.038224 0.0479289 0.057194 0.0649617 0.0703951 0.0731422 0.0733192 0.0713106 0.0675843 0.0626018 0.0567831 0.0504839 0.0439836 0.0374922 0.0311719 0.0251615 0.0195963 0.0146143 0.0103466 0.00689002 0.00427594
 0.00862354 0.0138673 0.0206088 0.0287035 0.0378451 0.047453 0.0566215 0.0643087 0.069701 0.0724716 0.0727548 0.0709356 0.0674594 0.0627467 0.0571717 0.0510546 0.0446588 0.0381974 0.0318465 0.0257626 0.0200978 0.0150055 0.0106305 0.00708065 0.00439354
 0.00861494 0.0138542 0.02059 0.0286774 0.0378078 0.0473966 0.0565326 0.0641694 0.0694929 0.072184 0.0723947 0.0705349 0.0670745 0.062446 0.057015 0.0510729 0.0448455 0.0385129 0.032234 0.0261643 0.0204673 0.0153134 0.0108648 0.00724345 0.0044967
 0.00858251 0.0138037 0.0205183 0.0285835 0.0376933 0.0472658 0.0563923 0.0640269 0.0693527 0.0720446 0.0722485 0.0703737 0.0668988 0.0622725 0.0568769 0.051011 0.0448912 0.0386748 0.0324924 0.0264789 0.0207906 0.0156051 0.0110997 0.00741394 0.0046084
 0.00856982 0.0137763 0.0204652 0.0284906 0.0375487 0.0470656 0.0561461 0.0637582 0.0690925 0.0718219 0.0720816 0.0702667 0.0668435 0.062256 0.0568908 0.0510578 0.0449837 0.0388269 0.032708 0.0267444 0.0210772 0.0158785 0.0113318 0.00759 0.00472804
 0.00852705 0.0137027 0.0203466 0.0283115 0.0372953 0.0467319 0.0557403 0.0633058 0.0686346 0.0714078 0.0717592 0.0700719 0.0667918 0.0623404 0.0570862 0.0513317 0.0453071 0.0391801 0.0330785 0.0271201 0.021441 0.0162084 0.0116076 0.00779995 0.00487255
 0.00853383 0.0137137 0.0203625 0.028331 0.037313 0.0467362 0.0557131 0.063226 0.0684859 0.0711879 0.0714848 0.0697774 0.0665209 0.0621336 0.0569702 0.0513142 0.0453795 0.0393241 0.0332734 0.027346 0.0216782 0.016437 0.0118089 0.00796064 0.00498805
 0.00848177 0.0136404 0.0202734 0.0282381 0.0372317 0.0466793 0.0556853 0.0632213 0.0684889 0.0711775 0.0714416 0.069691 0.0663961 0.0619913 0.0568415 0.0512302 0.045361 0.039377 0.0333895 0.0275077 0.0218636 0.0166241 0.0119784 0.00809921 0.00508993
 0.00837669 0.0134722 0.0200259 0.0279017 0.0368079 0.0461883 0.0551697 0.0627419 0.0681092 0.0709436 0.0713682 0.0697607 0.066571 0.0622296 0.0571114 0.0515152 0.045658 0.0396878 0.0337127 0.0278346 0.0221788 0.0169095 0.0122185 0.00828528 0.00522168
 0.00842745 0.0135498 0.020133 0.0280348 0.0369564 0.0463331 0.0552846 0.0627995 0.0680907 0.0708479 0.0712135 0.0695771 0.0663871 0.0620635 0.0569693 0.0513976 0.0455664 0.0396279 0.0336915 0.0278551 0.0222364 0.0169916 0.0123088 0.00836869 0.00528843
 0.00840523 0.0135174 0.0200912 0.027987 0.0369076 0.0462884 0.0552473 0.0627691 0.0680624 0.070814 0.0711672 0.069517 0.0663205 0.0620034 0.0569287 0.0513841 0.045581 0.0396677 0.0337534 0.0279363 0.0223324 0.0170951 0.0124097 0.00845678 0.0053571
 0.00829059 0.0133474 0.0198659 0.0277179 0.0366151 0.0459968 0.0549815 0.0625517 0.0679113 0.0707391 0.0711679 0.0695826 0.0664341 0.0621481 0.057092 0.0515592 0.0457642 0.0398561 0.0339429 0.0281217 0.022508 0.0172546 0.0125467 0.00856664 0.005438
 0.00817325 0.0131694 0.0196225 0.0274145 0.0362676 0.0456302 0.0546278 0.062247 0.0676887 0.0706203 0.071158 0.0696704 0.0665978 0.062362 0.0573326 0.0518085 0.0460108 0.0400939 0.0341686 0.0283324 0.0226999 0.017423 0.0126872 0.00867641 0.00551732
 0.00816329 0.0131425 0.0195627 0.0273017 0.0360839 0.0453703 0.0543063 0.0618991 0.067361 0.0703576 0.0709914 0.0696122 0.0666425 0.0624914 0.0575219 0.0520323 0.0462479 0.0403289 0.0343919 0.0285382 0.0228843 0.0175823 0.0128183 0.00877785 0.00559003
 0.00816586 0.0131345 0.0195276 0.0272155 0.0359201 0.0451082 0.0539409 0.061447 0.0668612 0.0698667 0.0705728 0.0693227 0.0665185 0.0625411 0.0577257 0.0523513 0.0466356 0.0407416 0.0347947 0.0289072 0.0232048 0.017847 0.0130254 0.00893001 0.00569406
 0.00815411 0.0131181 0.0195072 0.0271909 0.0358873 0.0450558 0.0538491 0.0612922 0.0666263 0.069552 0.0702037 0.0689471 0.0661958 0.0623258 0.0576526 0.0524271 0.0468399 0.0410357 0.0351335 0.0292495 0.0235194 0.0181145 0.013237 0.00908562 0.00579994
 0.00807731 0.0130068 0.0193648 0.0270298 0.0357251 0.0449097 0.05373 0.0612011 0.0665532 0.0694784 0.0701094 0.0688205 0.0660431 0.0621736 0.0575409 0.0523948 0.04691 0.041207 0.0353827 0.0295398 0.0238122 0.0183785 0.0134532 0.00924746 0.00591075
 0.00798905 0.0128768 0.0191948 0.0268311 0.0355172 0.0447162 0.0535742 0.0611016 0.0665192 0.069505 0.070176 0.0688962 0.0660971 0.0621881 0.0575191 0.0523606 0.0468975 0.0412464 0.0354869 0.0297009 0.0240062 0.0185759 0.0136287 0.00938618 0.00600911
 0.00807046 0.0129905 0.0193317 0.0269722 0.0356398 0.044804 0.0536248 0.0611257 0.0665333 0.0695211 0.070195 0.0689066 0.06608 0.0621248 0.0574003 0.0521927 0.0467039 0.0410608 0.0353421 0.0296166 0.0239839 0.0186011 0.0136795 0.00944217 0.00605687
 0.00813677 0.0130844 0.0194465 0.0270912 0.0357388 0.0448571 0.053611 0.0610362 0.0663761 0.0693229 0.0699952 0.0687444 0.0659801 0.0620889 0.0574098 0.0522203 0.0467283 0.041075 0.0353534 0.0296384 0.0240257 0.0186626 0.0137513 0.00951157 0.0061139
 0.00813358 0.013083 0.0194509 0.0271057 0.0357651 0.0448898 0.0536356 0.0610314 0.0663215 0.0692095 0.0698321 0.0685592 0.0658105 0.0619693 0.0573591 0.0522369 0.0467938 0.0411656 0.0354505 0.0297336 0.0241179 0.0187521 0.0138356 0.00958541 0.00617235
 0.00819141 0.0131751 0.0195859 0.0272898 0.0360006 0.0451719 0.053949 0.061348 0.0666026 0.0694121 0.0699195 0.068512 0.0656342 0.0616949 0.0570341 0.0519102 0.046502 0.0409267 0.0352666 0.0295986 0.0240245 0.0186938 0.0138057 0.0095759 0.00617469
 0.00824261 0.0132573 0.0197077 0.0274584 0.0362202 0.0454415 0.0542596 0.0616812 0.0669315 0.0697043 0.0701412 0.0686321 0.0656309 0.0615621 0.0567865 0.0515819 0.0461381 0.0405709 0.0349511 0.0293403 0.0238273 0.0185533 0.0137132 0.00952082 0.00614579
 0.00804223 0.0129499 0.0192801 0.0269135 0.035579 0.0447443 0.0535664 0.0610677 0.0664761 0.069469 0.0701546 0.0688824 0.0660695 0.0621177 0.0573826 0.0521545 0.0466472 0.0410022 0.0353087 0.029636 0.0240715 0.018752 0.0138693 0.00963702 0.00622646
 0.00790031 0.0127185 0.0189314 0.0264237 0.0349362 0.0439595 0.0526838 0.0601657 0.0656546 0.0688277 0.0697718 0.0688004 0.0662891 0.0625999 0.058057 0.0529346 0.0474483 0.0417574 0.0359766 0.0301992 0.024529 0.0191108 0.0141394 0.00982985 0.0063554
 0.00786638 0.0126639 0.0188495 0.0263062 0.0347713 0.043732 0.0523777 0.0597713 0.0651789 0.0683026 0.0692543 0.0683634 0.0660035 0.0625147 0.0581865 0.0532549 0.0479054 0.0422828 0.036505 0.0306816 0.0249373 0.0194354 0.0143832 0.0100024 0.00646973
 0.00761302 0.0122789 0.0183205 0.0256406 0.0339947 0.0428836 0.0515071 0.0589342 0.0644305 0.0676892 0.0688093 0.06811 0.06596 0.0626964 0.0585989 0.0538838 0.0487098 0.0431964 0.037448 0.0315764 0.0257236 0.020078 0.0148721 0.0103484 0.00669648
 0.00756213 0.0121884 0.0181705 0.0254095 0.0336659 0.0424553 0.0509998 0.0583889 0.0638973 0.0672115 0.068414 0.0678087 0.0657585 0.0626047 0.0586348 0.054067 0.0490494 0.0436791 0.0380336 0.0322049 0.0263302 0.020609 0.0152961 0.0106579 0.00690301
 0.00763582 0.0122948 0.0183047 0.0255556 0.0337982 0.0425419 0.0510077 0.0582918 0.0636837 0.0668911 0.0680175 0.0673795 0.065341 0.0622366 0.0583466 0.0538845 0.0489942 0.0437626 0.0382481 0.0325198 0.0266965 0.0209732 0.0156141 0.0109051 0.00707522
 0.00786506 0.0126459 0.0187919 0.0261748 0.0345249 0.0433303 0.0517899 0.0589819 0.0641906 0.0671399 0.0679687 0.067039 0.0647571 0.0614862 0.0575183 0.053064 0.0482539 0.0431558 0.0378052 0.0322447 0.026568 0.0209514 0.0156535 0.0109663 0.00713273
 0.00796803 0.0128198 0.0190649 0.026575 0.0350712 0.0440196 0.0525857 0.0598124 0.0649613 0.0677539 0.0683469 0.0671334 0.0645564 0.0610175 0.0568416 0.0522621 0.0474181 0.0423706 0.0371356 0.0317285 0.0262127 0.0207387 0.0155481 0.0109286 0.00712934
 0.00790301 0.0127392 0.0189909 0.0265461 0.0351353 0.0442202 0.0529478 0.0603329 0.0656051 0.0684563 0.0690224 0.0676894 0.0649126 0.0611227 0.0566853 0.0518756 0.046867 0.0417399 0.0365117 0.0311816 0.0257851 0.0204415 0.0153666 0.0108334 0.00708822
 0.00782761 0.0126215 0.0188245 0.0263328 0.0348901 0.0439766 0.0527585 0.0602623 0.0657105 0.0687653 0.0695164 0.0683036 0.0655506 0.0616803 0.0570758 0.0520488 0.0468189 0.0415099 0.036169 0.0308044 0.0254404 0.0201707 0.0151821 0.0107251 0.00703438
 0.00761525 0.0122809 0.0183218 0.025643 0.0340065 0.0429235 0.0516046 0.0591223 0.0647298 0.0680891 0.0692545 0.0685025 0.0661803 0.0626396 0.0582159 0.05321 0.0478672 0.042363 0.0368033 0.0312443 0.0257352 0.0203715 0.0153267 0.0108338 0.00711548
 0.0075401 0.0121543 0.0181225 0.0253468 0.0335896 0.0423692 0.0509125 0.0583174 0.0638672 0.0672535 0.0685519 0.0680421 0.0660488 0.0628749 0.0587898 0.0540312 0.048805 0.0432843 0.0376066 0.0318783 0.0261973 0.0206903 0.0155406 0.0109763 0.0072096
 0.00749579 0.0120838 0.0180185 0.0252019 0.0333948 0.0421134 0.0505835 0.0579051 0.0633699 0.0666848 0.0679487 0.0674678 0.0655874 0.0626142 0.058796 0.0543234 0.0493431 0.0439778 0.038343 0.0325574 0.026756 0.0211086 0.0158309 0.0111661 0.00732795
 0.00741342 0.0119666 0.0178728 0.0250432 0.0332423 0.0419811 0.0504724 0.0578014 0.0632487 0.0665184 0.0677163 0.0671665 0.0652415 0.0622767 0.0585402 0.0542217 0.0494405 0.044272 0.0387825 0.0330604 0.02724 0.0215151 0.0161356 0.0113733 0.00745741
 0.00707459 0.0114706 0.0172289 0.0242975 0.0324669 0.0412551 0.0498645 0.0573598 0.0629961 0.0664484 0.067795 0.0673414 0.0654589 0.0625012 0.0587667 0.0544754 0.0497619 0.0446928 0.0393044 0.0336479 0.0278317 0.0220476 0.0165651 0.0116853 0.00766235
 0.00661404 0.0107613 0.0162378 0.0230279 0.0309656 0.039617 0.0482331 0.055912 0.0619046 0.0658343 0.0676939 0.0677024 0.066172 0.0634362 0.0598083 0.0555445 0.0508204 0.0457326 0.0403255 0.0346377 0.0287566 0.0228612 0.0172272 0.0121781 0.00799568
#obs surv len freq
 nan nan nan nan nan nan nan nan nan nan nan nan nan nan nan nan nan nan nan nan nan nan nan nan nan
 0.00448696 0.00734954 0.0111809 0.0159986 0.0217005 0.0279768 0.0342912 0.040022 0.0447005 0.0481626 0.0505183 0.0520118 0.0529019 0.0534122 0.0537249 0.0539786 0.0542563 0.0545484 0.0546868 0.0542786 0.0527167 0.0493493 0.0437998 0.0362809 0.0276658
 0.00461272 0.00755772 0.0115008 0.0164586 0.022321 0.0287595 0.0352079 0.0410125 0.0456811 0.0490435 0.0512207 0.0524796 0.0531067 0.0533536 0.0534253 0.0534758 0.0535944 0.0537707 0.0538329 0.0533858 0.0518244 0.048501 0.0430408 0.0356495 0.0271833
 0.00477918 0.00782724 0.0119046 0.0170258 0.0230737 0.0297046 0.036328 0.0422592 0.0469777 0.0502948 0.0523263 0.0533468 0.0536625 0.0535536 0.0532584 0.0529623 0.0527791 0.0527131 0.0525996 0.0520474 0.0504563 0.0471836 0.0418537 0.0346584 0.0264243
 0.00497217 0.00814407 0.0123869 0.0177138 0.0239977 0.0308722 0.0377112 0.0437915 0.0485643 0.0518306 0.0537108 0.0544902 0.0544865 0.0539943 0.0532718 0.0525318 0.05192 0.0514726 0.0510522 0.0502907 0.048606 0.0453677 0.0401986 0.0332672 0.025355
 0.00518287 0.00848887 0.0129103 0.0184591 0.0249996 0.0321438 0.0392305 0.0454953 0.050355 0.0535934 0.0553312 0.0558655 0.0555307 0.0546378 0.0534613 0.0522317 0.0511179 0.0501872 0.0493414 0.0482557 0.046389 0.0431399 0.0381356 0.0315157 0.0240005
 0.00540639 0.00885595 0.0134697 0.0192588 0.0260776 0.0335143 0.0408685 0.0473319 0.0522866 0.0555012 0.0570988 0.0573887 0.0567204 0.0554202 0.0537766 0.0520344 0.0503798 0.0489056 0.0475528 0.0460494 0.0439144 0.0405959 0.0357398 0.029457 0.0223954
 0.00563686 0.00923364 0.014044 0.020078 0.0271806 0.0349162 0.0425463 0.0492177 0.0542769 0.0574755 0.0589381 0.058987 0.0579884 0.0562843 0.0541768 0.0519216 0.0497167 0.0476746 0.0457714 0.0437904 0.0413209 0.0378771 0.0331383 0.0271941 0.0206147
 0.00589538 0.0096545 0.0146785 0.0209743 0.0283748 0.0364181 0.0443246 0.0511951 0.0563408 0.0594991 0.0608011 0.0605862 0.0592405 0.0571238 0.0545517 0.0517893 0.0490421 0.0464355 0.0439738 0.0414925 0.0386545 0.0350496 0.0304032 0.0247917 0.0187092
 0.00613388 0.0100481 0.0152816 0.0218412 0.0295482 0.0379123 0.0461081 0.0531853 0.0584172 0.0615276 0.0626566 0.0621654 0.0604638 0.0579324 0.0549019 0.0516468 0.048378 0.0452295 0.0422277 0.0392538 0.0360409 0.0322567 0.0276793 0.0223805 0.0167832
 0.00637319 0.0104406 0.0158789 0.022694 0.0306969 0.039372 0.0478522 0.055139 0.0604656 0.0635375 0.0644973 0.0637245 0.0616548 0.0586954 0.0551997 0.0514565 0.0476842 0.0440227 0.0405146 0.0370787 0.0335105 0.0295517 0.0250337 0.0200291 0.0148966
 0.00660895 0.0108273 0.016467 0.0235325 0.0318237 0.0407984 0.0495478 0.057026 0.0624308 0.0654529 0.0662413 0.0651934 0.062767 0.0593925 0.0554441 0.0512278 0.0469734 0.0428299 0.0388548 0.0349985 0.03111 0.0269958 0.0225369 0.0178082 0.0131112
 0.00685512 0.0112283 0.0170719 0.024387 0.0329609 0.0422247 0.0512278 0.0588778 0.0643372 0.0672844 0.0678775 0.0665365 0.0637458 0.0599605 0.0555756 0.0509117 0.0462089 0.0416249 0.0372308 0.033005 0.0288422 0.0246044 0.0202144 0.0157489 0.0114577
 0.00706569 0.0115792 0.0176158 0.0251769 0.0340389 0.0436024 0.0528688 0.0606935 0.0662006 0.0690577 0.0694368 0.0677853 0.0646189 0.0604209 0.0556089 0.0505199 0.0454033 0.0404236 0.0356631 0.031123 0.0267358 0.0224093 0.0181005 0.013885 0.00996633
 0.00726758 0.0119063 0.0181062 0.0258666 0.034956 0.0447575 0.0542438 0.0622333 0.0678171 0.0706411 0.0708724 0.0689693 0.0654699 0.0608871 0.0556681 0.0501733 0.0446676 0.0393256 0.0342399 0.0294301 0.0248589 0.0204697 0.0162454 0.0122579 0.00866923
 0.00740163 0.0121324 0.0184614 0.02639 0.0356795 0.0456933 0.0553712 0.063497 0.0691375 0.0719317 0.0720528 0.0699695 0.0662299 0.0613571 0.0558114 0.0499705 0.0441178 0.0384455 0.0330633 0.0280113 0.0232781 0.0188358 0.0146854 0.0108926 0.00758331
 0.00753848 0.0123492 0.0187778 0.026822 0.036239 0.0463854 0.05619 0.0644199 0.0701239 0.0729257 0.0729906 0.0707878 0.0668735 0.0617824 0.0559867 0.0498744 0.0437398 0.037788 0.0321466 0.0268781 0.0219978 0.0175029 0.0134093 0.00977545 0.00669532
 0.00760144 0.0124539 0.0189394 0.0270561 0.0365579 0.0467938 0.0566807 0.0649751 0.0707198 0.0735387 0.0735992 0.0713689 0.0673975 0.0622113 0.0562784 0.0499886 0.0436445 0.0374651 0.0315964 0.026125 0.0210938 0.0165258 0.0124514 0.00892445 0.00601274
 0.0076396 0.0125085 0.0190086 0.027135 0.0366428 0.0468867 0.0567924 0.065123 0.0709214 0.0738048 0.0739293 0.0717511 0.0678098 0.0626236 0.0566521 0.0502794 0.0438072 0.0374611 0.0314034 0.0257447 0.0205569 0.0158904 0.0117932 0.00831894 0.00551593
 0.00769227 0.0125852 0.019107 0.0272467 0.0367545 0.0469841 0.0568645 0.0651659 0.0709421 0.0738216 0.0739686 0.0718383 0.0679601 0.0628346 0.0569031 0.0505341 0.0440201 0.0375856 0.0314016 0.0255973 0.0202714 0.0155024 0.0113587 0.00789945 0.00516077
 0.00776543 0.0126976 0.0192636 0.027446 0.0369877 0.047234 0.0571058 0.0653684 0.0710782 0.0738762 0.0739459 0.071762 0.0678656 0.0627574 0.0568662 0.0505409 0.0440532 0.0376119 0.0313826 0.0255022 0.020088 0.0152431 0.0110573 0.00759961 0.00490108
 0.00782897 0.0127985 0.0194107 0.0276448 0.0372382 0.0475275 0.057422 0.0656762 0.0713407 0.0740594 0.074028 0.0717391 0.0677526 0.0625846 0.0566708 0.050356 0.0438976 0.0374851 0.0312673 0.0253736 0.0199267 0.015045 0.0108361 0.00738047 0.00470998
 0.00784237 0.012821 0.0194461 0.0276974 0.0373126 0.0476274 0.0575486 0.0658266 0.071506 0.0742252 0.074175 0.0718472 0.0678066 0.0625787 0.0566122 0.0502621 0.0437896 0.0373792 0.0311684 0.0252753 0.0198177 0.0149184 0.0106951 0.00723827 0.00458288
 0.00786751 0.0128537 0.0194804 0.0277235 0.0373206 0.0476126 0.057516 0.0657904 0.0714849 0.074235 0.0742225 0.0719276 0.0679049 0.0626746 0.056687 0.0503049 0.0437994 0.0373626 0.0311338 0.025228 0.0197582 0.0148457 0.0106118 0.00715154 0.00450291
 0.00786968 0.0128584 0.0194891 0.0277373 0.037338 0.0476285 0.0575214 0.0657758 0.0714462 0.0741786 0.0741651 0.07189 0.0679028 0.0627114 0.056753 0.0503822 0.0438698 0.0374138 0.031161 0.0252318 0.0197416 0.0148126 0.0105667 0.00710099 0.00445421
 0.00789201 0.0128882 0.0195221 0.0277659 0.037354 0.0476267 0.0575019 0.0657432 0.0714063 0.0741351 0.07412 0.0718465 0.0678674 0.0626935 0.0567599 0.0504144 0.0439196 0.0374685 0.031208 0.0252625 0.019753 0.014806 0.0105466 0.0070733 0.00442523
 0.00788823 0.0128801 0.0195062 0.0277373 0.0373073 0.0475574 0.0574089 0.0656305 0.071284 0.0740182 0.0740249 0.0717866 0.0678495 0.0627179 0.0568218 0.0505063 0.044032 0.0375898 0.0313252 0.0253639 0.0198305 0.0148568 0.0105731 0.00708151 0.00442234
 0.00788305 0.0128705 0.0194895 0.0277101 0.0372661 0.0474995 0.0573337 0.0655398 0.0711824 0.0739131 0.0739261 0.0717055 0.0677976 0.0627035 0.056848 0.0505705 0.0441262 0.0377026 0.0314437 0.0254754 0.0199247 0.0149278 0.0106198 0.00710743 0.00443341
 0.00787925 0.0128626 0.0194745 0.0276842 0.0372254 0.0474418 0.0572592 0.0654524 0.0710882 0.0738192 0.0738398 0.0716337 0.0677469 0.0626797 0.0568557 0.0506113 0.0441978 0.037798 0.0315525 0.0255854 0.0200245 0.015009 0.010679 0.00714543 0.00445457
 0.00785547 0.0128216 0.0194087 0.0275856 0.0370882 0.047266 0.0570537 0.0652351 0.0708827 0.0736486 0.0737214 0.0715763 0.0677509 0.0627395 0.0569619 0.0507534 0.0443652 0.0379801 0.0317379 0.0257622 0.0201818 0.0151385 0.0107767 0.00721249 0.00449604
 0.0078563 0.0128198 0.0193998 0.0275631 0.0370441 0.0471932 0.0569481 0.065098 0.0707219 0.0734783 0.0735605 0.0714448 0.067665 0.0627084 0.0569866 0.0508279 0.0444789 0.0381203 0.0318915 0.0259163 0.0203244 0.0152603 0.010872 0.00728051 0.00453991
 0.00783827 0.0127931 0.0193643 0.0275198 0.0369943 0.0471369 0.0568836 0.065022 0.0706321 0.0733753 0.0734498 0.071337 0.0675742 0.0626488 0.0569691 0.050857 0.0445521 0.038229 0.0320229 0.0260563 0.0204595 0.0153793 0.0109679 0.00735085 0.00458666
 0.00779142 0.0127165 0.0192487 0.0273579 0.0367838 0.0468845 0.0566081 0.0647522 0.0703994 0.0732045 0.0733524 0.0713114 0.0676112 0.0627371 0.0570994 0.0510221 0.0447454 0.0384421 0.0322447 0.0262737 0.020659 0.01555 0.0111031 0.00744932 0.00465218
 0.00777453 0.0126853 0.0191949 0.0272711 0.0366543 0.0467068 0.0563851 0.0644977 0.0701369 0.072963 0.0731604 0.0711904 0.067571 0.0627753 0.0572043 0.0511781 0.0449368 0.038655 0.0324664 0.0264915 0.0208605 0.0157242 0.0112427 0.00755231 0.00472158
 0.00773315 0.0126192 0.0190977 0.0271375 0.0364808 0.0464933 0.0561368 0.0642263 0.0698604 0.0727041 0.0729437 0.071039 0.0675025 0.0627982 0.0573156 0.0513642 0.0451772 0.0389268 0.0327478 0.0267636 0.0211077 0.0159348 0.0114101 0.0076752 0.00480434
 0.00771234 0.0125833 0.0190398 0.0270502 0.0363578 0.0463323 0.0559416 0.0640076 0.0696335 0.0724856 0.0727493 0.0708831 0.0673987 0.0627583 0.0573475 0.0514688 0.0453467 0.0391452 0.0329941 0.0270152 0.0213445 0.0161411 0.0115763 0.00779863 0.00488824
 0.00767967 0.0125325 0.0189674 0.0269542 0.0362374 0.0461881 0.0557761 0.0638261 0.0694448 0.0723013 0.072583 0.070748 0.067306 0.0627169 0.0573634 0.0515446 0.0454802 0.0393284 0.0332121 0.0272487 0.0215725 0.0163452 0.011744 0.00792473 0.00497477
 0.00766655 0.012507 0.0189215 0.0268784 0.0361239 0.0460345 0.0555894 0.0636215 0.0692419 0.0721183 0.0724322 0.0706363 0.0672369 0.0626927 0.0573859 0.051615 0.0455978 0.0394886 0.0334055 0.0274607 0.021785 0.0165403 0.0119079 0.00805022 0.00506207
 0.00764195 0.0124721 0.0188782 0.0268305 0.0360747 0.0459838 0.0555315 0.0635482 0.0691467 0.072002 0.0723041 0.0705116 0.0671313 0.0626182 0.05735 0.0516212 0.0456469 0.0395786 0.0335309 0.0276112 0.0219464 0.0166967 0.0120449 0.00815882 0.00513972
 0.00762009 0.012436 0.0188231 0.0267529 0.035974 0.0458648 0.0554051 0.0634288 0.0690472 0.0719277 0.0722523 0.070475 0.0671045 0.0626015 0.0573486 0.0516424 0.0456962 0.0396583 0.0336389 0.0277409 0.022087 0.0168351 0.0121685 0.00825867 0.0052124
 0.00760823 0.0124156 0.0187904 0.0267034 0.0359038 0.0457717 0.0552912 0.0633012 0.0689179 0.0718115 0.0721621 0.0704184 0.0670818 0.0626073 0.0573761 0.0516871 0.0457573 0.0397371 0.033736 0.0278535 0.0222086 0.0169557 0.0122775 0.00834807 0.00527848
 0.00758162 0.0123781 0.0187444 0.0266543 0.0358577 0.0457322 0.0552571 0.0632673 0.0688776 0.0717612 0.0721037 0.0703591 0.0670313 0.062574 0.0573644 0.0516972 0.0457874 0.039785 0.0337999 0.0279314 0.0222959 0.0170455 0.0123617 0.00841927 0.00533257
 0.00755902 0.0123398 0.0186843 0.0265671 0.0357415 0.0455923 0.0551071 0.0631271 0.068767 0.0716919 0.072076 0.0703647 0.0670593 0.0626166 0.0574183 0.0517623 0.0458639 0.0398719 0.0338952 0.0280317 0.0223971 0.0171422 0.012448 0.00849014 0.0053856
 0.00755156 0.0123287 0.0186694 0.0265481 0.0357172 0.04556 0.055063 0.0630685 0.0686949 0.0716133 0.0720025 0.0703076 0.0670256 0.0626067 0.0574283 0.0517873 0.0459006 0.0399191 0.0339518 0.0280962 0.0224661 0.0172112 0.0125116 0.00854391 0.00542678
 0.00753044 0.0122946 0.0186186 0.0264779 0.0356271 0.0454528 0.0549459 0.0629518 0.0685898 0.071528 0.071942 0.0702741 0.0670203 0.0626299 0.0574784 0.0518599 0.0459893 0.040017 0.0340533 0.0281968 0.022562 0.0172984 0.0125866 0.00860399 0.00547104
 0.00750907 0.0122599 0.0185665 0.0264049 0.035531 0.0453342 0.0548096 0.0628075 0.0684507 0.0714084 0.0718537 0.0702246 0.0670117 0.0626601 0.0575424 0.0519511 0.0461003 0.04014 0.0341804 0.0283208 0.0226769 0.0173994 0.0126704 0.00866892 0.00551759
 0.00752377 0.0122818 0.0185957 0.0264395 0.0355671 0.045366 0.0548299 0.0628085 0.0684263 0.0713566 0.0717782 0.0701344 0.0669193 0.0625779 0.0574803 0.051915 0.0460914 0.0401559 0.0342162 0.0283699 0.0227323 0.0174548 0.0127204 0.00871013 0.00554846
 0.00750725 0.0122608 0.0185748 0.0264263 0.0355697 0.0453889 0.0548712 0.0628596 0.0684742 0.0713885 0.0717849 0.0701131 0.0668732 0.0625158 0.057414 0.0518562 0.0460493 0.0401354 0.0342175 0.0283895 0.0227643 0.0174924 0.0127575 0.00874227 0.00557326
 0.00748211 0.0122184 0.0185085 0.0263308 0.0354438 0.0452397 0.0547157 0.0627224 0.0683793 0.07135 0.0718021 0.0701722 0.0669545 0.0626016 0.0574937 0.051927 0.0461141 0.040199 0.0342835 0.0284586 0.022834 0.0175584 0.0128153 0.00878846 0.00560692
 0.00749296 0.0122318 0.0185206 0.0263348 0.035431 0.0452021 0.0546489 0.0626282 0.0682676 0.0712376 0.0717088 0.070114 0.0669384 0.0626231 0.0575406 0.0519853 0.0461738 0.0402559 0.0343378 0.0285117 0.0228865 0.0176085 0.0128602 0.0088254 0.00563449
 0.00749296 0.0122318 0.0185206 0.0263348 0.035431 0.0452021 0.0546489 0.0626282 0.0682676 0.0712376 0.0717088 0.070114 0.0669384 0.0626231 0.0575406 0.0519853 0.0461738 0.0402559 0.0343378 0.0285117 0.0228865 0.0176085 0.0128602 0.0088254 0.00563449
 0.0074374 0.0121487 0.0184091 0.0261984 0.0352764 0.0450369 0.0544801 0.0624626 0.0681129 0.0711036 0.0716077 0.0700588 0.0669395 0.0626849 0.0576578 0.0521439 0.0463549 0.0404409 0.0345129 0.0286689 0.0230219 0.0177208 0.012949 0.00889163 0.00568037
 0.00744531 0.0121531 0.0184004 0.0261635 0.0352033 0.044921 0.054329 0.0622947 0.0679506 0.0709648 0.0715015 0.0699872 0.0669024 0.0626836 0.0576949 0.0522199 0.0464648 0.0405741 0.0346555 0.0288076 0.0231469 0.0178263 0.0130326 0.00895367 0.00572312
 0.00729569 0.0119203 0.0180696 0.0257287 0.0346689 0.0443044 0.0536638 0.0616321 0.0673546 0.0705009 0.071222 0.0699195 0.0670442 0.0630061 0.058153 0.0527639 0.0470488 0.0411595 0.0352108 0.029308 0.0235745 0.0181716 0.0132947 0.00913937 0.00584511
 0.00721921 0.0117806 0.017832 0.025354 0.0341258 0.0435873 0.0528075 0.0607125 0.0664716 0.069753 0.0706857 0.0696409 0.0670384 0.0632605 0.0586307 0.0534098 0.047798 0.0419473 0.03598 0.0300133 0.0241841 0.0186673 0.0136724 0.00940727 0.00602076
 0.00722704 0.0117905 0.01784 0.0253502 0.0340912 0.0434922 0.0526151 0.0603898 0.0660065 0.0691697 0.0700471 0.069035 0.0665547 0.062967 0.0585611 0.0535612 0.048137 0.0424198 0.036523 0.0305658 0.0246958 0.0191033 0.0140153 0.00965577 0.00618608
 0.00711064 0.0116105 0.0175866 0.0250214 0.0336938 0.0430415 0.052134 0.0599046 0.0655403 0.0687373 0.0696572 0.0686995 0.0662986 0.0628286 0.0585814 0.0537671 0.0485285 0.0429663 0.0371698 0.0312459 0.0253441 0.0196687 0.0144676 0.00998759 0.00640859
 0.00712741 0.0116299 0.0176012 0.0250193 0.0336612 0.0429674 0.052014 0.0597415 0.0653414 0.0685093 0.0694044 0.068425 0.0660097 0.0625447 0.0583368 0.0536064 0.0484929 0.0430779 0.0374209 0.0316001 0.025747 0.0200637 0.0148102 0.0102535 0.00659416
 0.00711522 0.0116182 0.017598 0.0250351 0.0337043 0.0430366 0.0520943 0.0598067 0.0653625 0.0684661 0.0692907 0.0682481 0.0657847 0.0622908 0.0580775 0.0533716 0.0483184 0.0429973 0.0374543 0.0317439 0.0259727 0.020327 0.0150658 0.0104679 0.00675237
 0.0072083 0.0117671 0.0178173 0.0253361 0.0340918 0.0435042 0.0526186 0.060344 0.065853 0.0688439 0.0694985 0.0682506 0.0655773 0.0618996 0.0575521 0.0527747 0.0477157 0.04245 0.037011 0.0314326 0.0257954 0.0202619 0.0150759 0.0105147 0.00680591
 0.00720055 0.0117689 0.0178467 0.0254189 0.034255 0.0437658 0.0529783 0.0607801 0.0663262 0.0693049 0.0698945 0.0685319 0.0657033 0.0618472 0.057323 0.0523978 0.0472426 0.0419445 0.0365362 0.0310387 0.02551 0.0200869 0.0149921 0.0104918 0.00681426
 0.00719224 0.0117546 0.0178247 0.0253902 0.0342266 0.0437544 0.0530101 0.0608853 0.0665266 0.0696008 0.0702594 0.068916 0.066046 0.0620914 0.0574277 0.0523466 0.0470475 0.0416437 0.0361848 0.0306947 0.02522 0.019876 0.0148621 0.010427 0.00679152
 0.00715699 0.0116969 0.0177376 0.0252673 0.034065 0.043558 0.052794 0.0606777 0.0663664 0.06953 0.0703107 0.0691 0.0663436 0.0624548 0.0577923 0.0526489 0.0472425 0.0417162 0.0361504 0.0305913 0.0250928 0.0197625 0.0147827 0.0103844 0.00677671
 0.00697739 0.0114078 0.017309 0.0246766 0.0333052 0.042649 0.0517928 0.0596773 0.0654807 0.0688687 0.0699561 0.0690935 0.0666816 0.06309 0.0586412 0.0536056 0.0481991 0.0425836 0.0368739 0.0311542 0.0255088 0.0200609 0.0149944 0.0105335 0.00687942
