SBPRF35
8.3976
Curr Bio
597762
B35
670792
F35
0.202956
FOFL
0.162157
OFL
70212.2
Bzero
2.39931e+006
#pred survey bio
 3.70655e+006 3.38571e+006 3.03487e+006 2.72089e+006 2.41464e+006 2.13076e+006 1.89663e+006 1.65929e+006 1.47857e+006 1.30396e+006 1.15846e+006 1.02025e+006 923264 850915 782603 755804 719198 685404 669660 654649 643879 631151 629835 631066 615287 609326 598721 591624 584356 584961 572174 557359 544767 537520 541445 550129 563379 569582 577830 582378 593530 590889 589673 590479 589834 574398 571312 525453 568135 582008 639643 628974 603345 1.91688e+007 1.11109e+007 1.11547e+007 1.18593e+007 1.29446e+007 1.41293e+007 1.52325e+007 1.61695e+007 1.69199e+007 1.7498e+007 1.79317e+007 1.82516e+007 1.8485e+007 1.86545e+007 1.87772e+007 1.88661e+007 1.89309e+007 1.89781e+007 1.90129e+007 1.90385e+007 1.90576e+007 1.90719e+007 1.90827e+007 1.90908e+007 1.9097e+007 1.91017e+007 1.91053e+007 1.9108e+007 1.91102e+007 1.91118e+007 1.91131e+007 1.9114e+007 1.91148e+007 1.91154e+007 1.91159e+007 1.91162e+007 1.91165e+007 1.91167e+007 1.91169e+007 1.9117e+007 1.91171e+007 1.91172e+007 1.91173e+007 1.91173e+007 1.91174e+007 1.91174e+007 1.91174e+007 1.91174e+007 1.91174e+007 1.91175e+007 1.91175e+007 1.91175e+007 1.91175e+007 1.91175e+007 1.91175e+007 1.91175e+007 1.91175e+007 1.91175e+007 1.91175e+007 1.91175e+007 1.91175e+007 1.91175e+007 1.91175e+007 1.91175e+007 1.91175e+007 1.91175e+007 1.91175e+007 1.91175e+007 1.91175e+007 1.91175e+007 1.91175e+007 1.91175e+007 1.91175e+007 1.91175e+007 1.91175e+007 1.91175e+007 1.91175e+007 1.91175e+007 1.91175e+007 1.91175e+007 1.91175e+007 1.91175e+007 1.91175e+007 1.91175e+007 1.91175e+007 1.91175e+007 1.91175e+007 1.91175e+007 1.91175e+007 1.91175e+007 1.91175e+007 1.91175e+007 1.91175e+007 1.91175e+007 1.91175e+007 1.91175e+007 1.91175e+007 1.91175e+007 1.91175e+007 1.91175e+007 0 0 0 0 0 0 0 0 0 0 0 0 0 0 0 0 0 0 0 0 0 0 0 0 0
#obs survey bio
 2.48387e+006 2.77443e+006 2.3367e+006 1.91137e+006 2.44798e+006 2.24098e+006 1.9908e+006 1.66258e+006 898514 1.2077e+006 913363 767961 650524 580917 736649 703349 556079 1.03296e+006 842150 796497 540971 461459 519725 446196 551389 896415 536973 581050 586516 669654 434364 411481 483930 490312 485580 494844 670566 566358 463130 647698 545028 656234 516590 799358 601136 738779 400016 674424 375974 631778 624608 904180 672658
#pred catch bio
 256801 301036 288900 304865 306644 281717 301002 263585 266801 245274 239355 202664 180190 174160 136398 142213 135727 116680 113444 108215 108959 99002.5 96624.5 109311 98416.7 99789.6 94571.9 92961.8 84804.7 94103.8 93345.2 91280 90079 85418.4 85157.1 83541.4 90402.5 89066.7 92270.6 86613.1 97588.1 95306.4 92553.7 91923.1 101417 88596.8 122477 48006.8 74242.1 38114.7 94552.1 102076 120628 70212.2 82974 81796.7 85498.8 92838.5 101228 109030 115544 120626 124411 127136 129049 130366 131259 131857 132254 132516 132687 132799 132871 132918 132949 132968 132981 132989 132994 132997 132999 133001 133002 133002 133003 133003 133003 133003 133003 133003 133003 133003 133003 133003 133003 133003 133003 133003 133003 133003 133003 133003 133003 133003 133003 133003 133003 133003 133003 133003 133003 133003 133003 133003 133003 133003 133003 133003 133003 133003 133003 133003 133003 133003 133003 133003 133003 133003 133003 133003 133003 133003 133003 133003 133003 133003 133003 133003 133003 133003 133003 133003 133003 133003 133003 133003 133003 133003 133003 133003 133003 133003 133003 0 0 0 0 0 0 0 0 0 0 0 0 0 0 0 0 0 0 0 0 0 0 0 0 0
#obs catch bio
 241982 302554 290902 308989 311389 285277 307050 268515 274173 251196 244288 205693 183267 177732 137940 144718 138160 117628 114086 108745 110025 100029 97858.2 110877 99434.8 100336 95282.8 93749.5 85415.7 94733.7 94306.3 92500.2 90999.6 86086.2 85776.6 84066.9 90890.6 89490.7 93096.7 86830.2 98073.9 95433.5 93180.5 92278.5 101268 87708.9 123086 47410.3 75080.8 37735.3 95703.7 102352 120888
#pred cpue bio
 3.63799e+006 3.3212e+006 2.9748e+006 2.66288e+006 2.35834e+006 2.07654e+006 1.84407e+006 1.60893e+006 1.42988e+006 1.2576e+006 1.11465e+006 979295 884262 813530 747122 721242 686072 653812 639092 624814 614342 601845 600482 601871 586957 581659 571838 565205 558329 559193 547189 533074 520206 511615 514194 522334 535389 541650 549727 554250 565283 562968 561917 562940 562895 548503 545707 500967 542136 556050 612778 603235 579017 1.84026e+007 1.06706e+007 1.05745e+007 1.11104e+007 1.21301e+007 1.32974e+007 1.43966e+007 1.53328e+007 1.60832e+007 1.66612e+007 1.70949e+007 1.74148e+007 1.76482e+007 1.78176e+007 1.79404e+007 1.80293e+007 1.8094e+007 1.81413e+007 1.81761e+007 1.82017e+007 1.82208e+007 1.82351e+007 1.82458e+007 1.8254e+007 1.82601e+007 1.82649e+007 1.82685e+007 1.82712e+007 1.82733e+007 1.8275e+007 1.82763e+007 1.82772e+007 1.8278e+007 1.82786e+007 1.82791e+007 1.82794e+007 1.82797e+007 1.82799e+007 1.82801e+007 1.82802e+007 1.82803e+007 1.82804e+007 1.82805e+007 1.82805e+007 1.82805e+007 1.82806e+007 1.82806e+007 1.82806e+007 1.82806e+007 1.82806e+007 1.82807e+007 1.82807e+007 1.82807e+007 1.82807e+007 1.82807e+007 1.82807e+007 1.82807e+007 1.82807e+007 1.82807e+007 1.82807e+007 1.82807e+007 1.82807e+007 1.82807e+007 1.82807e+007 1.82807e+007 1.82807e+007 1.82807e+007 1.82807e+007 1.82807e+007 1.82807e+007 1.82807e+007 1.82807e+007 1.82807e+007 1.82807e+007 1.82807e+007 1.82807e+007 1.82807e+007 1.82807e+007 1.82807e+007 1.82807e+007 1.82807e+007 1.82807e+007 1.82807e+007 1.82807e+007 1.82807e+007 1.82807e+007 1.82807e+007 1.82807e+007 1.82807e+007 1.82807e+007 1.82807e+007 1.82807e+007 1.82807e+007 1.82807e+007 1.82807e+007 1.82807e+007 1.82807e+007 1.82807e+007 1.82807e+007 1.82807e+007 0 0 0 0 0 0 0 0 0 0 0 0 0 0 0 0 0 0 0 0 0 0 0 0 0
#obs cpue bio
 3.04713e+006 3.14804e+006 1.99489e+006 1.97591e+006 1.91321e+006 1.84162e+006 1.17545e+006 1.0769e+006 1.23759e+006 1.16763e+006 1.60163e+006 1.21431e+006 811332 883806 734584 526874 681648 569413 584608 468069 493073 567347 462650 892340 561737 584215 445784 501827 431934 595666 451383 470054 657721 541056 549272 513980 514447 479869 488942 635514 599315 595932 378383 469596 1.02937e+006 624456 606447 466165 406307 466544 530586 507638 679138
#pred surv len freq
 0.00549309 0.00895043 0.0135247 0.0191979 0.0258106 0.0329641 0.0399993 0.0461661 0.0509105 0.0540617 0.0557947 0.0564526 0.0563842 0.0558633 0.0550649 0.0540677 0.0528721 0.0514223 0.0496137 0.0472738 0.0441505 0.0399675 0.0345785 0.0281555 0.0212602
 0.00575124 0.00928199 0.0138675 0.0194574 0.0259082 0.0329013 0.0398926 0.0462144 0.0512992 0.0548565 0.0568927 0.0576209 0.0573586 0.0564507 0.0552018 0.0538183 0.0523782 0.050832 0.0490185 0.0466839 0.0435177 0.0392417 0.0337602 0.0273094 0.0204851
 0.00623107 0.0100315 0.0149318 0.0208405 0.0275541 0.0346798 0.0416068 0.047649 0.0523038 0.0554163 0.0571271 0.0576973 0.0573805 0.0563988 0.0549654 0.0532832 0.051503 0.0496669 0.0476677 0.0452496 0.0420677 0.037816 0.0324007 0.0260783 0.0194532
 0.00652012 0.0105254 0.0157184 0.0220124 0.0291831 0.036775 0.044074 0.0502772 0.0547983 0.0574741 0.0585257 0.0583586 0.0573747 0.0558842 0.0540975 0.0521494 0.0501213 0.0480338 0.045809 0.0432371 0.0400039 0.0358111 0.0305593 0.0244911 0.0181853
 0.00681286 0.010992 0.0164057 0.0229649 0.0304428 0.0383767 0.04603 0.052553 0.0572892 0.0599937 0.0608224 0.0601639 0.0584747 0.0561814 0.0536265 0.0510382 0.0485238 0.0460793 0.0435945 0.0408523 0.0375569 0.0334341 0.0283916 0.0226522 0.0167475
 0.00717568 0.0115619 0.0172262 0.0240633 0.0318266 0.0400302 0.04791 0.0545911 0.0594017 0.0620918 0.0628087 0.0619171 0.0598417 0.0569955 0.0537536 0.050423 0.0472072 0.0441779 0.0412622 0.0382525 0.0348562 0.0308037 0.0259991 0.020636 0.0151872
 0.00744737 0.0120067 0.0179006 0.0250196 0.0331003 0.0416213 0.0497664 0.0566084 0.0614453 0.0640317 0.0645453 0.0633842 0.0609873 0.057757 0.0540468 0.050157 0.0463195 0.0426692 0.0392116 0.0358077 0.0322106 0.0281702 0.0235807 0.0185939 0.0136112
 0.00778876 0.0125495 0.018695 0.0261052 0.0344996 0.0433299 0.0517398 0.058754 0.0636293 0.0661004 0.0663529 0.0648165 0.0619735 0.0582659 0.0540681 0.0496804 0.0453273 0.0411516 0.0371969 0.0333887 0.0295507 0.0254832 0.0210896 0.0164817 0.0119814
 0.00795996 0.0128418 0.0191607 0.0268011 0.0354749 0.0446065 0.0532942 0.0605126 0.0654817 0.0679225 0.0680256 0.0662351 0.0630518 0.0589393 0.0542957 0.0494419 0.0446159 0.0399711 0.0355714 0.0313836 0.0272902 0.0231474 0.0188835 0.0145858 0.0105058
 0.008108 0.0130915 0.019554 0.0273846 0.0362924 0.0456854 0.0546301 0.0620599 0.0671553 0.0696099 0.0696046 0.0675909 0.0640901 0.0595936 0.0545272 0.0492343 0.0439693 0.0388992 0.0341055 0.0295855 0.0252659 0.0210499 0.0168917 0.0128633 0.00915788
 0.00830336 0.0133925 0.019977 0.0279367 0.0369744 0.0464958 0.0555652 0.063109 0.0682946 0.0707979 0.0707802 0.0686773 0.0650033 0.0602538 0.0548694 0.0492151 0.0435679 0.0381164 0.0329653 0.0281413 0.0236093 0.0193111 0.0152237 0.0114084 0.00801095
 0.00860252 0.0138609 0.0206474 0.0288238 0.0380693 0.0477595 0.0569247 0.0644642 0.0695401 0.0718508 0.0715971 0.0692503 0.0653416 0.0603642 0.0547472 0.0488454 0.0429344 0.0372112 0.0317989 0.0267517 0.0220691 0.017727 0.0137222 0.0101076 0.00698892
 0.00875795 0.0141155 0.0210336 0.0293719 0.0387998 0.0486719 0.0579859 0.0656057 0.0706685 0.0728682 0.0724231 0.0698364 0.0656739 0.0604551 0.0546196 0.0485182 0.0424146 0.0364973 0.0308924 0.0256722 0.0208656 0.0164801 0.0125322 0.00907038 0.00616983
 0.00880091 0.014193 0.0211649 0.0295816 0.039114 0.0491116 0.058559 0.0663006 0.0714516 0.073686 0.0732085 0.0705191 0.0661935 0.0607721 0.0547201 0.0484085 0.0421105 0.0360152 0.0302474 0.0248849 0.0199737 0.0155437 0.0116282 0.00827481 0.0055365
 0.008948 0.0144132 0.0214617 0.0299471 0.0395338 0.0495713 0.0590482 0.0668123 0.0719776 0.0742121 0.0737114 0.0709663 0.0665464 0.0609932 0.0547807 0.0482946 0.0418245 0.0355715 0.029668 0.024198 0.0192163 0.0147651 0.010887 0.00762797 0.00502387
 0.00885862 0.0142813 0.0212881 0.0297413 0.0393118 0.0493519 0.058852 0.0666626 0.0719034 0.074246 0.0738822 0.0712863 0.0670011 0.0615373 0.0553462 0.0488065 0.0422175 0.0358024 0.02972 0.0240794 0.0189567 0.014411 0.0104948 0.00725295 0.00470861
 0.00878729 0.0141804 0.0211642 0.0296107 0.0391958 0.0492707 0.0588179 0.0666782 0.0719626 0.0743395 0.0740031 0.0714347 0.0671833 0.0617599 0.0556048 0.0490794 0.0424668 0.0359844 0.0297987 0.024038 0.0188024 0.0141727 0.0102151 0.00697708 0.00447233
 0.00883272 0.0142325 0.0212037 0.0296085 0.0391249 0.049121 0.0586077 0.0664514 0.0717722 0.0742264 0.0739831 0.0715001 0.0673142 0.061936 0.0558114 0.0493038 0.0426919 0.036185 0.0299452 0.0241055 0.0187811 0.0140725 0.0100632 0.00680824 0.00431759
 0.00894017 0.0143758 0.0213602 0.0297361 0.0391704 0.0490374 0.0583715 0.0660728 0.0712968 0.0737275 0.0735448 0.0711958 0.0671863 0.0619879 0.0560134 0.0496081 0.043047 0.0365434 0.0302659 0.0243566 0.0189438 0.0141453 0.0100619 0.00675991 0.00425108
 0.00907281 0.0145808 0.0216471 0.0301013 0.0395922 0.0494717 0.0587512 0.0663187 0.0713403 0.0735381 0.0731472 0.0706652 0.0666249 0.0614929 0.0556511 0.0494026 0.042984 0.0365839 0.0303617 0.0244626 0.0190264 0.0141869 0.0100614 0.00672872 0.00420614
 0.00915574 0.0147123 0.0218387 0.0303606 0.0399207 0.0498602 0.059175 0.0667345 0.0716893 0.0737564 0.0731832 0.0704975 0.0662742 0.0610205 0.0551418 0.0489391 0.0426235 0.0363468 0.0302346 0.024412 0.019014 0.0141824 0.0100482 0.00670386 0.00417492
 0.00919576 0.0147834 0.0219567 0.0305434 0.0401832 0.0502073 0.0595944 0.0671946 0.0721434 0.0741507 0.0734649 0.0706226 0.0662163 0.0607797 0.0547509 0.048459 0.0421283 0.035902 0.0298807 0.0241584 0.0188461 0.0140746 0.00997637 0.00665185 0.00413519
 0.00906713 0.0145954 0.0217138 0.0302656 0.0399038 0.0499665 0.0594328 0.0671465 0.0722294 0.07437 0.073791 0.0710064 0.0665962 0.0610963 0.0549614 0.0485484 0.0421116 0.0358171 0.0297724 0.0240625 0.0187798 0.0140374 0.00995837 0.00664242 0.00412788
 0.00890075 0.0143385 0.0213537 0.0298029 0.0393554 0.0493689 0.0588433 0.0666384 0.071878 0.0742324 0.07389 0.0713245 0.067081 0.0616734 0.0555512 0.0490821 0.0425447 0.0361353 0.0299882 0.024203 0.0188734 0.0141042 0.010008 0.00667792 0.00415073
 0.00883357 0.0142387 0.0212206 0.0296413 0.0391731 0.0491737 0.0586416 0.0664378 0.0716912 0.0740801 0.0737986 0.0713191 0.0671757 0.0618636 0.0558112 0.0493714 0.0428193 0.0363605 0.0301477 0.0242998 0.0189232 0.0141262 0.0100169 0.0066821 0.00415311
 0.00878826 0.0141522 0.0210677 0.0293936 0.0388097 0.0486949 0.0580806 0.0658576 0.0711678 0.0736798 0.073563 0.0712626 0.0672924 0.062134 0.056205 0.0498477 0.0433288 0.036853 0.0305817 0.0246508 0.0191858 0.0143095 0.0101378 0.00675775 0.00419804
 0.0088617 0.0142551 0.021191 0.0295153 0.0388969 0.0487104 0.0579908 0.065643 0.0708328 0.0732584 0.0731146 0.0708571 0.0669909 0.0619739 0.0561955 0.0499735 0.0435572 0.037141 0.0308843 0.0249297 0.019416 0.0144818 0.0102556 0.0068321 0.00424155
 0.008852 0.0142486 0.0211974 0.0295471 0.038963 0.0488071 0.0580959 0.0657176 0.0708333 0.0731532 0.0728985 0.0705568 0.0666585 0.0616719 0.0559788 0.0498749 0.0435814 0.0372679 0.0310774 0.0251477 0.0196229 0.0146538 0.0103833 0.00691761 0.00429351
 0.00880062 0.0141727 0.0210982 0.0294323 0.0388466 0.0487076 0.0580325 0.065704 0.0708697 0.0732217 0.0729657 0.070586 0.0666267 0.0615819 0.0558593 0.0497686 0.0435275 0.0372876 0.0311687 0.0252888 0.0197833 0.0148052 0.010507 0.00700683 0.0043509
 0.0086344 0.0139203 0.0207519 0.0289987 0.0383466 0.0481749 0.0575127 0.0652513 0.0705385 0.0730531 0.0729745 0.0707552 0.0669127 0.0619293 0.0562191 0.050112 0.0438485 0.0375946 0.0314706 0.0255854 0.0200629 0.0150508 0.0107047 0.00715113 0.00444607
 0.0086999 0.0140015 0.0208278 0.029035 0.0383062 0.0480341 0.0572737 0.0649444 0.0702117 0.0727566 0.0727481 0.070622 0.0668771 0.0619791 0.0563297 0.0502551 0.0440015 0.0377463 0.0316202 0.0257355 0.0202124 0.0151923 0.0108279 0.00724791 0.00451407
 0.00936275 0.0149475 0.0220065 0.0303132 0.0395012 0.048971 0.057834 0.0650855 0.0699594 0.0721863 0.0719643 0.0697375 0.0659936 0.061171 0.0556382 0.0496912 0.0435564 0.0374029 0.0313622 0.0255505 0.0200904 0.0151222 0.0107959 0.00723953 0.00451688
 0.0100076 0.0159609 0.023459 0.0322264 0.0418205 0.0515373 0.0603727 0.0672432 0.0713972 0.0726911 0.0715163 0.0684969 0.064224 0.0591504 0.0535963 0.0477849 0.0418727 0.0359765 0.0301948 0.0246268 0.0193871 0.0146115 0.010446 0.00701557 0.00438411
 0.0099925 0.0160261 0.023722 0.0328489 0.0429633 0.053287 0.0626751 0.0698797 0.0740223 0.0749149 0.0730014 0.0690404 0.0638005 0.0579042 0.0517853 0.0457003 0.0397698 0.0340361 0.0285194 0.0232564 0.0183202 0.0138222 0.00989416 0.00665401 0.00416407
 0.00968907 0.0155777 0.023137 0.032181 0.0423184 0.0528208 0.0625747 0.0703198 0.0750964 0.0765686 0.0750103 0.0710575 0.0654612 0.058938 0.0520868 0.0453352 0.0389239 0.0329391 0.0273777 0.0222158 0.0174591 0.0131641 0.00942674 0.00634554 0.00397569
 0.00950306 0.0152709 0.0226697 0.0315209 0.0414575 0.0517988 0.0614999 0.0693698 0.0744866 0.0764939 0.0755768 0.0722322 0.067061 0.0606714 0.0536396 0.0464652 0.0395253 0.0330493 0.0271327 0.0217839 0.0169859 0.0127442 0.0091029 0.00612221 0.00383634
 0.00939668 0.0150944 0.0223968 0.0311238 0.040911 0.0510903 0.0606423 0.0684149 0.073533 0.0756821 0.0750685 0.0721707 0.0675201 0.0616146 0.0549114 0.0478307 0.0407441 0.0339514 0.0276601 0.0219828 0.0169622 0.0126119 0.00894807 0.00599212 0.00374601
 0.0094188 0.0151207 0.0224176 0.0311218 0.0408623 0.0509678 0.0604205 0.0680759 0.0730742 0.0751265 0.0744748 0.0716338 0.0671569 0.0615301 0.0551565 0.0483713 0.0414627 0.0346869 0.0282674 0.0223814 0.0171496 0.0126417 0.00889292 0.00591216 0.00367607
 0.00931809 0.01498 0.0222479 0.0309461 0.0407072 0.0508501 0.0603373 0.0680041 0.0729796 0.0749787 0.0742599 0.0713649 0.0668775 0.0613091 0.0550705 0.0484758 0.0417639 0.0351309 0.0287578 0.0228176 0.0174653 0.0128218 0.00896376 0.00591747 0.00365478
 0.00925508 0.0148779 0.0220964 0.0307394 0.0404491 0.0505599 0.0600509 0.0677662 0.0728264 0.07492 0.0742737 0.0714087 0.0669116 0.0613182 0.0550727 0.0485134 0.0418805 0.0353458 0.0290518 0.0231394 0.0177553 0.0130383 0.00909572 0.00597993 0.00367384
 0.00914988 0.0147121 0.0218567 0.0304176 0.0400447 0.0500836 0.0595296 0.0672449 0.0723636 0.0745761 0.0740938 0.0714084 0.0670722 0.0615946 0.0554131 0.0488792 0.0422557 0.0357303 0.0294447 0.0235266 0.0181088 0.0133287 0.00930625 0.00611279 0.00374596
 0.00918109 0.0147561 0.02191 0.0304713 0.0400854 0.050095 0.0594956 0.0671525 0.0722081 0.074365 0.0738499 0.0711665 0.0668697 0.0614597 0.0553565 0.0488947 0.0423284 0.0358458 0.0295925 0.0236959 0.0182843 0.0134909 0.00943787 0.00620542 0.00380188
 0.00907064 0.0146033 0.0217292 0.0302917 0.0399411 0.050011 0.0594758 0.067179 0.0722498 0.0743914 0.0738418 0.0711213 0.0668005 0.0613901 0.0553119 0.0488941 0.042379 0.0359432 0.0297252 0.0238491 0.0184423 0.013638 0.00956106 0.00629726 0.00386222
 0.00883018 0.0142429 0.021245 0.0297042 0.0392944 0.049367 0.0589069 0.0667564 0.0720263 0.0743838 0.0740247 0.0714379 0.0671848 0.0617891 0.055696 0.0492549 0.0427202 0.0362702 0.0300383 0.0241427 0.0187066 0.0138629 0.00973935 0.00642723 0.00394829
 0.00873557 0.0140721 0.0209586 0.0292598 0.038663 0.048556 0.0579776 0.0658216 0.0712232 0.0738334 0.0737971 0.0715385 0.0675624 0.0623581 0.0563635 0.0499432 0.0433775 0.0368697 0.0305702 0.024604 0.0190956 0.0141778 0.0099805 0.00659943 0.00406147
 0.00893716 0.0143608 0.0213186 0.0296465 0.039009 0.0487845 0.0580201 0.0656348 0.0708057 0.0732358 0.0731166 0.0708935 0.0670564 0.06205 0.056258 0.0500024 0.0435444 0.0370901 0.0308044 0.0248284 0.0192975 0.0143502 0.0101192 0.00670319 0.00413274
 0.0090318 0.0145104 0.0215341 0.0299307 0.0393501 0.0491496 0.0583515 0.0658571 0.0708455 0.0730485 0.0727079 0.0703238 0.0664259 0.0614696 0.0558168 0.049746 0.0434696 0.0371581 0.030961 0.025023 0.0194929 0.0145237 0.0102598 0.00680809 0.00420455
 0.00940433 0.0151044 0.0224041 0.0311128 0.0408467 0.0509091 0.0602507 0.0677026 0.0724057 0.0741065 0.0731143 0.0700298 0.0654907 0.0600435 0.0541056 0.0479639 0.0417959 0.0357098 0.0297889 0.0241258 0.0188387 0.0140688 0.00995945 0.00662138 0.00409638
 0.00885838 0.0142735 0.0212633 0.0296879 0.0392203 0.0492212 0.0586917 0.0664887 0.0717278 0.0740691 0.0736951 0.0710868 0.0668117 0.0614137 0.0553638 0.0490295 0.0426625 0.0364152 0.03038 0.0246346 0.0192758 0.014431 0.0102418 0.00682521 0.00423143
 0.00874323 0.0140666 0.020917 0.0291493 0.0384492 0.0482162 0.0575134 0.0652646 0.07063 0.0732718 0.073329 0.0712044 0.0673734 0.0622998 0.0564108 0.0500781 0.0435985 0.0371872 0.0309901 0.0251125 0.0196536 0.0147301 0.0104724 0.00699354 0.00434511
 0.00823674 0.0132879 0.0198281 0.0277444 0.0367529 0.0462824 0.0554304 0.0631631 0.0686827 0.0716772 0.0722807 0.0708516 0.0677833 0.0634329 0.0581215 0.0521463 0.0457817 0.0392746 0.0328381 0.0266517 0.0208732 0.0156538 0.0111396 0.00744916 0.00463596
 0.00807523 0.0130556 0.0195336 0.027412 0.0364121 0.0459503 0.0550991 0.062799 0.0682399 0.0711223 0.0716188 0.0701447 0.0671477 0.0630097 0.0580288 0.0524327 0.0464069 0.0401259 0.0337732 0.027544 0.0216395 0.0162588 0.0115842 0.00775455 0.00483154
 0.00770961 0.012527 0.0188609 0.0266576 0.0356669 0.0453075 0.0546291 0.0625339 0.0681677 0.0711884 0.0717399 0.0702367 0.0671613 0.0629562 0.0579797 0.0524885 0.0466496 0.0405798 0.0343949 0.028244 0.0223198 0.016845 0.0120395 0.00807658 0.00504002
#obs surv len freq
 0.00496921 0.0081385 0.0123773 0.0176987 0.0239764 0.0308456 0.0376823 0.0437647 0.0485433 0.0518166 0.0537022 0.0544839 0.0544802 0.0539878 0.0532669 0.0525316 0.0519267 0.0514872 0.0510742 0.0503182 0.0486367 0.0453988 0.0402274 0.0332917 0.0253739
 0.00518319 0.00848998 0.012913 0.0184641 0.0250072 0.0321531 0.0392395 0.0455012 0.0503558 0.0535889 0.0553226 0.0558547 0.0555188 0.054625 0.0534475 0.0522176 0.0511054 0.0501788 0.0493389 0.0482593 0.0463978 0.0431518 0.0381484 0.0315275 0.02401
 0.00540907 0.00886094 0.0134784 0.0192728 0.0260987 0.0335431 0.0409045 0.0473721 0.0523266 0.0555355 0.0571225 0.0573988 0.0567166 0.0554042 0.0537514 0.0520032 0.0503456 0.0488713 0.0475211 0.0460222 0.0438928 0.0405799 0.0357285 0.0294495 0.0223905
 0.00563765 0.00923468 0.0140451 0.0200793 0.0271822 0.0349192 0.0425523 0.0492287 0.0542943 0.0574991 0.0589655 0.0590139 0.0580099 0.0562964 0.0541776 0.0519117 0.0496985 0.0476515 0.0457466 0.043767 0.0413011 0.0378619 0.0331277 0.0271872 0.0206107
 0.00589434 0.00965292 0.0146762 0.0209714 0.0283713 0.036414 0.0443203 0.0511912 0.0563387 0.0595009 0.0608084 0.0605997 0.059259 0.0571441 0.0545695 0.0518008 0.0490453 0.0464307 0.0439632 0.0414792 0.0386413 0.0350387 0.0303953 0.0247868 0.0187066
 0.00612989 0.0100426 0.0152753 0.0218351 0.0295438 0.0379106 0.0461094 0.0531891 0.0584223 0.0615332 0.0626625 0.0621722 0.0604723 0.0579431 0.054914 0.0516583 0.0483862 0.0452322 0.0422243 0.0392455 0.03603 0.0322457 0.0276699 0.0223737 0.0167788
 0.00637591 0.0104444 0.0158834 0.0226985 0.030701 0.0393757 0.0478563 0.0551444 0.0604734 0.0635473 0.064508 0.0637343 0.0616623 0.0587002 0.0552021 0.0514571 0.0476829 0.0440188 0.0405071 0.0370674 0.0334965 0.0295367 0.0250198 0.0200178 0.0148884
 0.00661882 0.01084 0.0164801 0.0235416 0.0318239 0.0407862 0.0495229 0.0569919 0.0623933 0.0654189 0.0662163 0.0651806 0.0627667 0.0594025 0.055461 0.0512482 0.0469945 0.0428496 0.0388715 0.0350112 0.0311187 0.0270009 0.0225395 0.0178094 0.0131118
 0.00685259 0.0112274 0.0170763 0.0244011 0.0329884 0.0422649 0.0512743 0.05892 0.0643638 0.0672887 0.0678603 0.0665046 0.0637088 0.0599267 0.0555498 0.0508951 0.0461998 0.0416205 0.0372285 0.0330028 0.028839 0.0245999 0.0202093 0.0157439 0.0114536
 0.00705958 0.0115667 0.0175924 0.0251381 0.0339822 0.0435303 0.0527906 0.0606227 0.0661503 0.0690343 0.0694382 0.0678037 0.0646456 0.0604509 0.0556413 0.0505556 0.0454429 0.0404662 0.0357063 0.0311641 0.0267724 0.0224399 0.0181246 0.0139028 0.00997862
 0.00727301 0.0119169 0.018125 0.0258967 0.0349982 0.0448087 0.0542955 0.0622744 0.0678381 0.0706388 0.070851 0.0689371 0.0654345 0.0608529 0.0556363 0.0501443 0.0446423 0.0393053 0.0342253 0.0294206 0.0248531 0.020466 0.0162428 0.0122557 0.0086674
 0.00742119 0.0121625 0.0185035 0.0264447 0.0357464 0.0457711 0.0554571 0.0635856 0.0692201 0.0719968 0.0720898 0.0699718 0.0661981 0.0612983 0.0557361 0.049889 0.0440379 0.0383722 0.0329994 0.0279577 0.0232349 0.018802 0.0146597 0.0108738 0.00757022
 0.00751886 0.0123195 0.0187374 0.0267719 0.0361822 0.0463264 0.0561348 0.0643761 0.0700988 0.0729247 0.073015 0.0708331 0.0669307 0.0618408 0.0560378 0.0499139 0.0437678 0.0378072 0.0321602 0.0268887 0.0220068 0.0175109 0.0134161 0.0097809 0.00669925
 0.00760535 0.0124569 0.018938 0.0270452 0.0365327 0.0467522 0.0566256 0.064914 0.0706628 0.0734955 0.0735767 0.0713697 0.0674198 0.0622499 0.0563255 0.0500362 0.0436865 0.0374982 0.0316207 0.0261423 0.0211062 0.0165351 0.0124585 0.00892983 0.00601656
 0.00766313 0.0125459 0.019063 0.0272077 0.0367317 0.0469849 0.0568877 0.0651997 0.0709654 0.0738086 0.0738952 0.0716897 0.0677353 0.0625487 0.0565853 0.0502237 0.0437616 0.0374231 0.0313704 0.0257155 0.0205315 0.0158695 0.011777 0.00830732 0.00550824
 0.0077172 0.0126277 0.0191746 0.0273468 0.0368923 0.0471587 0.0570653 0.0653724 0.0711274 0.0739588 0.0740377 0.0718316 0.0678833 0.0627044 0.0567416 0.0503631 0.0438561 0.0374386 0.0312755 0.0254925 0.0201866 0.0154362 0.0113093 0.00786455 0.00513777
 0.00775529 0.0126857 0.0192543 0.0274469 0.0370083 0.0472833 0.0571893 0.0654859 0.0712222 0.0740318 0.0740923 0.071877 0.0679309 0.0627637 0.0568162 0.0504474 0.0439342 0.0374856 0.031263 0.0253977 0.020002 0.015176 0.0110077 0.00756487 0.00487838
 0.00780124 0.0127531 0.0193422 0.0275495 0.0371166 0.0473876 0.0572813 0.0655597 0.0712744 0.0740618 0.0741026 0.0718735 0.067922 0.0627589 0.0568231 0.0504688 0.0439656 0.0375136 0.0312676 0.0253582 0.0199056 0.0150244 0.010819 0.00736789 0.00470151
 0.00784901 0.0128262 0.0194433 0.0276772 0.0372646 0.0475446 0.0574316 0.0656854 0.0713598 0.0740983 0.0740917 0.0718252 0.067851 0.0626801 0.0567491 0.0504081 0.0439208 0.0374806 0.0312357 0.0253129 0.0198341 0.0149224 0.0106935 0.00723498 0.00457987
 0.00786974 0.0128594 0.0194924 0.0277445 0.0373507 0.0476469 0.0575435 0.065796 0.0714557 0.0741672 0.0741255 0.071822 0.0678155 0.0626222 0.0566809 0.0503408 0.0438621 0.037433 0.0311957 0.0252724 0.0197839 0.0148568 0.0106138 0.00714959 0.00450005
 0.00789281 0.0128921 0.0195326 0.0277878 0.0373918 0.0476824 0.0575733 0.065823 0.0714836 0.0741974 0.0741556 0.0718465 0.0678286 0.0626201 0.0566638 0.0503127 0.0438291 0.0374003 0.0311655 0.0252429 0.0197507 0.0148161 0.0105651 0.00709667 0.00444955
 0.00788443 0.0128788 0.0195132 0.0277612 0.0373568 0.0476383 0.0575204 0.0657642 0.0714252 0.0741488 0.0741275 0.0718468 0.0678589 0.0626747 0.0567323 0.0503839 0.0438946 0.0374558 0.0312093 0.0252743 0.0197689 0.0148202 0.0105561 0.0070782 0.00442688
 0.00790412 0.0129038 0.0195381 0.0277767 0.0373529 0.047608 0.0574633 0.065687 0.0713388 0.0740653 0.074057 0.0717976 0.0678367 0.0626821 0.0567673 0.0504397 0.0439616 0.0375239 0.0312707 0.0253238 0.0198041 0.0148408 0.0105634 0.00707524 0.00441798
 0.00790551 0.0129073 0.0195451 0.0277882 0.0373678 0.0476216 0.0574671 0.0656706 0.0712953 0.0739954 0.0739707 0.0717109 0.0677659 0.0626391 0.0567572 0.0504611 0.0440077 0.037585 0.0313361 0.0253844 0.0198535 0.014876 0.0105845 0.00708467 0.00441945
 0.00787845 0.0128627 0.0194772 0.0276925 0.037243 0.0474724 0.0573056 0.0655146 0.0711631 0.0738996 0.073916 0.0716953 0.0677856 0.0626911 0.0568393 0.0505701 0.0441374 0.0377261 0.0314773 0.0255149 0.0199645 0.0149624 0.0106458 0.00712363 0.0044413
 0.00784695 0.0128099 0.019395 0.0275726 0.0370796 0.0472656 0.0570647 0.0652596 0.0709213 0.0737002 0.0737824 0.0716408 0.0678106 0.062786 0.0569884 0.0507564 0.0443452 0.0379413 0.0316872 0.0257074 0.0201299 0.0150947 0.0107433 0.00718949 0.00448161
 0.0078405 0.012796 0.0193676 0.0275238 0.0370007 0.0471501 0.0569111 0.0650734 0.0707152 0.0734931 0.0735968 0.071499 0.067731 0.0627779 0.0570509 0.0508789 0.0445112 0.0381321 0.0318848 0.0258963 0.0202976 0.0152328 0.0108484 0.00726273 0.00452807
 0.00784497 0.0128001 0.0193678 0.0275141 0.036974 0.0470993 0.0568313 0.064963 0.0705772 0.0733351 0.0734317 0.0713437 0.067604 0.0626964 0.0570268 0.0509161 0.0446043 0.038268 0.0320457 0.0260635 0.0204547 0.0153676 0.0109543 0.00733878 0.00457771
 0.00780785 0.012745 0.0192944 0.0274254 0.0368747 0.0469939 0.0567231 0.0648537 0.0704684 0.0732293 0.073333 0.0712582 0.0675394 0.0626614 0.0570296 0.0509627 0.0446957 0.038399 0.0322046 0.0262343 0.0206203 0.0155138 0.011072 0.00742502 0.00463513
 0.00775996 0.0126639 0.0191672 0.0272398 0.0366244 0.0466851 0.0563789 0.0645123 0.0701728 0.0730141 0.0732149 0.0712359 0.0675993 0.0627855 0.0572015 0.0511696 0.0449284 0.0386488 0.0324615 0.0264857 0.0208522 0.0157134 0.0112309 0.00754126 0.00471274
 0.00774361 0.0126329 0.019112 0.0271483 0.0364838 0.0464865 0.0561219 0.0642092 0.0698491 0.0727053 0.0729599 0.071067 0.0675344 0.0628247 0.0573301 0.051365 0.0451673 0.0389112 0.0327307 0.0267471 0.0210924 0.0159206 0.0113971 0.00766413 0.00479576
 0.00931826 0.0148363 0.0217697 0.0298775 0.0388041 0.0479967 0.0566406 0.0638017 0.0687478 0.0711927 0.0712824 0.0694024 0.0659965 0.0614778 0.0562022 0.0504573 0.0444626 0.0383828 0.0323494 0.0264847 0.020923 0.0158203 0.0113444 0.00764077 0.00478808
 0.00931983 0.0151288 0.0227206 0.0319406 0.0423215 0.0529315 0.0624068 0.0693592 0.0729699 0.0733084 0.0711307 0.0673767 0.0627738 0.0577321 0.0524366 0.0469732 0.041404 0.0357967 0.0302307 0.0248032 0.0196357 0.0148763 0.0106872 0.00721047 0.00452552
 0.00897427 0.014588 0.0219672 0.0310288 0.0414287 0.0523919 0.0626705 0.0708307 0.0757645 0.0770724 0.0750853 0.0706125 0.0646285 0.0580198 0.051419 0.0451456 0.0392639 0.033707 0.0283947 0.0233011 0.0184738 0.0140233 0.0100946 0.0068236 0.00429015
 0.00879475 0.0142876 0.0215001 0.0303508 0.0405149 0.0512692 0.0614577 0.0697653 0.0751818 0.0773115 0.076336 0.0727722 0.0672727 0.0605395 0.053266 0.0460417 0.0392556 0.033065 0.027451 0.0223251 0.0176254 0.0133655 0.009628 0.00651777 0.00410479
 0.00870948 0.0141432 0.0212715 0.0300089 0.040031 0.0506233 0.0606524 0.0688417 0.0742361 0.0765044 0.0758792 0.072874 0.0680465 0.0619156 0.0549728 0.047693 0.0405058 0.0337407 0.0275843 0.022086 0.0172176 0.0129475 0.00928573 0.00627613 0.00395304
 0.00869733 0.014116 0.0212162 0.0299071 0.0398615 0.0503661 0.0602937 0.0683786 0.0736813 0.0758936 0.0752813 0.0723974 0.0678253 0.0620675 0.0555377 0.0485873 0.0415326 0.0346637 0.0282259 0.0223896 0.0172415 0.0128082 0.00909482 0.00610535 0.00383054
 0.00870001 0.0141224 0.0212289 0.029928 0.0398882 0.0503885 0.0602918 0.0683246 0.0735469 0.0756607 0.0749524 0.0720038 0.0674305 0.0617614 0.0554138 0.0487053 0.0418825 0.0351567 0.0287266 0.022776 0.0174534 0.0128582 0.00904143 0.0060133 0.00374448
 0.00867433 0.0140835 0.0211757 0.0298621 0.0398141 0.0503129 0.0602223 0.0682665 0.073499 0.0756123 0.0748856 0.0719013 0.0672879 0.0615973 0.0552718 0.048642 0.041943 0.0353482 0.0290083 0.0230741 0.0176959 0.0130059 0.00909692 0.00600701 0.00371198
 0.00868462 0.0140961 0.0211873 0.0298672 0.0398068 0.0502897 0.0601842 0.068219 0.0734497 0.0755674 0.0748456 0.0718598 0.0672345 0.0615243 0.0551827 0.0485565 0.0418922 0.0353605 0.0290919 0.0232095 0.0178439 0.0131277 0.00917155 0.00603606 0.00371116
 0.00864438 0.0140385 0.0211149 0.0297867 0.0397269 0.0502171 0.0601212 0.0681645 0.0734021 0.0755276 0.0748175 0.0718476 0.067239 0.0615411 0.0552044 0.0485785 0.0419177 0.0354002 0.029157 0.0233017 0.0179515 0.0132304 0.00925119 0.00608508 0.00373339
 0.00862729 0.0140074 0.0210624 0.0297055 0.0396129 0.0500743 0.059964 0.0680153 0.0732839 0.0754553 0.074794 0.0718658 0.0672873 0.0616084 0.055282 0.0486597 0.0419988 0.035481 0.0292403 0.02339 0.0180428 0.013317 0.00932364 0.00613687 0.00376422
 0.00865731 0.0140525 0.0211229 0.0297782 0.0396903 0.0501448 0.0600136 0.068031 0.0732585 0.0753914 0.0747041 0.0717673 0.0671958 0.0615331 0.0552255 0.0486206 0.0419745 0.03547 0.0292421 0.0234045 0.0180684 0.0133495 0.00935659 0.00616439 0.00378317
 0.00863596 0.0140234 0.0210895 0.0297469 0.0396686 0.0501379 0.0600217 0.0680484 0.0732758 0.075399 0.0746957 0.071743 0.0671618 0.061499 0.0552002 0.0486093 0.0419781 0.0354861 0.0292676 0.0234365 0.0181042 0.013386 0.00939029 0.00619205 0.00380304
 0.00861478 0.0139884 0.0210363 0.0296723 0.0395728 0.0500271 0.0599089 0.0679516 0.0732119 0.0753769 0.074713 0.0717882 0.0672201 0.0615587 0.055256 0.0486614 0.042029 0.0355381 0.029321 0.0234898 0.0181551 0.0134321 0.00942932 0.00622252 0.00382461
 0.00862816 0.0140086 0.0210636 0.0297052 0.0396078 0.0500585 0.0599299 0.0679558 0.0731968 0.0753453 0.0746729 0.0717486 0.0671874 0.0615341 0.0552372 0.0486454 0.0420151 0.0355276 0.0293161 0.0234918 0.0181635 0.0134449 0.00944385 0.00623613 0.00383555
 0.00862816 0.0140086 0.0210636 0.0297052 0.0396078 0.0500585 0.0599299 0.0679558 0.0731968 0.0753453 0.0746729 0.0717486 0.0671874 0.0615341 0.0552372 0.0486454 0.0420151 0.0355276 0.0293161 0.0234918 0.0181635 0.0134449 0.00944385 0.00623613 0.00383555
 0.00891048 0.0144544 0.0217077 0.0305652 0.0406738 0.0512804 0.0612091 0.0691517 0.0741546 0.0759377 0.0748334 0.0714827 0.0665618 0.0606523 0.0542125 0.0475807 0.0409908 0.034599 0.028516 0.022835 0.0176505 0.0130653 0.00917939 0.00606392 0.0037315
 0.00823896 0.0134258 0.0202819 0.0287591 0.03857 0.0490319 0.0590359 0.0673169 0.0729088 0.0754481 0.0751338 0.0724724 0.0680482 0.0624115 0.0560419 0.0493286 0.0425632 0.0359512 0.0296371 0.0237335 0.0183456 0.0135815 0.00954425 0.00630712 0.00388282
 0.00834813 0.0135188 0.0202674 0.0285047 0.037943 0.0479615 0.0575655 0.0656131 0.071219 0.0740298 0.0741897 0.072111 0.0682724 0.0631327 0.0571101 0.0505728 0.0438289 0.0371243 0.0306506 0.0245612 0.0189889 0.0140578 0.00987921 0.00652917 0.00402038
 0.00799396 0.0129883 0.0195493 0.0276076 0.0368789 0.0467275 0.0561434 0.0639973 0.0694622 0.0722766 0.0726678 0.0710745 0.0679209 0.0635448 0.0582234 0.0522109 0.0457573 0.0391101 0.032506 0.0261642 0.0202827 0.0150378 0.0105758 0.0069923 0.00430667
 0.00822898 0.0133263 0.0199764 0.0280831 0.0373457 0.047127 0.0564223 0.0641012 0.069326 0.0718308 0.0718721 0.0699647 0.0666356 0.0623037 0.0572576 0.0516819 0.0457072 0.0394642 0.0331182 0.0268744 0.0209616 0.0156067 0.011005 0.00728723 0.00449219
 0.00836352 0.0135777 0.0204112 0.0287724 0.0383349 0.0483949 0.0578529 0.0654945 0.070451 0.0724939 0.071963 0.069467 0.0656163 0.060902 0.0556717 0.0501383 0.0444096 0.0385397 0.0325907 0.0266783 0.0209845 0.0157358 0.0111568 0.00741619 0.00458319
#pred catch len freq
 0.00590019 0.00923107 0.0132548 0.0177802 0.0226694 0.0278355 0.0331562 0.0384193 0.0433598 0.0477381 0.0513874 0.0542222 0.0562332 0.0574725 0.0580225 0.0579618 0.0573438 0.0561858 0.054451 0.0520142 0.048644 0.0440661 0.0381378 0.0310588 0.0234544
 0.00625816 0.00971801 0.0138176 0.0183253 0.0231085 0.0281465 0.0334186 0.0387875 0.0439798 0.0486547 0.0525006 0.0553194 0.0570755 0.0578874 0.0579605 0.0574974 0.0566287 0.055377 0.0536456 0.0512222 0.047814 0.0431462 0.0371321 0.030042 0.0225366
 0.0068239 0.0105744 0.0149836 0.0197644 0.0247254 0.0297961 0.0349283 0.0400005 0.044814 0.0491433 0.0527731 0.0555185 0.0572618 0.0579992 0.0578572 0.0570509 0.0557977 0.0542209 0.0522805 0.0497599 0.0463266 0.0416746 0.0357195 0.0287544 0.0214512
 0.00721166 0.0111952 0.0158999 0.0210274 0.0263637 0.0317956 0.0372071 0.0423934 0.0470866 0.0510427 0.0541016 0.0561964 0.0573407 0.0576116 0.0571314 0.05605 0.0545214 0.0526562 0.050453 0.0477478 0.044241 0.0396335 0.0338334 0.0271199 0.0201389
 0.00761506 0.0118141 0.0167662 0.0221553 0.0277602 0.0334712 0.0391717 0.0446334 0.0495299 0.053533 0.0564026 0.0580378 0.058494 0.0579603 0.0566945 0.0549461 0.0528999 0.0506451 0.0481506 0.0452482 0.0416607 0.0371158 0.03153 0.0251607 0.0186037
 0.00807612 0.0125156 0.0177335 0.0233835 0.0292222 0.0351312 0.0409943 0.0465843 0.0515721 0.0556167 0.0584474 0.059914 0.0600203 0.0589337 0.0569474 0.054401 0.0515895 0.0486892 0.0457132 0.042506 0.0387946 0.0343126 0.0289724 0.0230004 0.0169289
 0.00849409 0.0131636 0.0186502 0.0245849 0.0307012 0.036858 0.0429138 0.0486156 0.0536175 0.0575786 0.0602428 0.0614742 0.0612772 0.0598008 0.0573148 0.0541552 0.0506534 0.0470598 0.0434767 0.039826 0.0358863 0.0314125 0.0263063 0.0207474 0.0151891
 0.00892655 0.0138273 0.0195774 0.0257833 0.0321599 0.038554 0.0448106 0.0506552 0.0557121 0.0596131 0.0620892 0.0630137 0.0624181 0.0604837 0.0575005 0.0538079 0.0497352 0.0455485 0.041398 0.0372808 0.0330552 0.0285325 0.0236244 0.0184669 0.0134261
 0.00922052 0.0142914 0.0202506 0.0266942 0.0333238 0.0399685 0.0464485 0.0524596 0.0575995 0.0614827 0.0638324 0.0645217 0.0635902 0.0612371 0.0577776 0.0535755 0.048978 0.0442656 0.0396136 0.035067 0.0305507 0.025939 0.0211717 0.0163573 0.0117832
 0.00944426 0.0146454 0.0207667 0.027399 0.0342383 0.0411056 0.0478053 0.0540075 0.0592781 0.0632011 0.0654782 0.0659767 0.0647463 0.0620084 0.0581056 0.0534273 0.0483422 0.0431498 0.0380489 0.0331204 0.0283407 0.0236369 0.0189781 0.0144561 0.0102932
 0.00976347 0.0151237 0.021412 0.028196 0.0351581 0.042121 0.0488993 0.0551706 0.0604969 0.0644461 0.0666974 0.0670965 0.0656801 0.0626704 0.0584233 0.0533506 0.0478454 0.0422318 0.036735 0.0314698 0.0264556 0.0216634 0.0170882 0.0128094 0.00899603
 0.0101187 0.0156637 0.0221548 0.0291324 0.0362557 0.0433298 0.0501582 0.0564117 0.0616547 0.065469 0.0675538 0.0677702 0.066159 0.0629356 0.0584463 0.0530977 0.0472877 0.0413546 0.0355471 0.0300133 0.0248123 0.019954 0.0154558 0.0113882 0.0078757
 0.0103114 0.0159662 0.0225901 0.0297157 0.0369922 0.0442126 0.0511619 0.0574889 0.0627377 0.0664799 0.0684193 0.0684358 0.0665965 0.06314 0.0584247 0.0528559 0.0468229 0.040659 0.0346199 0.028876 0.0235207 0.0186 0.0141536 0.0102475 0.00697172
 0.0104093 0.0161223 0.02282 0.0300339 0.0374118 0.0447439 0.0518081 0.0582401 0.0635659 0.0673371 0.0692412 0.0691512 0.0671413 0.0634702 0.058522 0.0527239 0.0464762 0.0401135 0.033891 0.0279865 0.0225128 0.0175417 0.0131319 0.00934825 0.0062559
 0.0104895 0.0162401 0.022975 0.0302202 0.0376236 0.0449825 0.0520861 0.058578 0.0639824 0.0678367 0.0698054 0.0697378 0.0676906 0.0639181 0.0588135 0.0528235 0.0463711 0.0398098 0.0334079 0.0273535 0.0217723 0.0167511 0.0123604 0.00866368 0.00570715
 0.0104278 0.0161511 0.0228621 0.0300932 0.0374961 0.0448676 0.051995 0.0585229 0.0639815 0.0679163 0.0699942 0.0700533 0.0681256 0.0644336 0.0593449 0.0532956 0.0467169 0.039984 0.0333928 0.0271583 0.0214297 0.0163126 0.0118884 0.00821937 0.00533713
 0.0103414 0.0160292 0.0227127 0.029936 0.037357 0.0447703 0.0519534 0.0585387 0.0640472 0.0680209 0.0701305 0.0702222 0.0683351 0.0646907 0.0596441 0.0536115 0.0470058 0.0401959 0.033487 0.0271156 0.0212582 0.0160451 0.0115733 0.00790796 0.00507013
 0.010332 0.0160017 0.02265 0.0298173 0.0371668 0.0445101 0.0516502 0.0582416 0.0638118 0.0678902 0.0701216 0.0703273 0.0685319 0.0649543 0.059953 0.0539453 0.0473392 0.0404956 0.0337161 0.0272447 0.0212758 0.0159632 0.0114239 0.00773201 0.00490452
 0.0104569 0.0161702 0.0228388 0.029981 0.037248 0.044457 0.051435 0.0578719 0.0633322 0.0673748 0.0696574 0.0699919 0.0683728 0.0649794 0.0601358 0.0542393 0.0476922 0.0408575 0.0340423 0.0274991 0.0214366 0.0160281 0.0114097 0.00766863 0.00482363
 0.0106043 0.0163919 0.0231376 0.0303438 0.0376439 0.0448384 0.0517409 0.0580367 0.0633034 0.0671333 0.0692312 0.0694536 0.0678197 0.0645052 0.0598048 0.0540741 0.0476762 0.0409478 0.0341861 0.0276469 0.0215515 0.0160909 0.0114202 0.00764061 0.00477725
 0.0107249 0.0165758 0.0233917 0.0306664 0.0380252 0.0452611 0.0521782 0.0584493 0.0636385 0.0673318 0.0692424 0.0692547 0.0674303 0.0639882 0.0592499 0.0535702 0.0472854 0.0406926 0.0340519 0.0275964 0.0215422 0.016089 0.0114074 0.00761378 0.00474265
 0.0107346 0.0165995 0.0234423 0.0307613 0.0381825 0.0454933 0.0524858 0.0588169 0.0640348 0.0677119 0.0695532 0.0694424 0.0674536 0.0638326 0.058938 0.0531589 0.0468495 0.0403008 0.0337467 0.0273877 0.0214138 0.0160132 0.0113588 0.00757669 0.00471118
 0.0105652 0.0163543 0.02313 0.0304113 0.0378398 0.0452078 0.0523021 0.0587679 0.0641367 0.0679596 0.0699173 0.0698717 0.0678833 0.0641982 0.0591912 0.0532805 0.0468536 0.0402275 0.0336452 0.0272972 0.0213533 0.0159822 0.0113465 0.00757145 0.00470627
 0.0104271 0.016145 0.022844 0.0300551 0.0374319 0.044778 0.0518903 0.0584218 0.0639055 0.0678834 0.0700158 0.0701372 0.0682797 0.0646673 0.0596648 0.0536967 0.047172 0.0404373 0.0337623 0.0273527 0.0213782 0.0159971 0.0113596 0.0075829 0.00471427
 0.0102944 0.0159499 0.0225883 0.0297533 0.0371062 0.0444505 0.051579 0.0581415 0.0636728 0.0677201 0.0699478 0.0701868 0.0684563 0.0649593 0.0600381 0.0541013 0.0475548 0.0407569 0.0339986 0.0275083 0.021471 0.0160495 0.0113894 0.00760077 0.00472516
 0.0102479 0.0158657 0.0224466 0.0295323 0.0367895 0.0440377 0.0510939 0.057631 0.0631959 0.0673322 0.0696895 0.0700814 0.0685115 0.0651692 0.0603818 0.0545417 0.0480419 0.0412364 0.0344246 0.0278528 0.0217271 0.0162263 0.0115044 0.00767186 0.00476698
 0.0103132 0.0159554 0.0225498 0.0296257 0.0368398 0.044009 0.0509558 0.0573691 0.0628197 0.0668793 0.0692209 0.0696669 0.0682116 0.0650212 0.0603953 0.0547012 0.0483126 0.0415715 0.0347745 0.0281746 0.0219925 0.0164249 0.0116404 0.00775777 0.00481731
 0.0102968 0.0159377 0.022539 0.0296329 0.0368737 0.0440672 0.0510197 0.0574045 0.0627873 0.0667496 0.0689884 0.0693565 0.0678747 0.064721 0.0601886 0.0546226 0.048367 0.0417367 0.0350102 0.0284347 0.0222369 0.0166273 0.0117903 0.00785816 0.00487836
