SBPRF35
10.1332
Curr Bio
661035
B35
672217
F35
0.188248
FOFL
0.185824
OFL
98928
Bzero
2.89521e+06
#pred survey bio
 2.94335e+06 3.15526e+06 3.38418e+06 3.43807e+06 3.07712e+06 2.79587e+06 2.49622e+06 2.20039e+06 1.88004e+06 1.53283e+06 1.33995e+06 1.19985e+06 1.06916e+06 990652 902329 823298 731385 647124 622366 616598 603834 556641 540844 531395 517535 506786 512133 524435 526828 528866 551789 592509 612838 574129 502650 454895 446943 466324 510031 548352 570281 561431 562633 567768 542360 532820 535802 514554 504680 526920 552337 589674 599183 608146 616348 636204 669480 2.35381e+07 1.46176e+07 1.53064e+07 1.62759e+07 1.73691e+07 1.84424e+07 1.94055e+07 2.02184e+07 2.08757e+07 2.13916e+07 2.17881e+07 2.20888e+07 2.23148e+07 2.2484e+07 2.26104e+07 2.27049e+07 2.27758e+07 2.28291e+07 2.28694e+07 2.29e+07 2.29233e+07 2.29412e+07 2.29551e+07 2.29657e+07 2.2974e+07 2.29805e+07 2.29856e+07 2.29895e+07 2.29927e+07 2.29951e+07 2.29971e+07 2.29986e+07 2.29998e+07 2.30008e+07 2.30015e+07 2.30022e+07 2.30026e+07 2.3003e+07 2.30033e+07 2.30036e+07 2.30038e+07 2.30039e+07 2.30041e+07 2.30042e+07 2.30042e+07 2.30043e+07 2.30044e+07 2.30044e+07 2.30044e+07 2.30045e+07 2.30045e+07 2.30045e+07 2.30045e+07 2.30045e+07 2.30045e+07 2.30045e+07 2.30045e+07 2.30045e+07 2.30045e+07 2.30045e+07 2.30046e+07 2.30046e+07 2.30046e+07 2.30046e+07 2.30046e+07 2.30046e+07 2.30046e+07 2.30046e+07 2.30046e+07 2.30046e+07 2.30046e+07 2.30046e+07 2.30046e+07 2.30046e+07 2.30046e+07 2.30046e+07 2.30046e+07 2.30046e+07 2.30046e+07 2.30046e+07 2.30046e+07 2.30046e+07 2.30046e+07 2.30046e+07 2.30046e+07 2.30046e+07 2.30046e+07 2.30046e+07 2.30046e+07 2.30046e+07 2.30046e+07 2.30046e+07 2.30046e+07 2.30046e+07 2.30046e+07 2.30046e+07 2.30046e+07 2.30046e+07 2.30046e+07 2.30046e+07 0 0 0 0 0 0 0 0 0 0 0 0 0 0 0 0 0 0 0 0 0 0 0 0 0
#obs survey bio
 2.89885e+06 3.05602e+06 3.7048e+06 4.23263e+06 2.975e+06 3.24816e+06 2.26414e+06 2.34339e+06 1.91144e+06 1.40173e+06 1.41756e+06 1.45516e+06 1.17498e+06 844872 667448 1.00046e+06 658792 638818 550696 667883 651821 566919 439834 519193 408097 535331 533401 584922 652300 509434 410501 559423 715017 797856 365564 418987 436532 450165 380791 755761 656286 527993 462190 560797 477713 467365 605808 415465 496434 524512 589800 686442 548357 666824 521528 598826 591153
#pred catch bio
 88297.6 94561.3 156331 212679 212004 280307 285681 286479 302161 299009 282683 279423 242980 253959 236435 220090 205359 156699 140048 129110 133020 122795 120176 114803 103893 100946 104184 103086 98195.4 102625 95602.4 102019 104134 98318 93117.5 84894 85923.6 80127.4 88370.1 80385.8 84291.3 88502.2 93353.6 94849.8 96281.1 94797 96510.5 92777.9 85400.2 89114.5 79107.4 96730.7 99042.5 93467 92934.3 74173.5 106620 98928 103257 107133 113113 120252 127274 133481 138599 142615 145652 147886 149495 150633 151429 151979 152356 152613 152787 152904 152983 153036 153072 153095 153111 153122 153128 153133 153136 153138 153140 153140 153141 153141 153142 153142 153142 153142 153142 153142 153142 153142 153142 153142 153142 153142 153142 153142 153142 153142 153142 153142 153142 153142 153142 153142 153142 153142 153142 153142 153142 153142 153142 153142 153142 153142 153142 153142 153142 153142 153142 153142 153142 153142 153142 153142 153142 153142 153142 153142 153142 153142 153142 153142 153142 153142 153142 153142 153142 153142 153142 153142 153142 153142 153142 153142 153142 153142 153142 153142 153142 0 0 0 0 0 0 0 0 0 0 0 0 0 0 0 0 0 0 0 0 0 0 0 0 0
#obs catch bio
 0 94308.3 156566 212761 211553 280904 285758 286259 301458 300108 283125 279621 242912 254667 237158 219402 205501 156823 140395 128985 132581 122992 120414 114835 103641 100944 104514 103025 97854.4 103012 95714.8 102172 103982 98122.1 93122.9 84908 86232.1 80176.7 88624.1 80210.6 84145.6 88519.1 93515.6 94666.1 96355.8 94945.6 96407.1 92760.5 85457.3 89283.6 78922.6 96783.1 99140.4 93365.2 93174.2 73795.6 106908
#pred cpue bio
 2.91164e+06 3.12171e+06 3.34664e+06 3.3982e+06 3.03983e+06 2.75955e+06 2.46103e+06 2.16679e+06 1.84891e+06 1.50501e+06 1.31306e+06 1.17356e+06 1.04352e+06 964956 876960 798539 708114 625294 600802 594975 582599 536780 521281 512089 498767 488417 493544 505468 507905 509941 532000 571545 591466 554386 485638 439351 430612 447681 488981 525770 547334 539123 540294 545296 521030 511756 514672 494371 484746 506125 530651 567035 576322 584700 592516 611594 644160 2.26479e+07 1.4069e+07 1.46673e+07 1.55704e+07 1.66482e+07 1.77189e+07 1.86816e+07 1.94945e+07 2.01518e+07 2.06677e+07 2.10642e+07 2.13649e+07 2.15909e+07 2.17601e+07 2.18865e+07 2.1981e+07 2.20519e+07 2.21052e+07 2.21455e+07 2.21761e+07 2.21994e+07 2.22173e+07 2.22311e+07 2.22418e+07 2.22501e+07 2.22566e+07 2.22617e+07 2.22656e+07 2.22688e+07 2.22712e+07 2.22732e+07 2.22747e+07 2.22759e+07 2.22769e+07 2.22776e+07 2.22783e+07 2.22787e+07 2.22791e+07 2.22794e+07 2.22797e+07 2.22799e+07 2.228e+07 2.22802e+07 2.22803e+07 2.22803e+07 2.22804e+07 2.22805e+07 2.22805e+07 2.22805e+07 2.22806e+07 2.22806e+07 2.22806e+07 2.22806e+07 2.22806e+07 2.22806e+07 2.22806e+07 2.22806e+07 2.22806e+07 2.22806e+07 2.22806e+07 2.22806e+07 2.22807e+07 2.22807e+07 2.22807e+07 2.22807e+07 2.22807e+07 2.22807e+07 2.22807e+07 2.22807e+07 2.22807e+07 2.22807e+07 2.22807e+07 2.22807e+07 2.22807e+07 2.22807e+07 2.22807e+07 2.22807e+07 2.22807e+07 2.22807e+07 2.22807e+07 2.22807e+07 2.22807e+07 2.22807e+07 2.22807e+07 2.22807e+07 2.22807e+07 2.22807e+07 2.22807e+07 2.22807e+07 2.22807e+07 2.22807e+07 2.22807e+07 2.22807e+07 2.22807e+07 2.22807e+07 2.22807e+07 2.22807e+07 2.22807e+07 2.22807e+07 2.22807e+07 0 0 0 0 0 0 0 0 0 0 0 0 0 0 0 0 0 0 0 0 0 0 0 0 0
#obs cpue bio
 3.278e+06 2.25995e+06 3.63097e+06 4.70237e+06 2.3098e+06 2.29323e+06 2.67981e+06 2.14917e+06 2.32589e+06 1.06788e+06 1.29831e+06 1.08358e+06 871178 1.06556e+06 1.07568e+06 888973 726855 543718 612259 628770 709995 381341 625085 575558 722018 405382 391993 564328 489957 357498 693930 622773 645513 425080 619197 439856 369621 463900 640584 462112 523122 503247 580280 723476 506258 513762 575737 589339 415723 526588 515072 524620 573826 589374 602548 763400 684265
#pred surv len freq
 0.00424799 0.00701009 0.0107608 0.0155468 0.0212813 0.0276478 0.0340867 0.0399527 0.0447651 0.0483627 0.0508637 0.0525117 0.0535449 0.0541421 0.0544231 0.0544695 0.0543473 0.0541088 0.0537414 0.0530639 0.0516409 0.0488396 0.0441054 0.0373504 0.029185
 0.00464072 0.0075296 0.0113261 0.0160179 0.0215083 0.0275435 0.0336766 0.039365 0.0441644 0.0478699 0.0505146 0.0522735 0.0533692 0.0540148 0.0543806 0.0545771 0.0546543 0.0546034 0.0543304 0.0535926 0.0519496 0.0488329 0.0437943 0.0368425 0.0286283
 0.00462563 0.00760542 0.0116159 0.0166721 0.022635 0.029117 0.0354852 0.0410561 0.0453836 0.0484144 0.0504005 0.0516835 0.0525325 0.0531113 0.0535156 0.0538082 0.0540198 0.0541217 0.0539769 0.0532876 0.0515818 0.0483137 0.0431088 0.0360604 0.0278673
 0.00472926 0.00774018 0.011765 0.0168213 0.0228039 0.0293881 0.035999 0.0419473 0.0466799 0.0499642 0.0518997 0.0528009 0.0530577 0.0530271 0.0529633 0.052992 0.0531226 0.0532636 0.0532078 0.0525942 0.0509089 0.0476015 0.0423355 0.035263 0.0271241
 0.00502206 0.00819413 0.0124042 0.0176464 0.0237865 0.0304708 0.0371067 0.0430148 0.0476846 0.0509337 0.0528708 0.0537495 0.0538599 0.0534957 0.0529432 0.0524433 0.0521338 0.0519968 0.0518231 0.0511989 0.0495499 0.0462921 0.0410925 0.0341286 0.026158
 0.00515933 0.0084512 0.0128522 0.0183683 0.0248516 0.0318974 0.0388301 0.0448859 0.0495088 0.0525349 0.0541455 0.0546798 0.054477 0.0538191 0.0529397 0.0520405 0.0512765 0.0507004 0.0501828 0.0493548 0.0476416 0.0444349 0.0393793 0.0326379 0.0249506
 0.00535676 0.00877315 0.013341 0.0190704 0.0258159 0.0331676 0.0404273 0.0467861 0.0516226 0.0547044 0.0561671 0.0563526 0.0556556 0.0544407 0.0530092 0.0515877 0.0503244 0.0492689 0.0483188 0.0471577 0.0452624 0.0420513 0.0371643 0.0307323 0.0234417
 0.00554488 0.00908692 0.0138279 0.0197795 0.0267887 0.0344237 0.0419522 0.04853 0.0535113 0.0566517 0.058076 0.0581071 0.0571187 0.0554725 0.0534971 0.05147 0.0495916 0.0479511 0.0464779 0.0448954 0.0427308 0.0394483 0.0347044 0.0286024 0.0217598
 0.00570954 0.00936666 0.0142716 0.0204414 0.0277182 0.0356487 0.0434622 0.0502687 0.0553863 0.0585544 0.0599011 0.0597616 0.0585188 0.0565331 0.0541267 0.0515786 0.0491087 0.0468462 0.0447761 0.0426858 0.0401702 0.0367515 0.0321137 0.0263367 0.0199635
 0.0059463 0.00975762 0.0148714 0.0213051 0.0288911 0.0371491 0.0452638 0.0522934 0.0575135 0.0606445 0.0618198 0.0613973 0.05979 0.0573854 0.0545212 0.0514769 0.0484681 0.0456298 0.0429782 0.0403622 0.0374587 0.0338689 0.0293208 0.0238789 0.0180079
 0.00611654 0.0100653 0.0153914 0.0221256 0.0300929 0.0387731 0.0472807 0.0545953 0.0599353 0.063001 0.0639412 0.0631496 0.0610817 0.0581649 0.0547678 0.0511863 0.0476384 0.0442569 0.0410686 0.0379625 0.0346864 0.0309237 0.026458 0.0213491 0.0159878
 0.00634269 0.0104208 0.0159063 0.0228266 0.0310069 0.0399289 0.0487016 0.0562824 0.0618476 0.0650435 0.0659701 0.0649961 0.0625862 0.0592057 0.0552725 0.0511264 0.0470131 0.0430795 0.039366 0.0357915 0.0321587 0.0282203 0.0238125 0.018996 0.0140981
 0.0066504 0.0109187 0.0166495 0.0238601 0.0323524 0.0415669 0.0505596 0.0582421 0.0637756 0.0668277 0.0675373 0.0663017 0.0635893 0.0598533 0.0555037 0.0508874 0.0462709 0.0418281 0.0376284 0.0336279 0.0296808 0.0255995 0.0212649 0.0167375 0.0122863
 0.00677945 0.0111465 0.0170258 0.024443 0.0331959 0.0427004 0.0519674 0.0598549 0.0654805 0.0684939 0.0690446 0.0675612 0.0645489 0.0604876 0.0557952 0.0508121 0.0457971 0.0409279 0.0362965 0.0319002 0.027649 0.0234143 0.0191179 0.0148201 0.0107398
 0.00695432 0.0114414 0.0174898 0.025129 0.0341504 0.0439465 0.053486 0.0615755 0.067288 0.0702475 0.0706024 0.0688026 0.0653924 0.0608993 0.0557821 0.050404 0.0450248 0.0398121 0.0348536 0.0301631 0.0256903 0.0213576 0.0171256 0.0130565 0.00932509
 0.0070756 0.0116464 0.0178134 0.0256102 0.0348264 0.0448413 0.0545989 0.062873 0.0687049 0.0716947 0.0719766 0.0699976 0.0663118 0.061469 0.0559614 0.0501866 0.0444314 0.0388775 0.0336183 0.0286769 0.0240257 0.0196204 0.0154491 0.0115752 0.00813771
 0.00724503 0.0119135 0.0182001 0.0261325 0.0354927 0.0456507 0.0555366 0.063908 0.0697912 0.0727767 0.0729943 0.0708901 0.0670189 0.0619352 0.056141 0.0500504 0.0439713 0.038107 0.0325712 0.0274057 0.0226044 0.0181464 0.0140364 0.010334 0.00714665
 0.00754369 0.012379 0.0188623 0.0270029 0.0365601 0.0468763 0.0568506 0.0652141 0.0709846 0.0737685 0.0737302 0.071353 0.0672174 0.0618878 0.0558635 0.0495518 0.0432563 0.0371837 0.0314587 0.0261421 0.0212505 0.0167849 0.0127622 0.00923473 0.00628115
 0.00766731 0.0125583 0.0190926 0.0272678 0.0368385 0.0471537 0.0571263 0.0655015 0.071303 0.074133 0.0741433 0.0717999 0.0676675 0.0622989 0.0561879 0.0497428 0.0432739 0.0370003 0.0310659 0.0255557 0.0205143 0.0159678 0.0119476 0.0085029 0.00568938
 0.00772616 0.0126461 0.0192094 0.0274064 0.0369845 0.0472868 0.0572251 0.0655511 0.0713056 0.0741142 0.0741476 0.0718756 0.067845 0.0625758 0.0565279 0.0500854 0.0435508 0.037151 0.0310494 0.025359 0.0201564 0.0154973 0.0114323 0.00801272 0.00527848
 0.00773409 0.0126544 0.0192133 0.0273987 0.0369574 0.0472345 0.0571466 0.0654509 0.071193 0.0740035 0.0740594 0.0718366 0.0678844 0.0627156 0.0567705 0.0504064 0.0439001 0.0374644 0.0312657 0.025437 0.0200856 0.0153003 0.0111573 0.00771745 0.00501289
 0.0078355 0.0128161 0.0194497 0.0277182 0.0373571 0.0476945 0.0576255 0.0658896 0.0715277 0.0741847 0.0740661 0.0716817 0.06761 0.0623812 0.0564383 0.0501243 0.0436896 0.0373158 0.0311458 0.0253048 0.0199113 0.015077 0.0109024 0.00746285 0.00479046
 0.00779222 0.0127669 0.0194148 0.0277296 0.0374498 0.047893 0.0579311 0.0662756 0.0719452 0.0745737 0.0743699 0.0718588 0.0676431 0.0622814 0.0562407 0.049878 0.0434415 0.0370968 0.0309632 0.0251459 0.0197552 0.0149093 0.0107233 0.00728621 0.00463479
 0.0077929 0.0127575 0.0193829 0.0276616 0.03734 0.0477545 0.0578016 0.0662092 0.0719909 0.0747509 0.0746563 0.072197 0.0679623 0.062522 0.0563713 0.0498992 0.0433791 0.0369868 0.030837 0.0250208 0.0196343 0.014789 0.0106022 0.00716931 0.0045315
 0.00792498 0.0129403 0.0195985 0.0278717 0.0374956 0.047812 0.0577386 0.0660344 0.071744 0.0744942 0.0744562 0.0721026 0.0679868 0.0626389 0.0565281 0.0500411 0.0434692 0.0370144 0.0308121 0.024962 0.0195582 0.014706 0.0105183 0.00708982 0.00446207
 0.00796975 0.0130143 0.0197102 0.0280252 0.0376838 0.0480095 0.0579006 0.0661061 0.0716825 0.074292 0.0741519 0.0717702 0.0677081 0.0624726 0.0564911 0.0501088 0.0435927 0.0371433 0.030912 0.0250194 0.0195758 0.0146942 0.0104887 0.00705247 0.00442499
 0.0078932 0.0129089 0.019587 0.0279072 0.0375999 0.0479847 0.0579453 0.0662103 0.0718161 0.0744119 0.0742169 0.0717574 0.0676255 0.0623576 0.0563937 0.0500684 0.0436217 0.0372262 0.0310172 0.0251164 0.0196457 0.0147322 0.0104998 0.00704621 0.00441063
 0.00788517 0.012885 0.0195325 0.0278052 0.0374401 0.0477748 0.0577174 0.066015 0.0717033 0.0744083 0.0743127 0.0719114 0.0677852 0.0624827 0.0564715 0.050113 0.0436599 0.0372794 0.0310908 0.0252004 0.0197237 0.0147914 0.0105358 0.00706211 0.00441329
 0.00796516 0.0129934 0.0196549 0.0279131 0.0374971 0.0477477 0.0575882 0.0657895 0.0714133 0.0741062 0.0740577 0.0717503 0.0677357 0.0625294 0.0565769 0.0502383 0.0437804 0.0373883 0.0311913 0.0252952 0.0198103 0.0148635 0.0105886 0.00709511 0.00443023
 0.00797313 0.013011 0.0196889 0.0279694 0.0375751 0.0478339 0.0576535 0.0657954 0.0713274 0.0739199 0.0737958 0.0714657 0.0674903 0.0623717 0.0565263 0.0502832 0.0438897 0.0375275 0.0313343 0.0254272 0.0199244 0.0149563 0.0106584 0.0071427 0.00445901
 0.00798472 0.0130315 0.0197229 0.0280228 0.037654 0.047942 0.0577888 0.0659454 0.0714675 0.0740161 0.0738145 0.0713879 0.0673236 0.0621506 0.0563006 0.050098 0.0437706 0.0374759 0.0313347 0.0254585 0.0199681 0.015 0.0106952 0.00716976 0.00447646
 0.00789564 0.0128857 0.0195029 0.0277146 0.0372541 0.0474661 0.0572779 0.0654633 0.0710854 0.0737906 0.0737692 0.0715077 0.0675642 0.0624577 0.0566291 0.0504232 0.0440856 0.0377817 0.0316294 0.0257336 0.0202112 0.0152004 0.0108481 0.00727713 0.00454545
 0.00777813 0.0127092 0.0192637 0.0274178 0.0369104 0.0470876 0.0568774 0.0650578 0.0707011 0.0734649 0.0735452 0.0714222 0.0676335 0.0626705 0.0569501 0.0508059 0.0444876 0.0381734 0.031994 0.0260613 0.0204946 0.0154332 0.0110272 0.00740461 0.00462862
 0.00762732 0.0124818 0.0189552 0.0270372 0.036479 0.0466357 0.05644 0.0646699 0.070391 0.0732484 0.0734259 0.0713979 0.0677034 0.0628362 0.0572094 0.0511456 0.0448818 0.0385891 0.0323998 0.0264328 0.020816 0.0156959 0.0112289 0.00754864 0.00472332
 0.00774283 0.0126237 0.019085 0.0270934 0.0363973 0.0463788 0.0560206 0.0641506 0.0698605 0.0727881 0.0730858 0.0711924 0.0676221 0.06286 0.0573214 0.0513333 0.0451326 0.0388855 0.0327181 0.0267469 0.0211025 0.0159383 0.011419 0.00768634 0.00481496
 0.00851312 0.0137438 0.0205226 0.0287258 0.0380361 0.0478167 0.0570768 0.0647005 0.0698547 0.0722619 0.0721521 0.0700111 0.066356 0.061638 0.0562242 0.0503998 0.0443744 0.0382983 0.0322872 0.0264498 0.0209118 0.0158255 0.0113585 0.00765766 0.00480354
 0.00915302 0.0147754 0.0220498 0.0308151 0.0406742 0.0508601 0.0602222 0.06752 0.0719063 0.0732321 0.0719513 0.0687758 0.0643726 0.0592401 0.0537105 0.0479918 0.0422096 0.0364449 0.0307652 0.0252489 0.0200033 0.0151698 0.0109097 0.00736863 0.00462975
 0.00915256 0.0148663 0.0223561 0.0315085 0.0419298 0.0527829 0.0627759 0.0704953 0.0749472 0.075911 0.0738679 0.0696537 0.0641254 0.0579825 0.0517101 0.0455821 0.0397044 0.0340833 0.0286956 0.0235404 0.0186671 0.0141795 0.0102169 0.00691392 0.00435185
 0.00892088 0.0145017 0.0218377 0.0308457 0.0411851 0.0520936 0.0623541 0.0705841 0.0757311 0.0774164 0.075913 0.0718833 0.0661198 0.0593897 0.0523437 0.0454511 0.0389747 0.0329983 0.0274955 0.0224087 0.017712 0.0134422 0.0096912 0.00656678 0.00413997
 0.00883703 0.014354 0.0215945 0.0304724 0.0406548 0.051407 0.0615615 0.0697994 0.0751259 0.0771851 0.0762118 0.0727605 0.0674704 0.060966 0.0538291 0.0465665 0.0395664 0.0330682 0.0271683 0.0218632 0.0171148 0.0129085 0.00927644 0.00627891 0.00395944
 0.00878698 0.0142508 0.0213993 0.0301358 0.0401302 0.0506701 0.060631 0.0687462 0.074068 0.0762724 0.075605 0.0726016 0.0678435 0.0618565 0.0551032 0.0479953 0.0408931 0.0340913 0.0277982 0.0221278 0.0171189 0.0127766 0.00910851 0.00613316 0.00385655
 0.00877571 0.0142368 0.0213843 0.0301189 0.0401012 0.0506029 0.0604826 0.0684678 0.073628 0.0756812 0.0749293 0.0719588 0.067375 0.0616869 0.0552973 0.0485274 0.0416467 0.0348957 0.0284897 0.0226049 0.0173643 0.0128399 0.00906672 0.00605466 0.00378335
 0.0086696 0.014094 0.0212241 0.0299774 0.0400201 0.0506119 0.0605827 0.0686254 0.0737813 0.0757581 0.0748713 0.0717459 0.0670417 0.0613194 0.0550081 0.0484131 0.0417481 0.0351796 0.028865 0.0229642 0.0176288 0.0129829 0.00910794 0.00603576 0.00374349
 0.00857481 0.0139482 0.0210217 0.0297232 0.039733 0.0503272 0.0603503 0.0684981 0.0737943 0.075908 0.0751094 0.0719928 0.0672198 0.061387 0.0549769 0.0483412 0.0417098 0.0352287 0.0290092 0.0231663 0.0178313 0.0131384 0.009198 0.00606939 0.00374303
 0.00862067 0.0140029 0.0210676 0.0297323 0.0396759 0.0501869 0.0601339 0.06824 0.0735477 0.0757277 0.0750331 0.0720268 0.0673355 0.0615327 0.0551007 0.0484153 0.0417411 0.035249 0.0290523 0.0232461 0.017936 0.0132419 0.0092772 0.00611559 0.00376138
 0.00855031 0.0139229 0.0210089 0.0297398 0.0397904 0.0504192 0.0604483 0.068561 0.0737908 0.0758371 0.075003 0.0718963 0.0671621 0.0613636 0.0549568 0.0482938 0.041631 0.0351464 0.0289649 0.0231859 0.0179081 0.0132399 0.00928765 0.00612607 0.00376601
 0.00846045 0.0137785 0.0207974 0.0294578 0.0394518 0.0500638 0.0601412 0.0683761 0.0737797 0.076001 0.0752886 0.072221 0.0674535 0.0615856 0.0551105 0.048399 0.0417073 0.0352055 0.0290124 0.0232265 0.0179462 0.0132769 0.00932161 0.00615331 0.00378425
 0.00860359 0.0139722 0.0210166 0.0296545 0.0395683 0.0500545 0.0599929 0.068116 0.0734684 0.0757133 0.0750884 0.0721394 0.0674804 0.0616789 0.0552197 0.0484874 0.0417615 0.0352299 0.029019 0.0232264 0.0179465 0.0132807 0.00932863 0.00616144 0.00379121
 0.00866374 0.0140831 0.0212048 0.0299453 0.0399705 0.0505415 0.0604929 0.068525 0.0736876 0.075692 0.0748467 0.0717569 0.067058 0.0612986 0.0549209 0.0482694 0.0416012 0.0351027 0.0289104 0.0231327 0.0178695 0.0132227 0.00928901 0.00613706 0.00377763
 0.00862074 0.0140126 0.0210994 0.0298027 0.0397991 0.0503661 0.0603532 0.068463 0.0737256 0.0758158 0.0750078 0.0718971 0.0671403 0.0613232 0.054917 0.0482713 0.0416285 0.0351546 0.0289737 0.0231931 0.0179188 0.013259 0.0093144 0.00615424 0.00378884
 0.0086031 0.0139815 0.0210481 0.0297233 0.0396846 0.0502138 0.0601698 0.0682683 0.0735511 0.0756975 0.0749727 0.0719499 0.0672598 0.061472 0.0550605 0.0483923 0.0417283 0.035243 0.0290576 0.0232725 0.017989 0.0133158 0.00935624 0.00618264 0.00380672
 0.00847261 0.0137698 0.0207313 0.0292823 0.0391121 0.0495245 0.0594083 0.0675083 0.0728828 0.0752066 0.0747212 0.0719652 0.0675306 0.0619517 0.0556777 0.0490676 0.0423927 0.0358495 0.0295822 0.0237075 0.0183355 0.0135791 0.00954529 0.0063096 0.00388579
 0.00863329 0.014 0.0210194 0.0295949 0.0394003 0.0497349 0.0594948 0.0674409 0.0726545 0.0748377 0.0742601 0.0714802 0.0670949 0.0616255 0.0554936 0.0490253 0.0424641 0.0359926 0.0297551 0.0238785 0.0184857 0.0137001 0.00963566 0.00637217 0.00392572
 0.00868123 0.0140972 0.021199 0.0298937 0.0398417 0.0503068 0.0601343 0.0680408 0.0730943 0.0750252 0.0741613 0.0711249 0.0665606 0.0610115 0.0548955 0.0485155 0.0420815 0.0357417 0.0296157 0.0238182 0.0184724 0.0137094 0.00965214 0.00638784 0.00393754
 0.00872228 0.0141465 0.0212429 0.0299143 0.0398282 0.0502695 0.0601096 0.068078 0.0732272 0.0752455 0.0744131 0.0713275 0.0666459 0.0609535 0.0547167 0.0482717 0.0418363 0.0355444 0.0294892 0.0237606 0.018466 0.0137314 0.00968357 0.00641693 0.0039593
 0.00873071 0.0141633 0.021273 0.0299611 0.0398901 0.0503359 0.0601621 0.0680992 0.0732138 0.0752155 0.0743979 0.0713509 0.0667054 0.0610181 0.0547462 0.048241 0.0417493 0.0354286 0.0293794 0.0236818 0.0184261 0.0137239 0.00969529 0.00643525 0.00397617
 0.00850122 0.0138073 0.0207706 0.0293095 0.0391081 0.0494684 0.0592816 0.0672992 0.0725897 0.0748416 0.0743118 0.071551 0.0671567 0.0616599 0.0554994 0.0490205 0.0424813 0.0360658 0.0299052 0.0241028 0.018758 0.0139814 0.00988878 0.00657297 0.00406717
#obs surv len freq
 nan nan nan nan nan nan nan nan nan nan nan nan nan nan nan nan nan nan nan nan nan nan nan nan nan
 0.00448328 0.0073439 0.0111731 0.0159887 0.0216888 0.0279638 0.0342777 0.0400091 0.0446891 0.0481537 0.0505126 0.0520095 0.0529029 0.0534163 0.0537313 0.0539869 0.0542659 0.0545589 0.0546978 0.0542898 0.0527278 0.0493597 0.0438092 0.0362887 0.0276717
 0.00461565 0.007561 0.011503 0.0164576 0.0223147 0.0287463 0.0351884 0.0409889 0.0456565 0.049021 0.0512027 0.0524673 0.0531004 0.0533531 0.0534298 0.0534845 0.0536064 0.053785 0.0538487 0.0534025 0.0518411 0.0485169 0.0430551 0.0356614 0.0271923
 0.00477422 0.00782112 0.0118989 0.0170227 0.0230753 0.0297112 0.0363372 0.0422668 0.0469792 0.0502878 0.0523117 0.053328 0.0536436 0.0535382 0.0532485 0.0529584 0.0527807 0.0527192 0.0526089 0.0520589 0.0504688 0.047196 0.0418651 0.0346679 0.0264316
 0.00496903 0.00813832 0.0123773 0.0176991 0.0239776 0.0308483 0.0376871 0.0437719 0.0485527 0.0518276 0.0537135 0.0544942 0.0544885 0.0539935 0.05327 0.0525317 0.051924 0.0514816 0.051066 0.0503081 0.0486255 0.0453875 0.040217 0.0332828 0.0253671
 0.00518174 0.00848804 0.0129108 0.0184623 0.0250063 0.0321539 0.0392422 0.045506 0.0503626 0.0535975 0.0553327 0.0558656 0.0555295 0.0546343 0.0534543 0.0522214 0.0511058 0.0501758 0.0493327 0.0482505 0.0463872 0.0431405 0.0381376 0.0315181 0.0240026
 0.00542294 0.00888091 0.0135037 0.0193012 0.0261271 0.0335689 0.040926 0.0473894 0.05234 0.0555457 0.0571296 0.0574028 0.0567173 0.0554014 0.0537448 0.0519928 0.0503312 0.048853 0.047499 0.0459973 0.0438661 0.0405531 0.0357036 0.0294282 0.022374
 0.00564488 0.00924725 0.0140654 0.0201093 0.0272231 0.0349692 0.0426064 0.0492796 0.0543344 0.0575236 0.058974 0.0590094 0.0579967 0.0562784 0.054157 0.0518892 0.0496739 0.0476243 0.0457167 0.0437346 0.0412672 0.0378283 0.0330966 0.0271607 0.02059
 0.00589259 0.00965066 0.0146741 0.0209705 0.0283735 0.0364216 0.0443355 0.0512152 0.0563702 0.059536 0.0608416 0.0606255 0.0592742 0.0571484 0.0545652 0.0517906 0.0490315 0.0464143 0.0439444 0.0414582 0.0386186 0.0350154 0.0303732 0.0247676 0.0186914
 0.00613681 0.0100541 0.0152927 0.02186 0.0295772 0.0379525 0.0461583 0.0532423 0.0584761 0.0615839 0.0627064 0.0622055 0.0604918 0.0579463 0.0549007 0.0516302 0.0483469 0.0451856 0.0421737 0.0391933 0.0359781 0.0321962 0.0276253 0.0223362 0.0167499
 0.00637075 0.0104354 0.0158689 0.0226769 0.0306716 0.0393399 0.0478181 0.0551103 0.0604503 0.0635406 0.0645199 0.0637632 0.0617033 0.0587469 0.0552475 0.0514954 0.0477107 0.0440353 0.0405136 0.0370663 0.0334902 0.0295275 0.0250095 0.020008 0.0148802
 0.00662474 0.0108502 0.0164965 0.0235656 0.0318562 0.0408252 0.0495642 0.0570294 0.0624211 0.065434 0.0662198 0.0651764 0.0627595 0.0593956 0.0554551 0.0512415 0.0469842 0.0428335 0.0388486 0.0349824 0.0310861 0.0269676 0.0225084 0.0177829 0.0130912
 0.00684699 0.0112189 0.0170647 0.0243871 0.0329732 0.0422509 0.0512645 0.0589171 0.0643692 0.0673014 0.0678773 0.0665225 0.0637253 0.0599413 0.0555634 0.0509083 0.046212 0.0416299 0.037233 0.0330014 0.0288319 0.0245887 0.0201964 0.0157315 0.0114432
 0.00706138 0.011571 0.0176014 0.0251546 0.0340083 0.0435667 0.0528353 0.0606712 0.0661969 0.0690738 0.069467 0.0678199 0.0646488 0.0604417 0.0556219 0.0505291 0.0454124 0.040434 0.0356737 0.0311312 0.0267395 0.0224079 0.0180953 0.0138778 0.00995921
 0.00725856 0.0118928 0.0180881 0.0258443 0.0349298 0.0447278 0.0542106 0.062198 0.0677831 0.0706142 0.0708592 0.0689737 0.065491 0.0609196 0.0557047 0.0502082 0.0446984 0.0393521 0.0342628 0.0294495 0.024874 0.02048 0.016251 0.0122597 0.00866889
 0.00742028 0.0121581 0.0184915 0.0264194 0.0357021 0.0457042 0.0553689 0.063483 0.0691152 0.0719046 0.0720242 0.0699425 0.066208 0.061343 0.055806 0.0499723 0.0441238 0.0384527 0.0330698 0.0280162 0.0232812 0.0188369 0.0146847 0.0108906 0.00758068
 0.007534 0.0123455 0.0187786 0.0268322 0.0362623 0.0464214 0.0562322 0.0644576 0.070146 0.0729262 0.0729705 0.0707541 0.066835 0.0617471 0.0559597 0.0498574 0.0437321 0.0377873 0.0321499 0.0268827 0.0220019 0.0175058 0.0134106 0.00977542 0.0066945
 0.00758065 0.0124193 0.0188866 0.0269814 0.0364613 0.046681 0.0565647 0.0648734 0.0706485 0.0735066 0.0736049 0.0714034 0.0674497 0.0622729 0.0563447 0.0500576 0.0437147 0.0375344 0.0316622 0.0261845 0.0211447 0.0165669 0.0124824 0.00894635 0.00602705
 0.00764786 0.0125174 0.0190135 0.0271286 0.0366167 0.0468346 0.056713 0.0650221 0.0708114 0.0737022 0.0738504 0.0717071 0.0678039 0.0626509 0.0567032 0.0503441 0.0438775 0.0375318 0.0314709 0.0258062 0.0206103 0.0159343 0.011827 0.00834308 0.00553188
 0.00772541 0.0126398 0.0191903 0.0273637 0.0369056 0.0471607 0.0570466 0.0653248 0.071048 0.0738545 0.0739247 0.0717312 0.0678139 0.0626758 0.0567526 0.0504043 0.0439153 0.0375052 0.0313422 0.0255551 0.0202425 0.0154833 0.0113466 0.00789185 0.00515611
 0.0077713 0.0127112 0.0192917 0.0274976 0.0370719 0.0473564 0.0572644 0.0655515 0.0712642 0.0740378 0.0740559 0.0718012 0.0678286 0.062654 0.0567184 0.0503747 0.0438912 0.0374692 0.0312659 0.0254121 0.0200216 0.0151962 0.0110256 0.00757904 0.00488842
 0.00783355 0.0128042 0.0194164 0.0276495 0.0372423 0.0475351 0.0574412 0.0657173 0.0714115 0.0741599 0.074147 0.0718561 0.0678437 0.0626301 0.0566624 0.0502987 0.0438068 0.0373802 0.0311656 0.0252862 0.0198584 0.0149954 0.0108024 0.00735895 0.00469704
 0.00786466 0.0128546 0.0194915 0.0277532 0.0373749 0.0476908 0.0576074 0.0658759 0.0715443 0.0742554 0.0742028 0.0718774 0.0678384 0.0626041 0.0566191 0.0502403 0.043736 0.0372997 0.0310754 0.0251828 0.0197365 0.0148542 0.0106489 0.00720764 0.00456411
 0.00786545 0.0128563 0.019495 0.0277601 0.0373878 0.0477133 0.0576432 0.0659275 0.0716109 0.0743316 0.0742801 0.0719469 0.0678935 0.0626426 0.0566413 0.0502475 0.0437291 0.0372788 0.0310397 0.025131 0.0196677 0.0147693 0.0105533 0.00711088 0.00447716
 0.00786309 0.0128472 0.0194719 0.0277137 0.0373104 0.0476037 0.0575106 0.0657914 0.071496 0.0742605 0.074266 0.0719908 0.0679856 0.062766 0.0567776 0.0503809 0.043848 0.0373758 0.0311105 0.0251733 0.0196813 0.0147568 0.0105206 0.00706681 0.0044315
 0.00788746 0.0128787 0.019504 0.0277346 0.0373056 0.04756 0.0574212 0.0656588 0.0713338 0.0740911 0.0741172 0.0718885 0.067947 0.0627946 0.0568635 0.0505047 0.0439876 0.0375114 0.0312277 0.0252633 0.0197405 0.0147864 0.0105256 0.00705505 0.00441172
 0.00788235 0.012872 0.0194964 0.0277268 0.0372964 0.0475448 0.0573913 0.0656037 0.071246 0.0739716 0.0739782 0.0717521 0.067839 0.0627369 0.0568675 0.0505685 0.0440971 0.0376457 0.0313648 0.0253854 0.0198363 0.0148518 0.0105626 0.00707003 0.00441265
 0.00788988 0.0128798 0.0195004 0.0277208 0.0372747 0.0475047 0.0573353 0.0655382 0.0711774 0.0739028 0.0739085 0.0716804 0.0677687 0.0626779 0.0568337 0.050572 0.0441425 0.0377275 0.0314689 0.0254942 0.0199339 0.0149281 0.0106142 0.00709948 0.00442586
 0.00787632 0.0128588 0.0194705 0.027681 0.0372237 0.0474416 0.0572593 0.0654508 0.0710834 0.0738109 0.0738288 0.0716213 0.0677342 0.062668 0.0568472 0.0506089 0.0442038 0.0378126 0.0315726 0.0256061 0.0200411 0.0150192 0.0106828 0.00714492 0.00445203
 0.00785934 0.0128276 0.0194173 0.0275971 0.0371027 0.0472833 0.0570734 0.0652557 0.0709019 0.0736632 0.0737283 0.0715736 0.0677384 0.0627189 0.0569367 0.0507275 0.0443426 0.0379637 0.0317287 0.025759 0.0201819 0.0151391 0.0107761 0.00721052 0.00449334
 0.00785842 0.0128244 0.0194089 0.0275791 0.0370691 0.0472275 0.05699 0.065143 0.0707644 0.0735129 0.0735832 0.0714531 0.0676585 0.062688 0.056955 0.0507891 0.0444377 0.0380815 0.0318585 0.0258908 0.0203062 0.0152478 0.0108634 0.00727425 0.0045353
 0.00782637 0.0127728 0.0193323 0.0274731 0.036932 0.0470618 0.0568036 0.0649492 0.0705791 0.0733513 0.0734573 0.0713719 0.0676279 0.0627116 0.0570321 0.050914 0.0446 0.0382674 0.0320532 0.0260804 0.0204788 0.0153945 0.0109792 0.00735851 0.00459124
 0.0078029 0.0127347 0.019275 0.0273925 0.0368252 0.0469286 0.056648 0.06478 0.070409 0.0731945 0.0733273 0.0712791 0.0675794 0.0627107 0.0570792 0.0510063 0.0447314 0.0384281 0.0322304 0.0262599 0.020647 0.0155405 0.0110963 0.00744477 0.00464929
 0.00775712 0.0126607 0.0191647 0.0272394 0.0366263 0.0466876 0.0563775 0.0645017 0.0701496 0.0729796 0.073176 0.071202 0.0675784 0.0627809 0.0572112 0.0511881 0.0449497 0.0386689 0.0324792 0.0265017 0.0208678 0.015729 0.0112458 0.00755422 0.00472271
 0.00773546 0.0126187 0.0190893 0.0271147 0.0364383 0.0464307 0.0560609 0.0641503 0.0697995 0.0726694 0.0729383 0.0710585 0.0675381 0.0628411 0.0573595 0.0514064 0.0452168 0.0389635 0.0327809 0.026792 0.0211307 0.0159521 0.0114223 0.00768321 0.00480924
 0.00933019 0.0148539 0.0217926 0.0299037 0.0388303 0.0480186 0.0566535 0.0638018 0.0687335 0.0711654 0.0712462 0.0693628 0.0659583 0.0614449 0.0561772 0.050442 0.0444576 0.0383872 0.0323608 0.0265 0.0209393 0.0158356 0.0113575 0.00765127 0.00479583
 0.00931252 0.0151206 0.0227149 0.0319424 0.0423359 0.0529605 0.0624479 0.0694049 0.0730103 0.0733346 0.0711377 0.0673645 0.0627465 0.057696 0.0523984 0.0469383 0.0413763 0.0357777 0.0302206 0.0248005 0.0196381 0.0148815 0.0106932 0.00721608 0.00453002
 0.00897413 0.0145861 0.0219617 0.0310173 0.0414104 0.0523689 0.0626484 0.0708173 0.0757662 0.0770905 0.075115 0.0706446 0.0646539 0.0580332 0.0514198 0.0451373 0.0392515 0.0336952 0.0283866 0.0232978 0.0184747 0.0140271 0.0100996 0.00682851 0.00429416
 0.00879298 0.0142838 0.0214928 0.0303377 0.0404938 0.0512386 0.061418 0.0697198 0.0751367 0.0772752 0.0763163 0.0727734 0.0672935 0.0605735 0.0533046 0.0460775 0.0392848 0.0330872 0.0274683 0.0223396 0.0176385 0.0133776 0.00963856 0.0065263 0.00411103
 0.00872425 0.0141658 0.0213025 0.0300476 0.0400751 0.0506686 0.0606929 0.0688707 0.0742476 0.0764954 0.0758513 0.0728334 0.068002 0.0618751 0.054941 0.0476702 0.0404898 0.0337286 0.0275741 0.0220773 0.0172109 0.0129432 0.00928364 0.00627567 0.00395346
 0.00868308 0.0140982 0.0211992 0.0298982 0.0398683 0.0503932 0.0603401 0.068437 0.0737404 0.0759421 0.075311 0.0724047 0.0678118 0.0620391 0.0555022 0.0485518 0.0415019 0.0346394 0.0282075 0.0223759 0.0172314 0.012801 0.00909024 0.0061028 0.0038294
 0.00869423 0.0141097 0.0212041 0.0298855 0.039825 0.0503078 0.0602051 0.0682497 0.0735014 0.0756545 0.0749837 0.0720611 0.0674984 0.0618263 0.0554679 0.0487467 0.0419133 0.03518 0.0287452 0.0227912 0.0174658 0.012868 0.00904877 0.00601857 0.00374806
 0.00868219 0.0140944 0.0211884 0.0298735 0.0398195 0.0503066 0.060199 0.068224 0.0734406 0.075548 0.0748294 0.0718663 0.0672807 0.0616156 0.0553067 0.0486827 0.041981 0.0353795 0.0290324 0.0230922 0.0177094 0.013016 0.00910432 0.00601221 0.00371543
 0.00867763 0.014087 0.0211778 0.0298598 0.0398041 0.0502925 0.0601902 0.0682231 0.0734459 0.0755509 0.0748164 0.0718233 0.0672001 0.0615015 0.0551774 0.0485687 0.0419166 0.03539 0.0291205 0.0232337 0.0178626 0.0131414 0.00918115 0.0060425 0.00371527
 0.00864235 0.0140346 0.0211079 0.0297756 0.0397114 0.0501985 0.0601029 0.0681506 0.0733957 0.0755284 0.0748218 0.0718503 0.0672365 0.0615337 0.0551963 0.048575 0.0419224 0.0354133 0.0291755 0.0233216 0.0179695 0.0132448 0.00926163 0.00609209 0.00373777
 0.00865027 0.0140427 0.0211115 0.029768 0.0396861 0.0501529 0.0600405 0.0680808 0.0733303 0.0754777 0.0747911 0.07184 0.0672424 0.061549 0.0552132 0.048588 0.0419309 0.0354226 0.0291945 0.023357 0.0180205 0.0133027 0.00931474 0.0061315 0.00376111
 0.00864505 0.0140367 0.0211068 0.0297671 0.0396905 0.0501606 0.0600454 0.0680748 0.0733074 0.0754375 0.0747407 0.0717905 0.0672041 0.0615274 0.0552078 0.0485942 0.0419433 0.0354382 0.0292137 0.023382 0.0180525 0.0133395 0.00935092 0.00616144 0.00378174
 0.00864448 0.0140339 0.0210995 0.0297527 0.039667 0.0501291 0.0600101 0.0680417 0.0732814 0.0754199 0.0747288 0.0717804 0.0671944 0.0615197 0.055206 0.0486009 0.0419587 0.0354602 0.02924 0.0234109 0.0180833 0.0133707 0.00938023 0.00618603 0.00379975
 0.00863033 0.0140129 0.0210715 0.0297185 0.0396281 0.0500867 0.0599653 0.067996 0.0732378 0.075383 0.0747037 0.0717705 0.0671996 0.0615375 0.0552326 0.0486333 0.0419952 0.0354995 0.0292807 0.0234514 0.0181219 0.0134059 0.00941051 0.00621019 0.00381724
 0.00860846 0.0139777 0.0210195 0.0296472 0.0395375 0.0499804 0.0598515 0.0678869 0.0731461 0.0753192 0.0746728 0.0717727 0.0672317 0.0615939 0.0553065 0.0487177 0.0420832 0.0355859 0.0293615 0.0235243 0.0181851 0.0134585 0.00945213 0.00624112 0.00383853
 0.00860846 0.0139777 0.0210195 0.0296472 0.0395375 0.0499804 0.0598515 0.0678869 0.0731461 0.0753192 0.0746728 0.0717727 0.0672317 0.0615939 0.0553065 0.0487177 0.0420832 0.0355859 0.0293615 0.0235243 0.0181851 0.0134585 0.00945213 0.00624112 0.00383853
 0.00845131 0.0137317 0.0206675 0.0291824 0.038967 0.04933 0.0591695 0.0672417 0.0726139 0.0749653 0.0745364 0.0718589 0.0675153 0.0620288 0.0558374 0.04929 0.0426509 0.0361143 0.0298283 0.0239174 0.0185011 0.0137002 0.00962702 0.00636001 0.00391379
 0.00855114 0.0138714 0.0208356 0.0293525 0.0391034 0.0493977 0.0591435 0.0671126 0.0723897 0.0746707 0.0742096 0.0715455 0.0672584 0.0618595 0.0557682 0.0493147 0.0427486 0.0362576 0.0299901 0.0240758 0.0186413 0.0138146 0.00971365 0.00642088 0.00395334
 0.00865559 0.0140506 0.0211204 0.0297711 0.0396674 0.0500836 0.0598809 0.0677912 0.0728899 0.0749025 0.0741408 0.0712062 0.0667238 0.0612241 0.0551222 0.0487272 0.0422608 0.035883 0.0297214 0.0238943 0.0185252 0.0137439 0.00967285 0.00639873 0.00394219
 0.00852901 0.0138621 0.0208704 0.0294763 0.0393614 0.0498148 0.0597052 0.0677577 0.0730209 0.0751772 0.0744955 0.0715559 0.0669948 0.0613793 0.0551673 0.0486984 0.042204 0.0358359 0.0297042 0.0239095 0.0185635 0.013792 0.00971923 0.00643643 0.00396897
 0.00861966 0.0139885 0.0210224 0.0296316 0.0394937 0.0499049 0.0597508 0.0677753 0.0730386 0.0752224 0.0745808 0.0716698 0.0671034 0.0614389 0.0551439 0.048583 0.0420162 0.0356142 0.0294891 0.0237304 0.0184329 0.0137079 0.00967115 0.00641218 0.00395832
 0.00844743 0.0137294 0.020671 0.0291964 0.0389939 0.0493663 0.0592038 0.0672579 0.0725986 0.0749143 0.0744556 0.0717595 0.067406 0.0619129 0.0557165 0.0491715 0.0425521 0.0360585 0.0298346 0.0239905 0.0186278 0.0138545 0.00978025 0.00649022 0.00401054
#pred catch len freq
 0.0031088 0.0050822 0.00773494 0.0111317 0.0153199 0.0202736 0.0258355 0.0317184 0.0375707 0.0430509 0.0478766 0.0518563 0.0549125 0.0570777 0.0584631 0.05922 0.0595138 0.0594922 0.0592134 0.0585276 0.0569852 0.0539051 0.0486841 0.0412292 0.0322163
 0.00340439 0.0054766 0.00817169 0.0115113 0.015535 0.0202607 0.0256096 0.0313653 0.0371984 0.0427335 0.0476276 0.0516463 0.0547123 0.0568973 0.058361 0.0592783 0.0597907 0.0599759 0.0598015 0.0590497 0.0572663 0.0538415 0.0482902 0.040626 0.0315687
 0.00342407 0.00557391 0.00843127 0.0120322 0.0163814 0.0213991 0.0268756 0.0325005 0.0379549 0.0429841 0.0474093 0.0511117 0.0540363 0.0562082 0.0577307 0.0587509 0.0594045 0.0597526 0.0597153 0.0590116 0.0571488 0.0535386 0.0477747 0.0399648 0.030885
 0.00353365 0.00572707 0.00862348 0.0122641 0.0166839 0.0218541 0.027605 0.0336053 0.0394244 0.0446385 0.0489349 0.0521873 0.0544726 0.0560112 0.0570595 0.0578208 0.0584039 0.0588038 0.0588678 0.0582483 0.0564077 0.0527535 0.0469214 0.039084 0.0300636
 0.0037778 0.00610274 0.00914724 0.0129326 0.0174717 0.0227183 0.0284991 0.0345029 0.0403412 0.0456252 0.0500258 0.0533298 0.0554984 0.0566891 0.0572051 0.0573859 0.0574856 0.0575815 0.0575172 0.0568853 0.0550798 0.0514691 0.0456918 0.0379497 0.0290871
 0.00394665 0.00639422 0.00961679 0.0136406 0.0184676 0.024016 0.0300528 0.0362028 0.0420374 0.0471742 0.0513342 0.054369 0.0562755 0.0571934 0.0573734 0.0571203 0.0567162 0.0563224 0.0558735 0.0550117 0.0531284 0.0495629 0.0439276 0.0364089 0.0278338
 0.00414137 0.00670685 0.0100831 0.0142996 0.0193641 0.0251978 0.0315573 0.0380307 0.0441249 0.049379 0.0534527 0.0561855 0.0576222 0.0579851 0.0575958 0.0567884 0.0558417 0.0549183 0.0539869 0.0527503 0.0506566 0.0470733 0.0416065 0.034407 0.026245
 0.00433493 0.00702146 0.0105572 0.0149712 0.0202671 0.0263553 0.0329742 0.0396904 0.0459887 0.0513847 0.0555061 0.0581514 0.0593299 0.0592569 0.0582876 0.0568176 0.055189 0.053612 0.0520935 0.050381 0.0479785 0.0443034 0.0389794 0.032127 0.0244417
 0.00454161 0.00735773 0.0110649 0.0156921 0.0212386 0.0276013 0.0344933 0.0414468 0.0479133 0.0533847 0.0574786 0.0599919 0.0609331 0.0605124 0.0590787 0.0570325 0.0547418 0.0524651 0.0502733 0.0479866 0.0451849 0.0413499 0.0361356 0.0296364 0.0224651
 0.00481442 0.00779556 0.0117143 0.0165953 0.0224294 0.0290966 0.0362802 0.0434728 0.0500854 0.0555803 0.0595622 0.0618343 0.0624267 0.0615757 0.0596492 0.0570535 0.0541566 0.0512277 0.0483753 0.0454899 0.0422433 0.0382052 0.0330785 0.0269404 0.0203171
 0.00500783 0.00812693 0.0122452 0.017396 0.0235666 0.0306124 0.0381695 0.0456705 0.0524718 0.0579998 0.0618469 0.0638266 0.0639968 0.0626322 0.0601391 0.0569501 0.0534437 0.049893 0.0464227 0.0429702 0.0392874 0.0350356 0.0299798 0.024192 0.0181171
 0.00526437 0.00852597 0.0128152 0.0181597 0.0245472 0.031839 0.0396719 0.0474607 0.0545194 0.0602139 0.0640779 0.0658901 0.0657117 0.063854 0.0607762 0.0569597 0.0528166 0.0486389 0.0445691 0.0405799 0.0364861 0.0320276 0.0270287 0.0215628 0.0160034
 0.0055359 0.00896061 0.0134563 0.0190421 0.0256905 0.0332385 0.0412908 0.0492326 0.056363 0.0620501 0.0658356 0.0674963 0.0670783 0.0648774 0.0613514 0.0570013 0.0522731 0.047496 0.0428501 0.038352 0.0338753 0.0292271 0.0242818 0.0191132 0.0140305
 0.00573394 0.00928625 0.0139539 0.019757 0.0266621 0.0344873 0.0428026 0.0509489 0.0581836 0.063851 0.0674934 0.0689107 0.0681823 0.0656306 0.0617234 0.0569575 0.0517725 0.0465049 0.0413616 0.0364074 0.0315795 0.0267522 0.0218467 0.0169367 0.0122739
 0.00592257 0.00959577 0.0144261 0.0204356 0.0275875 0.0356863 0.0442738 0.0526499 0.0600269 0.0657106 0.0692221 0.0703654 0.0692506 0.0662493 0.061878 0.0566644 0.0510557 0.0453816 0.0398479 0.03454 0.0294415 0.0244854 0.0196369 0.0149722 0.0106937
 0.00606495 0.00982854 0.01478 0.0209432 0.0282807 0.0365904 0.0453985 0.0539791 0.0615132 0.0672741 0.0707556 0.0717459 0.0703572 0.0669834 0.062179 0.0565145 0.050471 0.0443976 0.038509 0.0329028 0.0275892 0.0225394 0.0177508 0.0133008 0.00935117
 0.00626584 0.0101407 0.0152237 0.0215296 0.0290134 0.0374663 0.0464059 0.0550943 0.0626976 0.0684749 0.0719088 0.0727794 0.071196 0.0675565 0.0624276 0.0564003 0.0499819 0.0435478 0.0373367 0.0314682 0.0259775 0.0208629 0.0161408 0.0118843 0.00821912
 0.00644286 0.010418 0.0156218 0.0220615 0.0296834 0.0382686 0.0473214 0.0560875 0.0637194 0.0694688 0.0728183 0.0735539 0.0717927 0.0679394 0.0625668 0.0562713 0.0495685 0.042848 0.0363687 0.030276 0.0246335 0.0194658 0.0148037 0.010713 0.00728692
 0.00651135 0.0105151 0.0157426 0.022195 0.0298193 0.038407 0.0474785 0.0562941 0.06401 0.0698673 0.0733269 0.0741486 0.0724262 0.0685493 0.0630849 0.0566327 0.0497193 0.0427517 0.0360132 0.0296794 0.0238471 0.0185707 0.0138983 0.00989219 0.00661928
 0.00652871 0.01054 0.0157731 0.0222258 0.0298419 0.0384107 0.0474548 0.0562436 0.0639496 0.0698336 0.0733693 0.0743123 0.0727323 0.0689817 0.063591 0.0571357 0.0501362 0.04301 0.0360646 0.0295088 0.0234774 0.0180593 0.0133254 0.00934058 0.00615353
 0.00657185 0.0106021 0.0158515 0.0223121 0.0299236 0.0384737 0.0474861 0.0562336 0.0638949 0.0697412 0.0732606 0.074223 0.0727057 0.0690544 0.0637763 0.0574132 0.0504531 0.0432951 0.0362482 0.0295432 0.0233499 0.0177954 0.0129798 0.00897902 0.00583264
