SBPRF35
7.19145
Curr Bio
570469
B35
485474
F35
0.2209
FOFL
0.2209
OFL
107837
Bzero
2.0547e+06
#pred survey bio
 3.27157e+06 3.52468e+06 3.70628e+06 3.63135e+06 3.2682e+06 3.04918e+06 2.83963e+06 2.43537e+06 1.96887e+06 1.57327e+06 1.29416e+06 1.14932e+06 1.04153e+06 955251 856008 768328 686130 631938 580526 542701 536287 553332 557477 537969 531080 521413 508197 508497 509680 519709 530752 521557 514498 507963 520605 527400 502797 501129 527980 557367 541983 568743 615561 654230 702207 693668 672020 578831 502193 506847 527363 578083 1.4696e+07 1.2955e+07 1.27477e+07 1.29857e+07 1.34808e+07 1.40551e+07 1.45983e+07 1.50599e+07 1.54271e+07 1.57073e+07 1.59156e+07 1.60678e+07 1.61781e+07 1.62576e+07 1.6315e+07 1.63565e+07 1.63866e+07 1.64086e+07 1.64247e+07 1.64366e+07 1.64455e+07 1.64521e+07 1.6457e+07 1.64608e+07 1.64636e+07 1.64657e+07 1.64673e+07 1.64685e+07 1.64694e+07 1.64701e+07 1.64707e+07 1.64711e+07 1.64714e+07 1.64716e+07 1.64718e+07 1.6472e+07 1.64721e+07 1.64722e+07 1.64722e+07 1.64723e+07 1.64723e+07 1.64723e+07 1.64724e+07 1.64724e+07 1.64724e+07 1.64724e+07 1.64724e+07 1.64724e+07 1.64724e+07 1.64724e+07 1.64724e+07 1.64724e+07 1.64724e+07 1.64724e+07 1.64724e+07 1.64724e+07 1.64724e+07 1.64724e+07 1.64724e+07 1.64724e+07 1.64724e+07 1.64724e+07 1.64724e+07 1.64724e+07 1.64724e+07 1.64724e+07 1.64724e+07 1.64724e+07 1.64724e+07 1.64724e+07 1.64724e+07 1.64724e+07 1.64724e+07 1.64724e+07 1.64724e+07 1.64724e+07 1.64724e+07 1.64724e+07 1.64724e+07 1.64724e+07 1.64724e+07 1.64724e+07 1.64724e+07 1.64724e+07 1.64724e+07 1.64724e+07 1.64724e+07 1.64724e+07 1.64724e+07 1.64724e+07 1.64724e+07 1.64724e+07 1.64724e+07 1.64724e+07 1.64724e+07 1.64724e+07 1.64724e+07 1.64724e+07 1.64724e+07 1.64724e+07 0 0 0 0 0 0 0 0 0 0 0 0 0 0 0 0 0 0 0 0 0 0 0 0 0
#obs survey bio
 2.46896e+06 3.46201e+06 4.13694e+06 4.83849e+06 2.50661e+06 3.02068e+06 2.99097e+06 2.29676e+06 1.98240e+06 1.71823e+06 912883 1.30931e+06 977223 879596 1.10846e+06 734614 751320 618339 651926 626608 531417 465100 797401 512144 602624 535640 396075 577921 469656 566807 553327 532467 514510 454544 506574 516923 408433 536099 471970 619369 399410 420945 697019 768888 837560 524337 765038 621881 431177 665080 463419 391692
#pred catch bio
 89909.1 102140 148405 200897 235577 278066 263024 291484 301326 293393 272873 271320 258874 255866 234308 217969 179565 173184 153509 135051 122681 132311 123410 111819 112336 108979 106377 100011 97233 96925.5 105615 96536.8 104172 93081.9 87064.7 93086.2 93185.4 88055 89880.6 89342.6 88938.8 86886.9 93911.2 85921.7 87839.2 87589.1 92797 84619.4 92393.5 91401.8 84126.4 85593.9 107837 103575 100293 100826 103989 107938 111675 114781 117167 118905 120123 120954 121508 121872 122108 122259 122355 122416 122454 122478 122493 122503 122508 122512 122514 122516 122516 122517 122517 122517 122518 122518 122518 122518 122518 122518 122518 122518 122518 122518 122518 122518 122518 122518 122518 122518 122518 122518 122518 122518 122518 122518 122518 122518 122518 122518 122518 122518 122518 122518 122518 122518 122518 122518 122518 122518 122518 122518 122518 122518 122518 122518 122518 122518 122518 122518 122518 122518 122518 122518 122518 122518 122518 122518 122518 122518 122518 122518 122518 122518 122518 122518 122518 122518 122518 122518 122518 122518 122518 122518 0 0 0 0 0 0 0 0 0 0 0 0 0 0 0 0 0 0 0 0 0 0 0 0 0
#obs catch bio
 0 101952 148372 200849 235696 278953 262342 291338 301260 293156 273578 272275 259888 255820 234340 218458 179087 173523 153111 135267 122883 133108 122907 111754 112418 108790 106655 99872.2 97275.2 96925.4 105706 96277.2 104387 93257.9 87011.5 92892.7 93293.1 88173.9 90102.8 89004.5 89122.7 86913.8 94002.9 85928.2 87715 87553.4 92749.1 84359.8 92914.4 91474.8 84187 85533
#pred cpue bio
 3.23502e+06 3.48588e+06 3.66377e+06 3.58774e+06 3.22708e+06 3.00786e+06 2.79804e+06 2.39722e+06 1.93533e+06 1.54381e+06 1.26743e+06 1.12316e+06 1.01564e+06 929584 831063 744264 663214 610020 559709 522776 516291 532666 536599 517845 511165 501847 489146 489410 490700 500504 511399 502646 496007 489693 502178 508981 484164 480585 505421 533797 519474 545045 590014 627166 673488 665669 644967 555594 481941 486037 505868 554892 1.41255e+07 1.24713e+07 1.2164e+07 1.23169e+07 1.27926e+07 1.33637e+07 1.39066e+07 1.43681e+07 1.47353e+07 1.50156e+07 1.52238e+07 1.5376e+07 1.54863e+07 1.55658e+07 1.56232e+07 1.56647e+07 1.56948e+07 1.57168e+07 1.5733e+07 1.57449e+07 1.57537e+07 1.57603e+07 1.57653e+07 1.5769e+07 1.57718e+07 1.57739e+07 1.57755e+07 1.57767e+07 1.57777e+07 1.57784e+07 1.57789e+07 1.57793e+07 1.57796e+07 1.57799e+07 1.57801e+07 1.57802e+07 1.57803e+07 1.57804e+07 1.57804e+07 1.57805e+07 1.57805e+07 1.57806e+07 1.57806e+07 1.57806e+07 1.57806e+07 1.57806e+07 1.57806e+07 1.57806e+07 1.57806e+07 1.57806e+07 1.57806e+07 1.57807e+07 1.57807e+07 1.57807e+07 1.57807e+07 1.57807e+07 1.57807e+07 1.57807e+07 1.57807e+07 1.57807e+07 1.57807e+07 1.57807e+07 1.57807e+07 1.57807e+07 1.57807e+07 1.57807e+07 1.57807e+07 1.57807e+07 1.57807e+07 1.57807e+07 1.57807e+07 1.57807e+07 1.57807e+07 1.57807e+07 1.57807e+07 1.57807e+07 1.57807e+07 1.57807e+07 1.57807e+07 1.57807e+07 1.57807e+07 1.57807e+07 1.57807e+07 1.57807e+07 1.57807e+07 1.57807e+07 1.57807e+07 1.57807e+07 1.57807e+07 1.57807e+07 1.57807e+07 1.57807e+07 1.57807e+07 1.57807e+07 1.57807e+07 1.57807e+07 1.57807e+07 1.57807e+07 1.57807e+07 1.57807e+07 0 0 0 0 0 0 0 0 0 0 0 0 0 0 0 0 0 0 0 0 0 0 0 0 0
#obs cpue bio
 3.66405e+06 3.95342e+06 4.2355e+06 3.33605e+06 2.95897e+06 2.43921e+06 3.95135e+06 2.50705e+06 1.91572e+06 1.49785e+06 1.34305e+06 938244 971110 1.26494e+06 615273 732387 692526 546391 608222 363368 463217 532683 628118 434798 441614 565670 485974 531001 474521 450721 528012 542165 435387 469296 563766 667868 490744 396530 511178 793140 466525 745081 573548 460599 729088 750081 677488 582417 340178 474045 505121 918201
#pred surv len freq
 0.00424874 0.00701466 0.0107736 0.0155737 0.0213271 0.0277136 0.0341676 0.0400382 0.0448421 0.0484202 0.0508957 0.0525187 0.0535324 0.0541187 0.0543983 0.0544511 0.0543395 0.0541098 0.0537431 0.0530539 0.0516068 0.0487749 0.0440133 0.0372437 0.0290808
 0.00464646 0.00753739 0.0113351 0.0160263 0.0215145 0.0275467 0.0336773 0.0393653 0.0441665 0.0478752 0.0505228 0.0522829 0.0533777 0.0540214 0.0543863 0.054585 0.0546679 0.0546241 0.0543552 0.0536134 0.0519558 0.0488162 0.0437532 0.0367836 0.0285638
 0.00465776 0.00765368 0.0116808 0.0167505 0.0227202 0.0291989 0.0355518 0.0410963 0.0453908 0.0483897 0.0503532 0.0516269 0.0524788 0.0530674 0.053483 0.0537853 0.0540049 0.0541132 0.0539726 0.0532828 0.0515697 0.0482879 0.043067 0.0360066 0.0278102
 0.00478829 0.0078286 0.0118836 0.016965 0.0229616 0.029544 0.0361343 0.0420432 0.0467213 0.0499456 0.0518272 0.0526909 0.052932 0.0529057 0.0528595 0.0529112 0.0530635 0.0532217 0.053177 0.0525682 0.0508813 0.0475671 0.0422922 0.0352132 0.0270737
 0.00505977 0.00825686 0.0125005 0.0177834 0.0239657 0.0306836 0.0373314 0.0432194 0.0478351 0.0510061 0.052858 0.0536619 0.0537196 0.0533293 0.0527748 0.0522904 0.0520057 0.0518952 0.0517436 0.0511344 0.049493 0.0462369 0.0410364 0.0340727 0.0261063
 0.00521875 0.00854546 0.0129896 0.0185545 0.0250885 0.0321804 0.0391456 0.0452102 0.04981 0.0527791 0.0543035 0.054734 0.0544253 0.0536749 0.0527279 0.0517905 0.0510153 0.0504474 0.0499481 0.0491408 0.0474469 0.0442581 0.0392214 0.0325023 0.0248414
 0.00539044 0.00882559 0.0134155 0.0191682 0.0259359 0.033306 0.040578 0.0469411 0.0517742 0.054846 0.056292 0.0564518 0.0557168 0.0544508 0.0529602 0.0514819 0.0501748 0.0490948 0.0481394 0.046987 0.0451077 0.0419151 0.0370471 0.0306349 0.0233648
 0.00558861 0.00914064 0.0138767 0.019799 0.0267521 0.0343126 0.0417667 0.0482912 0.0532564 0.0564238 0.0579131 0.0580328 0.0571372 0.0555675 0.0536384 0.0516238 0.049732 0.0480661 0.0465694 0.0449723 0.0428015 0.039516 0.034767 0.0286554 0.0217998
 0.00575102 0.00943254 0.0143663 0.0205639 0.0278576 0.0357798 0.0435464 0.0502635 0.0552629 0.0583154 0.059586 0.0594349 0.0582461 0.0563591 0.0540643 0.0516111 0.0492028 0.0469669 0.0448977 0.0427961 0.0402668 0.036836 0.0321867 0.0263969 0.0200093
 0.00593636 0.00974788 0.0148684 0.0213184 0.0289295 0.0372154 0.0453497 0.0523773 0.0575647 0.0606315 0.0617231 0.0612197 0.0595604 0.0571515 0.0543329 0.0513688 0.0484493 0.0456858 0.0430816 0.0404856 0.0375822 0.0339812 0.0294168 0.0239562 0.0180658
 0.0061868 0.0101603 0.0154992 0.0222243 0.0301576 0.0387875 0.0472451 0.0545257 0.0598539 0.0629239 0.0638703 0.0630738 0.0609862 0.058044 0.0546322 0.0510614 0.0475527 0.0442289 0.0410998 0.0380391 0.0347875 0.0310295 0.0265545 0.0214284 0.0160473
 0.00632345 0.0104133 0.0159369 0.0229292 0.031208 0.0402271 0.0490558 0.0566202 0.0620941 0.0651539 0.0659439 0.0648673 0.0623979 0.0589903 0.0550477 0.0509025 0.0468028 0.0428991 0.0392298 0.0357046 0.0321153 0.0282074 0.0238162 0.0190057 0.0141077
 0.00651334 0.0107204 0.0163983 0.0235832 0.0320935 0.0413775 0.0504877 0.0583177 0.0639966 0.0671538 0.0678989 0.066624 0.0638196 0.0599749 0.0555302 0.0508473 0.0461943 0.0417406 0.0375504 0.0335732 0.0296549 0.0255992 0.0212814 0.0167606 0.0123082
 0.006706 0.0110374 0.0168815 0.0242728 0.0330181 0.0425413 0.0518598 0.0598333 0.0655734 0.0687114 0.0693683 0.0679426 0.0649202 0.0607827 0.0559707 0.0508584 0.0457347 0.0407941 0.0361311 0.0317358 0.0275067 0.0233036 0.0190394 0.0147687 0.0107083
 0.00691479 0.0113863 0.0174238 0.0250622 0.0340956 0.0439151 0.0534853 0.0616095 0.0673599 0.0703624 0.070765 0.0690109 0.0656308 0.0611358 0.0559753 0.0505164 0.0450371 0.0397292 0.0347012 0.0299762 0.0255019 0.0211913 0.0169932 0.0129602 0.00926056
 0.00707427 0.0116517 0.0178348 0.025661 0.0349196 0.0449841 0.0547874 0.0630916 0.0689301 0.0719027 0.0721501 0.0701291 0.066402 0.0615219 0.0559768 0.0501579 0.044348 0.0387331 0.0334183 0.02844 0.0237789 0.0193904 0.0152554 0.0114268 0.00803398
 0.00728241 0.0119823 0.0183182 0.0263205 0.0357676 0.0460172 0.0559787 0.0643883 0.0702582 0.0731776 0.0732869 0.0710501 0.067042 0.0618345 0.0559408 0.0497783 0.0436507 0.037755 0.0322007 0.0270307 0.022243 0.0178192 0.0137612 0.0101206 0.00699525
 0.00730892 0.0120322 0.018406 0.026465 0.0359891 0.0463326 0.0563972 0.0649096 0.0708737 0.0738719 0.0740362 0.0718174 0.0677741 0.0624644 0.0563974 0.0500004 0.0435995 0.0374193 0.0315966 0.026199 0.0212471 0.0167439 0.0127049 0.00917819 0.00623534
 0.00744729 0.0122435 0.0186988 0.0268385 0.0364349 0.0468367 0.0569409 0.0654695 0.0714231 0.0743845 0.0744914 0.0722026 0.0680828 0.0626896 0.0565248 0.0500053 0.0434514 0.0370921 0.0310807 0.0255094 0.0204268 0.0158604 0.0118395 0.00840866 0.00561691
 0.00764112 0.0125307 0.0190788 0.0272918 0.0369276 0.0473296 0.0573977 0.0658618 0.0717343 0.0746124 0.0746467 0.0723037 0.0681466 0.0627249 0.0565286 0.0499627 0.0433378 0.0368794 0.0307464 0.0250476 0.0198564 0.0152261 0.0112034 0.00783378 0.00514999
 0.00774637 0.0126943 0.0193101 0.0275912 0.0372835 0.0477153 0.057772 0.0661763 0.0719487 0.0747107 0.0746447 0.0722405 0.0680675 0.0626633 0.0564963 0.0499495 0.0433173 0.0368177 0.0306114 0.0248191 0.019535 0.014836 0.0107879 0.00744234 0.00482278
 0.00766324 0.012572 0.01915 0.027404 0.0370872 0.0475312 0.0576207 0.0660741 0.0719054 0.0747281 0.074718 0.072363 0.0682348 0.0628734 0.0567454 0.0502256 0.0435969 0.0370676 0.0307956 0.0249092 0.0195193 0.014725 0.0106119 0.00724202 0.00463617
 0.00773738 0.0126731 0.0192668 0.0275151 0.0371686 0.0475677 0.0576132 0.0660392 0.0718654 0.0746995 0.0747056 0.0723616 0.0682366 0.0628757 0.0567524 0.0502448 0.0436319 0.0371118 0.0308319 0.0249156 0.0194785 0.014633 0.0104808 0.00709522 0.00449881
 0.00790161 0.0129066 0.0195554 0.0278224 0.0374435 0.0477587 0.057683 0.065974 0.0716788 0.0744302 0.0744077 0.0720895 0.0680287 0.0627463 0.0566951 0.0502426 0.043666 0.0371652 0.030888 0.0249573 0.019491 0.0146087 0.0104232 0.00701769 0.0044186
 0.00784091 0.012838 0.0195058 0.0278303 0.0375424 0.0479539 0.057937 0.0662132 0.0718233 0.0744297 0.0742628 0.0718479 0.0677614 0.0625189 0.0565481 0.050186 0.043686 0.0372357 0.0309806 0.0250472 0.0195593 0.014645 0.0104266 0.00699589 0.00438408
 0.00785686 0.0128489 0.0194967 0.0277839 0.0374502 0.0478301 0.0578223 0.0661612 0.0718708 0.0745705 0.0744453 0.0720008 0.0678319 0.0624969 0.0564639 0.0500876 0.0436138 0.0372082 0.0309945 0.0250856 0.0196023 0.014677 0.0104401 0.00699179 0.00436872
 0.00789065 0.0129003 0.0195662 0.0278669 0.0375352 0.0478983 0.0578521 0.0661373 0.0717956 0.0744692 0.0743555 0.0719518 0.0678269 0.0625133 0.0564714 0.0500692 0.0435742 0.0371659 0.0309671 0.0250795 0.0196123 0.0146922 0.0104511 0.00699422 0.0043636
 0.00788665 0.0128983 0.0195715 0.0278865 0.0375758 0.0479615 0.0579313 0.0662168 0.0718546 0.0744896 0.0743311 0.0718925 0.0677544 0.0624499 0.056428 0.0500427 0.0435546 0.0371463 0.0309478 0.0250654 0.0196067 0.0146937 0.0104551 0.00699655 0.00436263
 0.00791878 0.0129294 0.01958 0.027842 0.0374495 0.0477432 0.0576399 0.0658993 0.0715692 0.0742839 0.0742273 0.0718867 0.0678268 0.0625768 0.0565897 0.0502236 0.0437407 0.0373243 0.0311073 0.0252006 0.0197162 0.0147788 0.0105178 0.00703931 0.00438882
 0.00783425 0.0128125 0.0194409 0.0276991 0.0373201 0.0476306 0.0575281 0.0657606 0.0713845 0.0740609 0.0740038 0.0717151 0.0677501 0.0626119 0.0567253 0.0504311 0.0439866 0.0375789 0.0313482 0.0254128 0.0198919 0.0149157 0.0106179 0.00710745 0.00443155
 0.00773808 0.012656 0.0192066 0.0273757 0.0369094 0.0471565 0.057039 0.0653203 0.0710501 0.0738615 0.0739349 0.0717519 0.0678687 0.0628008 0.0569818 0.0507493 0.04435 0.0379611 0.0317198 0.0257487 0.0201753 0.0151392 0.0107825 0.00722017 0.00450277
 0.00778397 0.012721 0.0192859 0.0274569 0.0369737 0.0471823 0.0570074 0.0652211 0.0708878 0.0736565 0.0737176 0.0715524 0.0677071 0.0626862 0.0569171 0.050737 0.0443915 0.0380525 0.0318487 0.0258963 0.0203214 0.0152677 0.0108842 0.00729323 0.00455044
 0.00771091 0.0126133 0.0191443 0.0272884 0.0367892 0.0469913 0.0568156 0.0650309 0.0707013 0.0734801 0.0735641 0.0714396 0.0676529 0.062702 0.057004 0.0508863 0.0445888 0.0382821 0.0320945 0.0261414 0.0205489 0.015463 0.0110385 0.0074047 0.00462382
 0.0076943 0.0125931 0.0191266 0.0272833 0.0368083 0.0470433 0.0569013 0.0651403 0.0708136 0.0735673 0.073599 0.071405 0.0675496 0.0625498 0.0568351 0.0507342 0.0444784 0.0382249 0.0320894 0.0261782 0.0206124 0.0155368 0.0111086 0.00746207 0.00466505
 0.00776065 0.0126606 0.019155 0.0272143 0.0365859 0.0466437 0.0563559 0.0645337 0.070256 0.0731549 0.0733838 0.0713872 0.0676895 0.0627903 0.0571234 0.0510342 0.0447728 0.0385088 0.0323619 0.0264357 0.0208473 0.01574 0.0112725 0.00758389 0.00474778
 0.0084415 0.0136206 0.0203261 0.0284356 0.0376424 0.0473336 0.0565514 0.0642096 0.069486 0.072087 0.0722043 0.0702767 0.0667811 0.0621451 0.0567331 0.0508466 0.0447231 0.038542 0.0324407 0.0265378 0.020958 0.0158477 0.0113677 0.00765994 0.00480252
 0.00921936 0.0148546 0.0221155 0.0308236 0.0405741 0.0506104 0.0598096 0.06697 0.0712832 0.0726277 0.0714662 0.0684939 0.0643378 0.0594436 0.0540964 0.0484768 0.0427092 0.0368942 0.031129 0.0255197 0.0201917 0.015294 0.0109879 0.00741546 0.00465614
 0.00916067 0.0148918 0.0224151 0.0316173 0.0420932 0.0529795 0.0629513 0.0705733 0.0748598 0.0756321 0.0734327 0.0691495 0.0636614 0.0576526 0.0515651 0.0456208 0.0398831 0.0343371 0.0289616 0.023774 0.0188474 0.0143049 0.0102969 0.00696105 0.00437767
 0.00884264 0.0144004 0.0217331 0.0307727 0.0411844 0.0521956 0.0625636 0.0708723 0.0760391 0.0776688 0.0760403 0.0718458 0.0659247 0.0590913 0.0520236 0.0451875 0.0388154 0.0329505 0.0275335 0.0224919 0.0178034 0.0135187 0.00974463 0.006599 0.00415703
 0.00871482 0.0141682 0.0213404 0.0301576 0.0403018 0.0510536 0.061259 0.0696041 0.0750824 0.077307 0.0764706 0.0730911 0.0677935 0.0612176 0.0539823 0.0466364 0.0395953 0.0331007 0.027231 0.0219576 0.0172249 0.0130135 0.0093614 0.00633871 0.00399659
 0.00889197 0.0143999 0.0215834 0.0303321 0.0403073 0.0507988 0.0606928 0.0687393 0.0740076 0.0761861 0.0755236 0.0725465 0.0678168 0.0618395 0.0550677 0.04792 0.0407773 0.0339547 0.0276699 0.0220306 0.0170608 0.0127515 0.00910372 0.0061368 0.0038614
 0.00889548 0.0144382 0.021697 0.0305683 0.0406942 0.0513111 0.061232 0.0691488 0.0741271 0.0759213 0.0748948 0.0716928 0.0669536 0.0611882 0.0547796 0.0480234 0.0411712 0.0344579 0.028101 0.0222782 0.0171088 0.0126552 0.00894363 0.00597858 0.00373942
 0.00889864 0.0144235 0.0216416 0.0304467 0.0404946 0.0510542 0.0609765 0.0689706 0.0740768 0.0759866 0.0749985 0.0717359 0.0668773 0.0610142 0.0546017 0.0479554 0.0412836 0.0347402 0.0284704 0.0226268 0.0173561 0.0127766 0.0089633 0.00594229 0.00368791
 0.00895604 0.0145092 0.021755 0.0305785 0.0406253 0.0511549 0.0610155 0.0689257 0.07395 0.0758088 0.0748161 0.0715837 0.0667587 0.0609066 0.0544851 0.0478394 0.0412068 0.0347427 0.028562 0.0227767 0.0175109 0.0128911 0.00902 0.00595081 0.00367037
 0.00887509 0.0143836 0.0215774 0.0303471 0.0403451 0.0508384 0.0606828 0.0686026 0.0736634 0.0755827 0.0746704 0.0715337 0.0668122 0.0610576 0.0547109 0.0481077 0.0414903 0.0350282 0.0288466 0.0230543 0.0177653 0.0131004 0.00916944 0.00604061 0.00371397
 0.00892803 0.0144441 0.0216218 0.0303388 0.0402454 0.0506243 0.06036 0.0682075 0.0732511 0.0752089 0.0743772 0.0713449 0.0667354 0.0610893 0.0548389 0.0483122 0.0417463 0.0353099 0.0291319 0.0233264 0.0180097 0.0133044 0.00932405 0.00614463 0.00377475
 0.00870763 0.0141491 0.0212927 0.0300471 0.0400672 0.0506009 0.0604724 0.0683815 0.0733946 0.0752568 0.0743168 0.0712108 0.0665848 0.0609746 0.0547931 0.0483463 0.0418536 0.0354728 0.029328 0.0235328 0.0182062 0.0134752 0.00945904 0.00624062 0.00383537
 0.0087493 0.0141847 0.0212904 0.0299671 0.0398833 0.0503285 0.0601796 0.0681688 0.0733445 0.0753857 0.074563 0.0714693 0.0667638 0.061036 0.0547558 0.0482612 0.0417727 0.03543 0.0293341 0.0235812 0.0182809 0.013558 0.00953497 0.00630057 0.00387657
 0.00869045 0.0141223 0.0212552 0.0300009 0.0400193 0.0505658 0.0604714 0.0684379 0.0735235 0.0754527 0.0745467 0.0714191 0.0667105 0.0609759 0.0546657 0.0481265 0.0416029 0.0352539 0.029183 0.0234745 0.0182219 0.0135374 0.00953813 0.00631381 0.00389063
 0.00851989 0.0138957 0.0210091 0.0298035 0.0399552 0.0507077 0.0608514 0.0690302 0.074244 0.0761786 0.0751507 0.0718084 0.0668524 0.0608958 0.0544221 0.0477821 0.0412099 0.0348533 0.0288094 0.0231554 0.0179733 0.0133615 0.00942548 0.00624847 0.00385627
 0.00862325 0.0140006 0.0210545 0.0297042 0.0396387 0.050164 0.0601667 0.0683732 0.0738033 0.0760823 0.0754149 0.0723401 0.0674984 0.0615058 0.0548952 0.048081 0.0413482 0.0348716 0.0287542 0.0230678 0.0178841 0.0132889 0.00937605 0.00622019 0.00384292
 0.00838415 0.0136681 0.0206542 0.0292852 0.0392474 0.0498118 0.0598169 0.0679666 0.0733131 0.0755604 0.0749899 0.0721598 0.0676527 0.0619808 0.0555841 0.0488382 0.0420474 0.0354397 0.0291724 0.0233537 0.0180703 0.0134077 0.00945204 0.00626928 0.00387443
#obs surv len freq
 nan nan nan nan nan nan nan nan nan nan nan nan nan nan nan nan nan nan nan nan nan nan nan nan nan
 0.00448352 0.00734432 0.0111738 0.0159897 0.0216901 0.0279655 0.0342796 0.0400111 0.044691 0.0481553 0.0505137 0.0520102 0.052903 0.0534158 0.0537305 0.0539857 0.0542645 0.0545574 0.0546963 0.0542882 0.0527262 0.0493583 0.0438078 0.0362876 0.0276709
 0.00461628 0.00756178 0.0115037 0.016458 0.0223143 0.0287451 0.0351863 0.0409864 0.045654 0.0490191 0.0512015 0.0524668 0.0531006 0.0533537 0.0534307 0.0534855 0.0536073 0.053786 0.0538496 0.0534033 0.0518419 0.0485177 0.0430557 0.0356619 0.0271927
 0.00477933 0.00782926 0.0119108 0.0170388 0.0230956 0.0297349 0.0363626 0.0422913 0.0470002 0.0503033 0.0523205 0.0533301 0.0536399 0.0535299 0.0532366 0.052944 0.0527645 0.0527017 0.0525907 0.0520403 0.0504505 0.0471787 0.0418496 0.0346551 0.0264218
 0.00497072 0.00814149 0.0123828 0.0177081 0.0239912 0.0308669 0.0377104 0.0437984 0.0485801 0.051853 0.0537343 0.0545082 0.0544949 0.0539923 0.0532621 0.0525185 0.0519068 0.0514616 0.0510443 0.0502855 0.048603 0.0453661 0.0401978 0.0332668 0.0253549
 0.00518693 0.00849578 0.0129212 0.0184751 0.0250213 0.0321708 0.0392612 0.0455273 0.0503862 0.0536225 0.0553571 0.055887 0.0555452 0.0546423 0.0534536 0.0522122 0.0510891 0.0501532 0.0493061 0.0482215 0.0463576 0.043112 0.0381119 0.0314966 0.0239862
 0.00539462 0.00883771 0.013444 0.0192256 0.0260382 0.0334711 0.0408257 0.0472944 0.0522596 0.0554881 0.0571009 0.0574052 0.0567485 0.0554556 0.0538142 0.0520695 0.0504091 0.0489282 0.0475699 0.0460633 0.043927 0.040608 0.0357512 0.0294671 0.0224034
 0.00564255 0.00924081 0.0140509 0.0200819 0.0271783 0.0349055 0.042527 0.0491922 0.0542493 0.0574504 0.0589196 0.0589779 0.0579895 0.0562948 0.0541941 0.0519422 0.0497369 0.0476913 0.0457831 0.0437973 0.0413245 0.037879 0.0331397 0.0271954 0.020616
 0.00588836 0.00964383 0.0146637 0.0209552 0.028351 0.036389 0.0442893 0.0511531 0.0562931 0.0594495 0.0607553 0.0605509 0.0592214 0.0571238 0.0545703 0.051823 0.0490858 0.0464837 0.0440217 0.0415371 0.0386941 0.0350838 0.0304318 0.0248147 0.0187265
 0.00612843 0.0100397 0.01527 0.0218262 0.0295303 0.0378922 0.0460867 0.0531633 0.0583945 0.0615038 0.0626313 0.0621392 0.0604394 0.0579141 0.0548944 0.0516529 0.0483978 0.0452603 0.042265 0.0392931 0.0360784 0.03229 0.0277072 0.0224025 0.0167994
 0.00638177 0.0104526 0.0158933 0.0227086 0.0307091 0.0393795 0.047854 0.0551351 0.0604571 0.0635251 0.0644814 0.0637048 0.0616314 0.0586696 0.0551744 0.0514357 0.0476718 0.0440207 0.0405223 0.0370936 0.033529 0.0295703 0.0250502 0.0200423 0.0149062
 0.00663304 0.0108659 0.0165239 0.0236099 0.0319214 0.0409119 0.0496675 0.057138 0.0625203 0.0655086 0.0662583 0.0651732 0.0627159 0.0593184 0.0553557 0.0511332 0.0468802 0.0427442 0.0387805 0.034937 0.0310607 0.0269568 0.0225064 0.0177849 0.0130943
 0.00684302 0.0112117 0.017053 0.0243697 0.032951 0.0422275 0.051247 0.0589141 0.0643876 0.0673422 0.0679339 0.0665824 0.0637745 0.0599692 0.0555653 0.0508867 0.0461748 0.0415876 0.0371955 0.0329753 0.0288196 0.0245885 0.020204 0.0157423 0.0114536
 0.00707538 0.0115913 0.0176275 0.0251839 0.0340371 0.0435911 0.0528519 0.0606789 0.0661976 0.0690719 0.0694683 0.0678282 0.0646635 0.0604573 0.0556301 0.050523 0.0453899 0.0403983 0.0356319 0.0310913 0.0267077 0.0223869 0.0180841 0.0138738 0.00995913
 0.00727354 0.0119192 0.0181312 0.0259094 0.0350202 0.0448413 0.0543376 0.0623223 0.0678862 0.0706817 0.0708851 0.0689613 0.06545 0.0608611 0.0556369 0.0501352 0.0446209 0.0392706 0.0341797 0.0293692 0.024802 0.0204207 0.0162063 0.0122288 0.00864925
 0.00744231 0.0121971 0.0185561 0.0265191 0.0358451 0.0458929 0.0555959 0.06373 0.0693549 0.072107 0.0721631 0.070002 0.066185 0.0612476 0.0556572 0.0497917 0.0439305 0.0382601 0.0328868 0.0278488 0.0231341 0.0187138 0.0145877 0.0108193 0.00753215
 0.00753642 0.0123507 0.018789 0.0268517 0.0362966 0.0464771 0.056316 0.0645736 0.0702928 0.073094 0.0731412 0.0709039 0.0669408 0.0617926 0.05594 0.0497797 0.0436115 0.0376421 0.0319969 0.026735 0.0218685 0.0173925 0.0133203 0.00970847 0.00664862
 0.00763094 0.0124972 0.0189964 0.0271242 0.0366344 0.0468774 0.0567732 0.0650794 0.0708369 0.0736645 0.0737236 0.0714774 0.0674748 0.0622452 0.0562619 0.0499219 0.0435349 0.037325 0.0314412 0.0259693 0.0209495 0.0164011 0.0123507 0.0088488 0.00596017
 0.00764984 0.0125283 0.0190437 0.027192 0.036726 0.046995 0.0569175 0.0652507 0.0710372 0.0738995 0.0740013 0.0718033 0.0678447 0.0626395 0.0566437 0.0502406 0.0437352 0.0373588 0.0312791 0.0256105 0.0204255 0.0157727 0.011696 0.00824506 0.00546437
 0.00772366 0.0126341 0.0191768 0.0273394 0.0368707 0.0471228 0.0570216 0.0653334 0.0711066 0.0739664 0.0740771 0.0718993 0.0679704 0.062799 0.0568304 0.0504331 0.0438971 0.0374457 0.0312503 0.0254425 0.0201228 0.0153696 0.0112489 0.00781584 0.00510243
 0.00778081 0.012726 0.0193125 0.0275239 0.0371014 0.0473847 0.0572862 0.0655631 0.0712673 0.0740409 0.0740716 0.0718397 0.0678909 0.0627304 0.0567917 0.0504278 0.0439121 0.0374538 0.0312171 0.0253381 0.0199338 0.0151066 0.0109447 0.00751372 0.00484102
 0.00781353 0.0127751 0.019379 0.0276068 0.037199 0.0474958 0.0574096 0.0656953 0.0713992 0.0741573 0.074155 0.0718777 0.0678833 0.0626902 0.05674 0.0503841 0.0438856 0.0374389 0.0311956 0.0252864 0.019834 0.0149561 0.0107584 0.00731869 0.00466539
 0.00785871 0.0128414 0.0194654 0.0277076 0.0373049 0.047597 0.0574981 0.0657666 0.0714529 0.0741958 0.0741812 0.0718926 0.0678845 0.0626747 0.0567079 0.050341 0.0438399 0.0373965 0.0311544 0.0252368 0.019764 0.0148593 0.0106393 0.00719151 0.00454792
 0.0078773 0.0128715 0.0195101 0.0277686 0.0373817 0.0476845 0.0575867 0.0658434 0.0715062 0.07422 0.0741791 0.0718733 0.0678586 0.0626492 0.0566849 0.0503189 0.043817 0.0373717 0.0311266 0.0252028 0.0197189 0.0147993 0.0105656 0.00711163 0.00447241
 0.00788919 0.0128863 0.0195241 0.0277764 0.0373779 0.0476673 0.0575595 0.0658138 0.0714828 0.0742079 0.0741789 0.0718825 0.0678744 0.0626705 0.0567114 0.0503496 0.0438492 0.0374014 0.0311495 0.0252148 0.0197167 0.0147813 0.0105336 0.00707076 0.00443013
 0.00789855 0.0129023 0.0195494 0.027813 0.0374254 0.0477216 0.0576118 0.0658531 0.0715 0.0742003 0.0741514 0.0718446 0.0678359 0.062638 0.0566877 0.0503349 0.0438421 0.0373994 0.0311493 0.0252125 0.0197086 0.0147655 0.0105103 0.00704273 0.00440176
 0.00790122 0.0129023 0.0195416 0.0277908 0.0373834 0.047659 0.0575352 0.0657748 0.0714331 0.0741542 0.0741288 0.0718434 0.0678522 0.0626688 0.0567307 0.0503876 0.0439008 0.0374595 0.0312057 0.0252605 0.0197447 0.0147877 0.0105191 0.00704102 0.00439377
 0.00789311 0.0128873 0.0195158 0.0277488 0.03732 0.0475705 0.0574216 0.0656424 0.0712947 0.0740274 0.0740322 0.0717912 0.0678506 0.0627145 0.0568139 0.0504953 0.0440207 0.0375809 0.0313198 0.0253605 0.0198258 0.0148478 0.0105587 0.00706323 0.00440343
 0.00787669 0.0128572 0.0194642 0.0276669 0.0372001 0.0474103 0.0572273 0.065429 0.0710835 0.0738408 0.0738902 0.0717088 0.0678361 0.0627688 0.0569296 0.0506581 0.0442119 0.0377813 0.0315126 0.0255328 0.0199694 0.0149589 0.0106379 0.00711457 0.00443322
 0.00784631 0.0128075 0.0193889 0.0275598 0.0370563 0.0472282 0.057011 0.0651899 0.0708398 0.0736156 0.0737071 0.071588 0.0677915 0.0628052 0.0570426 0.0508351 0.0444342 0.0380267 0.031759 0.025761 0.0201653 0.015115 0.0107527 0.00719224 0.00448105
 0.00783427 0.0127828 0.0193424 0.02748 0.0369326 0.0470555 0.0567936 0.0649425 0.0705844 0.0733759 0.0735047 0.0714407 0.0677121 0.0628015 0.0571158 0.0509791 0.0446353 0.0382655 0.0320128 0.0260073 0.0203854 0.0152962 0.0108902 0.00728781 0.00454171
 0.00783237 0.0127823 0.0193457 0.0274895 0.0369482 0.0470713 0.0567969 0.0649166 0.0705149 0.0732579 0.0733467 0.0712626 0.0675397 0.0626596 0.0570239 0.0509485 0.0446681 0.0383546 0.0321433 0.0261594 0.0205387 0.0154338 0.0110013 0.00736894 0.00459518
 0.00778486 0.012706 0.0192332 0.0273362 0.0367547 0.0468467 0.0565604 0.0646937 0.0703304 0.0731272 0.0732718 0.0712356 0.0675504 0.062702 0.0570977 0.0510566 0.0448125 0.0385325 0.0323456 0.0263717 0.0207435 0.015615 0.0111478 0.00747683 0.00466726
 0.00773992 0.0126293 0.0191114 0.0271555 0.0365051 0.0465283 0.0561891 0.0643027 0.069964 0.0728303 0.0730785 0.0711616 0.0675915 0.062839 0.0573047 0.051309 0.0450916 0.0388251 0.0326406 0.0266572 0.0210061 0.0158418 0.0113297 0.00761082 0.00475734
 0.00774719 0.0126337 0.0191039 0.0271223 0.0364297 0.0463965 0.0559935 0.0640471 0.0696647 0.0725153 0.0727841 0.0709254 0.0674441 0.0627961 0.0573645 0.0514553 0.0453002 0.0390711 0.0329023 0.0269165 0.0212478 0.016053 0.0115013 0.00773934 0.0048452
 0.00931704 0.0148392 0.0217824 0.0299068 0.0388546 0.0480657 0.0567151 0.0638602 0.0687675 0.0711581 0.0711916 0.0692679 0.0658408 0.0613272 0.05608 0.0503792 0.0444345 0.0384012 0.032404 0.0265619 0.0210087 0.0159025 0.0114145 0.00769447 0.00482506
 0.00930447 0.0151058 0.0226898 0.0319042 0.0422843 0.0529007 0.062391 0.0693652 0.0729982 0.0733506 0.0711706 0.0673965 0.0627622 0.0576893 0.0523746 0.0469101 0.0413577 0.0357784 0.0302435 0.024842 0.0196905 0.014936 0.0107422 0.00725495 0.0045574
 0.00895978 0.0145678 0.021943 0.0310041 0.0414081 0.0523795 0.0626687 0.0708402 0.0757852 0.0771032 0.0751231 0.0706509 0.0646579 0.0580307 0.0514062 0.0451117 0.039219 0.0336646 0.0283665 0.023293 0.0184846 0.014047 0.0101233 0.00685055 0.00431141
 0.0087937 0.014284 0.0214914 0.030334 0.0404881 0.0512332 0.0614177 0.0697295 0.0751588 0.0773071 0.076351 0.0728028 0.0673117 0.0605783 0.0532964 0.0460579 0.0392564 0.0330546 0.0274373 0.022316 0.0176256 0.0133753 0.00964394 0.00653519 0.00411993
 0.00872069 0.0141585 0.0212887 0.0300242 0.0400391 0.0506194 0.0606335 0.0688083 0.0741925 0.0764583 0.0758397 0.0728491 0.0680402 0.0619268 0.0549955 0.0477192 0.0405282 0.0337555 0.0275916 0.0220893 0.0172211 0.0129541 0.00929554 0.00628741 0.00396353
 0.00869132 0.0141095 0.0212123 0.0299101 0.0398752 0.0503909 0.0603252 0.0684081 0.073699 0.075893 0.0752621 0.0723651 0.0677892 0.0620369 0.0555184 0.0485802 0.0415345 0.0346697 0.0282319 0.0223939 0.0172447 0.0128116 0.00909955 0.00611115 0.00383643
 0.00871198 0.0141383 0.0212464 0.0299432 0.0398977 0.0503913 0.0602908 0.068325 0.0735528 0.0756721 0.0749644 0.0720095 0.067425 0.0617445 0.0553902 0.0486814 0.0418633 0.035144 0.0287197 0.0227727 0.0174521 0.0128583 0.00904266 0.00601551 0.00374718
 0.00867859 0.0140909 0.0211875 0.0298792 0.0398362 0.0503376 0.060245 0.0682819 0.0735035 0.0756064 0.0748731 0.0718871 0.0672749 0.0615853 0.0552592 0.0486278 0.0419281 0.0353348 0.0289981 0.0230677 0.0176927 0.013005 0.00909741 0.00600832 0.00371362
 0.00866065 0.0140613 0.0211427 0.0298165 0.0397559 0.0502449 0.0601507 0.0681999 0.0734455 0.075576 0.0748635 0.0718837 0.067262 0.0615541 0.0552136 0.048587 0.0419204 0.0353851 0.0291127 0.0232268 0.0178582 0.0131393 0.00918069 0.00604289 0.00371599
 0.00865179 0.0140446 0.0211132 0.0297686 0.0396843 0.0501477 0.0600316 0.0680695 0.0733197 0.0754723 0.0747958 0.0718575 0.0672729 0.0615896 0.0552596 0.0486346 0.041971 0.0354483 0.0291985 0.023336 0.0179788 0.0132513 0.00926654 0.00609579 0.00374043
 0.00863576 0.0140223 0.0210866 0.0297409 0.0396587 0.0501246 0.0600074 0.0680377 0.0732749 0.0754135 0.0747289 0.0717938 0.0672244 0.0615643 0.0552586 0.0486535 0.042004 0.0354923 0.0292537 0.0234031 0.0180542 0.0133264 0.00933081 0.00614207 0.00376775
 0.00862969 0.0140097 0.0210628 0.0297009 0.0395992 0.0500469 0.0599192 0.0679514 0.0732025 0.0753621 0.0746983 0.0717795 0.0672219 0.0615722 0.0552783 0.0486866 0.0420502 0.0355492 0.0293184 0.0234724 0.0181247 0.0133931 0.00938824 0.00618583 0.00379666
 0.008642 0.014031 0.0210967 0.0297504 0.0396645 0.0501234 0.0599959 0.0680133 0.073236 0.0753601 0.0746628 0.0717188 0.0671465 0.0614916 0.0552 0.0486169 0.0419942 0.0355105 0.0292981 0.0234694 0.0181354 0.0134127 0.00941091 0.0062066 0.00381243
 0.0086114 0.0139849 0.0210346 0.0296748 0.0395816 0.0500418 0.059926 0.0679651 0.0732155 0.0753671 0.0746908 0.071758 0.0671883 0.0615307 0.0552352 0.0486491 0.0420254 0.0355428 0.0293328 0.0235067 0.0181744 0.0134508 0.00944517 0.00623446 0.00383267
 0.00861992 0.0139937 0.0210386 0.0296667 0.0395541 0.0499917 0.0598571 0.0678878 0.0731444 0.0753152 0.0746656 0.0717598 0.0672108 0.061565 0.0552727 0.0486844 0.0420566 0.0355707 0.0293593 0.0235334 0.0182016 0.0134776 0.00946986 0.00625516 0.00384824
 0.00861992 0.0139937 0.0210386 0.0296667 0.0395541 0.0499917 0.0598571 0.0678878 0.0731444 0.0753152 0.0746656 0.0717598 0.0672108 0.061565 0.0552727 0.0486844 0.0420566 0.0355707 0.0293593 0.0235334 0.0182016 0.0134776 0.00946986 0.00625516 0.00384824
 0.00854449 0.0138799 0.0208838 0.0294742 0.0393321 0.0497516 0.0596125 0.0676557 0.0729444 0.0751687 0.0745911 0.0717684 0.0673022 0.0617264 0.0554823 0.0489168 0.042289 0.0357864 0.0295488 0.0236929 0.0183312 0.013579 0.00954572 0.00630885 0.00388369
#pred catch len freq
 0.00311517 0.00508742 0.00773334 0.0111149 0.0152791 0.0202033 0.0257362 0.031598 0.0374422 0.0429291 0.0477748 0.0517849 0.0548778 0.0570828 0.058508 0.0593024 0.0596279 0.0596282 0.0593567 0.0586601 0.0570891 0.0539682 0.0487041 0.0412146 0.0321818
 0.0034181 0.00549005 0.00817575 0.0114924 0.0154794 0.0201604 0.0254678 0.0311968 0.0370258 0.0425798 0.0475105 0.051575 0.0546883 0.0569167 0.0584177 0.0593663 0.0599049 0.0601104 0.0599472 0.0591933 0.0573919 0.0539355 0.0483459 0.0406462 0.0315637
 0.00345141 0.00560744 0.00846143 0.012043 0.0163545 0.0213201 0.0267404 0.0323183 0.0377465 0.042777 0.0472311 0.0509844 0.0539712 0.0562049 0.0577803 0.0588411 0.0595237 0.0598917 0.0598659 0.0591636 0.0572895 0.0536551 0.0478581 0.0400138 0.0309057
 0.00358166 0.00579144 0.00869489 0.0123249 0.0167122 0.0218309 0.0275207 0.0334623 0.0392361 0.0444262 0.0487238 0.0520026 0.0543354 0.0559342 0.0570455 0.0578638 0.0584922 0.0589244 0.0590078 0.0583955 0.0565494 0.0528772 0.0470176 0.039149 0.0301001
 0.00382442 0.00616958 0.00923094 0.0130235 0.0175555 0.0227794 0.0285236 0.0344815 0.0402709 0.0455106 0.0498788 0.0531681 0.0553417 0.0565557 0.0571092 0.0573351 0.0574811 0.0576178 0.0575845 0.0569711 0.0551706 0.0515523 0.0457581 0.0379945 0.0291117
 0.00399305 0.00645932 0.00969595 0.0137239 0.0185438 0.0240776 0.0300999 0.0362411 0.0420722 0.0472046 0.0513518 0.0543619 0.056235 0.0571198 0.0572765 0.0570162 0.0566218 0.0562498 0.0558274 0.0549895 0.0531223 0.0495634 0.043927 0.0364032 0.0278232
 0.00414912 0.00671097 0.010074 0.0142639 0.0192897 0.0250804 0.0314064 0.0378704 0.0439871 0.0492931 0.0534349 0.0562333 0.0577153 0.0580939 0.057693 0.0568587 0.0558854 0.0549466 0.0540144 0.0527869 0.0507043 0.047127 0.0416579 0.034449 0.0262743
 0.0043688 0.00705461 0.0105669 0.0149231 0.0201255 0.0260982 0.0326072 0.03925 0.0455348 0.0509845 0.0552176 0.0580103 0.0593425 0.0594007 0.0585198 0.0570901 0.055463 0.0538668 0.0523257 0.0505965 0.0481828 0.0444957 0.0391524 0.0322712 0.0245511
 0.00457941 0.00740764 0.0111175 0.0157287 0.0212323 0.0275219 0.0343144 0.0411551 0.0475182 0.0529241 0.0570149 0.0595979 0.0606708 0.0604147 0.0591427 0.0572252 0.0550149 0.0527719 0.0505803 0.0482765 0.0454514 0.0415902 0.0363449 0.0298085 0.0225958
 0.00481381 0.00778943 0.0116958 0.0165553 0.0223591 0.0289909 0.0361396 0.0433012 0.0498865 0.0553549 0.0593127 0.0615727 0.0621808 0.0613854 0.0595536 0.057075 0.0542919 0.0514511 0.0486502 0.0457814 0.0425256 0.038462 0.0332997 0.0271196 0.0204518
 0.00508698 0.0082281 0.0123472 0.0174635 0.0235617 0.0305117 0.0379776 0.0454197 0.0522085 0.0577643 0.0616594 0.0636844 0.0638847 0.0625378 0.0600639 0.0569105 0.053461 0.0499799 0.0465752 0.043169 0.039506 0.0352491 0.0301695 0.0243468 0.0182332
 0.00527441 0.00854774 0.0128567 0.0182283 0.0246435 0.0319502 0.0397697 0.0475095 0.0544927 0.0601095 0.0639203 0.0657173 0.0655549 0.063726 0.0606736 0.0568761 0.0527533 0.0486061 0.0445779 0.0406333 0.0365751 0.0321352 0.0271364 0.0216565 0.0160758
 0.00548414 0.00888085 0.013346 0.018906 0.0255441 0.03311 0.0412174 0.0492489 0.0564829 0.0622538 0.0660727 0.0677073 0.0672199 0.0649358 0.0613382 0.0569401 0.0521881 0.0474084 0.0427776 0.0383072 0.0338625 0.0292418 0.0243134 0.0191497 0.0140631
 0.00571928 0.00925601 0.0138975 0.0196633 0.0265255 0.0343167 0.0426273 0.0508161 0.0581457 0.0639446 0.0677212 0.069235 0.0685347 0.0659363 0.0619268 0.0570378 0.0517434 0.0464007 0.0412221 0.0362662 0.0314589 0.026662 0.0217869 0.0169011 0.0122548
 0.00594164 0.00961792 0.0144433 0.0204354 0.0275571 0.0356194 0.0441766 0.0525427 0.0599415 0.0656824 0.0692796 0.0705189 0.0694847 0.066522 0.0621321 0.0568458 0.0511323 0.0453516 0.0397355 0.0343825 0.0292753 0.0243367 0.0195191 0.0148877 0.0106382
 0.00612999 0.00992188 0.0148977 0.0210742 0.0284108 0.0367079 0.0454983 0.0540632 0.0615871 0.0673435 0.0708251 0.0718184 0.0704338 0.0670602 0.0622441 0.0565472 0.0504486 0.0443051 0.0383476 0.0326914 0.0273576 0.0223181 0.0175623 0.0131559 0.00924998
 0.00627774 0.0101571 0.0152437 0.0215523 0.0290405 0.0375049 0.0464694 0.0551979 0.0628514 0.0686757 0.0721376 0.0730064 0.0713904 0.0676956 0.0625005 0.0564055 0.0499221 0.043427 0.0371617 0.031252 0.0257408 0.0206307 0.0159359 0.0117212 0.00810184
 0.00634075 0.0102605 0.0154014 0.0217791 0.0293506 0.0379102 0.0469761 0.0558058 0.0635536 0.0694586 0.0729775 0.0738637 0.072206 0.0683936 0.0630002 0.0566369 0.0498403 0.0430192 0.0364463 0.0302758 0.0245769 0.0193771 0.0147063 0.0106251 0.00721864
 0.00644851 0.0104244 0.0156277 0.0220677 0.0296976 0.0383113 0.0474276 0.0563023 0.0640845 0.0700071 0.073522 0.0743815 0.0726746 0.0687881 0.0632891 0.0567802 0.0497955 0.0427523 0.0359444 0.0295565 0.0236909 0.0184038 0.0137414 0.0097605 0.00652025
 0.00658208 0.0106204 0.0158835 0.0223673 0.0300173 0.0386276 0.0477245 0.0565741 0.0643348 0.0702449 0.0737574 0.0746207 0.0729156 0.0690189 0.0634878 0.0569164 0.0498325 0.0426532 0.0356816 0.0291233 0.0231108 0.0177306 0.0130494 0.00912564 0.00599959
 0.00662481 0.0106878 0.0159804 0.0224954 0.0301724 0.0387983 0.0478923 0.0567181 0.06444 0.0703118 0.0738039 0.0746753 0.0730044 0.0691542 0.0636616 0.0571022 0.049991 0.0427402 0.0356583 0.0289667 0.0228229 0.0173421 0.0126134 0.00870276 0.00563986
 0.00657838 0.0106209 0.0158956 0.022401 0.0300806 0.0387216 0.0478403 0.0566952 0.0644459 0.0703427 0.0738562 0.0747497 0.0731078 0.0692964 0.0638477 0.0573251 0.0502272 0.0429532 0.035807 0.0290177 0.0227617 0.0171798 0.0123842 0.00845253 0.00541143
 0.00660795 0.0106565 0.0159269 0.022412 0.0300567 0.0386577 0.0477471 0.0565971 0.0643708 0.0703096 0.0738688 0.0747983 0.0731782 0.0693789 0.0639407 0.0574312 0.050346 0.043074 0.0359084 0.0290734 0.0227521 0.0171011 0.0122517 0.00829512 0.00525993
 0.00671717 0.0108086 0.0161081 0.0225918 0.0301942 0.0387139 0.0476969 0.056438 0.0641251 0.0700214 0.0735928 0.0745842 0.0730562 0.0693531 0.0639949 0.0575403 0.0504854 0.0432226 0.0360464 0.0291812 0.022813 0.0171075 0.0122093 0.0082212 0.00517668
 0.00667652 0.0107655 0.0160838 0.0226162 0.0302914 0.0388844 0.0479059 0.0566213 0.0642147 0.0699758 0.0734164 0.0743246 0.0727825 0.0691298 0.0638618 0.0575063 0.0505343 0.0433252 0.0361705 0.0292986 0.0229023 0.0171569 0.0122181 0.00819892 0.00513829
 0.0066845 0.0107676 0.0160692 0.0225731 0.0302173 0.0387959 0.0478405 0.0566239 0.0643106 0.0701484 0.0736078 0.0744631 0.0728201 0.0690644 0.0637328 0.0573694 0.0504344 0.0432817 0.0361781 0.0293368 0.0229474 0.0171904 0.0122311 0.00819222 0.00511909
 0.00671135 0.0108079 0.0161223 0.0226339 0.0302742 0.0388317 0.0478368 0.0565704 0.064216 0.0700428 0.0735309 0.0744412 0.0728495 0.069114 0.0637659 0.0573671 0.0504037 0.0432452 0.0361568 0.0293386 0.0229662 0.0172136 0.0122478 0.0081976 0.00511468
 0.00667684 0.010759 0.0160623 0.0225705 0.0302175 0.0387902 0.0478139 0.0565622 0.0642121 0.0700323 0.0735091 0.0744153 0.0728353 0.0691264 0.0638076 0.0574264 0.0504639 0.0432952 0.0361961 0.0293726 0.0229994 0.0172452 0.0122737 0.00821457 0.00512242
 0.00668359 0.0107553 0.0160302 0.0224865 0.0300607 0.0385552 0.0475194 0.0562498 0.0639334 0.06983 0.0734049 0.0744078 0.0729085 0.0692598 0.0639824 0.0576264 0.0506729 0.0434973 0.0363782 0.0295274 0.0231251 0.017343 0.0123459 0.0082638 0.00515256
 0.00659588 0.0106313 0.0158768 0.022318 0.0298912 0.0383872 0.0473399 0.0560386 0.0636809 0.0695533 0.0731481 0.0742259 0.0728438 0.0693254 0.0641623 0.0578864 0.0509745 0.0438067 0.0366696 0.0297836 0.0233368 0.0175078 0.0124663 0.00834581 0.00520398
 0.00654015 0.0105389 0.0157358 0.0221192 0.0296336 0.0380838 0.0470196 0.0557391 0.0634338 0.0693717 0.0730266 0.0741536 0.0728193 0.0693613 0.0642749 0.0580816 0.0512398 0.0441144 0.0369867 0.0300805 0.0235929 0.0177128 0.0126186 0.00845068 0.00527046
 0.00654467 0.0105418 0.0157312 0.0220976 0.0295824 0.0379902 0.0468749 0.0555442 0.0632032 0.0691323 0.0728103 0.0739864 0.0727136 0.0693177 0.0642896 0.0581526 0.0513659 0.0442895 0.0371956 0.030301 0.0238015 0.0178914 0.0127579 0.00854975 0.00533473
