SBPRF35
7.50784
Curr Bio
637519
B35
511042
F35
0.216189
FOFL
0.216189
OFL
125076
Bzero
2.1451e+06
#pred survey bio
 3.30118e+06 3.21849e+06 3.04051e+06 2.93163e+06 2.81217e+06 2.58262e+06 2.21375e+06 1.93733e+06 1.76838e+06 1.58265e+06 1.42796e+06 1.32906e+06 1.23871e+06 1.12874e+06 1.04419e+06 921140 768300 693882 651310 620475 576168 554673 542613 553079 550543 553028 531985 493813 491182 498097 516650 538608 572531 600569 597637 563547 548291 538239 565249 580345 590459 601667 589222 543524 521601 515239 512880 540064 574605 575024 582876 568834 568483 641744 654927 622131 579254 571388 592659 577928 568801 577742 586825 645751 1.72983e+07 1.52659e+07 1.49013e+07 1.48933e+07 1.51193e+07 1.54481e+07 1.57905e+07 1.60989e+07 1.63551e+07 1.65576e+07 1.67127e+07 1.68293e+07 1.69159e+07 1.69799e+07 1.70272e+07 1.7062e+07 1.70878e+07 1.7107e+07 1.71213e+07 1.7132e+07 1.71401e+07 1.71462e+07 1.71508e+07 1.71543e+07 1.71569e+07 1.7159e+07 1.71605e+07 1.71617e+07 1.71626e+07 1.71633e+07 1.71638e+07 1.71643e+07 1.71646e+07 1.71648e+07 1.7165e+07 1.71651e+07 1.71652e+07 1.71653e+07 1.71654e+07 1.71655e+07 1.71655e+07 1.71655e+07 1.71655e+07 1.71656e+07 1.71656e+07 1.71656e+07 1.71656e+07 1.71656e+07 1.71656e+07 1.71656e+07 1.71656e+07 1.71656e+07 1.71656e+07 1.71656e+07 1.71656e+07 1.71656e+07 1.71656e+07 1.71656e+07 1.71656e+07 1.71656e+07 1.71656e+07 1.71656e+07 1.71656e+07 1.71656e+07 1.71656e+07 1.71656e+07 1.71656e+07 1.71656e+07 1.71656e+07 1.71656e+07 1.71656e+07 1.71656e+07 1.71656e+07 1.71656e+07 1.71656e+07 1.71656e+07 1.71656e+07 1.71656e+07 1.71656e+07 1.71656e+07 1.71656e+07 1.71656e+07 1.71656e+07 1.71656e+07 1.71656e+07 1.71656e+07 1.71656e+07 1.71656e+07 1.71656e+07 1.71656e+07 1.71656e+07 1.71656e+07 1.71656e+07 1.71656e+07 1.71656e+07 1.71656e+07 1.71656e+07 1.71656e+07 1.71656e+07 1.71656e+07 0 0 0 0 0 0 0 0 0 0 0 0 0 0 0 0 0 0 0 0 0 0 0 0 0
#obs survey bio
 2.98586e+06 3.71642e+06 3.34358e+06 1.99245e+06 3.24079e+06 3.502e+06 2.39866e+06 2.17614e+06 1.99413e+06 1.57807e+06 1.39724e+06 1.09981e+06 1.35313e+06 966279 1.09737e+06 1.53558e+06 631934 842794 718782 813504 521293 532281 523555 491617 471681 551149 621512 334498 630638 377370 510249 474961 466116 484298 567635 595546 425211 409969 687236 658931 655900 578310 632876 785153 447888 596305 492724 441354 509100 614277 677403 474851 562656 741210 537127 562431 656942 517314 563708 535875 593880 490693 428062 753166
#pred catch bio
 99689.2 97927.7 152467 207704 243237 280517 307019 301032 303388 313973 291829 290400 288165 255840 252142 219335 190796 159322 139341 129787 129153 126766 114621 119800 102050 106072 109805 107007 100222 98526 92688.5 91419.4 98376.5 93454.6 98037.1 93238.8 97664.9 85507.6 86717.5 89967 86606.2 84684.6 91748.5 85946.1 90838.3 88828.2 89469.9 93700.6 99318.5 87623 91740.8 108262 55186.5 87595.4 109763 102825 92128.1 49036 92038.5 101014 77710.4 103009 94890.1 68474.6 125076 120369 116005 114572 115425 117243 119240 121031 122475 123563 124347 124893 125264 125512 125675 125781 125850 125893 125921 125939 125950 125957 125962 125964 125966 125967 125968 125968 125968 125969 125969 125969 125969 125969 125969 125969 125969 125969 125969 125969 125969 125969 125969 125969 125969 125969 125969 125969 125969 125969 125969 125969 125969 125969 125969 125969 125969 125969 125969 125969 125969 125969 125969 125969 125969 125969 125969 125969 125969 125969 125969 125969 125969 125969 125969 125969 125969 125969 125969 125969 125969 125969 125969 125969 125969 125969 125969 125969 125969 125969 125969 125969 125969 125969 125969 125969 125969 125969 125969 125969 0 0 0 0 0 0 0 0 0 0 0 0 0 0 0 0 0 0 0 0 0 0 0 0 0
#obs catch bio
 0 97542.6 152669 208083 243209 280103 307241 301975 302685 314378 292359 291278 288094 256230 252538 218101 191726 159447 139400 129298 129393 126888 114769 120075 101862 105967 109495 107519 100134 98786.2 92530.2 91436.5 98696.2 93240.9 97959.6 93228.9 97785.3 85590.7 86628.6 90005.2 86633 84564.1 91729.9 85872.5 91000 88698.5 89618.9 93941.6 99289.6 87525.5 91477 109188 54769.3 87655.6 109929 102730 92664.1 48544.2 92377.5 101435 77300.8 103263 95386.9 68227.7
#pred cpue bio
 3.26618e+06 3.18451e+06 3.00731e+06 2.89787e+06 2.77798e+06 2.54923e+06 2.18295e+06 1.90777e+06 1.7389e+06 1.5539e+06 1.39935e+06 1.29993e+06 1.20918e+06 1.09942e+06 1.01492e+06 893376 743719 670440 628830 598897 555911 534781 522893 533053 530569 533128 512903 476004 473343 480210 498255 519603 552524 579823 577445 544497 528604 516961 541952 556584 566549 577614 565944 522012 500961 494783 492547 518657 551984 552414 560038 546530 545498 616845 630253 598025 555934 548214 570137 556317 547132 555990 564344 620713 1.66669e+07 1.47389e+07 1.43077e+07 1.42368e+07 1.44484e+07 1.4775e+07 1.51171e+07 1.54255e+07 1.56816e+07 1.58841e+07 1.60393e+07 1.61559e+07 1.62425e+07 1.63065e+07 1.63537e+07 1.63886e+07 1.64144e+07 1.64336e+07 1.64479e+07 1.64586e+07 1.64667e+07 1.64727e+07 1.64774e+07 1.64808e+07 1.64835e+07 1.64855e+07 1.64871e+07 1.64883e+07 1.64892e+07 1.64899e+07 1.64904e+07 1.64908e+07 1.64911e+07 1.64914e+07 1.64916e+07 1.64917e+07 1.64918e+07 1.64919e+07 1.6492e+07 1.6492e+07 1.64921e+07 1.64921e+07 1.64921e+07 1.64921e+07 1.64921e+07 1.64922e+07 1.64922e+07 1.64922e+07 1.64922e+07 1.64922e+07 1.64922e+07 1.64922e+07 1.64922e+07 1.64922e+07 1.64922e+07 1.64922e+07 1.64922e+07 1.64922e+07 1.64922e+07 1.64922e+07 1.64922e+07 1.64922e+07 1.64922e+07 1.64922e+07 1.64922e+07 1.64922e+07 1.64922e+07 1.64922e+07 1.64922e+07 1.64922e+07 1.64922e+07 1.64922e+07 1.64922e+07 1.64922e+07 1.64922e+07 1.64922e+07 1.64922e+07 1.64922e+07 1.64922e+07 1.64922e+07 1.64922e+07 1.64922e+07 1.64922e+07 1.64922e+07 1.64922e+07 1.64922e+07 1.64922e+07 1.64922e+07 1.64922e+07 1.64922e+07 1.64922e+07 1.64922e+07 1.64922e+07 1.64922e+07 1.64922e+07 1.64922e+07 1.64922e+07 1.64922e+07 1.64922e+07 1.64922e+07 0 0 0 0 0 0 0 0 0 0 0 0 0 0 0 0 0 0 0 0 0 0 0 0 0
#obs cpue bio
 3.80217e+06 3.82108e+06 2.13025e+06 3.77805e+06 2.75041e+06 2.41281e+06 1.71527e+06 1.20837e+06 2.38186e+06 1.30376e+06 1.23466e+06 1.44849e+06 1.3839e+06 1.03951e+06 1.03249e+06 787274 547943 618240 558369 605364 466534 591614 463823 639810 656478 567368 533270 438312 479768 511291 643407 499583 580748 961684 630432 449769 723824 549905 554969 465343 479209 655173 574661 339481 526067 513108 400953 562926 847315 457121 594009 474436 552888 653611 736915 720075 380499 780928 573351 508052 664531 606230 548017 695627
#pred surv len freq
 0.00423846 0.00698736 0.0107134 0.0154602 0.0211423 0.0274505 0.0338382 0.0396729 0.0444812 0.0481002 0.0506388 0.0523283 0.053395 0.0540102 0.0542919 0.0543281 0.0542007 0.053985 0.0536916 0.0531514 0.0519177 0.0493188 0.0447442 0.0380582 0.0298553
 0.00451318 0.00735313 0.0111169 0.0158084 0.0213357 0.0274323 0.0336263 0.039351 0.0441517 0.04783 0.0504363 0.0521626 0.0532402 0.0538807 0.0542477 0.0544455 0.0545255 0.0544907 0.0542662 0.0536252 0.0521266 0.0491762 0.0442802 0.0374029 0.029175
 0.00460925 0.00755759 0.0115071 0.0164684 0.022314 0.0286891 0.0350047 0.0406095 0.0450544 0.0482457 0.050379 0.0517543 0.0526325 0.0531961 0.0535687 0.0538333 0.054031 0.0541385 0.0540267 0.0534066 0.0518065 0.048663 0.0435666 0.0365737 0.0283636
 0.00471357 0.00772636 0.0117638 0.0168448 0.0228561 0.0294546 0.0360447 0.0419297 0.0465734 0.0497805 0.051685 0.0526106 0.0529257 0.0529515 0.0529164 0.0529427 0.0530548 0.0531821 0.0531357 0.0525661 0.0509607 0.0477561 0.0425893 0.0355818 0.0274542
 0.00485625 0.00796293 0.012128 0.0173703 0.0235695 0.0303672 0.0371462 0.043191 0.0479536 0.0512267 0.0531165 0.0539005 0.0539078 0.0534657 0.0528714 0.0523554 0.0520389 0.0518968 0.0517261 0.0511261 0.0495304 0.0463498 0.0412321 0.0343294 0.0263813
 0.00501002 0.00821868 0.0125238 0.017946 0.0243594 0.0313877 0.0383837 0.0445972 0.049454 0.0527374 0.0545587 0.0552015 0.0549891 0.0542306 0.0532111 0.0521802 0.0513198 0.050687 0.0501464 0.0493239 0.0476421 0.0444868 0.039489 0.0327928 0.0251231
 0.00523952 0.00859004 0.0130797 0.0187254 0.0253909 0.0326789 0.0399093 0.0462932 0.0512258 0.0544763 0.0561603 0.0565778 0.0560707 0.0549603 0.0535324 0.0520327 0.0506506 0.0494787 0.048443 0.0472378 0.0453362 0.0421454 0.037289 0.0308809 0.0235952
 0.00544585 0.00894808 0.0136597 0.019605 0.0266363 0.0343155 0.041895 0.0485144 0.0535195 0.0566697 0.0581041 0.0581621 0.0572252 0.0556446 0.0537231 0.0517106 0.0497948 0.0480753 0.0465095 0.0448506 0.0426448 0.0393597 0.0346417 0.0285772 0.0217676
 0.00563936 0.00926614 0.0141467 0.0203094 0.027607 0.0355923 0.0434936 0.0504092 0.0556339 0.0588772 0.0602434 0.0600634 0.05874 0.0566666 0.0541922 0.0516009 0.0490989 0.0467968 0.044672 0.042522 0.039961 0.0365275 0.031909 0.0261761 0.0198556
 0.005891 0.00967128 0.0147491 0.0211473 0.0287068 0.0369593 0.0451024 0.0522028 0.0575335 0.060796 0.0620933 0.0617515 0.0601639 0.0577186 0.0547729 0.051634 0.0485389 0.0456295 0.0429182 0.0402498 0.0373042 0.0336914 0.0291459 0.0237301 0.0178984
 0.00615684 0.0101159 0.0154402 0.022153 0.0300781 0.0387041 0.047163 0.0544531 0.0598055 0.0629229 0.0639448 0.0632475 0.0612637 0.0583997 0.0550109 0.0513938 0.0477793 0.0443185 0.0410538 0.0378832 0.0345593 0.0307693 0.0262993 0.0212073 0.0158772
 0.00636984 0.0104643 0.0159699 0.0229108 0.0311066 0.0400304 0.0487826 0.0563178 0.0618198 0.0649539 0.0658427 0.0648714 0.0625052 0.0591944 0.0553324 0.0512351 0.0471338 0.0431756 0.039412 0.0357783 0.0320924 0.0281173 0.0236944 0.0188834 0.0140056
 0.00661296 0.0108574 0.0165572 0.0237318 0.0321881 0.0413753 0.0503589 0.0580563 0.0636252 0.0667224 0.067475 0.0662761 0.0635996 0.0599078 0.0556135 0.0510557 0.0464853 0.0420614 0.0378482 0.033807 0.0298055 0.0256704 0.0212935 0.0167394 0.0122761
 0.00692904 0.0113613 0.0172965 0.0247426 0.033487 0.0429474 0.0521462 0.0599559 0.0655055 0.0684505 0.0689424 0.0674101 0.0643604 0.0602774 0.0555845 0.050624 0.0456495 0.0408259 0.0362305 0.0318514 0.0275991 0.0233532 0.0190467 0.0147474 0.0106755
 0.00707377 0.0116149 0.0177115 0.025378 0.0343936 0.0441451 0.0536044 0.0615886 0.0671892 0.0700532 0.0703491 0.068536 0.0651521 0.0607082 0.0556465 0.0503198 0.0449852 0.0398101 0.0348806 0.0302068 0.0257362 0.0213932 0.0171448 0.0130602 0.00931888
 0.00724732 0.0118999 0.0181466 0.0260025 0.0352423 0.0452372 0.0549295 0.0630965 0.0687889 0.0716244 0.0717614 0.0696714 0.0659255 0.0610772 0.0556087 0.0498995 0.0442178 0.0387319 0.0335284 0.0286274 0.0240014 0.0196077 0.0154389 0.0115633 0.00812431
 0.00746296 0.0122355 0.0186239 0.026633 0.0360266 0.0461657 0.0559797 0.064232 0.0699606 0.0727739 0.0728241 0.0705786 0.0666081 0.0614742 0.0556785 0.0496271 0.0436147 0.0378289 0.0323692 0.0272679 0.0225147 0.0180888 0.0139982 0.0103068 0.00712638
 0.00752047 0.0123576 0.0188594 0.0270413 0.0366594 0.04704 0.0570571 0.065421 0.0711436 0.0738455 0.0737159 0.0712606 0.0670724 0.061717 0.0556897 0.0493931 0.0431268 0.0370927 0.0314093 0.0261303 0.0212664 0.016816 0.0127967 0.00926474 0.00630294
 0.00762543 0.0124865 0.0189794 0.0271052 0.0366292 0.0469194 0.0569097 0.0653556 0.0712686 0.0742176 0.0743152 0.0720043 0.067852 0.0624329 0.0562673 0.049781 0.043291 0.0370144 0.0310891 0.0255932 0.0205643 0.0160241 0.0120021 0.0085489 0.00572354
 0.00769603 0.0125952 0.0191291 0.0272878 0.0368203 0.0470759 0.0569777 0.0652919 0.0710722 0.0739491 0.0740851 0.0719273 0.0679944 0.062784 0.0567496 0.0502857 0.0437141 0.0372784 0.0311514 0.0254467 0.0202365 0.015571 0.0114973 0.00806568 0.00531761
 0.00775958 0.0126947 0.0192716 0.0274764 0.0370524 0.0473398 0.0572488 0.0655314 0.0712326 0.0739897 0.0739929 0.0717333 0.0677701 0.0626151 0.0566975 0.0503599 0.0438698 0.0374396 0.0312415 0.025415 0.02007 0.0152937 0.011159 0.00772432 0.00502125
 0.00775537 0.0127113 0.0193389 0.0276346 0.0373389 0.0477699 0.0577999 0.0661412 0.0718139 0.0744539 0.0742719 0.0717938 0.0676212 0.0623071 0.0563096 0.0499748 0.0435448 0.0371889 0.0310401 0.0252195 0.019845 0.0150289 0.0108707 0.00744457 0.00478149
 0.00781143 0.0127875 0.0194277 0.0277244 0.0374233 0.0478589 0.0579233 0.0663382 0.0721098 0.0748375 0.0746891 0.0721631 0.067864 0.0623766 0.0562055 0.0497384 0.0432397 0.0368747 0.030752 0.0249635 0.0196086 0.0147987 0.0106452 0.007235 0.00460392
 0.00779052 0.0127493 0.0193624 0.0276195 0.0372666 0.0476438 0.0576568 0.0660475 0.0718446 0.0746616 0.0746608 0.0723103 0.0681666 0.0627703 0.0566054 0.0500727 0.0434716 0.0370049 0.0308037 0.0249627 0.0195725 0.0147357 0.0105622 0.00714256 0.00451542
 0.00793758 0.012961 0.0196297 0.0279153 0.0375513 0.0478758 0.0578018 0.066084 0.0717668 0.0744829 0.0744157 0.0720506 0.0679478 0.062632 0.0565559 0.0500875 0.0435085 0.0370249 0.0307863 0.0249072 0.0194896 0.014639 0.0104629 0.00704968 0.00443621
 0.00786389 0.0128542 0.0194923 0.0277559 0.0373795 0.0476957 0.0576091 0.0658708 0.0715315 0.0742393 0.0741939 0.0718899 0.0678846 0.0626888 0.0567348 0.0503681 0.0438512 0.0373805 0.0311089 0.0251658 0.0196726 0.0147512 0.0105187 0.00706701 0.00443168
 0.00780385 0.012766 0.0193774 0.0276229 0.037243 0.0475727 0.0575149 0.0658135 0.0715076 0.0742326 0.0741825 0.0718574 0.0678319 0.062636 0.0567128 0.0504036 0.0439539 0.0375386 0.0312946 0.0253461 0.0198215 0.0148558 0.0105798 0.00709394 0.00443715
 0.00782562 0.0128033 0.0194371 0.0277123 0.0373679 0.0477344 0.0577071 0.0660211 0.0717079 0.0743986 0.0742868 0.0718776 0.0677569 0.0624721 0.056486 0.050154 0.0437239 0.0373595 0.0311774 0.0252829 0.0197932 0.0148428 0.010569 0.00708057 0.00442199
 0.00775771 0.0127146 0.0193435 0.0276421 0.0373539 0.0478015 0.0578621 0.0662494 0.0719791 0.0746755 0.074533 0.0720625 0.0678583 0.0624791 0.0564015 0.0499965 0.0435245 0.0371541 0.0309966 0.025144 0.019698 0.0147824 0.0105311 0.00705523 0.00440375
 0.00781543 0.0127666 0.0193468 0.0275371 0.0370879 0.0473619 0.0572991 0.0656697 0.0715087 0.074411 0.0745104 0.0722551 0.0681978 0.0628846 0.0568017 0.0503424 0.0437936 0.0373473 0.0311299 0.025238 0.0197692 0.0148392 0.0105756 0.00708721 0.00442388
 0.0078914 0.0128827 0.0195049 0.0277265 0.0372792 0.0475039 0.0573252 0.0655198 0.0711612 0.0739092 0.0739584 0.0717808 0.0679014 0.0628026 0.0569055 0.0505634 0.0440568 0.037596 0.0313346 0.0253925 0.0198807 0.0149185 0.0106314 0.00712532 0.00444818
 0.00793063 0.0129324 0.0195542 0.0277571 0.037271 0.0474426 0.0572059 0.0653442 0.0709317 0.0736263 0.0736296 0.071434 0.0675904 0.0625936 0.0568493 0.0506719 0.0442983 0.037911 0.0316614 0.0256858 0.0201181 0.0150963 0.0107565 0.00720822 0.0044997
 0.00782783 0.0127859 0.0193711 0.0275554 0.0370718 0.0472599 0.0570401 0.0651853 0.0707682 0.0734549 0.0734575 0.0712753 0.0674625 0.0625172 0.0568483 0.0507678 0.0444983 0.0381995 0.0320009 0.0260298 0.0204265 0.0153455 0.0109402 0.00733275 0.00457753
 0.00774595 0.012654 0.0191763 0.0272901 0.0367398 0.046882 0.0566563 0.0648469 0.0705205 0.0733192 0.0734248 0.0713158 0.0675438 0.0626193 0.0569688 0.0509175 0.0446919 0.0384443 0.0322892 0.0263384 0.020724 0.0156036 0.0111422 0.00747589 0.00466959
 0.00778785 0.0126884 0.0191663 0.027182 0.0364792 0.0464386 0.0560457 0.0641352 0.0698084 0.0727131 0.073007 0.0711262 0.0675753 0.0628294 0.0572995 0.0513157 0.045121 0.0388839 0.0327265 0.0267595 0.0211103 0.0159352 0.0114049 0.0076661 0.00479479
 0.00850852 0.0137254 0.0204752 0.0286298 0.0378739 0.0475825 0.0567834 0.0643797 0.0695484 0.0720102 0.0719847 0.0699436 0.0663904 0.0617638 0.0564206 0.0506397 0.0446307 0.038549 0.0325169 0.0266485 0.0210729 0.0159461 0.0114401 0.00770669 0.00482916
 0.0091649 0.0147769 0.0220193 0.030722 0.0404871 0.0505603 0.0598156 0.0670405 0.0714089 0.0727792 0.0715992 0.0685644 0.0643204 0.0593435 0.0539472 0.0483262 0.0426006 0.036852 0.0311541 0.0255948 0.0202909 0.0153929 0.0110703 0.00747486 0.00469376
 0.00925744 0.015013 0.0225322 0.0316855 0.0420682 0.0528427 0.0627263 0.0703218 0.0746555 0.0755278 0.0734389 0.0692362 0.063776 0.0577452 0.0516074 0.0456124 0.0398459 0.0343014 0.0289513 0.0237982 0.0188998 0.0143707 0.0103605 0.0070124 0.00441327
 0.00894578 0.0145494 0.0219217 0.0309798 0.0413762 0.0523317 0.062606 0.070797 0.0758476 0.0773947 0.0757422 0.0715872 0.0657492 0.0590078 0.0520104 0.0452098 0.038845 0.0329758 0.0275573 0.0225224 0.0178452 0.013569 0.00979574 0.00664319 0.0041899
 0.00884452 0.0143543 0.0215746 0.0304164 0.0405528 0.051265 0.0614071 0.0696736 0.0750634 0.0771947 0.0762699 0.0728237 0.0674987 0.0609425 0.053765 0.046493 0.0395187 0.0330714 0.0272291 0.0219708 0.0172475 0.0130424 0.00939278 0.00636796 0.00402004
 0.00880099 0.0142876 0.021479 0.0302825 0.0403611 0.0509824 0.0609929 0.0691026 0.0743593 0.0764563 0.0756667 0.072549 0.067694 0.0616284 0.0548165 0.0476762 0.040575 0.033809 0.0275783 0.0219813 0.0170403 0.0127488 0.00911094 0.00614816 0.00387279
 0.0087697 0.0142283 0.021375 0.0301145 0.0401138 0.0506522 0.060592 0.0686551 0.0738912 0.0759902 0.0752302 0.0721918 0.0674965 0.0616819 0.0551779 0.048323 0.0413942 0.0346325 0.0282491 0.0224106 0.017227 0.0127566 0.00902534 0.00603977 0.00378169
 0.00870014 0.0141245 0.0212354 0.0299421 0.039913 0.0504249 0.0603369 0.0683709 0.0735822 0.0756701 0.0749209 0.071921 0.067297 0.0615933 0.0552438 0.0485746 0.0418259 0.0351866 0.0288266 0.0229084 0.0175778 0.0129486 0.00909235 0.00603409 0.00374885
 0.00868852 0.014116 0.0212417 0.0299796 0.0399973 0.0505624 0.060517 0.0685635 0.0737436 0.075754 0.0748927 0.0717691 0.0670385 0.0612724 0.0549228 0.0483198 0.0416887 0.035186 0.0289401 0.0230808 0.0177456 0.0130665 0.00914692 0.00603873 0.00372777
 0.00861521 0.0140091 0.0211042 0.0298241 0.0398447 0.0504384 0.0604472 0.0685674 0.0738271 0.0759032 0.0750735 0.0719353 0.0671469 0.061299 0.0548718 0.0482225 0.0415915 0.0351319 0.0289518 0.0231524 0.0178483 0.0131654 0.00921754 0.00607468 0.00373692
 0.00859527 0.0139825 0.021075 0.0298002 0.0398364 0.0504559 0.0604977 0.0686537 0.0739465 0.0760472 0.0752265 0.0720752 0.0672477 0.0613372 0.0548346 0.0481145 0.0414365 0.0349662 0.0288114 0.0230592 0.0178043 0.0131561 0.00922321 0.00608034 0.00373675
 0.00863209 0.0140278 0.021117 0.0298203 0.0398163 0.0503874 0.0603904 0.0685338 0.0738477 0.0759977 0.0752396 0.0721464 0.067358 0.0614588 0.0549385 0.0481783 0.0414511 0.0349384 0.0287604 0.0230075 0.0177678 0.0131394 0.009221 0.00608414 0.00374019
 0.00854896 0.0139169 0.0209936 0.0297112 0.0397489 0.0503748 0.0604222 0.0685806 0.0738781 0.0759968 0.0752165 0.0721267 0.0673676 0.0615093 0.0550229 0.0482764 0.0415396 0.0350012 0.0287932 0.0230173 0.0177664 0.0131369 0.00922185 0.00608784 0.00374431
 0.00855598 0.0139084 0.0209459 0.0295949 0.0395426 0.0500824 0.0600831 0.0682612 0.0736448 0.0758872 0.075228 0.0722276 0.0675201 0.0616873 0.0552137 0.0484727 0.0417319 0.0351764 0.0289397 0.0231293 0.017846 0.0131909 0.009258 0.0061119 0.00375986
 0.00869963 0.0141189 0.0212187 0.0299069 0.0398539 0.0503429 0.0602427 0.0682822 0.0735172 0.0756369 0.0749113 0.0719099 0.0672519 0.0614907 0.0550865 0.0484006 0.0416988 0.0351685 0.0289452 0.0231388 0.0178536 0.0131947 0.00925878 0.00611145 0.00375936
 0.0086551 0.0140597 0.0211532 0.0298494 0.0398185 0.0503344 0.0602502 0.0682811 0.0734789 0.0755435 0.0747661 0.0717398 0.0670978 0.0613918 0.0550657 0.0484581 0.0418165 0.0353196 0.0291037 0.0232853 0.0179762 0.0132888 0.00932554 0.00615528 0.00378604
 0.0087798 0.0142335 0.0213619 0.0300636 0.0400037 0.0504665 0.060325 0.0683113 0.0734802 0.0755203 0.0747076 0.0716299 0.0669305 0.0611813 0.0548439 0.0482614 0.0416715 0.035235 0.0290719 0.0232894 0.0179984 0.0133155 0.0093488 0.00617224 0.00379687
 0.00888405 0.0144344 0.0217188 0.0306414 0.0408456 0.0515567 0.061564 0.0695272 0.0744794 0.0761524 0.0749071 0.0714161 0.0663797 0.0603937 0.053922 0.0473003 0.0407521 0.0344174 0.0283908 0.0227543 0.0175997 0.0130325 0.00915762 0.00604976 0.00372306
 0.00845028 0.0137358 0.0206869 0.0292357 0.039084 0.0495504 0.0595339 0.0677729 0.0732937 0.0757198 0.0752446 0.0723878 0.0677647 0.0619632 0.0554911 0.048747 0.0420137 0.0354767 0.0292574 0.0234489 0.0181434 0.013444 0.00945426 0.00625063 0.00384926
 0.00868524 0.0140462 0.0210197 0.0294923 0.0391411 0.0492992 0.0589213 0.0668283 0.0721345 0.0745319 0.074238 0.0717366 0.0675544 0.0621714 0.0560099 0.0494327 0.0427351 0.0361433 0.0298238 0.0239039 0.0184948 0.013706 0.00964198 0.00637817 0.00393022
 0.00894683 0.0144959 0.0217348 0.0305413 0.0405449 0.050982 0.0606801 0.0683585 0.0731192 0.0747578 0.0736756 0.0705441 0.0660096 0.0605713 0.0545839 0.0482992 0.0419076 0.0355692 0.0294302 0.0236287 0.018298 0.0135657 0.00954566 0.00631624 0.00389354
 0.00888977 0.0144469 0.0217441 0.0306881 0.0409236 0.0516725 0.0617124 0.0696814 0.0745858 0.0761393 0.0747119 0.0710229 0.0658424 0.059827 0.0534576 0.0470343 0.0407129 0.0345693 0.0286626 0.0230723 0.0179083 0.0132989 0.00936788 0.00620265 0.00382524
 0.00868268 0.0141301 0.0213078 0.0301455 0.0403191 0.0510878 0.0612659 0.0695092 0.0748017 0.0767829 0.0757124 0.0722013 0.0669609 0.0606663 0.0538906 0.04706 0.0404368 0.0341445 0.028226 0.0227077 0.0176435 0.0131248 0.00926124 0.00614065 0.00379085
 0.00833162 0.0135302 0.0203557 0.0287401 0.0384009 0.0486948 0.0585788 0.0668504 0.0725694 0.0753453 0.0753066 0.072873 0.0685582 0.0628851 0.0563583 0.0494348 0.0424862 0.0357743 0.0294554 0.0236138 0.0183094 0.0136129 0.00961132 0.00638007 0.00394359
 0.00846635 0.0137459 0.0206682 0.0291465 0.038861 0.0491152 0.0588138 0.0667381 0.0720018 0.0743391 0.0740295 0.0716001 0.0675752 0.0623851 0.0563822 0.0498759 0.0431518 0.0364683 0.0300434 0.0240441 0.0185938 0.0137915 0.0097231 0.00645127 0.00398879
 0.00853254 0.0138772 0.0209087 0.0295489 0.0394696 0.0499378 0.0597946 0.0677466 0.0728501 0.0748286 0.0740147 0.0710482 0.0665933 0.0611937 0.0552387 0.0489823 0.0425931 0.036211 0.0299831 0.0240693 0.0186295 0.0138079 0.00972075 0.00644093 0.00397892
 0.00850656 0.0138056 0.0207502 0.0292573 0.0390175 0.0493486 0.0591602 0.0672106 0.0725534 0.0748429 0.074304 0.071483 0.067011 0.0614745 0.0553546 0.0489953 0.0426072 0.0363086 0.0301866 0.0243434 0.0189141 0.0140525 0.00990207 0.00656014 0.00404994
 0.00871857 0.0141461 0.0212508 0.0299336 0.0398536 0.0502809 0.0600736 0.067962 0.0730215 0.0749783 0.074143 0.0711148 0.0665217 0.0609101 0.0547254 0.0483102 0.0419027 0.0356492 0.0296377 0.0239415 0.0186547 0.0139029 0.00982198 0.00651803 0.00402707
 0.00835304 0.0136418 0.0206592 0.0293604 0.0394317 0.0501237 0.0602331 0.0684119 0.0736681 0.0756917 0.0747964 0.0716191 0.0668431 0.0610625 0.0547453 0.0482326 0.0417549 0.0354587 0.0294384 0.0237685 0.0185317 0.0138337 0.00979441 0.00651391 0.00403172
#obs surv len freq
 nan nan nan nan nan nan nan nan nan nan nan nan nan nan nan nan nan nan nan nan nan nan nan nan nan
 0.00448271 0.00734309 0.0111721 0.0159875 0.0216876 0.0279628 0.0342768 0.0400084 0.0446887 0.0481535 0.0505126 0.0520097 0.0529032 0.0534167 0.0537319 0.0539875 0.0542665 0.0545596 0.0546986 0.0542906 0.0527286 0.0493604 0.0438098 0.0362892 0.0276721
 0.00461081 0.00755378 0.0114933 0.0164459 0.0223017 0.028733 0.0351757 0.0409777 0.0456476 0.049015 0.0511998 0.0524674 0.0531032 0.0533581 0.0534366 0.0534926 0.0536154 0.0537946 0.0538587 0.0534126 0.051851 0.0485263 0.0430634 0.0356683 0.0271976
 0.00477514 0.00782094 0.0118956 0.0170136 0.0230578 0.0296843 0.0363023 0.0422279 0.0469416 0.0502564 0.0522895 0.0533161 0.0536414 0.0535443 0.0532612 0.0529762 0.0528019 0.0527428 0.0526341 0.0520847 0.0504943 0.0472201 0.0418866 0.0346858 0.0264453
 0.00496138 0.00812745 0.0123637 0.0176839 0.0239617 0.0308315 0.0376676 0.0437472 0.0485215 0.0517909 0.0536755 0.0544607 0.0544648 0.0539827 0.0532726 0.0525462 0.0519479 0.0515123 0.0511011 0.0503455 0.0486634 0.0454237 0.0402494 0.0333098 0.0253877
 0.00517939 0.0084823 0.0128988 0.0184405 0.024972 0.0321068 0.0391856 0.0454461 0.0503062 0.053549 0.0552937 0.0558359 0.055509 0.0546242 0.0534567 0.0522377 0.051136 0.050218 0.0493841 0.0483076 0.0464463 0.0431977 0.0381893 0.0315613 0.0240357
 0.00539938 0.0088454 0.0134553 0.0192405 0.0260556 0.033488 0.0408373 0.0472951 0.0522446 0.0554561 0.0570542 0.0573489 0.0566891 0.0553994 0.0537673 0.0520369 0.0503945 0.0489329 0.0475925 0.0460999 0.0439724 0.0406564 0.0357973 0.0295067 0.0224342
 0.0056453 0.00924516 0.0140572 0.0200905 0.0271893 0.0349189 0.0425421 0.0492071 0.0542606 0.0574539 0.0589112 0.058955 0.0579529 0.0562485 0.0541445 0.0518967 0.049702 0.0476719 0.0457812 0.0438121 0.0413522 0.0379142 0.0331764 0.0272286 0.0206426
 0.00589505 0.00965546 0.0146825 0.0209836 0.0283908 0.0364401 0.0443491 0.0512162 0.0563525 0.059498 0.0607868 0.0605611 0.0592081 0.0570877 0.0545152 0.0517558 0.0490149 0.0464177 0.0439674 0.0414981 0.0386707 0.0350735 0.0304304 0.024818 0.0187313
 0.00613513 0.0100503 0.0152853 0.0218472 0.0295578 0.037927 0.0461293 0.0532133 0.0584497 0.0615599 0.0626823 0.0621783 0.0604606 0.0579134 0.0548706 0.0516083 0.0483381 0.0451933 0.0421991 0.0392355 0.0360334 0.0322586 0.0276876 0.0223918 0.0167943
 0.00636356 0.0104266 0.0158609 0.0226734 0.0306761 0.0393534 0.0478384 0.0551321 0.0604676 0.0635492 0.064518 0.0637509 0.0616817 0.0587171 0.0552118 0.0514578 0.0476765 0.0440103 0.0405022 0.0370706 0.0335092 0.0295572 0.0250443 0.0200421 0.014909
 0.00662568 0.0108492 0.0164904 0.0235508 0.0318301 0.0407887 0.0495228 0.0569919 0.0623961 0.0654256 0.0662262 0.0651914 0.0627759 0.0594078 0.0554606 0.0512406 0.0469795 0.0428291 0.0388493 0.0349919 0.0311057 0.0269958 0.022541 0.0178151 0.0131187
 0.00682893 0.011192 0.0170286 0.0243427 0.032922 0.0421938 0.0512021 0.0588508 0.0643032 0.0672431 0.0678359 0.0665053 0.0637344 0.0599729 0.0556093 0.0509599 0.0462631 0.0416778 0.0372785 0.0330465 0.0288784 0.0246365 0.0202431 0.0157736 0.0114776
 0.00705822 0.0115637 0.0175865 0.0251279 0.0339666 0.0435097 0.0527667 0.0605984 0.0661282 0.0690157 0.0694233 0.0677923 0.0646388 0.0604505 0.0556488 0.0505708 0.0454635 0.0404889 0.0357283 0.0311837 0.0267896 0.0224555 0.018139 0.0139159 0.00998972
 0.00726958 0.011911 0.0181157 0.0258827 0.0349784 0.0447824 0.054263 0.0622374 0.0678 0.0706037 0.0708232 0.0689193 0.065428 0.0608572 0.0556502 0.0501662 0.0446705 0.0393375 0.0342587 0.0294529 0.0248824 0.0204916 0.0162643 0.0122732 0.00868087
 0.00745048 0.0122086 0.0185699 0.0265328 0.0358548 0.0458942 0.0555843 0.063702 0.0693096 0.0720469 0.0720945 0.0699336 0.0661255 0.0612034 0.0556317 0.0497854 0.0439427 0.0382893 0.0329303 0.0279019 0.0231909 0.0187681 0.0146345 0.0108561 0.00755862
 0.00753321 0.0123471 0.0187863 0.026852 0.0363014 0.0464865 0.0563274 0.0645822 0.0702927 0.0730805 0.0731126 0.0708624 0.0668922 0.0617443 0.0558995 0.0497525 0.0436009 0.0376484 0.0320184 0.0267681 0.0219085 0.0174338 0.0133582 0.0097395 0.00667151
 0.00757873 0.0124156 0.0188801 0.0269715 0.0364488 0.0466693 0.0565604 0.0648855 0.0706856 0.0735733 0.0736983 0.0715127 0.0675577 0.0623602 0.0563954 0.0500639 0.0436788 0.0374668 0.0315777 0.0260976 0.0210662 0.0165028 0.0124344 0.00891306 0.00600575
 0.0076304 0.0124899 0.0189739 0.0270757 0.0365508 0.0467579 0.056631 0.0649435 0.070748 0.0736669 0.0738538 0.0717541 0.0678912 0.0627661 0.0568273 0.0504568 0.0439627 0.0375819 0.0314878 0.0257986 0.0205892 0.0159096 0.011805 0.00832668 0.00552118
 0.00773366 0.0126479 0.0191927 0.0273523 0.0368721 0.0471001 0.0569608 0.0652227 0.0709433 0.0737621 0.0738581 0.0717003 0.0678241 0.0627266 0.0568366 0.050508 0.0440216 0.0375979 0.031411 0.0255973 0.020262 0.0154877 0.0113433 0.00788645 0.00515146
 0.00778724 0.0127372 0.0193304 0.0275502 0.0371365 0.0474259 0.0573261 0.0655893 0.0712649 0.0739964 0.0739791 0.0717053 0.0677335 0.0625774 0.0566712 0.0503594 0.0439021 0.0374954 0.031295 0.0254345 0.020033 0.0151973 0.0110201 0.00757125 0.00488134
 0.00782683 0.0127978 0.0194152 0.0276606 0.0372734 0.0475907 0.0575199 0.0658099 0.0715024 0.0742311 0.0741829 0.0718488 0.0677959 0.0625543 0.0565767 0.0502205 0.0437475 0.0373431 0.0311466 0.025278 0.0198535 0.0149896 0.0107947 0.00735058 0.00468961
 0.0078414 0.012817 0.0194357 0.027677 0.0372801 0.047585 0.0575051 0.0657964 0.0715053 0.0742655 0.0742575 0.0719609 0.0679296 0.062685 0.0566804 0.0502824 0.0437659 0.0373256 0.0311024 0.0252113 0.0197637 0.0148766 0.0106646 0.00721696 0.00456868
 0.00786366 0.0128491 0.0194762 0.0277215 0.0373215 0.0476153 0.057517 0.0657858 0.0714737 0.0742214 0.0742164 0.0719396 0.0679406 0.0627305 0.0567502 0.0503584 0.0438294 0.0373637 0.0311103 0.0251898 0.0197163 0.0148081 0.0105822 0.00713042 0.00448902
 0.00787826 0.0128701 0.0195028 0.0277508 0.037349 0.0476357 0.0575254 0.0657779 0.0714476 0.0741787 0.0741629 0.0718861 0.0679003 0.0627152 0.0567659 0.0504023 0.0438901 0.0374256 0.0311587 0.0252152 0.0197156 0.0147838 0.0105407 0.00708084 0.00444037
 0.00790145 0.0129046 0.0195486 0.0278055 0.037408 0.0476929 0.0575739 0.0658109 0.0714592 0.0741658 0.0741263 0.0718308 0.0678352 0.0626517 0.0567152 0.0503725 0.0438832 0.0374367 0.0311777 0.025231 0.0197198 0.0147732 0.0105173 0.00705001 0.00440877
 0.00791862 0.0129287 0.0195779 0.0278356 0.0374336 0.0477091 0.0575777 0.0658019 0.071439 0.0741373 0.0740925 0.0717949 0.0678 0.0626204 0.0566915 0.0503602 0.0438851 0.0374525 0.0312033 0.0252592 0.0197427 0.0147854 0.0105174 0.00704078 0.00439481
 0.00789883 0.0128993 0.0195385 0.0277876 0.0373792 0.0476505 0.0575166 0.0657403 0.0713801 0.0740858 0.0740545 0.0717755 0.0678023 0.0626439 0.056733 0.0504152 0.0439493 0.037522 0.031274 0.0253259 0.0198001 0.0148289 0.0105454 0.00705472 0.00439864
 0.0078725 0.0128522 0.0194602 0.0276673 0.0372094 0.0474334 0.0572683 0.0654891 0.0711595 0.0739242 0.0739683 0.0717675 0.0678647 0.0627632 0.0568933 0.0506003 0.0441441 0.0377139 0.0314528 0.0254841 0.0199322 0.0149319 0.0106192 0.00710249 0.00442602
 0.00785125 0.0128157 0.0194016 0.0275782 0.0370819 0.0472619 0.0570534 0.0652407 0.0708979 0.0736782 0.0737698 0.0716439 0.0678322 0.0628226 0.0570316 0.0507961 0.0443731 0.0379532 0.0316835 0.0256921 0.0201082 0.0150712 0.0107216 0.00717169 0.00446851
 0.00785718 0.0128213 0.0194023 0.027567 0.03705 0.0472014 0.0569589 0.0651112 0.0707371 0.0734955 0.0735805 0.071469 0.0676953 0.0627448 0.0570256 0.050862 0.0444993 0.03812 0.0318684 0.0258743 0.0202717 0.0152062 0.0108241 0.00724302 0.00451372
 0.00783013 0.0127778 0.0193378 0.0274775 0.036933 0.047057 0.0567913 0.0649289 0.0705522 0.0733211 0.0734292 0.0713517 0.0676212 0.0627219 0.0570598 0.0509555 0.0446477 0.0383113 0.032084 0.0260929 0.0204735 0.0153767 0.0109564 0.0073369 0.00457449
 0.00781012 0.0127436 0.0192834 0.0273965 0.0368204 0.0469119 0.0566188 0.0647406 0.0703639 0.073149 0.0732865 0.0712477 0.0675614 0.0627091 0.0570953 0.051039 0.0447765 0.0384787 0.0322781 0.0262972 0.0206698 0.0155491 0.0110944 0.00743766 0.00464128
 0.00777022 0.0126786 0.0191854 0.0272586 0.0366383 0.0466867 0.05636 0.0644666 0.0700992 0.0729195 0.073114 0.0711464 0.0675364 0.0627574 0.0572082 0.0512049 0.0449831 0.0387135 0.032528 0.0265472 0.0209042 0.0157534 0.0112587 0.00755869 0.00472246
 0.00772454 0.0126044 0.019074 0.0271023 0.0364323 0.0464322 0.0560668 0.0641541 0.0697938 0.0726496 0.0729048 0.0710165 0.067496 0.0628073 0.0573405 0.0514055 0.0452339 0.0389954 0.0328221 0.0268358 0.0211705 0.0159836 0.0114437 0.00769548 0.00481492
 0.00934178 0.01487 0.021812 0.029924 0.0388492 0.0480352 0.0566692 0.0638189 0.0687526 0.0711834 0.0712567 0.0693589 0.0659364 0.0614071 0.0561307 0.0503961 0.0444207 0.038364 0.032352 0.0265027 0.0209487 0.0158467 0.0113669 0.00765734 0.00479879
 0.00930344 0.0151077 0.0226989 0.0319249 0.0423187 0.0529449 0.0624342 0.069393 0.0730006 0.0733289 0.0711381 0.0673716 0.0627583 0.0577084 0.0524076 0.0469428 0.0413779 0.0357801 0.0302269 0.0248118 0.0196531 0.0148975 0.0107073 0.00722665 0.00453678
 0.00898346 0.0146016 0.0219852 0.0310509 0.041455 0.0524238 0.0627102 0.0708797 0.0758211 0.0771302 0.0751341 0.0706418 0.0646313 0.0579954 0.0513719 0.0450838 0.0391966 0.0336427 0.0283403 0.0232605 0.0184477 0.0140095 0.0100893 0.00682296 0.00429129
 0.00880639 0.0143052 0.0215241 0.0303804 0.0405486 0.0513045 0.061492 0.0697965 0.0752089 0.0773349 0.0763565 0.0727892 0.0672832 0.0605389 0.0532505 0.0460104 0.0392116 0.0330141 0.0274005 0.0222811 0.0175916 0.0133427 0.0096147 0.00651122 0.00410221
 0.00873023 0.0141763 0.0213199 0.0300745 0.0401137 0.0507196 0.0607548 0.068939 0.0743163 0.0765578 0.0759012 0.0728658 0.0680135 0.0618644 0.054909 0.0476205 0.0404278 0.0336607 0.0275065 0.0220156 0.0171587 0.0129024 0.00925419 0.00625615 0.00394158
 0.00869136 0.0141097 0.0212129 0.0299123 0.0398811 0.0504043 0.0603511 0.0684512 0.073761 0.0759706 0.0753456 0.0724411 0.0678442 0.0620618 0.0555109 0.0485445 0.0414792 0.0346046 0.0281654 0.0223321 0.0171908 0.012767 0.00906432 0.00608487 0.00381813
 0.00868736 0.014101 0.0211953 0.0298794 0.0398244 0.050314 0.0602169 0.068264 0.0735152 0.0756669 0.0749964 0.0720765 0.0675178 0.0618485 0.055489 0.048762 0.0419189 0.0351743 0.0287293 0.0227684 0.0174403 0.0128438 0.00902865 0.00600371 0.00373826
 0.00868914 0.0141047 0.0212021 0.0298904 0.0398392 0.050329 0.0602245 0.0682525 0.0734706 0.0755763 0.0748518 0.0718795 0.0672836 0.0616098 0.0552948 0.0486667 0.0419618 0.0353567 0.0290059 0.023063 0.0176797 0.0129885 0.00908128 0.00599484 0.00370365
 0.00867906 0.0140903 0.0211844 0.0298715 0.0398223 0.0503175 0.0602202 0.0682551 0.0734761 0.0755766 0.074836 0.0718361 0.0672054 0.0614991 0.0551677 0.0485527 0.041896 0.0353663 0.0290949 0.0232072 0.0178366 0.0131173 0.00916068 0.00602668 0.00370423
 0.00867104 0.0140778 0.0211665 0.0298483 0.0397946 0.0502876 0.0601921 0.0682333 0.0734646 0.0755769 0.074845 0.0718463 0.0672069 0.0614828 0.0551302 0.0485001 0.0418445 0.0353371 0.0291045 0.0232583 0.0179153 0.0132004 0.00922736 0.0060673 0.00372122
 0.00865494 0.0140534 0.0211331 0.0298065 0.0397463 0.0502356 0.0601401 0.0681859 0.0734272 0.075554 0.0748396 0.0718581 0.0672318 0.0615133 0.0551575 0.0485181 0.0418531 0.0353429 0.0291182 0.0232878 0.0179612 0.0132545 0.0092779 0.00610516 0.00374367
 0.00864429 0.0140346 0.0211024 0.0297599 0.0396811 0.0501526 0.0600452 0.0680897 0.0733422 0.0754914 0.0748065 0.0718564 0.0672587 0.0615626 0.0552206 0.0485855 0.0419172 0.0354 0.0291692 0.0233364 0.0180102 0.0133032 0.00932215 0.00614037 0.00376755
 0.00864376 0.0140335 0.0211 0.0297548 0.0396714 0.0501355 0.0600175 0.0680494 0.0732898 0.0754314 0.0747469 0.0718067 0.0672272 0.0615534 0.0552332 0.0486155 0.0419577 0.0354445 0.0292132 0.0233781 0.0180493 0.0133396 0.00935454 0.00616675 0.00378657
 0.00864408 0.0140342 0.0211014 0.0297572 0.0396749 0.0501395 0.0600205 0.0680487 0.0732822 0.0754142 0.0747189 0.0717701 0.0671871 0.0615171 0.0552075 0.0486046 0.041962 0.0354612 0.0292377 0.0234063 0.018078 0.0133667 0.00937852 0.00618637 0.00380108
 0.00863308 0.0140187 0.0210824 0.0297373 0.0396573 0.050127 0.0600148 0.0680496 0.0732878 0.0754216 0.0747247 0.0717711 0.0671817 0.061506 0.0551939 0.0485931 0.041957 0.035465 0.0292502 0.023425 0.0180999 0.0133887 0.00939839 0.00620264 0.00381316
 0.00863308 0.0140187 0.0210824 0.0297373 0.0396573 0.050127 0.0600148 0.0680496 0.0732878 0.0754216 0.0747247 0.0717711 0.0671817 0.061506 0.0551939 0.0485931 0.041957 0.035465 0.0292502 0.023425 0.0180999 0.0133887 0.00939839 0.00620264 0.00381316
 0.0086329 0.014019 0.0210842 0.0297419 0.0396663 0.0501417 0.0600357 0.068076 0.0733174 0.0754504 0.074748 0.0717843 0.0671814 0.0614914 0.0551671 0.0485586 0.0419207 0.0354327 0.0292259 0.0234104 0.0180941 0.0133896 0.00940299 0.00620853 0.00381862
 0.00879695 0.0142771 0.0214553 0.0302346 0.0402739 0.0508356 0.0607614 0.0687565 0.0738686 0.0758025 0.0748629 0.0716618 0.0668531 0.0610093 0.0545909 0.0479457 0.0413198 0.0348802 0.0287456 0.0230145 0.0177849 0.0131613 0.00924462 0.00610588 0.0037569
 0.00834722 0.0135848 0.020489 0.0289991 0.0388178 0.049257 0.059208 0.0674116 0.0729131 0.0753647 0.0749824 0.0722842 0.0678554 0.0622385 0.0559 0.0492178 0.0424768 0.0358811 0.0295772 0.023681 0.0183 0.0135436 0.00951475 0.00628593 0.00386895
 0.00851733 0.0137993 0.0206973 0.0291165 0.0387489 0.0489338 0.0586228 0.0666261 0.072041 0.0745399 0.0743267 0.0718833 0.0677456 0.0624039 0.0562821 0.0497338 0.0430421 0.0364265 0.0300581 0.0240767 0.0186076 0.0137707 0.00967409 0.00639151 0.00393448
 0.008839 0.0143376 0.0215287 0.0303027 0.0402999 0.0507632 0.0605218 0.0682919 0.0731659 0.074921 0.0739351 0.0708573 0.0663232 0.0608381 0.0547767 0.0484148 0.0419596 0.0355757 0.029406 0.0235839 0.0182404 0.0135035 0.00948729 0.00626812 0.00385856
 0.00877379 0.0142691 0.0214976 0.0303763 0.0405621 0.0512914 0.0613562 0.0694053 0.0744453 0.0761737 0.0749308 0.0713993 0.0663175 0.0603246 0.0539043 0.0473778 0.0409323 0.0346732 0.0286776 0.0230305 0.0178377 0.0132206 0.00929562 0.00614419 0.00378313
 0.00868534 0.0141157 0.0212521 0.0300171 0.0400899 0.05075 0.0608455 0.0690674 0.0744204 0.0765415 0.0756651 0.0723628 0.067303 0.0611263 0.0543868 0.0475134 0.0407895 0.0343703 0.0283304 0.0227178 0.0175947 0.0130502 0.00918478 0.00607627 0.00374376
 0.00825302 0.0134199 0.0202209 0.0285962 0.0382634 0.0485701 0.0584596 0.066722 0.072425 0.0751994 0.0751964 0.0728451 0.0686465 0.0630938 0.0566579 0.0497712 0.042799 0.0360152 0.0296002 0.0236648 0.0182887 0.0135511 0.00953665 0.00631217 0.00389184
 0.00858176 0.0138921 0.0208131 0.0292385 0.0388483 0.0489726 0.0585616 0.0664377 0.0717288 0.0741514 0.0739494 0.0716188 0.0676694 0.0625317 0.0565619 0.0500689 0.0433341 0.036614 0.0301317 0.0240675 0.0185606 0.0137216 0.00964026 0.00637481 0.00392944
 0.00859164 0.0139572 0.0209977 0.0296217 0.0394898 0.0498654 0.0595978 0.0674181 0.072421 0.0743712 0.0736255 0.0708143 0.0665582 0.0613451 0.0555215 0.0493264 0.0429366 0.0365102 0.0302131 0.0242213 0.0187081 0.0138285 0.00970463 0.00640889 0.0039462
 0.00842011 0.0136836 0.0206007 0.029098 0.0388695 0.0492258 0.059062 0.0671226 0.0724563 0.0747261 0.0741758 0.071373 0.0669599 0.0615163 0.0554996 0.0492245 0.0428798 0.0365784 0.0304162 0.0245119 0.0190173 0.0140994 0.00990913 0.00654549 0.00402843
 0.00862812 0.0139913 0.0210057 0.0295747 0.039372 0.0496977 0.0594494 0.0673889 0.0725962 0.0747677 0.0741626 0.0713309 0.0668736 0.0613359 0.0551786 0.0487617 0.0423329 0.0360407 0.0299731 0.0242068 0.0188448 0.0140231 0.00988645 0.00654456 0.00403244
 0.00855118 0.0138976 0.0209216 0.029541 0.0394296 0.0498654 0.0597084 0.0676851 0.0728619 0.0749516 0.0742506 0.0713455 0.0668531 0.0613066 0.0551385 0.0486866 0.0422018 0.035858 0.0297715 0.0240294 0.0187218 0.0139598 0.00986819 0.00655015 0.004045
#pred catch len freq
 0.00311388 0.00508433 0.0077267 0.0111022 0.015257 0.0201685 0.0256858 0.0315303 0.0373568 0.0428266 0.0476554 0.051646 0.0547125 0.0568797 0.0582553 0.0589958 0.0592816 0.0592844 0.0590872 0.0585536 0.0572218 0.0543685 0.0493297 0.0419599 0.0329165
 0.00332287 0.00536518 0.00804237 0.0113866 0.0154392 0.0202074 0.0255928 0.0313607 0.0371754 0.042669 0.047515 0.0514945 0.0545376 0.0567143 0.0581767 0.0590933 0.0596074 0.0598097 0.0596885 0.0590438 0.0574208 0.0541816 0.0487914 0.0412148 0.0321489
 0.00342876 0.0055656 0.00839104 0.0119371 0.0162158 0.021169 0.0266157 0.0322653 0.0377939 0.0429165 0.0474151 0.0511456 0.0540529 0.0561813 0.0576571 0.0586429 0.0592803 0.0596346 0.0596344 0.059009 0.0572674 0.0538031 0.0481724 0.0404416 0.0313636
 0.00354573 0.00575223 0.00866963 0.012337 0.01678 0.0219531 0.0276702 0.0335968 0.0393215 0.0444567 0.0487218 0.0519968 0.0543354 0.055922 0.0569888 0.057738 0.0582948 0.0586769 0.0587502 0.0581796 0.0564286 0.0528906 0.0471721 0.0394119 0.0304098
 0.00368853 0.00598332 0.00901569 0.0128232 0.0174275 0.0227761 0.0286741 0.0347781 0.040667 0.0459314 0.0502447 0.0534219 0.0554658 0.0565669 0.0570364 0.0571995 0.057291 0.0573802 0.0573186 0.0567141 0.0549704 0.051451 0.0457738 0.0381121 0.0292886
