SBPRF35
12.7214
Curr Bio
898122
B35
895128
F35
0.171172
FOFL
0.167332
OFL
120077
Bzero
3.63469e+06
#pred survey bio
 3.7514e+06 3.61497e+06 3.49787e+06 3.32218e+06 3.08842e+06 2.85552e+06 2.61475e+06 2.38264e+06 2.12646e+06 1.88604e+06 1.67918e+06 1.49056e+06 1.32322e+06 1.17684e+06 1.03631e+06 903838 795242 720995 672526 631478 612514 587350 578193 570338 560926 554336 545383 550476 548443 558819 552555 553442 565237 572459 576325 580350 590896 604789 608206 614657 630844 640429 646032 647626 655313 659679 659774 666680 669147 680549 692065 754294 808949 866119 906511 926215 927897 921458 912176 909018 902472 880096 874343 885732 898367 911776 905824 3.09317e+07 1.87885e+07 1.92829e+07 2.01794e+07 2.13155e+07 2.25182e+07 2.36625e+07 2.46773e+07 2.55349e+07 2.62356e+07 2.67946e+07 2.72332e+07 2.75736e+07 2.7836e+07 2.80374e+07 2.81919e+07 2.83105e+07 2.84016e+07 2.84719e+07 2.85263e+07 2.85686e+07 2.86017e+07 2.86276e+07 2.86479e+07 2.86641e+07 2.86769e+07 2.8687e+07 2.86952e+07 2.87017e+07 2.87069e+07 2.87111e+07 2.87145e+07 2.87172e+07 2.87195e+07 2.87213e+07 2.87228e+07 2.8724e+07 2.87249e+07 2.87257e+07 2.87264e+07 2.87269e+07 2.87273e+07 2.87277e+07 2.8728e+07 2.87282e+07 2.87284e+07 2.87286e+07 2.87287e+07 2.87288e+07 2.87289e+07 2.87289e+07 2.8729e+07 2.87291e+07 2.87291e+07 2.87291e+07 2.87291e+07 2.87292e+07 2.87292e+07 2.87292e+07 2.87292e+07 2.87292e+07 2.87292e+07 2.87292e+07 2.87292e+07 2.87292e+07 2.87293e+07 2.87293e+07 2.87293e+07 2.87293e+07 2.87293e+07 2.87293e+07 2.87293e+07 2.87293e+07 2.87293e+07 2.87293e+07 2.87293e+07 2.87293e+07 2.87293e+07 2.87293e+07 2.87293e+07 2.87293e+07 2.87293e+07 2.87293e+07 2.87293e+07 2.87293e+07 2.87293e+07 2.87293e+07 2.87293e+07 2.87293e+07 2.87293e+07 2.87293e+07 2.87293e+07 2.87293e+07 2.87293e+07 2.87293e+07 2.87293e+07 2.87293e+07 2.87293e+07 2.87293e+07 2.87293e+07 0 0 0 0 0 0 0 0 0 0 0 0 0 0 0 0 0 0 0 0 0 0 0 0 0
#obs survey bio
 4.45919e+06 3.45773e+06 3.85034e+06 2.86984e+06 4.54635e+06 2.47377e+06 2.78784e+06 2.33993e+06 2.31649e+06 2.09468e+06 1.29664e+06 1.43444e+06 1.40027e+06 1.38196e+06 721377 1.12276e+06 769957 621021 490941 602677 497886 579458 550242 598959 567766 574188 436896 612642 553930 547331 552159 472888 487120 758534 579342 526287 700189 798416 683813 447917 709059 827178 660371 542368 805646 549255 950291 518172 955283 587468 899049 627156 772672 845556 1.14448e+06 1.18739e+06 798818 1.01961e+06 1.00277e+06 985372 938891 865911 821207 1.39961e+06 1.19262e+06 1.06445e+06 726475
#pred catch bio
 102081 93685 159209 226029 240813 265005 274796 313725 314493 297149 291025 278554 263002 257858 248113 223045 189503 164637 155291 133560 135642 119095 115924 114837 109966 109932 97169.2 102821 92251.1 106090 99387.1 90910.2 95678.2 98459 98145.3 93050.4 91266.8 100829 98900.5 92544.1 100190 104440 107859 102618 105647 109385 104162 109031 102965 105202 66459.1 77697.7 78248.1 93881.2 111547 126538 133180 135242 129590 132305 145484 131629 119110 119900 119740 135988 148761 120077 123821 126030 130920 137743 145066 151974 157995 162965 166908 169946 172233 173925 175159 176050 176688 177141 177462 177687 177845 177955 178032 178086 178123 178149 178167 178179 178187 178193 178197 178200 178202 178203 178204 178205 178205 178206 178206 178206 178206 178206 178206 178206 178206 178206 178206 178206 178206 178206 178206 178206 178206 178206 178206 178206 178206 178206 178206 178206 178206 178206 178206 178206 178206 178206 178206 178206 178206 178206 178206 178206 178206 178206 178206 178206 178206 178206 178206 178206 178206 178206 178206 178206 178206 178206 178206 178206 178206 178206 178206 178206 178206 178206 178206 178206 178206 178206 178206 178206 178206 0 0 0 0 0 0 0 0 0 0 0 0 0 0 0 0 0 0 0 0 0 0 0 0 0
#obs catch bio
 0 93254 159372 226553 240197 264290 273526 313292 314472 296412 292923 280270 263355 257793 248880 222886 189518 166046 157473 134721 136995 119511 116370 115198 109619 109288 97061.7 102691 91915.8 105760 99173.1 90610.3 96073.4 98138.3 98026.9 93015.4 91083.8 100749 98648.9 92598.1 100349 104740 108140 102868 105301 109493 103789 109361 102898 105808 66269.3 78087.2 78530.6 94141 111619 126425 133264 135160 129318 131617 144947 131353 119151 120103 119604 135339 148885
#pred cpue bio
 3.70837e+06 3.57339e+06 3.45622e+06 3.28058e+06 3.04762e+06 2.81526e+06 2.57484e+06 2.34299e+06 2.08754e+06 1.84805e+06 1.64189e+06 1.45418e+06 1.28817e+06 1.14327e+06 1.00433e+06 873557 766603 693512 645944 605988 587843 563674 555046 547657 538837 532752 524109 529150 527272 537526 531463 532326 543783 550975 554964 558962 569272 582890 586242 592363 607929 617209 622812 624514 632173 636460 636467 643083 645291 656243 667209 728280 782459 839162 879184 898581 899955 893313 884129 881120 874673 852396 846239 857127 869794 883400 877549 2.99441e+07 1.81854e+07 1.85772e+07 1.93848e+07 2.04972e+07 2.16956e+07 2.28392e+07 2.38539e+07 2.47115e+07 2.54122e+07 2.59712e+07 2.64098e+07 2.67502e+07 2.70125e+07 2.7214e+07 2.73685e+07 2.7487e+07 2.75782e+07 2.76485e+07 2.77029e+07 2.77452e+07 2.77782e+07 2.78041e+07 2.78245e+07 2.78407e+07 2.78535e+07 2.78636e+07 2.78717e+07 2.78782e+07 2.78835e+07 2.78877e+07 2.78911e+07 2.78938e+07 2.78961e+07 2.78979e+07 2.78993e+07 2.79005e+07 2.79015e+07 2.79023e+07 2.7903e+07 2.79035e+07 2.79039e+07 2.79043e+07 2.79046e+07 2.79048e+07 2.7905e+07 2.79051e+07 2.79053e+07 2.79054e+07 2.79055e+07 2.79055e+07 2.79056e+07 2.79056e+07 2.79057e+07 2.79057e+07 2.79057e+07 2.79058e+07 2.79058e+07 2.79058e+07 2.79058e+07 2.79058e+07 2.79058e+07 2.79058e+07 2.79058e+07 2.79058e+07 2.79058e+07 2.79058e+07 2.79058e+07 2.79058e+07 2.79058e+07 2.79058e+07 2.79058e+07 2.79058e+07 2.79058e+07 2.79059e+07 2.79059e+07 2.79059e+07 2.79059e+07 2.79059e+07 2.79059e+07 2.79059e+07 2.79059e+07 2.79059e+07 2.79059e+07 2.79059e+07 2.79059e+07 2.79059e+07 2.79059e+07 2.79059e+07 2.79059e+07 2.79059e+07 2.79059e+07 2.79059e+07 2.79059e+07 2.79059e+07 2.79059e+07 2.79059e+07 2.79059e+07 2.79059e+07 2.79059e+07 0 0 0 0 0 0 0 0 0 0 0 0 0 0 0 0 0 0 0 0 0 0 0 0 0
#obs cpue bio
 3.08148e+06 3.14804e+06 3.55061e+06 3.33117e+06 3.27216e+06 3.56042e+06 2.64747e+06 1.91639e+06 1.61347e+06 1.94506e+06 1.05988e+06 1.4689e+06 1.57390e+06 1.09343e+06 1.20414e+06 843560 731547 451969 599112 609365 687881 658060 556308 536356 775516 709654 431149 590250 521256 690204 481342 649308 383953 743866 492437 557054 529053 468016 594165 554868 553158 413624 631435 653687 865614 576962 589969 538691 537299 608269 478125 634417 644139 1.17191e+06 925981 841388 885114 929754 870657 1.11744e+06 895771 719028 675182 511676 778404 1.20629e+06 720683
#pred surv len freq
 0.00418261 0.00690003 0.0105885 0.015295 0.0209376 0.0272119 0.0335761 0.0394013 0.0442136 0.0478446 0.0503946 0.0520861 0.0531403 0.0537278 0.0539727 0.0539768 0.053845 0.0536833 0.0535322 0.0532356 0.0523247 0.0500639 0.0457545 0.0391852 0.030926
 0.0044671 0.00728216 0.0110177 0.0156812 0.0211847 0.0272658 0.0334559 0.0391893 0.0440077 0.0477049 0.0503218 0.0520431 0.0530977 0.0536999 0.0540189 0.0541692 0.0542189 0.0541957 0.0540531 0.0535834 0.0523371 0.0496726 0.0450214 0.0382759 0.030035
 0.00451538 0.00742009 0.0113285 0.0162612 0.0220983 0.0284866 0.0348344 0.0404841 0.044979 0.0482156 0.0503803 0.0517658 0.0526301 0.0531582 0.0534795 0.053687 0.0538358 0.0539236 0.0538464 0.0533355 0.0519194 0.0490024 0.0441146 0.0372488 0.0290495
 0.0046206 0.00757906 0.0115505 0.0165608 0.022508 0.0290659 0.0356568 0.041596 0.0463426 0.0496789 0.0517068 0.0527223 0.0530805 0.0531042 0.0530324 0.053002 0.053054 0.0531378 0.0530876 0.0525739 0.051089 0.0480483 0.0430419 0.0361375 0.0280228
 0.00482421 0.00790597 0.0120336 0.0172247 0.0233621 0.0300971 0.0368282 0.0428571 0.047647 0.0509906 0.0529819 0.0538772 0.0539819 0.0536037 0.0530306 0.0524958 0.0521341 0.0519419 0.0517413 0.0511548 0.0496265 0.0465559 0.0415567 0.0347381 0.0268091
 0.00506041 0.00828621 0.0125987 0.0180098 0.0243892 0.0313641 0.0382969 0.0444499 0.04926 0.0525188 0.0543427 0.0550167 0.0548593 0.0541675 0.0532089 0.0522167 0.0513648 0.0507159 0.0501529 0.0493259 0.0476755 0.0445885 0.0396755 0.0330488 0.0254065
 0.00531467 0.00870162 0.0132275 0.0189009 0.0255782 0.0328569 0.0400537 0.0463806 0.051237 0.0544031 0.0560089 0.0563691 0.0558362 0.054734 0.0533419 0.0518908 0.0505532 0.0494099 0.0483871 0.0471911 0.0453119 0.0421654 0.0373687 0.0310162 0.0237615
 0.00552822 0.00905932 0.0137855 0.0197189 0.0267076 0.0343221 0.0418328 0.0483969 0.0533689 0.0565059 0.0579382 0.0579979 0.0570655 0.0554966 0.0535996 0.0516254 0.0497565 0.0480835 0.0465561 0.0449265 0.042746 0.0394878 0.0347973 0.0287524 0.0219446
 0.00577791 0.00947101 0.0144163 0.0206267 0.0279416 0.0359057 0.0437455 0.0505648 0.0556718 0.0587965 0.0600637 0.0598173 0.0584611 0.0563816 0.0539194 0.0513534 0.0488873 0.0466285 0.0445499 0.0424445 0.0399248 0.0365297 0.031946 0.0262404 0.0199345
 0.0060978 0.00998026 0.0151631 0.0216502 0.0292667 0.0375351 0.0456487 0.0526722 0.0578805 0.0609841 0.062104 0.0615903 0.0598586 0.0573119 0.0543111 0.0511579 0.048079 0.0452062 0.0425435 0.0399304 0.037043 0.0334895 0.0290025 0.0236404 0.0178529
 0.00633195 0.0103779 0.0157921 0.0225818 0.0305576 0.0392007 0.0476402 0.054875 0.0601402 0.0631461 0.0640429 0.0632168 0.0611095 0.0581357 0.0546592 0.0509838 0.0473434 0.0438872 0.0406514 0.0375266 0.0342589 0.0305299 0.0261213 0.0210861 0.0158036
 0.00650009 0.0106668 0.0162569 0.0232864 0.0315647 0.0405526 0.0493371 0.0568603 0.0623011 0.0653302 0.0660844 0.0649655 0.062453 0.0590067 0.0550268 0.050835 0.0466683 0.0426772 0.0389136 0.0353089 0.0316745 0.027766 0.0234169 0.0186793 0.0138676
 0.00668601 0.0109677 0.016708 0.0239223 0.0324165 0.0416414 0.0506651 0.0584028 0.0640035 0.06711 0.067836 0.0665685 0.0637857 0.0599634 0.0555315 0.0508449 0.0461673 0.0416666 0.0374118 0.0333651 0.0293905 0.0253076 0.0209984 0.0165172 0.0121222
 0.00689002 0.0112988 0.0172051 0.0246199 0.0333372 0.0427849 0.0519984 0.0598601 0.0655007 0.0685643 0.0691794 0.067747 0.0647501 0.0606604 0.0559035 0.0508374 0.0457383 0.0407944 0.0361018 0.0316594 0.0273807 0.023141 0.018864 0.0146061 0.0105769
 0.00710714 0.0116602 0.0177636 0.0254279 0.0344329 0.0441721 0.0536274 0.0616249 0.0672575 0.0701663 0.0705087 0.0687325 0.0653672 0.0609173 0.0558207 0.0504302 0.0450088 0.0397369 0.034717 0.0299751 0.0254689 0.0211252 0.0169052 0.0128675 0.00917898
 0.00732873 0.0120282 0.0183318 0.0262508 0.0355538 0.0456042 0.0553338 0.0635095 0.0691763 0.0719527 0.0720052 0.0698173 0.0659718 0.0610315 0.0554826 0.0497041 0.0439609 0.038419 0.0331671 0.0282329 0.0235971 0.0192228 0.0151009 0.0112915 0.00792525
 0.00760799 0.0124632 0.0189518 0.0270723 0.0365806 0.0468267 0.0567246 0.0650175 0.070724 0.0734414 0.0733243 0.0708576 0.0666415 0.0612718 0.055278 0.0490818 0.0429792 0.0371492 0.0316804 0.0265972 0.0218864 0.017527 0.0135243 0.00993436 0.0068567
 0.0077494 0.0127007 0.0193223 0.0276119 0.037314 0.0477524 0.0578037 0.0661774 0.0718782 0.0745143 0.0742633 0.071628 0.0672107 0.0616003 0.0553239 0.0488151 0.0423955 0.0362746 0.0305668 0.0253143 0.0205162 0.0161605 0.0122557 0.0088468 0.00600411
 0.00774078 0.0126977 0.0193393 0.0276722 0.037448 0.0479922 0.0581751 0.0666915 0.072524 0.0752562 0.0750467 0.07239 0.067892 0.0621504 0.0556993 0.0489774 0.0423144 0.035937 0.0299856 0.0245317 0.0196002 0.0151963 0.0113325 0.00804206 0.00536763
 0.00776181 0.0127267 0.019374 0.0277094 0.0374873 0.0480411 0.0582522 0.0668241 0.0727407 0.0755753 0.0754667 0.0728864 0.0684207 0.0626568 0.056128 0.0492787 0.0424482 0.0358766 0.0297226 0.0240826 0.0190089 0.0145291 0.0106662 0.00744634 0.00488959
 0.00769587 0.0126169 0.0192045 0.0274654 0.0371602 0.0476362 0.0577968 0.0663698 0.0723572 0.0753367 0.0754338 0.0730907 0.0688544 0.0632716 0.0568447 0.0500038 0.0430918 0.0363666 0.0300142 0.0241631 0.0188987 0.0142775 0.0103394 0.00711143 0.00459838
 0.00777502 0.0127296 0.0193438 0.027613 0.0372892 0.0477173 0.0578047 0.066289 0.0721877 0.0750987 0.0751685 0.0728546 0.0687055 0.0632524 0.056967 0.0502432 0.0433936 0.0366611 0.0302358 0.0242671 0.0188715 0.0141373 0.0101279 0.00687879 0.00438759
 0.00775939 0.0127026 0.0192997 0.0275447 0.0371884 0.047576 0.0576176 0.0660571 0.071921 0.074818 0.0749046 0.0726442 0.0685857 0.0632527 0.0571023 0.0505072 0.0437552 0.0370676 0.0306239 0.0245793 0.0190713 0.0142182 0.010111 0.00680203 0.00429051
 0.00767217 0.0125755 0.0191358 0.0273556 0.0369907 0.0473848 0.0574414 0.0658973 0.0717746 0.0746817 0.0747796 0.0725387 0.0685155 0.063239 0.0571662 0.0506618 0.0439984 0.0373774 0.0309603 0.024894 0.0193217 0.0143806 0.0101861 0.00681024 0.00426106
 0.00765968 0.0125423 0.0190631 0.0272211 0.0367773 0.0470933 0.0570989 0.0655524 0.0714806 0.0744763 0.0746729 0.0725171 0.0685554 0.0633219 0.0572856 0.0508217 0.0442049 0.0376291 0.0312421 0.0251774 0.0195734 0.0145738 0.01031 0.00687149 0.004278
 0.00773542 0.0126438 0.0191749 0.0273134 0.0368115 0.047033 0.0569221 0.0652605 0.0711021 0.0740631 0.0742886 0.0722188 0.0683771 0.0632681 0.0573382 0.050954 0.0443933 0.0378562 0.0314925 0.0254325 0.0198106 0.0147712 0.0104541 0.00696131 0.00432363
 0.00780624 0.0127618 0.0193561 0.0275695 0.0371414 0.0474126 0.057298 0.0655577 0.071246 0.0740077 0.074036 0.0718186 0.0679083 0.0628118 0.0569557 0.0506766 0.0442248 0.0377833 0.0314945 0.0254861 0.019892 0.0148581 0.0105287 0.00701419 0.00435401
 0.00773989 0.0126571 0.0192057 0.0273716 0.0369038 0.0471558 0.0570548 0.0653653 0.0711318 0.073975 0.0740621 0.0718674 0.0679507 0.0628402 0.0569844 0.0507301 0.0443228 0.0379314 0.031683 0.0256958 0.0201002 0.0150445 0.0106793 0.00712319 0.00442414
 0.00777425 0.0127038 0.0192588 0.0274194 0.0369318 0.0471512 0.0570121 0.065289 0.0710355 0.0738777 0.0739801 0.0718076 0.0679074 0.0628007 0.0569388 0.0506799 0.0442814 0.0379164 0.0317061 0.025757 0.0201882 0.0151421 0.0107699 0.0071958 0.00447482
 0.00768892 0.0125715 0.0190716 0.0271744 0.0366312 0.0468033 0.056633 0.0649041 0.070679 0.0735882 0.0737938 0.0717495 0.067984 0.0629962 0.0572198 0.0510057 0.0446165 0.0382385 0.0320057 0.0260311 0.0204338 0.0153536 0.0109411 0.00732368 0.00456173
 0.00775584 0.0126739 0.0192135 0.0273541 0.0368405 0.0470267 0.056847 0.0650786 0.0707819 0.0735942 0.0736934 0.0715547 0.0677266 0.0627194 0.0569645 0.0507994 0.0444694 0.0381469 0.03196 0.0260211 0.0204504 0.0153875 0.0109826 0.00736375 0.00459424
 0.0078433 0.0127977 0.0193656 0.0275157 0.0369875 0.0471384 0.0569128 0.0650991 0.0707643 0.073546 0.0736184 0.0714531 0.067599 0.0625716 0.0568095 0.0506555 0.0443541 0.0380707 0.0319243 0.02602 0.020474 0.0154254 0.011025 0.00740315 0.00462581
 0.00768078 0.0125701 0.0190901 0.027229 0.0367328 0.0469465 0.056789 0.0650259 0.0707176 0.0735127 0.073603 0.0714711 0.0676631 0.062682 0.0569548 0.0508197 0.0445242 0.03824 0.0320898 0.0261787 0.0206214 0.0155554 0.0111326 0.00748566 0.00468391
 0.00760551 0.0124373 0.0188737 0.0269051 0.0362935 0.0464166 0.056234 0.0645387 0.0703854 0.0733813 0.0736625 0.0716703 0.0679409 0.0629919 0.0572713 0.0511313 0.0448243 0.0385228 0.0323498 0.0264116 0.0208237 0.0157244 0.0112667 0.00758523 0.00475233
 0.00763129 0.0124671 0.0188948 0.0268958 0.0362254 0.0462615 0.0559744 0.0641796 0.0699615 0.0729557 0.0733107 0.0714546 0.0678877 0.0630865 0.0574717 0.0513896 0.0451023 0.0387961 0.0326051 0.0266411 0.0210225 0.0158894 0.0113966 0.00768112 0.00481795
 0.00766262 0.0125157 0.0189628 0.0269813 0.03632 0.0463479 0.0560256 0.0641627 0.0698485 0.0727366 0.0730043 0.0711091 0.0675678 0.0628519 0.0573568 0.0513956 0.045204 0.0389568 0.0327903 0.0268255 0.0211904 0.0160321 0.0115102 0.00776551 0.00487593
 0.00763641 0.0124738 0.0189013 0.0268978 0.0362146 0.0462244 0.0558917 0.0640278 0.0697191 0.0726129 0.0728813 0.0709827 0.0674434 0.0627483 0.0573018 0.0514139 0.0453052 0.0391303 0.03301 0.02706 0.0214123 0.0162231 0.0116614 0.00787603 0.00495038
 0.00756933 0.0123694 0.0187531 0.0267032 0.0359764 0.0459515 0.0556006 0.0637421 0.0694663 0.0724179 0.0727593 0.070936 0.0674629 0.0628198 0.0574144 0.0515641 0.0454949 0.0393598 0.0332708 0.0273339 0.0216758 0.0164548 0.0118478 0.00801326 0.00504272
 0.00767897 0.0125247 0.0189443 0.0269064 0.0361598 0.0460859 0.0556674 0.063736 0.069392 0.0722862 0.0725845 0.0707344 0.067252 0.0626164 0.0572328 0.0514163 0.0453908 0.0393065 0.0332706 0.027381 0.0217561 0.0165497 0.0119395 0.00808947 0.00509841
 0.00776189 0.0126584 0.0191419 0.0271752 0.0364951 0.0464636 0.0560413 0.0640451 0.0695786 0.072317 0.0724615 0.0704901 0.0669334 0.0622695 0.0568934 0.0511088 0.0451309 0.0391037 0.0331291 0.0272993 0.0217259 0.0165568 0.0119674 0.00812356 0.00512873
 0.00765757 0.0125122 0.0189658 0.0269961 0.0363487 0.0463833 0.0560472 0.0641373 0.0697371 0.0725057 0.0726383 0.0706193 0.0669969 0.0622698 0.056849 0.0510443 0.0450685 0.0390591 0.033111 0.0273096 0.0217611 0.0166086 0.0120251 0.00817703 0.00517142
 0.00753855 0.0123329 0.0187235 0.0267009 0.0360246 0.0460676 0.0557869 0.063981 0.0697208 0.0726378 0.0728922 0.0709406 0.0673213 0.0625444 0.0570455 0.0511613 0.0451243 0.0390798 0.0331207 0.0273247 0.0217884 0.0166472 0.0120692 0.00821944 0.00520646
 0.00748781 0.0122448 0.0185815 0.0264884 0.035732 0.0457013 0.0553777 0.0635827 0.0693989 0.0724506 0.0728733 0.071089 0.0676027 0.0629017 0.057416 0.051494 0.0453908 0.0392761 0.0332597 0.0274256 0.021868 0.0167152 0.0121286 0.00826911 0.00524471
 0.00747516 0.0122243 0.0185501 0.0264416 0.0356625 0.0455991 0.0552319 0.0633876 0.0691615 0.0721963 0.0726439 0.0709319 0.0675539 0.0629723 0.0575876 0.0517264 0.0456371 0.0394987 0.0334387 0.027559 0.0219646 0.0167864 0.0121829 0.00831092 0.00527579
 0.00748939 0.0122336 0.0185388 0.0263875 0.0355437 0.0454038 0.054966 0.0630747 0.0688348 0.0718886 0.0723826 0.0707397 0.0674516 0.0629764 0.057704 0.0519432 0.0459239 0.0398139 0.0337423 0.0278227 0.0221759 0.0169459 0.0122979 0.00839063 0.00532853
 0.00750177 0.0122588 0.018585 0.0264621 0.0356474 0.045524 0.0550736 0.0631302 0.0688033 0.0717558 0.0721619 0.0704675 0.0671741 0.0627374 0.057537 0.0518669 0.0459398 0.0399064 0.0338831 0.0279799 0.0223232 0.0170676 0.0123893 0.0084542 0.00536991
 0.00757287 0.0123642 0.018725 0.0266314 0.0358375 0.0457261 0.0552792 0.0633274 0.0689718 0.0718659 0.0721819 0.0703763 0.0669737 0.062456 0.057221 0.0515669 0.0456962 0.0397406 0.0337958 0.0279556 0.0223385 0.0171003 0.0124237 0.00848237 0.00538975
 0.00759475 0.0123999 0.0187785 0.0267054 0.0359316 0.0458351 0.0553928 0.0634324 0.0690568 0.0719248 0.0722124 0.0703753 0.0669346 0.0623715 0.0570915 0.0514061 0.0455297 0.039597 0.0336958 0.0279055 0.0223309 0.0171197 0.0124539 0.00851164 0.0054124
 0.00764892 0.0124852 0.0189013 0.0268696 0.0361368 0.0460754 0.0556543 0.0636932 0.0692894 0.072102 0.0723137 0.0703913 0.0668668 0.0622297 0.0568895 0.0511609 0.0452623 0.039332 0.0334581 0.0277142 0.0221937 0.0170329 0.012406 0.00848904 0.00540362
 0.00770611 0.0125645 0.0189958 0.0269648 0.0362162 0.0461277 0.0556791 0.0637012 0.0692966 0.0721213 0.0723495 0.0704376 0.06691 0.0622539 0.056882 0.0511155 0.0451812 0.0392253 0.0333417 0.0276054 0.0221063 0.016973 0.0123719 0.0084739 0.00539947
 0.00765502 0.0125049 0.0189485 0.0269607 0.0362846 0.0462798 0.0558968 0.0639406 0.0695067 0.0722662 0.07242 0.0704475 0.0668823 0.0622066 0.0568224 0.0510422 0.0450905 0.0391172 0.0332224 0.0274862 0.0219998 0.0168885 0.0123128 0.0084377 0.00538026
 0.00728981 0.0119223 0.0180961 0.0258081 0.0348413 0.0446171 0.0541608 0.0623372 0.0682519 0.071523 0.0722549 0.0708284 0.0677078 0.0633444 0.0581377 0.0524143 0.0464207 0.040333 0.0342788 0.0283631 0.0226971 0.0174195 0.0126985 0.00870299 0.00555129
 0.00709929 0.0116028 0.0175973 0.0250778 0.0338378 0.0433296 0.0526322 0.0606758 0.0666235 0.0701217 0.0712627 0.0703739 0.0678375 0.0640162 0.0592384 0.0537926 0.0479204 0.0418183 0.0356466 0.0295473 0.0236656 0.0181686 0.0132453 0.00907786 0.00579094
 0.00697049 0.0113877 0.0172622 0.0245857 0.0331533 0.0424286 0.0515143 0.0593749 0.0652123 0.06871 0.0699895 0.069391 0.0672825 0.0639794 0.0597369 0.054762 0.0492315 0.0433084 0.0371555 0.0309441 0.0248628 0.0191242 0.0139563 0.00956997 0.0061064
 0.0069359 0.0113302 0.0171726 0.0244515 0.0329578 0.0421503 0.0511279 0.0588559 0.0645445 0.0678967 0.0690652 0.0684295 0.0663952 0.0632989 0.0593866 0.0548207 0.0497062 0.0441296 0.0381968 0.0320575 0.0259153 0.0200223 0.014655 0.0100674 0.00643064
 0.00699651 0.0114238 0.0173036 0.0246191 0.0331542 0.0423579 0.051317 0.0589837 0.0645591 0.0677462 0.0687117 0.0678643 0.0656524 0.0624613 0.0585768 0.0541758 0.0493405 0.0440999 0.0384847 0.0325787 0.02655 0.0206534 0.0151974 0.0104802 0.00671165
 0.00703547 0.0115023 0.0174489 0.0248636 0.0335248 0.0428597 0.0519202 0.0596214 0.0651402 0.068176 0.068911 0.0677822 0.0652741 0.061815 0.0577374 0.0532594 0.0484848 0.043431 0.0380828 0.032456 0.0266545 0.0208946 0.0154814 0.0107369 0.00690625
 0.00700105 0.0114638 0.0174241 0.0248828 0.0336259 0.043079 0.0522802 0.0601207 0.0657455 0.0688211 0.0695042 0.0682231 0.0654769 0.0617298 0.0573644 0.0526526 0.0477443 0.0426827 0.0374465 0.0320133 0.0264283 0.0208519 0.0155557 0.0108584 0.00702378
 0.00698865 0.0114405 0.0173846 0.0248237 0.0335509 0.0430058 0.0522432 0.0601658 0.0659151 0.069135 0.0699439 0.0687296 0.0659611 0.0620944 0.0575302 0.0525821 0.0474546 0.0422426 0.0369568 0.0315754 0.0261131 0.0206819 0.015509 0.0108884 0.00708362
 0.00701429 0.0114707 0.0174087 0.0248245 0.0335093 0.0429086 0.0520917 0.0599807 0.0657365 0.0690149 0.0699328 0.0688584 0.0662248 0.062446 0.0578905 0.052864 0.047593 0.0422179 0.0368002 0.0313539 0.0259004 0.0205306 0.0154361 0.0108801 0.00711127
 0.00709297 0.0115912 0.0175754 0.0250339 0.0337483 0.0431531 0.0523076 0.0601297 0.0657883 0.068961 0.0697949 0.0686841 0.0660711 0.0623563 0.0578762 0.0528987 0.0476255 0.0421965 0.0366986 0.0311826 0.0256992 0.0203466 0.015302 0.0108042 0.00708201
 0.00728329 0.0118885 0.0179992 0.025592 0.0344321 0.0439327 0.0531271 0.0609086 0.0664335 0.0693883 0.0699514 0.068562 0.0657095 0.0618297 0.0572713 0.0522886 0.0470515 0.0416667 0.0362023 0.030712 0.0252625 0.0199659 0.0150003 0.0105912 0.00694996
 0.00730752 0.0119435 0.0181106 0.0257922 0.0347516 0.0443859 0.0537001 0.0615563 0.0670879 0.069974 0.0703997 0.0688215 0.0657538 0.0616627 0.0569274 0.0518248 0.0465308 0.0411405 0.0357022 0.0302524 0.0248512 0.0196128 0.0147162 0.0103824 0.0068122
 0.00711672 0.0116628 0.0177444 0.0253677 0.0343166 0.0440015 0.0534315 0.0614619 0.0672051 0.0703044 0.0709028 0.0694219 0.06636 0.0621903 0.0573176 0.0520543 0.0466101 0.0411032 0.0355895 0.0301007 0.0246875 0.019456 0.0145801 0.0102757 0.00673772
 0.00700632 0.0114707 0.0174344 0.0249043 0.0336808 0.0432126 0.0525624 0.0606341 0.0665592 0.0699572 0.070913 0.0697772 0.0669875 0.0629796 0.0581491 0.0528248 0.0472505 0.0415847 0.0359176 0.0303022 0.0247964 0.0195039 0.0145924 0.010271 0.00672798
 0.00704835 0.0115128 0.0174482 0.0248443 0.0334932 0.042851 0.0520075 0.0599081 0.0657313 0.0691384 0.0702348 0.0693598 0.0669044 0.0632357 0.0586811 0.0535239 0.0479961 0.0422756 0.0364901 0.0307332 0.0250941 0.0196936 0.0147041 0.0103317 0.00675841
 0.00713083 0.0116562 0.0176785 0.0251842 0.0339473 0.0433876 0.0525474 0.0603342 0.065924 0.0690207 0.0698073 0.0687059 0.066164 0.0625596 0.0581849 0.0532577 0.0479405 0.0423629 0.0366379 0.0308741 0.0251911 0.0197394 0.0147104 0.0103165 0.00673695
#obs surv len freq
 nan nan nan nan nan nan nan nan nan nan nan nan nan nan nan nan nan nan nan nan nan nan nan nan nan
 0.00448031 0.00733968 0.0111679 0.015983 0.0216835 0.0279596 0.0342749 0.0400076 0.0446888 0.0481543 0.0505138 0.0520111 0.0529048 0.0534184 0.0537336 0.0539892 0.0542683 0.0545614 0.0547004 0.0542924 0.0527303 0.0493621 0.0438112 0.0362904 0.027673
 0.00461308 0.00755673 0.0114964 0.0164483 0.0223025 0.0287319 0.0351731 0.0409746 0.0456454 0.0490144 0.0512009 0.0524696 0.0531056 0.05336 0.0534377 0.0534928 0.0536148 0.0537936 0.0538574 0.0534111 0.0518495 0.0485247 0.043062 0.0356672 0.0271967
 0.00478778 0.00784061 0.0119234 0.0170499 0.0231017 0.0297334 0.0363529 0.042275 0.0469804 0.0502835 0.0523037 0.0533182 0.0536333 0.053528 0.0532383 0.052948 0.0527698 0.0527077 0.052597 0.0520467 0.0504567 0.0471846 0.0418549 0.0346594 0.0264251
 0.00497365 0.00814854 0.0123975 0.0177344 0.0240319 0.0309215 0.037773 0.0438593 0.0486284 0.0518812 0.0537404 0.0544957 0.05447 0.0539613 0.0532295 0.0524867 0.0518765 0.0514326 0.0510161 0.0502581 0.0485765 0.0453414 0.0401759 0.0332487 0.0253411
 0.00518915 0.00849851 0.0129239 0.0184773 0.0250235 0.0321753 0.039272 0.0455486 0.0504194 0.0536643 0.0554 0.0559214 0.0555645 0.0546445 0.0534417 0.0521911 0.0510639 0.0501272 0.0492807 0.0481973 0.0463348 0.0430911 0.0380936 0.0314815 0.0239747
 0.00540821 0.00885942 0.0134758 0.0192688 0.0260926 0.0335346 0.0408942 0.0473624 0.0523218 0.0555415 0.057144 0.057437 0.0567667 0.055457 0.0537963 0.0520325 0.0503563 0.0488649 0.0475013 0.0459935 0.0438593 0.0405452 0.0356959 0.0294216 0.0223688
 0.00564917 0.00925204 0.0140687 0.0201083 0.0272152 0.0349536 0.0425854 0.0492575 0.0543163 0.0575133 0.0589734 0.0590191 0.0580165 0.0563069 0.0541904 0.0519219 0.0496998 0.0476392 0.0457194 0.0437271 0.0412529 0.0378109 0.0330792 0.0271455 0.0205781
 0.00588615 0.00964221 0.0146649 0.0209626 0.0283685 0.0364196 0.0443339 0.0512102 0.056359 0.0595188 0.0608222 0.0606097 0.0592672 0.0571533 0.0545818 0.0518161 0.0490607 0.0464416 0.0439651 0.04147 0.0386218 0.0350124 0.0303668 0.0247604 0.0186851
 0.00612795 0.0100369 0.0152622 0.0218104 0.0295045 0.0378575 0.0460485 0.0531308 0.0583776 0.0615095 0.0626611 0.0621891 0.0605014 0.057979 0.0549536 0.0516998 0.0484283 0.0452727 0.0422598 0.0392729 0.0360475 0.0322537 0.0276708 0.0223704 0.0167742
 0.00638902 0.0104653 0.015914 0.0227394 0.0307507 0.0394293 0.0479057 0.0551802 0.0604884 0.0635401 0.0644836 0.0637016 0.0616297 0.0586726 0.0551808 0.051441 0.0476703 0.0440079 0.040496 0.0370543 0.0334799 0.0295165 0.0249976 0.0199962 0.01487
 0.00662504 0.0108537 0.0165074 0.0235899 0.0319 0.0408923 0.0496536 0.0571336 0.0625266 0.0655241 0.066279 0.0651949 0.0627367 0.0593393 0.0553784 0.0511582 0.0469053 0.0427651 0.0387928 0.0349379 0.0310501 0.0269375 0.0224827 0.0177614 0.0130743
 0.00681742 0.0111708 0.0169927 0.0242875 0.0328466 0.0421048 0.051115 0.0587868 0.0642813 0.067271 0.0679061 0.0665984 0.0638278 0.0600497 0.0556625 0.0509917 0.046281 0.0416893 0.0372877 0.0330538 0.0288819 0.0246343 0.0202351 0.0157618 0.0114649
 0.00703751 0.0115282 0.0175297 0.0250427 0.033847 0.0433536 0.0525799 0.0603964 0.0659355 0.0688615 0.0693335 0.0677816 0.0647052 0.0605764 0.0558081 0.050738 0.0456211 0.040629 0.0358494 0.031287 0.0268761 0.022525 0.0181916 0.0139527 0.0100132
 0.00728631 0.0119329 0.0181387 0.0258991 0.0349782 0.0447558 0.0542031 0.062142 0.067673 0.0704564 0.0706737 0.0687904 0.0653412 0.0608267 0.0556779 0.0502412 0.0447743 0.039451 0.0343676 0.0295491 0.0249628 0.0205557 0.0163126 0.0123072 0.00870295
 0.00743895 0.0121937 0.0185544 0.0265206 0.0358492 0.0458944 0.0555839 0.0636901 0.0692749 0.071983 0.0720036 0.0698269 0.0660209 0.0611206 0.0555867 0.0497864 0.0439873 0.0383666 0.0330246 0.0279985 0.0232789 0.0188415 0.0146914 0.010897 0.00758584
 0.00749767 0.0122916 0.0187076 0.0267496 0.0361789 0.0463525 0.0561957 0.0644686 0.0702104 0.0730346 0.0730983 0.0708688 0.066909 0.0617673 0.0559316 0.0498011 0.0436719 0.0377427 0.0321302 0.0268868 0.0220224 0.0175336 0.0134384 0.00979888 0.00671194
 0.00758666 0.0124228 0.0188806 0.0269565 0.0364091 0.0465996 0.0564627 0.0647703 0.0705691 0.0734723 0.0736257 0.0714736 0.0675492 0.0623744 0.0564239 0.050102 0.0437264 0.0375261 0.0316497 0.0261791 0.0211506 0.0165818 0.0125014 0.00896461 0.00604169
 0.007671 0.0125563 0.0190737 0.0272143 0.0367274 0.0469616 0.0568382 0.0651214 0.0708641 0.0737003 0.0738026 0.0716344 0.0677286 0.0625864 0.0566507 0.0502959 0.0438247 0.0374709 0.0314058 0.0257452 0.0205607 0.0158996 0.0118062 0.00833248 0.00552745
 0.00769963 0.012601 0.0191379 0.0273004 0.0368373 0.0470962 0.0569964 0.065298 0.0710486 0.0738783 0.0739616 0.0717702 0.067849 0.0627079 0.0567862 0.0504418 0.0439544 0.0375402 0.0313684 0.0255716 0.020252 0.0154898 0.0113526 0.00789821 0.00516215
 0.00775437 0.0126826 0.0192469 0.0274324 0.0369842 0.0472488 0.0571459 0.0654373 0.0711726 0.0739839 0.0740472 0.071835 0.0678939 0.0627371 0.056807 0.0504613 0.0439721 0.037542 0.0313286 0.025463 0.0200605 0.0152247 0.0110461 0.0075937 0.00489876
 0.00779551 0.0127462 0.019336 0.027547 0.0371201 0.0473972 0.0572939 0.0655696 0.0712755 0.0740504 0.0740787 0.0718399 0.067883 0.0627193 0.0567882 0.0504442 0.0439559 0.037521 0.0312903 0.0253911 0.0199421 0.015059 0.0108482 0.00739034 0.00471742
 0.00784422 0.012817 0.0194272 0.0276516 0.0372283 0.0474993 0.057383 0.0656416 0.0713285 0.0740831 0.0740909 0.0718332 0.0678619 0.0626902 0.0567576 0.0504168 0.0439328 0.0374989 0.0312617 0.0253454 0.01987 0.0149573 0.0107239 0.00725884 0.0045968
 0.00788923 0.0128907 0.0195382 0.0278065 0.0374279 0.0477344 0.0576317 0.0658724 0.0715088 0.0741899 0.0741172 0.0717875 0.0677617 0.0625555 0.0566068 0.0502646 0.0437893 0.0373689 0.0311447 0.0252365 0.0197627 0.0148473 0.0106122 0.00715188 0.00450351
 0.0078811 0.0128796 0.0195258 0.0277966 0.0374266 0.0477496 0.0576714 0.0659414 0.0716051 0.074303 0.0742295 0.07188 0.0678204 0.0625761 0.0565937 0.0502276 0.043739 0.0373137 0.031089 0.0251807 0.0197047 0.0147854 0.010547 0.00708744 0.00444568
 0.00787463 0.0128622 0.0194877 0.0277254 0.0373126 0.0475925 0.0574853 0.0657547 0.0714529 0.074216 0.0742237 0.0719529 0.0679533 0.0627411 0.0567634 0.0503814 0.0438664 0.0374123 0.0311607 0.0252285 0.0197311 0.0147926 0.0105384 0.00706823 0.00442216
 0.00786886 0.0128493 0.0194614 0.027677 0.0372321 0.0474711 0.0573198 0.0655509 0.0712285 0.0739996 0.0740504 0.0718547 0.0679488 0.0628296 0.0569251 0.0505855 0.0440809 0.0376118 0.03133 0.0253614 0.0198274 0.0148557 0.0105737 0.00708286 0.00442362
 0.00789115 0.0128802 0.0194977 0.0277117 0.0372553 0.047472 0.0572885 0.0654806 0.0711169 0.0738515 0.0738795 0.0716836 0.0678057 0.0627406 0.056906 0.0506361 0.0441859 0.0377469 0.03147 0.025487 0.0199274 0.0149269 0.0106186 0.00710681 0.00443336
 0.00787317 0.0128535 0.0194621 0.0276684 0.0372055 0.0474163 0.0572257 0.0654085 0.0710338 0.0737577 0.073779 0.071584 0.0677186 0.06268 0.056886 0.0506664 0.0442673 0.0378696 0.0316156 0.0256343 0.0200585 0.0150309 0.0106923 0.00715349 0.00445939
 0.0078688 0.0128426 0.0194389 0.0276257 0.0371378 0.0473225 0.0571124 0.0652883 0.0709212 0.0736636 0.0737077 0.0715342 0.0676871 0.0626658 0.0568918 0.0506978 0.0443295 0.037963 0.0317337 0.025764 0.0201842 0.0151392 0.0107755 0.00721056 0.00449424
 0.00783968 0.0127965 0.0193716 0.0275342 0.03702 0.0471788 0.0569466 0.0651097 0.0707445 0.0735074 0.0735901 0.0714685 0.0676777 0.0627081 0.0569757 0.0508123 0.0444656 0.0381146 0.0318947 0.0259261 0.0203369 0.0152717 0.0108805 0.0072858 0.00454278
 0.00782221 0.0127648 0.019318 0.0274499 0.0368981 0.0470175 0.0567528 0.0648987 0.0705368 0.0733236 0.0734471 0.0713781 0.0676466 0.0627375 0.0570607 0.0509428 0.0446284 0.038296 0.0320823 0.0261092 0.0205055 0.0154171 0.0109966 0.0073707 0.00459912
 0.00778875 0.0127095 0.0192333 0.0273281 0.0367331 0.0468081 0.0565049 0.0646275 0.0702654 0.0730786 0.0732543 0.0712572 0.0676085 0.0627831 0.0571823 0.051126 0.0448551 0.0385466 0.0323382 0.0263538 0.0207254 0.0156027 0.0111427 0.00747698 0.00466994
 0.0077677 0.0126746 0.0191792 0.0272494 0.0366249 0.0466674 0.0563328 0.0644301 0.0700536 0.0728677 0.073062 0.0711024 0.0675083 0.0627503 0.0572221 0.0512351 0.0450223 0.0387549 0.0325675 0.0265841 0.0209392 0.0157869 0.0112897 0.00758509 0.00474274
 0.00772124 0.0126006 0.0190709 0.0271018 0.0364365 0.0464417 0.0560801 0.0641675 0.069802 0.0726477 0.07289 0.0709892 0.0674604 0.0627704 0.0573101 0.051387 0.045229 0.0390022 0.0328367 0.0268545 0.021191 0.0160044 0.0114634 0.00771287 0.0048288
 0.00771015 0.0125769 0.0190249 0.0270213 0.03631 0.0462637 0.0558555 0.0639124 0.0695403 0.072405 0.0726881 0.0708437 0.0673799 0.062758 0.0573644 0.0515032 0.0453995 0.0392157 0.033078 0.027105 0.0214312 0.016217 0.0116367 0.00784242 0.00491714
 0.007667 0.0125125 0.0189383 0.0269144 0.0361854 0.0461225 0.0556964 0.063734 0.0693451 0.072203 0.072497 0.0706851 0.0672737 0.0627171 0.0573933 0.0515989 0.0455534 0.0394152 0.0333078 0.0273473 0.0216671 0.0164291 0.0118122 0.00797526 0.00500875
 0.00764904 0.0124804 0.0188849 0.0268323 0.0360697 0.0459746 0.0555259 0.0635569 0.0691782 0.0720572 0.072376 0.0705884 0.0672022 0.0626768 0.0573931 0.0516467 0.0456518 0.0395602 0.0334888 0.0275489 0.0218714 0.0166185 0.0119728 0.00809954 0.00509601
 0.00764596 0.0124763 0.0188802 0.0268269 0.036062 0.0459601 0.0554975 0.0635071 0.0691031 0.0719591 0.0722637 0.0704737 0.0670962 0.0625878 0.057328 0.0516124 0.0456551 0.0396048 0.0335732 0.0276649 0.0220053 0.0167541 0.0120954 0.00819882 0.00516826
 0.00763461 0.0124607 0.0188621 0.0268098 0.03605 0.0459563 0.0555024 0.0635173 0.0691112 0.0719562 0.0722417 0.0704289 0.0670313 0.062511 0.057251 0.0515473 0.0456123 0.0395923 0.0335945 0.0277182 0.0220828 0.0168437 0.0121835 0.0082748 0.00522612
 0.00759272 0.0123959 0.0187711 0.0266925 0.0359106 0.0458041 0.0553518 0.063386 0.0690162 0.071908 0.0722408 0.070466 0.0670916 0.0625802 0.0573195 0.0516122 0.0456763 0.039661 0.0336729 0.0278082 0.0221817 0.0169444 0.0122772 0.00835347 0.00528543
 0.00756072 0.012344 0.0186934 0.0265842 0.0357697 0.0456336 0.0551621 0.0631948 0.0688457 0.0717796 0.0721697 0.0704578 0.0671415 0.062675 0.0574417 0.0517454 0.0458091 0.039788 0.033794 0.0279247 0.0222937 0.0170494 0.0123702 0.00842969 0.00534236
 0.00756326 0.0123428 0.0186817 0.0265524 0.0357075 0.0455342 0.0550254 0.0630295 0.0686673 0.071608 0.0720251 0.0703577 0.0670972 0.0626892 0.0575083 0.0518511 0.0459377 0.0399249 0.0339288 0.0280518 0.0224101 0.0171529 0.0124584 0.0085003 0.00539449
 0.00754706 0.012321 0.0186569 0.0265286 0.035688 0.0455175 0.0550041 0.0629918 0.0686027 0.0715133 0.0719079 0.0702348 0.0669895 0.0626157 0.0574808 0.0518721 0.0460009 0.040018 0.0340377 0.0281641 0.0225168 0.0172481 0.0125385 0.00856346 0.00544061
 0.00754992 0.0123261 0.0186655 0.0265427 0.0357098 0.0455493 0.0550466 0.0630421 0.0686528 0.0715496 0.0719153 0.0702025 0.0669169 0.0625146 0.0573714 0.0517762 0.0459344 0.0399876 0.0340409 0.0281924 0.0225598 0.0172961 0.0125844 0.00860247 0.00547056
 0.00751437 0.012273 0.0185943 0.0264562 0.0356142 0.0454528 0.0549589 0.0629736 0.0686125 0.0715427 0.07194 0.0702497 0.0669725 0.0625646 0.0574078 0.0518 0.045954 0.0400134 0.0340799 0.0282453 0.0226219 0.0173599 0.0126425 0.00865011 0.00550583
 0.0075199 0.0122761 0.0185884 0.0264322 0.0355638 0.045373 0.0548558 0.0628617 0.0685106 0.0714675 0.0719014 0.0702491 0.0670035 0.062616 0.0574668 0.051856 0.0460022 0.0400549 0.0341196 0.0282881 0.0226691 0.0174092 0.0126892 0.00868983 0.00553601
 0.00751715 0.0122729 0.0185854 0.02643 0.0355607 0.0453646 0.0548342 0.0628188 0.0684427 0.0713798 0.0718082 0.0701688 0.0669521 0.0626008 0.0574854 0.0518988 0.0460572 0.0401125 0.034175 0.0283403 0.0227187 0.0174559 0.0127315 0.00872532 0.00556308
 0.00749352 0.012238 0.0185397 0.0263763 0.035504 0.0453104 0.0547872 0.0627812 0.0684136 0.0713552 0.0717832 0.0701418 0.0669268 0.0625854 0.0574886 0.0519251 0.0461048 0.0401746 0.034243 0.0284073 0.0227805 0.0175104 0.0127774 0.00876178 0.00558997
 0.00750158 0.0122473 0.0185467 0.0263758 0.0354911 0.0452831 0.0547484 0.0627382 0.068375 0.0713267 0.0717655 0.0701307 0.0669166 0.0625727 0.0574751 0.0519161 0.0461062 0.0401897 0.0342709 0.0284437 0.02282 0.0175485 0.012811 0.00878906 0.00561034
 0.00750158 0.0122473 0.0185467 0.0263758 0.0354911 0.0452831 0.0547484 0.0627382 0.068375 0.0713267 0.0717655 0.0701307 0.0669166 0.0625727 0.0574751 0.0519161 0.0461062 0.0401897 0.0342709 0.0284437 0.02282 0.0175485 0.012811 0.00878906 0.00561034
 0.00713033 0.0116621 0.0177024 0.0252488 0.0340908 0.0436658 0.0530291 0.0610855 0.0669814 0.0703622 0.0713363 0.0702597 0.0675488 0.0635977 0.0587564 0.0533194 0.0475187 0.0415279 0.035479 0.0294881 0.0236837 0.0182285 0.0133168 0.00914176 0.00583879
 0.00708906 0.0115511 0.0174548 0.0247771 0.0333105 0.0425332 0.0515747 0.0594235 0.0652884 0.0688372 0.0701597 0.0695638 0.0673993 0.0639873 0.0596102 0.0545138 0.0489084 0.0429729 0.0368641 0.0307308 0.0247345 0.0190663 0.0139447 0.00958103 0.00612364
 0.00705295 0.0115001 0.0173888 0.0246911 0.0331838 0.042318 0.0511967 0.0588038 0.0643828 0.0676757 0.0688611 0.0683124 0.0663951 0.0633905 0.0595041 0.0548927 0.0496895 0.044024 0.0380369 0.0318905 0.0257788 0.0199332 0.0146106 0.0100541 0.00643312
 0.00700718 0.011432 0.0172983 0.0245833 0.033067 0.0422002 0.0510781 0.0586672 0.0641872 0.0673619 0.0683752 0.067642 0.0655976 0.0625931 0.0588683 0.0545597 0.0497337 0.0444337 0.0387259 0.0327313 0.0266404 0.0207111 0.0152421 0.010519 0.00674439
 0.00706934 0.0115329 0.0174495 0.024794 0.033341 0.042531 0.0514444 0.0590316 0.0644991 0.0675627 0.0684046 0.0674481 0.0651538 0.0619207 0.0580498 0.0537301 0.0490434 0.0439999 0.0385955 0.0328729 0.0269664 0.0211148 0.0156322 0.0108387 0.00697365
 0.00712623 0.0116373 0.0176281 0.0250775 0.0337551 0.0430824 0.0521091 0.0597523 0.0651958 0.0681496 0.0688057 0.0676055 0.0650317 0.0615103 0.0573792 0.0528725 0.0481143 0.0431345 0.0379116 0.0324353 0.026773 0.021109 0.0157337 0.0109744 0.00709585
 0.00714929 0.0116826 0.0177117 0.0252211 0.0339835 0.043418 0.0525634 0.0603181 0.0658417 0.0688193 0.0694236 0.0680886 0.0653052 0.0615225 0.0571116 0.0523472 0.0473962 0.0423247 0.0371277 0.031781 0.0263091 0.0208413 0.0156232 0.0109621 0.00712727
 0.00712183 0.0116416 0.0176574 0.0251584 0.0339237 0.0433801 0.0525742 0.060409 0.0660405 0.0691388 0.0698514 0.068582 0.0657957 0.0619283 0.0573572 0.0523825 0.0472122 0.0419593 0.0366575 0.0313002 0.0259004 0.0205526 0.0154595 0.0108961 0.00711945
 0.00712182 0.0116403 0.0176532 0.0251493 0.0339084 0.0433597 0.0525543 0.0604012 0.0660622 0.0692114 0.069994 0.0688036 0.066086 0.0622528 0.0576599 0.0525989 0.0472895 0.0418756 0.036432 0.0309882 0.0255736 0.0202731 0.0152613 0.0107813 0.00706815
 0.00713164 0.011657 0.0176795 0.0251877 0.0339597 0.0434217 0.052621 0.0604642 0.0661145 0.0692517 0.0700303 0.0688512 0.0661621 0.0623664 0.057803 0.0527435 0.0473932 0.0418977 0.0363518 0.0308159 0.0253473 0.020043 0.0150691 0.0106471 0.00699003
 0.00721103 0.0117796 0.0178519 0.0254109 0.0342287 0.0437247 0.0529384 0.0607688 0.0663753 0.0694402 0.0701282 0.0688559 0.0660871 0.0622376 0.0576494 0.0525851 0.047234 0.041726 0.0361505 0.0305773 0.0250824 0.0197789 0.0148373 0.0104693 0.00687142
 0.00722092 0.0118062 0.0179107 0.025522 0.0344102 0.0439835 0.0532628 0.061128 0.066727 0.0697428 0.0703495 0.0689776 0.0661058 0.0621629 0.0575012 0.0523891 0.0470133 0.0414947 0.0359128 0.0303325 0.0248338 0.0195389 0.014624 0.010299 0.0067509
 0.00718336 0.0117448 0.017819 0.0253969 0.0342568 0.0438196 0.0531205 0.0610475 0.0667426 0.0698673 0.0705671 0.0692497 0.0663846 0.0624066 0.0576836 0.0525015 0.0470606 0.0414887 0.0358657 0.0302538 0.0247319 0.0194242 0.01451 0.0101993 0.00667443
 0.00711319 0.0116264 0.0176334 0.0251253 0.0338866 0.0433541 0.0525876 0.0605021 0.0662585 0.0695205 0.0704157 0.0693178 0.0666559 0.0628301 0.0581894 0.0530201 0.0475384 0.041894 0.0361859 0.0304895 0.0248912 0.0195194 0.0145569 0.0102146 0.00667338
 0.00710494 0.0116056 0.017588 0.0250381 0.0337382 0.0431278 0.052276 0.060113 0.0658181 0.0690737 0.0700213 0.0690382 0.0665412 0.0629029 0.0584365 0.0533963 0.0479808 0.0423397 0.0365865 0.0308171 0.0251364 0.0196873 0.0146607 0.0102714 0.00670004
