SBPRF35
12.7214
Curr Bio
902059
B35
880035
F35
0.171858
FOFL
0.171858
OFL
124943
Bzero
3.63469e+006
#pred survey bio
 3.55746e+006 3.45869e+006 3.35952e+006 3.22182e+006 3.03785e+006 2.84214e+006 2.58821e+006 2.33533e+006 2.08487e+006 1.88846e+006 1.63396e+006 1.43074e+006 1.27493e+006 1.11611e+006 986584 888142 807677 737391 696716 671133 629475 615338 595252 576197 555423 545891 545562 545437 541119 539471 549166 549098 554767 561115 578202 599670 614198 630787 640918 647882 650974 662875 665796 668483 663133 666428 660507 668363 660672 659542 659768 716748 747782 795488 817184 844521 865602 903872 910777 910091 909201 2.06149e+007 1.86626e+007 1.88551e+007 1.95976e+007 2.06984e+007 2.19403e+007 2.31608e+007 2.42633e+007 2.52051e+007 2.59795e+007 2.65995e+007 2.70867e+007 2.74648e+007 2.7756e+007 2.79792e+007 2.815e+007 2.82806e+007 2.83808e+007 2.84578e+007 2.85173e+007 2.85633e+007 2.85992e+007 2.86272e+007 2.86492e+007 2.86666e+007 2.86804e+007 2.86913e+007 2.87e+007 2.8707e+007 2.87125e+007 2.8717e+007 2.87206e+007 2.87236e+007 2.87259e+007 2.87279e+007 2.87294e+007 2.87307e+007 2.87317e+007 2.87326e+007 2.87332e+007 2.87338e+007 2.87343e+007 2.87346e+007 2.87349e+007 2.87352e+007 2.87354e+007 2.87356e+007 2.87357e+007 2.87358e+007 2.87359e+007 2.8736e+007 2.8736e+007 2.87361e+007 2.87361e+007 2.87362e+007 2.87362e+007 2.87362e+007 2.87362e+007 2.87363e+007 2.87363e+007 2.87363e+007 2.87363e+007 2.87363e+007 2.87363e+007 2.87363e+007 2.87363e+007 2.87363e+007 2.87363e+007 2.87363e+007 2.87363e+007 2.87363e+007 2.87363e+007 2.87363e+007 2.87363e+007 2.87363e+007 2.87363e+007 2.87363e+007 2.87363e+007 2.87363e+007 2.87363e+007 2.87363e+007 2.87363e+007 2.87363e+007 2.87363e+007 2.87363e+007 2.87363e+007 2.87363e+007 2.87363e+007 2.87363e+007 2.87363e+007 2.87363e+007 2.87363e+007 2.87363e+007 2.87363e+007 2.87363e+007 2.87363e+007 2.87363e+007 2.87363e+007 2.87363e+007 2.87363e+007 0 0 0 0 0 0 0 0 0 0 0 0 0 0 0 0 0 0 0 0 0 0 0 0 0
#obs survey bio
 2.52305e+006 4.19913e+006 2.7346e+006 2.78689e+006 3.32763e+006 2.72654e+006 2.32686e+006 2.49418e+006 1.94584e+006 2.51114e+006 1.81432e+006 1.21188e+006 1.13414e+006 1.27237e+006 1.67046e+006 724216 1.05568e+006 832747 554493 681021 899219 542274 821517 764342 645534 516998 557501 1.07556e+006 435838 459423 411032 569556 508141 472988 964428 779564 671565 894026 997839 688168 512281 615430 875122 629913 649024 612326 489725 503696 723276 650918 695993 624904 858537 662151 961663 700831 1.08494e+006 852834 779667 1.20959e+006 886656
#pred catch bio
 94258 99341.1 143659 197886 222910 291669 306760 319686 283961 345514 305149 266747 270645 243928 215647 198545 186902 158658 143852 153925 126487 128358 123848 121785 109778 101087 100294 102774 100142 91920.6 102117 99073 100372 92802.1 90233.9 96586.7 95128.2 100543 102483 105237 98354.7 106866 107352 114337 107252 115290 103830 117051 110701 109231 62955.2 87430.7 74518 98338.1 94624 101244 87589.1 114664 119731 118760 128147 124943 123539 123513 127183 133758 141398 148881 155545 161122 165588 169049 171667 173610 175031 176058 176794 177317 177687 177948 178130 178258 178347 178409 178452 178482 178502 178517 178526 178533 178538 178541 178543 178545 178546 178547 178547 178547 178548 178548 178548 178548 178548 178548 178548 178548 178548 178548 178548 178548 178548 178548 178548 178548 178548 178548 178548 178548 178548 178548 178548 178548 178548 178548 178548 178548 178548 178548 178548 178548 178548 178548 178548 178548 178548 178548 178548 178548 178548 178548 178548 178548 178548 178548 178548 178548 178548 178548 178548 178548 178548 178548 178548 178548 178548 178548 178548 178548 178548 178548 178548 0 0 0 0 0 0 0 0 0 0 0 0 0 0 0 0 0 0 0 0 0 0 0 0 0
#obs catch bio
 0 99079.7 143714 198555 223370 292866 307638 321879 285270 347452 306441 268039 271606 244198 214282 199450 186808 158983 144185 155205 126398 128288 123170 120980 109160 100869 100419 101862 99406.2 91459.3 102120 99279.6 101446 93925.9 90551.3 96587.1 95115.9 100462 102133 104464 97943.1 106871 106923 114099 107114 115423 103896 117567 110776 109850 62543.1 87795.1 74254.1 98802 94668.5 101865 87536.7 115095 119942 118320 128231
#pred cpue bio
 3.51173e+006 3.41453e+006 3.31518e+006 3.17683e+006 2.99295e+006 2.79747e+006 2.54432e+006 2.29221e+006 2.04273e+006 1.84719e+006 1.59477e+006 1.39327e+006 1.2389e+006 1.08187e+006 953846 856464 777108 708183 668426 643566 603298 590014 570816 552564 532527 523308 523032 523168 519150 517298 526351 525886 531078 537147 554113 575617 590119 606476 616642 623762 626763 638171 640961 643592 638220 641350 635534 643224 635783 634780 635062 691231 722256 769266 790403 817057 837794 875692 882825 882292 881395 1.99791e+007 1.80803e+007 1.81414e+007 1.87626e+007 1.98293e+007 2.10646e+007 2.2284e+007 2.33863e+007 2.43282e+007 2.51026e+007 2.57225e+007 2.62097e+007 2.65879e+007 2.6879e+007 2.71022e+007 2.7273e+007 2.74037e+007 2.75038e+007 2.75809e+007 2.76403e+007 2.76864e+007 2.77222e+007 2.77502e+007 2.77723e+007 2.77896e+007 2.78034e+007 2.78143e+007 2.7823e+007 2.783e+007 2.78356e+007 2.784e+007 2.78437e+007 2.78466e+007 2.7849e+007 2.78509e+007 2.78524e+007 2.78537e+007 2.78547e+007 2.78556e+007 2.78563e+007 2.78568e+007 2.78573e+007 2.78577e+007 2.7858e+007 2.78582e+007 2.78584e+007 2.78586e+007 2.78587e+007 2.78588e+007 2.78589e+007 2.7859e+007 2.78591e+007 2.78591e+007 2.78592e+007 2.78592e+007 2.78592e+007 2.78592e+007 2.78593e+007 2.78593e+007 2.78593e+007 2.78593e+007 2.78593e+007 2.78593e+007 2.78593e+007 2.78593e+007 2.78593e+007 2.78593e+007 2.78593e+007 2.78593e+007 2.78593e+007 2.78593e+007 2.78593e+007 2.78593e+007 2.78593e+007 2.78593e+007 2.78593e+007 2.78593e+007 2.78593e+007 2.78593e+007 2.78593e+007 2.78593e+007 2.78593e+007 2.78593e+007 2.78593e+007 2.78593e+007 2.78593e+007 2.78593e+007 2.78593e+007 2.78593e+007 2.78593e+007 2.78593e+007 2.78593e+007 2.78593e+007 2.78593e+007 2.78593e+007 2.78593e+007 2.78593e+007 2.78593e+007 2.78593e+007 2.78593e+007 0 0 0 0 0 0 0 0 0 0 0 0 0 0 0 0 0 0 0 0 0 0 0 0 0
#obs cpue bio
 2.64771e+006 4.44063e+006 3.56888e+006 2.3856e+006 2.20313e+006 3.68688e+006 2.7262e+006 1.59451e+006 1.74585e+006 2.03906e+006 1.27155e+006 1.34189e+006 1.68277e+006 1.02339e+006 878855 564914 816993 495864 746083 522646 542946 749511 573662 511664 461815 454014 415694 600282 655560 498289 585282 390704 306225 416781 561067 647565 495729 490577 497901 927083 582367 566448 648175 672456 540406 693256 683571 793302 658062 591284 691838 732552 683877 677027 731086 655578 760775 1.01277e+006 1.08512e+006 1.05961e+006 671482
#pred surv len freq
 0.00423565 0.00699753 0.0107559 0.0155623 0.0213318 0.0277457 0.0342377 0.0401539 0.0450058 0.0486281 0.0511398 0.0527905 0.0538276 0.0544388 0.0547464 0.0548232 0.0547128 0.0544354 0.0539466 0.0530511 0.0513341 0.0482225 0.0432433 0.0363773 0.0282563
 0.00456858 0.00743583 0.0112289 0.0159498 0.0215092 0.0276475 0.0339005 0.039703 0.0445895 0.0483409 0.0509857 0.0527041 0.0537335 0.0543069 0.0546129 0.0547701 0.0548206 0.0547311 0.0543742 0.0534816 0.0516162 0.0482506 0.0430059 0.0359556 0.0277773
 0.00468103 0.00768043 0.0117025 0.0167579 0.0227122 0.0291936 0.0355907 0.0412337 0.0456699 0.048818 0.0508927 0.0522057 0.0530182 0.0535074 0.0537957 0.0539725 0.0540835 0.0540961 0.0538535 0.0530338 0.0511574 0.0477012 0.0423415 0.035225 0.0270757
 0.00481036 0.00788106 0.0119922 0.0171615 0.0232729 0.0299783 0.0366714 0.0426392 0.0473271 0.0505258 0.0523664 0.0531827 0.0533627 0.0532467 0.0530751 0.0529729 0.0529605 0.0529582 0.0527618 0.0520053 0.0501735 0.0467319 0.0413789 0.0343035 0.0262601
 0.00496971 0.00814649 0.0124025 0.017754 0.0240747 0.0309943 0.0378791 0.0439963 0.0487867 0.0520401 0.0538657 0.0545455 0.0544137 0.0538057 0.0530306 0.052331 0.0518357 0.0515185 0.0511683 0.0503763 0.0485794 0.0452142 0.0399752 0.0330624 0.025234
 0.00512822 0.00840768 0.0128026 0.0183305 0.0248606 0.0320077 0.039111 0.0454045 0.0503005 0.0535757 0.0553422 0.0558887 0.0555449 0.0546259 0.0534223 0.0521901 0.0511184 0.0502704 0.0495143 0.0484797 0.0466006 0.0432887 0.0382122 0.0315475 0.024025
 0.00536809 0.00879824 0.0133914 0.0191619 0.0259668 0.0333956 0.0407485 0.0472159 0.0521781 0.055401 0.0570057 0.0573019 0.0566407 0.0553502 0.0537214 0.0520038 0.0503904 0.0489783 0.0477006 0.0462638 0.0441618 0.0408323 0.0359325 0.0295973 0.0224936
 0.00560112 0.00918433 0.0139859 0.0200207 0.0271353 0.0348901 0.0425385 0.0492178 0.0542676 0.0574379 0.0588582 0.0588611 0.0578259 0.0561059 0.0540089 0.0517907 0.0496449 0.0476781 0.0458579 0.0439542 0.0415396 0.0381152 0.0333595 0.0273741 0.0207465
 0.00582703 0.00955978 0.0145665 0.0208645 0.0282922 0.0363847 0.0443511 0.0512759 0.0564534 0.0596084 0.0608678 0.060579 0.0591473 0.0569567 0.0543433 0.0515828 0.0488793 0.0463482 0.0439789 0.0415895 0.0388252 0.035262 0.0306198 0.0249815 0.018855
 0.00593962 0.00975663 0.0148893 0.0213632 0.0290178 0.0373759 0.0456194 0.0527971 0.0581682 0.0614304 0.0626916 0.0622886 0.0606248 0.0580925 0.0550456 0.0517823 0.0485304 0.0454286 0.0424965 0.0395993 0.036449 0.0326942 0.0281023 0.0227479 0.017069
 0.0062283 0.0102245 0.0155908 0.0223475 0.0303194 0.0389993 0.0475235 0.0548901 0.0603205 0.0634995 0.0645478 0.0638289 0.0617751 0.0588031 0.0552824 0.0515196 0.0477474 0.0441135 0.0406592 0.0372923 0.03379 0.029874 0.0253624 0.0203261 0.0151345
 0.00647789 0.010631 0.0162037 0.0232136 0.0314732 0.0404494 0.0492379 0.0567908 0.0622941 0.0654184 0.0662904 0.0652927 0.0628816 0.0594974 0.0555299 0.0512989 0.0470448 0.042922 0.0389882 0.0351871 0.0313545 0.0272801 0.0228313 0.018079 0.013332
 0.00666247 0.0109334 0.0166635 0.0238697 0.0323572 0.0415748 0.0505885 0.058315 0.0639114 0.0670333 0.0678061 0.0666199 0.0639432 0.0602303 0.0558858 0.0512436 0.0465553 0.0419872 0.0376145 0.0334138 0.029272 0.025039 0.020627 0.0161094 0.0117436
 0.00693339 0.0113723 0.0173205 0.0247887 0.0335653 0.0430672 0.0523131 0.0601705 0.0657635 0.0687435 0.0692582 0.0677336 0.0646741 0.0605624 0.0558208 0.0507905 0.0457237 0.0407864 0.0360616 0.0315487 0.0271762 0.0228449 0.0185058 0.0142341 0.0102409
 0.0072425 0.0118594 0.0180247 0.0257361 0.0347651 0.0445047 0.0539416 0.0619071 0.0674961 0.0703489 0.0706219 0.0687652 0.065316 0.0607912 0.0556417 0.0502271 0.0448066 0.0395465 0.0345314 0.0297744 0.0252332 0.0208479 0.0165994 0.0125627 0.00890862
 0.00739324 0.0121252 0.018462 0.0264073 0.0357205 0.0457573 0.0554451 0.0635556 0.0691496 0.0718695 0.0719014 0.0697328 0.0659317 0.0610366 0.055515 0.0497414 0.0439873 0.0384276 0.0331545 0.0281931 0.0235225 0.0191096 0.0149556 0.0111318 0.0077738
 0.00747136 0.0122601 0.0186813 0.0267456 0.0362171 0.0464484 0.0563518 0.0646693 0.0704215 0.0732092 0.0731894 0.0708444 0.066764 0.0615257 0.0556378 0.0495055 0.0434192 0.0375642 0.0320416 0.0268882 0.0221002 0.0176637 0.0135921 0.00994917 0.00683901
 0.00761914 0.0124874 0.0189997 0.0271587 0.0367228 0.0470414 0.0570254 0.0654148 0.0712252 0.0740496 0.0740314 0.0716354 0.0674355 0.0620044 0.0558618 0.0494381 0.0430535 0.0369198 0.0311583 0.0258224 0.0209242 0.0164645 0.0124629 0.0089731 0.00607062
 0.00767098 0.0125684 0.0191153 0.0273113 0.0369112 0.0472607 0.0572684 0.0656754 0.0715046 0.074359 0.0743892 0.072055 0.0679099 0.0624966 0.0563073 0.0497603 0.0431843 0.0368173 0.0308151 0.0252661 0.0202119 0.0156741 0.0116803 0.00827594 0.00551148
 0.00751893 0.0123543 0.0188543 0.0270385 0.0366717 0.0470945 0.0571976 0.0657026 0.0716195 0.0745496 0.0746491 0.0723847 0.0683112 0.062962 0.0568106 0.0502521 0.0435991 0.037089 0.0308966 0.0251432 0.0199084 0.015246 0.0112011 0.0078177 0.00512781
 0.007588 0.0124456 0.0189548 0.027127 0.0367305 0.0471233 0.0572209 0.0657604 0.0717457 0.0747498 0.0748955 0.0726314 0.0685192 0.0631167 0.0569196 0.0503298 0.0436481 0.0370925 0.0308254 0.0249726 0.0196344 0.014892 0.0108127 0.00744715 0.00481693
 0.00756042 0.0123913 0.018855 0.0269576 0.0364668 0.04675 0.0567441 0.0652173 0.0712058 0.0743043 0.0746331 0.0726096 0.0687439 0.0635423 0.05747 0.0509249 0.0442219 0.0375964 0.0312232 0.0252396 0.0197613 0.0148914 0.0107179 0.0073037 0.00466814
 0.00755716 0.0123927 0.0188684 0.0269909 0.0365224 0.0468172 0.0567948 0.0652114 0.0711069 0.0740991 0.0743454 0.0722983 0.0684852 0.0634018 0.0574794 0.051074 0.0444673 0.0378799 0.0314891 0.0254449 0.0198819 0.0149235 0.0106776 0.00721951 0.00457133
 0.00760036 0.0124508 0.0189339 0.0270509 0.0365638 0.0468337 0.0567904 0.0651958 0.0710854 0.0740642 0.0742786 0.0721837 0.0683253 0.063225 0.0573317 0.0509985 0.0444846 0.0379801 0.0316375 0.0255975 0.0200011 0.0149887 0.0106877 0.00718916 0.00452154
 0.00773021 0.0126461 0.0191977 0.027373 0.0369214 0.0471933 0.057112 0.0654397 0.071221 0.0740788 0.0741788 0.0719886 0.0680578 0.0629091 0.0569952 0.0506753 0.04421 0.0377789 0.0315149 0.0255376 0.019976 0.0149714 0.010662 0.00715199 0.00447903
 0.00779665 0.0127479 0.0193387 0.0275517 0.0371292 0.0474149 0.057325 0.0656169 0.0713367 0.0741159 0.0741344 0.071874 0.0678932 0.0627159 0.0567916 0.0504767 0.0440309 0.0376336 0.0314133 0.0254803 0.0199527 0.0149655 0.0106584 0.00714251 0.00446341
 0.00767057 0.012569 0.0191177 0.0273149 0.0369113 0.0472464 0.0572232 0.065583 0.0713604 0.0741821 0.0742279 0.0719819 0.0680056 0.062826 0.0568951 0.0505716 0.0441174 0.037714 0.0314911 0.0255576 0.0200279 0.0150332 0.0107119 0.0071782 0.00448224
 0.00766158 0.0125302 0.0190167 0.0271121 0.0365769 0.0467832 0.0566811 0.0650523 0.0709405 0.0739443 0.0741926 0.0721217 0.0682663 0.0631505 0.0572379 0.050903 0.0444212 0.0379832 0.0317244 0.0257563 0.0201933 0.0151658 0.0108121 0.00724764 0.00452533
 0.00787684 0.0128411 0.0194102 0.0275464 0.0369865 0.0470929 0.0568232 0.064984 0.0706605 0.0735007 0.0736738 0.0716278 0.0678753 0.0628965 0.0571124 0.0508723 0.0444472 0.0380359 0.0317855 0.0258165 0.0202485 0.0152138 0.0108511 0.00727664 0.00454446
 0.00803142 0.0130953 0.0197954 0.0280859 0.0376814 0.0479043 0.0576606 0.0657151 0.0711464 0.0736432 0.0734507 0.0710992 0.0671582 0.0621244 0.0563956 0.0502759 0.0439891 0.0377023 0.0315492 0.0256511 0.0201341 0.0151367 0.0108013 0.00724626 0.00452698
 0.00804062 0.0131151 0.0198353 0.0281604 0.0378097 0.0481068 0.0579516 0.0660914 0.0715761 0.0740626 0.0737759 0.0712526 0.0671 0.0618694 0.0560078 0.0498413 0.0435847 0.037375 0.0313123 0.0254945 0.0200375 0.0150803 0.0107701 0.00722984 0.00451887
 0.0080962 0.0132101 0.0199864 0.0283851 0.0381217 0.048509 0.0584301 0.0666155 0.0721033 0.0745456 0.074167 0.0715046 0.0671708 0.0617335 0.0556703 0.0493453 0.0430024 0.0367866 0.0307832 0.0250619 0.0197108 0.0148495 0.0106163 0.00713311 0.00446169
 0.00802736 0.0131149 0.0198748 0.0282786 0.0380493 0.0485003 0.0585082 0.0667916 0.0723742 0.0748932 0.0745589 0.0718975 0.0675154 0.0619815 0.0557839 0.0493071 0.0428239 0.0365068 0.0304576 0.0247449 0.019441 0.0146438 0.0104739 0.00704266 0.00440865
 0.00785326 0.0128575 0.0195359 0.0278791 0.0376267 0.0481023 0.0581863 0.0665943 0.0723387 0.0750354 0.0748674 0.0723345 0.0680245 0.0624986 0.0562478 0.0496687 0.0430544 0.0366034 0.0304424 0.0246572 0.0193236 0.0145309 0.0103844 0.00698133 0.00437154
 0.00766104 0.01254 0.0190516 0.0271931 0.0367271 0.047021 0.0570142 0.065475 0.0714359 0.0744861 0.074745 0.0726368 0.0686852 0.0634105 0.0572873 0.0507173 0.044015 0.0374111 0.0310689 0.0251073 0.0196252 0.0147218 0.0105007 0.00705066 0.00441218
 0.00760767 0.0124274 0.018834 0.0268116 0.0361238 0.0461626 0.0559162 0.0642147 0.0701457 0.0733303 0.0738862 0.0722006 0.0687306 0.0639174 0.0581646 0.0518285 0.0452113 0.0385607 0.0320768 0.0259229 0.020239 0.0151539 0.0107867 0.00722938 0.0045176
 0.00758617 0.0123991 0.0188016 0.0267754 0.0360732 0.0460672 0.0557239 0.0638646 0.0695958 0.0725879 0.0730244 0.0713485 0.0680403 0.0635193 0.0581295 0.0521506 0.045815 0.0393278 0.0328814 0.0266616 0.020848 0.0156111 0.0111018 0.00742982 0.00463573
 0.00745421 0.0122026 0.0185398 0.0264609 0.0357294 0.0457224 0.0554037 0.0635829 0.0693475 0.0723471 0.0727567 0.0710346 0.0676997 0.0632167 0.0579559 0.0521868 0.0460962 0.0398278 0.0335225 0.0273427 0.0214774 0.0161283 0.0114846 0.0076868 0.00479289
 0.00737159 0.0120669 0.0183342 0.026172 0.0353537 0.0452746 0.054922 0.0631243 0.0689705 0.0720901 0.0726221 0.0709908 0.0676997 0.0632259 0.0579732 0.052247 0.0462511 0.0401152 0.0339414 0.0278497 0.0220031 0.0166049 0.0118669 0.00796055 0.00496873
 0.00746451 0.0121853 0.018452 0.026244 0.0353277 0.0451105 0.054609 0.0626882 0.068467 0.0715899 0.0721918 0.0706763 0.0675158 0.0631572 0.0579889 0.0523216 0.0463786 0.0403073 0.0342111 0.0281918 0.022387 0.0169838 0.0121962 0.00821341 0.00514095
 0.00757022 0.0123576 0.0187092 0.0265965 0.0357668 0.0455967 0.0550671 0.0630201 0.0685835 0.0714468 0.0718101 0.0701332 0.0669133 0.0625869 0.0575095 0.0519562 0.0461273 0.040163 0.0341678 0.0282417 0.0225127 0.0171551 0.0123767 0.00837188 0.00526023
 0.00747607 0.0122299 0.0185647 0.0264679 0.0356953 0.0456184 0.0551981 0.0632471 0.0688621 0.0717095 0.0719853 0.0701695 0.0667997 0.0623568 0.0572255 0.0516847 0.0459172 0.0400387 0.034133 0.0282868 0.02262 0.0173001 0.0125317 0.00851209 0.00536978
 0.00746676 0.0122074 0.0185185 0.026388 0.0355799 0.0454827 0.0550794 0.0631956 0.0689208 0.0718901 0.0722553 0.0704599 0.0670303 0.0624676 0.0571976 0.0515433 0.0457165 0.0398383 0.0339786 0.0282015 0.0226047 0.01734 0.0126037 0.00859258 0.00544087
 0.00749928 0.0122532 0.018574 0.0264437 0.0356217 0.0454949 0.0550501 0.0631236 0.0688213 0.071795 0.0722033 0.070478 0.0671172 0.0625897 0.0573041 0.0515906 0.0456887 0.0397513 0.0338685 0.0281061 0.0225484 0.0173287 0.0126278 0.00863511 0.00548575
 0.00752649 0.0123079 0.0186748 0.0266117 0.0358722 0.0458257 0.0554321 0.063503 0.0691344 0.0719902 0.0722591 0.070408 0.0669602 0.0623898 0.0570919 0.0513755 0.0454653 0.0395145 0.0336255 0.0278767 0.0223561 0.0171889 0.0125424 0.00859414 0.00547348
 0.00748447 0.0122414 0.0185792 0.0264875 0.0357281 0.0456822 0.055321 0.0634597 0.0691829 0.0721296 0.07246 0.0706243 0.0671488 0.0625263 0.0571741 0.0514138 0.0454711 0.0394943 0.033583 0.0278187 0.0222943 0.0171364 0.012508 0.00857875 0.00547213
 0.0075264 0.012305 0.0186662 0.0265956 0.0358511 0.0458109 0.0554449 0.0635698 0.0692754 0.0722072 0.0725284 0.0706854 0.0671952 0.0625433 0.0571472 0.0513376 0.0453519 0.039346 0.0334217 0.0276588 0.0221482 0.0170141 0.0124157 0.00851724 0.00543667
 0.00742439 0.012153 0.0184633 0.0263504 0.0355798 0.0455334 0.0551822 0.0633432 0.0691058 0.0721134 0.0725246 0.0707774 0.0673774 0.0627964 0.0574399 0.0516333 0.0456182 0.0395623 0.033581 0.0277657 0.0222137 0.0170512 0.0124359 0.00852905 0.00544483
 0.00744066 0.0121754 0.0184899 0.0263776 0.0356044 0.045555 0.0552039 0.0633694 0.0691379 0.0721469 0.0725505 0.0707877 0.0673708 0.0627797 0.0574237 0.0516242 0.0456149 0.0395572 0.0335657 0.0277364 0.0221727 0.0170055 0.0123933 0.00849511 0.00542158
 0.00745284 0.0121882 0.018496 0.0263661 0.0355634 0.0454768 0.0550894 0.0632304 0.0689951 0.0720243 0.0724684 0.0707572 0.0673912 0.0628412 0.0575124 0.0517276 0.0457227 0.0396604 0.0336559 0.0278067 0.0222202 0.017032 0.0124043 0.00849717 0.0054201
 0.0074378 0.0121684 0.0184745 0.026347 0.0355497 0.0454662 0.0550731 0.0631954 0.0689312 0.0719312 0.0723589 0.0706535 0.0673165 0.0628114 0.0575313 0.051788 0.0458109 0.039761 0.0337552 0.0278941 0.0222892 0.0170804 0.0124343 0.00851327 0.00542751
 0.00710046 0.0116231 0.0176624 0.0252239 0.0341037 0.0437427 0.0531935 0.0613513 0.0673451 0.070799 0.0718025 0.0707025 0.067919 0.0638588 0.0588869 0.0533106 0.0473725 0.0412577 0.0351111 0.0290608 0.0232428 0.0178186 0.0129722 0.00887974 0.00565919
 0.0071556 0.0116719 0.0176592 0.0250981 0.0337745 0.043145 0.0523049 0.0602079 0.066042 0.0694769 0.0706233 0.0698192 0.0674434 0.063839 0.059301 0.0540787 0.0483796 0.0423789 0.0362323 0.0300924 0.0241254 0.018523 0.0134961 0.0092416 0.00588994
 0.00710634 0.0115983 0.0175582 0.024964 0.0335915 0.0428795 0.0519054 0.0596193 0.0652331 0.0684688 0.0695034 0.0687297 0.0665484 0.0632822 0.0591705 0.0543886 0.0490719 0.0433427 0.0373324 0.0311976 0.0251305 0.0193606 0.0141386 0.00969499 0.00618357
 0.00711039 0.0116172 0.0176088 0.0250686 0.0337699 0.0431363 0.0522169 0.0599269 0.0654479 0.0684912 0.0692536 0.0681816 0.0657524 0.0623636 0.0582974 0.0537227 0.0487213 0.0433363 0.0376223 0.0316846 0.025699 0.0199098 0.0146013 0.0100422 0.00641772
 0.00700206 0.0114556 0.0173938 0.0248124 0.0334976 0.0428832 0.0520239 0.0598313 0.0654688 0.0686136 0.0694224 0.0683132 0.0657647 0.0622126 0.0580034 0.0533697 0.0484273 0.043207 0.0377114 0.031978 0.0261283 0.0203837 0.0150385 0.0103923 0.00666511
 0.00689706 0.0112916 0.0171604 0.0245064 0.0331265 0.0424685 0.0516039 0.0594584 0.0651993 0.068491 0.0694611 0.0684889 0.0660175 0.062464 0.0581849 0.0534515 0.0484334 0.0432035 0.037774 0.0321546 0.0264177 0.0207412 0.0154007 0.0107048 0.00689923
 0.00673177 0.0110237 0.0167595 0.0239479 0.0323995 0.0415882 0.050622 0.0584641 0.064305 0.0678077 0.0690726 0.0684345 0.0662842 0.0629895 0.0588727 0.0541972 0.0491546 0.0438612 0.0383719 0.0327181 0.0269653 0.0212665 0.0158755 0.0110968 0.00719009
 0.00673553 0.0110256 0.0167536 0.0239234 0.0323399 0.0414722 0.050427 0.0581727 0.0639152 0.0673415 0.0685797 0.0679842 0.0659485 0.0628215 0.0588898 0.0543765 0.0494448 0.044205 0.0387275 0.0330676 0.0273066 0.0215974 0.0161838 0.011363 0.00739774
 0.00678313 0.0110982 0.0168538 0.024049 0.0324834 0.0416194 0.0505556 0.0582532 0.0639144 0.0672312 0.0683473 0.0676426 0.0655394 0.0624087 0.0585418 0.0541457 0.0493522 0.0442387 0.0388548 0.0332521 0.0275194 0.0218184 0.0163965 0.0115516 0.00754931
 0.00678113 0.0111032 0.0168762 0.0241029 0.0325816 0.0417666 0.0507425 0.0584553 0.0640969 0.0673565 0.068383 0.0675682 0.0653521 0.0621277 0.0582088 0.0538168 0.0490823 0.0440652 0.0387888 0.0332808 0.027616 0.0219531 0.0165429 0.0116886 0.00766292
#obs surv len freq
 nan nan nan nan nan nan nan nan nan nan nan nan nan nan nan nan nan nan nan nan nan nan nan nan nan
 0.00448484 0.00734623 0.0111762 0.0159924 0.0216929 0.0279681 0.0342818 0.0400127 0.0446921 0.0481559 0.0505138 0.0520098 0.0529022 0.0534148 0.0537292 0.0539842 0.0542629 0.0545557 0.0546945 0.0542864 0.0527244 0.0493566 0.0438063 0.0362863 0.0276699
 0.00461061 0.00755374 0.0114938 0.0164473 0.0223044 0.0287371 0.0351808 0.040983 0.0456522 0.0490184 0.0512016 0.0524679 0.0531027 0.0533569 0.0534349 0.0534904 0.0536128 0.0537919 0.0538558 0.0534095 0.051848 0.0485234 0.0430608 0.0356662 0.027196
 0.0047776 0.00782396 0.0118983 0.0170147 0.023056 0.029679 0.0362941 0.0422184 0.0469328 0.0502498 0.0522857 0.0533147 0.053642 0.0535462 0.0532638 0.0529792 0.0528053 0.0527464 0.0526378 0.0520884 0.0504978 0.0472234 0.0418895 0.0346882 0.0264471
 0.00497111 0.00814231 0.0123842 0.0177096 0.0239912 0.0308623 0.0376964 0.0437704 0.048536 0.0517957 0.0536715 0.0544502 0.0544505 0.0539669 0.0532564 0.0525301 0.0519318 0.0514962 0.0510851 0.0503297 0.048648 0.0454092 0.0402365 0.0332991 0.0253796
 0.00516945 0.00846926 0.0128849 0.0184296 0.0249685 0.0321136 0.0392028 0.0454704 0.0503324 0.0535719 0.0553096 0.0558434 0.0555089 0.0546188 0.0534487 0.0522291 0.0511279 0.0502109 0.0493778 0.0483019 0.046441 0.043193 0.0381851 0.0315578 0.0240331
 0.00539873 0.00884184 0.0134456 0.0192208 0.0260233 0.0334442 0.0407881 0.0472505 0.0522147 0.0554467 0.0570645 0.0573729 0.0567185 0.0554278 0.0537911 0.0520559 0.05041 0.0489467 0.0476057 0.0461131 0.0439854 0.0406687 0.0358083 0.0295158 0.0224412
 0.00565201 0.00925603 0.0140733 0.0201119 0.0272148 0.0349449 0.0425628 0.0492165 0.0542554 0.0574358 0.0588868 0.0589326 0.0579384 0.0562427 0.0541444 0.0518978 0.0497013 0.0476682 0.045775 0.0438047 0.0413446 0.0379071 0.0331703 0.0272237 0.0206389
 0.00589811 0.00966219 0.0146958 0.0210072 0.028428 0.0364922 0.0444136 0.0512862 0.056418 0.0595484 0.0608144 0.0605637 0.0591895 0.0570554 0.0544771 0.0517171 0.0489775 0.0463811 0.0439308 0.0414614 0.0386348 0.0350399 0.0304008 0.0247938 0.018713
 0.00614042 0.0100589 0.0152983 0.021866 0.0295841 0.0379628 0.0461763 0.0532718 0.0585175 0.0616313 0.0627484 0.0622291 0.0604879 0.0579137 0.0548464 0.0515662 0.0482856 0.0451365 0.0421418 0.0391794 0.0359799 0.0322093 0.0276444 0.0223564 0.0167676
 0.00639279 0.0104711 0.0159222 0.0227508 0.030767 0.0394535 0.0479422 0.0552336 0.0605607 0.0636288 0.0645801 0.0637923 0.0616989 0.0587072 0.0551734 0.0513925 0.0475898 0.0439094 0.0403951 0.0369637 0.0334075 0.0294647 0.0249645 0.0199775 0.0148606
 0.00661305 0.0108356 0.0164826 0.0235591 0.0318645 0.0408549 0.0496181 0.0571052 0.0625122 0.0655303 0.0663107 0.0652522 0.0628131 0.0594222 0.0554524 0.0512095 0.0469265 0.0427572 0.0387637 0.0348995 0.0310135 0.0269098 0.0224661 0.0177544 0.0130735
 0.00685373 0.0112266 0.0170707 0.0243876 0.0329658 0.0422367 0.0512503 0.0589134 0.0643865 0.067345 0.0679443 0.0666029 0.0638053 0.060008 0.055607 0.0509238 0.0461988 0.0415915 0.0371765 0.0329358 0.0287666 0.0245313 0.020151 0.0156989 0.011422
 0.00709202 0.0116192 0.0176705 0.0252455 0.0341186 0.0436889 0.0529572 0.0607779 0.0662759 0.0691199 0.0694835 0.0678157 0.0646324 0.0604175 0.0555885 0.0504826 0.0453492 0.0403535 0.0355789 0.0310285 0.0266374 0.0223147 0.0180171 0.0138178 0.00991712
 0.00728198 0.0119353 0.0181598 0.0259564 0.0350912 0.0449392 0.0544598 0.0624598 0.0680243 0.0708029 0.0709734 0.0690061 0.0654489 0.0608198 0.0555669 0.0500492 0.0445289 0.0391783 0.0340886 0.0292792 0.0247137 0.0203367 0.016131 0.0121665 0.00860229
 0.00742776 0.0121741 0.018523 0.0264759 0.0357941 0.0458404 0.0555522 0.0637077 0.0693651 0.0721541 0.0722425 0.0701002 0.0662846 0.0613322 0.0557167 0.0498233 0.0439376 0.0382491 0.0328637 0.0278178 0.0230982 0.0186758 0.0145507 0.0107867 0.00750638
 0.00753282 0.0123417 0.0187699 0.0268164 0.0362395 0.0463967 0.0562169 0.0644679 0.0701976 0.0730272 0.0731167 0.0709275 0.0670083 0.0618909 0.0560508 0.0498852 0.0436993 0.0377066 0.0320383 0.026757 0.0218758 0.0173897 0.0133116 0.00969748 0.00663817
 0.00760585 0.0124568 0.0189363 0.0270406 0.0365246 0.0467414 0.0566152 0.0649091 0.0706693 0.0735188 0.0736195 0.0714315 0.0674958 0.0623314 0.0564009 0.0500931 0.0437151 0.0374944 0.0315863 0.0260844 0.0210348 0.0164604 0.0123893 0.00887217 0.00597318
 0.00763599 0.012504 0.019004 0.0271312 0.0366395 0.0468811 0.0567793 0.0650968 0.0708801 0.0737532 0.0738795 0.0717186 0.0678079 0.0626575 0.0567174 0.0503627 0.0438909 0.0375286 0.0314439 0.0257555 0.0205427 0.0158603 0.011757 0.0082845 0.00548807
 0.00774109 0.0126594 0.0192092 0.0273754 0.0369045 0.0471467 0.0570271 0.0653126 0.0710548 0.0738841 0.0739708 0.0717813 0.0678562 0.0627048 0.0567697 0.0504138 0.0439201 0.0375037 0.0313302 0.0255292 0.0202032 0.0154353 0.0112972 0.00784782 0.00512169
 0.00776515 0.0127023 0.01928 0.0274829 0.0370533 0.0473312 0.0572291 0.0655041 0.0712081 0.0739828 0.0740161 0.0717889 0.0678484 0.0627011 0.0567816 0.0504424 0.0439547 0.0375229 0.0313063 0.0254368 0.02003 0.0151905 0.0110104 0.00756025 0.00487087
 0.0078303 0.0127988 0.0194082 0.0276379 0.0372272 0.0475168 0.0574208 0.0656957 0.0713887 0.0741356 0.0741215 0.0718324 0.0678279 0.0626287 0.0566792 0.0503322 0.0438507 0.0374266 0.0312069 0.0253175 0.0198771 0.015002 0.0107995 0.00735061 0.0046872
 0.00784552 0.0128245 0.0194481 0.0276951 0.0373026 0.0476071 0.057518 0.0657892 0.07147 0.0742017 0.0741746 0.0718753 0.0678598 0.0626457 0.0566773 0.050312 0.0438169 0.0373841 0.0311561 0.025253 0.0197917 0.0148927 0.0106721 0.00721901 0.00456795
 0.00787469 0.0128672 0.0195036 0.0277603 0.037373 0.0476789 0.0575889 0.065858 0.0715345 0.074258 0.074218 0.0719029 0.0678711 0.0626424 0.0566615 0.0502848 0.0437794 0.0373373 0.031101 0.0251892 0.0197176 0.0148077 0.0105794 0.00712618 0.00448464
 0.00787203 0.0128624 0.0194957 0.0277478 0.0373543 0.047653 0.0575562 0.0658213 0.0714996 0.0742328 0.0742106 0.0719181 0.0679091 0.062698 0.0567265 0.0503503 0.0438375 0.0373824 0.0311295 0.025199 0.0197083 0.0147806 0.0105386 0.00707849 0.00443786
 0.00787207 0.0128555 0.0194726 0.0276963 0.0372634 0.0475186 0.0573859 0.0656345 0.0713225 0.0740907 0.0741221 0.0718927 0.0679468 0.0627911 0.0568613 0.0505094 0.0440029 0.0375381 0.0312635 0.0253039 0.0197809 0.0148222 0.0105539 0.00707505 0.00442424
 0.0078855 0.0128749 0.0194968 0.0277213 0.0372819 0.0475199 0.0573579 0.0655671 0.0712129 0.0739479 0.0739668 0.0717517 0.0678452 0.0627446 0.0568735 0.0505728 0.0441024 0.0376554 0.0313808 0.0254074 0.0198616 0.0148769 0.0105844 0.00708656 0.00442375
 0.00789429 0.0128873 0.0195119 0.027737 0.0372949 0.0475266 0.0573542 0.0655485 0.0711747 0.0738864 0.0738819 0.07165 0.0677404 0.0626554 0.0568173 0.0505603 0.0441343 0.0377227 0.0314685 0.0254989 0.0199433 0.0149403 0.0106268 0.00711031 0.00443386
 0.00788563 0.0128748 0.019496 0.027719 0.0372763 0.0475084 0.0573362 0.0655295 0.0711529 0.07386 0.0738494 0.0716106 0.0676954 0.0626092 0.0567782 0.0505385 0.0441383 0.0377555 0.0315259 0.0255705 0.0200165 0.0150042 0.0106752 0.00714205 0.00445158
 0.00789883 0.012889 0.0195043 0.027711 0.037242 0.0474431 0.0572444 0.0654246 0.0710521 0.0737783 0.0737945 0.0715828 0.0676896 0.0626187 0.0567977 0.0505663 0.0441758 0.0378053 0.0315884 0.0256423 0.0200906 0.0150721 0.0107303 0.00718153 0.00447641
 0.00784864 0.0128155 0.0194084 0.0275979 0.0371185 0.0473142 0.057112 0.0652893 0.070918 0.0736558 0.0737 0.0715326 0.0676935 0.0626759 0.056898 0.0506946 0.0443178 0.0379504 0.0317299 0.0257756 0.020211 0.0151749 0.0108118 0.00724056 0.00451509
 0.00782331 0.0127653 0.019317 0.0274467 0.0368942 0.0470182 0.0567673 0.0649376 0.0706072 0.0734239 0.0735662 0.0714982 0.0677491 0.0628079 0.057091 0.0509309 0.0445778 0.0382148 0.0319823 0.0260038 0.0204073 0.015335 0.0109346 0.00732809 0.00457244
 0.00781362 0.0127493 0.0192918 0.0274075 0.0368331 0.046924 0.0566277 0.0647452 0.070367 0.0731582 0.0733113 0.0712943 0.0676268 0.0627806 0.0571545 0.0510692 0.0447691 0.0384359 0.0322114 0.0262225 0.0206016 0.0154964 0.0110595 0.00741781 0.00463171
 0.00777691 0.0126916 0.0192086 0.0272966 0.0366948 0.0467619 0.0564489 0.0645588 0.0701816 0.0729807 0.0731482 0.0711555 0.067528 0.06274 0.0571863 0.051177 0.0449436 0.0386576 0.0324561 0.0264662 0.0208243 0.0156845 0.0112065 0.00752384 0.0047019
 0.00774008 0.0126299 0.0191126 0.0271573 0.0365065 0.0465263 0.0561788 0.0642775 0.069918 0.0727609 0.0729891 0.071063 0.0675001 0.0627721 0.0572753 0.0513211 0.0451391 0.0388952 0.0327193 0.0267335 0.0210743 0.0158998 0.0113773 0.00764816 0.00478471
 0.00771025 0.0125788 0.0190311 0.0270352 0.0363348 0.0463015 0.0559062 0.0639737 0.069609 0.0724775 0.0727612 0.0709133 0.0674401 0.0628014 0.0573842 0.0514956 0.0453644 0.0391567 0.0330012 0.027018 0.021342 0.0161335 0.0115653 0.00778688 0.00487811
 0.0076849 0.0125395 0.0189752 0.0269606 0.0362397 0.0461833 0.0557623 0.063803 0.0694143 0.0722685 0.0725542 0.07073 0.0673033 0.0627297 0.0573875 0.0515734 0.0455076 0.0393505 0.0332277 0.0272581 0.0215762 0.0163442 0.0117395 0.00791852 0.0049686
 0.00766336 0.0125036 0.0189198 0.0268808 0.0361325 0.0460497 0.0556084 0.0636393 0.0692524 0.0721173 0.0724191 0.0706144 0.0672125 0.0626723 0.0573744 0.0516137 0.0456046 0.0394993 0.0334162 0.0274685 0.0217888 0.0165404 0.0119051 0.008046 0.00505765
 0.00763956 0.0124665 0.0188668 0.0268104 0.0360441 0.0459437 0.0554868 0.0635065 0.0691158 0.0719861 0.0723026 0.0705202 0.0671452 0.0626345 0.0573684 0.0516429 0.0456727 0.0396076 0.0335606 0.0276383 0.0219684 0.0167124 0.0120546 0.00816373 0.0051415
 0.00760598 0.0124147 0.0187941 0.0267164 0.0359309 0.0458158 0.0553511 0.0633718 0.0689913 0.0718794 0.0722188 0.0704619 0.0671136 0.06263 0.057391 0.0516929 0.0457502 0.0397126 0.0336909 0.0277881 0.0221272 0.0168666 0.0121909 0.00827311 0.00522069
 0.00759689 0.0123984 0.0187669 0.0266742 0.0358702 0.0457359 0.0552555 0.0632678 0.0688883 0.0717863 0.0721416 0.0704037 0.0670751 0.062611 0.0573919 0.0517142 0.0457932 0.0397781 0.0337782 0.0278938 0.0222442 0.0169848 0.0122994 0.00836291 0.00528754
 0.0075736 0.0123628 0.0187173 0.0266103 0.0357929 0.0456466 0.0551565 0.0631629 0.0687834 0.0716892 0.072061 0.0703469 0.0670464 0.0626113 0.0574186 0.0517637 0.0458618 0.039863 0.033877 0.028003 0.0223585 0.0170967 0.0124005 0.00844636 0.00534986
 0.00757258 0.0123608 0.0187136 0.026604 0.0357832 0.0456327 0.0551377 0.0631386 0.0687527 0.0716509 0.0720147 0.0702942 0.0669917 0.0625611 0.0573798 0.0517417 0.0458595 0.039881 0.033914 0.0280563 0.0224233 0.0171667 0.0124683 0.0085053 0.00539575
 0.00756285 0.012347 0.0186967 0.026586 0.0357664 0.045619 0.0551274 0.0631307 0.0687449 0.071641 0.0720009 0.0702753 0.0669674 0.062533 0.0573514 0.051718 0.0458458 0.0398813 0.0339303 0.0280879 0.022467 0.0172172 0.0125194 0.00855108 0.00543225
 0.00754588 0.0123207 0.0186597 0.0265383 0.0357099 0.0455576 0.0550673 0.0630791 0.0687085 0.0716233 0.0720011 0.0702889 0.0669886 0.0625561 0.0573731 0.0517375 0.045865 0.0399034 0.0339584 0.0281236 0.0225096 0.0172636 0.012565 0.00859151 0.00546433
 0.00752388 0.0122864 0.0186109 0.0264741 0.0356312 0.0454676 0.054972 0.0629872 0.06863 0.0715676 0.0719745 0.070293 0.0670199 0.0626077 0.0574363 0.0518046 0.0459306 0.0399655 0.0340172 0.0281802 0.0225646 0.0173159 0.0126125 0.00863151 0.00549514
 0.00751167 0.012263 0.0185692 0.0264061 0.0355301 0.0453322 0.0548096 0.0628138 0.0684667 0.0714348 0.0718873 0.070259 0.0670391 0.0626735 0.0575376 0.051928 0.046063 0.0400961 0.0341391 0.0282897 0.0226601 0.017397 0.0126787 0.00868273 0.00553208
 0.0075049 0.0122552 0.0185629 0.0264044 0.0355346 0.04534 0.0548118 0.0627983 0.0684234 0.0713617 0.0717928 0.0701597 0.0669537 0.0626168 0.0575168 0.0519423 0.0461059 0.0401577 0.0342093 0.0283605 0.022726 0.0174548 0.0127267 0.00872031 0.00555945
 0.00750487 0.012253 0.018556 0.0263898 0.0355104 0.0453072 0.0547753 0.0627642 0.068396 0.0713398 0.0717704 0.0701304 0.066916 0.0625763 0.0574841 0.0519279 0.0461154 0.0401906 0.0342597 0.02842 0.0227867 0.0175104 0.0127735 0.00875666 0.00558553
 0.00748222 0.0122201 0.0185138 0.0263411 0.0354592 0.0452564 0.0547262 0.0627174 0.0683529 0.0713035 0.0717449 0.070118 0.0669154 0.0625841 0.0574975 0.0519471 0.0461432 0.0402302 0.0343115 0.0284806 0.0228501 0.0175701 0.0128245 0.00879636 0.00561373
 0.00748222 0.0122201 0.0185138 0.0263411 0.0354592 0.0452564 0.0547262 0.0627174 0.0683529 0.0713035 0.0717449 0.070118 0.0669154 0.0625841 0.0574975 0.0519471 0.0461432 0.0402302 0.0343115 0.0284806 0.0228501 0.0175701 0.0128245 0.00879636 0.00561373
 0.00710821 0.0116226 0.0176371 0.0251489 0.0339511 0.0434896 0.0528313 0.0608909 0.0668171 0.0702493 0.0712841 0.0702662 0.0676053 0.0636929 0.0588791 0.0534589 0.0476652 0.0416725 0.0356143 0.0296081 0.0237841 0.018307 0.0133739 0.00918001 0.00586233
 0.00708464 0.0115436 0.0174427 0.0247576 0.0332793 0.0424843 0.0515017 0.059323 0.0651634 0.0686998 0.0700295 0.0694619 0.0673415 0.0639797 0.0596495 0.0545904 0.0490101 0.0430875 0.0369808 0.0308405 0.0248304 0.0191442 0.0140032 0.00962146 0.00614918
 0.00706425 0.0115186 0.0174167 0.0247302 0.033234 0.0423766 0.0512566 0.0588533 0.0644081 0.0676645 0.0688079 0.068222 0.0662819 0.0632754 0.0594071 0.0548273 0.0496601 0.0440271 0.0380639 0.0319313 0.0258239 0.0199752 0.014645 0.0100793 0.0064497
 0.00707813 0.011544 0.0174605 0.0248008 0.0333392 0.0425178 0.0514205 0.0590029 0.0644784 0.0675717 0.0684761 0.0676211 0.0654588 0.0623566 0.0585665 0.0542308 0.0494129 0.0441471 0.0384877 0.0325448 0.0265018 0.0206128 0.0151754 0.0104759 0.00671799
 0.00696774 0.0113807 0.0172453 0.0245464 0.0330681 0.042258 0.0512011 0.0588488 0.0644027 0.0675661 0.0685037 0.067621 0.0653674 0.0621397 0.0582473 0.0538927 0.0491719 0.044104 0.0386866 0.0329583 0.0270474 0.0211884 0.0156941 0.010886 0.00700632
 0.00694734 0.0113389 0.0171672 0.0244151 0.0328717 0.0419993 0.0509041 0.0585566 0.0641644 0.0674191 0.0684592 0.0676592 0.0654424 0.0621952 0.0582383 0.0538094 0.0490506 0.0440163 0.0387071 0.033128 0.0273546 0.0215765 0.0160894 0.0112276 0.00726246
 0.00684595 0.0111833 0.0169496 0.0241335 0.0325284 0.0416001 0.0504603 0.0580896 0.0637095 0.0670247 0.0681771 0.0675293 0.0654771 0.0623716 0.0585055 0.054108 0.0493386 0.0442852 0.0389794 0.0334363 0.0277149 0.0219733 0.0164819 0.0115706 0.00752631
 0.00685731 0.0111946 0.0169537 0.0241192 0.0324838 0.0415164 0.0503349 0.0579255 0.0635129 0.0668028 0.0679415 0.0672996 0.0652813 0.0622389 0.0584534 0.054134 0.0494232 0.0444055 0.0391237 0.0336077 0.0279209 0.0222114 0.0167332 0.0118055 0.0077189
 0.00685444 0.0111991 0.0169765 0.0241741 0.0325812 0.0416547 0.0504953 0.0580739 0.0636109 0.0668209 0.067868 0.0671418 0.0650621 0.061991 0.0582127 0.053932 0.0492795 0.0443256 0.0391033 0.03364 0.0279999 0.0223293 0.0168753 0.0119511 0.00784732
 0.00684363 0.0111833 0.0169568 0.0241543 0.032569 0.0416619 0.0505352 0.0581558 0.0637326 0.0669634 0.0679978 0.067222 0.0650662 0.0619131 0.0580688 0.0537533 0.0491015 0.0441783 0.0390054 0.0335982 0.0280115 0.0223847 0.0169598 0.0120467 0.00793681
#pred catch len freq
 0.00320926 0.00520879 0.00785762 0.0112 0.0152769 0.0200784 0.0254828 0.0312447 0.0370454 0.0425582 0.0474976 0.0516564 0.0549334 0.0573346 0.0589449 0.0598892 0.0603046 0.0603089 0.0599342 0.0590228 0.057151 0.053703 0.0481643 0.0405191 0.0314741
 0.0034782 0.00556899 0.00826003 0.0115582 0.0154995 0.0201159 0.025357 0.0310385 0.0368537 0.042433 0.0474244 0.0515752 0.0547885 0.0571199 0.0587184 0.0597508 0.0603461 0.0605605 0.0603333 0.0594262 0.0573915 0.0536654 0.0478383 0.0399979 0.0309008
 0.00359248 0.00579044 0.00865271 0.0121865 0.0163923 0.0212226 0.0265278 0.0320589 0.0375295 0.0426766 0.0472818 0.0511767 0.0542658 0.0565532 0.058141 0.059188 0.0598413 0.0601626 0.0600576 0.0592253 0.0571672 0.0533208 0.0473356 0.0393818 0.0302715
 0.00373448 0.00601036 0.00896888 0.0126231 0.0169906 0.0220457 0.0276427 0.0334888 0.0391962 0.0443768 0.0487327 0.0521214 0.0545758 0.056262 0.0573967 0.0581714 0.0587073 0.0590198 0.0589679 0.0582041 0.0561908 0.0523518 0.0463609 0.0384356 0.0294239
 0.00389086 0.00626312 0.00934633 0.0131505 0.0176868 0.0229197 0.0286937 0.0347109 0.0405817 0.045904 0.0503331 0.0536491 0.0558158 0.0569937 0.0574814 0.0576068 0.0576151 0.0575831 0.0573628 0.0565587 0.0545789 0.0508136 0.0449316 0.0371637 0.0283649
 0.00407819 0.00656162 0.0097855 0.0137569 0.018483 0.0239206 0.029899 0.0360969 0.0421 0.0474879 0.0519074 0.0551326 0.0571116 0.0579769 0.0580064 0.0575457 0.0569118 0.0562852 0.0556085 0.0545303 0.0524544 0.048742 0.0430318 0.0355285 0.0270573
 0.0043197 0.00694565 0.0103484 0.0145292 0.0194874 0.0251673 0.0313774 0.0377685 0.0438971 0.0493195 0.0536703 0.0567229 0.0584334 0.0589433 0.0585326 0.0575454 0.0563095 0.0550489 0.0537825 0.052246 0.0499099 0.0461626 0.040629 0.0334678 0.0254357
 0.00456661 0.00734253 0.0109383 0.0153521 0.020576 0.0265394 0.0330243 0.0396455 0.0459223 0.0513821 0.0556439 0.0584812 0.0598638 0.0599548 0.0590551 0.0575216 0.0556902 0.0538012 0.0519162 0.0498441 0.0471434 0.0432724 0.0378791 0.0310847 0.0235593
 0.00477654 0.00768375 0.0114533 0.0160844 0.0215676 0.0278225 0.034609 0.041507 0.0479936 0.0535556 0.0577818 0.0604328 0.0614861 0.0611303 0.0596986 0.0575768 0.0551207 0.052588 0.0500704 0.0474337 0.0443186 0.0402667 0.0349715 0.0285338 0.0215367
 0.00498207 0.00801502 0.0119478 0.0167789 0.0224953 0.0290083 0.0360598 0.043203 0.0498842 0.0555597 0.0597922 0.0623239 0.0631249 0.06239 0.0604715 0.0577811 0.0547019 0.0515193 0.0483601 0.0451444 0.0415896 0.0373202 0.0320842 0.025973 0.0194896
 0.00526551 0.00846526 0.0126069 0.0176821 0.0236687 0.0304637 0.0377845 0.0451507 0.0519727 0.0576782 0.061815 0.0641252 0.0645917 0.0634294 0.061011 0.0577655 0.0540902 0.0502882 0.046516 0.0427449 0.0387668 0.0342889 0.0291161 0.0233363 0.0173764
