SBPRF35
12.7214
Curr Bio
874909
B35
877823
F35
0.170022
FOFL
0.163642
OFL
113553
Bzero
3.63469e+006
#pred survey bio
 3.58849e+006 3.49687e+006 3.40193e+006 3.2654e+006 3.08054e+006 2.8825e+006 2.62556e+006 2.3694e+006 2.11566e+006 1.916e+006 1.65894e+006 1.4534e+006 1.29547e+006 1.13503e+006 1.00416e+006 904568 823087 752042 710614 684328 642186 627544 607113 587844 566997 557396 556941 556702 552417 550839 560560 560622 566391 572798 589865 611339 625955 642599 652790 659851 663090 675012 677943 680631 675289 678486 672476 680112 672272 670954 670910 727178 757351 803711 823651 848535 866289 900013 901108 892780 881087 2.98301e+007 1.74718e+007 1.74536e+007 1.81396e+007 1.93174e+007 2.07175e+007 2.21287e+007 2.34218e+007 2.45359e+007 2.54567e+007 2.61958e+007 2.67774e+007 2.72287e+007 2.75757e+007 2.78412e+007 2.80437e+007 2.81981e+007 2.83161e+007 2.84064e+007 2.84757e+007 2.85292e+007 2.85707e+007 2.8603e+007 2.86282e+007 2.86481e+007 2.86637e+007 2.86761e+007 2.86859e+007 2.86937e+007 2.87e+007 2.8705e+007 2.87091e+007 2.87123e+007 2.8715e+007 2.87171e+007 2.87189e+007 2.87203e+007 2.87214e+007 2.87223e+007 2.87231e+007 2.87237e+007 2.87242e+007 2.87246e+007 2.8725e+007 2.87252e+007 2.87255e+007 2.87257e+007 2.87258e+007 2.87259e+007 2.8726e+007 2.87261e+007 2.87262e+007 2.87262e+007 2.87263e+007 2.87263e+007 2.87263e+007 2.87264e+007 2.87264e+007 2.87264e+007 2.87264e+007 2.87264e+007 2.87264e+007 2.87265e+007 2.87265e+007 2.87265e+007 2.87265e+007 2.87265e+007 2.87265e+007 2.87265e+007 2.87265e+007 2.87265e+007 2.87265e+007 2.87265e+007 2.87265e+007 2.87265e+007 2.87265e+007 2.87265e+007 2.87265e+007 2.87265e+007 2.87265e+007 2.87265e+007 2.87265e+007 2.87265e+007 2.87265e+007 2.87265e+007 2.87265e+007 2.87265e+007 2.87265e+007 2.87265e+007 2.87265e+007 2.87265e+007 2.87265e+007 2.87265e+007 2.87265e+007 2.87265e+007 2.87265e+007 2.87265e+007 2.87265e+007 2.87265e+007 2.87265e+007 0 0 0 0 0 0 0 0 0 0 0 0 0 0 0 0 0 0 0 0 0 0 0 0 0
#obs survey bio
 2.52305e+006 4.19913e+006 2.7346e+006 2.78689e+006 3.32763e+006 2.72654e+006 2.32686e+006 2.49418e+006 1.94584e+006 2.51114e+006 1.81432e+006 1.21188e+006 1.13414e+006 1.27237e+006 1.67046e+006 724216 1.05568e+006 832747 554493 681021 899219 542274 821517 764342 645534 516998 557501 1.07556e+006 435838 459423 411032 569556 508141 472988 964428 779564 671565 894026 997839 688168 512281 615430 875122 629913 649024 612326 489725 503696 723276 650918 695993 624904 858537 662151 961663 700831 1.08494e+006 852834 779667 1.20959e+006 886656
#pred catch bio
 93894.8 99336.3 143652 197859 222853 291516 306532 319384 283670 344971 304654 266315 270119 243436 215183 198153 186488 158339 143567 153584 126222 128068 123555 121488 109531 100877 100087 102525 99906.2 91727.9 101886 98860.2 100167 92627.8 90050 96367.9 94922.7 100316 102247 104983 98146.9 106632 107112 114070 107024 115030 103624 116794 110467 109006 62878.3 87289.6 74418.7 98181.4 94488.6 101106 87497.2 114534 119627 118709 128123 113553 114613 113099 116051 122938 131571 140307 148227 154930 160341 164562 167771 170163 171918 173192 174107 174760 175222 175549 175778 175939 176051 176129 176184 176222 176248 176266 176279 176287 176293 176297 176300 176302 176303 176304 176305 176306 176306 176306 176306 176306 176306 176306 176306 176306 176306 176306 176306 176307 176307 176307 176307 176307 176307 176307 176307 176307 176307 176307 176307 176307 176307 176307 176307 176307 176307 176307 176307 176307 176307 176307 176307 176307 176307 176307 176307 176307 176307 176307 176307 176307 176307 176307 176307 176307 176307 176307 176307 176307 176307 176307 176307 176307 176307 176307 176307 176307 176307 176307 176307 0 0 0 0 0 0 0 0 0 0 0 0 0 0 0 0 0 0 0 0 0 0 0 0 0
#obs catch bio
 0 99079.7 143714 198555 223370 292866 307638 321879 285270 347452 306441 268039 271606 244198 214282 199450 186808 158983 144185 155205 126398 128288 123170 120980 109160 100869 100419 101862 99406.2 91459.3 102120 99279.6 101446 93925.9 90551.3 96587.1 95115.9 100462 102133 104464 97943.1 106871 106923 114099 107114 115423 103896 117567 110776 109850 62543.1 87795.1 74254.1 98802 94668.5 101865 87536.7 115095 119942 118320 128231
#pred cpue bio
 3.53553e+006 3.44578e+006 3.35193e+006 3.21532e+006 3.03058e+006 2.83286e+006 2.57694e+006 2.32182e+006 2.06932e+006 1.87066e+006 1.61602e+006 1.41248e+006 1.25617e+006 1.09777e+006 968630 870276 789997 720418 679969 654438 613791 600010 580544 562133 542095 532844 532448 532438 528472 526748 535784 535428 540681 546759 563590 585011 599618 616019 626225 633423 636619 648042 650818 653431 648115 651123 645242 652678 645113 643924 643970 699218 729402 775123 794643 818917 836455 869929 871591 863915 853100 2.89065e+007 1.69375e+007 1.677e+007 1.72772e+007 1.83867e+007 1.9769e+007 2.11764e+007 2.24687e+007 2.35827e+007 2.45034e+007 2.52425e+007 2.58241e+007 2.62753e+007 2.66224e+007 2.68879e+007 2.70904e+007 2.72448e+007 2.73628e+007 2.7453e+007 2.75224e+007 2.75759e+007 2.76174e+007 2.76497e+007 2.76749e+007 2.76947e+007 2.77104e+007 2.77228e+007 2.77326e+007 2.77404e+007 2.77467e+007 2.77517e+007 2.77558e+007 2.7759e+007 2.77617e+007 2.77638e+007 2.77655e+007 2.7767e+007 2.77681e+007 2.7769e+007 2.77698e+007 2.77704e+007 2.77709e+007 2.77713e+007 2.77717e+007 2.77719e+007 2.77722e+007 2.77723e+007 2.77725e+007 2.77726e+007 2.77727e+007 2.77728e+007 2.77729e+007 2.77729e+007 2.7773e+007 2.7773e+007 2.7773e+007 2.77731e+007 2.77731e+007 2.77731e+007 2.77731e+007 2.77731e+007 2.77731e+007 2.77731e+007 2.77731e+007 2.77732e+007 2.77732e+007 2.77732e+007 2.77732e+007 2.77732e+007 2.77732e+007 2.77732e+007 2.77732e+007 2.77732e+007 2.77732e+007 2.77732e+007 2.77732e+007 2.77732e+007 2.77732e+007 2.77732e+007 2.77732e+007 2.77732e+007 2.77732e+007 2.77732e+007 2.77732e+007 2.77732e+007 2.77732e+007 2.77732e+007 2.77732e+007 2.77732e+007 2.77732e+007 2.77732e+007 2.77732e+007 2.77732e+007 2.77732e+007 2.77732e+007 2.77732e+007 2.77732e+007 2.77732e+007 2.77732e+007 2.77732e+007 0 0 0 0 0 0 0 0 0 0 0 0 0 0 0 0 0 0 0 0 0 0 0 0 0
#obs cpue bio
 2.64771e+006 4.44063e+006 3.56888e+006 2.3856e+006 2.20313e+006 3.68688e+006 2.7262e+006 1.59451e+006 1.74585e+006 2.03906e+006 1.27155e+006 1.34189e+006 1.68277e+006 1.02339e+006 878855 564914 816993 495864 746083 522646 542946 749511 573662 511664 461815 454014 415694 600282 655560 498289 585282 390704 306225 416781 561067 647565 495729 490577 497901 927083 582367 566448 648175 672456 540406 693256 683571 793302 658062 591284 691838 732552 683877 677027 731086 655578 760775 1.01277e+006 1.08512e+006 1.05961e+006 671482
#pred surv len freq
 0.00447732 0.00735038 0.0112132 0.0160934 0.0218931 0.028297 0.0347538 0.0406243 0.0454267 0.0489922 0.0514326 0.0529937 0.0539261 0.0544269 0.0546294 0.0546139 0.0544252 0.0540768 0.0535151 0.0525395 0.0507403 0.0475633 0.0425607 0.0357308 0.0277042
 0.00471092 0.00763336 0.0114647 0.01619 0.0217169 0.0278025 0.034013 0.0398108 0.0447393 0.048565 0.0512858 0.0530512 0.0540789 0.054599 0.0548109 0.0548516 0.0547807 0.0545756 0.0541114 0.053119 0.0511636 0.0477293 0.042454 0.0354246 0.027318
 0.00489093 0.00794885 0.0119737 0.0169397 0.0227075 0.0289474 0.035126 0.0406521 0.0451149 0.0484223 0.0507377 0.0523075 0.0533362 0.0539654 0.0543053 0.054453 0.0544753 0.0543652 0.0539875 0.0530354 0.0510391 0.0474854 0.042062 0.0349245 0.0267971
 0.00504637 0.00820424 0.0123654 0.0175089 0.0234973 0.0299909 0.0364217 0.042133 0.0466291 0.0497487 0.0516478 0.0526524 0.0531075 0.0532889 0.0533718 0.0534358 0.0534857 0.0534527 0.0531594 0.0522712 0.0503003 0.0467342 0.0412873 0.0341581 0.0261014
 0.00521833 0.0084864 0.0127952 0.0181238 0.024329 0.0310568 0.0377149 0.0436168 0.0482355 0.0513754 0.0531536 0.0538626 0.0538471 0.0534392 0.0529197 0.0524814 0.0521976 0.0520032 0.0516761 0.0508233 0.0489135 0.0454184 0.0400621 0.0330632 0.0251868
 0.00539654 0.00877564 0.0132301 0.0187376 0.0251491 0.0320968 0.0389659 0.045043 0.0497773 0.0529579 0.0546904 0.055252 0.0549669 0.0541532 0.0531065 0.0520766 0.051226 0.0505759 0.0499531 0.0489645 0.0470485 0.0436429 0.0384514 0.0316812 0.024081
 0.00565122 0.00918705 0.0138442 0.0195951 0.0262774 0.0334981 0.0406052 0.0468452 0.0516393 0.0547697 0.0563531 0.056683 0.0560928 0.0548982 0.0533871 0.0518122 0.0503666 0.0491339 0.0480182 0.0466922 0.0446279 0.0412636 0.0362785 0.0298395 0.0226409
 0.00589762 0.00959076 0.0144577 0.0204691 0.0274513 0.0349842 0.0423726 0.0488138 0.0536912 0.0567723 0.0581817 0.0582349 0.0572899 0.0556813 0.0537048 0.051613 0.0496026 0.0477809 0.0461055 0.0443247 0.0419847 0.0385711 0.0337659 0.0276923 0.0209662
 0.00614496 0.00999503 0.0150705 0.0213408 0.0286228 0.0364725 0.0441554 0.0508215 0.0558142 0.0588784 0.0601366 0.0599169 0.0585996 0.0565446 0.0540701 0.0514427 0.0488665 0.0464607 0.0442147 0.0419366 0.0392529 0.0357209 0.0310536 0.0253441 0.0191234
 0.00627603 0.0102199 0.0154315 0.0218868 0.0294011 0.0375157 0.0454671 0.0523689 0.0575315 0.0606775 0.0619166 0.0615717 0.0600233 0.057638 0.0547469 0.0516327 0.048517 0.0455394 0.0427215 0.0399253 0.0368517 0.0331342 0.0285307 0.0231194 0.0173555
 0.00657723 0.0107033 0.0161472 0.0228775 0.0306944 0.0391123 0.0473274 0.0544081 0.05963 0.0627024 0.0637443 0.0631012 0.0611796 0.0583686 0.0550143 0.0514075 0.0477736 0.0442602 0.0409106 0.0376322 0.0341955 0.0303115 0.0257895 0.0207015 0.01543
 0.00684765 0.0111378 0.0167917 0.0237711 0.0318627 0.0405565 0.0490124 0.0562585 0.06154 0.064555 0.0654292 0.0645249 0.0622684 0.0590678 0.0552852 0.0512226 0.0471123 0.0431089 0.0392729 0.0355495 0.0317708 0.0277193 0.0232557 0.0184519 0.0136274
 0.00705192 0.0114691 0.0172891 0.0244707 0.0327913 0.0417213 0.0503905 0.0577928 0.0631466 0.0661389 0.0668987 0.0657994 0.0632807 0.0597632 0.0556203 0.0511629 0.0466312 0.0421888 0.0379136 0.0337849 0.0296885 0.0254702 0.0210386 0.0164688 0.0120281
 0.00733919 0.0119295 0.0179692 0.025408 0.0340061 0.0432041 0.0520896 0.0596119 0.0649592 0.067814 0.0683251 0.0668987 0.0640081 0.0601016 0.0555696 0.0507306 0.0458247 0.0410144 0.0363843 0.0319364 0.0275998 0.0232737 0.018908 0.0145809 0.0105133
 0.00765796 0.0124293 0.0186871 0.0263663 0.0352089 0.0446328 0.0536955 0.0613137 0.0666498 0.0693773 0.0696544 0.0679099 0.0646467 0.0603429 0.055415 0.0501988 0.0449415 0.0398066 0.0348811 0.0301813 0.0256664 0.0212766 0.0169938 0.0128976 0.0091686
 0.00782953 0.0127221 0.0191524 0.0270578 0.0361677 0.0458661 0.0551581 0.0629076 0.0682459 0.0708479 0.0708977 0.0688579 0.0652591 0.0605999 0.0553123 0.0497456 0.0441587 0.0387235 0.033535 0.0286226 0.0239682 0.0195409 0.0153446 0.0114565 0.00802239
 0.00790566 0.0128566 0.0193757 0.0274081 0.0366862 0.0465867 0.0560943 0.0640401 0.069517 0.0721654 0.0721484 0.0699285 0.066058 0.0610699 0.0554314 0.0495188 0.0436076 0.03788 0.0324402 0.0273303 0.0225509 0.0180922 0.013972 0.0102612 0.00707463
 0.00805815 0.0130876 0.0196929 0.0278099 0.0371664 0.0471405 0.0567216 0.0647427 0.0702918 0.0729954 0.0729963 0.0707351 0.0667489 0.0615692 0.0556777 0.0494764 0.0432692 0.0372631 0.0315815 0.0262832 0.0213858 0.0168956 0.0128383 0.00927657 0.00629635
 0.00810967 0.0131695 0.0198121 0.0279706 0.0373682 0.0473774 0.0569826 0.0650166 0.0705755 0.0732996 0.0733423 0.0711409 0.0672111 0.0620523 0.0561174 0.0497958 0.0434004 0.0371637 0.0312428 0.0257305 0.0206741 0.0161016 0.0120484 0.0085697 0.00572725
 0.00795566 0.0129526 0.0195479 0.027695 0.037128 0.0472147 0.0569216 0.0650608 0.0707131 0.0735143 0.0736219 0.0714809 0.0676119 0.0625087 0.0566074 0.0502743 0.0438044 0.0374281 0.0313197 0.0256043 0.0203669 0.015668 0.0115618 0.00810292 0.00533518
 0.00802676 0.0130461 0.0196494 0.0277813 0.0371789 0.0472276 0.0569203 0.0650874 0.0708064 0.0736872 0.0738537 0.0717299 0.0678382 0.062692 0.0567481 0.0503809 0.0438765 0.0374484 0.0312598 0.0254402 0.0200951 0.0153126 0.011169 0.00772627 0.00501787
 0.0080022 0.0129986 0.0195633 0.0276363 0.0369534 0.0469066 0.0565058 0.0646077 0.0703196 0.0732736 0.0735958 0.0716859 0.0680209 0.0630664 0.0572479 0.0509325 0.0444161 0.0379264 0.0316382 0.025692 0.0202096 0.015301 0.0110644 0.007574 0.00486165
 0.00800223 0.013004 0.0195804 0.0276716 0.0370086 0.0469722 0.0565571 0.0646095 0.0702386 0.0730962 0.0733407 0.071404 0.0677806 0.0629295 0.0572472 0.0510624 0.0446391 0.0381888 0.0318863 0.0258831 0.0203185 0.0153234 0.0110153 0.00748224 0.00475858
 0.00804907 0.0130682 0.0196552 0.0277447 0.0370667 0.0470077 0.0565713 0.0646091 0.070227 0.0730665 0.0732768 0.0712924 0.0676245 0.0627552 0.0570975 0.0509784 0.0446418 0.0382707 0.0320158 0.0260185 0.0204232 0.0153767 0.0110159 0.00744419 0.00470283
 0.0081757 0.0132583 0.0199112 0.0280564 0.0374117 0.047354 0.0568817 0.0648464 0.0703632 0.0730892 0.0731912 0.0711151 0.0673762 0.0624579 0.0567774 0.0506676 0.0443741 0.0380706 0.0318893 0.0259517 0.02039 0.0153514 0.0109831 0.00740106 0.00465565
 0.0082322 0.0133454 0.0200332 0.0282129 0.0375968 0.0475554 0.0570801 0.0650176 0.0704825 0.073139 0.073166 0.0710226 0.067233 0.0622833 0.056589 0.0504809 0.044204 0.0379314 0.0317909 0.0258948 0.020365 0.0153425 0.010976 0.00738833 0.00463726
 0.00811036 0.0131713 0.0198158 0.0279758 0.0373723 0.0473737 0.0569605 0.0649659 0.0704934 0.0732004 0.0732629 0.0711396 0.0673566 0.0624039 0.0567008 0.0505819 0.044295 0.0380153 0.0318715 0.0259742 0.0204413 0.0154103 0.011029 0.00742302 0.004655
 0.00811176 0.0131502 0.0197424 0.0278129 0.0370899 0.0469706 0.0564783 0.0644833 0.0701 0.0729631 0.0732049 0.0712416 0.0675738 0.062686 0.0570055 0.0508803 0.0445705 0.0382606 0.032085 0.0261569 0.0205943 0.0155336 0.0111222 0.00748758 0.00469478
 0.00832689 0.0134614 0.0201374 0.0282511 0.0375079 0.0472957 0.0566448 0.0644488 0.0698602 0.0725599 0.0727187 0.0707657 0.0671832 0.0624169 0.0568547 0.05082 0.0445669 0.0382862 0.0321224 0.0261972 0.0206334 0.0155691 0.011152 0.00751004 0.00470959
 0.00849091 0.013726 0.0205297 0.028788 0.038185 0.048073 0.057438 0.0651377 0.0703195 0.0726999 0.0725178 0.0702763 0.0665109 0.0616842 0.0561654 0.0502376 0.0441119 0.0379487 0.0318787 0.0260234 0.020511 0.015485 0.0110967 0.00747549 0.0046892
 0.0085038 0.0137534 0.0205835 0.0288852 0.0383458 0.0483155 0.0577698 0.0655469 0.0707665 0.0731188 0.0728285 0.0704091 0.0664329 0.0614136 0.0557652 0.049791 0.0436936 0.0376048 0.0316239 0.0258492 0.0203988 0.0154159 0.0110557 0.00745223 0.0046766
 0.00855187 0.0138362 0.0207166 0.0290857 0.0386282 0.0486855 0.0582189 0.0660501 0.071286 0.0736088 0.0732385 0.0706872 0.0665326 0.0613064 0.0554547 0.0493188 0.0431302 0.0370292 0.0311012 0.0254177 0.0200695 0.0151808 0.0108974 0.00735168 0.00461659
 0.00847848 0.0137337 0.0205941 0.0289638 0.0385358 0.0486525 0.0582697 0.0661988 0.0715334 0.0739407 0.0736258 0.0710876 0.0668952 0.0615796 0.0555965 0.0493084 0.0429764 0.0367696 0.0307905 0.0251103 0.0198047 0.0149769 0.0107549 0.00726023 0.00456245
 0.00829425 0.0134624 0.0202388 0.0285482 0.0380999 0.0482456 0.0579423 0.0659966 0.0714907 0.0740724 0.0739223 0.0715149 0.0674009 0.0621019 0.056074 0.0496895 0.043229 0.0368874 0.0307933 0.0250362 0.0196966 0.0148694 0.0106681 0.00719997 0.00452557
 0.00809964 0.0131438 0.0197577 0.027874 0.0372248 0.0472028 0.0568197 0.0649303 0.070634 0.0735524 0.0738061 0.0717997 0.0680253 0.0629674 0.0570666 0.0506983 0.0441604 0.0376764 0.0314092 0.0254808 0.0199953 0.0150586 0.0107831 0.00726824 0.0045654
 0.00804254 0.0130281 0.0195412 0.0275029 0.0366464 0.0463872 0.0557817 0.0637415 0.0694172 0.0724606 0.0729913 0.0713798 0.0680572 0.0634345 0.0578861 0.0517445 0.0452946 0.0387737 0.0323774 0.0262687 0.0205908 0.0154791 0.011062 0.00744263 0.00466829
 0.00801316 0.0129874 0.019491 0.0274436 0.0365692 0.0462656 0.05557 0.0633864 0.0688825 0.0717545 0.0721818 0.070586 0.0674191 0.0630726 0.0578666 0.0520623 0.0458796 0.0395154 0.0331568 0.0269867 0.0211852 0.0159272 0.0113719 0.00764037 0.00478509
 0.00787367 0.0127802 0.0192161 0.027115 0.0362119 0.0459092 0.0552405 0.0630977 0.0686301 0.0715146 0.0719225 0.0702897 0.0671041 0.0627992 0.0577196 0.0521168 0.0461683 0.0400129 0.033789 0.0276571 0.0218052 0.0164379 0.011751 0.00789577 0.00494178
 0.00780184 0.0126597 0.0190287 0.0268446 0.0358516 0.0454706 0.0547598 0.0626317 0.0682389 0.0712391 0.0717686 0.0702295 0.067094 0.062806 0.0577413 0.0521851 0.0463308 0.0403042 0.0342071 0.0281595 0.0223249 0.016909 0.0121295 0.00816738 0.00511671
 0.00789083 0.0127755 0.0191493 0.0269303 0.0358548 0.0453516 0.0545025 0.062251 0.0677785 0.0707607 0.0713367 0.0698939 0.066877 0.0627006 0.0577228 0.0522314 0.0464362 0.040479 0.0344622 0.0284884 0.022697 0.0172778 0.0124511 0.00841502 0.00528582
 0.00799146 0.0129374 0.0193877 0.0272524 0.036251 0.0457866 0.0549112 0.0625486 0.0678865 0.0706379 0.0709969 0.069401 0.0663203 0.0621643 0.0572647 0.0518781 0.046192 0.04034 0.0344235 0.0285421 0.0228252 0.0174505 0.012632 0.00857352 0.00540504
 0.00789851 0.0128112 0.0192443 0.0271234 0.036176 0.0457995 0.0550264 0.062753 0.0681385 0.0708762 0.0711566 0.0694354 0.066218 0.0619539 0.0570021 0.0516244 0.0459947 0.0402241 0.0343946 0.0285921 0.0229367 0.0175991 0.0127898 0.00871568 0.00551587
 0.00789317 0.0127949 0.019207 0.027055 0.0360736 0.0456762 0.054916 0.0627019 0.0681871 0.071036 0.071399 0.0696979 0.0664274 0.0620544 0.056975 0.0514915 0.0458053 0.040034 0.0342478 0.0285118 0.0229248 0.0176413 0.0128636 0.00879747 0.00558788
 0.0079233 0.012838 0.0192603 0.0271107 0.0361192 0.0456973 0.0549002 0.062646 0.0681028 0.0709513 0.0713494 0.0697093 0.0665002 0.062159 0.0570655 0.0515279 0.0457724 0.0399464 0.0341394 0.0284184 0.02287 0.0176309 0.0128883 0.00884049 0.00563317
 0.00795161 0.0128921 0.0193561 0.0272657 0.036346 0.0459932 0.0552403 0.062984 0.0683837 0.0711299 0.0714058 0.0696542 0.0663666 0.0619852 0.056878 0.0513344 0.0455679 0.0397267 0.0339119 0.0282025 0.0226887 0.0174995 0.0128089 0.00880351 0.0056234
 0.00790724 0.0128238 0.0192614 0.0271475 0.0362147 0.0458686 0.0551499 0.0629566 0.0684373 0.0712612 0.0715882 0.0698476 0.066534 0.0621063 0.0569512 0.051369 0.0455735 0.0397083 0.0338724 0.0281483 0.0226309 0.0174508 0.0127775 0.00879036 0.00562357
 0.00795078 0.0128883 0.0193464 0.0272484 0.0363234 0.0459761 0.0552487 0.063043 0.0685124 0.0713303 0.0716562 0.0699135 0.066588 0.0621321 0.0569344 0.0513043 0.0454668 0.0395727 0.033723 0.0279989 0.0224935 0.0173354 0.0126904 0.0087325 0.0055905
 0.00785083 0.0127409 0.0191528 0.0270193 0.0360763 0.0457302 0.0550211 0.0628487 0.0683658 0.0712459 0.0716474 0.0699886 0.0667452 0.0623563 0.0571981 0.051574 0.045712 0.0397734 0.0338721 0.0280998 0.0225561 0.0173713 0.0127104 0.00874458 0.00559906
 0.00786668 0.0127623 0.0191773 0.0270428 0.0360954 0.0457449 0.0550359 0.0628697 0.0683963 0.0712822 0.0716799 0.0700078 0.0667477 0.0623471 0.0571864 0.0515662 0.0457075 0.0397659 0.0338543 0.0280686 0.0225142 0.0173255 0.0126681 0.00871111 0.00557625
 0.00786529 0.0127565 0.0191621 0.0270113 0.0360406 0.0456624 0.0549274 0.0627448 0.0682717 0.0711779 0.0716138 0.0699895 0.0667765 0.0624136 0.0572775 0.0516698 0.0458139 0.0398668 0.0339419 0.0281368 0.0225603 0.0173514 0.0126791 0.00871353 0.0055752
 0.0078275 0.0127022 0.0190931 0.0269333 0.0359603 0.0455841 0.0548511 0.0626669 0.0681891 0.0710927 0.071535 0.0699315 0.0667538 0.0624349 0.0573427 0.0517701 0.0459356 0.039995 0.0340638 0.0282425 0.0226437 0.0174111 0.0127177 0.00873575 0.00558671
 0.00746427 0.0121241 0.0182488 0.0257906 0.0345208 0.0439014 0.0530449 0.0609166 0.0666985 0.0700386 0.0710254 0.0699906 0.0673324 0.0634341 0.0586379 0.0532319 0.0474445 0.0414514 0.0353923 0.0293929 0.0235895 0.018147 0.0132564 0.0091044 0.00582072
 0.00750839 0.0121532 0.0182133 0.0256162 0.0341259 0.0432259 0.0520781 0.0597117 0.0653666 0.0687285 0.0698957 0.0691804 0.0669355 0.0634827 0.0591013 0.054029 0.0484652 0.0425777 0.0365165 0.0304289 0.024479 0.0188599 0.0137891 0.00947388 0.00605734
 0.0074555 0.0120743 0.0181052 0.0254731 0.0339315 0.042945 0.0516575 0.0590953 0.064525 0.067688 0.0687515 0.0680819 0.0660494 0.0629496 0.0590018 0.0543691 0.0491814 0.0435582 0.0376279 0.0315433 0.0254932 0.0197073 0.0144413 0.00993594 0.00635776
 0.00744071 0.0120647 0.018117 0.0255294 0.0340542 0.0431419 0.0519083 0.0593453 0.0646892 0.0676709 0.0684769 0.0675272 0.0652676 0.0620659 0.0581811 0.0537665 0.0488967 0.0436129 0.0379698 0.0320722 0.0260948 0.0202823 0.014924 0.0102981 0.00660234
 0.00730089 0.0118567 0.0178411 0.0252016 0.0337052 0.0428135 0.0516473 0.059193 0.0646672 0.067765 0.0686318 0.0676583 0.0652923 0.0619407 0.0579271 0.0534671 0.0486672 0.0435539 0.0381287 0.0324295 0.0265786 0.0208001 0.0153947 0.0106723 0.00686602
 0.00716652 0.0116471 0.0175431 0.0248114 0.0332322 0.0422845 0.0511092 0.0587098 0.0643073 0.0675813 0.0686426 0.0678383 0.0655765 0.0622444 0.0581759 0.0536274 0.0487597 0.0436416 0.0382832 0.0326936 0.0269464 0.0212232 0.015808 0.0110218 0.00712495
 0.00696873 0.0113317 0.0170805 0.0241809 0.0324284 0.0413271 0.0500525 0.0576437 0.0633448 0.0668356 0.0682023 0.0677484 0.0658292 0.0627802 0.0588981 0.0544288 0.0495537 0.0443841 0.0389726 0.0333495 0.0275811 0.0218251 0.016345 0.0114604 0.00744772
 0.00691106 0.0112412 0.0169497 0.0240028 0.0321954 0.04103 0.0496825 0.057198 0.0628341 0.066291 0.0676765 0.0673087 0.0655422 0.0626925 0.0590204 0.0547317 0.0499796 0.0448695 0.0394698 0.0338346 0.0280461 0.0222626 0.0167395 0.011791 0.00769951
 0.00676189 0.0110263 0.0166773 0.0236976 0.0318905 0.040754 0.0494486 0.0570009 0.0626546 0.0661054 0.0674684 0.0670799 0.0653183 0.0625188 0.0589479 0.0547972 0.0501907 0.045203 0.0398828 0.0342817 0.0284906 0.0226779 0.0171056 0.0120924 0.00792774
 0.00649281 0.010619 0.0161221 0.0230094 0.0311093 0.0399414 0.0486822 0.0563626 0.0622111 0.0658869 0.0674587 0.0672265 0.0655581 0.0628049 0.0592636 0.0551532 0.050608 0.0456933 0.0404365 0.0348688 0.0290704 0.0232111 0.017562 0.012455 0.00819291
#obs surv len freq
 nan nan nan nan nan nan nan nan nan nan nan nan nan nan nan nan nan nan nan nan nan nan nan nan nan
 0.00448484 0.00734623 0.0111762 0.0159924 0.0216929 0.0279681 0.0342818 0.0400127 0.0446921 0.0481559 0.0505138 0.0520098 0.0529022 0.0534148 0.0537292 0.0539842 0.0542629 0.0545557 0.0546945 0.0542864 0.0527244 0.0493566 0.0438063 0.0362863 0.0276699
 0.00461061 0.00755374 0.0114938 0.0164473 0.0223044 0.0287371 0.0351808 0.040983 0.0456522 0.0490184 0.0512016 0.0524679 0.0531027 0.0533569 0.0534349 0.0534904 0.0536128 0.0537919 0.0538558 0.0534095 0.051848 0.0485234 0.0430608 0.0356662 0.027196
 0.0047776 0.00782396 0.0118983 0.0170147 0.023056 0.029679 0.0362941 0.0422184 0.0469328 0.0502498 0.0522857 0.0533147 0.053642 0.0535462 0.0532638 0.0529792 0.0528053 0.0527464 0.0526378 0.0520884 0.0504978 0.0472234 0.0418895 0.0346882 0.0264471
 0.00497111 0.00814231 0.0123842 0.0177096 0.0239912 0.0308623 0.0376964 0.0437704 0.048536 0.0517957 0.0536715 0.0544502 0.0544505 0.0539669 0.0532564 0.0525301 0.0519318 0.0514962 0.0510851 0.0503297 0.048648 0.0454092 0.0402365 0.0332991 0.0253796
 0.00516945 0.00846926 0.0128849 0.0184296 0.0249685 0.0321136 0.0392028 0.0454704 0.0503324 0.0535719 0.0553096 0.0558434 0.0555089 0.0546188 0.0534487 0.0522291 0.0511279 0.0502109 0.0493778 0.0483019 0.046441 0.043193 0.0381851 0.0315578 0.0240331
 0.00539873 0.00884184 0.0134456 0.0192208 0.0260233 0.0334442 0.0407881 0.0472505 0.0522147 0.0554467 0.0570645 0.0573729 0.0567185 0.0554278 0.0537911 0.0520559 0.05041 0.0489467 0.0476057 0.0461131 0.0439854 0.0406687 0.0358083 0.0295158 0.0224412
 0.00565201 0.00925603 0.0140733 0.0201119 0.0272148 0.0349449 0.0425628 0.0492165 0.0542554 0.0574358 0.0588868 0.0589326 0.0579384 0.0562427 0.0541444 0.0518978 0.0497013 0.0476682 0.045775 0.0438047 0.0413446 0.0379071 0.0331703 0.0272237 0.0206389
 0.00589811 0.00966219 0.0146958 0.0210072 0.028428 0.0364922 0.0444136 0.0512862 0.056418 0.0595484 0.0608144 0.0605637 0.0591895 0.0570554 0.0544771 0.0517171 0.0489775 0.0463811 0.0439308 0.0414614 0.0386348 0.0350399 0.0304008 0.0247938 0.018713
 0.00614042 0.0100589 0.0152983 0.021866 0.0295841 0.0379628 0.0461763 0.0532718 0.0585175 0.0616313 0.0627484 0.0622291 0.0604879 0.0579137 0.0548464 0.0515662 0.0482856 0.0451365 0.0421418 0.0391794 0.0359799 0.0322093 0.0276444 0.0223564 0.0167676
 0.00639279 0.0104711 0.0159222 0.0227508 0.030767 0.0394535 0.0479422 0.0552336 0.0605607 0.0636288 0.0645801 0.0637923 0.0616989 0.0587072 0.0551734 0.0513925 0.0475898 0.0439094 0.0403951 0.0369637 0.0334075 0.0294647 0.0249645 0.0199775 0.0148606
 0.00661305 0.0108356 0.0164826 0.0235591 0.0318645 0.0408549 0.0496181 0.0571052 0.0625122 0.0655303 0.0663107 0.0652522 0.0628131 0.0594222 0.0554524 0.0512095 0.0469265 0.0427572 0.0387637 0.0348995 0.0310135 0.0269098 0.0224661 0.0177544 0.0130735
 0.00685373 0.0112266 0.0170707 0.0243876 0.0329658 0.0422367 0.0512503 0.0589134 0.0643865 0.067345 0.0679443 0.0666029 0.0638053 0.060008 0.055607 0.0509238 0.0461988 0.0415915 0.0371765 0.0329358 0.0287666 0.0245313 0.020151 0.0156989 0.011422
 0.00709202 0.0116192 0.0176705 0.0252455 0.0341186 0.0436889 0.0529572 0.0607779 0.0662759 0.0691199 0.0694835 0.0678157 0.0646324 0.0604175 0.0555885 0.0504826 0.0453492 0.0403535 0.0355789 0.0310285 0.0266374 0.0223147 0.0180171 0.0138178 0.00991712
 0.00728198 0.0119353 0.0181598 0.0259564 0.0350912 0.0449392 0.0544598 0.0624598 0.0680243 0.0708029 0.0709734 0.0690061 0.0654489 0.0608198 0.0555669 0.0500492 0.0445289 0.0391783 0.0340886 0.0292792 0.0247137 0.0203367 0.016131 0.0121665 0.00860229
 0.00742776 0.0121741 0.018523 0.0264759 0.0357941 0.0458404 0.0555522 0.0637077 0.0693651 0.0721541 0.0722425 0.0701002 0.0662846 0.0613322 0.0557167 0.0498233 0.0439376 0.0382491 0.0328637 0.0278178 0.0230982 0.0186758 0.0145507 0.0107867 0.00750638
 0.00753282 0.0123417 0.0187699 0.0268164 0.0362395 0.0463967 0.0562169 0.0644679 0.0701976 0.0730272 0.0731167 0.0709275 0.0670083 0.0618909 0.0560508 0.0498852 0.0436993 0.0377066 0.0320383 0.026757 0.0218758 0.0173897 0.0133116 0.00969748 0.00663817
 0.00760585 0.0124568 0.0189363 0.0270406 0.0365246 0.0467414 0.0566152 0.0649091 0.0706693 0.0735188 0.0736195 0.0714315 0.0674958 0.0623314 0.0564009 0.0500931 0.0437151 0.0374944 0.0315863 0.0260844 0.0210348 0.0164604 0.0123893 0.00887217 0.00597318
 0.00763599 0.012504 0.019004 0.0271312 0.0366395 0.0468811 0.0567793 0.0650968 0.0708801 0.0737532 0.0738795 0.0717186 0.0678079 0.0626575 0.0567174 0.0503627 0.0438909 0.0375286 0.0314439 0.0257555 0.0205427 0.0158603 0.011757 0.0082845 0.00548807
 0.00774109 0.0126594 0.0192092 0.0273754 0.0369045 0.0471467 0.0570271 0.0653126 0.0710548 0.0738841 0.0739708 0.0717813 0.0678562 0.0627048 0.0567697 0.0504138 0.0439201 0.0375037 0.0313302 0.0255292 0.0202032 0.0154353 0.0112972 0.00784782 0.00512169
 0.00776515 0.0127023 0.01928 0.0274829 0.0370533 0.0473312 0.0572291 0.0655041 0.0712081 0.0739828 0.0740161 0.0717889 0.0678484 0.0627011 0.0567816 0.0504424 0.0439547 0.0375229 0.0313063 0.0254368 0.02003 0.0151905 0.0110104 0.00756025 0.00487087
 0.0078303 0.0127988 0.0194082 0.0276379 0.0372272 0.0475168 0.0574208 0.0656957 0.0713887 0.0741356 0.0741215 0.0718324 0.0678279 0.0626287 0.0566792 0.0503322 0.0438507 0.0374266 0.0312069 0.0253175 0.0198771 0.015002 0.0107995 0.00735061 0.0046872
 0.00784552 0.0128245 0.0194481 0.0276951 0.0373026 0.0476071 0.057518 0.0657892 0.07147 0.0742017 0.0741746 0.0718753 0.0678598 0.0626457 0.0566773 0.050312 0.0438169 0.0373841 0.0311561 0.025253 0.0197917 0.0148927 0.0106721 0.00721901 0.00456795
 0.00787469 0.0128672 0.0195036 0.0277603 0.037373 0.0476789 0.0575889 0.065858 0.0715345 0.074258 0.074218 0.0719029 0.0678711 0.0626424 0.0566615 0.0502848 0.0437794 0.0373373 0.031101 0.0251892 0.0197176 0.0148077 0.0105794 0.00712618 0.00448464
 0.00787203 0.0128624 0.0194957 0.0277478 0.0373543 0.047653 0.0575562 0.0658213 0.0714996 0.0742328 0.0742106 0.0719181 0.0679091 0.062698 0.0567265 0.0503503 0.0438375 0.0373824 0.0311295 0.025199 0.0197083 0.0147806 0.0105386 0.00707849 0.00443786
 0.00787207 0.0128555 0.0194726 0.0276963 0.0372634 0.0475186 0.0573859 0.0656345 0.0713225 0.0740907 0.0741221 0.0718927 0.0679468 0.0627911 0.0568613 0.0505094 0.0440029 0.0375381 0.0312635 0.0253039 0.0197809 0.0148222 0.0105539 0.00707505 0.00442424
 0.0078855 0.0128749 0.0194968 0.0277213 0.0372819 0.0475199 0.0573579 0.0655671 0.0712129 0.0739479 0.0739668 0.0717517 0.0678452 0.0627446 0.0568735 0.0505728 0.0441024 0.0376554 0.0313808 0.0254074 0.0198616 0.0148769 0.0105844 0.00708656 0.00442375
 0.00789429 0.0128873 0.0195119 0.027737 0.0372949 0.0475266 0.0573542 0.0655485 0.0711747 0.0738864 0.0738819 0.07165 0.0677404 0.0626554 0.0568173 0.0505603 0.0441343 0.0377227 0.0314685 0.0254989 0.0199433 0.0149403 0.0106268 0.00711031 0.00443386
 0.00788563 0.0128748 0.019496 0.027719 0.0372763 0.0475084 0.0573362 0.0655295 0.0711529 0.07386 0.0738494 0.0716106 0.0676954 0.0626092 0.0567782 0.0505385 0.0441383 0.0377555 0.0315259 0.0255705 0.0200165 0.0150042 0.0106752 0.00714205 0.00445158
 0.00789883 0.012889 0.0195043 0.027711 0.037242 0.0474431 0.0572444 0.0654246 0.0710521 0.0737783 0.0737945 0.0715828 0.0676896 0.0626187 0.0567977 0.0505663 0.0441758 0.0378053 0.0315884 0.0256423 0.0200906 0.0150721 0.0107303 0.00718153 0.00447641
 0.00784864 0.0128155 0.0194084 0.0275979 0.0371185 0.0473142 0.057112 0.0652893 0.070918 0.0736558 0.0737 0.0715326 0.0676935 0.0626759 0.056898 0.0506946 0.0443178 0.0379504 0.0317299 0.0257756 0.020211 0.0151749 0.0108118 0.00724056 0.00451509
 0.00782331 0.0127653 0.019317 0.0274467 0.0368942 0.0470182 0.0567673 0.0649376 0.0706072 0.0734239 0.0735662 0.0714982 0.0677491 0.0628079 0.057091 0.0509309 0.0445778 0.0382148 0.0319823 0.0260038 0.0204073 0.015335 0.0109346 0.00732809 0.00457244
 0.00781362 0.0127493 0.0192918 0.0274075 0.0368331 0.046924 0.0566277 0.0647452 0.070367 0.0731582 0.0733113 0.0712943 0.0676268 0.0627806 0.0571545 0.0510692 0.0447691 0.0384359 0.0322114 0.0262225 0.0206016 0.0154964 0.0110595 0.00741781 0.00463171
 0.00777691 0.0126916 0.0192086 0.0272966 0.0366948 0.0467619 0.0564489 0.0645588 0.0701816 0.0729807 0.0731482 0.0711555 0.067528 0.06274 0.0571863 0.051177 0.0449436 0.0386576 0.0324561 0.0264662 0.0208243 0.0156845 0.0112065 0.00752384 0.0047019
 0.00774008 0.0126299 0.0191126 0.0271573 0.0365065 0.0465263 0.0561788 0.0642775 0.069918 0.0727609 0.0729891 0.071063 0.0675001 0.0627721 0.0572753 0.0513211 0.0451391 0.0388952 0.0327193 0.0267335 0.0210743 0.0158998 0.0113773 0.00764816 0.00478471
 0.00771025 0.0125788 0.0190311 0.0270352 0.0363348 0.0463015 0.0559062 0.0639737 0.069609 0.0724775 0.0727612 0.0709133 0.0674401 0.0628014 0.0573842 0.0514956 0.0453644 0.0391567 0.0330012 0.027018 0.021342 0.0161335 0.0115653 0.00778688 0.00487811
 0.0076849 0.0125395 0.0189752 0.0269606 0.0362397 0.0461833 0.0557623 0.063803 0.0694143 0.0722685 0.0725542 0.07073 0.0673033 0.0627297 0.0573875 0.0515734 0.0455076 0.0393505 0.0332277 0.0272581 0.0215762 0.0163442 0.0117395 0.00791852 0.0049686
 0.00766336 0.0125036 0.0189198 0.0268808 0.0361325 0.0460497 0.0556084 0.0636393 0.0692524 0.0721173 0.0724191 0.0706144 0.0672125 0.0626723 0.0573744 0.0516137 0.0456046 0.0394993 0.0334162 0.0274685 0.0217888 0.0165404 0.0119051 0.008046 0.00505765
 0.00763956 0.0124665 0.0188668 0.0268104 0.0360441 0.0459437 0.0554868 0.0635065 0.0691158 0.0719861 0.0723026 0.0705202 0.0671452 0.0626345 0.0573684 0.0516429 0.0456727 0.0396076 0.0335606 0.0276383 0.0219684 0.0167124 0.0120546 0.00816373 0.0051415
 0.00760598 0.0124147 0.0187941 0.0267164 0.0359309 0.0458158 0.0553511 0.0633718 0.0689913 0.0718794 0.0722188 0.0704619 0.0671136 0.06263 0.057391 0.0516929 0.0457502 0.0397126 0.0336909 0.0277881 0.0221272 0.0168666 0.0121909 0.00827311 0.00522069
 0.00759689 0.0123984 0.0187669 0.0266742 0.0358702 0.0457359 0.0552555 0.0632678 0.0688883 0.0717863 0.0721416 0.0704037 0.0670751 0.062611 0.0573919 0.0517142 0.0457932 0.0397781 0.0337782 0.0278938 0.0222442 0.0169848 0.0122994 0.00836291 0.00528754
 0.0075736 0.0123628 0.0187173 0.0266103 0.0357929 0.0456466 0.0551565 0.0631629 0.0687834 0.0716892 0.072061 0.0703469 0.0670464 0.0626113 0.0574186 0.0517637 0.0458618 0.039863 0.033877 0.028003 0.0223585 0.0170967 0.0124005 0.00844636 0.00534986
 0.00757258 0.0123608 0.0187136 0.026604 0.0357832 0.0456327 0.0551377 0.0631386 0.0687527 0.0716509 0.0720147 0.0702942 0.0669917 0.0625611 0.0573798 0.0517417 0.0458595 0.039881 0.033914 0.0280563 0.0224233 0.0171667 0.0124683 0.0085053 0.00539575
 0.00756285 0.012347 0.0186967 0.026586 0.0357664 0.045619 0.0551274 0.0631307 0.0687449 0.071641 0.0720009 0.0702753 0.0669674 0.062533 0.0573514 0.051718 0.0458458 0.0398813 0.0339303 0.0280879 0.022467 0.0172172 0.0125194 0.00855108 0.00543225
 0.00754588 0.0123207 0.0186597 0.0265383 0.0357099 0.0455576 0.0550673 0.0630791 0.0687085 0.0716233 0.0720011 0.0702889 0.0669886 0.0625561 0.0573731 0.0517375 0.045865 0.0399034 0.0339584 0.0281236 0.0225096 0.0172636 0.012565 0.00859151 0.00546433
 0.00752388 0.0122864 0.0186109 0.0264741 0.0356312 0.0454676 0.054972 0.0629872 0.06863 0.0715676 0.0719745 0.070293 0.0670199 0.0626077 0.0574363 0.0518046 0.0459306 0.0399655 0.0340172 0.0281802 0.0225646 0.0173159 0.0126125 0.00863151 0.00549514
 0.00751167 0.012263 0.0185692 0.0264061 0.0355301 0.0453322 0.0548096 0.0628138 0.0684667 0.0714348 0.0718873 0.070259 0.0670391 0.0626735 0.0575376 0.051928 0.046063 0.0400961 0.0341391 0.0282897 0.0226601 0.017397 0.0126787 0.00868273 0.00553208
 0.0075049 0.0122552 0.0185629 0.0264044 0.0355346 0.04534 0.0548118 0.0627983 0.0684234 0.0713617 0.0717928 0.0701597 0.0669537 0.0626168 0.0575168 0.0519423 0.0461059 0.0401577 0.0342093 0.0283605 0.022726 0.0174548 0.0127267 0.00872031 0.00555945
 0.00750487 0.012253 0.018556 0.0263898 0.0355104 0.0453072 0.0547753 0.0627642 0.068396 0.0713398 0.0717704 0.0701304 0.066916 0.0625763 0.0574841 0.0519279 0.0461154 0.0401906 0.0342597 0.02842 0.0227867 0.0175104 0.0127735 0.00875666 0.00558553
 0.00748222 0.0122201 0.0185138 0.0263411 0.0354592 0.0452564 0.0547262 0.0627174 0.0683529 0.0713035 0.0717449 0.070118 0.0669154 0.0625841 0.0574975 0.0519471 0.0461432 0.0402302 0.0343115 0.0284806 0.0228501 0.0175701 0.0128245 0.00879636 0.00561373
 0.00748222 0.0122201 0.0185138 0.0263411 0.0354592 0.0452564 0.0547262 0.0627174 0.0683529 0.0713035 0.0717449 0.070118 0.0669154 0.0625841 0.0574975 0.0519471 0.0461432 0.0402302 0.0343115 0.0284806 0.0228501 0.0175701 0.0128245 0.00879636 0.00561373
 0.00710821 0.0116226 0.0176371 0.0251489 0.0339511 0.0434896 0.0528313 0.0608909 0.0668171 0.0702493 0.0712841 0.0702662 0.0676053 0.0636929 0.0588791 0.0534589 0.0476652 0.0416725 0.0356143 0.0296081 0.0237841 0.018307 0.0133739 0.00918001 0.00586233
 0.00708464 0.0115436 0.0174427 0.0247576 0.0332793 0.0424843 0.0515017 0.059323 0.0651634 0.0686998 0.0700295 0.0694619 0.0673415 0.0639797 0.0596495 0.0545904 0.0490101 0.0430875 0.0369808 0.0308405 0.0248304 0.0191442 0.0140032 0.00962146 0.00614918
 0.00706425 0.0115186 0.0174167 0.0247302 0.033234 0.0423766 0.0512566 0.0588533 0.0644081 0.0676645 0.0688079 0.068222 0.0662819 0.0632754 0.0594071 0.0548273 0.0496601 0.0440271 0.0380639 0.0319313 0.0258239 0.0199752 0.014645 0.0100793 0.0064497
 0.00707813 0.011544 0.0174605 0.0248008 0.0333392 0.0425178 0.0514205 0.0590029 0.0644784 0.0675717 0.0684761 0.0676211 0.0654588 0.0623566 0.0585665 0.0542308 0.0494129 0.0441471 0.0384877 0.0325448 0.0265018 0.0206128 0.0151754 0.0104759 0.00671799
 0.00696774 0.0113807 0.0172453 0.0245464 0.0330681 0.042258 0.0512011 0.0588488 0.0644027 0.0675661 0.0685037 0.067621 0.0653674 0.0621397 0.0582473 0.0538927 0.0491719 0.044104 0.0386866 0.0329583 0.0270474 0.0211884 0.0156941 0.010886 0.00700632
 0.00694734 0.0113389 0.0171672 0.0244151 0.0328717 0.0419993 0.0509041 0.0585566 0.0641644 0.0674191 0.0684592 0.0676592 0.0654424 0.0621952 0.0582383 0.0538094 0.0490506 0.0440163 0.0387071 0.033128 0.0273546 0.0215765 0.0160894 0.0112276 0.00726246
 0.00684595 0.0111833 0.0169496 0.0241335 0.0325284 0.0416001 0.0504603 0.0580896 0.0637095 0.0670247 0.0681771 0.0675293 0.0654771 0.0623716 0.0585055 0.054108 0.0493386 0.0442852 0.0389794 0.0334363 0.0277149 0.0219733 0.0164819 0.0115706 0.00752631
 0.00685731 0.0111946 0.0169537 0.0241192 0.0324838 0.0415164 0.0503349 0.0579255 0.0635129 0.0668028 0.0679415 0.0672996 0.0652813 0.0622389 0.0584534 0.054134 0.0494232 0.0444055 0.0391237 0.0336077 0.0279209 0.0222114 0.0167332 0.0118055 0.0077189
 0.00685444 0.0111991 0.0169765 0.0241741 0.0325812 0.0416547 0.0504953 0.0580739 0.0636109 0.0668209 0.067868 0.0671418 0.0650621 0.061991 0.0582127 0.053932 0.0492795 0.0443256 0.0391033 0.03364 0.0279999 0.0223293 0.0168753 0.0119511 0.00784732
 0.00684363 0.0111833 0.0169568 0.0241543 0.032569 0.0416619 0.0505352 0.0581558 0.0637326 0.0669634 0.0679978 0.067222 0.0650662 0.0619131 0.0580688 0.0537533 0.0491015 0.0441783 0.0390054 0.0335982 0.0280115 0.0223847 0.0169598 0.0120467 0.00793681
#pred catch len freq
 0.00427124 0.00676111 0.00986844 0.013522 0.0176818 0.0223195 0.027349 0.0325891 0.0377946 0.0427156 0.0471379 0.0509043 0.0539295 0.0562034 0.0577753 0.0587311 0.0591739 0.0591957 0.058813 0.0578661 0.0559472 0.0524731 0.0469661 0.0394339 0.0305771
 0.0045228 0.00708462 0.0102006 0.0137598 0.0177212 0.0221112 0.0269354 0.0320932 0.0373614 0.0424417 0.0470341 0.0509103 0.053965 0.0562216 0.0577901 0.0588059 0.0593806 0.0595626 0.0592896 0.0583277 0.0562429 0.052496 0.0467058 0.0389769 0.030059
 0.00472091 0.0074095 0.0106884 0.0144289 0.0185493 0.0230119 0.027756 0.032654 0.0375311 0.0422065 0.0465076 0.0502713 0.0533671 0.0557374 0.0574193 0.0585247 0.0591818 0.0594567 0.0592728 0.0583507 0.0562156 0.0523295 0.0463644 0.0385013 0.0295431
 0.00492096 0.00772372 0.0111435 0.0150492 0.0193587 0.0240303 0.0289809 0.03403 0.0389257 0.0434183 0.0473231 0.05055 0.0531035 0.0550555 0.0565044 0.0575433 0.0582388 0.0585976 0.0585023 0.0576453 0.0555312 0.0516213 0.0456161 0.0377436 0.0288428
 0.0051284 0.00804972 0.0116142 0.0156845 0.0201732 0.025034 0.0301766 0.0354066 0.0404464 0.0450044 0.0488399 0.0518115 0.0539123 0.0552702 0.0560984 0.056614 0.056961 0.0571523 0.0570235 0.0562043 0.0541517 0.050309 0.0443869 0.0366366 0.0279104
 0.0053793 0.00843917 0.0121671 0.0164148 0.0210863 0.0261293 0.031446 0.03683 0.0419879 0.0466097 0.0504323 0.0532853 0.0551291 0.0560712 0.0563393 0.0562152 0.0559435 0.0556349 0.0551804 0.0542106 0.0521488 0.0484006 0.042654 0.0351479 0.0267174
 0.00569217 0.00892539 0.012858 0.0173269 0.0222227 0.0274805 0.0329875 0.0385179 0.0437591 0.048387 0.0521315 0.0548182 0.0564022 0.0569806 0.0567726 0.0560666 0.0551463 0.0541956 0.0531947 0.0518478 0.0496152 0.0459015 0.0403669 0.0332062 0.0251969
 0.00600834 0.00942062 0.0135694 0.0182793 0.0234287 0.0289385 0.034676 0.0403885 0.0457344 0.0503679 0.0540079 0.0564817 0.0577542 0.057935 0.0572507 0.0559929 0.0544544 0.0528508 0.0512252 0.0493674 0.0468202 0.0430398 0.0376886 0.0309134 0.0234063
 0.00628857 0.00986161 0.0142073 0.0191423 0.0245367 0.0303024 0.0362907 0.0422233 0.0477268 0.052424 0.0560098 0.0583005 0.0592657 0.059032 0.0578484 0.0560254 0.0538699 0.0516169 0.0493498 0.0469281 0.0439839 0.0400525 0.0348299 0.0284301 0.0214533
 0.00655596 0.0102821 0.0148148 0.0199619 0.025585 0.0315862 0.0378018 0.0439321 0.0495798 0.054345 0.0579042 0.0600604 0.0607771 0.0601844 0.058543 0.0561812 0.0534254 0.0505345 0.0476285 0.0446279 0.0412492 0.0371136 0.0319675 0.0259082 0.0194503
 0.00691618 0.0108404 0.0156055 0.021002 0.0268769 0.0331197 0.0395512 0.0458494 0.0515911 0.056354 0.0598021 0.0617376 0.0621335 0.0611354 0.05902 0.0561283 0.0527978 0.049302 0.0457901 0.042236 0.038435 0.0340945 0.0290183 0.0232971 0.0173659
