SBPRF35
10.0439
Curr Bio
647311
B35
664491
F35
0.189075
FOFL
0.189075
OFL
107085
Bzero
2.86969e+06
#pred survey bio
 2.9434e+06 3.15533e+06 3.38428e+06 3.43819e+06 3.07721e+06 2.79596e+06 2.49631e+06 2.20048e+06 1.88012e+06 1.53288e+06 1.34e+06 1.19991e+06 1.06922e+06 990709 902391 823362 731437 647169 622415 616654 603890 556683 540887 531441 517580 506826 512174 524480 526872 528903 551832 592560 612896 574180 502687 454926 446975 466364 510081 548411 570340 561482 562683 567821 542410 532879 535876 514634 504729 526851 551945 588663 597552 607318 621404 655860 1.64798e+07 1.54644e+07 1.60205e+07 1.68361e+07 1.77785e+07 1.87175e+07 1.95684e+07 2.02916e+07 2.08795e+07 2.13427e+07 2.17e+07 2.19717e+07 2.21766e+07 2.23302e+07 2.24453e+07 2.25316e+07 2.25964e+07 2.26453e+07 2.26823e+07 2.27105e+07 2.2732e+07 2.27485e+07 2.27613e+07 2.27712e+07 2.27789e+07 2.27849e+07 2.27896e+07 2.27932e+07 2.27961e+07 2.27984e+07 2.28002e+07 2.28016e+07 2.28028e+07 2.28036e+07 2.28044e+07 2.28049e+07 2.28054e+07 2.28057e+07 2.2806e+07 2.28062e+07 2.28064e+07 2.28066e+07 2.28067e+07 2.28068e+07 2.28068e+07 2.28069e+07 2.28069e+07 2.2807e+07 2.2807e+07 2.2807e+07 2.28071e+07 2.28071e+07 2.28071e+07 2.28071e+07 2.28071e+07 2.28071e+07 2.28071e+07 2.28071e+07 2.28071e+07 2.28071e+07 2.28071e+07 2.28071e+07 2.28071e+07 2.28071e+07 2.28071e+07 2.28071e+07 2.28071e+07 2.28071e+07 2.28071e+07 2.28071e+07 2.28071e+07 2.28071e+07 2.28071e+07 2.28071e+07 2.28071e+07 2.28071e+07 2.28071e+07 2.28071e+07 2.28071e+07 2.28071e+07 2.28071e+07 2.28071e+07 2.28071e+07 2.28071e+07 2.28071e+07 2.28071e+07 2.28071e+07 2.28071e+07 2.28071e+07 2.28071e+07 2.28071e+07 2.28071e+07 2.28071e+07 2.28071e+07 2.28071e+07 2.28071e+07 2.28071e+07 2.28071e+07 2.28071e+07 2.28071e+07 0 0 0 0 0 0 0 0 0 0 0 0 0 0 0 0 0 0 0 0 0 0 0 0 0
#obs survey bio
 2.89885e+06 3.05602e+06 3.7048e+06 4.23263e+06 2.975e+06 3.24816e+06 2.26414e+06 2.34339e+06 1.91144e+06 1.40173e+06 1.41756e+06 1.45516e+06 1.17498e+06 844872 667448 1.00046e+06 658792 638818 550696 667883 651821 566919 439834 519193 408097 535331 533401 584922 652300 509434 410501 559423 715017 797856 365564 418987 436532 450165 380791 755761 656286 527993 462190 560797 477713 467365 605808 415465 496434 524512 589800 686442 548357 666824 521528 598826
#pred catch bio
 88297 94561.3 156331 212679 212004 280308 285681 286480 302161 299010 282683 279423 242981 253959 236435 220091 205359 156699 140049 129110 133020 122796 120176 114803 103894 100946 104184 103086 98195.6 102625 95602.7 102020 104134 98318.3 93117.8 84894.3 85923.9 80127.6 88370.4 80386 84291.6 88502.5 93353.9 94850.1 96281.3 94797.2 96510.6 92777.9 85400.2 89115 79108.7 96735.4 99050.1 93472.4 92920.8 73975.8 107085 109764 112685 117520 123546 129588 134987 139468 142998 145676 147648 149069 150076 150778 151264 151597 151823 151977 152080 152149 152196 152227 152247 152261 152270 152276 152280 152283 152284 152286 152286 152287 152287 152287 152288 152288 152288 152288 152288 152288 152288 152288 152288 152288 152288 152288 152288 152288 152288 152288 152288 152288 152288 152288 152288 152288 152288 152288 152288 152288 152288 152288 152288 152288 152288 152288 152288 152288 152288 152288 152288 152288 152288 152288 152288 152288 152288 152288 152288 152288 152288 152288 152288 152288 152288 152288 152288 152288 152288 152288 152288 152288 152288 152288 152288 152288 152288 152288 152288 152288 0 0 0 0 0 0 0 0 0 0 0 0 0 0 0 0 0 0 0 0 0 0 0 0 0
#obs catch bio
 0 94308.3 156566 212761 211553 280904 285758 286259 301458 300108 283125 279621 242912 254667 237158 219402 205501 156823 140395 128985 132581 122992 120414 114835 103641 100944 104514 103025 97854.4 103012 95714.8 102172 103982 98122.1 93122.9 84908 86232.1 80176.7 88624.1 80210.6 84145.6 88519.1 93515.6 94666.1 96355.8 94945.6 96407.1 92760.5 85457.3 89283.6 78922.6 96783.1 99140.4 93365.2 93174.2 73795.6
#pred cpue bio
 2.91149e+06 3.12157e+06 3.34651e+06 3.39807e+06 3.0397e+06 2.75942e+06 2.4609e+06 2.16668e+06 1.8488e+06 1.5049e+06 1.31295e+06 1.17346e+06 1.04343e+06 964863 876874 798458 708030 625212 600726 594905 582530 536706 521211 512023 498703 488350 493478 505404 507839 509868 531928 571474 591400 554322 485575 439291 430552 447617 488911 525700 547261 539047 540217 545221 520959 511695 514625 494336 484683 505946 530160 565948 574642 583791 597246 630383 1.58643e+07 1.49055e+07 1.53783e+07 1.6128e+07 1.70548e+07 1.79912e+07 1.88418e+07 1.9565e+07 2.01528e+07 2.0616e+07 2.09733e+07 2.12451e+07 2.14499e+07 2.16036e+07 2.17187e+07 2.18049e+07 2.18697e+07 2.19186e+07 2.19556e+07 2.19838e+07 2.20053e+07 2.20219e+07 2.20346e+07 2.20445e+07 2.20522e+07 2.20582e+07 2.20629e+07 2.20666e+07 2.20694e+07 2.20717e+07 2.20735e+07 2.20749e+07 2.20761e+07 2.2077e+07 2.20777e+07 2.20782e+07 2.20787e+07 2.20791e+07 2.20793e+07 2.20796e+07 2.20797e+07 2.20799e+07 2.208e+07 2.20801e+07 2.20802e+07 2.20802e+07 2.20803e+07 2.20803e+07 2.20803e+07 2.20804e+07 2.20804e+07 2.20804e+07 2.20804e+07 2.20804e+07 2.20804e+07 2.20804e+07 2.20804e+07 2.20804e+07 2.20804e+07 2.20804e+07 2.20805e+07 2.20805e+07 2.20805e+07 2.20805e+07 2.20805e+07 2.20805e+07 2.20805e+07 2.20805e+07 2.20805e+07 2.20805e+07 2.20805e+07 2.20805e+07 2.20805e+07 2.20805e+07 2.20805e+07 2.20805e+07 2.20805e+07 2.20805e+07 2.20805e+07 2.20805e+07 2.20805e+07 2.20805e+07 2.20805e+07 2.20805e+07 2.20805e+07 2.20805e+07 2.20805e+07 2.20805e+07 2.20805e+07 2.20805e+07 2.20805e+07 2.20805e+07 2.20805e+07 2.20805e+07 2.20805e+07 2.20805e+07 2.20805e+07 2.20805e+07 2.20805e+07 2.20805e+07 0 0 0 0 0 0 0 0 0 0 0 0 0 0 0 0 0 0 0 0 0 0 0 0 0
#obs cpue bio
 3.278e+06 2.25995e+06 3.63097e+06 4.70237e+06 2.3098e+06 2.29323e+06 2.67981e+06 2.14917e+06 2.32589e+06 1.06788e+06 1.29831e+06 1.08358e+06 871178 1.06556e+06 1.07568e+06 888973 726855 543718 612259 628770 709995 381341 625085 575558 722018 405382 391993 564328 489957 357498 693930 622773 645513 425080 619197 439856 369621 463900 640584 462112 523122 503247 580280 723476 506258 513762 575737 589339 415723 526588 515072 524620 573826 589374 602548 763400
#pred surv len freq
 0.00425103 0.00701501 0.0107681 0.0155569 0.0212942 0.0276629 0.0341029 0.039968 0.0447776 0.048371 0.050867 0.0525103 0.0535395 0.0541338 0.0544131 0.0544586 0.0543363 0.0540982 0.0537314 0.0530547 0.0516325 0.0488322 0.044099 0.0373451 0.0291809
 0.0046434 0.00753385 0.0113323 0.0160262 0.0215189 0.027556 0.0336902 0.0393788 0.044177 0.04788 0.0505214 0.0522765 0.0533685 0.0540105 0.0543734 0.0545676 0.0546434 0.0545919 0.0543189 0.0535816 0.0519395 0.0488239 0.0437866 0.0368362 0.0286235
 0.00462848 0.00760984 0.0116221 0.0166801 0.0226447 0.0291279 0.0354965 0.041067 0.0453932 0.0484221 0.0504062 0.051687 0.052534 0.0531105 0.0535123 0.0538023 0.0540116 0.0541117 0.0539658 0.0532762 0.0515709 0.0483038 0.0431002 0.0360535 0.0278621
 0.00473217 0.00774473 0.0117715 0.0168299 0.0228143 0.0293998 0.0360108 0.041958 0.0466883 0.0499698 0.0519027 0.0528019 0.0530574 0.053026 0.0529612 0.0529884 0.053117 0.0532559 0.0531982 0.0525834 0.0508978 0.0475909 0.0423262 0.0352554 0.0271184
 0.00502502 0.00819874 0.0124107 0.017655 0.0237969 0.0304825 0.0371186 0.0430259 0.0476936 0.0509398 0.0528738 0.05375 0.0538585 0.0534933 0.0529401 0.0524395 0.0521289 0.0519904 0.0518148 0.051189 0.0495391 0.0462813 0.0410826 0.0341203 0.0261517
 0.00516227 0.00845578 0.0128587 0.0183768 0.0248619 0.0319089 0.0388418 0.0448968 0.0495175 0.0525409 0.0541485 0.0546802 0.0544755 0.0538164 0.0529362 0.0520363 0.0512715 0.0506944 0.0501753 0.0493458 0.0476315 0.0444244 0.0393693 0.0326294 0.0249439
 0.00535969 0.00877771 0.0133475 0.0190788 0.025826 0.0331788 0.0404388 0.0467966 0.051631 0.0547101 0.05617 0.0563531 0.0556544 0.0544383 0.0530058 0.0515835 0.0503194 0.0492629 0.0483115 0.0471491 0.0452527 0.0420411 0.0371545 0.0307237 0.0234349
 0.00554787 0.00909156 0.0138344 0.0197879 0.0267988 0.0344347 0.0419633 0.04854 0.0535192 0.0566569 0.0580785 0.0581073 0.0571175 0.0554702 0.053494 0.0514661 0.0495869 0.0479453 0.0464708 0.0448871 0.0427215 0.0394384 0.0346948 0.0285939 0.0217531
 0.0057125 0.00937125 0.0142781 0.0204498 0.0277282 0.0356596 0.0434731 0.0502785 0.0553939 0.0585592 0.0599032 0.0597616 0.0585174 0.0565307 0.0541237 0.0515749 0.0491041 0.0468406 0.0447692 0.0426777 0.0401611 0.036742 0.0321044 0.0263284 0.0199569
 0.00594931 0.00976225 0.0148779 0.0213134 0.0289008 0.0371597 0.0452743 0.0523027 0.0575208 0.0606492 0.061822 0.0613975 0.0597888 0.0573833 0.0545184 0.0514734 0.0484636 0.0456242 0.0429713 0.0403542 0.0374497 0.0338594 0.0293117 0.0238708 0.0180013
 0.00611961 0.01007 0.015398 0.022134 0.0301027 0.0387836 0.0472909 0.0546043 0.0599421 0.0630053 0.0639432 0.0631498 0.0610807 0.0581631 0.0547653 0.051183 0.0476341 0.0442513 0.0410617 0.0379544 0.0346774 0.0309143 0.026449 0.021341 0.0159813
 0.00634578 0.0104255 0.0159129 0.022835 0.0310167 0.0399394 0.0487118 0.0562913 0.0618542 0.0650475 0.0659716 0.064996 0.062585 0.0592039 0.0552701 0.0511233 0.0470089 0.043074 0.0393592 0.0357835 0.0321498 0.028211 0.0238037 0.0189882 0.0140918
 0.00665348 0.0109234 0.016656 0.0238683 0.0323619 0.041577 0.0505693 0.0582506 0.0637819 0.0668315 0.0675389 0.0663017 0.0635883 0.0598517 0.0555015 0.0508843 0.0462668 0.0418226 0.0376217 0.03362 0.0296721 0.0255905 0.0212563 0.01673 0.0122803
 0.00678261 0.0111513 0.0170324 0.0244512 0.0332053 0.0427102 0.0519767 0.0598627 0.0654859 0.0684968 0.0690454 0.0675606 0.0645475 0.0604859 0.0557931 0.0508094 0.0457934 0.040923 0.0362902 0.0318928 0.0276408 0.0234058 0.0191098 0.0148131 0.0107342
 0.00695759 0.0114464 0.0174966 0.0251374 0.0341599 0.0439563 0.0534952 0.0615831 0.0672932 0.0702502 0.0706028 0.0688016 0.0653908 0.0608973 0.0557798 0.050401 0.045021 0.0398071 0.0348474 0.0301558 0.0256823 0.0213495 0.017118 0.0130499 0.0093199
 0.00707896 0.0116515 0.0178204 0.0256189 0.0348361 0.0448514 0.0546083 0.0628807 0.06871 0.0716971 0.0719767 0.0699963 0.0663097 0.0614666 0.0559586 0.0501833 0.0444273 0.0388722 0.033612 0.0286697 0.0240179 0.0196126 0.0154419 0.011569 0.00813287
 0.00724856 0.0119189 0.0182074 0.0261415 0.0355028 0.0456611 0.0555462 0.0639158 0.0697964 0.0727791 0.0729944 0.0708885 0.0670165 0.0619324 0.0561378 0.0500466 0.0439666 0.0381014 0.0325646 0.0273984 0.0225967 0.0181387 0.0140294 0.0103281 0.00714212
 0.00754727 0.0123844 0.0188697 0.0270121 0.0365705 0.046887 0.0568606 0.0652224 0.0709902 0.0737712 0.0737305 0.0713515 0.0672149 0.0618847 0.0558598 0.0495474 0.0432511 0.0371774 0.0314516 0.0261344 0.0212427 0.0167773 0.0127554 0.0092291 0.00627687
 0.0076709 0.0125638 0.0191 0.027277 0.0368491 0.0471646 0.0571365 0.0655097 0.0713084 0.0741353 0.0741429 0.0717977 0.0676644 0.0622953 0.056184 0.0497384 0.0432687 0.0369942 0.031059 0.0255483 0.0205068 0.0159606 0.0119412 0.00849766 0.00568545
 0.00772993 0.0126518 0.0192171 0.027416 0.0369953 0.0472979 0.0572353 0.0655593 0.0713109 0.0741161 0.0741467 0.0718727 0.0678411 0.0625716 0.0565234 0.0500806 0.0435455 0.037145 0.0310427 0.0253519 0.0201493 0.0154905 0.0114263 0.00800788 0.00527487
 0.00773775 0.01266 0.019221 0.0274084 0.0369685 0.0472461 0.0571575 0.0654597 0.0711986 0.0740055 0.0740583 0.0718333 0.0678799 0.0627105 0.0567654 0.050401 0.0438944 0.0374582 0.0312591 0.0254301 0.0200787 0.0152939 0.0111517 0.00771293 0.00500954
 0.00783912 0.0128216 0.0194572 0.0277275 0.0373677 0.0477055 0.0576359 0.065898 0.0715334 0.0741872 0.0740657 0.0716791 0.067606 0.0623765 0.056433 0.0501187 0.0436835 0.0373093 0.031139 0.0252979 0.0199045 0.0150708 0.010897 0.00745857 0.00478733
 0.00779582 0.0127724 0.0194223 0.0277388 0.0374604 0.0479039 0.0579412 0.0662837 0.0719504 0.0745758 0.0743692 0.0718561 0.0676393 0.062277 0.0562359 0.0498726 0.0434356 0.0370904 0.0309563 0.025139 0.0197485 0.0149033 0.0107182 0.00728214 0.00463184
 0.00779668 0.0127632 0.0193907 0.0276712 0.0373508 0.0477656 0.0578117 0.0662173 0.0719959 0.0747526 0.0746551 0.0721938 0.0679581 0.0625173 0.0563664 0.0498939 0.0433733 0.0369804 0.0308302 0.0250139 0.0196277 0.014783 0.0105971 0.00716536 0.00452866
 0.00792892 0.0129463 0.0196066 0.0278819 0.0375071 0.0478238 0.0577495 0.066043 0.0717494 0.0744959 0.0744548 0.0720989 0.0679819 0.0626335 0.0565225 0.0500353 0.043463 0.0370078 0.0308051 0.024955 0.0195515 0.0146999 0.0105132 0.00708591 0.00445929
 0.00797353 0.0130201 0.0197182 0.0280352 0.0376953 0.0480217 0.0579121 0.0661155 0.0716887 0.0742943 0.0741508 0.0717665 0.0677029 0.0624667 0.0564849 0.0501024 0.043586 0.0371364 0.0309048 0.0250123 0.0195691 0.0146882 0.0104836 0.00704861 0.00442226
 0.00789699 0.0129146 0.0195949 0.027917 0.0376111 0.0479963 0.0579562 0.0662192 0.071822 0.0744144 0.0742161 0.0717542 0.0676209 0.0623521 0.0563878 0.0500621 0.043615 0.0372192 0.03101 0.0251093 0.019639 0.0147262 0.0104949 0.00704243 0.00440797
 0.00788913 0.012891 0.0195407 0.0278154 0.0374517 0.0477867 0.0577284 0.0660238 0.071709 0.0744104 0.0743116 0.071908 0.0677804 0.0624772 0.0564656 0.0501067 0.0436531 0.0372723 0.0310835 0.0251932 0.019717 0.0147854 0.0105309 0.00705834 0.00441064
 0.00796894 0.0129992 0.0196629 0.0279232 0.0375088 0.04776 0.0575999 0.0657991 0.0714196 0.0741087 0.0740566 0.0717467 0.0677306 0.0625235 0.0565707 0.0502317 0.0437735 0.0373811 0.0311839 0.0252879 0.0198035 0.0148575 0.0105837 0.00709132 0.00442758
 0.00797694 0.0130168 0.0196968 0.0279792 0.0375864 0.0478456 0.0576645 0.0658044 0.0713334 0.0739224 0.0737951 0.0714625 0.0674856 0.0623661 0.0565202 0.0502768 0.0438829 0.0375204 0.031327 0.02542 0.0199176 0.0149503 0.0106535 0.00713896 0.00445639
 0.00798856 0.0130373 0.0197309 0.0280328 0.0376654 0.0479539 0.0577998 0.0659543 0.0714733 0.0740182 0.0738134 0.0713845 0.0673188 0.0621451 0.0562946 0.0500918 0.0437639 0.0374688 0.0313275 0.0254514 0.0199614 0.0149941 0.0106904 0.00716605 0.00447387
 0.00789962 0.0128918 0.0195112 0.0277249 0.0372659 0.0474784 0.0572893 0.0654724 0.0710911 0.0737925 0.0737676 0.0715036 0.0675587 0.0624516 0.0566229 0.0504168 0.044079 0.0377748 0.0316224 0.0257266 0.0202046 0.0151946 0.0108433 0.00727346 0.00454289
 0.00778192 0.012715 0.0192718 0.0274281 0.0369223 0.0471002 0.0568893 0.0650676 0.0707075 0.0734673 0.073544 0.0714181 0.0676277 0.062664 0.0569434 0.0507991 0.0444806 0.0381663 0.0319868 0.0260543 0.020488 0.0154274 0.0110224 0.00740094 0.00462606
 0.00763097 0.0124874 0.0189629 0.0270469 0.0364902 0.0466475 0.0564514 0.0646794 0.0703974 0.0732512 0.0734253 0.0713946 0.0676984 0.0628302 0.0572029 0.0511388 0.0448748 0.0385819 0.0323925 0.0264257 0.0208094 0.0156901 0.0112242 0.00754499 0.00472076
 0.00774667 0.0126295 0.019093 0.0271034 0.0364086 0.0463905 0.0560316 0.0641596 0.0698664 0.0727905 0.0730851 0.0711893 0.0676175 0.0628546 0.0573154 0.0513268 0.0451257 0.0388783 0.0327107 0.0267397 0.0210957 0.0159324 0.0114141 0.00768265 0.00481239
 0.00851723 0.01375 0.0205311 0.0287364 0.038048 0.0478291 0.0570882 0.0647098 0.0698607 0.0722642 0.0721511 0.0700075 0.066351 0.0616322 0.056218 0.0503931 0.0443673 0.0382909 0.0322796 0.0264423 0.0209048 0.0158194 0.0113535 0.00765386 0.0048009
 0.00915716 0.0147816 0.0220583 0.0308257 0.0406862 0.0508725 0.0602337 0.0675292 0.0719123 0.0732343 0.0719501 0.0687721 0.0643674 0.0592341 0.0537041 0.047985 0.0422025 0.0364375 0.0307576 0.0252415 0.0199964 0.0151637 0.0109048 0.00736487 0.00462714
 0.00915681 0.0148727 0.0223647 0.0315191 0.0419416 0.0527949 0.0627868 0.0705038 0.0749524 0.0759124 0.0738661 0.0696496 0.06412 0.0579766 0.051704 0.0455758 0.0396978 0.0340764 0.0286886 0.0235335 0.0186606 0.0141737 0.0102122 0.00691036 0.00434938
 0.00892523 0.0145083 0.0218467 0.0308568 0.0411976 0.0521064 0.0623657 0.0705929 0.075736 0.077417 0.07591 0.0718778 0.0661131 0.0593828 0.052337 0.0454447 0.0389683 0.0329918 0.027489 0.0224023 0.017706 0.0134369 0.00968681 0.00656343 0.00413764
 0.00884121 0.0143603 0.0216033 0.0304833 0.0406674 0.05142 0.0615736 0.069809 0.0751317 0.0771865 0.0762092 0.072755 0.0674632 0.0609583 0.0538215 0.0465592 0.0395594 0.0330615 0.0271618 0.0218569 0.017109 0.0129034 0.00927224 0.0062757 0.0039572
 0.00879109 0.0142571 0.0214079 0.0301465 0.0401424 0.0506828 0.0606428 0.0687556 0.0740737 0.076274 0.0756027 0.0725964 0.0678366 0.0618489 0.0550955 0.0479878 0.0408859 0.0340845 0.0277917 0.0221217 0.0171134 0.0127717 0.00910455 0.00613015 0.00385444
 0.00877968 0.0142429 0.0213926 0.0301293 0.040113 0.0506152 0.0604941 0.068477 0.0736336 0.0756828 0.0749273 0.071954 0.0673685 0.0616796 0.0552899 0.04852 0.0416395 0.0348888 0.0284832 0.0225988 0.0173589 0.0128352 0.00906293 0.00605179 0.00378134
 0.00867364 0.0141001 0.0212325 0.0299877 0.0400318 0.0506238 0.0605937 0.0686341 0.0737865 0.0757594 0.0748692 0.0717412 0.0670355 0.0613126 0.0550011 0.0484061 0.0417411 0.0351728 0.0288585 0.0229581 0.0176234 0.0129783 0.00910424 0.00603299 0.00374157
 0.00857879 0.0139543 0.0210301 0.0297336 0.0397448 0.0503394 0.0603615 0.0685069 0.0737996 0.0759093 0.075107 0.0719878 0.0672135 0.0613801 0.0549699 0.0483342 0.041703 0.0352219 0.0290026 0.0231602 0.0178258 0.0131337 0.00919429 0.00606663 0.00374114
 0.00862459 0.0140088 0.0210757 0.0297424 0.0396875 0.0501988 0.060145 0.0682488 0.073553 0.0757292 0.0750311 0.0720221 0.0673294 0.0615259 0.0550938 0.0484084 0.0417342 0.0352422 0.0290457 0.0232399 0.0179305 0.0132371 0.00927345 0.00611282 0.00375949
 0.00855407 0.0139286 0.0210167 0.0297496 0.0398015 0.0504306 0.0604589 0.0685694 0.0737959 0.0758386 0.0750013 0.0718921 0.0671565 0.0613573 0.0549503 0.0482872 0.0416244 0.0351398 0.0289584 0.0231797 0.0179026 0.0132352 0.00928389 0.0061233 0.00376412
 0.00846408 0.013784 0.020805 0.0294672 0.0394624 0.0500747 0.0601512 0.0683839 0.0737843 0.0760021 0.0752866 0.0722168 0.0674482 0.0615799 0.0551046 0.0483931 0.0417014 0.0351994 0.0290064 0.0232207 0.0179408 0.0132723 0.00931794 0.00615059 0.0037824
 0.00860673 0.013977 0.0210232 0.0296628 0.0395778 0.0500644 0.060002 0.0681232 0.0734726 0.0757143 0.0750865 0.0721356 0.0674756 0.0616739 0.0552147 0.0484825 0.0417564 0.0352247 0.0290137 0.0232211 0.0179416 0.0132764 0.00932515 0.00615884 0.00378942
 0.00866581 0.0140863 0.0212093 0.0299511 0.0399773 0.0505487 0.0604996 0.0685303 0.0736907 0.0756927 0.0748454 0.0717543 0.0670549 0.0612954 0.0549179 0.0482664 0.041598 0.0350992 0.0289066 0.0231286 0.0178656 0.0132191 0.00928605 0.0061348 0.00377605
 0.00862112 0.0140132 0.0211006 0.0298044 0.0398014 0.0503688 0.0603557 0.0684648 0.0737263 0.0758154 0.0750066 0.0718959 0.0671396 0.0613232 0.0549175 0.0482719 0.0416288 0.0351543 0.0289726 0.0231914 0.0179167 0.0132569 0.00931245 0.00615264 0.00378767
 0.0086012 0.0139788 0.0210447 0.0297194 0.0396806 0.05021 0.0601664 0.0682652 0.0735485 0.0756956 0.0749719 0.0719507 0.0672624 0.0614762 0.0550658 0.0483979 0.0417334 0.0352471 0.0290605 0.0232742 0.0179897 0.0133157 0.00935577 0.00618203 0.00380616
 0.00846858 0.0137638 0.0207234 0.0292727 0.0391015 0.0495136 0.0593977 0.0674988 0.0728751 0.0752014 0.0747194 0.0719671 0.0675362 0.0619604 0.0556884 0.0490791 0.0424039 0.0358595 0.0295905 0.0237138 0.0183399 0.0135819 0.00954688 0.00631038 0.00388609
 0.00862945 0.0139941 0.0210112 0.0295844 0.0393878 0.0497209 0.0594801 0.0674268 0.0726424 0.0748289 0.0742557 0.0714808 0.0671004 0.0616351 0.0555062 0.0490394 0.0424784 0.0360059 0.0297667 0.0238879 0.0184928 0.013705 0.00963885 0.00637405 0.00392672
 0.00869297 0.0141132 0.0212175 0.029911 0.0398535 0.0503096 0.0601268 0.0680244 0.0730722 0.0750015 0.0741396 0.0711077 0.0665494 0.0610065 0.0548958 0.0485197 0.0420881 0.0357493 0.0296232 0.0238247 0.0184777 0.0137132 0.0096547 0.00638938 0.00393837
 0.00873681 0.0141684 0.0212728 0.0299508 0.0398683 0.0503083 0.0601408 0.0680953 0.0732263 0.075226 0.0743792 0.0712863 0.0666052 0.0609187 0.0546905 0.0482541 0.0418259 0.0355391 0.0294872 0.0237605 0.0184665 0.013732 0.00968409 0.00641722 0.00395941
 0.00856351 0.0139282 0.0209869 0.0296626 0.0396278 0.0501509 0.0600733 0.0681011 0.0732844 0.0753282 0.0745307 0.0714896 0.0668425 0.0611507 0.0548731 0.0483613 0.0418612 0.0355301 0.0294682 0.0237564 0.0184859 0.0137693 0.00972773 0.0064569 0.00398956
#obs surv len freq
 nan nan nan nan nan nan nan nan nan nan nan nan nan nan nan nan nan nan nan nan nan nan nan nan nan
 0.00448328 0.0073439 0.0111731 0.0159887 0.0216888 0.0279638 0.0342777 0.0400091 0.0446891 0.0481537 0.0505126 0.0520095 0.0529029 0.0534163 0.0537313 0.0539869 0.0542659 0.0545589 0.0546978 0.0542898 0.0527278 0.0493597 0.0438092 0.0362887 0.0276717
 0.00461565 0.007561 0.011503 0.0164576 0.0223147 0.0287463 0.0351884 0.0409889 0.0456565 0.049021 0.0512027 0.0524673 0.0531004 0.0533531 0.0534298 0.0534845 0.0536064 0.053785 0.0538487 0.0534025 0.0518411 0.0485169 0.0430551 0.0356614 0.0271923
 0.00477422 0.00782112 0.0118989 0.0170227 0.0230753 0.0297112 0.0363372 0.0422668 0.0469792 0.0502878 0.0523117 0.053328 0.0536436 0.0535382 0.0532485 0.0529584 0.0527807 0.0527192 0.0526089 0.0520589 0.0504688 0.047196 0.0418651 0.0346679 0.0264316
 0.00496903 0.00813832 0.0123773 0.0176991 0.0239776 0.0308483 0.0376871 0.0437719 0.0485527 0.0518276 0.0537135 0.0544942 0.0544885 0.0539935 0.05327 0.0525317 0.051924 0.0514816 0.051066 0.0503081 0.0486255 0.0453875 0.040217 0.0332828 0.0253671
 0.00518174 0.00848804 0.0129108 0.0184623 0.0250063 0.0321539 0.0392422 0.045506 0.0503626 0.0535975 0.0553327 0.0558656 0.0555295 0.0546343 0.0534543 0.0522214 0.0511058 0.0501758 0.0493327 0.0482505 0.0463872 0.0431405 0.0381376 0.0315181 0.0240026
 0.00542294 0.00888091 0.0135037 0.0193012 0.0261271 0.0335689 0.040926 0.0473894 0.05234 0.0555457 0.0571296 0.0574028 0.0567173 0.0554014 0.0537448 0.0519928 0.0503312 0.048853 0.047499 0.0459973 0.0438661 0.0405531 0.0357036 0.0294282 0.022374
 0.00564488 0.00924725 0.0140654 0.0201093 0.0272231 0.0349692 0.0426064 0.0492796 0.0543344 0.0575236 0.058974 0.0590094 0.0579967 0.0562784 0.054157 0.0518892 0.0496739 0.0476243 0.0457167 0.0437346 0.0412672 0.0378283 0.0330966 0.0271607 0.02059
 0.00589259 0.00965066 0.0146741 0.0209705 0.0283735 0.0364216 0.0443355 0.0512152 0.0563702 0.059536 0.0608416 0.0606255 0.0592742 0.0571484 0.0545652 0.0517906 0.0490315 0.0464143 0.0439444 0.0414582 0.0386186 0.0350154 0.0303732 0.0247676 0.0186914
 0.00613681 0.0100541 0.0152927 0.02186 0.0295772 0.0379525 0.0461583 0.0532423 0.0584761 0.0615839 0.0627064 0.0622055 0.0604918 0.0579463 0.0549007 0.0516302 0.0483469 0.0451856 0.0421737 0.0391933 0.0359781 0.0321962 0.0276253 0.0223362 0.0167499
 0.00637075 0.0104354 0.0158689 0.0226769 0.0306716 0.0393399 0.0478181 0.0551103 0.0604503 0.0635406 0.0645199 0.0637632 0.0617033 0.0587469 0.0552475 0.0514954 0.0477107 0.0440353 0.0405136 0.0370663 0.0334902 0.0295275 0.0250095 0.020008 0.0148802
 0.00662474 0.0108502 0.0164965 0.0235656 0.0318562 0.0408252 0.0495642 0.0570294 0.0624211 0.065434 0.0662198 0.0651764 0.0627595 0.0593956 0.0554551 0.0512415 0.0469842 0.0428335 0.0388486 0.0349824 0.0310861 0.0269676 0.0225084 0.0177829 0.0130912
 0.00684699 0.0112189 0.0170647 0.0243871 0.0329732 0.0422509 0.0512645 0.0589171 0.0643692 0.0673014 0.0678773 0.0665225 0.0637253 0.0599413 0.0555634 0.0509083 0.046212 0.0416299 0.037233 0.0330014 0.0288319 0.0245887 0.0201964 0.0157315 0.0114432
 0.00706138 0.011571 0.0176014 0.0251546 0.0340083 0.0435667 0.0528353 0.0606712 0.0661969 0.0690738 0.069467 0.0678199 0.0646488 0.0604417 0.0556219 0.0505291 0.0454124 0.040434 0.0356737 0.0311312 0.0267395 0.0224079 0.0180953 0.0138778 0.00995921
 0.00725856 0.0118928 0.0180881 0.0258443 0.0349298 0.0447278 0.0542106 0.062198 0.0677831 0.0706142 0.0708592 0.0689737 0.065491 0.0609196 0.0557047 0.0502082 0.0446984 0.0393521 0.0342628 0.0294495 0.024874 0.02048 0.016251 0.0122597 0.00866889
 0.00742028 0.0121581 0.0184915 0.0264194 0.0357021 0.0457042 0.0553689 0.063483 0.0691152 0.0719046 0.0720242 0.0699425 0.066208 0.061343 0.055806 0.0499723 0.0441238 0.0384527 0.0330698 0.0280162 0.0232812 0.0188369 0.0146847 0.0108906 0.00758068
 0.007534 0.0123455 0.0187786 0.0268322 0.0362623 0.0464214 0.0562322 0.0644576 0.070146 0.0729262 0.0729705 0.0707541 0.066835 0.0617471 0.0559597 0.0498574 0.0437321 0.0377873 0.0321499 0.0268827 0.0220019 0.0175058 0.0134106 0.00977542 0.0066945
 0.00758065 0.0124193 0.0188866 0.0269814 0.0364613 0.046681 0.0565647 0.0648734 0.0706485 0.0735066 0.0736049 0.0714034 0.0674497 0.0622729 0.0563447 0.0500576 0.0437147 0.0375344 0.0316622 0.0261845 0.0211447 0.0165669 0.0124824 0.00894635 0.00602705
 0.00764786 0.0125174 0.0190135 0.0271286 0.0366167 0.0468346 0.056713 0.0650221 0.0708114 0.0737022 0.0738504 0.0717071 0.0678039 0.0626509 0.0567032 0.0503441 0.0438775 0.0375318 0.0314709 0.0258062 0.0206103 0.0159343 0.011827 0.00834308 0.00553188
 0.00772541 0.0126398 0.0191903 0.0273637 0.0369056 0.0471607 0.0570466 0.0653248 0.071048 0.0738545 0.0739247 0.0717312 0.0678139 0.0626758 0.0567526 0.0504043 0.0439153 0.0375052 0.0313422 0.0255551 0.0202425 0.0154833 0.0113466 0.00789185 0.00515611
 0.0077713 0.0127112 0.0192917 0.0274976 0.0370719 0.0473564 0.0572644 0.0655515 0.0712642 0.0740378 0.0740559 0.0718012 0.0678286 0.062654 0.0567184 0.0503747 0.0438912 0.0374692 0.0312659 0.0254121 0.0200216 0.0151962 0.0110256 0.00757904 0.00488842
 0.00783355 0.0128042 0.0194164 0.0276495 0.0372423 0.0475351 0.0574412 0.0657173 0.0714115 0.0741599 0.074147 0.0718561 0.0678437 0.0626301 0.0566624 0.0502987 0.0438068 0.0373802 0.0311656 0.0252862 0.0198584 0.0149954 0.0108024 0.00735895 0.00469704
 0.00786466 0.0128546 0.0194915 0.0277532 0.0373749 0.0476908 0.0576074 0.0658759 0.0715443 0.0742554 0.0742028 0.0718774 0.0678384 0.0626041 0.0566191 0.0502403 0.043736 0.0372997 0.0310754 0.0251828 0.0197365 0.0148542 0.0106489 0.00720764 0.00456411
 0.00786545 0.0128563 0.019495 0.0277601 0.0373878 0.0477133 0.0576432 0.0659275 0.0716109 0.0743316 0.0742801 0.0719469 0.0678935 0.0626426 0.0566413 0.0502475 0.0437291 0.0372788 0.0310397 0.025131 0.0196677 0.0147693 0.0105533 0.00711088 0.00447716
 0.00786309 0.0128472 0.0194719 0.0277137 0.0373104 0.0476037 0.0575106 0.0657914 0.071496 0.0742605 0.074266 0.0719908 0.0679856 0.062766 0.0567776 0.0503809 0.043848 0.0373758 0.0311105 0.0251733 0.0196813 0.0147568 0.0105206 0.00706681 0.0044315
 0.00788746 0.0128787 0.019504 0.0277346 0.0373056 0.04756 0.0574212 0.0656588 0.0713338 0.0740911 0.0741172 0.0718885 0.067947 0.0627946 0.0568635 0.0505047 0.0439876 0.0375114 0.0312277 0.0252633 0.0197405 0.0147864 0.0105256 0.00705505 0.00441172
 0.00788235 0.012872 0.0194964 0.0277268 0.0372964 0.0475448 0.0573913 0.0656037 0.071246 0.0739716 0.0739782 0.0717521 0.067839 0.0627369 0.0568675 0.0505685 0.0440971 0.0376457 0.0313648 0.0253854 0.0198363 0.0148518 0.0105626 0.00707003 0.00441265
 0.00788988 0.0128798 0.0195004 0.0277208 0.0372747 0.0475047 0.0573353 0.0655382 0.0711774 0.0739028 0.0739085 0.0716804 0.0677687 0.0626779 0.0568337 0.050572 0.0441425 0.0377275 0.0314689 0.0254942 0.0199339 0.0149281 0.0106142 0.00709948 0.00442586
 0.00787632 0.0128588 0.0194705 0.027681 0.0372237 0.0474416 0.0572593 0.0654508 0.0710834 0.0738109 0.0738288 0.0716213 0.0677342 0.062668 0.0568472 0.0506089 0.0442038 0.0378126 0.0315726 0.0256061 0.0200411 0.0150192 0.0106828 0.00714492 0.00445203
 0.00785934 0.0128276 0.0194173 0.0275971 0.0371027 0.0472833 0.0570734 0.0652557 0.0709019 0.0736632 0.0737283 0.0715736 0.0677384 0.0627189 0.0569367 0.0507275 0.0443426 0.0379637 0.0317287 0.025759 0.0201819 0.0151391 0.0107761 0.00721052 0.00449334
 0.00785842 0.0128244 0.0194089 0.0275791 0.0370691 0.0472275 0.05699 0.065143 0.0707644 0.0735129 0.0735832 0.0714531 0.0676585 0.062688 0.056955 0.0507891 0.0444377 0.0380815 0.0318585 0.0258908 0.0203062 0.0152478 0.0108634 0.00727425 0.0045353
 0.00782637 0.0127728 0.0193323 0.0274731 0.036932 0.0470618 0.0568036 0.0649492 0.0705791 0.0733513 0.0734573 0.0713719 0.0676279 0.0627116 0.0570321 0.050914 0.0446 0.0382674 0.0320532 0.0260804 0.0204788 0.0153945 0.0109792 0.00735851 0.00459124
 0.0078029 0.0127347 0.019275 0.0273925 0.0368252 0.0469286 0.056648 0.06478 0.070409 0.0731945 0.0733273 0.0712791 0.0675794 0.0627107 0.0570792 0.0510063 0.0447314 0.0384281 0.0322304 0.0262599 0.020647 0.0155405 0.0110963 0.00744477 0.00464929
 0.00775712 0.0126607 0.0191647 0.0272394 0.0366263 0.0466876 0.0563775 0.0645017 0.0701496 0.0729796 0.073176 0.071202 0.0675784 0.0627809 0.0572112 0.0511881 0.0449497 0.0386689 0.0324792 0.0265017 0.0208678 0.015729 0.0112458 0.00755422 0.00472271
 0.00773546 0.0126187 0.0190893 0.0271147 0.0364383 0.0464307 0.0560609 0.0641503 0.0697995 0.0726694 0.0729383 0.0710585 0.0675381 0.0628411 0.0573595 0.0514064 0.0452168 0.0389635 0.0327809 0.026792 0.0211307 0.0159521 0.0114223 0.00768321 0.00480924
 0.00933019 0.0148539 0.0217926 0.0299037 0.0388303 0.0480186 0.0566535 0.0638018 0.0687335 0.0711654 0.0712462 0.0693628 0.0659583 0.0614449 0.0561772 0.050442 0.0444576 0.0383872 0.0323608 0.0265 0.0209393 0.0158356 0.0113575 0.00765127 0.00479583
 0.00931252 0.0151206 0.0227149 0.0319424 0.0423359 0.0529605 0.0624479 0.0694049 0.0730103 0.0733346 0.0711377 0.0673645 0.0627465 0.057696 0.0523984 0.0469383 0.0413763 0.0357777 0.0302206 0.0248005 0.0196381 0.0148815 0.0106932 0.00721608 0.00453002
 0.00897413 0.0145861 0.0219617 0.0310173 0.0414104 0.0523689 0.0626484 0.0708173 0.0757662 0.0770905 0.075115 0.0706446 0.0646539 0.0580332 0.0514198 0.0451373 0.0392515 0.0336952 0.0283866 0.0232978 0.0184747 0.0140271 0.0100996 0.00682851 0.00429416
 0.00879298 0.0142838 0.0214928 0.0303377 0.0404938 0.0512386 0.061418 0.0697198 0.0751367 0.0772752 0.0763163 0.0727734 0.0672935 0.0605735 0.0533046 0.0460775 0.0392848 0.0330872 0.0274683 0.0223396 0.0176385 0.0133776 0.00963856 0.0065263 0.00411103
 0.00872425 0.0141658 0.0213025 0.0300476 0.0400751 0.0506686 0.0606929 0.0688707 0.0742476 0.0764954 0.0758513 0.0728334 0.068002 0.0618751 0.054941 0.0476702 0.0404898 0.0337286 0.0275741 0.0220773 0.0172109 0.0129432 0.00928364 0.00627567 0.00395346
 0.00868308 0.0140982 0.0211992 0.0298982 0.0398683 0.0503932 0.0603401 0.068437 0.0737404 0.0759421 0.075311 0.0724047 0.0678118 0.0620391 0.0555022 0.0485518 0.0415019 0.0346394 0.0282075 0.0223759 0.0172314 0.012801 0.00909024 0.0061028 0.0038294
 0.00869423 0.0141097 0.0212041 0.0298855 0.039825 0.0503078 0.0602051 0.0682497 0.0735014 0.0756545 0.0749837 0.0720611 0.0674984 0.0618263 0.0554679 0.0487467 0.0419133 0.03518 0.0287452 0.0227912 0.0174658 0.012868 0.00904877 0.00601857 0.00374806
 0.00868219 0.0140944 0.0211884 0.0298735 0.0398195 0.0503066 0.060199 0.068224 0.0734406 0.075548 0.0748294 0.0718663 0.0672807 0.0616156 0.0553067 0.0486827 0.041981 0.0353795 0.0290324 0.0230922 0.0177094 0.013016 0.00910432 0.00601221 0.00371543
 0.00867763 0.014087 0.0211778 0.0298598 0.0398041 0.0502925 0.0601902 0.0682231 0.0734459 0.0755509 0.0748164 0.0718233 0.0672001 0.0615015 0.0551774 0.0485687 0.0419166 0.03539 0.0291205 0.0232337 0.0178626 0.0131414 0.00918115 0.0060425 0.00371527
 0.00864235 0.0140346 0.0211079 0.0297756 0.0397114 0.0501985 0.0601029 0.0681506 0.0733957 0.0755284 0.0748218 0.0718503 0.0672365 0.0615337 0.0551963 0.048575 0.0419224 0.0354133 0.0291755 0.0233216 0.0179695 0.0132448 0.00926163 0.00609209 0.00373777
 0.00865027 0.0140427 0.0211115 0.029768 0.0396861 0.0501529 0.0600405 0.0680808 0.0733303 0.0754777 0.0747911 0.07184 0.0672424 0.061549 0.0552132 0.048588 0.0419309 0.0354226 0.0291945 0.023357 0.0180205 0.0133027 0.00931474 0.0061315 0.00376111
 0.00864505 0.0140367 0.0211068 0.0297671 0.0396905 0.0501606 0.0600454 0.0680748 0.0733074 0.0754375 0.0747407 0.0717905 0.0672041 0.0615274 0.0552078 0.0485942 0.0419433 0.0354382 0.0292137 0.023382 0.0180525 0.0133395 0.00935092 0.00616144 0.00378174
 0.00864448 0.0140339 0.0210995 0.0297527 0.039667 0.0501291 0.0600101 0.0680417 0.0732814 0.0754199 0.0747288 0.0717804 0.0671944 0.0615197 0.055206 0.0486009 0.0419587 0.0354602 0.02924 0.0234109 0.0180833 0.0133707 0.00938023 0.00618603 0.00379975
 0.00863033 0.0140129 0.0210715 0.0297185 0.0396281 0.0500867 0.0599653 0.067996 0.0732378 0.075383 0.0747037 0.0717705 0.0671996 0.0615375 0.0552326 0.0486333 0.0419952 0.0354995 0.0292807 0.0234514 0.0181219 0.0134059 0.00941051 0.00621019 0.00381724
 0.00860846 0.0139777 0.0210195 0.0296472 0.0395375 0.0499804 0.0598515 0.0678869 0.0731461 0.0753192 0.0746728 0.0717727 0.0672317 0.0615939 0.0553065 0.0487177 0.0420832 0.0355859 0.0293615 0.0235243 0.0181851 0.0134585 0.00945213 0.00624112 0.00383853
 0.00860846 0.0139777 0.0210195 0.0296472 0.0395375 0.0499804 0.0598515 0.0678869 0.0731461 0.0753192 0.0746728 0.0717727 0.0672317 0.0615939 0.0553065 0.0487177 0.0420832 0.0355859 0.0293615 0.0235243 0.0181851 0.0134585 0.00945213 0.00624112 0.00383853
 0.00845131 0.0137317 0.0206675 0.0291824 0.038967 0.04933 0.0591695 0.0672417 0.0726139 0.0749653 0.0745364 0.0718589 0.0675153 0.0620288 0.0558374 0.04929 0.0426509 0.0361143 0.0298283 0.0239174 0.0185011 0.0137002 0.00962702 0.00636001 0.00391379
 0.00855114 0.0138714 0.0208356 0.0293525 0.0391034 0.0493977 0.0591435 0.0671126 0.0723897 0.0746707 0.0742096 0.0715455 0.0672584 0.0618595 0.0557682 0.0493147 0.0427486 0.0362576 0.0299901 0.0240758 0.0186413 0.0138146 0.00971365 0.00642088 0.00395334
 0.00865559 0.0140506 0.0211204 0.0297711 0.0396674 0.0500836 0.0598809 0.0677912 0.0728899 0.0749025 0.0741408 0.0712062 0.0667238 0.0612241 0.0551222 0.0487272 0.0422608 0.035883 0.0297214 0.0238943 0.0185252 0.0137439 0.00967285 0.00639873 0.00394219
 0.00852901 0.0138621 0.0208704 0.0294763 0.0393614 0.0498148 0.0597052 0.0677577 0.0730209 0.0751772 0.0744955 0.0715559 0.0669948 0.0613793 0.0551673 0.0486984 0.042204 0.0358359 0.0297042 0.0239095 0.0185635 0.013792 0.00971923 0.00643643 0.00396897
 0.00861966 0.0139885 0.0210224 0.0296316 0.0394937 0.0499049 0.0597508 0.0677753 0.0730386 0.0752224 0.0745808 0.0716698 0.0671034 0.0614389 0.0551439 0.048583 0.0420162 0.0356142 0.0294891 0.0237304 0.0184329 0.0137079 0.00967115 0.00641218 0.00395832
#pred catch len freq
 0.00311204 0.00508625 0.00773877 0.0111336 0.0153179 0.0202663 0.0258225 0.0317007 0.0375504 0.0430305 0.0478584 0.0518423 0.0549035 0.0570739 0.0584641 0.0592251 0.059522 0.0595029 0.0592258 0.0585413 0.0569995 0.0539193 0.0486972 0.0412405 0.0322252
 0.00340764 0.00548059 0.00817533 0.0115128 0.0155325 0.0202528 0.0255963 0.031348 0.0371796 0.0427158 0.0476132 0.0516364 0.0547072 0.0568966 0.0583639 0.0592837 0.059798 0.0599846 0.0598114 0.0590606 0.0572777 0.0538529 0.0483009 0.0406353 0.031576
 0.00342733 0.00557777 0.00843442 0.0120326 0.0163768 0.0213881 0.0268583 0.0324789 0.0379323 0.0429639 0.0473942 0.0511033 0.0540346 0.0562122 0.0577385 0.0587608 0.0594152 0.0597634 0.0597261 0.0590225 0.0571597 0.0535493 0.0477846 0.0399734 0.0308918
 0.00353711 0.00573128 0.00862719 0.0122653 0.0166803 0.021844 0.0275882 0.0335833 0.0394001 0.0446155 0.0489164 0.0521756 0.0544688 0.0560147 0.0570686 0.0578333 0.0584177 0.0588174 0.0588805 0.0582601 0.0564187 0.0527637 0.0469306 0.0390919 0.0300698
 0.00378147 0.00610721 0.0091512 0.0129339 0.017468 0.0227081 0.0284822 0.034481 0.0403173 0.0456026 0.0500074 0.0533178 0.0554937 0.0566915 0.0572135 0.0573983 0.0575002 0.0575964 0.0575312 0.056898 0.055091 0.0514788 0.0457002 0.0379566 0.0290924
 0.00395043 0.00639879 0.00962076 0.0136417 0.0184635 0.0240048 0.0300347 0.0361797 0.0420125 0.047151 0.0513159 0.0543575 0.0562715 0.0571964 0.057382 0.0571329 0.0567312 0.056338 0.0558885 0.0550253 0.0531402 0.0495728 0.0439358 0.0364154 0.0278386
 0.00414533 0.00671163 0.0100873 0.0143008 0.0193598 0.0251863 0.0315385 0.0380067 0.0440992 0.0493552 0.0534341 0.0561742 0.0576188 0.0579889 0.0576053 0.0568017 0.055857 0.0549341 0.0540022 0.0527642 0.0506687 0.0470833 0.0416144 0.034413 0.0262494
 0.00433911 0.00702651 0.0105616 0.0149725 0.0202626 0.0263432 0.0329547 0.0396655 0.0459621 0.0513604 0.0554875 0.0581405 0.0593272 0.0592617 0.0582981 0.0568318 0.0552049 0.0536282 0.0521088 0.0503947 0.0479903 0.0443131 0.038987 0.0321326 0.0244455
 0.00454595 0.00736299 0.0110695 0.0156935 0.021234 0.0275889 0.0344732 0.0414213 0.0478861 0.0533601 0.05746 0.0599813 0.0609311 0.0605181 0.0590902 0.0570475 0.0547584 0.0524816 0.0502886 0.0480001 0.0451962 0.041359 0.0361425 0.0296413 0.0224684
 0.00481906 0.00780118 0.0117192 0.0165969 0.0224248 0.0290838 0.0362595 0.0434466 0.0500578 0.0555556 0.059544 0.0618246 0.0624259 0.0615825 0.0596617 0.0570694 0.0541737 0.0512443 0.0483904 0.0455029 0.0422539 0.0382134 0.0330846 0.0269446 0.0203197
 0.0050127 0.00813283 0.0122504 0.0173977 0.0235617 0.030599 0.0381479 0.0456433 0.0524434 0.0579747 0.0618289 0.0638177 0.0639972 0.0626406 0.0601531 0.0569672 0.0534615 0.0499099 0.0464376 0.0429827 0.0392973 0.035043 0.0299851 0.0241954 0.0181192
 0.00526953 0.00853228 0.0128209 0.0181618 0.0245426 0.0318258 0.0396502 0.0474333 0.0544907 0.0601887 0.0640599 0.0658816 0.0657127 0.0638632 0.060791 0.0569775 0.0528349 0.0486559 0.0445837 0.0405917 0.036495 0.0320339 0.0270329 0.0215654 0.0160048
 0.00554131 0.00896721 0.0134622 0.0190442 0.0256857 0.0332247 0.0412682 0.0492043 0.0563337 0.0620247 0.065818 0.0674886 0.0670805 0.0648879 0.0613674 0.05702 0.052292 0.0475132 0.0428646 0.0383634 0.0338837 0.0292327 0.0242853 0.0191151 0.0140314
 0.00573962 0.00929319 0.0139602 0.0197594 0.0266573 0.0344731 0.0427795 0.0509198 0.0581535 0.063825 0.0674756 0.0689032 0.068185 0.0656418 0.0617403 0.056977 0.0517921 0.0465226 0.0413763 0.0364186 0.0315875 0.0267573 0.0218497 0.0169381 0.0122744
 0.00592855 0.00960312 0.0144328 0.0204384 0.0275829 0.0356721 0.0442504 0.0526204 0.0599965 0.0656844 0.0692044 0.0703581 0.0692538 0.0662611 0.0618954 0.0566843 0.0510754 0.0453992 0.0398623 0.0345509 0.0294491 0.0244901 0.0196394 0.0149733 0.0106938
 0.00607119 0.00983624 0.0147872 0.0209464 0.0282764 0.0365764 0.0453751 0.0539496 0.0614827 0.067248 0.070738 0.0717389 0.0703607 0.0669954 0.0621966 0.0565344 0.0504905 0.0444149 0.038523 0.0329132 0.0275962 0.0225436 0.0177528 0.0133015 0.00935109
 0.00627247 0.0101489 0.0152315 0.0215335 0.0290097 0.0374528 0.0463829 0.0550651 0.0626673 0.0684491 0.0718915 0.0727727 0.0711998 0.0675687 0.0624452 0.0564199 0.0500009 0.0435644 0.0373499 0.0314778 0.0259837 0.0208664 0.0161423 0.0118846 0.00821878
 0.00644973 0.0104266 0.01563 0.0220657 0.0296799 0.0382552 0.0472982 0.0560581 0.063689 0.069443 0.0728012 0.0735477 0.0717969 0.0679521 0.0625847 0.056291 0.0495875 0.0428643 0.0363814 0.0302851 0.0246393 0.0194689 0.0148049 0.010713 0.00728644
 0.00651831 0.0105239 0.015751 0.0221994 0.0298161 0.0383937 0.0474554 0.0562646 0.0639792 0.0698409 0.0733092 0.0741417 0.0724301 0.0685619 0.0631029 0.0566528 0.0497386 0.0427684 0.0360262 0.0296886 0.0238529 0.0185738 0.0138995 0.00989225 0.00661882
 0.00653583 0.0105489 0.0157817 0.0222306 0.0298389 0.0383975 0.0474317 0.0562138 0.0639184 0.0698067 0.073351 0.0743048 0.0727356 0.0689938 0.0636088 0.0571559 0.0501558 0.0430271 0.036078 0.0295184 0.0234835 0.0180626 0.0133267 0.00934076 0.00615316
 0.00657893 0.010611 0.0158601 0.022317 0.0299209 0.0384609 0.0474635 0.0562044 0.0638641 0.0697145 0.0732421 0.074215 0.0727083 0.0690658 0.0637934 0.0574328 0.0504723 0.0433121 0.0362617 0.029553 0.0233563 0.017799 0.0129813 0.00897935 0.00583238
 0.00666844 0.0107524 0.0160646 0.0225905 0.0302604 0.0388507 0.0478719 0.0565852 0.0641655 0.0698923 0.0732728 0.0741028 0.0724856 0.0687857 0.0635158 0.0572061 0.0503177 0.0432169 0.0361871 0.0294521 0.023195 0.0175707 0.0127075 0.00869877 0.00558364
 0.0066372 0.0107187 0.0160456 0.0226133 0.0303558 0.0390418 0.0481636 0.0569585 0.0645791 0.0702903 0.0735965 0.0743044 0.0725402 0.0686989 0.0633219 0.0569565 0.0500638 0.0429928 0.0360007 0.0292884 0.0230301 0.0173881 0.0125081 0.00849924 0.00540627
