SBPRF35
7.24328
Curr Bio
657139
B35
503218
F35
0.221125
FOFL
0.221125
OFL
122974
Bzero
2.06951e+006
#pred survey bio
 2.77213e+006 2.58759e+006 2.35135e+006 2.18056e+006 2.03337e+006 1.84041e+006 1.60837e+006 1.38607e+006 1.25673e+006 1.16543e+006 1.08182e+006 941992 815871 746556 693335 682675 681953 690270 677035 616803 560267 536803 550457 587097 601487 613802 566112 547954 539867 544631 509929 500919 513411 520603 528932 537937 553699 546209 552627 578596 592645 585578 577387 626323 682089 654904 578854 496614 487071 511608 607082 664489 1.66982e+007 1.44349e+007 1.39185e+007 1.38905e+007 1.41688e+007 1.45746e+007 1.49924e+007 1.53633e+007 1.56668e+007 1.5903e+007 1.60812e+007 1.62132e+007 1.63098e+007 1.63801e+007 1.64313e+007 1.64686e+007 1.64959e+007 1.6516e+007 1.65308e+007 1.65418e+007 1.655e+007 1.65561e+007 1.65607e+007 1.65642e+007 1.65668e+007 1.65688e+007 1.65704e+007 1.65715e+007 1.65724e+007 1.65731e+007 1.65736e+007 1.6574e+007 1.65743e+007 1.65745e+007 1.65747e+007 1.65748e+007 1.65749e+007 1.6575e+007 1.6575e+007 1.65751e+007 1.65751e+007 1.65752e+007 1.65752e+007 1.65752e+007 1.65752e+007 1.65752e+007 1.65752e+007 1.65752e+007 1.65752e+007 1.65752e+007 1.65752e+007 1.65752e+007 1.65752e+007 1.65752e+007 1.65752e+007 1.65752e+007 1.65752e+007 1.65752e+007 1.65752e+007 1.65752e+007 1.65752e+007 1.65752e+007 1.65752e+007 1.65752e+007 1.65752e+007 1.65752e+007 1.65752e+007 1.65752e+007 1.65752e+007 1.65752e+007 1.65752e+007 1.65752e+007 1.65752e+007 1.65752e+007 1.65752e+007 1.65752e+007 1.65752e+007 1.65752e+007 1.65752e+007 1.65752e+007 1.65752e+007 1.65752e+007 1.65752e+007 1.65752e+007 1.65752e+007 1.65752e+007 1.65752e+007 1.65752e+007 1.65752e+007 1.65752e+007 1.65752e+007 1.65752e+007 1.65752e+007 1.65752e+007 1.65752e+007 1.65752e+007 1.65752e+007 1.65752e+007 1.65752e+007 1.65752e+007 0 0 0 0 0 0 0 0 0 0 0 0 0 0 0 0 0 0 0 0 0 0 0 0 0
#obs survey bio
 2.48387e+006 2.77443e+006 2.3367e+006 1.91137e+006 2.44798e+006 2.24098e+006 1.9908e+006 1.66258e+006 898514 1.2077e+006 913363 767961 650524 580917 736649 703349 556079 1.03296e+006 842150 796497 540971 461459 519725 446196 551389 896415 536973 581050 586516 669654 434364 411481 483930 490312 485580 494844 670566 566358 463130 647698 545028 656234 516590 799358 601136 738779 400016 674424 375974 631778 624608 904180
#pred catch bio
 300741 302875 291054 308231 311094 286188 306799 268771 272692 250706 244531 206294 183142 177159 138393 144368 137602 117858 114302 108941 109862 99972.1 97680.3 110688 99420.5 100609 95234.3 93654.2 85431.8 94913.7 94191.1 92184.8 90983.8 86151.3 85789.4 84077.2 90941.8 89545.6 92787.8 87026.4 98005.8 95625.3 92841.1 92131.4 101271 88194.6 121702 47927.4 74244 38170.6 95005.3 102370 122974 115759 109918 108199 109523 112059 114755 117123 118999 120394 121385 122068 122527 122830 123027 123154 123235 123287 123319 123339 123352 123360 123365 123368 123370 123371 123372 123372 123372 123373 123373 123373 123373 123373 123373 123373 123373 123373 123373 123373 123373 123373 123373 123373 123373 123373 123373 123373 123373 123373 123373 123373 123373 123373 123373 123373 123373 123373 123373 123373 123373 123373 123373 123373 123373 123373 123373 123373 123373 123373 123373 123373 123373 123373 123373 123373 123373 123373 123373 123373 123373 123373 123373 123373 123373 123373 123373 123373 123373 123373 123373 123373 123373 123373 123373 123373 123373 123373 123373 123373 0 0 0 0 0 0 0 0 0 0 0 0 0 0 0 0 0 0 0 0 0 0 0 0 0
#obs catch bio
 241982 302554 290902 308989 311389 285277 307050 268515 274173 251196 244288 205693 183267 177732 137940 144718 138160 117628 114086 108745 110025 100029 97858.2 110877 99434.8 100336 95282.8 93749.5 85415.7 94733.7 94306.3 92500.2 90999.6 86086.2 85776.6 84066.9 90890.6 89490.7 93096.7 86830.2 98073.9 95433.5 93180.5 92278.5 101268 87708.9 123086 47410.3 75080.8 37735.3 95703.7 102352
#pred cpue bio
 2.73695e+006 2.55262e+006 2.31643e+006 2.14507e+006 1.99734e+006 1.8048e+006 1.57449e+006 1.35383e+006 1.22477e+006 1.13311e+006 1.04969e+006 912033 788332 720134 667806 657239 656102 663857 651326 593382 538853 516017 529123 564590 578464 590576 544952 527458 519702 524643 491494 482708 493677 498926 506001 514599 530017 523050 529212 554061 567863 561082 553057 599769 653657 627930 555232 475274 467103 491256 584548 640052 1.60901e+007 1.39227e+007 1.33192e+007 1.3209e+007 1.34678e+007 1.38705e+007 1.42878e+007 1.46586e+007 1.49621e+007 1.51983e+007 1.53766e+007 1.55085e+007 1.56051e+007 1.56755e+007 1.57267e+007 1.5764e+007 1.57913e+007 1.58113e+007 1.58262e+007 1.58371e+007 1.58453e+007 1.58515e+007 1.58561e+007 1.58596e+007 1.58622e+007 1.58642e+007 1.58657e+007 1.58669e+007 1.58677e+007 1.58684e+007 1.58689e+007 1.58693e+007 1.58696e+007 1.58698e+007 1.587e+007 1.58702e+007 1.58703e+007 1.58703e+007 1.58704e+007 1.58704e+007 1.58705e+007 1.58705e+007 1.58705e+007 1.58705e+007 1.58706e+007 1.58706e+007 1.58706e+007 1.58706e+007 1.58706e+007 1.58706e+007 1.58706e+007 1.58706e+007 1.58706e+007 1.58706e+007 1.58706e+007 1.58706e+007 1.58706e+007 1.58706e+007 1.58706e+007 1.58706e+007 1.58706e+007 1.58706e+007 1.58706e+007 1.58706e+007 1.58706e+007 1.58706e+007 1.58706e+007 1.58706e+007 1.58706e+007 1.58706e+007 1.58706e+007 1.58706e+007 1.58706e+007 1.58706e+007 1.58706e+007 1.58706e+007 1.58706e+007 1.58706e+007 1.58706e+007 1.58706e+007 1.58706e+007 1.58706e+007 1.58706e+007 1.58706e+007 1.58706e+007 1.58706e+007 1.58706e+007 1.58706e+007 1.58706e+007 1.58706e+007 1.58706e+007 1.58706e+007 1.58706e+007 1.58706e+007 1.58706e+007 1.58706e+007 1.58706e+007 1.58706e+007 1.58706e+007 1.58706e+007 0 0 0 0 0 0 0 0 0 0 0 0 0 0 0 0 0 0 0 0 0 0 0 0 0
#obs cpue bio
 3.04713e+006 3.14804e+006 1.99489e+006 1.97591e+006 1.91321e+006 1.84162e+006 1.17545e+006 1.0769e+006 1.23759e+006 1.16763e+006 1.60163e+006 1.21431e+006 811332 883806 734584 526874 681648 569413 584608 468069 493073 567347 462650 892340 561737 584215 445784 501827 431934 595666 451383 470054 657721 541056 549272 513980 514447 479869 488942 635514 599315 595932 378383 469596 1.02937e+006 624456 606447 466165 406307 466544 530586 507638
#pred surv len freq
 0.00465433 0.00766537 0.0117368 0.0169064 0.0230657 0.0298573 0.0366601 0.0427591 0.0476186 0.0510528 0.0531857 0.0542873 0.0546331 0.0544473 0.053903 0.0531419 0.0522943 0.0514751 0.0507254 0.0498997 0.0485709 0.0460807 0.0418145 0.0356011 0.0279637
 0.00506714 0.0082762 0.012547 0.0178854 0.02417 0.0310551 0.0379415 0.0441202 0.0490296 0.0524342 0.0544143 0.0552341 0.0552134 0.0546519 0.0537921 0.0528053 0.0517982 0.0508211 0.0498436 0.0486852 0.0469529 0.0440922 0.0396187 0.0334489 0.0261016
 0.00528611 0.00868462 0.0132535 0.01901 0.0258 0.0331857 0.0404359 0.0467289 0.0514706 0.0544878 0.0559715 0.0562777 0.0557645 0.0547332 0.0534278 0.0520369 0.050686 0.0494206 0.0481771 0.0467392 0.0447163 0.0416158 0.0370512 0.0310146 0.0240247
 0.00548836 0.00900388 0.0137212 0.0196625 0.0266868 0.0343725 0.0419888 0.0486757 0.0537534 0.0569387 0.0583371 0.0582905 0.0572216 0.0555373 0.0535773 0.0515876 0.0497151 0.048005 0.0463817 0.0446164 0.0423235 0.0390475 0.0344632 0.0286093 0.021995
 0.00572325 0.00938905 0.0143059 0.0204919 0.0277912 0.0357534 0.0436108 0.0504746 0.0556578 0.0588858 0.0602642 0.0601065 0.0587883 0.0566875 0.0541614 0.0515192 0.0489852 0.0466661 0.0445197 0.0423326 0.039736 0.0363058 0.0317552 0.0261422 0.0199464
 0.00598842 0.00981667 0.0149432 0.0213811 0.0289622 0.0372117 0.0453238 0.0523656 0.057617 0.0607949 0.0620224 0.0616422 0.0600504 0.0576222 0.0546938 0.0515571 0.0484467 0.0455117 0.0427716 0.0400763 0.0371137 0.0335079 0.029005 0.0236626 0.0179116
 0.00619895 0.0101665 0.0154835 0.0221637 0.0300282 0.0385747 0.0469534 0.0541832 0.0595099 0.0626401 0.0637093 0.0630846 0.0611887 0.0584172 0.0551136 0.0515621 0.0479845 0.0445298 0.0412458 0.0380416 0.0346825 0.030867 0.026388 0.0213016 0.0159815
 0.00650523 0.0106669 0.0162409 0.0232368 0.0314594 0.0403694 0.0490598 0.0564857 0.0618447 0.064828 0.0655899 0.0645397 0.0621519 0.0588699 0.0550706 0.05105 0.0470216 0.0431189 0.0393872 0.0357635 0.0320746 0.0280952 0.0236756 0.0188774 0.0140172
 0.00670989 0.0110075 0.0167685 0.024005 0.0325148 0.0417357 0.0507204 0.0583753 0.0638546 0.0668239 0.0674302 0.0660925 0.0633091 0.0595581 0.0552558 0.0507328 0.0462233 0.0418677 0.037714 0.0337154 0.0297393 0.0256186 0.0212529 0.0167117 0.0122628
 0.00690501 0.0113359 0.0172833 0.0247628 0.0335633 0.0430951 0.0523651 0.0602273 0.065796 0.0687197 0.0691504 0.0675255 0.0643662 0.0601761 0.0553977 0.050388 0.0454041 0.0406041 0.0360511 0.031718 0.0275046 0.0232872 0.0190005 0.0147163 0.0106569
 0.00708188 0.0116147 0.017688 0.025313 0.0342751 0.0439807 0.0534276 0.0614529 0.0671474 0.0701334 0.0705414 0.0687962 0.0654193 0.0609265 0.0557802 0.0503604 0.0449483 0.0397259 0.0347814 0.0301169 0.0256677 0.0213475 0.0171171 0.0130449 0.00931142
 0.00734266 0.0120309 0.0182988 0.0261461 0.0353384 0.0452507 0.0548416 0.0629138 0.0685452 0.0713748 0.0715668 0.0695786 0.0659485 0.0611927 0.0557677 0.0500488 0.04432 0.0387747 0.0335215 0.028592 0.0239583 0.0195706 0.0154129 0.0115477 0.0081162
 0.00748781 0.0122741 0.0186776 0.0266993 0.0360962 0.0462204 0.0559936 0.0641774 0.0698204 0.0725544 0.0725602 0.0703264 0.0664256 0.0614005 0.0557193 0.0497554 0.0437846 0.0379952 0.0325025 0.0273593 0.0225706 0.0181217 0.0140189 0.0103214 0.00713729
 0.00753812 0.0123678 0.0188414 0.0269667 0.0365023 0.0467912 0.0567344 0.0650657 0.0708059 0.073565 0.0735128 0.0711394 0.0670329 0.0617614 0.0558208 0.0496057 0.0434011 0.0373959 0.031705 0.0263897 0.0214754 0.0169736 0.01291 0.00934307 0.00635484
 0.00777135 0.0127133 0.0192996 0.0275185 0.0371176 0.0474423 0.0574042 0.065746 0.0714882 0.0742313 0.0741307 0.0716649 0.0674185 0.0619659 0.055818 0.049388 0.0429778 0.0367874 0.0309382 0.0254981 0.0205033 0.015981 0.0119688 0.00852276 0.00570422
 0.00780222 0.0127586 0.019358 0.0275835 0.0371777 0.0474824 0.0574114 0.0657188 0.0714466 0.07422 0.0742084 0.0718792 0.06778 0.062437 0.0563222 0.0498351 0.0432895 0.0369138 0.0308625 0.0252326 0.0200854 0.0154669 0.0114259 0.00801699 0.00528519
 0.00787597 0.0128786 0.019538 0.0278341 0.0375011 0.0478661 0.0578229 0.0661076 0.0717564 0.0744081 0.074263 0.0718263 0.0676736 0.0623361 0.0562649 0.0498224 0.0432874 0.036871 0.0307327 0.0249926 0.0197412 0.0150517 0.0109891 0.00761048 0.00494868
 0.00795444 0.0129899 0.0196758 0.0279839 0.0376461 0.0479959 0.0579382 0.0662179 0.0718704 0.0745243 0.0743672 0.0718992 0.0677031 0.0623268 0.0562365 0.0497972 0.0432745 0.0368581 0.0306912 0.0248927 0.0195681 0.0148139 0.0107164 0.00734135 0.00471698
 0.00797728 0.01301 0.0196744 0.0279331 0.037516 0.0477671 0.0576142 0.0658303 0.0714754 0.0741897 0.0741543 0.0718449 0.0678103 0.0625665 0.0565618 0.0501606 0.0436379 0.037192 0.0309702 0.0250939 0.0196769 0.014831 0.0106602 0.00724306 0.00460917
 0.00797372 0.0130156 0.0197026 0.0279992 0.0376286 0.047916 0.0577646 0.0659297 0.0714742 0.0740655 0.073926 0.0715672 0.0675525 0.0623867 0.0564896 0.0501931 0.0437484 0.0373435 0.0311258 0.0252228 0.019758 0.0148561 0.0106353 0.00718524 0.00453981
 0.00796389 0.0130071 0.019704 0.0280247 0.0376954 0.0480398 0.0579516 0.0661699 0.0717361 0.0742989 0.0740749 0.071591 0.0674442 0.0621785 0.0562394 0.0499608 0.0435746 0.0372403 0.0310807 0.0252105 0.0197523 0.0148388 0.0105999 0.00713598 0.00448678
 0.00801935 0.0130971 0.0198391 0.0282143 0.0379459 0.0483511 0.0583139 0.0665617 0.0721257 0.0746475 0.0743404 0.0717332 0.0674336 0.0620069 0.0559283 0.0495591 0.0431449 0.0368395 0.0307447 0.0249497 0.0195577 0.0146932 0.0104875 0.00704736 0.00441798
 0.00798224 0.013038 0.0197533 0.0281001 0.0378072 0.0482005 0.0581746 0.0664648 0.0721026 0.0747192 0.0745084 0.0719757 0.0677091 0.0622645 0.0561219 0.0496619 0.043157 0.0367843 0.0306566 0.0248588 0.0194811 0.0146345 0.0104429 0.00701178 0.00438891
 0.00792413 0.0129392 0.0195969 0.0278694 0.0374914 0.0478031 0.057721 0.0660034 0.0716969 0.0744327 0.0743892 0.0720447 0.0679549 0.0626453 0.0565751 0.0501199 0.0435639 0.0371082 0.0308918 0.0250187 0.019586 0.0147023 0.0104855 0.0070362 0.00440039
 0.00797537 0.013017 0.0197028 0.0279989 0.0376318 0.0479329 0.0578112 0.0660235 0.0716253 0.0742687 0.0741582 0.0717933 0.0677364 0.0625022 0.0565257 0.0501545 0.0436517 0.0372116 0.0309801 0.0250769 0.0196141 0.0147089 0.0104805 0.00702711 0.00439118
 0.00784873 0.0128259 0.0194431 0.0276773 0.037265 0.0475449 0.0574303 0.0656794 0.0713447 0.0740703 0.0740506 0.0717776 0.0678112 0.0626661 0.0567754 0.0504789 0.0440279 0.0376057 0.0313551 0.0254019 0.0198719 0.014897 0.0106075 0.00710654 0.00443711
 0.00795285 0.012956 0.0195675 0.0277444 0.03722 0.047355 0.0571035 0.0652649 0.0709134 0.073688 0.0737591 0.0715916 0.0677265 0.0626713 0.0568595 0.0506328 0.044241 0.0378611 0.0316285 0.0256657 0.0201018 0.0150786 0.0107377 0.00719156 0.00448767
 0.00788998 0.0128918 0.019538 0.0277985 0.0373964 0.0476517 0.05746 0.0655762 0.0710738 0.0736408 0.07352 0.0712334 0.0673403 0.0623311 0.0566066 0.0504795 0.0441816 0.0378806 0.0317066 0.0257784 0.0202247 0.0151912 0.0108274 0.00725459 0.00452706
 0.00783208 0.0127944 0.0193883 0.0275904 0.0371406 0.0473852 0.0572456 0.0654822 0.0711388 0.0738452 0.0737878 0.0714691 0.0674763 0.062355 0.0565545 0.0504067 0.0441345 0.0378832 0.0317607 0.0258711 0.0203361 0.0153014 0.0109215 0.00732531 0.00457411
 0.00758731 0.0124287 0.0188976 0.0269918 0.0364673 0.0466792 0.0565552 0.0648647 0.0706626 0.0735793 0.0737797 0.0717204 0.0679343 0.0629296 0.0571528 0.0509653 0.0446295 0.0383192 0.0321509 0.0262225 0.0206464 0.0155626 0.0111269 0.00747395 0.00467226
 0.00770798 0.0125748 0.0190268 0.0270374 0.0363616 0.0463862 0.0560944 0.0643085 0.0701075 0.0731105 0.0734509 0.0715534 0.0679282 0.0630655 0.0573955 0.051268 0.0449462 0.0386179 0.032418 0.0264573 0.0208513 0.0157374 0.0112686 0.00758066 0.00474555
 0.00836347 0.0135305 0.0202576 0.028441 0.0377761 0.0476275 0.0569943 0.0647454 0.0700306 0.0725556 0.0725345 0.0704399 0.0667819 0.0620119 0.0565051 0.0505608 0.0444082 0.0382185 0.032125 0.0262457 0.020704 0.0156419 0.0112131 0.00755292 0.00473438
 0.00900838 0.0145505 0.0217324 0.0304062 0.0401935 0.0503516 0.0597544 0.0671747 0.071756 0.0733132 0.0722513 0.0692398 0.0649245 0.0598043 0.054225 0.0484129 0.0425126 0.0366237 0.0308314 0.0252289 0.0199306 0.0150768 0.0108208 0.00729713 0.0045794
 0.00905871 0.0147118 0.0221209 0.0311756 0.0414919 0.0522527 0.0621942 0.0699302 0.0744822 0.0756227 0.0738057 0.0698271 0.0645033 0.0585033 0.0522978 0.0461632 0.0402204 0.0344971 0.0289928 0.0237267 0.018763 0.0142128 0.0102147 0.00689734 0.00433373
 0.00884864 0.0143984 0.0217077 0.0307009 0.0410394 0.0519558 0.0622235 0.0704526 0.0755916 0.077272 0.0757824 0.0717971 0.0661098 0.0594761 0.0525247 0.0457019 0.0392547 0.0332639 0.0277124 0.0225592 0.0177962 0.0134735 0.00968882 0.00654902 0.00411973
 0.00872964 0.0141949 0.0213849 0.0302259 0.0403967 0.05117 0.0613799 0.0697007 0.0751203 0.0772596 0.0763335 0.0728915 0.0675858 0.0610642 0.0539264 0.0466825 0.0397092 0.033229 0.0273261 0.0219957 0.0172082 0.0129609 0.0092959 0.00627817 0.00395015
 0.00860391 0.0139975 0.0211002 0.029842 0.039906 0.0505711 0.0606847 0.0689456 0.0743774 0.0766386 0.0759688 0.0729085 0.0680539 0.0619544 0.0550999 0.0479234 0.040793 0.0339964 0.0277252 0.0220769 0.0170813 0.0127433 0.00907574 0.00610197 0.00383002
 0.00867886 0.0140944 0.0212 0.0299113 0.0399053 0.0504684 0.0604662 0.0686176 0.0739616 0.0761688 0.075493 0.0724946 0.0677871 0.0619163 0.0553329 0.0483994 0.0414102 0.0346116 0.0282087 0.022359 0.0171663 0.0126886 0.00895526 0.00597527 0.00372937
 0.00866664 0.0140905 0.0212216 0.0299797 0.0400345 0.0506501 0.0606612 0.0687632 0.0739944 0.076051 0.0752281 0.0721265 0.0673867 0.0615652 0.0551065 0.0483472 0.0415366 0.0348686 0.0285118 0.0226206 0.0173302 0.0127456 0.00893294 0.00591503 0.00366549
 0.00862387 0.0140268 0.021138 0.0298836 0.0399412 0.0505819 0.0606429 0.0688122 0.074108 0.0761992 0.0753594 0.0721883 0.0673501 0.0614401 0.0549385 0.0481993 0.0414632 0.0348941 0.0286213 0.0227696 0.0174673 0.0128355 0.00896768 0.00590855 0.00363962
 0.00858593 0.0139509 0.0209984 0.0296508 0.0395928 0.0501192 0.0601034 0.0682689 0.0736515 0.0759082 0.0752753 0.0723025 0.0676115 0.0617775 0.0552884 0.0485259 0.041762 0.0351783 0.0289019 0.0230421 0.0177123 0.0130309 0.00910179 0.00598525 0.00367418
 0.00867957 0.0140969 0.0212048 0.029916 0.0399005 0.0504338 0.060371 0.0684281 0.0736554 0.0757471 0.0749848 0.0719508 0.0672706 0.0614969 0.0550845 0.0483892 0.0416745 0.0351273 0.0288831 0.0230531 0.0177457 0.0130733 0.0091392 0.0060094 0.00368449
 0.00879826 0.0142758 0.0214478 0.0302173 0.0402457 0.0508022 0.0607354 0.0687538 0.0739007 0.0758697 0.0749547 0.0717635 0.0669543 0.0611056 0.0546802 0.0480226 0.0413733 0.0348981 0.02872 0.0229456 0.0176822 0.0130413 0.00912605 0.00600458 0.00368159
 0.00863689 0.0140594 0.0212064 0.0300059 0.0401272 0.0508212 0.0608984 0.0690275 0.0742278 0.0761912 0.0752243 0.0719512 0.0670453 0.0611004 0.0545954 0.0478882 0.0412245 0.0347644 0.0286185 0.0228806 0.0176488 0.0130304 0.00912779 0.00601093 0.00368754
 0.00855074 0.0138937 0.0209137 0.0295366 0.039455 0.0499749 0.0599805 0.0681982 0.0736517 0.075974 0.0753767 0.0723986 0.0676688 0.0617813 0.0552444 0.0484541 0.0416903 0.0351365 0.0289141 0.0231171 0.0178385 0.0131798 0.00924062 0.00609069 0.00373938
 0.00857298 0.0139274 0.0209572 0.0295803 0.0394761 0.0499349 0.0598322 0.0679054 0.0732178 0.0754595 0.0748893 0.0720527 0.0675375 0.0618701 0.0554988 0.0487927 0.0420385 0.0354465 0.0291667 0.0233132 0.0179877 0.0132922 0.00932345 0.00614919 0.00377798
 0.00858154 0.013934 0.0209539 0.0295558 0.0394189 0.0498374 0.0596925 0.0677245 0.0729952 0.0751946 0.0745903 0.0717492 0.0672824 0.0617239 0.0555026 0.0489475 0.0423057 0.0357666 0.0294839 0.0235905 0.0182097 0.0134588 0.00944216 0.00622943 0.00382899
 0.00868552 0.0141657 0.0214141 0.030365 0.0406724 0.0515419 0.0617174 0.0698079 0.0748123 0.0764564 0.0751217 0.0715186 0.0663866 0.0603482 0.053872 0.047277 0.0407608 0.0344432 0.0284133 0.0227603 0.0175877 0.0130091 0.00913116 0.00602633 0.00370533
 0.00827555 0.0134662 0.0203111 0.028761 0.0385437 0.0490091 0.0590842 0.0675153 0.0733006 0.0759994 0.0757297 0.0729609 0.0683053 0.0623915 0.0557842 0.0489275 0.0421229 0.0355497 0.0293123 0.0234895 0.0181684 0.0134538 0.009453 0.00624375 0.0038413
 0.00824929 0.0134273 0.0202542 0.0286697 0.0383783 0.0486996 0.0585443 0.0666869 0.0722144 0.0748114 0.0746924 0.0723278 0.0682208 0.0628333 0.0565911 0.0498848 0.043049 0.0363411 0.0299406 0.023971 0.0185325 0.0137254 0.00964938 0.00637837 0.00392712
 0.00796721 0.0129483 0.0194994 0.0275628 0.0368738 0.04682 0.0564058 0.064488 0.070186 0.0731579 0.0735617 0.0718173 0.0683892 0.0636892 0.0580625 0.0518045 0.045183 0.0384498 0.031839 0.0255563 0.0197771 0.014651 0.0103018 0.00681186 0.00419613
 0.00788684 0.0128756 0.0194917 0.0276952 0.037201 0.047327 0.0569777 0.0649318 0.0703021 0.0728254 0.0727878 0.0707305 0.0671931 0.0626053 0.0572796 0.0514375 0.0452471 0.038864 0.0324612 0.0262363 0.0204003 0.0151555 0.0106725 0.0070623 0.00435246
#obs surv len freq
 0.00496921 0.0081385 0.0123773 0.0176987 0.0239764 0.0308456 0.0376823 0.0437647 0.0485433 0.0518166 0.0537022 0.0544839 0.0544802 0.0539878 0.0532669 0.0525316 0.0519267 0.0514872 0.0510742 0.0503182 0.0486367 0.0453988 0.0402274 0.0332917 0.0253739
 0.00518319 0.00848998 0.012913 0.0184641 0.0250072 0.0321531 0.0392395 0.0455012 0.0503558 0.0535889 0.0553226 0.0558547 0.0555188 0.054625 0.0534475 0.0522176 0.0511054 0.0501788 0.0493389 0.0482593 0.0463978 0.0431518 0.0381484 0.0315275 0.02401
 0.00540907 0.00886094 0.0134784 0.0192728 0.0260987 0.0335431 0.0409045 0.0473721 0.0523266 0.0555355 0.0571225 0.0573988 0.0567166 0.0554042 0.0537514 0.0520032 0.0503456 0.0488713 0.0475211 0.0460222 0.0438928 0.0405799 0.0357285 0.0294495 0.0223905
 0.00563765 0.00923468 0.0140451 0.0200793 0.0271822 0.0349192 0.0425523 0.0492287 0.0542943 0.0574991 0.0589655 0.0590139 0.0580099 0.0562964 0.0541776 0.0519117 0.0496985 0.0476515 0.0457466 0.043767 0.0413011 0.0378619 0.0331277 0.0271872 0.0206107
 0.00589434 0.00965292 0.0146762 0.0209714 0.0283713 0.036414 0.0443203 0.0511912 0.0563387 0.0595009 0.0608084 0.0605997 0.059259 0.0571441 0.0545695 0.0518008 0.0490453 0.0464307 0.0439632 0.0414792 0.0386413 0.0350387 0.0303953 0.0247868 0.0187066
 0.00612989 0.0100426 0.0152753 0.0218351 0.0295438 0.0379106 0.0461094 0.0531891 0.0584223 0.0615332 0.0626625 0.0621722 0.0604723 0.0579431 0.054914 0.0516583 0.0483862 0.0452322 0.0422243 0.0392455 0.03603 0.0322457 0.0276699 0.0223737 0.0167788
 0.00637591 0.0104444 0.0158834 0.0226985 0.030701 0.0393757 0.0478563 0.0551444 0.0604734 0.0635473 0.064508 0.0637343 0.0616623 0.0587002 0.0552021 0.0514571 0.0476829 0.0440188 0.0405071 0.0370674 0.0334965 0.0295367 0.0250198 0.0200178 0.0148884
 0.00661882 0.01084 0.0164801 0.0235416 0.0318239 0.0407862 0.0495229 0.0569919 0.0623933 0.0654189 0.0662163 0.0651806 0.0627667 0.0594025 0.055461 0.0512482 0.0469945 0.0428496 0.0388715 0.0350112 0.0311187 0.0270009 0.0225395 0.0178094 0.0131118
 0.00685259 0.0112274 0.0170763 0.0244011 0.0329884 0.0422649 0.0512743 0.05892 0.0643638 0.0672887 0.0678603 0.0665046 0.0637088 0.0599267 0.0555498 0.0508951 0.0461998 0.0416205 0.0372285 0.0330028 0.028839 0.0245999 0.0202093 0.0157439 0.0114536
 0.00705958 0.0115667 0.0175924 0.0251381 0.0339822 0.0435303 0.0527906 0.0606227 0.0661503 0.0690343 0.0694382 0.0678037 0.0646456 0.0604509 0.0556413 0.0505556 0.0454429 0.0404662 0.0357063 0.0311641 0.0267724 0.0224399 0.0181246 0.0139028 0.00997862
 0.00727301 0.0119169 0.018125 0.0258967 0.0349982 0.0448087 0.0542955 0.0622744 0.0678381 0.0706388 0.070851 0.0689371 0.0654345 0.0608529 0.0556363 0.0501443 0.0446423 0.0393053 0.0342253 0.0294206 0.0248531 0.020466 0.0162428 0.0122557 0.0086674
 0.00742119 0.0121625 0.0185035 0.0264447 0.0357464 0.0457711 0.0554571 0.0635856 0.0692201 0.0719968 0.0720898 0.0699718 0.0661981 0.0612983 0.0557361 0.049889 0.0440379 0.0383722 0.0329994 0.0279577 0.0232349 0.018802 0.0146597 0.0108738 0.00757022
 0.00751886 0.0123195 0.0187374 0.0267719 0.0361822 0.0463264 0.0561348 0.0643761 0.0700988 0.0729247 0.073015 0.0708331 0.0669307 0.0618408 0.0560378 0.0499139 0.0437678 0.0378072 0.0321602 0.0268887 0.0220068 0.0175109 0.0134161 0.0097809 0.00669925
 0.00760535 0.0124569 0.018938 0.0270452 0.0365327 0.0467522 0.0566256 0.064914 0.0706628 0.0734955 0.0735767 0.0713697 0.0674198 0.0622499 0.0563255 0.0500362 0.0436865 0.0374982 0.0316207 0.0261423 0.0211062 0.0165351 0.0124585 0.00892983 0.00601656
 0.00766313 0.0125459 0.019063 0.0272077 0.0367317 0.0469849 0.0568877 0.0651997 0.0709654 0.0738086 0.0738952 0.0716897 0.0677353 0.0625487 0.0565853 0.0502237 0.0437616 0.0374231 0.0313704 0.0257155 0.0205315 0.0158695 0.011777 0.00830732 0.00550824
 0.0077172 0.0126277 0.0191746 0.0273468 0.0368923 0.0471587 0.0570653 0.0653724 0.0711274 0.0739588 0.0740377 0.0718316 0.0678833 0.0627044 0.0567416 0.0503631 0.0438561 0.0374386 0.0312755 0.0254925 0.0201866 0.0154362 0.0113093 0.00786455 0.00513777
 0.00775529 0.0126857 0.0192543 0.0274469 0.0370083 0.0472833 0.0571893 0.0654859 0.0712222 0.0740318 0.0740923 0.071877 0.0679309 0.0627637 0.0568162 0.0504474 0.0439342 0.0374856 0.031263 0.0253977 0.020002 0.015176 0.0110077 0.00756487 0.00487838
 0.00780124 0.0127531 0.0193422 0.0275495 0.0371166 0.0473876 0.0572813 0.0655597 0.0712744 0.0740618 0.0741026 0.0718735 0.067922 0.0627589 0.0568231 0.0504688 0.0439656 0.0375136 0.0312676 0.0253582 0.0199056 0.0150244 0.010819 0.00736789 0.00470151
 0.00784901 0.0128262 0.0194433 0.0276772 0.0372646 0.0475446 0.0574316 0.0656854 0.0713598 0.0740983 0.0740917 0.0718252 0.067851 0.0626801 0.0567491 0.0504081 0.0439208 0.0374806 0.0312357 0.0253129 0.0198341 0.0149224 0.0106935 0.00723498 0.00457987
 0.00786974 0.0128594 0.0194924 0.0277445 0.0373507 0.0476469 0.0575435 0.065796 0.0714557 0.0741672 0.0741255 0.071822 0.0678155 0.0626222 0.0566809 0.0503408 0.0438621 0.037433 0.0311957 0.0252724 0.0197839 0.0148568 0.0106138 0.00714959 0.00450005
 0.00789281 0.0128921 0.0195326 0.0277878 0.0373918 0.0476824 0.0575733 0.065823 0.0714836 0.0741974 0.0741556 0.0718465 0.0678286 0.0626201 0.0566638 0.0503127 0.0438291 0.0374003 0.0311655 0.0252429 0.0197507 0.0148161 0.0105651 0.00709667 0.00444955
 0.00788443 0.0128788 0.0195132 0.0277612 0.0373568 0.0476383 0.0575204 0.0657642 0.0714252 0.0741488 0.0741275 0.0718468 0.0678589 0.0626747 0.0567323 0.0503839 0.0438946 0.0374558 0.0312093 0.0252743 0.0197689 0.0148202 0.0105561 0.0070782 0.00442688
 0.00790412 0.0129038 0.0195381 0.0277767 0.0373529 0.047608 0.0574633 0.065687 0.0713388 0.0740653 0.074057 0.0717976 0.0678367 0.0626821 0.0567673 0.0504397 0.0439616 0.0375239 0.0312707 0.0253238 0.0198041 0.0148408 0.0105634 0.00707524 0.00441798
 0.00790551 0.0129073 0.0195451 0.0277882 0.0373678 0.0476216 0.0574671 0.0656706 0.0712953 0.0739954 0.0739707 0.0717109 0.0677659 0.0626391 0.0567572 0.0504611 0.0440077 0.037585 0.0313361 0.0253844 0.0198535 0.014876 0.0105845 0.00708467 0.00441945
 0.00787845 0.0128627 0.0194772 0.0276925 0.037243 0.0474724 0.0573056 0.0655146 0.0711631 0.0738996 0.073916 0.0716953 0.0677856 0.0626911 0.0568393 0.0505701 0.0441374 0.0377261 0.0314773 0.0255149 0.0199645 0.0149624 0.0106458 0.00712363 0.0044413
 0.00784695 0.0128099 0.019395 0.0275726 0.0370796 0.0472656 0.0570647 0.0652596 0.0709213 0.0737002 0.0737824 0.0716408 0.0678106 0.062786 0.0569884 0.0507564 0.0443452 0.0379413 0.0316872 0.0257074 0.0201299 0.0150947 0.0107433 0.00718949 0.00448161
 0.0078405 0.012796 0.0193676 0.0275238 0.0370007 0.0471501 0.0569111 0.0650734 0.0707152 0.0734931 0.0735968 0.071499 0.067731 0.0627779 0.0570509 0.0508789 0.0445112 0.0381321 0.0318848 0.0258963 0.0202976 0.0152328 0.0108484 0.00726273 0.00452807
 0.00784497 0.0128001 0.0193678 0.0275141 0.036974 0.0470993 0.0568313 0.064963 0.0705772 0.0733351 0.0734317 0.0713437 0.067604 0.0626964 0.0570268 0.0509161 0.0446043 0.038268 0.0320457 0.0260635 0.0204547 0.0153676 0.0109543 0.00733878 0.00457771
 0.00780785 0.012745 0.0192944 0.0274254 0.0368747 0.0469939 0.0567231 0.0648537 0.0704684 0.0732293 0.073333 0.0712582 0.0675394 0.0626614 0.0570296 0.0509627 0.0446957 0.038399 0.0322046 0.0262343 0.0206203 0.0155138 0.011072 0.00742502 0.00463513
 0.00775996 0.0126639 0.0191672 0.0272398 0.0366244 0.0466851 0.0563789 0.0645123 0.0701728 0.0730141 0.0732149 0.0712359 0.0675993 0.0627855 0.0572015 0.0511696 0.0449284 0.0386488 0.0324615 0.0264857 0.0208522 0.0157134 0.0112309 0.00754126 0.00471274
 0.00774361 0.0126329 0.019112 0.0271483 0.0364838 0.0464865 0.0561219 0.0642092 0.0698491 0.0727053 0.0729599 0.071067 0.0675344 0.0628247 0.0573301 0.051365 0.0451673 0.0389112 0.0327307 0.0267471 0.0210924 0.0159206 0.0113971 0.00766413 0.00479576
 0.00931826 0.0148363 0.0217697 0.0298775 0.0388041 0.0479967 0.0566406 0.0638017 0.0687478 0.0711927 0.0712824 0.0694024 0.0659965 0.0614778 0.0562022 0.0504573 0.0444626 0.0383828 0.0323494 0.0264847 0.020923 0.0158203 0.0113444 0.00764077 0.00478808
 0.00931983 0.0151288 0.0227206 0.0319406 0.0423215 0.0529315 0.0624068 0.0693592 0.0729699 0.0733084 0.0711307 0.0673767 0.0627738 0.0577321 0.0524366 0.0469732 0.041404 0.0357967 0.0302307 0.0248032 0.0196357 0.0148763 0.0106872 0.00721047 0.00452552
 0.00897427 0.014588 0.0219672 0.0310288 0.0414287 0.0523919 0.0626705 0.0708307 0.0757645 0.0770724 0.0750853 0.0706125 0.0646285 0.0580198 0.051419 0.0451456 0.0392639 0.033707 0.0283947 0.0233011 0.0184738 0.0140233 0.0100946 0.0068236 0.00429015
 0.00879475 0.0142876 0.0215001 0.0303508 0.0405149 0.0512692 0.0614577 0.0697653 0.0751818 0.0773115 0.076336 0.0727722 0.0672727 0.0605395 0.053266 0.0460417 0.0392556 0.033065 0.027451 0.0223251 0.0176254 0.0133655 0.009628 0.00651777 0.00410479
 0.00870948 0.0141432 0.0212715 0.0300089 0.040031 0.0506233 0.0606524 0.0688417 0.0742361 0.0765044 0.0758792 0.072874 0.0680465 0.0619156 0.0549728 0.047693 0.0405058 0.0337407 0.0275843 0.022086 0.0172176 0.0129475 0.00928573 0.00627613 0.00395304
 0.00869733 0.014116 0.0212162 0.0299071 0.0398615 0.0503661 0.0602937 0.0683786 0.0736813 0.0758936 0.0752813 0.0723974 0.0678253 0.0620675 0.0555377 0.0485873 0.0415326 0.0346637 0.0282259 0.0223896 0.0172415 0.0128082 0.00909482 0.00610535 0.00383054
 0.00870001 0.0141224 0.0212289 0.029928 0.0398882 0.0503885 0.0602918 0.0683246 0.0735469 0.0756607 0.0749524 0.0720038 0.0674305 0.0617614 0.0554138 0.0487053 0.0418825 0.0351567 0.0287266 0.022776 0.0174534 0.0128582 0.00904143 0.0060133 0.00374448
 0.00867433 0.0140835 0.0211757 0.0298621 0.0398141 0.0503129 0.0602223 0.0682665 0.073499 0.0756123 0.0748856 0.0719013 0.0672879 0.0615973 0.0552718 0.048642 0.041943 0.0353482 0.0290083 0.0230741 0.0176959 0.0130059 0.00909692 0.00600701 0.00371198
 0.00868462 0.0140961 0.0211873 0.0298672 0.0398068 0.0502897 0.0601842 0.068219 0.0734497 0.0755674 0.0748456 0.0718598 0.0672345 0.0615243 0.0551827 0.0485565 0.0418922 0.0353605 0.0290919 0.0232095 0.0178439 0.0131277 0.00917155 0.00603606 0.00371116
 0.00864438 0.0140385 0.0211149 0.0297867 0.0397269 0.0502171 0.0601212 0.0681645 0.0734021 0.0755276 0.0748175 0.0718476 0.067239 0.0615411 0.0552044 0.0485785 0.0419177 0.0354002 0.029157 0.0233017 0.0179515 0.0132304 0.00925119 0.00608508 0.00373339
 0.00862729 0.0140074 0.0210624 0.0297055 0.0396129 0.0500743 0.059964 0.0680153 0.0732839 0.0754553 0.074794 0.0718658 0.0672873 0.0616084 0.055282 0.0486597 0.0419988 0.035481 0.0292403 0.02339 0.0180428 0.013317 0.00932364 0.00613687 0.00376422
 0.00865731 0.0140525 0.0211229 0.0297782 0.0396903 0.0501448 0.0600136 0.068031 0.0732585 0.0753914 0.0747041 0.0717673 0.0671958 0.0615331 0.0552255 0.0486206 0.0419745 0.03547 0.0292421 0.0234045 0.0180684 0.0133495 0.00935659 0.00616439 0.00378317
 0.00863596 0.0140234 0.0210895 0.0297469 0.0396686 0.0501379 0.0600217 0.0680484 0.0732758 0.075399 0.0746957 0.071743 0.0671618 0.061499 0.0552002 0.0486093 0.0419781 0.0354861 0.0292676 0.0234365 0.0181042 0.013386 0.00939029 0.00619205 0.00380304
 0.00861478 0.0139884 0.0210363 0.0296723 0.0395728 0.0500271 0.0599089 0.0679516 0.0732119 0.0753769 0.074713 0.0717882 0.0672201 0.0615587 0.055256 0.0486614 0.042029 0.0355381 0.029321 0.0234898 0.0181551 0.0134321 0.00942932 0.00622252 0.00382461
 0.00862816 0.0140086 0.0210636 0.0297052 0.0396078 0.0500585 0.0599299 0.0679558 0.0731968 0.0753453 0.0746729 0.0717486 0.0671874 0.0615341 0.0552372 0.0486454 0.0420151 0.0355276 0.0293161 0.0234918 0.0181635 0.0134449 0.00944385 0.00623613 0.00383555
 0.00862816 0.0140086 0.0210636 0.0297052 0.0396078 0.0500585 0.0599299 0.0679558 0.0731968 0.0753453 0.0746729 0.0717486 0.0671874 0.0615341 0.0552372 0.0486454 0.0420151 0.0355276 0.0293161 0.0234918 0.0181635 0.0134449 0.00944385 0.00623613 0.00383555
 0.00891048 0.0144544 0.0217077 0.0305652 0.0406738 0.0512804 0.0612091 0.0691517 0.0741546 0.0759377 0.0748334 0.0714827 0.0665618 0.0606523 0.0542125 0.0475807 0.0409908 0.034599 0.028516 0.022835 0.0176505 0.0130653 0.00917939 0.00606392 0.0037315
 0.00823896 0.0134258 0.0202819 0.0287591 0.03857 0.0490319 0.0590359 0.0673169 0.0729088 0.0754481 0.0751338 0.0724724 0.0680482 0.0624115 0.0560419 0.0493286 0.0425632 0.0359512 0.0296371 0.0237335 0.0183456 0.0135815 0.00954425 0.00630712 0.00388282
 0.00834813 0.0135188 0.0202674 0.0285047 0.037943 0.0479615 0.0575655 0.0656131 0.071219 0.0740298 0.0741897 0.072111 0.0682724 0.0631327 0.0571101 0.0505728 0.0438289 0.0371243 0.0306506 0.0245612 0.0189889 0.0140578 0.00987921 0.00652917 0.00402038
 0.00799396 0.0129883 0.0195493 0.0276076 0.0368789 0.0467275 0.0561434 0.0639973 0.0694622 0.0722766 0.0726678 0.0710745 0.0679209 0.0635448 0.0582234 0.0522109 0.0457573 0.0391101 0.032506 0.0261642 0.0202827 0.0150378 0.0105758 0.0069923 0.00430667
 0.00822898 0.0133263 0.0199764 0.0280831 0.0373457 0.047127 0.0564223 0.0641012 0.069326 0.0718308 0.0718721 0.0699647 0.0666356 0.0623037 0.0572576 0.0516819 0.0457072 0.0394642 0.0331182 0.0268744 0.0209616 0.0156067 0.011005 0.00728723 0.00449219
#pred catch len freq
 0.00359212 0.00583199 0.00879757 0.0125297 0.0170536 0.0223227 0.0281533 0.0342234 0.0401432 0.0455382 0.0501055 0.0536486 0.0561028 0.0575332 0.0581035 0.0580332 0.0575645 0.0569221 0.0562301 0.055382 0.0539375 0.0511847 0.0464507 0.03955 0.0310659
 0.0039504 0.00636301 0.00950421 0.0133894 0.0180356 0.0234098 0.0293498 0.0355371 0.0415513 0.0469624 0.0514168 0.0547076 0.0568121 0.0578732 0.0581276 0.0578275 0.0571915 0.0563766 0.0554306 0.0542094 0.0523105 0.0491357 0.0441551 0.0372804 0.029092
 0.00415598 0.00672833 0.0101085 0.0143176 0.0193499 0.0251113 0.0313522 0.0376782 0.043644 0.0488526 0.05301 0.0559524 0.057669 0.058303 0.0581085 0.0573763 0.0563601 0.0552199 0.0539699 0.0524264 0.0501873 0.0467196 0.0415997 0.0348236 0.0269757
 0.00436732 0.00705929 0.0105885 0.0149801 0.0202427 0.0263024 0.032915 0.0396517 0.0459815 0.0513924 0.0554974 0.0581109 0.0592812 0.0592545 0.0583809 0.0570118 0.0554278 0.0537941 0.0521169 0.0502012 0.0476512 0.0439749 0.0388165 0.0322247 0.024775
 0.00460087 0.0074339 0.0111428 0.0157468 0.0212444 0.0275465 0.0343914 0.0413374 0.0478491 0.0534091 0.0576039 0.0601915 0.0611547 0.0607058 0.059221 0.0571292 0.054804 0.0524829 0.0502117 0.0478136 0.0449111 0.0410462 0.035906 0.0295608 0.0225552
 0.00484955 0.00782919 0.0117222 0.0165427 0.0222825 0.0288408 0.0359346 0.0430917 0.049745 0.0553555 0.0595057 0.0619614 0.0627111 0.0619572 0.0600541 0.0574179 0.0544414 0.0514167 0.0484635 0.045478 0.0421463 0.0380637 0.0329531 0.026885 0.0203512
 0.0051177 0.00825843 0.0123563 0.0174194 0.0234285 0.0302636 0.0376116 0.0449643 0.0517224 0.0573285 0.0613617 0.0635989 0.064048 0.0629323 0.0606165 0.0575129 0.0540037 0.0503838 0.0468069 0.0432371 0.0394485 0.0351204 0.0300286 0.0242418 0.0181879
 0.00540814 0.00872502 0.0130492 0.0183841 0.0247011 0.0318598 0.0395126 0.0471039 0.0539869 0.0595692 0.0634181 0.0653246 0.065333 0.0637139 0.0608738 0.0572479 0.0532189 0.0490724 0.0449644 0.0408937 0.0367045 0.0321623 0.0271072 0.0216149 0.0160504
 0.00565533 0.00912278 0.0136414 0.0192122 0.0258004 0.0332521 0.0411936 0.0490321 0.0560792 0.0617054 0.0654528 0.0671049 0.0667207 0.0646051 0.0612111 0.0570173 0.0524353 0.0477625 0.0431612 0.0386499 0.0341201 0.0294037 0.0243971 0.0191854 0.0140785
 0.00584601 0.00943665 0.014122 0.0199053 0.0267483 0.0344832 0.042708 0.050792 0.0580067 0.0636903 0.0673644 0.0688062 0.0680832 0.0655233 0.0616127 0.0568669 0.0517319 0.0465321 0.0414514 0.0365337 0.0317086 0.0268577 0.0219179 0.0169772 0.0122945
 0.00605497 0.00976138 0.0145845 0.0205204 0.0275276 0.0354377 0.0438457 0.0521087 0.059475 0.0652514 0.068929 0.070264 0.0693184 0.0664307 0.0621087 0.0568954 0.0512663 0.0455755 0.0400377 0.0347315 0.0296279 0.024652 0.0197708 0.0150686 0.0107563
 0.0062932 0.0101373 0.0151288 0.0212537 0.0284564 0.0365495 0.0451047 0.0534555 0.0608373 0.066558 0.0701194 0.0712881 0.0701301 0.0669827 0.0623528 0.056788 0.050775 0.0446873 0.0387668 0.0331284 0.0277864 0.0227084 0.0178879 0.0134034 0.00942082
 0.00644699 0.0103882 0.0155084 0.0217929 0.0291804 0.0374692 0.0462056 0.0546909 0.0621304 0.0678147 0.0712457 0.0722075 0.0707938 0.0673686 0.0624554 0.056605 0.0503003 0.0439136 0.0376977 0.0317938 0.0262552 0.0210904 0.0163192 0.0120163 0.0083097
 0.00653528 0.0105361 0.01574 0.0221355 0.0296619 0.0381115 0.0470158 0.0556531 0.0632014 0.0689255 0.072309 0.0731315 0.0714992 0.0678027 0.0625971 0.0564584 0.0498819 0.0432418 0.0367919 0.0306841 0.0249956 0.0197659 0.0150375 0.010884 0.00740328
 0.00665361 0.0107083 0.0159632 0.0223986 0.0299542 0.0384353 0.0473917 0.0561142 0.0637754 0.0696145 0.0730786 0.0739139 0.0722087 0.0683561 0.0629308 0.0565371 0.0496982 0.0428088 0.0361362 0.0298435 0.0240236 0.0187351 0.0140351 0.00999534 0.00669018
 0.00670989 0.0107918 0.016073 0.0225265 0.0300846 0.0385475 0.0474668 0.0561455 0.0637803 0.0696388 0.0731853 0.074156 0.0726002 0.0688583 0.0634615 0.056998 0.0500032 0.0429031 0.0360012 0.0294943 0.0235032 0.0181089 0.0133812 0.00939009 0.00619076
 0.00675638 0.0108683 0.0161898 0.0226922 0.0303037 0.0388147 0.0477631 0.0564377 0.0640281 0.0698093 0.0732677 0.0741704 0.0725918 0.0688769 0.0635356 0.0571178 0.0501224 0.0429584 0.035938 0.0292855 0.0231574 0.0176662 0.0129015 0.00893606 0.00581099
 0.00675457 0.0108596 0.0161669 0.0226476 0.0302346 0.0387297 0.0476845 0.0563967 0.0640514 0.0699051 0.073421 0.0743508 0.0727707 0.0690418 0.0636919 0.0572763 0.0502827 0.0430993 0.0360224 0.0292776 0.0230406 0.0174528 0.0126288 0.00865268 0.00555989
 0.00677406 0.0108772 0.016167 0.0226063 0.0301248 0.0385315 0.0473957 0.0560401 0.0636748 0.0695728 0.0731968 0.0742789 0.0728611 0.06927 0.0640126 0.0576414 0.0506522 0.0434413 0.0363077 0.0294796 0.0231413 0.0174521 0.0125477 0.00852669 0.00542637
 0.00679342 0.0109148 0.0162333 0.022711 0.0302694 0.0387002 0.0475515 0.0561314 0.0636547 0.0694217 0.0729363 0.0739666 0.0725707 0.0690646 0.0639254 0.0576705 0.0507693 0.0436054 0.0364774 0.0296196 0.0232274 0.0174745 0.0125132 0.00845511 0.00534249
 0.00683138 0.0109775 0.01633 0.0228517 0.0304637 0.0389541 0.0478608 0.0564747 0.0639895 0.0696886 0.073074 0.0739353 0.0723711 0.068742 0.0635533 0.0573231 0.0504967 0.0434234 0.0363724 0.0295621 0.0231866 0.0174283 0.0124531 0.00838465 0.00527221
 0.00685196 0.0110134 0.0163891 0.0229438 0.0305997 0.0391437 0.0481093 0.0567792 0.0643346 0.0700439 0.073394 0.0741659 0.0724634 0.06867 0.0633273 0.0569888 0.0501197 0.0430658 0.0360741 0.0293348 0.0230202 0.0173041 0.0123546 0.00830304 0.00520549
 0.00678954 0.0109172 0.0162547 0.0227724 0.0304004 0.0389348 0.0479194 0.0566444 0.0642913 0.0701169 0.0735866 0.0744544 0.0728003 0.0689947 0.0635835 0.0571418 0.0501664 0.0430314 0.0359974 0.0292505 0.0229482 0.0172488 0.0123119 0.00826779 0.00517541
 0.00676399 0.01087 0.0161732 0.0226417 0.0302067 0.0386726 0.047598 0.0562919 0.0639529 0.0698468 0.073436 0.0744578 0.072963 0.069289 0.0639543 0.0575232 0.0505011 0.0432864 0.0361677 0.0293519 0.0230035 0.0172774 0.0123254 0.00827199 0.00517358
 0.00675243 0.0108523 0.016148 0.0226068 0.0301579 0.0386021 0.047495 0.0561465 0.0637625 0.0696234 0.0732083 0.0742671 0.0728519 0.0692871 0.0640665 0.0577263 0.0507522 0.0435371 0.0363807 0.0295094 0.0231066 0.0173378 0.0123571 0.00828651 0.00517851
 0.0066429 0.0106876 0.0159253 0.0223326 0.029846 0.0382707 0.0471639 0.0558355 0.0634897 0.0694035 0.0730529 0.074186 0.0728557 0.069386 0.0642657 0.0580191 0.0511148 0.0439316 0.0367638 0.0298446 0.0233729 0.0175313 0.0124867 0.0083667 0.00522426
 0.00673517 0.010805 0.0160421 0.0224059 0.0298287 0.0381315 0.0469033 0.0554871 0.0631067 0.0690395 0.072747 0.0739591 0.0727149 0.0693318 0.0642969 0.058133 0.0513036 0.0441776 0.0370394 0.0301174 0.0236139 0.0177229 0.0126242 0.00845616 0.00527715
 0.00668823 0.0107579 0.0160226 0.0224508 0.0299655 0.0383542 0.0471592 0.055689 0.0631704 0.0689242 0.0724739 0.0735972 0.0723469 0.0690235 0.0640841 0.0580253 0.051294 0.0442501 0.0371716 0.0302822 0.0237836 0.017874 0.012743 0.00853926 0.00532907
 0.00660033 0.0106186 0.0158223 0.0221905 0.0296648 0.038057 0.0469305 0.0555941 0.0632414 0.0691346 0.0727431 0.0738284 0.0724753 0.0690415 0.0640327 0.0579631 0.0512683 0.0442834 0.0372628 0.0304145 0.0239332 0.0180178 0.0128639 0.00862923 0.00538865
 0.00642165 0.010353 0.0154681 0.0217607 0.0291814 0.0375447 0.0464152 0.0551104 0.0628402 0.0688786 0.072686 0.0739862 0.0728106 0.0694767 0.0644845 0.0583763 0.0516275 0.0446007 0.0375561 0.0306924 0.0241914 0.0182446 0.0130479 0.00876545 0.00547996
