SBPRF35
7.78865
Curr Bio
420841
B35
701502
F35
0.210621
FOFL
0.122962
OFL
42003.1
Bzero
2.22533e+06
#pred survey bio
 4.5001e+06 4.32588e+06 4.12977e+06 3.86133e+06 3.55756e+06 3.24012e+06 2.92456e+06 2.64465e+06 2.35029e+06 2.07507e+06 1.84387e+06 1.65201e+06 1.43848e+06 1.29646e+06 1.1342e+06 1.0026e+06 923714 840390 774370 715580 677283 653860 638035 614207 604826 602940 590464 589024 590256 578442 580929 582200 581438 583543 577263 555633 545035 536979 540356 549157 559128 568471 577066 594900 604178 606230 609822 610844 614082 606801 603516 566664 511410 465643 425654 1.49961e+07 8.98832e+06 9.33202e+06 1.02784e+07 1.15368e+07 1.28274e+07 1.39843e+07 1.49396e+07 1.56873e+07 1.62518e+07 1.66677e+07 1.69695e+07 1.71864e+07 1.73417e+07 1.74527e+07 1.75323e+07 1.75896e+07 1.7631e+07 1.76612e+07 1.76833e+07 1.76997e+07 1.77118e+07 1.77208e+07 1.77276e+07 1.77328e+07 1.77366e+07 1.77396e+07 1.77418e+07 1.77435e+07 1.77449e+07 1.77459e+07 1.77466e+07 1.77472e+07 1.77477e+07 1.7748e+07 1.77483e+07 1.77485e+07 1.77487e+07 1.77488e+07 1.77489e+07 1.7749e+07 1.7749e+07 1.77491e+07 1.77491e+07 1.77492e+07 1.77492e+07 1.77492e+07 1.77492e+07 1.77492e+07 1.77492e+07 1.77492e+07 1.77492e+07 1.77492e+07 1.77492e+07 1.77492e+07 1.77492e+07 1.77492e+07 1.77492e+07 1.77492e+07 1.77492e+07 1.77492e+07 1.77492e+07 1.77492e+07 1.77492e+07 1.77493e+07 1.77493e+07 1.77493e+07 1.77493e+07 1.77493e+07 1.77493e+07 1.77493e+07 1.77493e+07 1.77493e+07 1.77493e+07 1.77493e+07 1.77493e+07 1.77493e+07 1.77493e+07 1.77493e+07 1.77493e+07 1.77493e+07 1.77493e+07 1.77493e+07 1.77493e+07 1.77493e+07 1.77493e+07 1.77493e+07 1.77493e+07 1.77493e+07 1.77493e+07 1.77493e+07 1.77493e+07 1.77493e+07 1.77493e+07 1.77493e+07 1.77493e+07 1.77493e+07 1.77493e+07 1.77493e+07 1.77493e+07 0 0 0 0 0 0 0 0 0 0 0 0 0 0 0 0 0 0 0 0 0 0 0 0 0
#obs survey bio
 2.15493e+06 2.95964e+06 2.9601e+06 2.48729e+06 3.29792e+06 2.68857e+06 1.72041e+06 2.03137e+06 2.88105e+06 2.36229e+06 1.32384e+06 1.64554e+06 1.71712e+06 777378 907683 1.05257e+06 795349 927033 777089 734680 605107 362752 532045 438267 572556 416167 572853 462697 520246 591488 527915 505593 547681 681530 479985 646101 523879 504398 601035 455487 462438 686397 508814 871373 509819 518932 712952 621404 459804 748064 593842 739070 459309 412005 479694
#pred catch bio
 86980.1 95571.1 163862 211335 246968 272565 267881 306038 310393 288655 267713 296245 239758 261362 235615 189700 191050 171530 159971 138340 124107 117662 123925 111296 105056 112864 102305 99546.3 108892 94638.4 93762 93204.7 88086.5 91491.5 99739.8 88381.2 89282 84668.3 83941.4 84737.7 85359.4 85437.1 77827.5 85499.1 91759.1 90515 92349.1 89987.1 97753.7 92540.1 118062 129451 117266 107816 67317.6 42003.1 68877.5 70099.4 75960.4 85011 94554.9 103048 109922 115152 118960 121646 123495 124744 125576 126123 126480 126711 126860 126956 127016 127055 127080 127095 127105 127111 127115 127118 127119 127120 127121 127121 127121 127122 127122 127122 127122 127122 127122 127122 127122 127122 127122 127122 127122 127122 127122 127122 127122 127122 127122 127122 127122 127122 127122 127122 127122 127122 127122 127122 127122 127122 127122 127122 127122 127122 127122 127122 127122 127122 127122 127122 127122 127122 127122 127122 127122 127122 127122 127122 127122 127122 127122 127122 127122 127122 127122 127122 127122 127122 127122 127122 127122 127122 127122 127122 127122 127122 127122 127122 127122 0 0 0 0 0 0 0 0 0 0 0 0 0 0 0 0 0 0 0 0 0 0 0 0 0
#obs catch bio
 0 95435.2 165096 213738 250553 278047 273664 315055 319174 296549 274431 307102 244428 269884 243163 194584 196069 175439 162740 139869 125474 120191 127088 113816 107679 116174 104340 101706 112089 96620.5 95450.5 95081.9 89459.7 92770.4 101440 88862.7 89973 85506.9 84691.3 85701.6 86149.9 85704.8 77993.4 85548.4 92075.1 90907.7 92644.6 90050.5 98425.5 92508.6 118242 129201 116521 108090 67085.2
#pred cpue bio
 4.42574e+06 4.25678e+06 4.06476e+06 3.79774e+06 3.49495e+06 3.17894e+06 2.86497e+06 2.58654e+06 2.29446e+06 2.02181e+06 1.79278e+06 1.60271e+06 1.39207e+06 1.25186e+06 1.09201e+06 962673 885484 804512 740739 684071 646997 623897 608112 584822 575595 573822 562008 560808 562110 550982 553942 555694 555462 558165 552917 532615 521844 512300 514260 522600 532641 542240 550940 568368 577404 579306 582793 583966 587276 580437 577618 541957 488121 443569 405210 1.43206e+07 8.60224e+06 8.80265e+06 9.58771e+06 1.07893e+07 1.20664e+07 1.32206e+07 1.41755e+07 1.49231e+07 1.54876e+07 1.59035e+07 1.62053e+07 1.64222e+07 1.65775e+07 1.66885e+07 1.67681e+07 1.68254e+07 1.68668e+07 1.6897e+07 1.69191e+07 1.69354e+07 1.69476e+07 1.69566e+07 1.69634e+07 1.69685e+07 1.69724e+07 1.69754e+07 1.69776e+07 1.69793e+07 1.69806e+07 1.69816e+07 1.69824e+07 1.6983e+07 1.69835e+07 1.69838e+07 1.69841e+07 1.69843e+07 1.69845e+07 1.69846e+07 1.69847e+07 1.69848e+07 1.69848e+07 1.69849e+07 1.69849e+07 1.69849e+07 1.6985e+07 1.6985e+07 1.6985e+07 1.6985e+07 1.6985e+07 1.6985e+07 1.6985e+07 1.6985e+07 1.6985e+07 1.6985e+07 1.6985e+07 1.6985e+07 1.6985e+07 1.6985e+07 1.6985e+07 1.6985e+07 1.6985e+07 1.6985e+07 1.6985e+07 1.6985e+07 1.6985e+07 1.6985e+07 1.6985e+07 1.6985e+07 1.6985e+07 1.6985e+07 1.6985e+07 1.6985e+07 1.6985e+07 1.6985e+07 1.6985e+07 1.6985e+07 1.6985e+07 1.6985e+07 1.6985e+07 1.6985e+07 1.6985e+07 1.6985e+07 1.6985e+07 1.6985e+07 1.6985e+07 1.6985e+07 1.6985e+07 1.6985e+07 1.6985e+07 1.6985e+07 1.6985e+07 1.6985e+07 1.6985e+07 1.6985e+07 1.6985e+07 1.6985e+07 1.6985e+07 1.6985e+07 1.6985e+07 0 0 0 0 0 0 0 0 0 0 0 0 0 0 0 0 0 0 0 0 0 0 0 0 0
#obs cpue bio
 3.53501e+06 3.4086e+06 2.73779e+06 2.37347e+06 2.81363e+06 2.14872e+06 2.75261e+06 2.44526e+06 2.02243e+06 1.37378e+06 1.97743e+06 955203 1.57333e+06 1.05675e+06 897090 611872 923486 567568 805702 690093 557978 391211 510625 544208 313461 560180 584620 414755 364804 442490 594322 413757 548899 472140 550814 716351 459579 362366 435272 445226 660963 728406 517637 512861 540424 547384 554046 619392 529990 614668 661402 529464 685400 385411 368747
#pred surv len freq
 0.0052969 0.00858993 0.0129076 0.0182188 0.0243831 0.0310688 0.0377241 0.0437111 0.0485485 0.052077 0.0544342 0.0559049 0.0567775 0.0572605 0.0574436 0.0572865 0.056641 0.0553023 0.0530674 0.0497766 0.0453376 0.0397609 0.0332244 0.0261371 0.0191196
 0.00558414 0.00892209 0.013165 0.0182248 0.0239728 0.0301861 0.0364851 0.0423779 0.0474137 0.0513239 0.0540595 0.055744 0.0566086 0.056925 0.0569257 0.0567255 0.0562743 0.0553635 0.0536805 0.0508948 0.0467581 0.041209 0.0344617 0.0270368 0.0196776
 0.00595086 0.00950733 0.0140153 0.0193489 0.0253102 0.0315776 0.0376763 0.0430849 0.0474409 0.0506684 0.0529188 0.0544098 0.0553146 0.055757 0.0558462 0.0556776 0.0552791 0.0545422 0.0531924 0.0508383 0.0471035 0.041806 0.0351116 0.0275799 0.0200422
 0.00620426 0.00993337 0.0146829 0.0203314 0.0266676 0.0333252 0.039745 0.0452935 0.0495041 0.052255 0.0537501 0.0543587 0.0544497 0.0542971 0.0540533 0.0537624 0.0533775 0.0527551 0.051627 0.0496024 0.0462587 0.0413289 0.0349026 0.0275135 0.0200207
 0.0064578 0.0103374 0.0152779 0.0211552 0.0277557 0.0347069 0.0414318 0.0472591 0.0516615 0.0544386 0.0557168 0.0558244 0.0551623 0.0541208 0.0530174 0.0520428 0.0512276 0.0504319 0.0493512 0.0475485 0.0445485 0.0400179 0.0339752 0.0269 0.0196325
 0.00674541 0.0107926 0.0159401 0.0220536 0.028906 0.0361067 0.0430555 0.0490574 0.0535682 0.0563758 0.0575885 0.0574984 0.0564602 0.0548378 0.0529789 0.0511723 0.0495875 0.048213 0.0468202 0.0449827 0.0421839 0.0380166 0.0324124 0.0257708 0.0188754
 0.00702803 0.011246 0.016611 0.0229811 0.0301143 0.037594 0.0447826 0.0509458 0.0555136 0.0582705 0.0593399 0.0590295 0.0576935 0.0556746 0.0532927 0.0508336 0.048515 0.0464272 0.0444663 0.0423073 0.0394758 0.035538 0.0303458 0.0241961 0.0177778
 0.00722139 0.0115656 0.0171023 0.0236907 0.0310821 0.0388399 0.0462917 0.0526617 0.0573445 0.0601061 0.0610698 0.0605567 0.0589379 0.0565669 0.0537603 0.0507921 0.0478788 0.0451459 0.042572 0.039943 0.0368813 0.0329942 0.0281007 0.0224064 0.0164878
 0.00746909 0.0119607 0.0176834 0.0244905 0.0321235 0.0401295 0.0478106 0.054359 0.0591394 0.0618983 0.0627524 0.0620284 0.0601119 0.0573742 0.0541466 0.0507082 0.047275 0.0439818 0.040847 0.0377347 0.0343643 0.0304181 0.0257285 0.020441 0.0150241
 0.00780187 0.012479 0.0184213 0.0254652 0.0333339 0.041555 0.0494075 0.0560592 0.0608571 0.0635428 0.0642399 0.0632863 0.0610791 0.0579987 0.0543843 0.0505202 0.0466256 0.0428432 0.0392159 0.0356617 0.0319793 0.0279284 0.0233775 0.0184407 0.0134962
 0.00811609 0.0129767 0.0191453 0.0264447 0.0345782 0.0430436 0.0510816 0.0578225 0.0625916 0.0651349 0.0656008 0.064359 0.0618318 0.0584134 0.0544463 0.0502117 0.0459248 0.0417292 0.0376842 0.033748 0.0297837 0.0256206 0.0211694 0.0165307 0.0120112
 0.00824001 0.0132008 0.0195241 0.0270427 0.0354542 0.0442271 0.0525497 0.0594931 0.0643385 0.066816 0.0670871 0.0655528 0.0626734 0.0588776 0.0545318 0.0499268 0.045276 0.040718 0.0363171 0.0320569 0.0278487 0.02358 0.0192016 0.0148098 0.0106562
 0.00864983 0.0138214 0.0203748 0.0281158 0.0367244 0.045664 0.0541216 0.0611585 0.066032 0.0684418 0.0685262 0.0666841 0.0633997 0.0591457 0.0543361 0.0492981 0.044262 0.0393675 0.0346757 0.0301783 0.0258142 0.0215104 0.017248 0.0131197 0.00933002
 0.00889288 0.014212 0.0209527 0.0289105 0.0377449 0.0468866 0.0554827 0.0625623 0.0673771 0.0696502 0.0695546 0.0675106 0.0640005 0.0594824 0.0543633 0.0489815 0.0435921 0.0383622 0.0333757 0.0286444 0.0241308 0.0197891 0.0156187 0.011706 0.00821622
 0.00912826 0.0146086 0.0215743 0.0298224 0.0389959 0.0484822 0.0573592 0.0645814 0.0693487 0.0713777 0.070881 0.0683479 0.0643344 0.0593533 0.0538358 0.0481181 0.0424417 0.0369647 0.0317739 0.0268958 0.0223153 0.0180084 0.0139859 0.0103218 0.00714336
 0.00931386 0.0149026 0.0220038 0.0304121 0.0397689 0.049458 0.0585458 0.0659602 0.070861 0.0729179 0.0723064 0.0695058 0.0650976 0.0596508 0.0536625 0.0475218 0.041497 0.0357499 0.0303616 0.0253568 0.0207282 0.0164644 0.0125812 0.00913948 0.00623239
 0.00928806 0.0148721 0.0219801 0.0304149 0.0398248 0.0495966 0.0587966 0.0663507 0.0714139 0.073643 0.0731875 0.0704872 0.0660817 0.0605135 0.0542837 0.0478163 0.0414325 0.0353449 0.0296705 0.024455 0.0197026 0.0154083 0.0115868 0.00828442 0.00556433
 0.00929305 0.0148919 0.0220314 0.0305205 0.040008 0.0498727 0.0591653 0.0667957 0.0719088 0.0741624 0.0737137 0.0710098 0.0665885 0.0609781 0.0546591 0.0480407 0.0414471 0.0351149 0.029198 0.0237805 0.0188959 0.014555 0.0107731 0.00758133 0.00501458
 0.00936527 0.0149892 0.0221417 0.030623 0.0400825 0.0499128 0.0591871 0.0668339 0.0720021 0.0743359 0.0739702 0.0713321 0.0669493 0.0613479 0.055006 0.0483267 0.0416274 0.0351452 0.0290497 0.0234536 0.0184245 0.0140009 0.0102097 0.00707475 0.00460866
 0.00964768 0.0154005 0.0226711 0.0312268 0.0406936 0.0504579 0.0596036 0.0670823 0.0720734 0.0742543 0.0737865 0.0711082 0.0667385 0.0611804 0.0548864 0.0482386 0.0415401 0.0350217 0.0288557 0.0231691 0.0180534 0.013573 0.00977238 0.00667755 0.00428743
 0.0100246 0.0159583 0.0234066 0.0320975 0.0416243 0.0513556 0.0603725 0.0676359 0.0723492 0.07423 0.0734891 0.0706091 0.0661329 0.060561 0.0543216 0.0477618 0.041151 0.0346956 0.0285571 0.0228657 0.017728 0.0132294 0.00943267 0.00637137 0.00403926
 0.010155 0.0161844 0.0237709 0.0326416 0.0423713 0.0522864 0.061408 0.0686438 0.0731772 0.0747522 0.0736427 0.0704037 0.0656373 0.0598779 0.0535596 0.0470132 0.0404764 0.0341195 0.0280739 0.0224533 0.0173628 0.0128979 0.00913496 0.00611718 0.00383883
 0.0101167 0.0161402 0.0237391 0.0326547 0.0424726 0.0525207 0.0618082 0.0692145 0.0738812 0.0755062 0.0743305 0.0709073 0.065874 0.0598255 0.0532578 0.0465432 0.0399311 0.0335767 0.0275819 0.0220301 0.0170062 0.0125981 0.0088848 0.00591455 0.00368403
 0.01027 0.0163622 0.0240235 0.0329802 0.0428119 0.0528541 0.0621331 0.0695446 0.0742351 0.0758915 0.0747293 0.0712719 0.0661357 0.0599164 0.053137 0.0462137 0.0394401 0.0329979 0.0269913 0.0214857 0.01654 0.0122198 0.00859062 0.00569527 0.00352888
 0.0102074 0.0162835 0.0239467 0.032934 0.042825 0.0529403 0.0622826 0.069729 0.0744253 0.0760753 0.0749168 0.0714821 0.0663748 0.0601623 0.0533424 0.0463256 0.0394238 0.0328527 0.0267484 0.0211936 0.0162459 0.0119573 0.00837661 0.00553338 0.00341474
 0.0100521 0.0160474 0.0236234 0.0325326 0.0423724 0.0524813 0.0618764 0.0694384 0.0742991 0.0761322 0.0751406 0.0718332 0.0668078 0.0606365 0.0538202 0.0467673 0.0397884 0.033108 0.0268829 0.0212204 0.0161964 0.0118683 0.00827911 0.00544713 0.00334843
 0.0101454 0.016171 0.0237579 0.0326427 0.0424176 0.0524323 0.061729 0.0692179 0.0740526 0.0759131 0.0749928 0.0717803 0.0668497 0.0607547 0.0539866 0.0469513 0.039961 0.0332433 0.0269621 0.0212369 0.0161583 0.0117951 0.00819372 0.00536821 0.0032864
 0.0101624 0.0161964 0.0237908 0.032678 0.0424435 0.0524293 0.0616723 0.0690854 0.0738377 0.0756355 0.0746992 0.0715315 0.0666994 0.0607315 0.0540867 0.047145 0.0402043 0.0334913 0.0271779 0.0213975 0.0162564 0.0118377 0.0081969 0.00535054 0.00326289
 0.00992181 0.0158571 0.023376 0.0322415 0.042054 0.0521445 0.0615184 0.0690515 0.0738861 0.0757203 0.0747843 0.0716021 0.0667655 0.0608192 0.054224 0.0473459 0.0404618 0.0337792 0.0274613 0.0216444 0.0164465 0.0119657 0.00827052 0.00538467 0.00327353
 0.00984398 0.0157268 0.0231751 0.0319572 0.0416892 0.0517293 0.0611145 0.068739 0.0737341 0.0757547 0.0749749 0.0718788 0.0670514 0.0610631 0.054413 0.0474969 0.0406021 0.0339277 0.02762 0.021801 0.0165837 0.0120707 0.00833964 0.0054229 0.00329031
 0.00977427 0.0156 0.02296 0.0316175 0.0411941 0.0510704 0.060322 0.067889 0.0729384 0.0751357 0.0746325 0.0718606 0.0673394 0.0615827 0.0550618 0.0481799 0.0412535 0.0345146 0.0281309 0.0222325 0.0169337 0.0123384 0.00852962 0.00554612 0.00336258
 0.00963399 0.015395 0.0226928 0.0313019 0.040846 0.0506969 0.0599162 0.0674376 0.0724392 0.0746161 0.074155 0.0715097 0.0671934 0.061684 0.0554004 0.048698 0.0418682 0.0351452 0.0287172 0.0227397 0.0173468 0.0126558 0.00875779 0.00569803 0.00345519
 0.00945382 0.0151204 0.0223146 0.0308264 0.040296 0.0501098 0.0593401 0.0669226 0.0720243 0.0743174 0.0739666 0.0714187 0.0671985 0.0618017 0.0556542 0.0490971 0.0423922 0.035745 0.0293301 0.023308 0.0178309 0.0130372 0.00903641 0.00588616 0.00357192
 0.0091562 0.0146697 0.0216989 0.030058 0.0394101 0.0491596 0.0583935 0.0660588 0.0713242 0.0738477 0.0737633 0.0714795 0.067489 0.0622718 0.0562557 0.0497928 0.0431531 0.0365395 0.0301176 0.0240416 0.0184679 0.0135501 0.00941791 0.00614748 0.00373608
 0.00903643 0.0144646 0.0213722 0.0295735 0.0387437 0.0483171 0.057425 0.0650567 0.070403 0.0731133 0.0732894 0.0712981 0.0675934 0.0626264 0.0568075 0.050483 0.0439262 0.0373471 0.0309162 0.0247901 0.0191286 0.0140944 0.00983296 0.00643842 0.00392251
 0.00991553 0.0157013 0.022876 0.0311363 0.0400941 0.0492109 0.0577214 0.064744 0.069576 0.0719292 0.0719268 0.069926 0.0663489 0.0616014 0.0560453 0.0499857 0.0436671 0.0372836 0.030999 0.0249686 0.0193542 0.0143246 0.0100359 0.00659633 0.00403183
 0.0107945 0.0170579 0.0247733 0.0335588 0.0429234 0.052207 0.060525 0.0669308 0.0707705 0.0719345 0.0707945 0.0679239 0.0638529 0.0589766 0.0535708 0.0478316 0.0419082 0.0359265 0.0300088 0.0242889 0.01892 0.0140707 0.00990329 0.00653686 0.00401075
 0.0107562 0.017119 0.0250905 0.0343474 0.0443923 0.0544576 0.0634612 0.070235 0.0739655 0.0745077 0.0723324 0.0682143 0.0629271 0.0570806 0.0510777 0.0451324 0.0393231 0.0336631 0.0281644 0.0228765 0.0179 0.0133769 0.00946051 0.00627329 0.00386529
 0.0103783 0.0165595 0.0243592 0.0335112 0.043586 0.0538812 0.0633559 0.0708223 0.0753549 0.0766088 0.0748318 0.0706505 0.0648362 0.0581451 0.0512098 0.0444659 0.038132 0.0322557 0.0267964 0.0217095 0.0170012 0.012743 0.0090489 0.00602697 0.00372977
 0.0101009 0.0161176 0.0237136 0.0326392 0.0424957 0.0526329 0.0620811 0.0697267 0.0746864 0.0765928 0.0755892 0.0721315 0.066804 0.0602305 0.0530249 0.0457276 0.0387396 0.0322885 0.0264465 0.0211919 0.016485 0.0123236 0.00875512 0.00584535 0.00362971
 0.00987803 0.0157709 0.0232205 0.031988 0.0416863 0.0516788 0.0610177 0.0686222 0.0736507 0.0757745 0.0751562 0.0722287 0.0674982 0.0614623 0.0545996 0.0473627 0.0401562 0.033302 0.0270121 0.0213866 0.016447 0.0121873 0.00861197 0.00573751 0.00356382
 0.00987615 0.0157383 0.0231172 0.03176 0.0412803 0.0510655 0.0602104 0.0676801 0.0726648 0.0748484 0.0743939 0.071732 0.0673604 0.0617469 0.0553061 0.0484011 0.0413544 0.0344547 0.0279497 0.0220266 0.0168023 0.0123336 0.00864016 0.00571883 0.0035382
 0.00994109 0.0158317 0.0232331 0.0318797 0.0413706 0.0510796 0.0600947 0.0673873 0.0721739 0.0741819 0.0736228 0.0709635 0.066715 0.0613339 0.0552017 0.0486284 0.0418692 0.0351492 0.0286816 0.0226658 0.0172713 0.0126208 0.00878287 0.00577186 0.00354853
 0.00987787 0.0157378 0.0231084 0.0317293 0.0412026 0.0509011 0.0599071 0.0671842 0.0719415 0.0739041 0.0732911 0.0705895 0.0663381 0.0610189 0.0550233 0.0486485 0.0421133 0.0355919 0.0292486 0.0232564 0.0177924 0.0130159 0.00904125 0.0059176 0.00361922
 0.00990029 0.0157687 0.0231448 0.0317652 0.0412309 0.050916 0.0599059 0.0671658 0.0719024 0.0738351 0.0731771 0.0704153 0.0660985 0.0607297 0.0547257 0.0484023 0.0419787 0.0356062 0.0294097 0.0235219 0.0180962 0.0132945 0.00925506 0.00605704 0.00369689
 0.00983269 0.0156851 0.0230668 0.0317273 0.0412689 0.0510494 0.0601251 0.0674323 0.0721625 0.0740388 0.0732906 0.0704233 0.0660004 0.0605365 0.054461 0.0481043 0.0416975 0.0353927 0.0292988 0.0235193 0.0181776 0.0134175 0.00937819 0.00615387 0.00375969
 0.00972643 0.0155214 0.0228389 0.0314396 0.0409405 0.0507175 0.0598424 0.0672564 0.072136 0.0741696 0.0735452 0.070739 0.0663088 0.0607846 0.0546221 0.0481788 0.0417076 0.0353741 0.0292892 0.0235454 0.0182462 0.013516 0.0094835 0.00624503 0.0038257
 0.00973 0.0155145 0.0228052 0.0313567 0.0407869 0.0504831 0.0595389 0.0669206 0.0718238 0.0739409 0.0734462 0.0707862 0.0664832 0.0610381 0.0548954 0.0484211 0.0418913 0.0354976 0.0293705 0.0236094 0.0183122 0.0135906 0.00956141 0.00631564 0.00388057
 0.00957496 0.0152955 0.0225358 0.031068 0.0405155 0.0502539 0.059354 0.0667627 0.0716728 0.0737925 0.0733206 0.0707209 0.0665147 0.0611828 0.0551397 0.0487263 0.0422089 0.0357872 0.029611 0.0237992 0.0184614 0.0137109 0.00965954 0.00639335 0.00393774
 0.00949129 0.0151655 0.0223528 0.0308333 0.040242 0.0499686 0.059096 0.0665733 0.0715793 0.0737945 0.0733901 0.0708194 0.0666153 0.061282 0.0552517 0.0488662 0.0423785 0.035973 0.0297921 0.0239586 0.0185919 0.0138132 0.00973836 0.00645273 0.00398046
 0.00947164 0.0151205 0.0222616 0.0306695 0.0399824 0.0496057 0.0586494 0.0660923 0.0711327 0.0734515 0.0731994 0.0707962 0.0667402 0.0615137 0.055545 0.0491864 0.0427046 0.0362919 0.0300917 0.0242263 0.0188171 0.0139914 0.009871 0.0065459 0.00404203
 0.00963097 0.0153861 0.0226706 0.0312526 0.0407474 0.0505171 0.0596152 0.0669747 0.0717858 0.0737702 0.0731527 0.0704282 0.0661433 0.0607929 0.0547909 0.0484637 0.0420534 0.0357342 0.0296365 0.0238725 0.0185555 0.0138076 0.00974908 0.0064702 0.00399865
 0.00984181 0.015734 0.023203 0.0320153 0.0417723 0.0518029 0.0611064 0.0685517 0.0732754 0.0749779 0.0739067 0.0706214 0.0657612 0.0599148 0.0535632 0.0470576 0.0406252 0.0344015 0.0284728 0.0229125 0.0178051 0.0132525 0.00936201 0.00621749 0.00384535
 0.00959267 0.0154098 0.0228653 0.0317739 0.0417586 0.0521256 0.0618116 0.0696066 0.0745776 0.0763778 0.0752316 0.0717005 0.0664536 0.0601384 0.0533148 0.0464123 0.0397127 0.0333698 0.0274539 0.0220016 0.0170546 0.0126781 0.0089528 0.00594655 0.00367941
 0.009168 0.0147723 0.022009 0.0307402 0.0406402 0.0510626 0.0609787 0.0691837 0.0747007 0.0770863 0.0764416 0.0732222 0.0680449 0.0615674 0.0544091 0.0470852 0.0399672 0.0332813 0.0271386 0.0215812 0.0166287 0.0123104 0.00867116 0.00575194 0.00355728
#obs surv len freq
 nan nan nan nan nan nan nan nan nan nan nan nan nan nan nan nan nan nan nan nan nan nan nan nan nan
 0.0044861 0.00734819 0.011179 0.0159961 0.0216974 0.0279733 0.0342873 0.0400182 0.0446971 0.0481598 0.0505165 0.052011 0.052902 0.0534133 0.0537267 0.0539809 0.054259 0.0545514 0.0546899 0.0542817 0.0527199 0.0493522 0.0438024 0.0362831 0.0276675
 0.00462222 0.00757076 0.0115159 0.0164731 0.0223317 0.0287636 0.0352047 0.0410032 0.045668 0.0490292 0.0512073 0.0524684 0.0530982 0.0533479 0.053422 0.0534745 0.0535946 0.053772 0.0538348 0.0533881 0.0518269 0.0485035 0.0430431 0.0356514 0.0271847
 0.00478264 0.0078342 0.0119174 0.0170468 0.0231043 0.0297436 0.0363705 0.0422978 0.0470047 0.0503057 0.0523209 0.0533291 0.053638 0.0535273 0.0532335 0.0529403 0.0527599 0.0526964 0.0525847 0.0520339 0.0504438 0.0471723 0.0418439 0.0346503 0.0264181
 0.00496599 0.00813441 0.0123733 0.0176964 0.0239779 0.0308527 0.0376959 0.0437844 0.0485672 0.0518421 0.0537263 0.0545039 0.0544946 0.0539962 0.0532695 0.0525288 0.0519191 0.051475 0.051058 0.050299 0.048616 0.0453781 0.0402083 0.0332755 0.0253614
 0.00517419 0.00847571 0.0128923 0.0184364 0.0249731 0.0321149 0.0392012 0.0454684 0.050334 0.0535817 0.0553308 0.0558759 0.0555486 0.0546584 0.0534803 0.0522472 0.0511304 0.0501988 0.0493541 0.0482702 0.0464052 0.0431566 0.0381514 0.0315293 0.024011
 0.00540316 0.00885043 0.013461 0.0192459 0.02606 0.0334921 0.0408432 0.0473058 0.0522628 0.0554824 0.0570871 0.0573854 0.0567257 0.0554329 0.053794 0.0520534 0.0503977 0.0489215 0.047567 0.0460631 0.0439284 0.0406101 0.0357533 0.0294689 0.0224048
 0.00563681 0.00923321 0.0140426 0.0200749 0.0271748 0.0349068 0.0425326 0.0491998 0.0542558 0.057453 0.058917 0.05897 0.0579778 0.0562816 0.0541818 0.051933 0.0497322 0.0476918 0.0457885 0.0438066 0.0413363 0.0378916 0.0331517 0.0272057 0.0206239
 0.00588072 0.0096334 0.0146517 0.0209444 0.0283449 0.0363909 0.0443015 0.051176 0.0563245 0.0594848 0.0607884 0.0605761 0.0592345 0.0571238 0.0545591 0.0518045 0.0490642 0.0464628 0.0440039 0.0415234 0.0386845 0.0350774 0.0304277 0.0248121 0.0187249
 0.00611998 0.0100248 0.0152456 0.0217894 0.0294796 0.0378294 0.0460182 0.0530994 0.0583466 0.0614803 0.0626349 0.0621663 0.0604819 0.0579626 0.0549408 0.0516925 0.0484296 0.045286 0.0422873 0.0393144 0.0360998 0.0323113 0.0277271 0.0224197 0.0168129
 0.0063653 0.0104266 0.0158555 0.0226572 0.0306431 0.0392988 0.0477608 0.0550345 0.0603578 0.0634384 0.0644194 0.0636768 0.0616409 0.0587131 0.0552428 0.0515176 0.0477568 0.044102 0.0405972 0.0371617 0.0335909 0.0296259 0.0250985 0.0200819 0.0149364
 0.00660176 0.0108133 0.0164417 0.0234903 0.0317592 0.0407085 0.0494337 0.0568941 0.0622913 0.0653183 0.0661247 0.0651065 0.0627186 0.059387 0.0554804 0.0512997 0.0470718 0.0429449 0.0389776 0.035122 0.0312285 0.0271041 0.0226305 0.0178839 0.0131677
 0.00682213 0.0111773 0.017 0.0242929 0.0328452 0.0420891 0.0510759 0.0587158 0.0641741 0.0671315 0.0677474 0.066441 0.0636941 0.059958 0.0556229 0.0510049 0.0463397 0.0417823 0.0374029 0.0331803 0.0290107 0.0247575 0.0203456 0.0158538 0.0115354
 0.00704756 0.0115463 0.0175601 0.0250897 0.0339132 0.0434375 0.0526731 0.0604838 0.0659981 0.0688812 0.069299 0.0676928 0.0645738 0.0604237 0.0556589 0.0506146 0.0455375 0.0405891 0.035849 0.0313168 0.026925 0.0225827 0.0182492 0.0140037 0.0100537
 0.00726473 0.0119006 0.0180953 0.0258468 0.034922 0.0447032 0.0541629 0.0621226 0.0676789 0.070485 0.0707145 0.0688279 0.065361 0.0608211 0.0556491 0.0502007 0.044738 0.0394325 0.0343747 0.0295818 0.0250148 0.0206177 0.0163751 0.0123625 0.0087466
 0.00741231 0.0121501 0.0184886 0.0264284 0.0357294 0.0457511 0.0554289 0.0635421 0.0691555 0.0719104 0.0719871 0.0698638 0.0660977 0.061218 0.0556857 0.0498744 0.0440611 0.0384309 0.0330875 0.0280663 0.023353 0.0189183 0.0147645 0.0109601 0.00763487
 0.007523 0.0123258 0.0187461 0.0267832 0.0361961 0.0463431 0.0561537 0.0643951 0.0701131 0.0729269 0.072997 0.0707898 0.0668629 0.0617566 0.0559502 0.0498374 0.0437144 0.0377842 0.0321692 0.0269256 0.0220636 0.0175775 0.0134823 0.00983875 0.00674428
 0.00762338 0.0124841 0.0189751 0.0270912 0.0365853 0.0468079 0.0566802 0.0649628 0.0707012 0.0735193 0.0735821 0.0713536 0.06738 0.062187 0.056244 0.0499453 0.0435984 0.0374253 0.0315718 0.0261207 0.0211096 0.0165566 0.0124893 0.00896178 0.00604394
 0.00768229 0.0125797 0.0191183 0.0272918 0.0368492 0.0471342 0.057058 0.0653716 0.0711157 0.073917 0.0739495 0.0716869 0.0676799 0.0624499 0.056454 0.0500725 0.0436041 0.0372729 0.0312399 0.0256133 0.0204607 0.0158276 0.0117577 0.00830254 0.00551073
 0.00771644 0.0126289 0.0191813 0.0273642 0.0369271 0.0472171 0.0571513 0.0654854 0.0712598 0.0740966 0.0741621 0.0719237 0.0679289 0.062698 0.0566864 0.050269 0.0437368 0.0373091 0.0311501 0.025383 0.0201007 0.0153761 0.0112725 0.00784551 0.00513006
 0.00775814 0.0126901 0.0192607 0.027456 0.0370215 0.0473029 0.057219 0.06553 0.0712839 0.0741112 0.0741845 0.0719715 0.0680132 0.0628192 0.056834 0.0504238 0.0438735 0.0373984 0.0311632 0.0252991 0.019916 0.015109 0.0109613 0.0075365 0.00486328
 0.00781621 0.012778 0.0193805 0.0276044 0.0371897 0.0474772 0.0573817 0.0656616 0.0713678 0.0741389 0.0741601 0.0719115 0.0679415 0.0627592 0.0568017 0.0504224 0.043893 0.0374184 0.0311581 0.0252458 0.0198017 0.0149379 0.010754 0.00732388 0.00467478
 0.00784749 0.0128251 0.0194444 0.0276832 0.0372788 0.0475704 0.0574711 0.0657386 0.0714239 0.0741678 0.0741595 0.0718844 0.0678965 0.0627092 0.0567605 0.0504007 0.0438936 0.0374339 0.0311724 0.0252392 0.0197587 0.0148539 0.010638 0.00719493 0.00455406
 0.00786537 0.0128528 0.0194835 0.0277339 0.0373398 0.0476382 0.0575402 0.0658019 0.0714743 0.0741999 0.0741709 0.0718756 0.0678709 0.0626724 0.0567199 0.0503645 0.0438683 0.0374213 0.0311673 0.025231 0.0197354 0.014808 0.010571 0.00711634 0.00447724
 0.00788444 0.0128776 0.0195095 0.0277534 0.0373446 0.0476233 0.0575071 0.0657581 0.0714305 0.0741659 0.074152 0.0718728 0.0678813 0.0626916 0.056744 0.0503912 0.0438969 0.0374512 0.0311967 0.0252549 0.0197472 0.0148024 0.0105473 0.00707969 0.00443623
 0.00788964 0.0128855 0.0195199 0.027765 0.0373542 0.0476258 0.0574958 0.0657274 0.071379 0.0740992 0.0740825 0.071815 0.067847 0.0626858 0.0567642 0.0504303 0.0439468 0.0375048 0.0312482 0.0252993 0.0197797 0.0148198 0.0105489 0.00706843 0.00441788
 0.00789962 0.0128979 0.0195317 0.0277713 0.0373495 0.0476066 0.0574619 0.0656817 0.0713261 0.074043 0.0740267 0.071764 0.0678069 0.0626633 0.0567646 0.0504545 0.0439909 0.0375614 0.0313088 0.025356 0.0198264 0.0148526 0.0105669 0.00707355 0.00441427
 0.00788303 0.0128736 0.0194999 0.0277334 0.0373074 0.047561 0.0574124 0.0656276 0.0712678 0.0739843 0.0739736 0.0717235 0.0677843 0.0626619 0.0567851 0.0504961 0.0440506 0.0376342 0.0313875 0.0254326 0.0198936 0.0149053 0.0106031 0.00709453 0.00442358
 0.00788739 0.0128737 0.0194873 0.0276969 0.037237 0.0474534 0.0572751 0.0654781 0.0711277 0.0738718 0.0738986 0.0716881 0.0677855 0.0626948 0.0568446 0.050577 0.0441474 0.0377407 0.0314966 0.0255369 0.019986 0.0149805 0.0106586 0.00713128 0.00444491
 0.00787948 0.0128611 0.0194684 0.0276695 0.0371971 0.0473955 0.0571929 0.0653682 0.0709935 0.0737257 0.0737611 0.071581 0.0677252 0.0626874 0.0568864 0.0506579 0.0442552 0.0378635 0.0316238 0.0256591 0.0200953 0.0150711 0.0107277 0.00717918 0.00447482
 0.00784402 0.012804 0.0193838 0.027553 0.0370476 0.0472171 0.0569965 0.0651698 0.0708108 0.0735738 0.0736499 0.0715167 0.0677121 0.062728 0.0569799 0.0507978 0.0444295 0.0380566 0.0318199 0.025844 0.0202583 0.0152051 0.0108299 0.007251 0.0045209
 0.0078481 0.0128045 0.0193733 0.0275207 0.0369824 0.0471117 0.0568515 0.0649954 0.0706242 0.0733951 0.0734975 0.0714042 0.0676475 0.0627144 0.0570164 0.0508807 0.0445519 0.0382079 0.0319864 0.0260111 0.0204124 0.0153361 0.0109326 0.00732478 0.00456928
 0.00778568 0.0127106 0.019246 0.0273626 0.036799 0.0469093 0.0566362 0.0647746 0.0704087 0.0732002 0.0733418 0.0713055 0.0676182 0.0627583 0.0571287 0.05105 0.0447629 0.0384442 0.0322312 0.0262478 0.0206264 0.0155165 0.0110734 0.00742607 0.00463597
 0.00777077 0.0126785 0.0191837 0.0272546 0.0366329 0.0466835 0.0563654 0.0644876 0.0701399 0.0729779 0.0731818 0.0712123 0.0675906 0.062794 0.0572249 0.0512014 0.0449601 0.0386732 0.032475 0.0264888 0.0208483 0.0157063 0.0112237 0.00753566 0.00470903
 0.00775333 0.0126488 0.0191359 0.0271815 0.0365258 0.046534 0.0561685 0.0642461 0.0698679 0.0727013 0.0729341 0.0710255 0.0674866 0.0627801 0.0572956 0.0513436 0.0451575 0.0389083 0.0327295 0.0267437 0.0210857 0.0159117 0.0113881 0.00765655 0.00479034
 0.00933034 0.0148558 0.0217986 0.0299174 0.038856 0.04806 0.056712 0.0638752 0.0688145 0.0712429 0.0713076 0.069398 0.0659633 0.0614225 0.0561349 0.0503885 0.0444005 0.0383313 0.0323087 0.0264526 0.0208969 0.0157988 0.011327 0.00762763 0.00477899
 0.00929906 0.0150979 0.0226795 0.0318915 0.0422687 0.0528808 0.0623653 0.0693336 0.0729654 0.0733267 0.0711687 0.067427 0.062827 0.0577793 0.0524725 0.046997 0.0414185 0.0358059 0.0302379 0.0248098 0.0196414 0.0148805 0.0106895 0.00721125 0.00452539
 0.00896206 0.0145675 0.0219352 0.0309824 0.0413667 0.0523164 0.0625881 0.0707521 0.075702 0.0770362 0.0750807 0.0706387 0.0646794 0.058086 0.05149 0.0452129 0.0393219 0.0337539 0.0284315 0.0233296 0.0184956 0.0140396 0.0101061 0.00683101 0.00429446
 0.00880036 0.0142942 0.0215054 0.0303508 0.0405049 0.0512451 0.0614177 0.0697111 0.0751185 0.0772477 0.0762816 0.0727364 0.067261 0.0605527 0.0532998 0.0460885 0.0393069 0.0331136 0.0274929 0.0223587 0.0176509 0.0133841 0.00964092 0.00652622 0.00410989
 0.00872938 0.014175 0.021318 0.0300716 0.0401086 0.0507106 0.0607389 0.0689134 0.0742789 0.0765089 0.0758441 0.0728069 0.0679611 0.0618273 0.0548944 0.0476318 0.0404633 0.0337141 0.0275684 0.0220763 0.0172109 0.0129424 0.00928168 0.00627307 0.0039509
 0.00870143 0.0141254 0.0212352 0.0299415 0.0399165 0.0504438 0.060391 0.068486 0.0737843 0.0759762 0.0753296 0.0724032 0.0677883 0.0619958 0.0554451 0.0484893 0.0414422 0.0345886 0.0281682 0.0223478 0.017212 0.0127876 0.00908062 0.00609582 0.00382446
 0.00868847 0.0141021 0.0211958 0.0298784 0.0398212 0.0503087 0.0602107 0.0682589 0.0735131 0.0756681 0.0749994 0.0720783 0.0675148 0.0618385 0.0554726 0.0487427 0.041902 0.0351651 0.0287306 0.0227795 0.0174579 0.0128632 0.00904605 0.00601687 0.00374686
 0.00867169 0.0140784 0.0211665 0.0298464 0.039789 0.0502757 0.0601719 0.0682049 0.073433 0.0755531 0.074846 0.0718915 0.0673107 0.0616469 0.0553357 0.0487065 0.0419977 0.0353891 0.0290363 0.0230927 0.0177088 0.0130155 0.00910419 0.00601234 0.00371556
 0.00867148 0.0140753 0.021157 0.0298261 0.0397545 0.0502272 0.060114 0.0681454 0.0733782 0.0755041 0.0747969 0.0718326 0.0672344 0.0615542 0.0552403 0.0486339 0.0419778 0.0354428 0.029163 0.0232658 0.0178859 0.0131576 0.00919217 0.0060497 0.00371971
 0.00867214 0.0140783 0.0211648 0.0298415 0.0397789 0.0502586 0.0601461 0.0681692 0.0733854 0.0754905 0.0747637 0.0717829 0.0671715 0.0614797 0.0551574 0.0485508 0.0419098 0.0354078 0.0291733 0.0233202 0.0179678 0.0132427 0.00925964 0.00609048 0.00373667
 0.00864924 0.0140458 0.0211249 0.0297995 0.0397421 0.0502345 0.0601397 0.0681817 0.0734135 0.0755268 0.0747984 0.0718074 0.06718 0.0614708 0.055133 0.0485161 0.0418726 0.0353789 0.0291633 0.023335 0.0180049 0.0132915 0.00930671 0.00612599 0.00375758
 0.00865254 0.0140448 0.0211121 0.0297649 0.0396776 0.0501389 0.0600232 0.0680642 0.0733182 0.0754718 0.07479 0.0718398 0.067239 0.0615401 0.0551991 0.0485709 0.0419145 0.0354114 0.0291928 0.0233678 0.0180438 0.0133344 0.0093479 0.0061596 0.00378059
 0.00860866 0.0139814 0.0210309 0.0296717 0.0395792 0.0500397 0.0599232 0.0679616 0.0732149 0.0753767 0.0747191 0.0718098 0.0672598 0.0616094 0.0553041 0.0486933 0.0420374 0.0355235 0.02929 0.0234508 0.018115 0.0133954 0.00939838 0.00619848 0.00380758
 0.00861207 0.0139812 0.0210203 0.029642 0.0395233 0.0499567 0.0598211 0.0678554 0.0731199 0.0753026 0.0746676 0.0717788 0.0672485 0.0616203 0.05534 0.0487534 0.0421153 0.0356093 0.0293741 0.0235267 0.01818 0.0134492 0.00944129 0.00623089 0.00383021
 0.00862168 0.0139987 0.0210497 0.0296867 0.0395835 0.0500263 0.0598872 0.0679009 0.0731302 0.0752724 0.0746031 0.0716938 0.0671582 0.061537 0.0552722 0.0487063 0.042091 0.0356062 0.0293872 0.0235495 0.0182066 0.0134751 0.00946403 0.00624916 0.00384362
 0.00862168 0.0139987 0.0210497 0.0296867 0.0395835 0.0500263 0.0598872 0.0679009 0.0731302 0.0752724 0.0746031 0.0716938 0.0671582 0.061537 0.0552722 0.0487063 0.042091 0.0356062 0.0293872 0.0235495 0.0182066 0.0134751 0.00946403 0.00624916 0.00384362
 0.0089842 0.0145701 0.0218734 0.0307842 0.040942 0.0515841 0.0615225 0.0694386 0.0743755 0.0760598 0.0748398 0.0713771 0.0663654 0.0603981 0.0539363 0.0473132 0.0407526 0.0343995 0.0283558 0.0227098 0.0175548 0.0129942 0.00912875 0.00602995 0.00371035
 0.00909814 0.0147931 0.0222773 0.031455 0.0419538 0.0529597 0.0631993 0.0712623 0.0761304 0.077521 0.0758235 0.0717733 0.0661507 0.0596316 0.052742 0.0458519 0.0391898 0.0328789 0.0269828 0.0215474 0.0166278 0.0122974 0.00863661 0.00570503 0.0035112
 0.00914967 0.0148761 0.0224036 0.0316426 0.0422324 0.0533732 0.0637992 0.0720874 0.0771759 0.0787146 0.0770236 0.0727991 0.0668324 0.059858 0.0524869 0.045173 0.0382059 0.0317366 0.0258236 0.0204835 0.0157307 0.0115972 0.00812951 0.00536481 0.0033005
 0.00913671 0.0148573 0.0223799 0.0316173 0.0422124 0.053371 0.0638358 0.0721949 0.0773957 0.0790861 0.077564 0.0734805 0.0675712 0.0605285 0.0529578 0.0453505 0.0380635 0.0313181 0.0252233 0.0198132 0.0150893 0.0110523 0.0077117 0.00507358 0.00311558
#pred catch len freq
 0.00484964 0.00766883 0.0111749 0.0152733 0.0198977 0.0249889 0.0304206 0.0359674 0.0413534 0.0463278 0.0507088 0.0543934 0.0573496 0.0595896 0.0611214 0.0619023 0.0618244 0.0607384 0.0584951 0.0549785 0.0501298 0.0439882 0.0367672 0.0289281 0.0211626
 0.0051341 0.00801743 0.0114942 0.0154195 0.019732 0.0244555 0.0295982 0.0350486 0.0405532 0.0457731 0.0503773 0.0541355 0.0569762 0.058978 0.0602894 0.0610209 0.061162 0.0605553 0.0589308 0.0559855 0.0514896 0.0454034 0.0379795 0.0298005 0.0216904
 0.00551717 0.00861066 0.0123237 0.016468 0.0209188 0.0256237 0.030527 0.0355121 0.040415 0.0450634 0.0492884 0.0529215 0.0558219 0.0579286 0.0592862 0.0600071 0.0601756 0.0597431 0.0584762 0.056 0.0519403 0.046123 0.0387474 0.0304395 0.0221215
 0.00580889 0.00908014 0.0130226 0.0174438 0.0222065 0.0272273 0.0323894 0.0374852 0.0422547 0.0464717 0.0500022 0.0528134 0.0549508 0.0565 0.0575488 0.0581594 0.0583461 0.0580328 0.0569993 0.0548727 0.0512265 0.0457907 0.0386804 0.0304951 0.0221916
 0.00610692 0.00954258 0.0136802 0.0183178 0.0233154 0.0285917 0.034027 0.0393904 0.0443664 0.0486435 0.0519948 0.0543292 0.0557142 0.0563531 0.0565083 0.0564021 0.0561354 0.0556401 0.0546599 0.0527734 0.0494963 0.0444857 0.0377778 0.0299142 0.0218336
 0.00644175 0.0100592 0.0144071 0.0192663 0.0244831 0.0299685 0.0355971 0.041131 0.0462443 0.0506069 0.0539561 0.0561439 0.0571747 0.0572176 0.0565684 0.0555608 0.0544528 0.0533213 0.0519958 0.0500674 0.0470059 0.0423857 0.0361469 0.0287435 0.0210538
 0.00675993 0.0105555 0.015116 0.020208 0.0256642 0.0313814 0.0372167 0.0429105 0.0481176 0.0524971 0.055783 0.057823 0.0586048 0.0582664 0.0570731 0.0553591 0.0534419 0.0515164 0.0495545 0.0472611 0.0441523 0.0397718 0.0339706 0.0270898 0.0199052
 0.00703251 0.010985 0.0157377 0.021049 0.0267418 0.0327012 0.0387652 0.0446482 0.0499769 0.0543876 0.057603 0.0594712 0.0599873 0.0592944 0.0576524 0.0553834 0.0528066 0.0501598 0.0475093 0.0446857 0.0413139 0.0369832 0.0315076 0.0251264 0.0184905
 0.00734687 0.0114715 0.0164258 0.0219531 0.0278652 0.0340389 0.0403021 0.0463518 0.0517913 0.0562327 0.0593798 0.0610724 0.0613101 0.0602493 0.0581641 0.0553838 0.0522301 0.0489546 0.0456711 0.0422993 0.0385736 0.0341673 0.028909 0.0229713 0.016885
 0.00772876 0.0120545 0.0172334 0.0229852 0.0291032 0.0354545 0.0418609 0.0480106 0.0534948 0.0579139 0.0609625 0.0624755 0.0624519 0.0610529 0.0585614 0.0553157 0.0516458 0.0478158 0.0439704 0.0400915 0.0360031 0.0314653 0.0263472 0.0207867 0.0152143
 0.0080928 0.0126167 0.0180248 0.0240158 0.0303631 0.0369159 0.0434764 0.0497124 0.0551993 0.0595327 0.0624147 0.0636932 0.0633809 0.0616491 0.0587859 0.0551317 0.0510172 0.0467125 0.0423841 0.038061 0.0336402 0.0289603 0.0239379 0.0186959 0.0135855
 0.00834543 0.0130239 0.0186315 0.0248618 0.0314765 0.0383016 0.045103 0.0515052 0.057047 0.0613061 0.0639885 0.0649648 0.0642808 0.0621417 0.0588621 0.0547947 0.0502705 0.0455563 0.0408253 0.036136 0.0314403 0.0266422 0.0217037 0.0167428 0.0120481
 0.00876292 0.0136491 0.0194751 0.0259052 0.0326861 0.0396487 0.0465721 0.0530834 0.0587006 0.0629617 0.0655321 0.0662622 0.0652093 0.0626182 0.0588544 0.0543141 0.0493527 0.0442446 0.0391647 0.0341844 0.0292882 0.024426 0.0195942 0.0149074 0.0106024
 0.00915561 0.0142535 0.0203204 0.0269934 0.033991 0.0411177 0.0481291 0.0546375 0.0601643 0.0642691 0.0666438 0.0671512 0.0658415 0.0629452 0.0588237 0.0538892 0.0485266 0.0430408 0.0376314 0.0323917 0.0273327 0.0224345 0.0177146 0.0132797 0.00932178
 0.00945718 0.0147379 0.0210385 0.0279882 0.0352888 0.0427136 0.0499699 0.0566134 0.0621192 0.0660297 0.0680571 0.0681152 0.0663179 0.0629498 0.0584012 0.0530886 0.0473896 0.0416057 0.0359444 0.0305182 0.0253642 0.0204878 0.015919 0.0117512 0.00813357
 0.00961474 0.014986 0.021399 0.0284827 0.0359421 0.0435554 0.0510287 0.057899 0.0636004 0.0676186 0.069611 0.0694637 0.0673048 0.0634721 0.0584266 0.0526464 0.0465451 0.040435 0.0345234 0.0289249 0.0236881 0.0188341 0.0143994 0.010463 0.00713585
 0.00965615 0.0150548 0.0215061 0.0286407 0.0361658 0.0438615 0.0514357 0.0584267 0.0642679 0.0684359 0.0705642 0.0704988 0.0683229 0.0643439 0.0590249 0.0528807 0.0463815 0.0398952 0.0336689 0.0278407 0.0224724 0.0175925 0.0132365 0.00946655 0.0063592
 0.0096586 0.0150691 0.0215469 0.0287287 0.0363235 0.0441062 0.0517732 0.0588501 0.0647612 0.0689815 0.0711476 0.0711072 0.0689365 0.0649248 0.0595117 0.0531964 0.0464547 0.0396833 0.0331732 0.0271068 0.0215802 0.0166405 0.0123238 0.00867516 0.00573894
 0.00974863 0.0151937 0.0216949 0.0288787 0.0364532 0.0442056 0.0518535 0.0589408 0.0648968 0.0691855 0.0714241 0.0714431 0.069309 0.065307 0.0598715 0.053492 0.0466347 0.0396968 0.0329863 0.0267191 0.0210303 0.0159985 0.0116732 0.0080914 0.00527177
 0.0100114 0.0155728 0.0221756 0.0294147 0.0369774 0.0446499 0.0521667 0.0590996 0.0649089 0.0690863 0.0712673 0.0712848 0.0691917 0.0652488 0.0598657 0.0535126 0.046643 0.0396489 0.0328426 0.0264572 0.0206556 0.0155466 0.0112001 0.00765559 0.00491622
 0.0103908 0.0161289 0.0228986 0.0302535 0.0378503 0.0454645 0.0528379 0.05956 0.0651162 0.0690313 0.0709792 0.0708278 0.0686497 0.0647042 0.0593795 0.0531129 0.046325 0.0393829 0.0325887 0.0261799 0.0203372 0.0151934 0.0108396 0.00732409 0.00464406
 0.010534 0.016367 0.0232652 0.0307782 0.0385466 0.0463128 0.0537725 0.0604725 0.0658793 0.0695343 0.0711584 0.0706792 0.0682242 0.0640898 0.0586777 0.0524147 0.0456923 0.0388414 0.0321323 0.0257845 0.0199778 0.0148568 0.0105289 0.00705294 0.00442685
 0.0105566 0.0164122 0.0233505 0.0309291 0.038795 0.0466916 0.0543041 0.0611536 0.0666666 0.07034 0.0718629 0.071163 0.0684054 0.0639503 0.0582649 0.0518201 0.0450202 0.0381792 0.0315345 0.0252715 0.0195468 0.0144963 0.0102297 0.00681211 0.00424383
 0.0106814 0.0165912 0.0235765 0.031183 0.0390548 0.0469457 0.0545608 0.0614389 0.0670107 0.0707568 0.0723332 0.0716288 0.0687813 0.0641497 0.058231 0.0515478 0.0445565 0.0376042 0.0309325 0.0247084 0.0190596 0.0140976 0.00991697 0.00657683 0.00407585
 0.0105877 0.0164651 0.0234346 0.0310552 0.0389743 0.0469344 0.05462 0.0615533 0.0671633 0.0709438 0.0725665 0.071922 0.069129 0.0645147 0.0585502 0.0517545 0.0446078 0.0374975 0.0307034 0.0244127 0.0187525 0.0138185 0.00968678 0.0064011 0.00395097
