SBPRF35
7.78865
Curr Bio
546552
B35
659497
F35
0.210175
FOFL
0.160993
OFL
65495.6
Bzero
2.22533e+006
#pred survey bio
 3.75093e+006 3.42275e+006 3.06688e+006 2.72111e+006 2.36069e+006 2.08462e+006 1.82584e+006 1.59081e+006 1.38464e+006 1.2322e+006 1.09441e+006 964779 866423 802725 753349 714136 683779 663519 644345 626445 617155 599275 587808 585424 592345 597662 593699 588847 586349 587627 576634 566390 557111 545778 543540 552428 562504 568858 575365 589461 599414 596068 603974 598985 594188 590355 593266 590413 584956 575508 550992 1.809e+007 1.06409e+007 1.07635e+007 1.14559e+007 1.24586e+007 1.35192e+007 1.44854e+007 1.52915e+007 1.59272e+007 1.64101e+007 1.67679e+007 1.70288e+007 1.72172e+007 1.73528e+007 1.74502e+007 1.75203e+007 1.75709e+007 1.76078e+007 1.76347e+007 1.76545e+007 1.76691e+007 1.768e+007 1.76882e+007 1.76943e+007 1.7699e+007 1.77025e+007 1.77052e+007 1.77072e+007 1.77088e+007 1.771e+007 1.77109e+007 1.77116e+007 1.77121e+007 1.77126e+007 1.77129e+007 1.77131e+007 1.77133e+007 1.77135e+007 1.77136e+007 1.77137e+007 1.77138e+007 1.77138e+007 1.77139e+007 1.77139e+007 1.77139e+007 1.77139e+007 1.77139e+007 1.7714e+007 1.7714e+007 1.7714e+007 1.7714e+007 1.7714e+007 1.7714e+007 1.7714e+007 1.7714e+007 1.7714e+007 1.7714e+007 1.7714e+007 1.7714e+007 1.7714e+007 1.7714e+007 1.7714e+007 1.7714e+007 1.7714e+007 1.7714e+007 1.7714e+007 1.7714e+007 1.7714e+007 1.7714e+007 1.7714e+007 1.7714e+007 1.7714e+007 1.7714e+007 1.7714e+007 1.7714e+007 1.7714e+007 1.7714e+007 1.7714e+007 1.7714e+007 1.7714e+007 1.7714e+007 1.7714e+007 1.7714e+007 1.7714e+007 1.7714e+007 1.7714e+007 1.7714e+007 1.7714e+007 1.7714e+007 1.7714e+007 1.7714e+007 1.7714e+007 1.7714e+007 1.7714e+007 1.7714e+007 1.7714e+007 1.7714e+007 1.7714e+007 1.7714e+007 1.7714e+007 0 0 0 0 0 0 0 0 0 0 0 0 0 0 0 0 0 0 0 0 0 0 0 0 0
#obs survey bio
 2.2428e+006 3.05287e+006 3.07288e+006 3.07638e+006 1.94129e+006 1.86624e+006 1.46038e+006 1.78795e+006 979613 897102 815580 828908 910542 715483 455111 586091 461960 448240 530549 531297 540324 481216 763971 468346 504858 433496 433696 526073 620728 430636 589497 727162 603095 494971 547061 451884 538626 621640 457447 697077 561877 579696 680283 569184 434921 530537 510158 486337 648549 742314 810229
#pred catch bio
 224252 270888 286858 327364 277002 284182 282296 272170 236709 231798 228377 202247 172306 159104 148009 137139 125822 122515 118936 109746 115257 108275 99967.5 92401.1 93835.3 100486 99357.7 95022.8 88971.2 95606.9 91016.1 89030.5 93619.6 90262.9 84251.2 85038.6 88456.1 88023.3 82184.6 86752.5 98196.7 88769.8 99523.5 98912.3 97818.2 91827.9 95910 96441.8 97232.6 105501 106714 65495.6 81640.6 81251.1 85151.6 92113.8 99769.5 106711 112388 116735 119915 122165 123718 124769 125470 125932 126233 126429 126555 126636 126687 126720 126741 126754 126762 126768 126771 126773 126775 126775 126776 126776 126776 126777 126777 126777 126777 126777 126777 126777 126777 126777 126777 126777 126777 126777 126777 126777 126777 126777 126777 126777 126777 126777 126777 126777 126777 126777 126777 126777 126777 126777 126777 126777 126777 126777 126777 126777 126777 126777 126777 126777 126777 126777 126777 126777 126777 126777 126777 126777 126777 126777 126777 126777 126777 126777 126777 126777 126777 126777 126777 126777 126777 126777 126777 126777 126777 126777 126777 126777 126777 0 0 0 0 0 0 0 0 0 0 0 0 0 0 0 0 0 0 0 0 0 0 0 0 0
#obs catch bio
 253135 272173 287866 331090 279056 288396 286642 277676 242114 238838 234759 208100 176501 162963 152767 139864 128365 125143 121195 111401 117533 110394 101821 94136.9 95800 102607 101138 97040.5 90175.7 97141.1 92018.2 89754.1 94518.8 91047.9 84948.3 85730.9 89103.9 88385.2 82352.5 87091.4 99077 89142.7 100061 99372.3 98731 92456.1 96679.8 97165.5 97676.2 105779 106788
#pred cpue bio
 3.68902e+006 3.3643e+006 3.01252e+006 2.6692e+006 2.31112e+006 2.0367e+006 1.77969e+006 1.54646e+006 1.34202e+006 1.19078e+006 1.05466e+006 927075 830456 768049 719900 682075 653032 633580 615144 597990 589133 571852 560738 558439 565173 570542 567047 562658 560751 562711 552772 543383 533919 521386 518008 526431 536506 543046 549596 563245 572800 569513 577232 572454 567732 563974 566941 564427 559471 550776 527727 1.73504e+007 1.02173e+007 1.0228e+007 1.07803e+007 1.17304e+007 1.27779e+007 1.37413e+007 1.45469e+007 1.51825e+007 1.56654e+007 1.60232e+007 1.62841e+007 1.64725e+007 1.66081e+007 1.67054e+007 1.67756e+007 1.68262e+007 1.6863e+007 1.689e+007 1.69098e+007 1.69244e+007 1.69353e+007 1.69435e+007 1.69496e+007 1.69543e+007 1.69578e+007 1.69605e+007 1.69625e+007 1.69641e+007 1.69653e+007 1.69662e+007 1.69669e+007 1.69674e+007 1.69679e+007 1.69682e+007 1.69684e+007 1.69686e+007 1.69688e+007 1.69689e+007 1.6969e+007 1.69691e+007 1.69691e+007 1.69691e+007 1.69692e+007 1.69692e+007 1.69692e+007 1.69692e+007 1.69692e+007 1.69693e+007 1.69693e+007 1.69693e+007 1.69693e+007 1.69693e+007 1.69693e+007 1.69693e+007 1.69693e+007 1.69693e+007 1.69693e+007 1.69693e+007 1.69693e+007 1.69693e+007 1.69693e+007 1.69693e+007 1.69693e+007 1.69693e+007 1.69693e+007 1.69693e+007 1.69693e+007 1.69693e+007 1.69693e+007 1.69693e+007 1.69693e+007 1.69693e+007 1.69693e+007 1.69693e+007 1.69693e+007 1.69693e+007 1.69693e+007 1.69693e+007 1.69693e+007 1.69693e+007 1.69693e+007 1.69693e+007 1.69693e+007 1.69693e+007 1.69693e+007 1.69693e+007 1.69693e+007 1.69693e+007 1.69693e+007 1.69693e+007 1.69693e+007 1.69693e+007 1.69693e+007 1.69693e+007 1.69693e+007 1.69693e+007 1.69693e+007 1.69693e+007 1.69693e+007 0 0 0 0 0 0 0 0 0 0 0 0 0 0 0 0 0 0 0 0 0 0 0 0 0
#obs cpue bio
 1.86742e+006 2.9908e+006 2.89614e+006 1.38946e+006 2.40721e+006 1.26272e+006 1.98043e+006 862110 977432 827611 1.37189e+006 642188 591452 606226 467730 1.1846e+006 618352 647116 664348 596375 455497 482078 311931 425920 424021 683635 711931 341455 630228 643796 583908 443706 444315 513133 414985 585782 569808 599006 670539 397194 467417 566765 553186 552461 495970 592944 600474 630346 566157 528637 419203
#pred surv len freq
 0.00557177 0.0090235 0.0135351 0.0190633 0.0254507 0.0323401 0.0391442 0.0451822 0.0499324 0.0532074 0.0551319 0.0559944 0.0561072 0.0557312 0.055047 0.0541484 0.0530543 0.0517261 0.0500684 0.0479041 0.0449573 0.040912 0.0355805 0.0291112 0.0220751
 0.00579205 0.00930604 0.0138272 0.0192866 0.0255448 0.032319 0.039125 0.0453518 0.0504562 0.0541302 0.0563358 0.0572396 0.0571306 0.0563462 0.0551973 0.0539028 0.0525543 0.051115 0.0494317 0.0472481 0.0442355 0.040082 0.0346547 0.028167 0.0212205
 0.00622945 0.00998448 0.0147818 0.0205137 0.0269883 0.0338626 0.0406025 0.04659 0.0513448 0.0546766 0.056655 0.0574733 0.057347 0.0564949 0.0551483 0.0535338 0.0518224 0.0500699 0.0481755 0.0458795 0.04282 0.0386619 0.0332788 0.0269075 0.0201581
 0.00653448 0.0104974 0.0155838 0.0216871 0.0285926 0.0358983 0.0429746 0.0490977 0.0537141 0.0566311 0.0579979 0.0581416 0.0574109 0.0560972 0.0544196 0.052537 0.0505578 0.0485246 0.0463718 0.0438889 0.0407467 0.0366207 0.0313828 0.0252588 0.0188325
 0.00695429 0.0111527 0.0165221 0.0229407 0.030182 0.0378319 0.0452371 0.0516285 0.0563861 0.0592442 0.0602992 0.0598761 0.0583888 0.0562469 0.0537951 0.0512738 0.0488063 0.0464056 0.0439746 0.0413004 0.0380789 0.0340161 0.0289959 0.0232252 0.0172374
 0.00730001 0.0117034 0.0173292 0.0240437 0.0316005 0.0395561 0.0472195 0.053786 0.0586148 0.0614369 0.0623467 0.0616545 0.0597498 0.0570349 0.0538893 0.0506296 0.0474689 0.0444878 0.0416209 0.0386643 0.0353211 0.0313091 0.0265148 0.0211199 0.0155985
 0.00766812 0.0122887 0.0181856 0.0252125 0.0331034 0.0413837 0.0493185 0.0560544 0.0609154 0.0636236 0.064291 0.0632574 0.0609358 0.0577361 0.0540348 0.0501542 0.0463379 0.0427235 0.0393141 0.0359667 0.0324276 0.0284365 0.0238752 0.0188859 0.0138693
 0.00806313 0.012914 0.0190951 0.026445 0.0346758 0.0432808 0.0514812 0.0583752 0.0632502 0.0658167 0.0662006 0.0647721 0.0619806 0.0582672 0.0540283 0.0495933 0.0452098 0.0410322 0.0371044 0.0333449 0.0295664 0.0255567 0.0212073 0.0166211 0.0121179
 0.00845635 0.0135385 0.020007 0.0276859 0.0362641 0.0452001 0.0536667 0.06071 0.0655805 0.0679794 0.0680505 0.0661981 0.0629099 0.0586627 0.0538813 0.0489125 0.0440123 0.0393423 0.0349654 0.0308406 0.0268383 0.0228003 0.0186405 0.0144337 0.0104232
 0.00865451 0.0138713 0.0205277 0.028451 0.0373219 0.0465722 0.0553293 0.0625867 0.067552 0.0699061 0.0697952 0.0676415 0.0639596 0.0592569 0.0539879 0.0485244 0.043141 0.038014 0.0332247 0.0287631 0.0245441 0.0204555 0.0164351 0.0125385 0.00894578
 0.00889125 0.0142439 0.0210668 0.0291794 0.0382546 0.0477141 0.0566683 0.064086 0.0691455 0.0715016 0.0712841 0.0689132 0.0649163 0.0598262 0.0541273 0.0482198 0.0424007 0.0368642 0.0317107 0.026956 0.0225506 0.0184187 0.0145174 0.0108874 0.00765572
 0.00913778 0.0146428 0.0216624 0.0300088 0.0393376 0.0490385 0.0581784 0.0656844 0.0707131 0.0729256 0.0724787 0.0698225 0.065506 0.0600737 0.0540188 0.0477513 0.0415807 0.0357154 0.030273 0.0252923 0.0207527 0.0166073 0.0128278 0.00944111 0.00652941
 0.00933041 0.0149454 0.022099 0.0305967 0.0400866 0.0499492 0.059236 0.0668515 0.0719273 0.0741044 0.0735321 0.0706694 0.0660875 0.0603581 0.0539973 0.0474289 0.0409695 0.0348342 0.0291518 0.0239802 0.0193242 0.0151611 0.0114747 0.00828038 0.00562396
 0.00942641 0.0150952 0.022313 0.0308814 0.0404451 0.0503817 0.0597399 0.0674209 0.0725518 0.0747683 0.0742106 0.0713251 0.0666706 0.0608126 0.0542713 0.0474842 0.0407859 0.0344093 0.0285014 0.0231403 0.0183537 0.0141404 0.0104954 0.007426 0.00494967
 0.00932925 0.0149712 0.0221888 0.0308025 0.0404628 0.0505335 0.0600338 0.0678336 0.073042 0.0752936 0.0747397 0.0718383 0.0671517 0.0612402 0.0546144 0.0477051 0.040848 0.0342872 0.0281878 0.0226514 0.0177307 0.0134463 0.00980473 0.00680887 0.00445466
 0.00936497 0.0150018 0.0221865 0.0307308 0.0402944 0.0502732 0.0597331 0.0675801 0.0729266 0.0753722 0.0750131 0.0722601 0.0676547 0.0617599 0.0550994 0.0481148 0.0411475 0.0344464 0.0281871 0.022489 0.0174284 0.013049 0.00937186 0.00640013 0.00411491
 0.0095012 0.015198 0.0224334 0.0309992 0.0405383 0.0504389 0.0597724 0.0674671 0.0726733 0.0750356 0.0746828 0.0720275 0.0675779 0.0618459 0.0553097 0.0483866 0.0414154 0.0346551 0.0282974 0.0224811 0.0173047 0.0128344 0.00910781 0.00613313 0.00388323
 0.00949593 0.0152037 0.0224672 0.0310828 0.0406881 0.0506524 0.0600184 0.0676886 0.0728055 0.0750321 0.0745376 0.0717813 0.0673046 0.061625 0.0551965 0.0483948 0.0415177 0.0347994 0.0284272 0.0225527 0.0172968 0.0127501 0.0089703 0.00597537 0.0037361
 0.00950628 0.0152157 0.0224774 0.0310877 0.0406886 0.0506581 0.0600476 0.0677603 0.0729253 0.0751813 0.0746746 0.0718592 0.0672957 0.0615366 0.055068 0.0482776 0.0414499 0.0347901 0.0284572 0.0225881 0.0173064 0.0127184 0.00890062 0.00588451 0.00364473
 0.00958527 0.0153286 0.0226183 0.0312407 0.0408315 0.0507696 0.0601144 0.0677811 0.0729113 0.0751513 0.0746465 0.0718399 0.0672768 0.0615003 0.0550011 0.0481825 0.0413454 0.0346995 0.0283942 0.02255 0.0172786 0.0126851 0.00885405 0.00582762 0.00358682
 0.00960339 0.0153571 0.022659 0.0312932 0.0408917 0.0508288 0.0601588 0.0677957 0.072886 0.0750875 0.0745596 0.071754 0.0672145 0.0614725 0.0550032 0.0482004 0.0413651 0.0347147 0.0284058 0.0225605 0.0172869 0.0126868 0.00884505 0.00580818 0.00356162
 0.00968266 0.0154819 0.0228386 0.0315325 0.0411885 0.0511706 0.0605202 0.0681387 0.0731656 0.075263 0.0746053 0.071667 0.0670152 0.061198 0.0546958 0.0478958 0.0410861 0.0344718 0.028202 0.022395 0.017157 0.0125874 0.00877 0.00575169 0.00351965
 0.00975147 0.0155826 0.0229699 0.0316868 0.0413552 0.0513408 0.0606895 0.0683053 0.0733262 0.0754074 0.074716 0.0717233 0.0670006 0.0611077 0.0545397 0.047696 0.0408695 0.0342624 0.0280157 0.0222396 0.0170336 0.0124933 0.00870057 0.00570191 0.00348501
 0.00978582 0.0156307 0.0230277 0.0317453 0.0414027 0.0513669 0.0606891 0.0682812 0.0732892 0.075374 0.0747026 0.0717391 0.0670426 0.0611611 0.0545844 0.0477155 0.0408576 0.0342237 0.0279613 0.0221813 0.0169801 0.0124488 0.00866607 0.00567637 0.00346684
 0.00961143 0.0153798 0.0227104 0.0313913 0.0410525 0.0510575 0.0604433 0.0681068 0.0731853 0.0753392 0.074739 0.0718505 0.0672287 0.0614117 0.0548779 0.0480219 0.0411466 0.0344722 0.0281584 0.0223271 0.017082 0.0125165 0.00870862 0.00570132 0.0034801
 0.00947248 0.0151591 0.0223899 0.0309623 0.0405232 0.0504605 0.059839 0.0675746 0.0728016 0.0751521 0.0747552 0.0720412 0.0675482 0.061815 0.0553277 0.0484874 0.0415999 0.0348878 0.0285163 0.0226162 0.017301 0.0126723 0.00881278 0.00576646 0.00351793
 0.00942982 0.0150909 0.0222888 0.0308211 0.0403346 0.0502191 0.0595449 0.0672394 0.0724529 0.0748327 0.0745138 0.0719175 0.0675599 0.0619534 0.0555643 0.0487859 0.0419252 0.0352106 0.0288131 0.0228706 0.0175039 0.0128227 0.00891614 0.00583217 0.00355646
 0.0092211 0.0147919 0.0219131 0.0304064 0.0399308 0.0498696 0.0592724 0.0670431 0.0723175 0.0747415 0.0744598 0.0719076 0.0676111 0.0620829 0.0557792 0.0490767 0.0422678 0.035573 0.0291638 0.0231842 0.0177643 0.0130233 0.00905919 0.00592632 0.0036134
 0.00905722 0.0145237 0.021509 0.029843 0.0392065 0.0490208 0.0583818 0.0662285 0.0716975 0.0743948 0.0744019 0.0720983 0.0679829 0.0625708 0.0563358 0.0496712 0.0428765 0.0361715 0.0297254 0.0236829 0.0181807 0.0133483 0.00929511 0.00608469 0.0037112
 0.0088413 0.0141916 0.021044 0.0292405 0.038473 0.0481729 0.057451 0.0652694 0.0707924 0.073647 0.0739138 0.0719416 0.0681752 0.063071 0.0570616 0.0505275 0.0437785 0.0370542 0.0305422 0.0244012 0.018779 0.0138175 0.00963868 0.00631795 0.00385701
 0.00884883 0.0141819 0.0209891 0.029102 0.0382122 0.0477671 0.0569064 0.0646221 0.0700984 0.0729681 0.0733112 0.0714748 0.0678993 0.0630264 0.057259 0.0509404 0.0443487 0.0377088 0.0312107 0.0250267 0.0193223 0.0142569 0.00996868 0.00654691 0.00400284
 0.00958433 0.0152153 0.0222429 0.0303998 0.0393247 0.0484885 0.0571192 0.0643181 0.069358 0.0719218 0.0721051 0.0702471 0.066767 0.0620785 0.0565533 0.0505013 0.0441665 0.0377427 0.0313988 0.0253001 0.019619 0.0145308 0.0101928 0.00671186 0.00411252
 0.0102898 0.0163219 0.0238241 0.0324724 0.0418174 0.0512114 0.0597541 0.066465 0.0706451 0.072134 0.0712561 0.0685555 0.0645601 0.0596868 0.0542417 0.0484468 0.0424645 0.036423 0.030442 0.0246543 0.0192155 0.0142994 0.0100725 0.00665625 0.00409043
 0.0102751 0.0163998 0.0241285 0.0331872 0.0431256 0.0532109 0.0623802 0.0694623 0.0736079 0.0746028 0.0728334 0.0690073 0.0638707 0.0580481 0.051982 0.0459299 0.0400037 0.0342346 0.0286396 0.023266 0.0182114 0.0136166 0.00963645 0.00639533 0.00394473
 0.00996376 0.0159419 0.023536 0.0325216 0.0425052 0.0528078 0.0623994 0.0700904 0.0749364 0.0765526 0.0751322 0.0712478 0.0656337 0.0590341 0.0520933 0.0452736 0.0388262 0.0328268 0.0272531 0.022068 0.0172777 0.012951 0.00919967 0.00613078 0.00379686
 0.00975142 0.0155906 0.0229989 0.0317599 0.0415077 0.0516194 0.0611451 0.0689768 0.0742153 0.0764516 0.0757751 0.0725939 0.0674656 0.061008 0.0538417 0.0465197 0.0394589 0.0329054 0.0269501 0.0215863 0.0167833 0.012542 0.00890911 0.005949 0.00369549
 0.00958716 0.0153354 0.0226356 0.0312771 0.0408977 0.0508785 0.0602813 0.0680262 0.0732595 0.0756257 0.0752513 0.0725364 0.0679672 0.062036 0.0552256 0.0479962 0.0407595 0.0338453 0.0274752 0.0217604 0.0167334 0.0123961 0.00875694 0.00583307 0.00362325
 0.00959905 0.0153336 0.0225944 0.0311597 0.0406667 0.0505099 0.0597761 0.0674114 0.0725802 0.0749372 0.0746198 0.0720456 0.0677153 0.0621117 0.0556654 0.0487498 0.0416887 0.0347677 0.0282309 0.0222658 0.0169933 0.0124762 0.00873976 0.00578395 0.00357805
 0.00972414 0.0155118 0.0228145 0.0313921 0.0408665 0.0506262 0.0597619 0.067234 0.0722303 0.074435 0.0740156 0.0714128 0.0671399 0.061681 0.055454 0.0487986 0.0419844 0.0352359 0.0287566 0.0227351 0.0173335 0.0126722 0.00882136 0.00579794 0.00356462
 0.00968327 0.0154624 0.0227706 0.0313746 0.0408939 0.0507015 0.0598632 0.0673168 0.0722414 0.0743334 0.0737879 0.0710792 0.0667493 0.0613004 0.0551548 0.0486417 0.0420043 0.0354271 0.0290713 0.023097 0.017666 0.0129246 0.00898004 0.00587905 0.00359633
 0.00958853 0.0153257 0.022598 0.0311849 0.0407163 0.0505689 0.0598043 0.0673468 0.072354 0.0744962 0.0739487 0.0711821 0.0667569 0.0612091 0.0549972 0.0484749 0.041889 0.0354069 0.029157 0.0232649 0.0178696 0.0131156 0.0091266 0.00597242 0.00364551
 0.00959475 0.0153359 0.0226136 0.0312082 0.0407508 0.0506201 0.0598792 0.0674517 0.0724909 0.0746581 0.0741154 0.0713213 0.0668306 0.0611868 0.0548697 0.0482619 0.0416359 0.0351692 0.0289808 0.0231712 0.017851 0.013145 0.00917289 0.00601332 0.00367197
 0.00952936 0.0152309 0.0224587 0.0309964 0.040482 0.0503054 0.0595451 0.0671388 0.0722465 0.0745241 0.0741161 0.0714555 0.0670714 0.061487 0.0551748 0.0485259 0.0418351 0.0353064 0.029078 0.0232548 0.0179374 0.0132358 0.00925902 0.00608393 0.00372155
 0.00960969 0.0153504 0.0226174 0.0311853 0.0406837 0.050496 0.0596973 0.0672272 0.0722546 0.0744513 0.0739805 0.071289 0.0669083 0.0613518 0.0550748 0.0484525 0.0417717 0.03524 0.0290069 0.0231874 0.0178857 0.0132067 0.00925095 0.00608919 0.00373147
 0.00959149 0.0153367 0.0226255 0.0312395 0.0408067 0.0506967 0.0599608 0.0675146 0.0725141 0.0746348 0.0740586 0.0712578 0.0667871 0.0611747 0.0548785 0.0482652 0.0416078 0.0351014 0.0288898 0.0230892 0.017807 0.0131497 0.0092155 0.00607139 0.00372516
 0.00952755 0.0152416 0.0224999 0.0310925 0.0406571 0.0505717 0.0598925 0.0675316 0.0726298 0.0748375 0.0743103 0.0715058 0.0669835 0.0612921 0.0549156 0.0482406 0.0415479 0.0350296 0.0288206 0.0230294 0.0177589 0.013114 0.00919194 0.00605832 0.00371965
 0.00941984 0.0150728 0.0222582 0.0307733 0.0402661 0.0501291 0.0594362 0.0671167 0.0723184 0.0746832 0.0743413 0.0717152 0.0673301 0.0617131 0.0553458 0.0486298 0.0418699 0.03528 0.0290086 0.023168 0.01786 0.0131866 0.00924279 0.00609283 0.00374212
 0.00929741 0.0148926 0.0220219 0.0304936 0.0399622 0.0498199 0.0591359 0.0668362 0.0720716 0.0744909 0.0742308 0.0717129 0.0674505 0.0619498 0.0556691 0.0489947 0.0422295 0.0355986 0.0292679 0.0233658 0.0180037 0.0132871 0.00931077 0.00613708 0.0037696
 0.00913978 0.0146548 0.0216989 0.030095 0.0395113 0.0493506 0.0586891 0.0664542 0.0717895 0.0743284 0.0741901 0.0717839 0.0676202 0.0622067 0.0560008 0.0493819 0.0426431 0.0360039 0.0296331 0.02367 0.0182396 0.0134586 0.00942809 0.0062128 0.00381555
 0.00878252 0.0141333 0.0210245 0.029317 0.0387042 0.0485921 0.0580429 0.065964 0.0714813 0.074213 0.0742631 0.072026 0.0679999 0.0626872 0.0565465 0.0499617 0.0432294 0.0365696 0.0301516 0.0241181 0.0186027 0.0137335 0.0096222 0.00634033 0.00389332
 0.00832487 0.0134512 0.0201152 0.028224 0.0375115 0.0474098 0.0569912 0.0651567 0.0710039 0.0741014 0.0744943 0.0725307 0.0686891 0.0634778 0.0573746 0.0507838 0.0440162 0.0372999 0.0308073 0.0246836 0.0190665 0.0140918 0.00988075 0.00651348 0.00400035
#obs surv len freq
 0.00496284 0.00813197 0.0123744 0.0177049 0.0239971 0.0308832 0.0377342 0.0438235 0.0485996 0.0518625 0.0537333 0.0544998 0.0544831 0.0539806 0.0532523 0.0525111 0.0519014 0.0514577 0.0510414 0.0502832 0.0486011 0.0453645 0.0401964 0.0332657 0.0253541
 0.0051889 0.00849618 0.0129169 0.0184622 0.024997 0.0321361 0.0392219 0.0454925 0.0503644 0.0536171 0.0553656 0.0559027 0.0555616 0.0546558 0.053464 0.0522211 0.0510985 0.050164 0.0493183 0.0482348 0.0463712 0.0431251 0.0381238 0.0315065 0.0239938
 0.00541467 0.00886953 0.0134902 0.0192871 0.0261132 0.0335544 0.0409079 0.0473645 0.0523083 0.055512 0.0571027 0.0573912 0.0567245 0.0554246 0.0537767 0.0520257 0.0503602 0.0488764 0.0475173 0.0460118 0.0438781 0.0405632 0.035712 0.0294349 0.022379
 0.00563352 0.00923026 0.0140427 0.0200822 0.0271939 0.0349414 0.0425834 0.0492636 0.0543256 0.05752 0.0589723 0.0590081 0.0579973 0.0562844 0.0541711 0.0519112 0.0497005 0.0476512 0.0457406 0.0437543 0.0412828 0.0378405 0.0331061 0.0271679 0.0205953
 0.00588243 0.00963235 0.0146433 0.0209228 0.0283055 0.0363339 0.0442341 0.0511114 0.0562779 0.0594671 0.0608024 0.0606162 0.05929 0.0571834 0.0546141 0.0518501 0.0490987 0.0464861 0.0440171 0.0415282 0.0386831 0.0350724 0.0304213 0.024806 0.01872
 0.0061262 0.0100364 0.0152652 0.0218195 0.0295204 0.0378769 0.0460636 0.0531314 0.0583566 0.0614674 0.0626068 0.0621356 0.0604596 0.0579534 0.0549425 0.0516988 0.0484338 0.0452835 0.0422764 0.0392955 0.0360752 0.032284 0.0277004 0.0223963 0.0167945
 0.00637519 0.0104417 0.0158766 0.0226847 0.0306772 0.0393401 0.047809 0.0550875 0.0604104 0.0634823 0.064446 0.063681 0.0616242 0.0586829 0.0552084 0.0514857 0.0477293 0.0440769 0.0405709 0.0371318 0.0335574 0.0295907 0.0250646 0.0200524 0.0149132
 0.00660239 0.0108174 0.0164536 0.0235154 0.0318025 0.0407721 0.0495146 0.0569845 0.0623809 0.0653973 0.0661851 0.0651428 0.062728 0.0593696 0.0554403 0.0512443 0.0470092 0.0428812 0.0389157 0.0350625 0.0311712 0.0270498 0.0225814 0.0178424 0.0131356
 0.00685403 0.0112269 0.0170707 0.0243865 0.032962 0.0422275 0.0512319 0.0588814 0.0643373 0.0672773 0.0678604 0.0665085 0.0637094 0.059921 0.0555398 0.0508861 0.046198 0.04163 0.0372503 0.0330348 0.0288767 0.0246384 0.0202442 0.0157723 0.0114745
 0.00705389 0.011559 0.0175836 0.0251294 0.0339741 0.0435217 0.0527783 0.0606033 0.0661228 0.0690016 0.0694068 0.0677802 0.0646332 0.0604482 0.0556443 0.0505611 0.0454503 0.0404773 0.0357237 0.0311886 0.0268026 0.0224725 0.0181557 0.0139292 0.00999861
 0.0072763 0.0119215 0.0181307 0.0259028 0.0350044 0.044815 0.0543023 0.0622817 0.0678446 0.0706418 0.0708474 0.0689252 0.0654158 0.0608309 0.0556151 0.0501264 0.0446288 0.0392965 0.0342219 0.0294233 0.0248616 0.0204791 0.0162578 0.01227 0.00867916
 0.00743312 0.0121819 0.0185326 0.026485 0.0357984 0.0458327 0.0555234 0.0636491 0.0692728 0.0720322 0.0721041 0.0699644 0.0661706 0.0612543 0.055681 0.0498289 0.0439787 0.0383183 0.0329537 0.0279218 0.023209 0.0187852 0.0146504 0.0108696 0.00756898
 0.00753167 0.0123423 0.0187751 0.02683 0.036265 0.0464344 0.0562624 0.0645115 0.070226 0.0730275 0.0730807 0.0708552 0.066909 0.0617809 0.0559489 0.0498069 0.0436536 0.0376954 0.032058 0.0268007 0.0219354 0.0174562 0.0133766 0.00975416 0.00668239
 0.00761315 0.0124695 0.0189571 0.0270725 0.0365705 0.0468032 0.0566919 0.064996 0.0707575 0.0735954 0.07367 0.0714433 0.0674622 0.0622546 0.0562924 0.0499711 0.043599 0.0373997 0.0315217 0.0260511 0.0210284 0.0164731 0.0124125 0.00889796 0.00599611
 0.00766264 0.0125451 0.0190619 0.0272063 0.0367305 0.0469852 0.0568918 0.0652108 0.0709872 0.0738444 0.0739454 0.0717508 0.0677993 0.0626049 0.056623 0.0502358 0.0437468 0.0373854 0.0313178 0.0256571 0.0204754 0.0158213 0.0117396 0.00828069 0.00549094
 0.00772025 0.0126335 0.0191848 0.0273633 0.0369164 0.0471902 0.0571023 0.0654111 0.0711635 0.0739896 0.0740629 0.0718526 0.0679019 0.0627207 0.056753 0.0503649 0.0438438 0.0374102 0.0312327 0.0254408 0.020133 0.015387 0.0112689 0.00783463 0.00511768
 0.00778248 0.0127273 0.0193122 0.027521 0.0370965 0.0473816 0.0572919 0.0655849 0.0713085 0.0740964 0.0741287 0.0718826 0.0679078 0.0627178 0.0567547 0.0503768 0.0438585 0.0374067 0.0311824 0.0253176 0.0199264 0.0151092 0.0109532 0.00752415 0.00485065
 0.0078377 0.0128132 0.019434 0.0276798 0.0372885 0.0475969 0.0575135 0.0657911 0.0714771 0.0742114 0.0741839 0.0718822 0.0678635 0.0626452 0.05667 0.0502931 0.0437821 0.0373341 0.0311002 0.0252078 0.0197755 0.0149169 0.0107351 0.00730673 0.00466038
 0.00786521 0.0128567 0.019497 0.0277647 0.037396 0.0477247 0.0576561 0.0659386 0.0716166 0.0743294 0.0742688 0.0719274 0.0678681 0.0626144 0.0566134 0.0502219 0.0437061 0.0372579 0.0310217 0.0251192 0.019668 0.0147874 0.0105899 0.00716061 0.00453037
 0.00786494 0.0128543 0.0194901 0.0277504 0.0373725 0.0476934 0.0576229 0.0659133 0.07161 0.0743491 0.0743165 0.0719976 0.0679502 0.0626962 0.0566847 0.0502767 0.043743 0.0372778 0.0310249 0.0251042 0.0196321 0.0147297 0.0105149 0.00707808 0.00445233
 0.00788269 0.0128737 0.0195019 0.0277406 0.0373263 0.0476021 0.0574892 0.0657531 0.0714484 0.0742138 0.0742306 0.0719745 0.0679914 0.0627912 0.0568152 0.0504217 0.0438838 0.0374009 0.0311224 0.0251721 0.0196691 0.0147373 0.0104982 0.00704558 0.00441424
 0.00788737 0.0128822 0.0195155 0.0277596 0.0373476 0.0476174 0.0574848 0.065714 0.0713656 0.0740911 0.0740871 0.071839 0.0678929 0.062749 0.0568338 0.0504917 0.0439866 0.0375156 0.0312306 0.0252607 0.0197313 0.0147718 0.0105084 0.00703836 0.0043978
 0.00789189 0.0128843 0.0195094 0.0277374 0.0373022 0.0475465 0.0573934 0.0656124 0.0712649 0.0739982 0.0740041 0.071767 0.0678369 0.0627191 0.0568413 0.0505429 0.0440784 0.0376354 0.0313604 0.0253826 0.0198318 0.0148442 0.0105526 0.00705938 0.00440315
 0.00789518 0.0128879 0.0195112 0.0277337 0.0372877 0.047515 0.0573395 0.065534 0.0711653 0.0738869 0.0738948 0.0716733 0.0677685 0.0626811 0.0568359 0.0505711 0.0441394 0.0377248 0.0314683 0.0254953 0.0199352 0.0149277 0.0106117 0.00709529 0.00442121
 0.00788065 0.0128639 0.0194744 0.0276809 0.0372169 0.0474262 0.0572358 0.0654217 0.0710523 0.0737815 0.0738045 0.0716052 0.0677287 0.0626741 0.0568632 0.0506313 0.0442284 0.0378362 0.0315937 0.0256241 0.0200557 0.01503 0.0106896 0.00714817 0.00445282
 0.00787848 0.0128588 0.0194641 0.0276619 0.0371856 0.0473798 0.0571738 0.0653461 0.0709677 0.0736941 0.0737213 0.071533 0.0676736 0.0626411 0.0568562 0.0506521 0.0442766 0.0379085 0.0316839 0.0257236 0.0201545 0.0151185 0.010761 0.00719978 0.00448595
 0.00786069 0.0128316 0.0194262 0.0276132 0.0371268 0.0473124 0.0570996 0.0652678 0.0708891 0.0736199 0.0736566 0.0714827 0.0676418 0.0626306 0.0568685 0.0506873 0.0443336 0.0379846 0.0317744 0.0258218 0.0202522 0.0152072 0.0108344 0.00725452 0.00452262
 0.00782297 0.0127703 0.0193341 0.0274849 0.0369603 0.0471127 0.0568805 0.0650512 0.0706998 0.073479 0.0735762 0.0714649 0.0676809 0.0627166 0.05699 0.0508335 0.0444951 0.0381532 0.0319429 0.025983 0.0203989 0.0153332 0.010935 0.00732863 0.00457237
 0.00779687 0.0127233 0.0192552 0.0273613 0.0367817 0.0468758 0.056595 0.0647405 0.0703974 0.0732208 0.0733924 0.0713742 0.0676881 0.0628134 0.0571587 0.0510519 0.0447409 0.0384073 0.0321899 0.0262112 0.0205996 0.0155002 0.0110655 0.00742333 0.00463558
 0.00778345 0.0126971 0.0192076 0.027281 0.0366568 0.0466979 0.0563629 0.0644635 0.0700953 0.0729223 0.0731305 0.0711809 0.0675875 0.0628169 0.0572625 0.0512393 0.0449869 0.0386843 0.0324723 0.0264781 0.0208358 0.0156965 0.0112181 0.00753353 0.00470891
 0.00774461 0.0126371 0.0191228 0.0271698 0.0365185 0.0465325 0.0561713 0.0642487 0.0698644 0.0726871 0.0729088 0.0709944 0.0674593 0.0627667 0.0573019 0.0513681 0.0451922 0.0389432 0.0327571 0.0267613 0.0210948 0.0159157 0.01139 0.00765808 0.00479187
 0.00933324 0.0148583 0.0217985 0.0299119 0.0388427 0.0480388 0.0566864 0.0638508 0.0687968 0.071234 0.0713054 0.0693978 0.0659615 0.0614188 0.0561329 0.050393 0.0444139 0.0383521 0.0323322 0.0264738 0.0209129 0.0158091 0.011333 0.00763105 0.00478106
 0.00932014 0.0151335 0.0227351 0.0319718 0.0423755 0.0530095 0.0625034 0.0694625 0.0730653 0.073384 0.0711789 0.0673944 0.0627603 0.057689 0.0523689 0.0468897 0.0413164 0.0357157 0.030163 0.0247503 0.0195954 0.0148458 0.0106641 0.00719361 0.00451405
 0.0089863 0.014605 0.0219883 0.0310523 0.0414535 0.0524192 0.062704 0.0708752 0.0758221 0.0771397 0.0751534 0.0706692 0.064663 0.0580261 0.0513962 0.0450979 0.0391988 0.0336341 0.0283233 0.0232381 0.0184225 0.0139842 0.0100662 0.00680396 0.00427733
 0.00880184 0.0142992 0.0215174 0.0303746 0.040545 0.0513037 0.0614933 0.069798 0.0752094 0.0773346 0.0763574 0.0727941 0.0672941 0.0605559 0.0532711 0.0460306 0.0392272 0.0330224 0.0274004 0.0222736 0.0175789 0.0133276 0.00959951 0.00649799 0.00409202
 0.00874465 0.014196 0.0213425 0.0300959 0.040129 0.0507258 0.0607518 0.0689298 0.0743048 0.0765469 0.0758921 0.0728586 0.0680081 0.0618614 0.0549092 0.0476236 0.0404324 0.0336643 0.027507 0.0220117 0.0171507 0.0128917 0.00924282 0.00624581 0.00393338
 0.00871261 0.0141451 0.0212675 0.02999 0.0399827 0.0505249 0.0604784 0.0685671 0.0738471 0.0760141 0.0753437 0.0723996 0.067774 0.0619752 0.0554186 0.0484548 0.0413976 0.0345337 0.0281054 0.0222818 0.0171488 0.0127325 0.00903685 0.00606417 0.00380365
 0.00867751 0.0140875 0.0211798 0.0298656 0.0398177 0.0503202 0.060241 0.0683079 0.0735761 0.0757365 0.0750625 0.072127 0.0675447 0.0618501 0.0554695 0.0487286 0.0418791 0.0351342 0.0286925 0.0227365 0.0174135 0.0128218 0.0090111 0.00599032 0.0037287
 0.00865689 0.0140539 0.0211291 0.0297937 0.039721 0.0501966 0.0600913 0.068137 0.0733921 0.0755493 0.0748807 0.0719574 0.0673949 0.0617349 0.0554163 0.0487728 0.0420474 0.035422 0.0290538 0.023097 0.0177031 0.0130036 0.0090902 0.00599945 0.00370557
 0.00864742 0.0140386 0.0211061 0.0297612 0.0396771 0.0501399 0.060021 0.068053 0.0732955 0.0754423 0.0747671 0.0718419 0.0672837 0.0616365 0.0553431 0.0487425 0.0420794 0.0355289 0.0292294 0.0233124 0.0179148 0.0131726 0.00919774 0.00604994 0.00371778
 0.00866707 0.0140659 0.0211386 0.0297934 0.0397022 0.0501515 0.060015 0.0680281 0.0732524 0.0753823 0.0746921 0.0717544 0.0671875 0.0615377 0.0552504 0.0486678 0.0420368 0.0355313 0.0292822 0.0234081 0.0180328 0.0132867 0.00928661 0.00610533 0.00374389
 0.0086318 0.0140177 0.0210827 0.0297399 0.0396621 0.0501318 0.0600148 0.068039 0.0732631 0.0753839 0.0746808 0.0717316 0.0671568 0.0615031 0.0552159 0.0486385 0.0420197 0.0355344 0.0293122 0.0234655 0.01811 0.0133694 0.00935974 0.00615907 0.00377643
 0.00863678 0.0140206 0.021078 0.0297206 0.0396235 0.0500755 0.0599513 0.067985 0.0732335 0.0753842 0.0747045 0.0717643 0.0671838 0.0615153 0.0552122 0.0486235 0.0420014 0.0355218 0.029313 0.023484 0.0181453 0.0134149 0.00940601 0.00619776 0.00380336
 0.00864539 0.0140364 0.0211047 0.0297615 0.0396789 0.0501408 0.0600156 0.0680342 0.0732565 0.0753788 0.0746774 0.0717265 0.0671438 0.0614757 0.0551708 0.048578 0.0419527 0.0354747 0.0292742 0.0234594 0.0181372 0.0134214 0.00942148 0.00621559 0.00381852
 0.0086206 0.0140005 0.0210592 0.029711 0.0396308 0.0501033 0.0599959 0.068036 0.0732785 0.0754145 0.0747175 0.0717623 0.067171 0.0614946 0.0551835 0.0485862 0.0419567 0.0354749 0.0292726 0.0234593 0.0181417 0.0134314 0.00943556 0.00623066 0.00383158
 0.00862177 0.0139976 0.0210461 0.02968 0.0395756 0.0500233 0.0598993 0.0679394 0.0732013 0.0753717 0.0747146 0.0717946 0.0672268 0.0615601 0.0552481 0.0486435 0.0420045 0.0355132 0.0293027 0.0234832 0.0181618 0.0134495 0.00945228 0.00624547 0.00384354
 0.00862177 0.0139976 0.0210461 0.02968 0.0395756 0.0500233 0.0598993 0.0679394 0.0732013 0.0753717 0.0747146 0.0717946 0.0672268 0.0615601 0.0552481 0.0486435 0.0420045 0.0355132 0.0293027 0.0234832 0.0181618 0.0134495 0.00945228 0.00624547 0.00384354
 0.0086269 0.0140079 0.0210649 0.0297102 0.0396176 0.0500726 0.0599453 0.0679682 0.073202 0.0753421 0.0746633 0.0717368 0.067177 0.0615266 0.0552311 0.0486382 0.0420047 0.0355143 0.0293029 0.0234827 0.0181616 0.0134506 0.00945511 0.00624956 0.00384793
 0.00863305 0.0140181 0.0210807 0.0297335 0.0396504 0.0501161 0.0599993 0.0680289 0.0732616 0.0753894 0.0746872 0.0717309 0.0671429 0.0614735 0.0551714 0.0485825 0.0419584 0.0354784 0.0292754 0.0234616 0.0181457 0.0134395 0.00944826 0.00624623 0.003847
 0.00863128 0.0140171 0.0210826 0.0297414 0.0396676 0.0501449 0.0600396 0.0680787 0.0733163 0.0754436 0.0747343 0.0717637 0.0671552 0.0614623 0.0551387 0.0485348 0.041905 0.0354272 0.0292315 0.0234267 0.0181194 0.0134207 0.00943581 0.00623871 0.00384304
 0.00871585 0.0141508 0.0212761 0.0300007 0.0399909 0.0505192 0.0604378 0.0684609 0.0736377 0.0756648 0.0748315 0.0717322 0.0670071 0.0612215 0.0548348 0.0481983 0.041564 0.0351052 0.0289456 0.023187 0.0179294 0.0132783 0.00933544 0.00617257 0.00380263
#pred catch len freq
 0.00568224 0.00891408 0.0128469 0.0173127 0.0221875 0.0273825 0.0327615 0.0380944 0.0431011 0.0475326 0.0512175 0.0540703 0.0560863 0.0573253 0.0578811 0.0578452 0.0572847 0.0562289 0.0546462 0.0524023 0.0492379 0.0448348 0.0390036 0.0319164 0.0242038
 0.00597448 0.00931069 0.0133043 0.0177566 0.0225528 0.0276663 0.0330509 0.0385375 0.043828 0.0485687 0.0524461 0.0552683 0.0570117 0.0578084 0.0578768 0.0574305 0.056609 0.0554428 0.053839 0.0515796 0.0483496 0.0438367 0.0379122 0.030819 0.02322
 0.00648228 0.0100791 0.0143501 0.0190468 0.0240029 0.0291488 0.0344164 0.0396545 0.0446343 0.0491042 0.0528308 0.0556226 0.0573695 0.0580863 0.0579215 0.0571098 0.0558818 0.0543683 0.0525309 0.0501457 0.0468604 0.0423365 0.0364529 0.0294782 0.0220854
 0.00689297 0.0107325 0.0153066 0.0203519 0.0256767 0.0311682 0.0366927 0.0420215 0.0468648 0.0509611 0.0541361 0.0563122 0.0574989 0.0577781 0.0572854 0.0561897 0.0546637 0.0528325 0.050701 0.0481003 0.0447131 0.0402113 0.0344705 0.0277481 0.0206899
 0.00737166 0.0114628 0.0163201 0.0216551 0.0272635 0.0330333 0.0388306 0.0444036 0.0494063 0.0534976 0.0564311 0.0581057 0.0585807 0.0580512 0.0567818 0.0550294 0.0529879 0.0507567 0.048313 0.0454892 0.041997 0.0375414 0.0320114 0.0256445 0.0190343
 0.00782629 0.0121628 0.0173012 0.0229266 0.0288114 0.0348266 0.0408248 0.0465424 0.0516237 0.0557173 0.0585566 0.0600035 0.0600777 0.0589609 0.056956 0.0544071 0.0516097 0.0487405 0.0458136 0.0426728 0.0390386 0.0346292 0.0293367 0.0233714 0.0172627
 0.00831443 0.0129134 0.0183518 0.0242866 0.0304657 0.0367417 0.0429477 0.0487962 0.0539078 0.0579177 0.0605604 0.0617087 0.061391 0.0597889 0.057201 0.0539805 0.050462 0.0468898 0.0433569 0.0397764 0.0359169 0.0315207 0.0264747 0.0209458 0.0153834
 0.00883769 0.0137157 0.0194702 0.0257262 0.0322049 0.0387397 0.0451453 0.0511113 0.0562334 0.0601297 0.0625309 0.0633215 0.0625527 0.0604326 0.0572803 0.05346 0.0493155 0.0451148 0.0409995 0.036953 0.0328183 0.0283912 0.023569 0.0184757 0.0134712
 0.00931229 0.0144475 0.0204984 0.0270632 0.0338392 0.0406395 0.0472568 0.053353 0.0584968 0.0622874 0.0644515 0.0648836 0.0636575 0.0610112 0.0572948 0.0528968 0.0481772 0.0434183 0.0387879 0.0343175 0.0299152 0.0254372 0.0208057 0.0161137 0.0116377
 0.00962027 0.0149341 0.0212053 0.028022 0.0350683 0.0421394 0.0490007 0.0552795 0.0605107 0.0642698 0.0662736 0.0664215 0.0648046 0.0616875 0.0574513 0.0525137 0.0472584 0.0419873 0.0368918 0.0320394 0.0273891 0.0228486 0.0183668 0.0140155 0.0100007
 0.00998884 0.015495 0.0219797 0.0290082 0.0362495 0.0434936 0.0505034 0.0568972 0.06219 0.0659321 0.0678186 0.0677393 0.0657922 0.0622638 0.0575651 0.052144 0.0464097 0.0406858 0.0351859 0.0300079 0.0251508 0.0205633 0.0162164 0.0121647 0.00855495
 0.0102996 0.0159799 0.0226711 0.0299226 0.0373846 0.0448258 0.0519845 0.0584542 0.0637348 0.0673758 0.069083 0.0687593 0.0665132 0.0626399 0.0575617 0.0517421 0.0456092 0.0395067 0.0336704 0.0282257 0.0232052 0.01859 0.0143674 0.0105773 0.00731624
 0.0105023 0.016292 0.0231099 0.0304962 0.0380954 0.0456743 0.0529669 0.0595542 0.0649137 0.0685689 0.0702058 0.0697229 0.0672416 0.06308 0.0576839 0.0515344 0.0450722 0.0386531 0.0325301 0.0268528 0.0216835 0.0170318 0.0128984 0.00931072 0.00632476
 0.0106214 0.0164736 0.0233611 0.0308172 0.0384826 0.0461243 0.0534791 0.0601301 0.0655534 0.0692649 0.0709367 0.0704486 0.0679041 0.0636125 0.0580233 0.0516331 0.0449032 0.0382108 0.0318303 0.0259349 0.0206137 0.0159007 0.0118096 0.0083587 0.0055723
 0.0105052 0.0163207 0.0231978 0.0306903 0.0384471 0.0462233 0.0537284 0.0605151 0.0660403 0.0698163 0.0715217 0.0710429 0.0684836 0.0641454 0.0584674 0.0519402 0.0450283 0.0381226 0.0315195 0.0254193 0.01994 0.0151404 0.0110475 0.00767467 0.00502205
 0.0105328 0.0163423 0.0231893 0.0306206 0.0382936 0.0459922 0.0534666 0.0603019 0.065958 0.0699162 0.0718062 0.0714722 0.0689971 0.0646824 0.058976 0.0523752 0.0453482 0.0382908 0.0315114 0.0252315 0.019596 0.0146903 0.010558 0.00721284 0.00463835
 0.0106598 0.0165225 0.0234104 0.0308507 0.0384856 0.0460945 0.0534377 0.0601263 0.0656591 0.0695596 0.0714848 0.0712751 0.0689766 0.0648381 0.0592618 0.0527214 0.0456832 0.0385539 0.0316592 0.0252417 0.0194717 0.0144598 0.0102685 0.00691739 0.00438069
 0.0106564 0.0165289 0.0234412 0.0309243 0.0386156 0.0462782 0.0536473 0.0603109 0.0657602 0.0695349 0.0713294 0.0710289 0.0687132 0.0646372 0.0591786 0.052768 0.0458281 0.0387392 0.0318227 0.0253354 0.0194723 0.0143717 0.0101182 0.00674266 0.00421673
 0.0106708 0.0165475 0.0234613 0.0309429 0.0386334 0.0463038 0.0536968 0.0604001 0.0658916 0.0696872 0.0714601 0.0710919 0.0686831 0.0645251 0.0590288 0.052636 0.0457543 0.0387321 0.0318595 0.0253775 0.0194848 0.0143369 0.0100403 0.00664052 0.00411385
 0.0107287 0.0166283 0.0235581 0.0310405 0.0387126 0.0463483 0.0537001 0.0603691 0.065845 0.0696488 0.0714482 0.0711091 0.0687134 0.0645425 0.0590136 0.0525875 0.045691 0.0386784 0.0318297 0.0253682 0.0194795 0.0143186 0.0100013 0.00658523 0.00405398
 0.0107926 0.0167237 0.0236853 0.0311928 0.0388764 0.0465042 0.0538256 0.0604425 0.0658521 0.0695898 0.0713396 0.0709793 0.0685908 0.0644445 0.0589415 0.0525317 0.0456411 0.038631 0.0317878 0.0253354 0.0194543 0.0142949 0.00997317 0.00655148 0.00401825
 0.0108663 0.0168377 0.023846 0.031402 0.0391299 0.0467915 0.0541276 0.0607314 0.0660934 0.069749 0.0713919 0.0709172 0.068428 0.0642116 0.0586761 0.0522664 0.0453969 0.0384176 0.031608 0.0251886 0.0193383 0.0142052 0.00990409 0.00649797 0.00397716
 0.0109099 0.0169004 0.0239254 0.0314918 0.0392236 0.0468862 0.0542267 0.060842 0.0662198 0.069886 0.071522 0.071015 0.0684693 0.0641832 0.058581 0.0521225 0.045229 0.0382489 0.0314549 0.0250593 0.0192346 0.0141253 0.00984406 0.0064538 0.00394539
 0.0109043 0.0168892 0.0239047 0.0314568 0.03917 0.0468127 0.054138 0.0607497 0.0661422 0.069844 0.0715321 0.0710822 0.0685832 0.0643196 0.0587108 0.0522218 0.0452871 0.0382685 0.0314471 0.0250371 0.0192081 0.0141001 0.00982259 0.00643643 0.00393188
 0.0107005 0.0165968 0.0235369 0.0310499 0.0387725 0.0464683 0.0538721 0.0605686 0.0660411 0.0698178 0.0715812 0.0712107 0.0687915 0.064598 0.0590363 0.0525618 0.0456081 0.0385449 0.0316664 0.0251994 0.0193214 0.0141753 0.00986982 0.00646408 0.00394654
 0.0105697 0.0163931 0.0232481 0.0306741 0.0383218 0.0459723 0.0533787 0.0601371 0.0657273 0.0696563 0.0715773 0.071345 0.0690336 0.0649179 0.0594079 0.0529604 0.0460074 0.0389182 0.0319914 0.0254627 0.0195204 0.0143158 0.00996276 0.00652147 0.00397939
 0.0105122 0.0163041 0.023122 0.030507 0.0381107 0.0457145 0.0530747 0.0597967 0.0653752 0.0693334 0.0713319 0.0712181 0.0690447 0.06506 0.0596536 0.0532734 0.0463517 0.0392625 0.0323101 0.025737 0.0197398 0.0144786 0.0100746 0.0065925 0.00402096
 0.010244 0.0159195 0.0226381 0.0299717 0.0375879 0.0452609 0.0527215 0.059546 0.0652106 0.0692354 0.0712909 0.071239 0.0691432 0.0652518 0.0599427 0.0536463 0.0467791 0.0397072 0.0327361 0.0261156 0.0200527 0.0147191 0.010246 0.00670528 0.00408921
 0.0100145 0.0155613 0.0221288 0.0293059 0.0367842 0.0443685 0.0518227 0.0587453 0.0646088 0.0688982 0.0712313 0.0714229 0.0695129 0.0657504 0.0605265 0.0542837 0.0474426 0.0403671 0.0333595 0.0266716 0.0205182 0.015083 0.0105104 0.00688285 0.0041989
 0.00978981 0.0152215 0.0216637 0.0287201 0.0360916 0.0435866 0.0509733 0.0578649 0.0637596 0.0681696 0.0707229 0.0712147 0.069636 0.0661779 0.0611872 0.055089 0.0483102 0.0412313 0.0341712 0.027394 0.0211257 0.0155628 0.0108635 0.00712345 0.00434965
 0.0097754 0.0151819 0.0215746 0.028549 0.0358063 0.0431677 0.050424 0.0572134 0.0630521 0.067462 0.070077 0.0706974 0.069314 0.0661026 0.0613767 0.0555182 0.0489174 0.0419369 0.0348971 0.0280768 0.0217209 0.0160454 0.0112267 0.00737585 0.00451058
 0.0106204 0.0163714 0.0230228 0.0300578 0.0371176 0.0440491 0.0507415 0.0569539 0.0622993 0.0663532 0.0687661 0.0693317 0.0680223 0.0649884 0.0605131 0.0549429 0.048629 0.0418968 0.0350399 0.0283272 0.0220098 0.0163201 0.0114553 0.00754593 0.00462448
 0.0114929 0.0177007 0.0248502 0.0323437 0.0397305 0.0467647 0.0532532 0.0589148 0.0634045 0.0664348 0.0678483 0.0676128 0.0657988 0.0625683 0.0581551 0.0528312 0.0468711 0.0405329 0.0340562 0.0276711 0.0216085 0.0160981 0.0113466 0.00750076 0.00461027
