SBPRF35
8.20661
Curr Bio
560515
B35
537932
F35
0.208392
FOFL
0.182981
OFL
68778.6
Bzero
2.34475e+006
#pred survey bio
 2.74028e+006 2.49632e+006 2.31362e+006 2.05755e+006 1.83161e+006 1.63856e+006 1.39672e+006 1.26283e+006 1.13318e+006 1.02502e+006 909134 781308 685338 640812 612476 600329 559435 566152 582210 591494 601344 576588 544567 493144 503140 521868 550631 554565 521827 506339 515806 530610 528242 541257 556264 567229 573235 566844 564229 567510 566040 564288 554782 568607 591178 620703 596331 542649 578666 563383 541707 563228 637380 656278 666029 647753 568203 1.69013e+007 1.04048e+007 1.10403e+007 1.20824e+007 1.32832e+007 1.44439e+007 1.54556e+007 1.62803e+007 1.69226e+007 1.74078e+007 1.77668e+007 1.8029e+007 1.82191e+007 1.83565e+007 1.84559e+007 1.85279e+007 1.85803e+007 1.86187e+007 1.8647e+007 1.86679e+007 1.86836e+007 1.86953e+007 1.87041e+007 1.87108e+007 1.87159e+007 1.87198e+007 1.87228e+007 1.87251e+007 1.87268e+007 1.87282e+007 1.87292e+007 1.87301e+007 1.87307e+007 1.87312e+007 1.87316e+007 1.87318e+007 1.87321e+007 1.87323e+007 1.87324e+007 1.87325e+007 1.87326e+007 1.87327e+007 1.87327e+007 1.87327e+007 1.87328e+007 1.87328e+007 1.87328e+007 1.87328e+007 1.87328e+007 1.87329e+007 1.87329e+007 1.87329e+007 1.87329e+007 1.87329e+007 1.87329e+007 1.87329e+007 1.87329e+007 1.87329e+007 1.87329e+007 1.87329e+007 1.87329e+007 1.87329e+007 1.87329e+007 1.87329e+007 1.87329e+007 1.87329e+007 1.87329e+007 1.87329e+007 1.87329e+007 1.87329e+007 1.87329e+007 1.87329e+007 1.87329e+007 1.87329e+007 1.87329e+007 1.87329e+007 1.87329e+007 1.87329e+007 1.87329e+007 1.87329e+007 1.87329e+007 1.87329e+007 1.87329e+007 1.87329e+007 1.87329e+007 1.87329e+007 1.87329e+007 1.87329e+007 1.87329e+007 1.87329e+007 1.87329e+007 1.87329e+007 1.87329e+007 1.87329e+007 1.87329e+007 1.87329e+007 1.87329e+007 1.87329e+007 1.87329e+007 1.87329e+007 0 0 0 0 0 0 0 0 0 0 0 0 0 0 0 0 0 0 0 0 0 0 0 0 0
#obs survey bio
 2.77308e+006 2.78357e+006 2.50917e+006 1.70848e+006 2.15273e+006 1.61063e+006 1.27181e+006 1.22964e+006 1.12215e+006 942161 861176 730058 675656 658149 742019 705546 633164 602650 590535 457566 666790 576569 714914 289670 585240 421791 544992 596968 454400 450748 422830 717833 471060 661602 488962 500004 625360 976447 546821 585105 480159 600542 410545 614236 586015 717490 585933 639462 588357 675554 475273 659720 706609 596203 593958 699864 767156
#pred catch bio
 344229 302390 315028 323095 309362 348043 262616 280586 264218 254907 231831 210667 174034 169001 154821 168998 122631 121954 120306 112117 116001 99037.6 98639.2 102296 96940.2 92663.2 100160 103266 97559.1 93911.7 97497.1 90792.1 88977 83430.8 88978.6 87971.4 83187.9 82289.7 89084 92650.4 92979.4 97187.1 91046.2 90804.8 90696 85351 136562 53920.5 94008.9 90846.5 87529.6 52928.7 103295 106431 114175 109078 117900 68778.6 78826.7 82382.1 89397.2 98084 106511 113741 119490 123826 126973 129191 130721 131758 132452 132911 133212 133409 133536 133618 133671 133705 133727 133740 133749 133755 133758 133761 133762 133763 133764 133764 133764 133764 133764 133764 133764 133765 133765 133765 133765 133765 133765 133765 133765 133765 133765 133765 133765 133765 133765 133765 133765 133765 133765 133765 133765 133765 133765 133765 133765 133765 133765 133765 133765 133765 133765 133765 133765 133765 133765 133765 133765 133765 133765 133765 133765 133765 133765 133765 133765 133765 133765 133765 133765 133765 133765 133765 133765 133765 133765 133765 133765 133765 133765 133765 133765 133765 133765 133765 133765 0 0 0 0 0 0 0 0 0 0 0 0 0 0 0 0 0 0 0 0 0 0 0 0 0
#obs catch bio
 239936 302382 314505 323406 309169 348877 261820 281260 264721 255462 230938 210864 173886 169593 154981 169468 122198 122300 120305 112117 116049 98845 98194.4 103211 96939.1 92736.6 100191 103044 97496.6 94004.9 97977.1 90538.5 89134.9 83302.5 89040.1 88008 83083.7 82203.8 89159.3 92667.3 92952.7 97199.4 91067.2 90821.2 90936.1 84743.5 138362 53333 94401.4 90702.8 88042.8 52473.8 103775 106410 114344 108718 118131
#pred cpue bio
 2.70522e+006 2.4621e+006 2.27899e+006 2.02395e+006 1.79891e+006 1.60667e+006 1.36663e+006 1.23329e+006 1.10415e+006 996551 881890 756173 661725 617787 589756 577820 537857 544227 559592 568534 578084 554251 523605 474114 483473 501703 529682 533717 502382 487474 496736 511044 507781 518357 531928 542459 548422 542538 540258 543458 542122 540522 531395 544584 566211 594636 571636 518721 554077 540014 519224 539435 611703 630229 639125 620786 544224 1.61447e+007 9.90971e+006 1.04151e+007 1.13686e+007 1.25487e+007 1.3706e+007 1.47173e+007 1.55419e+007 1.61842e+007 1.66694e+007 1.70284e+007 1.72906e+007 1.74807e+007 1.76181e+007 1.77175e+007 1.77895e+007 1.78419e+007 1.78803e+007 1.79086e+007 1.79295e+007 1.79452e+007 1.79569e+007 1.79657e+007 1.79724e+007 1.79775e+007 1.79814e+007 1.79844e+007 1.79867e+007 1.79884e+007 1.79898e+007 1.79908e+007 1.79916e+007 1.79923e+007 1.79928e+007 1.79931e+007 1.79934e+007 1.79937e+007 1.79938e+007 1.7994e+007 1.79941e+007 1.79942e+007 1.79942e+007 1.79943e+007 1.79943e+007 1.79944e+007 1.79944e+007 1.79944e+007 1.79944e+007 1.79944e+007 1.79944e+007 1.79944e+007 1.79945e+007 1.79945e+007 1.79945e+007 1.79945e+007 1.79945e+007 1.79945e+007 1.79945e+007 1.79945e+007 1.79945e+007 1.79945e+007 1.79945e+007 1.79945e+007 1.79945e+007 1.79945e+007 1.79945e+007 1.79945e+007 1.79945e+007 1.79945e+007 1.79945e+007 1.79945e+007 1.79945e+007 1.79945e+007 1.79945e+007 1.79945e+007 1.79945e+007 1.79945e+007 1.79945e+007 1.79945e+007 1.79945e+007 1.79945e+007 1.79945e+007 1.79945e+007 1.79945e+007 1.79945e+007 1.79945e+007 1.79945e+007 1.79945e+007 1.79945e+007 1.79945e+007 1.79945e+007 1.79945e+007 1.79945e+007 1.79945e+007 1.79945e+007 1.79945e+007 1.79945e+007 1.79945e+007 1.79945e+007 1.79945e+007 0 0 0 0 0 0 0 0 0 0 0 0 0 0 0 0 0 0 0 0 0 0 0 0 0
#obs cpue bio
 3.08886e+006 1.88089e+006 2.92331e+006 2.01666e+006 1.5022e+006 1.77926e+006 1.51014e+006 1.11745e+006 1.0468e+006 1.07466e+006 1.25832e+006 687768 664031 510800 479482 549852 507891 393321 654455 666167 587860 557665 547774 351352 638170 530840 596344 621850 518852 469597 473084 596609 431888 492733 569112 608303 553899 311020 514889 550364 633047 543057 644161 516661 455680 840865 384886 507748 552954 513103 427274 535275 564488 665077 673392 732349 350306
#pred surv len freq
 0.0046351 0.0076403 0.0117101 0.0168848 0.0230553 0.0298593 0.0366684 0.0427623 0.0476056 0.0510191 0.053136 0.0542327 0.0545852 0.0544133 0.053884 0.0531345 0.0522941 0.0514796 0.0507361 0.0499211 0.0486083 0.0461362 0.0418849 0.0356778 0.0280359
 0.00504652 0.00825795 0.0125469 0.0179255 0.0242697 0.0312197 0.0381533 0.0443414 0.0492157 0.0525511 0.0544496 0.055197 0.0551257 0.0545376 0.0536701 0.0526864 0.0516865 0.0507173 0.0497481 0.0486003 0.0468829 0.0440414 0.0395887 0.0334375 0.0261032
 0.00519415 0.00855278 0.0130879 0.018828 0.0256258 0.0330424 0.0403394 0.0466848 0.0514746 0.0545283 0.0560331 0.0563455 0.0558277 0.0547877 0.0534752 0.0520823 0.0507343 0.0494751 0.0482391 0.0468092 0.0447944 0.0417007 0.0371392 0.0310994 0.0240991
 0.00542712 0.00891147 0.0135954 0.0195055 0.0265048 0.0341738 0.0417837 0.0484776 0.0535796 0.056808 0.0582656 0.0582852 0.0572774 0.0556389 0.0537052 0.0517253 0.0498534 0.0481414 0.0465177 0.0447541 0.0424632 0.0391867 0.0345962 0.0287288 0.0220939
 0.00563049 0.00926418 0.0141648 0.0203626 0.0277025 0.0357186 0.0436179 0.0504902 0.0556455 0.0588266 0.0601664 0.0599996 0.0587069 0.0566548 0.0541827 0.0515842 0.0490774 0.0467707 0.0446279 0.0424412 0.0398441 0.0364119 0.0318559 0.0262322 0.0200207
 0.00578285 0.00952199 0.0145734 0.0209749 0.0285735 0.0368921 0.0451075 0.0522623 0.0576136 0.0608625 0.0621265 0.0617546 0.0601579 0.0577279 0.0548104 0.0516965 0.0486126 0.0456991 0.0429711 0.0402783 0.0373104 0.0336927 0.0291712 0.0238037 0.0180227
 0.0061828 0.0101541 0.0154907 0.0222144 0.0301492 0.0387865 0.0472612 0.0545718 0.0599444 0.0630715 0.064082 0.0633473 0.061306 0.0583789 0.0549378 0.0512881 0.047659 0.0441934 0.0409252 0.0377496 0.0344241 0.0306444 0.0262037 0.0211574 0.0158767
 0.00634586 0.0104345 0.0159404 0.0228902 0.0310992 0.0400294 0.0487692 0.0562689 0.061725 0.0648274 0.0657215 0.0647967 0.0625006 0.0592549 0.0554316 0.051342 0.0472269 0.0432462 0.0394601 0.0358072 0.032107 0.0281251 0.0237049 0.0189048 0.0140405
 0.00654501 0.0107731 0.0164777 0.0236908 0.0322195 0.0414953 0.050553 0.0582797 0.0638199 0.0668407 0.0674981 0.0662184 0.0634984 0.0598044 0.0555361 0.051011 0.0464633 0.042046 0.0378266 0.0337746 0.0297643 0.025627 0.0212561 0.0167146 0.0122666
 0.00671111 0.0110494 0.016906 0.0243162 0.0330843 0.0426275 0.0519513 0.0599038 0.0655892 0.0686422 0.0691997 0.0676869 0.0646189 0.060498 0.0557662 0.0507775 0.0457862 0.0409508 0.0363419 0.0319451 0.0276727 0.0234082 0.0190874 0.0147786 0.0107008
 0.00691163 0.0113773 0.0174031 0.025022 0.0340281 0.0438156 0.0533555 0.061458 0.0672005 0.070209 0.0706265 0.0688897 0.0655252 0.0610478 0.0559168 0.0505085 0.0451008 0.039872 0.0349087 0.0302153 0.0257333 0.0213837 0.0171323 0.0130483 0.00931005
 0.00710733 0.011698 0.0178899 0.0257141 0.0349537 0.0449786 0.0547224 0.0629543 0.0687223 0.0716449 0.0718784 0.0698842 0.0662151 0.0614063 0.0559303 0.050172 0.0444167 0.0388538 0.033586 0.0286407 0.0239891 0.0195839 0.0154125 0.0115395 0.00810573
 0.00731254 0.0120329 0.0183961 0.0264299 0.0359054 0.046167 0.0561094 0.0644591 0.0702329 0.0730406 0.0730523 0.0707578 0.0667436 0.0615765 0.0557528 0.0496704 0.0436189 0.0377881 0.0322859 0.0271535 0.0223859 0.0179624 0.0138869 0.0102178 0.00706136
 0.00734847 0.0120958 0.0185002 0.0265937 0.0361516 0.0465197 0.0565891 0.0650768 0.070983 0.0738955 0.0739606 0.0716482 0.067535 0.0621918 0.0561316 0.0497755 0.0434372 0.0373268 0.0315694 0.0262246 0.0213087 0.0168229 0.0127843 0.00924539 0.00628442
 0.00736575 0.0121336 0.0185749 0.0267266 0.036364 0.0468253 0.0569879 0.0655546 0.0715174 0.074463 0.0745399 0.0722172 0.0680653 0.0626452 0.0564623 0.0499384 0.0433966 0.0370644 0.0310887 0.0255528 0.0204973 0.0159445 0.0119231 0.00848044 0.00567091
 0.00734474 0.0120923 0.018501 0.0266078 0.0361955 0.04662 0.0567816 0.065402 0.0714759 0.0745739 0.0748152 0.0726391 0.0685938 0.0632269 0.0570369 0.0504431 0.0437721 0.0372634 0.0310843 0.0253458 0.0201185 0.0154512 0.0113882 0.0079759 0.00525073
 0.00776638 0.0127179 0.0193295 0.0275957 0.0372643 0.0476725 0.0577184 0.066134 0.0719389 0.0747426 0.0747104 0.0723193 0.0681358 0.0627038 0.0565023 0.049924 0.04327 0.036761 0.030558 0.0247796 0.0195149 0.0148351 0.0108011 0.00746216 0.00484254
 0.00780415 0.0127811 0.0194264 0.0277305 0.0374307 0.0478477 0.0578624 0.0662004 0.0718967 0.074596 0.0745031 0.0721186 0.0680047 0.0626785 0.0565839 0.0500849 0.0434655 0.0369414 0.0306784 0.0248082 0.019441 0.0146718 0.0105816 0.00722892 0.00463338
 0.00783367 0.0128229 0.0194783 0.0277875 0.0374878 0.0479025 0.0579152 0.0662505 0.0719363 0.0746094 0.0744733 0.0720405 0.0678948 0.0625718 0.0565197 0.0500877 0.0435344 0.0370511 0.0307896 0.0248821 0.0194518 0.0146143 0.0104709 0.00709284 0.00450106
 0.00793934 0.0129699 0.0196536 0.0279632 0.0376289 0.0479792 0.057914 0.0661778 0.0718139 0.0744651 0.0743313 0.0719148 0.0677891 0.062486 0.056457 0.0500568 0.0435437 0.0370999 0.030863 0.0249545 0.0194973 0.0146174 0.010432 0.00702605 0.0044261
 0.00789844 0.0129172 0.0195984 0.0279197 0.0376081 0.047979 0.0579144 0.0661475 0.0717274 0.0743193 0.0741514 0.0717439 0.0676685 0.0624393 0.0564856 0.0501472 0.0436774 0.0372594 0.0310314 0.0251136 0.0196286 0.0147071 0.0104763 0.00703217 0.00440865
 0.00798625 0.0130397 0.019746 0.0280728 0.0377448 0.0480859 0.0579917 0.0662046 0.0717696 0.0743382 0.0741267 0.0716573 0.0675196 0.06225 0.0562918 0.0499826 0.0435625 0.037198 0.0310151 0.0251271 0.0196542 0.0147295 0.0104858 0.00702702 0.00439313
 0.00794657 0.0129816 0.01967 0.0279814 0.0376398 0.0479653 0.0578505 0.0660401 0.0715904 0.0741673 0.0739956 0.0715914 0.0675262 0.0623172 0.0563986 0.0501116 0.0437045 0.0373499 0.031173 0.0252828 0.0197963 0.0148467 0.0105715 0.00708084 0.00442087
 0.00795719 0.013002 0.0197062 0.0280408 0.0377288 0.0480853 0.0579938 0.0661882 0.0717161 0.0742418 0.0739986 0.0715202 0.0673967 0.062158 0.0562387 0.0499719 0.0435959 0.0372754 0.0311315 0.0252698 0.0198039 0.0148649 0.0105908 0.00709518 0.00442821
 0.00784916 0.0128669 0.0195775 0.0279735 0.0377827 0.0483 0.0583676 0.0666739 0.0722362 0.0747124 0.07435 0.0717091 0.0674111 0.0620154 0.0559798 0.0496485 0.0432583 0.0369624 0.0308666 0.0250623 0.0196526 0.0147617 0.0105244 0.00705422 0.00440349
 0.00791269 0.0129157 0.0195541 0.0278011 0.0373983 0.0476992 0.0576338 0.0659646 0.0717237 0.0745133 0.0744823 0.0720995 0.0679378 0.0625581 0.056453 0.0500124 0.0435118 0.0371279 0.0309736 0.0251364 0.0197098 0.0148092 0.0105635 0.00708412 0.00442403
 0.00777419 0.0127263 0.0193315 0.0275743 0.037188 0.047494 0.0573843 0.0656087 0.0712365 0.0739466 0.0739619 0.0717715 0.0678994 0.0628151 0.0569278 0.0505887 0.0440833 0.0376273 0.0313753 0.0254437 0.0199387 0.0149767 0.0106832 0.00716618 0.00447682
 0.00768126 0.0125748 0.0191051 0.0272641 0.0368006 0.0470601 0.0569571 0.0652472 0.0709771 0.0737843 0.0738603 0.0716988 0.0678613 0.0628551 0.0570944 0.0508966 0.0444992 0.0380868 0.0318136 0.0258176 0.020232 0.0151925 0.010834 0.00726641 0.00453965
 0.00775756 0.0126774 0.0192194 0.0273617 0.0368464 0.0470234 0.0568239 0.065027 0.0707013 0.0734962 0.0735987 0.0714852 0.0676977 0.0627371 0.0570266 0.0508959 0.0445814 0.0382497 0.0320312 0.0260507 0.020445 0.0153645 0.0109595 0.00735055 0.00459193
 0.00769497 0.0126037 0.0191586 0.0273494 0.0369144 0.0471791 0.0570366 0.0652332 0.0708303 0.0735012 0.0734759 0.07127 0.0674441 0.0624946 0.0568282 0.0507588 0.0445138 0.0382532 0.0320987 0.0261637 0.0205774 0.015491 0.0110633 0.00742553 0.00464044
 0.0077004 0.0125902 0.0190995 0.0272127 0.0366786 0.0468539 0.0566733 0.0649117 0.0706244 0.0734428 0.0735419 0.0714011 0.0675806 0.0626038 0.056909 0.0508297 0.0445966 0.0383624 0.0322376 0.0263252 0.0207464 0.0156494 0.0111962 0.00752523 0.00470743
 0.00844584 0.013645 0.0203948 0.0285824 0.0379024 0.0477295 0.0570802 0.0648357 0.0701443 0.0726942 0.072675 0.0705421 0.0668058 0.0619367 0.0563389 0.050338 0.0441743 0.0380121 0.031966 0.026134 0.0206279 0.015588 0.0111727 0.00752212 0.00471222
 0.00922482 0.014865 0.0221345 0.030857 0.0406306 0.0507016 0.0599492 0.0671707 0.0715515 0.0729573 0.071832 0.0688514 0.0646302 0.0596167 0.0541159 0.0483403 0.0424464 0.0365553 0.0307672 0.025178 0.0198965 0.0150565 0.0108089 0.00728915 0.00457341
 0.00912978 0.0148444 0.0223485 0.0315305 0.041986 0.052853 0.06281 0.0704289 0.0747351 0.0755601 0.0734481 0.0692749 0.0638925 0.0579538 0.0518783 0.0458849 0.0400548 0.0344027 0.028936 0.0236889 0.0187369 0.0141956 0.0102045 0.00689148 0.00433025
 0.00888054 0.0144438 0.0217648 0.0307651 0.0411061 0.0520233 0.0622929 0.0705224 0.0756507 0.0772968 0.0757435 0.0716759 0.065914 0.0592429 0.0523081 0.0455494 0.0391886 0.0332777 0.02778 0.0226502 0.017887 0.0135509 0.00974818 0.00659068 0.00414652
 0.00881154 0.0143192 0.0215538 0.0304313 0.0406172 0.0513705 0.061516 0.0697311 0.0750253 0.0770534 0.0760612 0.0726081 0.067333 0.0608597 0.0537714 0.0465756 0.039653 0.0332261 0.0273715 0.0220747 0.0173009 0.0130494 0.00936895 0.00633169 0.00398542
 0.00881377 0.014311 0.021519 0.0303452 0.0404503 0.0510952 0.0611162 0.0692124 0.0744258 0.0764533 0.0755829 0.0723951 0.067502 0.0614409 0.0546719 0.0475966 0.0405626 0.0338488 0.0276457 0.0220503 0.0170913 0.012773 0.00911081 0.00613296 0.00385285
 0.00875512 0.0142228 0.021399 0.0301942 0.0402698 0.0508838 0.060868 0.0689195 0.0740848 0.076074 0.0751975 0.0720632 0.0673053 0.0614625 0.0549609 0.0481338 0.0412507 0.0345418 0.0282057 0.0223996 0.0172304 0.0127598 0.00902134 0.00602872 0.00376759
 0.00868868 0.0141195 0.0212527 0.0300036 0.0400393 0.0506245 0.0605975 0.0686583 0.0738497 0.0758725 0.0750276 0.0719219 0.0672012 0.0614238 0.0550297 0.0483461 0.0416095 0.0350024 0.0286854 0.0228103 0.0175148 0.012909 0.00906555 0.00601372 0.00373256
 0.00860922 0.0140096 0.0211227 0.0298743 0.039935 0.0505629 0.0605809 0.0686739 0.0738758 0.0758872 0.0750149 0.0718743 0.0671208 0.061324 0.0549374 0.0482971 0.041637 0.0351197 0.0288748 0.0230277 0.0177089 0.0130444 0.0091344 0.00603096 0.00372196
 0.00859067 0.0139745 0.0210617 0.0297787 0.0398025 0.0504039 0.0604219 0.0685504 0.073818 0.0759049 0.0750915 0.0719748 0.0672082 0.0613746 0.0549479 0.0482835 0.0416268 0.0351399 0.028939 0.0231294 0.0178248 0.0131471 0.0092055 0.00606744 0.00373251
 0.0085386 0.0139008 0.0209706 0.0296796 0.0397061 0.0503165 0.0603429 0.0684759 0.0737482 0.0758487 0.0750643 0.0719892 0.0672639 0.0614566 0.055034 0.0483565 0.0416826 0.0351869 0.0289908 0.0231943 0.0179006 0.0132223 0.00926737 0.00610879 0.00375406
 0.00866853 0.0140824 0.0211896 0.0299055 0.0399019 0.0504542 0.0604135 0.0684887 0.0737194 0.0757907 0.0749818 0.0718835 0.0671398 0.0613236 0.0549025 0.0482331 0.0415703 0.0350881 0.0289099 0.0231365 0.0178676 0.0132102 0.0092679 0.00611343 0.00375743
 0.0086819 0.0141142 0.0212543 0.0300186 0.0400706 0.0506665 0.0606333 0.0686642 0.073805 0.075768 0.0748671 0.0717165 0.0669624 0.0611645 0.0547731 0.0481331 0.0414941 0.0350302 0.0288669 0.023107 0.017851 0.0132049 0.00927041 0.00611923 0.00376291
 0.00868124 0.0141078 0.0212358 0.0299816 0.0400133 0.050597 0.0605708 0.068632 0.0738172 0.0758194 0.0749344 0.0717712 0.0669875 0.0611608 0.0547546 0.0481154 0.0414866 0.0350346 0.0288801 0.023125 0.017871 0.0132249 0.00928885 0.00613465 0.00377433
 0.00862123 0.0140177 0.021114 0.0298309 0.0398399 0.0504085 0.0603767 0.0684461 0.0736593 0.0757133 0.0749 0.0718157 0.0671001 0.0613173 0.0549276 0.0482847 0.0416424 0.0351743 0.0290037 0.0232322 0.0179608 0.0132968 0.00934334 0.00617342 0.00379992
 0.00867369 0.0140714 0.0211374 0.0297778 0.0396648 0.0500893 0.0599323 0.0679356 0.0731633 0.075307 0.0746347 0.0717125 0.0671539 0.0615033 0.0552083 0.0486174 0.0419871 0.0355008 0.0292936 0.0234769 0.0181582 0.0134488 0.00945424 0.00624942 0.00384836
 0.00895604 0.0145808 0.0219901 0.0310939 0.0415165 0.052431 0.0625522 0.0704757 0.0752184 0.0765561 0.074934 0.0711109 0.0658409 0.0597322 0.0532295 0.0466361 0.0401466 0.0338841 0.0279364 0.0223833 0.0173132 0.0128256 0.00901886 0.00596372 0.00367381
 0.00837823 0.0136578 0.020642 0.0292855 0.0392967 0.0499752 0.0601762 0.0685819 0.0741695 0.0765345 0.0758722 0.072735 0.0677942 0.0617004 0.0550092 0.0481402 0.0413698 0.0348608 0.0287097 0.0229895 0.0177792 0.0131723 0.00926501 0.00612847 0.00377664
 0.0085472 0.0138768 0.0208664 0.029433 0.0392637 0.049668 0.0595488 0.0676679 0.073095 0.0755011 0.0751027 0.0723957 0.0679297 0.0622214 0.0557411 0.0489006 0.0420306 0.0353683 0.0290681 0.0232315 0.0179406 0.0132806 0.00933788 0.00617649 0.00380684
 0.00879687 0.0142615 0.0214021 0.0301106 0.0400388 0.0504535 0.0602144 0.0680606 0.0730851 0.0750386 0.0742546 0.0713374 0.0668888 0.0613967 0.0552371 0.0487078 0.0420566 0.0354958 0.0292052 0.0233317 0.0179965 0.013304 0.00934407 0.00617625 0.00380541
 0.00864761 0.014086 0.0212608 0.030098 0.040254 0.0509534 0.0609746 0.0689669 0.0739611 0.0756978 0.0745549 0.0712224 0.0664049 0.0606788 0.0544626 0.0480355 0.0415769 0.0352177 0.0290791 0.0232902 0.0179862 0.0132973 0.00933367 0.00616428 0.00379524
 0.00823965 0.0134109 0.0202311 0.0286467 0.0383752 0.0487517 0.058693 0.0669525 0.0725631 0.0751409 0.0748612 0.0722232 0.0678276 0.0622538 0.0560002 0.0494478 0.0428528 0.0363743 0.0301237 0.0242075 0.0187506 0.013892 0.00976203 0.00644904 0.00396964
 0.00853177 0.0138336 0.0207664 0.0292339 0.0389149 0.0491223 0.0587769 0.066673 0.0719233 0.0742457 0.0738971 0.0713925 0.0672695 0.0619999 0.0559878 0.0495749 0.0430343 0.0365678 0.0303203 0.0244082 0.0189487 0.0140724 0.00990949 0.00655626 0.00403905
 0.00865673 0.0140621 0.0211533 0.0298358 0.0397631 0.0501866 0.0599393 0.0677365 0.072665 0.0744937 0.0735949 0.0706203 0.0662119 0.060877 0.054981 0.0487817 0.0424674 0.0361885 0.0300778 0.0242622 0.0188718 0.0140433 0.00990898 0.0065682 0.00405264
 0.00857268 0.0139698 0.0210978 0.0298901 0.0400135 0.0507043 0.0607496 0.0687959 0.0738543 0.075632 0.0744773 0.071074 0.0661544 0.060346 0.0541186 0.0477784 0.0414959 0.0353596 0.0294335 0.0237953 0.0185523 0.0138367 0.00978378 0.00649785 0.00401624
 0.00887322 0.0143763 0.021561 0.0303217 0.040322 0.0508467 0.0607661 0.0688 0.0739785 0.0759574 0.074987 0.0716537 0.066636 0.0605746 0.0540112 0.0473505 0.0408463 0.0346244 0.0287355 0.0232123 0.0181124 0.0135319 0.00958811 0.00638119 0.00395179
#obs surv len freq
 0.00496747 0.00813605 0.0123743 0.0176957 0.023974 0.0308445 0.0376833 0.0437683 0.0485499 0.0518264 0.0537149 0.0544985 0.0544953 0.0540014 0.0532773 0.0525374 0.0519275 0.051483 0.0510659 0.050307 0.0486239 0.0453857 0.0402152 0.0332813 0.0253659
 0.00518223 0.00848796 0.0129091 0.0184575 0.0249972 0.0321398 0.0392241 0.0454859 0.0503433 0.0535814 0.0553216 0.0558605 0.0555306 0.054641 0.0534654 0.0522351 0.0511203 0.0501896 0.0493452 0.0482615 0.0463968 0.0431488 0.0381446 0.0315237 0.0240069
 0.0054094 0.00886062 0.0134763 0.0192675 0.0260883 0.0335263 0.0408812 0.0473437 0.0522957 0.0555059 0.0570982 0.0573833 0.056712 0.0554106 0.0537674 0.0520259 0.0503716 0.0488975 0.047545 0.0460426 0.0439091 0.0405925 0.0357379 0.0294563 0.0223952
 0.00564352 0.00924385 0.0140582 0.0200961 0.0272022 0.0349403 0.0425715 0.0492421 0.0542985 0.0574921 0.0589481 0.0589894 0.057983 0.0562723 0.0541598 0.0519018 0.0496959 0.0476539 0.0457513 0.0437714 0.0413036 0.0378621 0.0331261 0.0271848 0.0206082
 0.00589221 0.00965148 0.0146778 0.0209792 0.0283885 0.0364424 0.0443585 0.051235 0.0563813 0.0595353 0.060829 0.0606038 0.0592472 0.0571201 0.0545389 0.0517693 0.0490172 0.046408 0.0439455 0.0414651 0.0386289 0.0350268 0.0303839 0.0247765 0.0186982
 0.00614896 0.0100716 0.015315 0.0218855 0.0296038 0.0379791 0.0461849 0.0532694 0.0585032 0.061608 0.0627229 0.0622098 0.0604815 0.0579224 0.054867 0.051592 0.0483092 0.0451524 0.0421471 0.0391738 0.0359649 0.0321877 0.0276199 0.0223327 0.0167475
 0.00636698 0.010431 0.0158656 0.0226768 0.0306769 0.0393509 0.0478331 0.055126 0.0604637 0.0635505 0.0645269 0.0637684 0.0617066 0.0587468 0.0552423 0.0514846 0.0476957 0.0440189 0.040499 0.0370557 0.0334844 0.0295257 0.0250105 0.0200102 0.0148826
 0.00661378 0.0108331 0.0164722 0.0235343 0.0318193 0.0407859 0.0495276 0.0570012 0.0624059 0.0654333 0.066232 0.0651977 0.0627857 0.0594231 0.0554813 0.0512644 0.0470026 0.0428475 0.0388595 0.0349922 0.0310963 0.0269786 0.0225196 0.0177933 0.0130997
 0.00684803 0.0112185 0.0170602 0.0243749 0.0329499 0.0422148 0.0512174 0.0588642 0.0643185 0.067261 0.0678533 0.0665173 0.0637375 0.0599668 0.0555965 0.0509439 0.0462463 0.0416605 0.0372593 0.0330238 0.0288514 0.0246062 0.0202119 0.0157447 0.0114536
 0.00706437 0.0115729 0.0175987 0.0251419 0.0339799 0.0435184 0.0527663 0.0605854 0.0661027 0.0689823 0.0693904 0.0677683 0.0646286 0.0604537 0.0556616 0.0505884 0.0454822 0.0405064 0.0357427 0.0311937 0.0267941 0.0224544 0.0181334 0.0139078 0.00998129
 0.00726241 0.0119017 0.0181059 0.0258754 0.0349766 0.0447879 0.054275 0.0622521 0.0678118 0.0706077 0.0708167 0.0689041 0.0654091 0.060841 0.0556416 0.0501669 0.044679 0.0393504 0.0342725 0.0294648 0.0248906 0.0204955 0.0162642 0.0122702 0.00867672
 0.00741272 0.0121484 0.018482 0.0264142 0.0357068 0.0457243 0.0554077 0.0635397 0.0691835 0.0719726 0.0720771 0.0699676 0.0661992 0.0613038 0.0557476 0.0499089 0.0440677 0.0384109 0.0330437 0.0280032 0.023277 0.0188374 0.0146872 0.0108935 0.00758318
 0.00751461 0.0123124 0.0187262 0.0267553 0.036159 0.0462958 0.0560972 0.0643335 0.0700551 0.0728851 0.0729843 0.0708147 0.0669252 0.0618466 0.0560523 0.049935 0.0437946 0.0378395 0.032197 0.0269278 0.022045 0.0175451 0.0134439 0.00980156 0.00671326
 0.00758252 0.0124198 0.0188823 0.0269674 0.0364314 0.0466298 0.0564898 0.0647774 0.0705405 0.0734016 0.0735206 0.0713555 0.067446 0.0623108 0.0564122 0.0501388 0.0437958 0.0376072 0.0317245 0.0262376 0.0211904 0.0166061 0.012515 0.00897169 0.00604527
 0.00767124 0.0125554 0.0190705 0.0272073 0.0367167 0.0469496 0.0568296 0.0651207 0.0708717 0.0737102 0.0738036 0.071616 0.0676883 0.0625331 0.0566008 0.0502661 0.0438238 0.0374968 0.0314481 0.0257911 0.0206004 0.0159286 0.0118246 0.00834292 0.00553282
 0.00770604 0.0126123 0.0191564 0.0273281 0.0368752 0.0471428 0.057047 0.0653458 0.071087 0.0739031 0.0739707 0.0717623 0.0678229 0.0626633 0.0567266 0.0503762 0.0438947 0.0374964 0.0313444 0.0255647 0.0202552 0.0154963 0.0113581 0.0079012 0.0051631
 0.00777847 0.012719 0.0192964 0.0274941 0.0370557 0.0473269 0.0572267 0.0655158 0.0712423 0.0740375 0.0740778 0.0718381 0.0678686 0.0626855 0.0567341 0.0503743 0.04388 0.0374548 0.0312548 0.0254071 0.0200223 0.0152006 0.0110314 0.00758466 0.00489296
 0.00781849 0.0127848 0.0193963 0.0276344 0.0372374 0.0475418 0.0574553 0.0657305 0.0714162 0.0741542 0.0741358 0.0718478 0.0678449 0.0626417 0.0566797 0.0503148 0.0438164 0.0373825 0.0311631 0.0252828 0.0198567 0.0149963 0.0108052 0.00736251 0.00470031
 0.00782792 0.0127946 0.0194013 0.0276278 0.0372145 0.047504 0.0574129 0.0657 0.0714129 0.0741849 0.0741966 0.0719275 0.0679317 0.0627273 0.0567601 0.0503877 0.0438789 0.0374292 0.0311859 0.0252726 0.0198071 0.014908 0.0106886 0.00723559 0.00458265
 0.00785046 0.0128276 0.0194438 0.0276758 0.0372606 0.047539 0.0574277 0.0656886 0.0713764 0.0741332 0.0741457 0.0718937 0.0679243 0.0627468 0.0567996 0.0504375 0.0439297 0.037473 0.0312152 0.0252803 0.0197877 0.014861 0.0106197 0.00715633 0.00450634
 0.00788041 0.0128726 0.0195044 0.0277495 0.0373423 0.0476211 0.0575005 0.0657417 0.0714002 0.0741222 0.0741015 0.0718259 0.0678484 0.0626789 0.0567511 0.0504122 0.0439241 0.0374788 0.0312227 0.0252805 0.0197741 0.0148309 0.0105755 0.00710475 0.00445582
 0.00787891 0.0128678 0.0194932 0.0277277 0.0373061 0.0475692 0.0574359 0.0656711 0.0713327 0.074066 0.074062 0.0718052 0.0678466 0.0626957 0.0567864 0.0504654 0.0439923 0.0375558 0.0312996 0.0253475 0.0198231 0.0148579 0.0105814 0.00709472 0.0044375
 0.00789657 0.0128927 0.0195234 0.0277587 0.0373313 0.0475817 0.05743 0.065644 0.0712852 0.0740035 0.0739931 0.0717399 0.0677937 0.0626609 0.0567722 0.0504714 0.0440164 0.0375942 0.0313462 0.0253947 0.0198634 0.0148857 0.0105947 0.00709562 0.0044305
 0.00788281 0.0128725 0.0194967 0.0277266 0.0372955 0.0475429 0.057388 0.0655979 0.0712348 0.0739505 0.0739416 0.0716963 0.0677648 0.062652 0.0567858 0.0505069 0.0440704 0.0376612 0.0314194 0.0254669 0.0199275 0.0149362 0.0106292 0.00711505 0.00443842
 0.00787722 0.0128595 0.0194704 0.0276796 0.037222 0.0474424 0.0572677 0.0654722 0.0711206 0.0738614 0.0738848 0.071672 0.0677698 0.0626823 0.0568379 0.0505778 0.0441562 0.037757 0.0315188 0.0255629 0.0200132 0.0150063 0.0106811 0.0071491 0.00445786
 0.00787246 0.0128499 0.0194522 0.0276479 0.037171 0.0473673 0.0571665 0.065348 0.0709829 0.0737253 0.0737682 0.0715911 0.0677342 0.0626933 0.0568897 0.0506608 0.0442603 0.0378726 0.0316376 0.0256768 0.0201153 0.0150911 0.0107458 0.00719398 0.00448576
 0.00784956 0.012814 0.0194007 0.0275792 0.0370847 0.0472642 0.0570496 0.0652221 0.0708549 0.0736038 0.0736629 0.0715126 0.0676925 0.0626954 0.0569374 0.0507495 0.0443803 0.0380114 0.0317825 0.0258164 0.0202405 0.0151957 0.0108265 0.00725114 0.00452257
 0.00782032 0.0127617 0.0193135 0.0274443 0.0368928 0.0470158 0.0567596 0.0649196 0.0705757 0.0733803 0.0735165 0.071451 0.0677127 0.062788 0.0570901 0.0509484 0.0446104 0.0382566 0.0320265 0.0260444 0.0204404 0.0153598 0.0109519 0.00733978 0.00458003
 0.0078004 0.0127283 0.019261 0.0273661 0.0367815 0.046865 0.0565664 0.0646882 0.0703199 0.073124 0.0732898 0.0712836 0.067626 0.0627904 0.0571767 0.0511048 0.0448171 0.038493 0.0322723 0.0262812 0.0206532 0.0155378 0.0110901 0.00743864 0.0046449
 0.00775897 0.0126625 0.0191652 0.0272362 0.0366161 0.0466665 0.0563421 0.0644502 0.0700832 0.0729041 0.0731017 0.0711422 0.0675457 0.0627832 0.0572485 0.0512524 0.0450275 0.038746 0.0325445 0.0265496 0.0208981 0.015745 0.0112524 0.00755583 0.00472239
 0.00774855 0.0126393 0.0191188 0.0271536 0.0364854 0.0464824 0.0561111 0.0641903 0.0698201 0.0726634 0.0729035 0.070999 0.0674643 0.0627667 0.0572983 0.0513675 0.0452023 0.0389684 0.0327964 0.0268091 0.0211432 0.0159582 0.011423 0.00768093 0.00480619
 0.00935727 0.0148972 0.0218561 0.0299903 0.0389405 0.0481489 0.0567951 0.0639407 0.0688526 0.0712481 0.0712804 0.0693433 0.0658881 0.0613348 0.0560437 0.0503035 0.0443303 0.0382812 0.0322792 0.02644 0.0208957 0.0158033 0.0113332 0.0076333 0.00478328
 0.00929792 0.0151009 0.0226927 0.0319231 0.0423264 0.0529677 0.0624764 0.0694559 0.0730803 0.0734161 0.0712196 0.067434 0.0627921 0.0577106 0.0523813 0.0468954 0.0413183 0.0357164 0.0301656 0.0247568 0.0196062 0.0148595 0.0106782 0.00720571 0.00452298
 0.00894731 0.0145448 0.0219038 0.0309434 0.0413242 0.0522779 0.0625642 0.0707538 0.0757366 0.0771024 0.0751678 0.0707291 0.0647553 0.0581349 0.0515074 0.045202 0.0392912 0.0337135 0.0283908 0.0232952 0.0184707 0.0140242 0.0100981 0.00682774 0.00429366
 0.00879824 0.0142884 0.0214924 0.0303261 0.0404648 0.0511887 0.0613495 0.069641 0.0750606 0.0772156 0.0762845 0.0727752 0.067328 0.0606332 0.0533773 0.0461501 0.0393464 0.0331321 0.027496 0.0223537 0.017644 0.0133789 0.00963847 0.00652599 0.0041108
 0.00871798 0.0141564 0.0212898 0.0300313 0.0400543 0.0506413 0.0606561 0.0688216 0.0741865 0.0764276 0.0757869 0.0727853 0.0679809 0.0618867 0.054983 0.0477339 0.040563 0.0337993 0.0276339 0.0221226 0.0172421 0.0129632 0.00929584 0.0062829 0.00395762
 0.00870156 0.0141234 0.0212283 0.0299255 0.0398872 0.0503987 0.0603303 0.0684132 0.0737053 0.0758983 0.0752607 0.0723514 0.0677613 0.0619992 0.0554804 0.0485518 0.0415221 0.0346733 0.0282465 0.0224123 0.0172605 0.0128216 0.00910329 0.0061104 0.00383353
 0.00867535 0.0140833 0.0211722 0.029852 0.0397942 0.0502819 0.0601827 0.0682269 0.0734746 0.0756231 0.074951 0.0720325 0.0674789 0.0618193 0.0554753 0.0487691 0.0419497 0.0352276 0.0287987 0.0228442 0.0175126 0.0129051 0.00907538 0.00603596 0.00375847
 0.00868177 0.0140909 0.0211783 0.0298526 0.0397846 0.0502584 0.0601434 0.0681704 0.0733982 0.0755214 0.0748177 0.0718646 0.0672843 0.0616225 0.0553176 0.0486998 0.0420061 0.0354128 0.0290719 0.0231342 0.0177496 0.0130505 0.0091309 0.00603067 0.003727
 0.00866481 0.0140685 0.021154 0.0298322 0.0397742 0.0502605 0.060155 0.0681834 0.0734023 0.0755078 0.0747807 0.0718015 0.0671953 0.0615128 0.055201 0.0486003 0.0419535 0.0354305 0.0291633 0.0232768 0.0179035 0.013177 0.00920956 0.00606303 0.00372866
 0.00865464 0.0140505 0.0211245 0.0297881 0.0397145 0.0501893 0.0600818 0.0681215 0.0733633 0.0754961 0.074791 0.0718218 0.0672119 0.0615155 0.0551871 0.0485757 0.0419324 0.0354306 0.0291981 0.0233472 0.0179959 0.0132694 0.00928249 0.00610802 0.0037487
 0.0086418 0.0140305 0.021096 0.0297501 0.0396664 0.0501309 0.0600143 0.0680484 0.0732917 0.0754357 0.0747518 0.0718097 0.0672259 0.0615477 0.055226 0.0486123 0.0419638 0.0354611 0.0292357 0.0233979 0.0180586 0.0133359 0.00934156 0.00615146 0.00377467
 0.0086166 0.0139922 0.0210434 0.029684 0.0395895 0.0500473 0.0599292 0.0679677 0.0732211 0.0753805 0.074716 0.0717966 0.0672373 0.061583 0.055281 0.0486794 0.0420349 0.0355306 0.0293019 0.023462 0.0181215 0.0133958 0.00939408 0.00619225 0.00380203
 0.00862975 0.0140088 0.0210595 0.0296932 0.0395848 0.0500241 0.0598878 0.0679131 0.073161 0.0753223 0.0746651 0.071756 0.0672088 0.0615682 0.0552807 0.0486936 0.0420612 0.0355653 0.0293413 0.0235034 0.0181631 0.0134356 0.00942972 0.00622117 0.00382277
 0.00861348 0.0139875 0.0210367 0.0296746 0.0395757 0.0500259 0.059896 0.0679185 0.0731545 0.0752996 0.0746288 0.0717141 0.0671705 0.0615404 0.0552673 0.048695 0.0420761 0.035591 0.0293744 0.0235404 0.0182007 0.0134711 0.00946079 0.00624611 0.00384088
 0.0086012 0.0139676 0.0210073 0.0296348 0.0395269 0.0499732 0.0598475 0.0678837 0.0731398 0.0753048 0.074647 0.0717353 0.0671872 0.0615503 0.0552733 0.0487022 0.0420886 0.0356106 0.0294006 0.023571 0.0182329 0.0135019 0.00948785 0.00626783 0.00385671
 0.0086012 0.0139676 0.0210073 0.0296348 0.0395269 0.0499732 0.0598475 0.0678837 0.0731398 0.0753048 0.074647 0.0717353 0.0671872 0.0615503 0.0552733 0.0487022 0.0420886 0.0356106 0.0294006 0.023571 0.0182329 0.0135019 0.00948785 0.00626783 0.00385671
 0.00900772 0.014608 0.0219297 0.0308617 0.0410409 0.0517006 0.0616476 0.0695593 0.0744777 0.0761326 0.0748767 0.071376 0.0663272 0.0603259 0.0538366 0.0471961 0.0406303 0.0342843 0.0282571 0.0226327 0.0175 0.0129588 0.00910811 0.00601919 0.00370542
 0.00838943 0.0136727 0.0206563 0.0292879 0.0392664 0.0498811 0.059984 0.0682712 0.0737549 0.0760775 0.0754696 0.0724834 0.0677495 0.0618562 0.0553072 0.0485005 0.0417222 0.0351621 0.0289439 0.0231596 0.0178963 0.0132489 0.00931244 0.00615575 0.00379092
 0.00855424 0.0138565 0.0207795 0.0292301 0.0389052 0.0491522 0.0589282 0.0670392 0.0725628 0.0751377 0.0749314 0.072403 0.0680902 0.0625118 0.0561365 0.0493646 0.0425146 0.0358221 0.0294545 0.0235333 0.0181594 0.013429 0.00943246 0.00623311 0.00383845
 0.00864028 0.0140255 0.021081 0.0297101 0.0395734 0.0499421 0.059681 0.0675393 0.0726239 0.0746956 0.0740829 0.0713662 0.0671113 0.0617741 0.0557149 0.0492322 0.0425829 0.0359882 0.029636 0.0236831 0.0182626 0.013491 0.00946593 0.00624997 0.00384676
 0.00865653 0.0140582 0.021144 0.0298258 0.0397731 0.0502606 0.0601412 0.0681272 0.0732656 0.0752565 0.074406 0.0713392 0.0667255 0.0611351 0.0549945 0.0485931 0.0421203 0.0357163 0.0295118 0.023645 0.0182595 0.0134939 0.00946485 0.00624505 0.00384097
 0.00822541 0.0133777 0.0201618 0.0285173 0.0381586 0.0484262 0.0582538 0.0664224 0.0719975 0.0746213 0.074475 0.0720368 0.0678637 0.0624877 0.0563748 0.049897 0.0433189 0.036816 0.0305146 0.0245334 0.0190061 0.0140794 0.0098897 0.00652918 0.0040157
 0.00847464 0.0137277 0.0205842 0.0289463 0.0385026 0.0485917 0.0581707 0.066064 0.0713928 0.0738574 0.0736836 0.0713589 0.0674049 0.062284 0.0563906 0.0500556 0.0435454 0.037064 0.0307667 0.0247839 0.0192456 0.0142924 0.0100617 0.00665388 0.00409664
 0.0086486 0.014039 0.0211005 0.0297345 0.0395967 0.0499492 0.0596442 0.0674171 0.0723666 0.0742605 0.073457 0.0705867 0.0662726 0.061011 0.055166 0.0489986 0.0427004 0.0364225 0.0302974 0.024454 0.0190271 0.0141596 0.00998929 0.00661906 0.00408197
 0.00866525 0.0140807 0.0211929 0.0299168 0.0399192 0.050464 0.0603855 0.0683754 0.0734647 0.0753477 0.0743364 0.0710755 0.0662685 0.060531 0.0543341 0.0479936 0.0416926 0.0355303 0.0295768 0.0239122 0.0186438 0.0139042 0.00982991 0.00652662 0.00403242
 0.00865673 0.0140678 0.0211764 0.0299011 0.039916 0.050496 0.0604882 0.0685929 0.0738365 0.0758866 0.0750067 0.0717832 0.0668779 0.060906 0.0543895 0.0477286 0.0411866 0.0349066 0.0289551 0.0233754 0.0182291 0.0136122 0.0096409 0.00641376 0.00397034
#pred catch len freq
 0.00360886 0.0058549 0.00882393 0.012554 0.0170684 0.0223207 0.0281298 0.0341773 0.0400778 0.0454611 0.0500267 0.0535784 0.0560484 0.0574975 0.0580844 0.0580257 0.0575637 0.0569258 0.0562403 0.055404 0.0539773 0.0512447 0.0465274 0.0396339 0.0311452
 0.00394862 0.00636366 0.00951148 0.0134086 0.0180707 0.0234606 0.0294092 0.0355923 0.0415883 0.0469707 0.0513941 0.0546593 0.0567491 0.057807 0.0580671 0.0577771 0.0571516 0.0563457 0.0554082 0.0541974 0.0523124 0.0491542 0.0441893 0.0373248 0.0291384
 0.00411085 0.00665985 0.0100149 0.0142015 0.0192188 0.024977 0.0312298 0.0375833 0.0435877 0.0488371 0.0530277 0.0559895 0.0577123 0.0583446 0.0581474 0.0574158 0.0564046 0.0552722 0.0540312 0.0524971 0.0502675 0.046808 0.0416924 0.0349137 0.0270553
 0.00435426 0.00703363 0.0105419 0.0149021 0.0201245 0.0261407 0.032717 0.0394365 0.0457765 0.0512267 0.0553934 0.0580777 0.0593128 0.0593336 0.0584866 0.0571268 0.0555432 0.053908 0.0522314 0.0503191 0.0477733 0.0440992 0.0389377 0.0323355 0.0248681
 0.00456171 0.00737971 0.0110781 0.0156798 0.0211826 0.0274903 0.0343312 0.0412576 0.0477375 0.0532672 0.05745 0.0600551 0.0610642 0.0606774 0.0592541 0.0572098 0.0549132 0.0526047 0.0503369 0.0479388 0.0450356 0.0411684 0.0360217 0.0296641 0.0226404
 0.00479314 0.00775131 0.0116309 0.0164547 0.0222192 0.0288212 0.0359678 0.0431722 0.0498525 0.0554599 0.0595759 0.0619776 0.062673 0.0618838 0.0599737 0.0573555 0.0544096 0.0514151 0.0484843 0.0455125 0.0421883 0.0381095 0.0329997 0.0269291 0.0203895
 0.00510858 0.00824632 0.0123441 0.0174139 0.0234423 0.030315 0.0377222 0.0451517 0.0519898 0.057655 0.0617016 0.063892 0.0642394 0.0629908 0.0605441 0.0573397 0.0537734 0.0501369 0.0465707 0.0430249 0.0392644 0.0349653 0.0299028 0.0241456 0.0181196
 0.00533889 0.00862024 0.0129061 0.0182055 0.024495 0.0316393 0.0392963 0.0469184 0.0538653 0.0595455 0.063515 0.0655404 0.0656352 0.0640454 0.0611725 0.0574679 0.0533443 0.0491156 0.0449536 0.0408578 0.0366646 0.0321291 0.0270839 0.021601 0.0160433
 0.00555961 0.00898251 0.0134588 0.0189993 0.0255756 0.0330347 0.0409995 0.0488731 0.0559651 0.0616468 0.0654615 0.067192 0.0668898 0.0648456 0.0614939 0.0573002 0.0526767 0.0479358 0.043262 0.0386924 0.0341264 0.0293941 0.0243848 0.0191763 0.0140736
 0.00576518 0.00931283 0.0139503 0.0196874 0.0264936 0.0342085 0.0424374 0.0505538 0.0578276 0.0635886 0.0673465 0.0688683 0.0682165 0.0657173 0.0618541 0.0571363 0.0520029 0.0467762 0.0416466 0.0366714 0.0317945 0.0269059 0.0219434 0.0169913 0.0123034
 0.00598649 0.00966604 0.0144703 0.020404 0.0274286 0.0353704 0.0438132 0.0521032 0.0594847 0.0652674 0.0689491 0.0702911 0.0693568 0.0664837 0.0621775 0.0569789 0.0513593 0.0456679 0.0401163 0.0347852 0.0296523 0.0246511 0.019754 0.0150464 0.0107361
 0.00621717 0.0100335 0.0150095 0.0211439 0.0283882 0.0365521 0.0451942 0.0536293 0.0610727 0.0668174 0.070359 0.07147 0.0702332 0.0670065 0.0623141 0.056711 0.0506826 0.0445943 0.0386789 0.0330447 0.0277041 0.0226271 0.0178112 0.0133367 0.00936854
 0.00637619 0.0102924 0.0154007 0.0216998 0.0291375 0.0375122 0.0463608 0.054967 0.062513 0.0682647 0.0717036 0.0726053 0.0710723 0.0674932 0.0624237 0.0564435 0.0500522 0.0436244 0.037404 0.0315191 0.0260111 0.0208816 0.0161475 0.0118823 0.00821207
 0.00643884 0.0103943 0.0155555 0.0219232 0.0294485 0.0379326 0.0469115 0.0556621 0.0633508 0.0692197 0.0727225 0.0736103 0.0719719 0.0681982 0.0628622 0.0565696 0.0498481 0.0430962 0.036579 0.0304461 0.0247644 0.0195612 0.0148688 0.0107541 0.00731033
 0.00643043 0.010391 0.0155701 0.0219753 0.0295614 0.0381282 0.047205 0.0560597 0.0638505 0.0698119 0.0733886 0.0743191 0.0726772 0.0688395 0.063372 0.0568839 0.0499177 0.0428955 0.0361098 0.0297397 0.0238812 0.0185868 0.0139026 0.00988958 0.00661357
 0.0064919 0.010477 0.0156742 0.0220846 0.0296624 0.0382154 0.0472868 0.0561577 0.0639916 0.0700184 0.0736713 0.0746749 0.0730889 0.0692767 0.063791 0.0572307 0.0501351 0.0429343 0.0359409 0.0293635 0.0233321 0.0179289 0.0132178 0.00925844 0.00609541
 0.0067201 0.0108087 0.0161005 0.0225716 0.0301601 0.0386735 0.0476675 0.0564412 0.0641748 0.0701122 0.0736964 0.0746568 0.0730523 0.0692389 0.0637571 0.0571907 0.0500645 0.0427992 0.0357087 0.0290162 0.0228767 0.0174006 0.0126725 0.00875624 0.00568269
 0.00674392 0.0108489 0.016162 0.022656 0.0302605 0.0387698 0.0477271 0.0564291 0.0640723 0.0699327 0.0734882 0.0744862 0.0729777 0.0692899 0.0639274 0.0574449 0.0503498 0.0430579 0.0358888 0.0290813 0.0228147 0.0172276 0.0124284 0.00849173 0.00544313
 0.0067516 0.0108582 0.0161708 0.0226615 0.0302619 0.0387696 0.047731 0.0564404 0.0640858 0.0699331 0.0734573 0.0744176 0.0728876 0.0692148 0.0639074 0.0575037 0.0504824 0.0432323 0.0360579 0.0291993 0.0228518 0.0171785 0.0123116 0.0083408 0.00529335
