SBPRF35
7.78865
Curr Bio
598160
B35
673520
F35
0.226432
FOFL
0.206132
OFL
96303.8
Bzero
2.22533e+06
#pred survey bio
 4.52911e+06 4.25816e+06 4.00892e+06 3.71551e+06 3.40106e+06 3.07336e+06 2.77379e+06 2.46978e+06 2.16876e+06 1.91047e+06 1.66876e+06 1.48652e+06 1.30389e+06 1.14084e+06 1.00646e+06 893766 806652 744334 709062 684775 662191 633012 628731 612882 615703 610365 595012 595733 588828 580262 581542 586018 586750 582204 571383 548758 542027 530176 531397 531676 543591 542915 543683 541199 545727 548841 550849 548136 556626 562605 571722 580874 572804 577448 561215 557554 565800 557366 542907 551188 571713 558076 539071 557240 581269 598780 2.15825e+07 1.31082e+07 1.33883e+07 1.39207e+07 1.45743e+07 1.52173e+07 1.578e+07 1.62386e+07 1.65956e+07 1.68652e+07 1.7065e+07 1.72114e+07 1.73182e+07 1.7396e+07 1.74528e+07 1.74944e+07 1.75251e+07 1.75478e+07 1.75648e+07 1.75774e+07 1.7587e+07 1.75942e+07 1.75997e+07 1.76039e+07 1.76071e+07 1.76096e+07 1.76114e+07 1.76129e+07 1.7614e+07 1.76148e+07 1.76155e+07 1.7616e+07 1.76164e+07 1.76167e+07 1.76169e+07 1.76171e+07 1.76173e+07 1.76174e+07 1.76175e+07 1.76175e+07 1.76176e+07 1.76176e+07 1.76176e+07 1.76177e+07 1.76177e+07 1.76177e+07 1.76177e+07 1.76177e+07 1.76177e+07 1.76177e+07 1.76177e+07 1.76177e+07 1.76177e+07 1.76177e+07 1.76177e+07 1.76177e+07 1.76177e+07 1.76177e+07 1.76177e+07 1.76177e+07 1.76177e+07 1.76177e+07 1.76177e+07 1.76177e+07 1.76177e+07 1.76177e+07 1.76177e+07 1.76177e+07 1.76177e+07 1.76177e+07 1.76177e+07 1.76177e+07 1.76177e+07 1.76177e+07 1.76177e+07 1.76177e+07 1.76177e+07 1.76177e+07 1.76177e+07 1.76177e+07 1.76177e+07 1.76177e+07 1.76177e+07 1.76177e+07 1.76177e+07 1.76177e+07 1.76177e+07 1.76177e+07 1.76177e+07 1.76177e+07 1.76177e+07 1.76177e+07 1.76177e+07 1.76177e+07 1.76177e+07 1.76177e+07 1.76177e+07 1.76177e+07 1.76177e+07 1.76177e+07 0 0 0 0 0 0 0 0 0 0 0 0 0 0 0 0 0 0 0 0 0 0 0 0 0
#obs survey bio
 3.94308e+06 3.04106e+06 3.75172e+06 3.091e+06 2.10461e+06 2.76842e+06 1.80942e+06 1.89748e+06 2.00341e+06 1.52679e+06 1.36996e+06 1.52319e+06 833764 755471 945990 732165 887582 663308 666832 732519 722573 535508 600024 824987 481342 494357 542445 737014 547171 509289 506213 531994 489146 557187 642073 508570 723960 619720 877434 691508 540512 500507 509883 565152 818034 662694 552411 477956 429216 643218 585852 546982 651652 496606 732063 625217 535468 596638 400043 619686 733803 586254 499699 509550 636246 677204
#pred catch bio
 91822.4 88250.1 152506 201414 247419 255887 291471 317240 302843 307306 269537 280844 270227 248218 229910 206118 181170 154334 142031 137431 139372 115930 124195 107305 113042 118662 101946 105682 105056 95892.5 92926.5 95193.3 96945.9 97652.3 102230 85815.3 91582.5 83271.7 85525.4 76056.6 87057.7 86179.4 89398.6 84107.1 86413.7 88790.1 94174.6 86361.7 90517.5 89396.3 90301.7 104521 93115.8 110069 98382.6 88169.8 101921 106096 86901.6 77619.7 106514 110711 81596.7 80953.6 90220.8 92270.4 96303.8 105524 106601 109569 113969 118475 122377 125459 127753 129392 130526 131292 131801 132134 132350 132488 132576 132632 132667 132689 132703 132712 132717 132721 132723 132724 132725 132725 132726 132726 132726 132726 132726 132726 132726 132726 132726 132726 132726 132726 132726 132726 132726 132726 132726 132726 132726 132726 132726 132726 132726 132726 132726 132726 132726 132726 132726 132726 132726 132726 132726 132726 132726 132726 132726 132726 132726 132726 132726 132726 132726 132726 132726 132726 132726 132726 132726 132726 132726 132726 132726 132726 132726 132726 132726 132726 132726 132726 132726 132726 132726 132726 132726 132726 132726 132726 132726 132726 132726 132726 0 0 0 0 0 0 0 0 0 0 0 0 0 0 0 0 0 0 0 0 0 0 0 0 0
#obs catch bio
 0 87972.1 153102 202311 249650 258830 296391 323164 308911 314775 275036 287632 278711 255319 236637 212633 186336 156929 144307 139290 141392 117134 125809 108039 114701 120150 102724 105873 105237 96493.2 93393.3 95991.8 98120.5 98033.2 102484 85689.3 91201 82692.4 84731.2 75121.1 85862.4 85295.4 88775.2 83451.3 85591.5 88078 93978.4 86100.7 90471.6 89474.8 90029.6 104790 92610.9 110117 98193.9 87767.7 101458 106091 86782.9 77130 105895 110655 81307.9 80860.4 90276.3 92261.6
#pred cpue bio
 4.44741e+06 4.1797e+06 3.93275e+06 3.64056e+06 3.32758e+06 3.00128e+06 2.70319e+06 2.40139e+06 2.10298e+06 1.84707e+06 1.60792e+06 1.42748e+06 1.24726e+06 1.08686e+06 955082 844878 760235 700441 666944 643933 622639 594894 590986 575843 578724 574001 559840 561350 555304 547107 548305 552770 553918 550492 541346 520497 513837 500978 501164 501573 513518 512900 513400 510802 515033 517799 519322 516298 524140 529588 538286 547243 539633 544238 528550 525051 533202 525137 511022 518938 539001 525839 506825 523551 546199 562685 2.0299e+07 1.23406e+07 1.25602e+07 1.30057e+07 1.36265e+07 1.4262e+07 1.48233e+07 1.52816e+07 1.56385e+07 1.59081e+07 1.61079e+07 1.62544e+07 1.63612e+07 1.6439e+07 1.64958e+07 1.65374e+07 1.65681e+07 1.65908e+07 1.66077e+07 1.66204e+07 1.66299e+07 1.66372e+07 1.66427e+07 1.66469e+07 1.66501e+07 1.66525e+07 1.66544e+07 1.66558e+07 1.66569e+07 1.66578e+07 1.66584e+07 1.6659e+07 1.66593e+07 1.66596e+07 1.66599e+07 1.66601e+07 1.66602e+07 1.66603e+07 1.66604e+07 1.66605e+07 1.66605e+07 1.66606e+07 1.66606e+07 1.66606e+07 1.66606e+07 1.66606e+07 1.66607e+07 1.66607e+07 1.66607e+07 1.66607e+07 1.66607e+07 1.66607e+07 1.66607e+07 1.66607e+07 1.66607e+07 1.66607e+07 1.66607e+07 1.66607e+07 1.66607e+07 1.66607e+07 1.66607e+07 1.66607e+07 1.66607e+07 1.66607e+07 1.66607e+07 1.66607e+07 1.66607e+07 1.66607e+07 1.66607e+07 1.66607e+07 1.66607e+07 1.66607e+07 1.66607e+07 1.66607e+07 1.66607e+07 1.66607e+07 1.66607e+07 1.66607e+07 1.66607e+07 1.66607e+07 1.66607e+07 1.66607e+07 1.66607e+07 1.66607e+07 1.66607e+07 1.66607e+07 1.66607e+07 1.66607e+07 1.66607e+07 1.66607e+07 1.66607e+07 1.66607e+07 1.66607e+07 1.66607e+07 1.66607e+07 1.66607e+07 1.66607e+07 1.66607e+07 1.66607e+07 1.66607e+07 0 0 0 0 0 0 0 0 0 0 0 0 0 0 0 0 0 0 0 0 0 0 0 0 0
#obs cpue bio
 6.25331e+06 2.82998e+06 4.83094e+06 3.05e+06 3.11561e+06 1.67295e+06 2.97777e+06 3.17646e+06 1.51571e+06 1.73879e+06 1.55338e+06 1.13373e+06 952433 1.30160e+06 695690 580128 500994 912005 553399 560320 509416 530158 585442 413075 415545 795981 552730 741523 590325 372134 624558 441880 444421 967146 607959 581478 639774 517048 483556 506747 792944 449348 510964 544424 468437 412625 380414 572640 631285 398386 684893 477714 665018 560048 433131 525680 699302 400276 666042 600456 585076 377876 521048 521929 483866 498521
#pred surv len freq
 0.00460977 0.00747806 0.0112479 0.0159111 0.0213818 0.0274241 0.0336144 0.0394299 0.0444338 0.0484126 0.0513791 0.0534832 0.0549216 0.0558765 0.0564752 0.0567675 0.0567277 0.0562717 0.0552586 0.0534684 0.0505883 0.0462815 0.0403746 0.0330832 0.0250994
 0.00493345 0.00792207 0.011769 0.0164305 0.0218234 0.0277653 0.0339122 0.0397945 0.0449544 0.0490821 0.0520684 0.0539871 0.0550495 0.0555391 0.0557242 0.0557771 0.0557283 0.0554642 0.0547431 0.0532175 0.0504789 0.0461682 0.0401637 0.0327671 0.0247368
 0.00508622 0.00820526 0.0122534 0.0171874 0.022889 0.0290977 0.0353721 0.0411795 0.0460821 0.0498684 0.0525409 0.0542222 0.0550857 0.055339 0.0552139 0.054924 0.0545968 0.054205 0.0535284 0.0521648 0.0496138 0.0454444 0.0395193 0.0321731 0.0242075
 0.00532555 0.0085728 0.0127707 0.0178716 0.0237623 0.0301938 0.036724 0.0427843 0.0478603 0.0516509 0.0541064 0.0553723 0.0557095 0.0554223 0.0547986 0.0540641 0.0533513 0.0526608 0.051814 0.0504283 0.0479803 0.043988 0.0382683 0.0311345 0.0233852
 0.0055837 0.00899046 0.0133945 0.018741 0.0249004 0.0315953 0.0383474 0.0445572 0.0496968 0.0534645 0.0558049 0.0568415 0.05681 0.0560167 0.0547931 0.0534351 0.0521434 0.0509708 0.0497766 0.0482057 0.0457438 0.0418929 0.0364322 0.0296283 0.0222338
 0.00581008 0.00936398 0.0139677 0.0195684 0.0260299 0.0330533 0.0401197 0.0465777 0.0518515 0.0556106 0.0577965 0.0585484 0.0581234 0.056843 0.0550495 0.053058 0.0511088 0.0493148 0.0476032 0.0456802 0.0430727 0.0392936 0.0340976 0.0276949 0.0207627
 0.00602281 0.00970576 0.014476 0.0202795 0.0269775 0.0342633 0.0416009 0.0483108 0.053781 0.0576437 0.0598089 0.0603973 0.0596658 0.0579528 0.0556254 0.0530249 0.0504206 0.0479661 0.0456488 0.0432492 0.0403653 0.036554 0.0315678 0.0255634 0.0191284
 0.0062767 0.010114 0.0150824 0.0211226 0.0280851 0.0356434 0.0432318 0.0501369 0.0557202 0.0596011 0.0616869 0.0620982 0.0610904 0.0590009 0.0562006 0.0530427 0.049818 0.0467139 0.0437701 0.0408397 0.0376034 0.0336856 0.0288604 0.0232443 0.0173309
 0.00656905 0.0105842 0.015781 0.0220943 0.0293618 0.0372325 0.0451019 0.0522107 0.0578815 0.0617142 0.0636194 0.0637382 0.0623532 0.0598264 0.0565432 0.0528616 0.0490738 0.0453786 0.0418494 0.0384013 0.034798 0.0307426 0.0260493 0.0208085 0.0154251
 0.0068659 0.011056 0.0164715 0.0230393 0.0305852 0.0387392 0.0468679 0.0541745 0.0599457 0.0637564 0.065508 0.065349 0.0635837 0.0606037 0.0568247 0.0526253 0.0483074 0.0440759 0.0400218 0.0361034 0.0321538 0.0279527 0.0233613 0.0184579 0.0135699
 0.00721516 0.0116116 0.017285 0.0241504 0.032015 0.0404799 0.04887 0.0563428 0.0621495 0.0658516 0.067359 0.0668425 0.0646347 0.0611574 0.0568546 0.0521285 0.0472961 0.0425716 0.0380583 0.0337438 0.0295134 0.0252092 0.0207361 0.0161657 0.0117583
 0.00744981 0.0119938 0.0178621 0.0249677 0.0331083 0.0418626 0.0505187 0.0581894 0.0640873 0.067752 0.0690912 0.0682894 0.065703 0.0617829 0.0570018 0.0517863 0.0464717 0.0412868 0.0363516 0.0316811 0.0272026 0.0228079 0.0184363 0.0141531 0.0101626
 0.00769299 0.0123939 0.0184732 0.0258439 0.0342933 0.0433733 0.0523262 0.0602101 0.0661901 0.0697794 0.0708852 0.0697138 0.0666595 0.0622182 0.0569056 0.0511808 0.0453987 0.0397978 0.0345073 0.0295587 0.0249094 0.0204869 0.0162545 0.0122677 0.00867955
 0.00795949 0.0128185 0.0190971 0.026702 0.0354113 0.0447604 0.0539639 0.0620417 0.068118 0.0716731 0.0725972 0.0711009 0.0676046 0.0626474 0.0567946 0.05055 0.0443005 0.0383027 0.0326957 0.0275225 0.0227582 0.0183523 0.01428 0.0105823 0.00736559
 0.0082144 0.0132244 0.0196921 0.0275161 0.0364608 0.0460408 0.0554406 0.0636471 0.0697584 0.0732433 0.0739938 0.0722295 0.0683841 0.0630154 0.0567146 0.0500175 0.0433435 0.0369773 0.031079 0.0257084 0.020856 0.0164844 0.0125711 0.00913825 0.00624913
 0.00831201 0.0134077 0.0200134 0.0280385 0.0372433 0.0471133 0.0567819 0.0651778 0.0713561 0.0747705 0.0753251 0.073268 0.069067 0.0633108 0.0566157 0.0495361 0.0425075 0.035831 0.0296846 0.0241465 0.0192247 0.0148928 0.0111266 0.00792804 0.00532103
 0.00833385 0.0134479 0.020085 0.0281627 0.0374529 0.0474523 0.0572989 0.06591 0.0723068 0.0758915 0.0765159 0.0743968 0.0700038 0.0639573 0.0569183 0.0494828 0.0421164 0.0351403 0.0287482 0.023034 0.0180209 0.0136928 0.0100244 0.0069991 0.00460715
 0.00849681 0.0136726 0.0203492 0.0284229 0.0376588 0.0475715 0.0573367 0.0659136 0.0723518 0.0760557 0.0768503 0.0749036 0.0706296 0.0646054 0.057476 0.0498519 0.0422345 0.0349872 0.028342 0.022423 0.0172757 0.0128971 0.00926217 0.00633979 0.00409232
 0.00854892 0.0137574 0.0204748 0.0285907 0.0378567 0.0477669 0.057478 0.0659462 0.0722473 0.0758378 0.0765994 0.0747295 0.0706255 0.0648072 0.0578474 0.0503001 0.0426452 0.0352614 0.0284211 0.0222968 0.0169772 0.0124886 0.00881738 0.00592528 0.0037534
 0.00852309 0.0137206 0.0204295 0.0285435 0.0378177 0.0477469 0.0574837 0.0659749 0.0722828 0.0758549 0.0765764 0.0746673 0.0705573 0.0647889 0.0579297 0.0504982 0.0429255 0.0355534 0.0286462 0.0223984 0.0169381 0.0123313 0.00859011 0.0056827 0.00353911
 0.00855476 0.0137612 0.0204709 0.0285722 0.0378198 0.0477152 0.0574233 0.0659021 0.0722184 0.0758138 0.0765607 0.0746667 0.0705585 0.0647879 0.0579388 0.0505398 0.0430154 0.0356846 0.0287865 0.022504 0.0169746 0.0122888 0.0084855 0.00554844 0.00340816
 0.00873072 0.0140245 0.0208239 0.0290002 0.0382918 0.0481891 0.0578509 0.0662358 0.0724201 0.0758649 0.0764668 0.074453 0.0702595 0.0644387 0.0575715 0.0501847 0.0426999 0.0354278 0.0285916 0.0223572 0.0168523 0.0121707 0.00836374 0.0054286 0.00330209
 0.00870323 0.0139848 0.0207731 0.0289415 0.0382286 0.0481221 0.0577773 0.066151 0.072323 0.0757619 0.0763727 0.074387 0.0702381 0.0644691 0.0576493 0.0502969 0.0428307 0.0355633 0.0287209 0.0224701 0.0169386 0.0122229 0.00838077 0.00541752 0.00327539
 0.00877969 0.0141022 0.0209367 0.0291515 0.0384799 0.0484041 0.0580725 0.0664341 0.0725614 0.0759214 0.0764256 0.0743217 0.0700646 0.0642168 0.0573587 0.0500073 0.0425712 0.0353492 0.0285554 0.0223478 0.0168495 0.0121556 0.00832629 0.00537098 0.00323601
 0.00859858 0.0138363 0.0205898 0.0287459 0.0380513 0.047992 0.0577127 0.0661568 0.0723909 0.0758739 0.0765052 0.074516 0.0703451 0.064546 0.0576999 0.0503332 0.0428666 0.0356085 0.0287773 0.0225319 0.0169951 0.0122628 0.00839752 0.00541192 0.00325483
 0.00844321 0.0135984 0.0202602 0.0283293 0.037568 0.0474789 0.057222 0.0657487 0.0721197 0.0757716 0.0765734 0.0747293 0.0706634 0.0649262 0.0581031 0.0507278 0.0432299 0.0359268 0.0290452 0.0227492 0.0171643 0.0123878 0.00848348 0.00546565 0.00328446
 0.00838473 0.0135046 0.0201216 0.0281387 0.0373229 0.0471852 0.0568975 0.065424 0.0718342 0.0755647 0.0764743 0.0747496 0.0707945 0.0651431 0.0583726 0.0510169 0.0435119 0.0361834 0.029266 0.0229302 0.0173059 0.0124929 0.00855657 0.00551254 0.00331164
 0.008394 0.0134875 0.0200372 0.0279305 0.0369358 0.0465908 0.0561165 0.0645309 0.0709415 0.0747944 0.0759295 0.0744956 0.0708496 0.0654797 0.0589266 0.0517043 0.0442469 0.0368939 0.0299012 0.0234618 0.0177248 0.0128038 0.00877329 0.00565344 0.00339636
 0.00854253 0.0137097 0.0203333 0.028281 0.0372982 0.0468997 0.0562904 0.0644905 0.0706383 0.0742383 0.0751984 0.0737154 0.0701558 0.0649774 0.0586675 0.0516837 0.0444176 0.0371867 0.0302455 0.0238002 0.0180194 0.0130368 0.00894226 0.00576617 0.00346539
 0.00859216 0.0138028 0.0204952 0.0285402 0.0376752 0.0473908 0.0568537 0.0650433 0.0710725 0.0744502 0.0751211 0.0733441 0.0695537 0.064259 0.057964 0.0511046 0.0440239 0.0369852 0.0302015 0.0238589 0.0181266 0.0131513 0.00903997 0.00583797 0.00351208
 0.00855717 0.0137445 0.0204064 0.0284177 0.0375259 0.0472378 0.0567367 0.0650083 0.0711504 0.0746353 0.0753638 0.0735663 0.0696804 0.0642511 0.0578339 0.0509086 0.0438354 0.0368642 0.0301746 0.0239177 0.0182396 0.0132815 0.00915864 0.00592981 0.00357425
 0.00834742 0.0134405 0.0200171 0.0279743 0.037072 0.0468148 0.0563748 0.0647283 0.0709722 0.0745819 0.0754543 0.0737998 0.0700239 0.0646436 0.0582078 0.0512163 0.0440658 0.0370382 0.0303258 0.024071 0.018401 0.0134405 0.00929892 0.00603955 0.00365032
 0.00801956 0.0129486 0.0193551 0.0271681 0.0361772 0.0459096 0.05555 0.0640749 0.0705632 0.0744545 0.0756026 0.0741833 0.0705836 0.0653146 0.0589245 0.0519168 0.0447002 0.0375785 0.0307686 0.0244297 0.0186928 0.0136772 0.00948522 0.00617746 0.00374414
 0.00773871 0.0125061 0.0187175 0.0263187 0.0351259 0.0447036 0.0542827 0.0628806 0.0695921 0.0738339 0.075404 0.0744088 0.071175 0.0661748 0.0599427 0.0529879 0.0457368 0.0385173 0.0315725 0.0250864 0.0192086 0.0140681 0.00977009 0.00637496 0.00387241
 0.00768424 0.0123922 0.0184991 0.0259386 0.034529 0.0438603 0.0532122 0.0616608 0.0683507 0.0727239 0.0745721 0.0739655 0.0711712 0.0665928 0.0607044 0.0539772 0.0468277 0.0395975 0.0325582 0.0259267 0.0198832 0.0145803 0.0101379 0.00662397 0.00403012
 0.00836434 0.0133574 0.0196894 0.0272038 0.0356629 0.0446611 0.0535358 0.0614471 0.0676237 0.0715812 0.0731694 0.0724924 0.0698179 0.0655128 0.0599863 0.0536351 0.0468107 0.0398143 0.0329058 0.0263145 0.0202463 0.0148826 0.0103673 0.00678433 0.00413368
 0.00889119 0.014192 0.0208966 0.0288071 0.0376144 0.0468088 0.0556114 0.0631047 0.0685366 0.0715576 0.0722212 0.0708211 0.0677352 0.0633449 0.0580016 0.0520078 0.0456145 0.0390366 0.0324747 0.0261313 0.020214 0.0149237 0.0104311 0.00684364 0.00417823
 0.00880264 0.0141485 0.0210168 0.0292632 0.0385862 0.0484079 0.0578077 0.0656933 0.0711644 0.073801 0.0736916 0.0712691 0.0671186 0.0618343 0.0559169 0.0497163 0.0434344 0.0371788 0.0310312 0.0250977 0.0195266 0.0144966 0.0101819 0.00670671 0.00410749
 0.00848344 0.0136579 0.020339 0.0284236 0.0376704 0.0475765 0.0572889 0.0657336 0.0719353 0.0753007 0.0757011 0.0734002 0.0689396 0.0630117 0.0563127 0.0494028 0.0426345 0.0361676 0.0300461 0.0242866 0.0189424 0.0141229 0.00996807 0.00659711 0.00405729
 0.00846697 0.0135936 0.0201739 0.0280879 0.0371002 0.04675 0.0562629 0.0646591 0.0710393 0.0748304 0.0758442 0.0742056 0.0702748 0.0645899 0.0577872 0.0504895 0.0432016 0.036253 0.0298038 0.0239027 0.0185652 0.013832 0.00978111 0.00649516 0.00401025
 0.00850529 0.0136362 0.0201988 0.0280556 0.0369549 0.046428 0.0557093 0.0638529 0.0700226 0.0737292 0.074861 0.0735721 0.0701726 0.0650731 0.0587482 0.0516922 0.0443713 0.0371769 0.0303922 0.0241865 0.0186442 0.0138134 0.00973989 0.00646557 0.00399805
 0.00857353 0.0137569 0.0203964 0.0283535 0.0373624 0.0469229 0.0562244 0.0642791 0.070235 0.0736301 0.0744232 0.0728639 0.0693507 0.0643362 0.0582657 0.0515387 0.0445017 0.0374588 0.0306757 0.0243702 0.0187022 0.0137781 0.00966415 0.00639145 0.00394503
 0.00857237 0.0137603 0.0204128 0.0283967 0.037452 0.0470812 0.0564687 0.0646094 0.0706201 0.0740014 0.0746859 0.0729288 0.0691749 0.0639521 0.0577768 0.0510794 0.0441798 0.0373123 0.0306687 0.024427 0.0187535 0.0137902 0.00963947 0.00635012 0.00390603
 0.00862322 0.013836 0.0205139 0.0285203 0.0375937 0.0472388 0.0566443 0.0648089 0.0708482 0.0742535 0.0749393 0.0731393 0.0692846 0.063911 0.05757 0.0507426 0.0437892 0.0369523 0.0303958 0.0242521 0.0186519 0.0137268 0.00958975 0.00630575 0.00386871
 0.00869433 0.013935 0.020632 0.0286387 0.037689 0.0472913 0.056646 0.0647671 0.0707839 0.0741957 0.0749164 0.073168 0.0693603 0.0640054 0.0576404 0.0507517 0.0437245 0.0368322 0.0302582 0.0241325 0.0185675 0.0136751 0.00955867 0.00628434 0.00385187
 0.00877856 0.0140681 0.0208241 0.0288936 0.0379999 0.0476363 0.0569866 0.0650536 0.0709698 0.0742548 0.0748531 0.073014 0.0691601 0.063798 0.0574462 0.0505704 0.0435444 0.0366443 0.0300655 0.0239496 0.0184112 0.0135554 0.00947499 0.0062297 0.00381767
 0.00877573 0.0140784 0.0208671 0.0289964 0.0381897 0.0479287 0.0573739 0.0655003 0.0714178 0.0746371 0.0751108 0.0731119 0.069096 0.0636006 0.0571629 0.0502494 0.0432213 0.0363386 0.029786 0.0237019 0.0182016 0.0133889 0.00935261 0.00614678 0.00376582
 0.00889119 0.0142461 0.0210835 0.0292484 0.0384618 0.0482131 0.0576752 0.0658292 0.0717771 0.0750074 0.0754473 0.0733551 0.0691925 0.0635233 0.05692 0.0498803 0.0427814 0.0358821 0.0293547 0.0233218 0.0178858 0.0131415 0.00917096 0.00602274 0.00368766
 0.00886844 0.0142192 0.0210607 0.0292415 0.038481 0.0482599 0.0577401 0.0658978 0.0718416 0.0750757 0.0755394 0.0734876 0.0693615 0.0636992 0.057059 0.049945 0.0427564 0.0357777 0.0291981 0.0231451 0.0177158 0.0129956 0.00905719 0.00594168 0.00363491
 0.00877871 0.0140933 0.0209088 0.029087 0.0383555 0.0481941 0.0577542 0.0659954 0.0720084 0.0752839 0.0757566 0.0736884 0.0695337 0.0638411 0.0571703 0.0500193 0.0427827 0.0357484 0.0291169 0.0230276 0.0175842 0.0128708 0.00895319 0.00586431 0.0035831
 0.00869246 0.0139538 0.0207016 0.028803 0.0379973 0.0477838 0.0573379 0.0656374 0.0717744 0.0752179 0.0758663 0.0739451 0.0698861 0.0642339 0.0575578 0.0503699 0.0430764 0.0359737 0.0292696 0.0231126 0.0176147 0.0128653 0.00893025 0.00583783 0.00356091
 0.00853877 0.0137264 0.0204005 0.0284414 0.0375966 0.0473658 0.0569214 0.0652422 0.0714286 0.0749607 0.0757415 0.0739859 0.0700996 0.0645948 0.0580154 0.0508636 0.0435518 0.036391 0.0296067 0.0233626 0.0177834 0.0129673 0.00898402 0.00586147 0.00356863
 0.00864389 0.0138719 0.0205731 0.0286147 0.03774 0.0474581 0.0569589 0.0652359 0.0713917 0.074898 0.0756491 0.0738614 0.069953 0.0644497 0.0578988 0.0507925 0.0435261 0.0363968 0.0296244 0.023376 0.0177839 0.0129543 0.0089623 0.00583761 0.00354786
 0.00857301 0.0137735 0.0204552 0.0284918 0.0376257 0.0473546 0.0568532 0.0651073 0.0712278 0.0747094 0.0754688 0.0737299 0.0699 0.0644842 0.0580115 0.050965 0.0437371 0.0366242 0.0298461 0.0235721 0.0179408 0.0130672 0.0090348 0.0058787 0.00356809
 0.00862929 0.0138678 0.0206026 0.0287087 0.0379263 0.0477447 0.0573215 0.0656178 0.0717193 0.0751046 0.0756948 0.0737426 0.0697001 0.0641166 0.0575478 0.050479 0.0432866 0.036243 0.0295459 0.0233485 0.0177807 0.012955 0.00895724 0.00582594 0.00353341
 0.00863924 0.0138731 0.0205913 0.0286655 0.03784 0.0476181 0.0571784 0.0655 0.0716724 0.0751581 0.0758471 0.0739584 0.0699234 0.0642926 0.057643 0.0504906 0.0432366 0.0361642 0.0294668 0.0232857 0.0177385 0.0129298 0.00894274 0.00581712 0.0035274
 0.00859166 0.0137932 0.0204659 0.0284801 0.0375808 0.0472777 0.0567626 0.0650351 0.0712082 0.0747628 0.0755921 0.0738967 0.0700692 0.0646138 0.0580724 0.0509502 0.0436633 0.036523 0.0297498 0.0235014 0.0179 0.0130484 0.00902677 0.00587312 0.00356177
 0.00867044 0.0139198 0.0206526 0.0287344 0.0379004 0.0476436 0.057135 0.0653562 0.0714159 0.074811 0.0754687 0.0736302 0.0697198 0.0642525 0.0577567 0.0507082 0.0434929 0.0364044 0.0296616 0.0234299 0.0178408 0.0130018 0.00899321 0.00585115 0.00354863
 0.00876839 0.0140774 0.0208869 0.0290595 0.0383243 0.0481625 0.0577261 0.0659734 0.0719921 0.0752682 0.0757349 0.0736584 0.0695036 0.0638304 0.057202 0.0501065 0.0429178 0.0359021 0.0292497 0.0231063 0.0175949 0.0128216 0.00886714 0.00576826 0.003498
 0.00866087 0.0139091 0.0206467 0.0287446 0.0379442 0.0477437 0.0573147 0.0656313 0.0717825 0.0752361 0.0758897 0.0739682 0.0699046 0.0642477 0.0575731 0.0503974 0.0431254 0.036044 0.0293484 0.0231792 0.0176508 0.0128636 0.00889691 0.00578769 0.00350963
 0.00861059 0.013806 0.0204528 0.0284134 0.0374346 0.0470415 0.0564524 0.0646931 0.0708899 0.0745197 0.0754578 0.0738821 0.0701651 0.0647965 0.0583098 0.0512082 0.0439115 0.0367399 0.0299248 0.0236335 0.0179946 0.0131134 0.00906986 0.00590051 0.0035782
 0.00890602 0.0142628 0.0210934 0.0292347 0.0383998 0.048073 0.0574304 0.0654715 0.0713332 0.074548 0.0750768 0.0731806 0.0692827 0.0638788 0.0574704 0.0505091 0.0433652 0.0363263 0.0296127 0.023396 0.0178142 0.0129799 0.0089758 0.00583851 0.00354034
 0.0092226 0.0147601 0.0218086 0.0301882 0.0395881 0.0494584 0.0589296 0.0669503 0.0726201 0.0754662 0.0754865 0.0730169 0.068576 0.0627485 0.0560919 0.0490662 0.0420073 0.0351456 0.0286456 0.0226392 0.0172445 0.0125677 0.00869123 0.00565302 0.0034275
 0.00917305 0.0146851 0.0217074 0.0300675 0.0394647 0.049362 0.0589014 0.0670358 0.072853 0.0758493 0.0759786 0.0735354 0.0690184 0.0630257 0.056159 0.0489353 0.041737 0.0348137 0.0283203 0.0223628 0.0170321 0.0124162 0.00858932 0.00558814 0.00338858
 0.00909592 0.0145642 0.0215341 0.0298378 0.0391816 0.0490383 0.0585636 0.0667258 0.0726243 0.0757562 0.0760605 0.0738003 0.0694327 0.0635176 0.0566377 0.0493202 0.0419829 0.0349204 0.0283219 0.0223066 0.016959 0.0123508 0.00854102 0.0055567 0.00336997
 0.00880986 0.014162 0.0210448 0.0293266 0.03873 0.0487128 0.0583922 0.0666949 0.0726967 0.0758953 0.0762467 0.074033 0.0697198 0.0638597 0.0570159 0.0496956 0.0423086 0.0351598 0.0284626 0.0223619 0.0169576 0.0123229 0.00850827 0.00553009 0.00335225
#obs surv len freq
 nan nan nan nan nan nan nan nan nan nan nan nan nan nan nan nan nan nan nan nan nan nan nan nan nan
 0.00447916 0.00733816 0.0111662 0.0159817 0.0216828 0.0279601 0.0342765 0.0400102 0.0446918 0.0481572 0.0505162 0.0520129 0.0529059 0.0534188 0.0537335 0.0539887 0.0542675 0.0545604 0.0546992 0.0542911 0.0527291 0.0493609 0.0438102 0.0362895 0.0276723
 0.00461387 0.00755737 0.0114962 0.0164463 0.0222979 0.0287244 0.0351634 0.0409644 0.0456365 0.0490083 0.0511981 0.0524698 0.053108 0.0533638 0.0534421 0.0534975 0.0536195 0.0537982 0.0538619 0.0534155 0.0518537 0.0485287 0.0430655 0.0356701 0.0271989
 0.00477615 0.00782374 0.0119018 0.017025 0.0230757 0.029708 0.0363288 0.0422525 0.0469596 0.0502652 0.0522898 0.0533104 0.053633 0.0535352 0.0532521 0.0529667 0.0527917 0.0527316 0.0526219 0.0520719 0.0504814 0.0472077 0.0418755 0.0346765 0.0264381
 0.00496911 0.00813875 0.0123784 0.0177014 0.0239813 0.030853 0.0376916 0.0437743 0.0485508 0.0518198 0.0536996 0.0544758 0.054469 0.0539765 0.0532584 0.052527 0.0519256 0.0514881 0.0510756 0.0503192 0.048637 0.0453985 0.0402268 0.0332909 0.0253733
 0.00517334 0.00847479 0.0128917 0.0184368 0.0249748 0.0321177 0.0392041 0.0454693 0.0503309 0.0535729 0.0553158 0.0558555 0.0555249 0.0546347 0.0534602 0.0522339 0.0511257 0.0502031 0.0493661 0.0482879 0.046426 0.043178 0.0381714 0.0315462 0.0240242
 0.00540709 0.00885553 0.0134663 0.0192499 0.0260611 0.0334895 0.0408373 0.0472982 0.052255 0.055475 0.0570796 0.0573764 0.0567139 0.0554181 0.0537778 0.0520385 0.0503872 0.0489177 0.0475711 0.0460744 0.043945 0.0406293 0.0357724 0.0294857 0.022418
 0.00563611 0.00923304 0.014044 0.0200793 0.027183 0.0349184 0.0425455 0.0492108 0.0542617 0.0574523 0.0589102 0.0589591 0.0579645 0.0562669 0.0541663 0.0519172 0.0497177 0.0476807 0.0457828 0.0438074 0.0413431 0.0379027 0.0331646 0.0272181 0.0206342
 0.00588317 0.00963433 0.0146476 0.0209305 0.0283171 0.036348 0.044247 0.0511173 0.0562707 0.0594429 0.0607616 0.0605638 0.0592344 0.057133 0.0545751 0.0518253 0.0490885 0.04649 0.0440344 0.0415574 0.0387216 0.035116 0.0304648 0.0248447 0.0187508
 0.00613146 0.0100433 0.0152728 0.0218259 0.029524 0.037877 0.046061 0.0531277 0.0583529 0.0614625 0.0625976 0.0621184 0.0604327 0.0579187 0.0549053 0.0516656 0.0484102 0.0452729 0.0422799 0.0393122 0.0361025 0.032318 0.0277363 0.0224295 0.0168217
 0.00637709 0.0104464 0.0158866 0.0227028 0.0307055 0.039378 0.0478527 0.0551304 0.0604453 0.0635043 0.0644529 0.0636735 0.0616034 0.0586505 0.0551666 0.0514385 0.047682 0.0440354 0.0405398 0.0371136 0.0335518 0.0295953 0.0250757 0.020066 0.014926
 0.00661649 0.0108384 0.0164817 0.0235498 0.0318421 0.0408162 0.0495629 0.0570362 0.0624337 0.0654461 0.0662233 0.0651638 0.0627278 0.0593478 0.0553997 0.0511896 0.0469464 0.0428169 0.038856 0.0350122 0.0311332 0.0270243 0.0225666 0.0178354 0.0131334
 0.00684284 0.0112122 0.0170548 0.0243737 0.0329567 0.0422327 0.0512475 0.0589051 0.0643655 0.0673076 0.0678914 0.0665389 0.0637365 0.0599409 0.0555485 0.0508815 0.0461808 0.0416036 0.0372198 0.0330054 0.0288527 0.0246219 0.0202353 0.0157693 0.011475
 0.00704499 0.0115449 0.0175633 0.0251028 0.0339427 0.0434894 0.0527513 0.0605887 0.0661257 0.0690233 0.0694436 0.0678254 0.0646795 0.0604898 0.055677 0.0505823 0.0454589 0.0404741 0.0357114 0.0311713 0.0267849 0.0224579 0.0181459 0.013924 0.00999693
 0.00727063 0.0119085 0.0181044 0.0258559 0.0349305 0.0447125 0.0541776 0.0621493 0.0677241 0.0705523 0.0708024 0.0689291 0.0654641 0.0609122 0.0557148 0.0502307 0.0447269 0.0393817 0.0342914 0.0294776 0.0249035 0.0205116 0.0162834 0.0122902 0.00869452
 0.00742237 0.0121656 0.0185102 0.0264559 0.0357613 0.0457849 0.055461 0.0635693 0.0691766 0.0719277 0.0720059 0.06989 0.0661344 0.061263 0.0557316 0.0499106 0.0440769 0.0384192 0.033047 0.0280017 0.0232737 0.0188356 0.0146886 0.0108978 0.00758887
 0.00753367 0.0123424 0.0187697 0.0268141 0.0362337 0.0463858 0.0561985 0.0644377 0.0701488 0.072952 0.0730101 0.0707931 0.0668613 0.0617553 0.0559526 0.0498424 0.0437171 0.0377774 0.0321468 0.0268859 0.0220097 0.0175165 0.0134227 0.00978748 0.00670514
 0.00757774 0.0124161 0.0188844 0.0269817 0.0364648 0.0466865 0.0565687 0.0648721 0.0706407 0.0734954 0.0735964 0.071403 0.0674579 0.0622851 0.0563541 0.0500597 0.0437095 0.0375252 0.0316534 0.0261791 0.0211438 0.0165699 0.0124881 0.00895307 0.00603347
 0.00765955 0.0125356 0.0190395 0.027163 0.0366595 0.0468848 0.0567682 0.0650776 0.0708606 0.0737378 0.0738668 0.0717026 0.0677814 0.062616 0.0566616 0.0502995 0.0438318 0.0374865 0.0314283 0.025769 0.0205806 0.0159129 0.0118132 0.00833531 0.00552822
 0.00770659 0.0126123 0.0191545 0.0273223 0.0368629 0.0471214 0.0570154 0.0653057 0.0710437 0.073866 0.0739504 0.0717669 0.0678538 0.0627142 0.0567857 0.0504303 0.0439342 0.0375176 0.0313492 0.0255583 0.0202437 0.0154843 0.0113481 0.00789398 0.00515851
 0.00775745 0.0126859 0.0192487 0.0274304 0.0369763 0.0472341 0.0571259 0.0654148 0.0711507 0.0739649 0.0740325 0.0718265 0.0678942 0.0627472 0.0568254 0.0504834 0.0439925 0.0375576 0.0313393 0.0254704 0.0200663 0.0152296 0.0110498 0.00759611 0.00489996
 0.00782373 0.0127885 0.0193928 0.0276159 0.0371959 0.0474728 0.0573608 0.0656193 0.0713016 0.0740503 0.074054 0.071796 0.0678273 0.0626595 0.0567306 0.050393 0.0439126 0.0374849 0.0312601 0.0253657 0.0199213 0.0150428 0.0108364 0.00738217 0.00471206
 0.00784884 0.0128307 0.0194589 0.0277123 0.0373273 0.0476382 0.0575514 0.0658175 0.0714842 0.0741943 0.0741431 0.0718244 0.0678003 0.0625903 0.0566359 0.0502883 0.0438092 0.0373876 0.0311663 0.0252669 0.0198077 0.0149099 0.0106895 0.00723533 0.00458176
 0.00786526 0.0128533 0.0194856 0.0277396 0.0373522 0.0476613 0.0575779 0.065856 0.071542 0.0742723 0.0742337 0.0719133 0.0678718 0.0626331 0.0566467 0.0502711 0.0437723 0.0373393 0.0311113 0.025205 0.019736 0.0148264 0.0105968 0.00714126 0.00449668
 0.00788831 0.012886 0.019526 0.0277824 0.0373898 0.0476862 0.057585 0.065845 0.071518 0.074246 0.0742176 0.0719172 0.0678978 0.0626747 0.0566917 0.0503074 0.0437924 0.0373412 0.0310969 0.0251769 0.0196958 0.0147758 0.0105388 0.00708142 0.00444167
 0.00789275 0.0128934 0.0195371 0.0277976 0.0374082 0.0477049 0.0575988 0.0658475 0.0715046 0.0742165 0.0741782 0.071879 0.0678732 0.0626722 0.0567125 0.0503452 0.0438362 0.0373801 0.0311231 0.0251871 0.01969 0.0147563 0.0105095 0.00704748 0.00440859
 0.00788035 0.0128687 0.0194919 0.0277225 0.0372961 0.0475561 0.0574244 0.0656685 0.0713458 0.0740987 0.0741132 0.0718688 0.0679137 0.0627564 0.0568319 0.0504894 0.0439926 0.0375346 0.0312623 0.025301 0.0197737 0.0148099 0.0105373 0.00705625 0.00440593
 0.00788887 0.0128763 0.0194916 0.0277033 0.0372454 0.0474634 0.0572861 0.0654906 0.0711448 0.073899 0.0739423 0.0717509 0.0678637 0.0627769 0.056915 0.0506204 0.0441538 0.0377077 0.0314306 0.0254505 0.0198949 0.0148987 0.0105953 0.00708902 0.00442097
 0.00789642 0.0128868 0.0195038 0.0277139 0.0372488 0.0474515 0.0572494 0.0654203 0.0710363 0.0737561 0.0737786 0.0715888 0.0677286 0.0626909 0.0568907 0.0506585 0.0442444 0.037834 0.0315729 0.0255905 0.0200182 0.0149966 0.0106651 0.00713334 0.0044456
 0.00787306 0.0128522 0.0194579 0.0276588 0.0371879 0.0473884 0.0571863 0.0653578 0.0709733 0.0736899 0.0737075 0.0715143 0.0676574 0.0626348 0.0568636 0.0506718 0.0443023 0.0379316 0.0316974 0.025725 0.0201459 0.0151051 0.0107478 0.00718991 0.00448014
 0.0078384 0.0127954 0.0193719 0.0275381 0.0370307 0.0472002 0.0569818 0.0651596 0.0708058 0.0735719 0.0736466 0.0715064 0.0676916 0.0626992 0.0569502 0.0507778 0.0444279 0.0380762 0.0318563 0.025888 0.0203004 0.0152389 0.0108532 0.00726509 0.00452848
 0.00780933 0.0127445 0.0192888 0.0274112 0.0368508 0.0469651 0.0567013 0.0648567 0.0705136 0.073326 0.0734767 0.0714301 0.067711 0.0628025 0.0571166 0.0509846 0.0446557 0.0383112 0.0320882 0.0261082 0.0204994 0.0154081 0.0109866 0.0073616 0.00459198
 0.00778239 0.0126984 0.0192153 0.0273009 0.0366949 0.0467585 0.0564464 0.0645657 0.070208 0.0730347 0.0732317 0.0712608 0.0676385 0.0628347 0.0572465 0.0511924 0.044915 0.0385947 0.0323729 0.0263762 0.0207378 0.0156079 0.0111432 0.00747508 0.00466734
 0.00777996 0.0126904 0.0191956 0.0272609 0.036625 0.0466508 0.0562975 0.0643781 0.0699905 0.0728016 0.0730018 0.0710567 0.067484 0.0627507 0.0572462 0.0512774 0.0450743 0.0388076 0.0326139 0.0266203 0.0209644 0.0158024 0.0112978 0.00758849 0.00474353
 0.00771969 0.0126004 0.0190747 0.0271129 0.0364567 0.0464694 0.056109 0.0641876 0.0698036 0.0726257 0.0728464 0.0709324 0.0674022 0.0627223 0.0572801 0.0513782 0.0452397 0.0390265 0.0328673 0.0268844 0.0212156 0.0160218 0.011474 0.00771839 0.00483109
 0.00930736 0.0148168 0.0217373 0.0298283 0.0387371 0.047916 0.0565566 0.0637283 0.0686961 0.0711645 0.0712691 0.06939 0.0659741 0.0614451 0.0561702 0.0504426 0.0444797 0.0384369 0.0324348 0.0265878 0.0210279 0.0159141 0.0114196 0.00769549 0.0048243
 0.00932211 0.0151341 0.0227312 0.0319587 0.0423478 0.0529631 0.0624372 0.0693798 0.0729739 0.0732943 0.071102 0.0673388 0.0627301 0.0576828 0.0523825 0.0469185 0.0413578 0.035769 0.0302281 0.024825 0.0196746 0.0149221 0.0107305 0.00724551 0.00455037
 0.0089553 0.0145602 0.021931 0.0309869 0.041386 0.0523541 0.0626433 0.0708178 0.0757664 0.0770859 0.0751046 0.0706312 0.0646424 0.0580274 0.0514206 0.0451428 0.0392597 0.0337059 0.0284017 0.0233194 0.0185027 0.0140584 0.0101299 0.0068539 0.00431273
 0.00877657 0.0142586 0.0214578 0.0302936 0.0404435 0.0511875 0.0613737 0.0696902 0.0751271 0.0772858 0.0763416 0.0728047 0.0673229 0.0605969 0.053322 0.0460913 0.0392973 0.0331002 0.0274829 0.0223568 0.0176586 0.0133995 0.00966015 0.00654518 0.00412556
 0.00871236 0.0141472 0.021276 0.0300128 0.0400324 0.0506199 0.0606418 0.0688225 0.074209 0.0764728 0.0758485 0.0728502 0.0680338 0.0619148 0.0549813 0.0477064 0.0405201 0.0337537 0.0275958 0.0220976 0.0172306 0.0129625 0.00930157 0.00629107 0.00396538
 0.00870303 0.0141267 0.0212347 0.0299366 0.0399041 0.0504208 0.0603556 0.0684387 0.0737286 0.0759191 0.0752806 0.0723719 0.0677812 0.0620139 0.0554833 0.0485382 0.0414917 0.0346312 0.0282009 0.0223715 0.0172298 0.0128024 0.0090939 0.0061076 0.00383413
 0.00868979 0.0141064 0.021206 0.0298983 0.0398533 0.0503524 0.0602606 0.0683053 0.0735447 0.0756765 0.0749818 0.0720387 0.0674628 0.0617856 0.0554286 0.0487129 0.0418862 0.0351594 0.02873 0.0227804 0.0174588 0.0128643 0.00904788 0.00601954 0.00374989
 0.00868552 0.0140984 0.0211922 0.0298761 0.0398208 0.0503087 0.0602064 0.0682417 0.0734709 0.0755877 0.07487 0.0718974 0.0672943 0.0616098 0.0552849 0.0486517 0.0419478 0.035349 0.0290071 0.0230728 0.0176957 0.013007 0.00909919 0.00600987 0.00371482
 0.00865556 0.0140535 0.0211316 0.0298016 0.0397361 0.0502185 0.0601156 0.0681554 0.073394 0.0755239 0.0748201 0.0718579 0.0672592 0.0615739 0.0552511 0.0486346 0.0419706 0.0354322 0.0291529 0.0232588 0.0178822 0.0131565 0.00919257 0.00605079 0.00372097
 0.00866327 0.0140625 0.0211387 0.029802 0.0397248 0.0501927 0.0600765 0.0681078 0.0733441 0.0754766 0.0747773 0.0718189 0.0672216 0.0615358 0.0552123 0.0485994 0.0419488 0.0354367 0.0291937 0.0233346 0.0179786 0.0132512 0.00926634 0.00609559 0.00374031
 0.0086383 0.0140264 0.0210925 0.029749 0.0396693 0.0501379 0.0600234 0.0680557 0.0732932 0.0754295 0.074739 0.0717947 0.0672143 0.0615441 0.0552322 0.0486265 0.0419815 0.0354771 0.029246 0.023401 0.0180552 0.0133284 0.00933278 0.0061435 0.00376866
 0.00863987 0.0140264 0.0210882 0.0297367 0.0396462 0.0501038 0.0599821 0.0680139 0.0732571 0.0754021 0.0747196 0.0717803 0.0672027 0.0615353 0.0552277 0.0486279 0.0419897 0.0354931 0.029271 0.0234356 0.0180981 0.0133751 0.00937657 0.00617862 0.00379242
 0.00862888 0.0140123 0.0210736 0.0297259 0.039643 0.0501093 0.0599931 0.0680241 0.0732601 0.075395 0.0747038 0.0717598 0.0671816 0.0615162 0.0552118 0.048616 0.0419829 0.0354927 0.0292782 0.023451 0.0181208 0.0134024 0.00940444 0.00620287 0.00381044
 0.00861857 0.0139928 0.0210395 0.0296715 0.0395653 0.0500109 0.0598845 0.0679216 0.0731808 0.0753498 0.0746944 0.0717804 0.0672233 0.0615704 0.0552722 0.048678 0.0420438 0.0355507 0.0293327 0.0235019 0.018168 0.0134449 0.00944092 0.00623184 0.00383127
 0.00861902 0.0139938 0.0210412 0.0296736 0.0395658 0.050006 0.0598688 0.0678903 0.0731329 0.0752904 0.0746341 0.0717313 0.0671937 0.0615628 0.0552836 0.0487027 0.0420759 0.0355861 0.0293686 0.0235368 0.0182009 0.013475 0.00946701 0.00625291 0.00384681
 0.00861902 0.0139938 0.0210412 0.0296736 0.0395658 0.050006 0.0598688 0.0678903 0.0731329 0.0752904 0.0746341 0.0717313 0.0671937 0.0615628 0.0552836 0.0487027 0.0420759 0.0355861 0.0293686 0.0235368 0.0182009 0.013475 0.00946701 0.00625291 0.00384681
 0.00851892 0.0138395 0.0208255 0.0293968 0.0392371 0.0496445 0.0595035 0.0675575 0.0728692 0.075124 0.0745787 0.0717852 0.0673438 0.0617885 0.0555608 0.0490062 0.0423821 0.0358755 0.0296274 0.0237571 0.0183798 0.0136136 0.00956891 0.00632351 0.00389244
 0.008636 0.0140116 0.0210501 0.0296586 0.039511 0.049901 0.0597137 0.0676972 0.0729214 0.0750828 0.0744509 0.07159 0.0671084 0.0615424 0.0553298 0.0488088 0.0422271 0.0357631 0.0295518 0.02371 0.0183531 0.0136003 0.00956394 0.00632312 0.00389406
 0.00854221 0.0138806 0.0208924 0.0294964 0.0393707 0.0498018 0.0596596 0.0676775 0.0729191 0.0750845 0.0744523 0.0715948 0.0671233 0.0615732 0.0553793 0.0488769 0.0423118 0.03586 0.0296547 0.0238112 0.0184453 0.013678 0.00962447 0.00636664 0.00392284
 0.00868135 0.0140866 0.0211651 0.0298237 0.0397331 0.050179 0.0600338 0.0680301 0.073225 0.07531 0.0745613 0.0715615 0.0669443 0.061271 0.0549962 0.0484621 0.0419091 0.0355007 0.0293559 0.0235779 0.0182734 0.0135586 0.00954626 0.00631861 0.00389537
 0.0085954 0.0139693 0.0210297 0.0296952 0.03964 0.0501418 0.0600564 0.0681014 0.0733291 0.0754351 0.0747013 0.0717094 0.0670854 0.0613842 0.0550621 0.0484733 0.0418732 0.0354361 0.0292834 0.0235133 0.0182249 0.0135273 0.00952906 0.00631083 0.00389281
 0.00857847 0.0139299 0.02095 0.0295556 0.0394291 0.0498691 0.0597592 0.0678381 0.0731578 0.0753904 0.074783 0.0718887 0.0673212 0.0616366 0.0552991 0.048672 0.0420212 0.0355324 0.0293367 0.0235379 0.0182348 0.0135321 0.00953344 0.00631571 0.00389753
 0.00864295 0.0140306 0.0210926 0.029739 0.0396417 0.0500859 0.0599437 0.0679513 0.0731742 0.0753119 0.0746401 0.0717261 0.0671771 0.0615294 0.0552264 0.0486193 0.0419722 0.035476 0.0292699 0.023465 0.0181639 0.0134711 0.00948693 0.00628421 0.00387851
 0.00871801 0.0141563 0.0212876 0.0300209 0.0400204 0.050554 0.0604679 0.068472 0.0736165 0.0756061 0.0747418 0.07163 0.066916 0.0611609 0.0548127 0.0482099 0.0415957 0.0351432 0.0289816 0.0232195 0.0179608 0.0133106 0.00936794 0.00620253 0.00382714
 0.00857584 0.0139381 0.0209849 0.0296386 0.0395801 0.0500965 0.0600519 0.0681652 0.0734767 0.0756595 0.0749714 0.0719809 0.0673172 0.0615494 0.0551499 0.0484836 0.0418113 0.0353116 0.0291119 0.0233169 0.0180292 0.0133548 0.00939393 0.00621649 0.00383411
 0.00852505 0.0138401 0.0208099 0.0293521 0.0391552 0.049531 0.0593837 0.0674728 0.0728629 0.0752231 0.0747803 0.0720551 0.0676274 0.0620284 0.0557142 0.0490558 0.0423364 0.035761 0.0294775 0.0236027 0.0182437 0.0135084 0.00949782 0.00628237 0.00387301
 0.00866132 0.0140545 0.0211169 0.0297539 0.0396334 0.0500394 0.0598465 0.0677983 0.072973 0.0750864 0.0744284 0.0715722 0.0671173 0.0615785 0.0553723 0.0488277 0.0421987 0.0356802 0.029425 0.0235616 0.0182074 0.0134761 0.00947082 0.00626158 0.00385844
 0.00880302 0.0142929 0.0214891 0.0302957 0.0403667 0.050953 0.06088 0.0688393 0.0738764 0.0757102 0.0746725 0.0714056 0.0665856 0.0607883 0.0544583 0.0479143 0.0413731 0.0349843 0.028865 0.0231241 0.0178735 0.0132285 0.0092944 0.00614261 0.0037835
 0.00860843 0.0139982 0.0210884 0.0298041 0.0398244 0.0504258 0.0604544 0.0686072 0.0739065 0.076017 0.0752015 0.0720465 0.0672092 0.0612906 0.0547891 0.0480813 0.0414228 0.0349735 0.0288378 0.0231031 0.0178636 0.013226 0.00929463 0.00614277 0.00378295
 0.00856393 0.0139025 0.020903 0.0294827 0.0393301 0.049756 0.0596606 0.0677963 0.0732166 0.0755778 0.0750952 0.0722847 0.0677315 0.0619842 0.0555244 0.0487499 0.0419625 0.0353721 0.0291172 0.0232969 0.0180008 0.0133248 0.00936453 0.00618971 0.00381208
 0.00856691 0.0139054 0.0209017 0.0294676 0.0392817 0.0496439 0.0594479 0.0674542 0.0727457 0.0750256 0.0745546 0.0718693 0.067535 0.062046 0.0558163 0.0491914 0.0424541 0.0358293 0.0294914 0.0235759 0.0181963 0.0134569 0.00945161 0.0062454 0.00384596
#pred catch len freq
 0.00345385 0.00552758 0.00819112 0.0114427 0.0153042 0.0197925 0.0248544 0.0303316 0.0359834 0.0415356 0.0467233 0.0513291 0.0552119 0.0583125 0.0606279 0.0621748 0.0629625 0.0629751 0.0621417 0.0602899 0.0571226 0.0522962 0.045637 0.0374012 0.0283773
