SBPRF35
8.62294
Curr Bio
575876
B35
572092
F35
0.202753
FOFL
0.202753
OFL
91462.7
Bzero
2.4637e+006
#pred survey bio
 2.69277e+006 2.55596e+006 2.37331e+006 2.17405e+006 1.90082e+006 1.59517e+006 1.37647e+006 1.27416e+006 1.17815e+006 1.08173e+006 930693 814068 731617 651357 591757 568935 553599 538052 518580 508102 495468 489611 499851 514408 510999 538739 552664 559274 537378 524452 522361 518724 542144 565849 589906 610655 572363 565197 591125 596515 602790 631585 592336 616796 635051 609937 591448 583786 561947 552221 566219 571995 615448 653518 615910 587661 576407 554541 573714 587570 586003 583383 1.33319e+007 1.23043e+007 1.27206e+007 1.35388e+007 1.45496e+007 1.55678e+007 1.6482e+007 1.72449e+007 1.78509e+007 1.83165e+007 1.86664e+007 1.89254e+007 1.91155e+007 1.92546e+007 1.93561e+007 1.94304e+007 1.9485e+007 1.95252e+007 1.95551e+007 1.95774e+007 1.95941e+007 1.96067e+007 1.96163e+007 1.96236e+007 1.96292e+007 1.96334e+007 1.96367e+007 1.96393e+007 1.96412e+007 1.96428e+007 1.96439e+007 1.96449e+007 1.96456e+007 1.96461e+007 1.96466e+007 1.96469e+007 1.96472e+007 1.96474e+007 1.96476e+007 1.96477e+007 1.96478e+007 1.96479e+007 1.96479e+007 1.9648e+007 1.9648e+007 1.9648e+007 1.96481e+007 1.96481e+007 1.96481e+007 1.96481e+007 1.96481e+007 1.96481e+007 1.96481e+007 1.96481e+007 1.96481e+007 1.96481e+007 1.96481e+007 1.96481e+007 1.96481e+007 1.96481e+007 1.96481e+007 1.96481e+007 1.96481e+007 1.96481e+007 1.96481e+007 1.96481e+007 1.96481e+007 1.96481e+007 1.96481e+007 1.96481e+007 1.96481e+007 1.96481e+007 1.96481e+007 1.96481e+007 1.96481e+007 1.96481e+007 1.96481e+007 1.96481e+007 1.96481e+007 1.96481e+007 1.96481e+007 1.96481e+007 1.96481e+007 1.96481e+007 1.96481e+007 1.96481e+007 1.96481e+007 1.96481e+007 1.96481e+007 1.96481e+007 1.96481e+007 1.96481e+007 1.96481e+007 1.96481e+007 1.96481e+007 1.96481e+007 1.96481e+007 1.96481e+007 1.96481e+007 1.96481e+007 0 0 0 0 0 0 0 0 0 0 0 0 0 0 0 0 0 0 0 0 0 0 0 0 0
#obs survey bio
 2.41814e+006 2.72841e+006 2.47632e+006 2.44179e+006 1.73028e+006 1.85468e+006 901594 1.28885e+006 1.26584e+006 1.18251e+006 812806 626683 576322 706538 507353 523402 598957 483001 649398 421403 501167 435821 674189 677224 364023 498004 630916 559720 466779 511020 478125 586612 500407 537147 630813 728486 437302 489642 560233 460963 643720 845883 452151 625114 779408 675833 664704 617200 520347 566881 616867 421909 675993 625566 681708 623838 495949 735826 650366 468448 629326 676452
#pred catch bio
 283297 289272 278807 296785 313406 299851 285954 275868 249066 272215 234150 204600 191350 171079 144754 144815 130576 123297 109009 111337 113351 103810 100618 108983 96761.8 106540 94698.4 99934.9 96520.2 92005.8 101573 88738.8 87463.5 88085.1 85240.7 95928.4 84988.5 80261 81810.9 90858.1 82979.3 96316.1 96412.7 91422 93358.7 98934.8 89313.9 92878.4 100189 71362.1 100678 89008.8 76009.6 123132 120579 77342.5 106472 78166.5 86986.9 95530.5 89994.7 90479.8 91462.7 91970.7 93801.2 98896.2 105879 112985 119280 124413 128366 131288 133383 134849 135858 136542 137001 137306 137507 137640 137726 137782 137819 137842 137857 137867 137874 137878 137880 137882 137883 137884 137884 137884 137885 137885 137885 137885 137885 137885 137885 137885 137885 137885 137885 137885 137885 137885 137885 137885 137885 137885 137885 137885 137885 137885 137885 137885 137885 137885 137885 137885 137885 137885 137885 137885 137885 137885 137885 137885 137885 137885 137885 137885 137885 137885 137885 137885 137885 137885 137885 137885 137885 137885 137885 137885 137885 137885 137885 137885 137885 137885 137885 137885 137885 137885 137885 137885 137885 137885 137885 137885 0 0 0 0 0 0 0 0 0 0 0 0 0 0 0 0 0 0 0 0 0 0 0 0 0
#obs catch bio
 254671 289306 278636 296551 313091 299242 288345 276684 248499 272239 234027 204823 191221 171072 144619 145732 130419 123294 108806 111223 113588 103890 100618 108826 96890.4 106865 94503.9 99816.7 96538 91888.5 101815 88852.3 87431.3 88112.5 85182.1 95890.9 84948 80359 81657.7 90989.5 82964.1 96089.1 96844.4 91403.4 93157 99104.3 89242.1 92748.2 100682 70919.3 101074 89300.1 75572.7 123373 121200 76787.3 107064 77954.6 87021.9 95634.6 89920.2 90486.2
#pred cpue bio
 2.66021e+006 2.52323e+006 2.33995e+006 2.14072e+006 1.86921e+006 1.56603e+006 1.34869e+006 1.24591e+006 1.14983e+006 1.05388e+006 904613 789493 708230 629565 571252 548847 533781 518745 499803 489708 477438 471646 481537 495754 492465 519350 532896 539630 518630 506204 504426 500786 522382 543473 565608 585788 549387 542529 567564 573017 578841 606674 569084 592321 610108 586189 568213 560977 540016 530296 544268 549717 591514 628852 592031 563771 553358 532135 551030 564926 563487 560871 1.28158e+007 1.18247e+007 1.21278e+007 1.28625e+007 1.38542e+007 1.48694e+007 1.57832e+007 1.6546e+007 1.7152e+007 1.76176e+007 1.79675e+007 1.82265e+007 1.84167e+007 1.85557e+007 1.86572e+007 1.87315e+007 1.87861e+007 1.88264e+007 1.88562e+007 1.88785e+007 1.88952e+007 1.89078e+007 1.89174e+007 1.89247e+007 1.89303e+007 1.89346e+007 1.89378e+007 1.89404e+007 1.89423e+007 1.89439e+007 1.89451e+007 1.8946e+007 1.89467e+007 1.89473e+007 1.89477e+007 1.8948e+007 1.89483e+007 1.89485e+007 1.89487e+007 1.89488e+007 1.89489e+007 1.8949e+007 1.8949e+007 1.89491e+007 1.89491e+007 1.89492e+007 1.89492e+007 1.89492e+007 1.89492e+007 1.89492e+007 1.89492e+007 1.89492e+007 1.89492e+007 1.89492e+007 1.89493e+007 1.89493e+007 1.89493e+007 1.89493e+007 1.89493e+007 1.89493e+007 1.89493e+007 1.89493e+007 1.89493e+007 1.89493e+007 1.89493e+007 1.89493e+007 1.89493e+007 1.89493e+007 1.89493e+007 1.89493e+007 1.89493e+007 1.89493e+007 1.89493e+007 1.89493e+007 1.89493e+007 1.89493e+007 1.89493e+007 1.89493e+007 1.89493e+007 1.89493e+007 1.89493e+007 1.89493e+007 1.89493e+007 1.89493e+007 1.89493e+007 1.89493e+007 1.89493e+007 1.89493e+007 1.89493e+007 1.89493e+007 1.89493e+007 1.89493e+007 1.89493e+007 1.89493e+007 1.89493e+007 1.89493e+007 1.89493e+007 1.89493e+007 1.89493e+007 1.89493e+007 0 0 0 0 0 0 0 0 0 0 0 0 0 0 0 0 0 0 0 0 0 0 0 0 0
#obs cpue bio
 2.85012e+006 2.68473e+006 2.12265e+006 2.11848e+006 2.26897e+006 1.43124e+006 981358 1.63807e+006 1.28337e+006 1.02494e+006 992247 919812 1.01821e+006 574455 641189 434234 656852 570521 413540 609726 412741 515489 356738 486407 468405 597508 537686 600346 535172 532738 517041 378288 669133 558586 495199 627481 636606 513827 779183 676531 445626 733419 410709 722855 617166 447533 508267 602021 463806 662678 437525 563151 739805 698897 412727 711238 531913 408821 482287 719737 539910 475235
#pred surv len freq
 0.00470571 0.00774726 0.0118567 0.0170691 0.0232716 0.0300999 0.0369241 0.0430216 0.0478541 0.0512403 0.0533134 0.0543534 0.0546429 0.0544098 0.053828 0.0530379 0.0521671 0.0513268 0.0505544 0.0497028 0.0483471 0.0458357 0.0415633 0.0353646 0.0277623
 0.00514337 0.00838608 0.0126863 0.0180413 0.0243245 0.0311914 0.0380486 0.0441951 0.0490756 0.0524582 0.0544243 0.0552368 0.0552121 0.0546465 0.0537797 0.0527821 0.0517604 0.0507655 0.0497669 0.0485842 0.0468268 0.0439446 0.0394598 0.0332938 0.0259659
 0.00533149 0.00875657 0.0133573 0.0191465 0.0259622 0.0333555 0.0405844 0.0468228 0.0514852 0.0544193 0.0558413 0.0561236 0.0556247 0.0546331 0.0533743 0.0520223 0.0506948 0.0494363 0.0481856 0.0467303 0.0446848 0.0415615 0.0369797 0.030936 0.0239504
 0.00549964 0.00901883 0.0137374 0.0196752 0.0266899 0.0343598 0.0419547 0.0486155 0.0536634 0.0568176 0.0581897 0.0581305 0.0570718 0.0554247 0.0535238 0.0516025 0.0497928 0.048128 0.0465273 0.0447629 0.0424539 0.0391514 0.0345366 0.0286543 0.0220178
 0.00569719 0.00934935 0.0142507 0.0204199 0.0277006 0.0356404 0.0434705 0.0503034 0.055458 0.0586682 0.060047 0.0599109 0.0586339 0.0565898 0.0541319 0.0515649 0.0491066 0.0468547 0.0447577 0.0425956 0.0399982 0.0365447 0.0319553 0.026296 0.0200545
 0.00595891 0.00977964 0.0149073 0.0213596 0.0289679 0.0372488 0.0453824 0.0524222 0.0576422 0.0607649 0.0619277 0.0614908 0.0598645 0.0574316 0.0545285 0.0514419 0.0483976 0.0455342 0.0428597 0.0402136 0.0372771 0.0336731 0.0291519 0.0237792 0.0179947
 0.00619663 0.0101802 0.0155361 0.0222861 0.0302508 0.0389124 0.0473933 0.0546814 0.0599996 0.0630488 0.0639757 0.0631721 0.0610922 0.0581621 0.0547483 0.0511451 0.0475706 0.0441603 0.0409436 0.0378112 0.0345152 0.0307475 0.0263012 0.0212366 0.0159327
 0.00638154 0.0104929 0.0160299 0.0230205 0.0312819 0.0402758 0.049085 0.056646 0.0621331 0.0652128 0.0660173 0.0649432 0.0624677 0.0590533 0.055107 0.0509563 0.0468383 0.0428959 0.0391697 0.0355816 0.0319406 0.0280063 0.023621 0.018845 0.0139975
 0.00662906 0.0108805 0.0165868 0.023767 0.0322296 0.0414279 0.0504321 0.0581605 0.0637662 0.066895 0.067661 0.0664479 0.0637275 0.059968 0.0555938 0.0509585 0.0463275 0.0418695 0.0376509 0.0336278 0.0296583 0.0255603 0.0212192 0.0166967 0.0122583
 0.00672582 0.0110601 0.0168972 0.0242639 0.0329606 0.0424093 0.0516319 0.059501 0.065149 0.0682335 0.0688987 0.0675532 0.0646736 0.0607145 0.0560817 0.0511183 0.0460944 0.0411998 0.036534 0.0320987 0.0278068 0.023533 0.0192027 0.0148786 0.0107795
 0.00700383 0.0115093 0.0175682 0.025202 0.0341972 0.0439468 0.0534259 0.06145 0.0671023 0.0700181 0.0703568 0.0685767 0.0652232 0.0608134 0.0557875 0.0504881 0.0451615 0.0399721 0.0350124 0.0303044 0.0258056 0.0214444 0.017186 0.0130955 0.00934873
 0.00718278 0.0118086 0.0180339 0.0258816 0.0351294 0.0451451 0.0548632 0.0630539 0.0687655 0.0716173 0.0717699 0.0696955 0.0659635 0.0611272 0.0556701 0.049973 0.0443022 0.0388213 0.033613 0.0286985 0.0240547 0.0196449 0.0154645 0.0115819 0.00813854
 0.00723447 0.0119076 0.0182116 0.0261784 0.0355883 0.0457997 0.0557245 0.0641021 0.0699504 0.0728643 0.0729896 0.0707929 0.0668478 0.061722 0.0559225 0.0498608 0.0438346 0.0380327 0.0325538 0.0274294 0.0226493 0.0181953 0.0140783 0.0103642 0.00716551
 0.00734381 0.0120795 0.0184602 0.0265151 0.0360225 0.0463391 0.0563721 0.0648525 0.0707842 0.0737465 0.0738704 0.0716115 0.0675399 0.0622262 0.0561876 0.0498508 0.0435334 0.0374473 0.0317146 0.0263888 0.0214799 0.0169859 0.0129257 0.00935729 0.0063652
 0.00752135 0.0123484 0.0188279 0.026975 0.036556 0.0469198 0.0569702 0.0654384 0.0713341 0.074247 0.0743181 0.0720066 0.067876 0.0624835 0.0563332 0.0498455 0.0433421 0.0370491 0.0311106 0.0256066 0.0205738 0.0160313 0.0120075 0.00855249 0.00572555
 0.00747786 0.012297 0.0187854 0.0269677 0.0366105 0.047051 0.0571724 0.0656878 0.0716021 0.0745156 0.0745873 0.0722892 0.068184 0.0628145 0.0566631 0.050131 0.0435302 0.0370908 0.0309747 0.0252898 0.0201045 0.0154658 0.011418 0.0080094 0.00528014
 0.00756643 0.0124193 0.0189307 0.0271157 0.036741 0.047157 0.0572668 0.0657975 0.0717502 0.0747058 0.0748004 0.0724955 0.0683609 0.0629556 0.0567738 0.0502143 0.043576 0.0370743 0.0308664 0.0250703 0.019777 0.0150601 0.0109837 0.00760094 0.0049402
 0.00769413 0.0125998 0.0191514 0.0273454 0.0369365 0.0472748 0.0572775 0.0656954 0.0715598 0.0744776 0.0745976 0.0723724 0.0683437 0.0630378 0.0569251 0.0503967 0.0437531 0.0372139 0.03094 0.0250562 0.0196678 0.0148691 0.0107429 0.00735173 0.00471976
 0.00778471 0.0127473 0.0193718 0.0276489 0.0373186 0.0477074 0.0577037 0.0660383 0.0717462 0.074467 0.074401 0.0720489 0.0679772 0.0627066 0.0566785 0.050247 0.0436821 0.0371869 0.0309188 0.0250089 0.0195756 0.0147299 0.0105715 0.00717333 0.00455978
 0.00777971 0.0127339 0.019343 0.0275974 0.0372419 0.0476132 0.0576113 0.0659728 0.0717244 0.0744868 0.0744407 0.0720804 0.0679843 0.0626956 0.0566739 0.0502756 0.0437574 0.0373012 0.0310472 0.0251202 0.0196442 0.0147446 0.0105375 0.00710799 0.00448487
 0.0077675 0.0127265 0.019354 0.0276448 0.0373409 0.0477661 0.0578015 0.0661682 0.0718903 0.074599 0.0744912 0.0720726 0.0679256 0.062594 0.0565416 0.0501321 0.043626 0.0372006 0.0309828 0.0250827 0.0196163 0.0147103 0.0104897 0.00704995 0.00442585
 0.00786478 0.0128668 0.0195328 0.0278486 0.0375532 0.0479761 0.0580078 0.066374 0.0720933 0.0747831 0.0746279 0.0721321 0.0678899 0.0624641 0.0563354 0.0498779 0.0433554 0.0369422 0.0307577 0.0249003 0.0194744 0.0145996 0.0104004 0.00697619 0.00436611
 0.0078394 0.0128305 0.0194866 0.0277954 0.0374951 0.0479122 0.0579348 0.0662914 0.0720097 0.074719 0.074609 0.0721759 0.0679941 0.0626053 0.0564801 0.0499968 0.0434339 0.0369816 0.0307689 0.0248964 0.0194644 0.0145872 0.0103856 0.00695892 0.00434771
 0.0078001 0.0127592 0.0193667 0.0276089 0.0372303 0.0475728 0.0575466 0.0658998 0.0716676 0.0744717 0.0744844 0.0721835 0.068128 0.0628463 0.0567965 0.0503484 0.0437796 0.0372894 0.0310217 0.0250911 0.0196069 0.0146864 0.0104503 0.00699704 0.00436685
 0.007927 0.0129464 0.0196117 0.0278945 0.0375258 0.0478386 0.0577407 0.065986 0.0716249 0.0743033 0.0742195 0.0718695 0.0678167 0.0625808 0.0566026 0.050232 0.0437299 0.0372849 0.0310389 0.0251118 0.0196213 0.0146922 0.0104492 0.00699186 0.00436018
 0.00781301 0.0127823 0.0194039 0.0276615 0.0372915 0.0476228 0.057552 0.0658217 0.0714782 0.0741712 0.0741079 0.071793 0.0677933 0.0626255 0.056722 0.0504216 0.0439739 0.0375589 0.0313152 0.025365 0.0198336 0.0148555 0.0105647 0.00706686 0.00440461
 0.00785044 0.0128234 0.0194304 0.0276472 0.0372132 0.0474744 0.0573535 0.0656137 0.0713035 0.0740538 0.0740452 0.0717639 0.0677765 0.0626131 0.0567217 0.0504488 0.0440408 0.0376672 0.0314543 0.0255167 0.0199783 0.0149781 0.0106578 0.00713043 0.00444371
 0.00779357 0.0127289 0.0192838 0.0274327 0.0369156 0.0470848 0.0568766 0.0650762 0.0707571 0.0735695 0.0736958 0.071602 0.0678167 0.0628301 0.0570652 0.0508641 0.0444845 0.03811 0.0318766 0.0259023 0.0203126 0.0152501 0.0108633 0.00727337 0.00453461
 0.00780608 0.0127491 0.0193134 0.0274712 0.0369583 0.0471192 0.0568823 0.0650267 0.0706285 0.0733518 0.0734034 0.0712752 0.0675126 0.0626044 0.0569534 0.0508729 0.044595 0.0382906 0.0320945 0.0261294 0.0205272 0.0154363 0.0110115 0.00738117 0.00460579
 0.00771146 0.0126176 0.0191568 0.0273141 0.0368313 0.0470471 0.0568735 0.0650704 0.0706979 0.0734127 0.0734243 0.0712373 0.0674175 0.062476 0.0568304 0.0507951 0.0445887 0.0383605 0.0322261 0.0262976 0.0207047 0.0156008 0.0111484 0.00748403 0.00467566
 0.00772816 0.0126162 0.0191039 0.0271664 0.036553 0.0466346 0.0563718 0.0645663 0.070289 0.0731689 0.0733634 0.0713273 0.0675994 0.0626918 0.0570434 0.0509948 0.044784 0.038566 0.0324491 0.0265328 0.0209367 0.0158111 0.0113223 0.0076148 0.00476481
 0.00853036 0.0137696 0.0205583 0.0287736 0.0381017 0.0479119 0.0572183 0.0649044 0.0701257 0.072584 0.0724865 0.0703038 0.0665538 0.0617044 0.0561496 0.0502026 0.0440938 0.0379817 0.0319775 0.0261766 0.0206889 0.0156542 0.0112331 0.00756998 0.00474543
 0.00924826 0.0148976 0.0221739 0.0308991 0.0406721 0.0507431 0.0599963 0.0672288 0.071619 0.0730204 0.071867 0.0688358 0.0645549 0.0594924 0.0539683 0.0481996 0.0423363 0.0364877 0.0307429 0.0251896 0.0199324 0.0151041 0.010857 0.00733001 0.00460345
 0.00925058 0.0149979 0.0225018 0.03163 0.0419766 0.0527064 0.0625447 0.0701075 0.0744381 0.0753516 0.0733535 0.0692793 0.0639572 0.0580374 0.051953 0.0459419 0.0401002 0.0344485 0.0289916 0.0237569 0.0188132 0.0142724 0.0102734 0.00694676 0.00436991
 0.00894617 0.0145494 0.0219197 0.0309727 0.0413574 0.0522913 0.0625313 0.070677 0.0756796 0.0771915 0.0755348 0.0714192 0.0656645 0.0590348 0.0521498 0.0454322 0.0391001 0.0332103 0.0277323 0.0226234 0.0178804 0.0135601 0.00976655 0.0066113 0.00416446
 0.00867616 0.0141111 0.021265 0.030067 0.0402002 0.0509425 0.0611347 0.0694567 0.0748993 0.0770799 0.0762058 0.0728178 0.0675625 0.0610869 0.0539945 0.0467993 0.0398771 0.0334439 0.0275741 0.0222554 0.0174562 0.0131781 0.00947073 0.00640741 0.0040376
 0.00886972 0.0143646 0.0215322 0.0302642 0.0402253 0.0507095 0.060607 0.0686677 0.0739543 0.0761435 0.0754732 0.0724692 0.067706 0.0617113 0.054958 0.0478704 0.0408149 0.0340797 0.0278558 0.0222377 0.0172526 0.0129058 0.00921433 0.00620874 0.00390438
 0.00885171 0.0143653 0.021585 0.0304081 0.0404823 0.0510543 0.0609514 0.0688778 0.0739033 0.075774 0.0748353 0.071712 0.067028 0.0612913 0.0548934 0.0481452 0.0413103 0.0346252 0.0282978 0.0224919 0.0173171 0.0128364 0.00908453 0.00607698 0.00380147
 0.00877203 0.0142349 0.0213899 0.0301421 0.040156 0.050704 0.0606374 0.0686648 0.0738262 0.0758117 0.0749151 0.0717514 0.0669875 0.061203 0.0548446 0.048227 0.0415641 0.0350184 0.0287413 0.0228851 0.017593 0.0129807 0.0091254 0.00605956 0.00376472
 0.00885057 0.0143329 0.0214824 0.0301873 0.0401069 0.0505275 0.060332 0.0682682 0.0734069 0.0754472 0.0746647 0.0716336 0.0669779 0.0612549 0.054922 0.0483266 0.0417095 0.0352317 0.0290155 0.0231803 0.0178559 0.0131723 0.00923615 0.00610531 0.00377186
 0.00882576 0.0143283 0.0215385 0.0303565 0.04043 0.0510028 0.0608948 0.068801 0.073782 0.0755792 0.0745426 0.0713151 0.0665546 0.0608117 0.054514 0.04798 0.041436 0.0350393 0.0289073 0.0231463 0.0178708 0.0132045 0.0092609 0.0061129 0.00376531
 0.00863523 0.0140339 0.0211274 0.0298353 0.039833 0.0503965 0.060374 0.0684667 0.0737035 0.0757592 0.0749118 0.0717641 0.0669832 0.0611649 0.0547862 0.0481947 0.0416221 0.0352171 0.0290863 0.0233258 0.0180423 0.0133547 0.00937811 0.0061925 0.00381136
 0.00879605 0.0142522 0.0213762 0.0300627 0.0399769 0.0504092 0.0602438 0.0682252 0.0734158 0.0755015 0.0747438 0.071708 0.0670175 0.0612391 0.0548479 0.0482138 0.0415981 0.0351705 0.029042 0.0233011 0.0180415 0.0133721 0.00940296 0.00621524 0.00382694
 0.00867282 0.0141129 0.0212758 0.0300817 0.0401883 0.0508336 0.0608194 0.0688194 0.0738787 0.0757314 0.0747254 0.0715039 0.0667249 0.0609416 0.0545891 0.0479983 0.0414119 0.0350012 0.0288886 0.0231713 0.0179431 0.0133067 0.00936533 0.00619643 0.00381846
 0.00864244 0.0140278 0.021087 0.0297352 0.0396554 0.0501479 0.0600946 0.0682218 0.0735579 0.075749 0.0750297 0.0719678 0.0672168 0.0613797 0.0549512 0.0482976 0.0416664 0.0352193 0.0290705 0.0233165 0.0180551 0.0133914 0.0094284 0.00624179 0.00384904
 0.00866876 0.0140708 0.0211492 0.0298113 0.0397253 0.0501717 0.0600196 0.0680059 0.0732025 0.0753178 0.0746322 0.0717099 0.0671498 0.061483 0.0551573 0.0485347 0.0418876 0.0354062 0.0292218 0.0234364 0.018148 0.0134612 0.00947914 0.00627722 0.00387249
 0.00863899 0.0140473 0.0211591 0.0298934 0.039917 0.0504889 0.0604382 0.068458 0.0735914 0.0755498 0.0746523 0.0715244 0.0668239 0.0611109 0.0548211 0.0482768 0.0417092 0.0352863 0.0291373 0.0233728 0.018099 0.0134248 0.00945396 0.00626142 0.00386364
 0.00859388 0.0139625 0.0210128 0.0296648 0.0395993 0.0501056 0.0600506 0.0681526 0.073447 0.0756 0.0748674 0.0718264 0.0671247 0.0613511 0.0549872 0.048391 0.0418041 0.0353831 0.0292395 0.0234723 0.018186 0.0134936 0.00950411 0.00629541 0.00388516
 0.00865788 0.0140581 0.0211396 0.0298136 0.0397508 0.0502311 0.060118 0.0681372 0.0733461 0.0754406 0.0746991 0.0716979 0.0670592 0.0613375 0.0549933 0.048387 0.0417791 0.0353448 0.0292026 0.023447 0.0181741 0.0134915 0.00950658 0.00629902 0.00388827
 0.00867563 0.0141115 0.0212641 0.0300534 0.0401427 0.0507812 0.0607827 0.0688244 0.073939 0.0758361 0.0748401 0.0715874 0.0667508 0.0609093 0.0545192 0.0479181 0.0413423 0.0349522 0.0288616 0.0231638 0.0179518 0.0133277 0.00939372 0.0062263 0.0038446
 0.00850127 0.0138129 0.0207911 0.0293615 0.0392176 0.049669 0.059608 0.0677722 0.0731989 0.0755323 0.0749901 0.0721091 0.0675082 0.0617661 0.0553726 0.0487074 0.0420388 0.0355457 0.0293511 0.0235539 0.0182517 0.0135493 0.00955023 0.00633097 0.00391012
 0.00865879 0.014061 0.0211459 0.0298235 0.0397611 0.0502331 0.0600981 0.0680824 0.073253 0.0753228 0.0745856 0.0716228 0.0670464 0.0613897 0.0550916 0.0485001 0.0418773 0.0354105 0.0292339 0.0234535 0.018169 0.0134851 0.00950372 0.00629993 0.00389119
 0.00855177 0.0139081 0.0209556 0.0296187 0.0395746 0.0500981 0.0600368 0.0680977 0.073324 0.0754097 0.0746462 0.0716338 0.0670167 0.061355 0.0550922 0.0485582 0.0419882 0.0355511 0.0293771 0.0235797 0.0182693 0.0135587 0.00955442 0.00633285 0.00391131
 0.0084816 0.0137604 0.0206742 0.0291383 0.0388468 0.0491272 0.0589063 0.0669636 0.0723702 0.0747863 0.0744229 0.0717912 0.0674714 0.0620011 0.0558354 0.0493314 0.0427483 0.0362671 0.0300229 0.0241333 0.0187175 0.0138997 0.00979743 0.00649441 0.00401104
 0.00880703 0.0142863 0.0214539 0.0302032 0.0401812 0.0506397 0.0604172 0.0682327 0.073169 0.0749825 0.0740259 0.0709334 0.0663437 0.0607841 0.0546604 0.0482751 0.0418463 0.0355297 0.0294447 0.0236982 0.0184025 0.01368 0.00964996 0.00639978 0.00395364
 0.00885565 0.0144081 0.0217157 0.030693 0.040984 0.0517991 0.0618968 0.0698987 0.0748069 0.0763429 0.0748884 0.0711663 0.0659399 0.0598561 0.0533961 0.0468766 0.0404801 0.034305 0.028416 0.0228796 0.0177825 0.0132329 0.0093439 0.00620196 0.00383381
 0.00866568 0.0140733 0.0211705 0.0298777 0.0398807 0.050477 0.060538 0.0687722 0.0741838 0.0763901 0.075598 0.07236 0.0673415 0.0611913 0.0544741 0.0476237 0.0409243 0.03453 0.0285135 0.0229195 0.017805 0.0132539 0.00936557 0.00622168 0.0038491
 0.00871094 0.0141707 0.0213562 0.0301873 0.0403253 0.0510157 0.0610687 0.0691616 0.0743313 0.076288 0.0753425 0.0720982 0.0671883 0.0611718 0.0545248 0.0476433 0.0408342 0.0343098 0.0281978 0.0225699 0.0174793 0.0129883 0.0091716 0.00609317 0.00377131
 0.00845808 0.0137683 0.0207707 0.0294042 0.0393639 0.0499434 0.0600048 0.0682541 0.0737098 0.0760183 0.0754145 0.0724557 0.0677703 0.0619303 0.0554115 0.048588 0.0417446 0.0350968 0.0288062 0.0229922 0.0177459 0.013145 0.00926033 0.00614331 0.00379996
 0.00848618 0.0137811 0.0207292 0.0292515 0.0390402 0.0494107 0.0592711 0.0673841 0.0728156 0.0752324 0.0748546 0.0721938 0.06782 0.0622559 0.0559488 0.0492633 0.0424823 0.0358211 0.0294498 0.0235091 0.0181213 0.0133928 0.00941073 0.00622862 0.00384596
 0.00862014 0.0139917 0.02103 0.0296424 0.039498 0.0498806 0.0596645 0.0675952 0.0727559 0.0748705 0.0742384 0.0714392 0.0670716 0.0616404 0.055543 0.0490854 0.0425026 0.0359813 0.0296812 0.0237493 0.0183258 0.0135411 0.00950342 0.0062788 0.00386959
 0.00861441 0.013995 0.0210582 0.029718 0.039644 0.0501096 0.0599674 0.0679342 0.0730669 0.0750759 0.0742697 0.0712635 0.0667094 0.0611645 0.0550555 0.0486827 0.0422453 0.0358822 0.0297122 0.02386 0.0184638 0.0136673 0.00959813 0.00633924 0.0039029
#obs surv len freq
 0.00496748 0.00813755 0.0123794 0.0177072 0.023995 0.0308772 0.0377273 0.0438201 0.0486024 0.0518708 0.053743 0.0545059 0.0544827 0.0539745 0.0532436 0.0525031 0.0518962 0.0514554 0.0510411 0.050284 0.0486022 0.0453656 0.0401974 0.0332665 0.0253546
 0.00518442 0.00849153 0.0129146 0.0184657 0.0250093 0.0321577 0.0392499 0.0455214 0.0503887 0.053634 0.0553754 0.0559071 0.0555616 0.0546512 0.0534544 0.0522071 0.0510819 0.050147 0.0493025 0.0482207 0.0463587 0.0431141 0.0381142 0.0314987 0.0239878
 0.00542403 0.0088823 0.013505 0.0193018 0.026126 0.0335652 0.0409194 0.0473805 0.0523314 0.0555411 0.0571334 0.0574173 0.0567412 0.0554299 0.0537711 0.0520108 0.0503382 0.0488497 0.0474883 0.0459826 0.0438502 0.0405378 0.03569 0.029417 0.0223654
 0.00566127 0.00927406 0.0141059 0.0201662 0.0272976 0.0350592 0.042706 0.0493786 0.0544212 0.0575886 0.059012 0.0590209 0.0579866 0.0562528 0.0541207 0.0518443 0.0496202 0.0475612 0.045645 0.043657 0.041188 0.0377524 0.0330287 0.0271044 0.0205472
 0.00590077 0.00966514 0.0146981 0.0210079 0.0284278 0.0364951 0.0444271 0.0513199 0.0564796 0.0596391 0.060927 0.0606843 0.0593013 0.0571442 0.0545341 0.0517391 0.0489652 0.0463371 0.0438588 0.0413669 0.0385253 0.0349252 0.0302918 0.0246997 0.0186395
 0.006138 0.0100554 0.015294 0.0218609 0.0295783 0.037956 0.0461683 0.053264 0.0585139 0.061639 0.0627753 0.0622803 0.0605618 0.0580013 0.0549334 0.051638 0.0483313 0.0451506 0.042124 0.0391335 0.0359129 0.0321307 0.0275646 0.0222845 0.0167099
 0.00639494 0.0104727 0.0159212 0.0227444 0.0307523 0.0394295 0.0479103 0.0551976 0.0605262 0.0636013 0.064565 0.0637946 0.0617226 0.0587535 0.0552386 0.0514675 0.0476618 0.043966 0.0404273 0.0369684 0.0333873 0.0294267 0.0249179 0.0199311 0.0148212
 0.00662489 0.0108543 0.0165095 0.0235945 0.0319072 0.0409012 0.0496618 0.0571388 0.0625291 0.0655279 0.066291 0.0652219 0.062781 0.059397 0.05544 0.0512117 0.0469395 0.0427731 0.038773 0.0348945 0.0309912 0.0268728 0.0224209 0.0177089 0.0130342
 0.00683698 0.0112024 0.0170398 0.024353 0.0329315 0.0422073 0.0512291 0.0589018 0.064384 0.067349 0.0679515 0.0666104 0.0638126 0.0600169 0.0556211 0.0509464 0.0462309 0.0416303 0.0372159 0.0329685 0.028787 0.0245373 0.0201447 0.0156854 0.0114064
 0.00705766 0.0115626 0.0175844 0.0251239 0.0339593 0.0434976 0.0527493 0.0605778 0.0661107 0.069011 0.0694412 0.0678373 0.0647064 0.0605283 0.0557218 0.0506272 0.0454977 0.0405003 0.0357188 0.0311557 0.0267462 0.0224012 0.0180804 0.0138602 0.0099429
 0.00727109 0.0119125 0.0181162 0.0258807 0.0349723 0.044771 0.0542463 0.0622164 0.0677764 0.070581 0.070806 0.0689138 0.0654397 0.0608885 0.0556979 0.0502217 0.044723 0.0393776 0.034281 0.029456 0.0248683 0.0204646 0.0162301 0.0122379 0.0086497
 0.0074455 0.0122001 0.0185566 0.0265132 0.0358278 0.0458593 0.0555426 0.0636563 0.0692639 0.0720061 0.0720634 0.0699162 0.0661251 0.0612221 0.0556693 0.0498389 0.0440055 0.0383526 0.0329853 0.0279422 0.0232139 0.0187751 0.0146296 0.0108444 0.00754501
 0.00750408 0.0123028 0.0187257 0.0267759 0.0362128 0.0463901 0.0562292 0.0644892 0.0702125 0.0730201 0.0730772 0.0708547 0.0669125 0.0617908 0.0559686 0.0498394 0.0436991 0.0377503 0.0321155 0.0268528 0.0219755 0.0174812 0.0133876 0.00975483 0.00667757
 0.00762351 0.0124803 0.0189625 0.0270644 0.0365416 0.0467517 0.0566243 0.0649261 0.0707004 0.073561 0.0736598 0.0714514 0.0674801 0.0622756 0.0563138 0.0499939 0.0436257 0.0374318 0.031558 0.026088 0.021061 0.0164975 0.0124271 0.00890407 0.00599653
 0.00766206 0.0125473 0.0190705 0.0272253 0.0367618 0.0470253 0.0569306 0.0652348 0.0709855 0.0738149 0.0738965 0.0716966 0.0677525 0.0625718 0.0566039 0.0502277 0.0437466 0.0373914 0.0313291 0.0256721 0.0204914 0.0158353 0.0117493 0.00828567 0.00549215
 0.00771214 0.0126186 0.0191596 0.0273244 0.0368626 0.0471249 0.057034 0.0653513 0.0711218 0.0739691 0.0740599 0.0718604 0.0679154 0.0627393 0.0567785 0.0503985 0.0438847 0.0374553 0.0312788 0.0254848 0.0201724 0.0154198 0.0112939 0.00785176 0.00512802
 0.00778656 0.012732 0.0193155 0.0275194 0.0370857 0.0473576 0.0572524 0.0655313 0.0712462 0.0740347 0.0740776 0.0718497 0.0678955 0.0627237 0.0567742 0.0504057 0.0438939 0.0374465 0.0312242 0.0253589 0.0199644 0.0151416 0.0109785 0.00754226 0.00486229
 0.00781213 0.0127742 0.0193798 0.0276108 0.0372064 0.0475048 0.0574157 0.0656931 0.0713857 0.074134 0.0741279 0.0718542 0.0678678 0.0626821 0.0567354 0.050379 0.0438793 0.037434 0.031196 0.0252949 0.0198506 0.0149781 0.0107819 0.00733999 0.00468211
 0.00785916 0.0128439 0.0194724 0.0277224 0.0373308 0.0476358 0.0575484 0.065823 0.0715067 0.0742371 0.0742021 0.0718896 0.06786 0.0626351 0.0566609 0.0502926 0.043794 0.0373554 0.0311204 0.0252121 0.0197497 0.0148546 0.0106416 0.00719754 0.00455465
 0.00787679 0.0128726 0.0195155 0.0277821 0.0374072 0.0477251 0.0576428 0.0659121 0.0715811 0.0742924 0.0742391 0.0719115 0.0678688 0.0626302 0.0566406 0.0502574 0.0437476 0.0373027 0.0310643 0.0251513 0.01968 0.0147732 0.0105506 0.00710467 0.00447036
 0.00788475 0.0128809 0.0195195 0.0277755 0.0373846 0.0476852 0.0575911 0.0658598 0.0715413 0.0742744 0.0742464 0.0719423 0.0679178 0.0626907 0.0567051 0.0503183 0.0437986 0.0373398 0.0310857 0.0251563 0.0196683 0.0147452 0.0105094 0.0070564 0.00442275
 0.00790252 0.0129059 0.0195498 0.0278061 0.037408 0.0476933 0.0575771 0.0658206 0.0714798 0.0742005 0.0741748 0.0718882 0.0678917 0.0626956 0.0567367 0.0503674 0.0438546 0.037393 0.0311289 0.0251848 0.0196803 0.0147412 0.0104923 0.00703125 0.00439541
 0.00790158 0.0129026 0.0195414 0.0277891 0.0373784 0.0476481 0.0575156 0.0657451 0.0713951 0.0741138 0.0740952 0.0718263 0.0678578 0.0626967 0.0567746 0.0504371 0.0439457 0.0374924 0.0312238 0.0252652 0.0197404 0.0147793 0.0105105 0.00703443 0.00438966
 0.0079072 0.0129103 0.0195502 0.0277967 0.0373818 0.0476436 0.0574996 0.065715 0.07135 0.0740554 0.0740283 0.0717579 0.0677971 0.0626529 0.0567554 0.0504464 0.0439823 0.0375498 0.0312917 0.0253327 0.0197981 0.0148218 0.0105368 0.00704675 0.00439243
 0.00787649 0.0128595 0.0194724 0.0276858 0.0372346 0.0474633 0.0572979 0.0655115 0.0711683 0.0739163 0.0739449 0.0717343 0.0678295 0.062733 0.056873 0.0505917 0.0441456 0.0377214 0.0314613 0.0254894 0.0199325 0.014928 0.010613 0.00709596 0.00442055
 0.00787632 0.0128518 0.0194472 0.0276295 0.0371333 0.0473088 0.0570931 0.0652722 0.0709202 0.0736892 0.0737664 0.0716241 0.0677968 0.0627759 0.0569806 0.0507479 0.0443328 0.0379228 0.031662 0.0256766 0.0200958 0.0150602 0.0107116 0.00716313 0.00446189
 0.00786691 0.0128386 0.0194309 0.0276103 0.0371096 0.0472748 0.0570383 0.0651848 0.070793 0.073526 0.0735841 0.0714495 0.0676582 0.0626955 0.0569689 0.0508028 0.0444425 0.0380698 0.0318272 0.0258424 0.0202477 0.0151882 0.0108106 0.00723292 0.00450653
 0.00783195 0.0127823 0.0193474 0.0274957 0.0369637 0.0471033 0.0568538 0.0650046 0.0706336 0.0733974 0.0734886 0.0713849 0.067624 0.062696 0.0570115 0.0508931 0.0445794 0.0382441 0.0320232 0.0260417 0.0204329 0.0153463 0.0109345 0.00732181 0.0045646
 0.00781758 0.0127551 0.0192993 0.0274173 0.0368464 0.0469436 0.0566573 0.0647868 0.0704175 0.0732076 0.0733447 0.0712978 0.0675948 0.062719 0.0570791 0.050999 0.0447192 0.0384124 0.0322111 0.0262359 0.0206183 0.0155088 0.0110651 0.00741765 0.00462851
 0.00777203 0.0126841 0.0191983 0.0272834 0.0366792 0.0467449 0.0564324 0.0645458 0.0701763 0.0729868 0.0731667 0.0711825 0.0675552 0.0627576 0.0571885 0.0511649 0.044925 0.0386424 0.0324512 0.0264725 0.0208378 0.0156993 0.0112182 0.00753059 0.00470451
 0.00774017 0.0126291 0.0191099 0.0271512 0.0364954 0.0465099 0.0561579 0.0642547 0.0698966 0.0727448 0.0729817 0.071066 0.0675132 0.0627919 0.0572961 0.0513373 0.0451479 0.0388979 0.0327201 0.0267366 0.0210812 0.0159093 0.0113866 0.00765524 0.00478892
 0.0093383 0.0148657 0.021808 0.0299224 0.0388525 0.048046 0.0566894 0.0638497 0.0687943 0.0712352 0.0713158 0.0694201 0.0659925 0.0614502 0.0561543 0.0503971 0.0443993 0.0383238 0.0322983 0.0264422 0.0208883 0.0157924 0.0113226 0.00762461 0.00477689
 0.00933409 0.0151529 0.0227582 0.0319951 0.0423944 0.0530203 0.0625043 0.0694542 0.0730503 0.0733656 0.0711613 0.0673815 0.0627558 0.0576939 0.0523807 0.0469028 0.0413247 0.0357152 0.0301538 0.0247357 0.0195799 0.0148326 0.0106546 0.0071875 0.00451035
 0.0089562 0.0145635 0.0219394 0.0310039 0.0414148 0.0523963 0.0626976 0.0708802 0.0758313 0.0771478 0.0751589 0.0706744 0.0646719 0.058042 0.0514204 0.0451286 0.0392322 0.0336651 0.0283481 0.0232549 0.0184323 0.013989 0.0100684 0.00680495 0.00427784
 0.00878552 0.01427 0.0214693 0.0303017 0.0404449 0.0511816 0.0613637 0.0696827 0.0751293 0.0773018 0.0763714 0.0728439 0.0673652 0.060636 0.0533529 0.0461107 0.0393037 0.0330932 0.0274629 0.0223254 0.0176189 0.0133564 0.009619 0.00651038 0.00409946
 0.00870965 0.0141427 0.0212691 0.0300024 0.0400173 0.0505986 0.0606133 0.0687876 0.0741713 0.0764389 0.0758269 0.0728482 0.0680542 0.0619547 0.0550334 0.0477613 0.0405696 0.0337918 0.0276195 0.0221065 0.0172267 0.0129493 0.00928377 0.00627299 0.00395014
 0.00868616 0.0140981 0.0211897 0.0298707 0.0398146 0.0503095 0.06023 0.0683117 0.0736158 0.0758346 0.0752338 0.0723672 0.0678183 0.0620883 0.0555865 0.0486584 0.0416157 0.0347469 0.0282992 0.0224475 0.0172828 0.012835 0.00911075 0.00611399 0.00383482
 0.00868277 0.0140949 0.0211886 0.0298729 0.039818 0.0503048 0.0601992 0.0682306 0.0734604 0.0755902 0.0749042 0.0719812 0.0674346 0.0617914 0.0554681 0.0487807 0.041973 0.0352538 0.0288209 0.022859 0.0175199 0.012907 0.00907419 0.00603356 0.00375603
 0.00866553 0.0140659 0.0211435 0.0298081 0.0397322 0.0502015 0.0600868 0.0681196 0.0733578 0.075494 0.0748031 0.0718613 0.0672914 0.0616405 0.0553481 0.0487432 0.0420602 0.0354724 0.0291301 0.0231849 0.0177892 0.0130783 0.00914869 0.00604101 0.00373245
 0.00866548 0.0140662 0.0211444 0.0298095 0.039733 0.0501988 0.0600763 0.0680968 0.0733199 0.0754412 0.0747374 0.071784 0.0672017 0.0615387 0.0552416 0.0486518 0.0420128 0.0354941 0.0292269 0.0233356 0.0179533 0.0132154 0.00923645 0.00608016 0.00373858
 0.00863949 0.0140306 0.0211031 0.0297702 0.0397049 0.0501888 0.0600859 0.0681214 0.0733505 0.0754671 0.0747496 0.0717773 0.0671745 0.0614929 0.0551821 0.0485876 0.0419578 0.0354657 0.0292384 0.0233883 0.0180338 0.013301 0.00930628 0.00612414 0.00375853
 0.00864383 0.0140313 0.021093 0.02974 0.0396472 0.0501039 0.059985 0.0680245 0.0732789 0.0754345 0.0747565 0.0718126 0.0672218 0.0615371 0.0552138 0.0486048 0.0419652 0.0354726 0.0292556 0.0234229 0.0180848 0.0133599 0.00936107 0.0061656 0.00378381
 0.00863581 0.014022 0.0210853 0.0297377 0.0396523 0.0501136 0.0599908 0.0680155 0.0732479 0.0753839 0.0746986 0.0717636 0.0671934 0.0615314 0.0552246 0.0486221 0.0419817 0.0354863 0.0292697 0.0234423 0.0181123 0.0133936 0.00939573 0.00619513 0.00380466
 0.0086164 0.0139912 0.0210407 0.0296784 0.0395803 0.0500344 0.0599137 0.0679508 0.0732035 0.0753614 0.0746941 0.0717712 0.0672103 0.0615581 0.0552626 0.0486706 0.0420364 0.0355418 0.0293219 0.0234901 0.0181563 0.0134342 0.00943161 0.00622433 0.00382579
 0.00862126 0.013997 0.0210455 0.029679 0.0395727 0.0500157 0.0598829 0.0679102 0.0731582 0.0753181 0.0746589 0.0717477 0.0671986 0.0615564 0.055269 0.0486841 0.0420565 0.0355674 0.029351 0.0235204 0.0181859 0.0134619 0.00945619 0.00624462 0.00384098
 0.00862241 0.0140002 0.0210524 0.0296917 0.0395923 0.0500408 0.0599091 0.0679306 0.0731656 0.0753086 0.0746334 0.0717114 0.0671589 0.06152 0.0552402 0.0486646 0.0420464 0.0355658 0.0293565 0.0235312 0.0182001 0.0134774 0.00947128 0.00625777 0.00385124
 0.00862241 0.0140002 0.0210524 0.0296917 0.0395923 0.0500408 0.0599091 0.0679306 0.0731656 0.0753086 0.0746334 0.0717114 0.0671589 0.06152 0.0552402 0.0486646 0.0420464 0.0355658 0.0293565 0.0235312 0.0182001 0.0134774 0.00947128 0.00625777 0.00385124
 0.00858798 0.0139473 0.0209788 0.0295981 0.0394828 0.0499234 0.0597953 0.0678336 0.0730975 0.0752762 0.0746365 0.0717442 0.0672129 0.0615877 0.0553157 0.0487439 0.0421262 0.0356433 0.0294291 0.0235966 0.0182567 0.0135242 0.00950785 0.00628466 0.00386962
 0.00863109 0.01401 0.0210595 0.0296901 0.0395762 0.0500074 0.0598606 0.067874 0.0731103 0.0752618 0.0745986 0.0716885 0.0671457 0.0615149 0.0552427 0.0486756 0.0420666 0.035595 0.0293931 0.0235726 0.0182428 0.0135179 0.00950667 0.00628621 0.00387213
 0.00870752 0.0141382 0.0212585 0.0299768 0.0399578 0.0504715 0.0603681 0.0683622 0.0735085 0.075513 0.0746747 0.0715938 0.0669098 0.0611802 0.0548538 0.0482719 0.041679 0.035245 0.0290935 0.0233287 0.0180543 0.0133801 0.00941184 0.00622527 0.00383584
 0.00842203 0.0136949 0.020633 0.0291671 0.0389926 0.049417 0.0593302 0.0674738 0.0728975 0.0752632 0.0748009 0.0720438 0.0675895 0.0619848 0.0556917 0.0490758 0.0424071 0.0358762 0.0296215 0.0237558 0.0183875 0.0136296 0.00958953 0.00634452 0.00391049
 0.00863961 0.0140063 0.0210222 0.0295902 0.0393865 0.0497173 0.0594879 0.0674661 0.0727322 0.0749772 0.0744515 0.0716938 0.067288 0.0617567 0.0555365 0.0489768 0.0423432 0.0358308 0.0295847 0.0237243 0.0183614 0.0136095 0.00957562 0.00633596 0.00390588
 0.00854656 0.0138881 0.0209035 0.0295098 0.0393809 0.0497977 0.0596253 0.0675982 0.0727905 0.0749206 0.0742854 0.0714653 0.0670638 0.0615951 0.0554697 0.0490062 0.0424465 0.0359749 0.0297385 0.0238655 0.0184782 0.0136988 0.00963949 0.00637876 0.00393268
 0.00839938 0.0136427 0.0205263 0.0289747 0.0386856 0.0489825 0.0587821 0.0668535 0.0722632 0.0746757 0.0743142 0.0717038 0.0674331 0.062036 0.0559525 0.0495189 0.0429781 0.0365056 0.0302407 0.0243116 0.0188488 0.0139861 0.00984713 0.0065183 0.00401954
 0.00878015 0.0142301 0.0213479 0.0300253 0.0399185 0.0503032 0.0600502 0.0679038 0.0729488 0.0749145 0.0741106 0.0711324 0.0666011 0.0610496 0.0549038 0.0484863 0.0420267 0.0356827 0.0295709 0.0237958 0.0184707 0.0137211 0.00966948 0.00640499 0.00395144
 0.00886346 0.0144091 0.0216957 0.0306308 0.0408571 0.0515929 0.0616147 0.0695689 0.0744815 0.0760877 0.0747633 0.0712037 0.0661303 0.0601507 0.0537264 0.0471808 0.0407211 0.0344731 0.0285203 0.0229362 0.0178068 0.0132371 0.00933666 0.00618996 0.00382161
 0.00851946 0.0138638 0.0209073 0.0295872 0.0395982 0.0502338 0.0603522 0.0686477 0.0741169 0.0763787 0.0756461 0.0724766 0.0675323 0.0614491 0.0547738 0.0479267 0.0411904 0.0347314 0.0286418 0.0229836 0.0178231 0.0132451 0.00934508 0.00619943 0.00383031
 0.00879121 0.0142513 0.021388 0.0301011 0.040059 0.0505529 0.0604649 0.0685365 0.0738247 0.0760049 0.0753184 0.0723005 0.0675446 0.0616026 0.0549646 0.0480465 0.0411722 0.034567 0.0283705 0.0226663 0.0175163 0.012987 0.00915133 0.00606815 0.00374953
 0.00848902 0.0138097 0.0208145 0.0294318 0.0393447 0.0498382 0.0597753 0.0678827 0.0732213 0.0754898 0.0749598 0.0721837 0.0677407 0.0621319 0.0557752 0.0490216 0.0421666 0.0354535 0.0290736 0.0231693 0.0178461 0.0131888 0.00926941 0.00613554 0.0037874
 0.0085092 0.0138044 0.0207387 0.0292268 0.0389614 0.0492679 0.0590701 0.0671445 0.0725612 0.074984 0.074631 0.0720193 0.0677268 0.0622742 0.0560897 0.0495069 0.0427818 0.0361212 0.0297051 0.0236961 0.0182375 0.0134509 0.00942945 0.00622609 0.00383562
 0.00858116 0.0139239 0.0209198 0.0294755 0.0392636 0.0495784 0.0593117 0.0672278 0.0724229 0.0746207 0.074106 0.0714346 0.0671822 0.0618405 0.0558053 0.0493866 0.0428214 0.036294 0.0299622 0.023977 0.0184896 0.0136435 0.00955719 0.00630047 0.00387407
 0.00859591 0.0139586 0.020992 0.0296081 0.039479 0.0498874 0.0597013 0.0676532 0.0728104 0.0748834 0.0741709 0.0712707 0.0668159 0.0613469 0.0552818 0.0489219 0.0424746 0.0360882 0.0298872 0.023999 0.0185639 0.0137298 0.00962942 0.00634905 0.00390125
#pred catch len freq
 0.00360257 0.00586078 0.00886257 0.0126544 0.0172608 0.0226246 0.0285425 0.034671 0.0406044 0.0459639 0.0504531 0.0538896 0.0562255 0.0575418 0.0580137 0.0578659 0.0573396 0.0566537 0.0559253 0.0550433 0.0535687 0.0507971 0.0460662 0.0391973 0.0307716
 0.00397416 0.00640537 0.00957485 0.0134996 0.0181954 0.0236241 0.0296138 0.0358351 0.041859 0.0472518 0.0516619 0.0548888 0.0569186 0.0579032 0.0580869 0.0577263 0.0570412 0.0561865 0.0552065 0.0539547 0.0520295 0.0488379 0.0438577 0.0370058 0.0288613
 0.00415166 0.00673518 0.0101435 0.0144027 0.0195033 0.0253358 0.0316268 0.0379615 0.0438888 0.0490245 0.0530981 0.0559679 0.0576348 0.0582417 0.0580348 0.0572957 0.0562714 0.0551182 0.0538497 0.0522835 0.0500214 0.0465357 0.0414095 0.0346431 0.0268208
 0.00433711 0.00702377 0.0105601 0.0149782 0.0202884 0.0264085 0.0330778 0.0398482 0.0461742 0.0515406 0.0555701 0.0580978 0.0591963 0.0591302 0.0582546 0.0569116 0.055365 0.0537635 0.0521036 0.0501884 0.047626 0.0439316 0.0387572 0.0321574 0.0247099
 0.00456717 0.00739528 0.0111139 0.0157493 0.0212995 0.0276625 0.0345556 0.0415172 0.0480029 0.0535009 0.057614 0.0601192 0.0610159 0.0605285 0.0590393 0.056976 0.0547026 0.0524413 0.0502218 0.0478564 0.0449646 0.0410929 0.0359361 0.0295731 0.0225541
 0.00484657 0.00784387 0.0117796 0.016676 0.0225216 0.0291954 0.0363806 0.0435703 0.0501773 0.0556662 0.0596443 0.0619141 0.0624993 0.0616285 0.0596674 0.05703 0.0540965 0.0511407 0.0482628 0.045343 0.042058 0.0380021 0.0329035 0.0268406 0.0203117
 0.00510108 0.00826017 0.0124119 0.0175788 0.0237426 0.0307621 0.0382828 0.045748 0.052521 0.0580294 0.0618643 0.0638362 0.0640005 0.0626288 0.0601236 0.0569147 0.0533811 0.049799 0.0462966 0.0428138 0.0391074 0.0348486 0.0298129 0.0240734 0.0180613
 0.00529821 0.00858414 0.0129077 0.0182953 0.0247288 0.0320575 0.0399032 0.0476705 0.0546748 0.0602969 0.0640914 0.0658531 0.0656482 0.0637827 0.0607055 0.0568886 0.0527382 0.0485448 0.0444528 0.0404396 0.0363268 0.0318624 0.026877 0.0214438 0.0159282
