SBPRF35
12.7214
Curr Bio
960434
B35
893445
F35
0.171268
FOFL
0.171268
OFL
136310
Bzero
3.63469e+006
#pred survey bio
 3.70317e+006 3.57878e+006 3.46438e+006 3.29398e+006 3.09763e+006 2.84855e+006 2.56826e+006 2.33636e+006 2.10746e+006 1.88022e+006 1.67916e+006 1.44665e+006 1.28656e+006 1.1108e+006 957811 843080 756229 704375 664121 636084 604500 574065 552387 544719 537305 535396 537147 535925 529584 536857 544962 554471 559721 568093 576742 598512 610725 613854 625094 639201 653099 668853 675960 688771 705631 708321 712726 713155 713109 709082 717723 744328 763737 786467 809855 821976 828019 827016 842376 837367 829494 837436 861046 877234 915346 937244 967886 2.25391e+007 2.06062e+007 2.0866e+007 2.15097e+007 2.23984e+007 2.33763e+007 2.43276e+007 2.51837e+007 2.5915e+007 2.65174e+007 2.70014e+007 2.73835e+007 2.76818e+007 2.79128e+007 2.80912e+007 2.82286e+007 2.83346e+007 2.84164e+007 2.84798e+007 2.85291e+007 2.85676e+007 2.85977e+007 2.86214e+007 2.86402e+007 2.8655e+007 2.86668e+007 2.86763e+007 2.86838e+007 2.86898e+007 2.86947e+007 2.86986e+007 2.87018e+007 2.87044e+007 2.87065e+007 2.87082e+007 2.87095e+007 2.87107e+007 2.87116e+007 2.87123e+007 2.87129e+007 2.87134e+007 2.87138e+007 2.87142e+007 2.87144e+007 2.87146e+007 2.87148e+007 2.8715e+007 2.87151e+007 2.87152e+007 2.87153e+007 2.87153e+007 2.87154e+007 2.87154e+007 2.87155e+007 2.87155e+007 2.87155e+007 2.87156e+007 2.87156e+007 2.87156e+007 2.87156e+007 2.87156e+007 2.87156e+007 2.87156e+007 2.87156e+007 2.87156e+007 2.87156e+007 2.87156e+007 2.87156e+007 2.87156e+007 2.87156e+007 2.87156e+007 2.87156e+007 2.87156e+007 2.87156e+007 2.87156e+007 2.87156e+007 2.87156e+007 2.87156e+007 2.87156e+007 2.87156e+007 2.87156e+007 2.87156e+007 2.87156e+007 2.87156e+007 2.87156e+007 2.87156e+007 2.87156e+007 2.87156e+007 2.87156e+007 2.87156e+007 2.87156e+007 2.87156e+007 2.87156e+007 2.87156e+007 2.87156e+007 2.87156e+007 2.87156e+007 2.87156e+007 2.87156e+007 2.87156e+007 0 0 0 0 0 0 0 0 0 0 0 0 0 0 0 0 0 0 0 0 0 0 0 0 0
#obs survey bio
 3.3318e+006 5.00464e+006 3.30945e+006 3.614e+006 3.49429e+006 2.07136e+006 2.54008e+006 1.83185e+006 2.17249e+006 1.57711e+006 2.91495e+006 1.66944e+006 1.4569e+006 1.4403e+006 746298 793866 748945 457612 691954 835969 498588 510022 523469 748138 523335 741064 462769 671998 490539 672499 551028 333596 481338 491558 603664 774683 638108 559005 787952 637569 422739 483403 841168 870718 909834 581513 615423 818730 674406 608048 550351 684975 838017 914285 832783 838254 952413 899384 743150 691198 755119 919849 782054 979044 1.09278e+006 1.16443e+006 917200
#pred catch bio
 99264 98047.9 160607 197490 261259 307022 280343 294066 306902 294560 329664 269829 286491 265832 230711 204170 171423 158681 144622 143153 137571 126315 111747 109651 103733 99896.4 101574 104655 92670.5 92758.7 93009.6 98021.5 96202.4 96831.2 87360.5 97109.7 105408 99200.2 98035.4 99828.2 100237 108740 104184 101303 113368 111291 113974 113566 116405 105996 92895.3 101441 99942.7 100229 110072 115001 120517 106597 124760 127749 115928 105461 114160 97399.5 113356 107579 124902 136310 136160 136810 139979 145086 150848 156422 161356 165469 168756 171300 173223 174649 175692 176446 176987 177371 177643 177834 177968 178062 178128 178173 178205 178227 178242 178253 178260 178265 178268 178271 178272 178273 178274 178275 178275 178275 178276 178276 178276 178276 178276 178276 178276 178276 178276 178276 178276 178276 178276 178276 178276 178276 178276 178276 178276 178276 178276 178276 178276 178276 178276 178276 178276 178276 178276 178276 178276 178276 178276 178276 178276 178276 178276 178276 178276 178276 178276 178276 178276 178276 178276 178276 178276 178276 178276 178276 178276 178276 178276 178276 178276 178276 178276 178276 178276 178276 178276 178276 178276 0 0 0 0 0 0 0 0 0 0 0 0 0 0 0 0 0 0 0 0 0 0 0 0 0
#obs catch bio
 0 97648.1 160922 197292 261089 307586 279988 294765 307677 295966 330230 268478 287514 267372 233303 207214 173554 160991 145944 143168 137563 127263 112274 109496 103733 99928.9 101410 104485 92366 92355.4 92510.4 98629.5 96518.5 96990.3 87383.2 97070.8 105689 99506.1 98132.3 99709.6 100528 109607 104290 101030 113032 111087 113788 112910 115884 105624 92399.3 101437 100007 100045 110007 114848 120492 106093 124253 127532 115823 105420 114910 97266.9 113905 107505 125026
#pred cpue bio
 3.66063e+006 3.53764e+006 3.42313e+006 3.25258e+006 3.05661e+006 2.8081e+006 2.52855e+006 2.29706e+006 2.06876e+006 1.8424e+006 1.64247e+006 1.41187e+006 1.25271e+006 1.07841e+006 926985 813504 727963 677210 638093 611216 580834 551252 530261 523128 516120 514345 516249 515243 509173 516321 524183 533222 538229 546535 555020 576324 588316 591331 602293 616132 629602 644845 651927 664745 681470 684222 688645 689234 689286 685270 693574 719522 738617 761173 784441 796492 802423 801450 816543 811389 803193 810567 833615 849686 887308 908855 938847 2.1866e+007 1.99904e+007 2.01606e+007 2.07234e+007 2.15903e+007 2.25642e+007 2.35149e+007 2.43709e+007 2.51022e+007 2.57046e+007 2.61886e+007 2.65707e+007 2.6869e+007 2.71e+007 2.72784e+007 2.74158e+007 2.75218e+007 2.76036e+007 2.7667e+007 2.77163e+007 2.77548e+007 2.77849e+007 2.78086e+007 2.78274e+007 2.78422e+007 2.7854e+007 2.78635e+007 2.7871e+007 2.7877e+007 2.78819e+007 2.78858e+007 2.7889e+007 2.78916e+007 2.78937e+007 2.78954e+007 2.78967e+007 2.78978e+007 2.78988e+007 2.78995e+007 2.79001e+007 2.79006e+007 2.7901e+007 2.79014e+007 2.79016e+007 2.79018e+007 2.7902e+007 2.79022e+007 2.79023e+007 2.79024e+007 2.79025e+007 2.79025e+007 2.79026e+007 2.79026e+007 2.79027e+007 2.79027e+007 2.79027e+007 2.79027e+007 2.79028e+007 2.79028e+007 2.79028e+007 2.79028e+007 2.79028e+007 2.79028e+007 2.79028e+007 2.79028e+007 2.79028e+007 2.79028e+007 2.79028e+007 2.79028e+007 2.79028e+007 2.79028e+007 2.79028e+007 2.79028e+007 2.79028e+007 2.79028e+007 2.79028e+007 2.79028e+007 2.79028e+007 2.79028e+007 2.79028e+007 2.79028e+007 2.79028e+007 2.79028e+007 2.79028e+007 2.79028e+007 2.79028e+007 2.79028e+007 2.79028e+007 2.79028e+007 2.79028e+007 2.79028e+007 2.79028e+007 2.79028e+007 2.79028e+007 2.79028e+007 2.79028e+007 2.79028e+007 2.79028e+007 2.79028e+007 2.79028e+007 0 0 0 0 0 0 0 0 0 0 0 0 0 0 0 0 0 0 0 0 0 0 0 0 0
#obs cpue bio
 4.76723e+006 3.26866e+006 3.31721e+006 3.10519e+006 3.1837e+006 3.0568e+006 2.61337e+006 2.18182e+006 2.0992e+006 1.49507e+006 1.56737e+006 1.47641e+006 767244 682552 757540 605782 606079 782796 655255 773297 707453 378015 548795 587125 473234 356437 704870 460305 565654 503766 581300 392207 689974 745956 471335 542975 470468 532087 553966 758840 630135 637589 800827 675776 658506 712697 842728 869847 765392 775418 1.00153e+006 594269 579023 807685 752666 820981 721412 874669 1.16573e+006 821269 784222 614719 599058 1.05503e+006 561762 924348 1.09063e+006
#pred surv len freq
 0.00420683 0.00693206 0.0106236 0.0153252 0.0209557 0.0272162 0.0335739 0.0394074 0.0442449 0.0479139 0.050508 0.0522449 0.0533456 0.0539835 0.054283 0.0543388 0.0542382 0.05406 0.0538172 0.0533392 0.0521722 0.0496308 0.0450883 0.0383976 0.0301532
 0.00450711 0.0073336 0.0110708 0.0157203 0.0211954 0.0272443 0.0334151 0.0391559 0.0440108 0.0477633 0.050437 0.0522032 0.0532871 0.0539088 0.0542472 0.0544216 0.0544935 0.0544709 0.0542796 0.0536896 0.0522521 0.0493598 0.0445042 0.0376383 0.0293905
 0.00457838 0.00750854 0.011436 0.016374 0.0221999 0.0285659 0.0348911 0.0405291 0.0450291 0.0482859 0.0504785 0.05189 0.0527717 0.0533063 0.0536271 0.0538326 0.0539799 0.0540584 0.0539457 0.0533522 0.0517993 0.0487108 0.0436622 0.0366972 0.0284903
 0.00470785 0.00770566 0.0117132 0.016748 0.0227046 0.0292601 0.0358448 0.0417804 0.0465268 0.0498615 0.05188 0.0528752 0.0532037 0.0531932 0.053088 0.0530283 0.0530551 0.0531127 0.0530235 0.0524438 0.0508591 0.0476961 0.0425769 0.0356086 0.027503
 0.00487838 0.00798368 0.0121319 0.0173356 0.0234769 0.0302119 0.0369476 0.0429917 0.0478073 0.051179 0.0531895 0.0540855 0.0541695 0.0537533 0.0531328 0.0525492 0.052142 0.0519065 0.0516581 0.0510097 0.0494004 0.0462369 0.0411551 0.0342921 0.0263754
 0.00509196 0.00833506 0.0126683 0.0181034 0.0245115 0.0315221 0.0384996 0.044704 0.0495641 0.0528592 0.0546931 0.0553438 0.055131 0.0543605 0.0533118 0.0522292 0.0512935 0.0505695 0.0499371 0.0490411 0.0473198 0.0441659 0.0392059 0.0325706 0.0249677
 0.00537211 0.00878776 0.0133448 0.0190503 0.0257629 0.0330869 0.0403461 0.0467522 0.0516929 0.0549249 0.0565533 0.0568774 0.0562504 0.0550116 0.0534623 0.0518539 0.0503726 0.0491048 0.0479769 0.0466931 0.0447439 0.0415516 0.0367448 0.030428 0.0232545
 0.00559713 0.00915787 0.01391 0.0198603 0.0268584 0.0344851 0.0420261 0.0486493 0.0537071 0.0569388 0.0584474 0.0585381 0.057575 0.0559123 0.053871 0.0517226 0.0496722 0.0478281 0.0461518 0.0444016 0.0421343 0.0388295 0.0341405 0.0281483 0.0214372
 0.0058236 0.00953093 0.0144808 0.0206803 0.0279702 0.0359075 0.043738 0.0505832 0.0557578 0.0589826 0.0603618 0.0602137 0.058919 0.0568479 0.0543338 0.0516595 0.0490425 0.0466105 0.0443588 0.0421002 0.039463 0.0359978 0.0313985 0.0257313 0.0195067
 0.00601182 0.00985298 0.0149954 0.0214525 0.0290582 0.037341 0.0454973 0.0525915 0.0578935 0.0611046 0.0623333 0.0619175 0.060263 0.0577636 0.0547715 0.0515805 0.0484146 0.0454121 0.0425932 0.0398201 0.0367937 0.0331426 0.0286113 0.0232592 0.017525
 0.00617237 0.0101189 0.0154061 0.0220512 0.0298879 0.0384346 0.0468653 0.05421 0.0597 0.0630018 0.0641999 0.0636242 0.0616897 0.0588128 0.0553722 0.0516846 0.0479893 0.0444372 0.04107 0.0377925 0.0343717 0.0305122 0.026013 0.0209337 0.0156486
 0.00659833 0.0107845 0.0163572 0.023312 0.0314565 0.0402791 0.0489166 0.0563628 0.0618261 0.0649729 0.0659074 0.0649863 0.0626486 0.0593291 0.0554206 0.0512499 0.047063 0.0430175 0.0391698 0.0354587 0.0317094 0.0276973 0.0232747 0.018504 0.0136976
 0.00680601 0.0111449 0.0169405 0.0241933 0.032695 0.0418861 0.0508307 0.0584498 0.0639118 0.0668911 0.0675355 0.066254 0.0635249 0.0598022 0.0554833 0.0508933 0.0462765 0.041794 0.037517 0.0334165 0.0293702 0.025216 0.020854 0.01635 0.0119633
 0.00710003 0.0116261 0.0176711 0.0252352 0.034099 0.0436734 0.052969 0.060838 0.0663822 0.0692343 0.0695392 0.0677462 0.0644054 0.0600519 0.0551465 0.0500443 0.0449882 0.0401228 0.0355079 0.0311237 0.0268829 0.022673 0.0184333 0.014231 0.0102755
 0.0074317 0.0121582 0.0184587 0.0263244 0.0355183 0.0454205 0.0549967 0.0630484 0.0686378 0.0713781 0.0714152 0.0692126 0.0653478 0.060398 0.0548785 0.0491991 0.0436418 0.0383669 0.0334336 0.0288216 0.0244572 0.0202547 0.0161764 0.0122837 0.00874026
 0.00758557 0.0124307 0.0189097 0.0270222 0.036523 0.0467582 0.0566364 0.0648972 0.0705604 0.0732286 0.073063 0.0705528 0.0662993 0.0608994 0.05489 0.0487087 0.0426717 0.0369729 0.0316982 0.0268465 0.0223604 0.0181697 0.0142435 0.0106282 0.00744356
 0.0076986 0.0126102 0.0191738 0.0273903 0.0370184 0.047409 0.0574698 0.0659268 0.0717694 0.0745585 0.0744162 0.0718096 0.0673425 0.0616341 0.0552514 0.0486615 0.0422081 0.0361135 0.0304937 0.0253786 0.0207381 0.016521 0.0126998 0.00930199 0.00640504
 0.0077005 0.0126141 0.0191815 0.0274053 0.0370471 0.0474634 0.05757 0.0661035 0.0720619 0.0750066 0.075043 0.0726034 0.0682452 0.0625469 0.0560547 0.049242 0.0424807 0.0360338 0.0300626 0.0246412 0.0197788 0.0154521 0.0116427 0.00836352 0.00565562
 0.00762372 0.0125051 0.0190467 0.027261 0.0369149 0.0473636 0.0575172 0.0661065 0.0721291 0.0751512 0.075285 0.0729638 0.0687337 0.0631466 0.0567133 0.0498749 0.0429888 0.0363279 0.0300869 0.0243876 0.0192889 0.0148077 0.010946 0.00771171 0.00511822
 0.00760471 0.0124549 0.0189373 0.0270585 0.0365937 0.0469252 0.0570032 0.0655948 0.0717106 0.0749008 0.0752424 0.0731334 0.0690965 0.0636705 0.0573553 0.0505766 0.0436743 0.0369114 0.0304908 0.0245639 0.0192347 0.0145661 0.0105925 0.00733032 0.00477739
 0.00774243 0.0126578 0.0192019 0.0273634 0.0368999 0.0471805 0.0571514 0.0655898 0.0715346 0.0745782 0.0748395 0.0727385 0.0687913 0.0635077 0.0573509 0.0507131 0.0439075 0.0371787 0.0307219 0.0246974 0.0192359 0.0144377 0.0103717 0.00707262 0.00453565
 0.00778866 0.0127512 0.0193744 0.0276511 0.0373285 0.047744 0.0577964 0.0662177 0.0720278 0.0748384 0.0748204 0.0724593 0.0683275 0.0629649 0.0568323 0.0502933 0.0436184 0.03701 0.0306326 0.0246335 0.0191502 0.0143058 0.0101972 0.00688021 0.00435623
 0.00778657 0.0127428 0.0193544 0.0276168 0.037286 0.0477157 0.0578205 0.0663353 0.0722591 0.0751614 0.0751688 0.0727457 0.0684797 0.0629563 0.0566893 0.0500783 0.0434004 0.0368376 0.0305206 0.0245666 0.0190982 0.0142417 0.0101098 0.00677615 0.00425213
 0.0078148 0.0127638 0.0193405 0.0275279 0.0370824 0.047377 0.0573639 0.0658212 0.0717797 0.0748145 0.0750272 0.0728312 0.0687556 0.0633426 0.0570954 0.0504372 0.0436854 0.0370562 0.0306938 0.0247092 0.0192114 0.0143186 0.0101459 0.00677599 0.00422864
 0.00787705 0.0128596 0.0194729 0.027691 0.037257 0.0475278 0.0574414 0.0657746 0.0715789 0.0744727 0.0746065 0.0724258 0.0684563 0.0632024 0.0571138 0.0505697 0.0438705 0.0372424 0.0308532 0.0248342 0.0193038 0.0143809 0.01018 0.00678585 0.00422152
 0.00781805 0.0127782 0.0193772 0.0275975 0.0371857 0.0474935 0.0574455 0.0658019 0.0715999 0.0744532 0.0745222 0.0722765 0.0682725 0.0630369 0.0570203 0.0505788 0.0439783 0.0374168 0.0310515 0.0250207 0.0194575 0.0144944 0.0102547 0.00682813 0.0042401
 0.00778447 0.0127123 0.0192583 0.0274035 0.0369024 0.0471285 0.0570365 0.0654112 0.0712937 0.0742756 0.0744791 0.0723393 0.0683975 0.0631884 0.0571844 0.0507618 0.0441927 0.0376655 0.0313213 0.0252866 0.0196937 0.0146836 0.0103916 0.00691696 0.00429129
 0.0077552 0.0126712 0.0192074 0.0273458 0.0368376 0.0470482 0.0569246 0.0652512 0.0710829 0.0740343 0.0742486 0.0721653 0.0683097 0.0631904 0.0572586 0.0508845 0.0443464 0.0378415 0.0315134 0.0254847 0.0198823 0.0148467 0.0105183 0.00700512 0.00434584
 0.00786191 0.0128218 0.0193921 0.0275417 0.0370163 0.047186 0.0570094 0.0652809 0.0710575 0.0739511 0.0741043 0.0719653 0.0680748 0.0629533 0.0570526 0.0507318 0.044254 0.0378051 0.0315233 0.025529 0.0199476 0.0149186 0.0105841 0.00705668 0.00438082
 0.00788688 0.0128561 0.0194312 0.0275754 0.0370288 0.0471583 0.056924 0.0651292 0.0708464 0.0737057 0.0738623 0.0717638 0.067938 0.0628883 0.0570543 0.0507902 0.0443585 0.0379447 0.0316855 0.0256999 0.020113 0.0150661 0.010705 0.0071469 0.00444168
 0.00799703 0.0130134 0.0196273 0.0277881 0.0372272 0.0473113 0.057008 0.0651301 0.0707597 0.0735364 0.0736261 0.071488 0.0676579 0.0626394 0.0568631 0.050669 0.0443067 0.0379528 0.0317395 0.0257841 0.0202116 0.0151648 0.0107922 0.0072158 0.00449039
 0.00790797 0.0129068 0.0195359 0.0277619 0.0373148 0.0475334 0.0573381 0.0654982 0.0710785 0.0737353 0.0736732 0.0713922 0.0674561 0.06238 0.0565935 0.0504277 0.0441188 0.0378287 0.0316772 0.0257727 0.0202358 0.0152083 0.010841 0.00725984 0.00452433
 0.00781245 0.0127581 0.0193269 0.0274973 0.0370176 0.0472498 0.0571344 0.0654425 0.071211 0.0740414 0.0740812 0.0718001 0.0677738 0.0625607 0.05664 0.050378 0.0440227 0.0377301 0.0316041 0.0257361 0.0202332 0.0152296 0.0108737 0.00729338 0.00455215
 0.00782819 0.0127596 0.0192854 0.0273728 0.036772 0.0468671 0.0566384 0.0649018 0.0707246 0.0737097 0.0739734 0.0719298 0.0680943 0.0629838 0.0570706 0.0507463 0.0443004 0.0379245 0.031741 0.0258419 0.0203249 0.0153129 0.0109471 0.0073532 0.00459627
 0.00783392 0.0127734 0.0193126 0.0274162 0.0368249 0.0469065 0.0566243 0.0647894 0.0704876 0.0733635 0.0735809 0.0715827 0.0678773 0.0629402 0.0571881 0.0509696 0.0445598 0.0381647 0.0319348 0.0259875 0.0204335 0.0153966 0.0110133 0.00740467 0.00463388
 0.00773027 0.0126082 0.0190712 0.0270902 0.036417 0.0464355 0.0561267 0.064313 0.0700772 0.073047 0.073367 0.0714725 0.0678778 0.0630671 0.0574536 0.0513646 0.0450463 0.038685 0.0324309 0.0264181 0.0207805 0.0156604 0.0112043 0.00753629 0.00471951
 0.0077062 0.0125692 0.0190124 0.0270064 0.0363026 0.0462853 0.0559385 0.0640906 0.0698321 0.072798 0.0731361 0.0712794 0.0677375 0.062992 0.0574565 0.0514566 0.0452295 0.0389444 0.0327344 0.0267258 0.0210577 0.0158865 0.0113735 0.00765376 0.00479532
 0.00772732 0.0126058 0.0190714 0.0270941 0.036422 0.0464316 0.0560955 0.0642311 0.069924 0.0728135 0.073061 0.0711176 0.0675102 0.0627324 0.0572022 0.0512431 0.0450841 0.0388808 0.0327494 0.0268005 0.0211641 0.0159973 0.0114697 0.00772664 0.00484469
 0.00768432 0.0125368 0.0189697 0.026956 0.0362495 0.0462354 0.0558965 0.0640572 0.0698013 0.0727559 0.0730647 0.0711638 0.0675741 0.0627942 0.0572541 0.0512904 0.0451403 0.0389607 0.032861 0.0269408 0.0213197 0.0161495 0.0116014 0.0078281 0.00491462
 0.00773354 0.0125944 0.0190154 0.0269575 0.0361723 0.0460573 0.0556207 0.0637151 0.0694443 0.0724402 0.0728356 0.0710455 0.0675661 0.0628755 0.057393 0.0514568 0.0453147 0.0391354 0.0330362 0.0271174 0.0214936 0.0163114 0.0117405 0.00793666 0.00499094
 0.0077356 0.0126085 0.0190547 0.0270365 0.0362969 0.046214 0.0557707 0.0638032 0.0694215 0.0722883 0.0725787 0.0707406 0.0672792 0.0626574 0.0572662 0.0514169 0.0453412 0.0392048 0.0331301 0.0272241 0.0216053 0.0164204 0.0118386 0.00801684 0.00504991
 0.00755468 0.0123497 0.0187313 0.0266853 0.0359703 0.0459647 0.0556363 0.0637957 0.0695234 0.0724561 0.0727564 0.0708803 0.0673598 0.06269 0.0572836 0.0514536 0.0454176 0.0393222 0.0332766 0.027383 0.0217614 0.0165622 0.0119584 0.0081105 0.00511692
 0.00748644 0.0122285 0.0185324 0.0263852 0.0355602 0.0454664 0.0551121 0.0633387 0.0692267 0.0723763 0.0728902 0.0711692 0.0677183 0.0630402 0.0575798 0.0516875 0.0456067 0.0394915 0.0334431 0.0275506 0.0219241 0.0167102 0.0120831 0.00820712 0.00518547
 0.00745302 0.0121647 0.0184184 0.0261952 0.0352672 0.0450517 0.0545773 0.0627164 0.068584 0.071806 0.0724893 0.0710085 0.0678168 0.0633589 0.0580393 0.0522007 0.0461068 0.0399434 0.033838 0.0278917 0.0222152 0.0169519 0.0122743 0.00834882 0.0052825
 0.00737862 0.0120498 0.0182561 0.0259814 0.0349989 0.0447255 0.0541898 0.0622685 0.0680878 0.071292 0.0720096 0.0706314 0.0676113 0.0633715 0.0582752 0.0526196 0.0466379 0.0405104 0.0343802 0.0283729 0.0226199 0.0172771 0.0125232 0.00852829 0.00540294
 0.00736736 0.0120348 0.0182395 0.0259669 0.0349897 0.0447215 0.0541845 0.0622469 0.0680279 0.0711701 0.0718099 0.0703581 0.0672961 0.0630704 0.058053 0.0525261 0.0466897 0.0406869 0.0346359 0.0286568 0.022891 0.0175103 0.0127078 0.00866382 0.00549498
 0.00730715 0.0119442 0.0181168 0.0258163 0.0348207 0.0445476 0.0540218 0.0621112 0.06793 0.0711106 0.0717772 0.0703318 0.0672566 0.0630113 0.0579882 0.0524869 0.0467111 0.0407907 0.0348193 0.0288943 0.0231456 0.0177475 0.012905 0.008812 0.00559626
 0.00732 0.0119542 0.0181123 0.0257806 0.0347382 0.044412 0.0538423 0.0619121 0.067743 0.0709632 0.0716836 0.07029 0.0672515 0.0630229 0.0580007 0.0524976 0.0467319 0.0408411 0.0349151 0.0290369 0.0233201 0.017929 0.0130692 0.00894313 0.00568959
 0.00736667 0.0120234 0.0182031 0.0258859 0.0348438 0.0444977 0.0538849 0.0618911 0.067649 0.0708047 0.0714868 0.0700901 0.0670793 0.0628945 0.0579162 0.0524476 0.0467078 0.0408413 0.0349444 0.0290996 0.0234135 0.0180409 0.0131822 0.00904144 0.00576426
 0.00746818 0.0121786 0.0184181 0.0261584 0.0351623 0.0448414 0.0542225 0.0621833 0.0678536 0.0708874 0.0714318 0.0699058 0.0667968 0.0625581 0.0575704 0.0521264 0.0464306 0.0406164 0.0347744 0.0289849 0.023351 0.0180226 0.0131944 0.00906885 0.00579387
 0.00751349 0.0122461 0.0185079 0.0262668 0.0352823 0.0449646 0.0543407 0.0622884 0.0679377 0.0709424 0.0714493 0.0698785 0.0667213 0.0624378 0.0574177 0.0519605 0.0462722 0.0404823 0.0346747 0.0289229 0.0233247 0.0180256 0.0132171 0.00910034 0.00582477
 0.0073635 0.0120237 0.0182131 0.0259138 0.034896 0.0445739 0.0539742 0.0619737 0.0677009 0.0708061 0.071428 0.0699732 0.0669166 0.0627048 0.0577214 0.0522694 0.0465651 0.0407499 0.0349156 0.0291389 0.0235167 0.0181924 0.0133561 0.00920925 0.00590373
 0.00724322 0.011834 0.0179399 0.0255508 0.0344496 0.0440684 0.0534538 0.061497 0.0673267 0.0705759 0.0713563 0.07005 0.0671172 0.0629992 0.0580787 0.0526588 0.0469584 0.0411239 0.0352555 0.0294373 0.0237714 0.0184031 0.0135235 0.00933529 0.00599221
 0.00714048 0.0116645 0.0176808 0.0251808 0.0339553 0.0434536 0.0527493 0.0607622 0.0666414 0.0700227 0.0710014 0.0699293 0.0672318 0.0633193 0.0585543 0.0532327 0.0475752 0.0417368 0.0358285 0.029946 0.0242021 0.0187509 0.0137903 0.00952809 0.00612224
 0.00709481 0.0115815 0.0175392 0.024955 0.0336204 0.0429943 0.0521694 0.0600903 0.0659294 0.069339 0.0704207 0.0695207 0.0670457 0.0633771 0.0588437 0.0537114 0.0481822 0.0424054 0.0364973 0.0305666 0.0247415 0.0191916 0.0141284 0.00977061 0.00628377
 0.00709825 0.0115889 0.0175529 0.024975 0.0336409 0.0429991 0.0521304 0.0599725 0.0657029 0.0689936 0.0699763 0.0690273 0.0665742 0.0630019 0.0586249 0.0536801 0.0483344 0.0427061 0.0368923 0.0309966 0.025155 0.019552 0.0144162 0.00998192 0.00642633
 0.00706832 0.0115508 0.0175148 0.0249514 0.0336477 0.0430471 0.052218 0.0600816 0.0658002 0.069037 0.0699263 0.0688618 0.0662998 0.0626583 0.0582761 0.0533963 0.0481707 0.0426873 0.0370084 0.0312107 0.0254171 0.0198148 0.0146452 0.0101597 0.00655043
 0.00712128 0.0116239 0.0176015 0.025039 0.0337236 0.0431062 0.0522669 0.0601357 0.065872 0.0691245 0.0700072 0.0688984 0.0662544 0.0625104 0.0580351 0.0531023 0.0478831 0.042464 0.0368873 0.0311986 0.0254929 0.0199412 0.014784 0.0102826 0.00664363
 0.00714921 0.0116581 0.0176318 0.0250482 0.0336907 0.0430134 0.0521076 0.0599198 0.0656282 0.0688946 0.0698346 0.0688122 0.0662562 0.0625737 0.0581188 0.0531718 0.0479268 0.0424958 0.0369344 0.0312841 0.0256221 0.0201 0.0149473 0.0104265 0.006754
 0.00727195 0.0118559 0.0179249 0.0254497 0.0341993 0.0436034 0.0527227 0.0604785 0.0660432 0.0691011 0.0698111 0.0685844 0.0658828 0.0621221 0.057644 0.0527065 0.0474862 0.0420901 0.036578 0.030995 0.0254138 0.019973 0.0148879 0.0104122 0.00676229
 0.00737266 0.0120214 0.018177 0.0258095 0.0346818 0.0442093 0.053429 0.0612329 0.0667681 0.0697062 0.0702125 0.0687253 0.0657484 0.0617435 0.0570862 0.0520483 0.0467992 0.0414282 0.035978 0.0304816 0.0250025 0.0196689 0.0146834 0.0102892 0.00669702
 0.00733148 0.0119661 0.0181161 0.0257603 0.0346684 0.0442584 0.0535643 0.0614699 0.0671081 0.0701303 0.0706784 0.0691704 0.0661024 0.0619469 0.0571085 0.0518961 0.0465113 0.0410605 0.0355872 0.0301139 0.0246893 0.0194264 0.0145138 0.010183 0.00663852
 0.00716529 0.0117105 0.0177597 0.0253053 0.0341337 0.0436819 0.0530041 0.0610003 0.0668057 0.0700545 0.0708537 0.0695773 0.0666801 0.0626066 0.0577536 0.0524451 0.0469158 0.0413119 0.0357091 0.0301474 0.0246765 0.0193997 0.0144919 0.0101725 0.00663788
 0.00715689 0.0116764 0.0176713 0.0251253 0.0338281 0.0432375 0.0524439 0.0603854 0.0662222 0.0695915 0.0705826 0.0695387 0.0668779 0.0630072 0.0582919 0.053037 0.047478 0.041781 0.0360548 0.0303722 0.0248058 0.0194667 0.0145254 0.0101913 0.00665098
 0.00708121 0.0115523 0.0174817 0.0248513 0.0334498 0.0427387 0.0518198 0.0596529 0.065429 0.0688172 0.0699284 0.0691056 0.0667401 0.0631916 0.0587706 0.0537358 0.0482947 0.04261 0.0368089 0.0309978 0.0252852 0.0198104 0.0147588 0.0103429 0.00674543
 0.00711372 0.0115983 0.0175377 0.0249079 0.0334919 0.042746 0.0517679 0.0595155 0.0651831 0.0684522 0.0694586 0.068578 0.0662322 0.0627946 0.0585622 0.0537546 0.0485277 0.0429987 0.0372707 0.0314525 0.0256754 0.0201097 0.0149676 0.0104772 0.00682603
 0.00700352 0.0114411 0.0173416 0.0246934 0.0332851 0.0425676 0.0516248 0.059399 0.0650739 0.0683285 0.0693025 0.0683831 0.0660096 0.0625769 0.0584005 0.0537046 0.0486286 0.043255 0.0376477 0.031888 0.0261021 0.020476 0.0152481 0.010671 0.0069478
#obs surv len freq
 nan nan nan nan nan nan nan nan nan nan nan nan nan nan nan nan nan nan nan nan nan nan nan nan nan
 0.00448499 0.00734651 0.0111767 0.0159932 0.0216941 0.0279696 0.0342837 0.0400148 0.0446941 0.0481575 0.050515 0.0520105 0.0529024 0.0534144 0.0537285 0.0539832 0.0542616 0.0545542 0.0546929 0.0542848 0.0527229 0.0493551 0.043805 0.0362852 0.0276691
 0.00461677 0.00756293 0.0115061 0.0164622 0.022321 0.0287545 0.0351978 0.0409987 0.0456658 0.0490288 0.0512084 0.0524705 0.0531012 0.0533517 0.0534265 0.0534796 0.0536001 0.0537779 0.0538409 0.0533944 0.051833 0.0485092 0.0430482 0.0356557 0.027188
 0.00477909 0.00782846 0.0119089 0.0170352 0.0230898 0.0297272 0.0363541 0.0422839 0.0469956 0.0503025 0.0523234 0.0533357 0.0536467 0.0535366 0.0532425 0.0529486 0.0527678 0.0527039 0.0525921 0.0520411 0.0504509 0.0471789 0.0418498 0.0346552 0.0264219
 0.00497269 0.00814483 0.012388 0.0177156 0.0240009 0.0308784 0.0377223 0.043809 0.0485879 0.0518574 0.0537358 0.0545081 0.054494 0.0539911 0.0532602 0.0525154 0.0519021 0.0514552 0.0510363 0.0502764 0.0485934 0.0453567 0.0401892 0.0332596 0.0253493
 0.00518376 0.00849093 0.0129145 0.0184667 0.0250116 0.0321607 0.0392519 0.0455199 0.0503815 0.0536206 0.0553578 0.0558896 0.0555492 0.0546476 0.0534602 0.0522197 0.051097 0.0501607 0.0493125 0.0482268 0.0463617 0.0431151 0.0381143 0.0314984 0.0239874
 0.00541182 0.00886414 0.0134809 0.0192729 0.0260944 0.0335337 0.0408908 0.0473569 0.052314 0.0555297 0.0571266 0.0574137 0.0567406 0.0554335 0.053781 0.0520285 0.0503631 0.0488793 0.0475194 0.0460122 0.0438766 0.0405603 0.0357085 0.0294314 0.0223761
 0.00564664 0.00924861 0.0140647 0.0201043 0.0272116 0.0349503 0.0425813 0.0492512 0.0543068 0.0575006 0.0589583 0.0590025 0.0579994 0.0562903 0.0541765 0.0519137 0.0496998 0.0476483 0.0457363 0.0437489 0.0412765 0.0378334 0.0330989 0.0271613 0.0205899
 0.00588119 0.00963317 0.0146496 0.0209388 0.0283345 0.0363757 0.0442833 0.0511582 0.0563118 0.0594812 0.0607964 0.0605957 0.0592635 0.057158 0.0545934 0.0518339 0.049085 0.0464728 0.0440031 0.0415134 0.0386679 0.0350574 0.0304074 0.024794 0.0187105
 0.00612231 0.0100291 0.0152528 0.0218005 0.0294949 0.0378479 0.0460371 0.053115 0.0583558 0.0614821 0.0626312 0.062161 0.0604792 0.0579649 0.0549481 0.0517024 0.0484382 0.0452894 0.0422831 0.0393018 0.0360803 0.0322876 0.0277026 0.0223975 0.016795
 0.0063689 0.0104304 0.0158578 0.0226552 0.0306343 0.0392825 0.0477386 0.0550105 0.0603362 0.0634224 0.0644097 0.0636732 0.0616427 0.0587207 0.0552565 0.051537 0.0477799 0.0441256 0.0406175 0.0371758 0.0335978 0.0296263 0.0250944 0.0200758 0.0149302
 0.00658931 0.0107975 0.016426 0.02348 0.0317596 0.0407219 0.0494573 0.0569208 0.0623131 0.0653301 0.0661256 0.0650995 0.0627082 0.0593769 0.0554732 0.0512967 0.0470731 0.0429495 0.0389833 0.0351265 0.0312296 0.0271013 0.0226244 0.0178763 0.0131604
 0.00682543 0.0111818 0.0170054 0.0242991 0.032853 0.042101 0.0510961 0.058748 0.0642188 0.0671837 0.0677976 0.0664784 0.0637115 0.0599542 0.0556021 0.0509737 0.0463048 0.0417481 0.0373715 0.0331519 0.0289845 0.0247329 0.020323 0.0158341 0.0115195
 0.0070708 0.0115836 0.0176152 0.0251651 0.034009 0.0435502 0.0527947 0.0606028 0.0661027 0.0689621 0.0693515 0.067715 0.0645657 0.060386 0.0555943 0.0505284 0.0454377 0.0404844 0.0357468 0.0312221 0.0268405 0.0225096 0.0181884 0.0139554 0.0100178
 0.00729738 0.0119563 0.0181839 0.0259781 0.035103 0.0449329 0.054429 0.0624005 0.067937 0.0706927 0.0708494 0.0688801 0.0653325 0.0607229 0.0554968 0.0500112 0.0445271 0.0392147 0.0341622 0.0293842 0.024839 0.0204678 0.0162533 0.0122689 0.00867936
 0.00745002 0.0122115 0.0185813 0.0265597 0.0359049 0.0459729 0.0556919 0.0638326 0.069451 0.0721822 0.0722053 0.070003 0.0661424 0.0611656 0.0555465 0.0496678 0.0438106 0.0381594 0.0328151 0.0278087 0.0231219 0.0187214 0.0146055 0.0108394 0.00754946
 0.00751976 0.0123242 0.0187504 0.0268002 0.036234 0.0464092 0.0562529 0.0645281 0.0702762 0.0731118 0.0731898 0.0709717 0.0670121 0.0618524 0.0559781 0.0497935 0.0436059 0.037627 0.0319834 0.0267315 0.0218785 0.0174139 0.0133478 0.00973603 0.00667172
 0.0076 0.012448 0.0189245 0.0270267 0.0365108 0.0467317 0.0566148 0.0649241 0.0707043 0.073574 0.0736894 0.0715042 0.0675563 0.0623656 0.0564003 0.0500582 0.043655 0.0374234 0.0315196 0.0260337 0.0210059 0.0164527 0.0123974 0.00888853 0.00599105
 0.00769163 0.0125876 0.0191169 0.0272696 0.0367953 0.0470433 0.0569353 0.0652337 0.0709868 0.0738223 0.0739088 0.0717101 0.0677653 0.0625844 0.0566164 0.050237 0.0437462 0.0373748 0.0312939 0.0256221 0.0204353 0.0157829 0.0117077 0.00825732 0.00547564
 0.00772832 0.0126491 0.0192126 0.0274082 0.0369817 0.0472742 0.0571963 0.0655005 0.0712321 0.074025 0.0740609 0.0718182 0.0678461 0.0626571 0.0566932 0.0503155 0.0438055 0.0373788 0.0312029 0.0254089 0.0200989 0.0153535 0.0112394 0.00781153 0.00510165
 0.00776272 0.0126951 0.019264 0.0274546 0.037013 0.0472874 0.0571993 0.0655099 0.0712653 0.0740917 0.0741587 0.0719361 0.0679715 0.0627821 0.0568154 0.0504335 0.0439123 0.0374571 0.0312269 0.0253532 0.0199512 0.0151236 0.0109595 0.00752575 0.00485019
 0.00781927 0.0127832 0.0193885 0.0276156 0.0372033 0.0474911 0.057392 0.0656644 0.0713603 0.0741216 0.0741353 0.0718821 0.0679098 0.0627274 0.0567733 0.0504034 0.0438893 0.0374322 0.0311858 0.0252791 0.0198313 0.0149574 0.010762 0.00732304 0.0046694
 0.00785177 0.0128336 0.0194598 0.0277088 0.0373174 0.0476224 0.0575333 0.0658036 0.0714819 0.074209 0.0741767 0.0718751 0.0678631 0.0626578 0.0566989 0.0503374 0.0438366 0.0373892 0.031143 0.0252237 0.0197525 0.0148514 0.0106351 0.00719012 0.00454811
 0.00788267 0.0128778 0.0195154 0.0277702 0.0373777 0.0476758 0.0575775 0.0658402 0.071514 0.074239 0.0742039 0.0718956 0.0678717 0.0626513 0.0566788 0.0503092 0.0438071 0.0373623 0.0311172 0.025193 0.0197092 0.0147911 0.0105599 0.00710832 0.00447097
 0.00788467 0.0128817 0.0195221 0.0277806 0.0373912 0.0476901 0.057588 0.065842 0.0715048 0.0742214 0.0741853 0.0718849 0.0678748 0.0626683 0.0567049 0.050338 0.0438335 0.0373838 0.031132 0.0251987 0.0197026 0.0147698 0.010525 0.00706494 0.0044267
 0.00789736 0.0128966 0.0195343 0.0277823 0.0373749 0.0476519 0.0575308 0.0657747 0.0714389 0.0741664 0.0741472 0.0718661 0.0678761 0.0626895 0.0567442 0.0503907 0.043893 0.0374427 0.0311839 0.0252387 0.0197278 0.0147789 0.0105192 0.00704853 0.00440537
 0.00790494 0.0129079 0.0195489 0.0277985 0.0373888 0.0476574 0.0575208 0.0657429 0.0713835 0.074093 0.0740675 0.0717949 0.067826 0.0626674 0.0567508 0.0504219 0.0439418 0.0375007 0.0312426 0.0252909 0.0197678 0.0148043 0.0105303 0.0070482 0.00439811
 0.00788698 0.0128791 0.0195065 0.0277406 0.0373149 0.04757 0.057425 0.0656465 0.0712947 0.0740183 0.0740114 0.0717606 0.0678166 0.0626858 0.056798 0.0504958 0.0440361 0.0376064 0.0313494 0.025389 0.01985 0.0148663 0.0105717 0.00707175 0.00440858
 0.00787899 0.0128611 0.0194705 0.0276765 0.0372141 0.0474294 0.0572517 0.0654575 0.0711132 0.073867 0.0739069 0.0717107 0.0678207 0.0627381 0.0568897 0.0506176 0.0441784 0.0377588 0.0315014 0.0255301 0.0199715 0.0149627 0.0106414 0.00711716 0.00443482
 0.00788154 0.0128635 0.0194706 0.0276702 0.0371952 0.0473904 0.0571852 0.0653589 0.0709843 0.0737182 0.0737567 0.0715809 0.0677306 0.062699 0.0569035 0.050678 0.0442745 0.0378781 0.0316308 0.0256577 0.0200869 0.0150585 0.010714 0.00716706 0.00446564
 0.00783879 0.0127945 0.0193678 0.0275278 0.0370112 0.0471691 0.0569394 0.0651091 0.070754 0.0735285 0.0736222 0.0715096 0.0677258 0.0627601 0.0570262 0.0508531 0.0444879 0.0381124 0.0318681 0.0258814 0.0202838 0.0152198 0.0108366 0.00725267 0.00452023
 0.00782378 0.0127667 0.0193196 0.0274503 0.0368958 0.0470116 0.0567428 0.0648858 0.0705235 0.0733137 0.0734446 0.071386 0.0676662 0.0627675 0.0570978 0.0509814 0.0446619 0.0383177 0.0320876 0.0260976 0.0204808 0.015386 0.0109658 0.007345 0.00458043
 0.00780243 0.0127309 0.0192638 0.0273682 0.0367819 0.0468626 0.05656 0.0646764 0.0703011 0.0730963 0.0732527 0.0712394 0.0675803 0.0627513 0.0571524 0.0511008 0.0448342 0.0385273 0.0323167 0.0263275 0.0206941 0.015569 0.0111106 0.00745004 0.00464998
 0.00776986 0.0126785 0.019186 0.0272604 0.0366412 0.0466898 0.0563608 0.0644618 0.0700857 0.0728962 0.0730827 0.0711125 0.067507 0.0627391 0.0572047 0.0512156 0.0450037 0.0387381 0.0325516 0.0265672 0.0209199 0.0157656 0.0112683 0.00756604 0.00472779
 0.00772751 0.0126095 0.0190822 0.0271146 0.0364496 0.0464544 0.0560928 0.064181 0.0698173 0.0726648 0.0729074 0.0710046 0.0674707 0.0627733 0.0573049 0.0513748 0.0452123 0.0389836 0.0328181 0.0268363 0.021173 0.0159865 0.0114463 0.00769781 0.00481683
 0.00768011 0.0125325 0.0189664 0.0269518 0.0362348 0.0461887 0.0557864 0.0638545 0.0694988 0.0723843 0.0726913 0.0708714 0.0674291 0.0628225 0.0574362 0.0515747 0.0454649 0.0392716 0.0331233 0.0271397 0.021456 0.0162329 0.0116452 0.00784558 0.00491718
 0.00767817 0.0125243 0.0189445 0.0269059 0.0361536 0.0460638 0.0556156 0.0636436 0.069261 0.0721384 0.0724592 0.0706752 0.0672886 0.0627522 0.057443 0.0516571 0.0456137 0.0394722 0.0333574 0.0273874 0.0216971 0.0164497 0.0118248 0.00798188 0.00501146
 0.00766498 0.0125061 0.0189228 0.0268831 0.0361308 0.0460382 0.0555792 0.0635848 0.0691695 0.0720105 0.072301 0.0705022 0.0671224 0.0626154 0.0573548 0.0516302 0.0456523 0.0395715 0.0335049 0.0275653 0.021885 0.0166281 0.0119784 0.00810199 0.00509648
 0.00763094 0.0124573 0.0188615 0.026816 0.0360673 0.0459875 0.0555475 0.0635727 0.069171 0.0720138 0.0722916 0.0704685 0.067061 0.062534 0.0572702 0.0515631 0.0456211 0.039587 0.0335683 0.0276679 0.0220115 0.0167602 0.0120998 0.00820124 0.00516913
 0.00761697 0.0124306 0.0188148 0.0267411 0.0359594 0.0458496 0.0553937 0.0634263 0.0690572 0.0719497 0.0722797 0.0704972 0.0671102 0.0625842 0.0573101 0.0515925 0.0456492 0.039627 0.0336304 0.0277548 0.0221176 0.0168736 0.0122068 0.008291 0.00523623
 0.00759558 0.0123976 0.0187678 0.0266786 0.0358797 0.0457509 0.055275 0.0632903 0.068913 0.0718138 0.0721731 0.0704375 0.0671053 0.0626284 0.0573877 0.0516856 0.0457449 0.0397209 0.0337249 0.0278539 0.0222219 0.0169785 0.0123042 0.00837299 0.0052982
 0.00758545 0.0123826 0.0187479 0.0266547 0.0358529 0.0457221 0.0552436 0.0632543 0.0688691 0.0717593 0.0721082 0.0703682 0.0670425 0.0625849 0.0573721 0.051699 0.0457817 0.039773 0.0337857 0.0279203 0.0222923 0.0170503 0.0123726 0.00843258 0.00534485
 0.00757789 0.0123685 0.0187237 0.0266163 0.0357975 0.04565 0.0551601 0.0631686 0.0687914 0.0716972 0.0720643 0.0703403 0.0670276 0.0625814 0.0573817 0.051725 0.0458257 0.0398334 0.0338579 0.0279985 0.0223711 0.0171254 0.01244 0.00848878 0.00538783
 0.00754104 0.0123148 0.0186543 0.0265358 0.0357123 0.0455655 0.055079 0.063092 0.0687207 0.071636 0.0720184 0.0703154 0.0670263 0.0626027 0.0574222 0.0517806 0.0458935 0.0399111 0.0339429 0.028087 0.0224581 0.0172059 0.0125098 0.00854503 0.00542959
 0.00754124 0.0123093 0.0186355 0.0264943 0.0356402 0.0454619 0.0549532 0.0629616 0.0686056 0.0715503 0.071967 0.0702957 0.0670324 0.0626295 0.057466 0.0518387 0.0459632 0.0399895 0.0340267 0.0281726 0.0225414 0.0172825 0.0125757 0.0085977 0.00546828
 0.00751542 0.0122724 0.018589 0.0264417 0.0355846 0.0454033 0.0548873 0.0628828 0.0685122 0.071449 0.071872 0.0702237 0.0669957 0.0626319 0.0575036 0.0519034 0.0460463 0.0400835 0.0341255 0.0282708 0.0226344 0.0173657 0.0126457 0.00865242 0.00550771
 0.00750767 0.0122572 0.0185617 0.0263971 0.0355197 0.0453196 0.0547925 0.0627886 0.0684293 0.0713827 0.0718217 0.0701865 0.0669714 0.0626241 0.0575175 0.0519419 0.0461079 0.0401627 0.034215 0.0283634 0.0227233 0.0174457 0.0127129 0.00870477 0.00554523
 0.00751287 0.0122663 0.0185764 0.0264184 0.0355469 0.0453486 0.0548158 0.0627973 0.0684168 0.0713477 0.0717687 0.0701235 0.0669061 0.0625629 0.0574658 0.0519048 0.0460897 0.0401654 0.034237 0.0284001 0.0227683 0.0174925 0.0127559 0.00874036 0.00557183
 0.0075048 0.0122556 0.0185648 0.0264092 0.035544 0.0453555 0.0548337 0.0628239 0.0684463 0.071372 0.0717799 0.0701166 0.0668808 0.0625239 0.0574206 0.0518615 0.0460554 0.0401451 0.0342331 0.0284117 0.0227918 0.0175224 0.0127867 0.00876759 0.00559304
 0.0075047 0.0122545 0.0185614 0.0264022 0.0355329 0.0453415 0.0548204 0.0628166 0.0684496 0.0713872 0.0718038 0.0701419 0.0668992 0.0625291 0.0574107 0.0518396 0.0460281 0.0401198 0.0342161 0.0284061 0.0227977 0.0175368 0.0128053 0.00878621 0.00560865
 0.0075047 0.0122545 0.0185614 0.0264022 0.0355329 0.0453415 0.0548204 0.0628166 0.0684496 0.0713872 0.0718038 0.0701419 0.0668992 0.0625291 0.0574107 0.0518396 0.0460281 0.0401198 0.0342161 0.0284061 0.0227977 0.0175368 0.0128053 0.00878621 0.00560865
 0.00733887 0.0119951 0.018191 0.025914 0.0349345 0.0446598 0.0541053 0.0621387 0.0678884 0.0710119 0.0716565 0.0702291 0.0671942 0.0629815 0.0579595 0.0524265 0.0466061 0.0406572 0.0346946 0.0288175 0.0231391 0.017809 0.0130118 0.00893342 0.00570625
 0.00735152 0.0119909 0.0181392 0.0257717 0.0346589 0.0442274 0.0535279 0.0614673 0.0672011 0.0703947 0.0711842 0.0699535 0.0671387 0.0631395 0.0582981 0.0528938 0.0471428 0.0412081 0.0352163 0.0292812 0.0235294 0.0181207 0.013247 0.00910016 0.00581612
 0.00725474 0.011847 0.0179463 0.0255326 0.0343753 0.0438925 0.0531259 0.0609825 0.0666356 0.0697823 0.0705924 0.0694684 0.0668397 0.0630768 0.0584815 0.0532938 0.0477019 0.041855 0.035881 0.0299056 0.0240734 0.018563 0.013583 0.0093378 0.00597175
 0.00719532 0.0117409 0.0177702 0.0252621 0.0339939 0.0434035 0.0525594 0.0603897 0.0660703 0.0692826 0.0701749 0.0691407 0.066617 0.0629887 0.0585622 0.0535635 0.0481518 0.0424445 0.0365471 0.0305787 0.0246925 0.019086 0.0139902 0.00962991 0.00616435
 0.00722849 0.011794 0.0178472 0.0253622 0.0341075 0.043508 0.0526196 0.0603657 0.0659325 0.0690252 0.0698191 0.0687262 0.0661895 0.0625928 0.0582409 0.0533574 0.0480919 0.0425411 0.036782 0.0309082 0.02506 0.0194377 0.0142879 0.00985586 0.00631895
 0.00720958 0.0117729 0.017833 0.0253695 0.0341515 0.0435979 0.0527509 0.0605172 0.066068 0.0691021 0.0698009 0.0685948 0.0659524 0.062282 0.0579047 0.0530495 0.0478614 0.0424231 0.0367902 0.0310303 0.0252611 0.0196719 0.0145119 0.0100405 0.00645271
 0.00720063 0.0117573 0.0178085 0.0253349 0.0341097 0.0435579 0.0527287 0.0605308 0.066129 0.0692058 0.0699228 0.0686955 0.0659917 0.0622349 0.0577715 0.0528571 0.0476547 0.0422512 0.0366916 0.0310224 0.0253363 0.0198027 0.0146626 0.0101798 0.00656191
 0.00717125 0.011714 0.0177515 0.0252671 0.0340355 0.043482 0.0526561 0.0604678 0.0660853 0.0691933 0.0699507 0.0687635 0.0660849 0.0623256 0.0578293 0.0528632 0.0476109 0.0421806 0.0366284 0.0309972 0.0253638 0.0198777 0.0147649 0.0102848 0.00665069
 0.00720663 0.0117694 0.0178306 0.0253718 0.0341649 0.0436315 0.0528161 0.0606242 0.0662208 0.0692921 0.070003 0.0687682 0.066048 0.062255 0.0577297 0.0527344 0.047453 0.0420013 0.0364461 0.0308371 0.0252479 0.0198154 0.0147505 0.0103018 0.00668064
 0.00723904 0.0118263 0.0179237 0.0255136 0.0343645 0.043889 0.0531174 0.0609411 0.0665169 0.0695321 0.0701607 0.0688306 0.0660155 0.0621384 0.0575466 0.0525039 0.0471926 0.0417268 0.0361741 0.0305867 0.0250383 0.0196597 0.0146511 0.01025 0.00666128
 0.00717059 0.011721 0.0177772 0.025328 0.0341508 0.0436681 0.0529202 0.0608032 0.066469 0.0695883 0.0703127 0.0690498 0.0662631 0.0623772 0.0577486 0.0526539 0.0472871 0.0417707 0.0361783 0.0305655 0.0250075 0.0196331 0.0146368 0.0102493 0.00666996
 0.00709174 0.0115903 0.0175768 0.0250417 0.0337701 0.0432012 0.0523988 0.0602831 0.06602 0.0692766 0.0701839 0.069118 0.0665091 0.0627557 0.0582005 0.053121 0.0477229 0.0421465 0.0364824 0.0307998 0.0251818 0.0197608 0.0147303 0.0103177 0.00671919
 0.00706052 0.0115291 0.0174652 0.0248542 0.033482 0.0427982 0.0518877 0.0596964 0.0654131 0.0687193 0.0697473 0.0688617 0.0664684 0.062933 0.0585647 0.0536152 0.0482791 0.0427007 0.0369868 0.0312265 0.025522 0.0200187 0.0149173 0.0104476 0.00680507
 0.00694589 0.0113487 0.0172045 0.0245029 0.0330344 0.0422555 0.0512613 0.0590117 0.0647116 0.068056 0.069186 0.0684659 0.0662913 0.0630056 0.0588874 0.0541546 0.0489732 0.0434718 0.0377566 0.0319315 0.0261209 0.0204938 0.0152704 0.0106935 0.00696494
