SBPRF35
7.78865
Curr Bio
506190
B35
683984
F35
0.211716
FOFL
0.143722
OFL
54625.6
Bzero
2.22533e+006
#pred survey bio
 5.02892e+006 4.74096e+006 4.45664e+006 4.13294e+006 3.77778e+006 3.39952e+006 3.0459e+006 2.67716e+006 2.36396e+006 2.07869e+006 1.83537e+006 1.62452e+006 1.44474e+006 1.26953e+006 1.12764e+006 990394 876084 807111 753897 718902 686774 655819 630893 621884 603360 601584 598168 594422 592597 600874 602052 597261 581739 580870 574184 558955 555113 545447 544656 551034 562521 571031 576862 586732 588209 608576 622008 628627 630960 647692 638617 582100 573962 557864 544908 520396 492150 507910 530264 511840 512095 1.68243e+007 9.94272e+006 1.01687e+007 1.09805e+007 1.21021e+007 1.32683e+007 1.43207e+007 1.51932e+007 1.58778e+007 1.63957e+007 1.67781e+007 1.7056e+007 1.72561e+007 1.73997e+007 1.75025e+007 1.75764e+007 1.76297e+007 1.76683e+007 1.76965e+007 1.77173e+007 1.77326e+007 1.7744e+007 1.77525e+007 1.77589e+007 1.77637e+007 1.77674e+007 1.77702e+007 1.77723e+007 1.7774e+007 1.77752e+007 1.77762e+007 1.77769e+007 1.77775e+007 1.77779e+007 1.77782e+007 1.77785e+007 1.77787e+007 1.77788e+007 1.7779e+007 1.77791e+007 1.77791e+007 1.77792e+007 1.77792e+007 1.77793e+007 1.77793e+007 1.77793e+007 1.77793e+007 1.77793e+007 1.77793e+007 1.77794e+007 1.77794e+007 1.77794e+007 1.77794e+007 1.77794e+007 1.77794e+007 1.77794e+007 1.77794e+007 1.77794e+007 1.77794e+007 1.77794e+007 1.77794e+007 1.77794e+007 1.77794e+007 1.77794e+007 1.77794e+007 1.77794e+007 1.77794e+007 1.77794e+007 1.77794e+007 1.77794e+007 1.77794e+007 1.77794e+007 1.77794e+007 1.77794e+007 1.77794e+007 1.77794e+007 1.77794e+007 1.77794e+007 1.77794e+007 1.77794e+007 1.77794e+007 1.77794e+007 1.77794e+007 1.77794e+007 1.77794e+007 1.77794e+007 1.77794e+007 1.77794e+007 1.77794e+007 1.77794e+007 1.77794e+007 1.77794e+007 1.77794e+007 1.77794e+007 1.77794e+007 1.77794e+007 1.77794e+007 1.77794e+007 1.77794e+007 1.77794e+007 0 0 0 0 0 0 0 0 0 0 0 0 0 0 0 0 0 0 0 0 0 0 0 0 0
#obs survey bio
 3.73328e+006 3.95652e+006 3.35215e+006 2.99742e+006 4.51924e+006 2.74745e+006 3.73167e+006 2.39624e+006 1.74285e+006 2.56476e+006 1.06293e+006 1.26392e+006 1.15299e+006 1.16212e+006 793374 1.03817e+006 731179 781406 639608 500372 406502 782208 486757 546167 589052 428169 472878 581029 480105 493995 530304 565388 392487 540436 416290 771743 407717 690272 471920 417319 626607 470163 468867 624754 633422 614832 505291 495181 794716 703574 656904 597115 419458 812452 579333 460555 467833 746846 603300 700928 479761
#pred catch bio
 106999 106853 155419 206530 257260 267970 315495 297509 300823 287201 277314 263517 267751 242720 239196 216956 175081 158943 141350 137357 134397 127219 112528 118643 102493 102520 101262 98193.3 88847.3 93638.8 96267.9 101956 86842.6 89551.4 94012.1 84147 92899.7 90434.8 88431 86510.8 89775.2 91962.2 88686 95746.1 80641.6 87667.2 93851.1 97429.7 85628.5 106857 143353 99796.2 105303 100508 108111 109468 72518.7 67434.3 98798 78915.9 100311 54625.6 76481.6 76667.1 81499.4 89504.3 98086.4 105775 112018 116776 120244 122691 124374 125511 126268 126765 127090 127300 127435 127521 127576 127611 127633 127647 127656 127662 127665 127667 127669 127670 127670 127671 127671 127671 127671 127671 127671 127671 127671 127671 127671 127671 127671 127671 127671 127671 127671 127671 127671 127671 127671 127671 127671 127671 127671 127671 127671 127671 127671 127671 127671 127671 127671 127671 127671 127671 127671 127671 127671 127671 127671 127671 127671 127671 127671 127671 127671 127671 127671 127671 127671 127671 127671 127671 127671 127671 127671 127671 127671 127671 127671 127671 127671 127671 127671 127671 127671 127671 127671 127671 127671 0 0 0 0 0 0 0 0 0 0 0 0 0 0 0 0 0 0 0 0 0 0 0 0 0
#obs catch bio
 0 106669 155960 207788 259345 270589 320077 302050 307565 293426 285327 271518 276611 249971 247259 222935 179051 161841 143607 140291 137967 129860 115220 122099 104308 104516 103328 99783.2 90250.6 95207.7 97740.1 103505 87558.1 90580.3 95678.2 84786.8 94199.7 91085.8 89473.9 87599.8 90656.1 92756.7 89293.4 96629 80974.1 88282.2 94389.3 98184.3 85649.7 107234 145179 99947.6 105770 100408 107849 110093 72709.1 67258.6 99694.7 78415.8 100535
#pred cpue bio
 4.95145e+006 4.66951e+006 4.38988e+006 4.06832e+006 3.71487e+006 3.33859e+006 2.98678e+006 2.62025e+006 2.30871e+006 2.02512e+006 1.78337e+006 1.57414e+006 1.39626e+006 1.2236e+006 1.08406e+006 949589 838001 770933 719326 685277 653934 623895 599775 591119 573531 572226 569187 565838 564327 572630 574213 570161 555654 555175 549072 534667 530246 519045 516917 522759 534144 542804 548675 558315 559781 579541 592647 599117 601428 617814 609203 554337 546330 530937 518752 494964 467195 482530 505078 488111 489121 1.60862e+007 9.51004e+006 9.58774e+006 1.0248e+007 1.13192e+007 1.2474e+007 1.35242e+007 1.43963e+007 1.50809e+007 1.55988e+007 1.59812e+007 1.62591e+007 1.64592e+007 1.66027e+007 1.67056e+007 1.67795e+007 1.68328e+007 1.68714e+007 1.68996e+007 1.69203e+007 1.69356e+007 1.6947e+007 1.69556e+007 1.6962e+007 1.69668e+007 1.69705e+007 1.69733e+007 1.69754e+007 1.6977e+007 1.69783e+007 1.69792e+007 1.698e+007 1.69805e+007 1.6981e+007 1.69813e+007 1.69816e+007 1.69818e+007 1.69819e+007 1.6982e+007 1.69821e+007 1.69822e+007 1.69823e+007 1.69823e+007 1.69823e+007 1.69824e+007 1.69824e+007 1.69824e+007 1.69824e+007 1.69824e+007 1.69824e+007 1.69824e+007 1.69824e+007 1.69824e+007 1.69824e+007 1.69824e+007 1.69824e+007 1.69824e+007 1.69824e+007 1.69824e+007 1.69824e+007 1.69824e+007 1.69824e+007 1.69824e+007 1.69824e+007 1.69824e+007 1.69824e+007 1.69824e+007 1.69824e+007 1.69824e+007 1.69824e+007 1.69824e+007 1.69824e+007 1.69824e+007 1.69824e+007 1.69824e+007 1.69824e+007 1.69824e+007 1.69824e+007 1.69824e+007 1.69824e+007 1.69824e+007 1.69824e+007 1.69824e+007 1.69824e+007 1.69824e+007 1.69824e+007 1.69824e+007 1.69824e+007 1.69824e+007 1.69824e+007 1.69824e+007 1.69824e+007 1.69824e+007 1.69824e+007 1.69824e+007 1.69824e+007 1.69824e+007 1.69824e+007 1.69824e+007 1.69824e+007 0 0 0 0 0 0 0 0 0 0 0 0 0 0 0 0 0 0 0 0 0 0 0 0 0
#obs cpue bio
 2.45839e+006 3.51611e+006 3.61351e+006 3.41614e+006 3.3811e+006 2.20924e+006 2.41247e+006 1.8335e+006 1.5908e+006 1.43199e+006 1.38458e+006 1.30609e+006 1.37148e+006 990515 1.01624e+006 874799 696183 789657 656548 542449 580885 529727 336153 443524 617500 572660 492529 599094 423464 595490 580654 610238 809703 441794 445121 527223 492983 541257 350533 500937 541717 651455 599064 499249 470449 496771 772672 647513 581644 517642 483772 542065 766159 462974 586550 394906 350137 460766 342421 622191 430667
#pred surv len freq
 0.00528451 0.00854466 0.0127919 0.0179793 0.0239594 0.0304096 0.036803 0.0425344 0.0471512 0.0505104 0.0527509 0.0541468 0.0549716 0.055428 0.0556249 0.0555772 0.0552223 0.0544457 0.0530924 0.0509567 0.0477774 0.0432987 0.0374263 0.0304102 0.0229025
 0.00553051 0.00883144 0.0130202 0.0180019 0.0236397 0.0297025 0.0358082 0.0414741 0.0462732 0.0499717 0.0525541 0.0541621 0.0550218 0.0553838 0.0554639 0.0553871 0.0551548 0.0546412 0.0536089 0.0517355 0.0486648 0.0441132 0.0380344 0.0307689 0.0230518
 0.00585204 0.00934132 0.0137553 0.018966 0.0247782 0.0308804 0.0368149 0.0420779 0.0463184 0.0494631 0.0516628 0.053136 0.0540605 0.0545627 0.0547523 0.0547287 0.0545429 0.0541363 0.0532952 0.0516551 0.0487794 0.0443192 0.0382179 0.0308599 0.0230435
 0.00609381 0.0097407 0.0143682 0.0198484 0.0259722 0.0323905 0.0385768 0.0439373 0.0480387 0.0507747 0.0523443 0.0530952 0.0533678 0.0534109 0.0533645 0.0532776 0.0531276 0.0528124 0.0521114 0.050658 0.047991 0.0437199 0.0377573 0.0304877 0.0227332
 0.00636948 0.0101754 0.014999 0.0207047 0.0270764 0.0337548 0.0401945 0.0457676 0.049991 0.052698 0.0540321 0.0543167 0.053927 0.0532134 0.0524534 0.0518134 0.051325 0.0508748 0.0501971 0.0488782 0.0464179 0.0423909 0.0366793 0.0296461 0.0221037
 0.00668525 0.0106769 0.0157313 0.0217017 0.0283548 0.0353066 0.0419788 0.0477106 0.0519966 0.054662 0.0558447 0.0558525 0.055037 0.0537396 0.0522721 0.0508865 0.0497272 0.0487782 0.0478226 0.0464441 0.0441057 0.0403325 0.0349555 0.0282902 0.0211071
 0.006991 0.0111637 0.0164451 0.0226791 0.0296176 0.0368531 0.043773 0.0496781 0.0540332 0.0566519 0.0576782 0.0574316 0.0562685 0.0545238 0.0525005 0.0504616 0.0486008 0.0469887 0.045508 0.0438188 0.0414153 0.0378048 0.0327643 0.0265358 0.0198134
 0.00741173 0.0118216 0.017387 0.0239316 0.0311845 0.038711 0.0458646 0.0519088 0.0562806 0.0587852 0.0595774 0.0589983 0.0574267 0.0552116 0.0526595 0.0500309 0.0475268 0.045254 0.0431677 0.0410221 0.0383948 0.034833 0.0300934 0.0243435 0.0181736
 0.00776851 0.0123931 0.0182307 0.0250941 0.0326913 0.0405523 0.0479812 0.0541902 0.0585824 0.0609591 0.0614962 0.0605664 0.0585762 0.0558938 0.0528344 0.0496593 0.04657 0.0436871 0.0410086 0.0383649 0.0354256 0.0318106 0.0272935 0.0219889 0.0163815
 0.00814346 0.0129848 0.0190884 0.026253 0.0341685 0.0423397 0.0500344 0.0564218 0.0608675 0.0631529 0.0634563 0.0621717 0.0597377 0.0565561 0.0529682 0.0492487 0.0456024 0.0421549 0.0389273 0.0358042 0.0325358 0.0288214 0.0244727 0.0195736 0.0145145
 0.00847759 0.0135174 0.0198701 0.0273234 0.0355486 0.0440213 0.0519686 0.0585164 0.0629995 0.0651911 0.0652804 0.0636809 0.0608516 0.0572139 0.0531288 0.048889 0.0447124 0.0407362 0.0370019 0.0334352 0.0298516 0.0260219 0.0218014 0.0172581 0.0127029
 0.00870657 0.0138966 0.0204535 0.0281652 0.0366922 0.0454812 0.0537124 0.0604589 0.0650158 0.0671413 0.0670344 0.0651329 0.0619247 0.0578568 0.0533103 0.0485913 0.0439281 0.0394686 0.0352735 0.0313045 0.027432 0.0234884 0.0193695 0.0151342 0.0110273
 0.00890013 0.0142075 0.0209153 0.0288094 0.0375455 0.0465596 0.0550124 0.0619481 0.0666295 0.0687868 0.0686017 0.0665094 0.0630102 0.0585755 0.0536141 0.0484564 0.0433473 0.0384479 0.0338359 0.0295034 0.0253667 0.0213102 0.0172649 0.0132841 0.00955799
 0.00916572 0.0146285 0.0215285 0.0296407 0.0386048 0.0478332 0.0564555 0.0634852 0.0681662 0.0702287 0.0698684 0.0675377 0.0637508 0.0589894 0.0536722 0.0481416 0.0426552 0.0373871 0.0324313 0.0278052 0.0234626 0.0193301 0.0153676 0.0116231 0.00824047
 0.009323 0.0148903 0.0219336 0.0302285 0.0394061 0.048857 0.057675 0.0648343 0.0695498 0.0715432 0.0710214 0.06846 0.0643984 0.0593389 0.0537139 0.047872 0.0420749 0.0365024 0.031261 0.0263904 0.0218766 0.0176813 0.0137876 0.0102391 0.00714129
 0.00950077 0.0151799 0.0223707 0.0308466 0.0402303 0.049893 0.0588977 0.0661816 0.0709288 0.0728453 0.0721414 0.0693123 0.064928 0.059525 0.0535649 0.0474149 0.0413427 0.0355276 0.0300764 0.0250379 0.0204185 0.0162053 0.0123987 0.00903716 0.00619427
 0.00972029 0.015517 0.0228418 0.0314554 0.0409703 0.0507504 0.0598515 0.0672002 0.0719668 0.0738447 0.0730356 0.0700332 0.0654155 0.0597365 0.053482 0.047044 0.0407099 0.0346702 0.0290376 0.0238669 0.0191754 0.0149647 0.0112445 0.00804687 0.00541871
 0.00985609 0.0157173 0.0231054 0.0317689 0.0413134 0.0511047 0.0602076 0.0675602 0.072342 0.0742489 0.073476 0.0705012 0.06588 0.0601457 0.0537743 0.0471635 0.04062 0.0343605 0.0285231 0.0231848 0.018381 0.0141271 0.0104389 0.00734108 0.00485842
 0.0100848 0.0160547 0.0235487 0.0322917 0.0418713 0.0516464 0.0606856 0.0679381 0.0726007 0.074392 0.0735299 0.0705062 0.0658742 0.0601492 0.0537798 0.0471392 0.0405216 0.0341479 0.0281749 0.0227058 0.0178025 0.0135011 0.00982696 0.00680002 0.00442676
 0.0102129 0.016257 0.0238409 0.0326809 0.042351 0.0521906 0.0612457 0.0684485 0.0729956 0.0746264 0.0735946 0.070428 0.0657035 0.0599404 0.0535738 0.0469519 0.0403424 0.0339479 0.0279219 0.0223799 0.0174067 0.0130622 0.00938726 0.00640381 0.00410648
 0.0102285 0.0162984 0.0239324 0.0328547 0.0426377 0.052606 0.0617771 0.0690505 0.0735975 0.0751487 0.0739686 0.0706121 0.0656923 0.0597639 0.0532851 0.0466083 0.0399873 0.0336012 0.0275819 0.0220348 0.0170489 0.0126978 0.00903648 0.00609295 0.00385674
 0.0103267 0.0164402 0.0241137 0.0330634 0.0428611 0.0528401 0.0620318 0.069343 0.0739381 0.0755254 0.0743417 0.0709232 0.0658841 0.0597999 0.0531619 0.0463537 0.0396477 0.0332233 0.0271998 0.0216659 0.0166992 0.0123716 0.00874219 0.00584234 0.00365982
 0.0104227 0.0165872 0.0243174 0.0333209 0.04316 0.0531588 0.0623415 0.069615 0.074153 0.0756814 0.0744521 0.0710042 0.0659396 0.0598158 0.0531138 0.0462223 0.0394316 0.0329405 0.0268794 0.0213372 0.0163845 0.0120852 0.00849364 0.00563841 0.003504
 0.0102182 0.0162968 0.0239586 0.0329368 0.0428083 0.0528922 0.0621923 0.0695899 0.074239 0.0758562 0.0746933 0.0712937 0.0662627 0.0601562 0.0534481 0.0465204 0.0396635 0.0330865 0.0269368 0.0213188 0.0163123 0.0119833 0.00838284 0.00553493 0.00341831
 0.0102787 0.0163644 0.024005 0.0329219 0.0426964 0.0526756 0.0619059 0.0693044 0.0740322 0.0757791 0.074752 0.071456 0.0664807 0.0603882 0.0536671 0.0467117 0.0398164 0.0331917 0.0269876 0.0213157 0.0162646 0.0119069 0.00829571 0.00545221 0.00334991
 0.0102825 0.0163604 0.0239792 0.0328522 0.0425549 0.0524358 0.061553 0.0688482 0.0735163 0.0752798 0.0743615 0.0712531 0.0665021 0.0606177 0.0540472 0.047168 0.0402808 0.0336134 0.0273354 0.0215759 0.016438 0.0120055 0.00833855 0.00545999 0.00334047
 0.0102051 0.0162544 0.0238555 0.0327311 0.0424575 0.0523711 0.0615091 0.0687938 0.0734144 0.0751072 0.0741252 0.0709937 0.0662832 0.0605015 0.0540709 0.0473301 0.0405453 0.0339262 0.0276435 0.0218403 0.0166386 0.0121395 0.00841549 0.00549576 0.00335142
 0.0102129 0.0162522 0.023826 0.0326523 0.0423124 0.0521602 0.0612579 0.0685459 0.0732126 0.0749722 0.0740485 0.0709493 0.0662489 0.0604766 0.0540764 0.047394 0.0406834 0.034131 0.0278863 0.0220837 0.0168502 0.0123011 0.0085239 0.00555915 0.003383
 0.0101913 0.016221 0.0237855 0.0326029 0.0422517 0.0520801 0.0611458 0.0683916 0.0730181 0.0747584 0.0738499 0.0707996 0.0661666 0.0604605 0.0541144 0.0474756 0.0408049 0.034291 0.0280774 0.0222883 0.017045 0.0124652 0.00864627 0.00563962 0.00342947
 0.00999032 0.0159209 0.0233841 0.0321169 0.0417137 0.0515318 0.060631 0.0679514 0.0726853 0.0745528 0.0737775 0.0708562 0.066342 0.06074 0.0544769 0.0478938 0.0412495 0.0347361 0.0285024 0.0226765 0.0173818 0.0127391 0.00885205 0.00578082 0.00351713
 0.00979239 0.0156216 0.022976 0.03161 0.041134 0.0509186 0.0600334 0.0674238 0.0722789 0.0743038 0.0736993 0.0709393 0.0665615 0.0610654 0.0548791 0.0483466 0.0417285 0.0352174 0.0289631 0.0230964 0.0177449 0.0130346 0.0090763 0.00593768 0.00361727
 0.00967741 0.0154374 0.0227048 0.0312391 0.0406609 0.0503573 0.0594202 0.0668156 0.0717423 0.0738994 0.0734671 0.0708929 0.0666905 0.0613419 0.0552665 0.0488069 0.0422267 0.0357231 0.0294502 0.0235426 0.0181321 0.0133512 0.00931788 0.00610829 0.00372773
 0.00980707 0.0156159 0.0229132 0.031438 0.0407996 0.0503892 0.0593172 0.0665752 0.0713872 0.0734717 0.0730209 0.0704843 0.0663669 0.061134 0.0551845 0.0488426 0.0423592 0.035925 0.0296923 0.0237974 0.0183757 0.0135648 0.00949006 0.00623528 0.003813
 0.00965983 0.0154087 0.0226596 0.0311678 0.0405464 0.0501723 0.0591307 0.0663923 0.0711781 0.0732252 0.0727542 0.0702385 0.0661912 0.0610686 0.0552492 0.0490346 0.0426565 0.0362936 0.0300938 0.0241952 0.0187394 0.0138731 0.00973199 0.00641027 0.00392896
 0.00956757 0.0152614 0.0224446 0.0308794 0.0401918 0.0497776 0.0587412 0.066062 0.0709496 0.0731101 0.0727299 0.070265 0.066236 0.0611239 0.0553307 0.0491669 0.0428562 0.0365601 0.0304092 0.0245302 0.0190627 0.0141581 0.00996214 0.00658023 0.00404338
 0.0104052 0.0164351 0.0238631 0.0323403 0.0414388 0.0505934 0.0590228 0.0658391 0.0703473 0.0722874 0.0718284 0.0693815 0.0654196 0.0603893 0.0546794 0.0486034 0.0423931 0.0362112 0.0301794 0.0244096 0.0190276 0.0141784 0.0100088 0.0066314 0.00408633
 0.0111484 0.01759 0.0254928 0.034443 0.0439211 0.0532472 0.0615249 0.0678035 0.071437 0.0723373 0.0709055 0.0677425 0.063398 0.0582821 0.0526868 0.0468282 0.0408728 0.0349515 0.0291735 0.0236428 0.0184754 0.0138065 0.00977628 0.00649745 0.00401574
 0.0111403 0.0176847 0.0258325 0.035221 0.0453244 0.0553663 0.0642723 0.07089 0.0744253 0.0747546 0.0723689 0.0680573 0.0625976 0.0565975 0.0504586 0.0444015 0.0385196 0.0328435 0.0273944 0.0222161 0.0173878 0.0130219 0.00924433 0.00616101 0.00381861
 0.0108724 0.0172906 0.0253236 0.0346539 0.0448102 0.0550696 0.0643906 0.0716024 0.075813 0.0767262 0.0746417 0.0702224 0.0642483 0.0574601 0.0504657 0.0436817 0.0373224 0.0314437 0.0260184 0.0210095 0.0164188 0.0123005 0.00874514 0.0058406 0.00362878
 0.0106044 0.0168765 0.0247423 0.0339053 0.043922 0.0541057 0.063461 0.0708648 0.0754526 0.0769095 0.0754529 0.0716083 0.0660021 0.0592654 0.0519922 0.0446918 0.0377373 0.0313406 0.0255715 0.0204123 0.0158257 0.0118032 0.00837693 0.00559528 0.00348062
 0.0104177 0.0165766 0.0242986 0.0332942 0.0431343 0.053158 0.0624078 0.069803 0.0745142 0.0762427 0.0751964 0.07186 0.0667839 0.0604949 0.0534815 0.046189 0.0390021 0.0322189 0.0260319 0.0205299 0.0157285 0.0116165 0.00818837 0.00544781 0.00338326
 0.0104161 0.0165555 0.024232 0.0331452 0.0428627 0.0527337 0.0618242 0.0690853 0.0737199 0.0754565 0.0745222 0.0714086 0.0666534 0.0607436 0.0540998 0.0470855 0.0400179 0.0331736 0.026782 0.0210105 0.0159583 0.0116679 0.00814621 0.00537781 0.00332163
 0.010431 0.0165805 0.0242696 0.0331944 0.0429143 0.0527654 0.0617998 0.0689611 0.0734608 0.0750539 0.0740066 0.0708497 0.0661478 0.060393 0.0539847 0.0472386 0.0404078 0.0337093 0.0273418 0.021485 0.0162856 0.0118435 0.00820703 0.00537415 0.00329474
 0.0103768 0.0164987 0.0241588 0.0330583 0.0427616 0.0526082 0.0616502 0.0688273 0.0733412 0.0749351 0.0738682 0.070677 0.0659465 0.060197 0.0538497 0.047223 0.0405471 0.033997 0.0277269 0.0218902 0.0166376 0.0120988 0.00835981 0.00544655 0.00331838
 0.0104607 0.0166186 0.0243085 0.0332214 0.042916 0.0527332 0.0617326 0.0688626 0.0733303 0.0748801 0.0737684 0.0705284 0.0657463 0.0599514 0.0535816 0.0469726 0.040362 0.0339134 0.0277533 0.0220022 0.0167893 0.0122433 0.00846733 0.00550975 0.00334638
 0.0103286 0.0164198 0.0240391 0.0328886 0.0425356 0.0523267 0.0613253 0.0684836 0.0730127 0.0746567 0.0736645 0.0705537 0.06589 0.0601841 0.0538653 0.0472744 0.0406643 0.0342142 0.0280565 0.0223054 0.0170779 0.0124953 0.00866421 0.00564545 0.0034281
 0.0102725 0.0163305 0.0239084 0.0327112 0.0423111 0.0520619 0.0610361 0.0681939 0.0727493 0.0744431 0.0735173 0.0704827 0.0658991 0.0602711 0.05402 0.0474795 0.0408992 0.0344615 0.0283048 0.0225472 0.0173048 0.0126961 0.00882766 0.00576521 0.00350598
 0.0102182 0.0162542 0.0238156 0.0326133 0.042221 0.0519873 0.0609752 0.0681365 0.0726832 0.0743616 0.0734231 0.0703872 0.0658179 0.0602196 0.0540097 0.0475153 0.0409789 0.0345768 0.028444 0.0226981 0.0174557 0.0128358 0.00894631 0.00585649 0.0035688
 0.0102081 0.0162359 0.0237852 0.0325674 0.0421591 0.0519144 0.0609023 0.0680775 0.0726479 0.0743494 0.0734232 0.0703837 0.0658 0.0601867 0.0539716 0.0474869 0.0409736 0.0346018 0.0284991 0.0227767 0.0175474 0.012929 0.0090306 0.00592468 0.00361799
 0.0100209 0.0159539 0.0234025 0.032094 0.0416194 0.051343 0.0603417 0.0675763 0.0722567 0.074112 0.0733652 0.0705053 0.0660751 0.0605712 0.0544158 0.0479475 0.0414208 0.0350187 0.0288772 0.0231109 0.0178335 0.0131636 0.00921249 0.00605638 0.00370596
 0.00994482 0.0158506 0.0232843 0.0319843 0.0415447 0.0513209 0.060372 0.0676399 0.0723239 0.0741549 0.0733687 0.0704712 0.0660192 0.0605148 0.054377 0.0479357 0.0414367 0.0350579 0.028934 0.0231797 0.0179084 0.013238 0.00927991 0.00611164 0.00374675
 0.0103487 0.0164664 0.0241344 0.0330599 0.0428063 0.0527013 0.0617763 0.0689474 0.0733995 0.0748726 0.0736388 0.0702619 0.0653644 0.0595066 0.0531442 0.0466154 0.0401484 0.0338885 0.0279349 0.0223717 0.0172895 0.0127907 0.00897665 0.00592022 0.00363507
 0.0101557 0.0161937 0.0238006 0.0327102 0.0425022 0.0525033 0.0617288 0.0690719 0.0736942 0.0753125 0.0741754 0.0708251 0.0658727 0.0598858 0.0533481 0.0466382 0.0400227 0.03367 0.0276823 0.0221319 0.0170906 0.0126431 0.00887772 0.00586042 0.00360265
 0.0101001 0.0160993 0.023653 0.0324982 0.0422266 0.0521871 0.0614219 0.0688436 0.0736114 0.0754147 0.0744592 0.0712461 0.0663603 0.0603617 0.0537422 0.0469023 0.0401387 0.0336517 0.0275679 0.0219693 0.0169232 0.0124996 0.00877079 0.00578985 0.00356112
 0.0103055 0.0163784 0.0239713 0.032789 0.0424089 0.0521955 0.0612332 0.0684872 0.0731603 0.0749647 0.0741029 0.0710494 0.066346 0.0605062 0.0539863 0.0471719 0.0403676 0.0337981 0.0276208 0.0219448 0.0168518 0.0124132 0.00869272 0.00573126 0.00352326
 0.0105713 0.0168021 0.0245894 0.033619 0.0434328 0.0533419 0.0623692 0.0694372 0.0737559 0.0751053 0.0737925 0.0703897 0.0654918 0.0596108 0.0531607 0.0464687 0.0397892 0.0333183 0.0272088 0.0215808 0.0165322 0.0121445 0.00848229 0.0055804 0.00342516
 0.0105943 0.0168783 0.0247755 0.0339903 0.0440631 0.0542691 0.0635636 0.0707879 0.0750866 0.0762134 0.0745005 0.0705919 0.0651828 0.0588825 0.0521684 0.0453795 0.0387372 0.0323829 0.026419 0.0209341 0.0160145 0.0117417 0.00818254 0.00537078 0.00328964
 0.0100688 0.016074 0.0236633 0.0325901 0.0424541 0.052596 0.0620328 0.0696388 0.0745313 0.076363 0.0753182 0.0719023 0.0667325 0.0604217 0.0535166 0.0464536 0.0395384 0.0329604 0.0268317 0.0212281 0.0162192 0.0118766 0.00826385 0.00541447 0.00331009
 0.00966952 0.0154325 0.0227143 0.0312846 0.0407777 0.0505949 0.0598384 0.0674725 0.072673 0.0750896 0.0748333 0.0722808 0.0678991 0.0621701 0.0555673 0.0485296 0.0414292 0.0345507 0.0280917 0.0221827 0.0169156 0.0123647 0.00858965 0.00561908 0.00342963
 0.00964859 0.0154072 0.0226892 0.0312612 0.0407429 0.0505093 0.0596349 0.0670753 0.0720359 0.0742368 0.0738771 0.0714004 0.0672848 0.061957 0.0557883 0.0491096 0.042221 0.0353918 0.028855 0.0227995 0.0173708 0.0126768 0.00879 0.00573962 0.00349719
 0.00911844 0.0146272 0.0216685 0.0300642 0.0394742 0.0492853 0.0585576 0.066215 0.0714231 0.0738618 0.0737047 0.071398 0.0674502 0.0623244 0.0564041 0.049991 0.0433252 0.0366166 0.0300692 0.0238854 0.0182549 0.0133371 0.00924515 0.00603001 0.00366862
#obs surv len freq
 nan nan nan nan nan nan nan nan nan nan nan nan nan nan nan nan nan nan nan nan nan nan nan nan nan
 0.00447744 0.00733573 0.0111632 0.0159785 0.02168 0.027958 0.0342754 0.0400099 0.0446922 0.048158 0.0505173 0.0520141 0.052907 0.0534199 0.0537346 0.0539898 0.0542686 0.0545615 0.0547003 0.0542922 0.0527301 0.0493619 0.043811 0.0362902 0.0276729
 0.00461652 0.00756053 0.0114989 0.0164469 0.0222949 0.028717 0.0351521 0.0409511 0.0456236 0.0489979 0.0511913 0.0524667 0.053108 0.0533661 0.053446 0.0535023 0.053625 0.0538042 0.053868 0.0534217 0.0518598 0.0485344 0.0430706 0.0356743 0.0272022
 0.00478603 0.00783853 0.0119216 0.0170489 0.0231017 0.0297332 0.03635 0.0422663 0.0469639 0.05026 0.052277 0.0532933 0.053615 0.0535186 0.0532379 0.0529549 0.0527817 0.0527227 0.0526137 0.0520642 0.0504741 0.047201 0.0418696 0.0346716 0.0264344
 0.00497301 0.00814704 0.0123944 0.017729 0.0240238 0.0309108 0.0377611 0.0438474 0.0486173 0.0518703 0.0537283 0.0544815 0.0544544 0.0539471 0.05322 0.0524844 0.051882 0.051445 0.0510335 0.0502783 0.0485978 0.0453621 0.0401945 0.0332643 0.025353
 0.00518206 0.00848754 0.0129084 0.018457 0.0249983 0.0321457 0.039239 0.0455139 0.0503856 0.0536343 0.0553761 0.055905 0.0555553 0.0546419 0.053445 0.0522008 0.0510809 0.0501519 0.0493125 0.0482345 0.0463747 0.0431305 0.0381295 0.0315117 0.0239979
 0.00540044 0.00884582 0.0134537 0.0192351 0.0260451 0.0334733 0.0408219 0.0472851 0.0522471 0.0554766 0.0570943 0.0574053 0.0567536 0.0554613 0.0538158 0.0520648 0.0503992 0.048917 0.0475613 0.0460597 0.0439285 0.0406133 0.0357583 0.0294742 0.0224093
 0.0056244 0.00921384 0.014015 0.0200384 0.0271297 0.0348542 0.042475 0.049141 0.0542009 0.0574079 0.0588871 0.0589597 0.0579889 0.0563119 0.0542258 0.0519831 0.0497815 0.0477363 0.0458278 0.0438425 0.0413706 0.0379248 0.0331826 0.0272323 0.0206449
 0.00588042 0.0096302 0.014642 0.0209231 0.0283074 0.036335 0.0442291 0.0510932 0.0562403 0.0594084 0.0607272 0.0605353 0.0592171 0.0571308 0.0545888 0.0518526 0.0491245 0.0465283 0.0440692 0.0415855 0.038742 0.0351299 0.030474 0.0248508 0.0187548
 0.00613672 0.010051 0.0152828 0.0218376 0.0295363 0.0378887 0.0460708 0.0531343 0.0583544 0.061457 0.0625837 0.0620967 0.0604061 0.0578921 0.0548841 0.051654 0.0484095 0.0452811 0.0422928 0.0393254 0.0361126 0.0323238 0.0277384 0.0224293 0.0168205
 0.00636091 0.0104217 0.0158523 0.022659 0.0306537 0.0393206 0.0477931 0.0550731 0.0603952 0.0634658 0.0644287 0.063664 0.0616073 0.0586655 0.055191 0.0514715 0.0477234 0.0440843 0.0405941 0.0371696 0.0336052 0.0296426 0.0251146 0.0200958 0.0149471
 0.00659469 0.0108035 0.0164302 0.0234794 0.0317524 0.0407097 0.0494466 0.0569207 0.0623309 0.0653668 0.066174 0.0651467 0.0627409 0.0593864 0.0554581 0.0512622 0.0470285 0.0429049 0.038947 0.035103 0.0312197 0.0271024 0.0226327 0.0178875 0.0131712
 0.00682906 0.0111873 0.017013 0.024308 0.0328616 0.0421064 0.051095 0.0587383 0.0642018 0.0671649 0.0677848 0.066478 0.0637244 0.0599745 0.0556206 0.0509824 0.0463005 0.0417335 0.0373528 0.0331357 0.0289753 0.0247319 0.0203284 0.015843 0.0115288
 0.00705669 0.0115608 0.0175813 0.0251182 0.0339488 0.0434784 0.0527159 0.060524 0.0660318 0.0689065 0.0693163 0.0677041 0.0645805 0.0604255 0.0556533 0.0505983 0.0455086 0.0405487 0.0358014 0.0312678 0.0268803 0.0225458 0.0182215 0.0139843 0.0100411
 0.00728225 0.011931 0.0181444 0.0259207 0.0350248 0.0448341 0.0543141 0.0622787 0.0678208 0.0705948 0.0707802 0.0688459 0.0653353 0.0607607 0.0555644 0.050101 0.0446297 0.0393203 0.0342625 0.0294741 0.0249166 0.0205333 0.0163073 0.0123117 0.00871142
 0.0074485 0.0122089 0.0185769 0.0265524 0.0358929 0.0459534 0.0556619 0.0637893 0.0693938 0.0721139 0.0721326 0.0699351 0.066089 0.0611346 0.0555421 0.0496898 0.0438548 0.0382189 0.032882 0.0278756 0.0231834 0.0187744 0.0146489 0.010873 0.00757406
 0.00752645 0.0123367 0.0187724 0.0268354 0.0362849 0.0464753 0.0563281 0.0646015 0.0703341 0.0731415 0.0731837 0.0709295 0.0669409 0.0617647 0.0558886 0.0497151 0.0435472 0.0375909 0.0319679 0.0267313 0.0218876 0.0174269 0.0133611 0.00974758 0.00668071
 0.00760211 0.0124509 0.018928 0.0270309 0.0365165 0.0467408 0.0566307 0.0649498 0.0707404 0.0736167 0.0737302 0.0715328 0.0675636 0.0623482 0.0563616 0.0500071 0.0436025 0.0373792 0.0314893 0.0260183 0.0210026 0.0164572 0.0124055 0.00889699 0.00599816
 0.00764702 0.0125198 0.0190238 0.0271528 0.0366599 0.0468979 0.0567918 0.0651068 0.070892 0.0737731 0.0739122 0.0717644 0.0678597 0.0627018 0.056739 0.0503509 0.0438445 0.0374572 0.0313639 0.0256836 0.0204904 0.0158315 0.0117484 0.00828923 0.00549858
 0.00771231 0.0126174 0.0191548 0.0273124 0.0368384 0.0470828 0.0569696 0.0652644 0.0710188 0.0738642 0.0739719 0.0718079 0.0679097 0.0627807 0.0568573 0.0504984 0.0439877 0.0375463 0.0313485 0.025531 0.020199 0.0154337 0.0113017 0.00785761 0.00513353
 0.00776942 0.0127072 0.0192839 0.0274835 0.0370485 0.047321 0.0572162 0.0654928 0.071202 0.0739828 0.0740206 0.0717951 0.0678552 0.0627097 0.056794 0.0504584 0.0439707 0.0375336 0.0313076 0.0254284 0.0200159 0.0151762 0.0110004 0.00755592 0.00487109
 0.00780187 0.0127572 0.0193541 0.0275746 0.0371597 0.04745 0.0573583 0.0656405 0.0713443 0.0741061 0.0741116 0.0718447 0.0678614 0.0626797 0.0567417 0.0504003 0.0439189 0.0374895 0.0312601 0.0253581 0.019905 0.0150198 0.0108108 0.00735845 0.00469332
 0.00784995 0.0128258 0.0194395 0.0276677 0.0372485 0.0475242 0.0574135 0.0656785 0.0713711 0.074129 0.0741349 0.0718684 0.0678814 0.0626901 0.0567387 0.0503842 0.0438938 0.0374594 0.0312246 0.0253106 0.0198365 0.014925 0.010694 0.00723332 0.00457714
 0.00788499 0.0128829 0.0195251 0.0277859 0.0373984 0.0476966 0.057589 0.065831 0.0714766 0.0741744 0.0741229 0.0718145 0.0678052 0.0626074 0.0566579 0.0503073 0.0438202 0.0373881 0.0311543 0.025239 0.0197597 0.0148403 0.0106025 0.00714154 0.00449421
 0.00787368 0.0128667 0.0195051 0.0277653 0.0373825 0.0476921 0.0576024 0.0658664 0.0715324 0.0742422 0.0741899 0.0718683 0.0678392 0.0626226 0.0566606 0.0503043 0.0438152 0.0373814 0.0311436 0.0252212 0.0197322 0.014802 0.0105553 0.00709015 0.00444526
 0.00787964 0.0128691 0.0194957 0.0277327 0.0373166 0.04759 0.0574732 0.0657309 0.071417 0.0741702 0.0741733 0.0719053 0.0679169 0.0627227 0.0567661 0.0504038 0.0439031 0.0374554 0.0312028 0.0252641 0.0197577 0.01481 0.0105481 0.00707254 0.0044232
 0.00789744 0.0128933 0.0195227 0.0277554 0.0373245 0.0475715 0.0574184 0.0656358 0.0712871 0.0740222 0.0740329 0.0717999 0.0678658 0.0627315 0.0568259 0.050497 0.04401 0.0375604 0.0312955 0.0253389 0.0198121 0.0148443 0.0105645 0.00707523 0.00441766
 0.0078958 0.012891 0.01952 0.0277519 0.0373191 0.0475611 0.0573978 0.0655983 0.0712269 0.0739378 0.0739299 0.0716921 0.0677727 0.0626724 0.0568138 0.0505334 0.0440855 0.0376587 0.031399 0.0254337 0.0198894 0.0149004 0.0106002 0.00709415 0.00442486
 0.00788389 0.0128703 0.0194862 0.0277011 0.0372486 0.0474719 0.0572961 0.0654942 0.0711315 0.0738587 0.0738699 0.0716501 0.0677479 0.0626667 0.0568323 0.0505814 0.0441644 0.0377628 0.0315168 0.025551 0.0199935 0.0149834 0.0106595 0.00713185 0.00444583
 0.00786299 0.0128341 0.0194279 0.0276132 0.0371252 0.0473123 0.0571072 0.0652918 0.0709375 0.0736963 0.0737576 0.0715975 0.067755 0.062726 0.0569324 0.0507114 0.0443153 0.037927 0.0316856 0.0257137 0.0201393 0.0151035 0.0107499 0.00719354 0.00448374
 0.00785827 0.0128237 0.0194071 0.0275756 0.0370638 0.0472213 0.0569847 0.0651415 0.0707692 0.0735252 0.0736025 0.0714775 0.0676851 0.0627136 0.0569763 0.0508031 0.0444424 0.0380761 0.0318439 0.0258697 0.0202823 0.0152248 0.0108444 0.00726066 0.00452684
 0.00783849 0.0127926 0.0193622 0.0275149 0.036986 0.0471259 0.0568725 0.0650151 0.0706335 0.073388 0.0734739 0.0713696 0.0676103 0.0626829 0.0569959 0.0508729 0.0445556 0.0382206 0.0320053 0.026033 0.0204344 0.0153558 0.0109482 0.0073359 0.00457643
 0.00777918 0.0126995 0.0192286 0.0273378 0.0367672 0.0468738 0.0566035 0.0647523 0.0704022 0.0732096 0.073361 0.0713257 0.0676322 0.0627639 0.0571285 0.0510491 0.044766 0.0384534 0.0322463 0.0262669 0.0206468 0.0155355 0.0110893 0.00743792 0.00464392
 0.0077635 0.0126663 0.0191647 0.0272268 0.0365948 0.0466348 0.0563082 0.064427 0.070084 0.0729355 0.0731601 0.0712141 0.067613 0.06283 0.0572663 0.0512423 0.0449982 0.0387088 0.0325092 0.0265218 0.0208791 0.0157335 0.0112459 0.00755209 0.00472012
 0.00773955 0.0126266 0.0191029 0.0271358 0.0364663 0.0464615 0.056086 0.0641594 0.069785 0.072631 0.0728845 0.071003 0.0674941 0.0628164 0.0573551 0.0514177 0.0452369 0.0389858 0.0328007 0.0268066 0.0211394 0.0159557 0.0114222 0.0076812 0.00480676
 0.00931861 0.0148361 0.0217679 0.0298727 0.0387949 0.0479824 0.0566209 0.063777 0.0687182 0.0711578 0.071242 0.0693583 0.0659534 0.0614435 0.0561846 0.0504617 0.0444891 0.0384262 0.0324015 0.026537 0.0209691 0.015857 0.0113713 0.00765912 0.00479973
 0.00929853 0.0150973 0.0226787 0.0318903 0.0422663 0.052875 0.0623527 0.0693107 0.0729297 0.0732786 0.0711123 0.0673692 0.062776 0.0577427 0.0524558 0.0470023 0.0414444 0.0358479 0.0302895 0.0248639 0.0196922 0.014924 0.0107238 0.00723615 0.00454201
 0.00897804 0.0145915 0.0219677 0.0310224 0.0414119 0.0523634 0.0626325 0.0707887 0.075725 0.0770403 0.0750628 0.0705988 0.0646217 0.0580183 0.051422 0.0451537 0.0392783 0.0337287 0.0284236 0.0233351 0.0185093 0.0140563 0.010122 0.00684398 0.00430378
 0.00879358 0.0142876 0.0215034 0.0303599 0.0405315 0.051292 0.0614819 0.0697836 0.0751873 0.0773014 0.0763123 0.0727405 0.0672395 0.0605095 0.0532417 0.046024 0.0392449 0.0330615 0.0274549 0.0223356 0.0176406 0.0133827 0.00964432 0.00653117 0.00411444
 0.00872364 0.014164 0.0212986 0.0300409 0.040066 0.0506597 0.0606891 0.0688776 0.0742685 0.0765285 0.0758892 0.0728657 0.0680195 0.0618739 0.0549232 0.0476426 0.0404603 0.0337037 0.0275572 0.0220688 0.0172092 0.0129457 0.00928792 0.00627996 0.00395681
 0.00871018 0.0141394 0.0212556 0.0299686 0.0399489 0.050478 0.0604212 0.0685063 0.0737912 0.075971 0.0753181 0.0723923 0.0677819 0.0619929 0.0554412 0.0484795 0.0414241 0.0345636 0.0281403 0.0223216 0.0171912 0.0127736 0.00907289 0.00609263 0.00382384
 0.00870257 0.0141275 0.0212383 0.0299444 0.0399154 0.0504304 0.0603516 0.0684027 0.073639 0.0757571 0.0750395 0.0720676 0.0674608 0.0617542 0.055372 0.0486368 0.0417978 0.0350668 0.0286413 0.0227022 0.0173947 0.0128152 0.00901247 0.00599538 0.00373434
 0.00868278 0.0140951 0.0211894 0.0298757 0.0398255 0.0503215 0.0602299 0.0682773 0.0735184 0.0756445 0.0749307 0.0719546 0.0673402 0.0616378 0.0552912 0.0486359 0.0419128 0.0353001 0.0289513 0.0230169 0.0176453 0.0129658 0.00906814 0.0059883 0.00370095
 0.00867331 0.0140801 0.0211676 0.0298459 0.0397865 0.0502722 0.0601699 0.0682075 0.0734414 0.0755647 0.0748526 0.0718806 0.0672703 0.0615717 0.0552338 0.0486015 0.0419227 0.0353726 0.0290869 0.0231924 0.0178213 0.0131053 0.00915313 0.00602294 0.00370295
 0.00865559 0.0140522 0.0211274 0.0297922 0.0397196 0.0501943 0.0600854 0.0681227 0.0733631 0.0754984 0.0748015 0.0718455 0.06725 0.0615638 0.0552366 0.0486159 0.0419541 0.0354293 0.0291746 0.023307 0.0179472 0.0132207 0.00924035 0.00607585 0.00372687
 0.00865908 0.0140576 0.0211348 0.0298013 0.0397293 0.0502025 0.0600892 0.0681187 0.0733485 0.0754718 0.0747638 0.0717997 0.0672 0.061514 0.0551911 0.0485786 0.0419297 0.0354231 0.0291909 0.0233465 0.018004 0.0132833 0.00929611 0.00611625 0.00375025
 0.00865605 0.0140518 0.0211244 0.0297844 0.0397045 0.05017 0.0600512 0.0680793 0.0733123 0.0754423 0.0747422 0.0717852 0.0671912 0.0615092 0.0551895 0.0485807 0.041937 0.0354379 0.0292159 0.0233828 0.0180496 0.0133328 0.00934219 0.0061528 0.00377473
 0.00864197 0.0140329 0.0211034 0.0297659 0.0396934 0.0501688 0.0600585 0.0680904 0.0733212 0.0754446 0.0747369 0.0717739 0.0671766 0.0614939 0.0551753 0.0485688 0.0419288 0.0354353 0.0292207 0.0233963 0.0180714 0.0133601 0.00937041 0.00617747 0.00379303
 0.00861186 0.0139856 0.0210356 0.0296766 0.0395852 0.0500494 0.0599408 0.0679905 0.0732538 0.075418 0.0747504 0.071819 0.0672419 0.0615689 0.0552523 0.0486432 0.0419981 0.0354986 0.0292784 0.0234491 0.0181198 0.0134036 0.00940778 0.00620719 0.0038144
 0.00862264 0.0139982 0.0210455 0.0296765 0.039567 0.0500075 0.059875 0.0679072 0.0731646 0.075337 0.07469 0.0717872 0.0672401 0.0615925 0.0552933 0.0486929 0.0420498 0.0355483 0.0293242 0.0234906 0.0181571 0.0134366 0.00943582 0.00622958 0.00383079
 0.00862264 0.0139982 0.0210455 0.0296765 0.039567 0.0500075 0.059875 0.0679072 0.0731646 0.075337 0.07469 0.0717872 0.0672401 0.0615925 0.0552933 0.0486929 0.0420498 0.0355483 0.0293242 0.0234906 0.0181571 0.0134366 0.00943582 0.00622958 0.00383079
 0.00896319 0.0145381 0.0218294 0.0307285 0.0408762 0.0515109 0.061446 0.0693656 0.0743159 0.0760255 0.0748414 0.0714194 0.0664443 0.0605002 0.0540434 0.0474081 0.0408239 0.0344438 0.0283764 0.0227139 0.0175499 0.0129861 0.00912074 0.00602349 0.00370572
 0.0088183 0.0143489 0.0216314 0.0305861 0.0408691 0.0517086 0.0618831 0.0700272 0.0751362 0.0768987 0.0756416 0.0720282 0.0667791 0.0605328 0.0538019 0.0469617 0.0402593 0.0338439 0.0278063 0.0222157 0.0171448 0.0126781 0.00890212 0.00587921 0.00361773
 0.00882228 0.0143288 0.0215553 0.0304167 0.0405838 0.0513269 0.0614821 0.0697284 0.0750624 0.0771211 0.0761461 0.0727191 0.0675141 0.0611708 0.0542415 0.047161 0.0402346 0.0336517 0.0275192 0.0219014 0.0168533 0.0124379 0.0087228 0.005757 0.00354161
 0.00885518 0.0143811 0.0216297 0.0305096 0.0406803 0.0513977 0.0614882 0.0696381 0.0748761 0.0768872 0.075952 0.072654 0.0676245 0.061435 0.0545797 0.0474725 0.040439 0.0337137 0.0274504 0.0217444 0.0166595 0.0122506 0.00856831 0.00564463 0.00346852
 0.00902535 0.0146483 0.0220132 0.0310181 0.0413063 0.0521107 0.0622286 0.0703183 0.0753957 0.0771612 0.0759407 0.0723805 0.0671683 0.0609021 0.0540618 0.0470169 0.040045 0.0333533 0.0270971 0.0213914 0.0163211 0.0119505 0.00832605 0.00546772 0.00335187
 0.00912995 0.0148279 0.0223 0.0314454 0.0418976 0.0528642 0.0631029 0.0712313 0.0762385 0.0778228 0.0763329 0.0724553 0.0669276 0.0603976 0.0533828 0.0462651 0.0393061 0.0326791 0.0265055 0.0208809 0.0158869 0.0115923 0.00804602 0.00526445 0.00321682
 0.00882274 0.0143526 0.021633 0.0305897 0.0408922 0.0517918 0.0620914 0.0704363 0.0758042 0.0778333 0.0767807 0.0732443 0.0679079 0.0614123 0.0543081 0.0470312 0.0398954 0.0331088 0.0268053 0.0210788 0.016005 0.0116501 0.00806293 0.0052588 0.00320305
 0.00866652 0.0140635 0.0211357 0.0297997 0.0397453 0.0502871 0.0603276 0.068614 0.0741841 0.076667 0.0762444 0.0733994 0.0686946 0.0626741 0.0558363 0.0486174 0.0413744 0.0343795 0.0278282 0.0218579 0.0165684 0.0120355 0.00831007 0.00540585 0.00328346
 0.00892009 0.0144472 0.0216556 0.0304303 0.0404219 0.0509025 0.0607412 0.0686823 0.0738131 0.0758648 0.0751399 0.0722093 0.0676515 0.0619509 0.0555021 0.0486365 0.0416408 0.0347652 0.0282244 0.0221964 0.0168214 0.0122043 0.00841103 0.00545934 0.00330786
 0.00877581 0.0142585 0.0214558 0.0302772 0.0403792 0.0510101 0.060989 0.0690027 0.0740969 0.0759958 0.0750361 0.0718586 0.0671239 0.0613801 0.0550377 0.0483891 0.0416464 0.034984 0.0285698 0.0225739 0.0171599 0.0124669 0.00859178 0.00557089 0.00336981
#pred catch len freq
 0.00440414 0.00699129 0.0102417 0.0140919 0.0185004 0.0234223 0.0287388 0.0342289 0.0396151 0.0446337 0.0490795 0.0528219 0.0558103 0.0580598 0.0596145 0.0605066 0.0607327 0.0602484 0.058959 0.0566964 0.0532121 0.0482478 0.0417142 0.0338979 0.0255305
 0.00461846 0.00725146 0.0104745 0.0141859 0.0183505 0.0229908 0.0280959 0.0335348 0.039046 0.0442936 0.0489518 0.0527891 0.0557243 0.057823 0.0592325 0.0600918 0.0604585 0.0602717 0.0593449 0.0573815 0.054029 0.0489994 0.042257 0.0341885 0.025615
 0.00492129 0.00772073 0.011131 0.015016 0.0192893 0.0239123 0.0288231 0.0338884 0.0389221 0.0437263 0.0481078 0.0518842 0.0549151 0.0571484 0.0586414 0.0595249 0.0599196 0.0598384 0.0591165 0.0574065 0.0542635 0.0493254 0.0425446 0.0343571 0.0256562
 0.0051771 0.00812995 0.0117355 0.0158523 0.0203827 0.0252624 0.0303799 0.0355287 0.0404451 0.0448892 0.0486999 0.0518102 0.0542354 0.0560445 0.057326 0.0581609 0.0585992 0.0586149 0.058041 0.0565288 0.0536041 0.0488562 0.0422024 0.0340804 0.0254133
 0.00547534 0.00859147 0.0123888 0.0167143 0.0214642 0.0265729 0.0319235 0.0372871 0.0423534 0.0468133 0.0504333 0.0531053 0.0548705 0.0559023 0.0564379 0.0566892 0.0567687 0.0566419 0.0560949 0.0547283 0.0520245 0.0475335 0.041138 0.0332532 0.0247943
 0.00580089 0.00909815 0.0131102 0.0176691 0.0226573 0.027997 0.0335576 0.0390936 0.0442773 0.0487798 0.0523397 0.0548085 0.0561857 0.0566292 0.0564159 0.0558585 0.0552012 0.0545222 0.053665 0.0522273 0.0496496 0.0454248 0.0393779 0.0318726 0.023781
 0.00615524 0.00964862 0.0138921 0.0187015 0.0239447 0.0295309 0.0353129 0.0410227 0.046308 0.050821 0.0542891 0.0565571 0.0576157 0.0576086 0.0568033 0.0555282 0.0540883 0.052664 0.0512133 0.0494211 0.0467622 0.0427081 0.0370229 0.0299881 0.0223921
 0.00658694 0.0103131 0.014824 0.0199118 0.0254251 0.0312599 0.0372549 0.0431227 0.0484869 0.0529787 0.0563131 0.0583331 0.0590357 0.0585728 0.0572167 0.0552987 0.0531395 0.0509667 0.0488246 0.046506 0.0435792 0.0395591 0.0341854 0.0276569 0.0206483
 0.00698833 0.0109401 0.0157207 0.0211042 0.0269202 0.0330432 0.0392852 0.0453265 0.0507626 0.0552081 0.0583758 0.0601163 0.0604396 0.0595121 0.0576178 0.0550958 0.0522743 0.0494029 0.0465784 0.0436819 0.0403861 0.0362872 0.0311433 0.0250937 0.0186956
 0.00740129 0.0115792 0.0166241 0.0222902 0.0283907 0.0347873 0.0412752 0.0475083 0.0530487 0.0574798 0.0604952 0.0619456 0.0618588 0.0604308 0.057975 0.0548503 0.0513955 0.0478724 0.044409 0.0409506 0.0372623 0.0330301 0.0280551 0.0224421 0.0166426
 0.00778627 0.0121784 0.0174769 0.0234182 0.0297978 0.0364604 0.0431798 0.0495835 0.0552075 0.0596157 0.0624915 0.0636834 0.0632263 0.0613321 0.0583382 0.0546291 0.0505652 0.046427 0.0423696 0.0383878 0.0343221 0.0299401 0.0250927 0.0198666 0.0146238
