SBPRF35
7.78865
Curr Bio
575629
B35
672038
F35
0.224212
FOFL
0.201031
OFL
92881.8
Bzero
2.22533e+06
#pred survey bio
 4.28842e+06 4.04934e+06 3.82152e+06 3.55803e+06 3.26542e+06 2.97121e+06 2.67064e+06 2.39866e+06 2.13282e+06 1.87898e+06 1.66154e+06 1.46843e+06 1.30208e+06 1.13022e+06 1.00516e+06 888073 816129 765168 703457 662703 640864 627622 624300 614014 611211 605739 608682 594827 592986 594797 592040 603760 604464 595484 581711 562641 553188 539508 539846 547369 560373 560840 561792 575471 578033 590494 590455 598881 608213 609902 615385 542715 490776 440008 422246 437571 474681 493987 494523 508992 486229 477447 495042 496724 529765 516209 547770 576651 2.12411e+07 1.30485e+07 1.34362e+07 1.40186e+07 1.46808e+07 1.53122e+07 1.58567e+07 1.62972e+07 1.66389e+07 1.68967e+07 1.70879e+07 1.72282e+07 1.73306e+07 1.74055e+07 1.74602e+07 1.75004e+07 1.75301e+07 1.75521e+07 1.75685e+07 1.75809e+07 1.75902e+07 1.75972e+07 1.76026e+07 1.76067e+07 1.76098e+07 1.76122e+07 1.7614e+07 1.76154e+07 1.76165e+07 1.76173e+07 1.7618e+07 1.76185e+07 1.76188e+07 1.76191e+07 1.76194e+07 1.76195e+07 1.76197e+07 1.76198e+07 1.76199e+07 1.76199e+07 1.762e+07 1.762e+07 1.76201e+07 1.76201e+07 1.76201e+07 1.76201e+07 1.76201e+07 1.76201e+07 1.76201e+07 1.76201e+07 1.76201e+07 1.76201e+07 1.76201e+07 1.76202e+07 1.76202e+07 1.76202e+07 1.76202e+07 1.76202e+07 1.76202e+07 1.76202e+07 1.76202e+07 1.76202e+07 1.76202e+07 1.76202e+07 1.76202e+07 1.76202e+07 1.76202e+07 1.76202e+07 1.76202e+07 1.76202e+07 1.76202e+07 1.76202e+07 1.76202e+07 1.76202e+07 1.76202e+07 1.76202e+07 1.76202e+07 1.76202e+07 1.76202e+07 1.76202e+07 1.76202e+07 1.76202e+07 1.76202e+07 1.76202e+07 1.76202e+07 1.76202e+07 1.76202e+07 1.76202e+07 1.76202e+07 1.76202e+07 1.76202e+07 1.76202e+07 1.76202e+07 1.76202e+07 1.76202e+07 1.76202e+07 1.76202e+07 1.76202e+07 1.76202e+07 1.76202e+07 0 0 0 0 0 0 0 0 0 0 0 0 0 0 0 0 0 0 0 0 0 0 0 0 0
#obs survey bio
 3.16068e+06 2.53478e+06 2.83182e+06 2.66437e+06 3.85922e+06 2.52388e+06 1.93258e+06 2.33821e+06 1.34686e+06 2.01747e+06 1.27858e+06 1.20876e+06 1.25118e+06 1.01906e+06 831419 893287 923392 797454 573364 589356 494691 443013 825212 541761 559097 742141 792576 519729 642457 550951 474478 722748 504576 606636 537052 528942 772201 695853 584309 786396 511438 479405 476588 474209 584468 514764 450046 651149 489609 1.06143e+06 872921 628313 639551 464212 368612 485608 366409 399837 561577 536622 442001 622186 399057 580013 450936 486269 473897 604615
#pred catch bio
 94052.5 94214.3 146587 198433 228930 265580 269632 291135 303620 289505 281686 267757 278046 239899 233447 192481 171170 175792 153603 134670 125416 115224 118376 109307 109188 100644 114063 103141 99514.9 102297 88826 96296.4 101235 100686 100045 89350.3 94330.6 85290.8 81897.7 79333.9 91477.1 92753.7 84843.4 96842.2 90004.3 101233 94500.5 94244.6 99882.7 94496.4 156137 133969 131117 102766 76102.6 59213.1 74059.6 88616.5 76903.6 108573 97122.1 77086.6 91797.1 67109.4 107811 72866.3 81037.2 84373 92881.8 104439 106488 109979 114464 118840 122550 125449 127596 129123 130179 130892 131365 131675 131876 132005 132088 132140 132173 132193 132207 132215 132220 132223 132225 132226 132227 132227 132228 132228 132228 132228 132228 132228 132228 132228 132228 132228 132228 132228 132228 132228 132228 132228 132228 132228 132228 132228 132228 132228 132228 132228 132228 132228 132228 132228 132228 132228 132228 132228 132228 132228 132228 132228 132228 132228 132228 132228 132228 132228 132228 132228 132228 132228 132228 132228 132228 132228 132228 132228 132228 132228 132228 132228 132228 132228 132228 132228 132228 132228 132228 132228 132228 132228 132228 132228 132228 132228 132228 132228 0 0 0 0 0 0 0 0 0 0 0 0 0 0 0 0 0 0 0 0 0 0 0 0 0
#obs catch bio
 0 94031.4 147302 200151 230939 269286 274154 296766 311663 296678 289533 274663 286590 246297 241439 198771 174148 178856 156023 137156 127433 117406 119596 110285 110186 100444 114775 104068 100294 103397 89464.1 96673.8 101839 101079 100363 89175.3 94221 84528.4 81098.2 78497.9 90698.6 92139 84558.5 97102.3 90052.5 101336 94484.7 94159.3 100306 93368.2 154288 131474 128920 101920 75912.4 58787.3 73779.3 88467.3 75876.8 107884 96616.4 76429.9 92107.3 66307.1 108283 72449.7 81010 84360.8
#pred cpue bio
 4.21552e+06 3.97959e+06 3.75346e+06 3.49049e+06 3.19934e+06 2.90651e+06 2.60726e+06 2.33656e+06 2.07238e+06 1.82056e+06 1.60519e+06 1.4142e+06 1.24994e+06 1.08087e+06 957835 843158 773386 724572 665130 625801 604900 592341 589645 580411 578249 573403 576398 562812 561015 563054 560748 572648 574027 566074 553738 536137 526692 512116 511480 518542 531173 531420 531759 544368 546485 558579 558645 566793 575966 578123 584252 513937 462844 412808 395114 410238 447167 466740 467399 481155 458584 449383 466153 468005 500056 486558 516156 543224 2.00324e+07 1.23227e+07 1.26578e+07 1.31699e+07 1.38074e+07 1.44335e+07 1.4977e+07 1.54173e+07 1.5759e+07 1.60168e+07 1.6208e+07 1.63482e+07 1.64507e+07 1.65255e+07 1.65803e+07 1.66205e+07 1.66502e+07 1.66722e+07 1.66886e+07 1.6701e+07 1.67103e+07 1.67173e+07 1.67227e+07 1.67267e+07 1.67299e+07 1.67323e+07 1.67341e+07 1.67355e+07 1.67366e+07 1.67374e+07 1.67381e+07 1.67385e+07 1.67389e+07 1.67392e+07 1.67395e+07 1.67396e+07 1.67398e+07 1.67399e+07 1.674e+07 1.674e+07 1.67401e+07 1.67401e+07 1.67401e+07 1.67402e+07 1.67402e+07 1.67402e+07 1.67402e+07 1.67402e+07 1.67402e+07 1.67402e+07 1.67402e+07 1.67402e+07 1.67402e+07 1.67402e+07 1.67402e+07 1.67402e+07 1.67402e+07 1.67402e+07 1.67402e+07 1.67402e+07 1.67402e+07 1.67402e+07 1.67402e+07 1.67402e+07 1.67402e+07 1.67402e+07 1.67402e+07 1.67402e+07 1.67402e+07 1.67402e+07 1.67402e+07 1.67402e+07 1.67402e+07 1.67402e+07 1.67402e+07 1.67402e+07 1.67402e+07 1.67402e+07 1.67402e+07 1.67402e+07 1.67402e+07 1.67402e+07 1.67402e+07 1.67402e+07 1.67402e+07 1.67402e+07 1.67402e+07 1.67402e+07 1.67402e+07 1.67402e+07 1.67402e+07 1.67402e+07 1.67402e+07 1.67402e+07 1.67402e+07 1.67402e+07 1.67402e+07 1.67402e+07 1.67402e+07 1.67402e+07 0 0 0 0 0 0 0 0 0 0 0 0 0 0 0 0 0 0 0 0 0 0 0 0 0
#obs cpue bio
 4.21135e+06 3.65148e+06 2.79538e+06 2.73185e+06 2.67545e+06 2.2714e+06 2.04654e+06 2.21498e+06 1.74431e+06 1.49276e+06 1.38664e+06 1.43591e+06 962847 835062 639329 438044 1.03037e+06 662003 608323 409320 686716 459895 757196 537129 595335 832354 298942 388995 485248 495991 579359 704416 567432 598948 650133 721718 449417 733934 610335 412711 608656 584838 431842 526718 495788 772287 693996 562193 525912 883941 588514 619513 447569 325931 362724 477296 599574 590385 779186 412295 471046 401314 390450 753135 383627 564863 531494 489894
#pred surv len freq
 0.00463876 0.00753013 0.0113356 0.0160497 0.0215864 0.0277059 0.0339761 0.0398656 0.0449318 0.0489618 0.0519733 0.054123 0.055612 0.0566199 0.0572601 0.0575539 0.0574349 0.0567737 0.0554007 0.053107 0.0496488 0.0448103 0.0385511 0.0311752 0.0233744
 0.00504416 0.00808715 0.0119899 0.0166997 0.0221273 0.02809 0.0342475 0.0401348 0.0452986 0.0494328 0.0524315 0.0543715 0.0554664 0.0559985 0.0562292 0.0563125 0.0562472 0.0558767 0.0549207 0.0530216 0.0498137 0.0450361 0.0386907 0.0311729 0.0232587
 0.00518995 0.00837773 0.0125186 0.0175664 0.0233907 0.0297079 0.0360465 0.0418497 0.0466761 0.0503365 0.0528714 0.0544389 0.0552326 0.0554626 0.055349 0.0550845 0.0547663 0.0543287 0.053512 0.0518936 0.0489945 0.0444566 0.0382472 0.0307894 0.0229126
 0.00536294 0.00864559 0.0129028 0.0180931 0.0241036 0.030674 0.0373387 0.0434992 0.0486138 0.0523663 0.0547105 0.055815 0.0559771 0.0555384 0.0548109 0.0540228 0.0532858 0.0525631 0.0516328 0.0500823 0.0473917 0.0431279 0.0371892 0.0299658 0.0222868
 0.00562099 0.0090523 0.0134905 0.0188825 0.0251005 0.0318677 0.0387034 0.0450014 0.0502219 0.0540466 0.0564021 0.0573984 0.0572698 0.0563381 0.0549623 0.0534673 0.0520692 0.0508132 0.0495313 0.0478373 0.0452056 0.0411627 0.0355436 0.0286746 0.0213367
 0.00589348 0.00949001 0.0141393 0.0197815 0.0262744 0.0333153 0.0403849 0.0468357 0.0520998 0.0558574 0.0580562 0.0588308 0.0584223 0.0571324 0.0552906 0.0532148 0.0511601 0.0492542 0.0474285 0.0453816 0.0426343 0.0387109 0.0333995 0.0269502 0.0200618
 0.00615928 0.00992264 0.0147919 0.020705 0.0275094 0.0348777 0.0422494 0.0489257 0.0542931 0.0580053 0.0600093 0.0604621 0.0596412 0.057883 0.0555348 0.0529125 0.0502662 0.0477428 0.045333 0.0428248 0.0398272 0.0359143 0.0308635 0.0248562 0.0184896
 0.00642431 0.0103456 0.015415 0.0215654 0.0286365 0.0362872 0.0439328 0.0508401 0.0563579 0.060107 0.0620123 0.0622249 0.0610345 0.0588058 0.0559208 0.052724 0.0494829 0.0463593 0.0433752 0.0403805 0.037067 0.0330801 0.0282193 0.0226204 0.0167811
 0.00666843 0.0107476 0.0160293 0.022446 0.0298265 0.0378022 0.0457445 0.0528713 0.0584944 0.0622192 0.0639745 0.0639232 0.0623686 0.05969 0.056287 0.052525 0.0486935 0.0449773 0.0414308 0.0379553 0.0343133 0.0302211 0.0255132 0.020297 0.0149808
 0.00693902 0.0111817 0.0166729 0.0233412 0.0310069 0.0392849 0.0475161 0.0548768 0.0606345 0.0643606 0.0659688 0.0656292 0.0636712 0.0605088 0.0565744 0.0522565 0.0478594 0.043583 0.039507 0.0355774 0.0316207 0.0274194 0.0228457 0.0179883 0.0131757
 0.00721706 0.0116237 0.0173202 0.0242265 0.032151 0.0406895 0.0491553 0.0566919 0.0625385 0.0662488 0.0677302 0.0671546 0.0648598 0.0612766 0.0568608 0.0520267 0.0471016 0.0423054 0.037742 0.0333953 0.0291468 0.0248378 0.0203767 0.0158389 0.0114844
 0.00747408 0.012041 0.0179469 0.0251075 0.0333178 0.042146 0.0508632 0.0585662 0.0644591 0.0680844 0.0693606 0.0684838 0.0658188 0.0618194 0.0569592 0.051666 0.0462784 0.0410297 0.0360445 0.0313406 0.0268465 0.0224544 0.0181045 0.0138616 0.0099259
 0.0076812 0.0123802 0.0184626 0.0258442 0.0343128 0.043417 0.0523934 0.0602944 0.0662821 0.0698712 0.0709733 0.0697992 0.0667451 0.062305 0.0569892 0.0512505 0.0454403 0.039798 0.0344585 0.0294617 0.0247729 0.0203255 0.016086 0.0121097 0.00854598
 0.00805575 0.0129657 0.0193004 0.0269582 0.0357071 0.0450722 0.0542587 0.0622814 0.0682683 0.0717147 0.0725329 0.0709542 0.0674113 0.0624441 0.0566094 0.0503965 0.0441775 0.0381982 0.0325936 0.0274098 0.0226299 0.0182121 0.0141384 0.0104522 0.00725744
 0.00821097 0.0132372 0.0197438 0.0276353 0.03667 0.0463392 0.0557934 0.0639893 0.0700166 0.0733631 0.0739586 0.072062 0.0681333 0.0627378 0.0564589 0.0498144 0.0432031 0.0368916 0.0310292 0.0256728 0.0208179 0.0164359 0.0125132 0.00907793 0.00619446
 0.00826601 0.0133516 0.0199636 0.0280225 0.0372927 0.0472519 0.0570141 0.065482 0.0716862 0.0750662 0.0755272 0.0733371 0.068996 0.0631272 0.0563703 0.0492843 0.0422917 0.0356719 0.0295817 0.0240853 0.0191864 0.014862 0.0110955 0.00789577 0.00529063
 0.00832421 0.0134189 0.0200174 0.0280324 0.0372391 0.0471506 0.0569311 0.0655241 0.0719648 0.0756495 0.0764063 0.0744206 0.0701345 0.0641545 0.0571437 0.0497117 0.0423393 0.0353565 0.0289576 0.0232314 0.0181969 0.0138379 0.0101332 0.0070726 0.00465145
 0.00840421 0.0135376 0.020173 0.0282111 0.0374137 0.0472827 0.0569803 0.0654662 0.0718143 0.075473 0.0763097 0.0745082 0.0704598 0.0646897 0.0577861 0.0503205 0.0427832 0.0355487 0.0288699 0.0228902 0.0176684 0.0132101 0.00949704 0.00650397 0.00419821
 0.00860418 0.0138522 0.0206258 0.0288136 0.0381589 0.0481368 0.0578755 0.0663021 0.0724758 0.0758625 0.0763817 0.0742891 0.0700411 0.0641935 0.0573174 0.0499295 0.0424562 0.0352304 0.0284997 0.0224337 0.0171309 0.0126316 0.00893469 0.00601187 0.00381114
 0.00869889 0.0140006 0.0208389 0.0290989 0.0385199 0.0485718 0.0583738 0.0668392 0.0730103 0.0763373 0.076733 0.0744633 0.0700139 0.0639832 0.0569809 0.0495404 0.0420739 0.0348789 0.0281681 0.0220951 0.0167669 0.0122468 0.00855532 0.00567227 0.00353833
 0.008777 0.0141075 0.0209631 0.0292185 0.0386103 0.0486177 0.0583791 0.0668276 0.0730165 0.0763926 0.0768513 0.0746335 0.0702019 0.0641447 0.0570795 0.0495615 0.0420265 0.0347837 0.028042 0.0219438 0.0165895 0.012046 0.0083443 0.00547221 0.00336966
 0.00863462 0.0139137 0.0207399 0.0290067 0.0384543 0.048544 0.058382 0.0668741 0.0730686 0.0764319 0.0768891 0.0747 0.0703245 0.0643284 0.0573029 0.0497871 0.042218 0.0349188 0.0281143 0.0219576 0.0165535 0.0119713 0.00824536 0.00536623 0.0032731
 0.00853176 0.0137318 0.020442 0.0285577 0.0378388 0.0477893 0.0575703 0.0661294 0.072516 0.076152 0.0768953 0.0749503 0.0707534 0.0648734 0.0579125 0.0504161 0.0428223 0.0354576 0.0285575 0.0222907 0.016778 0.0121012 0.00830216 0.00537456 0.00325603
 0.00854454 0.013746 0.0204494 0.0285418 0.0377734 0.0476406 0.057306 0.0657348 0.0720128 0.0756066 0.0764055 0.0746124 0.0706264 0.0649627 0.0581787 0.050798 0.0432573 0.0358922 0.0289503 0.0226139 0.0170183 0.0122597 0.00839129 0.00541325 0.00326414
 0.00850082 0.0136759 0.0203458 0.0283983 0.0375851 0.0474048 0.0570228 0.0654071 0.0716475 0.0752177 0.0760207 0.0742769 0.0703978 0.0648939 0.0582965 0.0510908 0.0436789 0.0363777 0.0294353 0.0230476 0.0173696 0.0125178 0.00856204 0.00551353 0.00331509
 0.00866644 0.0139035 0.0206113 0.0286532 0.0377699 0.0474701 0.0569464 0.0651982 0.0713364 0.0748417 0.0756143 0.0738707 0.0700228 0.064585 0.0580903 0.0510154 0.0437417 0.0365594 0.0296941 0.0233328 0.0176359 0.0127353 0.00871926 0.00561415 0.00337169
 0.00867557 0.0139329 0.02068 0.0287815 0.037966 0.0477144 0.057184 0.065351 0.0713344 0.0746561 0.0752715 0.0734388 0.0695818 0.064201 0.0578052 0.0508492 0.0436987 0.0366297 0.0298537 0.0235456 0.0178617 0.0129394 0.00888051 0.00572645 0.00344081
 0.00868609 0.013967 0.0207632 0.0289492 0.0382562 0.0481526 0.0577666 0.066033 0.0720278 0.0752444 0.075639 0.0735071 0.0693378 0.0637006 0.0571511 0.0501562 0.0430626 0.0361123 0.0294801 0.0233103 0.0177383 0.0128922 0.00887514 0.00573741 0.00345355
 0.0086041 0.0138357 0.0205712 0.0286924 0.0379447 0.047819 0.0574689 0.0658454 0.0720178 0.0754426 0.0760193 0.073989 0.0698118 0.0640673 0.0573542 0.0501956 0.042984 0.0359812 0.0293552 0.0232273 0.0177065 0.0129014 0.00890689 0.00577417 0.0034843
 0.0085165 0.0136967 0.0203682 0.0284161 0.037591 0.0473932 0.0569918 0.0653587 0.0715843 0.075137 0.075909 0.0741098 0.0701497 0.0645564 0.0578969 0.0506969 0.043382 0.0362597 0.0295351 0.0233451 0.0177945 0.0129776 0.00897512 0.00583148 0.00352735
 0.00841574 0.0135476 0.0201709 0.0281794 0.0373286 0.0471177 0.0567116 0.0650791 0.0713127 0.0748899 0.075715 0.074007 0.0701744 0.0647266 0.0581989 0.051084 0.0437895 0.0366283 0.0298299 0.0235604 0.0179446 0.0130827 0.00905119 0.00588722 0.00356677
 0.0082284 0.0132476 0.0197295 0.0275769 0.0365631 0.0462161 0.0557372 0.064128 0.0704934 0.0742953 0.0754017 0.0739906 0.0704384 0.0652338 0.0588984 0.0519127 0.0446739 0.0374919 0.0306068 0.0242076 0.0184476 0.0134503 0.00930565 0.00605448 0.0036707
 0.00803394 0.0129586 0.019344 0.0271084 0.0360332 0.0456449 0.0551393 0.0635177 0.0698961 0.0737545 0.0749759 0.0737389 0.0704026 0.065427 0.0593034 0.0524881 0.0453623 0.0382277 0.0313243 0.024851 0.01898 0.013858 0.00959543 0.00624604 0.00378851
 0.00776916 0.0125634 0.0188158 0.0264701 0.0353297 0.0449332 0.0544791 0.0629617 0.0694797 0.0734891 0.0748509 0.0737354 0.0705087 0.0656447 0.0596415 0.0529485 0.0459292 0.038865 0.0319816 0.0254745 0.0195244 0.0142954 0.00991854 0.00646543 0.00392532
 0.00774132 0.0124837 0.0186342 0.0261243 0.0347671 0.0441433 0.0535175 0.0619472 0.0685601 0.0727923 0.0744483 0.0736326 0.0706627 0.0659923 0.0601243 0.0535244 0.0465698 0.039545 0.0326695 0.0261315 0.0201105 0.0147797 0.0102871 0.00672239 0.00408894
 0.00840639 0.0134252 0.0197898 0.0273409 0.0358347 0.0448565 0.0537327 0.0616154 0.0677326 0.0716074 0.0731 0.0723242 0.0695562 0.0651759 0.0596114 0.0532779 0.046533 0.0396623 0.0328923 0.0264154 0.0204132 0.0150634 0.0105243 0.00690026 0.00420868
 0.00884929 0.0141485 0.0208755 0.0288435 0.0377415 0.0470397 0.0559253 0.0634481 0.0688407 0.0717624 0.0722931 0.070757 0.0675545 0.0630786 0.0576846 0.0516776 0.045311 0.0387982 0.0323289 0.0260847 0.0202494 0.0150081 0.0105291 0.00692973 0.00424091
 0.008899 0.0142836 0.0211809 0.0294359 0.0387444 0.0485377 0.0579108 0.0657829 0.0712518 0.0738832 0.0737483 0.0712723 0.0670476 0.0616857 0.055706 0.0494705 0.0431857 0.0369583 0.0308641 0.0249982 0.0194939 0.0145156 0.0102296 0.00676087 0.00415331
 0.00876458 0.0140778 0.0208996 0.0290969 0.0383996 0.0482828 0.0578831 0.0661323 0.0720841 0.0751934 0.0753824 0.0729462 0.0684262 0.0624928 0.0558156 0.0489386 0.0422104 0.0357938 0.0297354 0.0240493 0.0187815 0.0140307 0.00992831 0.0065898 0.00406481
 0.00870394 0.0139677 0.0207134 0.0288048 0.0379791 0.0477363 0.0572559 0.0655222 0.0716323 0.075054 0.0756728 0.0736931 0.0695314 0.0637435 0.0569474 0.0497274 0.0425487 0.0357141 0.0293722 0.02357 0.018323 0.0136696 0.0096837 0.00644469 0.00398895
 0.00873348 0.0139977 0.0207242 0.0287644 0.0378485 0.04748 0.0568548 0.0649863 0.0710099 0.074435 0.0751803 0.0734571 0.0696465 0.0642247 0.0577078 0.0505973 0.0433345 0.0362691 0.0296438 0.0235992 0.0182048 0.0135018 0.00953301 0.00633872 0.00392718
 0.00892246 0.0142879 0.0211278 0.0292766 0.0384435 0.0481079 0.0574405 0.0654373 0.0712367 0.0743802 0.0748441 0.0729063 0.0690012 0.063624 0.0572637 0.0503555 0.0432611 0.0362748 0.0296318 0.023511 0.0180377 0.0132942 0.00933318 0.00618025 0.00382039
 0.00904873 0.0144936 0.0214374 0.029711 0.0390132 0.0488025 0.0582185 0.0662231 0.0719303 0.074877 0.0750604 0.072802 0.0685945 0.0629915 0.0565229 0.0496297 0.0426413 0.0357952 0.0292732 0.0232273 0.017789 0.013065 0.00913033 0.00601748 0.00370486
 0.00890248 0.0142893 0.0211926 0.0294656 0.0388215 0.0487184 0.0582814 0.0664483 0.0723043 0.075357 0.0755775 0.0732729 0.0689409 0.0631627 0.0565117 0.0494739 0.042407 0.0355495 0.0290598 0.0230585 0.0176547 0.0129507 0.00902918 0.00593138 0.00363851
 0.00879842 0.0141359 0.0209924 0.029235 0.0385909 0.0485302 0.0581844 0.0664882 0.0725096 0.0757243 0.0760655 0.0738087 0.0694382 0.0635436 0.0567254 0.0495077 0.0422866 0.0353279 0.0287974 0.0228043 0.0174361 0.0127755 0.00889434 0.00583138 0.00356821
 0.00872552 0.0140055 0.0207757 0.0289015 0.0381205 0.0479298 0.0575027 0.065815 0.0719575 0.0753977 0.0760302 0.0740742 0.0699555 0.0642192 0.057446 0.0501693 0.0428182 0.0357018 0.0290251 0.0229205 0.0174808 0.0127813 0.00888232 0.00581339 0.00355052
 0.00876184 0.0140653 0.0208653 0.0290224 0.0382635 0.048069 0.0575954 0.0658132 0.0718295 0.0751499 0.0757141 0.0737706 0.0697438 0.0641467 0.0575132 0.0503345 0.0430184 0.0358778 0.0291407 0.0229678 0.0174738 0.0127431 0.00883421 0.00576922 0.00351646
 0.00866673 0.0139249 0.0206808 0.0288053 0.0380335 0.0478495 0.0574072 0.0656691 0.0717298 0.0750825 0.0756624 0.0737267 0.069719 0.0641697 0.0576143 0.0505257 0.0432827 0.0361744 0.0294214 0.0231957 0.0176331 0.0128382 0.00888138 0.00578687 0.00351942
 0.00839139 0.013521 0.0201547 0.0281924 0.0373902 0.0472383 0.0568844 0.0652789 0.0715013 0.0750262 0.0757673 0.0739621 0.0700441 0.0645468 0.0580188 0.0509472 0.0437158 0.0366075 0.0298323 0.0235572 0.0179234 0.0130491 0.00901936 0.00586801 0.00356219
 0.00823848 0.0132697 0.0197737 0.0276576 0.0366972 0.0464185 0.0560149 0.0644731 0.0708788 0.0746741 0.0757149 0.0741813 0.0704691 0.0651 0.0586307 0.0515668 0.0443117 0.037162 0.0303335 0.0239927 0.0182814 0.0133231 0.00921195 0.00599129 0.00363366
 0.00819024 0.0131741 0.0195978 0.0273587 0.0362321 0.0457596 0.0551689 0.0634936 0.0698663 0.0737607 0.0750353 0.0738379 0.0705033 0.0654831 0.0592793 0.0523726 0.0451717 0.0379968 0.0310912 0.0246437 0.0188119 0.0137305 0.00950421 0.00618503 0.00375132
 0.00887322 0.0142326 0.0210897 0.029292 0.0385507 0.0483294 0.0577685 0.0658286 0.0716221 0.0746836 0.075004 0.0728942 0.0688317 0.063353 0.0569736 0.0501283 0.0431492 0.0362788 0.0297005 0.0235661 0.0180124 0.0131645 0.00912351 0.00594306 0.00360684
 0.00925369 0.0148556 0.0220339 0.0306285 0.040322 0.0505182 0.0602664 0.0684265 0.0740363 0.0766106 0.0761847 0.0731687 0.0681731 0.0618731 0.0548958 0.0477334 0.0407112 0.0340153 0.0277487 0.0219856 0.0168037 0.0122901 0.00852659 0.00556033 0.00337777
 0.0095384 0.0153222 0.0227439 0.0316431 0.0416919 0.0522645 0.0623562 0.0707543 0.0764221 0.0788177 0.0779544 0.0742658 0.0684357 0.0612521 0.0534705 0.0456958 0.0383229 0.03155 0.0254401 0.0199941 0.0152073 0.0110962 0.00769282 0.00501781 0.00305022
 0.00931326 0.0150013 0.0223471 0.0312241 0.0413325 0.0520611 0.0624044 0.0711337 0.0771779 0.0799393 0.0793575 0.0757911 0.0698713 0.0623782 0.0541139 0.0457755 0.0378698 0.030692 0.0243598 0.0188763 0.0141971 0.0102777 0.00709061 0.00461311 0.00280134
 0.00893406 0.0143786 0.0214034 0.0298972 0.0396056 0.0500033 0.0602002 0.0690747 0.0756015 0.0791364 0.0794914 0.0768566 0.0717006 0.0646825 0.0565485 0.0480151 0.0396757 0.0319525 0.0250906 0.0191856 0.0142321 0.0101762 0.0069517 0.00449104 0.00271495
 0.00871716 0.0139871 0.0207419 0.0288524 0.038073 0.0479323 0.057644 0.066219 0.072756 0.0766861 0.077819 0.0762525 0.0722843 0.0663645 0.0590495 0.0509394 0.0426109 0.0345623 0.0271734 0.0206859 0.0152096 0.0107531 0.00726096 0.0046424 0.00278326
 0.00876507 0.0140551 0.0208214 0.0289168 0.0380682 0.047771 0.057212 0.0654038 0.0714974 0.0750307 0.0759479 0.0744596 0.0709042 0.0656745 0.0591836 0.0518472 0.0440784 0.0362853 0.0288517 0.0221015 0.0162623 0.0114485 0.00767064 0.00485804 0.00288486
 0.00897565 0.0143816 0.0212821 0.0295149 0.0387869 0.0485661 0.0580032 0.0660698 0.0718862 0.0749917 0.0753808 0.0733665 0.0694195 0.0640504 0.0577245 0.0508144 0.043607 0.0363504 0.0292993 0.022722 0.0168696 0.0119297 0.00799202 0.00504147 0.00297433
 0.00899324 0.0144112 0.0213289 0.0295851 0.0388878 0.0487043 0.0581815 0.0662821 0.0721106 0.0751837 0.0754735 0.0732836 0.069104 0.0635013 0.0570206 0.0501043 0.0430594 0.036088 0.0293505 0.0230182 0.0172866 0.0123444 0.00832499 0.00526683 0.00310531
 0.00928086 0.0148754 0.0220193 0.0305402 0.0401208 0.0501841 0.0598157 0.0679178 0.0735601 0.0762666 0.0760545 0.0732917 0.0685358 0.0624158 0.0555338 0.0483822 0.0413001 0.0344873 0.0280566 0.0220974 0.016717 0.0120437 0.00819263 0.00521944 0.00309115
 0.0092564 0.0148616 0.0220477 0.0306597 0.0403894 0.0506527 0.0605097 0.0688222 0.0746126 0.0773608 0.0770538 0.0740549 0.0689468 0.0624088 0.0551073 0.0475985 0.0402756 0.0333704 0.0269978 0.0212139 0.016068 0.0116256 0.00795787 0.00510512 0.0030428
 0.00896826 0.0144106 0.0214047 0.0298177 0.0393751 0.049539 0.0594227 0.0679296 0.074087 0.0773267 0.077545 0.0749989 0.0701836 0.0637333 0.0563205 0.048553 0.0409025 0.033683 0.0270715 0.021152 0.0159648 0.0115422 0.00791588 0.00509831 0.0030542
 0.00915974 0.0146655 0.0216835 0.0300475 0.0394682 0.0494247 0.0590765 0.0673872 0.0734383 0.0766962 0.0770622 0.0747662 0.0702464 0.0640638 0.0568251 0.0491024 0.0413734 0.0339949 0.0272043 0.0211394 0.0158694 0.0114258 0.00781948 0.00503663 0.00302322
 0.00906813 0.0145218 0.0214746 0.0297591 0.0390805 0.0489107 0.058409 0.0665569 0.0724782 0.0756981 0.0761712 0.0741469 0.0700321 0.0643125 0.0574989 0.0500791 0.0424839 0.0350711 0.028121 0.021836 0.0163472 0.0117263 0.00799695 0.00513835 0.00308136
 0.00959852 0.0153223 0.0225632 0.0311073 0.0406166 0.0505271 0.0599661 0.0678867 0.073401 0.0760586 0.0758851 0.0732381 0.0686418 0.0626675 0.0558491 0.048628 0.0413415 0.0342482 0.0275586 0.021451 0.0160695 0.0115146 0.00783481 0.00502089 0.00300408
 0.00951757 0.01522 0.0224626 0.0310465 0.0406363 0.0506526 0.0601936 0.0681836 0.073718 0.0763442 0.0760934 0.0733309 0.068593 0.0624759 0.0555504 0.0482915 0.0410473 0.0340542 0.0274799 0.0214623 0.0161262 0.0115769 0.00788098 0.00504677 0.00301515
 0.0091221 0.0146567 0.0217637 0.0302961 0.0399513 0.0501489 0.0599547 0.0682433 0.0740574 0.0768985 0.076766 0.0740143 0.0691919 0.0629259 0.0558268 0.0484096 0.0410536 0.0340097 0.0274383 0.0214533 0.0161518 0.0116217 0.00792643 0.0050814 0.00303642
#obs surv len freq
 nan nan nan nan nan nan nan nan nan nan nan nan nan nan nan nan nan nan nan nan nan nan nan nan nan
 0.00448338 0.00734429 0.0111741 0.0159907 0.0216922 0.0279688 0.034284 0.0400161 0.044696 0.0481597 0.0505171 0.0520122 0.0529036 0.0534153 0.053729 0.0539835 0.0542617 0.0545542 0.0546928 0.0542847 0.0527227 0.0493549 0.0438048 0.0362851 0.027669
 0.0046107 0.00755416 0.0114949 0.0164497 0.0223087 0.0287439 0.0351904 0.0409951 0.0456662 0.0490328 0.0512148 0.0524783 0.0531093 0.0533591 0.0534329 0.0534849 0.0536047 0.0537818 0.0538444 0.0533976 0.051836 0.048512 0.0430506 0.0356576 0.0271894
 0.00478205 0.00783139 0.0119099 0.0170315 0.023079 0.0297084 0.0363289 0.0422564 0.0469711 0.0502852 0.0523153 0.0533364 0.0536541 0.0535481 0.0532557 0.0529621 0.0527805 0.0527158 0.052603 0.0520514 0.0504605 0.0471877 0.0418574 0.0346614 0.0264266
 0.00497565 0.00815004 0.0123965 0.0177279 0.024017 0.0308962 0.0377379 0.0438178 0.0485862 0.0518448 0.0537155 0.0544857 0.0544747 0.053978 0.0532537 0.052514 0.0519035 0.0514576 0.0510386 0.0502782 0.0485945 0.0453573 0.0401895 0.0332597 0.0253494
 0.00518202 0.00848841 0.0129113 0.0184633 0.0250088 0.0321596 0.0392533 0.0455241 0.0503872 0.0536253 0.0553585 0.0558843 0.0555387 0.0546348 0.053449 0.0522129 0.0510957 0.050164 0.0493188 0.0482343 0.0463692 0.043122 0.0381202 0.0315031 0.023991
 0.00540868 0.00885861 0.0134718 0.0192591 0.0260752 0.0335092 0.0408629 0.0473289 0.0522898 0.0555125 0.0571178 0.0574123 0.0567441 0.0554393 0.0537877 0.0520366 0.0503738 0.048894 0.0475381 0.0460338 0.0438993 0.0405823 0.0357281 0.0294477 0.0223884
 0.00564105 0.00924134 0.0140571 0.0200984 0.0272096 0.0349529 0.0425874 0.049258 0.0543113 0.0575008 0.0589544 0.0589963 0.0579929 0.0562848 0.0541722 0.0519102 0.0496973 0.0476475 0.045738 0.0437534 0.0412833 0.0378415 0.0331069 0.0271683 0.0205953
 0.00589169 0.00964884 0.0146707 0.0209648 0.0283647 0.0364096 0.0443205 0.0511981 0.0563523 0.0595182 0.0608247 0.0606106 0.0592628 0.0571425 0.0545664 0.0517995 0.0490469 0.046434 0.0439657 0.0414788 0.0386371 0.035031 0.0303856 0.0247769 0.0186979
 0.00612743 0.0100378 0.0152665 0.0218205 0.0295219 0.0378812 0.0460747 0.0531534 0.0583915 0.0615128 0.0626555 0.0621783 0.0604882 0.057964 0.0549363 0.05168 0.0484074 0.0452533 0.042245 0.0392646 0.0360459 0.0322575 0.0276777 0.022378 0.0167808
 0.00638991 0.0104638 0.0159066 0.0227216 0.0307189 0.0393835 0.0478509 0.0551253 0.0604428 0.0635098 0.0644698 0.0637016 0.0616398 0.0586896 0.0552023 0.0514648 0.0476948 0.0440324 0.0405209 0.0370805 0.0335079 0.0295456 0.0250258 0.0200212 0.0148898
 0.00661565 0.0108403 0.0164903 0.02357 0.0318777 0.0408667 0.0496221 0.0570934 0.0624778 0.0654709 0.0662295 0.0651583 0.0627189 0.0593414 0.0553975 0.0511894 0.0469435 0.0428066 0.038835 0.0349798 0.031091 0.0269765 0.0225182 0.0177917 0.013098
 0.00684838 0.0112202 0.0170653 0.0243867 0.032973 0.0422545 0.0512783 0.0589473 0.0644186 0.0673656 0.0679446 0.0665775 0.0637551 0.0599404 0.0555343 0.0508601 0.046156 0.0415762 0.0371882 0.032968 0.0288095 0.0245751 0.0201887 0.0157274 0.0114411
 0.00707148 0.0115849 0.0176177 0.0251701 0.0340193 0.0435701 0.0528301 0.0606598 0.066185 0.0690685 0.0694744 0.0678414 0.0646795 0.0604722 0.0556417 0.0505317 0.0453979 0.0404078 0.0356433 0.0311032 0.0267179 0.0223937 0.0180871 0.0138738 0.00995758
 0.00727725 0.011924 0.0181363 0.0259131 0.0350206 0.0448367 0.0543275 0.0623072 0.0678683 0.0706639 0.0708708 0.068953 0.0654488 0.0608658 0.0556453 0.0501447 0.0446298 0.0392787 0.0341874 0.0293768 0.024809 0.0204262 0.0162096 0.0122301 0.00864906
 0.00742749 0.012174 0.0185232 0.0264757 0.0357915 0.0458309 0.0555287 0.0636625 0.0692935 0.0720579 0.0721319 0.069992 0.0661971 0.0612799 0.0557054 0.0498498 0.0439924 0.0383208 0.032943 0.0278986 0.0231766 0.0187486 0.0146147 0.0108388 0.00754512
 0.0075347 0.0123457 0.0187775 0.0268295 0.0362597 0.0464241 0.056249 0.0644988 0.0702186 0.0730288 0.0730915 0.0708739 0.0669325 0.0618058 0.0559727 0.0498279 0.0436702 0.0377054 0.0320595 0.0267927 0.0219188 0.0174338 0.0133524 0.00973186 0.0066644
 0.00762479 0.0124878 0.0189833 0.027107 0.0366122 0.0468489 0.0567363 0.0650327 0.0707809 0.0736031 0.0736637 0.0714274 0.0674418 0.0622338 0.0562731 0.0499534 0.0435823 0.0373827 0.031503 0.0260297 0.0210042 0.0164472 0.012387 0.0088754 0.00597819
 0.00767247 0.012561 0.0190855 0.0272391 0.0367731 0.0470368 0.0569493 0.0652689 0.0710391 0.0738827 0.073965 0.0717499 0.0677798 0.0625719 0.0565826 0.0501937 0.0437064 0.0373481 0.0312836 0.0256252 0.0204453 0.0157931 0.0117141 0.00825916 0.00547426
 0.00772232 0.0126367 0.0191894 0.0273696 0.0369248 0.0472016 0.0571176 0.0654311 0.0711882 0.0740175 0.0740908 0.0718765 0.0679175 0.0627253 0.0567465 0.0503495 0.0438229 0.037387 0.0312096 0.0254186 0.0201121 0.0153676 0.0112514 0.00781973 0.005106
 0.00777671 0.0127177 0.0192975 0.0274999 0.0370685 0.0473478 0.0572551 0.0655501 0.0712816 0.0740828 0.0741316 0.071902 0.0679403 0.0627576 0.0567954 0.0504128 0.0438867 0.0374264 0.0311945 0.0253238 0.0199281 0.0151077 0.0109496 0.00751965 0.00484625
 0.00784041 0.0128167 0.0194374 0.0276817 0.0372871 0.0475903 0.0575008 0.0657724 0.071454 0.074187 0.0741625 0.0718681 0.06786 0.062653 0.0566873 0.0503158 0.0438057 0.0373546 0.0311154 0.0252173 0.0197799 0.0149176 0.0107335 0.00730397 0.00465744
 0.0078522 0.0128356 0.0194655 0.0277209 0.037339 0.0476558 0.0575793 0.0658605 0.0715456 0.0742734 0.074234 0.0719171 0.0678829 0.0626524 0.0566702 0.0502914 0.0437812 0.0373316 0.0310879 0.0251743 0.0197106 0.0148179 0.0106102 0.00717302 0.00453727
 0.00786497 0.0128507 0.0194779 0.0277231 0.0373236 0.0476198 0.0575269 0.0658037 0.0714996 0.0742516 0.0742433 0.0719561 0.0679434 0.0627228 0.0567399 0.0503535 0.0438329 0.0373719 0.0311152 0.0251842 0.0196978 0.0147797 0.0105502 0.00710112 0.00446616
 0.00788597 0.0128822 0.0195199 0.027773 0.0373756 0.0476653 0.0575555 0.065806 0.0714715 0.0741977 0.0741767 0.0718942 0.0679012 0.0627074 0.0567495 0.0503802 0.0438668 0.0374045 0.0311402 0.0251971 0.0196951 0.0147601 0.0105156 0.00705743 0.00442144
 0.00790535 0.0129101 0.0195552 0.0278123 0.0374141 0.0476977 0.0575773 0.0658137 0.0714624 0.0741701 0.074132 0.071838 0.0678432 0.0626593 0.0567208 0.0503747 0.0438816 0.037432 0.031171 0.0252227 0.0197096 0.0147608 0.0105033 0.00703612 0.00439674
 0.00790514 0.012909 0.019552 0.0278053 0.0374013 0.0476773 0.0575485 0.0657771 0.0714204 0.0741266 0.0740917 0.0718048 0.0678204 0.0626493 0.0567257 0.050396 0.0439187 0.0374815 0.0312262 0.0252755 0.0197527 0.0147897 0.0105172 0.00703757 0.00439042
 0.00789462 0.0128912 0.0195241 0.0277643 0.0373452 0.0476064 0.0574665 0.0656908 0.0713387 0.0740581 0.074043 0.0717797 0.0678198 0.0626719 0.0567685 0.0504552 0.0439903 0.0375609 0.0313079 0.0253532 0.01982 0.0148418 0.0105523 0.00705722 0.00439851
 0.00786888 0.0128473 0.0194545 0.0276614 0.0372037 0.047427 0.0572591 0.0654746 0.0711384 0.073898 0.0739409 0.0717446 0.0678508 0.0627607 0.0569019 0.0506179 0.0441677 0.0377403 0.0314789 0.0255072 0.0199506 0.0149449 0.0106272 0.00710647 0.00442734
 0.00787295 0.0128486 0.0194464 0.0276342 0.0371464 0.0473311 0.0571221 0.0653025 0.0709452 0.0737041 0.0737694 0.0716169 0.0677826 0.0627586 0.0569628 0.0507306 0.0443164 0.0379076 0.0316488 0.0256666 0.0200896 0.0150576 0.0107116 0.00716424 0.00446315
 0.00786523 0.0128362 0.0194279 0.0276074 0.0371084 0.0472775 0.0570476 0.0652027 0.0708194 0.0735578 0.0736152 0.0714735 0.0676703 0.0626946 0.0569571 0.050784 0.0444205 0.0380476 0.0318069 0.0258253 0.0202347 0.0151793 0.0108052 0.00723024 0.00450544
 0.00783367 0.0127837 0.019347 0.0274915 0.0369537 0.0470869 0.0568326 0.0649827 0.0706164 0.0733899 0.0734935 0.0714014 0.0676481 0.0627217 0.0570332 0.0509076 0.044586 0.0382445 0.0320199 0.0260369 0.0204284 0.0153429 0.0109325 0.007321 0.00456452
 0.00780636 0.0127385 0.0192773 0.0273908 0.0368166 0.0469118 0.0566242 0.0647533 0.0703854 0.0731803 0.0733269 0.071294 0.0676074 0.062747 0.0571179 0.0510422 0.0447605 0.0384476 0.0322385 0.026256 0.0206325 0.0155187 0.011072 0.00742242 0.00463171
 0.00776377 0.0126669 0.0191658 0.0272281 0.0365951 0.0466319 0.0562983 0.0644067 0.0700512 0.0728924 0.0731131 0.0711723 0.0675853 0.0628219 0.0572785 0.0512709 0.0450366 0.03875 0.0325473 0.0265529 0.0209013 0.0157467 0.0112516 0.00755295 0.00471852
 0.00772606 0.0126076 0.01908 0.0271121 0.0364459 0.0464477 0.0560801 0.0641599 0.0697881 0.0726321 0.0728797 0.0709913 0.0674781 0.0628016 0.0573477 0.051422 0.0452537 0.0390123 0.0328316 0.0268366 0.0211643 0.0159736 0.011433 0.00768651 0.00480846
 0.00933927 0.0148648 0.021802 0.0299072 0.0388242 0.0480025 0.056632 0.0637824 0.0687218 0.0711614 0.0712437 0.069354 0.0659389 0.0614177 0.0561505 0.0504253 0.0444568 0.0384026 0.0323876 0.0265312 0.0209681 0.0158577 0.0113716 0.00765847 0.00479836
 0.00931116 0.0151187 0.0227122 0.0319386 0.0423298 0.0529502 0.0624308 0.0693796 0.072978 0.0733 0.0711073 0.0673437 0.0627367 0.0576948 0.0524024 0.0469461 0.0413888 0.0357968 0.0302465 0.0248309 0.0196687 0.0149082 0.0107134 0.00722923 0.00453738
 0.00896307 0.0145686 0.0219362 0.0309832 0.0413679 0.0523198 0.0625963 0.0707669 0.075722 0.077056 0.0750922 0.0706346 0.0646572 0.0580496 0.0514477 0.0451737 0.0392931 0.0337393 0.0284314 0.0233417 0.0185154 0.0140622 0.0101272 0.00684803 0.00430645
 0.00878235 0.0142685 0.0214734 0.0303158 0.0404715 0.0512175 0.0613986 0.0697017 0.0751192 0.0772583 0.0763009 0.0727608 0.0672854 0.0605715 0.0533096 0.04609 0.0393041 0.0331119 0.0274964 0.0223691 0.0176671 0.0134033 0.00965967 0.00654199 0.00412147
 0.00869664 0.0141206 0.0212344 0.0299524 0.0399518 0.0505221 0.0605357 0.0687213 0.0741264 0.0764183 0.0758253 0.0728565 0.068065 0.0619663 0.0550484 0.0477841 0.0406027 0.0338356 0.0276719 0.0221639 0.0172847 0.0130031 0.00932954 0.00630842 0.00397494
 0.00867777 0.0140866 0.0211762 0.0298572 0.0398026 0.0502988 0.0602183 0.0682961 0.0735949 0.0758101 0.0752103 0.072349 0.0678069 0.0620824 0.055584 0.0486587 0.0416204 0.0347584 0.0283189 0.0224749 0.0173152 0.0128684 0.00914148 0.0061392 0.00385331
 0.00869604 0.0141113 0.0212039 0.0298806 0.0398113 0.0502805 0.0601597 0.0681831 0.0734139 0.0755515 0.0748759 0.0719631 0.0674254 0.0617899 0.0554731 0.0487907 0.0419869 0.0352711 0.0288416 0.0228831 0.0175467 0.0129343 0.00909957 0.00605477 0.0037719
 0.00868351 0.014097 0.0211932 0.0298813 0.0398302 0.0503189 0.0602093 0.0682268 0.0734295 0.075518 0.0747789 0.0717988 0.0672047 0.0615435 0.0552512 0.0486535 0.0419819 0.0354079 0.0290805 0.02315 0.0177678 0.0130681 0.00914627 0.00604303 0.0037361
 0.00865697 0.0140559 0.0211355 0.0298078 0.0397455 0.0502322 0.060134 0.0681768 0.0734136 0.075534 0.0748122 0.0718268 0.0672058 0.061507 0.0551838 0.0485805 0.0419393 0.0354268 0.0291706 0.0232924 0.0179232 0.013197 0.00922704 0.00607678 0.00373847
 0.00862917 0.0140118 0.0210715 0.0297216 0.0396373 0.0501059 0.0599986 0.0680469 0.0733066 0.0754663 0.0747931 0.0718545 0.0672676 0.0615825 0.0552539 0.0486355 0.0419835 0.0354752 0.0292391 0.0233862 0.0180323 0.0133016 0.00930897 0.00612794 0.00376237
 0.00863357 0.0140144 0.0210669 0.0297021 0.0395949 0.0500356 0.0599016 0.0679308 0.0731849 0.0753543 0.0747056 0.071803 0.0672568 0.0616095 0.0553086 0.048704 0.0420544 0.0355438 0.0293078 0.0234593 0.01811 0.0133778 0.00937423 0.00617534 0.00379079
 0.00863236 0.0140176 0.0210808 0.0297343 0.0396507 0.0501131 0.0599885 0.0680066 0.0732277 0.0753502 0.0746541 0.0717161 0.067154 0.0615107 0.0552279 0.0486477 0.0420215 0.03553 0.0293088 0.0234724 0.0181332 0.0134073 0.00940459 0.00620105 0.0038087
 0.00861328 0.013987 0.0210362 0.0296748 0.0395793 0.0500376 0.0599216 0.0679627 0.0732167 0.0753713 0.0746956 0.071761 0.0671885 0.0615297 0.0552353 0.0486523 0.0420313 0.035549 0.029337 0.0235072 0.0181713 0.0134452 0.00943884 0.00622881 0.00382853
 0.00862859 0.0140075 0.0210588 0.0296939 0.0395878 0.0500298 0.0598957 0.0679221 0.0731695 0.0753284 0.0746665 0.0717498 0.0671922 0.0615401 0.0552441 0.0486551 0.0420293 0.0355469 0.0293392 0.0235163 0.0181867 0.0134645 0.00945879 0.0062465 0.00384214
 0.00861756 0.0139933 0.021044 0.0296827 0.0395838 0.0500336 0.0599033 0.0679258 0.073162 0.0753068 0.0746345 0.0717162 0.067167 0.0615294 0.0552481 0.0486691 0.0420474 0.035565 0.0293564 0.0235333 0.0182046 0.0134831 0.00947672 0.0062621 0.00385419
 0.00861756 0.0139933 0.021044 0.0296827 0.0395838 0.0500336 0.0599033 0.0679258 0.073162 0.0753068 0.0746345 0.0717162 0.067167 0.0615294 0.0552481 0.0486691 0.0420474 0.035565 0.0293564 0.0235333 0.0182046 0.0134831 0.00947672 0.0062621 0.00385419
 0.00912659 0.0147953 0.0221997 0.0312213 0.0414857 0.05221 0.0621813 0.0700596 0.0748807 0.0763849 0.0749499 0.0712718 0.0660737 0.0599665 0.0534181 0.0467595 0.0402068 0.0338951 0.0279159 0.0223474 0.0172735 0.012789 0.0089887 0.0059409 0.00365786
 0.00933891 0.0151864 0.0228705 0.0322873 0.0430411 0.0542736 0.0646505 0.0727031 0.0773837 0.0784259 0.0762738 0.0717361 0.0656626 0.0587808 0.051645 0.0446306 0.0379536 0.0317139 0.0259489 0.0206788 0.0159369 0.0117787 0.00827077 0.00546418 0.00336417
 0.00944922 0.0153734 0.0231693 0.0327426 0.043707 0.0552061 0.0658897 0.0742474 0.0791625 0.0802852 0.0779907 0.073064 0.0663948 0.0588055 0.0509706 0.0433745 0.0363059 0.0298898 0.0241461 0.0190487 0.0145725 0.0107161 0.00750057 0.00494594 0.003042
 0.00932993 0.0151907 0.0229172 0.0324285 0.043357 0.0548706 0.0656464 0.0741956 0.0794019 0.0808828 0.0789447 0.0742831 0.067705 0.0599893 0.051826 0.0437729 0.036223 0.029401 0.0233913 0.0181865 0.0137396 0.0100046 0.0069526 0.00456236 0.00279737
 0.00895247 0.0145683 0.0219688 0.0310864 0.041597 0.0527533 0.0633485 0.0720024 0.077649 0.0798671 0.0788464 0.0751261 0.0693581 0.0621981 0.0542669 0.0461209 0.0382192 0.0308991 0.0243685 0.0187178 0.0139515 0.0100281 0.00689173 0.00448306 0.00273125
 0.00877704 0.0142348 0.0213787 0.0301208 0.0401488 0.0507782 0.060915 0.0693106 0.0750058 0.0776257 0.0773338 0.074575 0.0698574 0.063671 0.0564853 0.0487557 0.0409138 0.0333462 0.0263664 0.0201912 0.0149339 0.01062 0.00721357 0.00464065 0.00280061
 0.00899541 0.0145543 0.0217887 0.0305753 0.0405619 0.0510267 0.0608523 0.0687998 0.0739709 0.0761048 0.0755034 0.072723 0.0683115 0.0627064 0.0562497 0.0492339 0.0419427 0.0346724 0.0277247 0.0213749 0.0158334 0.0112213 0.00756737 0.0048231 0.00288214
 0.00903248 0.0146472 0.0219862 0.0309358 0.0411286 0.0517927 0.0617314 0.0696259 0.0745345 0.0762152 0.0750521 0.0717287 0.0669276 0.0611893 0.0548901 0.0482721 0.0415006 0.0347284 0.0281409 0.0219611 0.0164165 0.0116913 0.00788731 0.00500926 0.00297463
 0.00896316 0.0145438 0.0218504 0.0307822 0.0409895 0.0517186 0.0617837 0.0698545 0.0749448 0.0767411 0.0755574 0.0720465 0.0669266 0.0608339 0.0542629 0.047547 0.0408762 0.0343534 0.0280656 0.0221357 0.0167308 0.0120295 0.00816945 0.00520431 0.0030891
 0.00926298 0.0150132 0.0225211 0.0316659 0.04207 0.0529435 0.0630608 0.0710618 0.0759571 0.07746 0.0759253 0.0720384 0.0665348 0.060066 0.0531597 0.0462039 0.0394439 0.0330069 0.0269529 0.021334 0.0162342 0.0117709 0.00806064 0.00517004 0.00308226
 0.00911287 0.0148154 0.0223096 0.0315022 0.0420282 0.0530852 0.0634118 0.0716032 0.0766314 0.0781872 0.0766195 0.0726214 0.066943 0.0602532 0.0530998 0.0458993 0.0389359 0.0323779 0.0263104 0.0207779 0.0158255 0.011519 0.0079345 0.00512282 0.00307289
 0.00890592 0.0144703 0.0217786 0.0307483 0.0410481 0.0519382 0.0622361 0.0705973 0.075997 0.0780576 0.0770138 0.073447 0.0680358 0.0614305 0.0542016 0.046811 0.0395982 0.0327876 0.0265116 0.0208432 0.0158292 0.0115148 0.0079458 0.0051491 0.00310345
 0.0089786 0.0145566 0.0218481 0.0307493 0.0409174 0.0516198 0.0617047 0.0698777 0.0751728 0.0772631 0.0764044 0.073152 0.0681144 0.0618508 0.0548555 0.0475544 0.040297 0.0333499 0.0269011 0.0210731 0.0159433 0.0115633 0.00796794 0.0051654 0.00311952
 0.00876798 0.0142361 0.021406 0.0301877 0.0402482 0.0508605 0.0608765 0.0690103 0.0743113 0.0764734 0.0757726 0.0727748 0.0680766 0.0621959 0.0555617 0.048531 0.0414052 0.0344425 0.0278608 0.0218355 0.0164981 0.0119387 0.008208 0.00531305 0.0032076
