SBPRF35
7.61441
Curr Bio
782513
B35
550122
F35
0.216323
FOFL
0.216323
OFL
151936
Bzero
2.17555e+006
#pred survey bio
 3.04863e+006 3.17002e+006 3.35544e+006 3.45144e+006 3.44405e+006 3.18877e+006 2.58796e+006 2.03746e+006 1.83199e+006 1.67111e+006 1.48516e+006 1.33727e+006 1.20912e+006 1.062e+006 880781 757809 692423 647092 621170 611448 613773 631715 659711 668980 647990 556687 510568 518344 542046 583686 627471 660892 659932 639839 588588 566546 562810 555656 535536 520087 494118 505441 530707 582687 599375 573741 567382 589305 567376 563593 588604 665431 623456 599940 658737 693843 682086 568023 519134 572738 588483 651789 792176 2.10414e+007 1.86081e+007 1.80014e+007 1.75721e+007 1.73145e+007 1.71843e+007 1.71363e+007 1.71357e+007 1.71588e+007 1.71915e+007 1.72259e+007 1.72578e+007 1.72858e+007 1.73094e+007 1.73287e+007 1.73444e+007 1.73569e+007 1.73668e+007 1.73747e+007 1.73808e+007 1.73856e+007 1.73893e+007 1.73922e+007 1.73945e+007 1.73962e+007 1.73976e+007 1.73986e+007 1.73994e+007 1.74001e+007 1.74005e+007 1.74009e+007 1.74012e+007 1.74014e+007 1.74016e+007 1.74017e+007 1.74018e+007 1.74019e+007 1.7402e+007 1.7402e+007 1.74021e+007 1.74021e+007 1.74021e+007 1.74021e+007 1.74021e+007 1.74021e+007 1.74022e+007 1.74022e+007 1.74022e+007 1.74022e+007 1.74022e+007 1.74022e+007 1.74022e+007 1.74022e+007 1.74022e+007 1.74022e+007 1.74022e+007 1.74022e+007 1.74022e+007 1.74022e+007 1.74022e+007 1.74022e+007 1.74022e+007 1.74022e+007 1.74022e+007 1.74022e+007 1.74022e+007 1.74022e+007 1.74022e+007 1.74022e+007 1.74022e+007 1.74022e+007 1.74022e+007 1.74022e+007 1.74022e+007 1.74022e+007 1.74022e+007 1.74022e+007 1.74022e+007 1.74022e+007 1.74022e+007 1.74022e+007 1.74022e+007 1.74022e+007 1.74022e+007 1.74022e+007 1.74022e+007 1.74022e+007 1.74022e+007 1.74022e+007 1.74022e+007 1.74022e+007 1.74022e+007 1.74022e+007 1.74022e+007 1.74022e+007 1.74022e+007 1.74022e+007 1.74022e+007 1.74022e+007 1.74022e+007 0 0 0 0 0 0 0 0 0 0 0 0 0 0 0 0 0 0 0 0 0 0 0 0 0
#obs survey bio
 3.42671e+006 2.56004e+006 3.97103e+006 3.01522e+006 3.33096e+006 4.31512e+006 2.50184e+006 1.88085e+006 1.7151e+006 1.75096e+006 1.39364e+006 1.10982e+006 1.0754e+006 1.28155e+006 926928 679128 807887 515412 475670 489666 606825 648171 999741 579189 660703 691201 386445 539915 585748 776133 514267 723433 874971 685961 506220 572924 592945 503088 478203 693700 559764 459799 599235 638246 692733 547564 513452 918042 628796 439167 626456 819059 454913 516051 578774 749904 704316 451028 605656 581374 526221 636738 975057
#pred catch bio
 97610.4 98312.1 155211 214937 252368 259417 292418 290865 321217 334990 276365 269424 271651 254206 230810 202219 186776 171328 152530 141075 118932 116042 124656 119804 120235 94558 97386.5 104989 99863.1 97940.8 96800 90980 86719 99474.2 99286.2 95976.7 82002.9 84992.4 87208.3 88399.8 86961.7 97445.4 82224.3 89336.5 87515.9 92947.4 94966.3 81126 88071 94435.5 47493 111749 117761 64111.5 98448.8 110827 112773 120644 26852.2 89488.1 96229.8 70765.2 117435 151936 146617 140539 135722 132515 130487 129252 128523 128102 127862 127728 127652 127610 127587 127573 127566 127562 127559 127558 127557 127557 127557 127556 127556 127556 127556 127556 127556 127556 127556 127556 127556 127556 127556 127556 127556 127556 127556 127556 127556 127556 127556 127556 127556 127556 127556 127556 127556 127556 127556 127556 127556 127556 127556 127556 127556 127556 127556 127556 127556 127556 127556 127556 127556 127556 127556 127556 127556 127556 127556 127556 127556 127556 127556 127556 127556 127556 127556 127556 127556 127556 127556 127556 127556 127556 127556 127556 127556 127556 127556 127556 127556 127556 127556 127556 127556 127556 127556 127556 127556 0 0 0 0 0 0 0 0 0 0 0 0 0 0 0 0 0 0 0 0 0 0 0 0 0
#obs catch bio
 0 98033.1 155328 215323 252485 258778 292225 291574 322454 335974 275633 269728 272294 253138 230894 202956 186981 171879 152480 141472 118604 116064 124870 119761 120101 94225.5 97627.6 105392 100047 97980 96878.8 90842.5 86534.3 99435 99420.2 96291.7 81840.3 84935.2 87254.4 88273.7 86962.4 97912.8 82235.7 89349.1 87269.5 92973.4 95508.1 80771.8 88063.3 95269.6 46954.4 112091 118465 63645.4 98808.2 110956 112281 122602 26314.8 90155.5 96762.1 70431.2 117748
#pred cpue bio
 3.01348e+006 3.13369e+006 3.31528e+006 3.40805e+006 3.3986e+006 3.14388e+006 2.54903e+006 2.004e+006 1.79882e+006 1.63812e+006 1.45309e+006 1.30584e+006 1.17814e+006 1.03241e+006 854224 732982 668281 623600 597955 588172 590059 607178 633976 642930 622933 535094 490728 497999 520759 561026 603427 635813 635232 616290 567094 545688 540854 532321 512053 497173 472540 483422 507439 557561 573833 549460 543096 563941 543460 539755 563480 638783 598686 574730 631238 665363 654095 544047 495361 548282 564329 624730 759766 2.02142e+007 1.79256e+007 1.73142e+007 1.68568e+007 1.65918e+007 1.64603e+007 1.64122e+007 1.64115e+007 1.64347e+007 1.64674e+007 1.65017e+007 1.65337e+007 1.65617e+007 1.65852e+007 1.66046e+007 1.66202e+007 1.66328e+007 1.66427e+007 1.66505e+007 1.66566e+007 1.66614e+007 1.66652e+007 1.66681e+007 1.66703e+007 1.66721e+007 1.66734e+007 1.66745e+007 1.66753e+007 1.66759e+007 1.66764e+007 1.66767e+007 1.6677e+007 1.66773e+007 1.66774e+007 1.66776e+007 1.66777e+007 1.66777e+007 1.66778e+007 1.66779e+007 1.66779e+007 1.66779e+007 1.66779e+007 1.6678e+007 1.6678e+007 1.6678e+007 1.6678e+007 1.6678e+007 1.6678e+007 1.6678e+007 1.6678e+007 1.6678e+007 1.6678e+007 1.6678e+007 1.6678e+007 1.6678e+007 1.6678e+007 1.6678e+007 1.6678e+007 1.6678e+007 1.6678e+007 1.6678e+007 1.6678e+007 1.6678e+007 1.6678e+007 1.6678e+007 1.6678e+007 1.6678e+007 1.6678e+007 1.6678e+007 1.6678e+007 1.6678e+007 1.6678e+007 1.6678e+007 1.6678e+007 1.6678e+007 1.6678e+007 1.6678e+007 1.6678e+007 1.6678e+007 1.6678e+007 1.6678e+007 1.6678e+007 1.6678e+007 1.6678e+007 1.6678e+007 1.6678e+007 1.6678e+007 1.6678e+007 1.6678e+007 1.6678e+007 1.6678e+007 1.6678e+007 1.6678e+007 1.6678e+007 1.6678e+007 1.6678e+007 1.6678e+007 1.6678e+007 1.6678e+007 1.6678e+007 0 0 0 0 0 0 0 0 0 0 0 0 0 0 0 0 0 0 0 0 0 0 0 0 0
#obs cpue bio
 4.03018e+006 2.67731e+006 3.73677e+006 3.06717e+006 4.12342e+006 2.97928e+006 2.82755e+006 1.35373e+006 1.80236e+006 1.77782e+006 1.84766e+006 1.30284e+006 1.26448e+006 1.23441e+006 675914 654866 633136 683226 877170 631478 746003 494659 412222 767289 772513 437993 474476 447412 473056 457177 712780 689106 467687 634228 548746 465559 631285 610217 522981 447539 351223 452112 423384 615372 598747 504051 396449 633615 422141 504170 615021 713766 616631 694015 639880 626478 935875 393989 616428 562906 434994 646799 731132
#pred surv len freq
 0.00418056 0.00690814 0.0106218 0.0153742 0.0210838 0.0274382 0.0338804 0.0397656 0.0446105 0.0482472 0.0507849 0.0524594 0.0535039 0.0540972 0.0543629 0.0543905 0.0542587 0.0540349 0.053721 0.0531421 0.0518532 0.0491931 0.0445681 0.0378577 0.029662
 0.00457069 0.00742976 0.0112019 0.0158834 0.0213828 0.0274447 0.0336156 0.0393439 0.0441768 0.0479037 0.0505544 0.052304 0.0533773 0.0539912 0.0543204 0.0544808 0.05453 0.0544702 0.0542205 0.0535468 0.0520061 0.0490098 0.0440773 0.0371859 0.0289721
 0.00457599 0.00753362 0.0115248 0.0165716 0.0225408 0.0290479 0.0354593 0.0410863 0.0454726 0.0485512 0.050561 0.0518363 0.052648 0.0531683 0.0535046 0.0537305 0.0538859 0.0539513 0.0537999 0.0531424 0.0515075 0.0483364 0.0432291 0.0362511 0.0280834
 0.00471504 0.00772177 0.0117463 0.0168098 0.0228095 0.0294217 0.0360698 0.0420611 0.0468368 0.0501568 0.0521119 0.0530087 0.0532327 0.053142 0.0529973 0.0529355 0.0529785 0.0530484 0.0529502 0.0523335 0.0506877 0.0474552 0.0422798 0.0352885 0.0272016
 0.00490394 0.00803497 0.0122254 0.0174883 0.0236972 0.0304885 0.0372452 0.0432605 0.0480043 0.0512881 0.053224 0.0540731 0.0541318 0.0536977 0.0530594 0.0524615 0.0520487 0.0518147 0.051565 0.0509002 0.0492551 0.0460438 0.0409192 0.0340367 0.0261328
 0.00505624 0.00829372 0.012636 0.0181015 0.0245589 0.0316225 0.038633 0.0448297 0.0496374 0.0528518 0.0546071 0.0552105 0.0549958 0.0542624 0.0532696 0.0522405 0.0513442 0.0506433 0.050019 0.0491151 0.0473682 0.0441732 0.0391665 0.0324928 0.0248711
 0.00527001 0.00863181 0.0131284 0.0187726 0.0254275 0.0326994 0.0399145 0.0462898 0.0512214 0.0544755 0.0561633 0.0565841 0.0560851 0.0549935 0.0535961 0.0521287 0.0507642 0.0495809 0.0485019 0.0472313 0.0452597 0.0420112 0.0371212 0.0307074 0.0234402
 0.00551322 0.00904441 0.0137797 0.0197342 0.0267532 0.0343971 0.0419227 0.048479 0.0534248 0.0565334 0.0579535 0.0580262 0.057126 0.0555935 0.0537226 0.0517566 0.0498772 0.0481762 0.0466038 0.0449123 0.0426561 0.0393174 0.034558 0.0284733 0.0216657
 0.0055726 0.00918808 0.0140843 0.0203032 0.0276962 0.0357929 0.0437828 0.0507281 0.0559094 0.0590509 0.0602921 0.0600015 0.0586064 0.0565071 0.0540447 0.0514883 0.0490283 0.0467616 0.0446556 0.0425031 0.0399205 0.036456 0.0318105 0.0260652 0.0197503
 0.00576979 0.00949371 0.01452 0.0208889 0.028459 0.0367752 0.0450389 0.0523042 0.0578108 0.0612123 0.0625682 0.0621879 0.0604842 0.05789 0.0548095 0.0515792 0.0484411 0.0455244 0.0428219 0.0401615 0.0372146 0.0335923 0.0290367 0.0236187 0.0177971
 0.00614665 0.010089 0.0153817 0.0220457 0.0299107 0.0384833 0.0469218 0.05425 0.0597085 0.0629852 0.0641814 0.0636241 0.0617049 0.058814 0.0553229 0.0515674 0.0478214 0.0442643 0.040945 0.0377516 0.0344218 0.0306324 0.0261671 0.0210856 0.0157736
 0.00638622 0.0104852 0.0159898 0.0229189 0.0310869 0.0399641 0.0486544 0.0561239 0.0615785 0.0647095 0.0656585 0.064808 0.0625948 0.059423 0.0556429 0.0515508 0.0473888 0.0433357 0.0394777 0.0357718 0.0320416 0.028045 0.0236156 0.0188078 0.0139402
 0.00652409 0.0107345 0.0164116 0.0235861 0.0320682 0.0412975 0.050321 0.0580377 0.0635975 0.0666647 0.0673873 0.0661832 0.0635433 0.0599292 0.0557325 0.051259 0.0467305 0.0422962 0.0380312 0.0339208 0.0298551 0.0256734 0.0212696 0.0167047 0.0122412
 0.00668578 0.011006 0.0168374 0.0242164 0.032952 0.0424704 0.051788 0.0597596 0.0654864 0.0685905 0.0691937 0.0677118 0.0646621 0.0605561 0.055845 0.0508842 0.0459206 0.0411011 0.0364883 0.0320675 0.027759 0.0234567 0.0191043 0.0147736 0.0106836
 0.00693391 0.0114028 0.0174224 0.0250221 0.0339984 0.0437565 0.0532829 0.0613994 0.067182 0.0702416 0.0706998 0.0689772 0.0655982 0.0610878 0.0559222 0.0504918 0.0450798 0.0398598 0.0349084 0.0302204 0.025734 0.021373 0.0171096 0.0130178 0.00927822
 0.00708993 0.0116863 0.0179029 0.0257791 0.0350985 0.0452196 0.0550541 0.063347 0.0691291 0.0720141 0.072165 0.0700571 0.0662602 0.0613267 0.0557448 0.0499109 0.0441159 0.0385471 0.0332989 0.0283867 0.0237716 0.0194008 0.0152611 0.0114184 0.00801421
 0.00715193 0.0117924 0.018075 0.0260475 0.035504 0.0458104 0.0558752 0.0644213 0.0704342 0.0734686 0.0736349 0.0713859 0.0673083 0.0620018 0.0560081 0.0497648 0.043586 0.0376713 0.0321263 0.0269835 0.0222264 0.0178239 0.0137732 0.010129 0.00699605
 0.00728017 0.011984 0.0183323 0.0263633 0.0358664 0.0462106 0.0563148 0.064914 0.0710028 0.0741337 0.0743988 0.0722156 0.0681307 0.0627152 0.0565087 0.0499737 0.0434638 0.0372181 0.0313744 0.0259912 0.021075 0.0166137 0.0126125 0.00911453 0.00619186
 0.00746071 0.0122561 0.0187012 0.0268176 0.0363787 0.0467424 0.0568213 0.0653534 0.071349 0.0743887 0.0745949 0.072402 0.0683475 0.0629689 0.0567623 0.0501566 0.0434967 0.0370396 0.030959 0.0253554 0.0202734 0.0157288 0.0117386 0.00833744 0.0055698
 0.00763479 0.0125141 0.0190423 0.0272234 0.0368164 0.0471716 0.0572013 0.0656486 0.0715355 0.0744621 0.0745751 0.0723304 0.0682761 0.062942 0.056799 0.0502396 0.0435751 0.0370452 0.0308311 0.0250629 0.0198266 0.0151769 0.0111539 0.00779389 0.00512212
 0.0079082 0.0129152 0.0195646 0.0278304 0.0374492 0.0477629 0.0576885 0.065983 0.0716889 0.0744323 0.074388 0.0720349 0.0679324 0.0626086 0.0565202 0.0500359 0.0434375 0.0369375 0.0307022 0.0248666 0.019541 0.0148137 0.0107535 0.00740854 0.00479632
 0.00800685 0.0130674 0.0197768 0.028099 0.0377569 0.0480758 0.0579577 0.0661547 0.0717224 0.0743189 0.0741574 0.0717449 0.0676475 0.0623805 0.0563781 0.0499859 0.0434651 0.0370117 0.0307803 0.0249047 0.0195076 0.0147009 0.0105799 0.00720969 0.00460946
 0.0078826 0.0128987 0.0195845 0.0279227 0.0376432 0.0480598 0.0580467 0.0663241 0.0719248 0.0745009 0.0742773 0.0717856 0.0676201 0.0623181 0.0563217 0.0499691 0.0435034 0.0370984 0.030891 0.0250054 0.019567 0.014702 0.0105252 0.00711877 0.00450868
 0.00788223 0.0128802 0.0195256 0.0277977 0.0374367 0.0477845 0.0577525 0.066087 0.0718159 0.074552 0.0744652 0.0720449 0.0678755 0.0625165 0.0564473 0.0500384 0.0435476 0.0371445 0.0309495 0.0250691 0.0196182 0.0147243 0.0105125 0.00707785 0.00445437
 0.00781041 0.0127773 0.0193952 0.0276486 0.0372765 0.0476123 0.0575588 0.0658632 0.0715712 0.0743233 0.0743084 0.0720095 0.067978 0.0627309 0.0567199 0.0503149 0.0437938 0.0373508 0.0311206 0.0252109 0.019731 0.0148037 0.0105563 0.00708987 0.00444479
 0.00800504 0.0130532 0.0197361 0.0280149 0.0376183 0.0478879 0.0577468 0.0659611 0.0715832 0.0742504 0.0741509 0.0717781 0.0677017 0.0624512 0.0564737 0.05012 0.0436475 0.0372398 0.0310327 0.0251394 0.0196727 0.0147558 0.010515 0.0070528 0.00441186
 0.00799353 0.0130534 0.0197691 0.0281065 0.0377851 0.0481204 0.0580011 0.0661701 0.071685 0.0742182 0.0740028 0.0715625 0.0674718 0.0622462 0.056315 0.0500148 0.0435932 0.0372263 0.0310453 0.0251635 0.019697 0.0147739 0.0105244 0.0070539 0.00440701
 0.00785703 0.0128684 0.0195601 0.0279213 0.0376846 0.0481589 0.0582061 0.0665288 0.072143 0.0746902 0.0743959 0.0718053 0.067537 0.0621546 0.0561197 0.0497767 0.0433615 0.0370301 0.0308947 0.0250556 0.0196227 0.014723 0.0104887 0.0070281 0.00438804
 0.00790444 0.0129155 0.019578 0.0278713 0.0375368 0.0479173 0.0579239 0.0662982 0.0720585 0.0748042 0.074692 0.072205 0.0679337 0.0624561 0.0562776 0.0497933 0.0432753 0.0368923 0.0307492 0.0249293 0.0195258 0.0146543 0.0104424 0.00699753 0.00436812
 0.00794199 0.0129621 0.0196196 0.0278822 0.0374817 0.0477591 0.0576368 0.0658841 0.0715614 0.0743115 0.074314 0.072035 0.0680084 0.0627395 0.0566804 0.0502133 0.0436365 0.0371618 0.0309311 0.0250463 0.019602 0.0147063 0.0104788 0.00702237 0.00438368
 0.00800662 0.0130459 0.0197062 0.0279418 0.0374776 0.0476585 0.0574201 0.0655501 0.0711278 0.0738152 0.0738127 0.0716039 0.0677258 0.0626626 0.0568208 0.05053 0.0440516 0.0375911 0.0313121 0.0253496 0.0198257 0.0148631 0.0105846 0.00709094 0.00442577
 0.00800117 0.0130407 0.0197038 0.027944 0.0374809 0.0476491 0.057373 0.0654347 0.0709202 0.0735118 0.073437 0.0712042 0.0673652 0.0624049 0.0567155 0.0505978 0.0442757 0.037922 0.0316841 0.0257028 0.0201216 0.0150875 0.0107415 0.00719307 0.00448783
 0.0079381 0.0129379 0.0195497 0.0277298 0.0372047 0.0473213 0.057018 0.0650869 0.0706127 0.0732644 0.0732523 0.0710743 0.0672849 0.0623809 0.0567664 0.0507449 0.0445291 0.03827 0.0320918 0.0261214 0.020504 0.0154017 0.0109756 0.00735221 0.00458691
 0.00771964 0.0126173 0.019131 0.0272384 0.0366796 0.046802 0.0565364 0.0646663 0.0702728 0.073024 0.0731264 0.0710685 0.067391 0.0625809 0.0570405 0.051079 0.0449163 0.0387035 0.0325565 0.0265898 0.0209409 0.0157752 0.0112664 0.00755812 0.00471931
 0.00779343 0.0127077 0.019214 0.0272771 0.0366386 0.0466673 0.0563278 0.0644312 0.0700622 0.0728673 0.0730218 0.0709934 0.0673228 0.0625111 0.056977 0.0510392 0.0449186 0.038761 0.0326725 0.026755 0.0211341 0.0159693 0.011437 0.00769033 0.00481024
 0.00846278 0.0136745 0.0204421 0.0286506 0.0379885 0.0478195 0.0571462 0.0648404 0.0700524 0.0724874 0.0723627 0.0701624 0.0664159 0.0615978 0.0561013 0.0502305 0.0442012 0.0381564 0.0321957 0.0264091 0.0209084 0.0158405 0.0113761 0.00766946 0.00480818
 0.00916867 0.0147857 0.0220384 0.0307607 0.0405595 0.0506854 0.0600138 0.0673267 0.0717825 0.0732153 0.0720474 0.068957 0.0645896 0.0594399 0.0538538 0.0480632 0.0422182 0.0364161 0.0307275 0.0252231 0.0199971 0.0151795 0.0109264 0.00738432 0.00464046
 0.00910997 0.0147853 0.0222127 0.031274 0.0415787 0.052306 0.062193 0.0698599 0.0743402 0.0754228 0.0735768 0.0696048 0.0643182 0.0583713 0.0522189 0.0461284 0.0402213 0.034532 0.0290647 0.023836 0.0189012 0.0143621 0.0103545 0.00701146 0.00441548
 0.0088123 0.0143524 0.021662 0.0306708 0.0410391 0.0519889 0.0622769 0.0704989 0.0755999 0.0772223 0.0756741 0.0716492 0.0659529 0.0593406 0.052432 0.04566 0.0392606 0.0333093 0.027789 0.0226599 0.0179131 0.0135958 0.00980376 0.00664525 0.00419114
 0.00859747 0.0140108 0.021165 0.030005 0.0402195 0.0510754 0.0613877 0.069805 0.0752932 0.0774587 0.076514 0.0730182 0.0676424 0.0610564 0.0538769 0.0466204 0.0396596 0.0332067 0.0273358 0.0220345 0.0172687 0.0130334 0.00936978 0.00634383 0.00400145
 0.00863076 0.014035 0.0211462 0.0298931 0.0399615 0.0506378 0.0607776 0.0690819 0.0745648 0.0768641 0.0761966 0.0730897 0.0681441 0.0619304 0.0549668 0.0477108 0.0405434 0.0337511 0.0275149 0.0219173 0.016975 0.0126833 0.00905021 0.00609782 0.00383603
 0.00857521 0.013968 0.021086 0.0298651 0.0399833 0.0507001 0.0608346 0.0690624 0.0744051 0.0765465 0.0757707 0.0726647 0.0678532 0.0618817 0.055201 0.0481809 0.0411285 0.0343011 0.0279068 0.022096 0.0169597 0.0125421 0.00886183 0.00592227 0.00370316
 0.00867824 0.0141142 0.021268 0.0300655 0.0401834 0.0508901 0.0610168 0.0692412 0.074569 0.0766576 0.0757751 0.0725223 0.0675706 0.061523 0.0548652 0.0479575 0.0410559 0.034352 0.0280076 0.0221677 0.0169549 0.0124587 0.00873132 0.00578513 0.00358908
 0.0086217 0.0140138 0.0211013 0.0298076 0.0398136 0.0504045 0.0604397 0.0686307 0.0740088 0.0762359 0.075557 0.072528 0.0677706 0.0618565 0.0552711 0.0483974 0.0415151 0.034821 0.0284632 0.0225714 0.0172683 0.0126633 0.008836 0.0058187 0.00358479
 0.00862941 0.0140209 0.0211014 0.0297888 0.0397595 0.0502952 0.0602567 0.0683631 0.073662 0.0758388 0.0751617 0.0721994 0.0675664 0.0618077 0.0553736 0.0486198 0.0418155 0.0351606 0.0288096 0.0228952 0.0175423 0.0128682 0.00896705 0.00588691 0.0036104
 0.00870957 0.0141329 0.0212357 0.0299247 0.0398693 0.0503528 0.0602439 0.0682716 0.0734914 0.0755956 0.0748614 0.0718693 0.0672467 0.0615448 0.0552078 0.0485726 0.0418834 0.0353193 0.0290234 0.0231267 0.0177589 0.0130462 0.00909502 0.00596595 0.00365102
 0.00866513 0.0140992 0.0212541 0.0300521 0.0401569 0.0508151 0.0608364 0.0688945 0.074022 0.0759305 0.074947 0.0717085 0.0668866 0.0610584 0.0546764 0.0480708 0.0414675 0.0350184 0.0288392 0.0230393 0.0177375 0.0130595 0.00911835 0.00598515 0.00366142
 0.00858406 0.0139733 0.0210786 0.0298336 0.0399204 0.0506085 0.0607266 0.0689481 0.0742733 0.0763543 0.0754563 0.0721844 0.0672243 0.0612034 0.0546346 0.0478942 0.0412275 0.0347815 0.0286508 0.022918 0.0176786 0.0130448 0.00912683 0.00600013 0.00367376
 0.00866968 0.0140568 0.0211027 0.0297149 0.0395765 0.0500005 0.0598942 0.0680143 0.0734131 0.0757393 0.0752006 0.0723119 0.0676675 0.0618335 0.0553092 0.0485028 0.0417149 0.035145 0.0289183 0.0231237 0.0178468 0.0131857 0.00924087 0.00608559 0.00373155
 0.00864189 0.0140559 0.0211784 0.0299276 0.0399657 0.0505439 0.060485 0.0684859 0.073607 0.0755835 0.0747466 0.071708 0.0670873 0.0614034 0.0550714 0.048424 0.0417256 0.0351801 0.0289415 0.0231283 0.0178425 0.0131834 0.00924544 0.00609533 0.00374237
 0.00853354 0.0138998 0.0209832 0.0297218 0.0397981 0.0504777 0.0605821 0.06878 0.0740741 0.0761287 0.0752285 0.0719973 0.0671271 0.0612309 0.0547886 0.048139 0.0415054 0.0350393 0.0288605 0.02308 0.0178091 0.0131589 0.00922927 0.0060871 0.00373996
 0.00809086 0.0131732 0.0198822 0.0281722 0.0377758 0.0480535 0.0579568 0.0662747 0.0720601 0.0749196 0.0749842 0.0726843 0.0685475 0.063102 0.056834 0.0501528 0.0433682 0.0366957 0.0302867 0.0242647 0.0187503 0.0138681 0.00973277 0.00642209 0.00394758
 0.00867026 0.0140173 0.0209668 0.0294006 0.0389911 0.049069 0.0585913 0.0663894 0.0715982 0.0739388 0.0736587 0.0712607 0.0672671 0.0621271 0.0562151 0.0498456 0.0432821 0.0367405 0.0303964 0.0243985 0.0188836 0.0139855 0.00982595 0.00648909 0.00399141
 0.00891727 0.0144858 0.0217876 0.0307155 0.040892 0.051514 0.0613455 0.0690437 0.0736808 0.0750695 0.0736687 0.0702255 0.0654547 0.0598991 0.053922 0.0477497 0.041525 0.0353565 0.0293524 0.0236346 0.0183397 0.0136103 0.00957762 0.00633307 0.00389932
 0.00842122 0.0137223 0.0207274 0.0293832 0.0393864 0.0500217 0.0601285 0.0683804 0.0737617 0.0758974 0.0750324 0.0717775 0.066853 0.0609299 0.0545448 0.0480593 0.0416702 0.0354652 0.0294936 0.0238194 0.0185451 0.0138056 0.00974025 0.00645371 0.00397982
 0.00842324 0.0136902 0.0206144 0.0291263 0.0389266 0.0493362 0.0592627 0.0674597 0.0729723 0.075435 0.0750334 0.0722586 0.0676924 0.0619082 0.0554321 0.0487024 0.0420338 0.0356111 0.0295237 0.0238206 0.0185633 0.0138487 0.0097961 0.0065072 0.00402162
 0.00858781 0.013943 0.0209643 0.0295632 0.0394143 0.0498071 0.0596214 0.0676044 0.0728344 0.0750209 0.0744407 0.0716487 0.0672258 0.0616762 0.0554227 0.0488196 0.0421571 0.0356574 0.0294745 0.0237092 0.0184394 0.0137488 0.00973306 0.00647595 0.00401034
 0.0090942 0.0146982 0.0219733 0.0307839 0.0407655 0.0511848 0.0609094 0.0686786 0.0735704 0.0753144 0.074239 0.0709782 0.0661986 0.0604645 0.0542053 0.0477269 0.0412418 0.0349059 0.0288461 0.0231731 0.017988 0.0133886 0.00946828 0.00629929 0.00390387
 0.00903393 0.0147409 0.022291 0.0316048 0.0422935 0.0534817 0.0638073 0.0717888 0.0763998 0.0774253 0.0753659 0.0710593 0.0653398 0.0588809 0.0521655 0.045503 0.0390647 0.0329343 0.0271596 0.0217903 0.0168946 0.0125581 0.00886954 0.00589526 0.00365199
 0.00824276 0.0134257 0.0202764 0.0287598 0.0386194 0.049217 0.05948 0.0681329 0.0741254 0.0769502 0.0766663 0.0737203 0.0687522 0.0624575 0.0554801 0.0483292 0.0413438 0.0347116 0.0285217 0.0228219 0.0176618 0.0131108 0.00924957 0.00614188 0.00380185
 0.00861303 0.0139411 0.0208844 0.0293382 0.0389867 0.0491695 0.0588492 0.0668593 0.072326 0.0749382 0.0748799 0.0725678 0.0684501 0.0629564 0.0565189 0.0495716 0.0425099 0.0356453 0.0291862 0.0232551 0.0179274 0.0132673 0.00933899 0.00619129 0.00382798
 0.00879585 0.0142682 0.0214259 0.0301602 0.0401142 0.050535 0.0602595 0.0680138 0.0729031 0.0747196 0.0738535 0.0709547 0.0666341 0.0613426 0.0553882 0.0490011 0.0423935 0.0357862 0.0293995 0.0234275 0.0180222 0.0132962 0.00933006 0.00616896 0.00380638
 0.00806414 0.013205 0.020064 0.0286218 0.0385891 0.0492357 0.0593715 0.0676525 0.073078 0.0753169 0.0746607 0.0717364 0.0672302 0.0617341 0.0556867 0.0493675 0.0429389 0.0365157 0.0302247 0.0242254 0.0186955 0.0138015 0.009673 0.00638213 0.00392877
#obs surv len freq
 nan nan nan nan nan nan nan nan nan nan nan nan nan nan nan nan nan nan nan nan nan nan nan nan nan
 0.00448621 0.0073488 0.0111807 0.0159996 0.0217034 0.0279821 0.0342986 0.0400309 0.0447095 0.0481706 0.0505245 0.0520157 0.0529034 0.0534116 0.0537225 0.0539748 0.0542516 0.0545431 0.054681 0.0542726 0.0527108 0.0493437 0.0437948 0.0362768 0.0276626
 0.00461688 0.00756256 0.0115045 0.0164587 0.0223149 0.0287458 0.0351878 0.0409894 0.0456594 0.0490267 0.0512108 0.0524765 0.053109 0.0533597 0.0534336 0.0534852 0.0536042 0.0537806 0.0538426 0.0533954 0.0518337 0.0485097 0.0430485 0.0356559 0.0271881
 0.00477382 0.00782062 0.0118983 0.0170223 0.0230749 0.0297107 0.0363361 0.0422647 0.0469761 0.0502847 0.0523097 0.0533284 0.053647 0.053544 0.0532554 0.0529649 0.0527854 0.0527216 0.0526091 0.0520573 0.050466 0.0471927 0.0418618 0.0346651 0.0264294
 0.00496834 0.00813808 0.0123785 0.0177032 0.0239862 0.030862 0.0377054 0.0437929 0.0485737 0.0518456 0.0537265 0.0545013 0.0544904 0.0539915 0.0532655 0.0525256 0.0519162 0.0514717 0.0510538 0.0502937 0.0486097 0.0453714 0.0402019 0.03327 0.0253571
 0.00518694 0.00849428 0.0129162 0.018464 0.0250017 0.0321419 0.0392247 0.0454873 0.0503477 0.05359 0.0553334 0.0558727 0.0555401 0.0546456 0.0534647 0.0522301 0.0511129 0.0501812 0.0493363 0.0482521 0.0463869 0.0431387 0.038135 0.0315154 0.0240003
 0.00540779 0.0088577 0.0134713 0.0192593 0.0260757 0.0335084 0.0408574 0.047315 0.0522647 0.0554768 0.0570758 0.0573716 0.0567122 0.0554215 0.0537852 0.052047 0.0503932 0.0489183 0.0475647 0.0460612 0.0439265 0.040608 0.0357511 0.0294667 0.0224029
 0.00563903 0.00923808 0.0140522 0.0200918 0.0272014 0.0349437 0.0425779 0.0492488 0.0543017 0.0574893 0.0589386 0.0589752 0.057968 0.0562604 0.0541539 0.0519024 0.0497016 0.0476624 0.0457606 0.0437804 0.0413117 0.037869 0.0331317 0.027189 0.0206111
 0.00587649 0.00962667 0.014642 0.0209317 0.0283303 0.0363768 0.0442916 0.0511744 0.0563345 0.0595066 0.0608185 0.0606083 0.0592625 0.0571428 0.0545676 0.0518038 0.0490573 0.0464527 0.0439929 0.0415128 0.0386747 0.0350687 0.0304202 0.0248059 0.0187201
 0.00613496 0.0100467 0.0152737 0.0218216 0.0295126 0.0378598 0.0460436 0.0531188 0.0583606 0.0614907 0.0626438 0.0621749 0.0604895 0.0579666 0.054938 0.0516807 0.0484086 0.0452576 0.0422545 0.0392801 0.0360665 0.0322808 0.0277007 0.0223982 0.0167967
 0.00638137 0.0104536 0.0158978 0.0227185 0.0307251 0.0393992 0.0478713 0.0551421 0.0604481 0.0635006 0.064449 0.0636763 0.0616167 0.0586728 0.0551919 0.0514592 0.0476922 0.0440324 0.0405241 0.0370878 0.0335195 0.0295604 0.0250418 0.0200361 0.0149021
 0.00661022 0.0108293 0.01647 0.0235368 0.0318296 0.0408061 0.0495569 0.0570351 0.0624366 0.0654512 0.0662287 0.0651694 0.0627356 0.0593606 0.0554191 0.0512142 0.0469716 0.0428373 0.0388674 0.0350133 0.0311249 0.0270097 0.0225491 0.0178183 0.0131189
 0.00684592 0.0112149 0.0170548 0.0243676 0.0329415 0.0422073 0.0512142 0.0588692 0.0643339 0.0672856 0.0678817 0.0665407 0.0637474 0.0599582 0.0555706 0.0509076 0.0462094 0.041632 0.0372445 0.0330233 0.0288624 0.024624 0.0202318 0.0157631 0.0114683
 0.00706854 0.0115818 0.0176159 0.0251717 0.0340256 0.0435804 0.0528404 0.0606636 0.0661752 0.0690412 0.0694307 0.0677883 0.0646275 0.0604312 0.0556181 0.0505268 0.045409 0.0404301 0.0356724 0.0311357 0.0267511 0.0224254 0.0181157 0.0138978 0.00997602
 0.00726489 0.0119053 0.0181106 0.0258814 0.034985 0.0448009 0.0542962 0.0622847 0.0678568 0.070662 0.0708737 0.0689549 0.0654459 0.0608587 0.0556384 0.0501436 0.0446387 0.0392986 0.0342164 0.0294114 0.0248455 0.0204613 0.0162409 0.0122558 0.0086685
 0.00743815 0.0121878 0.0185375 0.026486 0.035793 0.0458204 0.0555066 0.0636331 0.0692629 0.0720324 0.0721148 0.0699832 0.0661936 0.0612775 0.0557014 0.0498443 0.043988 0.038321 0.03295 0.0279125 0.0231956 0.0187698 0.0146351 0.0108564 0.0075588
 0.00753072 0.0123398 0.0187696 0.0268193 0.0362466 0.0464064 0.0562242 0.0644647 0.0701756 0.072981 0.0730463 0.0708398 0.0669154 0.0618072 0.0559892 0.0498541 0.0437008 0.0377374 0.032092 0.0268256 0.0219516 0.0174652 0.0133805 0.00975503 0.00668185
 0.00760132 0.0124516 0.0189327 0.0270419 0.0365347 0.0467632 0.0566488 0.0649511 0.0707123 0.0735527 0.073634 0.0714187 0.067454 0.062266 0.0563235 0.0500182 0.0436558 0.0374589 0.0315769 0.026098 0.021065 0.0164995 0.0124301 0.00890882 0.00600231
 0.00767128 0.0125583 0.01908 0.0272292 0.0367572 0.0470139 0.0569199 0.065235 0.0710032 0.073848 0.0739342 0.0717246 0.0677616 0.0625619 0.0565824 0.0502043 0.0437278 0.0373786 0.0313199 0.0256638 0.0204828 0.015827 0.0117427 0.00828174 0.00549072
 0.00771652 0.0126264 0.0191722 0.0273427 0.0368862 0.0471506 0.0570562 0.0653643 0.0711227 0.0739607 0.0740485 0.0718522 0.0679123 0.0627378 0.0567739 0.0503885 0.0438705 0.0374401 0.0312653 0.0254738 0.0201635 0.0154126 0.0112883 0.00784793 0.00512593
 0.00778269 0.0127265 0.0193089 0.0275128 0.0370808 0.0473564 0.0572563 0.0655404 0.0712588 0.0740475 0.0740874 0.0718549 0.067897 0.0627239 0.0567747 0.0504062 0.0438932 0.0374438 0.0312199 0.0253539 0.0199596 0.0151376 0.0109755 0.00754015 0.00486107
 0.00781142 0.0127733 0.0193792 0.0276108 0.0372079 0.0475084 0.0574222 0.0657028 0.0713985 0.0741488 0.074143 0.0718669 0.0678756 0.0626839 0.0567315 0.0503712 0.0438694 0.0374233 0.0311851 0.0252845 0.0198412 0.0149702 0.0107758 0.00733568 0.00467937
 0.00784813 0.0128258 0.019445 0.0276838 0.0372807 0.0475758 0.0574836 0.0657613 0.0714572 0.0742073 0.0741961 0.071907 0.0678966 0.0626842 0.0567154 0.0503462 0.0438427 0.0373971 0.0311545 0.0252388 0.0197698 0.014869 0.0106514 0.00720392 0.0045586
 0.00784977 0.0128279 0.0194469 0.0276841 0.0372767 0.0475642 0.0574612 0.0657274 0.0714155 0.0741673 0.0741702 0.071906 0.0679241 0.0627361 0.0567816 0.050416 0.0439081 0.0374528 0.0311961 0.0252609 0.0197667 0.0148383 0.0105969 0.00713566 0.00448975
 0.00788672 0.0128804 0.0195121 0.0277542 0.0373416 0.0476144 0.0574904 0.0657331 0.0713984 0.0741302 0.0741186 0.0718481 0.0678704 0.062696 0.0567608 0.0504144 0.0439203 0.0374712 0.031213 0.0252693 0.0197616 0.0148172 0.0105613 0.00709139 0.00444464
 0.00786397 0.0128457 0.0194639 0.0276924 0.0372666 0.0475271 0.0573925 0.0656281 0.0712931 0.0740352 0.0740462 0.0718091 0.0678714 0.0627378 0.0568387 0.05052 0.0440429 0.0375987 0.0313333 0.0253721 0.0198395 0.0148671 0.0105849 0.00709441 0.00443525
 0.00790478 0.0129025 0.0195317 0.0277606 0.0373222 0.047559 0.0573952 0.0656023 0.0712432 0.0739666 0.0739646 0.0717217 0.0677871 0.0626669 0.0567905 0.0504997 0.0440504 0.0376287 0.0313771 0.0254194 0.0198811 0.0148967 0.0106004 0.00709747 0.00443015
 0.00787445 0.0128599 0.0194794 0.0277045 0.0372681 0.0475092 0.0573466 0.0655481 0.0711785 0.0738928 0.0738909 0.0716607 0.0677503 0.0626605 0.0568153 0.050553 0.0441271 0.0377221 0.0314784 0.025519 0.0199697 0.0149676 0.0106504 0.00712799 0.00444544
 0.00786108 0.0128311 0.0194237 0.0276087 0.0371228 0.0473161 0.0571228 0.0653239 0.0709867 0.0737572 0.0738196 0.071649 0.0677877 0.062737 0.0569234 0.0506862 0.0442783 0.0378829 0.0316395 0.0256708 0.0201032 0.0150762 0.0107314 0.00718248 0.00447812
 0.00786429 0.0128349 0.0194265 0.0276065 0.0371086 0.0472799 0.0570538 0.0652146 0.0708392 0.0735865 0.0736513 0.0715111 0.0677004 0.062708 0.0569487 0.0507553 0.0443791 0.0380038 0.0317697 0.0257999 0.0202217 0.0151766 0.0108092 0.00723731 0.00451287
 0.00785622 0.0128224 0.0194086 0.0275828 0.0370788 0.0472437 0.0570102 0.0651616 0.0707736 0.0735058 0.0735562 0.071409 0.0676055 0.0626376 0.0569172 0.050769 0.0444353 0.0380929 0.0318789 0.025916 0.0203331 0.0152741 0.0108873 0.0072941 0.00455021
 0.00779696 0.0127285 0.0192723 0.0273995 0.0368497 0.0469779 0.056727 0.0648889 0.0705422 0.0733403 0.073469 0.071399 0.0676622 0.0627473 0.0570681 0.0509522 0.044643 0.0383161 0.0321059 0.0261337 0.0205291 0.0154387 0.0110155 0.00738622 0.00461076
 0.00778784 0.0127054 0.0192223 0.0273061 0.0366973 0.0467592 0.0564495 0.0645764 0.0702299 0.0730661 0.0732649 0.0712847 0.0676435 0.0628168 0.0572094 0.0511456 0.0448696 0.0385595 0.032352 0.0263691 0.0207416 0.0156185 0.011157 0.00748882 0.00467891
 0.00776045 0.0126628 0.0191614 0.0272239 0.0365898 0.046621 0.0562745 0.0643618 0.0699812 0.0728011 0.0730128 0.07108 0.0675166 0.0627856 0.0572755 0.0512961 0.0450824 0.0388095 0.0326153 0.0266254 0.0209746 0.0158165 0.0113134 0.007603 0.00475528
 0.00772386 0.0126042 0.0190752 0.027106 0.0364391 0.046441 0.056074 0.0641537 0.0697787 0.0726143 0.0728486 0.0709454 0.0674219 0.0627452 0.0573028 0.0513974 0.0452528 0.0390329 0.0328689 0.0268846 0.0212173 0.0160264 0.0114811 0.00772634 0.00483835
 0.00932149 0.0148404 0.0217738 0.0298803 0.0388046 0.047995 0.0566378 0.0637989 0.068744 0.0711835 0.0712599 0.0693592 0.0659302 0.0613953 0.0561188 0.0503921 0.0444309 0.0383905 0.0323918 0.0265499 0.0209969 0.0158913 0.011405 0.00768755 0.00482094
 0.00931023 0.015116 0.0227062 0.0319276 0.0423133 0.05293 0.0624116 0.0693677 0.0729788 0.0733149 0.0711327 0.0673718 0.0627593 0.0577057 0.0523992 0.0469306 0.0413665 0.035775 0.0302315 0.0248262 0.0196744 0.0149218 0.0107307 0.00724652 0.00455191
 0.00896281 0.0145734 0.0219527 0.0310199 0.0414319 0.0524121 0.0627088 0.0708835 0.0758243 0.0771295 0.0751306 0.0706389 0.0646323 0.0580011 0.0513806 0.0450931 0.0392049 0.0336508 0.0283501 0.0232738 0.0184647 0.0140287 0.0101083 0.00683945 0.00430403
 0.0087851 0.0142717 0.0214762 0.0303177 0.0404737 0.0512239 0.0614164 0.0697382 0.0751777 0.0773343 0.0763821 0.0728317 0.0673327 0.0605888 0.0532974 0.0460532 0.0392501 0.0330484 0.027431 0.0223087 0.017617 0.013366 0.00963523 0.00652807 0.00411484
 0.0087192 0.0141577 0.0212905 0.0300313 0.0400543 0.0506444 0.0606677 0.0688489 0.0742351 0.0764981 0.0758723 0.0728713 0.0680497 0.0619226 0.0549785 0.0476918 0.0404947 0.0337201 0.0275577 0.022059 0.017195 0.0129324 0.00927833 0.00627462 0.00395478
 0.00870451 0.0141291 0.0212382 0.0299414 0.0399103 0.0504285 0.0603644 0.0684483 0.073739 0.0759301 0.0752925 0.0723849 0.0677951 0.0620274 0.0554943 0.0485439 0.0414899 0.0346212 0.0281838 0.0223499 0.0172068 0.0127809 0.00907607 0.0060943 0.00382521
 0.00869451 0.0141141 0.0212176 0.0299145 0.0398745 0.0503779 0.0602888 0.0683334 0.0735694 0.0756951 0.0749928 0.0720421 0.0674597 0.0617778 0.0554178 0.0486997 0.0418707 0.0351411 0.0287088 0.0227571 0.0174351 0.0128423 0.00902934 0.00600541 0.00374019
 0.00868536 0.014099 0.0211947 0.0298821 0.039832 0.050326 0.0602297 0.0682692 0.0734997 0.0756144 0.0748915 0.0719113 0.0672996 0.0616068 0.0552752 0.0486372 0.0419302 0.0353295 0.0289865 0.0230516 0.0176748 0.0129878 0.00908277 0.00599709 0.00370583
 0.0086788 0.0140902 0.0211848 0.0298729 0.0398251 0.0503221 0.060227 0.0682644 0.0734886 0.075593 0.0748563 0.0718585 0.0672259 0.0615126 0.0551699 0.0485422 0.0418754 0.0353405 0.0290696 0.0231863 0.0178219 0.0131085 0.00915631 0.00602507 0.00370403
 0.00864692 0.014041 0.021116 0.0297847 0.0397211 0.0502092 0.0601157 0.0681673 0.0734173 0.0755547 0.0748507 0.0718791 0.067262 0.0615525 0.0552054 0.0485719 0.0419063 0.0353857 0.0291404 0.023284 0.0179339 0.0132144 0.00923796 0.00607517 0.00372671
 0.00866155 0.0140594 0.0211335 0.0297941 0.0397139 0.0501798 0.0600638 0.0680987 0.0733423 0.0754843 0.0747944 0.0718419 0.0672442 0.0615503 0.0552126 0.048583 0.0419194 0.0354037 0.0291691 0.0233274 0.0179903 0.0132752 0.00929224 0.00611486 0.00374998
 0.00866488 0.0140662 0.0211461 0.0298143 0.039742 0.050212 0.0600918 0.0681116 0.0733307 0.0754456 0.0747344 0.0717726 0.067179 0.0614991 0.0551795 0.0485669 0.0419165 0.0354108 0.0291849 0.0233522 0.0180232 0.0133127 0.00932857 0.00614454 0.0037702
 0.00863586 0.0140254 0.0210965 0.029763 0.0396984 0.0501847 0.060086 0.0681267 0.0733608 0.0754808 0.0747637 0.0717879 0.0671783 0.0614868 0.0551633 0.0485544 0.0419126 0.0354167 0.0291996 0.0233739 0.01805 0.0133419 0.00935674 0.00616836 0.00378761
 0.00863079 0.014012 0.0210673 0.0297094 0.0396141 0.0500713 0.0599563 0.068003 0.0732674 0.0754347 0.0747683 0.0718339 0.0672485 0.0615641 0.0552361 0.0486181 0.0419679 0.0354665 0.0292465 0.023419 0.0180927 0.0133808 0.00939017 0.00619482 0.00380657
 0.00860816 0.0139786 0.0210231 0.0296555 0.0395516 0.0499996 0.0598731 0.0679072 0.0731631 0.0753337 0.0746885 0.0717924 0.0672547 0.0616153 0.0553197 0.0487176 0.0420689 0.0355603 0.0293296 0.0234908 0.0181538 0.0134315 0.00943057 0.00622512 0.00382757
 0.00860816 0.0139786 0.0210231 0.0296555 0.0395516 0.0499996 0.0598731 0.0679072 0.0731631 0.0753337 0.0746885 0.0717924 0.0672547 0.0616153 0.0553197 0.0487176 0.0420689 0.0355603 0.0293296 0.0234908 0.0181538 0.0134315 0.00943057 0.00622512 0.00382757
 0.00821195 0.0133509 0.0201121 0.0284326 0.038027 0.048241 0.0580184 0.0661549 0.0717317 0.0744039 0.0743586 0.072065 0.0680521 0.0628094 0.0567612 0.0502606 0.0435886 0.0369628 0.0305551 0.0245101 0.0189618 0.0140407 0.00986494 0.00651597 0.00400889
 0.00853829 0.0138231 0.0207122 0.0291007 0.0386696 0.048751 0.0582965 0.0661295 0.0713771 0.073755 0.0735103 0.0711521 0.067214 0.0621541 0.0563448 0.0500845 0.043612 0.0371229 0.0307862 0.0247577 0.0191889 0.0142277 0.0100059 0.00661401 0.00407177
 0.00887395 0.0144034 0.021643 0.0304837 0.0405571 0.0510844 0.0608632 0.06858 0.0733145 0.0748586 0.0736308 0.0703364 0.0656648 0.0601564 0.0541903 0.0480145 0.0417869 0.0356189 0.0296118 0.0238798 0.0185566 0.0137885 0.00971314 0.00642839 0.00396114
 0.00834719 0.0136005 0.0205415 0.0291177 0.0390307 0.0495767 0.0596146 0.0678422 0.0732643 0.0755142 0.0748263 0.0717811 0.0670569 0.0612858 0.0549832 0.0485136 0.0420952 0.0358412 0.0298182 0.0240965 0.0187773 0.0139927 0.00988256 0.0065544 0.00404544
 0.00848149 0.0137488 0.0206368 0.029058 0.0387121 0.0489443 0.0587075 0.066804 0.0723104 0.0748653 0.0746351 0.0720786 0.0677402 0.0621582 0.0558302 0.0491796 0.0425231 0.0360626 0.0299105 0.024136 0.018812 0.014039 0.00993618 0.00660484 0.00408506
 0.00859833 0.0139609 0.0209907 0.0295948 0.0394377 0.0497949 0.0595346 0.0674057 0.0725102 0.0745991 0.0739909 0.0712602 0.0669752 0.0616028 0.055521 0.04905 0.0424632 0.0359833 0.0297775 0.023965 0.0186406 0.0138986 0.00983963 0.00654829 0.0040567
 0.00879241 0.0142735 0.0214564 0.0302448 0.0402943 0.050859 0.0607668 0.0687087 0.0737253 0.07553 0.0744577 0.0711653 0.0663492 0.0605976 0.0543491 0.0479015 0.0414496 0.0351327 0.0290692 0.0233716 0.0181492 0.0135095 0.00955298 0.00635509 0.00393852
 0.00915202 0.0148605 0.0223414 0.0314872 0.0419214 0.0528376 0.0629798 0.0709583 0.0757695 0.0771362 0.075445 0.0714268 0.06586 0.0594225 0.0526416 0.0458802 0.0393488 0.0331478 0.027324 0.0219188 0.0169934 0.0126305 0.0089191 0.00592691 0.00367085
 0.00811003 0.0132479 0.0200754 0.0285698 0.0384657 0.0490911 0.0593315 0.0678953 0.0737666 0.0765139 0.0762682 0.0734938 0.0687791 0.062729 0.0559112 0.0488085 0.0417821 0.0350643 0.0287834 0.0230079 0.0177916 0.0132 0.00930909 0.0061797 0.00382437
 0.00846355 0.0136837 0.0204746 0.0287362 0.0381798 0.0481971 0.0578157 0.0659138 0.0716115 0.0745394 0.0748047 0.0727724 0.0688792 0.0635637 0.0572596 0.0503859 0.0433231 0.0363851 0.0298039 0.0237343 0.0182776 0.0135109 0.00950103 0.00629394 0.00388931
 0.00867928 0.0140814 0.0211489 0.0297741 0.0396027 0.0498902 0.0594926 0.0671693 0.0720655 0.074004 0.0733766 0.0707962 0.0668094 0.0618043 0.0560508 0.0497717 0.0431896 0.0365412 0.0300635 0.0239702 0.0184351 0.0135894 0.00952519 0.0062909 0.00387782
 0.00835033 0.0135811 0.0204664 0.0289387 0.0386939 0.0490391 0.0588618 0.0668997 0.0722023 0.0744463 0.0739023 0.0711676 0.0668995 0.0616596 0.0558515 0.0497225 0.0434145 0.0370384 0.0307311 0.0246701 0.0190532 0.0140662 0.0098535 0.00649567 0.00399472
#pred catch len freq
 0.00311546 0.00507788 0.0077005 0.0110402 0.0151438 0.019996 0.0254598 0.0312715 0.0370963 0.0425974 0.047485 0.0515524 0.0547031 0.0569528 0.0584027 0.0592042 0.0595338 0.0595583 0.0593558 0.058787 0.0573933 0.0544624 0.0493471 0.0419188 0.0328445
 0.00341751 0.00548577 0.00816306 0.0114645 0.0154285 0.0200801 0.0253556 0.0310553 0.036863 0.0424078 0.0473426 0.0514228 0.0545574 0.056805 0.0583157 0.0592621 0.0597924 0.059999 0.0598678 0.0591944 0.057523 0.054222 0.0487699 0.0411466 0.0320584
 0.00344902 0.00559833 0.00843871 0.0119988 0.0162839 0.0212267 0.0266385 0.0322302 0.0376929 0.0427672 0.0472583 0.0510289 0.0540093 0.0562165 0.0577528 0.0587693 0.0594104 0.0597499 0.0597234 0.0590624 0.0572765 0.053763 0.0480872 0.0403266 0.0312412
 0.00358873 0.00579659 0.00869135 0.0123037 0.0166662 0.0217607 0.0274388 0.0333927 0.0392073 0.0444607 0.0488281 0.0521625 0.0545183 0.0560981 0.0571517 0.0578865 0.0584245 0.0587785 0.0588142 0.0581986 0.0563992 0.052815 0.0470597 0.0392796 0.0302786
 0.00376376 0.00607922 0.00911068 0.0128795 0.0174002 0.0226297 0.0284002 0.0344068 0.0402662 0.045591 0.0500484 0.0534155 0.0556395 0.0568628 0.0573781 0.0575223 0.0575577 0.0575779 0.0574473 0.0567777 0.054974 0.0514026 0.0456864 0.0380036 0.029179
 0.00391374 0.00632651 0.00949059 0.0134304 0.0181591 0.0236224 0.0296253 0.0358224 0.0417884 0.0471122 0.0514674 0.0546616 0.0566671 0.0576196 0.0577789 0.0574629 0.0569676 0.0564692 0.05592 0.0549808 0.0530568 0.049491 0.0438863 0.03641 0.0278699
 0.00415172 0.00669728 0.0100202 0.0141366 0.0190547 0.0247171 0.0309229 0.0373107 0.0434276 0.0488266 0.0531478 0.0561809 0.0579059 0.0584868 0.0582127 0.0574173 0.056403 0.0553658 0.0543068 0.0529547 0.0507754 0.0471437 0.041661 0.0344643 0.0263085
