SBPRF35
12.7214
Curr Bio
762812
B35
890922
F35
0.174208
FOFL
0.155208
OFL
101290
Bzero
3.63469e+006
#pred survey bio
 3.36605e+006 3.25375e+006 3.15468e+006 3.00575e+006 2.81688e+006 2.59378e+006 2.38261e+006 2.16657e+006 1.93969e+006 1.73703e+006 1.52099e+006 1.37654e+006 1.2318e+006 1.09758e+006 973607 858904 773925 686056 641475 615518 588638 562590 548392 529284 520972 512094 514757 516877 518040 524851 524138 519718 527392 538317 546059 551569 572295 584087 598233 613108 640046 649293 650321 654391 658846 668953 670971 676372 681479 689371 690397 726262 766770 2.80889e+007 1.7201e+007 1.77627e+007 1.87907e+007 2.01091e+007 2.15086e+007 2.28398e+007 2.40183e+007 2.50117e+007 2.58204e+007 2.6463e+007 2.69651e+007 2.7353e+007 2.76504e+007 2.78777e+007 2.80512e+007 2.81836e+007 2.8285e+007 2.83628e+007 2.84228e+007 2.84692e+007 2.85054e+007 2.85336e+007 2.85558e+007 2.85733e+007 2.85871e+007 2.85981e+007 2.86069e+007 2.86139e+007 2.86195e+007 2.86241e+007 2.86277e+007 2.86307e+007 2.86331e+007 2.8635e+007 2.86366e+007 2.86379e+007 2.86389e+007 2.86398e+007 2.86405e+007 2.8641e+007 2.86415e+007 2.86419e+007 2.86422e+007 2.86424e+007 2.86426e+007 2.86428e+007 2.8643e+007 2.86431e+007 2.86432e+007 2.86432e+007 2.86433e+007 2.86433e+007 2.86434e+007 2.86434e+007 2.86434e+007 2.86435e+007 2.86435e+007 2.86435e+007 2.86435e+007 2.86435e+007 2.86435e+007 2.86435e+007 2.86435e+007 2.86436e+007 2.86436e+007 2.86436e+007 2.86436e+007 2.86436e+007 2.86436e+007 2.86436e+007 2.86436e+007 2.86436e+007 2.86436e+007 2.86436e+007 2.86436e+007 2.86436e+007 2.86436e+007 2.86436e+007 2.86436e+007 2.86436e+007 2.86436e+007 2.86436e+007 2.86436e+007 2.86436e+007 2.86436e+007 2.86436e+007 2.86436e+007 2.86436e+007 2.86436e+007 2.86436e+007 2.86436e+007 2.86436e+007 2.86436e+007 2.86436e+007 2.86436e+007 2.86436e+007 2.86436e+007 2.86436e+007 2.86436e+007 0 0 0 0 0 0 0 0 0 0 0 0 0 0 0 0 0 0 0 0 0 0 0 0 0
#obs survey bio
 3.25548e+006 3.3958e+006 3.95582e+006 2.70461e+006 2.54958e+006 2.91653e+006 2.0938e+006 1.7923e+006 1.30958e+006 1.61791e+006 1.49362e+006 1.29491e+006 1.31467e+006 946584 829959 827062 620196 683209 673264 876814 531963 502519 321186 515440 555400 387165 466852 912636 659767 639129 439858 583323 442421 483394 362851 528460 739638 596316 687662 464471 610222 621141 569938 649021 846144 498075 645426 723305 732949 565691 788850 849012 773294
#pred catch bio
 92681.9 89882.5 148288 199304 247226 253975 276063 302482 294810 317262 260978 266808 259709 250340 239512 209568 205901 162479 142363 139225 134968 122973 125699 114918 114043 103672 103760 103377 97588.2 103112 105123 94554.6 92637.3 96205.7 98479.5 86571.5 95380.3 94316.9 95206.1 87221.8 104024 111284 108771 108779 104968 113015 110676 111199 109201 115737 88230 87830.8 94115.9 101290 114829 117484 123123 131240 140053 148390 155658 161652 166401 170052 172796 174821 176295 177357 178114 178651 179030 179295 179481 179610 179700 179762 179805 179835 179856 179870 179880 179887 179891 179894 179897 179898 179899 179900 179900 179901 179901 179901 179901 179901 179901 179901 179901 179901 179901 179901 179901 179901 179901 179901 179901 179901 179901 179901 179901 179901 179901 179901 179901 179901 179901 179901 179901 179901 179901 179901 179901 179901 179901 179901 179901 179901 179901 179901 179901 179901 179901 179901 179901 179901 179901 179901 179901 179901 179901 179901 179901 179901 179901 179901 179901 179901 179901 179901 179901 179901 179901 179901 179901 0 0 0 0 0 0 0 0 0 0 0 0 0 0 0 0 0 0 0 0 0 0 0 0 0
#obs catch bio
 0 89481.3 148422 199476 247736 254362 276649 304736 297580 322630 263063 269897 262132 252373 242811 211842 209318 163836 143218 139204 134836 123088 127402 115821 115000 104556 104987 103603 97501.4 102749 105402 94590.7 92664.5 96365 99104.2 86543.7 95690.9 94157.9 95183.3 87143.3 104018 111030 108790 108634 104476 113404 110832 111213 108771 115776 87997.8 87776.3 94125.2
#pred cpue bio
 3.3217e+006 3.21027e+006 3.11091e+006 2.96151e+006 2.77288e+006 2.55006e+006 2.33901e+006 2.1232e+006 1.89686e+006 1.69492e+006 1.4804e+006 1.33675e+006 1.19315e+006 1.0603e+006 937818 824851 741529 655969 612932 588170 562359 536971 522893 504212 496306 487852 490526 492897 494484 501464 500921 496662 504196 514862 522430 527890 548234 559868 573659 588047 614290 623360 624345 628315 632666 642375 644175 649491 654648 662389 663181 698134 737968 2.70707e+007 1.65906e+007 1.7037e+007 1.79327e+007 1.92083e+007 2.05987e+007 2.19283e+007 2.31066e+007 2.40998e+007 2.49086e+007 2.55512e+007 2.60533e+007 2.64412e+007 2.67386e+007 2.69659e+007 2.71394e+007 2.72718e+007 2.73732e+007 2.7451e+007 2.7511e+007 2.75574e+007 2.75935e+007 2.76218e+007 2.7644e+007 2.76615e+007 2.76753e+007 2.76863e+007 2.76951e+007 2.77021e+007 2.77077e+007 2.77123e+007 2.77159e+007 2.77189e+007 2.77213e+007 2.77232e+007 2.77248e+007 2.77261e+007 2.77271e+007 2.7728e+007 2.77287e+007 2.77292e+007 2.77297e+007 2.77301e+007 2.77304e+007 2.77306e+007 2.77308e+007 2.7731e+007 2.77311e+007 2.77313e+007 2.77314e+007 2.77314e+007 2.77315e+007 2.77315e+007 2.77316e+007 2.77316e+007 2.77316e+007 2.77317e+007 2.77317e+007 2.77317e+007 2.77317e+007 2.77317e+007 2.77317e+007 2.77317e+007 2.77317e+007 2.77317e+007 2.77318e+007 2.77318e+007 2.77318e+007 2.77318e+007 2.77318e+007 2.77318e+007 2.77318e+007 2.77318e+007 2.77318e+007 2.77318e+007 2.77318e+007 2.77318e+007 2.77318e+007 2.77318e+007 2.77318e+007 2.77318e+007 2.77318e+007 2.77318e+007 2.77318e+007 2.77318e+007 2.77318e+007 2.77318e+007 2.77318e+007 2.77318e+007 2.77318e+007 2.77318e+007 2.77318e+007 2.77318e+007 2.77318e+007 2.77318e+007 2.77318e+007 2.77318e+007 2.77318e+007 2.77318e+007 2.77318e+007 0 0 0 0 0 0 0 0 0 0 0 0 0 0 0 0 0 0 0 0 0 0 0 0 0
#obs cpue bio
 3.08308e+006 4.10691e+006 2.38172e+006 2.56902e+006 2.89868e+006 1.86783e+006 2.6048e+006 1.64874e+006 1.91034e+006 1.26858e+006 1.72092e+006 1.19189e+006 1.14894e+006 1.19743e+006 748934 758213 690852 675878 566871 588610 662473 490203 436800 544987 430635 491137 395765 485162 429239 540277 418080 451260 600679 530781 573419 683626 382863 749665 483844 645947 771143 784916 561921 747461 621864 506917 712821 688482 820798 742826 539125 559771 729776
#pred surv len freq
 0.00431179 0.00704826 0.0107001 0.0152865 0.0207289 0.02677 0.0329462 0.0387004 0.0435864 0.0474078 0.0502027 0.0521339 0.0533899 0.0541376 0.0545109 0.0546172 0.0545526 0.0543995 0.0541701 0.0536919 0.0525091 0.0499363 0.0453494 0.038606 0.0303069
 0.00464395 0.00750266 0.0112289 0.0158008 0.0211338 0.0270154 0.0330573 0.0387631 0.0436921 0.0475938 0.0504307 0.0523195 0.0534609 0.0540823 0.0543875 0.0545216 0.0545628 0.054524 0.0543271 0.0537346 0.0522913 0.0493878 0.0445178 0.0376384 0.0293818
 0.00471033 0.00767089 0.0115869 0.0164497 0.0221423 0.0283596 0.0345877 0.0402374 0.0448692 0.0483357 0.0507405 0.0522976 0.0532227 0.0537032 0.0539044 0.0539656 0.0539788 0.0539538 0.0537736 0.0531435 0.051576 0.0484879 0.0434521 0.0365117 0.028339
 0.00485811 0.00789252 0.0118916 0.0168493 0.0226667 0.0290686 0.0355605 0.0415272 0.0464424 0.0500359 0.0523191 0.053504 0.0539007 0.0538322 0.0535692 0.053294 0.0530913 0.0529414 0.05269 0.0520029 0.0503644 0.0471953 0.0421101 0.0352069 0.0271857
 0.00506911 0.0082337 0.0124001 0.0175548 0.0235827 0.0301834 0.0368349 0.0429065 0.0478773 0.0514916 0.0537555 0.0548393 0.0549961 0.054524 0.0537338 0.0528987 0.0521976 0.0516668 0.0511586 0.0503137 0.0485878 0.0453929 0.0403587 0.0336059 0.0258367
 0.00532079 0.00864147 0.0130115 0.0184137 0.0247214 0.0316095 0.0385155 0.0447614 0.0497887 0.0533303 0.0554097 0.0562292 0.0560656 0.0552175 0.0539809 0.0526261 0.0513639 0.0502922 0.0493286 0.0481571 0.0462506 0.0430246 0.0381089 0.0316156 0.0242151
 0.00557796 0.0090554 0.0136274 0.0192724 0.025854 0.0330281 0.0402005 0.0466538 0.0517927 0.0553254 0.057267 0.0578285 0.0573084 0.0560326 0.0543184 0.0524457 0.0506314 0.0489936 0.047494 0.0458787 0.0436825 0.0403639 0.0355669 0.0293813 0.0224194
 0.00582759 0.00946593 0.014254 0.0201696 0.0270654 0.0345695 0.0420439 0.0487206 0.0539658 0.0574706 0.0592535 0.0595394 0.0586455 0.0569174 0.0546926 0.0522687 0.0498769 0.0476516 0.0455847 0.0434747 0.0409268 0.0374669 0.0327745 0.0269225 0.0204514
 0.00607311 0.00987246 0.0148802 0.0210763 0.0283055 0.0361706 0.043988 0.0509341 0.0563247 0.0598211 0.061436 0.0614094 0.0600873 0.0578492 0.0550629 0.0520485 0.0490511 0.0462189 0.0435682 0.0409442 0.0380209 0.0343986 0.0298043 0.0243007 0.0183538
 0.00625212 0.0101742 0.0153551 0.0217809 0.0292943 0.037481 0.0456234 0.0528527 0.0584406 0.0620142 0.0635664 0.063332 0.0616667 0.0589727 0.0556489 0.0520457 0.0484341 0.0449841 0.0417396 0.0385898 0.0352741 0.0314655 0.0269411 0.0217584 0.0163124
 0.00659678 0.0107145 0.0161321 0.022822 0.0306123 0.0390717 0.0474589 0.0548743 0.0605588 0.064117 0.065532 0.0650408 0.063011 0.0598641 0.0560209 0.0518543 0.0476555 0.0436151 0.0398043 0.036156 0.0324722 0.0284965 0.024055 0.0192016 0.0142623
 0.00678215 0.0110239 0.0166119 0.0235191 0.0315627 0.0402847 0.0489031 0.0564784 0.0622291 0.0657619 0.0670762 0.0664239 0.0641755 0.060746 0.0565492 0.0519582 0.0472752 0.042712 0.038374 0.0342433 0.0301867 0.0260164 0.0216062 0.017009 0.0124913
 0.00698846 0.0113628 0.0171289 0.02426 0.0325658 0.0415672 0.0504449 0.0582125 0.0640454 0.0675263 0.0686567 0.0677149 0.0651119 0.0613014 0.0567201 0.051744 0.0466654 0.0416896 0.0369313 0.0324076 0.0280428 0.0237149 0.0193453 0.0149897 0.0108621
 0.00722364 0.0117416 0.0176929 0.0250459 0.0336005 0.042857 0.0519643 0.0598973 0.0657973 0.0692261 0.0701812 0.0689523 0.0659764 0.0617434 0.0567289 0.0513377 0.045874 0.0405406 0.0354492 0.0306291 0.0260402 0.0216111 0.0173039 0.0131789 0.00940678
 0.00740302 0.0120481 0.0181812 0.0257751 0.0346196 0.0441836 0.0535639 0.0616779 0.0676258 0.0709569 0.0716824 0.0701209 0.0667425 0.0620706 0.0566115 0.0507968 0.0449497 0.0392819 0.0339084 0.028865 0.0241311 0.0196653 0.0154559 0.0115629 0.00812004
 0.00756342 0.0123163 0.0185995 0.0263901 0.0354753 0.0453084 0.054954 0.0632845 0.0693526 0.0726705 0.0732327 0.0713672 0.0675784 0.0624383 0.056503 0.0502428 0.0440048 0.038012 0.0323841 0.0271623 0.0223369 0.0178829 0.0137997 0.0101394 0.00700099
 0.00754136 0.0123052 0.0186297 0.0265078 0.035735 0.0457588 0.0556236 0.0641736 0.070432 0.0738828 0.0744951 0.0725761 0.0686198 0.0632056 0.056916 0.050261 0.0436299 0.0372813 0.03136 0.025924 0.0209769 0.0165042 0.0125076 0.00902625 0.00612611
 0.00770088 0.0125452 0.0189561 0.0269175 0.0362217 0.0463212 0.0562681 0.0649073 0.0712499 0.0747577 0.0753747 0.0733914 0.0692979 0.0636804 0.0571354 0.0501907 0.0432576 0.0366201 0.0304496 0.0248284 0.0197794 0.0152994 0.01139 0.00807395 0.0053857
 0.00772909 0.0125805 0.0189896 0.026934 0.0362038 0.0462574 0.0561617 0.064784 0.0711595 0.0747658 0.0755449 0.0737601 0.0698537 0.06436 0.0578374 0.0508025 0.0436814 0.0367923 0.0303492 0.0244776 0.0192372 0.014649 0.0107225 0.00746931 0.00489741
 0.0077734 0.0126334 0.0190336 0.0269403 0.0361393 0.0460963 0.0558969 0.0644332 0.070765 0.07439 0.0752615 0.0736415 0.069953 0.0646916 0.0583655 0.0514438 0.0443248 0.0373272 0.0306933 0.0245942 0.0191389 0.0143889 0.0103759 0.00711193 0.00458672
 0.00796737 0.0129209 0.0194134 0.0273892 0.0366144 0.0465405 0.0562468 0.0646289 0.0707642 0.0741836 0.074883 0.0731632 0.069469 0.064294 0.0581198 0.0513712 0.0443965 0.0374752 0.0308338 0.0246563 0.019086 0.0142263 0.0101413 0.00685729 0.0043576
 0.00818534 0.0132638 0.019906 0.0280422 0.0374162 0.0474481 0.0571798 0.0654749 0.0714009 0.074512 0.0748553 0.0727949 0.0688328 0.0635006 0.0572918 0.0506153 0.0437806 0.0370172 0.0305065 0.0244072 0.0188634 0.0139994 0.00990723 0.00663306 0.0041655
 0.00814901 0.0132339 0.0199149 0.028138 0.03765 0.0478535 0.0577536 0.0661696 0.0721325 0.0751779 0.0753565 0.0730568 0.0688217 0.0632322 0.0568272 0.0500446 0.0431983 0.0364964 0.0300841 0.0240824 0.0186114 0.0137909 0.00972364 0.00647083 0.00403033
 0.00813828 0.013219 0.0198993 0.0281313 0.0376723 0.0479373 0.0579403 0.0664967 0.0726131 0.0757821 0.0760072 0.0736464 0.0692437 0.063413 0.056746 0.0497353 0.0427345 0.0359678 0.0295699 0.0236339 0.0182478 0.0135074 0.00950568 0.00630464 0.00390703
 0.00815034 0.0132212 0.0198708 0.0280441 0.0375007 0.0476738 0.0576089 0.0661561 0.0723454 0.0756689 0.0761026 0.0739549 0.0697133 0.0639479 0.0572369 0.0500942 0.0429201 0.0359895 0.0294732 0.0234764 0.0180777 0.0133536 0.00937922 0.00620637 0.00383402
 0.00822916 0.0133392 0.0200282 0.0282307 0.0376945 0.047841 0.0577088 0.0661517 0.0722197 0.0754407 0.075829 0.0737148 0.0695771 0.0639485 0.0573566 0.0502747 0.0430891 0.0360909 0.0294849 0.0234103 0.0179651 0.0132281 0.00926496 0.00611489 0.00376748
 0.0080535 0.0130881 0.019714 0.0278864 0.0373635 0.0475613 0.0574996 0.0660105 0.0721294 0.0753817 0.0757914 0.0737059 0.0696211 0.0640758 0.057586 0.0505979 0.0434673 0.0364671 0.0298055 0.0236434 0.0181069 0.0132959 0.00928449 0.00610964 0.00375356
 0.00794316 0.0129008 0.0194201 0.02746 0.0367965 0.0468804 0.0567759 0.0653489 0.0716355 0.0751231 0.0757764 0.0738921 0.0699445 0.0644804 0.0580383 0.0510818 0.0439695 0.0369647 0.0302655 0.0240325 0.018404 0.013499 0.00940778 0.00617543 0.00378374
 0.00794047 0.0128817 0.0193633 0.0273345 0.0365666 0.0465169 0.0562702 0.0647249 0.0709548 0.0744779 0.0752684 0.0736024 0.0699077 0.0646782 0.0584142 0.0515674 0.0445045 0.0375034 0.0307727 0.0244792 0.0187689 0.0137722 0.00959362 0.0062894 0.00384641
 0.00793618 0.0128665 0.0193243 0.0272524 0.036418 0.0462786 0.0559251 0.064269 0.0704036 0.0738713 0.0746714 0.073097 0.0695752 0.0645753 0.0585553 0.0519213 0.0450077 0.0380809 0.0313558 0.0250151 0.0192228 0.0141269 0.00984829 0.00645633 0.00394571
 0.00793865 0.0128792 0.0193585 0.0273214 0.0365298 0.0464264 0.0560811 0.0643855 0.0704263 0.0737575 0.0744069 0.072705 0.0691137 0.0641248 0.0581974 0.0517159 0.044977 0.038207 0.031592 0.0253037 0.0195111 0.0143777 0.0100425 0.00659121 0.00402982
 0.00799705 0.0129639 0.0194678 0.0274486 0.0366676 0.0465715 0.0562347 0.0645481 0.0705877 0.0738898 0.0744677 0.0726522 0.0689257 0.0638153 0.0578161 0.0513344 0.0446653 0.0380114 0.0315241 0.0253425 0.0196168 0.0145076 0.0101638 0.00668614 0.00409417
 0.00800996 0.0129733 0.0194606 0.0274056 0.0365685 0.046404 0.0560029 0.064277 0.0703189 0.0736707 0.0743358 0.0726207 0.0689781 0.0639131 0.0579187 0.0514186 0.0447339 0.038086 0.0316278 0.0254848 0.019788 0.0146853 0.0103238 0.00681226 0.00418183
 0.00794367 0.012878 0.0193395 0.0272675 0.0364228 0.0462539 0.0558422 0.0640945 0.0701092 0.0734448 0.0741239 0.0724638 0.0689115 0.0639508 0.0580477 0.0516067 0.0449459 0.0382983 0.0318325 0.0256834 0.019981 0.0148666 0.0104823 0.00693813 0.00427142
 0.0078776 0.0127765 0.0191982 0.0270882 0.0362145 0.0460329 0.055631 0.0639158 0.069978 0.0733621 0.0740781 0.0724409 0.0689068 0.0639725 0.0581101 0.0517182 0.0451019 0.0384833 0.0320284 0.0258759 0.0201616 0.0150289 0.0106206 0.00704759 0.00435039
 0.00788697 0.0127808 0.019185 0.0270397 0.0361133 0.0458707 0.0554153 0.0636713 0.0697398 0.0731642 0.0739433 0.0723749 0.0689008 0.0640113 0.058181 0.0518155 0.0452248 0.0386299 0.032192 0.0260456 0.0203255 0.0151768 0.0107454 0.0071453 0.00442064
 0.00777249 0.0126005 0.0189241 0.0266883 0.0356674 0.0453353 0.0548094 0.0630323 0.0691236 0.0726389 0.0735756 0.0722146 0.0689666 0.0642858 0.0586173 0.0523527 0.0458043 0.0392054 0.0327313 0.0265279 0.0207375 0.0155118 0.0110025 0.00733018 0.004544
 0.00780986 0.0126452 0.0189616 0.0266946 0.0356149 0.0452018 0.0545857 0.0627251 0.0687526 0.0722328 0.0731704 0.0718528 0.0686933 0.0641398 0.0586197 0.0524995 0.0460674 0.0395428 0.0330988 0.0268879 0.0210627 0.0157856 0.0112177 0.00748732 0.00464998
 0.00782388 0.0126683 0.0189958 0.0267393 0.0356632 0.0452376 0.0545834 0.0626552 0.068593 0.0719801 0.072845 0.0714945 0.0683513 0.0638619 0.0584439 0.0524479 0.0461424 0.0397261 0.0333565 0.0271795 0.0213505 0.0160411 0.0114246 0.00764088 0.00475431
 0.00780217 0.0126373 0.0189575 0.0266983 0.0356261 0.0452103 0.0545682 0.0626479 0.0685811 0.0719448 0.0727673 0.0713639 0.068174 0.0636624 0.0582592 0.0523166 0.0460934 0.0397709 0.0334866 0.0273698 0.0215678 0.016253 0.0116071 0.00778179 0.00485243
 0.00764705 0.0123992 0.018626 0.0262749 0.0351254 0.0446608 0.0540123 0.0621393 0.0681753 0.0716855 0.0726736 0.0714266 0.0683612 0.0639327 0.0585762 0.0526581 0.0464516 0.0401455 0.0338753 0.0277614 0.0219421 0.0165867 0.0118815 0.00798808 0.00499361
 0.00762825 0.0123674 0.018576 0.0262012 0.0350238 0.0445302 0.053857 0.0619689 0.0680035 0.071527 0.072542 0.0713321 0.0683092 0.0639231 0.0586039 0.0527164 0.0465364 0.0402568 0.0340145 0.0279267 0.0221243 0.0167697 0.0120472 0.00812279 0.00509162
 0.00761985 0.0123618 0.0185819 0.0262304 0.0350867 0.0446289 0.0539804 0.0620935 0.0681008 0.071573 0.0725246 0.0712538 0.0681843 0.0637722 0.0584486 0.0525751 0.0464224 0.0401788 0.0339774 0.0279312 0.0221654 0.0168365 0.0121247 0.0081964 0.00515129
 0.00762415 0.012361 0.018567 0.0261904 0.0350139 0.044526 0.0538643 0.0619912 0.068038 0.0715615 0.072557 0.0713083 0.0682363 0.0638051 0.0584584 0.0525681 0.0464106 0.0401743 0.0339896 0.0279646 0.0222191 0.0169045 0.0121974 0.00826369 0.00520573
 0.00771542 0.0124905 0.0187265 0.0263589 0.0351619 0.0446237 0.0538901 0.0619383 0.0679166 0.0713977 0.0723851 0.0711595 0.0681276 0.0637358 0.0584157 0.0525371 0.0463827 0.0401492 0.0339726 0.0279619 0.0222338 0.0169348 0.0122372 0.0083052 0.00524209
 0.00766851 0.0124346 0.0186787 0.026345 0.0352054 0.0447307 0.0540399 0.0620864 0.068013 0.0714089 0.0723086 0.0710221 0.0679715 0.0636003 0.0583236 0.052492 0.046374 0.0401628 0.0339975 0.027993 0.02227 0.016975 0.012279 0.00834447 0.00527497
 0.0076047 0.0123434 0.0185661 0.0262275 0.0351093 0.0446881 0.0540806 0.0622275 0.0682464 0.0716961 0.0725878 0.0712299 0.0680679 0.0635825 0.0582212 0.0523486 0.0462282 0.0400377 0.0339013 0.0279252 0.0222266 0.0169519 0.0122715 0.00834727 0.00528279
 0.00754147 0.0122391 0.0184071 0.0260032 0.0348176 0.0443434 0.0537196 0.0619066 0.0680287 0.0716302 0.0726892 0.0714736 0.068396 0.0639254 0.0585216 0.0525775 0.0463861 0.0401431 0.0339765 0.0279859 0.0222806 0.0170008 0.0123143 0.0083826 0.00530979
 0.00758571 0.012292 0.0184516 0.0260106 0.0347549 0.0441851 0.053459 0.0615625 0.0676444 0.0712658 0.0724087 0.071328 0.0684077 0.0640801 0.0587736 0.0528675 0.0466624 0.0403751 0.0341564 0.0281212 0.0223828 0.0170795 0.012375 0.00842816 0.00534212
 0.00764168 0.0123768 0.0185664 0.0261493 0.0349013 0.0443114 0.0535279 0.0615351 0.0674943 0.0709943 0.072052 0.0709503 0.0680822 0.0638655 0.0586968 0.0529184 0.0468026 0.0405561 0.0343369 0.0282764 0.0225048 0.0171705 0.0124409 0.00847452 0.00537347
 0.00769291 0.0124655 0.018709 0.0263628 0.0351968 0.0446848 0.0539516 0.0619563 0.0678439 0.0712044 0.0720757 0.0707773 0.0677444 0.063429 0.0582423 0.0525165 0.046495 0.0403502 0.0342145 0.0282092 0.022468 0.0171486 0.0124268 0.00846579 0.00536878
 0.00751357 0.0121815 0.0182976 0.0258126 0.0345159 0.0439098 0.0531529 0.0612308 0.0672922 0.070899 0.0720388 0.0709781 0.0681172 0.0639004 0.0587545 0.0530371 0.0470124 0.0408596 0.034706 0.0286646 0.0228659 0.0174727 0.0126715 0.0086366 0.00547876
 0.00727119 0.0118074 0.0177719 0.0251301 0.0336868 0.0429605 0.0521303 0.0602063 0.0663598 0.0701626 0.0715908 0.0708762 0.0683672 0.0644546 0.0595269 0.05393 0.04794 0.0417607 0.0355415 0.0294092 0.0235011 0.0179864 0.013061 0.00891083 0.00565665
#obs surv len freq
 nan nan nan nan nan nan nan nan nan nan nan nan nan nan nan nan nan nan nan nan nan nan nan nan nan
 0.0044849 0.00734637 0.0111765 0.015993 0.0216937 0.0279693 0.0342833 0.0400144 0.0446937 0.0481572 0.0505148 0.0520104 0.0529024 0.0534146 0.0537286 0.0539834 0.0542619 0.0545546 0.0546933 0.0542851 0.0527232 0.0493554 0.0438053 0.0362855 0.0276693
 0.00461439 0.00755956 0.0115019 0.0164577 0.0223169 0.0287511 0.0351956 0.0409977 0.0456656 0.0490293 0.0512093 0.0524717 0.0531027 0.0533533 0.0534282 0.0534814 0.0536021 0.0537799 0.053843 0.0533964 0.051835 0.0485111 0.0430499 0.0356571 0.027189
 0.00478036 0.00782913 0.0119073 0.0170293 0.0230775 0.0297078 0.0363288 0.0422559 0.0469692 0.0502812 0.0523094 0.0533292 0.0536471 0.0535424 0.0532522 0.0529612 0.0527823 0.0527197 0.0526086 0.052058 0.0504675 0.0471946 0.0418637 0.0346668 0.0264307
 0.00496843 0.00813805 0.0123781 0.0177016 0.0239822 0.0308536 0.0376906 0.0437702 0.0485437 0.0518116 0.0536937 0.0544753 0.0544746 0.0539867 0.0532698 0.0525366 0.0519317 0.0514905 0.0510751 0.0503169 0.0486338 0.045395 0.0402234 0.033288 0.025371
 0.00517821 0.008482 0.0129013 0.0184483 0.0249877 0.0321313 0.0392177 0.0454823 0.0503419 0.0535805 0.0553188 0.055854 0.0555205 0.0546295 0.0534559 0.0522303 0.0511217 0.050197 0.0493573 0.0482764 0.0464128 0.0431645 0.0381587 0.0315355 0.0240159
 0.00539513 0.00883862 0.0134455 0.0192277 0.0260407 0.0334734 0.0408268 0.0472928 0.0522536 0.0554768 0.0570837 0.0573823 0.0567213 0.0554269 0.0537881 0.0520503 0.0504003 0.0489313 0.0475839 0.0460854 0.0439536 0.0406358 0.0357771 0.029489 0.0224203
 0.00565354 0.00925758 0.0140741 0.0201113 0.0272129 0.0349437 0.0425663 0.0492293 0.0542803 0.0574716 0.058928 0.0589717 0.0579688 0.0562614 0.0541519 0.0518963 0.0496927 0.0476536 0.0457546 0.0437787 0.0413143 0.0378748 0.033139 0.0271963 0.0206173
 0.00588164 0.00963542 0.0146556 0.0209508 0.0283539 0.0364015 0.0443112 0.0511817 0.0563241 0.0594785 0.0607788 0.0605664 0.0592273 0.0571193 0.0545557 0.0518003 0.0490584 0.0464558 0.0439977 0.0415198 0.0386844 0.0350806 0.030433 0.024818 0.0187301
 0.00613821 0.0100535 0.0152869 0.0218446 0.0295487 0.0379104 0.0461064 0.0531875 0.0584252 0.0615401 0.062669 0.0621719 0.0604612 0.057921 0.0548853 0.051629 0.0483624 0.0452179 0.0422206 0.0392513 0.0360425 0.0322617 0.0276864 0.0223882 0.0167901
 0.00637085 0.0104371 0.0158742 0.0226879 0.0306891 0.0393617 0.0478386 0.0551217 0.0604463 0.0635193 0.0644843 0.0637192 0.0616569 0.0587022 0.0552075 0.0514633 0.0476898 0.0440286 0.0405221 0.0370889 0.0335235 0.0295664 0.0250489 0.0200432 0.0149083
 0.00659824 0.0108112 0.0164453 0.0235058 0.0317935 0.0407668 0.0495169 0.056998 0.062407 0.0654344 0.0662289 0.065188 0.0627695 0.0594031 0.0554618 0.0512502 0.0469979 0.0428547 0.0388792 0.0350227 0.0311342 0.0270196 0.0225591 0.0178276 0.0131266
 0.00684373 0.0112103 0.017046 0.0243524 0.0329181 0.0421756 0.0511762 0.0588289 0.0642963 0.0672557 0.0678627 0.0665351 0.0637558 0.0599798 0.0556021 0.0509437 0.0462446 0.0416623 0.0372681 0.0330411 0.0288763 0.0246356 0.0202421 0.015772 0.0114755
 0.00704771 0.0115481 0.0175657 0.0251019 0.0339348 0.0434698 0.0527157 0.0605346 0.0660553 0.0689437 0.0693667 0.0677639 0.0646436 0.060484 0.0556999 0.050628 0.0455193 0.0405403 0.0357754 0.0312274 0.0268298 0.0224911 0.0181687 0.0139387 0.0100058
 0.00725367 0.0118836 0.018072 0.0258178 0.0348894 0.0446708 0.0541363 0.0621078 0.0676812 0.070507 0.0707557 0.0688853 0.0654298 0.0608952 0.0557211 0.050262 0.0447801 0.0394498 0.0343658 0.0295501 0.0249677 0.020564 0.0163231 0.0123181 0.00871278
 0.00745868 0.0122179 0.0185763 0.0265298 0.0358346 0.0458501 0.0555133 0.0636064 0.0691973 0.07193 0.0719869 0.0698478 0.0660707 0.0611841 0.0556479 0.0498335 0.0440158 0.0383785 0.0330257 0.027995 0.0232755 0.0188405 0.0146931 0.0109005 0.00758995
 0.00753413 0.012352 0.0187998 0.0268792 0.0363457 0.0465457 0.0563915 0.0646348 0.0703166 0.0730641 0.073055 0.0707734 0.0667883 0.0616438 0.0558175 0.0496982 0.0435771 0.0376525 0.0320438 0.0268065 0.0219518 0.0174755 0.013394 0.00976751 0.00669151
 0.00758213 0.0124193 0.0188827 0.0269714 0.0364454 0.0466649 0.0565601 0.0648951 0.0707074 0.0736026 0.0737241 0.0715221 0.0675424 0.0623211 0.0563416 0.0500089 0.0436352 0.0374423 0.0315741 0.0261115 0.0210913 0.0165322 0.0124625 0.00893645 0.00602301
 0.00763096 0.0124933 0.0189835 0.0270955 0.0365838 0.0468041 0.0566857 0.064999 0.0707963 0.0737027 0.0738754 0.0717613 0.0678826 0.0627396 0.0567825 0.0503976 0.0438975 0.0375212 0.0314402 0.0257683 0.0205756 0.0159084 0.0118109 0.00833498 0.00552885
 0.00770931 0.0126082 0.019133 0.0272695 0.0367665 0.0469779 0.0568351 0.0651117 0.0708652 0.0737287 0.0738713 0.0717533 0.0679048 0.0628211 0.0569323 0.0505947 0.0440938 0.0376553 0.0314568 0.0256364 0.0202979 0.0155214 0.0113737 0.00791168 0.00517041
 0.00775862 0.0126918 0.0192643 0.0274606 0.0370222 0.0472887 0.0571723 0.0654307 0.0711181 0.0738805 0.0739109 0.0716949 0.0677813 0.0626744 0.0568012 0.0505041 0.0440451 0.0376252 0.0314061 0.0255261 0.0201071 0.0152566 0.0110667 0.00760636 0.00490614
 0.007812 0.0127704 0.0193679 0.0275851 0.0371627 0.047443 0.0573416 0.0656159 0.071313 0.0740674 0.0740625 0.0717843 0.0677937 0.0626141 0.0566905 0.0503737 0.0439215 0.0375193 0.0313101 0.0254194 0.0199692 0.01508 0.0108623 0.00739867 0.00472189
 0.00785168 0.0128339 0.0194611 0.0277114 0.0373211 0.0476256 0.0575335 0.0657978 0.0714679 0.074186 0.0741439 0.0718305 0.0678043 0.0625851 0.0566198 0.0502665 0.0437912 0.0373819 0.0311758 0.0252886 0.0198349 0.0149361 0.0107106 0.00725 0.00459087
 0.0078576 0.0128422 0.0194712 0.0277228 0.037334 0.0476423 0.0575578 0.0658346 0.0715196 0.074251 0.0742172 0.0719054 0.0678742 0.0626439 0.0566614 0.0502854 0.0437845 0.0373511 0.031126 0.0252246 0.0197594 0.0148505 0.0106181 0.00715757 0.00450765
 0.0078757 0.0128652 0.0194941 0.0277371 0.0373304 0.0476147 0.0575073 0.0657697 0.0714548 0.0742021 0.0741967 0.0719189 0.0679198 0.0627132 0.0567421 0.0503643 0.0438505 0.0373967 0.0311476 0.0252226 0.0197367 0.0148113 0.010568 0.00710344 0.00445674
 0.00789329 0.0128901 0.0195244 0.0277679 0.0373542 0.0476226 0.0574909 0.0657241 0.0713809 0.0741091 0.074101 0.0718404 0.0678751 0.0627107 0.0567794 0.0504307 0.0439304 0.0374745 0.0312114 0.0252653 0.0197563 0.01481 0.010551 0.00707749 0.00442871
 0.00792226 0.0129347 0.0195868 0.0278475 0.0374473 0.0477217 0.0575843 0.0657969 0.0714184 0.0741011 0.0740462 0.071748 0.0677626 0.0625994 0.0566879 0.0503697 0.043901 0.0374693 0.0312189 0.0252743 0.0197588 0.014803 0.0105354 0.00705695 0.0044076
 0.00790908 0.0129155 0.0195621 0.0278196 0.0374195 0.0476977 0.0575673 0.0657887 0.0714186 0.0741068 0.0740525 0.0717495 0.0677565 0.0625869 0.056675 0.0503647 0.0439102 0.0374944 0.0312557 0.0253148 0.0197946 0.0148283 0.0105484 0.00705967 0.00440388
 0.0078795 0.0128648 0.0194815 0.0277004 0.0372571 0.0474962 0.0573428 0.0655685 0.0712344 0.0739849 0.0740063 0.0717774 0.0678451 0.0627168 0.0568271 0.050524 0.0440678 0.0376454 0.0313966 0.0254412 0.0199017 0.0149119 0.0106076 0.00709689 0.00442413
 0.00785262 0.0128192 0.0194092 0.0275929 0.0371068 0.0472997 0.057105 0.0653046 0.0709695 0.0737505 0.0738337 0.0716909 0.0678549 0.0628172 0.056999 0.0507412 0.0443042 0.0378799 0.0316144 0.0256332 0.0200622 0.0150383 0.0107001 0.00715892 0.00446178
 0.00784693 0.0128044 0.0193767 0.0275311 0.037004 0.0471483 0.0569056 0.0650677 0.0707138 0.0734998 0.0736138 0.0715264 0.0677666 0.0628175 0.0570881 0.0509065 0.0445229 0.0381249 0.0318602 0.0258597 0.0202564 0.0151936 0.0108155 0.00723817 0.00451155
 0.00784296 0.0127987 0.019369 0.0275206 0.0369878 0.0471202 0.0568562 0.0649866 0.0705943 0.0733434 0.0734326 0.0713417 0.0676041 0.0627017 0.0570373 0.0509285 0.0446137 0.0382694 0.0320362 0.0260433 0.0204273 0.015338 0.0109271 0.007317 0.00456233
 0.00780706 0.0127413 0.0192848 0.0274062 0.0368431 0.0469507 0.0566735 0.0648066 0.0704328 0.073211 0.0733328 0.0712728 0.0675648 0.0626945 0.0570682 0.0510046 0.0447377 0.0384366 0.0322336 0.0262519 0.0206266 0.0155112 0.0110643 0.00741604 0.00462733
 0.00777341 0.0126858 0.0192 0.0272849 0.036681 0.0467489 0.0564414 0.064563 0.0702022 0.0730181 0.0731961 0.0712015 0.0675575 0.0627429 0.0571623 0.0511358 0.0449005 0.0386262 0.0324423 0.0264676 0.0208339 0.0156947 0.0112131 0.00752591 0.00470097
 0.00774013 0.0126286 0.0191081 0.0271471 0.0364881 0.0464989 0.0561439 0.0642398 0.0698845 0.0727393 0.0729857 0.0710795 0.0675323 0.062811 0.0573097 0.0513433 0.0451477 0.0388952 0.0327181 0.0267365 0.0210824 0.0159104 0.0113869 0.00765479 0.0047881
 0.00768121 0.0125346 0.01897 0.0269577 0.0362433 0.0462001 0.0558004 0.0638709 0.0695182 0.0724085 0.0727229 0.0709118 0.0674771 0.0628727 0.0574798 0.0516019 0.0454684 0.0392495 0.0330793 0.0270822 0.0213944 0.0161755 0.0115975 0.0078096 0.00489256
 0.00769057 0.0125417 0.0189659 0.0269285 0.0361742 0.0460798 0.0556261 0.0636495 0.0692642 0.0721412 0.0724636 0.070683 0.0673014 0.0627703 0.0574646 0.0516774 0.0456263 0.0394712 0.0333399 0.0273551 0.0216555 0.0164058 0.0117851 0.00795017 0.00498891
 0.00768066 0.0125338 0.0189683 0.0269522 0.0362268 0.0461586 0.0557135 0.0637158 0.0692779 0.0720813 0.072328 0.0704882 0.0670763 0.0625488 0.0572784 0.0515515 0.0455752 0.0394965 0.0334309 0.0274919 0.021814 0.0165629 0.0119231 0.00805909 0.00506636
 0.00763336 0.0124604 0.0188651 0.0268201 0.0360732 0.0459988 0.0555696 0.0636109 0.0692272 0.0720834 0.0723637 0.0705297 0.0671005 0.0625473 0.0572594 0.0515345 0.0455818 0.0395426 0.0335217 0.0276205 0.0219645 0.0167158 0.0120605 0.00816943 0.00514586
 0.00761535 0.0124269 0.018807 0.026727 0.0359368 0.0458182 0.0553557 0.0633877 0.0690266 0.0719364 0.0722903 0.0705324 0.0671641 0.0626456 0.057367 0.0516363 0.0456765 0.0396386 0.0336294 0.0277448 0.0221015 0.0168542 0.0121868 0.00827302 0.00522194
 0.00758781 0.0123854 0.0187503 0.026655 0.0358496 0.0457141 0.0552319 0.0632428 0.0688647 0.0717705 0.0721421 0.0704265 0.067119 0.0626667 0.0574448 0.0517514 0.0458085 0.0397742 0.0337637 0.0278781 0.0222334 0.0169808 0.0123006 0.00836667 0.00529162
 0.00758904 0.0123867 0.018751 0.0266541 0.0358461 0.045707 0.05522 0.0632236 0.0688338 0.0717224 0.072073 0.0703386 0.0670231 0.0625801 0.0573847 0.0517279 0.0458219 0.039817 0.033826 0.0279517 0.0223128 0.0170608 0.0123757 0.00843125 0.00534171
 0.00754514 0.0123197 0.0186584 0.0265369 0.0357086 0.0455569 0.0550679 0.0630825 0.0687171 0.0716401 0.0720293 0.0703308 0.0670443 0.0626231 0.0574456 0.0518065 0.0459194 0.0399319 0.0339532 0.0280832 0.02244 0.0171765 0.0124744 0.00850971 0.0053992
 0.00754915 0.0123214 0.0186524 0.0265155 0.0356643 0.0454861 0.0549737 0.0629745 0.0686087 0.0715443 0.0719551 0.0702823 0.0670215 0.0626229 0.0574642 0.051841 0.0459684 0.0399951 0.0340295 0.0281691 0.0225296 0.0172627 0.0125509 0.00857195 0.00544547
 0.00753608 0.0123032 0.0186303 0.0264916 0.0356401 0.0454601 0.0549409 0.0629284 0.0685451 0.0714651 0.0718696 0.0702039 0.0669627 0.0625914 0.0574615 0.0518641 0.0460123 0.0400549 0.0341009 0.028248 0.0226112 0.0173412 0.0126207 0.00862892 0.0054878
 0.00754029 0.0123098 0.0186399 0.0265049 0.0356576 0.0454825 0.0549679 0.0629574 0.0685703 0.0714781 0.0718616 0.0701701 0.0669055 0.0625204 0.0573898 0.0518039 0.0459713 0.0400359 0.0341028 0.0282673 0.0226429 0.0173797 0.0126601 0.00866412 0.00551573
 0.00752644 0.0122909 0.0186179 0.026484 0.0356429 0.045478 0.0549752 0.0629756 0.0685962 0.0715074 0.0718889 0.0701893 0.0669108 0.0625086 0.0573623 0.0517671 0.0459344 0.0400077 0.0340889 0.0282691 0.0226582 0.017404 0.0126879 0.00869061 0.00553757
 0.00750989 0.0122641 0.018578 0.0264293 0.0355741 0.0453996 0.0548963 0.0629085 0.068553 0.0714953 0.071908 0.0702329 0.0669678 0.0625676 0.0574141 0.0518067 0.045962 0.0400274 0.0341064 0.0282894 0.0226833 0.0174327 0.0127173 0.00871729 0.00555899
 0.00748487 0.012223 0.0185156 0.0263408 0.0354567 0.0452549 0.0547323 0.0627402 0.0684005 0.0713791 0.0718444 0.0702296 0.0670223 0.0626683 0.0575436 0.0519468 0.0460977 0.0401498 0.0342124 0.0283797 0.0227602 0.0174978 0.0127709 0.00875918 0.00558943
 0.00748997 0.0122274 0.0185148 0.0263281 0.0354243 0.0451963 0.0546453 0.0626278 0.0682714 0.0712465 0.0717242 0.0701381 0.0669729 0.0626674 0.0575895 0.0520297 0.0462029 0.0402622 0.03432 0.0284755 0.0228414 0.0175643 0.0128235 0.00879892 0.00561763
 0.00748997 0.0122274 0.0185148 0.0263281 0.0354243 0.0451963 0.0546453 0.0626278 0.0682714 0.0712465 0.0717242 0.0701381 0.0669729 0.0626674 0.0575895 0.0520297 0.0462029 0.0402622 0.03432 0.0284755 0.0228414 0.0175643 0.0128235 0.00879892 0.00561763
 0.00724575 0.0118444 0.0179661 0.0256011 0.0345274 0.044166 0.0535516 0.061572 0.0673682 0.0705982 0.071397 0.070152 0.0673046 0.063262 0.0583739 0.0529256 0.0471365 0.0411704 0.0351544 0.029203 0.0234444 0.0180385 0.0131757 0.00904439 0.00577686
 0.00718475 0.0117173 0.0177239 0.0251834 0.0338798 0.043267 0.0524359 0.0603344 0.0661443 0.0695309 0.0706065 0.0697165 0.067255 0.0635829 0.0590113 0.0537983 0.0481505 0.0422323 0.0361825 0.030134 0.0242366 0.0186722 0.0136509 0.00937671 0.00599223
#pred catch len freq
 0.00319185 0.00515641 0.0077339 0.0109552 0.0148587 0.0194501 0.0246405 0.0302246 0.0359167 0.041406 0.0464031 0.0506793 0.0541015 0.0566435 0.0583701 0.0594113 0.059939 0.0601297 0.0600767 0.0596503 0.0583859 0.0555469 0.0504533 0.042954 0.0337212
 0.00344993 0.00551276 0.00815599 0.0113805 0.015221 0.0197161 0.0248313 0.0304017 0.0361386 0.0416834 0.0466861 0.0508865 0.0541723 0.0565801 0.0582435 0.0593273 0.0599803 0.0603018 0.060286 0.0597322 0.0581769 0.0549679 0.0495562 0.0419012 0.0327105
 0.0035352 0.00568765 0.00848132 0.0119222 0.0160191 0.0207452 0.0259806 0.0315009 0.0370254 0.0422726 0.0469897 0.0509746 0.0541114 0.0564007 0.0579548 0.0589516 0.0595662 0.0598981 0.0598976 0.0592981 0.0575973 0.0541696 0.0485519 0.0407998 0.0316683
 0.0036893 0.00592127 0.00880699 0.0123549 0.0165899 0.0215115 0.0270136 0.0328429 0.0386329 0.0439859 0.0485645 0.0521703 0.0547815 0.0565293 0.0576253 0.0582864 0.0586811 0.058882 0.0588038 0.0581391 0.0563549 0.0528292 0.047145 0.0394193 0.0304393
 0.00389902 0.00625354 0.00929027 0.0130087 0.0174216 0.0225141 0.0281683 0.0341278 0.0400332 0.0454882 0.0501277 0.0536888 0.0560793 0.0574057 0.057931 0.0579787 0.057825 0.0576057 0.0572429 0.0564009 0.0545144 0.0509501 0.0453075 0.0377296 0.0290079
 0.00413232 0.00662551 0.00983768 0.013764 0.0184106 0.0237502 0.0296415 0.035795 0.0418171 0.0472901 0.0518468 0.0552356 0.0573721 0.0583541 0.0584275 0.0579187 0.0571469 0.056324 0.0554491 0.0542361 0.0521374 0.0485213 0.0429856 0.0356641 0.0273168
 0.00438848 0.00703093 0.0104288 0.0145713 0.0194586 0.025055 0.0312025 0.0375849 0.0437741 0.0493172 0.0538199 0.0570201 0.058843 0.0594093 0.0589883 0.0579202 0.0565367 0.0550775 0.0535956 0.0518763 0.0494412 0.0457056 0.0402816 0.0332788 0.0253943
 0.00465692 0.00746107 0.0110655 0.0154551 0.020622 0.0265148 0.0329493 0.0395744 0.0459264 0.0515237 0.0559541 0.0589483 0.0604355 0.0605524 0.0595917 0.0579189 0.0558879 0.0537622 0.0516324 0.0493451 0.0465008 0.0425898 0.0372636 0.0306128 0.0232555
 0.00490806 0.00786704 0.0116739 0.016313 0.0217728 0.0279898 0.0347539 0.0416737 0.048239 0.0539253 0.0582912 0.0610584 0.0621688 0.0617873 0.0602398 0.0579216 0.0552099 0.0523908 0.0495881 0.0467035 0.0434163 0.0393 0.0340588 0.0277723 0.0209766
 0.00514372 0.00824752 0.0122433 0.0171151 0.0228487 0.0293713 0.0364515 0.0436647 0.0504593 0.0562697 0.06062 0.0632116 0.0639859 0.0631267 0.0609933 0.0580175 0.0546091 0.0510828 0.0475967 0.0441048 0.0403615 0.0360232 0.030851 0.0249187 0.0186825
 0.00543785 0.00870561 0.0128973 0.017987 0.0239541 0.0307226 0.0380544 0.0455066 0.0524973 0.0584232 0.0627723 0.0652213 0.0657044 0.0644171 0.0617432 0.0581453 0.054065 0.049849 0.0456933 0.0416055 0.0374128 0.0328518 0.027739 0.022145 0.0164493
 0.005668 0.00907571 0.0134468 0.0187506 0.0249561 0.0319688 0.0395237 0.0471498 0.0542453 0.0602002 0.0645036 0.0668314 0.0671105 0.0655265 0.0624584 0.058374 0.0537316 0.0489058 0.0441335 0.0394803 0.0348482 0.0300529 0.0249658 0.0196563 0.0144362
 0.00591147 0.00946462 0.0140206 0.0195445 0.0259988 0.0332759 0.0410857 0.04892 0.0561353 0.0620885 0.066256 0.0683266 0.0682605 0.066281 0.0627929 0.0582709 0.0531675 0.0478542 0.0425831 0.0374618 0.0324597 0.0274684 0.0224142 0.0173701 0.0125878
 0.00618627 0.00989781 0.0146483 0.0203943 0.0270884 0.0346102 0.042649 0.0506669 0.0579868 0.0639354 0.0679694 0.0697751 0.0693312 0.0668985 0.0629272 0.0579289 0.0523743 0.0466365 0.0409666 0.0354884 0.0302135 0.0250921 0.0200979 0.0153092 0.0109281
 0.00641929 0.0102777 0.0152224 0.0212079 0.0281774 0.0359876 0.0442901 0.0525017 0.0599055 0.065805 0.0696533 0.0711493 0.0702969 0.0673907 0.0629192 0.0574305 0.0514228 0.0452841 0.0392724 0.0335207 0.0280637 0.022887 0.0179944 0.0134643 0.009456
 0.00658139 0.0105433 0.0156276 0.0217924 0.0289818 0.0370467 0.0456191 0.05408 0.061665 0.067628 0.0713861 0.0726291 0.0713839 0.0679926 0.0629992 0.0570007 0.0505295 0.0439937 0.0376622 0.0316779 0.0260901 0.0209042 0.0161373 0.0118592 0.00818915
 0.00663628 0.0106454 0.0158062 0.0220854 0.0294312 0.0376889 0.0464746 0.0551454 0.0629097 0.0689938 0.0727868 0.0739542 0.0725096 0.0688012 0.0634013 0.0569507 0.0500298 0.0430871 0.0364207 0.0301934 0.0244701 0.0192683 0.0146085 0.0105444 0.00715714
 0.00671022 0.0107555 0.0159552 0.0222748 0.0296684 0.037995 0.0468861 0.0557042 0.0636435 0.069896 0.0738082 0.0750096 0.0734946 0.0696108 0.0639442 0.0571598 0.0498703 0.0425617 0.0355698 0.0290902 0.0232133 0.0179714 0.0133853 0.00949044 0.00633122
 0.00669286 0.010723 0.0158982 0.0221821 0.0295305 0.0378105 0.04667 0.055495 0.0635042 0.0699047 0.0740361 0.0754931 0.0742135 0.0704843 0.0648483 0.0579576 0.0504434 0.0428324 0.0355114 0.0287279 0.0226162 0.017238 0.0126235 0.00879562 0.00576769
 0.00674059 0.0107833 0.0159565 0.0222129 0.0295023 0.0376955 0.0464544 0.0551863 0.0631349 0.0695323 0.0737379 0.0753526 0.074298 0.0708196 0.0654019 0.0586409 0.0511324 0.0434011 0.0358648 0.0288231 0.0224676 0.016907 0.0121975 0.00836257 0.00539395
 0.00692915 0.011062 0.0163229 0.0226435 0.0299545 0.0381144 0.0467802 0.055363 0.0631228 0.069322 0.0733603 0.0748774 0.0738199 0.070435 0.065182 0.0586097 0.0512581 0.0436065 0.0360539 0.0289142 0.022419 0.0167256 0.0119287 0.00806781 0.00512747
 0.00710918 0.0113431 0.0167235 0.02317 0.0305971 0.0388416 0.0475337 0.0560596 0.0636668 0.0696277 0.0733752 0.0745987 0.0732979 0.069763 0.0644744 0.0579715 0.0507577 0.0432598 0.0358279 0.0287485 0.0222554 0.0165316 0.0117048 0.00783846 0.00492309
 0.00711754 0.0113765 0.0168106 0.0233502 0.0309113 0.0393161 0.0481643 0.0568031 0.064444 0.0703366 0.073911 0.0748766 0.0732749 0.0694511 0.0639387 0.057313 0.0500843 0.0426567 0.0353381 0.0283716 0.0219625 0.0162886 0.0114901 0.00764824 0.00476426
 0.00707759 0.0113182 0.0167371 0.0232742 0.0308589 0.0393283 0.0482927 0.057096 0.0649236 0.0709776 0.0746337 0.0755632 0.0738025 0.0697283 0.0639305 0.0570468 0.049636 0.0421239 0.0348099 0.0279069 0.0215839 0.0159917 0.0112594 0.00746962 0.00462956
 0.00708898 0.0113223 0.0167172 0.0232071 0.0307224 0.0391147 0.0480204 0.0568146 0.0647067 0.0709035 0.074759 0.0758973 0.0742957 0.0702816 0.0644274 0.0573924 0.0497861 0.0420914 0.0346485 0.0276835 0.0213543 0.0157888 0.0110952 0.00734369 0.00453719
 0.00711296 0.0113567 0.0167592 0.0232483 0.0307476 0.0391019 0.0479451 0.0566588 0.0644722 0.0706229 0.0744955 0.0757279 0.0742819 0.0704422 0.0647266 0.0577518 0.0501156 0.0423223 0.0347546 0.0276793 0.0212784 0.0156828 0.0109898 0.00725517 0.00447061
 0.00694869 0.011121 0.0164624 0.0229194 0.0304254 0.03882 0.0477206 0.0564893 0.0643427 0.0705172 0.0744085 0.0756736 0.0742923 0.0705549 0.0649643 0.0581049 0.0505378 0.0427461 0.0351163 0.027941 0.0214352 0.0157548 0.0110071 0.00724508 0.00445172
 0.00683494 0.0109338 0.0161784 0.0225208 0.0299096 0.038212 0.0470797 0.0559004 0.0638911 0.0702588 0.0743528 0.07579 0.0745338 0.0708817 0.0653546 0.0585486 0.0510222 0.043244 0.035587 0.0283434 0.0217426 0.0159628 0.0111304 0.0073081 0.00447833
 0.00679123 0.0108551 0.0160448 0.0223066 0.0295866 0.0377576 0.0464887 0.0551984 0.0631417 0.0695585 0.0738099 0.0754919 0.0745184 0.0711289 0.0658023 0.0591212 0.0516522 0.0438792 0.0361862 0.0288721 0.0221748 0.0162867 0.0113508 0.00744329 0.00455269
