SBPRF35
7.78865
Curr Bio
431964
B35
690668
F35
0.212356
FOFL
0.129901
OFL
45294.3
Bzero
2.22533e+006
#pred survey bio
 4.69508e+006 4.46521e+006 4.22957e+006 3.9393e+006 3.60644e+006 3.29788e+006 2.95627e+006 2.62629e+006 2.33217e+006 2.05614e+006 1.81467e+006 1.5962e+006 1.41086e+006 1.26685e+006 1.12634e+006 984830 880981 819819 748013 710407 670627 647057 641689 629614 622133 614611 620509 618866 611415 612566 602568 594717 588635 575245 567139 552218 533153 527515 522563 532526 541211 554153 561540 563845 568754 582073 584363 590233 589084 584682 582277 526634 468199 444161 436809 1.54074e+007 9.10999e+006 9.3492e+006 1.02359e+007 1.14749e+007 1.27694e+007 1.39393e+007 1.4909e+007 1.56693e+007 1.62436e+007 1.66668e+007 1.69737e+007 1.71942e+007 1.73518e+007 1.74645e+007 1.75453e+007 1.76033e+007 1.76453e+007 1.76758e+007 1.76982e+007 1.77148e+007 1.7727e+007 1.77362e+007 1.77431e+007 1.77483e+007 1.77522e+007 1.77552e+007 1.77575e+007 1.77592e+007 1.77605e+007 1.77615e+007 1.77623e+007 1.77629e+007 1.77634e+007 1.77638e+007 1.7764e+007 1.77642e+007 1.77644e+007 1.77645e+007 1.77646e+007 1.77647e+007 1.77648e+007 1.77648e+007 1.77649e+007 1.77649e+007 1.77649e+007 1.77649e+007 1.77649e+007 1.77649e+007 1.7765e+007 1.7765e+007 1.7765e+007 1.7765e+007 1.7765e+007 1.7765e+007 1.7765e+007 1.7765e+007 1.7765e+007 1.7765e+007 1.7765e+007 1.7765e+007 1.7765e+007 1.7765e+007 1.7765e+007 1.7765e+007 1.7765e+007 1.7765e+007 1.7765e+007 1.7765e+007 1.7765e+007 1.7765e+007 1.7765e+007 1.7765e+007 1.7765e+007 1.7765e+007 1.7765e+007 1.7765e+007 1.7765e+007 1.7765e+007 1.7765e+007 1.7765e+007 1.7765e+007 1.7765e+007 1.7765e+007 1.7765e+007 1.7765e+007 1.7765e+007 1.7765e+007 1.7765e+007 1.7765e+007 1.7765e+007 1.7765e+007 1.7765e+007 1.7765e+007 1.7765e+007 1.7765e+007 1.7765e+007 1.7765e+007 1.7765e+007 1.7765e+007 0 0 0 0 0 0 0 0 0 0 0 0 0 0 0 0 0 0 0 0 0 0 0 0 0
#obs survey bio
 3.13199e+006 3.13629e+006 3.04369e+006 4.25754e+006 2.03539e+006 3.52014e+006 2.35318e+006 1.75403e+006 2.96142e+006 2.08562e+006 1.23182e+006 1.39941e+006 901321 1.0911e+006 1.1139e+006 804552 747936 848558 644054 737876 483148 392267 639077 614314 337349 495437 564558 653673 961595 582158 520477 654086 515251 898305 470616 424248 535263 516588 569516 442198 303566 426428 486857 475499 464194 600014 544777 624140 863199 498767 665367 575238 466027 409832 479041
#pred catch bio
 94369.3 96739.9 154445 213318 218815 280494 303019 301048 310359 300271 296269 279109 250862 251288 250887 214737 174565 179163 146023 144907 129009 112578 116723 111058 109562 97128 101976 104066 93938.8 100701 96123.7 91970.5 94928.6 86700.8 89272.6 92178.2 84233.1 88266.6 79071.8 82680.5 80872.5 86227 90072.7 86999.9 79109 87355.6 83280.3 87795.1 88442.7 85098.9 127714 126646 95382.7 78947.2 65451.2 45294.3 70118.5 70386.2 75583 84427.3 94041.6 102699 109740 115110 119024 121784 123683 124966 125819 126379 126744 126981 127132 127230 127291 127331 127356 127371 127381 127388 127392 127394 127396 127397 127397 127398 127398 127398 127398 127398 127398 127398 127398 127398 127398 127398 127398 127398 127398 127398 127398 127398 127398 127398 127398 127398 127398 127398 127398 127398 127398 127398 127398 127398 127398 127398 127398 127398 127398 127398 127398 127398 127398 127398 127398 127398 127398 127398 127398 127398 127398 127398 127398 127398 127398 127398 127398 127398 127398 127398 127398 127398 127398 127398 127398 127398 127398 127398 127398 127398 127398 127398 127398 127398 127398 0 0 0 0 0 0 0 0 0 0 0 0 0 0 0 0 0 0 0 0 0 0 0 0 0
#obs catch bio
 0 96561.1 155148 215064 220666 285051 309525 309246 319199 308877 305904 289053 260413 260705 261268 221888 179238 183488 149152 148175 132209 115605 119266 113386 112263 98848.6 103979 106127 94714.9 101895 97374 92970.2 96283.7 87328.1 89721.8 93308 84839 89436.8 79426.9 83222 81784.4 87117.2 90848.3 87793.4 79485.6 87513.1 83308.1 88180.3 88151.5 84409.6 127385 126213 95130.6 79121 65352.8
#pred cpue bio
 4.61069e+006 4.38667e+006 4.15622e+006 3.86835e+006 3.53685e+006 3.22923e+006 2.88926e+006 2.56109e+006 2.26889e+006 1.99532e+006 1.75615e+006 1.53988e+006 1.35667e+006 1.21468e+006 1.07699e+006 939042 838135 779058 709841 673597 635164 612274 607238 595977 589025 581960 587996 586937 580421 582197 572958 565747 560356 548028 540962 526931 507640 500362 494312 503698 512102 524636 532009 534522 539603 552955 555554 561438 560709 556910 554789 500638 443447 419951 413748 1.46619e+007 8.69248e+006 8.77399e+006 9.46876e+006 1.06336e+007 1.19089e+007 1.30746e+007 1.40435e+007 1.48037e+007 1.53779e+007 1.58011e+007 1.6108e+007 1.63285e+007 1.64862e+007 1.65989e+007 1.66796e+007 1.67376e+007 1.67796e+007 1.68102e+007 1.68326e+007 1.68491e+007 1.68613e+007 1.68705e+007 1.68774e+007 1.68826e+007 1.68865e+007 1.68895e+007 1.68918e+007 1.68935e+007 1.68948e+007 1.68959e+007 1.68966e+007 1.68972e+007 1.68977e+007 1.68981e+007 1.68984e+007 1.68986e+007 1.68987e+007 1.68989e+007 1.6899e+007 1.6899e+007 1.68991e+007 1.68991e+007 1.68992e+007 1.68992e+007 1.68992e+007 1.68992e+007 1.68993e+007 1.68993e+007 1.68993e+007 1.68993e+007 1.68993e+007 1.68993e+007 1.68993e+007 1.68993e+007 1.68993e+007 1.68993e+007 1.68993e+007 1.68993e+007 1.68993e+007 1.68993e+007 1.68993e+007 1.68993e+007 1.68993e+007 1.68993e+007 1.68993e+007 1.68993e+007 1.68993e+007 1.68993e+007 1.68993e+007 1.68993e+007 1.68993e+007 1.68993e+007 1.68993e+007 1.68993e+007 1.68993e+007 1.68993e+007 1.68993e+007 1.68993e+007 1.68993e+007 1.68993e+007 1.68993e+007 1.68993e+007 1.68993e+007 1.68993e+007 1.68993e+007 1.68993e+007 1.68993e+007 1.68993e+007 1.68993e+007 1.68993e+007 1.68993e+007 1.68993e+007 1.68993e+007 1.68993e+007 1.68993e+007 1.68993e+007 1.68993e+007 1.68993e+007 1.68993e+007 0 0 0 0 0 0 0 0 0 0 0 0 0 0 0 0 0 0 0 0 0 0 0 0 0
#obs cpue bio
 3.55954e+006 3.25304e+006 3.77972e+006 2.71046e+006 2.5169e+006 2.28882e+006 1.94794e+006 1.67148e+006 1.76326e+006 1.51438e+006 1.64415e+006 998057 977213 1.18352e+006 693649 929212 652981 859070 465215 524721 459232 433150 756219 413729 633765 622999 500325 454692 559626 489683 454031 471975 477564 432960 770112 379292 533911 339138 615433 533835 466713 707090 655802 517404 688279 861638 563356 401973 754590 766970 473147 478375 406717 351647 454520
#pred surv len freq
 0.00534217 0.00864248 0.0129471 0.0182112 0.0242871 0.030846 0.0373496 0.0431776 0.0478643 0.0512593 0.0535023 0.0548756 0.0556644 0.0560811 0.0562333 0.0561188 0.0556417 0.0546482 0.052957 0.0503725 0.0466951 0.0417752 0.0356327 0.0285884 0.0212869
 0.00555352 0.0088741 0.0130952 0.0181272 0.0238382 0.029999 0.0362246 0.0420218 0.0469458 0.0507412 0.0533729 0.0549739 0.0557759 0.0560466 0.0560196 0.0558272 0.0554581 0.054757 0.0534541 0.0512176 0.0477275 0.0427851 0.0364486 0.0291338 0.0215814
 0.00592605 0.00945082 0.0139011 0.0191448 0.0249879 0.0311268 0.037115 0.0424565 0.0467977 0.0500505 0.0523427 0.0538698 0.0547943 0.0552404 0.0553265 0.0551651 0.0548139 0.0542074 0.0531147 0.0511617 0.047932 0.0431387 0.036811 0.029402 0.0217224
 0.00623675 0.00995878 0.0146699 0.0202323 0.0264287 0.0329046 0.0391306 0.0445121 0.0486179 0.0513471 0.0529044 0.0536389 0.0538848 0.05388 0.0537536 0.0535479 0.0532386 0.0527225 0.051777 0.0500387 0.0470684 0.0425252 0.0363897 0.0291011 0.0214905
 0.00657078 0.0104877 0.015441 0.0212842 0.0277896 0.0345859 0.0411131 0.0467275 0.0509338 0.0535638 0.0547711 0.0548986 0.0543426 0.0534682 0.0525562 0.0517647 0.0511105 0.0504664 0.04956 0.0479846 0.0452668 0.0410292 0.0352111 0.0282163 0.0208562
 0.0068566 0.010946 0.0161193 0.0222231 0.0290171 0.0361081 0.0429044 0.0487272 0.0530527 0.055692 0.056778 0.0566248 0.0556007 0.0540707 0.0523686 0.0507593 0.0493864 0.0482231 0.0470421 0.0454279 0.0428661 0.0389246 0.0334837 0.0268903 0.0199073
 0.00720015 0.0114903 0.0169123 0.023301 0.0303995 0.0377905 0.0448483 0.0508556 0.0552584 0.0578554 0.0587826 0.0583608 0.0569571 0.0549254 0.052593 0.050245 0.0480897 0.0462023 0.0444639 0.0425382 0.0399378 0.0362053 0.0311569 0.0250548 0.0185758
 0.00750301 0.0119811 0.0176478 0.0243327 0.0317632 0.0394913 0.0468445 0.053055 0.0575321 0.0600638 0.0607986 0.0600797 0.0582937 0.055803 0.0529321 0.0499619 0.0471136 0.0445103 0.0421202 0.0397119 0.0368846 0.0332162 0.0284926 0.0228907 0.0169763
 0.0077743 0.0124149 0.0182881 0.025218 0.0329224 0.0409362 0.0485585 0.0549844 0.0595868 0.0621284 0.0627474 0.0617924 0.0596664 0.0567522 0.0533899 0.0498674 0.0464106 0.0431618 0.0401401 0.0371995 0.0340379 0.0303061 0.0258011 0.0206393 0.0152759
 0.0081418 0.0129856 0.0190977 0.0262828 0.0342396 0.0424835 0.050292 0.0568367 0.0614727 0.0639556 0.0644266 0.0632413 0.0608098 0.057522 0.0537257 0.0497161 0.0457258 0.0419106 0.0383226 0.0348786 0.0313638 0.0275107 0.0231533 0.0183739 0.0135311
 0.00850551 0.0135617 0.0199354 0.0274155 0.0356764 0.0441983 0.0522132 0.0588491 0.0634384 0.0657448 0.0659426 0.0644264 0.0616352 0.0579724 0.0537856 0.0493635 0.0449322 0.0406494 0.0365874 0.0327106 0.0288769 0.0248962 0.0206486 0.0162009 0.0118337
 0.0088306 0.014084 0.0207095 0.0284872 0.0370727 0.0459126 0.0541893 0.0609756 0.0655621 0.0677002 0.0675838 0.0656492 0.0623863 0.0582442 0.0536006 0.0487535 0.0439217 0.0392512 0.0348141 0.0306003 0.0265201 0.0224479 0.0183084 0.0141636 0.0102314
 0.00908481 0.0144943 0.0213219 0.0293431 0.0382025 0.047324 0.0558537 0.0628206 0.067476 0.0695481 0.0692264 0.0669617 0.0632736 0.0586517 0.0535175 0.0482042 0.04295 0.0379047 0.0331395 0.0286542 0.0243892 0.0202623 0.0162319 0.0123572 0.00880704
 0.00920148 0.0146932 0.0216388 0.0298185 0.0388747 0.0482178 0.0569676 0.0641205 0.0688982 0.0710081 0.0706284 0.0682058 0.0642634 0.0593044 0.0537741 0.0480377 0.0423657 0.0369347 0.0318353 0.0270847 0.0226465 0.018466 0.0145215 0.0108659 0.00762706
 0.00931335 0.0148831 0.0219398 0.030267 0.0395038 0.0490454 0.0579853 0.0652879 0.0701484 0.0722596 0.071798 0.0692169 0.0650502 0.0598132 0.0539645 0.0478844 0.0418616 0.0360941 0.030696 0.0257093 0.0211227 0.0169047 0.0130452 0.00958643 0.00661896
 0.00953591 0.0152325 0.0224424 0.0309396 0.0403512 0.0500572 0.0591303 0.0665112 0.0713748 0.0734048 0.0727815 0.0699729 0.0655339 0.0600019 0.0538538 0.0474819 0.041183 0.0351616 0.0295434 0.0243878 0.0197056 0.0154858 0.011727 0.00845959 0.00574044
 0.00967831 0.0154567 0.0227666 0.0313759 0.0409044 0.0507222 0.0598893 0.0673324 0.0722156 0.074218 0.0735202 0.0705934 0.0659963 0.0602724 0.0539078 0.0473066 0.0407775 0.0345375 0.0287248 0.0234149 0.0186381 0.0144007 0.0107092 0.00758477 0.0050564
 0.00972529 0.0155211 0.0228421 0.0314513 0.0409697 0.0507776 0.0599505 0.0674292 0.0723827 0.0744815 0.0738876 0.0710487 0.0665019 0.0607744 0.0543452 0.0476209 0.0409221 0.0344841 0.0284682 0.0229749 0.0180587 0.0137463 0.0100541 0.00699761 0.00458443
 0.00997474 0.0158993 0.0233591 0.0320952 0.0417062 0.0515532 0.0606971 0.0680733 0.0728612 0.0747605 0.0739721 0.0709765 0.0663251 0.0605395 0.0540794 0.0473284 0.0405897 0.0340914 0.0279994 0.0224285 0.0174537 0.0131213 0.00945893 0.00647989 0.00417627
 0.0100978 0.0160824 0.023603 0.0323895 0.0420326 0.0518902 0.0610236 0.068369 0.0731067 0.074939 0.0740737 0.0710024 0.066289 0.0604631 0.0539838 0.0472248 0.0404742 0.0339473 0.0278055 0.0221706 0.0171336 0.0127597 0.00909126 0.00614462 0.00390287
 0.0102998 0.0163915 0.0240314 0.0329333 0.0426702 0.0525827 0.0617159 0.0689947 0.0736001 0.0752508 0.074182 0.0709147 0.0660354 0.0600872 0.053534 0.046746 0.0400002 0.0334962 0.0273799 0.0217641 0.0167409 0.0123843 0.00874639 0.0058485 0.00366982
 0.0102681 0.0163617 0.0240265 0.0329874 0.042819 0.0528479 0.0620925 0.0694478 0.0740742 0.075685 0.0745247 0.0711324 0.0661156 0.0600369 0.053375 0.0465091 0.0397176 0.0331952 0.0270785 0.0214713 0.0164602 0.0121195 0.00850541 0.00564192 0.00350658
 0.0101545 0.0161774 0.023752 0.0326111 0.0423468 0.0523147 0.061567 0.069023 0.0738397 0.0756941 0.0747751 0.0715696 0.0666562 0.0605955 0.0538842 0.0469282 0.0400314 0.0334068 0.0272012 0.0215213 0.0164535 0.0120716 0.00843263 0.00556077 0.00343145
 0.0102171 0.0162599 0.0238398 0.032677 0.0423563 0.0522367 0.0613857 0.0687474 0.0735073 0.0753664 0.0745226 0.0714497 0.0666926 0.0607707 0.0541482 0.0472192 0.0402961 0.0336119 0.0273349 0.0215876 0.016465 0.0120444 0.00838283 0.00550314 0.00337758
 0.0102059 0.0162491 0.0238363 0.0326891 0.0423881 0.052281 0.0614203 0.0687393 0.0734263 0.0752019 0.074294 0.0712048 0.066492 0.0606656 0.054162 0.0473401 0.0404853 0.0338206 0.027521 0.0217261 0.0165491 0.0120805 0.00838428 0.0054849 0.00335241
 0.0101559 0.0161761 0.0237425 0.0325831 0.0422838 0.0521946 0.0613658 0.0687238 0.0734448 0.0752362 0.0743181 0.0711973 0.0664487 0.0606049 0.054117 0.047342 0.0405479 0.0339345 0.02766 0.0218598 0.0166548 0.0121489 0.00841819 0.00549385 0.00334757
 0.00997313 0.0158955 0.0233518 0.0320843 0.0416956 0.051553 0.0607254 0.0681529 0.0730136 0.0749983 0.074295 0.0713733 0.0667793 0.0610332 0.0545918 0.0478283 0.0410262 0.0343928 0.0280849 0.0222346 0.0169632 0.0123821 0.00857813 0.00559237 0.00340137
 0.00976872 0.015591 0.0229452 0.0315919 0.041147 0.0509834 0.0601702 0.0676474 0.0725943 0.0747018 0.0741527 0.0714034 0.0669803 0.0613815 0.0550463 0.0483409 0.041553 0.0349004 0.0285506 0.0226426 0.0173023 0.0126459 0.00876772 0.00571663 0.00347488
 0.00975147 0.015542 0.0228341 0.0313807 0.0408037 0.0505011 0.0595806 0.0670187 0.0720104 0.0742353 0.0738476 0.0712745 0.0670217 0.0615763 0.0553695 0.0487597 0.0420284 0.0353919 0.0290221 0.0230664 0.0176602 0.012929 0.00897575 0.00585734 0.0035616
 0.00972376 0.0154908 0.0227446 0.0312326 0.0405728 0.0501644 0.0591248 0.0664512 0.0713677 0.0735842 0.0732741 0.0708617 0.0668268 0.0616169 0.0556255 0.0491849 0.0425647 0.0359797 0.0296076 0.0236056 0.0181227 0.0132985 0.00924997 0.0060452 0.0036796
 0.00966381 0.0154144 0.0226675 0.0311799 0.040568 0.0502142 0.059208 0.0665196 0.0713622 0.0734589 0.0730168 0.0705026 0.0664311 0.0612642 0.0553851 0.0490966 0.042632 0.0361759 0.0298881 0.0239212 0.0184297 0.0135658 0.00946063 0.0061961 0.00377772
 0.00957616 0.0152763 0.0224693 0.0309195 0.0402558 0.0498771 0.0588894 0.0662693 0.0712174 0.0734249 0.0730628 0.0705764 0.0664869 0.0612853 0.0553892 0.0491232 0.04272 0.0363449 0.0301313 0.0242106 0.0187276 0.0138374 0.00968269 0.00635982 0.00388671
 0.00937857 0.0149832 0.0220805 0.0304528 0.0397419 0.049351 0.0583858 0.0658234 0.0708667 0.0732066 0.0730028 0.0706776 0.0667224 0.0616068 0.0557457 0.0494799 0.0430666 0.0366881 0.0304795 0.0245616 0.0190661 0.014141 0.00993233 0.00654632 0.00401274
 0.00922192 0.0147412 0.0217406 0.0300146 0.0392193 0.0487743 0.0578014 0.0652888 0.0704385 0.0729262 0.072889 0.0707274 0.0669179 0.0619195 0.0561397 0.049916 0.04351 0.037116 0.0308816 0.0249342 0.0194044 0.0144362 0.0101741 0.00672889 0.00413826
 0.00936101 0.0149057 0.0218754 0.0300324 0.0390272 0.0483143 0.0570836 0.0643971 0.0695046 0.0720882 0.0722556 0.0703594 0.0668273 0.0620795 0.0564981 0.0504095 0.0440753 0.037698 0.0314392 0.0254406 0.0198442 0.0148012 0.0104612 0.00693999 0.00428146
 0.0101763 0.0160834 0.0233705 0.0316997 0.0406509 0.049663 0.0579634 0.0646857 0.0691705 0.0711977 0.0709628 0.0688708 0.0653497 0.0607729 0.0554525 0.0496479 0.0435727 0.0374048 0.0312996 0.0254041 0.0198706 0.0148602 0.0105309 0.00700548 0.00433404
 0.0109817 0.0173404 0.0251573 0.0340341 0.043464 0.0527732 0.0610638 0.0673758 0.0710472 0.0719751 0.0705582 0.0674159 0.063131 0.0581403 0.0527356 0.0471004 0.0413512 0.0355758 0.0298634 0.0243228 0.0190895 0.0143215 0.0101791 0.00679043 0.00421239
 0.0108053 0.0171813 0.025153 0.03439 0.0443968 0.0544202 0.0634001 0.0701854 0.0739627 0.0745654 0.0724305 0.0683036 0.0629497 0.0569969 0.0508852 0.0448683 0.0390497 0.0334442 0.028045 0.0228728 0.0179997 0.0135474 0.00966048 0.00646449 0.0040218
 0.0105699 0.0168214 0.0246618 0.0337969 0.0437857 0.0539422 0.0632644 0.0706097 0.075085 0.0763542 0.0746498 0.0705651 0.064832 0.0581758 0.0512203 0.0444173 0.0380189 0.0321056 0.0266542 0.021616 0.0169774 0.0127855 0.00913597 0.0061301 0.00382472
 0.0105229 0.0167112 0.0244349 0.033387 0.043137 0.0530464 0.0621957 0.0695369 0.0742466 0.0759982 0.074952 0.071555 0.0663585 0.0599386 0.0528627 0.045643 0.038679 0.032219 0.026364 0.0211136 0.0164332 0.0123111 0.00877934 0.00589218 0.00368197
 0.0104252 0.016578 0.024279 0.0332287 0.042989 0.0528948 0.0619945 0.0692273 0.0737989 0.0754546 0.0744404 0.0712545 0.0664269 0.0604349 0.053707 0.0466389 0.0395897 0.0328589 0.0266589 0.0211032 0.0162275 0.0120317 0.00851661 0.00569105 0.00354989
 0.0102266 0.016279 0.0238751 0.0327352 0.0424405 0.0523407 0.06149 0.0688199 0.0735124 0.0752813 0.0743531 0.0712375 0.0665029 0.0606625 0.054142 0.0472833 0.0403661 0.0336325 0.0272934 0.0215179 0.0164191 0.0120569 0.00845311 0.00560366 0.00347547
 0.0101349 0.0161301 0.0236519 0.0324242 0.042037 0.0518566 0.0609599 0.0682999 0.0730677 0.0749663 0.0741945 0.0712294 0.0666188 0.0608769 0.0544469 0.0476847 0.0408615 0.0341874 0.02784 0.0219791 0.0167432 0.0122365 0.00851933 0.00560354 0.00344988
 0.010034 0.0159826 0.0234599 0.0321985 0.0417919 0.0516024 0.0606989 0.0680305 0.0727932 0.074703 0.0739716 0.0710805 0.0665691 0.060935 0.0546062 0.0479317 0.0411812 0.0345604 0.0282353 0.0223537 0.0170536 0.0124559 0.00864692 0.00565995 0.00346385
 0.00991816 0.0158001 0.0231971 0.0318494 0.0413621 0.0511133 0.0601897 0.0675527 0.0723972 0.0744234 0.0738207 0.071053 0.0666528 0.0611187 0.0548798 0.0482823 0.0415909 0.0350058 0.0286879 0.022781 0.0174237 0.0127452 0.00884749 0.00578116 0.00352638
 0.00984355 0.015667 0.0229757 0.0315064 0.0408709 0.0504692 0.0594235 0.0667332 0.0716191 0.0737834 0.0733943 0.0708793 0.0667315 0.0614175 0.0553483 0.0488658 0.0422385 0.0356731 0.0293356 0.0233744 0.0179335 0.0131515 0.00914429 0.00597756 0.00364288
 0.00986541 0.0157009 0.0230221 0.0315606 0.0409188 0.0504842 0.0593681 0.066568 0.0713203 0.0733602 0.0728949 0.07038 0.0663141 0.0611449 0.0552504 0.0489385 0.042453 0.0359872 0.0297043 0.023755 0.018289 0.0134542 0.00937866 0.00614146 0.00374566
 0.00963537 0.0153738 0.0226167 0.0311238 0.0405125 0.0501627 0.0591589 0.0664654 0.0712917 0.0733603 0.0728831 0.0703363 0.0662471 0.0610891 0.0552514 0.049034 0.0426579 0.0362903 0.0300739 0.0241493 0.018667 0.0137834 0.00963949 0.00632906 0.00386753
 0.00956463 0.0152458 0.0224025 0.030795 0.040056 0.0495994 0.0585539 0.0659172 0.070898 0.0731786 0.0729087 0.0705114 0.0664936 0.0613438 0.0554863 0.0492556 0.0428911 0.0365577 0.0303813 0.0244829 0.0189996 0.0140849 0.00988746 0.00651349 0.00399121
 0.00967185 0.0153913 0.0225668 0.0309391 0.0401279 0.0495485 0.0583478 0.0655554 0.0704194 0.0726575 0.0724366 0.0701673 0.0663163 0.0613233 0.0555785 0.04941 0.0430735 0.0367561 0.0305965 0.0247146 0.0192382 0.0143125 0.0100847 0.00666739 0.0040989
 0.00970523 0.0154511 0.0226655 0.0310872 0.0403263 0.049778 0.0585636 0.0656939 0.0704186 0.0724834 0.0721024 0.0697332 0.0658696 0.060947 0.0553248 0.0492901 0.0430665 0.0368284 0.0307181 0.0248648 0.0194017 0.014475 0.0102317 0.0067874 0.00418656
 0.0101549 0.0161569 0.0236787 0.0324327 0.0419913 0.0516976 0.0606065 0.0676635 0.0720809 0.0736176 0.0725533 0.069448 0.0649081 0.0594647 0.0535323 0.0474029 0.0412622 0.0352246 0.0293741 0.0237959 0.0185954 0.0139015 0.00985037 0.00655246 0.00405349
 0.0103019 0.0164417 0.0241907 0.0332795 0.0432676 0.0534383 0.0627448 0.0700209 0.074399 0.0756163 0.0739877 0.0701485 0.0648034 0.0585902 0.0520226 0.0454648 0.0391313 0.03312 0.0274634 0.0221812 0.0173173 0.0129525 0.00919113 0.00612634 0.00379889
 0.00965591 0.015507 0.0230028 0.0319578 0.0419988 0.0524381 0.0622169 0.0701177 0.0751844 0.0770337 0.0758539 0.0721867 0.0667097 0.0601062 0.0529894 0.0458441 0.0389949 0.0326139 0.0267612 0.0214398 0.0166491 0.0124174 0.00880382 0.00587113 0.00364562
 0.00885611 0.0142648 0.0212483 0.0296829 0.0392791 0.0494556 0.0592707 0.0675989 0.0734952 0.0764751 0.076533 0.0739871 0.0693285 0.0631365 0.0560162 0.0485297 0.0411332 0.0341433 0.0277391 0.0219932 0.0169221 0.0125323 0.00884434 0.00588381 0.00365076
#obs surv len freq
 nan nan nan nan nan nan nan nan nan nan nan nan nan nan nan nan nan nan nan nan nan nan nan nan nan
 0.00448026 0.00733962 0.0111678 0.015983 0.0216834 0.0279596 0.0342749 0.0400077 0.0446889 0.0481544 0.0505138 0.0520112 0.0529048 0.0534184 0.0537336 0.0539892 0.0542683 0.0545614 0.0547004 0.0542923 0.0527303 0.0493621 0.0438112 0.0362904 0.027673
 0.00460813 0.00754949 0.011487 0.0164374 0.0222909 0.0287207 0.0351631 0.0409664 0.0456392 0.0490105 0.0511993 0.0524702 0.0531083 0.0533644 0.0534434 0.0534996 0.0536223 0.0538016 0.0538656 0.0534194 0.0518577 0.0485325 0.0430689 0.0356729 0.0272011
 0.00477931 0.00782688 0.0119029 0.0170215 0.023065 0.0296896 0.036305 0.0422277 0.046939 0.0502524 0.0522851 0.0533123 0.0536387 0.0535427 0.0532602 0.0529752 0.0528006 0.0527411 0.0526319 0.0520822 0.0504916 0.0472175 0.0418842 0.0346838 0.0264437
 0.00496759 0.00813772 0.0123794 0.0177061 0.0239909 0.0308665 0.0377057 0.0437839 0.048552 0.0518115 0.0536846 0.054459 0.0544547 0.053967 0.0532535 0.0525254 0.051926 0.0514896 0.0510777 0.0503218 0.04864 0.0454015 0.0402296 0.0332933 0.0253751
 0.00518294 0.00848815 0.0129078 0.0184536 0.0249901 0.0321305 0.039215 0.0454801 0.0503422 0.0535835 0.0553225 0.0558552 0.0555167 0.0546205 0.0534433 0.0522173 0.0511112 0.0501907 0.0493555 0.0482785 0.0464176 0.0431706 0.0381651 0.0315411 0.0240203
 0.00540726 0.00885775 0.013473 0.0192642 0.0260853 0.0335234 0.0408773 0.0473378 0.0522879 0.0554974 0.0570906 0.0573775 0.056707 0.0554045 0.0537586 0.0520153 0.0503622 0.048893 0.0475478 0.0460532 0.0439258 0.0406123 0.0357579 0.029474 0.0224092
 0.00565475 0.00926017 0.0140791 0.0201202 0.0272272 0.0349642 0.0425929 0.0492602 0.0543123 0.0575005 0.05895 0.0589844 0.0579716 0.0562554 0.0541385 0.0518771 0.0496694 0.0476279 0.0457286 0.0437542 0.0412929 0.0378571 0.0331252 0.027186 0.02061
 0.00590391 0.00967072 0.014707 0.0210204 0.0284422 0.0365065 0.0444278 0.0513014 0.0564366 0.059573 0.0608466 0.0606022 0.0592293 0.0570894 0.0544987 0.0517227 0.0489668 0.0463563 0.0438952 0.0414187 0.0385887 0.0349939 0.0303585 0.0247581 0.0186855
 0.00614149 0.0100616 0.0153041 0.0218765 0.0296008 0.0379858 0.0462038 0.0533006 0.058544 0.0616535 0.0627665 0.0622453 0.0605045 0.0579313 0.0548626 0.0515767 0.0482861 0.0451243 0.0421169 0.0391443 0.0359384 0.0321659 0.0276034 0.0223212 0.0167402
 0.00638434 0.010458 0.0159039 0.0227274 0.0307397 0.0394249 0.0479164 0.0552147 0.0605525 0.0636327 0.0645951 0.0638159 0.0617283 0.0587401 0.0552082 0.0514271 0.0476206 0.0439328 0.0404081 0.0369655 0.0333995 0.0294501 0.0249471 0.0199605 0.0148465
 0.006633 0.0108633 0.0165156 0.023592 0.031891 0.0408696 0.0496191 0.0570944 0.0624941 0.0655106 0.066294 0.0652414 0.0628088 0.0594235 0.0554575 0.0512167 0.0469335 0.0427616 0.0387632 0.0348923 0.0309994 0.0268905 0.0224446 0.0177339 0.0130564
 0.00683379 0.0112014 0.0170459 0.0243719 0.0329678 0.0422599 0.0512896 0.0589567 0.0644201 0.0673598 0.0679399 0.0665857 0.0637848 0.0599921 0.0555995 0.0509247 0.0462057 0.041601 0.037185 0.0329406 0.0287662 0.0245257 0.0201418 0.0156884 0.0114122
 0.00706229 0.0115683 0.0175899 0.0251278 0.0339615 0.0435006 0.0527586 0.0605991 0.0661463 0.0690563 0.0694859 0.06787 0.0647203 0.0605237 0.0557038 0.0506018 0.0454691 0.0404703 0.0356883 0.0311267 0.0267212 0.0223825 0.0180689 0.013855 0.00994194
 0.00728917 0.0119422 0.0181612 0.0259439 0.0350542 0.0448683 0.0543507 0.0623164 0.0678608 0.0706423 0.0708417 0.0689245 0.0654265 0.0608523 0.0556408 0.050148 0.0446393 0.0392906 0.0341966 0.0293782 0.0248002 0.0204084 0.0161868 0.0122071 0.00862969
 0.00744091 0.0121967 0.018559 0.0265281 0.0358626 0.0459191 0.0556273 0.0637597 0.0693746 0.07211 0.0721477 0.0699718 0.0661484 0.061214 0.0556338 0.0497815 0.0439322 0.0382701 0.0329 0.0278602 0.02314 0.0187127 0.0145804 0.0108084 0.00752086
 0.00753276 0.0123431 0.0187747 0.0268278 0.0362613 0.0464322 0.0562672 0.0645298 0.0702624 0.0730814 0.0731447 0.0709175 0.0669582 0.0618099 0.0559572 0.0497991 0.0436355 0.0376711 0.0320287 0.0267658 0.0218947 0.0174114 0.0133314 0.0097131 0.00664903
 0.00761429 0.0124691 0.0189522 0.0270591 0.0365448 0.0467633 0.0566398 0.0649385 0.0707051 0.0735597 0.0736606 0.0714637 0.0675088 0.0623173 0.0563589 0.0500307 0.0436457 0.0374318 0.0315402 0.0260576 0.0210246 0.0164611 0.0123952 0.00887907 0.00597891
 0.0076478 0.0125224 0.0190302 0.0271655 0.0366807 0.0469269 0.0568257 0.0651391 0.0709144 0.0737778 0.0738949 0.0717264 0.0678081 0.0626478 0.056694 0.0503237 0.0438384 0.0374695 0.0313874 0.0257093 0.0205105 0.0158416 0.0117482 0.00828173 0.005488
 0.00774526 0.0126683 0.0192264 0.0274052 0.0369507 0.0472101 0.0571042 0.0653952 0.071132 0.0739457 0.0740099 0.0717957 0.0678478 0.0626777 0.0567281 0.050361 0.0438586 0.0374369 0.0312632 0.0254679 0.0201525 0.015398 0.0112725 0.00783321 0.00511389
 0.00778409 0.0127325 0.0193244 0.0275439 0.0371323 0.047428 0.0573407 0.065624 0.071326 0.0740862 0.0740925 0.0718284 0.0678465 0.0626594 0.0567072 0.0503452 0.0438448 0.0374095 0.0311968 0.0253374 0.0199455 0.0151238 0.010962 0.00752788 0.00485105
 0.00779401 0.0127456 0.0193389 0.0275575 0.037144 0.0474407 0.0573619 0.0656629 0.0713889 0.0741717 0.0741911 0.0719267 0.0679334 0.0627304 0.0567643 0.0503928 0.0438849 0.0374372 0.0311998 0.0252995 0.0198546 0.0149802 0.0107816 0.00733792 0.0046793
 0.00784432 0.0128167 0.0194259 0.0276488 0.0372244 0.0474963 0.0573851 0.0656549 0.071359 0.0741345 0.0741616 0.0719155 0.0679431 0.0627566 0.0567985 0.0504275 0.0439148 0.0374578 0.0312049 0.0252804 0.0198034 0.0148949 0.0106699 0.00721575 0.00456529
 0.00786241 0.0128474 0.0194741 0.0277181 0.0373144 0.0475995 0.0574855 0.0657312 0.0713923 0.0741171 0.0741015 0.0718332 0.0678628 0.0626969 0.0567675 0.0504227 0.0439272 0.0374763 0.0312187 0.0252801 0.0197821 0.01485 0.0106053 0.00714111 0.00449283
 0.00789235 0.0128912 0.0195311 0.0277851 0.0373872 0.0476747 0.057561 0.0658044 0.0714579 0.0741653 0.0741208 0.0718159 0.0678106 0.0626215 0.0566863 0.0503515 0.0438747 0.0374425 0.031197 0.0252613 0.0197577 0.0148152 0.0105602 0.00709057 0.00444399
 0.00788016 0.0128728 0.0195058 0.0277533 0.0373495 0.0476324 0.0575159 0.0657603 0.0714203 0.0741413 0.0741161 0.0718318 0.0678425 0.0626615 0.0567274 0.0503908 0.0439131 0.0374818 0.0312366 0.025297 0.0197839 0.0148275 0.0105577 0.00707651 0.00442411
 0.00787529 0.0128594 0.019476 0.0276969 0.0372582 0.0475041 0.0573593 0.0655937 0.0712674 0.0740236 0.0740481 0.0718189 0.0678819 0.0627439 0.0568394 0.0505178 0.0440426 0.0376046 0.0313471 0.0253915 0.0198592 0.0148816 0.0105908 0.00709178 0.00442692
 0.00790033 0.012896 0.019523 0.0277494 0.0373074 0.0475381 0.0573649 0.0655601 0.0711906 0.0739105 0.0739158 0.0716906 0.0677796 0.0626818 0.0568213 0.0505387 0.0440916 0.0376694 0.0314165 0.0254569 0.0199148 0.0149239 0.0106189 0.0071071 0.00443267
 0.00788946 0.0128799 0.0195016 0.0277236 0.0372781 0.0475059 0.057329 0.0655183 0.0711401 0.0738492 0.073845 0.0716164 0.0677129 0.0626357 0.056807 0.050561 0.044148 0.0377508 0.0315102 0.0255505 0.0199983 0.0149914 0.010668 0.00713898 0.00445074
 0.00785086 0.0128166 0.0194059 0.027589 0.0371025 0.0472949 0.0570984 0.0652931 0.0709477 0.0737119 0.0737733 0.071609 0.0677603 0.0627262 0.0569305 0.0507103 0.0443167 0.0379311 0.0316921 0.0257225 0.0201497 0.0151146 0.0107604 0.00720223 0.00449
 0.00784779 0.0128053 0.019377 0.0275301 0.0370009 0.0471428 0.056898 0.0650587 0.0707038 0.0734877 0.073597 0.0715008 0.0677292 0.0627689 0.0570347 0.0508595 0.0444945 0.0381233 0.0318864 0.0259073 0.0203147 0.0152519 0.0108658 0.00727653 0.00453765
 0.00782072 0.0127646 0.0193215 0.0274598 0.0369156 0.0470404 0.0567744 0.0649099 0.0705307 0.0732998 0.0734129 0.0713454 0.0676265 0.0627357 0.0570758 0.0509677 0.044654 0.0383144 0.0320895 0.0261054 0.0204942 0.0154031 0.0109838 0.00736115 0.00459305
 0.00778517 0.0127064 0.0192338 0.0273369 0.0367555 0.0468476 0.0565616 0.0646962 0.070336 0.0731384 0.0732914 0.0712651 0.0675889 0.0627447 0.0571367 0.0510828 0.0448189 0.0385168 0.0323116 0.0263277 0.0206992 0.0155778 0.0111214 0.00746073 0.00465896
 0.00774426 0.0126378 0.0191268 0.0271809 0.036543 0.0465787 0.0562484 0.0643642 0.0700192 0.0728721 0.0731031 0.0711696 0.0675868 0.0628262 0.0572873 0.0512876 0.0450642 0.0387892 0.0325957 0.0266059 0.0209541 0.0157951 0.0112928 0.00758526 0.00474173
 0.00774898 0.0126383 0.0191139 0.0271412 0.0364615 0.0464436 0.0560561 0.0641216 0.0697441 0.0725905 0.0728451 0.0709645 0.0674574 0.0627846 0.0573331 0.0514103 0.0452473 0.0390138 0.0328426 0.0268564 0.0211902 0.0160016 0.0114595 0.00770874 0.0048252
 0.00931772 0.0148372 0.021774 0.0298875 0.0388207 0.0480178 0.0566599 0.0638096 0.0687346 0.0711529 0.0712165 0.0693176 0.0659045 0.0613928 0.0561373 0.0504223 0.0444617 0.0384136 0.0324041 0.0265525 0.0209928 0.0158836 0.011396 0.00767903 0.00481389
 0.00930877 0.015111 0.0226944 0.031905 0.0422773 0.0528819 0.0623577 0.0693175 0.0729407 0.0732925 0.0711237 0.0673717 0.0627654 0.0577192 0.0524233 0.0469666 0.0414116 0.0358227 0.0302749 0.0248605 0.0196982 0.0149361 0.010738 0.00724918 0.00455215
 0.00895903 0.0145658 0.0219386 0.0309957 0.0413939 0.0523578 0.0626387 0.0708022 0.0757405 0.0770546 0.0750756 0.0706111 0.0646332 0.0580274 0.0514263 0.0451522 0.0392723 0.0337215 0.0284186 0.0233348 0.0185143 0.0140655 0.0101331 0.00685468 0.00431246
 0.00878963 0.0142776 0.0214821 0.0303213 0.0404718 0.051213 0.0613937 0.069702 0.0751287 0.0772756 0.0763199 0.0727745 0.0672894 0.0605658 0.0532973 0.0460744 0.0392878 0.0330966 0.0274835 0.0223597 0.017662 0.0134021 0.00966134 0.0065452 0.00412495
 0.0087169 0.0141539 0.0212848 0.030023 0.0400428 0.0506289 0.0606475 0.0688234 0.0742043 0.0764626 0.0758339 0.0728332 0.0680161 0.0618986 0.0549684 0.0476984 0.0405177 0.0337565 0.0276026 0.0221064 0.0172397 0.0129704 0.00930749 0.00629489 0.00396749
 0.00867966 0.014092 0.0211886 0.0298813 0.0398435 0.05036 0.0602994 0.0683915 0.0736945 0.0759007 0.0752788 0.0723857 0.0678083 0.0620511 0.055527 0.0485849 0.0415386 0.0346764 0.0282429 0.022409 0.0172618 0.012828 0.00911306 0.0061208 0.00384243
 0.00868731 0.0141008 0.0211949 0.0298786 0.039823 0.0503116 0.0602128 0.0682569 0.0735031 0.0756473 0.0749673 0.0720383 0.067474 0.0618055 0.0554546 0.0487429 0.0419183 0.0351918 0.0287612 0.0228091 0.0174839 0.012885 0.00906376 0.00603078 0.00375716
 0.0086911 0.014108 0.0212075 0.0298983 0.0398498 0.0503421 0.0602388 0.068266 0.0734806 0.0755801 0.0748473 0.0718649 0.0672588 0.0615765 0.0552571 0.0486307 0.0419337 0.0353412 0.0290047 0.0230744 0.0176998 0.0130123 0.00910431 0.00601411 0.00371787
 0.0086722 0.0140809 0.0211733 0.0298607 0.0398144 0.0503145 0.0602233 0.0682639 0.0734892 0.0755915 0.0748498 0.0718458 0.0672087 0.0614947 0.0551557 0.0485352 0.041877 0.0353503 0.0290858 0.0232068 0.0178443 0.0131304 0.00917571 0.00604058 0.00371519
 0.00865108 0.0140447 0.0211159 0.0297764 0.0397003 0.0501746 0.0600706 0.0681189 0.0733746 0.0755247 0.0748361 0.0718781 0.0672702 0.0615655 0.0552203 0.048588 0.0419244 0.0354066 0.0291641 0.0233095 0.0179596 0.0132382 0.00925838 0.00609117 0.00373811
 0.00863927 0.0140265 0.0210903 0.0297423 0.0396565 0.050119 0.060001 0.0680352 0.0732809 0.0754309 0.0747568 0.0718271 0.0672554 0.0615857 0.0552658 0.0486462 0.0419856 0.0354681 0.0292289 0.0233812 0.0180371 0.0133142 0.00932298 0.00613749 0.00376535
 0.00863573 0.0140214 0.0210838 0.029735 0.0396489 0.0501111 0.0599918 0.0680223 0.073261 0.0754008 0.0747155 0.0717779 0.0672061 0.0615459 0.0552432 0.0486435 0.0420004 0.0354956 0.0292651 0.0234238 0.018084 0.0133618 0.0093661 0.00617141 0.00378806
 0.00864851 0.0140401 0.021108 0.0297631 0.0396783 0.0501391 0.0600161 0.0680409 0.0732717 0.0754012 0.0747029 0.0717506 0.0671647 0.0614943 0.0551887 0.0485943 0.0419633 0.0354741 0.0292591 0.0234309 0.0181008 0.0133842 0.00938961 0.0061921 0.00380347
 0.00863802 0.0140261 0.0210924 0.0297495 0.0396705 0.0501395 0.0600244 0.0680541 0.0732858 0.0754129 0.0747103 0.0717529 0.0671613 0.0614851 0.0551741 0.0485765 0.0419461 0.0354617 0.0292547 0.0234356 0.0181132 0.0134015 0.00940829 0.00620901 0.00381659
 0.00861375 0.0139886 0.02104 0.0296825 0.0395921 0.050056 0.0599451 0.0679902 0.0732468 0.0754037 0.0747295 0.071794 0.0672154 0.0615436 0.0552304 0.0486269 0.0419891 0.0354982 0.0292868 0.0234653 0.0181416 0.0134283 0.00943224 0.00622868 0.00383118
 0.00861375 0.0139886 0.02104 0.0296825 0.0395921 0.050056 0.0599451 0.0679902 0.0732468 0.0754037 0.0747295 0.071794 0.0672154 0.0615436 0.0552304 0.0486269 0.0419891 0.0354982 0.0292868 0.0234653 0.0181416 0.0134283 0.00943224 0.00622868 0.00383118
 0.0091424 0.0148167 0.0222241 0.0312438 0.0415013 0.0522157 0.0621788 0.070055 0.0748826 0.0764004 0.074982 0.0713173 0.0661238 0.0600099 0.0534449 0.0467644 0.04019 0.0338612 0.0278712 0.0222983 0.0172253 0.0127457 0.00895275 0.00591347 0.00363873
 0.00922802 0.0150137 0.0226253 0.0319664 0.0426513 0.0538342 0.0641955 0.0722797 0.0770444 0.0782159 0.0762202 0.0718419 0.0659076 0.0591276 0.0520477 0.0450443 0.038342 0.0320533 0.026228 0.0208964 0.016098 0.0118918 0.00834559 0.00551046 0.00339071
 0.00904705 0.014725 0.0222073 0.0314191 0.042016 0.0532125 0.0637507 0.0722023 0.0774809 0.0791938 0.0776144 0.0734067 0.0673575 0.0602249 0.0526594 0.0451552 0.0380325 0.0314586 0.0254953 0.0201526 0.0154325 0.0113525 0.00794551 0.00523781 0.00322019
 0.00882466 0.0143475 0.0216122 0.0305448 0.0408246 0.051724 0.0620747 0.070545 0.0761134 0.0783858 0.0775553 0.0741418 0.0687656 0.0620478 0.0545785 0.0468827 0.0393814 0.0323661 0.0260027 0.0203606 0.0154555 0.0112868 0.00785605 0.00515887 0.00316367
#pred catch len freq
 0.00491006 0.00772867 0.0111931 0.0151854 0.019629 0.0244771 0.029637 0.0349256 0.0401033 0.0449395 0.0492555 0.0529369 0.0559337 0.0582442 0.0598794 0.0608251 0.0610238 0.0603805 0.0587713 0.0560436 0.0520232 0.0465751 0.0397411 0.0318903 0.0237476
 0.00512186 0.00798048 0.011406 0.0152416 0.0194197 0.0239682 0.0289118 0.0341646 0.0395013 0.0446076 0.0491669 0.0529476 0.0558625 0.0579664 0.0593915 0.0602548 0.0605819 0.0602717 0.0591027 0.0567727 0.0529755 0.0475225 0.0404985 0.0323764 0.0239854
 0.00550637 0.00856209 0.0121937 0.0161978 0.0204503 0.024923 0.0296048 0.0344258 0.039251 0.0439105 0.0482168 0.0519747 0.0550192 0.0572706 0.0587635 0.059614 0.0599307 0.0597097 0.0587668 0.0567478 0.0532366 0.0479457 0.0409267 0.0326947 0.024157
 0.00585937 0.00911782 0.0129965 0.0172767 0.0218125 0.0265405 0.031393 0.0362253 0.0408338 0.045026 0.0486705 0.0517065 0.0541297 0.0559703 0.0572743 0.0580901 0.0584489 0.0583167 0.0575242 0.0557303 0.0524909 0.0474561 0.0406226 0.0324915 0.023996
 0.00622435 0.00968154 0.0137921 0.018322 0.0231157 0.0281059 0.033215 0.0382684 0.0430055 0.0471568 0.0505192 0.0530036 0.0546541 0.0556287 0.0561343 0.0563474 0.0563491 0.0560848 0.0553354 0.0537144 0.0507402 0.0460213 0.0395083 0.0316649 0.023407
 0.00658532 0.0102409 0.0145841 0.0193635 0.0244094 0.0296443 0.0349799 0.0402268 0.045104 0.0493143 0.0526145 0.0548643 0.0560626 0.0563601 0.0560221 0.0553462 0.0545587 0.0537204 0.0526649 0.0509972 0.0481899 0.0437898 0.0376817 0.0302665 0.0224084
 0.00699834 0.0108771 0.0154771 0.0205251 0.0258341 0.0313149 0.0368676 0.0422857 0.047267 0.0514948 0.0547101 0.0567574 0.0576167 0.0574173 0.0564153 0.0549345 0.0532792 0.05163 0.0499459 0.0479221 0.0450614 0.0408812 0.0351937 0.0283058 0.0209878
 0.00736399 0.011449 0.0162967 0.0216189 0.0272129 0.0329731 0.0387769 0.0443895 0.0494812 0.053715 0.0568233 0.0586497 0.0591765 0.0585327 0.0569704 0.0548128 0.0523847 0.049927 0.0475011 0.044923 0.0417931 0.0376675 0.0323237 0.0259734 0.0192642
 0.00771901 0.011998 0.0170724 0.0226376 0.0284791 0.0344836 0.0405187 0.0463306 0.0515615 0.055844 0.058886 0.0605202 0.0607323 0.0596651 0.0575845 0.0548227 0.0517133 0.0485237 0.0453766 0.0421873 0.0386688 0.0344597 0.02935 0.0234829 0.0173822
 0.00816519 0.012676 0.0180058 0.0238207 0.0298848 0.0360764 0.0422609 0.0481798 0.0534648 0.0577351 0.0606853 0.0621368 0.0620696 0.0606277 0.0580851 0.0547848 0.0510728 0.0472354 0.0434364 0.0396645 0.0357328 0.0313727 0.026416 0.0209677 0.0154429
 0.00862864 0.0133883 0.0190014 0.025105 0.0314366 0.0378521 0.0441951 0.0501859 0.0554419 0.059582 0.0623142 0.0634793 0.0630736 0.0612505 0.0582864 0.0545227 0.0503041 0.0459241 0.0415728 0.0372949 0.0329868 0.0284682 0.023623 0.0185392 0.0135432
 0.00904339 0.0140322 0.0199146 0.0263069 0.0329261 0.0396074 0.046168 0.052294 0.0575691 0.0615908 0.0640662 0.0648578 0.0640004 0.0616902 0.0582377 0.0539997 0.0493196 0.044484 0.0396877 0.035007 0.0303998 0.0257593 0.0210205 0.016266 0.0117516
 0.00935569 0.0145199 0.0206125 0.0272376 0.0341008 0.0410254 0.047811 0.0541167 0.0594926 0.063504 0.0658354 0.0663444 0.0650826 0.0622834 0.0583048 0.0535472 0.0483813 0.0431042 0.0379147 0.0329035 0.0280648 0.0233425 0.0187104 0.0142482 0.0101562
 0.00957457 0.0148649 0.0211128 0.0279153 0.0349711 0.0420945 0.0490709 0.0555391 0.0610259 0.0650743 0.0673505 0.0676989 0.0661682 0.063002 0.0585835 0.0533491 0.0477079 0.0419888 0.0364145 0.0310972 0.026058 0.0212732 0.0167395 0.0125294 0.0087961
 0.00980394 0.015224 0.021628 0.0286037 0.0358398 0.0431392 0.0502717 0.0568559 0.0623988 0.0664292 0.0686072 0.0687787 0.066999 0.0635225 0.0587458 0.0531223 0.0470826 0.0409808 0.0350669 0.0294819 0.0242763 0.0194527 0.0150214 0.0110423 0.00762547
 0.0100532 0.0156069 0.0221634 0.0292968 0.0366847 0.044123 0.0513737 0.0580428 0.0636203 0.0676183 0.0696868 0.0696723 0.0676415 0.0638677 0.0587683 0.052814 0.0464488 0.0400401 0.0338546 0.0280563 0.0227225 0.01788 0.0135496 0.00977795 0.00663628
 0.0101519 0.0157627 0.0223898 0.0296049 0.0370839 0.0446207 0.0519733 0.0587401 0.0643995 0.0684502 0.0705275 0.0704649 0.068322 0.0643734 0.059047 0.0528308 0.0461881 0.0395056 0.0330697 0.0270661 0.0215965 0.0167096 0.0124357 0.00881104 0.0058751
 0.0102833 0.0159525 0.0226318 0.0298799 0.0373673 0.0448945 0.0522348 0.0590027 0.0646858 0.068781 0.0709123 0.0708961 0.0687724 0.0647987 0.0593923 0.0530399 0.0462143 0.0393201 0.0326677 0.0264699 0.0208562 0.0158979 0.0116369 0.00810253 0.00530947
 0.0104815 0.0162494 0.0230312 0.0303672 0.0379122 0.0454567 0.0527702 0.0594693 0.0650516 0.069032 0.0710567 0.0709587 0.0687829 0.0647783 0.0593449 0.0529509 0.0460563 0.0390628 0.0322905 0.0259718 0.0202612 0.0152538 0.0110051 0.00754244 0.00486221
 0.010656 0.0165068 0.0233695 0.0307676 0.0383447 0.0458891 0.0531745 0.0598227 0.0653345 0.0692287 0.0711582 0.0709681 0.0687166 0.0646621 0.0592041 0.0527997 0.0458918 0.0388672 0.0320403 0.0256511 0.0198721 0.0148205 0.0105681 0.00714599 0.00454
 0.0108452 0.0167923 0.0237579 0.0312494 0.0388959 0.0464757 0.0537551 0.0603518 0.0657677 0.0695297 0.0713057 0.0709584 0.068563 0.064392 0.058854 0.052408 0.0454894 0.0384709 0.0316517 0.0252635 0.0194811 0.0144324 0.0102013 0.00682449 0.00428329
 0.0107491 0.0166652 0.0236209 0.0311408 0.0388617 0.0465537 0.0539607 0.0606722 0.0661665 0.0699569 0.0717085 0.0712912 0.0687942 0.0645081 0.0588596 0.0523213 0.0453356 0.0382744 0.0314302 0.0250268 0.0192347 0.0141835 0.00996233 0.00661144 0.00411021
 0.0106489 0.0165054 0.023388 0.0308291 0.0384801 0.046133 0.0535569 0.060359 0.066014 0.0700067 0.0719581 0.0716951 0.0692815 0.0650039 0.0593031 0.0526748 0.0455851 0.0384241 0.0314944 0.0250226 0.019179 0.0140924 0.00985257 0.00650019 0.00401218
 0.0106918 0.0165592 0.0234386 0.0308518 0.0384442 0.0460112 0.0533366 0.0600515 0.0656593 0.0696688 0.07171 0.0715958 0.069354 0.0652272 0.0596215 0.0530198 0.0458975 0.0386666 0.0316537 0.0251032 0.0191952 0.0140627 0.00979597 0.00643391 0.00394988
