SBPRF35
12.7214
Curr Bio
714356
B35
870622
F35
0.170421
FOFL
0.145402
OFL
90022.8
Bzero
3.63469e+06
#pred survey bio
 3.52132e+06 3.4191e+06 3.31526e+06 3.17957e+06 2.97715e+06 2.74671e+06 2.49583e+06 2.25814e+06 2.02869e+06 1.78644e+06 1.60273e+06 1.42075e+06 1.25227e+06 1.10777e+06 969032 869804 792122 732144 665678 643747 628175 608480 583379 566525 550993 550338 556809 558224 548658 544482 552055 554231 565881 570827 579068 588357 601563 613898 624579 642423 639985 649550 655417 659019 659137 655192 661633 659816 650091 638902 631536 683540 719486 2.63929e+07 1.57466e+07 1.59888e+07 1.69197e+07 1.83246e+07 1.99255e+07 2.15076e+07 2.29411e+07 2.41673e+07 2.51753e+07 2.59811e+07 2.66129e+07 2.71017e+07 2.74766e+07 2.77626e+07 2.79802e+07 2.81457e+07 2.82719e+07 2.83682e+07 2.84421e+07 2.84989e+07 2.85429e+07 2.85771e+07 2.86038e+07 2.86247e+07 2.86412e+07 2.86542e+07 2.86646e+07 2.86728e+07 2.86794e+07 2.86846e+07 2.86889e+07 2.86923e+07 2.86951e+07 2.86973e+07 2.86991e+07 2.87006e+07 2.87018e+07 2.87028e+07 2.87036e+07 2.87042e+07 2.87047e+07 2.87052e+07 2.87055e+07 2.87058e+07 2.8706e+07 2.87062e+07 2.87064e+07 2.87065e+07 2.87066e+07 2.87067e+07 2.87068e+07 2.87068e+07 2.87069e+07 2.87069e+07 2.8707e+07 2.8707e+07 2.8707e+07 2.8707e+07 2.8707e+07 2.8707e+07 2.87071e+07 2.87071e+07 2.87071e+07 2.87071e+07 2.87071e+07 2.87071e+07 2.87071e+07 2.87071e+07 2.87071e+07 2.87071e+07 2.87071e+07 2.87071e+07 2.87071e+07 2.87071e+07 2.87071e+07 2.87071e+07 2.87071e+07 2.87071e+07 2.87071e+07 2.87071e+07 2.87071e+07 2.87071e+07 2.87071e+07 2.87071e+07 2.87071e+07 2.87071e+07 2.87071e+07 2.87071e+07 2.87071e+07 2.87071e+07 2.87071e+07 2.87071e+07 2.87071e+07 2.87071e+07 2.87071e+07 2.87071e+07 2.87071e+07 2.87071e+07 2.87071e+07 0 0 0 0 0 0 0 0 0 0 0 0 0 0 0 0 0 0 0 0 0 0 0 0 0
#obs survey bio
 2.64509e+06 3.49882e+06 3.75574e+06 3.05498e+06 2.88733e+06 1.85458e+06 2.84610e+06 2.1775e+06 2.26208e+06 1.47414e+06 1.40315e+06 1.32424e+06 1.23216e+06 973844 1.16286e+06 681366 734054 690133 482649 464030 600669 788405 623911 602049 522391 857629 636738 544252 544306 448560 524686 564711 484919 501835 462641 679849 570304 755000 537632 646017 682828 593389 792316 833501 703800 798368 918172 687324 685770 448245 674855 588806 1.16562e+06
#pred catch bio
 101397 105846 141339 211951 250322 283801 287080 293754 317041 273794 279672 272138 253049 248114 213114 194249 177919 180376 140128 134368 135773 136148 124853 120473 105920 99098.7 102524 110084 103813 93752.4 99046.4 92089.9 98688.1 96178.7 95627.8 92811.3 94348.2 96781.1 92400.5 110676 100908 105083 107485 110234 112772 103077 109102 113926 113259 108773 59576.9 74740.9 73581.8 90022.8 103595 103821 108469 116980 127040 136979 145879 153356 159364 164034 167575 170209 172140 173539 174543 175258 175765 176122 176372 176548 176670 176756 176815 176857 176885 176905 176919 176928 176935 176939 176942 176944 176946 176947 176948 176948 176948 176949 176949 176949 176949 176949 176949 176949 176949 176949 176949 176949 176949 176949 176949 176949 176949 176949 176949 176949 176949 176949 176949 176949 176949 176949 176949 176949 176949 176949 176949 176949 176949 176949 176949 176949 176949 176949 176949 176949 176949 176949 176949 176949 176949 176949 176949 176949 176949 176949 176949 176949 176949 176949 176949 176949 176949 176949 176949 176949 176949 176949 176949 0 0 0 0 0 0 0 0 0 0 0 0 0 0 0 0 0 0 0 0 0 0 0 0 0
#obs catch bio
 0 105690 141225 212663 250705 284989 288181 295380 319310 274523 280664 273721 253970 248713 212884 195572 179355 182557 141279 136555 138158 137770 125497 120919 106598 99295.6 102613 110259 103646 93620.8 99073.8 92220.2 99354.9 96548.1 96090.9 92954.3 94433.9 96767.3 92361.9 111378 100958 105506 107831 110701 113336 103115 109224 113741 112946 109466 59270.7 75183.5 73541.4
#pred cpue bio
 3.47371e+06 3.37318e+06 3.27019e+06 3.13448e+06 2.93257e+06 2.70277e+06 2.45268e+06 2.21581e+06 1.98747e+06 1.74688e+06 1.56429e+06 1.38362e+06 1.21665e+06 1.07361e+06 936445 838128 761228 702199 637221 615618 600430 581699 557920 541977 527058 526619 533262 534950 525837 521851 529191 531184 542444 547358 555563 564790 577819 589905 600230 617473 615033 624331 630008 633564 633840 630194 636739 635291 626034 615140 607881 659045 695324 2.55764e+07 1.5277e+07 1.53605e+07 1.61108e+07 1.74526e+07 1.90387e+07 2.06179e+07 2.20508e+07 2.32769e+07 2.42849e+07 2.50907e+07 2.57225e+07 2.62113e+07 2.65862e+07 2.68721e+07 2.70898e+07 2.72553e+07 2.73815e+07 2.74778e+07 2.75517e+07 2.76085e+07 2.76525e+07 2.76867e+07 2.77133e+07 2.77343e+07 2.77508e+07 2.77638e+07 2.77742e+07 2.77824e+07 2.7789e+07 2.77942e+07 2.77985e+07 2.78019e+07 2.78047e+07 2.78069e+07 2.78087e+07 2.78102e+07 2.78114e+07 2.78124e+07 2.78131e+07 2.78138e+07 2.78143e+07 2.78148e+07 2.78151e+07 2.78154e+07 2.78156e+07 2.78158e+07 2.7816e+07 2.78161e+07 2.78162e+07 2.78163e+07 2.78164e+07 2.78164e+07 2.78165e+07 2.78165e+07 2.78165e+07 2.78166e+07 2.78166e+07 2.78166e+07 2.78166e+07 2.78166e+07 2.78166e+07 2.78167e+07 2.78167e+07 2.78167e+07 2.78167e+07 2.78167e+07 2.78167e+07 2.78167e+07 2.78167e+07 2.78167e+07 2.78167e+07 2.78167e+07 2.78167e+07 2.78167e+07 2.78167e+07 2.78167e+07 2.78167e+07 2.78167e+07 2.78167e+07 2.78167e+07 2.78167e+07 2.78167e+07 2.78167e+07 2.78167e+07 2.78167e+07 2.78167e+07 2.78167e+07 2.78167e+07 2.78167e+07 2.78167e+07 2.78167e+07 2.78167e+07 2.78167e+07 2.78167e+07 2.78167e+07 2.78167e+07 2.78167e+07 2.78167e+07 2.78167e+07 0 0 0 0 0 0 0 0 0 0 0 0 0 0 0 0 0 0 0 0 0 0 0 0 0
#obs cpue bio
 3.26394e+06 3.58506e+06 3.29887e+06 2.38375e+06 3.33977e+06 3.03708e+06 1.98828e+06 1.83406e+06 1.8978e+06 2.21855e+06 1.86032e+06 1.21567e+06 1.2841e+06 1.38604e+06 861992 656484 651324 632556 686516 454742 487621 542007 622020 550615 387471 412829 509150 564349 634630 567902 574673 400421 460177 668300 613010 577571 640331 547911 579048 478443 675159 539018 524556 442499 566507 604491 471613 774322 660773 583890 583148 511117 714901
#pred surv len freq
 0.00456905 0.00746318 0.0113164 0.0161378 0.0218259 0.0280852 0.0344023 0.0401773 0.0449505 0.0485518 0.0510744 0.0527402 0.0537811 0.0543825 0.0546724 0.0547298 0.0545998 0.054298 0.0537725 0.0528239 0.0510412 0.0478665 0.042848 0.0359833 0.027907
 0.0048143 0.0077713 0.0116168 0.0163193 0.0217805 0.0277685 0.0338738 0.0395843 0.0444591 0.0482663 0.0509966 0.0527903 0.0538595 0.0544317 0.0547043 0.0548112 0.0548071 0.0546645 0.0542547 0.0533056 0.0513798 0.0479584 0.0426775 0.0356243 0.0274802
 0.00495889 0.00803528 0.0120603 0.0169969 0.0227057 0.0288722 0.0349886 0.0404855 0.0449568 0.0482959 0.0506429 0.0522268 0.0532502 0.0538659 0.0542001 0.0543612 0.0544186 0.0543601 0.0540411 0.0531444 0.0511919 0.0476642 0.0422459 0.0350938 0.0269369
 0.00509022 0.00824741 0.0123799 0.0174554 0.0233404 0.0297206 0.0360687 0.0417637 0.0463204 0.0495564 0.0515863 0.0526953 0.0532061 0.0533949 0.0534548 0.0534901 0.0535262 0.0535043 0.0532455 0.0524043 0.0504786 0.0469429 0.0415035 0.0343577 0.0262663
 0.00529563 0.00857669 0.0128667 0.0181281 0.0242173 0.0308045 0.0373407 0.0431819 0.0478227 0.0510591 0.0529768 0.0538292 0.0539289 0.0535897 0.0530911 0.052638 0.0523249 0.0521079 0.0517782 0.0509442 0.0490649 0.0455973 0.0402527 0.033244 0.025339
 0.00552619 0.00895014 0.0134262 0.0189126 0.0252545 0.032099 0.038862 0.0448616 0.0495645 0.0527582 0.0545342 0.0551528 0.0549242 0.0541564 0.0531376 0.0521138 0.0512498 0.0505769 0.0499353 0.0489427 0.0470399 0.0436584 0.0384908 0.0317352 0.0241368
 0.00577141 0.0093494 0.0140284 0.0197642 0.0263913 0.0335327 0.0405659 0.0467636 0.0515557 0.054712 0.0563265 0.0566748 0.056086 0.0548823 0.0533603 0.0517766 0.0503224 0.0490788 0.0479515 0.0466187 0.0445581 0.041209 0.0362462 0.0298287 0.0226453
 0.00598484 0.00969998 0.0145632 0.0205307 0.02743 0.0348641 0.0421766 0.0485984 0.0535227 0.0566971 0.0582082 0.0583366 0.0574229 0.0558053 0.0537958 0.0516649 0.0496212 0.0477756 0.046085 0.0442957 0.0419545 0.0385469 0.033753 0.0276918 0.0209748
 0.00618322 0.0100261 0.0150611 0.0212453 0.0283998 0.0361102 0.0436888 0.0503294 0.055392 0.0586038 0.0600444 0.0599959 0.0588055 0.0568206 0.054364 0.0517178 0.0491047 0.0466592 0.0443797 0.0420772 0.0393767 0.0358325 0.0311543 0.0254321 0.0191957
 0.00650608 0.0105347 0.0157968 0.0222368 0.0296603 0.0376323 0.045437 0.0522354 0.0573608 0.0605277 0.0618179 0.0615255 0.0600132 0.057642 0.054745 0.0516095 0.0484628 0.0454514 0.0426036 0.0397869 0.0367056 0.0329939 0.0284078 0.0230216 0.0172852
 0.00675271 0.0109338 0.0163938 0.0230715 0.0307587 0.038994 0.0470236 0.0539693 0.0591401 0.0622483 0.0633915 0.0628833 0.0611002 0.0584098 0.0551458 0.0515946 0.0479837 0.0444671 0.0410968 0.0377896 0.0343236 0.0304139 0.0258708 0.0207652 0.0154781
 0.00699014 0.0113261 0.0169955 0.0239368 0.0319298 0.0404826 0.0487923 0.0559257 0.0611495 0.0641621 0.0650757 0.0642382 0.0620664 0.0589622 0.0552801 0.0513107 0.0472744 0.0433178 0.0394998 0.0357705 0.03197 0.0278886 0.0233929 0.0185578 0.0137046
 0.00726091 0.0117584 0.0176322 0.0248144 0.033074 0.0419001 0.0504595 0.0577797 0.0630893 0.06606 0.0667951 0.0656529 0.0630784 0.0595135 0.0553528 0.0509168 0.0464382 0.0420631 0.0378501 0.0337661 0.0296943 0.0254846 0.0210524 0.0164789 0.0120345
 0.00755251 0.0122213 0.0183078 0.0257333 0.0342501 0.0433228 0.0520849 0.0595291 0.0648603 0.0677449 0.0682949 0.0668826 0.0639666 0.0600034 0.0554076 0.0505235 0.045607 0.0408214 0.0362387 0.0318436 0.0275509 0.0232537 0.0189029 0.0145814 0.0105149
 0.00795619 0.0128563 0.0192231 0.0269582 0.0357872 0.0451387 0.0541001 0.061618 0.0668689 0.0695219 0.0697204 0.0678819 0.0645079 0.0600859 0.0550482 0.0497475 0.044444 0.0393069 0.0344188 0.0297834 0.0253443 0.0210281 0.0168095 0.0127659 0.00907877
 0.00820691 0.0132668 0.0198456 0.0278411 0.0369637 0.0466083 0.0558124 0.063469 0.0687177 0.0712199 0.0711392 0.0689287 0.0651294 0.060265 0.0547958 0.0490926 0.043425 0.0379664 0.0328064 0.0279634 0.023405 0.019085 0.0149949 0.0112027 0.00784924
 0.00829357 0.0134268 0.0201223 0.0282885 0.0376355 0.0475409 0.0570055 0.0648757 0.0702482 0.072756 0.0725529 0.0701012 0.0659669 0.060709 0.0548257 0.0487199 0.0426837 0.0369041 0.03148 0.0264419 0.0217747 0.0174513 0.0134731 0.00989664 0.00682604
 0.00833831 0.0134994 0.0202332 0.0284514 0.0378711 0.0478779 0.057478 0.0655142 0.0710644 0.0737286 0.073621 0.0711703 0.0669262 0.0614533 0.0552739 0.0488257 0.0424368 0.0363256 0.0306159 0.0253585 0.0205565 0.0161979 0.0122886 0.00887253 0.00602089
 0.00866273 0.0139845 0.0208841 0.0292443 0.0387595 0.0488045 0.0583857 0.0663528 0.0717971 0.0743368 0.0741035 0.0715338 0.0671715 0.0615659 0.0552248 0.0485814 0.0419728 0.0356368 0.0297225 0.0243061 0.0194139 0.0150498 0.0112234 0.00796526 0.00531644
 0.00863086 0.0139543 0.0208774 0.0292922 0.0388905 0.0490294 0.0586869 0.0666897 0.0721259 0.0746331 0.0743726 0.0718019 0.0674646 0.0618886 0.0555508 0.0488577 0.0421354 0.0356303 0.0295166 0.0239056 0.0188589 0.0144075 0.0105734 0.00738011 0.0048456
 0.00841186 0.0136368 0.0204723 0.0288382 0.0384476 0.0486655 0.0584635 0.0666485 0.0722786 0.0749571 0.0748176 0.0723083 0.0679844 0.0623948 0.0560306 0.0492967 0.042506 0.0358928 0.0296326 0.0238545 0.0186504 0.0140823 0.0101924 0.00700715 0.00452948
 0.00827919 0.0134211 0.0201501 0.0283936 0.0378832 0.0480152 0.0578001 0.0660758 0.0719037 0.0748547 0.0750049 0.0727433 0.0685862 0.0630734 0.0567109 0.0499277 0.0430555 0.0363367 0.0299489 0.0240268 0.0186775 0.0139857 0.010014 0.00679781 0.00433388
 0.00835971 0.0135239 0.0202523 0.0284548 0.037855 0.0478572 0.0574969 0.0656471 0.0714056 0.0743695 0.074623 0.0725387 0.0685941 0.0632813 0.0570667 0.0503606 0.0434971 0.0367333 0.0302632 0.0242368 0.0187759 0.0139823 0.00993506 0.00667919 0.00421062
 0.00845676 0.0136667 0.0204377 0.0286663 0.038062 0.048017 0.0575604 0.0655692 0.0711609 0.0739692 0.0741216 0.0720247 0.0681655 0.0630158 0.0569994 0.050478 0.0437477 0.0370478 0.0305749 0.0244948 0.0189518 0.01407 0.0099477 0.00664209 0.0041519
 0.00849413 0.0137338 0.0205496 0.0288385 0.0383032 0.0483198 0.0578926 0.0658753 0.0713735 0.074029 0.0739975 0.0717266 0.0677453 0.0625547 0.0565853 0.0501795 0.0435954 0.0370303 0.0306498 0.0246085 0.0190572 0.0141385 0.00997161 0.0066301 0.00412038
 0.0084161 0.0136073 0.0203613 0.0285801 0.0379779 0.0479491 0.05752 0.0655578 0.0711635 0.0739524 0.0740428 0.0718515 0.0678987 0.0627002 0.0567147 0.0503101 0.0437545 0.0372361 0.0308986 0.0248752 0.019307 0.0143414 0.0101131 0.00671259 0.00415803
 0.0083519 0.0134944 0.0201761 0.0282964 0.0375744 0.0474215 0.0568921 0.0648865 0.0705306 0.0734465 0.0737359 0.0717798 0.0680529 0.0630319 0.0571559 0.0507977 0.0442464 0.0377121 0.0313503 0.0252934 0.0196764 0.0146449 0.01034 0.00686437 0.00424744
 0.00829558 0.0134121 0.0200683 0.0281667 0.0374246 0.0472458 0.0566758 0.064612 0.0701907 0.0730572 0.0733416 0.071444 0.0678385 0.0629794 0.0572706 0.0510511 0.0445911 0.0380993 0.0317417 0.0256626 0.0200051 0.0149195 0.0105521 0.00701333 0.00434121
 0.00838342 0.013539 0.0202299 0.0283493 0.0376092 0.047414 0.0568129 0.0647045 0.0702217 0.0730053 0.073188 0.0711862 0.0675012 0.0626138 0.0569394 0.0508069 0.0444599 0.0380777 0.0318053 0.025779 0.0201437 0.0150559 0.0106694 0.00710276 0.00440157
 0.00850035 0.0137102 0.020452 0.0286055 0.0378722 0.0476525 0.0569975 0.0648133 0.0702432 0.0729401 0.0730459 0.0709809 0.0672468 0.0623262 0.0566413 0.0505298 0.0442372 0.0379337 0.0317465 0.0257934 0.0202072 0.0151417 0.0107552 0.00717433 0.00445323
 0.00851646 0.0137353 0.0204874 0.0286501 0.0379218 0.0476981 0.0570259 0.0648096 0.070197 0.0728505 0.072924 0.0708458 0.0671177 0.0622156 0.0565539 0.0504664 0.0442005 0.03793 0.0317816 0.0258667 0.0203088 0.0152548 0.0108623 0.00726254 0.00451718
 0.00853588 0.013772 0.0205517 0.0287541 0.0380746 0.0479002 0.0572637 0.0650548 0.0704118 0.0729978 0.0729774 0.0707969 0.066977 0.0620087 0.0563128 0.0502214 0.0439758 0.0377425 0.0316418 0.0257789 0.0202698 0.0152543 0.0108852 0.00729418 0.00454666
 0.00838635 0.0135507 0.02026 0.0284092 0.0377076 0.0475503 0.0569721 0.0648586 0.0703363 0.0730493 0.0731392 0.0710331 0.0672441 0.062268 0.0565397 0.0504077 0.0441255 0.0378663 0.0317513 0.0258823 0.0203707 0.015351 0.0109727 0.00736676 0.00460105
 0.00833865 0.0134675 0.0201254 0.0282076 0.037431 0.0472073 0.0565947 0.0644995 0.0700548 0.0728925 0.0731274 0.0711565 0.0674692 0.0625497 0.0568338 0.0506801 0.0443577 0.0380545 0.0319018 0.0260055 0.0204754 0.0154418 0.0110503 0.00742957 0.0046479
 0.00828566 0.013382 0.0199972 0.0280272 0.0371898 0.0469008 0.0562271 0.064089 0.069637 0.0725178 0.0728518 0.0710265 0.0675071 0.0627462 0.057151 0.0510648 0.0447571 0.0384281 0.0322267 0.0262743 0.0206906 0.01561 0.011178 0.00752266 0.00471184
 0.0082554 0.0133288 0.0199101 0.0278934 0.036998 0.0466458 0.0559135 0.0637325 0.0692625 0.0721553 0.0725346 0.0707897 0.0673842 0.0627609 0.0573083 0.0513459 0.0451226 0.038829 0.0326174 0.0266224 0.0209793 0.0158357 0.0113453 0.00764011 0.00478932
 0.00825264 0.0133145 0.01987 0.0278083 0.0368476 0.0464163 0.0556047 0.0633607 0.0688574 0.071754 0.072175 0.0705057 0.0672032 0.0627024 0.0573819 0.051548 0.0454335 0.0392138 0.033032 0.0270231 0.0213326 0.0161227 0.0115614 0.00779132 0.00488752
 0.00828626 0.0133622 0.0199284 0.0278677 0.0368925 0.0464267 0.0555592 0.0632412 0.0686553 0.0714761 0.0718453 0.070162 0.0668887 0.0624569 0.0572353 0.0515167 0.0455185 0.0393999 0.0332898 0.0273147 0.0216196 0.016375 0.011762 0.00793652 0.00498347
 0.00833415 0.0134361 0.0200317 0.0279997 0.0370473 0.0465918 0.0557145 0.0633599 0.0687084 0.0714397 0.0717084 0.0699316 0.0665903 0.0621302 0.0569262 0.0512675 0.0453591 0.0393429 0.0333286 0.0274265 0.0217724 0.0165361 0.0119059 0.00804914 0.00506186
 0.00818169 0.0132199 0.019765 0.0277151 0.0367872 0.0463941 0.0556005 0.0633303 0.0687477 0.0715233 0.0718091 0.0700242 0.0666567 0.0621636 0.0569335 0.0512676 0.0453769 0.0394002 0.0334362 0.0275802 0.0219546 0.0167221 0.0120727 0.00818177 0.00515585
 0.00824685 0.013308 0.0198658 0.0278111 0.0368628 0.0464468 0.0556469 0.0633993 0.0688624 0.0716836 0.0719854 0.0701689 0.0667237 0.0621269 0.0567938 0.0510501 0.0451217 0.039151 0.0332298 0.0274381 0.0218804 0.0167039 0.0120902 0.0082143 0.00518845
 0.00821967 0.0132681 0.019813 0.027746 0.0367847 0.0463514 0.0555283 0.0632565 0.0687085 0.0715483 0.0719073 0.0701768 0.0668201 0.0622838 0.0569659 0.0511954 0.045218 0.0392001 0.0332505 0.0274538 0.0219076 0.0167475 0.0121446 0.00826927 0.00523493
 0.00814877 0.0131678 0.0196899 0.0276158 0.0366677 0.0462652 0.0554808 0.0632438 0.068717 0.071562 0.0719162 0.0701829 0.0668368 0.0623264 0.0570404 0.0512918 0.0453161 0.0392809 0.033306 0.0274889 0.0219339 0.016775 0.0121767 0.00830333 0.00526584
 0.00806773 0.0130435 0.0195176 0.0273981 0.0364164 0.0460023 0.0552373 0.0630546 0.0686109 0.0715507 0.0719895 0.0703144 0.0669964 0.0624926 0.0572043 0.0514524 0.0454722 0.0394268 0.0334338 0.0275934 0.0220156 0.0168388 0.0122278 0.00834463 0.00529805
 0.00800909 0.0129516 0.019386 0.0272236 0.0362005 0.0457528 0.0549708 0.0627964 0.0683923 0.0714021 0.0719322 0.0703537 0.0671204 0.0626765 0.0574189 0.0516735 0.0456839 0.0396206 0.033605 0.0277388 0.0221339 0.016931 0.0122973 0.0083954 0.00533374
 0.00798622 0.0129143 0.0193295 0.0271436 0.0360935 0.045618 0.0548113 0.0626207 0.0682139 0.0712382 0.0718016 0.0702744 0.0671049 0.062728 0.0575295 0.0518261 0.0458577 0.0397966 0.033769 0.0278824 0.0222532 0.0170252 0.0123681 0.00844599 0.00536798
 0.0078668 0.0127302 0.0190715 0.0268103 0.0356928 0.0451667 0.0543366 0.0621589 0.0678065 0.070924 0.0716099 0.0702207 0.0671906 0.062942 0.05785 0.0522232 0.0462966 0.0402421 0.0341902 0.0282563 0.022566 0.0172721 0.0125514 0.0085736 0.00545075
 0.00784573 0.0126891 0.018997 0.0266867 0.0355059 0.0449111 0.0540211 0.0618074 0.0674524 0.0706021 0.0713494 0.0700431 0.0671096 0.062964 0.0579735 0.0524376 0.0465822 0.0405718 0.0345337 0.0285844 0.0228557 0.0175095 0.0127322 0.00870109 0.00553385
 0.00793314 0.0128176 0.0191646 0.0268804 0.0357032 0.045083 0.0541363 0.0618378 0.0673799 0.0704256 0.0710875 0.0697303 0.0667877 0.0626731 0.0577453 0.052292 0.0465257 0.0405976 0.0346237 0.0287138 0.0229986 0.017644 0.0128441 0.00878485 0.00559053
 0.00800911 0.0129407 0.0193482 0.0271341 0.0360279 0.0454641 0.054539 0.0622093 0.0676603 0.0705647 0.0710593 0.0695387 0.0664644 0.0622678 0.0573144 0.0518873 0.0461863 0.0403453 0.0344625 0.0286328 0.0229772 0.0176589 0.0128747 0.00881673 0.00561626
 0.00797307 0.0128969 0.01931 0.0271239 0.0360719 0.0455839 0.0547423 0.0624845 0.0679769 0.0708775 0.0713169 0.0696956 0.0664922 0.0621637 0.0571018 0.0516086 0.045891 0.0400775 0.0342519 0.028491 0.0228995 0.01763 0.0128757 0.0088311 0.00563276
 0.00735818 0.011956 0.0180059 0.0254689 0.0341318 0.043479 0.0526463 0.0606119 0.0665469 0.0700624 0.0711973 0.0702442 0.0675901 0.0636377 0.0587677 0.0533076 0.0475098 0.0415506 0.0355499 0.0296045 0.023827 0.018373 0.0134409 0.00923395 0.00589864
 0.00690274 0.0112301 0.016943 0.0240231 0.0322947 0.0413014 0.0502584 0.058222 0.0644089 0.0684209 0.0702358 0.0700539 0.0681621 0.0648727 0.0604986 0.0553334 0.0496327 0.0436069 0.0374252 0.0312325 0.0251784 0.0194441 0.0142458 0.0098019 0.00627083
#obs surv len freq
 nan nan nan nan nan nan nan nan nan nan nan nan nan nan nan nan nan nan nan nan nan nan nan nan nan
 0.00448449 0.00734587 0.011176 0.0159927 0.021694 0.0279701 0.0342847 0.0400163 0.0446957 0.0481591 0.0505163 0.0520114 0.0529029 0.0534146 0.0537283 0.0539827 0.054261 0.0545535 0.0546922 0.054284 0.0527221 0.0493543 0.0438043 0.0362847 0.0276687
 0.00461335 0.00755748 0.0114981 0.0164514 0.0223073 0.0287384 0.0351805 0.0409818 0.0456512 0.049018 0.0512022 0.052469 0.0531039 0.0533576 0.0534349 0.0534897 0.0536114 0.0537899 0.0538534 0.053407 0.0518454 0.0485209 0.0430585 0.0356643 0.0271945
 0.00477556 0.00782274 0.0119003 0.0170231 0.0230738 0.0297074 0.0363311 0.0422592 0.0469712 0.0502808 0.0523065 0.053325 0.053643 0.0535397 0.0532515 0.0529623 0.052785 0.0527235 0.052613 0.0520627 0.0504723 0.0471992 0.0418678 0.0346701 0.0264333
 0.0049726 0.0081439 0.0123852 0.0177094 0.0239899 0.0308615 0.0376995 0.0437816 0.048558 0.0518277 0.0537089 0.0544864 0.0544793 0.0539845 0.0532621 0.0525253 0.0519187 0.0514771 0.0510618 0.0503039 0.0486214 0.0453835 0.0402132 0.0332797 0.0253647
 0.00517774 0.00848183 0.012902 0.0184509 0.0249926 0.0321385 0.0392262 0.0454906 0.0503491 0.0535865 0.0553245 0.0558601 0.0555268 0.0546347 0.0534581 0.0522287 0.0511165 0.0501892 0.049348 0.0482667 0.0464034 0.0431558 0.0381512 0.0315293 0.0240111
 0.00541622 0.00887039 0.0134886 0.0192813 0.0261024 0.0335403 0.0408952 0.0473585 0.0523119 0.0555229 0.0571138 0.0573946 0.0567163 0.0554068 0.0537557 0.0520084 0.0503509 0.0488763 0.0475251 0.0460251 0.0438942 0.04058 0.0357277 0.0294482 0.0223892
 0.00565229 0.00925872 0.0140815 0.0201302 0.0272481 0.0349969 0.0426344 0.0493047 0.0543535 0.0575342 0.0589749 0.0590011 0.057981 0.0562578 0.054134 0.0518661 0.0496524 0.0476054 0.0457009 0.0437218 0.041257 0.0378202 0.0330903 0.0271559 0.0205865
 0.00589374 0.00965377 0.014681 0.0209837 0.028395 0.0364525 0.0443742 0.0512579 0.0564117 0.0595709 0.0608656 0.0606365 0.0592717 0.057134 0.0545416 0.0517613 0.0489997 0.0463826 0.0439148 0.0414316 0.0385955 0.034996 0.0303573 0.0247552 0.0186823
 0.00611495 0.010019 0.0152412 0.02179 0.029489 0.0378506 0.0460519 0.0531443 0.0584003 0.06154 0.0626976 0.0622285 0.0605385 0.0580073 0.0549677 0.0516973 0.0484111 0.045246 0.0422306 0.0392473 0.0360293 0.0322436 0.0276672 0.0223708 0.0167762
 0.006368 0.0104293 0.0158568 0.0226552 0.0306365 0.0392888 0.0477512 0.0550315 0.0603673 0.0634638 0.0644599 0.0637282 0.0616972 0.0587678 0.0552893 0.0515502 0.0477708 0.0440954 0.0405709 0.0371197 0.0335393 0.0295717 0.0250479 0.0200394 0.014904
 0.00660956 0.0108273 0.0164652 0.0235262 0.0318094 0.0407714 0.0495036 0.0569619 0.0623483 0.0653594 0.06615 0.0651199 0.0627248 0.0593888 0.0554778 0.0512903 0.0470522 0.0429122 0.0389305 0.0350621 0.0311599 0.0270332 0.0225641 0.0178275 0.0131245
 0.00684175 0.0112081 0.0170445 0.0243528 0.0329212 0.0421806 0.05118 0.0588264 0.0642819 0.067225 0.0678159 0.0664774 0.0636973 0.0599324 0.0555759 0.0509439 0.0462696 0.0417049 0.0373188 0.0330904 0.0289176 0.0246661 0.0202621 0.0157837 0.0114816
 0.00709059 0.0116149 0.0176605 0.0252261 0.0340864 0.0436424 0.0528977 0.0607093 0.0662026 0.0690446 0.0694071 0.0677385 0.064557 0.0603501 0.055539 0.0504617 0.0453652 0.0404088 0.0356688 0.0311422 0.0267605 0.0224329 0.0181196 0.0138985 0.00997497
 0.00727894 0.0119298 0.0181506 0.0259417 0.0350688 0.0449067 0.0544158 0.0624041 0.0679592 0.0707328 0.0709039 0.0689424 0.0653942 0.060776 0.0555359 0.0500343 0.0445353 0.0392105 0.0341481 0.0293621 0.0248111 0.0204367 0.0162223 0.0122412 0.00865737
 0.00743723 0.0121872 0.0185386 0.0264912 0.0358057 0.0458448 0.0555466 0.0636906 0.069336 0.0721136 0.0721924 0.0700439 0.0662266 0.0612774 0.0556696 0.0497879 0.0439176 0.0382479 0.0328836 0.0278583 0.023155 0.018741 0.0146152 0.0108427 0.00754932
 0.00751268 0.0123139 0.0187369 0.0267833 0.0362122 0.0463789 0.0562086 0.064465 0.0701947 0.0730199 0.0731032 0.0709086 0.0669865 0.0618689 0.0560317 0.0498719 0.0436945 0.037713 0.032058 0.0267905 0.0219211 0.017442 0.0133644 0.00974453 0.00667525
 0.00761841 0.0124746 0.0189584 0.027065 0.0365493 0.0467662 0.0566418 0.0649398 0.0707045 0.0735542 0.0736472 0.0714423 0.067484 0.0622967 0.0563484 0.0500313 0.0436532 0.0374401 0.0315455 0.02606 0.0210271 0.0164666 0.0124045 0.0088907 0.00599049
 0.00765309 0.0125318 0.0190457 0.027189 0.0367133 0.0469674 0.0568704 0.0651818 0.0709485 0.0737982 0.0738992 0.0717143 0.0677816 0.0626109 0.0566524 0.0502835 0.043804 0.0374426 0.0313669 0.0256936 0.0204989 0.0158342 0.0117452 0.00828242 0.00549093
 0.0077261 0.0126382 0.0191831 0.0273479 0.036881 0.0471327 0.0570272 0.0653292 0.071087 0.0739277 0.0740194 0.0718279 0.067895 0.0627318 0.0567827 0.0504123 0.0439052 0.0374788 0.0313005 0.0255006 0.0201805 0.0154211 0.0112912 0.007848 0.00512509
 0.00775038 0.012679 0.0192466 0.027439 0.0370002 0.0472731 0.0571733 0.06546 0.0711849 0.0739861 0.0740462 0.0718402 0.0679116 0.062766 0.0568397 0.0504879 0.043985 0.0375385 0.0313099 0.0254328 0.0200232 0.0151847 0.0110078 0.00756069 0.00487328
 0.00781463 0.0127734 0.0193702 0.0275848 0.0371581 0.0474332 0.0573278 0.0656025 0.0713071 0.0740775 0.0740963 0.0718443 0.0678748 0.0627028 0.0567689 0.0504252 0.0439364 0.0374981 0.0312616 0.0253562 0.019903 0.0150191 0.0108112 0.0073592 0.0046937
 0.00784805 0.0128272 0.0194495 0.0276928 0.0372936 0.0475885 0.0574878 0.0657473 0.0714187 0.0741458 0.0741214 0.0718332 0.0678365 0.0626457 0.0567006 0.0503536 0.0438687 0.0374371 0.0312032 0.0252903 0.0198183 0.0149103 0.0106833 0.00722614 0.00457265
 0.00787491 0.0128699 0.019512 0.0277781 0.037403 0.0477209 0.0576379 0.0659044 0.0715674 0.0742685 0.0742029 0.071865 0.0678187 0.0625864 0.0566123 0.0502496 0.0437605 0.0373326 0.0311054 0.0251972 0.019725 0.0148128 0.0105821 0.00712741 0.00448519
 0.00788503 0.0128809 0.0195189 0.0277736 0.0373807 0.0476793 0.0575837 0.0658518 0.0715334 0.0742662 0.0742364 0.0719281 0.0678979 0.0626658 0.0566793 0.0502976 0.0437887 0.0373437 0.0311028 0.0251829 0.0196993 0.0147757 0.0105355 0.00707632 0.00443633
 0.00786646 0.012849 0.0194674 0.0276959 0.0372709 0.0475349 0.0574091 0.0656602 0.0713464 0.0741106 0.0741383 0.0719056 0.0679556 0.0627931 0.0568536 0.0504917 0.0439782 0.0375116 0.0312401 0.0252866 0.01977 0.0148163 0.010551 0.00707371 0.00442356
 0.00787882 0.0128619 0.0194737 0.0276841 0.0372282 0.0474518 0.0572832 0.065498 0.0711622 0.073924 0.0739714 0.0717807 0.0678914 0.0628001 0.0569309 0.0506258 0.0441469 0.03769 0.0314067 0.0254268 0.019877 0.0148894 0.0105943 0.00709399 0.00442877
 0.00789726 0.0128917 0.0195175 0.0277428 0.0372987 0.0475249 0.0573429 0.0655243 0.0711378 0.0738416 0.0738381 0.0716169 0.0677247 0.0626585 0.0568359 0.0505883 0.0441651 0.0377513 0.031492 0.0255168 0.0199564 0.0149498 0.0106338 0.00711543 0.00443738
 0.00789234 0.0128847 0.019509 0.0277343 0.0372926 0.0475239 0.0573487 0.0655365 0.0711513 0.0738475 0.0738254 0.0715779 0.0676597 0.0625778 0.056757 0.0505302 0.0441415 0.0377662 0.0315395 0.0255836 0.0200272 0.0150122 0.0106809 0.0071459 0.00445412
 0.00786488 0.0128378 0.0194348 0.027625 0.0371441 0.0473398 0.0571438 0.0653354 0.0709829 0.0737356 0.0737812 0.0715976 0.0677283 0.0626756 0.0568677 0.0506451 0.0442595 0.0378897 0.0316687 0.025714 0.0201504 0.0151187 0.0107641 0.00720439 0.00449079
 0.00785631 0.0128214 0.0194052 0.0275755 0.0370673 0.0472301 0.0570002 0.0651642 0.0707985 0.0735591 0.073637 0.0715065 0.067702 0.0627129 0.0569562 0.050767 0.0443981 0.0380332 0.0318104 0.0258495 0.0202746 0.0152261 0.01085 0.00726691 0.00453183
 0.00782604 0.0127719 0.0193303 0.0274695 0.0369263 0.0470542 0.0567954 0.0649429 0.070578 0.0733588 0.0734756 0.0714008 0.0676642 0.0627488 0.0570626 0.0509313 0.0446008 0.038253 0.0320287 0.0260523 0.0204528 0.015374 0.0109651 0.00735001 0.00458676
 0.00777748 0.0126947 0.0192175 0.027316 0.0367305 0.0468195 0.0565323 0.0646693 0.0703166 0.0731328 0.0733047 0.0712987 0.0676384 0.0628011 0.057189 0.0511218 0.0448397 0.03852 0.0323017 0.0263111 0.0206818 0.0155635 0.0111114 0.00745482 0.00465588
 0.00775182 0.012649 0.0191415 0.0271983 0.0365616 0.0465967 0.056264 0.0643755 0.0700249 0.0728719 0.0730984 0.0711636 0.0675831 0.0628274 0.0572929 0.0512941 0.0450668 0.0387839 0.0325815 0.0265851 0.0209308 0.0157736 0.0112757 0.00757336 0.0047344
 0.00774186 0.0126289 0.019104 0.0271335 0.0364589 0.0464479 0.0560669 0.0641364 0.0697594 0.0726029 0.0728531 0.0709681 0.0674584 0.0627853 0.0573356 0.0514153 0.0452534 0.0390184 0.032843 0.0268513 0.0211805 0.0159899 0.0114483 0.00769983 0.00481912
 0.00769219 0.0125535 0.0190002 0.0270021 0.0363026 0.0462704 0.0558718 0.0639283 0.0695451 0.0723926 0.0726607 0.0708104 0.0673524 0.0627458 0.0573712 0.0515268 0.0454332 0.0392514 0.0331089 0.0271273 0.0214439 0.0162215 0.0116357 0.00783885 0.00491319
 0.00768865 0.0125414 0.0189706 0.0269435 0.0362049 0.0461302 0.0556961 0.0637336 0.0693515 0.0722164 0.0725106 0.0706893 0.0672623 0.0626914 0.0573604 0.051568 0.0455305 0.0394019 0.0333015 0.027344 0.0216634 0.0164236 0.0118052 0.00796814 0.00500266
 0.00765484 0.012493 0.0189095 0.0268743 0.0361322 0.0460544 0.0556126 0.0636347 0.0692326 0.0720813 0.0723718 0.0705637 0.0671647 0.0626308 0.0573409 0.0515911 0.0455972 0.0395114 0.0334487 0.0275179 0.0218478 0.0166002 0.0119584 0.00808826 0.00508769
 0.00763518 0.0124598 0.0188576 0.0267993 0.0360329 0.0459352 0.0554846 0.0635129 0.0691301 0.072003 0.0723145 0.07052 0.0671299 0.0626063 0.0573332 0.0516077 0.0456439 0.0395907 0.0335589 0.0276526 0.0219957 0.016747 0.0120899 0.00819445 0.0051648
 0.00761942 0.0124366 0.0188268 0.026762 0.0359898 0.0458862 0.0554282 0.0634483 0.0690587 0.0719303 0.0722479 0.0704659 0.0670908 0.0625812 0.0573204 0.0516079 0.0456609 0.0396291 0.0336215 0.0277379 0.0220973 0.0168541 0.0121908 0.00827941 0.00522867
 0.0076071 0.0124157 0.0187942 0.0267146 0.0359261 0.045808 0.055341 0.0633608 0.0689796 0.0718659 0.0722006 0.0704354 0.0670761 0.0625814 0.0573343 0.0516344 0.0456993 0.0396798 0.0336857 0.0278154 0.0221848 0.0169453 0.012277 0.00835285 0.00528474
 0.00759393 0.0123958 0.0187667 0.0266794 0.0358837 0.0457584 0.0552846 0.0632985 0.0689144 0.0718028 0.0721457 0.0703943 0.0670521 0.0625751 0.0573442 0.0516583 0.0457352 0.0397264 0.0337422 0.0278807 0.0222566 0.0170192 0.0123471 0.0084132 0.00533152
 0.00756466 0.0123509 0.0187044 0.0266001 0.0357901 0.0456557 0.05518 0.0632004 0.0688311 0.0717401 0.0721066 0.0703792 0.0670598 0.0626037 0.0573913 0.0517205 0.0458087 0.0398075 0.0338275 0.0279676 0.0223422 0.0170999 0.012419 0.00847268 0.00537651
 0.00756989 0.0123549 0.0187023 0.0265848 0.0357547 0.0455966 0.0550995 0.0631072 0.0687371 0.071657 0.0720424 0.0703375 0.0670407 0.0626052 0.0574109 0.0517558 0.045857 0.0398659 0.033893 0.0280368 0.0224117 0.017166 0.012478 0.00852151 0.00541356
 0.00755096 0.0123308 0.0186779 0.0265678 0.0357521 0.0456099 0.0551223 0.0631264 0.0687391 0.0716342 0.0719972 0.0702797 0.066983 0.0625582 0.0573806 0.051744 0.0458627 0.0398867 0.0339259 0.0280783 0.0224578 0.0172128 0.0125214 0.00855839 0.00544205
 0.00753015 0.0122957 0.0186233 0.0264897 0.0356502 0.0454912 0.0550015 0.0630233 0.0686706 0.0716073 0.0720062 0.0703112 0.0670237 0.0626008 0.0574243 0.0517916 0.0459169 0.0399483 0.0339931 0.0281479 0.022526 0.0172756 0.0125756 0.00860178 0.005474
 0.00750366 0.012252 0.0185562 0.0263933 0.0355202 0.0453273 0.0548107 0.0628209 0.0684797 0.0714537 0.0719114 0.0702865 0.0670665 0.0626971 0.0575549 0.0519386 0.0460679 0.040096 0.0341335 0.0282778 0.0226422 0.0173749 0.0126558 0.00866246 0.00551649
 0.00749973 0.0122451 0.0185447 0.0263749 0.0354915 0.0452844 0.0547493 0.0627382 0.0683762 0.0713354 0.0717909 0.0701807 0.0669929 0.0626678 0.0575727 0.0519971 0.046155 0.0401983 0.0342402 0.0283811 0.0227368 0.0174571 0.0127231 0.00871385 0.00555274
 0.00750485 0.0122525 0.0185542 0.0263854 0.0355013 0.0452908 0.0547491 0.0627273 0.0683502 0.0712908 0.0717265 0.0701004 0.0669058 0.0625874 0.0575134 0.0519692 0.0461615 0.0402352 0.0342983 0.0284499 0.022807 0.0175217 0.0127778 0.00875638 0.00558311
 0.00749952 0.0122473 0.0185527 0.0263926 0.0355221 0.0453272 0.0547982 0.0627811 0.0683978 0.0713212 0.0717318 0.0700769 0.066855 0.0625159 0.0574326 0.0518928 0.0461023 0.0402012 0.0342909 0.0284648 0.0228363 0.0175571 0.0128122 0.00878552 0.00560501
 0.00749952 0.0122473 0.0185527 0.0263926 0.0355221 0.0453272 0.0547982 0.0627811 0.0683978 0.0713212 0.0717318 0.0700769 0.066855 0.0625159 0.0574326 0.0518928 0.0461023 0.0402012 0.0342909 0.0284648 0.0228363 0.0175571 0.0128122 0.00878552 0.00560501
 0.0071013 0.0116142 0.0176295 0.0251463 0.0339579 0.0435093 0.0528645 0.0609348 0.0668659 0.0702954 0.0713196 0.0702849 0.067604 0.063673 0.058846 0.0534206 0.047629 0.0416434 0.0355936 0.0295943 0.0237746 0.0182996 0.0133672 0.00917388 0.00585708
 0.00705215 0.0114894 0.0173591 0.0246379 0.0331211 0.0422933 0.0512947 0.0591262 0.0650063 0.0686054 0.0700082 0.0695094 0.0674428 0.0641148 0.0597991 0.0547399 0.049151 0.0432159 0.0370951 0.0309398 0.0249134 0.0192099 0.0140515 0.00965417 0.00616937
#pred catch len freq
 0.00391883 0.0062486 0.00920977 0.0127703 0.0169164 0.0216226 0.0267862 0.0322003 0.0375936 0.0426928 0.0472649 0.0511415 0.0542361 0.0565463 0.058133 0.0590933 0.0595383 0.0595642 0.0591887 0.0582503 0.056336 0.0528549 0.0473229 0.0397447 0.0308254
 0.00414704 0.00654525 0.00952185 0.0130106 0.0169971 0.0215038 0.0265062 0.0318639 0.0373182 0.0425471 0.0472389 0.0511659 0.054234 0.0564842 0.0580435 0.0590587 0.059645 0.0598487 0.0596024 0.0586655 0.0565971 0.052851 0.0470406 0.0392697 0.0302934
 0.00429473 0.00679777 0.00991906 0.0135819 0.0177373 0.022346 0.0273161 0.0324737 0.0375982 0.0424708 0.0468937 0.0506976 0.0537662 0.0560715 0.0576836 0.0587397 0.0593797 0.0596677 0.0595167 0.0586336 0.0565298 0.0526566 0.0466799 0.0387804 0.0297678
 0.00446304 0.00706129 0.0102999 0.0141019 0.0184217 0.0232226 0.0283986 0.0337306 0.0389231 0.0436829 0.047787 0.0511209 0.0536869 0.0555775 0.0569268 0.0578656 0.0584895 0.058818 0.0587306 0.0579051 0.0558263 0.0519377 0.0459282 0.0380239 0.0290701
 0.00469179 0.00741811 0.0108095 0.0147793 0.0192733 0.0242481 0.0295901 0.0350704 0.0403764 0.0451849 0.049227 0.0523394 0.0545046 0.0558538 0.0566167 0.0570371 0.0572885 0.0574085 0.0572455 0.0564266 0.0543942 0.0505714 0.0446522 0.0368806 0.0281119
 0.00495362 0.00782927 0.0114021 0.0155756 0.0202854 0.0254752 0.0310141 0.0366502 0.0420491 0.0468717 0.0508383 0.0537741 0.0556452 0.0565706 0.0567903 0.0565972 0.0562478 0.0558668 0.0553588 0.0543623 0.052298 0.04856 0.0428207 0.0353082 0.0268554
 0.00522162 0.00825256 0.0120172 0.0164114 0.0213622 0.0268015 0.0325791 0.0384151 0.0439441 0.0488004 0.0526875 0.0554259 0.0569861 0.0574944 0.0571996 0.0564099 0.0554167 0.0544054 0.0533568 0.0519779 0.0497299 0.0460136 0.0404806 0.0333165 0.0252941
 0.00547044 0.00864705 0.0125936 0.0172005 0.0223884 0.0280803 0.0341091 0.0401694 0.0458648 0.0507996 0.0546536 0.0572335 0.0585084 0.0586142 0.0578154 0.0564384 0.0547979 0.0531175 0.0514383 0.0495451 0.0469758 0.0431817 0.03782 0.0310315 0.0235054
 0.00573346 0.00906182 0.0131952 0.0180164 0.0234385 0.029375 0.0356431 0.0419142 0.0477651 0.0527743 0.0566018 0.0590414 0.0600584 0.0597929 0.0585202 0.0565812 0.0543096 0.0519582 0.0496173 0.0471453 0.0441681 0.0402138 0.0349719 0.0285515 0.0215512
 0.00605891 0.00956502 0.0139057 0.0189484 0.0245946 0.0307499 0.0372225 0.0436678 0.0496401 0.0546946 0.0584722 0.0607566 0.0615123 0.0608869 0.0591659 0.056701 0.0538373 0.0508471 0.047859 0.0447969 0.0413761 0.0372132 0.0320489 0.0259754 0.0195039
 0.00636917 0.0100503 0.014601 0.0198749 0.0257587 0.0321416 0.0388108 0.0453986 0.0514403 0.0564818 0.0601639 0.0622738 0.0627795 0.0618312 0.0597173 0.0567919 0.0534052 0.049841 0.0462572 0.0426344 0.0387713 0.0343755 0.0292488 0.0234795 0.0175022
 0.0066684 0.0105249 0.0152939 0.0208203 0.0269782 0.0336376 0.0405561 0.0473278 0.0534515 0.0584501 0.0619611 0.063788 0.063928 0.0625634 0.060006 0.0566193 0.0527512 0.0486823 0.0445818 0.0404699 0.036216 0.0316125 0.0265244 0.0210449 0.0155422
 0.0069897 0.0110246 0.0160052 0.0217631 0.028162 0.0350627 0.0422086 0.0491696 0.0554106 0.0604195 0.0638079 0.0653726 0.0651281 0.063294 0.0602262 0.0563248 0.0519563 0.0474057 0.0428458 0.0383183 0.0337424 0.0289781 0.023946 0.0187466 0.0136916
 0.00736922 0.0116102 0.0168289 0.0228355 0.0294744 0.0365903 0.0439098 0.0509833 0.0572576 0.0622084 0.065442 0.0667544 0.066165 0.0639064 0.0603583 0.0559518 0.0510834 0.0460606 0.0410733 0.0361845 0.0313499 0.0264788 0.0215319 0.0166121 0.01198
 0.0077969 0.0122699 0.0177557 0.02404 0.0309439 0.0382915 0.0457862 0.052951 0.0592083 0.0640215 0.0670018 0.0679652 0.0669587 0.0642435 0.0602229 0.055346 0.0500237 0.044578 0.0392162 0.0340259 0.0289968 0.0240767 0.0192536 0.0146246 0.0104015
 0.00808997 0.0127342 0.0184321 0.0249597 0.0321237 0.0397273 0.0474427 0.0547558 0.0610554 0.0657855 0.0685557 0.0691975 0.0677856 0.0646158 0.060126 0.0547922 0.0490431 0.0432121 0.0375184 0.0320691 0.0268826 0.0219383 0.0172435 0.0128851 0.00902885
 0.00820289 0.0129277 0.018743 0.0254314 0.0328012 0.0406456 0.0486129 0.0561526 0.0626128 0.0674006 0.0701011 0.0705395 0.0688061 0.0652299 0.0602904 0.0545029 0.0483266 0.0421151 0.0361027 0.0304128 0.025085 0.0201215 0.0155412 0.0114182 0.00787626
 0.00833119 0.0131243 0.0190184 0.0257917 0.0332533 0.0412028 0.0492952 0.0569789 0.063587 0.0684976 0.0712593 0.0716653 0.0697888 0.0659625 0.0606889 0.0545186 0.0479491 0.0413684 0.0350389 0.0291073 0.0236344 0.0186397 0.0141475 0.0102169 0.00693393
 0.00856504 0.0134696 0.0194736 0.0263341 0.0338476 0.0418151 0.0499038 0.0575776 0.0641808 0.0690951 0.0718632 0.0722631 0.0703458 0.0664222 0.0609824 0.0545802 0.0477322 0.0408569 0.0342514 0.0280959 0.0224802 0.0174433 0.0130148 0.00923885 0.00616724
 0.00852998 0.0134319 0.0194519 0.0263556 0.0339387 0.0419884 0.0501494 0.0578673 0.0644843 0.0693981 0.0721747 0.0726064 0.0707391 0.0668593 0.0614242 0.0549605 0.0479745 0.040896 0.0340521 0.0276638 0.0218622 0.0167181 0.0122753 0.0085703 0.00562777
 0.00832525 0.0131378 0.019082 0.0259505 0.0335587 0.0416983 0.0500033 0.0578967 0.064691 0.069753 0.0726276 0.0731035 0.0712412 0.0673478 0.0618914 0.0553922 0.0483385 0.0411454 0.0341411 0.0275677 0.0215914 0.0163187 0.0118172 0.00812632 0.00525363
 0.00820531 0.0129465 0.0188026 0.0255744 0.0330922 0.0411713 0.0494743 0.0574474 0.0644063 0.0696947 0.0728126 0.0735005 0.0717842 0.0679602 0.062507 0.0559645 0.0488362 0.0415422 0.0344109 0.02769 0.0215626 0.0161616 0.0115781 0.00786165 0.00501281
 0.00825306 0.0130017 0.0188438 0.0255661 0.0329924 0.0409457 0.0491115 0.0569692 0.0638703 0.069186 0.0724256 0.0733128 0.0718326 0.0682297 0.0629397 0.0564813 0.0493605 0.0420128 0.0347852 0.027942 0.021684 0.0161636 0.0114909 0.0077273 0.00487205
 0.00834783 0.0131395 0.0190195 0.0257606 0.0331731 0.0410698 0.049132 0.0568451 0.0635808 0.0687456 0.0718915 0.0727758 0.0713941 0.0679713 0.0628986 0.0566427 0.0496673 0.0423879 0.0351533 0.028246 0.0218915 0.0162679 0.0115076 0.00768573 0.00480495
 0.00832477 0.0131138 0.0190021 0.0257681 0.0332216 0.0411653 0.0492626 0.0569783 0.0636704 0.0687445 0.0717687 0.0725317 0.071067 0.0676304 0.0626235 0.0564957 0.0496727 0.0425264 0.0353735 0.0284854 0.0220972 0.0164094 0.0115792 0.00770112 0.00478665
 0.00820304 0.0129251 0.0187366 0.0254261 0.0328171 0.0407288 0.048841 0.0566278 0.0634399 0.0686573 0.0718123 0.0726642 0.0712374 0.0678017 0.0627868 0.0566686 0.049883 0.0427913 0.0356863 0.0288155 0.0224036 0.0166575 0.0117523 0.00780271 0.00483397
 0.00814083 0.0128189 0.0185674 0.0251729 0.0324617 0.0402646 0.0482823 0.0560163 0.0628424 0.0681541 0.071477 0.0725423 0.0713314 0.0680729 0.0631733 0.0571103 0.0503396 0.0432441 0.0361271 0.0292336 0.0227802 0.016971 0.0119884 0.00796078 0.00492655
 0.00811851 0.0127874 0.0185275 0.025125 0.0324013 0.0401772 0.048143 0.0557967 0.0625261 0.0677521 0.0710347 0.0721311 0.0710267 0.0679287 0.0632055 0.0572966 0.0506342 0.043597 0.0364977 0.0295931 0.0231073 0.0172489 0.0122056 0.00811445 0.00502348
 0.00818576 0.0128831 0.0186467 0.0252551 0.0325263 0.0402831 0.0482204 0.0558376 0.0625174 0.0676737 0.0708667 0.0718684 0.0706925 0.0675748 0.0628967 0.0570871 0.0505495 0.0436307 0.0366206 0.0297678 0.023299 0.01743 0.0123579 0.00822892 0.00510014
 0.00825463 0.0129814 0.0187691 0.0253871 0.0326475 0.0403731 0.0482643 0.0558291 0.0624596 0.0675755 0.0707379 0.0717146 0.0705151 0.0673772 0.0626925 0.0569033 0.0504185 0.0435767 0.0366489 0.0298637 0.023435 0.0175764 0.0124907 0.00833416 0.00517385
