SBPRF35
9.33694
Curr Bio
554394
B35
748506
F35
0.192648
FOFL
0.142325
OFL
64886.6
Bzero
2.6677e+06
#pred survey bio
 4.26167e+06 4.08167e+06 3.90229e+06 3.66492e+06 3.36329e+06 3.06776e+06 2.78452e+06 2.47989e+06 2.23632e+06 1.9855e+06 1.76341e+06 1.56915e+06 1.38361e+06 1.21586e+06 1.08269e+06 952375 862441 783923 739937 699106 661159 647164 627936 614556 597845 583860 591777 587349 585299 577146 573080 567947 566636 571467 552176 545015 539261 538851 537089 553730 572384 572982 581812 584997 593967 591792 594405 596212 598462 608663 612834 590796 607573 631979 641598 598785 559063 1.98409e+07 1.2131e+07 1.25877e+07 1.3509e+07 1.46912e+07 1.59138e+07 1.70351e+07 1.79884e+07 1.87584e+07 1.93591e+07 1.98164e+07 2.01591e+07 2.04133e+07 2.06007e+07 2.07386e+07 2.08401e+07 2.0915e+07 2.09705e+07 2.10118e+07 2.10427e+07 2.10659e+07 2.10835e+07 2.10969e+07 2.11071e+07 2.11149e+07 2.1121e+07 2.11256e+07 2.11292e+07 2.11321e+07 2.11343e+07 2.1136e+07 2.11373e+07 2.11384e+07 2.11392e+07 2.11398e+07 2.11404e+07 2.11408e+07 2.11411e+07 2.11413e+07 2.11415e+07 2.11417e+07 2.11418e+07 2.11419e+07 2.1142e+07 2.11421e+07 2.11421e+07 2.11421e+07 2.11422e+07 2.11422e+07 2.11422e+07 2.11422e+07 2.11422e+07 2.11423e+07 2.11423e+07 2.11423e+07 2.11423e+07 2.11423e+07 2.11423e+07 2.11423e+07 2.11423e+07 2.11423e+07 2.11423e+07 2.11423e+07 2.11423e+07 2.11423e+07 2.11423e+07 2.11423e+07 2.11423e+07 2.11423e+07 2.11423e+07 2.11423e+07 2.11423e+07 2.11423e+07 2.11423e+07 2.11423e+07 2.11423e+07 2.11423e+07 2.11423e+07 2.11423e+07 2.11423e+07 2.11423e+07 2.11423e+07 2.11423e+07 2.11423e+07 2.11423e+07 2.11423e+07 2.11423e+07 2.11423e+07 2.11423e+07 2.11423e+07 2.11423e+07 2.11423e+07 2.11423e+07 2.11423e+07 2.11423e+07 2.11423e+07 2.11423e+07 2.11423e+07 2.11423e+07 2.11423e+07 0 0 0 0 0 0 0 0 0 0 0 0 0 0 0 0 0 0 0 0 0 0 0 0 0
#obs survey bio
 3.42642e+06 5.27097e+06 3.64009e+06 3.0682e+06 2.60621e+06 3.08512e+06 2.5542e+06 1.94724e+06 1.45263e+06 1.55802e+06 1.45568e+06 1.40493e+06 1.56710e+06 1.21771e+06 1.14012e+06 588714 553085 553697 902531 673564 652185 766174 594918 468960 518888 541243 676906 541042 494911 554515 597428 541393 454753 614071 699986 613953 858602 459699 424628 368209 675351 653812 869281 754780 488485 513091 534747 655197 540048 484829 558809 558769 550341 912143 673654 573356 688820
#pred catch bio
 92021.1 91855.9 151557 225896 242383 256050 301314 270668 298798 290443 278439 278994 267780 239482 236797 200901 189451 157183 150904 143791 120016 122029 114880 115750 111842 93365 103929 101087 104765 99219.6 97812.4 92274.4 85145 102349 88301.1 86440.2 85315 91507.5 80342.2 81595.5 96644.9 87756.3 90549 84471.6 93452.5 89228.3 90372 90630.5 85057.7 91768.5 114754 83665.4 80537.6 94868.8 138161 132065 88552.4 64886.6 87299.2 89537 95031.3 102893 111202 118769 125084 130053 133805 136550 138513 139890 140842 141494 141936 142233 142432 142565 142653 142711 142750 142775 142792 142803 142810 142815 142818 142820 142821 142822 142822 142823 142823 142823 142823 142823 142823 142823 142823 142823 142823 142823 142823 142823 142823 142823 142823 142823 142823 142823 142823 142823 142823 142823 142823 142823 142823 142823 142823 142823 142823 142823 142823 142823 142823 142823 142823 142823 142823 142823 142823 142823 142823 142823 142823 142823 142823 142823 142823 142823 142823 142823 142823 142823 142823 142823 142823 142823 142823 142823 142823 142823 142823 142823 142823 142823 142823 142823 142823 0 0 0 0 0 0 0 0 0 0 0 0 0 0 0 0 0 0 0 0 0 0 0 0 0
#obs catch bio
 0 91565.7 152015 227171 243968 258175 306160 274275 305775 297512 285198 286140 273274 244681 241077 204096 194963 160832 154079 146371 121281 123438 115996 117574 112836 94518.3 105419 102473 106468 100521 99007.3 93189.4 85760.6 103650 88804.8 86854.2 85329.6 91900.6 80654.1 82196.6 97251.7 87849.5 90029.5 83485.3 93020.7 88534.3 89991.6 90226.9 84680.3 91173.5 114907 83528.2 80577.5 94665.5 138438 132452 88286.2
#pred cpue bio
 4.20769e+06 4.03069e+06 3.85398e+06 3.61784e+06 3.31709e+06 3.02225e+06 2.73972e+06 2.43622e+06 2.19332e+06 1.94369e+06 1.723e+06 1.53031e+06 1.34668e+06 1.18084e+06 1.04931e+06 920851 832059 754933 712129 672753 636142 622736 604134 591157 574940 561244 568905 564688 562849 555161 551561 546969 546072 551191 532877 526298 520203 518427 515581 531519 550061 551255 560488 564043 572901 570697 573140 574792 576883 586723 590563 568593 584538 608371 617911 575835 536911 1.90918e+07 1.1696e+07 1.20542e+07 1.28607e+07 1.40016e+07 1.52142e+07 1.63335e+07 1.72864e+07 1.80564e+07 1.86571e+07 1.91144e+07 1.94571e+07 1.97113e+07 1.98987e+07 2.00366e+07 2.01381e+07 2.0213e+07 2.02685e+07 2.03098e+07 2.03407e+07 2.03639e+07 2.03815e+07 2.03948e+07 2.04051e+07 2.04129e+07 2.04189e+07 2.04236e+07 2.04272e+07 2.043e+07 2.04322e+07 2.0434e+07 2.04353e+07 2.04364e+07 2.04372e+07 2.04378e+07 2.04383e+07 2.04388e+07 2.04391e+07 2.04393e+07 2.04395e+07 2.04397e+07 2.04398e+07 2.04399e+07 2.044e+07 2.044e+07 2.04401e+07 2.04401e+07 2.04402e+07 2.04402e+07 2.04402e+07 2.04402e+07 2.04402e+07 2.04402e+07 2.04403e+07 2.04403e+07 2.04403e+07 2.04403e+07 2.04403e+07 2.04403e+07 2.04403e+07 2.04403e+07 2.04403e+07 2.04403e+07 2.04403e+07 2.04403e+07 2.04403e+07 2.04403e+07 2.04403e+07 2.04403e+07 2.04403e+07 2.04403e+07 2.04403e+07 2.04403e+07 2.04403e+07 2.04403e+07 2.04403e+07 2.04403e+07 2.04403e+07 2.04403e+07 2.04403e+07 2.04403e+07 2.04403e+07 2.04403e+07 2.04403e+07 2.04403e+07 2.04403e+07 2.04403e+07 2.04403e+07 2.04403e+07 2.04403e+07 2.04403e+07 2.04403e+07 2.04403e+07 2.04403e+07 2.04403e+07 2.04403e+07 2.04403e+07 2.04403e+07 2.04403e+07 2.04403e+07 0 0 0 0 0 0 0 0 0 0 0 0 0 0 0 0 0 0 0 0 0 0 0 0 0
#obs cpue bio
 3.63274e+06 2.46348e+06 2.57932e+06 4.53816e+06 2.35427e+06 2.02868e+06 1.93183e+06 2.24515e+06 1.73252e+06 1.80214e+06 1.64781e+06 1.41791e+06 1.38228e+06 738235 1.17364e+06 1.09326e+06 501837 769987 526704 674989 620702 487352 550794 455833 916442 264292 496358 454863 504290 519429 487358 548201 575536 479769 448333 491719 439379 502808 491225 528520 668346 546838 805397 740336 483939 858037 528764 595699 607045 911642 512016 492945 540110 537373 611464 567174 467888
#pred surv len freq
 0.00544392 0.00871927 0.0129006 0.0179002 0.023569 0.029641 0.0356901 0.0412102 0.0457981 0.0492909 0.0517593 0.0533995 0.0544293 0.0550292 0.0553167 0.0553386 0.0550795 0.054475 0.0534065 0.0516682 0.0489457 0.0448823 0.0392686 0.0322771 0.0245611
 0.00561526 0.00890902 0.0130274 0.0178472 0.0232323 0.0289958 0.0348331 0.0403375 0.0451205 0.0489349 0.0517138 0.0535396 0.0545938 0.0551048 0.055287 0.0552817 0.0551223 0.0547255 0.0538946 0.052323 0.0496242 0.045434 0.0396015 0.0323874 0.024514
 0.00592469 0.00938335 0.0136814 0.0186593 0.0241312 0.0298552 0.0354848 0.0406188 0.0449454 0.0483499 0.05089 0.0526917 0.0538769 0.0545593 0.0548629 0.054913 0.0547912 0.0544726 0.053777 0.0523586 0.0497645 0.0455857 0.0396781 0.0323531 0.0243911
 0.00620353 0.00983412 0.0143543 0.0195964 0.0253543 0.0313441 0.037154 0.0423055 0.0464269 0.0493961 0.0513361 0.0524989 0.0531461 0.0534819 0.0536371 0.0536773 0.0536122 0.0533774 0.0527875 0.0514965 0.049035 0.0449677 0.0391382 0.0318701 0.0239686
 0.00653435 0.0103551 0.0151082 0.0206152 0.0266575 0.0329346 0.0390059 0.0443485 0.0485351 0.0513871 0.0529891 0.0535952 0.0535271 0.053103 0.0525838 0.0521306 0.0517818 0.0514438 0.0508777 0.0496918 0.0473869 0.0435091 0.0378891 0.0308424 0.0231671
 0.0068543 0.0108611 0.0158439 0.0216131 0.0279358 0.0344914 0.0408117 0.046342 0.0506261 0.0534633 0.0549171 0.0552184 0.0546724 0.0536081 0.0523435 0.0511388 0.0501423 0.0493401 0.0485216 0.0472775 0.0450697 0.0414042 0.0360774 0.0293727 0.0220536
 0.00716507 0.0113523 0.0165577 0.022581 0.0291755 0.0360015 0.0425639 0.0482764 0.0526559 0.0554867 0.0568279 0.056908 0.0560245 0.0544953 0.0526366 0.0507358 0.0490068 0.04753 0.0461888 0.044637 0.0423559 0.0388316 0.0338145 0.027527 0.0206643
 0.0075675 0.0119813 0.0174576 0.0237772 0.0306723 0.0377788 0.0445712 0.0504298 0.0548457 0.0575945 0.058743 0.058536 0.0572847 0.0553121 0.052931 0.0504254 0.0480234 0.0458532 0.043879 0.0418507 0.0393283 0.0358334 0.0310967 0.0252717 0.0189557
 0.0078379 0.0124184 0.0181109 0.0246914 0.0318792 0.0392852 0.0463454 0.0523968 0.0568979 0.0596116 0.0606111 0.0601578 0.0585802 0.0562137 0.0533757 0.0503485 0.0473609 0.0445592 0.0419587 0.039393 0.0365185 0.0329304 0.0283769 0.0229612 0.0171796
 0.00811488 0.012863 0.01877 0.0256064 0.0330806 0.0407825 0.0481143 0.0543716 0.0589749 0.0616641 0.062509 0.0617841 0.0598422 0.0570461 0.0537346 0.0501999 0.0466715 0.0433001 0.0401263 0.0370431 0.0337943 0.0300602 0.0256322 0.0205866 0.0153273
 0.00837634 0.0132772 0.0193738 0.0264289 0.0341407 0.0420844 0.04964 0.0560746 0.0607815 0.0634807 0.0642318 0.0633087 0.0610723 0.057901 0.0541538 0.0501412 0.046106 0.0422092 0.0385116 0.0349497 0.0313376 0.0274342 0.0230818 0.0183464 0.0135564
 0.00860306 0.0136401 0.0199095 0.0271682 0.0351034 0.0432719 0.0510267 0.0576052 0.0623782 0.0650571 0.0657052 0.0646047 0.0621243 0.0586487 0.0545428 0.0501249 0.045647 0.0412833 0.0371164 0.033122 0.0291744 0.0251011 0.0207931 0.0163149 0.0119339
 0.0089156 0.014126 0.0205998 0.0280778 0.0362305 0.0445971 0.0525089 0.0591787 0.0639567 0.0665463 0.0670169 0.0656683 0.0628912 0.0590899 0.0546418 0.0498692 0.0450227 0.0402773 0.0357271 0.0313785 0.0271563 0.0229482 0.0186897 0.0144474 0.010438
 0.00920598 0.0145897 0.0212814 0.0290111 0.0374304 0.0460474 0.0541515 0.060913 0.0656558 0.068084 0.068291 0.0666109 0.063468 0.0592932 0.0544818 0.0493645 0.0441917 0.0391339 0.0342867 0.0296726 0.0252528 0.0209625 0.0167743 0.0127578 0.00908787
 0.00948656 0.0150226 0.0218904 0.0298055 0.0384072 0.0471939 0.0554427 0.0623048 0.0670803 0.0694516 0.0695016 0.0675706 0.0641052 0.0595687 0.0543893 0.0489215 0.0434278 0.0380814 0.0329789 0.0281521 0.0235848 0.0192451 0.0151322 0.0113166 0.00793874
 0.0099082 0.0156722 0.0228003 0.0309798 0.0398199 0.0487892 0.0571351 0.0639839 0.0686269 0.0707602 0.070497 0.06821 0.064371 0.059461 0.0539229 0.0481255 0.0423431 0.0367559 0.0314637 0.0265038 0.0218728 0.0175574 0.0135711 0.00997896 0.00688999
 0.00997153 0.0158063 0.0230593 0.0314316 0.0405283 0.0497857 0.0583939 0.0654169 0.0701031 0.0721396 0.0716607 0.0690763 0.0648975 0.0596371 0.0537597 0.0476474 0.0415832 0.0357546 0.0302693 0.0251743 0.0204785 0.0161813 0.012302 0.00889652 0.00604501
 0.00999609 0.0158515 0.0231394 0.0315693 0.0407569 0.0501484 0.0589359 0.0661693 0.0710616 0.0732481 0.0728132 0.0701398 0.0657463 0.0601831 0.0539637 0.047513 0.0411423 0.0350539 0.0293635 0.0241253 0.0193569 0.0150657 0.0112723 0.00802054 0.00536393
 0.00988641 0.0156805 0.0228968 0.0312537 0.0403807 0.0497433 0.0585578 0.0658969 0.0709838 0.0734405 0.0733105 0.0709161 0.0667127 0.0612061 0.054899 0.0482406 0.0415885 0.0351957 0.0292204 0.0237468 0.0188124 0.0144354 0.0106376 0.00745133 0.00490644
 0.00993079 0.0157331 0.0229396 0.0312579 0.0403138 0.0495824 0.0583016 0.0655722 0.0706438 0.0731568 0.0731596 0.0709618 0.0669862 0.0616893 0.0555222 0.0488971 0.0421632 0.0355959 0.0293958 0.0236952 0.0185721 0.0140714 0.0102244 0.00705651 0.00457749
 0.0101094 0.0159936 0.0232754 0.0316405 0.0406972 0.049912 0.0585245 0.0656466 0.0705494 0.0729045 0.0727967 0.0705646 0.066642 0.0614723 0.0554702 0.048999 0.0423623 0.035809 0.0295416 0.0237196 0.0184622 0.0138527 0.00994661 0.00677438 0.00433385
 0.010128 0.0160206 0.0233093 0.0316768 0.0407281 0.0499266 0.0585096 0.0655889 0.0704388 0.0727394 0.072588 0.0703387 0.0664386 0.0613372 0.0554436 0.0491007 0.0425805 0.0360988 0.0298371 0.0239554 0.0185951 0.0138739 0.009879 0.00665818 0.00420929
 0.0102204 0.0161596 0.0234974 0.0319081 0.0409889 0.050197 0.058765 0.0658009 0.0705782 0.0727817 0.0725194 0.0701615 0.0661737 0.061023 0.0551299 0.0488375 0.0424037 0.0360184 0.0298338 0.023989 0.018622 0.0138647 0.00982732 0.00657751 0.0041216
 0.0102092 0.0161502 0.0234992 0.0319349 0.0410546 0.050309 0.058919 0.0659799 0.070757 0.0729329 0.0726196 0.0701944 0.0661328 0.0609134 0.0549699 0.0486568 0.0422367 0.0358935 0.0297631 0.0239646 0.0186213 0.0138628 0.00980875 0.00654087 0.00407573
 0.0103934 0.0164114 0.0238221 0.0322826 0.0413807 0.0505767 0.0591142 0.0661105 0.0708407 0.0729819 0.0726331 0.0701606 0.0660376 0.0607497 0.0547425 0.0483837 0.0419459 0.0356165 0.029526 0.0237807 0.0184888 0.0137692 0.00973891 0.00648423 0.00402843
 0.0104905 0.0165721 0.0240673 0.0326278 0.0418271 0.0510993 0.0596566 0.0665947 0.0711919 0.0731566 0.0726315 0.0700171 0.0657975 0.0604502 0.0544062 0.0480245 0.0415774 0.0352569 0.0291964 0.0234994 0.0182653 0.0136022 0.00961952 0.00640089 0.00397112
 0.0103286 0.0163289 0.0237399 0.0322311 0.0413938 0.0506781 0.0593056 0.0663699 0.0711303 0.0732613 0.0728703 0.0703372 0.0661469 0.0607913 0.0547176 0.048294 0.0417975 0.0354242 0.0293139 0.0235761 0.0183129 0.0136312 0.00963649 0.00640939 0.0039735
 0.010287 0.0162651 0.023651 0.032117 0.0412576 0.0505261 0.059149 0.0662261 0.0710221 0.0732125 0.072897 0.0704399 0.066308 0.0609808 0.054904 0.0484543 0.04192 0.0355071 0.0293612 0.0235954 0.0183134 0.0136215 0.00962348 0.00639703 0.00396341
 0.0101399 0.0160502 0.0233727 0.031795 0.0409215 0.0502063 0.0588697 0.0660036 0.0708675 0.0731343 0.0729027 0.0705339 0.0664877 0.0612333 0.0552048 0.0487716 0.0422224 0.0357707 0.0295735 0.0237544 0.0184244 0.013694 0.00966765 0.00642197 0.00397625
 0.0100418 0.0158994 0.0231627 0.0315275 0.040608 0.0498687 0.0585398 0.0657186 0.0706609 0.0730264 0.0728956 0.0706156 0.0666407 0.0614411 0.0554532 0.0490455 0.0425036 0.0360387 0.0298098 0.0239468 0.0185693 0.013795 0.00973282 0.00646086 0.00399762
 0.00992591 0.015718 0.0229031 0.0311836 0.0401827 0.049377 0.0580118 0.0652004 0.0702083 0.0726935 0.072722 0.0706177 0.0668094 0.0617468 0.0558554 0.0495019 0.042976 0.036495 0.030224 0.0243003 0.0188521 0.0140062 0.0098796 0.00655546 0.00405392
 0.00988453 0.0156449 0.0227826 0.0309975 0.0399151 0.0490207 0.0575761 0.0647131 0.0697132 0.0722427 0.0723671 0.070401 0.0667567 0.0618625 0.0561216 0.0498827 0.0434259 0.0369677 0.0306791 0.0247069 0.0191905 0.0142684 0.0100681 0.00668073 0.00413048
 0.00979352 0.0155058 0.0225891 0.0307487 0.0396132 0.0486699 0.057182 0.0642863 0.0692731 0.0718193 0.0719995 0.0701316 0.066623 0.0618881 0.0563104 0.0502172 0.0438702 0.037474 0.0311972 0.025192 0.0196099 0.0146039 0.0103162 0.00684978 0.0042362
 0.00943967 0.0149861 0.0219103 0.0299534 0.0387684 0.0478466 0.0564398 0.0636672 0.068803 0.0715114 0.0718571 0.0701515 0.0667995 0.0622145 0.0567769 0.0508063 0.0445526 0.0382086 0.0319346 0.0258828 0.0202126 0.0150927 0.0106832 0.00710379 0.00439749
 0.00953414 0.0150972 0.0220005 0.0299658 0.0386463 0.0475634 0.0560184 0.0631764 0.068328 0.0711181 0.0715717 0.069966 0.0666919 0.0621699 0.0567957 0.0508998 0.0447316 0.0384721 0.0322648 0.0262471 0.0205724 0.015413 0.0109413 0.0072922 0.00452197
 0.0103485 0.0162411 0.0233875 0.0313983 0.0398665 0.0483381 0.0562139 0.0627871 0.0674597 0.069946 0.0702924 0.0687524 0.0656612 0.0613727 0.0562294 0.0505346 0.0445335 0.038412 0.0323165 0.0263811 0.0207539 0.0156062 0.0111165 0.00743117 0.00461961
 0.0111717 0.0175109 0.0251626 0.0336648 0.0425166 0.051153 0.0588654 0.0648844 0.0686515 0.0700394 0.0693218 0.0669571 0.0633884 0.0589651 0.0539471 0.0485306 0.0428687 0.0370888 0.0313078 0.0256475 0.0202502 0.0152835 0.0109258 0.00732826 0.00456927
 0.0111407 0.0175618 0.025425 0.0343188 0.0437414 0.0530452 0.0613635 0.0677416 0.071476 0.0723886 0.0708151 0.0673732 0.0627187 0.0574029 0.0518152 0.0461791 0.0405888 0.0350697 0.029639 0.0243455 0.0192875 0.0146102 0.0104828 0.00705586 0.00441376
 0.0108563 0.0171559 0.0249251 0.0338033 0.04334 0.0529265 0.0617063 0.0686867 0.073062 0.0744941 0.0731485 0.0695338 0.0643136 0.0581682 0.0516887 0.0452965 0.0392136 0.0334975 0.0281167 0.0230314 0.0182511 0.0138543 0.00997045 0.00673343 0.00422602
 0.0104294 0.0165006 0.0240141 0.0326455 0.0419885 0.0514866 0.0603423 0.0676151 0.0725172 0.0746661 0.0741123 0.0711995 0.0664241 0.0603572 0.0535851 0.0466345 0.0399001 0.033609 0.0278369 0.0225676 0.0177692 0.0134512 0.00967998 0.00654807 0.00412003
 0.0100241 0.0158791 0.0231492 0.0315378 0.0406668 0.0500075 0.0587942 0.0661248 0.071247 0.0737976 0.0738146 0.0715859 0.0675073 0.0620183 0.055581 0.0486534 0.0416513 0.0349066 0.028638 0.0229513 0.0178758 0.013419 0.00960676 0.00648362 0.0040789
 0.00988639 0.0156564 0.022816 0.0310714 0.0400518 0.0492426 0.0579003 0.0651488 0.0702598 0.0728888 0.0730876 0.0711516 0.067468 0.0624379 0.0564478 0.0498593 0.0430062 0.0361931 0.0296815 0.0236699 0.0182857 0.0136004 0.00965541 0.00647543 0.0040578
 0.00983598 0.0155559 0.0226305 0.0307573 0.0395674 0.0485649 0.0570409 0.064159 0.0692215 0.0718982 0.0722397 0.0705322 0.0671505 0.0624788 0.0568745 0.0506509 0.0440789 0.0374045 0.0308634 0.0246778 0.0190395 0.014095 0.00994016 0.00661969 0.00412275
 0.0100218 0.0158164 0.022944 0.0310733 0.0398147 0.0486684 0.0569392 0.063817 0.0686397 0.0711166 0.071336 0.0696108 0.0663245 0.0618519 0.0565263 0.0506251 0.0443715 0.037957 0.0315699 0.0254102 0.0196852 0.0145872 0.0102666 0.00680854 0.00421823
 0.0100206 0.0158308 0.0229944 0.0311835 0.0399998 0.0489179 0.0572052 0.0640199 0.068692 0.0709545 0.070944 0.0690277 0.0656334 0.0611592 0.0559404 0.0502354 0.0442319 0.0380743 0.0319001 0.0258697 0.0201746 0.0150217 0.0105975 0.0070272 0.00434437
 0.010102 0.0159544 0.0231648 0.0314017 0.0402653 0.0492307 0.0575629 0.0644085 0.0690745 0.0712673 0.0711075 0.0689724 0.065329 0.0606335 0.0552754 0.0495456 0.0436321 0.0376498 0.0316872 0.0258515 0.0202935 0.0152038 0.0107789 0.00716981 0.0044377
 0.0101291 0.0159966 0.0232248 0.0314807 0.0403634 0.0493472 0.0576972 0.0645607 0.0692446 0.0714515 0.0712908 0.069123 0.0654008 0.0605811 0.0550775 0.0492214 0.0432418 0.0372749 0.0314012 0.0256945 0.0202632 0.0152643 0.010881 0.00727189 0.00451641
 0.0101461 0.0160248 0.0232682 0.0315434 0.0404482 0.0494544 0.0578231 0.0646979 0.0693841 0.0715853 0.0714132 0.069228 0.0654776 0.0606112 0.0550372 0.0490938 0.0430307 0.0370113 0.0311362 0.0254794 0.0201293 0.0152134 0.010891 0.00731178 0.00456039
 0.0102146 0.0161227 0.0233909 0.0316785 0.0405799 0.0495697 0.0579169 0.0647725 0.0694457 0.0716389 0.0714601 0.069266 0.0655022 0.0606152 0.0550106 0.049025 0.0429115 0.036845 0.030942 0.0252888 0.0199739 0.0151118 0.0108431 0.00730295 0.00457146
 0.010286 0.0162233 0.0235135 0.0318059 0.0406894 0.04964 0.0579348 0.0647372 0.0693683 0.0715399 0.0713641 0.0691949 0.0654682 0.060618 0.0550383 0.0490582 0.0429299 0.0368342 0.0308987 0.0252228 0.0199033 0.0150546 0.0108093 0.00729186 0.00457531
 0.0103861 0.0163816 0.0237425 0.0321114 0.0410656 0.0500649 0.0583672 0.0651207 0.0696458 0.0716711 0.0713387 0.0690332 0.0652118 0.0603141 0.0547269 0.0487642 0.0426625 0.036592 0.0306773 0.0250212 0.0197265 0.0149105 0.0107034 0.00722354 0.00453751
 0.0106426 0.0167876 0.0243315 0.0329039 0.0420613 0.0512316 0.0596311 0.0663663 0.0707323 0.0724631 0.0717376 0.068999 0.0647682 0.0595398 0.0537333 0.0476693 0.041568 0.0355705 0.0297717 0.0242519 0.0190996 0.0144238 0.0103476 0.00698173 0.00438668
 0.0103761 0.0163991 0.0238322 0.0323379 0.0415002 0.0507615 0.0593371 0.0663172 0.070964 0.0729623 0.0724361 0.0697855 0.0655176 0.0601464 0.0541364 0.0478604 0.0415807 0.0354605 0.0295963 0.0240568 0.0189153 0.0142672 0.0102261 0.00689567 0.00433148
 0.0102161 0.0161319 0.0234189 0.0317449 0.0407145 0.0498121 0.0583107 0.0653536 0.0702244 0.0725827 0.0724863 0.0702515 0.0663089 0.0611232 0.0551466 0.0487758 0.0423214 0.0360009 0.0299539 0.0242721 0.0190333 0.0143256 0.0102516 0.00690511 0.00433426
 0.0103061 0.0162581 0.0235699 0.0318921 0.0408142 0.0498118 0.0581616 0.0650275 0.0697327 0.0719889 0.0718997 0.0697968 0.0660842 0.0611658 0.0554224 0.0491972 0.0427821 0.0364107 0.0302608 0.0244652 0.0191311 0.0143592 0.0102508 0.00689143 0.00431962
 0.0102874 0.0163077 0.0237883 0.0324115 0.0417508 0.0511963 0.059885 0.0668435 0.0713259 0.0730764 0.0723174 0.0695358 0.0652725 0.0600124 0.0541479 0.0479746 0.0417076 0.035509 0.0295133 0.0238424 0.0186125 0.0139376 0.00992456 0.00665606 0.00416357
 0.00969658 0.0154688 0.0227564 0.0313283 0.0408224 0.0506451 0.0598944 0.0675072 0.0726084 0.0747964 0.0741759 0.071196 0.0664644 0.0606113 0.05419 0.0476106 0.041126 0.0348701 0.0289172 0.0233317 0.0181944 0.0136056 0.00967061 0.00647224 0.00404002
#obs surv len freq
 nan nan nan nan nan nan nan nan nan nan nan nan nan nan nan nan nan nan nan nan nan nan nan nan nan
 0.00448413 0.00734504 0.0111743 0.0159897 0.0216892 0.0279635 0.0342765 0.0400072 0.0446869 0.0481515 0.0505108 0.0520082 0.0529021 0.0534159 0.0537314 0.0539873 0.0542665 0.0545597 0.0546987 0.0542907 0.0527287 0.0493606 0.0438099 0.0362893 0.0276722
 0.00461302 0.00755725 0.0114983 0.0164524 0.0223095 0.0287416 0.0351841 0.0409848 0.0456523 0.0490168 0.0511988 0.0524642 0.0530987 0.0533531 0.0534316 0.0534878 0.0536108 0.0537903 0.0538546 0.0534086 0.0518472 0.0485227 0.0430603 0.0356657 0.0271956
 0.00478398 0.00783448 0.0119144 0.0170376 0.0230863 0.029716 0.0363355 0.04226 0.0469699 0.0502782 0.0523029 0.0533202 0.0536366 0.053532 0.0532432 0.0529543 0.0527778 0.0527175 0.0526082 0.0520589 0.0504692 0.0471966 0.0418657 0.0346685 0.026432
 0.00497146 0.00814401 0.0123889 0.0177195 0.0240089 0.0308894 0.0377332 0.043815 0.0485848 0.0518436 0.0537132 0.054481 0.0544677 0.0539694 0.0532454 0.0525081 0.0519018 0.0514609 0.0510468 0.0502902 0.048609 0.0453726 0.0402039 0.0332721 0.025359
 0.00517752 0.00848045 0.0128983 0.0184434 0.024981 0.0321243 0.0392133 0.0454839 0.0503522 0.0535995 0.0553437 0.0558798 0.0555421 0.0546433 0.0534605 0.0522268 0.0511124 0.0501845 0.0493437 0.0482634 0.0464011 0.0431544 0.0381505 0.031529 0.0240111
 0.00540528 0.00885251 0.0134615 0.0192428 0.0260509 0.0334757 0.0408199 0.0472783 0.0522354 0.05546 0.0570732 0.0573808 0.0567285 0.0554394 0.0538013 0.05206 0.0504043 0.0489296 0.047578 0.0460773 0.0439452 0.0406281 0.0357708 0.0294842 0.0224168
 0.00563237 0.00922769 0.0140373 0.0200718 0.0271755 0.0349114 0.0425388 0.0492037 0.0542534 0.0574428 0.0589004 0.0589513 0.0579616 0.0562709 0.0541772 0.0519332 0.0497353 0.0476968 0.0457952 0.0438156 0.0413475 0.0379044 0.0331647 0.0272175 0.0206336
 0.00588536 0.00963853 0.0146552 0.0209429 0.0283358 0.0363737 0.0442786 0.0511522 0.0563048 0.0594714 0.0607806 0.060571 0.0592299 0.0571196 0.0545566 0.0518055 0.0490695 0.0464719 0.0440162 0.041538 0.0387006 0.0350944 0.0304442 0.0248269 0.0187368
 0.00612764 0.010038 0.0152664 0.0218198 0.0295198 0.0378769 0.0460668 0.0531408 0.0583734 0.0614888 0.0626265 0.0621456 0.0604539 0.057931 0.054908 0.0516602 0.0483995 0.0452595 0.0422653 0.0392969 0.0360866 0.0323018 0.0277207 0.0224157 0.0168107
 0.0063677 0.0104312 0.015864 0.0226716 0.0306656 0.0393313 0.0478034 0.0550849 0.0604107 0.0634865 0.0644547 0.0636938 0.0616379 0.0586928 0.0552102 0.0514782 0.0477153 0.0440618 0.0405604 0.0371296 0.033564 0.0296044 0.025082 0.02007 0.0149283
 0.0066111 0.010831 0.0164729 0.023541 0.0318346 0.0408102 0.0495576 0.0570301 0.0624253 0.0654359 0.0662135 0.065158 0.062729 0.059357 0.0554155 0.0512087 0.0469651 0.0428321 0.0388665 0.035018 0.0311352 0.0270238 0.0225645 0.0178327 0.0131307
 0.0068555 0.0112282 0.0170706 0.0243834 0.0329544 0.0422152 0.0512163 0.058866 0.0643264 0.0672745 0.0678674 0.0665245 0.0637311 0.0599437 0.0555592 0.050899 0.0462028 0.041627 0.0372416 0.0330236 0.0288665 0.0246316 0.0202415 0.015773 0.0114769
 0.00707203 0.011588 0.0176261 0.0251869 0.0340461 0.0436045 0.0528645 0.0606825 0.0661843 0.0690384 0.0694172 0.0677674 0.0646033 0.0604073 0.055597 0.0505097 0.045396 0.040421 0.0356667 0.0311332 0.0267517 0.0224289 0.0181211 0.013904 0.00998185
 0.00728274 0.0119324 0.0181479 0.0259283 0.0350401 0.0448617 0.0543591 0.0623451 0.0679088 0.070699 0.0708903 0.0689484 0.0654174 0.060813 0.0555822 0.0500838 0.0445808 0.0392462 0.0341711 0.029374 0.0248158 0.020439 0.0162251 0.0122455 0.00866235
 0.0074178 0.0121598 0.0185047 0.0264541 0.0357689 0.0458095 0.055511 0.0636509 0.0692906 0.0720654 0.0721492 0.0700155 0.0662204 0.0612958 0.0557098 0.0498435 0.0439803 0.0383098 0.0329383 0.0279024 0.0231882 0.0187653 0.0146331 0.0108562 0.00755956
 0.00750355 0.0122957 0.0187039 0.026729 0.0361324 0.0462753 0.0560906 0.0643486 0.0700964 0.0729508 0.0730666 0.0709018 0.067005 0.0619093 0.0560917 0.0499482 0.0437819 0.0378044 0.032146 0.026869 0.0219865 0.0174934 0.013403 0.00977226 0.00669433
 0.00759198 0.0124332 0.0188988 0.0269849 0.0364475 0.0466426 0.0564991 0.0647853 0.0705507 0.0734184 0.0735472 0.0713918 0.0674881 0.0623516 0.0564437 0.0501544 0.0437918 0.0375834 0.0316842 0.0261866 0.0211359 0.0165547 0.0124718 0.00893912 0.00602314
 0.00765163 0.0125266 0.0190327 0.0271628 0.0366687 0.0469013 0.0567837 0.0650796 0.0708385 0.0736888 0.0737991 0.0716327 0.0677279 0.0625927 0.0566733 0.0503412 0.0438909 0.037548 0.0314796 0.0258034 0.0205978 0.0159171 0.01181 0.00832939 0.00552253
 0.00770665 0.0126091 0.0191438 0.0272993 0.0368242 0.0470683 0.0569551 0.0652492 0.0710007 0.0738394 0.0739364 0.0717585 0.0678473 0.062712 0.0567946 0.0504566 0.0439789 0.0375752 0.0314101 0.0256127 0.0202854 0.0155115 0.0113632 0.00790087 0.00516085
 0.00778083 0.0127235 0.0193043 0.0275058 0.0370699 0.0473391 0.0572294 0.0655006 0.0712042 0.0739786 0.074008 0.0717716 0.0678184 0.0626597 0.0567345 0.0503978 0.0439202 0.0375036 0.0313038 0.0254493 0.0200538 0.0152204 0.0110415 0.00758816 0.00489308
 0.00780781 0.0127677 0.0193712 0.0276004 0.0371952 0.0474936 0.0574054 0.0656839 0.0713766 0.0741224 0.0741103 0.0718271 0.0678303 0.0626374 0.0566906 0.0503439 0.0438627 0.0374411 0.0312264 0.0253432 0.0199081 0.0150354 0.0108318 0.00737855 0.00470891
 0.00782884 0.0127955 0.0194015 0.0276262 0.0372096 0.0474944 0.0573979 0.0656797 0.0713887 0.0741591 0.0741713 0.0719042 0.0679111 0.0627102 0.0567482 0.050384 0.0438863 0.0374486 0.0312153 0.0253075 0.0198417 0.0149378 0.0107109 0.00725035 0.0045912
 0.00787774 0.0128703 0.0195049 0.0277561 0.0373586 0.0476493 0.0575405 0.0657908 0.0714538 0.0741746 0.0741459 0.0718542 0.0678524 0.0626529 0.0566948 0.0503326 0.0438337 0.0373924 0.0311536 0.0252376 0.019761 0.0148457 0.0106114 0.00715171 0.0045035
 0.00787862 0.0128738 0.019514 0.0277748 0.0373904 0.0476956 0.057599 0.0658545 0.0715129 0.074219 0.074169 0.0718557 0.067838 0.0626319 0.0566757 0.0503196 0.043826 0.0373856 0.0311421 0.0252167 0.0197278 0.0148 0.0105563 0.00709342 0.00444941
 0.00788036 0.0128711 0.0194999 0.0277405 0.037329 0.0476066 0.0574921 0.0657482 0.0714283 0.074172 0.0741648 0.0718888 0.0678971 0.062705 0.0567542 0.0503983 0.0439019 0.0374554 0.0312016 0.0252611 0.0197537 0.0148066 0.0105464 0.00707264 0.00442452
 0.00790873 0.0129097 0.019544 0.0277801 0.0373507 0.0475974 0.0574432 0.0656587 0.0713071 0.0740372 0.0740402 0.0717967 0.0678514 0.0627077 0.0567968 0.0504672 0.0439833 0.0375383 0.0312776 0.0253244 0.0198002 0.0148348 0.0105577 0.00707115 0.00441571
 0.00789611 0.0128939 0.0195285 0.02777 0.0373499 0.047605 0.0574513 0.0656539 0.071276 0.0739737 0.0739494 0.0716949 0.0677607 0.062648 0.0567799 0.0504936 0.0440439 0.0376191 0.0313642 0.0254048 0.0198664 0.014883 0.0105878 0.007086 0.00442003
 0.00788306 0.0128683 0.0194824 0.0276949 0.0372405 0.0474643 0.0572932 0.0655009 0.0711508 0.0738899 0.0739077 0.0716869 0.0677766 0.0626831 0.0568353 0.0505727 0.044147 0.0377406 0.0314934 0.0255291 0.019975 0.0149689 0.010649 0.00712483 0.00444156
 0.00786526 0.0128391 0.0194376 0.0276299 0.0371507 0.0473462 0.0571468 0.0653322 0.0709738 0.0737255 0.073779 0.0716116 0.0677619 0.0627244 0.0569209 0.0506894 0.0442842 0.0378899 0.0316463 0.0256762 0.0201065 0.0150771 0.0107303 0.00718013 0.00447532
 0.00785118 0.012814 0.0193958 0.0275651 0.0370574 0.0472223 0.0569959 0.0651636 0.0708008 0.0735627 0.0736407 0.0715115 0.0677112 0.0627302 0.0569829 0.0507999 0.04443 0.0380558 0.0318182 0.0258418 0.0202553 0.0152015 0.0108261 0.00724765 0.00451843
 0.00781714 0.0127572 0.019308 0.0274381 0.0368853 0.0470051 0.0567426 0.064893 0.0705384 0.0733351 0.0734702 0.0714127 0.0676904 0.0627859 0.0571078 0.050982 0.0446534 0.0383024 0.0320692 0.0260797 0.0204664 0.0153763 0.0109605 0.00734296 0.00458027
 0.00779028 0.0127126 0.019239 0.0273377 0.0367478 0.0468279 0.0565289 0.0646532 0.0702897 0.0730991 0.0732697 0.0712681 0.0676165 0.0627901 0.0571889 0.0511311 0.0448559 0.0385399 0.0323214 0.0263268 0.020691 0.0155659 0.0111086 0.00744946 0.00465034
 0.00775254 0.01265 0.0191427 0.0271992 0.0365611 0.046593 0.0562547 0.0643583 0.0699988 0.0728382 0.0730611 0.0711284 0.0675562 0.0628133 0.0572937 0.051309 0.0450927 0.0388165 0.0326159 0.0266169 0.0209565 0.0157916 0.0112862 0.00757801 0.00473554
 0.00774124 0.012628 0.0191026 0.0271318 0.0364567 0.0464453 0.0560635 0.0641316 0.069752 0.0725916 0.0728371 0.0709478 0.0674359 0.0627647 0.0573212 0.0514105 0.0452597 0.0390344 0.0328655 0.0268761 0.0212036 0.0160083 0.0114611 0.00770727 0.00482266
 0.00933399 0.014861 0.0218048 0.0299234 0.0388592 0.0480567 0.0566979 0.0638462 0.0687683 0.0711801 0.0712323 0.0693172 0.0658854 0.0613565 0.0560896 0.0503712 0.0444149 0.038376 0.0323766 0.0265332 0.0209788 0.0158723 0.0113863 0.00767076 0.00480741
 0.00931334 0.0151225 0.0227189 0.0319499 0.0423485 0.0529798 0.0624746 0.0694384 0.073048 0.0733715 0.0711668 0.0673781 0.0627384 0.0576642 0.0523472 0.0468772 0.0413177 0.0357328 0.0301953 0.0247948 0.0196467 0.0148973 0.0107097 0.00722939 0.00453897
 0.00897299 0.0145875 0.0219693 0.0310367 0.0414465 0.0524239 0.0627198 0.0708977 0.0758455 0.0771588 0.0751648 0.0706711 0.0646546 0.0580076 0.0513698 0.0450681 0.0391716 0.0336153 0.0283166 0.0232444 0.0184395 0.0140075 0.0100909 0.00682574 0.00429388
 0.00878842 0.0142759 0.0214802 0.0303196 0.0404711 0.0512147 0.0613997 0.0697153 0.0751525 0.0773128 0.0763707 0.0728347 0.0673503 0.0606164 0.0533274 0.0460786 0.0392667 0.0330557 0.0274313 0.0223048 0.0176112 0.0133598 0.00962915 0.00652265 0.00411038
 0.0086936 0.0141186 0.0212365 0.0299628 0.0399739 0.050556 0.0605774 0.068764 0.0741636 0.0764478 0.0758492 0.0728787 0.0680878 0.0619875 0.0550624 0.0477845 0.0405857 0.0338012 0.0276246 0.0221106 0.0172329 0.0129588 0.00929574 0.0062853 0.00396074
 0.0086719 0.0140772 0.0211625 0.029839 0.0397814 0.0502781 0.0602033 0.0682924 0.0736062 0.0758359 0.0752463 0.0723891 0.0678463 0.0621184 0.0556149 0.0486824 0.0416338 0.034759 0.0283063 0.0224517 0.0172863 0.0128394 0.00911657 0.00612059 0.00384106
 0.00867572 0.0140809 0.021163 0.0298307 0.0397552 0.0502222 0.0601036 0.0681348 0.0733792 0.0755362 0.0748838 0.0719944 0.0674761 0.0618532 0.055541 0.048856 0.042044 0.0353158 0.0288718 0.0228988 0.0175502 0.0129298 0.0090915 0.00604657 0.00376546
 0.00867412 0.01408 0.0211644 0.0298364 0.0397665 0.0502369 0.0601154 0.068132 0.0733472 0.0754595 0.0747514 0.0718041 0.0672405 0.0616042 0.0553292 0.0487398 0.0420677 0.0354855 0.0291445 0.0231979 0.0177996 0.0130863 0.00915481 0.00604578 0.00373616
 0.00866415 0.0140653 0.0211454 0.0298147 0.0397448 0.0502188 0.0601039 0.0681289 0.0733505 0.0754627 0.0747431 0.071771 0.0671724 0.0615003 0.0552033 0.048621 0.0419932 0.0354855 0.0292265 0.0233396 0.0179587 0.0132206 0.00924078 0.00608352 0.0037411
 0.00866302 0.0140643 0.0211455 0.0298171 0.039751 0.0502298 0.0601199 0.0681488 0.0733723 0.0754834 0.0747582 0.0717744 0.0671567 0.0614592 0.0551356 0.0485346 0.041906 0.0354211 0.0292042 0.0233646 0.0180186 0.0132919 0.00930112 0.00612143 0.00375726
 0.00863686 0.0140243 0.0210901 0.0297471 0.0396695 0.0501427 0.0600356 0.0680773 0.0733234 0.0754638 0.0747695 0.0718122 0.0672121 0.0615203 0.0551907 0.0485756 0.0419319 0.0354387 0.029225 0.0233984 0.0180673 0.0133487 0.00935456 0.00616218 0.0037822
 0.0086383 0.0140232 0.0210822 0.0297267 0.0396313 0.0500843 0.05996 0.0679934 0.0732431 0.0753992 0.0747294 0.0718008 0.0672281 0.0615581 0.0552413 0.0486293 0.0419809 0.0354797 0.0292597 0.0234316 0.0181031 0.0133871 0.00939183 0.00619323 0.00380396
 0.00862917 0.0140119 0.0210714 0.0297201 0.039632 0.0500919 0.0599692 0.0679953 0.0732298 0.0753679 0.0746847 0.0717526 0.0671879 0.0615341 0.0552363 0.0486409 0.0420032 0.0355064 0.0292866 0.0234575 0.0181285 0.0134125 0.00941608 0.00621424 0.00381984
 0.00860013 0.0139669 0.021008 0.0296387 0.0395361 0.049989 0.0598706 0.0679137 0.0731757 0.0753449 0.0746894 0.0717773 0.067225 0.0615797 0.0552896 0.048702 0.0420705 0.0355764 0.0293546 0.0235195 0.0181823 0.0134573 0.00945203 0.00624155 0.00383906
 0.00860729 0.013974 0.0210105 0.0296296 0.0395082 0.0499382 0.0597985 0.0678285 0.0730899 0.0752719 0.0746394 0.0717544 0.0672276 0.061602 0.055325 0.0487453 0.0421188 0.0356276 0.0294065 0.0235695 0.0182276 0.013496 0.00948314 0.00626496 0.00385541
 0.00860729 0.013974 0.0210105 0.0296296 0.0395082 0.0499382 0.0597985 0.0678285 0.0730899 0.0752719 0.0746394 0.0717544 0.0672276 0.061602 0.055325 0.0487453 0.0421188 0.0356276 0.0294065 0.0235695 0.0182276 0.013496 0.00948314 0.00626496 0.00385541
 0.0088194 0.0143118 0.0215037 0.0302955 0.0403414 0.050899 0.0608044 0.0687615 0.0738227 0.0757041 0.0747246 0.0715073 0.0667093 0.0608983 0.0545248 0.0479261 0.0413399 0.0349288 0.0288105 0.0230846 0.0178518 0.0132194 0.00929108 0.00614007 0.00377999
 0.00859326 0.0139765 0.021061 0.0297727 0.0397896 0.0503858 0.0604044 0.0685426 0.073828 0.0759351 0.0751358 0.0720188 0.0672334 0.0613642 0.0548933 0.0481892 0.0415112 0.035032 0.0288694 0.0231183 0.0178726 0.0132342 0.00930256 0.00614912 0.00378674
 0.00857612 0.0139189 0.0209213 0.0294991 0.0393404 0.0497575 0.0596532 0.0677812 0.0731947 0.0755482 0.075057 0.0722407 0.0676898 0.0619567 0.0555203 0.0487699 0.0419981 0.0354101 0.029147 0.0233148 0.0180089 0.0133276 0.00936561 0.00619048 0.00381263
 0.00869053 0.0141012 0.0211854 0.0298474 0.0397532 0.0501836 0.0600101 0.0679743 0.0731547 0.0752681 0.0746041 0.0717308 0.0672398 0.0616414 0.0553555 0.0487236 0.0420167 0.0354446 0.0291675 0.0233122 0.0179884 0.0132995 0.00933874 0.00616966 0.00379885
 0.00910128 0.0147648 0.0221731 0.0312126 0.0415085 0.05227 0.0622706 0.0701572 0.0749606 0.0764278 0.0749531 0.0712514 0.066057 0.0599784 0.0534669 0.0468314 0.0402727 0.0339255 0.0278947 0.0222782 0.0171749 0.0126847 0.00889781 0.00587309 0.0036138
 0.00912441 0.014845 0.0223731 0.0316183 0.0422094 0.0533252 0.0636751 0.0718242 0.0767271 0.0780808 0.0762678 0.0720365 0.066199 0.0594724 0.0524181 0.0454234 0.0387141 0.0323983 0.0265241 0.0211279 0.0162616 0.0119962 0.00840639 0.00554356 0.00340819
#pred catch len freq
 0.00464655 0.00734955 0.0107134 0.0146487 0.019093 0.0239896 0.0292166 0.0345559 0.0397396 0.0445211 0.0487165 0.0522157 0.054983 0.0570434 0.058453 0.059264 0.0595054 0.0591704 0.0581915 0.056394 0.0534701 0.0490528 0.0429264 0.0352871 0.0268528
 0.00479659 0.00752206 0.0108452 0.0146481 0.0188779 0.02354 0.0286076 0.0339396 0.0392767 0.0443012 0.0487165 0.0523208 0.0550537 0.0569894 0.0582775 0.0590618 0.0594169 0.059313 0.0585971 0.056986 0.0540943 0.0495481 0.0431964 0.0353307 0.0267429
 0.00509861 0.00797935 0.0114652 0.0154013 0.0196894 0.0242892 0.029145 0.0341292 0.0390573 0.0437305 0.0479578 0.0515667 0.0544331 0.0565222 0.057904 0.0587177 0.0590941 0.059065 0.0584921 0.0570457 0.0542667 0.049731 0.043295 0.0353056 0.0266181
 0.00540236 0.00845854 0.0121591 0.016336 0.020871 0.025692 0.0306926 0.0356812 0.0404174 0.0446879 0.0483546 0.0513606 0.0537162 0.0554773 0.056722 0.057531 0.0579654 0.0580205 0.0575555 0.0562411 0.0535984 0.049173 0.0428068 0.0348606 0.0262187
 0.00573851 0.00898062 0.0129012 0.0173188 0.0221052 0.0271799 0.032421 0.0376041 0.0424357 0.0466379 0.0500183 0.0525065 0.0541651 0.0551651 0.055723 0.0560247 0.0561664 0.0561155 0.0556767 0.0544725 0.051991 0.0477564 0.0415959 0.0338629 0.025437
 0.00607146 0.00949898 0.0136399 0.0182983 0.0233337 0.0286548 0.0341264 0.0395051 0.0444724 0.0487198 0.0520175 0.0542533 0.0554595 0.0558132 0.0555931 0.0550959 0.0545417 0.0539889 0.0532751 0.0520043 0.0496215 0.0456058 0.0397466 0.032363 0.0242997
 0.00643169 0.0100574 0.0144307 0.0193388 0.0246265 0.0301908 0.0358827 0.0414395 0.0465207 0.0507984 0.0540262 0.0560762 0.0569617 0.0568426 0.0559947 0.0547463 0.053393 0.0521001 0.0508103 0.0491982 0.0467297 0.0428615 0.0373319 0.0303933 0.022817
 0.00682947 0.0106721 0.0152974 0.0204723 0.0260239 0.031836 0.0377445 0.0434661 0.0486379 0.0529133 0.0560359 0.0578745 0.0584429 0.0578997 0.0565166 0.0546226 0.0525349 0.0504765 0.0484835 0.0463373 0.0435903 0.0397369 0.0344924 0.0280342 0.0210288
 0.00716603 0.0112005 0.0160588 0.0214944 0.0273202 0.0334024 0.039553 0.0454592 0.0507304 0.0550028 0.0580138 0.0596363 0.0598921 0.0589483 0.0570816 0.0546211 0.0518879 0.0491285 0.0464375 0.0436907 0.0405475 0.0365834 0.0315328 0.0255177 0.0190933
 0.00748469 0.0117007 0.0167794 0.0224634 0.0285545 0.0349061 0.0413099 0.0474239 0.0528238 0.0571165 0.0600229 0.0614148 0.0613288 0.0599553 0.057593 0.0545842 0.0512546 0.0478596 0.0445253 0.0411951 0.0376261 0.0334881 0.0285631 0.0229433 0.017083
 0.00778742 0.0121711 0.0174483 0.0233487 0.0296635 0.0362376 0.0428517 0.0491456 0.0546712 0.0590106 0.0618636 0.0630894 0.062724 0.0609698 0.0581463 0.0546177 0.050727 0.0467442 0.0428205 0.0389494 0.0349669 0.0306306 0.0257787 0.0204928 0.0151434
 0.00808312 0.0126316 0.0181042 0.0242169 0.0307474 0.0375272 0.0443207 0.0507481 0.0563435 0.0606773 0.0634449 0.0645051 0.0638956 0.0618223 0.0586112 0.0546362 0.0502528 0.0457473 0.0412966 0.0369391 0.0325782 0.0280481 0.0232417 0.0182389 0.0133421
 0.00845633 0.0132028 0.0188986 0.0252365 0.0319757 0.0389353 0.0458683 0.05238 0.0579876 0.0622493 0.0648581 0.065682 0.0647749 0.0623613 0.0587808 0.0544138 0.0496172 0.0446805 0.0397956 0.0350357 0.0303615 0.0256745 0.0209172 0.0161719 0.0116847
 0.00877493 0.0137021 0.0196153 0.0261925 0.0331749 0.0403595 0.0474707 0.0540828 0.0596891 0.06384 0.0662372 0.0667683 0.0655125 0.0627195 0.0587511 0.0540018 0.0488333 0.0435348 0.0383026 0.0332301 0.0283194 0.0235252 0.0188319 0.0143253 0.0102052
 0.00914516 0.0142644 0.020389 0.027173 0.0343404 0.0416812 0.0489154 0.0556065 0.0612282 0.0653083 0.0675342 0.0677955 0.0661915 0.0630049 0.0586322 0.0534947 0.0479684 0.0423468 0.0368283 0.0315172 0.0264413 0.0215923 0.0169843 0.0127041 0.00891284
 0.00956217 0.0149012 0.0212709 0.028296 0.0356745 0.0431764 0.0505049 0.0572086 0.0627526 0.0666671 0.068651 0.0686091 0.0666557 0.0630906 0.0583306 0.05282 0.0469548 0.0410417 0.0352865 0.0298019 0.0246312 0.0197875 0.0153011 0.0112533 0.00777067
 0.00967717 0.0151066 0.0216139 0.0288315 0.0364521 0.0442197 0.0517916 0.0586645 0.0642637 0.0681047 0.0698969 0.0695719 0.0672778 0.0633455 0.0582169 0.0523545 0.0461678 0.0399751 0.0339933 0.0283474 0.0230952 0.0182641 0.0138915 0.0100482 0.00682831
 0.00964647 0.0150697 0.021585 0.0288392 0.0365411 0.0444483 0.0522228 0.0593471 0.0652083 0.0692634 0.0711618 0.0707974 0.0683183 0.0640893 0.0586028 0.0523691 0.0458326 0.039333 0.0331007 0.0272722 0.0219173 0.0170737 0.0127807 0.00909595 0.00608386
 0.00954599 0.0149144 0.0213673 0.0285601 0.0362138 0.0441026 0.0519093 0.0591375 0.0651862 0.0695032 0.0717017 0.0716166 0.0693297 0.0651561 0.0595732 0.0531139 0.046271 0.0394388 0.0328945 0.0268085 0.021273 0.0163386 0.012046 0.00843998 0.00555814
 0.00959227 0.0149711 0.0214181 0.0285778 0.036167 0.0439671 0.0516804 0.0588368 0.0648624 0.0692268 0.0715531 0.071667 0.0696176 0.0656672 0.0602351 0.053812 0.0468793 0.0398548 0.0330622 0.0267251 0.0209815 0.0159117 0.0115674 0.0079855 0.00518081
 0.00968697 0.0151065 0.0215867 0.0287588 0.0363289 0.0440747 0.0517016 0.0587502 0.0646641 0.0689371 0.0712193 0.0713583 0.0694101 0.0656224 0.0603779 0.0541173 0.0472756 0.0402441 0.0333513 0.0268535 0.020936 0.0157236 0.0112958 0.00769535 0.00492373
