SBPRF35
7.78865
Curr Bio
527113
B35
646487
F35
0.210566
FOFL
0.159484
OFL
63159.9
Bzero
2.22533e+006
#pred survey bio
 3.82521e+006 3.41991e+006 3.06056e+006 2.73167e+006 2.41565e+006 2.11281e+006 1.81864e+006 1.59021e+006 1.39619e+006 1.21134e+006 1.07567e+006 972745 874603 802044 762697 722088 690007 669576 653099 636263 617572 608114 618115 623738 629069 619243 608400 600631 593313 592516 576298 558115 546276 540912 553111 549229 558443 561329 564263 575708 573327 578084 584107 585618 598295 600475 597418 572545 571384 576744 594764 577097 550366 553354 567759 568746 554510 545643 533039 1.76024e+007 1.04482e+007 1.06768e+007 1.14411e+007 1.24846e+007 1.35657e+007 1.45407e+007 1.53496e+007 1.59852e+007 1.64668e+007 1.68231e+007 1.70826e+007 1.72699e+007 1.74045e+007 1.75012e+007 1.75708e+007 1.76211e+007 1.76576e+007 1.76844e+007 1.7704e+007 1.77186e+007 1.77294e+007 1.77376e+007 1.77437e+007 1.77483e+007 1.77518e+007 1.77545e+007 1.77565e+007 1.7758e+007 1.77592e+007 1.77601e+007 1.77608e+007 1.77614e+007 1.77618e+007 1.77621e+007 1.77624e+007 1.77626e+007 1.77627e+007 1.77628e+007 1.77629e+007 1.7763e+007 1.7763e+007 1.77631e+007 1.77631e+007 1.77631e+007 1.77632e+007 1.77632e+007 1.77632e+007 1.77632e+007 1.77632e+007 1.77632e+007 1.77632e+007 1.77632e+007 1.77632e+007 1.77632e+007 1.77632e+007 1.77632e+007 1.77632e+007 1.77632e+007 1.77632e+007 1.77632e+007 1.77632e+007 1.77632e+007 1.77632e+007 1.77632e+007 1.77632e+007 1.77632e+007 1.77632e+007 1.77632e+007 1.77632e+007 1.77632e+007 1.77632e+007 1.77632e+007 1.77632e+007 1.77632e+007 1.77632e+007 1.77632e+007 1.77632e+007 1.77632e+007 1.77632e+007 1.77632e+007 1.77632e+007 1.77632e+007 1.77632e+007 1.77632e+007 1.77632e+007 1.77632e+007 1.77632e+007 1.77632e+007 1.77632e+007 1.77632e+007 1.77632e+007 1.77632e+007 1.77632e+007 1.77632e+007 1.77632e+007 1.77632e+007 1.77632e+007 1.77632e+007 1.77632e+007 0 0 0 0 0 0 0 0 0 0 0 0 0 0 0 0 0 0 0 0 0 0 0 0 0
#obs survey bio
 3.50034e+006 1.9856e+006 2.80854e+006 2.2867e+006 2.39676e+006 1.45097e+006 1.48346e+006 1.52226e+006 1.28904e+006 657332 882450 691523 620693 596074 914632 475018 469366 639866 524716 579714 514115 669209 363628 689434 733705 669720 469889 435083 515440 520122 639565 523600 426711 366895 693727 526684 668854 574755 722594 490581 534089 503054 550339 555936 512288 699196 497906 580086 495436 718173 552910 388962 476064 670016 877862 730063 515974 621725 567327
#pred catch bio
 293784 275859 274843 291632 307513 324418 285881 269930 270902 233959 210019 207398 184231 153837 152201 142285 130005 123891 121081 119523 109495 92248.4 94758.3 92601.3 102292 100323 95832.2 94098.3 87263.2 97588.3 95470.9 89320.7 88066.6 79402.8 96144 85419.5 89979 88908.3 81666.1 93277.7 87151.1 86396.2 90447.9 82031.1 92003 96541.1 114168 94282.5 89610.8 79167.8 108019 113778 88279.9 78846.9 89074.9 99762.5 93248.5 93858 103701 63159.9 80220.5 80550.5 85135.5 92527.9 100389 107416 113122 117472 120646 122886 124430 125473 126168 126626 126925 127118 127242 127322 127373 127406 127426 127439 127447 127453 127456 127458 127459 127460 127461 127461 127461 127461 127461 127461 127461 127461 127461 127461 127461 127461 127461 127461 127461 127461 127461 127461 127461 127461 127461 127461 127461 127461 127461 127461 127461 127461 127461 127461 127461 127461 127461 127461 127461 127461 127461 127461 127461 127461 127461 127461 127461 127461 127461 127461 127461 127461 127461 127461 127461 127461 127461 127461 127461 127461 127461 127461 127461 127461 127461 127461 127461 127461 127461 127461 127461 127461 127461 127461 127461 0 0 0 0 0 0 0 0 0 0 0 0 0 0 0 0 0 0 0 0 0 0 0 0 0
#obs catch bio
 245197 277200 275948 294088 311651 331964 292158 277810 279115 240468 216278 214976 190628 158252 155370 145974 133875 126662 123807 121793 111649 93814.4 96744.5 93562.9 102954 100979 96837.4 95249.3 88349.8 99158.1 96489 89952.8 88983.5 80312.4 97542.1 86254.8 90473.3 89184.8 81746.2 93863.7 87588.4 86796.1 90972.2 82080.1 92629.2 96901.6 115095 94834.4 90546.8 79168.4 108566 114874 88815.7 79077.5 89347.9 100213 93468.7 93714.8 103823
#pred cpue bio
 3.76538e+006 3.36455e+006 3.00857e+006 2.68104e+006 2.36608e+006 2.06469e+006 1.77249e+006 1.54565e+006 1.35352e+006 1.171e+006 1.03676e+006 934914 838439 767574 729576 690323 659093 639469 623939 608026 590135 581070 591077 597160 603121 594040 583627 576119 569084 568609 553446 536275 523996 516836 527491 523882 533482 536820 539851 550993 548638 553264 559160 560612 572776 574763 571793 547365 545872 551211 569293 552270 525864 528675 543210 544720 531028 522460 510699 1.68818e+007 1.00252e+007 1.01252e+007 1.07634e+007 1.17675e+007 1.28402e+007 1.38137e+007 1.46224e+007 1.52579e+007 1.57395e+007 1.60958e+007 1.63553e+007 1.65426e+007 1.66772e+007 1.67739e+007 1.68435e+007 1.68938e+007 1.69304e+007 1.69571e+007 1.69767e+007 1.69913e+007 1.70021e+007 1.70103e+007 1.70164e+007 1.7021e+007 1.70245e+007 1.70272e+007 1.70292e+007 1.70307e+007 1.70319e+007 1.70329e+007 1.70336e+007 1.70341e+007 1.70345e+007 1.70348e+007 1.70351e+007 1.70353e+007 1.70354e+007 1.70355e+007 1.70356e+007 1.70357e+007 1.70358e+007 1.70358e+007 1.70358e+007 1.70358e+007 1.70359e+007 1.70359e+007 1.70359e+007 1.70359e+007 1.70359e+007 1.70359e+007 1.70359e+007 1.70359e+007 1.70359e+007 1.70359e+007 1.70359e+007 1.70359e+007 1.70359e+007 1.70359e+007 1.70359e+007 1.70359e+007 1.70359e+007 1.70359e+007 1.70359e+007 1.70359e+007 1.70359e+007 1.70359e+007 1.70359e+007 1.70359e+007 1.70359e+007 1.70359e+007 1.70359e+007 1.70359e+007 1.70359e+007 1.70359e+007 1.70359e+007 1.70359e+007 1.70359e+007 1.70359e+007 1.70359e+007 1.70359e+007 1.70359e+007 1.70359e+007 1.70359e+007 1.70359e+007 1.70359e+007 1.70359e+007 1.70359e+007 1.70359e+007 1.70359e+007 1.70359e+007 1.70359e+007 1.70359e+007 1.70359e+007 1.70359e+007 1.70359e+007 1.70359e+007 1.70359e+007 1.70359e+007 1.70359e+007 0 0 0 0 0 0 0 0 0 0 0 0 0 0 0 0 0 0 0 0 0 0 0 0 0
#obs cpue bio
 2.96402e+006 2.35962e+006 3.64424e+006 1.96292e+006 1.41005e+006 1.45e+006 1.52278e+006 735170 1.2978e+006 1.43951e+006 699423 705750 733559 667670 811532 504576 439179 720509 548118 654256 462685 324591 646921 903464 777160 461829 452625 606156 421775 553461 596430 598090 488008 414839 480693 450647 663404 592426 392015 525886 499902 603101 574222 672766 450400 534964 635479 409783 424736 668383 631202 582533 497982 464098 397497 412544 554003 611604 467412
#pred surv len freq
 0.00587855 0.00948184 0.0141487 0.0198065 0.0262727 0.0331749 0.0399202 0.0458317 0.0504033 0.0534745 0.0552015 0.0558971 0.0558815 0.0554093 0.0546484 0.0536823 0.0525265 0.0511464 0.0494551 0.0472845 0.0443646 0.0403795 0.0351347 0.028766 0.0218297
 0.00628461 0.0100334 0.014784 0.0204171 0.0267537 0.033495 0.0401611 0.0461595 0.0509771 0.0543463 0.0562717 0.0569524 0.0566886 0.055808 0.0546006 0.0532641 0.0518768 0.0503991 0.0486846 0.0464893 0.0434969 0.0394024 0.0340703 0.0277021 0.0208813
 0.00679259 0.0108311 0.0159252 0.0219141 0.028556 0.0354702 0.0420991 0.0478208 0.0521815 0.0550516 0.0565797 0.0570269 0.0566432 0.0556444 0.054234 0.0526032 0.0508932 0.0491424 0.0472474 0.0449583 0.0419287 0.0378372 0.0325613 0.0263285 0.0197294
 0.00719747 0.0114867 0.0169065 0.0232879 0.0303648 0.0377059 0.0446714 0.0505401 0.0547772 0.05723 0.0581059 0.0577943 0.0566923 0.0551163 0.0532852 0.0513379 0.0493525 0.0473424 0.0452231 0.0427805 0.0396952 0.0356566 0.0305446 0.0245794 0.0183261
 0.00755909 0.0120677 0.0177694 0.0244887 0.0319469 0.0396866 0.0470233 0.0531755 0.0575428 0.0599163 0.0604686 0.0595913 0.0577357 0.0553201 0.0526827 0.0500528 0.0475407 0.0451433 0.0427475 0.0401299 0.0369854 0.0330263 0.0281419 0.0225349 0.0167225
 0.00791512 0.0126379 0.0186118 0.0256528 0.0334659 0.0415659 0.049227 0.0556203 0.0601062 0.062452 0.0628178 0.0615869 0.0592067 0.0561114 0.0526878 0.049245 0.0459818 0.0429639 0.040113 0.0372157 0.033971 0.0300967 0.0254783 0.0202881 0.0149809
 0.00833916 0.0133082 0.019585 0.0269693 0.035143 0.0435888 0.0515371 0.0581114 0.062637 0.0648705 0.0649841 0.063382 0.060529 0.0568685 0.0527957 0.0486403 0.0446445 0.0409379 0.0375128 0.0342163 0.0307889 0.0269666 0.0226241 0.0178877 0.0131321
 0.00858779 0.0137204 0.0202202 0.0278873 0.0363917 0.0451847 0.0534462 0.0602434 0.0648604 0.0670397 0.0669642 0.0650611 0.0618189 0.0576981 0.0531037 0.048372 0.0437595 0.0394282 0.035426 0.0316717 0.0279752 0.0241182 0.0199802 0.0156434 0.0113979
 0.00885758 0.0141427 0.0208265 0.0286995 0.0374231 0.0464395 0.0549133 0.0618883 0.0666187 0.0688188 0.0686531 0.0665459 0.0629982 0.0584928 0.0534572 0.0482436 0.0431191 0.0382617 0.0337522 0.0295646 0.0255775 0.0216316 0.0176289 0.0136218 0.00982392
 0.00935538 0.0149035 0.0218807 0.0300416 0.0390139 0.0482116 0.0567763 0.0637344 0.0683373 0.0703163 0.0698654 0.067437 0.0635491 0.0586907 0.0532899 0.0476992 0.0421874 0.0369383 0.0320508 0.0275358 0.0233263 0.0193185 0.0154447 0.0117403 0.00835555
 0.00968136 0.0154301 0.022665 0.0311292 0.0404238 0.0499162 0.0586846 0.0656963 0.0701747 0.0718697 0.07103 0.0681734 0.0638691 0.0586327 0.0528959 0.0470006 0.0412006 0.0356708 0.0305142 0.025765 0.0213965 0.0173509 0.013589 0.0101388 0.00710161
 0.00979126 0.0156264 0.0229937 0.0316458 0.0411829 0.0509527 0.0599931 0.0672179 0.0717997 0.0734534 0.0724206 0.069241 0.0645312 0.0588642 0.0527216 0.046473 0.0403761 0.0345956 0.029225 0.0243021 0.0198216 0.0157559 0.0120884 0.00884267 0.00608432
 0.00988566 0.0157881 0.0232531 0.0320384 0.0417442 0.0517087 0.0609493 0.0683507 0.0730537 0.0747457 0.0736471 0.0702894 0.0652977 0.0592732 0.0527405 0.0461143 0.0396871 0.0336401 0.0280686 0.0230085 0.0184588 0.0144034 0.0108351 0.00777085 0.00524786
 0.00991937 0.0158426 0.0233356 0.0321582 0.0419146 0.0519484 0.0612811 0.0687969 0.0736282 0.075444 0.0744392 0.0711174 0.0660813 0.0599221 0.0531714 0.0462685 0.0395414 0.0332087 0.0273952 0.022156 0.0175015 0.0134221 0.0099107 0.00697342 0.00462216
 0.00999381 0.0159314 0.0234108 0.0321767 0.0418334 0.0517479 0.0609837 0.0684693 0.0733636 0.0753344 0.074549 0.0714666 0.0666401 0.0606165 0.0538974 0.0469141 0.0400105 0.0334391 0.0273686 0.0218958 0.0170635 0.0128817 0.00934833 0.00645943 0.00420437
 0.0101887 0.016227 0.0238139 0.0326737 0.042387 0.0522975 0.0614507 0.0687731 0.0734488 0.0751973 0.0742474 0.0711015 0.0663187 0.060414 0.0538353 0.0469598 0.0400945 0.0334822 0.0273074 0.0217006 0.0167435 0.0124782 0.00891922 0.00606155 0.00387829
 0.0101267 0.0161636 0.0237865 0.0327378 0.0425985 0.0526851 0.0619931 0.0693948 0.0740399 0.0756481 0.0744826 0.0711028 0.066127 0.0601123 0.0535165 0.0466933 0.0399054 0.033351 0.0271883 0.0215477 0.0165318 0.0122123 0.00862784 0.00578284 0.00364419
 0.0100584 0.0160455 0.0235989 0.0324658 0.0422457 0.0522879 0.0616265 0.0691562 0.0740118 0.0758576 0.0748837 0.0715948 0.0665985 0.0604844 0.0537646 0.0468396 0.0399919 0.0334111 0.0272312 0.0215617 0.0164998 0.0121281 0.00850287 0.00564134 0.00351212
 0.0100244 0.0159877 0.0235064 0.0323259 0.0420446 0.052016 0.061286 0.0687713 0.0736336 0.0755589 0.0747385 0.0716488 0.0668455 0.0608667 0.0541975 0.0472465 0.0403285 0.0336668 0.0274146 0.0216833 0.0165652 0.0121412 0.00847255 0.00558364 0.00344611
 0.0100752 0.0160558 0.0235818 0.0323895 0.0420721 0.0519851 0.0611825 0.0685921 0.0733884 0.0752708 0.0744457 0.0714012 0.0666943 0.0608457 0.0543082 0.0474557 0.040583 0.033915 0.0276219 0.0218349 0.0166604 0.0121863 0.00847814 0.00556292 0.00341323
 0.0101908 0.0162287 0.0238133 0.0326686 0.0423761 0.0522816 0.0614325 0.0687555 0.0734319 0.0751781 0.0742245 0.0710838 0.0663315 0.0604955 0.0540221 0.0472651 0.040492 0.0339025 0.0276539 0.0218786 0.0166933 0.0121991 0.00847116 0.00554243 0.0033873
 0.0101666 0.0161996 0.0237882 0.0326615 0.0424016 0.0523475 0.0615345 0.0688757 0.0735436 0.0752538 0.0742434 0.0710375 0.0662263 0.0603521 0.0538707 0.0471381 0.0404138 0.0338819 0.0276823 0.0219352 0.0167552 0.0122489 0.00850144 0.00555417 0.00338638
 0.00987981 0.0157672 0.0232018 0.0319394 0.0415877 0.0515068 0.0607474 0.0682288 0.073114 0.0750889 0.0743477 0.0713732 0.0667278 0.0609464 0.0544947 0.047748 0.0409854 0.0344046 0.0281501 0.0223413 0.0170913 0.0125094 0.00868735 0.00567473 0.00345649
 0.00966287 0.0154257 0.0227102 0.0312846 0.0407759 0.0505714 0.0597552 0.0672775 0.0723157 0.0745436 0.074119 0.0714761 0.06713 0.0615798 0.0552734 0.0485864 0.0418126 0.0351714 0.0288278 0.022916 0.017558 0.012869 0.00894705 0.00584823 0.00356246
 0.00963224 0.0153506 0.0225506 0.0309888 0.0402942 0.0498781 0.058869 0.0662683 0.0712921 0.0736296 0.0734283 0.0710916 0.0670908 0.0618763 0.0558514 0.0493606 0.0426862 0.0360547 0.029651 0.0236337 0.0181472 0.0133248 0.00927768 0.00607126 0.00370104
 0.00973637 0.015511 0.0227729 0.0312657 0.0405991 0.0501603 0.059055 0.066276 0.0710587 0.0731419 0.0727381 0.0703063 0.0663423 0.0612837 0.0554926 0.0492593 0.0428156 0.0363528 0.0300421 0.024047 0.0185292 0.0136435 0.00952054 0.00624084 0.00380928
 0.00980133 0.0156152 0.0229269 0.0314776 0.0408717 0.0504859 0.0594094 0.0666141 0.071317 0.0732504 0.0726408 0.0699843 0.0658288 0.0606617 0.0548724 0.0487458 0.0424782 0.0362114 0.0300708 0.024192 0.0187296 0.0138479 0.00969592 0.00637279 0.00389779
 0.00980291 0.0156208 0.0229413 0.0315079 0.0409267 0.0505745 0.0595377 0.0667817 0.0715132 0.0734505 0.0728058 0.070067 0.0657884 0.0604819 0.0545746 0.0483875 0.0421356 0.0359524 0.0299329 0.0241744 0.0188016 0.0139661 0.0098209 0.00647889 0.00397468
 0.00969439 0.0154674 0.0227531 0.0313094 0.0407503 0.0504507 0.0594863 0.0668096 0.0716164 0.0736169 0.073016 0.070293 0.0659941 0.0606292 0.0546346 0.0483539 0.0420302 0.0358195 0.0298214 0.0241185 0.01881 0.0140242 0.00990242 0.0065593 0.00403892
 0.00934131 0.0149459 0.0220673 0.0305 0.0398878 0.0496196 0.0587715 0.0662857 0.0713382 0.0736092 0.0732674 0.0707587 0.0666067 0.061312 0.055314 0.0489703 0.0425472 0.0362285 0.0301382 0.0243711 0.0190234 0.0142111 0.0100632 0.00668856 0.00413325
 0.00931455 0.0148747 0.0219108 0.0302088 0.0394226 0.0489784 0.0580088 0.0655082 0.0706734 0.0731635 0.0730955 0.0708584 0.0669324 0.0617953 0.0558807 0.0495518 0.0430889 0.036695 0.0305161 0.0246661 0.0192519 0.0143904 0.0102046 0.00679725 0.00421179
 0.0102607 0.0162054 0.0235281 0.0318873 0.0408681 0.0499254 0.0583051 0.0651463 0.0697692 0.0719092 0.0717087 0.0695368 0.0658187 0.0609594 0.0553235 0.0492263 0.042927 0.0366303 0.0304978 0.024664 0.019254 0.0143954 0.0102143 0.00681141 0.00422764
 0.0112093 0.0176735 0.025589 0.0345319 0.043976 0.0532419 0.0614404 0.0676326 0.0711864 0.0720294 0.0705784 0.0674459 0.0631826 0.0581844 0.0527153 0.0469596 0.0410615 0.0351493 0.0293479 0.023785 0.0185943 0.0139148 0.00988015 0.00659364 0.00409666
 0.0110539 0.0175718 0.0257129 0.0351285 0.0452956 0.055423 0.0644076 0.0710667 0.0745886 0.0748513 0.0723658 0.0679514 0.0624169 0.0563914 0.0502812 0.0442929 0.0384936 0.0328876 0.0274808 0.022317 0.0174858 0.0131104 0.00932268 0.00622868 0.00387376
 0.0103895 0.0165867 0.0244167 0.0336181 0.0437612 0.0541364 0.063688 0.0712103 0.075762 0.0769893 0.0751394 0.0708459 0.0648946 0.0580606 0.0509962 0.044152 0.0377556 0.0318566 0.0264123 0.0213728 0.0167358 0.0125605 0.00894561 0.00598616 0.00372806
 0.0101668 0.0162133 0.0238371 0.0327829 0.0426512 0.0527965 0.0622574 0.0699247 0.074912 0.0768398 0.075836 0.0723442 0.066946 0.060273 0.0529541 0.0455481 0.0384723 0.031966 0.0261064 0.0208703 0.0162109 0.0121149 0.00861551 0.00576621 0.00359442
 0.0100377 0.0159904 0.023477 0.0322357 0.0418697 0.0517549 0.0609739 0.0684814 0.073462 0.0755959 0.0750362 0.0721933 0.0675443 0.0615612 0.0547079 0.0474381 0.0401703 0.033247 0.0269 0.0212419 0.016298 0.0120578 0.00851573 0.00567696 0.00353274
 0.0101266 0.0161078 0.0236019 0.0323272 0.0418726 0.05161 0.0606313 0.0679124 0.0726715 0.0746359 0.0740149 0.0712709 0.0669047 0.0613603 0.055014 0.0481935 0.0412001 0.0343201 0.0278124 0.0218809 0.0166564 0.0122018 0.00853468 0.00564483 0.00349322
 0.0102035 0.0162274 0.0237703 0.0325425 0.0421202 0.0518582 0.0608288 0.067994 0.0725727 0.0743145 0.0734707 0.0705567 0.0661253 0.060656 0.0545275 0.0480249 0.0413679 0.0347493 0.0283638 0.0224079 0.0170585 0.0124476 0.00864878 0.00567618 0.00348691
 0.0101435 0.0161394 0.0236558 0.0324101 0.0419842 0.0517352 0.0607332 0.0679322 0.0725378 0.0742832 0.0734079 0.0704286 0.0659182 0.060392 0.0542669 0.0478501 0.0413518 0.0349216 0.0286936 0.0228162 0.0174533 0.012761 0.00885621 0.00579011 0.00353754
 0.0101607 0.0161723 0.0237141 0.032505 0.0421248 0.0519228 0.0609572 0.0681693 0.0727567 0.0744507 0.0734938 0.070409 0.065779 0.060135 0.0539178 0.0474615 0.0409936 0.0346603 0.0285671 0.0228194 0.017544 0.0128831 0.00896424 0.0058629 0.0035756
 0.0101452 0.0161417 0.0236592 0.0324162 0.0419976 0.0517645 0.0607905 0.0680292 0.0726779 0.0744538 0.0735761 0.0705452 0.0659299 0.0602602 0.0539877 0.0474669 0.0409501 0.0346025 0.028534 0.0228366 0.0176126 0.0129824 0.00906574 0.00594473 0.00362962
 0.0101307 0.016118 0.0236227 0.0323628 0.0419222 0.0516624 0.0606598 0.0678745 0.0725142 0.0743064 0.073475 0.070514 0.0659754 0.0603677 0.0541264 0.0476022 0.0410576 0.0346764 0.0285859 0.0228856 0.0176727 0.0130552 0.00914181 0.00601151 0.00367892
 0.0102862 0.0163397 0.0238988 0.0326623 0.0422031 0.0518849 0.0607971 0.0679159 0.072462 0.0741722 0.0732779 0.0702808 0.0657372 0.0601531 0.0539535 0.0474738 0.040964 0.0346041 0.0285267 0.0228392 0.0176437 0.0130464 0.00915021 0.00602934 0.00369789
 0.0101853 0.0162062 0.0237533 0.0325397 0.0421398 0.0518995 0.0608775 0.0680231 0.072549 0.0742065 0.073254 0.0702166 0.0656612 0.0600921 0.0539246 0.047483 0.0410067 0.0346689 0.0285999 0.0229102 0.0177074 0.0131018 0.0091976 0.00606839 0.00372774
 0.0101017 0.0160862 0.0236031 0.0323786 0.0419977 0.0518119 0.0608769 0.0681278 0.0727528 0.0744732 0.0735251 0.0704317 0.0657811 0.0601108 0.0538656 0.0473835 0.0409018 0.034581 0.0285377 0.0228726 0.017689 0.0130966 0.00920083 0.00607603 0.00373658
 0.0102027 0.0162228 0.0237582 0.0325208 0.0420922 0.0518373 0.0608377 0.0680551 0.0726904 0.0744583 0.0735716 0.0705241 0.0658819 0.0601776 0.0538689 0.0473181 0.0407846 0.0344407 0.0284016 0.0227587 0.0176041 0.0130397 0.00916648 0.00605785 0.00372861
 0.0104745 0.0166509 0.0243741 0.0333368 0.0430903 0.0529572 0.0619716 0.0690611 0.0734292 0.0748375 0.0735723 0.0701952 0.0653097 0.0594515 0.0530614 0.0464816 0.0399596 0.0336627 0.0277031 0.0221652 0.0171292 0.0126833 0.00891663 0.00589503 0.00363056
 0.0102406 0.0163288 0.0239978 0.0329769 0.0428378 0.0528947 0.0621458 0.0694678 0.074014 0.0755081 0.0742213 0.070727 0.0656643 0.0596137 0.0530532 0.046344 0.0397361 0.0333916 0.0274169 0.0218913 0.0168893 0.0124908 0.00877527 0.00580021 0.00357261
 0.0100218 0.0159784 0.0234843 0.0322847 0.0419823 0.0519394 0.0612104 0.0687119 0.0735917 0.0755127 0.0746492 0.0714815 0.0665934 0.0605612 0.0538988 0.0470211 0.0402282 0.0337165 0.0276088 0.0219881 0.0169254 0.012494 0.00876501 0.00578792 0.00356319
 0.00999906 0.0159016 0.0232954 0.0319068 0.0413413 0.050999 0.0600052 0.0673598 0.0722767 0.0744431 0.0740053 0.0713684 0.0670127 0.0614133 0.0550159 0.0482194 0.041355 0.0346762 0.028364 0.0225448 0.0173134 0.0127511 0.00892752 0.00588582 0.00361926
 0.0102908 0.0163586 0.0239463 0.0327536 0.0423447 0.0520631 0.0609744 0.0680434 0.0725066 0.0741413 0.0732246 0.0702793 0.0658439 0.0603742 0.054238 0.0477346 0.0411137 0.0345888 0.0283438 0.0225336 0.0172866 0.0127083 0.00887908 0.00584223 0.00358634
 0.010335 0.016473 0.0241961 0.0332227 0.0431102 0.0531556 0.0623405 0.0695344 0.073902 0.0752023 0.0737577 0.0701922 0.0651736 0.0592759 0.0529341 0.0464439 0.0399916 0.0337031 0.0276874 0.0220599 0.0169435 0.0124564 0.00869513 0.00571276 0.00350103
 0.0100382 0.0160172 0.0235644 0.0324297 0.0422126 0.0522597 0.0615989 0.069117 0.0739413 0.0757319 0.0746819 0.0713095 0.066247 0.060115 0.0534509 0.0466611 0.0400066 0.0336308 0.0276135 0.0220221 0.0169409 0.0124714 0.00871139 0.00572274 0.00350447
 0.00985663 0.0157068 0.0230709 0.0316981 0.0412066 0.0509907 0.0601525 0.0676594 0.0726926 0.0749125 0.0744493 0.0717082 0.0671896 0.0614067 0.0548517 0.0479609 0.0410797 0.0344472 0.0282099 0.0224583 0.0172665 0.0127156 0.00888842 0.0058426 0.00357861
 0.00990399 0.0157685 0.0231332 0.0317324 0.0411692 0.0508268 0.0598079 0.0670991 0.0719262 0.0740142 0.073558 0.0709968 0.0668106 0.0614367 0.0552625 0.0486336 0.041854 0.0351803 0.0288165 0.022915 0.0175912 0.0129399 0.00904048 0.00594242 0.00364045
 0.00997113 0.0158892 0.0233343 0.032041 0.0415994 0.0513619 0.0603854 0.0676134 0.0722524 0.0740477 0.0732538 0.0703928 0.0660242 0.0606318 0.0545969 0.0482069 0.0416818 0.0352054 0.028948 0.0230711 0.0177233 0.0130327 0.00909873 0.00597677 0.00366002
 0.00964969 0.0154368 0.0227845 0.0314723 0.0411166 0.051064 0.0603353 0.0678208 0.0726714 0.0745859 0.0737913 0.0708129 0.0662494 0.0606511 0.0544679 0.0480295 0.0415538 0.0351839 0.029035 0.0232279 0.0178985 0.0131872 0.00921459 0.00605357 0.00370611
 0.00917853 0.0147301 0.0218345 0.0303191 0.0398479 0.0498062 0.0592406 0.0670454 0.0723398 0.0747494 0.0744043 0.0717425 0.0673165 0.0616851 0.0553517 0.0487207 0.042076 0.0355955 0.029392 0.023559 0.0182031 0.0134489 0.00941887 0.00619725 0.00379715
#obs surv len freq
 0.00496997 0.00814153 0.0123851 0.0177143 0.0240025 0.0308827 0.0377275 0.0438119 0.0485851 0.0518467 0.0537172 0.054484 0.0544683 0.0539679 0.0532431 0.0525064 0.0519017 0.0514626 0.0510501 0.0502945 0.0486138 0.0453774 0.0402083 0.0332758 0.0253618
 0.00517476 0.00847665 0.0128938 0.018439 0.0249774 0.0321221 0.0392125 0.0454843 0.0503536 0.053602 0.0553473 0.0558843 0.0555465 0.0546465 0.0534616 0.052226 0.0511104 0.0501825 0.0493426 0.0482633 0.046402 0.0431559 0.0381521 0.0315305 0.0240123
 0.00541153 0.00886298 0.0134779 0.0192666 0.0260834 0.033517 0.0408684 0.0473302 0.0522858 0.0555035 0.0571053 0.0573991 0.0567323 0.0554298 0.0537803 0.0520302 0.050368 0.0488891 0.0475357 0.046035 0.0439046 0.0405908 0.0357382 0.0294575 0.0223967
 0.00565604 0.00926312 0.014085 0.0201303 0.0272421 0.0349829 0.0426124 0.0492762 0.0543216 0.0575026 0.0589474 0.0589814 0.0579719 0.0562604 0.054147 0.051886 0.0496749 0.0476272 0.0457202 0.0437388 0.0412724 0.0378345 0.0331033 0.0271671 0.0205954
 0.00589168 0.00965212 0.0146815 0.0209885 0.0284059 0.0364689 0.044393 0.0512735 0.0564183 0.0595653 0.0608482 0.060611 0.0592439 0.0571097 0.0545248 0.0517536 0.0490002 0.0463887 0.0439234 0.0414406 0.0386037 0.0350031 0.0303635 0.0247605 0.0186865
 0.00615597 0.0100823 0.0153301 0.0219051 0.0296284 0.0380092 0.0462212 0.053312 0.0585504 0.0616562 0.0627663 0.0622423 0.0604983 0.0579219 0.0548508 0.051564 0.0482736 0.0451125 0.0421049 0.0391305 0.0359221 0.0321475 0.0275845 0.0223039 0.0167261
 0.00638676 0.0104639 0.0159163 0.0227497 0.0307743 0.0394712 0.0479692 0.0552658 0.0605927 0.0636562 0.0646009 0.063807 0.06171 0.0587169 0.0551831 0.0514016 0.0475956 0.0439088 0.0403849 0.0369428 0.0333768 0.0294275 0.0249255 0.0199414 0.0148311
 0.006627 0.0108551 0.0165062 0.0235838 0.0318875 0.040875 0.0496368 0.0571261 0.062538 0.0655609 0.0663422 0.0652789 0.0628302 0.059428 0.0554482 0.0511981 0.04691 0.0427364 0.0387379 0.0348677 0.0309757 0.026868 0.022424 0.0177161 0.0130422
 0.00684137 0.0112106 0.017054 0.024375 0.0329619 0.0422436 0.0512658 0.0589322 0.0644034 0.0673579 0.0679551 0.0666151 0.0638211 0.0600265 0.0556252 0.0509385 0.0462082 0.0415948 0.0371735 0.0329265 0.0287513 0.024511 0.0201282 0.0156766 0.0114027
 0.00705867 0.0115628 0.0175822 0.0251174 0.0339474 0.0434809 0.0527309 0.0605622 0.0661017 0.06901 0.069447 0.0678482 0.0647213 0.0605471 0.0557435 0.0506485 0.0455141 0.0405082 0.0357173 0.0311473 0.0267353 0.0223917 0.0180746 0.0138582 0.00994352
 0.00727316 0.0119165 0.0181231 0.0258915 0.0349872 0.0447887 0.0542637 0.0622295 0.0677825 0.0705793 0.0707987 0.0689044 0.0654312 0.0608827 0.0556953 0.0502215 0.0447236 0.0393766 0.0342765 0.0294474 0.0248569 0.0204528 0.0162202 0.0122311 0.00864592
 0.00743454 0.0121828 0.0185315 0.0264797 0.0357867 0.0458131 0.0554958 0.0636147 0.0692329 0.0719889 0.0720602 0.0699255 0.0661445 0.0612493 0.0557024 0.0498757 0.0440436 0.0383891 0.0330175 0.0279685 0.0232336 0.0187891 0.0146393 0.0108512 0.00755002
 0.00753145 0.0123422 0.0187753 0.0268307 0.0362658 0.0464341 0.056259 0.0645023 0.0702093 0.0730029 0.0730497 0.0708213 0.0668767 0.0617557 0.0559365 0.0498118 0.0436767 0.0377329 0.0321022 0.0268421 0.0219662 0.0174728 0.0133801 0.00974885 0.00667329
 0.00760858 0.0124592 0.0189365 0.0270362 0.0365141 0.0467261 0.0565995 0.0648993 0.0706695 0.0735272 0.0736279 0.071428 0.0674708 0.0622828 0.0563364 0.0500279 0.0436663 0.0374746 0.0315994 0.0261255 0.0210928 0.0165228 0.012446 0.00891733 0.00600526
 0.00765827 0.0125392 0.019055 0.0271991 0.0367227 0.0469744 0.0568732 0.0651795 0.0709407 0.0737851 0.0738815 0.0716932 0.0677577 0.0625848 0.0566251 0.0502575 0.043784 0.0374337 0.0313726 0.0257133 0.0205277 0.015865 0.011772 0.00830185 0.00550284
 0.00770664 0.0126086 0.0191424 0.0272969 0.0368216 0.0470683 0.0569623 0.0652688 0.0710369 0.0738926 0.0740025 0.0718296 0.0679136 0.0627634 0.0568224 0.0504558 0.0439495 0.0375232 0.0313457 0.0255471 0.0202271 0.015465 0.0113287 0.00787667 0.00514455
 0.00778282 0.0127276 0.0193118 0.0275183 0.0370885 0.0473636 0.057258 0.0655306 0.0712332 0.0740062 0.0740353 0.0718001 0.067848 0.0626874 0.0567548 0.0504046 0.043909 0.0374736 0.0312585 0.0253957 0.0199999 0.0151729 0.0110038 0.00756098 0.00487495
 0.00781398 0.0127777 0.0193863 0.0276217 0.0372234 0.0475289 0.0574469 0.0657289 0.0714212 0.0741619 0.0741408 0.0718468 0.0678393 0.0626375 0.0566836 0.0503301 0.0438408 0.0374097 0.0311856 0.0252956 0.0198584 0.0149892 0.0107931 0.00734949 0.00468909
 0.00784079 0.0128163 0.0194353 0.0276771 0.0372807 0.0475854 0.0575035 0.0657898 0.0714905 0.0742405 0.0742238 0.0719241 0.0678991 0.062671 0.0566886 0.0503115 0.0438071 0.0373673 0.0311347 0.02523 0.0197701 0.0148752 0.0106601 0.00721231 0.00456522
 0.00787724 0.01287 0.0195056 0.0277593 0.0373667 0.0476656 0.0575687 0.0658335 0.071511 0.0742423 0.0742161 0.0719169 0.0678984 0.0626761 0.0566938 0.0503097 0.043794 0.0373418 0.0310973 0.0251802 0.0197063 0.0147967 0.0105706 0.00712044 0.00448164
 0.0078776 0.0128692 0.0195016 0.0277494 0.0373477 0.0476353 0.0575266 0.0657816 0.0714544 0.0741883 0.0741739 0.0718958 0.0679056 0.062714 0.0567582 0.0503908 0.0438789 0.0374183 0.0311564 0.0252166 0.019718 0.014785 0.0105401 0.00707886 0.00443806
 0.00790728 0.012911 0.0195526 0.0278026 0.0373938 0.0476652 0.0575344 0.0657654 0.071416 0.0741325 0.074108 0.0718289 0.0678477 0.0626739 0.0567419 0.050399 0.0439071 0.0374577 0.0311964 0.0252479 0.0197345 0.0147849 0.0105255 0.00705492 0.00441122
 0.00790246 0.0129073 0.0195543 0.0278152 0.0374216 0.0477075 0.0575834 0.0658078 0.0714378 0.0741255 0.0740726 0.0717735 0.0677848 0.0626162 0.0566992 0.050377 0.0439068 0.0374754 0.0312248 0.0252781 0.0197586 0.0147979 0.0105267 0.00704692 0.00439841
 0.00788367 0.0128718 0.0194924 0.0277167 0.0372802 0.0475273 0.0573824 0.065615 0.071284 0.0740316 0.0740439 0.0718014 0.0678542 0.0627129 0.056813 0.0505018 0.0440381 0.0376083 0.0313532 0.0253946 0.0198563 0.0148723 0.0105769 0.00707601 0.00441192
 0.0078759 0.0128565 0.019464 0.0276677 0.037202 0.0474126 0.0572285 0.0654277 0.0710794 0.0738355 0.0738857 0.071706 0.0678336 0.0627638 0.0569206 0.0506465 0.0442015 0.037776 0.0315144 0.0255409 0.0199809 0.0149709 0.0106483 0.0071225 0.00443869
 0.007842 0.0128014 0.0193814 0.0275519 0.0370495 0.0472239 0.05701 0.0651924 0.0708449 0.0736217 0.0737124 0.0715918 0.0677934 0.0628053 0.0570409 0.0508315 0.0444292 0.038022 0.0317565 0.0257621 0.02017 0.0151217 0.0107599 0.00719841 0.00448564
 0.00785346 0.0128133 0.0193869 0.0275402 0.0370085 0.0471444 0.0568896 0.0650363 0.070665 0.0734333 0.0735323 0.071436 0.0676774 0.0627422 0.0570397 0.0508944 0.0445496 0.0381848 0.0319416 0.0259485 0.0203402 0.015264 0.0108689 0.0072749 0.00453446
 0.00782674 0.0127738 0.0193344 0.0274762 0.0369345 0.04706 0.0567918 0.0649214 0.070532 0.0732873 0.073385 0.0713036 0.0675762 0.0626856 0.057036 0.0509464 0.0446544 0.0383333 0.032119 0.0261361 0.0205192 0.0154193 0.0109918 0.00736344 0.00459241
 0.00780945 0.0127431 0.0192838 0.0273991 0.0368266 0.0469231 0.0566355 0.0647615 0.0703853 0.0731653 0.0732915 0.0712373 0.0675353 0.0626714 0.0570531 0.0509999 0.0447468 0.0384621 0.0322756 0.0263072 0.0206885 0.0155716 0.0111164 0.0074559 0.00465452
 0.00779499 0.0127178 0.0192421 0.0273346 0.0367333 0.0467973 0.0564788 0.0645826 0.0701998 0.0729928 0.0731512 0.0711431 0.0674928 0.0626783 0.0571026 0.051085 0.0448618 0.0386025 0.0324354 0.026477 0.0208561 0.0157241 0.0112433 0.007552 0.00472042
 0.00772368 0.0126072 0.019086 0.0271308 0.0364849 0.0465129 0.0561734 0.0642774 0.0699199 0.0727632 0.0729926 0.071069 0.0675079 0.0627783 0.0572749 0.0513114 0.0451226 0.0388796 0.0327137 0.0267435 0.0210991 0.0159334 0.0114117 0.00767716 0.00480553
 0.00929276 0.0147957 0.0217106 0.0297987 0.0387086 0.0478933 0.0565444 0.0637315 0.0687196 0.0712127 0.0713436 0.0694877 0.0660852 0.0615539 0.0562581 0.0504937 0.0444856 0.0383997 0.032366 0.0265041 0.0209452 0.0158435 0.011366 0.0076587 0.00480122
 0.00930258 0.0151004 0.0226769 0.0318779 0.0422373 0.0528261 0.0622856 0.0692336 0.0728562 0.0732247 0.0710919 0.0673894 0.062834 0.0578258 0.0525454 0.0470802 0.0414985 0.0358751 0.0302946 0.024856 0.0196802 0.0149138 0.0107178 0.00723388 0.00454199
 0.00896053 0.0145663 0.0219357 0.0309859 0.0413734 0.0523241 0.062591 0.0707425 0.075673 0.0769855 0.0750135 0.0705667 0.0646176 0.0580476 0.0514816 0.0452326 0.0393615 0.0338025 0.0284799 0.0233726 0.0185315 0.0140688 0.0101294 0.00684893 0.00430744
 0.00878812 0.0142732 0.0214718 0.0303011 0.0404376 0.0511625 0.0613274 0.0696242 0.0750463 0.077197 0.0762532 0.0727266 0.0672658 0.0605706 0.0533321 0.0461371 0.0393712 0.033189 0.027572 0.0224338 0.0177164 0.0134372 0.00968133 0.00655514 0.00412926
 0.00872262 0.014161 0.0212914 0.0300255 0.040037 0.0506106 0.060614 0.0687744 0.0741421 0.0763925 0.0757631 0.0727698 0.067968 0.0618717 0.0549663 0.0477217 0.0405637 0.0338192 0.027673 0.0221747 0.0172979 0.0130142 0.00933673 0.00631224 0.00397669
 0.00867378 0.0140856 0.0211847 0.0298842 0.0398568 0.0503841 0.0603301 0.0684202 0.0737109 0.075897 0.0752525 0.0723403 0.0677519 0.0619937 0.0554784 0.0485527 0.0415268 0.0346848 0.0282675 0.0224429 0.0172975 0.0128594 0.00913671 0.0061363 0.00385131
 0.00869149 0.0141054 0.0211981 0.0298779 0.0398167 0.0503004 0.0602008 0.0682499 0.0735054 0.0756585 0.0749819 0.0720478 0.0674717 0.0617895 0.0554287 0.0487142 0.041895 0.0351797 0.0287624 0.0228218 0.0175035 0.0129063 0.00908242 0.00604464 0.00376603
 0.00866428 0.0140687 0.0211561 0.0298379 0.0397849 0.0502772 0.0601776 0.0682118 0.0734379 0.075554 0.0748425 0.0718831 0.0672967 0.0616266 0.0553105 0.0486808 0.041978 0.0353808 0.029042 0.0231111 0.0177354 0.0130448 0.00913143 0.00603448 0.00373153
 0.00865685 0.0140544 0.0211309 0.029798 0.039729 0.0502091 0.0601071 0.0681513 0.0733959 0.0755296 0.0748247 0.0718566 0.0672504 0.06156 0.0552363 0.0486224 0.0419628 0.0354293 0.0291555 0.0232669 0.0178952 0.0131724 0.00920879 0.00606487 0.00373153
 0.00864732 0.0140392 0.0211086 0.0297669 0.0396876 0.0501562 0.0600428 0.0680786 0.0733216 0.0754634 0.0747756 0.071829 0.0672411 0.0615603 0.055238 0.0486239 0.0419717 0.0354586 0.0292153 0.0233562 0.018 0.0132716 0.00928457 0.0061105 0.00375131
 0.00864348 0.0140322 0.0210968 0.0297483 0.0396605 0.0501197 0.0599976 0.068027 0.0732669 0.0754095 0.074727 0.0717902 0.0672161 0.0615507 0.055242 0.048638 0.0419934 0.0354888 0.0292575 0.0234127 0.0180673 0.0133406 0.0093442 0.00615332 0.00377625
 0.00864061 0.0140288 0.0210937 0.029747 0.0396619 0.0501235 0.0600016 0.0680273 0.0732595 0.0753921 0.0746995 0.0717555 0.0671787 0.0615158 0.0552143 0.0486201 0.0419864 0.035493 0.029273 0.0234393 0.0181031 0.013381 0.00938279 0.00618443 0.00379721
 0.00864065 0.0140288 0.0210938 0.0297474 0.039663 0.0501261 0.0600065 0.0680349 0.0732687 0.0754003 0.074703 0.0717508 0.0671641 0.0614927 0.0551863 0.0485922 0.0419634 0.0354783 0.0292686 0.0234454 0.0181185 0.0134024 0.00940598 0.00620515 0.00381277
 0.00863953 0.0140281 0.0210947 0.0297515 0.039672 0.0501407 0.0600258 0.0680567 0.0732902 0.0754185 0.0747157 0.0717561 0.0671606 0.0614797 0.0551645 0.0485642 0.0419332 0.0354506 0.0292475 0.0234333 0.0181157 0.0134074 0.00941564 0.00621608 0.00382228
 0.00862426 0.014006 0.0210665 0.02972 0.0396413 0.0501152 0.0600094 0.0680519 0.0732978 0.0754373 0.0747423 0.0717862 0.0671897 0.0615039 0.0551812 0.0485725 0.041934 0.0354465 0.0292418 0.0234292 0.0181154 0.0134112 0.00942255 0.0062241 0.00382956
 0.00862426 0.014006 0.0210665 0.02972 0.0396413 0.0501152 0.0600094 0.0680519 0.0732978 0.0754373 0.0747423 0.0717862 0.0671897 0.0615039 0.0551812 0.0485725 0.041934 0.0354465 0.0292418 0.0234292 0.0181154 0.0134112 0.00942255 0.0062241 0.00382956
 0.00880257 0.0142827 0.0214574 0.0302282 0.0402539 0.0507997 0.0607117 0.0686998 0.073814 0.0757583 0.0748343 0.0716504 0.0668578 0.0610269 0.0546172 0.0479767 0.0413519 0.0349113 0.0287749 0.0230419 0.0178104 0.0131844 0.00926434 0.00612136 0.00376789
 0.0087634 0.0142437 0.0214441 0.030279 0.0404088 0.051084 0.0611207 0.0691957 0.0743353 0.0762364 0.0752089 0.0718791 0.0669207 0.0609275 0.0543797 0.0476396 0.0409601 0.0345077 0.0283945 0.022709 0.0175382 0.0129764 0.00911611 0.00602343 0.00370825
 0.00865679 0.0140653 0.0211689 0.0298879 0.0399023 0.0504974 0.0605327 0.0687161 0.0740711 0.0762512 0.0754983 0.0723761 0.0675236 0.0615333 0.0549093 0.0480486 0.0412377 0.0346682 0.0284663 0.0227235 0.0175228 0.0129506 0.00909135 0.00600463 0.00369612
 0.00852878 0.0138516 0.0208372 0.0294064 0.0392481 0.0496715 0.0595756 0.0677146 0.0731501 0.075549 0.0751328 0.0724112 0.0679495 0.0622691 0.0558277 0.0490131 0.0421363 0.0354313 0.0290674 0.0231687 0.017836 0.0131614 0.00922765 0.00608902 0.00374583
 0.00881629 0.0142917 0.0214462 0.0301735 0.0401304 0.05059 0.0604163 0.0683441 0.0734485 0.0754517 0.0746595 0.0716642 0.0670802 0.0614286 0.0551233 0.0484875 0.0417741 0.0351848 0.0288859 0.0230174 0.0177007 0.0130423 0.00912987 0.0060161 0.00369685
 0.00890481 0.0144653 0.0217605 0.0306931 0.0409063 0.0516265 0.0616436 0.0696164 0.0745758 0.0762513 0.075005 0.0715154 0.0664881 0.0605175 0.0540552 0.0474181 0.0408165 0.0343941 0.0282661 0.0225438 0.017342 0.0127732 0.00893334 0.00587958 0.00360851
 0.00868441 0.0141226 0.0212778 0.0300754 0.0401925 0.0508991 0.0610275 0.0692543 0.0745793 0.076649 0.0757193 0.0723864 0.0673323 0.0611911 0.0544918 0.0476312 0.0408716 0.03437 0.0282237 0.0225134 0.0173282 0.0127689 0.00893093 0.00587574 0.00360354
 0.0085916 0.013949 0.0209759 0.0295911 0.0394833 0.0499622 0.059925 0.0681188 0.0735905 0.0759871 0.0755123 0.0726697 0.0680364 0.0621633 0.055547 0.0486095 0.041678 0.0349806 0.0286644 0.0228281 0.0175554 0.0129331 0.00904618 0.00595166 0.00364942
 0.00870247 0.0141155 0.0211982 0.0298534 0.0397493 0.0501738 0.0600078 0.0680012 0.073234 0.0754168 0.0748261 0.072014 0.0675557 0.0619476 0.0556025 0.0488664 0.0420284 0.035325 0.028942 0.0230222 0.0176783 0.0130071 0.00909013 0.00597768 0.00366433
 0.00883868 0.0143453 0.0215576 0.0303757 0.0404508 0.0510334 0.0609507 0.0688996 0.0739329 0.0757779 0.0747716 0.0715541 0.0667888 0.0610304 0.0547004 0.0481034 0.0414581 0.0349347 0.0286821 0.0228398 0.0175385 0.012895 0.00900279 0.00591464 0.003623
 0.00885057 0.0143775 0.0216309 0.0305196 0.040699 0.0514142 0.0614746 0.0695473 0.0746483 0.076469 0.075325 0.071862 0.0667834 0.0607109 0.0541372 0.0474144 0.0407677 0.0343347 0.0282133 0.0224989 0.017299 0.0127279 0.00888656 0.00583579 0.00357237
 0.00885149 0.0143768 0.0216267 0.0305116 0.0406924 0.0514245 0.0615288 0.0696795 0.0748872 0.0768217 0.0757639 0.0723232 0.0671788 0.0609545 0.0541746 0.0472436 0.0404389 0.0339292 0.0278119 0.0221565 0.0170373 0.0125432 0.00876315 0.00575674 0.00352394
#pred catch len freq
 0.00502335 0.00796851 0.0116581 0.0160048 0.0209354 0.0263604 0.0320974 0.0378498 0.0432727 0.0480629 0.0520097 0.0550071 0.0570522 0.0582266 0.0586558 0.0584636 0.0577442 0.0565473 0.0548546 0.0525381 0.0493373 0.0449246 0.0390972 0.0320131 0.0242948
 0.00540005 0.00848795 0.0122733 0.0166285 0.0214833 0.026809 0.0325164 0.0383757 0.0440297 0.0490769 0.0531711 0.0561061 0.0578644 0.0585997 0.058558 0.0579779 0.0570179 0.0557217 0.0540072 0.0516644 0.0483825 0.043847 0.037921 0.0308359 0.0232445
 0.00588814 0.00924165 0.0133281 0.0179766 0.023062 0.028495 0.0341377 0.0397538 0.0450477 0.0497336 0.0535715 0.0563831 0.0580816 0.0587086 0.0584364 0.057515 0.0561823 0.0545712 0.0526459 0.0501872 0.0468489 0.0422961 0.036406 0.02944 0.0220619
 0.00632152 0.00992631 0.0143225 0.0193242 0.024785 0.0305814 0.036518 0.0422802 0.047496 0.0518424 0.0551147 0.0572417 0.0582732 0.0583495 0.0576602 0.0564058 0.0547656 0.0528548 0.0506644 0.0480176 0.0445968 0.0400778 0.0343392 0.0276356 0.0206056
 0.00673382 0.0105729 0.0152535 0.0205766 0.0263837 0.032538 0.03882 0.0448724 0.0502618 0.0545958 0.0576106 0.0592144 0.0594988 0.0587087 0.0571648 0.0551717 0.0529503 0.0506033 0.0480945 0.0452388 0.0417356 0.0372858 0.0317785 0.0254495 0.0188862
 0.00716466 0.0112452 0.0162143 0.0218548 0.0279914 0.0344708 0.0410517 0.0473474 0.0528908 0.0572557 0.0601451 0.0614362 0.0612015 0.0596969 0.0572982 0.054404 0.0513399 0.0482904 0.0452614 0.042081 0.0384535 0.0340855 0.0288618 0.0229849 0.016973
 0.00760788 0.0119343 0.0171942 0.02315 0.0296073 0.0363948 0.0432487 0.049752 0.0554057 0.0597588 0.0625007 0.0635035 0.0628392 0.0607666 0.0576726 0.0539862 0.0500907 0.0462498 0.0425543 0.0389029 0.0350472 0.0307137 0.0257746 0.020381 0.0149633
 0.00791077 0.0124187 0.017909 0.0241374 0.0308984 0.0380004 0.0451476 0.0518831 0.057671 0.0620358 0.0646576 0.065412 0.0643814 0.0618373 0.0581786 0.0538466 0.0492467 0.0446851 0.0403198 0.036133 0.031956 0.0275672 0.0228442 0.0178881 0.0130342
 0.00827048 0.0129701 0.0186787 0.0251328 0.0321143 0.039427 0.0467702 0.0536733 0.0595749 0.0639683 0.0665076 0.0670569 0.0657059 0.0627461 0.0585995 0.0537257 0.0485438 0.0433803 0.0384325 0.0337473 0.0292347 0.024741 0.0201695 0.0155872 0.011242
 0.00878159 0.0137438 0.0197368 0.026459 0.0336616 0.0411317 0.048561 0.0554742 0.0613082 0.0655602 0.0678931 0.0681792 0.0665135 0.063192 0.0586428 0.0533339 0.0476934 0.0420607 0.0366573 0.0315743 0.0267848 0.0221987 0.0177536 0.0134977 0.00960697
 0.00913979 0.0143091 0.0205552 0.0275597 0.0350499 0.0427792 0.0503953 0.0573793 0.0631422 0.0671857 0.0692046 0.0691158 0.0670552 0.0633455 0.0584252 0.0527597 0.0467695 0.0407899 0.0350518 0.0296747 0.0246795 0.0200284 0.015692 0.01171 0.0082028
 0.00933677 0.0146297 0.0210392 0.0282473 0.0359765 0.0439657 0.0518335 0.0590176 0.0648812 0.0688868 0.0707124 0.0702892 0.0677974 0.0636196 0.0582491 0.0521841 0.0458523 0.0395804 0.0335904 0.0280079 0.0228787 0.0182006 0.0139696 0.0102208 0.00703321
 0.00944106 0.0148029 0.021308 0.0286422 0.0365299 0.0447065 0.0527782 0.06016 0.0661839 0.0702765 0.0720821 0.0715102 0.0687415 0.0641855 0.0583837 0.0518884 0.0451707 0.0385799 0.0323438 0.026588 0.0213643 0.0166848 0.0125567 0.00900752 0.00608364
 0.00941626 0.0147702 0.0212744 0.0286228 0.0365498 0.0448004 0.0529879 0.0605279 0.0667414 0.07103 0.0730015 0.0725259 0.0697509 0.0650703 0.0590326 0.0522195 0.0451466 0.0382101 0.0316755 0.0256929 0.0203292 0.0156047 0.0115278 0.00811317 0.00537823
 0.00951308 0.0148953 0.0214034 0.028715 0.0365616 0.0447068 0.0528004 0.0602991 0.0665519 0.0709667 0.0731326 0.0728817 0.0703125 0.0657693 0.0597635 0.0528629 0.0455966 0.038397 0.0315779 0.0253369 0.0197783 0.014945 0.0108509 0.00749956 0.00488198
