SBPRF35
7.78865
Curr Bio
583106
B35
699649
F35
0.212135
FOFL
0.167572
OFL
74167.6
Bzero
2.22533e+006
#pred survey bio
 4.85829e+006 4.55634e+006 4.27345e+006 3.94825e+006 3.59381e+006 3.24476e+006 2.91261e+006 2.59042e+006 2.28878e+006 2.03473e+006 1.80898e+006 1.587e+006 1.39511e+006 1.2267e+006 1.09543e+006 975057 866967 816828 773926 744543 698204 666523 659733 650159 635367 619863 611096 607487 601414 584929 576754 575487 577737 573781 562886 551956 540892 537029 547915 546820 558431 562914 566933 572268 573724 576503 577007 577505 583494 588547 593802 576163 588364 1.97683e+007 1.15196e+007 1.15071e+007 1.20583e+007 1.29316e+007 1.38826e+007 1.47609e+007 1.54992e+007 1.60843e+007 1.65302e+007 1.68614e+007 1.71035e+007 1.72787e+007 1.7405e+007 1.74959e+007 1.75614e+007 1.76089e+007 1.76435e+007 1.76688e+007 1.76875e+007 1.77013e+007 1.77116e+007 1.77194e+007 1.77252e+007 1.77297e+007 1.7733e+007 1.77356e+007 1.77375e+007 1.7739e+007 1.77401e+007 1.7741e+007 1.77417e+007 1.77422e+007 1.77426e+007 1.77429e+007 1.77432e+007 1.77433e+007 1.77435e+007 1.77436e+007 1.77437e+007 1.77438e+007 1.77438e+007 1.77438e+007 1.77439e+007 1.77439e+007 1.77439e+007 1.77439e+007 1.77439e+007 1.7744e+007 1.7744e+007 1.7744e+007 1.7744e+007 1.7744e+007 1.7744e+007 1.7744e+007 1.7744e+007 1.7744e+007 1.7744e+007 1.7744e+007 1.7744e+007 1.7744e+007 1.7744e+007 1.7744e+007 1.7744e+007 1.7744e+007 1.7744e+007 1.7744e+007 1.7744e+007 1.7744e+007 1.7744e+007 1.7744e+007 1.7744e+007 1.7744e+007 1.7744e+007 1.7744e+007 1.7744e+007 1.7744e+007 1.7744e+007 1.7744e+007 1.7744e+007 1.7744e+007 1.7744e+007 1.7744e+007 1.7744e+007 1.7744e+007 1.7744e+007 1.7744e+007 1.7744e+007 1.7744e+007 1.7744e+007 1.7744e+007 1.7744e+007 1.7744e+007 1.7744e+007 1.7744e+007 1.7744e+007 1.7744e+007 1.7744e+007 1.7744e+007 1.7744e+007 0 0 0 0 0 0 0 0 0 0 0 0 0 0 0 0 0 0 0 0 0 0 0 0 0
#obs survey bio
 4.86076e+006 3.51677e+006 3.04478e+006 3.31205e+006 2.97864e+006 1.84973e+006 1.9746e+006 2.66322e+006 1.65616e+006 1.8317e+006 2.5119e+006 1.54503e+006 990344 980036 834477 746331 570628 630306 536526 612627 793545 620596 417675 541666 713968 468791 668824 480200 579865 375536 544510 509070 772668 482886 376363 605422 446013 504732 661705 690311 465862 518974 662888 450482 604841 609586 674073 546866 593053 731729 457425 808024 528646
#pred catch bio
 104084 97265.8 155022 209851 238552 258687 283888 295921 279081 274503 286725 271847 260018 233591 227006 215980 165331 157789 143494 153155 135759 112416 113554 115539 113112 104851 98698.9 99654.8 107244 99087 92572.6 88819.3 92350.9 95316.8 92291.7 91879.4 89066.1 81088.9 93325.3 83186.2 89412.2 89081.8 86778 88980.5 87380 89425.4 89873.9 86271.2 88286.8 88708.7 106356 77666.8 101697 74167.6 88970 87370 90105.6 96060.1 102885 109174 114358 118344 121267 123338 124767 125734 126378 126802 127079 127258 127373 127447 127494 127524 127543 127555 127563 127567 127570 127572 127574 127574 127575 127575 127575 127575 127575 127575 127575 127575 127575 127575 127575 127575 127575 127575 127575 127575 127575 127575 127575 127575 127575 127575 127575 127575 127575 127575 127575 127575 127575 127575 127575 127575 127575 127575 127575 127575 127575 127575 127575 127575 127575 127575 127575 127575 127575 127575 127575 127575 127575 127575 127575 127575 127575 127575 127575 127575 127575 127575 127575 127575 127575 127575 127575 127575 127575 127575 127575 127575 127575 127575 127575 0 0 0 0 0 0 0 0 0 0 0 0 0 0 0 0 0 0 0 0 0 0 0 0 0
#obs catch bio
 0 96881.7 155503 211138 240613 261996 289394 302509 285335 281471 293624 277830 267335 240702 234755 223510 169640 162210 146971 157173 137856 113687 115938 117870 114621 106575 99618.1 100713 108848 100887 94157.1 90296.8 93925.8 96926.4 93949.4 93053.1 90749.7 81861.7 94175.5 83466.9 89967.6 89980.7 87004.4 89190 87284.5 89533.4 90162.3 86527 88823.1 89164 108076 77707.6 101935
#pred cpue bio
 4.78327e+006 4.48683e+006 4.20813e+006 3.88469e+006 3.53154e+006 3.1838e+006 2.85296e+006 2.53251e+006 2.233e+006 1.98076e+006 1.75696e+006 1.53745e+006 1.34765e+006 1.18111e+006 1.05146e+006 933150 827404 778449 737006 709010 664748 634468 627949 618796 604925 590347 582190 578944 573091 557033 549109 548042 550556 547235 537262 527109 515732 510410 520063 519185 530816 535383 539607 545211 546843 549510 549842 550147 555729 560477 565657 549018 562072 1.89333e+007 1.10446e+007 1.09126e+007 1.13215e+007 1.21429e+007 1.30813e+007 1.39569e+007 1.46947e+007 1.52797e+007 1.57256e+007 1.60569e+007 1.62989e+007 1.64742e+007 1.66004e+007 1.66913e+007 1.67569e+007 1.68043e+007 1.68389e+007 1.68642e+007 1.68829e+007 1.68968e+007 1.69071e+007 1.69148e+007 1.69207e+007 1.69251e+007 1.69284e+007 1.6931e+007 1.69329e+007 1.69344e+007 1.69356e+007 1.69365e+007 1.69371e+007 1.69376e+007 1.69381e+007 1.69384e+007 1.69386e+007 1.69388e+007 1.69389e+007 1.6939e+007 1.69391e+007 1.69392e+007 1.69392e+007 1.69393e+007 1.69393e+007 1.69393e+007 1.69394e+007 1.69394e+007 1.69394e+007 1.69394e+007 1.69394e+007 1.69394e+007 1.69394e+007 1.69394e+007 1.69394e+007 1.69394e+007 1.69394e+007 1.69394e+007 1.69394e+007 1.69394e+007 1.69394e+007 1.69394e+007 1.69394e+007 1.69394e+007 1.69394e+007 1.69394e+007 1.69394e+007 1.69394e+007 1.69394e+007 1.69394e+007 1.69394e+007 1.69394e+007 1.69394e+007 1.69394e+007 1.69394e+007 1.69394e+007 1.69394e+007 1.69394e+007 1.69394e+007 1.69394e+007 1.69394e+007 1.69394e+007 1.69394e+007 1.69394e+007 1.69394e+007 1.69394e+007 1.69394e+007 1.69394e+007 1.69394e+007 1.69394e+007 1.69394e+007 1.69394e+007 1.69394e+007 1.69394e+007 1.69394e+007 1.69394e+007 1.69394e+007 1.69394e+007 1.69394e+007 1.69394e+007 1.69394e+007 0 0 0 0 0 0 0 0 0 0 0 0 0 0 0 0 0 0 0 0 0 0 0 0 0
#obs cpue bio
 3.67309e+006 5.22743e+006 2.87935e+006 2.56737e+006 2.42476e+006 2.91466e+006 2.16892e+006 2.01835e+006 2.25326e+006 1.44408e+006 1.56775e+006 1.39241e+006 1.01055e+006 783385 847677 877464 797787 682347 758981 741993 731597 536170 423700 633079 688347 445556 691112 562559 432755 454939 439955 451086 344564 558400 527062 595451 312491 699967 574501 426155 555076 365752 738153 719280 645496 438121 391485 516766 412275 394931 466037 537573 994945
#pred surv len freq
 0.00512109 0.00828482 0.012413 0.0174678 0.0233173 0.029662 0.0360023 0.0417538 0.0464646 0.049967 0.0523581 0.0538706 0.0547521 0.0552014 0.0553461 0.0552396 0.0548733 0.0541914 0.0530837 0.0513491 0.0486706 0.0446791 0.0391464 0.0322261 0.0245589
 0.00542588 0.00866204 0.0127675 0.0176517 0.0231876 0.0291612 0.0352126 0.0408776 0.0457339 0.049534 0.0522349 0.0539484 0.0548775 0.0552611 0.0553166 0.0551868 0.0549095 0.0544107 0.0535062 0.0519015 0.0492157 0.0450801 0.0393289 0.0322025 0.0244054
 0.00576739 0.00920982 0.0135693 0.018724 0.0244862 0.0305534 0.0364767 0.0417575 0.0460423 0.0492465 0.0515044 0.053021 0.0539662 0.0544642 0.0546256 0.0545557 0.0543222 0.0538985 0.0531146 0.0516416 0.0490424 0.0449145 0.0391065 0.0319098 0.0240797
 0.00604576 0.00966486 0.0142595 0.0197068 0.0258063 0.0322204 0.0384337 0.0438551 0.0480399 0.0508563 0.0524747 0.0532247 0.053447 0.0534053 0.0532593 0.0530741 0.0528409 0.0524754 0.0517836 0.0504268 0.0479526 0.0439404 0.0382344 0.0311403 0.0234319
 0.00636405 0.0101669 0.0149878 0.0206944 0.0270765 0.0337832 0.0402765 0.045929 0.050246 0.0530368 0.0544158 0.0546843 0.0542112 0.0533582 0.0524262 0.0516083 0.0509612 0.0503936 0.0496626 0.0483754 0.046041 0.0422166 0.0367347 0.0298936 0.0224561
 0.00669226 0.0106886 0.0157507 0.0217353 0.0284154 0.0354153 0.0421635 0.0479981 0.0523997 0.0551673 0.0564083 0.0564074 0.0555081 0.0540597 0.0523929 0.0507846 0.0494061 0.0482694 0.0471859 0.0457645 0.0434816 0.0398537 0.0346751 0.0282068 0.0211699
 0.00694837 0.0111088 0.0163904 0.0226487 0.0296455 0.0369774 0.0440287 0.0500873 0.0545959 0.0573394 0.0584326 0.0581754 0.0569196 0.0550097 0.0527676 0.0504783 0.0483591 0.0465068 0.0448336 0.0430297 0.0406109 0.037087 0.0322104 0.0261772 0.0196315
 0.00722926 0.0115542 0.0170411 0.0235382 0.0307981 0.038404 0.0457171 0.0519934 0.0566414 0.0594181 0.060423 0.0599552 0.0583768 0.0560467 0.0532966 0.0504163 0.0476351 0.0450873 0.0427579 0.0404326 0.0377153 0.0341644 0.0295233 0.0239237 0.0179109
 0.00757839 0.0121008 0.0178246 0.0245817 0.0321062 0.039959 0.0474747 0.0538824 0.0585724 0.0612982 0.0621666 0.0614853 0.0596206 0.0569314 0.0537485 0.050362 0.0470062 0.0438354 0.0408814 0.0380089 0.0349181 0.0312467 0.0267651 0.0215621 0.0160833
 0.00782569 0.0125067 0.018442 0.0254609 0.033283 0.0414374 0.0492111 0.0557829 0.0605111 0.0631468 0.0638197 0.0628698 0.0606903 0.0576536 0.0540899 0.0502797 0.0464479 0.0427509 0.0392483 0.0358656 0.0323905 0.0285482 0.024157 0.0192859 0.0142952
 0.00807844 0.0129062 0.0190233 0.0262517 0.0343027 0.0426933 0.0506895 0.0574399 0.0622689 0.0648994 0.0654479 0.0642611 0.0617569 0.0583413 0.0543732 0.0501465 0.0458841 0.041736 0.0377692 0.0339464 0.0301237 0.0261062 0.0217672 0.0171725 0.0126146
 0.00848974 0.0135414 0.0199166 0.0274125 0.0357146 0.0443159 0.0524571 0.0592637 0.0640464 0.066531 0.0668488 0.0653641 0.0625107 0.0587091 0.0543346 0.0496968 0.0450288 0.040484 0.0361345 0.0319644 0.0278766 0.0237386 0.0194725 0.0151472 0.0110005
 0.00886626 0.0141416 0.0207965 0.0286123 0.0372474 0.0461516 0.0545087 0.0613892 0.0660747 0.0683016 0.0682448 0.0663238 0.0630183 0.0587774 0.0539884 0.0489632 0.0439326 0.0390492 0.0343894 0.0299545 0.0256822 0.0214859 0.0173245 0.013268 0.00950804
 0.00918826 0.0146581 0.0215608 0.0296692 0.0386244 0.0478451 0.0564675 0.0635058 0.0681949 0.0702494 0.0698551 0.0674698 0.0636297 0.0588435 0.0535464 0.0480771 0.0426724 0.0374782 0.0325643 0.0279367 0.0235537 0.0193597 0.0153377 0.0115538 0.0081585
 0.00937805 0.0149696 0.0220354 0.0303484 0.039543 0.0490193 0.057882 0.0651059 0.0698894 0.0719222 0.0713785 0.0687191 0.0644976 0.0592557 0.0534732 0.0475343 0.0417119 0.0361715 0.0309905 0.0261788 0.0217045 0.0175275 0.0136409 0.0101012 0.00702163
 0.00955155 0.0152527 0.0224634 0.0309552 0.0403549 0.0500454 0.0591031 0.0664699 0.0713169 0.0733192 0.072649 0.0697737 0.0652586 0.0596614 0.0534839 0.0471382 0.0409282 0.0350489 0.0296005 0.0246095 0.0200558 0.0159075 0.0121577 0.00884596 0.0060489
 0.00980005 0.0156368 0.023005 0.0316621 0.0412219 0.0510547 0.060223 0.0676522 0.0724982 0.0744281 0.0736151 0.0705351 0.0657663 0.0598808 0.0533946 0.046734 0.0402185 0.0340616 0.0283852 0.0232371 0.0186154 0.0144987 0.0108777 0.00777272 0.00522503
 0.00975692 0.0155779 0.0229376 0.031602 0.0411915 0.05108 0.0603299 0.0678646 0.0728351 0.0748988 0.0742125 0.0712291 0.0665025 0.0605855 0.0539862 0.0471375 0.0403778 0.033949 0.028006 0.0226307 0.0178507 0.0136643 0.0100662 0.00706252 0.00466499
 0.00970767 0.0155045 0.02284 0.0314859 0.0410685 0.0509671 0.0602489 0.0678401 0.0728913 0.0750548 0.0744782 0.0716022 0.0669659 0.0611055 0.0545122 0.0476063 0.0407235 0.0341169 0.0279656 0.0223846 0.0174363 0.0131466 0.00952262 0.00656422 0.00426057
 0.00956342 0.0152876 0.0225467 0.0311255 0.0406621 0.0505444 0.0598462 0.0674982 0.072652 0.0749543 0.0745402 0.0718338 0.0673558 0.0616247 0.0551156 0.0482353 0.0413114 0.0345977 0.0282868 0.0225193 0.0173913 0.0129609 0.00925624 0.00628069 0.00400998
 0.00974024 0.015536 0.0228484 0.0314392 0.0409353 0.0507326 0.0599273 0.0674761 0.072548 0.0747968 0.0743575 0.0716528 0.0672022 0.0615217 0.0550781 0.0482637 0.0413878 0.0346876 0.0283477 0.0225143 0.017302 0.0127942 0.00904128 0.00605687 0.00381236
 0.0100199 0.0159446 0.0233765 0.0320445 0.0415497 0.0512771 0.0603281 0.0676775 0.0725249 0.0745625 0.073963 0.0711723 0.0667121 0.0610824 0.0547262 0.0480126 0.0412311 0.0346031 0.0283021 0.0224716 0.0172337 0.0126885 0.00890541 0.00591107 0.00367934
 0.00992999 0.0158331 0.0232712 0.0319891 0.0415871 0.0514254 0.0605633 0.0679366 0.0727299 0.0746526 0.0739174 0.0710139 0.0664934 0.0608644 0.0545592 0.047925 0.041227 0.0346662 0.0284031 0.0225765 0.0173132 0.0127254 0.0088983 0.00587206 0.00362667
 0.00973964 0.0155533 0.0229072 0.0315696 0.0411625 0.0510596 0.0603216 0.0678697 0.0728551 0.0749403 0.0742954 0.0713922 0.0667992 0.0610666 0.0546706 0.0479849 0.0412776 0.0347346 0.0284949 0.0226798 0.017408 0.0127944 0.00893365 0.00587722 0.00361247
 0.00975514 0.0155534 0.0228624 0.0314406 0.0409152 0.0506867 0.0598596 0.0673973 0.0724708 0.0747278 0.074294 0.0715848 0.0671222 0.0614358 0.0550126 0.0482587 0.0414783 0.0348814 0.028612 0.0227824 0.0174984 0.0128669 0.0089826 0.00590221 0.00361884
 0.00976937 0.0155797 0.0229059 0.0315032 0.0409889 0.0507478 0.059869 0.0673136 0.0722726 0.0744347 0.0739679 0.0713083 0.0669628 0.0614188 0.0551157 0.04843 0.0416638 0.0350452 0.0287418 0.0228815 0.0175745 0.0129246 0.00902336 0.00592685 0.0036301
 0.00981853 0.0156412 0.022965 0.0315365 0.0409728 0.0506696 0.0597336 0.06714 0.0720817 0.0742384 0.0737705 0.0711174 0.0668002 0.0613176 0.055105 0.048517 0.0418284 0.0352498 0.028948 0.0230629 0.0177198 0.013033 0.00909906 0.00597562 0.00365829
 0.00990872 0.0157691 0.0231222 0.0317012 0.0411132 0.0507517 0.0597301 0.0670372 0.0718849 0.0739725 0.0734734 0.0708292 0.0665531 0.0611331 0.054996 0.04849 0.0418811 0.0353677 0.0291054 0.0232303 0.0178725 0.0131568 0.0091897 0.00603602 0.00369481
 0.00991533 0.0157943 0.0231855 0.0318265 0.0413187 0.0510353 0.0600597 0.0673533 0.0721185 0.0740694 0.0734127 0.0706274 0.0662549 0.0607944 0.054669 0.048214 0.0416789 0.0352458 0.0290562 0.0232357 0.0179096 0.0132047 0.00923389 0.00606961 0.00371678
 0.00996193 0.015872 0.0233064 0.0320044 0.0415671 0.0513638 0.0604666 0.0678186 0.0725986 0.0745 0.073721 0.0707529 0.0661693 0.0605128 0.0542441 0.0477184 0.0411844 0.0348072 0.0287043 0.0229783 0.0177373 0.0130987 0.00917367 0.00603758 0.00370058
 0.00992527 0.0158169 0.0232326 0.0319162 0.0414748 0.0512842 0.0604225 0.0678361 0.0726999 0.074693 0.0739905 0.0710581 0.0664525 0.0607162 0.0543296 0.0476804 0.0410488 0.0346191 0.0285104 0.0228126 0.017616 0.0130218 0.00913146 0.00601788 0.00369301
 0.00981297 0.0156458 0.0229969 0.0316193 0.0411294 0.0509121 0.060055 0.0675128 0.0724648 0.0745859 0.0740371 0.0712609 0.0667864 0.0611307 0.05476 0.048065 0.0413463 0.0348173 0.0286233 0.0228686 0.017643 0.013039 0.0091474 0.00603347 0.00370645
 0.0096008 0.0153273 0.0225671 0.0310918 0.0405338 0.0502878 0.0594473 0.0669704 0.0720368 0.0743155 0.0739549 0.0713799 0.0670983 0.0616051 0.0553459 0.0486972 0.0419579 0.0353546 0.0290565 0.0231931 0.0178732 0.0131968 0.00925352 0.00610348 0.00375104
 0.00944326 0.0150822 0.0222195 0.0306374 0.0399819 0.0496645 0.0587972 0.0663534 0.0715167 0.0739457 0.0737677 0.0713849 0.0672878 0.0619588 0.0558327 0.0492748 0.0425745 0.0359552 0.0295936 0.0236361 0.0182123 0.0134395 0.00941736 0.00620839 0.00381472
 0.00945009 0.0150772 0.0221822 0.030539 0.0397926 0.0493656 0.0583921 0.0658713 0.0710073 0.0734676 0.073376 0.0711219 0.0671783 0.0620088 0.0560314 0.0495975 0.042985 0.0364097 0.0300456 0.024045 0.0185506 0.0136967 0.00959766 0.00632549 0.00388538
 0.0102401 0.0161877 0.0235313 0.0319401 0.0410049 0.0501768 0.0586866 0.0656495 0.0703588 0.0725266 0.0722851 0.0700103 0.0661502 0.0611379 0.0553586 0.0491332 0.0427145 0.0362998 0.0300523 0.0241213 0.0186545 0.0137976 0.00967893 0.0063824 0.00392086
 0.010886 0.0172152 0.025026 0.0339401 0.043463 0.0529191 0.0613961 0.0679126 0.0717832 0.0728796 0.0715703 0.0684429 0.0640565 0.0588447 0.0531236 0.0471238 0.0410169 0.0349392 0.0290128 0.0233619 0.0181228 0.0134401 0.00944787 0.00623928 0.00383652
 0.0106635 0.0169759 0.0248928 0.0341048 0.0441366 0.0542492 0.0633862 0.0703855 0.0744041 0.0752315 0.0732593 0.0692025 0.0638178 0.0577422 0.0514329 0.0451643 0.0390665 0.0331881 0.0275588 0.0222298 0.01729 0.0128593 0.00906391 0.00599927 0.00369538
 0.0101922 0.0162585 0.0239119 0.0328976 0.0428115 0.0529944 0.0624597 0.0700656 0.0748966 0.076569 0.0752503 0.0714724 0.0659279 0.0593309 0.0523162 0.0453582 0.0387371 0.0325641 0.0268504 0.0215821 0.0167746 0.0124904 0.00882216 0.00585293 0.00361315
 0.0101559 0.0161658 0.0237112 0.0325235 0.042206 0.0521416 0.0614196 0.0689871 0.0739984 0.0760862 0.0753611 0.0722267 0.0672093 0.0608784 0.0538064 0.0465156 0.0394178 0.0327777 0.0267186 0.0212677 0.0164186 0.0121809 0.00859412 0.00570489 0.00352685
 0.0101019 0.0160739 0.0235637 0.0322964 0.0418689 0.051661 0.0607693 0.0681672 0.0730576 0.075137 0.0745735 0.07179 0.0672679 0.0614682 0.054825 0.0477486 0.0406139 0.0337369 0.0273491 0.0215881 0.0165167 0.0121593 0.0085323 0.00564659 0.00348694
 0.00990939 0.015806 0.0232427 0.0319688 0.041588 0.0514612 0.060646 0.0680748 0.0729291 0.0749158 0.0742454 0.0714022 0.0669253 0.0613004 0.0549329 0.0481544 0.0412435 0.0344483 0.0279928 0.0220648 0.0168013 0.0122866 0.00856239 0.0056335 0.00346441
 0.0098279 0.0156604 0.0230023 0.0316041 0.041087 0.0508482 0.0599916 0.0674818 0.0724935 0.074685 0.0742003 0.0714773 0.0670535 0.0614537 0.0551337 0.0484511 0.0416681 0.0349839 0.0285722 0.0226001 0.0172239 0.0125712 0.00872467 0.00571062 0.00349385
 0.00986026 0.0156936 0.0230152 0.0315626 0.0409492 0.0505775 0.0595715 0.0669293 0.0718648 0.0740684 0.0736928 0.0711529 0.0669386 0.0615258 0.0553449 0.0487584 0.0420478 0.0354227 0.029048 0.0230724 0.0176434 0.0129 0.00895023 0.00584556 0.00356411
 0.009954 0.0158343 0.0232038 0.0317889 0.04119 0.0507964 0.0597209 0.0669574 0.0717305 0.0737592 0.0732379 0.0706214 0.0664201 0.0611026 0.0550677 0.0486394 0.0420704 0.0355569 0.0292604 0.0233274 0.0179034 0.0131303 0.00912809 0.00596503 0.00363372
 0.0100124 0.0159259 0.0233351 0.0319625 0.0414033 0.0510387 0.0599705 0.0671812 0.0718867 0.0738059 0.0731451 0.0703827 0.066061 0.0606776 0.0546473 0.0482892 0.0418333 0.0354462 0.0292627 0.023413 0.0180354 0.0132733 0.00925476 0.00606052 0.00369575
 0.0100483 0.0159861 0.0234291 0.0320998 0.0415908 0.0512767 0.0602485 0.0674764 0.0721662 0.0740315 0.0732796 0.0703966 0.0659392 0.0604272 0.0543004 0.0478983 0.0414588 0.0351393 0.0290528 0.0233031 0.0180074 0.0132981 0.00930272 0.00610944 0.00373378
 0.0101466 0.0161284 0.0236112 0.0323076 0.0418057 0.0514834 0.0604406 0.0676547 0.0723329 0.0741829 0.0734021 0.0704681 0.0659356 0.0603302 0.0541058 0.0476218 0.0411345 0.0348124 0.0287668 0.0230872 0.0178703 0.0132295 0.00928169 0.00611373 0.00374652
 0.0100951 0.0160642 0.0235496 0.0322734 0.0418237 0.0515662 0.0605799 0.0678245 0.0725019 0.0743292 0.0735195 0.0705607 0.0660066 0.060374 0.0541092 0.047572 0.0410294 0.0346653 0.0286035 0.0229369 0.0177548 0.0131571 0.00924741 0.00610519 0.00375066
 0.00996771 0.0158783 0.0233103 0.0320016 0.0415537 0.0513387 0.0604341 0.067789 0.0725865 0.0745196 0.0737802 0.0708474 0.06628 0.0606087 0.0542928 0.0476991 0.0410987 0.0346803 0.0285754 0.0228842 0.0176978 0.0131114 0.00921989 0.0060943 0.00375037
 0.00961002 0.0153578 0.022641 0.0312373 0.0407752 0.050632 0.0598715 0.0674218 0.0724442 0.0746094 0.0740844 0.0713233 0.0668665 0.0612384 0.0549051 0.0482499 0.0415621 0.0350467 0.0288478 0.0230749 0.0178248 0.013194 0.00927437 0.00613141 0.003776
 0.00918075 0.0147308 0.0218303 0.0303055 0.0398214 0.0497669 0.0591952 0.0670081 0.0723312 0.0747923 0.0745177 0.0719332 0.0675711 0.0619645 0.0555966 0.0488686 0.0420855 0.0354658 0.029165 0.0233012 0.0179771 0.0132913 0.00933424 0.00616778 0.00379814
 0.00849654 0.0136648 0.0203173 0.0283293 0.037432 0.0470992 0.0564793 0.0645503 0.0704516 0.0737396 0.0744025 0.0727116 0.0690765 0.0639638 0.0578453 0.0511509 0.0442361 0.0373756 0.0307757 0.0245959 0.0189691 0.0140144 0.00983364 0.00649282 0.00399621
#obs surv len freq
 nan nan nan nan nan nan nan nan nan nan nan nan nan nan nan nan nan nan nan nan nan nan nan nan nan
 0.00447495 0.0073321 0.0111585 0.0159731 0.0216744 0.0279526 0.0342707 0.0400061 0.0446894 0.0481563 0.0505166 0.0520144 0.0529083 0.053422 0.0537373 0.053993 0.0542722 0.0545653 0.0547043 0.0542963 0.0527341 0.0493656 0.0438144 0.036293 0.027675
 0.00461199 0.00755373 0.0114898 0.0164358 0.0222826 0.0287045 0.0351406 0.0409416 0.045617 0.0489947 0.0511913 0.0524692 0.0531125 0.0533717 0.0534524 0.0535093 0.0536323 0.0538117 0.0538758 0.0534295 0.0518675 0.0485417 0.043077 0.0356796 0.0272062
 0.0047848 0.00783607 0.0119171 0.0170414 0.0230903 0.029718 0.036332 0.0422476 0.0469472 0.0502475 0.0522698 0.0532916 0.053618 0.0535251 0.0532466 0.0529649 0.0527925 0.0527339 0.0526251 0.0520755 0.0504852 0.0472114 0.0418788 0.0346793 0.0264403
 0.00497238 0.00814566 0.0123917 0.017724 0.0240155 0.0308984 0.0377439 0.0438259 0.0485929 0.0518453 0.0537058 0.0544645 0.0544448 0.0539455 0.0532258 0.052496 0.0518976 0.0514631 0.0510529 0.0502982 0.0486174 0.0453806 0.040211 0.0332779 0.0253634
 0.00519121 0.00850203 0.0129295 0.0184852 0.0250335 0.0321861 0.0392812 0.0455529 0.050416 0.0536516 0.0553783 0.0558929 0.0555324 0.0546126 0.0534139 0.0521712 0.0510544 0.0501286 0.049292 0.0482159 0.0463576 0.0431149 0.0381159 0.0315006 0.0239894
 0.00541447 0.00886945 0.0134906 0.0192892 0.0261189 0.0335667 0.0409304 0.0473996 0.0523557 0.055567 0.0571568 0.0574341 0.0567482 0.0554252 0.0537561 0.0519895 0.050316 0.0488315 0.0474769 0.0459783 0.0438517 0.0405428 0.0356965 0.0294234 0.0223707
 0.00564619 0.00924794 0.0140639 0.0201039 0.0272124 0.034954 0.04259 0.049267 0.0543306 0.0575312 0.0589926 0.0590361 0.0580276 0.0563091 0.0541826 0.0519056 0.0496786 0.0476178 0.0457021 0.0437164 0.0412494 0.0378132 0.033085 0.0271524 0.0205845
 0.00589258 0.00965196 0.0146783 0.0209795 0.0283886 0.0364422 0.0443586 0.0512362 0.0563855 0.0595445 0.0608453 0.0606282 0.0592788 0.0571559 0.0545737 0.0517969 0.049032 0.0464065 0.043928 0.0414352 0.0385925 0.0349898 0.0303509 0.0247499 0.0186786
 0.00613997 0.0100582 0.0152974 0.0218643 0.0295807 0.0379556 0.0461628 0.0532501 0.0584883 0.0615993 0.0627222 0.0622188 0.0605011 0.0579523 0.0549048 0.0516331 0.0483478 0.0451826 0.0421651 0.0391787 0.035959 0.0321753 0.0276054 0.0223195 0.0167373
 0.00638427 0.0104587 0.0159063 0.0227327 0.0307484 0.0394362 0.0479272 0.0552205 0.0605485 0.0636158 0.0645661 0.0637793 0.0616917 0.0587119 0.0551948 0.0514309 0.0476394 0.0439608 0.0404378 0.0369904 0.0334158 0.0294573 0.0249471 0.0199565 0.0148413
 0.00662452 0.0108517 0.0165023 0.0235798 0.0318834 0.0408698 0.0496285 0.0571121 0.0625167 0.0655327 0.0663096 0.0652459 0.0628007 0.0594056 0.0554359 0.0511985 0.0469242 0.0427627 0.0387725 0.0349049 0.0310105 0.0268971 0.0224461 0.0177317 0.0130525
 0.00682692 0.0111865 0.0170167 0.0243214 0.0328905 0.0421563 0.0511686 0.0588353 0.0643176 0.067292 0.0679136 0.066598 0.063826 0.0600502 0.0556648 0.0509915 0.0462724 0.0416679 0.0372524 0.0330067 0.0288277 0.0245791 0.0201845 0.0157199 0.0114334
 0.00705418 0.0115558 0.0175721 0.0251035 0.0339286 0.0434555 0.0526969 0.0605185 0.0660491 0.0689524 0.0693909 0.0678008 0.0646884 0.0605317 0.0557456 0.0506667 0.0455461 0.0405514 0.0357688 0.0312036 0.026792 0.0224446 0.0181199 0.0138938 0.00996907
 0.00729233 0.0119468 0.018167 0.0259503 0.0350604 0.0448728 0.0543516 0.0623105 0.0678441 0.0706108 0.0707939 0.0688638 0.0653619 0.060796 0.0556037 0.0501361 0.0446515 0.0393213 0.0342384 0.0294247 0.0248463 0.0204503 0.0162221 0.0122344 0.00864904
 0.00744676 0.0122044 0.0185672 0.0265345 0.0358646 0.0459146 0.0556159 0.0637424 0.0693532 0.0720861 0.0721213 0.0699425 0.0661158 0.0611799 0.055603 0.0497601 0.0439257 0.0382805 0.0329254 0.0278957 0.0231797 0.0187513 0.0146141 0.0108351 0.00754011
 0.00752901 0.0123378 0.0187681 0.0268203 0.0362532 0.0464231 0.0562559 0.0645147 0.0702428 0.0730581 0.0731199 0.0708943 0.0669386 0.0617947 0.0559466 0.0497936 0.0436369 0.0376813 0.0320489 0.0267948 0.0219291 0.0174468 0.0133637 0.00973939 0.00666833
 0.00758973 0.0124316 0.0189004 0.0269937 0.0364687 0.0466814 0.0565589 0.0648664 0.070649 0.0735245 0.0736476 0.0714713 0.0675334 0.0623549 0.0564053 0.0500823 0.0436999 0.0374871 0.0315959 0.0261131 0.0210784 0.0165109 0.0124383 0.00891337 0.00600384
 0.00767133 0.0125542 0.0190661 0.0271976 0.0367002 0.0469269 0.0568046 0.065101 0.0708667 0.0737285 0.0738502 0.0716897 0.0677806 0.0626294 0.0566839 0.0503212 0.0438426 0.0374797 0.0314028 0.0257291 0.0205333 0.0158655 0.011771 0.00830117 0.00550291
 0.00772268 0.0126377 0.0191911 0.0273713 0.036924 0.0471926 0.0570918 0.0653794 0.0711052 0.0739059 0.0739632 0.0717529 0.0678195 0.0626699 0.056741 0.0503907 0.0438994 0.0374835 0.0313114 0.025515 0.0201966 0.0154373 0.0113057 0.00785945 0.00513301
 0.00779847 0.0127544 0.0193549 0.0275835 0.0371814 0.0474872 0.05741 0.0657005 0.0714024 0.0741499 0.0741289 0.0718271 0.0678057 0.0625875 0.056619 0.050256 0.0437659 0.0373464 0.0311507 0.0253065 0.0199272 0.0151149 0.0109593 0.00752885 0.00485347
 0.00779147 0.012745 0.0193446 0.0275752 0.0371791 0.0474958 0.0574345 0.065746 0.071473 0.0742477 0.0742511 0.0719641 0.0679426 0.0627084 0.0567127 0.0503194 0.0438012 0.0373553 0.0311286 0.0252436 0.0198146 0.014954 0.0107662 0.00732991 0.00467583
 0.0078334 0.0127989 0.0193994 0.0276128 0.0371803 0.0474493 0.0573442 0.0656314 0.0713622 0.0741679 0.0742207 0.0719897 0.068019 0.0628215 0.0568435 0.0504483 0.0439128 0.037439 0.0311777 0.0252526 0.0197805 0.014879 0.0106606 0.00721142 0.00456395
 0.00786702 0.0128546 0.0194842 0.0277309 0.0373289 0.047614 0.0574974 0.0657385 0.0713951 0.0741183 0.0741059 0.0718448 0.0678823 0.0627206 0.0567886 0.0504342 0.0439245 0.037459 0.0311903 0.0252467 0.0197499 0.0148234 0.010586 0.00712891 0.00448601
 0.00788366 0.012877 0.0195097 0.0277553 0.0373485 0.0476286 0.057511 0.0657561 0.0714172 0.0741376 0.0741097 0.0718233 0.0678365 0.0626638 0.0567404 0.0504102 0.0439298 0.0374871 0.0312275 0.0252779 0.0197639 0.0148155 0.0105582 0.00708865 0.00444289
 0.00789157 0.0128881 0.0195228 0.0277679 0.0373566 0.0476276 0.0574975 0.0657294 0.0713808 0.0740988 0.0740766 0.071801 0.0678244 0.0626583 0.0567389 0.0504144 0.0439441 0.0375141 0.0312646 0.0253173 0.0197957 0.0148325 0.0105585 0.00707561 0.004423
 0.00788232 0.0128713 0.0194946 0.0277237 0.037293 0.047544 0.0573978 0.0656224 0.0712781 0.0740122 0.074016 0.0717731 0.0678316 0.0626982 0.0568047 0.050497 0.0440352 0.0376075 0.0313557 0.0254011 0.0198666 0.0148855 0.0105917 0.00709099 0.00442563
 0.00789186 0.0128827 0.019504 0.0277248 0.0372781 0.047507 0.0573359 0.0655379 0.0711781 0.0739075 0.0739192 0.0716962 0.0677842 0.0626852 0.0568259 0.0505477 0.0441073 0.0376917 0.0314431 0.0254842 0.0199392 0.0149432 0.0106323 0.00711536 0.00443722
 0.00788573 0.0128735 0.0194913 0.0277081 0.0372565 0.0474781 0.0572965 0.0654845 0.0711093 0.0738261 0.0738328 0.0716157 0.0677215 0.0626501 0.0568239 0.050579 0.044167 0.0377716 0.0315332 0.0255744 0.0200212 0.0150109 0.0106829 0.00714913 0.00445689
 0.0078535 0.0128207 0.0194114 0.0275958 0.0371098 0.0473014 0.0571021 0.0652919 0.0709402 0.073698 0.0737549 0.0715894 0.067743 0.0627135 0.0569232 0.0507078 0.0443179 0.0379354 0.0316992 0.0257318 0.0201604 0.0151253 0.0107696 0.00720913 0.00449454
 0.00784045 0.0127967 0.0193703 0.0275299 0.0370121 0.047168 0.0569357 0.0651031 0.0707466 0.0735209 0.0736147 0.0715013 0.0677142 0.0627431 0.0570036 0.0508282 0.0444665 0.0381006 0.0318694 0.0258959 0.0203083 0.0152492 0.0108655 0.00727728 0.00453859
 0.0078099 0.0127455 0.0192903 0.027413 0.0368519 0.0469633 0.0566937 0.0648398 0.0704851 0.0732869 0.0734321 0.0713885 0.0676819 0.0627928 0.0571278 0.051012 0.0446909 0.0383456 0.0321164 0.0261289 0.0205146 0.0154203 0.0109975 0.00737132 0.00459995
 0.00777649 0.0126899 0.0192046 0.0272889 0.0366832 0.0467484 0.0564385 0.0645596 0.0702022 0.0730267 0.0732194 0.0712438 0.067619 0.0628177 0.0572376 0.0511955 0.0449303 0.0386186 0.0324 0.0264016 0.0207589 0.0156243 0.0111558 0.00748471 0.0046745
 0.00776262 0.0126646 0.019161 0.0272191 0.036579 0.0466047 0.0562557 0.0643449 0.0699693 0.0727936 0.0730059 0.0710696 0.0675016 0.06277 0.0572663 0.0512994 0.0451001 0.0388378 0.0326472 0.0266536 0.0209946 0.0158274 0.011317 0.00760225 0.00475285
 0.0077385 0.0126258 0.0191035 0.0271391 0.0364734 0.0464718 0.0560967 0.0641645 0.0697762 0.0725998 0.0728254 0.0709172 0.0673916 0.062714 0.0572726 0.0513712 0.0452341 0.0390241 0.0328692 0.0268905 0.0212245 0.0160315 0.011483 0.00772554 0.00483626
 0.00932325 0.0148446 0.0217826 0.029896 0.0388292 0.0480281 0.0566761 0.0638362 0.0687731 0.0711984 0.0712584 0.0693428 0.0659032 0.0613627 0.0560852 0.0503607 0.0444043 0.0383705 0.0323792 0.0265441 0.0209958 0.0158922 0.0114058 0.00768745 0.00482002
 0.0093086 0.0151141 0.022705 0.0319286 0.0423185 0.0529413 0.0624307 0.0693947 0.0730115 0.073349 0.0711622 0.067391 0.0627644 0.0576963 0.0523782 0.0469028 0.0413368 0.0357475 0.0302088 0.0248096 0.0196636 0.0149153 0.010727 0.00724419 0.00455024
 0.00895571 0.0145616 0.0219346 0.0309941 0.0413981 0.0523721 0.062667 0.0708466 0.0757995 0.0771223 0.0751424 0.0706667 0.0646699 0.0580409 0.0514161 0.0451206 0.039224 0.033663 0.0283582 0.02328 0.0184703 0.014034 0.0101129 0.00684307 0.00430644
 0.00879896 0.0142898 0.0214952 0.0303318 0.0404761 0.0512096 0.0613842 0.0696917 0.0751245 0.0772835 0.0763425 0.0728092 0.0673297 0.0606031 0.0533235 0.0460843 0.0392802 0.0330738 0.0274507 0.0223233 0.0176279 0.0133743 0.00964155 0.00653268 0.00411793
 0.0087271 0.0141693 0.0213057 0.0300485 0.0400705 0.0506549 0.0606672 0.0688324 0.0742004 0.0764477 0.075814 0.0728157 0.0680074 0.0619004 0.0549778 0.0477092 0.0405236 0.0337534 0.0275898 0.0220865 0.0172169 0.0129489 0.00929015 0.00628272 0.00396
 0.00869828 0.0141205 0.0212281 0.0299314 0.0399023 0.0504237 0.0603625 0.0684471 0.073735 0.07592 0.0752741 0.0723594 0.0677667 0.0620026 0.0554795 0.0485432 0.0415034 0.0346455 0.0282135 0.0223797 0.0172331 0.012802 0.00909156 0.0061049 0.00383194
 0.00870227 0.014125 0.0212308 0.0299284 0.0398871 0.0503881 0.0602966 0.0683396 0.0735748 0.0756988 0.0749924 0.0720346 0.0674432 0.0617532 0.0553887 0.048672 0.0418498 0.0351301 0.0287078 0.0227635 0.0174452 0.0128529 0.00903837 0.00601211 0.00374463
 0.00868137 0.0140965 0.021198 0.0298971 0.0398639 0.0503764 0.0602942 0.068338 0.0735608 0.0756582 0.074913 0.0719104 0.067279 0.0615705 0.0552277 0.0485838 0.0418769 0.035282 0.0289488 0.0230252 0.0176587 0.0129792 0.009079 0.00599582 0.00370561
 0.00868387 0.0140959 0.0211888 0.0298724 0.0398184 0.0503107 0.0602167 0.0682632 0.0735031 0.0756242 0.074898 0.0719005 0.0672583 0.061529 0.0551689 0.0485264 0.0418496 0.0353106 0.0290406 0.0231622 0.0178045 0.0130977 0.00915057 0.00602257 0.00370323
 0.00865796 0.0140578 0.0211388 0.0298127 0.0397519 0.0502388 0.0601394 0.0681811 0.0734199 0.0755487 0.0748419 0.0718731 0.0672608 0.061554 0.0552046 0.0485643 0.0418901 0.0353625 0.0291138 0.0232581 0.0179121 0.0131981 0.00922729 0.00606897 0.00372353
 0.00865308 0.0140484 0.021122 0.0297856 0.0397124 0.0501876 0.0600808 0.0681213 0.0733652 0.0755026 0.0748053 0.0718457 0.067244 0.0615496 0.0552133 0.0485845 0.0419193 0.0353998 0.0291607 0.0233158 0.0179779 0.0132643 0.00928406 0.00610958 0.00374703
 0.00862914 0.0140126 0.0210741 0.0297271 0.0396459 0.0501163 0.0600074 0.0680492 0.0732988 0.0754475 0.074767 0.0718282 0.0672479 0.0615729 0.0552524 0.0486354 0.0419784 0.035464 0.0292278 0.0233843 0.0180455 0.0133272 0.00933759 0.00615 0.00377346
 0.00863228 0.0140151 0.021073 0.0297184 0.0396259 0.0500835 0.0599638 0.0679999 0.0732499 0.0754037 0.0747309 0.0718004 0.067229 0.0615641 0.0552546 0.0486489 0.0420023 0.0354967 0.0292672 0.023428 0.0180907 0.0133708 0.00937595 0.00618037 0.00379468
 0.0086281 0.0140085 0.0210634 0.0297049 0.0396075 0.0500586 0.0599308 0.0679583 0.0732013 0.0753525 0.0746833 0.0717631 0.0672064 0.0615575 0.0552632 0.0486704 0.042034 0.035536 0.0293114 0.0234745 0.0181367 0.0134133 0.00941244 0.00620903 0.00381499
 0.00861552 0.0139894 0.021037 0.0296716 0.0395687 0.0500161 0.0598872 0.0679162 0.0731628 0.0753193 0.0746565 0.0717437 0.0671962 0.0615585 0.0552764 0.0486957 0.0420697 0.0355792 0.029359 0.0235232 0.0181835 0.0134555 0.00944795 0.00623657 0.00383447
 0.00861552 0.0139894 0.021037 0.0296716 0.0395687 0.0500161 0.0598872 0.0679162 0.0731628 0.0753193 0.0746565 0.0717437 0.0671962 0.0615585 0.0552764 0.0486957 0.0420697 0.0355792 0.029359 0.0235232 0.0181835 0.0134555 0.00944795 0.00623657 0.00383447
 0.00863076 0.0140131 0.0210707 0.0297157 0.0396218 0.0500754 0.0599472 0.0679697 0.0732021 0.0753376 0.0746502 0.071713 0.067145 0.0614937 0.0552067 0.0486294 0.0420135 0.0355371 0.0293319 0.0235098 0.0181809 0.0134602 0.0094564 0.00624578 0.00384244
 0.00844854 0.0137272 0.0206609 0.0291738 0.0389571 0.0493211 0.059165 0.0672447 0.0726262 0.0749851 0.0745583 0.071876 0.0675218 0.0620222 0.0558199 0.049267 0.042629 0.0360991 0.0298223 0.0239204 0.0185105 0.0137126 0.00963946 0.00637047 0.00392146
#pred catch len freq
 0.00457838 0.0072329 0.0105276 0.0143729 0.0187125 0.0235062 0.028657 0.0339722 0.039199 0.0440883 0.0484382 0.0521113 0.0550431 0.057236 0.0587331 0.0595863 0.0598352 0.0594914 0.0585068 0.0567198 0.0538236 0.0494383 0.0433284 0.0356735 0.0271878
 0.00486762 0.00760374 0.0109061 0.0146393 0.0187474 0.0232558 0.0281763 0.0334107 0.0387289 0.0438191 0.0483685 0.0521455 0.055055 0.0571402 0.0585295 0.0593596 0.0597123 0.0595759 0.0588202 0.057182 0.0542853 0.0497523 0.043417 0.0355544 0.0269473
 0.00521438 0.00814367 0.0116674 0.0156143 0.0198744 0.024406 0.0291626 0.0340348 0.0388622 0.0434709 0.0476886 0.051346 0.0543036 0.0564977 0.057967 0.0588281 0.0592047 0.059137 0.0585067 0.057008 0.0542003 0.0496664 0.0432557 0.0353 0.0266395
 0.00552635 0.00863669 0.0123847 0.0165904 0.0211318 0.0259443 0.0309353 0.0359222 0.040661 0.0449245 0.0485607 0.0515106 0.0537959 0.0554888 0.0566765 0.0574365 0.057819 0.0578111 0.0572743 0.0558941 0.0532112 0.0487862 0.0424622 0.034588 0.0260277
 0.0058774 0.00917833 0.0131479 0.0175908 0.0223758 0.0274358 0.0326732 0.0378852 0.0427834 0.0470731 0.0505276 0.0530394 0.0546467 0.0555197 0.0558966 0.0559962 0.0559435 0.0557224 0.0551439 0.0538362 0.0512975 0.047063 0.0409627 0.0333384 0.0250453
 0.00624379 0.00974623 0.0139519 0.0186476 0.0236867 0.02899 0.0344472 0.0398401 0.044863 0.0492014 0.0526008 0.054913 0.0561322 0.056408 0.056012 0.0552596 0.0544086 0.053561 0.0525917 0.0511308 0.0486404 0.0446087 0.0388231 0.0315852 0.0237069
 0.00655617 0.0102396 0.0146685 0.0196199 0.0249358 0.0305215 0.0362432 0.041852 0.047012 0.0513875 0.0547132 0.0568356 0.0577411 0.0575652 0.0565682 0.0550781 0.0534092 0.0517639 0.0501329 0.048239 0.0455876 0.0416586 0.0361919 0.029417 0.0220625
 0.0068967 0.0107657 0.015411 0.0205945 0.026148 0.031972 0.0379259 0.0437445 0.0490645 0.0535174 0.0568091 0.0587697 0.0593834 0.0587927 0.0572654 0.0551353 0.0527337 0.0503096 0.0479388 0.0454535 0.0424584 0.0384876 0.0332701 0.0269639 0.0201884
 0.00728755 0.0113652 0.0162473 0.0216728 0.0274558 0.0334858 0.0396146 0.0455668 0.050967 0.055435 0.0586659 0.0604789 0.0608482 0.05991 0.057931 0.0552488 0.0522056 0.049077 0.0459954 0.0428838 0.0394554 0.0353333 0.0302764 0.0243948 0.0181976
 0.00759424 0.0118495 0.0169499 0.0226233 0.028669 0.0349565 0.0413095 0.0474207 0.0528892 0.057324 0.0604255 0.0620266 0.0621159 0.0608377 0.0584588 0.0553107 0.0517303 0.0480008 0.0442893 0.0405894 0.036714 0.0323846 0.0274139 0.0218899 0.0162267
 0.00794141 0.0123828 0.0176964 0.023592 0.0298564 0.0363531 0.0428984 0.049168 0.0547335 0.0591731 0.0621651 0.0635393 0.0633018 0.0616281 0.0588139 0.0552062 0.0511417 0.0468994 0.0426575 0.0384534 0.0341785 0.0296451 0.0247281 0.0195121 0.0143345
 0.00842916 0.0131225 0.018711 0.0248699 0.0313586 0.0380269 0.0446843 0.0510006 0.0565402 0.0608761 0.0636846 0.0647961 0.0642217 0.0621491 0.0588942 0.0548263 0.0502981 0.0455968 0.0409091 0.0362984 0.0317099 0.0270268 0.0221795 0.0172566 0.0125336
 0.0088989 0.0138494 0.0197366 0.0262076 0.032993 0.0399122 0.0467415 0.0531167 0.0585803 0.0627057 0.0651922 0.0659051 0.0648906 0.0623631 0.0586562 0.0541488 0.0491989 0.0440978 0.0390408 0.0341128 0.0292987 0.0245343 0.0197918 0.015161 0.0108658
 0.00928274 0.014448 0.0205909 0.0273418 0.0344139 0.0416078 0.0486721 0.0552046 0.0607056 0.0647164 0.066926 0.0672186 0.065685 0.0625979 0.0583448 0.0533403 0.0479563 0.0424836 0.0371155 0.0319452 0.026983 0.0222003 0.017597 0.013259 0.00936373
 0.00956845 0.0148953 0.0212334 0.028202 0.0355037 0.0429272 0.0502033 0.0569038 0.0624986 0.0664994 0.0685728 0.0685937 0.0666628 0.0630846 0.0582953 0.0527626 0.0469019 0.0410296 0.0353499 0.0299623 0.0248892 0.0201202 0.0156672 0.0116048 0.0080679
 0.00982843 0.0153011 0.0218132 0.0289729 0.0364716 0.044086 0.0515313 0.0583582 0.0640144 0.0679937 0.0699517 0.0697599 0.0675237 0.0635613 0.0583332 0.0523401 0.0460355 0.0397717 0.0337808 0.0281826 0.0230139 0.0182739 0.0139743 0.0101707 0.00695578
 0.0100029 0.0155705 0.0221934 0.0294723 0.0370944 0.0448352 0.0524073 0.0593527 0.0651021 0.0691271 0.0710621 0.0707649 0.0683385 0.0641102 0.0585571 0.0522026 0.0455264 0.0389108 0.0326195 0.0268014 0.0215169 0.0167786 0.0125962 0.00900362 0.00605347
 0.00997067 0.0155279 0.0221481 0.0294394 0.0370951 0.0448944 0.0525506 0.0596048 0.065484 0.0696511 0.0717235 0.0715342 0.0691577 0.0648979 0.059221 0.0526558 0.0457028 0.0387765 0.032179 0.026099 0.0206315 0.0158125 0.0116566 0.00818121 0.00540487
 0.00989085 0.0154101 0.0219934 0.0292581 0.0369058 0.0447212 0.0524213 0.0595488 0.0655293 0.0698202 0.0720292 0.0719748 0.0697137 0.0655289 0.0598657 0.0532376 0.0461423 0.0390075 0.0321644 0.0258409 0.0201732 0.0152295 0.011039 0.00761235 0.00494182
 0.00980448 0.0152814 0.0218215 0.0290499 0.0366742 0.0444821 0.0521922 0.0593493 0.0653826 0.0697522 0.0720654 0.0721346 0.0700041 0.0659392 0.0603643 0.0537727 0.0466471 0.0394115 0.0324086 0.0258939 0.0200408 0.0149541 0.0106871 0.00725432 0.00463252
 0.00995357 0.0154885 0.0220682 0.0292974 0.0368748 0.0445974 0.0522068 0.0592732 0.0652426 0.0695799 0.0718901 0.0719821 0.0698978 0.0658989 0.060401 0.0538819 0.0468047 0.0395755 0.0325293 0.0259288 0.0199692 0.0147849 0.0104554 0.00700687 0.00441122
 0.0101608 0.0157868 0.0224445 0.0297123 0.0372702 0.0449112 0.0523879 0.059292 0.0650973 0.0692984 0.0715243 0.0715957 0.0695495 0.0656304 0.0602331 0.0538156 0.0468243 0.0396511 0.0326209 0.0259951 0.0199795 0.0147288 0.0103447 0.00686907 0.00427654
 0.0100803 0.0156865 0.022349 0.0296602 0.0372994 0.0450379 0.0525912 0.0595158 0.0652711 0.0693661 0.0714656 0.0714308 0.0693286 0.065414 0.0600727 0.0537412 0.0468402 0.0397396 0.0327494 0.0261252 0.0200779 0.0147759 0.0103393 0.00682562 0.00421647
 0.0098979 0.0154212 0.0220091 0.029278 0.0369269 0.044737 0.0524202 0.0595142 0.0654443 0.0696761 0.0718374 0.0717778 0.0695848 0.0655565 0.0601226 0.0537449 0.0468451 0.039775 0.0328202 0.0262167 0.0201661 0.0148397 0.010369 0.00682407 0.00419532
 0.00990958 0.0154192 0.0219686 0.0291654 0.0367129 0.0444144 0.0520187 0.059101 0.0651057 0.0694886 0.0718403 0.0719586 0.0698853 0.0658964 0.0604301 0.0539809 0.0470078 0.0398875 0.0329097 0.0262995 0.0202434 0.0149037 0.0104118 0.00684389 0.00419707
 0.00989028 0.0153942 0.0219409 0.0291377 0.0366812 0.0443621 0.0519171 0.0589207 0.0648373 0.06916 0.0715168 0.0717203 0.0697937 0.0659674 0.0606312 0.05425 0.0472828 0.0401278 0.0331021 0.0264482 0.0203579 0.0149902 0.0104728 0.00688152 0.00421568
 0.00991322 0.0154181 0.0219529 0.0291191 0.0366143 0.0442393 0.0517454 0.058718 0.0646218 0.0689416 0.0712997 0.0715155 0.0696276 0.0658784 0.0606505 0.054383 0.0475036 0.0403912 0.0333629 0.0266762 0.02054 0.0151261 0.0105676 0.00694273 0.00425124
 0.0100152 0.015563 0.0221314 0.0293073 0.0367776 0.0443408 0.0517554 0.0586217 0.064424 0.0686667 0.0709854 0.071202 0.0693488 0.0656591 0.0605088 0.0543308 0.0475422 0.0405065 0.0335267 0.0268548 0.020705 0.0152606 0.0106665 0.00700863 0.00429105
 0.0100771 0.0156673 0.022294 0.029542 0.0370891 0.0447151 0.0521535 0.0589823 0.0646786 0.0687616 0.0708993 0.0709517 0.0689816 0.0652366 0.0600915 0.0539667 0.0472616 0.0403209 0.0334302 0.0268278 0.0207217 0.0152964 0.0107038 0.0070384 0.00431088
