SBPRF35
7.78865
Curr Bio
512600
B35
659402
F35
0.223919
FOFL
0.177175
OFL
71899.3
Bzero
2.22533e+006
#pred survey bio
 4.62266e+006 4.33556e+006 4.06961e+006 3.76641e+006 3.44166e+006 3.09871e+006 2.77904e+006 2.45588e+006 2.15151e+006 1.89684e+006 1.65885e+006 1.50443e+006 1.33092e+006 1.18283e+006 1.03633e+006 920706 826817 763737 716753 679316 649719 621980 591026 584041 583093 584191 575995 571558 569463 574642 572122 566461 567993 563950 555993 547100 538111 532581 538822 547938 546186 560192 561268 557007 567334 570612 575661 579767 590632 586741 591001 566046 537760 505474 496009 485573 495709 474140 473101 472106 474337 497169 494951 500260 518798 534417 549043 529183 514859 1.85745e+007 1.16483e+007 1.22724e+007 1.31027e+007 1.39918e+007 1.48129e+007 1.55062e+007 1.60581e+007 1.64808e+007 1.6796e+007 1.70272e+007 1.71952e+007 1.73168e+007 1.74047e+007 1.74685e+007 1.75149e+007 1.75489e+007 1.7574e+007 1.75926e+007 1.76065e+007 1.76169e+007 1.76248e+007 1.76308e+007 1.76353e+007 1.76387e+007 1.76414e+007 1.76434e+007 1.76449e+007 1.76461e+007 1.7647e+007 1.76477e+007 1.76483e+007 1.76487e+007 1.7649e+007 1.76493e+007 1.76495e+007 1.76496e+007 1.76498e+007 1.76498e+007 1.76499e+007 1.765e+007 1.765e+007 1.765e+007 1.76501e+007 1.76501e+007 1.76501e+007 1.76501e+007 1.76501e+007 1.76501e+007 1.76501e+007 1.76501e+007 1.76501e+007 1.76501e+007 1.76501e+007 1.76501e+007 1.76501e+007 1.76501e+007 1.76501e+007 1.76501e+007 1.76501e+007 1.76501e+007 1.76501e+007 1.76502e+007 1.76502e+007 1.76502e+007 1.76502e+007 1.76502e+007 1.76502e+007 1.76502e+007 1.76502e+007 1.76502e+007 1.76502e+007 1.76502e+007 1.76502e+007 1.76502e+007 1.76502e+007 1.76502e+007 1.76502e+007 1.76502e+007 1.76502e+007 1.76502e+007 1.76502e+007 1.76502e+007 1.76502e+007 1.76502e+007 1.76502e+007 1.76502e+007 1.76502e+007 1.76502e+007 1.76502e+007 1.76502e+007 1.76502e+007 1.76502e+007 1.76502e+007 1.76502e+007 1.76502e+007 1.76502e+007 1.76502e+007 1.76502e+007 1.76502e+007 0 0 0 0 0 0 0 0 0 0 0 0 0 0 0 0 0 0 0 0 0 0 0 0 0
#obs survey bio
 3.73868e+006 3.89347e+006 4.0605e+006 3.81248e+006 2.53884e+006 2.68338e+006 2.7593e+006 2.45567e+006 1.60569e+006 1.40701e+006 1.36954e+006 1.42586e+006 1.179e+006 822203 973185 682982 864627 586148 689418 500474 681763 567037 764256 568328 519033 401157 458035 685907 444276 460305 459141 619882 518470 580283 706371 563694 640177 584191 651590 541893 465574 597566 763447 591410 421188 622014 584297 715362 528704 609393 608441 758127 546445 510035 509514 630784 516578 670861 534561 574115 634107 540939 501680 490778 578922 515994 686184 466264 401629
#pred catch bio
 97929.5 95432.3 154354 203696 253567 266457 302202 315024 296270 302508 244059 271084 253870 253593 225393 204212 175303 159377 148368 138184 132757 131429 108608 102977 101564 109373 105084 101782 95247.5 101376 102342 93765.4 95320.1 94320.8 90694.9 89254.3 89176 83534 83755.6 93406.5 80423.5 91753 96070.8 84468.7 91485.3 90407.2 91712.9 86853.6 99483.2 92014 115399 116445 118346 98027.6 98005.8 80538 106752 88722.5 88779.2 85881.5 69227.6 90796.9 85062 75937.9 80077.3 81953.6 111946 109649 88867.3 71899.3 92589.2 96599.3 102154 108570 114560 119523 123347 126150 128131 129493 130410 131017 131414 131671 131835 131940 132007 132049 132075 132092 132102 132108 132113 132115 132117 132118 132118 132119 132119 132119 132119 132119 132119 132119 132119 132119 132119 132119 132119 132119 132119 132119 132119 132119 132119 132119 132119 132119 132119 132119 132119 132119 132119 132119 132119 132119 132119 132119 132119 132119 132119 132119 132119 132119 132119 132119 132119 132119 132119 132119 132119 132119 132119 132119 132119 132119 132119 132119 132119 132119 132119 132119 132119 132119 132119 132119 132119 132119 132119 132119 132119 132119 132119 132119 132119 132119 132119 132119 132119 0 0 0 0 0 0 0 0 0 0 0 0 0 0 0 0 0 0 0 0 0 0 0 0 0
#obs catch bio
 0 95133.2 154958 204685 256144 268747 306837 320257 301741 311257 249611 278892 260231 260574 229711 208484 177460 162037 150880 140370 134346 133282 109296 103903 102380 111088 106827 102586 96084.7 102665 104148 94691.4 96339 95003.2 90800.1 89236.9 89233.2 83468.3 83384.2 93001.1 79804.4 91290.9 95444.9 83935.1 91481 90172 91307.3 86479.2 99365.9 91540.3 114775 115429 117725 97133.4 97435 79539.7 106202 87934.5 88188.5 85641.9 68614.8 90339.1 84743.7 75662.6 79932.7 81225.5 110754 109024 88709.8
#pred cpue bio
 4.54524e+006 4.26181e+006 3.998e+006 3.69578e+006 3.37281e+006 3.03177e+006 2.71375e+006 2.39265e+006 2.09042e+006 1.83736e+006 1.60136e+006 1.44829e+006 1.27744e+006 1.13205e+006 988759 875864 784412 723038 677504 641617 613541 587271 557754 551184 550249 551135 543138 539195 537541 542601 540262 535290 537589 534595 527969 520190 510906 503758 508674 517635 516340 530034 531105 526872 536641 539718 544658 548575 559024 555339 559696 535571 507824 476224 467058 457231 467174 446232 445077 444170 446507 468828 466698 471428 489071 504329 518591 498608 483085 1.7406e+007 1.09312e+007 1.14868e+007 1.22339e+007 1.30944e+007 1.39092e+007 1.46014e+007 1.51532e+007 1.55757e+007 1.58909e+007 1.61222e+007 1.62902e+007 1.64117e+007 1.64997e+007 1.65634e+007 1.66099e+007 1.66439e+007 1.6669e+007 1.66876e+007 1.67015e+007 1.67119e+007 1.67198e+007 1.67257e+007 1.67303e+007 1.67337e+007 1.67364e+007 1.67384e+007 1.67399e+007 1.67411e+007 1.6742e+007 1.67427e+007 1.67433e+007 1.67437e+007 1.6744e+007 1.67443e+007 1.67445e+007 1.67446e+007 1.67447e+007 1.67448e+007 1.67449e+007 1.67449e+007 1.6745e+007 1.6745e+007 1.6745e+007 1.67451e+007 1.67451e+007 1.67451e+007 1.67451e+007 1.67451e+007 1.67451e+007 1.67451e+007 1.67451e+007 1.67451e+007 1.67451e+007 1.67451e+007 1.67451e+007 1.67451e+007 1.67451e+007 1.67451e+007 1.67451e+007 1.67451e+007 1.67451e+007 1.67451e+007 1.67451e+007 1.67451e+007 1.67451e+007 1.67451e+007 1.67451e+007 1.67451e+007 1.67451e+007 1.67451e+007 1.67451e+007 1.67451e+007 1.67451e+007 1.67451e+007 1.67451e+007 1.67451e+007 1.67451e+007 1.67451e+007 1.67451e+007 1.67451e+007 1.67451e+007 1.67451e+007 1.67451e+007 1.67451e+007 1.67451e+007 1.67451e+007 1.67451e+007 1.67451e+007 1.67451e+007 1.67451e+007 1.67451e+007 1.67451e+007 1.67451e+007 1.67451e+007 1.67451e+007 1.67451e+007 1.67451e+007 1.67451e+007 1.67451e+007 0 0 0 0 0 0 0 0 0 0 0 0 0 0 0 0 0 0 0 0 0 0 0 0 0
#obs cpue bio
 2.9898e+006 3.74836e+006 2.5264e+006 2.68191e+006 2.47235e+006 3.67425e+006 1.58718e+006 2.22719e+006 1.74768e+006 1.19097e+006 1.26169e+006 1.35822e+006 1.2267e+006 1.26151e+006 1.14411e+006 825209 855585 570082 538780 699807 601105 525687 467953 416114 551790 463284 465895 690311 483155 495940 399805 588013 519038 600539 605247 558707 429391 481375 577868 665688 673164 516408 499046 452284 529736 590526 695639 406996 631141 577793 734628 489284 488600 602696 487861 497721 423132 364430 419752 332439 431155 500949 399982 459137 443700 832998 609317 436228 425860
#pred surv len freq
 0.00453191 0.00737752 0.0111441 0.0158365 0.0213709 0.0274975 0.0337661 0.0396287 0.044636 0.04858 0.0514894 0.0535311 0.0549112 0.0558141 0.0563658 0.0566164 0.0565454 0.0560774 0.0550811 0.0533408 0.050538 0.0463193 0.0404889 0.0332436 0.0252681
 0.00490787 0.00789282 0.0117468 0.0164305 0.0218577 0.0278336 0.0339961 0.0398615 0.0449724 0.0490347 0.0519622 0.0538474 0.0549069 0.0554159 0.0556287 0.0557046 0.0556696 0.0554142 0.0547077 0.0532129 0.050524 0.0462733 0.040322 0.0329547 0.0249218
 0.00504864 0.0081725 0.0122543 0.0172608 0.0230659 0.0293784 0.0357108 0.041492 0.0462774 0.0498865 0.0523765 0.0539208 0.0547203 0.0549815 0.0549144 0.0547043 0.0544544 0.0541255 0.0534974 0.0521763 0.0496695 0.0455463 0.039661 0.0323365 0.024368
 0.00522981 0.0084527 0.0126548 0.0178062 0.0237958 0.030353 0.0369946 0.0431091 0.0481569 0.0518388 0.0541332 0.0552277 0.0554256 0.0550615 0.0544333 0.0537561 0.0531373 0.0525507 0.0517979 0.0504885 0.0480995 0.0441504 0.0384567 0.031328 0.0235618
 0.00546432 0.0088278 0.0132072 0.0185642 0.0247741 0.0315462 0.0383757 0.0446364 0.049786 0.0535242 0.0558077 0.0567745 0.0566741 0.0558269 0.0545789 0.0532374 0.0520051 0.0509246 0.049836 0.048364 0.0459795 0.0421759 0.0367295 0.0299084 0.0224715
 0.00574055 0.00927113 0.013864 0.0194746 0.0259649 0.0330204 0.0400993 0.0465329 0.0517463 0.0554299 0.0575545 0.0582798 0.0578663 0.0566248 0.0548833 0.0529507 0.0510696 0.0493575 0.0477405 0.0459141 0.0433884 0.0396602 0.0344746 0.028042 0.0210498
 0.00597725 0.00965956 0.0144557 0.0203209 0.0271084 0.0344803 0.0418551 0.0485161 0.0538469 0.0575144 0.0594866 0.0599389 0.0591571 0.0574772 0.0552419 0.0527621 0.050284 0.0479501 0.0457455 0.0434486 0.0406501 0.036895 0.0319256 0.025897 0.0194058
 0.00629314 0.0101597 0.0151847 0.0213141 0.0283898 0.0360571 0.0437073 0.0505873 0.0560423 0.0597088 0.0615394 0.0617111 0.0605283 0.0583569 0.0555715 0.0525071 0.0494235 0.0464777 0.0436868 0.0408907 0.0377619 0.0339174 0.0291261 0.0235041 0.0175533
 0.00665933 0.0107437 0.016042 0.0224886 0.0299051 0.0379047 0.0458341 0.0528927 0.0583922 0.0619605 0.0635623 0.0633951 0.0617836 0.0591121 0.0557739 0.0521224 0.0484353 0.044888 0.0415266 0.0382411 0.0347764 0.0308236 0.026191 0.0209706 0.015575
 0.00692627 0.0111851 0.0167205 0.0234673 0.0312354 0.0396064 0.047874 0.055176 0.0607744 0.0642745 0.0656478 0.0651195 0.0630507 0.0598614 0.0559717 0.0517522 0.0474906 0.0433743 0.039473 0.0357214 0.0319299 0.0278593 0.0233603 0.018509 0.013639
 0.00720561 0.011636 0.017394 0.0244118 0.0324914 0.041195 0.0497819 0.0573424 0.0630883 0.0665853 0.0677853 0.0669191 0.0643779 0.0606281 0.0561391 0.0513197 0.0464799 0.0418187 0.0374201 0.03325 0.0291711 0.0250046 0.0206401 0.016142 0.0117729
 0.00729021 0.0117843 0.0176383 0.0247916 0.0330484 0.0419645 0.0507822 0.0585683 0.06451 0.0681489 0.0694124 0.0685064 0.0658026 0.061762 0.056868 0.0515606 0.0461889 0.0409907 0.0360865 0.0314822 0.0270889 0.0227784 0.0184727 0.014227 0.0102459
 0.00747594 0.0120869 0.0180951 0.0254384 0.0339137 0.0430591 0.0520881 0.0600326 0.0660506 0.0696692 0.0708179 0.0697161 0.0667527 0.0624026 0.0571572 0.0514615 0.0456725 0.0400444 0.0347258 0.0297621 0.0251125 0.0206962 0.016464 0.0124622 0.00884277
 0.00761533 0.0123194 0.0184563 0.025966 0.0346406 0.0440023 0.053236 0.061339 0.0674385 0.071044 0.0720819 0.0707826 0.0675551 0.0628984 0.0573252 0.0512935 0.0451655 0.0391992 0.0335546 0.0283032 0.0234446 0.0189406 0.0147695 0.010972 0.00765666
 0.00786976 0.0127194 0.0190332 0.0267408 0.0356221 0.0451826 0.0545837 0.0627934 0.0689111 0.0724289 0.0732722 0.0716863 0.0681092 0.0630755 0.0571315 0.0507587 0.0443292 0.0381005 0.0322313 0.0268006 0.0218289 0.0173067 0.0132325 0.00964236 0.00660958
 0.00806072 0.0130289 0.0194969 0.0273898 0.0364754 0.0462365 0.0558013 0.0641034 0.0702197 0.0736385 0.0742975 0.0724611 0.0685869 0.0632294 0.0569561 0.0502695 0.0435591 0.0370931 0.0310356 0.025471 0.0204305 0.0159197 0.0119473 0.00854243 0.00574971
 0.0083183 0.0134213 0.0200392 0.0280804 0.0373003 0.0471745 0.0568252 0.0651751 0.0712861 0.0746322 0.0751447 0.0730944 0.0689565 0.0633099 0.0567457 0.0497855 0.0428324 0.0361639 0.0299514 0.0242864 0.0192083 0.0147306 0.0108646 0.00762926 0.00504385
 0.00840999 0.0135796 0.0202932 0.0284601 0.0378263 0.0478445 0.0576044 0.0660008 0.072086 0.0753471 0.0757396 0.0735534 0.0692691 0.0634617 0.0567188 0.0495663 0.0424188 0.0355696 0.0292054 0.023432 0.0183006 0.0138331 0.0100411 0.00693291 0.00450566
 0.00840156 0.0135743 0.0203021 0.0285017 0.0379259 0.0480301 0.0579001 0.0664166 0.0726093 0.0759388 0.076341 0.0741013 0.0697131 0.063771 0.0568797 0.0495733 0.0422702 0.0352685 0.0287649 0.0228794 0.0176783 0.0131941 0.00944098 0.00641858 0.00410519
 0.008398 0.0135649 0.0202817 0.0284654 0.0378728 0.0479688 0.0578518 0.0664146 0.0726895 0.0761275 0.0766426 0.0744929 0.0701481 0.064192 0.0572325 0.0498176 0.0423826 0.0352408 0.0286021 0.0225996 0.0173127 0.0127854 0.00903634 0.00605992 0.00381992
 0.0084002 0.0135647 0.0202742 0.0284434 0.0378277 0.047894 0.0577466 0.0662877 0.0725619 0.0760313 0.0766146 0.0745633 0.0703282 0.0644663 0.057561 0.0501462 0.0426578 0.0354221 0.0286681 0.0225495 0.0171645 0.0125713 0.00879581 0.00583061 0.00362908
 0.00844085 0.0136239 0.0203502 0.0285294 0.0379126 0.0479646 0.0577896 0.066292 0.0725219 0.0759503 0.0765075 0.0744564 0.0702529 0.0644496 0.0576144 0.0502597 0.0428019 0.035557 0.0287569 0.022569 0.0171108 0.0124585 0.0086501 0.00568098 0.00349883
 0.00866539 0.0139532 0.0207792 0.0290291 0.0384373 0.0484633 0.0582163 0.0666096 0.0727031 0.0759798 0.0763855 0.074201 0.0699 0.064047 0.0572125 0.0499 0.0425072 0.0353277 0.028576 0.0224126 0.0169597 0.0123052 0.00849918 0.0055438 0.00338636
 0.00876752 0.0141043 0.0209777 0.0292609 0.0386765 0.0486752 0.0583632 0.0666594 0.0726407 0.0758152 0.0761532 0.0739483 0.0696694 0.0638654 0.0570895 0.0498337 0.0424891 0.0353456 0.0286135 0.0224509 0.0169821 0.0123026 0.00847252 0.00550207 0.00334139
 0.00884817 0.0142258 0.0211424 0.0294632 0.038903 0.0489053 0.05857 0.0668122 0.0727103 0.0757827 0.0760178 0.0737305 0.0694071 0.0636025 0.0568636 0.049667 0.0423871 0.0352998 0.0286078 0.0224662 0.0170009 0.0123125 0.00846847 0.00548606 0.00331957
 0.00875679 0.0141073 0.0210191 0.0293736 0.0388889 0.0489944 0.0587604 0.0670708 0.0729845 0.0760183 0.076174 0.0737875 0.069367 0.0634866 0.0567053 0.0495026 0.0422461 0.0351989 0.0285492 0.0224414 0.0169959 0.0123141 0.00846779 0.00548001 0.00330946
 0.00860548 0.0138906 0.0207486 0.0290828 0.0386289 0.048823 0.0587297 0.0672126 0.0732975 0.0764603 0.0766678 0.0742415 0.0697042 0.0636661 0.0567292 0.0494062 0.0420806 0.035014 0.0283811 0.0223085 0.0169012 0.0122511 0.00842661 0.0054524 0.0032902
 0.00864674 0.0139186 0.0207209 0.0289411 0.038322 0.0483391 0.0581198 0.0665876 0.0727939 0.0761916 0.0766855 0.074523 0.0701675 0.064202 0.057236 0.0498162 0.0423689 0.0351917 0.0284786 0.0223585 0.0169283 0.0122684 0.00843895 0.0054606 0.00329451
 0.00874859 0.0140705 0.0209211 0.0291718 0.0385452 0.0484963 0.0581412 0.066414 0.0724086 0.0756451 0.0760916 0.0740206 0.0698661 0.0641412 0.0573806 0.0500831 0.0426675 0.035455 0.0286758 0.0224891 0.0170075 0.0123145 0.00846567 0.00547611 0.00330316
 0.00863644 0.0139177 0.0207454 0.0290069 0.0384294 0.0484546 0.0581695 0.0664761 0.072447 0.0756037 0.0759422 0.0737812 0.0696005 0.0639354 0.0573061 0.0501661 0.0428816 0.03574 0.0289667 0.0227397 0.0171981 0.0124461 0.00855014 0.00552711 0.0033322
 0.00842059 0.0136036 0.0203425 0.0285514 0.0379789 0.0480758 0.0579241 0.0664062 0.0725611 0.075868 0.076284 0.0741122 0.0698501 0.0640787 0.0573684 0.0502028 0.042946 0.0358572 0.0291284 0.0229168 0.0173602 0.0125743 0.00863991 0.00558378 0.00336486
 0.00829213 0.0133906 0.0200163 0.028089 0.0373755 0.0473607 0.0571714 0.0657275 0.0720764 0.0756651 0.0763882 0.0744791 0.0703849 0.0646707 0.0579267 0.0506789 0.0433353 0.0361813 0.0294118 0.023171 0.0175822 0.0127554 0.00877476 0.0056748 0.00342047
 0.00809136 0.0130796 0.0195763 0.0275116 0.0366619 0.0465232 0.0562399 0.0647585 0.071159 0.0749137 0.07592 0.0743798 0.0706779 0.0653044 0.0587907 0.0516402 0.0442776 0.0370294 0.030133 0.0237613 0.0180501 0.013112 0.00903228 0.0058483 0.00352815
 0.00784182 0.0127016 0.0190592 0.0268641 0.0359096 0.0457027 0.0553945 0.0639364 0.0704106 0.0742892 0.0754688 0.0741512 0.0707156 0.0656323 0.0593947 0.0524605 0.0452187 0.037986 0.0310173 0.0245185 0.0186581 0.0135728 0.00936169 0.00606888 0.00366521
 0.00786851 0.0126995 0.0189735 0.02662 0.0354363 0.0449694 0.0544379 0.0628604 0.069354 0.0733812 0.074797 0.0737556 0.0706023 0.0657908 0.0598057 0.0530917 0.0460171 0.0388767 0.0319144 0.0253437 0.0193566 0.0141199 0.00975923 0.00633676 0.003832
 0.00858979 0.0137224 0.0202329 0.0279525 0.0366161 0.0457724 0.0547026 0.0625229 0.0684564 0.0720603 0.0732551 0.0722137 0.0692489 0.0647477 0.0591213 0.0527574 0.0459879 0.0390857 0.0322816 0.0257854 0.0197979 0.0145062 0.0100619 0.00655117 0.00396989
 0.00918996 0.0146888 0.0216602 0.0298962 0.03905 0.0485388 0.0574861 0.0648905 0.0699749 0.0724445 0.0724644 0.0704495 0.066866 0.0621361 0.0566118 0.0505732 0.0442394 0.0377921 0.0314003 0.0252397 0.0194983 0.0143675 0.0100147 0.00654698 0.00398021
 0.0090441 0.014562 0.0216747 0.0302371 0.0399202 0.0500813 0.0597054 0.0676098 0.0728493 0.0750275 0.0743139 0.0712462 0.0665057 0.0607539 0.0545258 0.0481738 0.04188 0.0357193 0.0297379 0.0240081 0.0186509 0.013825 0.00969159 0.00636815 0.00388837
 0.00868167 0.014005 0.0209044 0.0292797 0.0388667 0.0491032 0.059049 0.0675465 0.0735798 0.0765752 0.0764709 0.0736126 0.0686133 0.0622176 0.0551562 0.0480089 0.0411331 0.0346791 0.0286684 0.0230876 0.0179582 0.0133604 0.00941171 0.00621644 0.00381452
 0.00854543 0.0137611 0.0204975 0.0286486 0.0379651 0.0479334 0.0576951 0.0661891 0.0724749 0.0759955 0.0766215 0.0745484 0.0701933 0.0641297 0.0570129 0.0494774 0.0420371 0.0350268 0.0286053 0.0228094 0.017633 0.0130893 0.00922929 0.00611408 0.00376671
 0.00864648 0.0139051 0.0206738 0.0288273 0.038096 0.04795 0.0575269 0.0657838 0.07183 0.0751874 0.0758102 0.0739423 0.0699776 0.0643876 0.0576804 0.0503615 0.042893 0.0356561 0.028922 0.0228458 0.0174932 0.0128872 0.00904515 0.00598255 0.00368855
 0.00855399 0.0137693 0.020496 0.0286161 0.0378624 0.0476995 0.0572533 0.0654695 0.0714543 0.0747413 0.0753145 0.0734611 0.0696163 0.0642647 0.0578795 0.0508841 0.0436434 0.036473 0.029643 0.0233682 0.017798 0.0130202 0.00907636 0.00597174 0.0036705
 0.00860167 0.0138378 0.0205826 0.0287137 0.0379623 0.047795 0.0573407 0.0655435 0.0715006 0.074732 0.0752142 0.0732442 0.0692889 0.0638785 0.0575238 0.0506541 0.0435977 0.036605 0.0298853 0.0236279 0.0180008 0.013136 0.00911647 0.00596705 0.00365018
 0.00874518 0.0140545 0.0208772 0.0290779 0.0383756 0.0482269 0.0577536 0.065897 0.0717572 0.0748637 0.0752054 0.0730903 0.0689952 0.0634645 0.0570303 0.0501448 0.0431462 0.0362694 0.0296859 0.0235422 0.0179809 0.0131355 0.00910855 0.00594695 0.00362506
 0.0086261 0.0138893 0.0206811 0.028882 0.0382175 0.048136 0.0577399 0.0659498 0.0718538 0.0749811 0.0753268 0.0732049 0.0690938 0.0635362 0.0570654 0.0501421 0.0431187 0.0362423 0.0296841 0.0235771 0.0180446 0.0132075 0.00916906 0.00598627 0.00364443
 0.00859145 0.0138295 0.020586 0.0287445 0.0380399 0.0479378 0.0575596 0.0658359 0.0718454 0.0750879 0.0755231 0.0734409 0.0693172 0.0637098 0.0571731 0.0501854 0.043111 0.0362044 0.0296392 0.0235445 0.0180334 0.0132153 0.00918626 0.00600304 0.00365552
 0.00863699 0.013887 0.0206419 0.0287749 0.0380168 0.0478387 0.0573786 0.0655902 0.0715747 0.0748462 0.0753627 0.0733945 0.0693857 0.0638634 0.057365 0.0503708 0.0432608 0.0363091 0.0297052 0.0235856 0.0180632 0.0132418 0.00921111 0.00602423 0.00367093
 0.00862803 0.0138843 0.0206585 0.028827 0.0381153 0.0479782 0.0575309 0.0657095 0.0716155 0.0747847 0.07521 0.0731931 0.0691913 0.0637222 0.0572975 0.0503696 0.0433002 0.0363604 0.0297487 0.0236145 0.0180799 0.0132521 0.00921939 0.00603186 0.00367741
 0.00848464 0.0136702 0.0203725 0.0284834 0.0377427 0.0476159 0.0572224 0.0654938 0.0715153 0.0747974 0.0753087 0.0733404 0.0693578 0.0638975 0.0574871 0.0505817 0.0435339 0.0366019 0.0299774 0.0238122 0.0182372 0.0133686 0.00930072 0.00608566 0.00371099
 0.00844645 0.0136127 0.020295 0.0283893 0.0376398 0.0475164 0.0571422 0.0654499 0.0715214 0.0748575 0.0754125 0.073464 0.0694711 0.0639758 0.0575214 0.0505807 0.0435174 0.0365895 0.0299794 0.023828 0.0182601 0.0133915 0.00931936 0.00609896 0.00371966
 0.00841924 0.0135573 0.0201917 0.0282146 0.0373745 0.0471574 0.0567123 0.0649987 0.0711141 0.0745575 0.0752644 0.0734831 0.069642 0.0642585 0.0578638 0.0509338 0.0438466 0.0368779 0.0302236 0.0240308 0.0184242 0.013519 0.00941275 0.00616256 0.00375959
 0.00864201 0.0139074 0.0206938 0.0288778 0.0381839 0.0480646 0.057631 0.0658134 0.0717071 0.0748441 0.0752183 0.0731389 0.0690766 0.0635644 0.0571257 0.0502148 0.0431865 0.0362981 0.0297342 0.0236348 0.0181192 0.0132967 0.0092604 0.00606487 0.00370126
 0.00874069 0.0140877 0.0210013 0.0293652 0.038896 0.0490149 0.0587789 0.067057 0.0728983 0.0758208 0.0758423 0.0733279 0.0688215 0.0629271 0.056218 0.0491673 0.0421182 0.0352987 0.0288592 0.0229106 0.0175509 0.0128749 0.0089657 0.00587235 0.00358449
 0.00882319 0.0142269 0.0212217 0.0296962 0.0393702 0.0496613 0.0596116 0.0680602 0.074014 0.0769446 0.0768344 0.0740411 0.0691394 0.062797 0.0556654 0.0482857 0.0410408 0.0341636 0.027782 0.0219698 0.0167863 0.012294 0.00855328 0.00559969 0.00341755
 0.00874693 0.0141019 0.021033 0.0294342 0.0390379 0.0492854 0.0592494 0.0677967 0.0739423 0.0771362 0.0773091 0.0747503 0.0699711 0.0636036 0.0563055 0.048665 0.0411342 0.0340122 0.0274681 0.0215857 0.016409 0.0119724 0.00830824 0.00543053 0.00331125
 0.00891321 0.0143299 0.0212975 0.0296841 0.0392097 0.0493248 0.0591325 0.0675399 0.0736003 0.0767904 0.0770494 0.0746512 0.0700671 0.0638732 0.0566745 0.04903 0.041399 0.0341194 0.0274133 0.0214086 0.0161705 0.0117306 0.0081025 0.00527772 0.0032104
 0.0088208 0.0141974 0.0211291 0.0294901 0.0389972 0.0490872 0.0588463 0.0671769 0.0731516 0.0762887 0.0765736 0.0743069 0.0699498 0.0640331 0.0570967 0.0496381 0.042079 0.0347553 0.02792 0.0217501 0.0163577 0.0118038 0.00810913 0.0052565 0.00318489
 0.00899773 0.0144815 0.0215497 0.03007 0.0397456 0.0499877 0.0598439 0.0681714 0.0740072 0.0768619 0.0767536 0.0740538 0.0693147 0.063146 0.0561244 0.0487297 0.0413252 0.0341772 0.027488 0.021416 0.0160827 0.0115699 0.00791522 0.00510686 0.00308013
 0.00893561 0.0143875 0.0214222 0.0299158 0.039582 0.0498444 0.0597615 0.0681933 0.0741641 0.0771531 0.0771363 0.0744495 0.069634 0.0633228 0.0561412 0.0486209 0.0411555 0.0340091 0.0273565 0.0213251 0.0160175 0.0115142 0.00786178 0.00505715 0.00303896
 0.00887827 0.0142985 0.0212965 0.0297522 0.0393844 0.0496237 0.0595375 0.0679958 0.0740304 0.0771199 0.0772278 0.0746647 0.0699402 0.063661 0.056445 0.0488404 0.0412742 0.0340437 0.0273412 0.0212915 0.0159836 0.0114846 0.00783506 0.00503244 0.00301738
 0.00890141 0.0143172 0.0212902 0.0296909 0.0392382 0.0493765 0.0591986 0.0676028 0.0736396 0.0767927 0.0770163 0.0746026 0.0700368 0.0638975 0.0567766 0.0492069 0.0416172 0.0343228 0.0275424 0.0214226 0.0160626 0.0115292 0.00785792 0.00504176 0.00301884
 0.00882606 0.0141826 0.0210649 0.0293381 0.0387236 0.0486829 0.0583415 0.0666393 0.0726659 0.0759284 0.0763813 0.0742907 0.0700933 0.0643088 0.057475 0.0500881 0.0425643 0.0352312 0.0283365 0.0220634 0.0165443 0.0118685 0.00808231 0.00518053 0.00309844
 0.00904969 0.0145259 0.0215417 0.0299417 0.0394215 0.0494126 0.0590102 0.0671347 0.0728819 0.0758004 0.0759126 0.0735571 0.0692234 0.0634475 0.0567452 0.0495625 0.0422572 0.0351082 0.0283373 0.022126 0.0166216 0.0119343 0.00812773 0.00520721 0.0031119
 0.00903531 0.0145263 0.0215858 0.0300696 0.0396725 0.0498058 0.0595273 0.0677146 0.0734319 0.0762182 0.076113 0.0734944 0.0689056 0.0629366 0.0561411 0.0489745 0.0417727 0.0347721 0.0281493 0.0220533 0.0166191 0.011962 0.00815983 0.00523193 0.00312705
 0.00879452 0.0141619 0.0210901 0.0294592 0.038991 0.0491226 0.0589328 0.0673051 0.073284 0.0763593 0.0765055 0.0740458 0.0694996 0.0634717 0.056559 0.0492684 0.0419757 0.0349323 0.0283054 0.0222206 0.016791 0.012121 0.0082899 0.00532609 0.00318754
 0.00879637 0.0141321 0.0209856 0.0292234 0.0385724 0.0485039 0.0581542 0.0664673 0.0725241 0.0758112 0.0762609 0.0741307 0.0698713 0.0640357 0.0571999 0.0498853 0.0425064 0.035359 0.0286418 0.0224914 0.0170151 0.0123059 0.00843574 0.00543239 0.00325778
 0.00905072 0.0144949 0.0214356 0.0297022 0.0389931 0.0487697 0.0581808 0.066205 0.0719777 0.075051 0.0754156 0.0733542 0.0692962 0.0637329 0.0571647 0.0500525 0.0427844 0.0356649 0.0289223 0.022725 0.0172013 0.0124516 0.00854721 0.00551375 0.00331286
 0.00963878 0.015413 0.0227419 0.0314134 0.0410672 0.0510871 0.0605322 0.0683062 0.0735256 0.0758058 0.0752714 0.0723672 0.0676607 0.0617218 0.055056 0.0480683 0.0410588 0.0342472 0.0278035 0.0218695 0.016568 0.0120022 0.00824572 0.00532498 0.00320369
 0.00958825 0.0154231 0.0229264 0.0319316 0.0420785 0.0526792 0.0626575 0.070763 0.0759971 0.0779369 0.0767508 0.0729922 0.0673754 0.0606228 0.0533614 0.046057 0.0390013 0.0323511 0.0261906 0.0205832 0.0155973 0.0113073 0.00777516 0.0050259 0.00302689
#obs surv len freq
 nan nan nan nan nan nan nan nan nan nan nan nan nan nan nan nan nan nan nan nan nan nan nan nan nan
 0.00448659 0.00734893 0.01118 0.0159974 0.0216989 0.0279748 0.034289 0.0400198 0.0446984 0.0481608 0.0505171 0.0520112 0.0529018 0.0534128 0.0537259 0.0539799 0.0542578 0.0545501 0.0546886 0.0542804 0.0527185 0.049351 0.0438013 0.0362822 0.0276668
 0.00461474 0.00755986 0.0115019 0.016457 0.022315 0.0287478 0.0351911 0.0409923 0.0456601 0.0490244 0.0512057 0.0524697 0.0531023 0.0533543 0.0534303 0.0534841 0.0536052 0.0537832 0.0538463 0.0533998 0.0518383 0.0485142 0.0430526 0.0356593 0.0271907
 0.00477804 0.00782678 0.0119064 0.0170317 0.0230854 0.029722 0.0363483 0.0422781 0.0469904 0.0502983 0.0523205 0.0533341 0.0536464 0.0535376 0.0532447 0.0529518 0.0527718 0.0527085 0.052597 0.0520461 0.0504558 0.0471835 0.0418538 0.0346585 0.0264244
 0.00497004 0.00814008 0.0123801 0.0177033 0.0239834 0.0308554 0.0376949 0.0437795 0.0485593 0.0518329 0.0537177 0.0544977 0.0544914 0.0539957 0.0532707 0.0525307 0.0519208 0.0514763 0.051059 0.0502998 0.0486166 0.0453786 0.0402087 0.0332758 0.0253617
 0.00518706 0.00849626 0.0129224 0.0184773 0.0250246 0.032175 0.0392651 0.0455293 0.0503845 0.053616 0.0553461 0.0558731 0.0555311 0.0546307 0.0534464 0.05221 0.0510914 0.0501586 0.0493131 0.0482291 0.046365 0.0431188 0.0381178 0.0315014 0.0239898
 0.00540935 0.00885988 0.0134741 0.0192629 0.0260808 0.0335169 0.0408719 0.047338 0.0522967 0.0555152 0.0571149 0.0574043 0.0567332 0.0554285 0.0537795 0.0520316 0.0503713 0.0488927 0.0475372 0.0460331 0.043899 0.0405825 0.0357288 0.0294485 0.0223892
 0.00564604 0.00924827 0.0140653 0.0201068 0.0272165 0.0349576 0.0425898 0.0492589 0.0543118 0.0575014 0.0589546 0.058995 0.057989 0.0562782 0.0541639 0.0519019 0.0496905 0.0476427 0.0457351 0.0437518 0.0412824 0.0378412 0.033107 0.0271687 0.0205958
 0.00588343 0.00963849 0.0146607 0.0209591 0.0283673 0.0364224 0.0443422 0.0512242 0.0563771 0.0595374 0.0608365 0.0606154 0.0592619 0.0571374 0.0545581 0.051789 0.0490353 0.0464226 0.0439554 0.0414702 0.0386301 0.0350254 0.0303813 0.0247736 0.0186956
 0.00614075 0.0100571 0.0152915 0.0218497 0.029554 0.0379159 0.0461132 0.0531975 0.0584408 0.0615636 0.0627011 0.0622107 0.060502 0.0579577 0.0549122 0.0516426 0.0483618 0.0452037 0.0421947 0.039216 0.0360009 0.0322174 0.0276436 0.0223507 0.0167605
 0.0063747 0.0104422 0.0158796 0.022692 0.0306901 0.0393582 0.0478303 0.05511 0.0604337 0.0635095 0.0644813 0.0637261 0.0616749 0.0587295 0.0552399 0.0514946 0.0477144 0.0440423 0.0405236 0.0370788 0.0335042 0.0295415 0.0250223 0.0200185 0.014888
 0.00660716 0.0108246 0.0164635 0.023528 0.031818 0.040791 0.0495374 0.0570114 0.0624109 0.0654283 0.0662151 0.0651707 0.0627539 0.0593935 0.0554602 0.0512555 0.0470065 0.0428618 0.0388804 0.0350158 0.0311192 0.0269986 0.0225357 0.0178051 0.0131078
 0.00683604 0.0111983 0.0170289 0.0243299 0.0328905 0.0421439 0.0511422 0.0587952 0.0642658 0.0672307 0.0678452 0.0665262 0.0637565 0.0599907 0.0556236 0.0509751 0.0462832 0.0417039 0.037308 0.0330749 0.0289012 0.0246513 0.0202498 0.0157742 0.0114748
 0.00706335 0.0115719 0.0175984 0.0251428 0.033982 0.0435199 0.0527643 0.0605765 0.0660851 0.0689577 0.0693631 0.0677439 0.0646107 0.0604432 0.055657 0.0505882 0.045486 0.0405147 0.0357564 0.0312122 0.0268157 0.0224764 0.0181534 0.0139241 0.00999319
 0.00725511 0.0118902 0.0180895 0.0258538 0.0349505 0.044759 0.0542459 0.0622258 0.0677906 0.070592 0.070806 0.0688972 0.065406 0.0608426 0.0556488 0.0501798 0.0446968 0.039372 0.0342971 0.0294914 0.0249181 0.0205222 0.0162882 0.0122899 0.00869133
 0.00742523 0.0121676 0.0185087 0.0264481 0.0357465 0.045767 0.0554496 0.0635762 0.0692099 0.0719857 0.0720753 0.0699515 0.0661708 0.0612665 0.0557056 0.0498667 0.0440292 0.0383788 0.0330193 0.0279864 0.023267 0.0188328 0.0146862 0.0108945 0.00758481
 0.00754051 0.012353 0.0187842 0.026832 0.0362532 0.0464034 0.0562102 0.0644407 0.0701442 0.0729452 0.0730089 0.0708027 0.0668802 0.0617754 0.0559636 0.049838 0.0436975 0.0377488 0.0321174 0.0268616 0.0219928 0.017506 0.0134162 0.00978289 0.00670144
 0.00759882 0.012449 0.0189311 0.027043 0.0365395 0.0467709 0.056656 0.0649529 0.0707043 0.0735331 0.0736047 0.0713844 0.0674199 0.0622363 0.0563006 0.0500036 0.0436505 0.0374639 0.0315923 0.0261226 0.0210958 0.0165322 0.0124603 0.00893365 0.00602046
 0.0076624 0.0125424 0.0190537 0.027189 0.0367013 0.046944 0.0568424 0.06516 0.0709415 0.0738067 0.073915 0.0717249 0.0677767 0.0625877 0.0566159 0.0502435 0.0437712 0.0374251 0.0313687 0.0257136 0.0205318 0.0158727 0.0117824 0.00831343 0.00551372
 0.00772594 0.0126416 0.0191948 0.0273733 0.0369237 0.047191 0.0570926 0.0653884 0.0711279 0.0739447 0.0740149 0.0718082 0.0678653 0.0626937 0.056736 0.0503583 0.0438487 0.0374272 0.0312612 0.0254777 0.0201739 0.0154271 0.011304 0.0078624 0.00513751
 0.0077602 0.0126945 0.0192691 0.0274701 0.0370416 0.047327 0.0572407 0.0655393 0.0712695 0.0740649 0.0741054 0.0718689 0.0679054 0.0627279 0.0567772 0.0504102 0.0439006 0.0374553 0.0312352 0.0253724 0.0199801 0.0151586 0.0109951 0.00755686 0.00487389
 0.00781342 0.0127742 0.0193764 0.0276012 0.0371892 0.0474814 0.0573919 0.0656775 0.0713862 0.0741536 0.0741626 0.0718942 0.0679018 0.0627022 0.0567394 0.0503703 0.0438636 0.0374168 0.0311812 0.0252845 0.0198453 0.0149775 0.0107846 0.00734438 0.00468673
 0.00785386 0.0128338 0.0194545 0.027693 0.0372864 0.0475747 0.0574726 0.0657391 0.0714258 0.0741726 0.074166 0.0718887 0.0678932 0.0626936 0.0567318 0.0503633 0.0438565 0.0374066 0.0311612 0.0252446 0.0197761 0.0148764 0.0106593 0.00721142 0.00456486
 0.00785811 0.0128425 0.0194707 0.0277198 0.0373258 0.0476251 0.057528 0.06579 0.0714626 0.0741898 0.0741647 0.0718757 0.0678775 0.0626831 0.0567305 0.0503713 0.0438703 0.0374208 0.031169 0.0252384 0.0197493 0.0148263 0.0105897 0.00713228 0.00448875
 0.00787383 0.0128613 0.0194869 0.0277248 0.0373114 0.0475881 0.0574735 0.0657303 0.0714116 0.0741573 0.0741534 0.0718824 0.0678971 0.062712 0.0567671 0.0504147 0.0439185 0.0374697 0.0312125 0.0252697 0.0197624 0.0148185 0.010563 0.00709338 0.00444663
 0.0078903 0.0128865 0.0195212 0.0277665 0.0373558 0.047627 0.0574963 0.0657268 0.0713772 0.0740965 0.0740792 0.0718116 0.0678436 0.0626824 0.056761 0.0504276 0.0439446 0.0375031 0.0312471 0.0252993 0.0197815 0.0148235 0.0105542 0.00707426 0.00442309
 0.00789461 0.0128899 0.0195198 0.0277548 0.0373285 0.0475817 0.057435 0.0656556 0.0713039 0.0740276 0.0740195 0.0717654 0.0678159 0.0626783 0.0567834 0.050475 0.0440114 0.0375806 0.031326 0.025371 0.0198395 0.014864 0.0105766 0.00708161 0.00442046
 0.00788276 0.0128719 0.0194949 0.0277227 0.0372888 0.0475335 0.0573769 0.0655874 0.071228 0.07395 0.0739492 0.0717115 0.0677854 0.0626748 0.0568074 0.0505245 0.0440818 0.0376652 0.0314163 0.0254579 0.0199148 0.0149225 0.0106165 0.00710457 0.00443068
 0.00786526 0.0128399 0.0194406 0.0276376 0.0371666 0.0473748 0.0571923 0.0653963 0.0710536 0.0738125 0.0738607 0.0716761 0.0678009 0.0627356 0.0569059 0.0506519 0.0442286 0.0378214 0.0315715 0.0256024 0.0200402 0.0150229 0.01069 0.00715317 0.00445919
 0.00785972 0.0128285 0.0194188 0.0275991 0.0371043 0.0472824 0.0570672 0.0652419 0.0708807 0.0736388 0.0737078 0.0715641 0.0677436 0.0627376 0.056963 0.050754 0.0443627 0.0379738 0.0317293 0.0257535 0.0201747 0.0151339 0.0107742 0.0072113 0.00449545
 0.00785576 0.0128182 0.0193961 0.0275561 0.037033 0.047178 0.0569303 0.0650799 0.0707057 0.0734656 0.0735518 0.0714403 0.0676655 0.0627147 0.0569989 0.0508447 0.0444975 0.0381377 0.0319056 0.0259267 0.0203317 0.0152654 0.0108758 0.00728326 0.0045418
 0.00782228 0.012768 0.0193284 0.0274722 0.0369355 0.0470687 0.0568101 0.0649495 0.0705682 0.0733277 0.073424 0.0713353 0.0675957 0.0626898 0.0570243 0.0509208 0.044619 0.0382939 0.0320817 0.0261062 0.0204993 0.0154093 0.0109893 0.00736519 0.00459568
 0.00779667 0.0127234 0.019256 0.0273633 0.0367844 0.0468779 0.0565928 0.0647281 0.0703679 0.0731683 0.0733153 0.0712779 0.0675857 0.0627232 0.0570986 0.0510339 0.0447672 0.0384703 0.0322753 0.026303 0.0206845 0.0155703 0.011118 0.00745941 0.00465853
 0.00775854 0.0126613 0.0191624 0.027231 0.0366083 0.0466569 0.0563334 0.0644465 0.0700888 0.0729214 0.0731287 0.0711717 0.0675674 0.0627877 0.0572321 0.0512194 0.0449883 0.0387125 0.0325252 0.026547 0.020909 0.0157634 0.0112721 0.00757259 0.00473447
 0.00774364 0.0126336 0.0191145 0.0271537 0.0364929 0.0464986 0.0561344 0.0642168 0.0698452 0.0726843 0.0729196 0.0710112 0.0674726 0.0627695 0.0572919 0.0513492 0.045173 0.0389334 0.0327632 0.0267845 0.0211303 0.0159559 0.0114274 0.00768798 0.00481283
 0.00932419 0.0148455 0.0217825 0.0298939 0.0388242 0.04802 0.0566664 0.0638282 0.068772 0.0712098 0.0712871 0.0693903 0.0659657 0.0614317 0.0561486 0.0504061 0.0444226 0.0383588 0.0323415 0.0264899 0.0209365 0.0158375 0.0113617 0.00765577 0.00479953
 0.00930105 0.0151033 0.0226913 0.0319133 0.0423032 0.0529273 0.0624183 0.0693839 0.0730027 0.0733436 0.0711631 0.067402 0.0627886 0.0577339 0.0524257 0.0469525 0.0413794 0.0357745 0.0302161 0.0247981 0.019639 0.0148853 0.0106984 0.00722123 0.00453422
 0.00897203 0.0145834 0.0219586 0.0310148 0.0414093 0.0523696 0.062651 0.0708214 0.0757713 0.0770966 0.0751226 0.0706544 0.0646658 0.0580457 0.05143 0.0451422 0.0392492 0.0336861 0.0283734 0.023284 0.0184632 0.0140192 0.0100954 0.00682687 0.00429397
 0.0087833 0.0142695 0.0214739 0.0303154 0.0404702 0.051216 0.0613991 0.0697068 0.0751312 0.0772777 0.0763262 0.0727892 0.0673135 0.0605959 0.0533275 0.0460987 0.0393021 0.033099 0.0274744 0.0223412 0.0176376 0.0133761 0.0096376 0.00652619 0.00411149
 0.00873362 0.014178 0.0213154 0.0300575 0.040078 0.0506621 0.0606775 0.0688498 0.0742262 0.076478 0.0758405 0.0728298 0.0680045 0.061882 0.0549505 0.0476807 0.0404997 0.0337366 0.0275791 0.0220793 0.0172105 0.0129415 0.00928183 0.00627437 0.00395279
 0.00867825 0.0140895 0.0211845 0.0298749 0.0398339 0.0503464 0.0602815 0.0683705 0.0736729 0.0758824 0.0752682 0.0723855 0.067819 0.0620705 0.0555517 0.0486115 0.041564 0.0346979 0.0282583 0.0224172 0.017263 0.0128238 0.00910584 0.00611297 0.00383571
 0.00869442 0.0141093 0.0212022 0.0298805 0.0398149 0.0502907 0.0601796 0.0682153 0.0734589 0.0756068 0.0749358 0.0720195 0.0674697 0.0618159 0.0554777 0.0487747 0.0419543 0.0352272 0.0287923 0.0228333 0.0175001 0.0128939 0.009067 0.00603053 0.00375539
 0.00870118 0.0141237 0.0212294 0.0299261 0.0398815 0.0503736 0.0602641 0.0682783 0.0734749 0.0755555 0.0748076 0.0718179 0.0672132 0.0615396 0.055233 0.0486203 0.041935 0.0353507 0.029018 0.0230878 0.0177105 0.0130191 0.00910745 0.00601456 0.00371691
 0.00864327 0.0140397 0.0211223 0.029806 0.0397638 0.0502754 0.0601999 0.0682563 0.0734941 0.0756038 0.0748643 0.0718589 0.0672197 0.0615052 0.055169 0.0485541 0.0419024 0.0353811 0.0291189 0.0232387 0.0178718 0.0131517 0.00919035 0.0060495 0.00371993
 0.00864161 0.0140268 0.0210848 0.0297271 0.0396302 0.0500866 0.0599748 0.0680313 0.0733117 0.0754966 0.0748439 0.0719138 0.0673219 0.0616225 0.0552756 0.0486394 0.0419722 0.035452 0.0292073 0.0233493 0.0179943 0.0132662 0.00927888 0.00610479 0.00374623
 0.00863636 0.0140222 0.0210841 0.0297337 0.0396438 0.0500994 0.0599709 0.0679922 0.0732267 0.0753723 0.0747049 0.0717929 0.0672453 0.0615992 0.0552968 0.0486864 0.0420283 0.0355094 0.0292672 0.0234158 0.0180672 0.013339 0.00934186 0.00615062 0.0037736
 0.00865294 0.0140454 0.0211126 0.0297642 0.0396731 0.0501257 0.0599942 0.068012 0.0732384 0.075367 0.0746725 0.0717298 0.0671594 0.0615082 0.0552201 0.0486366 0.0420072 0.0355116 0.0292855 0.023445 0.0181039 0.013379 0.00937975 0.00618136 0.0037946
 0.00863121 0.014016 0.0210789 0.0297329 0.0396512 0.0501176 0.0599995 0.0680259 0.0732549 0.0753811 0.0746812 0.0717307 0.0671503 0.0614886 0.0551936 0.0486107 0.0419905 0.0355095 0.0292988 0.0234706 0.0181368 0.0134142 0.00941272 0.00620849 0.00381412
 0.00862139 0.0139994 0.0210532 0.0296963 0.0396044 0.0500649 0.0599496 0.0679896 0.0732411 0.0753923 0.0747122 0.0717713 0.0671895 0.0615183 0.0552105 0.0486161 0.0419892 0.035508 0.0293025 0.0234823 0.0181557 0.0134374 0.00943618 0.00622894 0.00382962
 0.0086067 0.0139753 0.0210165 0.0296441 0.0395349 0.0499787 0.0598512 0.0678885 0.0731502 0.0753258 0.0746811 0.0717802 0.0672347 0.061589 0.0552929 0.0486978 0.0420624 0.03557 0.0293547 0.0235275 0.0181961 0.0134735 0.00946714 0.00625362 0.00384752
 0.0086067 0.0139753 0.0210165 0.0296441 0.0395349 0.0499787 0.0598512 0.0678885 0.0731502 0.0753258 0.0746811 0.0717802 0.0672347 0.061589 0.0552929 0.0486978 0.0420624 0.03557 0.0293547 0.0235275 0.0181961 0.0134735 0.00946714 0.00625362 0.00384752
 0.00884247 0.014346 0.0215491 0.0303503 0.0404027 0.050964 0.0608711 0.068828 0.0738861 0.0757598 0.0747669 0.0715305 0.0667094 0.0608742 0.0544784 0.0478618 0.0412638 0.0348481 0.0287326 0.0230156 0.0177953 0.0131766 0.00926057 0.00611958 0.00376698
 0.00900053 0.0146228 0.0220006 0.031036 0.0413662 0.0522041 0.0623173 0.0703387 0.075276 0.0768465 0.0754137 0.0716719 0.0663563 0.0601021 0.0534058 0.0466237 0.0399866 0.0336333 0.0276497 0.0221038 0.0170686 0.0126293 0.00887314 0.00586351 0.0036101
 0.00906918 0.0147413 0.0221931 0.0313329 0.041802 0.0528102 0.0631104 0.0713055 0.0763615 0.0779499 0.0764003 0.0724001 0.0667137 0.0600355 0.0529332 0.0458249 0.0389795 0.0325449 0.026592 0.021159 0.0162846 0.0120226 0.00843544 0.00557018 0.00342846
 0.00892866 0.0145225 0.0218838 0.0309334 0.0413317 0.0523141 0.0626631 0.0710046 0.0763052 0.0782057 0.0769747 0.0732269 0.0676643 0.0609511 0.053668 0.0462836 0.0391369 0.0324405 0.0263068 0.0207861 0.0159042 0.0116893 0.00817563 0.00538737 0.00331174
 0.00899415 0.0146007 0.0219495 0.0309464 0.0412484 0.0521067 0.0623367 0.0706028 0.075903 0.0778918 0.0768306 0.0733052 0.0679712 0.0614383 0.0542408 0.0468268 0.0395491 0.0326639 0.0263383 0.0206681 0.0157018 0.0114658 0.0079765 0.00523478 0.00320867
 0.00898074 0.0145839 0.0219319 0.0309298 0.0412283 0.0520669 0.0622488 0.0704364 0.0756438 0.0775589 0.0764819 0.0730233 0.067836 0.061498 0.0544926 0.0472167 0.0399892 0.0330618 0.0266265 0.0208209 0.0157346 0.0114188 0.00789446 0.00515215 0.00314362
 0.00916432 0.0148675 0.0223303 0.0314444 0.0418443 0.05275 0.0629419 0.0710601 0.0761074 0.0777818 0.076418 0.0726803 0.0672786 0.0608317 0.0538327 0.0466527 0.039562 0.0327615 0.0264115 0.0206446 0.0155669 0.0112531 0.00774077 0.00502419 0.00304937
 0.00902815 0.0146732 0.0220884 0.0311832 0.0416039 0.0525712 0.0628562 0.0710838 0.0762387 0.0779998 0.0766838 0.0729432 0.0674904 0.0609634 0.0538853 0.0466545 0.039552 0.032769 0.026443 0.0206865 0.015599 0.0112621 0.00772644 0.00499592 0.00301875
 0.00901507 0.0146296 0.0219835 0.0309799 0.0412748 0.0521205 0.0623341 0.0705808 0.0758567 0.0778146 0.0767201 0.0731722 0.0678468 0.06137 0.0542757 0.0469877 0.0398159 0.0329727 0.0266032 0.0208151 0.0156991 0.0113322 0.00776696 0.00501242 0.00302015
 0.00897006 0.0145598 0.0218835 0.0308436 0.0410926 0.0518783 0.0620178 0.0701877 0.0754103 0.0773717 0.0763613 0.0729754 0.0678565 0.0615801 0.0546345 0.0474207 0.0402529 0.0333655 0.0269296 0.021072 0.0158924 0.0114702 0.0078584 0.00506693 0.00304838
 0.00886296 0.0143828 0.0216132 0.0304595 0.0405854 0.0512602 0.0613292 0.069493 0.0747822 0.0768722 0.0760321 0.0728407 0.0679289 0.0618599 0.0551014 0.0480284 0.0409335 0.0340457 0.0275483 0.0215914 0.0162988 0.0117679 0.00806215 0.00519635 0.00312384
 0.00896742 0.0145392 0.0218221 0.0307091 0.0408502 0.0515017 0.0615001 0.069546 0.0746839 0.0766173 0.0756484 0.0723832 0.0674651 0.0614552 0.0548079 0.0478753 0.0409226 0.0341514 0.027727 0.0217958 0.0164905 0.0119245 0.0081763 0.0052714 0.0031684
