SBPRF35
7.78865
Curr Bio
536030
B35
675022
F35
0.209877
FOFL
0.158102
OFL
65118.1
Bzero
2.22533e+06
#pred survey bio
 4.76116e+06 4.46979e+06 4.19348e+06 3.86286e+06 3.52184e+06 3.17609e+06 2.86206e+06 2.52464e+06 2.27037e+06 2.01102e+06 1.76857e+06 1.54603e+06 1.36127e+06 1.18181e+06 1.05393e+06 950880 862466 796409 748277 701584 683306 668352 648511 630649 621291 609484 604269 602456 601163 595854 599613 596059 589131 587920 579610 572556 553089 553043 553421 564066 568129 571333 578418 586465 582100 582670 581711 579647 585493 590415 600809 590287 580283 585018 556880 546396 551704 544587 536557 536602 523362 550698 541773 1.82742e+07 1.07323e+07 1.08508e+07 1.1536e+07 1.2529e+07 1.35815e+07 1.45419e+07 1.53443e+07 1.59777e+07 1.64592e+07 1.68162e+07 1.70766e+07 1.72648e+07 1.74002e+07 1.74975e+07 1.75676e+07 1.76182e+07 1.7655e+07 1.76819e+07 1.77017e+07 1.77163e+07 1.77272e+07 1.77354e+07 1.77415e+07 1.77462e+07 1.77497e+07 1.77524e+07 1.77544e+07 1.7756e+07 1.77572e+07 1.77581e+07 1.77588e+07 1.77593e+07 1.77598e+07 1.77601e+07 1.77603e+07 1.77605e+07 1.77607e+07 1.77608e+07 1.77609e+07 1.77609e+07 1.7761e+07 1.7761e+07 1.77611e+07 1.77611e+07 1.77611e+07 1.77611e+07 1.77611e+07 1.77611e+07 1.77612e+07 1.77612e+07 1.77612e+07 1.77612e+07 1.77612e+07 1.77612e+07 1.77612e+07 1.77612e+07 1.77612e+07 1.77612e+07 1.77612e+07 1.77612e+07 1.77612e+07 1.77612e+07 1.77612e+07 1.77612e+07 1.77612e+07 1.77612e+07 1.77612e+07 1.77612e+07 1.77612e+07 1.77612e+07 1.77612e+07 1.77612e+07 1.77612e+07 1.77612e+07 1.77612e+07 1.77612e+07 1.77612e+07 1.77612e+07 1.77612e+07 1.77612e+07 1.77612e+07 1.77612e+07 1.77612e+07 1.77612e+07 1.77612e+07 1.77612e+07 1.77612e+07 1.77612e+07 1.77612e+07 1.77612e+07 1.77612e+07 1.77612e+07 1.77612e+07 1.77612e+07 1.77612e+07 1.77612e+07 1.77612e+07 1.77612e+07 1.77612e+07 0 0 0 0 0 0 0 0 0 0 0 0 0 0 0 0 0 0 0 0 0 0 0 0 0
#obs survey bio
 4.37712e+06 2.73035e+06 3.58973e+06 2.44549e+06 2.75883e+06 1.69793e+06 2.69048e+06 1.83645e+06 2.28284e+06 1.0621e+06 1.48075e+06 1.63741e+06 1.67101e+06 1.16199e+06 885325 794764 672938 639489 705395 664237 440204 649818 555614 578003 532884 615039 400158 416918 531649 646850 480252 516561 526453 467076 513866 593045 374295 429927 622084 561068 878158 546245 517920 467794 382882 614625 644678 493572 763476 352933 473542 679607 742742 560743 441799 599374 450478 673679 639099 362429 533884 769528 625120
#pred catch bio
 97114.3 92401.1 160537 198176 237026 244920 301895 258868 290264 296892 294709 271012 271474 229546 210319 198747 179239 161851 156338 128334 122823 123922 119215 109892 110158 103023 99041.3 97546 99419.2 90486.6 95478.3 96287.6 88975.5 91899.3 87450.5 96543.6 82831.2 86890.3 81059.8 87147.8 86844.6 83266.2 83380.4 94604.1 90998.8 92891.3 94074.4 87635.8 88649.5 84768.1 102573 100998 87712.4 113948 97820.1 84917 95406.1 95359.8 87950.7 97959.6 63230.3 91180.1 94076 65118.1 82277.5 81726.5 85594.2 92523.4 100126 107019 112661 116986 120153 122395 123943 124992 125692 126153 126454 126650 126775 126856 126908 126941 126962 126975 126983 126988 126992 126994 126995 126996 126997 126997 126997 126997 126997 126997 126997 126997 126997 126997 126997 126997 126997 126997 126997 126997 126997 126997 126997 126997 126997 126997 126997 126997 126997 126997 126997 126997 126997 126997 126997 126997 126997 126997 126997 126997 126997 126997 126997 126997 126997 126997 126997 126997 126997 126997 126997 126997 126997 126997 126997 126997 126997 126997 126997 126997 126997 126997 126997 126997 126997 126997 126997 126997 126997 126997 126997 126997 126997 126997 126997 0 0 0 0 0 0 0 0 0 0 0 0 0 0 0 0 0 0 0 0 0 0 0 0 0
#obs catch bio
 0 92026 161077 198908 238987 248162 309176 264246 298169 307188 306122 280181 280756 236322 217097 204776 185704 167719 161604 131095 125447 126642 121328 111842 112128 104748 100748 99208.6 101163 91554.3 96868.1 98028.4 90134.2 93230.1 88403.5 97710.6 83461.9 87652.8 81420.3 87855.8 86838 82904.4 83312.5 95071.8 91436.3 93361.8 94723.4 88248.6 88961.9 85065.1 103436 101986 87550.6 114739 98265.5 84867.6 95866.3 95702.1 87985.7 99180.4 63098.4 91626.7 94126.9
#pred cpue bio
 4.69444e+06 4.40839e+06 4.13568e+06 3.80644e+06 3.46614e+06 3.12106e+06 2.80765e+06 2.47175e+06 2.21845e+06 1.9606e+06 1.71998e+06 1.49984e+06 1.31758e+06 1.14085e+06 1.01469e+06 912999 825885 761104 714534 669832 652625 638431 619494 602393 593466 582172 577303 575733 574700 569843 573765 570523 564175 563554 556122 549835 530394 528841 528218 538603 543140 546771 553642 561157 556670 557053 556041 554008 559778 564679 574696 564336 554726 559607 532249 521779 526884 520051 512316 512463 499761 526830 519233 1.75474e+07 1.03134e+07 1.03042e+07 1.08539e+07 1.18018e+07 1.28441e+07 1.38026e+07 1.46046e+07 1.5238e+07 1.57195e+07 1.60764e+07 1.63369e+07 1.65251e+07 1.66605e+07 1.67578e+07 1.68278e+07 1.68785e+07 1.69153e+07 1.69422e+07 1.69619e+07 1.69766e+07 1.69875e+07 1.69956e+07 1.70018e+07 1.70064e+07 1.701e+07 1.70126e+07 1.70147e+07 1.70162e+07 1.70174e+07 1.70183e+07 1.7019e+07 1.70196e+07 1.702e+07 1.70203e+07 1.70206e+07 1.70208e+07 1.70209e+07 1.7021e+07 1.70211e+07 1.70212e+07 1.70213e+07 1.70213e+07 1.70213e+07 1.70213e+07 1.70214e+07 1.70214e+07 1.70214e+07 1.70214e+07 1.70214e+07 1.70214e+07 1.70214e+07 1.70214e+07 1.70214e+07 1.70214e+07 1.70214e+07 1.70214e+07 1.70214e+07 1.70214e+07 1.70214e+07 1.70214e+07 1.70214e+07 1.70214e+07 1.70214e+07 1.70214e+07 1.70214e+07 1.70214e+07 1.70214e+07 1.70214e+07 1.70214e+07 1.70214e+07 1.70214e+07 1.70214e+07 1.70214e+07 1.70214e+07 1.70214e+07 1.70214e+07 1.70214e+07 1.70214e+07 1.70214e+07 1.70214e+07 1.70214e+07 1.70214e+07 1.70214e+07 1.70214e+07 1.70214e+07 1.70214e+07 1.70214e+07 1.70214e+07 1.70214e+07 1.70214e+07 1.70214e+07 1.70214e+07 1.70214e+07 1.70214e+07 1.70214e+07 1.70214e+07 1.70214e+07 1.70214e+07 1.70214e+07 0 0 0 0 0 0 0 0 0 0 0 0 0 0 0 0 0 0 0 0 0 0 0 0 0
#obs cpue bio
 3.64079e+06 5.40109e+06 4.78311e+06 3.00598e+06 2.38577e+06 1.63866e+06 1.98834e+06 1.83334e+06 1.91019e+06 1.7242e+06 1.29799e+06 1.22523e+06 972466 785804 676972 856014 437536 499126 623028 661661 736507 503473 698808 429859 577590 425992 615326 631702 543227 506484 550854 410720 609739 602254 577716 579949 668314 688578 499523 428012 650926 805016 431886 512179 686401 503095 418440 502965 583546 707535 642550 380135 707320 477637 575315 571314 512177 431809 446718 449095 535990 466981 543110
#pred surv len freq
 0.00478508 0.00781675 0.0118527 0.0168995 0.0228444 0.0293666 0.0359145 0.0418478 0.046681 0.0502429 0.0526486 0.0541533 0.0550209 0.0554573 0.0555901 0.0554696 0.0550839 0.0543747 0.0532311 0.0514537 0.0487295 0.0446958 0.0391305 0.0321911 0.0245184
 0.00509214 0.00819438 0.0122014 0.0170647 0.0226747 0.0287966 0.0350211 0.0408333 0.045784 0.0496296 0.0523502 0.0540819 0.0550406 0.0554651 0.0555647 0.0554722 0.0552174 0.0547222 0.0538016 0.0521632 0.049431 0.045243 0.0394409 0.0322715 0.0244426
 0.0054188 0.00872873 0.0130021 0.0181631 0.024039 0.0302952 0.0364161 0.0418369 0.0461721 0.0493503 0.0515486 0.0530168 0.053953 0.0544866 0.0547161 0.0547271 0.0545677 0.0541971 0.0534375 0.0519591 0.0493291 0.0451527 0.0392884 0.032037 0.0241606
 0.00574693 0.00925645 0.0137869 0.0192574 0.0254815 0.0320918 0.0385097 0.0440782 0.0483144 0.0510891 0.0526062 0.0532408 0.0533729 0.0532906 0.0531594 0.0530347 0.052887 0.0526084 0.0519846 0.0506649 0.048194 0.0441568 0.0384082 0.0312658 0.0235135
 0.00609523 0.00981145 0.0146018 0.0203756 0.0269315 0.0338776 0.0405985 0.0463904 0.0507209 0.0534132 0.0546297 0.0547253 0.0541078 0.0531588 0.0521857 0.0513797 0.0507876 0.0503016 0.049657 0.048441 0.0461492 0.0423363 0.0368414 0.0299741 0.0225084
 0.00642103 0.0103401 0.0153955 0.0214911 0.0284092 0.0357251 0.0427737 0.0487975 0.0532246 0.0558624 0.0568722 0.0566065 0.0554639 0.0538265 0.0520375 0.0503728 0.0489957 0.0479049 0.0468945 0.0455538 0.0433423 0.0397661 0.0346186 0.0281664 0.0211382
 0.00667583 0.0107578 0.0160311 0.0223999 0.0296383 0.037299 0.0446774 0.0509676 0.055555 0.0582207 0.0591177 0.0586007 0.0570723 0.0549153 0.0524759 0.0500518 0.0478626 0.0459993 0.0443615 0.0426225 0.0402806 0.036831 0.0320183 0.0260364 0.0195314
 0.00702911 0.0113171 0.0168455 0.0235064 0.0310577 0.0390288 0.0466821 0.0531736 0.057857 0.0604974 0.0612474 0.0604695 0.0585757 0.055955 0.0529556 0.0498779 0.0469587 0.0443355 0.0419902 0.0396993 0.0370539 0.033598 0.0290629 0.0235698 0.0176559
 0.00729824 0.0117494 0.0174862 0.0243943 0.032218 0.0404633 0.0483585 0.0550237 0.0597879 0.0624103 0.0630523 0.0620883 0.0599361 0.0569822 0.0535672 0.0499836 0.0464692 0.0431841 0.0401663 0.037283 0.0342306 0.0306371 0.0262591 0.02117 0.0158013
 0.00757461 0.012201 0.0181696 0.0253623 0.0335077 0.0420782 0.0502513 0.0570924 0.0618933 0.0644074 0.0648187 0.0635386 0.0610209 0.0576753 0.0538485 0.0498234 0.0458217 0.0419981 0.0384139 0.0349996 0.0315463 0.0277767 0.0234991 0.0187655 0.013916
 0.0077619 0.0125222 0.0186841 0.0261364 0.0346008 0.0435202 0.0520203 0.0591051 0.0640158 0.0664811 0.066689 0.0650778 0.0621413 0.058333 0.0540343 0.0495447 0.0450837 0.0407952 0.0367419 0.0328863 0.0290875 0.025151 0.0209433 0.0165134 0.0121298
 0.00799184 0.0128873 0.0192186 0.0268698 0.0355567 0.044713 0.0534462 0.0607324 0.0657787 0.0682807 0.0684022 0.0665738 0.0633016 0.0590696 0.0542993 0.0493273 0.0443968 0.0396611 0.0351883 0.0309592 0.0268761 0.0228043 0.0186587 0.0144912 0.0105152
 0.0082457 0.0132867 0.0197949 0.0276424 0.0365302 0.0458723 0.0547532 0.0621273 0.0671906 0.0696413 0.0696533 0.0676626 0.0641727 0.059662 0.0545531 0.0491961 0.0438564 0.038712 0.0338546 0.0292924 0.0249643 0.0207807 0.0166906 0.0127469 0.00911783
 0.00866711 0.0139407 0.0207202 0.0288519 0.0380066 0.0475647 0.0565722 0.0639485 0.0688734 0.0710591 0.07072 0.0683429 0.0644733 0.0596119 0.0541833 0.0485266 0.0428956 0.037465 0.0323365 0.0275426 0.0230579 0.0188314 0.0148396 0.0111322 0.00783696
 0.00898202 0.0144405 0.0214489 0.0298394 0.0392606 0.0490588 0.0582354 0.0656657 0.0705033 0.072465 0.0717967 0.0690303 0.0647564 0.0595113 0.0537416 0.0477926 0.0419114 0.0362614 0.0309391 0.0259857 0.0214001 0.0171625 0.0132716 0.00977443 0.00676521
 0.00924553 0.0148597 0.0220621 0.0306756 0.0403326 0.0503545 0.0597072 0.0672262 0.0720356 0.0738423 0.0729048 0.0697847 0.0651111 0.0594609 0.0533153 0.0470434 0.0409016 0.0350503 0.0295785 0.0245249 0.0198965 0.0156899 0.0119163 0.00861821 0.00586208
 0.0093652 0.0150733 0.0224184 0.03123 0.0411329 0.0514184 0.0610026 0.0686675 0.0735002 0.0751987 0.0740377 0.0706077 0.0655707 0.0595362 0.0530167 0.0464084 0.0399874 0.0339241 0.0283088 0.0231779 0.0185384 0.0143901 0.0107454 0.00763696 0.00510618
 0.00928893 0.0149771 0.0223265 0.031187 0.0411976 0.0516512 0.0614502 0.0693489 0.0743962 0.0762479 0.0751419 0.0716491 0.0664357 0.0601364 0.0533009 0.046364 0.0396353 0.0333101 0.0274949 0.0222349 0.0175407 0.0134118 0.00985483 0.00688833 0.0045297
 0.0091694 0.0147901 0.0220607 0.0308422 0.0407916 0.0512266 0.0610779 0.0691201 0.0744009 0.0765451 0.0757362 0.0724837 0.0674048 0.0611098 0.0541526 0.0469959 0.0399907 0.0333768 0.0272994 0.0218318 0.0170015 0.0128142 0.00927197 0.0063784 0.00412773
 0.00931153 0.0149789 0.0222669 0.0310124 0.0408636 0.0511544 0.0608531 0.0687807 0.0740221 0.0762207 0.075555 0.0725074 0.0676501 0.0615419 0.054692 0.047539 0.0404369 0.0336521 0.0273698 0.0217057 0.0167212 0.0124422 0.00887537 0.00601424 0.00383287
 0.00936069 0.0150469 0.0223457 0.0310827 0.040895 0.0511087 0.0606924 0.0684803 0.0735878 0.0757007 0.0750385 0.0721038 0.0674559 0.0616091 0.0550114 0.0480437 0.0410229 0.0342076 0.0278043 0.0219689 0.0168085 0.0123868 0.0087314 0.00583804 0.00366834
 0.00929569 0.0149608 0.0222517 0.0310033 0.0408536 0.0511158 0.0607356 0.0685239 0.0735842 0.0756099 0.074847 0.0718363 0.0671735 0.0613915 0.0549297 0.0481332 0.0412685 0.0345498 0.0281611 0.0222647 0.0169969 0.0124593 0.00871109 0.00576407 0.00357887
 0.00936319 0.0150495 0.0223473 0.0310825 0.0408935 0.051108 0.0606934 0.0684761 0.0735569 0.0756076 0.0748468 0.0718014 0.0670765 0.0612354 0.0547513 0.0479877 0.0412035 0.0345826 0.028272 0.0224078 0.0171227 0.0125348 0.00872908 0.00573829 0.00353216
 0.00942583 0.0151481 0.0224883 0.0312663 0.0411107 0.0513359 0.060897 0.068617 0.073608 0.0755655 0.0747325 0.0716456 0.0669028 0.0610531 0.054563 0.0478022 0.0410412 0.0344678 0.028218 0.0224078 0.0171527 0.0125666 0.00874346 0.00573081 0.00350981
 0.00940936 0.0151237 0.0224564 0.0312298 0.0410749 0.051308 0.0608842 0.068623 0.07363 0.0755935 0.0747534 0.0716503 0.066891 0.0610313 0.0545388 0.0477807 0.041026 0.0344638 0.028231 0.0224402 0.017199 0.0126147 0.00878099 0.00575138 0.00351468
 0.00941963 0.0151387 0.0224759 0.0312523 0.0410986 0.0513312 0.0609063 0.0686445 0.0736516 0.0756153 0.0747728 0.0716621 0.0668885 0.0610104 0.0545003 0.0477304 0.0409727 0.0344163 0.0281966 0.0224225 0.0171972 0.0126237 0.00879332 0.0057607 0.00351831
 0.00942194 0.0151353 0.0224576 0.0312071 0.0410154 0.0512061 0.0607473 0.0684716 0.073492 0.0754948 0.0747091 0.0716608 0.0669434 0.0611063 0.0546177 0.0478513 0.0410845 0.0345135 0.028279 0.0224928 0.0172577 0.0126747 0.00883391 0.00578985 0.00353647
 0.00936657 0.015054 0.0223513 0.0310811 0.0408768 0.0510601 0.0605954 0.0683143 0.0733336 0.0753477 0.0745934 0.0715983 0.0669499 0.0611845 0.0547566 0.0480301 0.0412789 0.0347025 0.0284486 0.0226362 0.0173736 0.0127647 0.00890038 0.00583586 0.00356567
 0.00927016 0.0149083 0.0221528 0.0308353 0.0405974 0.0507675 0.0603146 0.0680711 0.0731492 0.0752339 0.074551 0.0716216 0.0670319 0.0613203 0.0549414 0.0482547 0.0415284 0.0349573 0.0286893 0.0228478 0.0175478 0.0128995 0.00899841 0.00590252 0.00360766
 0.00929599 0.0149338 0.0221612 0.0308019 0.0404978 0.0505895 0.0600671 0.0677852 0.0728678 0.0749975 0.0743864 0.0715379 0.0670243 0.0613768 0.055049 0.048402 0.0417047 0.0351507 0.0288856 0.0230324 0.0177086 0.0130291 0.00909518 0.00596932 0.00365012
 0.00923535 0.0148416 0.0220336 0.0306379 0.0402968 0.0503498 0.0597868 0.0674674 0.0725282 0.0746679 0.0741106 0.0713597 0.0669729 0.0614577 0.0552447 0.048681 0.0420317 0.0354937 0.0292187 0.0233357 0.0179679 0.0132367 0.00924986 0.00607604 0.00371789
 0.00906193 0.0145966 0.0217332 0.0303197 0.040009 0.0501322 0.0596563 0.0674137 0.0725221 0.0746753 0.0741069 0.071339 0.0669492 0.0614579 0.0552955 0.0487971 0.0422106 0.0357187 0.0294654 0.0235795 0.0181886 0.0134209 0.00939165 0.00617639 0.00378292
 0.00895541 0.0144206 0.0214653 0.0299436 0.039525 0.04957 0.0590808 0.0669143 0.0721832 0.0745434 0.0741738 0.0715517 0.0672389 0.0617691 0.0556006 0.049093 0.0425056 0.0360185 0.0297663 0.0238687 0.0184497 0.0136402 0.0095619 0.00629788 0.00386223
 0.00875455 0.0141151 0.0210446 0.0294107 0.0388946 0.0488655 0.058336 0.0661784 0.0715242 0.0740409 0.0739009 0.0715509 0.0675052 0.0622502 0.0562166 0.0497641 0.0431714 0.0366434 0.0303327 0.0243669 0.0188721 0.013981 0.00982021 0.00647975 0.00398009
 0.00870583 0.0140217 0.0208785 0.0291397 0.0384925 0.0483271 0.0576884 0.0654798 0.0708485 0.0734587 0.0734675 0.0713046 0.0674688 0.0624278 0.0565877 0.0502824 0.0437745 0.0372683 0.0309287 0.0249007 0.0193251 0.0143454 0.0100962 0.00667458 0.00410704
 0.00933046 0.0148896 0.0219112 0.0301703 0.0393104 0.0487514 0.0576293 0.0649578 0.0699706 0.0723756 0.0723338 0.0702529 0.066596 0.0617914 0.0562074 0.0501451 0.0438411 0.0374823 0.0312277 0.0252277 0.0196367 0.0146139 0.0103084 0.00682892 0.00420996
 0.0101174 0.016117 0.0236521 0.0324328 0.0420079 0.0516747 0.0604407 0.0672394 0.0713375 0.0726069 0.0714474 0.068481 0.0642849 0.0592895 0.0537916 0.0479952 0.0420475 0.0360664 0.0301646 0.0244663 0.019116 0.0142744 0.0100984 0.00670672 0.0041437
 0.00996326 0.0159865 0.0236768 0.0328067 0.0429325 0.0532712 0.062669 0.0698706 0.0739954 0.0748625 0.0729296 0.0689707 0.0637646 0.057933 0.0518957 0.0458861 0.0400004 0.0342642 0.0286952 0.0233432 0.0183061 0.013722 0.00974248 0.0064909 0.00402135
 0.00962269 0.0154779 0.0230025 0.0320181 0.0421415 0.0526514 0.0624381 0.0702387 0.0750813 0.0766116 0.0750865 0.0711378 0.065528 0.0589944 0.0521532 0.0454348 0.0390669 0.0331144 0.0275557 0.0223603 0.0175432 0.0131799 0.0093868 0.00627463 0.00389953
 0.00927342 0.0149286 0.0222131 0.030971 0.0408547 0.051196 0.0609552 0.0689401 0.0742188 0.0764135 0.0756803 0.072488 0.0674204 0.0610847 0.0540694 0.0468919 0.0399419 0.0334512 0.0275083 0.0221134 0.0172478 0.0129259 0.00920684 0.00616483 0.00384081
 0.00919989 0.0147862 0.0219566 0.0305451 0.0402076 0.0503033 0.0598428 0.0676963 0.0729886 0.0753785 0.0750277 0.0723709 0.0679108 0.0621341 0.055501 0.0484422 0.0413425 0.0345135 0.0281697 0.0224258 0.0173256 0.0128872 0.00913612 0.00610489 0.00380327
 0.009438 0.0151133 0.0223362 0.0309012 0.0404399 0.0503143 0.0595652 0.06711 0.0721273 0.0743302 0.0739293 0.0713916 0.0672209 0.0618627 0.0556937 0.0490381 0.0421864 0.0354062 0.0289365 0.0229688 0.0176362 0.0130194 0.00916412 0.00608982 0.00378069
 0.00953943 0.0152888 0.0226166 0.0313119 0.0409833 0.0509473 0.0601872 0.0675766 0.0722941 0.074107 0.0733181 0.0704897 0.0661935 0.0608991 0.0549603 0.048638 0.0421335 0.0356267 0.0293007 0.023343 0.0179278 0.0131962 0.0092424 0.00610714 0.00377189
 0.00948817 0.0152261 0.0225614 0.0312975 0.0410516 0.0511363 0.0605151 0.0680262 0.0728032 0.074573 0.0736208 0.0705312 0.065939 0.0603973 0.0543312 0.0480313 0.0416773 0.0353865 0.0292665 0.0234475 0.0180847 0.013337 0.00933491 0.00615155 0.00378454
 0.00953723 0.0153019 0.0226686 0.0314399 0.0412336 0.0513649 0.0607992 0.0683721 0.0732062 0.0750068 0.0740315 0.0708417 0.0660674 0.0602871 0.0539794 0.047499 0.0410724 0.0348257 0.0288338 0.0231714 0.0179428 0.0132807 0.00931745 0.00614373 0.00377563
 0.00950652 0.0152607 0.022623 0.0314009 0.0412147 0.0513783 0.0608528 0.0684698 0.0733508 0.0752006 0.0742722 0.0711138 0.0663355 0.0604979 0.0540775 0.0474505 0.0408845 0.0345472 0.0285358 0.0229171 0.0177654 0.0131794 0.00927053 0.00612573 0.00376871
 0.00949499 0.0152423 0.0225962 0.0313659 0.0411743 0.0513395 0.0608269 0.0684706 0.0733901 0.0752844 0.0743992 0.071276 0.0665187 0.0606809 0.0542312 0.0475424 0.04089 0.0344631 0.028385 0.0227404 0.0176035 0.0130576 0.00919351 0.00608415 0.00374891
 0.00945248 0.0151835 0.0225266 0.0312966 0.0411188 0.0513079 0.0608227 0.0684907 0.0734292 0.0753392 0.0744699 0.0713644 0.0666251 0.0608003 0.0543519 0.0476464 0.0409571 0.0344777 0.0283442 0.022657 0.0175013 0.0129612 0.0091189 0.00603533 0.00372139
 0.00942037 0.015121 0.0224148 0.0311145 0.0408525 0.0509624 0.06043 0.0681065 0.0731164 0.0751473 0.0744212 0.0714537 0.0668279 0.0610837 0.0546812 0.0479877 0.0412787 0.0347527 0.0285549 0.0227987 0.0175824 0.012999 0.00913213 0.00603831 0.00372183
 0.00953141 0.0152748 0.0225958 0.0312897 0.0409777 0.0509949 0.0603418 0.0678934 0.0728013 0.0747775 0.0740586 0.0711588 0.0666436 0.0610252 0.0547371 0.0481285 0.041467 0.0349521 0.0287356 0.0229415 0.0176807 0.0130571 0.00916083 0.0060497 0.00372521
 0.00943401 0.0151489 0.022465 0.0311923 0.0409513 0.0510548 0.0604656 0.0680253 0.0728754 0.0747479 0.0739198 0.0709461 0.0664164 0.0608443 0.0546444 0.0481376 0.041565 0.0351084 0.028914 0.0231104 0.0178194 0.0131575 0.00922533 0.00608666 0.00374425
 0.00933351 0.0150169 0.0223253 0.0310887 0.0409385 0.0511811 0.0607541 0.0684607 0.0734006 0.0752727 0.0743416 0.0711807 0.0664267 0.0606513 0.0543159 0.0477597 0.041212 0.0348247 0.0287117 0.0229787 0.0177378 0.0131063 0.00919114 0.0060625 0.00372724
 0.00933425 0.0150001 0.0222691 0.0309671 0.0407357 0.0509094 0.0604651 0.0682366 0.0733251 0.075393 0.0746448 0.0715954 0.0668498 0.0609866 0.0545066 0.047801 0.041142 0.0347002 0.0285835 0.0228767 0.01767 0.0130669 0.0091699 0.00605081 0.00372017
 0.00934145 0.0149939 0.0222261 0.0308535 0.0405148 0.0505555 0.059979 0.0676568 0.0727278 0.0748803 0.0743192 0.071527 0.0670496 0.0614003 0.0550343 0.0483356 0.0416044 0.0350564 0.0288384 0.0230551 0.0177979 0.0131616 0.0092397 0.00609977 0.0037517
 0.009615 0.0154254 0.0228479 0.0316782 0.0415232 0.0516824 0.061106 0.0686249 0.0733766 0.0751008 0.0740919 0.0709271 0.0662161 0.0604863 0.0541609 0.0475674 0.0409536 0.0345058 0.0283677 0.0226549 0.0174691 0.0129069 0.00905646 0.00597813 0.00367735
 0.00960334 0.015426 0.0228853 0.0317891 0.0417482 0.0520521 0.0616252 0.069261 0.0740582 0.0757273 0.0745558 0.0711443 0.066154 0.0601754 0.0536819 0.0470193 0.0404196 0.0340345 0.0279742 0.022335 0.0172139 0.0127096 0.00891182 0.00587944 0.00361548
 0.00951246 0.0152736 0.0226498 0.0314539 0.0413135 0.0515493 0.0611248 0.0688639 0.0738652 0.0758005 0.074891 0.0716693 0.0667543 0.0607336 0.0541147 0.0472964 0.0405586 0.0340789 0.0279684 0.0223098 0.0171846 0.0126821 0.0088882 0.00586087 0.0036024
 0.0095032 0.0152676 0.022656 0.0314826 0.0413691 0.0516226 0.0611909 0.0688917 0.0738373 0.0757293 0.0748184 0.0716463 0.0668116 0.0608627 0.054272 0.0474263 0.0406206 0.0340624 0.0278903 0.0222 0.0170712 0.0125831 0.00881133 0.0058065 0.00356714
 0.009525 0.0152976 0.0226916 0.0315196 0.0414043 0.0516569 0.0612295 0.0689396 0.0738922 0.0757789 0.0748465 0.0716451 0.0667894 0.0608406 0.0542687 0.0474441 0.0406434 0.0340672 0.0278622 0.0221396 0.0169916 0.0125014 0.00874075 0.00575322 0.00353134
 0.00941527 0.0151362 0.0224803 0.0312709 0.0411383 0.0513956 0.0609931 0.0687462 0.0737591 0.0757209 0.0748716 0.0717498 0.0669589 0.0610538 0.0545055 0.0476882 0.0408803 0.0342814 0.0280383 0.0222677 0.0170713 0.0125416 0.00875476 0.00575374 0.0035271
 0.00932835 0.0150163 0.0223395 0.031134 0.041036 0.0513534 0.0610216 0.0688377 0.073891 0.0758644 0.0750002 0.0718462 0.0670183 0.0610818 0.0545134 0.0476876 0.0408794 0.0342834 0.0280412 0.0222666 0.0170624 0.0125244 0.00873262 0.0057315 0.00350871
 0.00865816 0.0140012 0.0209535 0.0294103 0.0390668 0.0492823 0.0590344 0.0671447 0.0726912 0.0752973 0.0751102 0.0725767 0.0682366 0.0626188 0.0562001 0.0493802 0.0424707 0.035703 0.0292502 0.0232503 0.0178247 0.0130837 0.00911838 0.00597992 0.00365704
 0.00829116 0.0134281 0.0201367 0.0283353 0.0377501 0.0477803 0.0574507 0.0656259 0.0714032 0.0743891 0.0746806 0.0726589 0.0687991 0.0635782 0.0574389 0.0507679 0.0438833 0.0370384 0.0304359 0.0242446 0.0186126 0.0136722 0.00953061 0.00624893 0.00381949
#obs surv len freq
 nan nan nan nan nan nan nan nan nan nan nan nan nan nan nan nan nan nan nan nan nan nan nan nan nan
 0.00449225 0.00735691 0.0111898 0.0160077 0.0217081 0.0279817 0.0342928 0.0400207 0.0446971 0.0481582 0.0505137 0.0520075 0.052898 0.053409 0.0537222 0.0539762 0.0542541 0.0545465 0.0546849 0.0542768 0.052715 0.0493477 0.0437984 0.0362798 0.0276649
 0.00461412 0.00756055 0.0115059 0.0164671 0.0223334 0.028775 0.0352245 0.0410271 0.0456905 0.049046 0.0512166 0.0524708 0.0530958 0.0533427 0.0534156 0.0534677 0.0535878 0.0537652 0.0538281 0.0533815 0.0518205 0.0484975 0.0430377 0.035647 0.0271813
 0.00477763 0.00782545 0.0119033 0.0170262 0.0230774 0.0297131 0.036342 0.0422783 0.0469999 0.0503169 0.0523446 0.0533581 0.0536655 0.0535491 0.0532485 0.0529496 0.0527656 0.0527 0.0525872 0.052036 0.0504457 0.047174 0.0418453 0.0346515 0.026419
 0.00496641 0.0081349 0.0123736 0.0176959 0.0239756 0.0308473 0.0376863 0.0437706 0.0485513 0.0518281 0.053719 0.0545066 0.0545071 0.0540147 0.0532889 0.0525447 0.0519292 0.0514797 0.0510586 0.0502972 0.0486129 0.0453746 0.040205 0.0332727 0.0253593
 0.00517617 0.0084783 0.012895 0.0184384 0.0249733 0.0321124 0.0391953 0.0454589 0.050321 0.0535661 0.0553144 0.0558616 0.0555399 0.0546578 0.053488 0.0522609 0.0511461 0.0502129 0.0493647 0.0482771 0.0464092 0.0431587 0.0381525 0.0315299 0.0240114
 0.00540382 0.00885122 0.0134616 0.0192458 0.0260584 0.0334882 0.0408362 0.0472953 0.0522487 0.0554654 0.0570684 0.057367 0.05671 0.0554224 0.0537909 0.0520586 0.0504102 0.0489386 0.0475856 0.0460805 0.0439432 0.040622 0.0357625 0.0294758 0.0224097
 0.00563662 0.00923275 0.0140416 0.020073 0.0271716 0.0349019 0.0425256 0.0491906 0.0542442 0.0574394 0.0589017 0.058954 0.0579625 0.0562687 0.0541734 0.0519309 0.0497373 0.0477037 0.0458054 0.043826 0.0413555 0.0379089 0.033166 0.0272167 0.0206319
 0.00589436 0.00965383 0.0146792 0.0209779 0.0283823 0.0364296 0.0443382 0.0512073 0.0563474 0.0594967 0.0607881 0.0605636 0.0592115 0.057093 0.0545242 0.0517692 0.0490319 0.0464357 0.0439829 0.0415077 0.0386727 0.035068 0.0304198 0.0248054 0.0187196
 0.00613689 0.0100528 0.0152883 0.0218502 0.0295599 0.0379272 0.0461267 0.0532075 0.0584412 0.0615502 0.0626734 0.0621719 0.0604573 0.0579132 0.0548734 0.0516141 0.0483469 0.0452043 0.0422106 0.0392449 0.0360384 0.0322582 0.0276826 0.022384 0.0167861
 0.00639359 0.0104723 0.0159236 0.0227521 0.0307673 0.0394516 0.047936 0.0552202 0.0605371 0.0635929 0.0645324 0.0637369 0.0616437 0.0586618 0.0551464 0.0513882 0.0476074 0.0439443 0.0404405 0.037013 0.033455 0.0295064 0.024998 0.0200021 0.0148772
 0.00660762 0.0108272 0.016471 0.023544 0.0318465 0.0408346 0.0495966 0.0570836 0.0624909 0.0655094 0.0662888 0.0652282 0.0627869 0.0593959 0.0554308 0.0511985 0.0469308 0.0427784 0.0387998 0.0349452 0.0310625 0.0269563 0.0225059 0.0177853 0.0130952
 0.00684166 0.0112076 0.0170434 0.0243512 0.0329206 0.0421846 0.0511946 0.058859 0.064339 0.0673086 0.0679214 0.0665929 0.0638059 0.0600159 0.0556201 0.0509417 0.0462233 0.0416248 0.0372196 0.0329872 0.0288224 0.024586 0.0201996 0.0157382 0.0114506
 0.00703278 0.0115248 0.0175325 0.0250583 0.0338818 0.0434107 0.0526561 0.0604827 0.0660196 0.0689319 0.0693825 0.0678064 0.064707 0.0605589 0.0557759 0.0506954 0.0455714 0.0405741 0.0357915 0.0312289 0.0268216 0.022478 0.0181547 0.0139263 0.00999619
 0.00727297 0.0119118 0.0181081 0.0258591 0.0349312 0.0447082 0.054165 0.062125 0.0676857 0.0705004 0.0707415 0.0688686 0.0654156 0.0608867 0.0557183 0.0502621 0.0447785 0.0394422 0.0343495 0.0295253 0.0249368 0.0205309 0.0162919 0.0122918 0.00869286
 0.00742151 0.0121644 0.0185086 0.026454 0.0357591 0.045782 0.0554567 0.0635621 0.0691648 0.0719094 0.0719798 0.0698566 0.0660972 0.0612285 0.0557076 0.0499037 0.0440899 0.0384492 0.0330871 0.0280432 0.0233095 0.0188619 0.0147049 0.0109062 0.00759214
 0.00749872 0.0122892 0.0186965 0.0267221 0.036127 0.0462711 0.0560849 0.0643357 0.0700688 0.0729016 0.0729923 0.0708056 0.066898 0.0618095 0.0560185 0.0499169 0.0437986 0.0378645 0.0322364 0.0269729 0.0220882 0.0175817 0.0134723 0.00982197 0.0067271
 0.00760873 0.0124584 0.0189331 0.0270276 0.0364967 0.0466957 0.0565528 0.064835 0.0705903 0.0734402 0.0735432 0.0713558 0.0674189 0.0622551 0.0563333 0.0500483 0.0437077 0.0375333 0.0316707 0.0262034 0.0211714 0.0165966 0.0125104 0.00896936 0.00604394
 0.00766256 0.0125466 0.0190666 0.0272158 0.0367446 0.0469995 0.0568973 0.0651956 0.0709414 0.0737648 0.0738389 0.0716322 0.0676869 0.062515 0.0565662 0.0502168 0.0437648 0.0374359 0.0313936 0.0257485 0.0205712 0.015911 0.0118151 0.00833827 0.00553063
 0.00771247 0.0126193 0.0191607 0.0273258 0.0368637 0.047124 0.0570287 0.0653392 0.0711011 0.07394 0.0740235 0.0718188 0.0678707 0.0626943 0.056738 0.0503687 0.0438716 0.0374628 0.0313067 0.025529 0.0202262 0.0154757 0.0113453 0.00789413 0.00515961
 0.00775795 0.0126886 0.0192562 0.0274454 0.0370007 0.0472673 0.057164 0.0654526 0.0711846 0.0739949 0.0740611 0.0718545 0.0679176 0.0627581 0.0568166 0.0504531 0.0439457 0.0375034 0.0312869 0.0254265 0.0200337 0.0152079 0.011037 0.00758934 0.00489679
 0.0078229 0.0127879 0.0193937 0.02762 0.0372057 0.0474906 0.0573883 0.0656565 0.0713456 0.0740959 0.0740955 0.0718289 0.0678492 0.0626695 0.0567282 0.0503769 0.0438828 0.0374439 0.0312134 0.0253199 0.0198819 0.0150127 0.0108157 0.00736945 0.00470496
 0.0078542 0.0128377 0.0194663 0.0277181 0.0373295 0.0476364 0.0575469 0.0658142 0.0714864 0.0742052 0.0741633 0.0718514 0.0678294 0.0626162 0.0566544 0.0502966 0.043806 0.0373734 0.0311432 0.0252389 0.0197794 0.0148853 0.0106708 0.00722274 0.00457424
 0.00788031 0.0128743 0.0195108 0.0277651 0.0373726 0.0476717 0.0575754 0.0658407 0.071517 0.0742434 0.0742078 0.0718965 0.0678675 0.0626407 0.0566623 0.050289 0.043787 0.0373471 0.0311107 0.0251971 0.0197235 0.0148126 0.0105844 0.00713194 0.00449059
 0.00787662 0.0128719 0.0195134 0.0277775 0.0373985 0.0477105 0.0576208 0.0658827 0.0715466 0.0742577 0.0742112 0.0718976 0.0678736 0.062654 0.0566795 0.0503046 0.0437962 0.0373472 0.031101 0.0251768 0.0196914 0.0147686 0.0105309 0.00707452 0.00443663
 0.0078962 0.0128943 0.0195302 0.0277761 0.0373672 0.0476453 0.0575297 0.0657839 0.0714614 0.0742014 0.074189 0.0719062 0.0679065 0.0627051 0.0567432 0.0503752 0.0438667 0.0374108 0.0311517 0.0252109 0.0197075 0.0147673 0.0105153 0.00704981 0.00440917
 0.0078833 0.0128768 0.0195097 0.0277548 0.0373457 0.0476196 0.0574913 0.0657237 0.0713761 0.0740992 0.0740888 0.0718307 0.0678724 0.0627178 0.0567973 0.0504585 0.0439653 0.0375116 0.031244 0.0252871 0.0197631 0.0148013 0.0105301 0.00705041 0.00440153
 0.00788594 0.0128722 0.019487 0.0276998 0.037246 0.0474723 0.0573077 0.065527 0.0711935 0.0739518 0.0739873 0.0717779 0.0678681 0.0627616 0.0568871 0.0505875 0.0441211 0.0376783 0.0314057 0.0254304 0.0198792 0.0148869 0.0105865 0.00708256 0.00441645
 0.00787102 0.012852 0.0194634 0.0276755 0.0372215 0.0474426 0.057262 0.065453 0.0710846 0.0738142 0.0738404 0.0716468 0.0677752 0.0627198 0.0568991 0.0506486 0.0442217 0.0378053 0.0315438 0.0255644 0.0199968 0.0149801 0.0106531 0.00712496 0.00444009
 0.00788269 0.0128624 0.0194636 0.027653 0.037165 0.0473483 0.0571371 0.0653141 0.07095 0.073696 0.0737423 0.0715686 0.0677184 0.0626904 0.056905 0.0506947 0.0443068 0.0379214 0.0316782 0.0257024 0.0201244 0.015087 0.0107341 0.00718031 0.00447392
 0.00786136 0.0128322 0.0194259 0.0276105 0.0371194 0.0472971 0.0570736 0.0652301 0.0708426 0.0735721 0.073618 0.0714629 0.0676459 0.0626579 0.0569131 0.0507406 0.0443866 0.0380295 0.0318057 0.0258375 0.0202542 0.0152002 0.0108236 0.00724432 0.0045151
 0.00781291 0.0127535 0.0193083 0.0274477 0.0369106 0.0470509 0.0568098 0.0649771 0.0706291 0.0734181 0.0735309 0.07144 0.0676805 0.0627431 0.0570421 0.0509059 0.0445788 0.0382378 0.0320189 0.0260437 0.020442 0.0153599 0.0109492 0.00733482 0.00457449
 0.00779697 0.0127221 0.019251 0.0273516 0.0367634 0.0468467 0.0565542 0.0646894 0.0703397 0.0731615 0.0733375 0.0713298 0.0676592 0.0628041 0.0571709 0.0510853 0.0447921 0.0384697 0.0322551 0.0262711 0.0206482 0.0155352 0.0110878 0.00743579 0.00464168
 0.00777167 0.0126809 0.0191884 0.0272619 0.0366408 0.0466866 0.056355 0.0644552 0.0700823 0.0729014 0.0731019 0.0711477 0.0675551 0.0627915 0.0572496 0.0512423 0.0450067 0.0387187 0.0325162 0.026525 0.0208791 0.0157317 0.0112432 0.00754939 0.00471776
 0.00774015 0.0126284 0.0191074 0.027145 0.0364829 0.0464876 0.0561224 0.0642036 0.0698305 0.072668 0.0729028 0.0709964 0.0674642 0.062772 0.0573083 0.0513786 0.0452103 0.0389706 0.0327928 0.0268019 0.0211353 0.0159515 0.011418 0.00767747 0.00480381
 0.00934216 0.014871 0.0218141 0.0299279 0.0388557 0.0480448 0.056682 0.0638341 0.068769 0.0711991 0.0712695 0.0693668 0.0659383 0.0614036 0.0561239 0.0503887 0.0444143 0.0383584 0.0323452 0.0264929 0.0209357 0.0158321 0.0113531 0.00764631 0.00479123
 0.00930163 0.0151057 0.0226976 0.0319257 0.0423232 0.0529542 0.0624482 0.0694107 0.0730203 0.0733483 0.071155 0.0673843 0.0627656 0.0577096 0.0524029 0.0469336 0.041366 0.0357673 0.030214 0.0247989 0.0196401 0.0148846 0.0106956 0.00721702 0.0045298
 0.00897186 0.0145837 0.0219603 0.0310192 0.041418 0.0523845 0.062673 0.0708499 0.0758037 0.077128 0.0751471 0.0706671 0.0646644 0.0580314 0.0514068 0.0451148 0.0392221 0.0336626 0.0283549 0.0232705 0.0184536 0.014012 0.0100894 0.00682171 0.00428966
 0.00879006 0.0142779 0.0214818 0.0303195 0.0404671 0.0512044 0.0613807 0.0696866 0.0751155 0.0772715 0.0763313 0.0728037 0.0673324 0.0606137 0.0533398 0.046104 0.0393012 0.0330946 0.027469 0.0223366 0.0176343 0.0133739 0.00963595 0.00652465 0.00411
 0.00872322 0.0141635 0.021298 0.0300395 0.0400616 0.0506482 0.060665 0.0688364 0.0742103 0.0764609 0.0758263 0.0728238 0.0680101 0.0618993 0.0549757 0.0477085 0.0405253 0.0337572 0.0275945 0.0220903 0.0172184 0.0129473 0.00928586 0.00627693 0.00395418
 0.00872471 0.0141589 0.0212773 0.0299876 0.0399594 0.0504759 0.0604054 0.0684782 0.0737535 0.0759262 0.0752688 0.072343 0.0677398 0.0619668 0.0554373 0.0484985 0.0414604 0.0346073 0.0281818 0.0223544 0.017213 0.0127857 0.00907823 0.00609415 0.00382372
 0.00870341 0.0141307 0.0212465 0.0299604 0.0399406 0.0504633 0.0603861 0.0684297 0.0736498 0.075747 0.0750094 0.0720232 0.0674102 0.0617058 0.0553332 0.0486131 0.0417915 0.0350757 0.0286599 0.0227236 0.0174135 0.0128286 0.00902025 0.00599898 0.00373551
 0.00869658 0.0141179 0.0212245 0.0299264 0.0398939 0.0504074 0.0603293 0.0683813 0.073614 0.075717 0.0749675 0.0719489 0.0672929 0.0615573 0.0551913 0.0485315 0.0418168 0.0352209 0.0288918 0.0229757 0.0176181 0.0129479 0.00905605 0.00597986 0.00369512
 0.00868476 0.0140984 0.0211946 0.0298832 0.0398353 0.0503329 0.0602414 0.0682869 0.0735236 0.075642 0.074916 0.0719205 0.067279 0.0615457 0.0551755 0.0485193 0.041829 0.03528 0.0290052 0.0231271 0.0177731 0.013072 0.0091312 0.00600896 0.00369432
 0.00867296 0.0140824 0.021176 0.0298653 0.0398212 0.0503238 0.0602352 0.0682786 0.0735074 0.075615 0.0748792 0.0718789 0.0672385 0.0615101 0.0551459 0.0484961 0.0418162 0.0352861 0.0290387 0.0231886 0.0178519 0.0131496 0.00919098 0.00604382 0.00370744
 0.00866886 0.0140731 0.0211576 0.0298332 0.0397723 0.0502592 0.0601617 0.0682073 0.0734499 0.0755781 0.0748631 0.0718789 0.0672481 0.0615245 0.0551629 0.0485157 0.0418395 0.0353159 0.0290782 0.0232394 0.0179112 0.0132098 0.00924266 0.00608053 0.00372829
 0.00866421 0.0140673 0.021152 0.0298294 0.0397711 0.0502591 0.0601584 0.0681956 0.0734264 0.0755439 0.0748243 0.0718431 0.0672214 0.0615089 0.0551571 0.048517 0.0418465 0.0353284 0.0290975 0.0232663 0.0179448 0.0132464 0.00927689 0.0061077 0.00374629
 0.00863924 0.0140293 0.0210996 0.0297637 0.0396957 0.0501799 0.0600832 0.0681325 0.0733817 0.0755202 0.07482 0.0718545 0.067245 0.0615424 0.055199 0.0485654 0.0418986 0.0353816 0.02915 0.0233171 0.017993 0.0132904 0.00931458 0.00613704 0.00376656
 0.00862764 0.0140085 0.021065 0.0297103 0.0396199 0.0500823 0.0599706 0.0680175 0.0732799 0.0754456 0.0747811 0.0718526 0.0672752 0.0615967 0.0552686 0.0486431 0.0419789 0.0354605 0.0292244 0.0233851 0.0180531 0.0133415 0.00935584 0.0061681 0.00378794
 0.00864056 0.014026 0.0210847 0.0297273 0.0396276 0.0500738 0.0599406 0.0679643 0.0732064 0.0753599 0.0746953 0.0717796 0.0672257 0.0615757 0.0552754 0.0486721 0.0420229 0.0355125 0.0292789 0.0234378 0.0181011 0.013383 0.00938954 0.00619361 0.0038057
 0.00864056 0.014026 0.0210847 0.0297273 0.0396276 0.0500738 0.0599406 0.0679643 0.0732064 0.0753599 0.0746953 0.0717796 0.0672257 0.0615757 0.0552754 0.0486721 0.0420229 0.0355125 0.0292789 0.0234378 0.0181011 0.013383 0.00938954 0.00619361 0.0038057
 0.00872014 0.0141572 0.0212844 0.0300092 0.0399961 0.050515 0.0604163 0.068415 0.073565 0.0755716 0.0747331 0.0716496 0.0669602 0.061222 0.0548828 0.0482827 0.041666 0.0352047 0.0290264 0.02324 0.0179534 0.0132783 0.00931983 0.00615035 0.00378089
 0.00870845 0.0141455 0.0212807 0.0300271 0.0400524 0.0506259 0.0605921 0.0686537 0.073849 0.0758666 0.0749941 0.0718318 0.0670327 0.0611771 0.0547363 0.0480672 0.0414195 0.0349606 0.0288082 0.02306 0.0178149 0.0131786 0.0092527 0.00610831 0.00375657
 0.00860609 0.0139827 0.0210438 0.0297091 0.0396588 0.0501812 0.0601435 0.0682674 0.0735942 0.075794 0.0751182 0.0721259 0.0674383 0.0616218 0.0551548 0.0484158 0.0416817 0.0351423 0.0289275 0.0231374 0.0178665 0.0132146 0.00927864 0.00612678 0.00376911
 0.00893076 0.0144792 0.0217307 0.0305772 0.0406677 0.0512585 0.0611872 0.0691576 0.0742191 0.0760821 0.0750583 0.0717645 0.0668561 0.0609054 0.0543763 0.0476261 0.0409149 0.0344238 0.0282793 0.0225787 0.0174102 0.0128642 0.00902714 0.00595913 0.00366589
 0.00884255 0.0143807 0.0216646 0.0306091 0.0408657 0.0516625 0.0617838 0.0698758 0.0749511 0.076716 0.0755083 0.0719864 0.0668493 0.060704 0.0540338 0.0471992 0.0404522 0.0339616 0.0278436 0.0221885 0.0170795 0.0126012 0.00883238 0.00582592 0.00358225
 0.00873199 0.0141884 0.0213562 0.0301558 0.0402649 0.0509614 0.0610908 0.0693408 0.0747132 0.0768451 0.0759741 0.072675 0.0676122 0.0614105 0.0546018 0.0476 0.0406964 0.0340803 0.0278731 0.0221619 0.0170241 0.0125374 0.00877397 0.00578013 0.00355076
 0.00888155 0.0144093 0.0216452 0.0304902 0.0406024 0.0512461 0.0612641 0.0693605 0.0745759 0.0765979 0.0757035 0.07247 0.0675232 0.0614292 0.0546746 0.0476607 0.0406975 0.0340065 0.0277368 0.0219903 0.016846 0.0123758 0.0086426 0.00568357 0.00348651
 0.00880802 0.0143105 0.0215341 0.0303905 0.0405397 0.0512345 0.0612964 0.069408 0.0745995 0.0765677 0.0756157 0.0723536 0.0674298 0.0614094 0.054752 0.0478204 0.0408945 0.0341888 0.0278676 0.0220574 0.0168586 0.0123535 0.00860573 0.0056468 0.00345745
 0.00879343 0.0142778 0.0214699 0.0302804 0.0403765 0.0510281 0.0610785 0.0692241 0.0744901 0.0765481 0.0756686 0.0724418 0.0675197 0.0614889 0.0548321 0.0479205 0.0410239 0.0343375 0.0280117 0.0221728 0.0169326 0.0123879 0.00861178 0.00563818 0.00344479
 0.00885997 0.014377 0.0216016 0.0304362 0.0405394 0.0511742 0.0611808 0.0692604 0.074452 0.0764469 0.0755321 0.0723011 0.067395 0.0613855 0.0547466 0.0478508 0.0409736 0.0343109 0.0280071 0.0221811 0.0169415 0.012389 0.00860337 0.00562393 0.0034298
 0.00859359 0.0139671 0.0210291 0.0297024 0.0396691 0.0502173 0.060213 0.0683771 0.0737517 0.0760086 0.0753981 0.0724721 0.0678361 0.062036 0.0555312 0.0486917 0.0418021 0.035076 0.0286768 0.0227389 0.0173823 0.0127166 0.00883013 0.00576865 0.00351436
 0.0086783 0.0140692 0.0211171 0.0297258 0.0395723 0.0499624 0.0597987 0.0678427 0.0731652 0.0754466 0.0749285 0.0721449 0.06768 0.0620579 0.0557167 0.0490082 0.0422041 0.0355136 0.0291049 0.0231233 0.0177021 0.0129634 0.00900634 0.00588425 0.00358354
#pred catch len freq
 0.00452771 0.00717229 0.0104769 0.0143645 0.0187837 0.0236861 0.0289544 0.0343714 0.0396634 0.0445699 0.0488873 0.0524855 0.055313 0.0573878 0.0587673 0.0595133 0.0596696 0.0592477 0.0581977 0.0563577 0.0534245 0.049025 0.04293 0.0353204 0.0269031
 0.00484357 0.00757841 0.0108934 0.0146605 0.0188255 0.0234064 0.0283999 0.0336907 0.0390361 0.0441203 0.0486347 0.0523563 0.0551997 0.0572174 0.0585434 0.0593167 0.0596183 0.0594342 0.0586327 0.0569512 0.0540187 0.0494647 0.0431305 0.0352939 0.026733
 0.00519769 0.00813487 0.0116874 0.015692 0.0200371 0.0246648 0.0295009 0.0344087 0.0392129 0.0437448 0.0478526 0.0513941 0.0542534 0.0563805 0.0578163 0.0586698 0.0590517 0.0589893 0.0583556 0.056843 0.0540152 0.0494643 0.0430491 0.035107 0.026477
 0.00556774 0.00871167 0.0125115 0.01679 0.021422 0.0263302 0.0314001 0.0364237 0.0411375 0.045308 0.0487941 0.0515627 0.05367 0.0552214 0.056325 0.0570609 0.0574654 0.0575024 0.0570112 0.0556632 0.0529964 0.0485783 0.0422627 0.0344068 0.0258768
 0.00597266 0.00933805 0.0133964 0.0179512 0.0228625 0.0280426 0.0333645 0.0385958 0.0434312 0.0475788 0.0508323 0.0531135 0.0544922 0.0551675 0.0554012 0.0554247 0.0553616 0.0551801 0.0546677 0.0534294 0.0509494 0.0467608 0.0407 0.0331166 0.0248692
 0.00634785 0.0099262 0.0142421 0.0190844 0.0242981 0.0297789 0.0353769 0.0408305 0.0458048 0.0499808 0.0531258 0.0551309 0.0560355 0.0560303 0.0554164 0.054524 0.0536113 0.0527698 0.0518549 0.0504749 0.0480731 0.0441277 0.038424 0.0312657 0.0234651
 0.00669866 0.0104756 0.0150317 0.0201433 0.0256442 0.0314184 0.0372976 0.0429929 0.0481361 0.0523773 0.0554597 0.0572584 0.0578021 0.0572735 0.0559747 0.0542614 0.0524585 0.0507636 0.0491522 0.0473274 0.0447755 0.0409622 0.035618 0.0289667 0.0217305
