SBPRF35
7.78865
Curr Bio
592589
B35
650754
F35
0.210274
FOFL
0.180588
OFL
79963
Bzero
2.22533e+006
#pred survey bio
 3.8714e+006 3.4345e+006 3.085e+006 2.74446e+006 2.42239e+006 2.13463e+006 1.87051e+006 1.63728e+006 1.40567e+006 1.23423e+006 1.10307e+006 983899 907226 839815 780006 751838 719130 701797 679878 661936 643151 629740 626744 621704 629291 623709 625217 622715 615100 600693 588167 576309 566691 555892 558471 565607 569703 582421 585756 606332 614455 613596 616350 615831 621883 614629 610725 576215 566896 566867 557047 554180 561689 553550 544762 553663 578704 610772 599319 1.99345e+007 1.16403e+007 1.16529e+007 1.22001e+007 1.3055e+007 1.39855e+007 1.48454e+007 1.55692e+007 1.61436e+007 1.6582e+007 1.69082e+007 1.71469e+007 1.73199e+007 1.74447e+007 1.75346e+007 1.75996e+007 1.76467e+007 1.7681e+007 1.77061e+007 1.77246e+007 1.77384e+007 1.77486e+007 1.77563e+007 1.77621e+007 1.77665e+007 1.77698e+007 1.77724e+007 1.77743e+007 1.77758e+007 1.77769e+007 1.77778e+007 1.77784e+007 1.7779e+007 1.77794e+007 1.77797e+007 1.77799e+007 1.77801e+007 1.77802e+007 1.77803e+007 1.77804e+007 1.77805e+007 1.77805e+007 1.77806e+007 1.77806e+007 1.77806e+007 1.77806e+007 1.77807e+007 1.77807e+007 1.77807e+007 1.77807e+007 1.77807e+007 1.77807e+007 1.77807e+007 1.77807e+007 1.77807e+007 1.77807e+007 1.77807e+007 1.77807e+007 1.77807e+007 1.77807e+007 1.77807e+007 1.77807e+007 1.77807e+007 1.77807e+007 1.77807e+007 1.77807e+007 1.77807e+007 1.77807e+007 1.77807e+007 1.77807e+007 1.77807e+007 1.77807e+007 1.77807e+007 1.77807e+007 1.77807e+007 1.77807e+007 1.77807e+007 1.77807e+007 1.77807e+007 1.77807e+007 1.77807e+007 1.77807e+007 1.77807e+007 1.77807e+007 1.77807e+007 1.77807e+007 1.77807e+007 1.77807e+007 1.77807e+007 1.77807e+007 1.77807e+007 1.77807e+007 1.77807e+007 1.77807e+007 1.77807e+007 1.77807e+007 1.77807e+007 1.77807e+007 1.77807e+007 1.77807e+007 0 0 0 0 0 0 0 0 0 0 0 0 0 0 0 0 0 0 0 0 0 0 0 0 0
#obs survey bio
 4.12599e+006 1.65374e+006 3.24582e+006 2.68192e+006 1.87086e+006 1.49696e+006 1.16497e+006 1.10088e+006 1.05824e+006 997523 793064 779191 944480 712108 628760 701790 609314 800474 469250 667550 671658 610352 483847 464999 618018 365218 616055 602474 592752 421892 541028 675118 663363 332973 581574 488084 569577 534117 578244 747327 605734 688101 587724 406322 554246 791789 488828 585404 512566 635734 401299 587048 497276 433388 541577 424574 567747 704540 614646
#pred catch bio
 329823 272860 288218 297241 291065 291931 282803 295401 252358 224703 219462 185622 178185 169866 140816 142100 126245 127236 120748 118143 110585 100241 101656 91615.6 102745 95417.3 96448.4 97503.1 99422.3 93761.2 89599.9 86894.3 90981.7 84055.8 83378.6 87520.7 81637.2 90764.4 77840.4 89640.8 96853.5 92757 94909.4 89639.4 100363 96158.7 120228 97923.2 90451.9 98533.9 92464.9 84164 97443.3 98238.1 84802.1 72851 67111.4 99868.4 107539 79963 88999.7 87604.3 90288.1 96026.3 102618 108706 113732 117604 120447 122464 123858 124803 125435 125851 126123 126299 126413 126486 126532 126562 126581 126593 126600 126605 126608 126610 126611 126612 126612 126612 126613 126613 126613 126613 126613 126613 126613 126613 126613 126613 126613 126613 126613 126613 126613 126613 126613 126613 126613 126613 126613 126613 126613 126613 126613 126613 126613 126613 126613 126613 126613 126613 126613 126613 126613 126613 126613 126613 126613 126613 126613 126613 126613 126613 126613 126613 126613 126613 126613 126613 126613 126613 126613 126613 126613 126613 126613 126613 126613 126613 126613 126613 126613 126613 126613 126613 126613 126613 126613 0 0 0 0 0 0 0 0 0 0 0 0 0 0 0 0 0 0 0 0 0 0 0 0 0
#obs catch bio
 256393 274009 290536 300098 294911 296792 288400 303357 258764 229654 226303 191129 183163 174824 144288 145653 128908 129783 123190 120416 112133 101372 103077 92891.5 104870 97514.3 97996.2 98744.1 100789 94857.2 90586.6 87563.6 91866.8 85070.4 83780.2 88151.2 81842.4 91608 78195.4 90450.8 97809.3 93290.3 95076.5 90043.9 101627 96156.9 121362 98383.8 90615.5 98986.8 93016.8 84267.1 97733.2 98714 85437 73514.5 67221.9 100386 107633
#pred cpue bio
 3.79818e+006 3.36697e+006 3.02242e+006 2.68481e+006 2.36472e+006 2.07899e+006 1.81709e+006 1.58607e+006 1.35728e+006 1.18796e+006 1.0583e+006 940711 865232 799525 741554 714478 683187 666794 645984 629004 611319 598733 595922 590854 598001 592716 594685 593046 586403 573083 561620 550679 540787 528606 529879 536677 540826 553116 556203 575978 583892 583304 586324 585881 591554 584710 581229 547661 538253 538161 528729 525874 533163 525254 516304 524527 549103 581245 571585 1.90499e+007 1.11338e+007 1.10256e+007 1.14314e+007 1.2232e+007 1.31482e+007 1.4005e+007 1.47282e+007 1.53024e+007 1.57408e+007 1.6067e+007 1.63057e+007 1.64787e+007 1.66035e+007 1.66935e+007 1.67584e+007 1.68055e+007 1.68398e+007 1.68649e+007 1.68834e+007 1.68972e+007 1.69074e+007 1.69151e+007 1.69209e+007 1.69253e+007 1.69286e+007 1.69312e+007 1.69331e+007 1.69346e+007 1.69357e+007 1.69366e+007 1.69372e+007 1.69378e+007 1.69382e+007 1.69385e+007 1.69387e+007 1.69389e+007 1.6939e+007 1.69391e+007 1.69392e+007 1.69393e+007 1.69393e+007 1.69394e+007 1.69394e+007 1.69394e+007 1.69395e+007 1.69395e+007 1.69395e+007 1.69395e+007 1.69395e+007 1.69395e+007 1.69395e+007 1.69395e+007 1.69395e+007 1.69395e+007 1.69395e+007 1.69395e+007 1.69395e+007 1.69395e+007 1.69395e+007 1.69395e+007 1.69395e+007 1.69395e+007 1.69395e+007 1.69395e+007 1.69395e+007 1.69395e+007 1.69395e+007 1.69395e+007 1.69395e+007 1.69395e+007 1.69395e+007 1.69395e+007 1.69395e+007 1.69395e+007 1.69395e+007 1.69395e+007 1.69395e+007 1.69395e+007 1.69395e+007 1.69395e+007 1.69395e+007 1.69395e+007 1.69395e+007 1.69395e+007 1.69395e+007 1.69395e+007 1.69395e+007 1.69395e+007 1.69395e+007 1.69395e+007 1.69395e+007 1.69395e+007 1.69395e+007 1.69395e+007 1.69395e+007 1.69395e+007 1.69395e+007 1.69395e+007 1.69395e+007 0 0 0 0 0 0 0 0 0 0 0 0 0 0 0 0 0 0 0 0 0 0 0 0 0
#obs cpue bio
 2.67528e+006 2.10203e+006 2.26116e+006 2.34846e+006 1.81118e+006 2.11875e+006 1.82044e+006 1.57234e+006 1.1658e+006 1.25178e+006 711153 641345 691768 637055 550740 656679 568643 534971 624089 520923 625257 519174 589854 451054 408166 503629 801445 655606 502848 723190 526937 508878 408408 515739 832390 522750 593848 422362 476936 385580 532216 567793 889428 545479 399374 869863 530094 481577 665869 448982 563654 562575 642449 558463 336064 437196 734019 717208 713329
#pred surv len freq
 0.00613226 0.00986695 0.0146766 0.020468 0.0270385 0.0339998 0.0407463 0.0465935 0.0510381 0.0539356 0.0554683 0.0559751 0.0557955 0.0551923 0.0543331 0.0532947 0.0520822 0.0506492 0.0488999 0.0466643 0.0436821 0.039657 0.0344167 0.0281093 0.0212847
 0.00640346 0.0102254 0.0150702 0.0208147 0.0272714 0.0341257 0.0408762 0.0469093 0.0517001 0.0549832 0.0567769 0.0572981 0.0568632 0.0558129 0.0544475 0.0529717 0.0514669 0.0498913 0.0480937 0.0458271 0.0427794 0.0386583 0.0333442 0.0270468 0.0203424
 0.00692903 0.0110152 0.016134 0.0221067 0.0286903 0.0355269 0.0420979 0.0478169 0.052242 0.0552252 0.0568761 0.057415 0.0570644 0.0560317 0.0545293 0.0527677 0.0509103 0.0490142 0.0469881 0.0445882 0.0414738 0.0373309 0.0320461 0.0258509 0.0193291
 0.00731248 0.0116503 0.017108 0.0234989 0.0305429 0.0378046 0.0446531 0.0503917 0.0545231 0.0569361 0.0578647 0.057693 0.0567771 0.0553739 0.0536504 0.0517211 0.0496703 0.0475381 0.0452721 0.0426862 0.0394806 0.0353582 0.0302067 0.0242477 0.0180386
 0.00766979 0.0122165 0.0179353 0.0246325 0.0320202 0.0396486 0.0468544 0.052882 0.0571541 0.0594792 0.0600435 0.059248 0.0575415 0.055321 0.0528845 0.0504135 0.0479821 0.0455758 0.0430965 0.0403518 0.037071 0.0329945 0.0280292 0.0223838 0.0165708
 0.00802244 0.0127734 0.0187431 0.0257244 0.0334123 0.0413341 0.0487978 0.0550173 0.0593911 0.06171 0.0621396 0.061053 0.0588764 0.0560175 0.0528358 0.0496119 0.0465163 0.0435911 0.0407486 0.0377844 0.0344227 0.0304132 0.0256695 0.0203821 0.0150117
 0.00839065 0.0133549 0.0195862 0.0268625 0.0348579 0.0430713 0.0507726 0.0571366 0.0615363 0.0637599 0.0639895 0.0626158 0.0600705 0.0567528 0.053015 0.0491539 0.0453899 0.0418383 0.0384832 0.0351711 0.0316535 0.0276886 0.02318 0.0182814 0.0133876
 0.0087017 0.0138555 0.0203298 0.0278946 0.0362067 0.0447335 0.0526989 0.0592279 0.063658 0.0657693 0.0657614 0.0640564 0.0611166 0.0573609 0.0531469 0.0487688 0.0444514 0.0403374 0.0364642 0.0327471 0.0290011 0.0250229 0.0207169 0.0161954 0.0117769
 0.00912577 0.0145187 0.0212793 0.0291572 0.0377857 0.0466037 0.054798 0.0614522 0.0658703 0.0678193 0.0675096 0.065393 0.0619708 0.0577014 0.052972 0.048091 0.0432853 0.0387002 0.0343927 0.0303224 0.026364 0.0223669 0.0182534 0.0141044 0.0101626
 0.00958002 0.0152129 0.0222419 0.0303862 0.0392523 0.0482599 0.0565794 0.0632785 0.0676496 0.069457 0.0689181 0.0664964 0.0627073 0.0580252 0.0528567 0.0475294 0.0422861 0.0372854 0.0326013 0.0282239 0.0240731 0.0200443 0.0160829 0.0122493 0.00872305
 0.00989495 0.0157193 0.0229919 0.0314198 0.0405851 0.0498653 0.0583762 0.0651352 0.0694128 0.0709915 0.0701343 0.0673538 0.0631982 0.0581542 0.0526285 0.0469461 0.0413517 0.0360123 0.0310192 0.0263902 0.022083 0.0180311 0.0142003 0.0106367 0.00746838
 0.0100867 0.0160427 0.0235005 0.0321703 0.041625 0.0512124 0.059997 0.0669355 0.0712485 0.0726963 0.0715538 0.0683738 0.0637606 0.0582568 0.0523082 0.0462565 0.0403447 0.0347314 0.0295059 0.0246982 0.0202912 0.0162474 0.0125489 0.00923032 0.00637735
 0.0101165 0.016095 0.023588 0.0323128 0.0418511 0.0515605 0.06051 0.0676488 0.0721717 0.0737963 0.0727482 0.0695419 0.0647693 0.0589919 0.0526972 0.0462751 0.0400079 0.0340781 0.0285873 0.0235755 0.0190407 0.0149633 0.0113355 0.00818201 0.00555549
 0.0101864 0.0162037 0.0237425 0.0325165 0.0421045 0.0518623 0.0608587 0.0680455 0.0726224 0.0743108 0.0733319 0.0701821 0.0654244 0.0595909 0.0531543 0.0465126 0.0399763 0.0337649 0.0280149 0.022794 0.0181212 0.0139919 0.0104033 0.00736928 0.00491448
 0.0102746 0.0163422 0.0239414 0.0327811 0.0424337 0.052246 0.0612768 0.0684695 0.0730224 0.0746654 0.0736353 0.0704437 0.0656593 0.0598052 0.0533336 0.0466202 0.0399631 0.0335879 0.0276539 0.0222608 0.0174594 0.0132685 0.00969459 0.00674386 0.00441762
 0.0102323 0.0162725 0.0238359 0.0326339 0.0422455 0.0520298 0.0610606 0.0682934 0.0729284 0.0746845 0.0737792 0.0707049 0.0660165 0.0602295 0.0537905 0.0470675 0.0403512 0.0338649 0.0277774 0.0222119 0.017251 0.0129438 0.00931569 0.00637406 0.00410495
 0.0102762 0.0163378 0.0239221 0.0327352 0.0423509 0.0521241 0.0611274 0.0683195 0.0729099 0.0746313 0.0737146 0.0706581 0.0660131 0.0602832 0.0538998 0.0472166 0.0405121 0.0340009 0.0278507 0.0221933 0.0171311 0.0127382 0.00906072 0.00611448 0.00387881
 0.0102379 0.016277 0.0238338 0.0326165 0.0422022 0.0519507 0.0609408 0.0681361 0.0727482 0.0745079 0.0736424 0.0706469 0.0660702 0.0604124 0.054098 0.0474707 0.0407974 0.0342838 0.0280936 0.0223636 0.0172097 0.0127263 0.00897937 0.00599676 0.00375792
 0.0102409 0.0162821 0.0238417 0.0326273 0.0422144 0.0519606 0.0609418 0.0681207 0.0727106 0.0744476 0.0735652 0.0705643 0.0659972 0.0603648 0.0540891 0.047508 0.0408792 0.0343971 0.0282157 0.0224672 0.017272 0.0127367 0.00894272 0.00593025 0.00368296
 0.0101444 0.0161436 0.0236671 0.032434 0.0420266 0.051801 0.0608255 0.0680527 0.0726873 0.0744601 0.073603 0.0706183 0.0660619 0.0604394 0.0541769 0.0476136 0.041005 0.0345397 0.0283641 0.0226047 0.0173807 0.0128045 0.00896804 0.005922 0.00365598
 0.01022 0.0162366 0.0237529 0.0324739 0.0419815 0.0516515 0.0605863 0.0677705 0.0724222 0.0742611 0.0734926 0.0705918 0.0660983 0.0605147 0.0542728 0.0477205 0.0411194 0.0346602 0.0284871 0.0227221 0.0174816 0.012879 0.00901191 0.00593821 0.00365313
 0.0103964 0.016491 0.0240744 0.0328281 0.0423153 0.0519049 0.0607061 0.0677232 0.0722058 0.073911 0.0730747 0.0701829 0.0657608 0.0602801 0.054141 0.0476715 0.041128 0.0347046 0.0285512 0.0227937 0.0175502 0.0129357 0.009051 0.00595904 0.00365946
 0.010532 0.0166939 0.0243463 0.0331563 0.0426735 0.0522549 0.0610012 0.0679137 0.0722489 0.0737848 0.0727895 0.0697832 0.0653145 0.0598589 0.0538005 0.0474385 0.0410004 0.0346615 0.0285648 0.0228381 0.0176054 0.0129877 0.00909188 0.00598585 0.00367354
 0.0105921 0.0167988 0.0245165 0.0334128 0.0430298 0.0527056 0.0615126 0.0684243 0.0726819 0.0740681 0.0728748 0.0696569 0.0650003 0.0594115 0.0532923 0.0469418 0.0405706 0.0343275 0.0283298 0.0226875 0.0175171 0.0129401 0.0090676 0.00597336 0.00366628
 0.0103763 0.0164879 0.0241237 0.0329787 0.0426146 0.0523744 0.0613201 0.068404 0.0728391 0.0743757 0.0732762 0.0700788 0.065372 0.0596845 0.0534512 0.047003 0.0405709 0.0343073 0.028319 0.0226996 0.01755 0.0129837 0.0091107 0.00600834 0.00369042
 0.010171 0.0161848 0.0237253 0.0325104 0.0421208 0.0519113 0.0609473 0.0681763 0.0727964 0.0745316 0.0736099 0.0705366 0.0658804 0.0601678 0.05385 0.0472865 0.0407397 0.0343866 0.0283451 0.0227052 0.017556 0.0129972 0.00912978 0.0060278 0.00370616
 0.00993477 0.0158158 0.0232 0.0318211 0.0412831 0.0509703 0.059983 0.0672981 0.0721227 0.0741594 0.0735895 0.070861 0.0664902 0.0609683 0.054732 0.048149 0.0415076 0.0350201 0.0288379 0.023074 0.0178265 0.0131934 0.0092697 0.006124 0.00376844
 0.00982858 0.0156385 0.0229246 0.0314204 0.0407363 0.0502742 0.0591634 0.0664155 0.0712667 0.0734338 0.073092 0.070663 0.066621 0.061407 0.0554121 0.048973 0.0423706 0.0358318 0.029538 0.0236361 0.0182521 0.0135004 0.00948168 0.0062637 0.00385548
 0.00971014 0.0154627 0.0226901 0.0311342 0.0404078 0.0499076 0.0587546 0.0659572 0.0707603 0.0729018 0.0725835 0.0702479 0.0663736 0.0613846 0.0556361 0.0494203 0.0429784 0.0365148 0.030211 0.0242335 0.0187374 0.0138653 0.00973746 0.00643153 0.00395843
 0.00959211 0.0152851 0.02245 0.0308393 0.0400752 0.0495602 0.0584166 0.0656488 0.0704916 0.07267 0.0723772 0.0700599 0.0662146 0.0612873 0.0556454 0.049573 0.0432839 0.0369466 0.030714 0.0247417 0.0191938 0.014235 0.0100101 0.0066157 0.00407271
 0.00959734 0.0152712 0.0223883 0.0306919 0.0398072 0.0491584 0.0579042 0.0650846 0.0699526 0.0722247 0.072066 0.0698891 0.066166 0.061336 0.055775 0.0497822 0.0435787 0.0373265 0.0311598 0.0252146 0.0196462 0.0146252 0.0103141 0.00683019 0.00420996
 0.0104015 0.0164008 0.023759 0.0321111 0.0410256 0.0499547 0.0581559 0.0647914 0.0692129 0.0711917 0.070905 0.0687459 0.0651459 0.060496 0.0551303 0.0493226 0.0432861 0.0371829 0.0311453 0.0253016 0.0197974 0.0147996 0.0104769 0.00695986 0.00430023
 0.0111619 0.0175845 0.0254335 0.0342803 0.0436023 0.0527357 0.0608177 0.0669379 0.0704824 0.0713816 0.0700418 0.067059 0.0629689 0.0581571 0.0528805 0.0473153 0.0415919 0.0358178 0.0300949 0.0245347 0.0192715 0.0144648 0.0102807 0.00685473 0.00424882
 0.0110556 0.0175351 0.0255856 0.0348405 0.0447799 0.054648 0.0634045 0.0699335 0.073466 0.0738831 0.071663 0.0675723 0.0623662 0.0566327 0.0507566 0.0449415 0.0392617 0.0337283 0.0283473 0.0231574 0.0182458 0.0137445 0.00980608 0.00656288 0.0040822
 0.0106819 0.016973 0.0248325 0.0339455 0.0438577 0.0538836 0.0630367 0.0702004 0.0745125 0.0756692 0.0739298 0.069902 0.0643149 0.0578725 0.0511632 0.044598 0.0383922 0.0326023 0.0271992 0.0221437 0.0174415 0.0131611 0.00941655 0.00632326 0.00394667
 0.010596 0.0168036 0.0245244 0.0334348 0.0430957 0.0528737 0.0618686 0.0690597 0.073651 0.075338 0.0742953 0.0709732 0.0659158 0.0596826 0.0528188 0.0458121 0.0390367 0.0327184 0.0269424 0.021704 0.016977 0.0127678 0.00913043 0.00613936 0.00384099
 0.0106735 0.0169123 0.0246534 0.0335561 0.0431633 0.0528277 0.0616475 0.068623 0.0730102 0.074582 0.0735894 0.0705176 0.0658719 0.0601 0.0536019 0.0467507 0.0398887 0.0333026 0.0271943 0.0216716 0.0167716 0.0125056 0.00889285 0.00596324 0.00372893
 0.0106519 0.0168824 0.0246178 0.0335191 0.0431273 0.0527883 0.0615886 0.0685163 0.0728219 0.0742882 0.0731968 0.0700814 0.0654954 0.0599053 0.0536789 0.0471084 0.0404406 0.0339004 0.0276924 0.0219843 0.0168931 0.0124886 0.00880879 0.00586913 0.00365475
 0.0107025 0.0169619 0.0247319 0.0336709 0.0433156 0.0530061 0.0618201 0.0687354 0.072993 0.0743706 0.0731542 0.0698952 0.0651795 0.0595146 0.0533008 0.0468335 0.0403243 0.0339367 0.0278194 0.0221192 0.0169736 0.0124953 0.00875971 0.00579758 0.00358843
 0.0105112 0.0166784 0.0243572 0.0332252 0.0428354 0.052536 0.0614066 0.0684213 0.0728112 0.0743362 0.0732579 0.0701038 0.0654452 0.0597922 0.0535645 0.047085 0.0405845 0.034225 0.0281334 0.0224301 0.0172412 0.0126898 0.00887542 0.00585037 0.00360305
 0.0103286 0.0164108 0.0240091 0.0328206 0.0424122 0.0521363 0.0610681 0.0681731 0.0726724 0.0743143 0.0733474 0.0702865 0.0656929 0.0600718 0.0538455 0.0473471 0.0408226 0.0344465 0.0283478 0.0226382 0.0174314 0.0128451 0.00898464 0.00591436 0.00363273
 0.0102515 0.0162869 0.0238262 0.0325713 0.0420983 0.0517743 0.0606926 0.0678324 0.0724158 0.0741764 0.0733386 0.0703932 0.0658869 0.0603199 0.0541164 0.0476158 0.0410729 0.0346716 0.0285483 0.0228168 0.0175877 0.0129748 0.00908247 0.0059793 0.00366957
 0.0103933 0.0164709 0.0240174 0.0327086 0.0421119 0.0516135 0.0603489 0.0673466 0.0718646 0.0736491 0.0729138 0.070123 0.0657892 0.0603808 0.0542997 0.0478755 0.0413653 0.0349628 0.0288169 0.0230517 0.0177845 0.0131319 0.00920017 0.00606027 0.00371965
 0.0104953 0.0166395 0.0242732 0.0330645 0.0425607 0.0521138 0.0608199 0.0676828 0.0719718 0.0734852 0.0725089 0.0695676 0.0651984 0.0598548 0.0538995 0.0476186 0.0412357 0.0349278 0.0288409 0.0231057 0.0178482 0.0131928 0.00925119 0.00609838 0.0037449
 0.0101978 0.0162253 0.0237791 0.03257 0.0421677 0.0519118 0.0608537 0.0679378 0.0723791 0.0739415 0.072907 0.069829 0.0652967 0.0598198 0.0537974 0.0475202 0.0411902 0.0349516 0.0289235 0.0232224 0.0179733 0.0133069 0.00934349 0.00616564 0.00378919
 0.0102123 0.0162164 0.023709 0.0323924 0.041851 0.0514694 0.060362 0.0675212 0.0721624 0.0739928 0.0732053 0.0702752 0.0657599 0.0601901 0.0540217 0.047607 0.0411886 0.0349202 0.0289052 0.023235 0.0180134 0.0133609 0.0093974 0.00621023 0.00382105
 0.0103574 0.016422 0.0239603 0.0326514 0.0420609 0.0515671 0.0602956 0.0672699 0.0717545 0.07351 0.0727623 0.0699773 0.0656582 0.0602632 0.0541947 0.0477942 0.0413321 0.0350044 0.0289463 0.0232591 0.0180393 0.0133942 0.00943432 0.00624416 0.00384741
 0.0106422 0.0168812 0.0246412 0.0335861 0.0432487 0.052952 0.0617502 0.0686051 0.0727627 0.0740286 0.0727271 0.0694385 0.0647549 0.0591703 0.0530665 0.0467304 0.0403758 0.0341639 0.0282206 0.0226512 0.0175542 0.0130313 0.00918233 0.00608266 0.00375215
 0.0105734 0.0167909 0.0245468 0.0335223 0.0432642 0.0530999 0.0620734 0.0691181 0.0734341 0.0747734 0.0734191 0.0699461 0.0649867 0.0591064 0.0527586 0.0462723 0.0398634 0.0336673 0.0277776 0.0222764 0.0172514 0.0127997 0.00901714 0.00597416 0.00368713
 0.0105276 0.016706 0.0244016 0.0332956 0.0429459 0.0527068 0.0616599 0.0687723 0.0732539 0.0748317 0.0737327 0.0704636 0.0656017 0.0596922 0.0532106 0.0465385 0.0399503 0.0336215 0.0276579 0.0221321 0.0171142 0.0126855 0.00893132 0.00591563 0.00365106
 0.0106597 0.0169014 0.0246581 0.033595 0.0432551 0.0529823 0.0618561 0.068853 0.073208 0.0746843 0.0735422 0.0703007 0.0655179 0.0596959 0.0532653 0.046584 0.0399337 0.03352 0.0274835 0.0219188 0.0169 0.0124988 0.0087862 0.00581383 0.00358633
 0.0106102 0.0168421 0.0246074 0.0335814 0.0433076 0.0531148 0.062056 0.0690809 0.07341 0.0748128 0.0735747 0.0702483 0.0654199 0.0596018 0.0532115 0.0465777 0.0399531 0.0335304 0.0274576 0.0218496 0.0168002 0.0123902 0.00868852 0.00573823 0.00353496
 0.0106261 0.0168425 0.0245629 0.0334545 0.0430683 0.0527632 0.061636 0.0686723 0.0730989 0.0746556 0.0735787 0.0703785 0.0656248 0.0598391 0.0534592 0.046829 0.0402028 0.0337656 0.0276587 0.0219996 0.0168933 0.0124342 0.00869934 0.0057324 0.00352444
 0.0109142 0.0172724 0.0251363 0.0341417 0.0438101 0.053478 0.0622316 0.0690637 0.0732317 0.0745263 0.0732372 0.0699065 0.0651035 0.0593257 0.0529836 0.0464038 0.0398342 0.0334562 0.0274062 0.0217961 0.0167286 0.0123003 0.00859255 0.00565154 0.00346797
 0.0109673 0.0173879 0.0253622 0.0345355 0.0444177 0.0543036 0.0632135 0.0700751 0.0741122 0.075131 0.0734794 0.069777 0.0646626 0.0586753 0.0522337 0.0456462 0.0391304 0.0328396 0.0268895 0.0213788 0.0164025 0.0120537 0.00841272 0.00552647 0.00338619
 0.0105801 0.0168258 0.0246439 0.0337285 0.0436286 0.0536559 0.062822 0.0700219 0.0744238 0.0757615 0.0743136 0.0706613 0.0654518 0.0592746 0.0526151 0.0458371 0.0391866 0.0328191 0.026836 0.0213186 0.0163475 0.0120076 0.00837577 0.00549792 0.0033653
 0.0100731 0.0160403 0.0235377 0.0322985 0.0419226 0.0517839 0.0609627 0.0684074 0.0732927 0.075293 0.0745723 0.0715793 0.0668537 0.0609306 0.0543019 0.0473853 0.0405021 0.0338758 0.0276527 0.0219326 0.0167977 0.0123272 0.00859266 0.00563655 0.00344763
 0.00945805 0.0151002 0.0222349 0.0306396 0.039957 0.0496003 0.0586914 0.0662241 0.0714093 0.0739288 0.0739111 0.0717251 0.0677991 0.0625506 0.056378 0.0496577 0.0427286 0.035878 0.0293327 0.0232639 0.0178017 0.0130493 0.00908626 0.00595489 0.00363942
 0.0089821 0.0143931 0.0212942 0.0295054 0.0386983 0.0482925 0.0574 0.0650021 0.0703048 0.0729948 0.0732135 0.0713442 0.0678176 0.063026 0.0573104 0.0509693 0.0442738 0.0374794 0.0308284 0.024542 0.0188119 0.0137935 0.00959922 0.00628551 0.00383787
#obs surv len freq
 0.00496768 0.00813922 0.0123843 0.0177176 0.024013 0.0309035 0.0377603 0.0438566 0.0486389 0.0519046 0.0537729 0.0545313 0.0545026 0.0539871 0.0532469 0.0524958 0.0518783 0.0514283 0.051007 0.0502455 0.048562 0.0453264 0.0401618 0.0332367 0.0253317
 0.00518917 0.00849816 0.0129227 0.0184744 0.0250182 0.0321673 0.039262 0.0455384 0.0504121 0.0536635 0.0554084 0.0559397 0.0555903 0.0546732 0.0534679 0.0522108 0.0510748 0.0501291 0.0492748 0.0481854 0.0463191 0.0430738 0.0380768 0.0314668 0.0239632
 0.00542831 0.0088895 0.0135162 0.019318 0.0261474 0.0335909 0.0409474 0.0474078 0.0523557 0.0555618 0.0571514 0.0574342 0.0567577 0.0554448 0.0537821 0.0520152 0.0503336 0.0488348 0.047463 0.0459481 0.0438095 0.0404947 0.0356488 0.0293814 0.0223376
 0.00566153 0.00927348 0.0141032 0.02016 0.0272865 0.0350436 0.0426875 0.0493606 0.0544075 0.0575816 0.059013 0.0590298 0.0580026 0.0562748 0.0541469 0.0518717 0.0496452 0.0475803 0.0456556 0.0436583 0.0411809 0.0377394 0.0330129 0.027089 0.0205342
 0.00589969 0.00966436 0.0146986 0.021011 0.0284344 0.0365046 0.0444376 0.0513284 0.0564833 0.0596373 0.0609213 0.0606776 0.059297 0.0571445 0.0545394 0.0517486 0.0489767 0.0463476 0.0438652 0.0413669 0.0385184 0.0349125 0.0302759 0.0246836 0.0186256
 0.00612321 0.010031 0.0152567 0.0218081 0.029509 0.0378725 0.0460773 0.0531754 0.0584385 0.061585 0.0627465 0.0622762 0.0605796 0.0580375 0.0549845 0.0517003 0.0484008 0.0452229 0.0421945 0.0391984 0.0359691 0.0321765 0.0275997 0.0223099 0.016727
 0.00637185 0.0104375 0.0158725 0.0226822 0.0306777 0.0393443 0.0478173 0.055101 0.0604323 0.0635186 0.0645024 0.0637591 0.0617179 0.0587787 0.0552897 0.0515387 0.0477466 0.0440584 0.0405216 0.0370594 0.0334704 0.0294984 0.024976 0.0199752 0.0148523
 0.00663982 0.0108734 0.0165288 0.0236073 0.031906 0.040881 0.0496222 0.0570839 0.0624654 0.0654617 0.0662271 0.0651645 0.0627343 0.0593657 0.0554279 0.0512202 0.0469673 0.0428162 0.0388261 0.0349518 0.0310472 0.026923 0.0224624 0.0177405 0.0130563
 0.0068449 0.0112179 0.0170676 0.0243978 0.0329956 0.0422869 0.0513127 0.0589725 0.0644248 0.06735 0.0679132 0.0665419 0.0637274 0.0599284 0.0555402 0.0508805 0.0461843 0.041604 0.0372077 0.0329739 0.0288005 0.0245538 0.0201603 0.0156978 0.0114151
 0.00705578 0.0115602 0.0175825 0.0251243 0.0339653 0.0435135 0.0527792 0.0606233 0.0661684 0.0690713 0.0694902 0.0678621 0.0647001 0.060493 0.0556667 0.0505648 0.0454396 0.0404544 0.0356887 0.031141 0.0267436 0.0224061 0.0180885 0.0138682 0.0099492
 0.0072814 0.0119292 0.018141 0.0259151 0.0350169 0.0448255 0.0543084 0.0622826 0.0678427 0.0706429 0.0708585 0.0689508 0.0654543 0.0608751 0.0556553 0.0501549 0.0446418 0.0392937 0.0342049 0.0293938 0.0248221 0.0204328 0.0162095 0.0122251 0.00864194
 0.00741282 0.0121503 0.0184879 0.0264268 0.0357279 0.0457532 0.0554407 0.0635708 0.0692071 0.0719867 0.0720846 0.0699746 0.0662111 0.0613222 0.0557689 0.0499257 0.0440727 0.0383999 0.0330173 0.0279654 0.0232336 0.018794 0.0146477 0.0108604 0.00755776
 0.00751616 0.0123153 0.0187314 0.0267642 0.0361732 0.0463172 0.0561269 0.0643708 0.0700971 0.0729264 0.0730185 0.0708372 0.0669351 0.0618465 0.0560462 0.049926 0.0437826 0.0378221 0.0321721 0.0268951 0.022007 0.0175056 0.0134071 0.00977052 0.00668952
 0.00759162 0.0124343 0.0189037 0.0269967 0.036469 0.0466751 0.0565407 0.0648306 0.0705919 0.073447 0.0735561 0.0713779 0.067453 0.0623018 0.056389 0.0501051 0.043756 0.0375643 0.0316801 0.0261922 0.021145 0.0165626 0.0124759 0.00893938 0.00602089
 0.00765731 0.0125345 0.0190424 0.0271732 0.0366791 0.0469123 0.0567971 0.065098 0.0708633 0.0737186 0.0738288 0.0716552 0.0677361 0.0625832 0.0566469 0.0503036 0.0438504 0.0375124 0.0314538 0.0257885 0.0205913 0.0159153 0.0118095 0.00832842 0.00552072
 0.00771638 0.0126255 0.0191695 0.0273366 0.0368739 0.0471289 0.0570214 0.0653135 0.0710551 0.0738784 0.0739579 0.0717632 0.0678364 0.0626863 0.0567546 0.0504044 0.0439187 0.0375134 0.0313533 0.0255657 0.02025 0.0154868 0.0113467 0.00788992 0.00515352
 0.00775686 0.0126881 0.0192578 0.0274513 0.0370129 0.0472865 0.0571885 0.0654777 0.0712031 0.0739995 0.0740471 0.0718224 0.0678739 0.0627134 0.0567813 0.050434 0.0439441 0.0375158 0.031307 0.0254477 0.0200508 0.0152182 0.0110406 0.00758817 0.00489332
 0.00783494 0.0128069 0.0194213 0.0276571 0.0372527 0.0475469 0.0574514 0.0657218 0.0714067 0.0741447 0.074124 0.0718308 0.0678224 0.0626172 0.056659 0.0503026 0.0438144 0.0373888 0.0311737 0.0252935 0.0198646 0.0150004 0.0108057 0.00736073 0.00469762
 0.00783953 0.0128179 0.0194441 0.0276986 0.0373188 0.0476393 0.0575657 0.0658475 0.0715305 0.0742548 0.0742126 0.0718943 0.0678598 0.0626295 0.0566488 0.0502744 0.0437732 0.0373376 0.0311112 0.0252143 0.0197625 0.0148743 0.0106634 0.00721733 0.00457
 0.00786916 0.0128569 0.019486 0.0277331 0.0373355 0.047634 0.0575443 0.0658244 0.071522 0.0742716 0.0742555 0.0719552 0.0679269 0.0626917 0.0566983 0.0503071 0.0437883 0.0373355 0.0310922 0.0251774 0.0197065 0.0147999 0.0105757 0.00712616 0.00448673
 0.00787956 0.0128724 0.0195064 0.027756 0.0373558 0.0476438 0.0575341 0.0657873 0.0714585 0.074193 0.0741816 0.0719073 0.0679187 0.0627241 0.0567611 0.0503845 0.0438648 0.0373998 0.0311373 0.0251998 0.0197052 0.0147768 0.010536 0.00707771 0.00443851
 0.00791396 0.0129228 0.019572 0.0278322 0.0374355 0.0477186 0.0575959 0.0658281 0.0714712 0.0741727 0.0741286 0.0718297 0.0678317 0.0626455 0.0567051 0.0503565 0.0438608 0.0374098 0.0311499 0.0252059 0.0196996 0.0147584 0.0105071 0.00704349 0.00440485
 0.00789269 0.0128903 0.019527 0.0277748 0.0373669 0.0476414 0.0575137 0.065746 0.0713958 0.0741113 0.0740871 0.0718116 0.0678376 0.0626748 0.0567563 0.050428 0.0439489 0.0375075 0.0312473 0.0252924 0.019767 0.0148028 0.0105297 0.00704907 0.00440012
 0.00790626 0.0129052 0.0195364 0.0277683 0.0373341 0.0475764 0.0574192 0.0656334 0.071281 0.0740095 0.0740093 0.071763 0.0678194 0.0626854 0.0567926 0.050486 0.044024 0.0375939 0.0313377 0.0253785 0.0198407 0.0148586 0.010566 0.00706828 0.00440706
 0.00788047 0.0128671 0.0194856 0.0277062 0.037262 0.0474939 0.0573239 0.0655232 0.0711583 0.0738839 0.0738969 0.0716819 0.0677831 0.062699 0.0568526 0.0505827 0.0441454 0.0377279 0.0314732 0.0255056 0.0199512 0.0149467 0.0106297 0.00710936 0.0044302
 0.00787223 0.0128462 0.0194408 0.0276237 0.0371305 0.0473115 0.0571029 0.0652888 0.0709403 0.0737068 0.0737746 0.0716187 0.067778 0.062749 0.056953 0.0507257 0.0443193 0.0379183 0.031665 0.0256852 0.0201078 0.0150736 0.0107244 0.00717387 0.00446992
 0.00783045 0.0127836 0.0193559 0.0275176 0.0370043 0.0471649 0.056934 0.0650974 0.0707335 0.0735015 0.0735959 0.0714923 0.0677221 0.0627696 0.0570447 0.0508757 0.044511 0.0381341 0.0318872 0.0258973 0.0202962 0.0152288 0.0108427 0.00725658 0.0045226
 0.00783995 0.0127905 0.0193509 0.0274875 0.0369368 0.0470543 0.0567857 0.0649266 0.0705584 0.0733368 0.0734505 0.071372 0.0676345 0.0627247 0.0570515 0.0509378 0.0446241 0.0382863 0.0320622 0.0260773 0.0204649 0.015374 0.0109571 0.00733899 0.00457659
 0.00779126 0.0127187 0.0192561 0.0273733 0.036808 0.0469135 0.0566323 0.0647596 0.0703816 0.0731621 0.0732962 0.0712576 0.0675737 0.062723 0.0571077 0.0510465 0.0447776 0.038474 0.0322703 0.0262893 0.0206642 0.0155465 0.0110945 0.0074392 0.00464314
 0.00775772 0.0126582 0.0191548 0.0272167 0.0365866 0.0466304 0.0563085 0.0644311 0.0700882 0.0729347 0.0731498 0.0711927 0.067584 0.0628007 0.0572448 0.0512344 0.0450052 0.0387284 0.0325365 0.0265512 0.0209058 0.0157545 0.0112602 0.00756052 0.0047243
 0.00772151 0.0125985 0.0190632 0.0270841 0.0364043 0.046393 0.0560174 0.064099 0.0697407 0.0726081 0.0728835 0.0710197 0.0675219 0.0628491 0.0573896 0.0514539 0.0452767 0.0390302 0.0328485 0.0268545 0.0211833 0.0159922 0.0114495 0.00769962 0.00481785
 0.00930777 0.0148163 0.0217344 0.02982 0.0387189 0.0478827 0.0565035 0.0636539 0.0686052 0.0710702 0.0711907 0.0693476 0.0659807 0.061501 0.0562619 0.0505488 0.0445786 0.0385137 0.0324842 0.0266128 0.0210355 0.0159118 0.0114131 0.00768836 0.00481831
 0.00928816 0.015082 0.0226585 0.0318656 0.0422371 0.05284 0.0623091 0.0692557 0.0728629 0.0732043 0.0710396 0.0673099 0.0627407 0.0577374 0.0524803 0.047051 0.0415091 0.03592 0.0303621 0.0249322 0.0197527 0.0149744 0.0107629 0.00726413 0.00456029
 0.00895583 0.0145566 0.0219176 0.0309561 0.0413305 0.052271 0.0625363 0.0706977 0.0756476 0.0769817 0.0750245 0.0705799 0.0646215 0.0580378 0.0514626 0.0452151 0.0393572 0.0338187 0.0285168 0.0234242 0.0185884 0.0141219 0.0101726 0.00688015 0.00432751
 0.00877585 0.0142563 0.0214518 0.0302809 0.0404198 0.051148 0.0613144 0.0696097 0.0750287 0.0771782 0.0762379 0.0727188 0.067266 0.0605749 0.0533354 0.046137 0.0393699 0.0331922 0.0275848 0.0224577 0.0177487 0.0134723 0.00971339 0.00658045 0.00414675
 0.00872435 0.0141629 0.0212927 0.0300254 0.0400349 0.0506072 0.0606113 0.0687745 0.0741459 0.0763983 0.0757675 0.0727697 0.0679623 0.0618615 0.0549535 0.0477077 0.0405498 0.0338074 0.027666 0.022175 0.017306 0.013028 0.00935289 0.0063272 0.00398827
 0.0086964 0.0141201 0.0212324 0.0299442 0.0399263 0.0504581 0.0604016 0.0684813 0.0737547 0.0759188 0.0752512 0.0723177 0.0677112 0.0619392 0.0554151 0.048486 0.0414617 0.0346258 0.0282178 0.0224048 0.0172716 0.0128447 0.00913067 0.00613561 0.00385301
 0.00867196 0.0140791 0.0211685 0.0298517 0.0398015 0.0503021 0.0602207 0.0682847 0.0735482 0.0757019 0.0750197 0.0720762 0.067489 0.0617956 0.0554245 0.0487017 0.0418765 0.0351583 0.0287413 0.0228038 0.0174906 0.0128989 0.0090799 0.00604534 0.0037682
 0.00866662 0.0140657 0.0211394 0.0297971 0.0397116 0.0501713 0.0600513 0.0680879 0.0733414 0.0755034 0.0748429 0.0719274 0.0673703 0.0617136 0.0553982 0.0487605 0.0420452 0.0354343 0.0290828 0.0231413 0.0177578 0.0130618 0.00914457 0.00604458 0.00373897
 0.0086603 0.0140605 0.0211406 0.0298111 0.0397427 0.0502168 0.0600987 0.0681171 0.0733324 0.0754441 0.0747348 0.0717836 0.0672102 0.0615577 0.0552658 0.0486715 0.0420188 0.0354826 0.0292007 0.0233023 0.0179215 0.0131914 0.00922235 0.00607443 0.0037381
 0.00865616 0.0140523 0.021126 0.029788 0.0397112 0.0501807 0.0600661 0.0680971 0.0733297 0.0754545 0.0747453 0.0717787 0.0671795 0.0615013 0.0551944 0.0486027 0.0419721 0.0354741 0.0292377 0.0233789 0.0180191 0.0132861 0.00929488 0.00611751 0.00375592
 0.00861153 0.0139866 0.0210396 0.0296858 0.0396007 0.0500701 0.0599629 0.0680084 0.0732633 0.075418 0.0747436 0.0718102 0.067235 0.0615667 0.0552567 0.0486556 0.042018 0.0355219 0.0292967 0.0234531 0.0181042 0.0133706 0.00936649 0.00616851 0.00378582
 0.00864807 0.0140346 0.0210911 0.0297268 0.0396163 0.0500511 0.0599106 0.0679346 0.0731839 0.0753471 0.0746889 0.0717736 0.067215 0.0615597 0.0552581 0.0486605 0.0420237 0.0355291 0.0293094 0.0234756 0.0181373 0.0134105 0.00940592 0.00620087 0.00380784
 0.00862815 0.0140123 0.0210756 0.0297308 0.0396503 0.0501155 0.0599914 0.0680067 0.0732225 0.0753395 0.0746398 0.0717008 0.0671392 0.0614962 0.0552134 0.0486339 0.042011 0.035526 0.0293136 0.0234867 0.0181551 0.0134335 0.00943055 0.00622302 0.00382459
 0.00861686 0.0139913 0.0210398 0.0296759 0.0395762 0.05003 0.0599113 0.0679525 0.0732089 0.0753669 0.0746933 0.0717586 0.0671843 0.0615233 0.0552274 0.0486438 0.0420236 0.0355439 0.0293363 0.0235124 0.0181823 0.0134605 0.00945567 0.00624424 0.00384057
 0.00862299 0.0140013 0.0210545 0.0296954 0.0395985 0.0500507 0.0599241 0.067952 0.0731944 0.0753436 0.0746709 0.0717448 0.0671803 0.0615235 0.0552246 0.048634 0.0420084 0.035528 0.0293243 0.0235068 0.0181832 0.0134665 0.00946455 0.00625371 0.00384882
 0.00862299 0.0140013 0.0210545 0.0296954 0.0395985 0.0500507 0.0599241 0.067952 0.0731944 0.0753436 0.0746709 0.0717448 0.0671803 0.0615235 0.0552246 0.048634 0.0420084 0.035528 0.0293243 0.0235068 0.0181832 0.0134665 0.00946455 0.00625371 0.00384882
 0.00893469 0.0144926 0.0217629 0.030639 0.0407654 0.051386 0.0613208 0.0692578 0.0742419 0.0759947 0.0748528 0.0714636 0.066508 0.0605715 0.0541145 0.0474757 0.0408884 0.034507 0.0284398 0.022777 0.0176104 0.0130406 0.0091663 0.00605847 0.00373025
 0.0088305 0.0143621 0.0216389 0.0305779 0.0408341 0.0516398 0.0617815 0.0699029 0.0750068 0.0767843 0.0755596 0.0719887 0.0667829 0.0605726 0.0538655 0.0470366 0.0403364 0.0339179 0.0278754 0.0222794 0.0172025 0.0127285 0.00894374 0.0059111 0.00364013
 0.0087609 0.0142342 0.0214223 0.0302442 0.0403743 0.0510869 0.0612229 0.0694671 0.0748217 0.076926 0.0760202 0.072679 0.0675658 0.0613072 0.0544437 0.0474034 0.0404907 0.0338993 0.0277432 0.0220937 0.0170111 0.0125616 0.00881504 0.00582176 0.00358394
 0.0088739 0.0144036 0.0216489 0.0305141 0.0406574 0.0513384 0.0613909 0.0695093 0.0747273 0.0767321 0.0758042 0.0725274 0.067533 0.0613908 0.0545899 0.0475359 0.0405452 0.0338462 0.0275913 0.0218786 0.0167768 0.012346 0.00864074 0.00569598 0.00350229
 0.00888761 0.0144367 0.0217179 0.0306391 0.0408543 0.051607 0.061706 0.0698205 0.074972 0.0768569 0.0757873 0.072389 0.0673293 0.0611899 0.054442 0.0474532 0.0405034 0.0338041 0.0275156 0.0217589 0.0166259 0.0121886 0.00850048 0.00558697 0.00342748
 0.00878221 0.0142677 0.0214699 0.0303041 0.0404394 0.0511424 0.0612482 0.0694426 0.0747414 0.0768086 0.0759106 0.072637 0.067643 0.0615237 0.0547741 0.0477789 0.0408189 0.0340961 0.0277622 0.0219408 0.0167368 0.0122382 0.00850864 0.00557459 0.00340999
 0.00889645 0.0144352 0.0216873 0.0305542 0.0406933 0.051365 0.0614052 0.0695092 0.0747097 0.0766931 0.0757441 0.0724571 0.0674775 0.0613837 0.054658 0.047682 0.0407399 0.0340352 0.0277166 0.0219027 0.0166977 0.0121936 0.00846067 0.00552931 0.00337313
 0.00898534 0.0145871 0.021928 0.0309077 0.0411707 0.05195 0.0620437 0.0701137 0.075182 0.076956 0.0757654 0.0722555 0.0671096 0.0609213 0.0541674 0.0472113 0.0403173 0.0336732 0.0274177 0.0216631 0.0165096 0.0120482 0.00835037 0.00544841 0.0033171
 0.0088957 0.0144528 0.0217485 0.0306941 0.0409472 0.0517534 0.061919 0.0701025 0.0753062 0.0772029 0.0760861 0.0725811 0.0673772 0.0610952 0.0542448 0.0472139 0.0402757 0.0336141 0.0273583 0.021611 0.0164663 0.0120124 0.0083204 0.00542367 0.00329772
 0.00872032 0.0141636 0.021308 0.0300708 0.0401302 0.0507709 0.0608535 0.0690868 0.0744949 0.0767278 0.0760176 0.0729103 0.0680245 0.0619383 0.0551555 0.0480882 0.0410493 0.0342608 0.0278776 0.0220146 0.0167694 0.0122302 0.00846817 0.00551695 0.00335177
 0.00862672 0.0139958 0.0210267 0.0296302 0.0394893 0.0499125 0.059803 0.0679223 0.0733395 0.075729 0.0753172 0.0726132 0.0681726 0.0624989 0.05603 0.0491403 0.0421409 0.0352819 0.0287599 0.0227299 0.0173181 0.0126292 0.00874225 0.00569339 0.00345719
 0.00889231 0.0144092 0.021611 0.0303855 0.0403813 0.0508626 0.060685 0.0685786 0.0736231 0.0755551 0.0746998 0.0716659 0.0670732 0.061436 0.0551511 0.0485212 0.0417823 0.0351305 0.0287409 0.0227753 0.017381 0.0126852 0.00878298 0.00571922 0.00347174
#pred catch len freq
 0.00589476 0.0092252 0.0132515 0.017784 0.0226856 0.0278677 0.0332047 0.0384802 0.0434249 0.0477961 0.051425 0.0542259 0.0561906 0.0573748 0.0578671 0.0577558 0.0571061 0.0559489 0.0542576 0.051908 0.0486569 0.0442044 0.0383764 0.0313485 0.0237394
 0.00616976 0.00959737 0.0136789 0.0181967 0.0230249 0.028138 0.0335 0.0389543 0.0442108 0.0489181 0.0527605 0.0555408 0.0572293 0.0579534 0.0579293 0.057372 0.0564251 0.0551251 0.0533871 0.0510048 0.0476795 0.0431171 0.0372031 0.0301821 0.0227022
 0.00673954 0.0104421 0.0147948 0.0195177 0.0244311 0.0294802 0.0346335 0.0397802 0.0447168 0.0491949 0.0529657 0.0558132 0.0576015 0.0583251 0.0581217 0.0572247 0.0558728 0.05421 0.0522144 0.049681 0.0462776 0.0416855 0.0357971 0.0288818 0.0215971
 0.00718859 0.0111545 0.0158325 0.0209217 0.0262073 0.0315796 0.0369317 0.042075 0.0467611 0.0507627 0.0539238 0.0561625 0.0574604 0.0578565 0.0574449 0.056367 0.0547884 0.0528448 0.0505636 0.0478043 0.0442789 0.0396853 0.033916 0.0272301 0.0202589
 0.00761842 0.0118173 0.0167662 0.0221467 0.0277349 0.0334181 0.0390784 0.0444888 0.0493293 0.053285 0.0561339 0.0577919 0.0583217 0.0579015 0.0567617 0.0551177 0.0531288 0.0508778 0.0483478 0.0453957 0.0417677 0.0372035 0.0316169 0.0252535 0.0186969
 0.00805934 0.0124941 0.0177116 0.0233683 0.0292209 0.0351466 0.0410215 0.0466097 0.0515758 0.0555786 0.0583545 0.0597677 0.0598409 0.0587581 0.0568181 0.0543498 0.0516239 0.0487905 0.0458468 0.0426387 0.0389076 0.0344039 0.0290495 0.0230704 0.0169932
 0.00851811 0.0131983 0.018695 0.0246374 0.0307593 0.0369225 0.0429882 0.0487037 0.0537175 0.0576782 0.0603194 0.0615018 0.0612367 0.0596907 0.0571552 0.0539814 0.0505026 0.0469563 0.0434245 0.0398121 0.035892 0.0314241 0.0263187 0.0207611 0.0152051
 0.00897074 0.0138975 0.0196798 0.0259217 0.0323339 0.0387574 0.0450305 0.0508733 0.055909 0.0597735 0.0622025 0.0630719 0.0624131 0.0604082 0.0573543 0.053603 0.049497 0.0453086 0.0411831 0.0371051 0.0329198 0.0284308 0.0235495 0.018414 0.0133917
 0.00945865 0.0146436 0.0207162 0.0272508 0.0339348 0.0405949 0.0470569 0.0530208 0.0580841 0.0618582 0.0640667 0.0645915 0.0634875 0.0609716 0.0573735 0.0530663 0.0484025 0.0436646 0.039026 0.0345247 0.0300754 0.0255416 0.0208551 0.0161188 0.0116155
 0.00999069 0.0154432 0.0217991 0.028592 0.0354813 0.0422858 0.0488355 0.054834 0.059874 0.0635562 0.0655926 0.0658574 0.0644064 0.0614686 0.057396 0.0525881 0.0474207 0.0421966 0.0371124 0.0322436 0.0275575 0.0229708 0.0184414 0.0140495 0.0100064
 0.0104261 0.0161166 0.0227478 0.0298262 0.0369823 0.0440053 0.0506936 0.0567227 0.0616723 0.0651536 0.0669063 0.0668359 0.0650205 0.0616999 0.05723 0.0520143 0.0464367 0.0408138 0.0353642 0.0301963 0.0253211 0.020699 0.0163112 0.0122216 0.00858248
 0.0106303 0.0164502 0.0232539 0.0305479 0.037957 0.0452525 0.0521994 0.0584269 0.0634675 0.0668978 0.0684481 0.0680434 0.0658056 0.0620273 0.0571086 0.0514772 0.0455234 0.0395626 0.0338177 0.0284149 0.0233965 0.018757 0.0144968 0.0106666 0.00737095
 0.0107081 0.0165728 0.023433 0.0307975 0.0382973 0.045714 0.0528203 0.0592419 0.0644885 0.0680947 0.0697397 0.0693058 0.0668982 0.062825 0.0575281 0.0514862 0.0451333 0.0388128 0.0327634 0.0271247 0.0219577 0.017278 0.0130982 0.00945777 0.00642289
 0.0108163 0.0167365 0.0236568 0.0310784 0.0386274 0.0460854 0.0532292 0.059692 0.0649916 0.0686665 0.0703894 0.0700203 0.0676303 0.0634939 0.0580362 0.0517446 0.045085 0.0384427 0.0320964 0.0262178 0.0208923 0.0161533 0.0120192 0.00851728 0.00568121
 0.01084 0.0167773 0.0237226 0.0311785 0.0387707 0.0462777 0.0534712 0.0599783 0.0653134 0.0690161 0.0707636 0.0704202 0.0680544 0.0639274 0.0584419 0.0520638 0.04525 0.0383974 0.0318146 0.0257128 0.0202157 0.0153847 0.0112496 0.00782885 0.00512948
