SBPRF35
7.8962
Curr Bio
567545
B35
519305
F35
0.211732
FOFL
0.193024
OFL
72144.3
Bzero
2.25606e+006
#pred survey bio
 2.34793e+006 2.24796e+006 2.12578e+006 2.00057e+006 1.79804e+006 1.6155e+006 1.4258e+006 1.26428e+006 1.1354e+006 1.03854e+006 954072 880095 789965 681974 626721 606606 598289 601710 593389 561716 525729 482621 465005 471000 496794 520971 544077 521053 524073 519617 534713 523818 512908 513906 515380 533517 577813 609315 605484 567613 537167 523691 539741 576688 601869 623445 653593 631589 578525 566961 542795 524207 578483 650448 648729 575113 1.6906e+007 1.03725e+007 1.09687e+007 1.19492e+007 1.30714e+007 1.4148e+007 1.50796e+007 1.58337e+007 1.64174e+007 1.68556e+007 1.71782e+007 1.74127e+007 1.75819e+007 1.77038e+007 1.77916e+007 1.78551e+007 1.79012e+007 1.79349e+007 1.79596e+007 1.79779e+007 1.79915e+007 1.80017e+007 1.80094e+007 1.80152e+007 1.80196e+007 1.80229e+007 1.80255e+007 1.80275e+007 1.80289e+007 1.80301e+007 1.8031e+007 1.80317e+007 1.80322e+007 1.80326e+007 1.80329e+007 1.80332e+007 1.80334e+007 1.80335e+007 1.80336e+007 1.80337e+007 1.80338e+007 1.80338e+007 1.80339e+007 1.80339e+007 1.80339e+007 1.80339e+007 1.8034e+007 1.8034e+007 1.8034e+007 1.8034e+007 1.8034e+007 1.8034e+007 1.8034e+007 1.8034e+007 1.8034e+007 1.8034e+007 1.8034e+007 1.8034e+007 1.8034e+007 1.8034e+007 1.8034e+007 1.8034e+007 1.8034e+007 1.8034e+007 1.8034e+007 1.8034e+007 1.8034e+007 1.8034e+007 1.8034e+007 1.8034e+007 1.8034e+007 1.8034e+007 1.8034e+007 1.8034e+007 1.8034e+007 1.8034e+007 1.8034e+007 1.8034e+007 1.8034e+007 1.8034e+007 1.8034e+007 1.8034e+007 1.8034e+007 1.8034e+007 1.8034e+007 1.8034e+007 1.8034e+007 1.8034e+007 1.8034e+007 1.8034e+007 1.8034e+007 1.8034e+007 1.8034e+007 1.8034e+007 1.8034e+007 1.8034e+007 1.8034e+007 1.8034e+007 1.8034e+007 1.8034e+007 0 0 0 0 0 0 0 0 0 0 0 0 0 0 0 0 0 0 0 0 0 0 0 0 0
#obs survey bio
 2.15567e+006 2.08131e+006 2.21107e+006 2.59703e+006 1.57229e+006 1.83253e+006 1.99004e+006 1.04191e+006 1.53168e+006 867370 1.32964e+006 821765 1.0336e+006 528612 652965 565984 553981 577465 700993 520992 442361 658664 468679 390685 515616 590714 609158 446240 427830 471030 613096 466876 432337 547923 486425 370222 538754 767288 566302 615679 467493 540900 510730 511580 661430 570447 659588 675654 644270 557104 430021 465874 767420 628896 808298 656720
#pred catch bio
 261076 265085 267373 307099 309335 305320 282180 276668 253780 249068 216979 214043 192683 173607 147493 143028 137541 138213 119437 106884 112761 100438 101799 103554 108433 97429.4 101587 90811.5 96449.1 91455.9 96962.3 95174.5 78621.7 79516.9 88392.9 86306.6 84543.3 80663.2 85306.3 82465.4 85320.2 90048.7 89434.2 91587.5 89169.3 90345.6 84065.2 123731 97166.6 91392 104500 68289.5 59359.9 101358 107027 129733 72144.3 79568.2 82929.8 89598.7 97773.6 105631 112315 117584 121525 124362 126345 127702 128614 129220 129617 129876 130043 130150 130219 130263 130291 130309 130320 130327 130331 130334 130336 130337 130338 130338 130339 130339 130339 130339 130339 130339 130339 130339 130339 130339 130339 130339 130339 130339 130339 130339 130339 130339 130339 130339 130339 130339 130339 130339 130339 130339 130339 130339 130339 130339 130339 130339 130339 130339 130339 130339 130339 130339 130339 130339 130339 130339 130339 130339 130339 130339 130339 130339 130339 130339 130339 130339 130339 130339 130339 130339 130339 130339 130339 130339 130339 130339 130339 130339 130339 130339 130339 130339 130339 130339 0 0 0 0 0 0 0 0 0 0 0 0 0 0 0 0 0 0 0 0 0 0 0 0 0
#obs catch bio
 257426 264979 267276 306894 309740 305316 281730 277222 253671 250264 216580 214474 191708 174284 147421 143140 137872 138798 119114 106619 112814 100230 101888 104127 108951 97414 101287 90802.4 96426 91643.6 96894.6 95385.6 78479.9 79368 88531.1 86539.4 84555.9 80508.9 85271.2 82392.2 85272.6 90217.7 89617.3 91572 89072.4 90574.2 83578.5 124311 97154.3 91128.7 104956 68275.1 59078.3 101702 106639 130120
#pred cpue bio
 2.31877e+006 2.21835e+006 2.09501e+006 1.96902e+006 1.76722e+006 1.5851e+006 1.39635e+006 1.23571e+006 1.10722e+006 1.01056e+006 926198 852747 763977 658534 604297 584574 576281 579369 571220 540821 506191 464446 447465 453151 478020 501449 524101 502098 505159 500921 515756 505354 493684 493008 493549 510733 553388 583994 580731 544427 515195 502170 517473 553070 577369 598131 627122 606358 554278 542734 520014 501950 554389 624847 623462 552101 1.61606e+007 9.88352e+006 1.03622e+007 1.12645e+007 1.2369e+007 1.34428e+007 1.43741e+007 1.51281e+007 1.57118e+007 1.615e+007 1.64726e+007 1.6707e+007 1.68763e+007 1.69982e+007 1.7086e+007 1.71495e+007 1.71956e+007 1.72293e+007 1.7254e+007 1.72723e+007 1.72859e+007 1.72961e+007 1.73038e+007 1.73096e+007 1.7314e+007 1.73173e+007 1.73199e+007 1.73218e+007 1.73233e+007 1.73245e+007 1.73254e+007 1.73261e+007 1.73266e+007 1.7327e+007 1.73273e+007 1.73276e+007 1.73277e+007 1.73279e+007 1.7328e+007 1.73281e+007 1.73282e+007 1.73282e+007 1.73283e+007 1.73283e+007 1.73283e+007 1.73283e+007 1.73283e+007 1.73284e+007 1.73284e+007 1.73284e+007 1.73284e+007 1.73284e+007 1.73284e+007 1.73284e+007 1.73284e+007 1.73284e+007 1.73284e+007 1.73284e+007 1.73284e+007 1.73284e+007 1.73284e+007 1.73284e+007 1.73284e+007 1.73284e+007 1.73284e+007 1.73284e+007 1.73284e+007 1.73284e+007 1.73284e+007 1.73284e+007 1.73284e+007 1.73284e+007 1.73284e+007 1.73284e+007 1.73284e+007 1.73284e+007 1.73284e+007 1.73284e+007 1.73284e+007 1.73284e+007 1.73284e+007 1.73284e+007 1.73284e+007 1.73284e+007 1.73284e+007 1.73284e+007 1.73284e+007 1.73284e+007 1.73284e+007 1.73284e+007 1.73284e+007 1.73284e+007 1.73284e+007 1.73284e+007 1.73284e+007 1.73284e+007 1.73284e+007 1.73284e+007 1.73284e+007 1.73284e+007 0 0 0 0 0 0 0 0 0 0 0 0 0 0 0 0 0 0 0 0 0 0 0 0 0
#obs cpue bio
 2.91562e+006 2.73886e+006 1.78403e+006 1.90324e+006 1.61222e+006 1.57324e+006 1.06446e+006 1.26527e+006 881474 944218 841978 804008 846935 565280 646985 608523 535506 557420 664224 567184 598644 358938 392576 381626 479908 486933 687123 422540 728901 403516 600203 485769 642137 511085 457990 583138 704354 516803 641167 494056 605934 417989 480528 757200 546743 496662 933037 475603 450285 683863 588887 463851 458585 669226 615712 413745
#pred surv len freq
 0.00465986 0.00767722 0.0117598 0.0169462 0.023127 0.0299411 0.0367615 0.0428678 0.0477219 0.0511397 0.0532501 0.0543274 0.0546501 0.0544436 0.0538812 0.0531042 0.052243 0.0514121 0.0506522 0.0498179 0.0484826 0.0459894 0.0417256 0.035521 0.0278977
 0.00510789 0.00833303 0.012615 0.0179543 0.0242266 0.0310884 0.0379465 0.0440994 0.0489916 0.0523901 0.0543751 0.0552076 0.0552028 0.0546554 0.0538045 0.0528197 0.0518085 0.0508232 0.0498355 0.0486667 0.0469253 0.044058 0.0395815 0.0334129 0.0260705
 0.00525946 0.00865332 0.0132275 0.0190035 0.0258238 0.0332382 0.0404982 0.0467699 0.0514617 0.0544185 0.0558557 0.056147 0.0556529 0.0546644 0.0534087 0.0520609 0.0507391 0.0494878 0.0482462 0.0468022 0.0447693 0.0416573 0.0370816 0.0310353 0.0240376
 0.00540644 0.0088795 0.013551 0.0194504 0.0264449 0.0341195 0.0417478 0.0484692 0.0535966 0.0568337 0.0582751 0.0582595 0.0572164 0.0555631 0.053645 0.0517053 0.0498815 0.0482096 0.0466086 0.0448489 0.0425473 0.0392513 0.0346383 0.0287505 0.0221005
 0.00565953 0.00929219 0.0141725 0.0203229 0.027591 0.0355288 0.0433712 0.0502334 0.0554329 0.0586972 0.060129 0.0600327 0.0587736 0.056723 0.0542385 0.0516342 0.0491385 0.046857 0.0447424 0.0425746 0.0399811 0.036537 0.0319583 0.0263077 0.0200706
 0.00587742 0.00966174 0.0147568 0.0211896 0.0287967 0.0370945 0.0452581 0.0523358 0.0575984 0.0607669 0.0619777 0.0615873 0.0600001 0.0575914 0.0546926 0.05159 0.048515 0.0456151 0.0429078 0.0402387 0.0372905 0.033684 0.0291654 0.0237959 0.0180125
 0.00614865 0.010097 0.0154025 0.0220876 0.0299804 0.0385798 0.04703 0.0543367 0.0597263 0.0628854 0.0639358 0.0632457 0.0612553 0.0583865 0.0550066 0.0514125 0.0478258 0.0443875 0.0411347 0.0379664 0.0346401 0.0308494 0.0263857 0.0213062 0.0159875
 0.00640017 0.0105098 0.0160301 0.0229809 0.0311754 0.0400806 0.0487942 0.0562743 0.061718 0.0648091 0.0656847 0.0647309 0.062401 0.0591285 0.055297 0.0512222 0.0471403 0.0432009 0.0394544 0.0358329 0.0321538 0.0281824 0.023763 0.0189558 0.0140798
 0.00664628 0.0109188 0.016662 0.0238961 0.0324217 0.0416719 0.0506892 0.05837 0.0638655 0.0668448 0.0674631 0.0661448 0.0633863 0.0596567 0.0553612 0.0508244 0.0462844 0.0418929 0.0377108 0.0336987 0.0297234 0.025612 0.0212568 0.0167226 0.0122757
 0.00687553 0.011286 0.0172052 0.0246493 0.0334112 0.0429095 0.0521617 0.0600308 0.0656331 0.0686106 0.0691046 0.0675418 0.0644379 0.0602934 0.0555486 0.0505566 0.045572 0.0407546 0.0361744 0.0318134 0.0275783 0.0233471 0.0190518 0.0147602 0.0106923
 0.00711784 0.0116836 0.0178092 0.0255067 0.0345524 0.0443302 0.0538081 0.0618004 0.067396 0.0702414 0.0705045 0.0686432 0.0651956 0.0606763 0.0555364 0.0501415 0.0447604 0.0395659 0.0346422 0.0299923 0.0255554 0.0212495 0.0170368 0.0129844 0.00926979
 0.0072101 0.0118422 0.0180648 0.0258952 0.0351102 0.0450841 0.0547636 0.0629327 0.0686492 0.0715349 0.0717458 0.0697418 0.0660753 0.0612803 0.0558268 0.0500951 0.0443657 0.0388246 0.033574 0.0286422 0.0240016 0.019605 0.0154387 0.0115665 0.00812967
 0.00728486 0.0119806 0.0183041 0.0262803 0.0356828 0.0458665 0.0557434 0.0640592 0.069844 0.0727099 0.0728186 0.0706439 0.0667539 0.061699 0.0559643 0.0499427 0.0439239 0.0381016 0.0325889 0.0274329 0.0226334 0.0181733 0.0140591 0.010351 0.00715774
 0.00743318 0.0122042 0.0186093 0.0266651 0.036143 0.0464023 0.0563615 0.0647656 0.0706312 0.073547 0.0736499 0.0713997 0.067366 0.0621139 0.0561485 0.0498806 0.0436133 0.03755 0.031814 0.0264679 0.0215335 0.0170178 0.0129435 0.00936747 0.00637155
 0.00752366 0.0123643 0.0188728 0.0270671 0.0367065 0.0471215 0.0571901 0.0656242 0.0714336 0.0742301 0.0741888 0.0717984 0.0676358 0.0622561 0.0561513 0.049726 0.0432864 0.0370457 0.0311401 0.0256486 0.0206128 0.0160598 0.0120248 0.00856163 0.00572999
 0.00759995 0.0124594 0.0189645 0.0271225 0.0366984 0.0470494 0.0570929 0.0655706 0.0714925 0.074439 0.0745392 0.0722458 0.0681225 0.0627286 0.0565647 0.0500415 0.0434687 0.0370663 0.0309847 0.025323 0.0201468 0.0155058 0.0114493 0.00803068 0.00529309
 0.00766783 0.0125723 0.0191369 0.0273633 0.037002 0.0473867 0.0574107 0.0658063 0.0716035 0.0744276 0.0744553 0.0721618 0.0680968 0.0627818 0.0566787 0.0501738 0.0435701 0.0370927 0.0309044 0.0251226 0.0198359 0.015117 0.0110316 0.00763658 0.00496388
 0.00766364 0.0125691 0.0191393 0.0273794 0.0370426 0.047463 0.0575292 0.065963 0.0717787 0.0745894 0.0745717 0.072218 0.0681053 0.0627764 0.0566942 0.0502261 0.0436474 0.0371621 0.0309267 0.0250681 0.0196944 0.0149016 0.0107745 0.0073778 0.00473845
 0.00777046 0.0127199 0.0193241 0.0275754 0.0372215 0.0476029 0.0576234 0.0660207 0.0718174 0.0746234 0.074604 0.0722393 0.0681013 0.0627393 0.05663 0.0501517 0.0435798 0.0371058 0.0308703 0.0249913 0.0195802 0.014747 0.0105928 0.00719314 0.00457515
 0.00786961 0.0128567 0.0194841 0.0277282 0.037327 0.0476232 0.0575353 0.0658243 0.0715397 0.0743143 0.0743247 0.072044 0.06802 0.0627696 0.0567443 0.0503129 0.043755 0.0372722 0.0310119 0.0250942 0.0196338 0.0147479 0.0105488 0.00712152 0.00449674
 0.0078012 0.0127708 0.0194004 0.0276765 0.0373345 0.0476962 0.0576475 0.0659223 0.071566 0.0742354 0.0741485 0.0718168 0.0678064 0.0626271 0.0567038 0.0503734 0.0438908 0.0374466 0.0311896 0.025248 0.0197463 0.014812 0.0105678 0.00710725 0.00446506
 0.00783117 0.0128233 0.0194873 0.0278134 0.0375392 0.0479843 0.0580241 0.0663709 0.0720402 0.074661 0.07444 0.0719073 0.067675 0.0623092 0.0562761 0.0499232 0.0434866 0.0371232 0.0309503 0.0250765 0.0196204 0.0147129 0.0104841 0.00703517 0.0044053
 0.0078386 0.0128267 0.0194771 0.0277775 0.0374693 0.0478842 0.0579158 0.066293 0.0720355 0.074758 0.0746367 0.0721655 0.0679313 0.0624985 0.0563582 0.0498968 0.0433842 0.0369912 0.0308272 0.0249817 0.0195547 0.0146673 0.0104487 0.0070043 0.00437788
 0.0077893 0.0127664 0.019422 0.0277523 0.0374977 0.0479749 0.0580545 0.0664468 0.0721699 0.0748551 0.0747026 0.072221 0.0679934 0.0625654 0.0564089 0.0499046 0.0433341 0.0368892 0.0306963 0.0248493 0.0194404 0.0145787 0.0103841 0.00695815 0.00434523
 0.00772546 0.012662 0.0192653 0.0275368 0.0372281 0.047675 0.0577683 0.0662295 0.0720674 0.0748847 0.0748473 0.0724417 0.0682491 0.0628265 0.0566568 0.0501245 0.0435114 0.0370132 0.030766 0.0248748 0.0194381 0.0145641 0.0103672 0.00694336 0.00433351
 0.00778308 0.0127322 0.0193278 0.0275579 0.0371703 0.047512 0.0574991 0.0658843 0.0717018 0.0745652 0.0746318 0.0723635 0.0683087 0.0629958 0.056893 0.0503842 0.04376 0.0372269 0.0309319 0.0249903 0.0195094 0.0146025 0.0103847 0.00694947 0.00433428
 0.00774312 0.0126604 0.0192063 0.0273646 0.0368822 0.0471119 0.0569852 0.0652781 0.0710524 0.0739457 0.0741286 0.0720564 0.0682492 0.0631916 0.0573058 0.0509435 0.0443836 0.0378409 0.0314827 0.0254474 0.0198632 0.0148588 0.0105587 0.00705997 0.00439963
 0.00784333 0.012803 0.0193825 0.0275514 0.0370456 0.0472144 0.0569923 0.0651636 0.0708035 0.0735691 0.0736561 0.0715461 0.0677769 0.0628333 0.0571166 0.0509414 0.0445461 0.0381158 0.0318069 0.0257649 0.0201363 0.0150702 0.0107077 0.00715624 0.00445673
 0.00776401 0.0126946 0.0192566 0.0274292 0.0369491 0.0471535 0.0569563 0.0651236 0.0707253 0.073429 0.0734512 0.0712954 0.0675164 0.0626082 0.0569729 0.0509149 0.0446518 0.0383412 0.0321142 0.0261035 0.0204577 0.0153404 0.0109118 0.00729575 0.00454335
 0.00770748 0.0126093 0.0191414 0.0272903 0.036801 0.0470192 0.0568633 0.0650954 0.0707682 0.0735238 0.0735554 0.0713598 0.0675072 0.0625224 0.0568387 0.05078 0.0445648 0.0383347 0.0321954 0.026254 0.0206433 0.0155248 0.0110682 0.00741192 0.00461983
 0.00765327 0.0125123 0.0189803 0.0270419 0.0364501 0.0465701 0.0563507 0.0645833 0.0703356 0.0732403 0.0734587 0.0714447 0.0677299 0.0628191 0.0571502 0.0510703 0.0448273 0.038583 0.0324466 0.0265148 0.0209049 0.0157678 0.0112729 0.00756692 0.00472499
 0.00843436 0.0136116 0.0203185 0.0284371 0.0376666 0.0473999 0.0566807 0.0644151 0.0697613 0.0723983 0.0724959 0.070489 0.0668731 0.0621077 0.0565885 0.0506353 0.0444889 0.0383203 0.0322518 0.0263869 0.0208401 0.015754 0.0112913 0.00759827 0.00475531
 0.00925439 0.0149123 0.0222036 0.0309494 0.0407426 0.0508214 0.0600567 0.0672401 0.0715597 0.0728926 0.0716995 0.068672 0.064434 0.0594354 0.0539749 0.048254 0.0424161 0.0365718 0.0308158 0.0252429 0.0199643 0.0151171 0.0108561 0.00732113 0.00459192
 0.00919463 0.014918 0.0224022 0.0315225 0.0418779 0.0526332 0.0625082 0.0701093 0.0744685 0.0753919 0.0733833 0.0692862 0.0639438 0.0580197 0.0519513 0.0459701 0.0401596 0.0345293 0.0290786 0.023836 0.0188753 0.0143144 0.0102972 0.00695701 0.00437196
 0.0089265 0.0145176 0.0218728 0.030909 0.0412788 0.0522043 0.0624489 0.0706156 0.075654 0.0772079 0.0755867 0.0714891 0.0657312 0.0590832 0.0521764 0.0454452 0.0391123 0.0332314 0.0277646 0.0226619 0.0179175 0.0135897 0.00978596 0.00662137 0.00416795
 0.00885633 0.0143912 0.0216614 0.0305829 0.0408213 0.0516331 0.0618352 0.0700896 0.0753849 0.0773581 0.0762518 0.0726435 0.0672074 0.0606037 0.0534379 0.0462192 0.0393158 0.0329334 0.0271351 0.0218964 0.0171759 0.0129684 0.0093206 0.00630507 0.0039718
 0.00881028 0.0143068 0.0215162 0.0303493 0.0404717 0.0511506 0.0612264 0.0693961 0.0746887 0.0767775 0.0759242 0.0726916 0.0676934 0.0614894 0.0545748 0.0473841 0.0402837 0.033554 0.027374 0.0218243 0.0169188 0.0126514 0.00903148 0.00608508 0.00382612
 0.00880247 0.0142781 0.0214432 0.0301998 0.0402124 0.0507588 0.0607016 0.0687651 0.074003 0.0761078 0.0753546 0.072314 0.0675943 0.0617263 0.055147 0.0482138 0.0412253 0.0344359 0.0280565 0.0222432 0.0170925 0.0126532 0.0089475 0.0059825 0.00374133
 0.00879539 0.0142598 0.0214025 0.0301201 0.0400732 0.0505396 0.0603876 0.068353 0.0735067 0.075561 0.0748104 0.0718395 0.0672619 0.0616019 0.0552744 0.0485975 0.041817 0.035138 0.0287468 0.0228146 0.017487 0.0128713 0.00903211 0.00599011 0.00371854
 0.00877586 0.0142448 0.0214097 0.0301735 0.0401925 0.050726 0.0606131 0.0685616 0.0736305 0.0755434 0.0746257 0.0715029 0.066827 0.0611486 0.054891 0.0483585 0.0417626 0.0352605 0.0289925 0.0231038 0.0177442 0.0130511 0.00912702 0.0060203 0.00371338
 0.0087337 0.0141835 0.0213321 0.0300894 0.0401194 0.0506873 0.060633 0.0686565 0.0737967 0.0757496 0.0748165 0.0716164 0.0668194 0.061014 0.0546654 0.0481076 0.0415577 0.035153 0.0289968 0.0231964 0.0178781 0.0131787 0.00921872 0.00606969 0.00373042
 0.00867245 0.0141021 0.021243 0.0300152 0.040087 0.0507174 0.0607331 0.0688192 0.0740045 0.07598 0.0750435 0.071809 0.0669432 0.0610395 0.0545807 0.0479285 0.0413269 0.0349261 0.0288215 0.0230956 0.0178458 0.0131898 0.00924459 0.00609098 0.0037405
 0.00863166 0.0140417 0.0211639 0.0299244 0.0399981 0.0506508 0.0607126 0.0688665 0.0741307 0.076178 0.0752871 0.0720597 0.0671604 0.0611892 0.0546414 0.0478946 0.0412115 0.0347598 0.0286443 0.0229435 0.0177394 0.01313 0.00921895 0.00608327 0.00373869
 0.00865564 0.0140596 0.0211528 0.0298521 0.0398347 0.0503854 0.0603668 0.0684946 0.0738049 0.0759653 0.0752287 0.0721607 0.0673916 0.0614982 0.0549681 0.0481864 0.0414345 0.0349032 0.0287189 0.0229731 0.0177491 0.0131373 0.0092302 0.00609704 0.00375105
 0.00874514 0.0141876 0.0213115 0.0300202 0.0399786 0.0504654 0.0603458 0.0683495 0.0735379 0.0756119 0.0748538 0.0718406 0.0671883 0.0614392 0.0550405 0.0483471 0.0416292 0.035085 0.0288601 0.0230671 0.0178047 0.0131688 0.00924964 0.00611099 0.00376159
 0.00876099 0.0142156 0.0213572 0.0300878 0.0400678 0.050566 0.0604353 0.0683954 0.0735075 0.0754856 0.0746368 0.071566 0.0669102 0.0612159 0.0549154 0.0483347 0.0417127 0.0352267 0.0290178 0.0232083 0.0179135 0.013244 0.00929801 0.00614099 0.00377986
 0.00869636 0.0141227 0.0212401 0.0299589 0.0399449 0.0504678 0.0603756 0.068379 0.073528 0.0755252 0.0746709 0.0715722 0.0668793 0.0611582 0.0548579 0.0483095 0.0417421 0.0353133 0.0291449 0.0233495 0.0180438 0.0133484 0.0093727 0.00618961 0.00380913
 0.00878484 0.0142243 0.0213166 0.0299522 0.0397975 0.0501522 0.059917 0.0678538 0.0730366 0.0751551 0.0744684 0.0715366 0.0669746 0.0613349 0.0550726 0.0485361 0.0419719 0.0355464 0.0293796 0.0235766 0.0182492 0.0135189 0.00950144 0.00627804 0.00386443
 0.00896078 0.0145653 0.0219246 0.0309383 0.0412332 0.0520039 0.0620025 0.0698643 0.0746298 0.0760745 0.0746207 0.0709922 0.0659084 0.0599525 0.0535581 0.0470304 0.0405724 0.0343151 0.02835 0.0227584 0.0176318 0.0130767 0.00920148 0.00608585 0.00374883
 0.00866227 0.0141262 0.0213552 0.0302925 0.0406116 0.0515456 0.0618612 0.0701636 0.0754053 0.0772301 0.075939 0.0722055 0.0667968 0.0604119 0.0536082 0.0467729 0.0401355 0.0338131 0.0278657 0.0223412 0.0173032 0.0128379 0.00904051 0.00598499 0.00369003
 0.00869541 0.0141174 0.0212295 0.0299511 0.0399698 0.0505886 0.060688 0.0689852 0.0744877 0.0768039 0.0761164 0.0729411 0.067906 0.0616397 0.0547165 0.0476094 0.0406569 0.0340624 0.0279279 0.0223029 0.0172293 0.0127662 0.00898669 0.00595084 0.0036711
 0.00895654 0.0145319 0.0218287 0.0307412 0.0409121 0.051581 0.0615643 0.0695524 0.0746004 0.07644 0.075402 0.0721002 0.0671614 0.0611222 0.0544306 0.047465 0.0405365 0.0338829 0.0276665 0.0219874 0.016909 0.0124848 0.00876818 0.00579895 0.00357587
 0.00860082 0.0139995 0.0211151 0.0298782 0.0399656 0.050641 0.0607297 0.068911 0.0742043 0.0762898 0.0754568 0.072312 0.0675094 0.0616182 0.0550897 0.0482666 0.0414088 0.0347234 0.0283832 0.0225303 0.0172775 0.0127116 0.00889721 0.00586835 0.003612
 0.00838871 0.0136166 0.0204728 0.0288823 0.038553 0.0488309 0.0586625 0.0668405 0.0724326 0.075074 0.0749347 0.0724811 0.0682585 0.0627861 0.0565185 0.0498268 0.0429964 0.0362456 0.0297539 0.023681 0.0181731 0.0133571 0.00932868 0.00613673 0.00376772
 0.00859757 0.0139441 0.0209374 0.0294785 0.0392351 0.0494994 0.0591664 0.0670113 0.0721492 0.0743271 0.0738482 0.0712708 0.0671518 0.0619484 0.0560213 0.0496596 0.0430989 0.0365369 0.0301488 0.0241004 0.0185534 0.0136595 0.00954174 0.00627074 0.00384345
 0.00902873 0.0145988 0.0218362 0.0306073 0.0405469 0.0509172 0.0605806 0.0682766 0.0730938 0.0747836 0.073703 0.0705117 0.0658882 0.0603876 0.0544069 0.0482016 0.0419273 0.0356927 0.0296042 0.0237895 0.0183999 0.0135959 0.00951994 0.00626323 0.00383878
#obs surv len freq
 0.00496728 0.00813593 0.0123746 0.017697 0.0239775 0.0308519 0.0376962 0.0437872 0.0485733 0.0518502 0.0537335 0.0545074 0.054493 0.0539901 0.0532613 0.0525208 0.0519129 0.0514711 0.0510562 0.0502988 0.0486166 0.0453791 0.0402094 0.0332765 0.0253622
 0.00518102 0.00848561 0.0129049 0.0184506 0.0249871 0.0321267 0.0392094 0.0454723 0.0503342 0.0535796 0.0553279 0.0558731 0.0555456 0.054654 0.0534736 0.0522382 0.0511202 0.0501889 0.0493455 0.0482635 0.0464001 0.0431528 0.0381486 0.0315272 0.0240095
 0.00541117 0.00886228 0.0134766 0.0192643 0.0260794 0.0335103 0.0408577 0.0473145 0.0522641 0.0554763 0.0570752 0.0573704 0.0567107 0.0554197 0.0537833 0.0520446 0.0503899 0.0489143 0.0475606 0.0460578 0.0439245 0.0406076 0.035752 0.0294682 0.0224045
 0.00564564 0.00924796 0.0140654 0.0201077 0.0272186 0.0349603 0.0425918 0.0492581 0.0543052 0.057487 0.0589319 0.0589659 0.0579578 0.0562504 0.0541445 0.0518937 0.0496933 0.0476543 0.0457528 0.043773 0.0413053 0.0378641 0.0331283 0.0271869 0.02061
 0.00588373 0.00963789 0.0146579 0.0209522 0.0283549 0.0364041 0.0443193 0.0511994 0.0563535 0.0595171 0.0608195 0.0606006 0.059248 0.0571245 0.0545479 0.0517844 0.0490391 0.0464357 0.0439773 0.0414984 0.0386617 0.0350575 0.0304111 0.024799 0.0187154
 0.00612804 0.0100377 0.0152646 0.0218153 0.0295127 0.0378686 0.0460612 0.0531431 0.0583876 0.0615161 0.062664 0.0621875 0.0604938 0.0579634 0.054929 0.0516682 0.0483948 0.0452439 0.0422418 0.0392687 0.0360566 0.0322725 0.0276941 0.0223933 0.0167933
 0.00638944 0.0104641 0.0159089 0.0227273 0.0307291 0.0393978 0.0478671 0.0551401 0.0604533 0.063515 0.0644707 0.0637003 0.0616372 0.0586852 0.0551945 0.0514527 0.0476789 0.044015 0.0405052 0.0370692 0.0335023 0.0295454 0.0250294 0.0200265 0.0148952
 0.00660778 0.0108281 0.0164731 0.0235481 0.0318522 0.04084 0.0495976 0.057075 0.0624681 0.0654706 0.0662372 0.0651711 0.0627344 0.0593578 0.0554134 0.0512036 0.0469549 0.0428151 0.0388416 0.0349861 0.0310986 0.0269861 0.0225292 0.0178027 0.0131076
 0.00684201 0.0112079 0.0170434 0.0243507 0.0329194 0.0421831 0.0511933 0.0588582 0.0643374 0.0673039 0.0679098 0.066572 0.0637761 0.0599816 0.0555884 0.0509202 0.0462167 0.041634 0.0372412 0.0330157 0.0288523 0.0246133 0.020222 0.0157551 0.0114625
 0.00705461 0.0115582 0.0175786 0.0251167 0.03395 0.0434845 0.0527298 0.0605491 0.0660719 0.0689642 0.0693915 0.067791 0.0646684 0.0605008 0.0557042 0.0506185 0.0454979 0.0405113 0.0357432 0.0311952 0.0267997 0.022464 0.0181454 0.0139198 0.00999152
 0.0072622 0.0118991 0.0180979 0.025858 0.0349465 0.0447439 0.0542197 0.0621917 0.0677543 0.0705606 0.070786 0.0688935 0.0654199 0.0608715 0.0556863 0.0502176 0.0447273 0.0393908 0.0343038 0.0294889 0.0249108 0.0205139 0.0162814 0.0122855 0.00868903
 0.00743426 0.0121803 0.018524 0.0264634 0.0357579 0.0457702 0.0554405 0.0635527 0.0691726 0.0719385 0.0720256 0.0699082 0.0661423 0.0612575 0.0557164 0.049893 0.0440636 0.0384134 0.0330481 0.0280068 0.0232793 0.0188393 0.0146895 0.0108964 0.00758626
 0.00750509 0.0123015 0.0187182 0.0267565 0.0361753 0.0463299 0.0561454 0.0643862 0.0700998 0.072911 0.0729857 0.0707928 0.0668866 0.0618007 0.0560087 0.0499007 0.0437728 0.0378293 0.0321952 0.0269306 0.0220494 0.0175495 0.0134479 0.00980505 0.00671624
 0.00759896 0.0124446 0.0189163 0.0270105 0.0364837 0.0466917 0.056562 0.0648593 0.0706274 0.0734836 0.0735841 0.0713873 0.0674383 0.0622643 0.0563362 0.050047 0.0437021 0.0375221 0.0316534 0.0261815 0.0211478 0.0165745 0.0124923 0.00895605 0.00603516
 0.00763518 0.0125038 0.0190056 0.0271359 0.0366479 0.046892 0.0567894 0.0651018 0.0708763 0.0737392 0.0738561 0.071687 0.0677677 0.0626082 0.0566603 0.050304 0.043841 0.0374992 0.031443 0.0257844 0.0205954 0.015926 0.0118239 0.0083433 0.00553357
 0.00770818 0.0126085 0.0191376 0.027283 0.0367944 0.0470257 0.0569062 0.0652049 0.0709731 0.0738366 0.0739598 0.0718029 0.0679025 0.0627661 0.0568368 0.05048 0.0439823 0.0375636 0.0313922 0.0255972 0.0202775 0.0155122 0.0113698 0.00790978 0.00516911
 0.00777512 0.0127128 0.0192855 0.027475 0.0370229 0.0472733 0.0571453 0.0654036 0.0711049 0.0738918 0.0739488 0.0717517 0.0678415 0.0627202 0.0568194 0.0504909 0.0440072 0.0375757 0.0313586 0.0254897 0.0200846 0.0152456 0.011063 0.00760604 0.00490681
 0.00780263 0.0127594 0.0193589 0.0275831 0.0371715 0.0474619 0.057364 0.0656317 0.0713142 0.0740533 0.0740417 0.0717694 0.0677946 0.0626319 0.0567177 0.0503984 0.0439339 0.0375164 0.0312956 0.0254007 0.0199528 0.0150693 0.0108572 0.00739737 0.00472233
 0.00784743 0.0128247 0.0194432 0.0276812 0.0372767 0.0475698 0.0574743 0.0657468 0.0714349 0.0741746 0.074151 0.0718497 0.0678307 0.0626177 0.0566589 0.0503105 0.0438351 0.0374196 0.0312031 0.0253051 0.0198436 0.0149408 0.0107139 0.00725315 0.00459373
 0.00786975 0.0128616 0.0194996 0.0277607 0.0373797 0.0476911 0.0576023 0.0658658 0.0715314 0.0742424 0.0741929 0.0718726 0.0678394 0.0626113 0.0566329 0.0502619 0.0437663 0.0373373 0.0311145 0.0252136 0.0197483 0.01484 0.0106094 0.00715146 0.00450399
 0.00788293 0.0128781 0.0195157 0.0277706 0.0373784 0.0476777 0.0575817 0.0658478 0.0715257 0.0742542 0.0742215 0.0719135 0.0678875 0.0626618 0.056681 0.0503019 0.0437925 0.037346 0.0311051 0.0251877 0.0197084 0.0147889 0.010551 0.00709147 0.00444904
 0.00789517 0.0128941 0.0195323 0.0277821 0.0373774 0.0476572 0.057538 0.0657824 0.0714467 0.0741755 0.0741591 0.0718811 0.0678913 0.0626998 0.0567443 0.0503784 0.0438697 0.0374134 0.0311556 0.0252177 0.0197178 0.0147803 0.0105291 0.00706237 0.00441898
 0.00788606 0.0128794 0.0195104 0.0277512 0.0373357 0.0476032 0.0574709 0.0657032 0.0713588 0.0740859 0.0740783 0.0718216 0.067865 0.0627141 0.0567993 0.0504663 0.0439774 0.0375256 0.0312584 0.0253013 0.0197772 0.0148153 0.0105433 0.00706185 0.00441042
 0.00787995 0.0128662 0.0194847 0.0277064 0.0372661 0.0475069 0.0573525 0.0655734 0.0712316 0.0739744 0.0739923 0.071767 0.0678454 0.0627316 0.0568543 0.0505558 0.0440936 0.0376566 0.03139 0.0254202 0.0198737 0.0148852 0.0105875 0.00708517 0.00441946
 0.00788656 0.0128727 0.0194862 0.0276956 0.0372343 0.047447 0.0572615 0.0654544 0.0710943 0.0738333 0.0738641 0.0716669 0.0677845 0.0627149 0.0568813 0.0506221 0.0441917 0.0377763 0.0315189 0.0255452 0.0199834 0.0149719 0.010649 0.00712364 0.00444032
 0.00788165 0.012865 0.0194752 0.0276801 0.0372125 0.0474156 0.057216 0.0653906 0.0710102 0.0737317 0.0737534 0.0715608 0.0676978 0.0626605 0.0568672 0.0506498 0.044257 0.0378705 0.0316305 0.0256613 0.0200918 0.0150632 0.0107182 0.0071707 0.00446872
 0.00785007 0.0128137 0.0193983 0.027573 0.0370738 0.0472492 0.0570332 0.0652085 0.0708477 0.0736039 0.0736685 0.07152 0.0676988 0.0627003 0.0569431 0.050759 0.0443947 0.038029 0.0317992 0.0258279 0.0202442 0.0151919 0.0108178 0.00724089 0.00451347
 0.00781466 0.0127547 0.0193069 0.0274409 0.036895 0.0470244 0.0567729 0.0649337 0.0705868 0.0733864 0.073518 0.0714497 0.0677101 0.0627848 0.0570864 0.050945 0.0446084 0.0382568 0.0320286 0.0260466 0.0204406 0.0153568 0.0109461 0.00733258 0.00457322
 0.00778971 0.0127114 0.0192366 0.0273339 0.0367428 0.0468231 0.0565268 0.0646574 0.0703033 0.0731235 0.0733035 0.0713069 0.0676541 0.0628195 0.0572047 0.0511308 0.0448409 0.0385144 0.0322913 0.0262974 0.0206656 0.0155459 0.0110939 0.00743919 0.00464359
 0.00777858 0.0126899 0.019198 0.0272694 0.0366433 0.046682 0.0563433 0.0644378 0.0700613 0.0728781 0.0730771 0.0711227 0.0675324 0.0627752 0.0572437 0.0512489 0.0450244 0.0387431 0.0325419 0.0265475 0.0208961 0.0157429 0.0112499 0.00755296 0.00471953
 0.00774286 0.0126365 0.0191261 0.0271805 0.0365401 0.0465664 0.0562153 0.0642964 0.069907 0.0727152 0.0729147 0.0709747 0.0674154 0.0627056 0.0572343 0.0513064 0.0451469 0.0389197 0.0327547 0.0267744 0.0211154 0.0159367 0.0114069 0.00766941 0.00479831
 0.00933703 0.0148627 0.0218019 0.0299122 0.0388386 0.0480311 0.0566788 0.0638486 0.0688047 0.0712528 0.0713308 0.0694219 0.0659756 0.0614171 0.0561148 0.0503633 0.0443808 0.0383244 0.0323159 0.0264704 0.0209198 0.0158213 0.0113459 0.00764141 0.00478797
 0.00931761 0.015129 0.0227276 0.0319601 0.0423582 0.0529859 0.0624738 0.0694291 0.0730329 0.0733582 0.0711658 0.0673969 0.0627774 0.0577152 0.0523966 0.0469127 0.0413321 0.0357254 0.0301707 0.0247596 0.0196078 0.0148603 0.0106785 0.00720571 0.00452275
 0.00897248 0.0145857 0.0219651 0.0310283 0.0414327 0.0524042 0.0626952 0.0708706 0.0758186 0.0771352 0.0751477 0.0706646 0.0646629 0.0580329 0.05141 0.0451162 0.039218 0.0336511 0.0283372 0.0232497 0.0184333 0.0139949 0.0100765 0.00681287 0.00428413
 0.00880431 0.0143014 0.0215177 0.0303706 0.0405351 0.051288 0.0614749 0.0697819 0.0751999 0.0773333 0.0763624 0.0728015 0.0673002 0.0605595 0.0532731 0.0460329 0.039231 0.0330274 0.027406 0.0222791 0.0175841 0.0133326 0.00960452 0.00650264 0.00409588
 0.00874861 0.0142036 0.021356 0.0301174 0.0401598 0.0507643 0.0607932 0.0689669 0.0743307 0.076558 0.0758887 0.072844 0.0679862 0.0618354 0.0548811 0.0475954 0.0404058 0.033641 0.0274879 0.0219969 0.0171399 0.0128844 0.00923845 0.00624364 0.00393264
 0.00869342 0.0141172 0.0212315 0.0299492 0.0399423 0.0504907 0.0604559 0.06856 0.0738563 0.0760372 0.0753752 0.0724334 0.0678052 0.062001 0.0554385 0.0484695 0.041408 0.0345408 0.0281103 0.0222856 0.017152 0.0127353 0.00903947 0.00606648 0.00380554
 0.00868025 0.0140892 0.0211774 0.0298552 0.0397957 0.0502861 0.0601988 0.0682657 0.0735434 0.0757206 0.075066 0.0721471 0.0675751 0.0618836 0.0555003 0.0487535 0.0418974 0.0351466 0.0287005 0.0227416 0.0174168 0.0128242 0.00901303 0.00599192 0.00372998
 0.00870914 0.0141328 0.0212363 0.0299257 0.0398692 0.0503481 0.0602298 0.0682453 0.0734563 0.0755626 0.0748463 0.0718858 0.0672999 0.0616291 0.0553084 0.0486684 0.0419497 0.0353335 0.0289764 0.0230323 0.0176515 0.0129648 0.00906275 0.00598133 0.00369449
 0.00868917 0.0141093 0.0212174 0.0299239 0.0398972 0.0504122 0.0603246 0.0683526 0.0735493 0.0756136 0.0748349 0.0718044 0.0671556 0.0614429 0.0551122 0.0484996 0.0418442 0.0353142 0.0290429 0.0231575 0.0177921 0.0130804 0.0091323 0.00600649 0.00369098
 0.00868031 0.0140916 0.0211852 0.029872 0.0398239 0.0503242 0.0602384 0.0682907 0.073531 0.0756444 0.0749019 0.0718812 0.0672132 0.0614617 0.0550887 0.0484475 0.0417885 0.035282 0.0290524 0.0232102 0.0178726 0.0131646 0.00919927 0.006047 0.00370776
 0.00866069 0.0140607 0.0211403 0.0298108 0.0397449 0.0502269 0.0601252 0.0681692 0.0734152 0.0755534 0.0748543 0.0718872 0.0672689 0.0615493 0.0551841 0.0485309 0.0418524 0.035332 0.0291009 0.0232677 0.0179406 0.0132355 0.00926167 0.0060926 0.00373487
 0.00863738 0.0140249 0.0210905 0.029747 0.0396685 0.0501406 0.0600329 0.0680756 0.0733257 0.0754744 0.0747934 0.071853 0.0672691 0.0615867 0.0552541 0.0486212 0.0419481 0.0354217 0.0291807 0.0233393 0.0180071 0.013297 0.00931497 0.00613381 0.00376243
 0.008653 0.014045 0.0211111 0.0297611 0.0396684 0.0501209 0.0599927 0.0680188 0.0732593 0.0754056 0.0747277 0.0717948 0.067223 0.061558 0.0552469 0.048637 0.0419835 0.0354698 0.0292338 0.0233918 0.0180562 0.0133412 0.00935293 0.00616386 0.0037837
 0.0086073 0.0139792 0.0210275 0.0296668 0.0395725 0.0500306 0.0599107 0.0679447 0.0731919 0.0753467 0.0746829 0.071771 0.0672251 0.0615874 0.0553016 0.0487126 0.0420743 0.0355692 0.0293345 0.023487 0.0181406 0.0134116 0.00940831 0.00620455 0.00381126
 0.00862861 0.0140073 0.0210581 0.0296925 0.039586 0.0500283 0.0598956 0.0679239 0.0731723 0.0753303 0.0746655 0.0717466 0.0671906 0.0615457 0.05526 0.0486797 0.0420561 0.035568 0.0293485 0.023512 0.0181712 0.0134428 0.00943614 0.00622686 0.00382738
 0.00862861 0.0140073 0.0210581 0.0296925 0.039586 0.0500283 0.0598956 0.0679239 0.0731723 0.0753303 0.0746655 0.0717466 0.0671906 0.0615457 0.05526 0.0486797 0.0420561 0.035568 0.0293485 0.023512 0.0181712 0.0134428 0.00943614 0.00622686 0.00382738
 0.00855742 0.0138996 0.0209108 0.0295082 0.0393718 0.0497949 0.0596569 0.0676979 0.0729807 0.0751953 0.0746049 0.0717674 0.0672867 0.0616994 0.0554491 0.0488832 0.0422589 0.0357604 0.0295249 0.0236682 0.0183041 0.0135504 0.00951814 0.00628515 0.00386569
 0.00901049 0.0146061 0.0219151 0.0308233 0.0409681 0.0515879 0.0614989 0.0693883 0.0743047 0.0759787 0.0747605 0.0713109 0.0663205 0.0603774 0.053938 0.0473319 0.0407821 0.0344346 0.0283927 0.0227456 0.0175874 0.0130218 0.00915008 0.00604497 0.00371992
 0.00876578 0.0142706 0.0215267 0.0304591 0.0407266 0.0515589 0.0617345 0.0698882 0.0750166 0.0768088 0.0755904 0.07202 0.0668123 0.0606011 0.0538969 0.0470756 0.0403862 0.0339783 0.027942 0.0223454 0.017261 0.0127749 0.00897656 0.00593181 0.00365174
 0.00862221 0.0140065 0.0210778 0.0297609 0.0397478 0.0503442 0.0604313 0.0687277 0.0742426 0.0765894 0.0759582 0.0728721 0.0679581 0.0618285 0.0550274 0.0479961 0.0410554 0.0344128 0.0281925 0.0224719 0.0173155 0.0127941 0.00898171 0.00593293 0.00365236
 0.00881788 0.0143013 0.0214741 0.0302355 0.0402458 0.0507795 0.0606987 0.0687336 0.0739503 0.0760537 0.0753204 0.0723066 0.0675991 0.0617189 0.0551167 0.0481801 0.0412285 0.0345064 0.0281868 0.0223862 0.0171874 0.0126603 0.00886718 0.00584821 0.00359698
 0.00855851 0.0139158 0.0209617 0.0296207 0.039573 0.050101 0.060064 0.0681804 0.0735001 0.0757136 0.0750955 0.0722162 0.0676819 0.0620166 0.0556427 0.0488952 0.0420434 0.0353115 0.0288894 0.022935 0.0175757 0.0129122 0.00901884 0.00593402 0.00364307
 0.00832695 0.0135174 0.0203255 0.0286777 0.0382844 0.0484971 0.0582712 0.0664111 0.0719969 0.0746737 0.0746167 0.0722899 0.0682268 0.0629249 0.056812 0.0502352 0.0434659 0.0367215 0.0301908 0.0240485 0.018457 0.0135575 0.00945675 0.00621 0.00380469
 0.00862796 0.0139722 0.0209413 0.0294265 0.039097 0.0492622 0.0588458 0.0666504 0.0718035 0.0740445 0.0736557 0.0711745 0.067145 0.062021 0.0561642 0.0498626 0.043347 0.0368083 0.0304175 0.0243419 0.0187503 0.0138045 0.00963745 0.00632666 0.00387185
 0.00882036 0.0143188 0.0215218 0.030326 0.0403729 0.0508971 0.0607096 0.0685014 0.0733417 0.0749977 0.0738597 0.0706157 0.065955 0.0604289 0.0544287 0.0482085 0.0419267 0.0356934 0.029612 0.0238047 0.018418 0.0136111 0.00952873 0.00626535 0.00383638
#pred catch len freq
 0.00358503 0.00582753 0.00880391 0.0125588 0.0171181 0.0224308 0.0283047 0.0344075 0.0403416 0.0457295 0.0502698 0.0537711 0.056175 0.0575539 0.0580768 0.0579668 0.0574673 0.0568019 0.0560931 0.0552329 0.053781 0.051027 0.0463006 0.0394171 0.0309581
 0.00396576 0.00638646 0.00953675 0.0134312 0.0180861 0.0234684 0.0294156 0.0356087 0.0416265 0.0470373 0.0514868 0.0547674 0.0568571 0.0578996 0.0581332 0.0578116 0.0571549 0.0563209 0.0553584 0.0541237 0.0522152 0.0490363 0.0440583 0.0371934 0.0290207
 0.00411897 0.00668305 0.010067 0.0142983 0.0193698 0.0251756 0.0314474 0.0377756 0.0437122 0.0488726 0.0529831 0.0558966 0.0576085 0.0582574 0.0580867 0.0573769 0.0563753 0.05524 0.0539866 0.0524344 0.050185 0.046708 0.0415817 0.034803 0.0269562
 0.00430178 0.00696499 0.0104697 0.0148496 0.0201195 0.0262064 0.0328612 0.0396449 0.046013 0.0514411 0.055537 0.0581217 0.05926 0.0592163 0.0583501 0.0570097 0.055464 0.0538649 0.0522103 0.0503031 0.0477495 0.0440617 0.0388876 0.0322788 0.0248132
 0.00455941 0.00737592 0.0110727 0.0156737 0.0211791 0.0274959 0.0343558 0.0413116 0.0478266 0.0533857 0.0575784 0.060163 0.0611215 0.0606678 0.0591834 0.0571038 0.0548049 0.0525194 0.0502838 0.047912 0.0450215 0.0411545 0.0360013 0.0296372 0.0226112
 0.00479496 0.00776218 0.011661 0.0165159 0.0223196 0.0289571 0.03612 0.0433105 0.049948 0.0554985 0.0595631 0.0619314 0.062611 0.0618138 0.0598945 0.057265 0.0543123 0.0513228 0.0484096 0.0454617 0.0421588 0.0380926 0.0329867 0.0269151 0.020374
 0.00506327 0.00818668 0.0122801 0.017363 0.0234239 0.0303414 0.0377912 0.0452444 0.052076 0.057704 0.0616936 0.0638265 0.0641354 0.0628779 0.0604498 0.0572793 0.0537487 0.0501426 0.0466007 0.0430745 0.0393283 0.0350357 0.0299703 0.024202 0.0181608
 0.00534226 0.00863281 0.012938 0.0182705 0.0246064 0.0318039 0.0395089 0.0471585 0.0541002 0.0597366 0.0636269 0.0655501 0.06554 0.0638649 0.060943 0.0572306 0.0531326 0.048948 0.0448338 0.0407805 0.0366204 0.0321082 0.0270771 0.0216008 0.0160449
 0.00558852 0.00903318 0.0135415 0.019125 0.0257523 0.033262 0.0412646 0.0491503 0.0562213 0.0618491 0.0655843 0.0672202 0.0668203 0.0646873 0.0612675 0.0570356 0.0524073 0.0476908 0.0430602 0.0385402 0.0340204 0.0293252 0.0243425 0.0191513 0.0140591
 0.00584712 0.00943995 0.0141299 0.0199211 0.0267759 0.0345256 0.0427661 0.0508623 0.0580815 0.0637584 0.0674148 0.0688328 0.0680875 0.0655132 0.061597 0.0568492 0.0517086 0.0464963 0.0413993 0.0364686 0.0316398 0.0267957 0.0218697 0.0169446 0.0122751
 0.00605644 0.00977988 0.0146409 0.0206413 0.0277343 0.035732 0.0442002 0.0524693 0.0597788 0.0654493 0.0689998 0.0702158 0.069179 0.0662352 0.0618901 0.0566789 0.051066 0.0453953 0.0398749 0.0345826 0.0294925 0.0245334 0.0196734 0.0149951 0.0107056
 0.0061963 0.0100069 0.0149829 0.021127 0.0283915 0.0365824 0.0452503 0.0537011 0.061144 0.0668707 0.0703813 0.0714568 0.0701894 0.0669444 0.0622479 0.0566526 0.0506383 0.0445656 0.0386648 0.0330437 0.0277151 0.0226481 0.0178386 0.0133657 0.00939463
 0.00628747 0.010165 0.0152398 0.0215195 0.0289553 0.0373409 0.0462033 0.0548184 0.0623684 0.0681266 0.0715846 0.0725239 0.0710448 0.0675281 0.0625195 0.0565902 0.0502349 0.0438267 0.0376107 0.0317178 0.0261932 0.0210413 0.0162813 0.0119882 0.00829024
 0.00644868 0.0104079 0.0155713 0.0219376 0.0294558 0.0379254 0.046881 0.0555987 0.063246 0.0690696 0.0725326 0.0733985 0.0717673 0.0680341 0.0627661 0.056555 0.0499116 0.0432214 0.0367426 0.030625 0.0249396 0.0197191 0.0150015 0.010858 0.00738568
 0.00648628 0.0104828 0.0157087 0.0221678 0.0298048 0.0384025 0.04747 0.0562609 0.0639353 0.0697489 0.0731794 0.0739971 0.0722955 0.0684563 0.063038 0.0566349 0.04977 0.0428459 0.0361402 0.0298239 0.0239924 0.0187023 0.0140067 0.00997386 0.00667549
 0.00655392 0.010569 0.0157963 0.0222314 0.0298243 0.0383804 0.0474417 0.0562854 0.0640702 0.070023 0.073582 0.0744864 0.0728182 0.0689619 0.0634809 0.0569714 0.049958 0.042851 0.0359443 0.0294329 0.0234404 0.0180499 0.0133312 0.00935172 0.00616413
 0.0066016 0.0106483 0.015917 0.0223986 0.0300317 0.0386042 0.0476409 0.0564164 0.06411 0.0699887 0.0735283 0.0744802 0.0729053 0.069147 0.0637308 0.0572311 0.0501685 0.0429608 0.0359168 0.0292535 0.0231211 0.0176298 0.0128686 0.00890929 0.00579148
 0.00660313 0.0106534 0.0159302 0.0224273 0.0300859 0.0386944 0.0477732 0.0565858 0.0642956 0.0701567 0.0736456 0.0745331 0.0729099 0.0691421 0.0637549 0.0573002 0.0502668 0.0430489 0.0359489 0.0291946 0.0229596 0.0173812 0.0125706 0.00860869 0.00552931
 0.00663558 0.0106933 0.0159673 0.0224456 0.0300706 0.038641 0.0476946 0.0565104 0.0642565 0.0701771 0.073727 0.0746553 0.0730421 0.0692593 0.0638492 0.0573793 0.0503417 0.0431195 0.0359991 0.0292001 0.0229014 0.0172575 0.0123993 0.00842091 0.00535638
 0.00669592 0.0107732 0.0160532 0.0225119 0.0300847 0.038573 0.0475282 0.0562512 0.0639362 0.069849 0.0734548 0.0744934 0.0730173 0.0693631 0.0640461 0.0576244 0.0505966 0.0433572 0.036201 0.0293502 0.0229875 0.0172761 0.0123603 0.00834558 0.00526997
 0.00670124 0.0107952 0.0161091 0.0226216 0.0302596 0.0388021 0.0477698 0.05644 0.0640062 0.0697633 0.0732235 0.0741714 0.0726832 0.0690903 0.0638799 0.0575732 0.0506386 0.0434557 0.036318 0.0294551 0.0230597 0.0173064 0.0123505 0.00830727 0.00521927
 0.00671037 0.0108152 0.0161499 0.0226988 0.030394 0.0390163 0.048079 0.0568396 0.0644588 0.0701964 0.0735456 0.0743044 0.0725957 0.0688119 0.0634869 0.0571561 0.0502689 0.0431688 0.0361155 0.0293176 0.022962 0.0172276 0.0122792 0.00824074 0.00516051
