SBPRF35
7.78865
Curr Bio
577011
B35
707226
F35
0.214546
FOFL
0.163267
OFL
70526.5
Bzero
2.22533e+006
#pred survey bio
 4.72375e+006 4.47001e+006 4.22085e+006 3.92597e+006 3.59834e+006 3.26661e+006 2.93732e+006 2.6088e+006 2.31572e+006 2.04795e+006 1.80611e+006 1.62138e+006 1.41954e+006 1.26384e+006 1.11566e+006 992680 912940 817487 774651 715699 692500 655521 624750 616316 606029 593319 595945 599028 597234 606926 605054 601463 597231 596412 588288 571965 550797 536586 537363 536915 548099 553864 566676 577505 591112 588039 594368 592043 583439 589222 582690 1.93171e+007 1.1426e+007 1.15731e+007 1.2215e+007 1.31189e+007 1.40632e+007 1.49171e+007 1.56262e+007 1.61836e+007 1.66062e+007 1.6919e+007 1.71471e+007 1.7312e+007 1.74308e+007 1.75164e+007 1.75782e+007 1.7623e+007 1.76557e+007 1.76797e+007 1.76974e+007 1.77105e+007 1.77204e+007 1.77278e+007 1.77334e+007 1.77376e+007 1.77408e+007 1.77433e+007 1.77451e+007 1.77466e+007 1.77477e+007 1.77485e+007 1.77491e+007 1.77497e+007 1.775e+007 1.77503e+007 1.77506e+007 1.77507e+007 1.77509e+007 1.7751e+007 1.77511e+007 1.77511e+007 1.77512e+007 1.77512e+007 1.77513e+007 1.77513e+007 1.77513e+007 1.77513e+007 1.77513e+007 1.77513e+007 1.77513e+007 1.77513e+007 1.77513e+007 1.77513e+007 1.77513e+007 1.77514e+007 1.77514e+007 1.77514e+007 1.77514e+007 1.77514e+007 1.77514e+007 1.77514e+007 1.77514e+007 1.77514e+007 1.77514e+007 1.77514e+007 1.77514e+007 1.77514e+007 1.77514e+007 1.77514e+007 1.77514e+007 1.77514e+007 1.77514e+007 1.77514e+007 1.77514e+007 1.77514e+007 1.77514e+007 1.77514e+007 1.77514e+007 1.77514e+007 1.77514e+007 1.77514e+007 1.77514e+007 1.77514e+007 1.77514e+007 1.77514e+007 1.77514e+007 1.77514e+007 1.77514e+007 1.77514e+007 1.77514e+007 1.77514e+007 1.77514e+007 1.77514e+007 1.77514e+007 1.77514e+007 1.77514e+007 1.77514e+007 1.77514e+007 1.77514e+007 1.77514e+007 0 0 0 0 0 0 0 0 0 0 0 0 0 0 0 0 0 0 0 0 0 0 0 0 0
#obs survey bio
 3.63732e+006 2.40481e+006 2.84256e+006 3.7154e+006 3.66129e+006 2.664e+006 2.22298e+006 2.18983e+006 1.47993e+006 2.14885e+006 1.41466e+006 1.64279e+006 1.2463e+006 1.23136e+006 1.07034e+006 739371 734597 627967 499804 667698 638951 629409 386483 545982 478842 538330 508130 525593 658782 587833 807838 420938 734865 868210 623982 316053 571653 565619 635683 454299 309012 499990 482959 551320 570219 587094 342903 658187 436267 541512 732021
#pred catch bio
 92065 91188.9 145801 197642 230443 261756 296067 296587 300776 297843 261384 285983 251696 248762 228165 191271 202835 155068 165514 131864 140352 131775 111626 112819 113997 100625 99701.3 101867 89939.3 97026.2 94986.2 92021.3 85828.6 88355.9 91647.9 94667.8 91374.4 82875.2 87128.7 79969.8 86983.9 82763.5 85449.2 83429.2 96714.9 88124.7 95152.3 99110.5 85763 94596.4 110820 70526.5 88802.4 88478.1 92075.2 98390.8 105234 111378 116367 120165 122929 124875 126211 127111 127708 128100 128355 128519 128625 128692 128735 128762 128779 128790 128797 128801 128804 128806 128807 128807 128808 128808 128808 128808 128808 128808 128808 128808 128808 128808 128808 128808 128808 128808 128808 128808 128808 128808 128808 128808 128808 128808 128808 128808 128808 128808 128808 128808 128808 128808 128808 128808 128808 128808 128808 128808 128808 128808 128808 128808 128808 128808 128808 128808 128808 128808 128808 128808 128808 128808 128808 128808 128808 128808 128808 128808 128808 128808 128808 128808 128808 128808 128808 128808 128808 128808 128808 128808 128808 128808 128808 0 0 0 0 0 0 0 0 0 0 0 0 0 0 0 0 0 0 0 0 0 0 0 0 0
#obs catch bio
 0 90983.3 146513 198772 231905 264261 300992 303181 309694 307070 267814 293263 257637 255213 233850 194995 208233 157591 169579 133804 143206 133971 113616 115024 116556 102586 101897 104224 90906.6 98307.9 95801.7 92899 86160.2 88642.4 91682.4 95321.4 91911.3 82897.6 87199.5 79834.8 87667.8 83276.2 86071.6 83715 97072.5 87933.6 95517.6 99674.6 85710.5 94541 110996
#pred cpue bio
 4.64931e+006 4.4007e+006 4.15511e+006 3.86185e+006 3.53573e+006 3.20517e+006 2.87674e+006 2.54931e+006 2.2576e+006 1.99189e+006 1.75268e+006 1.57017e+006 1.37112e+006 1.2175e+006 1.07165e+006 950788 872517 779522 738040 681065 658849 623313 593522 585194 575175 562879 565548 568945 567913 578052 576949 574188 570738 570601 563457 548006 526600 511144 510828 510155 520807 526131 538531 549228 562740 560047 566229 563972 555899 561824 555937 1.84407e+007 1.09107e+007 1.09394e+007 1.14545e+007 1.23168e+007 1.3252e+007 1.41042e+007 1.4813e+007 1.53704e+007 1.57929e+007 1.61057e+007 1.63338e+007 1.64988e+007 1.66176e+007 1.67031e+007 1.67649e+007 1.68098e+007 1.68424e+007 1.68664e+007 1.68841e+007 1.68973e+007 1.69072e+007 1.69145e+007 1.69201e+007 1.69244e+007 1.69276e+007 1.693e+007 1.69319e+007 1.69333e+007 1.69344e+007 1.69353e+007 1.69359e+007 1.69364e+007 1.69368e+007 1.69371e+007 1.69373e+007 1.69375e+007 1.69377e+007 1.69378e+007 1.69378e+007 1.69379e+007 1.6938e+007 1.6938e+007 1.6938e+007 1.69381e+007 1.69381e+007 1.69381e+007 1.69381e+007 1.69381e+007 1.69381e+007 1.69381e+007 1.69381e+007 1.69381e+007 1.69381e+007 1.69381e+007 1.69381e+007 1.69381e+007 1.69381e+007 1.69381e+007 1.69381e+007 1.69381e+007 1.69381e+007 1.69381e+007 1.69381e+007 1.69381e+007 1.69381e+007 1.69381e+007 1.69381e+007 1.69381e+007 1.69381e+007 1.69381e+007 1.69381e+007 1.69381e+007 1.69381e+007 1.69381e+007 1.69381e+007 1.69381e+007 1.69381e+007 1.69381e+007 1.69381e+007 1.69381e+007 1.69381e+007 1.69381e+007 1.69381e+007 1.69381e+007 1.69381e+007 1.69381e+007 1.69381e+007 1.69381e+007 1.69381e+007 1.69381e+007 1.69381e+007 1.69381e+007 1.69381e+007 1.69381e+007 1.69381e+007 1.69381e+007 1.69381e+007 1.69381e+007 1.69381e+007 0 0 0 0 0 0 0 0 0 0 0 0 0 0 0 0 0 0 0 0 0 0 0 0 0
#obs cpue bio
 3.13589e+006 3.9438e+006 3.4307e+006 4.67267e+006 2.96501e+006 2.54383e+006 1.94202e+006 1.35455e+006 1.65832e+006 1.61288e+006 1.9903e+006 1.96654e+006 1.02189e+006 971027 868411 978284 800099 795248 788234 617674 518686 599629 497002 494754 485542 409285 409148 493991 727276 520137 503527 658337 605042 421461 665905 585582 511024 622894 482094 605006 479032 514045 574837 628009 734879 694469 661138 465240 893991 686434 449851
#pred surv len freq
 0.0050886 0.00824911 0.0123907 0.0174842 0.0233995 0.0298275 0.0362511 0.0420688 0.0468219 0.05035 0.0527684 0.0543304 0.0552978 0.0558708 0.0561583 0.0561726 0.0558434 0.0550454 0.0536158 0.0513506 0.0480049 0.043353 0.0373355 0.0302288 0.0226927
 0.00540237 0.0086421 0.012771 0.017708 0.0233271 0.0294029 0.0355532 0.0412902 0.0461773 0.0499673 0.0526315 0.0543043 0.055213 0.0556157 0.0557351 0.0556974 0.0554961 0.0549904 0.0539271 0.0519756 0.0487865 0.0440996 0.0379014 0.0305608 0.0228241
 0.00564354 0.00905149 0.0134103 0.0186218 0.0245059 0.0307421 0.0368426 0.0422662 0.0466304 0.0498443 0.0520548 0.0534892 0.0543434 0.0547671 0.0548902 0.0548242 0.0546191 0.0542036 0.0533452 0.0516629 0.0487161 0.0441691 0.0379904 0.0305896 0.0227765
 0.00588647 0.00943818 0.0139794 0.0194099 0.0255462 0.0320552 0.038413 0.0440099 0.0483741 0.0513435 0.0530608 0.0538414 0.05403 0.0539126 0.0536792 0.0534216 0.0531412 0.0527387 0.0519803 0.0504808 0.0477656 0.0434448 0.0374443 0.0301652 0.0224376
 0.00622158 0.00996112 0.0147261 0.0204004 0.0267841 0.0335269 0.0400849 0.0458247 0.0502486 0.0531638 0.054677 0.0550725 0.0546965 0.0538926 0.0529575 0.0520966 0.0513858 0.0507456 0.0499256 0.0485102 0.0459894 0.0419314 0.0362188 0.0292181 0.0217401
 0.00659621 0.0105538 0.0155872 0.0215645 0.0282632 0.035301 0.0420918 0.0479606 0.052385 0.0551721 0.0564447 0.0564992 0.0556795 0.0543212 0.052733 0.0511713 0.0497974 0.0486234 0.0474642 0.0459276 0.0434895 0.039678 0.034321 0.027726 0.0206489
 0.00693376 0.0111002 0.0164048 0.0227094 0.0297738 0.0371804 0.0442898 0.0503671 0.0548445 0.0575142 0.0585134 0.0581703 0.0568611 0.0549427 0.0527332 0.0504991 0.0484316 0.0466034 0.0449112 0.0430407 0.0405142 0.0368602 0.0318617 0.0257493 0.0191903
 0.00723735 0.0115941 0.0171496 0.0237631 0.0311829 0.0389645 0.0464227 0.0527666 0.0573778 0.0600171 0.060814 0.06011 0.0583095 0.0558045 0.0529457 0.0500238 0.0472519 0.0447357 0.0424299 0.0400989 0.0373427 0.0337339 0.0290429 0.023429 0.0174521
 0.00745284 0.0119517 0.0177019 0.024566 0.0322869 0.0403999 0.0481837 0.0548015 0.0595932 0.0622903 0.0630073 0.0620813 0.059922 0.0569363 0.0534981 0.0499263 0.0464641 0.0432535 0.0403006 0.0374415 0.0343581 0.0306875 0.0262144 0.0210455 0.0156353
 0.00763922 0.0122574 0.0181678 0.0252343 0.0331958 0.0415744 0.0496236 0.0564739 0.0614332 0.0642091 0.0649016 0.0638408 0.061435 0.0580945 0.0542009 0.0500861 0.0460131 0.0421563 0.0385705 0.0351621 0.031697 0.0278862 0.0235457 0.018748 0.0138535
 0.00789816 0.0126614 0.0187448 0.0260008 0.0341572 0.0427246 0.0509422 0.0579234 0.0629598 0.0657488 0.0663862 0.0652014 0.0626022 0.0589978 0.0547673 0.050241 0.0456858 0.0412917 0.0371506 0.0332311 0.0293805 0.0253892 0.0211172 0.0166195 0.0121773
 0.00811292 0.0130011 0.0192385 0.0266682 0.035005 0.0437415 0.0520939 0.0591538 0.0642024 0.0669422 0.0674847 0.0661743 0.0634253 0.0596418 0.055191 0.0503893 0.0454932 0.0406946 0.0361071 0.0317486 0.0275391 0.0233467 0.0190828 0.0148007 0.0107211
 0.00846069 0.013551 0.0200363 0.0277439 0.0363645 0.0453554 0.0538869 0.0610042 0.0659605 0.0684627 0.0686584 0.0669456 0.0637917 0.0596395 0.0548713 0.0497951 0.0446431 0.0395812 0.034713 0.0300745 0.0256353 0.021328 0.0171148 0.0130559 0.00932622
 0.00869531 0.0139304 0.0206032 0.0285364 0.0374085 0.0466523 0.0554 0.0626527 0.0676271 0.0700133 0.0699647 0.0679055 0.0643432 0.0597669 0.0546013 0.0491807 0.0437422 0.0384384 0.0333559 0.0285274 0.0239436 0.0195775 0.0154293 0.0115682 0.00813624
 0.00898084 0.014382 0.0212597 0.0294253 0.0385417 0.0480185 0.0569558 0.0643178 0.0692911 0.071552 0.0712584 0.068854 0.0648762 0.0598517 0.0542454 0.0484277 0.0426596 0.0371011 0.0318333 0.0268815 0.0222387 0.0178936 0.0138635 0.0102183 0.00707214
 0.0092443 0.0147986 0.0218644 0.0302424 0.0395796 0.0492635 0.0583635 0.0658119 0.0707721 0.0729139 0.0724049 0.069707 0.0653789 0.0599702 0.0539709 0.0477782 0.0416787 0.0358527 0.0303924 0.0253275 0.020653 0.0163613 0.012471 0.00904122 0.00615805
 0.00922296 0.0147914 0.0219047 0.0303793 0.0398673 0.0497427 0.0590458 0.066673 0.0717584 0.0739547 0.0734238 0.0706288 0.0661336 0.0604963 0.0542207 0.0477231 0.0413147 0.0352024 0.0295039 0.0242694 0.019508 0.0152179 0.0114149 0.00814288 0.00545928
 0.0094458 0.0151278 0.0223642 0.0309565 0.0405479 0.0505116 0.0598891 0.0675721 0.0726803 0.074847 0.0742191 0.0712579 0.066541 0.0606502 0.0541122 0.0473605 0.0407169 0.0343977 0.0285323 0.0231856 0.0183804 0.0141235 0.0104278 0.0073207 0.00483179
 0.00941325 0.0150801 0.0223019 0.030884 0.0404728 0.0504448 0.0598462 0.0675763 0.0727639 0.0750463 0.0745609 0.0717432 0.0671336 0.0612794 0.05469 0.0478037 0.040965 0.0344209 0.028333 0.0227948 0.0178529 0.0135295 0.00984044 0.00680212 0.00442091
 0.00957998 0.0153344 0.0226531 0.0313281 0.0409923 0.0510098 0.0604149 0.0680985 0.0731892 0.0753379 0.0747078 0.0717636 0.067066 0.0611645 0.0545525 0.0476429 0.0407588 0.0341402 0.0279577 0.0223254 0.0173143 0.0129657 0.0093038 0.00633888 0.00405953
 0.0095294 0.0152559 0.0225422 0.0311847 0.040822 0.0508257 0.0602384 0.0679576 0.0731125 0.0753469 0.0748106 0.0719535 0.0673257 0.0614716 0.0548827 0.0479691 0.0410493 0.0343601 0.0280755 0.0223239 0.0171983 0.0127629 0.00905716 0.00609369 0.00385055
 0.00973896 0.0155624 0.0229396 0.0316443 0.0412992 0.051272 0.0606118 0.0682275 0.0732617 0.0753723 0.0747241 0.0717796 0.067096 0.0612183 0.0546325 0.0477394 0.0408452 0.0341744 0.0278923 0.0221257 0.0169754 0.0125198 0.00881151 0.0058691 0.00366683
 0.00998051 0.0159306 0.0234466 0.0322811 0.0420339 0.0520502 0.0613592 0.0688585 0.0736977 0.0755634 0.0746627 0.0714989 0.0666552 0.0606844 0.0540666 0.0471887 0.0403404 0.0337293 0.0275062 0.0217886 0.0166756 0.0122502 0.00857303 0.0056683 0.0035102
 0.00995789 0.0159082 0.0234394 0.0323119 0.0421268 0.0522208 0.0616057 0.0691585 0.0740126 0.0758486 0.0748784 0.0716189 0.0666722 0.0606092 0.0539231 0.0470059 0.0401448 0.0335393 0.0273309 0.0216289 0.0165279 0.0121118 0.00844489 0.00555532 0.00341821
 0.00996626 0.0159193 0.0234526 0.0323268 0.042147 0.0522561 0.0616722 0.0692739 0.0741865 0.076073 0.0751253 0.0718469 0.0668399 0.0606888 0.0539074 0.0469075 0.039989 0.033355 0.0271422 0.0214515 0.016369 0.0119734 0.00832729 0.00545907 0.00334397
 0.00999602 0.0159678 0.0235251 0.0324275 0.0422764 0.0524096 0.0618391 0.0694398 0.0743386 0.0762051 0.0752372 0.0719393 0.0669075 0.0607191 0.0538857 0.0468251 0.0398493 0.0331733 0.0269406 0.0212517 0.0161872 0.0118184 0.00820227 0.00536336 0.0032749
 0.0098161 0.0156999 0.0231685 0.0319993 0.0418089 0.0519441 0.0614205 0.0691119 0.0741386 0.0761564 0.0753451 0.0721898 0.0672711 0.0611549 0.0543468 0.047265 0.04023 0.0334718 0.0271515 0.021384 0.0162583 0.0118473 0.00820553 0.0053536 0.00326076
 0.00956074 0.0153142 0.0226436 0.0313489 0.0410683 0.051166 0.060671 0.068465 0.0736653 0.0759097 0.0753481 0.0724327 0.0677171 0.0617498 0.0550285 0.0479712 0.040904 0.0340688 0.0276432 0.0217606 0.0165261 0.0120236 0.00831222 0.00541218 0.00328922
 0.0095049 0.0152031 0.0224404 0.0310102 0.0405592 0.0504817 0.0598541 0.0676045 0.0728754 0.0752975 0.0749874 0.0723535 0.0679085 0.0621707 0.0556186 0.0486612 0.0416248 0.0347589 0.0282547 0.022264 0.0169109 0.0122964 0.00849093 0.00551989 0.00334855
 0.00929801 0.0148902 0.0220117 0.0304689 0.0399159 0.0497479 0.0590427 0.0667398 0.072006 0.0745026 0.074367 0.0720036 0.0678919 0.0624976 0.0562452 0.0495045 0.042584 0.0357353 0.0291659 0.0230514 0.0175434 0.0127685 0.00881766 0.00572876 0.00347135
 0.00916276 0.0146802 0.0217148 0.0300817 0.0394457 0.0492132 0.0584723 0.0661683 0.0714653 0.0740158 0.0739514 0.0716815 0.0676992 0.0624793 0.0564371 0.049913 0.0431761 0.0364451 0.0299118 0.0237564 0.0181503 0.0132469 0.00916357 0.0059579 0.00361007
 0.00909139 0.0145588 0.0215225 0.0297972 0.0390531 0.0487117 0.0578842 0.0655395 0.070856 0.0734844 0.0735398 0.0714105 0.0675734 0.0624974 0.0566007 0.0502254 0.0436325 0.0370205 0.0305582 0.0244107 0.0187503 0.0137467 0.00954237 0.00621904 0.0037736
 0.00898636 0.0143994 0.0213032 0.0295184 0.0387189 0.048326 0.057451 0.0650671 0.0703634 0.0730043 0.0731165 0.0710894 0.0673896 0.0624682 0.0567257 0.0504929 0.0440248 0.0375145 0.0311209 0.0249975 0.0193104 0.0142344 0.00992826 0.0064958 0.00395306
 0.0087737 0.0140767 0.0208608 0.0289642 0.0380769 0.047633 0.0567531 0.0644152 0.069805 0.0725752 0.0728358 0.0709631 0.0674166 0.0626447 0.0570441 0.0509392 0.0445767 0.0381425 0.0317893 0.0256657 0.0199353 0.0147769 0.0103617 0.00681211 0.0041625
 0.00884511 0.0141505 0.0208948 0.0288954 0.0378412 0.047195 0.0561292 0.0636754 0.0690497 0.0719017 0.0723128 0.0706223 0.0672599 0.0626574 0.0572062 0.0512305 0.0449771 0.0386285 0.0323312 0.0262274 0.0204766 0.01526 0.0107583 0.00710931 0.00436456
 0.00961635 0.0152575 0.022286 0.0304233 0.0392951 0.0483604 0.056842 0.0638504 0.068687 0.0710793 0.0711687 0.0693233 0.0659639 0.0614831 0.0562231 0.050466 0.0444313 0.0382858 0.032166 0.0262055 0.0205567 0.0153975 0.0109119 0.0072481 0.00447168
 0.010271 0.0163045 0.0238211 0.0325004 0.0418883 0.0513193 0.0598665 0.0665252 0.0705877 0.0719077 0.070844 0.0679851 0.0638986 0.0590255 0.0536757 0.048056 0.0423014 0.0365067 0.0307558 0.025147 0.0198097 0.014907 0.010616 0.00708662 0.00439337
 0.0102654 0.0163757 0.0240773 0.0330943 0.0429798 0.0530132 0.0621481 0.0692254 0.0733952 0.0744274 0.0726856 0.0688613 0.0637013 0.0578483 0.051772 0.0457538 0.0399147 0.0342773 0.0288339 0.0235994 0.0186408 0.0140799 0.0100704 0.00675329 0.00420615
 0.0100201 0.0160065 0.0235827 0.0325084 0.0423839 0.0525416 0.0619799 0.0695469 0.0743327 0.0759726 0.074658 0.0709356 0.0654985 0.059051 0.0522154 0.0454577 0.0390506 0.0330924 0.0275712 0.0224425 0.0176938 0.0133755 0.00959117 0.00645479 0.00403645
 0.0101448 0.016156 0.0237108 0.0325422 0.0422484 0.0521986 0.0614625 0.0689707 0.073874 0.0758197 0.0749485 0.0716994 0.0666279 0.0603181 0.0533402 0.0462017 0.0392938 0.0328588 0.026997 0.0217101 0.0169675 0.012763 0.00913657 0.00615326 0.00385653
 0.0100957 0.0160973 0.0236585 0.0325162 0.0422577 0.0522231 0.0614476 0.068847 0.0735998 0.0754237 0.0745424 0.0714444 0.0666662 0.0607043 0.054007 0.0469805 0.039981 0.0332959 0.0271233 0.0215676 0.0166621 0.0124108 0.00882319 0.00591938 0.00370529
 0.00998595 0.015944 0.023475 0.0323331 0.0421164 0.052163 0.0614915 0.0689883 0.0737979 0.0756126 0.0746566 0.0714543 0.0666024 0.0606482 0.0540474 0.0471595 0.0402651 0.0335922 0.0273296 0.0216234 0.0165709 0.0122255 0.00861172 0.0057343 0.00357091
 0.00984294 0.0157174 0.0231469 0.0318955 0.0415787 0.0515608 0.0608902 0.0684758 0.0734607 0.0755051 0.0747794 0.0717562 0.0670057 0.0610847 0.0544832 0.047594 0.0407064 0.0340294 0.0277245 0.0219277 0.0167544 0.0122925 0.0085961 0.00567973 0.0035121
 0.00971183 0.0155172 0.0228692 0.0315404 0.0411536 0.0510787 0.0603719 0.0679543 0.0729844 0.0751339 0.0745718 0.0717506 0.0672049 0.061453 0.0549605 0.0481187 0.041232 0.0345261 0.0281696 0.0222986 0.0170313 0.0124691 0.00868472 0.00570686 0.00350701
 0.00957186 0.0152969 0.022552 0.0311177 0.0406279 0.0504682 0.0597134 0.0673014 0.0723981 0.0746707 0.0742754 0.0716489 0.06731 0.0617583 0.0554372 0.0487169 0.04189 0.0351831 0.0287758 0.0228186 0.0174442 0.0127682 0.00887879 0.00581685 0.00355968
 0.00971954 0.0155051 0.0228056 0.031381 0.0408526 0.050607 0.0597326 0.0671871 0.0721566 0.0743256 0.0738641 0.0712187 0.0669117 0.0614395 0.0552341 0.0486468 0.0419471 0.0353404 0.0289928 0.0230523 0.0176583 0.0129394 0.0089982 0.00588855 0.00359555
 0.00965181 0.0154193 0.0227201 0.0313242 0.0408508 0.050667 0.0598309 0.0672744 0.0721786 0.0742475 0.0736852 0.0709699 0.0666415 0.0611978 0.0550617 0.0485695 0.0419737 0.0354618 0.0291844 0.0232791 0.017884 0.013135 0.00914756 0.00598914 0.003655
 0.00946334 0.0151528 0.0223939 0.0309832 0.0405567 0.0504809 0.0597945 0.0673978 0.0724347 0.0745762 0.0740082 0.0712145 0.0667651 0.0611998 0.0549779 0.0484539 0.0418778 0.0354201 0.0292085 0.0233594 0.0179977 0.0132553 0.00925303 0.00606825 0.00370639
 0.00954369 0.0152435 0.0224587 0.0309693 0.0404163 0.0502012 0.0594182 0.0670167 0.0721546 0.0744722 0.0740938 0.0714414 0.0670487 0.0614556 0.0551508 0.0485311 0.0418827 0.0353937 0.029189 0.0233692 0.0180394 0.0133176 0.00931944 0.00612539 0.00374778
 0.00929027 0.0148841 0.0220131 0.0304833 0.0399421 0.0497701 0.0590271 0.0666408 0.0717818 0.0741317 0.0738574 0.0713902 0.0672281 0.0618482 0.0556841 0.0491106 0.0424289 0.0358632 0.0295735 0.0236805 0.0182931 0.0135236 0.00948119 0.00624458 0.0038283
 0.00888516 0.014289 0.0212373 0.0295819 0.0390063 0.0489066 0.0583353 0.066192 0.0716021 0.0741956 0.074101 0.0717439 0.0676473 0.062322 0.0562159 0.0496923 0.0430294 0.0364381 0.0300841 0.0241065 0.0186321 0.0137839 0.00967392 0.00638054 0.00391806
#obs surv len freq
 nan nan nan nan nan nan nan nan nan nan nan nan nan nan nan nan nan nan nan nan nan nan nan nan nan
 0.00448502 0.00734641 0.0111763 0.0159922 0.0216922 0.0279668 0.03428 0.0400107 0.04469 0.048154 0.0505124 0.0520089 0.0529019 0.0534149 0.0537298 0.0539851 0.054264 0.0545569 0.0546958 0.0542878 0.0527258 0.0493579 0.0438075 0.0362873 0.0276706
 0.00461939 0.00756621 0.0115092 0.0164638 0.0223195 0.0287487 0.0351876 0.040985 0.0456502 0.0490134 0.0511948 0.0524603 0.053095 0.0533495 0.0534281 0.0534843 0.0536071 0.0537865 0.0538506 0.0534046 0.0518433 0.0485191 0.043057 0.035663 0.0271936
 0.00477866 0.00782906 0.011912 0.017043 0.0231037 0.0297473 0.036378 0.0423072 0.0470136 0.0503116 0.0523228 0.0533269 0.0536327 0.0535206 0.0532269 0.052935 0.0527566 0.052695 0.0525849 0.0520353 0.050446 0.0471748 0.0418462 0.0346523 0.0264197
 0.00497434 0.00814584 0.0123866 0.0177094 0.0239883 0.0308595 0.0377 0.0437881 0.0485731 0.0518509 0.0537364 0.0545125 0.0544988 0.0539944 0.0532621 0.0525174 0.0519057 0.0514613 0.0510452 0.0502875 0.0486058 0.0453693 0.0402009 0.0332695 0.025357
 0.00518846 0.00849895 0.0129271 0.0184848 0.025035 0.0321876 0.0392783 0.0455408 0.050393 0.0536217 0.0553508 0.0558782 0.0555366 0.054635 0.0534471 0.0522056 0.0510821 0.050146 0.0492992 0.0482154 0.0463525 0.043108 0.0381088 0.0314944 0.0239846
 0.00541856 0.00887582 0.0134998 0.0193016 0.0261352 0.0335872 0.0409551 0.0474269 0.0523819 0.0555868 0.0571655 0.0574306 0.0567359 0.0554109 0.0537457 0.0519853 0.0503155 0.0488296 0.0474693 0.0459634 0.0438307 0.0405188 0.0356728 0.0294026 0.0223545
 0.0056448 0.00924699 0.0140649 0.0201088 0.0272235 0.0349724 0.0426156 0.0492979 0.0543638 0.0575633 0.0590199 0.0590554 0.0580363 0.0563067 0.0541718 0.0518904 0.0496627 0.0476024 0.045686 0.0436975 0.0412267 0.0377878 0.0330593 0.0271293 0.020566
 0.00590228 0.00966522 0.0146937 0.0209946 0.0284006 0.0364501 0.0443636 0.0512418 0.056395 0.0595599 0.0608658 0.0606505 0.0592985 0.057169 0.0545778 0.0517919 0.0490197 0.0463894 0.0439082 0.0414135 0.038569 0.0349651 0.0303264 0.0247278 0.0186606
 0.00613068 0.0100455 0.0152823 0.0218491 0.0295675 0.0379453 0.0461539 0.0532404 0.0584763 0.0615863 0.0627123 0.0622168 0.0605099 0.0579712 0.0549298 0.0516592 0.0483708 0.0452004 0.0421773 0.039186 0.0359622 0.0321752 0.0276029 0.0223155 0.0167332
 0.00637572 0.0104435 0.0158812 0.0226944 0.0306952 0.0393697 0.0478535 0.0551493 0.0604894 0.0635756 0.0645467 0.0637792 0.0617086 0.0587433 0.0552382 0.0514829 0.0476956 0.0440164 0.0404891 0.0370352 0.0334534 0.0294875 0.0249704 0.0199734 0.0148527
 0.00659548 0.0108052 0.0164335 0.0234849 0.0317604 0.04072 0.0494585 0.0569343 0.0623483 0.0653925 0.0662138 0.0652041 0.0628146 0.0594692 0.0555384 0.0513275 0.047068 0.0429112 0.0389174 0.0350402 0.0311318 0.0270014 0.0225316 0.0177978 0.0131002
 0.00681421 0.0111639 0.0169792 0.0242632 0.0328064 0.0420436 0.0510299 0.0586781 0.0641543 0.0671369 0.0677814 0.066502 0.0637764 0.0600522 0.0557173 0.0510874 0.0464004 0.041815 0.0374061 0.0331567 0.028966 0.0246998 0.020284 0.0157968 0.0114888
 0.00706448 0.0115707 0.0175908 0.0251236 0.0339454 0.0434628 0.0526873 0.0604849 0.0659872 0.0688626 0.0692798 0.0676807 0.0645748 0.0604399 0.0556878 0.0506496 0.0455696 0.0406094 0.035851 0.0312982 0.026888 0.022533 0.0181948 0.0139524 0.0100112
 0.00727912 0.011928 0.0181436 0.0259247 0.0350355 0.0448507 0.054332 0.0622909 0.0678201 0.070578 0.0707494 0.0688078 0.0652989 0.0607344 0.0555541 0.0501085 0.0446532 0.0393541 0.0342986 0.0295039 0.0249338 0.0205358 0.0162973 0.0122946 0.00869292
 0.00744149 0.0121944 0.0185497 0.0265067 0.0358248 0.0458641 0.0555599 0.063689 0.0693104 0.072058 0.0721065 0.0699351 0.0661091 0.0611699 0.0555901 0.0497495 0.0439249 0.0382962 0.0329608 0.0279491 0.023245 0.0188199 0.0146778 0.010888 0.00757953
 0.00754084 0.0123579 0.0187997 0.0268662 0.0363142 0.0464957 0.0563317 0.0645819 0.0702896 0.073077 0.0731102 0.0708602 0.0668862 0.0617296 0.0558734 0.0497175 0.0435642 0.0376195 0.0320043 0.0267709 0.0219247 0.0174572 0.0133821 0.00975951 0.0066857
 0.00760057 0.0124513 0.0189339 0.0270467 0.0365461 0.0467848 0.0566843 0.0650027 0.0707798 0.0736315 0.0737151 0.07149 0.0675026 0.0622817 0.0563015 0.0499614 0.0435746 0.0373682 0.0314923 0.0260307 0.0210195 0.016474 0.0124189 0.00890565 0.00600246
 0.00765977 0.0125409 0.0190565 0.0272003 0.0367251 0.0469821 0.0568929 0.0652184 0.0710029 0.0738684 0.0739763 0.071785 0.0678319 0.0626304 0.0566367 0.0502349 0.0437312 0.0373585 0.0312854 0.025626 0.0204508 0.0158054 0.0117315 0.00827789 0.00549074
 0.00771841 0.0126281 0.0191725 0.0273397 0.0368781 0.0471366 0.0570374 0.0653439 0.0711053 0.0739507 0.07405 0.0718673 0.0679404 0.0627757 0.0568151 0.0504247 0.0438941 0.0374469 0.0312559 0.0254535 0.0201396 0.0153915 0.0112733 0.00783923 0.00512198
 0.00776152 0.0126951 0.0192673 0.0274627 0.0370255 0.047299 0.0572001 0.0654882 0.0712143 0.074015 0.0740715 0.0718595 0.0679239 0.0627717 0.0568386 0.0504785 0.0439646 0.0375058 0.0312668 0.0253845 0.0199765 0.0151454 0.0109789 0.00754213 0.00486285
 0.00782108 0.0127838 0.0193854 0.0276054 0.0371836 0.047462 0.057357 0.0656284 0.071327 0.0740906 0.0741037 0.0718481 0.0678766 0.0627031 0.056767 0.0504196 0.0439256 0.0374805 0.0312367 0.0253257 0.0198703 0.0149885 0.0107863 0.00734143 0.00468262
 0.00786558 0.0128539 0.0194863 0.0277394 0.0373482 0.0476482 0.0575487 0.0658044 0.0714663 0.0741786 0.0741361 0.0718293 0.0678164 0.0626138 0.0566615 0.0503112 0.0438252 0.0373934 0.0311595 0.0252472 0.0197774 0.0148738 0.0106534 0.00720401 0.00455796
 0.00786001 0.0128478 0.0194826 0.027743 0.0373649 0.0476832 0.0576043 0.0658788 0.0715532 0.0742681 0.0742169 0.0718916 0.0678543 0.0626263 0.056652 0.0502858 0.043791 0.037356 0.0311211 0.0252053 0.0197264 0.0148094 0.0105763 0.0071213 0.00448023
 0.00789639 0.0128959 0.0195352 0.027787 0.0373868 0.0476752 0.0575698 0.0658318 0.0715124 0.0742489 0.0742257 0.0719247 0.0679011 0.062674 0.0566905 0.0503096 0.0437994 0.0373516 0.031107 0.025183 0.0196958 0.0147695 0.0105283 0.00706946 0.00443083
 0.00787533 0.0128657 0.0194964 0.0277418 0.0373362 0.0476171 0.057499 0.0657432 0.0714074 0.0741398 0.0741341 0.071874 0.0679064 0.062736 0.0567958 0.0504375 0.0439295 0.0374688 0.0312028 0.0252541 0.019742 0.0147927 0.010532 0.0070592 0.00441338
 0.00788225 0.01287 0.0194904 0.0277151 0.0372792 0.0475268 0.0573817 0.0656137 0.0712823 0.0740319 0.0740501 0.0718177 0.0678826 0.0627506 0.0568521 0.0505318 0.0440498 0.0375984 0.0313255 0.0253579 0.0198207 0.0148451 0.010561 0.00707027 0.00441301
 0.00791506 0.0129181 0.0195529 0.0277862 0.0373488 0.0475814 0.0574065 0.0655964 0.0712182 0.0739267 0.0739195 0.0716825 0.0677623 0.0626593 0.0567981 0.0505174 0.0440724 0.0376496 0.0313929 0.0254281 0.0198823 0.0148916 0.0105906 0.00708525 0.00441774
 0.00788503 0.0128752 0.0194992 0.0277271 0.0372913 0.0475303 0.0573631 0.0655575 0.071178 0.0738803 0.0738658 0.071626 0.0677123 0.0626271 0.056793 0.0505445 0.0441309 0.0377338 0.0314927 0.0255314 0.0199773 0.0149697 0.0106478 0.00712225 0.00443855
 0.00787107 0.0128485 0.0194519 0.027651 0.0371811 0.0473887 0.0572036 0.0654023 0.0710507 0.0737968 0.0738293 0.0716288 0.067742 0.0626738 0.0568525 0.0506171 0.0442185 0.0378358 0.031605 0.025646 0.0200848 0.0150614 0.0107187 0.0071715 0.00446908
 0.00785921 0.0128249 0.0194084 0.0275771 0.0370664 0.0472272 0.056998 0.0651669 0.0708104 0.0735825 0.0736707 0.0715465 0.0677419 0.0627471 0.0569806 0.0507792 0.0443973 0.0380194 0.0317849 0.0258151 0.0202358 0.015188 0.010817 0.00724138 0.00451415
 0.00782228 0.012767 0.0193253 0.0274657 0.036925 0.0470557 0.0567987 0.0649465 0.0705809 0.0733618 0.0734814 0.0714123 0.0676828 0.0627731 0.0570888 0.0509543 0.0446164 0.0382584 0.0320232 0.026037 0.0204307 0.0153491 0.0109413 0.00733016 0.00457222
 0.00778525 0.0127043 0.0192264 0.0273203 0.0367263 0.0468052 0.0565096 0.064643 0.0702926 0.0731156 0.0732964 0.0712994 0.0676474 0.0628175 0.0572114 0.0511475 0.044865 0.0385407 0.0323146 0.0263149 0.0206772 0.0155531 0.0110985 0.00744233 0.00464578
 0.00776348 0.0126681 0.0191702 0.0272379 0.0366115 0.0466531 0.0563193 0.0644199 0.0700499 0.0728735 0.0730789 0.0711298 0.0675432 0.0627883 0.057259 0.0512672 0.0450464 0.0387681 0.0325676 0.026571 0.0209152 0.0157569 0.0112594 0.007559 0.00472324
 0.00772902 0.0126107 0.0190816 0.02711 0.0364386 0.0464353 0.0560652 0.0641466 0.0697794 0.072628 0.0728771 0.0709861 0.0674679 0.0627878 0.0573346 0.0514145 0.0452551 0.0390227 0.0328486 0.0268561 0.0211827 0.0159889 0.0114446 0.00769481 0.00481415
 0.00932628 0.0148468 0.0217808 0.0298859 0.0388063 0.0479901 0.0566246 0.0637776 0.0687173 0.0711565 0.0712398 0.0693525 0.0659404 0.0614213 0.0561551 0.0504306 0.0444641 0.0384134 0.0324024 0.0265489 0.0209864 0.0158744 0.0113852 0.0076684 0.00480505
 0.00932567 0.0151394 0.0227383 0.0319677 0.042359 0.0529773 0.0624552 0.0694014 0.072997 0.0733144 0.0711141 0.06734 0.0627216 0.0576699 0.052371 0.0469118 0.0413551 0.0357669 0.0302224 0.0248137 0.019658 0.0149026 0.0107112 0.00722878 0.00453767
 0.00896539 0.0145761 0.021954 0.0310177 0.0414241 0.0523979 0.0626894 0.0708618 0.075804 0.0771133 0.0751197 0.070633 0.0646308 0.0580039 0.0513883 0.0451064 0.0392235 0.0336725 0.0283717 0.0232918 0.0184766 0.0140341 0.0101083 0.00683619 0.0042996
 0.00881332 0.0143143 0.0215339 0.0303886 0.040553 0.0513047 0.0614899 0.0697952 0.0752105 0.077339 0.0763597 0.0727877 0.0672748 0.0605246 0.0532335 0.0459946 0.0391997 0.0330075 0.0273992 0.0222842 0.0175976 0.01335 0.00962161 0.00651676 0.00410603
 0.00872928 0.0141749 0.021318 0.0300719 0.0401098 0.0507135 0.0607452 0.0689255 0.0742996 0.076541 0.0758878 0.0728588 0.0680132 0.0618691 0.0549159 0.0476277 0.0404347 0.0336679 0.027515 0.0220254 0.0171693 0.0129129 0.00926352 0.00626352 0.00394676
 0.00872148 0.0141569 0.0212804 0.0300014 0.03999 0.0505276 0.0604785 0.0685684 0.0738523 0.0760229 0.0753526 0.0724041 0.0677715 0.0619655 0.0554035 0.0484366 0.0413785 0.0345158 0.0280912 0.0222732 0.0171465 0.0127356 0.00904338 0.00607179 0.00381051
 0.00868674 0.0141035 0.0212057 0.0299042 0.0398699 0.0503837 0.060309 0.0683704 0.0736233 0.0757623 0.0750663 0.0721119 0.067515 0.0618099 0.055422 0.0486772 0.0418273 0.0350855 0.02865 0.0227024 0.0173888 0.0128061 0.00900285 0.00598724 0.0037285
 0.0086736 0.0140814 0.0211712 0.0298538 0.0398014 0.0502971 0.0602071 0.0682584 0.0735054 0.0756393 0.0749352 0.0719695 0.0673647 0.0616692 0.0553255 0.0486684 0.0419395 0.0353189 0.0289616 0.0230196 0.0176423 0.0129593 0.0090605 0.00598129 0.00369555
 0.00866786 0.0140702 0.0211508 0.0298196 0.0397491 0.0502242 0.060115 0.0681525 0.0733944 0.0755322 0.0748385 0.0718857 0.0672929 0.0616083 0.05528 0.0486522 0.0419728 0.0354174 0.0291231 0.0232187 0.017838 0.0131143 0.00915671 0.00602341 0.00370212
 0.0086678 0.0140692 0.0211475 0.0298118 0.0397339 0.0501983 0.0600758 0.0680984 0.0733261 0.0754536 0.0747558 0.0718062 0.067223 0.0615521 0.0552401 0.0486318 0.0419782 0.0354568 0.029201 0.023329 0.0179632 0.0132306 0.0092454 0.00607764 0.00372695
 0.00865446 0.0140504 0.0211244 0.0297873 0.0397111 0.0501795 0.0600605 0.0680842 0.0733088 0.0754296 0.0747234 0.0717664 0.0671792 0.0615096 0.0552043 0.0486078 0.0419709 0.0354707 0.0292391 0.0233903 0.01804 0.0133102 0.00931427 0.00612731 0.0037563
 0.00863741 0.0140248 0.0210899 0.0297453 0.039665 0.0501338 0.0600209 0.0680557 0.0732946 0.0754289 0.0747319 0.0717776 0.067187 0.0615108 0.0551996 0.0486012 0.0419679 0.0354771 0.0292592 0.0234255 0.0180875 0.0133633 0.0093643 0.00616732 0.00378332
 0.00862272 0.0140017 0.0210567 0.0297013 0.0396108 0.0500723 0.0599572 0.067997 0.073249 0.0754027 0.0747276 0.0717931 0.0672166 0.0615468 0.0552352 0.0486324 0.0419944 0.0355016 0.0292857 0.0234571 0.0181248 0.0134036 0.00940304 0.00619983 0.00380694
 0.00862056 0.0139966 0.0210461 0.029682 0.0395797 0.0500281 0.0599015 0.0679347 0.0731875 0.0753501 0.0746908 0.0717764 0.0672209 0.0615693 0.0552704 0.0486736 0.042036 0.0355405 0.0293216 0.0234914 0.0181588 0.013437 0.00943406 0.00622602 0.00382662
 0.00863 0.0140114 0.0210673 0.0297095 0.0396121 0.0500616 0.0599303 0.0679519 0.0731868 0.0753292 0.0746523 0.0717274 0.0671702 0.0615251 0.0552376 0.0486537 0.0420274 0.0355401 0.0293267 0.0235003 0.0181706 0.0134511 0.00944909 0.00624017 0.00383825
 0.00863 0.0140114 0.0210673 0.0297095 0.0396121 0.0500616 0.0599303 0.0679519 0.0731868 0.0753292 0.0746523 0.0717274 0.0671702 0.0615251 0.0552376 0.0486537 0.0420274 0.0355401 0.0293267 0.0235003 0.0181706 0.0134511 0.00944909 0.00624017 0.00383825
#pred catch len freq
 0.00411333 0.00655623 0.00965775 0.0133811 0.0177072 0.0226046 0.0279603 0.033554 0.0391023 0.0443273 0.049002 0.0529738 0.0561745 0.0586079 0.0603103 0.0613064 0.0615831 0.061086 0.0597138 0.0573025 0.053623 0.0484508 0.0417356 0.0337951 0.0253712
 0.00437879 0.00689707 0.0100071 0.013631 0.0177518 0.0223989 0.0275593 0.0330947 0.0387334 0.0441264 0.0489333 0.0529107 0.0559715 0.0581808 0.0596873 0.060628 0.0610526 0.0608862 0.0599272 0.0578715 0.0543747 0.0491748 0.042273 0.0340893 0.0254606
 0.0046102 0.00727474 0.010571 0.0144005 0.0186999 0.0234278 0.0284984 0.0337457 0.0389541 0.0439041 0.0483897 0.0522253 0.0552771 0.0575076 0.0589913 0.0598713 0.0602706 0.0601922 0.0594536 0.0576906 0.0544538 0.0493949 0.0424948 0.0342199 0.0254808
 0.00486169 0.00766783 0.0111362 0.0151632 0.019683 0.0246485 0.029948 0.0353569 0.0405737 0.0453037 0.0493292 0.0525454 0.0549629 0.0566778 0.0578221 0.0585185 0.0588438 0.0587789 0.0581464 0.0565789 0.0535883 0.0487638 0.0420379 0.0338692 0.025194
 0.00519453 0.00818016 0.0118549 0.0160975 0.0208294 0.0259971 0.0314842 0.0370549 0.0423834 0.0471321 0.0510252 0.0539049 0.0557715 0.056781 0.0571848 0.0572354 0.0570958 0.0567726 0.0560718 0.0545935 0.0518093 0.0472606 0.040831 0.0329422 0.0245122
 0.00557661 0.00877379 0.0126977 0.0172081 0.0222077 0.0276248 0.0333221 0.0390395 0.0444304 0.0491447 0.0528976 0.0555182 0.0569858 0.0574416 0.0571531 0.0564374 0.0555611 0.0546393 0.0535544 0.0519329 0.0492292 0.0449376 0.0388796 0.0314119 0.023395
 0.00594744 0.00935839 0.0135445 0.0183529 0.0236713 0.0294077 0.0353939 0.0413301 0.0468297 0.0515144 0.0550898 0.0573916 0.0584147 0.0583151 0.0573718 0.0559195 0.0542665 0.0526033 0.0509094 0.0489008 0.0460832 0.0419498 0.0362701 0.0293153 0.021849
 0.00627875 0.00988343 0.0143112 0.0194015 0.0250335 0.0311018 0.0374143 0.0436332 0.0493264 0.0540719 0.0575434 0.0595648 0.0601422 0.0594605 0.0578336 0.0556281 0.0531841 0.050737 0.0483372 0.045793 0.0426981 0.0385946 0.0332367 0.0268153 0.0199756
 0.00653988 0.010301 0.0149282 0.020258 0.0261647 0.0325339 0.0391542 0.0456581 0.0515763 0.0564488 0.0599155 0.0617754 0.0620248 0.0608567 0.0586092 0.0556831 0.0524578 0.0492152 0.0460686 0.0429104 0.0394289 0.0352393 0.0301116 0.0241775 0.0179631
 0.00677322 0.0106707 0.0154684 0.0209983 0.0271307 0.0337456 0.0406198 0.0473648 0.0534839 0.0584868 0.0619855 0.0637568 0.0637833 0.0622546 0.0595155 0.0559827 0.0520618 0.0480753 0.0441958 0.0403986 0.0364688 0.0321066 0.027118 0.0215957 0.0159588
 0.00703195 0.0110695 0.0160292 0.0217307 0.0280364 0.0348234 0.0418657 0.0487676 0.055018 0.060108 0.0636301 0.0653441 0.0652196 0.0634386 0.0603426 0.0563493 0.0518732 0.0472597 0.0427277 0.0383265 0.0339361 0.029348 0.0244186 0.0192209 0.0140845
 0.00733904 0.0115423 0.0166917 0.0225884 0.0290772 0.0360208 0.0431799 0.0501461 0.0564019 0.0614416 0.0648673 0.0664483 0.0661574 0.0641709 0.0608187 0.0565045 0.0516326 0.0465507 0.0415031 0.0365953 0.0317915 0.0269727 0.022055 0.0171089 0.0123941
 0.00769868 0.0121014 0.0174858 0.0236338 0.0303704 0.0375355 0.0448619 0.051909 0.0581327 0.0630176 0.0661794 0.0674207 0.0667571 0.0644032 0.0607102 0.0560804 0.0508987 0.0454902 0.0400924 0.0348349 0.0297399 0.0247632 0.0198794 0.0151678 0.0108358
 0.00800876 0.0125867 0.0181818 0.0245629 0.0315406 0.0389376 0.0464619 0.0536408 0.0598966 0.0646892 0.0676268 0.0685258 0.0674366 0.0646227 0.0604845 0.0554586 0.0499398 0.0442417 0.0385847 0.033096 0.027823 0.0227689 0.0179521 0.0134624 0.00946942
 0.00833679 0.0130954 0.0189025 0.0255107 0.0327155 0.0403255 0.0480302 0.0553316 0.0616232 0.066341 0.0690804 0.0696607 0.0681537 0.0648609 0.0602306 0.0547459 0.0488351 0.0428256 0.0369351 0.0312844 0.0259249 0.0208782 0.0161832 0.0119307 0.00825816
 0.00857948 0.0134751 0.019447 0.026238 0.0336335 0.0414309 0.0493036 0.0567317 0.063085 0.0677791 0.0703963 0.0707528 0.0689282 0.0652444 0.060181 0.0542594 0.0479457 0.0415979 0.0354524 0.0296384 0.0242116 0.0191987 0.0146408 0.0106169 0.0072321
 0.00867272 0.0136354 0.0197046 0.0266273 0.0341866 0.0421671 0.0502187 0.0577929 0.0642351 0.0689462 0.0715032 0.0717229 0.0696895 0.0657336 0.0603489 0.0540772 0.0474118 0.0407405 0.0343287 0.0283288 0.0228123 0.0178131 0.0133684 0.00953882 0.00639596
 0.00879801 0.0138245 0.0199637 0.0269577 0.0345907 0.0426558 0.0508119 0.0585091 0.0650742 0.0698744 0.0724512 0.0726 0.0704054 0.066217 0.0605548 0.0539857 0.0470235 0.0400756 0.0334281 0.0272554 0.0216485 0.0166522 0.0123016 0.0086386 0.00570242
 0.00884828 0.0139004 0.0200672 0.027086 0.0347378 0.0428148 0.0509793 0.0586904 0.0652882 0.0701511 0.0728201 0.0730705 0.0709514 0.0667759 0.0610427 0.0543207 0.0471449 0.0399542 0.0330681 0.0266929 0.0209462 0.0158906 0.0115643 0.00799606 0.00519764
 0.00892103 0.0140123 0.0202237 0.0272883 0.0349828 0.0430957 0.0512846 0.0590035 0.0655887 0.0704202 0.0730479 0.0732607 0.0711183 0.0669323 0.0611861 0.0544262 0.0471709 0.0398577 0.0328225 0.0262995 0.0204368 0.0153209 0.0110003 0.00749708 0.00480202
 0.00893209 0.0140267 0.020239 0.0273004 0.0349879 0.0430927 0.0512775 0.0590018 0.0656051 0.0704673 0.0731342 0.0733889 0.0712855 0.0671316 0.061406 0.0546478 0.0473653 0.0399882 0.0328537 0.0262106 0.0202319 0.0150306 0.0106727 0.0071829 0.00453954
 0.0091377 0.0143265 0.0206259 0.027745 0.035446 0.043518 0.0516322 0.0592607 0.0657554 0.0705078 0.0730746 0.073249 0.0710918 0.0669124 0.0611863 0.0544441 0.0471823 0.0398172 0.0326765 0.0260075 0.0199926 0.0147612 0.0103952 0.00692615 0.00432795
 0.00930831 0.0145854 0.0209803 0.0281875 0.0359538 0.0440551 0.0521515 0.0597089 0.0660824 0.0706792 0.0730806 0.0731046 0.0708302 0.0665754 0.0608153 0.0540741 0.0468368 0.0395068 0.0323986 0.0257517 0.0197478 0.0145233 0.01017 0.00672636 0.00416612
 0.00930706 0.0145932 0.0210104 0.0282582 0.0360842 0.0442571 0.0524225 0.0600282 0.0664142 0.0709796 0.0733085 0.0732309 0.0708447 0.0664877 0.0606504 0.0538637 0.0466107 0.0392862 0.0321943 0.0255647 0.0195744 0.0143603 0.0100187 0.00659277 0.00405725
 0.00933554 0.0146349 0.0210652 0.0283251 0.0361642 0.0443563 0.0525527 0.060202 0.0666364 0.0712389 0.0735745 0.0734616 0.0709988 0.0665383 0.0605925 0.0537133 0.0463978 0.0390444 0.0319516 0.0253392 0.0193743 0.0141876 0.00987325 0.00647465 0.00396675
 0.00930359 0.0145904 0.0210122 0.028272 0.0361219 0.0443349 0.0525596 0.0602425 0.0667153 0.0713605 0.0737395 0.0736606 0.0712096 0.0667282 0.0607282 0.0537723 0.0463757 0.0389544 0.0318176 0.0251868 0.0192237 0.0140516 0.00975822 0.0063829 0.00389812
 0.0091139 0.0143095 0.0206409 0.0278303 0.0356447 0.0438644 0.0521386 0.0599108 0.0665066 0.0712984 0.073833 0.0739024 0.0715756 0.0671796 0.0612155 0.0542433 0.0467855 0.0392751 0.0320415 0.0253236 0.0192929 0.0140749 0.00975449 0.00636634 0.00387829
 0.00886238 0.0139324 0.020133 0.0272091 0.0349468 0.0431388 0.0514415 0.0593021 0.0660445 0.0710308 0.0737884 0.0740842 0.0719624 0.067729 0.0618709 0.0549409 0.0474635 0.0398817 0.0325426 0.0257058 0.0195618 0.0142486 0.00985658 0.00641989 0.00390235
 0.00872985 0.0137123 0.0197941 0.0267225 0.0342957 0.0423325 0.0505271 0.0583652 0.0651932 0.0703704 0.0733975 0.0740019 0.0721863 0.0682209 0.062566 0.0557599 0.048324 0.0407087 0.0332777 0.0263121 0.0200261 0.0145782 0.0100729 0.00655053 0.00397448
 0.00854392 0.0134321 0.019412 0.0262413 0.0337219 0.0416688 0.0497728 0.057528 0.0643086 0.0695131 0.0726751 0.0735285 0.0720472 0.0684465 0.0631255 0.0565743 0.0492883 0.0417148 0.0342315 0.0271449 0.0206991 0.015082 0.0104216 0.00677309 0.00410487
 0.00839459 0.0132036 0.0190948 0.0258366 0.0332409 0.0411301 0.0491995 0.0569443 0.0637352 0.0689667 0.0721753 0.073109 0.0717613 0.0683576 0.0632835 0.0569914 0.0499283 0.0425015 0.0350695 0.0279433 0.0213896 0.0156279 0.010817 0.00703515 0.00426353
 0.008303 0.0130551 0.0188722 0.0255245 0.0328295 0.0406205 0.0486097 0.0563109 0.063108 0.0683976 0.0717071 0.0727692 0.071565 0.0683152 0.0634074 0.057293 0.0504062 0.0431285 0.0357893 0.0286812 0.0220715 0.0161986 0.0112508 0.00733475 0.00445132
 0.0081658 0.0128485 0.0185911 0.0251731 0.0324168 0.0401554 0.048099 0.0557642 0.0625452 0.0678537 0.0712296 0.0724083 0.0713601 0.0682868 0.0635564 0.0576076 0.0508673 0.0437096 0.036452 0.0293729 0.0227321 0.0167739 0.0117061 0.00766131 0.00466308
