SBPRF35
9.82278
Curr Bio
642453
B35
751313
F35
0.193138
FOFL
0.165039
OFL
85120.5
Bzero
2.80651e+06
#pred survey bio
 3.97981e+06 3.82622e+06 3.67126e+06 3.45241e+06 3.2096e+06 2.94549e+06 2.68126e+06 2.42212e+06 2.15235e+06 1.92353e+06 1.70256e+06 1.49594e+06 1.30469e+06 1.15706e+06 1.02419e+06 911394 809258 753463 713918 667711 642668 615461 595512 592189 581618 581247 576177 578056 566662 568133 571195 569453 560726 551666 549979 543522 533105 516746 519984 527901 526673 530454 541906 554242 556514 564234 570916 568481 563248 564281 570556 539675 581836 625971 603165 638884 622305 613724 554488 560043 633088 687323 648753 2.28707e+07 1.38859e+07 1.42848e+07 1.5113e+07 1.61892e+07 1.7314e+07 1.83541e+07 1.92445e+07 1.99688e+07 2.05376e+07 2.09739e+07 2.13031e+07 2.15492e+07 2.1732e+07 2.18676e+07 2.19683e+07 2.20431e+07 2.2099e+07 2.21409e+07 2.21726e+07 2.21966e+07 2.22148e+07 2.22288e+07 2.22396e+07 2.2248e+07 2.22545e+07 2.22595e+07 2.22634e+07 2.22665e+07 2.22689e+07 2.22708e+07 2.22723e+07 2.22735e+07 2.22744e+07 2.22752e+07 2.22758e+07 2.22762e+07 2.22766e+07 2.22769e+07 2.22771e+07 2.22773e+07 2.22775e+07 2.22776e+07 2.22777e+07 2.22778e+07 2.22778e+07 2.22779e+07 2.22779e+07 2.22779e+07 2.2278e+07 2.2278e+07 2.2278e+07 2.2278e+07 2.2278e+07 2.2278e+07 2.2278e+07 2.2278e+07 2.2278e+07 2.2278e+07 2.2278e+07 2.2278e+07 2.2278e+07 2.2278e+07 2.2278e+07 2.2278e+07 2.2278e+07 2.2278e+07 2.2278e+07 2.2278e+07 2.2278e+07 2.2278e+07 2.2278e+07 2.2278e+07 2.2278e+07 2.2278e+07 2.2278e+07 2.2278e+07 2.2278e+07 2.2278e+07 2.2278e+07 2.2278e+07 2.2278e+07 2.2278e+07 2.2278e+07 2.2278e+07 2.2278e+07 2.2278e+07 2.2278e+07 2.2278e+07 2.2278e+07 2.2278e+07 2.2278e+07 2.2278e+07 2.2278e+07 2.2278e+07 2.2278e+07 2.2278e+07 2.2278e+07 2.2278e+07 2.2278e+07 0 0 0 0 0 0 0 0 0 0 0 0 0 0 0 0 0 0 0 0 0 0 0 0 0
#obs survey bio
 2.86926e+06 3.39768e+06 1.96372e+06 4.24427e+06 2.12618e+06 2.58395e+06 2.37618e+06 2.01963e+06 1.75509e+06 1.49743e+06 1.79177e+06 1.39358e+06 1.49949e+06 1.2344e+06 870002 794287 585708 689040 605697 793028 519092 403732 475814 419901 688500 454072 486525 670599 510417 544987 489718 620091 637778 594916 535975 421043 538032 534560 732016 853873 642730 427826 532144 632814 492859 626703 574284 633132 569420 637527 488129 510642 665280 539129 690416 480464 834916 561303 434339 369220 898813 659783 764786
#pred catch bio
 93160.5 95933.2 162720 199884 240060 264182 283788 315465 297202 304384 300921 292427 256525 244286 225779 214014 172000 156856 159637 137994 136233 126456 110174 114569 104317 107008 100049 109615 96962.4 94372.2 96452 99360 96162.6 86693.7 88135.3 91064.7 98457.3 85161 83831.4 92167.7 87816 82113.6 82705.1 92139.8 88109.9 89331.1 96399.5 97361.1 90977.8 86649.2 118065 58396.3 61230.5 118116 68593.1 113532 105754 148048 94558.7 44369.2 65347.7 141730 100532 85120.5 99252.8 100918 105476 112398 119922 126864 132704 137330 140842 143426 145283 146594 147505 148132 148559 148848 149042 149173 149260 149318 149356 149381 149398 149409 149417 149421 149425 149427 149428 149429 149429 149430 149430 149430 149430 149430 149430 149431 149431 149431 149431 149431 149431 149431 149431 149431 149431 149431 149431 149431 149431 149431 149431 149431 149431 149431 149431 149431 149431 149431 149431 149431 149431 149431 149431 149431 149431 149431 149431 149431 149431 149431 149431 149431 149431 149431 149431 149431 149431 149431 149431 149431 149431 149431 149431 149431 149431 149431 149431 149431 149431 149431 149431 149431 149431 149431 149431 149431 149431 0 0 0 0 0 0 0 0 0 0 0 0 0 0 0 0 0 0 0 0 0 0 0 0 0
#obs catch bio
 0 95598.5 163633 200430 241854 266882 288290 322981 303290 312836 308555 299659 262056 249405 230803 218696 175142 159510 163404 140347 139067 128759 111506 116454 105322 108381 100910 111019 97784.9 95246.9 97435.8 99836.4 96493.2 86722.5 88081.6 91106.6 98875.7 85358.8 83421.2 91689.6 87129.4 81807.1 82313.6 91721.5 88067.4 89077.6 96205.3 96721.8 90390.1 85446.3 117800 57923.6 60683.1 119137 67926.9 113870 104338 147101 94577.3 44059.5 65074.5 143265 100273
#pred cpue bio
 3.90824e+06 3.75808e+06 3.60583e+06 3.38811e+06 3.14591e+06 2.88236e+06 2.61869e+06 2.36052e+06 2.09261e+06 1.86554e+06 1.64692e+06 1.44313e+06 1.25491e+06 1.10968e+06 979206 868615 768783 714182 675694 631203 607434 581655 562801 559892 549959 549893 545243 547273 536590 538349 541753 540684 532924 524808 523862 518066 507290 489825 491888 499567 498809 502656 513664 525496 527582 535018 541670 539616 534822 536005 542006 511533 551762 594842 573138 607647 591657 583074 524677 528629 599141 652958 616436 2.1752e+07 1.32229e+07 1.35118e+07 1.41971e+07 1.5214e+07 1.63224e+07 1.73587e+07 1.82483e+07 1.89724e+07 1.95412e+07 1.99775e+07 2.03067e+07 2.05527e+07 2.07356e+07 2.08712e+07 2.09718e+07 2.10467e+07 2.11026e+07 2.11445e+07 2.11761e+07 2.12001e+07 2.12184e+07 2.12324e+07 2.12432e+07 2.12516e+07 2.1258e+07 2.12631e+07 2.1267e+07 2.12701e+07 2.12725e+07 2.12744e+07 2.12759e+07 2.12771e+07 2.1278e+07 2.12788e+07 2.12794e+07 2.12798e+07 2.12802e+07 2.12805e+07 2.12807e+07 2.12809e+07 2.12811e+07 2.12812e+07 2.12813e+07 2.12813e+07 2.12814e+07 2.12814e+07 2.12815e+07 2.12815e+07 2.12815e+07 2.12816e+07 2.12816e+07 2.12816e+07 2.12816e+07 2.12816e+07 2.12816e+07 2.12816e+07 2.12816e+07 2.12816e+07 2.12816e+07 2.12816e+07 2.12816e+07 2.12816e+07 2.12816e+07 2.12816e+07 2.12816e+07 2.12816e+07 2.12816e+07 2.12816e+07 2.12816e+07 2.12816e+07 2.12816e+07 2.12816e+07 2.12816e+07 2.12816e+07 2.12816e+07 2.12816e+07 2.12816e+07 2.12816e+07 2.12816e+07 2.12816e+07 2.12816e+07 2.12816e+07 2.12816e+07 2.12816e+07 2.12816e+07 2.12816e+07 2.12816e+07 2.12816e+07 2.12816e+07 2.12816e+07 2.12816e+07 2.12816e+07 2.12816e+07 2.12816e+07 2.12816e+07 2.12816e+07 2.12816e+07 2.12816e+07 2.12816e+07 0 0 0 0 0 0 0 0 0 0 0 0 0 0 0 0 0 0 0 0 0 0 0 0 0
#obs cpue bio
 2.20155e+06 4.74555e+06 2.75772e+06 3.80958e+06 2.31405e+06 2.18047e+06 1.42633e+06 1.65679e+06 2.39883e+06 1.29935e+06 1.58814e+06 1.38697e+06 859711 900544 789863 853166 736892 621063 492064 452502 504728 742200 649469 577416 497105 537541 612862 393210 540699 461280 531265 716771 490852 531078 614069 601554 443097 424087 640955 381783 528756 471465 596848 549678 401020 604174 564299 746772 567748 845549 504299 463519 632864 419488 638706 727945 966392 627496 460492 550400 627432 504682 621122
#pred surv len freq
 0.00479273 0.00782093 0.0118438 0.0168637 0.0227673 0.029239 0.0357367 0.0416299 0.0464388 0.0499925 0.0524034 0.0539252 0.0548227 0.0553052 0.0555024 0.0554636 0.0551704 0.0545536 0.0534886 0.0517627 0.0490547 0.0450011 0.0393873 0.0323848 0.0246489
 0.00505136 0.00813388 0.0121215 0.0169705 0.0225757 0.0287053 0.0349502 0.040792 0.0457732 0.0496388 0.0523589 0.0540669 0.0549864 0.0553716 0.0554488 0.0553631 0.0551479 0.0547182 0.0538741 0.0523051 0.0496186 0.0454439 0.0396243 0.0324167 0.024543
 0.00528602 0.00852841 0.0127308 0.017831 0.0236713 0.0299304 0.0361028 0.0416251 0.0460987 0.049424 0.0517429 0.0532778 0.0542175 0.0547032 0.0548593 0.054801 0.0546 0.0542264 0.0534986 0.0520705 0.0494881 0.0453389 0.0394731 0.0321952 0.0242787
 0.00553594 0.00892968 0.0133272 0.0186643 0.0247766 0.0313235 0.0377544 0.0434319 0.0478705 0.0509103 0.052704 0.0535741 0.0538636 0.0538475 0.0537022 0.0535107 0.0532789 0.0529304 0.052269 0.050944 0.0484849 0.0444553 0.0386935 0.0315129 0.0237049
 0.00582947 0.00939498 0.0140057 0.019588 0.0259644 0.0327756 0.0394445 0.0453005 0.049823 0.0528151 0.0543928 0.0548538 0.0545544 0.0538403 0.0530027 0.0522375 0.051614 0.0510581 0.0503378 0.0490604 0.0467237 0.0428691 0.0373195 0.0303763 0.0228184
 0.00612049 0.00986676 0.014713 0.0205799 0.0272747 0.0344077 0.0413563 0.0474023 0.0519916 0.0549175 0.0563014 0.0564454 0.0557011 0.0544128 0.0528959 0.0514105 0.0501185 0.0490334 0.0479752 0.0465593 0.0442614 0.0405899 0.035332 0.0287509 0.0215821
 0.00636964 0.0102753 0.0153348 0.021469 0.0284762 0.0359428 0.0432058 0.0494973 0.0542198 0.0571413 0.0583788 0.0582435 0.0571015 0.0553084 0.0531897 0.0510248 0.0490191 0.0472573 0.045644 0.0438664 0.0414389 0.0378683 0.0329058 0.0267528 0.0200686
 0.00658626 0.0106312 0.0158782 0.0222491 0.029536 0.0373072 0.0448669 0.0514066 0.0562912 0.0592636 0.060428 0.0600935 0.0586308 0.0564052 0.0537538 0.0509707 0.0482857 0.0458276 0.0435711 0.0412901 0.038578 0.0349862 0.0302575 0.0245322 0.0183735
 0.00687486 0.0110901 0.0165503 0.0231688 0.0307258 0.0387705 0.0465792 0.0533101 0.0582996 0.0612743 0.062335 0.0617948 0.0600308 0.0574147 0.0542892 0.0509548 0.0476528 0.0445389 0.0416396 0.0388077 0.0357282 0.0320261 0.0274671 0.0221471 0.0165296
 0.00706578 0.0114111 0.0170528 0.0239067 0.0317437 0.0400855 0.0481645 0.0550914 0.060171 0.0631227 0.0640604 0.0633164 0.0612822 0.0583356 0.0548188 0.0510288 0.0472065 0.0435202 0.0400326 0.0366627 0.0331843 0.0293071 0.0248405 0.0198567 0.0147319
 0.00726537 0.011736 0.0175433 0.0246029 0.0326806 0.0412833 0.0496158 0.0567516 0.0619574 0.0649252 0.0657582 0.0647971 0.0624571 0.0591449 0.0552254 0.0510049 0.0467227 0.0425458 0.0385523 0.0347066 0.0308566 0.0267941 0.0223817 0.0176846 0.0130068
 0.0075219 0.0121429 0.0181371 0.0254113 0.0337186 0.0425473 0.0510762 0.0583499 0.0636123 0.0665446 0.0672506 0.0660775 0.0634509 0.0597921 0.0554842 0.050851 0.0461431 0.0415332 0.0371097 0.0328658 0.0287039 0.0244835 0.0201181 0.0156748 0.0113997
 0.00782349 0.0126237 0.0188425 0.0263755 0.0349566 0.0440438 0.0527744 0.0601507 0.0653904 0.068175 0.0686314 0.06714 0.0641558 0.060121 0.0554312 0.0504168 0.045332 0.0403532 0.0355775 0.0310205 0.0266252 0.0223034 0.0180096 0.0138132 0.0099128
 0.00809019 0.0130446 0.0194525 0.027199 0.0360043 0.0453067 0.0542161 0.061703 0.0669582 0.069651 0.0699131 0.0681436 0.0648248 0.0604272 0.0553701 0.0499987 0.0445735 0.0392729 0.0341997 0.0293862 0.0248071 0.0204142 0.0161932 0.0122141 0.00863607
 0.00834785 0.0134605 0.0200718 0.0280598 0.037127 0.0466808 0.0557869 0.0633711 0.0685968 0.0711326 0.0711331 0.0690301 0.0653375 0.060553 0.0551177 0.0493934 0.0436503 0.0380707 0.0327606 0.0277616 0.0230684 0.0186599 0.0145422 0.0107822 0.00750412
 0.00856972 0.0138173 0.0206018 0.028796 0.0380914 0.0478744 0.057178 0.064889 0.0701372 0.0725746 0.0723592 0.0699447 0.0658783 0.0606947 0.0548685 0.0487855 0.0427298 0.0368902 0.0313757 0.0262339 0.0214716 0.0170837 0.013086 0.00953763 0.00653087
 0.00886167 0.0142725 0.0212506 0.0296536 0.0391557 0.0491233 0.0585647 0.0663404 0.07156 0.0738684 0.0734308 0.0707173 0.0662981 0.0607346 0.0545301 0.0480971 0.0417404 0.035661 0.0299742 0.0247314 0.0199453 0.015617 0.0117634 0.0084299 0.00567877
 0.00894643 0.0144113 0.0214615 0.0299541 0.0395603 0.0496381 0.0591837 0.0670434 0.0723165 0.0746429 0.0741849 0.0714086 0.0668776 0.0611487 0.0547284 0.0480429 0.0414196 0.0350866 0.0291842 0.0237844 0.0189146 0.0145841 0.0108084 0.00761871 0.00504989
 0.00886988 0.0143106 0.0213541 0.0298723 0.0395437 0.0497221 0.0593885 0.0673701 0.07275 0.0751579 0.0747511 0.0719927 0.0674431 0.0616551 0.0551305 0.048295 0.0414831 0.0349396 0.0288298 0.0232534 0.0182623 0.0138818 0.0101305 0.00702792 0.00458502
 0.00890469 0.0143606 0.0214183 0.0299483 0.0396322 0.049832 0.0595378 0.0675808 0.0730363 0.0755157 0.0751552 0.0724038 0.0678206 0.0619661 0.0553523 0.0484104 0.0414767 0.0347983 0.0285488 0.0228444 0.0177579 0.0133326 0.00959475 0.00655777 0.00421382
 0.00888596 0.0143234 0.0213498 0.0298334 0.0394582 0.0495962 0.0592557 0.0672889 0.0727879 0.0753689 0.075157 0.0725755 0.0681496 0.0624088 0.0558459 0.0488885 0.0418812 0.0350859 0.0286941 0.022842 0.0176243 0.0131046 0.00932132 0.00628805 0.00398486
 0.00892998 0.0143893 0.0214379 0.0299384 0.0395679 0.0496923 0.0593151 0.0672893 0.072717 0.0752332 0.0749858 0.0724151 0.0680482 0.0623998 0.0559355 0.0490542 0.0420801 0.0352679 0.0288161 0.0228773 0.0175678 0.0129722 0.00914458 0.00610314 0.00382191
 0.00903093 0.0145313 0.0216107 0.0301186 0.0397256 0.0498011 0.0593602 0.0672688 0.0726369 0.0751033 0.0748182 0.0722274 0.067866 0.062254 0.0558542 0.0490515 0.0421484 0.0353795 0.0289317 0.0229598 0.0175939 0.0129383 0.00906488 0.00600182 0.00372303
 0.00897289 0.014447 0.0215018 0.0299912 0.0395861 0.0496514 0.0591959 0.0670835 0.0724311 0.0748912 0.0746272 0.0720891 0.0678056 0.0622836 0.055973 0.0492489 0.0424064 0.0356719 0.0292257 0.0232209 0.0177945 0.0130656 0.00912343 0.00600949 0.00370261
 0.00897885 0.0144542 0.0215084 0.0299946 0.0395847 0.0496456 0.0591882 0.0670755 0.0724196 0.0748662 0.0745763 0.0720056 0.0676961 0.0621684 0.0558789 0.0491993 0.0424137 0.0357345 0.0293284 0.0233401 0.017905 0.0131481 0.00916997 0.00602387 0.00369593
 0.00896657 0.0144247 0.0214465 0.0298815 0.0394038 0.0493918 0.0588755 0.066738 0.0721032 0.0746154 0.074421 0.071955 0.0677397 0.0622845 0.056045 0.0493988 0.0426367 0.0359734 0.0295732 0.0235759 0.0181143 0.0133159 0.00928922 0.00609708 0.00373321
 0.00895598 0.0144145 0.0214432 0.0298929 0.0394337 0.0494334 0.0589086 0.0667342 0.0720385 0.0744839 0.0742407 0.0717611 0.0675706 0.0621679 0.0559916 0.0494054 0.0426925 0.036066 0.0296905 0.0237051 0.0182416 0.013428 0.00937644 0.00615623 0.00376744
 0.00882003 0.014211 0.0211704 0.0295622 0.0390691 0.0490672 0.0585765 0.0664688 0.0718621 0.0744015 0.0742409 0.0718241 0.0676799 0.0623162 0.0561784 0.04963 0.0429481 0.0363397 0.0299656 0.0239652 0.0184723 0.013619 0.00952242 0.00625799 0.00383131
 0.00884731 0.0142437 0.0211985 0.0295702 0.0390416 0.0489968 0.0584699 0.0663461 0.0717486 0.0743173 0.0741926 0.0718048 0.0676747 0.0623119 0.0561705 0.0496242 0.0429559 0.0363707 0.0300228 0.0240433 0.0185608 0.0137056 0.00959714 0.00631507 0.00386988
 0.00872843 0.0140649 0.0209559 0.029269 0.0386931 0.0486153 0.0580715 0.0659516 0.0713873 0.0740266 0.0740113 0.0717614 0.0677767 0.0625414 0.0564912 0.0499931 0.0433362 0.0367372 0.0303613 0.0243457 0.018821 0.013919 0.00976158 0.00643255 0.00394681
 0.00854218 0.0137805 0.020563 0.028772 0.0381118 0.0479833 0.057435 0.0653646 0.0709028 0.0736856 0.073837 0.0717598 0.0679418 0.0628576 0.056932 0.0505212 0.0439068 0.0373062 0.0308923 0.0248142 0.0192137 0.0142313 0.00999574 0.00659658 0.00405302
 0.00839914 0.0135542 0.0202347 0.0283307 0.0375582 0.0473359 0.0567343 0.0646721 0.0702898 0.0732166 0.0735551 0.0716813 0.0680594 0.0631482 0.0573638 0.0510572 0.0445064 0.0379267 0.0314923 0.0253586 0.0196779 0.014603 0.0102745 0.00679121 0.00417866
 0.00831813 0.0134253 0.0200459 0.0280722 0.0372241 0.0469267 0.0562607 0.064158 0.0697721 0.0727414 0.0731701 0.0714281 0.0679651 0.0632215 0.0575944 0.05142 0.0449663 0.0384431 0.0320233 0.0258647 0.0201266 0.0149733 0.010558 0.00699186 0.0043093
 0.00822573 0.0132812 0.0198404 0.0278005 0.0368869 0.0465308 0.0558206 0.063696 0.0693168 0.0723237 0.0728208 0.0711757 0.0678345 0.0632304 0.0577497 0.0517136 0.045375 0.0389316 0.0325488 0.0263834 0.0205999 0.0153728 0.0108695 0.0072154 0.00445623
 0.00827716 0.0133267 0.0198391 0.0276929 0.0366127 0.0460564 0.055161 0.0629172 0.0685155 0.0715977 0.0722449 0.0707931 0.0676601 0.0632594 0.0579648 0.0520892 0.0458781 0.0395216 0.0331794 0.0270063 0.0211708 0.0158578 0.0112502 0.0074902 0.00463777
 0.00896882 0.0143152 0.0210727 0.0290314 0.0378591 0.0470134 0.0556818 0.0629329 0.0680385 0.0707125 0.0710895 0.0695297 0.0664404 0.0621973 0.0571255 0.0514947 0.0455194 0.0393698 0.0331929 0.027136 0.0213654 0.0160708 0.0114456 0.00764699 0.00474939
 0.0094917 0.0151707 0.0223616 0.0308267 0.0401622 0.0497004 0.058472 0.0654219 0.0698077 0.0714677 0.0707533 0.0682421 0.0644839 0.0598978 0.054774 0.049306 0.043624 0.0378258 0.0320052 0.0262742 0.0207786 0.0156988 0.0112282 0.00753125 0.00469405
 0.00941527 0.0151445 0.0225045 0.0313127 0.0411785 0.0513753 0.0608022 0.0682332 0.0727688 0.0741534 0.0727412 0.0692198 0.0643316 0.0587131 0.0528256 0.0469418 0.0411763 0.0355484 0.0300527 0.0247117 0.0196049 0.0148704 0.0106804 0.00719326 0.00450062
 0.0090694 0.0146135 0.0217711 0.0304019 0.0401758 0.0504411 0.0601672 0.0681543 0.0734418 0.0756145 0.074813 0.0715409 0.066464 0.0602787 0.0536143 0.0469497 0.0405696 0.0345804 0.0289746 0.0237124 0.0187899 0.0142715 0.0102794 0.00694783 0.00436329
 0.00886883 0.0142798 0.0212562 0.029661 0.0391842 0.0492194 0.0588086 0.0668354 0.0724031 0.0751073 0.0750239 0.0725177 0.0680741 0.0622287 0.0555338 0.0485096 0.0415795 0.035023 0.0289711 0.0234466 0.018434 0.0139425 0.0100315 0.0067876 0.00427271
 0.00896058 0.0143966 0.0213708 0.0297238 0.0391308 0.0489876 0.0583569 0.0661617 0.0715586 0.0742046 0.0742295 0.0720193 0.068024 0.0626796 0.0564026 0.0495936 0.0426269 0.0358251 0.0294286 0.0235807 0.0183459 0.013753 0.00983463 0.00663283 0.00417175
 0.00904753 0.0145289 0.0215512 0.029944 0.0393674 0.0491987 0.0584831 0.0661349 0.0713224 0.0737404 0.0735776 0.0712835 0.0673535 0.0622296 0.0562817 0.0498198 0.0431146 0.0364176 0.0299617 0.0239452 0.0185155 0.0137696 0.00976822 0.00654511 0.00409832
 0.00902443 0.0144981 0.0215172 0.0299151 0.039353 0.0492045 0.0585059 0.0661587 0.0713184 0.0736719 0.0734122 0.0710102 0.0669988 0.0618619 0.055997 0.0497069 0.0432163 0.0367074 0.0303533 0.0243314 0.0188136 0.0139478 0.00984219 0.0065539 0.00407987
 0.00898777 0.0144405 0.0214347 0.0298067 0.0392224 0.0490617 0.0583675 0.0660446 0.0712448 0.0736422 0.0734123 0.0710118 0.0669718 0.0617919 0.0558983 0.0496225 0.0432003 0.0367966 0.0305456 0.0245846 0.0190667 0.0141502 0.00997255 0.0066194 0.00410256
 0.00894527 0.0143884 0.0213873 0.0297865 0.0392526 0.0491549 0.0585173 0.0662265 0.0714254 0.0737913 0.07351 0.0710482 0.0669425 0.0616961 0.0557423 0.0494262 0.0429986 0.0366315 0.0304493 0.0245646 0.019104 0.0142117 0.0100282 0.00665438 0.00411683
 0.00881781 0.0141936 0.0211186 0.0294494 0.0388674 0.0487572 0.0581564 0.0659568 0.0712914 0.0738114 0.0736696 0.0713062 0.0672473 0.0620005 0.0560123 0.0496439 0.0431634 0.0367569 0.0305564 0.0246714 0.0192166 0.0143228 0.0101247 0.00672606 0.00416186
 0.00869413 0.0140013 0.0208459 0.0290926 0.0384326 0.0482637 0.0576389 0.065466 0.0708873 0.0735508 0.0735907 0.0714177 0.0675254 0.0623961 0.0564646 0.0500967 0.0435759 0.0371094 0.0308472 0.0249097 0.0194132 0.0144843 0.0102524 0.00681972 0.00422382
 0.00866293 0.0139495 0.0207659 0.0289766 0.0382741 0.0480599 0.0573938 0.0651924 0.0706065 0.0732907 0.0733827 0.0712918 0.0675037 0.0624849 0.0566511 0.0503505 0.0438587 0.0373856 0.0310929 0.0251151 0.0195786 0.0146146 0.0103522 0.00689248 0.00427292
 0.0087042 0.0140057 0.0208303 0.0290355 0.0383098 0.0480557 0.0573387 0.0650832 0.0704477 0.0730942 0.0731666 0.0710801 0.0673235 0.0623622 0.056604 0.0503837 0.0439608 0.0375331 0.0312582 0.0252743 0.0197172 0.0147264 0.0104373 0.00695358 0.0043139
 0.00885581 0.0142169 0.0210826 0.0292889 0.0385131 0.0481632 0.0573251 0.0649485 0.0702129 0.0727924 0.0728355 0.0707559 0.0670374 0.0621383 0.0564582 0.0503226 0.043981 0.0376204 0.0313899 0.0254246 0.0198631 0.0148523 0.0105359 0.00702453 0.00436088
 0.00901499 0.014459 0.0214141 0.0297001 0.0389751 0.0486273 0.0577257 0.0652142 0.0702865 0.0726523 0.0725056 0.0702971 0.0665261 0.0616443 0.0560321 0.0499926 0.0437561 0.0374949 0.0313473 0.0254416 0.0199144 0.0149157 0.0105957 0.00707237 0.00439458
 0.00929631 0.0149285 0.0221402 0.0307456 0.0403737 0.0503497 0.0596525 0.0671371 0.0719502 0.0738208 0.0730229 0.0701195 0.06572 0.0603585 0.0544562 0.0483157 0.0421349 0.0360389 0.0301174 0.0244579 0.0191675 0.0143775 0.0102286 0.00683671 0.00425316
 0.00880312 0.0141779 0.0211104 0.0294632 0.0389204 0.0488649 0.0583248 0.0661752 0.0715275 0.0740124 0.0737726 0.0712578 0.0670253 0.0616276 0.055553 0.0491854 0.0427884 0.036523 0.0304854 0.0247511 0.0194088 0.0145754 0.0103844 0.00695122 0.00433047
 0.0085564 0.0137576 0.020445 0.0284814 0.0375769 0.047177 0.056405 0.0642351 0.0698389 0.0728392 0.0732993 0.0715413 0.0679839 0.0630692 0.0572331 0.0508741 0.0443206 0.0378156 0.0315244 0.0255623 0.0200305 0.0150422 0.0107236 0.00718565 0.004482
 0.0088798 0.0142582 0.0211469 0.0293775 0.0386161 0.0482535 0.0573598 0.0648828 0.0700261 0.0725087 0.0725243 0.0705043 0.0669091 0.0621442 0.056556 0.0504443 0.0440707 0.0376593 0.0313965 0.0254344 0.0199037 0.0149301 0.0106374 0.00712794 0.00444821
 0.00855193 0.0137758 0.0205159 0.0286394 0.0378391 0.0475156 0.0567298 0.064406 0.0697126 0.0723331 0.0724402 0.0704747 0.0669351 0.0622692 0.0568396 0.0509217 0.0447235 0.0384169 0.0321638 0.026127 0.0204711 0.0153586 0.0109392 0.00732771 0.00457241
 0.00883977 0.0141862 0.0210281 0.0292002 0.0383817 0.0479868 0.057109 0.0647017 0.0699401 0.0724888 0.0724907 0.0703685 0.0666316 0.0617697 0.0562015 0.0502447 0.0441139 0.0379488 0.0318586 0.02596 0.0203955 0.0153304 0.0109298 0.00732389 0.00457015
 0.00918114 0.0147062 0.0217428 0.0300938 0.0394025 0.0490478 0.0580948 0.0654881 0.0704283 0.0726377 0.0723264 0.0699605 0.0660538 0.0610749 0.0554234 0.0494181 0.0432901 0.0371916 0.0312241 0.0254766 0.0200587 0.0151124 0.0107962 0.00724488 0.00452485
 0.00977917 0.0156665 0.0231612 0.0320389 0.041887 0.0519902 0.061288 0.0686058 0.0730862 0.074491 0.0731574 0.0697215 0.0648553 0.0591349 0.0530032 0.0467694 0.0406255 0.0346779 0.028984 0.0235896 0.0185587 0.0139899 0.0100071 0.00672544 0.00420617
 0.00934023 0.0150559 0.0224364 0.0313269 0.0413609 0.0518242 0.0616102 0.0694643 0.0744303 0.0761689 0.0749363 0.0713352 0.06607 0.0598071 0.0531051 0.0463757 0.0398747 0.0337285 0.0279821 0.0226498 0.0177567 0.0133615 0.00955364 0.00642387 0.00402146
 0.00862605 0.0139014 0.0207207 0.0289688 0.0383677 0.0483519 0.058003 0.0662235 0.072094 0.0751464 0.0753807 0.0731109 0.0688152 0.06305 0.0563862 0.0493416 0.042323 0.0356027 0.0293316 0.0235774 0.0183752 0.0137671 0.00981711 0.00659236 0.00412573
 0.00839824 0.0135089 0.0200868 0.0280025 0.0369784 0.0464792 0.0556595 0.0635342 0.0693156 0.0726462 0.0735671 0.0723246 0.0692195 0.0645704 0.0587331 0.0521041 0.0450915 0.0380675 0.0313269 0.0250711 0.0194242 0.0144672 0.0102654 0.00686869 0.00428906
 0.00841046 0.0135936 0.0203281 0.0285023 0.0378084 0.0476155 0.0569357 0.0646572 0.0699535 0.0725551 0.0726955 0.0708463 0.0674797 0.0629673 0.0575824 0.051544 0.0450669 0.0383916 0.0317795 0.0254822 0.0197103 0.0146215 0.0103232 0.00687416 0.00427544
#obs surv len freq
 nan nan nan nan nan nan nan nan nan nan nan nan nan nan nan nan nan nan nan nan nan nan nan nan nan
 0.00449379 0.00735899 0.0111921 0.0160097 0.0217093 0.0279816 0.0342913 0.0400181 0.0446939 0.0481549 0.0505109 0.0520054 0.0528967 0.0534083 0.0537221 0.0539766 0.0542548 0.0545474 0.054686 0.0542779 0.0527161 0.0493488 0.0437994 0.0362806 0.0276655
 0.00461793 0.00756664 0.0115149 0.0164793 0.0223487 0.0287927 0.035243 0.0410443 0.0457042 0.0490546 0.0512197 0.0524689 0.05309 0.0533344 0.0534058 0.0534571 0.0535767 0.0537539 0.0538167 0.0533702 0.0518095 0.0484872 0.0430286 0.0356395 0.0271756
 0.00478071 0.00783116 0.0119132 0.017042 0.0231007 0.0297445 0.0363803 0.0423205 0.0470416 0.0503533 0.0523717 0.0533737 0.0536689 0.0535413 0.0532317 0.0529263 0.052738 0.0526699 0.0525558 0.0520041 0.0504145 0.0471446 0.0418192 0.0346298 0.0264025
 0.00496972 0.00814095 0.012384 0.0177126 0.0240007 0.0308823 0.0377315 0.0438244 0.0486102 0.0518872 0.0537725 0.0545489 0.0545337 0.0540233 0.0532797 0.0525196 0.0518917 0.0514333 0.0510067 0.0502426 0.0485584 0.0453229 0.0401588 0.0332343 0.02533
 0.00518008 0.00848512 0.0129061 0.0184557 0.0249984 0.0321467 0.0392393 0.0455118 0.0503807 0.0536292 0.0553766 0.0559177 0.0555844 0.054686 0.0534964 0.0522483 0.0511138 0.050164 0.0493036 0.0482085 0.046338 0.0430897 0.0380903 0.0314779 0.0239716
 0.00541255 0.00886411 0.0134786 0.0192663 0.0260815 0.0335134 0.0408639 0.0473264 0.0522844 0.055506 0.0571132 0.0574136 0.0567546 0.0554599 0.0538162 0.0520671 0.0503992 0.0489078 0.0475373 0.0460192 0.0438746 0.0405525 0.0356983 0.0294214 0.0223678
 0.00565358 0.0092597 0.0140809 0.020126 0.0272381 0.0349794 0.0426088 0.0492722 0.0543168 0.0574976 0.0589439 0.0589816 0.057978 0.0562739 0.0541683 0.0519134 0.0497046 0.0476536 0.0457376 0.0437431 0.041263 0.0378143 0.0330774 0.027141 0.0205732
 0.00588374 0.00963868 0.0146604 0.0209577 0.0283643 0.0364174 0.0443351 0.0512152 0.0563665 0.0595257 0.0608241 0.0606034 0.0592523 0.0571328 0.0545611 0.0518008 0.049055 0.0464465 0.0439786 0.0414878 0.0386393 0.0350261 0.0303756 0.0247649 0.0186867
 0.00614925 0.0100694 0.0153071 0.0218673 0.0295713 0.0379308 0.0461238 0.0532025 0.05844 0.0615571 0.0626896 0.0621956 0.0604848 0.0579406 0.0548975 0.0516327 0.0483581 0.0452062 0.0422011 0.0392228 0.0360046 0.0322162 0.0276378 0.0223423 0.0167517
 0.00636184 0.0104266 0.0158658 0.022687 0.0307012 0.0393892 0.0478789 0.0551679 0.0604897 0.0635536 0.0645077 0.0637338 0.0616665 0.0587094 0.055213 0.0514655 0.0476869 0.0440189 0.0405049 0.0370638 0.0334909 0.0295282 0.0250083 0.0200046 0.0148756
 0.00661894 0.0108389 0.0164766 0.0235344 0.0318135 0.0407759 0.0495189 0.057001 0.062419 0.0654581 0.0662606 0.0652195 0.0627934 0.0594156 0.0554633 0.0512431 0.0469842 0.0428355 0.0388543 0.034992 0.0310982 0.02698 0.0225189 0.0177904 0.0130956
 0.00684118 0.0112092 0.0170495 0.0243643 0.0329407 0.0422069 0.0512091 0.0588534 0.064305 0.0672481 0.0678459 0.0665193 0.0637485 0.0599824 0.055611 0.0509538 0.0462518 0.0416643 0.0372642 0.033031 0.0288604 0.0246153 0.0202193 0.0157496 0.011456
 0.0070499 0.0115506 0.0175676 0.0251025 0.033934 0.0434696 0.0527197 0.0605465 0.0660757 0.068969 0.06939 0.0677791 0.0646487 0.0604817 0.0556951 0.0506241 0.0455169 0.0405377 0.0357705 0.0312186 0.0268167 0.0224745 0.0181503 0.0139207 0.00999016
 0.00728882 0.0119419 0.0181614 0.0259452 0.0350577 0.0448751 0.0543612 0.0623292 0.0678715 0.0706439 0.0708267 0.0688881 0.0653707 0.0607858 0.0555763 0.0500978 0.0446109 0.0392865 0.0342146 0.0294137 0.024847 0.0204596 0.0162359 0.012249 0.0086616
 0.00746363 0.0122306 0.0186042 0.0265829 0.0359234 0.0459816 0.0556871 0.0638124 0.0694161 0.0721364 0.0721551 0.0699569 0.0661092 0.0611515 0.0555536 0.0496934 0.0438483 0.0382007 0.0328515 0.027834 0.0231331 0.0187196 0.0145948 0.0108247 0.00753523
 0.00757003 0.0124051 0.0188704 0.0269648 0.0364431 0.0466535 0.0565111 0.0647687 0.070465 0.0732213 0.0732076 0.0709021 0.0668732 0.0616697 0.0557782 0.0495983 0.0434297 0.0374756 0.0318562 0.0266241 0.0217863 0.0173342 0.0132801 0.00968118 0.00663047
 0.00762284 0.0124889 0.0189931 0.0271341 0.0366666 0.0469394 0.0568675 0.0652019 0.0709772 0.0738074 0.0738517 0.0715737 0.067526 0.0622448 0.0562112 0.04983 0.0434162 0.0371963 0.0313177 0.0258621 0.0208642 0.0163381 0.012307 0.00882001 0.00594205
 0.00766774 0.0125564 0.0190845 0.0272474 0.0367978 0.0470849 0.0570261 0.0653765 0.0711749 0.0740395 0.07413 0.0719054 0.067906 0.0626504 0.056601 0.0501485 0.0436045 0.0372052 0.0311198 0.025461 0.0202969 0.0156705 0.0116207 0.00819328 0.00543115
 0.00773459 0.0126526 0.0192062 0.0273828 0.0369305 0.0471993 0.0571122 0.0654326 0.071208 0.0740643 0.0741668 0.0719762 0.0680284 0.0628307 0.0568283 0.0503926 0.0438191 0.0373371 0.0311232 0.0253114 0.0200011 0.0152669 0.0111696 0.00775964 0.00506584
 0.0077899 0.0127407 0.0193344 0.0275545 0.0371421 0.0474365 0.057349 0.065635 0.0713448 0.0741189 0.0741445 0.0719024 0.0679393 0.0627608 0.0568007 0.0504119 0.0438692 0.0373845 0.0311268 0.0252361 0.0198314 0.0150145 0.0108697 0.00745843 0.00480402
 0.00782845 0.012799 0.0194141 0.0276548 0.0372604 0.0475694 0.0574918 0.0657804 0.0714805 0.0742284 0.0742115 0.0719171 0.0679043 0.0626928 0.0567243 0.0503502 0.0438337 0.0373698 0.0311119 0.0251935 0.0197397 0.0148688 0.0106851 0.00726292 0.00462704
 0.00784555 0.0128235 0.0194451 0.0276892 0.037294 0.0475986 0.0575151 0.0657991 0.0714986 0.0742507 0.0742405 0.0719513 0.0679379 0.0627187 0.0567394 0.0503573 0.0438397 0.0373789 0.0311204 0.0251895 0.0197087 0.0148027 0.0105879 0.00714994 0.00451793
 0.00789381 0.0128918 0.019529 0.027778 0.0373735 0.0476558 0.0575421 0.0657949 0.0714684 0.074204 0.0741892 0.0719061 0.0679064 0.062703 0.0567364 0.0503618 0.043847 0.0373862 0.031125 0.0251865 0.0196914 0.0147658 0.0105318 0.00708209 0.00444983
 0.00788996 0.0128919 0.0195403 0.0278096 0.0374321 0.0477397 0.0576383 0.0658813 0.0715223 0.0742125 0.0741538 0.0718416 0.0678331 0.0626385 0.0566912 0.050338 0.0438406 0.0373906 0.0311329 0.0251912 0.0196871 0.0147489 0.010502 0.00704343 0.00440915
 0.00789074 0.0128872 0.0195228 0.0277707 0.0373663 0.0476499 0.0575389 0.0657944 0.0714679 0.0741989 0.0741746 0.0718812 0.0678766 0.062679 0.0567299 0.0503799 0.043889 0.0374445 0.0311875 0.02524 0.019724 0.01477 0.0105069 0.00703546 0.00439381
 0.00791627 0.0129232 0.0195662 0.0278143 0.0373992 0.0476601 0.0575166 0.0657357 0.0713786 0.0740945 0.0740764 0.0718084 0.0678384 0.0626736 0.0567483 0.0504123 0.0439289 0.0374884 0.0312329 0.0252831 0.0197604 0.0147958 0.0105206 0.00703835 0.00438938
 0.00789679 0.0128951 0.0195304 0.0277735 0.0373562 0.0476163 0.0574702 0.0656826 0.071315 0.0740205 0.0739983 0.0717386 0.067792 0.0626623 0.0567759 0.0504738 0.0440134 0.0375833 0.0313275 0.0253697 0.0198336 0.0148525 0.0105599 0.00706174 0.00440059
 0.0079022 0.0128972 0.0195217 0.0277436 0.0372962 0.0475235 0.0573518 0.0655548 0.0711966 0.0739254 0.0739321 0.0717 0.0677777 0.062671 0.0568092 0.0505328 0.0440959 0.0376825 0.0314335 0.0254721 0.0199238 0.0149252 0.0106132 0.00709689 0.00442103
 0.00786864 0.012846 0.0194505 0.0276518 0.0371839 0.0473908 0.0571998 0.0653877 0.0710248 0.0737661 0.0738063 0.0716258 0.0677645 0.0627175 0.0569052 0.0506652 0.0442516 0.0378499 0.0316015 0.0256301 0.0200627 0.0150384 0.0106983 0.00715546 0.00445756
 0.00787047 0.0128408 0.019428 0.0275981 0.0370863 0.0472442 0.0570113 0.0651764 0.0708151 0.0735803 0.0736602 0.071529 0.0677228 0.0627333 0.056977 0.0507855 0.0444081 0.0380275 0.031785 0.0258058 0.0202195 0.0151685 0.0107982 0.00722582 0.00450276
 0.0078619 0.0128309 0.01942 0.0275958 0.0370906 0.0472497 0.0570051 0.0651412 0.070738 0.0734606 0.0735116 0.0713751 0.0675886 0.0626384 0.0569323 0.0507935 0.0444642 0.0381219 0.031904 0.0259345 0.0203439 0.0152778 0.0108857 0.0072897 0.00454507
 0.007789 0.0127157 0.0192535 0.0273737 0.0368167 0.0469387 0.0566836 0.0648443 0.0704992 0.0733013 0.0734362 0.0713754 0.0676518 0.0627539 0.057093 0.0509933 0.0446952 0.0383727 0.0321604 0.0261811 0.0205662 0.0154647 0.0110316 0.00739458 0.00461413
 0.00775413 0.0126521 0.0191454 0.0272031 0.0365686 0.0466098 0.0562893 0.0644204 0.0700952 0.0729679 0.0732127 0.071281 0.0676845 0.0628952 0.0573164 0.0512722 0.0450066 0.0386979 0.0324829 0.0264851 0.0208374 0.015692 0.0112089 0.00752252 0.00469878
 0.00775479 0.0126483 0.0191301 0.0271653 0.0364944 0.0464845 0.0561022 0.0641689 0.0697898 0.0726344 0.0728901 0.0710133 0.0675099 0.0628354 0.0573726 0.051428 0.0452355 0.0389705 0.0327725 0.0267688 0.0210968 0.0159134 0.0113846 0.00765105 0.00478494
 0.00934115 0.0148726 0.0218223 0.0299476 0.0388904 0.0480938 0.0567381 0.0638852 0.0688021 0.0712066 0.0712527 0.0693354 0.0659065 0.0613829 0.0561186 0.0503949 0.0444227 0.0383598 0.0323344 0.0264702 0.0209051 0.0157993 0.0113228 0.00762163 0.0047733
 0.00930796 0.0151148 0.0227091 0.0319392 0.0423387 0.052973 0.062473 0.0694437 0.0730605 0.0733903 0.07119 0.0674035 0.062765 0.0576922 0.0523766 0.0469066 0.041343 0.0357479 0.030195 0.0247772 0.0196149 0.0148579 0.0106703 0.00719576 0.00451397
 0.00899467 0.0146175 0.0220049 0.0310721 0.0414749 0.0524401 0.0627224 0.0708895 0.0758318 0.0771449 0.0751543 0.0706654 0.0646533 0.0580095 0.0513738 0.0450732 0.0391765 0.0336175 0.0283131 0.0232327 0.0184193 0.0139813 0.0100629 0.0068004 0.00427404
 0.00882802 0.0143395 0.0215738 0.030447 0.0406308 0.0513976 0.0615872 0.0698819 0.0752728 0.0773698 0.0763614 0.0727691 0.0672457 0.0604912 0.0531969 0.0459529 0.0391513 0.0329527 0.0273405 0.0222248 0.017541 0.0132992 0.00957887 0.00648347 0.00408229
 0.00872369 0.0141686 0.0213137 0.0300742 0.0401244 0.0507452 0.0607963 0.0689937 0.0743777 0.0766176 0.0759506 0.0728987 0.0680271 0.06186 0.0548906 0.0475927 0.0403941 0.0336236 0.0274681 0.0219774 0.0171228 0.0128704 0.00922738 0.00623518 0.00392644
 0.00871004 0.0141359 0.0212449 0.0299462 0.0399125 0.0504309 0.0603738 0.0684738 0.0737876 0.0760024 0.07538 0.072472 0.0678645 0.0620661 0.0554977 0.0485159 0.0414397 0.0345592 0.0281185 0.0222868 0.0171495 0.0127313 0.0090353 0.0060628 0.00380261
 0.00869689 0.0141184 0.0212248 0.0299252 0.0398888 0.0503945 0.0603053 0.0683474 0.073581 0.0757075 0.0750113 0.0720708 0.0674977 0.0618183 0.0554502 0.048715 0.0418646 0.0351155 0.0286696 0.0227116 0.0173896 0.0128011 0.0089949 0.00597876 0.00372115
 0.00868049 0.0140918 0.0211853 0.0298711 0.0398207 0.0503162 0.0602231 0.0682672 0.0735028 0.0756223 0.0749039 0.0719284 0.0673224 0.0616355 0.0553076 0.0486683 0.0419535 0.03534 0.0289825 0.0230356 0.0176514 0.0129621 0.00905889 0.00597751 0.0036914
 0.00867223 0.0140784 0.0211649 0.0298422 0.0397817 0.0502667 0.0601641 0.0682021 0.0734364 0.0755593 0.0748456 0.071871 0.0672589 0.0615611 0.0552285 0.0486051 0.0419363 0.0353935 0.0291098 0.0232117 0.0178335 0.0131098 0.00915158 0.00601813 0.00369743
 0.00865149 0.0140469 0.0211218 0.0297881 0.0397186 0.0501976 0.0600926 0.0681324 0.0733728 0.075506 0.0748055 0.0718451 0.0672452 0.0615552 0.0552261 0.0486063 0.0419484 0.0354292 0.0291794 0.0233144 0.0179539 0.0132246 0.0092408 0.00607375 0.00372368
 0.00863746 0.0140222 0.0210813 0.0297265 0.0396324 0.0500878 0.0599668 0.0680039 0.0732579 0.0754182 0.0747526 0.0718281 0.0672598 0.0615943 0.0552813 0.0486704 0.0420174 0.0355036 0.0292624 0.0234077 0.0180537 0.0133209 0.00932205 0.00613228 0.00375899
 0.00867284 0.0140759 0.0211548 0.0298174 0.0397344 0.05019 0.0600548 0.0680623 0.0732741 0.0753876 0.0746802 0.0717269 0.067146 0.0614823 0.0551811 0.0485873 0.0419536 0.0354599 0.0292397 0.0234057 0.01807 0.0133493 0.00935424 0.00616057 0.00377904
 0.00865258 0.0140494 0.0211266 0.0297957 0.0397282 0.0502054 0.0600916 0.0681132 0.0733272 0.0754296 0.0747012 0.0717227 0.0671187 0.0614395 0.0551325 0.048542 0.0419182 0.0354377 0.0292317 0.0234114 0.0180871 0.013374 0.00938132 0.00618506 0.00379767
 0.00862037 0.0139998 0.0210576 0.0297083 0.0396277 0.050102 0.0599999 0.0680497 0.0733046 0.0754519 0.0747608 0.0718034 0.0672022 0.0615113 0.0551863 0.0485786 0.041943 0.0354574 0.0292516 0.0234344 0.0181136 0.0134024 0.0094088 0.00620875 0.00381568
 0.00862628 0.0140061 0.0210608 0.0297035 0.0396094 0.0500671 0.0599498 0.0679908 0.0732476 0.0754087 0.0747408 0.07181 0.0672317 0.0615541 0.0552306 0.0486151 0.0419677 0.0354715 0.0292596 0.0234412 0.0181224 0.0134141 0.0094223 0.00622193 0.0038267
 0.00862628 0.0140061 0.0210608 0.0297035 0.0396094 0.0500671 0.0599498 0.0679908 0.0732476 0.0754087 0.0747408 0.07181 0.0672317 0.0615541 0.0552306 0.0486151 0.0419677 0.0354715 0.0292596 0.0234412 0.0181224 0.0134141 0.0094223 0.00622193 0.0038267
 0.00896532 0.0145428 0.0218387 0.0307452 0.0409036 0.0515515 0.0615009 0.0694334 0.0743919 0.0761025 0.0749104 0.071471 0.0664708 0.0604974 0.0540114 0.0473516 0.0407511 0.0343646 0.0283003 0.022648 0.017498 0.0129486 0.00909586 0.00600819 0.003697
 0.00841606 0.0137118 0.0207072 0.029347 0.0393274 0.0499365 0.0600266 0.068295 0.0737568 0.0760585 0.0754358 0.0724444 0.0677157 0.0618352 0.0553004 0.0485031 0.0417253 0.0351569 0.0289255 0.0231287 0.0178578 0.0132096 0.00927777 0.0061288 0.00377219
 0.00829794 0.0134551 0.0202056 0.0284727 0.037977 0.0480974 0.0578283 0.0660083 0.0717264 0.0746016 0.0747554 0.0725909 0.0685964 0.0632578 0.0570296 0.0503142 0.0434432 0.0366712 0.0301863 0.0241297 0.0186193 0.0137642 0.00966267 0.00638132 0.00392737
 0.0086729 0.0140487 0.0210607 0.0295966 0.0393139 0.0495023 0.0590642 0.0667928 0.0718298 0.0739524 0.0734851 0.0709877 0.0669937 0.0619207 0.0560922 0.0497792 0.0432247 0.0366512 0.0302588 0.0242233 0.0186984 0.0138187 0.00969558 0.00639957 0.00393699
 0.00834561 0.0135758 0.0204611 0.0289312 0.0386747 0.0489882 0.0587521 0.0667102 0.071937 0.0741449 0.0736309 0.0709893 0.0668423 0.0617054 0.055953 0.0498353 0.0435206 0.0371479 0.0308638 0.0248346 0.019238 0.0142464 0.0100046 0.00660473 0.00406258
 0.00861561 0.013964 0.0209526 0.029483 0.0392329 0.049512 0.0592293 0.0671523 0.0723548 0.0745203 0.0739024 0.0710645 0.0666369 0.06119 0.0551829 0.0489406 0.042659 0.0364464 0.0303804 0.0245576 0.0191129 0.0142099 0.0100073 0.00661807 0.00407435
 0.00860838 0.0139903 0.0210593 0.0297293 0.0396651 0.050131 0.0599702 0.0678982 0.0729828 0.0749517 0.0741227 0.0711026 0.0665235 0.0609326 0.0547742 0.0483892 0.0420138 0.035791 0.0298032 0.0241171 0.0188223 0.0140449 0.00992747 0.00658568 0.00406374
 0.0091287 0.0148084 0.0222373 0.0313025 0.0416305 0.0524307 0.0624725 0.070391 0.0751963 0.0766122 0.0750186 0.0711369 0.0657335 0.0594663 0.052839 0.0461976 0.0397521 0.0336126 0.0278313 0.0224418 0.0174917 0.0130603 0.00924977 0.00615215 0.00380627
 0.00877476 0.0143031 0.0216092 0.0306289 0.0410245 0.052016 0.0623581 0.0706517 0.0758574 0.0776336 0.0762865 0.0724751 0.0669404 0.0603669 0.0533301 0.0462665 0.0394637 0.0330776 0.0271734 0.0217725 0.016895 0.0125843 0.0089073 0.00592907 0.00367433
 0.00819235 0.0133311 0.0201094 0.0284828 0.0381911 0.0486068 0.0586887 0.0672168 0.0732088 0.0762134 0.076298 0.0738468 0.069376 0.0634437 0.0566038 0.0493607 0.0421256 0.0351938 0.0287472 0.0228814 0.0176453 0.0130784 0.00922687 0.00613191 0.00379912
 0.00822939 0.0133271 0.0199808 0.0281026 0.0374096 0.0472946 0.056791 0.0648015 0.0704924 0.073548 0.0741084 0.0725225 0.0691547 0.0643369 0.058401 0.0517052 0.0446257 0.0375222 0.0306986 0.0243798 0.0187143 0.0137957 0.0096844 0.00641116 0.00396227
 0.00884229 0.0143123 0.0214329 0.0300755 0.0398728 0.0500812 0.0595668 0.0670993 0.0718311 0.0735961 0.0728126 0.0701375 0.0661635 0.0612983 0.0557856 0.0497804 0.0434269 0.0369075 0.0304497 0.0242965 0.0186674 0.0137325 0.00960349 0.00633049 0.00389737
#pred catch len freq
 0.00461356 0.00726216 0.0105197 0.0142802 0.0184824 0.0230986 0.0280619 0.0332174 0.0383452 0.0432168 0.047636 0.0514576 0.0545989 0.0570375 0.0587903 0.0598855 0.0603434 0.0601607 0.0592779 0.0575266 0.0545999 0.0501272 0.0438911 0.0360946 0.027475
 0.00489289 0.00762133 0.0108888 0.014546 0.0185323 0.0228837 0.0276374 0.0327275 0.0379529 0.0430204 0.0476232 0.0515234 0.0546104 0.0569064 0.0585188 0.059567 0.0601188 0.06015 0.059518 0.0579471 0.0550534 0.0504603 0.044015 0.0360154 0.0272699
 0.00516004 0.00804603 0.0115033 0.0153565 0.0194979 0.0238982 0.0285332 0.0333193 0.0381164 0.0427595 0.0470723 0.0508728 0.0540036 0.0563836 0.0580378 0.0590749 0.0596146 0.0596925 0.0591815 0.0577621 0.0549791 0.0504077 0.0439025 0.0358143 0.0270103
 0.00545704 0.00850626 0.0121563 0.0162209 0.0205843 0.0252075 0.0300394 0.0349413 0.0396965 0.0440783 0.0479118 0.0511026 0.0536368 0.0555594 0.0569426 0.057862 0.0583747 0.0584764 0.0580312 0.0567167 0.0540584 0.0496027 0.0431896 0.0351809 0.0264663
 0.0058129 0.00905252 0.0129197 0.0172086 0.0217899 0.0266183 0.031638 0.0366982 0.041555 0.0459364 0.0496103 0.0524358 0.0543996 0.0556168 0.0562839 0.0566018 0.0567003 0.0565808 0.0560714 0.0548055 0.0522738 0.0479977 0.0417995 0.0340289 0.0255643
 0.00616917 0.0096072 0.0137097 0.0182545 0.0230966 0.0281756 0.0334173 0.038648 0.0436015 0.0479871 0.051555 0.0541423 0.0557104 0.0563633 0.0563239 0.055869 0.0552376 0.0545342 0.0536481 0.0522231 0.0497249 0.0456365 0.0397401 0.0323438 0.0242812
 0.00649133 0.0101118 0.014435 0.0192276 0.0243345 0.0296848 0.0351875 0.0406424 0.0457505 0.0501898 0.0536871 0.0560672 0.0572875 0.0574528 0.0567931 0.0556085 0.0541919 0.0527339 0.0512232 0.0493866 0.0467328 0.0427424 0.0371562 0.0302142 0.0226673
 0.00680397 0.0106 0.015134 0.0201611 0.0255168 0.0311222 0.0368742 0.0425522 0.0478298 0.0523557 0.0558298 0.058057 0.0589853 0.0587204 0.0575014 0.0556452 0.0534752 0.0512357 0.048998 0.0465887 0.0436069 0.0395827 0.0342477 0.0277731 0.0208028
