SBPRF35
7.78865
Curr Bio
542608
B35
679611
F35
0.226602
FOFL
0.196418
OFL
88399.3
Bzero
2.22533e+006
#pred survey bio
 4.59137e+006 4.30281e+006 4.03773e+006 3.73679e+006 3.41504e+006 3.07532e+006 2.7588e+006 2.43848e+006 2.13658e+006 1.88402e+006 1.64779e+006 1.49486e+006 1.3225e+006 1.17531e+006 1.02953e+006 914477 821068 758391 711746 674583 645211 617650 586849 579990 579133 580294 572143 567738 565658 570854 568356 562731 564308 560321 552446 543649 534703 529156 535384 544483 542706 556695 557758 553505 563868 567207 572361 576633 587753 584244 589074 564918 537781 507185 500208 493353 508628 494534 504315 519062 543454 2.07981e+007 1.28812e+007 1.33303e+007 1.39521e+007 1.46409e+007 1.52899e+007 1.58453e+007 1.62922e+007 1.66375e+007 1.68971e+007 1.70891e+007 1.72298e+007 1.73324e+007 1.74072e+007 1.74618e+007 1.7502e+007 1.75316e+007 1.75536e+007 1.757e+007 1.75823e+007 1.75916e+007 1.75986e+007 1.7604e+007 1.7608e+007 1.76112e+007 1.76136e+007 1.76154e+007 1.76168e+007 1.76179e+007 1.76187e+007 1.76194e+007 1.76198e+007 1.76202e+007 1.76205e+007 1.76208e+007 1.76209e+007 1.76211e+007 1.76212e+007 1.76213e+007 1.76213e+007 1.76214e+007 1.76214e+007 1.76214e+007 1.76215e+007 1.76215e+007 1.76215e+007 1.76215e+007 1.76215e+007 1.76215e+007 1.76215e+007 1.76215e+007 1.76215e+007 1.76215e+007 1.76215e+007 1.76215e+007 1.76215e+007 1.76215e+007 1.76215e+007 1.76215e+007 1.76215e+007 1.76215e+007 1.76215e+007 1.76215e+007 1.76215e+007 1.76215e+007 1.76215e+007 1.76215e+007 1.76215e+007 1.76215e+007 1.76215e+007 1.76215e+007 1.76215e+007 1.76215e+007 1.76215e+007 1.76215e+007 1.76215e+007 1.76215e+007 1.76215e+007 1.76215e+007 1.76215e+007 1.76215e+007 1.76215e+007 1.76215e+007 1.76215e+007 1.76215e+007 1.76215e+007 1.76215e+007 1.76215e+007 1.76215e+007 1.76215e+007 1.76215e+007 1.76215e+007 1.76215e+007 1.76215e+007 1.76215e+007 1.76215e+007 1.76215e+007 1.76215e+007 1.76215e+007 1.76215e+007 0 0 0 0 0 0 0 0 0 0 0 0 0 0 0 0 0 0 0 0 0 0 0 0 0
#obs survey bio
 3.73868e+006 3.89347e+006 4.0605e+006 3.81248e+006 2.53884e+006 2.68338e+006 2.7593e+006 2.45567e+006 1.60569e+006 1.40701e+006 1.36954e+006 1.42586e+006 1.179e+006 822203 973185 682982 864627 586148 689418 500474 681763 567037 764256 568328 519033 401157 458035 685907 444276 460305 459141 619882 518470 580283 706371 563694 640177 584191 651590 541893 465574 597566 763447 591410 421188 622014 584297 715362 528704 609393 608441 758127 546445 510035 509514 630784 516578 670861 534561 574115 634107
#pred catch bio
 98141.2 95436 154365 203728 253634 266562 302369 315254 296512 302794 244276 271387 254168 253919 225685 204470 175518 159564 148540 138341 132912 131587 108724 103083 101671 109494 105196 101894 95345.7 101486 102452 93861 95419.3 94420.4 90791.1 89349.6 89271.1 83617.8 83841.3 93513.6 80503.4 91854.7 96182 84553.6 91581.1 90500.4 91808.9 86937 99588.8 92101.4 115530 116569 118459 98088.8 98041.4 80530.6 106681 88598.3 88556.8 85557.1 68777.7 88399.3 103439 106027 109822 114535 119086 122917 125894 128088 129642 130713 131434 131911 132223 132424 132553 132635 132687 132720 132740 132753 132761 132766 132769 132771 132772 132773 132773 132774 132774 132774 132774 132774 132774 132774 132774 132774 132774 132774 132774 132774 132774 132774 132774 132774 132774 132774 132774 132774 132774 132774 132774 132774 132774 132774 132774 132774 132774 132774 132774 132774 132774 132774 132774 132774 132774 132774 132774 132774 132774 132774 132774 132774 132774 132774 132774 132774 132774 132774 132774 132774 132774 132774 132774 132774 132774 132774 132774 132774 132774 132774 132774 132774 132774 132774 132774 132774 132774 132774 132774 0 0 0 0 0 0 0 0 0 0 0 0 0 0 0 0 0 0 0 0 0 0 0 0 0
#obs catch bio
 0 95133.2 154958 204685 256144 268747 306837 320257 301741 311257 249611 278892 260231 260574 229711 208484 177460 162037 150880 140370 134346 133282 109296 103903 102380 111088 106827 102586 96084.7 102665 104148 94691.4 96339 95003.2 90800.1 89236.9 89233.2 83468.3 83384.2 93001.1 79804.4 91290.9 95444.9 83935.1 91481 90172 91307.3 86479.2 99365.9 91540.3 114775 115429 117725 97133.4 97435 79539.7 106202 87934.5 88188.5 85641.9 68614.8
#pred cpue bio
 4.50876e+006 4.22367e+006 3.96083e+006 3.66102e+006 3.34121e+006 3.00361e+006 2.68891e+006 2.37085e+006 2.07129e+006 1.82051e+006 1.58645e+006 1.43497e+006 1.26547e+006 1.12121e+006 978868 866758 775962 715115 670019 634499 606740 580747 551483 545078 544247 545192 537254 533355 531742 536818 534506 529590 531958 529069 522585 514979 505816 498629 503413 512288 510983 524642 525703 521484 531252 534364 539380 543438 554084 550752 555619 532295 505656 475635 468715 462169 476754 462643 471258 484580 507193 1.9464e+007 1.20842e+007 1.24806e+007 1.30244e+007 1.36838e+007 1.43259e+007 1.488e+007 1.53267e+007 1.56719e+007 1.59315e+007 1.61235e+007 1.62642e+007 1.63668e+007 1.64416e+007 1.64962e+007 1.65364e+007 1.6566e+007 1.6588e+007 1.66044e+007 1.66167e+007 1.6626e+007 1.6633e+007 1.66384e+007 1.66425e+007 1.66456e+007 1.6648e+007 1.66498e+007 1.66512e+007 1.66523e+007 1.66531e+007 1.66538e+007 1.66543e+007 1.66546e+007 1.66549e+007 1.66552e+007 1.66553e+007 1.66555e+007 1.66556e+007 1.66557e+007 1.66557e+007 1.66558e+007 1.66558e+007 1.66559e+007 1.66559e+007 1.66559e+007 1.66559e+007 1.66559e+007 1.66559e+007 1.66559e+007 1.66559e+007 1.66559e+007 1.66559e+007 1.66559e+007 1.6656e+007 1.6656e+007 1.6656e+007 1.6656e+007 1.6656e+007 1.6656e+007 1.6656e+007 1.6656e+007 1.6656e+007 1.6656e+007 1.6656e+007 1.6656e+007 1.6656e+007 1.6656e+007 1.6656e+007 1.6656e+007 1.6656e+007 1.6656e+007 1.6656e+007 1.6656e+007 1.6656e+007 1.6656e+007 1.6656e+007 1.6656e+007 1.6656e+007 1.6656e+007 1.6656e+007 1.6656e+007 1.6656e+007 1.6656e+007 1.6656e+007 1.6656e+007 1.6656e+007 1.6656e+007 1.6656e+007 1.6656e+007 1.6656e+007 1.6656e+007 1.6656e+007 1.6656e+007 1.6656e+007 1.6656e+007 1.6656e+007 1.6656e+007 1.6656e+007 1.6656e+007 1.6656e+007 0 0 0 0 0 0 0 0 0 0 0 0 0 0 0 0 0 0 0 0 0 0 0 0 0
#obs cpue bio
 2.9898e+006 3.74836e+006 2.5264e+006 2.68191e+006 2.47235e+006 3.67425e+006 1.58718e+006 2.22719e+006 1.74768e+006 1.19097e+006 1.26169e+006 1.35822e+006 1.2267e+006 1.26151e+006 1.14411e+006 825209 855585 570082 538780 699807 601105 525687 467953 416114 551790 463284 465895 690311 483155 495940 399805 588013 519038 600539 605247 558707 429391 481375 577868 665688 673164 516408 499046 452284 529736 590526 695639 406996 631141 577793 734628 489284 488600 602696 487861 497721 423132 364430 419752 332439 431155
#pred surv len freq
 0.00455604 0.0073975 0.0111392 0.0157774 0.0212289 0.0272591 0.0334435 0.0392586 0.0442665 0.0482527 0.0512274 0.0533379 0.0547781 0.0557291 0.0563207 0.0566101 0.0565846 0.0561748 0.055252 0.0535966 0.0508781 0.0467251 0.0409233 0.0336596 0.0256233
 0.00491763 0.00789616 0.0117295 0.0163738 0.0217457 0.0276638 0.0337858 0.0396447 0.0447865 0.048904 0.0518896 0.0538163 0.0548924 0.0553967 0.0555942 0.0556574 0.0556236 0.0553911 0.0547322 0.0533061 0.0506957 0.0465159 0.0406092 0.0332482 0.0251838
 0.00505027 0.00815914 0.0122061 0.0171532 0.0228812 0.0291202 0.0354135 0.0412151 0.0460837 0.0498164 0.0524315 0.0540669 0.0549042 0.0551512 0.0550342 0.0547608 0.0544558 0.0540962 0.0534704 0.0521843 0.0497353 0.0456757 0.0398401 0.0325369 0.0245574
 0.00522786 0.00843323 0.0125967 0.017683 0.023587 0.0300592 0.0366486 0.0427725 0.0479013 0.0517204 0.0541734 0.0554087 0.0556992 0.0553658 0.0547094 0.0539621 0.053256 0.0525904 0.0517867 0.0504642 0.0480969 0.0441908 0.0385419 0.0314428 0.0236823
 0.00546039 0.00880419 0.0131412 0.0184276 0.0245446 0.0312239 0.0379942 0.0442594 0.049488 0.053365 0.0558144 0.0569379 0.056957 0.0561765 0.0549378 0.0535538 0.052242 0.0510666 0.0498919 0.048362 0.0459564 0.0421639 0.0367461 0.0299533 0.022532
 0.00573175 0.00923958 0.013786 0.0193211 0.0257136 0.0326721 0.0396893 0.0461276 0.0514228 0.0552499 0.0575454 0.058433 0.0581467 0.0569843 0.0552711 0.053319 0.0513786 0.0495804 0.047869 0.0459601 0.0433798 0.0396301 0.0344501 0.0280363 0.0210623
 0.00596577 0.00962246 0.0143673 0.02015 0.026831 0.0340978 0.0414062 0.048073 0.0534929 0.057315 0.0594702 0.0600944 0.059446 0.0578495 0.0556477 0.0531574 0.0506322 0.048224 0.0459299 0.043544 0.040673 0.0368728 0.0318872 0.0258636 0.0193868
 0.00628219 0.0101222 0.0150934 0.0211357 0.0280986 0.0356535 0.0432316 0.0501153 0.0556622 0.0594909 0.0615146 0.0618684 0.0608269 0.0587432 0.0559928 0.0529186 0.0497905 0.0467753 0.0438999 0.0410157 0.0378083 0.0339064 0.0290843 0.0234557 0.0175137
 0.00664607 0.010702 0.015944 0.0222999 0.0295996 0.0374836 0.0453395 0.0524034 0.0579996 0.061737 0.0635392 0.0635605 0.0620944 0.0595121 0.0562081 0.0525451 0.048812 0.0451955 0.0417515 0.0383798 0.0348359 0.0308211 0.0261503 0.0209157 0.0155242
 0.00691106 0.0111393 0.0166143 0.0232646 0.0309091 0.0391585 0.0473503 0.054661 0.0603651 0.0640466 0.0656326 0.0653015 0.0633823 0.060282 0.0564235 0.0521882 0.047877 0.0436894 0.0397054 0.0358688 0.031999 0.0278654 0.0233249 0.0184551 0.0135852
 0.00718789 0.0115855 0.0172798 0.0241966 0.0321473 0.0407249 0.0492343 0.056806 0.062665 0.0663546 0.0677795 0.0671208 0.0647348 0.0610744 0.0566122 0.05177 0.0468734 0.0421355 0.0376517 0.0333967 0.0292411 0.025013 0.0206071 0.0160893 0.0117188
 0.00727109 0.0117309 0.0175185 0.0245668 0.0326897 0.0414744 0.0502105 0.0580063 0.0640631 0.0679 0.0693964 0.0687072 0.0661678 0.0622236 0.0573606 0.052031 0.0466004 0.041322 0.0363295 0.0316386 0.0271682 0.0227961 0.0184486 0.0141818 0.010197
 0.0074558 0.0120313 0.017971 0.0252065 0.0335444 0.0425556 0.0515019 0.0594582 0.0655966 0.0694204 0.070809 0.0699291 0.0671322 0.0628779 0.0576609 0.0519392 0.0460874 0.040376 0.034967 0.0299161 0.0251903 0.0207143 0.0164421 0.01242 0.00879682
 0.00759576 0.0122639 0.018331 0.0257301 0.0342637 0.0434876 0.0526368 0.0607526 0.0669768 0.070794 0.0720791 0.0710073 0.067949 0.0633876 0.0578396 0.0517774 0.045582 0.0395286 0.0337915 0.0284529 0.0235194 0.018958 0.0147489 0.0109326 0.00761388
 0.00785093 0.0126645 0.0189077 0.0265034 0.0352418 0.044663 0.0539796 0.0622046 0.0684518 0.0721875 0.0732835 0.0719284 0.0685204 0.0635784 0.0576534 0.0512427 0.0447389 0.0384182 0.0324544 0.026937 0.0218931 0.0173171 0.0132088 0.00960268 0.00656818
 0.00804493 0.0129778 0.0193751 0.0271545 0.0360945 0.0457132 0.0551915 0.0635092 0.069758 0.0733996 0.0743163 0.0727143 0.0690104 0.0637431 0.0574849 0.0507553 0.0439652 0.0374029 0.0312483 0.0255967 0.0204859 0.0159244 0.0119212 0.00850302 0.00571005
 0.00830586 0.0133751 0.0199236 0.0278522 0.0369267 0.0466583 0.0562219 0.064587 0.0708301 0.0743987 0.0751685 0.0733515 0.0693823 0.0638236 0.0572716 0.0502652 0.0432294 0.0364624 0.0301518 0.0244005 0.0192542 0.0147291 0.0108354 0.00758948 0.00500542
 0.00839365 0.0135279 0.020171 0.0282253 0.0374473 0.0473253 0.0570014 0.0654164 0.0716365 0.0751216 0.0757715 0.0738173 0.0696997 0.0639779 0.0572453 0.0500451 0.0428138 0.0358651 0.0294025 0.0235429 0.0183443 0.0138307 0.0100127 0.0068951 0.00446974
 0.00838782 0.0135254 0.0201814 0.0282652 0.0375403 0.0474995 0.0572828 0.0658187 0.072151 0.0757113 0.0763773 0.0743739 0.0701531 0.0642953 0.0574117 0.0500552 0.0426665 0.0355643 0.028962 0.0229906 0.0177228 0.0131934 0.00941497 0.00638356 0.00407208
 0.00838376 0.0135158 0.0201622 0.0282323 0.0374933 0.0474459 0.0572418 0.0658204 0.0722294 0.0758929 0.0766687 0.0747557 0.0705815 0.0647133 0.0577642 0.0503002 0.0427794 0.0355367 0.028799 0.0227107 0.0173578 0.012786 0.00901238 0.0060273 0.00378916
 0.00838737 0.0135174 0.0201567 0.0282117 0.0374489 0.0473711 0.0571363 0.0656937 0.0721025 0.0757971 0.0766396 0.0748227 0.0707562 0.0649818 0.0580879 0.0506261 0.043054 0.0357187 0.0288664 0.0226624 0.0172116 0.0125742 0.00877434 0.0058005 0.00360058
 0.00842888 0.0135781 0.0202351 0.0283012 0.0375384 0.047447 0.0571845 0.0657021 0.0720647 0.075716 0.0765307 0.0747125 0.0706766 0.0649598 0.0581355 0.0507339 0.0431933 0.0358502 0.0289534 0.0226815 0.0171585 0.0124628 0.00863044 0.00565283 0.00347214
 0.00865414 0.0139085 0.0206652 0.0288023 0.0380646 0.0479478 0.0576145 0.0660246 0.0722526 0.0757533 0.0764161 0.0744626 0.0703258 0.0645555 0.0577285 0.0503668 0.04289 0.0356125 0.0287654 0.0225199 0.0170043 0.0123082 0.00847962 0.0055165 0.00336079
 0.00875823 0.0140622 0.0208669 0.0290371 0.0383057 0.0481594 0.057758 0.0660675 0.0721799 0.0755763 0.076171 0.0741986 0.0700874 0.0643705 0.0576066 0.0503049 0.0428787 0.0356382 0.0288105 0.0225652 0.0170328 0.0123108 0.0084572 0.00547811 0.0033183
 0.00883915 0.0141844 0.0210326 0.0292412 0.0385347 0.0483925 0.0579676 0.0662218 0.0722483 0.0755388 0.0760268 0.0739692 0.0698125 0.0640966 0.0573733 0.0501357 0.0427786 0.0355978 0.028812 0.0225882 0.0170588 0.0123268 0.008458 0.00546573 0.00329903
 0.00874085 0.0140559 0.0208969 0.0291377 0.0385075 0.0484711 0.0581515 0.0664787 0.0725253 0.0757804 0.0761901 0.0740323 0.0697764 0.0639823 0.0572153 0.0499718 0.0426398 0.0355013 0.0287599 0.0225708 0.0170612 0.0123349 0.00846259 0.0054636 0.00329161
 0.00859155 0.0138408 0.020626 0.0288424 0.0382369 0.0482831 0.0581008 0.0666017 0.0728258 0.0762196 0.0766909 0.0745003 0.0701301 0.0641767 0.0572497 0.0498812 0.0424764 0.0353166 0.0285918 0.0224388 0.0169684 0.0122743 0.00842391 0.00543816 0.00327401
 0.00863862 0.0138781 0.0206115 0.0287177 0.0379497 0.0478186 0.0575056 0.0659822 0.0723159 0.0759337 0.0766853 0.0747588 0.0705759 0.0647025 0.0577527 0.0502906 0.0427649 0.0354938 0.0286881 0.0224875 0.0169945 0.0122913 0.00843653 0.00544693 0.00327893
 0.00873992 0.01403 0.0208133 0.0289532 0.038182 0.0479896 0.0575441 0.065826 0.071944 0.0753928 0.0760872 0.0742434 0.070256 0.0646227 0.0578819 0.0505476 0.0430586 0.0357558 0.0288856 0.0226187 0.0170744 0.0123381 0.00846388 0.00546306 0.00328813
 0.00862287 0.0138699 0.0206281 0.0287772 0.038055 0.0479384 0.0575669 0.0658882 0.0719885 0.075362 0.0759497 0.0740135 0.0699949 0.0644163 0.0578036 0.0506267 0.0432712 0.0360423 0.0291805 0.0228744 0.0172699 0.0124738 0.00855141 0.00551617 0.00331852
 0.0084066 0.0135546 0.0202222 0.0283161 0.0375955 0.0475476 0.0573079 0.0658059 0.0720949 0.0756256 0.0762985 0.0743574 0.0702601 0.0645736 0.0578756 0.050668 0.0433361 0.0361581 0.0293407 0.0230511 0.0174325 0.0126031 0.00864235 0.00557382 0.00335189
 0.0082795 0.0133439 0.0199 0.0278596 0.0369996 0.0468404 0.0565615 0.0651293 0.0716067 0.0754143 0.0763922 0.0747155 0.0707905 0.0651662 0.0584376 0.0511483 0.0437277 0.036482 0.0296219 0.0233022 0.0176517 0.012782 0.00877592 0.00566417 0.00340719
 0.0080775 0.0130318 0.0194599 0.027284 0.0362908 0.0460105 0.0556384 0.0641668 0.0706906 0.0746574 0.075912 0.0746007 0.0710685 0.0657895 0.0592978 0.052112 0.0446767 0.0373381 0.03035 0.0238974 0.0181225 0.0131401 0.00903404 0.00583787 0.00351493
 0.00782773 0.0126536 0.0189428 0.0266371 0.0355399 0.0451925 0.0547968 0.0633492 0.0699465 0.0740356 0.0754608 0.0743686 0.0710996 0.0661092 0.0598944 0.0529275 0.0456166 0.0382965 0.0312378 0.024658 0.018733 0.0136023 0.00936387 0.00605838 0.00365175
 0.00785875 0.0126583 0.0188667 0.0264055 0.0350813 0.0444746 0.0538543 0.0622835 0.0688945 0.0731261 0.0747823 0.0739629 0.0709746 0.0662556 0.0602937 0.0535482 0.0464062 0.0391806 0.0321306 0.0254807 0.0194299 0.0141481 0.00976025 0.00632519 0.00381765
 0.0085786 0.0136801 0.0201264 0.0277415 0.0362694 0.0452908 0.0541354 0.0619622 0.0680092 0.0718106 0.0732383 0.0724127 0.0696096 0.0652 0.059598 0.0532047 0.0463701 0.0393848 0.0324947 0.0259207 0.0198705 0.0145341 0.0100628 0.00653945 0.00395536
 0.00917692 0.0146418 0.0215438 0.0296675 0.0386764 0.0480228 0.0568826 0.0642996 0.069511 0.0721944 0.0724609 0.0706692 0.0672483 0.0626072 0.0571037 0.0510332 0.0446333 0.0381027 0.0316249 0.0253858 0.0195806 0.0144035 0.0100218 0.00653967 0.00396852
 0.00902887 0.0145104 0.0215497 0.029994 0.0395253 0.0495382 0.0590722 0.0669924 0.0723678 0.0747726 0.0743183 0.0714834 0.0669096 0.0612459 0.0550348 0.0486466 0.0422833 0.0360377 0.0299698 0.0241617 0.0187406 0.0138677 0.00970433 0.00636509 0.00387957
 0.00866855 0.0139564 0.0207834 0.0290409 0.0384756 0.0485621 0.0584149 0.0669248 0.0730907 0.0763111 0.0764668 0.0738443 0.0690159 0.0627119 0.0556692 0.0484855 0.0415388 0.0349984 0.0289004 0.0232412 0.0180482 0.013404 0.00942561 0.0062145 0.00380664
 0.0085376 0.0137212 0.0203892 0.0284269 0.0375948 0.0474143 0.0570803 0.065579 0.0719862 0.0757199 0.0765972 0.0747565 0.0705745 0.0646082 0.0575165 0.0499494 0.0424409 0.0353451 0.0288361 0.0229614 0.0177213 0.0131314 0.00924211 0.00611148 0.00375847
 0.00863642 0.0138629 0.0205646 0.0286082 0.0377339 0.047446 0.0569331 0.0651976 0.0713637 0.0749284 0.0757937 0.0741483 0.0703483 0.0648503 0.0581667 0.0508175 0.0432837 0.0359642 0.029145 0.0229919 0.0175769 0.0129259 0.00905539 0.0059782 0.00367923
 0.00854311 0.0137255 0.0203839 0.0283924 0.0374939 0.0471879 0.0566522 0.0648785 0.0709872 0.0744852 0.0753031 0.0736722 0.06999 0.0647278 0.0583643 0.0513386 0.0440339 0.0367829 0.0298695 0.0235187 0.0178861 0.0130625 0.00908931 0.00596917 0.00366223
 0.00859364 0.013798 0.0204753 0.0284949 0.0375979 0.047286 0.0567404 0.064952 0.0710326 0.0744762 0.0752051 0.0734594 0.0696674 0.064345 0.0580087 0.0511048 0.0439815 0.036907 0.0301046 0.0237729 0.0180854 0.0131765 0.00912862 0.00596424 0.00364188
 0.00873723 0.0140151 0.020771 0.0288615 0.0380152 0.0477236 0.0571606 0.0653133 0.0712967 0.0746143 0.0752012 0.0733091 0.0693761 0.063932 0.0575145 0.0505924 0.043524 0.0365632 0.0298959 0.0236783 0.0180583 0.0131708 0.00911754 0.00594242 0.00361594
 0.00861597 0.0138467 0.0205705 0.0286602 0.0378512 0.047627 0.0571418 0.0653622 0.0713907 0.0747302 0.0753221 0.0734239 0.0694758 0.0640064 0.0575543 0.050596 0.0435036 0.0365426 0.0298991 0.0237164 0.0181236 0.0132436 0.00917848 0.00598209 0.00363563
 0.00858894 0.0137973 0.0204878 0.0285349 0.0376833 0.0474339 0.0569618 0.0652449 0.0713772 0.0748319 0.0755141 0.0736566 0.0696962 0.0641768 0.0576582 0.0506352 0.043492 0.0365012 0.029851 0.0236809 0.0181097 0.0132489 0.0091937 0.00599746 0.00364588
 0.00863395 0.0138556 0.0205474 0.0285744 0.037676 0.047357 0.056806 0.0650217 0.0711209 0.0745937 0.075347 0.0735967 0.0697489 0.0643151 0.057837 0.0508098 0.0436329 0.0365985 0.0299108 0.0237168 0.0181352 0.013272 0.00921588 0.00601675 0.00366004
 0.00862919 0.0138582 0.0205696 0.0286307 0.0377762 0.047496 0.0569576 0.0651432 0.0711686 0.0745432 0.0752062 0.073404 0.069557 0.0641703 0.0577616 0.0507989 0.0436628 0.0366417 0.0299478 0.0237404 0.0181478 0.0132791 0.00922181 0.00602271 0.00366543
 0.00848877 0.0136491 0.0202915 0.0282983 0.0374181 0.0471499 0.0566644 0.0649387 0.0710734 0.0745544 0.0752987 0.0735431 0.0697153 0.0643377 0.0579432 0.0510027 0.0438881 0.0368753 0.0301697 0.0239328 0.0183009 0.0133925 0.0093008 0.00607483 0.00369789
 0.00845868 0.0136034 0.020229 0.0282214 0.0373332 0.0470682 0.0566013 0.0649113 0.0710948 0.0746274 0.0754114 0.0736698 0.0698251 0.0644064 0.0579628 0.0509835 0.0438516 0.0368425 0.0301524 0.0239318 0.0183102 0.013405 0.0093121 0.00608327 0.00370355
 0.00844009 0.0135616 0.0201453 0.0280725 0.0370991 0.0467434 0.0562047 0.0644876 0.0707053 0.0743335 0.0752584 0.0736759 0.0699782 0.0646689 0.0582842 0.0513155 0.0441598 0.0371107 0.0303779 0.0241177 0.0184601 0.0135213 0.0093972 0.00614121 0.00373991
 0.00867954 0.0139356 0.0206776 0.0287697 0.0379429 0.0476834 0.0571539 0.0653313 0.0713262 0.0746459 0.0752327 0.0733426 0.0694112 0.0639598 0.0575192 0.0505609 0.0434594 0.0364897 0.0298496 0.0236875 0.0181268 0.0132772 0.00922921 0.00603309 0.00367518
 0.00880706 0.014158 0.0210395 0.0293197 0.0387198 0.0486941 0.058353 0.0666139 0.0725432 0.0756355 0.0758579 0.0735224 0.0691369 0.0632935 0.0565734 0.0494678 0.0423407 0.0354385 0.0289252 0.0229194 0.0175222 0.0128272 0.00891416 0.00582699 0.00355005
 0.00892682 0.014353 0.0213346 0.0297414 0.0392946 0.0494431 0.0592813 0.0676969 0.073715 0.0767868 0.0768481 0.0742072 0.0694054 0.0630994 0.0559478 0.0485089 0.0411855 0.0342287 0.0277793 0.0219186 0.016708 0.012208 0.00847406 0.00553579 0.00337167
 0.00889694 0.014298 0.0212415 0.0295978 0.0390971 0.0492083 0.0590539 0.0675474 0.0737235 0.0770156 0.0773143 0.0748666 0.0701556 0.0638045 0.0564779 0.0487787 0.0411761 0.0339844 0.0273842 0.0214658 0.0162746 0.0118429 0.00819731 0.00534508 0.00325184
 0.00913647 0.0146347 0.0216502 0.0300204 0.0394571 0.0494362 0.0591099 0.0674332 0.0734811 0.0767176 0.0770472 0.0747077 0.0701476 0.0639383 0.0566932 0.0489857 0.0412898 0.0339555 0.0272125 0.0211925 0.0159603 0.0115439 0.0079506 0.00516475 0.00313382
 0.00914665 0.014656 0.0216884 0.030078 0.0395248 0.0494846 0.0590896 0.0672893 0.0731816 0.0762806 0.0765491 0.0742626 0.0698678 0.0638941 0.0568896 0.049364 0.0417506 0.0343934 0.0275491 0.0213947 0.0160387 0.0115361 0.00790019 0.0051057 0.00308491
 0.00946066 0.0151437 0.0223791 0.0309813 0.040626 0.0507384 0.0604111 0.0685508 0.0742239 0.0769447 0.0767189 0.0739045 0.0690479 0.062763 0.055637 0.0481615 0.0407088 0.0335498 0.0268856 0.0208695 0.0156145 0.0111923 0.00763009 0.00490656 0.0029502
 0.00960502 0.0153563 0.0226589 0.0313145 0.040993 0.0511229 0.0608056 0.0689538 0.0746298 0.0773322 0.0770442 0.0741068 0.0690683 0.0625706 0.055248 0.0476394 0.0401415 0.0330174 0.0264358 0.0205138 0.0153404 0.0109812 0.00746809 0.00478609 0.00286622
 0.00965175 0.0154392 0.0227954 0.0315223 0.0412821 0.0514863 0.0612141 0.0693606 0.0749874 0.0776095 0.077233 0.0742125 0.069094 0.0625076 0.0550818 0.0473658 0.03978 0.03261 0.0260332 0.0201566 0.0150495 0.0107587 0.00730562 0.00467234 0.0027906
 0.00924925 0.0148679 0.0220901 0.0307697 0.0405994 0.0509837 0.0609626 0.0693795 0.0752495 0.0780568 0.0777939 0.0748175 0.0696859 0.0630449 0.0555351 0.0477137 0.0400109 0.0327272 0.0260568 0.0201181 0.0149815 0.0106859 0.0072419 0.00462286 0.00275544
#obs surv len freq
 nan nan nan nan nan nan nan nan nan nan nan nan nan nan nan nan nan nan nan nan nan nan nan nan nan
 0.00448659 0.00734893 0.01118 0.0159974 0.0216989 0.0279748 0.034289 0.0400198 0.0446984 0.0481608 0.0505171 0.0520112 0.0529018 0.0534128 0.0537259 0.0539799 0.0542578 0.0545501 0.0546886 0.0542804 0.0527185 0.049351 0.0438013 0.0362822 0.0276668
 0.00461474 0.00755986 0.0115019 0.016457 0.022315 0.0287478 0.0351911 0.0409923 0.0456601 0.0490244 0.0512057 0.0524697 0.0531023 0.0533543 0.0534303 0.0534841 0.0536052 0.0537832 0.0538463 0.0533998 0.0518383 0.0485142 0.0430526 0.0356593 0.0271907
 0.00477804 0.00782678 0.0119064 0.0170317 0.0230854 0.029722 0.0363483 0.0422781 0.0469904 0.0502983 0.0523205 0.0533341 0.0536464 0.0535376 0.0532447 0.0529518 0.0527718 0.0527085 0.052597 0.0520461 0.0504558 0.0471835 0.0418538 0.0346585 0.0264244
 0.00497004 0.00814008 0.0123801 0.0177033 0.0239834 0.0308554 0.0376949 0.0437795 0.0485593 0.0518329 0.0537177 0.0544977 0.0544914 0.0539957 0.0532707 0.0525307 0.0519208 0.0514763 0.051059 0.0502998 0.0486166 0.0453786 0.0402087 0.0332758 0.0253617
 0.00518706 0.00849626 0.0129224 0.0184773 0.0250246 0.032175 0.0392651 0.0455293 0.0503845 0.053616 0.0553461 0.0558731 0.0555311 0.0546307 0.0534464 0.05221 0.0510914 0.0501586 0.0493131 0.0482291 0.046365 0.0431188 0.0381178 0.0315014 0.0239898
 0.00540935 0.00885988 0.0134741 0.0192629 0.0260808 0.0335169 0.0408719 0.047338 0.0522967 0.0555152 0.0571149 0.0574043 0.0567332 0.0554285 0.0537795 0.0520316 0.0503713 0.0488927 0.0475372 0.0460331 0.043899 0.0405825 0.0357288 0.0294485 0.0223892
 0.00564604 0.00924827 0.0140653 0.0201068 0.0272165 0.0349576 0.0425898 0.0492589 0.0543118 0.0575014 0.0589546 0.058995 0.057989 0.0562782 0.0541639 0.0519019 0.0496905 0.0476427 0.0457351 0.0437518 0.0412824 0.0378412 0.033107 0.0271687 0.0205958
 0.00588343 0.00963849 0.0146607 0.0209591 0.0283673 0.0364224 0.0443422 0.0512242 0.0563771 0.0595374 0.0608365 0.0606154 0.0592619 0.0571374 0.0545581 0.051789 0.0490353 0.0464226 0.0439554 0.0414702 0.0386301 0.0350254 0.0303813 0.0247736 0.0186956
 0.00614075 0.0100571 0.0152915 0.0218497 0.029554 0.0379159 0.0461132 0.0531975 0.0584408 0.0615636 0.0627011 0.0622107 0.060502 0.0579577 0.0549122 0.0516426 0.0483618 0.0452037 0.0421947 0.039216 0.0360009 0.0322174 0.0276436 0.0223507 0.0167605
 0.0063747 0.0104422 0.0158796 0.022692 0.0306901 0.0393582 0.0478303 0.05511 0.0604337 0.0635095 0.0644813 0.0637261 0.0616749 0.0587295 0.0552399 0.0514946 0.0477144 0.0440423 0.0405236 0.0370788 0.0335042 0.0295415 0.0250223 0.0200185 0.014888
 0.00660716 0.0108246 0.0164635 0.023528 0.031818 0.040791 0.0495374 0.0570114 0.0624109 0.0654283 0.0662151 0.0651707 0.0627539 0.0593935 0.0554602 0.0512555 0.0470065 0.0428618 0.0388804 0.0350158 0.0311192 0.0269986 0.0225357 0.0178051 0.0131078
 0.00683604 0.0111983 0.0170289 0.0243299 0.0328905 0.0421439 0.0511422 0.0587952 0.0642658 0.0672307 0.0678452 0.0665262 0.0637565 0.0599907 0.0556236 0.0509751 0.0462832 0.0417039 0.037308 0.0330749 0.0289012 0.0246513 0.0202498 0.0157742 0.0114748
 0.00706335 0.0115719 0.0175984 0.0251428 0.033982 0.0435199 0.0527643 0.0605765 0.0660851 0.0689577 0.0693631 0.0677439 0.0646107 0.0604432 0.055657 0.0505882 0.045486 0.0405147 0.0357564 0.0312122 0.0268157 0.0224764 0.0181534 0.0139241 0.00999319
 0.00725511 0.0118902 0.0180895 0.0258538 0.0349505 0.044759 0.0542459 0.0622258 0.0677906 0.070592 0.070806 0.0688972 0.065406 0.0608426 0.0556488 0.0501798 0.0446968 0.039372 0.0342971 0.0294914 0.0249181 0.0205222 0.0162882 0.0122899 0.00869133
 0.00742523 0.0121676 0.0185087 0.0264481 0.0357465 0.045767 0.0554496 0.0635762 0.0692099 0.0719857 0.0720753 0.0699515 0.0661708 0.0612665 0.0557056 0.0498667 0.0440292 0.0383788 0.0330193 0.0279864 0.023267 0.0188328 0.0146862 0.0108945 0.00758481
 0.00754051 0.012353 0.0187842 0.026832 0.0362532 0.0464034 0.0562102 0.0644407 0.0701442 0.0729452 0.0730089 0.0708027 0.0668802 0.0617754 0.0559636 0.049838 0.0436975 0.0377488 0.0321174 0.0268616 0.0219928 0.017506 0.0134162 0.00978289 0.00670144
 0.00759882 0.012449 0.0189311 0.027043 0.0365395 0.0467709 0.056656 0.0649529 0.0707043 0.0735331 0.0736047 0.0713844 0.0674199 0.0622363 0.0563006 0.0500036 0.0436505 0.0374639 0.0315923 0.0261226 0.0210958 0.0165322 0.0124603 0.00893365 0.00602046
 0.0076624 0.0125424 0.0190537 0.027189 0.0367013 0.046944 0.0568424 0.06516 0.0709415 0.0738067 0.073915 0.0717249 0.0677767 0.0625877 0.0566159 0.0502435 0.0437712 0.0374251 0.0313687 0.0257136 0.0205318 0.0158727 0.0117824 0.00831343 0.00551372
 0.00772594 0.0126416 0.0191948 0.0273733 0.0369237 0.047191 0.0570926 0.0653884 0.0711279 0.0739447 0.0740149 0.0718082 0.0678653 0.0626937 0.056736 0.0503583 0.0438487 0.0374272 0.0312612 0.0254777 0.0201739 0.0154271 0.011304 0.0078624 0.00513751
 0.0077602 0.0126945 0.0192691 0.0274701 0.0370416 0.047327 0.0572407 0.0655393 0.0712695 0.0740649 0.0741054 0.0718689 0.0679054 0.0627279 0.0567772 0.0504102 0.0439006 0.0374553 0.0312352 0.0253724 0.0199801 0.0151586 0.0109951 0.00755686 0.00487389
 0.00781342 0.0127742 0.0193764 0.0276012 0.0371892 0.0474814 0.0573919 0.0656775 0.0713862 0.0741536 0.0741626 0.0718942 0.0679018 0.0627022 0.0567394 0.0503703 0.0438636 0.0374168 0.0311812 0.0252845 0.0198453 0.0149775 0.0107846 0.00734438 0.00468673
 0.00785386 0.0128338 0.0194545 0.027693 0.0372864 0.0475747 0.0574726 0.0657391 0.0714258 0.0741726 0.074166 0.0718887 0.0678932 0.0626936 0.0567318 0.0503633 0.0438565 0.0374066 0.0311612 0.0252446 0.0197761 0.0148764 0.0106593 0.00721142 0.00456486
 0.00785811 0.0128425 0.0194707 0.0277198 0.0373258 0.0476251 0.057528 0.06579 0.0714626 0.0741898 0.0741647 0.0718757 0.0678775 0.0626831 0.0567305 0.0503713 0.0438703 0.0374208 0.031169 0.0252384 0.0197493 0.0148263 0.0105897 0.00713228 0.00448875
 0.00787383 0.0128613 0.0194869 0.0277248 0.0373114 0.0475881 0.0574735 0.0657303 0.0714116 0.0741573 0.0741534 0.0718824 0.0678971 0.062712 0.0567671 0.0504147 0.0439185 0.0374697 0.0312125 0.0252697 0.0197624 0.0148185 0.010563 0.00709338 0.00444663
 0.0078903 0.0128865 0.0195212 0.0277665 0.0373558 0.047627 0.0574963 0.0657268 0.0713772 0.0740965 0.0740792 0.0718116 0.0678436 0.0626824 0.056761 0.0504276 0.0439446 0.0375031 0.0312471 0.0252993 0.0197815 0.0148235 0.0105542 0.00707426 0.00442309
 0.00789461 0.0128899 0.0195198 0.0277548 0.0373285 0.0475817 0.057435 0.0656556 0.0713039 0.0740276 0.0740195 0.0717654 0.0678159 0.0626783 0.0567834 0.050475 0.0440114 0.0375806 0.031326 0.025371 0.0198395 0.014864 0.0105766 0.00708161 0.00442046
 0.00788276 0.0128719 0.0194949 0.0277227 0.0372888 0.0475335 0.0573769 0.0655874 0.071228 0.07395 0.0739492 0.0717115 0.0677854 0.0626748 0.0568074 0.0505245 0.0440818 0.0376652 0.0314163 0.0254579 0.0199148 0.0149225 0.0106165 0.00710457 0.00443068
 0.00786526 0.0128399 0.0194406 0.0276376 0.0371666 0.0473748 0.0571923 0.0653963 0.0710536 0.0738125 0.0738607 0.0716761 0.0678009 0.0627356 0.0569059 0.0506519 0.0442286 0.0378214 0.0315715 0.0256024 0.0200402 0.0150229 0.01069 0.00715317 0.00445919
 0.00785972 0.0128285 0.0194188 0.0275991 0.0371043 0.0472824 0.0570672 0.0652419 0.0708807 0.0736388 0.0737078 0.0715641 0.0677436 0.0627376 0.056963 0.050754 0.0443627 0.0379738 0.0317293 0.0257535 0.0201747 0.0151339 0.0107742 0.0072113 0.00449545
 0.00785576 0.0128182 0.0193961 0.0275561 0.037033 0.047178 0.0569303 0.0650799 0.0707057 0.0734656 0.0735518 0.0714403 0.0676655 0.0627147 0.0569989 0.0508447 0.0444975 0.0381377 0.0319056 0.0259267 0.0203317 0.0152654 0.0108758 0.00728326 0.0045418
 0.00782228 0.012768 0.0193284 0.0274722 0.0369355 0.0470687 0.0568101 0.0649495 0.0705682 0.0733277 0.073424 0.0713353 0.0675957 0.0626898 0.0570243 0.0509208 0.044619 0.0382939 0.0320817 0.0261062 0.0204993 0.0154093 0.0109893 0.00736519 0.00459568
 0.00779667 0.0127234 0.019256 0.0273633 0.0367844 0.0468779 0.0565928 0.0647281 0.0703679 0.0731683 0.0733153 0.0712779 0.0675857 0.0627232 0.0570986 0.0510339 0.0447672 0.0384703 0.0322753 0.026303 0.0206845 0.0155703 0.011118 0.00745941 0.00465853
 0.00775854 0.0126613 0.0191624 0.027231 0.0366083 0.0466569 0.0563334 0.0644465 0.0700888 0.0729214 0.0731287 0.0711717 0.0675674 0.0627877 0.0572321 0.0512194 0.0449883 0.0387125 0.0325252 0.026547 0.020909 0.0157634 0.0112721 0.00757259 0.00473447
 0.00774364 0.0126336 0.0191145 0.0271537 0.0364929 0.0464986 0.0561344 0.0642168 0.0698452 0.0726843 0.0729196 0.0710112 0.0674726 0.0627695 0.0572919 0.0513492 0.045173 0.0389334 0.0327632 0.0267845 0.0211303 0.0159559 0.0114274 0.00768798 0.00481283
 0.00932419 0.0148455 0.0217825 0.0298939 0.0388242 0.04802 0.0566664 0.0638282 0.068772 0.0712098 0.0712871 0.0693903 0.0659657 0.0614317 0.0561486 0.0504061 0.0444226 0.0383588 0.0323415 0.0264899 0.0209365 0.0158375 0.0113617 0.00765577 0.00479953
 0.00930105 0.0151033 0.0226913 0.0319133 0.0423032 0.0529273 0.0624183 0.0693839 0.0730027 0.0733436 0.0711631 0.067402 0.0627886 0.0577339 0.0524257 0.0469525 0.0413794 0.0357745 0.0302161 0.0247981 0.019639 0.0148853 0.0106984 0.00722123 0.00453422
 0.00897203 0.0145834 0.0219586 0.0310148 0.0414093 0.0523696 0.062651 0.0708214 0.0757713 0.0770966 0.0751226 0.0706544 0.0646658 0.0580457 0.05143 0.0451422 0.0392492 0.0336861 0.0283734 0.023284 0.0184632 0.0140192 0.0100954 0.00682687 0.00429397
 0.0087833 0.0142695 0.0214739 0.0303154 0.0404702 0.051216 0.0613991 0.0697068 0.0751312 0.0772777 0.0763262 0.0727892 0.0673135 0.0605959 0.0533275 0.0460987 0.0393021 0.033099 0.0274744 0.0223412 0.0176376 0.0133761 0.0096376 0.00652619 0.00411149
 0.00873362 0.014178 0.0213154 0.0300575 0.040078 0.0506621 0.0606775 0.0688498 0.0742262 0.076478 0.0758405 0.0728298 0.0680045 0.061882 0.0549505 0.0476807 0.0404997 0.0337366 0.0275791 0.0220793 0.0172105 0.0129415 0.00928183 0.00627437 0.00395279
 0.00867825 0.0140895 0.0211845 0.0298749 0.0398339 0.0503464 0.0602815 0.0683705 0.0736729 0.0758824 0.0752682 0.0723855 0.067819 0.0620705 0.0555517 0.0486115 0.041564 0.0346979 0.0282583 0.0224172 0.017263 0.0128238 0.00910584 0.00611297 0.00383571
 0.00869442 0.0141093 0.0212022 0.0298805 0.0398149 0.0502907 0.0601796 0.0682153 0.0734589 0.0756068 0.0749358 0.0720195 0.0674697 0.0618159 0.0554777 0.0487747 0.0419543 0.0352272 0.0287923 0.0228333 0.0175001 0.0128939 0.009067 0.00603053 0.00375539
 0.00870118 0.0141237 0.0212294 0.0299261 0.0398815 0.0503736 0.0602641 0.0682783 0.0734749 0.0755555 0.0748076 0.0718179 0.0672132 0.0615396 0.055233 0.0486203 0.041935 0.0353507 0.029018 0.0230878 0.0177105 0.0130191 0.00910745 0.00601456 0.00371691
 0.00864327 0.0140397 0.0211223 0.029806 0.0397638 0.0502754 0.0601999 0.0682563 0.0734941 0.0756038 0.0748643 0.0718589 0.0672197 0.0615052 0.055169 0.0485541 0.0419024 0.0353811 0.0291189 0.0232387 0.0178718 0.0131517 0.00919035 0.0060495 0.00371993
 0.00864161 0.0140268 0.0210848 0.0297271 0.0396302 0.0500866 0.0599748 0.0680313 0.0733117 0.0754966 0.0748439 0.0719138 0.0673219 0.0616225 0.0552756 0.0486394 0.0419722 0.035452 0.0292073 0.0233493 0.0179943 0.0132662 0.00927888 0.00610479 0.00374623
 0.00863636 0.0140222 0.0210841 0.0297337 0.0396438 0.0500994 0.0599709 0.0679922 0.0732267 0.0753723 0.0747049 0.0717929 0.0672453 0.0615992 0.0552968 0.0486864 0.0420283 0.0355094 0.0292672 0.0234158 0.0180672 0.013339 0.00934186 0.00615062 0.0037736
 0.00865294 0.0140454 0.0211126 0.0297642 0.0396731 0.0501257 0.0599942 0.068012 0.0732384 0.075367 0.0746725 0.0717298 0.0671594 0.0615082 0.0552201 0.0486366 0.0420072 0.0355116 0.0292855 0.023445 0.0181039 0.013379 0.00937975 0.00618136 0.0037946
 0.00863121 0.014016 0.0210789 0.0297329 0.0396512 0.0501176 0.0599995 0.0680259 0.0732549 0.0753811 0.0746812 0.0717307 0.0671503 0.0614886 0.0551936 0.0486107 0.0419905 0.0355095 0.0292988 0.0234706 0.0181368 0.0134142 0.00941272 0.00620849 0.00381412
 0.00862139 0.0139994 0.0210532 0.0296963 0.0396044 0.0500649 0.0599496 0.0679896 0.0732411 0.0753923 0.0747122 0.0717713 0.0671895 0.0615183 0.0552105 0.0486161 0.0419892 0.035508 0.0293025 0.0234823 0.0181557 0.0134374 0.00943618 0.00622894 0.00382962
 0.0086067 0.0139753 0.0210165 0.0296441 0.0395349 0.0499787 0.0598512 0.0678885 0.0731502 0.0753258 0.0746811 0.0717802 0.0672347 0.061589 0.0552929 0.0486978 0.0420624 0.03557 0.0293547 0.0235275 0.0181961 0.0134735 0.00946714 0.00625362 0.00384752
 0.0086067 0.0139753 0.0210165 0.0296441 0.0395349 0.0499787 0.0598512 0.0678885 0.0731502 0.0753258 0.0746811 0.0717802 0.0672347 0.061589 0.0552929 0.0486978 0.0420624 0.03557 0.0293547 0.0235275 0.0181961 0.0134735 0.00946714 0.00625362 0.00384752
 0.00884247 0.014346 0.0215491 0.0303503 0.0404027 0.050964 0.0608711 0.068828 0.0738861 0.0757598 0.0747669 0.0715305 0.0667094 0.0608742 0.0544784 0.0478618 0.0412638 0.0348481 0.0287326 0.0230156 0.0177953 0.0131766 0.00926057 0.00611958 0.00376698
 0.00900053 0.0146228 0.0220006 0.031036 0.0413662 0.0522041 0.0623173 0.0703387 0.075276 0.0768465 0.0754137 0.0716719 0.0663563 0.0601021 0.0534058 0.0466237 0.0399866 0.0336333 0.0276497 0.0221038 0.0170686 0.0126293 0.00887314 0.00586351 0.0036101
 0.00906918 0.0147413 0.0221931 0.0313329 0.041802 0.0528102 0.0631104 0.0713055 0.0763615 0.0779499 0.0764003 0.0724001 0.0667137 0.0600355 0.0529332 0.0458249 0.0389795 0.0325449 0.026592 0.021159 0.0162846 0.0120226 0.00843544 0.00557018 0.00342846
 0.00892866 0.0145225 0.0218838 0.0309334 0.0413317 0.0523141 0.0626631 0.0710046 0.0763052 0.0782057 0.0769747 0.0732269 0.0676643 0.0609511 0.053668 0.0462836 0.0391369 0.0324405 0.0263068 0.0207861 0.0159042 0.0116893 0.00817563 0.00538737 0.00331174
 0.00899415 0.0146007 0.0219495 0.0309464 0.0412484 0.0521067 0.0623367 0.0706028 0.075903 0.0778918 0.0768306 0.0733052 0.0679712 0.0614383 0.0542408 0.0468268 0.0395491 0.0326639 0.0263383 0.0206681 0.0157018 0.0114658 0.0079765 0.00523478 0.00320867
 0.00898074 0.0145839 0.0219319 0.0309298 0.0412283 0.0520669 0.0622488 0.0704364 0.0756438 0.0775589 0.0764819 0.0730233 0.067836 0.061498 0.0544926 0.0472167 0.0399892 0.0330618 0.0266265 0.0208209 0.0157346 0.0114188 0.00789446 0.00515215 0.00314362
 0.00916432 0.0148675 0.0223303 0.0314444 0.0418443 0.05275 0.0629419 0.0710601 0.0761074 0.0777818 0.076418 0.0726803 0.0672786 0.0608317 0.0538327 0.0466527 0.039562 0.0327615 0.0264115 0.0206446 0.0155669 0.0112531 0.00774077 0.00502419 0.00304937
 0.00902815 0.0146732 0.0220884 0.0311832 0.0416039 0.0525712 0.0628562 0.0710838 0.0762387 0.0779998 0.0766838 0.0729432 0.0674904 0.0609634 0.0538853 0.0466545 0.039552 0.032769 0.026443 0.0206865 0.015599 0.0112621 0.00772644 0.00499592 0.00301875
 0.00901507 0.0146296 0.0219835 0.0309799 0.0412748 0.0521205 0.0623341 0.0705808 0.0758567 0.0778146 0.0767201 0.0731722 0.0678468 0.06137 0.0542757 0.0469877 0.0398159 0.0329727 0.0266032 0.0208151 0.0156991 0.0113322 0.00776696 0.00501242 0.00302015
 0.00897006 0.0145598 0.0218835 0.0308436 0.0410926 0.0518783 0.0620178 0.0701877 0.0754103 0.0773717 0.0763613 0.0729754 0.0678565 0.0615801 0.0546345 0.0474207 0.0402529 0.0333655 0.0269296 0.021072 0.0158924 0.0114702 0.0078584 0.00506693 0.00304838
#pred catch len freq
 0.00342191 0.00547701 0.00811749 0.0113426 0.0151757 0.0196357 0.0246722 0.0301301 0.0357714 0.0413219 0.0465149 0.0511287 0.0550178 0.0581201 0.0604341 0.0619835 0.0627916 0.0628596 0.0621304 0.0604322 0.0574483 0.0527962 0.0462561 0.0380518 0.028969
 0.00371326 0.00588347 0.00860889 0.0118593 0.0156589 0.020067 0.0250935 0.0306204 0.0363869 0.0420357 0.0471983 0.0515924 0.0550918 0.0577317 0.0596453 0.0609744 0.0617948 0.0620733 0.0616445 0.0602032 0.0573361 0.0526454 0.0459755 0.0376476 0.0285181
 0.00385058 0.00613236 0.00902615 0.0125013 0.0165546 0.0211853 0.0263294 0.0318229 0.0374224 0.0428448 0.0477992 0.0520236 0.0553439 0.0577276 0.0592895 0.060232 0.0607403 0.0608717 0.0604773 0.0591883 0.0564917 0.051917 0.045299 0.0370006 0.0279284
 0.00403416 0.00641507 0.00942738 0.0130419 0.0172679 0.022124 0.0275515 0.0333523 0.0391996 0.0447063 0.0495118 0.0533648 0.0561742 0.0580074 0.0590417 0.0594991 0.0595777 0.0593701 0.0587732 0.0574375 0.0548238 0.0504074 0.0439786 0.0358836 0.0270289
 0.00426891 0.00678289 0.00995543 0.0137473 0.0181576 0.0231967 0.0288004 0.0347691 0.0407759 0.046421 0.0513027 0.0551006 0.0576587 0.0590267 0.0594312 0.0591884 0.0585939 0.0578149 0.0567981 0.0552233 0.0525577 0.0482565 0.0420704 0.0342988 0.0258028
 0.00453201 0.00719775 0.0105571 0.0145629 0.0192063 0.0244861 0.0303196 0.0364802 0.0426132 0.0482998 0.0531319 0.0567897 0.059111 0.0601268 0.0600435 0.0591807 0.0578796 0.0563901 0.0547556 0.0527388 0.0498595 0.045586 0.0396421 0.0322672 0.0242426
 0.00479071 0.00760967 0.0111623 0.0153969 0.0202983 0.0258548 0.0319631 0.0383658 0.0446711 0.0504254 0.055197 0.058659 0.06066 0.0612511 0.0606557 0.0592015 0.0572385 0.0550474 0.0527366 0.0501615 0.0469345 0.0425851 0.0368416 0.0298875 0.0224048
 0.00512187 0.00812516 0.0118975 0.0163749 0.0215336 0.0273559 0.0337282 0.0403709 0.0468583 0.052697 0.0574197 0.0606791 0.0623251 0.0624313 0.0612545 0.0591544 0.0565054 0.0536112 0.0506199 0.0474562 0.0438243 0.0393368 0.0337566 0.0272291 0.0203329
 0.00548239 0.00869047 0.0127106 0.0174652 0.0229161 0.0290295 0.0356697 0.0425279 0.0491484 0.0550133 0.0596387 0.062668 0.0639507 0.0635711 0.0618081 0.0590505 0.0557032 0.0521014 0.0484327 0.0446814 0.0406336 0.0359853 0.0305459 0.0244366 0.0181392
 0.00579352 0.0091878 0.0134446 0.0184807 0.0242486 0.030697 0.0376587 0.0447822 0.0515656 0.0574547 0.0619468 0.0646875 0.0655463 0.0646381 0.0622731 0.0588663 0.0548443 0.0505646 0.0462488 0.0419357 0.037487 0.0326781 0.027367 0.0216582 0.0159448
 0.00603746 0.00957666 0.0140179 0.0192763 0.025304 0.0320466 0.0393237 0.0467534 0.0537874 0.0598164 0.0642888 0.066823 0.0672939 0.0658516 0.0628576 0.0587767 0.0540729 0.0491307 0.0441992 0.03936 0.0345376 0.029577 0.0243807 0.0190405 0.0138699
