SBPRF35
7.78865
Curr Bio
554226
B35
682224
F35
0.209295
FOFL
0.155983
OFL
64500.8
Bzero
2.22533e+006
#pred survey bio
 4.80069e+006 4.52817e+006 4.26037e+006 3.942e+006 3.59951e+006 3.2655e+006 2.91618e+006 2.63318e+006 2.3361e+006 2.08702e+006 1.86062e+006 1.62744e+006 1.43748e+006 1.27335e+006 1.11504e+006 999238 894350 826767 768531 724068 691615 657231 638784 621031 610660 610361 601510 598127 606093 606519 612268 609309 597107 602205 592430 580619 566936 567529 566632 558070 559934 565506 574983 574620 576180 569704 572853 575561 573100 573894 572620 576129 556018 582022 574777 598581 619658 617022 602820 583154 559431 1.82645e+007 1.06162e+007 1.0666e+007 1.13337e+007 1.23405e+007 1.34203e+007 1.4411e+007 1.52411e+007 1.58975e+007 1.6397e+007 1.67675e+007 1.70378e+007 1.7233e+007 1.73734e+007 1.74743e+007 1.75468e+007 1.75992e+007 1.76372e+007 1.7665e+007 1.76854e+007 1.77005e+007 1.77117e+007 1.77201e+007 1.77264e+007 1.77312e+007 1.77348e+007 1.77376e+007 1.77396e+007 1.77412e+007 1.77425e+007 1.77434e+007 1.77441e+007 1.77447e+007 1.77451e+007 1.77454e+007 1.77457e+007 1.77459e+007 1.77461e+007 1.77462e+007 1.77463e+007 1.77463e+007 1.77464e+007 1.77464e+007 1.77465e+007 1.77465e+007 1.77465e+007 1.77465e+007 1.77465e+007 1.77465e+007 1.77465e+007 1.77466e+007 1.77466e+007 1.77466e+007 1.77466e+007 1.77466e+007 1.77466e+007 1.77466e+007 1.77466e+007 1.77466e+007 1.77466e+007 1.77466e+007 1.77466e+007 1.77466e+007 1.77466e+007 1.77466e+007 1.77466e+007 1.77466e+007 1.77466e+007 1.77466e+007 1.77466e+007 1.77466e+007 1.77466e+007 1.77466e+007 1.77466e+007 1.77466e+007 1.77466e+007 1.77466e+007 1.77466e+007 1.77466e+007 1.77466e+007 1.77466e+007 1.77466e+007 1.77466e+007 1.77466e+007 1.77466e+007 1.77466e+007 1.77466e+007 1.77466e+007 1.77466e+007 1.77466e+007 1.77466e+007 1.77466e+007 1.77466e+007 1.77466e+007 1.77466e+007 1.77466e+007 1.77466e+007 1.77466e+007 1.77466e+007 1.77466e+007 0 0 0 0 0 0 0 0 0 0 0 0 0 0 0 0 0 0 0 0 0 0 0 0 0
#obs survey bio
 3.83259e+006 4.26455e+006 2.21991e+006 3.02374e+006 3.39598e+006 3.49945e+006 2.37718e+006 2.41508e+006 1.48511e+006 1.40059e+006 1.56598e+006 1.52938e+006 1.46038e+006 832106 1.02082e+006 1.09707e+006 684216 654895 638041 642734 449822 453573 538642 654108 598566 795999 549641 369896 593576 533906 618910 524357 709347 481530 832192 780062 470497 835102 653748 466263 577969 539353 655646 473298 747287 595969 552645 571650 486274 546520 727732 389791 575232 434159 588654 422417 528802 629878 533192 943238 714794
#pred catch bio
 104427 102906 162185 206974 227908 274281 247087 290735 275257 277730 301119 275370 260686 259075 222781 211801 177081 166039 150950 137857 136719 121041 118293 109563 99283.3 105056 99847.1 91019 97399.7 91775 97042.4 101630 84313.9 93922.3 91735 91843.4 82797.6 88277.9 96739.9 88670.7 85995.2 83134 91409.4 89151.2 94900.1 86389.9 87355.9 92136.7 89569.7 91353.5 87676 107519 69987.2 98919.4 72694.5 75215.5 93665.6 100534 101689 100289 105162 64500.8 81437.1 80349.3 84098.8 91149.3 98966.9 106093 111945 116441 119739 122077 123694 124790 125522 126005 126320 126525 126657 126742 126796 126831 126853 126867 126876 126881 126885 126887 126888 126889 126890 126890 126890 126891 126891 126891 126891 126891 126891 126891 126891 126891 126891 126891 126891 126891 126891 126891 126891 126891 126891 126891 126891 126891 126891 126891 126891 126891 126891 126891 126891 126891 126891 126891 126891 126891 126891 126891 126891 126891 126891 126891 126891 126891 126891 126891 126891 126891 126891 126891 126891 126891 126891 126891 126891 126891 126891 126891 126891 126891 126891 126891 126891 126891 126891 126891 126891 126891 126891 126891 126891 0 0 0 0 0 0 0 0 0 0 0 0 0 0 0 0 0 0 0 0 0 0 0 0 0
#obs catch bio
 0 102616 163052 208522 229750 278061 250021 296747 281537 285049 311051 283582 269077 268945 229232 218565 181240 169815 154212 140406 140015 123532 121397 111703 100815 106376 101238 92579.4 99528.6 93235.2 98692.7 103266 85018.7 95322.4 92815.6 92483 83393.2 88659.2 97012.2 89089.3 86442.9 83357 91995.6 89666.4 95171.4 86459.1 87611.7 92799.6 90214.8 91951.5 87703.2 109140 69878.7 100652 73097.2 75732.7 94510.6 101314 102383 100724 105264
#pred cpue bio
 4.73533e+006 4.468e+006 4.20383e+006 3.88696e+006 3.54578e+006 3.21308e+006 2.86511e+006 2.58279e+006 2.28691e+006 2.03889e+006 1.81383e+006 1.5827e+006 1.39457e+006 1.23243e+006 1.07657e+006 962740 860044 794103 737452 694277 662787 629367 611462 594491 584823 584862 576365 572872 580461 581132 587220 584897 573519 578936 569999 559102 545262 544370 542654 534268 536230 541849 551176 550885 552568 546419 549425 551890 549387 550153 548950 552279 532437 557568 550679 574229 595284 593148 579599 560776 538477 1.76039e+007 1.02359e+007 1.01571e+007 1.06909e+007 1.16543e+007 1.27246e+007 1.37135e+007 1.45433e+007 1.51997e+007 1.56992e+007 1.60696e+007 1.63399e+007 1.65352e+007 1.66756e+007 1.67764e+007 1.6849e+007 1.69014e+007 1.69394e+007 1.69672e+007 1.69876e+007 1.70027e+007 1.70139e+007 1.70223e+007 1.70286e+007 1.70334e+007 1.7037e+007 1.70397e+007 1.70418e+007 1.70434e+007 1.70446e+007 1.70456e+007 1.70463e+007 1.70469e+007 1.70473e+007 1.70476e+007 1.70479e+007 1.70481e+007 1.70482e+007 1.70483e+007 1.70484e+007 1.70485e+007 1.70486e+007 1.70486e+007 1.70486e+007 1.70487e+007 1.70487e+007 1.70487e+007 1.70487e+007 1.70487e+007 1.70487e+007 1.70487e+007 1.70487e+007 1.70487e+007 1.70487e+007 1.70487e+007 1.70487e+007 1.70487e+007 1.70487e+007 1.70487e+007 1.70487e+007 1.70487e+007 1.70487e+007 1.70487e+007 1.70487e+007 1.70487e+007 1.70487e+007 1.70487e+007 1.70487e+007 1.70487e+007 1.70487e+007 1.70487e+007 1.70487e+007 1.70487e+007 1.70487e+007 1.70487e+007 1.70487e+007 1.70487e+007 1.70487e+007 1.70487e+007 1.70487e+007 1.70487e+007 1.70487e+007 1.70487e+007 1.70487e+007 1.70487e+007 1.70487e+007 1.70487e+007 1.70487e+007 1.70487e+007 1.70487e+007 1.70487e+007 1.70487e+007 1.70487e+007 1.70487e+007 1.70487e+007 1.70487e+007 1.70487e+007 1.70487e+007 1.70487e+007 1.70487e+007 0 0 0 0 0 0 0 0 0 0 0 0 0 0 0 0 0 0 0 0 0 0 0 0 0
#obs cpue bio
 3.89982e+006 3.57021e+006 3.02428e+006 3.45908e+006 2.65613e+006 2.60119e+006 2.01464e+006 2.01313e+006 1.86802e+006 1.99133e+006 1.55861e+006 1.31566e+006 842108 1.11008e+006 1.04843e+006 577361 957275 795428 640263 637558 591473 650619 378184 577954 491556 553828 424361 434012 399221 631484 479898 703649 452320 505968 392251 592076 459790 492005 580348 441732 471089 593313 398549 560596 601188 500865 471592 398754 529781 593997 549371 433275 601732 393617 517964 699699 751655 575238 639541 377549 591631
#pred surv len freq
 0.00506224 0.00821447 0.0123539 0.0174566 0.0233948 0.029858 0.0363235 0.0421823 0.0469687 0.0505164 0.0529361 0.0544779 0.0554025 0.0559118 0.056121 0.0560531 0.0556524 0.0548097 0.0533753 0.0511499 0.0478815 0.0433248 0.0373951 0.0303469 0.0228311
 0.0053691 0.00858822 0.0126906 0.0175966 0.0231838 0.0292328 0.0353702 0.0411165 0.0460394 0.0498897 0.0526292 0.0543777 0.0553471 0.0557821 0.0558991 0.0558265 0.0555695 0.055006 0.0539032 0.0519452 0.0487854 0.0441524 0.038011 0.0307086 0.02298
 0.00568094 0.00909772 0.0134526 0.0186382 0.02447 0.0306314 0.0366471 0.0419938 0.0463076 0.0495123 0.0517621 0.0532806 0.0542479 0.0547897 0.0550112 0.0550056 0.0548181 0.0543862 0.053496 0.0517879 0.0488351 0.0443024 0.0381462 0.0307592 0.0229401
 0.00592311 0.00949714 0.0140656 0.0195238 0.0256789 0.0321842 0.0385011 0.0440126 0.0482563 0.0510964 0.0527119 0.0534486 0.053664 0.0536349 0.0535253 0.0533949 0.0532167 0.0528765 0.0521419 0.0506415 0.0479189 0.0435952 0.0375966 0.0303165 0.0225773
 0.00621495 0.0099554 0.0147266 0.0204145 0.0268181 0.0335817 0.040151 0.0458809 0.050265 0.0531097 0.0545317 0.0548361 0.0543958 0.0535771 0.0526862 0.0519189 0.0513262 0.0507993 0.050065 0.0486998 0.0461989 0.0421411 0.0364173 0.0293971 0.0218916
 0.00654958 0.0104819 0.0154864 0.0214341 0.0281057 0.0351215 0.0418991 0.047766 0.0522003 0.0550057 0.0562979 0.0563658 0.055551 0.0541956 0.0526226 0.0511032 0.0498045 0.0487292 0.0476717 0.0462177 0.0438283 0.0400281 0.0346498 0.0280099 0.0208744
 0.00694098 0.011102 0.0163888 0.0226572 0.0296644 0.0369973 0.0440275 0.0500357 0.0544692 0.0571312 0.058162 0.0578834 0.056657 0.0548233 0.0526898 0.0505234 0.048524 0.0467727 0.0451655 0.0433762 0.0409091 0.0372781 0.0322615 0.0260963 0.0194635
 0.00723917 0.0115819 0.0171024 0.0236502 0.030969 0.0386195 0.0459334 0.0521443 0.0566612 0.0592686 0.0601103 0.0595276 0.0579079 0.055614 0.0529643 0.0502258 0.0476022 0.045203 0.0429907 0.0407322 0.0380201 0.034414 0.0296761 0.0239698 0.0178724
 0.00758488 0.0121332 0.0179121 0.0247609 0.032406 0.0403799 0.0479735 0.0543743 0.0589544 0.0614827 0.0621084 0.0611921 0.0591466 0.0563604 0.0531729 0.0498639 0.0466434 0.0436339 0.0408343 0.0380811 0.0350558 0.0313919 0.0268717 0.0216082 0.0160736
 0.0078568 0.0125722 0.0185674 0.0256768 0.0336144 0.041889 0.0497538 0.0563534 0.0610253 0.0635218 0.0639938 0.062814 0.060412 0.0571946 0.0535185 0.0496785 0.0458972 0.0423124 0.0389531 0.0357108 0.0323443 0.0285634 0.0241879 0.019302 0.0142867
 0.00809682 0.0129611 0.0191504 0.0264959 0.0347011 0.0432528 0.0513697 0.0581563 0.0629171 0.0653886 0.0657227 0.064305 0.061582 0.057978 0.0538648 0.0495487 0.045262 0.0411554 0.037283 0.033583 0.0298823 0.0259622 0.0216854 0.0171212 0.0125746
 0.00842518 0.013482 0.0199104 0.0275292 0.0360236 0.0448527 0.053197 0.0601188 0.0648922 0.0672448 0.067342 0.0655956 0.0624825 0.0584534 0.0538995 0.0491375 0.0444029 0.0398497 0.0355457 0.0314628 0.027484 0.0234543 0.0192787 0.0150193 0.0109162
 0.00865757 0.0138614 0.0204842 0.0283417 0.0371071 0.0462127 0.0547977 0.0618791 0.0666966 0.0689664 0.0688637 0.0668235 0.06335 0.0589208 0.05395 0.0487704 0.0436264 0.0386771 0.0340002 0.0295923 0.025379 0.0212567 0.0171673 0.0131689 0.00944921
 0.00883975 0.0141593 0.020936 0.028985 0.0379726 0.0473139 0.0561182 0.0633657 0.0682632 0.0705065 0.0702667 0.0679892 0.0641997 0.0594032 0.0540411 0.0484685 0.0429444 0.0376373 0.0326348 0.0279522 0.0235471 0.0193549 0.0153454 0.0115731 0.00818241
 0.00911556 0.0145922 0.0215585 0.0298172 0.0390188 0.0485583 0.0575191 0.0648532 0.0697459 0.071886 0.071452 0.0689059 0.064794 0.0596433 0.0539166 0.0479874 0.0421288 0.0365188 0.0312541 0.0263643 0.0218302 0.0176149 0.0137067 0.0101542 0.00706412
 0.00922452 0.0147791 0.0218577 0.0302659 0.0396489 0.0493823 0.0585183 0.0659746 0.070913 0.0730155 0.0724685 0.0697476 0.065413 0.0600034 0.0539935 0.0477696 0.0416185 0.0357324 0.0302234 0.0251389 0.0204813 0.0162352 0.0124019 0.0090222 0.0061708
 0.00940313 0.0150544 0.0222447 0.0307708 0.0402704 0.0501144 0.0593483 0.0668783 0.0718499 0.0739295 0.0732943 0.070422 0.0658855 0.0602428 0.0539867 0.0475171 0.0411294 0.0350233 0.0293207 0.0240836 0.0193331 0.015072 0.0113107 0.00808193 0.00543289
 0.00948644 0.0151816 0.0224211 0.0309962 0.0405408 0.0504242 0.0596925 0.067254 0.0722568 0.0743681 0.0737609 0.070901 0.0663451 0.0606372 0.0542656 0.0476366 0.0410601 0.034754 0.0288591 0.0234572 0.0185896 0.0142773 0.0105394 0.00740273 0.00489232
 0.0095956 0.0153494 0.0226553 0.0312966 0.0408987 0.0508227 0.0601067 0.0676538 0.0726138 0.0746638 0.073992 0.0710775 0.0664816 0.0607415 0.0543311 0.0476418 0.0409757 0.0345532 0.028528 0.0230018 0.0180381 0.0136776 0.00995022 0.00687959 0.00447378
 0.00971746 0.0155308 0.0228972 0.031589 0.0412237 0.0511596 0.0604355 0.0679566 0.0728743 0.0748689 0.074134 0.071157 0.0665071 0.0607263 0.054287 0.047572 0.0408717 0.0343971 0.0283009 0.0226945 0.0176593 0.0132552 0.00952575 0.00649605 0.00416298
 0.00979398 0.0156495 0.0230647 0.0318064 0.0414849 0.0514502 0.0607328 0.0682323 0.0731015 0.0750301 0.0742253 0.0711858 0.066487 0.0606714 0.0542086 0.047477 0.0407605 0.0342631 0.0281329 0.0224823 0.017402 0.0129658 0.00922968 0.00622355 0.00393863
 0.00991915 0.0158427 0.0233359 0.032157 0.0419067 0.0519241 0.0612278 0.0687061 0.0735063 0.0753224 0.0743762 0.0711876 0.0663531 0.0604314 0.0538993 0.047134 0.0404109 0.0339226 0.0278061 0.0221671 0.0170957 0.0126714 0.00895743 0.00598775 0.00375127
 0.00979362 0.0156694 0.023132 0.0319583 0.0417583 0.0518651 0.0612787 0.0688645 0.0737511 0.0756217 0.0746938 0.071488 0.0666056 0.0606147 0.0540052 0.0471665 0.0403829 0.0338498 0.0277016 0.0220399 0.0169521 0.0125184 0.00880497 0.00584819 0.0036356
 0.00976419 0.0156091 0.0230203 0.0317733 0.0414885 0.0515243 0.0609145 0.0685509 0.0735637 0.0756079 0.074856 0.0717867 0.0669789 0.0609994 0.0543513 0.0474438 0.0405799 0.0339691 0.0277542 0.0220396 0.0169126 0.0124526 0.00872586 0.00576821 0.00356519
 0.00980401 0.0156548 0.0230532 0.0317628 0.0413983 0.0513247 0.0605959 0.0681334 0.0730996 0.0751738 0.0745344 0.0716417 0.0670349 0.0612338 0.0547061 0.0478469 0.0409674 0.0342979 0.0280042 0.0222089 0.0170109 0.0124951 0.0087296 0.00574971 0.00353827
 0.00983637 0.0156943 0.0230878 0.0317714 0.0413541 0.0512018 0.0603765 0.067814 0.0726953 0.0747209 0.0740898 0.0712744 0.0668105 0.061195 0.054858 0.0481548 0.0413688 0.0347227 0.0283938 0.0225269 0.017244 0.012648 0.00881743 0.00579149 0.00355209
 0.0100591 0.0160222 0.0235167 0.0322728 0.0418796 0.0516927 0.0607726 0.0680605 0.07275 0.074564 0.0737325 0.0707616 0.0662147 0.0606024 0.0543482 0.0477823 0.0411509 0.0346405 0.0284047 0.0225828 0.0173064 0.0126948 0.00884232 0.00579803 0.00354776
 0.0100934 0.0160958 0.023659 0.0325179 0.0422529 0.0521916 0.0613528 0.0686388 0.073227 0.0748549 0.0737902 0.0705847 0.0658409 0.0600962 0.053788 0.0472453 0.0406987 0.0343068 0.0281921 0.0224688 0.0172569 0.0126779 0.00883624 0.00579246 0.00354048
 0.00980993 0.0156856 0.0231373 0.0319358 0.0416886 0.0517321 0.0610749 0.0685926 0.0734223 0.0752542 0.0743136 0.0711311 0.0663179 0.0604458 0.0539965 0.0473373 0.0407203 0.0343069 0.0282058 0.0225103 0.0173212 0.0127497 0.00890022 0.00583988 0.00357016
 0.00967038 0.0154567 0.0227916 0.031453 0.0410683 0.0510095 0.0603297 0.0679411 0.0729866 0.0751209 0.0745036 0.0715936 0.0669511 0.0611303 0.0546294 0.0478548 0.0411043 0.034575 0.0283934 0.0226517 0.0174383 0.0128502 0.00898296 0.00590201 0.00361167
 0.00947275 0.015154 0.0223701 0.0309113 0.0404153 0.0502633 0.0595212 0.067121 0.0722312 0.0745264 0.074167 0.0715845 0.0672839 0.0617543 0.0554415 0.0487316 0.0419372 0.0352943 0.0289731 0.0230983 0.0177738 0.0130979 0.00916116 0.00602449 0.00369029
 0.00936154 0.014978 0.0221144 0.0305662 0.0399791 0.0497451 0.0589438 0.06652 0.0716496 0.0740089 0.0737582 0.07133 0.0672274 0.0619248 0.0558367 0.0493081 0.0426174 0.0359891 0.0296078 0.0236286 0.0181864 0.0134011 0.00937338 0.00616571 0.00377878
 0.0093921 0.0150146 0.0221451 0.0305707 0.039933 0.0496272 0.0587427 0.0662379 0.0713012 0.0736191 0.0733589 0.0709577 0.0669225 0.0617286 0.0557841 0.0494163 0.0428758 0.0363574 0.0300261 0.0240366 0.0185396 0.0136783 0.00957322 0.00629932 0.00386183
 0.00910944 0.0145989 0.0216006 0.0299292 0.0392437 0.048941 0.0581005 0.0656694 0.0708297 0.0732658 0.073143 0.070893 0.0670135 0.0619704 0.0561646 0.0499181 0.0434754 0.0370212 0.0307093 0.0246878 0.0191123 0.0141416 0.00991767 0.00653459 0.00400937
 0.00898559 0.0143969 0.0212974 0.0295076 0.0387018 0.0483025 0.057421 0.0650273 0.0703033 0.0729067 0.0729627 0.0708711 0.0671178 0.0621748 0.0564551 0.050289 0.0439203 0.0375264 0.0312495 0.0252274 0.0196114 0.0145662 0.0102482 0.00676922 0.00416085
 0.00977557 0.0154901 0.022589 0.0307811 0.0396895 0.048784 0.0573036 0.0643672 0.0692654 0.0716965 0.071767 0.0698226 0.0662857 0.0615737 0.0560655 0.0500789 0.0438592 0.0375882 0.0314084 0.0254526 0.0198671 0.0148163 0.0104639 0.00693467 0.0042742
 0.0105259 0.0166729 0.0242892 0.0330228 0.042397 0.0517424 0.0601476 0.0666395 0.0705512 0.0717768 0.070698 0.067895 0.0638956 0.0590884 0.0537442 0.0480606 0.0421925 0.0362689 0.030408 0.0247316 0.0193789 0.0145098 0.0102879 0.00684327 0.00423182
 0.0102793 0.0164068 0.024138 0.0331956 0.0431219 0.0531739 0.0622787 0.0692629 0.0732905 0.0741751 0.0723383 0.0685148 0.0634584 0.0577774 0.0518824 0.0459964 0.0402066 0.0345349 0.0290002 0.0236561 0.0186034 0.0139835 0.00995381 0.0066464 0.00412477
 0.0100182 0.0160007 0.0235693 0.0324824 0.0423401 0.0524762 0.0618902 0.0694305 0.0741854 0.0757898 0.0744414 0.0707029 0.0652884 0.058916 0.0522028 0.0455871 0.039301 0.0334085 0.0278847 0.0226972 0.0178618 0.0134591 0.00961234 0.00644168 0.00401212
 0.00997473 0.0159219 0.0234353 0.0322692 0.0420269 0.052058 0.061397 0.0689436 0.0738397 0.0757491 0.074841 0.0715779 0.0665248 0.0602644 0.0533613 0.0463143 0.0395003 0.0331414 0.0273174 0.0220206 0.0172272 0.0129502 0.00925171 0.00621211 0.00387994
 0.00990441 0.0158078 0.023264 0.032028 0.0417052 0.0516519 0.0609141 0.0684093 0.0733029 0.0752859 0.0745514 0.071568 0.0668696 0.0609627 0.054309 0.0473227 0.040361 0.0337052 0.0275432 0.0219701 0.0170165 0.0126936 0.00902586 0.00604886 0.00377865
 0.00992873 0.0158285 0.0232603 0.031969 0.0415581 0.0513942 0.0605448 0.0679518 0.0727989 0.0747872 0.0741147 0.0712548 0.0667436 0.0610767 0.0546804 0.0479097 0.041059 0.0343757 0.0280649 0.0222822 0.0171313 0.012673 0.00894308 0.00595936 0.00370989
 0.00983925 0.0157025 0.0231055 0.031802 0.0413956 0.0512417 0.0603903 0.0677703 0.0725681 0.0745032 0.0738006 0.070956 0.0665172 0.0609781 0.0547511 0.0481641 0.0414721 0.0348812 0.0285712 0.0227042 0.0174199 0.0128267 0.00899576 0.00595616 0.00368732
 0.00976215 0.0155923 0.0229682 0.0316541 0.0412609 0.0511448 0.0603483 0.0677861 0.0726258 0.0745693 0.073834 0.0709249 0.0664156 0.0608325 0.0546123 0.0480884 0.0414989 0.0350166 0.028785 0.0229425 0.0176282 0.0129715 0.00907225 0.00598106 0.00368435
 0.00971826 0.0155153 0.0228432 0.0314664 0.0410035 0.0508271 0.0600026 0.0674639 0.0723828 0.0744449 0.0738357 0.0710274 0.0665732 0.0609997 0.0547627 0.0482218 0.0416352 0.0351789 0.0289819 0.023161 0.0178399 0.0131472 0.0091958 0.00605337 0.00371835
 0.00989709 0.0157713 0.0231633 0.0318143 0.0413274 0.0510737 0.0601311 0.067455 0.0722424 0.0742033 0.0735403 0.0707288 0.0663089 0.0607854 0.0545941 0.0480873 0.0415281 0.0351024 0.0289439 0.023164 0.0178752 0.0131974 0.00924287 0.00608657 0.00373596
 0.00995295 0.0158636 0.0233035 0.0320104 0.0415771 0.0513574 0.0604082 0.0676699 0.0723421 0.0741583 0.0733576 0.070449 0.0659907 0.0604842 0.0543469 0.0479073 0.0414106 0.0350349 0.0289151 0.0231658 0.0178998 0.013235 0.00928241 0.00611925 0.00375783
 0.00990777 0.0158073 0.0232508 0.0319861 0.0416102 0.0514703 0.0606062 0.0679351 0.0726347 0.0744242 0.0735429 0.070516 0.0659303 0.0603191 0.0541215 0.0476707 0.0412009 0.0348724 0.0288038 0.0230999 0.0178695 0.0132291 0.0092903 0.00613177 0.00376907
 0.00989452 0.0157881 0.0232269 0.0319624 0.0415961 0.0514808 0.06066 0.0680496 0.072817 0.074663 0.0738047 0.070752 0.0660909 0.0603706 0.054058 0.0475145 0.0409923 0.0346548 0.0286107 0.0229492 0.0177648 0.0131645 0.00925534 0.00611577 0.00376324
 0.00985989 0.0157339 0.0231495 0.0318605 0.0414722 0.0513425 0.0605219 0.0679334 0.0727487 0.0746663 0.0738926 0.0709191 0.066311 0.060602 0.0542559 0.0476461 0.041047 0.0346445 0.028561 0.0228876 0.0177111 0.0131276 0.00923532 0.00610797 0.00376212
 0.00997312 0.0158912 0.0233366 0.0320474 0.0416215 0.0514228 0.0605192 0.0678546 0.0726165 0.0745116 0.073747 0.0708089 0.0662523 0.060596 0.0542879 0.0476904 0.0410771 0.0346431 0.0285262 0.0228304 0.0176477 0.0130721 0.00919477 0.00608277 0.00374875
 0.00998957 0.015926 0.0234024 0.0321574 0.0417815 0.0516222 0.0607255 0.06802 0.0726961 0.0744833 0.0736216 0.0706247 0.0660578 0.0604322 0.0541769 0.0476331 0.041058 0.0346402 0.0285204 0.0228124 0.0176186 0.0130389 0.00916512 0.00606098 0.00373527
 0.010208 0.0162664 0.0238869 0.0327946 0.0425633 0.0525183 0.0616779 0.0689412 0.0734789 0.075022 0.0738387 0.0704919 0.0656046 0.0597377 0.0533465 0.0467704 0.0402427 0.033919 0.0279112 0.0223147 0.0172244 0.0127381 0.00894708 0.00591298 0.00364247
 0.00982381 0.0156956 0.0231294 0.0318904 0.0415871 0.0515674 0.0608592 0.0683588 0.0732155 0.0751164 0.0742693 0.0711785 0.0664302 0.060582 0.0541169 0.0474175 0.0407578 0.034318 0.0282174 0.0225474 0.0173969 0.0128604 0.00902862 0.00596372 0.00367187
 0.00979432 0.0156434 0.023044 0.0317612 0.0414086 0.0513458 0.0606172 0.0681341 0.0730516 0.0750496 0.0743182 0.0713389 0.0666762 0.0608712 0.0544006 0.0476533 0.0409207 0.0344052 0.0282435 0.022535 0.0173666 0.0128265 0.00899851 0.00594039 0.00365562
 0.0095668 0.0152795 0.0225087 0.03103 0.040477 0.0502421 0.0594146 0.0669497 0.0720279 0.0743223 0.0739839 0.0714353 0.0671777 0.0616979 0.0554373 0.0487732 0.0420096 0.0353789 0.0290553 0.0231724 0.0178417 0.0131637 0.00922623 0.00608577 0.00374259
 0.00936742 0.0149708 0.0220722 0.0304576 0.0397698 0.0494108 0.0584833 0.0659625 0.0710535 0.0734515 0.0733182 0.0710684 0.0671729 0.0620696 0.0561437 0.0497245 0.043088 0.0364647 0.0300502 0.0240132 0.0185027 0.0136497 0.009561 0.00630158 0.00387223
 0.00931472 0.0148942 0.0219733 0.0303416 0.0396419 0.0492696 0.0583168 0.0657489 0.0707687 0.0730812 0.0728713 0.0705858 0.0667253 0.0617427 0.0560122 0.0498265 0.0434112 0.0369508 0.0306149 0.0245722 0.0189922 0.0140362 0.00983919 0.00648505 0.00398336
 0.00921958 0.0147641 0.0218227 0.0301994 0.0395424 0.0492395 0.0583625 0.0658521 0.07089 0.0731701 0.0728796 0.0704817 0.0665074 0.0614461 0.0557033 0.0495838 0.0432985 0.0369954 0.0308 0.0248475 0.0192954 0.0143142 0.0100607 0.00664151 0.00408241
 0.00880743 0.0141752 0.0210877 0.0294004 0.0387931 0.0486503 0.05801 0.0657658 0.071054 0.0735314 0.0733594 0.0709902 0.0669631 0.0617955 0.0559329 0.0497207 0.0433961 0.0371102 0.0309687 0.0250746 0.0195566 0.014572 0.0102819 0.00680847 0.0041941
 0.00839177 0.0135287 0.0201738 0.028216 0.0373829 0.0471183 0.0565231 0.0645309 0.0702648 0.0733046 0.0736959 0.0717825 0.0680402 0.0629783 0.0570772 0.0507381 0.0442562 0.0378264 0.031575 0.0256025 0.0200207 0.0149694 0.0106024 0.00704624 0.00435417
#obs surv len freq
 nan nan nan nan nan nan nan nan nan nan nan nan nan nan nan nan nan nan nan nan nan nan nan nan nan
 0.00449169 0.00735621 0.0111891 0.0160072 0.0217082 0.0279825 0.0342943 0.0400227 0.0446993 0.0481602 0.0505154 0.0520087 0.0528987 0.0534091 0.0537218 0.0539756 0.0542533 0.0545455 0.0546838 0.0542756 0.0527139 0.0493466 0.0437975 0.036279 0.0276643
 0.00461525 0.0075617 0.0115064 0.016466 0.0223297 0.0287684 0.0352154 0.0410169 0.0456809 0.0490384 0.0512119 0.052469 0.0530964 0.0533451 0.0534193 0.0534721 0.0535926 0.0537703 0.0538333 0.0533867 0.0518255 0.0485022 0.043042 0.0356505 0.027184
 0.00477314 0.00781955 0.011897 0.017021 0.0230749 0.029714 0.0363455 0.0422823 0.0470022 0.0503163 0.0523412 0.0533535 0.0536612 0.0535463 0.0532478 0.0529507 0.052768 0.0527032 0.052591 0.0520399 0.0504496 0.0471777 0.0418486 0.0346542 0.0264211
 0.00497483 0.0081463 0.0123866 0.0177082 0.0239847 0.030852 0.0376876 0.0437709 0.0485531 0.0518322 0.0537242 0.0545105 0.0545076 0.0540113 0.0532825 0.0525366 0.0519208 0.0514715 0.0510509 0.0502899 0.0486061 0.0453683 0.0401995 0.0332681 0.0253558
 0.00518768 0.00849765 0.0129251 0.0184818 0.0250307 0.0321815 0.0392699 0.0455297 0.0503787 0.0536046 0.0553324 0.0558616 0.0555256 0.0546326 0.0534543 0.0522205 0.051101 0.050165 0.0493157 0.0482284 0.0463621 0.0431149 0.0381138 0.0314978 0.023987
 0.0054172 0.0088728 0.0134938 0.0192909 0.0261183 0.0335635 0.0409255 0.0473939 0.0523485 0.055556 0.0571394 0.0574105 0.0567229 0.0554063 0.0537508 0.0520006 0.0503399 0.0488604 0.0475031 0.0459968 0.0438614 0.0405455 0.0356949 0.02942 0.0223672
 0.00564252 0.00924332 0.0140594 0.0201009 0.0272124 0.0349573 0.0425955 0.0492722 0.0543331 0.0575296 0.0589862 0.0590252 0.0580128 0.0562923 0.0541676 0.051897 0.0496799 0.0476289 0.0457193 0.0437344 0.0412637 0.037822 0.0330887 0.0271527 0.0205832
 0.00588067 0.00963259 0.0146493 0.0209394 0.0283372 0.0363819 0.0442946 0.0511762 0.0563369 0.0595123 0.0608306 0.0606288 0.0592908 0.0571755 0.0545984 0.0518262 0.0490665 0.0464472 0.0439744 0.0414847 0.038641 0.0350334 0.0303867 0.0247771 0.0186977
 0.00611666 0.0100186 0.0152345 0.0217714 0.0294525 0.0377924 0.0459726 0.0530494 0.058299 0.0614434 0.0626165 0.0621717 0.0605118 0.0580127 0.0550025 0.0517557 0.0484849 0.0453272 0.0423124 0.0393247 0.0360989 0.0323034 0.0277159 0.0224082 0.0168031
 0.00636092 0.0104206 0.0158487 0.0226506 0.0306375 0.039294 0.0477547 0.0550243 0.0603409 0.0634148 0.0643922 0.0636521 0.0616259 0.0587135 0.0552604 0.0515494 0.0477959 0.0441403 0.0406277 0.0371808 0.0335984 0.0296243 0.0250914 0.0200729 0.0149279
 0.0066203 0.0108438 0.0164881 0.0235562 0.0318466 0.0408161 0.0495553 0.0570181 0.0624027 0.0654022 0.0661698 0.0651083 0.0626806 0.0593192 0.0553965 0.0512124 0.0469894 0.0428701 0.0389088 0.0350562 0.0311637 0.0270411 0.0225721 0.0178339 0.0131286
 0.00684114 0.0112085 0.0170475 0.0243606 0.0329361 0.0422036 0.0512107 0.0588627 0.0643207 0.0672631 0.0678495 0.0665013 0.0637056 0.0599205 0.0555435 0.050896 0.0462156 0.0416554 0.0372811 0.0330673 0.0289074 0.0246647 0.020265 0.0157877 0.011485
 0.00703614 0.0115291 0.017537 0.025062 0.0338841 0.0434121 0.0526583 0.0604872 0.066026 0.068936 0.0693773 0.0677849 0.0646659 0.060501 0.0557102 0.0506344 0.0455276 0.0405563 0.0358024 0.0312646 0.0268729 0.022534 0.0182063 0.013968 0.0100262
 0.00726253 0.0118965 0.0180882 0.0258357 0.0349061 0.0446828 0.0541405 0.0621025 0.067667 0.0704873 0.0707354 0.0688684 0.0654179 0.0608864 0.0557119 0.0502502 0.0447661 0.039437 0.0343583 0.0295507 0.0249764 0.0205781 0.0163388 0.0123321 0.00872334
 0.00743709 0.0121877 0.0185398 0.0264921 0.0358018 0.0458268 0.0555006 0.063602 0.0691968 0.0719297 0.0719856 0.0698468 0.0660727 0.0611914 0.0556608 0.0498503 0.0440339 0.0383961 0.033043 0.0280131 0.0232951 0.0188614 0.0147134 0.0109183 0.00760363
 0.00751119 0.0123123 0.0187362 0.0267849 0.0362177 0.0463888 0.056221 0.0644742 0.0701908 0.0729906 0.0730387 0.0708074 0.0668597 0.0617387 0.0559246 0.0498092 0.043686 0.0377549 0.0321368 0.0268888 0.0220231 0.0175359 0.0134434 0.0098059 0.00671923
 0.00758155 0.0124178 0.018879 0.0269632 0.0364289 0.0466348 0.0565108 0.0648235 0.0706162 0.0735022 0.0736308 0.0714529 0.0675086 0.0623249 0.0563774 0.0500666 0.0437046 0.0375151 0.0316446 0.0261761 0.0211481 0.0165802 0.0125014 0.00896624 0.00604435
 0.00767152 0.012556 0.0190716 0.0272091 0.0367192 0.0469527 0.0568336 0.0651272 0.0708845 0.0737341 0.0738429 0.0716702 0.0677499 0.0625885 0.0566354 0.0502702 0.043797 0.0374475 0.0313892 0.0257346 0.0205544 0.015896 0.0118044 0.00833218 0.00552813
 0.00772443 0.0126414 0.0191986 0.0273848 0.0369459 0.0472246 0.057134 0.0654292 0.0711571 0.0739524 0.0739962 0.0717663 0.0678107 0.0626398 0.0566938 0.0503325 0.0438376 0.0374259 0.0312651 0.0254845 0.0201828 0.0154377 0.0113153 0.007873 0.00514627
 0.00776991 0.0127082 0.0192862 0.0274889 0.0370608 0.0473463 0.0572618 0.0655643 0.071299 0.0740955 0.0741301 0.0718793 0.0678956 0.0626979 0.0567336 0.0503625 0.0438578 0.0374225 0.0312133 0.0253597 0.0199743 0.0151574 0.010997 0.00756029 0.0048776
 0.00782241 0.0127894 0.0194 0.0276351 0.037234 0.0475353 0.0574499 0.0657325 0.0714313 0.0741845 0.0741782 0.0718954 0.0678892 0.0626756 0.0566992 0.0503192 0.0438071 0.0373618 0.0311335 0.0252473 0.019819 0.0149606 0.0107749 0.0073396 0.00468492
 0.00784885 0.0128299 0.0194564 0.0277075 0.0373207 0.0476329 0.0575533 0.0658346 0.0715236 0.0742589 0.0742293 0.0719222 0.0678956 0.062668 0.0566836 0.0502991 0.0437829 0.0373304 0.031089 0.0251818 0.0197259 0.0148394 0.0106343 0.00719589 0.00455605
 0.00784944 0.0128266 0.0194438 0.0276786 0.0372695 0.0475581 0.0574615 0.0657398 0.0714438 0.0742102 0.0742214 0.0719561 0.0679649 0.0627621 0.0567909 0.0504091 0.0438866 0.0374199 0.0311566 0.0252205 0.019731 0.0148108 0.0105786 0.00712533 0.00448501
 0.0079009 0.0129034 0.0195461 0.0278009 0.0374009 0.0476836 0.0575637 0.0658026 0.0714566 0.0741726 0.0741443 0.0718583 0.0678665 0.0626784 0.0567293 0.0503695 0.0438641 0.0374073 0.031146 0.0252045 0.0197039 0.0147703 0.0105267 0.00706843 0.00443104
 0.00789824 0.0129015 0.0195478 0.0278098 0.0374199 0.0477129 0.0575989 0.0658352 0.0714766 0.0741721 0.074121 0.071817 0.0678172 0.0626336 0.0566998 0.0503609 0.0438759 0.0374335 0.0311777 0.0252325 0.0197208 0.0147722 0.0105143 0.00704591 0.00440478
 0.00790842 0.0129114 0.0195506 0.0277961 0.0373812 0.0476469 0.0575128 0.0657446 0.0713991 0.0741202 0.0740979 0.0718176 0.0678333 0.0626587 0.0567316 0.0504004 0.0439244 0.03749 0.0312379 0.0252895 0.0197675 0.0148039 0.0105298 0.00704793 0.00439832
 0.00790495 0.0129064 0.0195439 0.027787 0.0373672 0.0476231 0.0574727 0.0656828 0.0713161 0.074025 0.0740068 0.0717484 0.0677982 0.0626602 0.0567641 0.0504546 0.0439916 0.0375637 0.0313127 0.0253602 0.0198286 0.0148511 0.0105612 0.00706489 0.00440447
 0.00786839 0.012849 0.0194616 0.027678 0.0372334 0.0474704 0.057312 0.0655284 0.0711822 0.0739224 0.0739414 0.0717227 0.0678134 0.0627165 0.0568588 0.0505805 0.0441376 0.037717 0.0314617 0.0254954 0.0199436 0.0149418 0.0106269 0.00710771 0.00442912
 0.0078607 0.0128274 0.0194126 0.0275845 0.0370799 0.0472516 0.0570393 0.0652303 0.0708972 0.0736879 0.0737839 0.0716538 0.0678311 0.0628095 0.0570112 0.0507753 0.0443579 0.0379463 0.0316846 0.0256986 0.0201172 0.0150804 0.0107294 0.00717739 0.00447219
 0.00785118 0.0128123 0.0193899 0.0275508 0.0370294 0.047175 0.0569255 0.0650706 0.0706927 0.073454 0.0735505 0.071457 0.0677024 0.0627666 0.0570549 0.050893 0.0445292 0.0381488 0.0318968 0.0259021 0.0202978 0.0152288 0.0108422 0.00725612 0.00452231
 0.00782186 0.012767 0.0193264 0.0274688 0.0369307 0.0470633 0.0568055 0.0649471 0.0705683 0.0733294 0.0734264 0.0713388 0.0676027 0.0627036 0.0570464 0.0509485 0.0446463 0.0383137 0.0320892 0.0261001 0.0204821 0.0153859 0.0109648 0.0073438 0.00457943
 0.00780615 0.0127366 0.019272 0.0273797 0.0367982 0.0468863 0.0565944 0.0647234 0.0703586 0.0731569 0.073304 0.0712685 0.0675791 0.0627202 0.0571002 0.0510405 0.0447778 0.0384817 0.0322835 0.0263044 0.0206781 0.0155575 0.0111022 0.00744402 0.00464595
 0.00775333 0.012655 0.0191569 0.0272291 0.0366124 0.0466677 0.0563486 0.0644616 0.0700988 0.0729232 0.0731227 0.0711607 0.0675555 0.0627784 0.0572275 0.05122 0.0449937 0.038721 0.0325341 0.0265534 0.0209108 0.0157602 0.0112651 0.00756404 0.00472647
 0.00774715 0.0126356 0.0191108 0.0271389 0.0364624 0.0464519 0.0560765 0.0641581 0.0697967 0.0726538 0.0729089 0.0710172 0.0674905 0.0627947 0.0573219 0.0513825 0.0452083 0.0389691 0.0327971 0.026814 0.0211533 0.0159713 0.0114357 0.00769098 0.00481269
 0.00934341 0.0148763 0.0218277 0.0299549 0.038899 0.0481025 0.0567453 0.0638898 0.0688045 0.0712083 0.0712553 0.069338 0.0659043 0.0613699 0.0560914 0.050356 0.0443805 0.038325 0.0323156 0.0264705 0.0209219 0.0158262 0.0113524 0.00764799 0.00479333
 0.00930808 0.0151146 0.0227081 0.0319369 0.0423346 0.0529672 0.0624662 0.0694369 0.0730549 0.0733868 0.0711889 0.0674049 0.0627684 0.0576957 0.0523774 0.0469021 0.0413326 0.0357346 0.0301839 0.0247734 0.0196206 0.0148718 0.0106885 0.00721392 0.00452893
 0.00896445 0.014572 0.0219433 0.0309961 0.0413888 0.0523498 0.0626352 0.0708132 0.0757741 0.0771118 0.0751488 0.0706867 0.0646976 0.0580707 0.0514445 0.0451462 0.0392456 0.0336789 0.0283659 0.023278 0.0184591 0.0140168 0.0100938 0.00682571 0.00429297
 0.00882078 0.0143258 0.0215499 0.0304085 0.0405747 0.0513242 0.0615018 0.0697943 0.0751948 0.0773117 0.0763291 0.0727639 0.0672653 0.0605311 0.0532516 0.0460163 0.0392174 0.0330164 0.0273982 0.0222749 0.0175833 0.0133343 0.00960742 0.00650569 0.00409848
 0.00872117 0.0141653 0.0213099 0.0300702 0.0401196 0.0507377 0.0607822 0.0689691 0.0743407 0.0765701 0.0758993 0.0728525 0.0679941 0.0618453 0.0548951 0.0476137 0.0404271 0.0336632 0.0275091 0.0220163 0.0171571 0.0128991 0.00925044 0.00625278 0.00393905
 0.00868968 0.0141058 0.0212052 0.0298992 0.0398622 0.0503819 0.0603305 0.0684392 0.0737628 0.0759865 0.0753707 0.0724674 0.0678645 0.0620729 0.055514 0.0485433 0.0414775 0.0346044 0.0281668 0.0223339 0.0171918 0.0127668 0.00906314 0.00608329 0.00381667
 0.00868334 0.0140939 0.0211835 0.0298612 0.0397981 0.0502788 0.0601739 0.0682171 0.0734709 0.075633 0.0749797 0.0720803 0.0675404 0.0618837 0.0555293 0.0488009 0.041953 0.035203 0.0287531 0.0227877 0.0174554 0.0128548 0.00903606 0.00600819 0.00374068
 0.00869599 0.0141147 0.0212149 0.0299047 0.0398529 0.0503394 0.0602287 0.0682479 0.0734558 0.075552 0.0748216 0.0718488 0.0672587 0.061595 0.0552914 0.0486727 0.0419733 0.0353699 0.0290182 0.0230733 0.0176879 0.0129945 0.00908534 0.00599732 0.00370498
 0.00866809 0.0140742 0.0211631 0.0298464 0.0397952 0.0502903 0.0601946 0.0682321 0.0734564 0.0755606 0.074824 0.0718287 0.0672037 0.0615047 0.0551818 0.0485752 0.0419251 0.0353989 0.0291272 0.0232361 0.0178603 0.0131354 0.00917349 0.00603508 0.00370931
 0.00865762 0.014055 0.0211307 0.0297959 0.039724 0.0502006 0.0600958 0.0681393 0.0733858 0.0755234 0.0748219 0.0718527 0.067238 0.0615322 0.0551917 0.0485687 0.041916 0.0354078 0.0291709 0.023317 0.0179641 0.0132383 0.00925466 0.00608556 0.00373248
 0.0086613 0.0140609 0.021139 0.0298062 0.0397343 0.0502071 0.0600928 0.0681216 0.0733515 0.0754763 0.0747708 0.0718081 0.0672068 0.0615146 0.055182 0.04856 0.0419058 0.0354005 0.0291756 0.023341 0.0180072 0.0132915 0.00930543 0.00612404 0.00375555
 0.00862144 0.0140011 0.0210586 0.029708 0.0396246 0.0500942 0.0599861 0.0680299 0.0732821 0.0754333 0.0747549 0.0718181 0.0672405 0.0615694 0.0552535 0.0486415 0.0419898 0.0354813 0.0292512 0.0234128 0.0180763 0.0133565 0.00936201 0.00616794 0.00378506
 0.00862473 0.0140023 0.0210528 0.0296888 0.0395859 0.0500339 0.0599085 0.0679453 0.0732031 0.0753707 0.0747144 0.0718 0.0672419 0.0615865 0.0552832 0.0486813 0.0420369 0.0355326 0.0293039 0.0234646 0.0181259 0.0134025 0.00940225 0.00620014 0.003808
 0.00864264 0.0140305 0.0210934 0.0297419 0.0396488 0.0500996 0.0599659 0.0679814 0.0732074 0.0753402 0.0746549 0.0717238 0.0671627 0.0615151 0.0552255 0.0486394 0.0420105 0.0355201 0.029303 0.0234728 0.0181404 0.0134206 0.00942108 0.0062171 0.00382131
 0.00863238 0.0140163 0.0210766 0.0297256 0.0396369 0.0500959 0.0599722 0.0679967 0.0732276 0.0753584 0.0746641 0.0717196 0.0671453 0.0614892 0.0551985 0.048618 0.0419986 0.0355188 0.0293111 0.0234879 0.0181598 0.0134414 0.00944089 0.00623398 0.00383417
 0.00863238 0.0140163 0.0210766 0.0297256 0.0396369 0.0500959 0.0599722 0.0679967 0.0732276 0.0753584 0.0746641 0.0717196 0.0671453 0.0614892 0.0551985 0.048618 0.0419986 0.0355188 0.0293111 0.0234879 0.0181598 0.0134414 0.00944089 0.00623398 0.00383417
 0.00860256 0.0139704 0.0210125 0.0296437 0.0395407 0.0499924 0.059872 0.0679127 0.0731719 0.0753387 0.0746805 0.0717651 0.0672084 0.0615584 0.0552657 0.0486796 0.0420548 0.0355712 0.0293608 0.0235349 0.0182029 0.0134792 0.00947204 0.00625787 0.00385103
 0.00874764 0.0141967 0.0213343 0.0300651 0.0400519 0.0505659 0.06046 0.0684508 0.0735928 0.0755888 0.0747347 0.0716295 0.0669142 0.0611507 0.0547929 0.0481861 0.0415771 0.0351361 0.0289857 0.0232282 0.0179654 0.0133055 0.00935277 0.00618148 0.00380574
 0.00848321 0.0137935 0.020779 0.0293673 0.0392469 0.0497142 0.0596452 0.0677706 0.0731386 0.0754208 0.0748636 0.0720166 0.0674867 0.061824 0.0554897 0.0488481 0.0421685 0.0356404 0.0294005 0.023559 0.0182212 0.0134963 0.00948895 0.00627342 0.0038638
 0.00857308 0.0139053 0.0208842 0.0294193 0.0391948 0.0495245 0.0593202 0.0673516 0.0726931 0.0750222 0.0745717 0.0718664 0.0674852 0.0619523 0.0557112 0.0491186 0.0424468 0.0358966 0.0296177 0.0237322 0.0183528 0.0135925 0.00955648 0.00631869 0.00389246
 0.00836264 0.013589 0.0204551 0.0288856 0.0385736 0.0488349 0.0585813 0.0665905 0.0719553 0.074376 0.0741005 0.0716465 0.0675616 0.0623227 0.0563261 0.0498965 0.0432949 0.0367305 0.030374 0.0243728 0.0188633 0.013976 0.00982792 0.00649892 0.004004
 0.0083858 0.0136018 0.0204296 0.0287829 0.038357 0.048488 0.0581206 0.0660615 0.0714142 0.0738699 0.0736601 0.0712956 0.0673289 0.0622432 0.0564277 0.0501819 0.0437337 0.0372648 0.0309354 0.0249002 0.0193143 0.014331 0.0100862 0.00667299 0.00411239
 0.00841137 0.0136534 0.0205233 0.028934 0.0385687 0.048738 0.058356 0.0662093 0.0714091 0.0736825 0.0733092 0.070838 0.0668374 0.0617878 0.0560662 0.0499559 0.0436629 0.0373417 0.0311263 0.0251549 0.0195813 0.0145702 0.0102757 0.00680775 0.0041991
 0.00845539 0.0137301 0.0206484 0.0291256 0.0388433 0.0491028 0.0587989 0.066692 0.0718664 0.0740329 0.073476 0.070774 0.0665431 0.0613131 0.0554946 0.0493802 0.0431625 0.0369677 0.0308958 0.0250539 0.019575 0.0146172 0.0103405 0.00686728 0.00424339
 0.00846708 0.0137541 0.0206944 0.0292063 0.0389731 0.0492939 0.059057 0.0670123 0.072231 0.0744084 0.073814 0.071017 0.0666372 0.0612264 0.0552318 0.0489852 0.0427063 0.0365268 0.0305302 0.0247943 0.0194216 0.0145481 0.0103251 0.00687769 0.00426069
 0.00845757 0.0137388 0.020672 0.0291773 0.0389412 0.0492683 0.0590529 0.0670489 0.072326 0.0745707 0.0740368 0.0712746 0.0668878 0.0614202 0.0553249 0.0489553 0.0425617 0.0363052 0.0302849 0.024575 0.0192591 0.0144497 0.0102797 0.00686619 0.00426515
#pred catch len freq
 0.00454413 0.00721103 0.0105576 0.0145134 0.0190279 0.0240443 0.0294287 0.0349442 0.0403031 0.0452414 0.0495632 0.0531532 0.055977 0.0580636 0.0594663 0.0602216 0.0603263 0.0597343 0.0583507 0.0560114 0.0524775 0.0475036 0.0410101 0.0332837 0.0250417
 0.00483655 0.00758058 0.0109224 0.0147427 0.0189916 0.0236829 0.0288002 0.0342093 0.0396485 0.0447873 0.0493108 0.0530015 0.0557906 0.0577523 0.0590378 0.0597854 0.0600497 0.0597672 0.0587515 0.0567119 0.0533075 0.048265 0.0415597 0.0335785 0.0251287
 0.00515643 0.00808613 0.0116484 0.0156913 0.0201089 0.0248389 0.0297937 0.0348188 0.039723 0.0443259 0.0484686 0.0520069 0.0548289 0.0568957 0.0582634 0.0590526 0.0593704 0.0592183 0.0584272 0.0566546 0.0534691 0.048526 0.0417909 0.033701 0.0251351
 0.00542723 0.00851788 0.0122844 0.0165709 0.021264 0.0262814 0.0314897 0.0366568 0.041499 0.0457703 0.0493241 0.0521266 0.0542364 0.0557634 0.0568229 0.0575016 0.0578372 0.0577835 0.0571566 0.0556028 0.0526568 0.0479246 0.041338 0.0333364 0.0248272
 0.00574338 0.00900496 0.0129695 0.0174672 0.0223775 0.0276181 0.0330541 0.0384384 0.0434476 0.0477694 0.0511785 0.0535826 0.0550455 0.0557682 0.0560173 0.0560295 0.0559295 0.05568 0.0550557 0.0536467 0.0509352 0.0464803 0.0401746 0.0324329 0.0241533
 0.00612705 0.00959547 0.013797 0.01854 0.023685 0.0291366 0.0347495 0.0402658 0.0453523 0.0496873 0.0530265 0.0552423 0.0563521 0.0565259 0.0560511 0.0552507 0.054381 0.0535311 0.0525508 0.0510413 0.0484466 0.0442649 0.0383249 0.0309834 0.0230913
 0.00653053 0.0102219 0.0146856 0.0197098 0.0251355 0.0308485 0.0366804 0.0423462 0.047488 0.0517714 0.0549535 0.0569149 0.0576757 0.0573964 0.0563485 0.0548568 0.0532217 0.051625 0.0500329 0.0481447 0.0454509 0.041436 0.0358675 0.0290159 0.0216419
 0.00690728 0.0108091 0.0155235 0.0208221 0.0265303 0.0325183 0.0385961 0.0444498 0.04969 0.0539574 0.0569972 0.0586931 0.05908 0.0583363 0.0567447 0.0546329 0.0523096 0.0499924 0.0477242 0.0453094 0.0423363 0.0383398 0.0330689 0.0267129 0.0199186
 0.00729387 0.011411 0.0163808 0.021958 0.0279519 0.0342173 0.040544 0.0465901 0.0519357 0.0561954 0.0590995 0.0605293 0.0605309 0.0593033 0.0571524 0.0544244 0.0514413 0.0484405 0.0455098 0.0425327 0.0391971 0.0351191 0.0300697 0.0241825 0.0179893
 0.00763037 0.0119373 0.0171356 0.0229663 0.0292257 0.0357543 0.0423223 0.048561 0.0540221 0.0582966 0.0611005 0.0623106 0.0619779 0.060315 0.0576468 0.054339 0.050732 0.0470844 0.0435207 0.0399879 0.0362607 0.0320404 0.0271396 0.02166 0.0160329
 0.00797811 0.0124787 0.0179066 0.0239873 0.0305017 0.0372754 0.0440594 0.0504602 0.0560037 0.060262 0.062942 0.0639223 0.0632634 0.0611924 0.0580502 0.054217 0.0500461 0.0458129 0.0416717 0.0376228 0.0335179 0.0291386 0.0243455 0.0192241 0.0141199
