SBPRF35
7.78865
Curr Bio
482694
B35
680370
F35
0.212513
FOFL
0.151968
OFL
59886.1
Bzero
2.22533e+006
#pred survey bio
 4.79354e+006 4.52311e+006 4.25973e+006 3.94808e+006 3.60881e+006 3.24847e+006 2.91094e+006 2.57104e+006 2.25192e+006 1.98439e+006 1.73546e+006 1.57139e+006 1.39023e+006 1.23591e+006 1.08463e+006 965205 868250 802619 753400 714091 682972 654114 622398 614704 613149 613730 605113 600326 598074 603026 600274 594320 595531 591190 582946 573835 564826 559298 565426 574593 573160 587379 588787 584889 595366 598779 603935 608098 618795 614666 618420 593165 564559 531942 521874 510754 519886 497330 494522 490784 488043 1.75409e+007 1.04541e+007 1.06811e+007 1.14394e+007 1.24806e+007 1.35617e+007 1.45371e+007 1.5346e+007 1.59811e+007 1.6462e+007 1.68173e+007 1.70759e+007 1.72624e+007 1.73964e+007 1.74926e+007 1.75618e+007 1.76118e+007 1.76481e+007 1.76747e+007 1.76943e+007 1.77087e+007 1.77195e+007 1.77276e+007 1.77337e+007 1.77383e+007 1.77418e+007 1.77445e+007 1.77465e+007 1.7748e+007 1.77492e+007 1.77501e+007 1.77508e+007 1.77514e+007 1.77518e+007 1.77521e+007 1.77524e+007 1.77525e+007 1.77527e+007 1.77528e+007 1.77529e+007 1.7753e+007 1.7753e+007 1.77531e+007 1.77531e+007 1.77531e+007 1.77531e+007 1.77532e+007 1.77532e+007 1.77532e+007 1.77532e+007 1.77532e+007 1.77532e+007 1.77532e+007 1.77532e+007 1.77532e+007 1.77532e+007 1.77532e+007 1.77532e+007 1.77532e+007 1.77532e+007 1.77532e+007 1.77532e+007 1.77532e+007 1.77532e+007 1.77532e+007 1.77532e+007 1.77532e+007 1.77532e+007 1.77532e+007 1.77532e+007 1.77532e+007 1.77532e+007 1.77532e+007 1.77532e+007 1.77532e+007 1.77532e+007 1.77532e+007 1.77532e+007 1.77532e+007 1.77532e+007 1.77532e+007 1.77532e+007 1.77532e+007 1.77532e+007 1.77532e+007 1.77532e+007 1.77532e+007 1.77532e+007 1.77532e+007 1.77532e+007 1.77532e+007 1.77532e+007 1.77532e+007 1.77532e+007 1.77532e+007 1.77532e+007 1.77532e+007 1.77532e+007 1.77532e+007 1.77532e+007 0 0 0 0 0 0 0 0 0 0 0 0 0 0 0 0 0 0 0 0 0 0 0 0 0
#obs survey bio
 3.73868e+006 3.89347e+006 4.0605e+006 3.81248e+006 2.53884e+006 2.68338e+006 2.7593e+006 2.45567e+006 1.60569e+006 1.40701e+006 1.36954e+006 1.42586e+006 1.179e+006 822203 973185 682982 864627 586148 689418 500474 681763 567037 764256 568328 519033 401157 458035 685907 444276 460305 459141 619882 518470 580283 706371 563694 640177 584191 651590 541893 465574 597566 763447 591410 421188 622014 584297 715362 528704 609393 608441 758127 546445 510035 509514 630784 516578 670861 534561 574115 634107
#pred catch bio
 96684.4 95415.4 154313 203566 253276 265971 301409 313896 295059 301061 242936 269467 252241 251788 223752 202752 174069 158312 147384 137272 131847 130501 107918 102346 100931 108657 104422 101107 94659.3 100718 101689 93186.2 94716.1 93709.1 90099 88666.6 88589.3 83011.7 83215.4 92733.2 79924.8 91121.2 95378.5 83941.9 90893.2 89823.9 91104.2 86318.5 98794.3 91424.6 114471 115496 117374 97329.5 97299.1 80037.1 105903 88127.1 88185.8 85334.9 68741.8 59886.1 80650 80961.4 85382.9 92733.5 100634 107717 113468 117850 121043 123294 124842 125888 126583 127040 127337 127529 127653 127732 127783 127815 127835 127848 127856 127861 127864 127866 127867 127868 127869 127869 127869 127869 127869 127869 127869 127869 127869 127869 127869 127869 127869 127869 127869 127869 127869 127869 127869 127869 127869 127869 127869 127869 127869 127869 127869 127869 127869 127869 127869 127869 127869 127869 127869 127869 127869 127869 127869 127869 127869 127869 127869 127869 127869 127869 127869 127869 127869 127869 127869 127869 127869 127869 127869 127869 127869 127869 127869 127869 127869 127869 127869 127869 127869 127869 127869 127869 127869 127869 127869 0 0 0 0 0 0 0 0 0 0 0 0 0 0 0 0 0 0 0 0 0 0 0 0 0
#obs catch bio
 0 95133.2 154958 204685 256144 268747 306837 320257 301741 311257 249611 278892 260231 260574 229711 208484 177460 162037 150880 140370 134346 133282 109296 103903 102380 111088 106827 102586 96084.7 102665 104148 94691.4 96339 95003.2 90800.1 89236.9 89233.2 83468.3 83384.2 93001.1 79804.4 91290.9 95444.9 83935.1 91481 90172 91307.3 86479.2 99365.9 91540.3 114775 115429 117725 97133.4 97435 79539.7 106202 87934.5 88188.5 85641.9 68614.8
#pred cpue bio
 4.71891e+006 4.45387e+006 4.19443e+006 3.88449e+006 3.54667e+006 3.18807e+006 2.85207e+006 2.51406e+006 2.19689e+006 1.93085e+006 1.68377e+006 1.52091e+006 1.34215e+006 1.19023e+006 1.0418e+006 924776 829977 765862 717941 680006 650223 622650 592201 584855 583300 583692 575256 570886 569018 573880 571306 565979 567874 564481 557442 549337 540011 532999 537923 546922 545913 559855 561254 557390 567370 570603 575665 579682 590036 586143 590017 565535 537411 505415 495628 485112 494116 472225 469466 466077 464102 1.67366e+007 9.99306e+006 1.00918e+007 1.07043e+007 1.16949e+007 1.27643e+007 1.37374e+007 1.45459e+007 1.51809e+007 1.56617e+007 1.60171e+007 1.62757e+007 1.64622e+007 1.65962e+007 1.66923e+007 1.67615e+007 1.68116e+007 1.68479e+007 1.68745e+007 1.6894e+007 1.69085e+007 1.69193e+007 1.69274e+007 1.69335e+007 1.69381e+007 1.69416e+007 1.69442e+007 1.69462e+007 1.69478e+007 1.6949e+007 1.69499e+007 1.69506e+007 1.69511e+007 1.69515e+007 1.69519e+007 1.69521e+007 1.69523e+007 1.69525e+007 1.69526e+007 1.69527e+007 1.69527e+007 1.69528e+007 1.69528e+007 1.69529e+007 1.69529e+007 1.69529e+007 1.69529e+007 1.69529e+007 1.69529e+007 1.69529e+007 1.69529e+007 1.6953e+007 1.6953e+007 1.6953e+007 1.6953e+007 1.6953e+007 1.6953e+007 1.6953e+007 1.6953e+007 1.6953e+007 1.6953e+007 1.6953e+007 1.6953e+007 1.6953e+007 1.6953e+007 1.6953e+007 1.6953e+007 1.6953e+007 1.6953e+007 1.6953e+007 1.6953e+007 1.6953e+007 1.6953e+007 1.6953e+007 1.6953e+007 1.6953e+007 1.6953e+007 1.6953e+007 1.6953e+007 1.6953e+007 1.6953e+007 1.6953e+007 1.6953e+007 1.6953e+007 1.6953e+007 1.6953e+007 1.6953e+007 1.6953e+007 1.6953e+007 1.6953e+007 1.6953e+007 1.6953e+007 1.6953e+007 1.6953e+007 1.6953e+007 1.6953e+007 1.6953e+007 1.6953e+007 1.6953e+007 1.6953e+007 0 0 0 0 0 0 0 0 0 0 0 0 0 0 0 0 0 0 0 0 0 0 0 0 0
#obs cpue bio
 2.9898e+006 3.74836e+006 2.5264e+006 2.68191e+006 2.47235e+006 3.67425e+006 1.58718e+006 2.22719e+006 1.74768e+006 1.19097e+006 1.26169e+006 1.35822e+006 1.2267e+006 1.26151e+006 1.14411e+006 825209 855585 570082 538780 699807 601105 525687 467953 416114 551790 463284 465895 690311 483155 495940 399805 588013 519038 600539 605247 558707 429391 481375 577868 665688 673164 516408 499046 452284 529736 590526 695639 406996 631141 577793 734628 489284 488600 602696 487861 497721 423132 364430 419752 332439 431155
#pred surv len freq
 0.00497403 0.00808874 0.0121971 0.0172848 0.0232283 0.0297117 0.036201 0.0420754 0.0468626 0.0503977 0.0527973 0.0543189 0.0552288 0.0557328 0.0559491 0.0559045 0.0555485 0.0547771 0.0534428 0.0513407 0.0482015 0.0437539 0.037886 0.0308365 0.0232602
 0.00527025 0.00845258 0.0125325 0.0174442 0.0230698 0.0291809 0.0353836 0.0411766 0.0461139 0.0499445 0.0526385 0.0543286 0.0552394 0.0556258 0.0557113 0.0556289 0.055388 0.0548704 0.0538453 0.0519932 0.0489538 0.044432 0.0383662 0.0310855 0.0233242
 0.00555729 0.008926 0.0132484 0.0184348 0.0243091 0.0305486 0.036659 0.0420938 0.0464699 0.0497001 0.0519363 0.053407 0.0543033 0.0547647 0.0549112 0.0548489 0.0546328 0.054207 0.0533609 0.0517319 0.0488818 0.0444539 0.0383794 0.0310311 0.0232027
 0.00580087 0.00932386 0.0138523 0.0192973 0.0254759 0.0320394 0.038438 0.0440395 0.0483669 0.051273 0.0529277 0.0536704 0.053857 0.0537685 0.05358 0.0533664 0.0531181 0.0527363 0.051999 0.0505376 0.0478873 0.0436508 0.0377301 0.0304975 0.0227664
 0.00606976 0.00975214 0.0144812 0.0201622 0.0266033 0.0334417 0.0401041 0.045924 0.0503815 0.0532794 0.0547364 0.0550591 0.0546183 0.053776 0.0528363 0.0519993 0.0513279 0.0507306 0.0499522 0.0485811 0.0461134 0.042116 0.0364586 0.0294892 0.0220062
 0.00639384 0.0102661 0.015231 0.021182 0.0279109 0.0350308 0.0419358 0.0479251 0.052454 0.0553153 0.0566238 0.0566753 0.0558208 0.0544106 0.0527722 0.0511781 0.0497974 0.0486407 0.0475155 0.0460228 0.043633 0.0398687 0.0345485 0.0279688 0.0208789
 0.00668233 0.0107333 0.0159305 0.0221624 0.0292059 0.0366453 0.0438306 0.0500132 0.0546144 0.0574172 0.0585485 0.058323 0.0571026 0.0552346 0.0530376 0.0507895 0.0486991 0.0468558 0.0451651 0.0433122 0.0408114 0.0371795 0.032188 0.0260591 0.0194588
 0.00703625 0.0112929 0.016744 0.0232656 0.0306186 0.0383639 0.0458178 0.0521912 0.0568692 0.0596148 0.0605547 0.0600192 0.0583938 0.0560476 0.053311 0.0504647 0.0477248 0.0452115 0.0428969 0.040558 0.0377969 0.034179 0.0294638 0.0238037 0.0177598
 0.00744696 0.0119417 0.0176848 0.0245353 0.0322303 0.0402975 0.0480097 0.0545329 0.0592223 0.0618367 0.0625199 0.0616284 0.0595717 0.0567374 0.0534681 0.0500515 0.0467086 0.043574 0.0406591 0.0378127 0.0347275 0.0310447 0.0265469 0.0213379 0.0158735
 0.00774698 0.0124338 0.0184331 0.0256011 0.0336582 0.0420949 0.0501269 0.0568579 0.0615987 0.0640972 0.064517 0.0632503 0.0607436 0.0574139 0.0536222 0.0496639 0.0457624 0.0420591 0.0385907 0.0352597 0.0318382 0.0280465 0.0237074 0.0188972 0.0139794
 0.00806118 0.0129358 0.0191731 0.0266219 0.0349903 0.0437467 0.0520709 0.0590206 0.0638622 0.0663133 0.0665292 0.064916 0.0619527 0.0580981 0.0537526 0.0492385 0.0447913 0.040558 0.0365889 0.0328231 0.0290951 0.0251953 0.0209902 0.0165412 0.0121338
 0.00817514 0.0131299 0.0194822 0.0270858 0.0356479 0.0446261 0.0531786 0.0603359 0.0653396 0.0678877 0.0681192 0.0664251 0.063273 0.0591206 0.0543817 0.0494042 0.0444543 0.0397081 0.035246 0.0310462 0.0269959 0.0229439 0.0187952 0.0146039 0.0105938
 0.00839335 0.0134803 0.0200013 0.0278046 0.0365862 0.0457834 0.0545245 0.0618074 0.0668498 0.0693432 0.0694367 0.0675395 0.0641361 0.0596939 0.0546293 0.0492904 0.0439472 0.0387887 0.0339199 0.0293573 0.0250389 0.0208661 0.0167788 0.0128256 0.00917788
 0.00856335 0.013759 0.020425 0.0284082 0.037396 0.0468057 0.0557345 0.0631447 0.0682273 0.0706643 0.0706125 0.0685002 0.0648351 0.0601055 0.0547423 0.0490988 0.0434436 0.0379653 0.0327784 0.0279257 0.0233876 0.0191128 0.0150738 0.0113175 0.00797286
 0.00883638 0.0141871 0.0210398 0.0292287 0.0384255 0.0480278 0.0571062 0.0645936 0.0696576 0.0719713 0.0717003 0.0692954 0.0652945 0.0602177 0.0545217 0.0485749 0.0426487 0.0369267 0.0315204 0.0264813 0.0218139 0.0175008 0.0135403 0.00997863 0.00691101
 0.00904832 0.0145259 0.0215384 0.0299128 0.0393069 0.0490958 0.0583196 0.0658799 0.070924 0.073124 0.0726593 0.070002 0.0657112 0.0603271 0.0543253 0.0480914 0.0419089 0.0359672 0.0303797 0.0252025 0.0204532 0.0161337 0.0122578 0.00886921 0.00603594
 0.00929794 0.0149084 0.0220712 0.0305973 0.0401309 0.0500364 0.0593431 0.0669395 0.0719604 0.0740703 0.0734501 0.0705825 0.0660434 0.0603922 0.054123 0.0476362 0.0412267 0.0350919 0.0293514 0.0240679 0.0192682 0.0149654 0.0111799 0.0079489 0.005317
 0.00940915 0.0150903 0.0223461 0.030985 0.0406425 0.0506664 0.0600636 0.0677024 0.0727091 0.0747546 0.0740349 0.0710454 0.0663669 0.0605583 0.054114 0.04744 0.0408418 0.0345302 0.0286383 0.0232421 0.0183806 0.0140768 0.0103542 0.00724243 0.00476504
 0.00939562 0.0150817 0.0223585 0.0310429 0.0407747 0.0508973 0.0604047 0.0681467 0.0732306 0.0753129 0.0745832 0.071539 0.0667704 0.0608473 0.0542725 0.0474565 0.0407087 0.0342464 0.028214 0.022702 0.0177647 0.0134369 0.00974644 0.00671571 0.00435068
 0.00939971 0.0150818 0.0223478 0.0310137 0.0407243 0.0508356 0.0603575 0.0681524 0.0733271 0.075522 0.0749002 0.0719329 0.0671934 0.0612475 0.0546048 0.0476874 0.0408167 0.0342211 0.0280563 0.0224259 0.017399 0.0130231 0.0093322 0.00634473 0.00405276
 0.00940519 0.0150878 0.0223511 0.0310087 0.0407035 0.0507915 0.0602867 0.0680596 0.0732295 0.0754494 0.0748885 0.0720114 0.0673715 0.0615087 0.0549099 0.0479863 0.0410615 0.0343756 0.0281007 0.0223584 0.0172353 0.0127938 0.00907621 0.0061004 0.00384858
 0.00945105 0.0151542 0.0224357 0.0311037 0.040797 0.0508705 0.060339 0.068076 0.0732055 0.0753878 0.0748018 0.0719225 0.0673092 0.0614979 0.0549613 0.0480904 0.0411903 0.0344918 0.0281698 0.022359 0.0171639 0.0126643 0.00891472 0.00593641 0.00370616
 0.00966622 0.0154698 0.0228467 0.0315822 0.0412983 0.0513448 0.060741 0.0683694 0.0733653 0.0754024 0.0746757 0.0716771 0.0669804 0.0611303 0.0545999 0.0477704 0.0409294 0.0342876 0.0280046 0.0222096 0.0170127 0.0125059 0.00875558 0.00578986 0.00358485
 0.00977643 0.0156301 0.0230522 0.0318147 0.0415292 0.0515416 0.0608746 0.0684198 0.0733264 0.0752849 0.0745046 0.0714842 0.0667942 0.0609704 0.0544761 0.0476859 0.0408827 0.0342724 0.0280086 0.0222164 0.0170069 0.0124789 0.00870869 0.00573203 0.00352781
 0.00985578 0.015751 0.0232184 0.0320224 0.0417665 0.0517875 0.0611002 0.0685917 0.0734144 0.0752719 0.0743932 0.0712965 0.066565 0.0607362 0.0542662 0.047518 0.0407624 0.0341961 0.0279663 0.0221947 0.016992 0.0124601 0.00868157 0.0056985 0.00349346
 0.0097841 0.0156594 0.0231264 0.0319628 0.0417751 0.0518881 0.0612913 0.0688444 0.0736818 0.0755038 0.0745506 0.0713593 0.0665344 0.0606315 0.0541179 0.0473583 0.0406176 0.0340814 0.0278855 0.0221427 0.0169591 0.0124363 0.00865988 0.00567639 0.00347198
 0.0096327 0.0154467 0.022869 0.0316998 0.0415603 0.0517753 0.0613193 0.0690269 0.074002 0.0759157 0.0749867 0.071747 0.0668151 0.0607757 0.0541294 0.0472669 0.0404658 0.0339104 0.0277261 0.0220113 0.0168595 0.0123645 0.00860872 0.00563964 0.0034455
 0.00964336 0.0154332 0.0227941 0.0315159 0.0412296 0.0512976 0.0607512 0.0684757 0.0735911 0.0757386 0.0750745 0.0720632 0.0672756 0.0612809 0.0545933 0.047636 0.0407231 0.0340681 0.0278114 0.0220528 0.0168787 0.0123737 0.00861309 0.00564079 0.00344427
 0.00975179 0.0155878 0.0229847 0.0317139 0.0413899 0.0513656 0.0606755 0.0682264 0.0731795 0.0752281 0.0745698 0.0716767 0.067085 0.0613019 0.0547815 0.0479131 0.0410108 0.0343123 0.0279896 0.022168 0.0169463 0.0124107 0.00863242 0.00565035 0.0034484
 0.00964262 0.0154413 0.0228206 0.0315675 0.0412986 0.0513492 0.0607214 0.0682895 0.0731994 0.0751565 0.0743943 0.0714305 0.0668375 0.0611315 0.0547438 0.0480193 0.0412277 0.034582 0.0282549 0.0223907 0.0171122 0.0125231 0.00870298 0.00569185 0.00347127
 0.00942032 0.0151197 0.0224115 0.0311109 0.0408554 0.050987 0.060498 0.0682389 0.0733211 0.0754097 0.0747068 0.0717222 0.0670513 0.0612551 0.0548079 0.0480758 0.0413198 0.0347242 0.0284327 0.0225745 0.0172741 0.0126478 0.00878866 0.00574504 0.0035014
 0.00926579 0.0148712 0.022045 0.0306116 0.0402285 0.0502693 0.0597656 0.0675985 0.0728826 0.0752493 0.0748392 0.0720972 0.067575 0.0618239 0.0553417 0.0485357 0.0417057 0.0350564 0.0287301 0.0228428 0.0175069 0.0128356 0.008927 0.00583759 0.00355757
 0.00905896 0.014549 0.0215864 0.0300066 0.0394802 0.0493975 0.0588133 0.0666373 0.0720108 0.074578 0.0744682 0.0720875 0.0679277 0.0624766 0.0561868 0.0494531 0.0425956 0.0358567 0.0294155 0.0234102 0.017962 0.0131858 0.00918165 0.00600988 0.00366481
 0.0087922 0.0141483 0.0210444 0.029338 0.0387166 0.0485786 0.0579811 0.0658356 0.071286 0.0739797 0.0740484 0.0718966 0.0680056 0.0628383 0.0568086 0.0502701 0.0435147 0.036781 0.0302666 0.0241404 0.0185523 0.0136372 0.00950725 0.00622975 0.00380237
 0.00880161 0.0141211 0.0209269 0.029059 0.0382109 0.0478224 0.0570177 0.0647728 0.0702619 0.0731177 0.0734267 0.0715462 0.0679273 0.0630203 0.0572324 0.0509041 0.0443062 0.0376566 0.0311442 0.0249462 0.0192355 0.0141748 0.00990054 0.00649685 0.00397
 0.00958163 0.0152214 0.0222698 0.0304602 0.0394229 0.0486103 0.0572278 0.0643655 0.0693086 0.0717749 0.071899 0.0700416 0.0666151 0.062006 0.0565568 0.050559 0.0442515 0.0378313 0.0314737 0.0253516 0.0196453 0.0145365 0.0101863 0.00670086 0.00410227
 0.0102466 0.0162792 0.0238087 0.0325202 0.0419569 0.0514405 0.0600263 0.0666981 0.0707537 0.0720684 0.0710252 0.0682213 0.0642101 0.0593996 0.054064 0.0483868 0.0425003 0.036518 0.0305595 0.0247658 0.0193049 0.0143614 0.0101099 0.0066756 0.00409887
 0.0101051 0.016165 0.023851 0.0329112 0.0429011 0.0530709 0.0623236 0.0694548 0.0736009 0.0745574 0.0727372 0.0688768 0.0637429 0.0579666 0.0519826 0.0460304 0.0401989 0.0344986 0.0289345 0.0235532 0.0184613 0.0138131 0.00977691 0.00648686 0.00399912
 0.00970598 0.0155617 0.0230355 0.0319269 0.0418573 0.0521491 0.0617649 0.069509 0.0744376 0.0761702 0.0749007 0.0711921 0.0657606 0.0593299 0.0525296 0.0458156 0.0394375 0.0334696 0.0278881 0.0226559 0.0177854 0.0133577 0.00950028 0.00633501 0.00392387
 0.00954122 0.0152747 0.0225704 0.0312261 0.0408842 0.0509217 0.060387 0.0681791 0.0734181 0.0757216 0.0751978 0.0722522 0.0674135 0.061254 0.054349 0.0472215 0.0402781 0.0337693 0.027797 0.0223663 0.0174584 0.0130885 0.00932 0.0062339 0.00387649
 0.0096437 0.0154155 0.0227323 0.0313703 0.0409529 0.050847 0.0601074 0.0676618 0.0726859 0.0748736 0.0744057 0.0717199 0.0673066 0.0616282 0.0551153 0.0481729 0.0411695 0.0344115 0.0281161 0.0224033 0.0173213 0.0128911 0.00914081 0.00610638 0.00380098
 0.00956396 0.0152991 0.0225809 0.0311918 0.0407556 0.0506323 0.0598635 0.0673659 0.072314 0.0744179 0.0738929 0.0712229 0.066938 0.0615082 0.0553226 0.0487002 0.0419135 0.0352082 0.0288063 0.0228913 0.0175946 0.0129993 0.00915507 0.00608515 0.00377711
 0.00960116 0.0153545 0.022655 0.031282 0.0408575 0.0507399 0.059969 0.0674554 0.0723643 0.0743963 0.0737658 0.0709728 0.066582 0.0611078 0.0549715 0.0484916 0.0418983 0.0353705 0.0290711 0.0231627 0.0177997 0.0131118 0.00918996 0.00607578 0.00375353
 0.00974312 0.0155657 0.0229361 0.0316202 0.0412287 0.0511145 0.0603161 0.0677453 0.0725705 0.0744972 0.0737457 0.0708225 0.0663019 0.0607151 0.054508 0.048022 0.0414952 0.0350876 0.0289223 0.0231193 0.0178105 0.0131304 0.00919207 0.00605995 0.00372975
 0.00963732 0.0154197 0.0227641 0.0314509 0.0410962 0.0510448 0.0603165 0.0678044 0.0726666 0.0746092 0.073859 0.070927 0.0663874 0.0607691 0.0545207 0.0479946 0.0414452 0.0350441 0.0289119 0.0231521 0.0178754 0.013204 0.00925311 0.00609856 0.0037478
 0.0095824 0.0153344 0.0226444 0.0312986 0.0409224 0.0508719 0.060177 0.0677335 0.0726885 0.0747248 0.0740431 0.0711381 0.0665837 0.0609213 0.0546152 0.0480318 0.0414361 0.0350079 0.0288713 0.023126 0.017872 0.0132193 0.00927622 0.00611912 0.00376081
 0.0096224 0.0153807 0.0226796 0.0312959 0.0408533 0.0507197 0.0599481 0.0674602 0.0724214 0.0745177 0.0739363 0.0711466 0.0666943 0.0610985 0.0548153 0.048217 0.0415835 0.0351116 0.0289387 0.0231708 0.017907 0.0132516 0.00930639 0.00614441 0.00377887
 0.0096095 0.0153714 0.0226858 0.0313323 0.0409293 0.0508284 0.0600615 0.0675354 0.0724198 0.074425 0.0737726 0.0709584 0.0665334 0.0610014 0.0547913 0.0482509 0.0416475 0.035179 0.0289933 0.0232083 0.0179313 0.0132688 0.0093205 0.00615654 0.00378843
 0.00945763 0.0151462 0.0223882 0.0309798 0.040554 0.0504713 0.0597649 0.067334 0.0723309 0.074442 0.0738678 0.0710976 0.0666922 0.0611734 0.0549831 0.0484686 0.0418866 0.0354235 0.0292222 0.0234049 0.0180876 0.0133853 0.00940283 0.00621187 0.00382353
 0.00941447 0.0150806 0.0222983 0.0308679 0.040427 0.050341 0.0596475 0.0672483 0.0722934 0.0744604 0.0739363 0.0711966 0.0667955 0.0612588 0.0550414 0.0485058 0.0419172 0.0354602 0.0292696 0.0234587 0.0181401 0.01343 0.00943676 0.00623543 0.0038387
 0.00940542 0.0150513 0.0222279 0.0307298 0.0401981 0.0500147 0.0592445 0.0668172 0.0718985 0.0741631 0.0737786 0.0711922 0.0669299 0.0614965 0.0553372 0.0488177 0.0422154 0.0357297 0.0295055 0.0236604 0.018307 0.0135616 0.0095342 0.00630236 0.00388109
 0.00966328 0.0154503 0.0227886 0.0314513 0.0410516 0.0509382 0.0601415 0.067569 0.0723931 0.0743305 0.0736127 0.0707477 0.0662982 0.0607749 0.0546062 0.0481313 0.0416031 0.0352039 0.0290693 0.0233123 0.0180415 0.0133694 0.00940298 0.00621828 0.00383081
 0.00977178 0.0156473 0.0231217 0.0319743 0.0418071 0.0519318 0.0613193 0.068813 0.0735429 0.0752225 0.0741211 0.0708129 0.0659358 0.0600655 0.0536698 0.0470954 0.0405762 0.0342623 0.0282567 0.0226461 0.0175218 0.0129846 0.00913406 0.00604223 0.00372362
 0.00982964 0.0157516 0.0232989 0.0322586 0.0422362 0.0525378 0.0621149 0.0697779 0.0746135 0.0762918 0.075052 0.0714664 0.0662069 0.0599127 0.0531261 0.0462556 0.0395682 0.0332143 0.027272 0.0217923 0.0168311 0.012461 0.00876231 0.00579598 0.00357235
 0.00972308 0.0155817 0.0230515 0.0319283 0.0418345 0.0521024 0.0617154 0.0695086 0.0745703 0.076539 0.0755933 0.0722339 0.0670742 0.0607283 0.0537553 0.0466169 0.0396494 0.0330641 0.0269743 0.0214355 0.0164856 0.0121698 0.00854221 0.00564489 0.00347771
 0.00987818 0.0157895 0.023282 0.0321257 0.0419324 0.0520489 0.061496 0.0691557 0.074157 0.0761614 0.0753467 0.0721872 0.0672474 0.0610819 0.0541998 0.0470409 0.0399567 0.0332028 0.0269461 0.0212843 0.0162733 0.0119527 0.00835755 0.00550808 0.00338767
 0.00978998 0.0156623 0.023119 0.0319358 0.0417222 0.0518131 0.0612149 0.0688059 0.0737329 0.0756948 0.0749113 0.0718807 0.0671578 0.0612544 0.0546175 0.0476284 0.0406035 0.0337987 0.0274129 0.0215919 0.0164359 0.0120111 0.00835727 0.00548487 0.00336249
 0.00991549 0.0158726 0.0234458 0.032409 0.0423587 0.0526004 0.0620958 0.0696763 0.0744585 0.0761453 0.0749995 0.0715916 0.0665572 0.06047 0.053798 0.0468967 0.0400245 0.0333747 0.0271045 0.0213496 0.016225 0.01182 0.00819082 0.00535231 0.00326793
 0.0097773 0.0156655 0.0231686 0.032077 0.0420057 0.0522774 0.0618659 0.0696014 0.0745778 0.0764536 0.075438 0.0720632 0.0669603 0.0607361 0.0539136 0.0468989 0.0399751 0.0333273 0.0270839 0.0213517 0.0162315 0.0118154 0.00817145 0.00532394 0.00323934
 0.0094277 0.0151568 0.0225143 0.0313288 0.0412406 0.0515762 0.0612963 0.0692137 0.074408 0.0765231 0.0757466 0.0725786 0.0676151 0.0614385 0.0545721 0.047449 0.0403941 0.0336293 0.0273009 0.0215124 0.0163519 0.0119009 0.00822499 0.00535122 0.00324897
 0.00890073 0.0143601 0.0214295 0.0299863 0.0397193 0.049997 0.0598123 0.0679923 0.0735984 0.0762189 0.075963 0.0732568 0.0686463 0.0626917 0.0559139 0.0487593 0.0415794 0.0346338 0.0281072 0.0221319 0.0168104 0.0122271 0.0084452 0.00549001 0.00332924
#obs surv len freq
 nan nan nan nan nan nan nan nan nan nan nan nan nan nan nan nan nan nan nan nan nan nan nan nan nan
 0.00448659 0.00734893 0.01118 0.0159974 0.0216989 0.0279748 0.034289 0.0400198 0.0446984 0.0481608 0.0505171 0.0520112 0.0529018 0.0534128 0.0537259 0.0539799 0.0542578 0.0545501 0.0546886 0.0542804 0.0527185 0.049351 0.0438013 0.0362822 0.0276668
 0.00461474 0.00755986 0.0115019 0.016457 0.022315 0.0287478 0.0351911 0.0409923 0.0456601 0.0490244 0.0512057 0.0524697 0.0531023 0.0533543 0.0534303 0.0534841 0.0536052 0.0537832 0.0538463 0.0533998 0.0518383 0.0485142 0.0430526 0.0356593 0.0271907
 0.00477804 0.00782678 0.0119064 0.0170317 0.0230854 0.029722 0.0363483 0.0422781 0.0469904 0.0502983 0.0523205 0.0533341 0.0536464 0.0535376 0.0532447 0.0529518 0.0527718 0.0527085 0.052597 0.0520461 0.0504558 0.0471835 0.0418538 0.0346585 0.0264244
 0.00497004 0.00814008 0.0123801 0.0177033 0.0239834 0.0308554 0.0376949 0.0437795 0.0485593 0.0518329 0.0537177 0.0544977 0.0544914 0.0539957 0.0532707 0.0525307 0.0519208 0.0514763 0.051059 0.0502998 0.0486166 0.0453786 0.0402087 0.0332758 0.0253617
 0.00518706 0.00849626 0.0129224 0.0184773 0.0250246 0.032175 0.0392651 0.0455293 0.0503845 0.053616 0.0553461 0.0558731 0.0555311 0.0546307 0.0534464 0.05221 0.0510914 0.0501586 0.0493131 0.0482291 0.046365 0.0431188 0.0381178 0.0315014 0.0239898
 0.00540935 0.00885988 0.0134741 0.0192629 0.0260808 0.0335169 0.0408719 0.047338 0.0522967 0.0555152 0.0571149 0.0574043 0.0567332 0.0554285 0.0537795 0.0520316 0.0503713 0.0488927 0.0475372 0.0460331 0.043899 0.0405825 0.0357288 0.0294485 0.0223892
 0.00564604 0.00924827 0.0140653 0.0201068 0.0272165 0.0349576 0.0425898 0.0492589 0.0543118 0.0575014 0.0589546 0.058995 0.057989 0.0562782 0.0541639 0.0519019 0.0496905 0.0476427 0.0457351 0.0437518 0.0412824 0.0378412 0.033107 0.0271687 0.0205958
 0.00588343 0.00963849 0.0146607 0.0209591 0.0283673 0.0364224 0.0443422 0.0512242 0.0563771 0.0595374 0.0608365 0.0606154 0.0592619 0.0571374 0.0545581 0.051789 0.0490353 0.0464226 0.0439554 0.0414702 0.0386301 0.0350254 0.0303813 0.0247736 0.0186956
 0.00614075 0.0100571 0.0152915 0.0218497 0.029554 0.0379159 0.0461132 0.0531975 0.0584408 0.0615636 0.0627011 0.0622107 0.060502 0.0579577 0.0549122 0.0516426 0.0483618 0.0452037 0.0421947 0.039216 0.0360009 0.0322174 0.0276436 0.0223507 0.0167605
 0.0063747 0.0104422 0.0158796 0.022692 0.0306901 0.0393582 0.0478303 0.05511 0.0604337 0.0635095 0.0644813 0.0637261 0.0616749 0.0587295 0.0552399 0.0514946 0.0477144 0.0440423 0.0405236 0.0370788 0.0335042 0.0295415 0.0250223 0.0200185 0.014888
 0.00660716 0.0108246 0.0164635 0.023528 0.031818 0.040791 0.0495374 0.0570114 0.0624109 0.0654283 0.0662151 0.0651707 0.0627539 0.0593935 0.0554602 0.0512555 0.0470065 0.0428618 0.0388804 0.0350158 0.0311192 0.0269986 0.0225357 0.0178051 0.0131078
 0.00683604 0.0111983 0.0170289 0.0243299 0.0328905 0.0421439 0.0511422 0.0587952 0.0642658 0.0672307 0.0678452 0.0665262 0.0637565 0.0599907 0.0556236 0.0509751 0.0462832 0.0417039 0.037308 0.0330749 0.0289012 0.0246513 0.0202498 0.0157742 0.0114748
 0.00706335 0.0115719 0.0175984 0.0251428 0.033982 0.0435199 0.0527643 0.0605765 0.0660851 0.0689577 0.0693631 0.0677439 0.0646107 0.0604432 0.055657 0.0505882 0.045486 0.0405147 0.0357564 0.0312122 0.0268157 0.0224764 0.0181534 0.0139241 0.00999319
 0.00725511 0.0118902 0.0180895 0.0258538 0.0349505 0.044759 0.0542459 0.0622258 0.0677906 0.070592 0.070806 0.0688972 0.065406 0.0608426 0.0556488 0.0501798 0.0446968 0.039372 0.0342971 0.0294914 0.0249181 0.0205222 0.0162882 0.0122899 0.00869133
 0.00742523 0.0121676 0.0185087 0.0264481 0.0357465 0.045767 0.0554496 0.0635762 0.0692099 0.0719857 0.0720753 0.0699515 0.0661708 0.0612665 0.0557056 0.0498667 0.0440292 0.0383788 0.0330193 0.0279864 0.023267 0.0188328 0.0146862 0.0108945 0.00758481
 0.00754051 0.012353 0.0187842 0.026832 0.0362532 0.0464034 0.0562102 0.0644407 0.0701442 0.0729452 0.0730089 0.0708027 0.0668802 0.0617754 0.0559636 0.049838 0.0436975 0.0377488 0.0321174 0.0268616 0.0219928 0.017506 0.0134162 0.00978289 0.00670144
 0.00759882 0.012449 0.0189311 0.027043 0.0365395 0.0467709 0.056656 0.0649529 0.0707043 0.0735331 0.0736047 0.0713844 0.0674199 0.0622363 0.0563006 0.0500036 0.0436505 0.0374639 0.0315923 0.0261226 0.0210958 0.0165322 0.0124603 0.00893365 0.00602046
 0.0076624 0.0125424 0.0190537 0.027189 0.0367013 0.046944 0.0568424 0.06516 0.0709415 0.0738067 0.073915 0.0717249 0.0677767 0.0625877 0.0566159 0.0502435 0.0437712 0.0374251 0.0313687 0.0257136 0.0205318 0.0158727 0.0117824 0.00831343 0.00551372
 0.00772594 0.0126416 0.0191948 0.0273733 0.0369237 0.047191 0.0570926 0.0653884 0.0711279 0.0739447 0.0740149 0.0718082 0.0678653 0.0626937 0.056736 0.0503583 0.0438487 0.0374272 0.0312612 0.0254777 0.0201739 0.0154271 0.011304 0.0078624 0.00513751
 0.0077602 0.0126945 0.0192691 0.0274701 0.0370416 0.047327 0.0572407 0.0655393 0.0712695 0.0740649 0.0741054 0.0718689 0.0679054 0.0627279 0.0567772 0.0504102 0.0439006 0.0374553 0.0312352 0.0253724 0.0199801 0.0151586 0.0109951 0.00755686 0.00487389
 0.00781342 0.0127742 0.0193764 0.0276012 0.0371892 0.0474814 0.0573919 0.0656775 0.0713862 0.0741536 0.0741626 0.0718942 0.0679018 0.0627022 0.0567394 0.0503703 0.0438636 0.0374168 0.0311812 0.0252845 0.0198453 0.0149775 0.0107846 0.00734438 0.00468673
 0.00785386 0.0128338 0.0194545 0.027693 0.0372864 0.0475747 0.0574726 0.0657391 0.0714258 0.0741726 0.074166 0.0718887 0.0678932 0.0626936 0.0567318 0.0503633 0.0438565 0.0374066 0.0311612 0.0252446 0.0197761 0.0148764 0.0106593 0.00721142 0.00456486
 0.00785811 0.0128425 0.0194707 0.0277198 0.0373258 0.0476251 0.057528 0.06579 0.0714626 0.0741898 0.0741647 0.0718757 0.0678775 0.0626831 0.0567305 0.0503713 0.0438703 0.0374208 0.031169 0.0252384 0.0197493 0.0148263 0.0105897 0.00713228 0.00448875
 0.00787383 0.0128613 0.0194869 0.0277248 0.0373114 0.0475881 0.0574735 0.0657303 0.0714116 0.0741573 0.0741534 0.0718824 0.0678971 0.062712 0.0567671 0.0504147 0.0439185 0.0374697 0.0312125 0.0252697 0.0197624 0.0148185 0.010563 0.00709338 0.00444663
 0.0078903 0.0128865 0.0195212 0.0277665 0.0373558 0.047627 0.0574963 0.0657268 0.0713772 0.0740965 0.0740792 0.0718116 0.0678436 0.0626824 0.056761 0.0504276 0.0439446 0.0375031 0.0312471 0.0252993 0.0197815 0.0148235 0.0105542 0.00707426 0.00442309
 0.00789461 0.0128899 0.0195198 0.0277548 0.0373285 0.0475817 0.057435 0.0656556 0.0713039 0.0740276 0.0740195 0.0717654 0.0678159 0.0626783 0.0567834 0.050475 0.0440114 0.0375806 0.031326 0.025371 0.0198395 0.014864 0.0105766 0.00708161 0.00442046
 0.00788276 0.0128719 0.0194949 0.0277227 0.0372888 0.0475335 0.0573769 0.0655874 0.071228 0.07395 0.0739492 0.0717115 0.0677854 0.0626748 0.0568074 0.0505245 0.0440818 0.0376652 0.0314163 0.0254579 0.0199148 0.0149225 0.0106165 0.00710457 0.00443068
 0.00786526 0.0128399 0.0194406 0.0276376 0.0371666 0.0473748 0.0571923 0.0653963 0.0710536 0.0738125 0.0738607 0.0716761 0.0678009 0.0627356 0.0569059 0.0506519 0.0442286 0.0378214 0.0315715 0.0256024 0.0200402 0.0150229 0.01069 0.00715317 0.00445919
 0.00785972 0.0128285 0.0194188 0.0275991 0.0371043 0.0472824 0.0570672 0.0652419 0.0708807 0.0736388 0.0737078 0.0715641 0.0677436 0.0627376 0.056963 0.050754 0.0443627 0.0379738 0.0317293 0.0257535 0.0201747 0.0151339 0.0107742 0.0072113 0.00449545
 0.00785576 0.0128182 0.0193961 0.0275561 0.037033 0.047178 0.0569303 0.0650799 0.0707057 0.0734656 0.0735518 0.0714403 0.0676655 0.0627147 0.0569989 0.0508447 0.0444975 0.0381377 0.0319056 0.0259267 0.0203317 0.0152654 0.0108758 0.00728326 0.0045418
 0.00782228 0.012768 0.0193284 0.0274722 0.0369355 0.0470687 0.0568101 0.0649495 0.0705682 0.0733277 0.073424 0.0713353 0.0675957 0.0626898 0.0570243 0.0509208 0.044619 0.0382939 0.0320817 0.0261062 0.0204993 0.0154093 0.0109893 0.00736519 0.00459568
 0.00779667 0.0127234 0.019256 0.0273633 0.0367844 0.0468779 0.0565928 0.0647281 0.0703679 0.0731683 0.0733153 0.0712779 0.0675857 0.0627232 0.0570986 0.0510339 0.0447672 0.0384703 0.0322753 0.026303 0.0206845 0.0155703 0.011118 0.00745941 0.00465853
 0.00775854 0.0126613 0.0191624 0.027231 0.0366083 0.0466569 0.0563334 0.0644465 0.0700888 0.0729214 0.0731287 0.0711717 0.0675674 0.0627877 0.0572321 0.0512194 0.0449883 0.0387125 0.0325252 0.026547 0.020909 0.0157634 0.0112721 0.00757259 0.00473447
 0.00774364 0.0126336 0.0191145 0.0271537 0.0364929 0.0464986 0.0561344 0.0642168 0.0698452 0.0726843 0.0729196 0.0710112 0.0674726 0.0627695 0.0572919 0.0513492 0.045173 0.0389334 0.0327632 0.0267845 0.0211303 0.0159559 0.0114274 0.00768798 0.00481283
 0.00932419 0.0148455 0.0217825 0.0298939 0.0388242 0.04802 0.0566664 0.0638282 0.068772 0.0712098 0.0712871 0.0693903 0.0659657 0.0614317 0.0561486 0.0504061 0.0444226 0.0383588 0.0323415 0.0264899 0.0209365 0.0158375 0.0113617 0.00765577 0.00479953
 0.00930105 0.0151033 0.0226913 0.0319133 0.0423032 0.0529273 0.0624183 0.0693839 0.0730027 0.0733436 0.0711631 0.067402 0.0627886 0.0577339 0.0524257 0.0469525 0.0413794 0.0357745 0.0302161 0.0247981 0.019639 0.0148853 0.0106984 0.00722123 0.00453422
 0.00897203 0.0145834 0.0219586 0.0310148 0.0414093 0.0523696 0.062651 0.0708214 0.0757713 0.0770966 0.0751226 0.0706544 0.0646658 0.0580457 0.05143 0.0451422 0.0392492 0.0336861 0.0283734 0.023284 0.0184632 0.0140192 0.0100954 0.00682687 0.00429397
 0.0087833 0.0142695 0.0214739 0.0303154 0.0404702 0.051216 0.0613991 0.0697068 0.0751312 0.0772777 0.0763262 0.0727892 0.0673135 0.0605959 0.0533275 0.0460987 0.0393021 0.033099 0.0274744 0.0223412 0.0176376 0.0133761 0.0096376 0.00652619 0.00411149
 0.00873362 0.014178 0.0213154 0.0300575 0.040078 0.0506621 0.0606775 0.0688498 0.0742262 0.076478 0.0758405 0.0728298 0.0680045 0.061882 0.0549505 0.0476807 0.0404997 0.0337366 0.0275791 0.0220793 0.0172105 0.0129415 0.00928183 0.00627437 0.00395279
 0.00867825 0.0140895 0.0211845 0.0298749 0.0398339 0.0503464 0.0602815 0.0683705 0.0736729 0.0758824 0.0752682 0.0723855 0.067819 0.0620705 0.0555517 0.0486115 0.041564 0.0346979 0.0282583 0.0224172 0.017263 0.0128238 0.00910584 0.00611297 0.00383571
 0.00869442 0.0141093 0.0212022 0.0298805 0.0398149 0.0502907 0.0601796 0.0682153 0.0734589 0.0756068 0.0749358 0.0720195 0.0674697 0.0618159 0.0554777 0.0487747 0.0419543 0.0352272 0.0287923 0.0228333 0.0175001 0.0128939 0.009067 0.00603053 0.00375539
 0.00870118 0.0141237 0.0212294 0.0299261 0.0398815 0.0503736 0.0602641 0.0682783 0.0734749 0.0755555 0.0748076 0.0718179 0.0672132 0.0615396 0.055233 0.0486203 0.041935 0.0353507 0.029018 0.0230878 0.0177105 0.0130191 0.00910745 0.00601456 0.00371691
 0.00864327 0.0140397 0.0211223 0.029806 0.0397638 0.0502754 0.0601999 0.0682563 0.0734941 0.0756038 0.0748643 0.0718589 0.0672197 0.0615052 0.055169 0.0485541 0.0419024 0.0353811 0.0291189 0.0232387 0.0178718 0.0131517 0.00919035 0.0060495 0.00371993
 0.00864161 0.0140268 0.0210848 0.0297271 0.0396302 0.0500866 0.0599748 0.0680313 0.0733117 0.0754966 0.0748439 0.0719138 0.0673219 0.0616225 0.0552756 0.0486394 0.0419722 0.035452 0.0292073 0.0233493 0.0179943 0.0132662 0.00927888 0.00610479 0.00374623
 0.00863636 0.0140222 0.0210841 0.0297337 0.0396438 0.0500994 0.0599709 0.0679922 0.0732267 0.0753723 0.0747049 0.0717929 0.0672453 0.0615992 0.0552968 0.0486864 0.0420283 0.0355094 0.0292672 0.0234158 0.0180672 0.013339 0.00934186 0.00615062 0.0037736
 0.00865294 0.0140454 0.0211126 0.0297642 0.0396731 0.0501257 0.0599942 0.068012 0.0732384 0.075367 0.0746725 0.0717298 0.0671594 0.0615082 0.0552201 0.0486366 0.0420072 0.0355116 0.0292855 0.023445 0.0181039 0.013379 0.00937975 0.00618136 0.0037946
 0.00863121 0.014016 0.0210789 0.0297329 0.0396512 0.0501176 0.0599995 0.0680259 0.0732549 0.0753811 0.0746812 0.0717307 0.0671503 0.0614886 0.0551936 0.0486107 0.0419905 0.0355095 0.0292988 0.0234706 0.0181368 0.0134142 0.00941272 0.00620849 0.00381412
 0.00862139 0.0139994 0.0210532 0.0296963 0.0396044 0.0500649 0.0599496 0.0679896 0.0732411 0.0753923 0.0747122 0.0717713 0.0671895 0.0615183 0.0552105 0.0486161 0.0419892 0.035508 0.0293025 0.0234823 0.0181557 0.0134374 0.00943618 0.00622894 0.00382962
 0.0086067 0.0139753 0.0210165 0.0296441 0.0395349 0.0499787 0.0598512 0.0678885 0.0731502 0.0753258 0.0746811 0.0717802 0.0672347 0.061589 0.0552929 0.0486978 0.0420624 0.03557 0.0293547 0.0235275 0.0181961 0.0134735 0.00946714 0.00625362 0.00384752
 0.0086067 0.0139753 0.0210165 0.0296441 0.0395349 0.0499787 0.0598512 0.0678885 0.0731502 0.0753258 0.0746811 0.0717802 0.0672347 0.061589 0.0552929 0.0486978 0.0420624 0.03557 0.0293547 0.0235275 0.0181961 0.0134735 0.00946714 0.00625362 0.00384752
 0.00884247 0.014346 0.0215491 0.0303503 0.0404027 0.050964 0.0608711 0.068828 0.0738861 0.0757598 0.0747669 0.0715305 0.0667094 0.0608742 0.0544784 0.0478618 0.0412638 0.0348481 0.0287326 0.0230156 0.0177953 0.0131766 0.00926057 0.00611958 0.00376698
 0.00900053 0.0146228 0.0220006 0.031036 0.0413662 0.0522041 0.0623173 0.0703387 0.075276 0.0768465 0.0754137 0.0716719 0.0663563 0.0601021 0.0534058 0.0466237 0.0399866 0.0336333 0.0276497 0.0221038 0.0170686 0.0126293 0.00887314 0.00586351 0.0036101
 0.00906918 0.0147413 0.0221931 0.0313329 0.041802 0.0528102 0.0631104 0.0713055 0.0763615 0.0779499 0.0764003 0.0724001 0.0667137 0.0600355 0.0529332 0.0458249 0.0389795 0.0325449 0.026592 0.021159 0.0162846 0.0120226 0.00843544 0.00557018 0.00342846
 0.00892866 0.0145225 0.0218838 0.0309334 0.0413317 0.0523141 0.0626631 0.0710046 0.0763052 0.0782057 0.0769747 0.0732269 0.0676643 0.0609511 0.053668 0.0462836 0.0391369 0.0324405 0.0263068 0.0207861 0.0159042 0.0116893 0.00817563 0.00538737 0.00331174
 0.00899415 0.0146007 0.0219495 0.0309464 0.0412484 0.0521067 0.0623367 0.0706028 0.075903 0.0778918 0.0768306 0.0733052 0.0679712 0.0614383 0.0542408 0.0468268 0.0395491 0.0326639 0.0263383 0.0206681 0.0157018 0.0114658 0.0079765 0.00523478 0.00320867
 0.00898074 0.0145839 0.0219319 0.0309298 0.0412283 0.0520669 0.0622488 0.0704364 0.0756438 0.0775589 0.0764819 0.0730233 0.067836 0.061498 0.0544926 0.0472167 0.0399892 0.0330618 0.0266265 0.0208209 0.0157346 0.0114188 0.00789446 0.00515215 0.00314362
 0.00916432 0.0148675 0.0223303 0.0314444 0.0418443 0.05275 0.0629419 0.0710601 0.0761074 0.0777818 0.076418 0.0726803 0.0672786 0.0608317 0.0538327 0.0466527 0.039562 0.0327615 0.0264115 0.0206446 0.0155669 0.0112531 0.00774077 0.00502419 0.00304937
 0.00902815 0.0146732 0.0220884 0.0311832 0.0416039 0.0525712 0.0628562 0.0710838 0.0762387 0.0779998 0.0766838 0.0729432 0.0674904 0.0609634 0.0538853 0.0466545 0.039552 0.032769 0.026443 0.0206865 0.015599 0.0112621 0.00772644 0.00499592 0.00301875
 0.00901507 0.0146296 0.0219835 0.0309799 0.0412748 0.0521205 0.0623341 0.0705808 0.0758567 0.0778146 0.0767201 0.0731722 0.0678468 0.06137 0.0542757 0.0469877 0.0398159 0.0329727 0.0266032 0.0208151 0.0156991 0.0113322 0.00776696 0.00501242 0.00302015
 0.00897006 0.0145598 0.0218835 0.0308436 0.0410926 0.0518783 0.0620178 0.0701877 0.0754103 0.0773717 0.0763613 0.0729754 0.0678565 0.0615801 0.0546345 0.0474207 0.0402529 0.0333655 0.0269296 0.021072 0.0158924 0.0114702 0.0078584 0.00506693 0.00304838
#pred catch len freq
 0.00444522 0.00704459 0.0102969 0.0141307 0.0185013 0.023368 0.028623 0.0340586 0.0394082 0.0444135 0.0488688 0.0526385 0.0556638 0.0579511 0.0595385 0.0604566 0.0607063 0.060251 0.0590039 0.0567998 0.0533843 0.0484846 0.0419931 0.0341835 0.0257863
 0.00473006 0.0074089 0.0106668 0.0143872 0.0185264 0.0231096 0.0281377 0.0334955 0.0389355 0.0441309 0.0487603 0.0525914 0.0555378 0.0576573 0.0590891 0.059967 0.0603488 0.0601791 0.059279 0.0573581 0.0540626 0.0490947 0.0424031 0.0343604 0.0257828
 0.00502543 0.00787744 0.011343 0.0152763 0.019582 0.0242146 0.0291077 0.0341267 0.0390888 0.0438055 0.0480971 0.0517936 0.054762 0.0569519 0.058417 0.0592836 0.0596692 0.0595871 0.0588768 0.057196 0.0541018 0.0492266 0.0425104 0.0343751 0.0257045
 0.00530001 0.00831105 0.011974 0.0161373 0.0206988 0.0255974 0.0307286 0.0358887 0.0408081 0.0452335 0.0489908 0.0520092 0.0543125 0.0559875 0.0571416 0.0578696 0.0582277 0.0581917 0.0575949 0.0560901 0.053204 0.0485219 0.0419507 0.0339129 0.0253173
 0.00561146 0.00879383 0.0126585 0.017041 0.0218306 0.0269622 0.0323248 0.0376963 0.0427695 0.0472324 0.0508416 0.053474 0.0551572 0.05606 0.0564293 0.0564986 0.0564065 0.0561401 0.0554992 0.0540908 0.0513984 0.0469672 0.040668 0.0328976 0.0245509
 0.00596881 0.00934676 0.0134395 0.0180649 0.023097 0.0284597 0.0340301 0.0395709 0.044757 0.0492571 0.0528027 0.055236 0.0565466 0.0568831 0.0565186 0.0557715 0.0549037 0.0540205 0.0529939 0.0514458 0.0488304 0.0446423 0.038695 0.0313293 0.0233887
 0.00632076 0.00989725 0.0142286 0.0191178 0.0244242 0.030055 0.0358651 0.0415896 0.046877 0.0513782 0.0548179 0.0570364 0.0580186 0.0579023 0.0569505 0.0554916 0.0538378 0.0521872 0.0505249 0.0485681 0.0458197 0.0417668 0.0361693 0.0292858 0.0218695
 0.00674099 0.010545 0.0151389 0.0203042 0.0258834 0.0317723 0.0378132 0.0437197 0.049112 0.053613 0.0569286 0.0588951 0.0595069 0.058917 0.0574003 0.0552914 0.0529159 0.0505121 0.0481438 0.0456333 0.0425819 0.0385303 0.0332246 0.0268456 0.0200305
 0.00720363 0.0112584 0.0161417 0.0216092 0.027481 0.033635 0.0398951 0.0459525 0.0514045 0.055858 0.0590114 0.0607017 0.0609302 0.0598625 0.0577885 0.0550565 0.0520051 0.0488953 0.0458396 0.0427432 0.0393101 0.0351654 0.0300802 0.0241815 0.01799
 0.00759312 0.0118715 0.0170275 0.022802 0.0289971 0.0354673 0.0420031 0.0482558 0.0537867 0.0581818 0.0611381 0.0625062 0.0623105 0.0607415 0.0581103 0.0547794 0.0510962 0.0473354 0.0436421 0.0399848 0.0361576 0.0318748 0.0269528 0.0214876 0.0158967
 0.00791005 0.0123676 0.0177404 0.0237594 0.0302186 0.0369648 0.0437738 0.0502685 0.0559703 0.060422 0.0632872 0.0644046 0.0638132 0.0617385 0.0585336 0.0545957 0.0502943 0.0459183 0.0416353 0.0374595 0.0332573 0.0288226 0.0240213 0.0189333 0.0138896
