SBPRF35
12.7214
Curr Bio
833767
B35
866935
F35
0.168953
FOFL
0.161097
OFL
109874
Bzero
3.63469e+06
#pred survey bio
 3.6387e+06 3.52994e+06 3.42561e+06 3.27247e+06 3.06878e+06 2.85591e+06 2.59557e+06 2.35315e+06 2.08143e+06 1.89889e+06 1.69555e+06 1.49147e+06 1.31325e+06 1.15397e+06 1.00469e+06 907036 822279 759626 704460 679021 646603 620946 582689 574432 555777 543433 539476 528612 532868 541514 548540 562759 571040 580942 595524 603498 623644 629329 631224 648430 658992 667407 677462 680998 686125 686240 692796 691715 701738 704057 708419 756923 790345 807827 825613 833972 841991 850003 839924 2.92037e+07 1.72252e+07 1.7295e+07 1.80368e+07 1.92486e+07 2.06681e+07 2.2091e+07 2.33916e+07 2.45111e+07 2.54361e+07 2.61786e+07 2.6763e+07 2.72166e+07 2.75655e+07 2.78325e+07 2.80362e+07 2.81916e+07 2.83103e+07 2.84012e+07 2.8471e+07 2.85248e+07 2.85665e+07 2.8599e+07 2.86244e+07 2.86443e+07 2.866e+07 2.86725e+07 2.86823e+07 2.86902e+07 2.86965e+07 2.87015e+07 2.87056e+07 2.87089e+07 2.87115e+07 2.87136e+07 2.87154e+07 2.87168e+07 2.87179e+07 2.87189e+07 2.87196e+07 2.87203e+07 2.87208e+07 2.87212e+07 2.87215e+07 2.87218e+07 2.8722e+07 2.87222e+07 2.87223e+07 2.87225e+07 2.87226e+07 2.87227e+07 2.87227e+07 2.87228e+07 2.87228e+07 2.87229e+07 2.87229e+07 2.87229e+07 2.87229e+07 2.87229e+07 2.8723e+07 2.8723e+07 2.8723e+07 2.8723e+07 2.8723e+07 2.8723e+07 2.8723e+07 2.8723e+07 2.8723e+07 2.8723e+07 2.8723e+07 2.8723e+07 2.8723e+07 2.8723e+07 2.8723e+07 2.8723e+07 2.8723e+07 2.8723e+07 2.8723e+07 2.8723e+07 2.8723e+07 2.8723e+07 2.8723e+07 2.8723e+07 2.8723e+07 2.8723e+07 2.8723e+07 2.8723e+07 2.8723e+07 2.8723e+07 2.8723e+07 2.8723e+07 2.8723e+07 2.8723e+07 2.8723e+07 2.8723e+07 2.8723e+07 2.8723e+07 2.8723e+07 2.8723e+07 2.8723e+07 0 0 0 0 0 0 0 0 0 0 0 0 0 0 0 0 0 0 0 0 0 0 0 0 0
#obs survey bio
 3.35891e+06 3.96799e+06 2.84054e+06 3.27339e+06 3.44201e+06 3.33895e+06 2.22671e+06 2.90190e+06 1.98352e+06 1.95088e+06 1.55136e+06 1.89912e+06 1.21025e+06 1.07179e+06 683247 984808 655328 825475 795450 845488 532876 764843 812528 493499 548246 444523 453726 335334 426732 419862 519431 847663 723597 453277 471405 724990 535244 764854 602846 495919 634494 754560 894367 675260 616886 783816 502880 889457 919655 606130 754848 863341 887365 605125 873599 786054 865660 1.06756e+06 762003
#pred catch bio
 102766 101392 151635 206641 226365 283003 280823 321523 254511 286107 296509 279701 266171 257912 212113 199495 177529 167079 137949 140644 131081 137316 108532 115777 108901 101801 108138 96078.9 94057.4 97010 92286.6 97802.2 96206.7 92718.6 99021.6 89772 102820 105569 92809.5 99127.5 100796 99109 104356 102976 107411 102179 109246 100633 108297 107247 71749.7 86807.7 100369 99819.9 107778 107559 106727 119532 110450 109874 112669 111787 115256 122430 131178 139950 147876 154576 159984 164203 167412 169806 171564 172841 173759 174414 174879 175207 175438 175600 175713 175792 175848 175886 175913 175931 175944 175952 175959 175963 175966 175968 175969 175970 175971 175971 175972 175972 175972 175972 175972 175972 175972 175972 175972 175972 175972 175972 175972 175972 175972 175972 175972 175972 175972 175972 175972 175972 175972 175972 175972 175972 175972 175972 175972 175972 175972 175972 175972 175972 175972 175972 175972 175972 175972 175972 175972 175972 175972 175972 175972 175972 175972 175972 175972 175972 175972 175972 175972 175972 175972 175972 175972 175972 175972 175972 175972 175972 175972 0 0 0 0 0 0 0 0 0 0 0 0 0 0 0 0 0 0 0 0 0 0 0 0 0
#obs catch bio
 0 101083 151855 207488 226481 283822 280650 321843 253144 285689 297757 280193 267410 258590 214405 200371 179197 167958 137779 140337 131119 137442 107551 115642 108550 101292 109045 97038.8 94820.7 98202.8 93277.4 98823.2 96382.1 92893 99567.8 89968.8 103685 106074 92959.8 99722.6 101110 99002.6 104071 102428 107709 101888 109408 100382 108374 107848 71584.4 86953 100629 99911.4 107992 107800 106735 119930 110384
#pred cpue bio
 3.59234e+06 3.48545e+06 3.38227e+06 3.22944e+06 3.02635e+06 2.81418e+06 2.55494e+06 2.31346e+06 2.04303e+06 1.86076e+06 1.65811e+06 1.45525e+06 1.27846e+06 1.12074e+06 973090 876540 793144 731812 678146 653619 622211 597409 560359 552411 534170 522008 517833 506922 510928 519276 526055 540028 548479 558440 572734 580504 600222 605924 607940 624861 635353 643826 653877 657430 662349 662405 668808 667627 677305 679488 683690 731454 764838 782369 799829 808038 816052 824250 815148 2.83832e+07 1.67495e+07 1.66735e+07 1.72605e+07 1.84195e+07 1.98267e+07 2.12471e+07 2.25473e+07 2.36667e+07 2.45917e+07 2.53342e+07 2.59186e+07 2.63722e+07 2.67211e+07 2.69881e+07 2.71918e+07 2.73472e+07 2.74659e+07 2.75567e+07 2.76265e+07 2.76804e+07 2.77221e+07 2.77545e+07 2.77799e+07 2.77999e+07 2.78156e+07 2.7828e+07 2.78379e+07 2.78458e+07 2.78521e+07 2.78571e+07 2.78612e+07 2.78644e+07 2.78671e+07 2.78692e+07 2.7871e+07 2.78724e+07 2.78735e+07 2.78744e+07 2.78752e+07 2.78758e+07 2.78763e+07 2.78767e+07 2.78771e+07 2.78774e+07 2.78776e+07 2.78778e+07 2.78779e+07 2.7878e+07 2.78781e+07 2.78782e+07 2.78783e+07 2.78784e+07 2.78784e+07 2.78784e+07 2.78785e+07 2.78785e+07 2.78785e+07 2.78785e+07 2.78785e+07 2.78785e+07 2.78786e+07 2.78786e+07 2.78786e+07 2.78786e+07 2.78786e+07 2.78786e+07 2.78786e+07 2.78786e+07 2.78786e+07 2.78786e+07 2.78786e+07 2.78786e+07 2.78786e+07 2.78786e+07 2.78786e+07 2.78786e+07 2.78786e+07 2.78786e+07 2.78786e+07 2.78786e+07 2.78786e+07 2.78786e+07 2.78786e+07 2.78786e+07 2.78786e+07 2.78786e+07 2.78786e+07 2.78786e+07 2.78786e+07 2.78786e+07 2.78786e+07 2.78786e+07 2.78786e+07 2.78786e+07 2.78786e+07 2.78786e+07 2.78786e+07 2.78786e+07 2.78786e+07 0 0 0 0 0 0 0 0 0 0 0 0 0 0 0 0 0 0 0 0 0 0 0 0 0
#obs cpue bio
 4.75778e+06 3.12432e+06 3.272e+06 2.3367e+06 3.38331e+06 2.67084e+06 3.24257e+06 2.37784e+06 2.50851e+06 1.65078e+06 1.14716e+06 1.25681e+06 1.09863e+06 1.43e+06 683661 1.16824e+06 631889 850846 727216 652760 593947 563414 641720 481017 608885 705023 284383 509115 632394 459785 446359 362350 731405 624026 605232 448586 499275 635341 606342 621934 793902 757067 639182 815406 408297 828577 751838 610033 456350 613217 598141 707320 667587 1.00542e+06 760602 769239 884225 606775 1.09510e+06
#pred surv len freq
 0.00502887 0.00812484 0.0121528 0.0170685 0.0227391 0.0288743 0.0349955 0.0405461 0.0451008 0.0485086 0.0508692 0.0524029 0.0533347 0.0538425 0.05405 0.0540386 0.0538645 0.0535604 0.0530919 0.0522676 0.0506674 0.0477029 0.0428787 0.0361518 0.0281374
 0.00525079 0.00839249 0.0123879 0.017152 0.0225578 0.0283853 0.0342696 0.0397519 0.044431 0.0480931 0.0507279 0.0524646 0.0534985 0.0540407 0.0542775 0.0543398 0.0542912 0.054122 0.0537262 0.0528489 0.0510539 0.0478015 0.042689 0.0357636 0.0276827
 0.00541601 0.00867486 0.0128312 0.0177871 0.0233735 0.0292981 0.0351166 0.0403334 0.0445959 0.0478182 0.0501335 0.0517485 0.0528372 0.0535251 0.0539164 0.0541076 0.0541692 0.0541028 0.0537866 0.0529264 0.0510549 0.0476433 0.0423467 0.035287 0.0271698
 0.00555211 0.0089 0.013179 0.0182951 0.0240793 0.0302265 0.0362576 0.0416164 0.0458776 0.0489014 0.0508252 0.051935 0.0525331 0.0528606 0.0530711 0.0532372 0.053367 0.0534022 0.053179 0.0523742 0.050503 0.0470417 0.0416802 0.0345906 0.0265148
 0.00574002 0.00919847 0.0136158 0.0188935 0.0248566 0.0311916 0.0374051 0.0429203 0.0472836 0.0503192 0.0521234 0.0529516 0.0531119 0.0529053 0.0525876 0.0523327 0.0522042 0.0521371 0.051917 0.0511605 0.0493403 0.0459205 0.0406083 0.033605 0.0256702
 0.00593537 0.0095114 0.0140782 0.0195323 0.0256896 0.0322208 0.0386106 0.0442583 0.0486932 0.051732 0.0534665 0.0541404 0.0540417 0.0534576 0.0526588 0.051875 0.0512533 0.0508047 0.0503512 0.0494994 0.0476863 0.0443435 0.0391641 0.0323478 0.0246481
 0.00620807 0.00994505 0.0147129 0.020399 0.0268051 0.03358 0.040177 0.0459609 0.0504352 0.0534091 0.0549832 0.0554181 0.0550143 0.0540609 0.0528243 0.0515384 0.0503792 0.0494148 0.0485353 0.0474009 0.0454718 0.0421746 0.0371802 0.0306568 0.023315
 0.00648061 0.0103788 0.0153487 0.0212694 0.0279297 0.0349579 0.0417776 0.047719 0.0522576 0.0551889 0.056616 0.0568121 0.0560939 0.0547646 0.0530989 0.051334 0.0496537 0.0481516 0.046768 0.0452302 0.0430616 0.0397267 0.0348967 0.028701 0.0217829
 0.00693148 0.0110791 0.0163419 0.0225747 0.0295406 0.0368411 0.0438682 0.0499188 0.0544438 0.0572324 0.0584004 0.0582444 0.0571067 0.0553129 0.0531524 0.05087 0.0486528 0.046604 0.044694 0.0427067 0.0402395 0.0368229 0.0321553 0.0263367 0.0199293
 0.00720973 0.0115297 0.0170161 0.023518 0.0307826 0.0383811 0.0456618 0.0518761 0.0564452 0.0591548 0.0601369 0.0597104 0.0582359 0.0560502 0.0534503 0.0506871 0.0479546 0.0453692 0.042929 0.0404684 0.0376567 0.0340972 0.0295299 0.0240388 0.0181104
 0.00744878 0.0119301 0.0176408 0.0244328 0.0320432 0.0400106 0.0476283 0.0540838 0.0587474 0.0613826 0.0621307 0.0613427 0.0594209 0.0567415 0.0536293 0.0503479 0.047093 0.0439827 0.0410305 0.0381114 0.0349606 0.0312556 0.0267854 0.0216264 0.0161931
 0.00771648 0.0123602 0.0182795 0.025323 0.0332201 0.0414935 0.0494072 0.056108 0.0609218 0.0635752 0.0641882 0.0631109 0.0607671 0.0575723 0.0538962 0.0500401 0.0462231 0.042574 0.0391185 0.035761 0.0322903 0.0284493 0.0240747 0.019239 0.0142904
 0.00799316 0.0127991 0.0189201 0.0261956 0.034342 0.0428629 0.0509962 0.0578596 0.0627566 0.0654026 0.0659147 0.0646416 0.0620055 0.0584246 0.0542828 0.0499063 0.0455449 0.0413575 0.0373994 0.0336107 0.0298294 0.0258544 0.021562 0.0170205 0.0125176
 0.00831383 0.0133041 0.0196495 0.0271753 0.035579 0.0443392 0.052661 0.0596287 0.064524 0.0670615 0.0673757 0.0658398 0.062896 0.0589719 0.0544518 0.049661 0.0448537 0.0402044 0.0357972 0.0316149 0.027549 0.0234534 0.0192406 0.0149728 0.0108818
 0.00861147 0.0137888 0.0203797 0.0282027 0.0369355 0.046017 0.0545944 0.0616919 0.0665532 0.0688919 0.0688753 0.0669266 0.0635375 0.059173 0.0542371 0.0490571 0.0438785 0.0388683 0.0341159 0.0296307 0.0253499 0.0211794 0.0170665 0.0130692 0.0093685
 0.0087332 0.013986 0.0206765 0.0286256 0.0375132 0.0467773 0.0555564 0.0628538 0.0678797 0.0703085 0.0702739 0.0681836 0.0645392 0.0598368 0.0545206 0.048952 0.0433972 0.0380316 0.0329515 0.0281822 0.0236928 0.0194292 0.0153682 0.0115663 0.00816464
 0.00880018 0.014105 0.0208742 0.028933 0.0379587 0.047377 0.0563052 0.0637254 0.0688346 0.0713037 0.0712657 0.0691226 0.0653639 0.0604769 0.0549078 0.0490352 0.0431512 0.0374572 0.0320718 0.0270426 0.0223649 0.0180142 0.0139881 0.0103408 0.00718028
 0.00878017 0.0140797 0.0208507 0.0289255 0.0379891 0.0474731 0.0564973 0.0640395 0.0692843 0.0718837 0.0719497 0.0698677 0.0661168 0.0611779 0.055493 0.0494406 0.0433203 0.037352 0.0316815 0.026389 0.0215043 0.0170335 0.0129933 0.0094357 0.00644166
 0.00889343 0.0142393 0.0210459 0.0291321 0.0381778 0.047623 0.0566066 0.0641276 0.0693844 0.0720311 0.0721702 0.0701696 0.0664881 0.0615873 0.0558948 0.0497795 0.0435383 0.037397 0.0315185 0.026011 0.0209395 0.0163444 0.0122654 0.00875649 0.00587838
 0.00889687 0.0142385 0.0210324 0.0290926 0.0380964 0.0474853 0.0564064 0.0638734 0.0691054 0.0717768 0.0720026 0.0701472 0.0666466 0.0619267 0.0563766 0.0503356 0.0440852 0.0378521 0.0318143 0.0261082 0.0208359 0.0160761 0.0118974 0.00836451 0.00552715
 0.00891985 0.0142836 0.0211137 0.0292253 0.0382897 0.047733 0.0566795 0.0641231 0.0692771 0.0718303 0.0719296 0.0699766 0.0664366 0.0617449 0.0562773 0.0503406 0.0441779 0.0379838 0.0319221 0.0261359 0.020752 0.0158833 0.0116298 0.00807322 0.00526105
 0.0088539 0.0141881 0.0209926 0.0290917 0.0381649 0.0476427 0.0566481 0.0641664 0.0693944 0.0719997 0.0721117 0.0701286 0.0665309 0.0617818 0.0562834 0.0503544 0.044228 0.0380739 0.0320283 0.0262181 0.0207735 0.0158273 0.0115063 0.00791233 0.00509892
 0.00914797 0.0146096 0.0215221 0.0296762 0.038733 0.0481305 0.0570191 0.064415 0.0695348 0.0720504 0.0720836 0.0700216 0.0663385 0.0615017 0.0559274 0.0499523 0.0438215 0.0377017 0.0317118 0.0259562 0.0205487 0.0156205 0.0113083 0.00772767 0.0049397
 0.00918236 0.014669 0.0216163 0.0298111 0.0389041 0.0483147 0.0571739 0.0644911 0.0694992 0.0719078 0.0718793 0.069821 0.0661957 0.061437 0.0559266 0.0499836 0.043856 0.0377251 0.0317225 0.025956 0.0205363 0.0155914 0.0112604 0.00766556 0.00487378
 0.00932048 0.0148818 0.0219146 0.030197 0.03937 0.0488426 0.0577317 0.0650293 0.0699532 0.0722096 0.0719774 0.0697004 0.0658863 0.0610036 0.0554442 0.0495124 0.0434295 0.0373537 0.0314045 0.0256869 0.0203115 0.0154058 0.011109 0.00754428 0.00478015
 0.00958323 0.015264 0.0224063 0.0307609 0.0399524 0.0493918 0.0582121 0.0654235 0.0702543 0.072411 0.0720665 0.0696598 0.0657024 0.0606785 0.0550037 0.0490025 0.0429036 0.0368567 0.0309645 0.0253152 0.0200082 0.0151655 0.0109241 0.00740689 0.00468254
 0.00959721 0.015314 0.0225299 0.031004 0.0403511 0.0499468 0.0588723 0.0660935 0.0708282 0.0728113 0.0722665 0.0696763 0.0655717 0.0604339 0.0546684 0.0485964 0.0424519 0.036392 0.0305208 0.0249199 0.0196769 0.0149024 0.0107253 0.00726398 0.00458531
 0.00965031 0.0153989 0.0226567 0.0311851 0.0406033 0.0502911 0.0593271 0.0666603 0.0714755 0.0734686 0.0728363 0.0700652 0.0657218 0.0603385 0.0543641 0.0481416 0.0419073 0.0358117 0.0299507 0.0243969 0.0192275 0.0145404 0.0104521 0.00707101 0.00445816
 0.00966215 0.0154035 0.0226374 0.0311198 0.040474 0.0500972 0.0590965 0.0664501 0.0713572 0.0735036 0.0730506 0.0704344 0.0661761 0.0607852 0.0547191 0.0483541 0.0419675 0.0357424 0.0297917 0.0241917 0.019014 0.0143465 0.0102937 0.00695335 0.0043782
 0.00962046 0.0153436 0.022561 0.0310313 0.0403761 0.0499867 0.0589641 0.0662873 0.0711691 0.0733188 0.0729193 0.0704115 0.0662955 0.0610406 0.055062 0.0487115 0.0422694 0.0359443 0.0298833 0.0241905 0.018952 0.0142573 0.0102035 0.00687779 0.00432304
 0.00950226 0.0151741 0.0223479 0.0307968 0.0401508 0.0497997 0.0588334 0.0662158 0.0711459 0.0733254 0.07294 0.0704437 0.0663533 0.0611478 0.0552352 0.0489451 0.0425321 0.0361911 0.0300746 0.0243066 0.0189965 0.0142498 0.0101688 0.00683623 0.00428712
 0.00923888 0.0147759 0.021806 0.0301261 0.0393901 0.049008 0.0580855 0.0655935 0.0707218 0.0731438 0.0730045 0.0707198 0.0667857 0.0616805 0.0558246 0.0495599 0.0431454 0.0367727 0.0305911 0.0247296 0.0193121 0.0144625 0.0102971 0.0069052 0.00431971
 0.00922262 0.0147217 0.0216742 0.0298658 0.0389559 0.0483849 0.0573089 0.0647504 0.0699295 0.072516 0.0726213 0.0706136 0.0669427 0.0620525 0.0563469 0.0501673 0.0437824 0.037395 0.0311628 0.0252223 0.0197068 0.0147534 0.0104929 0.00702462 0.00438552
 0.00929314 0.0148181 0.0217836 0.0299598 0.0389918 0.048312 0.0570801 0.0643373 0.0693404 0.0718071 0.0718922 0.0699829 0.0665123 0.0618793 0.0564323 0.0504675 0.0442287 0.0379144 0.0316911 0.0257097 0.02012 0.0150755 0.0107228 0.00717416 0.00447364
 0.00924235 0.0147497 0.021706 0.0298875 0.0389381 0.0482786 0.0570491 0.0642722 0.0691973 0.071553 0.0715236 0.069536 0.0660593 0.0615088 0.0562219 0.0504587 0.0444168 0.0382554 0.0321195 0.0261582 0.0205336 0.0154189 0.0109814 0.0073509 0.0045831
 0.00923516 0.0147375 0.0216873 0.0298622 0.0389094 0.0482542 0.0570396 0.0642856 0.0692293 0.0715812 0.0715102 0.0694429 0.0658688 0.0612393 0.0559271 0.0502099 0.0442761 0.0382533 0.0322475 0.026377 0.0207905 0.015666 0.0111868 0.00750162 0.00468157
 0.00906021 0.0144744 0.0213313 0.0294239 0.0384128 0.0477327 0.0565336 0.0638406 0.0688915 0.0713875 0.0714766 0.0695565 0.0660899 0.0615154 0.0562134 0.0504864 0.0445499 0.0385459 0.0325749 0.0267355 0.021156 0.0160046 0.0114693 0.00771336 0.00482394
 0.00899654 0.0143752 0.0211905 0.0292395 0.0381878 0.0474766 0.0562628 0.063577 0.0686593 0.0712079 0.0713645 0.0695187 0.0661245 0.0616109 0.0563506 0.0506444 0.0447151 0.0387169 0.0327595 0.0269401 0.0213768 0.0162253 0.0116683 0.00787328 0.00493815
 0.00905901 0.0144571 0.0212775 0.0293059 0.0382041 0.0474201 0.0561274 0.0633756 0.0684183 0.0709591 0.0711369 0.0693346 0.0659978 0.0615469 0.0563464 0.0506903 0.0447981 0.0388253 0.0328862 0.027082 0.0215299 0.0163813 0.0118141 0.00799606 0.00503016
 0.00891757 0.0142498 0.0210066 0.0289866 0.0378572 0.0470633 0.0557698 0.0630213 0.0680758 0.0706487 0.0708911 0.0691888 0.0659781 0.0616606 0.0565805 0.0510167 0.0451818 0.0392321 0.0332879 0.0274584 0.0218679 0.016672 0.0120516 0.00817765 0.00515821
 0.00881288 0.0140869 0.0207762 0.0286869 0.0374972 0.0466642 0.0553645 0.0626491 0.0677704 0.0704282 0.0707554 0.0691285 0.0659865 0.0617398 0.0567371 0.0512528 0.0454877 0.0395866 0.0336631 0.0278266 0.0222061 0.0169641 0.0122885 0.00835698 0.00528362
 0.00877834 0.0140242 0.0206698 0.028519 0.0372524 0.0463373 0.0549683 0.0622156 0.0673462 0.070062 0.0704859 0.0689758 0.065951 0.0618084 0.0568928 0.0514809 0.0457763 0.039922 0.0340265 0.0281939 0.0225522 0.0172678 0.0125361 0.00854388 0.00541345
 0.0087647 0.0139976 0.0206211 0.0284357 0.0371201 0.0461431 0.0547049 0.0618864 0.0669683 0.069667 0.0701164 0.0686769 0.0657597 0.0617443 0.0569556 0.0516544 0.0460365 0.040243 0.0343826 0.0285596 0.0229022 0.0175793 0.0127929 0.00873879 0.00554901
 0.00886624 0.0141444 0.0208076 0.0286439 0.0373227 0.0463094 0.0548066 0.0619006 0.06688 0.0694722 0.0698263 0.0683199 0.0653784 0.0613879 0.0566683 0.0514661 0.0459577 0.0402667 0.0344893 0.028723 0.023094 0.0177728 0.0129665 0.00887872 0.00565065
 0.00880496 0.0140712 0.0207455 0.0286279 0.0373875 0.0464706 0.055047 0.0621714 0.0671169 0.0696187 0.0698497 0.0682165 0.0651695 0.0611115 0.0563713 0.051195 0.0457505 0.0401454 0.0344575 0.0287681 0.0231925 0.0178974 0.0130922 0.00898761 0.00573357
 0.00883641 0.0141085 0.0207775 0.0286403 0.0373713 0.046434 0.0550192 0.062193 0.0672173 0.0697949 0.0700607 0.0683991 0.0652657 0.0610916 0.0562416 0.0509911 0.0455215 0.0399388 0.0343071 0.0286881 0.0231784 0.0179315 0.0131517 0.00905194 0.00578889
 0.00887033 0.0141552 0.0208317 0.02869 0.0373996 0.0464231 0.0549573 0.0620811 0.0670756 0.0696602 0.0699745 0.0683881 0.0653263 0.0611904 0.0563325 0.0510385 0.0455154 0.0398946 0.0342538 0.0286529 0.0231761 0.0179616 0.0132028 0.00910886 0.00583934
 0.00891385 0.0142301 0.0209512 0.0288666 0.0376393 0.0467173 0.0552772 0.0623801 0.0673016 0.0697741 0.069965 0.0682747 0.065149 0.0609907 0.0561364 0.0508515 0.0453303 0.0397059 0.0340669 0.0284833 0.0230408 0.0178701 0.0131533 0.00909095 0.00583976
 0.00887629 0.0141707 0.0208659 0.0287551 0.0375081 0.046582 0.0551624 0.0623135 0.0673027 0.0698436 0.0700825 0.0684077 0.065268 0.0610812 0.0561998 0.0508966 0.0453639 0.0397289 0.0340778 0.0284836 0.0230367 0.0178694 0.0131605 0.00910549 0.00585744
 0.00887749 0.0141757 0.0208786 0.0287802 0.0375486 0.0466372 0.0552261 0.0623771 0.0673594 0.0698925 0.0701269 0.0684498 0.0653041 0.0611014 0.0561944 0.0508623 0.0453053 0.0396555 0.0339992 0.0284075 0.0229693 0.0178156 0.0131231 0.00908413 0.00584854
 0.00877995 0.0140364 0.020705 0.0285918 0.0373726 0.0464994 0.0551443 0.0623573 0.0673971 0.069976 0.0702415 0.0685818 0.0654423 0.0612371 0.0563191 0.0509673 0.0453843 0.0397063 0.0340248 0.0284147 0.0229657 0.0178081 0.0131168 0.00908116 0.00584901
 0.00841017 0.0134558 0.0198721 0.0274889 0.0360171 0.0449568 0.053537 0.0608556 0.0661857 0.0692054 0.0699903 0.0688451 0.0661468 0.0622684 0.0575497 0.0522777 0.0466751 0.0409039 0.0350819 0.0293067 0.0236863 0.0183642 0.0135245 0.00936324 0.00603153
 0.00834521 0.0133261 0.019632 0.0270807 0.0353838 0.0440652 0.0524005 0.0595464 0.0648288 0.0679575 0.0690093 0.0682578 0.0660225 0.0626055 0.0582809 0.0532911 0.0478419 0.0421032 0.0362165 0.0303098 0.024521 0.0190194 0.0140088 0.00969856 0.00624768
 0.00842117 0.013439 0.0197798 0.0272481 0.0355376 0.0441523 0.0523507 0.0592871 0.0643105 0.0671825 0.0680481 0.0672416 0.0651118 0.0619477 0.0579717 0.053354 0.0482306 0.0427223 0.0369518 0.0310555 0.0251976 0.0195797 0.0144361 0.00999953 0.0064431
 0.00834487 0.0133399 0.0196765 0.0271718 0.0355221 0.0442162 0.0524826 0.0594402 0.0644112 0.0671503 0.0678218 0.0668053 0.0645105 0.0612835 0.0573782 0.0529553 0.048103 0.0428745 0.0373297 0.0315671 0.0257443 0.0200818 0.0148455 0.0103004 0.00664354
 0.00827607 0.0132356 0.0195348 0.0269995 0.0353368 0.0440471 0.0523673 0.0594138 0.0644893 0.0673127 0.0680086 0.066933 0.0645043 0.0611113 0.0570694 0.0525946 0.0477995 0.0427206 0.037368 0.0317809 0.0260721 0.0204463 0.0151807 0.010567 0.00683083
 0.00814746 0.0130433 0.0192766 0.0266849 0.034985 0.0436835 0.0520217 0.0591207 0.0642856 0.0672301 0.0680612 0.0671047 0.0647459 0.0613531 0.0572484 0.0526832 0.0478189 0.0427296 0.0374324 0.0319404 0.0263234 0.02075 0.0154834 0.0108248 0.00702192
 0.00777764 0.0125016 0.0185723 0.025866 0.0341257 0.0428628 0.0513066 0.0585598 0.063911 0.0670601 0.0681009 0.0673443 0.0651578 0.0618905 0.0578484 0.0532797 0.0483632 0.0432055 0.0378555 0.0323403 0.0267201 0.0211394 0.0158417 0.0111239 0.00724517
 0.00743579 0.0119739 0.0178329 0.024916 0.0329997 0.0416337 0.0500849 0.0574808 0.0631035 0.0666098 0.0680289 0.0676135 0.0656976 0.0626219 0.0586971 0.0541782 0.0492518 0.0440382 0.0386068 0.0330055 0.0273053 0.0216492 0.0162722 0.0114665 0.00749608
#obs surv len freq
 nan nan nan nan nan nan nan nan nan nan nan nan nan nan nan nan nan nan nan nan nan nan nan nan nan
 0.00448695 0.00734935 0.0111803 0.0159973 0.0216982 0.0279735 0.0342869 0.0400172 0.0446957 0.0481584 0.0505152 0.05201 0.0529013 0.0534129 0.0537265 0.0539809 0.0542591 0.0545516 0.0546902 0.054282 0.0527202 0.0493526 0.0438027 0.0362834 0.0276677
 0.0046079 0.00755 0.0114894 0.016443 0.0223009 0.028735 0.0351802 0.0409835 0.0456532 0.0490193 0.0512024 0.0524686 0.0531035 0.053358 0.0534363 0.053492 0.0536145 0.0537935 0.0538574 0.0534111 0.0518495 0.0485248 0.0430621 0.0356672 0.0271968
 0.00478132 0.00783001 0.0119074 0.0170277 0.0230734 0.029701 0.0363203 0.0422473 0.0469622 0.0502767 0.0523072 0.0533286 0.0536471 0.0535428 0.0532532 0.052963 0.0527851 0.0527236 0.0526134 0.0520632 0.0504729 0.0471998 0.0418684 0.0346707 0.0264337
 0.00496043 0.00812647 0.0123632 0.0176846 0.0239643 0.0308359 0.0376733 0.0437533 0.0485271 0.0517963 0.0536814 0.0544678 0.0544729 0.0539905 0.0532784 0.0525487 0.0519465 0.0515074 0.0510936 0.0503364 0.0486534 0.0454138 0.0402403 0.0333022 0.0253818
 0.00517764 0.00848007 0.0128966 0.0184392 0.0249729 0.0321109 0.0391937 0.0454581 0.050321 0.0535649 0.0553089 0.0558488 0.0555189 0.0546312 0.0534608 0.0522386 0.0511333 0.0502114 0.0493738 0.0482944 0.0464314 0.0431825 0.0381752 0.0315493 0.0240264
 0.00540058 0.00884611 0.0134542 0.0192357 0.0260454 0.0334722 0.0408176 0.0472749 0.0522283 0.0554471 0.057054 0.0573568 0.0567028 0.0554161 0.0537845 0.0520528 0.0504079 0.0489432 0.0475992 0.0461031 0.0439727 0.0406547 0.0357946 0.0295038 0.0224317
 0.00565675 0.00926385 0.0140853 0.0201295 0.0272395 0.0349777 0.0426041 0.0492644 0.0543056 0.0574816 0.0589209 0.0589497 0.0579372 0.0562265 0.0541188 0.0518682 0.049671 0.0476381 0.0457446 0.0437731 0.041312 0.0378747 0.0331401 0.0271978 0.0206188
 0.00589029 0.00964945 0.0146767 0.0209806 0.0283939 0.0364524 0.0443719 0.0512491 0.0563922 0.0595392 0.0608234 0.060588 0.0592229 0.0570907 0.054509 0.0517433 0.0489985 0.0463985 0.0439457 0.0414742 0.0386451 0.0350475 0.0304059 0.0247968 0.0187147
 0.00614503 0.0100652 0.0153057 0.021873 0.0295886 0.0379627 0.04617 0.0532591 0.0584997 0.0616117 0.0627313 0.0622189 0.060487 0.0579219 0.0548603 0.0515815 0.0482988 0.0451458 0.0421471 0.0391815 0.0359795 0.0322072 0.0276413 0.0223529 0.0167643
 0.00638415 0.0104581 0.0159046 0.0227289 0.0307413 0.039425 0.0479115 0.0552013 0.060528 0.0635975 0.0645532 0.0637732 0.0616912 0.058713 0.0551928 0.0514231 0.047627 0.0439486 0.0404324 0.036997 0.0334358 0.029488 0.0249829 0.0199912 0.0148702
 0.00661488 0.0108367 0.0164811 0.0235519 0.0318491 0.0408301 0.0495852 0.0570678 0.0624748 0.0654968 0.0662832 0.0652316 0.0627999 0.0594174 0.0554573 0.0512248 0.0469512 0.0427888 0.0387987 0.0349342 0.031045 0.0269366 0.0224876 0.0177705 0.0130847
 0.00683761 0.0112038 0.0170426 0.0243574 0.0329368 0.042211 0.0512274 0.0588908 0.0643619 0.0673182 0.0679177 0.0665805 0.0637911 0.0600041 0.0556142 0.0509415 0.0462261 0.0416266 0.0372167 0.0329778 0.0288072 0.0245675 0.020181 0.0157221 0.0114384
 0.0070794 0.0115964 0.0176325 0.0251871 0.0340366 0.0435857 0.0528421 0.0606659 0.0661829 0.0690568 0.0694535 0.0678152 0.0646552 0.0604573 0.0556411 0.0505449 0.0454189 0.040428 0.0356554 0.0311039 0.0267082 0.0223777 0.0180698 0.0138589 0.00994665
 0.00728634 0.0119395 0.0181605 0.0259485 0.0350681 0.0448949 0.0543914 0.0623688 0.0679184 0.070695 0.0708787 0.068938 0.065415 0.0608203 0.0555966 0.0501003 0.0445941 0.0392515 0.0341652 0.0293553 0.0247856 0.0204011 0.0161851 0.0122088 0.00863282
 0.00742435 0.012167 0.0185095 0.0264521 0.0357561 0.0457849 0.055478 0.0636162 0.0692611 0.0720453 0.0721391 0.0700142 0.066227 0.0613111 0.0557342 0.0498756 0.0440164 0.0383444 0.032966 0.0279193 0.023193 0.0187594 0.0146202 0.0108406 0.00754495
 0.00752099 0.0123242 0.0187465 0.0267877 0.0362065 0.0463594 0.0561746 0.0644188 0.0701405 0.0729626 0.0730477 0.0708599 0.06695 0.0618503 0.0560354 0.0498991 0.043742 0.0377731 0.0321206 0.026846 0.0219632 0.0174688 0.013378 0.00974912 0.00667515
 0.00761431 0.0124699 0.0189548 0.0270647 0.0365538 0.0467745 0.0566494 0.0649403 0.0706918 0.073526 0.0736057 0.0713942 0.0674371 0.0622586 0.0563248 0.0500259 0.0436668 0.0374703 0.0315864 0.0261041 0.021067 0.0164974 0.0124247 0.00890187 0.00599542
 0.00763647 0.0125055 0.0190078 0.0271386 0.0366519 0.0468992 0.0568024 0.0651228 0.0709058 0.073775 0.0738933 0.0717206 0.067795 0.0626289 0.0566754 0.0503135 0.0438429 0.0374905 0.0314216 0.0257505 0.0205525 0.0158795 0.0117796 0.00830567 0.00550496
 0.00771118 0.0126145 0.0191485 0.027301 0.0368213 0.0470616 0.0569487 0.0652498 0.0710154 0.0738728 0.0739879 0.0718221 0.0679126 0.0627671 0.0568292 0.050465 0.0439613 0.0375371 0.0313602 0.0255598 0.0202359 0.0154693 0.0113294 0.00787549 0.0051429
 0.00775714 0.0126876 0.019255 0.0274437 0.0369971 0.0472589 0.0571464 0.0654214 0.0711376 0.073935 0.0739968 0.0717986 0.0678826 0.0627525 0.0568419 0.0505035 0.0440105 0.0375706 0.0313462 0.0254709 0.0200607 0.0152189 0.0110363 0.00758227 0.00488793
 0.00782116 0.0127821 0.0193794 0.0275918 0.037159 0.0474243 0.0573064 0.0655678 0.0712608 0.0740236 0.0740407 0.0717938 0.0678355 0.0626794 0.0567633 0.0504367 0.0439622 0.0375341 0.0313033 0.0253995 0.0199446 0.0150563 0.010842 0.00738252 0.00470979
 0.00785157 0.0128342 0.0194623 0.0277138 0.037324 0.0476269 0.0575291 0.0657831 0.0714398 0.0741454 0.0740977 0.0717898 0.0677809 0.0625872 0.0566478 0.050313 0.0438435 0.0374274 0.0312067 0.0253031 0.0198365 0.01493 0.0107015 0.0072411 0.00458356
 0.00787236 0.0128633 0.0194978 0.0277523 0.0373629 0.0476673 0.057577 0.0658464 0.0715226 0.0742432 0.074197 0.0718732 0.0678342 0.062604 0.0566303 0.0502691 0.0437836 0.0373608 0.0311387 0.0252337 0.0197619 0.0148469 0.0106109 0.00714966 0.00450081
 0.00789633 0.0129003 0.0195496 0.0278183 0.0374398 0.0477488 0.0576544 0.0659112 0.0715697 0.0742738 0.0742168 0.0718887 0.067847 0.0626102 0.0566232 0.0502438 0.04374 0.0373032 0.0310728 0.0251643 0.0196909 0.0147748 0.0105392 0.00708161 0.00444135
 0.00787632 0.0128661 0.0194954 0.0277387 0.037332 0.0476156 0.0575066 0.0657665 0.0714488 0.0741942 0.0741894 0.0719164 0.0679258 0.0627299 0.0567684 0.0503965 0.0438832 0.0374244 0.0311656 0.0252275 0.0197269 0.0147876 0.0105339 0.00706477 0.00441959
 0.00790827 0.0129094 0.0195443 0.0277819 0.0373553 0.0476063 0.0574576 0.0656791 0.0713326 0.0740654 0.0740678 0.0718208 0.0678702 0.0627203 0.0568025 0.0504646 0.0439709 0.037516 0.031248 0.025292 0.0197699 0.01481 0.0105396 0.00705908 0.00440828
 0.00786333 0.0128421 0.0194534 0.0276696 0.0372253 0.0474622 0.0573021 0.0655154 0.0711672 0.0739103 0.0739395 0.0717374 0.0678468 0.0627642 0.0569111 0.0506261 0.0441666 0.0377245 0.0314484 0.0254677 0.0199108 0.014913 0.0106073 0.00709831 0.0044275
 0.00788406 0.0128667 0.0194741 0.027674 0.0372009 0.0474019 0.0572085 0.0653997 0.0710439 0.0737908 0.0738303 0.0716422 0.0677707 0.0627159 0.0569004 0.0506592 0.0442426 0.0378339 0.0315758 0.0255958 0.0200248 0.0150036 0.0106716 0.00713876 0.00444966
 0.00786012 0.0128322 0.0194297 0.0276221 0.037143 0.0473366 0.0571306 0.0653033 0.0709277 0.0736622 0.0737048 0.0715383 0.0677027 0.0626908 0.056919 0.0507187 0.0443382 0.0379583 0.0317181 0.0257422 0.020161 0.015118 0.0107584 0.00719801 0.00448583
 0.00785887 0.0128234 0.0194044 0.0275688 0.0370524 0.0472067 0.0569709 0.0651329 0.0707681 0.0735293 0.0736054 0.0714729 0.0676705 0.0626926 0.0569564 0.0507917 0.0444436 0.0380894 0.0318654 0.025894 0.0203046 0.0152424 0.0108565 0.00726805 0.00453086
 0.00784551 0.0128066 0.0193877 0.0275571 0.0370485 0.0472076 0.0569662 0.0651081 0.0707121 0.0734412 0.0734965 0.0713614 0.067574 0.0626232 0.0569199 0.0507897 0.044475 0.0381509 0.0319508 0.025994 0.0204081 0.0153386 0.010937 0.00732854 0.00457165
 0.00780371 0.0127361 0.0192778 0.0273984 0.0368372 0.0469518 0.0566884 0.0648421 0.0704924 0.0732915 0.0734233 0.0713577 0.0676275 0.0627222 0.0570554 0.0509541 0.0446605 0.0383489 0.032152 0.0261887 0.0205867 0.0154923 0.0110599 0.00741898 0.00463233
 0.00775337 0.0126553 0.0191579 0.0272318 0.0366192 0.0466824 0.0563766 0.0645081 0.0701672 0.0730122 0.073225 0.0712639 0.0676444 0.0628391 0.0572503 0.0512013 0.0449366 0.0386347 0.0324321 0.0264503 0.0208192 0.0156875 0.0112134 0.0075309 0.00470725
 0.00773836 0.012624 0.0190983 0.0271288 0.0364586 0.0464574 0.0560927 0.0641846 0.069833 0.0726996 0.0729647 0.0710818 0.0675595 0.0628601 0.0573731 0.0514094 0.0452048 0.038935 0.0327386 0.0267416 0.0210793 0.0159058 0.0113847 0.00765556 0.00479075
 0.0076968 0.0125587 0.019004 0.0270013 0.0362944 0.0462537 0.0558493 0.0639064 0.069533 0.0723993 0.0726922 0.0708673 0.0674289 0.0628302 0.0574491 0.0515841 0.0454599 0.039244 0.0330714 0.0270692 0.0213776 0.0161584 0.0115833 0.00780007 0.00488741
 0.00769046 0.0125447 0.0189761 0.0269515 0.0362151 0.0461406 0.0557034 0.0637341 0.0693431 0.0722011 0.0724947 0.0706816 0.0672704 0.0627183 0.0574025 0.0516158 0.045572 0.0394264 0.0333033 0.0273239 0.0216279 0.0163818 0.0117655 0.00793591 0.00497979
 0.00767476 0.0125235 0.0189518 0.0269281 0.0361958 0.0461246 0.0556843 0.0637011 0.0692858 0.0721139 0.0723793 0.0705463 0.0671282 0.0625847 0.0572951 0.0515517 0.0455651 0.0394824 0.0334172 0.0274799 0.0218035 0.0165537 0.011915 0.00805257 0.00506176
 0.00763742 0.012466 0.0188715 0.0268257 0.0360758 0.0459962 0.0555603 0.0635955 0.0692089 0.0720679 0.0723578 0.0705377 0.0671216 0.0625757 0.0572867 0.0515535 0.0455892 0.0395396 0.033512 0.0276081 0.0219523 0.016705 0.0120517 0.00816271 0.00514116
 0.00762391 0.0124413 0.0188296 0.0267597 0.0359805 0.0458711 0.0554128 0.063441 0.0690673 0.0719579 0.072291 0.0705157 0.0671369 0.0626152 0.0573379 0.0516091 0.0456494 0.0396096 0.0335983 0.0277132 0.0220719 0.0168289 0.0121669 0.00825861 0.00521236
 0.00759675 0.0124003 0.0187733 0.0266885 0.0358953 0.0457726 0.0553013 0.0633181 0.0689383 0.0718332 0.0721851 0.0704434 0.0671085 0.0626325 0.0573941 0.0516924 0.0457477 0.0397154 0.0337086 0.0278277 0.0221889 0.0169435 0.0122714 0.00834554 0.00527759
 0.00759961 0.0124033 0.0187751 0.0266867 0.0358875 0.0457573 0.0552781 0.0632871 0.068899 0.0717843 0.0721257 0.0703757 0.0670392 0.062572 0.0573529 0.0516767 0.0457582 0.0397482 0.0337583 0.0278894 0.0222584 0.0170158 0.0123408 0.00840598 0.00532488
 0.00757772 0.0123719 0.0187355 0.0266425 0.0358435 0.045717 0.0552431 0.0632567 0.0688717 0.0717588 0.0721016 0.0703529 0.0670179 0.0625537 0.0573405 0.0516751 0.0457717 0.0397788 0.0338049 0.0279482 0.0223241 0.0170829 0.0124034 0.00845956 0.00536642
 0.00755418 0.0123323 0.0186739 0.0265537 0.0357253 0.045574 0.0550877 0.0631084 0.068751 0.0716805 0.0720706 0.0703645 0.0670622 0.0626193 0.0574184 0.0517593 0.0458596 0.0398698 0.0338985 0.0280428 0.0224165 0.0171685 0.012478 0.00851976 0.00541107
 0.00754239 0.0123135 0.018646 0.0265146 0.0356727 0.0455054 0.0550019 0.0630071 0.0686407 0.0715729 0.0719802 0.0703048 0.0670407 0.0626357 0.057466 0.0518282 0.0459407 0.0399564 0.0339868 0.02813 0.0225001 0.0172452 0.0125443 0.00857313 0.00545054
 0.00754112 0.0123116 0.0186434 0.0265111 0.0356678 0.0454979 0.0549897 0.0629869 0.068609 0.0715274 0.071922 0.0702393 0.0669774 0.0625856 0.0574377 0.0518253 0.0459612 0.0399951 0.0340372 0.0281865 0.022558 0.0173005 0.0125936 0.00861369 0.00548109
 0.00752842 0.0122927 0.0186183 0.0264811 0.035635 0.0454648 0.0549587 0.0629597 0.0685863 0.0715083 0.0719043 0.0702207 0.0669569 0.0625652 0.0574222 0.0518206 0.045972 0.0400224 0.0340786 0.0282372 0.0226122 0.017353 0.0126402 0.00865167 0.0055094
 0.00750884 0.0122641 0.0185811 0.0264379 0.0355901 0.0454228 0.0549236 0.0629346 0.0685724 0.0715053 0.0719097 0.0702307 0.0669674 0.0625731 0.0574269 0.0518242 0.0459786 0.0400364 0.0341024 0.0282702 0.0226513 0.0173937 0.012678 0.00868332 0.00553332
 0.00749723 0.0122414 0.0185402 0.0263708 0.035491 0.0452926 0.0547727 0.0627822 0.0684415 0.0714148 0.0718692 0.0702394 0.0670165 0.0626498 0.0575181 0.0519198 0.0460722 0.0401254 0.0341865 0.0283495 0.0227249 0.0174595 0.0127335 0.00872681 0.00556458
 0.00747531 0.0122065 0.0184889 0.0263 0.0353978 0.0451748 0.0546306 0.0626208 0.0682724 0.0712561 0.0717426 0.0701641 0.0670037 0.062699 0.0576184 0.0520539 0.0462222 0.0402768 0.0343296 0.0284788 0.0228376 0.017554 0.0128089 0.00878332 0.00560386
 0.00747531 0.0122065 0.0184889 0.0263 0.0353978 0.0451748 0.0546306 0.0626208 0.0682724 0.0712561 0.0717426 0.0701641 0.0670037 0.062699 0.0576184 0.0520539 0.0462222 0.0402768 0.0343296 0.0284788 0.0228376 0.017554 0.0128089 0.00878332 0.00560386
 0.00719547 0.0117601 0.0178349 0.0254116 0.034274 0.0438554 0.0532078 0.0612343 0.0670821 0.0704025 0.0713136 0.0701831 0.0674362 0.06347 0.0586301 0.0532026 0.0474115 0.0414265 0.0353804 0.0293925 0.0235946 0.0181501 0.0132527 0.00909309 0.00580486
 0.0071621 0.0116746 0.0176485 0.0250598 0.0336927 0.0430072 0.0521068 0.0599558 0.0657517 0.0691701 0.070324 0.0695507 0.067226 0.0636895 0.0592327 0.0541005 0.0484952 0.0425842 0.0365133 0.0304245 0.024476 0.0188572 0.0137842 0.00946575 0.00604687
 0.00719921 0.0117386 0.0177488 0.0251989 0.0338558 0.0431503 0.0521536 0.0598136 0.0653462 0.0684839 0.0694182 0.0685542 0.0663004 0.0629836 0.0588468 0.0540688 0.0487873 0.0431218 0.0371945 0.0311473 0.0251561 0.0194381 0.0142389 0.00979265 0.00626249
 0.00717327 0.0117091 0.0177281 0.025207 0.033915 0.0432757 0.0523413 0.0600315 0.0655318 0.068555 0.0692966 0.0681991 0.0657349 0.0622991 0.0581778 0.0535502 0.0485124 0.0431192 0.0374293 0.0315421 0.0256191 0.0198882 0.0146213 0.0100826 0.00646036
 0.00714372 0.0116624 0.0176613 0.0251207 0.0338161 0.0431802 0.0522742 0.0600206 0.0655949 0.0686848 0.0694523 0.0683132 0.0657367 0.0621463 0.0578822 0.0531805 0.0481704 0.0429008 0.0373888 0.0316772 0.0258807 0.0202053 0.014928 0.0103355 0.00664301
 0.00710716 0.0116078 0.017588 0.0250312 0.0337153 0.0430742 0.0521707 0.0599308 0.0655337 0.0686687 0.0694922 0.0684035 0.0658491 0.0622347 0.0579008 0.0531082 0.0480276 0.0427438 0.0372854 0.0316747 0.0259869 0.0203902 0.0151425 0.0105342 0.00679849
 0.00706577 0.0115395 0.0174838 0.0248834 0.0335208 0.0428385 0.0519111 0.0596748 0.0653137 0.0685133 0.06942 0.0684212 0.0659495 0.0623959 0.058088 0.053282 0.0481592 0.0428294 0.0373476 0.0317492 0.0261005 0.0205463 0.0153213 0.010706 0.00693922
 0.00707962 0.0115598 0.0175097 0.0249117 0.0335451 0.0428497 0.0518983 0.0596287 0.0652306 0.0683991 0.0692909 0.0682993 0.0658566 0.0623459 0.058082 0.0533081 0.048198 0.0428635 0.037372 0.0317731 0.0261403 0.0206126 0.0154113 0.0108049 0.00702927
#pred catch len freq
 0.00404509 0.00644508 0.00948874 0.0131364 0.0173647 0.022137 0.027337 0.0327446 0.0380806 0.0430729 0.047498 0.0512017 0.0541123 0.0562408 0.0576608 0.0584826 0.058833 0.0588259 0.0584945 0.0576825 0.0559631 0.0527095 0.0473874 0.0399563 0.0310995
 0.00422877 0.00667229 0.009702 0.0132467 0.0172864 0.0218366 0.026865 0.0322234 0.0376484 0.0428183 0.0474266 0.0512524 0.0542083 0.0563403 0.0577804 0.0586822 0.059173 0.0593171 0.0590679 0.0581996 0.0562692 0.0527051 0.0470765 0.0394423 0.0305312
 0.00439343 0.00694197 0.0101057 0.013797 0.0179594 0.0225519 0.0274858 0.0325937 0.037662 0.0424795 0.0468549 0.0506225 0.0536645 0.0559467 0.0575314 0.0585505 0.0591456 0.0593931 0.0592266 0.0583739 0.0563553 0.0526097 0.0467692 0.0389752 0.0300106
 0.00454941 0.00719163 0.0104762 0.0143159 0.0186538 0.0234411 0.0285625 0.0337977 0.0388633 0.0434918 0.0474915 0.0507717 0.0533413 0.0552812 0.0567025 0.0577115 0.058387 0.0587456 0.0586785 0.0578827 0.055859 0.05205 0.0461256 0.0382827 0.029346
 0.00473826 0.00748672 0.0108993 0.0148828 0.0193763 0.0243294 0.0296227 0.0350231 0.0402209 0.0449051 0.0488291 0.0518577 0.0539983 0.0553936 0.0562658 0.0568336 0.0572385 0.057492 0.0574312 0.0566877 0.054715 0.0509421 0.0450566 0.0372889 0.0284853
 0.00496361 0.00783901 0.0114039 0.015556 0.0202253 0.0253524 0.0308064 0.0363407 0.0416317 0.0463557 0.0502502 0.0531554 0.0550486 0.0560542 0.0564118 0.0564045 0.0562689 0.0561024 0.0557838 0.0549339 0.0529661 0.0492725 0.0435249 0.0359524 0.0273957
 0.00523345 0.00826108 0.012009 0.0163642 0.0212458 0.0265826 0.0322275 0.0379117 0.043289 0.0480189 0.0518311 0.0545652 0.0561984 0.0568516 0.0567602 0.0562161 0.0554935 0.0547576 0.0539656 0.0527985 0.0506943 0.0470377 0.0414751 0.0342009 0.0260113
 0.00554854 0.00875156 0.0127077 0.0172897 0.0224041 0.0279672 0.0338156 0.0396585 0.0451251 0.0498549 0.0535664 0.056098 0.0574342 0.0577072 0.0571614 0.0560959 0.054797 0.0534619 0.0521058 0.0504854 0.0481088 0.0444022 0.0390112 0.0320877 0.0243542
 0.00594055 0.00935542 0.0135554 0.0183925 0.0237561 0.0295509 0.0356007 0.0415959 0.0471421 0.0518567 0.0554441 0.0577395 0.0587359 0.0585819 0.0575406 0.0559261 0.0540374 0.0520898 0.0501375 0.048002 0.0452734 0.0414486 0.0362022 0.0296541 0.0224405
 0.006277 0.00988429 0.0143181 0.0194168 0.0250536 0.0311131 0.0373925 0.0435518 0.0491718 0.0538577 0.0573131 0.059379 0.0600558 0.0595008 0.0579875 0.0558414 0.0533742 0.0508197 0.0482653 0.0455907 0.0424666 0.0384712 0.0333255 0.0271313 0.0204411
 0.00657935 0.0103696 0.015038 0.0204176 0.0263709 0.0327614 0.0393501 0.0457502 0.0514964 0.0561623 0.0594423 0.0611911 0.0614396 0.0603819 0.0583229 0.0556067 0.0525524 0.0494012 0.0462613 0.0430599 0.0395424 0.0353701 0.0303187 0.0244817 0.0183319
 0.00688383 0.0108479 0.0157285 0.0213504 0.0275696 0.0342425 0.0411157 0.047774 0.053711 0.0584545 0.0616605 0.0631657 0.0630112 0.0614269 0.0587662 0.0554181 0.0517322 0.047967 0.0442485 0.0405395 0.0366467 0.0323054 0.0273449 0.0218549 0.0162343
 0.00720577 0.0113482 0.0164396 0.0222901 0.0287428 0.0356431 0.0427249 0.0495556 0.0556099 0.0603967 0.0635542 0.064902 0.0644685 0.0624829 0.0593147 0.0553845 0.0510806 0.0466989 0.0424014 0.0381932 0.0339371 0.0294322 0.0245527 0.0193837 0.0142564
 0.00759281 0.0119456 0.01728 0.0233842 0.0300812 0.0371989 0.0444522 0.0513871 0.0574601 0.0621723 0.0651663 0.0662735 0.0655346 0.063186 0.0596001 0.0552004 0.0503844 0.0454693 0.0406518 0.0359865 0.0313977 0.0267468 0.0219491 0.0170829 0.0124161
 0.00786679 0.0123861 0.0179339 0.0242924 0.0312716 0.0386748 0.0461788 0.053285 0.0594119 0.0640423 0.0668237 0.0676115 0.0664807 0.0637031 0.0596775 0.0548386 0.0495846 0.0442321 0.0389904 0.0339477 0.0290819 0.024314 0.0195988 0.0150107 0.010761
 0.00802754 0.0126389 0.0183004 0.0247924 0.0319262 0.0395079 0.0472118 0.054524 0.060831 0.065573 0.0683564 0.0690131 0.0676228 0.0644868 0.0600456 0.0547723 0.04909 0.0433276 0.0377044 0.0323289 0.0272167 0.022335 0.0176729 0.0133031 0.00939135
 0.00809201 0.0127507 0.0184821 0.0250706 0.0323273 0.0400519 0.0479061 0.0553614 0.0617925 0.0666295 0.0694664 0.0701164 0.0686377 0.0653179 0.0606011 0.0549827 0.0489182 0.0427694 0.0367836 0.0310964 0.0257548 0.0207603 0.0161267 0.0119239 0.00828027
