SBPRF35
7.78865
Curr Bio
690741
B35
715992
F35
0.22982
FOFL
0.226651
OFL
119276
Bzero
2.22533e+006
#pred survey bio
 4.53862e+006 4.2474e+006 3.9836e+006 3.68621e+006 3.36933e+006 3.03491e+006 2.72351e+006 2.40785e+006 2.10998e+006 1.86085e+006 1.6275e+006 1.47702e+006 1.30662e+006 1.16104e+006 1.01655e+006 902540 809991 748011 701966 665315 636377 609158 578623 571949 571223 572482 564427 560116 558087 563330 560906 555410 557147 553364 545766 537285 528553 523168 529742 539430 538505 553710 556524 554815 568880 577589 590424 605652 632397 651317 687440 2.4607e+007 1.50856e+007 1.54132e+007 1.57604e+007 1.60973e+007 1.63969e+007 1.66483e+007 1.68513e+007 1.7011e+007 1.71347e+007 1.72295e+007 1.73018e+007 1.73568e+007 1.73987e+007 1.74305e+007 1.74549e+007 1.74734e+007 1.74877e+007 1.74986e+007 1.7507e+007 1.75135e+007 1.75185e+007 1.75223e+007 1.75252e+007 1.75275e+007 1.75293e+007 1.75307e+007 1.75317e+007 1.75325e+007 1.75331e+007 1.75336e+007 1.7534e+007 1.75343e+007 1.75345e+007 1.75347e+007 1.75348e+007 1.75349e+007 1.7535e+007 1.75351e+007 1.75351e+007 1.75352e+007 1.75352e+007 1.75352e+007 1.75352e+007 1.75352e+007 1.75353e+007 1.75353e+007 1.75353e+007 1.75353e+007 1.75353e+007 1.75353e+007 1.75353e+007 1.75353e+007 1.75353e+007 1.75353e+007 1.75353e+007 1.75353e+007 1.75353e+007 1.75353e+007 1.75353e+007 1.75353e+007 1.75353e+007 1.75353e+007 1.75353e+007 1.75353e+007 1.75353e+007 1.75353e+007 1.75353e+007 1.75353e+007 1.75353e+007 1.75353e+007 1.75353e+007 1.75353e+007 1.75353e+007 1.75353e+007 1.75353e+007 1.75353e+007 1.75353e+007 1.75353e+007 1.75353e+007 1.75353e+007 1.75353e+007 1.75353e+007 1.75353e+007 1.75353e+007 1.75353e+007 1.75353e+007 1.75353e+007 1.75353e+007 1.75353e+007 1.75353e+007 1.75353e+007 1.75353e+007 1.75353e+007 1.75353e+007 1.75353e+007 1.75353e+007 1.75353e+007 1.75353e+007 1.75353e+007 0 0 0 0 0 0 0 0 0 0 0 0 0 0 0 0 0 0 0 0 0 0 0 0 0
#obs survey bio
 3.73868e+006 3.89347e+006 4.0605e+006 3.81248e+006 2.53884e+006 2.68338e+006 2.7593e+006 2.45567e+006 1.60569e+006 1.40701e+006 1.36954e+006 1.42586e+006 1.179e+006 822203 973185 682982 864627 586148 689418 500474 681763 567037 764256 568328 519033 401157 458035 685907 444276 460305 459141 619882 518470 580283 706371 563694 640177 584191 651590 541893 465574 597566 763447 591410 421188 622014 584297 715362 528704 609393 608441
#pred catch bio
 98510.3 95441.9 154382 203776 253739 266728 302634 315620 296899 303252 244623 271875 254649 254445 226156 204886 175866 159864 148815 138594 133162 131841 108912 103255 101843 109689 105375 102075 95504 101664 102628 94015.5 95579.4 94580.7 90945.4 89500.8 89420.7 83747.8 83971.3 93670.2 80613.5 91984.8 96306.6 84632 91647.2 90522 91767.1 86836.4 99344.5 91744.3 114607 119276 122672 124401 126174 127939 129477 130698 131611 132265 132719 133027 133231 133365 133452 133507 133542 133565 133579 133588 133593 133597 133599 133600 133601 133601 133602 133602 133602 133602 133602 133602 133602 133602 133602 133602 133602 133602 133602 133602 133602 133602 133602 133602 133602 133602 133602 133602 133602 133602 133602 133602 133602 133602 133602 133602 133602 133602 133602 133602 133602 133602 133602 133602 133602 133602 133602 133602 133602 133602 133602 133602 133602 133602 133602 133602 133602 133602 133602 133602 133602 133602 133602 133602 133602 133602 133602 133602 133602 133602 133602 133602 133602 133602 133602 133602 133602 133602 133602 133602 133602 0 0 0 0 0 0 0 0 0 0 0 0 0 0 0 0 0 0 0 0 0 0 0 0 0
#obs catch bio
 0 95133.2 154958 204685 256144 268747 306837 320257 301741 311257 249611 278892 260231 260574 229711 208484 177460 162037 150880 140370 134346 133282 109296 103903 102380 111088 106827 102586 96084.7 102665 104148 94691.4 96339 95003.2 90800.1 89236.9 89233.2 83468.3 83384.2 93001.1 79804.4 91290.9 95444.9 83935.1 91481 90172 91307.3 86479.2 99365.9 91540.3 114775
#pred cpue bio
 4.45548e+006 4.16702e+006 3.90522e+006 3.60902e+006 3.29415e+006 2.96194e+006 2.65246e+006 2.33915e+006 2.04373e+006 1.79647e+006 1.56536e+006 1.41637e+006 1.24891e+006 1.10631e+006 965349 854361 764482 704374 659897 624900 597586 571959 542995 536795 536104 537153 529316 525497 523937 529059 526816 522004 524505 521803 515569 508281 499429 492464 497499 506834 506288 521042 523701 521791 534895 542864 554848 568859 593672 610682 644174 2.30543e+007 1.41487e+007 1.4464e+007 1.47928e+007 1.51221e+007 1.54198e+007 1.56708e+007 1.58737e+007 1.60335e+007 1.61571e+007 1.62519e+007 1.63243e+007 1.63793e+007 1.64211e+007 1.6453e+007 1.64773e+007 1.64959e+007 1.65101e+007 1.65211e+007 1.65295e+007 1.65359e+007 1.65409e+007 1.65448e+007 1.65477e+007 1.655e+007 1.65518e+007 1.65531e+007 1.65542e+007 1.6555e+007 1.65556e+007 1.65561e+007 1.65565e+007 1.65568e+007 1.6557e+007 1.65572e+007 1.65573e+007 1.65574e+007 1.65575e+007 1.65575e+007 1.65576e+007 1.65576e+007 1.65577e+007 1.65577e+007 1.65577e+007 1.65577e+007 1.65577e+007 1.65577e+007 1.65577e+007 1.65577e+007 1.65577e+007 1.65577e+007 1.65578e+007 1.65578e+007 1.65578e+007 1.65578e+007 1.65578e+007 1.65578e+007 1.65578e+007 1.65578e+007 1.65578e+007 1.65578e+007 1.65578e+007 1.65578e+007 1.65578e+007 1.65578e+007 1.65578e+007 1.65578e+007 1.65578e+007 1.65578e+007 1.65578e+007 1.65578e+007 1.65578e+007 1.65578e+007 1.65578e+007 1.65578e+007 1.65578e+007 1.65578e+007 1.65578e+007 1.65578e+007 1.65578e+007 1.65578e+007 1.65578e+007 1.65578e+007 1.65578e+007 1.65578e+007 1.65578e+007 1.65578e+007 1.65578e+007 1.65578e+007 1.65578e+007 1.65578e+007 1.65578e+007 1.65578e+007 1.65578e+007 1.65578e+007 1.65578e+007 1.65578e+007 1.65578e+007 1.65578e+007 1.65578e+007 0 0 0 0 0 0 0 0 0 0 0 0 0 0 0 0 0 0 0 0 0 0 0 0 0
#obs cpue bio
 2.9898e+006 3.74836e+006 2.5264e+006 2.68191e+006 2.47235e+006 3.67425e+006 1.58718e+006 2.22719e+006 1.74768e+006 1.19097e+006 1.26169e+006 1.35822e+006 1.2267e+006 1.26151e+006 1.14411e+006 825209 855585 570082 538780 699807 601105 525687 467953 416114 551790 463284 465895 690311 483155 495940 399805 588013 519038 600539 605247 558707 429391 481375 577868 665688 673164 516408 499046 452284 529736 590526 695639 406996 631141 577793 734628
#pred surv len freq
 0.00463176 0.00746721 0.011147 0.0156422 0.0208707 0.0266376 0.0325878 0.0382663 0.0432707 0.0473752 0.0505453 0.0528762 0.0545226 0.0556473 0.056379 0.0567848 0.0568664 0.0565686 0.055771 0.0542509 0.0516601 0.0475974 0.0418181 0.0344933 0.0263225
 0.00497661 0.00794983 0.011734 0.0162667 0.021468 0.0271912 0.0331518 0.0389367 0.0441135 0.0483556 0.0515082 0.0535959 0.0547973 0.0553847 0.0556336 0.0557348 0.0557439 0.0555742 0.055005 0.0536921 0.0512015 0.0471202 0.0412608 0.0338778 0.0257263
 0.00509588 0.00818491 0.0121584 0.0169603 0.0224812 0.0285013 0.0346406 0.0404212 0.0454217 0.0493992 0.0522937 0.0541652 0.0551496 0.0554485 0.0553119 0.0549844 0.0546276 0.0542455 0.0536411 0.0524189 0.0500604 0.0460898 0.0403108 0.0330102 0.0249776
 0.00527142 0.00845427 0.0125389 0.0174704 0.0231521 0.0293844 0.0357961 0.0418801 0.0471389 0.05123 0.0540238 0.0555828 0.0561124 0.0559006 0.0552513 0.0544275 0.0536066 0.0528333 0.0519626 0.0506279 0.0482963 0.0444495 0.0388521 0.0317709 0.0239857
 0.00550276 0.00882132 0.013074 0.0181964 0.0240787 0.0305042 0.037084 0.0433001 0.0486549 0.0528076 0.0556122 0.0570897 0.0573968 0.0568002 0.0556299 0.0542104 0.0527888 0.0514715 0.0501658 0.0485477 0.0461082 0.0423254 0.0369353 0.0301611 0.0227331
 0.00577085 0.0092498 0.0137056 0.0190674 0.0252135 0.0319066 0.0387257 0.0451137 0.050541 0.054654 0.0573164 0.0585701 0.0585868 0.0576314 0.0560199 0.0540707 0.0520521 0.0501223 0.0482609 0.0462189 0.0435469 0.0397534 0.0345648 0.028156 0.0211812
 0.00600451 0.00962927 0.0142768 0.0198747 0.0262944 0.0332804 0.0403803 0.0469961 0.052558 0.056684 0.0592264 0.0602338 0.0599005 0.0585195 0.0564294 0.0539572 0.0513738 0.0488517 0.046413 0.0438798 0.040885 0.0370006 0.0319709 0.0259311 0.019449
 0.00632657 0.010135 0.0150061 0.0208562 0.0275458 0.0348062 0.0421643 0.0489921 0.0546852 0.0588298 0.0612572 0.0620107 0.0612964 0.0594349 0.0567983 0.053744 0.0505624 0.0474413 0.0444283 0.0413965 0.0380535 0.0340456 0.029155 0.0234918 0.0175369
 0.00669238 0.0107157 0.0158541 0.0220112 0.0290284 0.0366085 0.0442387 0.0512478 0.0569986 0.0610657 0.0632865 0.0637195 0.0625876 0.060229 0.0570361 0.0533884 0.0495984 0.0458758 0.0422967 0.0387796 0.0350977 0.0309682 0.0262163 0.0209351 0.0155239
 0.00695954 0.0111534 0.0165194 0.022961 0.0303096 0.0382423 0.0462016 0.0534612 0.0593349 0.0633682 0.065395 0.0654921 0.0639147 0.061037 0.0572829 0.0530538 0.0486774 0.0443784 0.0402579 0.0362766 0.0322693 0.0280188 0.0233918 0.0184687 0.0135742
 0.00723706 0.0115988 0.0171804 0.0238819 0.0315278 0.03978 0.0480519 0.055575 0.0616145 0.0656733 0.0675588 0.0673447 0.0653098 0.0618722 0.0575064 0.0526577 0.0476824 0.0428225 0.0381964 0.0337957 0.0295042 0.0251611 0.0206693 0.0160973 0.0117009
 0.0073219 0.0117448 0.0174163 0.0242426 0.0320512 0.0405003 0.0489913 0.0567367 0.0629794 0.0671973 0.0691697 0.0689411 0.0667659 0.0630532 0.0582893 0.0529502 0.0474339 0.0420251 0.0368829 0.0320418 0.0274338 0.0229468 0.0185133 0.0141916 0.0101796
 0.00750754 0.0120457 0.0178679 0.0248786 0.0328985 0.0415703 0.0502697 0.0581772 0.0645068 0.0687198 0.0705933 0.070181 0.0677521 0.0637289 0.058607 0.0528695 0.0469244 0.0410754 0.0355114 0.0303078 0.0254449 0.0208564 0.0165013 0.0124268 0.00877785
 0.0076496 0.0122798 0.0182268 0.0253961 0.0336048 0.0424831 0.0513831 0.0594542 0.0658805 0.0701011 0.071884 0.0712879 0.0685993 0.0642648 0.0588041 0.0527168 0.0464192 0.0402211 0.0343247 0.0288317 0.0237622 0.019091 0.0148027 0.0109369 0.00759445
 0.00791 0.0126869 0.0188097 0.0261727 0.0345812 0.0436514 0.0527159 0.060898 0.0673547 0.0715051 0.0731106 0.0722394 0.0692028 0.0644824 0.0586338 0.0521846 0.0455661 0.0390915 0.0329634 0.0272912 0.0221144 0.017434 0.0132521 0.00960161 0.0065467
 0.00811013 0.0130079 0.0192844 0.026828 0.0354323 0.0446935 0.0539154 0.0621909 0.0686552 0.0727211 0.0741575 0.073047 0.0697174 0.0646697 0.0584816 0.0517041 0.0447892 0.0380642 0.0317396 0.0259315 0.0206896 0.0160279 0.0119561 0.00849802 0.0056877
 0.00838146 0.0134196 0.01985 0.0275429 0.0362789 0.0456482 0.0549507 0.0632708 0.0697295 0.0737246 0.0750166 0.0736924 0.0700966 0.0647543 0.0582675 0.0512075 0.0440411 0.0371066 0.0306233 0.0247151 0.01944 0.0148188 0.0108616 0.00758011 0.00498184
 0.00846644 0.0135683 0.0200923 0.0279103 0.0367942 0.0463113 0.0557288 0.064102 0.070541 0.0744556 0.0756298 0.074169 0.070424 0.0649166 0.0582464 0.0509894 0.0436243 0.0365052 0.0298676 0.0238503 0.0185233 0.0139154 0.0100361 0.00688528 0.00444719
 0.00846385 0.0135693 0.0201048 0.0279487 0.0368803 0.0464733 0.0559953 0.0644915 0.0710493 0.0750479 0.0762455 0.0747392 0.0708907 0.0652441 0.0584188 0.0510018 0.0434765 0.0362021 0.0294238 0.0232944 0.0178988 0.0132762 0.00943798 0.00637456 0.00405111
 0.00845744 0.0135572 0.020084 0.0279168 0.0368377 0.046427 0.0559621 0.064498 0.0711271 0.0752235 0.0765288 0.0751144 0.0713166 0.0656636 0.0587747 0.0512498 0.0435907 0.0361739 0.029259 0.0230124 0.0175322 0.0128682 0.00903574 0.00601949 0.00376981
 0.00846141 0.0135589 0.0200776 0.0278937 0.0367887 0.046346 0.05585 0.0643658 0.0709969 0.0751265 0.0764992 0.0751805 0.0714901 0.0659315 0.0590997 0.0515791 0.04387 0.0363607 0.0293305 0.0229673 0.0173885 0.0126587 0.00880009 0.00579506 0.00358342
 0.00850396 0.0136212 0.0201582 0.0279858 0.0368809 0.0464238 0.0558984 0.064372 0.0709542 0.0750386 0.076383 0.0750641 0.0714059 0.0659067 0.059146 0.0516869 0.0440105 0.0364945 0.0294204 0.0229896 0.0173386 0.0125504 0.00865906 0.00565001 0.00345721
 0.00873721 0.0139626 0.0206016 0.0285004 0.0374187 0.046933 0.0563333 0.0646972 0.0711437 0.0750768 0.0762679 0.0748111 0.0710487 0.065493 0.0587276 0.0513077 0.0436959 0.0362472 0.0292252 0.0228232 0.0171819 0.0123951 0.00850876 0.00551488 0.00334725
 0.00884636 0.0141236 0.0208124 0.0287452 0.0376688 0.0471505 0.0564777 0.0647344 0.0710585 0.0748816 0.0760016 0.0745264 0.0707933 0.0652968 0.0586011 0.0512473 0.0436905 0.0362815 0.02928 0.022878 0.0172189 0.0124048 0.00849205 0.00548081 0.00330785
 0.00892965 0.0142493 0.0209828 0.0289547 0.0379037 0.0473894 0.0566923 0.064892 0.0711272 0.0748399 0.0758477 0.0742821 0.0705005 0.0650052 0.0583537 0.0510699 0.0435888 0.036245 0.0292891 0.0229101 0.0172539 0.0124287 0.00849918 0.00547316 0.00329186
 0.00881801 0.0141017 0.0208231 0.0288251 0.0378519 0.0474486 0.0568648 0.0651466 0.0714104 0.0750941 0.0760268 0.0743607 0.0704767 0.0648989 0.0582002 0.0509091 0.0434539 0.0361546 0.0292452 0.0229023 0.0172661 0.0124457 0.00851102 0.0054764 0.00328811
 0.00866735 0.013883 0.0205445 0.0285156 0.0375594 0.0472322 0.0567834 0.0652434 0.0716962 0.075534 0.0765431 0.0748543 0.0708592 0.0651192 0.0582537 0.0508296 0.0432953 0.0359712 0.0290775 0.0227714 0.0171756 0.0123882 0.00847569 0.00545392 0.00327277
 0.00872687 0.0139392 0.0205556 0.0284222 0.0373058 0.046798 0.0562086 0.064628 0.0711712 0.0752168 0.0764983 0.075076 0.0712782 0.0656306 0.058752 0.0512393 0.0435846 0.0361476 0.0291714 0.0228172 0.0171994 0.0124039 0.00848796 0.00546298 0.00327822
 0.00882776 0.0140919 0.0207615 0.0286673 0.0375551 0.0469935 0.0562759 0.0644988 0.0708174 0.0746793 0.0758871 0.074534 0.0709255 0.0655197 0.0588579 0.0514832 0.0438739 0.0364103 0.0293715 0.022951 0.0172811 0.0124519 0.00851629 0.00547997 0.00328815
 0.00870189 0.0139185 0.0205582 0.0284695 0.0374049 0.0469214 0.0562849 0.0645583 0.0708718 0.0746683 0.0757729 0.0743232 0.0706745 0.0653141 0.0587751 0.0515577 0.0440859 0.0367014 0.0296748 0.0232164 0.0174856 0.0125948 0.00860892 0.00553645 0.00332064
 0.00848139 0.0135966 0.0201429 0.027996 0.0369303 0.0465135 0.0560085 0.0644612 0.0709692 0.0749319 0.076132 0.0746862 0.0709627 0.0654927 0.0588621 0.0516063 0.0441522 0.036816 0.0298341 0.0233937 0.0176502 0.0127267 0.00870228 0.00559596 0.00335524
 0.00835632 0.0133898 0.0198273 0.0275497 0.0363482 0.0458221 0.0552761 0.0637926 0.0704796 0.0747101 0.0762098 0.0750288 0.0714829 0.0660819 0.0594257 0.0520895 0.0445447 0.0371377 0.0301107 0.0236396 0.0178649 0.0129025 0.00883405 0.00568538 0.00341013
 0.00814811 0.0130702 0.0193805 0.0269715 0.0356435 0.0450037 0.0543692 0.0628449 0.0695708 0.0739488 0.0757142 0.0748922 0.0717394 0.0666902 0.0602806 0.0530573 0.0455038 0.0380056 0.0308492 0.0242422 0.0183401 0.0132629 0.00909328 0.0058596 0.0035181
 0.00789561 0.0126883 0.0188594 0.0263212 0.0348912 0.0441873 0.0535323 0.0620346 0.0688346 0.0733329 0.0752643 0.0746555 0.0717609 0.066998 0.0608667 0.0538669 0.0464436 0.0389687 0.031744 0.0250097 0.0189559 0.0137283 0.00942462 0.00608062 0.00365496
 0.00793499 0.0127064 0.0188031 0.0261161 0.0344651 0.043505 0.0526233 0.060994 0.0677944 0.07242 0.0745693 0.0742249 0.0716074 0.067116 0.0612398 0.0544648 0.0472149 0.0398395 0.0326281 0.0258271 0.0196496 0.0142718 0.00981909 0.00634578 0.00381957
 0.00866554 0.0137446 0.0200854 0.0274806 0.0356861 0.044356 0.0529375 0.0606996 0.0669252 0.0711071 0.0730136 0.0726511 0.0702113 0.0660269 0.0605126 0.0540944 0.0471573 0.0400277 0.032981 0.0262599 0.0200858 0.0146553 0.0101201 0.00655898 0.00395651
 0.00927854 0.0147229 0.0215149 0.029405 0.0380697 0.0470414 0.0556233 0.0629768 0.0683845 0.0714749 0.072245 0.0709312 0.067877 0.0634571 0.0580355 0.0519361 0.0454327 0.0387583 0.0321248 0.0257388 0.0198088 0.0145358 0.0100879 0.00656547 0.00397374
 0.00913021 0.0145896 0.0215153 0.0297203 0.0389003 0.048532 0.0577857 0.0656462 0.0712283 0.0740543 0.0741171 0.0717684 0.0675629 0.0621158 0.0559788 0.0495543 0.0430829 0.0366924 0.03047 0.0245173 0.0189734 0.0140055 0.00977571 0.00639531 0.00388799
 0.00877632 0.0140458 0.0207636 0.0287867 0.0378744 0.0475827 0.0571554 0.0656028 0.0719698 0.0756046 0.0762709 0.0741294 0.0696646 0.0635724 0.0565982 0.0493725 0.0423134 0.0356264 0.0293754 0.0235755 0.0182648 0.0135306 0.00948999 0.00624074 0.00381299
 0.00866193 0.013837 0.0204082 0.0282245 0.0370569 0.0465039 0.0558858 0.0643064 0.0708897 0.0750101 0.0763753 0.0750027 0.0711813 0.0654296 0.0584107 0.0508045 0.0431844 0.0359421 0.0292809 0.0232681 0.0179144 0.0132397 0.00929331 0.00612903 0.00375958
 0.00877283 0.0139983 0.0206129 0.0284465 0.0372487 0.0465988 0.0558081 0.0639931 0.0703245 0.0742559 0.0755833 0.0743796 0.0709185 0.0656214 0.0590053 0.0516181 0.0439772 0.0365167 0.029551 0.0232651 0.0177424 0.0130124 0.00909069 0.00598497 0.00367362
 0.00869968 0.0138902 0.0204697 0.0282739 0.0370538 0.0463846 0.0555681 0.0637112 0.0699804 0.0738378 0.0751064 0.073902 0.0705416 0.0654649 0.0591582 0.0520902 0.0446799 0.0372931 0.03024 0.0237633 0.018029 0.0131318 0.00911198 0.00596721 0.00365101
 0.00879299 0.0140259 0.0206445 0.028475 0.0372633 0.0465851 0.0557461 0.0638539 0.0700695 0.0738455 0.0750003 0.0736601 0.0701728 0.0650217 0.058731 0.0517771 0.0445455 0.0373384 0.0304045 0.0239584 0.0181819 0.0132115 0.00912735 0.00594655 0.00362099
 0.00898775 0.0143199 0.0210443 0.0289694 0.0378248 0.0471728 0.0563095 0.064338 0.0704233 0.0740313 0.0749988 0.0734702 0.0698078 0.064511 0.0581246 0.0511462 0.0439698 0.0368822 0.030094 0.0237768 0.0180847 0.013153 0.00907913 0.00590046 0.00358035
 0.00892111 0.0142339 0.0209554 0.0289062 0.0378182 0.047243 0.056455 0.0645351 0.0706355 0.074223 0.0751452 0.0735585 0.0698339 0.0644752 0.0580307 0.0510058 0.0438058 0.0367263 0.0299755 0.0237102 0.0180646 0.01316 0.00909273 0.00590855 0.00358063
 0.00898553 0.0143204 0.0210533 0.0289976 0.0378876 0.0472892 0.0564973 0.0646056 0.0707603 0.0744036 0.0753522 0.0737438 0.0699514 0.0644975 0.0579546 0.0508474 0.0435935 0.0364933 0.0297545 0.0235263 0.0179299 0.0130724 0.00904093 0.00587893 0.003563
 0.00915091 0.0145595 0.0213573 0.0293367 0.038217 0.0475603 0.0566704 0.0646607 0.0707037 0.0742679 0.0751861 0.0735924 0.0698373 0.0644147 0.0578782 0.0507512 0.0434638 0.036334 0.0295825 0.0233631 0.017793 0.0129703 0.0089726 0.00583723 0.00353917
 0.00930834 0.0148039 0.0217019 0.0297825 0.0387477 0.0481386 0.057236 0.0651371 0.0710165 0.0743689 0.0750711 0.0733017 0.0694396 0.0639816 0.057462 0.050376 0.0431311 0.0360356 0.029313 0.0231245 0.0175922 0.0128132 0.00885968 0.00576301 0.00349452
 0.00942004 0.0149694 0.0219215 0.0300469 0.0390418 0.0484466 0.0575438 0.0654293 0.0712712 0.074556 0.075158 0.073266 0.0692806 0.0637247 0.0571507 0.0500559 0.0428352 0.0357787 0.0290959 0.0229426 0.017442 0.0126939 0.00877079 0.00570204 0.00345642
 0.00952772 0.0151485 0.0221974 0.0304425 0.0395687 0.0490934 0.0582673 0.0661568 0.0719165 0.075042 0.0754328 0.0733079 0.0690952 0.0633403 0.0566151 0.0494309 0.0421861 0.0351623 0.0285511 0.0224884 0.017082 0.0124223 0.00857683 0.00557217 0.00337577
 0.00907935 0.0145147 0.0214208 0.0296251 0.0388472 0.0485961 0.0580763 0.066292 0.0723418 0.0756806 0.0761861 0.0740739 0.0697863 0.0638953 0.0570047 0.049655 0.0422684 0.0351406 0.0284672 0.022379 0.0169731 0.0123287 0.00850431 0.0055208 0.00334245
#obs surv len freq
 nan nan nan nan nan nan nan nan nan nan nan nan nan nan nan nan nan nan nan nan nan nan nan nan nan
 0.00448659 0.00734893 0.01118 0.0159974 0.0216989 0.0279748 0.034289 0.0400198 0.0446984 0.0481608 0.0505171 0.0520112 0.0529018 0.0534128 0.0537259 0.0539799 0.0542578 0.0545501 0.0546886 0.0542804 0.0527185 0.049351 0.0438013 0.0362822 0.0276668
 0.00461474 0.00755986 0.0115019 0.016457 0.022315 0.0287478 0.0351911 0.0409923 0.0456601 0.0490244 0.0512057 0.0524697 0.0531023 0.0533543 0.0534303 0.0534841 0.0536052 0.0537832 0.0538463 0.0533998 0.0518383 0.0485142 0.0430526 0.0356593 0.0271907
 0.00477804 0.00782678 0.0119064 0.0170317 0.0230854 0.029722 0.0363483 0.0422781 0.0469904 0.0502983 0.0523205 0.0533341 0.0536464 0.0535376 0.0532447 0.0529518 0.0527718 0.0527085 0.052597 0.0520461 0.0504558 0.0471835 0.0418538 0.0346585 0.0264244
 0.00497004 0.00814008 0.0123801 0.0177033 0.0239834 0.0308554 0.0376949 0.0437795 0.0485593 0.0518329 0.0537177 0.0544977 0.0544914 0.0539957 0.0532707 0.0525307 0.0519208 0.0514763 0.051059 0.0502998 0.0486166 0.0453786 0.0402087 0.0332758 0.0253617
 0.00518706 0.00849626 0.0129224 0.0184773 0.0250246 0.032175 0.0392651 0.0455293 0.0503845 0.053616 0.0553461 0.0558731 0.0555311 0.0546307 0.0534464 0.05221 0.0510914 0.0501586 0.0493131 0.0482291 0.046365 0.0431188 0.0381178 0.0315014 0.0239898
 0.00540935 0.00885988 0.0134741 0.0192629 0.0260808 0.0335169 0.0408719 0.047338 0.0522967 0.0555152 0.0571149 0.0574043 0.0567332 0.0554285 0.0537795 0.0520316 0.0503713 0.0488927 0.0475372 0.0460331 0.043899 0.0405825 0.0357288 0.0294485 0.0223892
 0.00564604 0.00924827 0.0140653 0.0201068 0.0272165 0.0349576 0.0425898 0.0492589 0.0543118 0.0575014 0.0589546 0.058995 0.057989 0.0562782 0.0541639 0.0519019 0.0496905 0.0476427 0.0457351 0.0437518 0.0412824 0.0378412 0.033107 0.0271687 0.0205958
 0.00588343 0.00963849 0.0146607 0.0209591 0.0283673 0.0364224 0.0443422 0.0512242 0.0563771 0.0595374 0.0608365 0.0606154 0.0592619 0.0571374 0.0545581 0.051789 0.0490353 0.0464226 0.0439554 0.0414702 0.0386301 0.0350254 0.0303813 0.0247736 0.0186956
 0.00614075 0.0100571 0.0152915 0.0218497 0.029554 0.0379159 0.0461132 0.0531975 0.0584408 0.0615636 0.0627011 0.0622107 0.060502 0.0579577 0.0549122 0.0516426 0.0483618 0.0452037 0.0421947 0.039216 0.0360009 0.0322174 0.0276436 0.0223507 0.0167605
 0.0063747 0.0104422 0.0158796 0.022692 0.0306901 0.0393582 0.0478303 0.05511 0.0604337 0.0635095 0.0644813 0.0637261 0.0616749 0.0587295 0.0552399 0.0514946 0.0477144 0.0440423 0.0405236 0.0370788 0.0335042 0.0295415 0.0250223 0.0200185 0.014888
 0.00660716 0.0108246 0.0164635 0.023528 0.031818 0.040791 0.0495374 0.0570114 0.0624109 0.0654283 0.0662151 0.0651707 0.0627539 0.0593935 0.0554602 0.0512555 0.0470065 0.0428618 0.0388804 0.0350158 0.0311192 0.0269986 0.0225357 0.0178051 0.0131078
 0.00683604 0.0111983 0.0170289 0.0243299 0.0328905 0.0421439 0.0511422 0.0587952 0.0642658 0.0672307 0.0678452 0.0665262 0.0637565 0.0599907 0.0556236 0.0509751 0.0462832 0.0417039 0.037308 0.0330749 0.0289012 0.0246513 0.0202498 0.0157742 0.0114748
 0.00706335 0.0115719 0.0175984 0.0251428 0.033982 0.0435199 0.0527643 0.0605765 0.0660851 0.0689577 0.0693631 0.0677439 0.0646107 0.0604432 0.055657 0.0505882 0.045486 0.0405147 0.0357564 0.0312122 0.0268157 0.0224764 0.0181534 0.0139241 0.00999319
 0.00725511 0.0118902 0.0180895 0.0258538 0.0349505 0.044759 0.0542459 0.0622258 0.0677906 0.070592 0.070806 0.0688972 0.065406 0.0608426 0.0556488 0.0501798 0.0446968 0.039372 0.0342971 0.0294914 0.0249181 0.0205222 0.0162882 0.0122899 0.00869133
 0.00742523 0.0121676 0.0185087 0.0264481 0.0357465 0.045767 0.0554496 0.0635762 0.0692099 0.0719857 0.0720753 0.0699515 0.0661708 0.0612665 0.0557056 0.0498667 0.0440292 0.0383788 0.0330193 0.0279864 0.023267 0.0188328 0.0146862 0.0108945 0.00758481
 0.00754051 0.012353 0.0187842 0.026832 0.0362532 0.0464034 0.0562102 0.0644407 0.0701442 0.0729452 0.0730089 0.0708027 0.0668802 0.0617754 0.0559636 0.049838 0.0436975 0.0377488 0.0321174 0.0268616 0.0219928 0.017506 0.0134162 0.00978289 0.00670144
 0.00759882 0.012449 0.0189311 0.027043 0.0365395 0.0467709 0.056656 0.0649529 0.0707043 0.0735331 0.0736047 0.0713844 0.0674199 0.0622363 0.0563006 0.0500036 0.0436505 0.0374639 0.0315923 0.0261226 0.0210958 0.0165322 0.0124603 0.00893365 0.00602046
 0.0076624 0.0125424 0.0190537 0.027189 0.0367013 0.046944 0.0568424 0.06516 0.0709415 0.0738067 0.073915 0.0717249 0.0677767 0.0625877 0.0566159 0.0502435 0.0437712 0.0374251 0.0313687 0.0257136 0.0205318 0.0158727 0.0117824 0.00831343 0.00551372
 0.00772594 0.0126416 0.0191948 0.0273733 0.0369237 0.047191 0.0570926 0.0653884 0.0711279 0.0739447 0.0740149 0.0718082 0.0678653 0.0626937 0.056736 0.0503583 0.0438487 0.0374272 0.0312612 0.0254777 0.0201739 0.0154271 0.011304 0.0078624 0.00513751
 0.0077602 0.0126945 0.0192691 0.0274701 0.0370416 0.047327 0.0572407 0.0655393 0.0712695 0.0740649 0.0741054 0.0718689 0.0679054 0.0627279 0.0567772 0.0504102 0.0439006 0.0374553 0.0312352 0.0253724 0.0199801 0.0151586 0.0109951 0.00755686 0.00487389
 0.00781342 0.0127742 0.0193764 0.0276012 0.0371892 0.0474814 0.0573919 0.0656775 0.0713862 0.0741536 0.0741626 0.0718942 0.0679018 0.0627022 0.0567394 0.0503703 0.0438636 0.0374168 0.0311812 0.0252845 0.0198453 0.0149775 0.0107846 0.00734438 0.00468673
 0.00785386 0.0128338 0.0194545 0.027693 0.0372864 0.0475747 0.0574726 0.0657391 0.0714258 0.0741726 0.074166 0.0718887 0.0678932 0.0626936 0.0567318 0.0503633 0.0438565 0.0374066 0.0311612 0.0252446 0.0197761 0.0148764 0.0106593 0.00721142 0.00456486
 0.00785811 0.0128425 0.0194707 0.0277198 0.0373258 0.0476251 0.057528 0.06579 0.0714626 0.0741898 0.0741647 0.0718757 0.0678775 0.0626831 0.0567305 0.0503713 0.0438703 0.0374208 0.031169 0.0252384 0.0197493 0.0148263 0.0105897 0.00713228 0.00448875
 0.00787383 0.0128613 0.0194869 0.0277248 0.0373114 0.0475881 0.0574735 0.0657303 0.0714116 0.0741573 0.0741534 0.0718824 0.0678971 0.062712 0.0567671 0.0504147 0.0439185 0.0374697 0.0312125 0.0252697 0.0197624 0.0148185 0.010563 0.00709338 0.00444663
 0.0078903 0.0128865 0.0195212 0.0277665 0.0373558 0.047627 0.0574963 0.0657268 0.0713772 0.0740965 0.0740792 0.0718116 0.0678436 0.0626824 0.056761 0.0504276 0.0439446 0.0375031 0.0312471 0.0252993 0.0197815 0.0148235 0.0105542 0.00707426 0.00442309
 0.00789461 0.0128899 0.0195198 0.0277548 0.0373285 0.0475817 0.057435 0.0656556 0.0713039 0.0740276 0.0740195 0.0717654 0.0678159 0.0626783 0.0567834 0.050475 0.0440114 0.0375806 0.031326 0.025371 0.0198395 0.014864 0.0105766 0.00708161 0.00442046
 0.00788276 0.0128719 0.0194949 0.0277227 0.0372888 0.0475335 0.0573769 0.0655874 0.071228 0.07395 0.0739492 0.0717115 0.0677854 0.0626748 0.0568074 0.0505245 0.0440818 0.0376652 0.0314163 0.0254579 0.0199148 0.0149225 0.0106165 0.00710457 0.00443068
 0.00786526 0.0128399 0.0194406 0.0276376 0.0371666 0.0473748 0.0571923 0.0653963 0.0710536 0.0738125 0.0738607 0.0716761 0.0678009 0.0627356 0.0569059 0.0506519 0.0442286 0.0378214 0.0315715 0.0256024 0.0200402 0.0150229 0.01069 0.00715317 0.00445919
 0.00785972 0.0128285 0.0194188 0.0275991 0.0371043 0.0472824 0.0570672 0.0652419 0.0708807 0.0736388 0.0737078 0.0715641 0.0677436 0.0627376 0.056963 0.050754 0.0443627 0.0379738 0.0317293 0.0257535 0.0201747 0.0151339 0.0107742 0.0072113 0.00449545
 0.00785576 0.0128182 0.0193961 0.0275561 0.037033 0.047178 0.0569303 0.0650799 0.0707057 0.0734656 0.0735518 0.0714403 0.0676655 0.0627147 0.0569989 0.0508447 0.0444975 0.0381377 0.0319056 0.0259267 0.0203317 0.0152654 0.0108758 0.00728326 0.0045418
 0.00782228 0.012768 0.0193284 0.0274722 0.0369355 0.0470687 0.0568101 0.0649495 0.0705682 0.0733277 0.073424 0.0713353 0.0675957 0.0626898 0.0570243 0.0509208 0.044619 0.0382939 0.0320817 0.0261062 0.0204993 0.0154093 0.0109893 0.00736519 0.00459568
 0.00779667 0.0127234 0.019256 0.0273633 0.0367844 0.0468779 0.0565928 0.0647281 0.0703679 0.0731683 0.0733153 0.0712779 0.0675857 0.0627232 0.0570986 0.0510339 0.0447672 0.0384703 0.0322753 0.026303 0.0206845 0.0155703 0.011118 0.00745941 0.00465853
 0.00775854 0.0126613 0.0191624 0.027231 0.0366083 0.0466569 0.0563334 0.0644465 0.0700888 0.0729214 0.0731287 0.0711717 0.0675674 0.0627877 0.0572321 0.0512194 0.0449883 0.0387125 0.0325252 0.026547 0.020909 0.0157634 0.0112721 0.00757259 0.00473447
 0.00774364 0.0126336 0.0191145 0.0271537 0.0364929 0.0464986 0.0561344 0.0642168 0.0698452 0.0726843 0.0729196 0.0710112 0.0674726 0.0627695 0.0572919 0.0513492 0.045173 0.0389334 0.0327632 0.0267845 0.0211303 0.0159559 0.0114274 0.00768798 0.00481283
 0.00932419 0.0148455 0.0217825 0.0298939 0.0388242 0.04802 0.0566664 0.0638282 0.068772 0.0712098 0.0712871 0.0693903 0.0659657 0.0614317 0.0561486 0.0504061 0.0444226 0.0383588 0.0323415 0.0264899 0.0209365 0.0158375 0.0113617 0.00765577 0.00479953
 0.00930105 0.0151033 0.0226913 0.0319133 0.0423032 0.0529273 0.0624183 0.0693839 0.0730027 0.0733436 0.0711631 0.067402 0.0627886 0.0577339 0.0524257 0.0469525 0.0413794 0.0357745 0.0302161 0.0247981 0.019639 0.0148853 0.0106984 0.00722123 0.00453422
 0.00897203 0.0145834 0.0219586 0.0310148 0.0414093 0.0523696 0.062651 0.0708214 0.0757713 0.0770966 0.0751226 0.0706544 0.0646658 0.0580457 0.05143 0.0451422 0.0392492 0.0336861 0.0283734 0.023284 0.0184632 0.0140192 0.0100954 0.00682687 0.00429397
 0.0087833 0.0142695 0.0214739 0.0303154 0.0404702 0.051216 0.0613991 0.0697068 0.0751312 0.0772777 0.0763262 0.0727892 0.0673135 0.0605959 0.0533275 0.0460987 0.0393021 0.033099 0.0274744 0.0223412 0.0176376 0.0133761 0.0096376 0.00652619 0.00411149
 0.00873362 0.014178 0.0213154 0.0300575 0.040078 0.0506621 0.0606775 0.0688498 0.0742262 0.076478 0.0758405 0.0728298 0.0680045 0.061882 0.0549505 0.0476807 0.0404997 0.0337366 0.0275791 0.0220793 0.0172105 0.0129415 0.00928183 0.00627437 0.00395279
 0.00867825 0.0140895 0.0211845 0.0298749 0.0398339 0.0503464 0.0602815 0.0683705 0.0736729 0.0758824 0.0752682 0.0723855 0.067819 0.0620705 0.0555517 0.0486115 0.041564 0.0346979 0.0282583 0.0224172 0.017263 0.0128238 0.00910584 0.00611297 0.00383571
 0.00869442 0.0141093 0.0212022 0.0298805 0.0398149 0.0502907 0.0601796 0.0682153 0.0734589 0.0756068 0.0749358 0.0720195 0.0674697 0.0618159 0.0554777 0.0487747 0.0419543 0.0352272 0.0287923 0.0228333 0.0175001 0.0128939 0.009067 0.00603053 0.00375539
 0.00870118 0.0141237 0.0212294 0.0299261 0.0398815 0.0503736 0.0602641 0.0682783 0.0734749 0.0755555 0.0748076 0.0718179 0.0672132 0.0615396 0.055233 0.0486203 0.041935 0.0353507 0.029018 0.0230878 0.0177105 0.0130191 0.00910745 0.00601456 0.00371691
 0.00864327 0.0140397 0.0211223 0.029806 0.0397638 0.0502754 0.0601999 0.0682563 0.0734941 0.0756038 0.0748643 0.0718589 0.0672197 0.0615052 0.055169 0.0485541 0.0419024 0.0353811 0.0291189 0.0232387 0.0178718 0.0131517 0.00919035 0.0060495 0.00371993
 0.00864161 0.0140268 0.0210848 0.0297271 0.0396302 0.0500866 0.0599748 0.0680313 0.0733117 0.0754966 0.0748439 0.0719138 0.0673219 0.0616225 0.0552756 0.0486394 0.0419722 0.035452 0.0292073 0.0233493 0.0179943 0.0132662 0.00927888 0.00610479 0.00374623
 0.00863636 0.0140222 0.0210841 0.0297337 0.0396438 0.0500994 0.0599709 0.0679922 0.0732267 0.0753723 0.0747049 0.0717929 0.0672453 0.0615992 0.0552968 0.0486864 0.0420283 0.0355094 0.0292672 0.0234158 0.0180672 0.013339 0.00934186 0.00615062 0.0037736
 0.00865294 0.0140454 0.0211126 0.0297642 0.0396731 0.0501257 0.0599942 0.068012 0.0732384 0.075367 0.0746725 0.0717298 0.0671594 0.0615082 0.0552201 0.0486366 0.0420072 0.0355116 0.0292855 0.023445 0.0181039 0.013379 0.00937975 0.00618136 0.0037946
 0.00863121 0.014016 0.0210789 0.0297329 0.0396512 0.0501176 0.0599995 0.0680259 0.0732549 0.0753811 0.0746812 0.0717307 0.0671503 0.0614886 0.0551936 0.0486107 0.0419905 0.0355095 0.0292988 0.0234706 0.0181368 0.0134142 0.00941272 0.00620849 0.00381412
 0.00862139 0.0139994 0.0210532 0.0296963 0.0396044 0.0500649 0.0599496 0.0679896 0.0732411 0.0753923 0.0747122 0.0717713 0.0671895 0.0615183 0.0552105 0.0486161 0.0419892 0.035508 0.0293025 0.0234823 0.0181557 0.0134374 0.00943618 0.00622894 0.00382962
 0.0086067 0.0139753 0.0210165 0.0296441 0.0395349 0.0499787 0.0598512 0.0678885 0.0731502 0.0753258 0.0746811 0.0717802 0.0672347 0.061589 0.0552929 0.0486978 0.0420624 0.03557 0.0293547 0.0235275 0.0181961 0.0134735 0.00946714 0.00625362 0.00384752
 0.0086067 0.0139753 0.0210165 0.0296441 0.0395349 0.0499787 0.0598512 0.0678885 0.0731502 0.0753258 0.0746811 0.0717802 0.0672347 0.061589 0.0552929 0.0486978 0.0420624 0.03557 0.0293547 0.0235275 0.0181961 0.0134735 0.00946714 0.00625362 0.00384752
#pred catch len freq
 0.00341058 0.00544564 0.00804581 0.0112024 0.0149358 0.0192715 0.0241748 0.0295127 0.0350684 0.0405839 0.0458 0.0504925 0.0545048 0.0577583 0.060235 0.0619488 0.0629204 0.0631549 0.062599 0.0610768 0.0582536 0.053716 0.0472123 0.03895 0.029726
 0.00368311 0.00583083 0.00852272 0.0117265 0.0154663 0.0198053 0.0247613 0.0302272 0.035952 0.0415856 0.0467617 0.0511957 0.0547557 0.0574697 0.0594656 0.0608835 0.0618025 0.062195 0.0619001 0.0606085 0.0578903 0.0533187 0.0467066 0.0383561 0.0291295
 0.00380944 0.00605912 0.00890483 0.0123151 0.0162919 0.0208487 0.025942 0.0314271 0.0370678 0.0425726 0.0476284 0.0519479 0.0553371 0.0577556 0.0593231 0.0602571 0.0607629 0.0609168 0.0605819 0.0593893 0.0568109 0.0523476 0.0458018 0.0375135 0.0283875
 0.00398731 0.00633236 0.00929113 0.0128325 0.0169699 0.0217352 0.0270923 0.0328691 0.0387582 0.0443767 0.0493481 0.0533874 0.0563612 0.0583002 0.0593645 0.0597844 0.0597879 0.0595061 0.0588691 0.0575443 0.0549875 0.0506504 0.0442898 0.0362242 0.02735
 0.0042167 0.00669144 0.00980596 0.0135192 0.0178345 0.0227757 0.0283015 0.0342383 0.0402797 0.0460332 0.0510879 0.055098 0.0578697 0.0594107 0.0599134 0.0596792 0.0590155 0.0581234 0.0569939 0.0553436 0.0526563 0.0483788 0.0422353 0.0344957 0.0260025
 0.00447193 0.00709396 0.0103899 0.0143114 0.0188542 0.0240317 0.0297845 0.0359129 0.0420823 0.0478803 0.0528892 0.0567652 0.0593129 0.0605264 0.0605793 0.05977 0.0584366 0.0568468 0.0550783 0.0529351 0.0499684 0.0456581 0.0397164 0.032359 0.0243453
 0.00472585 0.00749752 0.0109816 0.015125 0.019918 0.0253647 0.0313879 0.0377587 0.044106 0.0499816 0.054941 0.0586309 0.0608656 0.0616616 0.0612137 0.0598318 0.057861 0.0555911 0.0531535 0.0504365 0.0470862 0.0426545 0.0368735 0.029914 0.0224385
 0.00505525 0.00800956 0.0117104 0.0160924 0.021137 0.0268436 0.0331258 0.0397343 0.0462658 0.0522323 0.0571528 0.0606511 0.0625399 0.0628565 0.0618302 0.0598058 0.0571561 0.0541939 0.0510853 0.0477803 0.044012 0.0394176 0.0337723 0.0272185 0.0203212
 0.00541003 0.00856601 0.0125112 0.0171668 0.0225008 0.0284971 0.0350477 0.0418747 0.0485448 0.0545447 0.0593758 0.0626509 0.0641813 0.064014 0.0624004 0.0597161 0.0563669 0.052699 0.0489174 0.0450283 0.0408419 0.0360769 0.0305577 0.0244081 0.0181014
 0.00571786 0.00905731 0.0132351 0.0181668 0.023812 0.0301387 0.0370103 0.0441077 0.0509513 0.0569893 0.0617005 0.0646965 0.0658065 0.0651081 0.062886 0.0595445 0.0555135 0.051164 0.0467355 0.0422872 0.0377018 0.0327748 0.0273784 0.0216223 0.0158941
 0.0059564 0.00943758 0.0137957 0.0189453 0.0248458 0.031463 0.0386481 0.0460536 0.0531544 0.0593439 0.0640501 0.0668542 0.0675871 0.0663586 0.0635037 0.0594787 0.0547548 0.0497335 0.0446845 0.0397097 0.0347527 0.0296756 0.0243937 0.0190038 0.0138156
 0.00613249 0.00971879 0.0142108 0.0195212 0.0256077 0.0324326 0.039839 0.0474649 0.0547652 0.061108 0.0658904 0.0686601 0.0692193 0.0676656 0.0643456 0.0597496 0.0543956 0.0487344 0.0430834 0.037595 0.0322703 0.0270292 0.0218221 0.0167337 0.0120049
 0.00634604 0.0100576 0.0147061 0.0201994 0.0264893 0.0335291 0.0411454 0.0489522 0.0563773 0.0627654 0.0674996 0.070124 0.0704457 0.068571 0.0648552 0.0597988 0.0539363 0.0477454 0.0415826 0.0356509 0.0300098 0.0246337 0.0195044 0.0146939 0.0103811
 0.00655898 0.0103953 0.0151994 0.0208741 0.0273644 0.0346135 0.0424302 0.0504028 0.0579298 0.0643304 0.0689723 0.0713991 0.0714325 0.0692041 0.0650961 0.0596293 0.0533496 0.0467438 0.0401852 0.0339092 0.0280221 0.0225473 0.0174964 0.0129324 0.00898179
 0.00682594 0.0108089 0.0157852 0.0216454 0.0283255 0.035761 0.0437503 0.0518622 0.0594677 0.065857 0.0703769 0.0725659 0.0722617 0.0696287 0.0650898 0.0592015 0.0525328 0.0455809 0.0387248 0.0322124 0.026175 0.0206677 0.0157233 0.011397 0.00777254
 0.00704199 0.0111497 0.0162792 0.0223132 0.0291778 0.0367955 0.0449456 0.0531738 0.0608299 0.0671887 0.0715899 0.0735722 0.072981 0.0699984 0.0650743 0.0587973 0.0517661 0.0444994 0.0373897 0.0306952 0.024561 0.0190583 0.0142293 0.0101185 0.00677385
 0.00727795 0.0115066 0.0167681 0.0229303 0.0299114 0.0376344 0.0458814 0.054194 0.0619061 0.0682685 0.0725984 0.0744243 0.0735976 0.0703205 0.0650696 0.0584601 0.0511146 0.0435722 0.0362417 0.0293955 0.0231909 0.0177087 0.0129921 0.00907148 0.00596355
 0.00735964 0.0116461 0.0169899 0.0232601 0.0303691 0.0382242 0.046585 0.0549718 0.0627087 0.0690501 0.0733226 0.0750591 0.0741076 0.0706641 0.0652052 0.0583568 0.050761 0.0429798 0.0354446 0.0284475 0.022162 0.0166788 0.0120411 0.00826521 0.00533998
 0.00736064 0.0116523 0.0170091 0.0233065 0.0304645 0.0383974 0.0468666 0.0553832 0.063249 0.0696876 0.0739981 0.0757024 0.0746563 0.0710744 0.065451 0.0584225 0.0506375 0.0426665 0.0349556 0.027816 0.0214402 0.0159322 0.0113378 0.00766201 0.00487074
 0.00734486 0.0116268 0.0169713 0.0232555 0.0304031 0.0383354 0.0468233 0.0553883 0.0633375 0.0698899 0.0743266 0.0761409 0.0751587 0.0715754 0.0658832 0.058732 0.0507908 0.0426505 0.034775 0.0274924 0.0210118 0.015451 0.0108609 0.00723958 0.00453532
 0.00734925 0.0116298 0.0169681 0.0232386 0.030364 0.0382677 0.0467263 0.0552706 0.0632193 0.0698021 0.074306 0.0762199 0.0753527 0.0718725 0.0662433 0.0590961 0.0510972 0.04285 0.0348406 0.0274223 0.0208273 0.0151906 0.0105715 0.00696573 0.00430869
 0.00740969 0.0117191 0.0170856 0.0233767 0.0305091 0.0384018 0.0468299 0.0553256 0.0632133 0.0697343 0.074191 0.0760872 0.0752402 0.0718147 0.0662588 0.0591792 0.0512185 0.0429665 0.0349104 0.0274178 0.0207431 0.0150426 0.0103897 0.00678325 0.00415199
 0.00754053 0.0119065 0.0173207 0.0236357 0.03076 0.0386158 0.046989 0.0554238 0.063251 0.0697125 0.0741109 0.0759536 0.0750669 0.0716263 0.0660851 0.0590458 0.0511362 0.0429268 0.0348894 0.0273878 0.020684 0.0149498 0.0102736 0.00666283 0.00404535
 0.00761539 0.0120155 0.0174602 0.0237916 0.0309084 0.0387266 0.0470319 0.0553762 0.0631078 0.0694925 0.0738538 0.0757075 0.0748721 0.0715048 0.0660407 0.0590699 0.0512139 0.0430391 0.0350138 0.0274999 0.0207636 0.0149868 0.0102708 0.00663286 0.00400449
 0.00768591 0.0121213 0.0176027 0.0239651 0.0311006 0.0389194 0.0472018 0.0554958 0.0631495 0.0694366 0.073697 0.0754692 0.0745919 0.0712319 0.0658184 0.058924 0.051149 0.0430424 0.0350622 0.0275676 0.0208274 0.0150311 0.0102899 0.00663034 0.00398919
 0.00763045 0.0120552 0.0175472 0.0239539 0.0311695 0.03909 0.0474686 0.0558231 0.0634812 0.0697122 0.0738674 0.075507 0.0744968 0.07103 0.0655554 0.0586519 0.0509121 0.0428664 0.0349521 0.0275117 0.0208063 0.0150253 0.010286 0.00662249 0.00397754
 0.00748266 0.0118406 0.0172737 0.0236499 0.0308819 0.0388767 0.0473875 0.0559178 0.0637638 0.0701503 0.0743856 0.076007 0.0748882 0.0712577 0.065611 0.0585677 0.0507434 0.042671 0.0347741 0.0273743 0.0207131 0.0149678 0.0102515 0.00660058 0.00396216
 0.00751289 0.0118589 0.0172456 0.0235275 0.0306209 0.0384621 0.0468543 0.0553525 0.063283 0.0698631 0.0743577 0.0762393 0.0753178 0.0717807 0.0661186 0.0589795 0.0510253 0.0428318 0.0348482 0.0274007 0.0207209 0.014972 0.0102565 0.00660521 0.00396497
 0.0075658 0.0119375 0.0173473 0.0236384 0.0307106 0.0384823 0.0467462 0.055067 0.062811 0.0692599 0.0737398 0.075748 0.0750654 0.0718077 0.0663842 0.0593878 0.0514676 0.0432251 0.0351515 0.027611 0.020857 0.0150573 0.0103095 0.00663793 0.00398431
 0.00748123 0.0118239 0.0172201 0.0235262 0.0306457 0.0384853 0.0468113 0.0551572 0.0628653 0.0692148 0.0735578 0.075443 0.0747078 0.0715013 0.0662224 0.0594136 0.05166 0.0435171 0.0354655 0.0278884 0.0210703 0.0152052 0.0104044 0.00669517 0.00401696
 0.00728972 0.0115452 0.0168627 0.0231225 0.0302472 0.0381522 0.0465997 0.0551062 0.0629837 0.0694708 0.0738814 0.075746 0.0749178 0.071592 0.0662226 0.059388 0.0516733 0.0436027 0.0356162 0.0280702 0.0212447 0.0153468 0.010505 0.00675919 0.00405403
 0.00712793 0.0112872 0.0164856 0.0226123 0.0296079 0.037415 0.0458316 0.0544057 0.062461 0.0692155 0.073933 0.0760794 0.0754511 0.0722146 0.0668324 0.0599223 0.0521174 0.0439753 0.0359432 0.0283648 0.0215039 0.0155598 0.0106648 0.0068677 0.00412064
 0.00693212 0.0109877 0.0160684 0.022074 0.028951 0.036646 0.0449642 0.0534746 0.0615354 0.0684024 0.0733593 0.0758556 0.0756302 0.0727683 0.0676598 0.0608856 0.0530869 0.044861 0.0367021 0.0289883 0.0219994 0.0159386 0.0109394 0.00705342 0.00423625
