SBPRF35
12.7214
Curr Bio
845672
B35
896777
F35
0.16928
FOFL
0.161955
OFL
114242
Bzero
3.63469e+006
#pred survey bio
 3.7239e+006 3.60475e+006 3.49347e+006 3.32403e+006 3.12725e+006 2.8768e+006 2.59461e+006 2.36051e+006 2.12937e+006 1.89999e+006 1.69693e+006 1.46288e+006 1.30131e+006 1.12437e+006 970415 854806 767166 714576 673699 645136 613264 582663 560820 553000 545519 543515 545176 543946 537674 544979 553138 562687 567980 576443 585211 607025 619345 622633 633981 648187 662192 678028 685274 698221 715207 718121 722791 723595 724052 720694 730147 757734 778409 802677 827921 842223 850599 851248 3.02814e+007 1.81154e+007 1.83359e+007 1.91042e+007 2.02431e+007 2.15338e+007 2.28077e+007 2.39626e+007 2.49524e+007 2.57681e+007 2.64226e+007 2.69376e+007 2.73379e+007 2.76463e+007 2.78827e+007 2.80636e+007 2.82019e+007 2.83079e+007 2.83893e+007 2.8452e+007 2.85006e+007 2.85383e+007 2.85677e+007 2.85908e+007 2.8609e+007 2.86234e+007 2.86348e+007 2.86439e+007 2.86511e+007 2.86569e+007 2.86616e+007 2.86653e+007 2.86683e+007 2.86708e+007 2.86728e+007 2.86744e+007 2.86757e+007 2.86768e+007 2.86776e+007 2.86784e+007 2.86789e+007 2.86794e+007 2.86798e+007 2.86801e+007 2.86804e+007 2.86806e+007 2.86807e+007 2.86809e+007 2.8681e+007 2.86811e+007 2.86812e+007 2.86812e+007 2.86813e+007 2.86813e+007 2.86814e+007 2.86814e+007 2.86814e+007 2.86814e+007 2.86814e+007 2.86815e+007 2.86815e+007 2.86815e+007 2.86815e+007 2.86815e+007 2.86815e+007 2.86815e+007 2.86815e+007 2.86815e+007 2.86815e+007 2.86815e+007 2.86815e+007 2.86815e+007 2.86815e+007 2.86815e+007 2.86815e+007 2.86815e+007 2.86815e+007 2.86815e+007 2.86815e+007 2.86815e+007 2.86815e+007 2.86815e+007 2.86815e+007 2.86815e+007 2.86815e+007 2.86815e+007 2.86815e+007 2.86815e+007 2.86815e+007 2.86815e+007 2.86815e+007 2.86815e+007 2.86815e+007 2.86815e+007 2.86815e+007 2.86815e+007 2.86815e+007 2.86815e+007 2.86815e+007 2.86815e+007 0 0 0 0 0 0 0 0 0 0 0 0 0 0 0 0 0 0 0 0 0 0 0 0 0
#obs survey bio
 3.3318e+006 5.00464e+006 3.30945e+006 3.614e+006 3.49429e+006 2.07136e+006 2.54008e+006 1.83185e+006 2.17249e+006 1.57711e+006 2.91495e+006 1.66944e+006 1.4569e+006 1.4403e+006 746298 793866 748945 457612 691954 835969 498588 510022 523469 748138 523335 741064 462769 671998 490539 672499 551028 333596 481338 491558 603664 774683 638108 559005 787952 637569 422739 483403 841168 870718 909834 581513 615423 818730 674406 608048 550351 684975 838017 914285 832783 838254 952413 899384
#pred catch bio
 98943.2 98043.9 160600 197467 261192 306898 280203 293880 306650 294294 329245 269491 286090 265447 230391 203884 171182 158447 144396 142892 137318 126108 111571 109459 103558 99732.1 101396 104464 92516.6 92600.8 92849.6 97864.6 96046.1 96667.4 87228.8 96945.6 105223 99039.8 97876.2 99660.7 100079 108564 104012 101138 113164 111100 113776 113361 116190 105817 92752.8 101275 99779.2 100052 109850 114742 120203 106200 114242 118500 118837 122564 129230 137078 144823 151757 157582 162265 165907 168671 170728 172238 173332 174119 174680 175077 175358 175555 175693 175790 175857 175904 175937 175960 175975 175986 175994 175999 176002 176005 176007 176008 176009 176009 176009 176010 176010 176010 176010 176010 176010 176010 176010 176010 176010 176010 176010 176010 176010 176010 176010 176010 176010 176010 176010 176010 176010 176010 176010 176010 176010 176010 176010 176010 176010 176010 176010 176010 176010 176010 176010 176010 176010 176010 176010 176010 176010 176010 176010 176010 176010 176010 176010 176010 176010 176010 176010 176010 176010 176010 176010 176010 176010 176010 176010 176010 176010 176010 0 0 0 0 0 0 0 0 0 0 0 0 0 0 0 0 0 0 0 0 0 0 0 0 0
#obs catch bio
 0 97648.1 160922 197292 261089 307586 279988 294765 307677 295966 330230 268478 287514 267372 233303 207214 173554 160991 145944 143168 137563 127263 112274 109496 103733 99928.9 101410 104485 92366 92355.4 92510.4 98629.5 96518.5 96990.3 87383.2 97070.8 105689 99506.1 98132.3 99709.6 100528 109607 104290 101030 113032 111087 113788 112910 115884 105624 92399.3 101437 100007 100045 110007 114848 120492 106093
#pred cpue bio
 3.67705e+006 3.55947e+006 3.44901e+006 3.27982e+006 3.08343e+006 2.83372e+006 2.5525e+006 2.31895e+006 2.08855e+006 1.86022e+006 1.65838e+006 1.42648e+006 1.26601e+006 1.09074e+006 938491 824236 737947 686436 646706 619283 588654 558998 537856 530534 523483 521640 523419 522399 516415 523585 531501 540600 545612 553941 562554 583859 595940 599130 610176 624077 637662 652959 660116 673030 689862 692852 697515 698450 698996 695656 704717 731532 751792 775769 800799 815015 823293 824239 2.93593e+007 1.75807e+007 1.76915e+007 1.83237e+007 1.94129e+007 2.06914e+007 2.19627e+007 2.31172e+007 2.41068e+007 2.49226e+007 2.5577e+007 2.60921e+007 2.64923e+007 2.68007e+007 2.70371e+007 2.7218e+007 2.73564e+007 2.74623e+007 2.75437e+007 2.76065e+007 2.7655e+007 2.76927e+007 2.77222e+007 2.77453e+007 2.77635e+007 2.77778e+007 2.77892e+007 2.77983e+007 2.78055e+007 2.78113e+007 2.7816e+007 2.78197e+007 2.78228e+007 2.78252e+007 2.78272e+007 2.78288e+007 2.78301e+007 2.78312e+007 2.78321e+007 2.78328e+007 2.78334e+007 2.78338e+007 2.78342e+007 2.78345e+007 2.78348e+007 2.7835e+007 2.78352e+007 2.78353e+007 2.78354e+007 2.78355e+007 2.78356e+007 2.78357e+007 2.78357e+007 2.78358e+007 2.78358e+007 2.78358e+007 2.78358e+007 2.78359e+007 2.78359e+007 2.78359e+007 2.78359e+007 2.78359e+007 2.78359e+007 2.78359e+007 2.78359e+007 2.78359e+007 2.78359e+007 2.78359e+007 2.78359e+007 2.78359e+007 2.78359e+007 2.78359e+007 2.78359e+007 2.78359e+007 2.78359e+007 2.78359e+007 2.78359e+007 2.78359e+007 2.7836e+007 2.7836e+007 2.7836e+007 2.7836e+007 2.7836e+007 2.7836e+007 2.7836e+007 2.7836e+007 2.7836e+007 2.7836e+007 2.7836e+007 2.7836e+007 2.7836e+007 2.7836e+007 2.7836e+007 2.7836e+007 2.7836e+007 2.7836e+007 2.7836e+007 2.7836e+007 2.7836e+007 2.7836e+007 0 0 0 0 0 0 0 0 0 0 0 0 0 0 0 0 0 0 0 0 0 0 0 0 0
#obs cpue bio
 4.76723e+006 3.26866e+006 3.31721e+006 3.10519e+006 3.1837e+006 3.0568e+006 2.61337e+006 2.18182e+006 2.0992e+006 1.49507e+006 1.56737e+006 1.47641e+006 767244 682552 757540 605782 606079 782796 655255 773297 707453 378015 548795 587125 473234 356437 704870 460305 565654 503766 581300 392207 689974 745956 471335 542975 470468 532087 553966 758840 630135 637589 800827 675776 658506 712697 842728 869847 765392 775418 1.00153e+006 594269 579023 807685 752666 820981 721412 874669
#pred surv len freq
 0.00415513 0.00685226 0.0105125 0.0151857 0.0207992 0.0270651 0.0334604 0.0393672 0.0443049 0.0480797 0.0507589 0.0525414 0.0536434 0.0542477 0.0544949 0.0544945 0.0543417 0.0541154 0.0538231 0.0532887 0.0520582 0.0494547 0.0448662 0.0381586 0.0299305
 0.00436177 0.00711245 0.0107675 0.0153429 0.0207684 0.0268093 0.0330291 0.038883 0.043906 0.0478542 0.0507127 0.0526176 0.0537743 0.0544027 0.0546961 0.0547948 0.0547801 0.0546727 0.0544028 0.0537387 0.05223 0.0492726 0.0443667 0.0374746 0.029229
 0.00447852 0.0073321 0.0111468 0.0159359 0.0215933 0.0278092 0.0340554 0.0397315 0.0444002 0.0479286 0.0504371 0.0521462 0.0532607 0.0539413 0.0543209 0.0545123 0.0545949 0.0545809 0.054366 0.0536714 0.0520229 0.0488469 0.0437234 0.0367022 0.0284615
 0.00462365 0.00756441 0.0114925 0.0164242 0.022258 0.0286841 0.035156 0.041025 0.0457791 0.0492121 0.0514185 0.0526695 0.053283 0.0535404 0.0536454 0.0537143 0.0537843 0.0538131 0.0536457 0.0529613 0.051263 0.0479898 0.0427719 0.0357228 0.0275583
 0.00479705 0.00784627 0.0119164 0.0170208 0.0230497 0.0296767 0.0363326 0.0423452 0.0471842 0.0506262 0.0527412 0.0537706 0.0540193 0.0537991 0.0533917 0.053009 0.0527557 0.0526033 0.0523622 0.0516574 0.04995 0.0466694 0.04147 0.0345028 0.0265031
 0.00501284 0.00819977 0.0124533 0.0177853 0.0240752 0.0309723 0.0378689 0.04405 0.0489538 0.0523471 0.0543077 0.055089 0.0550011 0.0543554 0.0534439 0.0525153 0.0517381 0.0511504 0.0506038 0.0497269 0.0479596 0.0447115 0.0396329 0.0328771 0.025169
 0.00529154 0.00864922 0.0131233 0.0187204 0.0253077 0.0325101 0.0396812 0.0460609 0.0510487 0.0543919 0.0561693 0.0566504 0.0561674 0.0550525 0.0536133 0.0521137 0.0507483 0.0495994 0.0485748 0.0473543 0.0454103 0.0421634 0.0372563 0.0308174 0.0235241
 0.00552011 0.00902389 0.0136931 0.0195336 0.0264031 0.0339034 0.0413512 0.0479433 0.0530457 0.0563888 0.0580504 0.058307 0.0575004 0.0559735 0.054046 0.0519963 0.0500388 0.0482881 0.0467011 0.0450209 0.0427837 0.0394555 0.0346908 0.0285874 0.0217541
 0.00574771 0.00939787 0.0142636 0.0203505 0.0275077 0.0353137 0.0430466 0.0498583 0.055078 0.0584179 0.0599565 0.0599827 0.058854 0.0569278 0.0545341 0.051959 0.049427 0.047073 0.044894 0.042696 0.040092 0.0366173 0.0319596 0.0261938 0.0198513
 0.00594467 0.0097307 0.0147881 0.0211271 0.0285895 0.0367274 0.0447732 0.0518258 0.0571722 0.0605054 0.0619066 0.0616812 0.0602088 0.057868 0.0550054 0.051917 0.0488329 0.0458985 0.0431385 0.0404128 0.0374125 0.0337529 0.0291704 0.0237284 0.0178819
 0.00611818 0.0100159 0.0152244 0.021756 0.0294506 0.0378491 0.0461605 0.0534504 0.0589693 0.0623795 0.0637424 0.0633575 0.0616131 0.0589068 0.0556082 0.0520322 0.0484218 0.0449345 0.0416176 0.0383765 0.0349727 0.0311009 0.0265527 0.0213898 0.0159994
 0.00653569 0.0106682 0.0161565 0.0229917 0.0309884 0.0396582 0.0481746 0.0555678 0.0610662 0.0643317 0.065444 0.0647282 0.0625947 0.0594583 0.0557007 0.0516459 0.047543 0.0435559 0.0397474 0.036059 0.0323133 0.0282789 0.0238027 0.0189487 0.0140402
 0.00675456 0.0110431 0.0167545 0.0238834 0.0322281 0.0412548 0.0500679 0.0576286 0.0631268 0.0662308 0.0670615 0.0659937 0.0634761 0.0599429 0.0557809 0.0513116 0.0467812 0.0423558 0.0381121 0.0340248 0.0299711 0.0257853 0.0213641 0.0167761 0.0122903
 0.00705843 0.0115367 0.0174973 0.0249321 0.0336274 0.0430207 0.0521669 0.0599627 0.0655365 0.0685182 0.0690261 0.0674717 0.0643693 0.0602277 0.0554931 0.0505163 0.0455439 0.0407277 0.036135 0.031751 0.0274894 0.0232362 0.0189295 0.0146399 0.0105863
 0.00738576 0.0120626 0.0182769 0.0260119 0.035036 0.0447553 0.0541784 0.0621517 0.0677649 0.0706317 0.0708741 0.0689197 0.0653095 0.0605909 0.0552595 0.0497168 0.0442464 0.0390162 0.0340948 0.0294694 0.02507 0.0208118 0.016658 0.0126743 0.00903343
 0.0075379 0.0123307 0.0187187 0.0266931 0.0360152 0.0460596 0.0557812 0.0639669 0.0696639 0.0724719 0.0725244 0.0702721 0.0662797 0.0611162 0.0553001 0.0492605 0.0433131 0.0376577 0.0323886 0.0275132 0.02298 0.0187221 0.014712 0.0110017 0.00771975
 0.00765357 0.0125134 0.0189855 0.0270616 0.0365064 0.0466998 0.0565969 0.064973 0.0708469 0.0737786 0.0738625 0.0715255 0.0673319 0.0618698 0.0556866 0.0492409 0.0428769 0.0368229 0.0312036 0.0260572 0.0213604 0.0170671 0.0131551 0.00965891 0.00666501
 0.00764871 0.0125098 0.0189882 0.0270789 0.0365497 0.0467828 0.0567373 0.065194 0.0711787 0.0742526 0.074498 0.0723119 0.0682166 0.0627607 0.05647 0.0498066 0.0431401 0.0367375 0.0307678 0.0253135 0.0203911 0.015984 0.0120806 0.00870215 0.00589894
 0.00757872 0.0124086 0.0188595 0.0269352 0.0364095 0.0466671 0.0566655 0.0651835 0.0712451 0.0744119 0.0747661 0.0727017 0.0687294 0.0633753 0.057134 0.0504386 0.0436446 0.0370276 0.0307879 0.0250543 0.0198931 0.0153284 0.0113703 0.00803597 0.00534835
 0.00757208 0.0123785 0.01878 0.0267735 0.0361389 0.0462845 0.0562048 0.0647129 0.0708481 0.0741614 0.0747063 0.0728449 0.0690633 0.0638712 0.0577494 0.0511144 0.0443048 0.0375871 0.0311699 0.0252108 0.0198204 0.0150692 0.011 0.00763913 0.00499447
 0.00769599 0.0125631 0.0190247 0.0270623 0.0364391 0.0465492 0.0563791 0.0647475 0.0707185 0.0738836 0.0743389 0.0724717 0.0687659 0.0637056 0.0577356 0.0512383 0.0445239 0.0378393 0.0313852 0.0253282 0.0198056 0.014925 0.0107642 0.00736801 0.00474159
 0.0077402 0.01265 0.0191821 0.0273214 0.0368227 0.0470532 0.0569591 0.0653196 0.0711796 0.0741436 0.0743503 0.0722443 0.0683623 0.0632197 0.0572641 0.0508537 0.0442593 0.0376866 0.0313051 0.0252679 0.019719 0.0147889 0.0105833 0.00716838 0.00455539
 0.00773779 0.0126424 0.0191652 0.0272937 0.0367904 0.0470362 0.0569906 0.0654348 0.0713955 0.0744407 0.0746703 0.0725092 0.0685064 0.0632172 0.0571368 0.0506579 0.0440586 0.037527 0.0312009 0.0252044 0.0196667 0.0147216 0.010491 0.00705874 0.00444599
 0.00776302 0.0126608 0.0191515 0.0272117 0.0366042 0.046728 0.0565767 0.0649706 0.0709641 0.0741298 0.0745439 0.0725864 0.0687543 0.0635647 0.0575034 0.0509835 0.0443192 0.0377289 0.0313626 0.0253382 0.0197723 0.0147915 0.0105205 0.00705262 0.00441752
 0.00780966 0.0127338 0.0192545 0.0273414 0.0367461 0.0468521 0.0566392 0.0649252 0.0707831 0.0738239 0.0741691 0.0722272 0.0684923 0.0634472 0.0575297 0.0511131 0.0444964 0.037907 0.031516 0.0254594 0.0198622 0.0148515 0.0105522 0.00705987 0.00440787
 0.00776531 0.0126709 0.0191771 0.0272595 0.0366726 0.0467986 0.0566097 0.0649126 0.0707686 0.0737825 0.0740805 0.0720896 0.0683305 0.0633067 0.0574574 0.0511361 0.0446106 0.0380823 0.0317127 0.0256441 0.0200146 0.0149643 0.0106262 0.00710129 0.00442542
 0.00772877 0.0126049 0.0190665 0.0270887 0.0364325 0.0464954 0.0562715 0.0645857 0.0705032 0.0736139 0.0740169 0.0721131 0.0684102 0.0634164 0.0575874 0.0512922 0.0448027 0.0383115 0.0319649 0.0258947 0.0202385 0.0151443 0.0107566 0.00718574 0.00447373
 0.00770402 0.0125685 0.0190181 0.0270285 0.0363588 0.0464023 0.0561494 0.0644266 0.0703096 0.0734044 0.0738232 0.071969 0.0683374 0.0634173 0.0576493 0.0513978 0.0449395 0.0384729 0.032145 0.0260828 0.020419 0.015301 0.0108787 0.00727072 0.00452622
 0.00779863 0.0127028 0.0191842 0.027207 0.0365245 0.0465328 0.0562311 0.0644544 0.0702821 0.0733205 0.0736841 0.0717832 0.0681246 0.0632054 0.0574651 0.0512594 0.0448535 0.0384371 0.0321525 0.0261238 0.0204809 0.01537 0.0109421 0.0073205 0.00455995
 0.00782544 0.0127392 0.0192249 0.0272412 0.0365363 0.0465048 0.0561486 0.0643113 0.0700858 0.0730932 0.0734581 0.071591 0.0679889 0.0631352 0.0574585 0.0513089 0.0449492 0.038568 0.0323061 0.0262866 0.0206395 0.0155124 0.0110593 0.00740832 0.00461935
 0.00792483 0.0128821 0.0194051 0.02744 0.0367268 0.0466583 0.0562413 0.064327 0.0700167 0.0729418 0.0732387 0.07133 0.0677203 0.0628931 0.0572688 0.0511847 0.0448916 0.0385689 0.0323528 0.0263641 0.0207324 0.0156063 0.0111431 0.00747488 0.0046666
 0.00784658 0.0127885 0.0193252 0.027418 0.0368063 0.0468583 0.0565394 0.0646619 0.0703108 0.0731304 0.0732904 0.0712494 0.0675385 0.0626534 0.0570155 0.050955 0.0447104 0.0384479 0.0322909 0.0263517 0.0207549 0.0156482 0.0111905 0.00751788 0.00469987
 0.00775894 0.0126529 0.0191361 0.0271808 0.0365428 0.0466105 0.0563661 0.0646228 0.0704405 0.0734151 0.0736654 0.071623 0.0678287 0.0628168 0.0570535 0.0509015 0.0446119 0.0383459 0.032213 0.0263093 0.0207465 0.0156643 0.0112191 0.00754857 0.00472585
 0.0077612 0.0126372 0.0190774 0.0270455 0.0362998 0.0462486 0.0559094 0.0641339 0.070008 0.073128 0.0735838 0.0717569 0.0681344 0.0632135 0.0574545 0.0512433 0.0448683 0.0385241 0.0323373 0.0264049 0.0208297 0.0157408 0.0112874 0.00760478 0.00476769
 0.00776336 0.0126432 0.0190893 0.027063 0.0363149 0.0462411 0.0558474 0.0639848 0.0697565 0.0727944 0.0732272 0.0714583 0.0679655 0.0632081 0.0575967 0.0514795 0.0451334 0.0387667 0.0325328 0.0265521 0.0209398 0.0158256 0.0113543 0.00765663 0.00480549
 0.00766687 0.0124899 0.0188661 0.0267625 0.0359389 0.0458053 0.0553825 0.0635315 0.0693545 0.0724709 0.0729955 0.0713262 0.0679456 0.0633181 0.0578474 0.0518597 0.0456041 0.039271 0.0330142 0.0269708 0.0212779 0.0160834 0.0115414 0.00778599 0.00488987
 0.00764574 0.0124551 0.0188127 0.0266846 0.0358308 0.0456618 0.0552017 0.0633171 0.0691175 0.0722286 0.0727678 0.0711319 0.0678006 0.0632365 0.0578438 0.051946 0.045782 0.0395246 0.0333112 0.0272719 0.0215493 0.0163049 0.0117075 0.00790152 0.00496461
 0.00765859 0.0124796 0.018856 0.0267542 0.0359312 0.0457897 0.055342 0.063444 0.0692002 0.0722408 0.0726964 0.0709808 0.0675894 0.0629959 0.0576089 0.0517503 0.0456517 0.039473 0.0333349 0.0273523 0.021659 0.0164175 0.0118046 0.00797486 0.00501426
 0.00762094 0.0124177 0.018762 0.0266227 0.0357622 0.0455929 0.055139 0.0632641 0.0690712 0.0721775 0.072695 0.0710218 0.0676481 0.0630532 0.057658 0.0517969 0.0457092 0.0395555 0.0334496 0.0274955 0.0218169 0.0165712 0.0119373 0.00807694 0.00508456
 0.00766577 0.0124708 0.0188057 0.0266284 0.0356985 0.0454384 0.0548937 0.0629533 0.0687393 0.0718756 0.0724672 0.0708942 0.0676238 0.0631147 0.0577767 0.0519449 0.0458683 0.0397186 0.0336167 0.0276667 0.0219874 0.016731 0.0120751 0.00818473 0.00516046
 0.00766624 0.0124815 0.0188387 0.0266968 0.0358084 0.0455782 0.0550291 0.0630344 0.0687208 0.0717395 0.0722331 0.0706125 0.0673548 0.0629063 0.057652 0.051902 0.0458894 0.0397825 0.0337064 0.0277709 0.0220979 0.0168399 0.0121735 0.00826537 0.00521983
 0.00749452 0.0122358 0.0185315 0.026363 0.0354974 0.0453398 0.0548986 0.0630236 0.0688136 0.0718957 0.0724004 0.0707457 0.0674328 0.0629386 0.0576684 0.0519351 0.0459594 0.039892 0.0338451 0.0279233 0.0222495 0.016979 0.012292 0.00835848 0.00528674
 0.00742134 0.0121088 0.0183276 0.0260615 0.0350917 0.0448524 0.0543895 0.0625811 0.0685262 0.0718173 0.0725284 0.0710253 0.0677828 0.0632838 0.0579634 0.05217 0.0461498 0.0400611 0.0340097 0.0280881 0.0224096 0.0171251 0.0124156 0.00845476 0.00535533
 0.00738715 0.0120436 0.0182114 0.0258685 0.0347955 0.0444356 0.0538557 0.0619645 0.0678941 0.0712603 0.0721397 0.0708717 0.0678814 0.0635967 0.0584145 0.0526752 0.0466438 0.0405092 0.0344022 0.0284276 0.0226995 0.0173661 0.0126066 0.00859668 0.00545277
 0.00731981 0.0119393 0.0180633 0.0256719 0.0345463 0.0441284 0.0534853 0.06153 0.0674066 0.0707498 0.0716585 0.0704888 0.067666 0.0635956 0.0586335 0.0530759 0.0471576 0.0410614 0.0349331 0.0289007 0.0230988 0.0176878 0.0128535 0.00877521 0.0055729
 0.00731118 0.011928 0.0180512 0.0256621 0.034541 0.0441266 0.0534796 0.0615054 0.0673416 0.0706221 0.0714541 0.0702133 0.0673515 0.0632975 0.0584149 0.0529848 0.0472097 0.0412362 0.0351861 0.029182 0.0233679 0.0179198 0.0130376 0.00891066 0.00566509
 0.00725524 0.0118442 0.0179387 0.0255252 0.0343892 0.0439725 0.0533374 0.0613879 0.0672565 0.0705679 0.0714184 0.0701768 0.0672973 0.063222 0.0583342 0.0529315 0.0472191 0.0413297 0.0353606 0.0294119 0.0236165 0.0181527 0.0132319 0.00905714 0.00576551
 0.00727039 0.0118579 0.0179395 0.025497 0.0343164 0.0438487 0.0531713 0.0612031 0.0670832 0.0704318 0.0713323 0.0701373 0.067289 0.0632251 0.0583347 0.0529285 0.047226 0.0413675 0.0354456 0.0295456 0.0237839 0.0183289 0.0133925 0.00918602 0.00585758
 0.00732017 0.0119318 0.0180368 0.0256104 0.0344315 0.043945 0.053225 0.0611931 0.0669996 0.0702824 0.0711426 0.0699417 0.0671176 0.0630935 0.058243 0.052868 0.0471892 0.0413543 0.0354621 0.0295972 0.0238683 0.0184341 0.0135007 0.00928124 0.00593042
 0.00742399 0.0120903 0.0182558 0.0258871 0.0347539 0.0442916 0.0535647 0.0614869 0.067206 0.0703678 0.0710914 0.0697624 0.0668405 0.0627619 0.0579001 0.0525467 0.0469088 0.0411233 0.0352842 0.0294741 0.023798 0.0184092 0.0135081 0.0093053 0.00595794
 0.00746045 0.0121469 0.0183358 0.0259914 0.0348805 0.0444353 0.0537163 0.0616333 0.0673318 0.0704575 0.0711316 0.0697439 0.0667612 0.0626286 0.0577289 0.0523601 0.0467295 0.0409693 0.0351661 0.0293955 0.0237575 0.0184007 0.0135221 0.00933082 0.00598506
 0.00731233 0.0119269 0.0180435 0.025641 0.0344976 0.0440511 0.0533632 0.0613425 0.0671305 0.0703648 0.0711538 0.0698724 0.0669732 0.0628929 0.0580136 0.0526395 0.0469888 0.041204 0.0353776 0.0295868 0.0239298 0.0185524 0.0136501 0.00943231 0.0060594
 0.00719805 0.0117455 0.0177799 0.0252871 0.0340574 0.0435467 0.0528381 0.0608567 0.0667465 0.0701292 0.0710858 0.0699633 0.0671955 0.0632102 0.0583877 0.0530353 0.0473774 0.0415652 0.0357007 0.0298681 0.0241692 0.018751 0.0138088 0.00955238 0.00614417
 0.00709379 0.0115756 0.017524 0.0249268 0.0335819 0.0429598 0.0521668 0.0601537 0.0660843 0.0695857 0.0707273 0.0698305 0.0672956 0.0635183 0.0588554 0.0536033 0.0479873 0.0421677 0.0362595 0.0303606 0.024584 0.0190852 0.0140651 0.00973797 0.00626969
 0.00704282 0.0114848 0.0173723 0.0246898 0.0332365 0.0424937 0.0515868 0.0594906 0.0653898 0.0689251 0.0701701 0.0694399 0.0671193 0.0635781 0.0591422 0.0540783 0.0485911 0.0428331 0.0369243 0.0309754 0.0251164 0.0195187 0.0143969 0.00997581 0.00642816
 0.00702423 0.0114593 0.0173417 0.0246558 0.0331967 0.0424364 0.0514891 0.0593235 0.0651295 0.0685664 0.0697349 0.0689768 0.0666934 0.0632565 0.0589778 0.0540974 0.0487877 0.0431718 0.0373507 0.0314304 0.0255486 0.019892 0.0146931 0.0101923 0.00657377
 0.00685858 0.0112254 0.0170556 0.0243548 0.0329291 0.0422442 0.0513925 0.0593143 0.0651749 0.0686196 0.0697491 0.0689209 0.0665641 0.0630822 0.0588107 0.0539962 0.0487979 0.0433113 0.0376052 0.0317608 0.0259046 0.020227 0.0149747 0.0104059 0.00672059
 0.00656503 0.0107835 0.0164582 0.0236241 0.0321168 0.0414268 0.0506634 0.058769 0.0648867 0.0686134 0.0699895 0.0693242 0.0670303 0.0635294 0.0591981 0.0543271 0.0491052 0.0436344 0.0379689 0.0321638 0.0263214 0.0206207 0.0153115 0.0106663 0.00690243
#obs surv len freq
 nan nan nan nan nan nan nan nan nan nan nan nan nan nan nan nan nan nan nan nan nan nan nan nan nan
 0.00448499 0.00734651 0.0111767 0.0159932 0.0216941 0.0279696 0.0342837 0.0400148 0.0446941 0.0481575 0.050515 0.0520105 0.0529024 0.0534144 0.0537285 0.0539832 0.0542616 0.0545542 0.0546929 0.0542848 0.0527229 0.0493551 0.043805 0.0362852 0.0276691
 0.00461677 0.00756293 0.0115061 0.0164622 0.022321 0.0287545 0.0351978 0.0409987 0.0456658 0.0490288 0.0512084 0.0524705 0.0531012 0.0533517 0.0534265 0.0534796 0.0536001 0.0537779 0.0538409 0.0533944 0.051833 0.0485092 0.0430482 0.0356557 0.027188
 0.00477909 0.00782846 0.0119089 0.0170352 0.0230898 0.0297272 0.0363541 0.0422839 0.0469956 0.0503025 0.0523234 0.0533357 0.0536467 0.0535366 0.0532425 0.0529486 0.0527678 0.0527039 0.0525921 0.0520411 0.0504509 0.0471789 0.0418498 0.0346552 0.0264219
 0.00497269 0.00814483 0.012388 0.0177156 0.0240009 0.0308784 0.0377223 0.043809 0.0485879 0.0518574 0.0537358 0.0545081 0.054494 0.0539911 0.0532602 0.0525154 0.0519021 0.0514552 0.0510363 0.0502764 0.0485934 0.0453567 0.0401892 0.0332596 0.0253493
 0.00518376 0.00849093 0.0129145 0.0184667 0.0250116 0.0321607 0.0392519 0.0455199 0.0503815 0.0536206 0.0553578 0.0558896 0.0555492 0.0546476 0.0534602 0.0522197 0.051097 0.0501607 0.0493125 0.0482268 0.0463617 0.0431151 0.0381143 0.0314984 0.0239874
 0.00541182 0.00886414 0.0134809 0.0192729 0.0260944 0.0335337 0.0408908 0.0473569 0.052314 0.0555297 0.0571266 0.0574137 0.0567406 0.0554335 0.053781 0.0520285 0.0503631 0.0488793 0.0475194 0.0460122 0.0438766 0.0405603 0.0357085 0.0294314 0.0223761
 0.00564664 0.00924861 0.0140647 0.0201043 0.0272116 0.0349503 0.0425813 0.0492512 0.0543068 0.0575006 0.0589583 0.0590025 0.0579994 0.0562903 0.0541765 0.0519137 0.0496998 0.0476483 0.0457363 0.0437489 0.0412765 0.0378334 0.0330989 0.0271613 0.0205899
 0.00588119 0.00963317 0.0146496 0.0209388 0.0283345 0.0363757 0.0442833 0.0511582 0.0563118 0.0594812 0.0607964 0.0605957 0.0592635 0.057158 0.0545934 0.0518339 0.049085 0.0464728 0.0440031 0.0415134 0.0386679 0.0350574 0.0304074 0.024794 0.0187105
 0.00612231 0.0100291 0.0152528 0.0218005 0.0294949 0.0378479 0.0460371 0.053115 0.0583558 0.0614821 0.0626312 0.062161 0.0604792 0.0579649 0.0549481 0.0517024 0.0484382 0.0452894 0.0422831 0.0393018 0.0360803 0.0322876 0.0277026 0.0223975 0.016795
 0.0063689 0.0104304 0.0158578 0.0226552 0.0306343 0.0392825 0.0477386 0.0550105 0.0603362 0.0634224 0.0644097 0.0636732 0.0616427 0.0587207 0.0552565 0.051537 0.0477799 0.0441256 0.0406175 0.0371758 0.0335978 0.0296263 0.0250944 0.0200758 0.0149302
 0.00658931 0.0107975 0.016426 0.02348 0.0317596 0.0407219 0.0494573 0.0569208 0.0623131 0.0653301 0.0661256 0.0650995 0.0627082 0.0593769 0.0554732 0.0512967 0.0470731 0.0429495 0.0389833 0.0351265 0.0312296 0.0271013 0.0226244 0.0178763 0.0131604
 0.00682543 0.0111818 0.0170054 0.0242991 0.032853 0.042101 0.0510961 0.058748 0.0642188 0.0671837 0.0677976 0.0664784 0.0637115 0.0599542 0.0556021 0.0509737 0.0463048 0.0417481 0.0373715 0.0331519 0.0289845 0.0247329 0.020323 0.0158341 0.0115195
 0.0070708 0.0115836 0.0176152 0.0251651 0.034009 0.0435502 0.0527947 0.0606028 0.0661027 0.0689621 0.0693515 0.067715 0.0645657 0.060386 0.0555943 0.0505284 0.0454377 0.0404844 0.0357468 0.0312221 0.0268405 0.0225096 0.0181884 0.0139554 0.0100178
 0.00729738 0.0119563 0.0181839 0.0259781 0.035103 0.0449329 0.054429 0.0624005 0.067937 0.0706927 0.0708494 0.0688801 0.0653325 0.0607229 0.0554968 0.0500112 0.0445271 0.0392147 0.0341622 0.0293842 0.024839 0.0204678 0.0162533 0.0122689 0.00867936
 0.00745002 0.0122115 0.0185813 0.0265597 0.0359049 0.0459729 0.0556919 0.0638326 0.069451 0.0721822 0.0722053 0.070003 0.0661424 0.0611656 0.0555465 0.0496678 0.0438106 0.0381594 0.0328151 0.0278087 0.0231219 0.0187214 0.0146055 0.0108394 0.00754946
 0.00751976 0.0123242 0.0187504 0.0268002 0.036234 0.0464092 0.0562529 0.0645281 0.0702762 0.0731118 0.0731898 0.0709717 0.0670121 0.0618524 0.0559781 0.0497935 0.0436059 0.037627 0.0319834 0.0267315 0.0218785 0.0174139 0.0133478 0.00973603 0.00667172
 0.0076 0.012448 0.0189245 0.0270267 0.0365108 0.0467317 0.0566148 0.0649241 0.0707043 0.073574 0.0736894 0.0715042 0.0675563 0.0623656 0.0564003 0.0500582 0.043655 0.0374234 0.0315196 0.0260337 0.0210059 0.0164527 0.0123974 0.00888853 0.00599105
 0.00769163 0.0125876 0.0191169 0.0272696 0.0367953 0.0470433 0.0569353 0.0652337 0.0709868 0.0738223 0.0739088 0.0717101 0.0677653 0.0625844 0.0566164 0.050237 0.0437462 0.0373748 0.0312939 0.0256221 0.0204353 0.0157829 0.0117077 0.00825732 0.00547564
 0.00772832 0.0126491 0.0192126 0.0274082 0.0369817 0.0472742 0.0571963 0.0655005 0.0712321 0.074025 0.0740609 0.0718182 0.0678461 0.0626571 0.0566932 0.0503155 0.0438055 0.0373788 0.0312029 0.0254089 0.0200989 0.0153535 0.0112394 0.00781153 0.00510165
 0.00776272 0.0126951 0.019264 0.0274546 0.037013 0.0472874 0.0571993 0.0655099 0.0712653 0.0740917 0.0741587 0.0719361 0.0679715 0.0627821 0.0568154 0.0504335 0.0439123 0.0374571 0.0312269 0.0253532 0.0199512 0.0151236 0.0109595 0.00752575 0.00485019
 0.00781927 0.0127832 0.0193885 0.0276156 0.0372033 0.0474911 0.057392 0.0656644 0.0713603 0.0741216 0.0741353 0.0718821 0.0679098 0.0627274 0.0567733 0.0504034 0.0438893 0.0374322 0.0311858 0.0252791 0.0198313 0.0149574 0.010762 0.00732304 0.0046694
 0.00785177 0.0128336 0.0194598 0.0277088 0.0373174 0.0476224 0.0575333 0.0658036 0.0714819 0.074209 0.0741767 0.0718751 0.0678631 0.0626578 0.0566989 0.0503374 0.0438366 0.0373892 0.031143 0.0252237 0.0197525 0.0148514 0.0106351 0.00719012 0.00454811
 0.00788267 0.0128778 0.0195154 0.0277702 0.0373777 0.0476758 0.0575775 0.0658402 0.071514 0.074239 0.0742039 0.0718956 0.0678717 0.0626513 0.0566788 0.0503092 0.0438071 0.0373623 0.0311172 0.025193 0.0197092 0.0147911 0.0105599 0.00710832 0.00447097
 0.00788467 0.0128817 0.0195221 0.0277806 0.0373912 0.0476901 0.057588 0.065842 0.0715048 0.0742214 0.0741853 0.0718849 0.0678748 0.0626683 0.0567049 0.050338 0.0438335 0.0373838 0.031132 0.0251987 0.0197026 0.0147698 0.010525 0.00706494 0.0044267
 0.00789736 0.0128966 0.0195343 0.0277823 0.0373749 0.0476519 0.0575308 0.0657747 0.0714389 0.0741664 0.0741472 0.0718661 0.0678761 0.0626895 0.0567442 0.0503907 0.043893 0.0374427 0.0311839 0.0252387 0.0197278 0.0147789 0.0105192 0.00704853 0.00440537
 0.00790494 0.0129079 0.0195489 0.0277985 0.0373888 0.0476574 0.0575208 0.0657429 0.0713835 0.074093 0.0740675 0.0717949 0.067826 0.0626674 0.0567508 0.0504219 0.0439418 0.0375007 0.0312426 0.0252909 0.0197678 0.0148043 0.0105303 0.0070482 0.00439811
 0.00788698 0.0128791 0.0195065 0.0277406 0.0373149 0.04757 0.057425 0.0656465 0.0712947 0.0740183 0.0740114 0.0717606 0.0678166 0.0626858 0.056798 0.0504958 0.0440361 0.0376064 0.0313494 0.025389 0.01985 0.0148663 0.0105717 0.00707175 0.00440858
 0.00787899 0.0128611 0.0194705 0.0276765 0.0372141 0.0474294 0.0572517 0.0654575 0.0711132 0.073867 0.0739069 0.0717107 0.0678207 0.0627381 0.0568897 0.0506176 0.0441784 0.0377588 0.0315014 0.0255301 0.0199715 0.0149627 0.0106414 0.00711716 0.00443482
 0.00788154 0.0128635 0.0194706 0.0276702 0.0371952 0.0473904 0.0571852 0.0653589 0.0709843 0.0737182 0.0737567 0.0715809 0.0677306 0.062699 0.0569035 0.050678 0.0442745 0.0378781 0.0316308 0.0256577 0.0200869 0.0150585 0.010714 0.00716706 0.00446564
 0.00783879 0.0127945 0.0193678 0.0275278 0.0370112 0.0471691 0.0569394 0.0651091 0.070754 0.0735285 0.0736222 0.0715096 0.0677258 0.0627601 0.0570262 0.0508531 0.0444879 0.0381124 0.0318681 0.0258814 0.0202838 0.0152198 0.0108366 0.00725267 0.00452023
 0.00782378 0.0127667 0.0193196 0.0274503 0.0368958 0.0470116 0.0567428 0.0648858 0.0705235 0.0733137 0.0734446 0.071386 0.0676662 0.0627675 0.0570978 0.0509814 0.0446619 0.0383177 0.0320876 0.0260976 0.0204808 0.015386 0.0109658 0.007345 0.00458043
 0.00780243 0.0127309 0.0192638 0.0273682 0.0367819 0.0468626 0.05656 0.0646764 0.0703011 0.0730963 0.0732527 0.0712394 0.0675803 0.0627513 0.0571524 0.0511008 0.0448342 0.0385273 0.0323167 0.0263275 0.0206941 0.015569 0.0111106 0.00745004 0.00464998
 0.00776986 0.0126785 0.019186 0.0272604 0.0366412 0.0466898 0.0563608 0.0644618 0.0700857 0.0728962 0.0730827 0.0711125 0.067507 0.0627391 0.0572047 0.0512156 0.0450037 0.0387381 0.0325516 0.0265672 0.0209199 0.0157656 0.0112683 0.00756604 0.00472779
 0.00772751 0.0126095 0.0190822 0.0271146 0.0364496 0.0464544 0.0560928 0.064181 0.0698173 0.0726648 0.0729074 0.0710046 0.0674707 0.0627733 0.0573049 0.0513748 0.0452123 0.0389836 0.0328181 0.0268363 0.021173 0.0159865 0.0114463 0.00769781 0.00481683
 0.00768011 0.0125325 0.0189664 0.0269518 0.0362348 0.0461887 0.0557864 0.0638545 0.0694988 0.0723843 0.0726913 0.0708714 0.0674291 0.0628225 0.0574362 0.0515747 0.0454649 0.0392716 0.0331233 0.0271397 0.021456 0.0162329 0.0116452 0.00784558 0.00491718
 0.00767817 0.0125243 0.0189445 0.0269059 0.0361536 0.0460638 0.0556156 0.0636436 0.069261 0.0721384 0.0724592 0.0706752 0.0672886 0.0627522 0.057443 0.0516571 0.0456137 0.0394722 0.0333574 0.0273874 0.0216971 0.0164497 0.0118248 0.00798188 0.00501146
 0.00766498 0.0125061 0.0189228 0.0268831 0.0361308 0.0460382 0.0555792 0.0635848 0.0691695 0.0720105 0.072301 0.0705022 0.0671224 0.0626154 0.0573548 0.0516302 0.0456523 0.0395715 0.0335049 0.0275653 0.021885 0.0166281 0.0119784 0.00810199 0.00509648
 0.00763094 0.0124573 0.0188615 0.026816 0.0360673 0.0459875 0.0555475 0.0635727 0.069171 0.0720138 0.0722916 0.0704685 0.067061 0.062534 0.0572702 0.0515631 0.0456211 0.039587 0.0335683 0.0276679 0.0220115 0.0167602 0.0120998 0.00820124 0.00516913
 0.00761697 0.0124306 0.0188148 0.0267411 0.0359594 0.0458496 0.0553937 0.0634263 0.0690572 0.0719497 0.0722797 0.0704972 0.0671102 0.0625842 0.0573101 0.0515925 0.0456492 0.039627 0.0336304 0.0277548 0.0221176 0.0168736 0.0122068 0.008291 0.00523623
 0.00759558 0.0123976 0.0187678 0.0266786 0.0358797 0.0457509 0.055275 0.0632903 0.068913 0.0718138 0.0721731 0.0704375 0.0671053 0.0626284 0.0573877 0.0516856 0.0457449 0.0397209 0.0337249 0.0278539 0.0222219 0.0169785 0.0123042 0.00837299 0.0052982
 0.00758545 0.0123826 0.0187479 0.0266547 0.0358529 0.0457221 0.0552436 0.0632543 0.0688691 0.0717593 0.0721082 0.0703682 0.0670425 0.0625849 0.0573721 0.051699 0.0457817 0.039773 0.0337857 0.0279203 0.0222923 0.0170503 0.0123726 0.00843258 0.00534485
 0.00757789 0.0123685 0.0187237 0.0266163 0.0357975 0.04565 0.0551601 0.0631686 0.0687914 0.0716972 0.0720643 0.0703403 0.0670276 0.0625814 0.0573817 0.051725 0.0458257 0.0398334 0.0338579 0.0279985 0.0223711 0.0171254 0.01244 0.00848878 0.00538783
 0.00754104 0.0123148 0.0186543 0.0265358 0.0357123 0.0455655 0.055079 0.063092 0.0687207 0.071636 0.0720184 0.0703154 0.0670263 0.0626027 0.0574222 0.0517806 0.0458935 0.0399111 0.0339429 0.028087 0.0224581 0.0172059 0.0125098 0.00854503 0.00542959
 0.00754124 0.0123093 0.0186355 0.0264943 0.0356402 0.0454619 0.0549532 0.0629616 0.0686056 0.0715503 0.071967 0.0702957 0.0670324 0.0626295 0.057466 0.0518387 0.0459632 0.0399895 0.0340267 0.0281726 0.0225414 0.0172825 0.0125757 0.0085977 0.00546828
 0.00751542 0.0122724 0.018589 0.0264417 0.0355846 0.0454033 0.0548873 0.0628828 0.0685122 0.071449 0.071872 0.0702237 0.0669957 0.0626319 0.0575036 0.0519034 0.0460463 0.0400835 0.0341255 0.0282708 0.0226344 0.0173657 0.0126457 0.00865242 0.00550771
 0.00750767 0.0122572 0.0185617 0.0263971 0.0355197 0.0453196 0.0547925 0.0627886 0.0684293 0.0713827 0.0718217 0.0701865 0.0669714 0.0626241 0.0575175 0.0519419 0.0461079 0.0401627 0.034215 0.0283634 0.0227233 0.0174457 0.0127129 0.00870477 0.00554523
 0.00751287 0.0122663 0.0185764 0.0264184 0.0355469 0.0453486 0.0548158 0.0627973 0.0684168 0.0713477 0.0717687 0.0701235 0.0669061 0.0625629 0.0574658 0.0519048 0.0460897 0.0401654 0.034237 0.0284001 0.0227683 0.0174925 0.0127559 0.00874036 0.00557183
 0.0075048 0.0122556 0.0185648 0.0264092 0.035544 0.0453555 0.0548337 0.0628239 0.0684463 0.071372 0.0717799 0.0701166 0.0668808 0.0625239 0.0574206 0.0518615 0.0460554 0.0401451 0.0342331 0.0284117 0.0227918 0.0175224 0.0127867 0.00876759 0.00559304
 0.0075047 0.0122545 0.0185614 0.0264022 0.0355329 0.0453415 0.0548204 0.0628166 0.0684496 0.0713872 0.0718038 0.0701419 0.0668992 0.0625291 0.0574107 0.0518396 0.0460281 0.0401198 0.0342161 0.0284061 0.0227977 0.0175368 0.0128053 0.00878621 0.00560865
 0.0075047 0.0122545 0.0185614 0.0264022 0.0355329 0.0453415 0.0548204 0.0628166 0.0684496 0.0713872 0.0718038 0.0701419 0.0668992 0.0625291 0.0574107 0.0518396 0.0460281 0.0401198 0.0342161 0.0284061 0.0227977 0.0175368 0.0128053 0.00878621 0.00560865
 0.00733887 0.0119951 0.018191 0.025914 0.0349345 0.0446598 0.0541053 0.0621387 0.0678884 0.0710119 0.0716565 0.0702291 0.0671942 0.0629815 0.0579595 0.0524265 0.0466061 0.0406572 0.0346946 0.0288175 0.0231391 0.017809 0.0130118 0.00893342 0.00570625
 0.00735152 0.0119909 0.0181392 0.0257717 0.0346589 0.0442274 0.0535279 0.0614673 0.0672011 0.0703947 0.0711842 0.0699535 0.0671387 0.0631395 0.0582981 0.0528938 0.0471428 0.0412081 0.0352163 0.0292812 0.0235294 0.0181207 0.013247 0.00910016 0.00581612
 0.00725474 0.011847 0.0179463 0.0255326 0.0343753 0.0438925 0.0531259 0.0609825 0.0666356 0.0697823 0.0705924 0.0694684 0.0668397 0.0630768 0.0584815 0.0532938 0.0477019 0.041855 0.035881 0.0299056 0.0240734 0.018563 0.013583 0.0093378 0.00597175
 0.00719532 0.0117409 0.0177702 0.0252621 0.0339939 0.0434035 0.0525594 0.0603897 0.0660703 0.0692826 0.0701749 0.0691407 0.066617 0.0629887 0.0585622 0.0535635 0.0481518 0.0424445 0.0365471 0.0305787 0.0246925 0.019086 0.0139902 0.00962991 0.00616435
 0.00722849 0.011794 0.0178472 0.0253622 0.0341075 0.043508 0.0526196 0.0603657 0.0659325 0.0690252 0.0698191 0.0687262 0.0661895 0.0625928 0.0582409 0.0533574 0.0480919 0.0425411 0.036782 0.0309082 0.02506 0.0194377 0.0142879 0.00985586 0.00631895
 0.00720958 0.0117729 0.017833 0.0253695 0.0341515 0.0435979 0.0527509 0.0605172 0.066068 0.0691021 0.0698009 0.0685948 0.0659524 0.062282 0.0579047 0.0530495 0.0478614 0.0424231 0.0367902 0.0310303 0.0252611 0.0196719 0.0145119 0.0100405 0.00645271
 0.00720063 0.0117573 0.0178085 0.0253349 0.0341097 0.0435579 0.0527287 0.0605308 0.066129 0.0692058 0.0699228 0.0686955 0.0659917 0.0622349 0.0577715 0.0528571 0.0476547 0.0422512 0.0366916 0.0310224 0.0253363 0.0198027 0.0146626 0.0101798 0.00656191
#pred catch len freq
 0.00417011 0.00661198 0.00967209 0.0132883 0.0174254 0.0220539 0.027081 0.0323178 0.0375128 0.0424111 0.0467946 0.0505021 0.0534451 0.0556147 0.0570706 0.0579255 0.0583292 0.058436 0.0583219 0.0578511 0.0565689 0.0537642 0.0487859 0.0414961 0.0325497
 0.00440378 0.0069201 0.0100058 0.0135646 0.0175587 0.0220006 0.0268695 0.0320383 0.0372705 0.0422728 0.046763 0.0505332 0.0534924 0.0556683 0.0571692 0.0581328 0.0586888 0.0589265 0.0588379 0.0582275 0.0566459 0.0534624 0.0481492 0.0406732 0.0317251
 0.00454945 0.00716846 0.0103957 0.0141254 0.0182878 0.0228379 0.0276906 0.032685 0.0376155 0.0422812 0.0465056 0.0501408 0.0530856 0.0553151 0.0568904 0.0579341 0.0585807 0.0589108 0.0588773 0.0582307 0.0564941 0.0530685 0.0475119 0.0398859 0.0309316
 0.00473568 0.00745647 0.0108047 0.0146713 0.0189884 0.0237147 0.0287553 0.0339108 0.0389077 0.0434747 0.0474077 0.0506051 0.053074 0.054905 0.0562261 0.0571619 0.0578053 0.0581841 0.0582007 0.0575623 0.0557672 0.0522291 0.0465597 0.0388898 0.0300026
 0.00497179 0.00782346 0.0113261 0.015359 0.0198442 0.0247321 0.0299201 0.0352003 0.0402869 0.0448858 0.0487553 0.0517503 0.0538567 0.0551958 0.0559806 0.0564402 0.0567417 0.0569286 0.0568669 0.056206 0.0543987 0.0508482 0.0451924 0.0376031 0.0288858
 0.0052594 0.00827305 0.0119699 0.0162173 0.0209245 0.0260281 0.0314068 0.036829 0.0419865 0.0465708 0.0503335 0.053125 0.0549233 0.055843 0.0561078 0.0559896 0.0557291 0.0554456 0.0550522 0.0542027 0.0523267 0.0488051 0.0432704 0.0358979 0.0274827
 0.00558059 0.00877279 0.0126816 0.0171607 0.0221078 0.0274489 0.0330482 0.038651 0.0439206 0.048521 0.0521852 0.0547576 0.056222 0.0567056 0.0564466 0.055737 0.0548511 0.0539621 0.0530481 0.0518206 0.0497441 0.0462096 0.0408407 0.0337855 0.025791
 0.00588056 0.00924247 0.013356 0.0180635 0.0232516 0.0288348 0.0346609 0.0404533 0.0458502 0.0504939 0.0541004 0.0565029 0.0576812 0.0577665 0.0570091 0.0557186 0.0541948 0.0526502 0.0511197 0.0493854 0.0469819 0.0433494 0.0381234 0.0314193 0.0239101
 0.00619223 0.0097304 0.0140566 0.0190013 0.0244398 0.0302743 0.0363349 0.0423202 0.0478416 0.0525182 0.056052 0.0582717 0.05916 0.0588562 0.05762 0.0557715 0.0536253 0.0514199 0.0492373 0.0469301 0.0441178 0.0403162 0.0351969 0.0288502 0.0218655
 0.00645302 0.0101469 0.0146707 0.0198496 0.0255508 0.0316621 0.0379892 0.0441981 0.0498669 0.0545889 0.0580516 0.0600811 0.0606684 0.0599672 0.0582539 0.0558617 0.053116 0.0502717 0.0474448 0.0445495 0.0412914 0.037274 0.0322222 0.0262141 0.0197562
 0.00676421 0.0106296 0.0153554 0.0207537 0.0266818 0.033021 0.0395673 0.0459685 0.0517761 0.0565539 0.0599652 0.0618238 0.0621235 0.0610337 0.0588522 0.0559316 0.0526116 0.0491613 0.0457226 0.0422608 0.03856 0.034312 0.0293026 0.0236081 0.0176596
 0.00724118 0.0113549 0.0163547 0.0220208 0.028186 0.0347194 0.0414106 0.047899 0.0537243 0.0584394 0.0617008 0.0633205 0.0632959 0.0618059 0.0591624 0.0557335 0.0518728 0.0478629 0.0438678 0.0398954 0.0357983 0.0313494 0.0263956 0.0210158 0.0155728
 0.00761211 0.011943 0.0172114 0.0231822 0.0296652 0.0364954 0.0434172 0.0500249 0.0558307 0.0603894 0.0633835 0.0646602 0.064246 0.0623381 0.0592559 0.0553698 0.0510338 0.0465356 0.0420559 0.0376397 0.0332002 0.028583 0.02369 0.0186053 0.0136313
 0.00804369 0.0126133 0.0181635 0.02444 0.0312356 0.0383687 0.0455589 0.0523602 0.0582345 0.0626925 0.0653976 0.0662157 0.0652276 0.0627019 0.0590203 0.0545878 0.0497643 0.0448273 0.0399511 0.0351953 0.0305146 0.025812 0.0210354 0.0162713 0.0117669
 0.00846081 0.013259 0.0190757 0.0256354 0.0327113 0.040105 0.0475166 0.0544742 0.0604113 0.0648122 0.0673213 0.0677965 0.0663291 0.063222 0.0589119 0.0538641 0.0484859 0.0430782 0.0378215 0.0327802 0.0279287 0.0232032 0.0185792 0.0141387 0.010078
 0.0086625 0.0135913 0.0195845 0.0263671 0.0337057 0.0413816 0.0490602 0.0562277 0.0622806 0.0666811 0.0690663 0.0692977 0.0674771 0.0639241 0.0591007 0.0535075 0.0475932 0.0416994 0.0360393 0.0307025 0.0256849 0.0209436 0.0164646 0.0123148 0.008642
 0.00876463 0.0137502 0.0198127 0.0266781 0.0341192 0.0419289 0.0497814 0.0571582 0.0634295 0.0680124 0.0704939 0.0706985 0.0687163 0.0648796 0.0596776 0.053644 0.0472625 0.0409116 0.0348431 0.0291842 0.0239645 0.0191653 0.0147793 0.0108539 0.00749044
 0.00875735 0.0137428 0.0198101 0.0266888 0.0341554 0.0420062 0.0499207 0.0573875 0.0637848 0.0685304 0.0711973 0.0715758 0.0697088 0.0658841 0.0605666 0.0542931 0.0475749 0.0408337 0.034371 0.0283643 0.0228888 0.0179591 0.0135802 0.00978477 0.00663362
