SBPRF35
8.90118
Curr Bio
667324
B35
742995
F35
0.200129
FOFL
0.181043
OFL
96783
Bzero
2.5432e+06
#pred survey bio
 4.3957e+06 4.1567e+06 3.93858e+06 3.67642e+06 3.3783e+06 3.0691e+06 2.7596e+06 2.44829e+06 2.17845e+06 1.9371e+06 1.7093e+06 1.5265e+06 1.35624e+06 1.19835e+06 1.06083e+06 969360 861591 789644 727162 688227 665820 631119 634384 616689 610362 606594 609249 601558 595718 589774 581997 575060 569505 556065 547315 529503 517799 511768 522501 534800 538615 543692 551725 554815 564984 575411 595198 611217 625988 638871 649252 673829 2.38604e+07 1.42438e+07 1.43781e+07 1.49157e+07 1.56923e+07 1.65307e+07 1.7314e+07 1.79855e+07 1.853e+07 1.89552e+07 1.92792e+07 1.95221e+07 1.97023e+07 1.98354e+07 1.99335e+07 2.00059e+07 2.00595e+07 2.00993e+07 2.0129e+07 2.01513e+07 2.01682e+07 2.0181e+07 2.01907e+07 2.01981e+07 2.02039e+07 2.02083e+07 2.02117e+07 2.02143e+07 2.02164e+07 2.0218e+07 2.02192e+07 2.02202e+07 2.0221e+07 2.02216e+07 2.0222e+07 2.02224e+07 2.02227e+07 2.02229e+07 2.02231e+07 2.02232e+07 2.02233e+07 2.02234e+07 2.02235e+07 2.02236e+07 2.02236e+07 2.02236e+07 2.02237e+07 2.02237e+07 2.02237e+07 2.02237e+07 2.02237e+07 2.02237e+07 2.02237e+07 2.02237e+07 2.02237e+07 2.02237e+07 2.02237e+07 2.02237e+07 2.02237e+07 2.02237e+07 2.02237e+07 2.02237e+07 2.02237e+07 2.02237e+07 2.02237e+07 2.02237e+07 2.02237e+07 2.02237e+07 2.02237e+07 2.02237e+07 2.02237e+07 2.02237e+07 2.02237e+07 2.02237e+07 2.02237e+07 2.02237e+07 2.02237e+07 2.02237e+07 2.02237e+07 2.02237e+07 2.02237e+07 2.02237e+07 2.02237e+07 2.02237e+07 2.02237e+07 2.02237e+07 2.02237e+07 2.02237e+07 2.02237e+07 2.02237e+07 2.02237e+07 2.02237e+07 2.02237e+07 2.02237e+07 2.02237e+07 2.02237e+07 2.02237e+07 2.02237e+07 2.02237e+07 2.02237e+07 0 0 0 0 0 0 0 0 0 0 0 0 0 0 0 0 0 0 0 0 0 0 0 0 0
#obs survey bio
 5.38149e+06 3.14571e+06 3.92344e+06 2.623e+06 3.75663e+06 2.8859e+06 2.50793e+06 1.73644e+06 1.75885e+06 1.43323e+06 1.10136e+06 996126 1.50941e+06 1.16025e+06 840347 1.13101e+06 976544 682072 547116 510375 550098 674522 549758 569929 475438 699369 569427 539766 570529 584488 497669 510784 523424 404256 501928 544924 531192 395977 522228 572306 638482 458558 578407 399790 421929 709392 390613 774876 606995 620155 517680 869025
#pred catch bio
 105020 94461 149475 203517 238906 266385 296050 285234 282859 289733 264152 262515 256252 240261 201234 214042 180449 170318 148612 133344 141379 107667 123756 111621 107457 100300 106779 102513 100230 99732.3 97243.4 94314.9 98813.5 92154.2 96637.6 89921.1 87453.2 77975.2 80702.6 89537.4 89064.9 87390.5 92418 87763 89079.5 82870.5 87946.7 90604.3 93670.6 96996.8 85750.3 97806.4 96783 105189 104930 107553 112465 118036 123234 127603 131042 133627 135506 136837 137762 138396 138825 139112 139303 139430 139513 139568 139603 139626 139642 139651 139658 139662 139665 139666 139667 139668 139669 139669 139669 139669 139669 139669 139669 139669 139669 139669 139669 139669 139669 139669 139669 139669 139669 139669 139669 139669 139669 139669 139669 139669 139669 139669 139669 139669 139669 139669 139669 139669 139669 139669 139669 139669 139669 139669 139669 139669 139669 139669 139669 139669 139669 139669 139669 139669 139669 139669 139669 139669 139669 139669 139669 139669 139669 139669 139669 139669 139669 139669 139669 139669 139669 139669 139669 139669 139669 139669 0 0 0 0 0 0 0 0 0 0 0 0 0 0 0 0 0 0 0 0 0 0 0 0 0
#obs catch bio
 0 94105.3 149850 204673 240812 268375 299096 289312 288046 296603 270518 270147 261897 245038 204782 218293 182193 172367 152023 136089 145026 109192 126449 113256 109014 101229 108191 103236 100989 100208 98020.1 95039.6 99586.5 93181.5 97769.4 90831.5 87798.1 78108.5 80990.9 89765.6 88963.3 87575.9 92553.6 88105.8 89791.1 82933.6 88367.6 90596.5 93723.4 97262.1 85745.4 97892.7
#pred cpue bio
 4.32942e+06 4.09449e+06 3.8792e+06 3.61817e+06 3.32116e+06 3.01341e+06 2.70542e+06 2.39551e+06 2.12672e+06 1.88663e+06 1.6605e+06 1.4792e+06 1.31109e+06 1.15573e+06 1.02039e+06 930259 824834 754507 693310 655189 633494 600061 603472 586705 580969 577721 580729 573760 568535 563118 555780 549221 544119 531377 523346 506579 494864 487607 496794 508496 512474 517515 525249 528104 537726 547765 566986 582480 596741 609153 619168 643439 2.28359e+07 1.36529e+07 1.36962e+07 1.41225e+07 1.48585e+07 1.5687e+07 1.64683e+07 1.71395e+07 1.76839e+07 1.81091e+07 1.84331e+07 1.86759e+07 1.88562e+07 1.89893e+07 1.90874e+07 1.91598e+07 1.92134e+07 1.92532e+07 1.92829e+07 1.93052e+07 1.9322e+07 1.93348e+07 1.93446e+07 1.9352e+07 1.93577e+07 1.93622e+07 1.93656e+07 1.93682e+07 1.93703e+07 1.93719e+07 1.93731e+07 1.93741e+07 1.93748e+07 1.93754e+07 1.93759e+07 1.93763e+07 1.93766e+07 1.93768e+07 1.9377e+07 1.93771e+07 1.93772e+07 1.93773e+07 1.93774e+07 1.93774e+07 1.93775e+07 1.93775e+07 1.93775e+07 1.93775e+07 1.93776e+07 1.93776e+07 1.93776e+07 1.93776e+07 1.93776e+07 1.93776e+07 1.93776e+07 1.93776e+07 1.93776e+07 1.93776e+07 1.93776e+07 1.93776e+07 1.93776e+07 1.93776e+07 1.93776e+07 1.93776e+07 1.93776e+07 1.93776e+07 1.93776e+07 1.93776e+07 1.93776e+07 1.93776e+07 1.93776e+07 1.93776e+07 1.93776e+07 1.93776e+07 1.93776e+07 1.93776e+07 1.93776e+07 1.93776e+07 1.93776e+07 1.93776e+07 1.93776e+07 1.93776e+07 1.93776e+07 1.93776e+07 1.93776e+07 1.93776e+07 1.93776e+07 1.93776e+07 1.93776e+07 1.93776e+07 1.93776e+07 1.93776e+07 1.93776e+07 1.93776e+07 1.93776e+07 1.93776e+07 1.93776e+07 1.93776e+07 1.93776e+07 1.93776e+07 0 0 0 0 0 0 0 0 0 0 0 0 0 0 0 0 0 0 0 0 0 0 0 0 0
#obs cpue bio
 3.78399e+06 3.16236e+06 3.04805e+06 2.56481e+06 1.95894e+06 3.81495e+06 2.61052e+06 1.67825e+06 1.61637e+06 1.67372e+06 1.63059e+06 1.39707e+06 1.59408e+06 1.11897e+06 856877 792202 851084 692677 326294 627751 573620 443608 530893 608196 613223 528326 470056 795285 502456 653185 450914 527045 602868 415564 562903 418902 753170 600003 425073 563885 539330 438355 575334 511711 519786 653158 640883 674750 577598 570106 730098 614190
#pred surv len freq
 0.00471728 0.00769991 0.011665 0.0166175 0.0224493 0.0288535 0.0352997 0.0411685 0.0459848 0.0495732 0.0520325 0.053599 0.0545218 0.0550012 0.0551702 0.0550969 0.0547987 0.0542523 0.0533736 0.0519621 0.0496599 0.0460156 0.0407039 0.0338107 0.025973
 0.00499487 0.00804779 0.012002 0.0168164 0.0223862 0.028478 0.034681 0.0404779 0.0454174 0.0492538 0.051966 0.0536897 0.0546419 0.0550632 0.0551666 0.0550933 0.0548903 0.0545058 0.0537811 0.0524332 0.0500582 0.0462232 0.040677 0.0335928 0.0256624
 0.00524035 0.00845891 0.0126349 0.0177091 0.0235256 0.0297633 0.0359153 0.0414161 0.0458648 0.0491613 0.0514501 0.0529606 0.0538896 0.0543832 0.0545637 0.0545398 0.0543804 0.054066 0.053439 0.0521784 0.0498327 0.0459518 0.0403146 0.0331531 0.0252072
 0.00544604 0.00879752 0.0131541 0.0184598 0.0245552 0.0310983 0.0375333 0.0432165 0.0476582 0.0506967 0.0524849 0.0533471 0.0536299 0.0536141 0.0534816 0.0533189 0.0531338 0.0528537 0.0522921 0.0511102 0.0488384 0.0450154 0.0394286 0.0323359 0.0244996
 0.00565426 0.00913674 0.0136667 0.0191878 0.0255351 0.0323523 0.039057 0.0449698 0.049559 0.0526168 0.0542494 0.0547491 0.0544729 0.0537724 0.0529478 0.0522039 0.051618 0.0511224 0.0504917 0.0493372 0.0471514 0.0434536 0.0380277 0.0311344 0.0235325
 0.00593437 0.00957692 0.0143015 0.0200415 0.0266202 0.0336675 0.0405826 0.0466638 0.0513587 0.0544429 0.0560068 0.0563207 0.0557158 0.0545301 0.0530845 0.0516517 0.0504081 0.0493807 0.0483994 0.0470829 0.0448987 0.0413329 0.0361404 0.0295549 0.0223023
 0.00627473 0.0101168 0.0150886 0.0211098 0.0279829 0.0353077 0.0424439 0.0486511 0.053356 0.056339 0.0577132 0.0577714 0.0568504 0.0552747 0.0533452 0.0513307 0.04944 0.0477711 0.0462435 0.0445538 0.0422124 0.0387086 0.0337679 0.027571 0.0207754
 0.00662815 0.0106873 0.0159391 0.0222948 0.0295369 0.0372266 0.0446675 0.0510583 0.0557824 0.0586119 0.0596849 0.0593382 0.0579531 0.0558838 0.0534386 0.0508762 0.0483967 0.0461135 0.0440001 0.0418362 0.0392174 0.0356879 0.0309759 0.0252099 0.0189548
 0.00691276 0.0111512 0.0166399 0.0232883 0.0308677 0.0389132 0.0466838 0.0533239 0.0581687 0.0609611 0.061834 0.0611405 0.0592944 0.0566902 0.0536732 0.0505243 0.0474508 0.0445715 0.0418842 0.0392253 0.0362724 0.0326454 0.0281044 0.0227436 0.0170353
 0.00718495 0.0115887 0.0172897 0.0241926 0.0320584 0.0404026 0.0484529 0.055315 0.0602892 0.0630946 0.0638536 0.0629187 0.0607119 0.0576458 0.0540917 0.0503597 0.0466829 0.0432023 0.0399429 0.0367877 0.0334827 0.0297206 0.0253038 0.0203072 0.01512
 0.00746327 0.0120393 0.0179641 0.0251369 0.0333042 0.0419529 0.0502683 0.0573108 0.0623487 0.0650934 0.065679 0.0644773 0.0619266 0.0584502 0.0544279 0.0501795 0.0459524 0.0419086 0.0381051 0.034473 0.0308238 0.026919 0.0226043 0.0179426 0.0132486
 0.00758529 0.0122565 0.0183263 0.0257033 0.0341315 0.043076 0.0516808 0.0589567 0.064131 0.0668938 0.0673785 0.0659709 0.0631302 0.0593002 0.0548759 0.0501861 0.0454843 0.0409433 0.036645 0.0325647 0.0285767 0.024509 0.0202507 0.0158586 0.0115848
 0.00776503 0.0125397 0.0187371 0.0262618 0.0348554 0.04398 0.0527714 0.0602234 0.0655367 0.0683713 0.0688353 0.0673016 0.0642344 0.060097 0.0553093 0.0502213 0.0451 0.0401277 0.0354022 0.0309313 0.0266412 0.022419 0.0181959 0.0140278 0.0101145
 0.00808421 0.0130322 0.0194287 0.0271578 0.0359395 0.0452155 0.0541014 0.0615756 0.0668358 0.0695538 0.069857 0.0681335 0.0648512 0.0604692 0.0554041 0.0500081 0.0445559 0.0392407 0.0341765 0.0293984 0.0248739 0.0205393 0.0163618 0.0123987 0.00880712
 0.00837319 0.0134996 0.020126 0.0281265 0.0371975 0.0467382 0.055807 0.0633277 0.0684716 0.0709268 0.0708715 0.068756 0.0650985 0.0603843 0.0550326 0.0493829 0.0436926 0.038144 0.0328523 0.0278702 0.0231982 0.0188123 0.0147098 0.010949 0.00765172
 0.00839259 0.0135563 0.0202588 0.0283894 0.0376498 0.0474263 0.0567441 0.0644815 0.0697638 0.0722442 0.0720866 0.0697516 0.0657913 0.0607379 0.0550537 0.0491047 0.0431543 0.0373776 0.0318826 0.0267258 0.0219266 0.0174897 0.0134355 0.00982435 0.00675111
 0.00867947 0.0139887 0.0208473 0.029125 0.0385111 0.0483906 0.0577919 0.0655911 0.0709004 0.0733508 0.073084 0.0705486 0.0663033 0.0609071 0.0548625 0.0485764 0.0423415 0.0363448 0.030692 0.0254342 0.0205921 0.0161797 0.0122269 0.00879006 0.00594051
 0.00894059 0.0143888 0.0214028 0.0298318 0.0393438 0.0493032 0.0587225 0.0664711 0.0716719 0.0739831 0.0735761 0.0709135 0.0665452 0.0610075 0.0547855 0.0482877 0.0418269 0.0356185 0.0297931 0.0244177 0.0195222 0.0151255 0.0112576 0.00796552 0.00529798
 0.00908374 0.0146351 0.0217972 0.0304202 0.0401573 0.0503359 0.0599134 0.0677056 0.0728084 0.074894 0.0741822 0.0711975 0.0665402 0.0607716 0.0543743 0.047737 0.0411523 0.0348278 0.0289009 0.0234549 0.0185361 0.0141745 0.0104005 0.0072498 0.00474946
 0.00911366 0.0146814 0.0218646 0.0305165 0.0402984 0.0505494 0.0602349 0.068166 0.0734126 0.0756043 0.0749186 0.071859 0.0670378 0.0610542 0.054435 0.0475994 0.0408509 0.0343932 0.0283582 0.0228307 0.0178663 0.0135051 0.00978179 0.00672477 0.00434328
 0.00905303 0.01459 0.0217406 0.0303637 0.0401265 0.0503741 0.0600804 0.0680661 0.0734094 0.0757392 0.0752162 0.0723102 0.0675926 0.0616317 0.0549474 0.0479778 0.0410592 0.0344268 0.0282344 0.0225791 0.0175244 0.0131172 0.00939432 0.00637901 0.00406675
 0.00919376 0.0147975 0.0220128 0.0306846 0.0404694 0.0507091 0.0603794 0.0683066 0.073577 0.0758309 0.0752435 0.0722978 0.0675692 0.0616165 0.0549392 0.047955 0.04099 0.0342846 0.0280085 0.0222777 0.0171714 0.0127458 0.00904022 0.00607267 0.00382697
 0.00901253 0.0145232 0.0216382 0.0302171 0.0399295 0.0501275 0.059796 0.06777 0.0731417 0.07555 0.0751581 0.0724274 0.0679071 0.0621303 0.0555755 0.0486467 0.0416654 0.0348783 0.0284722 0.0225884 0.0173334 0.0127859 0.00899813 0.00598988 0.00373739
 0.00902095 0.0145324 0.0216438 0.0302123 0.0399072 0.0500825 0.0597268 0.0676788 0.0730325 0.0754278 0.0750311 0.0723101 0.0678215 0.0621013 0.0556216 0.0487707 0.04185 0.0350892 0.0286683 0.0227342 0.0174095 0.0127929 0.00895326 0.00591837 0.00366284
 0.00898281 0.0144667 0.0215385 0.0300546 0.0396877 0.0498008 0.059397 0.06733 0.0727035 0.0751574 0.0748488 0.0722314 0.067848 0.062225 0.0558299 0.0490479 0.0421764 0.0354381 0.0290069 0.0230292 0.0176356 0.0129401 0.00902848 0.00594052 0.00365469
 0.00892645 0.0143785 0.0214118 0.029885 0.0394728 0.0495412 0.059098 0.0670039 0.0723718 0.0748499 0.0745994 0.0720714 0.067799 0.0622937 0.0560079 0.0493155 0.0425069 0.0358015 0.0293714 0.0233638 0.0179146 0.0131483 0.0091645 0.00601568 0.00368724
 0.00878231 0.0141578 0.0211054 0.0294944 0.0390103 0.0490292 0.0585681 0.0664955 0.0719267 0.0745048 0.0743803 0.0719923 0.0678632 0.0624955 0.0563323 0.0497386 0.0429966 0.0363212 0.0298834 0.0238333 0.018314 0.0134609 0.00938733 0.00615844 0.00376827
 0.00875909 0.0141135 0.0210269 0.0293663 0.0388194 0.0487713 0.0582535 0.0661492 0.071582 0.0741944 0.0741295 0.0718173 0.0677735 0.0624962 0.0564253 0.0499205 0.0432568 0.0366399 0.0302331 0.0241823 0.0186322 0.0137256 0.00958711 0.00629431 0.00385081
 0.00874585 0.0140883 0.0209818 0.0292908 0.0387015 0.0486006 0.0580254 0.0658685 0.0712652 0.0738691 0.0738301 0.0715776 0.0676192 0.0624411 0.0564709 0.0500594 0.0434752 0.0369192 0.0305495 0.0245084 0.0189397 0.0139906 0.00979505 0.00644201 0.00394519
 0.00877825 0.0141306 0.021026 0.0293224 0.0387026 0.0485551 0.0579236 0.0657091 0.0710549 0.0736212 0.073564 0.071318 0.067394 0.0622764 0.0563861 0.0500635 0.0435657 0.0370836 0.0307677 0.0247553 0.0191883 0.0142165 0.00998064 0.00657961 0.00403691
 0.0087654 0.0141195 0.0210266 0.0293479 0.0387635 0.0486506 0.0580363 0.0658075 0.0711037 0.073595 0.0734559 0.0711407 0.0671741 0.0620473 0.0561812 0.0499104 0.0434827 0.0370765 0.0308302 0.0248706 0.0193332 0.0143667 0.0101156 0.0066866 0.00411223
 0.00869186 0.0140107 0.0208839 0.029181 0.0385907 0.0484954 0.0579235 0.0657565 0.0711212 0.0736694 0.073559 0.0712375 0.0672369 0.0620656 0.0561633 0.0498779 0.0434608 0.0370859 0.0308811 0.0249611 0.0194511 0.0144939 0.0102343 0.00678411 0.00418309
 0.00863291 0.0139134 0.0207353 0.0289705 0.0383145 0.0481637 0.0575649 0.0654168 0.0708527 0.0735148 0.0735375 0.0713396 0.0674289 0.0623025 0.0564041 0.0500965 0.0436501 0.0372527 0.0310375 0.0251158 0.019605 0.0146405 0.0103637 0.00688796 0.00425824
 0.00849682 0.0137239 0.0205082 0.0287384 0.0381152 0.048023 0.0574849 0.0653784 0.0708302 0.0734931 0.0735203 0.0713442 0.0674732 0.0623927 0.0565308 0.0502404 0.0437918 0.0373809 0.0311511 0.0252197 0.0197041 0.0147352 0.01045 0.00696042 0.00431307
 0.00838437 0.0135345 0.0202133 0.0283141 0.0375553 0.047355 0.0567788 0.0647352 0.0703502 0.0732397 0.0735018 0.0715235 0.0677938 0.0628023 0.0569896 0.0507178 0.0442612 0.0378191 0.031541 0.0255527 0.0199789 0.0149551 0.0106196 0.00708472 0.00439826
 0.00901163 0.0144121 0.0212702 0.0293932 0.0384547 0.0478974 0.0568713 0.06439 0.0696667 0.072365 0.0725887 0.0706959 0.0671263 0.0623168 0.0566697 0.0505291 0.0441678 0.0377904 0.0315531 0.0255876 0.0200242 0.0150026 0.0106642 0.00712304 0.00442828
 0.00972902 0.0155204 0.022822 0.031377 0.0407739 0.0503539 0.059167 0.0661733 0.0706292 0.0723514 0.0716554 0.0690806 0.0651506 0.0602805 0.0547844 0.0489044 0.0428327 0.0367276 0.0307266 0.0249593 0.0195599 0.0146724 0.0104411 0.00698173 0.00434553
 0.00981968 0.0157457 0.023303 0.0322677 0.0422139 0.0523951 0.0617077 0.0689414 0.0732326 0.0743782 0.0727829 0.069158 0.0642305 0.0585896 0.0526447 0.046638 0.0406891 0.0348552 0.0291837 0.0237446 0.0186415 0.0140069 0.00998207 0.00668343 0.00416482
 0.00942755 0.0151772 0.0225815 0.0314758 0.0414918 0.0519243 0.0616811 0.069515 0.0744621 0.0761626 0.0748556 0.0711475 0.0657728 0.0594428 0.0527518 0.0461165 0.0397629 0.033767 0.0281275 0.0228372 0.0179285 0.0134854 0.00962457 0.00645374 0.00402727
 0.00918849 0.0147839 0.021985 0.0306388 0.0404112 0.0506606 0.0603812 0.0684049 0.0737985 0.0761543 0.0755868 0.0725341 0.0675722 0.0613186 0.0543735 0.0472562 0.0403486 0.0338722 0.0279119 0.0224734 0.0175497 0.013167 0.00939169 0.00630097 0.0039361
 0.00922911 0.0148242 0.0219967 0.0305755 0.0402164 0.0502836 0.0597978 0.0676383 0.0729335 0.0753369 0.0749999 0.0723464 0.0678752 0.0620789 0.0554306 0.0483737 0.0412973 0.0345063 0.0282021 0.0224874 0.0174009 0.0129626 0.00920302 0.00615939 0.00384451
 0.00926582 0.0148834 0.0220831 0.0306886 0.040344 0.0503962 0.0598461 0.0675619 0.072682 0.0748983 0.074422 0.0717391 0.0673851 0.0618414 0.0555162 0.0487546 0.0418551 0.0350806 0.0286552 0.0227513 0.0174843 0.0129233 0.00910949 0.0060628 0.00377009
 0.00928131 0.0149053 0.0221103 0.0307187 0.0403746 0.0504256 0.0598723 0.0675781 0.0726713 0.0748329 0.0742728 0.0714943 0.0670694 0.061521 0.0552813 0.0486821 0.0419706 0.0353435 0.0289777 0.02304 0.0176792 0.0130132 0.00912032 0.00603307 0.00373117
 0.00937741 0.0150493 0.0223037 0.0309542 0.0406368 0.0506938 0.0601232 0.0677877 0.0728171 0.0748966 0.0742407 0.0713582 0.0668299 0.0611955 0.0549105 0.0483265 0.0416929 0.0351826 0.0289317 0.02307 0.0177327 0.0130498 0.0091251 0.00601289 0.00370133
 0.00926256 0.0148933 0.0221255 0.0307894 0.0405271 0.0506698 0.0601909 0.0679275 0.0729943 0.0750755 0.0743944 0.0714703 0.0668912 0.0612018 0.0548643 0.048242 0.041597 0.0351075 0.0289009 0.0230872 0.0177812 0.0131042 0.00916546 0.00603235 0.00370411
 0.00925925 0.0148683 0.0220537 0.030641 0.0402817 0.0503353 0.0598148 0.0675876 0.0727699 0.0750137 0.0744931 0.0716854 0.0671608 0.0614696 0.055093 0.0484156 0.0417177 0.0351903 0.0289659 0.0231503 0.0178479 0.0131695 0.0092202 0.00607025 0.00372508
 0.00922203 0.0148062 0.0219561 0.0304948 0.0400713 0.0500459 0.0594395 0.0671384 0.072287 0.0745658 0.0741618 0.071538 0.0672237 0.0617194 0.0554685 0.0488435 0.0421363 0.035562 0.0292769 0.0234026 0.0180491 0.0133266 0.00933741 0.00615142 0.00377587
 0.00917476 0.0147389 0.0218723 0.0304023 0.0399788 0.0499565 0.0593466 0.0670261 0.0721371 0.0743686 0.0739273 0.0713003 0.067034 0.0616273 0.0555019 0.0489964 0.0423738 0.0358364 0.0295459 0.0236392 0.0182424 0.0134758 0.00944679 0.00622675 0.00382377
 0.00915958 0.0147104 0.0218228 0.0303239 0.0398671 0.049815 0.0591889 0.0668727 0.0720059 0.0742662 0.0738464 0.0712273 0.0669618 0.061565 0.0554727 0.0490257 0.042474 0.0359995 0.0297464 0.0238462 0.01843 0.0136293 0.00956198 0.0063065 0.00387464
 0.00910381 0.0146322 0.0217277 0.0302239 0.0397755 0.0497401 0.0591298 0.0668215 0.0719542 0.0742117 0.0737933 0.071182 0.0669279 0.0615424 0.0554624 0.0490342 0.0425122 0.0360758 0.0298599 0.0239841 0.0185731 0.0137591 0.00966664 0.00638238 0.00392438
 0.00886231 0.014286 0.0212932 0.0297469 0.0393197 0.0493674 0.0588829 0.0667162 0.0719815 0.0743442 0.0739944 0.0714151 0.0671646 0.0617657 0.0556659 0.0492191 0.0426841 0.0362422 0.0300263 0.0241505 0.018733 0.0139024 0.00978403 0.00646959 0.00398288
 0.00822423 0.0133323 0.0200161 0.028201 0.0376152 0.0476519 0.0573234 0.0654795 0.071206 0.0741069 0.0742902 0.072162 0.0682329 0.0630143 0.0569709 0.0504875 0.0438559 0.0372847 0.0309259 0.0249048 0.0193454 0.0143794 0.0101366 0.00671359 0.00413921
#obs surv len freq
 nan nan nan nan nan nan nan nan nan nan nan nan nan nan nan nan nan nan nan nan nan nan nan nan nan
 0.00447863 0.00733727 0.0111648 0.0159797 0.0216802 0.0279568 0.0342728 0.0400063 0.0446881 0.0481542 0.0505141 0.0520118 0.0529058 0.0534196 0.0537351 0.0539908 0.05427 0.0545632 0.0547022 0.0542942 0.0527321 0.0493638 0.0438127 0.0362916 0.027674
 0.0046181 0.00756312 0.0115028 0.0164523 0.0223017 0.0287247 0.0351599 0.0409576 0.0456276 0.0489988 0.0511892 0.0524624 0.0531027 0.0533606 0.053441 0.053498 0.0536214 0.053801 0.0538653 0.0534192 0.0518576 0.0485324 0.0430689 0.0356728 0.027201
 0.00478432 0.00783714 0.0119221 0.0170535 0.0231125 0.0297517 0.0363756 0.0422965 0.0469949 0.0502875 0.0522975 0.0533049 0.0536174 0.0535131 0.0532263 0.0529393 0.0527639 0.052704 0.0525946 0.0520452 0.0504557 0.0471839 0.0418544 0.0346591 0.0264249
 0.0049731 0.00814628 0.0123917 0.0177232 0.0240142 0.0308985 0.0377489 0.0438397 0.0486181 0.0518813 0.0537479 0.0545055 0.0544778 0.0539655 0.0532314 0.0524886 0.0518803 0.0514392 0.0510253 0.0502691 0.0485885 0.0453533 0.0401868 0.0332579 0.0253481
 0.00518045 0.00848643 0.0129094 0.0184623 0.0250097 0.0321634 0.039261 0.0455366 0.0504056 0.0536502 0.0553888 0.0559164 0.0555665 0.0546519 0.0534515 0.0522014 0.0510741 0.0501379 0.0492929 0.0482113 0.04635 0.0431065 0.0381079 0.0314937 0.0239842
 0.00541908 0.00887445 0.0134937 0.0192869 0.0261081 0.0335461 0.0409023 0.0473691 0.0523287 0.0555483 0.0571489 0.0574378 0.0567626 0.0554488 0.0537856 0.0520205 0.0503435 0.0488516 0.0474881 0.0459811 0.0438484 0.0405362 0.0356888 0.0294162 0.022365
 0.00565495 0.00926261 0.0140865 0.0201359 0.0272537 0.0350015 0.0426374 0.0493058 0.0543535 0.0575352 0.0589798 0.0590131 0.0580018 0.0562861 0.0541655 0.0518942 0.0496703 0.047609 0.0456894 0.043698 0.0412257 0.0377866 0.0330585 0.027129 0.0205659
 0.00588434 0.00964028 0.014664 0.0209648 0.0283764 0.036436 0.0443609 0.0512477 0.0564042 0.0595661 0.0608641 0.0606398 0.059282 0.0571529 0.054569 0.0517945 0.0490337 0.0464115 0.0439338 0.0414389 0.0385923 0.0349855 0.0303438 0.024742 0.0186715
 0.00614238 0.0100581 0.0152899 0.021843 0.0295399 0.0378938 0.0460852 0.0531682 0.0584164 0.0615495 0.0627001 0.0622229 0.0605248 0.0579874 0.0549447 0.0516744 0.0483896 0.045225 0.0422074 0.0392193 0.0359957 0.0322062 0.0276296 0.0223371 0.0167493
 0.00639609 0.0104765 0.0159302 0.0227609 0.0307768 0.0394582 0.0479345 0.0552054 0.0605075 0.0635531 0.064493 0.0637105 0.06164 0.0586835 0.0551886 0.0514415 0.0476604 0.0439872 0.0404665 0.0370191 0.0334427 0.0294808 0.024966 0.0199704 0.0148507
 0.00659913 0.0108144 0.0164535 0.0235225 0.0318222 0.0408094 0.0495723 0.0570612 0.0624706 0.0654897 0.0662689 0.0652094 0.0627739 0.0593954 0.055448 0.0512345 0.0469808 0.0428334 0.03885 0.0349831 0.0310844 0.026963 0.0225014 0.017775 0.0130838
 0.0068342 0.0111944 0.0170214 0.0243176 0.0328732 0.0421238 0.0511245 0.0587874 0.0642747 0.0672594 0.0678912 0.0665815 0.0638107 0.0600345 0.0556514 0.0509858 0.0462796 0.04169 0.0372875 0.0330502 0.0288742 0.0246235 0.0202231 0.0157505 0.0114558
 0.00705987 0.0115667 0.0175913 0.0251339 0.0339711 0.0435066 0.0527483 0.0605583 0.0660671 0.0689444 0.0693604 0.067756 0.064638 0.0604814 0.0556984 0.0506246 0.0455118 0.0405281 0.0357583 0.0312053 0.0268031 0.0224607 0.018137 0.0139088 0.00998053
 0.00725794 0.0118932 0.0180912 0.0258517 0.0349425 0.0447438 0.0542242 0.0622002 0.0677643 0.0705685 0.0707881 0.0688877 0.0654073 0.060856 0.0556734 0.0502116 0.04473 0.0394007 0.0343175 0.0295024 0.0249208 0.0205189 0.0162815 0.0122822 0.00868422
 0.00744983 0.0122055 0.0185616 0.0265157 0.0358258 0.0458521 0.0555317 0.0636449 0.0692555 0.0720019 0.0720619 0.0699132 0.0661159 0.0612042 0.0556442 0.0498116 0.0439828 0.0383401 0.0329856 0.0279552 0.0232368 0.018804 0.01466 0.0108723 0.00756772
 0.00753288 0.0123457 0.0187827 0.0268441 0.0362867 0.0464624 0.0562921 0.0645353 0.0702369 0.0730213 0.0730576 0.070819 0.0668654 0.061736 0.0559085 0.0497765 0.0436373 0.0376945 0.0320706 0.0268217 0.0219584 0.0174761 0.0133906 0.0097621 0.00668572
 0.00757012 0.0124021 0.0188606 0.0269455 0.036416 0.0466301 0.0565158 0.0648372 0.0706361 0.0735251 0.0736548 0.0714776 0.0675348 0.0623531 0.0564057 0.0500909 0.04372 0.0375184 0.0316354 0.0261567 0.0211222 0.0165516 0.0124735 0.00894168 0.00602477
 0.0076576 0.0125322 0.0190337 0.0271535 0.0366443 0.0468618 0.056736 0.0650373 0.0708173 0.0737006 0.0738464 0.0717067 0.067811 0.0626648 0.0567186 0.0503533 0.0438738 0.0375128 0.0314394 0.0257686 0.0205735 0.0159033 0.0118039 0.00832758 0.00552232
 0.0077158 0.0126276 0.019178 0.0273559 0.036907 0.0471742 0.0570716 0.0653567 0.0710803 0.0738809 0.0739416 0.0717387 0.0678154 0.0626757 0.0567541 0.0504075 0.0439173 0.0375018 0.0313309 0.0255364 0.0202197 0.0154607 0.0113275 0.00787779 0.00514693
 0.00775185 0.0126803 0.0192467 0.0274375 0.0369983 0.047275 0.0571852 0.0654872 0.0712265 0.0740326 0.0740816 0.0718498 0.0678896 0.0627188 0.0567815 0.0504336 0.0439441 0.0375143 0.0313011 0.0254362 0.0200352 0.0152019 0.0110264 0.00757788 0.00488696
 0.007827 0.0127933 0.0193994 0.0276246 0.037208 0.0474906 0.057388 0.0656594 0.0713557 0.0741148 0.0741208 0.0718537 0.0678652 0.0626706 0.0567143 0.0503542 0.0438599 0.0374273 0.0312044 0.0253158 0.0198786 0.0150075 0.0108083 0.00736116 0.00469742
 0.00786623 0.0128565 0.019493 0.0277529 0.0373712 0.047682 0.0575919 0.0658529 0.0715141 0.07422 0.0741662 0.0718453 0.0678168 0.0625976 0.0566288 0.0502638 0.0437681 0.0373346 0.0311083 0.0252103 0.0197572 0.014868 0.010657 0.0072116 0.00456564
 0.00787281 0.0128657 0.0195045 0.0277663 0.0373868 0.0477022 0.0576214 0.0658965 0.0715742 0.0742929 0.074243 0.0719145 0.0678688 0.0626285 0.0566401 0.0502599 0.0437533 0.0373111 0.0310752 0.0251648 0.0196962 0.014791 0.0105681 0.00711998 0.00448216
 0.00787603 0.0128677 0.0195013 0.0277526 0.0373573 0.0476547 0.0575587 0.0658279 0.0715132 0.0742541 0.0742369 0.0719444 0.0679298 0.0627089 0.0567261 0.0503399 0.04382 0.0373611 0.0311069 0.0251773 0.0196888 0.0147647 0.0105269 0.00707097 0.00443379
 0.00787791 0.0128655 0.0194886 0.0277199 0.0372952 0.0475572 0.0574276 0.0656738 0.071354 0.0741117 0.0741328 0.0718949 0.0679426 0.0627813 0.0568453 0.0504868 0.0439742 0.0375052 0.0312292 0.025271 0.0197518 0.0147983 0.0105359 0.00706274 0.00441668
 0.00790398 0.0129042 0.0195396 0.0277795 0.0373558 0.0476077 0.0574548 0.0656648 0.0713007 0.0740152 0.0740052 0.0717578 0.0678205 0.0626949 0.0568063 0.0504956 0.0440212 0.0375749 0.0313049 0.025339 0.0198033 0.0148302 0.0105494 0.00706237 0.00440841
 0.00787515 0.0128583 0.0194723 0.0276881 0.03724 0.0474711 0.0573054 0.0655146 0.071163 0.0739007 0.0739209 0.0717073 0.0678063 0.0627199 0.0568725 0.0506021 0.0441616 0.037737 0.0314723 0.0254953 0.0199355 0.0149308 0.0106179 0.00710316 0.00442887
 0.00787092 0.0128466 0.0194459 0.0276374 0.0371562 0.0473499 0.0571509 0.0653398 0.070987 0.0737435 0.0737986 0.0716295 0.0677763 0.0627361 0.0569309 0.0506976 0.0442881 0.037886 0.0316323 0.0256525 0.0200763 0.0150456 0.0107022 0.00715866 0.00446118
 0.00787824 0.0128584 0.0194633 0.02766 0.0371809 0.0473699 0.0571551 0.065316 0.0709264 0.0736459 0.0736744 0.0714971 0.067656 0.0626446 0.0568781 0.0506864 0.0443162 0.0379472 0.0317175 0.0257503 0.0201743 0.0151328 0.0107715 0.00720759 0.0044918
 0.00783794 0.0127956 0.0193739 0.027543 0.0370391 0.0472107 0.056991 0.0651622 0.0707971 0.0735502 0.0736144 0.07147 0.0676587 0.062676 0.056939 0.0507771 0.0444344 0.0380872 0.0318703 0.0259049 0.0203194 0.0152584 0.0108711 0.0072795 0.00453867
 0.00781941 0.0127616 0.019316 0.0274515 0.0369062 0.0470353 0.0567823 0.0649402 0.0705882 0.0733796 0.0735 0.071419 0.067668 0.062736 0.0570382 0.0509055 0.044584 0.0382511 0.0320412 0.0260738 0.0204765 0.0153947 0.0109803 0.00735958 0.00459206
 0.00779285 0.0127166 0.0192449 0.0273459 0.0367587 0.0468423 0.0565476 0.0646771 0.0703188 0.0731322 0.0733033 0.0712966 0.0676331 0.0627887 0.0571667 0.0510903 0.0448041 0.0384874 0.032278 0.0262984 0.0206785 0.0155657 0.0111155 0.00745837 0.00465814
 0.0077627 0.0126674 0.0191703 0.02724 0.036617 0.0466632 0.0563347 0.0644401 0.070073 0.0728966 0.0730988 0.0711437 0.0675495 0.0627858 0.0572466 0.0512448 0.0450158 0.0387339 0.0325366 0.0265489 0.020905 0.0157575 0.0112668 0.00756892 0.00473227
 0.00772516 0.0126053 0.0190751 0.0271035 0.0364335 0.0464333 0.0560677 0.0641544 0.0697926 0.0726459 0.072898 0.0710072 0.0674863 0.0628004 0.0573394 0.0514105 0.0452426 0.0390038 0.0328269 0.0268362 0.0211685 0.015982 0.0114442 0.00769836 0.004819
 0.00932593 0.0148462 0.0217799 0.0298848 0.0388051 0.0479894 0.0566253 0.0637807 0.0687238 0.0711667 0.0712531 0.0693676 0.0659554 0.061434 0.0561632 0.0504325 0.0444591 0.038402 0.0323867 0.0265318 0.0209712 0.0158635 0.0113793 0.00766671 0.00480586
 0.00930937 0.0151141 0.0227024 0.0319208 0.0423023 0.0529139 0.0623902 0.069342 0.0729506 0.0732875 0.07111 0.0673585 0.0627595 0.0577216 0.0524298 0.0469712 0.0414098 0.0358131 0.0302587 0.0248404 0.019677 0.0149161 0.0107211 0.00723644 0.00454349
 0.00895325 0.0145558 0.0219225 0.0309721 0.0413628 0.0523217 0.0626029 0.0707733 0.075724 0.0770518 0.0750838 0.0706262 0.0646527 0.0580507 0.0514537 0.0451827 0.0393026 0.0337477 0.0284379 0.0233463 0.0185189 0.0140654 0.0101305 0.00685133 0.00430952
 0.0087874 0.0142731 0.0214739 0.0303073 0.0404499 0.0511822 0.0613545 0.0696577 0.0750847 0.0772389 0.0762966 0.0727679 0.0672992 0.060589 0.0533294 0.0461115 0.0393263 0.0331335 0.027516 0.0223856 0.0176804 0.0134136 0.00966753 0.00654789 0.00412576
 0.00872257 0.0141623 0.021296 0.0300361 0.0400563 0.0506403 0.0606538 0.0688216 0.0741922 0.0764402 0.0758041 0.0728009 0.0679875 0.0618785 0.0549594 0.0477 0.0405276 0.0337714 0.0276192 0.0221218 0.017252 0.0129788 0.00931233 0.00629706 0.00396809
 0.00869166 0.0141089 0.0212094 0.0299034 0.0398634 0.0503745 0.0603066 0.0683911 0.0736865 0.0758857 0.0752577 0.0723599 0.0677804 0.0620244 0.0555052 0.0485709 0.0415335 0.0346792 0.0282512 0.0224198 0.0172723 0.0128367 0.00911907 0.00612435 0.00384417
 0.00867401 0.0140809 0.021168 0.0298455 0.0397851 0.0502706 0.0601705 0.0682155 0.0734654 0.0756168 0.0749476 0.0720318 0.0674811 0.0618248 0.0554835 0.0487784 0.0419579 0.0352331 0.028802 0.022847 0.0175167 0.0129114 0.00908326 0.00604395 0.00376526
 0.00865884 0.0140592 0.0211408 0.0298154 0.039755 0.0502418 0.0601413 0.0681802 0.0734149 0.0755403 0.0748355 0.0718801 0.0672974 0.0616339 0.055328 0.0487096 0.0420152 0.0354208 0.0290785 0.0231396 0.0177545 0.0130555 0.00913626 0.006036 0.00373166
 0.00867328 0.0140756 0.0211527 0.029813 0.0397288 0.0501877 0.0600636 0.0680911 0.0733287 0.0754667 0.0747752 0.0718255 0.0672382 0.0615641 0.0552534 0.0486496 0.0419977 0.0354689 0.0291957 0.0233033 0.0179245 0.0131933 0.00922201 0.0060723 0.00373527
 0.00864624 0.0140402 0.0211147 0.0297819 0.0397135 0.0501906 0.0600777 0.068102 0.0733226 0.0754373 0.0747268 0.0717688 0.067183 0.0615149 0.0552103 0.0486142 0.0419771 0.0354748 0.0292378 0.0233807 0.0180227 0.0132899 0.00929764 0.0061187 0.00375584
 0.0086241 0.0140024 0.0210552 0.0296956 0.0395999 0.0500572 0.0599416 0.067986 0.0732463 0.0754089 0.0747402 0.0718089 0.0672342 0.0615673 0.0552602 0.0486618 0.042025 0.0355275 0.0293003 0.0234554 0.018106 0.0133725 0.00936809 0.00616953 0.00378618
 0.00863519 0.0140171 0.021071 0.0297075 0.0396008 0.0500399 0.059901 0.0679217 0.0731648 0.0753231 0.0746655 0.0717578 0.0672111 0.0615684 0.0552769 0.0486859 0.0420521 0.0355573 0.029335 0.023497 0.0181542 0.0134232 0.00941498 0.00620689 0.00381147
 0.00863374 0.0140196 0.0210834 0.0297373 0.039654 0.0501165 0.0599917 0.0680088 0.0732276 0.0753457 0.074643 0.0716973 0.0671283 0.0614806 0.0551976 0.0486217 0.0420041 0.0355241 0.0293153 0.0234901 0.018159 0.0134369 0.00943317 0.00622481 0.00382569
 0.00862789 0.0140106 0.0210711 0.0297229 0.0396406 0.0501098 0.059999 0.0680366 0.073277 0.0754098 0.0747072 0.0717446 0.0671466 0.0614674 0.05516 0.048572 0.0419543 0.0354822 0.0292852 0.0234724 0.0181525 0.0134393 0.00944117 0.00623486 0.00383486
 0.00861068 0.0139825 0.0210286 0.0296633 0.0395631 0.0500171 0.0598991 0.0679427 0.0732051 0.0753741 0.0747153 0.0717939 0.067225 0.0615574 0.055245 0.0486416 0.042006 0.0355197 0.0293139 0.0234972 0.0181758 0.0134615 0.00946146 0.00625197 0.00384791
 0.00861068 0.0139825 0.0210286 0.0296633 0.0395631 0.0500171 0.0598991 0.0679427 0.0732051 0.0753741 0.0747153 0.0717939 0.067225 0.0615574 0.055245 0.0486416 0.042006 0.0355197 0.0293139 0.0234972 0.0181758 0.0134615 0.00946146 0.00625197 0.00384791
 0.00853927 0.0138685 0.0208615 0.0294359 0.0392747 0.0496773 0.0595312 0.0675829 0.0728966 0.0751569 0.0746167 0.0718237 0.0673742 0.0618014 0.0555488 0.0489681 0.0423231 0.0358054 0.0295572 0.0236958 0.0183324 0.0135808 0.00954858 0.00631233 0.00388708
#pred catch len freq
 0.0044023 0.00696483 0.010158 0.0139045 0.0181589 0.0228877 0.027999 0.0333041 0.038551 0.0434869 0.0478997 0.0516393 0.0546292 0.0568655 0.0583949 0.059286 0.059609 0.0594133 0.0586813 0.0572534 0.0547784 0.0507868 0.0449364 0.0373309 0.0286787
 0.00468279 0.00733036 0.0105444 0.0142054 0.0182662 0.0227501 0.02766 0.0328893 0.0382054 0.0433005 0.0478683 0.0516809 0.0546413 0.0567863 0.0582376 0.0591324 0.0595657 0.0595527 0.058994 0.05764 0.0550907 0.0508982 0.0448028 0.0370045 0.0282702
 0.00494744 0.00775287 0.0111595 0.0150231 0.0192511 0.023802 0.028615 0.0335609 0.038461 0.0431284 0.0473849 0.0510646 0.0540383 0.056255 0.0577628 0.0586829 0.0591435 0.0591956 0.0587376 0.0574747 0.0549516 0.0506996 0.0444915 0.0365924 0.0278237
 0.00519574 0.00814501 0.0117304 0.0158035 0.0202668 0.025067 0.0301109 0.0352077 0.0400978 0.04453 0.0483249 0.0514005 0.0537693 0.0555103 0.0567288 0.0575236 0.0579641 0.0580524 0.0576611 0.0564777 0.0540262 0.0498237 0.0436513 0.0358031 0.0271281
 0.00544742 0.00853968 0.0122989 0.0165691 0.0212473 0.0262758 0.0315525 0.0368673 0.0419248 0.0464206 0.0501111 0.0528635 0.0546891 0.0557374 0.0562404 0.056427 0.0564452 0.0563054 0.0558404 0.0546847 0.0523208 0.0482438 0.0422305 0.0345794 0.0261377
 0.00577924 0.00904785 0.013007 0.0174822 0.0223585 0.0275739 0.0330253 0.0384969 0.0436799 0.0482485 0.0519279 0.0545457 0.056072 0.0566341 0.0564857 0.0559324 0.0552352 0.0545126 0.0536609 0.0523237 0.0499558 0.0460148 0.0402449 0.0329155 0.0248396
 0.00619044 0.00968082 0.013894 0.0186314 0.0237565 0.0291905 0.0348144 0.0403958 0.0456139 0.0501393 0.0537006 0.0561263 0.0573769 0.0575586 0.0569046 0.055721 0.0543105 0.0528749 0.0514131 0.0496559 0.0471056 0.043222 0.0377159 0.0307984 0.0232087
 0.00660009 0.0103201 0.0148073 0.0198447 0.0252765 0.031003 0.0368768 0.0426305 0.04791 0.0523657 0.0557259 0.0578367 0.0586851 0.0584001 0.0572226 0.0554539 0.0533946 0.0512717 0.0491488 0.0468519 0.0439777 0.0400459 0.0347691 0.0283009 0.0212803
 0.00695435 0.0108755 0.0156065 0.020918 0.0266427 0.0326679 0.0388255 0.0448158 0.0502452 0.0547265 0.0579623 0.0597927 0.0602215 0.0594116 0.0576424 0.0552428 0.0525273 0.0497348 0.046961 0.0440986 0.0408366 0.0367788 0.0316733 0.0256356 0.0192028
 0.00731722 0.0114379 0.0164031 0.0219671 0.0279497 0.0342289 0.0406251 0.0468196 0.0523919 0.0569258 0.0600975 0.0617285 0.0618174 0.0605392 0.0582 0.0551631 0.0517757 0.0483055 0.0448825 0.0414535 0.0377859 0.0335654 0.0285873 0.0229461 0.0170861
 0.00765116 0.01196 0.0171509 0.0229645 0.029206 0.0357385 0.0423624 0.0487339 0.0544085 0.0589525 0.0620332 0.0634689 0.0632584 0.0615808 0.0587512 0.0551485 0.051142 0.0470289 0.0429793 0.0389973 0.0349247 0.0305251 0.0256424 0.0203578 0.0150333
 0.00785173 0.0122862 0.0176431 0.0236626 0.0301453 0.0369402 0.0438223 0.0504135 0.0562348 0.0608267 0.0638435 0.065104 0.0646181 0.0625805 0.0593218 0.0552322 0.0506911 0.0460116 0.041395 0.0368974 0.0324326 0.0278399 0.0230125 0.018025 0.0131686
 0.00811642 0.0126907 0.0182057 0.024388 0.0310316 0.0379866 0.0450302 0.0517778 0.0577301 0.0623966 0.0654004 0.0665404 0.0658248 0.0634643 0.0598135 0.055285 0.0502741 0.0451066 0.0400039 0.0350603 0.0302495 0.0254786 0.0206884 0.0159528 0.0115037
 0.00852219 0.0133033 0.0190402 0.0254283 0.032237 0.0393046 0.0464053 0.0531554 0.0590592 0.0636332 0.0665071 0.0674811 0.0665581 0.0639421 0.0599863 0.0551097 0.0497196 0.0441567 0.0386621 0.033362 0.0282778 0.0233721 0.0186275 0.0141189 0.0100301
 0.00882743 0.0137832 0.0197316 0.0263531 0.0333975 0.0406763 0.0479295 0.0547383 0.0605855 0.0649894 0.0676051 0.0682705 0.0670244 0.0640939 0.0598394 0.0546747 0.0489973 0.0431431 0.0373602 0.031798 0.0265167 0.0215249 0.0168395 0.0125374 0.0087629
 0.00896893 0.0140173 0.0200924 0.0268772 0.0341192 0.0416181 0.0490889 0.0560762 0.0620223 0.0664126 0.0688867 0.069292 0.0677015 0.0643907 0.0597655 0.0542677 0.0483013 0.0421944 0.0361871 0.0304334 0.0250152 0.0199737 0.0153519 0.0112287 0.00771713
 0.00926991 0.014465 0.0206905 0.0276069 0.034951 0.042529 0.0500711 0.0571302 0.0631383 0.0675516 0.0699731 0.0702232 0.0683709 0.0647152 0.0597054 0.0538317 0.0475356 0.0411634 0.0349572 0.0290676 0.02358 0.0185474 0.0140241 0.010085 0.00681665
 0.00959835 0.0149582 0.0213563 0.0284241 0.0358747 0.0435011 0.0510307 0.0580229 0.0639259 0.0682186 0.0705234 0.0706636 0.0686918 0.0648821 0.0596685 0.0535475 0.0469864 0.0403655 0.0339555 0.0279257 0.0223719 0.0173528 0.0129231 0.00914676 0.00608457
 0.00973476 0.0151867 0.0217119 0.0289414 0.036578 0.0443892 0.0520632 0.0591185 0.0649775 0.0691213 0.0712009 0.0710832 0.0688616 0.0648338 0.0594349 0.053147 0.0464234 0.039642 0.0330863 0.0269469 0.0213401 0.0163377 0.0119952 0.00836418 0.00548042
 0.00974022 0.0151968 0.0217314 0.0289812 0.0366594 0.0445467 0.0523409 0.0595555 0.0655862 0.069868 0.0720047 0.0718369 0.0694655 0.0652244 0.0595935 0.0530886 0.0461761 0.039233 0.0325403 0.026293 0.0206197 0.0156052 0.0113103 0.00777824 0.00502457
 0.00973801 0.0151935 0.021727 0.0289759 0.0366542 0.0445448 0.0523511 0.0595964 0.0656871 0.0700639 0.0723212 0.072271 0.069975 0.0657347 0.0600211 0.0533677 0.0462739 0.0391487 0.0322948 0.0259195 0.0201601 0.0151083 0.0108275 0.0073548 0.00468969
 0.00975216 0.0152108 0.0217427 0.0289833 0.036647 0.0445221 0.0523196 0.0595701 0.0656838 0.0701011 0.0724142 0.0724317 0.0702071 0.0660262 0.0603388 0.0536608 0.0464879 0.0392424 0.0322512 0.0257478 0.01989 0.0147824 0.0104921 0.00705057 0.00444412
 0.00962697 0.0150236 0.0214913 0.0286753 0.0362971 0.0441472 0.0519374 0.0592018 0.0653585 0.0698567 0.0722917 0.0724648 0.0704115 0.0663925 0.0608317 0.0542238 0.0470523 0.0397403 0.0326298 0.0259804 0.0199792 0.0147558 0.0103916 0.00692003 0.00431861
 0.00958594 0.0149598 0.0214006 0.0285565 0.036152 0.0439812 0.0517594 0.0590225 0.0651885 0.069705 0.0721674 0.0723808 0.0703863 0.0664464 0.0609776 0.0544578 0.0473492 0.0400574 0.0329181 0.0261986 0.0201056 0.0147923 0.0103597 0.00685066 0.00424067
 0.00952157 0.0148572 0.0212503 0.0283513 0.0358893 0.0436657 0.051406 0.0586577 0.064847 0.0694229 0.0719744 0.0722949 0.0704126 0.0665799 0.0612074 0.0547683 0.0477185 0.0404548 0.0333054 0.0265367 0.020365 0.0149611 0.0104457 0.00687559 0.00423081
 0.00941717 0.0146991 0.0210338 0.0280788 0.0355686 0.043307 0.0510214 0.0582635 0.0644663 0.0690863 0.0717167 0.0721479 0.0703976 0.0667021 0.0614552 0.0551175 0.0481373 0.0409076 0.0337549 0.0269467 0.0207057 0.0152154 0.0106125 0.00696875 0.00427227
 0.00928293 0.0144967 0.0207585 0.0277366 0.0351736 0.042878 0.0505791 0.0578305 0.0640669 0.068746 0.0714605 0.0719987 0.0703734 0.0668127 0.0616986 0.0554772 0.0485844 0.0414042 0.0342594 0.0274192 0.0211133 0.0155369 0.0108423 0.00711553 0.00435475
 0.00923639 0.0144197 0.0206403 0.0275669 0.0349454 0.042591 0.0502439 0.0574686 0.0637071 0.0684176 0.0711885 0.0718023 0.0702665 0.0668053 0.0617957 0.0556774 0.0488761 0.0417651 0.0346576 0.027818 0.0214776 0.0158404 0.0110715 0.00727147 0.00444948
 0.00921012 0.014376 0.0205724 0.0274667 0.0348038 0.0423998 0.0499986 0.0571722 0.0633737 0.0680731 0.0708675 0.0715403 0.0700928 0.066737 0.0618375 0.0558236 0.0491136 0.0420739 0.0350113 0.0281851 0.0218255 0.0161411 0.011308 0.00743963 0.00455702
 0.00924658 0.0144246 0.0206253 0.0275094 0.0348177 0.0423671 0.049907 0.0570173 0.0631589 0.0678097 0.0705748 0.0712456 0.0698282 0.0665343 0.0617214 0.0558072 0.0491963 0.0422433 0.0352452 0.0284552 0.0221007 0.0163932 0.0115161 0.00759446 0.00466043
 0.00922553 0.0143999 0.0206054 0.0275061 0.0348413 0.0424189 0.0499739 0.0570738 0.0631754 0.0677638 0.0704591 0.0710695 0.0696147 0.0663145 0.0615285 0.0556701 0.0491348 0.042264 0.0353411 0.0286072 0.0222826 0.0165773 0.0116794 0.00772298 0.00475046
 0.00913354 0.0142653 0.0204309 0.0273059 0.0346385 0.0422409 0.0498468 0.0570158 0.0631905 0.0678379 0.0705626 0.0711671 0.0696788 0.0663349 0.0615141 0.0556435 0.0491226 0.0422878 0.0354115 0.0287215 0.0224265 0.0167301 0.0118207 0.00783835 0.00483402
