SBPRF35
12.7214
Curr Bio
882741
B35
895930
F35
0.172885
FOFL
0.172885
OFL
126683
Bzero
3.63469e+006
#pred survey bio
 3.5361e+006 3.39988e+006 3.27768e+006 3.09859e+006 2.89041e+006 2.67782e+006 2.44233e+006 2.22075e+006 1.99136e+006 1.77962e+006 1.55968e+006 1.37699e+006 1.20485e+006 1.05195e+006 964283 848266 768234 699157 660632 632055 604134 567009 556873 537006 521016 512979 516392 523776 530397 529480 535439 541666 544899 555585 570402 594646 611656 615459 626348 642283 648201 655973 665560 673905 676490 684645 685522 692494 701140 697339 703714 732361 766007 806365 833139 847420 872376 888353 2.08412e+007 1.9307e+007 1.97878e+007 2.06369e+007 2.17082e+007 2.28391e+007 2.39132e+007 2.48649e+007 2.56688e+007 2.63254e+007 2.68494e+007 2.72606e+007 2.758e+007 2.78264e+007 2.80157e+007 2.81612e+007 2.82729e+007 2.8359e+007 2.84254e+007 2.8477e+007 2.85172e+007 2.85486e+007 2.85732e+007 2.85927e+007 2.86081e+007 2.86204e+007 2.86301e+007 2.86379e+007 2.86442e+007 2.86492e+007 2.86532e+007 2.86565e+007 2.86592e+007 2.86613e+007 2.86631e+007 2.86645e+007 2.86657e+007 2.86666e+007 2.86674e+007 2.8668e+007 2.86685e+007 2.86689e+007 2.86693e+007 2.86695e+007 2.86698e+007 2.867e+007 2.86701e+007 2.86702e+007 2.86703e+007 2.86704e+007 2.86705e+007 2.86705e+007 2.86706e+007 2.86706e+007 2.86707e+007 2.86707e+007 2.86707e+007 2.86707e+007 2.86707e+007 2.86708e+007 2.86708e+007 2.86708e+007 2.86708e+007 2.86708e+007 2.86708e+007 2.86708e+007 2.86708e+007 2.86708e+007 2.86708e+007 2.86708e+007 2.86708e+007 2.86708e+007 2.86708e+007 2.86708e+007 2.86708e+007 2.86708e+007 2.86708e+007 2.86708e+007 2.86708e+007 2.86708e+007 2.86708e+007 2.86708e+007 2.86708e+007 2.86708e+007 2.86708e+007 2.86708e+007 2.86708e+007 2.86708e+007 2.86708e+007 2.86708e+007 2.86708e+007 2.86708e+007 2.86708e+007 2.86708e+007 2.86708e+007 2.86708e+007 2.86708e+007 2.86708e+007 2.86708e+007 2.86708e+007 0 0 0 0 0 0 0 0 0 0 0 0 0 0 0 0 0 0 0 0 0 0 0 0 0
#obs survey bio
 3.37977e+006 2.49818e+006 3.08481e+006 4.5905e+006 1.90577e+006 2.34165e+006 2.33631e+006 1.80092e+006 1.84323e+006 2.04186e+006 1.02302e+006 1.23461e+006 977937 950926 669337 790477 769040 652194 730845 585972 454597 592610 470840 425333 456871 525875 402704 613241 586559 517047 736695 514922 452215 629214 610394 614973 764740 596241 754924 612266 684351 418580 877538 692688 814587 599212 607871 737957 785572 869850 538500 684598 772733 786577 946241 1.07674e+006 712911 1.02765e+006
#pred catch bio
 105313 101978 166388 206897 226751 264845 269829 293953 293084 312819 288891 285651 271187 215464 238697 202720 188029 157382 145794 142431 146868 121583 128157 122278 113265 102602 99146.4 99316.9 104301 97108.7 96344.4 98822.1 93249.4 91541.4 86085 94265.9 106048 100497 97501 106887 105545 104451 105626 109722 104500 111315 107157 106872 117774 109582 93196.3 92414.5 89632.9 103545 115772 108771 119247 119679 126683 128263 130460 135019 141409 148279 154751 160386 165030 168710 171540 173668 175240 176385 177210 177800 178218 178513 178721 178866 178967 179037 179086 179120 179144 179160 179171 179179 179184 179188 179190 179192 179193 179194 179195 179195 179195 179196 179196 179196 179196 179196 179196 179196 179196 179196 179196 179196 179196 179196 179196 179196 179196 179196 179196 179196 179196 179196 179196 179196 179196 179196 179196 179196 179196 179196 179196 179196 179196 179196 179196 179196 179196 179196 179196 179196 179196 179196 179196 179196 179196 179196 179196 179196 179196 179196 179196 179196 179196 179196 179196 179196 179196 179196 179196 179196 179196 179196 179196 179196 0 0 0 0 0 0 0 0 0 0 0 0 0 0 0 0 0 0 0 0 0 0 0 0 0
#obs catch bio
 0 101581 166613 206542 226413 264814 268876 294511 293073 313185 291258 289096 275605 218371 243809 205606 189714 158152 146347 142533 148352 122244 129608 124115 114582 103273 100224 99807 104672 97123.5 95758.9 98586 93158.4 91557 86208.6 94456.8 105836 100595 97307.1 107173 105468 104554 105473 109696 103256 110750 107003 106831 117439 109091 92931.5 92514.7 89576.8 103476 116059 108648 119506 119662
#pred cpue bio
 3.49337e+006 3.35833e+006 3.23621e+006 3.05723e+006 2.84958e+006 2.63724e+006 2.40211e+006 2.18073e+006 1.9518e+006 1.74067e+006 1.5217e+006 1.33986e+006 1.16899e+006 1.01753e+006 930639 816551 738233 670880 633396 605648 578376 542080 532219 512952 497609 490101 493615 501047 507907 507413 513542 519753 522840 533146 547458 571089 587879 591668 602264 617824 623684 631368 640815 649224 652122 660124 660635 667207 675716 672051 678084 705861 738877 778698 804990 818746 842848 858177 2.01396e+007 1.86643e+007 1.90556e+007 1.98121e+007 2.08559e+007 2.19813e+007 2.30545e+007 2.4006e+007 2.48099e+007 2.54666e+007 2.59905e+007 2.64018e+007 2.67211e+007 2.69675e+007 2.71569e+007 2.73023e+007 2.7414e+007 2.75001e+007 2.75666e+007 2.76181e+007 2.76583e+007 2.76897e+007 2.77144e+007 2.77338e+007 2.77492e+007 2.77615e+007 2.77712e+007 2.7779e+007 2.77853e+007 2.77903e+007 2.77944e+007 2.77976e+007 2.78003e+007 2.78025e+007 2.78042e+007 2.78056e+007 2.78068e+007 2.78077e+007 2.78085e+007 2.78091e+007 2.78096e+007 2.78101e+007 2.78104e+007 2.78107e+007 2.78109e+007 2.78111e+007 2.78112e+007 2.78114e+007 2.78115e+007 2.78116e+007 2.78116e+007 2.78117e+007 2.78117e+007 2.78118e+007 2.78118e+007 2.78118e+007 2.78118e+007 2.78119e+007 2.78119e+007 2.78119e+007 2.78119e+007 2.78119e+007 2.78119e+007 2.78119e+007 2.78119e+007 2.78119e+007 2.78119e+007 2.78119e+007 2.78119e+007 2.78119e+007 2.78119e+007 2.78119e+007 2.78119e+007 2.78119e+007 2.78119e+007 2.78119e+007 2.78119e+007 2.78119e+007 2.78119e+007 2.78119e+007 2.78119e+007 2.78119e+007 2.78119e+007 2.78119e+007 2.78119e+007 2.78119e+007 2.78119e+007 2.78119e+007 2.78119e+007 2.78119e+007 2.78119e+007 2.78119e+007 2.78119e+007 2.78119e+007 2.78119e+007 2.78119e+007 2.78119e+007 2.78119e+007 2.78119e+007 2.78119e+007 0 0 0 0 0 0 0 0 0 0 0 0 0 0 0 0 0 0 0 0 0 0 0 0 0
#obs cpue bio
 2.59789e+006 4.78154e+006 4.27645e+006 3.0342e+006 3.03614e+006 3.00557e+006 3.19672e+006 1.65174e+006 2.2529e+006 1.55459e+006 1.1732e+006 1.13818e+006 1.04012e+006 756491 1.05435e+006 824506 888699 709440 570530 742632 485572 461359 470076 420193 542459 515141 409391 566026 523716 578034 620831 468482 546239 453935 396619 560135 734651 438270 602247 506841 725599 844980 601244 626032 1.43365e+006 520480 540438 558142 888163 641961 711342 580095 740129 947861 572672 714748 875239 856075
#pred surv len freq
 0.00422662 0.00692971 0.0105578 0.01514 0.0205999 0.0266707 0.032872 0.0386315 0.0434986 0.0472844 0.0500406 0.051941 0.0531768 0.0539111 0.0542732 0.054372 0.0543144 0.0542022 0.0540678 0.0537487 0.0527756 0.050422 0.0460061 0.0393371 0.0310003
 0.00450722 0.00731267 0.0110015 0.0155675 0.020929 0.0268571 0.0329353 0.0386433 0.0435355 0.0473787 0.0501638 0.0520308 0.0531876 0.0538525 0.0542127 0.0543998 0.0544897 0.0545064 0.0543916 0.0539239 0.0526454 0.0499178 0.0451861 0.0383624 0.0300617
 0.00455807 0.00744978 0.0113026 0.0161229 0.0218008 0.0280257 0.03427 0.0399295 0.0445583 0.0480121 0.0504064 0.0519696 0.0529286 0.0534739 0.0537645 0.0539272 0.0540423 0.0541167 0.0540404 0.0535296 0.0520981 0.0491439 0.0442033 0.0372832 0.0290426
 0.00471433 0.00768292 0.0116197 0.0165306 0.0223197 0.0287033 0.0351716 0.0410999 0.0459666 0.0495198 0.0517931 0.0530126 0.0534894 0.0535365 0.0534114 0.0532844 0.0532313 0.0532273 0.0531173 0.0525679 0.0510597 0.0479974 0.0429689 0.0360472 0.0279271
 0.00493701 0.00804145 0.0121511 0.0172628 0.0232623 0.0298383 0.0364508 0.0424573 0.0473412 0.0508694 0.0530797 0.0541693 0.0544021 0.0540697 0.0534637 0.0528352 0.0523451 0.052018 0.0516997 0.0510256 0.0494417 0.0463428 0.0413369 0.03453 0.0266287
 0.00515679 0.00840066 0.0126955 0.0180362 0.0242987 0.0311471 0.0380014 0.0441721 0.0491062 0.0525599 0.0545887 0.0554223 0.0553502 0.0546671 0.053653 0.0525568 0.0515674 0.0507645 0.0500504 0.0490946 0.0473527 0.0442186 0.0393025 0.0327098 0.0251272
 0.00544368 0.00885977 0.0133734 0.0189728 0.0255217 0.0326627 0.039782 0.0461481 0.05117 0.0545799 0.056428 0.0569577 0.0564868 0.0553436 0.0538353 0.052224 0.0507054 0.0493755 0.0481731 0.04682 0.0448235 0.0416148 0.0368177 0.0305207 0.0233598
 0.00569011 0.00926814 0.0140022 0.0198808 0.0267561 0.0342398 0.0416691 0.0482586 0.0533776 0.0567442 0.0584159 0.0586529 0.0577918 0.0561805 0.0541473 0.0519753 0.0498791 0.0479741 0.0462286 0.0444115 0.0420923 0.0387615 0.0340749 0.0281052 0.0214224
 0.00595604 0.0097022 0.0146595 0.0208159 0.0280148 0.0358454 0.0436045 0.0504554 0.0557192 0.059082 0.0605924 0.0605226 0.059236 0.0571137 0.054514 0.051743 0.0490321 0.0465142 0.0441857 0.0418626 0.0391805 0.0356993 0.0311177 0.025497 0.0193345
 0.0062336 0.010151 0.0153308 0.0217572 0.0292624 0.0374126 0.0454682 0.0525493 0.0579401 0.0613054 0.0626876 0.0623628 0.0607059 0.0581158 0.0549738 0.0516105 0.0482799 0.0451372 0.0422088 0.0393586 0.0362895 0.0326345 0.0281407 0.0228619 0.017222
 0.00655207 0.0106728 0.0161231 0.0228839 0.0307701 0.0393093 0.0477026 0.0550052 0.0604555 0.0637065 0.0648198 0.0641076 0.0619808 0.0588673 0.0551679 0.0512251 0.0473014 0.0435642 0.0400645 0.0367111 0.0332742 0.0294613 0.0250706 0.0201507 0.0150526
 0.00678411 0.0110596 0.0167236 0.0237608 0.0319793 0.0408813 0.0496216 0.0571978 0.0627951 0.0660334 0.0669665 0.0659224 0.063346 0.0597069 0.0554444 0.0509272 0.0464314 0.042133 0.0380994 0.0342761 0.0304928 0.0265265 0.0222243 0.0176322 0.0130345
 0.00705017 0.0114914 0.0173727 0.024676 0.0331992 0.0424217 0.0514601 0.0592652 0.06498 0.0681975 0.0689636 0.0676143 0.0646165 0.060472 0.0556571 0.050574 0.0455234 0.0406968 0.0361774 0.031939 0.027859 0.0237722 0.0195684 0.0152904 0.011162
 0.0073408 0.0119607 0.0180728 0.0256527 0.0344829 0.044013 0.0533158 0.0612935 0.0670534 0.0701767 0.0707197 0.0690413 0.0656341 0.0610249 0.0557133 0.0501233 0.0445745 0.0392756 0.034329 0.0297359 0.0254144 0.0212462 0.0171538 0.0131745 0.0094772
 0.00732742 0.0119659 0.0181315 0.0258168 0.0348121 0.0445589 0.0541051 0.0623197 0.0682776 0.0715342 0.0721273 0.070404 0.0668527 0.0620041 0.0563696 0.0503915 0.0444128 0.0386694 0.033295 0.0283283 0.0237306 0.0194265 0.0153658 0.0115802 0.00819318
 0.00745516 0.0121837 0.0184788 0.0263376 0.0355476 0.0455328 0.0553083 0.0637015 0.0697488 0.0729821 0.0734361 0.0714751 0.0676183 0.0624304 0.0564493 0.0501308 0.043821 0.0377574 0.0320826 0.0268575 0.0220777 0.0177051 0.0137138 0.0101303 0.00703834
 0.00754881 0.0123232 0.0186665 0.0265717 0.0358285 0.0458711 0.0557283 0.0642341 0.0704169 0.073783 0.0743314 0.0723926 0.0684668 0.0631196 0.0569072 0.0503118 0.0437044 0.037342 0.0313837 0.0259103 0.0209448 0.0164792 0.0125078 0.00905429 0.00617197
 0.00772582 0.0125955 0.0190464 0.0270579 0.0364042 0.0465042 0.0563737 0.0648424 0.070949 0.0742244 0.0746944 0.0727029 0.0687414 0.0633507 0.0570611 0.0503408 0.0435632 0.0370003 0.0308331 0.0251679 0.0200557 0.015515 0.0115574 0.00820509 0.00548734
 0.00779955 0.0127072 0.0191992 0.0272494 0.0366267 0.0467469 0.0566233 0.0650847 0.0711712 0.0744197 0.0748663 0.0728654 0.0689131 0.0635439 0.0572696 0.0505346 0.0436939 0.0370146 0.0306901 0.0248527 0.0195863 0.014941 0.0109493 0.00763644 0.00501506
 0.00792862 0.0128963 0.0194454 0.0275357 0.0369272 0.0470333 0.0568721 0.0652795 0.0713043 0.0744919 0.0748868 0.0728508 0.068884 0.0635206 0.0572661 0.0505515 0.043714 0.0370048 0.0306111 0.0246742 0.0193006 0.0145694 0.0105371 0.00723808 0.00467643
 0.00797484 0.0129895 0.0196172 0.0278224 0.0373545 0.0475975 0.0575251 0.0659344 0.0718604 0.0748692 0.0750491 0.0728089 0.0686823 0.0632179 0.0569193 0.050205 0.0433927 0.0367122 0.0303328 0.0243878 0.0189895 0.0142333 0.0101947 0.00691947 0.00440992
 0.00813871 0.0132421 0.0199725 0.0282869 0.0379292 0.0482788 0.0583003 0.0667708 0.0726958 0.0756116 0.0755943 0.0730698 0.0686188 0.0628507 0.0563207 0.0494729 0.0426211 0.0359711 0.0296599 0.0237935 0.0184682 0.0137772 0.00980188 0.00659462 0.00415857
 0.0080964 0.0131775 0.0198836 0.0281753 0.0378019 0.0481493 0.0581911 0.0667143 0.0727305 0.0757709 0.0758891 0.0734746 0.0690703 0.0632648 0.0566224 0.0496219 0.0426205 0.0358553 0.0294743 0.0235764 0.0182442 0.0135599 0.00960076 0.00641881 0.00401623
 0.00805721 0.0131329 0.0198511 0.0281821 0.0378758 0.0483056 0.0584229 0.0669924 0.0730147 0.0760268 0.0760995 0.0736405 0.0692007 0.0633634 0.0566788 0.0496154 0.0425332 0.0356853 0.029239 0.0233057 0.0179692 0.0133048 0.00938048 0.00624067 0.00388192
 0.00806127 0.0131262 0.0198183 0.0281049 0.0377431 0.0481265 0.0582331 0.0668465 0.0729645 0.0760976 0.0762799 0.0738913 0.0694751 0.0636238 0.0569018 0.0497868 0.0426419 0.0357231 0.0292056 0.023212 0.017836 0.0131562 0.00923795 0.0061188 0.00378768
 0.00814936 0.0132422 0.0199418 0.0281986 0.0377609 0.0480294 0.0580047 0.0665038 0.0725584 0.0757031 0.075977 0.0737402 0.0694974 0.0637981 0.0571768 0.0501014 0.0429428 0.0359726 0.0293833 0.0233131 0.0178692 0.0131396 0.009193 0.00606485 0.00373827
 0.0080679 0.0131273 0.0198002 0.0280436 0.0376046 0.0478708 0.0578253 0.066275 0.0722608 0.0753467 0.0756095 0.0734359 0.0693313 0.0638182 0.0573865 0.050461 0.0433856 0.0364271 0.0297911 0.0236388 0.0181008 0.0132842 0.0092692 0.0060953 0.00374339
 0.00791603 0.0128904 0.0194636 0.0276045 0.0370761 0.047286 0.0572371 0.0657469 0.0718479 0.0750775 0.0754814 0.0734291 0.0694297 0.0640207 0.0577015 0.050889 0.0439048 0.0369923 0.0303453 0.02413 0.0184951 0.0135709 0.00945738 0.006206 0.00380102
 0.00780676 0.0127107 0.0191901 0.0272158 0.0365598 0.0466486 0.0565134 0.0650016 0.0711654 0.0745412 0.075152 0.0733308 0.0695498 0.0643215 0.0581381 0.0514221 0.0445018 0.0376208 0.0309671 0.0247029 0.0189823 0.0139503 0.00972654 0.00637915 0.00390156
 0.007805 0.0127002 0.0191594 0.0271478 0.0364336 0.0464445 0.0562185 0.0646164 0.0707085 0.0740512 0.074684 0.0729461 0.0693007 0.0642383 0.0582234 0.0516547 0.0448473 0.03804 0.03142 0.02515 0.0193873 0.0142858 0.00997923 0.00655126 0.00400709
 0.00784497 0.0127439 0.0191858 0.027124 0.0363229 0.0462196 0.0558733 0.0641694 0.0701973 0.0735235 0.0741894 0.072532 0.0690088 0.0641001 0.058254 0.0518492 0.0451805 0.0384717 0.0319028 0.0256363 0.0198355 0.0146649 0.0102728 0.00675823 0.00413919
 0.00789362 0.0128188 0.0192891 0.0272511 0.0364586 0.0463355 0.0559288 0.0641202 0.0700115 0.0731972 0.0737538 0.0720453 0.0685402 0.0637124 0.0579932 0.0517396 0.0452241 0.0386499 0.0321804 0.0259686 0.0201763 0.0149753 0.0105269 0.00694574 0.00426382
 0.00795791 0.0129194 0.019433 0.0274413 0.0366927 0.0466028 0.0562072 0.0643745 0.0701962 0.0732654 0.073671 0.0718029 0.0681625 0.0632538 0.057524 0.0513286 0.0449224 0.0384825 0.0321447 0.0260397 0.0203159 0.0151421 0.0106863 0.00707605 0.004357
 0.00799015 0.0129631 0.0194829 0.0274879 0.0367257 0.0466166 0.0562046 0.0643654 0.0701919 0.0732705 0.0736778 0.0717923 0.0681118 0.0631483 0.0573678 0.0511465 0.0447533 0.0383647 0.0321028 0.0260772 0.0204162 0.0152765 0.0108246 0.00719532 0.00444604
 0.00793819 0.01289 0.0193935 0.0273927 0.0366367 0.0465408 0.0561414 0.0643086 0.0701367 0.0732202 0.073643 0.0717844 0.0681334 0.0631895 0.0574107 0.0511759 0.0447666 0.0383738 0.0321272 0.0261323 0.0205053 0.0153891 0.0109424 0.00730034 0.00452721
 0.00774246 0.0125916 0.0189823 0.0268753 0.0360371 0.0459005 0.0555161 0.063763 0.0697311 0.0729958 0.0736131 0.0719355 0.0684343 0.0635995 0.0578855 0.0516719 0.0452462 0.0388119 0.0325136 0.0264685 0.0207967 0.0156385 0.0111482 0.00746005 0.0046412
 0.00769532 0.0125008 0.0188206 0.0266108 0.0356447 0.0453769 0.054893 0.0631063 0.0691262 0.0725226 0.0733265 0.0718565 0.0685524 0.0638822 0.0582881 0.0521463 0.0457467 0.0393003 0.0329625 0.0268624 0.0211299 0.0159113 0.0113633 0.00762093 0.00475348
 0.00773755 0.012571 0.0189271 0.0267576 0.0358243 0.0455633 0.0550401 0.0631581 0.0690379 0.0722839 0.0729705 0.0714495 0.0681701 0.0635852 0.0581087 0.0520874 0.0457899 0.0394158 0.0331185 0.0270317 0.0212931 0.0160566 0.0114844 0.0077155 0.00482203
 0.00772744 0.0125524 0.0188957 0.0267097 0.0357594 0.0454862 0.054961 0.0630868 0.0689762 0.0722201 0.0728848 0.0713273 0.0680161 0.0634266 0.0579849 0.0520331 0.0458215 0.0395275 0.033288 0.0272295 0.0214916 0.0162352 0.0116315 0.00782717 0.00490015
 0.00760994 0.0123787 0.0186664 0.0264363 0.0354608 0.0451833 0.054673 0.0628319 0.0687723 0.0720836 0.0728252 0.0713422 0.0680904 0.06354 0.0581227 0.0521923 0.0460081 0.0397471 0.0335373 0.0274941 0.02175 0.0164664 0.0118209 0.00796929 0.00499777
 0.00759743 0.0123511 0.0186123 0.0263427 0.0353187 0.0449954 0.0544578 0.0626202 0.0685961 0.0719637 0.0727654 0.0713327 0.0681165 0.0635885 0.0581848 0.0522649 0.0460933 0.0398506 0.0336635 0.0276414 0.0219089 0.016622 0.0119581 0.0080783 0.00507574
 0.00757691 0.0123184 0.0185637 0.0262738 0.0352239 0.0448682 0.0542929 0.0624188 0.0683705 0.0717389 0.0725743 0.0712051 0.0680683 0.0636179 0.0582761 0.052397 0.0462481 0.0400166 0.0338352 0.0278154 0.0220798 0.0167813 0.0120963 0.00818801 0.00515472
 0.00744605 0.0121277 0.0183176 0.0259905 0.03493 0.0445893 0.0540469 0.0622135 0.0682064 0.0716141 0.0724891 0.0711652 0.0680838 0.063698 0.0584229 0.0526019 0.0464935 0.0402816 0.0341012 0.0280686 0.0223104 0.016982 0.0122614 0.00831459 0.00524399
 0.00732597 0.0119346 0.0180324 0.0256011 0.0344384 0.0440202 0.0534522 0.0616654 0.0677777 0.0713541 0.0724097 0.0712448 0.0682841 0.0639816 0.0587626 0.0529798 0.0468951 0.0406911 0.0345007 0.0284401 0.0226393 0.017258 0.0124799 0.00847634 0.00535482
 0.00746947 0.0121221 0.0182298 0.0257478 0.0344632 0.043868 0.0531072 0.0611599 0.0671831 0.0707607 0.0719032 0.070887 0.0681016 0.0639666 0.0588839 0.0531981 0.0471746 0.0410036 0.0348235 0.0287538 0.0229265 0.0175053 0.0126788 0.00862492 0.00545715
 0.00757188 0.0122885 0.0184768 0.0260821 0.03487 0.0442988 0.0534765 0.0613627 0.0671323 0.0704283 0.0713391 0.0702028 0.0674289 0.0634134 0.058509 0.0530095 0.0471452 0.0410903 0.0349827 0.0289484 0.0231275 0.0176912 0.0128357 0.00874597 0.00554239
 0.007587 0.0123326 0.0185793 0.0262821 0.0352058 0.0447894 0.0541036 0.0620605 0.0677938 0.0709277 0.071567 0.0701027 0.0670194 0.062784 0.0577881 0.0523216 0.0465764 0.0406769 0.0347198 0.0288075 0.0230729 0.0176896 0.0128606 0.00877906 0.00557265
 0.00748989 0.0121882 0.0183888 0.0260598 0.0349815 0.0446076 0.0540189 0.0621252 0.0680376 0.0713366 0.0720742 0.0706011 0.0673962 0.0629608 0.0577487 0.0521131 0.046284 0.0403883 0.0344959 0.0286718 0.0230179 0.0176916 0.0128928 0.00882004 0.0056094
 0.00743981 0.012099 0.018241 0.0258334 0.0346637 0.0442056 0.0535694 0.0616951 0.0677104 0.0711887 0.0721494 0.0708927 0.067844 0.0634667 0.0582086 0.0524514 0.0464766 0.040461 0.0345022 0.0286644 0.023029 0.0177285 0.0129465 0.00887616 0.00565694
 0.00758568 0.0123116 0.0185146 0.0261439 0.0349724 0.0444663 0.0537381 0.0617396 0.067621 0.0709864 0.0718853 0.0706344 0.067651 0.0633674 0.0581894 0.0524671 0.0464748 0.0404081 0.0343967 0.0285312 0.0229013 0.0176307 0.0128863 0.00884788 0.0056489
 0.00767432 0.0124519 0.0187174 0.0264133 0.0353009 0.0448297 0.0540923 0.0620262 0.0677825 0.0709864 0.0717235 0.0703491 0.0673069 0.0630345 0.0579206 0.0522827 0.0463616 0.0403331 0.0343276 0.0284522 0.0228155 0.0175516 0.0128259 0.00881013 0.00563017
 0.00749838 0.0121943 0.0183829 0.0260262 0.0348996 0.0444567 0.0537853 0.0618117 0.0676716 0.0709734 0.071788 0.0704644 0.0674517 0.063201 0.0581141 0.0525121 0.0466274 0.0406207 0.0346106 0.0287032 0.0230175 0.0177012 0.0129305 0.00888076 0.00567658
 0.00736499 0.0119697 0.0180328 0.0255198 0.0342233 0.0436329 0.0528845 0.0609461 0.0669659 0.0705251 0.0716398 0.0705994 0.0678112 0.0637105 0.0587055 0.0531358 0.0472517 0.0412241 0.0351733 0.0292046 0.0234391 0.0180333 0.0131747 0.00904817 0.00578363
 0.00731515 0.0118731 0.0178578 0.0252258 0.0337686 0.0429892 0.0520544 0.0599753 0.0659451 0.0695779 0.0708971 0.0701676 0.067743 0.0639928 0.0592705 0.0538873 0.0480934 0.0420774 0.0359816 0.0299289 0.0240542 0.0185257 0.0135436 0.00930522 0.00594922
 0.00732833 0.0118977 0.0178991 0.0252855 0.0338387 0.0430438 0.0520469 0.0598468 0.0656453 0.0690911 0.0702607 0.0694708 0.067105 0.0635274 0.0590521 0.053933 0.0483663 0.0425072 0.0364891 0.0304447 0.0245267 0.018923 0.0138518 0.00952542 0.00609359
 0.00741051 0.0120244 0.0180771 0.0255166 0.0341192 0.0433635 0.0523853 0.060168 0.0658961 0.0692072 0.0701833 0.0691707 0.0666027 0.0628982 0.0584074 0.0533856 0.0479958 0.0423402 0.0365022 0.0305835 0.0247286 0.0191348 0.0140379 0.00966896 0.00619244
 0.00738191 0.0119877 0.0180398 0.025492 0.0341222 0.0434058 0.0524703 0.06029 0.0660414 0.0693547 0.0703045 0.0692299 0.0665651 0.0627444 0.0581499 0.053073 0.0477001 0.0421295 0.036416 0.030621 0.0248568 0.0193063 0.0142093 0.00981208 0.00629622
 0.0072529 0.011808 0.0178252 0.0252769 0.0339517 0.0433206 0.0524947 0.0604258 0.0662694 0.0696411 0.0706068 0.0695036 0.0667691 0.062847 0.0581357 0.0529501 0.0475028 0.0419122 0.0362352 0.030516 0.0248372 0.0193543 0.0142931 0.00990083 0.00637
#obs surv len freq
 nan nan nan nan nan nan nan nan nan nan nan nan nan nan nan nan nan nan nan nan nan nan nan nan nan
 0.00448543 0.00734711 0.0111774 0.0159939 0.0216946 0.0279699 0.0342837 0.0400145 0.0446936 0.048157 0.0505145 0.0520101 0.052902 0.0534142 0.0537283 0.053983 0.0542615 0.0545542 0.0546929 0.0542848 0.0527229 0.0493551 0.043805 0.0362852 0.0276691
 0.00461869 0.00756566 0.0115094 0.0164658 0.0223243 0.0287569 0.0351991 0.0409987 0.0456646 0.0490268 0.0512059 0.052468 0.0530989 0.0533497 0.053425 0.0534784 0.0535993 0.0537773 0.0538405 0.053394 0.0518327 0.048509 0.043048 0.0356555 0.0271878
 0.00477904 0.00782842 0.0119088 0.0170352 0.0230897 0.0297268 0.036353 0.0422816 0.0469919 0.0502975 0.0523177 0.0533301 0.0536421 0.0535335 0.0532412 0.0529491 0.0527698 0.0527071 0.0525961 0.0520456 0.0504555 0.0471834 0.0418538 0.0346585 0.0264244
 0.00495854 0.00812352 0.0123592 0.0176799 0.0239603 0.0308352 0.0376794 0.0437692 0.048554 0.0518316 0.0537194 0.0545014 0.0544967 0.0540024 0.0532789 0.0525405 0.0519322 0.0514891 0.0510729 0.0503144 0.0486312 0.0453926 0.0402213 0.0332863 0.0253697
 0.00518804 0.00849534 0.0129165 0.0184625 0.0249977 0.0321352 0.0392163 0.045479 0.0503412 0.0535861 0.055332 0.0558732 0.0555416 0.0546475 0.0534667 0.052232 0.0511146 0.0501829 0.0493385 0.0482551 0.0463909 0.0431434 0.0381399 0.0315198 0.0240039
 0.0054138 0.00886936 0.0134922 0.0192935 0.0261263 0.0335753 0.0409361 0.0473965 0.0523386 0.0555341 0.0571116 0.0573849 0.0567054 0.055398 0.0537491 0.0520019 0.0503423 0.0488641 0.0475092 0.0460062 0.0438737 0.0405595 0.0357089 0.0294323 0.022377
 0.00565201 0.0092572 0.0140775 0.0201226 0.0272369 0.0349845 0.0426257 0.0493053 0.0543666 0.0575582 0.0590036 0.0590269 0.0579989 0.056267 0.0541371 0.0518659 0.0496506 0.0476018 0.0456948 0.0437129 0.0412457 0.0378077 0.0330779 0.027145 0.0205779
 0.00589888 0.00966236 0.0146942 0.0210024 0.0284193 0.0364809 0.0444037 0.0512852 0.0564343 0.0595886 0.06088 0.0606487 0.0592811 0.0571383 0.0545385 0.05175 0.0489815 0.0463596 0.0438886 0.0414033 0.0385662 0.034967 0.0303305 0.0247323 0.0186645
 0.00613207 0.0100451 0.0152773 0.0218359 0.0295436 0.0379116 0.0461164 0.053208 0.0584579 0.0615861 0.0627282 0.0622419 0.0605357 0.0579909 0.0549403 0.0516609 0.048367 0.0451957 0.0421761 0.0391907 0.0359729 0.0321901 0.0276192 0.0223308 0.0167455
 0.00637005 0.0104335 0.0158647 0.0226685 0.0306569 0.0393166 0.0477853 0.055069 0.0604048 0.0634982 0.064489 0.0637506 0.0617117 0.0587737 0.0552864 0.0515386 0.0477514 0.044069 0.0405386 0.0370833 0.033501 0.029534 0.0250134 0.0200102 0.0148815
 0.00662194 0.0108474 0.0164952 0.0235683 0.0318647 0.0408397 0.0495822 0.0570457 0.0624299 0.0654308 0.0662042 0.0651523 0.062734 0.0593759 0.0554461 0.0512437 0.0469945 0.0428468 0.0388603 0.0349899 0.0310888 0.0269665 0.022505 0.0177788 0.0130875
 0.00684027 0.0112071 0.0170455 0.0243583 0.0329341 0.0422033 0.0512138 0.0588709 0.0643349 0.0672829 0.0678736 0.0665292 0.0637376 0.059957 0.0555825 0.0509325 0.0462423 0.041665 0.0372699 0.0330362 0.0288618 0.0246125 0.0202139 0.0157437 0.0114512
 0.00704373 0.0115417 0.0175562 0.0250894 0.0339204 0.0434563 0.0527076 0.060537 0.0660711 0.0689722 0.0694024 0.0677986 0.0646697 0.0604977 0.0557023 0.0506237 0.0455135 0.0405364 0.0357732 0.0312241 0.0268226 0.0224786 0.0181519 0.0139205 0.00998917
 0.00726151 0.0118967 0.0180922 0.0258469 0.0349281 0.0447179 0.0541883 0.0621596 0.0677273 0.0705439 0.0707819 0.0689004 0.0654334 0.0608864 0.0556994 0.0502287 0.0447388 0.0394053 0.0343222 0.0295095 0.0249303 0.0205293 0.0162913 0.0122903 0.00869028
 0.00741168 0.0121468 0.0184797 0.0264101 0.0356989 0.0457089 0.0553798 0.0634953 0.0691218 0.0718988 0.0720022 0.069905 0.0661603 0.0612942 0.0557661 0.0499489 0.0441206 0.0384683 0.0330998 0.0280545 0.0233218 0.0188751 0.0147172 0.0109159 0.00759863
 0.00751969 0.0123216 0.0187417 0.0267796 0.0361936 0.0463402 0.0561473 0.0643814 0.0700904 0.072898 0.0729689 0.0707718 0.0668626 0.061777 0.0559888 0.0498874 0.0437664 0.0378289 0.0321992 0.0269372 0.0220573 0.0175573 0.0134545 0.00980976 0.00671899
 0.00757609 0.0124086 0.0188644 0.0269408 0.0363958 0.0465875 0.0564462 0.0647404 0.0705175 0.0733958 0.0735299 0.0713729 0.0674635 0.0623229 0.0564184 0.0501429 0.0438031 0.0376217 0.0317468 0.0262653 0.0212199 0.0166338 0.0125383 0.00898959 0.00605779
 0.0076424 0.0125094 0.0190029 0.027115 0.036599 0.0468096 0.0566758 0.0649676 0.0707374 0.0736124 0.0737554 0.0716222 0.067744 0.062626 0.0567151 0.0503873 0.0439421 0.0376074 0.0315493 0.0258822 0.0206804 0.0159959 0.0118782 0.0083827 0.00556014
 0.00772228 0.0126332 0.0191775 0.0273417 0.036872 0.0471152 0.0569918 0.0652653 0.0709887 0.073798 0.0738719 0.0716828 0.0677732 0.0626486 0.056746 0.0504228 0.0439585 0.0375676 0.0314156 0.0256312 0.0203145 0.0155468 0.0113988 0.00793178 0.00518433
 0.00777158 0.0127116 0.0192921 0.0274975 0.03707 0.0473506 0.057252 0.0655299 0.0712324 0.0739972 0.0740101 0.0717546 0.0677853 0.0626177 0.0566925 0.0503632 0.0438971 0.0374931 0.0313054 0.0254616 0.0200745 0.0152463 0.0110686 0.00761268 0.00491243
 0.00780622 0.012764 0.0193637 0.0275874 0.0371761 0.0474704 0.0573832 0.0656696 0.0713759 0.0741367 0.0741352 0.0718542 0.0678502 0.0626443 0.0566841 0.0503281 0.0438443 0.0374261 0.031219 0.0253447 0.0199176 0.0150506 0.0108495 0.00739568 0.00472312
 0.00782397 0.0127899 0.0193974 0.0276264 0.0372168 0.0475093 0.0574179 0.0657003 0.0714056 0.0741705 0.0741784 0.0719091 0.0679146 0.0627106 0.0567425 0.0503703 0.0438657 0.0374248 0.0311933 0.0252913 0.0198333 0.0149368 0.0107153 0.00725742 0.00459849
 0.00786175 0.0128452 0.0194691 0.0277093 0.0373026 0.0475886 0.0574826 0.0657445 0.0714267 0.0741701 0.0741625 0.0718869 0.0678951 0.0626999 0.0567414 0.0503748 0.0438686 0.0374189 0.0311726 0.0252516 0.0197728 0.0148571 0.0106227 0.00716222 0.00451231
 0.00787841 0.0128699 0.0195014 0.0277471 0.0373416 0.0476233 0.0575069 0.0657532 0.0714172 0.0741439 0.0741256 0.0718486 0.067865 0.0626854 0.0567457 0.050396 0.0439005 0.0374525 0.0311984 0.0252619 0.0197631 0.0148272 0.0105772 0.00710923 0.00446081
 0.00788066 0.0128704 0.0194966 0.0277318 0.0373109 0.0475746 0.0574422 0.0656789 0.0713422 0.0740776 0.0740753 0.0718192 0.0678596 0.062705 0.0567895 0.0504605 0.0439793 0.0375368 0.0312779 0.0253271 0.0198071 0.0148476 0.0105765 0.00709382 0.00443867
 0.00788587 0.0128773 0.0195038 0.0277366 0.0373093 0.0475622 0.0574148 0.0656341 0.0712813 0.0740059 0.074002 0.0717553 0.0678145 0.062685 0.0567967 0.0504931 0.0440326 0.0376035 0.031349 0.0253931 0.01986 0.0148827 0.0105934 0.00709596 0.00443185
 0.00790007 0.0128967 0.0195263 0.0277577 0.0373234 0.0475643 0.0574017 0.0656051 0.0712378 0.0739506 0.0739393 0.0716909 0.0677561 0.0626404 0.0567722 0.0504921 0.0440547 0.0376445 0.0314019 0.0254491 0.0199109 0.0149223 0.0106189 0.00710836 0.00443476
 0.00786473 0.0128433 0.0194532 0.0276662 0.0372169 0.0474474 0.0572805 0.0654868 0.0711309 0.0738644 0.0738815 0.0716668 0.0677668 0.0626836 0.0568434 0.0505858 0.0441647 0.0377641 0.0315236 0.0255649 0.0200128 0.0150045 0.0106789 0.00714741 0.00445688
 0.00786769 0.0128402 0.0194345 0.0276189 0.0371292 0.047315 0.0571113 0.0653005 0.070953 0.0737174 0.0737801 0.071616 0.067765 0.0627254 0.0569214 0.0506917 0.0442899 0.0378998 0.031661 0.0256956 0.0201291 0.0151005 0.0107517 0.00719745 0.00448776
 0.00786533 0.0128355 0.0194252 0.0276012 0.037097 0.0472604 0.0570258 0.0651792 0.0707987 0.0735441 0.0736111 0.0714775 0.0676778 0.0626994 0.0569547 0.0507743 0.0444078 0.0380385 0.0318072 0.0258375 0.0202573 0.015208 0.0108348 0.00725632 0.00452558
 0.00782451 0.012773 0.0193386 0.0274909 0.0369665 0.0471154 0.0568738 0.0650286 0.0706572 0.0734179 0.0735053 0.0713985 0.0676341 0.0627004 0.0570067 0.0508769 0.0445528 0.0382119 0.0319923 0.0260185 0.020421 0.0153455 0.0109416 0.00733269 0.00457544
 0.00778577 0.0127063 0.0192316 0.0273315 0.0367469 0.0468385 0.0565578 0.0647061 0.0703671 0.0731937 0.0733668 0.0713494 0.0676666 0.0628013 0.057163 0.0510772 0.044786 0.0384655 0.0322514 0.0262668 0.0206437 0.0155317 0.0110861 0.00743609 0.00464327
 0.00777188 0.0126795 0.0191832 0.0272503 0.0366208 0.0466587 0.0563231 0.0644264 0.0700644 0.0728997 0.0731169 0.0711749 0.0675868 0.0628201 0.0572705 0.0512548 0.0450128 0.0387211 0.0325171 0.026525 0.0208788 0.0157312 0.0112432 0.00754994 0.00471882
 0.00775231 0.01265 0.0191429 0.0271988 0.0365572 0.0465798 0.0562234 0.0642992 0.0699058 0.0727129 0.0729148 0.0709801 0.0674269 0.0627208 0.057248 0.0513126 0.0451416 0.0389029 0.0327298 0.0267468 0.02109 0.0159164 0.0113927 0.00766063 0.0047936
 0.00769556 0.0125583 0.0190064 0.0270102 0.036315 0.0462918 0.0559094 0.0639888 0.0696306 0.0724971 0.0727697 0.0709053 0.0674172 0.0627717 0.0573584 0.0514818 0.0453652 0.0391696 0.0330216 0.0270415 0.0213657 0.0161554 0.0115841 0.00780162 0.0048886
 0.0076812 0.0125295 0.018953 0.0269193 0.036174 0.0460937 0.0556578 0.0637 0.0693316 0.0722198 0.0725437 0.0707518 0.0673455 0.0627802 0.0574385 0.0516229 0.0455571 0.0394016 0.0332804 0.0273098 0.0216239 0.0163851 0.0117721 0.00794267 0.00498501
 0.00766063 0.0125018 0.0189213 0.0268887 0.0361479 0.0460696 0.0556248 0.0636417 0.0692332 0.0720764 0.0723655 0.0705619 0.0671728 0.0626508 0.0573694 0.0516201 0.0456176 0.0395163 0.0334363 0.0274911 0.0218127 0.0165634 0.0119252 0.00806186 0.00506897
 0.00762679 0.0124466 0.0188385 0.0267739 0.0360013 0.0458989 0.055446 0.0634756 0.069098 0.0719798 0.0723023 0.0705206 0.0671445 0.0626355 0.0573759 0.05166 0.0456993 0.0396408 0.0335968 0.0276747 0.0220027 0.0167429 0.0120799 0.00818321 0.00515518
 0.0076188 0.0124333 0.0188179 0.0267434 0.0359577 0.0458391 0.0553683 0.0633815 0.0689935 0.0718753 0.0722096 0.0704479 0.0670939 0.0626043 0.0573609 0.0516619 0.0457232 0.0396931 0.0336803 0.0277855 0.0221305 0.0168734 0.0121991 0.00828079 0.0052269
 0.00761192 0.0124241 0.0188077 0.0267343 0.0359517 0.0458365 0.0553665 0.0633754 0.0689766 0.0718427 0.0721603 0.0703859 0.067027 0.0625411 0.0573083 0.0516245 0.0457043 0.0396961 0.033708 0.0278381 0.0222033 0.0169571 0.0122823 0.00835337 0.00528282
 0.00758568 0.0123842 0.0187528 0.0266654 0.0358726 0.0457533 0.0552875 0.0633092 0.0689302 0.0718184 0.0721553 0.0703934 0.0670401 0.0625553 0.0573231 0.0516424 0.0457288 0.0397308 0.0337553 0.0278986 0.0222748 0.0170341 0.012357 0.00841842 0.00533333
 0.00756693 0.0123531 0.0187049 0.026597 0.0357816 0.0456419 0.0551633 0.0631855 0.0688228 0.0717412 0.0721163 0.0703933 0.0670724 0.0626101 0.0573898 0.0517131 0.0457997 0.0398015 0.0338273 0.027973 0.0223512 0.0171097 0.012427 0.00847797 0.00537921
 0.00754218 0.0123139 0.018648 0.0265199 0.0356832 0.0455232 0.0550283 0.0630424 0.0686835 0.0716202 0.0720278 0.0703482 0.0670756 0.0626589 0.0574751 0.0518221 0.0459197 0.0399225 0.0339436 0.0280819 0.0224513 0.0171993 0.0125039 0.00853997 0.00542534
 0.0075276 0.0122894 0.0186099 0.0264641 0.035607 0.045426 0.0549135 0.0629169 0.068557 0.0715033 0.0719303 0.0702788 0.0670415 0.0626647 0.057521 0.0519033 0.0460267 0.0400438 0.0340681 0.0282012 0.0225598 0.0172936 0.012582 0.00860094 0.00546957
 0.00752316 0.0122822 0.0185989 0.0264482 0.0355844 0.0453946 0.0548708 0.0628613 0.0684886 0.0714246 0.071847 0.0701989 0.0669741 0.0626185 0.0575027 0.0519165 0.0460704 0.0401127 0.0341534 0.0282932 0.0226496 0.0173745 0.0126499 0.00865392 0.00550783
 0.00753484 0.0122986 0.0186186 0.0264683 0.035601 0.0454039 0.0548703 0.0628493 0.0684643 0.0713873 0.071797 0.070138 0.0669068 0.0625517 0.0574455 0.0518771 0.046055 0.0401231 0.034187 0.0283434 0.0227081 0.0174332 0.0127024 0.00869636 0.00553904
 0.0075012 0.0122511 0.0185605 0.0264066 0.0355446 0.0453594 0.0548398 0.0628303 0.0684519 0.0713775 0.0717876 0.0701289 0.0668986 0.0625457 0.0574434 0.051882 0.0460705 0.0401523 0.0342307 0.0283993 0.0227707 0.0174956 0.0127582 0.0087415 0.00557203
 0.00750004 0.0122454 0.0185451 0.0263757 0.0354943 0.0452915 0.0547639 0.0627615 0.0684047 0.0713592 0.0717955 0.0701527 0.0669267 0.0625699 0.0574607 0.051894 0.0460816 0.0401675 0.0342538 0.0284317 0.0228106 0.0175388 0.0127997 0.00877676 0.0055988
 0.00749435 0.0122378 0.0185365 0.0263672 0.0354858 0.0452807 0.054746 0.0627316 0.0683619 0.0713087 0.0717479 0.070119 0.0669131 0.0625749 0.0574779 0.051916 0.0461039 0.0401893 0.034277 0.0284583 0.0228413 0.0175721 0.0128323 0.00880534 0.00562109
 0.00749435 0.0122378 0.0185365 0.0263672 0.0354858 0.0452807 0.054746 0.0627316 0.0683619 0.0713087 0.0717479 0.070119 0.0669131 0.0625749 0.0574779 0.051916 0.0461039 0.0401893 0.034277 0.0284583 0.0228413 0.0175721 0.0128323 0.00880534 0.00562109
 0.00736702 0.0120353 0.0182413 0.0259686 0.0349855 0.0446993 0.0541271 0.0621388 0.0678651 0.0709664 0.0715932 0.0701565 0.0671235 0.0629236 0.0579218 0.0524102 0.0466072 0.0406692 0.0347114 0.028835 0.0231551 0.0178227 0.0130227 0.00894158 0.00571181
 0.00727318 0.0118707 0.017972 0.0255577 0.0344042 0.0439433 0.0532318 0.061182 0.066953 0.0702088 0.0710791 0.0699378 0.06721 0.0632865 0.058504 0.0531393 0.0474083 0.0414748 0.035468 0.0295052 0.0237177 0.0182701 0.0133584 0.00917776 0.00586624
 0.00718213 0.0117217 0.0177452 0.0252323 0.03396 0.043366 0.0525206 0.0603584 0.0660664 0.0693359 0.0703147 0.0693782 0.0669313 0.0633271 0.0588561 0.0537531 0.0482054 0.0423655 0.0363667 0.0303418 0.0244434 0.0188588 0.0138047 0.00949266 0.00607185
 0.00718798 0.011724 0.0177348 0.0251945 0.0338766 0.0432175 0.0522899 0.0600332 0.0656416 0.0688186 0.0697307 0.0687771 0.0663852 0.0629176 0.0586539 0.0537973 0.0484915 0.0428474 0.0369707 0.0309858 0.0250546 0.0193854 0.0142199 0.00979305 0.00627097
 0.00722951 0.0117979 0.0178565 0.0253795 0.0341322 0.0435331 0.0526292 0.0603362 0.0658383 0.0688484 0.0695596 0.068407 0.0658548 0.0622979 0.0580368 0.0532767 0.0481416 0.0427036 0.037023 0.0311869 0.0253378 0.0196853 0.0144879 0.0100028 0.00641734
 0.00716103 0.0116983 0.0177292 0.0252373 0.0339966 0.0434307 0.052586 0.0603695 0.0659477 0.069009 0.0697235 0.0685163 0.065862 0.0621839 0.0578204 0.0530108 0.0478974 0.0425477 0.0369957 0.0312907 0.0255405 0.0199352 0.0147338 0.0102088 0.00656804
 0.00718629 0.0117317 0.0177658 0.0252689 0.0340154 0.0434351 0.052584 0.0603781 0.0659861 0.0690884 0.069839 0.0686432 0.0659604 0.0622113 0.0577486 0.05284 0.04766 0.0422995 0.0367962 0.0311811 0.0255309 0.0200058 0.0148475 0.0103285 0.00666833
#pred catch len freq
 0.00312871 0.00507082 0.00763668 0.0108671 0.0148048 0.0194503 0.0247013 0.030336 0.0360547 0.0415382 0.0464952 0.0507007 0.0540292 0.0564655 0.0580874 0.0590401 0.0595143 0.059708 0.0597341 0.0594703 0.0584352 0.0558471 0.0509631 0.043578 0.0343431
 0.0033464 0.00537069 0.0079903 0.0112203 0.0150999 0.0196576 0.0248368 0.03045 0.0361948 0.0417133 0.046666 0.0508075 0.0540373 0.0563984 0.0580255 0.0590834 0.0597257 0.0600645 0.0601129 0.0596842 0.0583104 0.0553067 0.0500711 0.0425121 0.0333143
 0.00341933 0.00552205 0.00827436 0.0116962 0.0158039 0.0205672 0.025853 0.0314193 0.0369693 0.0422122 0.0468959 0.0508303 0.0539185 0.0561793 0.0577344 0.0587599 0.0594238 0.059822 0.0599101 0.0594308 0.0578818 0.0546167 0.0491326 0.0414432 0.0322839
 0.00357264 0.00575322 0.00859354 0.0121139 0.0163438 0.0212769 0.0267934 0.0326271 0.0384059 0.043735 0.0482863 0.0518716 0.0544785 0.0562456 0.057389 0.0581262 0.0586212 0.05894 0.0589928 0.0584697 0.056832 0.0534404 0.047848 0.0401427 0.0311008
 0.00377458 0.00607319 0.00905886 0.0127427 0.0171417 0.0222337 0.0278852 0.0338254 0.0396884 0.0450848 0.0496665 0.0531924 0.0555891 0.0569728 0.057605 0.0577991 0.0578176 0.0577829 0.0576067 0.056944 0.0552169 0.0517728 0.0461869 0.0385836 0.0297554
 0.00399472 0.00642543 0.00957944 0.0134641 0.0180895 0.0234196 0.0292961 0.0354136 0.0413731 0.0467652 0.0512432 0.0545813 0.056719 0.0577696 0.0579821 0.0576725 0.057141 0.0565769 0.0559577 0.0549774 0.0530672 0.0495717 0.0440669 0.0366772 0.0281756
 0.00426196 0.00684753 0.0101931 0.0142994 0.0191695 0.0247581 0.0308895 0.0372298 0.0433435 0.0487847 0.0531799 0.0562955 0.0580862 0.0586952 0.0584018 0.0575416 0.0564289 0.055277 0.0541087 0.0526774 0.0504716 0.0468755 0.0414784 0.0343864 0.0263192
 0.00452082 0.00726515 0.0108165 0.0151725 0.0203282 0.0262208 0.032645 0.0392293 0.0455018 0.0509895 0.0553027 0.0582017 0.0596448 0.0597911 0.0589456 0.0574736 0.055717 0.0539168 0.0521322 0.0501711 0.0475913 0.0438421 0.0385475 0.0317964 0.0242367
 0.00479024 0.00769628 0.0114545 0.0160596 0.0215022 0.0277094 0.0344535 0.0413259 0.047809 0.0533856 0.0576344 0.0603051 0.0613682 0.0610109 0.0595716 0.057446 0.0550017 0.052506 0.0500545 0.0475107 0.0445068 0.040569 0.0353686 0.0289823 0.0219781
 0.00510379 0.00819224 0.0121766 0.0170431 0.0227729 0.0292799 0.0363145 0.0434377 0.050097 0.0557433 0.0599305 0.0623939 0.0631037 0.062262 0.0602341 0.0574478 0.0543011 0.0510912 0.0479508 0.0447991 0.041345 0.0371972 0.0320812 0.0260653 0.0196359
 0.00542315 0.008705 0.0129372 0.0181004 0.0241642 0.0310201 0.0383819 0.0457637 0.0525692 0.0582199 0.0622595 0.0644308 0.0647229 0.063363 0.0607419 0.0573092 0.0534827 0.0495813 0.0457712 0.0420254 0.0381297 0.0337765 0.0287487 0.0231091 0.0172632
 0.00570105 0.00915307 0.0136062 0.0190395 0.0254166 0.0326142 0.0403159 0.0479913 0.0549929 0.0606975 0.0646211 0.0665037 0.066357 0.0644485 0.0612126 0.0571333 0.0526498 0.0480962 0.0436617 0.0393635 0.0350564 0.030512 0.0255693 0.0202881 0.0149984
 0.00600408 0.00963395 0.0143095 0.0200028 0.0266692 0.0341719 0.0421709 0.0501007 0.0572727 0.0630249 0.0668458 0.0684647 0.067904 0.0654623 0.0616168 0.0568947 0.0517689 0.0465967 0.0415891 0.036798 0.0321339 0.0274352 0.0225893 0.0176529 0.0128871
 0.00623548 0.0100062 0.0148635 0.0207772 0.0276974 0.0354751 0.0437473 0.0519152 0.0592534 0.0650673 0.0688223 0.0702378 0.0693416 0.0664516 0.0620754 0.0567749 0.0510566 0.0453082 0.0397701 0.0345306 0.0295489 0.0247176 0.0199622 0.0153334 0.0110308
 0.00634994 0.0102008 0.015173 0.0212416 0.0283559 0.0363567 0.0448587 0.0532341 0.0607292 0.0666274 0.0703794 0.0716957 0.0706011 0.0674175 0.0626633 0.0569183 0.0507128 0.0444631 0.0384443 0.0327871 0.0275004 0.0225268 0.0178234 0.0134341 0.00950543
 0.00646004 0.010387 0.0154679 0.0216835 0.0289852 0.0372067 0.0459429 0.0545339 0.062187 0.0681493 0.0718487 0.0729938 0.0716289 0.0681076 0.0629791 0.0568437 0.0502425 0.0436003 0.0372079 0.0312249 0.025702 0.0206255 0.0159811 0.0118068 0.00820375
 0.00656891 0.01055 0.015689 0.0219615 0.0293208 0.0376108 0.04644 0.0551554 0.062956 0.0690628 0.0728658 0.0740369 0.0725976 0.0689002 0.0635117 0.057061 0.0501174 0.0431285 0.0364054 0.0301318 0.0243906 0.0192038 0.0145808 0.0105567 0.00719663
 0.00668347 0.0107256 0.0159329 0.0222729 0.0296906 0.0380234 0.0468765 0.0555987 0.0633983 0.0695101 0.0733338 0.0745374 0.0731211 0.0694072 0.0639377 0.0573324 0.0501701 0.0429213 0.0359262 0.0294008 0.023462 0.0181634 0.0135353 0.00961098 0.0064281
