SBPRF35
10.9731
Curr Bio
624287
B35
781752
F35
0.18231
FOFL
0.141915
OFL
70994.4
Bzero
3.13517e+006
#pred survey bio
 3.98993e+006 3.81184e+006 3.65607e+006 3.45082e+006 3.22019e+006 2.94422e+006 2.6725e+006 2.38045e+006 2.11765e+006 1.88428e+006 1.65941e+006 1.461e+006 1.287e+006 1.13918e+006 994964 880512 790903 729649 683072 648343 616720 586188 568784 556683 544690 529970 533354 536093 534647 536983 530950 537999 539193 547484 545951 530321 527672 514496 522196 528651 536731 544326 550925 545186 545267 549494 556438 556190 561861 560169 561631 593565 602211 604018 609548 604407 617622 630080 2.17882e+007 1.34901e+007 1.41432e+007 1.52661e+007 1.66648e+007 1.8117e+007 1.94675e+007 2.06361e+007 2.15987e+007 2.23651e+007 2.29607e+007 2.34161e+007 2.37606e+007 2.40194e+007 2.42133e+007 2.43585e+007 2.44673e+007 2.45491e+007 2.46109e+007 2.46578e+007 2.46935e+007 2.47209e+007 2.4742e+007 2.47583e+007 2.4771e+007 2.47809e+007 2.47887e+007 2.47948e+007 2.47996e+007 2.48034e+007 2.48064e+007 2.48088e+007 2.48108e+007 2.48123e+007 2.48135e+007 2.48145e+007 2.48153e+007 2.48159e+007 2.48164e+007 2.48168e+007 2.48171e+007 2.48174e+007 2.48176e+007 2.48178e+007 2.48179e+007 2.4818e+007 2.48181e+007 2.48182e+007 2.48182e+007 2.48183e+007 2.48183e+007 2.48184e+007 2.48184e+007 2.48184e+007 2.48184e+007 2.48184e+007 2.48184e+007 2.48185e+007 2.48185e+007 2.48185e+007 2.48185e+007 2.48185e+007 2.48185e+007 2.48185e+007 2.48185e+007 2.48185e+007 2.48185e+007 2.48185e+007 2.48185e+007 2.48185e+007 2.48185e+007 2.48185e+007 2.48185e+007 2.48185e+007 2.48185e+007 2.48185e+007 2.48185e+007 2.48185e+007 2.48185e+007 2.48185e+007 2.48185e+007 2.48185e+007 2.48185e+007 2.48185e+007 2.48185e+007 2.48185e+007 2.48185e+007 2.48185e+007 2.48185e+007 2.48185e+007 2.48185e+007 2.48185e+007 2.48185e+007 2.48185e+007 2.48185e+007 2.48185e+007 2.48185e+007 2.48185e+007 2.48185e+007 2.48185e+007 0 0 0 0 0 0 0 0 0 0 0 0 0 0 0 0 0 0 0 0 0 0 0 0 0
#obs survey bio
 5.07864e+006 3.1266e+006 4.97128e+006 3.68898e+006 2.28234e+006 1.85574e+006 2.94599e+006 2.08166e+006 2.51304e+006 1.4044e+006 1.61039e+006 1.01608e+006 1.14918e+006 1.26244e+006 970070 682069 665675 726334 410323 620303 525348 476966 421102 413518 625558 426328 427984 525821 434642 529835 504812 501286 553049 587088 573806 535769 529269 603536 582337 550926 400456 702204 796129 701784 608469 810090 621954 702413 932314 496374 501572 656247 613332 633560 535469 518258 713847 588017
#pred catch bio
 107438 96108.1 153800 193272 254128 271280 310970 304055 294450 300821 288054 274125 255131 252204 224084 199717 172307 156999 144489 139279 135226 121514 115486 113899 114155 97769.8 98155 100942 96799.4 102277 89610 93430.4 86232.8 92513.2 100823 88068.7 98650.2 83900.7 87571.7 87317.7 88036.7 88377.9 97177.4 90324.9 85930 83592.1 89829 85012.8 91719.1 89903.2 66776.7 89514.1 97073.3 96204.2 107764 95277.2 98483.9 113626 70994.4 92341.7 95763.6 102160 111049 120563 129390 136912 142971 147658 151176 153758 155618 156941 157871 158519 158967 159276 159487 159632 159730 159797 159842 159873 159893 159907 159916 159923 159927 159930 159932 159933 159934 159934 159935 159935 159935 159935 159935 159936 159936 159936 159936 159936 159936 159936 159936 159936 159936 159936 159936 159936 159936 159936 159936 159936 159936 159936 159936 159936 159936 159936 159936 159936 159936 159936 159936 159936 159936 159936 159936 159936 159936 159936 159936 159936 159936 159936 159936 159936 159936 159936 159936 159936 159936 159936 159936 159936 159936 159936 159936 159936 159936 159936 159936 159936 159936 159936 159936 159936 0 0 0 0 0 0 0 0 0 0 0 0 0 0 0 0 0 0 0 0 0 0 0 0 0
#obs catch bio
 0 95665.9 153979 193463 255598 272559 312903 307309 296082 304435 290693 278654 260550 256023 227399 202393 174624 158469 146300 141050 137095 123110 117002 115957 115782 98922.2 99436.3 102231 97842.4 103750 90372.6 94076.4 86862.4 93092.2 101427 87913.9 98777.9 83466.2 87222.4 86654 87678 87582.4 96275.6 89254.3 84665.2 82457 88631.6 83980.1 90144.3 88955.5 65975.7 88841 96653.9 95494.1 107540 95099.9 98229.4 113765
#pred cpue bio
 3.92667e+006 3.75127e+006 3.59757e+006 3.39324e+006 3.16324e+006 2.88845e+006 2.61795e+006 2.32754e+006 2.06632e+006 1.8345e+006 1.61141e+006 1.41466e+006 1.24239e+006 1.0966e+006 955047 842833 755117 695373 650091 616314 585712 556293 539546 527866 516376 502358 505775 508607 507446 509968 504532 511809 513331 521746 520946 506499 503680 489644 496113 502312 510451 518146 524958 519845 520245 524482 531229 530928 536387 534635 535704 566392 574640 575982 580731 575059 587191 599325 2.07622e+007 1.28867e+007 1.34197e+007 1.43815e+007 1.57116e+007 1.71442e+007 1.849e+007 1.96575e+007 2.062e+007 2.13863e+007 2.19819e+007 2.24373e+007 2.27818e+007 2.30406e+007 2.32345e+007 2.33797e+007 2.34885e+007 2.35704e+007 2.36321e+007 2.3679e+007 2.37147e+007 2.37421e+007 2.37632e+007 2.37795e+007 2.37922e+007 2.38021e+007 2.38099e+007 2.3816e+007 2.38208e+007 2.38246e+007 2.38276e+007 2.383e+007 2.3832e+007 2.38335e+007 2.38347e+007 2.38357e+007 2.38365e+007 2.38371e+007 2.38376e+007 2.3838e+007 2.38383e+007 2.38386e+007 2.38388e+007 2.3839e+007 2.38391e+007 2.38392e+007 2.38393e+007 2.38394e+007 2.38395e+007 2.38395e+007 2.38395e+007 2.38396e+007 2.38396e+007 2.38396e+007 2.38396e+007 2.38396e+007 2.38396e+007 2.38397e+007 2.38397e+007 2.38397e+007 2.38397e+007 2.38397e+007 2.38397e+007 2.38397e+007 2.38397e+007 2.38397e+007 2.38397e+007 2.38397e+007 2.38397e+007 2.38397e+007 2.38397e+007 2.38397e+007 2.38397e+007 2.38397e+007 2.38397e+007 2.38397e+007 2.38397e+007 2.38397e+007 2.38397e+007 2.38397e+007 2.38397e+007 2.38397e+007 2.38397e+007 2.38397e+007 2.38397e+007 2.38397e+007 2.38397e+007 2.38397e+007 2.38397e+007 2.38397e+007 2.38397e+007 2.38397e+007 2.38397e+007 2.38397e+007 2.38397e+007 2.38397e+007 2.38397e+007 2.38397e+007 2.38397e+007 2.38397e+007 0 0 0 0 0 0 0 0 0 0 0 0 0 0 0 0 0 0 0 0 0 0 0 0 0
#obs cpue bio
 4.66464e+006 4.01758e+006 2.83264e+006 1.81128e+006 2.86491e+006 4.05256e+006 2.65593e+006 1.38645e+006 2.61343e+006 1.4602e+006 1.82282e+006 1.06903e+006 794422 1.34062e+006 768206 960083 672641 743935 723980 539307 554474 515709 581386 417727 498993 451781 504588 469090 528030 408085 504861 661942 354099 539850 558000 655666 544519 555083 495480 687046 572621 636270 472231 560035 765707 396942 614590 421351 654116 495655 591741 540356 421750 684884 549288 559446 577191 579015
#pred surv len freq
 0.00455404 0.00744271 0.0112933 0.0161179 0.0218182 0.0280997 0.0344481 0.0402584 0.0450615 0.0486742 0.0511748 0.0527737 0.0536975 0.0541365 0.0542354 0.0541033 0.05383 0.0534851 0.0530673 0.0523999 0.0510438 0.0483525 0.0437496 0.0371222 0.0290604
 0.00476329 0.00770058 0.0115333 0.0162379 0.0217214 0.0277517 0.0339139 0.0396876 0.044622 0.0484745 0.0512242 0.0530005 0.054006 0.0544635 0.0545746 0.0544895 0.0542972 0.054021 0.0535903 0.0527754 0.0511384 0.0481008 0.0431927 0.0363937 0.0283262
 0.0049651 0.00803576 0.0120442 0.016951 0.0226209 0.028753 0.0348583 0.0403824 0.0449209 0.0483526 0.0507919 0.0524425 0.0534877 0.0540702 0.0543135 0.0543326 0.0542176 0.0539957 0.0535767 0.0526962 0.0508992 0.0476373 0.042516 0.0355965 0.0275424
 0.00515462 0.00834661 0.0125183 0.0176315 0.0235456 0.0299386 0.0362771 0.0419395 0.0464494 0.0496407 0.0516437 0.052749 0.0532692 0.053459 0.0534879 0.0534453 0.0533572 0.0531876 0.0528008 0.0519042 0.0500347 0.046666 0.0414562 0.0345262 0.026571
 0.00533942 0.00864829 0.0129753 0.0182822 0.0244234 0.0310633 0.0376432 0.0435075 0.0481408 0.0513364 0.0531869 0.0539613 0.0539888 0.0535929 0.053048 0.0525425 0.0521533 0.0518327 0.0513915 0.0504778 0.0485931 0.0452129 0.0400279 0.0331978 0.0254329
 0.00558448 0.0090406 0.0135548 0.0190833 0.0254702 0.0323622 0.039174 0.0452188 0.0499545 0.0531572 0.0549082 0.0554637 0.0551399 0.0542591 0.0531252 0.051993 0.0510261 0.0502499 0.0495065 0.0484323 0.0464977 0.0431577 0.0381023 0.0314972 0.0240414
 0.00583365 0.00944342 0.0141569 0.0199256 0.0265819 0.0337493 0.0408075 0.0470311 0.05185 0.0550308 0.0566603 0.0570041 0.0563813 0.0551089 0.0534861 0.0517792 0.0501921 0.0488165 0.0475681 0.0461388 0.0440258 0.0406862 0.0357974 0.0294993 0.0224455
 0.00610642 0.00988741 0.0148261 0.020871 0.0278416 0.0353335 0.0426828 0.0491141 0.0540186 0.0571474 0.0585952 0.0586499 0.057655 0.0559457 0.053829 0.0515721 0.0493859 0.0473904 0.0455567 0.0436505 0.04124 0.0378291 0.0331033 0.0271672 0.0206009
 0.00639751 0.0103505 0.0155052 0.021802 0.0290494 0.0368247 0.0444355 0.0510709 0.0560878 0.0592145 0.060537 0.0603481 0.0590065 0.0568683 0.0542602 0.0514633 0.0486975 0.0460977 0.0436701 0.041243 0.0384651 0.0349129 0.0303059 0.024723 0.0186634
 0.006682 0.0108086 0.0161859 0.0227477 0.030287 0.0383537 0.0462159 0.0530215 0.0580998 0.0611734 0.0623403 0.061909 0.0602505 0.0577281 0.0546749 0.0513789 0.0480692 0.0448958 0.0418947 0.038948 0.0357814 0.0320511 0.027525 0.0222698 0.0167076
 0.00701388 0.0113383 0.0169649 0.0238172 0.0316709 0.0400471 0.0481718 0.0551458 0.0602625 0.0632323 0.0641659 0.0634008 0.061341 0.0583777 0.0548599 0.0510807 0.0472677 0.0435731 0.0400508 0.0366268 0.0330967 0.0291958 0.0247461 0.0198107 0.0147415
 0.00729391 0.0117971 0.0176616 0.024808 0.0329968 0.0417154 0.0501376 0.0573069 0.0624749 0.0653396 0.0660257 0.064901 0.0624044 0.0589605 0.054946 0.0506709 0.0463691 0.0421935 0.0382065 0.034364 0.0305177 0.026472 0.0221011 0.0174693 0.0128665
 0.0074626 0.0120882 0.0181314 0.0255208 0.0340127 0.0430693 0.0518179 0.0592446 0.0645511 0.0674056 0.0679274 0.0664997 0.0635916 0.0596661 0.0551378 0.0503475 0.045548 0.0409021 0.0364821 0.0322658 0.0281469 0.0239841 0.0196938 0.015341 0.0111619
 0.00763336 0.0123597 0.0185303 0.0260719 0.0347398 0.0439942 0.0529535 0.0605854 0.0660625 0.0690182 0.0695394 0.0679875 0.0648287 0.0605431 0.0555768 0.0503074 0.0450217 0.0399092 0.0350645 0.0304909 0.0261176 0.0218453 0.0176209 0.0135067 0.00969139
 0.00791051 0.0127976 0.0191647 0.026926 0.0358177 0.0452742 0.0543825 0.062082 0.0675336 0.0703807 0.0707324 0.0689691 0.065563 0.0609899 0.0556928 0.0500541 0.0443764 0.0388727 0.0336653 0.0287896 0.0242113 0.0198675 0.0157281 0.0118478 0.00837073
 0.00813457 0.0131585 0.0197013 0.0276706 0.0367885 0.0464635 0.0557454 0.0635341 0.0689645 0.0716783 0.0718069 0.0697659 0.0660621 0.0611937 0.0556104 0.0496895 0.043726 0.037933 0.0324464 0.0273294 0.0225847 0.0181856 0.0141234 0.0104458 0.00725799
 0.00827369 0.0133878 0.0200523 0.0281748 0.0374718 0.047336 0.0567904 0.0647028 0.0701802 0.0728486 0.0728391 0.0705813 0.0666063 0.0614423 0.0555655 0.0493696 0.0431533 0.0371268 0.0314262 0.0261264 0.0212549 0.0168147 0.0128168 0.00930511 0.00635335
 0.00842216 0.0136063 0.0203398 0.0285187 0.0378557 0.0477509 0.0572414 0.0652054 0.0707481 0.0734799 0.0735075 0.0712366 0.0671845 0.0618789 0.0558094 0.0493905 0.042942 0.0366903 0.0307836 0.0253093 0.0203127 0.0158175 0.0118494 0.00845007 0.00566936
 0.00855615 0.0138167 0.0206414 0.028917 0.0383422 0.0482994 0.0578075 0.0657351 0.0711963 0.073828 0.0737683 0.0714412 0.0673583 0.0620243 0.0559022 0.0493912 0.0428118 0.0364036 0.0303347 0.0247141 0.0196084 0.0150608 0.0111088 0.00779176 0.00514068
 0.00856871 0.0138504 0.0207166 0.0290602 0.0385793 0.0486438 0.0582495 0.0662387 0.0717062 0.0742851 0.0741272 0.0716821 0.0674892 0.0620709 0.0558905 0.049332 0.0426957 0.0362087 0.0300401 0.0243136 0.0191181 0.0145186 0.010567 0.00730322 0.00474455
 0.00861025 0.0139112 0.0207964 0.0291573 0.0386944 0.0487843 0.0584305 0.0664773 0.0720096 0.07464 0.0744972 0.0720174 0.0677439 0.0622186 0.0559297 0.0492788 0.0425697 0.0360212 0.0297922 0.0240034 0.0187516 0.0141169 0.0101643 0.00693776 0.00444636
 0.00872698 0.0140864 0.0210326 0.029446 0.0390176 0.049118 0.058749 0.0667579 0.0722381 0.0748146 0.0746256 0.0721085 0.0677983 0.0622265 0.0558773 0.0491576 0.0423821 0.0357779 0.0295058 0.0236847 0.0184113 0.0137701 0.00983226 0.00664434 0.00421039
 0.00881423 0.0142155 0.021203 0.0296483 0.0392353 0.0493315 0.0589388 0.0669076 0.0723374 0.074862 0.0746307 0.072089 0.0677735 0.0622084 0.055865 0.0491388 0.0423393 0.0356966 0.0293798 0.0235164 0.0182101 0.0135508 0.00961375 0.00644618 0.004048
 0.00876832 0.0141609 0.0211572 0.0296384 0.0392883 0.049461 0.0591347 0.0671368 0.0725565 0.075034 0.0747369 0.0721314 0.0677686 0.0621785 0.0558289 0.0491055 0.0423067 0.0356548 0.0293167 0.0234245 0.0180896 0.0134103 0.00946743 0.00630978 0.00393427
 0.00873945 0.0141121 0.0210816 0.0295322 0.0391561 0.0493211 0.0590202 0.0670871 0.0726005 0.0751742 0.0749451 0.0723604 0.0679735 0.0623322 0.0559267 0.0491582 0.0423285 0.0356552 0.029298 0.0233846 0.0180275 0.0133296 0.00937699 0.00622116 0.00385785
 0.00885338 0.0142734 0.0212799 0.0297417 0.0393426 0.0494525 0.0590778 0.0670714 0.0725306 0.0750817 0.0748633 0.0723112 0.0679591 0.0623368 0.0559274 0.0491371 0.0422802 0.0355843 0.0292131 0.0232927 0.0179328 0.0132352 0.00928729 0.00614148 0.00379303
 0.00877645 0.0141608 0.0211329 0.0295679 0.0391508 0.0492478 0.0588589 0.0668351 0.0722815 0.0748405 0.074667 0.0722036 0.0679738 0.0624828 0.0561836 0.0494607 0.0426212 0.0359007 0.0294783 0.023496 0.0180747 0.0133233 0.00933267 0.0061572 0.00379167
 0.0086997 0.0140403 0.02096 0.0293393 0.0388715 0.0489331 0.0585346 0.0665337 0.0720323 0.0746609 0.0745606 0.0721676 0.0680081 0.0625928 0.0563743 0.0497263 0.0429399 0.0362383 0.0297986 0.0237705 0.0182883 0.013474 0.00942826 0.00621046 0.00381657
 0.00865855 0.0139756 0.0208667 0.0292142 0.0387133 0.0487436 0.0583206 0.066308 0.0718137 0.0744707 0.074418 0.0720845 0.0679879 0.0626334 0.0564721 0.0498777 0.0431387 0.0364714 0.0300447 0.0240048 0.0184891 0.0136289 0.00953531 0.00627637 0.00385223
 0.00848473 0.0137188 0.0205284 0.0288125 0.0382783 0.0483088 0.057916 0.0659583 0.0715387 0.0742858 0.0743332 0.0721036 0.0681077 0.0628434 0.0567558 0.0502152 0.0435092 0.0368543 0.0304195 0.0243505 0.0187872 0.0138666 0.0097092 0.00639209 0.00392183
 0.00847177 0.0136813 0.0204428 0.0286503 0.0380169 0.0479474 0.0574858 0.0655182 0.0711557 0.0740106 0.0741861 0.0720766 0.0681783 0.0629881 0.0569565 0.0504591 0.0437848 0.0371489 0.0307178 0.0246355 0.0190421 0.0140782 0.00987061 0.00650431 0.00399242
 0.00841856 0.0135878 0.0202886 0.0284106 0.0376675 0.0474721 0.0568882 0.0648303 0.0704401 0.0733532 0.0736777 0.0717894 0.0681454 0.0631971 0.0573595 0.050991 0.0443821 0.0377588 0.0313004 0.0251617 0.0194919 0.01444 0.0101423 0.00669301 0.00411259
 0.00832385 0.0134533 0.0201213 0.0282269 0.0374845 0.0472967 0.0567095 0.0646227 0.070177 0.073025 0.0733044 0.0714211 0.0678494 0.063036 0.0573703 0.0511748 0.0447074 0.0381752 0.0317536 0.0256048 0.0198898 0.014771 0.0103972 0.00687394 0.00423017
 0.0080116 0.0129856 0.0194931 0.0274629 0.0366363 0.0464338 0.0559095 0.0639596 0.0697065 0.0727692 0.0732487 0.0715271 0.0680774 0.0633628 0.0577914 0.0516927 0.0453151 0.0388468 0.0324464 0.0262691 0.0204816 0.0152603 0.0107719 0.00713871 0.00440187
 0.0078868 0.0127678 0.0191399 0.0269314 0.0359002 0.0455064 0.0548609 0.0629124 0.0688037 0.0721304 0.0729357 0.0715353 0.068352 0.0638276 0.0583759 0.0523472 0.0460107 0.0395644 0.0331639 0.0269558 0.0211019 0.0157833 0.0111801 0.00743182 0.00459442
 0.00855833 0.0137113 0.0202837 0.0281118 0.0369018 0.0461316 0.054991 0.0625332 0.0679958 0.0710396 0.0717367 0.0703939 0.067392 0.0631116 0.0579084 0.0520954 0.0459297 0.0396132 0.0333091 0.0271667 0.0213461 0.0160274 0.0113959 0.00760175 0.00471409
 0.00905532 0.0145111 0.0214632 0.0297124 0.0388915 0.0483634 0.0571844 0.0643166 0.0690176 0.0710979 0.0708545 0.0687969 0.0654107 0.0610694 0.0560445 0.0505401 0.04472 0.0387271 0.0326979 0.0267755 0.0211219 0.0159212 0.011364 0.00760843 0.00473438
 0.00906328 0.0146081 0.0217644 0.0303761 0.0400772 0.0501623 0.0595504 0.0670354 0.0717312 0.0733821 0.0723249 0.0692136 0.064746 0.0595074 0.0539111 0.0481956 0.0424648 0.0367538 0.0310924 0.0255457 0.0202308 0.0153115 0.0109723 0.00737423 0.00460506
 0.00871871 0.0140878 0.0210626 0.0295318 0.0391876 0.0493875 0.0591027 0.0671343 0.0725241 0.0748595 0.0742805 0.0712854 0.0665275 0.0606801 0.054338 0.0479392 0.0417309 0.0357983 0.030136 0.0247293 0.0196119 0.0148872 0.0107074 0.00722379 0.00452787
 0.00859182 0.013862 0.0206884 0.0289573 0.0383781 0.0483573 0.057943 0.0660204 0.0716877 0.0745287 0.0746056 0.0722745 0.0680214 0.0623855 0.055917 0.04912 0.0423882 0.0359675 0.0299635 0.0243935 0.0192586 0.0145997 0.0105116 0.00710904 0.00446982
 0.00847558 0.0136833 0.0204366 0.0286243 0.0379537 0.0478257 0.0572884 0.0652444 0.0708345 0.0737033 0.0739678 0.0719999 0.0682361 0.0631043 0.0570182 0.0503777 0.0435518 0.0368505 0.030496 0.0246178 0.0192798 0.0145283 0.0104251 0.00704409 0.00443284
 0.00832905 0.0134589 0.0201252 0.0282273 0.0374828 0.0473009 0.0567344 0.0646866 0.0702938 0.073197 0.07352 0.0716577 0.0680764 0.063214 0.0574513 0.0511117 0.044476 0.0377996 0.0313135 0.0252116 0.0196403 0.0147064 0.0104924 0.00706011 0.00443293
 0.00819113 0.0132413 0.0198106 0.027806 0.0369563 0.0466865 0.0560695 0.0640252 0.0696959 0.072712 0.0731758 0.0714618 0.0680289 0.063324 0.0577399 0.0515969 0.0451452 0.038591 0.0321249 0.0259352 0.0202027 0.0150882 0.0107199 0.0071804 0.00449072
 0.00822967 0.0132881 0.0198514 0.0278169 0.0369089 0.0465572 0.0558477 0.0637177 0.0693256 0.0723123 0.0727839 0.0711123 0.0677498 0.0631367 0.0576634 0.0516495 0.0453391 0.0389186 0.0325483 0.0263902 0.0206196 0.015417 0.010944 0.007313 0.00455912
 0.00830164 0.0133876 0.0199682 0.0279284 0.0369841 0.0465639 0.05576 0.0635228 0.069027 0.0719321 0.0723607 0.070694 0.0673839 0.0628608 0.0575016 0.0516132 0.0454299 0.0391276 0.0328524 0.0267497 0.0209837 0.0157378 0.0111912 0.00747985 0.00465809
 0.00833487 0.01344 0.020043 0.0280252 0.0370961 0.0466745 0.0558425 0.063544 0.0689568 0.0717551 0.0720841 0.0703481 0.0670143 0.0625176 0.057229 0.0514424 0.0453764 0.0391914 0.0330181 0.0269881 0.0212555 0.0160013 0.0114133 0.00764385 0.00476445
 0.00833499 0.01344 0.0200429 0.0280252 0.037097 0.0466775 0.0558483 0.06355 0.068955 0.0717312 0.072021 0.0702334 0.0668481 0.0623169 0.0570246 0.0512713 0.0452711 0.039172 0.033088 0.0271334 0.0214484 0.0162075 0.0116013 0.00779291 0.00486803
 0.00833874 0.0134537 0.0200771 0.0280936 0.0372116 0.0468422 0.0560532 0.063772 0.0691627 0.0718934 0.0721127 0.0702382 0.0667596 0.0621402 0.0567785 0.0509881 0.0449914 0.0389357 0.0329244 0.0270537 0.0214448 0.0162578 0.0116771 0.00786953 0.00492992
 0.00838481 0.0135098 0.0201278 0.0281153 0.0371821 0.046754 0.0559224 0.0636346 0.0690603 0.0718539 0.0721399 0.0703127 0.0668496 0.0622136 0.056813 0.0509762 0.0449419 0.0388699 0.0328684 0.0270287 0.0214597 0.0163071 0.0117458 0.00793977 0.00498865
 0.00855026 0.0137612 0.0204721 0.0285434 0.037667 0.0472514 0.0563745 0.0639806 0.0692535 0.0718789 0.0720169 0.070086 0.0665659 0.0619056 0.0564953 0.0506522 0.0446149 0.03855 0.0325735 0.0267792 0.0212708 0.0161828 0.0116778 0.00791221 0.00498412
 0.00861707 0.0138779 0.0206618 0.0288301 0.0380674 0.047762 0.0569611 0.064578 0.0697787 0.0722539 0.0721911 0.0700482 0.0663433 0.0615504 0.0560653 0.0501957 0.044164 0.0381242 0.0321867 0.0264446 0.0209998 0.0159813 0.0115427 0.00783204 0.00494286
 0.00846461 0.0136345 0.0203058 0.0283506 0.0374728 0.0470909 0.0562871 0.064 0.0693932 0.0721218 0.0723168 0.0703833 0.06681 0.0620702 0.0565787 0.0506676 0.0445783 0.0384759 0.032476 0.0266753 0.0211789 0.0161179 0.0116455 0.00790786 0.00499654
 0.00860666 0.0138409 0.0205701 0.0286482 0.0377653 0.0473342 0.0564419 0.0640414 0.0693196 0.0719588 0.0721105 0.0701837 0.0666513 0.0619601 0.0565029 0.0506031 0.0445078 0.0383931 0.0323843 0.0265829 0.0210948 0.0160488 0.0115951 0.00787561 0.00497906
 0.00873837 0.0140586 0.0209024 0.0291187 0.038381 0.0480707 0.0572328 0.0647837 0.0698992 0.0722861 0.0721487 0.0699554 0.0662242 0.0614197 0.0559261 0.0500428 0.0439903 0.0379272 0.0319722 0.0262268 0.0207981 0.0158142 0.0114213 0.00775668 0.0049046
 0.00883626 0.014211 0.02112 0.0294091 0.0387498 0.0485212 0.0577617 0.0653723 0.0705053 0.072842 0.0725727 0.0701745 0.0661988 0.0611585 0.0554811 0.0494892 0.043402 0.0373602 0.0314599 0.0257855 0.0204338 0.0155274 0.0112083 0.00760914 0.00481048
 0.00896387 0.0144204 0.0214378 0.0298588 0.0393438 0.0492507 0.0585885 0.0662307 0.0713158 0.0735293 0.0730771 0.0704535 0.0662251 0.0609228 0.0550003 0.0488109 0.0425993 0.0365158 0.0306483 0.0250607 0.0198267 0.0150486 0.0108536 0.0073639 0.0046535
 0.00857605 0.0138746 0.020774 0.0291696 0.0387521 0.0488706 0.0584917 0.0664337 0.0717858 0.0742001 0.073864 0.0712663 0.0669787 0.0615459 0.0554414 0.0490452 0.0426323 0.0363823 0.0304032 0.0247646 0.0195319 0.0147907 0.0106501 0.00721768 0.00455757
 0.00793143 0.0129046 0.0194638 0.0275688 0.0369751 0.047087 0.0569108 0.0652742 0.0712265 0.0743251 0.0746333 0.0725318 0.0685352 0.0631871 0.0569986 0.0504019 0.0437252 0.0371947 0.0309567 0.0251061 0.0197192 0.0148793 0.0106835 0.00722495 0.00455529
#obs surv len freq
 nan nan nan nan nan nan nan nan nan nan nan nan nan nan nan nan nan nan nan nan nan nan nan nan nan
 0.00448449 0.0073458 0.0111758 0.0159922 0.0216931 0.0279689 0.0342831 0.0400145 0.0446939 0.0481576 0.0505152 0.0520107 0.0529027 0.0534148 0.0537289 0.0539836 0.054262 0.0545547 0.0546934 0.0542853 0.0527234 0.0493555 0.0438054 0.0362855 0.0276693
 0.0046144 0.00755905 0.0115002 0.016454 0.0223102 0.0287413 0.0351832 0.0409839 0.0456524 0.0490183 0.0512015 0.0524677 0.0531021 0.0533557 0.053433 0.053488 0.0536098 0.0537885 0.0538521 0.0534057 0.0518442 0.0485198 0.0430576 0.0356635 0.0271939
 0.00478527 0.00783677 0.0119182 0.0170433 0.0230942 0.0297257 0.036346 0.0422699 0.0469778 0.0502833 0.0523053 0.0533207 0.053636 0.0535306 0.053241 0.0529511 0.0527733 0.0527116 0.0526012 0.052051 0.050461 0.0471886 0.0418585 0.0346624 0.0264274
 0.00496136 0.0081293 0.0123699 0.0176978 0.0239868 0.0308693 0.0377171 0.0438043 0.0485798 0.0518439 0.0537176 0.0544884 0.054477 0.0539801 0.0532572 0.0525205 0.0519144 0.0514732 0.0510584 0.0503009 0.0486187 0.0453811 0.0402113 0.0332781 0.0253634
 0.00518164 0.00848462 0.0129 0.0184391 0.0249673 0.0321 0.0391808 0.0454487 0.0503211 0.0535779 0.0553338 0.0558807 0.0555508 0.0546567 0.0534761 0.052243 0.0511285 0.0502001 0.0493586 0.0482773 0.0464139 0.0431657 0.0381601 0.0315367 0.0240169
 0.00541707 0.00887271 0.0134936 0.0192897 0.0261136 0.0335512 0.0409002 0.0473515 0.0522901 0.0554892 0.0570768 0.0573643 0.0566994 0.055404 0.0537631 0.0520207 0.0503641 0.0488885 0.0475362 0.0460354 0.043904 0.0405891 0.0357359 0.029455 0.0223945
 0.00565861 0.00926924 0.0140978 0.020154 0.0272809 0.035039 0.0426842 0.0493578 0.0544024 0.0575703 0.0589912 0.0589952 0.0579566 0.0562226 0.0540965 0.0518315 0.0496224 0.0475788 0.0456759 0.0436975 0.0412336 0.0377984 0.033071 0.0271401 0.0205745
 0.00589429 0.00965612 0.0146872 0.0209967 0.0284178 0.036487 0.0444206 0.0513139 0.0564728 0.0596308 0.0609172 0.0606724 0.0592868 0.0571267 0.0545148 0.0517212 0.0489534 0.0463356 0.0438697 0.0413894 0.0385563 0.0349603 0.0303262 0.0247297 0.0186631
 0.00613903 0.010055 0.0152894 0.0218489 0.0295561 0.0379231 0.0461277 0.0532217 0.0584767 0.0616115 0.0627591 0.0622738 0.0605618 0.0580047 0.0549379 0.0516429 0.0483377 0.045161 0.0421412 0.0391591 0.0359461 0.0321683 0.0276023 0.0223182 0.0167367
 0.00639584 0.0104761 0.0159296 0.0227606 0.030778 0.0394634 0.0479471 0.0552291 0.0605445 0.0636025 0.0645507 0.0637698 0.0616934 0.058724 0.0552108 0.0514418 0.0476384 0.0439459 0.0404123 0.0369604 0.0333871 0.0294334 0.0249289 0.0199436 0.0148325
 0.00661502 0.0108385 0.0164864 0.0235635 0.0318695 0.0408601 0.0496233 0.0571094 0.0625137 0.0655271 0.066301 0.0652367 0.0627958 0.0594096 0.055451 0.0512224 0.0469511 0.0427862 0.0387883 0.0349125 0.0310123 0.0268964 0.0224453 0.0177316 0.0130531
 0.006854 0.0112283 0.0170755 0.0243978 0.0329831 0.0422619 0.0512815 0.058947 0.0644175 0.0673688 0.0679575 0.0666039 0.0637946 0.0599883 0.0555833 0.0509019 0.0461832 0.0415833 0.0371729 0.0329317 0.0287577 0.0245159 0.0201307 0.0156772 0.0114024
 0.00707736 0.0115962 0.0176377 0.0252025 0.0340668 0.0436322 0.0529018 0.060732 0.0662468 0.0691117 0.0694959 0.0678438 0.0646695 0.0604572 0.0556265 0.0505173 0.0453815 0.0403846 0.0356092 0.0310565 0.0266606 0.0223308 0.0180257 0.0138202 0.00991572
 0.00728906 0.0119415 0.0181596 0.0259418 0.0350538 0.0448748 0.0543713 0.0623575 0.0679235 0.0707196 0.0709193 0.0689867 0.0654629 0.0608606 0.055625 0.0501151 0.0445958 0.0392418 0.0341468 0.029331 0.0247578 0.020372 0.0161569 0.0121836 0.00861228
 0.00743581 0.0121874 0.018543 0.0265029 0.035826 0.0458712 0.0555719 0.0637048 0.0693315 0.0720901 0.0721581 0.0700124 0.0662108 0.0612845 0.0556989 0.0498319 0.043965 0.0382867 0.0329045 0.027857 0.0231328 0.0187041 0.0145721 0.0108013 0.00751532
 0.00751489 0.0123167 0.0187398 0.0267859 0.0362148 0.0463829 0.0562165 0.0644789 0.0702137 0.0730395 0.0731166 0.070911 0.066978 0.0618556 0.056022 0.049872 0.0437052 0.0377294 0.0320723 0.0267955 0.0219132 0.0174221 0.0133372 0.00971594 0.00665025
 0.00761127 0.0124634 0.0189424 0.0270438 0.0365231 0.0467357 0.056609 0.0649083 0.0706788 0.0735389 0.0736451 0.0714533 0.0675044 0.0623218 0.0563749 0.0500585 0.0436819 0.0374704 0.0315751 0.0260847 0.0210428 0.0164717 0.0124003 0.00888098 0.00597923
 0.00768423 0.012581 0.0191167 0.0272836 0.0368304 0.0471013 0.0570101 0.0653116 0.0710516 0.0738609 0.0739149 0.0716849 0.0677153 0.0625191 0.0565469 0.0501745 0.0436997 0.0373486 0.0312862 0.0256263 0.020443 0.0157873 0.0117058 0.00825014 0.00546601
 0.00774284 0.0126684 0.0192342 0.027428 0.0369966 0.0472849 0.0572085 0.0655225 0.0712694 0.0740757 0.0741144 0.0718597 0.0678632 0.0626446 0.0566545 0.0502604 0.0437459 0.0373255 0.0311623 0.0253823 0.0200833 0.0153438 0.0112316 0.00780371 0.00509379
 0.00778148 0.0127304 0.0193253 0.027552 0.037153 0.0474671 0.0574026 0.0657104 0.0714342 0.0742081 0.0742147 0.0719346 0.0679203 0.0626894 0.0566894 0.050284 0.0437516 0.037299 0.0310836 0.0252329 0.0198567 0.0150532 0.0109091 0.00749055 0.00482634
 0.00782489 0.0127926 0.0194038 0.0276397 0.0372411 0.047549 0.0574767 0.0657787 0.0714999 0.0742718 0.0742742 0.0719872 0.0679651 0.0627275 0.0567228 0.0503128 0.0437718 0.0373016 0.0310554 0.0251601 0.0197312 0.0148793 0.010705 0.00728388 0.00464396
 0.00785391 0.0128358 0.019461 0.0277075 0.0373125 0.0476146 0.0575265 0.0658047 0.0714997 0.0742509 0.074245 0.0719638 0.0679581 0.0627409 0.0567539 0.0503551 0.0438166 0.0373387 0.0310734 0.0251473 0.01968 0.0147898 0.0105876 0.00715657 0.00452624
 0.0078986 0.0129039 0.0195547 0.0278253 0.0374487 0.0477596 0.0576666 0.0659238 0.0715817 0.0742845 0.0742278 0.0719036 0.0678708 0.0626451 0.0566657 0.0502837 0.0437637 0.0372992 0.0310382 0.0251061 0.0196243 0.0147164 0.0105003 0.00706513 0.00444243
 0.00792323 0.0129431 0.019612 0.0279027 0.0375463 0.0478739 0.0577896 0.0660433 0.0716835 0.0743557 0.0742597 0.0718938 0.0678231 0.0625693 0.056575 0.0501919 0.0436813 0.037231 0.0309825 0.0250569 0.0195744 0.0146609 0.010439 0.00700264 0.00438539
 0.00789977 0.0129069 0.0195616 0.0278386 0.0374719 0.0477956 0.0577172 0.0659884 0.0716565 0.0743624 0.074299 0.0719574 0.0678993 0.062646 0.0566438 0.0502492 0.0437277 0.037269 0.0310136 0.0250803 0.0195873 0.0146609 0.0104264 0.0069809 0.00436013
 0.00790782 0.0129087 0.0195436 0.0277826 0.0373605 0.0476221 0.0574922 0.0657407 0.0714251 0.0741848 0.0742005 0.0719471 0.06797 0.0627788 0.0568142 0.0504332 0.0439064 0.0374303 0.0311512 0.0251917 0.0196717 0.0147188 0.0104604 0.00699559 0.00436197
 0.00790805 0.0129116 0.0195517 0.0277977 0.0373801 0.0476362 0.0574829 0.0656877 0.071316 0.0740249 0.0740153 0.0717744 0.0678456 0.0627247 0.0568331 0.0505116 0.0440221 0.0375605 0.0312776 0.0253021 0.0197599 0.0147831 0.0105021 0.00701879 0.00437193
 0.00789849 0.0128924 0.0195166 0.0277397 0.0372947 0.0475249 0.0573551 0.0655576 0.0711967 0.0739224 0.0739286 0.0717013 0.0677904 0.0626989 0.0568505 0.0505799 0.0441374 0.037708 0.0314371 0.0254544 0.0198908 0.0148854 0.0105748 0.00706539 0.00439846
 0.00787067 0.0128469 0.0194475 0.0276413 0.0371626 0.0473582 0.057159 0.0653453 0.0709882 0.073741 0.0737949 0.0716277 0.0677787 0.0627432 0.0569421 0.0507113 0.0443019 0.0378968 0.0316372 0.0256495 0.0200653 0.0150282 0.0106815 0.00713789 0.00444303
 0.00784549 0.0128029 0.0193759 0.0275324 0.0370086 0.0471572 0.0569187 0.0650832 0.0707289 0.0735106 0.0736163 0.0715179 0.0677465 0.0627889 0.0570576 0.0508825 0.0445123 0.03813 0.0318773 0.0258809 0.0202737 0.0152022 0.0108152 0.0072318 0.00450297
 0.00784382 0.0127981 0.0193645 0.0275091 0.0369666 0.0470891 0.0568184 0.0649483 0.0705628 0.0733243 0.0734277 0.0713487 0.0676181 0.0627176 0.0570517 0.0509413 0.0446271 0.0382864 0.032058 0.0260683 0.0204513 0.0153568 0.0109385 0.00732146 0.00456212
 0.0078156 0.012755 0.019305 0.0274332 0.036876 0.0469862 0.056706 0.0648292 0.0704403 0.0732018 0.0733101 0.0712428 0.0675338 0.0626664 0.0570442 0.0509842 0.0447207 0.0384235 0.0322254 0.026249 0.0206278 0.0155142 0.0110667 0.00741662 0.00462622
 0.00780261 0.0127291 0.0192574 0.0273537 0.0367565 0.0468256 0.0565139 0.0646256 0.0702492 0.0730436 0.0731962 0.0711755 0.067509 0.0626791 0.0570913 0.0510651 0.0448352 0.0385692 0.0323952 0.0264309 0.0208069 0.015676 0.0112005 0.00751749 0.0046952
 0.0077492 0.0126487 0.019148 0.0272172 0.0365965 0.046646 0.0563185 0.06442 0.070044 0.0728557 0.073046 0.0710812 0.0674815 0.0627184 0.0571888 0.0512077 0.0450103 0.0387661 0.0326042 0.0266417 0.0210076 0.0158547 0.0113477 0.00762866 0.00477169
 0.00933454 0.0148601 0.0218008 0.0299154 0.0388497 0.0480543 0.0567176 0.0639057 0.0688801 0.0713439 0.0714317 0.0695235 0.0660661 0.0614839 0.0561462 0.050352 0.0443271 0.0382365 0.0322085 0.0263598 0.0208195 0.0157393 0.0112844 0.00759881 0.00476052
 0.00931654 0.0151264 0.022722 0.0319501 0.0423431 0.0529668 0.0624545 0.0694159 0.0730327 0.0733771 0.0712061 0.0674569 0.0628509 0.0577924 0.0524658 0.0469624 0.0413538 0.0357162 0.0301341 0.0247049 0.0195465 0.0148028 0.0106312 0.00717102 0.00449975
 0.00897583 0.0145903 0.0219702 0.0310327 0.0414346 0.0524018 0.0626872 0.0708571 0.0758017 0.0771192 0.0751383 0.0706675 0.0646815 0.0580668 0.0514542 0.0451622 0.0392561 0.0336732 0.0283392 0.0232328 0.0184033 0.0139597 0.0100433 0.00678609 0.0042652
 0.00882747 0.0143348 0.0215599 0.0304175 0.0405808 0.0513265 0.0615015 0.069794 0.0751967 0.0773161 0.0763345 0.0727681 0.067268 0.0605345 0.053259 0.0460297 0.0392348 0.0330319 0.0274049 0.0222687 0.0175647 0.0133076 0.0095788 0.00648031 0.00407915
 0.00875282 0.0142101 0.021365 0.0301285 0.0401718 0.0507749 0.0607992 0.0689651 0.0743191 0.0765372 0.0758621 0.0728167 0.0679637 0.0618216 0.0548783 0.0476036 0.0404229 0.0336627 0.027509 0.0220125 0.0171473 0.0128838 0.00923224 0.00623513 0.0039246
 0.00870312 0.0141299 0.0212452 0.0299601 0.0399463 0.0504851 0.0604405 0.0685375 0.0738303 0.0760109 0.0753509 0.0724125 0.067789 0.0619912 0.0554367 0.0484765 0.0414233 0.0345621 0.028134 0.0223075 0.0171689 0.0127456 0.00904353 0.00606621 0.00380318
 0.00867658 0.0140846 0.0211731 0.0298525 0.0397957 0.0502881 0.0602 0.0682621 0.0735319 0.0757008 0.0750408 0.0721217 0.0675543 0.0618706 0.0554964 0.0487587 0.0419105 0.0351658 0.0287232 0.0227646 0.0174371 0.0128396 0.00902282 0.00599689 0.00373166
 0.00867363 0.0140798 0.0211656 0.0298407 0.0397762 0.0502554 0.0601466 0.0681798 0.0734146 0.0755469 0.0748546 0.0719136 0.0673421 0.0616813 0.0553677 0.0487323 0.0420156 0.0353986 0.029038 0.0230874 0.0176978 0.0130009 0.0090886 0.00599807 0.00370418
 0.00866793 0.0140709 0.0211527 0.0298234 0.0397546 0.0502297 0.0601167 0.0681451 0.0733725 0.0754933 0.0747844 0.0718234 0.0672329 0.0615621 0.0552559 0.0486532 0.0419965 0.0354575 0.0291717 0.0232681 0.0178825 0.0131502 0.00918275 0.00604026 0.00371171
 0.00865237 0.014048 0.0211227 0.0297879 0.0397164 0.0501918 0.0600816 0.0681144 0.073347 0.075472 0.074765 0.0718015 0.0672039 0.0615231 0.055209 0.0486077 0.0419676 0.0354621 0.0292201 0.0233568 0.0179935 0.0132584 0.00926751 0.00609314 0.00373652
 0.00865377 0.0140479 0.0211182 0.0297755 0.0396927 0.050156 0.0600368 0.0680671 0.0733045 0.0754401 0.0747453 0.0717919 0.0671996 0.0615185 0.0552003 0.0485946 0.041955 0.035459 0.029236 0.0233964 0.0180528 0.0133258 0.00932905 0.006139 0.00376424
 0.00864462 0.014036 0.0211059 0.0297659 0.0396888 0.0501584 0.0600423 0.06807 0.0732996 0.0754253 0.0747231 0.0717675 0.0671777 0.0615015 0.0551876 0.0485842 0.0419463 0.0354539 0.0292389 0.0234115 0.018081 0.013363 0.00936775 0.00617191 0.00378734
 0.00863793 0.0140238 0.0210853 0.0297342 0.0396448 0.0501044 0.0599848 0.0680182 0.0732622 0.0754066 0.0747217 0.0717783 0.0671955 0.0615225 0.0552102 0.0486076 0.0419699 0.0354774 0.0292631 0.023438 0.018111 0.0133955 0.00939968 0.00619951 0.00380796
 0.00862844 0.0140107 0.0210696 0.029718 0.0396301 0.0500914 0.059972 0.0680031 0.073243 0.0753849 0.0747014 0.0717642 0.0671902 0.0615259 0.05522 0.0486212 0.0419851 0.0354935 0.0292801 0.0234564 0.0181311 0.013417 0.00942101 0.00621855 0.00382291
 0.00860796 0.01398 0.0210285 0.0296683 0.0395756 0.0500375 0.0599244 0.0679671 0.073222 0.075379 0.0747081 0.0717796 0.0672115 0.0615516 0.0552493 0.0486532 0.0420185 0.0355265 0.0293114 0.0234856 0.0181579 0.0134413 0.00944243 0.00623627 0.00383637
 0.00860796 0.01398 0.0210285 0.0296683 0.0395756 0.0500375 0.0599244 0.0679671 0.073222 0.075379 0.0747081 0.0717796 0.0672115 0.0615516 0.0552493 0.0486532 0.0420185 0.0355265 0.0293114 0.0234856 0.0181579 0.0134413 0.00944243 0.00623627 0.00383637
 0.00838224 0.0136187 0.0204972 0.0289445 0.0386597 0.0489667 0.0587831 0.0668815 0.0723334 0.0748057 0.0745145 0.0719656 0.0677224 0.0622996 0.0561361 0.0495876 0.0429273 0.0363584 0.0300352 0.0240869 0.0186351 0.013802 0.00970069 0.00641019 0.00394558
 0.00846783 0.0137322 0.0206195 0.0290391 0.0386787 0.0488637 0.0585271 0.0664677 0.07179 0.0741938 0.0739187 0.0714764 0.0674121 0.0622043 0.0562495 0.0498687 0.0433161 0.0367926 0.0304626 0.0244709 0.0189554 0.0140517 0.00988288 0.0065343 0.00402409
 0.00861222 0.0139775 0.0210051 0.0295996 0.0394259 0.0497628 0.0594808 0.0673259 0.0723895 0.0744123 0.073716 0.070903 0.0665876 0.0612778 0.0553592 0.0491128 0.042741 0.0363984 0.0302193 0.0243365 0.0188905 0.014026 0.00987659 0.00653593 0.00402787
 0.0084941 0.0138042 0.0207811 0.0293467 0.0391837 0.0495846 0.0594238 0.0674336 0.072669 0.0748175 0.0741532 0.0712613 0.0667824 0.0612826 0.0552102 0.0488862 0.0425185 0.0362383 0.0301442 0.0243377 0.0189416 0.014098 0.00994712 0.00659286 0.00406773
 0.00874504 0.0141866 0.0213082 0.030012 0.0399611 0.0504312 0.0602832 0.0682406 0.0733589 0.0753364 0.0744619 0.0713326 0.0665985 0.0608407 0.0545349 0.0480381 0.0415887 0.0353273 0.0293364 0.0236832 0.0184532 0.0137597 0.00972842 0.00646039 0.00399258
 0.00863351 0.0140409 0.0211547 0.0298963 0.0399354 0.0505334 0.0605206 0.0685884 0.0737724 0.0757688 0.074875 0.0716972 0.0668876 0.0610246 0.0545846 0.0479374 0.0413466 0.0349825 0.028948 0.023312 0.0181432 0.01353 0.00957578 0.00636873 0.00394253
 0.00856198 0.0139109 0.0209365 0.0295618 0.0394744 0.049974 0.0599403 0.0681009 0.0734905 0.0757602 0.0751386 0.0721714 0.0674797 0.0616407 0.0551473 0.048391 0.0416594 0.0351493 0.0289895 0.023268 0.0180592 0.0134433 0.00950762 0.00632473 0.00391864
#pred catch len freq
 0.00465311 0.00730542 0.010545 0.0142519 0.0183564 0.0228333 0.0276277 0.0326015 0.0375495 0.0422501 0.0465044 0.0501554 0.0531043 0.0553205 0.056838 0.0577456 0.0581747 0.0582667 0.0580922 0.0575197 0.0561133 0.0531942 0.0481474 0.0408605 0.0319893
 0.00489095 0.0076152 0.0108722 0.0145064 0.0184473 0.0227186 0.0273474 0.0322665 0.0372885 0.0421472 0.0465667 0.050328 0.0533172 0.0555345 0.0570645 0.0580302 0.058555 0.0587274 0.0585417 0.0578095 0.0560981 0.0528047 0.0474335 0.0399737 0.031115
 0.00513172 0.00799389 0.0114133 0.0152107 0.0192772 0.0235859 0.0281174 0.0327929 0.0374734 0.041994 0.0461835 0.0498721 0.0529189 0.0552519 0.0568926 0.0579417 0.0585306 0.0587508 0.0585721 0.0577648 0.0558751 0.0523324 0.0467229 0.0391252 0.030275
 0.00537219 0.00837013 0.0119539 0.0159365 0.0202018 0.024711 0.0294174 0.0341931 0.0388368 0.043138 0.0469317 0.0501239 0.0526926 0.0546718 0.056126 0.0571302 0.0577539 0.0580285 0.0578796 0.0570484 0.0550714 0.0514004 0.045678 0.0380486 0.0292841
 0.00563051 0.00877168 0.0125252 0.0166938 0.0211537 0.0258608 0.0307612 0.0357096 0.0404743 0.0448 0.0484709 0.0513568 0.0534428 0.0548306 0.0556953 0.0562193 0.0565288 0.0566449 0.0564377 0.0555853 0.0535865 0.0498948 0.0441882 0.0366543 0.0280831
 0.00594284 0.0092528 0.0132009 0.017574 0.0222363 0.0271373 0.0322169 0.0373194 0.0421964 0.0465711 0.0502008 0.0529237 0.054696 0.0556096 0.0558695 0.0557322 0.0554228 0.0550461 0.0545094 0.0534791 0.0514199 0.0477621 0.0421825 0.034876 0.0266224
 0.00628951 0.00978851 0.0139562 0.0185615 0.0234532 0.0285692 0.0338366 0.0390836 0.0440447 0.0484298 0.0519868 0.0545454 0.0560507 0.0565809 0.0563342 0.0555819 0.054597 0.0535617 0.0524667 0.0510416 0.0487806 0.0451158 0.0397097 0.0327291 0.024905
 0.00664185 0.0103369 0.0147373 0.0195962 0.0247482 0.0301173 0.035613 0.0410384 0.0461012 0.0504894 0.0539401 0.0562831 0.0574711 0.0575917 0.0568486 0.0555166 0.0538818 0.0521632 0.0504174 0.0484579 0.0458579 0.0421002 0.0368558 0.0302525 0.0229425
 0.00702223 0.0109205 0.0155522 0.0206505 0.0260355 0.0316253 0.0373239 0.0429219 0.0481047 0.0525326 0.0559185 0.0580776 0.0589627 0.0586737 0.0574319 0.0555283 0.0532626 0.0508752 0.0484661 0.0459207 0.0429028 0.0389756 0.0338471 0.0276175 0.0208504
 0.00742383 0.0115394 0.0164212 0.0217798 0.0274158 0.0332324 0.0391192 0.0448501 0.0500947 0.0545031 0.0577824 0.0597452 0.060342 0.0596734 0.0579669 0.0555238 0.0526581 0.0496306 0.0465775 0.0434462 0.039987 0.0358521 0.0308036 0.0249279 0.0187038
 0.00787295 0.0122288 0.0173843 0.0230235 0.028926 0.03498 0.0410602 0.0469204 0.0522068 0.0565514 0.0596555 0.0613393 0.0615713 0.0604725 0.0582865 0.055323 0.0519 0.0482862 0.044642 0.0409666 0.0370894 0.0327507 0.027773 0.0222393 0.0165505
 0.00826717 0.0128431 0.01826 0.0241836 0.0303746 0.0367016 0.0430142 0.0490351 0.0543807 0.0586632 0.0615785 0.062955 0.062781 0.0612054 0.0585007 0.0549996 0.051032 0.0468735 0.0426982 0.0385412 0.0342961 0.0297812 0.0248772 0.0196688 0.0144883
 0.00852171 0.0132513 0.018865 0.0250251 0.0314854 0.0381004 0.0446934 0.0509499 0.0564453 0.060757 0.0635596 0.0646791 0.0641203 0.0620644 0.0588226 0.0547628 0.0502411 0.0455491 0.0408765 0.0362865 0.031721 0.0270603 0.0222325 0.0173235 0.0126062
 0.00882145 0.013708 0.0194974 0.0258356 0.0324682 0.0392511 0.0460118 0.0524312 0.0580653 0.0624587 0.0652497 0.0662357 0.0654121 0.0629722 0.0592572 0.0546737 0.0496148 0.0444034 0.0392557 0.034265 0.0294146 0.0246323 0.0198813 0.015244 0.0109396
 0.00918901 0.0142688 0.0202731 0.0268227 0.0336418 0.0405719 0.0474309 0.0538925 0.0595103 0.0638328 0.0665042 0.0673228 0.0662773 0.0635516 0.0594842 0.0544914 0.0489887 0.0433288 0.0377619 0.0324191 0.0273259 0.0224517 0.0177857 0.0134023 0.00947059
 0.0094855 0.0147273 0.0209195 0.0276667 0.0346769 0.0417766 0.0487655 0.0552965 0.0609048 0.0651311 0.0676269 0.06821 0.0668926 0.0638772 0.0595098 0.0542047 0.0483741 0.0423758 0.0364793 0.0308491 0.0255535 0.0206034 0.0160125 0.0118474 0.00823333
 0.0096397 0.0149723 0.0212785 0.0281596 0.0353193 0.042577 0.0497194 0.0563791 0.0620672 0.0663023 0.0687211 0.0691404 0.0675864 0.0642872 0.0596168 0.0540103 0.0478889 0.0416122 0.0354542 0.0295963 0.0241367 0.0191211 0.0145858 0.0105937 0.00723461
 0.00982338 0.01524 0.0216254 0.0285648 0.0357566 0.0430305 0.0501934 0.0568948 0.0626484 0.0669567 0.0694285 0.069851 0.0682303 0.0647905 0.0599172 0.0540675 0.0476865 0.0411535 0.0347578 0.0286964 0.023089 0.0180053 0.0134991 0.00963058 0.00646281
