SBPRF35
7.78865
Curr Bio
476243
B35
644905
F35
0.208252
FOFL
0.14562
OFL
53763.3
Bzero
2.22533e+006
#pred survey bio
 3.81513e+006 3.49243e+006 3.16348e+006 2.80016e+006 2.47076e+006 2.17195e+006 1.88426e+006 1.63219e+006 1.44187e+006 1.26566e+006 1.12008e+006 990932 874494 791969 745939 707144 679185 654610 641429 622482 613945 608021 602083 603809 605809 600697 587833 584611 576607 575788 556728 551108 528015 527873 528477 539346 549431 567680 582014 594591 598099 602064 609444 622105 614183 612730 609146 562530 562871 558626 529245 529141 538923 536289 497826 480373 1.62495e+007 9.50906e+006 9.6552e+006 1.04586e+007 1.16234e+007 1.28565e+007 1.39803e+007 1.49181e+007 1.56575e+007 1.62186e+007 1.66338e+007 1.6936e+007 1.71538e+007 1.73099e+007 1.74218e+007 1.7502e+007 1.75598e+007 1.76016e+007 1.7632e+007 1.76543e+007 1.76708e+007 1.7683e+007 1.76921e+007 1.76989e+007 1.77041e+007 1.7708e+007 1.77109e+007 1.77132e+007 1.77149e+007 1.77162e+007 1.77172e+007 1.7718e+007 1.77186e+007 1.77191e+007 1.77194e+007 1.77197e+007 1.77199e+007 1.77201e+007 1.77202e+007 1.77203e+007 1.77204e+007 1.77204e+007 1.77205e+007 1.77205e+007 1.77205e+007 1.77205e+007 1.77206e+007 1.77206e+007 1.77206e+007 1.77206e+007 1.77206e+007 1.77206e+007 1.77206e+007 1.77206e+007 1.77206e+007 1.77206e+007 1.77206e+007 1.77206e+007 1.77206e+007 1.77206e+007 1.77206e+007 1.77206e+007 1.77206e+007 1.77206e+007 1.77206e+007 1.77206e+007 1.77206e+007 1.77206e+007 1.77206e+007 1.77206e+007 1.77206e+007 1.77206e+007 1.77206e+007 1.77206e+007 1.77206e+007 1.77206e+007 1.77206e+007 1.77206e+007 1.77206e+007 1.77206e+007 1.77206e+007 1.77206e+007 1.77206e+007 1.77206e+007 1.77206e+007 1.77206e+007 1.77206e+007 1.77206e+007 1.77206e+007 1.77206e+007 1.77206e+007 1.77206e+007 1.77206e+007 1.77206e+007 1.77206e+007 1.77206e+007 1.77206e+007 1.77206e+007 1.77206e+007 1.77206e+007 0 0 0 0 0 0 0 0 0 0 0 0 0 0 0 0 0 0 0 0 0 0 0 0 0
#obs survey bio
 2.60336e+006 2.83123e+006 3.83684e+006 2.41528e+006 1.83678e+006 1.489e+006 1.27987e+006 1.63064e+006 1.06609e+006 1.16805e+006 897915 869979 789057 539110 555850 650687 735322 409018 535182 523868 604600 509089 395986 482017 519863 416644 614479 419536 561346 393074 447853 706485 377819 511790 442925 469080 452160 747354 492176 671028 494777 605078 486279 624186 681289 566920 559764 485152 818313 674682 486677 564550 620924 520525 470718 474013
#pred catch bio
 220644 246489 302466 300136 299926 314261 301865 261144 258233 237465 226743 216543 185961 152932 144318 132068 126507 115022 118008 107507 104242 103346 96330.2 95297.8 99618.2 103876 93373.7 94608.2 85641.9 97691.3 83067.6 97085.2 81215.6 86586 82792.8 86615 81618.6 85716.9 87181.3 94088.1 92850.6 89593.4 85183.4 101818 95070.6 96017.5 130120 89161.7 93405.8 113106 86951.3 77566.1 85383.6 111083 88223.4 81336 53763.3 72613.5 72358.3 77096.1 85326.4 94324.6 102479 109155 114274 118026 120686 122524 123771 124604 125154 125514 125748 125899 125995 126057 126097 126122 126138 126148 126155 126159 126161 126163 126164 126165 126165 126165 126165 126166 126166 126166 126166 126166 126166 126166 126166 126166 126166 126166 126166 126166 126166 126166 126166 126166 126166 126166 126166 126166 126166 126166 126166 126166 126166 126166 126166 126166 126166 126166 126166 126166 126166 126166 126166 126166 126166 126166 126166 126166 126166 126166 126166 126166 126166 126166 126166 126166 126166 126166 126166 126166 126166 126166 126166 126166 126166 126166 126166 126166 126166 126166 126166 126166 126166 126166 0 0 0 0 0 0 0 0 0 0 0 0 0 0 0 0 0 0 0 0 0 0 0 0 0
#obs catch bio
 249453 246937 304157 302573 303695 320572 310122 267206 264976 242937 232087 223531 191755 157208 148162 134746 128685 117439 120643 109445 106242 105322 98238.3 97219.1 101310 105796 95107.4 96455.6 86390.9 99489.2 83834.6 98471.8 82071.3 87613.6 83834.9 87941.6 82851.2 86641.7 88055.9 94864.1 93430.9 90341.4 85480.1 102493 95441.8 96114.6 131884 89389.5 93460.8 114160 87611.1 77854 85319.1 111765 88475.6 81310.4
#pred cpue bio
 3.75585e+006 3.43652e+006 3.1113e+006 2.75024e+006 2.42212e+006 2.12477e+006 1.83906e+006 1.58921e+006 1.40077e+006 1.22663e+006 1.08281e+006 955348 840824 760036 715260 677796 650922 627159 614380 596100 587925 582273 576568 578338 580602 576000 563723 560953 553736 553457 535359 530257 507189 505442 504701 514808 524644 542626 556903 569421 573083 577072 584365 596834 589270 587989 584582 539067 539147 535057 506522 506520 516680 514927 477854 461365 1.56414e+007 9.16537e+006 9.18245e+006 9.83418e+006 1.09435e+007 1.2163e+007 1.32841e+007 1.42214e+007 1.49606e+007 1.55217e+007 1.59369e+007 1.62391e+007 1.64569e+007 1.66131e+007 1.67249e+007 1.68051e+007 1.68629e+007 1.69047e+007 1.69351e+007 1.69574e+007 1.69739e+007 1.69861e+007 1.69952e+007 1.7002e+007 1.70072e+007 1.70111e+007 1.70141e+007 1.70163e+007 1.7018e+007 1.70194e+007 1.70204e+007 1.70211e+007 1.70217e+007 1.70222e+007 1.70225e+007 1.70228e+007 1.7023e+007 1.70232e+007 1.70233e+007 1.70234e+007 1.70235e+007 1.70236e+007 1.70236e+007 1.70236e+007 1.70237e+007 1.70237e+007 1.70237e+007 1.70237e+007 1.70237e+007 1.70237e+007 1.70237e+007 1.70237e+007 1.70237e+007 1.70237e+007 1.70237e+007 1.70237e+007 1.70237e+007 1.70238e+007 1.70238e+007 1.70238e+007 1.70238e+007 1.70238e+007 1.70238e+007 1.70238e+007 1.70238e+007 1.70238e+007 1.70238e+007 1.70238e+007 1.70238e+007 1.70238e+007 1.70238e+007 1.70238e+007 1.70238e+007 1.70238e+007 1.70238e+007 1.70238e+007 1.70238e+007 1.70238e+007 1.70238e+007 1.70238e+007 1.70238e+007 1.70238e+007 1.70238e+007 1.70238e+007 1.70238e+007 1.70238e+007 1.70238e+007 1.70238e+007 1.70238e+007 1.70238e+007 1.70238e+007 1.70238e+007 1.70238e+007 1.70238e+007 1.70238e+007 1.70238e+007 1.70238e+007 1.70238e+007 1.70238e+007 1.70238e+007 0 0 0 0 0 0 0 0 0 0 0 0 0 0 0 0 0 0 0 0 0 0 0 0 0
#obs cpue bio
 3.30814e+006 3.42388e+006 2.18092e+006 1.80197e+006 1.85192e+006 1.70714e+006 1.29171e+006 1.28576e+006 1.46142e+006 1.14455e+006 1.03339e+006 512432 566320 646409 747697 704362 572677 472366 592773 576646 406281 544873 517922 509022 725215 659806 304845 648404 800248 485970 660694 401762 483916 512641 394708 445723 407383 553904 559642 590033 692149 416968 836255 616792 494332 663793 461045 580597 489218 326176 364782 538492 658528 466292 431754 629788
#pred surv len freq
 0.00615512 0.00986507 0.0146036 0.0202614 0.0266425 0.0333962 0.0399778 0.045759 0.0502591 0.0533122 0.0550502 0.0557607 0.0557505 0.0552738 0.0545051 0.0535356 0.052384 0.0510146 0.049336 0.0471751 0.0442596 0.0402751 0.0350316 0.0286694 0.0217467
 0.00639111 0.0101614 0.0148951 0.0204523 0.0266555 0.0332384 0.0397761 0.0457264 0.0505952 0.054093 0.0561768 0.0569978 0.0568274 0.0559885 0.0547834 0.0534285 0.0520186 0.0505234 0.0487987 0.0465967 0.0435958 0.0394875 0.0341366 0.0277477 0.0209083
 0.00692167 0.0109652 0.0159897 0.0218006 0.0281604 0.0347488 0.0411095 0.0467181 0.0511651 0.0542933 0.056172 0.0569729 0.0568799 0.0560782 0.0547718 0.0531721 0.0514474 0.0496612 0.0477263 0.0453986 0.0423295 0.038192 0.0328605 0.0265644 0.0199009
 0.00735947 0.0116821 0.0170755 0.0233342 0.0301832 0.0372261 0.0438947 0.0495489 0.0537112 0.0562459 0.0573381 0.057329 0.0565571 0.0552835 0.0536871 0.0518891 0.049972 0.0479689 0.0458193 0.0433284 0.0401864 0.0360848 0.0309023 0.0248611 0.0185317
 0.00774383 0.0122902 0.0179623 0.0245463 0.031759 0.0391897 0.0462381 0.0522049 0.0565307 0.0589943 0.0597239 0.0590678 0.0574511 0.0552793 0.0528771 0.050453 0.0480958 0.0457899 0.0434243 0.0407878 0.0375908 0.0335573 0.0285847 0.0228823 0.0169757
 0.00808719 0.0128379 0.0187673 0.0256516 0.0331919 0.0409527 0.0482995 0.0544958 0.0589527 0.0614278 0.0620276 0.0610707 0.0589573 0.0561012 0.0528887 0.0496336 0.0465332 0.0436427 0.0408712 0.0379983 0.0347247 0.0307772 0.0260541 0.0207425 0.0153125
 0.00839683 0.0133389 0.0195168 0.0267016 0.0345793 0.0426848 0.050338 0.0567519 0.0612993 0.0637252 0.064145 0.062894 0.0603807 0.0570165 0.0531862 0.0492237 0.0453807 0.041792 0.0384474 0.0351855 0.0317387 0.0278411 0.0233762 0.0184875 0.0135723
 0.00874145 0.0138766 0.020285 0.0277229 0.0358621 0.0442225 0.0521036 0.0586905 0.0633264 0.0657334 0.0660171 0.0645166 0.0616549 0.0578596 0.0535275 0.0489993 0.0445407 0.0403221 0.0363946 0.0326737 0.0289617 0.0250352 0.020777 0.0162844 0.0118712
 0.00903965 0.0143416 0.0209481 0.0286002 0.0369533 0.0455094 0.0535475 0.0602328 0.0648965 0.0672599 0.0674356 0.065768 0.0626803 0.0585963 0.0539096 0.0489616 0.044025 0.0392904 0.03485 0.0306828 0.0266658 0.0226369 0.018501 0.0143241 0.0103436
 0.00940396 0.0149102 0.0217593 0.0296723 0.0382804 0.0470566 0.0552453 0.0619785 0.0665691 0.0687456 0.0686501 0.0666661 0.0632492 0.0588411 0.0538356 0.048563 0.0432818 0.0381778 0.0333589 0.0288462 0.024579 0.0204576 0.0164212 0.0125207 0.00893034
 0.00976721 0.0154753 0.0225619 0.0307284 0.0395832 0.048574 0.0569142 0.0637032 0.0682305 0.0702209 0.0698345 0.0674886 0.063679 0.058884 0.0535224 0.0479318 0.0423624 0.036986 0.0319048 0.027156 0.0227188 0.0185427 0.0146012 0.0109407 0.00768813
 0.00996741 0.0158167 0.023104 0.0315335 0.0406991 0.0500084 0.0586123 0.0655451 0.0700544 0.0718616 0.0711565 0.0684023 0.0641429 0.0588988 0.0531223 0.0471723 0.0413058 0.0356885 0.0304134 0.0255167 0.0209933 0.0168208 0.0129953 0.00956064 0.00660816
 0.0101321 0.016084 0.0235068 0.0321054 0.0414722 0.051006 0.059837 0.0669648 0.0715936 0.0734029 0.0725566 0.0695191 0.0648651 0.0591672 0.052934 0.0465701 0.0403599 0.0344779 0.0290146 0.0240017 0.0194357 0.0153034 0.0116079 0.00838523 0.00569655
 0.0102541 0.0162678 0.0237576 0.0324213 0.0418497 0.051447 0.0603526 0.0675723 0.0723076 0.0742215 0.0734488 0.0704189 0.0656774 0.0597864 0.0532699 0.0465696 0.0400163 0.0338261 0.0281174 0.0229366 0.0182872 0.0141585 0.0105509 0.00748636 0.0049984
 0.0102248 0.0162233 0.0236966 0.0323457 0.0417646 0.0513625 0.0602855 0.0675488 0.072363 0.0743963 0.0737778 0.0709154 0.0663189 0.0605081 0.0539736 0.047146 0.040373 0.0339101 0.0279241 0.0225051 0.0176874 0.0134761 0.0098721 0.0068834 0.00451755
 0.0102703 0.0162839 0.0237633 0.0324019 0.0417915 0.0513465 0.0602253 0.0674572 0.0722642 0.0743216 0.0737611 0.0709893 0.0665066 0.0608135 0.0543709 0.0475775 0.0407592 0.0341714 0.028004 0.022387 0.0173971 0.0130721 0.00942702 0.00646483 0.00417249
 0.0104145 0.0164869 0.0240103 0.0326582 0.0420112 0.0514868 0.0602592 0.0673799 0.0720924 0.0740886 0.0735112 0.0707704 0.0663622 0.0607742 0.054447 0.0477533 0.0409927 0.0344011 0.0281658 0.0224336 0.0173137 0.0128791 0.00917044 0.00619817 0.00393919
 0.0105128 0.016645 0.0242434 0.0329747 0.0424055 0.0519314 0.0607006 0.0677464 0.0723141 0.074123 0.073359 0.0704738 0.065989 0.0603973 0.0541263 0.047525 0.0408632 0.0343484 0.028148 0.022404 0.017238 0.0127473 0.0089974 0.00601358 0.00377296
 0.0104488 0.016556 0.0241378 0.0328717 0.0423318 0.0519142 0.0607598 0.067886 0.0725176 0.0743529 0.0735657 0.0706119 0.0660352 0.0603587 0.054036 0.0474264 0.0407924 0.0343213 0.0281569 0.0224244 0.0172417 0.0127162 0.00893035 0.00592451 0.0036819
 0.0105469 0.0166923 0.0243007 0.0330374 0.042473 0.0520128 0.0608168 0.0679203 0.0725552 0.0744123 0.0736463 0.0706933 0.0660855 0.0603494 0.0539556 0.0472864 0.0406219 0.0341535 0.028015 0.0223145 0.0171553 0.0126397 0.00885454 0.00584891 0.00361245
 0.0105526 0.0167036 0.0243208 0.0330684 0.0425128 0.0520527 0.060841 0.0679125 0.0725087 0.0743378 0.0735711 0.0706488 0.0660903 0.0603998 0.0540288 0.0473537 0.0406635 0.0341654 0.0280054 0.0222948 0.0171325 0.0126145 0.0088254 0.00581594 0.0035789
 0.0105854 0.0167472 0.0243686 0.0331091 0.0425343 0.0520478 0.0608109 0.0678652 0.0724533 0.0742799 0.0735132 0.0705946 0.0660487 0.0603824 0.0540425 0.0473949 0.0407187 0.0342181 0.0280443 0.0223165 0.0171393 0.0126104 0.00881382 0.00579974 0.00356107
 0.0105823 0.016748 0.0243801 0.0331396 0.0425897 0.0521262 0.0608997 0.0679439 0.0725017 0.0742868 0.0734799 0.0705323 0.0659727 0.0603073 0.0539801 0.0473528 0.0406987 0.0342157 0.028051 0.0223236 0.0171414 0.0126061 0.00880435 0.00578743 0.00354835
 0.0103856 0.0164615 0.024011 0.0327174 0.0421599 0.051738 0.0605952 0.0677514 0.0724327 0.0743352 0.0736248 0.0707446 0.0662235 0.0605739 0.0542479 0.047613 0.0409451 0.034443 0.0282528 0.022494 0.0172764 0.0127051 0.0088707 0.00582745 0.00356955
 0.0102939 0.0163044 0.0237618 0.032351 0.0416642 0.0511292 0.0599281 0.0671141 0.071923 0.0740296 0.0735557 0.0708972 0.0665492 0.0610105 0.0547364 0.0481071 0.0414137 0.034867 0.0286216 0.0228019 0.0175214 0.0128892 0.00899984 0.00591113 0.0036191
 0.01028 0.0162824 0.0237282 0.0322997 0.0415836 0.0510013 0.0597314 0.0668341 0.0715665 0.0736337 0.0731839 0.0706198 0.0664181 0.0610417 0.0549098 0.0483793 0.0417355 0.0351964 0.0289289 0.0230692 0.0177402 0.0130573 0.00912041 0.00599113 0.00366774
 0.0101575 0.0161168 0.0235407 0.0321298 0.0414762 0.0509866 0.0598086 0.0669683 0.0717008 0.0737109 0.0731685 0.0705114 0.0662512 0.0608718 0.0547906 0.0483436 0.0417871 0.0353155 0.0290851 0.0232331 0.0178899 0.0131806 0.00921301 0.00605471 0.00370751
 0.00994531 0.0157871 0.0230753 0.031528 0.0407622 0.0502151 0.0590655 0.0663571 0.0713131 0.0735934 0.0733058 0.0708371 0.0666804 0.0613342 0.0552485 0.0487886 0.0422245 0.0357475 0.0295026 0.0236181 0.0182231 0.0134487 0.00941276 0.00619185 0.00379391
 0.00993164 0.0157448 0.0229745 0.0313291 0.0404264 0.0497218 0.0584298 0.0656364 0.0705997 0.0729929 0.0729096 0.0706973 0.0667959 0.0616559 0.0557014 0.0492997 0.0427413 0.0362413 0.0299594 0.0240284 0.0185769 0.0137369 0.00963159 0.00634514 0.00389225
 0.00973077 0.015452 0.0225953 0.0308867 0.0399505 0.0492332 0.0579314 0.0651202 0.0700652 0.0724659 0.0724481 0.0703788 0.0666909 0.0618009 0.0560841 0.0498644 0.0434096 0.0369358 0.0306206 0.0246181 0.0190745 0.0141343 0.00992965 0.00655315 0.00402601
 0.00980927 0.0155538 0.0227018 0.0309668 0.0399717 0.0491767 0.0578011 0.0649374 0.0698513 0.0722278 0.0721784 0.0700729 0.0663672 0.061506 0.055878 0.049794 0.0434882 0.037141 0.0309063 0.0249333 0.0193768 0.0143956 0.0101362 0.00670298 0.00412538
 0.0105815 0.0166324 0.0239974 0.0322851 0.0410666 0.0498385 0.0579287 0.0645588 0.0690909 0.0712503 0.071138 0.069083 0.0654923 0.0607728 0.0552945 0.049365 0.0432179 0.0370244 0.0309221 0.0250437 0.0195371 0.0145652 0.0102868 0.00682016 0.00420672
 0.0116153 0.018219 0.0262009 0.0350774 0.0443076 0.0532644 0.0611592 0.067151 0.070651 0.0715616 0.070232 0.0672084 0.0630089 0.0580348 0.0525784 0.0468521 0.0410114 0.035174 0.0294402 0.0239139 0.01872 0.0140064 0.00992653 0.00660202 0.00408333
 0.0115808 0.0182691 0.0264711 0.0357556 0.0455806 0.0552319 0.0637554 0.0701182 0.0735846 0.0740094 0.0718098 0.0676967 0.0624003 0.056518 0.0504647 0.0444786 0.0386625 0.0330447 0.0276371 0.0224748 0.0176348 0.0132347 0.00941089 0.00627982 0.00389607
 0.0113007 0.0178672 0.025972 0.0352337 0.0451621 0.0550843 0.0640611 0.0710252 0.0751398 0.0760982 0.0741447 0.0698788 0.0640367 0.0573429 0.0504098 0.043668 0.0373454 0.0315044 0.026116 0.021136 0.0165587 0.0124358 0.00886082 0.00592878 0.00368902
 0.0110707 0.0175017 0.0254404 0.0345209 0.0442822 0.0540981 0.0630907 0.070252 0.074772 0.0763122 0.0750173 0.0713382 0.065857 0.059196 0.0519612 0.0446797 0.0377387 0.0313583 0.0256098 0.0204723 0.0159024 0.0118863 0.00845505 0.00565953 0.00352722
 0.0108718 0.0172017 0.0250313 0.0340087 0.0436817 0.0534279 0.0623743 0.0695287 0.074111 0.075819 0.0748206 0.0715529 0.0665333 0.060277 0.0532774 0.0459913 0.0388146 0.0320518 0.025896 0.0204321 0.0156696 0.0115904 0.00818512 0.00545652 0.00339533
 0.0106928 0.0169152 0.0246099 0.0334334 0.0429497 0.0525617 0.0614291 0.0685874 0.0732686 0.0751624 0.0744188 0.0714584 0.0667854 0.0608904 0.0542181 0.047158 0.0400463 0.0331699 0.0267621 0.0209889 0.015945 0.0116664 0.00815475 0.00539166 0.00333588
 0.0105948 0.0167604 0.0243847 0.0331266 0.0425527 0.0520702 0.0608475 0.0679357 0.0725867 0.0745091 0.0738647 0.0710741 0.06663 0.0610029 0.0546099 0.0478036 0.0408754 0.0340721 0.0276108 0.0216794 0.0164252 0.0119446 0.00828057 0.00542697 0.0033311
 0.0104753 0.0165805 0.0241404 0.0328229 0.042201 0.0516837 0.0604383 0.0675143 0.0721637 0.0740986 0.0734872 0.0707602 0.0664192 0.0609386 0.0547284 0.0481214 0.0413775 0.0347071 0.028297 0.0223249 0.0169553 0.0123229 0.0085128 0.00554721 0.0033816
 0.0105133 0.0166266 0.0241811 0.0328364 0.0421637 0.0515796 0.0602662 0.0672874 0.0719024 0.0738209 0.0732046 0.0704806 0.0661554 0.0607141 0.0545777 0.0480816 0.0414745 0.0349418 0.0286387 0.0227172 0.0173336 0.0126351 0.00873446 0.00568206 0.00345107
 0.0104708 0.0165706 0.0241201 0.0327841 0.0421323 0.0515706 0.0602655 0.0672692 0.0718412 0.0737045 0.0730393 0.0702865 0.0659566 0.0605326 0.0544333 0.0479946 0.0414654 0.0350244 0.0288111 0.0229562 0.0175991 0.0128838 0.00893419 0.00582041 0.00353371
 0.0104429 0.0165189 0.0240317 0.0326459 0.0419374 0.0513266 0.0599982 0.0670176 0.0716423 0.073578 0.0729816 0.0702779 0.0659752 0.060565 0.0544774 0.0480571 0.0415573 0.0351562 0.0289874 0.0231704 0.017832 0.0131083 0.009125 0.00596294 0.00362701
 0.0102953 0.0163014 0.0237456 0.0323059 0.041566 0.0509458 0.0596257 0.0666693 0.0713385 0.0733459 0.0728501 0.070266 0.0660824 0.0607703 0.0547481 0.048361 0.0418719 0.0354703 0.0292969 0.0234715 0.0181165 0.0133629 0.00933605 0.00612196 0.00373458
 0.010313 0.0163289 0.0237846 0.0323573 0.0416294 0.0510192 0.0597038 0.0667413 0.071388 0.0733538 0.0728016 0.0701593 0.0659317 0.060602 0.0545902 0.0482344 0.0417867 0.0354286 0.0292966 0.0235083 0.0181824 0.0134462 0.00942219 0.00619793 0.0037925
 0.0103371 0.0163566 0.0238054 0.0323553 0.0415888 0.0509325 0.0595776 0.0665965 0.0712518 0.073249 0.0727384 0.0701333 0.0659298 0.0606105 0.0546021 0.0482508 0.0418137 0.0354722 0.0293594 0.0235884 0.0182744 0.0135417 0.00951176 0.00627349 0.0038494
 0.0103389 0.0163652 0.0238281 0.0324001 0.0416599 0.0510242 0.0596714 0.0666656 0.0712723 0.0732114 0.0726524 0.0700218 0.0658172 0.0605127 0.0545245 0.0481921 0.041772 0.0354479 0.0293543 0.0236036 0.0183077 0.0135873 0.00956187 0.00632025 0.00388726
 0.010725 0.0169615 0.0246652 0.0334814 0.0429564 0.0524701 0.06116 0.0680529 0.0723979 0.0739339 0.0728837 0.0697475 0.0650957 0.059456 0.0532693 0.0468706 0.0404918 0.0342849 0.0283543 0.0227876 0.0176773 0.0131289 0.00925036 0.00612401 0.00377358
 0.0105554 0.0167162 0.0243544 0.033138 0.0426324 0.0522276 0.0610593 0.0681404 0.0726924 0.0744139 0.0734841 0.0703712 0.0656392 0.059839 0.0534541 0.0468664 0.0403426 0.0340503 0.0280914 0.0225399 0.017471 0.0129744 0.00914598 0.00606072 0.00373949
 0.0105189 0.0166494 0.0242409 0.0329614 0.0423844 0.0519188 0.0607278 0.0678494 0.0725142 0.0744068 0.0736715 0.0707322 0.0661122 0.0603377 0.0538915 0.047178 0.0405019 0.034069 0.0280085 0.0224039 0.0173249 0.0128468 0.00905009 0.00599737 0.00370252
 0.0106017 0.0167982 0.0244889 0.0333417 0.0429146 0.0525808 0.0614554 0.0685376 0.0730529 0.0747218 0.0737489 0.0706126 0.0658626 0.0600197 0.053541 0.0468043 0.0401003 0.0336378 0.0275598 0.0219641 0.0169259 0.0125149 0.00879803 0.00582314 0.00359318
 0.0101708 0.0161634 0.0236581 0.0323712 0.0419015 0.051644 0.0607145 0.0680917 0.0729583 0.0749738 0.0742821 0.0713249 0.0666504 0.0608046 0.0542752 0.0474599 0.0406569 0.0340789 0.0278775 0.0221647 0.0170307 0.0125539 0.00880074 0.00581183 0.00358055
 0.00990809 0.0157214 0.0229692 0.0313739 0.0405669 0.0500123 0.0589215 0.066361 0.0715492 0.0741048 0.0740681 0.0717545 0.0676068 0.0621113 0.0557467 0.0489385 0.0420292 0.0352748 0.0288617 0.0229292 0.0175891 0.012936 0.0090452 0.00595814 0.00366255
 0.00990573 0.015702 0.0229084 0.0312323 0.0402913 0.0495437 0.0582126 0.0654015 0.0703919 0.0728787 0.0729613 0.0709646 0.0672775 0.0622868 0.0563651 0.0498636 0.0430989 0.0363441 0.0298257 0.0237284 0.0182035 0.0133749 0.00933623 0.00613696 0.00376421
 0.00972302 0.0154945 0.0227582 0.0312621 0.0406196 0.0502183 0.0591597 0.0664263 0.0712387 0.0733227 0.0728876 0.0704034 0.0663858 0.0612889 0.055476 0.0492261 0.0427571 0.0362573 0.0299077 0.0238881 0.0183714 0.0135122 0.00943051 0.00619254 0.00379239
 0.00899139 0.0144028 0.0213032 0.0295212 0.038749 0.0484354 0.0577126 0.0655443 0.0710632 0.0738438 0.0739315 0.0716944 0.0676545 0.0623668 0.0563291 0.0499213 0.0433934 0.036904 0.030577 0.0245448 0.0189623 0.0139949 0.00978789 0.00643256 0.0039387
#obs surv len freq
 0.00497345 0.00814538 0.0123876 0.017713 0.0239948 0.0308677 0.0377063 0.0437881 0.0485629 0.0518301 0.0537081 0.0544826 0.0544734 0.0539776 0.0532553 0.0525194 0.0519142 0.0514739 0.0510599 0.050303 0.0486211 0.0453836 0.0402136 0.0332801 0.025365
 0.00518401 0.00849144 0.0129154 0.018468 0.025013 0.0321614 0.0392505 0.0455148 0.0503712 0.0536045 0.0553365 0.0558648 0.0555238 0.0546247 0.0534426 0.0522097 0.0510958 0.0501683 0.0493278 0.0482477 0.0463858 0.0431399 0.0381375 0.0315181 0.0240027
 0.0054032 0.00885138 0.013464 0.0192529 0.0260728 0.0335122 0.0408708 0.0473396 0.0522996 0.0555178 0.0571161 0.0574037 0.0567306 0.0554241 0.0537739 0.0520259 0.0503672 0.0488916 0.0475401 0.0460401 0.0439093 0.0405946 0.0357411 0.0294596 0.022398
 0.00565184 0.00925622 0.0140746 0.020116 0.0272243 0.0349634 0.0425946 0.0492646 0.0543199 0.0575122 0.0589663 0.0590046 0.0579938 0.0562765 0.0541558 0.0518886 0.0496742 0.0476258 0.0457198 0.0437395 0.0412738 0.0378359 0.0331043 0.0271677 0.0205957
 0.00589082 0.00965064 0.0146791 0.0209848 0.0284004 0.0364613 0.044383 0.0512619 0.0564069 0.0595568 0.0608454 0.0606157 0.0592557 0.0571255 0.0545405 0.0517659 0.0490074 0.0463915 0.0439234 0.0414395 0.0386026 0.0350023 0.0303629 0.02476 0.0186861
 0.00612719 0.010037 0.0152648 0.021818 0.02952 0.0378834 0.0460859 0.0531788 0.0584327 0.0615662 0.0627125 0.0622284 0.0605234 0.0579807 0.0549352 0.0516642 0.0483804 0.0452187 0.0422064 0.0392253 0.0360091 0.0322254 0.0276515 0.0223581 0.0167668
 0.00638122 0.010451 0.0158895 0.0227011 0.0306962 0.0393602 0.0478289 0.0551075 0.060433 0.0635126 0.0644884 0.0637358 0.0616847 0.0587372 0.0552439 0.0514946 0.0477104 0.044035 0.0405135 0.0370669 0.0334918 0.0295299 0.0250125 0.0200111 0.014883
 0.00661507 0.0108369 0.0164809 0.0235505 0.0318445 0.0408189 0.049563 0.0570304 0.0624202 0.0654274 0.0662063 0.0651582 0.0627415 0.059383 0.0554516 0.0512474 0.0469975 0.0428508 0.0388675 0.0350013 0.0311041 0.0269842 0.0225231 0.0177951 0.0131006
 0.00683699 0.011202 0.0170384 0.0243492 0.0329232 0.0421913 0.0512016 0.0588599 0.0643265 0.0672782 0.0678731 0.0665325 0.0637435 0.0599638 0.0555887 0.0509371 0.0462451 0.0416669 0.0372722 0.0330404 0.0288688 0.0246219 0.0202246 0.0157541 0.01146
 0.00708445 0.0116038 0.0176421 0.0251979 0.0340471 0.0435938 0.0528454 0.0606622 0.0661708 0.0690359 0.0694245 0.0677797 0.0646153 0.0604161 0.055603 0.0505155 0.0454035 0.04043 0.0356745 0.0311361 0.0267472 0.0224168 0.0181039 0.0138853 0.00996505
 0.00724075 0.0118707 0.0180671 0.0258329 0.0349362 0.0447552 0.0542542 0.0622454 0.0678195 0.0706291 0.07085 0.0689458 0.0654544 0.0608839 0.0556766 0.05019 0.0446895 0.0393507 0.034267 0.0294576 0.0248846 0.0204915 0.0162621 0.0122692 0.00867623
 0.00746053 0.0122191 0.0185753 0.0265255 0.0358286 0.0458484 0.0555272 0.0636484 0.0692751 0.0720403 0.0721146 0.069971 0.0661685 0.061243 0.0556634 0.0498087 0.0439586 0.0382991 0.032935 0.0279027 0.0231887 0.0187641 0.0146296 0.0108508 0.00755367
 0.00754111 0.0123617 0.0188112 0.0268901 0.0363529 0.0465464 0.0563845 0.0646222 0.070305 0.0730637 0.0730756 0.0708193 0.0668551 0.0617184 0.055883 0.0497408 0.0435897 0.0376356 0.0320037 0.0267523 0.0218926 0.0174188 0.0133448 0.0097284 0.00666291
 0.00762974 0.0124942 0.0189904 0.0271142 0.036621 0.0468641 0.0567659 0.0650839 0.0708546 0.0736897 0.0737452 0.0714843 0.0674622 0.0622166 0.0562268 0.0498901 0.0435133 0.0373163 0.0314448 0.025983 0.0209699 0.0164244 0.0123733 0.00886785 0.00597439
 0.00769178 0.0125937 0.0191367 0.0273136 0.0368731 0.0471593 0.0570851 0.065404 0.0711587 0.0739765 0.0740278 0.0717794 0.0677743 0.0625295 0.0565045 0.0500861 0.0435806 0.0372175 0.03116 0.0255172 0.0203573 0.015726 0.0116661 0.00822707 0.00545417
 0.00774662 0.0126767 0.0192505 0.027457 0.0370424 0.0473496 0.0572905 0.0656167 0.0713684 0.0741721 0.0742021 0.0719331 0.0679161 0.0626697 0.0566451 0.0502128 0.0436629 0.0372169 0.0310425 0.0252661 0.0199825 0.0152648 0.0111753 0.00776729 0.00507242
 0.00777481 0.0127187 0.0193066 0.0275247 0.0371172 0.0474262 0.0573644 0.0656853 0.0714323 0.0742352 0.0742703 0.0720118 0.0680087 0.0627768 0.0567641 0.050336 0.0437742 0.037291 0.0310499 0.025183 0.019802 0.0150034 0.0108699 0.00746349 0.00480982
 0.00783812 0.0128116 0.0194277 0.0276658 0.0372653 0.0475668 0.0574844 0.0657751 0.0714867 0.0742545 0.0742607 0.0719846 0.0679773 0.0627532 0.0567559 0.0503444 0.0437929 0.0373058 0.0310406 0.0251292 0.0196909 0.0148376 0.0106686 0.00725636 0.00462569
 0.00786081 0.0128475 0.0194795 0.0277343 0.0373481 0.0476571 0.0575708 0.0658434 0.0715249 0.0742579 0.0742338 0.0719399 0.06793 0.0627169 0.0567392 0.0503499 0.0438167 0.0373377 0.0310654 0.0251299 0.0196544 0.0147602 0.0105591 0.00713315 0.00450949
 0.00787128 0.0128607 0.0194923 0.0277421 0.0373463 0.0476439 0.0575485 0.0658178 0.0715022 0.0742413 0.0742236 0.0719344 0.0679289 0.0627228 0.0567563 0.0503815 0.0438628 0.037393 0.0311199 0.0251705 0.0196693 0.0147435 0.0105138 0.00707008 0.00444316
 0.00788516 0.012882 0.0195218 0.0277789 0.0373876 0.0476843 0.0575807 0.0658345 0.0714987 0.0742183 0.0741867 0.0718922 0.0678893 0.062691 0.0567353 0.050373 0.0438674 0.0374093 0.0311429 0.0251924 0.019681 0.0147386 0.0104911 0.00703457 0.00440328
 0.00789605 0.0128953 0.0195339 0.027784 0.0373796 0.0476597 0.0575408 0.0657846 0.0714464 0.0741702 0.0741473 0.0718639 0.067874 0.0626899 0.0567488 0.0504003 0.0439061 0.0374559 0.0311926 0.0252392 0.0197183 0.0147612 0.0104974 0.00702702 0.00438759
 0.00789938 0.0128973 0.0195305 0.0277691 0.0373464 0.0476029 0.057459 0.0656823 0.0713338 0.0740612 0.074057 0.0718045 0.067852 0.0627055 0.0567967 0.0504724 0.0439937 0.0375505 0.0312866 0.0253254 0.0197907 0.0148154 0.0105319 0.00704401 0.00439182
 0.00789971 0.0128953 0.0195224 0.0277498 0.03731 0.0475447 0.0573773 0.0655795 0.0712166 0.0739403 0.0739454 0.0717161 0.0677986 0.0626943 0.0568285 0.0505418 0.0440905 0.0376629 0.0314028 0.025435 0.0198856 0.0148905 0.0105854 0.0070774 0.00440937
 0.00787213 0.0128514 0.0194584 0.0276627 0.0371986 0.0474105 0.0572255 0.0654194 0.0710604 0.0738016 0.0738363 0.0716465 0.0677749 0.0627192 0.0569008 0.0506556 0.044236 0.0378271 0.0315715 0.0255948 0.0200257 0.0150038 0.0106695 0.0071341 0.00444364
 0.00787278 0.0128497 0.0194505 0.0276435 0.0371624 0.0473535 0.057147 0.065323 0.0709526 0.0736906 0.073731 0.0715555 0.0677066 0.062681 0.056898 0.0506902 0.0443059 0.0379255 0.0316878 0.0257165 0.0201407 0.0151025 0.0107465 0.00718843 0.00447815
 0.00786344 0.0128331 0.019423 0.0276005 0.0370999 0.0472689 0.0570416 0.0652019 0.070825 0.0735675 0.0736239 0.071474 0.0676573 0.0626672 0.0569202 0.0507468 0.0443931 0.0380373 0.0318157 0.0258498 0.0202678 0.0152137 0.0108352 0.00725282 0.00452042
 0.00782892 0.0127779 0.0193419 0.0274896 0.0369576 0.0470979 0.05685 0.0650035 0.0706373 0.0734083 0.0735074 0.0714092 0.0676478 0.062711 0.0570113 0.0508765 0.0445514 0.0382138 0.0319996 0.02603 0.0204338 0.0153561 0.0109483 0.00733533 0.00457524
 0.0077901 0.0127138 0.0192437 0.0273492 0.03677 0.0468647 0.0565828 0.0647239 0.0703729 0.0731865 0.0733497 0.0713281 0.0676464 0.0627849 0.0571498 0.0510653 0.0447745 0.0384549 0.0322434 0.0262625 0.020643 0.0155329 0.0110876 0.00743667 0.0046428
 0.00777988 0.0126929 0.0192043 0.0272812 0.0366632 0.0467124 0.0563856 0.0644916 0.0701239 0.0729444 0.0731395 0.0711724 0.0675611 0.0627773 0.0572182 0.0511999 0.0449601 0.0386733 0.0324758 0.0264913 0.020853 0.0157128 0.0112307 0.00754171 0.00471346
 0.0077295 0.0126123 0.0190854 0.0271175 0.0364512 0.0464536 0.0560888 0.0641743 0.0698102 0.0726615 0.0729133 0.0710237 0.0675038 0.0628163 0.0573493 0.0514105 0.0452311 0.0389816 0.0327971 0.0268027 0.0211348 0.0159511 0.0114181 0.00767805 0.00480456
 0.00932519 0.0148452 0.0217786 0.0298833 0.038804 0.0479892 0.0566267 0.0637842 0.0687297 0.0711748 0.0712631 0.0693794 0.0659692 0.0614494 0.0561791 0.0504464 0.0444678 0.0384031 0.0323795 0.0265176 0.0209528 0.0158438 0.0113612 0.0076518 0.00479486
 0.0093114 0.0151166 0.0227047 0.0319218 0.0423008 0.0529094 0.0623831 0.0693336 0.072943 0.0732825 0.071109 0.0673618 0.0627669 0.0577323 0.0524427 0.0469849 0.0414223 0.0358223 0.0302628 0.0248388 0.0196703 0.0149063 0.0107104 0.00722667 0.0045358
 0.00897809 0.0145932 0.0219731 0.0310343 0.0414325 0.0523933 0.0626693 0.0708274 0.0757593 0.0770649 0.0750749 0.0705988 0.0646123 0.0580032 0.051404 0.0451343 0.0392577 0.0337069 0.028401 0.0233129 0.0184889 0.0140391 0.0101086 0.00683437 0.00429746
 0.00878919 0.0142804 0.0214926 0.0303451 0.0405133 0.0512727 0.0614655 0.0697749 0.0751901 0.0773163 0.0763364 0.0727685 0.0672657 0.0605302 0.0532556 0.0460318 0.0392477 0.0330605 0.027451 0.0223295 0.0176333 0.0133753 0.0096377 0.00652598 0.00411079
 0.00872209 0.0141613 0.0212942 0.0300341 0.0400563 0.0506467 0.0606733 0.0688605 0.0742528 0.0765177 0.0758866 0.0728727 0.0680351 0.0618949 0.0549452 0.0476619 0.0404748 0.0337129 0.0275616 0.0220696 0.0172074 0.0129426 0.00928441 0.0062768 0.00395438
 0.00869498 0.0141153 0.0212206 0.0299215 0.0398898 0.0504092 0.0603475 0.0684349 0.0737305 0.0759286 0.0752991 0.0723987 0.0678126 0.0620437 0.0555055 0.0485495 0.0414925 0.0346247 0.028191 0.022361 0.0172201 0.0127936 0.00908598 0.00610064 0.00382841
 0.00870247 0.0141244 0.0212283 0.0299223 0.0398761 0.0503715 0.0602751 0.0683158 0.0735521 0.0756814 0.0749844 0.0720392 0.0674613 0.0617823 0.0554231 0.0487038 0.0418727 0.0351415 0.0287092 0.0227592 0.0174392 0.0128477 0.00903463 0.00600951 0.00374272
 0.0086822 0.0140952 0.0211914 0.0298807 0.0398334 0.0503297 0.0602331 0.0682687 0.0734924 0.0756002 0.0748735 0.0718942 0.067288 0.0616027 0.0552782 0.0486451 0.0419403 0.0353396 0.0289956 0.0230597 0.0176822 0.0129945 0.00908862 0.00600169 0.00370898
 0.0086652 0.0140695 0.0211564 0.0298377 0.0397853 0.0502811 0.0601895 0.0682349 0.0734703 0.0755867 0.0748602 0.0718696 0.067242 0.0615326 0.0551935 0.0485692 0.0419044 0.0353697 0.0290966 0.0232099 0.0178413 0.0131238 0.00916783 0.00603325 0.00370941
 0.0086546 0.0140497 0.021122 0.0297826 0.0397053 0.0501767 0.0600684 0.0681119 0.0733633 0.0755109 0.0748232 0.0718693 0.0672679 0.0615701 0.0552304 0.0486011 0.0419373 0.0354169 0.0291701 0.0233107 0.0179566 0.0132324 0.00925142 0.00608457 0.0037328
 0.00867047 0.0140729 0.0211519 0.0298162 0.0397371 0.0501992 0.0600733 0.0680921 0.0733163 0.0754409 0.0747409 0.0717888 0.0672013 0.0615235 0.0552028 0.0485876 0.041934 0.035424 0.0291915 0.0233494 0.01801 0.0132916 0.00930482 0.00612379 0.00375582
 0.00863053 0.0140181 0.0210881 0.0297548 0.0396913 0.0501785 0.0600789 0.0681164 0.0733462 0.0754632 0.0747475 0.0717786 0.0671798 0.0614997 0.0551854 0.0485816 0.0419405 0.0354417 0.029219 0.0233856 0.0180531 0.0133374 0.0093474 0.00615779 0.00377877
 0.00863922 0.0140251 0.021086 0.0297339 0.0396444 0.0501065 0.0599942 0.0680402 0.0732991 0.0754555 0.0747741 0.0718235 0.0672246 0.0615322 0.0552026 0.0485881 0.0419437 0.0354478 0.0292316 0.0234057 0.0180794 0.013367 0.00937637 0.00618244 0.00379684
 0.00862913 0.0140119 0.0210717 0.0297211 0.0396341 0.050096 0.0599766 0.0680076 0.0732488 0.0753944 0.0747172 0.0717868 0.0672167 0.0615507 0.0552371 0.048627 0.0419795 0.0354789 0.0292596 0.0234331 0.0181074 0.0133949 0.0094023 0.0062042 0.00381308
 0.00863413 0.0140173 0.0210748 0.0297184 0.0396227 0.0500754 0.0599498 0.0679793 0.0732227 0.0753708 0.074694 0.0717629 0.0671949 0.0615368 0.055236 0.0486394 0.0420019 0.0355057 0.0292867 0.0234587 0.0181313 0.0134171 0.0094223 0.00622096 0.00382581
 0.00863413 0.0140173 0.0210748 0.0297184 0.0396227 0.0500754 0.0599498 0.0679793 0.0732227 0.0753708 0.074694 0.0717629 0.0671949 0.0615368 0.055236 0.0486394 0.0420019 0.0355057 0.0292867 0.0234587 0.0181313 0.0134171 0.0094223 0.00622096 0.00382581
 0.00893213 0.0144893 0.0217594 0.0306362 0.0407641 0.0513864 0.0613222 0.0692594 0.0742436 0.0759977 0.074859 0.0714745 0.0665242 0.0605921 0.0541375 0.0474983 0.0409068 0.0345173 0.028439 0.0227646 0.0175891 0.013015 0.00914099 0.00603694 0.00371414
 0.00877428 0.0142738 0.0215123 0.0304104 0.0406289 0.0514075 0.0615418 0.0696828 0.0748347 0.0766826 0.0755391 0.0720471 0.0669079 0.0607458 0.0540667 0.0472464 0.0405384 0.0340996 0.0280281 0.0223991 0.0172892 0.0127862 0.00897851 0.00592986 0.00364901
 0.0087505 0.014211 0.0213761 0.0301619 0.0402443 0.0509046 0.060996 0.0692169 0.0745783 0.0767218 0.0758817 0.0726222 0.067594 0.0614118 0.0546074 0.0476042 0.040706 0.034109 0.0279319 0.0222515 0.0171338 0.01265 0.00887376 0.0058575 0.00360376
 0.00897611 0.0145633 0.0218761 0.0308105 0.0410125 0.0517253 0.0617651 0.0698144 0.0749097 0.0767586 0.0756741 0.072271 0.0672003 0.0610354 0.0542564 0.0472524 0.0403231 0.0336833 0.0274776 0.0218011 0.016724 0.012309 0.00861429 0.00567707 0.00348926
 0.00880761 0.0143213 0.0215719 0.0304776 0.0406996 0.0514834 0.0616336 0.0698101 0.0750218 0.0769515 0.0759011 0.0724949 0.0674079 0.0612363 0.0544647 0.0474678 0.0405243 0.033839 0.0275641 0.0218149 0.016681 0.0122359 0.00853645 0.00561124 0.00344206
 0.00858329 0.0139465 0.0209929 0.0296482 0.0396041 0.0501654 0.0602159 0.0684829 0.0739932 0.0763809 0.0758507 0.072923 0.0682 0.0622519 0.0555755 0.0485759 0.0415609 0.0347559 0.0283285 0.0224106 0.0171116 0.0125231 0.0087129 0.00571125 0.00349455
 0.0087041 0.014109 0.0211728 0.0297962 0.0396528 0.0500451 0.0598746 0.0679073 0.0732248 0.07552 0.0750392 0.0723049 0.0678763 0.0622512 0.0558558 0.0490508 0.0421331 0.0353408 0.0288641 0.0228582 0.0174543 0.0127625 0.0088647 0.00579815 0.0035393
 0.00895787 0.0145283 0.0218118 0.0306976 0.0408236 0.0514257 0.0613187 0.0691952 0.074119 0.0758428 0.0747336 0.0714508 0.0666576 0.060894 0.0545634 0.0479584 0.0412948 0.0347451 0.0284628 0.0225943 0.0172786 0.0126407 0.00877669 0.00573414 0.00349449
 0.00883472 0.0143601 0.02162 0.030528 0.0407404 0.0514978 0.0615995 0.0697005 0.0748073 0.0766084 0.075425 0.0719154 0.0667972 0.0607013 0.0541202 0.0473975 0.0407474 0.0343003 0.0281537 0.0224084 0.0171811 0.0125946 0.00875479 0.00572142 0.00348506
#pred catch len freq
 0.0058128 0.00912166 0.0131503 0.0177255 0.0227145 0.0280153 0.0334729 0.0388376 0.0438159 0.0481565 0.0516977 0.054371 0.0561907 0.057235 0.0576122 0.0574239 0.0567428 0.055601 0.0539676 0.0517089 0.0485653 0.0442171 0.0384704 0.0314876 0.0238857
 0.00608041 0.00947508 0.0135374 0.0180631 0.0229323 0.028113 0.033552 0.0390716 0.0443646 0.0490709 0.0528753 0.05559 0.0571997 0.0578484 0.0577664 0.057178 0.0562313 0.0549633 0.0532867 0.0509884 0.0477568 0.04328 0.0374249 0.0304243 0.0229265
 0.00666848 0.0103541 0.0147125 0.0194767 0.0244672 0.0296105 0.0348426 0.0400206 0.0449255 0.0493165 0.0529691 0.0556966 0.057387 0.0580484 0.0578224 0.0569396 0.0556323 0.0540377 0.0521277 0.04969 0.0463824 0.041872 0.0360364 0.0291355 0.0218283
 0.00715699 0.011129 0.0158414 0.0210058 0.0264073 0.0319161 0.037388 0.0425925 0.0472517 0.0511325 0.0540986 0.0561071 0.0571863 0.0574162 0.0569149 0.0558263 0.0543022 0.0524564 0.0502955 0.0476625 0.044256 0.0397615 0.0340604 0.0274053 0.0204294
 0.0076109 0.0118308 0.0168336 0.0223132 0.0280446 0.0338937 0.0397029 0.0452004 0.0500338 0.0538779 0.0565236 0.0579179 0.0581656 0.0574906 0.0561626 0.0544208 0.0524274 0.0502497 0.0478441 0.0450394 0.0415578 0.0371204 0.0316287 0.0253225 0.0187871
 0.00805216 0.0125141 0.0177998 0.0235809 0.0296133 0.0357484 0.0418141 0.0475211 0.0524959 0.056386 0.0589435 0.0600665 0.0598201 0.0584317 0.0562383 0.0535967 0.0507912 0.0479698 0.0451135 0.0420421 0.0384684 0.0341167 0.0288898 0.0230034 0.0169826
 0.00844383 0.0131271 0.0186792 0.0247556 0.0310951 0.0375301 0.0438626 0.0497712 0.0548527 0.0587358 0.0611662 0.0620404 0.0614181 0.0595162 0.0566691 0.0532587 0.0496344 0.0460367 0.0425389 0.0390283 0.0352527 0.0309448 0.0259906 0.0205583 0.0150937
 0.00882687 0.0137144 0.019499 0.0258155 0.0323889 0.0390459 0.0455835 0.0516669 0.0568682 0.0607869 0.0631438 0.0638232 0.0628866 0.0605612 0.0571915 0.0531694 0.0488641 0.0445604 0.0404041 0.0363701 0.0322853 0.027929 0.0231871 0.0181765 0.0132516
 0.00922168 0.0143161 0.0203301 0.0268726 0.0336474 0.0404697 0.0471298 0.0532871 0.0585087 0.0623913 0.0646539 0.0651766 0.0640135 0.0613846 0.0576311 0.0531468 0.0483105 0.0434308 0.0387006 0.0341663 0.0297385 0.0252655 0.0206576 0.0159969 0.0115525
 0.00965907 0.0149847 0.0212577 0.0280571 0.0350612 0.0420649 0.048841 0.0550313 0.0601908 0.0639173 0.0659458 0.0661815 0.064703 0.0617453 0.0576518 0.052808 0.0475819 0.0422806 0.0371169 0.0321859 0.0274682 0.0228817 0.0183749 0.0140133 0.00999591
 0.0101233 0.0156914 0.0222322 0.029293 0.0365249 0.0437051 0.0505919 0.0568101 0.0618983 0.065446 0.0671957 0.0670751 0.065197 0.0618331 0.0573547 0.0521587 0.0466075 0.0409953 0.0355313 0.0303294 0.0254151 0.0207618 0.0163559 0.0122583 0.00861499
 0.0104232 0.0161721 0.0229424 0.0302718 0.0377932 0.0452522 0.0523617 0.058698 0.0637644 0.0671415 0.0685882 0.0680661 0.0657288 0.0618908 0.0569621 0.051367 0.0454796 0.0395913 0.0339024 0.0285274 0.0235099 0.0188546 0.0145735 0.0107244 0.0074134
 0.0106014 0.0164554 0.0233586 0.0308475 0.0385546 0.0462232 0.0535546 0.0600982 0.0653153 0.0687382 0.0700881 0.0693152 0.0665963 0.0622953 0.056882 0.0508329 0.0445567 0.0383595 0.0324434 0.0269204 0.021838 0.0172119 0.0130623 0.00943831 0.0064128
 0.0106709 0.0165605 0.0235036 0.0310351 0.0387912 0.0465249 0.0539504 0.0606251 0.0660055 0.0696011 0.0710931 0.0703847 0.0676134 0.0631278 0.0574138 0.0509908 0.0443223 0.0377645 0.0315542 0.0258228 0.0206271 0.015987 0.0119202 0.00846042 0.00564958
 0.0106413 0.0165162 0.0234442 0.0309633 0.0387132 0.0464513 0.053898 0.0606199 0.0660837 0.0698053 0.0714615 0.0709334 0.0683197 0.0639221 0.0581884 0.0516243 0.0447114 0.0378493 0.0313288 0.0253304 0.019946 0.0152135 0.0111515 0.00777787 0.0051054
 0.0106648 0.0165447 0.0234693 0.0309716 0.0386904 0.0463889 0.0537988 0.0604997 0.0659692 0.06973 0.0714614 0.0710428 0.0685625 0.0643003 0.0586706 0.0521438 0.0451773 0.0381706 0.0314413 0.0252153 0.0196326 0.0147681 0.0106566 0.00731043 0.00471905
 0.0108172 0.0167594 0.0237307 0.0312434 0.0389244 0.0465401 0.0538389 0.0604236 0.0657939 0.0694899 0.0712023 0.0708149 0.0684125 0.0642622 0.0587571 0.0523392 0.0454358 0.0384245 0.0316188 0.0252634 0.0195345 0.014547 0.0103644 0.0070075 0.00445433
 0.0108875 0.016873 0.0238994 0.0314741 0.0392136 0.0468674 0.0541636 0.0606903 0.0659482 0.0694982 0.0710653 0.0705671 0.0681111 0.0639705 0.0585284 0.0522051 0.0453988 0.038458 0.0316753 0.025291 0.0194961 0.0144328 0.0101934 0.0068152 0.00427667
 0.0108521 0.0168265 0.0238501 0.0314383 0.0392128 0.0469225 0.0542878 0.0608816 0.0661846 0.069739 0.0712599 0.0706723 0.068108 0.0638726 0.058376 0.0520483 0.0452787 0.0383926 0.0316562 0.0252903 0.0194817 0.0143837 0.0101075 0.00670767 0.00416935
 0.0109168 0.0169138 0.0239492 0.0315297 0.0392761 0.0469479 0.0542836 0.0608731 0.0662026 0.0698038 0.0713697 0.0708018 0.0682177 0.0639257 0.0583544 0.0519599 0.0451521 0.0382622 0.0315464 0.0252073 0.0194161 0.0143209 0.0100384 0.00663315 0.00409755
 0.0109113 0.016908 0.0239455 0.0315304 0.0392806 0.0469499 0.0542715 0.0608353 0.0661368 0.0697241 0.0713044 0.0707805 0.0682554 0.0640138 0.0584648 0.0520598 0.0452194 0.0382928 0.0315498 0.0251967 0.0193994 0.0142992 0.0100102 0.00659893 0.00406146
 0.0109468 0.0169558 0.0239995 0.0315796 0.0393127 0.0469569 0.0542529 0.0607967 0.0660851 0.0696637 0.071238 0.0707142 0.0682013 0.0639864 0.0584728 0.0520993 0.0452753 0.0383465 0.0315887 0.025217 0.0194037 0.014292 0.0099953 0.00657939 0.00404051
