SBPRF35
7.96685
Curr Bio
672571
B35
543237
F35
0.210056
FOFL
0.210056
OFL
113189
Bzero
2.27624e+006
#pred survey bio
 2.55786e+006 2.12503e+006 1.97422e+006 1.86542e+006 1.78419e+006 1.71474e+006 1.62186e+006 1.48978e+006 1.28702e+006 1.06219e+006 944077 824693 753920 711736 710539 694612 695188 632070 569635 539030 527661 510395 511386 520473 522382 508615 509437 522161 545434 560880 580780 595957 590687 562971 492228 491663 519527 527375 537818 568865 589930 564031 540549 533162 507361 528220 590244 733348 758892 643089 530125 538194 612339 634136 605880 574375 554428 597105 648676 682044 681179 1.60496e+007 1.47115e+007 1.49041e+007 1.52873e+007 1.57592e+007 1.6233e+007 1.6658e+007 1.70132e+007 1.72964e+007 1.75156e+007 1.76817e+007 1.78061e+007 1.78987e+007 1.79674e+007 1.80184e+007 1.80563e+007 1.80846e+007 1.81058e+007 1.81217e+007 1.81338e+007 1.81429e+007 1.81499e+007 1.81552e+007 1.81592e+007 1.81623e+007 1.81647e+007 1.81665e+007 1.81679e+007 1.8169e+007 1.81699e+007 1.81705e+007 1.8171e+007 1.81714e+007 1.81717e+007 1.8172e+007 1.81721e+007 1.81723e+007 1.81724e+007 1.81725e+007 1.81725e+007 1.81726e+007 1.81726e+007 1.81727e+007 1.81727e+007 1.81727e+007 1.81727e+007 1.81727e+007 1.81727e+007 1.81727e+007 1.81728e+007 1.81728e+007 1.81728e+007 1.81728e+007 1.81728e+007 1.81728e+007 1.81728e+007 1.81728e+007 1.81728e+007 1.81728e+007 1.81728e+007 1.81728e+007 1.81728e+007 1.81728e+007 1.81728e+007 1.81728e+007 1.81728e+007 1.81728e+007 1.81728e+007 1.81728e+007 1.81728e+007 1.81728e+007 1.81728e+007 1.81728e+007 1.81728e+007 1.81728e+007 1.81728e+007 1.81728e+007 1.81728e+007 1.81728e+007 1.81728e+007 1.81728e+007 1.81728e+007 1.81728e+007 1.81728e+007 1.81728e+007 1.81728e+007 1.81728e+007 1.81728e+007 1.81728e+007 1.81728e+007 1.81728e+007 1.81728e+007 1.81728e+007 1.81728e+007 1.81728e+007 1.81728e+007 1.81728e+007 1.81728e+007 1.81728e+007 1.81728e+007 0 0 0 0 0 0 0 0 0 0 0 0 0 0 0 0 0 0 0 0 0 0 0 0 0
#obs survey bio
 3.02948e+006 2.03842e+006 1.91371e+006 2.14231e+006 2.18184e+006 2.45355e+006 1.38631e+006 1.96207e+006 1.20786e+006 809350 850364 643283 770367 500508 653025 636740 792678 812032 535840 541875 639453 486131 402815 673274 486785 567644 449510 539818 607871 507001 418915 655895 498465 493921 358577 623816 481237 591363 493509 528968 776493 529386 602658 587526 618542 272660 630737 767994 833680 857285 455104 486945 757706 554762 468764 390673 633626 382463 639976 502132 770418
#pred catch bio
 425998 269205 294777 293013 283206 285443 304913 274453 262013 251384 258516 220585 183359 158285 161357 127234 125793 124351 125299 116231 107862 104683 99066.9 98650.5 101704 93303.6 99463.5 92116 90664.5 94981.3 99009.1 88458.5 89007.7 90412.1 87498.6 79360.7 89531.1 79757.5 89685.5 87126 88804.3 95663.9 84443.6 87493 86451.5 92168.6 37496.9 99762.6 139340 145031 80286.2 44331.9 72713.6 116171 95124.2 105617 70578.8 89029.9 96496 127623 115945 113189 113052 113476 115407 118220 121109 123660 125721 127290 128435 129244 129803 130181 130433 130600 130709 130780 130826 130855 130874 130886 130893 130898 130901 130903 130905 130905 130906 130906 130906 130907 130907 130907 130907 130907 130907 130907 130907 130907 130907 130907 130907 130907 130907 130907 130907 130907 130907 130907 130907 130907 130907 130907 130907 130907 130907 130907 130907 130907 130907 130907 130907 130907 130907 130907 130907 130907 130907 130907 130907 130907 130907 130907 130907 130907 130907 130907 130907 130907 130907 130907 130907 130907 130907 130907 130907 130907 130907 130907 130907 130907 130907 130907 130907 130907 130907 130907 130907 130907 130907 0 0 0 0 0 0 0 0 0 0 0 0 0 0 0 0 0 0 0 0 0 0 0 0 0
#obs catch bio
 234005 268315 295595 293624 283469 285154 306232 273668 260897 252491 258955 221602 182861 158634 161825 127167 125399 124121 125640 116561 107558 104905 99120.9 98624.7 101656 93111.2 99819.6 92174.4 90473.7 95060.2 99331.5 88299.3 88995 90184.1 87804.3 79377.9 89668.4 79482.5 90059.9 87132.3 88580.2 95844 84396.2 87332.9 86426.7 93440.2 37004.4 100095 139128 145551 80453.6 44016.8 72629.9 116846 94756.8 106087 70263 89330.8 96250.4 127940 115840
#pred cpue bio
 2.52919e+006 2.09898e+006 1.94764e+006 1.83783e+006 1.75544e+006 1.68463e+006 1.5908e+006 1.45852e+006 1.25782e+006 1.03593e+006 918591 800528 730431 688640 686945 671045 671589 610537 549965 520108 509127 492548 493485 502388 504441 491169 492006 504272 527020 542223 561652 576344 570331 541900 472923 472010 499196 506974 517182 546988 567485 542743 519903 512896 488103 507964 567442 707214 732570 619240 508129 515731 589174 611748 583789 552769 532906 574562 624808 657233 655300 1.54244e+007 1.41456e+007 1.42938e+007 1.46406e+007 1.51044e+007 1.5577e+007 1.60019e+007 1.6357e+007 1.66403e+007 1.68594e+007 1.70255e+007 1.715e+007 1.72425e+007 1.73113e+007 1.73622e+007 1.74002e+007 1.74285e+007 1.74497e+007 1.74656e+007 1.74776e+007 1.74868e+007 1.74937e+007 1.7499e+007 1.75031e+007 1.75062e+007 1.75085e+007 1.75104e+007 1.75118e+007 1.75129e+007 1.75137e+007 1.75144e+007 1.75149e+007 1.75153e+007 1.75156e+007 1.75158e+007 1.7516e+007 1.75161e+007 1.75162e+007 1.75163e+007 1.75164e+007 1.75164e+007 1.75165e+007 1.75165e+007 1.75165e+007 1.75166e+007 1.75166e+007 1.75166e+007 1.75166e+007 1.75166e+007 1.75166e+007 1.75166e+007 1.75166e+007 1.75166e+007 1.75166e+007 1.75166e+007 1.75166e+007 1.75166e+007 1.75166e+007 1.75166e+007 1.75166e+007 1.75166e+007 1.75166e+007 1.75166e+007 1.75166e+007 1.75166e+007 1.75166e+007 1.75166e+007 1.75166e+007 1.75166e+007 1.75166e+007 1.75166e+007 1.75166e+007 1.75166e+007 1.75166e+007 1.75166e+007 1.75166e+007 1.75166e+007 1.75166e+007 1.75166e+007 1.75166e+007 1.75166e+007 1.75166e+007 1.75166e+007 1.75166e+007 1.75166e+007 1.75166e+007 1.75166e+007 1.75166e+007 1.75166e+007 1.75166e+007 1.75166e+007 1.75166e+007 1.75166e+007 1.75166e+007 1.75166e+007 1.75166e+007 1.75166e+007 1.75166e+007 1.75166e+007 1.75166e+007 0 0 0 0 0 0 0 0 0 0 0 0 0 0 0 0 0 0 0 0 0 0 0 0 0
#obs cpue bio
 3.3443e+006 1.83808e+006 1.75261e+006 1.56889e+006 1.46603e+006 1.36084e+006 1.38511e+006 1.60918e+006 1.60604e+006 813803 1.24835e+006 806611 983624 690134 825844 683230 813367 463891 467725 466734 579760 394677 642089 409357 600109 444610 432932 510560 586908 500495 672622 652488 636071 821773 432468 369222 615893 531248 376466 676623 549186 490412 448046 597300 345712 542492 659642 927508 783746 423315 489164 548074 625954 574877 925417 699623 484588 712078 828507 838412 578216
#pred surv len freq
 0.00448234 0.00738579 0.0113179 0.0163234 0.0223115 0.0289567 0.0356792 0.0418012 0.0468004 0.0504719 0.0528957 0.0542911 0.0548924 0.0548995 0.0544778 0.0537741 0.0529335 0.0520912 0.0513091 0.0504573 0.0491133 0.0466112 0.0423212 0.0360584 0.0283438
 0.00504522 0.0082476 0.0125165 0.0178606 0.0241576 0.0310559 0.037947 0.0441146 0.0489968 0.052366 0.0543165 0.0551261 0.0551212 0.0545988 0.0537897 0.0528496 0.051872 0.0509023 0.0499147 0.0487395 0.0469953 0.0441333 0.0396669 0.0335055 0.0261608
 0.0052192 0.00857688 0.0130949 0.0187966 0.0255396 0.0329035 0.0401751 0.04654 0.0513907 0.0545214 0.0560868 0.0564237 0.0558971 0.0548341 0.053505 0.0521117 0.0507758 0.0495298 0.0482985 0.0468616 0.0448322 0.0417232 0.037151 0.0311063 0.024105
 0.00546229 0.00895927 0.0136507 0.01956 0.0265514 0.0342139 0.0418304 0.0485521 0.0537002 0.0569782 0.0584672 0.0584823 0.0574289 0.0557142 0.0536947 0.0516415 0.0497222 0.0479892 0.046362 0.0446014 0.0423142 0.0390429 0.0344629 0.028614 0.022004
 0.00575287 0.00942297 0.0143314 0.0204906 0.0277464 0.035661 0.0434863 0.0503505 0.0555717 0.0588655 0.0603184 0.0602242 0.0589447 0.056851 0.0543012 0.0516121 0.049022 0.0466527 0.0444722 0.0422691 0.0396706 0.0362468 0.0317069 0.0261062 0.0199226
 0.00601549 0.00984902 0.0149706 0.0213873 0.0289301 0.0371312 0.0451983 0.0522129 0.0574644 0.0606709 0.0619491 0.0616314 0.0601019 0.0577245 0.0548266 0.0516956 0.0485673 0.0455987 0.0428207 0.0400936 0.0371108 0.0334962 0.0289927 0.0236537 0.0179069
 0.00623303 0.0102104 0.0155286 0.0221956 0.0300324 0.0385429 0.0468888 0.0540992 0.0594227 0.0625622 0.0636464 0.0630386 0.0611627 0.0584164 0.0551421 0.051618 0.0480573 0.0446037 0.0413059 0.0380797 0.0346986 0.0308672 0.0263804 0.0212926 0.0159746
 0.0064602 0.0105884 0.0161137 0.0230459 0.0311958 0.0400386 0.0486876 0.0561154 0.061525 0.0645974 0.0654661 0.0645197 0.06222 0.0590076 0.0552624 0.0512836 0.0472848 0.0433968 0.0396626 0.0360201 0.0323006 0.0282848 0.0238276 0.0189939 0.0141016
 0.00669635 0.0109605 0.0166528 0.0237759 0.0321333 0.0411909 0.0500465 0.0576497 0.0631759 0.0662803 0.0670767 0.0659453 0.0633535 0.0597624 0.0555825 0.0511457 0.0466906 0.0423613 0.0382091 0.0341893 0.0301722 0.0259952 0.0215635 0.0169529 0.0124376
 0.00688226 0.0112883 0.0171917 0.0246013 0.0333045 0.0427185 0.0518671 0.0596278 0.0651396 0.0680704 0.0685811 0.0671028 0.0641372 0.0601585 0.0555801 0.0507366 0.0458739 0.041148 0.0366259 0.0322862 0.0280352 0.0237559 0.0193906 0.0150201 0.0108764
 0.00691798 0.0113905 0.0174284 0.0250664 0.0340983 0.0439144 0.0534762 0.061579 0.0672843 0.0702089 0.0705033 0.0686316 0.0651605 0.0606391 0.0555397 0.0502266 0.0449491 0.0398563 0.0350124 0.0304084 0.0259791 0.0216444 0.0173748 0.0132497 0.00946043
 0.00717244 0.0117848 0.017988 0.0258085 0.0350374 0.0450668 0.0548556 0.0631811 0.0690653 0.0720704 0.0722941 0.0701715 0.0662805 0.0612214 0.0555401 0.0496708 0.0439099 0.038424 0.0332776 0.0284606 0.0239176 0.0195881 0.0154577 0.0115974 0.00815817
 0.00743774 0.0121948 0.0185646 0.0265557 0.0359399 0.0460903 0.0559502 0.0642907 0.0701437 0.0730936 0.0732558 0.0710598 0.0670517 0.0617937 0.0558133 0.0495619 0.0433813 0.0374926 0.0320051 0.0269379 0.0222546 0.0179075 0.0138855 0.0102438 0.00709436
 0.00763926 0.0124996 0.0189805 0.0270745 0.0365396 0.0467402 0.0566147 0.0649338 0.0707352 0.0736184 0.0737191 0.0714823 0.0674531 0.0621705 0.0561249 0.0497339 0.0433289 0.0371516 0.0313564 0.0260158 0.0211397 0.0167106 0.0127258 0.00922567 0.00628588
 0.0076667 0.0125498 0.0190657 0.0272079 0.0367301 0.0469861 0.0569 0.0652317 0.0710196 0.0738765 0.0739573 0.0717221 0.0677186 0.0624743 0.0564556 0.0500506 0.0435649 0.0372309 0.0312183 0.0256385 0.0205521 0.0159865 0.0119641 0.00852239 0.00570982
 0.00790574 0.012896 0.0195087 0.027712 0.0372462 0.0474692 0.057322 0.0655809 0.0712917 0.074066 0.0740578 0.0717333 0.0676545 0.062363 0.0563294 0.0499299 0.043445 0.0370807 0.0309918 0.0252977 0.0200881 0.0154294 0.0113749 0.00797182 0.00525389
 0.00788373 0.0128659 0.0194727 0.0276723 0.0372007 0.0474074 0.0572261 0.0654364 0.0711028 0.0738659 0.0739019 0.0716779 0.067732 0.0625707 0.0566357 0.0502896 0.043811 0.0374067 0.0312336 0.0254183 0.0200691 0.0152813 0.0111372 0.00770011 0.00500085
 0.007882 0.0128649 0.0194747 0.027681 0.0372205 0.0474414 0.0572732 0.0654884 0.0711434 0.0738751 0.0738667 0.0716028 0.0676431 0.0625068 0.0566309 0.0503577 0.0439404 0.0375655 0.0313802 0.0255127 0.0200839 0.0152104 0.0109979 0.0075264 0.00483006
 0.00782755 0.0128049 0.0194365 0.027706 0.0373509 0.0477007 0.05765 0.0659348 0.0715888 0.0742479 0.0741115 0.0716912 0.0675764 0.0623147 0.056364 0.0500733 0.0436855 0.0373638 0.0312291 0.025391 0.0199655 0.0150773 0.0108479 0.00737173 0.00468903
 0.00779872 0.0127694 0.0194052 0.0277 0.0374001 0.0478389 0.0579066 0.0663219 0.072089 0.0748072 0.0746463 0.07211 0.0678082 0.0623299 0.0561802 0.0497445 0.0432824 0.0369522 0.0308543 0.0250722 0.0197007 0.0148549 0.0106577 0.00721054 0.00455885
 0.00783163 0.0128015 0.0194154 0.0276585 0.0372812 0.0476386 0.0576555 0.0660842 0.0719429 0.0748162 0.074834 0.0724489 0.0682275 0.062739 0.0564982 0.0499246 0.0433203 0.0368785 0.0307151 0.0249099 0.0195431 0.014714 0.0105362 0.00710833 0.00447664
 0.00788485 0.012876 0.0195039 0.0277436 0.037336 0.0476314 0.0575582 0.0658838 0.0716545 0.0744896 0.0745455 0.0722769 0.0682214 0.0628974 0.0567703 0.0502321 0.0435891 0.0370631 0.0308056 0.0249236 0.019508 0.014656 0.0104727 0.00704931 0.00442713
 0.00788759 0.0128877 0.0195342 0.0278036 0.0374329 0.0477601 0.0576958 0.0659918 0.0716905 0.0744246 0.0743797 0.0720452 0.0679844 0.0627198 0.0566954 0.050265 0.0436982 0.0371973 0.0309188 0.0249901 0.0195256 0.0146376 0.0104357 0.00700799 0.00439041
 0.00782833 0.0127909 0.0193886 0.0276019 0.037176 0.0474637 0.0573925 0.065725 0.0714996 0.0743288 0.0743715 0.0720984 0.0680722 0.0628302 0.0568341 0.050445 0.0439235 0.0374535 0.031176 0.0252159 0.0196982 0.0147516 0.0104995 0.00703655 0.0043985
 0.00782466 0.0127739 0.0193429 0.0275063 0.0370095 0.0472144 0.057067 0.0653517 0.0711249 0.0740061 0.0741467 0.0719976 0.0680954 0.0629561 0.057032 0.050688 0.0441935 0.0377374 0.0314588 0.0254781 0.0199202 0.0149207 0.0106143 0.00710531 0.00443436
 0.0079104 0.0129035 0.0195186 0.0277209 0.0372447 0.0474406 0.057245 0.06544 0.0710915 0.0738424 0.0738748 0.0716653 0.067761 0.0626699 0.0568243 0.0505665 0.0441498 0.0377555 0.0315203 0.0255639 0.0200117 0.0150022 0.0106761 0.00714523 0.004456
 0.00786266 0.0128378 0.0194416 0.0276458 0.0371871 0.0474117 0.0572458 0.0654596 0.0711106 0.0738398 0.0738349 0.0715847 0.0676512 0.0625551 0.0567333 0.0505231 0.044165 0.0378262 0.0316322 0.0256976 0.0201472 0.0151232 0.0107722 0.00721313 0.0044985
 0.00784579 0.0128139 0.0194125 0.0276169 0.037167 0.0474114 0.0572762 0.0655274 0.0712127 0.07396 0.0739457 0.0716551 0.0676585 0.0624945 0.0566199 0.0503863 0.0440379 0.0377341 0.0315868 0.0256963 0.0201774 0.0151687 0.0108187 0.00725141 0.00452517
 0.00784832 0.0127946 0.0193414 0.0274547 0.0368791 0.0469883 0.0567497 0.0649697 0.0707174 0.0736114 0.0737937 0.0717039 0.0678719 0.0628122 0.0569789 0.0507381 0.0443572 0.0380158 0.0318366 0.0259203 0.0203767 0.0153393 0.0109555 0.00735238 0.00459286
 0.00779314 0.0127135 0.0192338 0.0273213 0.0367166 0.046784 0.056482 0.0646201 0.0702887 0.0731427 0.073358 0.0713863 0.0677375 0.0628825 0.0572276 0.0511066 0.0447787 0.0384359 0.0322218 0.0262556 0.0206582 0.0155672 0.0111312 0.00747937 0.00467755
 0.00782179 0.0127458 0.0192567 0.027315 0.0366617 0.0466698 0.0563122 0.0644088 0.0700506 0.0728857 0.0730859 0.0711113 0.0674905 0.0627086 0.0571687 0.0511809 0.0449719 0.0387089 0.0325272 0.0265533 0.0209221 0.0157846 0.0112991 0.00760046 0.00475843
 0.00855024 0.0137777 0.0205269 0.0286658 0.037885 0.0475778 0.0567952 0.0644526 0.0697148 0.0722668 0.0722857 0.0702191 0.0665778 0.0618328 0.0563784 0.0505171 0.0444612 0.0383564 0.032315 0.0264481 0.0208868 0.0157879 0.0113189 0.00762363 0.00477839
 0.00919881 0.0148034 0.0220079 0.03063 0.040276 0.0502189 0.0593777 0.0665836 0.071032 0.072568 0.071597 0.0687607 0.0646588 0.0597441 0.0543342 0.0486483 0.0428369 0.0370057 0.03124 0.0256302 0.0202925 0.0153757 0.0110469 0.00745378 0.00467888
 0.00906403 0.0147135 0.0221099 0.0311365 0.0414035 0.0520906 0.0619354 0.0695606 0.0740052 0.0750675 0.0732299 0.0693086 0.0641217 0.058317 0.0523278 0.0463912 0.0406004 0.0349719 0.0295068 0.024232 0.019221 0.0145965 0.0105112 0.00710745 0.00446984
 0.00898791 0.0145824 0.0219075 0.0308664 0.0411168 0.0519124 0.0620638 0.0702129 0.0753152 0.076984 0.0754825 0.0714756 0.0657726 0.0591567 0.0522766 0.0455747 0.0392732 0.03342 0.0279714 0.0228733 0.0181182 0.0137655 0.0099273 0.00672531 0.00423772
 0.0087326 0.0142241 0.0214721 0.0304104 0.0407089 0.0516092 0.061899 0.0702123 0.075525 0.07748 0.0763357 0.0726845 0.0672088 0.0605733 0.0533877 0.0461655 0.0392763 0.0329221 0.0271574 0.0219489 0.017248 0.0130468 0.00939324 0.00636404 0.00401426
 0.00863649 0.014023 0.0210914 0.0297664 0.0397461 0.050349 0.0604718 0.0688412 0.0744595 0.0769162 0.076369 0.0733098 0.068342 0.0620665 0.0550361 0.0477317 0.0405434 0.0337565 0.0275443 0.0219773 0.0170592 0.0127769 0.00913676 0.00616639 0.00388321
 0.00876824 0.014217 0.0213418 0.0300442 0.0399939 0.0504827 0.0603951 0.0684777 0.0737968 0.0760383 0.0754489 0.0725569 0.0679305 0.0620794 0.0554475 0.0484217 0.0413368 0.034474 0.0280542 0.0222296 0.0170852 0.012658 0.00896202 0.00600104 0.00375865
 0.00874017 0.0141781 0.0212955 0.0299967 0.0399505 0.0504414 0.0603403 0.0683778 0.0736102 0.07573 0.0750155 0.0720472 0.0674463 0.061748 0.0553733 0.0486425 0.0418052 0.0350752 0.0286497 0.022706 0.017388 0.0127948 0.00898146 0.00596145 0.00370497
 0.00869046 0.0141157 0.0212355 0.0299643 0.0399733 0.0505379 0.0605088 0.0685926 0.0738251 0.0758875 0.0750603 0.0719427 0.0671921 0.0613907 0.0550003 0.0483541 0.0416753 0.0351205 0.0288257 0.0229326 0.0175874 0.0129221 0.00903174 0.00595727 0.0036761
 0.00864987 0.0140364 0.0210933 0.0297336 0.0396399 0.0501149 0.060047 0.0681727 0.0735307 0.0757719 0.0751248 0.0721392 0.0674458 0.061632 0.0551911 0.0484982 0.0418081 0.0352832 0.029038 0.0231806 0.0178328 0.013125 0.00917046 0.00603348 0.00370708
 0.00868336 0.0140832 0.0211485 0.0297847 0.0396664 0.0500909 0.0599475 0.0679837 0.0732621 0.0754629 0.0748363 0.0719312 0.0673522 0.0616478 0.0552808 0.0486189 0.041932 0.0354055 0.029168 0.0233248 0.0179845 0.0132662 0.00928266 0.00610816 0.00374768
 0.0086653 0.0140832 0.0212014 0.029937 0.0399592 0.0505348 0.0605029 0.0685619 0.07375 0.0757616 0.0748938 0.0717559 0.0670039 0.0612108 0.0548341 0.0482149 0.0415938 0.0351368 0.0289658 0.0231851 0.0179005 0.0132254 0.00926869 0.00610584 0.00374739
 0.00860524 0.013975 0.021022 0.0296664 0.0395949 0.0501086 0.0600878 0.0682563 0.073639 0.0758758 0.0751925 0.0721462 0.0673839 0.0615106 0.0550319 0.0483286 0.0416578 0.035182 0.0290108 0.0232365 0.0179576 0.0132835 0.00932168 0.00614832 0.00377691
 0.00874751 0.0141789 0.021277 0.0299421 0.0398458 0.0502855 0.0601513 0.0681902 0.0734602 0.0756348 0.0749574 0.0719753 0.0672997 0.0614935 0.0550382 0.0483176 0.0416116 0.0351073 0.0289272 0.0231632 0.0179053 0.0132537 0.00930967 0.00614698 0.00377994
 0.00877318 0.0142394 0.0214008 0.0301621 0.0401848 0.0507359 0.0606614 0.0686704 0.0738107 0.075784 0.0748889 0.0717308 0.0669567 0.0611318 0.0547116 0.0480446 0.0413843 0.0349102 0.0287512 0.0230094 0.0177798 0.0131605 0.00924745 0.00610988 0.00376018
 0.00863923 0.01405 0.0211697 0.0299236 0.0399889 0.0506364 0.060702 0.0688702 0.0741527 0.0762115 0.0753172 0.0720738 0.067158 0.0611827 0.0546458 0.0479146 0.0412367 0.0347717 0.028631 0.0229078 0.0176962 0.0130955 0.00920114 0.00608034 0.00374352
 0.00823886 0.0133575 0.0200572 0.0282656 0.0377136 0.0477981 0.0575341 0.0657718 0.0715921 0.0745852 0.0748359 0.072722 0.0687309 0.0633692 0.0571196 0.0504034 0.043554 0.0368135 0.0303534 0.0243041 0.0187818 0.0139009 0.00976753 0.00645501 0.00397481
 0.00865131 0.0139616 0.0208368 0.0291452 0.0385584 0.0484267 0.0577484 0.0654077 0.0705879 0.0730379 0.0730034 0.0709518 0.067344 0.0625591 0.0569131 0.0506901 0.0441552 0.0375509 0.0310906 0.0249585 0.0193157 0.0143071 0.0100568 0.00664754 0.00409394
 0.00916961 0.0148234 0.0221617 0.031036 0.0410527 0.051432 0.0609923 0.0684511 0.0729217 0.0742329 0.0728445 0.0695013 0.0649136 0.0596078 0.0539113 0.0480007 0.0419723 0.0359086 0.029919 0.0241482 0.0187636 0.0139349 0.00981081 0.00649074 0.00399935
 0.00935205 0.0151969 0.0228657 0.0322462 0.042936 0.0540726 0.0643186 0.0722018 0.0766734 0.0774781 0.0750979 0.070409 0.0643427 0.0576854 0.0509919 0.0445648 0.0384954 0.0327534 0.0272875 0.0220946 0.0172443 0.0128615 0.00908603 0.00602571 0.0037186
 0.00871112 0.0142121 0.0214997 0.0305287 0.0409877 0.0521235 0.062704 0.0713077 0.0768221 0.0787937 0.0774236 0.0733296 0.0673065 0.0601726 0.0526596 0.0453199 0.0384745 0.0322305 0.0265568 0.0213811 0.0166688 0.0124547 0.00882587 0.00587198 0.00363359
 0.00821799 0.0133507 0.0201 0.0284147 0.0380429 0.0483865 0.0584495 0.0670528 0.0732276 0.0764923 0.0768434 0.0745746 0.0701272 0.0640343 0.056892 0.049301 0.0417809 0.0346993 0.028248 0.0224772 0.0173705 0.0129164 0.00914013 0.00608635 0.00377372
 0.00842834 0.0136248 0.0203801 0.0285866 0.0379435 0.0478307 0.0572757 0.0651832 0.070735 0.0736452 0.0740888 0.0724378 0.0690523 0.0642315 0.058264 0.0514833 0.0442794 0.0370575 0.0301716 0.02387 0.0182876 0.0134823 0.00947884 0.00628813 0.00389351
 0.00878266 0.0142339 0.0213497 0.0300134 0.0398641 0.0501539 0.0597329 0.0673465 0.0721213 0.0738734 0.0730215 0.0702457 0.066176 0.0612525 0.0557258 0.0497298 0.0433768 0.0368316 0.0303298 0.0241389 0.0184994 0.0135848 0.00949443 0.00626163 0.00385956
 0.00878536 0.0142544 0.0214148 0.030169 0.0401772 0.0507043 0.0605893 0.0685235 0.0735304 0.0752967 0.0741431 0.0707491 0.0658739 0.0601799 0.0541435 0.0480264 0.0419182 0.0358336 0.0298146 0.0239832 0.0185307 0.0136647 0.00955237 0.00628359 0.00385811
 0.00877704 0.0142668 0.0214813 0.0303365 0.0404954 0.0512088 0.0612883 0.0693965 0.0745348 0.0763695 0.075189 0.0716274 0.0664078 0.0602083 0.0535972 0.0469833 0.0405932 0.0344987 0.0286938 0.0231831 0.0180376 0.0133947 0.00941233 0.00620714 0.00381131
 0.00848912 0.0137933 0.0207635 0.0293302 0.0391962 0.0496848 0.0597011 0.0679857 0.0735586 0.0760255 0.0755533 0.0726355 0.0678743 0.061872 0.0551819 0.0482683 0.0414713 0.0349947 0.0289276 0.0232975 0.0181346 0.0135117 0.00953883 0.00631848 0.00389193
 0.00848402 0.013767 0.020689 0.0291665 0.0388938 0.0491982 0.0590074 0.0671057 0.0725729 0.0750747 0.0748136 0.0722699 0.0679768 0.0624289 0.0560709 0.0492973 0.0424427 0.0357683 0.0294548 0.0236129 0.0183137 0.0136248 0.00962618 0.00639152 0.0039487
 0.00874298 0.0141346 0.0211419 0.0296463 0.0393181 0.049482 0.0590817 0.0669279 0.0721317 0.0743969 0.0739725 0.0713858 0.0671987 0.061896 0.0558665 0.0494173 0.0427986 0.0362258 0.029888 0.023946 0.0185313 0.0137521 0.00969935 0.00643751 0.00398052
 0.00890148 0.0144454 0.0217022 0.0305638 0.0406654 0.0512343 0.0610728 0.0688644 0.0736742 0.0752701 0.0740465 0.070697 0.0659177 0.0602698 0.0541566 0.0478436 0.0414987 0.0352404 0.0291803 0.0234426 0.0181628 0.0134746 0.00949309 0.00629333 0.00388889
#obs surv len freq
 0.0049726 0.00814551 0.0123905 0.0177213 0.0240111 0.0308932 0.0377405 0.0438281 0.0486048 0.0518696 0.0537423 0.0545093 0.0544915 0.0539865 0.0532546 0.0525094 0.0518952 0.0514471 0.0510266 0.0502652 0.0485812 0.0453444 0.0401778 0.0332499 0.0253418
 0.00518082 0.00848601 0.0129069 0.018456 0.0249979 0.0321452 0.0392369 0.0455086 0.0503764 0.0536226 0.0553657 0.0559007 0.055561 0.0546583 0.0534693 0.0522275 0.0511038 0.0501668 0.0493176 0.0482306 0.0463642 0.0431165 0.0381147 0.0314984 0.0239872
 0.00540986 0.00886043 0.0134743 0.0192621 0.0260783 0.0335115 0.0408632 0.0473262 0.0522838 0.0555043 0.0571098 0.0574077 0.0567453 0.0554467 0.0537995 0.0520495 0.0503845 0.0489002 0.0475392 0.0460306 0.0438933 0.0405749 0.0357206 0.029441 0.0223831
 0.0056393 0.00923867 0.0140534 0.0200937 0.027204 0.0349467 0.0425808 0.0492513 0.0543043 0.0574936 0.0589472 0.0589899 0.0579887 0.0562847 0.0541775 0.0519206 0.049711 0.0476617 0.0457502 0.0437621 0.0412883 0.0378435 0.033107 0.0271676 0.0205943
 0.00588358 0.0096364 0.0146534 0.0209427 0.0283385 0.0363806 0.0442906 0.0511697 0.0563278 0.0594997 0.0608133 0.0606064 0.0592652 0.0571511 0.0545807 0.0518192 0.0490714 0.0464616 0.0439942 0.041506 0.0386611 0.035051 0.0304013 0.0247886 0.0187061
 0.0061347 0.0100478 0.015278 0.0218315 0.0295297 0.0378839 0.0460714 0.053145 0.0583795 0.061499 0.0626415 0.0621651 0.0604765 0.0579545 0.0549295 0.0516767 0.0484079 0.0452576 0.0422521 0.0392731 0.0360543 0.0322644 0.0276826 0.0223811 0.0167825
 0.00637761 0.0104475 0.0158888 0.0227064 0.0307108 0.0393847 0.0478599 0.0551375 0.0604525 0.0635131 0.064466 0.063693 0.0616295 0.0586806 0.0551964 0.0514629 0.047697 0.0440384 0.0405301 0.0370919 0.03352 0.0295569 0.0250354 0.0200284 0.0148948
 0.00661115 0.0108307 0.0164721 0.0235393 0.0318324 0.0408087 0.0495589 0.0570362 0.0624376 0.0654533 0.0662333 0.0651767 0.0627443 0.0593684 0.0554239 0.0512152 0.0469696 0.0428337 0.0388633 0.0350086 0.0311191 0.0270024 0.0225406 0.0178095 0.013111
 0.00684904 0.0112197 0.0170616 0.0243764 0.0329521 0.0422192 0.0512265 0.0588807 0.0643433 0.067292 0.0678847 0.0665412 0.0637462 0.0599562 0.055568 0.0509038 0.0462038 0.0416247 0.0372358 0.0330137 0.0288523 0.0246137 0.0202216 0.0157536 0.0114603
 0.00705341 0.011558 0.0175817 0.0251262 0.0339695 0.0435161 0.0527728 0.0605995 0.0661222 0.0690057 0.0694163 0.0677952 0.0646531 0.0604712 0.0556676 0.050581 0.0454634 0.0404816 0.0357187 0.0311758 0.0267846 0.0224523 0.0181361 0.0139124 0.00998567
 0.00727904 0.0119255 0.0181359 0.0259089 0.0350106 0.0448204 0.0543062 0.0622834 0.0678441 0.0706398 0.0708453 0.0689246 0.065418 0.0608367 0.0556239 0.0501367 0.0446382 0.0393022 0.034222 0.0294172 0.0248502 0.0204645 0.0162425 0.0122562 0.00866816
 0.00746311 0.0122281 0.0185975 0.0265686 0.0358981 0.045943 0.0556355 0.0637517 0.0693539 0.0720823 0.0721186 0.0699444 0.0661219 0.0611857 0.0556018 0.0497468 0.0438992 0.038244 0.0328852 0.0278589 0.0231517 0.0187343 0.0146071 0.0108351 0.00754352
 0.00751481 0.012319 0.0187477 0.0268033 0.036245 0.0464264 0.0562693 0.0645327 0.0702586 0.0730671 0.0731219 0.070893 0.0669392 0.0618008 0.0559581 0.0498069 0.0436468 0.0376843 0.0320445 0.0267859 0.0219197 0.0174403 0.0133616 0.00974112 0.0066721
 0.00759634 0.0124413 0.0189132 0.0270097 0.0364881 0.0467056 0.0565903 0.0649066 0.0706965 0.0735739 0.0736898 0.0714974 0.0675385 0.0623401 0.056376 0.0500456 0.0436609 0.0374484 0.0315583 0.0260774 0.0210462 0.0164842 0.0124185 0.0089005 0.00599664
 0.00765161 0.0125262 0.0190316 0.0271608 0.0366663 0.0469006 0.0567888 0.0650967 0.0708745 0.0737486 0.0738822 0.0717309 0.0678257 0.0626714 0.0567169 0.050342 0.0438519 0.03748 0.0313971 0.02572 0.0205228 0.0158554 0.0117627 0.00829548 0.00549972
 0.00772077 0.0126305 0.0191731 0.0273358 0.0368659 0.0471123 0.0569978 0.0652871 0.0710318 0.0738643 0.0739582 0.0717816 0.0678739 0.0627398 0.0568163 0.0504625 0.0439614 0.0375325 0.0313472 0.0255393 0.020212 0.0154466 0.0113112 0.00786275 0.00513517
 0.00779131 0.0127407 0.0193302 0.0275421 0.0371173 0.047396 0.0572917 0.0655617 0.0712566 0.0740164 0.0740285 0.0717765 0.0678124 0.062648 0.0567205 0.0503812 0.0438974 0.0374704 0.0312582 0.0253938 0.019994 0.0151635 0.010993 0.00755116 0.00486754
 0.00782725 0.0127986 0.0194162 0.0276614 0.0372725 0.0475855 0.057507 0.0657871 0.0714709 0.0741971 0.0741568 0.0718413 0.0678128 0.0625934 0.0566285 0.0502719 0.0437871 0.0373649 0.0311506 0.0252685 0.0198365 0.0149706 0.0107773 0.00733668 0.00467969
 0.00783621 0.0128104 0.0194292 0.0276731 0.0372813 0.0475929 0.057519 0.0658127 0.071519 0.0742717 0.0742539 0.0719492 0.0679155 0.0626762 0.0566819 0.0502946 0.0437839 0.0373423 0.0311119 0.0252112 0.0197554 0.0148636 0.0106507 0.0072048 0.00455954
 0.007884 0.0128793 0.0195165 0.0277701 0.0373757 0.0476721 0.0575738 0.0658397 0.071521 0.0742572 0.0742351 0.0719371 0.0679159 0.0626871 0.0566958 0.0503019 0.0437775 0.0373194 0.0310727 0.0251567 0.0196859 0.0147804 0.0105582 0.00711145 0.0044754
 0.00790472 0.0129133 0.0195679 0.0278416 0.0374666 0.0477759 0.0576771 0.0659243 0.0715701 0.0742627 0.074201 0.0718779 0.0678505 0.0626318 0.0566584 0.0502814 0.0437667 0.0373091 0.0310552 0.0251275 0.0196438 0.0147268 0.0104972 0.00704929 0.00441904
 0.00788007 0.0128753 0.0195146 0.0277738 0.0373878 0.0476932 0.0576008 0.0658656 0.0715376 0.0742584 0.0742201 0.0719125 0.0678941 0.0626819 0.0567163 0.0503482 0.0438402 0.0373831 0.0311211 0.0251775 0.0196731 0.0147349 0.0104876 0.00702837 0.004394
 0.00787419 0.0128573 0.0194723 0.0276916 0.0372524 0.047501 0.0573641 0.0656133 0.0713073 0.0740855 0.0741277 0.0719067 0.0679657 0.0628121 0.0568834 0.0505331 0.0440282 0.0375629 0.0312834 0.0253143 0.0197789 0.014808 0.0105307 0.00704789 0.00439816
 0.00788537 0.0128714 0.0194856 0.0276966 0.0372378 0.0474536 0.0572718 0.0654696 0.071117 0.0738678 0.0739146 0.0717345 0.0678636 0.0627934 0.0569437 0.0506545 0.044187 0.0377362 0.0314525 0.0254654 0.019903 0.014901 0.0105933 0.00708463 0.0044161
 0.00787924 0.0128624 0.0194735 0.0276813 0.0372187 0.0474283 0.0572355 0.0654155 0.071038 0.0737605 0.0737824 0.0715909 0.0677306 0.0626965 0.0569031 0.0506787 0.0442703 0.0378617 0.0315985 0.0256111 0.0200326 0.0150049 0.0106684 0.00713334 0.00444396
 0.00787401 0.0128497 0.019447 0.0276331 0.0371424 0.0473227 0.0571072 0.0652783 0.070908 0.0736498 0.073696 0.0715273 0.0676872 0.0626738 0.056907 0.0507173 0.0443488 0.0379778 0.031741 0.0257632 0.0201766 0.0151274 0.0107624 0.00719818 0.00448411
 0.00788124 0.0128609 0.0194625 0.0276519 0.0371611 0.0473348 0.057104 0.0652508 0.0708513 0.0735663 0.0735955 0.0714239 0.0675934 0.0625982 0.0568543 0.0506909 0.0443522 0.0380128 0.0318053 0.0258487 0.020271 0.0152172 0.0108375 0.00725382 0.00452072
 0.00780752 0.0127478 0.0193051 0.0274511 0.0369241 0.0470754 0.056842 0.0650101 0.0706552 0.073432 0.0735305 0.0714269 0.0676573 0.0627127 0.057008 0.0508722 0.0445503 0.0382187 0.0320112 0.0260468 0.0204525 0.0153736 0.0109624 0.0073452 0.00458143
 0.00779968 0.0127243 0.0192505 0.0273455 0.0367499 0.0468269 0.0565329 0.0646736 0.0703354 0.0731705 0.0733561 0.0713509 0.067676 0.0628123 0.0571699 0.0510772 0.0447806 0.0384589 0.0322486 0.0262707 0.0206537 0.0155445 0.0110981 0.00744493 0.00464843
 0.00777622 0.0126888 0.019201 0.0272803 0.0366648 0.046714 0.0563813 0.064475 0.0700917 0.0729003 0.0730935 0.0711368 0.0675446 0.0627814 0.0572377 0.0512269 0.0449877 0.0386979 0.0324968 0.0265098 0.0208698 0.0157279 0.0112435 0.00755172 0.00472046
 0.00774725 0.0126399 0.0191245 0.0271688 0.0365142 0.0465262 0.0561667 0.06425 0.0698735 0.0727013 0.072921 0.0709974 0.0674492 0.0627451 0.0572743 0.0513412 0.0451718 0.0389328 0.0327575 0.0267712 0.021111 0.0159343 0.0114074 0.00767193 0.00480144
 0.00930968 0.0148235 0.0217524 0.0298567 0.038782 0.0479766 0.0566265 0.0637974 0.0687547 0.0712086 0.0713005 0.0694141 0.0659947 0.0614619 0.0561785 0.0504364 0.044454 0.03839 0.0323694 0.0265111 0.0209491 0.0158424 0.0113611 0.00765256 0.0047959
 0.00931044 0.0151153 0.0227033 0.031921 0.0423018 0.0529137 0.0623928 0.0693505 0.0729676 0.0733133 0.0711424 0.0673932 0.0627909 0.0577447 0.0524414 0.0469704 0.0413978 0.0357926 0.0302328 0.0248121 0.019649 0.0148907 0.0106999 0.00722018 0.00453215
 0.00897381 0.0145866 0.021964 0.0310227 0.041419 0.052379 0.062656 0.0708174 0.0757553 0.0770691 0.0750883 0.0706208 0.0646398 0.0580317 0.0514288 0.0451513 0.039265 0.0337051 0.0283925 0.0233013 0.0184772 0.0140292 0.0101014 0.00682976 0.00429483
 0.00880027 0.0142956 0.0215104 0.0303622 0.0405259 0.0512777 0.0614621 0.0697643 0.0751754 0.077301 0.0763238 0.0727611 0.0672645 0.0605349 0.0532642 0.0460411 0.0392547 0.0330628 0.0274479 0.0223223 0.017624 0.0133661 0.00963006 0.00652048 0.00410733
 0.00871896 0.0141585 0.0212941 0.0300399 0.0400704 0.0506693 0.0607006 0.0688858 0.0742694 0.0765216 0.075878 0.0728561 0.0680162 0.0618785 0.0549342 0.0476564 0.0404731 0.0337125 0.0275603 0.0220662 0.017202 0.0129363 0.00927844 0.00627201 0.00395108
 0.00870614 0.0141328 0.0212459 0.0299555 0.0399331 0.0504616 0.0604075 0.0684987 0.0737916 0.0759785 0.0753294 0.0724035 0.0677912 0.0620008 0.0554496 0.0484895 0.0414356 0.0345747 0.0281489 0.0223263 0.0171917 0.0127709 0.00906849 0.00608802 0.00382003
 0.00868042 0.0140914 0.0211841 0.0298689 0.0398174 0.050313 0.0602236 0.0682784 0.0735352 0.0756889 0.0750157 0.072089 0.0675208 0.0618416 0.0554744 0.0487436 0.0419009 0.0351605 0.0287219 0.0227676 0.0174445 0.0128506 0.00903575 0.00600956 0.00374231
 0.00866564 0.0140688 0.0211527 0.0298283 0.0397675 0.0502534 0.0601528 0.0681939 0.0734337 0.0755664 0.0748693 0.0719197 0.0673384 0.0616701 0.055353 0.0487181 0.0420048 0.0353921 0.0290357 0.0230889 0.0177026 0.0130082 0.00909735 0.00600687 0.0037118
 0.00867472 0.0140791 0.02116 0.0298261 0.0397492 0.0502151 0.0600954 0.0681228 0.0733558 0.0754867 0.0747887 0.0718352 0.067247 0.0615733 0.0552616 0.0486534 0.0419933 0.0354536 0.0291691 0.023268 0.017885 0.0131548 0.00918857 0.00604628 0.00371706
 0.00868389 0.0140947 0.0211844 0.029861 0.0397941 0.0502653 0.0601417 0.068153 0.0733593 0.0754583 0.0747306 0.0717549 0.0671531 0.061473 0.0551617 0.0485631 0.0419257 0.0354235 0.0291863 0.0233293 0.0179732 0.013245 0.00925984 0.00608966 0.00373559
 0.00866754 0.0140758 0.0211702 0.0298628 0.0398237 0.0503301 0.0602398 0.0682719 0.0734787 0.0755562 0.0747886 0.0717629 0.0671113 0.0613902 0.0550519 0.0484424 0.0418103 0.0353285 0.0291233 0.0233034 0.01798 0.0132721 0.00929214 0.0061156 0.00375068
 0.00863971 0.0140289 0.0210971 0.0297581 0.0396872 0.0501714 0.0600802 0.0681415 0.073406 0.0755565 0.0748578 0.0718798 0.0672464 0.0615168 0.0551527 0.0485122 0.0418535 0.0353554 0.0291456 0.0233302 0.018015 0.0133129 0.00933241 0.00614889 0.00377363
 0.0086276 0.0140082 0.0210639 0.0297077 0.0396149 0.0500739 0.0599584 0.0680029 0.073266 0.0754372 0.0747823 0.0718642 0.0672931 0.0616131 0.055276 0.0486383 0.0419649 0.0354448 0.0292147 0.0233852 0.0180622 0.0133555 0.00936999 0.00617945 0.00379564
 0.0086313 0.014013 0.021069 0.0297109 0.0396131 0.0500631 0.0599342 0.0679612 0.073205 0.075359 0.074695 0.0717819 0.0672321 0.0615867 0.0552888 0.0486843 0.0420306 0.0355151 0.0292787 0.0234385 0.0181051 0.0133904 0.00939854 0.00620206 0.0038122
 0.00862048 0.0139991 0.0210545 0.0297004 0.039611 0.0500718 0.0599517 0.0679813 0.0732188 0.0753582 0.0746749 0.0717427 0.0671805 0.0615338 0.0552472 0.0486636 0.042034 0.0355386 0.0293139 0.0234766 0.0181402 0.0134198 0.00942198 0.00621989 0.00382499
 0.00862048 0.0139991 0.0210545 0.0297004 0.039611 0.0500718 0.0599517 0.0679813 0.0732188 0.0753582 0.0746749 0.0717427 0.0671805 0.0615338 0.0552472 0.0486636 0.042034 0.0355386 0.0293139 0.0234766 0.0181402 0.0134198 0.00942198 0.00621989 0.00382499
 0.00806257 0.0131153 0.0197722 0.0279798 0.0374675 0.0476021 0.057353 0.0655371 0.0712414 0.0741047 0.0742808 0.072201 0.0683651 0.0632472 0.0572704 0.0507951 0.0441119 0.0374476 0.0309819 0.0248669 0.0192445 0.0142524 0.0100144 0.00661498 0.00407011
 0.00847729 0.0137145 0.0205317 0.0288208 0.0382678 0.0482213 0.0576608 0.0654409 0.0707116 0.073195 0.0731269 0.0709907 0.0672867 0.0624396 0.0567957 0.0506399 0.0442106 0.0377121 0.0313264 0.0252234 0.0195671 0.0145167 0.0102129 0.00675228 0.00415745
 0.00899483 0.0145909 0.0219067 0.0308214 0.0409497 0.0514911 0.0612213 0.0688148 0.073361 0.0746868 0.073261 0.0698347 0.0651216 0.0596594 0.0538024 0.0477639 0.0416694 0.0356078 0.0296709 0.023974 0.0186582 0.0138796 0.00978507 0.0064794 0.00399393
 0.00926858 0.0150698 0.0226916 0.0320311 0.0426977 0.0538426 0.0641408 0.0721266 0.0767436 0.0777135 0.0754834 0.0708941 0.0648509 0.058132 0.0513041 0.0447017 0.0384592 0.0325857 0.0270512 0.0218511 0.0170355 0.0127048 0.00898017 0.00595988 0.00368034
 0.00860843 0.01405 0.0212645 0.0302104 0.0405818 0.0516349 0.0621547 0.0707453 0.0763217 0.0784487 0.0773208 0.0735176 0.0677711 0.060834 0.0533961 0.0460062 0.0390183 0.0325921 0.0267475 0.0214455 0.0166608 0.0124189 0.008789 0.00584482 0.00361703
 0.0081785 0.0132848 0.0199966 0.0282606 0.0378227 0.0480855 0.0580597 0.0665816 0.0727074 0.0759846 0.0764326 0.0743483 0.0701485 0.0643164 0.057389 0.0499191 0.0424086 0.0352411 0.0286489 0.022729 0.0175001 0.0129655 0.0091477 0.00607882 0.00376448
 0.00839461 0.0135883 0.020357 0.0285987 0.038006 0.047937 0.057389 0.0652452 0.0706906 0.0734707 0.0738073 0.0721127 0.0687643 0.0640515 0.0582319 0.0515976 0.0444993 0.0373191 0.0304105 0.0240427 0.0183812 0.0135101 0.00946667 0.00626084 0.0038671
 0.00883419 0.0143133 0.0214609 0.0301563 0.0400341 0.0503412 0.0599219 0.0675162 0.0722487 0.0739378 0.0730101 0.0701572 0.0660229 0.0610599 0.0555275 0.0495592 0.0432556 0.0367624 0.0302964 0.024117 0.018469 0.0135389 0.00943836 0.00620648 0.00381452
 0.00868242 0.0141222 0.0212792 0.030072 0.0401611 0.0507891 0.0607587 0.0687315 0.0737258 0.075449 0.074251 0.0708282 0.0659359 0.0602222 0.054154 0.0479978 0.041856 0.0357531 0.0297314 0.0239057 0.0184597 0.0135982 0.00949056 0.00622956 0.00381548
 0.00877227 0.0142416 0.0214125 0.0301958 0.0402611 0.0508827 0.0609071 0.0690276 0.0742554 0.0762394 0.0752326 0.0718301 0.0667258 0.0605827 0.0539675 0.0473003 0.0408278 0.0346453 0.0287656 0.0232019 0.0180246 0.0133657 0.00937768 0.00617362 0.00378326
 0.00841667 0.0136943 0.0206469 0.0292101 0.0390808 0.0495638 0.0595438 0.0677575 0.0732507 0.0756782 0.075251 0.072472 0.0679082 0.0621008 0.0555476 0.0486866 0.041864 0.0353106 0.0291477 0.0234287 0.0181976 0.0135304 0.00953343 0.0063032 0.00387538
 0.00850505 0.0137908 0.0207057 0.0291607 0.0388485 0.0491011 0.0588556 0.0669066 0.0723413 0.074831 0.0745849 0.0720911 0.0678861 0.0624551 0.0562183 0.0495391 0.0427284 0.0360422 0.0296748 0.0237605 0.0183926 0.0136522 0.00962291 0.00637506 0.00393035
 0.00851112 0.0138178 0.0207743 0.0292919 0.0390467 0.0493344 0.0590478 0.0669543 0.0721567 0.074387 0.0739373 0.0713636 0.0672298 0.0620025 0.0560481 0.0496572 0.04307 0.0364966 0.0301273 0.0241316 0.0186549 0.0138197 0.00972601 0.00644029 0.00397319
 0.00891518 0.0144545 0.0216932 0.0305204 0.0405785 0.0511132 0.0609508 0.0687888 0.0736842 0.0753746 0.0742189 0.0708894 0.0660844 0.0603847 0.0542159 0.0478584 0.0414843 0.0352097 0.0291401 0.0233948 0.0181078 0.013415 0.00943403 0.00624113 0.0038481
#pred catch len freq
 0.00348584 0.00568219 0.00861474 0.0123383 0.0168855 0.0222064 0.0281055 0.0342467 0.0402294 0.0456742 0.0502766 0.0538403 0.0562995 0.0577184 0.0582593 0.0581432 0.057617 0.0569147 0.0561721 0.0552937 0.053845 0.0511117 0.046411 0.0395443 0.0310842
 0.00388704 0.00629454 0.0094641 0.0134277 0.0182027 0.0237318 0.0298092 0.0360718 0.0420746 0.0473924 0.0517012 0.0548332 0.0567993 0.0577608 0.0579552 0.0576224 0.0569644 0.0561263 0.0551542 0.0539115 0.0520067 0.0488493 0.0439094 0.0370902 0.0289601
 0.00407727 0.00663137 0.0100205 0.0142848 0.0194271 0.0253435 0.0317555 0.0382289 0.0442792 0.0494818 0.0535367 0.0562998 0.0578022 0.0582358 0.0578915 0.0570724 0.0560214 0.0548756 0.0536289 0.0520892 0.0498578 0.04641 0.0413278 0.0346047 0.0268163
 0.00430174 0.00698326 0.0105305 0.0149854 0.0203613 0.0265699 0.0333366 0.0401979 0.0465969 0.0520098 0.0560494 0.0585374 0.059536 0.0593146 0.0582529 0.0567307 0.0550456 0.0533622 0.0516733 0.0497679 0.0472404 0.043598 0.0384873 0.0319565 0.0245748
 0.00455722 0.00738743 0.0111181 0.015782 0.021381 0.0278133 0.0347901 0.0418382 0.0483984 0.0539443 0.0580684 0.0605439 0.0613714 0.0607785 0.0591525 0.0569319 0.0544999 0.0521024 0.049789 0.0473802 0.0444926 0.0406625 0.0355731 0.0292907 0.0223532
 0.00480626 0.00778605 0.011707 0.0165963 0.0224463 0.0291369 0.0363509 0.0435809 0.0502397 0.0557909 0.0598368 0.0621694 0.0627992 0.0619413 0.0599525 0.0572451 0.0542069 0.0511291 0.048135 0.0451267 0.0417942 0.0377334 0.0326638 0.0266499 0.0201755
 0.00504986 0.00817976 0.012296 0.017423 0.0235449 0.0305231 0.0380085 0.0454526 0.0522286 0.0577739 0.061685 0.06377 0.0640712 0.0628379 0.0604459 0.0573025 0.0537751 0.0501441 0.0465557 0.0429755 0.039184 0.034867 0.0298023 0.0240556 0.0180479
 0.00526128 0.00852641 0.0128243 0.0181812 0.024577 0.031858 0.0396446 0.0473449 0.0542865 0.0598691 0.0636681 0.0654932 0.0654118 0.0637155 0.0608252 0.057179 0.0531526 0.0490181 0.0449197 0.0408504 0.0366562 0.0321084 0.0270522 0.0215654 0.0160111
 0.00552627 0.00893924 0.0134138 0.0189664 0.0255703 0.0330668 0.0410676 0.0489629 0.0560524 0.0617029 0.0654601 0.067115 0.066735 0.0646318 0.0612612 0.0571 0.0525548 0.0479153 0.0433365 0.0388321 0.0342931 0.0295549 0.0245197 0.0192781 0.0141438
 0.0057733 0.0093497 0.0140469 0.0198803 0.0268067 0.0346298 0.0429046 0.0509641 0.0580742 0.0636032 0.0671245 0.068463 0.0677113 0.0651953 0.0613801 0.0567532 0.0517357 0.0466345 0.041624 0.0367453 0.03193 0.0270651 0.022095 0.0171159 0.0123944
 0.00591528 0.00960469 0.014477 0.0205623 0.0278197 0.0360309 0.0447002 0.0530887 0.0603871 0.0659069 0.0692015 0.0701217 0.0688242 0.0657141 0.0613213 0.056168 0.0506816 0.045163 0.0397856 0.0346053 0.0295866 0.0246584 0.0197974 0.0150981 0.0107805
