SBPRF35
9.95267
Curr Bio
667363
B35
718843
F35
0.192234
FOFL
0.178382
OFL
94911.3
Bzero
2.84362e+006
#pred survey bio
 3.19477e+006 2.90043e+006 2.64393e+006 2.37981e+006 2.13911e+006 1.92852e+006 1.73159e+006 1.52478e+006 1.35829e+006 1.21058e+006 1.07762e+006 936007 832461 766593 725005 673940 656544 636962 615768 590482 573167 563996 557554 557009 556130 550400 553628 548596 550084 550704 542355 523927 514651 506121 499180 498862 510759 511675 525082 527294 532168 534660 528558 536409 542313 551748 556293 629104 628267 574681 509582 523182 585323 616383 594327 598321 593703 636754 664076 686506 674281 2.36713e+007 1.46883e+007 1.53323e+007 1.62431e+007 1.72768e+007 1.82918e+007 1.92006e+007 1.99653e+007 2.05816e+007 2.10638e+007 2.14334e+007 2.1713e+007 2.19226e+007 2.20793e+007 2.21961e+007 2.22834e+007 2.23488e+007 2.2398e+007 2.24351e+007 2.24633e+007 2.24849e+007 2.25014e+007 2.25141e+007 2.2524e+007 2.25316e+007 2.25376e+007 2.25423e+007 2.25459e+007 2.25488e+007 2.2551e+007 2.25528e+007 2.25542e+007 2.25554e+007 2.25562e+007 2.25569e+007 2.25575e+007 2.25579e+007 2.25583e+007 2.25586e+007 2.25588e+007 2.2559e+007 2.25591e+007 2.25592e+007 2.25593e+007 2.25594e+007 2.25595e+007 2.25595e+007 2.25595e+007 2.25596e+007 2.25596e+007 2.25596e+007 2.25596e+007 2.25596e+007 2.25596e+007 2.25596e+007 2.25597e+007 2.25597e+007 2.25597e+007 2.25597e+007 2.25597e+007 2.25597e+007 2.25597e+007 2.25597e+007 2.25597e+007 2.25597e+007 2.25597e+007 2.25597e+007 2.25597e+007 2.25597e+007 2.25597e+007 2.25597e+007 2.25597e+007 2.25597e+007 2.25597e+007 2.25597e+007 2.25597e+007 2.25597e+007 2.25597e+007 2.25597e+007 2.25597e+007 2.25597e+007 2.25597e+007 2.25597e+007 2.25597e+007 2.25597e+007 2.25597e+007 2.25597e+007 2.25597e+007 2.25597e+007 2.25597e+007 2.25597e+007 2.25597e+007 2.25597e+007 2.25597e+007 2.25597e+007 2.25597e+007 2.25597e+007 2.25597e+007 2.25597e+007 2.25597e+007 0 0 0 0 0 0 0 0 0 0 0 0 0 0 0 0 0 0 0 0 0 0 0 0 0
#obs survey bio
 3.02948e+006 2.03842e+006 1.91371e+006 2.14231e+006 2.18184e+006 2.45355e+006 1.38631e+006 1.96207e+006 1.20786e+006 809350 850364 643283 770367 500508 653025 636740 792678 812032 535840 541875 639453 486131 402815 673274 486785 567644 449510 539818 607871 507001 418915 655895 498465 493921 358577 623816 481237 591363 493509 528968 776493 529386 602658 587526 618542 272660 630737 767994 833680 857285 455104 486945 757706 554762 468764 390673 633626 382463 639976 502132 770418
#pred catch bio
 287030 267269 292175 289268 278846 280502 299213 269957 258079 247593 253761 216814 180515 156249 159461 126323 125305 124035 124845 115626 107183 103967 98329.4 97891.5 100906 92617.1 98654.7 91414.7 90087 94503.8 98703.7 88528.2 89358.1 91040.7 88005.6 79638.8 89836 80032.1 90006.4 87490.2 89366.2 96362.3 84932.6 87936.5 86723.2 92287.8 37514.3 100220 141040 147240 80933.3 44500.5 73138.9 117167 95743 106194 70720.9 89093.5 96486.2 127605 115929 94911.3 104816 108463 113948 120665 127347 133255 138111 141903 144758 146846 148341 149394 150125 150628 150971 151203 151360 151465 151535 151581 151612 151633 151647 151656 151662 151666 151668 151670 151671 151672 151672 151673 151673 151673 151673 151673 151673 151673 151673 151673 151673 151673 151673 151673 151673 151673 151673 151673 151673 151673 151673 151673 151673 151673 151673 151673 151673 151673 151673 151673 151673 151673 151673 151673 151673 151673 151673 151673 151673 151673 151673 151673 151673 151673 151673 151673 151673 151673 151673 151673 151673 151673 151673 151673 151673 151673 151673 151673 151673 151673 151673 151673 151673 151673 151673 151673 151673 151673 151673 0 0 0 0 0 0 0 0 0 0 0 0 0 0 0 0 0 0 0 0 0 0 0 0 0
#obs catch bio
 234005 268315 295595 293624 283469 285154 306232 273668 260897 252491 258955 221602 182861 158634 161825 127167 125399 124121 125640 116561 107558 104905 99120.9 98624.7 101656 93111.2 99819.6 92174.4 90473.7 95060.2 99331.5 88299.3 88995 90184.1 87804.3 79377.9 89668.4 79482.5 90059.9 87132.3 88580.2 95844 84396.2 87332.9 86426.7 93440.2 37004.4 100095 139128 145551 80453.6 44016.8 72629.9 116846 94756.8 106087 70263 89330.8 96250.4 127940 115840
#pred cpue bio
 3.13833e+006 2.8467e+006 2.59167e+006 2.32823e+006 2.08847e+006 1.87897e+006 1.68343e+006 1.47879e+006 1.31415e+006 1.16797e+006 1.03669e+006 897704 796503 732442 692358 643306 626939 608182 587614 563067 546371 537555 531355 530970 530364 524965 528204 523573 525534 526769 519397 502164 492845 483253 475392 474736 486473 487560 500614 502859 507770 510253 504206 511698 517215 526075 530393 601998 602181 549561 484915 497501 558764 590090 568328 571027 565517 606913 633545 655231 642761 2.25619e+007 1.40158e+007 1.45774e+007 1.54005e+007 1.64047e+007 1.74131e+007 1.83206e+007 1.9085e+007 1.97014e+007 2.01835e+007 2.05532e+007 2.08327e+007 2.10424e+007 2.1199e+007 2.13158e+007 2.14031e+007 2.14685e+007 2.15177e+007 2.15548e+007 2.1583e+007 2.16046e+007 2.16211e+007 2.16338e+007 2.16437e+007 2.16514e+007 2.16573e+007 2.1662e+007 2.16656e+007 2.16685e+007 2.16708e+007 2.16725e+007 2.1674e+007 2.16751e+007 2.1676e+007 2.16767e+007 2.16772e+007 2.16777e+007 2.1678e+007 2.16783e+007 2.16785e+007 2.16787e+007 2.16788e+007 2.16789e+007 2.1679e+007 2.16791e+007 2.16792e+007 2.16792e+007 2.16792e+007 2.16793e+007 2.16793e+007 2.16793e+007 2.16793e+007 2.16793e+007 2.16794e+007 2.16794e+007 2.16794e+007 2.16794e+007 2.16794e+007 2.16794e+007 2.16794e+007 2.16794e+007 2.16794e+007 2.16794e+007 2.16794e+007 2.16794e+007 2.16794e+007 2.16794e+007 2.16794e+007 2.16794e+007 2.16794e+007 2.16794e+007 2.16794e+007 2.16794e+007 2.16794e+007 2.16794e+007 2.16794e+007 2.16794e+007 2.16794e+007 2.16794e+007 2.16794e+007 2.16794e+007 2.16794e+007 2.16794e+007 2.16794e+007 2.16794e+007 2.16794e+007 2.16794e+007 2.16794e+007 2.16794e+007 2.16794e+007 2.16794e+007 2.16794e+007 2.16794e+007 2.16794e+007 2.16794e+007 2.16794e+007 2.16794e+007 2.16794e+007 2.16794e+007 2.16794e+007 0 0 0 0 0 0 0 0 0 0 0 0 0 0 0 0 0 0 0 0 0 0 0 0 0
#obs cpue bio
 3.3443e+006 1.83808e+006 1.75261e+006 1.56889e+006 1.46603e+006 1.36084e+006 1.38511e+006 1.60918e+006 1.60604e+006 813803 1.24835e+006 806611 983624 690134 825844 683230 813367 463891 467725 466734 579760 394677 642089 409357 600109 444610 432932 510560 586908 500495 672622 652488 636071 821773 432468 369222 615893 531248 376466 676623 549186 490412 448046 597300 345712 542492 659642 927508 783746 423315 489164 548074 625954 574877 925417 699623 484588 712078 828507 838412 578216
#pred surv len freq
 0.00554104 0.00898543 0.0134991 0.0190441 0.0254619 0.032387 0.0392183 0.0452645 0.0500041 0.0532612 0.0551771 0.0560521 0.0561996 0.0558707 0.0552304 0.0543567 0.0532565 0.0518845 0.0501463 0.0478739 0.0448093 0.0406605 0.0352629 0.0287781 0.0217746
 0.00603348 0.00967726 0.0143448 0.0199483 0.0263261 0.0331719 0.0399783 0.0461185 0.0510524 0.0544983 0.0564603 0.0571479 0.056878 0.0559958 0.054803 0.0534982 0.0521495 0.0506993 0.0489825 0.0467434 0.0436672 0.039466 0.0340314 0.02759 0.020738
 0.00635263 0.0102263 0.0152194 0.0212355 0.0280617 0.0352888 0.0422826 0.0483315 0.052915 0.0558755 0.0573688 0.0576861 0.0571188 0.0559261 0.0543484 0.0525993 0.0508238 0.0490473 0.0471435 0.0448398 0.0417784 0.0376419 0.032325 0.0260742 0.0194897
 0.00663464 0.0106821 0.0159038 0.0222066 0.0293785 0.0369993 0.044396 0.0507812 0.0555324 0.058402 0.0595167 0.0592268 0.0579471 0.0560596 0.0538683 0.0515866 0.0493386 0.0471518 0.04493 0.042435 0.0393241 0.0352748 0.0301676 0.0242292 0.0180271
 0.00690185 0.0111112 0.0165402 0.0230907 0.030541 0.0384542 0.0461323 0.0527586 0.0576821 0.0606245 0.0616742 0.0611407 0.0594189 0.0569173 0.0540135 0.0510118 0.0481075 0.0453664 0.0427125 0.0399268 0.0366889 0.0326903 0.0278048 0.022226 0.0164637
 0.00713204 0.0114837 0.0170978 0.0238727 0.0315771 0.0397541 0.0476751 0.0544898 0.0595226 0.0624865 0.0634718 0.0627873 0.060815 0.0579433 0.0545409 0.0509326 0.0473675 0.0439835 0.0407748 0.03758 0.0341195 0.0301075 0.025413 0.0201909 0.014881
 0.00729176 0.0117561 0.0175313 0.0245208 0.0324871 0.0409498 0.0491397 0.05616 0.0612994 0.0642576 0.0651326 0.064252 0.0620162 0.0588217 0.0550327 0.0509649 0.0468699 0.0429144 0.0391506 0.0354923 0.031733 0.0276365 0.0230823 0.0181884 0.013319
 0.00759074 0.0122231 0.0181996 0.0254113 0.0336088 0.0422983 0.0506914 0.0578641 0.0630751 0.0659999 0.0667267 0.065591 0.0630175 0.0594338 0.0552293 0.05073 0.0461852 0.041762 0.0375333 0.0334629 0.0294145 0.0252169 0.0207792 0.0161962 0.0117592
 0.00794512 0.012772 0.0189746 0.0264227 0.0348442 0.0437224 0.0522445 0.0594659 0.0646361 0.0674377 0.0679755 0.066601 0.063747 0.0598456 0.0552919 0.0504204 0.0454887 0.0406716 0.036057 0.0316417 0.0273422 0.0230456 0.0186971 0.0143808 0.0103286
 0.00814963 0.0131268 0.0195482 0.0272881 0.0360571 0.0452893 0.0540968 0.0614588 0.0665824 0.0691586 0.0693422 0.0675494 0.0642681 0.0599624 0.0550375 0.0498229 0.0445663 0.0394361 0.0345251 0.0298516 0.025372 0.0210198 0.0167722 0.012708 0.00901092
 0.00826309 0.0133248 0.019873 0.0277924 0.0367977 0.0463137 0.0554233 0.0630573 0.0683631 0.0709756 0.0710163 0.0689062 0.0651789 0.0603687 0.0549494 0.0492951 0.0436674 0.0382287 0.0330619 0.0281878 0.0235824 0.01921 0.0150704 0.0112375 0.00785526
 0.00844961 0.0136323 0.0203439 0.0284688 0.0377139 0.0474833 0.0568259 0.0646342 0.0700232 0.0726089 0.0725044 0.0701304 0.0660297 0.0607629 0.0548479 0.0487118 0.042662 0.0368866 0.0314753 0.0264471 0.0217804 0.017449 0.0134589 0.00987245 0.00679715
 0.00862422 0.0138978 0.0207106 0.0289376 0.0382814 0.048148 0.0575905 0.0654999 0.0709805 0.0736288 0.073535 0.0710996 0.0668523 0.0613515 0.0551255 0.0486266 0.0421992 0.0360727 0.0303725 0.0251422 0.0203747 0.0160497 0.0121698 0.00877916 0.00595022
 0.00865065 0.0139461 0.0207928 0.0290672 0.0384694 0.0483981 0.0578971 0.065852 0.0713713 0.0740629 0.0740256 0.0716542 0.0674556 0.0619548 0.055652 0.0489878 0.0423183 0.0359045 0.0299154 0.0244388 0.0195031 0.0151088 0.0112608 0.0079865 0.00532618
 0.00853957 0.0137792 0.020568 0.0287937 0.0381682 0.0481004 0.0576415 0.0656802 0.0713204 0.0741577 0.0742754 0.0720535 0.0679867 0.0625858 0.0563317 0.0496443 0.042867 0.0362661 0.0300373 0.0243107 0.0191607 0.0146241 0.0107229 0.00747861 0.00490652
 0.00869422 0.0139961 0.0208306 0.0290658 0.0384043 0.0482638 0.0577175 0.0656793 0.0712698 0.0740896 0.0742176 0.0720269 0.0680051 0.0626571 0.0564548 0.0498041 0.0430298 0.0363831 0.0300567 0.0241969 0.0189096 0.0142671 0.010317 0.00708633 0.00457675
 0.00877302 0.0141001 0.0209417 0.0291496 0.0384169 0.0481638 0.0574808 0.0653096 0.0708042 0.0735957 0.0737806 0.0717278 0.0678985 0.0627574 0.0567379 0.0502179 0.0435082 0.0368558 0.0304582 0.0244765 0.0190424 0.0142605 0.0102071 0.00692443 0.00441124
 0.00886862 0.0142524 0.0211634 0.0294455 0.0387776 0.0485577 0.0578508 0.0655806 0.0709044 0.0734837 0.0734653 0.0712693 0.0673904 0.0622981 0.0564026 0.0500418 0.0434832 0.0369403 0.030593 0.024602 0.0191142 0.0142593 0.0101403 0.00681829 0.00429714
 0.0088972 0.0143094 0.0212683 0.0296227 0.0390492 0.0489332 0.0583151 0.0660892 0.071387 0.0738583 0.0736584 0.071238 0.067138 0.061877 0.0558994 0.0495504 0.0430764 0.0366523 0.0304176 0.0245049 0.0190524 0.0141986 0.0100651 0.00673119 0.00421083
 0.0089431 0.0143838 0.0213806 0.0297829 0.0392678 0.0492195 0.0586737 0.0665135 0.0718537 0.0743238 0.0740614 0.0715102 0.0672227 0.0617485 0.0555751 0.0490886 0.0425589 0.0361585 0.0300017 0.0241865 0.0188215 0.0140308 0.00993678 0.00662814 0.00412831
 0.009042 0.0145214 0.0215453 0.0299508 0.0394111 0.0493198 0.0587321 0.0665518 0.0719047 0.0744168 0.0742081 0.0716971 0.0674114 0.0618866 0.0556149 0.0490056 0.0423627 0.0358885 0.0297106 0.0239198 0.0186045 0.0138676 0.00981835 0.00654235 0.00406609
 0.00906612 0.0145631 0.0216114 0.0300462 0.0395339 0.0494565 0.0588566 0.0666331 0.0719219 0.0743732 0.0741341 0.0716363 0.0673988 0.0619304 0.0556924 0.0490759 0.0423869 0.0358476 0.0296114 0.0237874 0.0184682 0.0137487 0.00972554 0.00647498 0.00401936
 0.00904529 0.0145338 0.021576 0.0300107 0.0395074 0.0494487 0.058875 0.0666787 0.0719868 0.0744413 0.0741875 0.0716658 0.0674099 0.0619402 0.0557178 0.0491208 0.0424385 0.0358841 0.0296154 0.0237553 0.0184101 0.0136809 0.00966246 0.00642448 0.00398314
 0.00896541 0.0144102 0.0214022 0.0297863 0.0392395 0.0491538 0.0585797 0.0664178 0.0717963 0.0743483 0.0742017 0.0717772 0.0675943 0.0621694 0.055968 0.0493753 0.0426844 0.0361079 0.029803 0.023896 0.0185018 0.0137306 0.00968278 0.00642816 0.00397969
 0.00896478 0.0143974 0.0213617 0.0296968 0.0390811 0.0489171 0.0582745 0.0660745 0.0714598 0.0740661 0.0740129 0.0717044 0.0676407 0.0623199 0.0561949 0.0496462 0.0429689 0.0363814 0.0300466 0.0240971 0.0186539 0.0138348 0.00974648 0.00646242 0.00399552
 0.00901 0.0144686 0.0214634 0.0298289 0.0392348 0.0490726 0.0584 0.066133 0.071422 0.0739242 0.0737872 0.0714378 0.0673841 0.0621161 0.0560681 0.0495997 0.0429898 0.0364478 0.0301348 0.0241868 0.0187309 0.0138917 0.00978267 0.00648164 0.00400349
 0.0088478 0.0142339 0.0211641 0.0294915 0.0388982 0.0487753 0.0581706 0.0659845 0.0713512 0.0739162 0.0738211 0.071496 0.0674592 0.0622128 0.0561981 0.0497723 0.0432044 0.0366918 0.0303876 0.0244255 0.0189369 0.0140543 0.00989968 0.00655825 0.0040489
 0.00869747 0.0140068 0.0208556 0.0291119 0.0384729 0.0483438 0.0577826 0.0656917 0.0711945 0.0739105 0.0739493 0.0717156 0.0677197 0.0624739 0.0564398 0.0499941 0.0434164 0.0369033 0.0306001 0.0246313 0.0191232 0.0142094 0.0100174 0.00663934 0.00409936
 0.00855239 0.0137691 0.0204959 0.0286054 0.0378096 0.0475419 0.0568993 0.0648224 0.0704537 0.0734021 0.0737384 0.0718141 0.0680884 0.0630381 0.0571122 0.0506965 0.0440933 0.0375237 0.0311501 0.025105 0.019517 0.0145213 0.0102496 0.00679953 0.00420087
 0.00829131 0.0133809 0.0199781 0.0279772 0.0371028 0.0467889 0.0561272 0.0640585 0.0697369 0.0727904 0.0733045 0.0716272 0.0681913 0.0634294 0.0577439 0.0514878 0.0449528 0.0383708 0.0319269 0.0257779 0.0200711 0.0149546 0.0105691 0.00701962 0.00434097
 0.00815882 0.0131611 0.0196409 0.0274967 0.0364688 0.0460202 0.0552801 0.0632186 0.0689944 0.0722118 0.0729209 0.0714439 0.0682067 0.0636449 0.0581576 0.0520801 0.0456781 0.0391629 0.0327143 0.0264996 0.0206865 0.0154448 0.0109338 0.00727197 0.00450231
 0.00883828 0.0141091 0.0207773 0.028647 0.0374107 0.0465605 0.0553193 0.0627717 0.0681671 0.0711556 0.0717903 0.0703674 0.0672734 0.0629061 0.0576363 0.0517804 0.0455879 0.0392517 0.0329336 0.0267908 0.0209931 0.0157236 0.0111596 0.00743717 0.004612
 0.0094782 0.0151119 0.0222075 0.0305151 0.0396433 0.048972 0.0576057 0.064559 0.0691201 0.0711014 0.0707824 0.0686522 0.0651858 0.060759 0.0556558 0.0500939 0.0442444 0.0382484 0.0322361 0.0263455 0.0207375 0.0155962 0.0111086 0.00742493 0.00461524
 0.00956861 0.0153294 0.0226641 0.0313553 0.0410033 0.0509135 0.0600526 0.0672725 0.0717321 0.0731988 0.072014 0.0688247 0.0643156 0.0590575 0.0534522 0.0477335 0.0420058 0.0363075 0.0306703 0.0251593 0.0198904 0.0150259 0.0107473 0.00721006 0.00449574
 0.00939263 0.0150876 0.0223872 0.0311137 0.0409058 0.0510944 0.0606469 0.068375 0.0733463 0.0751927 0.0741152 0.0706746 0.0655715 0.0595009 0.0530533 0.046645 0.0404952 0.0346639 0.0291283 0.0238625 0.0188933 0.0143175 0.01028 0.0069236 0.0043328
 0.00921959 0.0148121 0.0219862 0.0305777 0.040251 0.0503784 0.0599796 0.0679133 0.0732619 0.0756184 0.0750878 0.0720983 0.0672214 0.0610745 0.0542592 0.0472935 0.0405516 0.0342393 0.0284193 0.0230733 0.0181772 0.0137546 0.0098862 0.00667517 0.00419048
 0.00911068 0.0146204 0.0216715 0.0300952 0.0395647 0.0494821 0.058918 0.0667917 0.0722372 0.0748724 0.0747883 0.0723548 0.0680436 0.0623503 0.0557689 0.0487665 0.0417481 0.0350218 0.0287796 0.0231068 0.0180241 0.0135418 0.00969508 0.00653847 0.00410788
 0.00919146 0.0147388 0.0218237 0.0302641 0.0397174 0.0495707 0.0588851 0.0665845 0.0718301 0.074291 0.0741209 0.07174 0.0676332 0.0622586 0.0560272 0.0493048 0.0424159 0.0356442 0.0292222 0.0233179 0.0180344 0.0134296 0.00954236 0.00640153 0.00401021
 0.00903258 0.0145089 0.02153 0.0299311 0.0393789 0.0492567 0.058611 0.066347 0.0716116 0.0740697 0.0738851 0.071503 0.0674415 0.062184 0.0561418 0.0496444 0.0429538 0.0362908 0.0298567 0.0238349 0.0183807 0.0136115 0.00960556 0.00640098 0.00398794
 0.00898076 0.0144259 0.0214087 0.0297685 0.0391802 0.0490387 0.0584025 0.0661817 0.0715134 0.0740387 0.0738942 0.0715104 0.0674145 0.0621205 0.0560761 0.0496331 0.0430464 0.0365007 0.0301507 0.0241482 0.018648 0.0137946 0.00970225 0.00643411 0.00398721
 0.00901428 0.0144608 0.021425 0.0297361 0.0390675 0.0488266 0.0580964 0.0658157 0.0711421 0.073721 0.0736756 0.0714092 0.0674188 0.062198 0.0561929 0.0497717 0.0432099 0.0367022 0.0303938 0.0244153 0.0189045 0.0140059 0.00984965 0.00651974 0.00402728
 0.0090461 0.0145151 0.0215101 0.0298572 0.0392207 0.048992 0.0582362 0.0658819 0.0710954 0.0735506 0.0734076 0.0710984 0.067126 0.0619681 0.0560442 0.0497 0.0432015 0.0367451 0.0304799 0.0245346 0.01904 0.0141357 0.00995469 0.00659116 0.00406755
 0.00915126 0.0146785 0.021742 0.0301616 0.0395945 0.0494229 0.0586988 0.0663344 0.071481 0.073807 0.0734837 0.0709715 0.0668135 0.0615238 0.055541 0.0492072 0.0427689 0.0363983 0.0302253 0.0243659 0.0189427 0.0140898 0.00993921 0.00658889 0.00406807
 0.00921512 0.0147633 0.0218348 0.0302404 0.0396357 0.049414 0.0586472 0.0662664 0.0714308 0.0738002 0.0735246 0.0710406 0.066876 0.0615462 0.0555065 0.0491225 0.0426583 0.0362916 0.0301454 0.024323 0.0189348 0.0141066 0.00996771 0.00661774 0.00409053
 0.0092833 0.0148735 0.0219981 0.0304627 0.0399128 0.049725 0.0589529 0.0665172 0.0715836 0.0738368 0.0734582 0.0709057 0.0667091 0.0613693 0.0553242 0.0489306 0.0424564 0.0360891 0.0299593 0.02417 0.018824 0.0140373 0.00993133 0.00660277 0.00408665
 0.00914772 0.0146878 0.021783 0.03026 0.0397739 0.049693 0.0590462 0.0667225 0.0718607 0.0741313 0.0737175 0.0710938 0.0668142 0.0614015 0.0553047 0.0488794 0.0423862 0.0360074 0.0298733 0.024089 0.0187573 0.0139905 0.00990435 0.00659098 0.00408382
 0.00886309 0.0142725 0.0212478 0.0296493 0.039159 0.0491565 0.0586659 0.0665578 0.0719397 0.0744401 0.0741991 0.071662 0.0673785 0.0618925 0.0556871 0.0491501 0.0425625 0.0361133 0.029931 0.0241163 0.0187681 0.0139947 0.00990788 0.00659584 0.00408949
 0.0082935 0.0133371 0.019829 0.0276497 0.0365432 0.0460077 0.0552281 0.0632238 0.0691657 0.0726203 0.0735603 0.0722215 0.0689681 0.0642235 0.0584281 0.0519954 0.0452759 0.0385423 0.0319982 0.0257996 0.0200811 0.0149731 0.0106002 0.00705754 0.00437705
 0.00870284 0.0139227 0.0205568 0.0284235 0.0372135 0.0463974 0.0551699 0.0626037 0.0679714 0.0709754 0.0717169 0.0704987 0.0676565 0.0635006 0.0583222 0.052405 0.0460256 0.0394454 0.0329017 0.0266039 0.020738 0.0154727 0.0109561 0.00729489 0.00452465
 0.00929853 0.014894 0.0220163 0.0304563 0.0398333 0.0494897 0.0584492 0.065631 0.0702509 0.0720994 0.0714922 0.069 0.0651936 0.0605197 0.0552801 0.0496599 0.0437779 0.0377408 0.0316789 0.0257559 0.020159 0.0150806 0.0106947 0.00712634 0.00442177
 0.00960223 0.0154302 0.0229023 0.0318279 0.0418138 0.0521362 0.0616936 0.0692455 0.0738583 0.0752306 0.07368 0.0698887 0.064636 0.0586252 0.0523865 0.0462354 0.0402923 0.0345587 0.0290091 0.0236608 0.018601 0.0139742 0.0099434 0.00664122 0.00412681
 0.00901647 0.0145351 0.0216693 0.0302891 0.0400787 0.0504031 0.0602457 0.0684097 0.0739156 0.0763057 0.0756642 0.072444 0.067286 0.0608971 0.0539491 0.046979 0.0403239 0.0341219 0.0283749 0.0230394 0.0181053 0.0136317 0.00973143 0.00652086 0.00406297
 0.00859605 0.0137949 0.0204559 0.02844 0.0374796 0.0470727 0.0564097 0.0645101 0.0705311 0.074007 0.0748616 0.0732778 0.0695868 0.0642286 0.0577271 0.0506326 0.0434402 0.0365174 0.0300742 0.0241895 0.018879 0.0141649 0.0101068 0.00678165 0.00423491
 0.0088513 0.0141447 0.020855 0.0287869 0.037621 0.0468251 0.0555985 0.0630269 0.0684021 0.0714451 0.0722608 0.0711263 0.0683208 0.0640862 0.0586699 0.0523698 0.0455427 0.0385688 0.0317902 0.0254609 0.0197374 0.0147107 0.0104452 0.00699078 0.00436306
 0.00944055 0.0150796 0.0222126 0.0306058 0.0398721 0.0493741 0.0581791 0.0652547 0.0698521 0.0717743 0.0713293 0.0690635 0.0655078 0.0610535 0.0559396 0.0503022 0.0442514 0.037939 0.0315814 0.0254312 0.0197279 0.0146618 0.0103639 0.00690617 0.00429634
 0.00948695 0.0151927 0.0224536 0.0310583 0.0406245 0.0504884 0.0596537 0.066997 0.0716697 0.0733945 0.0724478 0.069423 0.0649867 0.0597272 0.0540768 0.0482832 0.0424391 0.0365637 0.0306947 0.0249423 0.0194874 0.0145394 0.0102838 0.00684126 0.00424438
 0.00953653 0.0152779 0.0225926 0.031277 0.0409585 0.0509827 0.0603549 0.0679369 0.0728416 0.0747272 0.0737929 0.0705674 0.0656983 0.0598255 0.0535035 0.0471383 0.0409566 0.0350305 0.0293516 0.0239168 0.0187882 0.0140998 0.010018 0.00668047 0.00414631
 0.00919041 0.0147409 0.021835 0.0302948 0.0397826 0.0496881 0.0590687 0.0668335 0.0721146 0.0745414 0.0742319 0.071597 0.0671586 0.0614621 0.055033 0.048332 0.0417071 0.0353706 0.0294133 0.0238575 0.0187242 0.0140805 0.0100401 0.0067198 0.00418227
 0.00920499 0.0147342 0.0217685 0.0301143 0.0394325 0.0491341 0.0583209 0.0659554 0.0712165 0.073761 0.073709 0.0714439 0.0674291 0.0621249 0.0559671 0.0493532 0.0426257 0.0360537 0.0298222 0.0240395 0.0187699 0.0140738 0.0100304 0.00672219 0.0041929
 0.00924537 0.014803 0.0218754 0.0302635 0.0396134 0.0493116 0.0584322 0.0659241 0.0709824 0.0733138 0.0731066 0.0708035 0.0668932 0.061816 0.0559471 0.0496025 0.0430511 0.0365254 0.0302247 0.0243104 0.0189083 0.0141193 0.0100308 0.00671115 0.00418515
 0.00909852 0.0146417 0.0217745 0.0303367 0.0399778 0.0500329 0.059478 0.067154 0.0721826 0.0742595 0.073626 0.0708221 0.0664499 0.0610461 0.0550364 0.0487279 0.0423295 0.0359926 0.0298501 0.0240354 0.0186835 0.0139227 0.00986358 0.00658166 0.00409641
#obs surv len freq
 0.0049726 0.00814551 0.0123905 0.0177213 0.0240111 0.0308932 0.0377405 0.0438281 0.0486048 0.0518696 0.0537423 0.0545093 0.0544915 0.0539865 0.0532546 0.0525094 0.0518952 0.0514471 0.0510266 0.0502652 0.0485812 0.0453444 0.0401778 0.0332499 0.0253418
 0.00518082 0.00848601 0.0129069 0.018456 0.0249979 0.0321452 0.0392369 0.0455086 0.0503764 0.0536226 0.0553657 0.0559007 0.055561 0.0546583 0.0534693 0.0522275 0.0511038 0.0501668 0.0493176 0.0482306 0.0463642 0.0431165 0.0381147 0.0314984 0.0239872
 0.00540986 0.00886043 0.0134743 0.0192621 0.0260783 0.0335115 0.0408632 0.0473262 0.0522838 0.0555043 0.0571098 0.0574077 0.0567453 0.0554467 0.0537995 0.0520495 0.0503845 0.0489002 0.0475392 0.0460306 0.0438933 0.0405749 0.0357206 0.029441 0.0223831
 0.0056393 0.00923867 0.0140534 0.0200937 0.027204 0.0349467 0.0425808 0.0492513 0.0543043 0.0574936 0.0589472 0.0589899 0.0579887 0.0562847 0.0541775 0.0519206 0.049711 0.0476617 0.0457502 0.0437621 0.0412883 0.0378435 0.033107 0.0271676 0.0205943
 0.00588358 0.0096364 0.0146534 0.0209427 0.0283385 0.0363806 0.0442906 0.0511697 0.0563278 0.0594997 0.0608133 0.0606064 0.0592652 0.0571511 0.0545807 0.0518192 0.0490714 0.0464616 0.0439942 0.041506 0.0386611 0.035051 0.0304013 0.0247886 0.0187061
 0.0061347 0.0100478 0.015278 0.0218315 0.0295297 0.0378839 0.0460714 0.053145 0.0583795 0.061499 0.0626415 0.0621651 0.0604765 0.0579545 0.0549295 0.0516767 0.0484079 0.0452576 0.0422521 0.0392731 0.0360543 0.0322644 0.0276826 0.0223811 0.0167825
 0.00637761 0.0104475 0.0158888 0.0227064 0.0307108 0.0393847 0.0478599 0.0551375 0.0604525 0.0635131 0.064466 0.063693 0.0616295 0.0586806 0.0551964 0.0514629 0.047697 0.0440384 0.0405301 0.0370919 0.03352 0.0295569 0.0250354 0.0200284 0.0148948
 0.00661115 0.0108307 0.0164721 0.0235393 0.0318324 0.0408087 0.0495589 0.0570362 0.0624376 0.0654533 0.0662333 0.0651767 0.0627443 0.0593684 0.0554239 0.0512152 0.0469696 0.0428337 0.0388633 0.0350086 0.0311191 0.0270024 0.0225406 0.0178095 0.013111
 0.00684904 0.0112197 0.0170616 0.0243764 0.0329521 0.0422192 0.0512265 0.0588807 0.0643433 0.067292 0.0678847 0.0665412 0.0637462 0.0599562 0.055568 0.0509038 0.0462038 0.0416247 0.0372358 0.0330137 0.0288523 0.0246137 0.0202216 0.0157536 0.0114603
 0.00705341 0.011558 0.0175817 0.0251262 0.0339695 0.0435161 0.0527728 0.0605995 0.0661222 0.0690057 0.0694163 0.0677952 0.0646531 0.0604712 0.0556676 0.050581 0.0454634 0.0404816 0.0357187 0.0311758 0.0267846 0.0224523 0.0181361 0.0139124 0.00998567
 0.00727904 0.0119255 0.0181359 0.0259089 0.0350106 0.0448204 0.0543062 0.0622834 0.0678441 0.0706398 0.0708453 0.0689246 0.065418 0.0608367 0.0556239 0.0501367 0.0446382 0.0393022 0.034222 0.0294172 0.0248502 0.0204645 0.0162425 0.0122562 0.00866816
 0.00746311 0.0122281 0.0185975 0.0265686 0.0358981 0.045943 0.0556355 0.0637517 0.0693539 0.0720823 0.0721186 0.0699444 0.0661219 0.0611857 0.0556018 0.0497468 0.0438992 0.038244 0.0328852 0.0278589 0.0231517 0.0187343 0.0146071 0.0108351 0.00754352
 0.00751481 0.012319 0.0187477 0.0268033 0.036245 0.0464264 0.0562693 0.0645327 0.0702586 0.0730671 0.0731219 0.070893 0.0669392 0.0618008 0.0559581 0.0498069 0.0436468 0.0376843 0.0320445 0.0267859 0.0219197 0.0174403 0.0133616 0.00974112 0.0066721
 0.00759634 0.0124413 0.0189132 0.0270097 0.0364881 0.0467056 0.0565903 0.0649066 0.0706965 0.0735739 0.0736898 0.0714974 0.0675385 0.0623401 0.056376 0.0500456 0.0436609 0.0374484 0.0315583 0.0260774 0.0210462 0.0164842 0.0124185 0.0089005 0.00599664
 0.00765161 0.0125262 0.0190316 0.0271608 0.0366663 0.0469006 0.0567888 0.0650967 0.0708745 0.0737486 0.0738822 0.0717309 0.0678257 0.0626714 0.0567169 0.050342 0.0438519 0.03748 0.0313971 0.02572 0.0205228 0.0158554 0.0117627 0.00829548 0.00549972
 0.00772077 0.0126305 0.0191731 0.0273358 0.0368659 0.0471123 0.0569978 0.0652871 0.0710318 0.0738643 0.0739582 0.0717816 0.0678739 0.0627398 0.0568163 0.0504625 0.0439614 0.0375325 0.0313472 0.0255393 0.020212 0.0154466 0.0113112 0.00786275 0.00513517
 0.00779131 0.0127407 0.0193302 0.0275421 0.0371173 0.047396 0.0572917 0.0655617 0.0712566 0.0740164 0.0740285 0.0717765 0.0678124 0.062648 0.0567205 0.0503812 0.0438974 0.0374704 0.0312582 0.0253938 0.019994 0.0151635 0.010993 0.00755116 0.00486754
 0.00782725 0.0127986 0.0194162 0.0276614 0.0372725 0.0475855 0.057507 0.0657871 0.0714709 0.0741971 0.0741568 0.0718413 0.0678128 0.0625934 0.0566285 0.0502719 0.0437871 0.0373649 0.0311506 0.0252685 0.0198365 0.0149706 0.0107773 0.00733668 0.00467969
 0.00783621 0.0128104 0.0194292 0.0276731 0.0372813 0.0475929 0.057519 0.0658127 0.071519 0.0742717 0.0742539 0.0719492 0.0679155 0.0626762 0.0566819 0.0502946 0.0437839 0.0373423 0.0311119 0.0252112 0.0197554 0.0148636 0.0106507 0.0072048 0.00455954
 0.007884 0.0128793 0.0195165 0.0277701 0.0373757 0.0476721 0.0575738 0.0658397 0.071521 0.0742572 0.0742351 0.0719371 0.0679159 0.0626871 0.0566958 0.0503019 0.0437775 0.0373194 0.0310727 0.0251567 0.0196859 0.0147804 0.0105582 0.00711145 0.0044754
 0.00790472 0.0129133 0.0195679 0.0278416 0.0374666 0.0477759 0.0576771 0.0659243 0.0715701 0.0742627 0.074201 0.0718779 0.0678505 0.0626318 0.0566584 0.0502814 0.0437667 0.0373091 0.0310552 0.0251275 0.0196438 0.0147268 0.0104972 0.00704929 0.00441904
 0.00788007 0.0128753 0.0195146 0.0277738 0.0373878 0.0476932 0.0576008 0.0658656 0.0715376 0.0742584 0.0742201 0.0719125 0.0678941 0.0626819 0.0567163 0.0503482 0.0438402 0.0373831 0.0311211 0.0251775 0.0196731 0.0147349 0.0104876 0.00702837 0.004394
 0.00787419 0.0128573 0.0194723 0.0276916 0.0372524 0.047501 0.0573641 0.0656133 0.0713073 0.0740855 0.0741277 0.0719067 0.0679657 0.0628121 0.0568834 0.0505331 0.0440282 0.0375629 0.0312834 0.0253143 0.0197789 0.014808 0.0105307 0.00704789 0.00439816
 0.00788537 0.0128714 0.0194856 0.0276966 0.0372378 0.0474536 0.0572718 0.0654696 0.071117 0.0738678 0.0739146 0.0717345 0.0678636 0.0627934 0.0569437 0.0506545 0.044187 0.0377362 0.0314525 0.0254654 0.019903 0.014901 0.0105933 0.00708463 0.0044161
 0.00787924 0.0128624 0.0194735 0.0276813 0.0372187 0.0474283 0.0572355 0.0654155 0.071038 0.0737605 0.0737824 0.0715909 0.0677306 0.0626965 0.0569031 0.0506787 0.0442703 0.0378617 0.0315985 0.0256111 0.0200326 0.0150049 0.0106684 0.00713334 0.00444396
 0.00787401 0.0128497 0.019447 0.0276331 0.0371424 0.0473227 0.0571072 0.0652783 0.070908 0.0736498 0.073696 0.0715273 0.0676872 0.0626738 0.056907 0.0507173 0.0443488 0.0379778 0.031741 0.0257632 0.0201766 0.0151274 0.0107624 0.00719818 0.00448411
 0.00788124 0.0128609 0.0194625 0.0276519 0.0371611 0.0473348 0.057104 0.0652508 0.0708513 0.0735663 0.0735955 0.0714239 0.0675934 0.0625982 0.0568543 0.0506909 0.0443522 0.0380128 0.0318053 0.0258487 0.020271 0.0152172 0.0108375 0.00725382 0.00452072
 0.00780752 0.0127478 0.0193051 0.0274511 0.0369241 0.0470754 0.056842 0.0650101 0.0706552 0.073432 0.0735305 0.0714269 0.0676573 0.0627127 0.057008 0.0508722 0.0445503 0.0382187 0.0320112 0.0260468 0.0204525 0.0153736 0.0109624 0.0073452 0.00458143
 0.00779968 0.0127243 0.0192505 0.0273455 0.0367499 0.0468269 0.0565329 0.0646736 0.0703354 0.0731705 0.0733561 0.0713509 0.067676 0.0628123 0.0571699 0.0510772 0.0447806 0.0384589 0.0322486 0.0262707 0.0206537 0.0155445 0.0110981 0.00744493 0.00464843
 0.00777622 0.0126888 0.019201 0.0272803 0.0366648 0.046714 0.0563813 0.064475 0.0700917 0.0729003 0.0730935 0.0711368 0.0675446 0.0627814 0.0572377 0.0512269 0.0449877 0.0386979 0.0324968 0.0265098 0.0208698 0.0157279 0.0112435 0.00755172 0.00472046
 0.00774725 0.0126399 0.0191245 0.0271688 0.0365142 0.0465262 0.0561667 0.06425 0.0698735 0.0727013 0.072921 0.0709974 0.0674492 0.0627451 0.0572743 0.0513412 0.0451718 0.0389328 0.0327575 0.0267712 0.021111 0.0159343 0.0114074 0.00767193 0.00480144
 0.00930968 0.0148235 0.0217524 0.0298567 0.038782 0.0479766 0.0566265 0.0637974 0.0687547 0.0712086 0.0713005 0.0694141 0.0659947 0.0614619 0.0561785 0.0504364 0.044454 0.03839 0.0323694 0.0265111 0.0209491 0.0158424 0.0113611 0.00765256 0.0047959
 0.00931044 0.0151153 0.0227033 0.031921 0.0423018 0.0529137 0.0623928 0.0693505 0.0729676 0.0733133 0.0711424 0.0673932 0.0627909 0.0577447 0.0524414 0.0469704 0.0413978 0.0357926 0.0302328 0.0248121 0.019649 0.0148907 0.0106999 0.00722018 0.00453215
 0.00897381 0.0145866 0.021964 0.0310227 0.041419 0.052379 0.062656 0.0708174 0.0757553 0.0770691 0.0750883 0.0706208 0.0646398 0.0580317 0.0514288 0.0451513 0.039265 0.0337051 0.0283925 0.0233013 0.0184772 0.0140292 0.0101014 0.00682976 0.00429483
 0.00880027 0.0142956 0.0215104 0.0303622 0.0405259 0.0512777 0.0614621 0.0697643 0.0751754 0.077301 0.0763238 0.0727611 0.0672645 0.0605349 0.0532642 0.0460411 0.0392547 0.0330628 0.0274479 0.0223223 0.017624 0.0133661 0.00963006 0.00652048 0.00410733
 0.00871896 0.0141585 0.0212941 0.0300399 0.0400704 0.0506693 0.0607006 0.0688858 0.0742694 0.0765216 0.075878 0.0728561 0.0680162 0.0618785 0.0549342 0.0476564 0.0404731 0.0337125 0.0275603 0.0220662 0.017202 0.0129363 0.00927844 0.00627201 0.00395108
 0.00870614 0.0141328 0.0212459 0.0299555 0.0399331 0.0504616 0.0604075 0.0684987 0.0737916 0.0759785 0.0753294 0.0724035 0.0677912 0.0620008 0.0554496 0.0484895 0.0414356 0.0345747 0.0281489 0.0223263 0.0171917 0.0127709 0.00906849 0.00608802 0.00382003
 0.00868042 0.0140914 0.0211841 0.0298689 0.0398174 0.050313 0.0602236 0.0682784 0.0735352 0.0756889 0.0750157 0.072089 0.0675208 0.0618416 0.0554744 0.0487436 0.0419009 0.0351605 0.0287219 0.0227676 0.0174445 0.0128506 0.00903575 0.00600956 0.00374231
 0.00866564 0.0140688 0.0211527 0.0298283 0.0397675 0.0502534 0.0601528 0.0681939 0.0734337 0.0755664 0.0748693 0.0719197 0.0673384 0.0616701 0.055353 0.0487181 0.0420048 0.0353921 0.0290357 0.0230889 0.0177026 0.0130082 0.00909735 0.00600687 0.0037118
 0.00867472 0.0140791 0.02116 0.0298261 0.0397492 0.0502151 0.0600954 0.0681228 0.0733558 0.0754867 0.0747887 0.0718352 0.067247 0.0615733 0.0552616 0.0486534 0.0419933 0.0354536 0.0291691 0.023268 0.017885 0.0131548 0.00918857 0.00604628 0.00371706
 0.00868389 0.0140947 0.0211844 0.029861 0.0397941 0.0502653 0.0601417 0.068153 0.0733593 0.0754583 0.0747306 0.0717549 0.0671531 0.061473 0.0551617 0.0485631 0.0419257 0.0354235 0.0291863 0.0233293 0.0179732 0.013245 0.00925984 0.00608966 0.00373559
 0.00866754 0.0140758 0.0211702 0.0298628 0.0398237 0.0503301 0.0602398 0.0682719 0.0734787 0.0755562 0.0747886 0.0717629 0.0671113 0.0613902 0.0550519 0.0484424 0.0418103 0.0353285 0.0291233 0.0233034 0.01798 0.0132721 0.00929214 0.0061156 0.00375068
 0.00863971 0.0140289 0.0210971 0.0297581 0.0396872 0.0501714 0.0600802 0.0681415 0.073406 0.0755565 0.0748578 0.0718798 0.0672464 0.0615168 0.0551527 0.0485122 0.0418535 0.0353554 0.0291456 0.0233302 0.018015 0.0133129 0.00933241 0.00614889 0.00377363
 0.0086276 0.0140082 0.0210639 0.0297077 0.0396149 0.0500739 0.0599584 0.0680029 0.073266 0.0754372 0.0747823 0.0718642 0.0672931 0.0616131 0.055276 0.0486383 0.0419649 0.0354448 0.0292147 0.0233852 0.0180622 0.0133555 0.00936999 0.00617945 0.00379564
 0.0086313 0.014013 0.021069 0.0297109 0.0396131 0.0500631 0.0599342 0.0679612 0.073205 0.075359 0.074695 0.0717819 0.0672321 0.0615867 0.0552888 0.0486843 0.0420306 0.0355151 0.0292787 0.0234385 0.0181051 0.0133904 0.00939854 0.00620206 0.0038122
 0.00862048 0.0139991 0.0210545 0.0297004 0.039611 0.0500718 0.0599517 0.0679813 0.0732188 0.0753582 0.0746749 0.0717427 0.0671805 0.0615338 0.0552472 0.0486636 0.042034 0.0355386 0.0293139 0.0234766 0.0181402 0.0134198 0.00942198 0.00621989 0.00382499
 0.00862048 0.0139991 0.0210545 0.0297004 0.039611 0.0500718 0.0599517 0.0679813 0.0732188 0.0753582 0.0746749 0.0717427 0.0671805 0.0615338 0.0552472 0.0486636 0.042034 0.0355386 0.0293139 0.0234766 0.0181402 0.0134198 0.00942198 0.00621989 0.00382499
 0.00806257 0.0131153 0.0197722 0.0279798 0.0374675 0.0476021 0.057353 0.0655371 0.0712414 0.0741047 0.0742808 0.072201 0.0683651 0.0632472 0.0572704 0.0507951 0.0441119 0.0374476 0.0309819 0.0248669 0.0192445 0.0142524 0.0100144 0.00661498 0.00407011
 0.00847729 0.0137145 0.0205317 0.0288208 0.0382678 0.0482213 0.0576608 0.0654409 0.0707116 0.073195 0.0731269 0.0709907 0.0672867 0.0624396 0.0567957 0.0506399 0.0442106 0.0377121 0.0313264 0.0252234 0.0195671 0.0145167 0.0102129 0.00675228 0.00415745
 0.00899483 0.0145909 0.0219067 0.0308214 0.0409497 0.0514911 0.0612213 0.0688148 0.073361 0.0746868 0.073261 0.0698347 0.0651216 0.0596594 0.0538024 0.0477639 0.0416694 0.0356078 0.0296709 0.023974 0.0186582 0.0138796 0.00978507 0.0064794 0.00399393
 0.00926858 0.0150698 0.0226916 0.0320311 0.0426977 0.0538426 0.0641408 0.0721266 0.0767436 0.0777135 0.0754834 0.0708941 0.0648509 0.058132 0.0513041 0.0447017 0.0384592 0.0325857 0.0270512 0.0218511 0.0170355 0.0127048 0.00898017 0.00595988 0.00368034
 0.00860843 0.01405 0.0212645 0.0302104 0.0405818 0.0516349 0.0621547 0.0707453 0.0763217 0.0784487 0.0773208 0.0735176 0.0677711 0.060834 0.0533961 0.0460062 0.0390183 0.0325921 0.0267475 0.0214455 0.0166608 0.0124189 0.008789 0.00584482 0.00361703
 0.0081785 0.0132848 0.0199966 0.0282606 0.0378227 0.0480855 0.0580597 0.0665816 0.0727074 0.0759846 0.0764326 0.0743483 0.0701485 0.0643164 0.057389 0.0499191 0.0424086 0.0352411 0.0286489 0.022729 0.0175001 0.0129655 0.0091477 0.00607882 0.00376448
 0.00839461 0.0135883 0.020357 0.0285987 0.038006 0.047937 0.057389 0.0652452 0.0706906 0.0734707 0.0738073 0.0721127 0.0687643 0.0640515 0.0582319 0.0515976 0.0444993 0.0373191 0.0304105 0.0240427 0.0183812 0.0135101 0.00946667 0.00626084 0.0038671
 0.00883419 0.0143133 0.0214609 0.0301563 0.0400341 0.0503412 0.0599219 0.0675162 0.0722487 0.0739378 0.0730101 0.0701572 0.0660229 0.0610599 0.0555275 0.0495592 0.0432556 0.0367624 0.0302964 0.024117 0.018469 0.0135389 0.00943836 0.00620648 0.00381452
 0.00868242 0.0141222 0.0212792 0.030072 0.0401611 0.0507891 0.0607587 0.0687315 0.0737258 0.075449 0.074251 0.0708282 0.0659359 0.0602222 0.054154 0.0479978 0.041856 0.0357531 0.0297314 0.0239057 0.0184597 0.0135982 0.00949056 0.00622956 0.00381548
 0.00877227 0.0142416 0.0214125 0.0301958 0.0402611 0.0508827 0.0609071 0.0690276 0.0742554 0.0762394 0.0752326 0.0718301 0.0667258 0.0605827 0.0539675 0.0473003 0.0408278 0.0346453 0.0287656 0.0232019 0.0180246 0.0133657 0.00937768 0.00617362 0.00378326
 0.00841667 0.0136943 0.0206469 0.0292101 0.0390808 0.0495638 0.0595438 0.0677575 0.0732507 0.0756782 0.075251 0.072472 0.0679082 0.0621008 0.0555476 0.0486866 0.041864 0.0353106 0.0291477 0.0234287 0.0181976 0.0135304 0.00953343 0.0063032 0.00387538
 0.00850505 0.0137908 0.0207057 0.0291607 0.0388485 0.0491011 0.0588556 0.0669066 0.0723413 0.074831 0.0745849 0.0720911 0.0678861 0.0624551 0.0562183 0.0495391 0.0427284 0.0360422 0.0296748 0.0237605 0.0183926 0.0136522 0.00962291 0.00637506 0.00393035
 0.00851112 0.0138178 0.0207743 0.0292919 0.0390467 0.0493344 0.0590478 0.0669543 0.0721567 0.074387 0.0739373 0.0713636 0.0672298 0.0620025 0.0560481 0.0496572 0.04307 0.0364966 0.0301273 0.0241316 0.0186549 0.0138197 0.00972601 0.00644029 0.00397319
 0.00891518 0.0144545 0.0216932 0.0305204 0.0405785 0.0511132 0.0609508 0.0687888 0.0736842 0.0753746 0.0742189 0.0708894 0.0660844 0.0603847 0.0542159 0.0478584 0.0414843 0.0352097 0.0291401 0.0233948 0.0181078 0.013415 0.00943403 0.00624113 0.0038481
#pred catch len freq
 0.00462531 0.00735907 0.010812 0.014926 0.0196579 0.024946 0.0306358 0.0364542 0.042066 0.0471554 0.0514782 0.0548859 0.0573346 0.0588736 0.0596059 0.059641 0.059064 0.0579197 0.0561895 0.053752 0.0503634 0.0457235 0.0396631 0.0323726 0.0244955
 0.00507353 0.00799434 0.0116004 0.0157914 0.0205214 0.0257797 0.0314898 0.0374292 0.0432389 0.0485024 0.0528485 0.0560444 0.0580521 0.0590141 0.0591708 0.0587561 0.0579209 0.0566982 0.0549935 0.05259 0.0491814 0.0444725 0.0383576 0.0311007 0.023378
 0.00540934 0.00854631 0.0124366 0.0169636 0.0220383 0.0275761 0.0334164 0.0392877 0.044857 0.0498034 0.0538569 0.0568199 0.058603 0.059262 0.0589932 0.0580697 0.056742 0.0551402 0.0532131 0.0507228 0.0473118 0.0426501 0.0366348 0.0295539 0.0220918
 0.00571183 0.00902437 0.0131348 0.0179253 0.0233096 0.0292023 0.0354198 0.0416282 0.0473974 0.052309 0.0560497 0.0584663 0.0595824 0.0595697 0.0586843 0.0571997 0.0553514 0.0532827 0.0509851 0.048263 0.0447763 0.0401879 0.0343782 0.0276142 0.0205466
 0.00599542 0.00946995 0.0137781 0.0187936 0.0244237 0.030578 0.0370657 0.0435393 0.049543 0.0546156 0.0583811 0.0606203 0.06132 0.0606755 0.059026 0.0567502 0.0541679 0.0514702 0.0486746 0.0456103 0.0419632 0.0374121 0.0318297 0.0254464 0.0188503
 0.00626196 0.00988952 0.014385 0.0196137 0.0254739 0.0318652 0.0385817 0.0452557 0.0514113 0.0565709 0.0603443 0.0624924 0.0629739 0.0619551 0.0597651 0.0568097 0.0534749 0.0500384 0.0466012 0.0430591 0.0391457 0.0345648 0.029184 0.0231901 0.0170926
 0.00649831 0.010269 0.0149481 0.0203968 0.0265054 0.0331576 0.0401213 0.0469959 0.0532748 0.0584611 0.0621598 0.0641379 0.0643636 0.0630073 0.0603929 0.0569183 0.052976 0.0488801 0.0448003 0.0407201 0.0364571 0.0317724 0.0265452 0.0209202 0.0153204
 0.00681193 0.010752 0.0156268 0.0212826 0.0276002 0.034459 0.041621 0.0486693 0.0550692 0.0602901 0.0639104 0.0656885 0.0656057 0.0638602 0.060803 0.0568467 0.0523868 0.0477431 0.0431137 0.0385425 0.0339287 0.029108 0.023994 0.0187049 0.0135816
 0.00720487 0.011352 0.0164579 0.0223428 0.0288656 0.0358918 0.0431732 0.0502841 0.0566828 0.0618364 0.0653233 0.0669014 0.0665506 0.0644717 0.0610259 0.0566412 0.0517273 0.0466172 0.0415287 0.036545 0.0316269 0.0266775 0.0216518 0.0166562 0.0119639
 0.00746961 0.0117857 0.0171159 0.0232769 0.030111 0.037448 0.0449864 0.0522429 0.0586374 0.0636322 0.0668325 0.0680401 0.0672787 0.0647814 0.0609258 0.0561433 0.0508408 0.0453501 0.0398985 0.0345962 0.0294504 0.0244183 0.0194917 0.0147714 0.0104749
 0.00769812 0.012151 0.0176562 0.024029 0.03111 0.0387224 0.0465441 0.0540519 0.0606097 0.0656213 0.0686532 0.0695076 0.0682528 0.0651952 0.060786 0.0555059 0.0497793 0.0439331 0.0381856 0.0326509 0.0273601 0.0223059 0.0175065 0.0130566 0.00912773
