SBPRF35
12.7214
Curr Bio
713698
B35
866574
F35
0.173271
FOFL
0.138713
OFL
80263.6
Bzero
3.63469e+06
#pred survey bio
 3.51496e+06 3.39463e+06 3.28561e+06 3.12758e+06 2.93425e+06 2.7103e+06 2.4564e+06 2.20775e+06 1.99598e+06 1.78108e+06 1.58111e+06 1.39037e+06 1.2175e+06 1.09227e+06 988655 892576 778451 730062 670484 638304 627275 598098 569160 551581 542326 537735 531795 535222 538752 548122 552081 555442 556972 567117 578474 592943 607978 614147 628513 640180 641676 651269 662938 671980 671457 672811 677826 684123 677252 678378 685067 734017 758948 739020 719476 2.47756e+07 1.50008e+07 1.55046e+07 1.66503e+07 1.82111e+07 1.99123e+07 2.15512e+07 2.30118e+07 2.42466e+07 2.5253e+07 2.60522e+07 2.66757e+07 2.7156e+07 2.75232e+07 2.78026e+07 2.80149e+07 2.81762e+07 2.8299e+07 2.83927e+07 2.84646e+07 2.852e+07 2.85628e+07 2.85961e+07 2.86222e+07 2.86426e+07 2.86588e+07 2.86715e+07 2.86817e+07 2.86897e+07 2.86962e+07 2.87014e+07 2.87056e+07 2.87089e+07 2.87116e+07 2.87139e+07 2.87156e+07 2.87171e+07 2.87183e+07 2.87192e+07 2.872e+07 2.87207e+07 2.87212e+07 2.87216e+07 2.8722e+07 2.87223e+07 2.87225e+07 2.87227e+07 2.87228e+07 2.8723e+07 2.87231e+07 2.87232e+07 2.87232e+07 2.87233e+07 2.87233e+07 2.87234e+07 2.87234e+07 2.87234e+07 2.87234e+07 2.87235e+07 2.87235e+07 2.87235e+07 2.87235e+07 2.87235e+07 2.87235e+07 2.87235e+07 2.87235e+07 2.87235e+07 2.87235e+07 2.87235e+07 2.87235e+07 2.87235e+07 2.87235e+07 2.87235e+07 2.87235e+07 2.87235e+07 2.87235e+07 2.87235e+07 2.87235e+07 2.87235e+07 2.87235e+07 2.87235e+07 2.87235e+07 2.87235e+07 2.87235e+07 2.87235e+07 2.87235e+07 2.87235e+07 2.87235e+07 2.87235e+07 2.87235e+07 2.87235e+07 2.87235e+07 2.87235e+07 2.87235e+07 2.87235e+07 2.87235e+07 2.87235e+07 2.87235e+07 2.87235e+07 2.87235e+07 0 0 0 0 0 0 0 0 0 0 0 0 0 0 0 0 0 0 0 0 0 0 0 0 0
#obs survey bio
 3.4215e+06 3.80531e+06 4.88479e+06 3.11932e+06 2.80857e+06 2.8187e+06 2.16373e+06 1.50634e+06 1.93855e+06 1.54451e+06 1.80237e+06 1.66433e+06 822296 912870 964864 655721 760205 688552 753343 1.03377e+06 641304 631254 623208 589859 517965 558858 371497 564582 613620 598882 439222 571456 586380 605432 664191 447783 489574 555488 778969 745576 734397 655942 567714 843791 588811 723259 532687 631441 738617 741518 901667 1.1185e+06 722997 608853 658724
#pred catch bio
 101862 98590.8 153122 197897 241188 285612 298282 281290 298443 296114 295402 283954 244855 228012 221776 234115 173564 178873 149674 127597 139049 134288 121104 111882 106734 107080 98992.7 99095.5 94246.8 98639.8 98684.1 99928.5 92825.7 92585.7 91142.6 92209 100569 94011.3 96897.4 105481 98431.2 97220.7 100170 108701 107277 104703 104449 115768 108452 103591 68528.9 89574.3 125747 122635 113580 80263.6 99386.7 101349 107520 117227 128123 138594 147803 155443 161521 166209 169741 172353 174258 175632 176614 177311 177803 178148 178390 178559 178676 178758 178814 178853 178881 178899 178912 178921 178927 178931 178934 178936 178937 178938 178939 178939 178940 178940 178940 178940 178940 178940 178940 178940 178940 178940 178940 178940 178940 178940 178940 178940 178940 178940 178940 178940 178940 178940 178940 178940 178940 178940 178940 178940 178940 178940 178940 178940 178940 178940 178940 178940 178940 178940 178940 178940 178940 178940 178940 178940 178940 178940 178940 178940 178940 178940 178940 178940 178940 178940 178940 178940 178940 178940 178940 178940 178940 178940 178940 0 0 0 0 0 0 0 0 0 0 0 0 0 0 0 0 0 0 0 0 0 0 0 0 0
#obs catch bio
 0 98264.4 153179 197744 241086 285949 299064 283183 300633 299508 298161 286015 247790 230354 223763 239069 175708 182898 151734 127534 138838 134104 121392 111890 106814 107082 99384.6 99595.9 94378.8 98743.7 98497.4 99949.5 92781.9 92575.3 90795.5 92349.1 101082 94148.1 96704.6 105324 98203.2 96803.8 99885.7 107939 107174 104310 104360 116029 108470 104103 68128.6 89015.3 125024 121812 113519
#pred cpue bio
 3.46305e+06 3.34425e+06 3.236e+06 3.07812e+06 2.88501e+06 2.66139e+06 2.40816e+06 2.16023e+06 1.94902e+06 1.73514e+06 1.5365e+06 1.34745e+06 1.17624e+06 1.05206e+06 949451 854557 742610 695384 637996 607589 597665 569691 541710 524827 516015 511658 505892 509207 512779 522160 526294 529691 531211 541141 552277 566314 580881 586985 601180 612724 614284 623730 635153 643956 643334 644547 649365 655438 648764 649961 656710 705183 730471 711152 691730 2.38224e+07 1.44298e+07 1.47647e+07 1.57251e+07 1.72218e+07 1.89081e+07 2.05441e+07 2.20041e+07 2.32389e+07 2.42453e+07 2.50445e+07 2.56679e+07 2.61483e+07 2.65155e+07 2.67949e+07 2.70072e+07 2.71685e+07 2.72912e+07 2.7385e+07 2.74569e+07 2.75122e+07 2.75551e+07 2.75884e+07 2.76145e+07 2.76349e+07 2.7651e+07 2.76638e+07 2.76739e+07 2.7682e+07 2.76885e+07 2.76936e+07 2.76978e+07 2.77012e+07 2.77039e+07 2.77061e+07 2.77079e+07 2.77094e+07 2.77105e+07 2.77115e+07 2.77123e+07 2.77129e+07 2.77135e+07 2.77139e+07 2.77142e+07 2.77145e+07 2.77148e+07 2.77149e+07 2.77151e+07 2.77152e+07 2.77153e+07 2.77154e+07 2.77155e+07 2.77155e+07 2.77156e+07 2.77156e+07 2.77157e+07 2.77157e+07 2.77157e+07 2.77157e+07 2.77157e+07 2.77158e+07 2.77158e+07 2.77158e+07 2.77158e+07 2.77158e+07 2.77158e+07 2.77158e+07 2.77158e+07 2.77158e+07 2.77158e+07 2.77158e+07 2.77158e+07 2.77158e+07 2.77158e+07 2.77158e+07 2.77158e+07 2.77158e+07 2.77158e+07 2.77158e+07 2.77158e+07 2.77158e+07 2.77158e+07 2.77158e+07 2.77158e+07 2.77158e+07 2.77158e+07 2.77158e+07 2.77158e+07 2.77158e+07 2.77158e+07 2.77158e+07 2.77158e+07 2.77158e+07 2.77158e+07 2.77158e+07 2.77158e+07 2.77158e+07 2.77158e+07 2.77158e+07 2.77158e+07 0 0 0 0 0 0 0 0 0 0 0 0 0 0 0 0 0 0 0 0 0 0 0 0 0
#obs cpue bio
 3.26088e+06 2.68729e+06 3.31804e+06 2.99416e+06 2.58798e+06 2.22849e+06 2.24012e+06 1.61953e+06 2.1838e+06 1.28494e+06 1.51992e+06 1.23695e+06 999557 1.2215e+06 922505 672854 608408 453881 582977 678615 731408 535684 378121 548053 503676 546794 487543 450064 510481 522744 797322 472608 487982 518915 655782 465515 607785 708315 672883 586164 530968 782950 676539 840723 451770 775331 626011 654046 623871 496200 681320 817468 883867 866882 464815
#pred surv len freq
 0.0048497 0.00786033 0.0118041 0.016653 0.022284 0.028406 0.0345323 0.0400969 0.0446687 0.0480947 0.0504741 0.0520264 0.0529748 0.0534953 0.0537134 0.0537204 0.0535939 0.0533982 0.0531304 0.0526114 0.0513925 0.0488097 0.0442657 0.0376344 0.0295096
 0.00509567 0.00817587 0.0121273 0.0168849 0.0223293 0.0282294 0.0341937 0.039734 0.0444293 0.0480614 0.0506295 0.0522794 0.0532245 0.0536902 0.0538716 0.0539063 0.0538674 0.0537636 0.0535122 0.0528731 0.0513953 0.0484828 0.0436472 0.0368571 0.0287391
 0.00522904 0.00841777 0.0125313 0.0174996 0.0231673 0.029231 0.0352142 0.0405804 0.0449421 0.0481917 0.0504569 0.0519539 0.0528789 0.0533869 0.0536112 0.0536722 0.0536576 0.0535844 0.0533462 0.0526583 0.0510429 0.0479281 0.0428986 0.0360045 0.0279149
 0.0054302 0.00873054 0.0129782 0.0180991 0.0239377 0.0301906 0.0363672 0.0418898 0.0463045 0.0494401 0.0514047 0.0524664 0.0529277 0.0530494 0.053019 0.0529486 0.0528837 0.0527974 0.0525492 0.0518278 0.0501409 0.0469292 0.0418222 0.0349261 0.0269402
 0.00565626 0.00909586 0.0135233 0.0188585 0.0249324 0.0314173 0.0377904 0.0434425 0.0478993 0.0509792 0.0527798 0.0535559 0.0536095 0.0532357 0.0526938 0.0521768 0.0517832 0.0514914 0.0511295 0.0503445 0.0486167 0.0453878 0.0403138 0.0335328 0.025754
 0.00589664 0.00948491 0.014106 0.0196766 0.0260178 0.0327809 0.0394081 0.0452483 0.0497909 0.0528342 0.0544743 0.0549748 0.0546489 0.0538043 0.0527229 0.0516402 0.0507132 0.049977 0.0492925 0.0483092 0.0464945 0.0432813 0.0383283 0.0317764 0.0243179
 0.00619942 0.00996774 0.0148156 0.0206516 0.0272836 0.0343408 0.0412326 0.0472689 0.0519045 0.0549174 0.056399 0.0566193 0.0559043 0.0545781 0.0529417 0.0512549 0.0497102 0.0483903 0.0472097 0.0458654 0.0438564 0.0406305 0.0358452 0.0296188 0.0225939
 0.0065038 0.0104582 0.0155457 0.0216683 0.0286191 0.0359998 0.0431783 0.049418 0.0541387 0.0571052 0.0584141 0.0583501 0.0572543 0.0554632 0.0532892 0.0510058 0.0488266 0.0468692 0.0450994 0.0432778 0.0409675 0.0376642 0.0330396 0.0271821 0.0206615
 0.00675084 0.0108582 0.0161452 0.0225115 0.0297414 0.0374174 0.044875 0.0513382 0.056191 0.0591757 0.0603824 0.0601014 0.058686 0.0564871 0.0538295 0.0509971 0.0482163 0.0456279 0.0432409 0.0408811 0.0381904 0.0347344 0.0302186 0.0247083 0.018694
 0.00699778 0.0112623 0.0167586 0.0233847 0.0309142 0.0389043 0.04665 0.0533287 0.058288 0.0612542 0.0623208 0.061792 0.0600388 0.0574287 0.0543001 0.0509461 0.0476001 0.044416 0.041433 0.0385333 0.0354384 0.0317952 0.0273584 0.022181 0.0166754
 0.00724473 0.011661 0.0173542 0.0242189 0.03202 0.0402959 0.0483097 0.0551996 0.0602767 0.063244 0.0641885 0.0634228 0.0613364 0.05832 0.0547328 0.0508819 0.0470086 0.0432749 0.0397404 0.0363329 0.0328452 0.0290045 0.024621 0.0197453 0.0147199
 0.00757855 0.0121866 0.0181134 0.02524 0.0333141 0.0418512 0.0500843 0.0571179 0.0622363 0.0651316 0.0658953 0.0648541 0.0624158 0.0589902 0.0549548 0.0506314 0.0462704 0.0420412 0.0380187 0.0341654 0.0303339 0.0263234 0.0219979 0.0174108 0.012843
 0.00794815 0.0127743 0.0189726 0.0264096 0.0348095 0.0436517 0.0521203 0.0592701 0.0643549 0.067067 0.0675253 0.0660962 0.0632241 0.0593461 0.0548563 0.0500847 0.0452841 0.0406256 0.0361933 0.0319759 0.0278739 0.023747 0.0195059 0.0152069 0.0110766
 0.00821639 0.013202 0.0196013 0.027273 0.0359289 0.0450271 0.0537199 0.0610238 0.0661587 0.0687988 0.0690641 0.0673382 0.0640939 0.0598004 0.0548806 0.0496841 0.0444736 0.0394247 0.034629 0.0300961 0.0257641 0.0215407 0.017374 0.0133217 0.00956485
 0.00844751 0.0135726 0.0201492 0.0280301 0.0369146 0.04624 0.0551278 0.0625602 0.0677316 0.0703061 0.0704083 0.0684352 0.0648767 0.0602219 0.0549153 0.0493275 0.0437382 0.038335 0.0332207 0.0284221 0.0239063 0.0196168 0.015529 0.011699 0.00826822
 0.00852766 0.0137333 0.0204468 0.0285348 0.0376927 0.0473256 0.0564983 0.0641304 0.0693719 0.0718743 0.0717788 0.0695147 0.065607 0.0605753 0.0548879 0.0489319 0.0429979 0.0372822 0.0318968 0.0268835 0.0222318 0.0179114 0.0139156 0.0102948 0.00715488
 0.00876197 0.0141085 0.0210021 0.0293056 0.0387076 0.0485987 0.0580154 0.0658353 0.0711602 0.0736013 0.0732817 0.0706448 0.0662615 0.060715 0.0545343 0.0481478 0.0418637 0.035878 0.0302971 0.025161 0.020467 0.0161974 0.0123527 0.00897258 0.00612879
 0.00856927 0.0138273 0.02064 0.0288947 0.0383017 0.0482661 0.0578324 0.0658786 0.071495 0.0742626 0.0742533 0.0718473 0.0675591 0.0619431 0.0555378 0.0488156 0.0421445 0.0357765 0.0298589 0.0244575 0.0195857 0.0152365 0.0114123 0.00814048 0.00546387
 0.00854499 0.0137858 0.0205748 0.0288016 0.0381831 0.0481373 0.0577247 0.0658366 0.0715669 0.0744871 0.0746492 0.0724078 0.0682484 0.0626956 0.0562629 0.0494119 0.0425221 0.0358789 0.0296747 0.0240196 0.0189615 0.0145141 0.0106843 0.00748718 0.00493859
 0.00860865 0.0138495 0.0205978 0.0287231 0.0379412 0.0476973 0.0571043 0.0651119 0.0708554 0.0739174 0.07433 0.0724056 0.0685766 0.0633131 0.0570823 0.0503143 0.0433788 0.0365751 0.0301317 0.0242086 0.018905 0.0142746 0.0103449 0.00712927 0.00462381
 0.00863089 0.0138725 0.0206059 0.0286883 0.0378235 0.0474502 0.0566863 0.0645044 0.0700828 0.0730599 0.073517 0.0717866 0.0682777 0.0633999 0.0575426 0.0510649 0.0442892 0.0374987 0.0309378 0.0248078 0.0192628 0.0144102 0.0103158 0.00700824 0.00447603
 0.00873369 0.0140446 0.0208724 0.0290706 0.0383276 0.0480517 0.0573183 0.0650601 0.070439 0.073115 0.073229 0.0711937 0.0674941 0.0625845 0.0568513 0.050605 0.0440919 0.0375211 0.0310882 0.0249833 0.0193836 0.0144387 0.0102573 0.00689575 0.00434955
 0.00880946 0.0141664 0.0210537 0.0293244 0.0386659 0.0484817 0.0578352 0.0656382 0.0710235 0.0736229 0.0735625 0.0712679 0.0672695 0.0620897 0.0561818 0.0498939 0.0434656 0.0370588 0.0308044 0.024838 0.0193119 0.014383 0.0101867 0.00680736 0.00425737
 0.00889355 0.0142822 0.0211899 0.0294593 0.0387757 0.0485536 0.057877 0.0656777 0.071097 0.0737564 0.073755 0.0714838 0.0674465 0.0621615 0.0561077 0.0496803 0.0431653 0.0367478 0.0305478 0.0246656 0.0192151 0.0143313 0.0101492 0.00676735 0.00421329
 0.00894349 0.0143566 0.0212884 0.0295747 0.0388932 0.0486519 0.0579319 0.0656705 0.0710254 0.0736421 0.0736402 0.0714141 0.0674476 0.0622245 0.0561929 0.0497381 0.043163 0.0366848 0.0304508 0.0245696 0.0191433 0.0142874 0.0101235 0.00674798 0.00419399
 0.00899264 0.014427 0.0213766 0.0296713 0.038985 0.0487254 0.0579762 0.0656776 0.0709903 0.0735644 0.073528 0.0712869 0.0673343 0.0621528 0.0561758 0.0497667 0.043211 0.0367233 0.0304639 0.0245586 0.0191207 0.0142651 0.0101067 0.00673586 0.00418392
 0.00904899 0.0145164 0.0215064 0.0298451 0.0391998 0.0489688 0.0582243 0.0658978 0.0711487 0.0736359 0.0735031 0.0711735 0.0671546 0.0619383 0.0559599 0.049576 0.0430584 0.0366068 0.0303725 0.0244814 0.0190526 0.0142068 0.0100606 0.0067023 0.00416108
 0.00894742 0.0143681 0.0213148 0.0296252 0.0389753 0.0487661 0.0580672 0.0658033 0.0711247 0.0736788 0.0735988 0.0713015 0.0672939 0.0620735 0.0560843 0.0496904 0.0431669 0.0367118 0.0304716 0.0245689 0.0191229 0.0142578 0.0100938 0.00672181 0.00417129
 0.0088724 0.014246 0.0211318 0.0293712 0.0386493 0.048383 0.0576624 0.0654291 0.0708371 0.0735204 0.0735861 0.0714226 0.0675167 0.0623575 0.0563912 0.0499919 0.0434459 0.0369605 0.0306874 0.0247506 0.0192694 0.0143692 0.0101727 0.00677339 0.00420214
 0.00877161 0.0140848 0.0208943 0.0290447 0.0382275 0.0478707 0.0570816 0.0648227 0.0702664 0.0730552 0.0732897 0.0713367 0.0676502 0.0626845 0.0568593 0.0505369 0.0440076 0.0374925 0.0311602 0.0251492 0.0195893 0.0146127 0.0103473 0.00689011 0.00427432
 0.00880228 0.0141194 0.0209181 0.0290337 0.0381537 0.047711 0.0568263 0.0644792 0.0698585 0.0726199 0.0728735 0.0709909 0.0674227 0.062609 0.0569454 0.0507663 0.0443397 0.0378763 0.0315473 0.0255028 0.0198872 0.0148463 0.0105178 0.00700578 0.00434671
 0.00879816 0.014119 0.0209279 0.0290609 0.0382006 0.0477683 0.0568691 0.0644724 0.0697687 0.072431 0.0725957 0.0706598 0.0670902 0.06233 0.0567656 0.050712 0.0444121 0.0380527 0.0317891 0.0257668 0.0201366 0.0150569 0.0106792 0.00711861 0.00441879
 0.00880952 0.0141344 0.020946 0.0290795 0.0382188 0.0477881 0.056895 0.0645065 0.0698051 0.0724514 0.0725741 0.0705736 0.066934 0.0621227 0.0565463 0.0505271 0.0442999 0.0380316 0.0318538 0.0258932 0.0202917 0.0152098 0.0108088 0.00721555 0.00448359
 0.00876567 0.0140618 0.0208345 0.0289198 0.0380054 0.0475241 0.0565966 0.0642037 0.0695364 0.0722537 0.0724704 0.0705661 0.0670039 0.0622399 0.0566832 0.0506701 0.0444513 0.0382022 0.0320509 0.0261127 0.0205176 0.0154206 0.0109859 0.00734935 0.00457441
 0.00881267 0.0141191 0.0208854 0.0289366 0.0379567 0.0473859 0.0563633 0.0638918 0.0691811 0.0719006 0.0721661 0.0703489 0.0668957 0.0622417 0.0567769 0.0508272 0.0446441 0.0384122 0.0322688 0.0263332 0.020733 0.015619 0.0111546 0.00747985 0.00466546
 0.00876951 0.0140622 0.0208231 0.0288819 0.0379196 0.0473639 0.0563361 0.0638269 0.0690495 0.0716936 0.0719044 0.0700765 0.0666648 0.0620948 0.0567355 0.0508888 0.0447884 0.0386104 0.0324938 0.0265634 0.0209529 0.0158165 0.0113202 0.00760787 0.00475564
 0.00861539 0.0138359 0.0205283 0.0285397 0.0375645 0.047036 0.0560719 0.063651 0.0689677 0.0716902 0.0719478 0.0701338 0.0667177 0.0621474 0.0568083 0.0510051 0.0449605 0.0388341 0.0327515 0.0268316 0.021209 0.0160432 0.0115064 0.00774919 0.00485403
 0.00857449 0.013764 0.0204111 0.0283633 0.0373223 0.0467374 0.0557479 0.0633505 0.0687424 0.0715756 0.0719489 0.0702256 0.0668579 0.0622954 0.0569409 0.0511213 0.0450749 0.0389642 0.0329062 0.0270072 0.0213921 0.0162166 0.0116559 0.00786645 0.00493752
 0.00851359 0.0136622 0.0202528 0.0281319 0.037004 0.0463271 0.055257 0.0628123 0.0682116 0.0711197 0.0716336 0.0700961 0.0669252 0.0625333 0.0572969 0.0515364 0.0455019 0.0393758 0.0332909 0.0273604 0.0217085 0.0164887 0.0118762 0.00803202 0.00505181
 0.00845192 0.0135691 0.0201254 0.0279708 0.0368108 0.0461015 0.0549958 0.0625126 0.0678767 0.0707659 0.0712932 0.0698147 0.0667507 0.0625005 0.0574151 0.051786 0.0458422 0.0397597 0.0336785 0.0277245 0.0220327 0.0167634 0.0120962 0.0081967 0.00516549
 0.00845788 0.0135783 0.0201383 0.0279875 0.0368306 0.0461225 0.0550134 0.0625176 0.0678548 0.0706994 0.0711677 0.0696281 0.0665203 0.0622631 0.0572169 0.0516664 0.0458207 0.0398312 0.0338192 0.027903 0.0222202 0.0169382 0.0122447 0.00831234 0.00524787
 0.00846638 0.0135803 0.0201196 0.027929 0.0367139 0.0459396 0.0547741 0.0622497 0.067595 0.070481 0.0710096 0.0695315 0.066474 0.0622532 0.0572371 0.0517212 0.045921 0.0399844 0.0340213 0.0281369 0.0224611 0.0171616 0.0124329 0.00845673 0.00534888
 0.00844096 0.0135438 0.0200729 0.0278736 0.0366493 0.0458596 0.0546664 0.0621012 0.0674014 0.0702542 0.0707786 0.0693324 0.0663364 0.0621908 0.0572465 0.0517904 0.0460379 0.040141 0.0342114 0.0283508 0.0226831 0.0173725 0.0126151 0.00859962 0.00545027
 0.00844745 0.0135504 0.0200759 0.0278677 0.0366297 0.0458241 0.0546166 0.0620402 0.0673297 0.0701678 0.0706715 0.0692042 0.0661976 0.0620617 0.05715 0.0517431 0.0460457 0.0402009 0.0343149 0.0284866 0.0228371 0.0175284 0.0127571 0.00871585 0.00553571
 0.00845411 0.0135714 0.0201257 0.0279641 0.0367874 0.0460452 0.0548834 0.0623167 0.0675713 0.070335 0.070739 0.069164 0.066057 0.0618411 0.0568802 0.0514605 0.0457851 0.0399887 0.0341648 0.0284001 0.022806 0.0175381 0.0127905 0.00875719 0.00557361
 0.00847754 0.0136015 0.0201572 0.0279896 0.0368022 0.0460536 0.0549013 0.0623655 0.0676664 0.0704736 0.070897 0.069304 0.0661428 0.0618505 0.0568106 0.0513276 0.0456169 0.0398166 0.0340164 0.0282926 0.0227445 0.017517 0.0127977 0.00877897 0.00559841
 0.00847563 0.0135994 0.0201552 0.0279877 0.0367987 0.0460446 0.0548816 0.062333 0.0676266 0.0704416 0.0708924 0.0693397 0.0662158 0.0619405 0.056889 0.0513704 0.0456148 0.0397771 0.033958 0.0282362 0.0227054 0.0175011 0.0128019 0.00879529 0.00561833
 0.00837388 0.0134545 0.0199752 0.0277932 0.0366168 0.0458995 0.054787 0.0622895 0.0676256 0.0704716 0.070945 0.069413 0.0663124 0.0620616 0.0570284 0.0515129 0.0457415 0.0398737 0.0340211 0.028273 0.0227281 0.0175205 0.0128234 0.00881845 0.00564015
 0.00838653 0.0134698 0.0199895 0.0278016 0.0366175 0.045898 0.054797 0.0623287 0.0677053 0.0705872 0.0710749 0.069527 0.0663854 0.0620837 0.0570055 0.0514593 0.0456707 0.039794 0.0339366 0.0281881 0.0226492 0.0174548 0.0127755 0.00878884 0.00562516
 0.00832172 0.0133726 0.0198582 0.0276396 0.0364319 0.0456977 0.0545931 0.0621362 0.0675453 0.070485 0.071053 0.0695947 0.0665331 0.0622847 0.0572258 0.0516697 0.0458532 0.0399418 0.0340499 0.0282704 0.022706 0.0174924 0.0128004 0.00880606 0.00563767
 0.00814943 0.0131134 0.0195075 0.0272078 0.0359428 0.045184 0.0540928 0.0616897 0.0671912 0.0702545 0.0709658 0.0696577 0.0667398 0.0626152 0.057647 0.0521393 0.0463276 0.0403844 0.0344365 0.0285898 0.0229569 0.0176803 0.0129344 0.00889673 0.00569567
 0.00780601 0.0125567 0.0186753 0.026051 0.0344439 0.0433831 0.0521079 0.0597132 0.0654526 0.0689636 0.0702629 0.0695924 0.0672767 0.0636554 0.0590544 0.0537642 0.0480265 0.0420341 0.035943 0.0298915 0.0240234 0.0185079 0.0135403 0.00931269 0.00596148
 0.00788092 0.0126349 0.0187106 0.0259691 0.034156 0.0428113 0.0512137 0.0585172 0.064041 0.0674808 0.0688895 0.0685103 0.066629 0.0635154 0.0594142 0.0545456 0.049105 0.0432681 0.0371984 0.0310594 0.0250297 0.019315 0.0141433 0.00973136 0.00623035
 0.0080549 0.0129372 0.0191971 0.0266909 0.0351318 0.0439912 0.0524546 0.0595968 0.0647173 0.0675739 0.0683451 0.0674171 0.065188 0.0619788 0.0580192 0.0534615 0.0484081 0.042945 0.0371725 0.0312258 0.0252861 0.0195825 0.0143736 0.00990448 0.00634651
 0.0078699 0.0126973 0.0189506 0.0265261 0.0351592 0.0443098 0.0531145 0.0605702 0.0658866 0.0687429 0.0692799 0.0679111 0.0651315 0.0613988 0.0570692 0.052365 0.0473842 0.0421478 0.0366647 0.0309872 0.025246 0.0196557 0.0144881 0.0100139 0.00642992
#obs surv len freq
 nan nan nan nan nan nan nan nan nan nan nan nan nan nan nan nan nan nan nan nan nan nan nan nan nan
 0.00448041 0.00734018 0.0111692 0.0159858 0.0216883 0.0279666 0.0342838 0.0400177 0.0446988 0.0481629 0.0505202 0.0520149 0.0529059 0.053417 0.0537303 0.0539844 0.0542624 0.0545548 0.0546933 0.0542851 0.0527231 0.0493553 0.0438051 0.0362853 0.0276692
 0.00462276 0.00757025 0.0115127 0.0164651 0.022317 0.0287421 0.0351787 0.0409768 0.0456461 0.0490152 0.0512021 0.0524709 0.053106 0.0533587 0.0534341 0.053487 0.0536071 0.0537844 0.0538471 0.0534002 0.0518386 0.0485144 0.0430527 0.0356594 0.0271908
 0.00477794 0.00782791 0.0119103 0.0170402 0.0230991 0.0297397 0.0363659 0.0422898 0.0469916 0.0502879 0.0523017 0.0533127 0.053628 0.0535251 0.0532383 0.05295 0.0527726 0.0527104 0.0525991 0.0520482 0.0504578 0.0471853 0.0418554 0.0346598 0.0264254
 0.00496841 0.0081376 0.0123768 0.0176996 0.0239804 0.0308547 0.0376984 0.0437884 0.0485729 0.0518478 0.0537293 0.054502 0.0544876 0.0539859 0.0532591 0.0525207 0.0519143 0.0514732 0.0510582 0.0503002 0.0486174 0.0453794 0.0402094 0.0332764 0.0253621
 0.00517442 0.00847745 0.0128973 0.0184471 0.0249914 0.0321412 0.0392335 0.0455028 0.0503661 0.0536078 0.0553488 0.0558849 0.0555482 0.0546491 0.0534634 0.0522251 0.051106 0.0501746 0.0493313 0.0482493 0.0463861 0.0431393 0.0381363 0.0315168 0.0240015
 0.00539928 0.00884334 0.013449 0.0192275 0.0260346 0.0334613 0.0408112 0.0472786 0.0522461 0.0554793 0.057097 0.0574044 0.0567491 0.055456 0.0538139 0.0520688 0.0504088 0.0489296 0.0475738 0.0460699 0.0439357 0.0406176 0.0357605 0.029475 0.0224095
 0.00564898 0.0092499 0.0140619 0.020093 0.0271867 0.0349079 0.0425206 0.0491752 0.0542225 0.0574174 0.0588859 0.0589492 0.0579696 0.0562847 0.0541924 0.0519465 0.0497451 0.0477022 0.0457962 0.0438126 0.0413415 0.0378965 0.0331563 0.0272097 0.0206272
 0.00587451 0.00962489 0.0146417 0.0209341 0.0283352 0.0363811 0.0442886 0.0511558 0.0562938 0.0594436 0.0607414 0.0605311 0.0592004 0.0571069 0.0545615 0.0518239 0.0490955 0.0465002 0.0440429 0.0415612 0.0387197 0.0351093 0.0304554 0.0248349 0.0187423
 0.00612521 0.0100317 0.0152529 0.0217954 0.0294825 0.0378286 0.0460145 0.0530943 0.0583408 0.0614723 0.0626218 0.0621456 0.0604541 0.0579321 0.0549141 0.0516757 0.0484256 0.045294 0.042304 0.0393357 0.0361222 0.0323324 0.0277456 0.0224347 0.0168242
 0.00637786 0.0104479 0.0158891 0.0227062 0.0307089 0.0393793 0.0478491 0.0551198 0.0604285 0.0634855 0.0644384 0.0636678 0.0616068 0.0586588 0.0551748 0.0514438 0.0476851 0.0440385 0.0405448 0.0371203 0.0335585 0.0296004 0.0250784 0.0200665 0.0149251
 0.0066133 0.0108351 0.0164801 0.0235528 0.0318526 0.0408357 0.0495905 0.057068 0.0624636 0.0654682 0.0662338 0.0651626 0.0627181 0.059334 0.0553852 0.0511756 0.0469326 0.0428032 0.0388428 0.0350004 0.0311229 0.0270153 0.0225584 0.0178281 0.0131272
 0.00683622 0.0112004 0.0170353 0.024344 0.0329159 0.0421829 0.0511947 0.0588581 0.0643335 0.0672958 0.0678995 0.0665619 0.0637672 0.0599734 0.0555794 0.05091 0.0462069 0.0416275 0.0372414 0.0330247 0.0288696 0.0246363 0.0202468 0.0157779 0.0114808
 0.00703542 0.0115285 0.0175369 0.025063 0.0338867 0.043416 0.0526629 0.0604918 0.0660311 0.0689435 0.0693902 0.0678057 0.0646945 0.0605341 0.0557414 0.0506567 0.0455353 0.0405473 0.0357787 0.0312315 0.0268374 0.0225021 0.0181816 0.0139513 0.0100163
 0.0072647 0.0118982 0.0180877 0.0258302 0.0348932 0.0446619 0.0541132 0.0620732 0.0676407 0.0704685 0.0707271 0.068872 0.0654334 0.0609127 0.0557462 0.0502874 0.0448001 0.0394621 0.0343713 0.0295518 0.0249688 0.0205666 0.0163275 0.0123236 0.00871807
 0.00744299 0.0121973 0.0185544 0.0265121 0.0358268 0.0458542 0.0555259 0.0636196 0.0692022 0.0719214 0.0719663 0.0698219 0.0660486 0.061173 0.0556506 0.0498482 0.0440374 0.0384012 0.0330454 0.0280103 0.0232869 0.0188495 0.0147008 0.0109074 0.0075957
 0.00750953 0.012309 0.0187302 0.026775 0.0362033 0.0463706 0.056201 0.0644556 0.0701761 0.072981 0.0730333 0.070805 0.0668594 0.0617414 0.0559318 0.0498222 0.0437043 0.0377764 0.0321582 0.0269069 0.0220359 0.0175431 0.0134462 0.00980611 0.00671849
 0.00760127 0.0124482 0.0189216 0.0270177 0.0364932 0.0467044 0.0565792 0.0648824 0.0706582 0.0735222 0.0736275 0.0714285 0.0674676 0.062273 0.0563204 0.0500102 0.0436532 0.0374717 0.0316096 0.0261483 0.0211256 0.0165615 0.0124857 0.00895365 0.00603496
 0.00765994 0.0125395 0.0190509 0.0271866 0.0366982 0.0469365 0.0568245 0.0651264 0.0708913 0.0737471 0.0738595 0.0716878 0.0677659 0.0626014 0.0566446 0.050276 0.0438006 0.0374502 0.0313921 0.025738 0.0205579 0.0158988 0.011806 0.00833263 0.00552782
 0.00770052 0.0126013 0.0191361 0.0272945 0.0368256 0.0470782 0.056974 0.0652757 0.0710325 0.0738748 0.0739743 0.0717981 0.067886 0.0627446 0.0568135 0.0504548 0.0439535 0.0375301 0.0313552 0.0255598 0.0202436 0.0154847 0.01135 0.00789695 0.00516165
 0.00776865 0.0127048 0.0192781 0.0274725 0.0370314 0.0472993 0.057194 0.0654762 0.0711963 0.07399 0.0740374 0.0718149 0.0678701 0.0627138 0.056785 0.0504387 0.0439461 0.037512 0.0312962 0.0254315 0.0200331 0.0152032 0.0110307 0.00758354 0.00489253
 0.00781724 0.0127808 0.0193867 0.0276158 0.0372072 0.0474995 0.0574042 0.0656766 0.071366 0.0741122 0.0741041 0.0718275 0.0678377 0.0626503 0.0567061 0.0503581 0.0438719 0.0374421 0.0312181 0.0253271 0.0198878 0.0150156 0.0108159 0.00736809 0.00470326
 0.00785291 0.0128354 0.0194625 0.0277127 0.037323 0.0476303 0.0575441 0.0658175 0.0714978 0.0742241 0.0741859 0.0718725 0.0678437 0.0626206 0.0566487 0.0502837 0.0437905 0.0373597 0.031134 0.0252342 0.0197777 0.0148846 0.0106699 0.0072214 0.00457276
 0.00786401 0.0128511 0.019482 0.0277337 0.0373429 0.0476474 0.0575586 0.065832 0.0715165 0.0742511 0.0742236 0.0719197 0.0678956 0.0626696 0.0566876 0.0503077 0.0437986 0.037353 0.0311137 0.0251993 0.0197259 0.0148152 0.0105866 0.00713333 0.00449121
 0.00789937 0.0129027 0.0195486 0.0278103 0.0374212 0.0477185 0.0576147 0.0658681 0.0715308 0.0742458 0.074205 0.0718956 0.0678732 0.0626529 0.0566763 0.0502984 0.0437867 0.0373348 0.031087 0.025163 0.0196795 0.0147593 0.0105243 0.00707011 0.00443381
 0.00788781 0.012886 0.0195273 0.0277857 0.0373951 0.0476915 0.0575861 0.0658365 0.0714961 0.074211 0.0741756 0.0718792 0.067876 0.0626781 0.0567224 0.0503594 0.0438538 0.0373988 0.0311398 0.0251993 0.0196967 0.0147582 0.0105083 0.007045 0.00440609
 0.0078853 0.0128749 0.0194978 0.0277255 0.0372939 0.0475469 0.0574089 0.0656492 0.0713264 0.0740822 0.0741015 0.0718624 0.0679121 0.0627588 0.0568375 0.050498 0.0440038 0.0375476 0.0312757 0.0253129 0.0197826 0.0148152 0.0105394 0.00705633 0.00440507
 0.00788867 0.0128788 0.0195005 0.0277231 0.0372797 0.0475122 0.0573439 0.0655476 0.07119 0.0739243 0.0739451 0.0717342 0.0678332 0.0627391 0.0568753 0.0505826 0.0441203 0.0376799 0.0314087 0.0254338 0.0198823 0.0148891 0.0105877 0.00708312 0.00441662
 0.00788189 0.0128662 0.0194787 0.0276882 0.0372281 0.0474424 0.0572572 0.0654478 0.071082 0.073813 0.0738362 0.071636 0.0677577 0.0626997 0.0568821 0.0506383 0.0442189 0.0378081 0.0315499 0.0255717 0.0200037 0.0149858 0.0106572 0.00712765 0.00444167
 0.00786246 0.0128328 0.0194252 0.027608 0.0371163 0.0472983 0.0570871 0.0652653 0.070905 0.0736599 0.0737207 0.0715656 0.0677341 0.0627211 0.0569459 0.0507415 0.0443564 0.0379714 0.0317261 0.0257458 0.0201612 0.0151162 0.0107556 0.00719492 0.00448308
 0.00782838 0.0127775 0.0193421 0.0274915 0.0369626 0.0471079 0.056867 0.0650297 0.0706744 0.0734568 0.0735661 0.0714746 0.0677137 0.06277 0.0570555 0.0508995 0.0445492 0.0381855 0.0319476 0.0259605 0.0203555 0.0152792 0.0108814 0.00728371 0.00453994
 0.00783622 0.0127849 0.0193432 0.0274772 0.0369228 0.0470344 0.056757 0.0648868 0.0705082 0.073281 0.0733968 0.0713286 0.0676065 0.0627134 0.0570557 0.0509553 0.0446532 0.0383258 0.0321099 0.0261296 0.0205168 0.0154205 0.0109948 0.00736664 0.00459489
 0.00779024 0.0127164 0.0192515 0.0273651 0.0367952 0.0468957 0.05661 0.064734 0.0703536 0.0731321 0.0732645 0.0712256 0.0675447 0.0627013 0.057097 0.0510488 0.0447927 0.0385004 0.0323054 0.0263299 0.0207063 0.0155861 0.0111281 0.00746485 0.00466077
 0.00777581 0.0126863 0.0191947 0.0272685 0.0366486 0.0466987 0.0563765 0.0644902 0.0701297 0.0729521 0.0731402 0.0711573 0.0675275 0.0627302 0.0571689 0.0511615 0.0449425 0.0386805 0.0325049 0.0265349 0.0209018 0.0157588 0.0112686 0.0075696 0.00473191
 0.00771871 0.0125972 0.0190671 0.0270986 0.0364345 0.0464417 0.0560827 0.0641739 0.0698148 0.0726704 0.0729247 0.0710345 0.067509 0.0628114 0.0573331 0.0513869 0.0452079 0.0389674 0.0327974 0.0268178 0.0211607 0.0159812 0.0114466 0.00770104 0.00482079
 0.00768932 0.0125455 0.0189824 0.0269691 0.0362512 0.046203 0.0557985 0.0638652 0.0695087 0.0723934 0.072699 0.0708774 0.0674338 0.0628261 0.0574376 0.0515712 0.0454536 0.0392518 0.0330972 0.0271119 0.0214313 0.0162144 0.0116337 0.0078398 0.00491511
 0.00767476 0.0125211 0.0189439 0.0269114 0.036168 0.0460879 0.0556467 0.0636763 0.0692893 0.0721581 0.0724694 0.0706773 0.0672854 0.0627461 0.0574353 0.0516478 0.045602 0.0394569 0.0333383 0.0273657 0.0216756 0.0164312 0.0118111 0.00797329 0.00500691
 0.0076654 0.012505 0.0189181 0.0268723 0.0361124 0.0460133 0.0555525 0.0635632 0.0691594 0.0720147 0.0723174 0.0705257 0.0671474 0.0626382 0.0573739 0.0516452 0.0456633 0.0395782 0.0335071 0.027563 0.0218796 0.0166213 0.0119722 0.00809737 0.00509373
 0.00763423 0.0124609 0.0188639 0.0268143 0.0360581 0.0459679 0.0555162 0.0635315 0.069125 0.0719707 0.0722596 0.070454 0.0670657 0.0625551 0.057302 0.0515991 0.0456563 0.0396181 0.0335934 0.0276864 0.0220237 0.0167674 0.0121034 0.0082029 0.0051699
 0.00763063 0.0124526 0.018847 0.0267847 0.0360137 0.045911 0.055455 0.0634778 0.0690889 0.071955 0.0722584 0.0704549 0.0670568 0.06253 0.0572627 0.0515553 0.0456217 0.0396068 0.0336145 0.0277414 0.0221055 0.0168629 0.0121977 0.00828392 0.0052313
 0.00760425 0.012413 0.0187936 0.0267187 0.0359373 0.0458267 0.0553654 0.0633869 0.0690036 0.0718853 0.0722144 0.0704426 0.0670745 0.0625688 0.0573105 0.0516026 0.0456658 0.0396514 0.0336668 0.0278068 0.0221843 0.0169492 0.0122822 0.00835727 0.00528778
 0.00758251 0.0123777 0.0187408 0.0266453 0.0358426 0.0457139 0.0552425 0.0632658 0.0688972 0.0718038 0.0721635 0.0704241 0.067088 0.0626111 0.0573756 0.0516822 0.0457512 0.0397365 0.03375 0.0278892 0.0222671 0.0170309 0.0123583 0.00842243 0.0053381
 0.00756882 0.0123546 0.0187043 0.0265914 0.0357679 0.0456172 0.0551267 0.0631384 0.0687699 0.0716899 0.0720756 0.0703713 0.0670741 0.0626351 0.0574327 0.0517646 0.0458497 0.0398423 0.0338558 0.0279905 0.0223615 0.0171166 0.012433 0.00848372 0.00538441
 0.00755272 0.0123327 0.018679 0.026567 0.0357487 0.0456046 0.0551174 0.0631254 0.0687453 0.071649 0.0720195 0.0703074 0.0670133 0.0625887 0.0574086 0.0517662 0.0458758 0.0398879 0.0339142 0.0280551 0.0224268 0.0171783 0.0124879 0.00852927 0.00541922
 0.00753419 0.012301 0.0186288 0.0264936 0.0356502 0.0454852 0.054989 0.0630051 0.06865 0.0715887 0.0719944 0.0703099 0.0670343 0.0626218 0.0574522 0.0518219 0.0459448 0.0399694 0.0340044 0.0281483 0.0225166 0.0172592 0.0125561 0.00858281 0.00545811
 0.00751232 0.0122658 0.0185765 0.0264207 0.0355541 0.0453654 0.0548486 0.0628527 0.0684996 0.071458 0.0719005 0.0702643 0.0670392 0.062671 0.0575343 0.0519248 0.0460597 0.0400904 0.0341269 0.0282677 0.0226277 0.0173569 0.0126366 0.00864444 0.00550168
 0.00750022 0.0122452 0.0185439 0.0263722 0.0354866 0.0452775 0.0547419 0.0627323 0.0683735 0.0713361 0.0717935 0.0701833 0.0669942 0.0626679 0.0575735 0.0520006 0.0461621 0.0402084 0.0342508 0.0283895 0.0227407 0.017456 0.012718 0.00870659 0.00554537
 0.00751019 0.01226 0.0185632 0.0263944 0.0355084 0.0452941 0.0547474 0.0627205 0.0683396 0.0712783 0.0717149 0.0700914 0.0669002 0.0625848 0.0575129 0.0519704 0.0461646 0.0402402 0.0343047 0.0284563 0.0228116 0.0175235 0.0127765 0.008753 0.00557892
 0.00749368 0.0122374 0.018537 0.0263695 0.0354902 0.0452865 0.0547504 0.06273 0.0683486 0.0712797 0.071703 0.070064 0.0668593 0.0625362 0.0574657 0.0519343 0.0461477 0.0402468 0.0343339 0.0285029 0.0228679 0.0175812 0.0128287 0.00879538 0.00560997
 0.00748871 0.0122282 0.0185214 0.0263453 0.0354571 0.045247 0.0547111 0.0626997 0.0683347 0.0712843 0.0717214 0.0700866 0.0668759 0.0625403 0.0574565 0.0519169 0.0461304 0.0402379 0.0343392 0.0285236 0.0229009 0.0176204 0.0128678 0.00882914 0.00563571
 0.00748871 0.0122282 0.0185214 0.0263453 0.0354571 0.045247 0.0547111 0.0626997 0.0683347 0.0712843 0.0717214 0.0700866 0.0668759 0.0625403 0.0574565 0.0519169 0.0461304 0.0402379 0.0343392 0.0285236 0.0229009 0.0176204 0.0128678 0.00882914 0.00563571
 0.00715875 0.0117045 0.0177591 0.0253175 0.0341672 0.0437445 0.0531041 0.0611504 0.067029 0.0703857 0.0713302 0.0702216 0.0674807 0.0635065 0.0586528 0.0532161 0.0474281 0.0414594 0.0354373 0.029472 0.0236874 0.0182436 0.0133353 0.009158 0.00585046
 0.00719866 0.0117299 0.0177242 0.0251542 0.0338014 0.0431234 0.052222 0.0600602 0.0658354 0.0692251 0.0703455 0.0695368 0.0671776 0.0636087 0.0591235 0.0539704 0.0483563 0.0424521 0.0364035 0.0303473 0.0244333 0.0188431 0.0137887 0.00947844 0.00606041
 0.00738048 0.0120317 0.0181852 0.0258027 0.0346331 0.0440764 0.0531631 0.0608033 0.0661963 0.0690897 0.069715 0.0685273 0.0659784 0.0624244 0.0581216 0.0532503 0.0479416 0.0423052 0.0364515 0.0305095 0.0246409 0.0190477 0.0139625 0.00961066 0.00615144
 0.00735656 0.0120216 0.0182242 0.0259434 0.0349344 0.0445822 0.0538775 0.0616729 0.0671066 0.0698809 0.0702201 0.0686226 0.0656296 0.0617031 0.0571823 0.0522776 0.0470937 0.0416757 0.0360619 0.0303255 0.0246006 0.0190875 0.0140328 0.00968035 0.00620629
#pred catch len freq
 0.00351998 0.00564241 0.00837649 0.0117205 0.0156877 0.0202729 0.0253887 0.0308393 0.0363544 0.0416455 0.0464487 0.0505579 0.0538529 0.0563096 0.0579873 0.0590057 0.0595243 0.0597064 0.0596337 0.0591707 0.0578581 0.0549764 0.0498689 0.042402 0.0332493
 0.00370456 0.00588314 0.00863225 0.0119246 0.0157767 0.0202257 0.0252502 0.0307056 0.0363228 0.0417599 0.0466775 0.0508188 0.0540663 0.0564473 0.0580867 0.0591447 0.0597692 0.0600591 0.0600068 0.0594098 0.0578072 0.054557 0.049126 0.0414874 0.0323508
 0.00383632 0.00610773 0.00898452 0.0124305 0.0164322 0.0209754 0.0259823 0.0312826 0.0366429 0.0418103 0.0465393 0.0506135 0.0538856 0.0563177 0.057988 0.0590554 0.0596927 0.0600089 0.0599671 0.0593118 0.0575493 0.0540626 0.0483995 0.0406252 0.0314986
 0.00402775 0.00640358 0.00940412 0.0129891 0.0171465 0.0218648 0.0270561 0.0325127 0.0379357 0.043007 0.0474584 0.0511227 0.0539564 0.0560252 0.0574588 0.0584062 0.0589982 0.0593016 0.0592466 0.0585494 0.0566994 0.0530922 0.0473244 0.0395247 0.0304885
 0.00424755 0.00675171 0.00991114 0.0136782 0.0180316 0.0229473 0.0283217 0.0339288 0.0394511 0.0445467 0.0489139 0.0523501 0.0547994 0.0563636 0.0572565 0.0577231 0.0579575 0.0580356 0.0578541 0.0570827 0.0551793 0.0515388 0.0457868 0.0380887 0.0292542
 0.00449414 0.00714234 0.0104813 0.0144575 0.0190429 0.0242032 0.0298159 0.0356266 0.0412846 0.0464183 0.0507058 0.0539332 0.0560412 0.0571381 0.0574628 0.0573124 0.0569539 0.0565325 0.0559852 0.0549856 0.0529757 0.0493387 0.043702 0.036235 0.0277311
 0.00478655 0.0076017 0.0111442 0.0153516 0.0201874 0.0256079 0.0314752 0.0375099 0.0433294 0.0485295 0.0527608 0.0557927 0.057563 0.0581901 0.0579345 0.0571256 0.056077 0.0549946 0.0538806 0.0524638 0.0502215 0.0465516 0.0410784 0.0339465 0.0258963
 0.0050682 0.00804861 0.0117977 0.0162461 0.0213493 0.0270513 0.0331934 0.039467 0.0454575 0.0507321 0.0549199 0.0577772 0.0592376 0.0594244 0.0586117 0.057151 0.0553882 0.0535767 0.0517822 0.0498087 0.0472057 0.0434236 0.0381014 0.0313499 0.0238307
 0.00533925 0.00847745 0.0124226 0.0170993 0.0224564 0.0284292 0.0348423 0.0413609 0.0475372 0.0529062 0.0570719 0.0597765 0.0609524 0.0607314 0.0594011 0.0573283 0.054879 0.0523386 0.0498266 0.0472239 0.044171 0.0401977 0.0349811 0.0286058 0.0216438
 0.00560619 0.00890331 0.0130496 0.0179646 0.0235897 0.0298469 0.0365384 0.0432978 0.0496439 0.0550836 0.0592019 0.0617331 0.0626121 0.0619824 0.0601475 0.0574898 0.0543901 0.0511548 0.0479426 0.0447022 0.0411663 0.0369578 0.0318098 0.0257933 0.0193922
 0.00588722 0.00934668 0.0136933 0.0188391 0.0247181 0.0312429 0.0381985 0.0451907 0.0517043 0.0572127 0.0612769 0.0636218 0.0641892 0.063142 0.0608071 0.0575867 0.0538757 0.049995 0.0461314 0.0422884 0.038282 0.0338285 0.028725 0.0230398 0.0171769
 0.00624316 0.00989925 0.0144775 0.0198734 0.0260066 0.032777 0.0399537 0.0471203 0.0537355 0.0592497 0.0632083 0.065331 0.0655662 0.0640939 0.0612638 0.0575006 0.0532162 0.0487457 0.0442973 0.0399174 0.0354924 0.0308221 0.0257662 0.0203965 0.0150464
 0.00658676 0.0104392 0.015256 0.0209192 0.0273324 0.0343757 0.0417902 0.0491255 0.0558093 0.0612728 0.0650583 0.0668959 0.0667533 0.0648344 0.0615128 0.0572328 0.0524203 0.0474215 0.042462 0.0376225 0.0328468 0.0280054 0.0230124 0.0179436 0.013071
 0.00686969 0.0108832 0.0158958 0.0217799 0.0284297 0.0357143 0.0433568 0.0508789 0.0576746 0.0631446 0.0668116 0.0684042 0.0679073 0.0655554 0.0617564 0.0569829 0.0516792 0.0462032 0.0407943 0.0355604 0.0304913 0.0255141 0.0205871 0.0157883 0.0113368
 0.00714382 0.011313 0.0165138 0.0226078 0.0294778 0.0369793 0.0448163 0.0524863 0.059358 0.0648125 0.0683614 0.0697315 0.0689168 0.0661711 0.0619299 0.0566948 0.0509353 0.0450276 0.0392272 0.0336641 0.0283631 0.0232942 0.0184481 0.0139009 0.00982537
 0.00735712 0.0116658 0.0170559 0.0233889 0.0305375 0.0383302 0.0464269 0.0542743 0.0612011 0.0665709 0.0699029 0.0709487 0.0697352 0.0665507 0.0618601 0.0561878 0.0500187 0.0437406 0.0376204 0.0318056 0.0263473 0.0212462 0.0165138 0.0122196 0.00849353
 0.00747775 0.0118654 0.0173651 0.0238454 0.0311856 0.0392166 0.0475875 0.0557134 0.0628696 0.068356 0.0716383 0.0724488 0.0708397 0.0671586 0.0619405 0.0557669 0.0491566 0.0425111 0.0361017 0.0300816 0.0245151 0.0194202 0.014818 0.0107659 0.00735458
 0.00737247 0.0117157 0.0171811 0.0236532 0.0310265 0.0391415 0.047653 0.0559777 0.0633851 0.0691528 0.0727037 0.0737103 0.0721655 0.0683819 0.0628993 0.0563431 0.0492961 0.0422214 0.0354362 0.0291234 0.0233665 0.0181963 0.0136365 0.00972952 0.00653125
 0.00728514 0.0115808 0.0169923 0.0234129 0.0307486 0.0388553 0.0474048 0.0558272 0.0633951 0.0693753 0.0731663 0.0744072 0.0730521 0.0693732 0.0638769 0.0571748 0.0498646 0.0424519 0.0353108 0.0286795 0.0226846 0.0173826 0.0128031 0.00897449 0.00592046
 0.00726177 0.0115197 0.0168583 0.0231604 0.0303351 0.0382629 0.0466596 0.0550066 0.062616 0.0687693 0.0728505 0.074459 0.0734913 0.0701562 0.0649028 0.058302 0.0509376 0.0433306 0.0358987 0.0289405 0.0226449 0.0171172 0.0124122 0.00855654 0.00555033
 0.00733507 0.0116205 0.0169734 0.0232594 0.03037 0.0381733 0.0463846 0.0545051 0.0618926 0.0678935 0.0719557 0.0737126 0.0730471 0.0701083 0.0652603 0.0589906 0.0518221 0.04425 0.036704 0.029527 0.0229703 0.0172017 0.0123212 0.00837311 0.00534855
 0.00744508 0.0117989 0.0172397 0.0236273 0.0308397 0.0387197 0.0469481 0.0549914 0.0621897 0.0679041 0.0716337 0.0730898 0.0722357 0.0692735 0.0645699 0.0585618 0.051688 0.0443594 0.0369493 0.0297877 0.0231534 0.0172644 0.0122715 0.00825217 0.0052059
 0.00748766 0.0118693 0.0173488 0.0237888 0.0310701 0.0390359 0.0473602 0.0554903 0.0627345 0.0684162 0.0720079 0.0732245 0.0720733 0.0688306 0.0639406 0.0578871 0.0511054 0.0439549 0.0367359 0.0297165 0.0231476 0.0172572 0.012229 0.00817449 0.00511314
 0.00753375 0.01193 0.0174147 0.0238442 0.0311003 0.0390377 0.0473493 0.055501 0.0628073 0.0685789 0.0722571 0.0735166 0.0723324 0.0689751 0.0639181 0.0577008 0.050814 0.0436455 0.0364839 0.0295562 0.0230684 0.0172229 0.0122037 0.00813963 0.00506841
 0.0075601 0.0119685 0.0174638 0.0238977 0.0311463 0.0390601 0.0473311 0.0554321 0.0626941 0.0684503 0.0721588 0.073493 0.072403 0.0691204 0.0640851 0.0578282 0.0508621 0.0436137 0.0364045 0.0294713 0.0230062 0.0171884 0.0121858 0.00812501 0.00505059
