SBPRF35
8.9058
Curr Bio
651869
B35
696134
F35
0.199037
FOFL
0.167018
OFL
78744.3
Bzero
2.54451e+006
#pred survey bio
 3.68621e+006 3.27576e+006 2.95559e+006 2.6419e+006 2.32512e+006 2.04317e+006 1.76279e+006 1.54687e+006 1.36166e+006 1.22168e+006 1.08778e+006 950338 849840 785011 719990 691817 661175 629542 603101 592550 583047 580229 566655 566489 573710 575522 582913 586597 583500 581060 577096 563898 551130 543621 544744 555315 557351 557225 552405 558941 564073 571284 573748 578803 583852 594860 605848 573443 646377 659143 657958 2.08403e+007 1.25286e+007 1.28502e+007 1.36337e+007 1.46677e+007 1.5741e+007 1.67221e+007 1.75512e+007 1.82164e+007 1.87315e+007 1.91211e+007 1.94112e+007 1.96251e+007 1.97821e+007 1.98971e+007 1.99815e+007 2.00436e+007 2.00894e+007 2.01235e+007 2.01489e+007 2.0168e+007 2.01825e+007 2.01935e+007 2.02018e+007 2.02082e+007 2.02132e+007 2.0217e+007 2.02199e+007 2.02222e+007 2.02239e+007 2.02253e+007 2.02264e+007 2.02272e+007 2.02279e+007 2.02284e+007 2.02288e+007 2.02291e+007 2.02294e+007 2.02296e+007 2.02297e+007 2.02299e+007 2.02299e+007 2.023e+007 2.02301e+007 2.02301e+007 2.02302e+007 2.02302e+007 2.02302e+007 2.02302e+007 2.02302e+007 2.02303e+007 2.02303e+007 2.02303e+007 2.02303e+007 2.02303e+007 2.02303e+007 2.02303e+007 2.02303e+007 2.02303e+007 2.02303e+007 2.02303e+007 2.02303e+007 2.02303e+007 2.02303e+007 2.02303e+007 2.02303e+007 2.02303e+007 2.02303e+007 2.02303e+007 2.02303e+007 2.02303e+007 2.02303e+007 2.02303e+007 2.02303e+007 2.02303e+007 2.02303e+007 2.02303e+007 2.02303e+007 2.02303e+007 2.02303e+007 2.02303e+007 2.02303e+007 2.02303e+007 2.02303e+007 2.02303e+007 2.02303e+007 2.02303e+007 2.02303e+007 2.02303e+007 2.02303e+007 2.02303e+007 2.02303e+007 2.02303e+007 2.02303e+007 2.02303e+007 2.02303e+007 2.02303e+007 2.02303e+007 2.02303e+007 2.02303e+007 0 0 0 0 0 0 0 0 0 0 0 0 0 0 0 0 0 0 0 0 0 0 0 0 0
#obs survey bio
 3.96185e+006 2.58517e+006 2.37641e+006 1.96214e+006 1.71318e+006 1.29416e+006 1.63356e+006 874225 1.22659e+006 1.02141e+006 782897 764037 683237 700460 701432 674534 683984 496152 577847 602530 480863 336064 496251 486079 471745 528702 637516 647823 804852 452978 690842 819453 320477 715794 656163 525513 552051 568513 581878 556900 434758 619084 631905 467702 657999 811388 394363 587334 555767 959040 605272
#pred catch bio
 316705 260597 281403 311571 305787 326431 286501 272907 242720 242428 245342 210159 176113 172398 137668 136799 133852 125949 110284 108168 102053 110563 98412.7 91887.3 95863.5 90154.2 91578.3 94299.2 90217.4 88012.3 92251 90709.7 89424.2 86595.4 81785.9 90358.5 92068.5 95166.2 85257.2 87160.8 86347.9 90898.4 89045 89693.2 85576.2 87045.1 124162 38600.2 92169.5 101680 148072 78744.3 92237.4 93359.7 97949.3 104907 112306 119014 124568 128899 132134 134476 136131 137280 138065 138596 138952 139189 139346 139449 139517 139561 139590 139608 139621 139629 139634 139637 139639 139641 139642 139642 139642 139643 139643 139643 139643 139643 139643 139643 139643 139643 139643 139643 139643 139643 139643 139643 139643 139643 139643 139643 139643 139643 139643 139643 139643 139643 139643 139643 139643 139643 139643 139643 139643 139643 139643 139643 139643 139643 139643 139643 139643 139643 139643 139643 139643 139643 139643 139643 139643 139643 139643 139643 139643 139643 139643 139643 139643 139643 139643 139643 139643 139643 139643 139643 139643 139643 139643 139643 139643 0 0 0 0 0 0 0 0 0 0 0 0 0 0 0 0 0 0 0 0 0 0 0 0 0
#obs catch bio
 236558 260072 281708 313538 308540 333140 291782 279981 249270 249782 253270 215813 179206 176025 139816 139413 135805 128222 111797 109615 103166 112861 100202 93134.8 97434 91299.7 92877.9 95229.2 90651.8 88280.6 92490.3 90405.5 89960.6 86871.8 81717.8 90304.3 91914.7 95188.1 84838.3 87012 86488.4 90977.6 88946.1 89738.7 85530.8 86402.9 125963 38053.7 92963.7 101223 148602
#pred cpue bio
 3.63151e+006 3.22478e+006 2.90696e+006 2.59426e+006 2.27853e+006 1.9977e+006 1.71905e+006 1.50444e+006 1.32047e+006 1.18163e+006 1.04957e+006 914672 816411 753233 689943 662679 633205 602710 577133 566982 557794 554965 541683 541694 549013 551056 558626 562826 560546 558832 555567 543143 529982 520991 521151 531514 533780 533867 529347 535729 540563 547468 549903 554838 559674 570372 580901 548725 619689 632973 632479 2.00177e+007 1.20315e+007 1.22426e+007 1.29166e+007 1.3915e+007 1.49805e+007 1.59601e+007 1.6789e+007 1.74541e+007 1.79692e+007 1.83588e+007 1.86489e+007 1.88628e+007 1.90198e+007 1.91348e+007 1.92192e+007 1.92813e+007 1.93271e+007 1.93612e+007 1.93866e+007 1.94058e+007 1.94202e+007 1.94312e+007 1.94395e+007 1.94459e+007 1.94509e+007 1.94547e+007 1.94576e+007 1.94599e+007 1.94616e+007 1.9463e+007 1.94641e+007 1.94649e+007 1.94656e+007 1.94661e+007 1.94665e+007 1.94668e+007 1.94671e+007 1.94673e+007 1.94674e+007 1.94676e+007 1.94677e+007 1.94677e+007 1.94678e+007 1.94678e+007 1.94679e+007 1.94679e+007 1.94679e+007 1.94679e+007 1.9468e+007 1.9468e+007 1.9468e+007 1.9468e+007 1.9468e+007 1.9468e+007 1.9468e+007 1.9468e+007 1.9468e+007 1.9468e+007 1.9468e+007 1.9468e+007 1.9468e+007 1.9468e+007 1.9468e+007 1.9468e+007 1.9468e+007 1.9468e+007 1.9468e+007 1.9468e+007 1.9468e+007 1.9468e+007 1.9468e+007 1.9468e+007 1.9468e+007 1.9468e+007 1.9468e+007 1.9468e+007 1.9468e+007 1.9468e+007 1.9468e+007 1.9468e+007 1.9468e+007 1.9468e+007 1.9468e+007 1.9468e+007 1.9468e+007 1.9468e+007 1.9468e+007 1.9468e+007 1.9468e+007 1.9468e+007 1.9468e+007 1.9468e+007 1.9468e+007 1.9468e+007 1.9468e+007 1.9468e+007 1.9468e+007 1.9468e+007 1.9468e+007 0 0 0 0 0 0 0 0 0 0 0 0 0 0 0 0 0 0 0 0 0 0 0 0 0
#obs cpue bio
 2.4285e+006 3.62464e+006 2.904e+006 2.12283e+006 1.89762e+006 1.41078e+006 1.40836e+006 1.34908e+006 834852 967471 1.14588e+006 892930 1.02469e+006 640415 511283 481081 652705 478548 511919 495660 572368 496853 429507 612738 503629 536404 388394 663427 511158 747573 511237 583431 425750 470630 525178 639383 565166 502554 679482 468876 498379 582066 556149 631738 504786 662854 464164 567048 642598 687856 594102
#pred surv len freq
 0.00601622 0.00963623 0.0142536 0.0197597 0.025965 0.0325357 0.0389532 0.0446174 0.0490666 0.0521356 0.0539395 0.0547371 0.0548055 0.0543793 0.0536362 0.0527009 0.0516578 0.0505542 0.0493678 0.0479357 0.0458987 0.0427579 0.0380993 0.0318988 0.0246921
 0.00649871 0.0103069 0.015058 0.020591 0.0267129 0.0331542 0.0394998 0.045229 0.0498764 0.0531844 0.0551371 0.0558985 0.0557324 0.0549383 0.0537933 0.0525059 0.0511948 0.0498871 0.0485069 0.0468445 0.0445391 0.0411494 0.0363523 0.0301941 0.0232151
 0.00696544 0.0110455 0.0161254 0.022009 0.0284454 0.0350857 0.041436 0.0469409 0.0511854 0.0540394 0.055624 0.0561661 0.0558887 0.0549914 0.0536696 0.0521166 0.0504921 0.0488748 0.0472154 0.0453034 0.0427787 0.0392291 0.0343865 0.0283441 0.0216413
 0.0073442 0.011658 0.0170416 0.0232924 0.0301406 0.0371955 0.0438919 0.0495824 0.0537695 0.0562887 0.0573013 0.0571456 0.0561845 0.0547213 0.0529779 0.0511043 0.0491962 0.0472942 0.0453491 0.0431763 0.0404524 0.0368084 0.0320188 0.0261989 0.0198663
 0.00776001 0.0123136 0.0179916 0.0245777 0.0317859 0.0392044 0.046234 0.0521802 0.0564906 0.058948 0.0596757 0.059005 0.0573398 0.0550745 0.0525445 0.0499904 0.0475433 0.0452267 0.042956 0.0405295 0.0376402 0.0339605 0.0293052 0.0237997 0.0179232
 0.00809162 0.0128496 0.0187925 0.0256977 0.0332632 0.0410461 0.0484013 0.0545844 0.0590057 0.0614321 0.0619838 0.0609895 0.0588482 0.0559612 0.0527 0.0493735 0.0461938 0.0432493 0.0404885 0.0377187 0.0346412 0.0309467 0.0264689 0.0213261 0.0159464
 0.00855212 0.013566 0.0198116 0.0270439 0.0349388 0.0430303 0.0506443 0.0570006 0.0614761 0.063818 0.0641453 0.0628002 0.0602003 0.0567634 0.0528744 0.0488618 0.0449731 0.04135 0.0380023 0.0347939 0.03147 0.0277513 0.0234794 0.0187452 0.0139077
 0.00896415 0.0142107 0.0207348 0.0282711 0.0364713 0.0448409 0.0526711 0.0591474 0.063626 0.0658533 0.0659643 0.0643199 0.061351 0.0574816 0.0530994 0.0485372 0.0440557 0.0398258 0.0359065 0.0322272 0.0286018 0.024804 0.0206941 0.016334 0.0120067
 0.00924744 0.0146762 0.0214439 0.0292821 0.0378254 0.0465411 0.0546629 0.0613146 0.0658112 0.0678937 0.0677237 0.0657056 0.0623119 0.0579956 0.053157 0.048128 0.0431643 0.0384404 0.03404 0.029942 0.0260271 0.0221324 0.01815 0.0141221 0.0102613
 0.00937881 0.0148955 0.0217861 0.0297873 0.0385357 0.0474919 0.0558701 0.0627612 0.0674386 0.0696021 0.0693843 0.0671817 0.0634846 0.058782 0.0535138 0.0480411 0.0426336 0.0374719 0.0326512 0.0281807 0.0239919 0.0199778 0.0160656 0.012289 0.00880356
 0.00947506 0.0150655 0.0220669 0.0302223 0.0391654 0.0483401 0.0569303 0.0639937 0.0687782 0.0709717 0.0707037 0.0683702 0.0644622 0.0594744 0.053862 0.048009 0.0422088 0.0366614 0.0314798 0.0266972 0.0222808 0.0181658 0.0143089 0.0107391 0.00756738
 0.00965754 0.015359 0.0225029 0.0308288 0.0399622 0.0493315 0.0580954 0.0652806 0.0701075 0.0722493 0.0718374 0.069284 0.0651039 0.0598156 0.0538913 0.047725 0.0416162 0.0357717 0.0303163 0.0253031 0.0207284 0.0165592 0.0127739 0.00939693 0.00650243
 0.00987087 0.0156757 0.0229246 0.0313401 0.0405395 0.0499547 0.0587561 0.0659791 0.070843 0.0730083 0.0725874 0.0699752 0.065678 0.0602172 0.0540774 0.0476687 0.0413059 0.0352087 0.0295157 0.0242984 0.019578 0.0153478 0.0116036 0.00836598 0.00568005
 0.00995766 0.0158125 0.0231217 0.0316022 0.040863 0.0503254 0.0591497 0.0663675 0.0712062 0.0733447 0.0729135 0.070312 0.0660318 0.0605676 0.0543792 0.0478647 0.0413429 0.03505 0.0291476 0.0237338 0.0188581 0.01454 0.0107916 0.0076321 0.00508449
 0.010138 0.0160892 0.023507 0.0320958 0.0414516 0.0509831 0.059837 0.0670321 0.0717887 0.0737916 0.0731919 0.0704194 0.0659949 0.0604291 0.0541785 0.0476214 0.0410523 0.0346906 0.0286963 0.0231816 0.0182197 0.0138559 0.0101199 0.00703269 0.00460166
 0.0100565 0.0159683 0.0233475 0.0319076 0.0412535 0.050801 0.0597008 0.0669726 0.071831 0.0739476 0.0734543 0.0707618 0.0663794 0.0608169 0.0545382 0.0479303 0.0412916 0.0348407 0.0287371 0.0230998 0.0180189 0.013562 0.0097778 0.00669425 0.00431031
 0.0101048 0.0160318 0.0234157 0.0319622 0.0412743 0.0507754 0.0596312 0.0668775 0.0717394 0.0738896 0.0734527 0.0708272 0.066508 0.0609925 0.0547365 0.0481246 0.041457 0.0349555 0.0287836 0.0230657 0.0179023 0.013376 0.00955038 0.00646143 0.00410475
 0.0102227 0.01621 0.0236577 0.0322596 0.0416066 0.0511105 0.0599291 0.0670965 0.0718475 0.0738763 0.0733346 0.0706419 0.0663006 0.060801 0.0545826 0.0480122 0.0413757 0.034887 0.0287075 0.022965 0.017768 0.0132104 0.00936711 0.0062814 0.00394839
 0.0103512 0.016403 0.0239186 0.0325805 0.0419699 0.0514921 0.0603 0.0674234 0.0720956 0.0740149 0.0733452 0.0705255 0.0660796 0.0605142 0.0542742 0.0477197 0.0411213 0.0346755 0.0285301 0.0228068 0.0176154 0.0130569 0.0092155 0.00614097 0.0038299
 0.010409 0.0164833 0.024014 0.0326763 0.0420484 0.0515403 0.0603154 0.0674148 0.0720782 0.0740028 0.0733452 0.0705347 0.0660883 0.0605119 0.0542558 0.0476883 0.0410851 0.0346421 0.0285013 0.0227781 0.0175793 0.0130084 0.00915522 0.00607546 0.00376826
 0.0105577 0.0167 0.0242933 0.0329955 0.0423723 0.0518298 0.0605362 0.0675431 0.0721045 0.0739342 0.073204 0.0703511 0.0658912 0.0603206 0.0540789 0.0475269 0.0409386 0.0345109 0.0283867 0.0226797 0.0174943 0.0129328 0.00908665 0.00601426 0.00371678
 0.0105099 0.0166453 0.0242526 0.0330002 0.0424525 0.0519981 0.0607756 0.0678085 0.0723392 0.0740917 0.073263 0.0703187 0.0657936 0.0601903 0.0539435 0.0474034 0.0408332 0.0344231 0.0283132 0.0226171 0.0174399 0.0128844 0.00904309 0.00597568 0.00368437
 0.0104486 0.0165663 0.0241726 0.0329495 0.0424693 0.0521172 0.0610156 0.0681626 0.0727711 0.0745394 0.0736523 0.0705831 0.065895 0.0601291 0.0537533 0.0471351 0.0405372 0.034137 0.0280592 0.0224042 0.0172689 0.0127517 0.00894348 0.00590357 0.00363446
 0.0104085 0.0164833 0.0240167 0.0326876 0.0420799 0.0516116 0.0604519 0.0676399 0.0724002 0.0744036 0.0737768 0.0709295 0.0663788 0.0606508 0.0542293 0.0475161 0.0408107 0.034317 0.0281703 0.0224702 0.0173068 0.0127719 0.00895213 0.00590482 0.0036316
 0.0102933 0.0163088 0.0237766 0.0323813 0.041709 0.051176 0.0599528 0.0670908 0.0718403 0.0739035 0.0734268 0.0708102 0.0665284 0.0610469 0.0547962 0.0481534 0.0414263 0.0348496 0.0285945 0.0227877 0.0175334 0.012927 0.00905336 0.005967 0.00366688
 0.0101783 0.0161376 0.0235485 0.0321059 0.0414034 0.0508592 0.0596404 0.0667919 0.0715585 0.0736407 0.0731922 0.0706287 0.0664403 0.0610949 0.0550028 0.0485046 0.0418725 0.0353236 0.0290349 0.0231551 0.0178138 0.0131255 0.00918472 0.00604832 0.00371371
 0.00989713 0.0157177 0.0229863 0.0314243 0.0406473 0.0500859 0.0589119 0.0661689 0.071092 0.0733628 0.0731093 0.0707245 0.0666872 0.0614668 0.0554815 0.0490747 0.0425108 0.0359917 0.0296829 0.0237345 0.0182908 0.0134875 0.00943849 0.00621284 0.00381222
 0.00965223 0.0153372 0.0224479 0.0307225 0.0397979 0.0491308 0.057922 0.0652386 0.0703226 0.0728372 0.0728726 0.070778 0.0669967 0.0619783 0.0561365 0.0498209 0.0433043 0.0367935 0.0304538 0.0244347 0.0188862 0.0139577 0.00978138 0.00644285 0.00395371
 0.0095605 0.0151813 0.022201 0.0303558 0.039288 0.0484709 0.0571332 0.0643753 0.0694659 0.0720804 0.0723024 0.0704577 0.0669553 0.0622068 0.0565944 0.0504485 0.0440368 0.0375698 0.0312205 0.0251464 0.0195059 0.0144609 0.0101595 0.00670408 0.00411867
 0.00943477 0.0149893 0.0219341 0.0300122 0.0388692 0.0479785 0.0565693 0.0637479 0.0687972 0.0714126 0.071697 0.0699869 0.0666854 0.0621821 0.0568252 0.0509093 0.0446737 0.0383135 0.0319991 0.0258954 0.0201742 0.0150145 0.0105838 0.00700321 0.00431146
 0.00935044 0.0148513 0.0217255 0.0297179 0.0384809 0.0475004 0.0560221 0.063167 0.0682235 0.0708817 0.0712356 0.0696172 0.0664335 0.0620796 0.0569023 0.0511814 0.0451305 0.0389165 0.0326885 0.0266023 0.0208349 0.0155809 0.0110294 0.00732426 0.0045224
 0.0102797 0.0161552 0.0233053 0.0313517 0.0398857 0.0484324 0.0563574 0.0629212 0.0675123 0.0698602 0.0700508 0.0683865 0.0652438 0.0609956 0.0559753 0.0504525 0.0446266 0.0386426 0.0326222 0.0266967 0.0210287 0.0158126 0.0112501 0.00750399 0.00465091
 0.0111073 0.0174533 0.0251595 0.0337816 0.0428087 0.0516284 0.0594593 0.0654701 0.0690854 0.0702178 0.069214 0.0666029 0.0628712 0.0583821 0.0533896 0.0480724 0.0425568 0.0369363 0.031294 0.0257278 0.0203723 0.015404 0.011019 0.00738707 0.00459909
 0.0108654 0.0172099 0.0250703 0.0340839 0.0437572 0.0533906 0.0620175 0.0685811 0.0723211 0.0730679 0.0712167 0.0674629 0.06253 0.0570119 0.0513156 0.045662 0.0401289 0.0347166 0.029412 0.0242349 0.0192629 0.0146337 0.0105216 0.0070898 0.00443544
 0.0105172 0.0166712 0.0243199 0.0331457 0.0427256 0.0524501 0.0614371 0.068656 0.0732606 0.0748771 0.0736433 0.0700543 0.0647801 0.0585263 0.0519203 0.0454181 0.0392655 0.0335266 0.0281607 0.0231088 0.0183593 0.0139762 0.0100851 0.00682529 0.00428954
 0.0103213 0.0163464 0.0238205 0.0324281 0.0417631 0.0512576 0.0600995 0.0673456 0.0722254 0.0743891 0.0739128 0.0711376 0.0665251 0.060597 0.0539028 0.0469622 0.0401904 0.0338462 0.02803 0.0227349 0.0179236 0.0135946 0.00980586 0.00664855 0.00419156
 0.010249 0.0162367 0.0236682 0.0322284 0.0415058 0.050922 0.0596566 0.0667736 0.0715365 0.0736564 0.0732785 0.0707848 0.0666137 0.0611866 0.0549055 0.0481587 0.0413111 0.0346753 0.0284763 0.0228369 0.0177996 0.0133764 0.00959097 0.00648487 0.00408752
 0.0101891 0.016146 0.023544 0.0320728 0.0413245 0.0507218 0.0594418 0.0665419 0.0712776 0.0733575 0.0729395 0.0704392 0.0663392 0.0610889 0.0550723 0.0486068 0.0419608 0.0353757 0.0290701 0.0232251 0.0179695 0.0133828 0.00951339 0.00638932 0.0040101
 0.0103463 0.0163645 0.0238045 0.0323344 0.0415364 0.050842 0.0594514 0.0664473 0.0711001 0.0731191 0.0726542 0.070116 0.0659939 0.0607576 0.0548136 0.0484836 0.0420081 0.0355742 0.0293476 0.0234895 0.0181512 0.0134601 0.00950782 0.0063414 0.00395522
 0.0104345 0.0164951 0.0239758 0.0325335 0.0417384 0.051012 0.0595502 0.0664402 0.0709699 0.0728756 0.0723341 0.0697694 0.0656667 0.0604815 0.0546081 0.048365 0.0419911 0.0356624 0.0295213 0.0237039 0.0183525 0.013608 0.0095895 0.00636908 0.00395201
 0.0104056 0.0164675 0.0239696 0.0325775 0.0418602 0.051223 0.0598331 0.0667479 0.0712379 0.0730425 0.0723614 0.0696519 0.065432 0.0601783 0.0542912 0.0480822 0.0417768 0.0355352 0.029482 0.0237351 0.0184227 0.0136833 0.00964567 0.00639821 0.00395933
 0.0102895 0.0162958 0.023744 0.032314 0.0415886 0.0509836 0.0596701 0.0666997 0.071323 0.0732479 0.0726407 0.0699396 0.0656661 0.0603221 0.0543418 0.0480649 0.0417307 0.0354976 0.0294775 0.0237702 0.0184877 0.0137589 0.00971313 0.0064463 0.00398666
 0.0103242 0.0163352 0.0237723 0.0323072 0.0415234 0.0508492 0.0594789 0.0664881 0.0711411 0.0731424 0.0726381 0.0700364 0.0658301 0.0605043 0.0544947 0.0481597 0.0417647 0.0354898 0.0294558 0.0237579 0.0184953 0.0137838 0.00974523 0.00647535 0.00400699
 0.0103602 0.0163881 0.023841 0.0323848 0.0415958 0.0508964 0.0594778 0.0664196 0.0710007 0.0729481 0.07243 0.0698639 0.0657325 0.0604951 0.054558 0.0482603 0.0418657 0.0355677 0.0295055 0.0237882 0.0185184 0.0138076 0.00977054 0.00649891 0.0040253
 0.010324 0.0163419 0.0237943 0.0323535 0.0415971 0.0509398 0.0595585 0.0665169 0.071084 0.072988 0.0724095 0.0697863 0.0656216 0.0603857 0.0544817 0.0482323 0.041881 0.0356079 0.0295509 0.0238266 0.0185473 0.0138297 0.00978898 0.0065147 0.00403788
 0.0104382 0.0164883 0.0239433 0.0324565 0.0416032 0.0508216 0.0593296 0.0662298 0.0708068 0.0727746 0.0722816 0.0697342 0.0656198 0.0604113 0.0545238 0.0482913 0.0419603 0.0357054 0.0296575 0.0239298 0.0186367 0.0139006 0.00984163 0.00655169 0.00406245
 0.0105392 0.016648 0.0241729 0.0327573 0.0419592 0.0511932 0.0596537 0.0664345 0.0708383 0.0726237 0.0719898 0.0693746 0.0652647 0.0601071 0.0542867 0.0481175 0.0418396 0.0356287 0.0296166 0.0239157 0.0186396 0.0139116 0.00985428 0.00656276 0.0040708
 0.0107362 0.0169947 0.0247411 0.0336227 0.0431754 0.0527518 0.0614521 0.0682734 0.0724627 0.0737905 0.0725341 0.0692478 0.0645354 0.0589297 0.0528519 0.0466044 0.0403859 0.0343228 0.0285041 0.0230116 0.0179381 0.0133933 0.00949164 0.00632421 0.0039245
 0.00981062 0.0155825 0.0227954 0.0311805 0.0403693 0.0498128 0.0587003 0.0660766 0.0711501 0.0735499 0.0733469 0.0709028 0.06671 0.0612934 0.0551448 0.0486697 0.0421596 0.0358015 0.0297124 0.0239796 0.0186937 0.0139619 0.00989921 0.00659914 0.00409717
 0.00971488 0.0154008 0.0224738 0.0306527 0.0395733 0.0487193 0.0573427 0.0645678 0.0696756 0.0723327 0.072594 0.0707457 0.0671624 0.0622463 0.0564053 0.0500261 0.043441 0.0369075 0.0306092 0.0246771 0.01922 0.0143474 0.0101712 0.00678149 0.00421173
 0.00938429 0.0149405 0.0219206 0.030081 0.0390631 0.0483111 0.0570081 0.0642217 0.069226 0.0717429 0.0719191 0.0701237 0.0667634 0.0622043 0.0567657 0.050731 0.044358 0.0378825 0.0315155 0.0254403 0.019816 0.0147855 0.0104764 0.00698276 0.00433638
#obs surv len freq
 0.00496696 0.00813542 0.0123737 0.0176952 0.0239738 0.0308446 0.0376832 0.0437676 0.0485483 0.0518243 0.0537128 0.0544972 0.0544951 0.0540023 0.0532789 0.052539 0.0519288 0.051484 0.0510666 0.0503076 0.0486245 0.0453863 0.0402158 0.0332818 0.0253663
 0.00518826 0.00849663 0.01292 0.0184697 0.0250092 0.0321506 0.0392328 0.0454924 0.0503477 0.0535836 0.0553216 0.0558582 0.0555263 0.0546354 0.0534591 0.0522285 0.0511135 0.0501826 0.049338 0.0482541 0.0463895 0.0431419 0.0381386 0.0315187 0.0240031
 0.00540341 0.00885263 0.0134675 0.0192597 0.0260836 0.0335259 0.0408844 0.0473484 0.0522996 0.0555075 0.0570975 0.0573813 0.0567099 0.0554096 0.0537676 0.0520274 0.0503741 0.0489007 0.0475485 0.0460461 0.0439126 0.0405957 0.0357407 0.0294586 0.022397
 0.00563797 0.00923409 0.0140423 0.0200723 0.0271697 0.0349006 0.0425287 0.0492025 0.0542683 0.057475 0.0589441 0.0589958 0.0579963 0.0562895 0.0541794 0.0519231 0.0497184 0.0476774 0.0457752 0.0437951 0.0413265 0.0378833 0.0331447 0.0272001 0.0206198
 0.0058759 0.00962487 0.0146376 0.0209224 0.0283131 0.0363486 0.0442501 0.0511198 0.0562707 0.0594417 0.0607634 0.0605727 0.0592514 0.0571553 0.0545977 0.0518435 0.0491002 0.0464948 0.0440331 0.041551 0.0387109 0.0351022 0.0304498 0.0248305 0.0187389
 0.00612382 0.0100309 0.0152543 0.0218007 0.0294926 0.0378421 0.0460273 0.0531008 0.0583372 0.0614594 0.0626054 0.0621341 0.0604542 0.0579447 0.0549346 0.0516963 0.0484393 0.0452974 0.0422982 0.0393238 0.036108 0.0323187 0.0277337 0.0224253 0.0168173
 0.0063651 0.0104265 0.0158558 0.0226583 0.0306455 0.0393029 0.0477662 0.0550404 0.0603621 0.0634388 0.0644134 0.0636636 0.061622 0.0586924 0.0552251 0.0515069 0.0477544 0.0441069 0.0406064 0.0371727 0.0336017 0.0296357 0.0251069 0.0200888 0.0149416
 0.00661876 0.0108421 0.0164872 0.023557 0.0318501 0.0408226 0.0495639 0.0570276 0.0624121 0.0654115 0.0661797 0.0651186 0.0626894 0.0593229 0.0553914 0.0511973 0.0469666 0.0428448 0.0388867 0.0350418 0.0311587 0.0270444 0.022581 0.0178449 0.013139
 0.00684277 0.0112116 0.0170531 0.02437 0.0329504 0.0422238 0.0512365 0.0588925 0.0643517 0.0672917 0.0678722 0.0665159 0.0637113 0.0599175 0.055532 0.0508762 0.0461884 0.0416229 0.0372471 0.0330362 0.0288828 0.0246482 0.0202561 0.0157843 0.0114849
 0.00707864 0.0115962 0.0176338 0.0251915 0.0340456 0.0435996 0.0528598 0.0606845 0.0661983 0.0690644 0.0694494 0.0677963 0.0646201 0.0604075 0.0555814 0.0504834 0.0453659 0.0403933 0.0356456 0.0311201 0.0267456 0.0224276 0.0181223 0.0139058 0.0099834
 0.00729269 0.0119488 0.018173 0.0259636 0.0350853 0.0449138 0.0544119 0.0623909 0.0679412 0.070716 0.0708944 0.0689439 0.0654072 0.0607968 0.055558 0.0500504 0.0445398 0.0392015 0.0341281 0.0293366 0.0247864 0.0204175 0.0162103 0.0122357 0.0086561
 0.00743779 0.0121916 0.0185513 0.0265178 0.0358502 0.0459068 0.0556189 0.0637603 0.0693892 0.0721409 0.0721923 0.0700224 0.0661936 0.0612425 0.0556382 0.0497611 0.0438927 0.0382214 0.0328534 0.0278251 0.0231218 0.0187116 0.0145923 0.0108269 0.00753987
 0.00751545 0.0123177 0.0187416 0.0267891 0.0362203 0.0463923 0.0562315 0.0645013 0.0702444 0.0730771 0.0731572 0.0709477 0.0670032 0.0618629 0.0560085 0.0498392 0.0436589 0.0376776 0.0320236 0.0267569 0.0218891 0.0174132 0.0133407 0.00972694 0.00666362
 0.00759911 0.0124463 0.0189215 0.0270219 0.0365037 0.0467223 0.0566035 0.0649115 0.0706906 0.0735591 0.073673 0.071487 0.0675404 0.062355 0.0563993 0.0500695 0.0436779 0.0374536 0.0315509 0.02606 0.0210233 0.0164608 0.0123982 0.00888527 0.00598659
 0.00766081 0.0125416 0.0190555 0.0271953 0.0367129 0.0469589 0.0568553 0.0651644 0.0709341 0.0737905 0.0738999 0.0717234 0.0677975 0.0626311 0.0566734 0.0503012 0.0438151 0.0374455 0.0313623 0.0256838 0.0204863 0.0158211 0.0117333 0.0082728 0.00548398
 0.00771366 0.0126208 0.0191622 0.0273263 0.0368613 0.0471161 0.0570127 0.065314 0.0710692 0.0739084 0.0740028 0.0718194 0.0678989 0.0627491 0.0568111 0.0504471 0.0439408 0.0375103 0.0313247 0.0255166 0.0201891 0.0154243 0.0112911 0.00784648 0.00512333
 0.00776629 0.012701 0.0192726 0.0274649 0.0370218 0.0472876 0.057181 0.0654634 0.0711861 0.0739856 0.0740416 0.0718296 0.0678945 0.0627454 0.0568198 0.0504724 0.0439752 0.0375332 0.0313067 0.0254294 0.0200185 0.0151787 0.0110012 0.00755472 0.00486854
 0.00780845 0.0127649 0.0193599 0.0275739 0.0371472 0.0474218 0.057314 0.065584 0.0712835 0.0740514 0.0740729 0.071829 0.0678706 0.0627095 0.0567841 0.0504459 0.0439604 0.0375235 0.0312863 0.0253782 0.0199207 0.0150317 0.0108191 0.00736349 0.00469567
 0.00786192 0.0128471 0.0194745 0.0277207 0.0373211 0.0476131 0.057508 0.0657622 0.0714272 0.0741461 0.0741118 0.0718134 0.0678089 0.0626147 0.0566711 0.0503291 0.0438508 0.0374257 0.0311971 0.0252877 0.0198177 0.0149102 0.0106829 0.00722539 0.00457167
 0.00789284 0.0128973 0.0195497 0.0278255 0.0374575 0.0477779 0.0576913 0.0659473 0.0715941 0.0742762 0.0741919 0.0718384 0.0677808 0.0625414 0.0565645 0.0502031 0.0437187 0.0372979 0.0310786 0.0251778 0.0197116 0.0148038 0.010576 0.00712329 0.0044824
 0.00787852 0.0128742 0.0195159 0.0277801 0.0374025 0.0477193 0.0576397 0.0659164 0.0715959 0.0743164 0.0742671 0.0719367 0.0678858 0.0626375 0.0566403 0.0502535 0.0437443 0.0373029 0.0310681 0.0251555 0.019679 0.0147615 0.0105261 0.00707028 0.00443258
 0.00791678 0.0129258 0.019574 0.0278318 0.0374326 0.0477161 0.0576005 0.0658488 0.0715156 0.0742424 0.0742162 0.0719189 0.0679024 0.0626808 0.0566972 0.0503098 0.0437892 0.0373308 0.0310783 0.0251501 0.0196611 0.0147341 0.0104926 0.00703475 0.0043993
 0.00790602 0.0129138 0.0195654 0.0278328 0.0374471 0.0477417 0.0576257 0.0658567 0.0714918 0.0741836 0.0741341 0.0718357 0.0678414 0.0626574 0.0567143 0.0503589 0.0438552 0.0373981 0.0311351 0.0251902 0.0196832 0.0147403 0.0104867 0.00702146 0.00438341
 0.00789546 0.0128892 0.0195152 0.0277439 0.0373102 0.0475588 0.0574147 0.0656482 0.0713179 0.0740658 0.0740775 0.0718334 0.0678832 0.0627365 0.0568269 0.0505006 0.0440169 0.037566 0.0312937 0.0253266 0.0197898 0.0148155 0.0105337 0.00704657 0.00439378
 0.0078911 0.0128813 0.0195015 0.0277202 0.0372701 0.0474937 0.0573162 0.0655123 0.0711506 0.0738858 0.0739122 0.0717104 0.0678205 0.0627381 0.0568859 0.0506043 0.0441514 0.0377173 0.0314477 0.0254696 0.019911 0.0149086 0.0105983 0.00708648 0.00441534
 0.00787089 0.0128473 0.0194483 0.0276427 0.0371648 0.0473609 0.0571614 0.0653457 0.0709844 0.0737312 0.0737794 0.0716099 0.0677638 0.0627355 0.0569422 0.0507158 0.0443064 0.0378989 0.0316376 0.0256508 0.0200699 0.0150367 0.0106926 0.00714954 0.00445334
 0.00785453 0.0128195 0.0194041 0.0275768 0.0370725 0.0472402 0.0570149 0.0651816 0.0708154 0.0735723 0.0736447 0.0715102 0.0677065 0.0627248 0.0569802 0.0508017 0.0444353 0.0380606 0.0318173 0.0258315 0.0202358 0.0151759 0.0107994 0.00722406 0.00450041
 0.00782743 0.0127759 0.0193397 0.0274876 0.0369563 0.0470976 0.0568506 0.0650047 0.070639 0.0734107 0.0735117 0.0714169 0.0676603 0.062729 0.0570339 0.0509012 0.0445739 0.0382291 0.0320036 0.0260209 0.0204133 0.0153289 0.01092 0.00731076 0.00455693
 0.00781207 0.0127455 0.0192841 0.0273947 0.0368157 0.0469059 0.056616 0.0647475 0.0703864 0.0731899 0.0733436 0.0713137 0.067626 0.0627615 0.0571266 0.0510446 0.0447567 0.0384386 0.032226 0.0262419 0.0206183 0.0155056 0.0110607 0.00741335 0.00462503
 0.00777632 0.0126902 0.0192058 0.0272912 0.0366853 0.0467472 0.0564286 0.0645347 0.0701581 0.0729636 0.0731429 0.0711631 0.0675444 0.0627577 0.057199 0.0511829 0.0449458 0.0386614 0.0324649 0.0264796 0.0208392 0.0156969 0.0112139 0.00752622 0.0047009
 0.00774211 0.0126315 0.0191122 0.0271521 0.0364937 0.0465045 0.0561481 0.0642404 0.0698786 0.0727241 0.0729601 0.0710461 0.067498 0.0627845 0.0572985 0.0513495 0.0451678 0.0389216 0.0327434 0.026756 0.0210949 0.0159173 0.0113903 0.0076562 0.00478858
 0.00931977 0.0148388 0.0217733 0.0298827 0.0388115 0.0480072 0.0566553 0.0638213 0.0687722 0.0712196 0.0713071 0.0694188 0.065999 0.0614647 0.0561769 0.0504272 0.0444356 0.0383637 0.0323384 0.026479 0.0209187 0.0158152 0.011338 0.00763398 0.00478199
 0.00931989 0.0151278 0.0227171 0.0319327 0.0423077 0.0529115 0.0623827 0.0693351 0.0729509 0.0732992 0.0711335 0.0673907 0.0627953 0.0577554 0.0524564 0.0469865 0.0414113 0.0358006 0.0302342 0.0248075 0.0196403 0.01488 0.010689 0.00721049 0.0045244
 0.00898665 0.0146075 0.0219953 0.0310658 0.0414735 0.0524413 0.0627188 0.0708707 0.0757899 0.0770799 0.0750761 0.0705909 0.0646003 0.0579897 0.0513892 0.0451165 0.039235 0.0336786 0.0283681 0.0232779 0.0184549 0.0140088 0.0100839 0.0068159 0.00428475
 0.00879973 0.0142959 0.0215129 0.0303692 0.0405399 0.0513008 0.0614947 0.0698046 0.0752186 0.0773407 0.0763531 0.0727748 0.0672613 0.0605173 0.0532374 0.0460107 0.0392251 0.0330361 0.0274246 0.0223018 0.0176057 0.0133499 0.0096163 0.00650953 0.00409929
 0.0087461 0.0141975 0.0213435 0.0300951 0.0401253 0.0507187 0.0607419 0.0689191 0.0742957 0.0765417 0.0758909 0.0728592 0.0680065 0.0618546 0.0548969 0.0476095 0.0404219 0.033662 0.0275141 0.0220262 0.0171688 0.0129096 0.00925774 0.00625679 0.0039406
 0.00871376 0.014148 0.0212736 0.0300011 0.0400001 0.0505483 0.060505 0.0685925 0.0738665 0.0760242 0.0753436 0.0723909 0.067759 0.0619557 0.0553957 0.0484298 0.0413727 0.0345121 0.02809 0.0222741 0.0171479 0.0127361 0.00904229 0.0060694 0.00380765
 0.00869127 0.0141108 0.0212166 0.0299198 0.0398919 0.0504137 0.0603483 0.0684184 0.0736757 0.0758115 0.0751026 0.0721279 0.0675081 0.0617833 0.0553825 0.0486319 0.0417821 0.0350443 0.028615 0.0226744 0.0173674 0.0127902 0.00899117 0.00597868 0.00372237
 0.00869279 0.0141091 0.0212064 0.0298935 0.0398413 0.0503334 0.060238 0.0682838 0.0735267 0.0756581 0.0749514 0.0719809 0.0673674 0.0616594 0.0553016 0.0486323 0.0418958 0.0352732 0.0289187 0.0229828 0.0176129 0.0129371 0.00904456 0.00597033 0.00368834
 0.00867546 0.0140843 0.021175 0.0298578 0.0398033 0.050293 0.0601917 0.0682263 0.0734537 0.0755693 0.0748518 0.0718786 0.0672711 0.0615765 0.0552407 0.0486065 0.041922 0.035364 0.0290709 0.0231714 0.0177983 0.0130834 0.00913423 0.00600815 0.00369242
 0.0086731 0.0140804 0.0211692 0.02985 0.0397941 0.0502835 0.0601835 0.0682201 0.0734477 0.0755587 0.0748296 0.0718395 0.0672137 0.0615056 0.0551662 0.0485416 0.0418813 0.0353604 0.0291106 0.0232488 0.017896 0.0131779 0.00920675 0.00605134 0.00371039
 0.00866847 0.0140727 0.0211573 0.0298327 0.0397709 0.0502548 0.0601512 0.0681876 0.0734193 0.0755378 0.0748173 0.0718332 0.0672086 0.0614966 0.0551506 0.0485217 0.0418641 0.0353556 0.0291265 0.0232881 0.0179534 0.0132415 0.00926341 0.00609241 0.00373421
 0.00865633 0.014054 0.0211311 0.0297989 0.03973 0.0502084 0.0601019 0.0681389 0.0733756 0.0755035 0.0747962 0.0718272 0.0672169 0.0615153 0.0551747 0.0485463 0.0418871 0.0353787 0.0291539 0.0233236 0.0179971 0.0132893 0.00930837 0.00612833 0.00375837
 0.00865574 0.0140522 0.0211267 0.0297903 0.0397156 0.0501874 0.0600748 0.0681078 0.0733433 0.0754732 0.0747704 0.071808 0.0672058 0.0615131 0.0551807 0.0485584 0.0419031 0.0353969 0.0291744 0.0233474 0.018025 0.0133199 0.00933844 0.00615407 0.0037773
 0.00863069 0.0140157 0.0210796 0.0297361 0.0396591 0.0501334 0.0600264 0.0680668 0.0733107 0.0754499 0.0747578 0.0718073 0.0672175 0.0615363 0.0552137 0.0485985 0.0419471 0.035442 0.0292184 0.0233891 0.0180639 0.0133555 0.0093695 0.00617923 0.00379571
 0.00863119 0.014012 0.0210661 0.0297055 0.0396055 0.0500558 0.0599319 0.0679691 0.0732258 0.0753899 0.0747278 0.0718054 0.0672381 0.0615733 0.0552617 0.0486535 0.0420056 0.0355009 0.0292749 0.0234412 0.0181102 0.0133951 0.0094019 0.00620419 0.00381348
 0.00863119 0.014012 0.0210661 0.0297055 0.0396055 0.0500558 0.0599319 0.0679691 0.0732258 0.0753899 0.0747278 0.0718054 0.0672381 0.0615733 0.0552617 0.0486535 0.0420056 0.0355009 0.0292749 0.0234412 0.0181102 0.0133951 0.0094019 0.00620419 0.00381348
 0.00901388 0.014617 0.0219414 0.030875 0.0410542 0.051712 0.0616557 0.069564 0.0744814 0.0761398 0.0748934 0.0714066 0.0663721 0.0603798 0.0538895 0.0472363 0.0406484 0.0342758 0.0282236 0.0225805 0.0174383 0.012897 0.00905354 0.0059761 0.00367481
 0.00823229 0.0134245 0.0202974 0.0288083 0.0386711 0.0491972 0.0592655 0.0675957 0.0732081 0.0757315 0.0753647 0.0726221 0.0681007 0.0623667 0.0559132 0.0491383 0.0423366 0.0357119 0.0294043 0.0235215 0.0181635 0.013434 0.00943217 0.00622782 0.00383103
 0.00848489 0.013733 0.0205741 0.0289119 0.0384489 0.0485517 0.0582094 0.066263 0.0718151 0.0745108 0.0745041 0.0722258 0.0681783 0.0628447 0.0566638 0.0500176 0.0432191 0.0365108 0.0300753 0.0240538 0.0185667 0.0137267 0.00963531 0.00636152 0.00391364
 0.00870498 0.0141231 0.0212123 0.0298669 0.0397354 0.0500753 0.0597405 0.067478 0.0724098 0.0743288 0.0736046 0.0708505 0.0666453 0.061433 0.055544 0.0492392 0.0427413 0.0362494 0.0299436 0.0239869 0.0185271 0.0136981 0.0096132 0.00634539 0.00390312
#pred catch len freq
 0.00479657 0.00761597 0.0111575 0.0153454 0.0201189 0.0254009 0.0310232 0.0367031 0.0421033 0.0469164 0.0509146 0.0539681 0.0560516 0.0572365 0.0576601 0.0574884 0.0568878 0.0559954 0.0548624 0.0533654 0.0511433 0.0476639 0.0424789 0.0355686 0.0275339
 0.00518882 0.00816428 0.0118224 0.0160479 0.0207804 0.025997 0.0316137 0.0374078 0.0430302 0.0480849 0.0522244 0.0552326 0.0570743 0.0578841 0.057897 0.0573626 0.0564822 0.0553714 0.054025 0.0522695 0.0497429 0.0459774 0.0406255 0.0337463 0.0259473
 0.00562532 0.00884562 0.0127899 0.0173078 0.0222893 0.0276514 0.0332566 0.038867 0.0441847 0.0489198 0.0528269 0.0557212 0.0575095 0.0582264 0.0580376 0.0571933 0.0559498 0.0544829 0.0528156 0.0507718 0.0479877 0.0440258 0.0385991 0.0318194 0.0242956
 0.00602395 0.00947758 0.0137126 0.0185676 0.0239165 0.0296477 0.0355716 0.0413744 0.0466785 0.0511468 0.0545546 0.0568119 0.057957 0.0581277 0.0575171 0.0563343 0.0547743 0.0529797 0.0509797 0.0486294 0.0456053 0.0415163 0.0361217 0.0295589 0.0224151
 0.00644254 0.0101302 0.0146452 0.0198107 0.0254888 0.0315583 0.0378122 0.0439022 0.0493962 0.05389 0.0570962 0.0588947 0.0593525 0.0587004 0.0572573 0.0553375 0.0531813 0.0509183 0.0485428 0.0458929 0.0426648 0.0385125 0.0332407 0.0269985 0.0203331
 0.00683286 0.0107457 0.0155371 0.0210167 0.0270309 0.033438 0.0400027 0.046342 0.0519908 0.0565181 0.0596134 0.0611318 0.0611209 0.0598135 0.057571 0.0547895 0.0518061 0.0488284 0.0458906 0.0428427 0.0393899 0.0352073 0.0301204 0.0242706 0.018149
 0.00727831 0.0114338 0.0165074 0.0222872 0.0286028 0.0353015 0.0421333 0.0486907 0.0544748 0.0590211 0.0619948 0.0632422 0.062814 0.0609536 0.0580385 0.0544925 0.0507012 0.0469398 0.0433177 0.0397513 0.0359965 0.0317612 0.0268792 0.0214621 0.0159243
 0.00771594 0.0121107 0.0174623 0.0235356 0.0301383 0.0370986 0.0441468 0.0508524 0.0566965 0.0612026 0.0640324 0.0650321 0.0642539 0.0619446 0.0584875 0.0543176 0.0498418 0.0453737 0.0410825 0.0369614 0.0328449 0.0285015 0.0237861 0.018777 0.0138033
 0.00800928 0.0125834 0.0181663 0.0245174 0.0314313 0.0387112 0.0460468 0.0529601 0.058892 0.0633461 0.0659873 0.0666831 0.0655143 0.0627542 0.0588031 0.0541029 0.0490629 0.0440085 0.039142 0.0345163 0.0300439 0.0255655 0.0209722 0.0163205 0.0118594
 0.00821418 0.0129091 0.0186446 0.0251778 0.0323025 0.0398182 0.0474031 0.0545533 0.0606707 0.0652147 0.067814 0.0683215 0.0668311 0.0636512 0.0592238 0.0540231 0.0484758 0.0429161 0.037562 0.032503 0.0277107 0.0230911 0.0185758 0.0142114 0.0101815
 0.00841045 0.013224 0.0191112 0.025825 0.0331511 0.0408749 0.048653 0.0559568 0.0621673 0.066731 0.069269 0.0696279 0.0678987 0.0643946 0.0595748 0.0539398 0.0479436 0.0419429 0.0361762 0.0307605 0.0257092 0.0209769 0.0165293 0.0124078 0.00874398
 0.00858594 0.0135037 0.0195226 0.0263925 0.0338944 0.0418051 0.0497647 0.0572199 0.0635234 0.0680975 0.0705511 0.0707335 0.0687518 0.0649408 0.05978 0.0537851 0.0474226 0.0410621 0.0349596 0.0292577 0.0240044 0.0191917 0.0148106 0.0108974 0.00754143
 0.00874873 0.0137453 0.0198448 0.0267857 0.0343459 0.0423102 0.0503328 0.0578697 0.064269 0.068933 0.0714407 0.0716137 0.0695425 0.0655622 0.0601661 0.0538909 0.0472241 0.0405544 0.0341568 0.0281979 0.0227558 0.0178542 0.0135044 0.00973859 0.00661267
 0.00887829 0.0139443 0.0201218 0.0271394 0.0347644 0.0427716 0.050808 0.0583298 0.0646955 0.0693265 0.0718196 0.0719992 0.0699393 0.0659465 0.0604874 0.0540863 0.0472351 0.0403405 0.0337031 0.0275198 0.0219011 0.0169008 0.0125495 0.00887739 0.00591477
 0.00896065 0.0140735 0.020308 0.0273896 0.0350822 0.043156 0.05125 0.0588088 0.0651787 0.0697744 0.0721965 0.0722856 0.0701368 0.0660712 0.0605545 0.054095 0.0471643 0.0401564 0.0333758 0.0270388 0.0212862 0.0162025 0.0118394 0.00822965 0.00538552
 0.0089065 0.0139938 0.0202038 0.0272689 0.0349594 0.0430506 0.0511854 0.0588089 0.065264 0.069955 0.0724668 0.0726231 0.0705081 0.0664412 0.0608942 0.0543825 0.0473798 0.0402775 0.0333785 0.026907 0.021023 0.0158374 0.0114237 0.00782307 0.00503777
 0.00896542 0.0140744 0.0202972 0.0273578 0.0350232 0.0430744 0.0511666 0.0587599 0.0652077 0.0699181 0.0724725 0.0726855 0.0706279 0.0666059 0.0610815 0.0545658 0.0475328 0.0403766 0.0334034 0.0268434 0.0208682 0.0156061 0.0111481 0.00754427 0.00479327
 0.00907047 0.0142324 0.0205105 0.0276179 0.0353111 0.0433619 0.0514195 0.0589435 0.0652964 0.0699047 0.0723728 0.0725331 0.0704631 0.0664622 0.060977 0.0545013 0.0474951 0.0403445 0.0333538 0.0267571 0.0207356 0.0154307 0.0109468 0.00734257 0.00461603
 0.00913635 0.0143318 0.020646 0.0277871 0.0355077 0.0435773 0.0516425 0.0591585 0.0654822 0.0700366 0.0724291 0.0725039 0.0703564 0.0663033 0.0607997 0.0543357 0.0473582 0.0402368 0.0332633 0.0266663 0.0206303 0.0153056 0.0108079 0.00720398 0.00449346
 0.0091883 0.0144042 0.0207326 0.0278752 0.0355818 0.0436261 0.0516639 0.0591604 0.0654781 0.0700388 0.0724428 0.0725251 0.0703741 0.0663061 0.0607827 0.054303 0.0473197 0.0402012 0.0332326 0.0266353 0.02059 0.0152502 0.0107382 0.00712781 0.00442156
 0.00930187 0.014569 0.0209434 0.0281133 0.0358192 0.0438323 0.0518135 0.0592376 0.0654792 0.0699733 0.0723309 0.0723916 0.0702404 0.066184 0.0606741 0.0542045 0.047228 0.0401161 0.0331552 0.0265657 0.0205258 0.0151878 0.0106763 0.00706825 0.00436873
 0.00931656 0.0146045 0.0210174 0.0282467 0.0360278 0.044115 0.0521437 0.0595655 0.0657468 0.0701339 0.0723647 0.072308 0.0700706 0.0659677 0.0604467 0.05399 0.0470378 0.0399528 0.0330171 0.0264497 0.0204285 0.0151061 0.0106076 0.00701132 0.00432349
 0.00920906 0.0144554 0.0208418 0.0280775 0.0359107 0.0440966 0.0522583 0.0598231 0.0661252 0.0705784 0.072798 0.072653 0.0702741 0.0660155 0.0603619 0.0538173 0.0468249 0.0397367 0.0328204 0.026282 0.0202916 0.0149977 0.0105239 0.00694862 0.00427841
 0.00912358 0.0143092 0.02061 0.0277378 0.0354545 0.0435444 0.0516704 0.0592944 0.0657607 0.0704579 0.0729477 0.0730364 0.0708063 0.0665926 0.0608931 0.0542468 0.0471367 0.0399444 0.0329506 0.0263607 0.0203377 0.0150228 0.0105351 0.0069508 0.0042755
 0.00902439 0.0141585 0.0204015 0.027469 0.0351224 0.0431428 0.051193 0.0587479 0.065181 0.0699184 0.0725473 0.072868 0.070919 0.0669695 0.0614575 0.0548922 0.0477635 0.0404858 0.0333786 0.0266774 0.0205606 0.0151731 0.0106317 0.00700915 0.00430791
 0.00887987 0.0139435 0.0201152 0.0271235 0.0347393 0.0427456 0.0508013 0.0583739 0.0648304 0.0695959 0.0722662 0.0726588 0.070829 0.0670466 0.0617249 0.0553303 0.0483119 0.041064 0.0339139 0.0271236 0.0209015 0.0154149 0.0107921 0.0071087 0.00436539
 0.00861449 0.0135478 0.0195864 0.0264836 0.0340293 0.0420165 0.0501057 0.0577624 0.0643467 0.0692702 0.0721106 0.0726682 0.0709891 0.0673442 0.0621515 0.0558758 0.0489528 0.0417565 0.0345993 0.0277438 0.0214153 0.0158058 0.0110663 0.00728623 0.00447146
 0.00838751 0.0131972 0.0190936 0.0258455 0.0332605 0.0411511 0.0491993 0.0568898 0.0635918 0.0687087 0.0717933 0.072613 0.0711823 0.0677494 0.0627219 0.0565645 0.0497167 0.0425536 0.0353844 0.0284696 0.02204 0.016303 0.0114304 0.00753096 0.00462205
 0.00827105 0.0130075 0.0188073 0.0254403 0.0327192 0.0404689 0.048393 0.0560043 0.062699 0.0678982 0.0711569 0.0722259 0.0710871 0.067948 0.063179 0.0572199 0.0505006 0.043398 0.0362282 0.0292594 0.0227319 0.0168672 0.0118557 0.00782532 0.00480814
 0.00813799 0.012805 0.0185273 0.0250815 0.0322834 0.0399562 0.0478017 0.0553373 0.0619743 0.0671577 0.0704673 0.0716694 0.0707434 0.0678736 0.0633926 0.0576983 0.0511863 0.0442138 0.0370922 0.030097 0.0234834 0.0174923 0.0123361 0.00816462 0.00502712
 0.00807769 0.0127051 0.0183736 0.02486 0.031983 0.0395734 0.0473436 0.0548217 0.0614248 0.0665995 0.0699271 0.0711805 0.0703504 0.0676296 0.0633469 0.05788 0.0515914 0.0448025 0.0377976 0.0308402 0.0241898 0.0181046 0.0128216 0.00851636 0.00525911
 0.00891308 0.0138811 0.0198061 0.0263553 0.0332909 0.0404733 0.0477151 0.0546626 0.0608213 0.0656769 0.0688119 0.0699822 0.0691588 0.0665199 0.0623845 0.0571205 0.0510732 0.0445368 0.037762 0.0309825 0.0244401 0.0183926 0.0130912 0.00873405 0.00541393
 0.00972006 0.0151325 0.0215681 0.028626 0.0359755 0.0433633 0.0504863 0.0569213 0.0622077 0.0659843 0.0680525 0.0683616 0.0669832 0.0640971 0.0599639 0.054878 0.0491216 0.0429392 0.0365394 0.0301174 0.0238828 0.0180726 0.0129334 0.00867238 0.00539991
