SBPRF35
8.96841
Curr Bio
711718
B35
626220
F35
0.199533
FOFL
0.199533
OFL
117432
Bzero
2.5624e+006
#pred survey bio
 4.28088e+006 3.2244e+006 2.87793e+006 2.78967e+006 2.66332e+006 2.50579e+006 2.38635e+006 2.17013e+006 1.96574e+006 1.68874e+006 1.47495e+006 1.30984e+006 1.18588e+006 1.07774e+006 978474 843326 745203 673833 629510 602158 582895 565403 531231 509301 504713 518920 557086 587653 595905 575431 568130 588950 614937 641644 655956 620232 580084 574575 552963 537587 551396 576185 577281 562190 563286 584012 606905 620034 594409 557660 575954 651144 646706 656690 720684 1.73264e+007 1.59623e+007 1.62237e+007 1.66947e+007 1.7273e+007 1.78607e+007 1.83963e+007 1.8851e+007 1.92194e+007 1.95085e+007 1.97306e+007 1.98989e+007 2.00254e+007 2.01202e+007 2.01912e+007 2.02443e+007 2.02843e+007 2.03144e+007 2.03373e+007 2.03546e+007 2.03679e+007 2.03781e+007 2.03859e+007 2.0392e+007 2.03966e+007 2.04003e+007 2.04031e+007 2.04053e+007 2.0407e+007 2.04083e+007 2.04094e+007 2.04102e+007 2.04108e+007 2.04114e+007 2.04118e+007 2.04121e+007 2.04123e+007 2.04125e+007 2.04127e+007 2.04128e+007 2.04129e+007 2.04129e+007 2.0413e+007 2.0413e+007 2.04131e+007 2.04131e+007 2.04131e+007 2.04132e+007 2.04132e+007 2.04132e+007 2.04132e+007 2.04132e+007 2.04132e+007 2.04132e+007 2.04132e+007 2.04132e+007 2.04132e+007 2.04132e+007 2.04132e+007 2.04132e+007 2.04132e+007 2.04132e+007 2.04132e+007 2.04132e+007 2.04132e+007 2.04132e+007 2.04132e+007 2.04132e+007 2.04132e+007 2.04132e+007 2.04132e+007 2.04132e+007 2.04132e+007 2.04132e+007 2.04132e+007 2.04132e+007 2.04132e+007 2.04132e+007 2.04132e+007 2.04132e+007 2.04132e+007 2.04132e+007 2.04132e+007 2.04132e+007 2.04132e+007 2.04132e+007 2.04132e+007 2.04132e+007 2.04132e+007 2.04132e+007 2.04132e+007 2.04132e+007 2.04132e+007 2.04132e+007 2.04132e+007 2.04132e+007 2.04132e+007 2.04132e+007 2.04132e+007 2.04132e+007 0 0 0 0 0 0 0 0 0 0 0 0 0 0 0 0 0 0 0 0 0 0 0 0 0
#obs survey bio
 4.85591e+006 3.01739e+006 2.31712e+006 3.65843e+006 2.25026e+006 2.90944e+006 3.32743e+006 1.98176e+006 1.99408e+006 1.67772e+006 1.6086e+006 1.30122e+006 1.11713e+006 1.20969e+006 1.04013e+006 598457 791413 773314 599246 560760 654735 638289 568452 542094 361673 346952 630935 484578 784790 414636 550760 612406 634089 650630 898996 530033 455073 549740 655299 573232 466782 562975 474757 641932 464150 752224 552645 615576 682340 499936 662312 549463 580913 639960 739106
#pred catch bio
 132460 102870 159867 201093 255441 249459 284938 279044 289201 299880 299254 300160 279360 229038 219353 217555 179483 159243 145983 137809 122776 129399 117894 110170 116194 105885 108392 101413 102507 99098.7 88966.6 91398.5 96449.1 95662.4 96968.1 90355.3 80154.2 86593.6 91498.6 80568.1 88845 86296 84607.2 89166.3 100272 92548 97785.6 99999 91046.8 92103.9 37209.8 109741 117752 74722.2 114346 117432 118048 118923 121371 124848 128455 131698 134374 136459 138016 139144 139941 140494 140872 141128 141299 141414 141489 141539 141572 141593 141607 141616 141622 141626 141628 141630 141631 141631 141632 141632 141632 141632 141633 141633 141633 141633 141633 141633 141633 141633 141633 141633 141633 141633 141633 141633 141633 141633 141633 141633 141633 141633 141633 141633 141633 141633 141633 141633 141633 141633 141633 141633 141633 141633 141633 141633 141633 141633 141633 141633 141633 141633 141633 141633 141633 141633 141633 141633 141633 141633 141633 141633 141633 141633 141633 141633 141633 141633 141633 141633 141633 141633 141633 141633 141633 141633 141633 141633 141633 0 0 0 0 0 0 0 0 0 0 0 0 0 0 0 0 0 0 0 0 0 0 0 0 0
#obs catch bio
 0 102431 160374 201030 255936 249442 284971 279146 288542 300053 299154 301720 280806 228622 218293 218906 179143 159308 146051 138127 122504 129442 117811 109845 116865 106203 108646 101191 102332 99139.4 88942.9 91383.6 96577.3 95700.8 96890.9 90330.1 80118.7 86533.5 91626.7 80439 89130.3 86216.1 84450.3 89094.1 100715 92424.4 97886.5 99985.8 90788.3 93130.8 36645.3 110433 118463 74203.6 114675
#pred cpue bio
 4.23468e+006 3.18949e+006 2.8459e+006 2.75676e+006 2.63017e+006 2.47237e+006 2.35203e+006 2.13628e+006 1.93238e+006 1.65753e+006 1.44499e+006 1.28062e+006 1.15691e+006 1.04912e+006 950713 817661 720766 650837 607458 580650 561793 544915 511758 490511 486007 499435 536318 566027 574228 554566 547439 567682 593013 618981 633182 598875 558856 551653 530004 515149 528676 552633 554006 539614 540573 560308 582560 595284 570713 535433 552822 626969 622860 631314 692848 1.66611e+007 1.53656e+007 1.55707e+007 1.59938e+007 1.65607e+007 1.71466e+007 1.76819e+007 1.81367e+007 1.85051e+007 1.87941e+007 1.90162e+007 1.91845e+007 1.93111e+007 1.94059e+007 1.94768e+007 1.953e+007 1.95699e+007 1.96001e+007 1.96229e+007 1.96403e+007 1.96535e+007 1.96637e+007 1.96715e+007 1.96776e+007 1.96823e+007 1.96859e+007 1.96887e+007 1.96909e+007 1.96926e+007 1.9694e+007 1.9695e+007 1.96958e+007 1.96965e+007 1.9697e+007 1.96974e+007 1.96977e+007 1.96979e+007 1.96981e+007 1.96983e+007 1.96984e+007 1.96985e+007 1.96986e+007 1.96986e+007 1.96987e+007 1.96987e+007 1.96987e+007 1.96988e+007 1.96988e+007 1.96988e+007 1.96988e+007 1.96988e+007 1.96988e+007 1.96988e+007 1.96988e+007 1.96988e+007 1.96988e+007 1.96988e+007 1.96988e+007 1.96988e+007 1.96988e+007 1.96988e+007 1.96988e+007 1.96988e+007 1.96988e+007 1.96988e+007 1.96988e+007 1.96988e+007 1.96988e+007 1.96988e+007 1.96988e+007 1.96988e+007 1.96988e+007 1.96988e+007 1.96988e+007 1.96988e+007 1.96988e+007 1.96988e+007 1.96988e+007 1.96988e+007 1.96988e+007 1.96988e+007 1.96988e+007 1.96988e+007 1.96988e+007 1.96988e+007 1.96988e+007 1.96988e+007 1.96988e+007 1.96988e+007 1.96988e+007 1.96988e+007 1.96988e+007 1.96988e+007 1.96988e+007 1.96988e+007 1.96988e+007 1.96988e+007 1.96988e+007 1.96988e+007 1.96988e+007 0 0 0 0 0 0 0 0 0 0 0 0 0 0 0 0 0 0 0 0 0 0 0 0 0
#obs cpue bio
 4.85016e+006 3.14304e+006 2.53071e+006 2.94409e+006 2.99671e+006 1.76467e+006 2.2043e+006 1.91285e+006 2.60188e+006 1.38881e+006 1.37955e+006 931742 1.16281e+006 1.17779e+006 1.175e+006 711047 895422 513330 627372 567236 583512 485168 480262 518878 447033 697062 513200 855062 472194 691543 522297 571150 526884 603649 553601 688204 618983 678155 422519 482276 501042 708638 729726 452667 496325 534742 573006 687906 582336 350353 704931 785526 519006 786923 649010
#pred surv len freq
 0.00424577 0.00699715 0.0107242 0.0154694 0.0211464 0.0274467 0.0338252 0.0396516 0.0444545 0.0480728 0.0506157 0.0523137 0.0533908 0.054015 0.0543017 0.0543373 0.0542046 0.0539812 0.0536818 0.0531411 0.0519138 0.0493267 0.0447651 0.0380888 0.0298889
 0.00445273 0.00727688 0.0110423 0.0157637 0.0213504 0.027523 0.033786 0.0395497 0.0443484 0.0479893 0.050539 0.0522077 0.0532388 0.0538481 0.0541968 0.0543844 0.0544572 0.0544158 0.0541854 0.0535417 0.0520465 0.0491066 0.0442267 0.0373674 0.0291554
 0.00461721 0.00755931 0.0114904 0.0164189 0.0222237 0.0285664 0.0348798 0.0405262 0.0450506 0.0483331 0.0505367 0.0519389 0.0527994 0.0533168 0.0536356 0.053854 0.0540186 0.054105 0.0539805 0.0533539 0.0517531 0.0486148 0.0435287 0.0365484 0.02835
 0.00468372 0.00769646 0.0117517 0.0168751 0.0229486 0.0296109 0.0362406 0.0421236 0.0467274 0.0498808 0.0517459 0.0526588 0.0529781 0.0530042 0.0529498 0.0529367 0.0529998 0.0530814 0.0530006 0.0524106 0.0507988 0.0476009 0.0424521 0.0354708 0.0273726
 0.00487266 0.00798232 0.012145 0.0173786 0.0235676 0.0303642 0.037163 0.0432515 0.0480702 0.0513894 0.0532955 0.0540625 0.0540324 0.0535497 0.0529203 0.0523717 0.0520186 0.0518341 0.0516205 0.0509854 0.0493692 0.0461855 0.0410808 0.0342032 0.0262861
 0.00511614 0.00838443 0.0127596 0.0182541 0.024731 0.0318003 0.0388017 0.0449789 0.0497649 0.0529614 0.0546992 0.0552713 0.054998 0.054181 0.0531018 0.052012 0.0510958 0.0504112 0.0498234 0.0489624 0.0472585 0.0441054 0.0391377 0.0324957 0.0248943
 0.00529578 0.00868453 0.013227 0.0189397 0.0256814 0.0330428 0.0403259 0.0467245 0.0516241 0.0547985 0.0563803 0.0566914 0.0560914 0.0549083 0.053424 0.0518754 0.0504447 0.0492223 0.048137 0.0468889 0.0449598 0.041765 0.0369332 0.030576 0.0233578
 0.00555339 0.00909729 0.0138375 0.0197849 0.0267878 0.0344185 0.0419503 0.0485421 0.0535478 0.05672 0.0581816 0.0582563 0.0573175 0.0557178 0.053766 0.0517173 0.0497615 0.047998 0.0463853 0.0446809 0.0424385 0.0391338 0.0344185 0.0283785 0.0216089
 0.00572234 0.00939203 0.0143177 0.0205173 0.02783 0.0357949 0.0436305 0.0504383 0.0555353 0.0586689 0.0599801 0.0598158 0.0585656 0.0565894 0.0542016 0.0516655 0.0491825 0.0468692 0.044713 0.0425218 0.0399194 0.0364533 0.0318171 0.0260832 0.0197753
 0.00594119 0.00974599 0.0148484 0.0212656 0.028833 0.0370771 0.0451911 0.0522382 0.0574921 0.0606637 0.061875 0.0614773 0.059885 0.0574918 0.0546405 0.0516097 0.0486062 0.0457531 0.0430588 0.0403759 0.0373975 0.0337468 0.0291685 0.0237303 0.0178874
 0.00612859 0.0100763 0.0153921 0.0221018 0.030029 0.0386581 0.0471143 0.0543911 0.0597192 0.0628059 0.0637985 0.0630809 0.0610936 0.0582503 0.0549108 0.0513689 0.0478427 0.0444635 0.0412555 0.0381074 0.0347739 0.0309518 0.0264397 0.0213058 0.0159405
 0.00631429 0.0103881 0.0158811 0.0228257 0.0310451 0.0400079 0.0488039 0.0563741 0.0618919 0.0650176 0.0658756 0.0648583 0.0624429 0.0590927 0.055213 0.0511266 0.0470649 0.0431654 0.0394637 0.0358782 0.0322164 0.0282402 0.0237979 0.0189595 0.0140552
 0.00656263 0.0107921 0.0164895 0.0236845 0.0321885 0.0414463 0.0505102 0.0582795 0.0638953 0.067002 0.0677213 0.0664498 0.0636733 0.0598732 0.0554829 0.0508586 0.0462608 0.0418481 0.0376742 0.0336847 0.0297311 0.0256303 0.0212719 0.0167252 0.012264
 0.00690531 0.0113247 0.0172458 0.0246802 0.0334207 0.0428923 0.0521242 0.0599912 0.0656158 0.0686374 0.0691859 0.0676717 0.0645935 0.0604403 0.0556514 0.0505916 0.0455355 0.0406627 0.0360545 0.0316923 0.0274734 0.0232638 0.0189872 0.0147087 0.01065
 0.00710318 0.0116464 0.0177291 0.025357 0.0343083 0.0439803 0.0533659 0.0613072 0.0669143 0.0698405 0.0702449 0.0685628 0.0653014 0.0609426 0.0559115 0.0505621 0.0451683 0.0399222 0.0349321 0.0302203 0.0257351 0.0213929 0.0171507 0.0130708 0.00933009
 0.00722444 0.0118677 0.0181059 0.0259542 0.0351826 0.0451535 0.0548004 0.0629007 0.0685199 0.0713039 0.0714409 0.069418 0.0657977 0.0611029 0.0557763 0.0501648 0.0445223 0.0390227 0.0337725 0.0288151 0.0241394 0.0197094 0.0155157 0.0116218 0.00816742
 0.00735092 0.0120929 0.0184817 0.0265427 0.0360437 0.0463237 0.0562697 0.0645984 0.0703184 0.0730375 0.0729358 0.0705258 0.0664246 0.0612257 0.0554366 0.049444 0.0435092 0.037789 0.0323671 0.0272765 0.0225183 0.0180838 0.0139883 0.0102968 0.00711892
 0.00746739 0.012255 0.0186776 0.0267512 0.0362491 0.0465362 0.0565362 0.0649931 0.0709119 0.0738592 0.0739478 0.0716232 0.0674608 0.0620524 0.0559416 0.0495744 0.0432707 0.0372284 0.0315489 0.0262691 0.0213926 0.0169199 0.012875 0.00931952 0.00633897
 0.00755575 0.0123973 0.0188875 0.0270352 0.0366004 0.0469284 0.0569247 0.0653305 0.0711741 0.0740663 0.0741612 0.0719122 0.0678588 0.0625289 0.0564083 0.0499189 0.0433981 0.0370891 0.0311445 0.0256421 0.0206119 0.0160684 0.0120391 0.0085764 0.00574187
 0.00761478 0.0124885 0.0190162 0.0272038 0.0368088 0.0471736 0.0571987 0.0656168 0.0714475 0.0742997 0.0743381 0.0720399 0.0679689 0.0626607 0.0565809 0.0501111 0.0435507 0.0371289 0.0310158 0.0253281 0.0201394 0.0154974 0.0114452 0.00803094 0.00529553
 0.00768318 0.0125914 0.0191554 0.0273754 0.037004 0.047381 0.0574062 0.0658132 0.0716233 0.0744476 0.0744533 0.0721204 0.0680179 0.062689 0.0566048 0.0501425 0.0435845 0.037137 0.0309561 0.0251653 0.0198638 0.0151328 0.0110406 0.00764268 0.00496871
 0.00763554 0.0125192 0.0190567 0.027252 0.0368613 0.0472272 0.0572526 0.0656746 0.0715181 0.0743952 0.0744698 0.0722136 0.0681839 0.0629128 0.0568652 0.0504171 0.0438511 0.0373715 0.0311307 0.0252527 0.0198484 0.0150203 0.0108597 0.00743544 0.00477529
 0.00770224 0.0126259 0.0192133 0.0274654 0.0371318 0.0475448 0.0575936 0.0660022 0.0717893 0.0745727 0.0745326 0.0721632 0.0680427 0.0627159 0.0566494 0.0502115 0.0436713 0.0372186 0.0309938 0.0251143 0.0196923 0.0148402 0.0106637 0.00724249 0.0046068
 0.00779075 0.0127522 0.0193713 0.027639 0.0373012 0.0476948 0.0577194 0.0661086 0.0718836 0.0746568 0.0745995 0.0721992 0.0680347 0.062659 0.0565504 0.0500863 0.0435384 0.0370919 0.0308777 0.0250042 0.0195794 0.0147183 0.0105343 0.00711503 0.004494
 0.00782598 0.0128104 0.0194597 0.0277624 0.0374576 0.0478715 0.0578918 0.0662462 0.0719625 0.074671 0.0745632 0.0721378 0.0679704 0.062601 0.0564957 0.0500276 0.0434714 0.0370177 0.0308001 0.0249254 0.0194987 0.0146343 0.0104477 0.00703074 0.0044192
 0.0078932 0.01292 0.0196248 0.0279944 0.0377626 0.0482445 0.0583113 0.0666723 0.0723423 0.0749509 0.0747039 0.0721254 0.0678194 0.0623478 0.0561844 0.0496968 0.0431479 0.0367168 0.0305294 0.0246884 0.019296 0.0144644 0.0103083 0.00691983 0.00433515
 0.00785595 0.0128488 0.0194995 0.0277933 0.0374723 0.0478738 0.0578999 0.066287 0.0720579 0.0748237 0.0747523 0.0723268 0.0681224 0.0626925 0.0565208 0.0499937 0.0433925 0.0369084 0.0306727 0.0247894 0.0193606 0.0144987 0.0103194 0.00691524 0.0043224
 0.00795102 0.0129713 0.0196241 0.0278753 0.0374581 0.0477195 0.0575892 0.0658415 0.0715351 0.0743059 0.0743275 0.0720659 0.06806 0.0628181 0.0567869 0.0503356 0.0437493 0.0372364 0.0309483 0.0250049 0.0195182 0.0146055 0.010385 0.00695023 0.00433719
 0.00794629 0.0129675 0.0196237 0.0278785 0.0374572 0.0476926 0.0575002 0.0656499 0.0712163 0.0738715 0.0738331 0.0715991 0.0677127 0.0626569 0.0568332 0.050564 0.0441012 0.0376418 0.031346 0.0253531 0.0197965 0.0148107 0.0105245 0.0070372 0.00438629
 0.00803931 0.0130996 0.0197873 0.0280552 0.0376233 0.0478271 0.0575895 0.0656847 0.0711849 0.0737566 0.073619 0.0712872 0.0673341 0.062272 0.0565136 0.0503667 0.0440488 0.0377183 0.0315084 0.0255505 0.0199865 0.0149674 0.0106387 0.0071117 0.00442978
 0.008058 0.0131419 0.0198718 0.0282029 0.037848 0.0481229 0.0579227 0.0659995 0.0714207 0.073869 0.0735906 0.0711249 0.0670614 0.0619229 0.0561331 0.0500071 0.0437597 0.0375318 0.0314292 0.0255578 0.0200455 0.0150438 0.0107085 0.00716371 0.00446286
 0.00798945 0.0130272 0.019695 0.0279518 0.0375228 0.0477458 0.0575418 0.0656797 0.0712214 0.0738197 0.0736798 0.0713089 0.0672849 0.0621399 0.0563172 0.0501545 0.0438842 0.0376553 0.0315699 0.0257206 0.0202205 0.0152119 0.0108515 0.00727145 0.00453488
 0.00794916 0.0129592 0.0195876 0.0277921 0.037299 0.0474519 0.0571843 0.0652833 0.0708301 0.0734902 0.0734667 0.0712471 0.0673762 0.0623531 0.0566018 0.0504601 0.0441761 0.0379197 0.0318085 0.0259401 0.0204233 0.0153936 0.0110038 0.00738796 0.00461518
 0.00784941 0.012815 0.0194034 0.0275825 0.0370827 0.047243 0.0569867 0.0650915 0.0706367 0.0732953 0.0732852 0.0711075 0.067312 0.0623888 0.0567411 0.0506835 0.0444491 0.0382065 0.0320828 0.0261885 0.0206409 0.0155783 0.0111537 0.00750162 0.00469425
 0.00782577 0.012757 0.0192818 0.0273621 0.0367364 0.0467711 0.0564291 0.0645225 0.0701397 0.0729331 0.0730824 0.0710548 0.0673844 0.062563 0.0570013 0.0510162 0.0448354 0.0386195 0.0324918 0.0265661 0.0209686 0.0158471 0.0113618 0.00765282 0.00479617
 0.00864239 0.013908 0.0206861 0.0288305 0.0380213 0.0476494 0.0567728 0.0643229 0.0694878 0.0719769 0.0719851 0.0699607 0.0663972 0.0617382 0.0563553 0.0505413 0.0445131 0.0384264 0.0324007 0.0265478 0.0209951 0.0158949 0.0114142 0.00769956 0.0048324
 0.00937459 0.0150858 0.0224229 0.0311906 0.0409682 0.0509871 0.0601194 0.0671665 0.0713351 0.0725291 0.0712382 0.0681756 0.0639722 0.0590687 0.0537428 0.04817 0.0424693 0.0367321 0.0310427 0.0254954 0.0202091 0.0153326 0.0110317 0.00745445 0.00468591
 0.00914979 0.0148613 0.0223462 0.031487 0.0418822 0.0526845 0.0625928 0.0701936 0.0745097 0.0753539 0.07325 0.0690676 0.0636734 0.0577457 0.0517241 0.0458296 0.0401264 0.0346013 0.0292344 0.0240423 0.0190967 0.0145216 0.0104712 0.00709003 0.00446489
 0.00886525 0.0144222 0.0217382 0.0307366 0.0410797 0.0520018 0.062277 0.0705103 0.075638 0.0772765 0.0757055 0.0716079 0.0658062 0.0590956 0.0521378 0.0453887 0.039077 0.0332466 0.0278411 0.0227912 0.0180777 0.0137546 0.00993366 0.00673892 0.00425193
 0.00883528 0.0143521 0.0215938 0.0304753 0.0406652 0.0514292 0.0615993 0.0698524 0.075186 0.0772335 0.0762213 0.0727033 0.0673303 0.0607503 0.0535723 0.0463225 0.0393909 0.0329985 0.0272108 0.0219947 0.0172952 0.0130963 0.00944093 0.00640503 0.00404553
 0.00871888 0.0141696 0.0213308 0.0301207 0.0402105 0.0508699 0.0609406 0.0691216 0.0744456 0.0765896 0.0758155 0.0726805 0.0677851 0.0616716 0.0548183 0.047652 0.0405439 0.0337882 0.0275794 0.022007 0.017085 0.0128019 0.0091618 0.00618966 0.00390242
 0.00866146 0.0140812 0.0212069 0.0299599 0.0400137 0.0506388 0.0606764 0.0688245 0.0741164 0.0762358 0.0754625 0.0723823 0.0676239 0.0617345 0.0551568 0.0482421 0.0412765 0.0345045 0.0281336 0.0223224 0.0171708 0.0127286 0.00901703 0.00604199 0.00378747
 0.00872892 0.0141584 0.0212639 0.0299506 0.0398907 0.0503749 0.0602818 0.0683464 0.0736212 0.0757845 0.0750947 0.0721166 0.0674704 0.0617097 0.0552851 0.0485406 0.0417308 0.035054 0.0286827 0.0227759 0.0174715 0.0128737 0.0090461 0.00600925 0.00373746
 0.00870463 0.0141386 0.021268 0.0300025 0.0400049 0.0505388 0.0604469 0.0684403 0.0735786 0.0755803 0.074757 0.071713 0.067079 0.0613945 0.0550876 0.0484824 0.0418152 0.0352617 0.0289686 0.0230768 0.0177263 0.0130458 0.00913203 0.00603111 0.00372556
 0.0086204 0.0140232 0.0211352 0.0298811 0.0399333 0.0505542 0.0605715 0.0686694 0.0738741 0.0758745 0.074971 0.0717858 0.0669925 0.06118 0.0548112 0.0482185 0.0416229 0.0351713 0.0289786 0.0231586 0.0178375 0.0131465 0.00919888 0.00606085 0.00372877
 0.00859838 0.013993 0.0211008 0.0298517 0.0399236 0.0505833 0.0606599 0.0688333 0.0741169 0.0761778 0.0752911 0.0720597 0.0671564 0.0611922 0.0546695 0.0479618 0.0413164 0.0348822 0.0287543 0.0230164 0.017767 0.0131218 0.00919356 0.00605759 0.00372154
 0.00859773 0.0139686 0.0210221 0.0296797 0.0396249 0.0501516 0.0601325 0.0682905 0.0736605 0.0758993 0.0752429 0.0722409 0.0675157 0.0616452 0.0551248 0.048349 0.0416029 0.0350742 0.0288819 0.0231128 0.0178531 0.0132023 0.00926305 0.00610964 0.00375441
 0.00855161 0.013912 0.0209692 0.0296495 0.03963 0.0501836 0.0601557 0.0682537 0.0735245 0.0756648 0.0749589 0.0719867 0.0673652 0.0616358 0.0552455 0.0485513 0.0418264 0.0352715 0.0290317 0.0232175 0.0179268 0.0132583 0.00930774 0.00614405 0.00377813
 0.00862869 0.0140147 0.0210832 0.0297504 0.039694 0.0502004 0.0601354 0.0682188 0.0734917 0.0756297 0.0748987 0.07188 0.067214 0.0614714 0.0551125 0.0484826 0.0418274 0.035322 0.0291017 0.0232833 0.0179778 0.0132945 0.00933339 0.0061625 0.00379101
 0.00868137 0.0140973 0.0212003 0.029901 0.0398677 0.050375 0.0602787 0.0682972 0.0734843 0.0755391 0.0747492 0.0717036 0.0670356 0.0613041 0.0549644 0.0483639 0.0417493 0.0352898 0.0291091 0.0233149 0.0180172 0.0133304 0.00936107 0.00618186 0.00380366
 0.00849146 0.0138439 0.0209208 0.0296632 0.0397491 0.0504308 0.0605149 0.0686658 0.0739017 0.0759167 0.0750211 0.0718409 0.0670458 0.0612191 0.0548245 0.0482059 0.0416011 0.0351695 0.0290251 0.0232664 0.0179961 0.0133262 0.0093645 0.00618717 0.00380824
 0.00808906 0.0131419 0.0197844 0.0279606 0.0374103 0.0475256 0.0573064 0.065585 0.0714301 0.0744303 0.0746804 0.0725762 0.0686235 0.0633371 0.0571928 0.0505919 0.0438437 0.0371721 0.0307401 0.0246793 0.0191136 0.0141696 0.00996689 0.00659045 0.004059
 0.00855728 0.0138547 0.0207589 0.0291592 0.0387255 0.0487736 0.0582428 0.0659608 0.0710843 0.0733766 0.0731266 0.0708527 0.0670582 0.0621495 0.0564552 0.050257 0.0438032 0.0373093 0.0309605 0.024919 0.0193354 0.0143549 0.0101092 0.00669116 0.00412443
 0.00884395 0.0143453 0.0215391 0.0303135 0.0403041 0.0507444 0.0604502 0.0681219 0.0728429 0.0744004 0.0732109 0.0699881 0.0654353 0.0600951 0.0543258 0.0483367 0.0422481 0.0361513 0.0301506 0.0243766 0.0189829 0.0141315 0.00997187 0.00661022 0.00407926
 0.00840259 0.0136904 0.0206746 0.0292966 0.0392451 0.0497964 0.0597874 0.0679036 0.073159 0.0752189 0.0743619 0.0712082 0.0664596 0.0607531 0.0545921 0.0483145 0.0421001 0.0360225 0.0301196 0.0244517 0.019128 0.0142991 0.0101248 0.00672929 0.0041609
#obs surv len freq
 nan nan nan nan nan nan nan nan nan nan nan nan nan nan nan nan nan nan nan nan nan nan nan nan nan
 0.00447725 0.00733548 0.011163 0.0159783 0.02168 0.0279581 0.0342757 0.0400104 0.0446928 0.0481586 0.0505177 0.0520144 0.0529072 0.05342 0.0537345 0.0539897 0.0542684 0.0545613 0.0547001 0.054292 0.0527299 0.0493617 0.0438108 0.0362901 0.0276728
 0.00461873 0.00756416 0.0115044 0.0164548 0.0223054 0.02873 0.0351671 0.0409668 0.0456385 0.0490106 0.0512005 0.0524718 0.0531089 0.0533631 0.0534398 0.0534936 0.0536145 0.0537924 0.0538555 0.0534089 0.0518471 0.0485225 0.0430599 0.0356654 0.0271954
 0.00478296 0.00783451 0.0119173 0.0170457 0.023101 0.0297365 0.0363577 0.0422781 0.0469787 0.0502763 0.0522928 0.0533071 0.0536253 0.0535248 0.0532396 0.0529525 0.0527758 0.0527142 0.0526034 0.0520528 0.0504624 0.0471898 0.0418594 0.0346632 0.026428
 0.00497666 0.00815177 0.0123994 0.0177329 0.0240254 0.0309099 0.0377588 0.0438461 0.0486196 0.0518777 0.0537405 0.0544966 0.0544697 0.05396 0.0532286 0.0524878 0.0518801 0.0514384 0.0510232 0.0502655 0.0485838 0.0453481 0.0401817 0.0332534 0.0253446
 0.00518508 0.00849308 0.0129178 0.0184716 0.0250189 0.0321713 0.039267 0.0455403 0.0504067 0.0536482 0.0553835 0.0559082 0.0555565 0.054642 0.0534435 0.0521962 0.0510718 0.0501376 0.0492934 0.0482116 0.0463496 0.0431053 0.0381062 0.031492 0.0239827
 0.00542689 0.00888701 0.0135123 0.0193123 0.0261404 0.033584 0.0409427 0.0474075 0.0523604 0.0555695 0.057158 0.0574349 0.0567495 0.055428 0.0537601 0.0519931 0.0503163 0.048826 0.0474642 0.0459587 0.0438271 0.0405162 0.0356708 0.029401 0.0223532
 0.00565278 0.00926163 0.0140898 0.0201477 0.0272784 0.0350419 0.0426925 0.0493711 0.0544212 0.0575967 0.0590279 0.0590428 0.0580114 0.0562767 0.0541404 0.0518579 0.0496274 0.0475632 0.0456434 0.0436535 0.0411837 0.037748 0.0330246 0.0271009 0.0205445
 0.00588364 0.0096382 0.0146594 0.0209565 0.0283646 0.0364231 0.0443521 0.0512499 0.0564231 0.059603 0.060915 0.0606959 0.0593333 0.0571911 0.0545895 0.051797 0.0490208 0.0463877 0.0439035 0.041406 0.0385596 0.0349551 0.0303171 0.0247201 0.0186548
 0.00612954 0.0100399 0.0152675 0.0218189 0.029517 0.0378743 0.0460696 0.0531567 0.0584097 0.0615502 0.0627122 0.0622491 0.060564 0.0580342 0.0549909 0.0517122 0.0484139 0.0452347 0.0422045 0.0392077 0.0359794 0.0321886 0.0276132 0.0223233 0.0167388
 0.00637177 0.0104372 0.0158717 0.0226803 0.0306739 0.0393375 0.0478062 0.0550842 0.0604088 0.0634887 0.0644682 0.0637249 0.0616892 0.0587605 0.055285 0.0515472 0.0477653 0.0440831 0.0405484 0.0370861 0.0334962 0.0295229 0.0249988 0.0199953 0.0148686
 0.0066076 0.0108244 0.0164616 0.0235228 0.0318078 0.0407745 0.0495147 0.0569836 0.0623805 0.0653985 0.0661892 0.0651522 0.0627462 0.0593991 0.0554802 0.0512886 0.0470483 0.0429055 0.0389186 0.0350428 0.0311328 0.0270002 0.0225289 0.0177945 0.0130971
 0.00683789 0.0112012 0.0170329 0.0243348 0.0328957 0.0421481 0.0511434 0.0587912 0.0642549 0.0672127 0.0678217 0.0665005 0.0637328 0.0599733 0.0556159 0.0509789 0.0462983 0.0417272 0.0373344 0.0330987 0.0289181 0.0246594 0.0202502 0.0157696 0.0114684
 0.00705606 0.0115598 0.0175797 0.0251161 0.0339464 0.0434763 0.0527155 0.0605273 0.0660408 0.0689223 0.0693391 0.0677315 0.0646094 0.0604522 0.055676 0.0506168 0.0455236 0.0405594 0.0358049 0.03126 0.0268583 0.0225104 0.0181775 0.0139392 0.0100015
 0.00728035 0.0119269 0.0181365 0.025907 0.0350038 0.0448054 0.0542796 0.0622427 0.0677887 0.0705724 0.0707717 0.0688531 0.0653575 0.0607946 0.0556053 0.0501439 0.0446705 0.039356 0.0342905 0.029492 0.0249224 0.020527 0.0162913 0.0122906 0.00869026
 0.0074276 0.0121753 0.0185272 0.0264839 0.0358045 0.045847 0.0555433 0.0636686 0.0692838 0.0720279 0.0720808 0.0699234 0.066118 0.0611995 0.0556342 0.0497983 0.043969 0.0383296 0.0329818 0.0279599 0.0232492 0.0188211 0.0146781 0.0108883 0.00757985
 0.00753359 0.0123434 0.0187733 0.0268228 0.0362504 0.0464132 0.0562387 0.0644915 0.0702153 0.0730276 0.0730879 0.0708624 0.0669095 0.0617715 0.0559315 0.0497876 0.0436396 0.0376923 0.0320681 0.0268222 0.0219633 0.017485 0.0134017 0.00977299 0.0066947
 0.00758015 0.0124184 0.018885 0.0269787 0.0364565 0.0466731 0.0565534 0.0648608 0.07064 0.0735106 0.0736294 0.0714512 0.0675143 0.0623393 0.0563949 0.0500785 0.0437033 0.0374978 0.0316135 0.0261368 0.0211069 0.016542 0.012469 0.00894071 0.0060256
 0.0076617 0.0125408 0.0190502 0.027182 0.0366887 0.0469232 0.0568114 0.0651185 0.0708923 0.0737568 0.0738743 0.0717037 0.0677813 0.0626177 0.0566637 0.0502975 0.0438204 0.0374628 0.0313932 0.0257275 0.0205391 0.0158768 0.0117853 0.00831573 0.00551556
 0.00772459 0.0126398 0.0191928 0.0273715 0.0369221 0.0471892 0.0570893 0.0653813 0.0711147 0.0739239 0.0739874 0.071778 0.0678391 0.0626786 0.0567367 0.0503747 0.043876 0.037458 0.0312888 0.0254985 0.0201874 0.015435 0.0113085 0.00786501 0.00513915
 0.00776262 0.0126964 0.0192684 0.0274636 0.0370266 0.0473023 0.0572082 0.0655033 0.0712352 0.0740363 0.0740843 0.0718549 0.0678976 0.0627264 0.0567835 0.0504258 0.0439257 0.0374873 0.0312697 0.0254046 0.0200066 0.0151781 0.0110083 0.00756525 0.00487896
 0.00782471 0.0127912 0.0193992 0.0276286 0.0372185 0.0475085 0.0574117 0.0656851 0.0713785 0.0741309 0.0741287 0.0718551 0.0678633 0.0626686 0.0567132 0.0503528 0.0438554 0.0374176 0.0311893 0.0252969 0.0198588 0.0149893 0.0107935 0.00735029 0.00469027
 0.00783281 0.0128049 0.0194206 0.02766 0.0372613 0.0475628 0.0574749 0.0657524 0.0714438 0.0741887 0.0741757 0.0718906 0.0678888 0.0626866 0.0567259 0.0503617 0.0438605 0.0374165 0.031176 0.0252624 0.0197946 0.0148932 0.0106729 0.00722117 0.00457116
 0.00785913 0.0128398 0.0194588 0.0276922 0.0372775 0.047557 0.0574491 0.0657158 0.0714091 0.0741669 0.0741724 0.0719058 0.0679183 0.062725 0.0567683 0.050404 0.0438994 0.0374484 0.031196 0.0252649 0.0197742 0.0148481 0.0106073 0.00714521 0.00449736
 0.00790068 0.0129047 0.0195509 0.0278116 0.0374191 0.0477083 0.0575907 0.0658249 0.071467 0.0741663 0.0741206 0.0718208 0.067821 0.0626315 0.0566874 0.0503379 0.0438464 0.0374047 0.0311571 0.0252257 0.01973 0.0147964 0.0105491 0.00708522 0.00444216
 0.00788919 0.0128893 0.0195341 0.0277979 0.0374141 0.0477172 0.0576156 0.0658638 0.071513 0.0742095 0.0741511 0.0718324 0.0678144 0.0626137 0.0566678 0.0503244 0.0438422 0.0374083 0.031164 0.0252302 0.0197273 0.0147838 0.010527 0.00705697 0.0044129
 0.00788304 0.0128725 0.0194966 0.0277278 0.0373021 0.0475633 0.0574342 0.0656822 0.0713632 0.074117 0.0741266 0.0718708 0.0678996 0.062726 0.0567909 0.0504475 0.04396 0.0375177 0.031262 0.025313 0.0197914 0.0148271 0.0105505 0.00706457 0.00441025
 0.00789164 0.012882 0.0195023 0.0277215 0.0372728 0.0475 0.0573292 0.0655352 0.0711852 0.0739304 0.0739618 0.071757 0.0678553 0.0627536 0.0568776 0.0505726 0.0441023 0.0376606 0.0313941 0.0254273 0.0198836 0.0148955 0.0105959 0.00709051 0.00442198
 0.0079038 0.0129002 0.0195264 0.0277496 0.0373008 0.0475211 0.0573339 0.0655128 0.0711268 0.0738332 0.0738326 0.0716134 0.0677218 0.062655 0.0568307 0.0505815 0.0441583 0.0377473 0.0314936 0.0255246 0.0199684 0.0149623 0.0106434 0.00712041 0.00443826
 0.00787884 0.0128643 0.0194812 0.0276995 0.0372519 0.0474784 0.0573002 0.0654873 0.0711053 0.0738099 0.0738016 0.0715717 0.0676721 0.0626063 0.0567966 0.050575 0.0441869 0.0378093 0.0315793 0.0256199 0.0200597 0.0150397 0.0107021 0.0071604 0.00446249
 0.00784827 0.0128102 0.0193921 0.0275639 0.0370629 0.0472404 0.0570333 0.0652252 0.0708863 0.0736636 0.0737406 0.0715904 0.0677526 0.0627274 0.0569407 0.0507319 0.044352 0.0379806 0.0317526 0.0257876 0.020212 0.0151678 0.010801 0.00722988 0.00450678
 0.00781577 0.0127559 0.0193076 0.0274401 0.0368914 0.0470171 0.0567619 0.0649211 0.0705768 0.073385 0.0735305 0.0714782 0.067751 0.0628293 0.0571237 0.0509665 0.0446109 0.038243 0.0320045 0.0260191 0.0204149 0.0153358 0.0109307 0.00732222 0.00456685
 0.00779881 0.0127235 0.01925 0.0273451 0.0367478 0.0468188 0.0565123 0.0646342 0.0702749 0.073095 0.0732804 0.0712945 0.0676561 0.0628365 0.0572329 0.051163 0.0448689 0.0385322 0.0322972 0.0262933 0.0206559 0.0155346 0.0110839 0.00743174 0.00463873
 0.00777794 0.012689 0.0191968 0.0272677 0.0366402 0.0466761 0.0563321 0.0644192 0.0700345 0.072845 0.0730424 0.0710928 0.0675139 0.0627726 0.0572579 0.0512773 0.0450609 0.0387803 0.0325735 0.0265699 0.0209091 0.0157486 0.0112512 0.00755237 0.00471851
 0.00774067 0.0126302 0.0191118 0.0271534 0.036496 0.0465043 0.0561389 0.0642144 0.0698297 0.0726517 0.0728709 0.0709526 0.0674154 0.0627266 0.0572749 0.0513635 0.0452154 0.038993 0.0328253 0.0268359 0.021164 0.0159717 0.01143 0.00768343 0.00480622
 0.00933931 0.0148683 0.0218136 0.0299328 0.0388694 0.0480696 0.0567175 0.0638771 0.068813 0.071236 0.0712913 0.0693681 0.0659179 0.0613652 0.0560753 0.0503396 0.0443735 0.0383313 0.0323326 0.0264916 0.0209405 0.0158383 0.0113577 0.00764863 0.00479183
 0.0093118 0.0151196 0.0227138 0.0319417 0.0423362 0.0529632 0.0624548 0.0694186 0.0730329 0.073367 0.0711774 0.0674047 0.0627772 0.0577074 0.0523856 0.0469042 0.0413307 0.0357332 0.0301867 0.0247809 0.0196305 0.0148808 0.0106947 0.0072169 0.00452963
 0.00895613 0.0145604 0.0219295 0.0309821 0.041377 0.0523416 0.0626304 0.07081 0.07577 0.0771053 0.0751405 0.0706793 0.0646945 0.0580741 0.051454 0.0451589 0.0392585 0.0336904 0.0283761 0.0232879 0.0184691 0.0140261 0.0101013 0.00683078 0.00429577
 0.00878798 0.0142733 0.0214727 0.0303037 0.0404429 0.0511719 0.0613425 0.0696475 0.0750806 0.077245 0.0763155 0.0727993 0.0673395 0.0606317 0.0533669 0.0461366 0.0393349 0.0331254 0.0274947 0.0223569 0.0176503 0.0133866 0.00964602 0.00653225 0.00411526
 0.00872027 0.0141598 0.0212941 0.0300364 0.0400599 0.0506473 0.060663 0.0688304 0.0741983 0.0764429 0.0758049 0.0728031 0.0679942 0.061891 0.0549762 0.0477172 0.0405402 0.0337755 0.0276131 0.0221071 0.0172322 0.0129581 0.00929402 0.00628286 0.00395824
 0.00871282 0.0141421 0.0212569 0.0299663 0.0399411 0.050464 0.0604018 0.0684827 0.0737639 0.0759387 0.0752793 0.0723486 0.0677401 0.0619634 0.0554335 0.0484972 0.0414634 0.0346147 0.0281922 0.022366 0.017224 0.012795 0.0090855 0.00609939 0.00382723
 0.00867121 0.0140792 0.0211706 0.0298572 0.0398108 0.0503133 0.0602297 0.0682864 0.0735404 0.0756869 0.0750042 0.0720681 0.0674933 0.0618124 0.0554499 0.0487298 0.0419016 0.0351756 0.0287474 0.0227976 0.0174735 0.0128749 0.00905396 0.00602202 0.00375017
 0.00868058 0.0140899 0.0211788 0.0298565 0.0397946 0.0502773 0.0601735 0.0682125 0.073451 0.0755809 0.0748772 0.071916 0.06732 0.0616374 0.0553102 0.0486721 0.0419631 0.0353606 0.0290168 0.0230818 0.0177038 0.0130137 0.0091037 0.00601224 0.00371559
 0.00866523 0.0140683 0.0211522 0.0298275 0.0397657 0.0502489 0.060143 0.0681754 0.0734033 0.0755218 0.0748084 0.0718405 0.0672398 0.0615552 0.0552338 0.0486183 0.0419547 0.0354166 0.0291385 0.0232465 0.0178727 0.0131497 0.00918787 0.00604754 0.00371868
 0.00865689 0.0140537 0.0211284 0.029792 0.0397174 0.0501898 0.0600789 0.0681146 0.0733534 0.0754858 0.0747845 0.0718232 0.0672232 0.061536 0.0552126 0.0486004 0.0419504 0.0354383 0.0291948 0.023335 0.0179784 0.0132509 0.00926603 0.0060953 0.00374001
 0.00865332 0.0140484 0.0211211 0.0297826 0.0397052 0.0501736 0.060057 0.068086 0.0733186 0.0754482 0.0747486 0.0717931 0.0672006 0.0615195 0.0551998 0.0485901 0.041945 0.0354434 0.0292167 0.0233766 0.0180359 0.0133138 0.00932227 0.00613644 0.00376423
 0.0086365 0.0140226 0.0210853 0.0297369 0.0396515 0.0501149 0.0599977 0.0680311 0.0732728 0.0754147 0.0747287 0.0717867 0.0672068 0.0615367 0.0552254 0.0486213 0.0419794 0.0354805 0.0292578 0.0234233 0.0180877 0.0133669 0.00937055 0.00617449 0.00378979
 0.0086424 0.0140305 0.0210943 0.0297448 0.0396558 0.0501136 0.0599897 0.0680167 0.0732534 0.075392 0.0747046 0.0717628 0.0671845 0.0615174 0.0552105 0.0486118 0.041976 0.0354834 0.0292674 0.0234399 0.0181107 0.0133939 0.00939798 0.00619836 0.00380755
 0.00861733 0.0139955 0.021052 0.0297014 0.0396182 0.0500872 0.0599758 0.0680128 0.0732549 0.075395 0.0747073 0.0717654 0.0671883 0.0615235 0.0552195 0.0486238 0.0419908 0.035501 0.0292878 0.0234629 0.0181356 0.0134195 0.00942223 0.00621906 0.00382321
 0.00861409 0.0139845 0.0210255 0.0296499 0.0395346 0.0499723 0.0598416 0.0678808 0.0731487 0.0753314 0.074691 0.0717902 0.0672422 0.0615941 0.0552972 0.0487023 0.0420663 0.0355712 0.0293516 0.0235197 0.0181852 0.0134617 0.0094566 0.00624545 0.00384192
 0.00861409 0.0139845 0.0210255 0.0296499 0.0395346 0.0499723 0.0598416 0.0678808 0.0731487 0.0753314 0.074691 0.0717902 0.0672422 0.0615941 0.0552972 0.0487023 0.0420663 0.0355712 0.0293516 0.0235197 0.0181852 0.0134617 0.0094566 0.00624545 0.00384192
 0.00805346 0.0131024 0.0197562 0.0279615 0.0374468 0.0475766 0.0573179 0.0654884 0.0711793 0.0740371 0.0742213 0.0721639 0.0683582 0.0632688 0.057311 0.0508429 0.0441586 0.0374902 0.0310212 0.0249051 0.019282 0.0142875 0.0100447 0.00663854 0.00408648
 0.00850506 0.0137568 0.02059 0.0288946 0.0383542 0.0483154 0.0577554 0.0655258 0.0707745 0.0732243 0.0731155 0.0709394 0.0672052 0.0623432 0.0566995 0.0505543 0.0441395 0.0376554 0.0312829 0.025192 0.0195471 0.0145065 0.01021 0.00675345 0.0041601
 0.00869679 0.014124 0.0212388 0.0299403 0.0398717 0.0502705 0.0599574 0.0676439 0.0724296 0.0741129 0.0731033 0.0700838 0.0657133 0.0604978 0.0547847 0.0487969 0.0426782 0.0365377 0.0304866 0.0246566 0.019203 0.0142929 0.0100814 0.00667883 0.00411879
 0.00843333 0.0137225 0.0206909 0.0292729 0.03916 0.0496445 0.0595877 0.0676949 0.072984 0.0751076 0.074324 0.0712382 0.0665451 0.0608787 0.0547389 0.0484607 0.042227 0.0361199 0.0301872 0.0244954 0.0191544 0.0143133 0.0101305 0.00672966 0.00415867
#pred catch len freq
 0.00312929 0.00510272 0.0077421 0.0111049 0.0152365 0.0201172 0.0256032 0.0314239 0.0372404 0.0427164 0.0475661 0.051588 0.0546895 0.0568888 0.0582885 0.0590422 0.0593315 0.0593318 0.0591314 0.0585985 0.0572734 0.0544307 0.0494015 0.0420352 0.0329862
 0.00328719 0.00531795 0.00799092 0.0113435 0.0154182 0.020216 0.0256281 0.03141 0.0372218 0.0426994 0.0475247 0.0514874 0.0545225 0.0567 0.0581683 0.0590915 0.0596091 0.0598107 0.0596864 0.0590398 0.0574189 0.0541869 0.0488064 0.0412383 0.0321761
 0.0034487 0.00558464 0.00839624 0.0119115 0.0161472 0.0210607 0.0264926 0.0321674 0.0377586 0.0429592 0.047522 0.0512823 0.0541821 0.0562782 0.0577143 0.0586655 0.0592781 0.0596164 0.0596062 0.0589754 0.0572331 0.0537736 0.0481519 0.0404316 0.0313626
 0.0035326 0.00573865 0.00866247 0.0123448 0.0168072 0.0219947 0.02771 0.0336154 0.03931 0.0444271 0.0487029 0.0520173 0.0544046 0.0560239 0.057092 0.0578129 0.0583257 0.0586635 0.0587024 0.0581101 0.0563499 0.0528133 0.0471048 0.0393597 0.0303741
 0.00372273 0.00602711 0.00906095 0.0128581 0.0174432 0.0227754 0.0286738 0.0348022 0.0407318 0.0460339 0.0503642 0.0535343 0.0555575 0.0566376 0.0570902 0.0572339 0.0572959 0.0573447 0.057239 0.056597 0.0548301 0.051305 0.0456385 0.0379992 0.0292038
 0.00393317 0.00636885 0.0095736 0.0135758 0.018386 0.0239379 0.0300185 0.0362663 0.0422475 0.0475489 0.0518413 0.0549263 0.0567764 0.0575464 0.0575331 0.0570918 0.0565355 0.0560315 0.0555101 0.054614 0.052741 0.0492333 0.0436919 0.0362784 0.0277926
 0.00412368 0.00667831 0.0100404 0.0142397 0.019285 0.0251003 0.0314489 0.0379309 0.0440674 0.0494082 0.0536104 0.0564894 0.0580479 0.0584629 0.0580313 0.0570959 0.0559725 0.0548695 0.0537912 0.0524594 0.0503287 0.0467635 0.0413574 0.03424 0.0261572
 0.00436315 0.00705737 0.0105933 0.0149952 0.0202667 0.0263247 0.0329186 0.0396252 0.045935 0.0513636 0.0555375 0.0582536 0.0595157 0.0595234 0.058605 0.0571287 0.0554245 0.0537159 0.0520435 0.0501944 0.047703 0.0439994 0.0387018 0.0319115 0.0242995
 0.00455394 0.00737534 0.0110867 0.0157149 0.0212576 0.0276112 0.0344897 0.0414286 0.0478851 0.0533572 0.0574673 0.0600137 0.0610027 0.060638 0.0592577 0.0572453 0.0549505 0.0526204 0.0503313 0.0479275 0.0450218 0.0411236 0.0358974 0.0294295 0.0223128
 0.00480781 0.00777717 0.0116732 0.0165184 0.0223068 0.028929 0.0360839 0.0432771 0.0499233 0.0554766 0.0595276 0.0618673 0.0625199 0.0617218 0.0598418 0.0572829 0.0544041 0.0514632 0.0485625 0.0455985 0.0422618 0.0381471 0.0329757 0.0268289 0.0202235
 0.0050342 0.00815542 0.0122614 0.0173772 0.0234876 0.0304549 0.0379315 0.0453712 0.0521488 0.0577009 0.0616182 0.0637006 0.0639854 0.0627275 0.0603197 0.0571902 0.0537173 0.0501736 0.0466819 0.0431805 0.0394297 0.0351064 0.0299924 0.02417 0.0180838
 0.00526494 0.00852898 0.0128229 0.0181735 0.0245652 0.0318526 0.039665 0.0474135 0.0544169 0.0600552 0.0638813 0.0656899 0.0655472 0.0637574 0.0607632 0.0570281 0.0529496 0.0488112 0.0447521 0.0407459 0.036613 0.0321045 0.0270581 0.021558 0.0159819
 0.00551605 0.00893035 0.0134152 0.0189932 0.0256415 0.0332024 0.0412835 0.0492668 0.0564389 0.06215 0.0659274 0.0675472 0.0670712 0.0648194 0.0612697 0.0569294 0.0522358 0.0475015 0.04289 0.0384074 0.0339251 0.0292559 0.0242847 0.0190952 0.0140022
 0.00578748 0.00935063 0.0140101 0.0197763 0.0266179 0.0343719 0.0426385 0.0507855 0.0580783 0.0638437 0.0675888 0.0690769 0.0683656 0.0657787 0.0618049 0.0569704 0.0517384 0.0464537 0.0413165 0.0363773 0.0315604 0.0267347 0.0218238 0.0169073 0.0122423
 0.0060135 0.0097094 0.0145334 0.0204872 0.0275254 0.0354649 0.0438808 0.052117 0.0594283 0.0651468 0.0687949 0.0701482 0.0692656 0.066462 0.0622148 0.0570434 0.0514148 0.0456908 0.0401041 0.0347527 0.0296196 0.0246319 0.019751 0.0150536 0.0107459
 0.00621971 0.0100514 0.0150603 0.0212482 0.0285587 0.0367796 0.0454383 0.0538244 0.0611497 0.0667325 0.0701143 0.071115 0.0698478 0.0666732 0.0620908 0.0566164 0.0506972 0.0446766 0.0387862 0.0331485 0.0277934 0.0227022 0.0178751 0.0133902 0.00941048
 0.00630993 0.0102152 0.0153406 0.0217001 0.0292433 0.0377487 0.0467146 0.0553816 0.0629018 0.068536 0.0717887 0.0724799 0.0707652 0.067078 0.0619947 0.0560845 0.0498124 0.0435104 0.0373899 0.0315655 0.0260828 0.0209556 0.016213 0.0119355 0.0082522
 0.00640481 0.0103477 0.0155021 0.0218762 0.0294273 0.0379595 0.0470057 0.0558315 0.0635833 0.0694785 0.0729503 0.0737459 0.0719723 0.0680575 0.0626151 0.0562797 0.0495835 0.0429071 0.036484 0.0304344 0.0248084 0.0196307 0.0149411 0.0108161 0.00735726
 0.00647548 0.0104606 0.0156667 0.0220961 0.0296955 0.0382548 0.0472964 0.0560888 0.0638036 0.0696981 0.0732373 0.0741649 0.0725418 0.0687247 0.0632664 0.0567793 0.0498196 0.0428218 0.0360796 0.0297608 0.0239461 0.0186767 0.0139966 0.00997194 0.00667649
 0.00652395 0.0105353 0.0157722 0.0222348 0.0298689 0.0384638 0.0475381 0.056353 0.0640706 0.0699431 0.0734441 0.0743399 0.0727162 0.0689364 0.0635301 0.0570645 0.0500536 0.0429176 0.0359716 0.0294299 0.0234239 0.0180337 0.0133216 0.00934857 0.00616469
 0.00654294 0.0105632 0.0158089 0.0222791 0.0299195 0.0385215 0.047607 0.0564401 0.0641823 0.0700818 0.0736046 0.0745112 0.0728875 0.0691045 0.0637001 0.0572397 0.0502207 0.0430397 0.035998 0.0293191 0.0231656 0.017657 0.0128854 0.00892075 0.00579992
 0.00654946 0.0105732 0.0158225 0.0222953 0.0299357 0.0385331 0.0476088 0.0564288 0.0641605 0.0700601 0.0736003 0.0745414 0.0729624 0.0692235 0.0638535 0.0574131 0.0503964 0.0431941 0.0361005 0.0293382 0.0230821 0.017476 0.0126383 0.00865419 0.00555832
 0.00659352 0.0106441 0.0159277 0.0224408 0.030124 0.0387605 0.0478624 0.0566853 0.064389 0.0702297 0.0736887 0.0745426 0.0728886 0.069101 0.0637131 0.05728 0.0502834 0.0430999 0.0360117 0.0292345 0.0229455 0.0173005 0.0124345 0.00844621 0.00537276
 0.00665541 0.0107313 0.0160347 0.0225552 0.0302318 0.0388535 0.0479426 0.056763 0.0644754 0.0703274 0.0737878 0.074624 0.0729326 0.0690964 0.0636624 0.0571972 0.050187 0.0430039 0.0359203 0.0291421 0.0228421 0.0171796 0.0122989 0.00830788 0.00524772
