SBPRF35
8.30518
Curr Bio
705887
B35
546704
F35
0.206712
FOFL
0.206712
OFL
124467
Bzero
2.37291e+006
#pred survey bio
 2.34779e+006 2.24783e+006 2.12563e+006 2.00038e+006 1.79786e+006 1.6153e+006 1.42562e+006 1.26413e+006 1.13525e+006 1.03838e+006 953872 879887 789763 681864 626618 606506 598181 601571 593219 561574 525617 482536 464947 470939 496697 520831 543917 520954 523983 519531 534603 523714 512797 513800 515293 533422 577680 609161 605344 567495 537066 523601 539635 576555 601749 623375 653561 631678 578368 565731 538800 517221 571823 659077 714865 1.78573e+007 1.61892e+007 1.61742e+007 1.63799e+007 1.67208e+007 1.71064e+007 1.74762e+007 1.77991e+007 1.80648e+007 1.82754e+007 1.84382e+007 1.8562e+007 1.86554e+007 1.87256e+007 1.87781e+007 1.88176e+007 1.88472e+007 1.88696e+007 1.88866e+007 1.88994e+007 1.89092e+007 1.89168e+007 1.89225e+007 1.8927e+007 1.89304e+007 1.8933e+007 1.8935e+007 1.89366e+007 1.89378e+007 1.89388e+007 1.89395e+007 1.89401e+007 1.89405e+007 1.89409e+007 1.89412e+007 1.89414e+007 1.89415e+007 1.89417e+007 1.89418e+007 1.89418e+007 1.89419e+007 1.89419e+007 1.8942e+007 1.8942e+007 1.8942e+007 1.8942e+007 1.89421e+007 1.89421e+007 1.89421e+007 1.89421e+007 1.89421e+007 1.89421e+007 1.89421e+007 1.89421e+007 1.89421e+007 1.89421e+007 1.89421e+007 1.89421e+007 1.89421e+007 1.89421e+007 1.89421e+007 1.89421e+007 1.89421e+007 1.89421e+007 1.89421e+007 1.89421e+007 1.89421e+007 1.89421e+007 1.89421e+007 1.89421e+007 1.89421e+007 1.89421e+007 1.89421e+007 1.89421e+007 1.89421e+007 1.89421e+007 1.89421e+007 1.89421e+007 1.89421e+007 1.89421e+007 1.89421e+007 1.89421e+007 1.89421e+007 1.89421e+007 1.89421e+007 1.89421e+007 1.89421e+007 1.89421e+007 1.89421e+007 1.89421e+007 1.89421e+007 1.89421e+007 1.89421e+007 1.89421e+007 1.89421e+007 1.89421e+007 1.89421e+007 1.89421e+007 1.89421e+007 1.89421e+007 0 0 0 0 0 0 0 0 0 0 0 0 0 0 0 0 0 0 0 0 0 0 0 0 0
#obs survey bio
 2.15567e+006 2.08131e+006 2.21107e+006 2.59703e+006 1.57229e+006 1.83253e+006 1.99004e+006 1.04191e+006 1.53168e+006 867370 1.32964e+006 821765 1.0336e+006 528612 652965 565984 553981 577465 700993 520992 442361 658664 468679 390685 515616 590714 609158 446240 427830 471030 613096 466876 432337 547923 486425 370222 538754 767288 566302 615679 467493 540900 510730 511580 661430 570447 659588 675654 644270 557104 430021 465874 767420 628896 808298
#pred catch bio
 261078 265085 267374 307100 309337 305322 282182 276669 253781 249069 216980 214045 192685 173608 147494 143029 137541 138214 119438 106885 112762 100439 101799 103554 108433 97429.7 101588 90812 96449.6 91456.2 96962.7 95174.9 78621.9 79517.2 88393.2 86306.7 84543.4 80663.4 85306.6 82465.7 85320.5 90048.9 89434.3 91587.7 89169.5 90345.6 84064.9 123729 97166.2 91395.3 104519 68305.1 59369.1 101339 106674 124467 123063 121772 122171 123865 125996 128062 129829 131227 132278 133039 133574 133942 134192 134359 134469 134542 134589 134620 134640 134653 134661 134666 134670 134672 134673 134674 134675 134675 134675 134675 134676 134676 134676 134676 134676 134676 134676 134676 134676 134676 134676 134676 134676 134676 134676 134676 134676 134676 134676 134676 134676 134676 134676 134676 134676 134676 134676 134676 134676 134676 134676 134676 134676 134676 134676 134676 134676 134676 134676 134676 134676 134676 134676 134676 134676 134676 134676 134676 134676 134676 134676 134676 134676 134676 134676 134676 134676 134676 134676 134676 134676 134676 134676 134676 134676 134676 134676 134676 134676 0 0 0 0 0 0 0 0 0 0 0 0 0 0 0 0 0 0 0 0 0 0 0 0 0
#obs catch bio
 257426 264979 267276 306894 309740 305316 281730 277222 253671 250264 216580 214474 191708 174284 147421 143140 137872 138798 119114 106619 112814 100230 101888 104127 108951 97414 101287 90802.4 96426 91643.6 96894.6 95385.6 78479.9 79368 88531.1 86539.4 84555.9 80508.9 85271.2 82392.2 85272.6 90217.7 89617.3 91572 89072.4 90574.2 83578.5 124311 97154.3 91128.7 104956 68275.1 59078.3 101702 106639
#pred cpue bio
 2.31889e+006 2.21848e+006 2.09513e+006 1.96911e+006 1.76731e+006 1.58517e+006 1.39643e+006 1.23582e+006 1.10732e+006 1.01065e+006 926249 852786 764010 658632 604394 584671 576369 579432 571250 540866 506254 464523 447563 453248 478091 501484 524122 502169 505237 501002 515817 505415 493742 493083 493653 510838 553471 584066 580811 544513 515286 502269 517564 553147 577467 598285 627325 606670 554352 541794 516429 495503 548266 633356 687239 1.71729e+007 1.55874e+007 1.55246e+007 1.56847e+007 1.60147e+007 1.63986e+007 1.67681e+007 1.7091e+007 1.73567e+007 1.75673e+007 1.77301e+007 1.78539e+007 1.79473e+007 1.80175e+007 1.807e+007 1.81095e+007 1.81391e+007 1.81615e+007 1.81785e+007 1.81913e+007 1.82011e+007 1.82087e+007 1.82144e+007 1.82189e+007 1.82223e+007 1.82249e+007 1.82269e+007 1.82285e+007 1.82297e+007 1.82307e+007 1.82314e+007 1.8232e+007 1.82324e+007 1.82328e+007 1.82331e+007 1.82333e+007 1.82334e+007 1.82336e+007 1.82337e+007 1.82337e+007 1.82338e+007 1.82338e+007 1.82339e+007 1.82339e+007 1.82339e+007 1.8234e+007 1.8234e+007 1.8234e+007 1.8234e+007 1.8234e+007 1.8234e+007 1.8234e+007 1.8234e+007 1.8234e+007 1.8234e+007 1.8234e+007 1.8234e+007 1.8234e+007 1.8234e+007 1.8234e+007 1.8234e+007 1.8234e+007 1.8234e+007 1.8234e+007 1.8234e+007 1.8234e+007 1.8234e+007 1.8234e+007 1.8234e+007 1.8234e+007 1.8234e+007 1.8234e+007 1.8234e+007 1.8234e+007 1.8234e+007 1.8234e+007 1.8234e+007 1.8234e+007 1.8234e+007 1.8234e+007 1.8234e+007 1.8234e+007 1.8234e+007 1.8234e+007 1.8234e+007 1.8234e+007 1.8234e+007 1.8234e+007 1.8234e+007 1.8234e+007 1.8234e+007 1.8234e+007 1.8234e+007 1.8234e+007 1.8234e+007 1.8234e+007 1.8234e+007 1.8234e+007 1.8234e+007 1.8234e+007 0 0 0 0 0 0 0 0 0 0 0 0 0 0 0 0 0 0 0 0 0 0 0 0 0
#obs cpue bio
 2.91562e+006 2.73886e+006 1.78403e+006 1.90324e+006 1.61222e+006 1.57324e+006 1.06446e+006 1.26527e+006 881474 944218 841978 804008 846935 565280 646985 608523 535506 557420 664224 567184 598644 358938 392576 381626 479908 486933 687123 422540 728901 403516 600203 485769 642137 511085 457990 583138 704354 516803 641167 494056 605934 417989 480528 757200 546743 496662 933037 475603 450285 683863 588887 463851 458585 669226 615712
#pred surv len freq
 0.00466612 0.00768549 0.0117688 0.0169536 0.0231304 0.029939 0.0367543 0.0428576 0.0477117 0.0511322 0.0532464 0.0543275 0.054653 0.0544481 0.0538858 0.0531082 0.0522457 0.0514134 0.0506522 0.0498166 0.0484804 0.0459867 0.0417228 0.0355184 0.0278956
 0.00511491 0.00834223 0.0126248 0.017962 0.0242291 0.0310837 0.0379346 0.0440826 0.0489732 0.0523737 0.0543628 0.0552006 0.0552009 0.0546579 0.0538099 0.0528269 0.0518162 0.0508305 0.0498419 0.0486718 0.0469292 0.0440609 0.0395836 0.0334143 0.0260714
 0.00526695 0.00866315 0.013238 0.0190116 0.0258263 0.0332328 0.0404846 0.0467501 0.0514391 0.0543965 0.0558369 0.0561328 0.0556443 0.0546613 0.0534108 0.0520674 0.0507486 0.0494991 0.0482581 0.0468137 0.0447797 0.0416663 0.037089 0.0310411 0.0240419
 0.00541434 0.00888999 0.0135625 0.01946 0.0264492 0.0341162 0.0417363 0.0484511 0.0535747 0.056811 0.0582538 0.0582413 0.0572021 0.0555538 0.053641 0.0517067 0.0498881 0.0482202 0.0466218 0.0448634 0.0425616 0.0392644 0.0346496 0.0287595 0.0221073
 0.00566771 0.0093031 0.0141845 0.0203331 0.027596 0.0355261 0.0433604 0.0502161 0.0554118 0.0586751 0.0601078 0.0600136 0.0587574 0.0567104 0.0542304 0.0516313 0.0491412 0.0468652 0.044755 0.0425902 0.0399979 0.0365534 0.031973 0.0263197 0.0200796
 0.00588596 0.0096731 0.0147693 0.0212001 0.0288018 0.0370915 0.0452468 0.0523178 0.0575767 0.0607446 0.0619566 0.0615685 0.059984 0.0575784 0.0546833 0.0515852 0.0485154 0.0456211 0.042919 0.040254 0.0373083 0.0337023 0.0291824 0.0238102 0.0180234
 0.00615764 0.010109 0.0154158 0.022099 0.0299863 0.0385774 0.0470189 0.0543185 0.0597042 0.0628623 0.0639138 0.0632261 0.0612387 0.0583732 0.0549971 0.0514072 0.0478254 0.0443924 0.0411447 0.0379809 0.0346578 0.0308684 0.0264038 0.0213218 0.0159996
 0.00640945 0.0105222 0.0160439 0.0229927 0.0311815 0.0400783 0.048783 0.0562559 0.0616956 0.0647857 0.0656625 0.0647112 0.0623843 0.0591152 0.0552875 0.051217 0.0471398 0.0432055 0.0394639 0.0358469 0.032171 0.0282012 0.0237813 0.0189719 0.0140925
 0.00665593 0.0109317 0.0166763 0.0239083 0.032428 0.0416695 0.0506775 0.0583509 0.0638422 0.0668206 0.0674403 0.0661247 0.0633695 0.0596436 0.0553522 0.0508198 0.0462846 0.041898 0.0377207 0.0337127 0.0297405 0.0256306 0.021275 0.0167386 0.0122885
 0.00688535 0.0112991 0.0172198 0.0246618 0.0334178 0.0429072 0.05215 0.0600116 0.0656096 0.0685861 0.0690814 0.0675215 0.064421 0.0602804 0.0555399 0.0505525 0.0455727 0.0407602 0.0361845 0.0318274 0.0275951 0.0233652 0.0190695 0.0147758 0.0107047
 0.00712814 0.0116973 0.0178244 0.0255198 0.0345592 0.0443277 0.0537958 0.0617802 0.0673715 0.0702161 0.0704808 0.0686226 0.0651788 0.0606636 0.0555282 0.0501381 0.0447619 0.0395722 0.0346529 0.0300065 0.0255721 0.0212672 0.0170539 0.0129993 0.00928163
 0.00722036 0.0118559 0.01808 0.0259084 0.0351172 0.0450819 0.0547517 0.062913 0.0686251 0.07151 0.0717224 0.0697215 0.0660586 0.0612678 0.0558189 0.050092 0.0443675 0.0388311 0.0335846 0.0286562 0.0240178 0.0196219 0.0154548 0.0115806 0.00814074
 0.00729542 0.0119947 0.0183197 0.0262938 0.0356899 0.0458642 0.0557311 0.064039 0.0698195 0.0726846 0.0727951 0.0706236 0.0667375 0.0616869 0.0559569 0.0499402 0.0439263 0.0381086 0.0325999 0.0274469 0.0226493 0.0181897 0.0140746 0.0103643 0.00716808
 0.00744382 0.0122184 0.0186252 0.0266791 0.0361507 0.0464007 0.05635 0.0647459 0.0706069 0.0735215 0.073626 0.0713789 0.0673492 0.0621016 0.0561411 0.0498783 0.0436161 0.0375573 0.0318252 0.0264819 0.0215491 0.0170337 0.0129582 0.00937993 0.00638116
 0.00753439 0.0123787 0.0188887 0.0270807 0.0367136 0.0471189 0.0571774 0.0656035 0.0714086 0.0742045 0.0741652 0.0717781 0.0676196 0.0622446 0.0561447 0.0497245 0.04329 0.0370538 0.031152 0.0256631 0.0206285 0.0160754 0.012039 0.0085735 0.00573904
 0.00761075 0.0124738 0.0189804 0.0271363 0.0367056 0.0470468 0.0570801 0.0655496 0.0714673 0.0744133 0.0745156 0.0722259 0.0681069 0.0627176 0.0565587 0.0500405 0.0434725 0.0370746 0.0309966 0.0253373 0.0201623 0.015521 0.011463 0.00804197 0.0053016
 0.00767868 0.0125868 0.0191528 0.0273769 0.0370088 0.0473837 0.0573973 0.0657848 0.0715778 0.0744015 0.0744316 0.072142 0.0680816 0.0627715 0.0566734 0.0501735 0.0435747 0.0371016 0.0309166 0.0251371 0.0198513 0.0151319 0.0110449 0.00764742 0.00497196
 0.00767425 0.0125832 0.0191548 0.0273925 0.037049 0.0474596 0.0575156 0.0659414 0.071753 0.0745634 0.0745482 0.0721985 0.0680905 0.0627665 0.0566894 0.0502264 0.0436525 0.0371713 0.0309392 0.0250827 0.0197097 0.0149163 0.0107875 0.00738827 0.00474617
 0.0077814 0.0127344 0.0193401 0.0275889 0.037228 0.0475994 0.0576094 0.0659985 0.071791 0.0745969 0.0745802 0.0722197 0.0680866 0.0627296 0.0566254 0.0501523 0.0435852 0.0371154 0.0308831 0.025006 0.0195955 0.0147616 0.0106055 0.00720333 0.00458259
 0.00788061 0.0128713 0.0195003 0.027742 0.0373339 0.04762 0.0575216 0.0658025 0.0715138 0.0742882 0.0743012 0.0720246 0.0680053 0.0627599 0.0567396 0.0503132 0.0437601 0.0372815 0.0310243 0.0251086 0.0196488 0.0147622 0.0105612 0.00713139 0.00450392
 0.00781205 0.0127852 0.0194161 0.0276896 0.0373406 0.0476921 0.0576329 0.0658999 0.0715398 0.0742095 0.0741256 0.0717983 0.0677928 0.0626184 0.0566999 0.0503743 0.0438962 0.037456 0.0312021 0.0252624 0.0197611 0.0148261 0.01058 0.00711694 0.00447207
 0.0078423 0.0128382 0.0195036 0.0278271 0.0375459 0.0479807 0.0580096 0.066348 0.0720131 0.0746337 0.0744157 0.0718876 0.0676606 0.0623002 0.0562725 0.0499247 0.0434928 0.0371333 0.0309633 0.0250912 0.0196355 0.0147271 0.0104963 0.00704479 0.00441221
 0.0078498 0.0128417 0.0194936 0.0277916 0.0374765 0.0478812 0.0579021 0.0662709 0.072009 0.0747311 0.0746123 0.0721453 0.067916 0.0624886 0.0563538 0.0498977 0.0433901 0.0370012 0.0308403 0.0249966 0.0195699 0.0146815 0.0104609 0.00701385 0.00438471
 0.00780022 0.0127809 0.019438 0.0277659 0.0375044 0.0479716 0.0580406 0.0664248 0.0721436 0.0748286 0.0746787 0.0722012 0.0679784 0.0625556 0.0564044 0.0499054 0.0433398 0.0368992 0.0307095 0.0248643 0.0194558 0.014593 0.0103963 0.00696773 0.00435205
 0.00773626 0.0126763 0.019281 0.02755 0.0372344 0.0476711 0.057754 0.0662071 0.072041 0.0748583 0.0748237 0.0724224 0.0682347 0.0628172 0.0566526 0.0501254 0.0435173 0.0370233 0.0307793 0.0248898 0.0194535 0.0145785 0.0103795 0.00695298 0.00434035
 0.00779376 0.0127464 0.0193433 0.027571 0.0371765 0.0475082 0.0574849 0.065862 0.0716755 0.0745388 0.0746082 0.0723442 0.0682943 0.0629866 0.0568889 0.0503853 0.0437659 0.0372369 0.0309451 0.0250053 0.0195248 0.0146169 0.010397 0.00695911 0.00434113
 0.00775403 0.0126748 0.0192221 0.0273777 0.0368881 0.0471075 0.0569703 0.0652553 0.0710259 0.0739196 0.0741057 0.072038 0.0682357 0.063183 0.0573021 0.0509446 0.0443892 0.0378506 0.0314955 0.0254621 0.0198784 0.014873 0.0105709 0.00706954 0.00440645
 0.00785417 0.0128174 0.0193984 0.0275648 0.0370522 0.0472109 0.0569783 0.0651415 0.0707772 0.0735426 0.0736325 0.071527 0.0677628 0.0628244 0.0571129 0.0509425 0.0445517 0.0381254 0.0318195 0.0257794 0.0201512 0.0150842 0.0107198 0.00716572 0.0044635
 0.00777474 0.0127088 0.019272 0.0274419 0.0369545 0.0471485 0.0569408 0.0651004 0.0706986 0.073403 0.0734286 0.0712775 0.0675034 0.0626002 0.0569698 0.0509166 0.0446579 0.0383511 0.0321271 0.0261181 0.0204727 0.0153544 0.0109239 0.00730525 0.00455014
 0.00771816 0.0126234 0.0191569 0.027303 0.0368067 0.0470145 0.056848 0.0650719 0.0707409 0.0734967 0.0735317 0.071341 0.0674939 0.0625144 0.0568359 0.0507821 0.0445714 0.0383452 0.0322087 0.026269 0.0206586 0.0155391 0.0110805 0.00742152 0.00462667
 0.00766386 0.0125264 0.0189955 0.0270546 0.0364557 0.0465655 0.0563356 0.0645603 0.0703088 0.0732137 0.0734352 0.0714258 0.0677161 0.0628107 0.0571469 0.0510722 0.0448338 0.0385934 0.03246 0.0265299 0.0209203 0.0157822 0.0112853 0.0075766 0.00473189
 0.00844593 0.013627 0.0203355 0.0284516 0.0376738 0.0473965 0.0566663 0.0643922 0.0697341 0.072371 0.0724715 0.0704692 0.0668584 0.0620983 0.0565843 0.0506362 0.0444946 0.03833 0.0322647 0.0264017 0.0208553 0.0157683 0.0113036 0.00760787 0.00476217
 0.00926724 0.0149294 0.0222223 0.0309651 0.04075 0.0508171 0.0600402 0.0672146 0.0715301 0.0728638 0.0716747 0.0686525 0.0644202 0.0594271 0.0539717 0.0482556 0.0424223 0.0365818 0.0308288 0.0252576 0.0199793 0.0151311 0.0108681 0.00733056 0.00459863
 0.00920742 0.0149349 0.0224207 0.0315379 0.0418849 0.0526283 0.0624911 0.0700831 0.0744384 0.0753629 0.0733587 0.0692675 0.0639311 0.0580126 0.0519493 0.0459727 0.0401663 0.0345394 0.0290914 0.0238503 0.0188898 0.0143279 0.0103088 0.0069661 0.00437842
 0.00893893 0.0145342 0.0218909 0.0309242 0.0412858 0.0521998 0.0624325 0.0705903 0.0756248 0.0771795 0.0755624 0.0714705 0.0657186 0.0590762 0.0521746 0.0454479 0.0391191 0.0332415 0.027777 0.0226757 0.0179315 0.0136028 0.00979712 0.00663009 0.00417417
 0.00886825 0.014407 0.0216787 0.0305973 0.0408279 0.0516285 0.0618192 0.070065 0.0753564 0.0773304 0.076228 0.0726253 0.067195 0.0605969 0.0534362 0.0462222 0.0393228 0.0329436 0.0271475 0.0219101 0.0171897 0.0129811 0.00933148 0.00631356 0.00397784
 0.00882215 0.0143225 0.0215332 0.030363 0.0404773 0.0511446 0.0612089 0.0693703 0.0746595 0.0767499 0.0759012 0.0726745 0.0676823 0.0614839 0.0545742 0.0473879 0.0402913 0.0335646 0.0273867 0.0218381 0.0169325 0.012664 0.00904218 0.00609341 0.00383203
 0.00881446 0.0142939 0.0214603 0.0302138 0.0402183 0.050753 0.0606841 0.0687389 0.0739732 0.0760794 0.0753309 0.0722965 0.0675831 0.0617211 0.0551469 0.0482182 0.0412333 0.0344468 0.0280694 0.022257 0.0171061 0.0126656 0.00895799 0.00599065 0.0037471
 0.00880746 0.0142758 0.0214198 0.0301344 0.0400794 0.0505342 0.0603704 0.0683272 0.0734771 0.0755327 0.0747865 0.0718216 0.0672503 0.0615962 0.0552741 0.0486017 0.0418251 0.0351491 0.0287597 0.0228284 0.0175005 0.0128836 0.00904242 0.00599809 0.00372418
 0.0087879 0.0142607 0.0214271 0.0301878 0.0401988 0.0507208 0.0605961 0.068536 0.0736011 0.0755149 0.0746016 0.0714847 0.066815 0.0611425 0.0548903 0.0483626 0.0417708 0.0352717 0.0290057 0.0231178 0.0177579 0.0130635 0.00913732 0.00602821 0.00371895
 0.00874559 0.0141993 0.0213492 0.0301034 0.0401255 0.050682 0.0606162 0.0686311 0.0737676 0.0757214 0.0747926 0.0715982 0.0668073 0.0610077 0.0546645 0.0481115 0.0415658 0.0351642 0.0290102 0.0232107 0.017892 0.0131912 0.00922911 0.00607763 0.00373597
 0.00868442 0.0141179 0.0212602 0.0300294 0.040093 0.050712 0.0607159 0.0687934 0.073975 0.0759515 0.0750193 0.0717906 0.066931 0.0610332 0.0545798 0.0479325 0.0413351 0.0349376 0.0288352 0.0231101 0.01786 0.0132026 0.00925517 0.00609903 0.00374609
 0.00864325 0.014057 0.0211806 0.0299382 0.0400042 0.0506457 0.0606961 0.0688415 0.0741017 0.0761496 0.0752627 0.072041 0.0671477 0.0611825 0.0546402 0.0478984 0.0412197 0.0347713 0.0286581 0.0229583 0.0177538 0.013143 0.00922971 0.00609144 0.00374436
 0.00866682 0.0140743 0.0211686 0.0298648 0.0398395 0.050379 0.0603492 0.0684689 0.0737759 0.0759377 0.0752054 0.0721431 0.06738 0.0614923 0.0549675 0.0481906 0.0414429 0.0349149 0.0287329 0.0229881 0.0177638 0.0131505 0.00924116 0.00610537 0.00375682
 0.00875641 0.0142023 0.0213272 0.0300324 0.0399824 0.0504576 0.0603264 0.0683218 0.0735071 0.075583 0.0748301 0.0718234 0.0671777 0.0614347 0.0550413 0.0483526 0.0416386 0.0350975 0.0288747 0.0230826 0.0178198 0.0131823 0.00926087 0.00611952 0.0037675
 0.00877138 0.0142291 0.0213714 0.0300984 0.04007 0.0505568 0.0604148 0.0683668 0.073476 0.0754562 0.0746128 0.0715489 0.0669002 0.0612125 0.0549177 0.0483418 0.0417238 0.0352407 0.0290336 0.0232247 0.0179293 0.013258 0.00930962 0.00614978 0.00378594
 0.00870537 0.0141341 0.0212513 0.0299658 0.0399429 0.0504542 0.0603509 0.0683471 0.0734944 0.0754951 0.0746475 0.0715568 0.0668717 0.0611576 0.0548632 0.0483198 0.0417562 0.0353301 0.0291632 0.023368 0.0180613 0.0133638 0.00938519 0.006199 0.00381559
 0.0087906 0.014231 0.0213216 0.0299518 0.0397877 0.0501311 0.0598858 0.0678167 0.0729996 0.0751235 0.0744458 0.0715239 0.0669713 0.0613396 0.0550838 0.0485523 0.0419917 0.0355685 0.0294025 0.023599 0.0182698 0.0135366 0.00951564 0.00628857 0.00387161
 0.00896051 0.0145629 0.0219175 0.0309232 0.0412071 0.0519661 0.0619556 0.0698141 0.0745836 0.0760385 0.0745984 0.0709843 0.0659136 0.0599685 0.0535822 0.0470602 0.0406055 0.0343495 0.0283838 0.0227898 0.0176595 0.0130998 0.00921945 0.00609887 0.00375752
 0.00864999 0.0141061 0.0213249 0.0302503 0.0405569 0.0514804 0.0617909 0.0700962 0.0753494 0.0771925 0.0759226 0.0722097 0.0668183 0.0604467 0.0536522 0.0468225 0.0401876 0.0338649 0.0279148 0.0223856 0.0173414 0.0128689 0.00906419 0.00600184 0.0037011
 0.0086737 0.0140827 0.0211785 0.0298818 0.0398826 0.0504878 0.0605823 0.0688872 0.0744103 0.0767565 0.0761025 0.0729584 0.0679483 0.0616997 0.0547873 0.0476855 0.0407338 0.0341366 0.0279966 0.0223638 0.0172808 0.0128075 0.00901778 0.00597269 0.00368531
 0.0089423 0.0145075 0.0217897 0.0306835 0.0408333 0.0514829 0.0614543 0.0694434 0.074507 0.0763744 0.0753707 0.0721033 0.0671945 0.061178 0.0545018 0.0475446 0.0406188 0.0339632 0.0277413 0.0220539 0.0169653 0.0125299 0.00880221 0.00582285 0.0035914
 0.00863237 0.0140402 0.021157 0.0299077 0.0399677 0.0506054 0.0606564 0.0688104 0.0740933 0.0761857 0.0753729 0.0722555 0.0674823 0.0616186 0.0551134 0.0483078 0.0414615 0.0347817 0.028442 0.0225856 0.017326 0.0127517 0.00892797 0.00589028 0.00362641
 0.00848219 0.0137509 0.0206417 0.0290679 0.0387295 0.0489717 0.0587469 0.0668569 0.0723803 0.074963 0.0747832 0.072312 0.0680938 0.0626426 0.0564055 0.0497468 0.0429468 0.0362211 0.0297478 0.023687 0.0181856 0.0133716 0.00934221 0.00614766 0.00377553
 0.00844321 0.013733 0.020693 0.0292453 0.0390644 0.0494269 0.0591952 0.0671122 0.0722764 0.0744397 0.0739245 0.0713105 0.0671688 0.0619606 0.0560434 0.0496992 0.0431567 0.0366084 0.0302267 0.0241772 0.018623 0.0137177 0.00958674 0.00630283 0.00386447
#obs surv len freq
 0.00496728 0.00813593 0.0123746 0.017697 0.0239775 0.0308519 0.0376962 0.0437872 0.0485733 0.0518502 0.0537335 0.0545074 0.054493 0.0539901 0.0532613 0.0525208 0.0519129 0.0514711 0.0510562 0.0502988 0.0486166 0.0453791 0.0402094 0.0332765 0.0253622
 0.00518102 0.00848561 0.0129049 0.0184506 0.0249871 0.0321267 0.0392094 0.0454723 0.0503342 0.0535796 0.0553279 0.0558731 0.0555456 0.054654 0.0534736 0.0522382 0.0511202 0.0501889 0.0493455 0.0482635 0.0464001 0.0431528 0.0381486 0.0315272 0.0240095
 0.00541117 0.00886228 0.0134766 0.0192643 0.0260794 0.0335103 0.0408577 0.0473145 0.0522641 0.0554763 0.0570752 0.0573704 0.0567107 0.0554197 0.0537833 0.0520446 0.0503899 0.0489143 0.0475606 0.0460578 0.0439245 0.0406076 0.035752 0.0294682 0.0224045
 0.00564564 0.00924796 0.0140654 0.0201077 0.0272186 0.0349603 0.0425918 0.0492581 0.0543052 0.057487 0.0589319 0.0589659 0.0579578 0.0562504 0.0541445 0.0518937 0.0496933 0.0476543 0.0457528 0.043773 0.0413053 0.0378641 0.0331283 0.0271869 0.02061
 0.00588373 0.00963789 0.0146579 0.0209522 0.0283549 0.0364041 0.0443193 0.0511994 0.0563535 0.0595171 0.0608195 0.0606006 0.059248 0.0571245 0.0545479 0.0517844 0.0490391 0.0464357 0.0439773 0.0414984 0.0386617 0.0350575 0.0304111 0.024799 0.0187154
 0.00612804 0.0100377 0.0152646 0.0218153 0.0295127 0.0378686 0.0460612 0.0531431 0.0583876 0.0615161 0.062664 0.0621875 0.0604938 0.0579634 0.054929 0.0516682 0.0483948 0.0452439 0.0422418 0.0392687 0.0360566 0.0322725 0.0276941 0.0223933 0.0167933
 0.00638944 0.0104641 0.0159089 0.0227273 0.0307291 0.0393978 0.0478671 0.0551401 0.0604533 0.063515 0.0644707 0.0637003 0.0616372 0.0586852 0.0551945 0.0514527 0.0476789 0.044015 0.0405052 0.0370692 0.0335023 0.0295454 0.0250294 0.0200265 0.0148952
 0.00660778 0.0108281 0.0164731 0.0235481 0.0318522 0.04084 0.0495976 0.057075 0.0624681 0.0654706 0.0662372 0.0651711 0.0627344 0.0593578 0.0554134 0.0512036 0.0469549 0.0428151 0.0388416 0.0349861 0.0310986 0.0269861 0.0225292 0.0178027 0.0131076
 0.00684201 0.0112079 0.0170434 0.0243507 0.0329194 0.0421831 0.0511933 0.0588582 0.0643374 0.0673039 0.0679098 0.066572 0.0637761 0.0599816 0.0555884 0.0509202 0.0462167 0.041634 0.0372412 0.0330157 0.0288523 0.0246133 0.020222 0.0157551 0.0114625
 0.00705461 0.0115582 0.0175786 0.0251167 0.03395 0.0434845 0.0527298 0.0605491 0.0660719 0.0689642 0.0693915 0.067791 0.0646684 0.0605008 0.0557042 0.0506185 0.0454979 0.0405113 0.0357432 0.0311952 0.0267997 0.022464 0.0181454 0.0139198 0.00999152
 0.0072622 0.0118991 0.0180979 0.025858 0.0349465 0.0447439 0.0542197 0.0621917 0.0677543 0.0705606 0.070786 0.0688935 0.0654199 0.0608715 0.0556863 0.0502176 0.0447273 0.0393908 0.0343038 0.0294889 0.0249108 0.0205139 0.0162814 0.0122855 0.00868903
 0.00743426 0.0121803 0.018524 0.0264634 0.0357579 0.0457702 0.0554405 0.0635527 0.0691726 0.0719385 0.0720256 0.0699082 0.0661423 0.0612575 0.0557164 0.049893 0.0440636 0.0384134 0.0330481 0.0280068 0.0232793 0.0188393 0.0146895 0.0108964 0.00758626
 0.00750509 0.0123015 0.0187182 0.0267565 0.0361753 0.0463299 0.0561454 0.0643862 0.0700998 0.072911 0.0729857 0.0707928 0.0668866 0.0618007 0.0560087 0.0499007 0.0437728 0.0378293 0.0321952 0.0269306 0.0220494 0.0175495 0.0134479 0.00980505 0.00671624
 0.00759896 0.0124446 0.0189163 0.0270105 0.0364837 0.0466917 0.056562 0.0648593 0.0706274 0.0734836 0.0735841 0.0713873 0.0674383 0.0622643 0.0563362 0.050047 0.0437021 0.0375221 0.0316534 0.0261815 0.0211478 0.0165745 0.0124923 0.00895605 0.00603516
 0.00763518 0.0125038 0.0190056 0.0271359 0.0366479 0.046892 0.0567894 0.0651018 0.0708763 0.0737392 0.0738561 0.071687 0.0677677 0.0626082 0.0566603 0.050304 0.043841 0.0374992 0.031443 0.0257844 0.0205954 0.015926 0.0118239 0.0083433 0.00553357
 0.00770818 0.0126085 0.0191376 0.027283 0.0367944 0.0470257 0.0569062 0.0652049 0.0709731 0.0738366 0.0739598 0.0718029 0.0679025 0.0627661 0.0568368 0.05048 0.0439823 0.0375636 0.0313922 0.0255972 0.0202775 0.0155122 0.0113698 0.00790978 0.00516911
 0.00777512 0.0127128 0.0192855 0.027475 0.0370229 0.0472733 0.0571453 0.0654036 0.0711049 0.0738918 0.0739488 0.0717517 0.0678415 0.0627202 0.0568194 0.0504909 0.0440072 0.0375757 0.0313586 0.0254897 0.0200846 0.0152456 0.011063 0.00760604 0.00490681
 0.00780263 0.0127594 0.0193589 0.0275831 0.0371715 0.0474619 0.057364 0.0656317 0.0713142 0.0740533 0.0740417 0.0717694 0.0677946 0.0626319 0.0567177 0.0503984 0.0439339 0.0375164 0.0312956 0.0254007 0.0199528 0.0150693 0.0108572 0.00739737 0.00472233
 0.00784743 0.0128247 0.0194432 0.0276812 0.0372767 0.0475698 0.0574743 0.0657468 0.0714349 0.0741746 0.074151 0.0718497 0.0678307 0.0626177 0.0566589 0.0503105 0.0438351 0.0374196 0.0312031 0.0253051 0.0198436 0.0149408 0.0107139 0.00725315 0.00459373
 0.00786975 0.0128616 0.0194996 0.0277607 0.0373797 0.0476911 0.0576023 0.0658658 0.0715314 0.0742424 0.0741929 0.0718726 0.0678394 0.0626113 0.0566329 0.0502619 0.0437663 0.0373373 0.0311145 0.0252136 0.0197483 0.01484 0.0106094 0.00715146 0.00450399
 0.00788293 0.0128781 0.0195157 0.0277706 0.0373784 0.0476777 0.0575817 0.0658478 0.0715257 0.0742542 0.0742215 0.0719135 0.0678875 0.0626618 0.056681 0.0503019 0.0437925 0.037346 0.0311051 0.0251877 0.0197084 0.0147889 0.010551 0.00709147 0.00444904
 0.00789517 0.0128941 0.0195323 0.0277821 0.0373774 0.0476572 0.057538 0.0657824 0.0714467 0.0741755 0.0741591 0.0718811 0.0678913 0.0626998 0.0567443 0.0503784 0.0438697 0.0374134 0.0311556 0.0252177 0.0197178 0.0147803 0.0105291 0.00706237 0.00441898
 0.00788606 0.0128794 0.0195104 0.0277512 0.0373357 0.0476032 0.0574709 0.0657032 0.0713588 0.0740859 0.0740783 0.0718216 0.067865 0.0627141 0.0567993 0.0504663 0.0439774 0.0375256 0.0312584 0.0253013 0.0197772 0.0148153 0.0105433 0.00706185 0.00441042
 0.00787995 0.0128662 0.0194847 0.0277064 0.0372661 0.0475069 0.0573525 0.0655734 0.0712316 0.0739744 0.0739923 0.071767 0.0678454 0.0627316 0.0568543 0.0505558 0.0440936 0.0376566 0.03139 0.0254202 0.0198737 0.0148852 0.0105875 0.00708517 0.00441946
 0.00788656 0.0128727 0.0194862 0.0276956 0.0372343 0.047447 0.0572615 0.0654544 0.0710943 0.0738333 0.0738641 0.0716669 0.0677845 0.0627149 0.0568813 0.0506221 0.0441917 0.0377763 0.0315189 0.0255452 0.0199834 0.0149719 0.010649 0.00712364 0.00444032
 0.00788165 0.012865 0.0194752 0.0276801 0.0372125 0.0474156 0.057216 0.0653906 0.0710102 0.0737317 0.0737534 0.0715608 0.0676978 0.0626605 0.0568672 0.0506498 0.044257 0.0378705 0.0316305 0.0256613 0.0200918 0.0150632 0.0107182 0.0071707 0.00446872
 0.00785007 0.0128137 0.0193983 0.027573 0.0370738 0.0472492 0.0570332 0.0652085 0.0708477 0.0736039 0.0736685 0.07152 0.0676988 0.0627003 0.0569431 0.050759 0.0443947 0.038029 0.0317992 0.0258279 0.0202442 0.0151919 0.0108178 0.00724089 0.00451347
 0.00781466 0.0127547 0.0193069 0.0274409 0.036895 0.0470244 0.0567729 0.0649337 0.0705868 0.0733864 0.073518 0.0714497 0.0677101 0.0627848 0.0570864 0.050945 0.0446084 0.0382568 0.0320286 0.0260466 0.0204406 0.0153568 0.0109461 0.00733258 0.00457322
 0.00778971 0.0127114 0.0192366 0.0273339 0.0367428 0.0468231 0.0565268 0.0646574 0.0703033 0.0731235 0.0733035 0.0713069 0.0676541 0.0628195 0.0572047 0.0511308 0.0448409 0.0385144 0.0322913 0.0262974 0.0206656 0.0155459 0.0110939 0.00743919 0.00464359
 0.00777858 0.0126899 0.019198 0.0272694 0.0366433 0.046682 0.0563433 0.0644378 0.0700613 0.0728781 0.0730771 0.0711227 0.0675324 0.0627752 0.0572437 0.0512489 0.0450244 0.0387431 0.0325419 0.0265475 0.0208961 0.0157429 0.0112499 0.00755296 0.00471953
 0.00774286 0.0126365 0.0191261 0.0271805 0.0365401 0.0465664 0.0562153 0.0642964 0.069907 0.0727152 0.0729147 0.0709747 0.0674154 0.0627056 0.0572343 0.0513064 0.0451469 0.0389197 0.0327547 0.0267744 0.0211154 0.0159367 0.0114069 0.00766941 0.00479831
 0.00933703 0.0148627 0.0218019 0.0299122 0.0388386 0.0480311 0.0566788 0.0638486 0.0688047 0.0712528 0.0713308 0.0694219 0.0659756 0.0614171 0.0561148 0.0503633 0.0443808 0.0383244 0.0323159 0.0264704 0.0209198 0.0158213 0.0113459 0.00764141 0.00478797
 0.00931761 0.015129 0.0227276 0.0319601 0.0423582 0.0529859 0.0624738 0.0694291 0.0730329 0.0733582 0.0711658 0.0673969 0.0627774 0.0577152 0.0523966 0.0469127 0.0413321 0.0357254 0.0301707 0.0247596 0.0196078 0.0148603 0.0106785 0.00720571 0.00452275
 0.00897248 0.0145857 0.0219651 0.0310283 0.0414327 0.0524042 0.0626952 0.0708706 0.0758186 0.0771352 0.0751477 0.0706646 0.0646629 0.0580329 0.05141 0.0451162 0.039218 0.0336511 0.0283372 0.0232497 0.0184333 0.0139949 0.0100765 0.00681287 0.00428413
 0.00880431 0.0143014 0.0215177 0.0303706 0.0405351 0.051288 0.0614749 0.0697819 0.0751999 0.0773333 0.0763624 0.0728015 0.0673002 0.0605595 0.0532731 0.0460329 0.039231 0.0330274 0.027406 0.0222791 0.0175841 0.0133326 0.00960452 0.00650264 0.00409588
 0.00874861 0.0142036 0.021356 0.0301174 0.0401598 0.0507643 0.0607932 0.0689669 0.0743307 0.076558 0.0758887 0.072844 0.0679862 0.0618354 0.0548811 0.0475954 0.0404058 0.033641 0.0274879 0.0219969 0.0171399 0.0128844 0.00923845 0.00624364 0.00393264
 0.00869342 0.0141172 0.0212315 0.0299492 0.0399423 0.0504907 0.0604559 0.06856 0.0738563 0.0760372 0.0753752 0.0724334 0.0678052 0.062001 0.0554385 0.0484695 0.041408 0.0345408 0.0281103 0.0222856 0.017152 0.0127353 0.00903947 0.00606648 0.00380554
 0.00868025 0.0140892 0.0211774 0.0298552 0.0397957 0.0502861 0.0601988 0.0682657 0.0735434 0.0757206 0.075066 0.0721471 0.0675751 0.0618836 0.0555003 0.0487535 0.0418974 0.0351466 0.0287005 0.0227416 0.0174168 0.0128242 0.00901303 0.00599192 0.00372998
 0.00870914 0.0141328 0.0212363 0.0299257 0.0398692 0.0503481 0.0602298 0.0682453 0.0734563 0.0755626 0.0748463 0.0718858 0.0672999 0.0616291 0.0553084 0.0486684 0.0419497 0.0353335 0.0289764 0.0230323 0.0176515 0.0129648 0.00906275 0.00598133 0.00369449
 0.00868917 0.0141093 0.0212174 0.0299239 0.0398972 0.0504122 0.0603246 0.0683526 0.0735493 0.0756136 0.0748349 0.0718044 0.0671556 0.0614429 0.0551122 0.0484996 0.0418442 0.0353142 0.0290429 0.0231575 0.0177921 0.0130804 0.0091323 0.00600649 0.00369098
 0.00868031 0.0140916 0.0211852 0.029872 0.0398239 0.0503242 0.0602384 0.0682907 0.073531 0.0756444 0.0749019 0.0718812 0.0672132 0.0614617 0.0550887 0.0484475 0.0417885 0.035282 0.0290524 0.0232102 0.0178726 0.0131646 0.00919927 0.006047 0.00370776
 0.00866069 0.0140607 0.0211403 0.0298108 0.0397449 0.0502269 0.0601252 0.0681692 0.0734152 0.0755534 0.0748543 0.0718872 0.0672689 0.0615493 0.0551841 0.0485309 0.0418524 0.035332 0.0291009 0.0232677 0.0179406 0.0132355 0.00926167 0.0060926 0.00373487
 0.00863738 0.0140249 0.0210905 0.029747 0.0396685 0.0501406 0.0600329 0.0680756 0.0733257 0.0754744 0.0747934 0.071853 0.0672691 0.0615867 0.0552541 0.0486212 0.0419481 0.0354217 0.0291807 0.0233393 0.0180071 0.013297 0.00931497 0.00613381 0.00376243
 0.008653 0.014045 0.0211111 0.0297611 0.0396684 0.0501209 0.0599927 0.0680188 0.0732593 0.0754056 0.0747277 0.0717948 0.067223 0.061558 0.0552469 0.048637 0.0419835 0.0354698 0.0292338 0.0233918 0.0180562 0.0133412 0.00935293 0.00616386 0.0037837
 0.0086073 0.0139792 0.0210275 0.0296668 0.0395725 0.0500306 0.0599107 0.0679447 0.0731919 0.0753467 0.0746829 0.071771 0.0672251 0.0615874 0.0553016 0.0487126 0.0420743 0.0355692 0.0293345 0.023487 0.0181406 0.0134116 0.00940831 0.00620455 0.00381126
 0.00862861 0.0140073 0.0210581 0.0296925 0.039586 0.0500283 0.0598956 0.0679239 0.0731723 0.0753303 0.0746655 0.0717466 0.0671906 0.0615457 0.05526 0.0486797 0.0420561 0.035568 0.0293485 0.023512 0.0181712 0.0134428 0.00943614 0.00622686 0.00382738
 0.00862861 0.0140073 0.0210581 0.0296925 0.039586 0.0500283 0.0598956 0.0679239 0.0731723 0.0753303 0.0746655 0.0717466 0.0671906 0.0615457 0.05526 0.0486797 0.0420561 0.035568 0.0293485 0.023512 0.0181712 0.0134428 0.00943614 0.00622686 0.00382738
 0.00855742 0.0138996 0.0209108 0.0295082 0.0393718 0.0497949 0.0596569 0.0676979 0.0729807 0.0751953 0.0746049 0.0717674 0.0672867 0.0616994 0.0554491 0.0488832 0.0422589 0.0357604 0.0295249 0.0236682 0.0183041 0.0135504 0.00951814 0.00628515 0.00386569
 0.00901049 0.0146061 0.0219151 0.0308233 0.0409681 0.0515879 0.0614989 0.0693883 0.0743047 0.0759787 0.0747605 0.0713109 0.0663205 0.0603774 0.053938 0.0473319 0.0407821 0.0344346 0.0283927 0.0227456 0.0175874 0.0130218 0.00915008 0.00604497 0.00371992
 0.00876578 0.0142706 0.0215267 0.0304591 0.0407266 0.0515589 0.0617345 0.0698882 0.0750166 0.0768088 0.0755904 0.07202 0.0668123 0.0606011 0.0538969 0.0470756 0.0403862 0.0339783 0.027942 0.0223454 0.017261 0.0127749 0.00897656 0.00593181 0.00365174
 0.00862221 0.0140065 0.0210778 0.0297609 0.0397478 0.0503442 0.0604313 0.0687277 0.0742426 0.0765894 0.0759582 0.0728721 0.0679581 0.0618285 0.0550274 0.0479961 0.0410554 0.0344128 0.0281925 0.0224719 0.0173155 0.0127941 0.00898171 0.00593293 0.00365236
 0.00881788 0.0143013 0.0214741 0.0302355 0.0402458 0.0507795 0.0606987 0.0687336 0.0739503 0.0760537 0.0753204 0.0723066 0.0675991 0.0617189 0.0551167 0.0481801 0.0412285 0.0345064 0.0281868 0.0223862 0.0171874 0.0126603 0.00886718 0.00584821 0.00359698
 0.00855851 0.0139158 0.0209617 0.0296207 0.039573 0.050101 0.060064 0.0681804 0.0735001 0.0757136 0.0750955 0.0722162 0.0676819 0.0620166 0.0556427 0.0488952 0.0420434 0.0353115 0.0288894 0.022935 0.0175757 0.0129122 0.00901884 0.00593402 0.00364307
 0.00832695 0.0135174 0.0203255 0.0286777 0.0382844 0.0484971 0.0582712 0.0664111 0.0719969 0.0746737 0.0746167 0.0722899 0.0682268 0.0629249 0.056812 0.0502352 0.0434659 0.0367215 0.0301908 0.0240485 0.018457 0.0135575 0.00945675 0.00621 0.00380469
 0.00862796 0.0139722 0.0209413 0.0294265 0.039097 0.0492622 0.0588458 0.0666504 0.0718035 0.0740445 0.0736557 0.0711745 0.067145 0.062021 0.0561642 0.0498626 0.043347 0.0368083 0.0304175 0.0243419 0.0187503 0.0138045 0.00963745 0.00632666 0.00387185
#pred catch len freq
 0.00358439 0.00582793 0.00880716 0.0125674 0.0171347 0.0224568 0.0283396 0.0344486 0.0403845 0.0457694 0.0503025 0.0537937 0.0561863 0.0575541 0.0580673 0.0579495 0.057444 0.0567744 0.0560627 0.0552007 0.0537482 0.050995 0.0462711 0.0393918 0.0309381
 0.00396476 0.00638625 0.00953904 0.0134383 0.0181005 0.0234912 0.0294461 0.035644 0.0416623 0.0470693 0.0515115 0.0547832 0.0568635 0.0578976 0.0581243 0.0577972 0.0571364 0.0562994 0.0553345 0.0540982 0.0521892 0.0490107 0.0440346 0.037173 0.0290046
 0.00411827 0.00668338 0.0100702 0.0143068 0.019386 0.0252003 0.0314794 0.037811 0.0437461 0.0489002 0.053001 0.0559038 0.057606 0.0582474 0.0580719 0.0573596 0.056357 0.0552212 0.0539673 0.0524147 0.0501651 0.0466885 0.0415636 0.0347874 0.0269439
 0.00430101 0.0069653 0.010473 0.0148584 0.0201364 0.0262322 0.0328945 0.0396816 0.0460474 0.0514679 0.0555524 0.0581245 0.0592514 0.0591993 0.0583284 0.0569869 0.0554424 0.0538456 0.0521931 0.0502875 0.047735 0.044048 0.0388751 0.032268 0.0248047
 0.00455842 0.00737598 0.0110758 0.0156827 0.0211965 0.0275228 0.0343907 0.04135 0.0478625 0.0534133 0.0575933 0.0601637 0.0611092 0.0606457 0.0591559 0.0570753 0.0547786 0.0524974 0.0502663 0.0478984 0.0450108 0.0411457 0.0359939 0.029631 0.0226063
 0.00479384 0.0077621 0.011664 0.0165249 0.0223373 0.0289845 0.0361555 0.0433496 0.0499846 0.0555265 0.059578 0.0619316 0.0625974 0.0617896 0.059864 0.0572328 0.0542824 0.0512977 0.0483905 0.0454483 0.04215 0.038087 0.0329831 0.0269126 0.0203722
 0.00506194 0.00818636 0.0122829 0.0173721 0.0234419 0.0303694 0.0378275 0.0452842 0.0521128 0.0577315 0.0617076 0.0638255 0.0641204 0.0628523 0.0604178 0.0572455 0.0537171 0.050116 0.0465806 0.0430609 0.0393205 0.0350321 0.0299693 0.0242024 0.0181615
 0.00534062 0.00863211 0.0129405 0.0182793 0.0246244 0.0318323 0.0395458 0.0471989 0.0541374 0.0597641 0.0636402 0.0655478 0.0655235 0.0638377 0.0609097 0.0571959 0.0531004 0.048921 0.0448135 0.0407672 0.0366134 0.032106 0.027078 0.0216031 0.0160474
 0.00558666 0.00903221 0.0135438 0.0191336 0.0257703 0.0332907 0.0413018 0.0491911 0.0562585 0.0618761 0.0655967 0.0672166 0.0668024 0.0646588 0.0612333 0.0570003 0.0523748 0.0476639 0.0430402 0.0385274 0.0340141 0.0293241 0.0243446 0.019155 0.0140628
 0.00584485 0.00943842 0.0141315 0.0199292 0.0267937 0.0345542 0.0428035 0.0509032 0.0581186 0.063785 0.0674264 0.0688282 0.0680685 0.0654838 0.0615622 0.0568138 0.0516765 0.0464701 0.0413802 0.0364567 0.0316345 0.0267955 0.0218728 0.0169491 0.0122796
 0.00605408 0.00977824 0.0146425 0.0206494 0.0277522 0.0357609 0.044238 0.0525105 0.0598161 0.0654756 0.0690107 0.0702101 0.0691587 0.0662046 0.0618544 0.0566431 0.051034 0.0453695 0.0398565 0.0345716 0.029488 0.0245338 0.0196771 0.015 0.0107105
 0.00619364 0.0100048 0.0149841 0.0211349 0.0284094 0.0366115 0.0452885 0.0537427 0.0611814 0.0668969 0.0703918 0.0714505 0.0701685 0.0669132 0.0622118 0.0566166 0.0506063 0.0445402 0.038647 0.0330333 0.0277111 0.022649 0.0178425 0.0133709 0.00939962
 0.00628489 0.0101631 0.0152411 0.0215274 0.0289732 0.0373701 0.0462415 0.0548599 0.0624056 0.0681524 0.0715945 0.0725167 0.071023 0.0674962 0.062483 0.0565541 0.0502033 0.0438019 0.0375935 0.0317081 0.0261898 0.0210426 0.0162854 0.0119934 0.00829518
 0.00644572 0.0104055 0.015572 0.0219451 0.0294735 0.0379546 0.0469194 0.0556403 0.063283 0.0690949 0.0725417 0.0733906 0.0717448 0.0680018 0.0627295 0.0565193 0.0498806 0.0431974 0.0367264 0.0306162 0.024937 0.0197209 0.0150058 0.0108632 0.00739056
 0.00648322 0.0104803 0.0157092 0.022175 0.0298222 0.0384314 0.0475083 0.0563026 0.0639726 0.0697745 0.0731887 0.0739892 0.0722727 0.0684236 0.0630011 0.0565991 0.0497391 0.0428223 0.0361245 0.0298156 0.0239901 0.0187042 0.0140111 0.00997901 0.0066802
 0.00655067 0.0105661 0.0157964 0.0222381 0.029841 0.0384086 0.0474791 0.0563264 0.0641069 0.0700485 0.0735915 0.074479 0.0727963 0.06893 0.0634447 0.0569361 0.0499276 0.0428278 0.0359289 0.0294249 0.0234384 0.018052 0.0133356 0.00935675 0.00616867
 0.00659828 0.0106453 0.015917 0.0224052 0.0300484 0.0386324 0.0476784 0.0564574 0.0641467 0.070014 0.0735376 0.0744727 0.0728832 0.0691152 0.0636948 0.0571961 0.0501384 0.0429378 0.0359017 0.0292456 0.0231191 0.0176319 0.0128729 0.00891414 0.00579583
 0.00659963 0.0106502 0.0159299 0.0224336 0.0301023 0.0387223 0.0478106 0.0566267 0.0643323 0.0701821 0.0736551 0.0745257 0.0728881 0.0691105 0.0637192 0.0572654 0.050237 0.0430262 0.0359339 0.0291868 0.0229577 0.0173832 0.0125747 0.00861334 0.00553345
 0.00663214 0.0106902 0.015967 0.0224519 0.0300869 0.0386688 0.0477317 0.0565511 0.0642933 0.0702026 0.0737367 0.0746482 0.0730206 0.0692279 0.0638136 0.0573447 0.050312 0.0430968 0.0359842 0.0291923 0.0228993 0.0172593 0.0124032 0.00842536 0.00536033
 0.00669231 0.0107699 0.0160527 0.022518 0.0301009 0.0386008 0.0475655 0.0562924 0.0639734 0.0698751 0.0734651 0.0744869 0.0729962 0.069332 0.0640105 0.0575896 0.0505665 0.0433342 0.0361857 0.0293421 0.0229851 0.0172777 0.012364 0.00834979 0.00527372
 0.00669763 0.0107918 0.0161085 0.0226275 0.0302754 0.0388294 0.0478066 0.0564806 0.0640432 0.0697894 0.0732341 0.0741654 0.0726628 0.06906 0.063845 0.0575389 0.0506088 0.0434327 0.0363026 0.0294468 0.0230572 0.0173077 0.012354 0.00831128 0.00522285
 0.00670691 0.010812 0.0161496 0.0227051 0.0304102 0.0390439 0.0481158 0.0568798 0.0644948 0.0702213 0.0735549 0.0742974 0.0725747 0.0687815 0.0634524 0.0571225 0.0502399 0.0431466 0.0361007 0.0293098 0.0229597 0.0172291 0.0122826 0.00824469 0.00516401
 0.00673204 0.0108438 0.0161815 0.0227266 0.0304128 0.0390278 0.0480961 0.0568851 0.0645585 0.0703654 0.073775 0.0745554 0.0728077 0.0689255 0.0634699 0.0570182 0.0500549 0.0429364 0.0359104 0.0291613 0.0228535 0.0171536 0.0122254 0.00819791 0.00512522
 0.00668521 0.0107845 0.0161225 0.0226884 0.0304151 0.039079 0.0481865 0.0569911 0.0646563 0.0704458 0.0738477 0.0746394 0.0729137 0.0690428 0.0635681 0.057063 0.0500279 0.0428443 0.0357803 0.0290253 0.0227347 0.0170611 0.0121577 0.00814925 0.00509032
