SBPRF35
12.7214
Curr Bio
866242
B35
886523
F35
0.170138
FOFL
0.164491
OFL
115363
Bzero
3.63469e+06
#pred survey bio
 3.57347e+06 3.47271e+06 3.37891e+06 3.21977e+06 3.02887e+06 2.81837e+06 2.57191e+06 2.29216e+06 2.06073e+06 1.8641e+06 1.6423e+06 1.4274e+06 1.27188e+06 1.14684e+06 996762 895761 814997 745316 695775 661260 617553 593025 582233 571276 563548 552596 548506 543371 549282 554046 558784 565532 567823 564147 572384 585862 601632 617535 629260 628767 633336 641264 644694 652829 665563 671498 674243 676021 681650 696885 697064 751710 796971 844982 871387 905201 936951 948457 941653 913462 885476 871767 3.02269e+07 1.78865e+07 1.79578e+07 1.86558e+07 1.97952e+07 2.11294e+07 2.24657e+07 2.36862e+07 2.47363e+07 2.56035e+07 2.62997e+07 2.68476e+07 2.72731e+07 2.76006e+07 2.78514e+07 2.80429e+07 2.81892e+07 2.83011e+07 2.83868e+07 2.84528e+07 2.85038e+07 2.85433e+07 2.85742e+07 2.85983e+07 2.86173e+07 2.86323e+07 2.86442e+07 2.86536e+07 2.86612e+07 2.86672e+07 2.8672e+07 2.86759e+07 2.86791e+07 2.86816e+07 2.86837e+07 2.86853e+07 2.86867e+07 2.86878e+07 2.86887e+07 2.86894e+07 2.869e+07 2.86905e+07 2.86909e+07 2.86913e+07 2.86915e+07 2.86917e+07 2.86919e+07 2.86921e+07 2.86922e+07 2.86923e+07 2.86924e+07 2.86924e+07 2.86925e+07 2.86925e+07 2.86926e+07 2.86926e+07 2.86926e+07 2.86926e+07 2.86927e+07 2.86927e+07 2.86927e+07 2.86927e+07 2.86927e+07 2.86927e+07 2.86927e+07 2.86927e+07 2.86927e+07 2.86927e+07 2.86927e+07 2.86927e+07 2.86927e+07 2.86927e+07 2.86927e+07 2.86927e+07 2.86927e+07 2.86927e+07 2.86927e+07 2.86927e+07 2.86927e+07 2.86927e+07 2.86927e+07 2.86927e+07 2.86927e+07 2.86927e+07 2.86927e+07 2.86927e+07 2.86927e+07 2.86927e+07 2.86927e+07 2.86927e+07 2.86927e+07 2.86927e+07 2.86927e+07 2.86927e+07 2.86927e+07 2.86927e+07 2.86927e+07 2.86927e+07 2.86927e+07 2.86927e+07 0 0 0 0 0 0 0 0 0 0 0 0 0 0 0 0 0 0 0 0 0 0 0 0 0
#obs survey bio
 3.49412e+06 3.25714e+06 2.58682e+06 3.09694e+06 3.4726e+06 2.94234e+06 1.58059e+06 2.15615e+06 1.94873e+06 1.80443e+06 1.63587e+06 1.17000e+06 875475 1.02852e+06 1.0371e+06 958522 704854 666202 584989 718806 862800 465839 687427 507486 498381 637620 503774 421043 635250 461834 440394 503407 657584 570724 539069 387707 609824 800904 624873 602649 765080 721677 651899 522631 638189 797854 763121 556684 693874 688574 869284 531918 599021 865691 1.10786e+06 989015 1.05516e+06 1.55453e+06 1.12151e+06 736144 937725 819573
#pred catch bio
 94789.1 92244 158779 198019 229030 277148 323619 295250 277939 311827 312662 264472 241059 262875 217114 196945 184104 163316 147442 151174 130272 115710 113985 110054 111881 105332 105837 96839.2 99023.8 100259 99654.3 103832 108140 97520.2 93898.4 93417.1 94450.2 98273.7 107797 102458 99661.1 104165 101202 98730.9 105407 108326 109463 106893 100207 114459 71035.2 83305.1 83682.5 103412 96933.9 98359.9 114455 128248 144844 142868 128136 118912 115363 117244 116482 119547 126135 134290 142500 149920 156188 161241 165179 168171 170399 172035 173220 174072 174680 175110 175414 175627 175776 175881 175953 176004 176039 176064 176080 176092 176100 176106 176109 176112 176114 176115 176116 176117 176117 176117 176118 176118 176118 176118 176118 176118 176118 176118 176118 176118 176118 176118 176118 176118 176118 176118 176118 176118 176118 176118 176118 176118 176118 176118 176118 176118 176118 176118 176118 176118 176118 176118 176118 176118 176118 176118 176118 176118 176118 176118 176118 176118 176118 176118 176118 176118 176118 176118 176118 176118 176118 176118 176118 176118 176118 176118 176118 176118 176118 176118 176118 176118 0 0 0 0 0 0 0 0 0 0 0 0 0 0 0 0 0 0 0 0 0 0 0 0 0
#obs catch bio
 0 91891 159156 198305 228936 277420 325607 296205 278995 314161 315730 265993 243282 267001 219000 197352 184541 163971 148326 152856 130690 115922 113443 110003 112151 105545 106535 97118.1 99172.2 101048 100568 104926 109005 98189.1 94198 94395.1 95336 98778 108404 102620 99423.1 104198 101476 99322.4 106104 108413 109685 107471 100522 115362 70848.4 83822.3 83991.6 104434 97548.5 98764.5 114910 127558 144609 143166 128133 118856
#pred cpue bio
 3.52002e+06 3.42088e+06 3.32845e+06 3.16991e+06 2.9794e+06 2.76938e+06 2.52376e+06 2.24536e+06 2.01486e+06 1.81901e+06 1.59888e+06 1.38613e+06 1.23203e+06 1.10821e+06 960495 861227 781993 713795 665456 631945 589777 566358 556215 545703 538112 527382 523396 518412 524068 528528 532951 539452 541822 538501 546709 559839 575135 590793 602571 602418 607032 614720 617872 625583 637925 643829 646563 648182 653520 668240 668247 721467 766007 813288 839467 872997 904633 916383 909819 881896 854209 841294 2.92196e+07 1.7312e+07 1.72587e+07 1.77861e+07 1.88542e+07 2.01685e+07 2.15001e+07 2.27197e+07 2.37695e+07 2.46367e+07 2.53329e+07 2.58808e+07 2.63063e+07 2.66338e+07 2.68846e+07 2.70761e+07 2.72224e+07 2.73343e+07 2.742e+07 2.7486e+07 2.7537e+07 2.75765e+07 2.76074e+07 2.76315e+07 2.76505e+07 2.76655e+07 2.76774e+07 2.76868e+07 2.76944e+07 2.77004e+07 2.77052e+07 2.77091e+07 2.77123e+07 2.77148e+07 2.77169e+07 2.77186e+07 2.77199e+07 2.7721e+07 2.77219e+07 2.77227e+07 2.77233e+07 2.77238e+07 2.77242e+07 2.77245e+07 2.77247e+07 2.7725e+07 2.77251e+07 2.77253e+07 2.77254e+07 2.77255e+07 2.77256e+07 2.77256e+07 2.77257e+07 2.77257e+07 2.77258e+07 2.77258e+07 2.77258e+07 2.77259e+07 2.77259e+07 2.77259e+07 2.77259e+07 2.77259e+07 2.77259e+07 2.77259e+07 2.77259e+07 2.77259e+07 2.77259e+07 2.77259e+07 2.77259e+07 2.77259e+07 2.77259e+07 2.77259e+07 2.77259e+07 2.77259e+07 2.77259e+07 2.77259e+07 2.77259e+07 2.77259e+07 2.77259e+07 2.77259e+07 2.77259e+07 2.77259e+07 2.77259e+07 2.77259e+07 2.77259e+07 2.77259e+07 2.77259e+07 2.77259e+07 2.77259e+07 2.77259e+07 2.77259e+07 2.77259e+07 2.77259e+07 2.77259e+07 2.77259e+07 2.77259e+07 2.77259e+07 2.77259e+07 2.77259e+07 2.77259e+07 0 0 0 0 0 0 0 0 0 0 0 0 0 0 0 0 0 0 0 0 0 0 0 0 0
#obs cpue bio
 3.12976e+06 2.83771e+06 5.53522e+06 2.62893e+06 3.1734e+06 2.34819e+06 2.75038e+06 2.4646e+06 1.71475e+06 1.69173e+06 1.34291e+06 1.71684e+06 1.18058e+06 1.00588e+06 949656 1.11346e+06 884845 664290 606641 456429 538937 709521 785018 456663 527404 419141 425154 700102 511364 371314 516654 498657 541147 435531 701037 413838 529886 581835 628476 735214 671873 477914 463518 510894 644609 823474 508002 558494 601115 733736 511940 679433 885150 608380 606205 900417 957528 1.44327e+06 593415 787897 897706 937572
#pred surv len freq
 0.00468431 0.0076239 0.0115093 0.0163348 0.0219934 0.0281974 0.0344516 0.0401737 0.0449113 0.0484888 0.0509859 0.0526114 0.0535896 0.0541077 0.0543041 0.0542755 0.0540921 0.0537976 0.0533649 0.0526024 0.051079 0.0481848 0.0433985 0.0366586 0.0285794
 0.0048509 0.00781728 0.0116616 0.0163464 0.0217738 0.0277218 0.0337969 0.0395013 0.0443977 0.0482447 0.0510145 0.0528282 0.0538846 0.0544068 0.0545982 0.0546072 0.0545123 0.0543167 0.0539225 0.0530771 0.0513363 0.0481425 0.0430697 0.0361462 0.0280248
 0.00501989 0.00809712 0.012086 0.0169333 0.0225028 0.0285115 0.0345029 0.0399555 0.0444832 0.0479616 0.0504867 0.0522394 0.0533867 0.054065 0.0543996 0.0545109 0.0544905 0.0543572 0.0540014 0.0531346 0.0512854 0.0479105 0.0426443 0.0355895 0.0274444
 0.0051998 0.00839049 0.01253 0.0175651 0.023353 0.0295901 0.0357786 0.0413357 0.0458109 0.0490429 0.0511491 0.052397 0.0530756 0.0534212 0.0535929 0.053678 0.0537048 0.0536371 0.0533307 0.0524756 0.0505905 0.0471436 0.0418081 0.0347375 0.0266616
 0.00540719 0.0087222 0.0130197 0.0182423 0.02424 0.0306967 0.0370928 0.042816 0.0473805 0.0505878 0.0525211 0.0534316 0.0536295 0.0534207 0.0530646 0.0527382 0.0525113 0.0523312 0.0520018 0.0511589 0.0492887 0.045858 0.040564 0.0335913 0.0256837
 0.00562773 0.00907772 0.0135493 0.0189806 0.0252118 0.0319075 0.0385198 0.0444047 0.0490517 0.0522492 0.0540737 0.0547675 0.0546295 0.0539652 0.0530627 0.0521629 0.0514172 0.0508396 0.05026 0.0492996 0.0474127 0.0440428 0.0388825 0.0321187 0.0244852
 0.00586843 0.00946942 0.0141397 0.0198147 0.0263236 0.0333075 0.0401808 0.0462564 0.05099 0.0541555 0.0558332 0.0562777 0.055799 0.0547077 0.0532963 0.0518223 0.0504772 0.049337 0.048298 0.0470299 0.0450072 0.0416706 0.0366962 0.0302427 0.0229992
 0.00619449 0.00998816 0.0148998 0.0208552 0.027669 0.034959 0.0421048 0.0483776 0.0531968 0.0563159 0.0578138 0.0579581 0.0570794 0.0555096 0.053558 0.0514945 0.0495273 0.0477654 0.0461596 0.0444475 0.0421671 0.0387979 0.0340178 0.027946 0.0211973
 0.00648547 0.0104539 0.0155873 0.0218041 0.0289052 0.0364851 0.0438893 0.0503508 0.0552594 0.058356 0.0597208 0.05963 0.0584228 0.0564401 0.0540007 0.0513858 0.0488185 0.0464333 0.0442252 0.0419989 0.0393702 0.0358848 0.0312462 0.0255421 0.019304
 0.00666768 0.0107615 0.0160714 0.0225199 0.0299012 0.0377856 0.0454774 0.0521623 0.0571936 0.0602967 0.0615562 0.0612619 0.059768 0.0574261 0.054561 0.0514571 0.0483431 0.0453698 0.0425686 0.039806 0.0367794 0.0331135 0.0285551 0.0231743 0.0174227
 0.00690773 0.0111521 0.0166606 0.0233545 0.0310201 0.0392076 0.0471866 0.0540984 0.059255 0.0623546 0.0634743 0.0629158 0.0610589 0.0582858 0.0549472 0.0513418 0.0477021 0.0441822 0.0408325 0.0375655 0.0341532 0.0303015 0.0258114 0.0207464 0.0154842
 0.00728012 0.0117326 0.0174885 0.0244511 0.0323879 0.0408291 0.0490189 0.0560701 0.0612698 0.0643025 0.0652445 0.0644055 0.0621803 0.0589711 0.0551523 0.0510434 0.0468911 0.042859 0.0390114 0.0352951 0.0315416 0.0275298 0.0231139 0.0183575 0.0135727
 0.00753686 0.0121488 0.0181117 0.0253228 0.0335332 0.0422423 0.0506516 0.0578313 0.0630451 0.0659814 0.0667395 0.0656547 0.063137 0.0595934 0.0553987 0.0508754 0.0462789 0.0417864 0.0374846 0.0333563 0.0292869 0.0251182 0.0207518 0.0162533 0.01188
 0.00761739 0.012303 0.0183874 0.0257802 0.0342326 0.0432234 0.0519121 0.0593179 0.0646601 0.0676033 0.0682464 0.0669439 0.0641356 0.0602586 0.055708 0.0508144 0.0458334 0.0409438 0.0362451 0.0317508 0.0273952 0.0230765 0.0187384 0.01445 0.0104224
 0.00788904 0.0127296 0.0190024 0.0266073 0.0352853 0.0445022 0.0533974 0.0609604 0.0663767 0.0692816 0.069759 0.0681678 0.0649749 0.0606592 0.0556603 0.0503419 0.0449742 0.0397362 0.0347257 0.0299666 0.0254227 0.0210341 0.0167779 0.0127243 0.0090432
 0.00809639 0.0130512 0.0194579 0.0272052 0.0360229 0.0453671 0.0543669 0.0620029 0.0674554 0.0703582 0.0707924 0.0691082 0.065759 0.0612152 0.0559216 0.0502631 0.044539 0.038956 0.0336333 0.0286143 0.0238877 0.019423 0.0152196 0.0113459 0.00793745
 0.00823148 0.0132747 0.0198006 0.0276961 0.0366808 0.0461886 0.0553171 0.0630169 0.068454 0.0712708 0.071573 0.0697373 0.0662314 0.0615239 0.0560477 0.0501758 0.0442063 0.0383579 0.0327734 0.0275257 0.0226352 0.0181004 0.0139383 0.0102131 0.00702959
 0.00835969 0.0134785 0.0200993 0.0281057 0.037213 0.0468475 0.0560929 0.0638803 0.069354 0.0721402 0.0723404 0.0703425 0.0666379 0.0617221 0.0560462 0.0499871 0.0438355 0.0378027 0.0320333 0.0266165 0.0215999 0.0170108 0.0128847 0.00928332 0.00628606
 0.00842912 0.0135877 0.020257 0.0283185 0.0374853 0.0471814 0.0564879 0.0643315 0.0698521 0.0726694 0.0728767 0.0708521 0.0670795 0.0620544 0.0562365 0.0500167 0.043698 0.0374986 0.0315681 0.0260049 0.0208737 0.0162238 0.0121072 0.00858682 0.00572319
 0.00832007 0.0134376 0.0200815 0.0281494 0.0373624 0.0471392 0.0565451 0.0644891 0.0700994 0.0729923 0.0732613 0.0712831 0.0675352 0.0625031 0.0566382 0.0503291 0.0438848 0.0375355 0.0314454 0.0257296 0.0204709 0.0157374 0.0115951 0.00810885 0.00532615
 0.00838484 0.0135253 0.020182 0.0282458 0.0374397 0.0471962 0.0566003 0.0645752 0.0702458 0.0732084 0.0735304 0.0715714 0.0678073 0.0627335 0.0568123 0.0504368 0.043915 0.0374753 0.0312849 0.025468 0.0201224 0.0153327 0.011177 0.0077225 0.00500698
 0.00846309 0.0136301 0.0202978 0.0283429 0.037481 0.0471494 0.0564514 0.0643371 0.0699597 0.0729364 0.0733395 0.071512 0.067897 0.0629524 0.0571141 0.0507653 0.0442181 0.0377119 0.0314268 0.0255016 0.0200507 0.015176 0.0109696 0.00750415 0.00481193
 0.00855525 0.013759 0.0204523 0.0284971 0.0375984 0.0471913 0.0563863 0.0641487 0.0696539 0.0725457 0.0729224 0.071143 0.0676475 0.0628695 0.057206 0.051001 0.0445392 0.038051 0.0317244 0.0257165 0.0201648 0.0151941 0.0109148 0.00740914 0.00470862
 0.00867966 0.0139504 0.0207187 0.0288355 0.0379914 0.0476048 0.0567692 0.0644381 0.0697898 0.0724898 0.0726733 0.0707402 0.0671622 0.0623871 0.0568034 0.0507275 0.044406 0.0380331 0.0317742 0.0257823 0.0202067 0.0151927 0.0108715 0.0073396 0.00463287
 0.00868833 0.0139778 0.0207842 0.0289642 0.0382066 0.0479157 0.0571601 0.0648658 0.0701908 0.0727958 0.0728277 0.0707126 0.0669571 0.0620441 0.0563885 0.0503151 0.0440583 0.0377841 0.0316243 0.0257061 0.0201684 0.0151618 0.0108318 0.00728984 0.00458065
 0.00872185 0.0140291 0.0208566 0.0290609 0.0383332 0.0480821 0.0573788 0.0651452 0.0705253 0.073157 0.0731649 0.0709634 0.0670668 0.0619843 0.0561679 0.0499774 0.0436677 0.0374056 0.0313046 0.0254644 0.0199988 0.0150448 0.0107471 0.00722392 0.00452816
 0.00873913 0.0140508 0.0208776 0.0290729 0.0383279 0.048056 0.057338 0.0651068 0.0705147 0.0732 0.0732767 0.0711387 0.0672755 0.0621789 0.0562993 0.0500142 0.0436081 0.0372755 0.0311445 0.0253114 0.0198752 0.0149553 0.0106854 0.00718075 0.0044967
 0.00884345 0.014203 0.0210738 0.0292973 0.0385558 0.04826 0.0574939 0.0651982 0.0705362 0.0731603 0.0731977 0.0710494 0.0672013 0.0621303 0.0562673 0.0499756 0.0435387 0.0371635 0.0309967 0.0251489 0.0197219 0.0148282 0.0105903 0.00711493 0.00445351
 0.00888462 0.0142635 0.0211525 0.029388 0.0386473 0.0483377 0.057542 0.0652031 0.0704907 0.0730682 0.0730752 0.0709224 0.0670982 0.062073 0.0562639 0.050017 0.0436023 0.0372223 0.0310306 0.0251513 0.0196992 0.0147933 0.010555 0.00708597 0.00443279
 0.0088879 0.0142764 0.0211856 0.0294543 0.0387578 0.0484941 0.0577307 0.0653962 0.0706529 0.073168 0.073095 0.0708629 0.0669777 0.0619208 0.0561115 0.0498888 0.0435087 0.0371595 0.0309858 0.0251112 0.0196565 0.0147482 0.0105122 0.00705048 0.00440686
 0.00882721 0.0141909 0.0210817 0.0293479 0.038671 0.0484502 0.057748 0.0654823 0.0708014 0.0733569 0.0732906 0.0710286 0.0670852 0.0619596 0.0560899 0.0498285 0.0434348 0.0370909 0.0309308 0.0250687 0.0196215 0.0147166 0.0104833 0.00702563 0.00438769
 0.00869172 0.0139881 0.0208097 0.0290182 0.038308 0.0480879 0.0574267 0.0652443 0.0706828 0.0733781 0.0734479 0.0712936 0.0674122 0.062298 0.0563981 0.0500823 0.0436292 0.0372345 0.0310368 0.0251482 0.0196808 0.0147585 0.01051 0.00704024 0.0043942
 0.00859335 0.0138342 0.02059 0.0287291 0.0379551 0.0476891 0.0570149 0.064865 0.0703862 0.0732068 0.0734259 0.0714213 0.0676673 0.062641 0.0567812 0.0504597 0.0439664 0.0375132 0.0312541 0.0253108 0.0197988 0.0148415 0.0105656 0.00707509 0.00441414
 0.00862953 0.0138775 0.0206265 0.028736 0.0379068 0.0475667 0.0568151 0.0646033 0.0700942 0.0729244 0.0731937 0.0712727 0.067622 0.0627012 0.0569309 0.0506692 0.0441998 0.037738 0.0314478 0.0254634 0.0199105 0.0149183 0.0106155 0.00710553 0.00443139
 0.00870621 0.0139764 0.0207272 0.0288024 0.0378955 0.0474412 0.0565592 0.064228 0.069636 0.0724383 0.0727429 0.0709175 0.0674079 0.0626506 0.0570397 0.0509094 0.0445275 0.0381031 0.031805 0.0257793 0.020167 0.0151112 0.0107506 0.00719352 0.00448456
 0.00866539 0.0139255 0.0206776 0.0287703 0.0378924 0.0474616 0.0565737 0.0641901 0.0695022 0.0721906 0.0724019 0.0705377 0.0670599 0.0623995 0.0569282 0.0509498 0.0447027 0.0383747 0.0321241 0.0260991 0.0204516 0.0153404 0.0109191 0.00730715 0.00455483
 0.00848405 0.0136585 0.0203285 0.0283629 0.0374671 0.0470664 0.0562538 0.0639777 0.0694061 0.0721917 0.0724592 0.0706068 0.067115 0.0624445 0.056992 0.0510686 0.0449004 0.0386517 0.0324575 0.0264515 0.020784 0.0156231 0.011137 0.00745979 0.00465213
 0.00833593 0.0134196 0.0199741 0.0278761 0.0368474 0.0463412 0.0554863 0.063261 0.0688412 0.0718557 0.0723808 0.0707611 0.067439 0.062864 0.0574474 0.0515283 0.0453581 0.039112 0.0329201 0.0269033 0.0212013 0.0159809 0.0114187 0.0076622 0.00478433
 0.00824408 0.0132725 0.0197565 0.0275741 0.0364504 0.0458455 0.0549015 0.0626173 0.0681925 0.0712753 0.0719475 0.0705381 0.067454 0.0631008 0.0578534 0.0520358 0.0459069 0.0396614 0.0334474 0.0273946 0.0216428 0.0163573 0.0117182 0.0078815 0.00493068
 0.00829168 0.0133376 0.0198314 0.0276426 0.0364902 0.0458331 0.0548166 0.062446 0.06793 0.0709301 0.0715462 0.0701268 0.067092 0.0628451 0.0577412 0.0520733 0.0460709 0.0399124 0.0337446 0.0277042 0.0219395 0.0166222 0.0119376 0.00804846 0.00504625
 0.00837927 0.0134617 0.0199837 0.0278027 0.0366295 0.0459222 0.0548319 0.0623735 0.0677661 0.0706811 0.0712286 0.069767 0.0667256 0.0625141 0.0574882 0.0519317 0.0460552 0.0400139 0.0339351 0.027946 0.0221956 0.0168624 0.0121416 0.00820618 0.005157
 0.00842566 0.0135367 0.0200948 0.027954 0.0368176 0.0461315 0.0550327 0.0625255 0.0678299 0.0706313 0.0710622 0.069503 0.0663979 0.0621639 0.0571575 0.0516592 0.0458711 0.0399341 0.0339567 0.0280489 0.0223483 0.0170315 0.0122994 0.00833544 0.00525124
 0.00845924 0.0135946 0.0201881 0.0280947 0.0370155 0.0463893 0.0553396 0.0628548 0.0681399 0.0708736 0.0711917 0.0694905 0.0662383 0.0618782 0.056788 0.0512593 0.0454941 0.0396231 0.0337379 0.0279278 0.022312 0.0170548 0.0123538 0.00839684 0.00530426
 0.00839664 0.0135056 0.0200781 0.0279783 0.0369141 0.046326 0.0553349 0.0629216 0.0682804 0.0710751 0.0714262 0.0697174 0.0664142 0.0619692 0.0567798 0.051162 0.0453386 0.0394507 0.0335878 0.0278266 0.0222684 0.0170608 0.0123913 0.00844604 0.00535008
 0.00827365 0.0133171 0.0198168 0.0276471 0.036528 0.0459133 0.0549368 0.0625887 0.0680628 0.0710092 0.071523 0.0699589 0.0667575 0.0623572 0.057155 0.05148 0.0455776 0.0396137 0.0336958 0.0279067 0.0223423 0.0171384 0.0124708 0.00851953 0.00540996
 0.00829178 0.0133306 0.0198078 0.02759 0.0363971 0.0456945 0.0546384 0.0622434 0.0677203 0.0707233 0.0713384 0.0699023 0.0668327 0.0625443 0.0574157 0.0517669 0.0458468 0.0398358 0.0338616 0.0280242 0.0224279 0.0172074 0.0125316 0.00857318 0.00545397
 0.00835054 0.0134211 0.0199333 0.0277469 0.0365719 0.0458616 0.0547613 0.0622825 0.0676474 0.0705362 0.0710672 0.0696014 0.066562 0.0623507 0.0573201 0.0517624 0.0459061 0.0399241 0.0339489 0.0280939 0.0224773 0.0172422 0.012559 0.00859714 0.00547499
 0.0083712 0.0134597 0.0200005 0.027855 0.0367306 0.046072 0.0550094 0.0625372 0.0678648 0.0706703 0.071084 0.0694914 0.066346 0.0620743 0.057039 0.0515237 0.0457353 0.0398216 0.0338982 0.0280732 0.0224695 0.0172387 0.0125576 0.00859827 0.00547847
 0.00840394 0.0135038 0.0200505 0.0279018 0.0367663 0.0460957 0.0550307 0.0625726 0.0679284 0.0707625 0.071187 0.0695735 0.0663756 0.0620341 0.0569346 0.0513815 0.0455904 0.0397032 0.0338201 0.0280333 0.0224564 0.0172397 0.0125639 0.00860552 0.00548505
 0.00838148 0.0134683 0.0199987 0.0278308 0.0366732 0.0459787 0.0548911 0.0624183 0.0677765 0.0706385 0.0711175 0.0695755 0.066447 0.0621531 0.0570696 0.0515051 0.04569 0.039782 0.0338889 0.0281011 0.0225249 0.0173049 0.0126201 0.00864903 0.00551546
 0.0084136 0.0135256 0.020094 0.0279773 0.0368798 0.0462421 0.0551902 0.0627151 0.0680248 0.0707985 0.0711684 0.0695209 0.0663103 0.0619665 0.0568614 0.0512934 0.0454833 0.0395856 0.0337095 0.0279471 0.0224031 0.017217 0.0125622 0.00861414 0.00549623
 0.00809941 0.0130335 0.0193903 0.0270495 0.0357454 0.0449591 0.0538632 0.0614865 0.0670456 0.0701875 0.0709821 0.069747 0.0668841 0.062796 0.0578492 0.0523499 0.0465333 0.0405705 0.0345885 0.0286969 0.0230152 0.0176943 0.0129158 0.00886075 0.0056564
 0.00797772 0.0128249 0.0190568 0.0265495 0.0350443 0.0440454 0.0527661 0.0602834 0.0658548 0.0691467 0.0702202 0.0693575 0.066906 0.0632085 0.0585814 0.0533013 0.0475964 0.041648 0.0356033 0.029595 0.023766 0.0182872 0.0133567 0.00916776 0.00585505
 0.00777754 0.0125239 0.0186478 0.026038 0.0344416 0.0433593 0.0519978 0.0594356 0.0649465 0.0682271 0.0693725 0.0686874 0.0665177 0.0631758 0.0589262 0.0539871 0.048538 0.0427339 0.0367196 0.030645 0.024681 0.0190297 0.0139181 0.00956197 0.00611092
 0.00764443 0.0123194 0.0183629 0.0256739 0.0340097 0.0428808 0.0515 0.058945 0.0644791 0.067783 0.0689416 0.0682684 0.0661375 0.0628947 0.0588211 0.0541211 0.0489324 0.0433566 0.0374943 0.0314742 0.0254716 0.0197127 0.0144567 0.00995083 0.0063677
 0.00750156 0.0120888 0.0180195 0.0251979 0.0333931 0.0421364 0.0506694 0.0580976 0.0636975 0.0671404 0.0684818 0.067999 0.0660393 0.0629428 0.0590045 0.0544495 0.0494247 0.0440178 0.0382963 0.0323532 0.0263433 0.0204964 0.0150965 0.0104255 0.00668743
 0.00739809 0.0119208 0.017767 0.0248415 0.0329176 0.0415359 0.0499545 0.0573015 0.0628758 0.0663645 0.0678265 0.0675271 0.065788 0.0629179 0.0591873 0.0548114 0.0499413 0.0446702 0.0390612 0.0331898 0.0271898 0.0212815 0.0157595 0.010933 0.00703845
 0.00747086 0.0120196 0.0178788 0.0249404 0.032969 0.0415048 0.0498138 0.0570361 0.0624852 0.0658642 0.0672504 0.0669268 0.0652269 0.0624593 0.0588807 0.0546844 0.0499992 0.044902 0.0394438 0.0336875 0.0277524 0.0218482 0.016271 0.0113466 0.00733781
 0.00759736 0.0122221 0.0181762 0.0253434 0.0334727 0.0420794 0.0503986 0.0575449 0.0628254 0.0659633 0.0670763 0.0664946 0.0645926 0.0617059 0.0581027 0.0539716 0.0494228 0.0445062 0.0392433 0.0336692 0.0278799 0.0220689 0.0165265 0.0115865 0.00752981
 0.00763349 0.0123072 0.0183524 0.0256652 0.0339913 0.0428193 0.0513346 0.0585946 0.0638618 0.0668418 0.0676668 0.0667082 0.0643992 0.0611391 0.0572507 0.0529565 0.0483755 0.0435422 0.038446 0.0330816 0.027505 0.0218767 0.016467 0.0116046 0.00757916
 0.00735388 0.0119164 0.0178843 0.0251965 0.0336274 0.0426666 0.051473 0.0590581 0.0646278 0.0678292 0.0687428 0.0677119 0.0651766 0.06158 0.0573137 0.0526744 0.0478405 0.0428784 0.0377775 0.0325057 0.0270767 0.0216069 0.016332 0.0115626 0.00758721
 0.00689389 0.0112079 0.0168953 0.0239347 0.0321503 0.0410902 0.0499731 0.0578505 0.0639203 0.0677579 0.0693259 0.0688421 0.066654 0.0631667 0.0587904 0.0538854 0.0487171 0.0434364 0.0380925 0.0326761 0.027189 0.0217143 0.0164516 0.0116863 0.00769832
#obs surv len freq
 nan nan nan nan nan nan nan nan nan nan nan nan nan nan nan nan nan nan nan nan nan nan nan nan nan
 0.004489 0.00735227 0.011184 0.0160013 0.021702 0.0279765 0.034289 0.0400184 0.0446961 0.0481581 0.0505145 0.052009 0.0529 0.0534114 0.0537249 0.0539792 0.0542573 0.0545497 0.0546883 0.0542801 0.0527183 0.0493508 0.0438012 0.0362821 0.0276667
 0.00462162 0.00757096 0.0115184 0.0164797 0.022344 0.0287822 0.035228 0.0410281 0.0456906 0.0490463 0.0512173 0.0524715 0.0530955 0.053341 0.0534123 0.0534629 0.0535818 0.0537585 0.0538209 0.0533741 0.0518131 0.0484905 0.0430315 0.0356419 0.0271774
 0.00477464 0.00782289 0.0119036 0.0170326 0.0230927 0.0297379 0.0363734 0.0423108 0.0470272 0.0503349 0.0523524 0.0533577 0.0536597 0.0535403 0.053238 0.0529378 0.0527525 0.0526857 0.0525721 0.0520203 0.0504302 0.0471593 0.0418322 0.0346406 0.0264107
 0.00497298 0.00814429 0.0123855 0.0177097 0.0239911 0.0308654 0.0377094 0.0438009 0.0485892 0.0518706 0.0537597 0.0545386 0.0545253 0.0540178 0.0532787 0.0525244 0.0519022 0.0514482 0.0510244 0.0502616 0.0485773 0.0453408 0.0401747 0.0332474 0.02534
 0.00517769 0.00848199 0.0129027 0.0184523 0.0249951 0.0321422 0.0392313 0.0454975 0.050359 0.0536015 0.0553468 0.0558906 0.0555636 0.054673 0.0534915 0.052251 0.0511237 0.0501805 0.0493254 0.0482339 0.0463648 0.0431159 0.0381139 0.0314976 0.0239867
 0.00541005 0.00886054 0.0134742 0.0192617 0.0260777 0.0335114 0.0408644 0.047329 0.0522874 0.0555069 0.0571091 0.0574031 0.0567386 0.0554415 0.0537992 0.0520547 0.0503933 0.0489089 0.047545 0.0460321 0.043891 0.0405702 0.0357151 0.0294359 0.022379
 0.00565393 0.00926049 0.0140825 0.020129 0.027243 0.0349867 0.0426188 0.0492845 0.0543308 0.0575117 0.0589558 0.0589885 0.0579776 0.0562652 0.0541523 0.0518932 0.0496841 0.0476362 0.0457255 0.0437368 0.0412618 0.0378168 0.0330818 0.0271457 0.0205772
 0.00589866 0.0096615 0.014692 0.0209981 0.0284122 0.0364707 0.0443908 0.0512695 0.0564153 0.059565 0.0608509 0.0606159 0.0592494 0.0571147 0.0545289 0.0517572 0.0490036 0.046392 0.0439252 0.0414388 0.0385967 0.0349906 0.0303474 0.0247434 0.0186713
 0.00613602 0.0100507 0.0152842 0.021843 0.0295494 0.0379146 0.0461153 0.053202 0.0584469 0.0615705 0.0627085 0.0622186 0.0605099 0.0579648 0.0549176 0.0516462 0.0483639 0.0452049 0.0421953 0.0392154 0.0359982 0.0322122 0.0276364 0.0223426 0.016753
 0.0063788 0.0104487 0.0158893 0.0227055 0.0307079 0.0393808 0.0478576 0.0551408 0.0604659 0.0635398 0.064506 0.0637423 0.0616811 0.058726 0.055228 0.0514765 0.047692 0.0440176 0.0404979 0.0370529 0.0334787 0.0295168 0.0249992 0.0199983 0.0148717
 0.0065984 0.0108106 0.0164429 0.0235 0.0317828 0.0407501 0.0494946 0.0569719 0.062381 0.0654129 0.0662166 0.0651881 0.0627836 0.0594299 0.055498 0.0512908 0.0470369 0.0428866 0.0389001 0.0350309 0.0311304 0.0270064 0.0225404 0.0178075 0.0131086
 0.00681028 0.011158 0.0169714 0.0242539 0.0327968 0.0420358 0.0510263 0.0586812 0.0641654 0.0671552 0.0678031 0.0665217 0.0637886 0.0600538 0.0557087 0.0510721 0.0463829 0.0417994 0.037395 0.0331514 0.0289666 0.0247054 0.0202929 0.0158066 0.0114975
 0.00706244 0.0115657 0.0175802 0.0251041 0.0339144 0.0434198 0.0526356 0.0604311 0.06594 0.0688301 0.069267 0.0676881 0.0645985 0.0604732 0.0557235 0.0506821 0.0455966 0.0406314 0.0358701 0.0313166 0.0269071 0.0225528 0.0182143 0.0139699 0.0100254
 0.00726325 0.0119028 0.0181068 0.0258745 0.0349709 0.044772 0.0542416 0.0621942 0.0677255 0.0704959 0.0706904 0.0687804 0.0653067 0.0607752 0.0556203 0.0501898 0.0447392 0.0394372 0.0343744 0.0295711 0.0249928 0.0205868 0.0163404 0.0123292 0.00871877
 0.00743734 0.0121858 0.0185335 0.0264788 0.0357814 0.0458035 0.0554838 0.0636025 0.0692211 0.071974 0.0720356 0.0698839 0.0660832 0.0611726 0.0556216 0.049806 0.043999 0.0383789 0.0330439 0.0280265 0.0233134 0.0188779 0.014725 0.0109246 0.00760613
 0.00749667 0.0122918 0.0187109 0.0267575 0.0361909 0.0463644 0.0561988 0.0644539 0.0701741 0.072982 0.0730437 0.0708281 0.0668916 0.0617721 0.0559496 0.0498214 0.0436879 0.0377537 0.0321395 0.0268985 0.0220384 0.017553 0.0134585 0.00981696 0.00672609
 0.00756331 0.0123861 0.018828 0.0268873 0.0363251 0.0465061 0.0563686 0.0646858 0.0705027 0.0734281 0.0736034 0.0714715 0.0675668 0.0624125 0.0564819 0.0501749 0.0438063 0.0376045 0.0317211 0.0262418 0.0212049 0.0166286 0.0125406 0.00899572 0.00606454
 0.0076422 0.0125084 0.0189998 0.027108 0.0365851 0.0467856 0.0566396 0.06492 0.0706844 0.0735653 0.0737276 0.0716238 0.067777 0.0626825 0.0567806 0.0504465 0.0439841 0.0376285 0.0315528 0.0258753 0.0206708 0.015989 0.0118758 0.00838403 0.00556327
 0.00773885 0.0126599 0.0192172 0.0273963 0.0369414 0.0471958 0.0570756 0.0653404 0.0710418 0.0738195 0.0738591 0.0716417 0.0677161 0.0625895 0.0566943 0.0503813 0.0439239 0.0375343 0.0313801 0.0255935 0.020278 0.0155153 0.011375 0.00791607 0.00517526
 0.00778774 0.0127403 0.0193395 0.0275704 0.0371737 0.0474856 0.0574111 0.0656975 0.0713878 0.0741187 0.0740806 0.0717657 0.0677385 0.0625242 0.0565696 0.050229 0.043766 0.0373733 0.0311996 0.02537 0.019997 0.0151835 0.0110207 0.00757898 0.00489081
 0.00779074 0.012742 0.0193366 0.0275596 0.0371542 0.0474627 0.0573983 0.0657139 0.0714511 0.0742372 0.0742478 0.0719606 0.0679325 0.0626897 0.0566888 0.0502973 0.043789 0.0373588 0.0311501 0.0252808 0.0198621 0.015005 0.0108143 0.00737037 0.00470647
 0.00782836 0.0127926 0.0193932 0.0276087 0.0371799 0.0474522 0.0573477 0.0656315 0.071356 0.0741555 0.0742051 0.0719743 0.0680053 0.0628085 0.0568291 0.0504322 0.0438974 0.0374289 0.0311775 0.0252646 0.0198034 0.0149089 0.0106923 0.00724012 0.00458674
 0.00787726 0.0128695 0.0195035 0.0277536 0.0373534 0.0476392 0.0575229 0.0657636 0.071418 0.0741355 0.0741132 0.0718393 0.0678637 0.0626912 0.0567522 0.0503945 0.0438851 0.0374234 0.0311622 0.0252291 0.0197439 0.0148276 0.0105969 0.0071424 0.00449863
 0.00786074 0.0128448 0.0194705 0.0277142 0.037312 0.0476018 0.0574962 0.0657526 0.071423 0.0741507 0.0741286 0.0718465 0.0678614 0.0626874 0.0567597 0.0504239 0.0439379 0.0374913 0.0312303 0.0252819 0.0197709 0.014826 0.0105711 0.00710194 0.00445457
 0.00788222 0.0128695 0.0194891 0.0277125 0.0372756 0.0475234 0.0573811 0.0656191 0.071296 0.0740532 0.0740738 0.0718353 0.0678852 0.0627339 0.0568191 0.0504918 0.0440136 0.0375735 0.0313136 0.0253573 0.0198286 0.0148599 0.0105814 0.0070941 0.00443702
 0.00788728 0.0128791 0.0195056 0.0277369 0.0373057 0.0475509 0.0573916 0.0655965 0.0712304 0.0739482 0.0739483 0.0717163 0.0677972 0.0626899 0.0568191 0.0505266 0.0440716 0.0376442 0.0313886 0.0254287 0.0198891 0.0149038 0.0106066 0.00710292 0.00443473
 0.00790264 0.0128996 0.0195282 0.0277567 0.0373173 0.0475516 0.0573819 0.0655786 0.0712054 0.0739135 0.0738995 0.0716523 0.0677243 0.0626216 0.0567704 0.0505077 0.0440841 0.0376824 0.0314425 0.025488 0.0199445 0.0149486 0.0106375 0.00712008 0.00444123
 0.00786149 0.0128384 0.0194467 0.0276579 0.0372068 0.0474351 0.0572651 0.0654676 0.0711076 0.0738378 0.0738534 0.0716395 0.0677432 0.0626667 0.0568362 0.0505905 0.044182 0.0377923 0.0315588 0.0256021 0.0200477 0.0150337 0.010701 0.00716234 0.00446593
 0.00784957 0.0128117 0.0193933 0.027564 0.0370613 0.0472371 0.0570291 0.0652223 0.0708871 0.0736707 0.0737557 0.0716138 0.0677822 0.0627583 0.0569663 0.0507457 0.0443505 0.0379647 0.0317272 0.0257592 0.0201864 0.0151483 0.0107883 0.00722312 0.0045041
 0.00784566 0.0128034 0.0193768 0.0275332 0.0370079 0.0471516 0.0569035 0.0650541 0.0706845 0.0734541 0.0735551 0.0714602 0.0676982 0.0627522 0.0570319 0.0508673 0.0445087 0.0381409 0.0319061 0.0259285 0.0203369 0.0152735 0.0108851 0.00729195 0.00454866
 0.00783193 0.0127815 0.0193447 0.0274891 0.0369503 0.0470794 0.0568159 0.0649509 0.070566 0.0733225 0.0734167 0.0713272 0.0675887 0.0626855 0.0570224 0.050919 0.0446145 0.0382853 0.0320701 0.0260943 0.0204898 0.0154037 0.0109874 0.00736582 0.00459738
 0.00779049 0.0127164 0.0192511 0.0273646 0.0367958 0.0469005 0.0566238 0.0647611 0.0703957 0.0731854 0.0733202 0.0712725 0.0675737 0.0627084 0.0570839 0.0510207 0.0447556 0.0384592 0.0322641 0.0262918 0.0206744 0.0155625 0.0111131 0.00745712 0.00465799
 0.00776133 0.0126636 0.0191621 0.0272252 0.0365952 0.0466376 0.0563125 0.0644312 0.0700853 0.0729315 0.073149 0.0711955 0.067588 0.0628016 0.0572389 0.051221 0.0449869 0.0387097 0.0325217 0.026543 0.0209048 0.0157597 0.0112694 0.00757114 0.00473402
 0.00772309 0.0126017 0.019069 0.0270937 0.0364186 0.0464119 0.0560394 0.0641209 0.0697589 0.0726195 0.072887 0.0710162 0.0675137 0.0628382 0.0573767 0.0514386 0.0452586 0.0390103 0.032829 0.0268384 0.0211727 0.0159877 0.0114501 0.00770334 0.00482263
 0.00768203 0.0125345 0.0189673 0.0269497 0.0362273 0.0461736 0.0557621 0.0638208 0.0694569 0.072338 0.0726467 0.0708367 0.0674124 0.0628289 0.0574651 0.0516192 0.0455142 0.0393157 0.0331563 0.0271609 0.0214683 0.0162402 0.0116507 0.00785057 0.00492173
 0.00769401 0.0125509 0.0189859 0.0269656 0.0362331 0.0461602 0.0557201 0.063742 0.0693373 0.0721796 0.0724588 0.0706354 0.0672188 0.0626664 0.0573554 0.0515787 0.0455498 0.0394222 0.0333176 0.027354 0.0216684 0.0164257 0.0118064 0.0079694 0.00500411
 0.00765145 0.0124878 0.0189023 0.0268654 0.0361227 0.046046 0.0556072 0.0636335 0.0692345 0.0720826 0.0723678 0.0705515 0.0671458 0.0626108 0.0573271 0.0515887 0.0456072 0.0395303 0.0334712 0.0275389 0.0218645 0.0166121 0.0119663 0.00809338 0.00509105
 0.00762832 0.0124497 0.0188444 0.0267839 0.0360165 0.0459194 0.0554708 0.0635025 0.0691242 0.0720023 0.0723182 0.070526 0.0671352 0.0626087 0.0573327 0.051607 0.0456467 0.0395991 0.0335726 0.0276691 0.0220119 0.0167605 0.0120999 0.00820119 0.00516903
 0.00762992 0.0124518 0.0188464 0.0267843 0.0360128 0.0459078 0.055447 0.0634635 0.0690698 0.0719368 0.0722492 0.0704614 0.0670803 0.0625649 0.0572989 0.0515831 0.0456354 0.0396061 0.0336037 0.0277263 0.0220909 0.0168514 0.01219 0.00827933 0.00522878
 0.00761804 0.0124347 0.0188249 0.0267604 0.0359891 0.0458865 0.0554286 0.0634466 0.0690516 0.0719144 0.0722208 0.0704279 0.0670452 0.0625326 0.0572737 0.0515673 0.0456307 0.0396142 0.0336269 0.0277662 0.0221465 0.0169173 0.0122579 0.00834059 0.00527735
 0.00759551 0.0124001 0.0187766 0.0266988 0.0359168 0.0458085 0.0553523 0.0633805 0.0690034 0.0718881 0.0722156 0.0704388 0.0670655 0.0625572 0.0572999 0.0515951 0.0456614 0.0396497 0.0336689 0.0278158 0.022203 0.016978 0.0123176 0.00839361 0.00531947
 0.00756196 0.012346 0.0186963 0.0265881 0.0357746 0.0456392 0.0551675 0.0631989 0.0688469 0.0717762 0.0721606 0.0704432 0.0671226 0.062654 0.0574211 0.0517269 0.0457937 0.0397767 0.0337881 0.0279263 0.0223042 0.0170686 0.0123955 0.00845655 0.00536642
 0.00754256 0.0123126 0.0186425 0.026507 0.0356604 0.0454899 0.054988 0.0630015 0.0686506 0.0716028 0.0720304 0.0703714 0.0671164 0.0627111 0.057531 0.0518734 0.0459593 0.039946 0.03395 0.0280739 0.0224341 0.0171788 0.012485 0.00852543 0.0054158
 0.00752668 0.0122883 0.0186088 0.0264632 0.0356056 0.0454224 0.054905 0.0629009 0.0685327 0.0714732 0.0719005 0.0702571 0.0670346 0.0626752 0.0575473 0.0519398 0.0460657 0.0400778 0.0340917 0.0282124 0.0225599 0.0172863 0.0125718 0.00859113 0.00546214
 0.00754823 0.0123181 0.0186439 0.0264977 0.0356321 0.0454348 0.0548998 0.0628774 0.0684911 0.0714133 0.0718224 0.0701632 0.066932 0.0625768 0.0574681 0.0518928 0.0460578 0.0401078 0.0341511 0.0282891 0.0226416 0.0173631 0.0126371 0.00864212 0.00549865
 0.00750964 0.0122665 0.0185864 0.0264469 0.0356017 0.0454323 0.0549225 0.0629127 0.0685227 0.0714283 0.0718153 0.0701354 0.066889 0.0625258 0.0574177 0.0518528 0.0460375 0.0401132 0.0341832 0.0283425 0.0227069 0.01743 0.0126972 0.0086904 0.00553363
 0.00747601 0.0122083 0.0184934 0.02631 0.0354181 0.045212 0.0546913 0.0627076 0.0683794 0.0713668 0.0718331 0.0702124 0.0669985 0.0626454 0.0575341 0.0519619 0.0461411 0.0402158 0.0342881 0.0284498 0.0228127 0.0175279 0.0127808 0.00875556 0.00557983
 0.00749351 0.0122325 0.0185213 0.026335 0.03543 0.0451991 0.0546432 0.06262 0.0682585 0.0712307 0.0717076 0.0701212 0.0669543 0.0626458 0.0575664 0.0520106 0.0461952 0.0402708 0.0343442 0.0285084 0.0228736 0.0175881 0.0128356 0.00880093 0.00561358
 0.00750535 0.0122547 0.0185597 0.0263958 0.0355167 0.0453082 0.0547616 0.0627256 0.0683262 0.0712414 0.0716559 0.0700181 0.0668232 0.0625134 0.0574536 0.0519271 0.0461405 0.0402391 0.0343295 0.0285069 0.0228826 0.0176049 0.0128566 0.008822 0.00563149
 0.00750535 0.0122547 0.0185597 0.0263958 0.0355167 0.0453082 0.0547616 0.0627256 0.0683262 0.0712414 0.0716559 0.0700181 0.0668232 0.0625134 0.0574536 0.0519271 0.0461405 0.0402391 0.0343295 0.0285069 0.0228826 0.0176049 0.0128566 0.008822 0.00563149
 0.0071751 0.0117323 0.0178032 0.0253829 0.0342571 0.0438584 0.053235 0.0612841 0.0671463 0.0704664 0.07136 0.0701968 0.0674099 0.0634076 0.0585461 0.053117 0.0473427 0.0413866 0.035373 0.0294137 0.0236353 0.0181997 0.0133014 0.00913414 0.00583514
 0.0071366 0.0116325 0.0175845 0.0249699 0.0335767 0.0428718 0.0519673 0.0598342 0.0656705 0.0691439 0.0703539 0.0696233 0.0673196 0.0637815 0.0593073 0.0541533 0.048532 0.0426163 0.0365515 0.030474 0.0245356 0.0189207 0.0138439 0.00951544 0.00608361
 0.00706981 0.011532 0.0174454 0.0247853 0.0333292 0.0425258 0.0514706 0.0591355 0.0647507 0.0680455 0.0691904 0.0685584 0.0665228 0.0633813 0.0593594 0.0546338 0.0493526 0.0436524 0.0376718 0.0315635 0.0255086 0.0197257 0.0144622 0.00995521 0.00637198
 0.00702852 0.0114669 0.0173518 0.0246606 0.033174 0.0423425 0.0512599 0.0588896 0.0644464 0.0676471 0.0686669 0.0679121 0.065812 0.0627182 0.058879 0.0544475 0.0495102 0.0441285 0.0383798 0.0323863 0.0263309 0.0204581 0.0150527 0.0103887 0.00666205
 0.00695906 0.0113588 0.0171983 0.024459 0.0329266 0.0420578 0.0509529 0.0585803 0.0641542 0.0673816 0.0684204 0.0676618 0.0655345 0.0624118 0.0585817 0.0542347 0.0494676 0.0443153 0.0387997 0.0329839 0.0270126 0.0211244 0.0156264 0.0108298 0.00696681
 0.00693414 0.0113183 0.0171371 0.0243727 0.0328119 0.0419143 0.0507843 0.0583948 0.0639627 0.0671943 0.0682437 0.0674943 0.0653671 0.0622332 0.0583897 0.0540487 0.0493333 0.0442914 0.0389321 0.0332804 0.0274343 0.0216002 0.0160802 0.0112059 0.00724116
 0.00697704 0.0113901 0.0172484 0.0245327 0.0330244 0.0421714 0.0510626 0.0586571 0.0641661 0.0673027 0.0682365 0.0673697 0.0651375 0.0619191 0.0580155 0.0536435 0.0489353 0.0439487 0.038695 0.0331838 0.0274818 0.0217598 0.0162968 0.0114235 0.00742083
 0.00700872 0.0114502 0.0173546 0.0247064 0.0332847 0.0425264 0.0515004 0.0591424 0.0646449 0.067713 0.0685218 0.0674894 0.0650746 0.0616818 0.0576329 0.0531592 0.0484012 0.0434209 0.0382292 0.0328269 0.0272596 0.021669 0.0163073 0.0114908 0.0075035
 0.00715804 0.011691 0.0177129 0.025204 0.0339338 0.0433211 0.052408 0.0601004 0.0655681 0.0685083 0.0691042 0.0677957 0.0650716 0.0613706 0.0570475 0.0523606 0.0474677 0.0424386 0.037282 0.0319878 0.0265809 0.0211735 0.0159859 0.0113097 0.00741813
 0.00714161 0.011683 0.0177359 0.0252916 0.0341235 0.0436423 0.0528708 0.0606898 0.066246 0.0692198 0.0697836 0.0683732 0.0654805 0.0615576 0.0569835 0.0520482 0.046943 0.0417655 0.0365415 0.0312632 0.0259429 0.0206678 0.0156271 0.011084 0.00729398
 0.00706646 0.0115581 0.0175449 0.0250233 0.033781 0.0432545 0.0524982 0.0604166 0.0661564 0.0693677 0.0701727 0.0689539 0.0661655 0.0622429 0.0575707 0.0524618 0.0471436 0.0417551 0.0363599 0.0309756 0.0256216 0.020374 0.0153983 0.0109308 0.00720637
#pred catch len freq
 0.00449254 0.00707695 0.0102617 0.013947 0.0180747 0.0226164 0.0275019 0.0325735 0.037609 0.0423778 0.0466788 0.0503601 0.053333 0.0555786 0.0571383 0.0580986 0.0585754 0.0586842 0.0584663 0.0577717 0.0561707 0.0530219 0.0477697 0.0403567 0.0314644
 0.0046698 0.00729794 0.0104734 0.0140673 0.0180255 0.0223697 0.0271099 0.0321552 0.0372962 0.042251 0.0467354 0.050531 0.0535338 0.0557603 0.057311 0.0583171 0.058897 0.0591187 0.058946 0.0581627 0.0563268 0.0528561 0.047301 0.0397029 0.0307844
 0.00487014 0.0076133 0.0109238 0.0146513 0.0187062 0.023064 0.0276931 0.032496 0.037315 0.0419681 0.0462694 0.0500406 0.0531404 0.0555061 0.0571739 0.058259 0.0588988 0.059177 0.0590409 0.0582318 0.0562757 0.0526053 0.046837 0.0390941 0.0301489
 0.00508696 0.00795303 0.0114127 0.0153088 0.019544 0.0240813 0.0288619 0.0337412 0.0385045 0.0429312 0.0468483 0.0501549 0.0528242 0.054889 0.0564172 0.0574906 0.0581851 0.0585318 0.0584446 0.0576427 0.0556405 0.0518814 0.0460233 0.0382451 0.0293557
 0.00533677 0.00833955 0.0119592 0.0160273 0.0204391 0.025153 0.0301042 0.0351331 0.0399958 0.044429 0.0482124 0.0512139 0.0534192 0.05493 0.0559206 0.0565708 0.0570036 0.0572348 0.0571243 0.0563338 0.0543422 0.0505909 0.0447637 0.0370742 0.0283485
 0.00562197 0.00878192 0.0125862 0.0168528 0.0214651 0.026372 0.0314977 0.036668 0.0416222 0.0460795 0.0497989 0.0526232 0.0545138 0.0555663 0.0559857 0.0560237 0.0558961 0.0556949 0.0553105 0.0543895 0.0523755 0.0486838 0.0429927 0.0355189 0.027079
 0.00594698 0.00928826 0.0133081 0.0178104 0.0226649 0.0278071 0.033144 0.0384781 0.0435243 0.0479826 0.0516017 0.0542199 0.0557969 0.0564261 0.056316 0.0557387 0.0549581 0.0541386 0.0532465 0.0519832 0.0498147 0.0461523 0.0406557 0.0335107 0.0254862
 0.00631824 0.00986169 0.0141165 0.0188685 0.0239735 0.0293577 0.0349167 0.0404337 0.0455969 0.0500786 0.0536059 0.0560076 0.0572466 0.057429 0.056778 0.0555826 0.0541303 0.0526281 0.0511072 0.0493466 0.0468821 0.0431669 0.0378613 0.0311083 0.0235975
 0.00666191 0.0103942 0.0148705 0.0198601 0.0252054 0.0308222 0.0365941 0.0422873 0.0475694 0.0520925 0.0555666 0.0578077 0.0587713 0.0585642 0.0574184 0.0556375 0.0535307 0.0513381 0.0491444 0.0468046 0.0439421 0.0400825 0.0349139 0.0285451 0.0215753
 0.00695664 0.0108595 0.0155456 0.0207749 0.026378 0.0322553 0.0382677 0.0441526 0.0495508 0.054096 0.0574908 0.0595517 0.060239 0.0596648 0.0580663 0.0557519 0.05304 0.0501914 0.0473335 0.044392 0.0410818 0.0370167 0.0319334 0.0259206 0.019489
