SBPRF35
9.3954
Curr Bio
604509
B35
718785
F35
0.196154
FOFL
0.16284
OFL
78419.3
Bzero
2.6844e+006
#pred survey bio
 4.26376e+006 4.06939e+006 3.88237e+006 3.64949e+006 3.36879e+006 3.0948e+006 2.79291e+006 2.51676e+006 2.25578e+006 1.98465e+006 1.77148e+006 1.57518e+006 1.3869e+006 1.2252e+006 1.09164e+006 973588 862650 797823 745274 708233 672688 643850 633838 617522 609193 595631 586572 574250 569593 571368 570497 560223 555964 557163 552379 540917 527632 520195 519922 527080 531242 541835 555351 548723 552794 556747 558898 562399 562664 573820 577982 575579 548079 586916 589417 566165 576051 539574 525882 566324 600845 610709 593131 608847 2.12368e+007 1.26561e+007 1.28649e+007 1.36402e+007 1.47564e+007 1.59612e+007 1.70883e+007 1.80564e+007 1.88426e+007 1.94576e+007 1.99265e+007 2.0278e+007 2.05386e+007 2.07307e+007 2.08719e+007 2.09759e+007 2.10525e+007 2.11093e+007 2.11516e+007 2.11832e+007 2.1207e+007 2.1225e+007 2.12387e+007 2.12492e+007 2.12572e+007 2.12634e+007 2.12683e+007 2.1272e+007 2.12749e+007 2.12772e+007 2.12789e+007 2.12803e+007 2.12814e+007 2.12823e+007 2.12829e+007 2.12835e+007 2.12839e+007 2.12842e+007 2.12845e+007 2.12847e+007 2.12849e+007 2.1285e+007 2.12851e+007 2.12852e+007 2.12853e+007 2.12853e+007 2.12853e+007 2.12854e+007 2.12854e+007 2.12854e+007 2.12854e+007 2.12855e+007 2.12855e+007 2.12855e+007 2.12855e+007 2.12855e+007 2.12855e+007 2.12855e+007 2.12855e+007 2.12855e+007 2.12855e+007 2.12855e+007 2.12855e+007 2.12855e+007 2.12855e+007 2.12855e+007 2.12855e+007 2.12855e+007 2.12855e+007 2.12855e+007 2.12855e+007 2.12855e+007 2.12855e+007 2.12855e+007 2.12855e+007 2.12855e+007 2.12855e+007 2.12855e+007 2.12855e+007 2.12855e+007 2.12855e+007 2.12855e+007 2.12855e+007 2.12855e+007 2.12855e+007 2.12855e+007 2.12855e+007 2.12855e+007 2.12855e+007 2.12855e+007 2.12855e+007 2.12855e+007 2.12855e+007 2.12855e+007 2.12855e+007 2.12855e+007 2.12855e+007 2.12855e+007 2.12855e+007 2.12855e+007 0 0 0 0 0 0 0 0 0 0 0 0 0 0 0 0 0 0 0 0 0 0 0 0 0
#obs survey bio
 3.86588e+006 2.76493e+006 3.74556e+006 2.98391e+006 2.37551e+006 3.1064e+006 1.93087e+006 2.07433e+006 1.77519e+006 2.1759e+006 1.48269e+006 1.33481e+006 1.14544e+006 1.14411e+006 850089 913660 654533 959279 756878 802318 829692 600964 419946 684781 502862 616548 660701 404544 466620 540128 471244 406768 476845 522900 737043 568368 620192 633390 525109 438182 424827 694015 602413 605471 697963 431325 420798 778596 559532 442600 551418 579727 577576 654060 501187 729294 557341 534037 621757 477682 602307 530405 663158 542344
#pred catch bio
 99971.4 97128.9 148644 209182 224836 275002 277117 286731 315301 278469 275212 276719 258985 237812 225642 218401 176764 163995 147338 141937 132486 114873 119535 111856 115068 109537 110417 102674 96966.9 98711 104790 97036.7 89959.4 91878.9 93643.5 93110.5 89319.5 85953.9 82085.1 86096 81687 80316.6 97137.2 87068.7 87001.7 88944.6 88381.3 91540.8 83169 90124.8 96199.2 116850 61798.7 93901.8 113892 84960.1 122962 101663 57725.8 65511.8 87051.6 109455 80352 92993.9 78419.3 92161.5 92370 96535.9 103886 112165 119901 126436 131612 135532 138405 140458 141899 142895 143575 144035 144345 144551 144689 144779 144839 144879 144905 144922 144933 144941 144945 144948 144950 144952 144953 144953 144953 144954 144954 144954 144954 144954 144954 144954 144954 144954 144954 144954 144954 144954 144954 144954 144954 144954 144954 144954 144954 144954 144954 144954 144954 144954 144954 144954 144954 144954 144954 144954 144954 144954 144954 144954 144954 144954 144954 144954 144954 144954 144954 144954 144954 144954 144954 144954 144954 144954 144954 144954 144954 144954 144954 144954 144954 144954 144954 144954 144954 144954 144954 144954 144954 144954 144954 144954 0 0 0 0 0 0 0 0 0 0 0 0 0 0 0 0 0 0 0 0 0 0 0 0 0
#obs catch bio
 0 96893.9 148944 210372 225798 277548 280148 291149 321952 281786 278717 280521 262459 240820 229004 221556 179321 166136 149646 143449 133044 115314 121025 112880 116825 110741 111669 103522 98157.5 99856.1 106725 98237.3 90743.9 92878.7 93979.9 93650.2 89738.8 85474.7 81700 85891.1 81517.7 79930.5 97215 86730.2 86122.4 88547.6 88248.1 91082.8 82974.2 89943.4 95603.6 117387 61217.7 93673.2 114101 84170.9 122576 101504 57336.3 65347.5 86861.9 110045 80061.5 93095.5
#pred cpue bio
 4.19694e+006 4.00593e+006 3.82189e+006 3.59046e+006 3.31081e+006 3.0377e+006 2.73707e+006 2.46204e+006 2.20257e+006 1.93391e+006 1.72276e+006 1.52841e+006 1.34219e+006 1.18243e+006 1.05064e+006 934460 825660 762208 711227 675710 641745 613956 604067 588072 580010 567011 558480 546778 542287 544013 543375 533853 530285 532060 528210 517770 504570 496234 495125 501884 506023 516379 529584 523321 527500 531396 533294 536570 536785 547544 551523 549031 522050 559733 562628 540152 549660 514237 500714 539995 574057 583934 566629 582068 2.03448e+007 1.21429e+007 1.22315e+007 1.2849e+007 1.39027e+007 1.50912e+007 1.62148e+007 1.71821e+007 1.79682e+007 1.85832e+007 1.90521e+007 1.94036e+007 1.96642e+007 1.98563e+007 1.99975e+007 2.01015e+007 2.01781e+007 2.02349e+007 2.02771e+007 2.03087e+007 2.03325e+007 2.03505e+007 2.03643e+007 2.03747e+007 2.03828e+007 2.0389e+007 2.03938e+007 2.03976e+007 2.04005e+007 2.04027e+007 2.04045e+007 2.04059e+007 2.0407e+007 2.04079e+007 2.04085e+007 2.04091e+007 2.04095e+007 2.04098e+007 2.04101e+007 2.04103e+007 2.04105e+007 2.04106e+007 2.04107e+007 2.04108e+007 2.04108e+007 2.04109e+007 2.04109e+007 2.0411e+007 2.0411e+007 2.0411e+007 2.0411e+007 2.0411e+007 2.0411e+007 2.0411e+007 2.04111e+007 2.04111e+007 2.04111e+007 2.04111e+007 2.04111e+007 2.04111e+007 2.04111e+007 2.04111e+007 2.04111e+007 2.04111e+007 2.04111e+007 2.04111e+007 2.04111e+007 2.04111e+007 2.04111e+007 2.04111e+007 2.04111e+007 2.04111e+007 2.04111e+007 2.04111e+007 2.04111e+007 2.04111e+007 2.04111e+007 2.04111e+007 2.04111e+007 2.04111e+007 2.04111e+007 2.04111e+007 2.04111e+007 2.04111e+007 2.04111e+007 2.04111e+007 2.04111e+007 2.04111e+007 2.04111e+007 2.04111e+007 2.04111e+007 2.04111e+007 2.04111e+007 2.04111e+007 2.04111e+007 2.04111e+007 2.04111e+007 2.04111e+007 2.04111e+007 2.04111e+007 0 0 0 0 0 0 0 0 0 0 0 0 0 0 0 0 0 0 0 0 0 0 0 0 0
#obs cpue bio
 3.46254e+006 3.42178e+006 4.11681e+006 2.88281e+006 3.55292e+006 2.44313e+006 2.46535e+006 1.72541e+006 2.22108e+006 2.56146e+006 1.87688e+006 1.63662e+006 1.39249e+006 1.0934e+006 1.00474e+006 964718 692273 604382 438001 715455 704981 523009 522734 493393 433985 548875 446455 748656 384974 520722 383982 792717 618182 447163 649079 394958 429999 924144 463770 583572 596011 483454 425450 575154 817448 482765 559208 603294 384657 796688 770532 418112 572747 601835 553272 581723 652014 487070 409939 614124 638638 486765 585238 659455
#pred surv len freq
 0.00512493 0.00826343 0.0123305 0.0172757 0.022969 0.0291343 0.0353131 0.0409618 0.0456513 0.0492103 0.0517127 0.053364 0.0543907 0.0549817 0.0552632 0.0552924 0.0550672 0.0545374 0.0535932 0.0520243 0.049492 0.0455969 0.0400823 0.0330906 0.0252771
 0.0053224 0.00849837 0.01253 0.0173316 0.0227835 0.0286821 0.0346797 0.040323 0.0451931 0.0490368 0.0517998 0.0535836 0.054587 0.0550503 0.0551955 0.0551705 0.0550166 0.0546615 0.053918 0.0524806 0.0499464 0.0459162 0.0401957 0.0330128 0.0250849
 0.0055849 0.00891264 0.0131238 0.0181058 0.0236933 0.029622 0.035489 0.0408291 0.0452866 0.0487331 0.0512384 0.0529532 0.0540266 0.0545952 0.0547998 0.0547767 0.0546149 0.0542968 0.0536491 0.0523278 0.0498691 0.0458364 0.0400478 0.0327816 0.0248064
 0.00582135 0.00929641 0.0137003 0.0189167 0.024767 0.0309557 0.0370257 0.0424413 0.0467825 0.0498969 0.0518953 0.0530333 0.0535881 0.053789 0.0537947 0.0536963 0.0535232 0.0532253 0.0526261 0.0513822 0.0490154 0.0450675 0.0393484 0.0321499 0.0242613
 0.00609491 0.00973034 0.0143343 0.0197831 0.0258887 0.0323407 0.0386566 0.0442627 0.0486925 0.0517456 0.0534953 0.054188 0.0541399 0.0536697 0.0530484 0.0524586 0.0519666 0.051507 0.0508643 0.0496592 0.0473904 0.0435856 0.0380457 0.0310559 0.023396
 0.00636893 0.0101651 0.0149692 0.0206489 0.027004 0.0337069 0.04025 0.046031 0.0505584 0.0536134 0.0552531 0.0557046 0.0552667 0.0542599 0.0529947 0.0517321 0.0506326 0.0497072 0.0487753 0.047454 0.045217 0.0415637 0.0362684 0.0295878 0.0222672
 0.00668346 0.0106659 0.0157032 0.0216535 0.0283007 0.0352924 0.0420858 0.0480396 0.0526327 0.0556359 0.057112 0.0572993 0.0565015 0.055036 0.0532123 0.0513083 0.0495327 0.0479718 0.0465271 0.0448782 0.0425284 0.0389721 0.0339515 0.0276701 0.0208056
 0.00690569 0.0110332 0.0162674 0.0224676 0.0294095 0.036717 0.0438069 0.0499906 0.0547075 0.0577084 0.0590557 0.0590004 0.0578627 0.0559737 0.0536493 0.0511719 0.0487644 0.0465521 0.0445043 0.0423846 0.0397713 0.0361995 0.0314029 0.0255284 0.0191649
 0.007076 0.0113147 0.0167009 0.0230969 0.0302772 0.0378542 0.045221 0.0516543 0.0565563 0.059646 0.0609645 0.060755 0.059344 0.057078 0.0542914 0.0512812 0.0482838 0.045447 0.0427859 0.0401374 0.0371661 0.0334768 0.0288252 0.023317 0.0174493
 0.00738916 0.0117997 0.0173868 0.0239973 0.0313921 0.0391724 0.046719 0.0532925 0.0582782 0.0613807 0.0626314 0.0622672 0.0606121 0.058015 0.0548173 0.051326 0.0477899 0.044376 0.0411345 0.0379634 0.0346093 0.0307571 0.026204 0.0210331 0.0156558
 0.00768618 0.0122651 0.0180544 0.0248859 0.0325021 0.040482 0.0481798 0.0548323 0.0598142 0.0628378 0.0639543 0.0634183 0.0615595 0.0587197 0.0552272 0.0513773 0.047415 0.0435169 0.0397632 0.0361069 0.0323724 0.0283257 0.0238154 0.0189171 0.0139714
 0.00797394 0.0127256 0.0187335 0.02582 0.0337102 0.0419532 0.0498611 0.056626 0.0615922 0.0644687 0.0653312 0.0644743 0.0622687 0.0590853 0.0552616 0.0510838 0.0467773 0.0425037 0.038348 0.0342987 0.0302454 0.0260305 0.0215581 0.0169074 0.0123613
 0.00828964 0.0132269 0.0194658 0.0268182 0.0349927 0.0435133 0.0516547 0.0585645 0.0635491 0.0662981 0.0668919 0.0656521 0.0629924 0.0593333 0.0550553 0.0504682 0.0457985 0.041193 0.0367237 0.0323873 0.0281116 0.0237968 0.0193958 0.0149954 0.0108318
 0.00859091 0.0137034 0.0201585 0.0277567 0.0361911 0.0449632 0.0533164 0.0603622 0.0653766 0.068034 0.0684147 0.0668533 0.063786 0.0596651 0.0549089 0.0498644 0.0447845 0.0398267 0.0350635 0.030494 0.0260642 0.0217079 0.017409 0.0132567 0.00944814
 0.00882297 0.0140768 0.0207131 0.028527 0.0371995 0.04621 0.0547688 0.0619509 0.0670037 0.0695904 0.0697964 0.0679702 0.0645662 0.0600557 0.0548794 0.0494095 0.0439251 0.0386069 0.0335452 0.0287538 0.0241959 0.0198257 0.0156417 0.0117262 0.00823882
 0.00902869 0.0144075 0.0212038 0.0292084 0.0380927 0.047318 0.0560667 0.0633804 0.0684782 0.071008 0.071056 0.068984 0.0652672 0.0604004 0.0548468 0.048998 0.0431507 0.0375033 0.0321648 0.0271696 0.0225016 0.018133 0.0140691 0.0103789 0.00718411
 0.00925288 0.0147656 0.0217311 0.0299329 0.03903 0.048463 0.0573842 0.0648014 0.0699082 0.0723426 0.072198 0.0698548 0.0658122 0.0605906 0.0546766 0.0484812 0.0423152 0.0363884 0.0308222 0.0256664 0.0209234 0.0165807 0.0126475 0.00917683 0.00625409
 0.00924853 0.0147684 0.0217545 0.0299986 0.0391667 0.0487021 0.0577538 0.0653199 0.0705765 0.0731388 0.0730744 0.0707422 0.0666288 0.0612553 0.0551206 0.0486566 0.0421991 0.0359835 0.0301561 0.0247908 0.0199126 0.0155259 0.0116448 0.00830887 0.00557276
 0.00919985 0.0146986 0.0216674 0.0299055 0.0390858 0.0486568 0.0577706 0.065426 0.0707963 0.073488 0.073553 0.0713291 0.0672803 0.0619084 0.0557021 0.0490943 0.0424345 0.0359817 0.0299113 0.024329 0.0192886 0.0148166 0.0109353 0.0076753 0.00506575
 0.00919031 0.0146703 0.0216019 0.0297803 0.0388826 0.0483743 0.0574344 0.0650886 0.0705251 0.0733472 0.0735879 0.0715571 0.067689 0.0624571 0.0563266 0.0497155 0.0429705 0.0363621 0.0300907 0.0242959 0.019068 0.0144637 0.0105223 0.00727268 0.00472595
 0.00940212 0.0149716 0.0219747 0.030178 0.0392401 0.0486262 0.0575327 0.0650139 0.0702914 0.0730005 0.0731989 0.0712057 0.0674443 0.0623602 0.0563814 0.0498897 0.0432052 0.0365863 0.0302391 0.0243247 0.0189658 0.0142525 0.010248 0.00698925 0.00447778
 0.00968234 0.0153942 0.0225474 0.0308811 0.0400258 0.0494214 0.0582452 0.0655442 0.0705545 0.072953 0.0728562 0.0706399 0.0667632 0.0616775 0.0557886 0.0494386 0.0429024 0.0364002 0.0301158 0.0242087 0.0188181 0.0140613 0.0100275 0.00676806 0.00428482
 0.00967364 0.0154021 0.0225995 0.0310148 0.0402759 0.0498024 0.0587347 0.0660809 0.0710517 0.0733226 0.0730327 0.0705977 0.066522 0.061296 0.0553481 0.0490196 0.0425627 0.036162 0.0299661 0.024112 0.018735 0.013965 0.00991138 0.00664296 0.00416843
 0.00968024 0.0154164 0.0226289 0.0310717 0.040379 0.0499749 0.0589999 0.0664507 0.0715137 0.0738304 0.0735098 0.0709559 0.0666898 0.0612433 0.0550955 0.0486292 0.0421156 0.0357321 0.0296003 0.0238244 0.0185146 0.0137908 0.00976612 0.00651941 0.00406723
 0.00962249 0.0153284 0.0225079 0.0309203 0.0402065 0.0497987 0.058846 0.0663537 0.0715105 0.0739497 0.0737581 0.0713075 0.0670871 0.0616112 0.0553653 0.0487626 0.0421149 0.035633 0.0294527 0.0236713 0.0183801 0.0136808 0.00967701 0.00644622 0.00400799
 0.00957721 0.0152646 0.02243 0.0308384 0.0401329 0.0497434 0.0588138 0.0663445 0.0715241 0.0739901 0.0738348 0.0714305 0.0672582 0.0618157 0.0555708 0.0489279 0.042206 0.0356376 0.0293834 0.0235572 0.0182528 0.0135631 0.00957949 0.00637085 0.00395264
 0.00957604 0.0152513 0.0223898 0.0307523 0.0399859 0.0495338 0.0585607 0.0660859 0.0713045 0.0738459 0.0737848 0.0714765 0.0673905 0.0620176 0.0558196 0.0491935 0.0424536 0.0358359 0.0295142 0.0236202 0.0182627 0.0135411 0.0095446 0.00633565 0.00392328
 0.00974052 0.0154882 0.0226888 0.0310824 0.0403006 0.0497835 0.0587043 0.0660993 0.071187 0.0736213 0.073497 0.0711777 0.067127 0.0618191 0.0556958 0.0491371 0.0424454 0.0358507 0.0295279 0.0236164 0.0182368 0.0134986 0.009496 0.0062907 0.00388771
 0.00973896 0.015501 0.022735 0.0311857 0.0404787 0.0500335 0.0589932 0.0663683 0.0713704 0.0736724 0.0734055 0.0709714 0.0668588 0.0615473 0.0554673 0.0489774 0.0423574 0.0358198 0.0295307 0.0236298 0.0182445 0.0134938 0.0094805 0.00627027 0.00386814
 0.0096054 0.0153027 0.0224728 0.030876 0.0401531 0.0497347 0.0587678 0.0662561 0.0713903 0.0738111 0.073619 0.0712019 0.0670586 0.0616959 0.0555728 0.049064 0.0424488 0.0359276 0.0296516 0.0237507 0.0183503 0.0135744 0.00953344 0.00629976 0.0038815
 0.00938368 0.0149753 0.0220419 0.0303665 0.0396069 0.0492017 0.058298 0.0658962 0.0711802 0.0737769 0.0737639 0.0715003 0.0674597 0.0621375 0.0560001 0.049444 0.0427728 0.036203 0.0298892 0.023956 0.0185225 0.01371 0.00963138 0.0063636 0.00391868
 0.00929674 0.0148321 0.0218243 0.0300598 0.0392074 0.0487253 0.0577866 0.0654131 0.0707946 0.0735434 0.0737084 0.071618 0.0677215 0.0624996 0.0564123 0.0498589 0.0431548 0.0365328 0.0301629 0.0241783 0.0186997 0.0138468 0.00973131 0.00643114 0.00396018
 0.00919275 0.0146663 0.0215806 0.0297251 0.0387738 0.0481946 0.0571765 0.0647627 0.0701643 0.0730073 0.0733397 0.0714711 0.0678172 0.06282 0.0569066 0.0504575 0.043786 0.0371369 0.0306993 0.0246267 0.0190555 0.0141155 0.00992355 0.00656012 0.00404038
 0.00888266 0.0142072 0.0209731 0.0289985 0.0379764 0.0473786 0.0563869 0.0640363 0.0695345 0.0725092 0.0730112 0.0713494 0.0679307 0.0631773 0.0574878 0.0512126 0.0446423 0.0380139 0.031525 0.0253489 0.0196461 0.0145683 0.0102489 0.00677836 0.00417614
 0.00883632 0.0141 0.0207553 0.0286097 0.0373684 0.0465453 0.0553867 0.0629857 0.0685721 0.0717496 0.072516 0.0711289 0.0679661 0.063442 0.057956 0.0518543 0.0454145 0.0388575 0.0323714 0.0261326 0.0203178 0.015102 0.0106418 0.00704594 0.0043441
 0.00950235 0.01504 0.0219033 0.0298085 0.0384054 0.0472172 0.055558 0.0626191 0.0677284 0.0705677 0.0711793 0.069823 0.0668384 0.0625796 0.0573873 0.0515667 0.0453723 0.0390111 0.0326612 0.0264937 0.0206886 0.0154344 0.0109077 0.00723761 0.00446909
 0.0100478 0.0159109 0.0231763 0.0315221 0.0405264 0.0496019 0.0579339 0.0646198 0.0689928 0.0708631 0.0704814 0.0683102 0.0648142 0.0603713 0.0552671 0.0497144 0.0438754 0.0378853 0.0318751 0.0259894 0.0203969 0.015287 0.0108467 0.00722066 0.00446997
 0.0100409 0.0159628 0.0233723 0.0319834 0.0413819 0.0509391 0.0597453 0.0667706 0.0712246 0.0728382 0.0718613 0.068849 0.0644339 0.0591833 0.0535274 0.0477355 0.041938 0.0361842 0.0305072 0.0249706 0.0196906 0.0148307 0.0105722 0.00706703 0.00439008
 0.00984758 0.0156766 0.0229983 0.031557 0.0409752 0.050662 0.0597359 0.0671653 0.0721067 0.0741819 0.0735028 0.0705095 0.0657961 0.059991 0.0536657 0.0472569 0.0410257 0.0350761 0.0294182 0.0240442 0.0189884 0.0143495 0.010272 0.00689606 0.00430113
 0.00972566 0.0154724 0.0226814 0.0311001 0.0403665 0.0499235 0.0589406 0.0664407 0.0716161 0.0740832 0.0738962 0.0713919 0.0670396 0.0613653 0.0549034 0.0481392 0.0414509 0.0350772 0.0291263 0.0236227 0.0185731 0.0140187 0.0100477 0.00676415 0.0042334
 0.00971982 0.0154564 0.0226443 0.0310244 0.0402291 0.0496996 0.0586114 0.0660063 0.0711095 0.0735799 0.0735082 0.0712406 0.0672117 0.0618689 0.0556492 0.0489618 0.042167 0.0355531 0.0293202 0.0235824 0.0183967 0.0138049 0.00986298 0.00663481 0.00415693
 0.00965864 0.0153621 0.0225116 0.0308513 0.040016 0.0494475 0.0583219 0.0656821 0.070757 0.0732139 0.0731596 0.0709614 0.0670713 0.0619343 0.0559536 0.0494779 0.0428034 0.0361826 0.0298283 0.0239086 0.0185461 0.0138286 0.00982433 0.00658245 0.00411554
 0.00945302 0.0150605 0.0221183 0.0303916 0.0395287 0.0489732 0.0578931 0.0653197 0.0704716 0.0730082 0.0730317 0.0709101 0.067103 0.0620667 0.0562112 0.0498754 0.0433263 0.0367777 0.030415 0.0244079 0.01891 0.014053 0.00993839 0.00662786 0.00412776
 0.00944534 0.0150452 0.0220909 0.0303479 0.039468 0.0489018 0.0578246 0.0652707 0.0704518 0.0730124 0.0730389 0.0708931 0.0670433 0.0619671 0.056098 0.0497905 0.043309 0.036846 0.0305555 0.0245814 0.0190708 0.0141691 0.0100019 0.0066499 0.00412685
 0.00955542 0.0151843 0.0222269 0.0304274 0.0394321 0.0487111 0.0574807 0.0648197 0.0699706 0.0725827 0.0727235 0.070721 0.0670081 0.0620373 0.0562349 0.0499647 0.0435075 0.0370673 0.0307972 0.0248305 0.019304 0.0143624 0.0101413 0.00673657 0.00417271
 0.00964596 0.0153295 0.0224392 0.0307102 0.0397711 0.0490657 0.0577825 0.0649872 0.0699391 0.0723359 0.0723061 0.0702226 0.0665275 0.0616483 0.0559701 0.0498201 0.0434599 0.0370906 0.03087 0.0249349 0.0194219 0.0144751 0.0102337 0.00680145 0.00421149
 0.00959782 0.0152748 0.0224006 0.0307235 0.0398759 0.0492888 0.0581217 0.0654034 0.0703601 0.0726736 0.0724822 0.0701955 0.0663083 0.0612965 0.0555695 0.0494482 0.043166 0.0368915 0.0307587 0.0248925 0.0194262 0.0145047 0.010271 0.00683431 0.00423454
 0.00958972 0.0152525 0.022352 0.030636 0.0397457 0.0491313 0.0579768 0.0653266 0.0703998 0.0728453 0.0727538 0.070496 0.0665555 0.06143 0.0555721 0.0493467 0.0430133 0.0367414 0.0306472 0.0248325 0.0194118 0.0145206 0.0103005 0.00686454 0.00425834
 0.0096501 0.0153422 0.0224702 0.0307746 0.0398885 0.0492568 0.0580627 0.0653577 0.0703776 0.0727918 0.0727047 0.0704819 0.0665831 0.0614758 0.0555959 0.0493144 0.0429159 0.0365976 0.0304913 0.0246966 0.0193141 0.0144633 0.0102748 0.00685803 0.00426042
 0.00959398 0.0152579 0.0223565 0.030635 0.0397304 0.0490895 0.0578958 0.0652004 0.0702387 0.0726809 0.0726342 0.0704675 0.0666391 0.0616068 0.0557881 0.049536 0.0431281 0.0367706 0.0306143 0.0247773 0.0193684 0.0145051 0.010311 0.00688926 0.00428508
 0.00964212 0.0153264 0.0224415 0.0307267 0.0398159 0.0491571 0.057938 0.0652146 0.0702251 0.0726405 0.0725686 0.0703813 0.0665427 0.0615158 0.0557188 0.0494984 0.0431202 0.0367799 0.0306258 0.0247811 0.0193638 0.014497 0.0103048 0.00688737 0.00428674
 0.00965687 0.015363 0.0225188 0.0308677 0.0400388 0.0494628 0.0583015 0.0655867 0.0705467 0.0728617 0.0726621 0.0703454 0.0663956 0.061288 0.0554458 0.0492148 0.0428538 0.0365479 0.0304336 0.0246264 0.0192415 0.0144031 0.0102365 0.00684166 0.00425914
 0.00978588 0.0155788 0.0228546 0.0313566 0.0407052 0.0503081 0.0592897 0.0666385 0.0715488 0.0736889 0.0732047 0.0705337 0.0662145 0.0607775 0.0546882 0.0483125 0.0419077 0.0356409 0.0296227 0.0239428 0.0186949 0.0139885 0.00993935 0.0066421 0.00413481
 0.00933702 0.014879 0.0218611 0.0300602 0.0391441 0.0485819 0.0575668 0.0651404 0.070501 0.0732553 0.0734367 0.071359 0.0674676 0.0622524 0.0561917 0.0497012 0.0431016 0.0366156 0.0303905 0.0245319 0.0191362 0.0143092 0.0101631 0.00678999 0.0042264
 0.00941861 0.0149791 0.0219501 0.0300873 0.039047 0.0483055 0.0570845 0.0644705 0.0697135 0.0724651 0.072781 0.0709609 0.067397 0.0625034 0.0566876 0.0503257 0.0437385 0.03718 0.0308407 0.0248632 0.0193658 0.0144616 0.0102608 0.00685039 0.0042621
 0.009605 0.0152872 0.0224198 0.0307494 0.0399047 0.0493116 0.0581262 0.0653812 0.070317 0.0726355 0.0724893 0.0702843 0.0664896 0.0615433 0.0558228 0.0496386 0.0432408 0.0368343 0.0305931 0.0246698 0.0192035 0.0143245 0.0101509 0.00676954 0.00420811
 0.00942378 0.0150128 0.0220472 0.0302938 0.0394054 0.0488315 0.0577447 0.065174 0.070326 0.0728433 0.0728179 0.0706272 0.0667601 0.0617107 0.055916 0.0497182 0.0433609 0.0370153 0.0308191 0.0249046 0.0194119 0.0144862 0.0102626 0.00683911 0.00424772
 0.00977278 0.0155388 0.0227607 0.0311746 0.0404054 0.0498829 0.0587678 0.0660859 0.0710519 0.0733279 0.07303 0.0705536 0.0664005 0.0610813 0.0550609 0.0487168 0.0423171 0.0360322 0.0299719 0.0242272 0.0189014 0.0141187 0.0100081 0.00667023 0.00414159
 0.00981393 0.0156194 0.0229063 0.0314154 0.0407661 0.0503683 0.0593515 0.0667113 0.071647 0.0738267 0.0733879 0.0707505 0.0664325 0.0609509 0.054774 0.0482886 0.0417812 0.0354423 0.0293911 0.023711 0.0184833 0.0138065 0.00979103 0.00652859 0.00405471
 0.00940657 0.0149781 0.0219842 0.0301932 0.0392678 0.0486785 0.0576254 0.0651599 0.07049 0.07323 0.0734178 0.0713661 0.067511 0.0623265 0.0562739 0.0497592 0.043107 0.0365562 0.0302738 0.0243798 0.018974 0.0141579 0.0100353 0.00669126 0.00415649
 0.00934471 0.0148463 0.0217276 0.0297409 0.0385496 0.0476536 0.0563121 0.0636513 0.0689478 0.0718558 0.0724107 0.0708763 0.0676033 0.0629658 0.0573391 0.0510797 0.0445051 0.0378824 0.0314278 0.0253143 0.019686 0.014672 0.0103886 0.0069215 0.00429777
 0.00941769 0.0149722 0.021927 0.0300275 0.0389142 0.0480462 0.056634 0.0637722 0.0687507 0.0712911 0.0715307 0.0698294 0.0665902 0.0621766 0.0568988 0.0510194 0.0447678 0.0383554 0.0319848 0.0258508 0.0201374 0.0150143 0.0106266 0.00707498 0.00438993
 0.0092568 0.0147855 0.0217838 0.0300372 0.0391949 0.0486736 0.0575953 0.0649497 0.0699433 0.0722661 0.0720859 0.0698508 0.0660868 0.0612792 0.0558165 0.0499715 0.0439182 0.0377773 0.0316654 0.0257232 0.0201213 0.0150443 0.0106636 0.00710304 0.00440678
 0.00850114 0.0136524 0.0202615 0.0281921 0.0371712 0.0466796 0.0558808 0.0637672 0.0694853 0.0725954 0.0731003 0.0713098 0.0676935 0.0627775 0.05706 0.050939 0.044679 0.0384298 0.0322814 0.0263237 0.0206842 0.0155314 0.0110466 0.00737533 0.00458178
#obs surv len freq
 nan nan nan nan nan nan nan nan nan nan nan nan nan nan nan nan nan nan nan nan nan nan nan nan nan
 0.00448282 0.00734349 0.0111731 0.0159896 0.0216911 0.0279679 0.0342834 0.0400157 0.0446958 0.0481597 0.0505172 0.0520124 0.052904 0.0534157 0.0537295 0.053984 0.0542622 0.0545548 0.0546934 0.0542853 0.0527233 0.0493555 0.0438053 0.0362855 0.0276693
 0.00461877 0.00756469 0.011506 0.0164581 0.0223108 0.0287372 0.0351747 0.040973 0.0456415 0.0490095 0.051196 0.0524653 0.0531021 0.0533573 0.0534355 0.0534908 0.0536128 0.0537915 0.0538551 0.0534087 0.0518471 0.0485225 0.04306 0.0356655 0.0271954
 0.00477827 0.00782803 0.0119097 0.0170384 0.0230959 0.0297352 0.0363614 0.0422866 0.0469907 0.0502894 0.0523045 0.0533151 0.0536288 0.0535242 0.0532364 0.0529482 0.0527716 0.0527106 0.0526005 0.0520505 0.0504605 0.0471882 0.041858 0.0346621 0.0264271
 0.00496948 0.00813988 0.0123812 0.0177071 0.0239916 0.0308695 0.0377156 0.0438057 0.0485881 0.0518594 0.0537368 0.0545056 0.0544875 0.0539822 0.0532519 0.0525106 0.0519022 0.0514602 0.0510453 0.0502879 0.0486061 0.0453693 0.0402008 0.0332693 0.0253568
 0.00518066 0.00848673 0.0129097 0.0184623 0.0250087 0.0321602 0.0392542 0.0455249 0.0503888 0.0536294 0.0553671 0.0558976 0.0555539 0.0546475 0.053455 0.052211 0.0510874 0.0501527 0.0493077 0.0482252 0.0463627 0.0431177 0.0381174 0.0315014 0.0239899
 0.00542239 0.0088795 0.0135007 0.0192957 0.0261185 0.0335574 0.0409133 0.0473782 0.052334 0.0555479 0.0571417 0.0574241 0.0567447 0.0554301 0.0537696 0.0520096 0.0503383 0.0488512 0.0474906 0.045985 0.0438523 0.0405395 0.0356914 0.0294181 0.0223663
 0.00566515 0.00927924 0.0141116 0.020171 0.0272996 0.0350573 0.0426995 0.0493687 0.0544101 0.0575788 0.0590058 0.0590192 0.0579884 0.0562562 0.0541238 0.0518463 0.0496214 0.0475624 0.0456466 0.0436591 0.0411904 0.0377547 0.0330307 0.027106 0.0205483
 0.0058991 0.00966322 0.0146966 0.0210077 0.0284296 0.0364986 0.0444309 0.0513216 0.0564769 0.0596314 0.0609156 0.060672 0.0592913 0.0571386 0.054533 0.0517415 0.0489695 0.0463422 0.0438642 0.0413724 0.0385308 0.0349306 0.0302966 0.0247036 0.0186425
 0.00613421 0.0100493 0.0152849 0.0218485 0.0295628 0.0379385 0.0461509 0.0532491 0.0585033 0.0616332 0.0627731 0.0622801 0.0605624 0.0580029 0.0549371 0.0516447 0.0483411 0.0451628 0.0421376 0.0391475 0.0359265 0.0321433 0.0275757 0.0222936 0.0167168
 0.00637155 0.0104361 0.0158688 0.022675 0.0306666 0.0393306 0.0478045 0.0550942 0.0604358 0.0635339 0.0645273 0.0637883 0.0617452 0.0587991 0.0553004 0.0515393 0.0477388 0.0440449 0.0405056 0.0370439 0.033458 0.0294904 0.0249725 0.0199751 0.0148541
 0.00662231 0.0108476 0.016495 0.0235673 0.0318626 0.0408368 0.0495794 0.0570447 0.0624329 0.0654399 0.0662204 0.0651755 0.0627623 0.0594061 0.0554739 0.051265 0.0470061 0.0428471 0.0388497 0.03497 0.0310625 0.026937 0.0224759 0.017753 0.0130669
 0.00685716 0.0112341 0.0170851 0.0244122 0.0330021 0.0422829 0.051299 0.058953 0.0644045 0.0673324 0.0678997 0.0665329 0.0637229 0.059929 0.0555458 0.0508898 0.0461947 0.0416125 0.0372126 0.0329751 0.0287992 0.0245517 0.0201588 0.0156974 0.0114157
 0.00706853 0.0115812 0.0176141 0.0251683 0.034021 0.0435765 0.0528412 0.0606734 0.0661969 0.0690738 0.069469 0.0678247 0.0646555 0.0604483 0.0556266 0.0505311 0.0454121 0.0404319 0.0356692 0.0311231 0.0267267 0.0223907 0.0180755 0.0138583 0.00994242
 0.0072662 0.0119071 0.0181127 0.0258832 0.0349858 0.0448 0.054293 0.06228 0.0678523 0.070661 0.0708793 0.0689686 0.0654662 0.0608817 0.0556596 0.0501599 0.0446496 0.0393044 0.0342172 0.0294062 0.024833 0.0204415 0.0162161 0.0122299 0.00864537
 0.00746015 0.012223 0.0185893 0.0265566 0.0358823 0.0459248 0.055618 0.0637392 0.0693503 0.0720899 0.0721371 0.0699718 0.0661549 0.0612204 0.055634 0.0497726 0.0439159 0.0382508 0.032883 0.0278493 0.0231363 0.0187149 0.0145858 0.0108143 0.0075256
 0.00753603 0.0123526 0.0187964 0.0268686 0.0363259 0.046519 0.0563656 0.064622 0.0703299 0.0731123 0.0731383 0.0708827 0.0669078 0.0617548 0.0559032 0.0497473 0.0435854 0.0376225 0.0319835 0.0267267 0.0218638 0.0173894 0.0133173 0.00970469 0.00664431
 0.00759569 0.0124418 0.0189171 0.0270198 0.0365077 0.0467372 0.0566341 0.0649601 0.0707547 0.0736296 0.0737361 0.0715286 0.0675518 0.0623358 0.0563571 0.0500162 0.0436249 0.0374087 0.0315171 0.0260362 0.0210065 0.0164474 0.012386 0.00887372 0.0059762
 0.00764044 0.0125073 0.019002 0.0271179 0.0366094 0.0468327 0.0567179 0.0650347 0.0708339 0.0737382 0.0739041 0.0717801 0.0678921 0.0627435 0.0567849 0.0503995 0.0438959 0.0375106 0.0314157 0.0257287 0.020524 0.0158512 0.0117556 0.0082874 0.0054923
 0.00770984 0.0126123 0.0191451 0.0272952 0.0368105 0.0470414 0.0569138 0.0651961 0.0709438 0.0737917 0.0739132 0.0717725 0.0679028 0.0628015 0.0568999 0.050555 0.0440509 0.0376107 0.0314101 0.0255861 0.0202442 0.0154667 0.0113223 0.00786784 0.00513671
 0.00780501 0.0127614 0.0193582 0.0275764 0.0371549 0.0474324 0.0573206 0.0655761 0.0712508 0.0739882 0.0739809 0.0717178 0.067754 0.0626011 0.0566923 0.050373 0.0439052 0.0374871 0.0312768 0.0254091 0.0200038 0.0151678 0.0109933 0.00754905 0.00486461
 0.00781007 0.0127743 0.0193864 0.0276298 0.0372439 0.0475639 0.0574942 0.065782 0.0714706 0.0741978 0.074155 0.0718354 0.0678036 0.0625846 0.0566252 0.0502787 0.0438058 0.0373937 0.0311848 0.0253023 0.0198654 0.0149922 0.0107916 0.00734488 0.00468372
 0.00784623 0.0128233 0.0194426 0.027683 0.037284 0.0475872 0.0575075 0.065801 0.0715126 0.0742729 0.0742607 0.0719561 0.0679169 0.062669 0.0566672 0.0502767 0.0437684 0.0373334 0.0311108 0.0252166 0.019764 0.0148723 0.0106574 0.00720892 0.00456152
 0.00784873 0.0128276 0.0194491 0.0276911 0.0372909 0.0475872 0.0574928 0.065766 0.071459 0.0742135 0.0742166 0.0719483 0.0679562 0.0627503 0.0567718 0.050381 0.0438533 0.0373888 0.0311352 0.025212 0.0197335 0.0148192 0.0105876 0.00713182 0.00448822
 0.00787831 0.0128667 0.0194915 0.0277258 0.0373057 0.0475736 0.0574502 0.0657008 0.0713814 0.0741333 0.0741427 0.0718902 0.0679241 0.0627532 0.0568126 0.0504527 0.0439406 0.0374738 0.0312027 0.0252536 0.019747 0.0148074 0.0105567 0.0070903 0.00444519
 0.00790185 0.0129054 0.0195496 0.0278061 0.0374062 0.0476852 0.0575553 0.0657772 0.0714097 0.0741055 0.0740651 0.0717806 0.0678051 0.0626453 0.0567307 0.0504044 0.0439247 0.0374818 0.0312219 0.025271 0.0197535 0.0147995 0.0105361 0.00706227 0.00441587
 0.00789831 0.012899 0.0195393 0.027791 0.037387 0.0476649 0.0575391 0.0657702 0.0714135 0.0741159 0.0740734 0.0717782 0.0677888 0.0626197 0.0567056 0.0503905 0.0439292 0.0375054 0.0312588 0.0253117 0.0197884 0.0148221 0.0105446 0.00705922 0.0044062
 0.00791024 0.0129119 0.0195468 0.0277835 0.0373547 0.0476022 0.0574488 0.0656641 0.0713095 0.0740317 0.0740214 0.0717616 0.0678025 0.0626535 0.0567499 0.0504398 0.0439822 0.0375629 0.0313201 0.025373 0.0198438 0.0148658 0.0105739 0.00707472 0.0044114
 0.00788105 0.0128683 0.0194879 0.0277102 0.0372686 0.0475037 0.0573375 0.0655406 0.0711786 0.0739053 0.0739167 0.071697 0.0677904 0.0626959 0.0568383 0.0505588 0.044116 0.0376986 0.0314491 0.0254897 0.0199437 0.0149456 0.0106322 0.00711285 0.00443322
 0.00787046 0.0128455 0.0194436 0.0276337 0.0371509 0.047344 0.0571461 0.0653382 0.0709895 0.0737496 0.0738065 0.0716369 0.0677818 0.0627386 0.0569296 0.0506914 0.0442774 0.0378731 0.0316217 0.0256481 0.0200796 0.0150547 0.0107133 0.00716822 0.00446743
 0.00787276 0.0128467 0.0194404 0.0276202 0.0371195 0.047286 0.0570542 0.0652099 0.0708304 0.0735748 0.0736378 0.0714977 0.0676899 0.0627033 0.0569514 0.0507645 0.0443914 0.0380146 0.0317755 0.0257995 0.0202161 0.0151681 0.0108 0.00722901 0.00450623
 0.00784095 0.0127985 0.0193745 0.0275375 0.0370225 0.0471779 0.0569382 0.065089 0.0707077 0.0734542 0.0735253 0.0714023 0.0676234 0.0626774 0.056974 0.050837 0.0445081 0.0381642 0.0319429 0.0259687 0.0203727 0.0153012 0.010904 0.00730335 0.00455466
 0.00778892 0.0127117 0.0192405 0.027345 0.0367659 0.0468635 0.0565881 0.0647398 0.0704012 0.0732252 0.0733929 0.071368 0.0676767 0.0628027 0.0571562 0.0510628 0.0447653 0.0384396 0.0322215 0.0262345 0.0206108 0.0155003 0.0110584 0.0074137 0.00462689
 0.00776763 0.0126724 0.0191724 0.027235 0.0366011 0.0466359 0.0563003 0.0644079 0.0700546 0.0729017 0.0731313 0.0711996 0.0676181 0.0628535 0.0573017 0.0512807 0.0450315 0.0387317 0.0325196 0.0265206 0.020869 0.0157182 0.0112293 0.0075373 0.00470873
 0.00774241 0.0126305 0.0191074 0.0271399 0.036469 0.0464615 0.0560823 0.0641511 0.0697712 0.0726115 0.0728607 0.0709785 0.0674749 0.0628082 0.0573613 0.0514371 0.0452645 0.0390146 0.0328244 0.0268216 0.021145 0.0159537 0.0114157 0.00767331 0.00479962
 0.00932557 0.0148474 0.0217849 0.0298962 0.0388251 0.0480177 0.0566581 0.063811 0.0687434 0.0711697 0.0712384 0.0693398 0.0659232 0.0614071 0.0561487 0.0504319 0.0444686 0.0384148 0.0323959 0.0265332 0.0209642 0.0158499 0.0113626 0.00765033 0.00479224
 0.00930376 0.015106 0.0226925 0.0319104 0.0422938 0.0529102 0.0623941 0.0693551 0.0729722 0.0733138 0.071135 0.0673758 0.0627654 0.0577167 0.0524188 0.0469601 0.0414031 0.0358118 0.0302607 0.024842 0.0196752 0.0149103 0.0107122 0.00722654 0.00453457
 0.00897385 0.0145866 0.0219639 0.0310225 0.0414192 0.0523802 0.0626595 0.0708242 0.0757655 0.0770814 0.0750997 0.0706269 0.0646373 0.0580195 0.0514089 0.0451287 0.0392458 0.0336937 0.0283906 0.0233069 0.0184866 0.0140388 0.0101088 0.00683417 0.00429679
 0.00879562 0.0142868 0.0214948 0.0303371 0.0404893 0.0512298 0.0614066 0.0697084 0.0751279 0.0772698 0.0763134 0.0727713 0.0672909 0.0605705 0.053302 0.0460764 0.0392856 0.0330904 0.0274741 0.0223479 0.0176485 0.0133878 0.0096474 0.00653278 0.00411499
 0.00871384 0.0141501 0.0212812 0.0300212 0.0400445 0.0506351 0.060658 0.0688363 0.0742167 0.0764718 0.0758383 0.0728332 0.0680141 0.0618969 0.0549687 0.0477003 0.0405198 0.0337572 0.0276006 0.0221017 0.0172327 0.0129618 0.00929857 0.00628662 0.00396065
 0.00868653 0.0141017 0.0212006 0.0298944 0.0398562 0.0503713 0.0603096 0.0684015 0.0737049 0.075911 0.0752874 0.0723903 0.0678074 0.0620444 0.0555162 0.0485723 0.0415262 0.034665 0.0282323 0.0223988 0.0172516 0.012818 0.00910378 0.0061128 0.00383614
 0.00868746 0.0141018 0.0211977 0.0298844 0.0398326 0.0503247 0.0602278 0.0682713 0.0735143 0.0756542 0.0749703 0.0720386 0.0674726 0.0618026 0.05545 0.0487362 0.0419101 0.0351829 0.0287523 0.0228006 0.0174758 0.0128774 0.00905686 0.00602486 0.0037525
 0.00869314 0.01411 0.021208 0.0298955 0.0398422 0.0503295 0.0602232 0.0682507 0.0734694 0.0755752 0.0748489 0.0718716 0.0672687 0.0615878 0.0552686 0.0486413 0.0419424 0.0353476 0.0290087 0.0230763 0.0177 0.0130112 0.00910242 0.0060119 0.00371578
 0.00866693 0.0140727 0.0211619 0.0298458 0.0397959 0.0502923 0.0601977 0.068236 0.0734612 0.0755672 0.0748332 0.0718403 0.0672154 0.0615123 0.0551811 0.0485645 0.0419066 0.0353775 0.0291089 0.023225 0.0178576 0.0131393 0.00918113 0.00604344 0.00371642
 0.00866176 0.0140615 0.0211399 0.0298081 0.039739 0.0502182 0.0601149 0.0681584 0.0734029 0.0755368 0.0748301 0.0718555 0.0672358 0.0615257 0.055181 0.0485533 0.041896 0.0353844 0.0291471 0.0232964 0.0179494 0.0132303 0.00925228 0.00608664 0.00373494
 0.00863551 0.0140229 0.0210893 0.0297477 0.0396723 0.0501474 0.0600412 0.068083 0.0733296 0.0754732 0.0747862 0.0718396 0.0672501 0.0615646 0.0552337 0.0486089 0.0419484 0.0354349 0.0292014 0.0233597 0.0180209 0.0133023 0.0093144 0.00613156 0.00376146
 0.00862495 0.0140035 0.0210564 0.0296964 0.0395992 0.050054 0.059935 0.0679764 0.073236 0.0754024 0.0747428 0.0718239 0.0672605 0.0615989 0.0552881 0.0486772 0.0420235 0.0355105 0.0292748 0.0234304 0.0180889 0.0133655 0.00936867 0.00617303 0.00378893
 0.00862194 0.0139991 0.0210503 0.0296881 0.0395874 0.0500359 0.0599067 0.0679345 0.0731803 0.0753372 0.0746766 0.0717667 0.0672206 0.0615808 0.0552922 0.0487011 0.0420626 0.0355596 0.0293287 0.0234854 0.018142 0.0134142 0.00941047 0.0062058 0.00381182
 0.00862839 0.0140066 0.0210562 0.0296884 0.0395777 0.0500138 0.0598728 0.0678921 0.0731335 0.0752894 0.0746301 0.0717236 0.0671842 0.0615554 0.0552819 0.0487081 0.0420862 0.0355966 0.0293745 0.0235349 0.0181908 0.0134588 0.00944832 0.00623529 0.00383267
 0.00863281 0.0140172 0.0210782 0.0297276 0.0396383 0.0500942 0.0599637 0.0679779 0.0731969 0.0753179 0.0746195 0.071678 0.067113 0.0614702 0.0551942 0.0486278 0.0420207 0.0355499 0.0293469 0.0235239 0.0181923 0.0134679 0.00946073 0.0062476 0.00384278
 0.00863281 0.0140172 0.0210782 0.0297276 0.0396383 0.0500942 0.0599637 0.0679779 0.0731969 0.0753179 0.0746195 0.071678 0.067113 0.0614702 0.0551942 0.0486278 0.0420207 0.0355499 0.0293469 0.0235239 0.0181923 0.0134679 0.00946073 0.0062476 0.00384278
 0.00869686 0.014118 0.0212235 0.0299219 0.0398811 0.0503779 0.0602715 0.0682825 0.0734642 0.0755132 0.0747158 0.0716626 0.0669902 0.0612596 0.0549255 0.0483338 0.0417309 0.0352866 0.0291239 0.023347 0.0180606 0.0133763 0.00940128 0.00621194 0.00382315
 0.00886761 0.0143958 0.0216403 0.0305032 0.0406355 0.0512836 0.061265 0.0692622 0.0743107 0.0761204 0.0750157 0.0716352 0.0666595 0.0606817 0.0541754 0.0474925 0.0408745 0.0344778 0.0284074 0.0227484 0.0175883 0.013025 0.00915593 0.00605196 0.00372639
 0.00839738 0.0136701 0.0206243 0.0292011 0.0391009 0.049628 0.0596592 0.0679164 0.0734265 0.0758301 0.075341 0.072487 0.0678738 0.062071 0.0555724 0.048776 0.041977 0.0353779 0.0291152 0.0232892 0.0179913 0.0133168 0.00935954 0.00618715 0.0038107
 0.00858463 0.0139105 0.0208678 0.0293613 0.039079 0.0493509 0.0591138 0.0671613 0.072578 0.0750306 0.074724 0.0721461 0.0678429 0.0623197 0.0560204 0.0493204 0.0425221 0.0358565 0.0294949 0.0235675 0.0181834 0.0134438 0.00944103 0.00623799 0.00384132
 0.00879554 0.0142733 0.0214447 0.0302059 0.0402044 0.0506895 0.0604952 0.0683384 0.0733047 0.0751568 0.0742519 0.07122 0.0666833 0.0611438 0.0549836 0.0484951 0.0419084 0.0354119 0.0291664 0.0233131 0.0179793 0.0132812 0.00931749 0.00615091 0.00378524
 0.00858065 0.0139526 0.021019 0.0297042 0.0396872 0.0502448 0.0602243 0.0683247 0.0735734 0.0756459 0.0748238 0.0717161 0.0669946 0.0612524 0.0549528 0.0484221 0.0418726 0.0354471 0.0292627 0.0234379 0.0180999 0.0133775 0.00938399 0.00619173 0.00380796
 0.00880685 0.0142835 0.0214483 0.0302023 0.0402093 0.0507464 0.0606739 0.0687102 0.0738982 0.0759183 0.0750396 0.0718462 0.0669873 0.061057 0.0545531 0.0478561 0.0412232 0.0348092 0.0287094 0.0230029 0.0177821 0.0131567 0.00923588 0.00609569 0.00374847
 0.00875409 0.014231 0.0214291 0.030263 0.0403923 0.0510647 0.0610949 0.0691619 0.0742996 0.0762145 0.0752207 0.0719366 0.0670173 0.061037 0.0544685 0.0476841 0.0409578 0.0344744 0.0283519 0.0226722 0.0175113 0.0129567 0.00909997 0.00600947 0.00369698
 0.00836878 0.0136089 0.0205064 0.0289989 0.0387948 0.0492219 0.0591918 0.0674564 0.0730534 0.075608 0.0753019 0.0726285 0.0681667 0.062468 0.0560152 0.0492051 0.0423429 0.0356528 0.0292962 0.0233925 0.0180407 0.0133341 0.00936058 0.00618157 0.00380387
 0.00832259 0.0134943 0.0202604 0.0285376 0.0380332 0.0481088 0.0577449 0.065783 0.0713419 0.0740934 0.0742119 0.0721262 0.0683089 0.0631967 0.0571843 0.0506267 0.0438331 0.0370623 0.0305251 0.0243919 0.0188049 0.0138869 0.00973958 0.00642745 0.00395378
 0.00846423 0.0137227 0.0205963 0.0289868 0.0385715 0.0486639 0.0581917 0.065965 0.0711234 0.0734221 0.0731575 0.0708714 0.0670938 0.0622429 0.0566308 0.0505023 0.0440688 0.037532 0.0310921 0.0249451 0.0192752 0.0142466 0.00999157 0.00659065 0.0040519
 0.00862384 0.0139951 0.0210291 0.0296285 0.0394554 0.0497831 0.0594749 0.0672677 0.0722467 0.0741564 0.0733392 0.0704353 0.0661022 0.060876 0.0551366 0.049122 0.0429709 0.0367808 0.030659 0.0247469 0.0192177 0.0142541 0.0100175 0.00661395 0.00406706
 0.00833444 0.013557 0.0204331 0.0288962 0.0386433 0.0489836 0.0588092 0.0668647 0.0722042 0.0744967 0.0739855 0.0712272 0.0668504 0.0614307 0.0554387 0.0492131 0.042959 0.0367826 0.0307489 0.0249374 0.0194723 0.0145185 0.0102468 0.00678593 0.00418069
#pred catch len freq
 0.00450541 0.00711062 0.0103366 0.0140921 0.018323 0.022997 0.028032 0.0332542 0.0384272 0.0433127 0.047711 0.0514799 0.0545448 0.0568959 0.0585651 0.0595974 0.0600309 0.0598785 0.0590912 0.0574975 0.0547679 0.0504897 0.0443971 0.0366581 0.0280042
 0.00469046 0.00734099 0.0105569 0.0142175 0.0182748 0.0227519 0.0276525 0.0328712 0.0381774 0.0432654 0.0478322 0.0516542 0.0546396 0.0568302 0.05835 0.0593308 0.0598513 0.0598977 0.0593363 0.0578918 0.0551651 0.0507457 0.044437 0.0365015 0.0277376
 0.00495589 0.00774976 0.0111247 0.0149302 0.0190778 0.0235442 0.0282977 0.0332357 0.0381892 0.0429597 0.0473417 0.0511397 0.0542054 0.0564837 0.0580312 0.0589827 0.0594744 0.0595513 0.0590907 0.0577716 0.0551256 0.0506994 0.0443099 0.0362755 0.0274522
 0.00522183 0.00816808 0.0117289 0.0157442 0.0201121 0.024788 0.029702 0.0346957 0.0395423 0.0440137 0.047934 0.0512007 0.0537861 0.0557245 0.0570893 0.0579709 0.0584493 0.058542 0.0581274 0.0568861 0.0543322 0.0499867 0.0436563 0.0356747 0.0269229
