SBPRF35
9.34591
Curr Bio
588379
B35
693471
F35
0.195246
FOFL
0.167869
OFL
80579.7
Bzero
2.67026e+006
#pred survey bio
 3.52936e+006 3.23335e+006 2.91015e+006 2.62013e+006 2.33383e+006 2.06594e+006 1.84431e+006 1.61636e+006 1.44271e+006 1.27322e+006 1.13148e+006 995903 900869 829943 762588 736570 700539 667210 651950 637416 627072 614643 613527 614913 599221 593430 583066 576296 569407 570515 558329 544171 532028 524856 528572 536906 549833 555790 563908 568462 579843 577665 577216 579231 580423 567565 568045 526695 575754 598493 668265 673685 669492 643095 614146 610944 618282 622592 607257 594103 2.12201e+007 1.2592e+007 1.27618e+007 1.35109e+007 1.46176e+007 1.58257e+007 1.69629e+007 1.79432e+007 1.87412e+007 1.93663e+007 1.98432e+007 2.02008e+007 2.0466e+007 2.06614e+007 2.08051e+007 2.09107e+007 2.09885e+007 2.1046e+007 2.10888e+007 2.11208e+007 2.11448e+007 2.1163e+007 2.11768e+007 2.11874e+007 2.11955e+007 2.12017e+007 2.12065e+007 2.12103e+007 2.12132e+007 2.12154e+007 2.12172e+007 2.12186e+007 2.12197e+007 2.12206e+007 2.12212e+007 2.12218e+007 2.12222e+007 2.12225e+007 2.12228e+007 2.1223e+007 2.12231e+007 2.12233e+007 2.12234e+007 2.12235e+007 2.12235e+007 2.12236e+007 2.12236e+007 2.12236e+007 2.12237e+007 2.12237e+007 2.12237e+007 2.12237e+007 2.12237e+007 2.12237e+007 2.12237e+007 2.12237e+007 2.12237e+007 2.12237e+007 2.12237e+007 2.12238e+007 2.12238e+007 2.12238e+007 2.12238e+007 2.12238e+007 2.12238e+007 2.12238e+007 2.12238e+007 2.12238e+007 2.12238e+007 2.12238e+007 2.12238e+007 2.12238e+007 2.12238e+007 2.12238e+007 2.12238e+007 2.12238e+007 2.12238e+007 2.12238e+007 2.12238e+007 2.12238e+007 2.12238e+007 2.12238e+007 2.12238e+007 2.12238e+007 2.12238e+007 2.12238e+007 2.12238e+007 2.12238e+007 2.12238e+007 2.12238e+007 2.12238e+007 2.12238e+007 2.12238e+007 2.12238e+007 2.12238e+007 2.12238e+007 2.12238e+007 2.12238e+007 2.12238e+007 2.12238e+007 0 0 0 0 0 0 0 0 0 0 0 0 0 0 0 0 0 0 0 0 0 0 0 0 0
#obs survey bio
 2.48387e+006 2.77443e+006 2.3367e+006 1.91137e+006 2.44798e+006 2.24098e+006 1.9908e+006 1.66258e+006 898514 1.2077e+006 913363 767961 650524 580917 736649 703349 556079 1.03296e+006 842150 796497 540971 461459 519725 446196 551389 896415 536973 581050 586516 669654 434364 411481 483930 490312 485580 494844 670566 566358 463130 647698 545028 656234 516590 799358 601136 738779 400016 674424 375974 631778 624608 904180 672658 743852 505766 503829 602815 689512 527963 616504
#pred catch bio
 261283 301320 289259 305412 307392 282519 302058 264504 267814 246226 240362 203450 180837 174794 136821 142684 136177 117049 113817 108565 109313 99297.7 96904.7 109683 98726.6 100130 94876.5 93261.2 85056.2 94424 93653.3 91572 90373.4 85685.9 85421.8 83792.1 90695.4 89345.4 92558.7 86872.5 97911.1 95614.9 92827.9 92190.3 101740 88831.1 122867 48056.9 74332.6 38127.6 94560.9 101953 120294 121732 100268 92640.7 95403.8 110122 104573 78604 80579.7 91303.2 91120.1 95043.8 102293 110570 118357 124962 130208 134190 137112 139204 140673 141689 142384 142854 143170 143382 143522 143615 143677 143717 143744 143761 143773 143780 143785 143789 143791 143792 143793 143793 143794 143794 143794 143794 143794 143794 143794 143794 143794 143794 143794 143794 143794 143794 143794 143794 143794 143794 143794 143794 143794 143794 143794 143794 143794 143794 143794 143794 143794 143794 143794 143794 143794 143794 143794 143794 143794 143794 143794 143794 143794 143794 143794 143794 143794 143794 143794 143794 143794 143794 143794 143794 143794 143794 143794 143794 143794 143794 143794 143794 143794 143794 143794 143794 143794 143794 143794 143794 0 0 0 0 0 0 0 0 0 0 0 0 0 0 0 0 0 0 0 0 0 0 0 0 0
#obs catch bio
 241982 302554 290902 308989 311389 285277 307050 268515 274173 251196 244288 205693 183267 177732 137940 144718 138160 117628 114086 108745 110025 100029 97858.2 110877 99434.8 100336 95282.8 93749.5 85415.7 94733.7 94306.3 92500.2 90999.6 86086.2 85776.6 84066.9 90890.6 89490.7 93096.7 86830.2 98073.9 95433.5 93180.5 92278.5 101268 87708.9 123086 47410.3 75080.8 37735.3 95703.7 102352 120888 122286 100428 92870.7 95568.5 110424 104926 78418.7
#pred cpue bio
 3.46451e+006 3.17174e+006 2.8525e+006 2.56436e+006 2.27958e+006 2.01357e+006 1.79345e+006 1.56753e+006 1.39544e+006 1.22818e+006 1.08887e+006 956026 862871 793539 728048 702946 668337 636510 622239 608400 598344 586153 585020 586588 571742 566594 556976 550649 544137 545494 534042 520534 508094 499589 502022 509868 522615 528610 536550 541068 552306 550391 550037 552188 553844 541811 542326 501733 548887 571110 639273 644883 640605 614368 585674 582216 589391 594017 579636 567583 2.03331e+007 1.20858e+007 1.21214e+007 1.27076e+007 1.37507e+007 1.49422e+007 1.60758e+007 1.70554e+007 1.78533e+007 1.84783e+007 1.89552e+007 1.93128e+007 1.9578e+007 1.97734e+007 1.99171e+007 2.00227e+007 2.01005e+007 2.01581e+007 2.02008e+007 2.02328e+007 2.02568e+007 2.0275e+007 2.02888e+007 2.02994e+007 2.03075e+007 2.03137e+007 2.03186e+007 2.03223e+007 2.03252e+007 2.03275e+007 2.03292e+007 2.03306e+007 2.03317e+007 2.03326e+007 2.03332e+007 2.03338e+007 2.03342e+007 2.03345e+007 2.03348e+007 2.0335e+007 2.03352e+007 2.03353e+007 2.03354e+007 2.03355e+007 2.03355e+007 2.03356e+007 2.03356e+007 2.03357e+007 2.03357e+007 2.03357e+007 2.03357e+007 2.03357e+007 2.03357e+007 2.03357e+007 2.03357e+007 2.03358e+007 2.03358e+007 2.03358e+007 2.03358e+007 2.03358e+007 2.03358e+007 2.03358e+007 2.03358e+007 2.03358e+007 2.03358e+007 2.03358e+007 2.03358e+007 2.03358e+007 2.03358e+007 2.03358e+007 2.03358e+007 2.03358e+007 2.03358e+007 2.03358e+007 2.03358e+007 2.03358e+007 2.03358e+007 2.03358e+007 2.03358e+007 2.03358e+007 2.03358e+007 2.03358e+007 2.03358e+007 2.03358e+007 2.03358e+007 2.03358e+007 2.03358e+007 2.03358e+007 2.03358e+007 2.03358e+007 2.03358e+007 2.03358e+007 2.03358e+007 2.03358e+007 2.03358e+007 2.03358e+007 2.03358e+007 2.03358e+007 2.03358e+007 2.03358e+007 0 0 0 0 0 0 0 0 0 0 0 0 0 0 0 0 0 0 0 0 0 0 0 0 0
#obs cpue bio
 3.04713e+006 3.14804e+006 1.99489e+006 1.97591e+006 1.91321e+006 1.84162e+006 1.17545e+006 1.0769e+006 1.23759e+006 1.16763e+006 1.60163e+006 1.21431e+006 811332 883806 734584 526874 681648 569413 584608 468069 493073 567347 462650 892340 561737 584215 445784 501827 431934 595666 451383 470054 657721 541056 549272 513980 514447 479869 488942 635514 599315 595932 378383 469596 1.02937e+006 624456 606447 466165 406307 466544 530586 507638 679138 540288 687539 620652 623457 596345 644474 649354
#pred surv len freq
 0.00639283 0.0102087 0.0150405 0.0207503 0.0271215 0.0337994 0.0402497 0.0458635 0.0501833 0.0530679 0.054671 0.0552938 0.0552452 0.0547715 0.0540359 0.0531203 0.0520396 0.0507578 0.0491842 0.0471417 0.0443467 0.0404665 0.0352917 0.0289513 0.0220053
 0.00662349 0.010505 0.0153479 0.0209872 0.0272251 0.0337839 0.0402366 0.0460472 0.0507365 0.0540393 0.0559413 0.0566174 0.056351 0.0554647 0.0542528 0.0529221 0.051561 0.0501365 0.048503 0.0464098 0.0435258 0.0395269 0.0342596 0.0279155 0.0210802
 0.00717196 0.0113354 0.0164785 0.0223822 0.028791 0.0353782 0.0416896 0.0472063 0.0515253 0.0544976 0.0562046 0.0568329 0.0565813 0.055648 0.0542461 0.0525911 0.0508521 0.0490906 0.0472163 0.0449796 0.0420222 0.0380023 0.0327767 0.0265594 0.0199405
 0.00748249 0.0118593 0.0172998 0.0235845 0.0304304 0.0374429 0.0440648 0.0496694 0.0537904 0.0562969 0.057371 0.0573445 0.0565435 0.0552212 0.0535582 0.0516873 0.0497087 0.0476716 0.0455251 0.0430752 0.0400037 0.0359864 0.0308831 0.0248998 0.0185995
 0.00780487 0.0123646 0.0180286 0.0245698 0.0317022 0.0390282 0.0459747 0.0518732 0.0561864 0.0586991 0.0595292 0.0590015 0.0575113 0.0554359 0.0530813 0.0506533 0.0482543 0.0458927 0.0434819 0.0408271 0.0376413 0.0336384 0.0286985 0.0230152 0.0171065
 0.00820991 0.0129915 0.0189132 0.0257254 0.03312 0.0406803 0.0478154 0.0538418 0.0582132 0.0607081 0.06143 0.0606733 0.0587995 0.0561778 0.0531556 0.0500224 0.0469716 0.0440726 0.0412601 0.0383394 0.0350281 0.0310557 0.0263126 0.0209751 0.0155075
 0.00850943 0.0134726 0.0196259 0.0267109 0.034401 0.0422482 0.0496178 0.0557824 0.0601707 0.0625661 0.0630984 0.0620898 0.0599109 0.0569176 0.0534373 0.0497574 0.0461041 0.0426096 0.0392796 0.0359782 0.0324617 0.0284801 0.0239224 0.0189336 0.0139143
 0.00888853 0.0140671 0.0204807 0.0278543 0.0358424 0.0439729 0.0515777 0.0578889 0.0622992 0.0645736 0.0648482 0.0634733 0.0608598 0.0574006 0.0534422 0.0492722 0.0451112 0.0411013 0.0372857 0.0335892 0.0298337 0.025817 0.0214401 0.0168141 0.012266
 0.00907574 0.0143792 0.0209645 0.0285586 0.036808 0.0452172 0.0530797 0.0595847 0.0640909 0.0663475 0.0664908 0.0648804 0.0619421 0.0580894 0.0536925 0.0490606 0.0444289 0.0399511 0.0356915 0.0316155 0.0276021 0.0235034 0.0192456 0.0149183 0.0107818
 0.00923964 0.0146508 0.0213837 0.0291672 0.0376438 0.0463026 0.0544077 0.0611104 0.0657333 0.0680006 0.0680392 0.0662148 0.0629711 0.0587457 0.0539344 0.0488679 0.0437981 0.0388935 0.0342372 0.0298253 0.0255814 0.0214041 0.0172461 0.0131831 0.00941836
 0.00946515 0.0149936 0.0218562 0.0297689 0.0383661 0.047137 0.0553485 0.0621501 0.0668541 0.0691665 0.069193 0.0672817 0.0638682 0.059394 0.0542693 0.0488451 0.043395 0.0381086 0.0330922 0.0283724 0.0239114 0.0196478 0.0155576 0.0117066 0.00825099
 0.00980166 0.0155147 0.0225909 0.0307236 0.0395217 0.0484458 0.0567341 0.0635144 0.068097 0.0702108 0.069999 0.067843 0.0641935 0.0594895 0.0541296 0.0484557 0.0427397 0.0371795 0.0318993 0.0269531 0.0223385 0.0180288 0.0140212 0.0103734 0.0072016
 0.00996912 0.0157843 0.0229916 0.0312802 0.0402493 0.0493416 0.0577684 0.0646267 0.0692033 0.0712203 0.0708334 0.068451 0.0645559 0.0596125 0.0540316 0.0481521 0.0422358 0.0364732 0.0309921 0.0258649 0.0211193 0.0167611 0.0128076 0.00931282 0.006362
 0.0100201 0.0158716 0.023132 0.0314937 0.0405573 0.0497622 0.0583099 0.0652819 0.0699462 0.0720059 0.0716015 0.069135 0.0650947 0.0599626 0.0541723 0.048083 0.0419674 0.0360181 0.0303636 0.0250836 0.0202237 0.0158134 0.0118877 0.0085 0.00571286
 0.010189 0.0161235 0.0234692 0.0319049 0.0410224 0.0502605 0.0588257 0.0658045 0.0704663 0.072511 0.0720733 0.0695477 0.0654169 0.0601615 0.054221 0.0479658 0.0416826 0.0355757 0.0297819 0.0243886 0.0194521 0.0150158 0.0111253 0.0078324 0.00518237
 0.0100838 0.0159679 0.0232638 0.0316606 0.040758 0.049999 0.0585919 0.0656262 0.0703751 0.0725403 0.0722501 0.0698818 0.0658914 0.0607306 0.0548166 0.0485127 0.0421138 0.0358447 0.0298679 0.0242965 0.0192097 0.0146698 0.0107336 0.00745326 0.00486111
 0.0100042 0.015856 0.0231279 0.0315193 0.0406355 0.0499164 0.0585603 0.0656446 0.0704345 0.0726299 0.0723641 0.070023 0.066069 0.0609524 0.0550791 0.0487941 0.0423756 0.0360417 0.0299621 0.0242683 0.0190642 0.0144346 0.0104522 0.00717243 0.0046187
 0.0100668 0.0159331 0.0231993 0.0315536 0.0406018 0.0498008 0.058378 0.0654373 0.0702533 0.0725146 0.0723306 0.070065 0.0661694 0.0610954 0.0552541 0.0489915 0.0425801 0.0362284 0.0300999 0.0243305 0.0190385 0.0143296 0.0102943 0.00699679 0.00445736
 0.0101943 0.0161049 0.0233912 0.0317193 0.0406825 0.0497448 0.0581585 0.0650642 0.0697737 0.0720038 0.0718749 0.0697393 0.0660176 0.0611222 0.0554313 0.0492734 0.0429169 0.0365736 0.0304125 0.0245774 0.0191992 0.0144009 0.0102908 0.00694548 0.00438749
 0.0103377 0.0163246 0.0236952 0.0321011 0.0411171 0.0501854 0.0585383 0.0653058 0.0698112 0.0718088 0.0714725 0.0692042 0.0654511 0.0606208 0.0550614 0.0490597 0.0428461 0.0366077 0.0305041 0.0246812 0.019281 0.0144421 0.0102895 0.00691285 0.00434065
 0.0104256 0.0164615 0.0238901 0.0323578 0.0414335 0.0505513 0.0589314 0.0656886 0.070132 0.0720092 0.0715031 0.0690423 0.0651139 0.0601656 0.05457 0.0486128 0.0425002 0.0363831 0.0303877 0.0246398 0.0192763 0.0144435 0.0102803 0.00689013 0.00431012
 0.0104659 0.0165322 0.0240058 0.0325347 0.0416851 0.0508813 0.0593278 0.0661218 0.0705588 0.0723802 0.0717694 0.0691624 0.0650617 0.0599393 0.0541989 0.0481545 0.042026 0.035957 0.0300496 0.0243992 0.0191186 0.0143433 0.0102136 0.00684113 0.00427182
 0.0103177 0.0163158 0.0237265 0.0322156 0.0413633 0.0506009 0.0591318 0.0660456 0.070623 0.0725843 0.0720878 0.0695474 0.0654529 0.0602774 0.0544398 0.0482802 0.0420481 0.0359101 0.0299761 0.0243332 0.0190768 0.0143251 0.0102094 0.006841 0.00427018
 0.0101331 0.0160337 0.0233367 0.0317233 0.0407907 0.0499877 0.0585345 0.0655337 0.0702667 0.0724376 0.0721737 0.0698515 0.0659271 0.0608514 0.055036 0.0488298 0.0425047 0.0362565 0.0302213 0.0245018 0.0191951 0.014412 0.0102743 0.0068872 0.00429989
 0.01006 0.0159274 0.0231993 0.0315638 0.0406213 0.0498178 0.0583688 0.0653734 0.0701162 0.0723095 0.0720896 0.0698357 0.065997 0.0610082 0.0552608 0.0490879 0.0427557 0.0364668 0.0303737 0.0245971 0.0192469 0.0144374 0.0102869 0.00689435 0.00430436
 0.0100172 0.0158447 0.0230519 0.0313234 0.040267 0.0493507 0.057822 0.0648097 0.0696105 0.0719259 0.071866 0.0697833 0.0661077 0.0612627 0.0556314 0.0495379 0.0432406 0.03694 0.0307954 0.0249425 0.0195089 0.0146234 0.0104115 0.00697363 0.00435214
 0.0100978 0.0159588 0.0231908 0.0314654 0.0403785 0.0493926 0.0577586 0.0646186 0.0692937 0.0715159 0.0714221 0.0693758 0.0657978 0.0610877 0.0556009 0.0496379 0.0434407 0.0372006 0.0310746 0.0252039 0.0197278 0.0147894 0.0105267 0.00704742 0.00439595
 0.0100883 0.0159512 0.0231932 0.0314884 0.0404297 0.0494694 0.0578422 0.0646758 0.0692857 0.0714136 0.0712189 0.0690944 0.0654857 0.0608038 0.0553977 0.0495474 0.0434681 0.0373268 0.0312651 0.0254192 0.0199332 0.0149616 0.0106559 0.00713497 0.00444986
 0.0100319 0.015869 0.0230875 0.0313687 0.0403118 0.0493717 0.057782 0.0646633 0.0693191 0.0714749 0.0712776 0.0691175 0.065453 0.0607181 0.055286 0.0494497 0.0434214 0.0373514 0.0313589 0.0255615 0.0200945 0.0151141 0.0107812 0.00722602 0.00450896
 0.00984901 0.0155931 0.0227131 0.0309062 0.0397869 0.0488222 0.0572548 0.0642111 0.0689926 0.0713115 0.0712897 0.069288 0.0657401 0.0610691 0.0556537 0.0498055 0.0437581 0.0376753 0.0316773 0.0258728 0.0203867 0.0153703 0.0109873 0.00737682 0.00460881
 0.00990033 0.0156564 0.0227715 0.0309319 0.0397497 0.048702 0.0570517 0.063948 0.0687076 0.0710461 0.0710792 0.0691552 0.0656923 0.0610986 0.0557407 0.049926 0.043892 0.0378127 0.0318171 0.0260168 0.0205327 0.0155101 0.0111101 0.00747394 0.00467746
 0.0106632 0.0167386 0.0241069 0.0323579 0.0410503 0.0496799 0.0575882 0.0640211 0.0683729 0.0704031 0.0702422 0.0682338 0.0647787 0.0602588 0.0550123 0.0493208 0.0434045 0.0374292 0.0315239 0.0258027 0.020388 0.0154232 0.0110663 0.00745785 0.0046756
 0.0114167 0.0179017 0.0257347 0.0344414 0.0434977 0.0523027 0.0601022 0.0660858 0.0696777 0.0707678 0.0696738 0.0669072 0.0629594 0.0582167 0.0529644 0.0474123 0.0417152 0.0359915 0.0303406 0.0248611 0.0196671 0.014897 0.010704 0.00722468 0.00453661
 0.0113636 0.0179149 0.0259375 0.0350065 0.0445979 0.0540331 0.0624082 0.0687406 0.0723239 0.0730062 0.0711647 0.0674519 0.0625405 0.0569854 0.0511806 0.0453641 0.0396511 0.0340857 0.0286913 0.0235071 0.0186084 0.0141101 0.0101513 0.006861 0.00431437
 0.0110205 0.0174082 0.0252761 0.0342493 0.0438605 0.0534829 0.0622446 0.0691483 0.0734011 0.0746956 0.0732316 0.0695359 0.0642651 0.058074 0.0515281 0.0450392 0.0388424 0.0330234 0.0275803 0.0224913 0.0177651 0.0134634 0.00969024 0.00655557 0.00412716
 0.0108207 0.017084 0.0247917 0.0335782 0.0429992 0.0524715 0.0611855 0.0682094 0.0727905 0.0746076 0.0737797 0.0706969 0.0658625 0.0598161 0.0530953 0.0461838 0.0394554 0.0331417 0.027341 0.0220636 0.0172948 0.0130451 0.00936684 0.00633193 0.0039872
 0.0107096 0.0169022 0.0245152 0.0331823 0.0424623 0.0517825 0.0603556 0.0672851 0.0718622 0.0738085 0.0732673 0.0706163 0.0662946 0.0607331 0.0543485 0.04754 0.0406718 0.0340445 0.0278691 0.0222621 0.0172698 0.012911 0.0092103 0.0062004 0.00389579
 0.0107344 0.0169337 0.0245455 0.0331961 0.0424374 0.0516921 0.0601725 0.066987 0.0714408 0.0732808 0.072687 0.0700757 0.0659112 0.0606164 0.054556 0.0480446 0.0413607 0.0347576 0.0284601 0.022648 0.0174465 0.0129317 0.00914763 0.00611472 0.0038219
 0.0106225 0.0167767 0.0243547 0.0329964 0.0422586 0.051555 0.0600784 0.0669163 0.0713608 0.0731592 0.0725053 0.0698403 0.0656591 0.0604123 0.0544759 0.0481467 0.0416555 0.0351952 0.0289458 0.0230814 0.0177604 0.0131101 0.0092165 0.00611804 0.0037989
 0.0105624 0.01668 0.0242124 0.0328039 0.0420202 0.0512887 0.0598166 0.0666991 0.0712205 0.0731047 0.0725163 0.0698776 0.0656854 0.0604129 0.0544678 0.048171 0.0417563 0.0353935 0.0292245 0.0233907 0.018041 0.0133196 0.00934328 0.00617662 0.00381517
 0.0104541 0.016511 0.0239712 0.0324852 0.041626 0.0508308 0.0593204 0.0662052 0.0707821 0.0727771 0.072342 0.0698729 0.0658342 0.0606739 0.0547922 0.0485219 0.042118 0.0357658 0.029607 0.0237696 0.0183884 0.013606 0.00955123 0.00630782 0.00388616
 0.0105023 0.0165808 0.0240601 0.0325838 0.0417189 0.0508987 0.0593429 0.0661643 0.0706674 0.0725916 0.0721056 0.0696198 0.0656037 0.0604982 0.0546872 0.0484865 0.0421415 0.0358367 0.0297162 0.0239071 0.018539 0.0137496 0.00966978 0.00639173 0.0039366
 0.0103905 0.0164271 0.0238805 0.0324095 0.0415868 0.0508356 0.0593531 0.0662282 0.0707505 0.0726584 0.0721316 0.0695975 0.0655433 0.0604224 0.054623 0.0484564 0.0421572 0.0358984 0.0298157 0.0240318 0.0186741 0.0138796 0.00978092 0.00647563 0.00399203
 0.0101428 0.016059 0.0233919 0.0318266 0.0409588 0.0502266 0.0588325 0.0658594 0.0705768 0.0726896 0.0723391 0.0699249 0.0659265 0.0608101 0.0549869 0.0487896 0.0424655 0.0361899 0.0300943 0.0242946 0.0189132 0.0140854 0.00994591 0.00659702 0.00407297
 0.0100759 0.0159315 0.0231671 0.031463 0.0404253 0.0495248 0.0580136 0.0650232 0.0698473 0.0721782 0.0721133 0.0699937 0.066247 0.061306 0.0555736 0.0493953 0.0430423 0.0367141 0.0305583 0.0246976 0.0192548 0.0143642 0.0101615 0.00675248 0.00417607
 0.0103468 0.0163223 0.023661 0.0320077 0.0409407 0.0499205 0.0582087 0.0649643 0.0695245 0.0716351 0.0714421 0.0693124 0.0656631 0.0608871 0.0553358 0.0493127 0.0430682 0.0368019 0.0306736 0.02482 0.0193734 0.0144722 0.0102535 0.00682473 0.00422771
 0.0105116 0.0165729 0.0240045 0.0324351 0.0414248 0.0504144 0.0586469 0.0652699 0.0696258 0.0714888 0.0710528 0.0687369 0.0649982 0.0602427 0.054804 0.0489456 0.0428719 0.036747 0.0307143 0.024912 0.019483 0.0145783 0.0103446 0.00689587 0.00427827
 0.011012 0.017353 0.0251138 0.0338907 0.0432006 0.0524296 0.0607553 0.0672641 0.0712691 0.0725668 0.0714239 0.068363 0.0639488 0.0586763 0.0529324 0.0469885 0.041015 0.0351154 0.0293675 0.0238568 0.018694 0.0140151 0.00996275 0.00665219 0.00413336
 0.0104663 0.0165289 0.023995 0.032514 0.0416585 0.0508647 0.0593496 0.0662147 0.070743 0.0726471 0.0720762 0.0694434 0.0652509 0.0599941 0.0541138 0.0479602 0.0417762 0.0357093 0.0298471 0.0242606 0.0190385 0.0143015 0.0101877 0.00681601 0.00424283
 0.0104242 0.0164366 0.0238126 0.0321916 0.0411516 0.0501577 0.0584781 0.0652724 0.069867 0.0719856 0.0717493 0.0695086 0.0656849 0.0606988 0.0549468 0.0487802 0.0424828 0.0362613 0.0302539 0.0245576 0.0192626 0.0144769 0.0103252 0.00691917 0.0043146
 0.00997337 0.0157468 0.0228543 0.0309655 0.0396848 0.0485004 0.0567051 0.0634905 0.0682173 0.0706328 0.0708581 0.0692107 0.0660444 0.0616871 0.0564399 0.0505844 0.044382 0.0380667 0.0318385 0.0258635 0.020286 0.0152445 0.0108758 0.00729389 0.00455365
 0.01018 0.0160484 0.0232432 0.0314087 0.0401283 0.0488775 0.0569451 0.0635254 0.067992 0.0701225 0.0700877 0.0682668 0.0650678 0.0608416 0.0558652 0.0503527 0.0444787 0.0384056 0.032301 0.0263411 0.0207067 0.015577 0.0111182 0.00745931 0.00465955
 0.0103416 0.0163117 0.0236386 0.0319594 0.040839 0.0497193 0.0578441 0.0643657 0.0686388 0.0704558 0.0700333 0.0678138 0.0642727 0.0598211 0.0547755 0.0493546 0.0436969 0.0378977 0.032052 0.0262847 0.0207605 0.0156716 0.0112109 0.00753169 0.00470886
 0.0104838 0.0165552 0.0240275 0.0325413 0.0416527 0.0507753 0.059104 0.0657335 0.0699694 0.0715806 0.0707926 0.0680895 0.0640145 0.05906 0.0536213 0.0479743 0.0422778 0.0366049 0.0309941 0.0255002 0.0202283 0.0153372 0.0110132 0.0074203 0.00464868
 0.0106511 0.0168126 0.0243892 0.0330146 0.0422417 0.0514845 0.0599361 0.0666797 0.0709952 0.072615 0.0717282 0.0687974 0.0643719 0.0589839 0.0530947 0.0470574 0.0410969 0.0353228 0.0297692 0.0244507 0.0194125 0.014757 0.0106326 0.00718833 0.0045168
 0.0105077 0.0166068 0.0241305 0.0327306 0.0419732 0.0512759 0.0598292 0.0667112 0.0711966 0.073007 0.0723083 0.0695247 0.0651607 0.0597135 0.0536391 0.0473229 0.0410533 0.0350118 0.0292877 0.0239148 0.0189211 0.0143684 0.0103619 0.0070202 0.00442278
 0.0102396 0.0162005 0.0235758 0.0320411 0.0411871 0.0504534 0.0590494 0.0660652 0.0707736 0.0728756 0.0725014 0.0700332 0.0659339 0.0606629 0.0546468 0.0482599 0.0418072 0.0355166 0.0295393 0.0239643 0.0188486 0.0142513 0.0102531 0.00694269 0.00437754
 0.0100675 0.0159282 0.0231804 0.0315087 0.0405173 0.0496671 0.0581951 0.0652201 0.0700331 0.0723349 0.0722359 0.070085 0.0663053 0.0613159 0.0555059 0.0492208 0.0427533 0.0363417 0.0301725 0.0243847 0.0190824 0.0143532 0.010281 0.00694052 0.00436941
 0.0098104 0.0155681 0.0227444 0.0310547 0.0401137 0.0493611 0.0579915 0.0650835 0.0699133 0.0721983 0.0720857 0.0699603 0.0662638 0.06141 0.0557622 0.0496282 0.0432632 0.0368803 0.0306625 0.0247685 0.0193373 0.0144913 0.0103362 0.00695005 0.0043616
 0.00920786 0.0146801 0.0215804 0.0296894 0.0386738 0.0479975 0.0568508 0.0642835 0.0695211 0.0722136 0.0724428 0.0705557 0.0669972 0.062215 0.0566107 0.0505129 0.0441725 0.0377828 0.0315078 0.0255021 0.0199199 0.0149115 0.0106104 0.00711202 0.00444865
#obs surv len freq
 0.00496921 0.0081385 0.0123773 0.0176987 0.0239764 0.0308456 0.0376823 0.0437647 0.0485433 0.0518166 0.0537022 0.0544839 0.0544802 0.0539878 0.0532669 0.0525316 0.0519267 0.0514872 0.0510742 0.0503182 0.0486367 0.0453988 0.0402274 0.0332917 0.0253739
 0.00518319 0.00848998 0.012913 0.0184641 0.0250072 0.0321531 0.0392395 0.0455012 0.0503558 0.0535889 0.0553226 0.0558547 0.0555188 0.054625 0.0534475 0.0522176 0.0511054 0.0501788 0.0493389 0.0482593 0.0463978 0.0431518 0.0381484 0.0315275 0.02401
 0.00540907 0.00886094 0.0134784 0.0192728 0.0260987 0.0335431 0.0409045 0.0473721 0.0523266 0.0555355 0.0571225 0.0573988 0.0567166 0.0554042 0.0537514 0.0520032 0.0503456 0.0488713 0.0475211 0.0460222 0.0438928 0.0405799 0.0357285 0.0294495 0.0223905
 0.00563765 0.00923468 0.0140451 0.0200793 0.0271822 0.0349192 0.0425523 0.0492287 0.0542943 0.0574991 0.0589655 0.0590139 0.0580099 0.0562964 0.0541776 0.0519117 0.0496985 0.0476515 0.0457466 0.043767 0.0413011 0.0378619 0.0331277 0.0271872 0.0206107
 0.00589434 0.00965292 0.0146762 0.0209714 0.0283713 0.036414 0.0443203 0.0511912 0.0563387 0.0595009 0.0608084 0.0605997 0.059259 0.0571441 0.0545695 0.0518008 0.0490453 0.0464307 0.0439632 0.0414792 0.0386413 0.0350387 0.0303953 0.0247868 0.0187066
 0.00612989 0.0100426 0.0152753 0.0218351 0.0295438 0.0379106 0.0461094 0.0531891 0.0584223 0.0615332 0.0626625 0.0621722 0.0604723 0.0579431 0.054914 0.0516583 0.0483862 0.0452322 0.0422243 0.0392455 0.03603 0.0322457 0.0276699 0.0223737 0.0167788
 0.00637591 0.0104444 0.0158834 0.0226985 0.030701 0.0393757 0.0478563 0.0551444 0.0604734 0.0635473 0.064508 0.0637343 0.0616623 0.0587002 0.0552021 0.0514571 0.0476829 0.0440188 0.0405071 0.0370674 0.0334965 0.0295367 0.0250198 0.0200178 0.0148884
 0.00661882 0.01084 0.0164801 0.0235416 0.0318239 0.0407862 0.0495229 0.0569919 0.0623933 0.0654189 0.0662163 0.0651806 0.0627667 0.0594025 0.055461 0.0512482 0.0469945 0.0428496 0.0388715 0.0350112 0.0311187 0.0270009 0.0225395 0.0178094 0.0131118
 0.00685259 0.0112274 0.0170763 0.0244011 0.0329884 0.0422649 0.0512743 0.05892 0.0643638 0.0672887 0.0678603 0.0665046 0.0637088 0.0599267 0.0555498 0.0508951 0.0461998 0.0416205 0.0372285 0.0330028 0.028839 0.0245999 0.0202093 0.0157439 0.0114536
 0.00705958 0.0115667 0.0175924 0.0251381 0.0339822 0.0435303 0.0527906 0.0606227 0.0661503 0.0690343 0.0694382 0.0678037 0.0646456 0.0604509 0.0556413 0.0505556 0.0454429 0.0404662 0.0357063 0.0311641 0.0267724 0.0224399 0.0181246 0.0139028 0.00997862
 0.00727301 0.0119169 0.018125 0.0258967 0.0349982 0.0448087 0.0542955 0.0622744 0.0678381 0.0706388 0.070851 0.0689371 0.0654345 0.0608529 0.0556363 0.0501443 0.0446423 0.0393053 0.0342253 0.0294206 0.0248531 0.020466 0.0162428 0.0122557 0.0086674
 0.00742119 0.0121625 0.0185035 0.0264447 0.0357464 0.0457711 0.0554571 0.0635856 0.0692201 0.0719968 0.0720898 0.0699718 0.0661981 0.0612983 0.0557361 0.049889 0.0440379 0.0383722 0.0329994 0.0279577 0.0232349 0.018802 0.0146597 0.0108738 0.00757022
 0.00751886 0.0123195 0.0187374 0.0267719 0.0361822 0.0463264 0.0561348 0.0643761 0.0700988 0.0729247 0.073015 0.0708331 0.0669307 0.0618408 0.0560378 0.0499139 0.0437678 0.0378072 0.0321602 0.0268887 0.0220068 0.0175109 0.0134161 0.0097809 0.00669925
 0.00760535 0.0124569 0.018938 0.0270452 0.0365327 0.0467522 0.0566256 0.064914 0.0706628 0.0734955 0.0735767 0.0713697 0.0674198 0.0622499 0.0563255 0.0500362 0.0436865 0.0374982 0.0316207 0.0261423 0.0211062 0.0165351 0.0124585 0.00892983 0.00601656
 0.00766313 0.0125459 0.019063 0.0272077 0.0367317 0.0469849 0.0568877 0.0651997 0.0709654 0.0738086 0.0738952 0.0716897 0.0677353 0.0625487 0.0565853 0.0502237 0.0437616 0.0374231 0.0313704 0.0257155 0.0205315 0.0158695 0.011777 0.00830732 0.00550824
 0.0077172 0.0126277 0.0191746 0.0273468 0.0368923 0.0471587 0.0570653 0.0653724 0.0711274 0.0739588 0.0740377 0.0718316 0.0678833 0.0627044 0.0567416 0.0503631 0.0438561 0.0374386 0.0312755 0.0254925 0.0201866 0.0154362 0.0113093 0.00786455 0.00513777
 0.00775529 0.0126857 0.0192543 0.0274469 0.0370083 0.0472833 0.0571893 0.0654859 0.0712222 0.0740318 0.0740923 0.071877 0.0679309 0.0627637 0.0568162 0.0504474 0.0439342 0.0374856 0.031263 0.0253977 0.020002 0.015176 0.0110077 0.00756487 0.00487838
 0.00780124 0.0127531 0.0193422 0.0275495 0.0371166 0.0473876 0.0572813 0.0655597 0.0712744 0.0740618 0.0741026 0.0718735 0.067922 0.0627589 0.0568231 0.0504688 0.0439656 0.0375136 0.0312676 0.0253582 0.0199056 0.0150244 0.010819 0.00736789 0.00470151
 0.00784901 0.0128262 0.0194433 0.0276772 0.0372646 0.0475446 0.0574316 0.0656854 0.0713598 0.0740983 0.0740917 0.0718252 0.067851 0.0626801 0.0567491 0.0504081 0.0439208 0.0374806 0.0312357 0.0253129 0.0198341 0.0149224 0.0106935 0.00723498 0.00457987
 0.00786974 0.0128594 0.0194924 0.0277445 0.0373507 0.0476469 0.0575435 0.065796 0.0714557 0.0741672 0.0741255 0.071822 0.0678155 0.0626222 0.0566809 0.0503408 0.0438621 0.037433 0.0311957 0.0252724 0.0197839 0.0148568 0.0106138 0.00714959 0.00450005
 0.00789281 0.0128921 0.0195326 0.0277878 0.0373918 0.0476824 0.0575733 0.065823 0.0714836 0.0741974 0.0741556 0.0718465 0.0678286 0.0626201 0.0566638 0.0503127 0.0438291 0.0374003 0.0311655 0.0252429 0.0197507 0.0148161 0.0105651 0.00709667 0.00444955
 0.00788443 0.0128788 0.0195132 0.0277612 0.0373568 0.0476383 0.0575204 0.0657642 0.0714252 0.0741488 0.0741275 0.0718468 0.0678589 0.0626747 0.0567323 0.0503839 0.0438946 0.0374558 0.0312093 0.0252743 0.0197689 0.0148202 0.0105561 0.0070782 0.00442688
 0.00790412 0.0129038 0.0195381 0.0277767 0.0373529 0.047608 0.0574633 0.065687 0.0713388 0.0740653 0.074057 0.0717976 0.0678367 0.0626821 0.0567673 0.0504397 0.0439616 0.0375239 0.0312707 0.0253238 0.0198041 0.0148408 0.0105634 0.00707524 0.00441798
 0.00790551 0.0129073 0.0195451 0.0277882 0.0373678 0.0476216 0.0574671 0.0656706 0.0712953 0.0739954 0.0739707 0.0717109 0.0677659 0.0626391 0.0567572 0.0504611 0.0440077 0.037585 0.0313361 0.0253844 0.0198535 0.014876 0.0105845 0.00708467 0.00441945
 0.00787845 0.0128627 0.0194772 0.0276925 0.037243 0.0474724 0.0573056 0.0655146 0.0711631 0.0738996 0.073916 0.0716953 0.0677856 0.0626911 0.0568393 0.0505701 0.0441374 0.0377261 0.0314773 0.0255149 0.0199645 0.0149624 0.0106458 0.00712363 0.0044413
 0.00784695 0.0128099 0.019395 0.0275726 0.0370796 0.0472656 0.0570647 0.0652596 0.0709213 0.0737002 0.0737824 0.0716408 0.0678106 0.062786 0.0569884 0.0507564 0.0443452 0.0379413 0.0316872 0.0257074 0.0201299 0.0150947 0.0107433 0.00718949 0.00448161
 0.0078405 0.012796 0.0193676 0.0275238 0.0370007 0.0471501 0.0569111 0.0650734 0.0707152 0.0734931 0.0735968 0.071499 0.067731 0.0627779 0.0570509 0.0508789 0.0445112 0.0381321 0.0318848 0.0258963 0.0202976 0.0152328 0.0108484 0.00726273 0.00452807
 0.00784497 0.0128001 0.0193678 0.0275141 0.036974 0.0470993 0.0568313 0.064963 0.0705772 0.0733351 0.0734317 0.0713437 0.067604 0.0626964 0.0570268 0.0509161 0.0446043 0.038268 0.0320457 0.0260635 0.0204547 0.0153676 0.0109543 0.00733878 0.00457771
 0.00780785 0.012745 0.0192944 0.0274254 0.0368747 0.0469939 0.0567231 0.0648537 0.0704684 0.0732293 0.073333 0.0712582 0.0675394 0.0626614 0.0570296 0.0509627 0.0446957 0.038399 0.0322046 0.0262343 0.0206203 0.0155138 0.011072 0.00742502 0.00463513
 0.00775996 0.0126639 0.0191672 0.0272398 0.0366244 0.0466851 0.0563789 0.0645123 0.0701728 0.0730141 0.0732149 0.0712359 0.0675993 0.0627855 0.0572015 0.0511696 0.0449284 0.0386488 0.0324615 0.0264857 0.0208522 0.0157134 0.0112309 0.00754126 0.00471274
 0.00774361 0.0126329 0.019112 0.0271483 0.0364838 0.0464865 0.0561219 0.0642092 0.0698491 0.0727053 0.0729599 0.071067 0.0675344 0.0628247 0.0573301 0.051365 0.0451673 0.0389112 0.0327307 0.0267471 0.0210924 0.0159206 0.0113971 0.00766413 0.00479576
 0.00931826 0.0148363 0.0217697 0.0298775 0.0388041 0.0479967 0.0566406 0.0638017 0.0687478 0.0711927 0.0712824 0.0694024 0.0659965 0.0614778 0.0562022 0.0504573 0.0444626 0.0383828 0.0323494 0.0264847 0.020923 0.0158203 0.0113444 0.00764077 0.00478808
 0.00931983 0.0151288 0.0227206 0.0319406 0.0423215 0.0529315 0.0624068 0.0693592 0.0729699 0.0733084 0.0711307 0.0673767 0.0627738 0.0577321 0.0524366 0.0469732 0.041404 0.0357967 0.0302307 0.0248032 0.0196357 0.0148763 0.0106872 0.00721047 0.00452552
 0.00897427 0.014588 0.0219672 0.0310288 0.0414287 0.0523919 0.0626705 0.0708307 0.0757645 0.0770724 0.0750853 0.0706125 0.0646285 0.0580198 0.051419 0.0451456 0.0392639 0.033707 0.0283947 0.0233011 0.0184738 0.0140233 0.0100946 0.0068236 0.00429015
 0.00879475 0.0142876 0.0215001 0.0303508 0.0405149 0.0512692 0.0614577 0.0697653 0.0751818 0.0773115 0.076336 0.0727722 0.0672727 0.0605395 0.053266 0.0460417 0.0392556 0.033065 0.027451 0.0223251 0.0176254 0.0133655 0.009628 0.00651777 0.00410479
 0.00870948 0.0141432 0.0212715 0.0300089 0.040031 0.0506233 0.0606524 0.0688417 0.0742361 0.0765044 0.0758792 0.072874 0.0680465 0.0619156 0.0549728 0.047693 0.0405058 0.0337407 0.0275843 0.022086 0.0172176 0.0129475 0.00928573 0.00627613 0.00395304
 0.00869733 0.014116 0.0212162 0.0299071 0.0398615 0.0503661 0.0602937 0.0683786 0.0736813 0.0758936 0.0752813 0.0723974 0.0678253 0.0620675 0.0555377 0.0485873 0.0415326 0.0346637 0.0282259 0.0223896 0.0172415 0.0128082 0.00909482 0.00610535 0.00383054
 0.00870001 0.0141224 0.0212289 0.029928 0.0398882 0.0503885 0.0602918 0.0683246 0.0735469 0.0756607 0.0749524 0.0720038 0.0674305 0.0617614 0.0554138 0.0487053 0.0418825 0.0351567 0.0287266 0.022776 0.0174534 0.0128582 0.00904143 0.0060133 0.00374448
 0.00867433 0.0140835 0.0211757 0.0298621 0.0398141 0.0503129 0.0602223 0.0682665 0.073499 0.0756123 0.0748856 0.0719013 0.0672879 0.0615973 0.0552718 0.048642 0.041943 0.0353482 0.0290083 0.0230741 0.0176959 0.0130059 0.00909692 0.00600701 0.00371198
 0.00868462 0.0140961 0.0211873 0.0298672 0.0398068 0.0502897 0.0601842 0.068219 0.0734497 0.0755674 0.0748456 0.0718598 0.0672345 0.0615243 0.0551827 0.0485565 0.0418922 0.0353605 0.0290919 0.0232095 0.0178439 0.0131277 0.00917155 0.00603606 0.00371116
 0.00864438 0.0140385 0.0211149 0.0297867 0.0397269 0.0502171 0.0601212 0.0681645 0.0734021 0.0755276 0.0748175 0.0718476 0.067239 0.0615411 0.0552044 0.0485785 0.0419177 0.0354002 0.029157 0.0233017 0.0179515 0.0132304 0.00925119 0.00608508 0.00373339
 0.00862729 0.0140074 0.0210624 0.0297055 0.0396129 0.0500743 0.059964 0.0680153 0.0732839 0.0754553 0.074794 0.0718658 0.0672873 0.0616084 0.055282 0.0486597 0.0419988 0.035481 0.0292403 0.02339 0.0180428 0.013317 0.00932364 0.00613687 0.00376422
 0.00865731 0.0140525 0.0211229 0.0297782 0.0396903 0.0501448 0.0600136 0.068031 0.0732585 0.0753914 0.0747041 0.0717673 0.0671958 0.0615331 0.0552255 0.0486206 0.0419745 0.03547 0.0292421 0.0234045 0.0180684 0.0133495 0.00935659 0.00616439 0.00378317
 0.00863596 0.0140234 0.0210895 0.0297469 0.0396686 0.0501379 0.0600217 0.0680484 0.0732758 0.075399 0.0746957 0.071743 0.0671618 0.061499 0.0552002 0.0486093 0.0419781 0.0354861 0.0292676 0.0234365 0.0181042 0.013386 0.00939029 0.00619205 0.00380304
 0.00861478 0.0139884 0.0210363 0.0296723 0.0395728 0.0500271 0.0599089 0.0679516 0.0732119 0.0753769 0.074713 0.0717882 0.0672201 0.0615587 0.055256 0.0486614 0.042029 0.0355381 0.029321 0.0234898 0.0181551 0.0134321 0.00942932 0.00622252 0.00382461
 0.00862816 0.0140086 0.0210636 0.0297052 0.0396078 0.0500585 0.0599299 0.0679558 0.0731968 0.0753453 0.0746729 0.0717486 0.0671874 0.0615341 0.0552372 0.0486454 0.0420151 0.0355276 0.0293161 0.0234918 0.0181635 0.0134449 0.00944385 0.00623613 0.00383555
 0.00862816 0.0140086 0.0210636 0.0297052 0.0396078 0.0500585 0.0599299 0.0679558 0.0731968 0.0753453 0.0746729 0.0717486 0.0671874 0.0615341 0.0552372 0.0486454 0.0420151 0.0355276 0.0293161 0.0234918 0.0181635 0.0134449 0.00944385 0.00623613 0.00383555
 0.00891048 0.0144544 0.0217077 0.0305652 0.0406738 0.0512804 0.0612091 0.0691517 0.0741546 0.0759377 0.0748334 0.0714827 0.0665618 0.0606523 0.0542125 0.0475807 0.0409908 0.034599 0.028516 0.022835 0.0176505 0.0130653 0.00917939 0.00606392 0.0037315
 0.00823896 0.0134258 0.0202819 0.0287591 0.03857 0.0490319 0.0590359 0.0673169 0.0729088 0.0754481 0.0751338 0.0724724 0.0680482 0.0624115 0.0560419 0.0493286 0.0425632 0.0359512 0.0296371 0.0237335 0.0183456 0.0135815 0.00954425 0.00630712 0.00388282
 0.00834813 0.0135188 0.0202674 0.0285047 0.037943 0.0479615 0.0575655 0.0656131 0.071219 0.0740298 0.0741897 0.072111 0.0682724 0.0631327 0.0571101 0.0505728 0.0438289 0.0371243 0.0306506 0.0245612 0.0189889 0.0140578 0.00987921 0.00652917 0.00402038
 0.00799396 0.0129883 0.0195493 0.0276076 0.0368789 0.0467275 0.0561434 0.0639973 0.0694622 0.0722766 0.0726678 0.0710745 0.0679209 0.0635448 0.0582234 0.0522109 0.0457573 0.0391101 0.032506 0.0261642 0.0202827 0.0150378 0.0105758 0.0069923 0.00430667
 0.00822898 0.0133263 0.0199764 0.0280831 0.0373457 0.047127 0.0564223 0.0641012 0.069326 0.0718308 0.0718721 0.0699647 0.0666356 0.0623037 0.0572576 0.0516819 0.0457072 0.0394642 0.0331182 0.0268744 0.0209616 0.0156067 0.011005 0.00728723 0.00449219
 0.00836352 0.0135777 0.0204112 0.0287724 0.0383349 0.0483949 0.0578529 0.0654945 0.070451 0.0724939 0.071963 0.069467 0.0656163 0.060902 0.0556717 0.0501383 0.0444096 0.0385397 0.0325907 0.0266783 0.0209845 0.0157358 0.0111568 0.00741619 0.00458319
 0.00850493 0.0138178 0.0207927 0.0293448 0.0391472 0.0494796 0.0592038 0.0670446 0.0720626 0.0739692 0.0730803 0.0700335 0.0655212 0.0601467 0.0543701 0.0484892 0.0426517 0.036899 0.0312322 0.0256774 0.0203293 0.0153563 0.0109637 0.00733095 0.00455128
 0.00858919 0.0139607 0.0210192 0.0296836 0.0396267 0.0501216 0.0600152 0.0680113 0.0731462 0.0751032 0.0741657 0.0709405 0.0661055 0.0602843 0.0539984 0.0476371 0.0414408 0.0355139 0.0298701 0.0244971 0.0194185 0.0147268 0.0105727 0.00711179 0.00443992
 0.00853426 0.0138787 0.0209108 0.0295573 0.0395014 0.0500278 0.0599945 0.0681121 0.0734125 0.0755604 0.0748066 0.0717158 0.0669227 0.0610189 0.0545187 0.04784 0.0412873 0.0350462 0.0291995 0.0237656 0.0187524 0.0142039 0.0102137 0.00689481 0.00432408
 0.00847357 0.0137717 0.0207355 0.0292912 0.0391306 0.0495604 0.0594713 0.0676066 0.0730172 0.0753637 0.0748701 0.0720591 0.0675167 0.0617861 0.0553437 0.048591 0.0418476 0.0353471 0.0292393 0.0236053 0.0184874 0.0139267 0.00998577 0.00673888 0.00423349
 0.00843756 0.0137069 0.020626 0.0291175 0.0388732 0.0492061 0.0590223 0.0670872 0.0724767 0.0748726 0.0745098 0.0719048 0.0676171 0.0621467 0.0559191 0.049291 0.0425567 0.0359543 0.0296692 0.0238364 0.0185506 0.0138838 0.00990108 0.00665757 0.0041757
 0.00854704 0.0138734 0.0208541 0.0294007 0.0391919 0.0495265 0.0592969 0.0672613 0.0725009 0.0747216 0.0741959 0.0714814 0.0671674 0.0617615 0.0556692 0.0492056 0.0426151 0.0360961 0.0298188 0.0239331 0.0185681 0.0138323 0.00981257 0.0065659 0.00410265
 0.00860628 0.0139795 0.0210308 0.0296735 0.0395781 0.0500222 0.0598653 0.0678326 0.072987 0.075039 0.0742884 0.0713339 0.0668099 0.0612621 0.0551187 0.0486931 0.0422039 0.0358081 0.0296358 0.0238137 0.0184713 0.0137347 0.00971174 0.00647241 0.00402781
#pred catch len freq
 0.0054415 0.00855339 0.0123615 0.0167191 0.0215195 0.0266838 0.0320791 0.0374753 0.0425876 0.047156 0.0509921 0.0539918 0.0561353 0.0574744 0.0581023 0.0581178 0.0576005 0.0565943 0.0550786 0.0529205 0.0498476 0.045516 0.0397082 0.0325793 0.0247646
 0.0056923 0.00889183 0.0127486 0.0170909 0.0218253 0.0269344 0.0323714 0.0379615 0.0433961 0.0483054 0.0523553 0.0553333 0.0572007 0.0580832 0.0582009 0.0577768 0.0569644 0.05581 0.054234 0.0520232 0.0488547 0.0443956 0.0384919 0.0313687 0.0236896
 0.00620806 0.00966522 0.0137876 0.0183509 0.0232111 0.028316 0.0336102 0.0389492 0.0440993 0.0487893 0.0527531 0.0557643 0.0576852 0.0585167 0.0584081 0.0576056 0.0563591 0.0548201 0.0529682 0.0505892 0.0473276 0.0428297 0.0369525 0.0299478 0.0224861
 0.00655601 0.0102289 0.0146312 0.0195295 0.0247553 0.0302078 0.0357574 0.0411773 0.0461778 0.0504908 0.0539243 0.0563722 0.0578105 0.0582909 0.0579303 0.0568951 0.0553714 0.0535073 0.0513325 0.0486963 0.0452867 0.0407674 0.0349981 0.0282222 0.0210829
 0.00691793 0.0107871 0.0154187 0.0205667 0.0260595 0.0318005 0.037657 0.0433718 0.0485877 0.0529458 0.0561756 0.0581505 0.0589072 0.0586217 0.0575426 0.0559158 0.0539332 0.0517035 0.0492222 0.0463417 0.042787 0.0382646 0.0326569 0.0261941 0.0194708
 0.00733314 0.0114218 0.0163 0.0216965 0.0274207 0.0333682 0.039405 0.0452727 0.0506083 0.0550353 0.0582468 0.0600615 0.0604648 0.0596192 0.0578214 0.0554158 0.0527016 0.0498607 0.0469153 0.0437199 0.0400054 0.0354962 0.0300862 0.0239875 0.0177362
 0.00771617 0.0120185 0.01715 0.0228202 0.0288185 0.0350186 0.0412606 0.0472588 0.0526316 0.0570003 0.0600693 0.0616683 0.0617797 0.0605464 0.0582441 0.0552198 0.0518155 0.0482886 0.0447447 0.0411063 0.0371487 0.0326192 0.0274103 0.0216983 0.0159475
 0.00810699 0.0126226 0.0180025 0.0239369 0.0301996 0.0366519 0.0431175 0.0492847 0.0547384 0.0590699 0.0619691 0.0632737 0.062993 0.0613019 0.0584966 0.0549292 0.0509426 0.0468127 0.042694 0.0385817 0.0343271 0.029732 0.0247022 0.0193765 0.0141367
 0.00837998 0.0130553 0.0186336 0.0247973 0.0313089 0.0380143 0.0447135 0.0510656 0.0566269 0.0609674 0.0637643 0.0648509 0.0642427 0.0621325 0.0588436 0.0547545 0.0502277 0.0455559 0.04092 0.0363635 0.0318043 0.0271072 0.0222071 0.0172179 0.0124451
 0.00858815 0.0133874 0.0191229 0.0254739 0.0321987 0.0391344 0.0460642 0.0526198 0.058325 0.0627185 0.0654557 0.0663624 0.0654622 0.0629685 0.0592307 0.0546536 0.049623 0.0444524 0.0393482 0.0343918 0.0295535 0.0247524 0.0199542 0.015257 0.0109013
 0.00888873 0.0138394 0.0197365 0.0262383 0.0330915 0.0401351 0.0471607 0.0538046 0.0595838 0.0640183 0.066739 0.0675497 0.0664617 0.0636903 0.0595992 0.0546155 0.0491495 0.0435397 0.03802 0.0327078 0.0276186 0.0227178 0.0179983 0.0135468 0.00954926
 0.00921441 0.0143384 0.0204301 0.0271255 0.0341499 0.0413239 0.0484241 0.0550756 0.0607939 0.0651107 0.0676753 0.0683067 0.0670204 0.0640257 0.0596783 0.0544019 0.0486126 0.0426637 0.0368138 0.031214 0.0259221 0.0209444 0.0162982 0.0120616 0.0083748
 0.00938703 0.0146113 0.0208272 0.0276648 0.0348422 0.0421692 0.0494045 0.0561505 0.0618995 0.066169 0.0686084 0.0690522 0.0675408 0.0643077 0.0597227 0.0542102 0.0481793 0.0419797 0.0358779 0.030049 0.0245867 0.0195355 0.0149368 0.0108645 0.0074232
