SBPRF35
9.33608
Curr Bio
720293
B35
641496
F35
0.196215
FOFL
0.196215
OFL
116017
Bzero
2.66745e+006
#pred survey bio
 4.0156e+006 3.35148e+006 3.14679e+006 2.96789e+006 2.78959e+006 2.51564e+006 2.21904e+006 1.95021e+006 1.76448e+006 1.62498e+006 1.5115e+006 1.37339e+006 1.21076e+006 989780 846990 756711 705681 676175 674302 650651 618956 556549 532651 517995 506241 513777 541287 561086 578430 567649 563671 561214 565623 598397 623746 631758 587749 569313 552549 545423 515766 522976 558745 625936 659799 635501 559912 520436 518669 544297 591110 620957 570711 501629 496282 575940 611974 615053 601332 585923 630507 680371 701221 729469 1.73644e+007 1.61383e+007 1.65392e+007 1.71236e+007 1.779e+007 1.84456e+007 1.90334e+007 1.95285e+007 1.99282e+007 2.02416e+007 2.04825e+007 2.06655e+007 2.08034e+007 2.0907e+007 2.09848e+007 2.10432e+007 2.10873e+007 2.11207e+007 2.1146e+007 2.11654e+007 2.11802e+007 2.11916e+007 2.12004e+007 2.12072e+007 2.12125e+007 2.12167e+007 2.12199e+007 2.12224e+007 2.12244e+007 2.12259e+007 2.12271e+007 2.12281e+007 2.12289e+007 2.12295e+007 2.12299e+007 2.12303e+007 2.12306e+007 2.12308e+007 2.1231e+007 2.12311e+007 2.12313e+007 2.12313e+007 2.12314e+007 2.12315e+007 2.12315e+007 2.12316e+007 2.12316e+007 2.12316e+007 2.12316e+007 2.12316e+007 2.12316e+007 2.12317e+007 2.12317e+007 2.12317e+007 2.12317e+007 2.12317e+007 2.12317e+007 2.12317e+007 2.12317e+007 2.12317e+007 2.12317e+007 2.12317e+007 2.12317e+007 2.12317e+007 2.12317e+007 2.12317e+007 2.12317e+007 2.12317e+007 2.12317e+007 2.12317e+007 2.12317e+007 2.12317e+007 2.12317e+007 2.12317e+007 2.12317e+007 2.12317e+007 2.12317e+007 2.12317e+007 2.12317e+007 2.12317e+007 2.12317e+007 2.12317e+007 2.12317e+007 2.12317e+007 2.12317e+007 2.12317e+007 2.12317e+007 2.12317e+007 2.12317e+007 2.12317e+007 2.12317e+007 2.12317e+007 2.12317e+007 2.12317e+007 2.12317e+007 2.12317e+007 2.12317e+007 2.12317e+007 2.12317e+007 2.12317e+007 0 0 0 0 0 0 0 0 0 0 0 0 0 0 0 0 0 0 0 0 0 0 0 0 0
#obs survey bio
 4.61323e+006 2.86118e+006 3.68299e+006 2.38422e+006 2.80839e+006 2.66095e+006 2.39502e+006 1.62008e+006 1.95016e+006 1.55047e+006 1.51617e+006 1.38205e+006 1.4283e+006 771340 795530 628587 817302 636541 597423 799098 728562 396074 381900 525586 389686 532254 646986 542398 562494 542913 606849 639060 519182 724796 705417 726925 407381 735667 532014 643370 490234 568102 395315 682650 760825 635846 612506 581441 610395 530358 539924 571200 636699 454570 394463 713640 590263 570645 487909 647071 620040 700912 694706 911402
#pred catch bio
 112669 94971.7 169607 191896 276883 276144 299417 314582 305573 312494 310346 269934 253593 261333 237231 216147 187325 154441 157096 135212 131674 128162 118764 121921 116361 111194 113441 94248.4 99174.2 95665.6 102965 96791 98599.7 100561 98710.9 90450.9 96198.1 85049.9 84272.9 86643.3 81512.7 86783 87838 94704.3 87694.2 97713.4 93422.7 89315.2 97394.1 90131.7 85848.3 118514 117525 93520.4 39157.8 78989.8 106369 100244 110060 73889.6 71043.4 109862 106342 115054 116017 117666 119619 122914 127008 131065 134636 137554 139819 141509 142734 143604 144210 144627 144910 145102 145230 145315 145372 145409 145434 145450 145461 145468 145473 145476 145477 145479 145480 145480 145480 145481 145481 145481 145481 145481 145481 145481 145481 145481 145481 145481 145481 145481 145481 145481 145481 145481 145481 145481 145481 145481 145481 145481 145481 145481 145481 145481 145481 145481 145481 145481 145481 145481 145481 145481 145481 145481 145481 145481 145481 145481 145481 145481 145481 145481 145481 145481 145481 145481 145481 145481 145481 145481 145481 145481 145481 145481 145481 145481 145481 145481 145481 145481 145481 145481 145481 145481 145481 145481 0 0 0 0 0 0 0 0 0 0 0 0 0 0 0 0 0 0 0 0 0 0 0 0 0
#obs catch bio
 0 94507.5 170234 191544 277645 275755 299204 315291 305472 313920 311324 269638 251942 262419 237532 218495 187589 154334 157382 134982 131107 128744 118578 121930 116458 111656 113833 93962.9 99063.8 95540.7 103151 96549.2 98965.6 100634 98862.8 90108 96504 84921.4 84307.3 86558.5 81449.8 86886.6 88189.8 94790 87421.8 97657 93437.4 89232.8 97818.5 90347 85554.8 118584 117468 94183.8 38731.8 79185.9 106734 99974.5 110476 73773.6 70742.8 110304 106222 115090
#pred cpue bio
 3.97093e+006 3.3142e+006 3.1107e+006 2.932e+006 2.75413e+006 2.48139e+006 2.18654e+006 1.91913e+006 1.73359e+006 1.59385e+006 1.47981e+006 1.34191e+006 1.18075e+006 963254 821956 732433 681643 652270 650072 626784 596167 535882 512516 498356 486884 493917 520451 539684 556786 546522 542773 540415 544784 576477 601304 609279 565860 545872 528894 522115 493906 500846 535051 599602 632396 609530 536963 498891 497104 521570 566742 595911 547236 480112 474643 552796 588691 591347 577530 561960 605265 654311 674225 700765 1.66765e+007 1.5512e+007 1.58582e+007 1.63968e+007 1.70521e+007 1.77058e+007 1.82933e+007 1.87883e+007 1.9188e+007 1.95014e+007 1.97424e+007 1.99253e+007 2.00633e+007 2.01669e+007 2.02446e+007 2.03031e+007 2.03472e+007 2.03805e+007 2.04059e+007 2.04252e+007 2.044e+007 2.04515e+007 2.04603e+007 2.04671e+007 2.04724e+007 2.04765e+007 2.04797e+007 2.04823e+007 2.04842e+007 2.04858e+007 2.0487e+007 2.0488e+007 2.04887e+007 2.04893e+007 2.04898e+007 2.04901e+007 2.04904e+007 2.04907e+007 2.04909e+007 2.0491e+007 2.04911e+007 2.04912e+007 2.04913e+007 2.04913e+007 2.04914e+007 2.04914e+007 2.04914e+007 2.04915e+007 2.04915e+007 2.04915e+007 2.04915e+007 2.04915e+007 2.04915e+007 2.04915e+007 2.04915e+007 2.04915e+007 2.04915e+007 2.04915e+007 2.04915e+007 2.04915e+007 2.04915e+007 2.04915e+007 2.04915e+007 2.04915e+007 2.04915e+007 2.04915e+007 2.04915e+007 2.04915e+007 2.04915e+007 2.04915e+007 2.04915e+007 2.04915e+007 2.04915e+007 2.04915e+007 2.04915e+007 2.04915e+007 2.04915e+007 2.04915e+007 2.04915e+007 2.04915e+007 2.04915e+007 2.04915e+007 2.04915e+007 2.04915e+007 2.04915e+007 2.04915e+007 2.04915e+007 2.04915e+007 2.04915e+007 2.04915e+007 2.04915e+007 2.04915e+007 2.04915e+007 2.04915e+007 2.04915e+007 2.04915e+007 2.04915e+007 2.04915e+007 2.04915e+007 2.04915e+007 0 0 0 0 0 0 0 0 0 0 0 0 0 0 0 0 0 0 0 0 0 0 0 0 0
#obs cpue bio
 2.32884e+006 3.08738e+006 2.84824e+006 3.74156e+006 2.72802e+006 2.61133e+006 2.10357e+006 1.82166e+006 1.75233e+006 1.18412e+006 1.62637e+006 1.54039e+006 1.48287e+006 787142 920014 528223 813522 673095 730676 550716 663520 471908 911251 487263 582873 357314 480032 681611 612635 538270 458837 588917 378736 580052 484981 756124 584181 506192 485893 543897 468082 430362 507672 764753 636420 646561 448369 450538 326843 499716 773959 714118 525538 403345 610840 516374 534983 772834 639904 458337 735689 560911 720981 556540
#pred surv len freq
 0.00426468 0.00702745 0.0107688 0.0155304 0.0212241 0.0275384 0.0339243 0.0397479 0.044536 0.0481281 0.050637 0.0522973 0.0533375 0.0539294 0.054191 0.0542111 0.0540738 0.053858 0.0535787 0.0530696 0.0518814 0.0493345 0.0448063 0.0381498 0.0299544
 0.00451758 0.00736565 0.0111454 0.0158628 0.0214244 0.0275577 0.0337806 0.039517 0.0443069 0.0479541 0.050516 0.052193 0.0532227 0.0538205 0.054151 0.0543191 0.0543771 0.0543304 0.0541074 0.0534844 0.0520202 0.0491153 0.044266 0.037426 0.0292188
 0.00459783 0.00754065 0.0114851 0.0164437 0.0222922 0.0286783 0.0350154 0.040651 0.0451312 0.0483528 0.050502 0.0518728 0.0527267 0.0532519 0.0535799 0.0538008 0.0539609 0.0540411 0.0539158 0.0532986 0.0517185 0.0486078 0.043549 0.0365883 0.0283977
 0.00471346 0.00772758 0.0117682 0.0168548 0.0228741 0.0294821 0.0360822 0.0419772 0.0466321 0.0498525 0.0517719 0.0527094 0.0530267 0.053039 0.052973 0.0529552 0.053018 0.0531 0.0530202 0.0524348 0.0508335 0.0476507 0.0425167 0.0355434 0.0274432
 0.00482982 0.00792211 0.0120707 0.0172963 0.023481 0.0302688 0.0370453 0.0430978 0.0478799 0.0511837 0.053113 0.0539411 0.0539911 0.0535825 0.0530052 0.0524853 0.0521449 0.051966 0.0517561 0.051125 0.0495134 0.0463329 0.0412266 0.034339 0.0264023
 0.00502309 0.00824265 0.0125647 0.0180104 0.0244522 0.0315089 0.0385258 0.0447456 0.049591 0.0528479 0.0546346 0.0552434 0.0550038 0.0542275 0.0531969 0.0521557 0.0512786 0.0506197 0.0500459 0.0491911 0.0474879 0.0443294 0.0393474 0.0326806 0.0250451
 0.00521862 0.00856288 0.0130516 0.018706 0.0253925 0.0327124 0.039981 0.0464027 0.051365 0.0546313 0.0563135 0.0567119 0.0561731 0.0550255 0.0535618 0.0520311 0.0506221 0.0494237 0.0483597 0.0471259 0.0452015 0.0420007 0.0371513 0.030765 0.0235092
 0.00544162 0.00893416 0.0136264 0.0195407 0.0265324 0.0341738 0.0417327 0.0483619 0.0534117 0.0566335 0.0581489 0.0582781 0.0573882 0.055825 0.0538947 0.0518554 0.0499041 0.0481472 0.0465451 0.0448527 0.0426186 0.0393136 0.0345872 0.0285256 0.0217267
 0.00567957 0.00932963 0.0142379 0.0204291 0.0277496 0.0357438 0.0436319 0.0505096 0.0556794 0.0588678 0.060198 0.0600109 0.0587052 0.0566596 0.0542064 0.0516192 0.0491026 0.0467721 0.0446128 0.0424292 0.0398416 0.0363932 0.0317747 0.0260561 0.0197601
 0.00590259 0.00969524 0.0147945 0.0212253 0.0288275 0.0371262 0.045308 0.0524265 0.0577456 0.0609657 0.0621982 0.0617852 0.0601371 0.0576533 0.0546921 0.051552 0.0484573 0.0455405 0.0428117 0.0401198 0.0371526 0.0335277 0.0289848 0.0235867 0.0177837
 0.0061302 0.0100721 0.0153741 0.0220616 0.0299632 0.0385763 0.0470428 0.0543677 0.0597802 0.0629698 0.0640571 0.0634012 0.061428 0.0585481 0.0551295 0.0514814 0.0478412 0.0443593 0.0410739 0.0378802 0.0345322 0.0307215 0.0262394 0.0211458 0.0158233
 0.00641997 0.0105337 0.0160516 0.0229906 0.0311663 0.0400543 0.0487638 0.0562613 0.0617422 0.0648794 0.0657959 0.0648682 0.062547 0.0592672 0.0554135 0.0513028 0.0471751 0.0431869 0.0393958 0.0357387 0.0320336 0.028045 0.0236163 0.0188085 0.0139422
 0.00658867 0.0108198 0.0165037 0.02366 0.0320948 0.0412558 0.0502087 0.0578744 0.0634199 0.0665148 0.067297 0.0661623 0.0635757 0.0599808 0.0557692 0.0512641 0.0467114 0.0422757 0.0380318 0.0339523 0.0299121 0.0257425 0.0213372 0.0167621 0.0122852
 0.00675386 0.0110989 0.0169436 0.0243117 0.0330037 0.0424446 0.0516597 0.059521 0.0651533 0.0682042 0.0688148 0.067405 0.0644756 0.0605059 0.0559124 0.0510286 0.0460993 0.0412854 0.0366674 0.0322418 0.0279296 0.0236194 0.0192504 0.0148946 0.0107751
 0.00692569 0.011417 0.0174928 0.025192 0.0343032 0.0441987 0.0538143 0.0619253 0.0675902 0.0704427 0.0706581 0.0687187 0.0651951 0.0606312 0.0554923 0.0501383 0.0448174 0.0396781 0.034787 0.0301416 0.0256861 0.0213484 0.0171016 0.0130198 0.00928436
 0.00707762 0.0116636 0.0178662 0.0257291 0.0350478 0.0451982 0.0551072 0.0635184 0.069434 0.0724168 0.0725807 0.0703821 0.0664156 0.0612894 0.0555501 0.0496288 0.0438188 0.038286 0.033096 0.0282426 0.0236759 0.0193412 0.0152267 0.0114007 0.0080065
 0.00727925 0.0119752 0.018305 0.0263008 0.0357474 0.0460127 0.0560183 0.0645067 0.0704833 0.0735137 0.073703 0.0714802 0.0674007 0.0620429 0.0559537 0.0495998 0.0433322 0.0373745 0.031835 0.0267317 0.0220286 0.0176797 0.0136742 0.0100647 0.00695668
 0.00753947 0.0123569 0.0188024 0.0268818 0.0363629 0.0466124 0.0565651 0.0649832 0.0708939 0.0738825 0.0740678 0.071878 0.0678464 0.0625108 0.056372 0.0498667 0.0433474 0.037072 0.0312033 0.0258156 0.0209174 0.0164882 0.0125224 0.00905546 0.00615624
 0.00758695 0.0124355 0.0189218 0.0270477 0.0365702 0.0468398 0.0567743 0.0651306 0.0709519 0.0738614 0.0740203 0.0718819 0.0679731 0.0627941 0.0567911 0.0503476 0.0437814 0.0373472 0.031237 0.0255783 0.0204394 0.0158489 0.0118254 0.00840017 0.00561396
 0.00768133 0.0125837 0.0191351 0.0273323 0.0369263 0.0472576 0.0572298 0.0655828 0.0713466 0.0741425 0.0741491 0.0718549 0.0678289 0.062602 0.0566235 0.0502481 0.0437455 0.0373244 0.0311547 0.0253755 0.0200935 0.0153851 0.011306 0.0078993 0.00519159
 0.00767523 0.0125683 0.0191022 0.0272728 0.0368342 0.0471367 0.0570979 0.06547 0.0712861 0.074158 0.074244 0.0720114 0.068017 0.0627951 0.0568104 0.0504327 0.0439333 0.0375061 0.0312996 0.0254415 0.0200488 0.0152272 0.0110653 0.00762715 0.00493887
 0.00773043 0.0126567 0.0192318 0.0274479 0.0370516 0.0473818 0.0573435 0.0656811 0.0714314 0.074222 0.0742328 0.0719469 0.0679253 0.0626959 0.0567142 0.0503446 0.0438568 0.0374415 0.0312391 0.0253672 0.0199402 0.0150731 0.0108733 0.00742154 0.0047496
 0.00771156 0.0126506 0.0192676 0.0275661 0.0372916 0.0477629 0.0578482 0.0662524 0.0719865 0.0746763 0.074523 0.0720453 0.0678417 0.0624692 0.0563973 0.0499891 0.0435028 0.0371139 0.0309477 0.0251097 0.0197067 0.0148538 0.0106655 0.00723177 0.00458903
 0.00771523 0.012639 0.0192201 0.0274589 0.037112 0.0475265 0.0576083 0.0660883 0.0719715 0.0748424 0.0748432 0.072445 0.0682308 0.0627756 0.0565858 0.0500617 0.0434857 0.037041 0.0308476 0.0249997 0.0195938 0.0147394 0.0105514 0.00712314 0.00449379
 0.00785253 0.0128482 0.0195068 0.0278147 0.0375113 0.0479268 0.0579549 0.0663285 0.0720754 0.0748186 0.0747365 0.0723127 0.0681123 0.0626757 0.0564816 0.0499241 0.0432997 0.0368121 0.0305961 0.0247495 0.0193629 0.0145379 0.0103828 0.00698781 0.00439074
 0.00785963 0.0128731 0.0195685 0.0279372 0.0377153 0.048217 0.0583098 0.0666996 0.0723997 0.0750396 0.0748242 0.072273 0.0679815 0.0625022 0.0563039 0.0497578 0.0431398 0.0366463 0.0304178 0.0245628 0.0191795 0.0143704 0.0102403 0.0068745 0.00430658
 0.00783021 0.0128136 0.0194591 0.0277571 0.037454 0.047888 0.0579589 0.0663967 0.0722139 0.0750104 0.074946 0.0725023 0.0682605 0.0627828 0.0565596 0.0499807 0.0433288 0.0367988 0.0305287 0.0246291 0.0192046 0.014364 0.0102149 0.00684191 0.00427542
 0.00799101 0.0130323 0.0197088 0.0279843 0.0375915 0.0478779 0.0577737 0.0660511 0.0717635 0.0745384 0.0745413 0.0722341 0.0681585 0.0628327 0.0567166 0.0501911 0.0435483 0.0369984 0.030693 0.0247513 0.0192843 0.0144062 0.0102289 0.00683853 0.00426432
 0.00798217 0.0130133 0.0196701 0.0279101 0.0374587 0.0476572 0.0574363 0.065581 0.0711736 0.0738822 0.0739104 0.0717372 0.0678883 0.0628359 0.0569809 0.0506546 0.0441233 0.0375986 0.031251 0.0252258 0.0196577 0.0146787 0.0104126 0.00695217 0.00432818
 0.00800106 0.0130462 0.0197228 0.0279877 0.0375614 0.047775 0.0575446 0.065641 0.0711397 0.0737172 0.0736029 0.0713147 0.0674179 0.0624083 0.0566818 0.0505358 0.0441883 0.0378072 0.0315399 0.0255314 0.0199323 0.0148967 0.010568 0.00705204 0.00438597
 0.00790897 0.0129153 0.019561 0.0278149 0.0374047 0.0476604 0.0574886 0.0656457 0.0711914 0.0737877 0.0736551 0.0713132 0.0673435 0.0622703 0.0565194 0.0504058 0.0441421 0.0378697 0.0317013 0.0257548 0.0201709 0.0151114 0.0107364 0.00716899 0.00445847
 0.00794069 0.0129556 0.0196018 0.0278438 0.0374113 0.0476444 0.0574642 0.0656373 0.0712211 0.073861 0.0737543 0.0714022 0.0673817 0.0622295 0.0563964 0.0502257 0.0439502 0.0377149 0.0316172 0.0257488 0.020226 0.0151975 0.0108248 0.00724132 0.0045084
 0.00792923 0.0129357 0.0195691 0.0277924 0.0373343 0.0475352 0.0573203 0.0654652 0.0710399 0.0737019 0.0736518 0.0713801 0.0674406 0.0623446 0.0565287 0.05034 0.0440306 0.0377683 0.0316647 0.0258103 0.0203091 0.015295 0.0109216 0.00732318 0.00456807
 0.00778206 0.0127255 0.0193063 0.0275047 0.0370579 0.0473015 0.0571451 0.065347 0.070967 0.0736624 0.0736417 0.0714057 0.0675134 0.0624724 0.0567063 0.0505482 0.044243 0.0379636 0.0318339 0.0259564 0.0204393 0.0154131 0.0110254 0.00740785 0.00463024
 0.00784006 0.012774 0.0192969 0.0273707 0.0367393 0.0467809 0.0564726 0.064633 0.0703423 0.0732283 0.073439 0.0714173 0.0676905 0.0627615 0.0570647 0.0509437 0.0446489 0.0383551 0.0321907 0.0262658 0.020697 0.0156209 0.011187 0.0075273 0.00471268
 0.00854474 0.0137742 0.0205304 0.028681 0.0379112 0.0476041 0.0568013 0.064419 0.0696398 0.072177 0.07223 0.0702435 0.0666977 0.062021 0.0565776 0.0506676 0.0445271 0.038335 0.0322303 0.0263346 0.0207748 0.0156955 0.0112519 0.00757954 0.00475145
 0.00931931 0.0149819 0.0222431 0.030907 0.0405665 0.0504852 0.0595777 0.0666785 0.0709972 0.0724055 0.0713414 0.0684719 0.064403 0.0595697 0.0542541 0.0486394 0.0428555 0.0370102 0.0312083 0.0255632 0.0202065 0.0152904 0.010976 0.00740251 0.00464586
 0.00920298 0.0149529 0.0224915 0.0316983 0.0421596 0.0530059 0.0629106 0.0704456 0.0746441 0.0753539 0.0731413 0.068903 0.0635062 0.0576091 0.0516251 0.0457561 0.0400575 0.0345171 0.0291223 0.0239018 0.0189384 0.0143631 0.0103301 0.00697805 0.00438541
 0.00897378 0.0145728 0.0219179 0.0309203 0.0412402 0.0521246 0.0623673 0.0705872 0.0757171 0.077355 0.0757617 0.0716166 0.0657567 0.0589989 0.0520185 0.0452699 0.0389694 0.0331478 0.0277418 0.0226837 0.0179615 0.0136368 0.00982513 0.00664929 0.0041859
 0.0087712 0.0142621 0.021484 0.0303583 0.0405544 0.0513318 0.0615131 0.0697713 0.0751105 0.0771776 0.0762076 0.0727491 0.0674352 0.0608949 0.0537296 0.0464705 0.0395182 0.0331014 0.0272876 0.0220437 0.0173161 0.0130928 0.00942093 0.00637816 0.00401992
 0.00886761 0.0143754 0.0215749 0.0303654 0.0404128 0.0510006 0.0609971 0.0691244 0.0744214 0.0765541 0.0757684 0.0726139 0.0676958 0.0615654 0.0547067 0.0475444 0.0404445 0.0336972 0.0274954 0.0219286 0.0170113 0.0127333 0.00910026 0.00613803 0.00386285
 0.00884335 0.0143572 0.0215839 0.0304266 0.0405387 0.0511712 0.0611511 0.0691741 0.0742912 0.0762222 0.0752863 0.0720948 0.067279 0.0613731 0.0548035 0.0479108 0.0409759 0.0342397 0.0279065 0.0221318 0.017014 0.0126023 0.00891839 0.00596838 0.00373592
 0.00884172 0.0143513 0.0215705 0.0304043 0.0405123 0.0511555 0.0611675 0.0692384 0.0743962 0.0763281 0.0753329 0.0720329 0.0671041 0.0611375 0.0545968 0.0478178 0.0410351 0.0344245 0.0281404 0.0223278 0.0171156 0.0126021 0.00884765 0.00587156 0.00364763
 0.00874186 0.0141999 0.0213631 0.0301443 0.0402108 0.0508302 0.0608434 0.0689487 0.0741791 0.0762171 0.0753429 0.0721502 0.0672891 0.0613437 0.054795 0.0480091 0.0412416 0.0346651 0.0284085 0.0225899 0.0173294 0.0127403 0.00890988 0.00587898 0.00362806
 0.0087438 0.0141851 0.0213082 0.0300189 0.0399873 0.0504992 0.0604253 0.0684933 0.0737517 0.0758793 0.0751373 0.0720942 0.0673751 0.0615433 0.0550677 0.0483151 0.0415532 0.0349696 0.0287003 0.0228599 0.0175612 0.0129172 0.00902482 0.00593903 0.00365001
 0.00864279 0.0140345 0.0211059 0.0297693 0.0396967 0.0501705 0.0600575 0.068088 0.0733246 0.0754673 0.0747953 0.07188 0.0673296 0.0616768 0.055358 0.0487166 0.0420123 0.035438 0.0291426 0.0232531 0.0178904 0.0131737 0.00920728 0.00605491 0.00371427
 0.00866521 0.0140764 0.021179 0.0298867 0.0398685 0.0503962 0.0603189 0.0683465 0.0735265 0.075558 0.0747378 0.0716706 0.0670044 0.0613011 0.0550047 0.0484421 0.041843 0.0353703 0.0291535 0.0233127 0.0179709 0.0132535 0.00927275 0.00610026 0.00374047
 0.00865817 0.0140783 0.0212064 0.0299631 0.0400186 0.0506355 0.0606441 0.0687319 0.0739264 0.0759147 0.0749924 0.0717753 0.066935 0.061067 0.0546492 0.0480314 0.0414458 0.0350387 0.0289121 0.0231602 0.0178893 0.0132189 0.00926348 0.00610105 0.00374297
 0.00858464 0.0139711 0.0210688 0.0298086 0.0398703 0.0505232 0.0606002 0.0687839 0.0740885 0.0761786 0.0753234 0.072118 0.0672269 0.0612561 0.0547088 0.0479671 0.041292 0.034845 0.0287263 0.0230138 0.0177933 0.0131676 0.00924278 0.00609667 0.00374466
 0.00860391 0.0139971 0.0210985 0.0298368 0.0398923 0.0505389 0.0606164 0.0688144 0.074149 0.0762807 0.0754682 0.0722924 0.0674044 0.061402 0.0547893 0.0479604 0.0411966 0.0346811 0.0285288 0.0228204 0.0176318 0.0130504 0.0091681 0.00605455 0.00372342
 0.00857189 0.0139319 0.0209767 0.0296305 0.0395786 0.0501137 0.0601065 0.0682788 0.073667 0.0759311 0.0753091 0.0723483 0.0676615 0.0618125 0.0552836 0.0484634 0.0416454 0.0350374 0.0287831 0.0229859 0.0177336 0.0131131 0.00920926 0.00608343 0.00374378
 0.00847971 0.0137831 0.0207544 0.0293192 0.0391662 0.0495967 0.0594966 0.0676093 0.0729948 0.0753319 0.0748647 0.072129 0.0677075 0.0621219 0.0558105 0.04913 0.0423607 0.0357186 0.0293714 0.0234535 0.0180799 0.0133553 0.00937095 0.00618701 0.00380721
 0.0086873 0.0141168 0.0212473 0.0299925 0.0400169 0.0505814 0.0605202 0.0685318 0.073662 0.0756209 0.0747238 0.071593 0.0668856 0.0611635 0.0548631 0.048303 0.0417074 0.0352398 0.0290346 0.0232162 0.0179073 0.0132262 0.00927542 0.00611998 0.00376402
 0.00887929 0.0144369 0.0217427 0.0307092 0.0409855 0.0517964 0.0619199 0.0699916 0.0750114 0.0766779 0.075335 0.0716684 0.0664194 0.0602368 0.0536245 0.0469309 0.0403665 0.0340483 0.0280516 0.0224501 0.0173354 0.0128144 0.00898985 0.00593126 0.00364688
 0.00870552 0.0141881 0.0214326 0.0303774 0.0406937 0.0516178 0.0619262 0.0702379 0.0755181 0.0774135 0.07621 0.0725474 0.0671537 0.0607051 0.0537677 0.0467655 0.0399726 0.033537 0.0275283 0.0219885 0.0169697 0.0125475 0.00880739 0.00581351 0.00357527
 0.00812035 0.0132241 0.0199658 0.0283053 0.0379822 0.0483639 0.0584042 0.0668842 0.0728341 0.0758239 0.0759424 0.0735837 0.0692576 0.0635007 0.0568389 0.0497479 0.0426154 0.035721 0.029243 0.0232878 0.0179291 0.0132377 0.00928655 0.00612968 0.00377051
 0.00829254 0.0134417 0.020174 0.0284034 0.0378367 0.0478394 0.057404 0.0653912 0.0709451 0.0737607 0.0740227 0.0721453 0.0685587 0.06364 0.0577306 0.0511631 0.0442645 0.037341 0.0306551 0.0244123 0.0187646 0.0138256 0.00968154 0.00638272 0.00392372
 0.0085657 0.0139007 0.0208859 0.0294225 0.0391706 0.0494052 0.0589996 0.0667152 0.0716754 0.0736661 0.0730545 0.0704664 0.0664982 0.0615929 0.0560408 0.0500309 0.0437146 0.0372557 0.0308499 0.0247127 0.0190524 0.0140474 0.00982991 0.00647254 0.00397418
 0.00864077 0.0140333 0.0211072 0.0297724 0.0396944 0.050141 0.059957 0.067849 0.0728646 0.0747153 0.0737312 0.0705741 0.0659571 0.0604875 0.0546018 0.0485564 0.0424661 0.0363804 0.0303606 0.0245236 0.0190418 0.0141101 0.00990136 0.00652621 0.00400673
 0.00869363 0.014137 0.0212957 0.0300884 0.0401787 0.0508175 0.0608189 0.068854 0.0739406 0.0757676 0.0746447 0.0712164 0.0661966 0.0602333 0.0538514 0.0474201 0.0411442 0.0350974 0.0292912 0.0237478 0.0185475 0.0138302 0.00975755 0.00645653 0.00397322
 0.00841461 0.0136873 0.0206304 0.0291798 0.0390356 0.0495089 0.059488 0.0677045 0.0731874 0.0755693 0.0750522 0.0721564 0.067493 0.0616523 0.0551608 0.0484485 0.0418229 0.035465 0.029456 0.023829 0.0186263 0.0139343 0.00987568 0.00656532 0.0040564
 0.00836039 0.013558 0.0203605 0.0286844 0.0382341 0.0483625 0.0580362 0.0660792 0.0715954 0.0742495 0.0742205 0.0719542 0.0679495 0.0626736 0.0565528 0.0499705 0.0432537 0.0366579 0.0303612 0.0244763 0.0190839 0.0142671 0.0101247 0.00674941 0.00418452
 0.00865881 0.0140257 0.0210267 0.0295509 0.0392588 0.0494434 0.0590073 0.066737 0.0717599 0.0738374 0.0732908 0.0706976 0.0666263 0.0615293 0.0557453 0.049537 0.0431241 0.0367052 0.0304618 0.0245529 0.0191141 0.014265 0.0101136 0.00674392 0.00418717
 0.00852801 0.0138776 0.0209224 0.0295857 0.039534 0.0500215 0.0598714 0.0677765 0.0727917 0.0746533 0.0737157 0.0706422 0.0661173 0.0607033 0.0548032 0.0486741 0.0424686 0.0362916 0.0302472 0.0244606 0.0190757 0.0142414 0.0100929 0.0067272 0.00417705
#obs surv len freq
 nan nan nan nan nan nan nan nan nan nan nan nan nan nan nan nan nan nan nan nan nan nan nan nan nan
 0.00448583 0.00734785 0.0111786 0.0159958 0.0216974 0.0279736 0.034288 0.0400191 0.044698 0.0481607 0.0505172 0.0520115 0.0529023 0.0534133 0.0537265 0.0539806 0.0542586 0.054551 0.0546895 0.0542813 0.0527194 0.0493518 0.043802 0.0362828 0.0276672
 0.00461312 0.0075579 0.0115002 0.0164565 0.0223166 0.0287525 0.0351986 0.0410021 0.0456709 0.0490347 0.0512142 0.0524758 0.0531055 0.0533547 0.0534284 0.0534804 0.0536001 0.0537772 0.0538398 0.053393 0.0518315 0.0485078 0.0430469 0.0356546 0.0271871
 0.00477635 0.00782318 0.0118995 0.01702 0.0230676 0.0296984 0.0363212 0.0422512 0.0469681 0.0502839 0.0523152 0.0533372 0.0536558 0.0535507 0.0532595 0.052967 0.0527866 0.0527228 0.0526107 0.0520593 0.0504684 0.0471952 0.0418641 0.0346671 0.0264309
 0.00497132 0.00814185 0.0123821 0.0177049 0.0239835 0.0308524 0.0376871 0.0437658 0.04854 0.05181 0.053695 0.0544792 0.0544803 0.0539928 0.0532752 0.0525403 0.0519333 0.0514899 0.0510727 0.050313 0.048629 0.0453899 0.0402186 0.0332839 0.0253679
 0.00517035 0.00847093 0.0128877 0.0184338 0.024974 0.0321197 0.039208 0.0454734 0.0503329 0.0535714 0.055311 0.0558495 0.0555211 0.0546357 0.0534667 0.0522442 0.0511367 0.0502117 0.0493706 0.0482881 0.0464229 0.043173 0.0381657 0.031541 0.0240199
 0.00540076 0.00884433 0.0134479 0.0192219 0.0260221 0.0334403 0.0407819 0.0472431 0.0522072 0.0554401 0.0570595 0.0573704 0.0567199 0.0554343 0.053803 0.0520716 0.0504263 0.0489601 0.0476136 0.0461144 0.0439808 0.0406601 0.0357979 0.0295058 0.0224328
 0.00563926 0.00923776 0.0140503 0.0200863 0.0271894 0.0349217 0.0425428 0.0491992 0.0542404 0.057423 0.0588773 0.058928 0.05794 0.0562515 0.0541606 0.0519206 0.0497289 0.0476978 0.0458035 0.0438291 0.0413635 0.0379203 0.0331786 0.0272285 0.0206415
 0.00587606 0.00962463 0.0146365 0.0209201 0.0283098 0.0363456 0.0442492 0.051122 0.0562743 0.0594415 0.060753 0.0605481 0.0592143 0.0571129 0.0545595 0.0518174 0.0490896 0.0464994 0.0440503 0.0415773 0.0387427 0.0351358 0.0304818 0.024858 0.0187603
 0.00613357 0.0100466 0.0152774 0.0218323 0.0295327 0.037889 0.0460775 0.0531496 0.0583793 0.0614904 0.0626218 0.0621332 0.0604342 0.0579061 0.0548815 0.051636 0.0483807 0.0452477 0.0422612 0.0392999 0.0360951 0.0323136 0.0277335 0.0224273 0.0168199
 0.0063831 0.0104553 0.0158983 0.0227167 0.0307205 0.0393932 0.0478673 0.0551443 0.0604588 0.063518 0.064467 0.0636868 0.0616133 0.0586536 0.0551603 0.0514225 0.0476586 0.0440088 0.0405142 0.037092 0.0335351 0.0295832 0.0250672 0.02006 0.0149217
 0.00661409 0.0108371 0.0164845 0.0235608 0.0318653 0.0408529 0.0496107 0.0570892 0.062484 0.065487 0.0662513 0.0651785 0.0627308 0.059341 0.0553842 0.0511659 0.0469152 0.04278 0.0388166 0.0349738 0.0310986 0.0269954 0.0225437 0.0178182 0.0131212
 0.00684473 0.0112124 0.0170503 0.0243604 0.0329319 0.0421975 0.0512079 0.0588709 0.0643468 0.0673096 0.0679128 0.0665734 0.0637757 0.0599779 0.0555792 0.0509039 0.0461943 0.0416089 0.0372182 0.0329991 0.0288445 0.0246139 0.0202288 0.0157647 0.011472
 0.00705646 0.0115623 0.017587 0.0251317 0.0339739 0.0435179 0.0527711 0.0605942 0.066115 0.0689994 0.0694145 0.0678001 0.0646643 0.0604856 0.0556805 0.0505882 0.0454628 0.0404733 0.0357052 0.0311608 0.026772 0.0224446 0.0181341 0.0139147 0.00999029
 0.0072548 0.0118875 0.0180814 0.0258366 0.0349214 0.044718 0.0541973 0.0621782 0.0677538 0.0705747 0.0708125 0.068927 0.0654541 0.0609011 0.0557082 0.0502306 0.044732 0.0393885 0.0342967 0.0294798 0.0249022 0.0205079 0.0162788 0.0122858 0.00869114
 0.00744827 0.0122018 0.0185539 0.0265015 0.0358027 0.0458188 0.055489 0.0635963 0.0692072 0.0719616 0.0720372 0.0699095 0.0661346 0.0612418 0.0556932 0.0498625 0.044027 0.0383725 0.0330055 0.0279653 0.0232417 0.0188078 0.0146653 0.0108794 0.00757553
 0.00751502 0.012319 0.0187469 0.0268002 0.0362368 0.0464086 0.0562361 0.0644793 0.0701834 0.0729742 0.073022 0.0708005 0.0668686 0.0617626 0.0559564 0.0498397 0.0437071 0.0377621 0.0321294 0.0268686 0.021994 0.0175027 0.013411 0.00977806 0.00669814
 0.00759069 0.0124316 0.0188977 0.0269865 0.036456 0.0466645 0.0565417 0.0648529 0.0706405 0.0735169 0.073633 0.0714428 0.0674908 0.062306 0.0563632 0.0500591 0.0437012 0.0375111 0.0316353 0.0261594 0.0211247 0.0165528 0.0124739 0.00894206 0.00602555
 0.00766285 0.0125449 0.0190601 0.0272011 0.0367186 0.0469622 0.056853 0.0651536 0.0709133 0.073761 0.0738644 0.0716842 0.0677556 0.062587 0.0566292 0.0502627 0.0437908 0.0374428 0.0313842 0.025727 0.0205427 0.0158806 0.0117874 0.00831604 0.00551485
 0.0077207 0.0126327 0.0191806 0.027353 0.0368972 0.0471604 0.0570618 0.0653618 0.0711079 0.0739304 0.0740033 0.0717974 0.067857 0.0626924 0.0567459 0.0503802 0.0438793 0.0374615 0.0312944 0.025507 0.020198 0.0154457 0.0113174 0.00787129 0.00514294
 0.0077708 0.0127099 0.0192889 0.0274924 0.0370637 0.0473453 0.0572523 0.0655422 0.0712634 0.074051 0.074086 0.0718461 0.0678806 0.0627027 0.0567542 0.0503923 0.0438903 0.0374531 0.0312396 0.0253804 0.0199891 0.0151666 0.0110013 0.00756106 0.00487642
 0.00782959 0.0127999 0.0194138 0.0276514 0.0372516 0.0475526 0.0574653 0.0657437 0.0714353 0.0741781 0.0741598 0.0718663 0.0678545 0.0626429 0.0566752 0.0503071 0.0438064 0.0373689 0.0311442 0.025258 0.0198276 0.0149661 0.0107775 0.00733999 0.004684
 0.00785551 0.012841 0.0194736 0.0277321 0.0373532 0.0476722 0.057596 0.0658755 0.0715566 0.0742789 0.0742332 0.0719095 0.0678678 0.0626291 0.0566396 0.0502565 0.0437471 0.0373042 0.031072 0.0251719 0.0197203 0.0148359 0.0106315 0.00719327 0.00455368
 0.00787876 0.0128735 0.0195129 0.0277731 0.0373901 0.0477012 0.0576178 0.0658944 0.0715786 0.0743081 0.0742703 0.0719514 0.0679093 0.0626646 0.0566646 0.0502686 0.0437457 0.0372899 0.0310447 0.0251298 0.0196611 0.0147593 0.0105422 0.00710073 0.00446922
 0.00790704 0.0129164 0.0195712 0.0278449 0.0374701 0.0477814 0.0576878 0.0659443 0.0716019 0.074305 0.0742481 0.0719211 0.0678811 0.0626438 0.056651 0.0502584 0.0437342 0.037273 0.0310198 0.0250949 0.0196153 0.0147031 0.0104789 0.00703638 0.0044109
 0.00789441 0.0128973 0.0195453 0.0278128 0.0374335 0.0477427 0.0576498 0.0659098 0.0715733 0.0742843 0.074237 0.0719216 0.0678957 0.0626744 0.0566974 0.0503168 0.0437978 0.0373336 0.0310698 0.0251289 0.0196306 0.0147002 0.0104613 0.00700981 0.00438203
 0.00790838 0.0129108 0.0195488 0.0277927 0.0373765 0.0476424 0.0575125 0.0657538 0.0714237 0.0741642 0.074161 0.0718948 0.0679148 0.0627318 0.0567836 0.0504223 0.0439128 0.0374484 0.0311748 0.0252163 0.0196954 0.014741 0.0104805 0.00701297 0.00437575
 0.00790372 0.0129042 0.0195402 0.0277812 0.0373587 0.0476116 0.0574586 0.0656679 0.0713037 0.07402 0.0740145 0.0717728 0.0678398 0.062715 0.0568233 0.0505072 0.0440272 0.0375761 0.0313013 0.02533 0.0197882 0.014809 0.0105243 0.00703651 0.00438514
 0.00787579 0.0128568 0.0194655 0.0276717 0.0372104 0.0474274 0.0572509 0.0654567 0.0711109 0.0738627 0.0739022 0.0717097 0.0678286 0.0627583 0.0569216 0.0506553 0.044213 0.0377819 0.0315081 0.0255206 0.0199499 0.0149352 0.0106142 0.00709446 0.00441839
 0.00786406 0.0128354 0.0194289 0.0276129 0.0371224 0.0473051 0.0570945 0.0652734 0.0709152 0.0736744 0.0737421 0.0715951 0.06777 0.0627589 0.0569791 0.0507636 0.0443628 0.0379606 0.0316998 0.0257081 0.0201178 0.0150729 0.0107173 0.00716449 0.00446132
 0.00787053 0.0128417 0.0194305 0.0276027 0.0370918 0.0472471 0.0570052 0.0651539 0.0707714 0.0735166 0.0735841 0.0714531 0.0676602 0.0626945 0.0569675 0.0508057 0.0444532 0.0380888 0.0318519 0.0258681 0.02027 0.0152045 0.0108205 0.00723791 0.0045084
 0.00783039 0.0127827 0.0193532 0.027511 0.0369916 0.047143 0.0568993 0.0650462 0.0706619 0.0734077 0.0734818 0.0713659 0.0675979 0.0626662 0.05698 0.050862 0.0445516 0.0382226 0.0320098 0.0260355 0.0204317 0.0153471 0.0109353 0.0073218 0.00456389
 0.00778997 0.0127134 0.0192429 0.0273482 0.03677 0.0468683 0.056593 0.0647435 0.0704015 0.0732193 0.0733784 0.0713441 0.067645 0.0627676 0.0571234 0.0510385 0.0447541 0.0384436 0.0322395 0.0262619 0.0206416 0.0155286 0.0110804 0.0074282 0.00463496
 0.0077807 0.012692 0.0191987 0.0272671 0.036637 0.046673 0.0563357 0.0644385 0.0700774 0.072914 0.0731308 0.0711852 0.0675898 0.0628133 0.0572536 0.0512305 0.0449857 0.038696 0.0324973 0.0265116 0.0208704 0.0157255 0.0112381 0.00754463 0.0047135
 0.00773739 0.0126265 0.019109 0.0271534 0.0365003 0.0465132 0.056151 0.0642276 0.0698435 0.0726685 0.0728954 0.0709885 0.0674613 0.0627744 0.057312 0.051378 0.0452022 0.0389558 0.0327747 0.0267844 0.0211209 0.0159406 0.0114101 0.00767171 0.00479958
 0.00931838 0.014836 0.0217683 0.0298747 0.0388008 0.0479955 0.0566454 0.0638158 0.0687708 0.0712186 0.0713006 0.0694028 0.0659749 0.0614393 0.0561587 0.0504219 0.0444438 0.0383817 0.0323613 0.0265027 0.0209409 0.0158348 0.0113544 0.00764681 0.0047912
 0.00930531 0.0151067 0.0226901 0.0319021 0.0422765 0.0528824 0.0623576 0.0693152 0.0729372 0.0732926 0.0711343 0.0673975 0.0628051 0.0577653 0.0524656 0.0469966 0.041425 0.0358195 0.0302577 0.0248334 0.0196656 0.0149026 0.0107075 0.00722448 0.00453415
 0.00897746 0.0145915 0.0219694 0.0310271 0.0414205 0.0523758 0.0626468 0.070802 0.0757348 0.0770457 0.0750655 0.070602 0.064628 0.058028 0.0514327 0.0451612 0.0392787 0.0337207 0.0284085 0.0233161 0.0184898 0.0140389 0.0101081 0.00683379 0.00429692
 0.00881083 0.0143111 0.0215305 0.0303856 0.04055 0.0512995 0.0614785 0.0697726 0.0751736 0.0772887 0.0763024 0.0727335 0.067235 0.0605077 0.0532425 0.0460266 0.0392473 0.0330613 0.0274505 0.022327 0.0176293 0.0133709 0.00963374 0.00652289 0.00410864
 0.00874413 0.0141981 0.0213509 0.0301151 0.0401625 0.0507733 0.0608074 0.0689829 0.0743432 0.0765616 0.0758793 0.0728202 0.0679503 0.0617932 0.0548406 0.0475646 0.0403903 0.0336426 0.0275043 0.0220233 0.0171702 0.0129135 0.00926265 0.00626153 0.00394446
 0.00870433 0.0141315 0.0212471 0.0299621 0.0399485 0.0504885 0.0604466 0.0685481 0.0738467 0.0760325 0.0753743 0.0724323 0.0677994 0.0619875 0.0554179 0.0484456 0.0413866 0.0345272 0.0281074 0.022293 0.0171668 0.0127533 0.00905676 0.00608055 0.0038155
 0.0087016 0.0141241 0.0212301 0.0299284 0.0398895 0.0503953 0.0603119 0.068367 0.0736171 0.0757565 0.0750624 0.0721096 0.0675124 0.0618044 0.0554117 0.0486617 0.0418084 0.0350667 0.0286348 0.0226928 0.0173847 0.0128059 0.00900439 0.00598895 0.00372965
 0.00870232 0.0141256 0.0212326 0.0299318 0.0398922 0.0503933 0.0602984 0.0683324 0.0735516 0.0756523 0.0749163 0.0719257 0.0673053 0.0616023 0.0552566 0.0486007 0.0418751 0.0352598 0.02891 0.0229776 0.0176107 0.0129374 0.00904646 0.00597288 0.00369076
 0.00869591 0.014117 0.0212231 0.0299238 0.0398882 0.0503953 0.0603061 0.0683426 0.0735581 0.0756466 0.0748888 0.0718686 0.0672159 0.0614866 0.0551317 0.0484941 0.0418181 0.0352752 0.0289991 0.0231157 0.0177572 0.0130545 0.00911525 0.00599662 0.00368601
 0.0086664 0.0140718 0.0211604 0.0298443 0.0397957 0.0502966 0.0602109 0.0682626 0.0735037 0.0756233 0.0748951 0.0718957 0.0672507 0.0615165 0.0551497 0.0485024 0.0418286 0.0353042 0.0290587 0.0232058 0.0178633 0.0131548 0.00919159 0.00604216 0.0037053
 0.00865814 0.0140569 0.0211354 0.0298053 0.0397398 0.0502237 0.0601254 0.0681733 0.0734222 0.0755609 0.0748595 0.0718894 0.06727 0.0615529 0.0551929 0.0485443 0.0418663 0.0353415 0.0291029 0.0232619 0.0179297 0.013223 0.00925057 0.00608438 0.00372967
 0.00864228 0.0140329 0.0211025 0.0297637 0.0396903 0.0501668 0.0600617 0.0681043 0.0733512 0.0754938 0.0748044 0.0718545 0.0672609 0.0615707 0.0552333 0.0485994 0.0419279 0.0354037 0.0291639 0.0233225 0.01799 0.0132805 0.00930074 0.00612291 0.00375507
 0.00864488 0.0140341 0.0210988 0.0297503 0.0396625 0.0501227 0.0600034 0.0680377 0.0732838 0.0754323 0.0747531 0.071816 0.0672376 0.0615648 0.0552463 0.0486303 0.0419729 0.0354575 0.0292212 0.0233795 0.0180442 0.0133298 0.00934285 0.00615574 0.00377787
 0.00863707 0.0140242 0.021089 0.0297436 0.0396614 0.0501267 0.0600084 0.0680367 0.0732703 0.0754039 0.0747126 0.0717701 0.0671942 0.0615305 0.0552254 0.0486249 0.041983 0.0354809 0.0292543 0.023418 0.018084 0.0133674 0.00937547 0.00618163 0.00379639
 0.00862404 0.0140031 0.0210577 0.0297008 0.0396078 0.0500661 0.0599477 0.0679847 0.0732344 0.0753865 0.0747109 0.0717781 0.0672066 0.0615448 0.0552424 0.0486468 0.0420117 0.0355169 0.0292962 0.0234629 0.0181284 0.0134081 0.0094099 0.00620833 0.00381526
 0.00862404 0.0140031 0.0210577 0.0297008 0.0396078 0.0500661 0.0599477 0.0679847 0.0732344 0.0753865 0.0747109 0.0717781 0.0672066 0.0615448 0.0552424 0.0486468 0.0420117 0.0355169 0.0292962 0.0234629 0.0181284 0.0134081 0.0094099 0.00620833 0.00381526
 0.00854845 0.0138841 0.0208864 0.0294727 0.0393252 0.049741 0.0596041 0.0676576 0.0729636 0.0752069 0.0746434 0.0718249 0.0673527 0.0617638 0.055504 0.0489239 0.0422835 0.0357698 0.0295222 0.0236575 0.0182896 0.0135355 0.0095052 0.00627516 0.00385874
 0.00882536 0.0143105 0.0214819 0.030235 0.0402254 0.0507206 0.0605741 0.0685065 0.0735802 0.0755097 0.0746033 0.07147 0.0667536 0.0610115 0.0546878 0.0481169 0.0415374 0.0351153 0.0289737 0.0232177 0.017953 0.0132909 0.00933752 0.00616755 0.0037946
 0.00891802 0.0144901 0.0218037 0.0307634 0.041012 0.051772 0.0618262 0.0698243 0.0747876 0.0764384 0.0751344 0.0715544 0.0664122 0.0603203 0.0537562 0.0470637 0.0404701 0.034117 0.0280983 0.0224924 0.0173837 0.0128682 0.00904193 0.00597421 0.00367716
 0.00868964 0.0141381 0.0213139 0.0301459 0.0403108 0.0510724 0.061252 0.0695134 0.0748471 0.0768959 0.0759166 0.0725091 0.0673607 0.0611132 0.0543079 0.0473585 0.0405458 0.0340399 0.0279383 0.0223073 0.0172116 0.0127287 0.00894026 0.00590675 0.00363629
 0.00816637 0.0132778 0.0200069 0.0282995 0.0378883 0.0481456 0.0580444 0.0663948 0.07226 0.075238 0.0754319 0.0732292 0.0691117 0.0635757 0.0571065 0.050151 0.0430843 0.0361901 0.0296635 0.0236337 0.0181952 0.0134322 0.00942299 0.00622143 0.00382896
 0.00833561 0.0134929 0.0202158 0.0284066 0.0377673 0.0476691 0.0571203 0.0650038 0.0704846 0.0732745 0.0735677 0.0717803 0.0683336 0.0635849 0.0578494 0.0514318 0.0446376 0.0377622 0.0310707 0.0247812 0.0190642 0.0140509 0.00983974 0.00648701 0.00398826
 0.00864372 0.0140128 0.0210267 0.0295753 0.0393094 0.0494997 0.0590211 0.066643 0.0715036 0.0734084 0.0727428 0.0701439 0.0662086 0.0613717 0.0559101 0.0499987 0.0437743 0.0373874 0.0310243 0.0248981 0.0192223 0.0141856 0.00993143 0.00654065 0.00401624
 0.00858472 0.0139536 0.0210082 0.0296649 0.0395917 0.0500537 0.0598887 0.0677967 0.0728222 0.0746782 0.0736985 0.0705475 0.0659398 0.0604825 0.0546127 0.0485878 0.0425229 0.0364647 0.0304684 0.0246445 0.0191614 0.0142151 0.00998375 0.00658427 0.00404367
 0.00867161 0.0140807 0.0211748 0.0298665 0.0398283 0.0503403 0.0602605 0.0682998 0.0734903 0.0755005 0.0745949 0.0713676 0.0664962 0.0606132 0.0542491 0.0477915 0.0414679 0.0353705 0.0295204 0.0239411 0.0187093 0.0139614 0.00985771 0.00652728 0.00401888
 0.00836873 0.0136136 0.0205203 0.0290237 0.0388228 0.0492286 0.059136 0.067292 0.0727503 0.0751694 0.0747639 0.072042 0.0675779 0.0619142 0.0555397 0.0488711 0.042227 0.0358134 0.0297365 0.0240463 0.0187917 0.0140585 0.00996652 0.00662859 0.00409745
 0.00822566 0.0133529 0.0200781 0.028329 0.0378213 0.0479177 0.0575925 0.0656741 0.0712641 0.0740188 0.0741069 0.0719664 0.0680906 0.0629385 0.0569219 0.0504065 0.0437083 0.0370843 0.0307264 0.0247667 0.0193018 0.0144236 0.010233 0.00682126 0.00422966
 0.00852832 0.013824 0.0207432 0.0291849 0.0388214 0.0489597 0.0585178 0.0662946 0.0714202 0.073644 0.0732629 0.0708265 0.0668816 0.0618712 0.056136 0.049945 0.0435239 0.0370748 0.0307824 0.0248126 0.0193104 0.0144038 0.0102062 0.00680241 0.00422224
 0.00856338 0.0139149 0.0209418 0.0295574 0.0394281 0.0498222 0.0595891 0.0674495 0.0724759 0.0744048 0.0735751 0.0706253 0.0662138 0.0608831 0.0550274 0.0489065 0.0426837 0.0364757 0.0303953 0.0245726 0.0191544 0.0142919 0.010122 0.00674225 0.00418403
#pred catch len freq
 0.00315237 0.00513398 0.0077775 0.0111366 0.0152548 0.0201137 0.0255736 0.031369 0.0371652 0.0426282 0.0474724 0.051495 0.0546015 0.0568081 0.0582161 0.0589799 0.0592828 0.0593031 0.0591316 0.0586363 0.0573537 0.0545506 0.0495484 0.0421891 0.0331264
 0.00334586 0.00539522 0.00807395 0.0114098 0.0154422 0.0201804 0.0255319 0.0312696 0.037064 0.0425508 0.047404 0.0514017 0.0544688 0.0566692 0.05815 0.0590779 0.0595979 0.0598057 0.0596965 0.0590754 0.057488 0.05429 0.0489345 0.0413746 0.032302
 0.00344698 0.00558444 0.00839992 0.0119207 0.0161598 0.0210678 0.0264784 0.0321147 0.0376583 0.042819 0.0473661 0.0511423 0.0540829 0.0562289 0.0577079 0.0586862 0.0593108 0.0596533 0.0596484 0.0590305 0.0573094 0.0538744 0.0482719 0.0405578 0.0314791
 0.0035607 0.0057663 0.00867193 0.0123114 0.0167096 0.0218281 0.0274947 0.0333908 0.0391174 0.0442906 0.048623 0.0519792 0.0543938 0.0560345 0.0571254 0.0578701 0.0584033 0.0587548 0.0588023 0.0582182 0.0564691 0.0529452 0.047245 0.0394977 0.0304969
 0.00370983 0.00600561 0.00902654 0.0128037 0.0173573 0.0226422 0.028478 0.0345384 0.040415 0.0457038 0.0500755 0.0533354 0.0554716 0.0566573 0.0571887 0.0573816 0.0574712 0.0575356 0.0574399 0.0568051 0.0550433 0.0515192 0.0458457 0.0381878 0.029362
