SBPRF35
9.19201
Curr Bio
580934
B35
602269
F35
0.197069
FOFL
0.18951
OFL
87505.4
Bzero
2.62629e+06
#pred survey bio
 2.94354e+06 3.15551e+06 3.38453e+06 3.43849e+06 3.07744e+06 2.79618e+06 2.49653e+06 2.20071e+06 1.88033e+06 1.53301e+06 1.34014e+06 1.20005e+06 1.06937e+06 990863 902556 823535 731578 647292 622547 616803 604038 556795 541001 531563 517699 506932 512283 524602 526990 529002 551944 592695 613049 574316 502786 455007 447060 466470 510211 548567 570495 561617 562814 567954 542523 533004 536065 514972 505278 527484 551989 586158 588492 2.05785e+07 1.25943e+07 1.31125e+07 1.40334e+07 1.51513e+07 1.62768e+07 1.72924e+07 1.8146e+07 1.88298e+07 1.93596e+07 1.97611e+07 2.00607e+07 2.02824e+07 2.04456e+07 2.05656e+07 2.06539e+07 2.07192e+07 2.07675e+07 2.08036e+07 2.08306e+07 2.08509e+07 2.08664e+07 2.08781e+07 2.08871e+07 2.08941e+07 2.08994e+07 2.09035e+07 2.09067e+07 2.09092e+07 2.09111e+07 2.09127e+07 2.09138e+07 2.09148e+07 2.09155e+07 2.09161e+07 2.09165e+07 2.09169e+07 2.09172e+07 2.09174e+07 2.09176e+07 2.09177e+07 2.09178e+07 2.09179e+07 2.0918e+07 2.0918e+07 2.09181e+07 2.09181e+07 2.09181e+07 2.09181e+07 2.09182e+07 2.09182e+07 2.09182e+07 2.09182e+07 2.09182e+07 2.09182e+07 2.09182e+07 2.09182e+07 2.09182e+07 2.09182e+07 2.09182e+07 2.09182e+07 2.09182e+07 2.09182e+07 2.09182e+07 2.09182e+07 2.09182e+07 2.09182e+07 2.09182e+07 2.09182e+07 2.09182e+07 2.09182e+07 2.09182e+07 2.09182e+07 2.09182e+07 2.09182e+07 2.09182e+07 2.09182e+07 2.09182e+07 2.09182e+07 2.09182e+07 2.09182e+07 2.09182e+07 2.09182e+07 2.09182e+07 2.09182e+07 2.09182e+07 2.09182e+07 2.09182e+07 2.09182e+07 2.09182e+07 2.09182e+07 2.09182e+07 2.09182e+07 2.09182e+07 2.09182e+07 2.09182e+07 2.09182e+07 2.09182e+07 2.09182e+07 2.09182e+07 0 0 0 0 0 0 0 0 0 0 0 0 0 0 0 0 0 0 0 0 0 0 0 0 0
#obs survey bio
 2.89885e+06 3.05602e+06 3.7048e+06 4.23263e+06 2.975e+06 3.24816e+06 2.26414e+06 2.34339e+06 1.91144e+06 1.40173e+06 1.41756e+06 1.45516e+06 1.17498e+06 844872 667448 1.00046e+06 658792 638818 550696 667883 651821 566919 439834 519193 408097 535331 533401 584922 652300 509434 410501 559423 715017 797856 365564 418987 436532 450165 380791 755761 656286 527993 462190 560797 477713 467365 605808 415465 496434 524512 589800 686442 548357
#pred catch bio
 88295.6 94561.4 156331 212679 212005 280308 285682 286480 302162 299011 282684 279425 242982 253961 236437 220092 205361 156700 140050 129111 133021 122796 120177 114804 103894 100947 104185 103087 98196.2 102626 95603.3 102020 104135 98318.7 93118.3 84894.9 85924.5 80128.2 88371 80386.4 84292 88503 93354.5 94850.7 96282 94797.9 96510.9 92777.4 85398.7 89112.2 79108.4 96745 99126.1 87505.4 92100.6 94646.6 100377 108007 115757 122664 128344 132763 136067 138463 140162 141344 142157 142708 143080 143328 143493 143602 143675 143722 143753 143773 143787 143795 143801 143805 143807 143809 143810 143810 143811 143811 143811 143811 143811 143811 143811 143811 143811 143811 143811 143811 143811 143811 143811 143811 143811 143811 143811 143811 143811 143811 143811 143811 143811 143811 143811 143811 143811 143811 143811 143811 143811 143811 143811 143811 143811 143811 143811 143811 143811 143811 143811 143811 143811 143811 143811 143811 143811 143811 143811 143811 143811 143811 143811 143811 143811 143811 143811 143811 143811 143811 143811 143811 143811 143811 143811 143811 143811 0 0 0 0 0 0 0 0 0 0 0 0 0 0 0 0 0 0 0 0 0 0 0 0 0
#obs catch bio
 0 94308.3 156566 212761 211553 280904 285758 286259 301458 300108 283125 279621 242912 254667 237158 219402 205501 156823 140395 128985 132581 122992 120414 114835 103641 100944 104514 103025 97854.4 103012 95714.8 102172 103982 98122.1 93122.9 84908 86232.1 80176.7 88624.1 80210.6 84145.6 88519.1 93515.6 94666.1 96355.8 94945.6 96407.1 92760.5 85457.3 89283.6 78922.6 96783.1 99140.4
#pred cpue bio
 2.91113e+06 3.12122e+06 3.34619e+06 3.39776e+06 3.03936e+06 2.75909e+06 2.4606e+06 2.1664e+06 1.84854e+06 1.50462e+06 1.31269e+06 1.17321e+06 1.0432e+06 964639 876666 798267 707829 625014 600540 594737 582366 536529 521040 511862 498547 488188 493315 505247 507679 509691 531752 571302 591238 554167 485425 439146 430405 447459 488741 525528 547082 538859 540026 545031 520764 511516 514505 494372 484928 506263 529907 563236 565650 1.97759e+07 1.21046e+07 1.2504e+07 1.33354e+07 1.44324e+07 1.55544e+07 1.65695e+07 1.74231e+07 1.81069e+07 1.86367e+07 1.90382e+07 1.93378e+07 1.95595e+07 1.97227e+07 1.98427e+07 1.9931e+07 1.99963e+07 2.00446e+07 2.00807e+07 2.01077e+07 2.0128e+07 2.01435e+07 2.01552e+07 2.01642e+07 2.01711e+07 2.01765e+07 2.01806e+07 2.01838e+07 2.01863e+07 2.01882e+07 2.01897e+07 2.01909e+07 2.01919e+07 2.01926e+07 2.01932e+07 2.01936e+07 2.0194e+07 2.01943e+07 2.01945e+07 2.01947e+07 2.01948e+07 2.01949e+07 2.0195e+07 2.01951e+07 2.01951e+07 2.01952e+07 2.01952e+07 2.01952e+07 2.01952e+07 2.01953e+07 2.01953e+07 2.01953e+07 2.01953e+07 2.01953e+07 2.01953e+07 2.01953e+07 2.01953e+07 2.01953e+07 2.01953e+07 2.01953e+07 2.01953e+07 2.01953e+07 2.01953e+07 2.01953e+07 2.01953e+07 2.01953e+07 2.01953e+07 2.01953e+07 2.01953e+07 2.01953e+07 2.01953e+07 2.01953e+07 2.01953e+07 2.01953e+07 2.01953e+07 2.01953e+07 2.01953e+07 2.01953e+07 2.01953e+07 2.01953e+07 2.01953e+07 2.01953e+07 2.01953e+07 2.01953e+07 2.01953e+07 2.01953e+07 2.01953e+07 2.01953e+07 2.01953e+07 2.01953e+07 2.01953e+07 2.01953e+07 2.01953e+07 2.01953e+07 2.01953e+07 2.01953e+07 2.01953e+07 2.01953e+07 2.01953e+07 2.01953e+07 0 0 0 0 0 0 0 0 0 0 0 0 0 0 0 0 0 0 0 0 0 0 0 0 0
#obs cpue bio
 3.278e+06 2.25995e+06 3.63097e+06 4.70237e+06 2.3098e+06 2.29323e+06 2.67981e+06 2.14917e+06 2.32589e+06 1.06788e+06 1.29831e+06 1.08358e+06 871178 1.06556e+06 1.07568e+06 888973 726855 543718 612259 628770 709995 381341 625085 575558 722018 405382 391993 564328 489957 357498 693930 622773 645513 425080 619197 439856 369621 463900 640584 462112 523122 503247 580280 723476 506258 513762 575737 589339 415723 526588 515072 524620 573826
#pred surv len freq
 0.00425701 0.00702523 0.0107843 0.0155807 0.0213264 0.0277026 0.0341468 0.0400109 0.0448136 0.0483953 0.0508777 0.0525078 0.0535262 0.0541128 0.0543873 0.0544304 0.0543076 0.0540702 0.0537048 0.05303 0.0516098 0.0488117 0.0440811 0.0373303 0.0291695
 0.0046486 0.00754259 0.0113459 0.016046 0.0215456 0.0275892 0.0337279 0.0394174 0.0442122 0.0479081 0.0505398 0.0522843 0.0533659 0.0539989 0.0543543 0.0545431 0.0546155 0.0545624 0.0542894 0.0535532 0.0519131 0.0488002 0.0437662 0.0368195 0.0286108
 0.00463406 0.00761902 0.011636 0.0166998 0.0226704 0.0291587 0.0355303 0.0411004 0.0454227 0.0484452 0.0504219 0.0516955 0.0525357 0.0531059 0.0535014 0.0537852 0.0539891 0.054085 0.0539367 0.0532465 0.0515422 0.0482776 0.0430775 0.0360351 0.0278482
 0.00473779 0.00775408 0.0117858 0.0168503 0.0228411 0.0294319 0.0360454 0.041991 0.0467155 0.0499887 0.051913 0.052805 0.0530557 0.0530208 0.0529529 0.0529763 0.0531003 0.0532344 0.0531725 0.052555 0.0508687 0.0475633 0.0423018 0.0352354 0.0271033
 0.00503065 0.00820807 0.012425 0.0176753 0.0238237 0.0305147 0.0371537 0.0430598 0.047722 0.0509598 0.0528843 0.0537521 0.0538545 0.0534854 0.0529299 0.0524272 0.0521138 0.0519716 0.0517919 0.0511625 0.0495105 0.0462529 0.0410568 0.0340987 0.0261352
 0.00516781 0.00846501 0.0128729 0.018397 0.0248886 0.031941 0.0388768 0.0449304 0.0495457 0.0525606 0.0541589 0.0546823 0.0544713 0.0538079 0.052925 0.0520231 0.0512562 0.0506764 0.050154 0.0493211 0.0476043 0.0443966 0.0393433 0.0326071 0.0249267
 0.00536515 0.0087868 0.0133614 0.0190987 0.0258523 0.0332104 0.040473 0.0468295 0.0516585 0.0547293 0.0561802 0.0563553 0.0556506 0.0544304 0.0529951 0.0515705 0.0503041 0.049245 0.0482907 0.0471253 0.0452265 0.042014 0.0371287 0.0307013 0.0234173
 0.0055534 0.00910072 0.0138484 0.0198078 0.0268248 0.0344659 0.0419969 0.0485721 0.0535457 0.0566751 0.0580878 0.058109 0.0571135 0.0554625 0.0534837 0.0514536 0.0495721 0.0479279 0.0464506 0.044864 0.0426961 0.0394121 0.0346695 0.0285717 0.0217354
 0.00571787 0.00938021 0.0142919 0.0204695 0.0277541 0.0356907 0.0435066 0.0503103 0.0554199 0.0585766 0.0599116 0.0597624 0.0585128 0.0565227 0.0541135 0.0515626 0.0490897 0.0468237 0.0447495 0.0426552 0.0401363 0.0367163 0.0320797 0.0263067 0.0199395
 0.0059547 0.00977118 0.0148915 0.0213327 0.0289262 0.0371899 0.0453069 0.0523337 0.0575462 0.0606665 0.0618306 0.0613987 0.0597848 0.0573758 0.0545085 0.0514613 0.0484493 0.0456074 0.0429517 0.0403318 0.0374253 0.0338342 0.0292874 0.0238494 0.0179843
 0.00612509 0.0100791 0.0154118 0.0221535 0.0301281 0.0388137 0.0473232 0.0546347 0.0599668 0.0630219 0.0639513 0.063151 0.061077 0.0581562 0.0547559 0.0511713 0.0476198 0.0442343 0.0410418 0.0379318 0.034653 0.0308892 0.026425 0.02132 0.0159645
 0.00635122 0.0104346 0.0159267 0.0228545 0.0310421 0.0399696 0.048744 0.0563214 0.0618783 0.0650633 0.0659789 0.0649964 0.0625808 0.0591968 0.055261 0.051112 0.046995 0.0430572 0.0393395 0.0357611 0.0321256 0.0281864 0.0237803 0.0189678 0.0140756
 0.00665877 0.0109322 0.0166694 0.0238873 0.0323866 0.0416064 0.0506008 0.0582801 0.0638057 0.0668472 0.0675463 0.0663024 0.0635843 0.0598448 0.0554925 0.0508731 0.046253 0.0418059 0.037602 0.0335978 0.0296483 0.0255664 0.0212337 0.0167103 0.0122647
 0.006788 0.0111602 0.0170459 0.0244702 0.0332298 0.0427391 0.0520071 0.0598907 0.0655078 0.0685104 0.0690508 0.0675597 0.0645427 0.0604787 0.0557843 0.0507987 0.0457804 0.0409073 0.0362717 0.0318718 0.0276184 0.0233832 0.0190886 0.0147948 0.0107198
 0.00696321 0.0114556 0.0175104 0.0251567 0.0341848 0.0439854 0.0535256 0.0616108 0.0673146 0.0702631 0.0706075 0.0687998 0.065385 0.0608893 0.0557702 0.0503898 0.0450076 0.0397912 0.034829 0.0301352 0.0256605 0.0213278 0.0170978 0.0130327 0.00930643
 0.00708474 0.011661 0.0178346 0.0256388 0.0348616 0.0448812 0.0546393 0.0629088 0.0687314 0.0717096 0.0719805 0.0699935 0.0663028 0.0614575 0.055948 0.0501711 0.0444131 0.0388558 0.0335933 0.0286493 0.0239967 0.0195917 0.0154227 0.0115528 0.00812033
 0.00725468 0.0119288 0.0182223 0.0261621 0.035529 0.0456915 0.0555777 0.0639443 0.0698181 0.0727917 0.072998 0.0708853 0.0670088 0.0619223 0.056126 0.0500332 0.0439513 0.038084 0.0325453 0.0273777 0.0225755 0.0181184 0.0140111 0.0103128 0.00713039
 0.00755341 0.0123945 0.0188848 0.0270331 0.0365974 0.0469184 0.0568933 0.0652521 0.0710129 0.0737846 0.0737346 0.0713483 0.067207 0.0618738 0.0558469 0.0495325 0.0432341 0.0371585 0.031431 0.0261129 0.0212212 0.0167571 0.0127375 0.00921441 0.0062658
 0.00767709 0.0125739 0.0191153 0.0272984 0.0368764 0.0471965 0.0571696 0.0655395 0.0713306 0.0741477 0.0741455 0.0717928 0.0676548 0.0622832 0.0561704 0.0497233 0.0432519 0.0369756 0.0310389 0.0255274 0.0204861 0.0159413 0.0119244 0.00848399 0.00567525
 0.00773648 0.0126625 0.0192331 0.0274381 0.0370234 0.0473303 0.0572688 0.0655892 0.0713328 0.0741277 0.0741481 0.0718662 0.0678297 0.0625577 0.0565083 0.0500646 0.0435284 0.0371266 0.0310232 0.0253319 0.0201296 0.0154723 0.0114105 0.00799515 0.00526546
 0.00774404 0.0126704 0.0192368 0.0274306 0.0369971 0.0472796 0.0571923 0.0654909 0.0712215 0.0740174 0.0740592 0.0718256 0.0678669 0.0626949 0.0567485 0.0503836 0.0438763 0.0374394 0.0312396 0.0254105 0.0200598 0.0152766 0.0111367 0.00770101 0.0050008
 0.00784525 0.0128317 0.0194724 0.0277488 0.0373951 0.0477376 0.0576695 0.0659287 0.0715567 0.0742002 0.0740684 0.0716733 0.0675944 0.0623615 0.0564161 0.0501006 0.0436645 0.0372897 0.0311189 0.0252781 0.0198857 0.0150539 0.0108826 0.00744725 0.00477911
 0.00780196 0.0127825 0.0194375 0.0277601 0.0374877 0.0479357 0.0579742 0.0663135 0.0719725 0.0745877 0.0743711 0.0718501 0.0676282 0.0622628 0.0562199 0.0498552 0.043417 0.0370707 0.0309363 0.0251192 0.0197299 0.0148867 0.0107043 0.00727131 0.00462407
 0.00780322 0.0127739 0.0194066 0.0276932 0.0373787 0.0477978 0.0578449 0.0662467 0.0720173 0.0747637 0.074656 0.0721867 0.067946 0.0625026 0.0563502 0.0498767 0.0433549 0.0369611 0.0308103 0.0249942 0.0196092 0.0147666 0.0105835 0.00715484 0.00452119
 0.00793584 0.0129576 0.0196234 0.0279051 0.0375366 0.0478577 0.0577843 0.0660739 0.0717717 0.074507 0.0744549 0.0720905 0.0679681 0.062617 0.0565048 0.0500168 0.0434437 0.0369878 0.0307849 0.0249351 0.0195328 0.0146835 0.0104996 0.00707549 0.00445195
 0.00798004 0.0130308 0.0197345 0.0280583 0.0377251 0.0480566 0.0579485 0.0661483 0.0717129 0.074307 0.0741518 0.0717581 0.0676883 0.0624489 0.0564656 0.0500824 0.0435656 0.0371156 0.0308841 0.0249922 0.0195504 0.0146717 0.0104701 0.00703829 0.00441502
 0.00790357 0.0129254 0.0196111 0.0279395 0.03764 0.04803 0.0579913 0.066251 0.0718458 0.0744274 0.0742181 0.0717471 0.0676076 0.0623352 0.0563689 0.0500421 0.0435944 0.0371982 0.0309891 0.0250892 0.0196204 0.01471 0.0104816 0.0070323 0.00440089
 0.00789613 0.0129024 0.0195577 0.0278388 0.0374815 0.0478211 0.0577638 0.0660554 0.0717321 0.0744224 0.0743125 0.0719001 0.0677668 0.0624604 0.0564469 0.0500869 0.0436324 0.0372511 0.0310623 0.0251728 0.0196982 0.014769 0.0105175 0.00704824 0.00440362
 0.00797547 0.01301 0.0196793 0.0279464 0.0375388 0.0477952 0.0576367 0.0658323 0.0714442 0.0741216 0.0740579 0.0717385 0.0677162 0.0625057 0.0565513 0.0502114 0.0437525 0.0373596 0.0311624 0.0252672 0.0197844 0.0148409 0.0105702 0.00708117 0.00442055
 0.00798348 0.0130275 0.019713 0.0280018 0.0376153 0.0478794 0.0576998 0.0658364 0.0713574 0.0739356 0.0737972 0.0714554 0.0674722 0.0623491 0.0565013 0.0502568 0.0438622 0.0374993 0.0313059 0.0253996 0.0198988 0.0149339 0.0106402 0.00712891 0.00444943
 0.00799526 0.0130483 0.0197474 0.0280557 0.0376947 0.0479879 0.0578351 0.0659859 0.0714965 0.0740304 0.0738145 0.0713768 0.0673053 0.0621283 0.0562761 0.0500721 0.0437435 0.0374479 0.0313065 0.0254311 0.0199427 0.0149778 0.0106771 0.00715606 0.00446695
 0.00790665 0.0129032 0.0195284 0.0277488 0.0372963 0.0475135 0.0573255 0.0655046 0.0711143 0.0738039 0.0737673 0.0714941 0.0675434 0.0624334 0.0566035 0.0503969 0.0440587 0.0377542 0.0316019 0.0257068 0.0201863 0.0151786 0.0108303 0.00726358 0.00453604
 0.00778861 0.012726 0.0192886 0.0274517 0.0369528 0.047136 0.0569267 0.0651013 0.0707324 0.0734802 0.0735446 0.0714088 0.0676119 0.0626447 0.0569226 0.0507779 0.0444594 0.0381451 0.031966 0.0260343 0.0204696 0.0154114 0.0110094 0.00739106 0.0046192
 0.00763727 0.0124978 0.0189788 0.0270693 0.0365192 0.0466818 0.0564874 0.0647123 0.0704223 0.0732651 0.0734277 0.0713874 0.0676845 0.0628124 0.057183 0.0511179 0.0448533 0.0385604 0.0323714 0.0264056 0.0207909 0.0156741 0.0112111 0.00753512 0.00471391
 0.0077534 0.0126405 0.0191094 0.027126 0.0364375 0.046424 0.0560662 0.0641908 0.0698897 0.0728031 0.073087 0.0711825 0.0676048 0.0628382 0.0572969 0.0513069 0.0451049 0.038857 0.0326895 0.0267193 0.0210771 0.0159162 0.011401 0.00767271 0.00480549
 0.00852439 0.0137617 0.0205484 0.0287603 0.0380783 0.0478641 0.0571243 0.064742 0.0698844 0.0722766 0.0721522 0.0699997 0.0663372 0.061615 0.0561989 0.0503728 0.0443461 0.038269 0.0322577 0.0264213 0.0208854 0.0158026 0.0113399 0.00764368 0.00479387
 0.00916415 0.0147931 0.0220755 0.0308496 0.0407168 0.0509081 0.0602707 0.0675625 0.0719369 0.0732473 0.0719514 0.0687638 0.0643528 0.059216 0.0536842 0.0479642 0.042181 0.0364156 0.0307358 0.0252205 0.0199771 0.015147 0.0108912 0.00735473 0.00462015
 0.009164 0.0148844 0.0223821 0.0315431 0.041972 0.0528299 0.0628227 0.0705356 0.0749754 0.0759239 0.0738661 0.0696405 0.0641051 0.0579585 0.0516845 0.0455556 0.0396771 0.0340555 0.0286678 0.0235135 0.0186422 0.0141578 0.0101993 0.00690067 0.0043427
 0.00893287 0.0145207 0.0218651 0.0308822 0.0412296 0.0521429 0.0624027 0.0706249 0.0757579 0.0774261 0.0759067 0.0718651 0.066095 0.0593625 0.0523164 0.0454244 0.0389483 0.032972 0.0274696 0.0223837 0.0176889 0.013422 0.0096747 0.0065543 0.00413132
 0.00884845 0.0143722 0.0216212 0.0305084 0.0406995 0.0514574 0.0616121 0.069843 0.0751558 0.0771973 0.0762068 0.072742 0.0674437 0.0609359 0.0537986 0.046537 0.0395381 0.0330411 0.0271424 0.0218387 0.0170925 0.0128891 0.00926059 0.00626692 0.00395111
 0.00879814 0.0142687 0.0214253 0.0301709 0.0401736 0.0507192 0.0606804 0.068789 0.0740978 0.0762854 0.0756013 0.0725845 0.0678179 0.0618267 0.0550724 0.047965 0.0408641 0.0340638 0.0277724 0.0221039 0.0170975 0.0127581 0.00909351 0.00612183 0.00384867
 0.00878642 0.014254 0.0214094 0.0301529 0.0401434 0.0506507 0.0605308 0.0685098 0.0736573 0.0756943 0.0749263 0.071943 0.0673509 0.0616585 0.0552674 0.0484975 0.0416176 0.0348679 0.0284636 0.022581 0.0173432 0.0128219 0.00905229 0.00604382 0.00377584
 0.00868064 0.0141116 0.0212496 0.0300114 0.0400619 0.0506586 0.0606294 0.0686657 0.0738091 0.0757701 0.0748679 0.0717305 0.0670185 0.0612923 0.0549796 0.0483844 0.0417197 0.0351521 0.0288389 0.0229402 0.0176077 0.0129651 0.00909378 0.00602524 0.00373625
 0.00858575 0.0139657 0.0210473 0.0297575 0.0397754 0.0503749 0.060398 0.0685392 0.0738224 0.0759197 0.0751052 0.0719764 0.0671959 0.0613596 0.0549483 0.0483125 0.0416815 0.0352011 0.0289829 0.0231421 0.0178098 0.0131204 0.00918376 0.0060589 0.00373587
 0.00863154 0.0140202 0.0210928 0.0297662 0.0397179 0.0502341 0.0601814 0.0682812 0.0735763 0.0757404 0.0750301 0.0720113 0.0673121 0.0615053 0.055072 0.0483864 0.0417126 0.0352212 0.0290257 0.0232215 0.0179142 0.0132235 0.00926275 0.00610499 0.0037542
 0.00856108 0.01394 0.0210339 0.0297734 0.0398319 0.0504659 0.0604952 0.0686017 0.0738193 0.07585 0.0750007 0.0718818 0.0671399 0.0613373 0.0549288 0.0482652 0.0416025 0.0351184 0.028938 0.0231609 0.0178859 0.0132213 0.00927295 0.00611531 0.00375874
 0.00847152 0.0137961 0.0208229 0.0294918 0.0394935 0.0501104 0.0601877 0.0684161 0.0738071 0.0760128 0.0752852 0.0722059 0.0674312 0.0615598 0.0550832 0.0483713 0.0416796 0.035178 0.0289858 0.0232017 0.0179239 0.0132582 0.00930681 0.00614246 0.00377693
 0.00861428 0.0139893 0.0210415 0.0296879 0.0396095 0.0501007 0.0600392 0.0681559 0.0734958 0.0757251 0.075085 0.0721244 0.0674582 0.0616533 0.0551929 0.0484604 0.0417344 0.0352031 0.0289929 0.0232019 0.0179244 0.013262 0.00931381 0.00615056 0.00378385
 0.00867177 0.0140962 0.0212246 0.0299729 0.0400058 0.0505824 0.0605348 0.068562 0.0737138 0.0757042 0.0748451 0.0717447 0.0670393 0.0612767 0.054898 0.0482461 0.0415777 0.0350791 0.0288871 0.0231105 0.0178493 0.0132053 0.00927509 0.00612675 0.00377062
 0.00862322 0.0140175 0.0211084 0.0298173 0.0398204 0.0503931 0.0603827 0.0684901 0.0737455 0.0758257 0.075008 0.0718902 0.0671297 0.0613113 0.0549048 0.0482589 0.0416153 0.0351404 0.0289585 0.0231776 0.0179038 0.0132456 0.00930327 0.00614576 0.00378294
 0.008601 0.0139792 0.0210467 0.029724 0.0396887 0.0502214 0.0601795 0.0682774 0.0735573 0.0756998 0.0749719 0.0719481 0.067259 0.0614732 0.0550633 0.0483954 0.0417301 0.0352425 0.0290546 0.0232672 0.0179822 0.0133085 0.00934946 0.00617704 0.00380259
 0.00844679 0.013734 0.0206889 0.0292398 0.0390774 0.049503 0.059401 0.0675117 0.0728918 0.0752171 0.0747324 0.0719784 0.0675475 0.0619729 0.0557021 0.049093 0.0424165 0.0358696 0.0295975 0.0237177 0.0183412 0.0135813 0.00954527 0.00630851 0.00388445
 0.00852328 0.0138431 0.0208241 0.0293832 0.0392019 0.0495773 0.0593954 0.0674044 0.0726753 0.0749042 0.0743586 0.0715973 0.0672194 0.061749 0.0556105 0.0491319 0.0425584 0.036073 0.0298211 0.0239302 0.018524 0.0137269 0.00965317 0.00638277 0.00393162
#obs surv len freq
 nan nan nan nan nan nan nan nan nan nan nan nan nan nan nan nan nan nan nan nan nan nan nan nan nan
 0.00448328 0.0073439 0.0111731 0.0159887 0.0216888 0.0279638 0.0342777 0.0400091 0.0446891 0.0481537 0.0505126 0.0520095 0.0529029 0.0534163 0.0537313 0.0539869 0.0542659 0.0545589 0.0546978 0.0542898 0.0527278 0.0493597 0.0438092 0.0362887 0.0276717
 0.00461565 0.007561 0.011503 0.0164576 0.0223147 0.0287463 0.0351884 0.0409889 0.0456565 0.049021 0.0512027 0.0524673 0.0531004 0.0533531 0.0534298 0.0534845 0.0536064 0.053785 0.0538487 0.0534025 0.0518411 0.0485169 0.0430551 0.0356614 0.0271923
 0.00477422 0.00782112 0.0118989 0.0170227 0.0230753 0.0297112 0.0363372 0.0422668 0.0469792 0.0502878 0.0523117 0.053328 0.0536436 0.0535382 0.0532485 0.0529584 0.0527807 0.0527192 0.0526089 0.0520589 0.0504688 0.047196 0.0418651 0.0346679 0.0264316
 0.00496903 0.00813832 0.0123773 0.0176991 0.0239776 0.0308483 0.0376871 0.0437719 0.0485527 0.0518276 0.0537135 0.0544942 0.0544885 0.0539935 0.05327 0.0525317 0.051924 0.0514816 0.051066 0.0503081 0.0486255 0.0453875 0.040217 0.0332828 0.0253671
 0.00518174 0.00848804 0.0129108 0.0184623 0.0250063 0.0321539 0.0392422 0.045506 0.0503626 0.0535975 0.0553327 0.0558656 0.0555295 0.0546343 0.0534543 0.0522214 0.0511058 0.0501758 0.0493327 0.0482505 0.0463872 0.0431405 0.0381376 0.0315181 0.0240026
 0.00542294 0.00888091 0.0135037 0.0193012 0.0261271 0.0335689 0.040926 0.0473894 0.05234 0.0555457 0.0571296 0.0574028 0.0567173 0.0554014 0.0537448 0.0519928 0.0503312 0.048853 0.047499 0.0459973 0.0438661 0.0405531 0.0357036 0.0294282 0.022374
 0.00564488 0.00924725 0.0140654 0.0201093 0.0272231 0.0349692 0.0426064 0.0492796 0.0543344 0.0575236 0.058974 0.0590094 0.0579967 0.0562784 0.054157 0.0518892 0.0496739 0.0476243 0.0457167 0.0437346 0.0412672 0.0378283 0.0330966 0.0271607 0.02059
 0.00589259 0.00965066 0.0146741 0.0209705 0.0283735 0.0364216 0.0443355 0.0512152 0.0563702 0.059536 0.0608416 0.0606255 0.0592742 0.0571484 0.0545652 0.0517906 0.0490315 0.0464143 0.0439444 0.0414582 0.0386186 0.0350154 0.0303732 0.0247676 0.0186914
 0.00613681 0.0100541 0.0152927 0.02186 0.0295772 0.0379525 0.0461583 0.0532423 0.0584761 0.0615839 0.0627064 0.0622055 0.0604918 0.0579463 0.0549007 0.0516302 0.0483469 0.0451856 0.0421737 0.0391933 0.0359781 0.0321962 0.0276253 0.0223362 0.0167499
 0.00637075 0.0104354 0.0158689 0.0226769 0.0306716 0.0393399 0.0478181 0.0551103 0.0604503 0.0635406 0.0645199 0.0637632 0.0617033 0.0587469 0.0552475 0.0514954 0.0477107 0.0440353 0.0405136 0.0370663 0.0334902 0.0295275 0.0250095 0.020008 0.0148802
 0.00662474 0.0108502 0.0164965 0.0235656 0.0318562 0.0408252 0.0495642 0.0570294 0.0624211 0.065434 0.0662198 0.0651764 0.0627595 0.0593956 0.0554551 0.0512415 0.0469842 0.0428335 0.0388486 0.0349824 0.0310861 0.0269676 0.0225084 0.0177829 0.0130912
 0.00684699 0.0112189 0.0170647 0.0243871 0.0329732 0.0422509 0.0512645 0.0589171 0.0643692 0.0673014 0.0678773 0.0665225 0.0637253 0.0599413 0.0555634 0.0509083 0.046212 0.0416299 0.037233 0.0330014 0.0288319 0.0245887 0.0201964 0.0157315 0.0114432
 0.00706138 0.011571 0.0176014 0.0251546 0.0340083 0.0435667 0.0528353 0.0606712 0.0661969 0.0690738 0.069467 0.0678199 0.0646488 0.0604417 0.0556219 0.0505291 0.0454124 0.040434 0.0356737 0.0311312 0.0267395 0.0224079 0.0180953 0.0138778 0.00995921
 0.00725856 0.0118928 0.0180881 0.0258443 0.0349298 0.0447278 0.0542106 0.062198 0.0677831 0.0706142 0.0708592 0.0689737 0.065491 0.0609196 0.0557047 0.0502082 0.0446984 0.0393521 0.0342628 0.0294495 0.024874 0.02048 0.016251 0.0122597 0.00866889
 0.00742028 0.0121581 0.0184915 0.0264194 0.0357021 0.0457042 0.0553689 0.063483 0.0691152 0.0719046 0.0720242 0.0699425 0.066208 0.061343 0.055806 0.0499723 0.0441238 0.0384527 0.0330698 0.0280162 0.0232812 0.0188369 0.0146847 0.0108906 0.00758068
 0.007534 0.0123455 0.0187786 0.0268322 0.0362623 0.0464214 0.0562322 0.0644576 0.070146 0.0729262 0.0729705 0.0707541 0.066835 0.0617471 0.0559597 0.0498574 0.0437321 0.0377873 0.0321499 0.0268827 0.0220019 0.0175058 0.0134106 0.00977542 0.0066945
 0.00758065 0.0124193 0.0188866 0.0269814 0.0364613 0.046681 0.0565647 0.0648734 0.0706485 0.0735066 0.0736049 0.0714034 0.0674497 0.0622729 0.0563447 0.0500576 0.0437147 0.0375344 0.0316622 0.0261845 0.0211447 0.0165669 0.0124824 0.00894635 0.00602705
 0.00764786 0.0125174 0.0190135 0.0271286 0.0366167 0.0468346 0.056713 0.0650221 0.0708114 0.0737022 0.0738504 0.0717071 0.0678039 0.0626509 0.0567032 0.0503441 0.0438775 0.0375318 0.0314709 0.0258062 0.0206103 0.0159343 0.011827 0.00834308 0.00553188
 0.00772541 0.0126398 0.0191903 0.0273637 0.0369056 0.0471607 0.0570466 0.0653248 0.071048 0.0738545 0.0739247 0.0717312 0.0678139 0.0626758 0.0567526 0.0504043 0.0439153 0.0375052 0.0313422 0.0255551 0.0202425 0.0154833 0.0113466 0.00789185 0.00515611
 0.0077713 0.0127112 0.0192917 0.0274976 0.0370719 0.0473564 0.0572644 0.0655515 0.0712642 0.0740378 0.0740559 0.0718012 0.0678286 0.062654 0.0567184 0.0503747 0.0438912 0.0374692 0.0312659 0.0254121 0.0200216 0.0151962 0.0110256 0.00757904 0.00488842
 0.00783355 0.0128042 0.0194164 0.0276495 0.0372423 0.0475351 0.0574412 0.0657173 0.0714115 0.0741599 0.074147 0.0718561 0.0678437 0.0626301 0.0566624 0.0502987 0.0438068 0.0373802 0.0311656 0.0252862 0.0198584 0.0149954 0.0108024 0.00735895 0.00469704
 0.00786466 0.0128546 0.0194915 0.0277532 0.0373749 0.0476908 0.0576074 0.0658759 0.0715443 0.0742554 0.0742028 0.0718774 0.0678384 0.0626041 0.0566191 0.0502403 0.043736 0.0372997 0.0310754 0.0251828 0.0197365 0.0148542 0.0106489 0.00720764 0.00456411
 0.00786545 0.0128563 0.019495 0.0277601 0.0373878 0.0477133 0.0576432 0.0659275 0.0716109 0.0743316 0.0742801 0.0719469 0.0678935 0.0626426 0.0566413 0.0502475 0.0437291 0.0372788 0.0310397 0.025131 0.0196677 0.0147693 0.0105533 0.00711088 0.00447716
 0.00786309 0.0128472 0.0194719 0.0277137 0.0373104 0.0476037 0.0575106 0.0657914 0.071496 0.0742605 0.074266 0.0719908 0.0679856 0.062766 0.0567776 0.0503809 0.043848 0.0373758 0.0311105 0.0251733 0.0196813 0.0147568 0.0105206 0.00706681 0.0044315
 0.00788746 0.0128787 0.019504 0.0277346 0.0373056 0.04756 0.0574212 0.0656588 0.0713338 0.0740911 0.0741172 0.0718885 0.067947 0.0627946 0.0568635 0.0505047 0.0439876 0.0375114 0.0312277 0.0252633 0.0197405 0.0147864 0.0105256 0.00705505 0.00441172
 0.00788235 0.012872 0.0194964 0.0277268 0.0372964 0.0475448 0.0573913 0.0656037 0.071246 0.0739716 0.0739782 0.0717521 0.067839 0.0627369 0.0568675 0.0505685 0.0440971 0.0376457 0.0313648 0.0253854 0.0198363 0.0148518 0.0105626 0.00707003 0.00441265
 0.00788988 0.0128798 0.0195004 0.0277208 0.0372747 0.0475047 0.0573353 0.0655382 0.0711774 0.0739028 0.0739085 0.0716804 0.0677687 0.0626779 0.0568337 0.050572 0.0441425 0.0377275 0.0314689 0.0254942 0.0199339 0.0149281 0.0106142 0.00709948 0.00442586
 0.00787632 0.0128588 0.0194705 0.027681 0.0372237 0.0474416 0.0572593 0.0654508 0.0710834 0.0738109 0.0738288 0.0716213 0.0677342 0.062668 0.0568472 0.0506089 0.0442038 0.0378126 0.0315726 0.0256061 0.0200411 0.0150192 0.0106828 0.00714492 0.00445203
 0.00785934 0.0128276 0.0194173 0.0275971 0.0371027 0.0472833 0.0570734 0.0652557 0.0709019 0.0736632 0.0737283 0.0715736 0.0677384 0.0627189 0.0569367 0.0507275 0.0443426 0.0379637 0.0317287 0.025759 0.0201819 0.0151391 0.0107761 0.00721052 0.00449334
 0.00785842 0.0128244 0.0194089 0.0275791 0.0370691 0.0472275 0.05699 0.065143 0.0707644 0.0735129 0.0735832 0.0714531 0.0676585 0.062688 0.056955 0.0507891 0.0444377 0.0380815 0.0318585 0.0258908 0.0203062 0.0152478 0.0108634 0.00727425 0.0045353
 0.00782637 0.0127728 0.0193323 0.0274731 0.036932 0.0470618 0.0568036 0.0649492 0.0705791 0.0733513 0.0734573 0.0713719 0.0676279 0.0627116 0.0570321 0.050914 0.0446 0.0382674 0.0320532 0.0260804 0.0204788 0.0153945 0.0109792 0.00735851 0.00459124
 0.0078029 0.0127347 0.019275 0.0273925 0.0368252 0.0469286 0.056648 0.06478 0.070409 0.0731945 0.0733273 0.0712791 0.0675794 0.0627107 0.0570792 0.0510063 0.0447314 0.0384281 0.0322304 0.0262599 0.020647 0.0155405 0.0110963 0.00744477 0.00464929
 0.00775712 0.0126607 0.0191647 0.0272394 0.0366263 0.0466876 0.0563775 0.0645017 0.0701496 0.0729796 0.073176 0.071202 0.0675784 0.0627809 0.0572112 0.0511881 0.0449497 0.0386689 0.0324792 0.0265017 0.0208678 0.015729 0.0112458 0.00755422 0.00472271
 0.00773546 0.0126187 0.0190893 0.0271147 0.0364383 0.0464307 0.0560609 0.0641503 0.0697995 0.0726694 0.0729383 0.0710585 0.0675381 0.0628411 0.0573595 0.0514064 0.0452168 0.0389635 0.0327809 0.026792 0.0211307 0.0159521 0.0114223 0.00768321 0.00480924
 0.00933019 0.0148539 0.0217926 0.0299037 0.0388303 0.0480186 0.0566535 0.0638018 0.0687335 0.0711654 0.0712462 0.0693628 0.0659583 0.0614449 0.0561772 0.050442 0.0444576 0.0383872 0.0323608 0.0265 0.0209393 0.0158356 0.0113575 0.00765127 0.00479583
 0.00931252 0.0151206 0.0227149 0.0319424 0.0423359 0.0529605 0.0624479 0.0694049 0.0730103 0.0733346 0.0711377 0.0673645 0.0627465 0.057696 0.0523984 0.0469383 0.0413763 0.0357777 0.0302206 0.0248005 0.0196381 0.0148815 0.0106932 0.00721608 0.00453002
 0.00897413 0.0145861 0.0219617 0.0310173 0.0414104 0.0523689 0.0626484 0.0708173 0.0757662 0.0770905 0.075115 0.0706446 0.0646539 0.0580332 0.0514198 0.0451373 0.0392515 0.0336952 0.0283866 0.0232978 0.0184747 0.0140271 0.0100996 0.00682851 0.00429416
 0.00879298 0.0142838 0.0214928 0.0303377 0.0404938 0.0512386 0.061418 0.0697198 0.0751367 0.0772752 0.0763163 0.0727734 0.0672935 0.0605735 0.0533046 0.0460775 0.0392848 0.0330872 0.0274683 0.0223396 0.0176385 0.0133776 0.00963856 0.0065263 0.00411103
 0.00872425 0.0141658 0.0213025 0.0300476 0.0400751 0.0506686 0.0606929 0.0688707 0.0742476 0.0764954 0.0758513 0.0728334 0.068002 0.0618751 0.054941 0.0476702 0.0404898 0.0337286 0.0275741 0.0220773 0.0172109 0.0129432 0.00928364 0.00627567 0.00395346
 0.00868308 0.0140982 0.0211992 0.0298982 0.0398683 0.0503932 0.0603401 0.068437 0.0737404 0.0759421 0.075311 0.0724047 0.0678118 0.0620391 0.0555022 0.0485518 0.0415019 0.0346394 0.0282075 0.0223759 0.0172314 0.012801 0.00909024 0.0061028 0.0038294
 0.00869423 0.0141097 0.0212041 0.0298855 0.039825 0.0503078 0.0602051 0.0682497 0.0735014 0.0756545 0.0749837 0.0720611 0.0674984 0.0618263 0.0554679 0.0487467 0.0419133 0.03518 0.0287452 0.0227912 0.0174658 0.012868 0.00904877 0.00601857 0.00374806
 0.00868219 0.0140944 0.0211884 0.0298735 0.0398195 0.0503066 0.060199 0.068224 0.0734406 0.075548 0.0748294 0.0718663 0.0672807 0.0616156 0.0553067 0.0486827 0.041981 0.0353795 0.0290324 0.0230922 0.0177094 0.013016 0.00910432 0.00601221 0.00371543
 0.00867763 0.014087 0.0211778 0.0298598 0.0398041 0.0502925 0.0601902 0.0682231 0.0734459 0.0755509 0.0748164 0.0718233 0.0672001 0.0615015 0.0551774 0.0485687 0.0419166 0.03539 0.0291205 0.0232337 0.0178626 0.0131414 0.00918115 0.0060425 0.00371527
 0.00864235 0.0140346 0.0211079 0.0297756 0.0397114 0.0501985 0.0601029 0.0681506 0.0733957 0.0755284 0.0748218 0.0718503 0.0672365 0.0615337 0.0551963 0.048575 0.0419224 0.0354133 0.0291755 0.0233216 0.0179695 0.0132448 0.00926163 0.00609209 0.00373777
 0.00865027 0.0140427 0.0211115 0.029768 0.0396861 0.0501529 0.0600405 0.0680808 0.0733303 0.0754777 0.0747911 0.07184 0.0672424 0.061549 0.0552132 0.048588 0.0419309 0.0354226 0.0291945 0.023357 0.0180205 0.0133027 0.00931474 0.0061315 0.00376111
 0.00864505 0.0140367 0.0211068 0.0297671 0.0396905 0.0501606 0.0600454 0.0680748 0.0733074 0.0754375 0.0747407 0.0717905 0.0672041 0.0615274 0.0552078 0.0485942 0.0419433 0.0354382 0.0292137 0.023382 0.0180525 0.0133395 0.00935092 0.00616144 0.00378174
 0.00864448 0.0140339 0.0210995 0.0297527 0.039667 0.0501291 0.0600101 0.0680417 0.0732814 0.0754199 0.0747288 0.0717804 0.0671944 0.0615197 0.055206 0.0486009 0.0419587 0.0354602 0.02924 0.0234109 0.0180833 0.0133707 0.00938023 0.00618603 0.00379975
 0.00863033 0.0140129 0.0210715 0.0297185 0.0396281 0.0500867 0.0599653 0.067996 0.0732378 0.075383 0.0747037 0.0717705 0.0671996 0.0615375 0.0552326 0.0486333 0.0419952 0.0354995 0.0292807 0.0234514 0.0181219 0.0134059 0.00941051 0.00621019 0.00381724
 0.00860846 0.0139777 0.0210195 0.0296472 0.0395375 0.0499804 0.0598515 0.0678869 0.0731461 0.0753192 0.0746728 0.0717727 0.0672317 0.0615939 0.0553065 0.0487177 0.0420832 0.0355859 0.0293615 0.0235243 0.0181851 0.0134585 0.00945213 0.00624112 0.00383853
 0.00860846 0.0139777 0.0210195 0.0296472 0.0395375 0.0499804 0.0598515 0.0678869 0.0731461 0.0753192 0.0746728 0.0717727 0.0672317 0.0615939 0.0553065 0.0487177 0.0420832 0.0355859 0.0293615 0.0235243 0.0181851 0.0134585 0.00945213 0.00624112 0.00383853
 0.00845131 0.0137317 0.0206675 0.0291824 0.038967 0.04933 0.0591695 0.0672417 0.0726139 0.0749653 0.0745364 0.0718589 0.0675153 0.0620288 0.0558374 0.04929 0.0426509 0.0361143 0.0298283 0.0239174 0.0185011 0.0137002 0.00962702 0.00636001 0.00391379
 0.00855114 0.0138714 0.0208356 0.0293525 0.0391034 0.0493977 0.0591435 0.0671126 0.0723897 0.0746707 0.0742096 0.0715455 0.0672584 0.0618595 0.0557682 0.0493147 0.0427486 0.0362576 0.0299901 0.0240758 0.0186413 0.0138146 0.00971365 0.00642088 0.00395334
#pred catch len freq
 0.00311763 0.00509276 0.00774379 0.0111333 0.015308 0.0202439 0.0257872 0.0316553 0.0375001 0.0429813 0.0478158 0.0518103 0.0548843 0.0570677 0.0584695 0.0592401 0.0595446 0.0595311 0.0592582 0.0585765 0.0570359 0.0539552 0.0487305 0.0412692 0.0322478
 0.00341318 0.00548688 0.00817981 0.0115115 0.0155211 0.0202288 0.0255601 0.0313033 0.0371325 0.0426726 0.047579 0.051614 0.0546971 0.0568976 0.0583736 0.0592999 0.0598188 0.0600089 0.0598383 0.0590895 0.0573077 0.0538827 0.0483287 0.0406593 0.031595
 0.00343292 0.00558377 0.00843783 0.0120287 0.016361 0.0213573 0.0268133 0.0324247 0.0378764 0.0429146 0.047358 0.0510838 0.0540318 0.0562233 0.0577593 0.0587871 0.0594438 0.0597925 0.0597552 0.0590517 0.0571888 0.0535776 0.0478108 0.0399959 0.0309097
 0.00354306 0.00573795 0.00863168 0.0122631 0.0166664 0.0218151 0.0275443 0.0335283 0.039341 0.0445604 0.048873 0.0521491 0.0544613 0.0560247 0.0570922 0.0578652 0.0584529 0.0588526 0.0589139 0.0582913 0.0564479 0.0527908 0.046955 0.0391127 0.0300862
 0.00378778 0.00611428 0.00915599 0.0129317 0.0174537 0.0226785 0.0284377 0.0344259 0.0402587 0.0455486 0.0499649 0.0532913 0.0554851 0.0566998 0.0572358 0.0574303 0.0575372 0.0576344 0.0575674 0.056931 0.0551204 0.0515048 0.0457226 0.0379752 0.0291068
 0.0039569 0.00640596 0.0096254 0.0136388 0.0184478 0.0239731 0.0299874 0.0361216 0.0419516 0.0470958 0.0512735 0.0543322 0.0562645 0.0572064 0.0574056 0.057166 0.0567694 0.0563778 0.0559269 0.0550604 0.0531712 0.0495993 0.0439578 0.0364329 0.0278518
 0.0041521 0.00671915 0.0100922 0.0142979 0.0193436 0.0251533 0.0314894 0.0379466 0.0440364 0.0492987 0.0533913 0.0561495 0.0576134 0.0580009 0.0576309 0.0568364 0.0558964 0.0549747 0.0540413 0.0527999 0.0506999 0.0471096 0.0416357 0.0344294 0.0262613
 0.00434628 0.00703449 0.0105669 0.0149696 0.0202458 0.0263089 0.0329036 0.0396032 0.0458974 0.0513027 0.0554446 0.058117 0.059324 0.0592764 0.0583264 0.0568687 0.0552459 0.0536695 0.0521481 0.0504302 0.048021 0.0443385 0.0390071 0.0321477 0.0244562
 0.00455338 0.00737128 0.011075 0.0156906 0.0212168 0.0275537 0.0344209 0.0413576 0.0478202 0.0533018 0.0574173 0.0599589 0.0609298 0.0605352 0.0591211 0.0570868 0.054801 0.0525239 0.0503279 0.0480349 0.0452257 0.041383 0.036161 0.0296548 0.0224777
 0.00482702 0.00781009 0.0117252 0.0165941 0.0224069 0.0290472 0.0362053 0.0433811 0.0499909 0.0554975 0.0595027 0.0618046 0.0624275 0.0616028 0.0596954 0.0571108 0.0542176 0.0512869 0.0484291 0.0455364 0.0422815 0.0382351 0.0331008 0.026956 0.0203273
 0.00502114 0.00814229 0.0122568 0.0173949 0.0235432 0.030561 0.0380915 0.0455755 0.0523745 0.0579157 0.0617883 0.0637999 0.0640022 0.0626647 0.0601905 0.0570115 0.0535073 0.0499532 0.046476 0.0430149 0.0393231 0.0350626 0.0299991 0.0242049 0.0181251
 0.00527852 0.00854249 0.0128282 0.0181598 0.0245247 0.031788 0.0395937 0.0473651 0.0544215 0.0601297 0.0640199 0.0658651 0.0657196 0.0638896 0.0608307 0.0570237 0.0528818 0.0486993 0.0446212 0.0406222 0.0365185 0.0320509 0.0270445 0.0215726 0.0160089
 0.00555072 0.00897788 0.0134698 0.0190421 0.0256668 0.0331851 0.0412096 0.049134 0.0562631 0.0619656 0.0657792 0.0674744 0.0670905 0.0649175 0.06141 0.0570686 0.0523404 0.0475573 0.0429018 0.0383928 0.0339054 0.0292477 0.0242948 0.0191206 0.0140341
 0.00574955 0.00930452 0.0139684 0.0197576 0.0266383 0.0344327 0.0427193 0.0508476 0.0580812 0.0637646 0.0674364 0.0688896 0.0681964 0.0656736 0.0617853 0.0570278 0.0518422 0.0465676 0.0414137 0.0364476 0.0316083 0.0267711 0.0218579 0.0169424 0.0122762
 0.00593915 0.00961531 0.014442 0.0204374 0.0275642 0.0356314 0.0441895 0.0525473 0.0599234 0.0656239 0.0691656 0.0703456 0.0692666 0.0662942 0.0619416 0.0567359 0.051126 0.0454442 0.0398992 0.0345789 0.0294687 0.0245025 0.0196464 0.0149764 0.0106948
 0.0060823 0.00984916 0.0147972 0.0209462 0.0282585 0.0365363 0.0453145 0.0538766 0.0614097 0.0671877 0.0706999 0.0717273 0.0703745 0.0670295 0.0622435 0.0565862 0.0505408 0.0444591 0.0385588 0.0329399 0.0276143 0.0225546 0.0177586 0.0133036 0.0093513
 0.00628439 0.010163 0.0152429 0.0215347 0.028993 0.0374136 0.046323 0.0549928 0.0625952 0.0683899 0.0718546 0.0727623 0.0712146 0.0676033 0.062492 0.0564711 0.0500499 0.043607 0.0373837 0.0315025 0.026 0.0208758 0.0161467 0.0118858 0.0082183
 0.00646215 0.0104413 0.0156421 0.0220677 0.0296637 0.0382161 0.047238 0.0559854 0.0636165 0.0693837 0.0727649 0.0735382 0.0718131 0.067988 0.0626325 0.0563426 0.0496363 0.0429061 0.0364142 0.0303084 0.0246543 0.0194772 0.0148083 0.0107136 0.00728557
 0.00653098 0.010539 0.0157636 0.0222019 0.0298004 0.0383551 0.0473954 0.0561915 0.0639058 0.0697804 0.0732713 0.074131 0.0724453 0.0685976 0.0631512 0.0567052 0.0497884 0.042811 0.0360594 0.0297122 0.0238679 0.018582 0.0139029 0.00989274 0.00661794
 0.00654885 0.0105645 0.0157949 0.0222337 0.0298237 0.0383591 0.0473716 0.0561404 0.0638444 0.0697452 0.0733118 0.0742926 0.0727494 0.0690285 0.0636565 0.0572084 0.0502061 0.0430706 0.0361122 0.0295429 0.0234992 0.0180713 0.0133305 0.00934151 0.00615247
 0.00659181 0.0106264 0.0158733 0.0223204 0.0299063 0.0384236 0.0474048 0.0561323 0.0637911 0.0696533 0.0732025 0.0742017 0.0727206 0.0690987 0.0638394 0.057484 0.050522 0.0433554 0.0362962 0.0295779 0.0233725 0.0178081 0.0129854 0.00898039 0.00583191
 0.00668138 0.0107679 0.0160777 0.0225933 0.0302449 0.0388122 0.047812 0.0565125 0.0640928 0.0698323 0.0732349 0.0740913 0.0724992 0.0688191 0.0635616 0.0572565 0.0503664 0.0432593 0.036221 0.0294768 0.0232113 0.0175801 0.0127119 0.00870009 0.00558339
 0.00665009 0.010734 0.0160585 0.0226159 0.0303398 0.0390026 0.0481027 0.0568845 0.064505 0.0702292 0.0735582 0.0742932 0.0725548 0.0687337 0.063369 0.057008 0.0501131 0.0430355 0.0360347 0.0293132 0.0230466 0.0173978 0.0125129 0.00850089 0.00540629
 0.00663604 0.0107049 0.0160046 0.0225285 0.0302189 0.0388653 0.0479874 0.0568426 0.0645815 0.0704402 0.0738788 0.074664 0.0729025 0.0689955 0.0635106 0.0570293 0.0500415 0.0429106 0.0358915 0.029171 0.0229087 0.01726 0.0123735 0.00836597 0.0052868
 0.00671295 0.0108068 0.0161148 0.022616 0.0302456 0.0387996 0.047818 0.0565872 0.0642873 0.0701747 0.0737107 0.0746397 0.0730269 0.0692297 0.063788 0.0572827 0.0502259 0.0430123 0.0359215 0.0291509 0.0228582 0.017192 0.0122965 0.00828734 0.00521475
 0.00674534 0.0108602 0.0161949 0.0227246 0.0303748 0.0389264 0.0479036 0.0565859 0.0641657 0.0699323 0.0733895 0.0743142 0.0727776 0.0691129 0.0638159 0.0574237 0.0504228 0.0432071 0.0360746 0.0292474 0.0229019 0.0171956 0.0122743 0.00825209 0.00517672
 0.00668722 0.010781 0.0161043 0.0226418 0.0303242 0.038929 0.0479675 0.0567003 0.0642998 0.0700421 0.0734325 0.0742679 0.0726537 0.0689554 0.0636827 0.05736 0.0504424 0.0432915 0.0361872 0.0293523 0.022977 0.0172351 0.0122839 0.0082425 0.00515854
 0.00666313 0.0107356 0.0160256 0.0225182 0.030151 0.0387172 0.0477485 0.0565206 0.0642041 0.0700529 0.0735382 0.0744271 0.0728141 0.069077 0.063754 0.0573979 0.0504772 0.043347 0.0362686 0.0294471 0.0230658 0.0173027 0.0123249 0.00826041 0.00516125
 0.00670513 0.0107886 0.0160765 0.0225436 0.0301223 0.0386089 0.0475488 0.0562395 0.0638767 0.0697346 0.0732904 0.0742966 0.0728152 0.0691875 0.0639287 0.0575907 0.0506593 0.0435101 0.0364164 0.0295829 0.0231867 0.0174019 0.0123973 0.00830616 0.00518556
