SBPRF35
12.7214
Curr Bio
752881
B35
875485
F35
0.172928
FOFL
0.152879
OFL
97893.2
Bzero
3.63469e+06
#pred survey bio
 3.24183e+06 3.17335e+06 3.10487e+06 2.97161e+06 2.81202e+06 2.58347e+06 2.35249e+06 2.11436e+06 1.90699e+06 1.71265e+06 1.52648e+06 1.36792e+06 1.21275e+06 1.10986e+06 967260 846401 762528 705738 672543 630047 598383 579565 562201 556237 555598 539684 538679 527938 516952 519850 526475 523397 527139 541815 559183 578044 597204 609463 637088 645380 650691 657792 657309 661304 672977 682629 685594 686211 685658 696243 693542 728464 753690 750505 755981 749965 736117 733730 729632 738880 757422 2.7424e+07 1.65298e+07 1.69196e+07 1.79047e+07 1.92717e+07 2.07723e+07 2.2225e+07 2.35247e+07 2.4627e+07 2.5528e+07 2.62455e+07 2.68066e+07 2.72401e+07 2.75723e+07 2.78259e+07 2.8019e+07 2.81662e+07 2.82785e+07 2.83645e+07 2.84306e+07 2.84816e+07 2.85212e+07 2.85521e+07 2.85763e+07 2.85953e+07 2.86103e+07 2.86222e+07 2.86317e+07 2.86392e+07 2.86453e+07 2.86501e+07 2.86541e+07 2.86572e+07 2.86598e+07 2.86619e+07 2.86635e+07 2.86649e+07 2.8666e+07 2.86669e+07 2.86677e+07 2.86683e+07 2.86688e+07 2.86692e+07 2.86695e+07 2.86698e+07 2.867e+07 2.86702e+07 2.86703e+07 2.86704e+07 2.86705e+07 2.86706e+07 2.86707e+07 2.86707e+07 2.86708e+07 2.86708e+07 2.86708e+07 2.86709e+07 2.86709e+07 2.86709e+07 2.86709e+07 2.86709e+07 2.86709e+07 2.86709e+07 2.8671e+07 2.8671e+07 2.8671e+07 2.8671e+07 2.8671e+07 2.8671e+07 2.8671e+07 2.8671e+07 2.8671e+07 2.8671e+07 2.8671e+07 2.8671e+07 2.8671e+07 2.8671e+07 2.8671e+07 2.8671e+07 2.8671e+07 2.8671e+07 2.8671e+07 2.8671e+07 2.8671e+07 2.8671e+07 2.8671e+07 2.8671e+07 2.8671e+07 2.8671e+07 2.8671e+07 2.8671e+07 2.8671e+07 2.8671e+07 2.8671e+07 2.8671e+07 2.8671e+07 2.8671e+07 2.8671e+07 2.8671e+07 2.8671e+07 0 0 0 0 0 0 0 0 0 0 0 0 0 0 0 0 0 0 0 0 0 0 0 0 0
#obs survey bio
 2.65642e+06 2.94973e+06 3.61451e+06 2.19844e+06 3.25636e+06 2.46911e+06 1.86625e+06 2.11024e+06 1.81899e+06 1.96506e+06 1.54287e+06 1.29536e+06 1.48395e+06 1.05900e+06 654470 483315 854751 633741 626157 609016 462205 558878 597927 605481 404917 457824 895727 418948 543301 526697 469300 418990 547416 474833 478792 680824 623019 694588 642434 739362 564190 816344 536942 779331 842567 634907 574414 647314 743725 629172 740360 932452 730891 775475 911984 753915 711265 658254 1.0912e+06 602341 852795
#pred catch bio
 88826.4 91035.4 157277 191091 266538 282957 303794 289445 289639 292052 275053 276531 232787 266574 243044 206618 179715 156851 161008 146784 131906 127156 114515 108356 119095 103998 110223 108421 96102 93927.5 103324 98971.6 92139.4 92797.2 94165.6 95688.3 102151 89835.9 106399 107863 105642 111603 107662 101767 104313 110411 112290 112968 103835 115406 83615.1 92302.8 115014 105967 114934 120461 110160 111812 100698 93801 88462.9 97893.2 109981 111318 116583 125019 134513 143665 151739 158452 163803 167936 171054 173362 175046 176262 177132 177749 178185 178491 178706 178856 178960 179032 179082 179117 179141 179158 179169 179177 179183 179186 179189 179191 179192 179193 179193 179194 179194 179194 179194 179194 179195 179195 179195 179195 179195 179195 179195 179195 179195 179195 179195 179195 179195 179195 179195 179195 179195 179195 179195 179195 179195 179195 179195 179195 179195 179195 179195 179195 179195 179195 179195 179195 179195 179195 179195 179195 179195 179195 179195 179195 179195 179195 179195 179195 179195 179195 179195 179195 179195 179195 179195 179195 179195 179195 179195 179195 179195 179195 179195 0 0 0 0 0 0 0 0 0 0 0 0 0 0 0 0 0 0 0 0 0 0 0 0 0
#obs catch bio
 0 90793.6 157938 191763 268362 284765 307465 292030 293404 294909 278432 282060 234447 270677 245798 210085 181152 158284 162996 148061 132789 128320 114770 107894 119851 103751 109343 108158 95755.4 93559.9 103284 99503.5 92871.5 93529.1 95268.2 96434 103084 89890.1 106695 107441 105385 111021 107513 101542 103970 110147 112210 112738 103303 115833 83305.4 91843.3 114798 105246 114282 119592 109531 111467 100444 93764.3 88398.2
#pred cpue bio
 3.19862e+06 3.13103e+06 3.06225e+06 2.92849e+06 2.76901e+06 2.54105e+06 2.31063e+06 2.0733e+06 1.86658e+06 1.673e+06 1.48766e+06 1.32985e+06 1.17603e+06 1.0741e+06 933505 814419 731971 676379 644040 602933 572501 554523 538043 532659 532254 516966 516372 506146 495414 498153 504448 501084 504350 518472 535281 553710 572688 585001 612334 620796 626206 633277 632808 636628 648076 657591 660494 661146 660656 670986 668407 703128 728622 725819 731133 725201 711533 709036 704965 714126 732409 2.65413e+07 1.60022e+07 1.62537e+07 1.70936e+07 1.84168e+07 1.99086e+07 2.13598e+07 2.26593e+07 2.37616e+07 2.46625e+07 2.538e+07 2.59411e+07 2.63746e+07 2.67069e+07 2.69604e+07 2.71535e+07 2.73007e+07 2.7413e+07 2.7499e+07 2.75651e+07 2.76162e+07 2.76558e+07 2.76866e+07 2.77108e+07 2.77298e+07 2.77449e+07 2.77568e+07 2.77662e+07 2.77738e+07 2.77798e+07 2.77847e+07 2.77886e+07 2.77918e+07 2.77943e+07 2.77964e+07 2.77981e+07 2.77995e+07 2.78006e+07 2.78015e+07 2.78022e+07 2.78028e+07 2.78033e+07 2.78037e+07 2.7804e+07 2.78043e+07 2.78045e+07 2.78047e+07 2.78049e+07 2.7805e+07 2.78051e+07 2.78052e+07 2.78052e+07 2.78053e+07 2.78053e+07 2.78054e+07 2.78054e+07 2.78054e+07 2.78054e+07 2.78054e+07 2.78055e+07 2.78055e+07 2.78055e+07 2.78055e+07 2.78055e+07 2.78055e+07 2.78055e+07 2.78055e+07 2.78055e+07 2.78055e+07 2.78055e+07 2.78055e+07 2.78055e+07 2.78055e+07 2.78055e+07 2.78055e+07 2.78055e+07 2.78055e+07 2.78055e+07 2.78055e+07 2.78055e+07 2.78055e+07 2.78055e+07 2.78055e+07 2.78055e+07 2.78055e+07 2.78055e+07 2.78055e+07 2.78055e+07 2.78055e+07 2.78055e+07 2.78055e+07 2.78055e+07 2.78055e+07 2.78055e+07 2.78055e+07 2.78055e+07 2.78055e+07 2.78055e+07 2.78055e+07 2.78055e+07 0 0 0 0 0 0 0 0 0 0 0 0 0 0 0 0 0 0 0 0 0 0 0 0 0
#obs cpue bio
 3.07028e+06 2.13699e+06 3.15944e+06 2.15208e+06 2.99909e+06 2.16638e+06 1.77862e+06 2.27561e+06 1.30858e+06 1.86624e+06 999622 854465 1.33489e+06 871764 1.3549e+06 822758 838314 551611 583295 614792 687371 470750 655632 712302 444252 840308 539566 489032 492454 517723 508827 383033 329411 537237 399055 534403 520494 666084 672301 874861 629844 737062 582119 564979 607996 707858 694608 841970 712285 527943 711072 821622 740625 900522 655760 940798 637087 769092 435353 731792 633994
#pred surv len freq
 0.00441087 0.00722851 0.0110059 0.015769 0.0214313 0.0277069 0.0340872 0.0399714 0.0448932 0.0486699 0.0513806 0.0532377 0.05447 0.0552617 0.0557312 0.0559301 0.0558557 0.0554634 0.0546505 0.0532068 0.050779 0.046938 0.0413948 0.0342757 0.0262506
 0.00473167 0.00765791 0.0114856 0.0161975 0.0217042 0.0277739 0.0339865 0.0398128 0.0447924 0.0486764 0.0514474 0.0532515 0.0543203 0.0549066 0.055225 0.0554038 0.0554625 0.0553121 0.0547562 0.0534821 0.0510742 0.0471114 0.0413757 0.034084 0.0259685
 0.00481164 0.00784636 0.0118698 0.0168751 0.022736 0.0291231 0.0354879 0.0412094 0.0458374 0.0492387 0.0515476 0.053008 0.0538547 0.0542837 0.0544623 0.0545232 0.0545296 0.0544287 0.0540122 0.0529071 0.0506246 0.0467047 0.040946 0.0336206 0.0255116
 0.00494694 0.00805516 0.0121688 0.0172865 0.0232992 0.0299007 0.0365496 0.042587 0.0474689 0.0509421 0.0530596 0.0540782 0.054339 0.054177 0.05386 0.0535576 0.0533295 0.0531122 0.0526875 0.0516589 0.0494972 0.0457012 0.0400526 0.0328345 0.02485
 0.00510558 0.00831542 0.0125639 0.0178468 0.0240449 0.0308339 0.0376509 0.0438236 0.0488075 0.05235 0.0544824 0.0554095 0.0554154 0.0548192 0.0539406 0.0530487 0.0523046 0.0517098 0.0510677 0.0499705 0.0478586 0.0441949 0.0387304 0.031728 0.0239772
 0.00534038 0.00869718 0.0131387 0.0186576 0.0251239 0.0321886 0.0392498 0.0455904 0.0506321 0.0541132 0.0560812 0.0567655 0.056464 0.0554881 0.0541414 0.052697 0.0513597 0.0502081 0.0491257 0.0477598 0.045569 0.0420019 0.0367745 0.030104 0.0227281
 0.00556591 0.00906803 0.0137049 0.0194695 0.0262229 0.033593 0.0409387 0.0474957 0.0526453 0.0561035 0.0579157 0.0583269 0.0576603 0.0562525 0.0544225 0.0524479 0.0505403 0.0488069 0.0471899 0.0454132 0.0430023 0.0394393 0.0344281 0.0281331 0.0212137
 0.00584786 0.00951999 0.0143738 0.0203964 0.0274378 0.0351055 0.042726 0.0494947 0.0547558 0.0582014 0.0598692 0.0600105 0.0589655 0.0570952 0.0547438 0.0522086 0.0497154 0.0473892 0.0452088 0.0429602 0.0402461 0.0366116 0.0317796 0.0258735 0.0194636
 0.00608959 0.00991654 0.0149772 0.0212571 0.0285949 0.0365715 0.0444714 0.0514443 0.0568006 0.0602207 0.0617484 0.061648 0.0602722 0.0579926 0.0551642 0.0520973 0.049033 0.0461176 0.0433648 0.0406172 0.0375528 0.0337892 0.0290851 0.0235387 0.0176351
 0.00637368 0.0103697 0.0156437 0.0221741 0.029788 0.0380465 0.0462032 0.0533693 0.0588198 0.0622134 0.0635906 0.0632285 0.0615018 0.0588056 0.0555131 0.0519447 0.0483476 0.0448789 0.041579 0.0383416 0.0349176 0.0310002 0.0263938 0.0211824 0.0157731
 0.00665277 0.0108284 0.0163427 0.023171 0.0311242 0.0397266 0.0481768 0.0555278 0.0610162 0.0642947 0.0654248 0.0647163 0.0625754 0.0594227 0.0556497 0.0515879 0.0474893 0.0435154 0.0397225 0.036043 0.0322913 0.0282332 0.023722 0.0188351 0.01391
 0.00680376 0.011094 0.0167802 0.0238484 0.0321067 0.0410556 0.0498458 0.0574702 0.0631114 0.0663884 0.0673559 0.0663418 0.0637878 0.0601573 0.0558798 0.0513121 0.046718 0.0422639 0.0380167 0.0339369 0.0298895 0.0257018 0.0212718 0.0166746 0.0121876
 0.0070589 0.0114946 0.0173582 0.0246282 0.0331064 0.0422861 0.0513044 0.0591301 0.0649119 0.0682328 0.0691182 0.067883 0.0649793 0.0609013 0.0561212 0.0510368 0.0459414 0.0410192 0.03635 0.0319158 0.0276192 0.0233352 0.0189967 0.0146755 0.0105956
 0.00711943 0.0116123 0.0175708 0.0249816 0.0336436 0.0430302 0.0522458 0.0602276 0.0661083 0.0694733 0.0703563 0.069071 0.0660538 0.0617785 0.0567078 0.0512503 0.0457278 0.0403607 0.0352666 0.0304654 0.0259008 0.0214885 0.0171885 0.0130673 0.00930377
 0.00741601 0.0120853 0.0182655 0.0259343 0.0348746 0.0445324 0.0539706 0.0620767 0.0679413 0.071133 0.0717024 0.0700098 0.0665514 0.0618522 0.0564009 0.0506044 0.0447691 0.0391041 0.033732 0.0286962 0.0239775 0.0195306 0.0153394 0.0114631 0.00803708
 0.00763526 0.0124532 0.0188398 0.0267734 0.036023 0.045998 0.0557041 0.0639673 0.0698358 0.0728672 0.0731312 0.0710246 0.0670893 0.0618992 0.0559881 0.0497945 0.0436352 0.0377128 0.0321386 0.0269555 0.0221604 0.0177332 0.0136756 0.0100399 0.00692472
 0.00779413 0.0126988 0.0191874 0.027234 0.0366073 0.0467206 0.0565807 0.0650031 0.0710097 0.0741195 0.0743644 0.0721192 0.0679287 0.062394 0.0560908 0.0495023 0.0429826 0.0367576 0.030949 0.0256047 0.0207281 0.0163095 0.0123568 0.0089126 0.00604435
 0.00789707 0.0128605 0.0194198 0.0275434 0.036993 0.0471739 0.0570857 0.0655425 0.0715724 0.0747058 0.0749792 0.0727554 0.0685506 0.0629347 0.0564671 0.049639 0.0428345 0.036319 0.0302516 0.024708 0.0197105 0.0152603 0.0113661 0.0080572 0.00537282
 0.00777911 0.0126964 0.0192245 0.0273486 0.0368393 0.0470977 0.0571088 0.0656691 0.0717952 0.0750148 0.0753679 0.0732204 0.0690838 0.0635115 0.0570385 0.0501344 0.0431769 0.036447 0.0301374 0.0243653 0.0191904 0.0146392 0.0107288 0.00747941 0.00490552
 0.00781618 0.0127443 0.0192749 0.0273899 0.036864 0.0471125 0.0571381 0.0657479 0.0719516 0.0752534 0.0756655 0.0735384 0.0693875 0.0637823 0.0572707 0.0503216 0.0433 0.0364739 0.0300357 0.0241199 0.0188157 0.0141789 0.0102447 0.00703255 0.0045401
 0.00789223 0.0128523 0.0194079 0.0275297 0.0369849 0.0471877 0.0571488 0.0656911 0.0718454 0.0751355 0.0755828 0.0735295 0.0694673 0.0639384 0.0574722 0.0505322 0.0434853 0.0366028 0.0300806 0.0240616 0.0186522 0.0139312 0.00995277 0.00674331 0.00429219
 0.00781949 0.0127509 0.0192858 0.0274031 0.0368713 0.0470962 0.057074 0.0656162 0.0717535 0.0750235 0.075469 0.07345 0.0694622 0.0640344 0.0576708 0.0508086 0.0437965 0.0369 0.0303202 0.0242125 0.0187016 0.0138868 0.00984091 0.00660025 0.00415239
 0.00785647 0.0127876 0.019299 0.0273604 0.0367437 0.0468757 0.0567851 0.0653102 0.0714873 0.0748354 0.0753676 0.0734225 0.0694926 0.0641168 0.0578089 0.0510052 0.0440422 0.0371694 0.030577 0.024421 0.0188371 0.0139428 0.00982916 0.00654527 0.0040815
 0.00793139 0.0128865 0.0194043 0.0274384 0.0367499 0.0467665 0.0565322 0.0649135 0.0709829 0.0742935 0.074877 0.0730638 0.0693137 0.0641234 0.0579734 0.0512846 0.0443927 0.0375507 0.0309513 0.0247536 0.0191005 0.0141233 0.00992976 0.00658307 0.00408022
 0.00779832 0.0127057 0.0191965 0.0272411 0.036602 0.0466858 0.0565004 0.0648803 0.0708897 0.0741042 0.0745989 0.0727482 0.0690362 0.0639553 0.0579575 0.0514254 0.0446617 0.0379009 0.0313314 0.0251172 0.0194123 0.014362 0.0100906 0.00667547 0.00412271
 0.00779297 0.0126921 0.0191689 0.0271962 0.0365453 0.0466382 0.0564967 0.0649544 0.071051 0.0743191 0.0747958 0.0728479 0.0689918 0.0637759 0.0577022 0.0511731 0.0444775 0.0378159 0.0313413 0.0251936 0.0195184 0.0144657 0.0101714 0.00672667 0.00414793
 0.00778193 0.0126542 0.0190755 0.0270094 0.0362301 0.0461803 0.0559194 0.0643248 0.0704672 0.0738832 0.0745813 0.0728743 0.0692193 0.0641254 0.0580907 0.0515455 0.0448173 0.0381325 0.031648 0.0254923 0.0197969 0.0147056 0.0103587 0.00685743 0.00422883
 0.00789812 0.0128324 0.0193217 0.027317 0.0365748 0.0465174 0.0561858 0.0644514 0.0704031 0.0736211 0.0741684 0.0723985 0.0687763 0.0637833 0.0578722 0.0514337 0.0447783 0.0381375 0.0316823 0.0255505 0.0198735 0.0147903 0.0104382 0.00692127 0.00427282
 0.00802771 0.0130341 0.0196081 0.0276921 0.0370318 0.0470352 0.0567244 0.0649512 0.0707911 0.0738269 0.074145 0.0721408 0.0683273 0.0632237 0.0572944 0.0509135 0.0443572 0.0378237 0.0314638 0.025409 0.0197915 0.0147518 0.0104281 0.0069258 0.00428174
 0.00810989 0.0131495 0.0197483 0.027839 0.037164 0.0471376 0.0567956 0.0650021 0.0708366 0.0738747 0.0741873 0.0721554 0.068288 0.0631148 0.0571222 0.0507065 0.0441543 0.0376581 0.0313524 0.0253514 0.0197763 0.0147639 0.0104534 0.00695352 0.00430527
 0.00818573 0.0132659 0.0199097 0.0280423 0.0373964 0.0473758 0.0570072 0.0651532 0.0709033 0.073854 0.0740985 0.0720292 0.06815 0.0629749 0.0569769 0.0505497 0.0439885 0.0374969 0.031214 0.0252495 0.0197145 0.0147365 0.0104492 0.00696145 0.00431665
 0.00828315 0.0134308 0.0201691 0.0284225 0.0379133 0.0480213 0.057738 0.0658897 0.0715462 0.0743102 0.0743069 0.071975 0.0678633 0.0625162 0.0564165 0.0499501 0.0433968 0.036946 0.0307275 0.0248439 0.0193981 0.0145073 0.0102962 0.0068677 0.00426418
 0.00827372 0.0134223 0.0201698 0.028447 0.0379825 0.0481593 0.0579661 0.0662182 0.0719638 0.0747778 0.0747601 0.0723394 0.0680764 0.0625469 0.0562716 0.0496677 0.0430301 0.036548 0.0303417 0.024501 0.0191162 0.0142932 0.0101466 0.00677215 0.00420868
 0.00825256 0.0133752 0.0200767 0.0282845 0.0377335 0.0478274 0.0575866 0.0658568 0.0717007 0.0746817 0.0748652 0.0726319 0.0684986 0.0630145 0.0566999 0.0499951 0.0432311 0.036631 0.0303367 0.0244448 0.0190413 0.0142219 0.0100908 0.0067346 0.0041868
 0.00811143 0.0131731 0.019822 0.0279995 0.0374447 0.0475517 0.0573249 0.0656004 0.0714484 0.0744558 0.0747124 0.0726069 0.0686378 0.0633153 0.0571172 0.050457 0.0436637 0.0369817 0.030584 0.0245958 0.0191195 0.0142547 0.0101005 0.00673557 0.00418597
 0.00793378 0.0128955 0.019427 0.0274833 0.0368229 0.0468651 0.0566391 0.064996 0.070998 0.0742013 0.0746572 0.0727289 0.0689097 0.063716 0.0576268 0.051044 0.0442799 0.0375697 0.0310937 0.0249981 0.0194103 0.0144489 0.0102216 0.00680693 0.00422609
 0.00778598 0.0126577 0.0190743 0.026996 0.0361925 0.0461034 0.0557878 0.0641287 0.0702109 0.0735918 0.0742998 0.0726582 0.0691163 0.0641564 0.0582405 0.051768 0.0450542 0.0383374 0.0318023 0.0256055 0.0198925 0.014803 0.0104625 0.00695895 0.0043153
 0.00774685 0.0125865 0.0189529 0.0268019 0.0359033 0.0457038 0.055278 0.0635298 0.0695653 0.0729592 0.0737499 0.0722596 0.0689226 0.0641938 0.0585016 0.0522151 0.0456302 0.0389773 0.0324434 0.0261941 0.02039 0.0151901 0.0107393 0.00714073 0.0044248
 0.00755224 0.0122856 0.0185286 0.0262485 0.0352265 0.044921 0.0544207 0.0626453 0.068715 0.072212 0.0731729 0.071909 0.0688368 0.0643877 0.058963 0.0529044 0.0464847 0.0399195 0.0333923 0.0270768 0.0211511 0.0157982 0.0111881 0.00744564 0.00461471
 0.0075467 0.0122655 0.0184781 0.0261463 0.0350514 0.0446602 0.0540758 0.0622326 0.0682594 0.0717394 0.0727082 0.0714804 0.0684805 0.0641474 0.0588808 0.0530082 0.0467762 0.0403702 0.0339483 0.0276705 0.0217168 0.0162849 0.0115683 0.00771543 0.00478842
 0.00754411 0.0122633 0.0184777 0.0261477 0.0350501 0.0446438 0.0540233 0.0621198 0.068068 0.0714666 0.0723702 0.0711079 0.0681117 0.0638218 0.0586376 0.0528828 0.0467939 0.0405375 0.0342463 0.0280566 0.0221344 0.0166791 0.0118985 0.00796277 0.00495465
 0.00755828 0.0122777 0.0184835 0.0261325 0.0350017 0.0445561 0.0539002 0.0619725 0.0679082 0.0712995 0.0721936 0.0709176 0.0679098 0.0636216 0.0584628 0.052763 0.0467576 0.0406046 0.0344199 0.0283189 0.0224492 0.0170008 0.0121861 0.00819008 0.00511437
 0.00761384 0.0123668 0.0186146 0.0263098 0.0352219 0.0448039 0.0541464 0.0621783 0.0680358 0.0713242 0.0721096 0.0707359 0.0676506 0.0633095 0.0581256 0.0524329 0.0464698 0.0403919 0.034305 0.0283069 0.0225248 0.0171328 0.0123374 0.00832915 0.00522268
 0.00758308 0.0123261 0.0185706 0.0262752 0.0352124 0.0448333 0.054221 0.0622934 0.068175 0.071462 0.0722173 0.070789 0.0676358 0.0632271 0.0579881 0.0522616 0.0462917 0.040236 0.0341973 0.028264 0.0225482 0.0172082 0.0124401 0.00843342 0.00530985
 0.00754223 0.0122526 0.0184481 0.0260869 0.0349487 0.044502 0.0538543 0.061945 0.0679048 0.0713159 0.072212 0.0709089 0.0678417 0.063471 0.0582278 0.0524699 0.0464596 0.0403701 0.0343134 0.0283791 0.0226727 0.017342 0.0125736 0.00855299 0.00540482
 0.00751664 0.0122132 0.018392 0.026011 0.0348479 0.044368 0.053678 0.0617228 0.0676471 0.0710521 0.0719861 0.0707658 0.0678094 0.0635499 0.058392 0.0526797 0.0466769 0.0405697 0.0344868 0.0285297 0.0228087 0.0174686 0.0126899 0.00865371 0.00548442
 0.00747258 0.0121536 0.0183244 0.0259496 0.0348087 0.0443618 0.0537033 0.0617644 0.0676801 0.0710509 0.0719354 0.0706689 0.0676892 0.0634406 0.0583245 0.0526684 0.0467168 0.040643 0.0345737 0.0286171 0.0228914 0.0175461 0.0127617 0.00871736 0.00553645
 0.00747298 0.0121472 0.0183027 0.0259025 0.0347299 0.0442555 0.0535878 0.0616674 0.0676267 0.0710502 0.0719749 0.070721 0.0677263 0.0634489 0.0583093 0.0526486 0.0467125 0.0406651 0.0346212 0.028681 0.0229614 0.0176145 0.0128238 0.00877031 0.00557842
 0.00753902 0.0122424 0.0184229 0.0260345 0.0348538 0.044349 0.053632 0.0616523 0.0675557 0.0709407 0.0718531 0.070611 0.0676401 0.0633838 0.0582544 0.0525954 0.0466612 0.0406233 0.0345971 0.028678 0.0229768 0.0176417 0.0128558 0.00880135 0.00560475
 0.00742341 0.0120791 0.0182222 0.0258204 0.0346552 0.0441871 0.0535117 0.0615625 0.0674795 0.070868 0.0717879 0.0705701 0.0676438 0.0634452 0.0583722 0.0527547 0.0468409 0.0408047 0.0347687 0.0288347 0.0231162 0.0177618 0.0129542 0.00887707 0.00565872
 0.00730584 0.0119057 0.0179954 0.0255568 0.0343846 0.0439477 0.053343 0.0614954 0.0675246 0.0710078 0.0719802 0.0707642 0.0678019 0.0635547 0.0584442 0.0528103 0.046898 0.0408709 0.0348429 0.028912 0.0231913 0.0178305 0.0130134 0.0089246 0.00569392
 0.00704622 0.0114769 0.0173403 0.0246256 0.0331549 0.0424518 0.0516895 0.0598663 0.0661367 0.0700541 0.0715771 0.0709278 0.0684564 0.0645664 0.0596621 0.0541014 0.0481638 0.0420483 0.0358946 0.0298167 0.023939 0.0184204 0.0134542 0.00923384 0.00589575
 0.00701846 0.0114058 0.017184 0.0243256 0.032646 0.0416818 0.0506428 0.0585822 0.0647174 0.0686564 0.0703867 0.0701184 0.0681446 0.0647801 0.0603386 0.055113 0.0493591 0.0432885 0.0370742 0.030867 0.0248227 0.0191238 0.0139818 0.00960415 0.00613701
 0.00714164 0.0116041 0.0174757 0.024718 0.0331237 0.042193 0.051092 0.0588426 0.0646655 0.0682192 0.0695792 0.0690516 0.0669996 0.0637573 0.0596006 0.0547434 0.0493514 0.043566 0.0375267 0.0313867 0.025326 0.0195585 0.0143242 0.00985182 0.00630153
 0.00710336 0.0115583 0.0174378 0.0247137 0.0331833 0.0423404 0.0513317 0.0591483 0.0649761 0.0684453 0.0696244 0.0688466 0.0665369 0.0631067 0.0588949 0.0541351 0.0489611 0.043446 0.0376547 0.0316881 0.0257077 0.0199392 0.0146502 0.0100995 0.00647072
 0.00715193 0.0116278 0.0175259 0.0248148 0.0332939 0.0424652 0.0514858 0.0593512 0.0652372 0.068748 0.0699175 0.0690512 0.0665701 0.0629161 0.0584867 0.0535822 0.0483817 0.0429612 0.0373462 0.0315757 0.0257558 0.0200827 0.0148239 0.0102571 0.00659019
 0.00725254 0.0117869 0.017756 0.0251223 0.0336751 0.0429024 0.0519463 0.0597923 0.0656188 0.0690439 0.070118 0.069153 0.0665618 0.0627736 0.0581855 0.053121 0.0478003 0.0423393 0.0367783 0.0311369 0.0254776 0.0199508 0.0147947 0.0102817 0.00663094
 0.00722454 0.011753 0.0177266 0.0251149 0.0337102 0.0429969 0.0521066 0.0600112 0.0658766 0.069314 0.0703733 0.0693711 0.0667262 0.0628695 0.0581957 0.0530285 0.0475995 0.0420491 0.0364453 0.030822 0.0252324 0.0197989 0.0147287 0.0102743 0.00665139
 0.00721233 0.0117319 0.0176935 0.0250682 0.0336531 0.0429409 0.0520723 0.0600243 0.0659582 0.0694706 0.0705914 0.0696208 0.0669705 0.0630743 0.058335 0.0530848 0.0475643 0.0419262 0.0362551 0.0306009 0.0250234 0.0196361 0.0146264 0.0102261 0.00663941
 0.00721086 0.0117147 0.0176406 0.0249528 0.03345 0.0426388 0.0516857 0.0595968 0.0655548 0.0691609 0.070432 0.06964 0.0671615 0.063398 0.058732 0.0534912 0.0479259 0.0422074 0.0364432 0.0307052 0.0250686 0.0196519 0.0146362 0.0102412 0.00665982
 0.0070635 0.0114998 0.0173618 0.0246266 0.0330969 0.0422724 0.0513071 0.0592005 0.065144 0.068762 0.0700966 0.0694323 0.0671361 0.0635784 0.0591006 0.0539943 0.0484904 0.0427604 0.0369294 0.031095 0.0253583 0.0198558 0.014776 0.0103367 0.00672507
#obs surv len freq
 nan nan nan nan nan nan nan nan nan nan nan nan nan nan nan nan nan nan nan nan nan nan nan nan nan
 0.00448599 0.00734781 0.011178 0.0159942 0.0216942 0.0279686 0.0342815 0.0400117 0.0446907 0.0481543 0.0505124 0.0520086 0.0529013 0.0534142 0.0537288 0.053984 0.0542628 0.0545557 0.0546945 0.0542865 0.0527246 0.0493567 0.0438064 0.0362864 0.02767
 0.0046109 0.0075544 0.0114951 0.0164496 0.0223077 0.0287414 0.0351856 0.0409874 0.0456553 0.0490196 0.051201 0.0524659 0.0531 0.053354 0.0534321 0.053488 0.0536108 0.0537901 0.0538541 0.053408 0.0518466 0.0485221 0.0430597 0.0356653 0.0271953
 0.00477849 0.00782606 0.0119027 0.0170227 0.0230689 0.0296975 0.0363176 0.042245 0.0469596 0.0502736 0.0523037 0.0533252 0.0536445 0.0535415 0.0532534 0.0529648 0.0527884 0.052728 0.0526186 0.052069 0.0504789 0.0472057 0.0418737 0.0346751 0.0264371
 0.00497031 0.00814164 0.0123844 0.0177118 0.0239971 0.0308732 0.0377134 0.0437937 0.0485647 0.0518276 0.0537031 0.0544777 0.0544706 0.0539772 0.0532564 0.0525208 0.0519151 0.0514743 0.0510599 0.050303 0.0486212 0.0453838 0.0402138 0.0332803 0.0253652
 0.00517137 0.00847167 0.0128872 0.0184311 0.0249685 0.0321122 0.0392013 0.0454711 0.050338 0.0535841 0.0553287 0.0558676 0.0555349 0.0546425 0.0534662 0.0522379 0.0511273 0.0502015 0.0493617 0.0482813 0.0464184 0.0431704 0.0381646 0.0315406 0.0240199
 0.00540536 0.00885364 0.0134651 0.0192508 0.0260654 0.0334979 0.0408497 0.0473134 0.0522716 0.0554921 0.0570961 0.0573913 0.056726 0.0554261 0.053781 0.0520367 0.050381 0.0489076 0.0475575 0.0460581 0.0439271 0.0406114 0.035756 0.0294719 0.0224074
 0.00564955 0.00925257 0.0140692 0.0201083 0.0272136 0.0349486 0.0425745 0.0492384 0.054288 0.0574766 0.0589309 0.0589741 0.0579725 0.056267 0.0541583 0.0519017 0.0496955 0.0476527 0.0457501 0.0437716 0.0413058 0.0378663 0.0331314 0.0271901 0.0206127
 0.00590242 0.00966618 0.0146964 0.0209998 0.0284083 0.0364585 0.0443685 0.0512369 0.0563745 0.05952 0.0608071 0.0605783 0.0592219 0.0570987 0.0545237 0.0517607 0.0490138 0.0464079 0.0439473 0.041468 0.0386331 0.0350321 0.0303899 0.0247825 0.0187033
 0.00614047 0.0100593 0.0152994 0.0218677 0.0295852 0.0379604 0.0461661 0.0532493 0.0584811 0.0615841 0.0626987 0.062188 0.0604649 0.0579135 0.0548672 0.0516017 0.0483277 0.0451777 0.0421769 0.0392058 0.035997 0.0322184 0.0276476 0.0223561 0.0167657
 0.00640045 0.0104826 0.0159379 0.0227702 0.0307893 0.0394774 0.0479659 0.055254 0.0605739 0.0636301 0.0645664 0.0637639 0.0616609 0.058668 0.0551419 0.0513745 0.0475857 0.0439156 0.0404057 0.0369732 0.0334127 0.0294647 0.0249603 0.019971 0.014854
 0.00660845 0.0108304 0.0164788 0.0235597 0.0318729 0.0408727 0.0496443 0.0571363 0.0625429 0.0655556 0.0663263 0.0652555 0.0628032 0.0594009 0.0554242 0.0511809 0.0469034 0.0427428 0.0387577 0.0348987 0.0310141 0.0269091 0.0224632 0.0177498 0.0130683
 0.00681916 0.0111717 0.0169909 0.0242804 0.0328326 0.0420846 0.0510929 0.0587697 0.0642759 0.0672814 0.0679321 0.066637 0.0638743 0.0600983 0.0557068 0.0510249 0.0462974 0.0416867 0.0372681 0.0330228 0.0288468 0.0246014 0.0202085 0.0157429 0.0114529
 0.00706507 0.0115723 0.0175946 0.0251307 0.0339574 0.0434807 0.0527122 0.0605182 0.0660315 0.0689215 0.0693555 0.0677706 0.0646697 0.0605248 0.0557464 0.0506693 0.0455463 0.0405476 0.0357621 0.0311964 0.026787 0.0224434 0.0181225 0.013899 0.00997513
 0.00727898 0.0119268 0.0181401 0.0259175 0.0350236 0.0448344 0.054314 0.0622755 0.0678127 0.0705834 0.0707713 0.0688481 0.0653566 0.0608045 0.055627 0.0501717 0.0446941 0.039365 0.0342789 0.02946 0.0248766 0.0204765 0.0162448 0.0122536 0.00866429
 0.00744908 0.0122073 0.0185698 0.0265357 0.0358632 0.0459101 0.0556088 0.0637339 0.0693446 0.0720777 0.0721124 0.0699317 0.0661028 0.0611663 0.0555916 0.0497544 0.0439274 0.038289 0.0329384 0.0279103 0.0231939 0.0187641 0.0146252 0.0108446 0.00754774
 0.00752087 0.0123277 0.0187586 0.0268154 0.036257 0.0464375 0.0562793 0.0645421 0.0702681 0.073076 0.0731281 0.0708929 0.066929 0.0617791 0.0559275 0.0497739 0.0436196 0.0376688 0.032042 0.0267929 0.0219306 0.0174502 0.0133677 0.00974335 0.00667179
 0.00760074 0.012447 0.0189191 0.0270137 0.0364879 0.0466995 0.0565777 0.0648888 0.0706765 0.0735553 0.0736762 0.0714907 0.0675384 0.0623437 0.05638 0.0500476 0.0436613 0.0374496 0.0315631 0.0260869 0.0210592 0.0164978 0.0124299 0.00890842 0.00600119
 0.00768442 0.0125788 0.0191089 0.0272659 0.0367987 0.0470541 0.05695 0.0652463 0.0709915 0.0738169 0.0738947 0.0716908 0.0677438 0.0625617 0.0565931 0.0502153 0.0437303 0.0373692 0.0313013 0.0256415 0.020462 0.0158105 0.011731 0.00827378 0.00548534
 0.00771541 0.0126255 0.0191726 0.027346 0.0368939 0.0471638 0.057074 0.0653839 0.0711392 0.0739685 0.0740443 0.0718368 0.0678911 0.0627189 0.0567637 0.0503886 0.0438771 0.0374474 0.0312684 0.0254714 0.0201573 0.0154052 0.0112817 0.00784294 0.00512255
 0.00777183 0.0127098 0.0192856 0.0274831 0.0370463 0.0473198 0.0572221 0.0655136 0.0712438 0.0740461 0.0740982 0.0718736 0.0679186 0.0627451 0.0567951 0.0504272 0.043916 0.0374678 0.0312424 0.0253724 0.0199726 0.0151454 0.0109796 0.0075421 0.00486191
 0.0078034 0.0127584 0.0193532 0.0275694 0.0371476 0.0474293 0.0573296 0.0656074 0.0713138 0.0740874 0.074113 0.0718705 0.0679088 0.0627389 0.0567992 0.0504434 0.0439405 0.0374897 0.0312446 0.0253351 0.0198818 0.0150006 0.010797 0.00734941 0.00468766
 0.00784586 0.0128221 0.0194392 0.027675 0.0372669 0.0475544 0.0574514 0.0657161 0.0713996 0.0741424 0.074133 0.0718567 0.0678681 0.062682 0.0567382 0.0503882 0.043896 0.0374542 0.0312097 0.025288 0.0198107 0.0149007 0.0106743 0.00721923 0.00456801
 0.00786989 0.0128593 0.0194917 0.0277429 0.0373481 0.0476442 0.0575423 0.0657989 0.0714656 0.0741857 0.0741518 0.0718527 0.0678454 0.0626456 0.0566938 0.0503418 0.0438528 0.0374165 0.0311753 0.0252508 0.0197631 0.0148378 0.0105975 0.00713636 0.00449019
 0.00790226 0.0129076 0.0195563 0.0278212 0.0374354 0.0477346 0.0576299 0.0658777 0.0715296 0.0742297 0.0741725 0.0718494 0.0678199 0.0626022 0.056638 0.0502798 0.04379 0.037357 0.0311207 0.0251996 0.0197117 0.014783 0.0105388 0.00707713 0.00443601
 0.00787605 0.0128677 0.0195012 0.0277516 0.0373538 0.0476457 0.05754 0.0657954 0.0714648 0.0741919 0.0741681 0.07188 0.0678814 0.0626857 0.0567326 0.050375 0.0438782 0.0374333 0.0311827 0.0252457 0.0197409 0.014795 0.0105353 0.0070623 0.00441575
 0.00788062 0.0128683 0.0194897 0.027717 0.0372859 0.0475401 0.057403 0.0656433 0.0713197 0.0740748 0.0740936 0.0718549 0.0679051 0.062752 0.0568309 0.0504925 0.0440015 0.0375511 0.0312864 0.0253303 0.0198038 0.0148362 0.0105572 0.00706906 0.00441293
 0.00789918 0.0128946 0.0195219 0.0277495 0.0373099 0.0475445 0.0573764 0.0655777 0.0712147 0.0739404 0.0739499 0.0717262 0.0678129 0.062709 0.0568387 0.0505436 0.0440827 0.0376474 0.0313838 0.025418 0.019875 0.014888 0.0105901 0.00708643 0.00441933
 0.00789205 0.0128821 0.0195012 0.0277177 0.037264 0.0474827 0.057299 0.0654869 0.0711141 0.0738349 0.0738461 0.0716334 0.0677432 0.0626745 0.0568482 0.0505988 0.0441771 0.037768 0.0315148 0.0255441 0.0199844 0.0149743 0.0106516 0.00712562 0.00444134
 0.00785554 0.0128253 0.0194206 0.0276118 0.0371342 0.0473335 0.0571384 0.0653266 0.0709677 0.0737146 0.0737608 0.0715873 0.0677368 0.0627066 0.0569174 0.0507027 0.0443116 0.037925 0.0316822 0.0257077 0.0201312 0.0150947 0.0107417 0.00718695 0.00447899
 0.00785678 0.0128199 0.0193991 0.0275615 0.0370428 0.0471956 0.0569598 0.065125 0.0707672 0.0735391 0.073628 0.0715066 0.0677099 0.06273 0.0569847 0.0508066 0.0444445 0.0380784 0.0318464 0.0258711 0.0202818 0.0152226 0.0108412 0.00725731 0.00452404
 0.00782382 0.0127692 0.0193277 0.0274677 0.0369253 0.0470525 0.0567901 0.0649308 0.0705576 0.073332 0.0734472 0.0713767 0.0676488 0.0627443 0.0570692 0.0509481 0.0446261 0.0382832 0.0320588 0.026077 0.0204688 0.0153809 0.0109652 0.00734644 0.0045824
 0.00780021 0.0127269 0.0192571 0.0273584 0.0367697 0.0468504 0.0565525 0.0646784 0.0703153 0.0731213 0.073283 0.0712677 0.0676011 0.0627622 0.0571537 0.0510943 0.044822 0.0385118 0.0323007 0.0263137 0.0206844 0.0155639 0.0111091 0.00745076 0.00465152
 0.00774733 0.012645 0.0191413 0.0272063 0.0365813 0.0466281 0.0563019 0.0644107 0.0700483 0.072878 0.0730877 0.0711406 0.0675538 0.062797 0.057265 0.0512715 0.045051 0.0387757 0.0325801 0.0265885 0.0209362 0.0157784 0.0112785 0.00757403 0.00473365
 0.00774816 0.0126394 0.0191203 0.0271576 0.0364931 0.0464942 0.0561259 0.0642058 0.0698327 0.0726699 0.072902 0.0709894 0.0674483 0.062747 0.0572774 0.0513474 0.0451852 0.0389566 0.0327915 0.0268114 0.0211513 0.0159692 0.011434 0.00768993 0.00481239
 0.00770545 0.0125752 0.019033 0.0270484 0.0363638 0.046346 0.0559585 0.0640201 0.0696344 0.0724716 0.0727218 0.070847 0.0673592 0.0627201 0.0573148 0.0514462 0.0453386 0.0391538 0.0330179 0.0270492 0.0213815 0.0161747 0.0116027 0.00781676 0.00489924
 0.00768786 0.012541 0.0189718 0.0269481 0.0362153 0.0461487 0.0557247 0.063773 0.0694008 0.0722728 0.0725694 0.0707444 0.0673069 0.062719 0.0573662 0.0515501 0.0454911 0.0393469 0.0332392 0.0272827 0.0216096 0.0163807 0.0117738 0.00794684 0.00498927
 0.00765745 0.0124975 0.0189167 0.0268851 0.0361476 0.0460753 0.0556392 0.0636668 0.0692694 0.0721212 0.072413 0.0706033 0.0671993 0.0626563 0.0573531 0.0515866 0.0455747 0.0394724 0.0333979 0.0274621 0.0217941 0.016554 0.0119225 0.00806292 0.0050714
 0.00764777 0.0124787 0.0188831 0.0268307 0.0360685 0.0459733 0.0555231 0.0635502 0.0691643 0.0720329 0.072339 0.0705384 0.067142 0.0626114 0.0573299 0.0515945 0.0456194 0.0395545 0.0335128 0.0276005 0.0219431 0.0166993 0.012051 0.00816586 0.00514581
 0.00762284 0.0124414 0.0188328 0.0267683 0.0359955 0.0458904 0.0554304 0.0634487 0.0690586 0.0719315 0.0722524 0.0704753 0.0671054 0.0625998 0.0573403 0.0516255 0.0456725 0.0396316 0.0336137 0.0277206 0.0220734 0.016828 0.0121666 0.00825981 0.00521471
 0.00758322 0.0123802 0.0187469 0.0266576 0.0358633 0.0457439 0.0552804 0.0633081 0.0689394 0.0718419 0.0721956 0.0704506 0.0671108 0.0626327 0.0573977 0.0517036 0.0457676 0.0397409 0.0337348 0.0278501 0.0222055 0.0169545 0.0122786 0.00835052 0.00528133
 0.00760368 0.012407 0.0187754 0.0266793 0.0358685 0.0457252 0.0552359 0.063242 0.0688599 0.0717586 0.0721165 0.0703811 0.0670538 0.0625901 0.0573707 0.0516939 0.0457763 0.0397684 0.0337803 0.0279111 0.0222775 0.0170308 0.0123514 0.00841308 0.00532949
 0.00756731 0.0123576 0.0187185 0.0266253 0.035828 0.0457034 0.0552288 0.0632378 0.0688456 0.0717269 0.0720695 0.0703283 0.0670069 0.0625582 0.0573581 0.051701 0.0458015 0.0398095 0.033835 0.0279765 0.0223493 0.0171036 0.0124192 0.00847058 0.00537353
 0.00755148 0.0123265 0.0186626 0.0265344 0.0356966 0.0455367 0.0550461 0.0630687 0.0687188 0.0716585 0.0720576 0.0703583 0.0670611 0.0626241 0.057431 0.0517804 0.045888 0.0399027 0.0339327 0.0280755 0.0224457 0.0171928 0.0124968 0.00853322 0.0054199
 0.0075178 0.012275 0.0185906 0.0264409 0.0355806 0.0453973 0.0548833 0.0628872 0.0685316 0.0714876 0.0719291 0.0702931 0.0670671 0.062694 0.0575471 0.0519234 0.0460425 0.0400588 0.0340843 0.0282184 0.0225758 0.0173064 0.0125906 0.00860576 0.00547175
 0.00752654 0.0122861 0.0186017 0.0264477 0.0355785 0.0453821 0.0548526 0.0628399 0.0684671 0.0714057 0.071833 0.0701913 0.066974 0.0626257 0.0575155 0.0519314 0.0460846 0.0401248 0.0341639 0.0283028 0.0226586 0.0173825 0.012656 0.00865788 0.00550994
 0.00750169 0.0122506 0.0185571 0.0263982 0.0355291 0.0453363 0.0548108 0.0627996 0.0684252 0.0713606 0.071785 0.0701429 0.0669296 0.0625913 0.0574985 0.0519387 0.0461196 0.0401858 0.034244 0.0283927 0.0227488 0.0174653 0.0127263 0.00871289 0.00554949
 0.00751236 0.0122635 0.0185686 0.0264029 0.0355219 0.0453155 0.05478 0.0627662 0.0683965 0.0713393 0.0717684 0.070125 0.0669051 0.0625591 0.0574626 0.0519069 0.0461005 0.0401855 0.0342645 0.028431 0.0227983 0.017518 0.0127752 0.00875341 0.00557969
 0.00748542 0.0122253 0.0185213 0.0263513 0.0354715 0.0452695 0.0547378 0.062725 0.0683544 0.0712988 0.0717356 0.0701064 0.0669036 0.0625726 0.0574859 0.0519355 0.0461328 0.0402232 0.0343096 0.0284839 0.0228565 0.0175765 0.0128284 0.0087971 0.00561201
 0.0074921 0.0122328 0.0185268 0.0263508 0.0354616 0.0452503 0.0547134 0.0627023 0.068339 0.0712915 0.0717325 0.0701019 0.0668943 0.062559 0.0574712 0.0519228 0.0461246 0.040221 0.0343152 0.0284982 0.0228789 0.0176045 0.0128579 0.00882399 0.00563347
 0.0074921 0.0122328 0.0185268 0.0263508 0.0354616 0.0452503 0.0547134 0.0627023 0.068339 0.0712915 0.0717325 0.0701019 0.0668943 0.062559 0.0574712 0.0519228 0.0461246 0.040221 0.0343152 0.0284982 0.0228789 0.0176045 0.0128579 0.00882399 0.00563347
 0.0072114 0.011789 0.0178838 0.0254881 0.0343842 0.0439999 0.0533788 0.0614156 0.067252 0.0705389 0.0713982 0.0702033 0.0673869 0.0633551 0.0584639 0.0530077 0.0472145 0.0412513 0.0352432 0.0292993 0.0235418 0.0181284 0.0132504 0.00910012 0.0058141
 0.00720729 0.011748 0.0177588 0.0252148 0.0338976 0.0432614 0.052401 0.0602702 0.0660576 0.069435 0.0705173 0.0696487 0.0672165 0.0635729 0.0590219 0.0538195 0.0481753 0.0422592 0.0362138 0.0301726 0.024282 0.0187203 0.0136959 0.00941367 0.00601888
 0.00730377 0.0119129 0.0180183 0.0255878 0.0343791 0.0438025 0.0528996 0.0605886 0.0660679 0.0690725 0.0698132 0.0687224 0.0662356 0.0627028 0.0583846 0.0534725 0.0481114 0.0424228 0.0365248 0.0305495 0.0246585 0.0190523 0.0139609 0.00960721 0.00614835
 0.00726572 0.0118663 0.0179774 0.025578 0.0344329 0.0439503 0.0531557 0.0609364 0.0664502 0.0693953 0.069969 0.0686307 0.0658816 0.0621507 0.0577575 0.0529077 0.0477149 0.0422419 0.0365466 0.0307194 0.0249061 0.0193138 0.0141923 0.00978671 0.00627276
 0.00728361 0.011892 0.0180107 0.0256188 0.0344842 0.0440218 0.0532649 0.0611039 0.0666888 0.069695 0.0702869 0.0688935 0.0660055 0.0620748 0.0574745 0.0524738 0.0472311 0.0418151 0.0362517 0.0305802 0.0248999 0.0193922 0.0143044 0.00989491 0.00635749
 0.00725835 0.0118571 0.0179694 0.0255777 0.034451 0.0440028 0.0532638 0.0611242 0.0667368 0.0697817 0.0704219 0.0690739 0.0662053 0.0622448 0.0575583 0.0524346 0.0470728 0.0415849 0.0360196 0.0304074 0.0248159 0.0193909 0.0143566 0.00996655 0.00642364
 0.00725168 0.0118463 0.0179533 0.0255561 0.0344256 0.0439781 0.0532471 0.0611238 0.0667594 0.0698302 0.0704958 0.0691706 0.0663197 0.0623654 0.0576633 0.0524945 0.047063 0.0415008 0.0358836 0.0302608 0.0246994 0.0193265 0.0143428 0.00998626 0.00645608
 0.00715532 0.0116931 0.0177299 0.0252541 0.0340454 0.0435337 0.0527702 0.0606629 0.0663717 0.0695672 0.0703913 0.069234 0.0665366 0.0627035 0.0580781 0.0529363 0.0474835 0.0418623 0.0361675 0.0304704 0.0248539 0.0194483 0.0144466 0.0100757 0.00652857
 0.00707427 0.0115535 0.017506 0.0249187 0.033578 0.0429326 0.0520634 0.0599105 0.0656549 0.0689708 0.0699858 0.0690636 0.0666145 0.0630116 0.0585723 0.0535545 0.0481565 0.0425249 0.0367685 0.0309796 0.0252624 0.0197636 0.0146831 0.0102479 0.00664855
 0.00700535 0.0114378 0.0173246 0.0246506 0.0332034 0.0424389 0.0514531 0.0592074 0.0649066 0.0682444 0.0693595 0.0686132 0.0663991 0.0630609 0.0588804 0.0540814 0.0488365 0.0432798 0.0375219 0.0316696 0.0258494 0.0202313 0.0150342 0.0104966 0.00681419
#pred catch len freq
 0.00328088 0.0053139 0.00799505 0.0113621 0.0154527 0.0202594 0.0256667 0.0314378 0.0372618 0.0428194 0.0478317 0.0520976 0.0555184 0.0580949 0.0598917 0.0609927 0.0614709 0.0613662 0.0606443 0.0591315 0.0564749 0.0522208 0.0460607 0.0381417 0.0292122
 0.00353166 0.00565371 0.00838397 0.0117287 0.0157239 0.0204011 0.025708 0.0314551 0.0373276 0.0429479 0.0479593 0.0521126 0.0553231 0.0576643 0.0592976 0.0603836 0.0610154 0.0611826 0.0607475 0.0594238 0.0567897 0.052401 0.046028 0.0379189 0.028891
 0.00363179 0.00585093 0.00873875 0.0123037 0.0165513 0.0214425 0.0268363 0.0324847 0.0380892 0.0433619 0.0480539 0.0519743 0.0550227 0.0572196 0.0586971 0.0596411 0.0602044 0.0604195 0.0601346 0.0589929 0.0564887 0.0521319 0.0457106 0.0375351 0.0284828
 0.00376908 0.00606332 0.00904362 0.0127238 0.0171259 0.0222328 0.0279088 0.0338674 0.0397173 0.0450536 0.0495497 0.0530297 0.0554991 0.057113 0.0580993 0.0586781 0.0590005 0.0590941 0.0588011 0.0577423 0.0553665 0.0511374 0.0448234 0.0367477 0.0278124
 0.00395106 0.00635313 0.00946831 0.0133043 0.0178744 0.0231509 0.028989 0.0350985 0.0410895 0.046548 0.0511086 0.0545252 0.0567355 0.0578799 0.0582485 0.0581759 0.0579271 0.0576025 0.0570682 0.0559319 0.0536089 0.049522 0.0434052 0.0355599 0.0268737
 0.0041788 0.00671665 0.0100039 0.0140438 0.0188427 0.0243599 0.0304271 0.0367227 0.0428258 0.0483039 0.0527887 0.0560402 0.0579949 0.0587775 0.0586609 0.0579897 0.0570848 0.0561381 0.0551087 0.0536667 0.051246 0.0472516 0.0413774 0.0338742 0.0255753
 0.0044134 0.00709327 0.010563 0.0148234 0.019875 0.0256652 0.0320028 0.0385328 0.0447965 0.0503278 0.0547376 0.0577818 0.05941 0.0597684 0.0591473 0.0579005 0.0563624 0.0547618 0.0531277 0.0512173 0.0485392 0.0445344 0.0388823 0.0317752 0.0239607
 0.00467932 0.00751384 0.0111757 0.0156597 0.0209607 0.0270177 0.0336237 0.0403966 0.0468425 0.0524591 0.0568269 0.0596857 0.0609875 0.0608976 0.0597345 0.0578791 0.0556883 0.0534171 0.05114 0.0486864 0.0456515 0.041546 0.0360692 0.0293681 0.0220931
 0.00492964 0.00791525 0.0117705 0.0164859 0.0220489 0.0283837 0.035259 0.0422611 0.048865 0.0545444 0.0588642 0.0615554 0.0625681 0.0620736 0.0604044 0.0579616 0.0551257 0.0521812 0.0492459 0.046215 0.0427689 0.0384994 0.033146 0.0268274 0.0200997
 0.00522957 0.0083862 0.0124498 0.0174013 0.0232192 0.0298176 0.0369477 0.044168 0.0509194 0.0566434 0.060884 0.0633675 0.064055 0.0631384 0.0609711 0.0579697 0.0545272 0.0509457 0.047377 0.0437759 0.0399065 0.035446 0.0301853 0.0242274 0.0180413
 0.00551403 0.00884356 0.0131291 0.0183464 0.0244621 0.0313686 0.0387822 0.0462199 0.0530859 0.0587996 0.0628994 0.0651188 0.0654353 0.0640636 0.0613816 0.0578267 0.0538056 0.0496327 0.0454823 0.0413558 0.0370904 0.0324455 0.0272673 0.0216523 0.0159912
 0.00571846 0.00918198 0.0136511 0.0191057 0.0255102 0.0327419 0.0404844 0.0482073 0.055263 0.0610278 0.0650159 0.0669626 0.0668715 0.0649989 0.0617654 0.0576405 0.0530498 0.048318 0.0436351 0.0390369 0.0344194 0.0296129 0.0245147 0.0192188 0.0140478
