SBPRF35
7.63968
Curr Bio
614787
B35
515389
F35
0.216791
FOFL
0.216791
OFL
119020
Bzero
2.18277e+006
#pred survey bio
 4.60524e+006 4.06239e+006 3.55704e+006 3.21178e+006 3.02194e+006 2.76132e+006 2.5044e+006 2.23853e+006 1.93019e+006 1.64395e+006 1.40005e+006 1.2274e+006 1.09689e+006 990960 908308 805087 687861 616464 583526 561349 531753 520553 520522 509413 509867 503940 507632 493049 499171 510066 532155 527670 533959 539613 562410 587566 594104 591080 581748 584210 583020 557830 537016 529628 547994 576623 616735 611907 551335 542887 556913 623548 1.65117e+007 1.4685e+007 1.44605e+007 1.4594e+007 1.49552e+007 1.54021e+007 1.58406e+007 1.62235e+007 1.65352e+007 1.67782e+007 1.69624e+007 1.70995e+007 1.72006e+007 1.72748e+007 1.73293e+007 1.73693e+007 1.73987e+007 1.74205e+007 1.74367e+007 1.74489e+007 1.7458e+007 1.74648e+007 1.747e+007 1.7474e+007 1.7477e+007 1.74793e+007 1.7481e+007 1.74823e+007 1.74834e+007 1.74842e+007 1.74848e+007 1.74852e+007 1.74856e+007 1.74859e+007 1.74861e+007 1.74862e+007 1.74864e+007 1.74865e+007 1.74865e+007 1.74866e+007 1.74866e+007 1.74867e+007 1.74867e+007 1.74867e+007 1.74867e+007 1.74868e+007 1.74868e+007 1.74868e+007 1.74868e+007 1.74868e+007 1.74868e+007 1.74868e+007 1.74868e+007 1.74868e+007 1.74868e+007 1.74868e+007 1.74868e+007 1.74868e+007 1.74868e+007 1.74868e+007 1.74868e+007 1.74868e+007 1.74868e+007 1.74868e+007 1.74868e+007 1.74868e+007 1.74868e+007 1.74868e+007 1.74868e+007 1.74868e+007 1.74868e+007 1.74868e+007 1.74868e+007 1.74868e+007 1.74868e+007 1.74868e+007 1.74868e+007 1.74868e+007 1.74868e+007 1.74868e+007 1.74868e+007 1.74868e+007 1.74868e+007 1.74868e+007 1.74868e+007 1.74868e+007 1.74868e+007 1.74868e+007 1.74868e+007 1.74868e+007 1.74868e+007 1.74868e+007 1.74868e+007 1.74868e+007 1.74868e+007 1.74868e+007 1.74868e+007 1.74868e+007 1.74868e+007 1.74868e+007 0 0 0 0 0 0 0 0 0 0 0 0 0 0 0 0 0 0 0 0 0 0 0 0 0
#obs survey bio
 4.54678e+006 4.36036e+006 3.7916e+006 2.69132e+006 3.74364e+006 2.60376e+006 2.96724e+006 2.00641e+006 1.81969e+006 1.81755e+006 1.10071e+006 1.45831e+006 850598 1.02404e+006 948226 1.19642e+006 639056 495241 600182 720084 504043 541690 573221 591596 503342 557635 645945 500233 463789 536085 607825 483376 592632 456340 558995 711644 703625 625766 509333 718781 583157 602115 602833 598102 463122 581432 531802 772187 578925 619669 623586 695088
#pred catch bio
 111622 97884.1 168827 198747 240585 275962 287392 326142 316170 296507 277740 268007 251476 225400 225521 214255 186178 161530 151200 148325 137219 130986 131833 111318 119218 106608 111345 96686.2 108284 95387.2 94667.7 89828.8 93348.3 96551.6 90643 96883.1 91042.5 91730.6 84894.1 83592.9 85991.2 85694.7 86015.4 85598.5 93692.7 84922.3 96436.6 97616.9 90737.6 95739.8 82455.8 72064.3 119020 115466 112152 111756 113687 116472 119255 121644 123525 124922 125919 126609 127077 127388 127593 127726 127811 127866 127901 127923 127937 127946 127952 127955 127957 127959 127960 127960 127960 127961 127961 127961 127961 127961 127961 127961 127961 127961 127961 127961 127961 127961 127961 127961 127961 127961 127961 127961 127961 127961 127961 127961 127961 127961 127961 127961 127961 127961 127961 127961 127961 127961 127961 127961 127961 127961 127961 127961 127961 127961 127961 127961 127961 127961 127961 127961 127961 127961 127961 127961 127961 127961 127961 127961 127961 127961 127961 127961 127961 127961 127961 127961 127961 127961 127961 127961 127961 127961 127961 127961 0 0 0 0 0 0 0 0 0 0 0 0 0 0 0 0 0 0 0 0 0 0 0 0 0
#obs catch bio
 0 97377.4 169340 198875 240558 276215 287163 326422 316173 296251 277804 268532 251910 225473 225627 213594 186354 161939 151490 147937 137377 131463 132075 110868 119561 106563 111299 96362.7 108941 95484 94433.3 89777.7 93228.4 96904.2 90585.4 96975.1 90930.4 91744.6 84863.2 83569 85925.2 85662.5 85998 85588.3 93967.1 84852.7 96462.1 97413.6 90730.3 95898.6 82660.1 71908.3
#pred cpue bio
 4.54725e+006 4.01119e+006 3.51124e+006 3.16808e+006 2.97832e+006 2.71891e+006 2.46292e+006 2.19839e+006 1.89242e+006 1.60875e+006 1.36721e+006 1.19582e+006 1.06609e+006 960751 878576 776870 662214 592269 559909 538315 509604 498541 498413 487674 488230 482376 486082 472137 478099 488439 509968 505955 512124 517652 539690 564041 569032 564042 553902 556240 555570 531844 512025 504941 522458 549660 588271 583829 526069 517827 530970 594915 1.57978e+007 1.40833e+007 1.37774e+007 1.38287e+007 1.41687e+007 1.4612e+007 1.505e+007 1.54327e+007 1.57445e+007 1.59875e+007 1.61716e+007 1.63087e+007 1.64099e+007 1.64841e+007 1.65385e+007 1.65785e+007 1.6608e+007 1.66298e+007 1.6646e+007 1.66581e+007 1.66672e+007 1.66741e+007 1.66793e+007 1.66832e+007 1.66862e+007 1.66885e+007 1.66902e+007 1.66916e+007 1.66926e+007 1.66934e+007 1.6694e+007 1.66945e+007 1.66948e+007 1.66951e+007 1.66953e+007 1.66955e+007 1.66956e+007 1.66957e+007 1.66958e+007 1.66958e+007 1.66959e+007 1.66959e+007 1.66959e+007 1.6696e+007 1.6696e+007 1.6696e+007 1.6696e+007 1.6696e+007 1.6696e+007 1.6696e+007 1.6696e+007 1.6696e+007 1.6696e+007 1.6696e+007 1.6696e+007 1.6696e+007 1.6696e+007 1.6696e+007 1.6696e+007 1.6696e+007 1.6696e+007 1.6696e+007 1.6696e+007 1.6696e+007 1.6696e+007 1.6696e+007 1.6696e+007 1.6696e+007 1.6696e+007 1.6696e+007 1.6696e+007 1.6696e+007 1.6696e+007 1.6696e+007 1.6696e+007 1.6696e+007 1.6696e+007 1.6696e+007 1.6696e+007 1.6696e+007 1.6696e+007 1.6696e+007 1.6696e+007 1.6696e+007 1.6696e+007 1.6696e+007 1.6696e+007 1.6696e+007 1.6696e+007 1.6696e+007 1.6696e+007 1.6696e+007 1.6696e+007 1.6696e+007 1.6696e+007 1.6696e+007 1.6696e+007 1.6696e+007 1.6696e+007 1.6696e+007 0 0 0 0 0 0 0 0 0 0 0 0 0 0 0 0 0 0 0 0 0 0 0 0 0
#obs cpue bio
 4.52854e+006 4.36393e+006 3.09664e+006 3.00024e+006 3.05149e+006 2.58948e+006 2.15814e+006 2.50361e+006 2.00688e+006 1.5505e+006 1.59753e+006 915670 1.3621e+006 918441 885763 653105 590004 638266 540353 548707 437305 398541 520928 499445 399142 443245 449036 476692 351346 491562 631103 461310 522968 438013 626913 474885 518592 531994 601974 449176 615050 479783 461264 416655 556535 541926 754667 581703 403473 470625 366044 666941
#pred surv len freq
 0.0043129 0.0071153 0.0109174 0.0157618 0.0215524 0.0279575 0.0343991 0.0402183 0.044934 0.0484005 0.0507601 0.0522777 0.0532016 0.0537107 0.0539213 0.053916 0.0537722 0.0535627 0.0532976 0.0528067 0.0516397 0.049117 0.0446176 0.0379945 0.0298354
 0.00449432 0.00735122 0.0111659 0.0159543 0.0216207 0.0278715 0.0341908 0.0399696 0.0447332 0.0482943 0.0507353 0.0522841 0.0531983 0.0537022 0.0539626 0.0540829 0.0541131 0.0540556 0.0538354 0.0532255 0.0517819 0.0489033 0.0440853 0.03728 0.0291087
 0.00465517 0.00762527 0.0115967 0.0165769 0.0224389 0.028831 0.0351692 0.0408035 0.0452797 0.0484923 0.0506237 0.0519655 0.0527787 0.0532543 0.0535283 0.0536973 0.0538135 0.0538624 0.0537208 0.0531022 0.0515333 0.0484432 0.0434109 0.0364795 0.0283179
 0.00479191 0.00786255 0.0119824 0.0171671 0.0232868 0.0299666 0.0365733 0.0423877 0.046886 0.0499198 0.05168 0.052524 0.0528154 0.0528426 0.0527985 0.0527872 0.0528365 0.0528929 0.0527877 0.052187 0.0505859 0.0474196 0.0423155 0.0353809 0.0273221
 0.00492025 0.00807662 0.0123158 0.0176579 0.023974 0.0308827 0.0377329 0.0437766 0.048451 0.051562 0.0532545 0.0538547 0.0537307 0.0532231 0.0526145 0.0521037 0.0517822 0.051612 0.0513974 0.050757 0.0491443 0.0459805 0.0409119 0.0340788 0.026205
 0.00512893 0.00840847 0.0128019 0.0183232 0.0248349 0.0319427 0.0389776 0.0451719 0.0499471 0.0530992 0.0547625 0.0552446 0.0548876 0.0540138 0.0529158 0.0518416 0.0509609 0.0503139 0.0497536 0.0489075 0.0472111 0.0440658 0.0391097 0.0324822 0.0248937
 0.0053136 0.00872593 0.0133106 0.019086 0.0259024 0.0333291 0.0406402 0.0470104 0.0518286 0.0548949 0.056375 0.0566114 0.0559645 0.0547517 0.0532466 0.0516865 0.0502577 0.049051 0.0479894 0.0467655 0.0448571 0.0416803 0.0368663 0.0305277 0.0233274
 0.00547074 0.00899106 0.0137288 0.0197088 0.0267809 0.0345009 0.042112 0.048744 0.0537378 0.0568547 0.0582424 0.058251 0.0572702 0.0556533 0.0536999 0.0516541 0.0497008 0.047941 0.0463362 0.0446446 0.0424174 0.0391266 0.0344219 0.0283886 0.021622
 0.00568373 0.00934641 0.0142805 0.020513 0.0278851 0.0359264 0.0438372 0.0506991 0.0558157 0.0589312 0.0601925 0.059957 0.0586269 0.056574 0.0541219 0.0515382 0.0490241 0.0466936 0.0445319 0.0423453 0.0397567 0.0363115 0.0317009 0.0259945 0.0197128
 0.00592151 0.00973593 0.0148727 0.0213579 0.0290238 0.0373768 0.0455781 0.0526631 0.0578966 0.0610029 0.0621281 0.0616429 0.0599675 0.0574924 0.0545579 0.0514457 0.0483709 0.0454642 0.042738 0.0400452 0.037077 0.0334541 0.0289175 0.0235297 0.0177397
 0.00617701 0.0101542 0.0155074 0.0222606 0.0302333 0.038903 0.0473867 0.0546705 0.0599833 0.0630372 0.0639882 0.0632271 0.061196 0.0583042 0.0549062 0.0512938 0.0476899 0.0442362 0.0409684 0.0377839 0.034441 0.0306357 0.026162 0.0210807 0.0157732
 0.00636099 0.0104737 0.0160258 0.0230489 0.031354 0.0403849 0.0492003 0.0567221 0.0621314 0.0651249 0.0658724 0.0647955 0.0623705 0.0590365 0.0551689 0.0510711 0.04697 0.0430118 0.0392474 0.0356107 0.0319206 0.0279446 0.0235291 0.0187367 0.0138873
 0.00660838 0.0108679 0.0166056 0.0238484 0.0324008 0.0416948 0.0507664 0.0585034 0.0640474 0.0670597 0.067689 0.0663569 0.0635618 0.0597797 0.0554252 0.0508314 0.046241 0.041807 0.03759 0.0335505 0.0295558 0.0254346 0.0210806 0.0165589 0.012135
 0.00686204 0.0112806 0.0172262 0.02472 0.0335492 0.0431129 0.0524022 0.0602621 0.0658124 0.0687212 0.069161 0.0675757 0.0644741 0.0603356 0.0555808 0.0505564 0.0455238 0.0406545 0.0360289 0.0316345 0.0273802 0.0231443 0.0188587 0.0145895 0.0105532
 0.00695927 0.0114594 0.0175336 0.0252129 0.0342816 0.0441153 0.0536615 0.0617146 0.0673554 0.0702361 0.0705385 0.0687309 0.065351 0.0609008 0.0558126 0.0504365 0.0450362 0.0397915 0.034801 0.0300831 0.0255881 0.0212394 0.0170006 0.0129371 0.00922295
 0.00702566 0.0115899 0.0177726 0.0256173 0.0349102 0.0450095 0.0548251 0.0631029 0.0688782 0.071773 0.0719589 0.069916 0.0662128 0.0613917 0.0559233 0.0501823 0.044441 0.0388787 0.0335962 0.0286266 0.0239504 0.0195282 0.0153506 0.0114813 0.00805771
 0.0072156 0.0118868 0.0181983 0.0261874 0.0356349 0.0458941 0.0558658 0.0642791 0.0701451 0.0730589 0.0731703 0.0709503 0.0669756 0.0618145 0.0559739 0.0498641 0.0437836 0.0379249 0.032394 0.027231 0.0224324 0.0179814 0.013886 0.0102059 0.00704618
 0.0073361 0.0120915 0.0185216 0.0266638 0.0362885 0.0467236 0.0568347 0.065319 0.0711763 0.0740141 0.0740064 0.0716421 0.0674997 0.0621392 0.0560618 0.0496845 0.0433243 0.0371978 0.0314332 0.0260893 0.0211803 0.0167058 0.0126824 0.00916221 0.00622169
 0.00733203 0.0120903 0.0185311 0.0266981 0.0363686 0.0468763 0.0570881 0.0656942 0.0716771 0.0746205 0.0746761 0.0723209 0.0681333 0.0626796 0.0564662 0.0499131 0.0433425 0.0369841 0.0309882 0.0254413 0.0203846 0.0158393 0.0118318 0.00840675 0.00561611
 0.00736273 0.0121281 0.0185661 0.0267152 0.0363541 0.0468273 0.0570202 0.065642 0.0716863 0.0747335 0.0749175 0.0726881 0.0685958 0.0631855 0.0569539 0.0503213 0.0436177 0.0370859 0.0308949 0.0251564 0.0199405 0.0152939 0.011258 0.00787555 0.00517917
 0.00750992 0.0123502 0.0188673 0.0270852 0.0367676 0.0472462 0.0573977 0.0659312 0.0718539 0.0747736 0.0748572 0.072578 0.0684902 0.0631218 0.0569407 0.0503386 0.0436264 0.0370407 0.030758 0.0249084 0.0195875 0.0148681 0.0108095 0.00745801 0.00483403
 0.00751785 0.0123798 0.0189416 0.0272333 0.0370136 0.0475939 0.0578186 0.0663666 0.0722315 0.0750325 0.0749676 0.0725481 0.0683595 0.0629447 0.0567672 0.0501986 0.0435224 0.036951 0.0306489 0.0247492 0.0193644 0.0145902 0.0105058 0.00716624 0.00458686
 0.00752197 0.0123749 0.0189146 0.0271692 0.0369055 0.047454 0.0576838 0.0662885 0.0722539 0.0751677 0.0751878 0.0727987 0.068585 0.0631118 0.0568724 0.0502596 0.0435604 0.0369766 0.0306565 0.0247232 0.0192904 0.0144665 0.0103467 0.00699705 0.00443344
 0.0077202 0.0126608 0.0192765 0.0275709 0.0372935 0.0477721 0.0578884 0.0663593 0.0721992 0.0750229 0.0750035 0.0726215 0.0684397 0.0629966 0.0567692 0.0501509 0.0434402 0.0368489 0.0305272 0.024593 0.0191554 0.0143236 0.0101995 0.00685593 0.0043114
 0.00771246 0.0126532 0.0192731 0.0275747 0.0373014 0.0477692 0.0578466 0.0662468 0.0719976 0.0747444 0.0746958 0.0723543 0.0682783 0.0629773 0.0568877 0.0503689 0.0437047 0.0371112 0.030754 0.024767 0.0192711 0.0143835 0.0102127 0.00683702 0.00427681
 0.00774825 0.0127172 0.0193799 0.0277406 0.0375393 0.0480801 0.0582116 0.0666228 0.0723234 0.0749546 0.0747411 0.0722206 0.0679953 0.0626101 0.0565137 0.0500507 0.0434723 0.0369622 0.0306655 0.0247112 0.0192261 0.0143372 0.0101621 0.006785 0.00422896
 0.00771282 0.0126485 0.0192572 0.0275419 0.0372515 0.0477129 0.0578062 0.0662473 0.0720507 0.0748347 0.0747819 0.0723877 0.0682306 0.0628578 0.0567405 0.050251 0.0436583 0.037147 0.0308512 0.024888 0.0193786 0.0144535 0.0102385 0.00682633 0.00424518
 0.00788049 0.0128917 0.0195676 0.0278901 0.0375911 0.0479911 0.0579757 0.0662771 0.0719363 0.0746028 0.074485 0.0720861 0.0679707 0.0626582 0.0565945 0.050141 0.0435707 0.0370785 0.0308048 0.0248647 0.0193737 0.0144577 0.0102431 0.00682657 0.00424073
 0.00779032 0.0127707 0.0194318 0.0277669 0.0375082 0.0479596 0.0579794 0.0662773 0.0718904 0.0744878 0.0743114 0.0718945 0.0678143 0.0625811 0.0566156 0.0502509 0.0437409 0.0372753 0.031001 0.0250438 0.0195268 0.0145808 0.0103347 0.00688848 0.00427794
 0.00781775 0.0128089 0.0194787 0.0278197 0.037568 0.0480356 0.0580882 0.0664323 0.0720868 0.0746927 0.0744698 0.0719524 0.067746 0.0624022 0.056375 0.050007 0.0435381 0.0371333 0.0309175 0.0250047 0.0195158 0.0145845 0.0103437 0.00689725 0.00428396
 0.00782599 0.0127958 0.0194108 0.0276519 0.0372577 0.0475659 0.0574866 0.0657747 0.07148 0.0742424 0.0742478 0.0719759 0.0679766 0.0627662 0.0567938 0.0504232 0.0439243 0.0374841 0.031235 0.0252881 0.0197601 0.0147834 0.0104948 0.00700305 0.00435177
 0.00790415 0.0129074 0.0195482 0.0277934 0.0373675 0.0475979 0.057393 0.0655203 0.0710608 0.0737003 0.0736688 0.0714676 0.0676318 0.0626318 0.0568604 0.0506393 0.0442232 0.0378084 0.0315475 0.0255694 0.0200012 0.01498 0.0106455 0.00711029 0.00442179
 0.0078402 0.0128234 0.019458 0.02772 0.0373338 0.0476125 0.0574397 0.0655586 0.0710389 0.073576 0.0734297 0.0711411 0.0672811 0.0623363 0.0566879 0.0506226 0.0443529 0.0380432 0.031834 0.0258606 0.0202649 0.0151991 0.0108142 0.00723063 0.00450077
 0.00777886 0.0127277 0.0193228 0.0275466 0.0371334 0.0474087 0.0572669 0.0654524 0.0710195 0.0736338 0.0735238 0.0712163 0.0672952 0.0622817 0.0565953 0.0505445 0.0443376 0.0381137 0.0319828 0.026058 0.0204746 0.0153911 0.0109708 0.00734597 0.00457795
 0.00785948 0.0128321 0.0194306 0.0276231 0.0371401 0.0473196 0.0570829 0.0652043 0.0707588 0.0734138 0.0733811 0.071159 0.067302 0.062315 0.0566216 0.0505516 0.0443378 0.0381328 0.0320418 0.0261609 0.0206079 0.0155319 0.0110977 0.00744613 0.00464811
 0.00855278 0.0138063 0.0206132 0.0288486 0.0381937 0.0480104 0.0573052 0.0649585 0.0701323 0.0725441 0.0724192 0.0702387 0.0665172 0.0617073 0.0561845 0.050249 0.044129 0.0379898 0.0319527 0.0261224 0.0206141 0.0155702 0.0111511 0.00749906 0.00469078
 0.00925063 0.0149228 0.022249 0.0310556 0.0409306 0.0510922 0.0603812 0.0675634 0.0718196 0.073044 0.0717287 0.0685963 0.0642888 0.0592577 0.0537926 0.0480817 0.0422581 0.0364265 0.0306807 0.0251176 0.0198509 0.0150194 0.0107773 0.0072626 0.00455221
 0.00921918 0.0149691 0.0224986 0.0316848 0.0421192 0.0529465 0.0628589 0.0704412 0.0747227 0.0755298 0.0733978 0.069198 0.0637863 0.057825 0.0517431 0.0457633 0.0399627 0.0343467 0.0289124 0.0236875 0.018746 0.0142063 0.0102116 0.006894 0.00432925
 0.00903047 0.0146864 0.0221244 0.031255 0.0417162 0.0527063 0.0629602 0.0710614 0.0759627 0.0773371 0.0755365 0.0712959 0.0654471 0.0587557 0.0518387 0.0451159 0.0388014 0.0329448 0.0275067 0.0224365 0.0177273 0.0134361 0.00966832 0.00653698 0.00411189
 0.00883906 0.0143781 0.0216678 0.0306286 0.0409204 0.0517814 0.0620038 0.0702321 0.0754581 0.0773442 0.0761661 0.0725248 0.0670962 0.0605252 0.0533963 0.0462039 0.039311 0.0329264 0.0271195 0.0218718 0.0171452 0.012936 0.00929055 0.00628021 0.00395337
 0.00875289 0.0142278 0.021423 0.0302551 0.040389 0.0510822 0.061161 0.0693131 0.074572 0.0766292 0.0757683 0.0725663 0.0676344 0.0615155 0.0546821 0.0475501 0.0404774 0.0337457 0.0275424 0.0219585 0.017017 0.0127177 0.00907269 0.00610851 0.00383815
 0.00875452 0.014227 0.0214141 0.0302277 0.0403263 0.0509607 0.0609535 0.0689967 0.0741403 0.0761063 0.0752176 0.0720864 0.0673394 0.0615015 0.0549879 0.0481314 0.0412105 0.0344679 0.0281117 0.0223016 0.0171416 0.012688 0.00896856 0.00599323 0.00374566
 0.00873181 0.0142017 0.0213969 0.0302343 0.040371 0.0510471 0.0610666 0.0691016 0.0741904 0.0760577 0.0750455 0.0717996 0.0669864 0.0611636 0.0547569 0.0480761 0.0413465 0.0347474 0.0284427 0.0225885 0.0173236 0.0127552 0.00895103 0.00593506 0.00368289
 0.00874229 0.0142157 0.0214132 0.0302513 0.0403898 0.0510734 0.0611108 0.0691734 0.0742894 0.0761661 0.0751286 0.0718167 0.0669099 0.0609957 0.0545354 0.0478634 0.0412046 0.0347108 0.028503 0.0227019 0.0174356 0.0128271 0.00897243 0.00591891 0.00365055
 0.00871942 0.0141836 0.0213742 0.0302104 0.0403529 0.0510452 0.0610935 0.0691681 0.0742984 0.0761932 0.0751753 0.0718768 0.0669662 0.0610255 0.0545228 0.0478107 0.0411351 0.0346576 0.028491 0.0227341 0.0174936 0.0128846 0.0090101 0.00593196 0.00364577
 0.00873523 0.0142094 0.0214131 0.0302656 0.0404265 0.0511374 0.061201 0.0692828 0.0744085 0.0762851 0.0752375 0.0719024 0.066954 0.0609773 0.0544413 0.0477004 0.0410053 0.0345247 0.0283748 0.0226498 0.0174444 0.0128618 0.00900035 0.00592455 0.00363654
 0.00864011 0.0140542 0.0211796 0.0299395 0.0400042 0.0506345 0.0606588 0.0687661 0.0739911 0.076029 0.0751756 0.0720323 0.0672427 0.0613734 0.0548881 0.0481472 0.0414149 0.0348764 0.0286636 0.022881 0.0176269 0.0130028 0.00910406 0.00599488 0.00367909
 0.00855999 0.0139423 0.0210443 0.0297978 0.0398743 0.0505254 0.0605641 0.068668 0.0738732 0.0758899 0.0750346 0.0719224 0.0671966 0.0614096 0.0550045 0.0483236 0.0416217 0.0350844 0.0288517 0.0230384 0.0177517 0.0130977 0.00917311 0.00604204 0.00370854
 0.00869701 0.0141295 0.0212614 0.0300062 0.0400311 0.0506027 0.0605621 0.0686111 0.0737913 0.0757996 0.0749328 0.0717974 0.0670446 0.0612438 0.0548505 0.0482062 0.0415534 0.0350626 0.0288628 0.0230666 0.0177843 0.0131273 0.00919673 0.00605912 0.0037197
 0.00865928 0.0141016 0.0212786 0.0301152 0.0402696 0.050972 0.0610108 0.0690457 0.0741136 0.0759485 0.0749035 0.0716295 0.0667932 0.0609563 0.0545602 0.0479364 0.0413217 0.0348803 0.0287326 0.0229823 0.0177347 0.0131007 0.00918355 0.0060531 0.00371716
 0.00872996 0.0141973 0.0213893 0.0302255 0.0403695 0.0510703 0.0611378 0.0692386 0.0743879 0.0762756 0.0752135 0.071841 0.0668509 0.0608525 0.0543289 0.0476322 0.040998 0.0345778 0.0284761 0.022782 0.0175896 0.0130025 0.00912116 0.00601577 0.00369612
 0.00831141 0.0135908 0.020613 0.0293424 0.0394688 0.050238 0.0604378 0.0687135 0.0740729 0.0762057 0.075413 0.0723015 0.0675171 0.0616303 0.0551153 0.0483468 0.0415995 0.0350604 0.0288543 0.0230761 0.0178166 0.0131745 0.00924666 0.00610223 0.00375146
#obs surv len freq
 nan nan nan nan nan nan nan nan nan nan nan nan nan nan nan nan nan nan nan nan nan nan nan nan nan
 0.00448423 0.00734557 0.0111758 0.0159928 0.0216946 0.0279714 0.0342865 0.0400185 0.044698 0.0481612 0.0505179 0.0520124 0.0529033 0.0534145 0.0537277 0.0539819 0.0542599 0.0545523 0.0546908 0.0542826 0.0527206 0.049353 0.0438031 0.0362836 0.0276679
 0.00461031 0.00755311 0.0114926 0.0164454 0.0223016 0.0287337 0.0351775 0.0409808 0.0456521 0.0490205 0.0512058 0.0524731 0.0531079 0.0533612 0.0534379 0.0534921 0.0536133 0.0537914 0.0538546 0.053408 0.0518463 0.0485217 0.0430592 0.0356648 0.0271949
 0.00477991 0.00782843 0.0119063 0.0170279 0.0230755 0.0297051 0.0363252 0.0422514 0.0469639 0.0502758 0.0523047 0.053326 0.0536458 0.0535431 0.0532546 0.0529646 0.0527862 0.0527238 0.0526126 0.0520618 0.0504711 0.0471979 0.0418666 0.0346691 0.0264325
 0.00497403 0.00814643 0.0123893 0.0177153 0.0239973 0.0308693 0.0377056 0.0437834 0.0485538 0.0518177 0.0536953 0.0544726 0.0544684 0.0539781 0.0532601 0.0525265 0.0519218 0.0514807 0.0510654 0.0503071 0.0486241 0.0453858 0.0402152 0.0332812 0.0253658
 0.00518716 0.00849741 0.0129259 0.018485 0.0250383 0.0321954 0.0392913 0.0455583 0.0504115 0.0536359 0.0553549 0.055869 0.0555155 0.0546076 0.0534209 0.0521864 0.0510722 0.0501445 0.0493033 0.0482223 0.0463602 0.0431151 0.0381148 0.0314991 0.0239881
 0.00541847 0.00887404 0.0134942 0.0192894 0.026114 0.0335567 0.0409178 0.0473884 0.0523489 0.0555646 0.0571556 0.0574307 0.0567411 0.0554167 0.0537503 0.0519899 0.0503233 0.0488436 0.0474902 0.0459898 0.0438599 0.0405478 0.035699 0.0294244 0.022371
 0.00565955 0.00927112 0.0141012 0.0201594 0.0272884 0.0350483 0.0426949 0.0493699 0.0544183 0.0575937 0.0590256 0.0590404 0.0580066 0.0562672 0.0541255 0.0518394 0.0496093 0.0475496 0.0456369 0.0436541 0.0411896 0.0377568 0.0330339 0.0271093 0.020551
 0.00588966 0.00964698 0.0146707 0.0209692 0.0283769 0.0364327 0.0443566 0.0512475 0.0564133 0.059587 0.0608957 0.0606771 0.0593177 0.0571796 0.0545812 0.05179 0.0490145 0.0463828 0.0439019 0.0414091 0.0385675 0.0349664 0.0303297 0.0247318 0.0186643
 0.00614236 0.0100607 0.0152985 0.0218618 0.0295721 0.0379396 0.0461401 0.0532241 0.058465 0.0615857 0.0627238 0.0622373 0.0605333 0.0579908 0.0549411 0.0516606 0.0483635 0.0451869 0.0421607 0.0391691 0.0359471 0.0321629 0.0275939 0.0223095 0.0167294
 0.0063843 0.0104587 0.0159062 0.0227321 0.0307465 0.0394315 0.0479178 0.0552047 0.0605259 0.0635887 0.0645394 0.0637596 0.0616849 0.0587207 0.055217 0.0514607 0.0476697 0.0439858 0.0404547 0.0369993 0.0334187 0.0294564 0.0249445 0.0199534 0.0148385
 0.00662327 0.0108495 0.0164985 0.0235739 0.0318749 0.0408585 0.0496148 0.0570965 0.0624998 0.0655147 0.066291 0.065228 0.0627864 0.0593985 0.0554393 0.0512132 0.0469477 0.0427905 0.0387992 0.034927 0.0310265 0.0269074 0.0224521 0.0177349 0.013054
 0.0068213 0.0111784 0.0170065 0.0243099 0.0328789 0.0421453 0.0511587 0.0588259 0.0643085 0.0672827 0.067904 0.0665885 0.0638174 0.0600438 0.0556626 0.0509954 0.0462837 0.0416858 0.0372741 0.0330288 0.0288471 0.0245942 0.020195 0.0157265 0.0114373
 0.00706661 0.0115741 0.017596 0.0251317 0.033959 0.0434859 0.0527255 0.0605437 0.0660693 0.0689654 0.0693947 0.0677939 0.0646709 0.0605053 0.0557137 0.0506335 0.0455156 0.0405264 0.0357504 0.0311909 0.0267832 0.0224377 0.0181139 0.0138883 0.00996442
 0.00726219 0.0118996 0.0180995 0.0258611 0.0349504 0.0447465 0.0542175 0.0621812 0.0677343 0.0705338 0.0707585 0.068872 0.0654091 0.0608727 0.0556985 0.0502385 0.0447539 0.0394193 0.0343297 0.0295078 0.0249199 0.0205129 0.0162726 0.0122726 0.0086758
 0.0074065 0.0121392 0.0184698 0.0263991 0.0356888 0.0457026 0.0553803 0.0635046 0.0691392 0.0719203 0.0720214 0.0699165 0.0661623 0.0612892 0.0557594 0.0499456 0.0441229 0.038475 0.0331072 0.0280588 0.0233209 0.0188688 0.0147075 0.0109051 0.00758901
 0.00753256 0.0123393 0.0187624 0.0267996 0.0362087 0.0463475 0.0561464 0.0643749 0.0700829 0.0728934 0.072969 0.0707755 0.0668666 0.0617776 0.0559843 0.0498788 0.0437565 0.0378202 0.0321926 0.0269319 0.0220516 0.0175501 0.0134459 0.00980075 0.00671094
 0.00760336 0.0124553 0.0189384 0.0270496 0.0365429 0.0467681 0.0566443 0.0649305 0.0706713 0.073492 0.0735597 0.0713408 0.0673823 0.0622082 0.0562847 0.0500021 0.0436644 0.0374922 0.0316314 0.0261664 0.0211378 0.0165674 0.0124863 0.00895049 0.00603003
 0.00765524 0.0125334 0.0190447 0.0271833 0.0367021 0.0469527 0.0568574 0.0651764 0.0709532 0.0738083 0.073904 0.0717022 0.0677462 0.0625548 0.0565863 0.0502219 0.0437608 0.0374273 0.0313825 0.0257359 0.0205581 0.0158981 0.0118035 0.00832851 0.00552314
 0.00771037 0.0126168 0.0191584 0.0273245 0.0368635 0.0471238 0.0570262 0.0653328 0.0710921 0.073933 0.0740253 0.0718338 0.0678979 0.0627268 0.0567666 0.0503867 0.0438769 0.0374575 0.0312946 0.0255137 0.0202102 0.0154607 0.0113323 0.00788368 0.00515185
 0.00777768 0.0127175 0.0192936 0.0274889 0.0370465 0.0473116 0.0572036 0.0654849 0.0712068 0.0740049 0.074058 0.0718402 0.067896 0.0627342 0.0567933 0.0504304 0.0439218 0.0374766 0.0312572 0.0253957 0.0200042 0.0151819 0.0110158 0.00757326 0.00488551
 0.00781541 0.0127802 0.01939 0.0276264 0.037228 0.0475309 0.0574429 0.0657161 0.0713994 0.074135 0.0741158 0.0718312 0.0678372 0.0626482 0.0567021 0.0503496 0.043856 0.037418 0.0311878 0.0252946 0.0198575 0.0149906 0.0107972 0.00735517 0.00469487
 0.0078386 0.0128131 0.019431 0.0276721 0.0372754 0.0475804 0.0574992 0.0657858 0.0714857 0.0742336 0.0742139 0.0719123 0.0678884 0.0626654 0.0566907 0.050321 0.0438212 0.0373818 0.0311467 0.0252383 0.0197757 0.0148795 0.0106643 0.00721671 0.00456941
 0.00786765 0.0128548 0.0194836 0.0277298 0.03733 0.0476233 0.0575243 0.0657918 0.0714772 0.0742204 0.0742076 0.071921 0.0679127 0.062698 0.0567214 0.0503418 0.0438291 0.0373776 0.0311311 0.0252095 0.0197299 0.0148147 0.0105839 0.00713015 0.00448852
 0.00789483 0.0128971 0.0195431 0.0278066 0.0374209 0.0477209 0.057617 0.0658656 0.0715196 0.0742253 0.0741785 0.0718699 0.0678552 0.0626473 0.0566839 0.0503163 0.04381 0.0373589 0.0311079 0.0251788 0.0196895 0.0147644 0.0105259 0.00706977 0.00443278
 0.00789076 0.0128885 0.0195269 0.0277792 0.0373798 0.0476669 0.0575553 0.0658049 0.0714693 0.0741918 0.0741639 0.0718726 0.0678732 0.0626794 0.0567297 0.0503742 0.0438757 0.0374252 0.0311669 0.0252236 0.0197161 0.0147718 0.0105168 0.00704954 0.00440818
 0.00789639 0.0128929 0.0195247 0.0277625 0.0373402 0.047599 0.0574598 0.0656901 0.0713493 0.0740836 0.0740829 0.071829 0.0678703 0.0627141 0.0567943 0.0504596 0.0439728 0.0375253 0.0312615 0.025305 0.0197785 0.0148128 0.0105375 0.00705451 0.00440342
 0.00789138 0.0128835 0.0195081 0.0277348 0.0372967 0.0475354 0.0573734 0.0655816 0.0712246 0.0739539 0.073964 0.0717382 0.0678217 0.0627148 0.0568431 0.0505479 0.0440877 0.0376526 0.031388 0.0254198 0.0198736 0.014884 0.0105848 0.00708124 0.00441528
 0.00787288 0.0128543 0.0194657 0.0276776 0.0372241 0.0474481 0.0572741 0.0654747 0.0711158 0.0738498 0.0738714 0.071665 0.0677763 0.0627051 0.0568741 0.0506196 0.0441936 0.0377812 0.0315252 0.0255517 0.0199891 0.014976 0.0106511 0.00712399 0.0044395
 0.00787729 0.0128548 0.0194543 0.0276431 0.0371557 0.0473407 0.0571319 0.0653119 0.0709521 0.0737041 0.0737573 0.0715895 0.067741 0.0627092 0.0569158 0.0506962 0.0443009 0.0379116 0.0316681 0.0256942 0.020119 0.0150842 0.0107331 0.00718017 0.00447407
 0.00784792 0.0128101 0.0193923 0.0275634 0.0370579 0.0472238 0.0569947 0.0651552 0.0707824 0.0735352 0.0736087 0.0714813 0.0676881 0.0627169 0.0569804 0.0508079 0.0444475 0.0380805 0.0318463 0.0258691 0.0202785 0.0152188 0.0108374 0.00725404 0.00452146
 0.00782768 0.0127737 0.0193315 0.0274692 0.036924 0.0470506 0.0567922 0.0649423 0.0705809 0.0733632 0.0734779 0.0713974 0.0676543 0.0627357 0.0570522 0.0509289 0.0446085 0.0382685 0.0320464 0.0260661 0.020459 0.0153723 0.010958 0.00734091 0.00457847
 0.00780055 0.0127281 0.0192602 0.0273643 0.0367788 0.046862 0.0565643 0.0646883 0.0703222 0.0731265 0.0732891 0.071276 0.06761 0.0627683 0.0571537 0.0510873 0.0448099 0.0384975 0.0322868 0.0263014 0.020674 0.0155552 0.0111022 0.00744552 0.00464783
 0.00776478 0.012672 0.0191793 0.0272557 0.036641 0.0466958 0.0563733 0.0644795 0.070107 0.0729196 0.0731073 0.0711372 0.06753 0.0627575 0.0572149 0.0512149 0.0449915 0.0387166 0.0325248 0.0265397 0.0208956 0.0157466 0.011255 0.00755769 0.00472309
 0.00774615 0.0126377 0.0191207 0.0271626 0.0365054 0.0465156 0.0561563 0.0642431 0.0698733 0.0727097 0.0729367 0.0710153 0.0674626 0.0627484 0.0572663 0.0513258 0.0451559 0.0389228 0.0327564 0.0267777 0.0211214 0.0159446 0.0114152 0.00767663 0.00480371
 0.00933679 0.0148662 0.0218141 0.0299389 0.0388835 0.0480926 0.0567475 0.0639103 0.0688459 0.0712673 0.071322 0.0693993 0.0659486 0.0613906 0.0560887 0.050335 0.0443488 0.0382895 0.032281 0.0264392 0.0208949 0.0158038 0.0113349 0.00763541 0.0047851
 0.00932624 0.0151405 0.0227404 0.031972 0.0423678 0.0529942 0.0624851 0.0694485 0.0730625 0.073395 0.0712012 0.0674218 0.0627863 0.0577085 0.0523787 0.0468885 0.0413048 0.0356967 0.0301419 0.0247323 0.0195841 0.0148418 0.0106655 0.00719755 0.00451821
 0.00897932 0.0145979 0.0219853 0.0310591 0.0414751 0.0524564 0.0627518 0.0709238 0.0758615 0.0771642 0.0751631 0.0706685 0.0646567 0.0580164 0.0513831 0.04508 0.0391754 0.0336059 0.0282929 0.023209 0.0183982 0.0139666 0.0100556 0.0067987 0.00427542
 0.00879761 0.0142923 0.0215073 0.0303613 0.0405304 0.0512915 0.0614893 0.069808 0.0752358 0.0773744 0.0764025 0.0728349 0.0673235 0.0605715 0.0532741 0.046024 0.0392136 0.0330037 0.0273787 0.022251 0.017558 0.0133105 0.00958735 0.00649052 0.00408813
 0.00873241 0.0141762 0.0213131 0.030055 0.0400763 0.050663 0.0606838 0.0688649 0.0742535 0.0765193 0.0758942 0.0728903 0.0680629 0.0619286 0.0549775 0.0476847 0.0404817 0.0337008 0.0275319 0.0220272 0.0171594 0.0128962 0.00924518 0.00624731 0.00393459
 0.00870533 0.0141312 0.0212428 0.0299496 0.0399226 0.0504439 0.0603802 0.068461 0.073746 0.0759317 0.0752916 0.0723852 0.0677992 0.0620352 0.0555036 0.048552 0.0414943 0.0346203 0.0281768 0.0223368 0.0171887 0.0127601 0.00905515 0.00607587 0.00381085
 0.00869833 0.0141181 0.0212197 0.0299117 0.0398641 0.0503592 0.0602641 0.0683074 0.0735476 0.075681 0.0749876 0.0720452 0.0674701 0.0617945 0.0554393 0.0487241 0.0418948 0.0351619 0.0287237 0.0227648 0.0174358 0.0128374 0.00902114 0.0059963 0.00373208
 0.00868144 0.0140946 0.0211916 0.0298827 0.039838 0.0503373 0.0602431 0.0682797 0.0735027 0.0756083 0.0748783 0.0718956 0.0672863 0.0615989 0.0552738 0.0486417 0.0419388 0.0353398 0.0289959 0.0230582 0.0176773 0.0129862 0.00907831 0.00599135 0.0037003
 0.00868628 0.0141001 0.0211956 0.0298822 0.0398307 0.0503231 0.0602251 0.0682624 0.073489 0.0755959 0.0748593 0.0718584 0.0672211 0.0615039 0.0551599 0.0485339 0.0418704 0.0353391 0.0290705 0.0231879 0.0178226 0.0131074 0.00915358 0.00602138 0.0037003
 0.00870114 0.014125 0.0212341 0.0299372 0.0399028 0.0504087 0.0603151 0.0683438 0.0735488 0.0756254 0.0748554 0.0718224 0.0671555 0.0614114 0.0550449 0.0484064 0.041748 0.0352434 0.0290192 0.0231855 0.0178572 0.0131569 0.00919663 0.00604681 0.00370832
 0.00865915 0.0140628 0.021152 0.0298402 0.0397999 0.0503113 0.0602354 0.0682925 0.0735325 0.0756443 0.0749031 0.071888 0.0672267 0.0614771 0.0550972 0.0484418 0.0417683 0.0352565 0.0290358 0.0232143 0.0178999 0.0132069 0.00924339 0.00608193 0.00372914
 0.00866351 0.0140643 0.0211444 0.0298149 0.0397494 0.0502338 0.060138 0.068191 0.0734462 0.0755893 0.0748872 0.0719091 0.0672755 0.0615405 0.0551624 0.0484992 0.041813 0.0352889 0.0290606 0.0232378 0.0179266 0.013237 0.00927345 0.00610717 0.00374668
 0.00865053 0.0140469 0.0211246 0.0297959 0.0397335 0.0502195 0.0601194 0.0681602 0.0733982 0.0755273 0.0748227 0.071858 0.0672506 0.0615468 0.0551957 0.0485491 0.0418682 0.0353405 0.0291047 0.0232747 0.0179584 0.0132656 0.00929887 0.00612812 0.00376196
 0.00862733 0.0140087 0.0210666 0.0297145 0.0396281 0.0500954 0.0599882 0.068038 0.0733004 0.075463 0.0747931 0.0718594 0.0672787 0.0615993 0.055271 0.0486434 0.0419739 0.035448 0.029205 0.0233617 0.0180299 0.0133221 0.00934184 0.00615928 0.00378305
 0.00863666 0.0140215 0.0210811 0.0297273 0.0396341 0.0500888 0.0599644 0.067995 0.0732403 0.0753927 0.0747226 0.0717983 0.0672341 0.0615745 0.0552666 0.0486583 0.0420059 0.0354928 0.0292568 0.0234141 0.0180778 0.0133623 0.00937319 0.0061822 0.00379864
 0.00863666 0.0140215 0.0210811 0.0297273 0.0396341 0.0500888 0.0599644 0.067995 0.0732403 0.0753927 0.0747226 0.0717983 0.0672341 0.0615745 0.0552666 0.0486583 0.0420059 0.0354928 0.0292568 0.0234141 0.0180778 0.0133623 0.00937319 0.0061822 0.00379864
 0.00856266 0.0139071 0.0209203 0.0295193 0.0393842 0.0498095 0.0596756 0.0677229 0.0730132 0.0752344 0.0746479 0.0718109 0.0673276 0.061735 0.0554754 0.0488956 0.0422528 0.0357337 0.0294792 0.0236092 0.01824 0.0134896 0.00946707 0.00624677 0.00383984
#pred catch len freq
 0.00323795 0.0052466 0.00789776 0.0112295 0.0152785 0.0200344 0.0253784 0.0310707 0.0367981 0.042238 0.0471057 0.0511905 0.054384 0.0566867 0.0581867 0.0590302 0.059398 0.0594698 0.0593385 0.0588736 0.0576101 0.0548117 0.0497967 0.042407 0.033301
 0.00338184 0.00543732 0.00810696 0.0114092 0.0153808 0.0200381 0.0253054 0.0309756 0.0367351 0.0422274 0.0471238 0.0511926 0.0543443 0.0566285 0.0581821 0.0591678 0.0597319 0.0599744 0.0598938 0.0592965 0.0577255 0.0545321 0.0491655 0.0415781 0.0324654
 0.00354394 0.00570128 0.00850117 0.0119503 0.0160585 0.0208004 0.026055 0.0315923 0.0371214 0.0423507 0.0470247 0.0509518 0.0540369 0.0563003 0.0578614 0.0588888 0.0595386 0.0598934 0.0598968 0.0592867 0.0575714 0.0541344 0.0485168 0.0407722 0.0316508
 0.00368273 0.00593222 0.00886023 0.0124782 0.0167965 0.0217778 0.0272685 0.032984 0.0385671 0.0436735 0.0480394 0.0515242 0.0541279 0.0559682 0.0572251 0.0580799 0.0586682 0.059036 0.0590802 0.0584872 0.0567286 0.0531926 0.0474728 0.039695 0.0306542
 0.00382259 0.00615783 0.00919824 0.0129572 0.0174476 0.0226333 0.0283551 0.0343092 0.0401021 0.0453359 0.0496852 0.0529621 0.0551613 0.0564529 0.0571149 0.0574352 0.0576232 0.0577451 0.0576698 0.0570318 0.0552557 0.0517134 0.0460183 0.0383343 0.0294779
 0.00403525 0.00649 0.00967401 0.0135929 0.0182538 0.023616 0.0295147 0.0356367 0.0415754 0.0469147 0.0513029 0.0545164 0.0565108 0.0574322 0.0575711 0.0572741 0.0568423 0.0564325 0.05597 0.0550994 0.0532248 0.0496937 0.0441103 0.0366373 0.0280787
 0.00422641 0.00680526 0.010157 0.0142875 0.0191963 0.0248224 0.0309675 0.037281 0.0433282 0.0486829 0.0529989 0.0560619 0.057829 0.0584352 0.0581543 0.0573285 0.0562859 0.0552458 0.0542158 0.0529145 0.0507917 0.0472096 0.0417626 0.0345841 0.0264277
 0.00442766 0.00712964 0.0106419 0.0149712 0.0201167 0.0260121 0.0324418 0.0390223 0.0452742 0.0507253 0.0549972 0.0578693 0.0593193 0.0595157 0.0587589 0.0574008 0.0557716 0.0541063 0.0524593 0.0506246 0.0481352 0.0444156 0.0390805 0.0322325 0.0245503
 0.00466024 0.00750469 0.0112018 0.0157562 0.0211618 0.0273396 0.0340512 0.0408818 0.0473182 0.052858 0.057098 0.0598013 0.0609427 0.0607057 0.0594199 0.0574693 0.055209 0.0528941 0.0506091 0.0482042 0.0452933 0.0413831 0.036134 0.0296314 0.0224715
 0.00491653 0.0079132 0.0118028 0.0165859 0.0222502 0.0287063 0.0356953 0.0427717 0.0493863 0.055004 0.0591989 0.0617248 0.0625606 0.061904 0.0601045 0.057568 0.0546716 0.0516953 0.0487583 0.0457655 0.0424089 0.0382795 0.033094 0.02693 0.0203038
 0.0051944 0.00835563 0.0124524 0.0174787 0.0234132 0.0301513 0.0374092 0.0447087 0.0514673 0.057124 0.0612382 0.0635606 0.0640777 0.063003 0.060705 0.0576079 0.0541047 0.050494 0.0469251 0.0433559 0.039555 0.035199 0.0300643 0.0242269 0.0181278
 0.00541911 0.00872577 0.0130192 0.018295 0.0245258 0.0315867 0.0391575 0.0467128 0.0536262 0.0593068 0.0633034 0.0653741 0.0655262 0.0640011 0.0611941 0.0575491 0.0534715 0.0492706 0.0451175 0.0410137 0.036798 0.0322284 0.0271413 0.0216149 0.0160212
 0.00568631 0.00914384 0.0136202 0.0191037 0.0255632 0.0328712 0.0406986 0.0484968 0.0556002 0.0613713 0.065319 0.0671834 0.0669829 0.0649942 0.0616567 0.0574519 0.0528087 0.0480495 0.0433608 0.038777 0.0341937 0.0294395 0.0244049 0.019172 0.0140505
 0.00593328 0.00953737 0.0141978 0.0198958 0.0265887 0.0341315 0.0421704 0.0501301 0.0573249 0.0631072 0.0669819 0.0686837 0.0682251 0.0658821 0.0621069 0.0574061 0.0522386 0.0469555 0.0417701 0.0367506 0.0318415 0.0269289 0.0219476 0.0169808 0.0122835
 0.00609565 0.00980733 0.0146158 0.0205049 0.0274277 0.0352227 0.0435052 0.0516602 0.0589652 0.06475 0.0685154 0.0700098 0.0692682 0.066589 0.0624391 0.0573323 0.0517342 0.0460083 0.0403915 0.0349886 0.0297927 0.0247424 0.0198094 0.015076 0.0107484
 0.00622591 0.0100282 0.0149663 0.02103 0.0281724 0.0362207 0.0447633 0.0531458 0.060602 0.0664242 0.0700916 0.0713542 0.0702729 0.0671885 0.0626113 0.0570857 0.0510903 0.0449905 0.0390279 0.0333257 0.0279129 0.0227716 0.0179048 0.0133933 0.0094
 0.00642472 0.0103352 0.0153997 0.0216007 0.0288885 0.0370914 0.0457976 0.0543419 0.0619333 0.0678284 0.0714707 0.072587 0.0712391 0.0677926 0.0627995 0.0568483 0.0504518 0.0439948 0.037728 0.0317851 0.0262144 0.0210253 0.0162411 0.0119383 0.00824273
 0.00652135 0.0104978 0.0156546 0.0219751 0.0294049 0.0377587 0.0466037 0.0552547 0.0629098 0.0688248 0.072446 0.0734965 0.0720258 0.0683872 0.0631312 0.056862 0.0501215 0.0433283 0.0367627 0.0305826 0.0248585 0.019619 0.0148984 0.0107646 0.00731029
 0.00651374 0.0104909 0.0156558 0.0219987 0.029473 0.0379014 0.0468542 0.0556408 0.0634417 0.0694869 0.0731966 0.0742777 0.0727757 0.0690469 0.0636449 0.0571762 0.0501898 0.0431213 0.0362788 0.0298541 0.0239502 0.0186217 0.0139146 0.00988811 0.00660619
 0.00655965 0.0105533 0.0157275 0.0220664 0.0295231 0.0379281 0.0468671 0.0556666 0.0635188 0.0696541 0.0734796 0.0746779 0.0732664 0.0695775 0.0641515 0.0575929 0.0504568 0.0431923 0.0361286 0.0294862 0.0234018 0.0179603 0.0132251 0.00925302 0.00608547
 0.00668193 0.0107359 0.0159712 0.0223597 0.0298426 0.0382423 0.0471413 0.0558697 0.0636328 0.0696835 0.0734535 0.0746418 0.0732645 0.0696359 0.0642671 0.0577344 0.0505744 0.0432315 0.036045 0.0292576 0.0230366 0.0174976 0.0127255 0.00878133 0.00569219
 0.00667499 0.0107391 0.0160024 0.0224429 0.03 0.0384821 0.0474483 0.0562041 0.0639415 0.0699172 0.0735833 0.074668 0.073215 0.0695542 0.0641956 0.0576967 0.0505669 0.0432255 0.0359998 0.0291377 0.0228268 0.0172103 0.0123966 0.00845737 0.0054137
 0.00668695 0.0107489 0.0160008 0.0224191 0.0299497 0.0384164 0.0473969 0.0562073 0.0640307 0.0700952 0.0738187 0.074908 0.0734099 0.069678 0.0642521 0.0577097 0.0505618 0.0432141 0.0359747 0.0290795 0.0227181 0.0170483 0.0121974 0.00824991 0.00522769
 0.00678216 0.0108796 0.0161523 0.0225619 0.0300462 0.0384339 0.0473209 0.0560493 0.0638279 0.0699019 0.0736887 0.0748751 0.0734739 0.0698077 0.064402 0.057842 0.050658 0.0432724 0.0359989 0.0290703 0.0226721 0.0169647 0.0120843 0.00812428 0.00510944
 0.00681478 0.0109316 0.0162272 0.022658 0.0301522 0.0385245 0.0473578 0.0559912 0.0636494 0.0696124 0.0733391 0.0745437 0.0732383 0.0697155 0.0644566 0.0580079 0.0508809 0.0435007 0.0361966 0.029218 0.0227632 0.0170012 0.0120755 0.00808542 0.00505814
 0.00679306 0.0109064 0.0162083 0.0226617 0.0301975 0.0386266 0.047519 0.0561945 0.0638566 0.0697712 0.0733994 0.0744797 0.0730638 0.0694816 0.0642304 0.057844 0.0508021 0.0434967 0.0362371 0.0292699 0.0228021 0.0170153 0.0120644 0.00805652 0.00502188
 0.00678075 0.0108764 0.0161458 0.0225493 0.030023 0.0383936 0.0472542 0.0559448 0.063674 0.0696922 0.0734295 0.0745918 0.0732119 0.0696231 0.0643443 0.0579355 0.0508918 0.0436029 0.036363 0.0294033 0.0229236 0.0171089 0.0121236 0.00808451 0.00502803
 0.00687118 0.0110031 0.0162979 0.0227019 0.0301414 0.0384422 0.0472071 0.0557946 0.0634376 0.0694104 0.0731578 0.0743823 0.0730944 0.0695958 0.064381 0.0580031 0.0509672 0.0436782 0.0364401 0.0294834 0.0230021 0.0171771 0.0121739 0.00811472 0.00504136
 0.00683879 0.0109666 0.0162714 0.0227048 0.0301888 0.0385315 0.0473099 0.0558623 0.0634209 0.0692834 0.0729331 0.0741081 0.0728361 0.069411 0.0643002 0.0580241 0.0510637 0.0438162 0.0365907 0.0296281 0.0231305 0.017283 0.0122541 0.00816921 0.00507372
 0.00678754 0.0108869 0.01616 0.0225653 0.0300356 0.0383921 0.0472218 0.0558599 0.0635164 0.0694523 0.0731181 0.0742445 0.0728831 0.0693702 0.0642095 0.0579339 0.0510122 0.0438172 0.0366365 0.0297004 0.0232107 0.0173573 0.0123145 0.00821275 0.00510145
 0.0067696 0.0108397 0.016056 0.0223688 0.0297137 0.0379313 0.0466446 0.0552299 0.0629278 0.0690049 0.0728864 0.0742532 0.0731011 0.0697267 0.0646255 0.0583508 0.0514023 0.0441759 0.0369662 0.0299994 0.0234717 0.0175721 0.0124787 0.00832829 0.0051757
