SBPRF35
12.7214
Curr Bio
865810
B35
854112
F35
0.169327
FOFL
0.169327
OFL
118928
Bzero
3.63469e+006
#pred survey bio
 3.1379e+006 2.84243e+006 2.57579e+006 2.34304e+006 2.06493e+006 1.84417e+006 1.62882e+006 1.44608e+006 1.30049e+006 1.14419e+006 986463 874149 769894 695007 676859 645073 615215 602821 588287 575213 561940 558258 560992 558242 561561 558899 550628 559549 572233 580403 578810 597705 618627 626319 638927 648489 655599 661213 672284 684647 684422 695788 705984 700411 702063 687929 693165 723557 747520 805991 842926 871465 1.98847e+007 1.78503e+007 1.78718e+007 1.85411e+007 1.96709e+007 2.10098e+007 2.23591e+007 2.35965e+007 2.46637e+007 2.55469e+007 2.62567e+007 2.6816e+007 2.72506e+007 2.75852e+007 2.78415e+007 2.80373e+007 2.81867e+007 2.8301e+007 2.83886e+007 2.8456e+007 2.8508e+007 2.85483e+007 2.85797e+007 2.86043e+007 2.86237e+007 2.8639e+007 2.8651e+007 2.86606e+007 2.86683e+007 2.86744e+007 2.86793e+007 2.86833e+007 2.86865e+007 2.8689e+007 2.86911e+007 2.86928e+007 2.86942e+007 2.86953e+007 2.86962e+007 2.8697e+007 2.86976e+007 2.86981e+007 2.86985e+007 2.86988e+007 2.86991e+007 2.86993e+007 2.86995e+007 2.86996e+007 2.86997e+007 2.86998e+007 2.86999e+007 2.87e+007 2.87e+007 2.87001e+007 2.87001e+007 2.87002e+007 2.87002e+007 2.87002e+007 2.87002e+007 2.87002e+007 2.87002e+007 2.87002e+007 2.87003e+007 2.87003e+007 2.87003e+007 2.87003e+007 2.87003e+007 2.87003e+007 2.87003e+007 2.87003e+007 2.87003e+007 2.87003e+007 2.87003e+007 2.87003e+007 2.87003e+007 2.87003e+007 2.87003e+007 2.87003e+007 2.87003e+007 2.87003e+007 2.87003e+007 2.87003e+007 2.87003e+007 2.87003e+007 2.87003e+007 2.87003e+007 2.87003e+007 2.87003e+007 2.87003e+007 2.87003e+007 2.87003e+007 2.87003e+007 2.87003e+007 2.87003e+007 2.87003e+007 2.87003e+007 2.87003e+007 2.87003e+007 2.87003e+007 2.87003e+007 0 0 0 0 0 0 0 0 0 0 0 0 0 0 0 0 0 0 0 0 0 0 0 0 0
#obs survey bio
 2.85557e+006 3.05015e+006 2.21311e+006 1.80342e+006 2.07145e+006 1.7646e+006 1.72558e+006 1.76806e+006 1.31044e+006 820591 827674 867075 713725 632068 538672 773319 434095 548876 662470 710015 357701 528807 653866 770068 664209 431568 557086 517401 530308 572761 364749 600632 594852 584571 528216 716530 551934 661708 731429 748086 741996 830920 572268 974220 727836 1.03246e+006 684482 573060 681402 993706 947615 1.06046e+006
#pred catch bio
 299942 290111 275557 332446 294105 300231 279341 253026 266560 267563 225282 214444 184428 134279 145683 141929 125352 125543 121890 119389 109179 102570 105924 99544.2 103684 107243 92521.9 90622.7 95556.5 104155 87760.1 88012.8 100471 97362.5 101300 104520 106843 103063 102454 112455 101366 101764 114321 107547 120828 104646 85882 94153 66979.3 86593.5 91852.7 117006 118928 116758 115632 118517 125047 133217 141490 148997 155358 160497 164509 167562 169840 171514 172729 173602 174226 174668 174980 175200 175354 175461 175536 175589 175625 175650 175668 175680 175688 175694 175698 175701 175703 175704 175705 175705 175706 175706 175706 175707 175707 175707 175707 175707 175707 175707 175707 175707 175707 175707 175707 175707 175707 175707 175707 175707 175707 175707 175707 175707 175707 175707 175707 175707 175707 175707 175707 175707 175707 175707 175707 175707 175707 175707 175707 175707 175707 175707 175707 175707 175707 175707 175707 175707 175707 175707 175707 175707 175707 175707 175707 175707 175707 175707 175707 175707 175707 175707 175707 175707 0 0 0 0 0 0 0 0 0 0 0 0 0 0 0 0 0 0 0 0 0 0 0 0 0
#obs catch bio
 259559 289700 274438 333607 294843 302331 279968 253218 268178 271007 228110 216518 186393 134727 147592 143475 127243 127201 122986 120179 110230 103141 106310 99442.2 103440 107628 92459.5 90812.4 95884.2 104404 88308.6 88359.9 100702 97617.6 101940 104658 107501 103963 103075 113266 101612 101444 114020 106819 120736 104531 85707.8 95121.2 67009.4 87152.2 91960.9 117224
#pred cpue bio
 3.08889e+006 2.79553e+006 2.53081e+006 2.29882e+006 2.02203e+006 1.80236e+006 1.58855e+006 1.40712e+006 1.2624e+006 1.10762e+006 952051 841505 739321 666025 648024 616894 587784 575787 561891 549521 536942 533621 536570 534208 537694 535236 527197 535834 548157 556144 554559 572916 593430 600972 613122 622345 629170 634514 645388 657754 657926 669421 679681 674301 675763 661732 666564 696053 719650 777406 814446 843433 1.92755e+007 1.73185e+007 1.72094e+007 1.77112e+007 1.8774e+007 2.00949e+007 2.14401e+007 2.26766e+007 2.37437e+007 2.46268e+007 2.53367e+007 2.5896e+007 2.63305e+007 2.66652e+007 2.69214e+007 2.71172e+007 2.72667e+007 2.7381e+007 2.74686e+007 2.75359e+007 2.75879e+007 2.76283e+007 2.76597e+007 2.76843e+007 2.77036e+007 2.77189e+007 2.7731e+007 2.77406e+007 2.77482e+007 2.77544e+007 2.77593e+007 2.77632e+007 2.77664e+007 2.7769e+007 2.77711e+007 2.77728e+007 2.77742e+007 2.77753e+007 2.77762e+007 2.77769e+007 2.77775e+007 2.7778e+007 2.77784e+007 2.77788e+007 2.7779e+007 2.77793e+007 2.77794e+007 2.77796e+007 2.77797e+007 2.77798e+007 2.77799e+007 2.77799e+007 2.778e+007 2.778e+007 2.77801e+007 2.77801e+007 2.77801e+007 2.77802e+007 2.77802e+007 2.77802e+007 2.77802e+007 2.77802e+007 2.77802e+007 2.77802e+007 2.77802e+007 2.77802e+007 2.77802e+007 2.77802e+007 2.77802e+007 2.77802e+007 2.77802e+007 2.77802e+007 2.77802e+007 2.77802e+007 2.77802e+007 2.77802e+007 2.77802e+007 2.77802e+007 2.77802e+007 2.77802e+007 2.77802e+007 2.77802e+007 2.77802e+007 2.77802e+007 2.77802e+007 2.77802e+007 2.77802e+007 2.77802e+007 2.77802e+007 2.77802e+007 2.77802e+007 2.77802e+007 2.77802e+007 2.77802e+007 2.77802e+007 2.77802e+007 2.77802e+007 2.77802e+007 2.77802e+007 2.77802e+007 0 0 0 0 0 0 0 0 0 0 0 0 0 0 0 0 0 0 0 0 0 0 0 0 0
#obs cpue bio
 2.17715e+006 3.46022e+006 3.22784e+006 2.00762e+006 1.54649e+006 1.46566e+006 1.98773e+006 1.12104e+006 945427 1.03267e+006 828683 954335 657605 688596 514908 499416 445787 632790 537253 476057 563161 619563 549933 473480 536278 498501 581043 463059 524166 702451 439232 649994 840578 514899 536183 808384 489310 424493 630217 630395 676006 920275 976304 600780 525222 419636 586068 407098 715652 672344 946610 968300
#pred surv len freq
 0.0052023 0.00845283 0.0127313 0.0180148 0.0241639 0.030837 0.0374629 0.0433787 0.0480761 0.0513672 0.0533582 0.0543046 0.0544816 0.0541268 0.0534314 0.0525511 0.0516206 0.0507495 0.0499685 0.0491237 0.0477871 0.0453094 0.0410892 0.034963 0.0274479
 0.00548696 0.00885405 0.0132259 0.0185547 0.0247059 0.031381 0.0380701 0.0441479 0.0490847 0.052611 0.0547322 0.055638 0.0556056 0.0549334 0.0538935 0.0526997 0.0514972 0.050361 0.0492694 0.0480392 0.0462726 0.0434139 0.0389808 0.0328899 0.0256515
 0.0058536 0.00943441 0.0140657 0.0196749 0.0260868 0.0329478 0.0396925 0.0456698 0.0503811 0.0536396 0.0555371 0.0562974 0.0561622 0.0553602 0.054114 0.0526361 0.0511041 0.0496229 0.0481777 0.0465808 0.044452 0.041297 0.036723 0.0307134 0.0237758
 0.00608898 0.00983161 0.0146903 0.020596 0.0273611 0.0345922 0.0416554 0.0478182 0.0525184 0.0555515 0.0570507 0.0573271 0.0567189 0.0555176 0.0539515 0.0521946 0.0503772 0.0485779 0.0467823 0.0448247 0.0423657 0.0389732 0.0343259 0.0284545 0.0218545
 0.00638885 0.0103163 0.0154157 0.0216157 0.0287202 0.0363153 0.0437285 0.0501731 0.0550263 0.058031 0.0592892 0.0591166 0.0579003 0.0560175 0.0537897 0.0514552 0.0491595 0.0469564 0.0447977 0.0425063 0.0397696 0.0362145 0.0315849 0.0259456 0.0197658
 0.00662506 0.010697 0.0159834 0.0224097 0.0297727 0.0376437 0.045326 0.052003 0.0570235 0.0601061 0.0613299 0.0609857 0.0594421 0.0570783 0.0542517 0.0512647 0.0483329 0.0455599 0.0429182 0.0402362 0.0372161 0.0335207 0.0289371 0.023548 0.0177885
 0.00696065 0.0112237 0.016741 0.0234235 0.0310502 0.0391708 0.0470614 0.0538769 0.0589461 0.0619839 0.063078 0.0625291 0.0607063 0.0579801 0.054699 0.051171 0.0476409 0.0442612 0.0410599 0.0379161 0.0345766 0.0307452 0.026238 0.0211359 0.0158245
 0.00730336 0.0117678 0.0175351 0.0245024 0.0324272 0.0408269 0.0489348 0.0558632 0.060916 0.0638121 0.0646668 0.0638165 0.0616581 0.0585735 0.0549061 0.0509506 0.0469433 0.0430477 0.0393281 0.0357222 0.0320453 0.0280632 0.0236284 0.018814 0.0139473
 0.00750805 0.0121117 0.0180731 0.0252919 0.0335155 0.0422309 0.0506215 0.0577433 0.0628582 0.0656706 0.0663098 0.0651447 0.0626114 0.0591261 0.0550537 0.0506929 0.0462718 0.0419461 0.0377896 0.0337771 0.0297857 0.0256491 0.0212656 0.0167068 0.012245
 0.00770522 0.0124443 0.0185963 0.0260657 0.0345933 0.0436404 0.052344 0.0597025 0.064927 0.0676918 0.0681219 0.0666068 0.0636218 0.0596332 0.0550532 0.0502132 0.0453533 0.040626 0.0361013 0.0317673 0.0275394 0.0233043 0.019002 0.0147059 0.0106397
 0.00796865 0.0128687 0.0192283 0.0269474 0.0357559 0.0450936 0.0540624 0.0616173 0.0669292 0.069646 0.0698841 0.0680413 0.0646175 0.0601165 0.0549961 0.0496314 0.0442947 0.039155 0.0342886 0.0296912 0.0252989 0.0210304 0.0168517 0.0128328 0.00915244
 0.00811923 0.0131129 0.0195952 0.0274653 0.036449 0.0459759 0.0551305 0.0628456 0.0682706 0.0710363 0.0712457 0.0692861 0.0656507 0.0608456 0.0553432 0.049547 0.0437653 0.038204 0.0329703 0.0280862 0.0235125 0.0191916 0.0151032 0.0113072 0.00794096
 0.00836341 0.0134942 0.0201398 0.0281867 0.0373461 0.0470305 0.0563036 0.064078 0.0694905 0.0721728 0.0722406 0.0700964 0.0662445 0.0611941 0.0554167 0.049316 0.0432084 0.0373184 0.0317811 0.0266513 0.0219229 0.0175648 0.0135677 0.00997805 0.00689352
 0.00872172 0.0140281 0.0208531 0.0290518 0.0383128 0.0480418 0.0573067 0.0650275 0.0703478 0.0729065 0.0728281 0.0705242 0.0665059 0.0612846 0.0553289 0.0490366 0.04272 0.0366067 0.0308467 0.025522 0.0206601 0.0162606 0.0123291 0.00890286 0.00604593
 0.00868918 0.0139935 0.0208337 0.0290723 0.0383962 0.0481962 0.0575188 0.0652688 0.0705927 0.07315 0.0730893 0.0708326 0.0668787 0.0617104 0.0557656 0.0494216 0.0429848 0.0366915 0.0307133 0.0251636 0.020108 0.0155817 0.0116125 0.00823751 0.00549787
 0.00872628 0.0140595 0.0209441 0.0292461 0.0386526 0.048548 0.0579641 0.0657841 0.0711316 0.0736515 0.0734944 0.0711039 0.0670126 0.0617341 0.055718 0.0493304 0.0428531 0.0364984 0.0304285 0.0247661 0.0196015 0.0150007 0.0110152 0.00768835 0.00504707
 0.00879451 0.014164 0.0210897 0.0294343 0.0388829 0.0488202 0.0582779 0.0661368 0.0715142 0.074044 0.0738645 0.0714115 0.0672198 0.0618184 0.0556804 0.049192 0.0426419 0.0362345 0.0301167 0.0244019 0.0191846 0.0145465 0.0105574 0.00726921 0.00470215
 0.0087095 0.0140388 0.0209257 0.0292418 0.0386792 0.0486262 0.0581157 0.0660294 0.0714848 0.074113 0.0740429 0.0716934 0.0675788 0.0622103 0.0560544 0.0495048 0.0428668 0.036362 0.0301482 0.0243432 0.0190454 0.0143442 0.0103196 0.00702969 0.00449208
 0.00865259 0.0139498 0.020799 0.0290759 0.0384789 0.0484042 0.0578938 0.0658362 0.0713496 0.0740589 0.0740819 0.0718263 0.0677961 0.0624931 0.0563744 0.0498264 0.0431536 0.036584 0.0302874 0.0243947 0.0190156 0.0142494 0.0101836 0.00688025 0.00435436
 0.00864292 0.0139271 0.020752 0.0289905 0.0383419 0.0482102 0.0576508 0.0655675 0.0710894 0.0738445 0.0739455 0.0717887 0.067864 0.062659 0.0566185 0.0501195 0.0434605 0.0368689 0.0305197 0.0245544 0.0190968 0.0142596 0.0101413 0.0068093 0.00427748
 0.00867901 0.0139782 0.0208142 0.029054 0.0383916 0.0482283 0.0576204 0.0654769 0.0709373 0.0736437 0.0737234 0.0715816 0.0677082 0.062581 0.0566291 0.0502122 0.0436142 0.0370533 0.0307018 0.0247057 0.0191989 0.0143077 0.010143 0.00678048 0.00423588
 0.00863427 0.0139086 0.0207155 0.0289241 0.0382311 0.0480405 0.0574118 0.0652572 0.0707189 0.0734405 0.0735504 0.0714546 0.0676432 0.0625921 0.0567241 0.050389 0.0438581 0.0373384 0.0309955 0.0249752 0.0194189 0.0144651 0.0102386 0.00682599 0.00424834
 0.00855166 0.0137761 0.0205199 0.0286557 0.0378874 0.0476307 0.0569606 0.064804 0.0703101 0.0731181 0.0733426 0.071373 0.0676852 0.0627464 0.0569751 0.0507185 0.0442453 0.0377578 0.0314171 0.0253677 0.0197549 0.0147273 0.010423 0.00694107 0.00431084
 0.00855335 0.013772 0.0205009 0.0286083 0.0377963 0.0474831 0.0567516 0.0645395 0.070008 0.0728063 0.0730544 0.0711409 0.0675349 0.0626922 0.0570194 0.0508537 0.0444565 0.0380245 0.0317144 0.0256679 0.0200308 0.0149574 0.010596 0.00705743 0.00438006
 0.00856548 0.0137806 0.0204931 0.028565 0.0376965 0.0473115 0.0565049 0.0642297 0.0696596 0.0724514 0.0727274 0.0708744 0.0673559 0.0626185 0.0570571 0.0509967 0.0446881 0.0383205 0.0320462 0.0260051 0.0203448 0.0152253 0.0108045 0.00720441 0.00447323
 0.00858935 0.0138236 0.0205646 0.0286733 0.0378432 0.0474846 0.056675 0.0643539 0.0696953 0.0723722 0.0725338 0.0705935 0.0670318 0.0623006 0.0567889 0.050809 0.0445956 0.038322 0.0321264 0.0261396 0.020505 0.0153842 0.0109416 0.00730894 0.00454385
 0.00870225 0.0139914 0.0207881 0.0289439 0.038146 0.0478032 0.0569932 0.0646527 0.069948 0.0725438 0.0725876 0.0705037 0.0667966 0.0619465 0.0563655 0.0503756 0.0442061 0.0380138 0.0319157 0.0260225 0.0204633 0.0153925 0.0109747 0.00734728 0.00457606
 0.00868737 0.0139657 0.0207467 0.0288813 0.0380579 0.0476889 0.0568587 0.0645128 0.0698249 0.0724613 0.0725621 0.070536 0.0668693 0.0620307 0.0564346 0.0504172 0.0442261 0.0380303 0.0319483 0.026082 0.0205481 0.0154911 0.0110717 0.00742972 0.00463738
 0.00859936 0.0138348 0.0205723 0.0286705 0.0378233 0.0474446 0.0566183 0.0642891 0.0696318 0.0723149 0.0724793 0.0705306 0.0669462 0.0621813 0.0566364 0.0506407 0.0444447 0.0382291 0.0321251 0.0262421 0.0206962 0.0156268 0.0111902 0.00752523 0.00470705
 0.00860328 0.0138313 0.0205491 0.0286117 0.0377145 0.0472816 0.0564122 0.0640652 0.0694206 0.0721414 0.0723573 0.0704641 0.0669346 0.0622228 0.0567271 0.0507716 0.0446013 0.0383942 0.0322847 0.0263885 0.0208269 0.0157414 0.0112874 0.00760294 0.00476428
 0.00864654 0.0139059 0.0206681 0.0287865 0.0379482 0.0475609 0.0567027 0.0643174 0.0695853 0.072188 0.0722836 0.0702931 0.0667023 0.0619663 0.0564773 0.0505505 0.0444216 0.0382596 0.0321919 0.0263306 0.0207965 0.0157316 0.0112917 0.00761506 0.00477858
 0.0085142 0.0136993 0.0203744 0.0284031 0.0374875 0.0470537 0.0561997 0.063881 0.0692727 0.0720325 0.0722859 0.070427 0.0669308 0.062255 0.0568009 0.0508913 0.044766 0.0385955 0.0325077 0.0266157 0.0210422 0.0159329 0.0114475 0.00772831 0.00485524
 0.00848385 0.0136339 0.0202468 0.0281793 0.0371367 0.0465641 0.0555923 0.0632133 0.0686284 0.0714999 0.0719359 0.0702968 0.0670183 0.0625258 0.0572018 0.0513669 0.0452691 0.039091 0.0329707 0.0270288 0.021394 0.0162173 0.0116643 0.00788296 0.00495764
 0.00854454 0.0137316 0.0203902 0.0283708 0.0373657 0.0468004 0.0557846 0.063299 0.0685561 0.071254 0.0715485 0.0698397 0.0665777 0.0621739 0.0569791 0.0512785 0.0452941 0.0391961 0.0331218 0.0271973 0.0215585 0.0163632 0.0117832 0.0079722 0.00501908
 0.00849004 0.0136568 0.0203035 0.0282894 0.0373119 0.0467935 0.0558327 0.0633929 0.0686675 0.0713405 0.0715669 0.0697637 0.0664126 0.0619577 0.0567684 0.0511262 0.0452313 0.039226 0.0332252 0.0273444 0.0217195 0.0165145 0.0119103 0.00806879 0.00508586
 0.00850452 0.0136704 0.0203062 0.0282682 0.0372564 0.0467048 0.0557286 0.063304 0.0686244 0.0713582 0.0716346 0.0698477 0.0664707 0.0619593 0.0567087 0.0510281 0.0451334 0.0391643 0.0332193 0.0273928 0.0218052 0.016615 0.0120058 0.00814712 0.00514259
 0.00849845 0.0136679 0.0203154 0.0282987 0.0373146 0.0467874 0.0558193 0.0633792 0.0686646 0.0713591 0.0716085 0.0698139 0.066441 0.0619303 0.0566664 0.0509611 0.0450438 0.0390693 0.0331422 0.027351 0.0218027 0.0166432 0.0120497 0.00819227 0.00517989
 0.00838402 0.0135066 0.0201189 0.0280945 0.0371395 0.0466759 0.0557928 0.0634398 0.0687955 0.0715298 0.0717846 0.0699676 0.0665584 0.0620107 0.0567155 0.0509839 0.0450436 0.0390511 0.0331159 0.0273298 0.021797 0.016656 0.0120761 0.00822378 0.00520858
 0.00825184 0.0132949 0.019808 0.0276731 0.036613 0.0460754 0.0551807 0.062902 0.0684185 0.071372 0.0718571 0.0702349 0.0669566 0.0624711 0.0571819 0.0514194 0.0454287 0.0393786 0.0333867 0.0275498 0.0219748 0.0167993 0.01219 0.0083108 0.00527081
 0.00810203 0.013063 0.0194804 0.0272446 0.0360866 0.0454639 0.0545101 0.062217 0.0677834 0.0708638 0.0715494 0.070177 0.0671572 0.0628942 0.057759 0.0520701 0.0460815 0.0399826 0.0339133 0.0279884 0.0223265 0.0170715 0.0123927 0.00845475 0.00536703
 0.00805596 0.0129865 0.0193623 0.0270737 0.0358542 0.045167 0.0541551 0.06182 0.0673684 0.0704602 0.0711917 0.069905 0.0670118 0.062907 0.0579384 0.0523951 0.0465054 0.0404477 0.0343668 0.028393 0.0226629 0.017335 0.012588 0.00859159 0.00545704
 0.00803737 0.0129399 0.0192624 0.0268875 0.0355505 0.0447303 0.0535977 0.0611847 0.0667186 0.0698635 0.0707055 0.06957 0.0668519 0.0629324 0.0581474 0.0527713 0.0470154 0.0410413 0.0349847 0.0289789 0.0231743 0.0177485 0.0128989 0.00880895 0.00559801
 0.00805325 0.0129609 0.0192838 0.0268985 0.0355325 0.0446574 0.0534399 0.0609167 0.0663324 0.069379 0.070172 0.0690559 0.0664267 0.0626508 0.0580406 0.0528461 0.0472568 0.0414153 0.0354429 0.0294655 0.0236363 0.0181462 0.0132113 0.00903353 0.00574579
 0.00817358 0.013147 0.0195453 0.0272363 0.0359357 0.0451008 0.0538814 0.0612978 0.0665862 0.0694459 0.070018 0.0686858 0.0658873 0.062021 0.0574124 0.0523027 0.0468555 0.0411802 0.0353654 0.0295122 0.0237608 0.0183016 0.0133605 0.00915471 0.00583197
 0.00819987 0.0131944 0.0196253 0.0273619 0.0361184 0.0453448 0.0541779 0.0616225 0.0669015 0.069706 0.0701764 0.068704 0.0657456 0.0617274 0.0570059 0.0518473 0.0464237 0.0408336 0.0351398 0.0294117 0.0237627 0.0183683 0.0134535 0.00924462 0.00590279
 0.00833996 0.0134109 0.0199299 0.0277581 0.0366009 0.0458991 0.0547787 0.0622323 0.0674719 0.0701831 0.0705082 0.0688478 0.0656745 0.0614365 0.0565172 0.0512104 0.0457105 0.0401256 0.03451 0.028909 0.0234042 0.0181421 0.0133293 0.00918732 0.0058824
 0.00837556 0.0134636 0.02 0.0278433 0.0366982 0.0460077 0.0549019 0.0623768 0.0676447 0.070387 0.070736 0.0690787 0.0658743 0.0615644 0.0565365 0.0511022 0.0454826 0.0398133 0.0341668 0.0285898 0.0231491 0.0179676 0.0132292 0.00914176 0.00586891
 0.00810212 0.0130601 0.0194693 0.0272153 0.0360225 0.0453404 0.0542964 0.0618811 0.0673022 0.0702344 0.0707967 0.069355 0.0663408 0.0621672 0.0572018 0.0517507 0.0460486 0.0402593 0.0344886 0.0288098 0.0233013 0.0180818 0.013323 0.00922038 0.00593115
 0.00789584 0.0127317 0.0189901 0.0265688 0.0352142 0.0444091 0.0533204 0.0609702 0.0665716 0.0697722 0.0706435 0.0695043 0.0667542 0.0627891 0.0579665 0.0525853 0.0468783 0.0410181 0.0351314 0.0293195 0.0236856 0.0183628 0.0135251 0.00936332 0.00602893
 0.00754077 0.0121693 0.0181723 0.0254636 0.0338147 0.0427473 0.0514818 0.0590992 0.0648552 0.0684052 0.0697868 0.069252 0.0671177 0.0637016 0.059304 0.0541945 0.0486024 0.0427159 0.0366909 0.0306653 0.0247814 0.019207 0.0141408 0.00978738 0.00630311
 0.00724543 0.0117162 0.01754 0.0246475 0.0328242 0.0416007 0.0502079 0.0577432 0.0634864 0.067119 0.0687004 0.0684899 0.0667885 0.0638709 0.0599737 0.0552977 0.0500166 0.044289 0.0382703 0.032123 0.0260296 0.0202026 0.0148817 0.0103013 0.00663421
 0.0067869 0.0110251 0.0166013 0.0234844 0.0314912 0.0401715 0.048764 0.0563667 0.062251 0.0660815 0.0679001 0.0679582 0.0665633 0.0639995 0.0604985 0.0562307 0.051317 0.0458577 0.0399658 0.033791 0.0275355 0.0214556 0.0158437 0.0109823 0.00707776
#obs surv len freq
 0.00497295 0.00814497 0.0123876 0.0177138 0.0239965 0.0308696 0.0377074 0.0437875 0.0485609 0.0518287 0.0537104 0.0544905 0.0544866 0.053993 0.0532689 0.052528 0.0519166 0.0514707 0.0510527 0.0502935 0.0486107 0.0453733 0.0402042 0.0332722 0.025359
 0.00518167 0.00848844 0.0129124 0.0184661 0.0250136 0.0321657 0.0392587 0.0455262 0.0503841 0.0536168 0.0553467 0.0558727 0.0555303 0.054631 0.0534491 0.0522152 0.0510983 0.0501662 0.0493206 0.0482362 0.0463717 0.0431251 0.0381235 0.0315063 0.0239936
 0.00541911 0.00887469 0.0134944 0.0192884 0.0261109 0.0335503 0.0409074 0.0473739 0.0523309 0.0555449 0.0571371 0.0574164 0.0567337 0.0554176 0.0537592 0.0520049 0.0503413 0.0488613 0.0475054 0.0460015 0.0438684 0.0405539 0.0357034 0.0294277 0.0223734
 0.00564673 0.00925052 0.0140707 0.0201174 0.0272342 0.034983 0.0426215 0.0492939 0.0543463 0.0575323 0.0589798 0.0590134 0.0579998 0.0562805 0.0541573 0.0518868 0.0496683 0.0476156 0.0457052 0.043721 0.0412523 0.037813 0.0330821 0.0271481 0.0205802
 0.00589887 0.00966059 0.0146885 0.02099 0.0283982 0.0364514 0.0443691 0.0512504 0.0564039 0.0595648 0.0608625 0.0606368 0.0592757 0.0571416 0.0545519 0.0517726 0.0490098 0.0463894 0.0439168 0.0414287 0.0385883 0.0349858 0.0303461 0.0247447 0.0186736
 0.00611555 0.0100208 0.0152451 0.0217972 0.0295002 0.0378648 0.0460667 0.0531562 0.0584058 0.0615378 0.0626892 0.062217 0.0605275 0.0579996 0.0549643 0.051698 0.0484144 0.0452499 0.0422329 0.0392466 0.036025 0.0322364 0.0276584 0.022362 0.0167687
 0.00638419 0.0104527 0.0158865 0.0226888 0.0306708 0.0393211 0.04778 0.0550563 0.0603875 0.0634778 0.0644655 0.0637238 0.0616828 0.0587458 0.0552635 0.051524 0.0477468 0.0440741 0.0405515 0.0371009 0.0335203 0.0295525 0.0250293 0.0200229 0.0148907
 0.00660171 0.0108174 0.0164554 0.0235201 0.0318101 0.0407802 0.0495183 0.0569781 0.0623611 0.0653664 0.0661516 0.0651183 0.0627223 0.0593862 0.0554751 0.0512877 0.04705 0.0429108 0.0389301 0.035062 0.0311594 0.0270316 0.0225613 0.017824 0.013121
 0.00683346 0.0111952 0.0170264 0.0243298 0.0328951 0.0421549 0.0511599 0.0588171 0.0642865 0.0672427 0.0678419 0.0665051 0.0637213 0.0599503 0.0555877 0.050951 0.0462737 0.0417074 0.0373205 0.0330917 0.0289184 0.0246663 0.0202614 0.0157823 0.01148
 0.00703903 0.0115333 0.0175421 0.0250671 0.0338875 0.0434115 0.0526514 0.0604724 0.066004 0.0689096 0.069351 0.0677631 0.0646518 0.0604964 0.0557156 0.0506498 0.045551 0.0405838 0.0358284 0.0312842 0.0268838 0.0225368 0.0182034 0.0139624 0.0100205
 0.0072677 0.0119055 0.0181028 0.0258576 0.0349362 0.0447205 0.0541822 0.0621423 0.0676978 0.0705031 0.0707334 0.0688497 0.0653871 0.0608499 0.0556762 0.05022 0.0447441 0.0394231 0.0343504 0.0295453 0.0249704 0.02057 0.0163287 0.0123217 0.00871412
 0.00742583 0.0121702 0.0185154 0.0264608 0.0357653 0.0457883 0.055465 0.0635749 0.0691828 0.0719306 0.0719992 0.0698682 0.0660963 0.0612132 0.0556794 0.0498668 0.0440503 0.0384139 0.0330622 0.0280324 0.0233125 0.018875 0.0147225 0.0109233 0.00760573
 0.00750333 0.012297 0.0187086 0.0267395 0.0361501 0.0462986 0.0561141 0.064363 0.070091 0.0729172 0.0730013 0.0708088 0.0668952 0.0617992 0.0559993 0.0498886 0.0437636 0.0378271 0.0322023 0.0269468 0.0220728 0.0175765 0.0134745 0.00982788 0.00673352
 0.00755798 0.0123806 0.0188249 0.0268897 0.0363346 0.0465197 0.056378 0.0646799 0.0704734 0.0733753 0.0735361 0.0714039 0.0675124 0.0623802 0.0564747 0.0501914 0.0438415 0.0376512 0.0317708 0.0262873 0.0212418 0.0166558 0.0125592 0.00900786 0.00607218
 0.00764994 0.0125205 0.0190174 0.0271319 0.0366165 0.0468253 0.0566875 0.064973 0.0707355 0.0736036 0.0737419 0.0716073 0.0677312 0.0626171 0.0567098 0.0503835 0.0439373 0.0376004 0.0315406 0.0258738 0.0206743 0.0159933 0.0118789 0.0083856 0.00556379
 0.00771203 0.0126194 0.019162 0.027328 0.0368638 0.047115 0.0569994 0.0652779 0.071002 0.0738084 0.0738772 0.0716832 0.0677704 0.0626454 0.0567444 0.0504235 0.0439611 0.0375706 0.0314178 0.0256324 0.0203153 0.0155479 0.0114008 0.00793465 0.0051874
 0.00776058 0.0126928 0.0192624 0.0274541 0.0370123 0.0472815 0.0571793 0.065465 0.0711866 0.0739775 0.0740167 0.0717822 0.067826 0.0626643 0.0567402 0.0504092 0.0439401 0.0375323 0.0313396 0.0254903 0.0200976 0.0152643 0.0110823 0.00762285 0.00491973
 0.00782742 0.0127959 0.0194068 0.02764 0.0372338 0.0475268 0.0574305 0.0657001 0.0713847 0.0741237 0.0741052 0.0718149 0.0678088 0.0626051 0.0566488 0.0502968 0.0438167 0.0374023 0.0311991 0.0253288 0.0199054 0.0150417 0.0108435 0.00739202 0.0047212
 0.0078573 0.0128449 0.0194813 0.0277453 0.0373732 0.0476982 0.0576247 0.0659007 0.0715715 0.0742777 0.0742135 0.0718722 0.0678173 0.0625716 0.0565818 0.0502052 0.0437084 0.0372832 0.0310712 0.0251903 0.0197533 0.0148763 0.010672 0.0072283 0.00458027
 0.00786259 0.0128494 0.0194808 0.0277346 0.0373486 0.0476614 0.0575847 0.0658728 0.0715712 0.0743144 0.0742862 0.0719707 0.0679259 0.0626747 0.0566676 0.0502668 0.0437435 0.0372921 0.0310552 0.0251504 0.0196906 0.0147941 0.0105773 0.00713157 0.00449309
 0.00787006 0.012857 0.0194837 0.0277254 0.0373185 0.0476039 0.0574988 0.0657653 0.0714571 0.0742144 0.0742217 0.0719576 0.067969 0.0627659 0.0567894 0.0503981 0.0438655 0.0373915 0.0311249 0.025188 0.0196973 0.0147739 0.0105375 0.00708195 0.00444354
 0.0079147 0.0129223 0.0195681 0.0278218 0.0374154 0.0476871 0.0575541 0.0657807 0.0714258 0.0741382 0.0741127 0.0718362 0.0678588 0.0626869 0.0567513 0.0503991 0.0438939 0.0374316 0.0311618 0.0252111 0.0197019 0.0147603 0.0105101 0.00704735 0.0044089
 0.00790024 0.012904 0.0195498 0.0278097 0.0374154 0.0477011 0.0575773 0.0658025 0.0714338 0.0741233 0.0740729 0.0717776 0.067794 0.0626311 0.0567186 0.0503976 0.0439238 0.0374846 0.0312247 0.0252701 0.0197466 0.014786 0.0105176 0.00704163 0.00439634
 0.00789071 0.0128838 0.0195112 0.0277443 0.0373177 0.0475739 0.0574346 0.0656669 0.0713285 0.0740626 0.0740576 0.0717975 0.0678353 0.0626836 0.0567786 0.0504666 0.0440044 0.0375765 0.0313224 0.0253646 0.019828 0.0148475 0.0105573 0.00706234 0.0044036
 0.00788513 0.0128725 0.0194899 0.0277069 0.0372573 0.0474844 0.0573138 0.0655194 0.0711675 0.073909 0.0739353 0.0717258 0.0678222 0.0627246 0.0568603 0.0505737 0.0441245 0.0377012 0.0314458 0.0254805 0.0199297 0.0149294 0.0106166 0.00710013 0.00442436
 0.00789493 0.0128837 0.019498 0.0277045 0.0372357 0.0474366 0.0572364 0.065414 0.0710404 0.0737702 0.0737983 0.0716071 0.0677384 0.0626881 0.0568755 0.0506357 0.0442212 0.0378181 0.0315693 0.0255997 0.0200362 0.0150174 0.0106831 0.0071456 0.00445204
 0.00785697 0.0128278 0.0194245 0.027617 0.0371392 0.0473352 0.0571321 0.065307 0.0709315 0.0736634 0.0737009 0.0715289 0.0676897 0.0626777 0.0569088 0.0507128 0.0443363 0.0379599 0.0317234 0.0257515 0.0201736 0.015132 0.0107711 0.00720743 0.00449144
 0.00781656 0.0127582 0.0193132 0.0274518 0.0369134 0.0470541 0.0568173 0.0649946 0.0706615 0.0734671 0.0735931 0.0715076 0.0677434 0.0627919 0.0570705 0.0509111 0.044561 0.0381996 0.0319648 0.0259805 0.0203772 0.0153008 0.0109008 0.0072992 0.00455081
 0.00781699 0.0127522 0.0192915 0.0274009 0.0368181 0.0469021 0.056605 0.0647311 0.0703695 0.0731801 0.0733484 0.0713371 0.0676657 0.0628089 0.0571704 0.0510746 0.0447676 0.0384305 0.0322031 0.0262108 0.0205857 0.0154769 0.0110386 0.00739841 0.00461611
 0.00777962 0.0126979 0.0192213 0.0273189 0.0367282 0.046805 0.0564958 0.064601 0.0702119 0.0729965 0.0731523 0.0711532 0.0675234 0.0627338 0.0571764 0.0511613 0.0449217 0.0386311 0.0324273 0.026437 0.020796 0.0156579 0.0111825 0.0075036 0.00468635
 0.00774006 0.0126288 0.0191092 0.0271503 0.0364955 0.0465131 0.0561672 0.0642726 0.069923 0.0727758 0.0730102 0.0710855 0.0675203 0.0627889 0.0572887 0.051331 0.0451447 0.0388956 0.0327143 0.0267241 0.0210618 0.0158858 0.0113633 0.00763558 0.00477456
 0.00770813 0.0125745 0.0190229 0.027021 0.0363126 0.0462703 0.0558669 0.0639299 0.0695668 0.0724445 0.0727437 0.0709145 0.0674591 0.0628339 0.0574241 0.0515373 0.0454034 0.03919 0.0330272 0.0270359 0.0213524 0.0161376 0.0115649 0.00778404 0.00487448
 0.00768952 0.0125447 0.0189788 0.0269591 0.0362291 0.0461606 0.0557266 0.0637563 0.0693611 0.0722151 0.0725077 0.0706972 0.0672894 0.0627366 0.0574133 0.0516131 0.0455544 0.0393978 0.0332705 0.0272931 0.0216021 0.0163613 0.0117494 0.00792314 0.00496999
 0.00766117 0.0125013 0.0189183 0.0268814 0.0361359 0.0460548 0.0556118 0.063636 0.069238 0.07209 0.0723813 0.0705722 0.0671738 0.0626446 0.0573626 0.0516193 0.0456251 0.0395298 0.0334506 0.0275013 0.0218163 0.0165608 0.0119185 0.00805365 0.00506133
 0.00766712 0.012508 0.0189231 0.02688 0.0361236 0.0460286 0.0555713 0.0635836 0.0691772 0.072023 0.0723082 0.0704917 0.0670856 0.0625525 0.0572762 0.051553 0.0455944 0.0395459 0.0335157 0.0276076 0.0219479 0.0166984 0.0120446 0.00815647 0.00513626
 0.00764004 0.0124721 0.0188838 0.0268468 0.0361064 0.0460325 0.0555935 0.0636137 0.0692016 0.0720311 0.0722954 0.0704587 0.0670362 0.0624913 0.057209 0.0514877 0.045542 0.039518 0.0335214 0.027649 0.0220188 0.0167861 0.0121339 0.00823466 0.00519627
 0.00759291 0.0123948 0.018767 0.0266837 0.035897 0.0457883 0.0553399 0.0633864 0.0690354 0.0719478 0.0722962 0.070528 0.0671498 0.0626262 0.057348 0.0516214 0.0456675 0.0396376 0.0336398 0.0277701 0.0221424 0.0169068 0.0122436 0.00832549 0.00526408
 0.00757335 0.0123617 0.0187145 0.0266052 0.035786 0.0456408 0.0551576 0.0631794 0.0688237 0.0717585 0.0721576 0.0704607 0.06716 0.0627047 0.0574745 0.0517728 0.0458251 0.0397902 0.0337832 0.0279042 0.0222676 0.0170217 0.0123442 0.00840755 0.0053253
 0.00755536 0.0123325 0.0186705 0.026543 0.0357025 0.0455342 0.055028 0.06303 0.0686614 0.0715938 0.0720054 0.0703393 0.0670877 0.0626942 0.0575286 0.0518823 0.0459722 0.0399552 0.0339495 0.028061 0.0224091 0.0171448 0.0124468 0.00848829 0.00538415
 0.00756188 0.0123421 0.0186831 0.0265574 0.0357162 0.0455432 0.0550271 0.0630128 0.0686218 0.0715281 0.071914 0.0702287 0.0669708 0.0625882 0.0574512 0.0518466 0.0459825 0.0400058 0.0340282 0.0281538 0.0225038 0.0172327 0.0125224 0.00854875 0.00542878
 0.00752754 0.0122901 0.0186122 0.0264691 0.0356147 0.0454348 0.0549193 0.0629137 0.0685385 0.071465 0.0718718 0.0702046 0.066961 0.062591 0.0574684 0.0518829 0.046043 0.0400921 0.0341364 0.0282746 0.0226255 0.0173444 0.0126166 0.00862179 0.00548081
 0.00752241 0.012282 0.0186004 0.0264533 0.035595 0.0454118 0.0548945 0.0628888 0.068515 0.0714432 0.0718506 0.0701821 0.0669356 0.0625625 0.057439 0.0518578 0.0460289 0.0400957 0.0341614 0.0283196 0.0226845 0.0174084 0.0126769 0.00867217 0.00551848
 0.00751125 0.0122638 0.0185728 0.0264144 0.0355439 0.0453497 0.0548252 0.0628189 0.0684522 0.0713946 0.0718206 0.0701713 0.0669412 0.0625798 0.057463 0.0518852 0.0460592 0.0401311 0.0342045 0.0283719 0.022744 0.0174704 0.012735 0.00872095 0.00555521
 0.00752223 0.0122812 0.0185983 0.0264484 0.0355857 0.0453959 0.0548699 0.0628544 0.0684712 0.0713925 0.0717976 0.0701317 0.0668916 0.0625266 0.0574113 0.0518381 0.046019 0.0400997 0.0341844 0.0283649 0.0227502 0.0174872 0.0127578 0.00874458 0.00557557
 0.0075092 0.012264 0.0185795 0.0264332 0.0355799 0.0454041 0.0548933 0.06289 0.0685125 0.0714315 0.0718264 0.0701451 0.0668882 0.0625084 0.0573831 0.0518055 0.0459871 0.0400725 0.0341646 0.0283544 0.0227496 0.0174953 0.0127717 0.00876059 0.00559032
 0.00747389 0.0122092 0.0185023 0.0263336 0.0354618 0.0452765 0.0547701 0.0627884 0.0684484 0.0714143 0.0718555 0.0702107 0.0669753 0.0626023 0.0574725 0.0518845 0.0460542 0.0401293 0.0342137 0.0283982 0.0227896 0.017532 0.0128044 0.00878798 0.00561145
 0.00747389 0.0122092 0.0185023 0.0263336 0.0354618 0.0452765 0.0547701 0.0627884 0.0684484 0.0714143 0.0718555 0.0702107 0.0669753 0.0626023 0.0574725 0.0518845 0.0460542 0.0401293 0.0342137 0.0283982 0.0227896 0.017532 0.0128044 0.00878798 0.00561145
 0.00730104 0.0119284 0.0180818 0.0257482 0.0347033 0.0443674 0.0537745 0.0618098 0.0676089 0.0708231 0.0715815 0.07027 0.067335 0.0631947 0.0582141 0.0526928 0.0468606 0.0408842 0.0348864 0.0289728 0.0232608 0.0179016 0.0130798 0.00898135 0.00573801
 0.00723922 0.0118097 0.0178696 0.0253972 0.0341707 0.0436309 0.0528502 0.0607601 0.0665359 0.0698492 0.0708263 0.0698275 0.0672554 0.0634753 0.0588026 0.0535021 0.0477896 0.0418379 0.0357891 0.0297729 0.02393 0.0184307 0.0134742 0.0092568 0.00591687
 0.00705062 0.0115084 0.0174255 0.0247851 0.0333735 0.0426462 0.0516996 0.0594966 0.0652443 0.068639 0.0698177 0.069134 0.0669644 0.0636306 0.0593925 0.0544603 0.0490077 0.0431866 0.037142 0.0310253 0.0250098 0.0193009 0.0141293 0.0097157 0.0062144
 0.00702792 0.0114565 0.0173196 0.0245917 0.0330578 0.0421826 0.0510818 0.0587409 0.0643862 0.0677269 0.0689116 0.0683073 0.0663029 0.0632228 0.0593104 0.0547371 0.0496235 0.0440685 0.0381798 0.0320974 0.0260082 0.0201497 0.0147916 0.0101906 0.00652663
 0.00704768 0.0114963 0.0173918 0.0247078 0.0332192 0.0423695 0.0512469 0.0588155 0.0643001 0.0674337 0.0684059 0.0676281 0.0655264 0.0624492 0.0586492 0.0542884 0.0494557 0.0442003 0.0385734 0.0326691 0.026653 0.0207694 0.0153167 0.0105885 0.00679816
#pred catch len freq
 0.00514929 0.00809658 0.0117075 0.0158484 0.0204266 0.0253782 0.0305894 0.0358497 0.0408869 0.0454377 0.0492935 0.0523182 0.05446 0.0557548 0.0563134 0.0563018 0.0559192 0.055361 0.0547353 0.0539336 0.0525287 0.049834 0.0452046 0.0384694 0.0302023
 0.00547383 0.00855866 0.0122858 0.0164932 0.0210887 0.0260475 0.0313143 0.036716 0.0419633 0.0467197 0.0506838 0.053658 0.0555905 0.0565723 0.0567898 0.0564634 0.0558012 0.0549619 0.053999 0.0527745 0.0508957 0.0477799 0.0429129 0.0362121 0.0282442
 0.00587418 0.0091741 0.0131433 0.0175869 0.0223756 0.0274484 0.0327229 0.0380251 0.0431037 0.0476885 0.0515349 0.0544511 0.0563339 0.0572032 0.0572042 0.0565673 0.0555419 0.0543216 0.0529671 0.0513349 0.0490506 0.0455974 0.0405589 0.0339261 0.0262644
 0.0062144 0.00971401 0.0139319 0.0186627 0.0237606 0.0291372 0.0346655 0.0401135 0.0451766 0.0495622 0.0530518 0.055525 0.0569648 0.0574491 0.0571278 0.056194 0.0548528 0.0532753 0.0515271 0.04949 0.0468344 0.0431112 0.0379818 0.0314894 0.0241869
 0.00655642 0.010249 0.0147 0.0196936 0.0250765 0.0307536 0.0365829 0.0423002 0.0475493 0.0519761 0.0553099 0.0574115 0.0582966 0.0581235 0.0571391 0.0556081 0.0537575 0.0517377 0.0495829 0.047166 0.0441881 0.0402647 0.0351284 0.0288606 0.0219879
 0.00687923 0.0107493 0.0154092 0.0206286 0.0262441 0.0321547 0.0382125 0.044141 0.0495645 0.0541007 0.0574423 0.0594087 0.0599834 0.0593204 0.0577034 0.0554687 0.0529227 0.0502738 0.0475816 0.0447268 0.0414278 0.0373404 0.0322454 0.0262443 0.0198267
 0.00728689 0.0113722 0.0162734 0.0217353 0.0275756 0.0336833 0.0399046 0.0459546 0.0514468 0.0559892 0.0592661 0.0610876 0.061423 0.0604094 0.0583198 0.0555 0.0522933 0.048967 0.0456456 0.0422679 0.0386027 0.0343511 0.029326 0.0236274 0.0176913
 0.00769256 0.0119974 0.0171509 0.0228745 0.028964 0.0352905 0.0416815 0.0478321 0.0533393 0.0578058 0.0609228 0.0625142 0.0625621 0.0612086 0.0587225 0.0554395 0.0517003 0.04779 0.0438775 0.0399695 0.0359119 0.0314747 0.0265113 0.0211134 0.0156532
 0.00802625 0.0125228 0.0179104 0.0238973 0.0302637 0.0368591 0.0434807 0.0497869 0.055342 0.0597307 0.062646 0.0639319 0.0636013 0.0618289 0.0589066 0.0551772 0.0509753 0.0465805 0.0421745 0.0378068 0.0333932 0.0287799 0.0238712 0.0187576 0.0137494
 0.00835913 0.0130474 0.0186701 0.0249244 0.0315773 0.0384608 0.045344 0.0518469 0.0574924 0.0618319 0.0645434 0.065479 0.0646836 0.06238 0.0589104 0.0546551 0.049965 0.0451189 0.0402972 0.0355657 0.0308837 0.0261574 0.0213377 0.0165171 0.0119513
 0.00866339 0.0135226 0.0193505 0.025833 0.0327272 0.0398558 0.0469729 0.0536731 0.0594454 0.0638056 0.0664027 0.0670759 0.0658793 0.0630679 0.0590324 0.0542052 0.0489793 0.0436583 0.0384347 0.0333866 0.0284982 0.0237123 0.0190099 0.0144797 0.0103282
 0.00890821 0.0139012 0.0198851 0.0265343 0.0335971 0.0408906 0.0481627 0.054998 0.0608704 0.065278 0.0678506 0.0684085 0.0669923 0.0638555 0.0594034 0.0540994 0.0483777 0.0425843 0.0369478 0.0315765 0.0264833 0.021638 0.0170373 0.0127584 0.00896125
 0.00918511 0.0143236 0.0204698 0.0272801 0.0344889 0.0419052 0.0492717 0.0561659 0.0620543 0.0664291 0.0689181 0.0693418 0.0677407 0.064367 0.0596251 0.0539826 0.0478875 0.041711 0.0357165 0.0300516 0.0247678 0.0198652 0.0153532 0.0112943 0.00780395
 0.00945091 0.0147132 0.0209782 0.0278781 0.0351351 0.0425646 0.0499283 0.0568218 0.0627183 0.0671026 0.0695874 0.0699776 0.0683031 0.0648105 0.0599021 0.0540459 0.0476938 0.0412296 0.0349408 0.029011 0.0235327 0.0185427 0.014068 0.0101617 0.0069019
 0.00949103 0.0147846 0.021096 0.0280572 0.0353837 0.0428759 0.0502775 0.0571734 0.0630433 0.0673957 0.0698695 0.0702818 0.0686515 0.0651966 0.0602876 0.0543692 0.0478852 0.0412265 0.0347021 0.0285299 0.0228445 0.0177225 0.0132162 0.00937818 0.00626021
 0.00955742 0.014892 0.0212573 0.0282853 0.0356903 0.0432685 0.0507524 0.0577094 0.0635982 0.0679118 0.070289 0.0705673 0.0687991 0.0652331 0.0602515 0.0542866 0.0477556 0.0410243 0.0343923 0.0280886 0.0222765 0.0170675 0.0125408 0.00875614 0.00574902
 0.00958482 0.0149344 0.0213178 0.0283672 0.0357993 0.0434142 0.0509484 0.0579691 0.0639273 0.0682998 0.0707048 0.0709626 0.0691223 0.0654463 0.0603422 0.0542665 0.0476468 0.0408428 0.0341399 0.0277588 0.0218691 0.0166016 0.0120568 0.00830447 0.00537279
 0.00950194 0.014814 0.0211631 0.028191 0.0356204 0.0432533 0.0508247 0.0579007 0.0639323 0.0683955 0.0709023 0.0712583 0.0694916 0.0658456 0.0607196 0.0545768 0.0478621 0.0409532 0.034147 0.0276688 0.0216923 0.0163571 0.0117754 0.00802424 0.00512856
 0.00943146 0.0147068 0.021016 0.0280068 0.0354086 0.0430292 0.0506093 0.0577186 0.0638081 0.0683495 0.0709468 0.0713973 0.0697194 0.0661457 0.061063 0.0549248 0.0481735 0.0411938 0.0342958 0.0277197 0.0216524 0.0162446 0.0116172 0.00785163 0.00497007
 0.00941892 0.0146813 0.020968 0.0279246 0.0352811 0.042851 0.0503857 0.0574678 0.0635591 0.0681366 0.0708026 0.0713462 0.0697733 0.0663017 0.0613041 0.0552219 0.0484894 0.0414891 0.0345361 0.0278821 0.0217296 0.0162448 0.0115608 0.00776517 0.00487888
 0.00941334 0.01467 0.0209465 0.0278863 0.0352176 0.0427535 0.0502472 0.0572865 0.0633423 0.0679026 0.0705803 0.0711695 0.0696738 0.0663001 0.061405 0.0554126 0.0487424 0.0417678 0.0348018 0.0281021 0.0218833 0.0163276 0.0115826 0.00774564 0.00483977
 0.00932407 0.0145356 0.0207643 0.0276606 0.0349582 0.0424731 0.0499591 0.0570045 0.0630806 0.0676757 0.0704031 0.0710575 0.0696421 0.0663613 0.0615646 0.0556649 0.0490682 0.0421357 0.0351736 0.02844 0.0221583 0.0165252 0.0117045 0.00780609 0.00485927
 0.00924196 0.0144069 0.0205798 0.0274153 0.0346529 0.0421159 0.0495675 0.0566054 0.0627071 0.0673608 0.0701738 0.0709311 0.0696261 0.0664552 0.0617616 0.0559529 0.0494288 0.0425428 0.0355945 0.028839 0.0225037 0.016796 0.0118948 0.00792401 0.00492225
 0.00920577 0.0143474 0.0204888 0.0272844 0.0344741 0.0418841 0.0492837 0.0562797 0.0623597 0.0670208 0.0698748 0.0707056 0.069499 0.0664393 0.0618573 0.0561498 0.0497088 0.0428821 0.0359639 0.0292065 0.0228383 0.0170735 0.0121029 0.00806396 0.0050057
 0.00923655 0.0143848 0.0205213 0.0272926 0.0344347 0.0417767 0.0490976 0.0560173 0.0620365 0.0666632 0.0695168 0.0703847 0.0692509 0.0662921 0.0618264 0.0562359 0.049899 0.0431526 0.0362844 0.0295434 0.0231589 0.017351 0.0123208 0.00821829 0.0051037
 0.00928736 0.0144658 0.0206393 0.02745 0.034626 0.0419841 0.0492889 0.0561506 0.062071 0.0665735 0.0693028 0.0700726 0.0688856 0.0659261 0.0615086 0.0560034 0.0497714 0.0431314 0.0363545 0.0296783 0.0233265 0.0175206 0.0124689 0.00833196 0.00518079
 0.00934057 0.0145431 0.020739 0.0275663 0.0347523 0.0421174 0.0494305 0.0563007 0.0622206 0.0666983 0.0693674 0.0700432 0.0687468 0.06569 0.0612129 0.0556989 0.049507 0.0429415 0.0362532 0.0296596 0.0233699 0.0175988 0.0125556 0.00840852 0.00523798
 0.00930234 0.0144835 0.0206543 0.0274547 0.0346146 0.0419579 0.0492591 0.0561344 0.0620827 0.0666132 0.0693513 0.0700951 0.068846 0.0658036 0.0613103 0.0557658 0.0495495 0.0429795 0.0363079 0.0297426 0.0234791 0.0177209 0.0126733 0.0085074 0.00531099
 0.00921626 0.0143571 0.0204888 0.0272596 0.0344039 0.0417451 0.0490536 0.0559426 0.0619116 0.0664744 0.0692611 0.0700708 0.0688978 0.0659275 0.061487 0.0559664 0.0497475 0.0431602 0.0364701 0.0298927 0.0236224 0.0178566 0.0127949 0.00860726 0.00538483
 0.0092596 0.0144136 0.0205482 0.0273041 0.0344138 0.0417067 0.0489656 0.0558157 0.0617631 0.066321 0.0691157 0.0699439 0.0688 0.0658697 0.0614763 0.0560018 0.0498188 0.043252 0.0365688 0.0299905 0.0237166 0.0179456 0.0128758 0.00867576 0.00543751
 0.00921933 0.0143614 0.0204937 0.0272626 0.0344003 0.0417265 0.0490092 0.0558612 0.0617861 0.0663063 0.0690633 0.0698657 0.0687135 0.0657915 0.0614194 0.0559744 0.0498238 0.0432864 0.0366249 0.0300589 0.0237889 0.0180156 0.0129392 0.0087291 0.00547864
