SBPRF35
12.7214
Curr Bio
1.01573e+006
B35
905249
F35
0.173693
FOFL
0.173693
OFL
144479
Bzero
3.63469e+006
#pred survey bio
 3.36782e+006 3.25563e+006 3.15648e+006 3.00743e+006 2.81838e+006 2.59508e+006 2.38372e+006 2.1675e+006 1.94045e+006 1.73764e+006 1.52148e+006 1.37691e+006 1.23209e+006 1.0978e+006 973774 859030 774020 686131 641520 615542 588648 562586 548378 529270 520957 512077 514737 516857 518016 524822 524101 519672 527334 538248 545982 551476 572171 583922 598005 612793 639620 648714 649517 653266 657260 666722 667856 672050 675523 681203 679215 710925 745815 775367 802918 830681 862597 881383 891895 898515 922331 933745 963840 980741 1.00132e+006 1.02036e+006 2.36527e+007 2.17698e+007 2.2096e+007 2.26956e+007 2.34632e+007 2.42794e+007 2.50591e+007 2.57539e+007 2.63444e+007 2.68301e+007 2.72204e+007 2.75293e+007 2.77713e+007 2.79596e+007 2.81058e+007 2.82192e+007 2.83072e+007 2.83757e+007 2.84291e+007 2.84709e+007 2.85038e+007 2.85297e+007 2.85502e+007 2.85665e+007 2.85795e+007 2.85899e+007 2.85983e+007 2.86049e+007 2.86103e+007 2.86147e+007 2.86182e+007 2.8621e+007 2.86234e+007 2.86252e+007 2.86268e+007 2.8628e+007 2.8629e+007 2.86299e+007 2.86305e+007 2.86311e+007 2.86315e+007 2.86319e+007 2.86322e+007 2.86325e+007 2.86327e+007 2.86328e+007 2.8633e+007 2.86331e+007 2.86332e+007 2.86332e+007 2.86333e+007 2.86333e+007 2.86334e+007 2.86334e+007 2.86334e+007 2.86335e+007 2.86335e+007 2.86335e+007 2.86335e+007 2.86335e+007 2.86335e+007 2.86335e+007 2.86335e+007 2.86335e+007 2.86336e+007 2.86336e+007 2.86336e+007 2.86336e+007 2.86336e+007 2.86336e+007 2.86336e+007 2.86336e+007 2.86336e+007 2.86336e+007 2.86336e+007 2.86336e+007 2.86336e+007 2.86336e+007 2.86336e+007 2.86336e+007 2.86336e+007 2.86336e+007 2.86336e+007 2.86336e+007 2.86336e+007 2.86336e+007 2.86336e+007 2.86336e+007 2.86336e+007 2.86336e+007 2.86336e+007 2.86336e+007 2.86336e+007 2.86336e+007 2.86336e+007 2.86336e+007 2.86336e+007 2.86336e+007 2.86336e+007 2.86336e+007 0 0 0 0 0 0 0 0 0 0 0 0 0 0 0 0 0 0 0 0 0 0 0 0 0
#obs survey bio
 3.25548e+006 3.3958e+006 3.95582e+006 2.70461e+006 2.54958e+006 2.91653e+006 2.0938e+006 1.7923e+006 1.30958e+006 1.61791e+006 1.49362e+006 1.29491e+006 1.31467e+006 946584 829959 827062 620196 683209 673264 876814 531963 502519 321186 515440 555400 387165 466852 912636 659767 639129 439858 583323 442421 483394 362851 528460 739638 596316 687662 464471 610222 621141 569938 649021 846144 498075 645426 723305 732949 565691 788850 849012 773294 711000 565813 828191 798088 736792 642166 978648 675409 882113 889168 939728 1.08406e+006 1.25253e+006
#pred catch bio
 92661.8 89881.8 148286 199298 247215 253960 276041 302453 294779 317222 260946 266772 259671 250300 239473 209536 205867 162455 142343 139204 134947 122955 125681 114902 114027 103658 103746 103363 97575.7 103098 105109 94542.9 92626 96193.8 98467.3 86562.2 95369.7 94306.7 95196.4 87214.1 104015 111274 108764 108774 104967 113018 110687 111222 109239 115798 88279.9 87898.5 94221.6 97895.7 100194 99225.1 112459 120927 125699 113039 126059 112410 126547 126172 130652 141986 144479 145311 146575 149514 153796 158461 162882 166742 169928 172454 174398 175860 176939 177725 178292 178696 178983 179185 179327 179426 179496 179544 179577 179600 179616 179627 179635 179640 179644 179646 179648 179649 179650 179651 179651 179651 179651 179652 179652 179652 179652 179652 179652 179652 179652 179652 179652 179652 179652 179652 179652 179652 179652 179652 179652 179652 179652 179652 179652 179652 179652 179652 179652 179652 179652 179652 179652 179652 179652 179652 179652 179652 179652 179652 179652 179652 179652 179652 179652 179652 179652 179652 179652 179652 179652 179652 179652 179652 179652 179652 179652 179652 179652 179652 179652 179652 179652 179652 179652 179652 0 0 0 0 0 0 0 0 0 0 0 0 0 0 0 0 0 0 0 0 0 0 0 0 0
#obs catch bio
 0 89481.3 148422 199476 247736 254362 276649 304736 297580 322630 263063 269897 262132 252373 242811 211842 209318 163836 143218 139204 134836 123088 127402 115821 115000 104556 104987 103603 97501.4 102749 105402 94590.7 92664.5 96365 99104.2 86543.7 95690.9 94157.9 95183.3 87143.3 104018 111030 108790 108634 104476 113404 110832 111213 108771 115776 87997.8 87776.3 94125.2 97931.2 100440 99289.3 112582 121069 126249 112999 126778 112584 126886 126570 131011 142066
#pred cpue bio
 3.32574e+006 3.21438e+006 3.11492e+006 2.9654e+006 2.77657e+006 2.55353e+006 2.34226e+006 2.12624e+006 1.8997e+006 1.69758e+006 1.48285e+006 1.33904e+006 1.19529e+006 1.0623e+006 939688 826591 743159 657472 614337 589497 563618 538178 524079 505380 497458 488982 491652 494017 495583 502550 501989 497711 505242 515909 523479 528930 549266 560870 574617 588945 615119 624058 624833 628509 632434 641553 642532 646717 650328 655986 653947 685065 719609 748743 775544 802487 833733 852168 862253 868422 891579 902617 932000 948348 968099 986403 2.28696e+007 2.10551e+007 2.13219e+007 2.18549e+007 2.26016e+007 2.34135e+007 2.41924e+007 2.48871e+007 2.54776e+007 2.59633e+007 2.63536e+007 2.66625e+007 2.69045e+007 2.70928e+007 2.7239e+007 2.73524e+007 2.74404e+007 2.75089e+007 2.75623e+007 2.76041e+007 2.7637e+007 2.76629e+007 2.76834e+007 2.76998e+007 2.77128e+007 2.77231e+007 2.77315e+007 2.77382e+007 2.77435e+007 2.77479e+007 2.77514e+007 2.77543e+007 2.77566e+007 2.77584e+007 2.776e+007 2.77612e+007 2.77622e+007 2.77631e+007 2.77637e+007 2.77643e+007 2.77647e+007 2.77651e+007 2.77654e+007 2.77657e+007 2.77659e+007 2.7766e+007 2.77662e+007 2.77663e+007 2.77664e+007 2.77664e+007 2.77665e+007 2.77666e+007 2.77666e+007 2.77666e+007 2.77667e+007 2.77667e+007 2.77667e+007 2.77667e+007 2.77667e+007 2.77667e+007 2.77667e+007 2.77667e+007 2.77668e+007 2.77668e+007 2.77668e+007 2.77668e+007 2.77668e+007 2.77668e+007 2.77668e+007 2.77668e+007 2.77668e+007 2.77668e+007 2.77668e+007 2.77668e+007 2.77668e+007 2.77668e+007 2.77668e+007 2.77668e+007 2.77668e+007 2.77668e+007 2.77668e+007 2.77668e+007 2.77668e+007 2.77668e+007 2.77668e+007 2.77668e+007 2.77668e+007 2.77668e+007 2.77668e+007 2.77668e+007 2.77668e+007 2.77668e+007 2.77668e+007 2.77668e+007 2.77668e+007 2.77668e+007 2.77668e+007 2.77668e+007 2.77668e+007 2.77668e+007 0 0 0 0 0 0 0 0 0 0 0 0 0 0 0 0 0 0 0 0 0 0 0 0 0
#obs cpue bio
 3.08308e+006 4.10691e+006 2.38172e+006 2.56902e+006 2.89868e+006 1.86783e+006 2.6048e+006 1.64874e+006 1.91034e+006 1.26858e+006 1.72092e+006 1.19189e+006 1.14894e+006 1.19743e+006 748934 758213 690852 675878 566871 588610 662473 490203 436800 544987 430635 491137 395765 485162 429239 540277 418080 451260 600679 530781 573419 683626 382863 749665 483844 645947 771143 784916 561921 747461 621864 506917 712821 688482 820798 742826 539125 559771 729776 696107 872823 828172 991345 983619 925755 922602 894437 930946 1.16822e+006 790501 886675 1.08469e+006
#pred surv len freq
 0.00430289 0.00703024 0.0106667 0.0152305 0.0206448 0.0266578 0.0328144 0.038565 0.0434667 0.0473201 0.0501563 0.0521298 0.0534234 0.0542009 0.0545952 0.0547142 0.0546548 0.0545004 0.0542639 0.0537739 0.0525759 0.0499863 0.0453832 0.038626 0.0303168
 0.00463924 0.00749141 0.0112055 0.0157582 0.0210661 0.0269208 0.0329408 0.0386367 0.0435712 0.0474929 0.0503599 0.0522835 0.0534599 0.0541135 0.0544461 0.0546017 0.0546576 0.0546262 0.0544293 0.05383 0.0523742 0.0494546 0.0445672 0.0376716 0.0294018
 0.00470519 0.00765949 0.0115643 0.01641 0.0220806 0.0282751 0.0344857 0.0401285 0.0447664 0.0482495 0.0506768 0.0522581 0.0532069 0.0537105 0.0539346 0.0540181 0.0540512 0.0540416 0.0538701 0.0532409 0.0516665 0.0485653 0.0435127 0.036555 0.028367
 0.00485321 0.00788127 0.0118689 0.0168091 0.0226042 0.0289839 0.0354604 0.0414242 0.0463504 0.0499652 0.052273 0.0534797 0.0538934 0.053838 0.0535876 0.0533269 0.0531409 0.0530082 0.0527712 0.0520924 0.0504541 0.0472771 0.0421781 0.0352581 0.0272205
 0.00506524 0.00822387 0.0123791 0.0175162 0.0235213 0.0300988 0.0367338 0.0428017 0.0477838 0.051421 0.0537125 0.0548217 0.0549976 0.054538 0.0537563 0.0529291 0.0522382 0.0517205 0.0512264 0.0503932 0.048673 0.0454757 0.0404315 0.0336637 0.025878
 0.00531762 0.00863274 0.012992 0.018377 0.0246624 0.0315275 0.038417 0.0446588 0.0496966 0.0532601 0.0553662 0.0562109 0.0560673 0.055233 0.0540056 0.0526579 0.0514031 0.050341 0.0493888 0.0482285 0.0463298 0.0431051 0.038183 0.031677 0.0242608
 0.00557574 0.00904798 0.0136094 0.0192373 0.0257966 0.0329477 0.0401039 0.0465537 0.0517039 0.0552589 0.057227 0.0578127 0.0573112 0.0560482 0.0543426 0.0524767 0.0506692 0.0490395 0.0475495 0.0459441 0.0437556 0.0404399 0.0356389 0.029443 0.0224667
 0.00582622 0.00945975 0.0142377 0.0201365 0.0270101 0.0344914 0.0419495 0.0486229 0.0538794 0.0574066 0.0592158 0.0595257 0.0586497 0.0569334 0.0547164 0.0522986 0.0499131 0.0476953 0.045637 0.043536 0.0409954 0.0375387 0.0328436 0.0269828 0.0204987
 0.00607283 0.00986786 0.0148659 0.0210455 0.0282526 0.0360948 0.043896 0.0508387 0.0562407 0.0597593 0.0614 0.0613965 0.0600914 0.0578643 0.0550855 0.052077 0.0490858 0.0462609 0.0436185 0.0410029 0.0380863 0.0344671 0.0298705 0.0243591 0.0184002
 0.006252 0.0101699 0.0153413 0.0217511 0.0292429 0.0374074 0.0455344 0.0527611 0.0583608 0.0619566 0.0635341 0.0633218 0.061672 0.0589878 0.0556702 0.0520723 0.0484666 0.0450238 0.0417873 0.0386455 0.0353361 0.0315304 0.0270039 0.0218139 0.0163568
 0.00659786 0.0107119 0.0161203 0.0227941 0.0305625 0.0389993 0.0473706 0.0547831 0.0604793 0.0640598 0.0655 0.0650305 0.0630159 0.0598783 0.0560414 0.0518803 0.0476877 0.0436547 0.0398519 0.0362112 0.0325332 0.0285598 0.0241159 0.0192553 0.0143052
 0.00678428 0.0110228 0.016602 0.0234933 0.0315151 0.0402144 0.048817 0.0563899 0.0621529 0.0657085 0.0670483 0.0664174 0.0641833 0.0607617 0.0565696 0.0519828 0.0473049 0.0427485 0.038418 0.0342946 0.0302434 0.0260752 0.0216626 0.0170587 0.0125309
 0.00699083 0.0113621 0.0171199 0.0242357 0.0325204 0.0414999 0.0503623 0.0581275 0.0639724 0.0674753 0.0686303 0.0677091 0.0651198 0.061317 0.0567403 0.0517682 0.0466946 0.041725 0.0369737 0.0324566 0.0280965 0.0237701 0.019398 0.0150358 0.0108988
 0.00722684 0.0117421 0.0176851 0.0250227 0.0335559 0.0427901 0.0518821 0.0598131 0.0657257 0.069177 0.0701566 0.0689478 0.0659849 0.061759 0.0567488 0.0513617 0.0459032 0.0405762 0.0354915 0.0306772 0.0260922 0.0216638 0.0173536 0.013222 0.00944079
 0.0074071 0.0120499 0.0181751 0.025754 0.0345774 0.0441191 0.0534837 0.0615951 0.0675549 0.0709078 0.0716572 0.0701154 0.0667498 0.062085 0.0566305 0.0508205 0.044979 0.0393179 0.033951 0.028913 0.0241822 0.0197163 0.0155032 0.0116034 0.00815162
 0.00756826 0.0123192 0.0185951 0.0263712 0.0354356 0.0452469 0.054877 0.0632048 0.0692843 0.072623 0.0732077 0.0713605 0.0675833 0.0624499 0.0565194 0.0502645 0.044033 0.0380475 0.0324266 0.02721 0.0223872 0.0179324 0.0138449 0.0101775 0.00703032
 0.00754476 0.0123061 0.0186229 0.0264866 0.0356937 0.0456968 0.0555478 0.0640969 0.0703681 0.0738407 0.0744757 0.0725741 0.068628 0.0632187 0.0569323 0.0502816 0.0436566 0.0373153 0.0314009 0.0259701 0.0210254 0.0165515 0.0125505 0.00906188 0.00615323
 0.00770473 0.0125465 0.0189495 0.0268956 0.0361786 0.0462562 0.0561883 0.0648263 0.0711824 0.0747132 0.0753546 0.0733903 0.0693082 0.0636965 0.0571551 0.0502147 0.0432874 0.0366568 0.0304927 0.024876 0.0198285 0.0153465 0.0114319 0.00810832 0.00541147
 0.00773337 0.0125824 0.0189835 0.0269124 0.0361607 0.0461919 0.056081 0.0647021 0.0710914 0.0747216 0.0755263 0.0737616 0.0698673 0.0643794 0.0578599 0.0508281 0.0437117 0.0368284 0.0303909 0.0245233 0.0192841 0.0146938 0.010762 0.00750145 0.00492131
 0.00777706 0.0126345 0.0190266 0.0269179 0.0360957 0.0460308 0.0558167 0.0643523 0.0706984 0.0743476 0.0752451 0.0736456 0.0699696 0.0647141 0.0583906 0.0514712 0.0443558 0.0373627 0.0307334 0.0246375 0.019183 0.0144308 0.0104127 0.00714174 0.00460875
 0.00797092 0.0129217 0.0194057 0.0273657 0.036569 0.0464727 0.056164 0.0645454 0.0706956 0.0741402 0.0748668 0.0731686 0.0694879 0.0643195 0.0581485 0.0514022 0.0444307 0.0375131 0.0308753 0.0246998 0.0191294 0.0142668 0.0101765 0.00688545 0.00437822
 0.00819092 0.0132673 0.0199015 0.0280217 0.0373728 0.0473806 0.0570956 0.0653885 0.0713285 0.0744647 0.0748356 0.0727978 0.0688504 0.0635261 0.0573215 0.0506482 0.0438171 0.0370573 0.0305497 0.0244517 0.0189069 0.0140393 0.00994129 0.00665994 0.00418495
 0.00815306 0.0132355 0.0199086 0.0281165 0.0376071 0.0477885 0.0576736 0.0660884 0.0720652 0.0751345 0.0753391 0.0730604 0.0688387 0.0632563 0.0568551 0.0500758 0.0432331 0.0365352 0.030126 0.0241256 0.0186535 0.0138292 0.00975614 0.00649624 0.00404855
 0.00814234 0.0132204 0.0198921 0.028108 0.0376264 0.0478684 0.0578564 0.0664127 0.072545 0.0757402 0.075993 0.0736538 0.0692641 0.0634396 0.0567756 0.0497674 0.0427701 0.0360072 0.0296123 0.0236776 0.01829 0.0135456 0.00953768 0.00632941 0.0039246
 0.00815406 0.0132221 0.0198632 0.0280203 0.0374544 0.0476044 0.0575243 0.066071 0.0722759 0.0756258 0.0760881 0.0739634 0.0697361 0.0639775 0.0572691 0.0501282 0.0429565 0.0360289 0.0295152 0.0235194 0.0181192 0.013391 0.00941053 0.00623048 0.00385103
 0.00823322 0.0133405 0.0200209 0.028207 0.0376479 0.0477708 0.0576228 0.0660648 0.0721483 0.0753959 0.075813 0.0737223 0.0695997 0.0639789 0.0573906 0.050311 0.0431278 0.0361321 0.0295281 0.0234537 0.0180067 0.0132654 0.00929595 0.00613865 0.00378414
 0.00805605 0.0130873 0.0197041 0.0278598 0.0373142 0.0474891 0.0574125 0.0659235 0.072059 0.0753388 0.075778 0.0737163 0.0696466 0.0641087 0.057622 0.0506356 0.0435069 0.0365087 0.0298487 0.0236866 0.0181479 0.0133325 0.00931483 0.00613284 0.00376979
 0.00794651 0.012901 0.0194109 0.0274336 0.0367464 0.046806 0.0566856 0.0652583 0.0715618 0.075078 0.0757622 0.0739031 0.0699715 0.0645155 0.0580766 0.0511217 0.0440109 0.0370077 0.0303096 0.0240762 0.0184452 0.0135355 0.00943795 0.00619841 0.00379977
 0.00794317 0.0128812 0.0193539 0.0273086 0.0365181 0.0464452 0.056183 0.0646366 0.0708816 0.0744312 0.075251 0.0736097 0.0699317 0.0647114 0.058452 0.0516077 0.0445469 0.0375475 0.0308178 0.0245237 0.0188106 0.013809 0.00962386 0.00631234 0.00386236
 0.00793904 0.012866 0.0193144 0.0272254 0.0363676 0.0462044 0.0558354 0.0641792 0.0703306 0.0738263 0.0746567 0.073107 0.069601 0.0646094 0.0585932 0.0519614 0.0450499 0.0381249 0.0314009 0.0250597 0.0192646 0.0141638 0.00987851 0.00647922 0.00396159
 0.00794177 0.0128792 0.0193494 0.0272955 0.0364807 0.0463535 0.0559919 0.0642953 0.0703515 0.0737097 0.0743892 0.0727125 0.0691381 0.0641584 0.0582355 0.0517566 0.04502 0.0382519 0.031638 0.0253491 0.0195537 0.0144152 0.0100731 0.00661435 0.00404583
 0.00800012 0.0129639 0.0194587 0.027423 0.0366192 0.0464996 0.056147 0.0644595 0.0705143 0.0738428 0.0744498 0.0726583 0.068948 0.0638465 0.0578522 0.0513738 0.0447076 0.0380564 0.0315705 0.0253885 0.0196599 0.0145456 0.0101949 0.00670957 0.00411035
 0.00801295 0.0129731 0.0194511 0.0273791 0.0365188 0.0463307 0.0559142 0.0641882 0.0702466 0.0736263 0.0743216 0.0726309 0.0690037 0.0639463 0.0579551 0.0514568 0.0447742 0.0381286 0.0316721 0.0255291 0.0198301 0.0147225 0.0103544 0.00683546 0.0041979
 0.00794664 0.0128777 0.0193299 0.0272408 0.0363728 0.04618 0.0557526 0.0640046 0.070036 0.0734001 0.0741102 0.0724757 0.0689397 0.063987 0.0580866 0.0516464 0.0449864 0.0383401 0.0318754 0.0257261 0.0200217 0.0149028 0.0105123 0.00696098 0.0042873
 0.00787784 0.0127724 0.0191841 0.0270571 0.0361608 0.0459568 0.0555408 0.0638266 0.0699063 0.0733189 0.0740659 0.0724543 0.0689368 0.0640109 0.0581517 0.0517608 0.045145 0.038527 0.0320724 0.0259191 0.0202022 0.015065 0.0106505 0.00707039 0.00436628
 0.00788854 0.0127782 0.0191716 0.0270076 0.0360561 0.0457882 0.0553166 0.0635732 0.0696606 0.0731166 0.0739298 0.0723897 0.068934 0.0640539 0.0582272 0.0518629 0.0452725 0.0386778 0.0322395 0.0260916 0.0203681 0.0152143 0.0107761 0.00716864 0.00443686
 0.00777267 0.0125961 0.0189093 0.0266555 0.0356108 0.0452547 0.0547131 0.0629359 0.0690445 0.0725894 0.0735594 0.072227 0.0689987 0.0643288 0.0586649 0.0524017 0.0458534 0.0392542 0.0327794 0.0265742 0.0207802 0.0155492 0.0110332 0.00735346 0.0045602
 0.00780934 0.0126396 0.0189449 0.0266592 0.0355549 0.0451174 0.0544859 0.062626 0.068672 0.0721829 0.0731543 0.0718653 0.0687254 0.0641831 0.0586684 0.0525505 0.0461195 0.039595 0.0331501 0.0269368 0.0211076 0.0158246 0.0112494 0.00751128 0.0046666
 0.00782391 0.0126634 0.0189797 0.026704 0.0356025 0.0451513 0.0544805 0.0625522 0.0685082 0.0719266 0.0728264 0.071506 0.0683836 0.0639061 0.0584939 0.0525006 0.0461963 0.0397804 0.0334101 0.0272307 0.0213973 0.0160817 0.0114575 0.00766562 0.00477141
 0.00780093 0.0126308 0.0189396 0.0266616 0.0355648 0.0451245 0.0544666 0.0625464 0.0684973 0.0718913 0.0727477 0.0713737 0.0682047 0.0637055 0.0583087 0.0523693 0.0461479 0.0398261 0.0335413 0.0274224 0.021616 0.0162947 0.011641 0.00780722 0.00486998
 0.00764286 0.0123882 0.0186021 0.026231 0.0350564 0.0445676 0.0539048 0.0620345 0.0680916 0.0716354 0.0726599 0.0714434 0.0683985 0.0639813 0.0586298 0.0527136 0.046508 0.0402021 0.0339311 0.0278149 0.0219913 0.0166295 0.0119162 0.0080142 0.00501164
 0.00762265 0.0123541 0.0185486 0.0261523 0.0349482 0.0444288 0.05374 0.061854 0.0679103 0.0714693 0.0725237 0.0713481 0.0683494 0.0639776 0.0586652 0.0527804 0.0466012 0.0403211 0.0340772 0.0279862 0.0221784 0.0168164 0.0120849 0.00815101 0.00511103
 0.00761064 0.0123433 0.0185479 0.0261742 0.0350035 0.0445203 0.0538568 0.0619725 0.0680015 0.0715093 0.0725009 0.0712659 0.0682231 0.0638284 0.0585149 0.0526467 0.0464964 0.0402529 0.0340496 0.0279991 0.0222266 0.0168888 0.0121666 0.00822758 0.00517264
 0.00761033 0.0123354 0.0185232 0.0261216 0.0349162 0.044402 0.0537259 0.0618578 0.0679303 0.071494 0.0725336 0.0713237 0.0682805 0.063868 0.0585325 0.0526489 0.0464948 0.0402594 0.0340727 0.0280427 0.0222892 0.016964 0.0122448 0.00829876 0.00522961
 0.00769805 0.0124593 0.0186744 0.026279 0.03505 0.0444829 0.0537334 0.0617867 0.0677929 0.0713183 0.0723557 0.0711749 0.0681772 0.0638083 0.058502 0.0526315 0.046481 0.0402483 0.0340692 0.0280525 0.0223149 0.0170034 0.0122916 0.00834523 0.00526923
 0.00764387 0.0123927 0.0186127 0.0262485 0.0350756 0.044572 0.0538662 0.0619196 0.0678766 0.0713201 0.0722736 0.0710366 0.0680252 0.0636816 0.0584227 0.0526016 0.0464889 0.0402785 0.03411 0.0280981 0.0223637 0.017054 0.0123414 0.00839032 0.00530596
 0.00757224 0.0122895 0.0184832 0.0261095 0.0349542 0.0445019 0.0538797 0.0620365 0.0680916 0.071596 0.072549 0.0712473 0.0681299 0.0636765 0.0583366 0.0524773 0.046364 0.040175 0.0340348 0.0280495 0.0223371 0.0170447 0.0123445 0.00840068 0.00531877
 0.00749833 0.012169 0.0183025 0.0258583 0.0346319 0.0441248 0.0534866 0.0616864 0.0678498 0.0715138 0.0726432 0.0714932 0.0684689 0.0640371 0.0586593 0.0527314 0.0465485 0.0403071 0.0341356 0.0281339 0.0224117 0.0171106 0.0124005 0.00844544 0.00535201
 0.00752604 0.0121973 0.0183137 0.0258253 0.0345241 0.0439199 0.0531816 0.0613036 0.0674358 0.0711308 0.0723564 0.0713533 0.068497 0.0642169 0.058943 0.0530572 0.0468622 0.0405762 0.0343507 0.028301 0.0225415 0.0172119 0.0124785 0.00850341 0.00539255
 0.00755863 0.0122468 0.0183806 0.0259046 0.0346028 0.0439751 0.0531818 0.061216 0.0672399 0.0708321 0.0719926 0.0709877 0.0681997 0.0640431 0.0589155 0.0531622 0.0470581 0.0408118 0.0345822 0.0285018 0.0227024 0.0173343 0.0125684 0.00856688 0.00543515
 0.00756449 0.0122684 0.0184349 0.0260135 0.0347858 0.0442375 0.053505 0.0615551 0.0675317 0.0710123 0.0720152 0.0708405 0.0679105 0.0636727 0.0585391 0.0528449 0.0468367 0.0406894 0.0345372 0.0285033 0.0227237 0.0173591 0.0125896 0.00858298 0.00544668
 0.00737476 0.011962 0.0179801 0.0253884 0.0339903 0.0433083 0.0525249 0.0606446 0.0668191 0.0705931 0.0719229 0.0710439 0.068335 0.0642321 0.0591627 0.0534894 0.0474815 0.0413227 0.0351439 0.0290611 0.0232082 0.0177527 0.0128868 0.00879082 0.00558081
 0.00734166 0.0118822 0.0178118 0.0250763 0.0334789 0.0425647 0.0515611 0.0595298 0.0656729 0.0695628 0.0711508 0.070633 0.0683239 0.0645892 0.0598027 0.054305 0.0483738 0.0422172 0.0359908 0.0298266 0.0238679 0.0182901 0.0132966 0.00908061 0.0057695
 0.00739854 0.0119649 0.0179158 0.0251849 0.0335599 0.0425688 0.0514273 0.0591993 0.065114 0.0687957 0.0702587 0.0697484 0.0675936 0.0641309 0.0596735 0.0544922 0.0488103 0.04281 0.0366482 0.0304747 0.0244544 0.0187831 0.0136814 0.00935821 0.00595333
 0.00738545 0.0119564 0.0179258 0.0252326 0.0336617 0.0427267 0.051618 0.0593716 0.0651975 0.0687202 0.069979 0.069267 0.0669707 0.0634749 0.0591104 0.0541267 0.0486942 0.0429337 0.0369542 0.0308833 0.0248884 0.0191831 0.0140118 0.00960538 0.00612125
 0.00728711 0.0118123 0.0177392 0.0250192 0.0334482 0.0425466 0.0515045 0.0593489 0.0652691 0.0688598 0.0701308 0.0693607 0.0669488 0.0633195 0.0588565 0.053852 0.0484899 0.042869 0.0370522 0.031119 0.0252055 0.0195177 0.0143123 0.00984277 0.00628834
 0.00720583 0.0116759 0.0175273 0.0247133 0.0330404 0.0420501 0.0509622 0.0588309 0.0648562 0.0686178 0.070088 0.069498 0.0672063 0.0636185 0.0591287 0.0540651 0.0486556 0.0430303 0.0372553 0.0313872 0.0255281 0.0198581 0.0146272 0.0100996 0.00647425
 0.00724912 0.0117357 0.0175969 0.0247775 0.0330766 0.0420322 0.0508674 0.0586475 0.0645921 0.0683057 0.0697801 0.069251 0.0670596 0.0635794 0.0591715 0.0541474 0.0487422 0.0431097 0.0373407 0.0315009 0.0256823 0.020045 0.0148223 0.0102753 0.00661168
 0.0072698 0.0117794 0.0176803 0.0249196 0.0332907 0.0423144 0.0511876 0.0589513 0.0648149 0.068394 0.0697113 0.0690408 0.0667563 0.0632453 0.0588614 0.0538925 0.0485481 0.0429677 0.0372423 0.0314455 0.0256732 0.0200804 0.0148902 0.0103562 0.00668668
 0.00729284 0.0118163 0.0177355 0.024999 0.0334029 0.0424706 0.0513984 0.0592187 0.0651229 0.0687036 0.0699655 0.0691818 0.0667478 0.0630875 0.0585903 0.0535641 0.0482172 0.042673 0.0370033 0.0312685 0.0255575 0.0200206 0.0148757 0.0103714 0.00671517
 0.00724329 0.0117362 0.0176162 0.0248343 0.0331916 0.0422215 0.051134 0.058976 0.0649468 0.0686342 0.0700229 0.0693557 0.0669974 0.0633547 0.0588214 0.0537284 0.0483136 0.0427217 0.0370315 0.0312977 0.0255989 0.0200758 0.0149394 0.0104355 0.00677134
 0.00726103 0.0117638 0.0176551 0.0248838 0.0332479 0.0422765 0.0511762 0.0589927 0.0649307 0.0685885 0.0699637 0.0693064 0.0669779 0.0633705 0.0588596 0.0537644 0.0483243 0.0426976 0.0369796 0.0312359 0.0255455 0.0200423 0.0149282 0.0104415 0.0067864
 0.00724698 0.011732 0.0175912 0.02477 0.033069 0.0420284 0.0508721 0.0586636 0.0646166 0.0683278 0.069785 0.0692261 0.0670016 0.0634938 0.0590674 0.05403 0.0486129 0.042975 0.0372212 0.0314318 0.0256986 0.0201615 0.0150217 0.0105145 0.00684122
 0.00731636 0.0118392 0.0177412 0.0249608 0.0332891 0.0422546 0.05107 0.0587937 0.0646463 0.0682444 0.0696018 0.0689782 0.0667338 0.063248 0.0588733 0.0539016 0.0485483 0.0429593 0.0372338 0.031454 0.0257194 0.0201777 0.015035 0.0105269 0.00685328
 0.00729324 0.0118154 0.0177304 0.024984 0.0333679 0.0424012 0.0512787 0.0590374 0.0648826 0.0684267 0.0696927 0.0689602 0.0666144 0.0630569 0.0586522 0.0536914 0.0483779 0.042841 0.0371643 0.0314207 0.0257075 0.0201761 0.0150376 0.0105312 0.00685836
 0.00712861 0.0115794 0.0174347 0.0246619 0.0330678 0.0421745 0.0511671 0.0590645 0.0650479 0.0687035 0.070031 0.0692979 0.0668946 0.0632437 0.0587395 0.0536991 0.0483407 0.0427935 0.03713 0.0314085 0.0257147 0.0201944 0.0150589 0.0105504 0.00687322
#obs surv len freq
 nan nan nan nan nan nan nan nan nan nan nan nan nan nan nan nan nan nan nan nan nan nan nan nan nan
 0.0044849 0.00734637 0.0111765 0.015993 0.0216937 0.0279693 0.0342833 0.0400144 0.0446937 0.0481572 0.0505148 0.0520104 0.0529024 0.0534146 0.0537286 0.0539834 0.0542619 0.0545546 0.0546933 0.0542851 0.0527232 0.0493554 0.0438053 0.0362855 0.0276693
 0.00461439 0.00755956 0.0115019 0.0164577 0.0223169 0.0287511 0.0351956 0.0409977 0.0456656 0.0490293 0.0512093 0.0524717 0.0531027 0.0533533 0.0534282 0.0534814 0.0536021 0.0537799 0.053843 0.0533964 0.051835 0.0485111 0.0430499 0.0356571 0.027189
 0.00478036 0.00782913 0.0119073 0.0170293 0.0230775 0.0297078 0.0363288 0.0422559 0.0469692 0.0502812 0.0523094 0.0533292 0.0536471 0.0535424 0.0532522 0.0529612 0.0527823 0.0527197 0.0526086 0.052058 0.0504675 0.0471946 0.0418637 0.0346668 0.0264307
 0.00496843 0.00813805 0.0123781 0.0177016 0.0239822 0.0308536 0.0376906 0.0437702 0.0485437 0.0518116 0.0536937 0.0544753 0.0544746 0.0539867 0.0532698 0.0525366 0.0519317 0.0514905 0.0510751 0.0503169 0.0486338 0.045395 0.0402234 0.033288 0.025371
 0.00517821 0.008482 0.0129013 0.0184483 0.0249877 0.0321313 0.0392177 0.0454823 0.0503419 0.0535805 0.0553188 0.055854 0.0555205 0.0546295 0.0534559 0.0522303 0.0511217 0.050197 0.0493573 0.0482764 0.0464128 0.0431645 0.0381587 0.0315355 0.0240159
 0.00539513 0.00883862 0.0134455 0.0192277 0.0260407 0.0334734 0.0408268 0.0472928 0.0522536 0.0554768 0.0570837 0.0573823 0.0567213 0.0554269 0.0537881 0.0520503 0.0504003 0.0489313 0.0475839 0.0460854 0.0439536 0.0406358 0.0357771 0.029489 0.0224203
 0.00565354 0.00925758 0.0140741 0.0201113 0.0272129 0.0349437 0.0425663 0.0492293 0.0542803 0.0574716 0.058928 0.0589717 0.0579688 0.0562614 0.0541519 0.0518963 0.0496927 0.0476536 0.0457546 0.0437787 0.0413143 0.0378748 0.033139 0.0271963 0.0206173
 0.00588164 0.00963542 0.0146556 0.0209508 0.0283539 0.0364015 0.0443112 0.0511817 0.0563241 0.0594785 0.0607788 0.0605664 0.0592273 0.0571193 0.0545557 0.0518003 0.0490584 0.0464558 0.0439977 0.0415198 0.0386844 0.0350806 0.030433 0.024818 0.0187301
 0.00613821 0.0100535 0.0152869 0.0218446 0.0295487 0.0379104 0.0461064 0.0531875 0.0584252 0.0615401 0.062669 0.0621719 0.0604612 0.057921 0.0548853 0.051629 0.0483624 0.0452179 0.0422206 0.0392513 0.0360425 0.0322617 0.0276864 0.0223882 0.0167901
 0.00637085 0.0104371 0.0158742 0.0226879 0.0306891 0.0393617 0.0478386 0.0551217 0.0604463 0.0635193 0.0644843 0.0637192 0.0616569 0.0587022 0.0552075 0.0514633 0.0476898 0.0440286 0.0405221 0.0370889 0.0335235 0.0295664 0.0250489 0.0200432 0.0149083
 0.00659824 0.0108112 0.0164453 0.0235058 0.0317935 0.0407668 0.0495169 0.056998 0.062407 0.0654344 0.0662289 0.065188 0.0627695 0.0594031 0.0554618 0.0512502 0.0469979 0.0428547 0.0388792 0.0350227 0.0311342 0.0270196 0.0225591 0.0178276 0.0131266
 0.00684373 0.0112103 0.017046 0.0243524 0.0329181 0.0421756 0.0511762 0.0588289 0.0642963 0.0672557 0.0678627 0.0665351 0.0637558 0.0599798 0.0556021 0.0509437 0.0462446 0.0416623 0.0372681 0.0330411 0.0288763 0.0246356 0.0202421 0.015772 0.0114755
 0.00704771 0.0115481 0.0175657 0.0251019 0.0339348 0.0434698 0.0527157 0.0605346 0.0660553 0.0689437 0.0693667 0.0677639 0.0646436 0.060484 0.0556999 0.050628 0.0455193 0.0405403 0.0357754 0.0312274 0.0268298 0.0224911 0.0181687 0.0139387 0.0100058
 0.00725367 0.0118836 0.018072 0.0258178 0.0348894 0.0446708 0.0541363 0.0621078 0.0676812 0.070507 0.0707557 0.0688853 0.0654298 0.0608952 0.0557211 0.050262 0.0447801 0.0394498 0.0343658 0.0295501 0.0249677 0.020564 0.0163231 0.0123181 0.00871278
 0.00745868 0.0122179 0.0185763 0.0265298 0.0358346 0.0458501 0.0555133 0.0636064 0.0691973 0.07193 0.0719869 0.0698478 0.0660707 0.0611841 0.0556479 0.0498335 0.0440158 0.0383785 0.0330257 0.027995 0.0232755 0.0188405 0.0146931 0.0109005 0.00758995
 0.00753413 0.012352 0.0187998 0.0268792 0.0363457 0.0465457 0.0563915 0.0646348 0.0703166 0.0730641 0.073055 0.0707734 0.0667883 0.0616438 0.0558175 0.0496982 0.0435771 0.0376525 0.0320438 0.0268065 0.0219518 0.0174755 0.013394 0.00976751 0.00669151
 0.00758213 0.0124193 0.0188827 0.0269714 0.0364454 0.0466649 0.0565601 0.0648951 0.0707074 0.0736026 0.0737241 0.0715221 0.0675424 0.0623211 0.0563416 0.0500089 0.0436352 0.0374423 0.0315741 0.0261115 0.0210913 0.0165322 0.0124625 0.00893645 0.00602301
 0.00763096 0.0124933 0.0189835 0.0270955 0.0365838 0.0468041 0.0566857 0.064999 0.0707963 0.0737027 0.0738754 0.0717613 0.0678826 0.0627396 0.0567825 0.0503976 0.0438975 0.0375212 0.0314402 0.0257683 0.0205756 0.0159084 0.0118109 0.00833498 0.00552885
 0.00770931 0.0126082 0.019133 0.0272695 0.0367665 0.0469779 0.0568351 0.0651117 0.0708652 0.0737287 0.0738713 0.0717533 0.0679048 0.0628211 0.0569323 0.0505947 0.0440938 0.0376553 0.0314568 0.0256364 0.0202979 0.0155214 0.0113737 0.00791168 0.00517041
 0.00775862 0.0126918 0.0192643 0.0274606 0.0370222 0.0472887 0.0571723 0.0654307 0.0711181 0.0738805 0.0739109 0.0716949 0.0677813 0.0626744 0.0568012 0.0505041 0.0440451 0.0376252 0.0314061 0.0255261 0.0201071 0.0152566 0.0110667 0.00760636 0.00490614
 0.007812 0.0127704 0.0193679 0.0275851 0.0371627 0.047443 0.0573416 0.0656159 0.071313 0.0740674 0.0740625 0.0717843 0.0677937 0.0626141 0.0566905 0.0503737 0.0439215 0.0375193 0.0313101 0.0254194 0.0199692 0.01508 0.0108623 0.00739867 0.00472189
 0.00785168 0.0128339 0.0194611 0.0277114 0.0373211 0.0476256 0.0575335 0.0657978 0.0714679 0.074186 0.0741439 0.0718305 0.0678043 0.0625851 0.0566198 0.0502665 0.0437912 0.0373819 0.0311758 0.0252886 0.0198349 0.0149361 0.0107106 0.00725 0.00459087
 0.0078576 0.0128422 0.0194712 0.0277228 0.037334 0.0476423 0.0575578 0.0658346 0.0715196 0.074251 0.0742172 0.0719054 0.0678742 0.0626439 0.0566614 0.0502854 0.0437845 0.0373511 0.031126 0.0252246 0.0197594 0.0148505 0.0106181 0.00715757 0.00450765
 0.0078757 0.0128652 0.0194941 0.0277371 0.0373304 0.0476147 0.0575073 0.0657697 0.0714548 0.0742021 0.0741967 0.0719189 0.0679198 0.0627132 0.0567421 0.0503643 0.0438505 0.0373967 0.0311476 0.0252226 0.0197367 0.0148113 0.010568 0.00710344 0.00445674
 0.00789329 0.0128901 0.0195244 0.0277679 0.0373542 0.0476226 0.0574909 0.0657241 0.0713809 0.0741091 0.074101 0.0718404 0.0678751 0.0627107 0.0567794 0.0504307 0.0439304 0.0374745 0.0312114 0.0252653 0.0197563 0.01481 0.010551 0.00707749 0.00442871
 0.00792226 0.0129347 0.0195868 0.0278475 0.0374473 0.0477217 0.0575843 0.0657969 0.0714184 0.0741011 0.0740462 0.071748 0.0677626 0.0625994 0.0566879 0.0503697 0.043901 0.0374693 0.0312189 0.0252743 0.0197588 0.014803 0.0105354 0.00705695 0.0044076
 0.00790908 0.0129155 0.0195621 0.0278196 0.0374195 0.0476977 0.0575673 0.0657887 0.0714186 0.0741068 0.0740525 0.0717495 0.0677565 0.0625869 0.056675 0.0503647 0.0439102 0.0374944 0.0312557 0.0253148 0.0197946 0.0148283 0.0105484 0.00705967 0.00440388
 0.0078795 0.0128648 0.0194815 0.0277004 0.0372571 0.0474962 0.0573428 0.0655685 0.0712344 0.0739849 0.0740063 0.0717774 0.0678451 0.0627168 0.0568271 0.050524 0.0440678 0.0376454 0.0313966 0.0254412 0.0199017 0.0149119 0.0106076 0.00709689 0.00442413
 0.00785262 0.0128192 0.0194092 0.0275929 0.0371068 0.0472997 0.057105 0.0653046 0.0709695 0.0737505 0.0738337 0.0716909 0.0678549 0.0628172 0.056999 0.0507412 0.0443042 0.0378799 0.0316144 0.0256332 0.0200622 0.0150383 0.0107001 0.00715892 0.00446178
 0.00784693 0.0128044 0.0193767 0.0275311 0.037004 0.0471483 0.0569056 0.0650677 0.0707138 0.0734998 0.0736138 0.0715264 0.0677666 0.0628175 0.0570881 0.0509065 0.0445229 0.0381249 0.0318602 0.0258597 0.0202564 0.0151936 0.0108155 0.00723817 0.00451155
 0.00784296 0.0127987 0.019369 0.0275206 0.0369878 0.0471202 0.0568562 0.0649866 0.0705943 0.0733434 0.0734326 0.0713417 0.0676041 0.0627017 0.0570373 0.0509285 0.0446137 0.0382694 0.0320362 0.0260433 0.0204273 0.015338 0.0109271 0.007317 0.00456233
 0.00780706 0.0127413 0.0192848 0.0274062 0.0368431 0.0469507 0.0566735 0.0648066 0.0704328 0.073211 0.0733328 0.0712728 0.0675648 0.0626945 0.0570682 0.0510046 0.0447377 0.0384366 0.0322336 0.0262519 0.0206266 0.0155112 0.0110643 0.00741604 0.00462733
 0.00777341 0.0126858 0.0192 0.0272849 0.036681 0.0467489 0.0564414 0.064563 0.0702022 0.0730181 0.0731961 0.0712015 0.0675575 0.0627429 0.0571623 0.0511358 0.0449005 0.0386262 0.0324423 0.0264676 0.0208339 0.0156947 0.0112131 0.00752591 0.00470097
 0.00774013 0.0126286 0.0191081 0.0271471 0.0364881 0.0464989 0.0561439 0.0642398 0.0698845 0.0727393 0.0729857 0.0710795 0.0675323 0.062811 0.0573097 0.0513433 0.0451477 0.0388952 0.0327181 0.0267365 0.0210824 0.0159104 0.0113869 0.00765479 0.0047881
 0.00768121 0.0125346 0.01897 0.0269577 0.0362433 0.0462001 0.0558004 0.0638709 0.0695182 0.0724085 0.0727229 0.0709118 0.0674771 0.0628727 0.0574798 0.0516019 0.0454684 0.0392495 0.0330793 0.0270822 0.0213944 0.0161755 0.0115975 0.0078096 0.00489256
 0.00769057 0.0125417 0.0189659 0.0269285 0.0361742 0.0460798 0.0556261 0.0636495 0.0692642 0.0721412 0.0724636 0.070683 0.0673014 0.0627703 0.0574646 0.0516774 0.0456263 0.0394712 0.0333399 0.0273551 0.0216555 0.0164058 0.0117851 0.00795017 0.00498891
 0.00768066 0.0125338 0.0189683 0.0269522 0.0362268 0.0461586 0.0557135 0.0637158 0.0692779 0.0720813 0.072328 0.0704882 0.0670763 0.0625488 0.0572784 0.0515515 0.0455752 0.0394965 0.0334309 0.0274919 0.021814 0.0165629 0.0119231 0.00805909 0.00506636
 0.00763336 0.0124604 0.0188651 0.0268201 0.0360732 0.0459988 0.0555696 0.0636109 0.0692272 0.0720834 0.0723637 0.0705297 0.0671005 0.0625473 0.0572594 0.0515345 0.0455818 0.0395426 0.0335217 0.0276205 0.0219645 0.0167158 0.0120605 0.00816943 0.00514586
 0.00761535 0.0124269 0.018807 0.026727 0.0359368 0.0458182 0.0553557 0.0633877 0.0690266 0.0719364 0.0722903 0.0705324 0.0671641 0.0626456 0.057367 0.0516363 0.0456765 0.0396386 0.0336294 0.0277448 0.0221015 0.0168542 0.0121868 0.00827302 0.00522194
 0.00758781 0.0123854 0.0187503 0.026655 0.0358496 0.0457141 0.0552319 0.0632428 0.0688647 0.0717705 0.0721421 0.0704265 0.067119 0.0626667 0.0574448 0.0517514 0.0458085 0.0397742 0.0337637 0.0278781 0.0222334 0.0169808 0.0123006 0.00836667 0.00529162
 0.00758904 0.0123867 0.018751 0.0266541 0.0358461 0.045707 0.05522 0.0632236 0.0688338 0.0717224 0.072073 0.0703386 0.0670231 0.0625801 0.0573847 0.0517279 0.0458219 0.039817 0.033826 0.0279517 0.0223128 0.0170608 0.0123757 0.00843125 0.00534171
 0.00754514 0.0123197 0.0186584 0.0265369 0.0357086 0.0455569 0.0550679 0.0630825 0.0687171 0.0716401 0.0720293 0.0703308 0.0670443 0.0626231 0.0574456 0.0518065 0.0459194 0.0399319 0.0339532 0.0280832 0.02244 0.0171765 0.0124744 0.00850971 0.0053992
 0.00754915 0.0123214 0.0186524 0.0265155 0.0356643 0.0454861 0.0549737 0.0629745 0.0686087 0.0715443 0.0719551 0.0702823 0.0670215 0.0626229 0.0574642 0.051841 0.0459684 0.0399951 0.0340295 0.0281691 0.0225296 0.0172627 0.0125509 0.00857195 0.00544547
 0.00753608 0.0123032 0.0186303 0.0264916 0.0356401 0.0454601 0.0549409 0.0629284 0.0685451 0.0714651 0.0718696 0.0702039 0.0669627 0.0625914 0.0574615 0.0518641 0.0460123 0.0400549 0.0341009 0.028248 0.0226112 0.0173412 0.0126207 0.00862892 0.0054878
 0.00754029 0.0123098 0.0186399 0.0265049 0.0356576 0.0454825 0.0549679 0.0629574 0.0685703 0.0714781 0.0718616 0.0701701 0.0669055 0.0625204 0.0573898 0.0518039 0.0459713 0.0400359 0.0341028 0.0282673 0.0226429 0.0173797 0.0126601 0.00866412 0.00551573
 0.00752644 0.0122909 0.0186179 0.026484 0.0356429 0.045478 0.0549752 0.0629756 0.0685962 0.0715074 0.0718889 0.0701893 0.0669108 0.0625086 0.0573623 0.0517671 0.0459344 0.0400077 0.0340889 0.0282691 0.0226582 0.017404 0.0126879 0.00869061 0.00553757
 0.00750989 0.0122641 0.018578 0.0264293 0.0355741 0.0453996 0.0548963 0.0629085 0.068553 0.0714953 0.071908 0.0702329 0.0669678 0.0625676 0.0574141 0.0518067 0.045962 0.0400274 0.0341064 0.0282894 0.0226833 0.0174327 0.0127173 0.00871729 0.00555899
 0.00748487 0.012223 0.0185156 0.0263408 0.0354567 0.0452549 0.0547323 0.0627402 0.0684005 0.0713791 0.0718444 0.0702296 0.0670223 0.0626683 0.0575436 0.0519468 0.0460977 0.0401498 0.0342124 0.0283797 0.0227602 0.0174978 0.0127709 0.00875918 0.00558943
 0.00748997 0.0122274 0.0185148 0.0263281 0.0354243 0.0451963 0.0546453 0.0626278 0.0682714 0.0712465 0.0717242 0.0701381 0.0669729 0.0626674 0.0575895 0.0520297 0.0462029 0.0402622 0.03432 0.0284755 0.0228414 0.0175643 0.0128235 0.00879892 0.00561763
 0.00748997 0.0122274 0.0185148 0.0263281 0.0354243 0.0451963 0.0546453 0.0626278 0.0682714 0.0712465 0.0717242 0.0701381 0.0669729 0.0626674 0.0575895 0.0520297 0.0462029 0.0402622 0.03432 0.0284755 0.0228414 0.0175643 0.0128235 0.00879892 0.00561763
 0.00724575 0.0118444 0.0179661 0.0256011 0.0345274 0.044166 0.0535516 0.061572 0.0673682 0.0705982 0.071397 0.070152 0.0673046 0.063262 0.0583739 0.0529256 0.0471365 0.0411704 0.0351544 0.029203 0.0234444 0.0180385 0.0131757 0.00904439 0.00577686
 0.00718475 0.0117173 0.0177239 0.0251834 0.0338798 0.043267 0.0524359 0.0603344 0.0661443 0.0695309 0.0706065 0.0697165 0.067255 0.0635829 0.0590113 0.0537983 0.0481505 0.0422323 0.0361825 0.030134 0.0242366 0.0186722 0.0136509 0.00937671 0.00599223
 0.00717175 0.0116976 0.0176945 0.0251359 0.0337939 0.0431051 0.052146 0.0598656 0.0654738 0.068689 0.069683 0.0688427 0.0665662 0.063183 0.0589501 0.0540672 0.0486929 0.0429614 0.0370003 0.0309494 0.0249772 0.0192914 0.014129 0.00971741 0.00621548
 0.00717325 0.0117028 0.0177074 0.0251614 0.0338355 0.0431605 0.052201 0.0598899 0.0654212 0.0685075 0.0693346 0.0683277 0.0659381 0.0625424 0.0584169 0.0537429 0.0486307 0.0431555 0.0373954 0.0314616 0.0255189 0.0197905 0.01454 0.010023 0.00642146
 0.00711678 0.0116193 0.0175973 0.0250313 0.0336973 0.0430288 0.0520907 0.059812 0.0653779 0.0684859 0.0693052 0.0682504 0.0657795 0.0622963 0.0581176 0.0534612 0.0484495 0.0431378 0.0375603 0.0317795 0.0259259 0.020213 0.0149172 0.0103198 0.0066296
 0.00702739 0.0114774 0.0173908 0.0247535 0.0333503 0.0426284 0.0516694 0.0594163 0.065058 0.0682807 0.0692289 0.0682879 0.0658916 0.0624337 0.0582404 0.0535567 0.0485382 0.0432628 0.0377629 0.0320755 0.0262958 0.02061 0.0152881 0.0106244 0.00685096
 0.00702332 0.0114648 0.0173608 0.0246934 0.0332467 0.0424717 0.0514583 0.0591619 0.0647828 0.0680158 0.0690078 0.0681375 0.0658238 0.0624409 0.0582993 0.0536392 0.0486269 0.0433601 0.0378879 0.0322492 0.0265236 0.0208747 0.0155558 0.0108605 0.00703311
 0.00705136 0.011513 0.0174374 0.0248055 0.0333955 0.0426472 0.0516359 0.059305 0.0648538 0.06799 0.0688826 0.0679343 0.0655793 0.0621946 0.0580809 0.0534629 0.048494 0.0432677 0.0378376 0.0322478 0.0265763 0.0209759 0.0156868 0.0109953 0.00714931
 0.00702968 0.0114867 0.0174145 0.0247995 0.0334228 0.042721 0.0517605 0.0594718 0.06504 0.0681619 0.0690033 0.0679748 0.0655282 0.0620626 0.0578963 0.0532609 0.0483052 0.0431126 0.0377269 0.0321867 0.0265656 0.0210106 0.0157541 0.0110769 0.00722696
 0.00695943 0.0113718 0.0172413 0.0245582 0.0331128 0.0423588 0.0513839 0.0591356 0.0648016 0.0680609 0.0690478 0.0681392 0.0657648 0.0623192 0.058133 0.0534586 0.0484651 0.0432478 0.0378531 0.0323153 0.0267012 0.0211509 0.0158914 0.0112006 0.00732773
 0.00698944 0.0114158 0.0172981 0.024622 0.0331726 0.0423994 0.0513888 0.0590924 0.0647092 0.0679346 0.0689165 0.0680349 0.0657087 0.0623126 0.058159 0.0534927 0.0484881 0.0432534 0.0378476 0.0323115 0.0267106 0.0211786 0.0159348 0.0112516 0.00737696
 0.0069289 0.0113253 0.0171767 0.0244739 0.0330061 0.0422239 0.0512132 0.058924 0.0645538 0.067798 0.0688065 0.0679631 0.0656894 0.0623575 0.0582697 0.0536571 0.0486829 0.0434532 0.0380336 0.0324755 0.0268529 0.0213026 0.0160423 0.0113419 0.00744797
 0.00693553 0.0113313 0.0171771 0.0244617 0.0329749 0.0421716 0.0511439 0.0588467 0.0644784 0.0677296 0.0687445 0.0679038 0.0656321 0.0623082 0.0582403 0.053659 0.0487209 0.0435218 0.0381207 0.0325677 0.0269409 0.0213821 0.0161119 0.0114006 0.00749473
 0.0069817 0.0114054 0.0172863 0.0246102 0.033161 0.0423845 0.0513618 0.0590403 0.0646181 0.0677955 0.068731 0.0678185 0.0654901 0.0621277 0.0580406 0.0534601 0.0485412 0.0433748 0.0380116 0.0324944 0.0268967 0.0213594 0.0161043 0.0114028 0.0075022
 0.00697978 0.0114083 0.0173018 0.0246495 0.0332358 0.0425026 0.0515223 0.0592311 0.0648171 0.0679747 0.0688632 0.0678838 0.0654807 0.0620485 0.0579067 0.0532926 0.0483624 0.0432048 0.0378656 0.0323805 0.026816 0.0213079 0.0160755 0.0113898 0.00749881
#pred catch len freq
