SBPRF35
12.7214
Curr Bio
881391
B35
878185
F35
0.170767
FOFL
0.165826
OFL
115859
Bzero
3.63469e+06
#pred survey bio
 3.78498e+06 3.65786e+06 3.54651e+06 3.37249e+06 3.13796e+06 2.90256e+06 2.65827e+06 2.42219e+06 2.16214e+06 1.91816e+06 1.708e+06 1.51632e+06 1.34628e+06 1.19757e+06 1.05518e+06 921317 811790 736793 687583 645941 626404 600907 591427 583267 573641 566980 558089 563114 561085 571361 565194 566197 577986 585194 589164 593336 603974 617896 621434 627992 644117 653594 659058 660490 667878 671882 671498 677661 679084 688970 698336 757119 807085 857947 890241 899615 886952 3.00703e+07 1.77086e+07 1.77311e+07 1.84164e+07 1.95735e+07 2.09392e+07 2.23108e+07 2.35651e+07 2.46445e+07 2.55358e+07 2.6251e+07 2.68135e+07 2.725e+07 2.75857e+07 2.78426e+07 2.80386e+07 2.81882e+07 2.83024e+07 2.839e+07 2.84572e+07 2.85092e+07 2.85495e+07 2.85809e+07 2.86055e+07 2.86248e+07 2.86401e+07 2.86521e+07 2.86617e+07 2.86694e+07 2.86755e+07 2.86804e+07 2.86844e+07 2.86876e+07 2.86901e+07 2.86922e+07 2.86939e+07 2.86953e+07 2.86964e+07 2.86974e+07 2.86981e+07 2.86987e+07 2.86992e+07 2.86996e+07 2.86999e+07 2.87002e+07 2.87004e+07 2.87006e+07 2.87008e+07 2.87009e+07 2.8701e+07 2.87011e+07 2.87011e+07 2.87012e+07 2.87012e+07 2.87013e+07 2.87013e+07 2.87013e+07 2.87013e+07 2.87014e+07 2.87014e+07 2.87014e+07 2.87014e+07 2.87014e+07 2.87014e+07 2.87014e+07 2.87014e+07 2.87014e+07 2.87014e+07 2.87014e+07 2.87014e+07 2.87014e+07 2.87014e+07 2.87014e+07 2.87014e+07 2.87014e+07 2.87014e+07 2.87014e+07 2.87014e+07 2.87014e+07 2.87014e+07 2.87014e+07 2.87014e+07 2.87014e+07 2.87014e+07 2.87014e+07 2.87014e+07 2.87014e+07 2.87014e+07 2.87014e+07 2.87014e+07 2.87014e+07 2.87014e+07 2.87014e+07 2.87014e+07 2.87014e+07 2.87014e+07 2.87014e+07 2.87014e+07 2.87014e+07 2.87014e+07 0 0 0 0 0 0 0 0 0 0 0 0 0 0 0 0 0 0 0 0 0 0 0 0 0
#obs survey bio
 4.45919e+06 3.45773e+06 3.85034e+06 2.86984e+06 4.54635e+06 2.47377e+06 2.78784e+06 2.33993e+06 2.31649e+06 2.09468e+06 1.29664e+06 1.43444e+06 1.40027e+06 1.38196e+06 721377 1.12276e+06 769957 621021 490941 602677 497886 579458 550242 598959 567766 574188 436896 612642 553930 547331 552159 472888 487120 758534 579342 526287 700189 798416 683813 447917 709059 827178 660371 542368 805646 549255 950291 518172 955283 587468 899049 627156 772672 845556 1.14448e+06 1.18739e+06 798818
#pred catch bio
 101452 93682.8 159211 226010 240747 264878 274607 313422 314124 296739 290607 278093 262500 257306 247565 222532 189094 164324 154986 133292 135334 118826 115655 114558 109686 109639 96953.3 102567 92043.7 105810 99144.9 90705.2 95465.4 98211.7 97906.1 92838.9 91060.9 100579 98659.9 92345.8 99958.6 104193 107596 102385 105390 109128 103929 108798 102762 105008 66387.1 77611.8 78175 93802.9 111487 126531 133197 115859 116605 115397 118423 125213 133643 142138 149820 156311 161545 165623 168720 171027 172719 173945 174825 175453 175897 176210 176430 176584 176691 176766 176818 176854 176879 176897 176909 176917 176923 176927 176929 176931 176932 176933 176934 176934 176935 176935 176935 176935 176935 176935 176935 176935 176935 176935 176935 176935 176935 176935 176935 176935 176935 176935 176935 176935 176935 176935 176935 176935 176935 176935 176935 176935 176935 176935 176935 176935 176935 176935 176935 176935 176935 176935 176935 176935 176935 176935 176935 176935 176935 176935 176935 176935 176935 176935 176935 176935 176935 176935 176935 176935 176935 176935 176935 176935 176935 176935 176935 0 0 0 0 0 0 0 0 0 0 0 0 0 0 0 0 0 0 0 0 0 0 0 0 0
#obs catch bio
 0 93254 159372 226553 240197 264290 273526 313292 314472 296412 292923 280270 263355 257793 248880 222886 189518 166046 157473 134721 136995 119511 116370 115198 109619 109288 97061.7 102691 91915.8 105760 99173.1 90610.3 96073.4 98138.3 98026.9 93015.4 91083.8 100749 98648.9 92598.1 100349 104740 108140 102868 105301 109493 103789 109361 102898 105808 66269.3 78087.2 78530.6 94141 111619 126425 133264
#pred cpue bio
 3.73249e+06 3.60707e+06 3.49725e+06 3.3241e+06 3.09043e+06 2.85576e+06 2.61211e+06 2.37651e+06 2.11746e+06 1.87466e+06 1.66549e+06 1.47498e+06 1.30649e+06 1.15953e+06 1.01904e+06 887177 779498 705834 657640 617193 598513 574110 565215 557588 548585 542443 533935 538899 537039 547151 541212 542173 553604 560732 564797 568944 579320 592924 596382 602601 618052 627179 632609 634168 641525 645479 645047 650944 652168 661627 670546 728074 777644 828259 860547 870167 858403 2.91324e+07 1.71628e+07 1.70434e+07 1.75623e+07 1.86559e+07 2.00055e+07 2.13737e+07 2.26273e+07 2.37065e+07 2.45978e+07 2.5313e+07 2.58755e+07 2.6312e+07 2.66477e+07 2.69046e+07 2.71006e+07 2.72502e+07 2.73644e+07 2.7452e+07 2.75193e+07 2.75712e+07 2.76115e+07 2.76429e+07 2.76675e+07 2.76868e+07 2.77021e+07 2.77141e+07 2.77237e+07 2.77314e+07 2.77375e+07 2.77424e+07 2.77464e+07 2.77496e+07 2.77521e+07 2.77542e+07 2.77559e+07 2.77573e+07 2.77584e+07 2.77594e+07 2.77601e+07 2.77607e+07 2.77612e+07 2.77616e+07 2.77619e+07 2.77622e+07 2.77624e+07 2.77626e+07 2.77628e+07 2.77629e+07 2.7763e+07 2.77631e+07 2.77631e+07 2.77632e+07 2.77632e+07 2.77633e+07 2.77633e+07 2.77633e+07 2.77633e+07 2.77634e+07 2.77634e+07 2.77634e+07 2.77634e+07 2.77634e+07 2.77634e+07 2.77634e+07 2.77634e+07 2.77634e+07 2.77634e+07 2.77634e+07 2.77634e+07 2.77634e+07 2.77634e+07 2.77634e+07 2.77634e+07 2.77634e+07 2.77634e+07 2.77634e+07 2.77634e+07 2.77634e+07 2.77634e+07 2.77634e+07 2.77634e+07 2.77634e+07 2.77634e+07 2.77634e+07 2.77634e+07 2.77634e+07 2.77634e+07 2.77634e+07 2.77634e+07 2.77634e+07 2.77634e+07 2.77634e+07 2.77634e+07 2.77634e+07 2.77634e+07 2.77634e+07 2.77634e+07 2.77634e+07 2.77634e+07 0 0 0 0 0 0 0 0 0 0 0 0 0 0 0 0 0 0 0 0 0 0 0 0 0
#obs cpue bio
 3.08148e+06 3.14804e+06 3.55061e+06 3.33117e+06 3.27216e+06 3.56042e+06 2.64747e+06 1.91639e+06 1.61347e+06 1.94506e+06 1.05988e+06 1.4689e+06 1.57390e+06 1.09343e+06 1.20414e+06 843560 731547 451969 599112 609365 687881 658060 556308 536356 775516 709654 431149 590250 521256 690204 481342 649308 383953 743866 492437 557054 529053 468016 594165 554868 553158 413624 631435 653687 865614 576962 589969 538691 537299 608269 478125 634417 644139 1.17191e+06 925981 841388 885114
#pred surv len freq
 0.00554612 0.00884069 0.0129993 0.0179055 0.0233947 0.0292089 0.0349521 0.040159 0.0444626 0.0477222 0.050012 0.0515135 0.0524181 0.0528845 0.0530359 0.0529747 0.0528002 0.052604 0.0524086 0.0520473 0.0510596 0.0487417 0.0444379 0.0379686 0.0299024
 0.00567968 0.00898946 0.0131012 0.017872 0.0231487 0.028736 0.0343332 0.0395517 0.0440344 0.0475744 0.0501421 0.0518381 0.0528343 0.0533272 0.0534997 0.0534932 0.0534 0.0532589 0.0530202 0.052468 0.0511525 0.0484488 0.0438166 0.037171 0.0291087
 0.00586538 0.0092784 0.0135071 0.0183864 0.0237292 0.0292985 0.0347599 0.0397264 0.0438983 0.0471692 0.0496039 0.0513365 0.0524949 0.0531913 0.0535395 0.0536583 0.0536497 0.0535579 0.0533122 0.0526598 0.0511367 0.0481554 0.0432595 0.036452 0.0283734
 0.0060384 0.00956159 0.0139366 0.0189961 0.0245414 0.0303085 0.0359173 0.040924 0.0449816 0.0479726 0.0500044 0.0513026 0.0521013 0.0525855 0.0528783 0.0530519 0.0531414 0.0531349 0.0529241 0.0522335 0.0505952 0.0474497 0.0424018 0.0355236 0.0274939
 0.00629653 0.00996395 0.0145111 0.0197601 0.0255032 0.0314671 0.0372563 0.0424008 0.0465164 0.0494436 0.0512571 0.052178 0.0524803 0.0524325 0.0522576 0.052102 0.0520193 0.0519607 0.0517527 0.0510607 0.0493885 0.0461895 0.0411136 0.0342842 0.026404
 0.00660759 0.0104469 0.0151958 0.02066 0.0266155 0.032773 0.0387198 0.0439679 0.0481188 0.0510037 0.0526877 0.0533774 0.0533328 0.0528259 0.0521179 0.0514263 0.0508842 0.0504953 0.0500915 0.0493065 0.0476051 0.0444245 0.0394275 0.0327599 0.0251284
 0.00693793 0.0109678 0.0159496 0.0216752 0.0279018 0.0343148 0.040468 0.0458389 0.0500053 0.0527951 0.0542871 0.0547051 0.0543182 0.0533979 0.0522042 0.0509703 0.0498709 0.0489708 0.0481602 0.0471067 0.0452828 0.0421196 0.0372722 0.0308749 0.0236046
 0.00721837 0.0114177 0.0166159 0.0225986 0.0291107 0.0358153 0.0422311 0.0477937 0.052045 0.0547935 0.0561183 0.0562581 0.0555044 0.0541488 0.052465 0.0506946 0.0490263 0.0475563 0.0462262 0.0447651 0.0426985 0.0394892 0.0347955 0.0287232 0.0218908
 0.00754671 0.0119379 0.0173742 0.0236311 0.0304393 0.0374412 0.0441248 0.0498879 0.0542372 0.0569585 0.0581238 0.0579787 0.0568319 0.0549989 0.0527778 0.0504303 0.048161 0.0460863 0.0441841 0.0422405 0.039851 0.0365389 0.0319881 0.0262783 0.0199518
 0.00795016 0.0125631 0.0182588 0.0247918 0.0318734 0.0391282 0.046024 0.0519342 0.0563431 0.0590221 0.0600383 0.0596398 0.058142 0.0558715 0.053141 0.0502292 0.0473591 0.0446697 0.0421738 0.0397125 0.0369545 0.0334957 0.0290608 0.0237117 0.0179116
 0.00824865 0.0130462 0.0189812 0.0258015 0.033201 0.0407716 0.0479339 0.054013 0.0584626 0.0610526 0.0618707 0.0611914 0.0593496 0.0566807 0.0534995 0.0500856 0.0466675 0.0433998 0.0403276 0.0373467 0.0342011 0.0305644 0.0262108 0.0211931 0.0158993
 0.00846937 0.0134072 0.0195294 0.0265845 0.0342606 0.0421318 0.0495853 0.0559014 0.0604893 0.063087 0.0637713 0.0628284 0.0606223 0.0575238 0.0538759 0.0499726 0.0460447 0.0422493 0.0386485 0.0351811 0.0316599 0.0278359 0.023537 0.0188143 0.0139891
 0.00871036 0.0137846 0.0200717 0.0273116 0.035185 0.0432584 0.0509078 0.0573955 0.0621083 0.0647601 0.0654067 0.06432 0.0618618 0.0584153 0.0543479 0.0499805 0.0455657 0.0412753 0.0371884 0.0332767 0.0294084 0.025402 0.0211365 0.0166661 0.0122552
 0.00898662 0.0142148 0.020684 0.0281195 0.0361863 0.0444338 0.0522189 0.0587859 0.0635116 0.0661121 0.0666527 0.0654135 0.0627565 0.0590594 0.0546852 0.0499572 0.0451389 0.0404198 0.0359037 0.0315982 0.0274221 0.0232525 0.0190126 0.0147608 0.0107133
 0.00927511 0.0146748 0.0213587 0.0290413 0.0373686 0.0458594 0.0538292 0.0604799 0.0651621 0.0675939 0.0678686 0.0663073 0.0633105 0.0592808 0.054589 0.0495519 0.0444214 0.0393804 0.0345401 0.0299347 0.0255276 0.0212482 0.0170594 0.0130232 0.00931386
 0.00957082 0.0151447 0.022046 0.0299791 0.0385742 0.0473253 0.0555107 0.0622883 0.0669709 0.069258 0.06925 0.0672983 0.0638504 0.0593608 0.0542432 0.0488373 0.0433957 0.0380884 0.0330149 0.0282129 0.0236701 0.0193534 0.0152567 0.0114445 0.00805538
 0.0099068 0.0156591 0.0227614 0.0308978 0.0396815 0.0485953 0.0569071 0.0637603 0.0684496 0.0706578 0.0704747 0.0682518 0.0644507 0.0595542 0.0540146 0.0482107 0.0424236 0.0368356 0.0315465 0.0265924 0.021969 0.0176608 0.0136776 0.0100814 0.00697964
 0.0100767 0.0159313 0.0231632 0.0314505 0.0403955 0.049463 0.0578973 0.0648199 0.0695149 0.0716692 0.0713839 0.0690184 0.0650332 0.0599064 0.0540912 0.0479809 0.041882 0.0360059 0.0304767 0.0253483 0.0206293 0.0163152 0.0124209 0.00899864 0.00612742
 0.010068 0.0159283 0.0231803 0.0315104 0.0405264 0.0496933 0.0582478 0.0652978 0.0701095 0.0723515 0.0721107 0.0697389 0.0656954 0.0604603 0.0544889 0.0481774 0.0418415 0.0357111 0.0299372 0.0246031 0.0197439 0.0153732 0.0115115 0.0082006 0.00549288
 0.0100936 0.0159641 0.0232241 0.0315585 0.0405776 0.0497533 0.058333 0.0654325 0.070319 0.0726519 0.072501 0.0701983 0.0661869 0.0609372 0.0549012 0.0484771 0.0419862 0.0356696 0.0296965 0.0241756 0.0191704 0.0147186 0.0108522 0.00760727 0.00501423
 0.0100281 0.0158571 0.0230624 0.0313308 0.0402784 0.0493894 0.057929 0.0650336 0.0699854 0.0724477 0.0724793 0.0703873 0.0665813 0.0614967 0.055558 0.0491484 0.0425894 0.036135 0.0299769 0.0242539 0.0190624 0.0144697 0.0105267 0.00727175 0.0047211
 0.010115 0.0159818 0.0232187 0.0315004 0.0404343 0.0495013 0.0579701 0.0649864 0.0698478 0.0722371 0.072234 0.0701608 0.0664287 0.0614589 0.0556481 0.0493467 0.0428478 0.0363901 0.0301675 0.0243361 0.0190209 0.0143201 0.0103084 0.00703355 0.00450561
 0.0100902 0.0159409 0.0231561 0.0314105 0.0403118 0.049343 0.0577767 0.0647641 0.0696084 0.0719982 0.0720182 0.0699948 0.0663411 0.0614752 0.0557836 0.0495984 0.0431897 0.0367748 0.030536 0.0246334 0.0192109 0.0143952 0.0102881 0.00695446 0.00440656
 0.00999321 0.0158 0.0229749 0.0312025 0.0400958 0.0491361 0.0575886 0.064597 0.0694603 0.0718678 0.0719081 0.0699127 0.0662998 0.0614904 0.0558709 0.0497675 0.0434379 0.0370822 0.0308661 0.0249409 0.0194555 0.0145537 0.0103608 0.00696119 0.00437598
 0.00999442 0.0157895 0.0229369 0.0311167 0.039945 0.048917 0.0573191 0.0643131 0.0692038 0.0716699 0.0717807 0.0698507 0.0662906 0.0615245 0.0559464 0.049889 0.0436098 0.0373016 0.0311175 0.0251971 0.0196843 0.0147292 0.0104719 0.00701378 0.00438737
 0.0100813 0.0159085 0.0230742 0.0312438 0.0400244 0.0489126 0.0572079 0.0640929 0.0688958 0.0713158 0.0714334 0.0695598 0.0660891 0.0614228 0.0559366 0.0499548 0.0437352 0.0374729 0.0313203 0.0254125 0.0198893 0.0149018 0.0105979 0.00709125 0.00442512
 0.0101558 0.0160279 0.0232494 0.03148 0.0403161 0.0492371 0.057522 0.0643383 0.0690152 0.0712731 0.0712283 0.0692292 0.0656939 0.0610284 0.0555953 0.0496967 0.0435689 0.0373918 0.0313094 0.0254525 0.0199584 0.0149783 0.0106645 0.00713824 0.00445154
 0.0100775 0.0159076 0.0230821 0.0312681 0.040071 0.0489803 0.0572834 0.0641499 0.0688997 0.0712339 0.0712475 0.0692774 0.0657461 0.0610763 0.0556478 0.0497716 0.0436811 0.0375458 0.0314974 0.0256581 0.0201615 0.01516 0.0108114 0.0072447 0.00452001
 0.0101221 0.0159687 0.0231529 0.0313347 0.0401159 0.0489885 0.0572481 0.0640751 0.0687995 0.0711273 0.071152 0.0692018 0.0656882 0.0610266 0.0555982 0.0497226 0.0436431 0.0375327 0.031519 0.0257142 0.0202424 0.0152503 0.0108958 0.00731264 0.00456758
 0.010031 0.0158302 0.0229624 0.031094 0.0398321 0.0486725 0.0569141 0.0637423 0.0684924 0.0708753 0.0709842 0.0691408 0.0657427 0.0611874 0.0558399 0.0500119 0.0439488 0.0378334 0.0318035 0.0259773 0.0204793 0.0154547 0.0110614 0.00743649 0.00465186
 0.0101138 0.015955 0.0231317 0.0313026 0.0400676 0.0489156 0.0571403 0.0639226 0.068598 0.070884 0.0708882 0.0689512 0.0654886 0.060908 0.0555739 0.0497871 0.043778 0.0377168 0.0317343 0.025947 0.0204791 0.0154753 0.0110926 0.00746918 0.00467944
 0.0101974 0.0160736 0.0232781 0.0314596 0.040213 0.0490306 0.0572153 0.0639582 0.0685998 0.070857 0.0708332 0.068866 0.0653722 0.0607656 0.0554185 0.0496372 0.0436519 0.0376265 0.0316834 0.0259313 0.0204902 0.0155031 0.0111275 0.00750324 0.00470749
 0.0100061 0.0158023 0.0229426 0.0310982 0.0398742 0.0487539 0.0570179 0.063835 0.0685362 0.070842 0.0708655 0.0689492 0.0655064 0.0609417 0.0556204 0.0498479 0.0438595 0.0378255 0.031872 0.0261078 0.0206509 0.015643 0.0112422 0.00759059 0.00476866
 0.00992128 0.0156614 0.022727 0.0307939 0.0394803 0.0482937 0.0565429 0.0634165 0.068241 0.0707077 0.0708893 0.0690973 0.0657347 0.0612134 0.0559108 0.0501417 0.0441456 0.0380953 0.0321194 0.0263289 0.020843 0.0158038 0.0113703 0.00768616 0.00483463
 0.00995454 0.0157018 0.0227618 0.0308008 0.0394314 0.0481632 0.0563171 0.0631022 0.0678704 0.0703345 0.0705757 0.0688946 0.0656666 0.0612716 0.0560646 0.0503535 0.0443827 0.0383348 0.0323468 0.0265353 0.0210229 0.0159539 0.0114892 0.00777451 0.00489552
 0.00998228 0.0157448 0.0228219 0.0308761 0.0395143 0.0482379 0.0563594 0.0630834 0.0677663 0.0701375 0.0703033 0.0685889 0.0653833 0.0610615 0.0559579 0.0503528 0.0444684 0.0384762 0.0325137 0.0267043 0.0211785 0.0160871 0.0115958 0.00785404 0.00495041
 0.00994454 0.0156862 0.022739 0.0307685 0.0393848 0.0480936 0.0562107 0.0629415 0.0676386 0.0700244 0.0701988 0.0684873 0.0652872 0.0609863 0.0559273 0.0503883 0.044578 0.0386507 0.0327298 0.0269335 0.0213955 0.0162743 0.0117444 0.00796294 0.0050239
 0.00987773 0.0155827 0.0225928 0.0305778 0.0391529 0.047829 0.0559286 0.0626637 0.0673909 0.0698306 0.0700747 0.0684366 0.0653028 0.0610555 0.0560394 0.0505388 0.0447674 0.0388778 0.0329859 0.0272013 0.0216528 0.0165008 0.011927 0.00809772 0.00511486
 0.0100127 0.0157752 0.0228326 0.0308377 0.0393954 0.0480181 0.0560392 0.062685 0.0673248 0.0696884 0.0698745 0.0682008 0.0650547 0.0608162 0.0558253 0.050362 0.0446371 0.0388003 0.0329629 0.0272271 0.021714 0.0165797 0.0120063 0.0081652 0.00516494
 0.0101043 0.0159187 0.0230373 0.0311054 0.039717 0.0483697 0.0563807 0.0629658 0.0674972 0.0697231 0.0697701 0.0679813 0.0647591 0.0604857 0.0554956 0.0500595 0.0443797 0.0385986 0.0328214 0.0271441 0.0216812 0.0165836 0.012031 0.00819658 0.00519328
 0.00996483 0.0157227 0.0227996 0.0308601 0.0395089 0.0482397 0.0563526 0.0630399 0.0676516 0.0699205 0.0699678 0.0681427 0.0648631 0.0605303 0.0554944 0.0500341 0.044351 0.0385827 0.0328275 0.0271745 0.0217324 0.0166473 0.012097 0.0082555 0.00523928
 0.00981951 0.0155065 0.0225126 0.0305184 0.0391437 0.0478935 0.0560738 0.0628745 0.0676315 0.0700515 0.0702233 0.0684708 0.0652021 0.0608281 0.055721 0.0501844 0.0444393 0.0386324 0.0328615 0.027209 0.0217749 0.0166974 0.0121493 0.00830334 0.00527769
 0.00975209 0.0153969 0.0223484 0.0302897 0.0388478 0.0475405 0.0556916 0.0625089 0.0673377 0.06988 0.0702053 0.068608 0.0654662 0.0611684 0.0560793 0.0505114 0.044706 0.0388325 0.0330057 0.0273149 0.0218585 0.0167684 0.0122107 0.00835438 0.00531681
 0.00973557 0.0153698 0.0223066 0.0302282 0.0387598 0.0474183 0.0555289 0.062305 0.067103 0.0696394 0.0699959 0.0684706 0.0654317 0.0612459 0.0562521 0.0507425 0.0449517 0.0390565 0.0331881 0.0274528 0.0219595 0.0168432 0.0122678 0.00839807 0.00534908
 0.00975649 0.01539 0.0223115 0.0301963 0.0386687 0.047254 0.0552933 0.0620166 0.0667909 0.0693347 0.0697275 0.0682643 0.0653107 0.0612287 0.0563455 0.0509358 0.0452163 0.0393528 0.0334771 0.0277064 0.0221645 0.016999 0.0123808 0.00847674 0.00540131
 0.00976501 0.0154087 0.0223477 0.0302569 0.0387551 0.0473557 0.0553851 0.0620636 0.0667614 0.0692145 0.0695265 0.0680136 0.0650521 0.0610033 0.0561863 0.0508625 0.0452318 0.039443 0.0336153 0.0278618 0.0223111 0.0171211 0.0124731 0.00854137 0.00544358
 0.00984277 0.0155224 0.0224956 0.0304302 0.0389414 0.0475437 0.0555667 0.0622303 0.066899 0.0692999 0.0695332 0.0679227 0.0648637 0.0607411 0.0558915 0.0505814 0.0450026 0.039287 0.0335341 0.0278412 0.022329 0.0171558 0.0125093 0.00857094 0.00546447
 0.00986027 0.0155504 0.0225365 0.030485 0.039009 0.0476198 0.0556438 0.0623001 0.0669549 0.0693393 0.0695551 0.0679237 0.0648362 0.0606765 0.0557879 0.0504499 0.0448657 0.0391706 0.0334575 0.0278101 0.0223363 0.0171865 0.0125478 0.00860612 0.00549104
 0.00992301 0.0156458 0.0226677 0.0306504 0.0392027 0.0478322 0.0558618 0.0625071 0.0671319 0.0694679 0.069622 0.0679229 0.0647694 0.0605505 0.0556126 0.0502378 0.0446337 0.0389401 0.0332508 0.0276449 0.0222198 0.0171154 0.0125112 0.00859119 0.00548717
 0.00996044 0.0156977 0.0227297 0.0307132 0.0392553 0.0478671 0.0558788 0.0625129 0.0671371 0.0694815 0.0696473 0.0679564 0.0648019 0.0605709 0.0556111 0.0502085 0.0445769 0.0388626 0.0331649 0.0275649 0.0221573 0.0170755 0.012492 0.0085864 0.00548969
 0.00984797 0.015546 0.0225582 0.0305579 0.0391569 0.047853 0.0559501 0.0626448 0.0672925 0.0696283 0.0697688 0.0680512 0.064876 0.0606294 0.0556545 0.0502335 0.0445795 0.0388425 0.0331269 0.027518 0.022112 0.0170399 0.0124695 0.00857578 0.005487
 0.00934472 0.0147725 0.0214801 0.0291811 0.0375338 0.0460862 0.054192 0.0610827 0.066111 0.0689619 0.0696688 0.0684837 0.065746 0.0618124 0.0570218 0.0516673 0.0459815 0.0401381 0.034267 0.0284774 0.0228853 0.0176359 0.0129068 0.00887874 0.00568329
 0.00907989 0.0143446 0.0208418 0.0282917 0.0363693 0.0446561 0.0525565 0.0593614 0.0644723 0.0675932 0.0687377 0.0681021 0.0659476 0.0625496 0.0581825 0.0531049 0.0475444 0.0416924 0.0357089 0.0297373 0.0239263 0.0184495 0.0135065 0.00929334 0.0059502
 0.00889122 0.0140442 0.0204004 0.0276832 0.0355722 0.0436573 0.0513599 0.0579996 0.0630148 0.0661495 0.06745 0.0671258 0.0654207 0.0625593 0.0587401 0.0541415 0.0489282 0.04326 0.0372991 0.0312167 0.0252032 0.0194769 0.0142774 0.00983127 0.00629757
 0.00878096 0.0138768 0.0201693 0.0273874 0.0352118 0.0432272 0.0508475 0.0573867 0.0622864 0.0653063 0.0665225 0.0661845 0.0645754 0.0619416 0.0584721 0.0542983 0.0495119 0.0441957 0.0384556 0.0324415 0.0263588 0.0204655 0.0150503 0.0103851 0.00666094
 0.00849474 0.0134728 0.0196744 0.0268642 0.0347391 0.0428694 0.0506282 0.0572821 0.0622361 0.0652347 0.0663615 0.0658942 0.064161 0.0614621 0.0580325 0.0540236 0.0495076 0.0445111 0.0390645 0.0332518 0.0272438 0.021303 0.0157533 0.0109143 0.00702007
 0.00805803 0.0128287 0.0188297 0.0258736 0.0336975 0.0418925 0.0498318 0.056761 0.0620413 0.0653531 0.0667123 0.0663513 0.0645953 0.0617855 0.0582257 0.0541373 0.0496387 0.0447604 0.0394946 0.033861 0.0279685 0.0220453 0.0164194 0.0114433 0.00739415
#obs surv len freq
 nan nan nan nan nan nan nan nan nan nan nan nan nan nan nan nan nan nan nan nan nan nan nan nan nan
 0.00448031 0.00733968 0.0111679 0.015983 0.0216835 0.0279596 0.0342749 0.0400076 0.0446888 0.0481543 0.0505138 0.0520111 0.0529048 0.0534184 0.0537336 0.0539892 0.0542683 0.0545614 0.0547004 0.0542924 0.0527303 0.0493621 0.0438112 0.0362904 0.027673
 0.00461308 0.00755673 0.0114964 0.0164483 0.0223025 0.0287319 0.0351731 0.0409746 0.0456454 0.0490144 0.0512009 0.0524696 0.0531056 0.05336 0.0534377 0.0534928 0.0536148 0.0537936 0.0538574 0.0534111 0.0518495 0.0485247 0.043062 0.0356672 0.0271967
 0.00478778 0.00784061 0.0119234 0.0170499 0.0231017 0.0297334 0.0363529 0.042275 0.0469804 0.0502835 0.0523037 0.0533182 0.0536333 0.053528 0.0532383 0.052948 0.0527698 0.0527077 0.052597 0.0520467 0.0504567 0.0471846 0.0418549 0.0346594 0.0264251
 0.00497365 0.00814854 0.0123975 0.0177344 0.0240319 0.0309215 0.037773 0.0438593 0.0486284 0.0518812 0.0537404 0.0544957 0.05447 0.0539613 0.0532295 0.0524867 0.0518765 0.0514326 0.0510161 0.0502581 0.0485765 0.0453414 0.0401759 0.0332487 0.0253411
 0.00518915 0.00849851 0.0129239 0.0184773 0.0250235 0.0321753 0.039272 0.0455486 0.0504194 0.0536643 0.0554 0.0559214 0.0555645 0.0546445 0.0534417 0.0521911 0.0510639 0.0501272 0.0492807 0.0481973 0.0463348 0.0430911 0.0380936 0.0314815 0.0239747
 0.00540821 0.00885942 0.0134758 0.0192688 0.0260926 0.0335346 0.0408942 0.0473624 0.0523218 0.0555415 0.057144 0.057437 0.0567667 0.055457 0.0537963 0.0520325 0.0503563 0.0488649 0.0475013 0.0459935 0.0438593 0.0405452 0.0356959 0.0294216 0.0223688
 0.00564917 0.00925204 0.0140687 0.0201083 0.0272152 0.0349536 0.0425854 0.0492575 0.0543163 0.0575133 0.0589734 0.0590191 0.0580165 0.0563069 0.0541904 0.0519219 0.0496998 0.0476392 0.0457194 0.0437271 0.0412529 0.0378109 0.0330792 0.0271455 0.0205781
 0.00588615 0.00964221 0.0146649 0.0209626 0.0283685 0.0364196 0.0443339 0.0512102 0.056359 0.0595188 0.0608222 0.0606097 0.0592672 0.0571533 0.0545818 0.0518161 0.0490607 0.0464416 0.0439651 0.04147 0.0386218 0.0350124 0.0303668 0.0247604 0.0186851
 0.00612795 0.0100369 0.0152622 0.0218104 0.0295045 0.0378575 0.0460485 0.0531308 0.0583776 0.0615095 0.0626611 0.0621891 0.0605014 0.057979 0.0549536 0.0516998 0.0484283 0.0452727 0.0422598 0.0392729 0.0360475 0.0322537 0.0276708 0.0223704 0.0167742
 0.00638902 0.0104653 0.015914 0.0227394 0.0307507 0.0394293 0.0479057 0.0551802 0.0604884 0.0635401 0.0644836 0.0637016 0.0616297 0.0586726 0.0551808 0.051441 0.0476703 0.0440079 0.040496 0.0370543 0.0334799 0.0295165 0.0249976 0.0199962 0.01487
 0.00662504 0.0108537 0.0165074 0.0235899 0.0319 0.0408923 0.0496536 0.0571336 0.0625266 0.0655241 0.066279 0.0651949 0.0627367 0.0593393 0.0553784 0.0511582 0.0469053 0.0427651 0.0387928 0.0349379 0.0310501 0.0269375 0.0224827 0.0177614 0.0130743
 0.00681742 0.0111708 0.0169927 0.0242875 0.0328466 0.0421048 0.051115 0.0587868 0.0642813 0.067271 0.0679061 0.0665984 0.0638278 0.0600497 0.0556625 0.0509917 0.046281 0.0416893 0.0372877 0.0330538 0.0288819 0.0246343 0.0202351 0.0157618 0.0114649
 0.00703751 0.0115282 0.0175297 0.0250427 0.033847 0.0433536 0.0525799 0.0603964 0.0659355 0.0688615 0.0693335 0.0677816 0.0647052 0.0605764 0.0558081 0.050738 0.0456211 0.040629 0.0358494 0.031287 0.0268761 0.022525 0.0181916 0.0139527 0.0100132
 0.00728631 0.0119329 0.0181387 0.0258991 0.0349782 0.0447558 0.0542031 0.062142 0.067673 0.0704564 0.0706737 0.0687904 0.0653412 0.0608267 0.0556779 0.0502412 0.0447743 0.039451 0.0343676 0.0295491 0.0249628 0.0205557 0.0163126 0.0123072 0.00870295
 0.00743895 0.0121937 0.0185544 0.0265206 0.0358492 0.0458944 0.0555839 0.0636901 0.0692749 0.071983 0.0720036 0.0698269 0.0660209 0.0611206 0.0555867 0.0497864 0.0439873 0.0383666 0.0330246 0.0279985 0.0232789 0.0188415 0.0146914 0.010897 0.00758584
 0.00749767 0.0122916 0.0187076 0.0267496 0.0361789 0.0463525 0.0561957 0.0644686 0.0702104 0.0730346 0.0730983 0.0708688 0.066909 0.0617673 0.0559316 0.0498011 0.0436719 0.0377427 0.0321302 0.0268868 0.0220224 0.0175336 0.0134384 0.00979888 0.00671194
 0.00758666 0.0124228 0.0188806 0.0269565 0.0364091 0.0465996 0.0564627 0.0647703 0.0705691 0.0734723 0.0736257 0.0714736 0.0675492 0.0623744 0.0564239 0.050102 0.0437264 0.0375261 0.0316497 0.0261791 0.0211506 0.0165818 0.0125014 0.00896461 0.00604169
 0.007671 0.0125563 0.0190737 0.0272143 0.0367274 0.0469616 0.0568382 0.0651214 0.0708641 0.0737003 0.0738026 0.0716344 0.0677286 0.0625864 0.0566507 0.0502959 0.0438247 0.0374709 0.0314058 0.0257452 0.0205607 0.0158996 0.0118062 0.00833248 0.00552745
 0.00769963 0.012601 0.0191379 0.0273004 0.0368373 0.0470962 0.0569964 0.065298 0.0710486 0.0738783 0.0739616 0.0717702 0.067849 0.0627079 0.0567862 0.0504418 0.0439544 0.0375402 0.0313684 0.0255716 0.020252 0.0154898 0.0113526 0.00789821 0.00516215
 0.00775437 0.0126826 0.0192469 0.0274324 0.0369842 0.0472488 0.0571459 0.0654373 0.0711726 0.0739839 0.0740472 0.071835 0.0678939 0.0627371 0.056807 0.0504613 0.0439721 0.037542 0.0313286 0.025463 0.0200605 0.0152247 0.0110461 0.0075937 0.00489876
 0.00779551 0.0127462 0.019336 0.027547 0.0371201 0.0473972 0.0572939 0.0655696 0.0712755 0.0740504 0.0740787 0.0718399 0.067883 0.0627193 0.0567882 0.0504442 0.0439559 0.037521 0.0312903 0.0253911 0.0199421 0.015059 0.0108482 0.00739034 0.00471742
 0.00784422 0.012817 0.0194272 0.0276516 0.0372283 0.0474993 0.057383 0.0656416 0.0713285 0.0740831 0.0740909 0.0718332 0.0678619 0.0626902 0.0567576 0.0504168 0.0439328 0.0374989 0.0312617 0.0253454 0.01987 0.0149573 0.0107239 0.00725884 0.0045968
 0.00788923 0.0128907 0.0195382 0.0278065 0.0374279 0.0477344 0.0576317 0.0658724 0.0715088 0.0741899 0.0741172 0.0717875 0.0677617 0.0625555 0.0566068 0.0502646 0.0437893 0.0373689 0.0311447 0.0252365 0.0197627 0.0148473 0.0106122 0.00715188 0.00450351
 0.0078811 0.0128796 0.0195258 0.0277966 0.0374266 0.0477496 0.0576714 0.0659414 0.0716051 0.074303 0.0742295 0.07188 0.0678204 0.0625761 0.0565937 0.0502276 0.043739 0.0373137 0.031089 0.0251807 0.0197047 0.0147854 0.010547 0.00708744 0.00444568
 0.00787463 0.0128622 0.0194877 0.0277254 0.0373126 0.0475925 0.0574853 0.0657547 0.0714529 0.074216 0.0742237 0.0719529 0.0679533 0.0627411 0.0567634 0.0503814 0.0438664 0.0374123 0.0311607 0.0252285 0.0197311 0.0147926 0.0105384 0.00706823 0.00442216
 0.00786886 0.0128493 0.0194614 0.027677 0.0372321 0.0474711 0.0573198 0.0655509 0.0712285 0.0739996 0.0740504 0.0718547 0.0679488 0.0628296 0.0569251 0.0505855 0.0440809 0.0376118 0.03133 0.0253614 0.0198274 0.0148557 0.0105737 0.00708286 0.00442362
 0.00789115 0.0128802 0.0194977 0.0277117 0.0372553 0.047472 0.0572885 0.0654806 0.0711169 0.0738515 0.0738795 0.0716836 0.0678057 0.0627406 0.056906 0.0506361 0.0441859 0.0377469 0.03147 0.025487 0.0199274 0.0149269 0.0106186 0.00710681 0.00443336
 0.00787317 0.0128535 0.0194621 0.0276684 0.0372055 0.0474163 0.0572257 0.0654085 0.0710338 0.0737577 0.073779 0.071584 0.0677186 0.06268 0.056886 0.0506664 0.0442673 0.0378696 0.0316156 0.0256343 0.0200585 0.0150309 0.0106923 0.00715349 0.00445939
 0.0078688 0.0128426 0.0194389 0.0276257 0.0371378 0.0473225 0.0571124 0.0652883 0.0709212 0.0736636 0.0737077 0.0715342 0.0676871 0.0626658 0.0568918 0.0506978 0.0443295 0.037963 0.0317337 0.025764 0.0201842 0.0151392 0.0107755 0.00721056 0.00449424
 0.00783968 0.0127965 0.0193716 0.0275342 0.03702 0.0471788 0.0569466 0.0651097 0.0707445 0.0735074 0.0735901 0.0714685 0.0676777 0.0627081 0.0569757 0.0508123 0.0444656 0.0381146 0.0318947 0.0259261 0.0203369 0.0152717 0.0108805 0.0072858 0.00454278
 0.00782221 0.0127648 0.019318 0.0274499 0.0368981 0.0470175 0.0567528 0.0648987 0.0705368 0.0733236 0.0734471 0.0713781 0.0676466 0.0627375 0.0570607 0.0509428 0.0446284 0.038296 0.0320823 0.0261092 0.0205055 0.0154171 0.0109966 0.0073707 0.00459912
 0.00778875 0.0127095 0.0192333 0.0273281 0.0367331 0.0468081 0.0565049 0.0646275 0.0702654 0.0730786 0.0732543 0.0712572 0.0676085 0.0627831 0.0571823 0.051126 0.0448551 0.0385466 0.0323382 0.0263538 0.0207254 0.0156027 0.0111427 0.00747698 0.00466994
 0.0077677 0.0126746 0.0191792 0.0272494 0.0366249 0.0466674 0.0563328 0.0644301 0.0700536 0.0728677 0.073062 0.0711024 0.0675083 0.0627503 0.0572221 0.0512351 0.0450223 0.0387549 0.0325675 0.0265841 0.0209392 0.0157869 0.0112897 0.00758509 0.00474274
 0.00772124 0.0126006 0.0190709 0.0271018 0.0364365 0.0464417 0.0560801 0.0641675 0.069802 0.0726477 0.07289 0.0709892 0.0674604 0.0627704 0.0573101 0.051387 0.045229 0.0390022 0.0328367 0.0268545 0.021191 0.0160044 0.0114634 0.00771287 0.0048288
 0.00771015 0.0125769 0.0190249 0.0270213 0.03631 0.0462637 0.0558555 0.0639124 0.0695403 0.072405 0.0726881 0.0708437 0.0673799 0.062758 0.0573644 0.0515032 0.0453995 0.0392157 0.033078 0.027105 0.0214312 0.016217 0.0116367 0.00784242 0.00491714
 0.007667 0.0125125 0.0189383 0.0269144 0.0361854 0.0461225 0.0556964 0.063734 0.0693451 0.072203 0.072497 0.0706851 0.0672737 0.0627171 0.0573933 0.0515989 0.0455534 0.0394152 0.0333078 0.0273473 0.0216671 0.0164291 0.0118122 0.00797526 0.00500875
 0.00764904 0.0124804 0.0188849 0.0268323 0.0360697 0.0459746 0.0555259 0.0635569 0.0691782 0.0720572 0.072376 0.0705884 0.0672022 0.0626768 0.0573931 0.0516467 0.0456518 0.0395602 0.0334888 0.0275489 0.0218714 0.0166185 0.0119728 0.00809954 0.00509601
 0.00764596 0.0124763 0.0188802 0.0268269 0.036062 0.0459601 0.0554975 0.0635071 0.0691031 0.0719591 0.0722637 0.0704737 0.0670962 0.0625878 0.057328 0.0516124 0.0456551 0.0396048 0.0335732 0.0276649 0.0220053 0.0167541 0.0120954 0.00819882 0.00516826
 0.00763461 0.0124607 0.0188621 0.0268098 0.03605 0.0459563 0.0555024 0.0635173 0.0691112 0.0719562 0.0722417 0.0704289 0.0670313 0.062511 0.057251 0.0515473 0.0456123 0.0395923 0.0335945 0.0277182 0.0220828 0.0168437 0.0121835 0.0082748 0.00522612
 0.00759272 0.0123959 0.0187711 0.0266925 0.0359106 0.0458041 0.0553518 0.063386 0.0690162 0.071908 0.0722408 0.070466 0.0670916 0.0625802 0.0573195 0.0516122 0.0456763 0.039661 0.0336729 0.0278082 0.0221817 0.0169444 0.0122772 0.00835347 0.00528543
 0.00756072 0.012344 0.0186934 0.0265842 0.0357697 0.0456336 0.0551621 0.0631948 0.0688457 0.0717796 0.0721697 0.0704578 0.0671415 0.062675 0.0574417 0.0517454 0.0458091 0.039788 0.033794 0.0279247 0.0222937 0.0170494 0.0123702 0.00842969 0.00534236
 0.00756326 0.0123428 0.0186817 0.0265524 0.0357075 0.0455342 0.0550254 0.0630295 0.0686673 0.071608 0.0720251 0.0703577 0.0670972 0.0626892 0.0575083 0.0518511 0.0459377 0.0399249 0.0339288 0.0280518 0.0224101 0.0171529 0.0124584 0.0085003 0.00539449
 0.00754706 0.012321 0.0186569 0.0265286 0.035688 0.0455175 0.0550041 0.0629918 0.0686027 0.0715133 0.0719079 0.0702348 0.0669895 0.0626157 0.0574808 0.0518721 0.0460009 0.040018 0.0340377 0.0281641 0.0225168 0.0172481 0.0125385 0.00856346 0.00544061
 0.00754992 0.0123261 0.0186655 0.0265427 0.0357098 0.0455493 0.0550466 0.0630421 0.0686528 0.0715496 0.0719153 0.0702025 0.0669169 0.0625146 0.0573714 0.0517762 0.0459344 0.0399876 0.0340409 0.0281924 0.0225598 0.0172961 0.0125844 0.00860247 0.00547056
 0.00751437 0.012273 0.0185943 0.0264562 0.0356142 0.0454528 0.0549589 0.0629736 0.0686125 0.0715427 0.07194 0.0702497 0.0669725 0.0625646 0.0574078 0.0518 0.045954 0.0400134 0.0340799 0.0282453 0.0226219 0.0173599 0.0126425 0.00865011 0.00550583
 0.0075199 0.0122761 0.0185884 0.0264322 0.0355638 0.045373 0.0548558 0.0628617 0.0685106 0.0714675 0.0719014 0.0702491 0.0670035 0.062616 0.0574668 0.051856 0.0460022 0.0400549 0.0341196 0.0282881 0.0226691 0.0174092 0.0126892 0.00868983 0.00553601
 0.00751715 0.0122729 0.0185854 0.02643 0.0355607 0.0453646 0.0548342 0.0628188 0.0684427 0.0713798 0.0718082 0.0701688 0.0669521 0.0626008 0.0574854 0.0518988 0.0460572 0.0401125 0.034175 0.0283403 0.0227187 0.0174559 0.0127315 0.00872532 0.00556308
 0.00749352 0.012238 0.0185397 0.0263763 0.035504 0.0453104 0.0547872 0.0627812 0.0684136 0.0713552 0.0717832 0.0701418 0.0669268 0.0625854 0.0574886 0.0519251 0.0461048 0.0401746 0.034243 0.0284073 0.0227805 0.0175104 0.0127774 0.00876178 0.00558997
 0.00750158 0.0122473 0.0185467 0.0263758 0.0354911 0.0452831 0.0547484 0.0627382 0.068375 0.0713267 0.0717655 0.0701307 0.0669166 0.0625727 0.0574751 0.0519161 0.0461062 0.0401897 0.0342709 0.0284437 0.02282 0.0175485 0.012811 0.00878906 0.00561034
 0.00750158 0.0122473 0.0185467 0.0263758 0.0354911 0.0452831 0.0547484 0.0627382 0.068375 0.0713267 0.0717655 0.0701307 0.0669166 0.0625727 0.0574751 0.0519161 0.0461062 0.0401897 0.0342709 0.0284437 0.02282 0.0175485 0.012811 0.00878906 0.00561034
 0.00713033 0.0116621 0.0177024 0.0252488 0.0340908 0.0436658 0.0530291 0.0610855 0.0669814 0.0703622 0.0713363 0.0702597 0.0675488 0.0635977 0.0587564 0.0533194 0.0475187 0.0415279 0.035479 0.0294881 0.0236837 0.0182285 0.0133168 0.00914176 0.00583879
 0.00708906 0.0115511 0.0174548 0.0247771 0.0333105 0.0425332 0.0515747 0.0594235 0.0652884 0.0688372 0.0701597 0.0695638 0.0673993 0.0639873 0.0596102 0.0545138 0.0489084 0.0429729 0.0368641 0.0307308 0.0247345 0.0190663 0.0139447 0.00958103 0.00612364
 0.00705295 0.0115001 0.0173888 0.0246911 0.0331838 0.042318 0.0511967 0.0588038 0.0643828 0.0676757 0.0688611 0.0683124 0.0663951 0.0633905 0.0595041 0.0548927 0.0496895 0.044024 0.0380369 0.0318905 0.0257788 0.0199332 0.0146106 0.0100541 0.00643312
 0.00700718 0.011432 0.0172983 0.0245833 0.033067 0.0422002 0.0510781 0.0586672 0.0641872 0.0673619 0.0683752 0.067642 0.0655976 0.0625931 0.0588683 0.0545597 0.0497337 0.0444337 0.0387259 0.0327313 0.0266404 0.0207111 0.0152421 0.010519 0.00674439
 0.00706934 0.0115329 0.0174495 0.024794 0.033341 0.042531 0.0514444 0.0590316 0.0644991 0.0675627 0.0684046 0.0674481 0.0651538 0.0619207 0.0580498 0.0537301 0.0490434 0.0439999 0.0385955 0.0328729 0.0269664 0.0211148 0.0156322 0.0108387 0.00697365
 0.00712623 0.0116373 0.0176281 0.0250775 0.0337551 0.0430824 0.0521091 0.0597523 0.0651958 0.0681496 0.0688057 0.0676055 0.0650317 0.0615103 0.0573792 0.0528725 0.0481143 0.0431345 0.0379116 0.0324353 0.026773 0.021109 0.0157337 0.0109744 0.00709585
#pred catch len freq
 0.00405148 0.00643197 0.00942516 0.0129779 0.0170629 0.0216557 0.0266675 0.0319114 0.0371355 0.0420807 0.0465198 0.0502811 0.0532674 0.0554644 0.0569337 0.0577973 0.0582231 0.0583896 0.0583955 0.0581137 0.0570714 0.0545083 0.0497069 0.0424748 0.0334528
 0.00414433 0.00653512 0.00949543 0.0129545 0.0168946 0.0213377 0.0262629 0.0315369 0.0369105 0.042071 0.0467121 0.0506036 0.0536402 0.0558465 0.0573383 0.0582695 0.058793 0.0590257 0.0589859 0.0584925 0.0570861 0.0540962 0.0489355 0.0415178 0.0325142
 0.00431564 0.00679836 0.00985909 0.0134057 0.0173905 0.0218017 0.0265943 0.0316423 0.0367513 0.0416971 0.0462519 0.050207 0.0534106 0.0558087 0.057458 0.0584987 0.0590977 0.0593759 0.0593239 0.0587169 0.0570778 0.0537771 0.0483208 0.0407211 0.0316979
 0.00449528 0.00708546 0.0102823 0.0139887 0.0181473 0.0227261 0.0276449 0.0327296 0.0377405 0.042436 0.0466219 0.0501735 0.0530428 0.0552492 0.0568595 0.0579676 0.0586732 0.0590407 0.059022 0.0583673 0.0565938 0.0531013 0.0474629 0.0397679 0.0307803
 0.00472566 0.00744283 0.0107897 0.0146607 0.0189929 0.0237517 0.0288496 0.0340922 0.039202 0.0438873 0.0479074 0.0511204 0.0535118 0.055187 0.0563212 0.0570919 0.0576223 0.0579394 0.0579256 0.0572667 0.0554478 0.0518818 0.0461909 0.0385221 0.0296691
 0.00501095 0.00788328 0.01141 0.0154707 0.0199907 0.0249272 0.0301852 0.0355598 0.040759 0.0454727 0.0494345 0.0524711 0.0545424 0.0557541 0.0563253 0.0565168 0.0565446 0.0564976 0.0562666 0.0555016 0.0536432 0.0500846 0.0444612 0.0369463 0.0283408
 0.00531561 0.0083596 0.0120923 0.0163803 0.0211355 0.0263005 0.0317608 0.0372875 0.0425665 0.0472731 0.0511353 0.0539777 0.0557554 0.0565676 0.056634 0.056238 0.0556492 0.0550304 0.0543407 0.0532692 0.0512637 0.0477081 0.0422279 0.0349838 0.0267472
 0.00561707 0.00883453 0.01278 0.0173106 0.0223279 0.0277608 0.0334737 0.0392073 0.044614 0.0493409 0.0531006 0.0557161 0.0571539 0.0575295 0.0570773 0.0560935 0.0548685 0.0536055 0.0523251 0.050787 0.0484988 0.0448786 0.0395545 0.0326555 0.0248889
 0.00594471 0.00934781 0.013518 0.0183009 0.0235878 0.0292971 0.0352758 0.0412379 0.0468021 0.0515824 0.0552656 0.0576627 0.0587444 0.0586456 0.0576273 0.0560121 0.0541138 0.0521641 0.0502286 0.0481341 0.0454672 0.0417132 0.036528 0.0300115 0.0227875
 0.00632518 0.00993447 0.014343 0.0193776 0.024915 0.0308653 0.0370669 0.0432179 0.0489143 0.0537441 0.0573704 0.0595875 0.0603597 0.0598277 0.0582695 0.0560309 0.0534526 0.0507977 0.0481758 0.0454783 0.0423754 0.0384339 0.033355 0.0272192 0.0205624
 0.00664123 0.0104363 0.0150766 0.0203788 0.0262057 0.0324458 0.038907 0.0452526 0.0510502 0.0558744 0.0593883 0.0613921 0.0618562 0.0609256 0.058883 0.0560814 0.0528743 0.0495483 0.0462538 0.0429469 0.0393839 0.0352203 0.0302133 0.0244329 0.0183311
 0.00688954 0.0108331 0.0156625 0.0211918 0.0272792 0.033804 0.0405529 0.0471552 0.0531357 0.0580286 0.0614704 0.0632576 0.0633794 0.0620126 0.0594696 0.0561219 0.0523308 0.0483909 0.0444767 0.0405963 0.0365861 0.0321906 0.0272287 0.0217688 0.016187
 0.0071488 0.0112352 0.0162331 0.0219464 0.0282273 0.0349527 0.0419057 0.0487038 0.0548498 0.0598474 0.0633004 0.0649786 0.0648598 0.06313 0.0601275 0.0562561 0.0519045 0.0473877 0.0429028 0.0384979 0.0340745 0.0294554 0.0245185 0.0193362 0.0142198
 0.00746515 0.0117223 0.016916 0.0228318 0.0293058 0.0362024 0.0432934 0.0501847 0.0563701 0.0613497 0.0647273 0.0662711 0.0659526 0.0639504 0.0605997 0.0563104 0.0514867 0.0464663 0.0414761 0.0366068 0.0318189 0.0270028 0.0220881 0.0171518 0.0124498
 0.00780406 0.0122523 0.0176746 0.0238403 0.030566 0.0376928 0.0449626 0.051948 0.0581176 0.062965 0.0661087 0.0673462 0.0666828 0.0643227 0.0606134 0.0559629 0.0507671 0.0453602 0.0399804 0.0347501 0.029682 0.0247272 0.0198611 0.0151651 0.0108468
 0.00811739 0.0127439 0.0183823 0.0247897 0.0317696 0.0391465 0.0466362 0.053776 0.0599954 0.0647579 0.0676715 0.0685491 0.0674357 0.0645897 0.0604088 0.0553326 0.0497646 0.0440299 0.0383574 0.0328763 0.0276289 0.0226105 0.0178324 0.0133796 0.00941844
 0.00841325 0.0131966 0.0190124 0.0256015 0.0327569 0.040299 0.0479411 0.0552094 0.0615118 0.0662823 0.0691003 0.0697614 0.0683144 0.065045 0.0603964 0.0548584 0.048874 0.0427888 0.036837 0.0311493 0.0257793 0.0207436 0.0160731 0.0118498 0.00820498
 0.00855166 0.0134188 0.0193419 0.0260588 0.0333564 0.0410452 0.0488233 0.0562012 0.0625748 0.0673721 0.0701675 0.0707481 0.06915 0.0656498 0.0606948 0.0547963 0.0484332 0.0419899 0.0357331 0.0298167 0.024311 0.0192465 0.0146602 0.0106238 0.00723497
 0.00856155 0.0134425 0.0193924 0.0261559 0.033525 0.041312 0.0492106 0.0567205 0.0632211 0.0681209 0.0709769 0.0715648 0.0699155 0.066304 0.0611772 0.055049 0.0484093 0.0416658 0.035118 0.0289557 0.023281 0.0181464 0.0135956 0.00968804 0.00649011
 0.00852505 0.0133864 0.0193151 0.0260604 0.0334222 0.0412227 0.0491669 0.0567622 0.0633868 0.0684359 0.0714427 0.0721553 0.0705809 0.0669795 0.0617924 0.0555361 0.048709 0.0417344 0.0349361 0.0285364 0.0226726 0.0174266 0.0128564 0.00901488 0.00594294
 0.00849129 0.0133283 0.0192217 0.0259199 0.0332251 0.0409673 0.0488659 0.056447 0.0631064 0.0682502 0.0714094 0.0723142 0.07094 0.0675087 0.0624276 0.0561922 0.0492964 0.0421748 0.0351753 0.0285537 0.0224852 0.0170865 0.0124377 0.00859456 0.00558081
