SBPRF35
7.96392
Curr Bio
588521
B35
561597
F35
0.210814
FOFL
0.210814
OFL
103421
Bzero
2.27541e+006
#pred survey bio
 3.61594e+006 3.45097e+006 3.38239e+006 3.1532e+006 2.89155e+006 2.63008e+006 2.34314e+006 2.17092e+006 2.0744e+006 1.94197e+006 1.73874e+006 1.51276e+006 1.29688e+006 1.12154e+006 983949 875197 766124 723756 697260 699920 674640 594539 552039 538923 538572 543822 542000 520654 495136 498351 506197 520449 537307 557608 579464 568002 579772 602655 552350 530762 529944 552045 579186 604154 621882 551867 545504 567514 555911 582296 596398 578945 559716 604816 609027 603218 605655 546771 517649 551156 585604 591698 595913 1.46045e+007 1.31369e+007 1.31981e+007 1.36717e+007 1.43674e+007 1.51106e+007 1.57945e+007 1.63708e+007 1.68299e+007 1.71823e+007 1.74463e+007 1.76411e+007 1.77834e+007 1.78871e+007 1.79626e+007 1.80176e+007 1.80579e+007 1.80875e+007 1.81095e+007 1.81258e+007 1.8138e+007 1.81471e+007 1.81541e+007 1.81593e+007 1.81633e+007 1.81664e+007 1.81687e+007 1.81705e+007 1.81719e+007 1.81729e+007 1.81737e+007 1.81744e+007 1.81749e+007 1.81752e+007 1.81755e+007 1.81758e+007 1.81759e+007 1.81761e+007 1.81762e+007 1.81763e+007 1.81763e+007 1.81764e+007 1.81764e+007 1.81764e+007 1.81765e+007 1.81765e+007 1.81765e+007 1.81765e+007 1.81765e+007 1.81765e+007 1.81765e+007 1.81765e+007 1.81765e+007 1.81765e+007 1.81765e+007 1.81765e+007 1.81765e+007 1.81765e+007 1.81765e+007 1.81765e+007 1.81765e+007 1.81765e+007 1.81765e+007 1.81765e+007 1.81765e+007 1.81765e+007 1.81765e+007 1.81765e+007 1.81765e+007 1.81765e+007 1.81765e+007 1.81765e+007 1.81765e+007 1.81765e+007 1.81765e+007 1.81765e+007 1.81765e+007 1.81765e+007 1.81765e+007 1.81765e+007 1.81765e+007 1.81765e+007 1.81765e+007 1.81765e+007 1.81765e+007 1.81765e+007 1.81765e+007 1.81765e+007 1.81765e+007 1.81765e+007 1.81765e+007 1.81765e+007 1.81765e+007 1.81765e+007 1.81765e+007 1.81765e+007 1.81765e+007 1.81765e+007 1.81765e+007 1.81765e+007 0 0 0 0 0 0 0 0 0 0 0 0 0 0 0 0 0 0 0 0 0 0 0 0 0
#obs survey bio
 3.86588e+006 2.76493e+006 3.74556e+006 2.98391e+006 2.37551e+006 3.1064e+006 1.93087e+006 2.07433e+006 1.77519e+006 2.1759e+006 1.48269e+006 1.33481e+006 1.14544e+006 1.14411e+006 850089 913660 654533 959279 756878 802318 829692 600964 419946 684781 502862 616548 660701 404544 466620 540128 471244 406768 476845 522900 737043 568368 620192 633390 525109 438182 424827 694015 602413 605471 697963 431325 420798 778596 559532 442600 551418 579727 577576 654060 501187 729294 557341 534037 621757 477682 602307 530405 663158
#pred catch bio
 103021 97220.7 148939 209955 226061 277375 280115 290566 320505 282582 279012 280477 262387 240920 228726 221658 179083 166172 149054 143371 133457 115595 120518 112995 116382 110806 111678 103784 98015.4 99953 106214 98258.5 90888.8 92689.7 94218.2 93469.3 89473.7 85725.5 81752.3 85772.8 81462.1 80109.6 96818 86726.5 86423.8 88385.1 88013.6 91207.2 82940.1 89903 95897 116438 61687.8 93616.7 113465 84654.8 122204 101166 57598.6 65410 86942.3 109387 80284.9 103421 101374 100424 102873 107522 112648 117324 121174 124140 126320 127869 128942 129671 130158 130480 130691 130828 130916 130973 131010 131033 131048 131057 131063 131067 131069 131071 131072 131072 131072 131073 131073 131073 131073 131073 131073 131073 131073 131073 131073 131073 131073 131073 131073 131073 131073 131073 131073 131073 131073 131073 131073 131073 131073 131073 131073 131073 131073 131073 131073 131073 131073 131073 131073 131073 131073 131073 131073 131073 131073 131073 131073 131073 131073 131073 131073 131073 131073 131073 131073 131073 131073 131073 131073 131073 131073 131073 131073 131073 131073 131073 131073 131073 131073 131073 131073 131073 131073 131073 131073 0 0 0 0 0 0 0 0 0 0 0 0 0 0 0 0 0 0 0 0 0 0 0 0 0
#obs catch bio
 0 96893.9 148944 210372 225798 277548 280148 291149 321952 281786 278717 280521 262459 240820 229004 221556 179321 166136 149646 143449 133044 115314 121025 112880 116825 110741 111669 103522 98157.5 99856.1 106725 98237.3 90743.9 92878.7 93979.9 93650.2 89738.8 85474.7 81700 85891.1 81517.7 79930.5 97215 86730.2 86122.4 88547.6 88248.1 91082.8 82974.2 89943.4 95603.6 117387 61217.7 93673.2 114101 84170.9 122576 101504 57336.3 65347.5 86861.9 110045 80061.5
#pred cpue bio
 3.57696e+006 3.41394e+006 3.34468e+006 3.11631e+006 2.85577e+006 2.59527e+006 2.30955e+006 2.13691e+006 2.03894e+006 1.90574e+006 1.70364e+006 1.47945e+006 1.26555e+006 1.09198e+006 955886 848360 740925 698868 672605 674931 650466 573072 531856 518932 518680 523729 522114 501641 477034 480138 487816 501637 518101 537912 559302 548335 558354 578559 529625 508827 508096 529464 555731 579592 596919 530010 523573 544720 533768 559164 572747 555856 536505 580619 585169 579015 581587 524542 496174 529282 563543 569684 572960 1.40499e+007 1.26469e+007 1.26088e+007 1.30014e+007 1.36784e+007 1.44186e+007 1.51021e+007 1.56784e+007 1.61375e+007 1.64899e+007 1.67539e+007 1.69486e+007 1.7091e+007 1.71947e+007 1.72701e+007 1.73252e+007 1.73655e+007 1.73951e+007 1.7417e+007 1.74333e+007 1.74455e+007 1.74547e+007 1.74616e+007 1.74669e+007 1.74709e+007 1.74739e+007 1.74763e+007 1.74781e+007 1.74794e+007 1.74805e+007 1.74813e+007 1.74819e+007 1.74824e+007 1.74828e+007 1.74831e+007 1.74833e+007 1.74835e+007 1.74836e+007 1.74837e+007 1.74838e+007 1.74839e+007 1.74839e+007 1.7484e+007 1.7484e+007 1.7484e+007 1.74841e+007 1.74841e+007 1.74841e+007 1.74841e+007 1.74841e+007 1.74841e+007 1.74841e+007 1.74841e+007 1.74841e+007 1.74841e+007 1.74841e+007 1.74841e+007 1.74841e+007 1.74841e+007 1.74841e+007 1.74841e+007 1.74841e+007 1.74841e+007 1.74841e+007 1.74841e+007 1.74841e+007 1.74841e+007 1.74841e+007 1.74841e+007 1.74841e+007 1.74841e+007 1.74841e+007 1.74841e+007 1.74841e+007 1.74841e+007 1.74841e+007 1.74841e+007 1.74841e+007 1.74841e+007 1.74841e+007 1.74841e+007 1.74841e+007 1.74841e+007 1.74841e+007 1.74841e+007 1.74841e+007 1.74841e+007 1.74841e+007 1.74841e+007 1.74841e+007 1.74841e+007 1.74841e+007 1.74841e+007 1.74841e+007 1.74841e+007 1.74841e+007 1.74841e+007 1.74841e+007 1.74841e+007 1.74841e+007 0 0 0 0 0 0 0 0 0 0 0 0 0 0 0 0 0 0 0 0 0 0 0 0 0
#obs cpue bio
 3.46254e+006 3.42178e+006 4.11681e+006 2.88281e+006 3.55292e+006 2.44313e+006 2.46535e+006 1.72541e+006 2.22108e+006 2.56146e+006 1.87688e+006 1.63662e+006 1.39249e+006 1.0934e+006 1.00474e+006 964718 692273 604382 438001 715455 704981 523009 522734 493393 433985 548875 446455 748656 384974 520722 383982 792717 618182 447163 649079 394958 429999 924144 463770 583572 596011 483454 425450 575154 817448 482765 559208 603294 384657 796688 770532 418112 572747 601835 553272 581723 652014 487070 409939 614124 638638 486765 585238
#pred surv len freq
 0.00421804 0.00695749 0.0106747 0.0154158 0.021097 0.02741 0.0338076 0.0396557 0.0444784 0.0481097 0.0506553 0.0523449 0.0534049 0.0540085 0.0542769 0.0543013 0.0541669 0.0539518 0.0536689 0.0531499 0.0519452 0.049377 0.0448267 0.0381521 0.0299453
 0.00454199 0.00739057 0.0111563 0.0158384 0.021345 0.0274153 0.0335873 0.0393034 0.0441116 0.0478089 0.0504366 0.0521779 0.0532594 0.053893 0.0542454 0.0544257 0.05449 0.0544458 0.0542214 0.0535917 0.0521144 0.0491903 0.0443189 0.0374574 0.0292333
 0.0045807 0.00752491 0.0114826 0.0164702 0.022359 0.028783 0.0351358 0.0407512 0.0451767 0.0483284 0.0504185 0.0517597 0.052617 0.0531687 0.0535313 0.0537837 0.0539665 0.05406 0.0539402 0.0533219 0.051735 0.0486135 0.0435426 0.0365721 0.0283765
 0.00472265 0.00772958 0.0117486 0.0167961 0.022764 0.0293251 0.0359043 0.0418185 0.0465265 0.0498102 0.0517755 0.0527283 0.053038 0.0530394 0.0529757 0.0529775 0.0530703 0.0531823 0.0531247 0.0525501 0.0509477 0.0477537 0.042601 0.0356058 0.0274845
 0.00491223 0.0080465 0.0122391 0.0175019 0.0237074 0.0304908 0.0372333 0.0432246 0.0479311 0.0511639 0.0530427 0.053844 0.0538819 0.0534641 0.0528761 0.0523483 0.0520098 0.0518443 0.0516545 0.0510432 0.049446 0.0462737 0.0411722 0.0342891 0.0263591
 0.00508287 0.00832984 0.0126774 0.0181403 0.0245869 0.031635 0.038631 0.0448189 0.049622 0.0528289 0.0545646 0.0551318 0.0548697 0.054092 0.0530758 0.0520554 0.0511995 0.0505607 0.050007 0.0491719 0.0474852 0.0443368 0.0393579 0.0326891 0.0250494
 0.00535969 0.0087731 0.0133321 0.0190446 0.025766 0.033092 0.0403361 0.0467036 0.0515858 0.054753 0.0563276 0.0566215 0.0559928 0.054779 0.0532777 0.0517369 0.0503383 0.0491621 0.0481246 0.0469178 0.0450199 0.041845 0.0370211 0.0306602 0.0234295
 0.00558175 0.00914865 0.0139237 0.0199181 0.026975 0.0346545 0.042213 0.0487957 0.0537539 0.0568507 0.0582272 0.0582228 0.057218 0.0555653 0.0535727 0.0514982 0.0495362 0.0477886 0.0462094 0.0445476 0.0423478 0.0390795 0.0343916 0.0283699 0.0216104
 0.0057737 0.00946702 0.0144158 0.020635 0.0279656 0.0359523 0.0438202 0.0506701 0.055807 0.0589573 0.0602434 0.0600078 0.0586522 0.0565596 0.0540662 0.0514488 0.0489143 0.0465793 0.0444283 0.0422633 0.0397005 0.0362792 0.0316867 0.0259914 0.0197149
 0.00605367 0.00991365 0.0150724 0.021537 0.0291356 0.0373923 0.0455024 0.0525337 0.057765 0.0609098 0.0620888 0.0616465 0.0599883 0.057505 0.0545461 0.0514058 0.0483085 0.0453903 0.0426647 0.0399834 0.0370336 0.0334306 0.0289107 0.0235338 0.0177483
 0.00632188 0.0103386 0.015691 0.0223764 0.030208 0.038689 0.0469871 0.0541422 0.0594157 0.0625212 0.0635914 0.0629837 0.0611087 0.0583523 0.0550554 0.0515065 0.0479334 0.0444881 0.0412171 0.0380254 0.0346736 0.0308555 0.0263614 0.0212503 0.0159059
 0.00653146 0.0106984 0.0162669 0.0232377 0.0314089 0.0402398 0.04883 0.0561504 0.0614223 0.0643641 0.06515 0.0641927 0.0619488 0.0588294 0.0551777 0.0512675 0.0473066 0.0434354 0.0397108 0.0360787 0.0323689 0.0283553 0.0238873 0.0190305 0.0141106
 0.00675497 0.01107 0.0168421 0.0240757 0.0325625 0.041738 0.0506564 0.0582283 0.063616 0.0664975 0.0670382 0.0656777 0.062929 0.0592714 0.0551052 0.0507327 0.0463587 0.0421033 0.0380084 0.0340315 0.0300477 0.0258973 0.0214856 0.0168888 0.012383
 0.00696422 0.0114172 0.0173778 0.0248517 0.0336225 0.0431013 0.0523024 0.0600894 0.0655857 0.0684466 0.0688306 0.0671809 0.0640263 0.0598769 0.0551779 0.0502798 0.045424 0.0407464 0.0362899 0.0320155 0.027821 0.0235879 0.0192605 0.014921 0.0108028
 0.00712586 0.0116902 0.0178078 0.0254883 0.0345088 0.0442593 0.0537159 0.0616985 0.0672949 0.0701432 0.070402 0.068525 0.0650549 0.0605178 0.0553784 0.0500126 0.0446919 0.0395823 0.0347519 0.0301833 0.0257984 0.0215067 0.0172738 0.0131777 0.00941057
 0.00725306 0.0119111 0.0181665 0.0260349 0.0352896 0.0452988 0.0550007 0.0631702 0.0688585 0.0716862 0.0718133 0.0697093 0.0659391 0.0610514 0.0555305 0.0497678 0.0440493 0.0385585 0.0333868 0.0285449 0.0239859 0.0196478 0.0155108 0.0116423 0.0081928
 0.00752595 0.0123366 0.0187737 0.0268399 0.0362951 0.0464925 0.0563502 0.0646179 0.0703225 0.0730692 0.0730166 0.070647 0.0665493 0.0613014 0.0554139 0.0492965 0.043245 0.0374497 0.0320122 0.0269623 0.0222799 0.0179294 0.0139044 0.0102604 0.00710824
 0.00759666 0.0124578 0.0189673 0.0271296 0.0367003 0.0470209 0.0569915 0.0653455 0.0711027 0.0738708 0.0738126 0.0714067 0.0672295 0.061845 0.055759 0.0493906 0.0430556 0.0369686 0.0312563 0.025975 0.0211323 0.0167175 0.0127367 0.00923639 0.00629498
 0.00768549 0.0125876 0.0191364 0.0273295 0.0369212 0.0472593 0.0572544 0.0656474 0.0714571 0.0742814 0.0742704 0.0718921 0.0677151 0.0622965 0.0561339 0.049639 0.0431274 0.036825 0.0308814 0.0253837 0.0203726 0.015866 0.0118855 0.00847238 0.00567917
 0.00769545 0.0126001 0.019148 0.027334 0.0369103 0.0472255 0.0571953 0.065571 0.071386 0.0742526 0.0743262 0.072066 0.0680175 0.0627074 0.0566058 0.0501064 0.0435192 0.0370764 0.0309461 0.0252447 0.0200486 0.0154095 0.0113707 0.00797622 0.00526093
 0.00774481 0.0126674 0.0192251 0.0274051 0.036956 0.0472292 0.0571491 0.065478 0.0712593 0.0741135 0.0742033 0.071993 0.0680271 0.0628216 0.0568253 0.050405 0.0438464 0.0373682 0.0311411 0.0253004 0.0199533 0.015186 0.011069 0.00765686 0.00497617
 0.00790902 0.0129098 0.0195436 0.0277795 0.0373512 0.0476017 0.057454 0.0656758 0.0713233 0.0740374 0.0740054 0.0717127 0.0677167 0.0625343 0.0566039 0.0502724 0.0437995 0.0373781 0.031162 0.0252846 0.0198686 0.0150266 0.0108559 0.00742707 0.00476692
 0.00782502 0.012814 0.0194733 0.0277904 0.0374978 0.0479078 0.0578915 0.0661667 0.0717672 0.0743486 0.0741396 0.0716726 0.0675406 0.0622787 0.0563278 0.0500247 0.0436104 0.0372544 0.0310874 0.0252284 0.0197992 0.014925 0.0107226 0.00727908 0.00462744
 0.00778287 0.0127528 0.0193971 0.0277139 0.0374494 0.0479304 0.0580349 0.0664691 0.0722301 0.0749189 0.0747152 0.0721357 0.0678019 0.0623074 0.0561542 0.049719 0.0432519 0.0369071 0.0307874 0.0249833 0.0195978 0.0147507 0.0105648 0.00713708 0.00450729
 0.00778274 0.0127343 0.0193363 0.0275802 0.0372172 0.0475966 0.0576337 0.0660732 0.0719341 0.0748083 0.0748348 0.0724692 0.0682742 0.0628108 0.0565873 0.05002 0.0434106 0.036953 0.0307652 0.0249312 0.019537 0.014688 0.0105007 0.00707315 0.00444815
 0.00776948 0.0127249 0.0193429 0.027617 0.0372911 0.0476961 0.0577241 0.0661078 0.0718778 0.0746626 0.0746453 0.0723084 0.0682066 0.0628621 0.0567335 0.0502031 0.0435686 0.0370466 0.0307871 0.0248982 0.0194739 0.0146152 0.0104302 0.00701078 0.00439668
 0.00772099 0.0126414 0.01921 0.0274223 0.0370314 0.0473858 0.0573986 0.0658147 0.071659 0.074537 0.0746063 0.0723381 0.0682949 0.0630126 0.0569533 0.050485 0.0438836 0.0373518 0.0310437 0.0250854 0.0195917 0.0146773 0.0104544 0.00701274 0.00438801
 0.00781115 0.0127671 0.0193602 0.0275718 0.0371466 0.0474341 0.0573585 0.0656832 0.0714533 0.0742908 0.0743603 0.0721275 0.068141 0.0629228 0.0569273 0.0505195 0.0439708 0.0374754 0.0311793 0.0252074 0.0196827 0.0147321 0.0104786 0.00701672 0.00438187
 0.00784432 0.012826 0.0194567 0.0277165 0.0373415 0.0476642 0.0575873 0.0658586 0.071525 0.0742314 0.0741774 0.0718611 0.0678468 0.0626529 0.0567168 0.0503835 0.043908 0.0374737 0.0312197 0.0252681 0.0197433 0.0147791 0.0105068 0.00702847 0.00438302
 0.00776043 0.0127057 0.0193059 0.0275527 0.0371904 0.0475536 0.0575395 0.065883 0.0716132 0.0743566 0.0743011 0.0719474 0.067877 0.0626327 0.0566712 0.0503436 0.0438979 0.0375031 0.0312842 0.0253538 0.019833 0.0148577 0.0105659 0.00706662 0.00440389
 0.00769183 0.0125949 0.0191416 0.0273279 0.0369078 0.0472312 0.0572143 0.0656063 0.0714362 0.0743116 0.0743889 0.0721366 0.0681175 0.0628744 0.0568805 0.0505104 0.0440312 0.0376201 0.0313985 0.0254694 0.019945 0.0149572 0.0106451 0.00712267 0.00443892
 0.00775562 0.0126814 0.0192399 0.0274162 0.0369589 0.0472212 0.0571315 0.0654565 0.0712422 0.0741088 0.074216 0.0720247 0.0680795 0.0629014 0.0569476 0.0505892 0.0441016 0.0376758 0.0314441 0.0255126 0.0199899 0.0150025 0.0106862 0.00715529 0.00446138
 0.00785003 0.0128068 0.0193762 0.0275263 0.0369973 0.0471492 0.0569313 0.0651377 0.0708402 0.0736774 0.0738172 0.0717165 0.0679034 0.0628729 0.0570532 0.0507927 0.0443569 0.0379407 0.0316896 0.0257246 0.0201647 0.0151414 0.0107918 0.00723073 0.00451116
 0.00775761 0.0126777 0.0192197 0.0273606 0.0368395 0.0470025 0.0567778 0.0649458 0.0705837 0.073356 0.0734653 0.0713942 0.0676759 0.062789 0.0571317 0.0510198 0.0446934 0.0383347 0.0320904 0.0260927 0.0204769 0.0153884 0.0109752 0.00735807 0.00459326
 0.00779083 0.0127029 0.0192061 0.0272664 0.0366282 0.0466652 0.0563471 0.0644877 0.0701696 0.0730314 0.0732378 0.0712466 0.0675916 0.0627689 0.0571928 0.0511796 0.0449541 0.0386763 0.0324755 0.0264783 0.0208257 0.0156771 0.0111949 0.00751232 0.00469293
 0.00863081 0.0138941 0.0206743 0.0288288 0.0380397 0.0476974 0.0568569 0.0644442 0.0696407 0.0721494 0.0721595 0.0701174 0.0665194 0.0618166 0.0563887 0.0505344 0.0444713 0.0383518 0.0322927 0.0264074 0.0208294 0.0157192 0.0112479 0.00755978 0.00472818
 0.0092279 0.0148863 0.0221951 0.0309821 0.0408375 0.0509831 0.0602635 0.0674463 0.0717105 0.0729452 0.0716382 0.0685118 0.0642136 0.0592035 0.0537766 0.0481205 0.0423588 0.0365814 0.0308677 0.0253076 0.0200183 0.0151494 0.010868 0.00732043 0.00458662
 0.00908577 0.0147536 0.0221801 0.0312537 0.0415896 0.0523682 0.06232 0.0700479 0.0745592 0.0756179 0.0736857 0.0695859 0.0641744 0.0581515 0.0519953 0.0459631 0.0401431 0.0345324 0.0291108 0.0238897 0.0189349 0.0143657 0.0103329 0.00697732 0.00438128
 0.00897457 0.0145579 0.0218654 0.0307983 0.0410147 0.0517727 0.0618937 0.0700357 0.0751716 0.0769236 0.0755446 0.0716678 0.0660596 0.0594714 0.0525477 0.0457554 0.039353 0.0334176 0.0279174 0.0227958 0.018036 0.0136893 0.00986228 0.0066738 0.00420005
 0.00878483 0.0142832 0.0215126 0.0303914 0.0405831 0.0513392 0.061474 0.0696584 0.0749053 0.0768858 0.0758684 0.072431 0.0672151 0.0608277 0.0538246 0.0466887 0.0397926 0.0333667 0.027503 0.0221975 0.0174167 0.0131556 0.00945965 0.0064016 0.0040334
 0.00880595 0.0142913 0.0214783 0.0302759 0.0403541 0.0509913 0.0610422 0.0692104 0.074518 0.076622 0.0757721 0.0725377 0.067554 0.0614018 0.0545768 0.0474916 0.0404809 0.0338024 0.0276312 0.0220587 0.0171144 0.0128044 0.00914445 0.00616343 0.00387654
 0.00879814 0.0142776 0.0214543 0.030233 0.040277 0.0508578 0.0608277 0.0689003 0.0741233 0.0761885 0.0753747 0.0722598 0.0674642 0.0615364 0.0549318 0.0480174 0.0410856 0.0343704 0.0280586 0.0222904 0.0171591 0.0127195 0.00900276 0.00602326 0.00376848
 0.00872414 0.0141638 0.0212955 0.0300291 0.0400335 0.0505847 0.0605381 0.0686084 0.0738409 0.0759249 0.0751408 0.0720759 0.0673631 0.0615575 0.0551055 0.0483486 0.041543 0.034888 0.0285527 0.0226863 0.0174161 0.0128406 0.00902407 0.00599188 0.00372288
 0.00872562 0.0141763 0.0213322 0.0301071 0.0401667 0.0507748 0.0607676 0.0688401 0.0740274 0.0760217 0.0751194 0.0719307 0.067115 0.0612514 0.0548019 0.0481083 0.0414075 0.0348659 0.028617 0.0227878 0.0175051 0.0128867 0.00902341 0.00595989 0.00368056
 0.00860394 0.0139815 0.0210466 0.0297208 0.0396854 0.0502284 0.0602137 0.0683569 0.0736912 0.0758803 0.0751757 0.0721455 0.0674263 0.0615986 0.0551444 0.0484318 0.0417182 0.0351755 0.0289279 0.0230863 0.0177668 0.0130894 0.00915819 0.00603427 0.00371235
 0.00878086 0.014217 0.0213046 0.0299351 0.0397781 0.0501391 0.0599256 0.0679049 0.0731508 0.0753449 0.0747309 0.0718497 0.0672989 0.0616218 0.0552759 0.0486242 0.0419352 0.0353975 0.0291468 0.0232961 0.0179575 0.0132479 0.00927522 0.00610892 0.00375228
 0.00864058 0.0140692 0.0212258 0.0300343 0.0401525 0.0508128 0.0608082 0.0688054 0.07385 0.0756847 0.0746709 0.071463 0.0667229 0.0609973 0.0547058 0.0481604 0.0415876 0.035153 0.0289856 0.0231993 0.0179077 0.0132289 0.0092718 0.00611007 0.00375232
 0.00855155 0.0139065 0.0209538 0.0296251 0.0396117 0.0502079 0.0602749 0.0685101 0.0739131 0.0761097 0.0753301 0.0721575 0.0672769 0.0613271 0.0548277 0.04815 0.0415281 0.0351017 0.0289669 0.0232137 0.0179446 0.0132748 0.00931578 0.00614505 0.00377589
 0.00871609 0.0141322 0.0212148 0.029867 0.039763 0.0502016 0.0600748 0.0681324 0.0734344 0.075652 0.0750198 0.0720705 0.0674026 0.0615768 0.0550859 0.0483322 0.041609 0.0351055 0.0289363 0.0231834 0.0179309 0.0132784 0.00932961 0.00616131 0.00378943
 0.00862837 0.014024 0.0211131 0.0298123 0.03979 0.0503138 0.0602283 0.0682454 0.0734238 0.0754783 0.0747142 0.0717261 0.0671327 0.0614627 0.0551425 0.0485115 0.0418343 0.0353119 0.0290932 0.0232916 0.0180055 0.0133338 0.00937339 0.00619538 0.00381392
 0.00864043 0.0140285 0.0210943 0.029752 0.0396794 0.0501667 0.0600853 0.0681587 0.0734267 0.0755601 0.0748205 0.0717908 0.0671195 0.0613865 0.055056 0.0484684 0.0418585 0.0353911 0.0291955 0.0233876 0.018081 0.0133878 0.00941103 0.00622168 0.00383198
 0.00873133 0.014171 0.0212974 0.0300164 0.0399933 0.0505023 0.0604001 0.0684056 0.0735715 0.0755947 0.0747612 0.0716621 0.0669374 0.0611568 0.0547867 0.0481818 0.0415883 0.0351675 0.0290318 0.0232786 0.0180116 0.0133437 0.00938269 0.00620407 0.00382197
 0.00884271 0.0143828 0.0216707 0.0306208 0.0408821 0.0516767 0.0617801 0.0698306 0.0748373 0.0765125 0.07521 0.0716127 0.0664441 0.0603282 0.0537507 0.0470587 0.0404779 0.0341455 0.0281485 0.0225587 0.0174567 0.0129382 0.00910209 0.0060211 0.00371051
 0.00844639 0.0137388 0.0207091 0.0292958 0.039204 0.0497497 0.0598228 0.0681463 0.0737283 0.0761739 0.0756623 0.0727089 0.067939 0.0619643 0.0553231 0.0484417 0.0416207 0.0350502 0.0288455 0.0230871 0.0178519 0.0132278 0.00930699 0.00615863 0.00379673
 0.00859832 0.0139435 0.0209362 0.0294841 0.0392703 0.0496094 0.0594168 0.0674687 0.0728465 0.0752294 0.0748408 0.0721812 0.0677992 0.0621988 0.0558268 0.0490692 0.0422406 0.0355784 0.0292503 0.0233747 0.0180466 0.0133565 0.00939097 0.00621249 0.00383004
 0.00868363 0.0141256 0.0212861 0.030082 0.0401699 0.0507888 0.0607438 0.0687128 0.0737463 0.0755864 0.0745922 0.0714182 0.0667249 0.0610509 0.0547988 0.0482634 0.0416655 0.0351826 0.0289674 0.0231545 0.0178647 0.0132073 0.00927568 0.00613087 0.00377766
 0.00845665 0.0137637 0.0207602 0.0293846 0.039333 0.0499016 0.0599531 0.068189 0.0736166 0.0758689 0.0751781 0.0721202 0.067365 0.0615328 0.0551264 0.048505 0.0418963 0.0354424 0.0292513 0.0234314 0.0181024 0.0133886 0.00940033 0.00620923 0.00382323
 0.00873324 0.0141895 0.0213538 0.0301407 0.0402166 0.0508457 0.0608633 0.0689612 0.074168 0.0761641 0.0752306 0.0719654 0.067029 0.0610237 0.0544545 0.0477093 0.041051 0.0346362 0.0285557 0.0228808 0.017695 0.0131014 0.00920529 0.00608177 0.00374408
 0.00872983 0.0142074 0.0214235 0.0303033 0.0405115 0.0512906 0.0614378 0.0696041 0.0747917 0.0766819 0.0755813 0.0721262 0.0670105 0.0608532 0.0541589 0.0473106 0.0405742 0.034119 0.0280472 0.0224281 0.0173287 0.0128296 0.00901832 0.00596141 0.00367133
 0.00834467 0.0135808 0.0204851 0.0290025 0.0388459 0.0493415 0.0593924 0.0677369 0.0733957 0.0759765 0.0756468 0.0728951 0.068309 0.0624627 0.0558697 0.0489534 0.0420339 0.0353345 0.0290054 0.0231505 0.017855 0.0132024 0.00927434 0.00612981 0.00377561
 0.00826484 0.013421 0.0201885 0.0284955 0.0380542 0.0482181 0.0579495 0.0660671 0.0716717 0.0744259 0.074505 0.0723458 0.0684331 0.0632167 0.0571039 0.0504612 0.0436075 0.0368079 0.0302732 0.0241679 0.018624 0.0137534 0.00964955 0.00637203 0.00392277
 0.00844821 0.0137036 0.0205813 0.0289889 0.0386084 0.048755 0.0583521 0.066198 0.0714139 0.0737344 0.0734423 0.0710805 0.0671962 0.0622326 0.0565238 0.0503255 0.0438508 0.0372978 0.0308628 0.0247381 0.0191027 0.0141146 0.00989915 0.00653174 0.00401786
 0.00847455 0.013806 0.0208428 0.0295163 0.0394956 0.0500283 0.0599243 0.0678628 0.0728912 0.0747472 0.0737932 0.0707033 0.0661719 0.0607666 0.0548897 0.0487891 0.0426016 0.036415 0.0303239 0.0244585 0.0189836 0.0140757 0.00989086 0.00653091 0.00401715
#obs surv len freq
 nan nan nan nan nan nan nan nan nan nan nan nan nan nan nan nan nan nan nan nan nan nan nan nan nan
 0.00448282 0.00734349 0.0111731 0.0159896 0.0216911 0.0279679 0.0342834 0.0400157 0.0446958 0.0481597 0.0505172 0.0520124 0.052904 0.0534157 0.0537295 0.053984 0.0542622 0.0545548 0.0546934 0.0542853 0.0527233 0.0493555 0.0438053 0.0362855 0.0276693
 0.00461877 0.00756469 0.011506 0.0164581 0.0223108 0.0287372 0.0351747 0.040973 0.0456415 0.0490095 0.051196 0.0524653 0.0531021 0.0533573 0.0534355 0.0534908 0.0536128 0.0537915 0.0538551 0.0534087 0.0518471 0.0485225 0.04306 0.0356655 0.0271954
 0.00477827 0.00782803 0.0119097 0.0170384 0.0230959 0.0297352 0.0363614 0.0422866 0.0469907 0.0502894 0.0523045 0.0533151 0.0536288 0.0535242 0.0532364 0.0529482 0.0527716 0.0527106 0.0526005 0.0520505 0.0504605 0.0471882 0.041858 0.0346621 0.0264271
 0.00496948 0.00813988 0.0123812 0.0177071 0.0239916 0.0308695 0.0377156 0.0438057 0.0485881 0.0518594 0.0537368 0.0545056 0.0544875 0.0539822 0.0532519 0.0525106 0.0519022 0.0514602 0.0510453 0.0502879 0.0486061 0.0453693 0.0402008 0.0332693 0.0253568
 0.00518066 0.00848673 0.0129097 0.0184623 0.0250087 0.0321602 0.0392542 0.0455249 0.0503888 0.0536294 0.0553671 0.0558976 0.0555539 0.0546475 0.053455 0.052211 0.0510874 0.0501527 0.0493077 0.0482252 0.0463627 0.0431177 0.0381174 0.0315014 0.0239899
 0.00542239 0.0088795 0.0135007 0.0192957 0.0261185 0.0335574 0.0409133 0.0473782 0.052334 0.0555479 0.0571417 0.0574241 0.0567447 0.0554301 0.0537696 0.0520096 0.0503383 0.0488512 0.0474906 0.045985 0.0438523 0.0405395 0.0356914 0.0294181 0.0223663
 0.00566515 0.00927924 0.0141116 0.020171 0.0272996 0.0350573 0.0426995 0.0493687 0.0544101 0.0575788 0.0590058 0.0590192 0.0579884 0.0562562 0.0541238 0.0518463 0.0496214 0.0475624 0.0456466 0.0436591 0.0411904 0.0377547 0.0330307 0.027106 0.0205483
 0.0058991 0.00966322 0.0146966 0.0210077 0.0284296 0.0364986 0.0444309 0.0513216 0.0564769 0.0596314 0.0609156 0.060672 0.0592913 0.0571386 0.054533 0.0517415 0.0489695 0.0463422 0.0438642 0.0413724 0.0385308 0.0349306 0.0302966 0.0247036 0.0186425
 0.00613421 0.0100493 0.0152849 0.0218485 0.0295628 0.0379385 0.0461509 0.0532491 0.0585033 0.0616332 0.0627731 0.0622801 0.0605624 0.0580029 0.0549371 0.0516447 0.0483411 0.0451628 0.0421376 0.0391475 0.0359265 0.0321433 0.0275757 0.0222936 0.0167168
 0.00637155 0.0104361 0.0158688 0.022675 0.0306666 0.0393306 0.0478045 0.0550942 0.0604358 0.0635339 0.0645273 0.0637883 0.0617452 0.0587991 0.0553004 0.0515393 0.0477388 0.0440449 0.0405056 0.0370439 0.033458 0.0294904 0.0249725 0.0199751 0.0148541
 0.00662231 0.0108476 0.016495 0.0235673 0.0318626 0.0408368 0.0495794 0.0570447 0.0624329 0.0654399 0.0662204 0.0651755 0.0627623 0.0594061 0.0554739 0.051265 0.0470061 0.0428471 0.0388497 0.03497 0.0310625 0.026937 0.0224759 0.017753 0.0130669
 0.00685716 0.0112341 0.0170851 0.0244122 0.0330021 0.0422829 0.051299 0.058953 0.0644045 0.0673324 0.0678997 0.0665329 0.0637229 0.059929 0.0555458 0.0508898 0.0461947 0.0416125 0.0372126 0.0329751 0.0287992 0.0245517 0.0201588 0.0156974 0.0114157
 0.00706853 0.0115812 0.0176141 0.0251683 0.034021 0.0435765 0.0528412 0.0606734 0.0661969 0.0690738 0.069469 0.0678247 0.0646555 0.0604483 0.0556266 0.0505311 0.0454121 0.0404319 0.0356692 0.0311231 0.0267267 0.0223907 0.0180755 0.0138583 0.00994242
 0.0072662 0.0119071 0.0181127 0.0258832 0.0349858 0.0448 0.054293 0.06228 0.0678523 0.070661 0.0708793 0.0689686 0.0654662 0.0608817 0.0556596 0.0501599 0.0446496 0.0393044 0.0342172 0.0294062 0.024833 0.0204415 0.0162161 0.0122299 0.00864537
 0.00746015 0.012223 0.0185893 0.0265566 0.0358823 0.0459248 0.055618 0.0637392 0.0693503 0.0720899 0.0721371 0.0699718 0.0661549 0.0612204 0.055634 0.0497726 0.0439159 0.0382508 0.032883 0.0278493 0.0231363 0.0187149 0.0145858 0.0108143 0.0075256
 0.00753603 0.0123526 0.0187964 0.0268686 0.0363259 0.046519 0.0563656 0.064622 0.0703299 0.0731123 0.0731383 0.0708827 0.0669078 0.0617548 0.0559032 0.0497473 0.0435854 0.0376225 0.0319835 0.0267267 0.0218638 0.0173894 0.0133173 0.00970469 0.00664431
 0.00759569 0.0124418 0.0189171 0.0270198 0.0365077 0.0467372 0.0566341 0.0649601 0.0707547 0.0736296 0.0737361 0.0715286 0.0675518 0.0623358 0.0563571 0.0500162 0.0436249 0.0374087 0.0315171 0.0260362 0.0210065 0.0164474 0.012386 0.00887372 0.0059762
 0.00764044 0.0125073 0.019002 0.0271179 0.0366094 0.0468327 0.0567179 0.0650347 0.0708339 0.0737382 0.0739041 0.0717801 0.0678921 0.0627435 0.0567849 0.0503995 0.0438959 0.0375106 0.0314157 0.0257287 0.020524 0.0158512 0.0117556 0.0082874 0.0054923
 0.00770984 0.0126123 0.0191451 0.0272952 0.0368105 0.0470414 0.0569138 0.0651961 0.0709438 0.0737917 0.0739132 0.0717725 0.0679028 0.0628015 0.0568999 0.050555 0.0440509 0.0376107 0.0314101 0.0255861 0.0202442 0.0154667 0.0113223 0.00786784 0.00513671
 0.00780501 0.0127614 0.0193582 0.0275764 0.0371549 0.0474324 0.0573206 0.0655761 0.0712508 0.0739882 0.0739809 0.0717178 0.067754 0.0626011 0.0566923 0.050373 0.0439052 0.0374871 0.0312768 0.0254091 0.0200038 0.0151678 0.0109933 0.00754905 0.00486461
 0.00781007 0.0127743 0.0193864 0.0276298 0.0372439 0.0475639 0.0574942 0.065782 0.0714706 0.0741978 0.074155 0.0718354 0.0678036 0.0625846 0.0566252 0.0502787 0.0438058 0.0373937 0.0311848 0.0253023 0.0198654 0.0149922 0.0107916 0.00734488 0.00468372
 0.00784623 0.0128233 0.0194426 0.027683 0.037284 0.0475872 0.0575075 0.065801 0.0715126 0.0742729 0.0742607 0.0719561 0.0679169 0.062669 0.0566672 0.0502767 0.0437684 0.0373334 0.0311108 0.0252166 0.019764 0.0148723 0.0106574 0.00720892 0.00456152
 0.00784873 0.0128276 0.0194491 0.0276911 0.0372909 0.0475872 0.0574928 0.065766 0.071459 0.0742135 0.0742166 0.0719483 0.0679562 0.0627503 0.0567718 0.050381 0.0438533 0.0373888 0.0311352 0.025212 0.0197335 0.0148192 0.0105876 0.00713182 0.00448822
 0.00787831 0.0128667 0.0194915 0.0277258 0.0373057 0.0475736 0.0574502 0.0657008 0.0713814 0.0741333 0.0741427 0.0718902 0.0679241 0.0627532 0.0568126 0.0504527 0.0439406 0.0374738 0.0312027 0.0252536 0.019747 0.0148074 0.0105567 0.0070903 0.00444519
 0.00790185 0.0129054 0.0195496 0.0278061 0.0374062 0.0476852 0.0575553 0.0657772 0.0714097 0.0741055 0.0740651 0.0717806 0.0678051 0.0626453 0.0567307 0.0504044 0.0439247 0.0374818 0.0312219 0.025271 0.0197535 0.0147995 0.0105361 0.00706227 0.00441587
 0.00789831 0.012899 0.0195393 0.027791 0.037387 0.0476649 0.0575391 0.0657702 0.0714135 0.0741159 0.0740734 0.0717782 0.0677888 0.0626197 0.0567056 0.0503905 0.0439292 0.0375054 0.0312588 0.0253117 0.0197884 0.0148221 0.0105446 0.00705922 0.0044062
 0.00791024 0.0129119 0.0195468 0.0277835 0.0373547 0.0476022 0.0574488 0.0656641 0.0713095 0.0740317 0.0740214 0.0717616 0.0678025 0.0626535 0.0567499 0.0504398 0.0439822 0.0375629 0.0313201 0.025373 0.0198438 0.0148658 0.0105739 0.00707472 0.0044114
 0.00788105 0.0128683 0.0194879 0.0277102 0.0372686 0.0475037 0.0573375 0.0655406 0.0711786 0.0739053 0.0739167 0.071697 0.0677904 0.0626959 0.0568383 0.0505588 0.044116 0.0376986 0.0314491 0.0254897 0.0199437 0.0149456 0.0106322 0.00711285 0.00443322
 0.00787046 0.0128455 0.0194436 0.0276337 0.0371509 0.047344 0.0571461 0.0653382 0.0709895 0.0737496 0.0738065 0.0716369 0.0677818 0.0627386 0.0569296 0.0506914 0.0442774 0.0378731 0.0316217 0.0256481 0.0200796 0.0150547 0.0107133 0.00716822 0.00446743
 0.00787276 0.0128467 0.0194404 0.0276202 0.0371195 0.047286 0.0570542 0.0652099 0.0708304 0.0735748 0.0736378 0.0714977 0.0676899 0.0627033 0.0569514 0.0507645 0.0443914 0.0380146 0.0317755 0.0257995 0.0202161 0.0151681 0.0108 0.00722901 0.00450623
 0.00784095 0.0127985 0.0193745 0.0275375 0.0370225 0.0471779 0.0569382 0.065089 0.0707077 0.0734542 0.0735253 0.0714023 0.0676234 0.0626774 0.056974 0.050837 0.0445081 0.0381642 0.0319429 0.0259687 0.0203727 0.0153012 0.010904 0.00730335 0.00455466
 0.00778892 0.0127117 0.0192405 0.027345 0.0367659 0.0468635 0.0565881 0.0647398 0.0704012 0.0732252 0.0733929 0.071368 0.0676767 0.0628027 0.0571562 0.0510628 0.0447653 0.0384396 0.0322215 0.0262345 0.0206108 0.0155003 0.0110584 0.0074137 0.00462689
 0.00776763 0.0126724 0.0191724 0.027235 0.0366011 0.0466359 0.0563003 0.0644079 0.0700546 0.0729017 0.0731313 0.0711996 0.0676181 0.0628535 0.0573017 0.0512807 0.0450315 0.0387317 0.0325196 0.0265206 0.020869 0.0157182 0.0112293 0.0075373 0.00470873
 0.00774241 0.0126305 0.0191074 0.0271399 0.036469 0.0464615 0.0560823 0.0641511 0.0697712 0.0726115 0.0728607 0.0709785 0.0674749 0.0628082 0.0573613 0.0514371 0.0452645 0.0390146 0.0328244 0.0268216 0.021145 0.0159537 0.0114157 0.00767331 0.00479962
 0.00932557 0.0148474 0.0217849 0.0298962 0.0388251 0.0480177 0.0566581 0.063811 0.0687434 0.0711697 0.0712384 0.0693398 0.0659232 0.0614071 0.0561487 0.0504319 0.0444686 0.0384148 0.0323959 0.0265332 0.0209642 0.0158499 0.0113626 0.00765033 0.00479224
 0.00930376 0.015106 0.0226925 0.0319104 0.0422938 0.0529102 0.0623941 0.0693551 0.0729722 0.0733138 0.071135 0.0673758 0.0627654 0.0577167 0.0524188 0.0469601 0.0414031 0.0358118 0.0302607 0.024842 0.0196752 0.0149103 0.0107122 0.00722654 0.00453457
 0.00897385 0.0145866 0.0219639 0.0310225 0.0414192 0.0523802 0.0626595 0.0708242 0.0757655 0.0770814 0.0750997 0.0706269 0.0646373 0.0580195 0.0514089 0.0451287 0.0392458 0.0336937 0.0283906 0.0233069 0.0184866 0.0140388 0.0101088 0.00683417 0.00429679
 0.00879562 0.0142868 0.0214948 0.0303371 0.0404893 0.0512298 0.0614066 0.0697084 0.0751279 0.0772698 0.0763134 0.0727713 0.0672909 0.0605705 0.053302 0.0460764 0.0392856 0.0330904 0.0274741 0.0223479 0.0176485 0.0133878 0.0096474 0.00653278 0.00411499
 0.00871384 0.0141501 0.0212812 0.0300212 0.0400445 0.0506351 0.060658 0.0688363 0.0742167 0.0764718 0.0758383 0.0728332 0.0680141 0.0618969 0.0549687 0.0477003 0.0405198 0.0337572 0.0276006 0.0221017 0.0172327 0.0129618 0.00929857 0.00628662 0.00396065
 0.00868653 0.0141017 0.0212006 0.0298944 0.0398562 0.0503713 0.0603096 0.0684015 0.0737049 0.075911 0.0752874 0.0723903 0.0678074 0.0620444 0.0555162 0.0485723 0.0415262 0.034665 0.0282323 0.0223988 0.0172516 0.012818 0.00910378 0.0061128 0.00383614
 0.00868746 0.0141018 0.0211977 0.0298844 0.0398326 0.0503247 0.0602278 0.0682713 0.0735143 0.0756542 0.0749703 0.0720386 0.0674726 0.0618026 0.05545 0.0487362 0.0419101 0.0351829 0.0287523 0.0228006 0.0174758 0.0128774 0.00905686 0.00602486 0.0037525
 0.00869314 0.01411 0.021208 0.0298955 0.0398422 0.0503295 0.0602232 0.0682507 0.0734694 0.0755752 0.0748489 0.0718716 0.0672687 0.0615878 0.0552686 0.0486413 0.0419424 0.0353476 0.0290087 0.0230763 0.0177 0.0130112 0.00910242 0.0060119 0.00371578
 0.00866693 0.0140727 0.0211619 0.0298458 0.0397959 0.0502923 0.0601977 0.068236 0.0734612 0.0755672 0.0748332 0.0718403 0.0672154 0.0615123 0.0551811 0.0485645 0.0419066 0.0353775 0.0291089 0.023225 0.0178576 0.0131393 0.00918113 0.00604344 0.00371642
 0.00866176 0.0140615 0.0211399 0.0298081 0.039739 0.0502182 0.0601149 0.0681584 0.0734029 0.0755368 0.0748301 0.0718555 0.0672358 0.0615257 0.055181 0.0485533 0.041896 0.0353844 0.0291471 0.0232964 0.0179494 0.0132303 0.00925228 0.00608664 0.00373494
 0.00863551 0.0140229 0.0210893 0.0297477 0.0396723 0.0501474 0.0600412 0.068083 0.0733296 0.0754732 0.0747862 0.0718396 0.0672501 0.0615646 0.0552337 0.0486089 0.0419484 0.0354349 0.0292014 0.0233597 0.0180209 0.0133023 0.0093144 0.00613156 0.00376146
 0.00862495 0.0140035 0.0210564 0.0296964 0.0395992 0.050054 0.059935 0.0679764 0.073236 0.0754024 0.0747428 0.0718239 0.0672605 0.0615989 0.0552881 0.0486772 0.0420235 0.0355105 0.0292748 0.0234304 0.0180889 0.0133655 0.00936867 0.00617303 0.00378893
 0.00862194 0.0139991 0.0210503 0.0296881 0.0395874 0.0500359 0.0599067 0.0679345 0.0731803 0.0753372 0.0746766 0.0717667 0.0672206 0.0615808 0.0552922 0.0487011 0.0420626 0.0355596 0.0293287 0.0234854 0.018142 0.0134142 0.00941047 0.0062058 0.00381182
 0.00862839 0.0140066 0.0210562 0.0296884 0.0395777 0.0500138 0.0598728 0.0678921 0.0731335 0.0752894 0.0746301 0.0717236 0.0671842 0.0615554 0.0552819 0.0487081 0.0420862 0.0355966 0.0293745 0.0235349 0.0181908 0.0134588 0.00944832 0.00623529 0.00383267
 0.00863281 0.0140172 0.0210782 0.0297276 0.0396383 0.0500942 0.0599637 0.0679779 0.0731969 0.0753179 0.0746195 0.071678 0.067113 0.0614702 0.0551942 0.0486278 0.0420207 0.0355499 0.0293469 0.0235239 0.0181923 0.0134679 0.00946073 0.0062476 0.00384278
 0.00863281 0.0140172 0.0210782 0.0297276 0.0396383 0.0500942 0.0599637 0.0679779 0.0731969 0.0753179 0.0746195 0.071678 0.067113 0.0614702 0.0551942 0.0486278 0.0420207 0.0355499 0.0293469 0.0235239 0.0181923 0.0134679 0.00946073 0.0062476 0.00384278
 0.00869686 0.014118 0.0212235 0.0299219 0.0398811 0.0503779 0.0602715 0.0682825 0.0734642 0.0755132 0.0747158 0.0716626 0.0669902 0.0612596 0.0549255 0.0483338 0.0417309 0.0352866 0.0291239 0.023347 0.0180606 0.0133763 0.00940128 0.00621194 0.00382315
 0.00886761 0.0143958 0.0216403 0.0305032 0.0406355 0.0512836 0.061265 0.0692622 0.0743107 0.0761204 0.0750157 0.0716352 0.0666595 0.0606817 0.0541754 0.0474925 0.0408745 0.0344778 0.0284074 0.0227484 0.0175883 0.013025 0.00915593 0.00605196 0.00372639
 0.00839738 0.0136701 0.0206243 0.0292011 0.0391009 0.049628 0.0596592 0.0679164 0.0734265 0.0758301 0.075341 0.072487 0.0678738 0.062071 0.0555724 0.048776 0.041977 0.0353779 0.0291152 0.0232892 0.0179913 0.0133168 0.00935954 0.00618715 0.0038107
 0.00858463 0.0139105 0.0208678 0.0293613 0.039079 0.0493509 0.0591138 0.0671613 0.072578 0.0750306 0.074724 0.0721461 0.0678429 0.0623197 0.0560204 0.0493204 0.0425221 0.0358565 0.0294949 0.0235675 0.0181834 0.0134438 0.00944103 0.00623799 0.00384132
 0.00879554 0.0142733 0.0214447 0.0302059 0.0402044 0.0506895 0.0604952 0.0683384 0.0733047 0.0751568 0.0742519 0.07122 0.0666833 0.0611438 0.0549836 0.0484951 0.0419084 0.0354119 0.0291664 0.0233131 0.0179793 0.0132812 0.00931749 0.00615091 0.00378524
 0.00858065 0.0139526 0.021019 0.0297042 0.0396872 0.0502448 0.0602243 0.0683247 0.0735734 0.0756459 0.0748238 0.0717161 0.0669946 0.0612524 0.0549528 0.0484221 0.0418726 0.0354471 0.0292627 0.0234379 0.0180999 0.0133775 0.00938399 0.00619173 0.00380796
 0.00880685 0.0142835 0.0214483 0.0302023 0.0402093 0.0507464 0.0606739 0.0687102 0.0738982 0.0759183 0.0750396 0.0718462 0.0669873 0.061057 0.0545531 0.0478561 0.0412232 0.0348092 0.0287094 0.0230029 0.0177821 0.0131567 0.00923588 0.00609569 0.00374847
 0.00875409 0.014231 0.0214291 0.030263 0.0403923 0.0510647 0.0610949 0.0691619 0.0742996 0.0762145 0.0752207 0.0719366 0.0670173 0.061037 0.0544685 0.0476841 0.0409578 0.0344744 0.0283519 0.0226722 0.0175113 0.0129567 0.00909997 0.00600947 0.00369698
 0.00836878 0.0136089 0.0205064 0.0289989 0.0387948 0.0492219 0.0591918 0.0674564 0.0730534 0.075608 0.0753019 0.0726285 0.0681667 0.062468 0.0560152 0.0492051 0.0423429 0.0356528 0.0292962 0.0233925 0.0180407 0.0133341 0.00936058 0.00618157 0.00380387
 0.00832259 0.0134943 0.0202604 0.0285376 0.0380332 0.0481088 0.0577449 0.065783 0.0713419 0.0740934 0.0742119 0.0721262 0.0683089 0.0631967 0.0571843 0.0506267 0.0438331 0.0370623 0.0305251 0.0243919 0.0188049 0.0138869 0.00973958 0.00642745 0.00395378
 0.00846423 0.0137227 0.0205963 0.0289868 0.0385715 0.0486639 0.0581917 0.065965 0.0711234 0.0734221 0.0731575 0.0708714 0.0670938 0.0622429 0.0566308 0.0505023 0.0440688 0.037532 0.0310921 0.0249451 0.0192752 0.0142466 0.00999157 0.00659065 0.0040519
 0.00862384 0.0139951 0.0210291 0.0296285 0.0394554 0.0497831 0.0594749 0.0672677 0.0722467 0.0741564 0.0733392 0.0704353 0.0661022 0.060876 0.0551366 0.049122 0.0429709 0.0367808 0.030659 0.0247469 0.0192177 0.0142541 0.0100175 0.00661395 0.00406706
#pred catch len freq
 0.00310599 0.00507038 0.00770372 0.0110669 0.015207 0.0201034 0.0256088 0.0314477 0.0372768 0.0427567 0.0476003 0.0516069 0.0546873 0.0568645 0.0582459 0.0589895 0.0592787 0.0592893 0.0591079 0.0585994 0.0572996 0.0544783 0.0494623 0.0420989 0.0330436
 0.00335212 0.00540222 0.00807892 0.011409 0.015433 0.020164 0.0255144 0.0312609 0.0370733 0.0425824 0.0474544 0.0514616 0.0545271 0.0567171 0.0581834 0.0590969 0.0596055 0.0598048 0.0596879 0.0590575 0.0574576 0.0542452 0.0488774 0.0413117 0.0322418
 0.00341082 0.00554275 0.00836782 0.0119203 0.0162111 0.0211764 0.0266274 0.0322686 0.0377783 0.0428806 0.0473682 0.0511026 0.0540258 0.0561738 0.0576641 0.0586545 0.0592878 0.0596344 0.0596295 0.0590075 0.0572787 0.0538339 0.0482226 0.0405043 0.031428
 0.00355923 0.00576235 0.00866411 0.0123 0.0166995 0.021831 0.0275273 0.0334672 0.0392376 0.0444333 0.0487511 0.0520562 0.0544023 0.0559831 0.0570406 0.0577814 0.0583303 0.0587037 0.0587693 0.0581952 0.0564477 0.0529197 0.0472137 0.0394624 0.0304619
 0.00373347 0.00604668 0.00909238 0.0129005 0.0174865 0.0227959 0.0286378 0.0346808 0.0405215 0.0457687 0.0501045 0.0533368 0.055447 0.056602 0.0570996 0.0572652 0.0573435 0.0574141 0.0573356 0.05672 0.0549726 0.0514568 0.0457879 0.0381345 0.0293156
 0.00392169 0.00635038 0.00954667 0.0135403 0.0183439 0.0238935 0.0299753 0.036222 0.0421897 0.0474577 0.0517019 0.0547437 0.0565805 0.0573796 0.057429 0.0570616 0.0565708 0.0561171 0.0556337 0.0547674 0.0529162 0.0494188 0.0438732 0.0364406 0.0279246
