SBPRF35
10.6145
Curr Bio
655875
B35
797421
F35
0.184241
FOFL
0.154273
OFL
84057.8
Bzero
3.03272e+006
#pred survey bio
 4.14199e+006 3.96487e+006 3.79133e+006 3.57827e+006 3.32013e+006 3.0114e+006 2.72759e+006 2.4469e+006 2.16999e+006 1.91141e+006 1.66963e+006 1.49523e+006 1.30346e+006 1.16463e+006 1.0295e+006 915669 814155 746037 705111 658088 630471 610971 591258 581460 569502 567332 565079 549966 547353 545730 542691 552532 549260 548319 543276 532041 529393 523380 525431 533187 535522 545091 559325 567580 575175 588732 594694 618685 641812 661653 2.37841e+007 1.45109e+007 1.49624e+007 1.58592e+007 1.70267e+007 1.826e+007 1.94159e+007 2.04198e+007 2.1248e+007 2.19076e+007 2.242e+007 2.28116e+007 2.31075e+007 2.33297e+007 2.3496e+007 2.36205e+007 2.37138e+007 2.37839e+007 2.38368e+007 2.38769e+007 2.39075e+007 2.39309e+007 2.3949e+007 2.39629e+007 2.39738e+007 2.39822e+007 2.39888e+007 2.3994e+007 2.39981e+007 2.40013e+007 2.40039e+007 2.40059e+007 2.40075e+007 2.40088e+007 2.40098e+007 2.40106e+007 2.40113e+007 2.40118e+007 2.40122e+007 2.40125e+007 2.40128e+007 2.4013e+007 2.40132e+007 2.40133e+007 2.40135e+007 2.40135e+007 2.40136e+007 2.40137e+007 2.40137e+007 2.40138e+007 2.40138e+007 2.40138e+007 2.40138e+007 2.40138e+007 2.40139e+007 2.40139e+007 2.40139e+007 2.40139e+007 2.40139e+007 2.40139e+007 2.40139e+007 2.40139e+007 2.40139e+007 2.40139e+007 2.40139e+007 2.40139e+007 2.40139e+007 2.40139e+007 2.40139e+007 2.40139e+007 2.40139e+007 2.40139e+007 2.40139e+007 2.40139e+007 2.40139e+007 2.40139e+007 2.40139e+007 2.40139e+007 2.40139e+007 2.40139e+007 2.40139e+007 2.40139e+007 2.40139e+007 2.40139e+007 2.40139e+007 2.40139e+007 2.40139e+007 2.40139e+007 2.40139e+007 2.40139e+007 2.40139e+007 2.40139e+007 2.40139e+007 2.40139e+007 2.40139e+007 2.40139e+007 2.40139e+007 2.40139e+007 2.40139e+007 2.40139e+007 0 0 0 0 0 0 0 0 0 0 0 0 0 0 0 0 0 0 0 0 0 0 0 0 0
#obs survey bio
 3.03823e+006 4.56761e+006 2.76839e+006 3.58242e+006 3.59798e+006 3.04937e+006 2.69219e+006 2.58018e+006 1.75914e+006 1.86638e+006 1.88677e+006 1.37448e+006 911850 759278 727481 736028 658532 866015 566445 698317 466866 638944 588428 648924 621677 439812 401880 629591 412634 709662 617672 484989 513845 708598 763764 470920 740889 563972 639795 399460 551209 810060 427297 745759 425282 549119 505243 824471 521442 595041
#pred catch bio
 102853 105459 151820 208386 274308 273307 292110 308924 310158 309591 260763 284506 243265 243104 224325 211105 178698 152133 153617 133736 125033 123562 113673 114178 104951 104451 113388 100588 98346.8 98013.7 86479.9 97065.3 93234.2 93753 95311.7 86419.6 91082.7 87297.6 85023.4 90679.8 84807.8 81601.5 87668.8 89172.7 85941.3 94925.2 82946.9 87509.4 92783.1 93921.4 84057.8 100555 102607 107542 114888 122909 130407 136814 141975 145962 148947 151129 152697 153806 154582 155121 155492 155745 155919 156036 156116 156169 156206 156230 156246 156257 156265 156270 156273 156275 156277 156278 156278 156279 156279 156279 156279 156279 156279 156279 156279 156279 156279 156279 156279 156279 156279 156279 156279 156279 156279 156279 156279 156279 156279 156279 156279 156279 156279 156279 156279 156279 156279 156279 156279 156279 156279 156279 156279 156279 156279 156279 156279 156279 156279 156279 156279 156279 156279 156279 156279 156279 156279 156279 156279 156279 156279 156279 156279 156279 156279 156279 156279 156279 156279 156279 156279 156279 156279 156279 0 0 0 0 0 0 0 0 0 0 0 0 0 0 0 0 0 0 0 0 0 0 0 0 0
#obs catch bio
 0 105138 151850 208819 275709 274398 294159 311562 312635 313379 262489 288219 246219 248225 228788 214828 181741 153604 155463 134454 126308 125083 114905 115545 105890 105911 115455 101267 99277.7 98875.8 86575.5 98195.5 94430 94329.4 95824.9 86659.1 90897.8 86775.1 84471.6 90422.1 84383.7 80722.3 87081.8 88409.4 85114.4 94315.5 82763.4 87221.8 92601.8 93907.5
#pred cpue bio
 4.08069e+006 3.90652e+006 3.73552e+006 3.52347e+006 3.26621e+006 2.95892e+006 2.67633e+006 2.39704e+006 2.12181e+006 1.86497e+006 1.62512e+006 1.45198e+006 1.26217e+006 1.12458e+006 991215 879322 779928 713513 673931 628478 601665 582631 563491 554074 542600 540566 538510 524186 521992 520701 518055 527768 524741 524305 520206 509964 507143 500133 501189 508593 511128 520719 534673 542610 549846 562704 567978 590843 613095 632506 2.27846e+007 1.39288e+007 1.42757e+007 1.50358e+007 1.61481e+007 1.73664e+007 1.85189e+007 1.95222e+007 2.03503e+007 2.10098e+007 2.15222e+007 2.19138e+007 2.22097e+007 2.24319e+007 2.25982e+007 2.27227e+007 2.2816e+007 2.28861e+007 2.2939e+007 2.29791e+007 2.30097e+007 2.30331e+007 2.30512e+007 2.30651e+007 2.3076e+007 2.30844e+007 2.3091e+007 2.30962e+007 2.31003e+007 2.31035e+007 2.31061e+007 2.31081e+007 2.31097e+007 2.3111e+007 2.3112e+007 2.31128e+007 2.31135e+007 2.3114e+007 2.31144e+007 2.31148e+007 2.3115e+007 2.31152e+007 2.31154e+007 2.31155e+007 2.31157e+007 2.31157e+007 2.31158e+007 2.31159e+007 2.31159e+007 2.3116e+007 2.3116e+007 2.3116e+007 2.3116e+007 2.3116e+007 2.31161e+007 2.31161e+007 2.31161e+007 2.31161e+007 2.31161e+007 2.31161e+007 2.31161e+007 2.31161e+007 2.31161e+007 2.31161e+007 2.31161e+007 2.31161e+007 2.31161e+007 2.31161e+007 2.31161e+007 2.31161e+007 2.31161e+007 2.31161e+007 2.31161e+007 2.31161e+007 2.31161e+007 2.31161e+007 2.31161e+007 2.31161e+007 2.31161e+007 2.31161e+007 2.31161e+007 2.31161e+007 2.31161e+007 2.31161e+007 2.31161e+007 2.31161e+007 2.31161e+007 2.31161e+007 2.31161e+007 2.31161e+007 2.31161e+007 2.31161e+007 2.31161e+007 2.31161e+007 2.31161e+007 2.31161e+007 2.31161e+007 2.31161e+007 2.31161e+007 2.31161e+007 0 0 0 0 0 0 0 0 0 0 0 0 0 0 0 0 0 0 0 0 0 0 0 0 0
#obs cpue bio
 4.20261e+006 5.78141e+006 4.07403e+006 2.14873e+006 2.67888e+006 2.29014e+006 2.03752e+006 2.04243e+006 2.59921e+006 1.4134e+006 1.44394e+006 1.29112e+006 1.25516e+006 961641 1.11936e+006 1.05233e+006 695102 667101 740458 669591 514649 442761 460825 428522 451321 405201 581072 652030 510522 397694 577341 317182 377507 608998 394150 556103 619830 638345 454259 610288 594489 638692 594576 548458 850638 615498 396452 583276 724134 607374
#pred surv len freq
 0.00486162 0.00787895 0.011832 0.0166955 0.0223525 0.0285208 0.0347221 0.0403924 0.0450909 0.0486446 0.05113 0.0527516 0.0537314 0.0542552 0.0544583 0.05443 0.0542265 0.0538728 0.0533249 0.0523874 0.0506486 0.0475436 0.0426081 0.0358247 0.0278157
 0.00506242 0.00811576 0.0120274 0.0167343 0.022128 0.0279989 0.0339833 0.039614 0.044471 0.0483116 0.0510945 0.0529261 0.0539955 0.0545235 0.0547146 0.0547175 0.0546048 0.0543664 0.0538883 0.0529086 0.050993 0.0476182 0.0424081 0.0354336 0.0273606
 0.00531267 0.00851685 0.0126134 0.0175148 0.0230656 0.0289886 0.0348539 0.0401731 0.0445862 0.047983 0.0504621 0.0521983 0.0533478 0.0540345 0.0543747 0.054483 0.0544467 0.0542774 0.0538556 0.0528849 0.0508995 0.0473819 0.0420074 0.0349166 0.0268214
 0.00549772 0.00882629 0.0130955 0.0182207 0.0240377 0.0302399 0.0363402 0.0417733 0.0461059 0.0491935 0.0511694 0.0523144 0.0529244 0.053234 0.0533933 0.0534765 0.0534984 0.0534105 0.0530581 0.0521262 0.0501392 0.0465867 0.0411755 0.0340903 0.0260726
 0.00570352 0.00915622 0.0135848 0.0189025 0.0249421 0.0313882 0.0377353 0.0433853 0.0478588 0.0509563 0.0527601 0.0535268 0.0535803 0.0532435 0.0527891 0.0523971 0.0521296 0.0519186 0.0515516 0.050654 0.048714 0.0452155 0.0398832 0.0329267 0.0250969
 0.00599065 0.00961085 0.0142466 0.0198011 0.0260932 0.0327884 0.0393556 0.0451685 0.0497264 0.0528168 0.0545103 0.0550452 0.0547235 0.0538627 0.0527694 0.051703 0.050826 0.0501517 0.0495003 0.048482 0.046548 0.0431522 0.0380066 0.0313139 0.0238072
 0.00624822 0.0100259 0.0148644 0.0206617 0.0272241 0.0341943 0.041006 0.0469953 0.0516331 0.0546982 0.0562681 0.0565913 0.055971 0.0547153 0.0531209 0.051457 0.0499314 0.0486344 0.0474706 0.0461118 0.0440345 0.0406859 0.0357525 0.0293988 0.0223055
 0.00651986 0.0104604 0.0155057 0.0215474 0.0283805 0.0356278 0.0426924 0.0488729 0.053608 0.0566582 0.0580999 0.0581923 0.0572549 0.0556079 0.0535519 0.0513547 0.0492314 0.0473054 0.0455457 0.0437072 0.0413422 0.0379416 0.0331906 0.0272074 0.0205937
 0.00683227 0.0109572 0.0162327 0.0225406 0.0296607 0.037192 0.0445042 0.0508583 0.055663 0.0586665 0.059949 0.0597834 0.0585056 0.056451 0.0539312 0.0512193 0.0485334 0.0460101 0.0436563 0.0412959 0.0385683 0.0350397 0.0304256 0.0248118 0.0187122
 0.00712727 0.0114337 0.0169443 0.0235347 0.0309697 0.0388193 0.0464093 0.0529521 0.0578209 0.0607518 0.0618361 0.0613699 0.0597146 0.0572272 0.0542341 0.0510154 0.0477918 0.0447062 0.0417893 0.0389181 0.0358117 0.0321195 0.0276059 0.0223409 0.0167563
 0.00749109 0.0120049 0.0177669 0.0246378 0.0323656 0.0404989 0.0483339 0.0550467 0.0599768 0.06284 0.0637251 0.0629426 0.0608795 0.0579232 0.0544274 0.0506898 0.0469386 0.043321 0.0398826 0.0365396 0.0330784 0.0292265 0.0248022 0.0198706 0.0147902
 0.00775379 0.0124242 0.0183831 0.0254835 0.0334597 0.0418385 0.0498859 0.056746 0.0617361 0.0645654 0.065328 0.0643425 0.0620015 0.0586983 0.0547956 0.050605 0.0463699 0.0422538 0.0383242 0.0345348 0.0307304 0.0267068 0.0223327 0.0176734 0.0130269
 0.00815154 0.0130517 0.0192915 0.0267062 0.0350054 0.0436816 0.0519549 0.0589222 0.0638685 0.0665013 0.0669412 0.0655488 0.0627597 0.0589987 0.0546455 0.0500153 0.045349 0.0408091 0.0364734 0.0323248 0.0282576 0.0241278 0.0198485 0.0154854 0.0112802
 0.00833571 0.013364 0.0197854 0.0274393 0.036027 0.0450128 0.0535692 0.0607383 0.0657629 0.0683317 0.068572 0.066868 0.0636881 0.0594925 0.0546928 0.0496259 0.044543 0.0396094 0.0349091 0.0304445 0.0261483 0.0219248 0.0177237 0.0136109 0.00978098
 0.00852269 0.0136697 0.0202496 0.0281022 0.0369243 0.0461656 0.0549704 0.0623426 0.0674849 0.0700548 0.0701635 0.0681992 0.0646529 0.0600218 0.0547585 0.049236 0.0437289 0.0384154 0.0333866 0.028658 0.0241874 0.0199123 0.0158077 0.0119358 0.00844912
 0.00869393 0.0139434 0.020653 0.028659 0.0376518 0.0470702 0.0560419 0.0635498 0.0687769 0.0713656 0.0714167 0.0693114 0.0655389 0.0606037 0.0549771 0.04906 0.043158 0.0374765 0.0321289 0.0271509 0.0225225 0.0182051 0.0141881 0.0105253 0.00733138
 0.0088217 0.0141584 0.0209899 0.0291534 0.0383318 0.0479434 0.0570837 0.0647018 0.069959 0.0724954 0.0724249 0.0701465 0.066163 0.0609855 0.0550884 0.048877 0.0426678 0.0366842 0.0310631 0.0258664 0.0211008 0.0167503 0.0128144 0.00933561 0.00639355
 0.0088941 0.0142642 0.0211284 0.0293205 0.0385267 0.0481767 0.0573802 0.0650932 0.0704684 0.0731209 0.0731334 0.07088 0.0668535 0.0615683 0.055509 0.0490918 0.0426441 0.0364034 0.0305273 0.0251052 0.0201744 0.0157453 0.0118303 0.00846398 0.0056969
 0.00893154 0.014313 0.0211796 0.029358 0.0385322 0.0481374 0.0572979 0.0649901 0.0703868 0.073116 0.0732578 0.0711646 0.0672924 0.0621158 0.0560898 0.0496195 0.0430391 0.0366052 0.0305026 0.0248533 0.0197296 0.0151727 0.0112133 0.00788496 0.00521689
 0.00916882 0.0146668 0.0216515 0.0299261 0.0391537 0.0487561 0.0578515 0.0654185 0.0706437 0.0731832 0.0731547 0.0709457 0.0670299 0.0618755 0.0559092 0.0494978 0.0429416 0.0364796 0.0302988 0.024541 0.0193093 0.0146762 0.0106952 0.00740468 0.00482083
 0.00930307 0.014876 0.0219487 0.0303148 0.0396242 0.0492823 0.0583885 0.0659062 0.0710192 0.0733979 0.0731889 0.0708133 0.0667742 0.0615566 0.0555873 0.0492165 0.0427158 0.0362937 0.030117 0.0243254 0.0190376 0.0143524 0.0103473 0.00707268 0.00454027
 0.00930124 0.0148867 0.02199 0.0304116 0.0398021 0.0495565 0.0587538 0.0663334 0.0714596 0.073794 0.0734872 0.0709761 0.0667881 0.0614357 0.0553691 0.0489496 0.0424445 0.0360444 0.0298928 0.0241118 0.0188163 0.0141148 0.0101013 0.00683877 0.00434078
 0.00934841 0.0149542 0.0220753 0.0305093 0.0399082 0.0496747 0.0588978 0.0665217 0.0717033 0.0740856 0.0737953 0.0712526 0.0669829 0.0615133 0.0553193 0.0487895 0.0422097 0.0357757 0.0296223 0.023856 0.0185778 0.0138913 0.00989363 0.00665392 0.0041884
 0.00933497 0.014933 0.0220447 0.0304676 0.0398542 0.0496082 0.058822 0.0664462 0.0716469 0.0740737 0.0738525 0.0713898 0.0671882 0.0617516 0.0555436 0.0489581 0.0423002 0.0357882 0.0295735 0.0237676 0.0184681 0.0137727 0.00977521 0.00654407 0.00409504
 0.00941833 0.0150523 0.0221939 0.0306308 0.0400095 0.0497348 0.0589056 0.0664813 0.0716354 0.0740241 0.0737796 0.0713138 0.0671299 0.0617249 0.0555485 0.0489792 0.0423138 0.0357737 0.0295216 0.0236819 0.0183607 0.0136577 0.00966483 0.00644709 0.00401689
 0.00935438 0.0149638 0.022089 0.0305252 0.0399206 0.0496729 0.0588685 0.0664559 0.071607 0.0739863 0.0737384 0.0712851 0.0671321 0.0617712 0.0556421 0.0491115 0.042466 0.0359211 0.0296417 0.0237608 0.018396 0.0136569 0.00964033 0.00641188 0.00398131
 0.00915431 0.0146724 0.0217139 0.0300972 0.0394871 0.0492857 0.0585718 0.0662789 0.0715592 0.0740562 0.0738981 0.0715 0.067373 0.0620215 0.0558967 0.0493698 0.0427244 0.0361695 0.0298648 0.0239437 0.0185299 0.0137416 0.00968382 0.00642656 0.00397977
 0.0092155 0.0147439 0.021771 0.0301031 0.039407 0.0491072 0.0583188 0.0660078 0.0713369 0.0739321 0.073886 0.071579 0.0675028 0.0621622 0.0560225 0.0494729 0.0428093 0.0362441 0.0299331 0.0240039 0.0185767 0.013771 0.009696 0.00642561 0.0039717
 0.00918291 0.0146936 0.0216989 0.0300038 0.039271 0.0489191 0.0580618 0.0656743 0.0709432 0.0735267 0.0735412 0.0713664 0.067465 0.0622975 0.0562905 0.0498151 0.0431711 0.0365874 0.0302368 0.0242585 0.0187788 0.0139214 0.00979894 0.00648929 0.00400657
 0.00910113 0.0145712 0.0215346 0.0298034 0.0390457 0.0486822 0.0578244 0.0654432 0.0707204 0.073312 0.0733395 0.0711958 0.0673576 0.062289 0.056403 0.0500442 0.0434859 0.0369425 0.030588 0.0245732 0.0190388 0.0141208 0.00994052 0.0065817 0.00406143
 0.00923734 0.0147505 0.0217272 0.0299571 0.039102 0.0486012 0.0576042 0.0651205 0.0703532 0.0729553 0.0730288 0.0709451 0.0671695 0.0621664 0.0563547 0.0500804 0.0436084 0.0371374 0.0308269 0.0248216 0.0192665 0.0143082 0.0100805 0.00667678 0.00412002
 0.00907716 0.0145306 0.021469 0.0297002 0.0388864 0.0484424 0.0574797 0.0649806 0.070152 0.0726833 0.0727233 0.0706726 0.0669933 0.0621222 0.0564457 0.0502875 0.0439038 0.0374914 0.0312085 0.025199 0.0196098 0.0145949 0.0102996 0.00682972 0.00421718
 0.00882888 0.0141705 0.0210093 0.0291845 0.0383821 0.0480247 0.0572127 0.0648997 0.0702503 0.0729085 0.0729939 0.07091 0.0671546 0.0622124 0.0565042 0.050361 0.0440244 0.0376685 0.0314323 0.0254476 0.0198571 0.0148168 0.0104797 0.0069618 0.00430458
 0.00854551 0.0137285 0.0203815 0.0283646 0.0373937 0.0469303 0.0561184 0.0639448 0.0695756 0.0726126 0.0730994 0.0713585 0.0678319 0.0629915 0.0572844 0.0510876 0.0446838 0.0382689 0.0319832 0.025949 0.0202992 0.0151867 0.0107687 0.00717004 0.00444181
 0.00849167 0.0136147 0.0201622 0.0279827 0.0367961 0.0460935 0.0550724 0.0627812 0.0684344 0.0716514 0.0724566 0.0711204 0.0680123 0.0635306 0.0580704 0.051993 0.0456006 0.0391275 0.0327505 0.0266141 0.0208594 0.0156406 0.0111172 0.00741973 0.00460661
 0.00915583 0.0145499 0.0213 0.0291636 0.0378075 0.0467347 0.0552126 0.0623855 0.0675592 0.0704252 0.0710562 0.0697417 0.0668335 0.0626761 0.0575878 0.0518534 0.0457219 0.0394084 0.0331015 0.0269721 0.0211876 0.0159203 0.0113403 0.00758527 0.00471961
 0.00971435 0.0154295 0.0225632 0.0308282 0.0398187 0.0489363 0.0573362 0.0640885 0.0685188 0.0704504 0.0701565 0.0681149 0.0647885 0.0605376 0.0556215 0.0502273 0.0445002 0.038571 0.0325771 0.0266736 0.0210364 0.0158574 0.0113256 0.00759329 0.00473488
 0.00969241 0.015479 0.0227945 0.0313948 0.0408751 0.0505694 0.0594997 0.0665762 0.0709935 0.0725201 0.0714719 0.0684604 0.0641398 0.059062 0.0536196 0.0480395 0.0424189 0.0367871 0.0311713 0.0256402 0.0203201 0.015386 0.0110309 0.00741916 0.00463858
 0.00940597 0.0150553 0.022241 0.0307621 0.040264 0.0501292 0.0594116 0.0670105 0.0720416 0.0741275 0.0734129 0.0703844 0.0656759 0.0599372 0.0537383 0.0474934 0.041431 0.0356227 0.0300555 0.024712 0.0196294 0.0149184 0.0107397 0.00725135 0.0045491
 0.00921063 0.0147355 0.0217579 0.0300849 0.0393856 0.0490885 0.0583136 0.0660284 0.0713894 0.0740027 0.0739288 0.0715148 0.0672396 0.0616377 0.0552519 0.0485735 0.0419785 0.0356933 0.029807 0.0243267 0.0192503 0.0146221 0.0105444 0.0071402 0.00449415
 0.00914189 0.0146233 0.0215871 0.0298381 0.0390433 0.0486324 0.0577353 0.0653445 0.0706566 0.0733268 0.0734536 0.0713859 0.0675496 0.062376 0.0562884 0.0496926 0.0429545 0.0363706 0.0301437 0.024384 0.0191422 0.0144587 0.0103973 0.00703798 0.00443556
 0.00921151 0.014702 0.0216421 0.029818 0.038892 0.0483106 0.0572381 0.064704 0.0699318 0.0725894 0.0727825 0.0708681 0.0672769 0.0624242 0.0566834 0.0503819 0.0438083 0.0372211 0.0308456 0.0248622 0.0194017 0.0145586 0.0104103 0.00701981 0.00441594
 0.00922132 0.0147222 0.021678 0.0298717 0.0389549 0.0483551 0.0572168 0.0645611 0.0696266 0.0721197 0.0721941 0.070246 0.0667236 0.0620377 0.0565378 0.0505091 0.0441838 0.0377628 0.0314365 0.0253905 0.0197973 0.0148071 0.0105396 0.00707384 0.00443289
 0.00923112 0.0147428 0.0217177 0.0299413 0.0390647 0.0485098 0.057408 0.0647623 0.0697919 0.072192 0.0721223 0.0700066 0.0663371 0.0615701 0.0560839 0.0501641 0.044013 0.0377813 0.0316068 0.0256394 0.0200474 0.0150044 0.0106655 0.00713842 0.00445814
 0.00940103 0.0149821 0.0220102 0.03025 0.0393442 0.048725 0.0575477 0.0648387 0.0698269 0.0721991 0.0720949 0.0699195 0.0661609 0.0612914 0.0557211 0.0497691 0.0436557 0.0375235 0.0314781 0.0256287 0.0201131 0.0150964 0.0107462 0.00719144 0.00448488
 0.00948885 0.015125 0.0222235 0.0305429 0.0397119 0.0491403 0.0579581 0.065177 0.0700344 0.0722493 0.0720021 0.0697243 0.0659054 0.0610009 0.0554041 0.0494322 0.0433176 0.0372174 0.0312395 0.0254781 0.0200466 0.0150898 0.0107684 0.00721819 0.00450408
 0.00953054 0.0152048 0.0223657 0.030777 0.0400649 0.0496234 0.0585537 0.0658325 0.0706687 0.0727706 0.0723314 0.0698175 0.0657632 0.0606632 0.0549318 0.0488872 0.0427531 0.0366771 0.0307601 0.0250875 0.0197577 0.0148975 0.0106534 0.00715544 0.00447187
 0.00942653 0.015042 0.0221342 0.0304768 0.0397112 0.0492523 0.0582236 0.0656147 0.0706256 0.0729303 0.0726716 0.0702706 0.0662391 0.0610792 0.0552352 0.0490625 0.0428152 0.0366579 0.0306963 0.025012 0.0196942 0.0148577 0.0106371 0.00715534 0.00447887
 0.00916323 0.0146607 0.0216466 0.0299229 0.0391471 0.0487317 0.057785 0.0652826 0.0704202 0.0728749 0.0727886 0.070567 0.0666919 0.0616324 0.0558125 0.0495906 0.0432438 0.0369694 0.0309011 0.0251366 0.0197684 0.0149053 0.0106724 0.00718392 0.00450144
 0.00849392 0.0136838 0.0203845 0.0284719 0.0376557 0.0473603 0.0566708 0.0645206 0.0700573 0.07291 0.0731797 0.0712457 0.0675818 0.0626588 0.0569033 0.0506737 0.0442509 0.0378463 0.0316177 0.0256899 0.0201759 0.0151945 0.0108713 0.0073162 0.00458555
#obs surv len freq
 nan nan nan nan nan nan nan nan nan nan nan nan nan nan nan nan nan nan nan nan nan nan nan nan nan
 0.00448368 0.0073449 0.0111752 0.0159926 0.0216951 0.0279729 0.034289 0.0400215 0.0447012 0.0481641 0.0505203 0.052014 0.0529041 0.0534145 0.0537271 0.0539807 0.0542584 0.0545505 0.0546889 0.0542807 0.0527187 0.0493512 0.0438015 0.0362823 0.0276669
 0.00461539 0.00756001 0.0115005 0.0164527 0.0223067 0.0287354 0.0351757 0.0409766 0.0456471 0.0490162 0.0512028 0.0524715 0.0531072 0.0533609 0.0534376 0.0534915 0.0536123 0.0537901 0.0538531 0.0534064 0.0518446 0.0485201 0.0430578 0.0356637 0.027194
 0.00477616 0.00782432 0.0119037 0.0170294 0.0230836 0.0297203 0.0363455 0.0422725 0.0469812 0.050286 0.0523073 0.0533228 0.0536394 0.0535358 0.0532474 0.0529578 0.0527797 0.0527172 0.0526058 0.0520549 0.0504643 0.0471914 0.0418608 0.0346643 0.0264288
 0.00496453 0.00813237 0.0123709 0.0176939 0.0239758 0.0308514 0.0376954 0.0437844 0.048567 0.0518409 0.0537235 0.0544996 0.0544897 0.0539917 0.0532669 0.0525285 0.051921 0.0514786 0.0510625 0.0503039 0.0486207 0.0453824 0.0402121 0.0332785 0.0253637
 0.00518106 0.00848592 0.0129059 0.0184529 0.0249915 0.0321341 0.0392203 0.0454865 0.0503501 0.0535946 0.0553391 0.0558784 0.0555448 0.0546488 0.0534663 0.0522308 0.0511133 0.0501821 0.0493384 0.0482556 0.0463915 0.043144 0.0381402 0.03152 0.0240039
 0.00541816 0.00887336 0.0134927 0.0192861 0.0261071 0.0335434 0.040895 0.0473536 0.0523023 0.0555106 0.0571025 0.0573883 0.0567172 0.0554142 0.053767 0.0520199 0.0503599 0.0488813 0.0475264 0.0460233 0.0438905 0.0405752 0.0357228 0.0294438 0.0223857
 0.00566416 0.00927667 0.014106 0.0201606 0.027283 0.0350341 0.0426712 0.0493376 0.0543787 0.0575487 0.0589772 0.0589922 0.0579641 0.0562372 0.0541133 0.051847 0.0496344 0.0475871 0.0456808 0.0436995 0.0412332 0.0377964 0.0330681 0.027137 0.0205719
 0.00590479 0.00967339 0.0147134 0.0210334 0.0284653 0.036543 0.0444793 0.051367 0.0565116 0.0596495 0.060915 0.0606537 0.0592587 0.057096 0.0544857 0.0516949 0.0489286 0.0463105 0.0438431 0.0413611 0.0385271 0.0349317 0.0302999 0.0247074 0.0186457
 0.00615622 0.0100827 0.0153306 0.0219061 0.0296307 0.0380145 0.0462322 0.0533314 0.0585808 0.0616979 0.062817 0.0622967 0.0605492 0.0579617 0.0548736 0.0515669 0.0482576 0.0450812 0.0420632 0.0390835 0.0358738 0.0321012 0.027543 0.0222691 0.0166993
 0.00637274 0.0104426 0.0158868 0.0227124 0.0307306 0.0394237 0.0479218 0.0552234 0.0605614 0.0636418 0.0646076 0.0638363 0.061759 0.0587793 0.0552496 0.0514628 0.0476443 0.0439412 0.0404014 0.0369463 0.0333714 0.0294174 0.0249138 0.0199303 0.014822
 0.00661004 0.010828 0.0164665 0.0235298 0.031819 0.0407942 0.0495492 0.0570399 0.0624629 0.0655057 0.0663132 0.0652792 0.0628598 0.0594835 0.0555232 0.0512839 0.046997 0.0428157 0.0388038 0.0349181 0.0310116 0.0268922 0.0224396 0.0177259 0.0130481
 0.00683883 0.0112024 0.0170343 0.0243361 0.0328965 0.0421483 0.051144 0.0587947 0.0642661 0.0672376 0.0678656 0.0665653 0.0638144 0.0600612 0.0556955 0.0510353 0.0463206 0.0417116 0.0372847 0.0330248 0.0288329 0.0245754 0.0201765 0.0157112 0.0114262
 0.00706733 0.0115794 0.0176116 0.0251641 0.034013 0.0435606 0.0528116 0.0606247 0.0661273 0.0689885 0.069381 0.0677517 0.0646145 0.0604491 0.0556679 0.050602 0.0454961 0.040513 0.0357365 0.0311722 0.0267589 0.0224102 0.0180869 0.0138651 0.00994682
 0.00727169 0.011912 0.0181129 0.0258726 0.0349585 0.044753 0.0542281 0.062203 0.0677712 0.0705821 0.0708071 0.068907 0.065421 0.0608606 0.0556693 0.0502026 0.0447201 0.0393916 0.0343075 0.0294882 0.0249 0.0204921 0.0162521 0.0122543 0.00866133
 0.00745316 0.0122129 0.0185761 0.0265406 0.035863 0.0459 0.0555839 0.0636919 0.0692885 0.0720169 0.0720609 0.0699021 0.0661006 0.0611879 0.055627 0.0497928 0.0439623 0.0383186 0.0329639 0.0279329 0.0232133 0.018779 0.0146347 0.0108489 0.00754841
 0.00754274 0.0123623 0.0188086 0.0268823 0.0363398 0.0465316 0.0563757 0.0646278 0.0703284 0.0730997 0.073111 0.0708401 0.0668533 0.0616963 0.0558502 0.0497087 0.043567 0.0376263 0.0320067 0.0267634 0.0219061 0.0174299 0.0133511 0.0097298 0.00666114
 0.00758458 0.0124249 0.0188939 0.0269906 0.0364736 0.0466998 0.0565956 0.0649233 0.0707227 0.0736054 0.0737208 0.0715214 0.0675502 0.0623371 0.0563602 0.0500224 0.0436375 0.037431 0.0315504 0.0260786 0.0210535 0.0164934 0.0124261 0.00890497 0.00599808
 0.00766729 0.0125493 0.0190618 0.0271965 0.0367054 0.0469413 0.0568304 0.065139 0.0709165 0.0737878 0.0739143 0.0717508 0.0678285 0.0626545 0.0566809 0.0502909 0.0437922 0.0374196 0.0313431 0.0256766 0.0204913 0.015834 0.0117487 0.00828603 0.0054931
 0.00774069 0.0126666 0.0192341 0.0274306 0.0370007 0.0472853 0.0571959 0.0654868 0.0712059 0.0739902 0.0740238 0.0717859 0.0678237 0.0626457 0.05669 0.0503157 0.0438056 0.0373786 0.031205 0.0254161 0.0201118 0.0153699 0.0112558 0.00782491 0.00511063
 0.00777967 0.0127265 0.0193178 0.0275394 0.0371345 0.0474434 0.0573763 0.0656841 0.0714088 0.0741813 0.0741829 0.0718972 0.0678825 0.062661 0.0566803 0.0502987 0.0437866 0.0373456 0.0311324 0.0252772 0.0198941 0.0150839 0.010934 0.00751042 0.00484132
 0.0078407 0.0128163 0.0194355 0.0276781 0.037283 0.04759 0.0575117 0.0658029 0.0715093 0.074265 0.0742516 0.0719504 0.0679169 0.0626725 0.0566675 0.0502652 0.0437385 0.037285 0.0310535 0.0251678 0.0197434 0.0148922 0.0107169 0.00729392 0.00465185
 0.00784378 0.0128237 0.0194509 0.0277053 0.0373243 0.0476437 0.0575706 0.0658565 0.071549 0.0742881 0.0742643 0.0719635 0.06794 0.0627091 0.0567136 0.0503122 0.0437771 0.0373077 0.0310536 0.0251387 0.0196799 0.0147947 0.0105945 0.00716337 0.00453186
 0.00787332 0.012863 0.0194942 0.0277428 0.0373456 0.0476431 0.0575508 0.0658274 0.071522 0.0742711 0.0742588 0.0719678 0.0679526 0.0627303 0.0567446 0.0503519 0.0438206 0.0373472 0.0310799 0.0251437 0.0196583 0.0147463 0.010525 0.00708408 0.00445574
 0.00787249 0.0128628 0.0194955 0.0277458 0.037349 0.047642 0.0575376 0.0657944 0.0714669 0.0742006 0.0741879 0.0719135 0.0679278 0.0627394 0.0567842 0.050414 0.0438955 0.0374244 0.0311492 0.0251956 0.0196862 0.0147479 0.0105039 0.00704822 0.00441529
 0.00790337 0.0129051 0.0195445 0.0277927 0.0373834 0.0476564 0.0575299 0.0657678 0.0714262 0.0741496 0.0741291 0.071851 0.0678686 0.0626932 0.0567596 0.050415 0.04392 0.0374653 0.0311963 0.0252387 0.0197168 0.0147614 0.0105004 0.00703216 0.00439332
 0.00792762 0.012943 0.0195985 0.0278628 0.0374657 0.0477421 0.0576054 0.0658172 0.0714373 0.0741187 0.0740626 0.0717622 0.0677725 0.0626029 0.0566846 0.0503615 0.0438907 0.0374586 0.0312068 0.0252579 0.019736 0.0147739 0.0105031 0.00702617 0.00438217
 0.00792564 0.0129409 0.0195974 0.0278646 0.0374726 0.0477561 0.0576267 0.0658437 0.0714636 0.0741374 0.0740662 0.0717469 0.0677399 0.0625595 0.0566399 0.0503246 0.0438679 0.0374525 0.0312156 0.025277 0.0197586 0.0147937 0.0105161 0.00703145 0.0043814
 0.007886 0.0128774 0.0195041 0.0277375 0.0373123 0.0475697 0.0574303 0.0656606 0.0713192 0.0740515 0.0740473 0.0717904 0.0678315 0.0626811 0.0567752 0.0504622 0.0440017 0.0375797 0.0313345 0.0253848 0.0198518 0.014869 0.0105717 0.00706814 0.00440262
 0.00786938 0.0128424 0.0194368 0.027621 0.0371317 0.04732 0.0571233 0.0653261 0.0709991 0.0737891 0.073877 0.0717305 0.0678825 0.0628272 0.0569896 0.0507147 0.0442651 0.0378336 0.0315659 0.0255862 0.0200194 0.0150012 0.0106694 0.00713485 0.00444411
 0.00786514 0.0128352 0.0194247 0.0276003 0.0370957 0.0472583 0.0570232 0.0651771 0.0707999 0.0735533 0.0736341 0.0715188 0.0677382 0.0627733 0.0570306 0.0508373 0.0444447 0.0380417 0.0317773 0.025782 0.0201878 0.0151365 0.0107708 0.00720523 0.00448889
 0.00783134 0.0127828 0.0193507 0.0275041 0.036979 0.0471254 0.0568804 0.0650315 0.0706568 0.0734156 0.0735034 0.0714005 0.0676442 0.0627214 0.0570384 0.0509142 0.0445868 0.0382326 0.0319927 0.0259971 0.0203823 0.0152979 0.0108941 0.00729196 0.00454481
 0.00780901 0.0127413 0.0192791 0.02739 0.0368128 0.0469065 0.0566215 0.0647586 0.0704023 0.073208 0.07336 0.0713251 0.0676308 0.0627614 0.0571255 0.0510461 0.0447617 0.0384443 0.0322278 0.0262365 0.0206056 0.0154887 0.0110435 0.00739902 0.00461482
 0.00777943 0.0126921 0.0192027 0.0272783 0.0366581 0.0467042 0.0563734 0.0644756 0.0701059 0.0729279 0.0731288 0.0711704 0.0675687 0.0627927 0.0572389 0.0512238 0.0449855 0.0386981 0.0324965 0.0265039 0.0208546 0.0157039 0.0112149 0.00752393 0.00469781
 0.00774728 0.0126409 0.0191279 0.0271759 0.0365256 0.0465412 0.0561824 0.0642631 0.0698818 0.0727055 0.0729245 0.0710033 0.0674582 0.0627547 0.0572809 0.0513426 0.0451683 0.0389264 0.0327495 0.0267612 0.0210978 0.0159171 0.0113875 0.00765213 0.00478452
 0.00935188 0.0148861 0.0218355 0.0299563 0.0388913 0.0480878 0.0567317 0.0638889 0.068825 0.0712508 0.0713106 0.0693918 0.0659447 0.0613916 0.0560963 0.0503493 0.044367 0.038307 0.0322934 0.0264436 0.020891 0.0157934 0.011321 0.00762111 0.00477282
 0.00933408 0.0151547 0.0227642 0.0320083 0.0424176 0.0530544 0.0625473 0.0695011 0.0730947 0.0734015 0.0711838 0.0673878 0.0627445 0.0576659 0.05234 0.0468563 0.0412799 0.0356783 0.0301275 0.0247193 0.0195706 0.0148271 0.0106505 0.00718379 0.00450698
 0.00898856 0.0146122 0.0220054 0.0310855 0.0415082 0.0524966 0.062799 0.0709761 0.0759143 0.0772101 0.0751937 0.0706776 0.0646427 0.057983 0.0513376 0.0450303 0.0391278 0.0335641 0.028258 0.0231804 0.0183744 0.0139465 0.0100385 0.00678479 0.00426482
 0.00878865 0.0142781 0.0214869 0.0303343 0.0404972 0.0512544 0.0614524 0.0697772 0.0752176 0.0773738 0.0764208 0.0728688 0.0673656 0.0606133 0.053309 0.0460489 0.0392293 0.0330129 0.0273841 0.0222545 0.0175601 0.0133112 0.00958658 0.00648861 0.00408574
 0.00872759 0.0141697 0.0213059 0.0300486 0.0400722 0.0506619 0.060685 0.0688668 0.0742544 0.0765189 0.0758939 0.0728925 0.0680694 0.0619394 0.0549904 0.0476963 0.0404893 0.0337035 0.0275303 0.0220231 0.0171544 0.0128912 0.00924059 0.00624333 0.00393133
 0.00870393 0.0141275 0.0212345 0.0299344 0.0398985 0.0504114 0.0603427 0.0684244 0.0737167 0.0759142 0.0752872 0.0723928 0.0678161 0.062059 0.0555318 0.0485819 0.0415231 0.0346453 0.0281963 0.0223505 0.0171975 0.0127651 0.00905762 0.00607675 0.00381085
 0.00869147 0.0141091 0.0212101 0.0299037 0.0398599 0.0503592 0.0602661 0.0683078 0.0735429 0.0756704 0.0749735 0.072032 0.0674616 0.061793 0.0554448 0.0487351 0.0419092 0.0351771 0.0287377 0.0227761 0.0174438 0.0128423 0.00902361 0.00599723 0.00373217
 0.00869017 0.0141055 0.0212019 0.0298884 0.0398351 0.0503243 0.0602223 0.0682563 0.0734822 0.075594 0.0748701 0.0718913 0.0672838 0.061598 0.0552753 0.0486467 0.0419475 0.0353512 0.0290083 0.0230698 0.0176868 0.0129931 0.00908268 0.00599376 0.00370141
 0.00867051 0.0140783 0.0211698 0.0298561 0.0398083 0.0503063 0.0602124 0.0682504 0.0734745 0.075579 0.0748434 0.0718483 0.0672205 0.0615132 0.0551775 0.048557 0.0418965 0.0353662 0.0290968 0.0232117 0.0178426 0.013123 0.00916463 0.00602854 0.0037045
 0.0086729 0.0140783 0.0211628 0.0298365 0.0397716 0.0502528 0.060149 0.068189 0.0734273 0.0755527 0.0748365 0.0718528 0.0672252 0.061509 0.0551599 0.0485292 0.0418704 0.0353586 0.0291221 0.023273 0.0179279 0.0132108 0.00923513 0.00607243 0.00372408
 0.0086487 0.0140445 0.0211219 0.0297936 0.0397321 0.0502193 0.0601199 0.0681597 0.0733948 0.0755185 0.074807 0.0718355 0.0672241 0.0615218 0.0551798 0.0485494 0.041888 0.035377 0.0291486 0.0233133 0.0179816 0.0132703 0.00928935 0.0061129 0.00374842
 0.00864121 0.0140282 0.0210904 0.0297394 0.0396503 0.0501117 0.0599974 0.0680406 0.0732977 0.075456 0.0747819 0.0718431 0.067257 0.061573 0.0552434 0.0486194 0.0419588 0.0354449 0.0292127 0.0233752 0.0180422 0.0133279 0.00934005 0.00615244 0.00377505
 0.00864208 0.0140312 0.0210974 0.0297521 0.0396682 0.0501304 0.0600085 0.0680339 0.0732668 0.0754023 0.0747152 0.0717775 0.0672046 0.0615403 0.0552308 0.0486237 0.0419755 0.0354696 0.0292422 0.0234074 0.0180759 0.0133615 0.00937104 0.00617814 0.00379378
 0.00862389 0.0140015 0.0210528 0.0296902 0.0395891 0.0500383 0.0599118 0.0679443 0.0731948 0.0753535 0.0746898 0.0717723 0.0672167 0.061569 0.0552759 0.0486838 0.0420467 0.0355463 0.0293189 0.0234795 0.0181403 0.0134164 0.00941542 0.00621171 0.00381711
 0.00863031 0.0140131 0.0210721 0.0297195 0.0396291 0.0500862 0.0599606 0.0679842 0.0732163 0.0753516 0.0746647 0.071729 0.0671623 0.0615105 0.0552202 0.0486368 0.0420127 0.0355273 0.0293139 0.0234856 0.0181536 0.013433 0.00943227 0.0062265 0.00382856
#pred catch len freq
 0.00453995 0.00715326 0.0103751 0.0141049 0.0182822 0.0228746 0.0278057 0.0329107 0.0379624 0.0427287 0.0470116 0.0506654 0.0536091 0.0558294 0.0573691 0.0583081 0.0587472 0.0587804 0.0584293 0.0575382 0.055698 0.0523161 0.0468991 0.039438 0.0306232
 0.00474645 0.00741191 0.0106255 0.0142525 0.0182357 0.0225984 0.0273541 0.0324148 0.0375699 0.0425333 0.0470158 0.0507966 0.0537735 0.0559684 0.0574873 0.0584628 0.0590063 0.05917 0.0588985 0.0579641 0.0559347 0.0522651 0.0465604 0.0389083 0.0300456
 0.00501174 0.00782321 0.0112018 0.0149838 0.0190696 0.0234314 0.0280404 0.0328051 0.0375757 0.0421791 0.0464369 0.0501743 0.0532486 0.0555927 0.0572385 0.058298 0.0589044 0.0591326 0.0589173 0.0579898 0.055881 0.052051 0.0461603 0.0383737 0.0294789
 0.00523677 0.00818209 0.01173 0.015712 0.0200192 0.0246039 0.0293973 0.0342473 0.0389386 0.0432602 0.0470571 0.050249 0.052825 0.0548247 0.0563128 0.0573613 0.0580331 0.0583455 0.0582 0.0573083 0.0551898 0.0513101 0.0453633 0.0375626 0.02873
 0.00550221 0.00859342 0.0123133 0.0164833 0.0209889 0.0257807 0.0307849 0.0358303 0.0406616 0.0450093 0.0486564 0.0514861 0.0535077 0.0548491 0.055704 0.0562586 0.0566285 0.0568127 0.0566522 0.055796 0.053724 0.0498954 0.0440238 0.0363499 0.0277078
 0.00582303 0.0090883 0.0130095 0.0173914 0.0221067 0.027098 0.0322845 0.0374848 0.0424296 0.0468292 0.0504378 0.0530996 0.0547861 0.0556122 0.0558081 0.0556494 0.0553657 0.0550492 0.0545792 0.0535888 0.0515168 0.0477884 0.0421023 0.0346932 0.0263781
 0.00613584 0.00957541 0.0137036 0.0183113 0.0232583 0.0284748 0.0338646 0.0392266 0.0442716 0.0486954 0.0522438 0.054753 0.0561817 0.0566265 0.0563057 0.0555083 0.0545184 0.0535175 0.0524808 0.0511109 0.0488743 0.0451876 0.0397208 0.0326666 0.0247865
 0.00647684 0.0101034 0.0144505 0.0192929 0.0244774 0.0299243 0.0355252 0.0410599 0.0462149 0.0506634 0.0541359 0.0564636 0.0576088 0.0576735 0.0568775 0.0555099 0.0538668 0.0521702 0.0504704 0.0485639 0.0460013 0.0422472 0.0369693 0.0303096 0.0229434
 0.00686234 0.0106982 0.0152872 0.0203841 0.0258187 0.031499 0.0373036 0.0429942 0.0482362 0.0526843 0.0560565 0.0581796 0.0590189 0.0586857 0.0574105 0.0554905 0.0532296 0.0508689 0.048504 0.0460102 0.0430353 0.0391272 0.033987 0.0277207 0.0209076
 0.00724353 0.0112916 0.0161323 0.0215025 0.0272148 0.03316 0.0391948 0.0450535 0.0503746 0.0547945 0.0580248 0.0598972 0.060389 0.0596275 0.0578586 0.0553907 0.0525351 0.0495446 0.0465451 0.0434729 0.0400655 0.0359632 0.0309213 0.0250285 0.0187736
 0.00763798 0.0118974 0.0169797 0.0226008 0.028558 0.0347344 0.0409783 0.0470075 0.0524343 0.0568653 0.0599894 0.0616295 0.0617721 0.0605674 0.0582885 0.0552669 0.0518282 0.0482369 0.044641 0.041024 0.0371998 0.0328961 0.0279281 0.0223793 0.016659
 0.00803844 0.0125126 0.0178395 0.0237111 0.0299044 0.0362878 0.0426967 0.0488347 0.0543008 0.0586936 0.0616977 0.0631333 0.0629851 0.0614061 0.0586798 0.0551542 0.0511739 0.0470227 0.0428742 0.038755 0.0345449 0.0300488 0.0251385 0.0198981 0.0146681
 0.00848452 0.0131994 0.0188023 0.0249593 0.0314241 0.0380457 0.0446386 0.0508809 0.0563475 0.0606233 0.063396 0.0645037 0.0639577 0.061937 0.0587447 0.054739 0.0502696 0.0456268 0.0410013 0.0364554 0.0319263 0.0272866 0.0224579 0.0175252 0.0127676
 0.00877897 0.0136666 0.0194847 0.0258903 0.0326243 0.0395158 0.0463494 0.0527661 0.0583059 0.0625312 0.0651235 0.0659315 0.0649908 0.0625141 0.0588384 0.0543488 0.0494099 0.0443187 0.0392753 0.0343659 0.0295718 0.0248203 0.0200748 0.0154203 0.0110826
 0.00903803 0.0140726 0.0200688 0.0266756 0.0336267 0.0407439 0.0477978 0.0544046 0.0600705 0.0643219 0.0668134 0.0673843 0.066084 0.0631581 0.0589867 0.0539957 0.0485797 0.0430536 0.0376296 0.0324109 0.0274086 0.0225882 0.017942 0.0135509 0.00959375
 0.00928954 0.0144601 0.020613 0.0273841 0.0344974 0.0417687 0.048963 0.0556871 0.0614332 0.0657107 0.0681563 0.0685934 0.0670625 0.0638131 0.0592449 0.0538154 0.0479551 0.0420118 0.0362241 0.0307192 0.0255346 0.0206629 0.0161131 0.0119569 0.00832978
 0.00940928 0.0146575 0.0209155 0.0278197 0.0350899 0.0425302 0.0498858 0.0567397 0.0625643 0.0668585 0.0692566 0.0695839 0.0678829 0.0644049 0.0595532 0.0537946 0.0475772 0.0412744 0.0351556 0.0293807 0.0240189 0.0190894 0.0146132 0.0106495 0.00729458
 0.00944487 0.0147083 0.0209807 0.0278985 0.0351884 0.0426682 0.050099 0.057072 0.0630503 0.0675052 0.0700345 0.0704317 0.0687223 0.0651555 0.060142 0.0541595 0.0476701 0.041066 0.0346435 0.0285964 0.0230308 0.017997 0.0135313 0.00968439 0.0065195
 0.00953485 0.0148355 0.0211364 0.0280621 0.0353324 0.0427688 0.0501462 0.0570772 0.063048 0.0675474 0.0701759 0.0707097 0.0691387 0.0656708 0.0606838 0.0546412 0.0480087 0.0411971 0.0345308 0.028239 0.0224667 0.0172994 0.0127939 0.00899971 0.00595556
 0.00975336 0.0151569 0.0215569 0.0285545 0.0358522 0.0432644 0.0505688 0.0573867 0.0632191 0.0675767 0.0700874 0.0705528 0.0689752 0.0655542 0.0606394 0.0546558 0.0480361 0.0411742 0.0343995 0.0279654 0.0220524 0.0167826 0.0122389 0.00847669 0.00551987
 0.00989139 0.0153679 0.0218488 0.0289244 0.0362855 0.0437351 0.0510394 0.0578109 0.0635486 0.0677726 0.0701311 0.0704528 0.0687663 0.0652893 0.0603746 0.0544322 0.0478657 0.041037 0.0342542 0.027769 0.0217808 0.0164415 0.0118619 0.0081111 0.00520795
 0.00990917 0.0154058 0.0219225 0.0290542 0.0364915 0.0440291 0.0514168 0.0582461 0.0639976 0.0681805 0.0704437 0.0706285 0.0687875 0.0651675 0.0601471 0.0541503 0.0475772 0.0407707 0.034013 0.0275367 0.0215364 0.0161759 0.0115847 0.00784606 0.00498118
 0.00993079 0.0154354 0.0219578 0.0290925 0.0365338 0.0440855 0.0515076 0.0583964 0.0642244 0.0684795 0.0707837 0.0709572 0.069047 0.065313 0.0601603 0.0540429 0.0473832 0.0405317 0.0337629 0.0272928 0.021302 0.0159489 0.0113674 0.00764811 0.00481523
 0.00992943 0.0154325 0.021952 0.0290815 0.0365146 0.0440553 0.0514667 0.0583516 0.0641924 0.0684853 0.0708524 0.0711011 0.0692548 0.0655489 0.0603757 0.0541947 0.0474487 0.0405129 0.0336793 0.0271692 0.0211589 0.0158 0.0112223 0.00751583 0.00470415
 0.00998024 0.0155028 0.0220352 0.0291638 0.0365792 0.0440886 0.0514631 0.0583145 0.0641317 0.0684151 0.0707895 0.0710638 0.0692593 0.0656024 0.0604697 0.0543051 0.0475439 0.0405664 0.0336792 0.0271195 0.0210738 0.0156966 0.0111159 0.00741804 0.00462286
 0.0099073 0.0154009 0.0219122 0.0290362 0.036466 0.0440021 0.0514031 0.0582703 0.0640905 0.0683712 0.070749 0.0710421 0.0692741 0.0656665 0.060586 0.0544639 0.0477238 0.0407397 0.0338203 0.0272125 0.0211162 0.015697 0.0110886 0.00737816 0.00458231
 0.00974031 0.0151612 0.0216107 0.0287044 0.0361484 0.0437427 0.0512334 0.0582027 0.064118 0.0684717 0.0708924 0.0712003 0.0694299 0.0658169 0.060738 0.054626 0.0478978 0.0409172 0.0339855 0.0273486 0.0212121 0.015751 0.011108 0.00737467 0.00456791
 0.00974523 0.0151515 0.0215647 0.0285947 0.0359528 0.0434607 0.0508966 0.0578708 0.063859 0.0683355 0.0708932 0.0713166 0.0696185 0.0660325 0.0609482 0.0548161 0.0480672 0.0410701 0.0341231 0.0274669 0.0213047 0.0158141 0.0111427 0.00738734 0.00456716
 0.00969173 0.0150705 0.0214525 0.0284483 0.0357666 0.0432235 0.050595 0.0574999 0.0634373 0.0679131 0.0705438 0.0711124 0.0696018 0.0661997 0.0612557 0.0552018 0.048473 0.041455 0.0344641 0.0277534 0.0215327 0.0159838 0.0112589 0.00745917 0.00460641
 0.00959736 0.0149309 0.021268 0.0282282 0.0355257 0.0429769 0.0503525 0.0572642 0.0632048 0.06768 0.0703153 0.0709111 0.069467 0.0661747 0.0613675 0.0554465 0.0488162 0.0418457 0.0348524 0.0281024 0.0218216 0.0162055 0.0114165 0.00756198 0.00466737
 0.00967587 0.0150262 0.0213523 0.0282573 0.035453 0.0427742 0.0500267 0.0568572 0.0627775 0.0672888 0.0699962 0.0706775 0.0693195 0.0661134 0.0613981 0.0555755 0.0490407 0.0421457 0.0351927 0.0284421 0.022126 0.016453 0.0116 0.00768633 0.00474403
 0.00954893 0.0148545 0.0211559 0.0280708 0.0353089 0.0426807 0.0499555 0.0567545 0.0625946 0.0670141 0.069666 0.0703595 0.0690811 0.0659971 0.0614152 0.055715 0.0492811 0.0424606 0.0355513 0.0288098 0.0224685 0.0167436 0.0118244 0.00784386 0.00484443
 0.00925537 0.0144304 0.0206177 0.0274715 0.0347279 0.0422025 0.0496473 0.0566488 0.0626781 0.0672291 0.0699289 0.0705933 0.0692465 0.0661029 0.0615026 0.0558305 0.0494542 0.0426974 0.0358377 0.0291198 0.0227718 0.0170129 0.0120415 0.00800239 0.00494904
 0.00893835 0.0139469 0.0199513 0.0266325 0.0337555 0.041165 0.0486409 0.0557893 0.0620798 0.0669727 0.0700338 0.0710098 0.069874 0.0668264 0.0622297 0.0565116 0.0500794 0.0432766 0.0363804 0.0296239 0.0232242 0.0173966 0.0123443 0.0082223 0.00509474
 0.00888021 0.0138329 0.0197434 0.0262831 0.0332189 0.0404164 0.047697 0.0547188 0.0609987 0.0660242 0.0693567 0.0707039 0.0699721 0.0672851 0.0629469 0.0573628 0.0509559 0.0441069 0.03713 0.0302809 0.023784 0.0178555 0.0127003 0.00847951 0.00526566
