SBPRF35
8.28548
Curr Bio
551999
B35
556215
F35
0.207097
FOFL
0.190999
OFL
77575.2
Bzero
2.36728e+006
#pred survey bio
 2.74e+006 2.49598e+006 2.31325e+006 2.0572e+006 1.83127e+006 1.63823e+006 1.39642e+006 1.26254e+006 1.13288e+006 1.0247e+006 908811 781051 685112 640594 612245 600089 559196 565915 581956 591235 601076 576332 544331 492964 502936 521644 550384 554319 521620 506147 515607 530385 528012 540997 555993 566952 572952 566563 563955 567235 565769 564021 554525 568335 590888 620395 596096 542439 578521 563250 541229 561795 633806 649767 659292 654633 633370 636343 686217 671760 628802 589115 559859 1.82923e+007 1.1275e+007 1.18674e+007 1.28133e+007 1.39e+007 1.49525e+007 1.5873e+007 1.66263e+007 1.72156e+007 1.76625e+007 1.79947e+007 1.82384e+007 1.84158e+007 1.85447e+007 1.86382e+007 1.87062e+007 1.8756e+007 1.87925e+007 1.88196e+007 1.88396e+007 1.88547e+007 1.8866e+007 1.88745e+007 1.8881e+007 1.8886e+007 1.88897e+007 1.88926e+007 1.88949e+007 1.88966e+007 1.88979e+007 1.88989e+007 1.88997e+007 1.89004e+007 1.89008e+007 1.89012e+007 1.89015e+007 1.89017e+007 1.89019e+007 1.8902e+007 1.89021e+007 1.89022e+007 1.89023e+007 1.89023e+007 1.89024e+007 1.89024e+007 1.89024e+007 1.89025e+007 1.89025e+007 1.89025e+007 1.89025e+007 1.89025e+007 1.89025e+007 1.89025e+007 1.89025e+007 1.89025e+007 1.89025e+007 1.89025e+007 1.89025e+007 1.89025e+007 1.89025e+007 1.89025e+007 1.89025e+007 1.89025e+007 1.89025e+007 1.89025e+007 1.89025e+007 1.89025e+007 1.89025e+007 1.89025e+007 1.89025e+007 1.89025e+007 1.89025e+007 1.89025e+007 1.89025e+007 1.89025e+007 1.89025e+007 1.89025e+007 1.89025e+007 1.89025e+007 1.89025e+007 1.89025e+007 1.89025e+007 1.89025e+007 1.89025e+007 1.89025e+007 1.89025e+007 1.89025e+007 1.89025e+007 1.89025e+007 1.89025e+007 1.89025e+007 1.89025e+007 1.89025e+007 1.89025e+007 1.89025e+007 1.89025e+007 1.89025e+007 1.89025e+007 1.89025e+007 1.89025e+007 0 0 0 0 0 0 0 0 0 0 0 0 0 0 0 0 0 0 0 0 0 0 0 0 0
#obs survey bio
 2.77308e+006 2.78357e+006 2.50917e+006 1.70848e+006 2.15273e+006 1.61063e+006 1.27181e+006 1.22964e+006 1.12215e+006 942161 861176 730058 675656 658149 742019 705546 633164 602650 590535 457566 666790 576569 714914 289670 585240 421791 544992 596968 454400 450748 422830 717833 471060 661602 488962 500004 625360 976447 546821 585105 480159 600542 410545 614236 586015 717490 585933 639462 588357 675554 475273 659720 706609 596203 593958 699864 767156 549076 759548 588769 590700 575278 577985
#pred catch bio
 344259 302388 315025 323091 309359 348039 262612 280582 264214 254903 231827 210663 174030 168997 154818 168994 122628 121951 120303 112115 115999 99035.9 98637.4 102293 96938.4 92661.6 100159 103264 97557.3 93909.9 97495.2 90790.6 88975.3 83429.5 88977 87969.7 83186.4 82288.4 89082.4 92648.8 92977.7 97185.4 91044.4 90803.2 90694.5 85349.7 136558 53919.8 94006.5 90843.9 87527.7 52929.7 103307 106457 114205 109050 117321 71876.6 113151 115144 107049 83143.8 89851.1 77575.2 85232.4 88500.4 94744.4 102466 109973 116433 121587 125487 128326 130334 131722 132666 133299 133719 133996 134176 134294 134370 134418 134450 134470 134483 134491 134497 134500 134502 134503 134504 134505 134505 134505 134506 134506 134506 134506 134506 134506 134506 134506 134506 134506 134506 134506 134506 134506 134506 134506 134506 134506 134506 134506 134506 134506 134506 134506 134506 134506 134506 134506 134506 134506 134506 134506 134506 134506 134506 134506 134506 134506 134506 134506 134506 134506 134506 134506 134506 134506 134506 134506 134506 134506 134506 134506 134506 134506 134506 134506 134506 134506 134506 134506 134506 134506 134506 134506 134506 134506 134506 134506 0 0 0 0 0 0 0 0 0 0 0 0 0 0 0 0 0 0 0 0 0 0 0 0 0
#obs catch bio
 239936 302382 314505 323406 309169 348877 261820 281260 264721 255462 230938 210864 173886 169593 154981 169468 122198 122300 120305 112117 116049 98845 98194.4 103211 96939.1 92736.6 100191 103044 97496.6 94004.9 97977.1 90538.5 89134.9 83302.5 89040.1 88008 83083.7 82203.8 89159.3 92667.3 92952.7 97199.4 91067.2 90821.2 90936.1 84743.5 138362 53333 94401.4 90702.8 88042.8 52473.8 103775 106410 114344 108718 118131 71363.2 113463 115109 107211 82897.8 89952.1
#pred cpue bio
 2.70601e+006 2.4628e+006 2.27965e+006 2.0246e+006 1.79954e+006 1.60729e+006 1.36721e+006 1.23387e+006 1.1047e+006 997057 882361 756645 662183 618236 590184 578234 538246 544624 559991 568937 578487 554639 523973 474478 483833 502061 530040 534074 502737 487826 497088 511385 508129 518735 532343 542886 548847 542951 540666 543866 542531 540931 531802 544996 566631 595070 572105 519185 554632 540552 519405 538739 609019 624721 633391 628059 607144 609211 657782 644050 602126 563282 535583 1.74995e+007 1.07714e+007 1.12491e+007 1.21161e+007 1.31846e+007 1.42341e+007 1.51543e+007 1.59075e+007 1.64967e+007 1.69437e+007 1.72759e+007 1.75196e+007 1.7697e+007 1.78258e+007 1.79193e+007 1.79874e+007 1.80372e+007 1.80737e+007 1.81007e+007 1.81208e+007 1.81358e+007 1.81471e+007 1.81557e+007 1.81622e+007 1.81671e+007 1.81709e+007 1.81738e+007 1.8176e+007 1.81778e+007 1.81791e+007 1.81801e+007 1.81809e+007 1.81815e+007 1.8182e+007 1.81824e+007 1.81827e+007 1.81829e+007 1.81831e+007 1.81832e+007 1.81833e+007 1.81834e+007 1.81835e+007 1.81835e+007 1.81836e+007 1.81836e+007 1.81836e+007 1.81836e+007 1.81836e+007 1.81837e+007 1.81837e+007 1.81837e+007 1.81837e+007 1.81837e+007 1.81837e+007 1.81837e+007 1.81837e+007 1.81837e+007 1.81837e+007 1.81837e+007 1.81837e+007 1.81837e+007 1.81837e+007 1.81837e+007 1.81837e+007 1.81837e+007 1.81837e+007 1.81837e+007 1.81837e+007 1.81837e+007 1.81837e+007 1.81837e+007 1.81837e+007 1.81837e+007 1.81837e+007 1.81837e+007 1.81837e+007 1.81837e+007 1.81837e+007 1.81837e+007 1.81837e+007 1.81837e+007 1.81837e+007 1.81837e+007 1.81837e+007 1.81837e+007 1.81837e+007 1.81837e+007 1.81837e+007 1.81837e+007 1.81837e+007 1.81837e+007 1.81837e+007 1.81837e+007 1.81837e+007 1.81837e+007 1.81837e+007 1.81837e+007 1.81837e+007 1.81837e+007 1.81837e+007 0 0 0 0 0 0 0 0 0 0 0 0 0 0 0 0 0 0 0 0 0 0 0 0 0
#obs cpue bio
 3.08886e+006 1.88089e+006 2.92331e+006 2.01666e+006 1.5022e+006 1.77926e+006 1.51014e+006 1.11745e+006 1.0468e+006 1.07466e+006 1.25832e+006 687768 664031 510800 479482 549852 507891 393321 654455 666167 587860 557665 547774 351352 638170 530840 596344 621850 518852 469597 473084 596609 431888 492733 569112 608303 553899 311020 514889 550364 633047 543057 644161 516661 455680 840865 384886 507748 552954 513103 427274 535275 564488 665077 673392 732349 350306 837276 608464 764142 597986 620067 498703
#pred surv len freq
 0.00461988 0.00761482 0.0116707 0.0168283 0.0229805 0.0297691 0.036571 0.0426701 0.0475319 0.0509739 0.0531229 0.0542489 0.0546241 0.0544671 0.0539455 0.0531981 0.052356 0.0515377 0.0507894 0.0499696 0.0486521 0.0461754 0.0419191 0.0357061 0.0280578
 0.00503337 0.00823632 0.012514 0.0178789 0.0242084 0.0311451 0.0380703 0.0442581 0.0491414 0.0524939 0.0544144 0.0551853 0.0551363 0.0545675 0.0537153 0.0527424 0.0517486 0.0507813 0.0498108 0.0486595 0.0469373 0.0440899 0.0396305 0.0334717 0.0261293
 0.00517986 0.00852985 0.0130542 0.0187821 0.0255679 0.0329754 0.0402689 0.0466181 0.0514188 0.0544875 0.056008 0.0563341 0.055828 0.0547991 0.0534983 0.0521175 0.0507807 0.04953 0.0482988 0.0468697 0.0448523 0.0417533 0.0371846 0.0311362 0.0241268
 0.00541256 0.00888784 0.0135601 0.019457 0.0264432 0.0341025 0.0417101 0.0484112 0.0535292 0.0567784 0.0582555 0.0582893 0.0572892 0.0556545 0.053724 0.0517496 0.0498859 0.0481835 0.0465685 0.0448103 0.0425207 0.0392412 0.0346442 0.028768 0.0221235
 0.00561599 0.0092407 0.0141299 0.0203145 0.0276414 0.0356477 0.0435439 0.0504225 0.0555934 0.0587957 0.0601571 0.0600075 0.0587253 0.0566779 0.0542073 0.0516102 0.0491069 0.0468063 0.0446711 0.0424913 0.0398982 0.0364656 0.0319048 0.026273 0.0200518
 0.00576788 0.00949786 0.0145376 0.0209261 0.0285121 0.0368215 0.0450346 0.0521966 0.057564 0.0608341 0.0621193 0.0617642 0.0601782 0.0577535 0.054838 0.051725 0.048643 0.0457331 0.0430104 0.0403234 0.0373598 0.0337432 0.0292185 0.023844 0.0180539
 0.00616757 0.0101296 0.0154545 0.0221649 0.0300871 0.0387151 0.0471875 0.0545054 0.0598942 0.0630426 0.0640743 0.0633563 0.0613257 0.0584045 0.0549663 0.0513187 0.0476921 0.0442299 0.0409659 0.0377949 0.0344727 0.0306939 0.0262504 0.0211976 0.0159082
 0.00633065 0.0104099 0.0159041 0.0228406 0.0310368 0.0399579 0.048696 0.0562039 0.0616773 0.0648021 0.065718 0.0648097 0.0625235 0.0592823 0.0554607 0.0513722 0.0472591 0.0432814 0.0394991 0.03585 0.0321525 0.0281712 0.0237484 0.0189424 0.0140701
 0.00653016 0.0107491 0.0164423 0.0236424 0.0321586 0.0414256 0.0504816 0.0582162 0.0637733 0.0668161 0.0674948 0.0662315 0.0635214 0.0598321 0.0555654 0.0510415 0.0464956 0.042081 0.037865 0.0338161 0.029808 0.0256707 0.021297 0.01675 0.0122944
 0.00669552 0.0110245 0.0168696 0.0242673 0.0330238 0.0425592 0.0518827 0.0598442 0.065547 0.0686216 0.0691997 0.0677019 0.0646426 0.0605253 0.0557947 0.0508071 0.0458176 0.0409848 0.036379 0.031985 0.0277142 0.0234494 0.0191256 0.0148114 0.0107265
 0.00689573 0.0113519 0.0173658 0.0249717 0.0339657 0.0437454 0.0532851 0.0613975 0.0671588 0.0701904 0.0706295 0.0689082 0.065552 0.0610775 0.055947 0.0505391 0.0451328 0.0399064 0.0349459 0.0302548 0.0257738 0.0214232 0.0171686 0.0130791 0.00933397
 0.00709088 0.0116718 0.0178517 0.0256629 0.0348905 0.0449078 0.0546516 0.0628936 0.0686804 0.0716264 0.0718819 0.0699038 0.0662436 0.0614381 0.0559627 0.0502045 0.0444503 0.0388892 0.0336237 0.0286801 0.0240289 0.0196222 0.015447 0.0115685 0.008128
 0.00729591 0.0120064 0.0183574 0.0263778 0.035841 0.0460948 0.0560373 0.0643972 0.0701904 0.073022 0.0730561 0.070778 0.066773 0.0616095 0.0557868 0.0497049 0.0436545 0.0378254 0.0323249 0.0271936 0.0224256 0.0179999 0.0139202 0.0102453 0.00708221
 0.00733212 0.0120696 0.0184617 0.0265417 0.036087 0.046447 0.0565164 0.0650146 0.0709407 0.073878 0.0739662 0.0716705 0.0675665 0.0622265 0.0561666 0.0498106 0.0434729 0.0373639 0.0316079 0.0262637 0.021347 0.0168586 0.0128156 0.00927096 0.00630361
 0.00734925 0.0121073 0.0185365 0.026675 0.0363003 0.0467539 0.0569168 0.0654939 0.0714761 0.0744458 0.0745453 0.0722393 0.0680967 0.0626801 0.0564979 0.049974 0.0434327 0.0371017 0.0311269 0.0255912 0.0205345 0.0159788 0.0119529 0.00850443 0.00568871
 0.00732689 0.012064 0.01846 0.0265532 0.036129 0.0465462 0.0567091 0.0653412 0.0714362 0.0745595 0.0748242 0.0726649 0.0686285 0.0632644 0.0570744 0.05048 0.0438091 0.037301 0.0311225 0.0253838 0.0201549 0.0154844 0.0114167 0.00799857 0.00526738
 0.0077491 0.0126902 0.0192889 0.027541 0.0371965 0.0475961 0.0576419 0.0660683 0.0718939 0.0747237 0.0747162 0.0723437 0.068171 0.0627435 0.0565431 0.049965 0.0433112 0.0368025 0.0305996 0.02482 0.0195528 0.014869 0.0108296 0.00748449 0.00485868
 0.00778676 0.0127534 0.0193859 0.027676 0.0373635 0.0477723 0.0577873 0.0661366 0.071854 0.0745794 0.0745112 0.072145 0.0680414 0.062719 0.0566247 0.0501251 0.0435052 0.0369811 0.0307179 0.0248467 0.019477 0.0147039 0.0106085 0.0072498 0.00464836
 0.00781608 0.0127948 0.0194372 0.0277323 0.0374198 0.0478264 0.0578397 0.0661868 0.0718945 0.0745945 0.0744838 0.0720697 0.0679341 0.0626145 0.056562 0.0501285 0.043574 0.03709 0.0308277 0.0249189 0.0194861 0.0146447 0.0104962 0.00711245 0.00451505
 0.00792107 0.0129409 0.0196113 0.0279067 0.0375595 0.0479018 0.0578375 0.0661135 0.071772 0.0744508 0.0743431 0.071946 0.067831 0.0625315 0.0565019 0.0500996 0.0435845 0.0371392 0.0309008 0.0249905 0.0195304 0.0146466 0.0104562 0.00704463 0.00443928
 0.00788047 0.0128884 0.0195561 0.0278626 0.0375373 0.0478994 0.0578351 0.0660805 0.0716834 0.0743041 0.0741637 0.0717768 0.067713 0.0624878 0.0565334 0.0501925 0.04372 0.0372997 0.0310695 0.0251492 0.019661 0.0147353 0.0104994 0.0070499 0.00442115
 0.00796757 0.01301 0.0197028 0.0280151 0.037674 0.0480068 0.0579133 0.0661381 0.0717255 0.0743221 0.0741375 0.0716887 0.0675632 0.0622985 0.0563406 0.0500295 0.0436069 0.0372399 0.0310544 0.0251633 0.0196867 0.0147574 0.0105085 0.00704422 0.00440517
 0.00792973 0.0129543 0.0196293 0.0279256 0.0375697 0.0478853 0.0577698 0.065971 0.0715441 0.0741501 0.0740063 0.0716233 0.0675703 0.0623661 0.0564476 0.0501586 0.0437491 0.037392 0.0312124 0.025319 0.0198285 0.0148742 0.0105936 0.00709751 0.00443246
 0.00793896 0.0129731 0.0196645 0.0279856 0.0376614 0.0480103 0.0579196 0.0661253 0.071674 0.0742258 0.0740078 0.0715488 0.0674372 0.0622035 0.056285 0.050017 0.043639 0.0373165 0.0311702 0.0253055 0.0198357 0.0148919 0.0106125 0.00711139 0.00443942
 0.00783164 0.0128388 0.019536 0.0279172 0.0377127 0.0482212 0.0582891 0.0666078 0.0721931 0.0746977 0.074362 0.0717407 0.0674535 0.0620618 0.0560262 0.0496936 0.0433017 0.0370042 0.0309062 0.0250989 0.0196852 0.0147893 0.0105464 0.00707057 0.00441472
 0.00789495 0.0128874 0.0195127 0.0277454 0.0373295 0.047622 0.0575571 0.0658995 0.0716808 0.0744981 0.0744937 0.0721309 0.0679806 0.062605 0.0564996 0.050057 0.0435542 0.0371684 0.0310121 0.0251721 0.0197418 0.0148364 0.0105852 0.00710029 0.00443511
 0.00775633 0.0126978 0.0192897 0.0275179 0.0371182 0.0474157 0.0573065 0.065543 0.0711934 0.0739319 0.0739742 0.0718042 0.0679437 0.0628635 0.0569757 0.0506343 0.0441262 0.0376677 0.0314132 0.0254788 0.0199701 0.0150035 0.0107047 0.00718216 0.00448778
 0.0076634 0.0125462 0.0190632 0.0272075 0.0367305 0.0469812 0.0568785 0.0651805 0.070933 0.0737686 0.0738719 0.0717313 0.0679058 0.0629042 0.0571434 0.0509433 0.0445432 0.0381281 0.0318522 0.025853 0.0202634 0.0152193 0.0108554 0.00728236 0.00455059
 0.00773937 0.0126484 0.019177 0.0273047 0.036776 0.0469443 0.056745 0.0649597 0.0706561 0.0734789 0.0736086 0.0715159 0.0677409 0.0627856 0.0570759 0.0509437 0.044627 0.0382928 0.0320715 0.0260876 0.0204776 0.015392 0.0109814 0.00736681 0.00460306
 0.00767749 0.0125756 0.0191172 0.0272931 0.0368442 0.0470996 0.0569567 0.0651646 0.0707837 0.0734827 0.0734846 0.0712995 0.0674862 0.0625423 0.0568769 0.0508065 0.0445598 0.0382972 0.0321401 0.0262018 0.0206111 0.0155193 0.0110857 0.00744215 0.00465178
 0.007682 0.0125609 0.0190569 0.0271556 0.0366085 0.0467755 0.0565953 0.0648453 0.0705799 0.0734257 0.0735512 0.0714306 0.0676221 0.0626503 0.0569564 0.0508762 0.0446416 0.0384057 0.0322787 0.0263633 0.0207803 0.0156781 0.0112189 0.00754206 0.0047189
 0.00842653 0.0136143 0.0203502 0.0285228 0.0378291 0.0476478 0.0569992 0.0647672 0.0700989 0.0726775 0.0726858 0.0705738 0.0668497 0.0619855 0.0563882 0.050386 0.0442205 0.0380564 0.0320081 0.0261729 0.0206626 0.0156174 0.011196 0.0075394 0.00472398
 0.00920462 0.014833 0.0220883 0.0307957 0.0405558 0.0506186 0.0598672 0.0671013 0.0715054 0.0729404 0.0718432 0.0688842 0.064676 0.0596679 0.0541675 0.0483902 0.0424938 0.0366002 0.0308095 0.0252169 0.019931 0.0150858 0.0108321 0.00730633 0.00458511
 0.00911074 0.0148139 0.0223039 0.0314705 0.0419117 0.0527697 0.0627273 0.0703592 0.0746897 0.0755449 0.0734617 0.0693101 0.06394 0.0580057 0.0519298 0.0459339 0.0401008 0.0344459 0.0289763 0.0237257 0.0187695 0.0142232 0.0102264 0.00690774 0.00434134
 0.00886137 0.0144133 0.0217203 0.0307055 0.0410329 0.0519419 0.0622129 0.0704561 0.0756092 0.0772858 0.0757612 0.0717144 0.0659637 0.0592956 0.0523588 0.0455962 0.0392316 0.0333172 0.0278164 0.0226833 0.0179164 0.0135758 0.00976807 0.00660548 0.00415666
 0.00879092 0.0142866 0.0215068 0.030369 0.0405415 0.0512871 0.0614348 0.0696645 0.0749843 0.0770436 0.0760807 0.0726494 0.067386 0.0609158 0.0538253 0.0466249 0.0396974 0.033266 0.0274075 0.0221069 0.0173291 0.0130731 0.00938783 0.00634572 0.00399505
 0.00879366 0.0142789 0.021472 0.0302819 0.0403721 0.0510076 0.0610296 0.06914 0.0743799 0.0764404 0.0756016 0.0724377 0.067558 0.0615012 0.0547305 0.0476505 0.0406109 0.0338917 0.0276837 0.0220836 0.0171198 0.0127966 0.00912938 0.00614666 0.0038622
 0.00873658 0.014193 0.021355 0.0301344 0.0401952 0.0507992 0.0607831 0.068847 0.0740365 0.0760569 0.0752112 0.0721009 0.0673577 0.0615209 0.0550191 0.0481885 0.0413005 0.0345862 0.0282448 0.0224334 0.0172589 0.0127831 0.00903945 0.00604196 0.00377658
 0.00866993 0.0140897 0.0212092 0.0299452 0.0399675 0.0505443 0.060518 0.0685912 0.0738059 0.0758578 0.075041 0.071957 0.0672493 0.0614772 0.0550835 0.0483974 0.0416571 0.0350457 0.0287239 0.0228438 0.017543 0.0129318 0.00908313 0.00602646 0.00374115
 0.00859058 0.0139799 0.0210792 0.0298158 0.0398629 0.0504823 0.0605014 0.0686075 0.0738335 0.0758747 0.0750307 0.0719112 0.0671694 0.0613767 0.0549894 0.0483463 0.0416827 0.0351617 0.0289128 0.0230611 0.0177372 0.0130673 0.00915195 0.00604359 0.0037304
 0.0085719 0.0139446 0.0210181 0.0297202 0.0397305 0.0503236 0.0603426 0.0684842 0.0737759 0.0758926 0.0751076 0.0720121 0.0672575 0.0614278 0.0549999 0.0483322 0.0416718 0.035181 0.0289763 0.0231624 0.017853 0.01317 0.00922312 0.00608009 0.00374092
 0.00851981 0.0138708 0.0209268 0.0296209 0.0396338 0.0502357 0.0602631 0.0684093 0.0737057 0.0758361 0.0750804 0.0720267 0.0673135 0.0615103 0.0550867 0.0484058 0.0417278 0.0352281 0.029028 0.0232273 0.0179288 0.0132453 0.0092851 0.00612152 0.00376252
 0.00864853 0.0140507 0.0211438 0.0298447 0.039828 0.0503724 0.0603334 0.0684221 0.0736772 0.0757785 0.0749981 0.0719212 0.0671897 0.0613779 0.0549559 0.0482835 0.0416167 0.0351305 0.0289482 0.0231703 0.0178964 0.0132337 0.00928601 0.00612642 0.00376606
 0.00866309 0.014084 0.0212098 0.0299583 0.0399957 0.050582 0.0605492 0.0685934 0.0737593 0.0757537 0.074883 0.0717551 0.067014 0.0612206 0.0548284 0.048185 0.0415418 0.0350737 0.0289061 0.0231415 0.0178805 0.0132289 0.00928884 0.00613246 0.00377168
 0.00866193 0.0140771 0.0211913 0.0299221 0.0399403 0.0505157 0.0604904 0.0685643 0.0737731 0.0758049 0.0749486 0.0718074 0.0670367 0.0612151 0.0548086 0.0481665 0.0415337 0.0350776 0.0289188 0.0231592 0.0179001 0.0132486 0.00930712 0.00614777 0.00378304
 0.00860198 0.013987 0.0210691 0.0297705 0.0397654 0.0503253 0.0602945 0.0683775 0.0736157 0.0757004 0.0749165 0.0718542 0.0671509 0.0613723 0.0549817 0.0483356 0.0416893 0.0352171 0.0290422 0.0232662 0.0179898 0.0133204 0.00936152 0.00618649 0.00380861
 0.00865302 0.0140387 0.0210901 0.0297149 0.0395881 0.0500044 0.0598489 0.0678663 0.0731194 0.0752945 0.0746523 0.0717529 0.0672072 0.0615611 0.0552648 0.0486699 0.0420349 0.035544 0.0293322 0.0235108 0.0181871 0.0134723 0.0094724 0.00626248 0.00385705
 0.00893659 0.0145498 0.0219449 0.0310332 0.0414416 0.0523469 0.062468 0.0704036 0.0751693 0.0765364 0.0749433 0.071143 0.0658876 0.0597862 0.0532855 0.0466912 0.0401991 0.0339329 0.0279806 0.0224221 0.017346 0.0128521 0.00903903 0.00597808 0.00368328
 0.00835744 0.0136247 0.0205939 0.029221 0.0392177 0.0498876 0.0600904 0.0685113 0.074126 0.0765239 0.0758923 0.0727774 0.0678484 0.0617576 0.0550645 0.0481916 0.0414172 0.0349045 0.0287494 0.0230248 0.0178095 0.013197 0.00928403 0.00614211 0.00378568
 0.00852382 0.01384 0.0208136 0.0293634 0.0391794 0.049575 0.0594575 0.0675913 0.0730451 0.0754846 0.0751191 0.0724377 0.0679873 0.0622852 0.0558045 0.0489602 0.0420851 0.0354176 0.0291123 0.0232702 0.0179736 0.0133074 0.00935843 0.00619119 0.00381656
 0.00876974 0.0142191 0.0213417 0.0300317 0.0399442 0.05035 0.0601134 0.0679761 0.0730296 0.0750191 0.0742702 0.0713809 0.06695 0.0614663 0.0553084 0.0487766 0.0421207 0.0355542 0.0292571 0.0233767 0.0180342 0.0133343 0.00936708 0.00619259 0.00381616
 0.0086188 0.0140407 0.0211961 0.0300131 0.0401515 0.0508405 0.0608636 0.0688729 0.0738982 0.0756739 0.0745694 0.0712675 0.0664698 0.0607534 0.0545399 0.048111 0.0416484 0.0352835 0.029138 0.0233413 0.0180288 0.0133313 0.00935925 0.00618233 0.00380704
 0.00820958 0.0133636 0.0201631 0.0285569 0.0382662 0.0486311 0.0585737 0.066851 0.0724948 0.0751147 0.0748767 0.0722723 0.0678983 0.0623347 0.0560833 0.0495283 0.0429282 0.0364435 0.0301856 0.0242614 0.0187957 0.013928 0.0097892 0.0064682 0.00398216
 0.00850891 0.0137972 0.0207132 0.0291625 0.0388265 0.0490223 0.0586756 0.066584 0.0718596 0.0742157 0.0739014 0.0714254 0.0673222 0.0620637 0.056056 0.0496432 0.0431001 0.0366295 0.0303765 0.0244579 0.0189909 0.0141065 0.00993541 0.00657467 0.00405114
 0.00866809 0.0140754 0.021164 0.0298372 0.0397488 0.0501543 0.0598932 0.0676863 0.0726215 0.0744644 0.0735814 0.0706192 0.0662183 0.060887 0.0549931 0.048796 0.0424842 0.0362078 0.0300989 0.0242838 0.0188923 0.0140614 0.00992381 0.00657934 0.00406028
 0.00874429 0.0142124 0.0213954 0.0302053 0.0402978 0.0509157 0.0608659 0.0688179 0.0737985 0.0755206 0.0743302 0.0709071 0.0659793 0.060172 0.0539535 0.0476282 0.0413649 0.0352504 0.0293464 0.0237289 0.0185043 0.0138038 0.00976263 0.00648515 0.00400919
 0.00886198 0.0143816 0.0216105 0.0304507 0.0405579 0.0511883 0.0611704 0.0691897 0.0742698 0.0760943 0.07496 0.0714948 0.0663977 0.0603074 0.0537511 0.0471172 0.0406474 0.034461 0.0286054 0.0231123 0.0180385 0.0134798 0.00955343 0.00635952 0.0039392
 0.00893571 0.0145221 0.0218579 0.0308488 0.0411361 0.051938 0.0620302 0.0700551 0.0750292 0.0766707 0.0753313 0.0716803 0.0664241 0.0601803 0.0534528 0.0466292 0.0399802 0.033669 0.0277761 0.0223374 0.0173864 0.0129813 0.0092049 0.00613574 0.00380705
 0.00859549 0.0139757 0.0210532 0.0297553 0.0397676 0.0503775 0.0604436 0.0686697 0.0740731 0.0762993 0.0755819 0.0724772 0.0676189 0.0615979 0.0549219 0.0480007 0.0411417 0.0345592 0.0283907 0.0227196 0.0176034 0.0130984 0.00926976 0.00617529 0.00383319
 0.00889007 0.0143971 0.0215784 0.0303209 0.0402802 0.0507368 0.0605672 0.0685158 0.0736565 0.0756962 0.0749153 0.0718818 0.067199 0.0613989 0.0549264 0.0481451 0.0413425 0.0347383 0.0284959 0.0227348 0.017545 0.0130011 0.00916825 0.00609219 0.00377628
 0.00910949 0.0147675 0.0221566 0.031156 0.0413871 0.0520626 0.0619697 0.0697786 0.0745483 0.07605 0.0746861 0.0711549 0.0661514 0.0602358 0.0538226 0.047208 0.0406055 0.0341781 0.0280626 0.0223802 0.0172402 0.0127387 0.00895328 0.00593032 0.00366631
 0.00900269 0.0146445 0.0220664 0.0311787 0.0416163 0.0525739 0.0627869 0.0708518 0.0757519 0.077202 0.0755887 0.0716481 0.0661627 0.0598022 0.0530722 0.04631 0.0397135 0.0333923 0.0274217 0.0218782 0.0168517 0.0124387 0.00872554 0.00576503 0.0035547
 0.00892117 0.0144752 0.0217488 0.0306477 0.0408362 0.0515823 0.0617227 0.0699366 0.0752186 0.0772034 0.0761342 0.0726016 0.0672971 0.0608826 0.0539285 0.046874 0.0400109 0.0335031 0.0274329 0.0218521 0.0168187 0.0124072 0.00869585 0.00573742 0.00353116
#obs surv len freq
 0.00496747 0.00813605 0.0123743 0.0176957 0.023974 0.0308445 0.0376833 0.0437683 0.0485499 0.0518264 0.0537149 0.0544985 0.0544953 0.0540014 0.0532773 0.0525374 0.0519275 0.051483 0.0510659 0.050307 0.0486239 0.0453857 0.0402152 0.0332813 0.0253659
 0.00518223 0.00848796 0.0129091 0.0184575 0.0249972 0.0321398 0.0392241 0.0454859 0.0503433 0.0535814 0.0553216 0.0558605 0.0555306 0.054641 0.0534654 0.0522351 0.0511203 0.0501896 0.0493452 0.0482615 0.0463968 0.0431488 0.0381446 0.0315237 0.0240069
 0.0054094 0.00886062 0.0134763 0.0192675 0.0260883 0.0335263 0.0408812 0.0473437 0.0522957 0.0555059 0.0570982 0.0573833 0.056712 0.0554106 0.0537674 0.0520259 0.0503716 0.0488975 0.047545 0.0460426 0.0439091 0.0405925 0.0357379 0.0294563 0.0223952
 0.00564352 0.00924385 0.0140582 0.0200961 0.0272022 0.0349403 0.0425715 0.0492421 0.0542985 0.0574921 0.0589481 0.0589894 0.057983 0.0562723 0.0541598 0.0519018 0.0496959 0.0476539 0.0457513 0.0437714 0.0413036 0.0378621 0.0331261 0.0271848 0.0206082
 0.00589221 0.00965148 0.0146778 0.0209792 0.0283885 0.0364424 0.0443585 0.051235 0.0563813 0.0595353 0.060829 0.0606038 0.0592472 0.0571201 0.0545389 0.0517693 0.0490172 0.046408 0.0439455 0.0414651 0.0386289 0.0350268 0.0303839 0.0247765 0.0186982
 0.00614896 0.0100716 0.015315 0.0218855 0.0296038 0.0379791 0.0461849 0.0532694 0.0585032 0.061608 0.0627229 0.0622098 0.0604815 0.0579224 0.054867 0.051592 0.0483092 0.0451524 0.0421471 0.0391738 0.0359649 0.0321877 0.0276199 0.0223327 0.0167475
 0.00636698 0.010431 0.0158656 0.0226768 0.0306769 0.0393509 0.0478331 0.055126 0.0604637 0.0635505 0.0645269 0.0637684 0.0617066 0.0587468 0.0552423 0.0514846 0.0476957 0.0440189 0.040499 0.0370557 0.0334844 0.0295257 0.0250105 0.0200102 0.0148826
 0.00661378 0.0108331 0.0164722 0.0235343 0.0318193 0.0407859 0.0495276 0.0570012 0.0624059 0.0654333 0.066232 0.0651977 0.0627857 0.0594231 0.0554813 0.0512644 0.0470026 0.0428475 0.0388595 0.0349922 0.0310963 0.0269786 0.0225196 0.0177933 0.0130997
 0.00684803 0.0112185 0.0170602 0.0243749 0.0329499 0.0422148 0.0512174 0.0588642 0.0643185 0.067261 0.0678533 0.0665173 0.0637375 0.0599668 0.0555965 0.0509439 0.0462463 0.0416605 0.0372593 0.0330238 0.0288514 0.0246062 0.0202119 0.0157447 0.0114536
 0.00706437 0.0115729 0.0175987 0.0251419 0.0339799 0.0435184 0.0527663 0.0605854 0.0661027 0.0689823 0.0693904 0.0677683 0.0646286 0.0604537 0.0556616 0.0505884 0.0454822 0.0405064 0.0357427 0.0311937 0.0267941 0.0224544 0.0181334 0.0139078 0.00998129
 0.00726241 0.0119017 0.0181059 0.0258754 0.0349766 0.0447879 0.054275 0.0622521 0.0678118 0.0706077 0.0708167 0.0689041 0.0654091 0.060841 0.0556416 0.0501669 0.044679 0.0393504 0.0342725 0.0294648 0.0248906 0.0204955 0.0162642 0.0122702 0.00867672
 0.00741272 0.0121484 0.018482 0.0264142 0.0357068 0.0457243 0.0554077 0.0635397 0.0691835 0.0719726 0.0720771 0.0699676 0.0661992 0.0613038 0.0557476 0.0499089 0.0440677 0.0384109 0.0330437 0.0280032 0.023277 0.0188374 0.0146872 0.0108935 0.00758318
 0.00751461 0.0123124 0.0187262 0.0267553 0.036159 0.0462958 0.0560972 0.0643335 0.0700551 0.0728851 0.0729843 0.0708147 0.0669252 0.0618466 0.0560523 0.049935 0.0437946 0.0378395 0.032197 0.0269278 0.022045 0.0175451 0.0134439 0.00980156 0.00671326
 0.00758252 0.0124198 0.0188823 0.0269674 0.0364314 0.0466298 0.0564898 0.0647774 0.0705405 0.0734016 0.0735206 0.0713555 0.067446 0.0623108 0.0564122 0.0501388 0.0437958 0.0376072 0.0317245 0.0262376 0.0211904 0.0166061 0.012515 0.00897169 0.00604527
 0.00767124 0.0125554 0.0190705 0.0272073 0.0367167 0.0469496 0.0568296 0.0651207 0.0708717 0.0737102 0.0738036 0.071616 0.0676883 0.0625331 0.0566008 0.0502661 0.0438238 0.0374968 0.0314481 0.0257911 0.0206004 0.0159286 0.0118246 0.00834292 0.00553282
 0.00770604 0.0126123 0.0191564 0.0273281 0.0368752 0.0471428 0.057047 0.0653458 0.071087 0.0739031 0.0739707 0.0717623 0.0678229 0.0626633 0.0567266 0.0503762 0.0438947 0.0374964 0.0313444 0.0255647 0.0202552 0.0154963 0.0113581 0.0079012 0.0051631
 0.00777847 0.012719 0.0192964 0.0274941 0.0370557 0.0473269 0.0572267 0.0655158 0.0712423 0.0740375 0.0740778 0.0718381 0.0678686 0.0626855 0.0567341 0.0503743 0.04388 0.0374548 0.0312548 0.0254071 0.0200223 0.0152006 0.0110314 0.00758466 0.00489296
 0.00781849 0.0127848 0.0193963 0.0276344 0.0372374 0.0475418 0.0574553 0.0657305 0.0714162 0.0741542 0.0741358 0.0718478 0.0678449 0.0626417 0.0566797 0.0503148 0.0438164 0.0373825 0.0311631 0.0252828 0.0198567 0.0149963 0.0108052 0.00736251 0.00470031
 0.00782792 0.0127946 0.0194013 0.0276278 0.0372145 0.047504 0.0574129 0.0657 0.0714129 0.0741849 0.0741966 0.0719275 0.0679317 0.0627273 0.0567601 0.0503877 0.0438789 0.0374292 0.0311859 0.0252726 0.0198071 0.014908 0.0106886 0.00723559 0.00458265
 0.00785046 0.0128276 0.0194438 0.0276758 0.0372606 0.047539 0.0574277 0.0656886 0.0713764 0.0741332 0.0741457 0.0718937 0.0679243 0.0627468 0.0567996 0.0504375 0.0439297 0.037473 0.0312152 0.0252803 0.0197877 0.014861 0.0106197 0.00715633 0.00450634
 0.00788041 0.0128726 0.0195044 0.0277495 0.0373423 0.0476211 0.0575005 0.0657417 0.0714002 0.0741222 0.0741015 0.0718259 0.0678484 0.0626789 0.0567511 0.0504122 0.0439241 0.0374788 0.0312227 0.0252805 0.0197741 0.0148309 0.0105755 0.00710475 0.00445582
 0.00787891 0.0128678 0.0194932 0.0277277 0.0373061 0.0475692 0.0574359 0.0656711 0.0713327 0.074066 0.074062 0.0718052 0.0678466 0.0626957 0.0567864 0.0504654 0.0439923 0.0375558 0.0312996 0.0253475 0.0198231 0.0148579 0.0105814 0.00709472 0.0044375
 0.00789657 0.0128927 0.0195234 0.0277587 0.0373313 0.0475817 0.05743 0.065644 0.0712852 0.0740035 0.0739931 0.0717399 0.0677937 0.0626609 0.0567722 0.0504714 0.0440164 0.0375942 0.0313462 0.0253947 0.0198634 0.0148857 0.0105947 0.00709562 0.0044305
 0.00788281 0.0128725 0.0194967 0.0277266 0.0372955 0.0475429 0.057388 0.0655979 0.0712348 0.0739505 0.0739416 0.0716963 0.0677648 0.062652 0.0567858 0.0505069 0.0440704 0.0376612 0.0314194 0.0254669 0.0199275 0.0149362 0.0106292 0.00711505 0.00443842
 0.00787722 0.0128595 0.0194704 0.0276796 0.037222 0.0474424 0.0572677 0.0654722 0.0711206 0.0738614 0.0738848 0.071672 0.0677698 0.0626823 0.0568379 0.0505778 0.0441562 0.037757 0.0315188 0.0255629 0.0200132 0.0150063 0.0106811 0.0071491 0.00445786
 0.00787246 0.0128499 0.0194522 0.0276479 0.037171 0.0473673 0.0571665 0.065348 0.0709829 0.0737253 0.0737682 0.0715911 0.0677342 0.0626933 0.0568897 0.0506608 0.0442603 0.0378726 0.0316376 0.0256768 0.0201153 0.0150911 0.0107458 0.00719398 0.00448576
 0.00784956 0.012814 0.0194007 0.0275792 0.0370847 0.0472642 0.0570496 0.0652221 0.0708549 0.0736038 0.0736629 0.0715126 0.0676925 0.0626954 0.0569374 0.0507495 0.0443803 0.0380114 0.0317825 0.0258164 0.0202405 0.0151957 0.0108265 0.00725114 0.00452257
 0.00782032 0.0127617 0.0193135 0.0274443 0.0368928 0.0470158 0.0567596 0.0649196 0.0705757 0.0733803 0.0735165 0.071451 0.0677127 0.062788 0.0570901 0.0509484 0.0446104 0.0382566 0.0320265 0.0260444 0.0204404 0.0153598 0.0109519 0.00733978 0.00458003
 0.0078004 0.0127283 0.019261 0.0273661 0.0367815 0.046865 0.0565664 0.0646882 0.0703199 0.073124 0.0732898 0.0712836 0.067626 0.0627904 0.0571767 0.0511048 0.0448171 0.038493 0.0322723 0.0262812 0.0206532 0.0155378 0.0110901 0.00743864 0.0046449
 0.00775897 0.0126625 0.0191652 0.0272362 0.0366161 0.0466665 0.0563421 0.0644502 0.0700832 0.0729041 0.0731017 0.0711422 0.0675457 0.0627832 0.0572485 0.0512524 0.0450275 0.038746 0.0325445 0.0265496 0.0208981 0.015745 0.0112524 0.00755583 0.00472239
 0.00774855 0.0126393 0.0191188 0.0271536 0.0364854 0.0464824 0.0561111 0.0641903 0.0698201 0.0726634 0.0729035 0.070999 0.0674643 0.0627667 0.0572983 0.0513675 0.0452023 0.0389684 0.0327964 0.0268091 0.0211432 0.0159582 0.011423 0.00768093 0.00480619
 0.00935727 0.0148972 0.0218561 0.0299903 0.0389405 0.0481489 0.0567951 0.0639407 0.0688526 0.0712481 0.0712804 0.0693433 0.0658881 0.0613348 0.0560437 0.0503035 0.0443303 0.0382812 0.0322792 0.02644 0.0208957 0.0158033 0.0113332 0.0076333 0.00478328
 0.00929792 0.0151009 0.0226927 0.0319231 0.0423264 0.0529677 0.0624764 0.0694559 0.0730803 0.0734161 0.0712196 0.067434 0.0627921 0.0577106 0.0523813 0.0468954 0.0413183 0.0357164 0.0301656 0.0247568 0.0196062 0.0148595 0.0106782 0.00720571 0.00452298
 0.00894731 0.0145448 0.0219038 0.0309434 0.0413242 0.0522779 0.0625642 0.0707538 0.0757366 0.0771024 0.0751678 0.0707291 0.0647553 0.0581349 0.0515074 0.045202 0.0392912 0.0337135 0.0283908 0.0232952 0.0184707 0.0140242 0.0100981 0.00682774 0.00429366
 0.00879824 0.0142884 0.0214924 0.0303261 0.0404648 0.0511887 0.0613495 0.069641 0.0750606 0.0772156 0.0762845 0.0727752 0.067328 0.0606332 0.0533773 0.0461501 0.0393464 0.0331321 0.027496 0.0223537 0.017644 0.0133789 0.00963847 0.00652599 0.0041108
 0.00871798 0.0141564 0.0212898 0.0300313 0.0400543 0.0506413 0.0606561 0.0688216 0.0741865 0.0764276 0.0757869 0.0727853 0.0679809 0.0618867 0.054983 0.0477339 0.040563 0.0337993 0.0276339 0.0221226 0.0172421 0.0129632 0.00929584 0.0062829 0.00395762
 0.00870156 0.0141234 0.0212283 0.0299255 0.0398872 0.0503987 0.0603303 0.0684132 0.0737053 0.0758983 0.0752607 0.0723514 0.0677613 0.0619992 0.0554804 0.0485518 0.0415221 0.0346733 0.0282465 0.0224123 0.0172605 0.0128216 0.00910329 0.0061104 0.00383353
 0.00867535 0.0140833 0.0211722 0.029852 0.0397942 0.0502819 0.0601827 0.0682269 0.0734746 0.0756231 0.074951 0.0720325 0.0674789 0.0618193 0.0554753 0.0487691 0.0419497 0.0352276 0.0287987 0.0228442 0.0175126 0.0129051 0.00907538 0.00603596 0.00375847
 0.00868177 0.0140909 0.0211783 0.0298526 0.0397846 0.0502584 0.0601434 0.0681704 0.0733982 0.0755214 0.0748177 0.0718646 0.0672843 0.0616225 0.0553176 0.0486998 0.0420061 0.0354128 0.0290719 0.0231342 0.0177496 0.0130505 0.0091309 0.00603067 0.003727
 0.00866481 0.0140685 0.021154 0.0298322 0.0397742 0.0502605 0.060155 0.0681834 0.0734023 0.0755078 0.0747807 0.0718015 0.0671953 0.0615128 0.055201 0.0486003 0.0419535 0.0354305 0.0291633 0.0232768 0.0179035 0.013177 0.00920956 0.00606303 0.00372866
 0.00865464 0.0140505 0.0211245 0.0297881 0.0397145 0.0501893 0.0600818 0.0681215 0.0733633 0.0754961 0.074791 0.0718218 0.0672119 0.0615155 0.0551871 0.0485757 0.0419324 0.0354306 0.0291981 0.0233472 0.0179959 0.0132694 0.00928249 0.00610802 0.0037487
 0.0086418 0.0140305 0.021096 0.0297501 0.0396664 0.0501309 0.0600143 0.0680484 0.0732917 0.0754357 0.0747518 0.0718097 0.0672259 0.0615477 0.055226 0.0486123 0.0419638 0.0354611 0.0292357 0.0233979 0.0180586 0.0133359 0.00934156 0.00615146 0.00377467
 0.0086166 0.0139922 0.0210434 0.029684 0.0395895 0.0500473 0.0599292 0.0679677 0.0732211 0.0753805 0.074716 0.0717966 0.0672373 0.061583 0.055281 0.0486794 0.0420349 0.0355306 0.0293019 0.023462 0.0181215 0.0133958 0.00939408 0.00619225 0.00380203
 0.00862975 0.0140088 0.0210595 0.0296932 0.0395848 0.0500241 0.0598878 0.0679131 0.073161 0.0753223 0.0746651 0.071756 0.0672088 0.0615682 0.0552807 0.0486936 0.0420612 0.0355653 0.0293413 0.0235034 0.0181631 0.0134356 0.00942972 0.00622117 0.00382277
 0.00861348 0.0139875 0.0210367 0.0296746 0.0395757 0.0500259 0.059896 0.0679185 0.0731545 0.0752996 0.0746288 0.0717141 0.0671705 0.0615404 0.0552673 0.048695 0.0420761 0.035591 0.0293744 0.0235404 0.0182007 0.0134711 0.00946079 0.00624611 0.00384088
 0.0086012 0.0139676 0.0210073 0.0296348 0.0395269 0.0499732 0.0598475 0.0678837 0.0731398 0.0753048 0.074647 0.0717353 0.0671872 0.0615503 0.0552733 0.0487022 0.0420886 0.0356106 0.0294006 0.023571 0.0182329 0.0135019 0.00948785 0.00626783 0.00385671
 0.0086012 0.0139676 0.0210073 0.0296348 0.0395269 0.0499732 0.0598475 0.0678837 0.0731398 0.0753048 0.074647 0.0717353 0.0671872 0.0615503 0.0552733 0.0487022 0.0420886 0.0356106 0.0294006 0.023571 0.0182329 0.0135019 0.00948785 0.00626783 0.00385671
 0.00900772 0.014608 0.0219297 0.0308617 0.0410409 0.0517006 0.0616476 0.0695593 0.0744777 0.0761326 0.0748767 0.071376 0.0663272 0.0603259 0.0538366 0.0471961 0.0406303 0.0342843 0.0282571 0.0226327 0.0175 0.0129588 0.00910811 0.00601919 0.00370542
 0.00838943 0.0136727 0.0206563 0.0292879 0.0392664 0.0498811 0.059984 0.0682712 0.0737549 0.0760775 0.0754696 0.0724834 0.0677495 0.0618562 0.0553072 0.0485005 0.0417222 0.0351621 0.0289439 0.0231596 0.0178963 0.0132489 0.00931244 0.00615575 0.00379092
 0.00855424 0.0138565 0.0207795 0.0292301 0.0389052 0.0491522 0.0589282 0.0670392 0.0725628 0.0751377 0.0749314 0.072403 0.0680902 0.0625118 0.0561365 0.0493646 0.0425146 0.0358221 0.0294545 0.0235333 0.0181594 0.013429 0.00943246 0.00623311 0.00383845
 0.00864028 0.0140255 0.021081 0.0297101 0.0395734 0.0499421 0.059681 0.0675393 0.0726239 0.0746956 0.0740829 0.0713662 0.0671113 0.0617741 0.0557149 0.0492322 0.0425829 0.0359882 0.029636 0.0236831 0.0182626 0.013491 0.00946593 0.00624997 0.00384676
 0.00865653 0.0140582 0.021144 0.0298258 0.0397731 0.0502606 0.0601412 0.0681272 0.0732656 0.0752565 0.074406 0.0713392 0.0667255 0.0611351 0.0549945 0.0485931 0.0421203 0.0357163 0.0295118 0.023645 0.0182595 0.0134939 0.00946485 0.00624505 0.00384097
 0.00822541 0.0133777 0.0201618 0.0285173 0.0381586 0.0484262 0.0582538 0.0664224 0.0719975 0.0746213 0.074475 0.0720368 0.0678637 0.0624877 0.0563748 0.049897 0.0433189 0.036816 0.0305146 0.0245334 0.0190061 0.0140794 0.0098897 0.00652918 0.0040157
 0.00847464 0.0137277 0.0205842 0.0289463 0.0385026 0.0485917 0.0581707 0.066064 0.0713928 0.0738574 0.0736836 0.0713589 0.0674049 0.062284 0.0563906 0.0500556 0.0435454 0.037064 0.0307667 0.0247839 0.0192456 0.0142924 0.0100617 0.00665388 0.00409664
 0.0086486 0.014039 0.0211005 0.0297345 0.0395967 0.0499492 0.0596442 0.0674171 0.0723666 0.0742605 0.073457 0.0705867 0.0662726 0.061011 0.055166 0.0489986 0.0427004 0.0364225 0.0302974 0.024454 0.0190271 0.0141596 0.00998929 0.00661906 0.00408197
 0.00866525 0.0140807 0.0211929 0.0299168 0.0399192 0.050464 0.0603855 0.0683754 0.0734647 0.0753477 0.0743364 0.0710755 0.0662685 0.060531 0.0543341 0.0479936 0.0416926 0.0355303 0.0295768 0.0239122 0.0186438 0.0139042 0.00982991 0.00652662 0.00403242
 0.00865673 0.0140678 0.0211764 0.0299011 0.039916 0.050496 0.0604882 0.0685929 0.0738365 0.0758866 0.0750067 0.0717832 0.0668779 0.060906 0.0543895 0.0477286 0.0411866 0.0349066 0.0289551 0.0233754 0.0182291 0.0136122 0.0096409 0.00641376 0.00397034
 0.00887098 0.0144013 0.0216493 0.0305186 0.0406635 0.051335 0.061355 0.0694061 0.0745172 0.0763824 0.0753039 0.0718986 0.0668343 0.06071 0.0540274 0.0471838 0.0404673 0.0340621 0.0280693 0.0225405 0.0175174 0.0130602 0.0092492 0.00615876 0.00381793
 0.00845083 0.0137584 0.0207592 0.0293927 0.0393537 0.0499356 0.0600013 0.0682609 0.073739 0.0760841 0.0755231 0.0725932 0.0679002 0.062007 0.0554029 0.0484932 0.0415941 0.0349367 0.0286777 0.022918 0.0177268 0.0131664 0.00930199 0.00618739 0.00383579
 0.00874457 0.0141699 0.0212557 0.0299014 0.0397804 0.0501967 0.0600508 0.0681005 0.073411 0.0756562 0.075073 0.0721946 0.0676101 0.061855 0.0553852 0.0485743 0.0417172 0.0350412 0.028719 0.0228809 0.0176261 0.0130348 0.00917316 0.00608369 0.00376455
 0.00893486 0.0145088 0.0218149 0.0307503 0.0409518 0.0516411 0.0616093 0.0695258 0.0744431 0.0761162 0.0749217 0.0715283 0.0666069 0.0607085 0.0542551 0.0475627 0.0408668 0.0343481 0.0281534 0.0224088 0.0172253 0.0126986 0.00890448 0.00588479 0.00363063
 0.0089405 0.0145347 0.0218874 0.0309109 0.0412548 0.0521425 0.0623465 0.0704908 0.0755577 0.0772277 0.0758336 0.0720622 0.0666676 0.0603162 0.0535276 0.0466626 0.0399445 0.033506 0.0274389 0.0218279 0.0167635 0.0123381 0.00863114 0.00568788 0.00349874
 0.00873349 0.0142011 0.0213942 0.0302382 0.0404112 0.0511842 0.0613896 0.0697017 0.0751122 0.0772515 0.0763502 0.072975 0.067788 0.0614267 0.0544523 0.0473141 0.0403278 0.0336856 0.0274946 0.0218229 0.016734 0.0123003 0.00859173 0.00565113 0.0034683
#pred catch len freq
 0.0035903 0.00583148 0.00880121 0.0125413 0.0170766 0.022358 0.0281982 0.0342717 0.0401872 0.045572 0.0501262 0.0536566 0.0560997 0.0575203 0.0580809 0.0579999 0.0575204 0.0568691 0.0561738 0.0553308 0.0539006 0.0511685 0.0464563 0.0395724 0.0310964
 0.00393024 0.00634124 0.00949143 0.0134013 0.0180873 0.0235084 0.0294875 0.0356921 0.0416948 0.0470688 0.0514716 0.05471 0.0567723 0.0578061 0.0580475 0.0577441 0.0571093 0.0562965 0.0553535 0.0541382 0.0522505 0.0490925 0.0441315 0.0372746 0.0290985
 0.00409115 0.00663623 0.00999482 0.0141969 0.0192426 0.0250378 0.0313269 0.0377056 0.0437169 0.0489528 0.0531132 0.0560356 0.0577184 0.0583178 0.0580988 0.0573563 0.0563423 0.0552111 0.0539721 0.0524392 0.0502104 0.0467527 0.0416411 0.0348693 0.02702
 0.00433303 0.00700768 0.0105186 0.0148937 0.0201444 0.0261986 0.0328137 0.0395626 0.0459147 0.0513563 0.0554953 0.0581388 0.0593281 0.0593071 0.0584288 0.0570515 0.0554628 0.0538312 0.052162 0.0502572 0.0477175 0.0440486 0.0388927 0.0322972 0.024838
 0.00453963 0.00735285 0.0110543 0.0156717 0.0212042 0.027551 0.0344311 0.0413861 0.0478765 0.0533962 0.0575512 0.0601166 0.0610816 0.0606535 0.0591972 0.0571318 0.0548263 0.0525191 0.0502592 0.0478716 0.0449787 0.0411205 0.0359818 0.0296317 0.0226156
 0.00476947 0.00772233 0.0116048 0.0164447 0.02224 0.0288826 0.0360698 0.0433036 0.0499942 0.0555902 0.0596763 0.0620367 0.0626873 0.0618573 0.0599155 0.0572769 0.0543219 0.0513279 0.0484043 0.0454435 0.0421314 0.0380639 0.032964 0.0269019 0.0203696
