SBPRF35
8.05187
Curr Bio
688118
B35
553802
F35
0.209681
FOFL
0.209681
OFL
114913
Bzero
2.30054e+06
#pred survey bio
 3.33508e+06 3.29346e+06 3.11133e+06 2.98075e+06 2.57374e+06 2.28945e+06 2.0708e+06 1.93171e+06 1.79123e+06 1.65671e+06 1.52845e+06 1.36713e+06 1.18399e+06 1.03748e+06 901331 794990 692861 640800 606328 572379 558731 547102 539650 543126 541236 537957 533844 534639 526214 536074 561107 589784 587249 573176 558925 534311 528202 539498 583411 593125 566191 529243 540674 550838 542660 576223 611937 640834 637718 634674 574146 521359 563651 603697 616411 690409 711786 631953 514578 512445 606767 660594 621110 600783 611980 682698 696977 1.63208e+07 1.48473e+07 1.49563e+07 1.53052e+07 1.57798e+07 1.62761e+07 1.67307e+07 1.7115e+07 1.74236e+07 1.76631e+07 1.7845e+07 1.79811e+07 1.80824e+07 1.81574e+07 1.82129e+07 1.82541e+07 1.82848e+07 1.83077e+07 1.83249e+07 1.83379e+07 1.83477e+07 1.83552e+07 1.83609e+07 1.83652e+07 1.83686e+07 1.83711e+07 1.83731e+07 1.83746e+07 1.83758e+07 1.83767e+07 1.83774e+07 1.8378e+07 1.83784e+07 1.83787e+07 1.8379e+07 1.83792e+07 1.83793e+07 1.83794e+07 1.83795e+07 1.83796e+07 1.83796e+07 1.83797e+07 1.83797e+07 1.83798e+07 1.83798e+07 1.83798e+07 1.83798e+07 1.83798e+07 1.83798e+07 1.83798e+07 1.83798e+07 1.83798e+07 1.83798e+07 1.83798e+07 1.83798e+07 1.83798e+07 1.83798e+07 1.83798e+07 1.83798e+07 1.83798e+07 1.83798e+07 1.83798e+07 1.83798e+07 1.83798e+07 1.83798e+07 1.83798e+07 1.83798e+07 1.83798e+07 1.83798e+07 1.83798e+07 1.83798e+07 1.83798e+07 1.83798e+07 1.83798e+07 1.83798e+07 1.83798e+07 1.83798e+07 1.83798e+07 1.83798e+07 1.83798e+07 1.83798e+07 1.83798e+07 1.83798e+07 1.83798e+07 1.83798e+07 1.83798e+07 1.83798e+07 1.83798e+07 1.83798e+07 1.83798e+07 1.83798e+07 1.83798e+07 1.83798e+07 1.83798e+07 1.83798e+07 1.83798e+07 1.83798e+07 1.83798e+07 1.83798e+07 1.83798e+07 0 0 0 0 0 0 0 0 0 0 0 0 0 0 0 0 0 0 0 0 0 0 0 0 0
#obs survey bio
 2.86926e+06 3.39768e+06 1.96372e+06 4.24427e+06 2.12618e+06 2.58395e+06 2.37618e+06 2.01963e+06 1.75509e+06 1.49743e+06 1.79177e+06 1.39358e+06 1.49949e+06 1.2344e+06 870002 794287 585708 689040 605697 793028 519092 403732 475814 419901 688500 454072 486525 670599 510417 544987 489718 620091 637778 594916 535975 421043 538032 534560 732016 853873 642730 427826 532144 632814 492859 626703 574284 633132 569420 637527 488129 510642 665280 539129 690416 480464 834916 561303 434339 369220 898813 659783 764786 536404 819067 664739 568420
#pred catch bio
 95923.7 96035.3 163074 200725 241611 266931 287902 321777 303874 311849 308679 299803 262216 249570 230446 218532 175152 159744 162777 140544 138735 128619 111769 116174 105580 108242 101096 110825 97889.8 95201 97220.9 99946.1 96487.5 86824.2 88184.9 91112.8 98535 85177.3 83622.3 91674 87245 81682.9 82370.6 91788.2 87877 89121 96068.7 96788 90334.1 85889.2 116791 58160.7 61048 117664 68454.1 113089 105029 146530 94140.2 44340.2 65371.7 141936 100789 106682 56601.5 109574 112912 114913 113865 113518 115106 117928 120998 123785 126075 127838 129135 130058 130697 131133 131424 131617 131744 131827 131880 131914 131936 131951 131960 131965 131969 131971 131973 131974 131974 131975 131975 131975 131975 131975 131975 131975 131975 131975 131975 131975 131975 131975 131975 131975 131975 131975 131975 131975 131975 131975 131975 131975 131975 131975 131975 131975 131975 131975 131975 131975 131975 131975 131975 131975 131975 131975 131975 131975 131975 131975 131975 131975 131975 131975 131975 131975 131975 131975 131975 131975 131975 131975 131975 131975 131975 131975 131975 131975 131975 131975 131975 131975 131975 131975 131975 131975 131975 131975 131975 131975 131975 0 0 0 0 0 0 0 0 0 0 0 0 0 0 0 0 0 0 0 0 0 0 0 0 0
#obs catch bio
 0 95598.5 163633 200430 241854 266882 288290 322981 303290 312836 308555 299659 262056 249405 230803 218696 175142 159510 163404 140347 139067 128759 111506 116454 105322 108381 100910 111019 97784.9 95246.9 97435.8 99836.4 96493.2 86722.5 88081.6 91106.6 98875.7 85358.8 83421.2 91689.6 87129.4 81807.1 82313.6 91721.5 88067.4 89077.6 96205.3 96721.8 90390.1 85446.3 117800 57923.6 60683.1 119137 67926.9 113870 104338 147101 94577.3 44059.5 65074.5 143265 100273 107532 56044.8 110050 112914
#pred cpue bio
 3.29861e+06 3.25767e+06 3.07635e+06 2.94528e+06 2.54169e+06 2.25883e+06 2.04076e+06 1.90132e+06 1.76046e+06 1.6257e+06 1.49714e+06 1.3366e+06 1.15506e+06 1.00996e+06 875393 770342 669827 618564 584732 551475 538228 526863 519561 522967 521020 517988 513992 514840 506663 516251 540506 568358 566150 552765 539396 515702 508539 517328 558592 568236 542734 507454 518430 528406 520545 552704 587171 614982 612038 609193 551287 499457 540549 580408 592277 663896 684210 607341 492744 489849 582024 635912 597010 576483 586313 655500 669651 1.56765e+07 1.42622e+07 1.43128e+07 1.4615e+07 1.50787e+07 1.55733e+07 1.60276e+07 1.6412e+07 1.67205e+07 1.696e+07 1.71419e+07 1.72781e+07 1.73793e+07 1.74543e+07 1.75098e+07 1.7551e+07 1.75817e+07 1.76047e+07 1.76219e+07 1.76348e+07 1.76447e+07 1.76521e+07 1.76578e+07 1.76622e+07 1.76655e+07 1.76681e+07 1.76701e+07 1.76716e+07 1.76727e+07 1.76737e+07 1.76744e+07 1.76749e+07 1.76753e+07 1.76756e+07 1.76759e+07 1.76761e+07 1.76762e+07 1.76764e+07 1.76765e+07 1.76765e+07 1.76766e+07 1.76766e+07 1.76767e+07 1.76767e+07 1.76767e+07 1.76767e+07 1.76767e+07 1.76767e+07 1.76768e+07 1.76768e+07 1.76768e+07 1.76768e+07 1.76768e+07 1.76768e+07 1.76768e+07 1.76768e+07 1.76768e+07 1.76768e+07 1.76768e+07 1.76768e+07 1.76768e+07 1.76768e+07 1.76768e+07 1.76768e+07 1.76768e+07 1.76768e+07 1.76768e+07 1.76768e+07 1.76768e+07 1.76768e+07 1.76768e+07 1.76768e+07 1.76768e+07 1.76768e+07 1.76768e+07 1.76768e+07 1.76768e+07 1.76768e+07 1.76768e+07 1.76768e+07 1.76768e+07 1.76768e+07 1.76768e+07 1.76768e+07 1.76768e+07 1.76768e+07 1.76768e+07 1.76768e+07 1.76768e+07 1.76768e+07 1.76768e+07 1.76768e+07 1.76768e+07 1.76768e+07 1.76768e+07 1.76768e+07 1.76768e+07 1.76768e+07 1.76768e+07 1.76768e+07 0 0 0 0 0 0 0 0 0 0 0 0 0 0 0 0 0 0 0 0 0 0 0 0 0
#obs cpue bio
 2.20155e+06 4.74555e+06 2.75772e+06 3.80958e+06 2.31405e+06 2.18047e+06 1.42633e+06 1.65679e+06 2.39883e+06 1.29935e+06 1.58814e+06 1.38697e+06 859711 900544 789863 853166 736892 621063 492064 452502 504728 742200 649469 577416 497105 537541 612862 393210 540699 461280 531265 716771 490852 531078 614069 601554 443097 424087 640955 381783 528756 471465 596848 549678 401020 604174 564299 746772 567748 845549 504299 463519 632864 419488 638706 727945 966392 627496 460492 550400 627432 504682 621122 440450 549804 672727 800467
#pred surv len freq
 0.00422608 0.00697354 0.0107041 0.0154646 0.0211694 0.0275057 0.0339191 0.0397695 0.0445795 0.0481871 0.0507059 0.0523731 0.0534202 0.0540216 0.0542963 0.0543314 0.0542055 0.0539885 0.0536856 0.0531242 0.0518586 0.0492238 0.04462 0.0379212 0.0297254
 0.00451637 0.00735804 0.0111239 0.0158176 0.0213476 0.0274474 0.0336457 0.0393756 0.0441818 0.047865 0.0504743 0.0522006 0.0532752 0.0539105 0.0542718 0.0544651 0.0545424 0.0545047 0.0542733 0.0536176 0.0520956 0.0491164 0.0441946 0.0373028 0.0290761
 0.00461397 0.00756946 0.0115323 0.0165136 0.0223836 0.0287804 0.0351057 0.0407017 0.0451204 0.0482766 0.0503785 0.0517345 0.0526071 0.0531744 0.0535534 0.0538229 0.0540221 0.0541277 0.0540101 0.0533787 0.0517615 0.0485972 0.0434822 0.0364796 0.0282724
 0.00464385 0.00763506 0.0116669 0.0167702 0.022835 0.0295086 0.0361745 0.042114 0.0467766 0.0499656 0.0518251 0.0526946 0.0529576 0.0529451 0.052888 0.0529055 0.0530157 0.0531423 0.0530924 0.0525148 0.050897 0.047678 0.0424994 0.0354878 0.0273665
 0.00487321 0.00797474 0.0121179 0.0173166 0.0234553 0.0301937 0.0369413 0.0430032 0.0478336 0.0512042 0.0531887 0.0540369 0.0540671 0.0536135 0.0529897 0.0524426 0.0521026 0.051946 0.051766 0.0511571 0.0495495 0.0463536 0.0412196 0.0343039 0.0263494
 0.00503616 0.00827459 0.0126306 0.0181258 0.0246231 0.0317201 0.0387369 0.0449023 0.0496505 0.0528025 0.0545158 0.0551024 0.0548822 0.0541391 0.0531313 0.0520952 0.0512147 0.0505563 0.0499928 0.0491539 0.0474627 0.0443057 0.0393152 0.0326365 0.0249936
 0.00521228 0.00856349 0.013073 0.0187686 0.0255186 0.0329178 0.0402651 0.0467419 0.0517131 0.0549294 0.0565085 0.0567762 0.0561143 0.0548796 0.0533729 0.0518323 0.0504286 0.049239 0.0481842 0.0469613 0.0450497 0.0418619 0.0370247 0.0306514 0.0234118
 0.00538143 0.00885148 0.0135304 0.0194503 0.0264727 0.0341689 0.0417997 0.0485072 0.0536294 0.0569041 0.0584391 0.0585443 0.0575873 0.0559286 0.0538987 0.051779 0.0497778 0.0479994 0.0463947 0.0447094 0.0424863 0.039194 0.034481 0.0284339 0.0216511
 0.00565807 0.00929341 0.0141817 0.0203487 0.0276451 0.0356233 0.0435137 0.0504206 0.0556481 0.0589149 0.0603283 0.0602099 0.0589413 0.0568912 0.0543936 0.0517358 0.0491427 0.0467483 0.0445474 0.0423444 0.0397532 0.0363104 0.0317015 0.0259942 0.0197102
 0.00588692 0.00967232 0.014764 0.021187 0.0287787 0.0370606 0.0452162 0.052302 0.0575927 0.0608052 0.0620655 0.061718 0.0601599 0.057766 0.054869 0.0517522 0.0486403 0.0456795 0.0428988 0.040163 0.0371665 0.0335262 0.0289772 0.0235775 0.0177748
 0.00607919 0.0100002 0.0152858 0.021967 0.0298738 0.0384982 0.0469727 0.0542936 0.0596874 0.0628504 0.0639172 0.0632633 0.061325 0.0585123 0.0551789 0.0516113 0.0480258 0.0445626 0.0412633 0.0380363 0.0346504 0.0308067 0.0262995 0.0211876 0.0158515
 0.00632014 0.0103863 0.0158578 0.0227613 0.0309197 0.0398108 0.0485414 0.0560729 0.0615944 0.0647719 0.0657232 0.0648243 0.0625312 0.0592873 0.0554835 0.0514347 0.0473699 0.0434303 0.0396619 0.0359991 0.0322666 0.028239 0.0237686 0.0189219 0.0140217
 0.00659412 0.0108361 0.0165417 0.0237334 0.0322155 0.0414271 0.0504195 0.0580988 0.0636233 0.0666631 0.067365 0.0661388 0.0634651 0.0598021 0.0555526 0.0510451 0.0465221 0.0421359 0.0379449 0.0339074 0.0298918 0.0257309 0.0213256 0.0167486 0.0122715
 0.00678634 0.0111557 0.0170361 0.0244522 0.0332015 0.0427005 0.0519612 0.0598413 0.0654566 0.0684535 0.0689799 0.0674669 0.0644285 0.0603573 0.0556824 0.0507471 0.0458012 0.0410034 0.0364246 0.032048 0.027782 0.0235086 0.0191665 0.0148308 0.0107278
 0.00696999 0.0114663 0.0175258 0.0251762 0.034206 0.0440035 0.0535332 0.0616004 0.0672809 0.0702063 0.0705324 0.0687131 0.0652922 0.060795 0.0556815 0.0503188 0.0449704 0.0398014 0.0348894 0.0302342 0.0257755 0.0214343 0.017179 0.0130832 0.00933107
 0.00709513 0.0116857 0.0178859 0.0257312 0.0350072 0.045081 0.0548776 0.0631534 0.0689417 0.0718493 0.072028 0.0699459 0.0661739 0.061271 0.0557309 0.0499491 0.0442089 0.0386875 0.0334725 0.0285775 0.0239653 0.0195852 0.0154253 0.011554 0.00811672
 0.00735828 0.0120956 0.01847 0.0265052 0.0359746 0.0462329 0.0561883 0.0645745 0.0704011 0.0732558 0.0732823 0.0709533 0.0668567 0.0615784 0.0556426 0.0494727 0.0433735 0.0375373 0.0320626 0.0269764 0.0222589 0.0178792 0.0138363 0.0101886 0.00704482
 0.00741737 0.0121989 0.0186385 0.0267619 0.0363393 0.0467138 0.0567767 0.0652472 0.0711302 0.0740184 0.07406 0.071722 0.0675737 0.0621797 0.0560534 0.0496263 0.0432272 0.0370807 0.0313182 0.0259963 0.0211213 0.0166824 0.0126871 0.00918281 0.00624654
 0.00737764 0.0121465 0.0185829 0.0267218 0.0363399 0.0467824 0.0569363 0.0655116 0.0715007 0.074483 0.0745969 0.0723034 0.0681689 0.0627523 0.0565573 0.0500048 0.0434214 0.0370438 0.0310304 0.0254734 0.0204157 0.0158751 0.0118725 0.00844834 0.00565298
 0.00747877 0.0122998 0.0187933 0.0269872 0.0366532 0.0471343 0.0573165 0.0659079 0.0718973 0.0748611 0.0749366 0.0725883 0.0683892 0.0629058 0.0566442 0.0500202 0.0433492 0.0368588 0.0307088 0.0250079 0.0198269 0.0152132 0.0112067 0.00784768 0.00516731
 0.00751978 0.0123506 0.0188405 0.0270092 0.0366271 0.0470465 0.0571725 0.0657354 0.0717403 0.0747685 0.0749483 0.0727233 0.0686406 0.0632429 0.0570219 0.0503889 0.0436624 0.0370759 0.030798 0.0249523 0.0196316 0.0149094 0.0108462 0.00748906 0.00485866
 0.00763654 0.0125274 0.0190811 0.0273053 0.0369567 0.047374 0.0574523 0.0659198 0.0717953 0.0746884 0.0747628 0.0724892 0.0684215 0.0630878 0.0569514 0.0503937 0.0437108 0.0371255 0.0308075 0.0248909 0.0194873 0.0146924 0.0105867 0.00722661 0.00462913
 0.00779966 0.0127642 0.0193846 0.0276502 0.0373058 0.0476888 0.057701 0.0660802 0.0718535 0.0746392 0.0746122 0.0722582 0.0681467 0.0628145 0.0567222 0.0502354 0.0436265 0.0370952 0.0307967 0.0248635 0.019418 0.0145745 0.0104322 0.00706027 0.00447691
 0.00782456 0.0128013 0.0194333 0.0277054 0.0373565 0.0477179 0.0576878 0.0660074 0.0717163 0.074452 0.0744069 0.0720731 0.068013 0.062749 0.0567284 0.050308 0.0437541 0.0372595 0.0309718 0.0250193 0.0195284 0.0146258 0.0104276 0.00701634 0.00441613
 0.00785391 0.0128545 0.0195231 0.0278454 0.0375557 0.0479732 0.0579773 0.0662903 0.0719418 0.0745744 0.0744003 0.0719401 0.0677833 0.0624697 0.0564488 0.0500673 0.0435748 0.0371463 0.0309146 0.0249982 0.01952 0.0146109 0.0103971 0.00697202 0.00436683
 0.00787776 0.0128732 0.0195153 0.0277823 0.0374128 0.0477465 0.0576944 0.0660061 0.0717177 0.074453 0.0743897 0.0720161 0.0679059 0.0626024 0.0565714 0.0501779 0.043682 0.0372595 0.0310364 0.0251219 0.0196327 0.0146997 0.0104546 0.00699923 0.00437158
 0.00790654 0.0129275 0.0196092 0.0279284 0.0376135 0.0479836 0.057925 0.0661732 0.0717745 0.0743858 0.0742254 0.0718065 0.0677013 0.0624318 0.05644 0.0500776 0.0436045 0.0372024 0.0310007 0.0251075 0.0196347 0.0147092 0.0104628 0.00700124 0.00436705
 0.00781873 0.0127946 0.0194283 0.0277064 0.0373675 0.0477405 0.0577179 0.0660327 0.0717169 0.0744056 0.0742976 0.0719015 0.0678004 0.062533 0.056551 0.050204 0.0437439 0.0373463 0.0311399 0.0252349 0.0197456 0.0148001 0.0105314 0.00704745 0.00439397
 0.00794058 0.0129693 0.019648 0.0279489 0.0376028 0.0479414 0.057868 0.0661289 0.0717652 0.0744138 0.0742698 0.0718357 0.0676919 0.0623809 0.0563643 0.0500018 0.043549 0.037177 0.0310058 0.0251369 0.019679 0.0147579 0.010506 0.00703242 0.00438468
 0.00796876 0.0130084 0.0196939 0.0279915 0.037627 0.0479292 0.0578036 0.0660047 0.071589 0.0742117 0.0740814 0.0717004 0.0676333 0.0623989 0.0564381 0.050103 0.0436542 0.037274 0.0310917 0.0252128 0.0197459 0.0148148 0.0105515 0.0070657 0.00440658
 0.00792608 0.0129437 0.0196048 0.0278789 0.0374937 0.0477787 0.0576393 0.0658306 0.0714104 0.0740378 0.0739265 0.0715846 0.0675787 0.062422 0.056542 0.050274 0.0438665 0.0374984 0.0313044 0.0253997 0.0199009 0.0149372 0.010643 0.00712987 0.00444816
 0.00786174 0.0128414 0.0194557 0.0276774 0.0372405 0.0474833 0.0573224 0.0655217 0.0711415 0.0738341 0.073801 0.0715389 0.0676083 0.0625215 0.0567066 0.0504967 0.0441338 0.0377897 0.0315952 0.0256674 0.0201297 0.0151196 0.0107789 0.00722415 0.00450874
 0.00786292 0.0128331 0.0194247 0.0276053 0.0371088 0.0472819 0.0570559 0.0652121 0.0708227 0.0735438 0.0735715 0.0713915 0.0675512 0.0625518 0.0568144 0.0506688 0.0443555 0.0380443 0.0318631 0.0259277 0.0203633 0.0153133 0.0109271 0.00732876 0.00457655
 0.00779135 0.0127311 0.019297 0.0274635 0.0369655 0.0471429 0.0569161 0.0650582 0.0706442 0.0733427 0.0733667 0.0712134 0.0674314 0.0625122 0.0568623 0.0507978 0.0445499 0.0382835 0.0321251 0.02619 0.0206058 0.0155202 0.0110897 0.00744585 0.00465363
 0.00781416 0.0127368 0.019249 0.0273129 0.0366688 0.0466871 0.0563366 0.0644344 0.0700713 0.0728973 0.073086 0.0710972 0.0674588 0.0626586 0.0571065 0.0511206 0.0449306 0.0386982 0.0325471 0.0265932 0.0209671 0.0158228 0.0113251 0.00761494 0.00476498
 0.00855705 0.0137971 0.0205697 0.0287423 0.0379968 0.0477079 0.0569055 0.0644946 0.069653 0.0721002 0.0720531 0.0699808 0.0663877 0.0617175 0.056335 0.0505259 0.0445018 0.0384154 0.0323857 0.026525 0.0209627 0.0158547 0.0113709 0.00765937 0.00480006
 0.00918186 0.014821 0.0221147 0.0308974 0.0407635 0.050935 0.0602516 0.067472 0.071764 0.0730067 0.0716837 0.0685226 0.0641844 0.0591444 0.0537079 0.048063 0.0423269 0.0365811 0.0308987 0.0253653 0.020095 0.015235 0.0109514 0.00739201 0.00464094
 0.00923886 0.0149998 0.0225439 0.0317511 0.0422189 0.0530995 0.0630885 0.0707612 0.0751204 0.0759541 0.0737661 0.069422 0.0638061 0.057633 0.051385 0.0453187 0.0395164 0.0339646 0.0286289 0.0235063 0.0186498 0.0141688 0.0102081 0.00690557 0.00434438
 0.00894609 0.0145498 0.0219224 0.0309825 0.0413851 0.0523552 0.0626571 0.0708905 0.075995 0.0775967 0.0759836 0.0718363 0.0659649 0.059152 0.0520596 0.0451612 0.0387144 0.0327898 0.027345 0.0223092 0.0176502 0.0134046 0.00966779 0.00655141 0.00412958
 0.00874336 0.0142117 0.0213998 0.0302304 0.0403806 0.0511253 0.0613054 0.0696059 0.0750269 0.0771969 0.0763286 0.0729555 0.0677044 0.0611994 0.0540323 0.0467263 0.0396858 0.0331603 0.0272475 0.0219383 0.0171872 0.0129741 0.00933026 0.00631844 0.0039853
 0.00872003 0.0141681 0.0213222 0.0300981 0.040166 0.0507966 0.060836 0.0689898 0.0742993 0.0764502 0.0757103 0.0726373 0.0678244 0.0617983 0.0550175 0.0478895 0.0407743 0.0339689 0.0276837 0.0220314 0.0170463 0.0127277 0.00907899 0.00611692 0.00384819
 0.00881156 0.0142952 0.0214728 0.0302464 0.0402772 0.0508362 0.0607765 0.0688134 0.0739981 0.0760303 0.0752026 0.0721087 0.0673776 0.061549 0.0550505 0.0482145 0.0413087 0.0345649 0.0281887 0.0223479 0.0171585 0.0126857 0.00895905 0.00598478 0.00374127
 0.00868314 0.0141258 0.0212895 0.0300951 0.0402059 0.0508696 0.0608986 0.0689696 0.0741176 0.076055 0.0751065 0.0719031 0.0671062 0.0612796 0.0548616 0.048173 0.0414424 0.0348444 0.0285352 0.0226669 0.0173809 0.0127907 0.00896959 0.00594353 0.00368675
 0.00864087 0.0140391 0.0211286 0.0298291 0.0398198 0.0503855 0.0603856 0.0685288 0.0738421 0.0759869 0.0752192 0.0721205 0.0673442 0.0614841 0.0550245 0.0483236 0.0416231 0.0350826 0.0288251 0.0229709 0.0176486 0.0129851 0.00908142 0.00598864 0.00369206
 0.00873533 0.0141858 0.0213345 0.0300907 0.0401178 0.0506814 0.060625 0.0686567 0.073826 0.0758359 0.0749816 0.0718582 0.0671019 0.0612746 0.0548382 0.0481514 0.0414711 0.0349701 0.028769 0.0229713 0.0176865 0.0130322 0.00911544 0.00600146 0.00368798
 0.00867246 0.0141018 0.0212419 0.0300124 0.0400807 0.0507054 0.0607131 0.06879 0.073969 0.0759478 0.0750317 0.0718385 0.0670292 0.0611796 0.0547496 0.0480841 0.0414279 0.0349495 0.0287712 0.0229965 0.0177299 0.0130827 0.00916012 0.00603188 0.00370304
 0.00867799 0.0140901 0.0211877 0.0298839 0.0398532 0.0503802 0.0603293 0.0684188 0.073688 0.0758095 0.0750444 0.0719695 0.0672259 0.0613939 0.0549526 0.0482668 0.0415924 0.0351005 0.0289114 0.023126 0.0178468 0.0131833 0.00924014 0.00608906 0.00373877
 0.00868251 0.0141044 0.0212202 0.0299423 0.0399368 0.0504721 0.0603946 0.0684163 0.0735914 0.0756266 0.0748187 0.0717608 0.0670818 0.0613316 0.0549596 0.0483167 0.0416606 0.0351726 0.0289821 0.0231942 0.0179114 0.013242 0.00928968 0.00612679 0.00376418
 0.00874945 0.0141951 0.0213241 0.0300399 0.0400074 0.0505033 0.0603885 0.0683844 0.0735437 0.0755627 0.0747299 0.0716421 0.0669432 0.0611979 0.0548582 0.0482635 0.0416548 0.0352013 0.0290297 0.0232486 0.0179652 0.0132909 0.00933094 0.00615869 0.00378641
 0.00865049 0.0140597 0.0211665 0.0298868 0.0398877 0.0504334 0.0603632 0.0683813 0.0735381 0.0755423 0.0746995 0.0716155 0.0669326 0.0612086 0.0548915 0.0483199 0.0417347 0.0353016 0.0291424 0.0233627 0.0180705 0.0133802 0.00940098 0.00620954 0.00382034
 0.00879705 0.0142462 0.0213533 0.0300101 0.0398827 0.0502682 0.0600615 0.068016 0.0731978 0.0752916 0.0745585 0.0715672 0.0669451 0.0612552 0.0549573 0.0483995 0.0418264 0.0354039 0.0292518 0.0234732 0.0181745 0.0134707 0.00947345 0.00626275 0.00385603
 0.00898464 0.0146117 0.0220079 0.0310753 0.041437 0.0522761 0.0623267 0.0702064 0.0749466 0.0763255 0.0747773 0.0710412 0.0658509 0.0598016 0.0533357 0.0467632 0.0402875 0.0340362 0.0280958 0.0225419 0.0174597 0.0129497 0.00911457 0.00603069 0.00371622
 0.00845261 0.0137746 0.0208093 0.0295061 0.0395652 0.0502748 0.0604763 0.068841 0.074344 0.0765919 0.0758022 0.0725529 0.0675348 0.0614058 0.0547177 0.0478786 0.0411532 0.0346955 0.0285954 0.0229212 0.0177475 0.0131651 0.0092707 0.0061382 0.00378537
 0.00831672 0.0135015 0.0203036 0.0286514 0.0382596 0.0484866 0.0582972 0.0665037 0.0721868 0.0749754 0.075008 0.0726995 0.068544 0.0630371 0.0566559 0.0498329 0.0429225 0.0361825 0.0297831 0.0238366 0.018433 0.0136633 0.00961913 0.00636989 0.00392994
 0.00867101 0.0140756 0.0211559 0.0298132 0.0397027 0.0500864 0.0598169 0.0676334 0.0726413 0.0746134 0.0739031 0.0711191 0.0668461 0.0615402 0.0555438 0.0491318 0.0425438 0.0359967 0.029681 0.0237562 0.0183543 0.0135891 0.00955763 0.00632547 0.00390181
 0.00846098 0.0137443 0.0206806 0.0291901 0.0389597 0.0492928 0.0590804 0.0670707 0.0723276 0.0745403 0.0739806 0.0712308 0.0669236 0.0616031 0.0556788 0.049429 0.0430364 0.0366417 0.0303853 0.0244216 0.018913 0.0140144 0.00985551 0.00651927 0.00401928
 0.00849775 0.0138197 0.0208208 0.0294238 0.0393049 0.04974 0.0595836 0.067556 0.0727192 0.074785 0.0740542 0.0711269 0.0666419 0.0611564 0.0551115 0.0488247 0.0424975 0.0362496 0.0301689 0.0243555 0.0189411 0.0140802 0.0099214 0.00656882 0.00405065
 0.00870438 0.0141062 0.0211622 0.0297704 0.0396013 0.0499527 0.0597175 0.0676481 0.0728101 0.0748905 0.0741555 0.0711816 0.0666065 0.0610034 0.0548379 0.0484548 0.0420814 0.0358518 0.0298478 0.0241425 0.0188329 0.0140484 0.00993042 0.00659087 0.00407075
 0.00920062 0.0149415 0.0224636 0.0316513 0.042109 0.0530004 0.0630401 0.0708288 0.0753917 0.0765182 0.0746729 0.0706373 0.0651902 0.0589648 0.0524274 0.0458933 0.0395518 0.0334995 0.0277811 0.0224293 0.017497 0.0130713 0.0092613 0.00616253 0.00381504
 0.00884215 0.0144309 0.0218346 0.0309959 0.0415706 0.0527502 0.0632397 0.071582 0.0766929 0.0782209 0.076508 0.0722884 0.0663935 0.0595808 0.0524547 0.0454339 0.0387586 0.0325332 0.0267834 0.0215096 0.0167258 0.0124791 0.00884399 0.00589249 0.00365452
 0.00812763 0.0132633 0.0200762 0.0285419 0.0384046 0.0490157 0.0592915 0.0679623 0.0740066 0.0769535 0.0768715 0.0741638 0.069385 0.0631472 0.0560629 0.0486796 0.0414205 0.0345599 0.0282391 0.0225119 0.0173982 0.0129246 0.00913698 0.00608224 0.00377325
 0.00817955 0.0132577 0.019899 0.0280257 0.0373646 0.0473143 0.0569086 0.0650403 0.0708549 0.0740069 0.0746059 0.0729808 0.0694945 0.0644981 0.0583584 0.0514759 0.0442644 0.0371048 0.030299 0.0240496 0.0184744 0.013641 0.00959531 0.00636521 0.00394106
 0.00885065 0.0143396 0.0214987 0.0302039 0.0400845 0.0503806 0.0599334 0.0674903 0.0721952 0.0738914 0.0730168 0.0702465 0.0661816 0.0612294 0.0556303 0.0495413 0.0431163 0.0365526 0.0300895 0.0239709 0.0184052 0.0135443 0.00948304 0.00626165 0.00386222
 0.00896545 0.0145415 0.0218332 0.0307298 0.0408668 0.0514726 0.0613447 0.0691477 0.0739148 0.0753841 0.0739503 0.0703552 0.0653813 0.059672 0.0536611 0.0475724 0.0414809 0.0354111 0.0294234 0.0236493 0.0182733 0.0134862 0.00944034 0.00621901 0.00382338
 0.00881945 0.014362 0.0216705 0.0306684 0.0410058 0.0518935 0.0620838 0.070186 0.0751821 0.0767654 0.0752856 0.071444 0.0660138 0.0596938 0.0530445 0.0464492 0.0401042 0.0340608 0.0283069 0.0228506 0.0177669 0.0131907 0.00927179 0.00611913 0.00376113
 0.00841302 0.0136734 0.0205911 0.0291024 0.0389194 0.0493789 0.0594011 0.0677373 0.0734063 0.0759971 0.0756496 0.0728301 0.0681252 0.0621363 0.0554287 0.0484823 0.041649 0.0351373 0.0290369 0.023376 0.018187 0.013545 0.00956041 0.0063335 0.00390286
 0.00855567 0.0138911 0.0208866 0.0294542 0.0392699 0.049628 0.0594183 0.0674044 0.0726827 0.0749732 0.0745445 0.0719198 0.0676327 0.062145 0.0558602 0.0491451 0.0423266 0.0356711 0.0293682 0.0235348 0.0182452 0.0135681 0.00958275 0.00636146 0.0039302
#obs surv len freq
 nan nan nan nan nan nan nan nan nan nan nan nan nan nan nan nan nan nan nan nan nan nan nan nan nan
 0.00449379 0.00735899 0.0111921 0.0160097 0.0217093 0.0279816 0.0342913 0.0400181 0.0446939 0.0481549 0.0505109 0.0520054 0.0528967 0.0534083 0.0537221 0.0539766 0.0542548 0.0545474 0.054686 0.0542779 0.0527161 0.0493488 0.0437994 0.0362806 0.0276655
 0.00461793 0.00756664 0.0115149 0.0164793 0.0223487 0.0287927 0.035243 0.0410443 0.0457042 0.0490546 0.0512197 0.0524689 0.05309 0.0533344 0.0534058 0.0534571 0.0535767 0.0537539 0.0538167 0.0533702 0.0518095 0.0484872 0.0430286 0.0356395 0.0271756
 0.00478071 0.00783116 0.0119132 0.017042 0.0231007 0.0297445 0.0363803 0.0423205 0.0470416 0.0503533 0.0523717 0.0533737 0.0536689 0.0535413 0.0532317 0.0529263 0.052738 0.0526699 0.0525558 0.0520041 0.0504145 0.0471446 0.0418192 0.0346298 0.0264025
 0.00496972 0.00814095 0.012384 0.0177126 0.0240007 0.0308823 0.0377315 0.0438244 0.0486102 0.0518872 0.0537725 0.0545489 0.0545337 0.0540233 0.0532797 0.0525196 0.0518917 0.0514333 0.0510067 0.0502426 0.0485584 0.0453229 0.0401588 0.0332343 0.02533
 0.00518008 0.00848512 0.0129061 0.0184557 0.0249984 0.0321467 0.0392393 0.0455118 0.0503807 0.0536292 0.0553766 0.0559177 0.0555844 0.054686 0.0534964 0.0522483 0.0511138 0.050164 0.0493036 0.0482085 0.046338 0.0430897 0.0380903 0.0314779 0.0239716
 0.00541255 0.00886411 0.0134786 0.0192663 0.0260815 0.0335134 0.0408639 0.0473264 0.0522844 0.055506 0.0571132 0.0574136 0.0567546 0.0554599 0.0538162 0.0520671 0.0503992 0.0489078 0.0475373 0.0460192 0.0438746 0.0405525 0.0356983 0.0294214 0.0223678
 0.00565358 0.0092597 0.0140809 0.020126 0.0272381 0.0349794 0.0426088 0.0492722 0.0543168 0.0574976 0.0589439 0.0589816 0.057978 0.0562739 0.0541683 0.0519134 0.0497046 0.0476536 0.0457376 0.0437431 0.041263 0.0378143 0.0330774 0.027141 0.0205732
 0.00588374 0.00963868 0.0146604 0.0209577 0.0283643 0.0364174 0.0443351 0.0512152 0.0563665 0.0595257 0.0608241 0.0606034 0.0592523 0.0571328 0.0545611 0.0518008 0.049055 0.0464465 0.0439786 0.0414878 0.0386393 0.0350261 0.0303756 0.0247649 0.0186867
 0.00614925 0.0100694 0.0153071 0.0218673 0.0295713 0.0379308 0.0461238 0.0532025 0.05844 0.0615571 0.0626896 0.0621956 0.0604848 0.0579406 0.0548975 0.0516327 0.0483581 0.0452062 0.0422011 0.0392228 0.0360046 0.0322162 0.0276378 0.0223423 0.0167517
 0.00636184 0.0104266 0.0158658 0.022687 0.0307012 0.0393892 0.0478789 0.0551679 0.0604897 0.0635536 0.0645077 0.0637338 0.0616665 0.0587094 0.055213 0.0514655 0.0476869 0.0440189 0.0405049 0.0370638 0.0334909 0.0295282 0.0250083 0.0200046 0.0148756
 0.00661894 0.0108389 0.0164766 0.0235344 0.0318135 0.0407759 0.0495189 0.057001 0.062419 0.0654581 0.0662606 0.0652195 0.0627934 0.0594156 0.0554633 0.0512431 0.0469842 0.0428355 0.0388543 0.034992 0.0310982 0.02698 0.0225189 0.0177904 0.0130956
 0.00684118 0.0112092 0.0170495 0.0243643 0.0329407 0.0422069 0.0512091 0.0588534 0.064305 0.0672481 0.0678459 0.0665193 0.0637485 0.0599824 0.055611 0.0509538 0.0462518 0.0416643 0.0372642 0.033031 0.0288604 0.0246153 0.0202193 0.0157496 0.011456
 0.0070499 0.0115506 0.0175676 0.0251025 0.033934 0.0434696 0.0527197 0.0605465 0.0660757 0.068969 0.06939 0.0677791 0.0646487 0.0604817 0.0556951 0.0506241 0.0455169 0.0405377 0.0357705 0.0312186 0.0268167 0.0224745 0.0181503 0.0139207 0.00999016
 0.00728882 0.0119419 0.0181614 0.0259452 0.0350577 0.0448751 0.0543612 0.0623292 0.0678715 0.0706439 0.0708267 0.0688881 0.0653707 0.0607858 0.0555763 0.0500978 0.0446109 0.0392865 0.0342146 0.0294137 0.024847 0.0204596 0.0162359 0.012249 0.0086616
 0.00746363 0.0122306 0.0186042 0.0265829 0.0359234 0.0459816 0.0556871 0.0638124 0.0694161 0.0721364 0.0721551 0.0699569 0.0661092 0.0611515 0.0555536 0.0496934 0.0438483 0.0382007 0.0328515 0.027834 0.0231331 0.0187196 0.0145948 0.0108247 0.00753523
 0.00757003 0.0124051 0.0188704 0.0269648 0.0364431 0.0466535 0.0565111 0.0647687 0.070465 0.0732213 0.0732076 0.0709021 0.0668732 0.0616697 0.0557782 0.0495983 0.0434297 0.0374756 0.0318562 0.0266241 0.0217863 0.0173342 0.0132801 0.00968118 0.00663047
 0.00762284 0.0124889 0.0189931 0.0271341 0.0366666 0.0469394 0.0568675 0.0652019 0.0709772 0.0738074 0.0738517 0.0715737 0.067526 0.0622448 0.0562112 0.04983 0.0434162 0.0371963 0.0313177 0.0258621 0.0208642 0.0163381 0.012307 0.00882001 0.00594205
 0.00766774 0.0125564 0.0190845 0.0272474 0.0367978 0.0470849 0.0570261 0.0653765 0.0711749 0.0740395 0.07413 0.0719054 0.067906 0.0626504 0.056601 0.0501485 0.0436045 0.0372052 0.0311198 0.025461 0.0202969 0.0156705 0.0116207 0.00819328 0.00543115
 0.00773459 0.0126526 0.0192062 0.0273828 0.0369305 0.0471993 0.0571122 0.0654326 0.071208 0.0740643 0.0741668 0.0719762 0.0680284 0.0628307 0.0568283 0.0503926 0.0438191 0.0373371 0.0311232 0.0253114 0.0200011 0.0152669 0.0111696 0.00775964 0.00506584
 0.0077899 0.0127407 0.0193344 0.0275545 0.0371421 0.0474365 0.057349 0.065635 0.0713448 0.0741189 0.0741445 0.0719024 0.0679393 0.0627608 0.0568007 0.0504119 0.0438692 0.0373845 0.0311268 0.0252361 0.0198314 0.0150145 0.0108697 0.00745843 0.00480402
 0.00782845 0.012799 0.0194141 0.0276548 0.0372604 0.0475694 0.0574918 0.0657804 0.0714805 0.0742284 0.0742115 0.0719171 0.0679043 0.0626928 0.0567243 0.0503502 0.0438337 0.0373698 0.0311119 0.0251935 0.0197397 0.0148688 0.0106851 0.00726292 0.00462704
 0.00784555 0.0128235 0.0194451 0.0276892 0.037294 0.0475986 0.0575151 0.0657991 0.0714986 0.0742507 0.0742405 0.0719513 0.0679379 0.0627187 0.0567394 0.0503573 0.0438397 0.0373789 0.0311204 0.0251895 0.0197087 0.0148027 0.0105879 0.00714994 0.00451793
 0.00789381 0.0128918 0.019529 0.027778 0.0373735 0.0476558 0.0575421 0.0657949 0.0714684 0.074204 0.0741892 0.0719061 0.0679064 0.062703 0.0567364 0.0503618 0.043847 0.0373862 0.031125 0.0251865 0.0196914 0.0147658 0.0105318 0.00708209 0.00444983
 0.00788996 0.0128919 0.0195403 0.0278096 0.0374321 0.0477397 0.0576383 0.0658813 0.0715223 0.0742125 0.0741538 0.0718416 0.0678331 0.0626385 0.0566912 0.050338 0.0438406 0.0373906 0.0311329 0.0251912 0.0196871 0.0147489 0.010502 0.00704343 0.00440915
 0.00789074 0.0128872 0.0195228 0.0277707 0.0373663 0.0476499 0.0575389 0.0657944 0.0714679 0.0741989 0.0741746 0.0718812 0.0678766 0.062679 0.0567299 0.0503799 0.043889 0.0374445 0.0311875 0.02524 0.019724 0.01477 0.0105069 0.00703546 0.00439381
 0.00791627 0.0129232 0.0195662 0.0278143 0.0373992 0.0476601 0.0575166 0.0657357 0.0713786 0.0740945 0.0740764 0.0718084 0.0678384 0.0626736 0.0567483 0.0504123 0.0439289 0.0374884 0.0312329 0.0252831 0.0197604 0.0147958 0.0105206 0.00703835 0.00438938
 0.00789679 0.0128951 0.0195304 0.0277735 0.0373562 0.0476163 0.0574702 0.0656826 0.071315 0.0740205 0.0739983 0.0717386 0.067792 0.0626623 0.0567759 0.0504738 0.0440134 0.0375833 0.0313275 0.0253697 0.0198336 0.0148525 0.0105599 0.00706174 0.00440059
 0.0079022 0.0128972 0.0195217 0.0277436 0.0372962 0.0475235 0.0573518 0.0655548 0.0711966 0.0739254 0.0739321 0.0717 0.0677777 0.062671 0.0568092 0.0505328 0.0440959 0.0376825 0.0314335 0.0254721 0.0199238 0.0149252 0.0106132 0.00709689 0.00442103
 0.00786864 0.012846 0.0194505 0.0276518 0.0371839 0.0473908 0.0571998 0.0653877 0.0710248 0.0737661 0.0738063 0.0716258 0.0677645 0.0627175 0.0569052 0.0506652 0.0442516 0.0378499 0.0316015 0.0256301 0.0200627 0.0150384 0.0106983 0.00715546 0.00445756
 0.00787047 0.0128408 0.019428 0.0275981 0.0370863 0.0472442 0.0570113 0.0651764 0.0708151 0.0735803 0.0736602 0.071529 0.0677228 0.0627333 0.056977 0.0507855 0.0444081 0.0380275 0.031785 0.0258058 0.0202195 0.0151685 0.0107982 0.00722582 0.00450276
 0.0078619 0.0128309 0.01942 0.0275958 0.0370906 0.0472497 0.0570051 0.0651412 0.070738 0.0734606 0.0735116 0.0713751 0.0675886 0.0626384 0.0569323 0.0507935 0.0444642 0.0381219 0.031904 0.0259345 0.0203439 0.0152778 0.0108857 0.0072897 0.00454507
 0.007789 0.0127157 0.0192535 0.0273737 0.0368167 0.0469387 0.0566836 0.0648443 0.0704992 0.0733013 0.0734362 0.0713754 0.0676518 0.0627539 0.057093 0.0509933 0.0446952 0.0383727 0.0321604 0.0261811 0.0205662 0.0154647 0.0110316 0.00739458 0.00461413
 0.00775413 0.0126521 0.0191454 0.0272031 0.0365686 0.0466098 0.0562893 0.0644204 0.0700952 0.0729679 0.0732127 0.071281 0.0676845 0.0628952 0.0573164 0.0512722 0.0450066 0.0386979 0.0324829 0.0264851 0.0208374 0.015692 0.0112089 0.00752252 0.00469878
 0.00775479 0.0126483 0.0191301 0.0271653 0.0364944 0.0464845 0.0561022 0.0641689 0.0697898 0.0726344 0.0728901 0.0710133 0.0675099 0.0628354 0.0573726 0.051428 0.0452355 0.0389705 0.0327725 0.0267688 0.0210968 0.0159134 0.0113846 0.00765105 0.00478494
 0.00934115 0.0148726 0.0218223 0.0299476 0.0388904 0.0480938 0.0567381 0.0638852 0.0688021 0.0712066 0.0712527 0.0693354 0.0659065 0.0613829 0.0561186 0.0503949 0.0444227 0.0383598 0.0323344 0.0264702 0.0209051 0.0157993 0.0113228 0.00762163 0.0047733
 0.00930796 0.0151148 0.0227091 0.0319392 0.0423387 0.052973 0.062473 0.0694437 0.0730605 0.0733903 0.07119 0.0674035 0.062765 0.0576922 0.0523766 0.0469066 0.041343 0.0357479 0.030195 0.0247772 0.0196149 0.0148579 0.0106703 0.00719576 0.00451397
 0.00899467 0.0146175 0.0220049 0.0310721 0.0414749 0.0524401 0.0627224 0.0708895 0.0758318 0.0771449 0.0751543 0.0706654 0.0646533 0.0580095 0.0513738 0.0450732 0.0391765 0.0336175 0.0283131 0.0232327 0.0184193 0.0139813 0.0100629 0.0068004 0.00427404
 0.00882802 0.0143395 0.0215738 0.030447 0.0406308 0.0513976 0.0615872 0.0698819 0.0752728 0.0773698 0.0763614 0.0727691 0.0672457 0.0604912 0.0531969 0.0459529 0.0391513 0.0329527 0.0273405 0.0222248 0.017541 0.0132992 0.00957887 0.00648347 0.00408229
 0.00872369 0.0141686 0.0213137 0.0300742 0.0401244 0.0507452 0.0607963 0.0689937 0.0743777 0.0766176 0.0759506 0.0728987 0.0680271 0.06186 0.0548906 0.0475927 0.0403941 0.0336236 0.0274681 0.0219774 0.0171228 0.0128704 0.00922738 0.00623518 0.00392644
 0.00871004 0.0141359 0.0212449 0.0299462 0.0399125 0.0504309 0.0603738 0.0684738 0.0737876 0.0760024 0.07538 0.072472 0.0678645 0.0620661 0.0554977 0.0485159 0.0414397 0.0345592 0.0281185 0.0222868 0.0171495 0.0127313 0.0090353 0.0060628 0.00380261
 0.00869689 0.0141184 0.0212248 0.0299252 0.0398888 0.0503945 0.0603053 0.0683474 0.073581 0.0757075 0.0750113 0.0720708 0.0674977 0.0618183 0.0554502 0.048715 0.0418646 0.0351155 0.0286696 0.0227116 0.0173896 0.0128011 0.0089949 0.00597876 0.00372115
 0.00868049 0.0140918 0.0211853 0.0298711 0.0398207 0.0503162 0.0602231 0.0682672 0.0735028 0.0756223 0.0749039 0.0719284 0.0673224 0.0616355 0.0553076 0.0486683 0.0419535 0.03534 0.0289825 0.0230356 0.0176514 0.0129621 0.00905889 0.00597751 0.0036914
 0.00867223 0.0140784 0.0211649 0.0298422 0.0397817 0.0502667 0.0601641 0.0682021 0.0734364 0.0755593 0.0748456 0.071871 0.0672589 0.0615611 0.0552285 0.0486051 0.0419363 0.0353935 0.0291098 0.0232117 0.0178335 0.0131098 0.00915158 0.00601813 0.00369743
 0.00865149 0.0140469 0.0211218 0.0297881 0.0397186 0.0501976 0.0600926 0.0681324 0.0733728 0.075506 0.0748055 0.0718451 0.0672452 0.0615552 0.0552261 0.0486063 0.0419484 0.0354292 0.0291794 0.0233144 0.0179539 0.0132246 0.0092408 0.00607375 0.00372368
 0.00863746 0.0140222 0.0210813 0.0297265 0.0396324 0.0500878 0.0599668 0.0680039 0.0732579 0.0754182 0.0747526 0.0718281 0.0672598 0.0615943 0.0552813 0.0486704 0.0420174 0.0355036 0.0292624 0.0234077 0.0180537 0.0133209 0.00932205 0.00613228 0.00375899
 0.00867284 0.0140759 0.0211548 0.0298174 0.0397344 0.05019 0.0600548 0.0680623 0.0732741 0.0753876 0.0746802 0.0717269 0.067146 0.0614823 0.0551811 0.0485873 0.0419536 0.0354599 0.0292397 0.0234057 0.01807 0.0133493 0.00935424 0.00616057 0.00377904
 0.00865258 0.0140494 0.0211266 0.0297957 0.0397282 0.0502054 0.0600916 0.0681132 0.0733272 0.0754296 0.0747012 0.0717227 0.0671187 0.0614395 0.0551325 0.048542 0.0419182 0.0354377 0.0292317 0.0234114 0.0180871 0.013374 0.00938132 0.00618506 0.00379767
 0.00862037 0.0139998 0.0210576 0.0297083 0.0396277 0.050102 0.0599999 0.0680497 0.0733046 0.0754519 0.0747608 0.0718034 0.0672022 0.0615113 0.0551863 0.0485786 0.041943 0.0354574 0.0292516 0.0234344 0.0181136 0.0134024 0.0094088 0.00620875 0.00381568
 0.00862628 0.0140061 0.0210608 0.0297035 0.0396094 0.0500671 0.0599498 0.0679908 0.0732476 0.0754087 0.0747408 0.07181 0.0672317 0.0615541 0.0552306 0.0486151 0.0419677 0.0354715 0.0292596 0.0234412 0.0181224 0.0134141 0.0094223 0.00622193 0.0038267
 0.00862628 0.0140061 0.0210608 0.0297035 0.0396094 0.0500671 0.0599498 0.0679908 0.0732476 0.0754087 0.0747408 0.07181 0.0672317 0.0615541 0.0552306 0.0486151 0.0419677 0.0354715 0.0292596 0.0234412 0.0181224 0.0134141 0.0094223 0.00622193 0.0038267
 0.00896532 0.0145428 0.0218387 0.0307452 0.0409036 0.0515515 0.0615009 0.0694334 0.0743919 0.0761025 0.0749104 0.071471 0.0664708 0.0604974 0.0540114 0.0473516 0.0407511 0.0343646 0.0283003 0.022648 0.017498 0.0129486 0.00909586 0.00600819 0.003697
 0.00841606 0.0137118 0.0207072 0.029347 0.0393274 0.0499365 0.0600266 0.068295 0.0737568 0.0760585 0.0754358 0.0724444 0.0677157 0.0618352 0.0553004 0.0485031 0.0417253 0.0351569 0.0289255 0.0231287 0.0178578 0.0132096 0.00927777 0.0061288 0.00377219
 0.00829794 0.0134551 0.0202056 0.0284727 0.037977 0.0480974 0.0578283 0.0660083 0.0717264 0.0746016 0.0747554 0.0725909 0.0685964 0.0632578 0.0570296 0.0503142 0.0434432 0.0366712 0.0301863 0.0241297 0.0186193 0.0137642 0.00966267 0.00638132 0.00392737
 0.0086729 0.0140487 0.0210607 0.0295966 0.0393139 0.0495023 0.0590642 0.0667928 0.0718298 0.0739524 0.0734851 0.0709877 0.0669937 0.0619207 0.0560922 0.0497792 0.0432247 0.0366512 0.0302588 0.0242233 0.0186984 0.0138187 0.00969558 0.00639957 0.00393699
 0.00834561 0.0135758 0.0204611 0.0289312 0.0386747 0.0489882 0.0587521 0.0667102 0.071937 0.0741449 0.0736309 0.0709893 0.0668423 0.0617054 0.055953 0.0498353 0.0435206 0.0371479 0.0308638 0.0248346 0.019238 0.0142464 0.0100046 0.00660473 0.00406258
 0.00861561 0.013964 0.0209526 0.029483 0.0392329 0.049512 0.0592293 0.0671523 0.0723548 0.0745203 0.0739024 0.0710645 0.0666369 0.06119 0.0551829 0.0489406 0.042659 0.0364464 0.0303804 0.0245576 0.0191129 0.0142099 0.0100073 0.00661807 0.00407435
 0.00860838 0.0139903 0.0210593 0.0297293 0.0396651 0.050131 0.0599702 0.0678982 0.0729828 0.0749517 0.0741227 0.0711026 0.0665235 0.0609326 0.0547742 0.0483892 0.0420138 0.035791 0.0298032 0.0241171 0.0188223 0.0140449 0.00992747 0.00658568 0.00406374
 0.0091287 0.0148084 0.0222373 0.0313025 0.0416305 0.0524307 0.0624725 0.070391 0.0751963 0.0766122 0.0750186 0.0711369 0.0657335 0.0594663 0.052839 0.0461976 0.0397521 0.0336126 0.0278313 0.0224418 0.0174917 0.0130603 0.00924977 0.00615215 0.00380627
 0.00877476 0.0143031 0.0216092 0.0306289 0.0410245 0.052016 0.0623581 0.0706517 0.0758574 0.0776336 0.0762865 0.0724751 0.0669404 0.0603669 0.0533301 0.0462665 0.0394637 0.0330776 0.0271734 0.0217725 0.016895 0.0125843 0.0089073 0.00592907 0.00367433
 0.00819235 0.0133311 0.0201094 0.0284828 0.0381911 0.0486068 0.0586887 0.0672168 0.0732088 0.0762134 0.076298 0.0738468 0.069376 0.0634437 0.0566038 0.0493607 0.0421256 0.0351938 0.0287472 0.0228814 0.0176453 0.0130784 0.00922687 0.00613191 0.00379912
 0.00822939 0.0133271 0.0199808 0.0281026 0.0374096 0.0472946 0.056791 0.0648015 0.0704924 0.073548 0.0741084 0.0725225 0.0691547 0.0643369 0.058401 0.0517052 0.0446257 0.0375222 0.0306986 0.0243798 0.0187143 0.0137957 0.0096844 0.00641116 0.00396227
 0.00884229 0.0143123 0.0214329 0.0300755 0.0398728 0.0500812 0.0595668 0.0670993 0.0718311 0.0735961 0.0728126 0.0701375 0.0661635 0.0612983 0.0557856 0.0497804 0.0434269 0.0369075 0.0304497 0.0242965 0.0186674 0.0137325 0.00960349 0.00633049 0.00389737
 0.00872171 0.0141889 0.0213835 0.0302213 0.0403531 0.0510048 0.0609583 0.0688619 0.0737388 0.0753241 0.0740087 0.0705251 0.065642 0.0599924 0.0540092 0.047925 0.0418262 0.0357438 0.0297365 0.023931 0.0185094 0.0136671 0.00956522 0.00629619 0.00386589
 0.00883388 0.0143437 0.0215696 0.0304217 0.0405648 0.0512619 0.0613408 0.0694728 0.0746512 0.0765197 0.0753437 0.0717481 0.066467 0.0601994 0.0535302 0.0468737 0.0404534 0.0343394 0.0285282 0.0230276 0.0179074 0.0132979 0.00934769 0.00616761 0.00378849
 0.00827144 0.0134729 0.0203424 0.0288291 0.0386457 0.0491136 0.0591326 0.0674474 0.073097 0.0757094 0.0754563 0.0728017 0.0682915 0.0624695 0.0558575 0.048925 0.0420432 0.0354525 0.0292705 0.0235415 0.0183021 0.0136243 0.00961358 0.0063671 0.00392218
