SBPRF35
7.78865
Curr Bio
510557
B35
698800
F35
0.211419
FOFL
0.14535
OFL
56894.5
Bzero
2.22533e+006
#pred survey bio
 4.71883e+006 4.48661e+006 4.25502e+006 3.95553e+006 3.63154e+006 3.31174e+006 2.99206e+006 2.64332e+006 2.34457e+006 2.06487e+006 1.81272e+006 1.59155e+006 1.40329e+006 1.25283e+006 1.1081e+006 980354 880196 816745 778978 739999 733185 703744 690428 671330 649883 638931 622001 621052 612918 606513 598576 592612 586610 587864 571791 553641 549021 543200 549823 569690 581774 586002 592438 594696 595775 599928 594127 597308 598757 595396 599743 613491 606965 588013 539479 516145 1.73703e+007 1.02949e+007 1.05006e+007 1.12635e+007 1.23262e+007 1.34358e+007 1.44396e+007 1.52734e+007 1.59287e+007 1.64251e+007 1.67921e+007 1.70591e+007 1.72517e+007 1.739e+007 1.74893e+007 1.75607e+007 1.76122e+007 1.76496e+007 1.76769e+007 1.7697e+007 1.77119e+007 1.7723e+007 1.77312e+007 1.77375e+007 1.77422e+007 1.77458e+007 1.77485e+007 1.77506e+007 1.77521e+007 1.77533e+007 1.77543e+007 1.7755e+007 1.77555e+007 1.7756e+007 1.77563e+007 1.77566e+007 1.77567e+007 1.77569e+007 1.7757e+007 1.77571e+007 1.77572e+007 1.77572e+007 1.77573e+007 1.77573e+007 1.77573e+007 1.77573e+007 1.77574e+007 1.77574e+007 1.77574e+007 1.77574e+007 1.77574e+007 1.77574e+007 1.77574e+007 1.77574e+007 1.77574e+007 1.77574e+007 1.77574e+007 1.77574e+007 1.77574e+007 1.77574e+007 1.77574e+007 1.77574e+007 1.77574e+007 1.77574e+007 1.77574e+007 1.77574e+007 1.77574e+007 1.77574e+007 1.77574e+007 1.77574e+007 1.77574e+007 1.77574e+007 1.77574e+007 1.77574e+007 1.77574e+007 1.77574e+007 1.77574e+007 1.77574e+007 1.77574e+007 1.77574e+007 1.77574e+007 1.77574e+007 1.77574e+007 1.77574e+007 1.77574e+007 1.77574e+007 1.77574e+007 1.77574e+007 1.77574e+007 1.77574e+007 1.77574e+007 1.77574e+007 1.77574e+007 1.77574e+007 1.77574e+007 1.77574e+007 1.77574e+007 1.77574e+007 1.77574e+007 1.77574e+007 0 0 0 0 0 0 0 0 0 0 0 0 0 0 0 0 0 0 0 0 0 0 0 0 0
#obs survey bio
 4.15189e+006 3.23908e+006 2.4109e+006 2.37424e+006 3.17072e+006 3.44435e+006 2.75818e+006 2.49088e+006 1.33043e+006 1.6162e+006 1.85798e+006 959627 1.36547e+006 983480 1.05204e+006 631689 974474 735840 736357 732568 527848 734411 723516 534318 794301 665112 711131 325173 623942 498904 597560 509139 460426 658660 558005 493860 664198 608620 569942 459006 576383 736782 476724 405140 697853 452450 743653 544693 676686 512824 672396 633393 706236 524358 573324 669968
#pred catch bio
 96101 93393.6 164202 206104 227640 255835 312132 295727 303619 299573 288142 270958 245572 244589 230770 205713 171899 147721 145998 116466 133096 116597 119191 118454 107144 110181 95541.7 101164 99058.4 99501.3 96909.4 96063.9 88854.8 100749 98638.4 86434 90888.6 85080.7 77550.7 85379.4 91405.8 88969.2 92748.4 94404.5 92404.1 100618 92628.4 93850.5 97373.4 90496.3 82397 98104.5 106095 127743 102317 94063.6 56894.5 79058.3 79198 83609.3 91077.8 99167.5 106447 112372 116894 120193 122522 124126 125210 125931 126406 126716 126916 127045 127128 127180 127214 127235 127249 127257 127262 127266 127268 127269 127270 127271 127271 127271 127271 127271 127271 127271 127271 127271 127271 127271 127271 127271 127271 127271 127271 127271 127271 127271 127271 127271 127271 127271 127271 127271 127271 127271 127271 127271 127271 127271 127271 127271 127271 127271 127271 127271 127271 127271 127271 127271 127271 127271 127271 127271 127271 127271 127271 127271 127271 127271 127271 127271 127271 127271 127271 127271 127271 127271 127271 127271 127271 127271 127271 127271 127271 127271 127271 127271 127271 127271 0 0 0 0 0 0 0 0 0 0 0 0 0 0 0 0 0 0 0 0 0 0 0 0 0
#obs catch bio
 0 93089 165442 208076 230300 258925 318294 301471 311552 307578 295916 279716 252939 252234 238022 212186 175970 150443 149120 117837 135603 117600 120626 120125 108068 111333 96388.7 102571 100202 101066 98180.2 97710.2 90328.4 102826 100405 87516.5 92193.3 86027 78258.9 86134.6 91669.8 88951.3 93030.5 95096.6 92955.5 101621 93050.7 94539 97908.8 91243.4 82744.6 98599.9 106023 128386 102459 94036.3
#pred cpue bio
 4.64014e+006 4.41345e+006 4.18628e+006 3.88881e+006 3.56633e+006 3.24831e+006 2.9305e+006 2.58408e+006 2.28726e+006 2.00975e+006 1.75994e+006 1.54101e+006 1.35488e+006 1.20649e+006 1.06424e+006 938921 841038 779453 743050 705526 699265 671075 658422 640108 619561 609236 592984 592095 584168 577959 570376 564705 558983 560523 545645 528641 523590 516316 521574 540858 553198 557784 564145 566103 566866 570850 565341 568552 570094 566911 571216 584902 579056 560855 513640 491405 1.65753e+007 9.8406e+006 9.91578e+006 1.05271e+007 1.15344e+007 1.26304e+007 1.36314e+007 1.44646e+007 1.51198e+007 1.56162e+007 1.59831e+007 1.62502e+007 1.64428e+007 1.65811e+007 1.66804e+007 1.67517e+007 1.68033e+007 1.68407e+007 1.6868e+007 1.68881e+007 1.6903e+007 1.6914e+007 1.69223e+007 1.69286e+007 1.69333e+007 1.69369e+007 1.69396e+007 1.69416e+007 1.69432e+007 1.69444e+007 1.69454e+007 1.69461e+007 1.69466e+007 1.69471e+007 1.69474e+007 1.69476e+007 1.69478e+007 1.6948e+007 1.69481e+007 1.69482e+007 1.69483e+007 1.69483e+007 1.69484e+007 1.69484e+007 1.69484e+007 1.69484e+007 1.69485e+007 1.69485e+007 1.69485e+007 1.69485e+007 1.69485e+007 1.69485e+007 1.69485e+007 1.69485e+007 1.69485e+007 1.69485e+007 1.69485e+007 1.69485e+007 1.69485e+007 1.69485e+007 1.69485e+007 1.69485e+007 1.69485e+007 1.69485e+007 1.69485e+007 1.69485e+007 1.69485e+007 1.69485e+007 1.69485e+007 1.69485e+007 1.69485e+007 1.69485e+007 1.69485e+007 1.69485e+007 1.69485e+007 1.69485e+007 1.69485e+007 1.69485e+007 1.69485e+007 1.69485e+007 1.69485e+007 1.69485e+007 1.69485e+007 1.69485e+007 1.69485e+007 1.69485e+007 1.69485e+007 1.69485e+007 1.69485e+007 1.69485e+007 1.69485e+007 1.69485e+007 1.69485e+007 1.69485e+007 1.69485e+007 1.69485e+007 1.69485e+007 1.69485e+007 1.69485e+007 1.69485e+007 0 0 0 0 0 0 0 0 0 0 0 0 0 0 0 0 0 0 0 0 0 0 0 0 0
#obs cpue bio
 3.38871e+006 2.83229e+006 2.57863e+006 3.62573e+006 2.57774e+006 3.60995e+006 2.37285e+006 1.83639e+006 2.223e+006 2.15758e+006 1.37586e+006 1.28099e+006 1.01491e+006 1.21784e+006 791294 918114 672590 729748 600525 635562 771363 796001 469566 603592 529687 534146 365635 780769 530592 429648 535388 398933 436281 419512 510575 520442 391869 441751 399716 735414 906987 500336 544827 547336 442304 606973 511494 470500 588710 432617 511158 672559 675750 558379 458013 453195
#pred surv len freq
 0.00529816 0.00857613 0.0128571 0.0181008 0.0241634 0.03072 0.0372351 0.0430895 0.0478153 0.0512565 0.0535447 0.0549542 0.0557652 0.0561878 0.0563314 0.0561974 0.0556958 0.0546795 0.0529731 0.0503845 0.0467139 0.041807 0.0356773 0.0286398 0.0213367
 0.00556574 0.00888964 0.0131106 0.0181369 0.0238358 0.0299807 0.0361908 0.0419779 0.0469008 0.0507048 0.0533533 0.0549753 0.0557981 0.0560846 0.0560645 0.0558681 0.0554857 0.0547656 0.0534447 0.0511969 0.0477057 0.0427714 0.0364479 0.029145 0.0215995
 0.00589632 0.00941672 0.0138755 0.0191472 0.0250371 0.0312312 0.0372651 0.042626 0.0469531 0.0501648 0.0524036 0.053881 0.0547699 0.0551969 0.0552762 0.0551133 0.0547592 0.0541452 0.053042 0.0510798 0.047848 0.0430622 0.0367502 0.0293606 0.0216989
 0.0061294 0.00980834 0.0144887 0.0200488 0.0262816 0.0328321 0.0391592 0.0446488 0.0488473 0.0516331 0.0531982 0.0538927 0.0540661 0.0539787 0.05378 0.0535226 0.0531817 0.0526477 0.0516912 0.0499459 0.0469735 0.0424357 0.0363134 0.0290433 0.021452
 0.00636221 0.0101791 0.0150341 0.0208031 0.0272771 0.0340959 0.0407027 0.0464492 0.0508266 0.0536416 0.0550162 0.0552636 0.0547636 0.0538833 0.0529214 0.0520607 0.0513399 0.0506437 0.0497013 0.0481016 0.0453658 0.0411131 0.0352811 0.028273 0.0209001
 0.0066458 0.0106222 0.0156682 0.0216467 0.0283356 0.035361 0.0421512 0.0480433 0.0525171 0.0553691 0.0567018 0.0567914 0.055972 0.0545846 0.0529545 0.0513535 0.0499448 0.0487248 0.0474846 0.0458177 0.0432093 0.0392226 0.0337339 0.0270893 0.0200548
 0.00693344 0.0110826 0.0163469 0.0225801 0.0295426 0.0368321 0.0438379 0.0498584 0.0543522 0.0571208 0.0582903 0.058159 0.0570626 0.0553196 0.0532248 0.0510417 0.0489735 0.0471058 0.0453393 0.0433564 0.0406812 0.0368596 0.0317082 0.0254925 0.0188984
 0.00728235 0.0116377 0.0171601 0.0236917 0.0309746 0.0385775 0.0458472 0.0520337 0.0565574 0.0592056 0.0601178 0.0596256 0.0581038 0.0558999 0.0533161 0.050605 0.0479606 0.0454891 0.0431558 0.0407381 0.0378489 0.0340781 0.0292221 0.0234694 0.0174018
 0.00758458 0.0121205 0.017871 0.0246703 0.0322466 0.0401449 0.0476772 0.0540523 0.0586556 0.0612554 0.0619895 0.0612013 0.059287 0.0566207 0.0535304 0.0502857 0.0470877 0.0440517 0.0411746 0.0382988 0.0351221 0.0313048 0.0266602 0.0213257 0.0157814
 0.0078852 0.0126016 0.018581 0.0256493 0.0335197 0.0417117 0.0494994 0.0560499 0.060716 0.0632532 0.0638046 0.0627292 0.0604413 0.0573341 0.0537535 0.0499861 0.0462472 0.0426678 0.0392716 0.0359502 0.0324725 0.0285687 0.0240852 0.0191292 0.0140916
 0.00823912 0.0131552 0.0193739 0.0267049 0.0348434 0.0432873 0.0512833 0.0579669 0.0626646 0.0651199 0.0654792 0.0641164 0.0614654 0.057939 0.0539003 0.0496489 0.0454105 0.0413293 0.0374532 0.0337167 0.0299506 0.0259501 0.021598 0.0169834 0.0124207
 0.0085521 0.0136584 0.0201201 0.0277371 0.0361845 0.0449254 0.0531576 0.0599677 0.0646526 0.0669565 0.0670521 0.0653477 0.062307 0.0583632 0.0538916 0.0491988 0.0445156 0.0399934 0.0356978 0.0315984 0.0275794 0.0234938 0.0192605 0.0149567 0.0108319
 0.00879117 0.0140465 0.0207034 0.028559 0.0372778 0.0462998 0.054785 0.061774 0.0665231 0.068755 0.0686438 0.0666196 0.0631816 0.058801 0.0538849 0.0487586 0.0436601 0.0387441 0.0340847 0.0296762 0.0254443 0.02129 0.0171637 0.0131345 0.00939784
 0.00901651 0.0143983 0.0212065 0.029229 0.0381221 0.0473172 0.0559626 0.0630816 0.0679101 0.070151 0.069963 0.0677688 0.0640709 0.059357 0.05406 0.0485339 0.0430408 0.0377524 0.0327575 0.0280707 0.0236493 0.0194303 0.0153888 0.0115868 0.00817482
 0.00926895 0.0148034 0.0218051 0.0300528 0.0391839 0.0485992 0.057406 0.0645895 0.0693676 0.0714534 0.0710356 0.0685693 0.064578 0.0595578 0.0539443 0.0480957 0.0422831 0.0366916 0.0314265 0.026524 0.0219681 0.0177243 0.0137842 0.0102012 0.00708651
 0.00943886 0.0150872 0.0222461 0.0306954 0.0400638 0.049727 0.0587508 0.0660721 0.0708709 0.0728451 0.0721956 0.0694105 0.0650562 0.0596693 0.0537126 0.0475558 0.0414696 0.0356365 0.0301653 0.0251047 0.0204602 0.0162196 0.012387 0.00900599 0.00615397
 0.00953607 0.0152447 0.0224834 0.031033 0.0405229 0.0503269 0.0595024 0.0669696 0.0718835 0.0739134 0.073235 0.0703229 0.0657497 0.0600765 0.0538018 0.04733 0.0409566 0.0348766 0.0292047 0.0239964 0.019269 0.0150248 0.0112749 0.0080541 0.00541124
 0.00965318 0.0154064 0.0226747 0.0312247 0.0406837 0.0504411 0.059584 0.0670622 0.0720461 0.074198 0.0736651 0.0708816 0.0663792 0.0606901 0.0543053 0.047644 0.0410322 0.0347004 0.0287946 0.0233948 0.0185369 0.0142362 0.0105089 0.00738039 0.0048762
 0.00964413 0.0153984 0.0226739 0.0312379 0.0407129 0.0504779 0.0596087 0.0670533 0.0719976 0.0741335 0.0736382 0.0709561 0.0665995 0.0610569 0.0547697 0.0481213 0.0414285 0.034939 0.0288333 0.0232319 0.0182067 0.0137987 0.0100351 0.00693677 0.00450999
 0.00974647 0.0155464 0.0228626 0.0314521 0.0409318 0.0506827 0.0597869 0.0671968 0.0720973 0.0741784 0.0736213 0.0708861 0.0665066 0.0609853 0.0547568 0.0481769 0.0415258 0.0350246 0.0288496 0.0231398 0.0179998 0.013503 0.0096981 0.00661036 0.00423464
 0.00963414 0.0153749 0.0226253 0.0311503 0.0405745 0.0502861 0.059375 0.0668028 0.0717621 0.0739438 0.0735201 0.0709331 0.0666959 0.0612958 0.0551609 0.0486443 0.042022 0.0355062 0.0292671 0.0234487 0.0181748 0.0135478 0.00964297 0.00649982 0.00411166
 0.00973861 0.0155296 0.0228298 0.0313932 0.0408354 0.0505392 0.0595922 0.0669567 0.0718295 0.0739115 0.0733908 0.0707277 0.0664497 0.0610495 0.0549506 0.0484943 0.0419403 0.035484 0.0292806 0.0234658 0.0181662 0.0134976 0.00955401 0.00638984 0.00400329
 0.00973797 0.0155282 0.0228269 0.0313875 0.0408253 0.0505225 0.0595669 0.0669215 0.0717843 0.073858 0.0733321 0.070668 0.0663946 0.0610067 0.0549298 0.0485051 0.0419886 0.0355674 0.0293866 0.0235736 0.0182529 0.0135469 0.00956185 0.006365 0.00396176
 0.00969872 0.0154798 0.0227822 0.0313672 0.0408509 0.0506065 0.0597044 0.0670899 0.0719508 0.0739907 0.0734091 0.0706814 0.0663492 0.0609168 0.0548154 0.0483876 0.0418872 0.0354953 0.0293476 0.0235614 0.0182542 0.0135471 0.00955149 0.00634257 0.00393236
 0.00973857 0.0155323 0.0228393 0.0314161 0.0408804 0.0506157 0.0597069 0.0671088 0.0720061 0.0740861 0.0735272 0.0707905 0.0664179 0.0609267 0.0547656 0.0482926 0.0417697 0.035378 0.0292477 0.0234867 0.0182032 0.0135124 0.00952453 0.00631805 0.00390913
 0.00978119 0.0155877 0.0228966 0.031456 0.0408795 0.0505545 0.0595789 0.0669255 0.0717971 0.0738926 0.0733908 0.0707386 0.0664538 0.0610293 0.0548999 0.0484249 0.0418785 0.0354575 0.0293029 0.0235263 0.0182337 0.0135361 0.00954098 0.00632655 0.00391068
 0.00991534 0.0157905 0.0231724 0.0317961 0.0412613 0.0509427 0.0599276 0.0671844 0.0719235 0.0738658 0.0732212 0.0704659 0.0661332 0.0607127 0.0546215 0.048196 0.0416937 0.0353051 0.0291736 0.0234167 0.0181441 0.0134669 0.0094907 0.00629171 0.00388734
 0.00993457 0.0158175 0.0232054 0.0318311 0.0412936 0.050969 0.0599469 0.0671966 0.071927 0.0738556 0.0731906 0.0704113 0.0660588 0.060632 0.0545527 0.0481543 0.0416844 0.0353225 0.0292057 0.0234515 0.0181739 0.0134888 0.0095049 0.00629988 0.00389123
 0.00992329 0.0158135 0.0232251 0.0318968 0.0414259 0.0511747 0.0602108 0.0674826 0.0721888 0.0740521 0.073296 0.070418 0.0659743 0.0604748 0.0543487 0.0479326 0.0414721 0.0351392 0.0290602 0.023343 0.0180961 0.0134342 0.00946735 0.00627473 0.00387509
 0.00988417 0.0157537 0.0231434 0.0317973 0.0413201 0.0510829 0.0601603 0.0675003 0.0722898 0.0742292 0.0735186 0.0706411 0.0661551 0.0605856 0.0543825 0.0479004 0.0413957 0.0350433 0.0289656 0.0232629 0.0180353 0.0133918 0.00943939 0.00625704 0.00386428
 0.0099046 0.0157796 0.0231688 0.0318122 0.0413138 0.0510489 0.0601008 0.0674288 0.0722284 0.0742022 0.0735434 0.0707203 0.066273 0.0607132 0.0544879 0.0479609 0.0414044 0.0350084 0.0289044 0.0231937 0.0179722 0.0133418 0.00940388 0.00623397 0.00385038
 0.00990337 0.0157794 0.0231714 0.0318193 0.0413254 0.0510611 0.0601057 0.0674166 0.0721932 0.0741474 0.0734834 0.070676 0.0662631 0.0607448 0.0545529 0.0480392 0.0414731 0.0350511 0.0289167 0.0231815 0.0179465 0.0133134 0.00937965 0.00621647 0.00383926
 0.00976739 0.0155883 0.0229395 0.0315786 0.0411167 0.0509195 0.0600479 0.067438 0.0722727 0.0742577 0.0736001 0.0707846 0.0663607 0.0608378 0.0546499 0.0481439 0.0415805 0.0351503 0.0289962 0.0232355 0.0179764 0.0133254 0.00938157 0.00621434 0.00383654
 0.00939756 0.0150385 0.022209 0.0307049 0.0401695 0.0499885 0.0592298 0.0668237 0.071931 0.0742183 0.0738449 0.0712551 0.0669785 0.0615266 0.0553502 0.048816 0.0421997 0.0357004 0.0294656 0.0236174 0.0182705 0.0135388 0.00952683 0.00630699 0.00389172
 0.00941122 0.015024 0.0221212 0.030484 0.0397627 0.049381 0.0584685 0.0660146 0.0712085 0.0737007 0.0736002 0.0712905 0.0672515 0.0619668 0.0558815 0.049373 0.0427353 0.0361855 0.0298848 0.0239634 0.0185421 0.0137399 0.00966635 0.00639704 0.00394555
 0.0102682 0.0162358 0.0236072 0.0320497 0.0411475 0.0503406 0.0588473 0.0657778 0.0704337 0.072547 0.072269 0.0699816 0.066121 0.0611006 0.0552931 0.049023 0.0425605 0.0361225 0.0298834 0.0239898 0.0185759 0.0137704 0.00968908 0.00641164 0.00395369
 0.010935 0.0172838 0.0251081 0.0340217 0.0435239 0.0529377 0.0613542 0.0678013 0.0716074 0.0726606 0.071345 0.0682549 0.0639426 0.0588213 0.0531808 0.0472303 0.0411352 0.0350409 0.0290874 0.0234152 0.0181674 0.0134855 0.00949622 0.00628657 0.00387707
 0.0108494 0.017252 0.0252581 0.0345365 0.044591 0.0546662 0.0636981 0.0705297 0.0743417 0.0749645 0.0728353 0.0687017 0.0633273 0.057331 0.0511376 0.0449878 0.038986 0.0331694 0.0275699 0.0222498 0.0173107 0.0128803 0.00908634 0.00602252 0.00371695
 0.0104017 0.0165899 0.0243907 0.033534 0.0435893 0.0538592 0.0633137 0.0707796 0.0753445 0.0766692 0.0749941 0.070923 0.0651945 0.0585339 0.0515579 0.0447064 0.038221 0.0321813 0.0265791 0.0213946 0.0166467 0.0124052 0.00876871 0.00582282 0.00359898
 0.01005 0.0160223 0.0235479 0.0323744 0.0421109 0.0521303 0.0614984 0.0691357 0.0741775 0.0762507 0.0754729 0.0722636 0.0671695 0.0607802 0.0536822 0.0464021 0.0393443 0.0327583 0.0267503 0.0213349 0.0165011 0.0122615 0.00866217 0.00575645 0.00356256
 0.00996111 0.0158651 0.0232866 0.0319647 0.0415065 0.0512969 0.0604337 0.0678896 0.0728654 0.0750513 0.0746026 0.0719245 0.0674814 0.0617243 0.0550894 0.0479988 0.0408431 0.0339489 0.0275497 0.0217786 0.0166918 0.0123108 0.00865337 0.00573534 0.0035464
 0.0100639 0.0160079 0.023455 0.032126 0.0416131 0.0512945 0.0602702 0.0675247 0.0722824 0.0742727 0.0737044 0.0710386 0.0667754 0.0613564 0.055151 0.0484725 0.0416016 0.0348022 0.0283175 0.0223496 0.0170427 0.0124833 0.00871428 0.00574302 0.00353721
 0.0102083 0.016221 0.0237348 0.0324538 0.0419556 0.0516075 0.0605034 0.0676264 0.0722067 0.0739903 0.0732153 0.0703817 0.0660323 0.0606441 0.0545977 0.04818 0.0416068 0.0350601 0.0287198 0.0227707 0.0173878 0.0127131 0.00883792 0.00579426 0.00355067
 0.0102269 0.0162715 0.0238468 0.032664 0.0422936 0.0520769 0.0610659 0.0682025 0.0726951 0.0742966 0.0732758 0.070176 0.0655851 0.0600216 0.0538992 0.0475201 0.0410883 0.0347434 0.0286055 0.022806 0.0174955 0.0128257 0.00891825 0.00583573 0.00356418
 0.0101464 0.0161596 0.0237148 0.0325381 0.0422121 0.0520827 0.0611961 0.0684756 0.0730982 0.0747783 0.073752 0.0705503 0.0657782 0.0599957 0.0536694 0.0471491 0.0406666 0.0343621 0.0283285 0.0226541 0.0174485 0.012841 0.0089543 0.00586663 0.00358156
 0.010046 0.0160031 0.0234931 0.0322501 0.0418692 0.0517129 0.0608463 0.0682076 0.0729749 0.074843 0.0740097 0.0709598 0.0662603 0.0604555 0.0540251 0.0473565 0.0407297 0.0343249 0.0282521 0.0225911 0.0174253 0.0128565 0.00899106 0.00590544 0.00361095
 0.0100617 0.0160246 0.0235177 0.0322718 0.0418791 0.0517011 0.0608053 0.0681362 0.0728832 0.0747538 0.0739546 0.0709684 0.0663452 0.0606025 0.0541949 0.047499 0.040805 0.03432 0.0281839 0.0224946 0.0173357 0.0127944 0.00895952 0.00589583 0.00361198
 0.0100225 0.0159607 0.0234216 0.032137 0.0417026 0.051486 0.0605631 0.0678872 0.0726524 0.0745669 0.0738343 0.0709328 0.0664061 0.0607607 0.0544347 0.0477872 0.0410971 0.0345741 0.0283746 0.022619 0.0174086 0.0128366 0.00898741 0.00591753 0.00362929
 0.0100134 0.0159445 0.0233946 0.0320944 0.041639 0.0513965 0.0604452 0.0677427 0.0724886 0.0743974 0.0736774 0.0708091 0.0663349 0.0607567 0.0545038 0.047923 0.04128 0.0347747 0.0285624 0.0227719 0.0175185 0.0129083 0.00903166 0.00594483 0.00364661
 0.0100141 0.0159499 0.0234102 0.0321269 0.0416935 0.0514718 0.0605313 0.0678207 0.0725366 0.0743974 0.073622 0.0707043 0.0661987 0.0606145 0.0543821 0.0478424 0.0412501 0.0347915 0.0286108 0.0228322 0.0175741 0.0129501 0.00905869 0.00596056 0.00365539
 0.00985161 0.0157113 0.0230988 0.0317638 0.0413129 0.0511132 0.0602316 0.0676089 0.0724299 0.0743975 0.0737149 0.0708644 0.0663974 0.0608285 0.0545983 0.0480571 0.0414644 0.0350056 0.02882 0.0230267 0.0177425 0.0130842 0.00915624 0.00602546 0.00369499
 0.00963846 0.0153756 0.0226155 0.0311217 0.0405219 0.0502133 0.059298 0.0667465 0.0717506 0.0739896 0.0736195 0.0710695 0.0668489 0.0614499 0.0553104 0.0487924 0.0421736 0.0356576 0.029397 0.0235189 0.0181446 0.0133957 0.00938258 0.00617821 0.00379002
 0.00971225 0.0154734 0.0227209 0.0312035 0.0405399 0.0501295 0.059089 0.066412 0.0713178 0.0735114 0.0731648 0.0707076 0.0666306 0.0613955 0.0554075 0.0490053 0.0424573 0.03597 0.0297055 0.0238012 0.0183871 0.0135914 0.00952999 0.00628095 0.00385573
 0.00979453 0.0156155 0.0229481 0.0315389 0.0409923 0.0506771 0.0596691 0.0669274 0.0716631 0.0736093 0.0729929 0.0703041 0.0660792 0.0607967 0.0548514 0.0485519 0.0421307 0.0357641 0.0295964 0.02376 0.0183872 0.0136122 0.00955714 0.00630594 0.0038747
 0.0096102 0.0154081 0.0228054 0.0315965 0.0413939 0.0515117 0.0609168 0.0684471 0.0732277 0.0749689 0.0739387 0.0707121 0.0659294 0.060167 0.0538883 0.0474279 0.0410024 0.0347445 0.0287468 0.0230971 0.0178988 0.013271 0.00933158 0.0061654 0.00379275
 0.00893699 0.0143977 0.0214478 0.0299549 0.0396086 0.0497915 0.0595171 0.0676249 0.0731685 0.0757118 0.0753441 0.0725007 0.0677746 0.0617941 0.055137 0.0482631 0.0414842 0.0349795 0.0288424 0.0231338 0.0179217 0.0132968 0.00936065 0.00619296 0.00381472
#obs surv len freq
 nan nan nan nan nan nan nan nan nan nan nan nan nan nan nan nan nan nan nan nan nan nan nan nan nan
 0.0044838 0.00734477 0.0111744 0.0159906 0.0216913 0.027967 0.0342813 0.0400128 0.0446926 0.0481566 0.0505146 0.0520106 0.052903 0.0534155 0.0537298 0.0539848 0.0542634 0.0545561 0.0546949 0.0542868 0.0527249 0.049357 0.0438067 0.0362866 0.0276701
 0.00461392 0.00755806 0.0114983 0.0164508 0.0223054 0.0287347 0.0351752 0.0409753 0.0456442 0.0490115 0.0511967 0.0524651 0.0531017 0.0533572 0.0534361 0.0534922 0.053615 0.0537942 0.0538582 0.053412 0.0518505 0.0485257 0.0430629 0.0356679 0.0271972
 0.00477717 0.00782504 0.0119031 0.0170261 0.0230764 0.0297088 0.0363306 0.0422562 0.0469657 0.0502731 0.0522976 0.0533162 0.0536354 0.0535341 0.0532484 0.0529617 0.0527865 0.0527267 0.0526174 0.0520679 0.0504778 0.0472046 0.0418727 0.0346743 0.0264365
 0.00496841 0.00813844 0.0123795 0.017705 0.0239887 0.0308645 0.0377065 0.0437908 0.048567 0.0518341 0.0537113 0.0544846 0.0544743 0.0539778 0.0532553 0.0525196 0.051915 0.0514754 0.0510621 0.0503057 0.048624 0.0453865 0.0402163 0.0332823 0.0253667
 0.00517918 0.00848271 0.0129008 0.0184454 0.0249813 0.0321213 0.0392057 0.045471 0.0503348 0.0535802 0.0553257 0.0558664 0.0555347 0.0546416 0.0534633 0.0522326 0.0511202 0.0501937 0.0493541 0.0482744 0.0464122 0.043165 0.0381599 0.0315368 0.024017
 0.0054048 0.00885326 0.0134654 0.0192523 0.0260683 0.0335015 0.0408521 0.0473122 0.052265 0.0554799 0.0570804 0.0573757 0.0567141 0.05542 0.0537805 0.0520404 0.0503867 0.0489141 0.0475643 0.0460651 0.0439342 0.0406184 0.0357624 0.0294773 0.0224116
 0.00564453 0.00924496 0.0140588 0.0200955 0.0271992 0.034934 0.0425612 0.0492278 0.0542805 0.0574717 0.0589271 0.0589702 0.0579684 0.0562639 0.0541582 0.051906 0.0497041 0.0476648 0.0457644 0.0437867 0.041321 0.0378807 0.0331443 0.0272009 0.020621
 0.00588367 0.00963715 0.0146554 0.0209466 0.0283442 0.0363864 0.0442933 0.0511654 0.0563139 0.0594765 0.0607839 0.0605754 0.0592366 0.0571268 0.0545613 0.051805 0.0490632 0.046461 0.0440029 0.0415243 0.0386879 0.0350833 0.030435 0.0248196 0.0187315
 0.0061282 0.0100375 0.0152631 0.0218115 0.0295052 0.0378562 0.0460429 0.0531184 0.0583569 0.0614807 0.0626265 0.0621521 0.0604652 0.0579458 0.054925 0.0516776 0.0484151 0.0452715 0.0422734 0.0393018 0.0360896 0.032304 0.0277226 0.0224174 0.016812
 0.00637034 0.010435 0.0158686 0.0226762 0.0306687 0.0393307 0.0477968 0.0550709 0.0603898 0.0634615 0.0644304 0.063675 0.0616277 0.0586919 0.0552173 0.0514909 0.0477307 0.0440774 0.0405743 0.0371409 0.0335727 0.0296108 0.0250869 0.0200737 0.014931
 0.00660645 0.0108233 0.0164612 0.0235243 0.0318122 0.0407823 0.0495252 0.0569951 0.0623901 0.0654029 0.0661851 0.0651367 0.0627175 0.0593572 0.055428 0.0512324 0.046997 0.0428686 0.0389039 0.0350535 0.0311669 0.0270508 0.0225865 0.0178497 0.0131431
 0.00681675 0.0111709 0.0169949 0.0242933 0.0328563 0.0421163 0.0511232 0.0587843 0.0642607 0.0672284 0.0678433 0.0665228 0.0637507 0.0599827 0.0556145 0.0509674 0.0462807 0.0417102 0.0373257 0.0331044 0.0289405 0.024696 0.0202947 0.0158144 0.011507
 0.00704094 0.0115341 0.0175392 0.0250571 0.0338675 0.0433811 0.0526138 0.0604339 0.065971 0.068887 0.0693407 0.0677645 0.0646632 0.0605151 0.0557378 0.0506709 0.0455674 0.0405944 0.0358355 0.0312917 0.0268951 0.022553 0.0182233 0.0139831 0.0100388
 0.00731384 0.011977 0.0182036 0.0259879 0.0350916 0.0448905 0.0543507 0.0622893 0.0678042 0.0705565 0.0707312 0.0687989 0.0652999 0.06074 0.0555555 0.0500973 0.0446249 0.0393108 0.0342473 0.0294541 0.0248936 0.0205093 0.0162844 0.0122918 0.00869581
 0.00742904 0.0121831 0.0185486 0.0265283 0.0358798 0.0459546 0.0556745 0.0638049 0.069402 0.0721077 0.0721114 0.0699054 0.0660612 0.0611187 0.0555436 0.0497083 0.043885 0.0382534 0.0329139 0.027901 0.0232008 0.0187844 0.0146533 0.0108739 0.0075732
 0.00751789 0.0123192 0.0187399 0.0267816 0.0362062 0.046375 0.0562187 0.064502 0.070263 0.0731087 0.0731873 0.0709587 0.0669833 0.0618122 0.0559391 0.0497697 0.0436068 0.0376538 0.0320298 0.0267876 0.0219345 0.017463 0.0133867 0.00976435 0.00669088
 0.00757084 0.0124022 0.0188587 0.0269389 0.0364011 0.046603 0.0564744 0.064784 0.0705805 0.0734828 0.0736425 0.0715048 0.0675977 0.0624347 0.0564836 0.0501474 0.0437476 0.0375201 0.0316204 0.0261351 0.0211019 0.016537 0.0124656 0.0089394 0.00602593
 0.00767483 0.0125595 0.0190734 0.0272066 0.0367099 0.0469358 0.0568102 0.0651005 0.0708579 0.0737109 0.0738266 0.0716659 0.0677631 0.0626228 0.0566881 0.0503314 0.0438525 0.0374848 0.0314026 0.0257262 0.0205314 0.0158671 0.0117766 0.0083095 0.00551185
 0.00771286 0.0126225 0.0191699 0.0273441 0.0368917 0.0471569 0.0570555 0.0653456 0.0710771 0.0738855 0.0739513 0.0717494 0.0678244 0.0626835 0.0567636 0.0504211 0.0439346 0.0375191 0.0313433 0.0255412 0.0202173 0.0154541 0.0113201 0.00787191 0.00514338
 0.00777883 0.0127207 0.0193011 0.0275037 0.0370719 0.0473499 0.0572544 0.0655438 0.0712649 0.07405 0.0740779 0.0718272 0.0678517 0.0626695 0.0567255 0.0503758 0.0438895 0.0374656 0.0312592 0.0254 0.0200036 0.0151746 0.0110041 0.00756104 0.00487557
 0.00782585 0.0127946 0.0194071 0.0276437 0.0372431 0.047543 0.0574535 0.0657289 0.071418 0.0741604 0.0741446 0.0718557 0.0678487 0.0626405 0.0566752 0.0503105 0.0438152 0.0373845 0.0311657 0.0252822 0.0198502 0.0149841 0.0107897 0.00734719 0.00468778
 0.0078636 0.0128526 0.0194882 0.0277483 0.0373692 0.0476863 0.0576071 0.0658829 0.0715596 0.0742766 0.0742249 0.0718953 0.0678492 0.0626084 0.0566191 0.0502382 0.0437327 0.0372951 0.031069 0.0251743 0.0197262 0.0148428 0.0106374 0.00719728 0.00455591
 0.00787371 0.012867 0.0195061 0.0277679 0.0373884 0.047704 0.0576241 0.0659019 0.0715846 0.074311 0.0742696 0.0719479 0.0679041 0.0626585 0.0566583 0.0502628 0.0437414 0.0372879 0.0310457 0.0251338 0.0196674 0.0147665 0.0105488 0.00710592 0.00447267
 0.00787767 0.0128697 0.0195033 0.0277537 0.0373567 0.0476516 0.0575534 0.0658212 0.0715069 0.0742502 0.0742382 0.0719528 0.0679459 0.062731 0.0567501 0.0503606 0.0438328 0.0373635 0.0310997 0.0251633 0.0196717 0.0147478 0.0105124 0.00705982 0.00442605
 0.00787905 0.0128678 0.0194928 0.0277269 0.0373055 0.0475703 0.057442 0.0656868 0.0713632 0.0741154 0.0741311 0.07189 0.0679372 0.0627781 0.0568456 0.0504898 0.0439776 0.037506 0.0312252 0.0252619 0.0197391 0.0147843 0.010523 0.00705224 0.00440916
 0.00790201 0.0129009 0.0195344 0.027772 0.037346 0.0475966 0.0574439 0.0656563 0.0712964 0.0740158 0.0740099 0.0717649 0.0678286 0.0627035 0.0568156 0.0505059 0.0440322 0.0375853 0.0313127 0.0253429 0.019803 0.0148265 0.010544 0.00705688 0.00440388
 0.00789323 0.0128878 0.0195168 0.0277502 0.0373205 0.0475671 0.0574091 0.0656142 0.0712452 0.0739548 0.0739414 0.0716943 0.0677645 0.0626566 0.0567961 0.0505206 0.0440819 0.0376638 0.0314081 0.0254409 0.0198904 0.0148947 0.01059 0.00708285 0.00441514
 0.00788576 0.012874 0.0194932 0.027713 0.0372669 0.0474975 0.0573283 0.0655307 0.0711686 0.0738923 0.0738957 0.0716642 0.0677479 0.0626523 0.0568057 0.0505476 0.0441294 0.0377319 0.0314925 0.0255325 0.0199784 0.0149695 0.0106462 0.00711981 0.00443605
 0.00784517 0.0128088 0.0193968 0.0275802 0.0370958 0.0472918 0.0570995 0.0652986 0.0709582 0.0737283 0.0737967 0.0716387 0.0677928 0.0627557 0.0569511 0.0507185 0.0443128 0.0379185 0.0316749 0.0257035 0.0201304 0.0150957 0.0107426 0.00718687 0.00447803
 0.00785639 0.0128171 0.0193909 0.0275437 0.0370119 0.0471497 0.0569013 0.0650602 0.070706 0.0734923 0.0736043 0.0715105 0.0677402 0.06278 0.0570438 0.0508641 0.0444923 0.0381138 0.0318706 0.0258878 0.020294 0.015232 0.0108483 0.00726207 0.00452673
 0.00783454 0.0127875 0.0193565 0.0275095 0.0369804 0.0471173 0.0568561 0.0649856 0.0705894 0.0733339 0.0734205 0.0713299 0.0675941 0.0626929 0.0570279 0.050918 0.0446042 0.0382654 0.0320419 0.0260603 0.0204533 0.0153679 0.0109553 0.00733964 0.00457802
 0.00778626 0.0127065 0.0192309 0.0273288 0.0367408 0.0468274 0.0565402 0.0646802 0.0703311 0.0731471 0.0733112 0.0712908 0.0676146 0.0627667 0.0571535 0.0510945 0.0448259 0.0385194 0.0323099 0.026322 0.0206904 0.0155674 0.0111109 0.00745148 0.00465173
 0.007774 0.0126816 0.0191839 0.0272474 0.0366122 0.0466426 0.0562996 0.0643967 0.0700308 0.0728642 0.073081 0.0711396 0.0675538 0.0627928 0.0572537 0.0512535 0.0450298 0.0387551 0.0325627 0.026575 0.020926 0.0157707 0.0112727 0.00756978 0.00473074
 0.00775141 0.0126476 0.0191376 0.0271885 0.0365398 0.0465539 0.0561887 0.0642573 0.06986 0.0726676 0.0728746 0.0709484 0.0674058 0.0627107 0.0572488 0.0513244 0.0451649 0.0389376 0.032774 0.0267963 0.0211393 0.0159602 0.0114275 0.00768549 0.00480948
 0.00930663 0.014821 0.0217532 0.0298649 0.038802 0.0480112 0.0566749 0.0638541 0.0688104 0.0712517 0.0713216 0.0694085 0.0659646 0.0614149 0.0561243 0.0503836 0.0444085 0.0383553 0.0323471 0.0265006 0.0209481 0.015847 0.0113676 0.00765833 0.0047999
 0.00930798 0.0151093 0.0226911 0.0318994 0.0422691 0.0528716 0.062348 0.069313 0.0729475 0.0733162 0.0711666 0.0674303 0.06283 0.0577764 0.0524613 0.0469791 0.0413994 0.0357921 0.0302343 0.0248175 0.0196581 0.014902 0.0107112 0.00722966 0.004539
 0.00897427 0.0145897 0.0219728 0.0310407 0.0414486 0.052419 0.0627008 0.070858 0.0757834 0.077081 0.0750862 0.0706102 0.0646261 0.0580168 0.0514115 0.0451297 0.0392386 0.0336759 0.0283641 0.0232771 0.0184594 0.0140181 0.0100957 0.00682755 0.00429442
 0.00879888 0.0142917 0.0215017 0.0303464 0.0405018 0.0512471 0.0614305 0.0697395 0.0751638 0.0773049 0.0763404 0.0727844 0.0672893 0.0605579 0.0532842 0.0460574 0.0392666 0.0330698 0.0274506 0.0223222 0.0176231 0.0133658 0.00963091 0.00652214 0.00410917
 0.00872418 0.0141656 0.021302 0.0300465 0.0400727 0.0506643 0.0606862 0.0688621 0.0742392 0.0764907 0.0758531 0.0728425 0.0680157 0.0618892 0.0549517 0.0476761 0.0404917 0.0337278 0.0275715 0.0220737 0.0172067 0.0129393 0.00928072 0.00627399 0.00395278
 0.00869442 0.0141157 0.0212238 0.0299299 0.0399061 0.0504348 0.0603818 0.0684739 0.0737675 0.0759558 0.0753101 0.0723912 0.0677895 0.062012 0.0554733 0.0485227 0.0414732 0.0346119 0.028182 0.0223533 0.0172124 0.0127859 0.009079 0.00609515 0.00382469
 0.00868009 0.014089 0.0211772 0.0298543 0.0397926 0.0502778 0.060181 0.0682343 0.0734962 0.0756599 0.0749983 0.0720823 0.0675231 0.061852 0.0554927 0.0487693 0.0419326 0.0351955 0.0287565 0.0227987 0.0174701 0.0128701 0.00904962 0.00601883 0.00374814
 0.00867962 0.0140884 0.0211764 0.0298523 0.0397866 0.0502622 0.0601473 0.0681726 0.0733983 0.0755218 0.0748226 0.0718778 0.0673066 0.0616506 0.0553457 0.0487216 0.0420169 0.0354106 0.0290578 0.0231117 0.0177235 0.0130255 0.0091103 0.00601577 0.00371744
 0.00870129 0.0141227 0.0212259 0.0299185 0.0398687 0.0503562 0.0602444 0.0682594 0.0734579 0.0755374 0.0747816 0.0717752 0.0671477 0.061452 0.0551346 0.0485335 0.0418884 0.0353674 0.0291023 0.0232189 0.0178507 0.013132 0.00917402 0.00603743 0.00371193
 0.00865727 0.0140613 0.0211523 0.029844 0.0398079 0.0503218 0.0602433 0.0682906 0.073514 0.0756064 0.0748487 0.0718255 0.0671684 0.0614363 0.0550849 0.0484629 0.0418187 0.0353229 0.0291002 0.023261 0.0179225 0.0132097 0.00923672 0.00607538 0.00372731
 0.00864288 0.0140318 0.0210976 0.0297529 0.0396737 0.0501491 0.0600525 0.0681148 0.0733883 0.0755544 0.0748743 0.0719135 0.067292 0.0615671 0.0552004 0.0485516 0.0418811 0.0353692 0.0291447 0.0233145 0.0179867 0.0132773 0.0092967 0.00611942 0.00375355
 0.00864324 0.0140314 0.0210945 0.0297437 0.0396524 0.0501078 0.0599831 0.0680136 0.0732608 0.0754181 0.0747553 0.0718375 0.0672739 0.0616048 0.0552778 0.0486461 0.0419734 0.035449 0.0292114 0.0233729 0.0180417 0.0133298 0.00934336 0.00615615 0.00377835
 0.0086283 0.0140099 0.0210673 0.0297131 0.0396215 0.0500783 0.0599545 0.0679821 0.0732212 0.075366 0.0746911 0.071769 0.0672151 0.0615716 0.0552803 0.0486842 0.0420374 0.0355248 0.0292868 0.0234413 0.0181011 0.0133804 0.00938521 0.00618851 0.00380094
 0.00862692 0.0140052 0.021056 0.0296912 0.0395857 0.0500288 0.0598958 0.0679226 0.0731692 0.0753264 0.0746634 0.0717487 0.0671986 0.0615589 0.0552765 0.048696 0.0420687 0.0355739 0.0293469 0.023504 0.0181597 0.0134307 0.00942565 0.00621886 0.00382194
 0.00862501 0.0140054 0.0210619 0.0297074 0.0396156 0.0500715 0.0599446 0.0679663 0.0731965 0.0753305 0.0746443 0.0717115 0.0671501 0.0615053 0.0552232 0.0486483 0.0420323 0.0355531 0.0293428 0.0235141 0.0181787 0.0134531 0.00944698 0.00623655 0.00383499
 0.00862501 0.0140054 0.0210619 0.0297074 0.0396156 0.0500715 0.0599446 0.0679663 0.0731965 0.0753305 0.0746443 0.0717115 0.0671501 0.0615053 0.0552232 0.0486483 0.0420323 0.0355531 0.0293428 0.0235141 0.0181787 0.0134531 0.00944698 0.00623655 0.00383499
 0.00856001 0.0139031 0.0209151 0.0295133 0.0393787 0.0498062 0.0596762 0.0677278 0.0730203 0.0752384 0.0746414 0.0717875 0.0672854 0.0616781 0.055414 0.048842 0.0422184 0.0357255 0.0294983 0.0236507 0.0182949 0.0135476 0.00951943 0.00628831 0.00386912
 0.0086397 0.0140226 0.0210757 0.0297083 0.0395934 0.0500196 0.0598637 0.0678646 0.0730875 0.0752285 0.0745609 0.0716538 0.0671206 0.0615026 0.0552431 0.0486859 0.0420829 0.0356137 0.029411 0.0235873 0.0182527 0.0135227 0.009507 0.00628368 0.00386849
 0.0088095 0.0142975 0.0214855 0.030275 0.0403209 0.0508802 0.0607882 0.0687473 0.0738085 0.0756874 0.0747038 0.071482 0.0666822 0.0608739 0.0545086 0.0479225 0.0413509 0.0349539 0.0288467 0.0231275 0.0178964 0.013261 0.00932601 0.00616664 0.00379824
 0.00901859 0.0146463 0.0220254 0.0310549 0.0413719 0.052192 0.0622887 0.0702992 0.0752326 0.0768037 0.0753717 0.0716288 0.0663113 0.0600581 0.053369 0.0466014 0.0399844 0.0336526 0.0276876 0.0221539 0.0171228 0.0126804 0.00891615 0.00589617 0.00363259
 0.00887132 0.0144347 0.0217608 0.030772 0.0411267 0.0520553 0.0623339 0.0705856 0.0757834 0.0775857 0.0762905 0.072545 0.0670773 0.0605578 0.0535461 0.0464668 0.0396034 0.0331198 0.0270999 0.0215908 0.0166368 0.0122962 0.00863621 0.00570792 0.00351605
#pred catch len freq
 0.00482431 0.00761212 0.0110603 0.0150651 0.0195575 0.0244867 0.0297456 0.0351321 0.0403886 0.0452718 0.0495959 0.0532461 0.0561781 0.0584003 0.0599366 0.0607848 0.0608986 0.060191 0.058544 0.0558069 0.0518027 0.0463896 0.0396 0.0317934 0.0236878
 0.00508485 0.00793403 0.0113617 0.0152192 0.0194427 0.0240559 0.0290722 0.0343912 0.039775 0.044901 0.0494497 0.0531917 0.0560454 0.0580736 0.0594166 0.0601983 0.0604504 0.060078 0.0588652 0.056515 0.0527229 0.0472978 0.0403169 0.0322433 0.0238973
 0.0054316 0.00847022 0.01211 0.0161634 0.0205101 0.0251071 0.0299131 0.0348253 0.0396869 0.0443244 0.0485614 0.0522217 0.055159 0.0573079 0.058711 0.0594864 0.0597411 0.0594699 0.0584896 0.0564501 0.0529398 0.0476725 0.0406964 0.0325177 0.0240337
 0.00569764 0.008898 0.0127462 0.0170504 0.0216792 0.0265617 0.0316019 0.0366159 0.041362 0.0456194 0.0492449 0.0521851 0.0544605 0.0561356 0.0572872 0.0579818 0.0582542 0.0580648 0.0572369 0.0554252 0.0521863 0.0471719 0.0403776 0.0322981 0.0238576
 0.00596344 0.00931042 0.0133327 0.0178305 0.0226702 0.0277841 0.0330742 0.0383363 0.0432784 0.047602 0.0510786 0.0536018 0.0552128 0.056083 0.0564472 0.0565133 0.056388 0.0560292 0.0552184 0.0535633 0.0505763 0.0458618 0.0393671 0.0315516 0.0233252
 0.00628982 0.00980955 0.0140264 0.0187214 0.0237476 0.0290328 0.0344797 0.0398839 0.0449481 0.0493576 0.0528491 0.0552608 0.0565725 0.0569225 0.0565747 0.0558379 0.0549597 0.0540243 0.0528837 0.0511515 0.0482998 0.0438703 0.0377422 0.0303121 0.0224421
 0.00665666 0.0103775 0.0148286 0.0197712 0.0250388 0.0305414 0.0361626 0.041678 0.0467771 0.0511438 0.0545232 0.0567583 0.0578177 0.0578095 0.056965 0.0555883 0.053976 0.0523158 0.0505842 0.0484948 0.0455625 0.0413092 0.0355468 0.0285827 0.0211906
 0.00704938 0.0109863 0.0156907 0.0209047 0.0264448 0.0322055 0.0380505 0.0437276 0.0488951 0.0532133 0.0564199 0.0583694 0.0590544 0.0586053 0.0572608 0.0553169 0.053067 0.0507282 0.048354 0.0457666 0.0425802 0.0383647 0.0329087 0.0264344 0.0196015
 0.00742599 0.0115697 0.0165162 0.0219895 0.0277907 0.033802 0.0398715 0.0457248 0.0509926 0.0553094 0.0583938 0.0600941 0.0604112 0.0594977 0.0576197 0.0550945 0.0522279 0.0492523 0.04626 0.0431481 0.0396275 0.0353467 0.030113 0.0240916 0.0178296
 0.00780229 0.0121533 0.0173431 0.0230774 0.0291408 0.0354009 0.0416885 0.0477059 0.0530589 0.0573617 0.060321 0.0617816 0.0617499 0.060392 0.0579936 0.0548944 0.0514211 0.0478282 0.0442418 0.0406168 0.0367447 0.0323528 0.0272858 0.0216751 0.0159684
 0.00823583 0.0128158 0.0182627 0.0242557 0.0305594 0.0370302 0.0434904 0.0496285 0.0550313 0.0592938 0.0621104 0.0633237 0.0629477 0.0611639 0.0582762 0.054642 0.0506047 0.0464381 0.0422989 0.0381928 0.0339822 0.0294679 0.0245361 0.0192974 0.0141144
 0.00862515 0.0134216 0.0191242 0.0253921 0.0319688 0.0386883 0.045346 0.0516013 0.0570185 0.0611841 0.0637987 0.0647192 0.0639766 0.0617691 0.0584166 0.0542899 0.0497439 0.0450662 0.0404371 0.0359042 0.0313913 0.026765 0.0219521 0.0170504 0.0123495
 0.00891887 0.0138825 0.0197881 0.0262846 0.0331047 0.0400694 0.0469535 0.0533861 0.0588963 0.0630407 0.0655049 0.0661504 0.0650322 0.0623833 0.0585573 0.0539497 0.0489294 0.0437925 0.0387342 0.0338326 0.0290602 0.0243387 0.0196311 0.0150262 0.0107525
 0.00924732 0.0143819 0.0204767 0.0271601 0.0341509 0.0412665 0.0482811 0.0548185 0.0603937 0.0645424 0.0669281 0.0673972 0.0660024 0.0629908 0.0587434 0.0536879 0.0482213 0.0426605 0.0372188 0.0319984 0.0270085 0.0222125 0.0176014 0.0132561 0.00935367
 0.00958655 0.0149074 0.0212188 0.0281289 0.0353356 0.0426338 0.0497744 0.0563591 0.0618908 0.0659094 0.0680947 0.0683112 0.0666244 0.0632881 0.0586894 0.0532654 0.0474277 0.0415119 0.035752 0.0302759 0.0251239 0.0202917 0.0157896 0.0116885 0.00812077
 0.0097992 0.0152477 0.0217214 0.028824 0.0362443 0.0437614 0.0510987 0.0578225 0.0634009 0.0673511 0.06935 0.069281 0.0672442 0.0635325 0.0585636 0.0527916 0.0466334 0.0404269 0.0344138 0.0287394 0.0234692 0.0186255 0.0142326 0.010351 0.00707405
 0.0098684 0.0153611 0.0218954 0.0290783 0.0366037 0.0442544 0.0517525 0.0586521 0.0643963 0.068466 0.0705005 0.0703566 0.0681308 0.0641367 0.0588301 0.0527059 0.0462128 0.0397081 0.0334447 0.0275788 0.0221921 0.0173242 0.0130086 0.00929553 0.00624632
 0.00994766 0.0154674 0.0220147 0.0291867 0.0366781 0.0442888 0.0517702 0.0587058 0.064553 0.0687843 0.0710069 0.0710312 0.0689056 0.0649091 0.0594868 0.0531493 0.0463809 0.0395805 0.0330387 0.0269416 0.0213934 0.0164501 0.0121512 0.00853674 0.00564119
 0.00996043 0.0154906 0.022053 0.0292429 0.0367488 0.0443609 0.0518216 0.0587152 0.0645167 0.0687295 0.0709911 0.0711223 0.0691506 0.0653088 0.0599884 0.0536606 0.0467986 0.0398194 0.0330519 0.0267275 0.0209914 0.0159289 0.0115921 0.00801593 0.0052126
 0.00996754 0.0154969 0.0220533 0.0292308 0.0367206 0.0443192 0.0517769 0.0586811 0.0645019 0.0687332 0.0710078 0.0711539 0.0692154 0.0654362 0.0601998 0.0539486 0.0471186 0.0401015 0.0332258 0.0267475 0.0208515 0.015662 0.0112566 0.00767553 0.00491797
 0.0099254 0.0154315 0.0219604 0.0291077 0.0365655 0.0441316 0.0515596 0.0584443 0.0642663 0.0685292 0.0708681 0.0711044 0.0692684 0.0655909 0.060447 0.0542724 0.0474921 0.0404824 0.03356 0.0269837 0.0209592 0.0156424 0.0111415 0.00751268 0.00475332
 0.00998399 0.0155168 0.0220702 0.0292331 0.0366928 0.0442454 0.0516453 0.0584889 0.0642593 0.0684649 0.0707501 0.0709479 0.0690998 0.0654415 0.0603449 0.0542348 0.0475216 0.0405649 0.0336666 0.0270773 0.0210067 0.0156273 0.011069 0.00740588 0.00464078
