SBPRF35
10.0944
Curr Bio
708540
B35
754911
F35
0.190054
FOFL
0.181693
OFL
104582
Bzero
2.88411e+06
#pred survey bio
 3.95533e+06 3.80812e+06 3.65855e+06 3.44783e+06 3.18864e+06 2.94816e+06 2.65522e+06 2.38021e+06 2.1277e+06 1.88035e+06 1.65628e+06 1.46664e+06 1.2928e+06 1.16717e+06 1.0336e+06 918247 816629 724638 681991 654872 637201 611677 594895 578591 565992 564861 567194 565277 563313 565739 561141 561927 551115 531946 513693 497400 490955 488205 498544 503198 518991 531197 538761 540252 539284 536227 534759 531092 532495 544689 554758 578901 583208 584525 592883 602829 637289 634327 634800 598609 611842 653452 714986 2.55347e+07 1.55093e+07 1.58703e+07 1.65854e+07 1.75074e+07 1.84727e+07 1.93701e+07 2.0144e+07 2.07783e+07 2.12807e+07 2.16692e+07 2.19649e+07 2.21879e+07 2.2355e+07 2.248e+07 2.25735e+07 2.26436e+07 2.26964e+07 2.27362e+07 2.27665e+07 2.27896e+07 2.28073e+07 2.2821e+07 2.28316e+07 2.28398e+07 2.28462e+07 2.28512e+07 2.28551e+07 2.28582e+07 2.28606e+07 2.28625e+07 2.2864e+07 2.28653e+07 2.28662e+07 2.2867e+07 2.28676e+07 2.2868e+07 2.28684e+07 2.28687e+07 2.2869e+07 2.28692e+07 2.28693e+07 2.28694e+07 2.28695e+07 2.28696e+07 2.28697e+07 2.28697e+07 2.28698e+07 2.28698e+07 2.28698e+07 2.28699e+07 2.28699e+07 2.28699e+07 2.28699e+07 2.28699e+07 2.28699e+07 2.28699e+07 2.28699e+07 2.28699e+07 2.28699e+07 2.28699e+07 2.28699e+07 2.28699e+07 2.28699e+07 2.28699e+07 2.28699e+07 2.28699e+07 2.28699e+07 2.28699e+07 2.28699e+07 2.28699e+07 2.28699e+07 2.28699e+07 2.28699e+07 2.28699e+07 2.28699e+07 2.28699e+07 2.28699e+07 2.28699e+07 2.28699e+07 2.28699e+07 2.28699e+07 2.28699e+07 2.28699e+07 2.28699e+07 2.28699e+07 2.28699e+07 2.28699e+07 2.28699e+07 2.28699e+07 2.28699e+07 2.28699e+07 2.28699e+07 2.28699e+07 2.28699e+07 2.28699e+07 2.28699e+07 2.28699e+07 2.28699e+07 2.28699e+07 0 0 0 0 0 0 0 0 0 0 0 0 0 0 0 0 0 0 0 0 0 0 0 0 0
#obs survey bio
 2.89885e+06 3.05602e+06 3.7048e+06 4.23263e+06 2.975e+06 3.24816e+06 2.26414e+06 2.34339e+06 1.91144e+06 1.40173e+06 1.41756e+06 1.45516e+06 1.17498e+06 844872 667448 1.00046e+06 658792 638818 550696 667883 651821 566919 439834 519193 408097 535331 533401 584922 652300 509434 410501 559423 715017 797856 365564 418987 436532 450165 380791 755761 656286 527993 462190 560797 477713 467365 605808 415465 496434 524512 589800 686442 548357 666824 521528 598826 591153 847339 760331 721279 545300 845068 581366
#pred catch bio
 92004.5 94480.8 155895 211934 211308 278900 283958 284414 299276 295407 278176 273864 238083 248076 231036 215216 201164 154210 138063 127495 131454 121506 118864 113565 102859 99943 103073 101982 97243 101656 94838.5 101396 103906 98404 93200.8 84803.7 85653.3 79817.4 88073.7 80336.2 84464.9 88797.3 93699.5 95280.2 96694.9 95099.1 96774.5 92947.3 85431.7 89056.7 79056.4 96718.3 99099.1 93600 93117.9 74342.6 107012 103752 134146 93289.8 74193.9 62928.2 104067 104582 110035 111494 115327 121085 127323 133096 137979 141871 144845 147048 148641 149772 150563 151111 151487 151743 151916 152033 152112 152164 152199 152222 152238 152248 152255 152260 152263 152265 152266 152267 152267 152268 152268 152268 152268 152268 152268 152268 152268 152268 152268 152268 152268 152268 152268 152268 152268 152268 152268 152268 152268 152268 152268 152268 152268 152268 152268 152268 152268 152268 152268 152268 152268 152268 152268 152268 152268 152268 152268 152268 152268 152268 152268 152268 152268 152268 152268 152268 152268 152268 152268 152268 152268 152268 152268 152268 152268 152268 152268 152268 152268 152268 152268 152268 152268 152268 152268 152268 152268 0 0 0 0 0 0 0 0 0 0 0 0 0 0 0 0 0 0 0 0 0 0 0 0 0
#obs catch bio
 0 94308.3 156566 212761 211553 280904 285758 286259 301458 300108 283125 279621 242912 254667 237158 219402 205501 156823 140395 128985 132581 122992 120414 114835 103641 100944 104514 103025 97854.4 103012 95714.8 102172 103982 98122.1 93122.9 84908 86232.1 80176.7 88624.1 80210.6 84145.6 88519.1 93515.6 94666.1 96355.8 94945.6 96407.1 92760.5 85457.3 89283.6 78922.6 96783.1 99140.4 93365.2 93174.2 73795.6 106908 102553 133212 92449.4 73857.4 62382.9 104442
#pred cpue bio
 3.89355e+06 3.74914e+06 3.60192e+06 3.39265e+06 3.13477e+06 2.89509e+06 2.60349e+06 2.32974e+06 2.07833e+06 1.83212e+06 1.60924e+06 1.42088e+06 1.24862e+06 1.12411e+06 992544 879514 780432 690990 649703 623701 606887 582281 566073 550453 538451 537396 539659 537998 536395 539025 534951 536317 526580 508688 491563 475951 468798 464405 473309 477798 493524 505672 513129 514677 513773 510739 509298 505705 506836 518431 528106 551652 556065 557324 565344 575022 608615 605878 606191 570486 582608 622741 682868 2.44313e+07 1.4859e+07 1.51306e+07 1.57364e+07 1.66178e+07 1.7573e+07 1.84683e+07 1.92418e+07 1.98761e+07 2.03784e+07 2.07669e+07 2.10627e+07 2.12856e+07 2.14527e+07 2.15777e+07 2.16712e+07 2.17413e+07 2.17941e+07 2.1834e+07 2.18642e+07 2.18873e+07 2.19051e+07 2.19187e+07 2.19293e+07 2.19375e+07 2.19439e+07 2.19489e+07 2.19528e+07 2.19559e+07 2.19583e+07 2.19603e+07 2.19618e+07 2.1963e+07 2.19639e+07 2.19647e+07 2.19653e+07 2.19658e+07 2.19662e+07 2.19665e+07 2.19667e+07 2.19669e+07 2.19671e+07 2.19672e+07 2.19673e+07 2.19674e+07 2.19674e+07 2.19675e+07 2.19675e+07 2.19675e+07 2.19676e+07 2.19676e+07 2.19676e+07 2.19676e+07 2.19676e+07 2.19676e+07 2.19676e+07 2.19676e+07 2.19676e+07 2.19676e+07 2.19677e+07 2.19677e+07 2.19677e+07 2.19677e+07 2.19677e+07 2.19677e+07 2.19677e+07 2.19677e+07 2.19677e+07 2.19677e+07 2.19677e+07 2.19677e+07 2.19677e+07 2.19677e+07 2.19677e+07 2.19677e+07 2.19677e+07 2.19677e+07 2.19677e+07 2.19677e+07 2.19677e+07 2.19677e+07 2.19677e+07 2.19677e+07 2.19677e+07 2.19677e+07 2.19677e+07 2.19677e+07 2.19677e+07 2.19677e+07 2.19677e+07 2.19677e+07 2.19677e+07 2.19677e+07 2.19677e+07 2.19677e+07 2.19677e+07 2.19677e+07 2.19677e+07 2.19677e+07 2.19677e+07 0 0 0 0 0 0 0 0 0 0 0 0 0 0 0 0 0 0 0 0 0 0 0 0 0
#obs cpue bio
 3.278e+06 2.25995e+06 3.63097e+06 4.70237e+06 2.3098e+06 2.29323e+06 2.67981e+06 2.14917e+06 2.32589e+06 1.06788e+06 1.29831e+06 1.08358e+06 871178 1.06556e+06 1.07568e+06 888973 726855 543718 612259 628770 709995 381341 625085 575558 722018 405382 391993 564328 489957 357498 693930 622773 645513 425080 619197 439856 369621 463900 640584 462112 523122 503247 580280 723476 506258 513762 575737 589339 415723 526588 515072 524620 573826 589374 602548 763400 684265 791611 557122 542334 564748 548402 528875
#pred surv len freq
 0.00462782 0.00756888 0.0114944 0.0164181 0.022237 0.0286436 0.0351033 0.0409925 0.0458356 0.0494615 0.0519771 0.0536278 0.05467 0.0553048 0.0556546 0.0557616 0.0556007 0.0550965 0.0541183 0.0524473 0.0497564 0.0456773 0.0399962 0.0328922 0.0250365
 0.00479441 0.00776264 0.0116482 0.0164343 0.0220285 0.0281904 0.0344871 0.0403757 0.0453866 0.0492691 0.0520083 0.0537544 0.0547432 0.0552325 0.0554446 0.0555143 0.0554613 0.0551859 0.0544736 0.0530002 0.0503617 0.0461801 0.0402986 0.0329847 0.0249797
 0.00493927 0.0080113 0.0120404 0.0169982 0.022755 0.0290057 0.0352473 0.0409066 0.045561 0.0490753 0.051556 0.0532066 0.0542224 0.0547697 0.0550016 0.0550513 0.0549917 0.0547793 0.0542098 0.052911 0.050405 0.0462625 0.0403295 0.0329225 0.024841
 0.00513495 0.00832136 0.0124936 0.0176197 0.0235649 0.0300122 0.0364299 0.0421941 0.0468204 0.0501286 0.0522324 0.0534072 0.0539585 0.0541452 0.0541518 0.0540866 0.0539825 0.0537773 0.0532686 0.0520809 0.0497095 0.0456876 0.0398397 0.03249 0.0244625
 0.00539135 0.00873132 0.0130975 0.0184497 0.0246391 0.0313251 0.0379436 0.0438355 0.0484869 0.0516975 0.0535671 0.0543668 0.0544211 0.054044 0.0535026 0.0529838 0.0525643 0.0521855 0.0516256 0.0504841 0.048232 0.0443774 0.0387223 0.0315751 0.0237507
 0.00560257 0.00907729 0.0136231 0.0191988 0.0256461 0.0326022 0.039467 0.0455395 0.0502722 0.0534478 0.0551633 0.0556927 0.0553639 0.0545007 0.0533983 0.0522969 0.0513431 0.0505433 0.0497152 0.048467 0.0462546 0.0425587 0.0371482 0.0302961 0.0227814
 0.00589124 0.00954031 0.0143087 0.0201486 0.0268893 0.0341449 0.0412794 0.0475491 0.0523697 0.055503 0.057043 0.0572734 0.0565372 0.0551741 0.0534973 0.0517721 0.0501864 0.0488051 0.0475115 0.0459695 0.0436656 0.0400796 0.0349492 0.0284923 0.0214195
 0.00620625 0.0100428 0.0150473 0.0211627 0.0282029 0.0357573 0.0431537 0.0496085 0.0545057 0.0575934 0.0589682 0.0589239 0.0578149 0.0559913 0.0537766 0.0514506 0.0492257 0.0472084 0.045344 0.0433701 0.0408397 0.0372693 0.0323875 0.0263553 0.0197938
 0.00655499 0.0105971 0.0158579 0.0222685 0.029624 0.0374855 0.0451411 0.0517641 0.0567072 0.0597098 0.0608799 0.0605327 0.0590425 0.0567731 0.0540548 0.0511712 0.0483434 0.0457021 0.0432406 0.0407693 0.0379241 0.0342869 0.0296039 0.0239913 0.017974
 0.00687687 0.0111259 0.0166632 0.0234165 0.0311623 0.0394196 0.0474126 0.0542462 0.0592267 0.062085 0.0629546 0.0621933 0.0602177 0.0574237 0.0541602 0.0507161 0.047312 0.0440841 0.0410531 0.0380871 0.0349036 0.0311629 0.0266494 0.0214503 0.0159972
 0.00717445 0.011608 0.0173866 0.0244352 0.0325199 0.0411357 0.0494651 0.0565589 0.0616711 0.0644967 0.0651583 0.0640282 0.0615595 0.058196 0.054331 0.0502846 0.0462907 0.0424912 0.0389214 0.0354884 0.0319765 0.0281199 0.0237484 0.0189326 0.0140215
 0.00745655 0.0120603 0.0180558 0.0253615 0.0337315 0.0426387 0.0512329 0.0585273 0.0637441 0.0665603 0.0670921 0.0657129 0.0628821 0.0590584 0.0546613 0.0500427 0.0454675 0.0411031 0.0370097 0.0331309 0.0293049 0.025328 0.0210708 0.0165933 0.0121733
 0.0077533 0.0125385 0.0187673 0.0263504 0.0350248 0.0442324 0.0530777 0.0605265 0.0657693 0.0684782 0.0687883 0.0671008 0.0638993 0.0596584 0.0548064 0.0497036 0.0446268 0.0397624 0.0351985 0.0309187 0.0268138 0.0227352 0.0185886 0.0144243 0.0104566
 0.00786967 0.0127436 0.0191058 0.0268749 0.0357855 0.0452599 0.0543658 0.062024 0.0673871 0.0701063 0.0703143 0.0684247 0.0649416 0.0603621 0.0551331 0.0496267 0.0441279 0.0388333 0.033852 0.0292037 0.024829 0.0206312 0.016549 0.0126258 0.00902303
 0.00798315 0.0129449 0.0194401 0.027396 0.0365447 0.0462885 0.0556566 0.0635224 0.0689972 0.0717079 0.0717833 0.0696506 0.0658411 0.0608849 0.0552608 0.0493632 0.0434882 0.0378368 0.0325255 0.0275939 0.023018 0.0187428 0.0147356 0.0110352 0.00775872
 0.00809799 0.0131304 0.0197183 0.0277896 0.0370768 0.0469798 0.0565186 0.0645491 0.070157 0.0729402 0.0730022 0.0707558 0.0667346 0.0614877 0.0555231 0.0492665 0.0430388 0.0370581 0.0314531 0.0262789 0.0215358 0.0171978 0.0132524 0.00973384 0.00672342
 0.00823764 0.0133545 0.0200499 0.0282474 0.037671 0.0477064 0.0573549 0.0654543 0.0710811 0.0738351 0.0738273 0.0714756 0.0673116 0.0618801 0.055689 0.0491727 0.0426691 0.0364162 0.0305633 0.0251864 0.0203079 0.0159239 0.0120354 0.00867007 0.00587935
 0.00845415 0.0136916 0.0205291 0.028878 0.0384484 0.0486092 0.0583418 0.0664638 0.0720389 0.0746688 0.0744812 0.071919 0.0675382 0.0618994 0.0555149 0.0488154 0.042133 0.0357056 0.0296907 0.0241806 0.019219 0.014822 0.0110011 0.00777784 0.00517818
 0.00848983 0.0137396 0.0205836 0.0289293 0.0384883 0.0486388 0.0583768 0.0665334 0.072177 0.0749018 0.0748166 0.0723407 0.0680089 0.0623684 0.0559282 0.0491233 0.0422955 0.0356949 0.0294954 0.02381 0.0187067 0.0142244 0.0103885 0.00721847 0.0047218
 0.00852387 0.0137838 0.0206293 0.0289609 0.0384866 0.0485878 0.0582709 0.0663828 0.0720097 0.0747604 0.07475 0.07239 0.0681934 0.0626764 0.0563181 0.0495339 0.0426601 0.0359551 0.0296108 0.0237652 0.0185139 0.0139217 0.0100312 0.00686515 0.00441902
 0.00857922 0.0138606 0.0207198 0.0290487 0.0385493 0.0486028 0.0582215 0.0662625 0.0718255 0.0745346 0.0745195 0.0722014 0.0680927 0.0626961 0.0564654 0.0497856 0.0429674 0.0362558 0.0298454 0.0238917 0.0185174 0.0138161 0.00985282 0.00666005 0.0042282
 0.00865774 0.0139926 0.0209251 0.0293445 0.0389417 0.0490755 0.0587281 0.0667308 0.0721757 0.0747043 0.074484 0.0719795 0.0677388 0.0622835 0.0560672 0.0494566 0.0427319 0.0361054 0.0297475 0.0238051 0.0184093 0.0136733 0.0096834 0.00648567 0.00407259
 0.00863257 0.0139592 0.0208896 0.0293194 0.0389453 0.0491287 0.0588489 0.0669262 0.0724337 0.0749903 0.0747459 0.0721632 0.067808 0.0622335 0.0559253 0.0492701 0.042549 0.0359583 0.0296439 0.0237317 0.0183437 0.0135973 0.0095917 0.00638596 0.00397863
 0.00865885 0.0139925 0.0209227 0.0293412 0.0389455 0.0491049 0.058812 0.0668994 0.0724448 0.0750595 0.0748752 0.0723323 0.0679787 0.0623636 0.0559846 0.0492518 0.0424702 0.0358493 0.0295335 0.0236356 0.0182631 0.0135252 0.00952175 0.00631752 0.00391624
 0.00880521 0.0141997 0.0211774 0.0296104 0.0391847 0.0492723 0.0588809 0.0668653 0.0723249 0.0748885 0.0746961 0.0721843 0.067885 0.0623236 0.0559774 0.0492475 0.0424453 0.0357956 0.0294578 0.0235516 0.0181822 0.0134528 0.00945843 0.00626269 0.00387045
 0.00880386 0.0142086 0.0212097 0.0296813 0.0393028 0.0494282 0.0590417 0.0669815 0.0723507 0.074804 0.0745192 0.0719637 0.0676799 0.0621808 0.0559166 0.0492601 0.0425032 0.0358665 0.0295173 0.0235887 0.0181971 0.013451 0.00944622 0.00624533 0.00385202
 0.00866995 0.0140136 0.0209593 0.0293978 0.0390211 0.0491884 0.0588793 0.0669182 0.0723867 0.0749154 0.0746652 0.0721037 0.0677911 0.0622663 0.0559976 0.0493593 0.0426303 0.0360141 0.0296668 0.023721 0.0182999 0.0135214 0.00948815 0.00626606 0.00385924
 0.00861057 0.0139129 0.0208014 0.0291687 0.0387163 0.0488225 0.0584917 0.0665692 0.0721401 0.0748154 0.0747203 0.072285 0.0680465 0.0625418 0.0562556 0.0495858 0.0428293 0.0361951 0.0298344 0.0238717 0.0184265 0.0136181 0.00955438 0.00630627 0.00388046
 0.00859518 0.0138829 0.0207465 0.0290753 0.0385696 0.0486106 0.0582129 0.0662372 0.0717874 0.0744911 0.0744788 0.0721703 0.0680763 0.0627012 0.0565045 0.0498756 0.0431198 0.0364623 0.0300687 0.0240709 0.0185897 0.0137449 0.0096458 0.00636641 0.00391608
 0.0084353 0.0136497 0.0204448 0.0287257 0.0382015 0.048251 0.0578781 0.0659332 0.0715162 0.0742591 0.0743025 0.0720753 0.0680902 0.0628416 0.0567687 0.0502375 0.0435368 0.0368881 0.0304656 0.024415 0.0188704 0.0139607 0.00980159 0.00647093 0.00398055
 0.00828509 0.0134189 0.0201238 0.0283177 0.0377253 0.047742 0.0573863 0.0655151 0.071219 0.0741046 0.074282 0.0721595 0.0682482 0.0630553 0.0570344 0.0505561 0.0439019 0.0372805 0.0308567 0.0247754 0.0191779 0.0142042 0.00998061 0.00659272 0.00405679
 0.00805533 0.0130628 0.0196211 0.0276636 0.0369336 0.0468485 0.0564528 0.0646273 0.0704746 0.0735918 0.0740566 0.0722326 0.0685868 0.0635968 0.0577065 0.0512947 0.0446578 0.0380177 0.0315454 0.0253895 0.0196963 0.0146152 0.0102843 0.00680062 0.00418784
 0.00793195 0.0128651 0.0193294 0.0272626 0.0364166 0.0462234 0.0557482 0.0638937 0.0697782 0.0730023 0.0736358 0.0720244 0.0686114 0.0638466 0.0581478 0.0518746 0.0453168 0.0386999 0.0322048 0.0259907 0.0202137 0.0150335 0.0105996 0.00702046 0.00432866
 0.00790271 0.0128138 0.019245 0.0271316 0.0362247 0.0459598 0.0554092 0.063487 0.0693241 0.072533 0.0731927 0.0716543 0.068359 0.0637469 0.0582176 0.0521082 0.0456858 0.0391601 0.0327056 0.0264842 0.0206613 0.0154091 0.010891 0.00722858 0.00446473
 0.008114 0.0131038 0.0195824 0.0274534 0.0364535 0.0460303 0.0552915 0.0631912 0.0688899 0.0720131 0.0726405 0.0711189 0.0678856 0.0633757 0.0579808 0.0520245 0.0457555 0.039363 0.0330044 0.0268321 0.0210119 0.0157247 0.011148 0.00741874 0.00459241
 0.00895586 0.014323 0.0211374 0.0292034 0.038189 0.0475294 0.0563707 0.0637338 0.068856 0.0714404 0.071635 0.0698307 0.0664741 0.0619802 0.0567052 0.0509361 0.0448899 0.0387289 0.0325866 0.0265962 0.0209115 0.0157112 0.011179 0.00746338 0.00463292
 0.00956004 0.0153004 0.0225903 0.0311993 0.0407181 0.0504534 0.0593935 0.0664367 0.0708083 0.0723391 0.0713968 0.068591 0.0645106 0.0596139 0.054225 0.0485617 0.0427658 0.0369339 0.0311483 0.0255041 0.0201283 0.0151829 0.0108454 0.00726714 0.00452589
 0.00943243 0.0152024 0.0226462 0.0315946 0.0416536 0.0520677 0.0616861 0.0692302 0.0737667 0.0750368 0.0734166 0.0696278 0.0644475 0.0585424 0.0523985 0.0463084 0.0404005 0.0347012 0.029204 0.0239223 0.01892 0.014316 0.0102628 0.00690192 0.00431349
 0.00899112 0.0145371 0.0217496 0.030515 0.0405075 0.0510447 0.0610349 0.0692101 0.0745604 0.0766562 0.0756559 0.0721017 0.0667049 0.0602038 0.0532591 0.0463691 0.0398282 0.0337464 0.028116 0.0228923 0.0180605 0.013668 0.00981661 0.0066203 0.00415054
 0.00882121 0.0142457 0.0212855 0.0298278 0.039569 0.0498794 0.059749 0.0679971 0.073671 0.0763345 0.0760619 0.0732449 0.068418 0.0621751 0.0551215 0.0478126 0.040687 0.0340248 0.0279491 0.0224721 0.0175647 0.0132185 0.00947142 0.00638756 0.00401061
 0.00875573 0.0141181 0.0210534 0.0294367 0.0389625 0.0490195 0.0586391 0.0667007 0.0723187 0.0751147 0.0751928 0.0729261 0.068768 0.0631774 0.0566087 0.049506 0.0422827 0.0352886 0.0287767 0.0228905 0.0176855 0.0131747 0.00936994 0.00629091 0.00394233
 0.00871491 0.0140589 0.0209758 0.0293398 0.0388377 0.0488424 0.0583676 0.0662854 0.0717258 0.0743546 0.07434 0.0721178 0.0681771 0.0629615 0.0568524 0.05018 0.0432443 0.036329 0.0296966 0.0235649 0.0180877 0.0133555 0.00941228 0.0062704 0.00390735
 0.0086463 0.01396 0.0208506 0.0292006 0.0387018 0.0487253 0.0582758 0.0662096 0.071638 0.0742125 0.0741028 0.0717713 0.0677558 0.0625544 0.056579 0.0501444 0.0434863 0.0368016 0.0302836 0.0241313 0.018533 0.0136418 0.00955827 0.00632282 0.0039129
 0.00867263 0.013992 0.0208794 0.0292126 0.0386844 0.0486746 0.058201 0.0661303 0.071573 0.0741667 0.0740598 0.0716978 0.0676193 0.0623458 0.0563289 0.0499197 0.0433643 0.0368326 0.0304644 0.0244063 0.0188232 0.0138814 0.00971739 0.00640664 0.00394533
 0.00871484 0.0140592 0.0209769 0.0293422 0.0388412 0.0488444 0.0583599 0.0662499 0.0716304 0.0741538 0.0739843 0.0715753 0.0674615 0.062156 0.0561092 0.0496838 0.043145 0.0366729 0.0303971 0.0244353 0.0189204 0.0140023 0.0098232 0.00647814 0.0039829
 0.0086974 0.0140434 0.0209763 0.0293768 0.0389316 0.0490024 0.0585803 0.0665079 0.0718868 0.0743653 0.0741159 0.0716087 0.0673975 0.0620103 0.0559043 0.0494444 0.0428972 0.0364457 0.0302188 0.0243245 0.0188779 0.0140106 0.00985598 0.0065127 0.0040073
 0.0087359 0.0140909 0.0210208 0.0294005 0.0389194 0.0489528 0.0585124 0.0664563 0.0718864 0.0744329 0.0742409 0.0717574 0.0675281 0.0620889 0.0559153 0.0493906 0.0427956 0.036321 0.0300975 0.0242289 0.0188201 0.0139902 0.00986189 0.0065303 0.00402499
 0.00888551 0.0143124 0.0213129 0.0297452 0.0392839 0.0492955 0.0587902 0.0666339 0.0719466 0.0743841 0.074114 0.0715922 0.0673555 0.0619202 0.0557443 0.0492059 0.0425918 0.0361044 0.0298842 0.0240386 0.0186686 0.013884 0.00979756 0.00649727 0.00401102
 0.00892943 0.0143919 0.0214464 0.0299519 0.0395755 0.0496649 0.0592033 0.0670324 0.0722636 0.0745667 0.074141 0.0714784 0.0671417 0.0616556 0.0554693 0.0489427 0.0423462 0.0358749 0.0296709 0.0238468 0.0185072 0.0137599 0.00971189 0.00644479 0.00398269
 0.0088558 0.0142787 0.0212892 0.0297543 0.0393517 0.0494417 0.0590184 0.0669259 0.0722639 0.074676 0.0743319 0.0717045 0.0673577 0.061833 0.0556011 0.0490365 0.0424128 0.0359212 0.0296992 0.023859 0.018507 0.0137535 0.00970492 0.00644061 0.00398172
 0.00875692 0.0141321 0.0210948 0.0295215 0.0390969 0.0491841 0.0587785 0.0667259 0.0721276 0.0746263 0.074383 0.0718542 0.0675836 0.062098 0.0558656 0.0492706 0.0426024 0.0360653 0.0298039 0.0239315 0.0185545 0.0137826 0.0097219 0.00645046 0.00398779
 0.00857161 0.0138364 0.020662 0.0289346 0.0383573 0.0483221 0.0578603 0.0658492 0.0714019 0.0741443 0.0741992 0.0719775 0.0679825 0.0627112 0.0566144 0.0500721 0.0433832 0.0367714 0.0304044 0.024416 0.0189266 0.0140546 0.00991037 0.00657358 0.00406313
 0.00865294 0.0139482 0.0207914 0.0290546 0.0384307 0.0483108 0.0577354 0.0655999 0.0710412 0.073711 0.073753 0.0715861 0.0677051 0.0625841 0.0566437 0.0502356 0.043639 0.0370703 0.0307016 0.0246794 0.0191397 0.0142138 0.010021 0.00664523 0.00410636
 0.00867583 0.0139977 0.0208871 0.0292181 0.0386752 0.0486266 0.0580802 0.0659034 0.0712259 0.0737202 0.0735717 0.0712465 0.0672743 0.0621435 0.0562661 0.049969 0.0434985 0.0370419 0.0307523 0.0247712 0.0192401 0.014302 0.0100879 0.00669051 0.00413408
 0.00862708 0.0139205 0.0207763 0.0290738 0.038507 0.0484569 0.057943 0.0658344 0.0712453 0.0738181 0.0737072 0.0713641 0.0673306 0.0621262 0.0561976 0.0498918 0.0434554 0.0370581 0.0308295 0.0248914 0.0193764 0.0144299 0.0101919 0.00676523 0.00418216
 0.00863001 0.0139149 0.0207487 0.0290059 0.038381 0.0482643 0.0576931 0.0655574 0.0709869 0.0736264 0.0736165 0.0713819 0.0674345 0.0622742 0.0563472 0.0500187 0.0435591 0.0371544 0.0309356 0.0250139 0.019509 0.0145581 0.0103016 0.0068484 0.00423826
 0.00840333 0.0135675 0.0202655 0.0283871 0.0376421 0.0474348 0.0568178 0.0646981 0.0702201 0.0730339 0.073271 0.0713308 0.0676862 0.0627927 0.057059 0.0508315 0.0443863 0.0379328 0.0316301 0.025611 0.0200055 0.0149547 0.0106016 0.00706031 0.00437611
 0.00855191 0.0137834 0.0205424 0.0287019 0.0379591 0.047715 0.0570253 0.0648027 0.0701983 0.0728734 0.0729776 0.0709355 0.0672445 0.0623724 0.0567202 0.050609 0.0442822 0.0379243 0.0316845 0.0256985 0.0201048 0.0150517 0.0106872 0.00712874 0.00442544
 0.00866085 0.013957 0.0207957 0.0290425 0.0383816 0.0481937 0.0575107 0.0652271 0.0704927 0.0729872 0.0728931 0.0706684 0.0668362 0.0618804 0.0562088 0.0501384 0.0438977 0.0376475 0.0315129 0.0256123 0.0200779 0.0150599 0.0107115 0.00715658 0.00444959
 0.00905243 0.0145694 0.0216707 0.0301984 0.0398051 0.0498294 0.0592512 0.0669138 0.0719374 0.0740119 0.0733699 0.0705465 0.0661484 0.0607305 0.0547471 0.0485313 0.0422994 0.0361795 0.0302532 0.0245956 0.0193031 0.0145017 0.0103324 0.00691512 0.00430642
 0.00895659 0.0144356 0.0215113 0.0300425 0.0396948 0.0498125 0.0593716 0.0672015 0.0723978 0.0746159 0.0740499 0.0712047 0.066678 0.0610441 0.054801 0.0483363 0.0419141 0.0356891 0.0297447 0.0241367 0.0189326 0.0142304 0.0101508 0.00680368 0.00424373
 0.00866671 0.0139802 0.0208582 0.029179 0.0386387 0.048624 0.0581613 0.0661233 0.0716181 0.0742689 0.0741985 0.0718232 0.06766 0.0622306 0.0560184 0.0494364 0.042803 0.0363376 0.0301768 0.0244062 0.0190973 0.0143351 0.0102227 0.00685538 0.00428032
 0.00804224 0.0130402 0.0195837 0.027603 0.0368369 0.0466994 0.0562359 0.0643382 0.0701311 0.0732386 0.0737571 0.0720447 0.0685362 0.0636629 0.0578324 0.0514174 0.0447421 0.0380731 0.031617 0.025528 0.0199272 0.014924 0.010625 0.00711923 0.00444467
#obs surv len freq
 nan nan nan nan nan nan nan nan nan nan nan nan nan nan nan nan nan nan nan nan nan nan nan nan nan
 0.00448328 0.0073439 0.0111731 0.0159887 0.0216888 0.0279638 0.0342777 0.0400091 0.0446891 0.0481537 0.0505126 0.0520095 0.0529029 0.0534163 0.0537313 0.0539869 0.0542659 0.0545589 0.0546978 0.0542898 0.0527278 0.0493597 0.0438092 0.0362887 0.0276717
 0.00461565 0.007561 0.011503 0.0164576 0.0223147 0.0287463 0.0351884 0.0409889 0.0456565 0.049021 0.0512027 0.0524673 0.0531004 0.0533531 0.0534298 0.0534845 0.0536064 0.053785 0.0538487 0.0534025 0.0518411 0.0485169 0.0430551 0.0356614 0.0271923
 0.00477422 0.00782112 0.0118989 0.0170227 0.0230753 0.0297112 0.0363372 0.0422668 0.0469792 0.0502878 0.0523117 0.053328 0.0536436 0.0535382 0.0532485 0.0529584 0.0527807 0.0527192 0.0526089 0.0520589 0.0504688 0.047196 0.0418651 0.0346679 0.0264316
 0.00496903 0.00813832 0.0123773 0.0176991 0.0239776 0.0308483 0.0376871 0.0437719 0.0485527 0.0518276 0.0537135 0.0544942 0.0544885 0.0539935 0.05327 0.0525317 0.051924 0.0514816 0.051066 0.0503081 0.0486255 0.0453875 0.040217 0.0332828 0.0253671
 0.00518174 0.00848804 0.0129108 0.0184623 0.0250063 0.0321539 0.0392422 0.045506 0.0503626 0.0535975 0.0553327 0.0558656 0.0555295 0.0546343 0.0534543 0.0522214 0.0511058 0.0501758 0.0493327 0.0482505 0.0463872 0.0431405 0.0381376 0.0315181 0.0240026
 0.00542294 0.00888091 0.0135037 0.0193012 0.0261271 0.0335689 0.040926 0.0473894 0.05234 0.0555457 0.0571296 0.0574028 0.0567173 0.0554014 0.0537448 0.0519928 0.0503312 0.048853 0.047499 0.0459973 0.0438661 0.0405531 0.0357036 0.0294282 0.022374
 0.00564488 0.00924725 0.0140654 0.0201093 0.0272231 0.0349692 0.0426064 0.0492796 0.0543344 0.0575236 0.058974 0.0590094 0.0579967 0.0562784 0.054157 0.0518892 0.0496739 0.0476243 0.0457167 0.0437346 0.0412672 0.0378283 0.0330966 0.0271607 0.02059
 0.00589259 0.00965066 0.0146741 0.0209705 0.0283735 0.0364216 0.0443355 0.0512152 0.0563702 0.059536 0.0608416 0.0606255 0.0592742 0.0571484 0.0545652 0.0517906 0.0490315 0.0464143 0.0439444 0.0414582 0.0386186 0.0350154 0.0303732 0.0247676 0.0186914
 0.00613681 0.0100541 0.0152927 0.02186 0.0295772 0.0379525 0.0461583 0.0532423 0.0584761 0.0615839 0.0627064 0.0622055 0.0604918 0.0579463 0.0549007 0.0516302 0.0483469 0.0451856 0.0421737 0.0391933 0.0359781 0.0321962 0.0276253 0.0223362 0.0167499
 0.00637075 0.0104354 0.0158689 0.0226769 0.0306716 0.0393399 0.0478181 0.0551103 0.0604503 0.0635406 0.0645199 0.0637632 0.0617033 0.0587469 0.0552475 0.0514954 0.0477107 0.0440353 0.0405136 0.0370663 0.0334902 0.0295275 0.0250095 0.020008 0.0148802
 0.00662474 0.0108502 0.0164965 0.0235656 0.0318562 0.0408252 0.0495642 0.0570294 0.0624211 0.065434 0.0662198 0.0651764 0.0627595 0.0593956 0.0554551 0.0512415 0.0469842 0.0428335 0.0388486 0.0349824 0.0310861 0.0269676 0.0225084 0.0177829 0.0130912
 0.00684699 0.0112189 0.0170647 0.0243871 0.0329732 0.0422509 0.0512645 0.0589171 0.0643692 0.0673014 0.0678773 0.0665225 0.0637253 0.0599413 0.0555634 0.0509083 0.046212 0.0416299 0.037233 0.0330014 0.0288319 0.0245887 0.0201964 0.0157315 0.0114432
 0.00706138 0.011571 0.0176014 0.0251546 0.0340083 0.0435667 0.0528353 0.0606712 0.0661969 0.0690738 0.069467 0.0678199 0.0646488 0.0604417 0.0556219 0.0505291 0.0454124 0.040434 0.0356737 0.0311312 0.0267395 0.0224079 0.0180953 0.0138778 0.00995921
 0.00725856 0.0118928 0.0180881 0.0258443 0.0349298 0.0447278 0.0542106 0.062198 0.0677831 0.0706142 0.0708592 0.0689737 0.065491 0.0609196 0.0557047 0.0502082 0.0446984 0.0393521 0.0342628 0.0294495 0.024874 0.02048 0.016251 0.0122597 0.00866889
 0.00742028 0.0121581 0.0184915 0.0264194 0.0357021 0.0457042 0.0553689 0.063483 0.0691152 0.0719046 0.0720242 0.0699425 0.066208 0.061343 0.055806 0.0499723 0.0441238 0.0384527 0.0330698 0.0280162 0.0232812 0.0188369 0.0146847 0.0108906 0.00758068
 0.007534 0.0123455 0.0187786 0.0268322 0.0362623 0.0464214 0.0562322 0.0644576 0.070146 0.0729262 0.0729705 0.0707541 0.066835 0.0617471 0.0559597 0.0498574 0.0437321 0.0377873 0.0321499 0.0268827 0.0220019 0.0175058 0.0134106 0.00977542 0.0066945
 0.00758065 0.0124193 0.0188866 0.0269814 0.0364613 0.046681 0.0565647 0.0648734 0.0706485 0.0735066 0.0736049 0.0714034 0.0674497 0.0622729 0.0563447 0.0500576 0.0437147 0.0375344 0.0316622 0.0261845 0.0211447 0.0165669 0.0124824 0.00894635 0.00602705
 0.00764786 0.0125174 0.0190135 0.0271286 0.0366167 0.0468346 0.056713 0.0650221 0.0708114 0.0737022 0.0738504 0.0717071 0.0678039 0.0626509 0.0567032 0.0503441 0.0438775 0.0375318 0.0314709 0.0258062 0.0206103 0.0159343 0.011827 0.00834308 0.00553188
 0.00772541 0.0126398 0.0191903 0.0273637 0.0369056 0.0471607 0.0570466 0.0653248 0.071048 0.0738545 0.0739247 0.0717312 0.0678139 0.0626758 0.0567526 0.0504043 0.0439153 0.0375052 0.0313422 0.0255551 0.0202425 0.0154833 0.0113466 0.00789185 0.00515611
 0.0077713 0.0127112 0.0192917 0.0274976 0.0370719 0.0473564 0.0572644 0.0655515 0.0712642 0.0740378 0.0740559 0.0718012 0.0678286 0.062654 0.0567184 0.0503747 0.0438912 0.0374692 0.0312659 0.0254121 0.0200216 0.0151962 0.0110256 0.00757904 0.00488842
 0.00783355 0.0128042 0.0194164 0.0276495 0.0372423 0.0475351 0.0574412 0.0657173 0.0714115 0.0741599 0.074147 0.0718561 0.0678437 0.0626301 0.0566624 0.0502987 0.0438068 0.0373802 0.0311656 0.0252862 0.0198584 0.0149954 0.0108024 0.00735895 0.00469704
 0.00786466 0.0128546 0.0194915 0.0277532 0.0373749 0.0476908 0.0576074 0.0658759 0.0715443 0.0742554 0.0742028 0.0718774 0.0678384 0.0626041 0.0566191 0.0502403 0.043736 0.0372997 0.0310754 0.0251828 0.0197365 0.0148542 0.0106489 0.00720764 0.00456411
 0.00786545 0.0128563 0.019495 0.0277601 0.0373878 0.0477133 0.0576432 0.0659275 0.0716109 0.0743316 0.0742801 0.0719469 0.0678935 0.0626426 0.0566413 0.0502475 0.0437291 0.0372788 0.0310397 0.025131 0.0196677 0.0147693 0.0105533 0.00711088 0.00447716
 0.00786309 0.0128472 0.0194719 0.0277137 0.0373104 0.0476037 0.0575106 0.0657914 0.071496 0.0742605 0.074266 0.0719908 0.0679856 0.062766 0.0567776 0.0503809 0.043848 0.0373758 0.0311105 0.0251733 0.0196813 0.0147568 0.0105206 0.00706681 0.0044315
 0.00788746 0.0128787 0.019504 0.0277346 0.0373056 0.04756 0.0574212 0.0656588 0.0713338 0.0740911 0.0741172 0.0718885 0.067947 0.0627946 0.0568635 0.0505047 0.0439876 0.0375114 0.0312277 0.0252633 0.0197405 0.0147864 0.0105256 0.00705505 0.00441172
 0.00788235 0.012872 0.0194964 0.0277268 0.0372964 0.0475448 0.0573913 0.0656037 0.071246 0.0739716 0.0739782 0.0717521 0.067839 0.0627369 0.0568675 0.0505685 0.0440971 0.0376457 0.0313648 0.0253854 0.0198363 0.0148518 0.0105626 0.00707003 0.00441265
 0.00788988 0.0128798 0.0195004 0.0277208 0.0372747 0.0475047 0.0573353 0.0655382 0.0711774 0.0739028 0.0739085 0.0716804 0.0677687 0.0626779 0.0568337 0.050572 0.0441425 0.0377275 0.0314689 0.0254942 0.0199339 0.0149281 0.0106142 0.00709948 0.00442586
 0.00787632 0.0128588 0.0194705 0.027681 0.0372237 0.0474416 0.0572593 0.0654508 0.0710834 0.0738109 0.0738288 0.0716213 0.0677342 0.062668 0.0568472 0.0506089 0.0442038 0.0378126 0.0315726 0.0256061 0.0200411 0.0150192 0.0106828 0.00714492 0.00445203
 0.00785934 0.0128276 0.0194173 0.0275971 0.0371027 0.0472833 0.0570734 0.0652557 0.0709019 0.0736632 0.0737283 0.0715736 0.0677384 0.0627189 0.0569367 0.0507275 0.0443426 0.0379637 0.0317287 0.025759 0.0201819 0.0151391 0.0107761 0.00721052 0.00449334
 0.00785842 0.0128244 0.0194089 0.0275791 0.0370691 0.0472275 0.05699 0.065143 0.0707644 0.0735129 0.0735832 0.0714531 0.0676585 0.062688 0.056955 0.0507891 0.0444377 0.0380815 0.0318585 0.0258908 0.0203062 0.0152478 0.0108634 0.00727425 0.0045353
 0.00782637 0.0127728 0.0193323 0.0274731 0.036932 0.0470618 0.0568036 0.0649492 0.0705791 0.0733513 0.0734573 0.0713719 0.0676279 0.0627116 0.0570321 0.050914 0.0446 0.0382674 0.0320532 0.0260804 0.0204788 0.0153945 0.0109792 0.00735851 0.00459124
 0.0078029 0.0127347 0.019275 0.0273925 0.0368252 0.0469286 0.056648 0.06478 0.070409 0.0731945 0.0733273 0.0712791 0.0675794 0.0627107 0.0570792 0.0510063 0.0447314 0.0384281 0.0322304 0.0262599 0.020647 0.0155405 0.0110963 0.00744477 0.00464929
 0.00775712 0.0126607 0.0191647 0.0272394 0.0366263 0.0466876 0.0563775 0.0645017 0.0701496 0.0729796 0.073176 0.071202 0.0675784 0.0627809 0.0572112 0.0511881 0.0449497 0.0386689 0.0324792 0.0265017 0.0208678 0.015729 0.0112458 0.00755422 0.00472271
 0.00773546 0.0126187 0.0190893 0.0271147 0.0364383 0.0464307 0.0560609 0.0641503 0.0697995 0.0726694 0.0729383 0.0710585 0.0675381 0.0628411 0.0573595 0.0514064 0.0452168 0.0389635 0.0327809 0.026792 0.0211307 0.0159521 0.0114223 0.00768321 0.00480924
 0.00933019 0.0148539 0.0217926 0.0299037 0.0388303 0.0480186 0.0566535 0.0638018 0.0687335 0.0711654 0.0712462 0.0693628 0.0659583 0.0614449 0.0561772 0.050442 0.0444576 0.0383872 0.0323608 0.0265 0.0209393 0.0158356 0.0113575 0.00765127 0.00479583
 0.00931252 0.0151206 0.0227149 0.0319424 0.0423359 0.0529605 0.0624479 0.0694049 0.0730103 0.0733346 0.0711377 0.0673645 0.0627465 0.057696 0.0523984 0.0469383 0.0413763 0.0357777 0.0302206 0.0248005 0.0196381 0.0148815 0.0106932 0.00721608 0.00453002
 0.00897413 0.0145861 0.0219617 0.0310173 0.0414104 0.0523689 0.0626484 0.0708173 0.0757662 0.0770905 0.075115 0.0706446 0.0646539 0.0580332 0.0514198 0.0451373 0.0392515 0.0336952 0.0283866 0.0232978 0.0184747 0.0140271 0.0100996 0.00682851 0.00429416
 0.00879298 0.0142838 0.0214928 0.0303377 0.0404938 0.0512386 0.061418 0.0697198 0.0751367 0.0772752 0.0763163 0.0727734 0.0672935 0.0605735 0.0533046 0.0460775 0.0392848 0.0330872 0.0274683 0.0223396 0.0176385 0.0133776 0.00963856 0.0065263 0.00411103
 0.00872425 0.0141658 0.0213025 0.0300476 0.0400751 0.0506686 0.0606929 0.0688707 0.0742476 0.0764954 0.0758513 0.0728334 0.068002 0.0618751 0.054941 0.0476702 0.0404898 0.0337286 0.0275741 0.0220773 0.0172109 0.0129432 0.00928364 0.00627567 0.00395346
 0.00868308 0.0140982 0.0211992 0.0298982 0.0398683 0.0503932 0.0603401 0.068437 0.0737404 0.0759421 0.075311 0.0724047 0.0678118 0.0620391 0.0555022 0.0485518 0.0415019 0.0346394 0.0282075 0.0223759 0.0172314 0.012801 0.00909024 0.0061028 0.0038294
 0.00869423 0.0141097 0.0212041 0.0298855 0.039825 0.0503078 0.0602051 0.0682497 0.0735014 0.0756545 0.0749837 0.0720611 0.0674984 0.0618263 0.0554679 0.0487467 0.0419133 0.03518 0.0287452 0.0227912 0.0174658 0.012868 0.00904877 0.00601857 0.00374806
 0.00868219 0.0140944 0.0211884 0.0298735 0.0398195 0.0503066 0.060199 0.068224 0.0734406 0.075548 0.0748294 0.0718663 0.0672807 0.0616156 0.0553067 0.0486827 0.041981 0.0353795 0.0290324 0.0230922 0.0177094 0.013016 0.00910432 0.00601221 0.00371543
 0.00867763 0.014087 0.0211778 0.0298598 0.0398041 0.0502925 0.0601902 0.0682231 0.0734459 0.0755509 0.0748164 0.0718233 0.0672001 0.0615015 0.0551774 0.0485687 0.0419166 0.03539 0.0291205 0.0232337 0.0178626 0.0131414 0.00918115 0.0060425 0.00371527
 0.00864235 0.0140346 0.0211079 0.0297756 0.0397114 0.0501985 0.0601029 0.0681506 0.0733957 0.0755284 0.0748218 0.0718503 0.0672365 0.0615337 0.0551963 0.048575 0.0419224 0.0354133 0.0291755 0.0233216 0.0179695 0.0132448 0.00926163 0.00609209 0.00373777
 0.00865027 0.0140427 0.0211115 0.029768 0.0396861 0.0501529 0.0600405 0.0680808 0.0733303 0.0754777 0.0747911 0.07184 0.0672424 0.061549 0.0552132 0.048588 0.0419309 0.0354226 0.0291945 0.023357 0.0180205 0.0133027 0.00931474 0.0061315 0.00376111
 0.00864505 0.0140367 0.0211068 0.0297671 0.0396905 0.0501606 0.0600454 0.0680748 0.0733074 0.0754375 0.0747407 0.0717905 0.0672041 0.0615274 0.0552078 0.0485942 0.0419433 0.0354382 0.0292137 0.023382 0.0180525 0.0133395 0.00935092 0.00616144 0.00378174
 0.00864448 0.0140339 0.0210995 0.0297527 0.039667 0.0501291 0.0600101 0.0680417 0.0732814 0.0754199 0.0747288 0.0717804 0.0671944 0.0615197 0.055206 0.0486009 0.0419587 0.0354602 0.02924 0.0234109 0.0180833 0.0133707 0.00938023 0.00618603 0.00379975
 0.00863033 0.0140129 0.0210715 0.0297185 0.0396281 0.0500867 0.0599653 0.067996 0.0732378 0.075383 0.0747037 0.0717705 0.0671996 0.0615375 0.0552326 0.0486333 0.0419952 0.0354995 0.0292807 0.0234514 0.0181219 0.0134059 0.00941051 0.00621019 0.00381724
 0.00860846 0.0139777 0.0210195 0.0296472 0.0395375 0.0499804 0.0598515 0.0678869 0.0731461 0.0753192 0.0746728 0.0717727 0.0672317 0.0615939 0.0553065 0.0487177 0.0420832 0.0355859 0.0293615 0.0235243 0.0181851 0.0134585 0.00945213 0.00624112 0.00383853
 0.00860846 0.0139777 0.0210195 0.0296472 0.0395375 0.0499804 0.0598515 0.0678869 0.0731461 0.0753192 0.0746728 0.0717727 0.0672317 0.0615939 0.0553065 0.0487177 0.0420832 0.0355859 0.0293615 0.0235243 0.0181851 0.0134585 0.00945213 0.00624112 0.00383853
 0.00845131 0.0137317 0.0206675 0.0291824 0.038967 0.04933 0.0591695 0.0672417 0.0726139 0.0749653 0.0745364 0.0718589 0.0675153 0.0620288 0.0558374 0.04929 0.0426509 0.0361143 0.0298283 0.0239174 0.0185011 0.0137002 0.00962702 0.00636001 0.00391379
 0.00855114 0.0138714 0.0208356 0.0293525 0.0391034 0.0493977 0.0591435 0.0671126 0.0723897 0.0746707 0.0742096 0.0715455 0.0672584 0.0618595 0.0557682 0.0493147 0.0427486 0.0362576 0.0299901 0.0240758 0.0186413 0.0138146 0.00971365 0.00642088 0.00395334
 0.00865559 0.0140506 0.0211204 0.0297711 0.0396674 0.0500836 0.0598809 0.0677912 0.0728899 0.0749025 0.0741408 0.0712062 0.0667238 0.0612241 0.0551222 0.0487272 0.0422608 0.035883 0.0297214 0.0238943 0.0185252 0.0137439 0.00967285 0.00639873 0.00394219
 0.00852901 0.0138621 0.0208704 0.0294763 0.0393614 0.0498148 0.0597052 0.0677577 0.0730209 0.0751772 0.0744955 0.0715559 0.0669948 0.0613793 0.0551673 0.0486984 0.042204 0.0358359 0.0297042 0.0239095 0.0185635 0.013792 0.00971923 0.00643643 0.00396897
 0.00861966 0.0139885 0.0210224 0.0296316 0.0394937 0.0499049 0.0597508 0.0677753 0.0730386 0.0752224 0.0745808 0.0716698 0.0671034 0.0614389 0.0551439 0.048583 0.0420162 0.0356142 0.0294891 0.0237304 0.0184329 0.0137079 0.00967115 0.00641218 0.00395832
 0.00844743 0.0137294 0.020671 0.0291964 0.0389939 0.0493663 0.0592038 0.0672579 0.0725986 0.0749143 0.0744556 0.0717595 0.067406 0.0619129 0.0557165 0.0491715 0.0425521 0.0360585 0.0298346 0.0239905 0.0186278 0.0138545 0.00978025 0.00649022 0.00401054
 0.00864816 0.0140258 0.0210613 0.0296585 0.0394901 0.049852 0.0596339 0.0675889 0.0727911 0.0749398 0.0743072 0.0714599 0.0670067 0.0614802 0.0553099 0.0488261 0.0422733 0.0358324 0.0296435 0.0238246 0.0184869 0.0137426 0.00969941 0.00643778 0.00398015
 0.00862439 0.0140166 0.0211001 0.0297904 0.039755 0.0502603 0.0601499 0.0681342 0.0732705 0.0752738 0.0744539 0.071418 0.066805 0.0611653 0.0549359 0.0484445 0.0419236 0.0355358 0.0294032 0.0236339 0.018337 0.0136275 0.00961532 0.0063809 0.00394518
 0.00895026 0.0145233 0.0218194 0.0307358 0.0409182 0.0516067 0.0616099 0.0695976 0.0745923 0.0762969 0.0750426 0.0714919 0.0663598 0.0602733 0.053725 0.0470661 0.0405204 0.0342199 0.0282474 0.0226732 0.0175777 0.0130567 0.00920922 0.00610964 0.00377677
 0.00867705 0.0141259 0.0213095 0.0301579 0.0403426 0.0511149 0.0612812 0.0694991 0.0747683 0.076755 0.0757406 0.0723349 0.0672175 0.0610127 0.054248 0.0473337 0.0405546 0.0340841 0.0280188 0.0224191 0.0173436 0.0128656 0.00906725 0.00601262 0.00371572
 0.0085292 0.0138513 0.0208373 0.0294124 0.0392759 0.0497511 0.0597475 0.0680153 0.0735886 0.0760877 0.0756878 0.0728763 0.0682318 0.0623175 0.055644 0.0486446 0.0416582 0.0349264 0.0286068 0.0227989 0.0175742 0.0129998 0.00914335 0.00605509 0.00373892
 0.00840678 0.0136439 0.0205077 0.0289164 0.0385669 0.0487925 0.0585336 0.0665954 0.072083 0.0746841 0.0746074 0.0723159 0.0683011 0.0630035 0.0568162 0.050099 0.0431765 0.0363279 0.0297789 0.0237008 0.0182206 0.0134361 0.00942284 0.00622544 0.00383742
#pred catch len freq
 0.0042807 0.00678061 0.00990579 0.0135882 0.01779 0.0224831 0.0275794 0.0328947 0.0381819 0.0431923 0.0477171 0.051608 0.0547886 0.0572495 0.0590218 0.0601441 0.0606402 0.0605037 0.0596673 0.0579524 0.0550422 0.0505588 0.0442827 0.036422 0.027725
 0.00445405 0.00699722 0.0101149 0.0137115 0.0177549 0.0222674 0.0272388 0.0325462 0.037945 0.0431218 0.0477712 0.0516718 0.054737 0.0570151 0.0586334 0.0597204 0.060342 0.0604628 0.0599238 0.0584313 0.0555855 0.0509988 0.0445156 0.0364408 0.0275987
 0.00462077 0.00726631 0.010511 0.0142429 0.0183961 0.0229443 0.027831 0.032921 0.0380178 0.0429052 0.0473708 0.0512234 0.0543275 0.0566463 0.0582524 0.0592878 0.0598829 0.060063 0.0596767 0.0583743 0.0556722 0.0511251 0.0445803 0.036397 0.0274642
 0.00485586 0.00762839 0.0110205 0.01491 0.0192248 0.0239321 0.0289573 0.0341261 0.0391859 0.0438749 0.0479828 0.0513839 0.0540478 0.0560257 0.0574189 0.0583434 0.058892 0.0590765 0.0587522 0.057567 0.0550071 0.0505841 0.0441209 0.0359857 0.0270961
 0.0051306 0.00805496 0.0116257 0.0157074 0.0202157 0.0251072 0.030295 0.0355874 0.0407081 0.0453648 0.049312 0.0523984 0.0546 0.0560228 0.0568586 0.057313 0.057531 0.0575323 0.0571531 0.0560152 0.0535776 0.0493232 0.0430491 0.0351075 0.0264092
 0.00541046 0.00849334 0.0122555 0.0165507 0.0212836 0.0263987 0.0317912 0.0372454 0.042459 0.0471172 0.0509567 0.0538118 0.0556492 0.0565788 0.0568227 0.0566481 0.0562818 0.0558188 0.0551418 0.053883 0.0514844 0.0473978 0.0413831 0.033754 0.025383
 0.00574633 0.00901505 0.0129967 0.0175306 0.022509 0.0278663 0.0334841 0.0391244 0.0444565 0.0491368 0.0528797 0.0555076 0.0569858 0.0574324 0.0570869 0.0562479 0.055193 0.0540879 0.0528922 0.0513015 0.0487917 0.0448119 0.0390867 0.0318695 0.0239597
 0.00611644 0.00958761 0.0138054 0.0185909 0.0238214 0.02942 0.0352553 0.0410706 0.0465123 0.0512145 0.0548738 0.0573002 0.058454 0.0584557 0.0575556 0.0560716 0.054314 0.0525007 0.0506641 0.0485841 0.0458106 0.0418328 0.0363642 0.0295954 0.0222286
