SBPRF35
7.60509
Curr Bio
614993
B35
541400
F35
0.215509
FOFL
0.215509
OFL
111211
Bzero
2.17288e+006
#pred survey bio
 3.61604e+006 3.45109e+006 3.38255e+006 3.15338e+006 2.89173e+006 2.63025e+006 2.34327e+006 2.17105e+006 2.0746e+006 1.94224e+006 1.73897e+006 1.51295e+006 1.29706e+006 1.12171e+006 984105 875347 766235 723870 697382 700090 674823 594645 552110 539009 538666 543946 542131 520769 495213 498430 506276 520551 537413 557710 579579 568081 579874 602807 552452 530850 530034 552147 579288 604287 622042 551953 545615 567687 556093 582442 596210 577686 557142 601663 611070 623163 1.5463e+007 1.39304e+007 1.39241e+007 1.42266e+007 1.46995e+007 1.52141e+007 1.56914e+007 1.60954e+007 1.64183e+007 1.66669e+007 1.68538e+007 1.69922e+007 1.70938e+007 1.71682e+007 1.72227e+007 1.72627e+007 1.72921e+007 1.73138e+007 1.733e+007 1.7342e+007 1.73511e+007 1.73579e+007 1.73631e+007 1.7367e+007 1.737e+007 1.73723e+007 1.7374e+007 1.73753e+007 1.73763e+007 1.73771e+007 1.73777e+007 1.73782e+007 1.73785e+007 1.73788e+007 1.7379e+007 1.73792e+007 1.73793e+007 1.73794e+007 1.73795e+007 1.73795e+007 1.73796e+007 1.73796e+007 1.73796e+007 1.73797e+007 1.73797e+007 1.73797e+007 1.73797e+007 1.73797e+007 1.73797e+007 1.73797e+007 1.73797e+007 1.73797e+007 1.73797e+007 1.73797e+007 1.73797e+007 1.73797e+007 1.73797e+007 1.73797e+007 1.73797e+007 1.73797e+007 1.73797e+007 1.73797e+007 1.73797e+007 1.73797e+007 1.73797e+007 1.73797e+007 1.73797e+007 1.73797e+007 1.73797e+007 1.73797e+007 1.73797e+007 1.73797e+007 1.73797e+007 1.73797e+007 1.73797e+007 1.73797e+007 1.73797e+007 1.73797e+007 1.73797e+007 1.73797e+007 1.73797e+007 1.73797e+007 1.73797e+007 1.73797e+007 1.73797e+007 1.73797e+007 1.73797e+007 1.73797e+007 1.73797e+007 1.73797e+007 1.73797e+007 1.73797e+007 1.73797e+007 1.73797e+007 1.73797e+007 1.73797e+007 1.73797e+007 1.73797e+007 1.73797e+007 1.73797e+007 0 0 0 0 0 0 0 0 0 0 0 0 0 0 0 0 0 0 0 0 0 0 0 0 0
#obs survey bio
 3.86588e+006 2.76493e+006 3.74556e+006 2.98391e+006 2.37551e+006 3.1064e+006 1.93087e+006 2.07433e+006 1.77519e+006 2.1759e+006 1.48269e+006 1.33481e+006 1.14544e+006 1.14411e+006 850089 913660 654533 959279 756878 802318 829692 600964 419946 684781 502862 616548 660701 404544 466620 540128 471244 406768 476845 522900 737043 568368 620192 633390 525109 438182 424827 694015 602413 605471 697963 431325 420798 778596 559532 442600 551418 579727 577576 654060 501187 729294
#pred catch bio
 103021 97220.7 148939 209954 226061 277374 280114 290566 320505 282581 279011 280476 262385 240919 228724 221656 179083 166171 149053 143370 133456 115594 120517 112995 116382 110805 111677 103783 98014.9 99952.5 106214 98258.2 90888.5 92689.4 94217.8 93468.9 89473.4 85725.1 81751.9 85772.5 81461.9 80109.4 96817.7 86726.3 86423.4 88384.7 88013.2 91206.6 82939.4 89902.3 95897.3 116443 61691.7 93632.3 113470 84406.9 111211 109164 107781 108953 111846 115176 118252 120792 122745 124173 125182 125875 126342 126652 126855 126986 127071 127125 127160 127182 127195 127204 127210 127213 127215 127216 127217 127218 127218 127218 127218 127219 127219 127219 127219 127219 127219 127219 127219 127219 127219 127219 127219 127219 127219 127219 127219 127219 127219 127219 127219 127219 127219 127219 127219 127219 127219 127219 127219 127219 127219 127219 127219 127219 127219 127219 127219 127219 127219 127219 127219 127219 127219 127219 127219 127219 127219 127219 127219 127219 127219 127219 127219 127219 127219 127219 127219 127219 127219 127219 127219 127219 127219 127219 127219 127219 127219 127219 127219 127219 0 0 0 0 0 0 0 0 0 0 0 0 0 0 0 0 0 0 0 0 0 0 0 0 0
#obs catch bio
 0 96893.9 148944 210372 225798 277548 280148 291149 321952 281786 278717 280521 262459 240820 229004 221556 179321 166136 149646 143449 133044 115314 121025 112880 116825 110741 111669 103522 98157.5 99856.1 106725 98237.3 90743.9 92878.7 93979.9 93650.2 89738.8 85474.7 81700 85891.1 81517.7 79930.5 97215 86730.2 86122.4 88547.6 88248.1 91082.8 82974.2 89943.4 95603.6 117387 61217.7 93673.2 114101 84170.9
#pred cpue bio
 3.57675e+006 3.41376e+006 3.34453e+006 3.11618e+006 2.85566e+006 2.59516e+006 2.3094e+006 2.13677e+006 2.03885e+006 1.90571e+006 1.70359e+006 1.47937e+006 1.26547e+006 1.09191e+006 955814 848291 740832 698779 672524 674894 650449 573003 531764 518855 518612 523687 522082 501600 476963 480068 487746 501585 518050 537853 559252 548253 558283 578516 529543 508738 508009 529383 555642 579526 596875 529919 523507 544706 533768 559128 572390 554483 533877 577420 586914 597858 1.48461e+007 1.33882e+007 1.33111e+007 1.3553e+007 1.40119e+007 1.45243e+007 1.50013e+007 1.54053e+007 1.57282e+007 1.59768e+007 1.61637e+007 1.63021e+007 1.64038e+007 1.64782e+007 1.65326e+007 1.65726e+007 1.6602e+007 1.66237e+007 1.66399e+007 1.6652e+007 1.6661e+007 1.66679e+007 1.6673e+007 1.66769e+007 1.66799e+007 1.66822e+007 1.66839e+007 1.66853e+007 1.66863e+007 1.66871e+007 1.66877e+007 1.66881e+007 1.66885e+007 1.66887e+007 1.6689e+007 1.66891e+007 1.66892e+007 1.66893e+007 1.66894e+007 1.66895e+007 1.66895e+007 1.66895e+007 1.66896e+007 1.66896e+007 1.66896e+007 1.66896e+007 1.66896e+007 1.66896e+007 1.66896e+007 1.66897e+007 1.66897e+007 1.66897e+007 1.66897e+007 1.66897e+007 1.66897e+007 1.66897e+007 1.66897e+007 1.66897e+007 1.66897e+007 1.66897e+007 1.66897e+007 1.66897e+007 1.66897e+007 1.66897e+007 1.66897e+007 1.66897e+007 1.66897e+007 1.66897e+007 1.66897e+007 1.66897e+007 1.66897e+007 1.66897e+007 1.66897e+007 1.66897e+007 1.66897e+007 1.66897e+007 1.66897e+007 1.66897e+007 1.66897e+007 1.66897e+007 1.66897e+007 1.66897e+007 1.66897e+007 1.66897e+007 1.66897e+007 1.66897e+007 1.66897e+007 1.66897e+007 1.66897e+007 1.66897e+007 1.66897e+007 1.66897e+007 1.66897e+007 1.66897e+007 1.66897e+007 1.66897e+007 1.66897e+007 1.66897e+007 1.66897e+007 1.66897e+007 0 0 0 0 0 0 0 0 0 0 0 0 0 0 0 0 0 0 0 0 0 0 0 0 0
#obs cpue bio
 3.46254e+006 3.42178e+006 4.11681e+006 2.88281e+006 3.55292e+006 2.44313e+006 2.46535e+006 1.72541e+006 2.22108e+006 2.56146e+006 1.87688e+006 1.63662e+006 1.39249e+006 1.0934e+006 1.00474e+006 964718 692273 604382 438001 715455 704981 523009 522734 493393 433985 548875 446455 748656 384974 520722 383982 792717 618182 447163 649079 394958 429999 924144 463770 583572 596011 483454 425450 575154 817448 482765 559208 603294 384657 796688 770532 418112 572747 601835 553272 581723
#pred surv len freq
 0.00421536 0.00695434 0.0106722 0.0154155 0.0211004 0.0274179 0.0338192 0.039669 0.0444906 0.0481185 0.0506596 0.0523447 0.0534012 0.0540026 0.0542699 0.0542942 0.0541603 0.0539461 0.0536643 0.0531463 0.0519424 0.0493749 0.0448252 0.0381509 0.0299444
 0.00453922 0.00738735 0.0111537 0.0158384 0.0213493 0.0274249 0.0336018 0.0393207 0.0441288 0.0478234 0.0504464 0.0521824 0.0532589 0.0538884 0.0542378 0.0544163 0.05448 0.054436 0.0542123 0.0535836 0.0521074 0.0491845 0.0443141 0.0374536 0.0292305
 0.00457758 0.00752129 0.0114799 0.0164703 0.0223642 0.0287944 0.0351529 0.0407719 0.045198 0.0483474 0.0504331 0.0517691 0.0526209 0.0531675 0.0535256 0.0537744 0.0539546 0.0540468 0.0539266 0.0533087 0.0517228 0.0486027 0.0435335 0.0365648 0.0283711
 0.00471922 0.00772541 0.0117449 0.0167948 0.0227673 0.0293343 0.0359194 0.0418377 0.0465475 0.0498304 0.0517929 0.0527418 0.0530469 0.0530434 0.0529748 0.052972 0.0530606 0.0531694 0.0531097 0.0525342 0.0509322 0.0477394 0.0425887 0.0355959 0.0274771
 0.00490862 0.00804209 0.0122351 0.0175004 0.0237104 0.0304998 0.037248 0.0432433 0.0479514 0.0511834 0.05306 0.0538583 0.0538928 0.0534712 0.052879 0.0523466 0.0520033 0.0518333 0.0516399 0.0510262 0.049428 0.0462564 0.0411567 0.0342764 0.0263495
 0.00507906 0.00832517 0.0126731 0.0181386 0.0245898 0.0316439 0.0386458 0.0448377 0.0496423 0.0528483 0.0545816 0.0551458 0.0548805 0.0540998 0.0530802 0.0520559 0.0511955 0.050552 0.0499938 0.0491551 0.0474662 0.0443176 0.0393401 0.0326741 0.0250379
 0.00535561 0.00876804 0.0133274 0.0190424 0.0257686 0.0331008 0.040351 0.0467229 0.0516068 0.0547732 0.0563453 0.056636 0.0560039 0.0547869 0.0532824 0.0517381 0.0503355 0.0491547 0.0481126 0.0469016 0.0450007 0.0418246 0.0370016 0.0306434 0.0234163
 0.00557741 0.00914325 0.0139186 0.0199155 0.0269774 0.0346633 0.0422282 0.0488154 0.0537753 0.0568714 0.0582454 0.0582377 0.0572295 0.0555734 0.0535775 0.0514994 0.0495336 0.0477816 0.0461979 0.0445318 0.0423286 0.0390586 0.0343712 0.0283519 0.0215962
 0.00576926 0.00946148 0.0144105 0.0206323 0.0279678 0.035961 0.0438353 0.0506899 0.0558286 0.0589781 0.0602619 0.0600229 0.0586639 0.0565678 0.054071 0.05145 0.0489116 0.0465724 0.044417 0.0422478 0.0396816 0.0362585 0.0316661 0.0259729 0.0197001
 0.00604895 0.00990775 0.0150667 0.021534 0.0291378 0.0374013 0.0455181 0.0525541 0.0577872 0.0609313 0.0621077 0.0616619 0.0600001 0.0575132 0.0545507 0.0514067 0.0483054 0.045383 0.0426532 0.0399678 0.0370147 0.0334099 0.0288901 0.0235152 0.0177333
 0.00631687 0.0103323 0.0156849 0.0223729 0.0302098 0.0386978 0.0470028 0.0541627 0.0594382 0.0625428 0.0636103 0.062999 0.0611204 0.0583603 0.0550598 0.0515071 0.0479301 0.0444808 0.0412057 0.0380101 0.0346552 0.0308354 0.0263413 0.0212322 0.0158912
 0.00652626 0.0106919 0.0162605 0.023234 0.0314105 0.0402486 0.0488459 0.0561713 0.0614453 0.0643861 0.0651692 0.0642081 0.0619603 0.0588371 0.0551815 0.0512675 0.0473026 0.0434275 0.039699 0.0360633 0.0323507 0.0283356 0.0238678 0.019013 0.0140964
 0.00674955 0.0110631 0.0168354 0.0240717 0.0325639 0.0417468 0.0506724 0.0582496 0.0636395 0.0665202 0.0670581 0.0656938 0.0629409 0.0592791 0.0551087 0.050732 0.0463539 0.0420945 0.0379959 0.0340157 0.0300295 0.0258779 0.0214667 0.0168719 0.0123694
 0.00695851 0.0114099 0.0173706 0.0248472 0.0336235 0.0431099 0.0523185 0.060111 0.0656095 0.0684698 0.068851 0.0671974 0.0640385 0.0598847 0.0551812 0.0502787 0.0454185 0.0407369 0.0362767 0.0319993 0.0278027 0.0235689 0.0192422 0.0149048 0.0107899
 0.00712008 0.0116828 0.0178005 0.0254835 0.0345096 0.0442676 0.0537317 0.0617198 0.0673186 0.0701664 0.0704225 0.0685417 0.0650673 0.0605257 0.0553817 0.0500113 0.0446861 0.0395724 0.0347384 0.030167 0.0257803 0.0214881 0.0172562 0.0131624 0.00939846
 0.00724726 0.0119037 0.0181592 0.0260303 0.0352906 0.0453074 0.0550169 0.0631919 0.0688825 0.0717094 0.0718337 0.0697257 0.0659511 0.0610589 0.0555333 0.0497659 0.0440428 0.038548 0.0333727 0.0285283 0.0239679 0.0196295 0.0154938 0.0116278 0.00818143
 0.00752026 0.0123294 0.0187666 0.0268357 0.0362966 0.0465017 0.0563671 0.0646403 0.0703473 0.0730932 0.0730375 0.0706635 0.066561 0.0613082 0.0554157 0.0492934 0.0432374 0.037438 0.0319972 0.0269451 0.0222617 0.0179114 0.0138879 0.0102465 0.00709752
 0.00759086 0.0124506 0.0189603 0.0271258 0.0367028 0.0470315 0.05701 0.0653694 0.0711285 0.0738951 0.073833 0.0714223 0.06724 0.0618504 0.0557595 0.0493863 0.0430469 0.036956 0.0312407 0.0259575 0.0211141 0.0166997 0.0127207 0.00922313 0.00628489
 0.00767963 0.0125803 0.0191293 0.0273254 0.0369233 0.0472696 0.0572727 0.0656715 0.0714834 0.0743064 0.0742916 0.0719082 0.0677257 0.0623016 0.0561337 0.0496339 0.0431179 0.0368118 0.0308655 0.025366 0.0203545 0.0158487 0.0118701 0.00845976 0.00566969
 0.00768975 0.012593 0.0191412 0.0273302 0.0369128 0.047236 0.0572136 0.0655948 0.0714117 0.0742768 0.0743466 0.0720815 0.0680277 0.0627123 0.0566055 0.0501012 0.0435096 0.0370631 0.0309301 0.0252271 0.0200308 0.0153926 0.0113559 0.0079642 0.005252
 0.00773891 0.01266 0.019218 0.0274011 0.0369584 0.0472398 0.0571677 0.0655021 0.0712852 0.0741377 0.0742235 0.0720081 0.0680368 0.062826 0.0568246 0.0503996 0.0438366 0.0373548 0.0311252 0.0252829 0.0199357 0.0151695 0.0110546 0.00764534 0.0049677
 0.00790289 0.012902 0.019536 0.027775 0.0373529 0.0476117 0.0574722 0.0656997 0.0713493 0.074062 0.074026 0.0717282 0.0677267 0.0625388 0.0566032 0.0502669 0.0437896 0.0373647 0.031146 0.0252673 0.0198513 0.0150105 0.010842 0.00741601 0.00475886
 0.00781912 0.0128066 0.0194661 0.0277864 0.0375001 0.0479183 0.05791 0.0661906 0.071793 0.0743728 0.0741597 0.0716875 0.06755 0.0622829 0.0563268 0.0500189 0.0436003 0.0372407 0.0310713 0.0252111 0.0197819 0.014909 0.0107089 0.00726832 0.00461966
 0.00777684 0.0127452 0.0193898 0.0277098 0.0374517 0.0479412 0.0580538 0.0664937 0.0722567 0.0749438 0.0747359 0.072151 0.0678114 0.0623113 0.0561528 0.0497125 0.0432411 0.0368929 0.0307707 0.0249656 0.0195803 0.0147347 0.0105511 0.00712645 0.00449967
 0.00777692 0.012727 0.0193293 0.0275762 0.0372193 0.0476068 0.0576518 0.066097 0.0719599 0.0748328 0.0748555 0.0724848 0.0682842 0.0628153 0.0565864 0.0500139 0.0434 0.0369388 0.0307486 0.0249134 0.0195195 0.014672 0.0104871 0.00706262 0.00444066
 0.00776351 0.0127174 0.0193357 0.027613 0.0372935 0.0477069 0.057743 0.0661323 0.071904 0.0746871 0.0746657 0.0723235 0.0682162 0.0628662 0.0567323 0.0501969 0.043558 0.0370324 0.0307704 0.0248803 0.0194563 0.0145991 0.0104166 0.00700029 0.00438925
 0.0077151 0.0126339 0.0192028 0.0274181 0.0370334 0.0473959 0.0574166 0.0658384 0.0716847 0.0745613 0.0746267 0.0723535 0.0683048 0.0630171 0.0569524 0.0504792 0.0438734 0.037338 0.0310273 0.0250678 0.0195743 0.0146614 0.0104409 0.00700236 0.00438067
 0.00780525 0.0127597 0.019353 0.0275677 0.0371487 0.0474442 0.0573765 0.0657068 0.0714787 0.0743148 0.0743803 0.0721426 0.0681507 0.0629272 0.0569265 0.0505139 0.0439608 0.0374617 0.031163 0.02519 0.0196654 0.0147163 0.0104653 0.00700641 0.00437458
 0.00783844 0.0128187 0.0194496 0.0277126 0.037344 0.0476749 0.057606 0.0658828 0.0715509 0.0742555 0.0741973 0.0718757 0.0678559 0.0626567 0.0567154 0.0503774 0.0438976 0.0374598 0.0312034 0.0252506 0.019726 0.0147633 0.0104935 0.00701818 0.00437577
 0.00775433 0.012698 0.0192985 0.0275485 0.0371927 0.0475644 0.0575585 0.0659076 0.0716397 0.0743813 0.0743215 0.0719623 0.0678861 0.0626363 0.0566696 0.0503372 0.0438873 0.037489 0.0312678 0.0253362 0.0198156 0.0148419 0.0105526 0.00705635 0.00439665
 0.00768587 0.0125873 0.0191342 0.0273235 0.0369095 0.0472411 0.0572321 0.0656298 0.0714619 0.0743361 0.0744096 0.0721522 0.0681275 0.0628788 0.0568796 0.0505045 0.0440209 0.0376062 0.0313821 0.0254519 0.0199278 0.0149414 0.0106319 0.00711242 0.00443169
 0.00775002 0.0126744 0.0192332 0.0274126 0.0369613 0.0472316 0.0571496 0.0654799 0.0712674 0.0741324 0.0742358 0.0720396 0.0680891 0.0629057 0.0569468 0.0505834 0.0440913 0.0376619 0.0314277 0.0254949 0.0199725 0.0149866 0.0106729 0.007145 0.00445413
 0.00784439 0.0127998 0.0193697 0.0275232 0.0370006 0.0471609 0.0569509 0.0651625 0.0708663 0.0737012 0.0738364 0.0717303 0.0679117 0.0628759 0.0570514 0.0507863 0.0443464 0.0379267 0.0316732 0.0257069 0.0201473 0.0151254 0.0107784 0.00722036 0.00450385
 0.00775218 0.0126711 0.0192136 0.027358 0.0368434 0.0470147 0.056798 0.0649712 0.0706104 0.0733804 0.0734848 0.0714078 0.0676836 0.0627912 0.0571289 0.0510125 0.0446822 0.0383203 0.0320737 0.026075 0.0204593 0.0153724 0.0109617 0.00734764 0.0045859
 0.00778541 0.0126963 0.0192001 0.0272639 0.0366323 0.0466777 0.0563676 0.0645135 0.0701968 0.0730562 0.0732577 0.0712606 0.0675995 0.0627711 0.0571897 0.0511718 0.0449423 0.0386614 0.0324584 0.0264602 0.020808 0.0156609 0.0111813 0.00750178 0.0046855
 0.00862475 0.0138865 0.0206672 0.0288252 0.0380429 0.0477094 0.0568773 0.0644703 0.0696685 0.0721749 0.0721802 0.0701322 0.066528 0.0618193 0.056386 0.0505269 0.0444597 0.0383368 0.0322755 0.0263892 0.0208116 0.0157031 0.0112343 0.00754927 0.00472077
 0.00922133 0.0148782 0.0221875 0.0309783 0.040841 0.0509962 0.0602855 0.0674742 0.0717398 0.0729717 0.0716591 0.0685261 0.0642214 0.0592052 0.0537731 0.0481122 0.0423465 0.0365659 0.0308502 0.0252893 0.0200004 0.0151332 0.0108545 0.00731004 0.00457931
 0.00907922 0.0147455 0.0221724 0.0312499 0.0415931 0.0523813 0.0623421 0.0700758 0.0745883 0.0756442 0.0737063 0.0695998 0.0641817 0.0581529 0.0519914 0.0459546 0.0401308 0.0345171 0.0290935 0.0238717 0.0189175 0.0143499 0.0103197 0.00696722 0.00437419
 0.008968 0.0145497 0.0218575 0.0307941 0.0410177 0.0517849 0.0619146 0.0700624 0.0751997 0.076949 0.0755647 0.0716814 0.0660669 0.059473 0.0525442 0.0457475 0.0393414 0.0334031 0.027901 0.0227786 0.0180193 0.0136741 0.00984963 0.00666407 0.00419321
 0.00877857 0.0142754 0.0215053 0.0303877 0.0405865 0.0513516 0.061495 0.0696848 0.0749329 0.0769105 0.0758877 0.0724439 0.0672216 0.0608287 0.0538206 0.0466806 0.039781 0.0333524 0.027487 0.0221808 0.0174004 0.013141 0.00944736 0.00639215 0.00402676
 0.00879992 0.0142839 0.0214714 0.0302727 0.0403579 0.0510042 0.0610635 0.0692372 0.0745458 0.0766468 0.0757914 0.0725503 0.0675601 0.061402 0.054572 0.0474826 0.0404686 0.0337877 0.0276149 0.022042 0.0170983 0.01279 0.0091324 0.00615418 0.00387004
 0.00879189 0.0142699 0.0214472 0.0302298 0.0402812 0.0508713 0.0608499 0.0689281 0.074152 0.076214 0.0753942 0.0722724 0.06747 0.0615362 0.0549263 0.0480077 0.0410725 0.0343549 0.0280418 0.0222734 0.017143 0.0127051 0.00899087 0.00601416 0.0037621
 0.00871784 0.014156 0.0212881 0.0300255 0.040037 0.0505974 0.0605596 0.0686357 0.0738695 0.0759506 0.075161 0.0720892 0.0673697 0.0615578 0.0551004 0.0483391 0.0415299 0.0348724 0.0285358 0.0226692 0.0174 0.0128263 0.00901231 0.00598294 0.00371663
 0.00871942 0.0141686 0.021325 0.0301034 0.04017 0.0507872 0.0607886 0.0688668 0.0740555 0.0760473 0.0751397 0.0719445 0.0671222 0.0612524 0.0547974 0.048099 0.0413945 0.0348501 0.0285998 0.0227704 0.0174887 0.0128723 0.00901164 0.00595099 0.00367438
 0.00859757 0.0139736 0.0210391 0.029717 0.0396887 0.0502407 0.0602347 0.0683834 0.0737189 0.0759052 0.0751952 0.0721587 0.0674332 0.0615998 0.0551405 0.0484234 0.0417059 0.0351604 0.0289111 0.0230692 0.0177506 0.013075 0.00914646 0.00602542 0.00370622
 0.00877428 0.0142087 0.0212965 0.0299305 0.0397804 0.0501503 0.0599455 0.0679305 0.0731781 0.0753698 0.0747508 0.0718634 0.0673064 0.0616235 0.0552725 0.0486164 0.0419237 0.0353831 0.0291307 0.0232795 0.0179416 0.0132338 0.00926361 0.00610016 0.00374622
 0.00863419 0.0140612 0.0212182 0.0300302 0.0401553 0.0508246 0.0608285 0.0688313 0.0738772 0.0757093 0.0746904 0.0714762 0.0667299 0.0609986 0.0547021 0.0481522 0.0415758 0.0351385 0.0289694 0.0231826 0.0178918 0.0132147 0.0092602 0.00610131 0.00374627
 0.0085444 0.0138974 0.0209448 0.0296194 0.039613 0.0502184 0.0602943 0.0685355 0.0739403 0.0761346 0.0753501 0.0721715 0.0672849 0.0613294 0.0548249 0.0481427 0.0415171 0.0350879 0.0289513 0.0231976 0.0179291 0.013261 0.00930438 0.00613642 0.00376991
 0.00870749 0.0141209 0.0212028 0.0298577 0.0397601 0.0502077 0.0600902 0.0681547 0.0734597 0.0756767 0.075041 0.0720868 0.0674134 0.0615823 0.0550864 0.048328 0.0416008 0.035094 0.0289227 0.0231689 0.0179166 0.0132655 0.00931885 0.00615311 0.00378372
 0.0086179 0.0140099 0.0210973 0.0297983 0.0397819 0.0503145 0.0602383 0.0682629 0.0734453 0.0755005 0.0747346 0.0717434 0.0671463 0.0614722 0.0551477 0.0485123 0.041831 0.0353049 0.0290835 0.0232802 0.0179937 0.0133228 0.00936393 0.00618803 0.00380873
 0.00862536 0.0140077 0.0210697 0.0297278 0.0396605 0.0501572 0.0600866 0.0681696 0.0734443 0.0755811 0.0748423 0.0718118 0.0671385 0.0614028 0.0550688 0.0484771 0.041863 0.0353913 0.0291921 0.0233816 0.0180734 0.01338 0.00940386 0.00621584 0.00382772
 0.00871307 0.0141451 0.0212654 0.0299823 0.0399622 0.0504789 0.0603873 0.068404 0.0735801 0.0756113 0.0747835 0.0716877 0.066964 0.0611823 0.0548095 0.0482006 0.0416025 0.0351768 0.0290364 0.0232794 0.0180096 0.0133401 0.00937857 0.00620028 0.00381898
 0.00882727 0.0143609 0.0216437 0.0305919 0.0408556 0.0516564 0.0617684 0.0698278 0.0748426 0.0765244 0.0752271 0.0716332 0.0664665 0.0603506 0.0537714 0.0470762 0.0404915 0.0341548 0.0281536 0.0225603 0.0174556 0.0129355 0.00909878 0.00601792 0.00370794
 0.00845749 0.0137545 0.0207284 0.0293163 0.0392223 0.0497629 0.0598289 0.068145 0.0737208 0.0761623 0.0756492 0.0726968 0.0679296 0.0619581 0.0553195 0.0484397 0.041619 0.0350478 0.0288419 0.0230823 0.0178462 0.0132219 0.0093015 0.00615407 0.00379334
 0.0086643 0.0140406 0.0210633 0.0296328 0.0394264 0.0497558 0.0595366 0.0675478 0.0728763 0.0752088 0.0747767 0.0720868 0.0676894 0.0620866 0.0557211 0.0489748 0.0421591 0.0355095 0.0291929 0.0233277 0.0180089 0.0133272 0.00936924 0.00619729 0.00382013
 0.00867641 0.0141261 0.0213085 0.0301451 0.0402895 0.0509671 0.0609623 0.0689349 0.0739294 0.0756975 0.0746189 0.0713682 0.0666193 0.0609142 0.0546526 0.0481227 0.0415392 0.0350745 0.028878 0.0230826 0.0178086 0.013165 0.00924517 0.00611006 0.00376439
#obs surv len freq
 nan nan nan nan nan nan nan nan nan nan nan nan nan nan nan nan nan nan nan nan nan nan nan nan nan
 0.00448282 0.00734349 0.0111731 0.0159896 0.0216911 0.0279679 0.0342834 0.0400157 0.0446958 0.0481597 0.0505172 0.0520124 0.052904 0.0534157 0.0537295 0.053984 0.0542622 0.0545548 0.0546934 0.0542853 0.0527233 0.0493555 0.0438053 0.0362855 0.0276693
 0.00461877 0.00756469 0.011506 0.0164581 0.0223108 0.0287372 0.0351747 0.040973 0.0456415 0.0490095 0.051196 0.0524653 0.0531021 0.0533573 0.0534355 0.0534908 0.0536128 0.0537915 0.0538551 0.0534087 0.0518471 0.0485225 0.04306 0.0356655 0.0271954
 0.00477827 0.00782803 0.0119097 0.0170384 0.0230959 0.0297352 0.0363614 0.0422866 0.0469907 0.0502894 0.0523045 0.0533151 0.0536288 0.0535242 0.0532364 0.0529482 0.0527716 0.0527106 0.0526005 0.0520505 0.0504605 0.0471882 0.041858 0.0346621 0.0264271
 0.00496948 0.00813988 0.0123812 0.0177071 0.0239916 0.0308695 0.0377156 0.0438057 0.0485881 0.0518594 0.0537368 0.0545056 0.0544875 0.0539822 0.0532519 0.0525106 0.0519022 0.0514602 0.0510453 0.0502879 0.0486061 0.0453693 0.0402008 0.0332693 0.0253568
 0.00518066 0.00848673 0.0129097 0.0184623 0.0250087 0.0321602 0.0392542 0.0455249 0.0503888 0.0536294 0.0553671 0.0558976 0.0555539 0.0546475 0.053455 0.052211 0.0510874 0.0501527 0.0493077 0.0482252 0.0463627 0.0431177 0.0381174 0.0315014 0.0239899
 0.00542239 0.0088795 0.0135007 0.0192957 0.0261185 0.0335574 0.0409133 0.0473782 0.052334 0.0555479 0.0571417 0.0574241 0.0567447 0.0554301 0.0537696 0.0520096 0.0503383 0.0488512 0.0474906 0.045985 0.0438523 0.0405395 0.0356914 0.0294181 0.0223663
 0.00566515 0.00927924 0.0141116 0.020171 0.0272996 0.0350573 0.0426995 0.0493687 0.0544101 0.0575788 0.0590058 0.0590192 0.0579884 0.0562562 0.0541238 0.0518463 0.0496214 0.0475624 0.0456466 0.0436591 0.0411904 0.0377547 0.0330307 0.027106 0.0205483
 0.0058991 0.00966322 0.0146966 0.0210077 0.0284296 0.0364986 0.0444309 0.0513216 0.0564769 0.0596314 0.0609156 0.060672 0.0592913 0.0571386 0.054533 0.0517415 0.0489695 0.0463422 0.0438642 0.0413724 0.0385308 0.0349306 0.0302966 0.0247036 0.0186425
 0.00613421 0.0100493 0.0152849 0.0218485 0.0295628 0.0379385 0.0461509 0.0532491 0.0585033 0.0616332 0.0627731 0.0622801 0.0605624 0.0580029 0.0549371 0.0516447 0.0483411 0.0451628 0.0421376 0.0391475 0.0359265 0.0321433 0.0275757 0.0222936 0.0167168
 0.00637155 0.0104361 0.0158688 0.022675 0.0306666 0.0393306 0.0478045 0.0550942 0.0604358 0.0635339 0.0645273 0.0637883 0.0617452 0.0587991 0.0553004 0.0515393 0.0477388 0.0440449 0.0405056 0.0370439 0.033458 0.0294904 0.0249725 0.0199751 0.0148541
 0.00662231 0.0108476 0.016495 0.0235673 0.0318626 0.0408368 0.0495794 0.0570447 0.0624329 0.0654399 0.0662204 0.0651755 0.0627623 0.0594061 0.0554739 0.051265 0.0470061 0.0428471 0.0388497 0.03497 0.0310625 0.026937 0.0224759 0.017753 0.0130669
 0.00685716 0.0112341 0.0170851 0.0244122 0.0330021 0.0422829 0.051299 0.058953 0.0644045 0.0673324 0.0678997 0.0665329 0.0637229 0.059929 0.0555458 0.0508898 0.0461947 0.0416125 0.0372126 0.0329751 0.0287992 0.0245517 0.0201588 0.0156974 0.0114157
 0.00706853 0.0115812 0.0176141 0.0251683 0.034021 0.0435765 0.0528412 0.0606734 0.0661969 0.0690738 0.069469 0.0678247 0.0646555 0.0604483 0.0556266 0.0505311 0.0454121 0.0404319 0.0356692 0.0311231 0.0267267 0.0223907 0.0180755 0.0138583 0.00994242
 0.0072662 0.0119071 0.0181127 0.0258832 0.0349858 0.0448 0.054293 0.06228 0.0678523 0.070661 0.0708793 0.0689686 0.0654662 0.0608817 0.0556596 0.0501599 0.0446496 0.0393044 0.0342172 0.0294062 0.024833 0.0204415 0.0162161 0.0122299 0.00864537
 0.00746015 0.012223 0.0185893 0.0265566 0.0358823 0.0459248 0.055618 0.0637392 0.0693503 0.0720899 0.0721371 0.0699718 0.0661549 0.0612204 0.055634 0.0497726 0.0439159 0.0382508 0.032883 0.0278493 0.0231363 0.0187149 0.0145858 0.0108143 0.0075256
 0.00753603 0.0123526 0.0187964 0.0268686 0.0363259 0.046519 0.0563656 0.064622 0.0703299 0.0731123 0.0731383 0.0708827 0.0669078 0.0617548 0.0559032 0.0497473 0.0435854 0.0376225 0.0319835 0.0267267 0.0218638 0.0173894 0.0133173 0.00970469 0.00664431
 0.00759569 0.0124418 0.0189171 0.0270198 0.0365077 0.0467372 0.0566341 0.0649601 0.0707547 0.0736296 0.0737361 0.0715286 0.0675518 0.0623358 0.0563571 0.0500162 0.0436249 0.0374087 0.0315171 0.0260362 0.0210065 0.0164474 0.012386 0.00887372 0.0059762
 0.00764044 0.0125073 0.019002 0.0271179 0.0366094 0.0468327 0.0567179 0.0650347 0.0708339 0.0737382 0.0739041 0.0717801 0.0678921 0.0627435 0.0567849 0.0503995 0.0438959 0.0375106 0.0314157 0.0257287 0.020524 0.0158512 0.0117556 0.0082874 0.0054923
 0.00770984 0.0126123 0.0191451 0.0272952 0.0368105 0.0470414 0.0569138 0.0651961 0.0709438 0.0737917 0.0739132 0.0717725 0.0679028 0.0628015 0.0568999 0.050555 0.0440509 0.0376107 0.0314101 0.0255861 0.0202442 0.0154667 0.0113223 0.00786784 0.00513671
 0.00780501 0.0127614 0.0193582 0.0275764 0.0371549 0.0474324 0.0573206 0.0655761 0.0712508 0.0739882 0.0739809 0.0717178 0.067754 0.0626011 0.0566923 0.050373 0.0439052 0.0374871 0.0312768 0.0254091 0.0200038 0.0151678 0.0109933 0.00754905 0.00486461
 0.00781007 0.0127743 0.0193864 0.0276298 0.0372439 0.0475639 0.0574942 0.065782 0.0714706 0.0741978 0.074155 0.0718354 0.0678036 0.0625846 0.0566252 0.0502787 0.0438058 0.0373937 0.0311848 0.0253023 0.0198654 0.0149922 0.0107916 0.00734488 0.00468372
 0.00784623 0.0128233 0.0194426 0.027683 0.037284 0.0475872 0.0575075 0.065801 0.0715126 0.0742729 0.0742607 0.0719561 0.0679169 0.062669 0.0566672 0.0502767 0.0437684 0.0373334 0.0311108 0.0252166 0.019764 0.0148723 0.0106574 0.00720892 0.00456152
 0.00784873 0.0128276 0.0194491 0.0276911 0.0372909 0.0475872 0.0574928 0.065766 0.071459 0.0742135 0.0742166 0.0719483 0.0679562 0.0627503 0.0567718 0.050381 0.0438533 0.0373888 0.0311352 0.025212 0.0197335 0.0148192 0.0105876 0.00713182 0.00448822
 0.00787831 0.0128667 0.0194915 0.0277258 0.0373057 0.0475736 0.0574502 0.0657008 0.0713814 0.0741333 0.0741427 0.0718902 0.0679241 0.0627532 0.0568126 0.0504527 0.0439406 0.0374738 0.0312027 0.0252536 0.019747 0.0148074 0.0105567 0.0070903 0.00444519
 0.00790185 0.0129054 0.0195496 0.0278061 0.0374062 0.0476852 0.0575553 0.0657772 0.0714097 0.0741055 0.0740651 0.0717806 0.0678051 0.0626453 0.0567307 0.0504044 0.0439247 0.0374818 0.0312219 0.025271 0.0197535 0.0147995 0.0105361 0.00706227 0.00441587
 0.00789831 0.012899 0.0195393 0.027791 0.037387 0.0476649 0.0575391 0.0657702 0.0714135 0.0741159 0.0740734 0.0717782 0.0677888 0.0626197 0.0567056 0.0503905 0.0439292 0.0375054 0.0312588 0.0253117 0.0197884 0.0148221 0.0105446 0.00705922 0.0044062
 0.00791024 0.0129119 0.0195468 0.0277835 0.0373547 0.0476022 0.0574488 0.0656641 0.0713095 0.0740317 0.0740214 0.0717616 0.0678025 0.0626535 0.0567499 0.0504398 0.0439822 0.0375629 0.0313201 0.025373 0.0198438 0.0148658 0.0105739 0.00707472 0.0044114
 0.00788105 0.0128683 0.0194879 0.0277102 0.0372686 0.0475037 0.0573375 0.0655406 0.0711786 0.0739053 0.0739167 0.071697 0.0677904 0.0626959 0.0568383 0.0505588 0.044116 0.0376986 0.0314491 0.0254897 0.0199437 0.0149456 0.0106322 0.00711285 0.00443322
 0.00787046 0.0128455 0.0194436 0.0276337 0.0371509 0.047344 0.0571461 0.0653382 0.0709895 0.0737496 0.0738065 0.0716369 0.0677818 0.0627386 0.0569296 0.0506914 0.0442774 0.0378731 0.0316217 0.0256481 0.0200796 0.0150547 0.0107133 0.00716822 0.00446743
 0.00787276 0.0128467 0.0194404 0.0276202 0.0371195 0.047286 0.0570542 0.0652099 0.0708304 0.0735748 0.0736378 0.0714977 0.0676899 0.0627033 0.0569514 0.0507645 0.0443914 0.0380146 0.0317755 0.0257995 0.0202161 0.0151681 0.0108 0.00722901 0.00450623
 0.00784095 0.0127985 0.0193745 0.0275375 0.0370225 0.0471779 0.0569382 0.065089 0.0707077 0.0734542 0.0735253 0.0714023 0.0676234 0.0626774 0.056974 0.050837 0.0445081 0.0381642 0.0319429 0.0259687 0.0203727 0.0153012 0.010904 0.00730335 0.00455466
 0.00778892 0.0127117 0.0192405 0.027345 0.0367659 0.0468635 0.0565881 0.0647398 0.0704012 0.0732252 0.0733929 0.071368 0.0676767 0.0628027 0.0571562 0.0510628 0.0447653 0.0384396 0.0322215 0.0262345 0.0206108 0.0155003 0.0110584 0.0074137 0.00462689
 0.00776763 0.0126724 0.0191724 0.027235 0.0366011 0.0466359 0.0563003 0.0644079 0.0700546 0.0729017 0.0731313 0.0711996 0.0676181 0.0628535 0.0573017 0.0512807 0.0450315 0.0387317 0.0325196 0.0265206 0.020869 0.0157182 0.0112293 0.0075373 0.00470873
 0.00774241 0.0126305 0.0191074 0.0271399 0.036469 0.0464615 0.0560823 0.0641511 0.0697712 0.0726115 0.0728607 0.0709785 0.0674749 0.0628082 0.0573613 0.0514371 0.0452645 0.0390146 0.0328244 0.0268216 0.021145 0.0159537 0.0114157 0.00767331 0.00479962
 0.00932557 0.0148474 0.0217849 0.0298962 0.0388251 0.0480177 0.0566581 0.063811 0.0687434 0.0711697 0.0712384 0.0693398 0.0659232 0.0614071 0.0561487 0.0504319 0.0444686 0.0384148 0.0323959 0.0265332 0.0209642 0.0158499 0.0113626 0.00765033 0.00479224
 0.00930376 0.015106 0.0226925 0.0319104 0.0422938 0.0529102 0.0623941 0.0693551 0.0729722 0.0733138 0.071135 0.0673758 0.0627654 0.0577167 0.0524188 0.0469601 0.0414031 0.0358118 0.0302607 0.024842 0.0196752 0.0149103 0.0107122 0.00722654 0.00453457
 0.00897385 0.0145866 0.0219639 0.0310225 0.0414192 0.0523802 0.0626595 0.0708242 0.0757655 0.0770814 0.0750997 0.0706269 0.0646373 0.0580195 0.0514089 0.0451287 0.0392458 0.0336937 0.0283906 0.0233069 0.0184866 0.0140388 0.0101088 0.00683417 0.00429679
 0.00879562 0.0142868 0.0214948 0.0303371 0.0404893 0.0512298 0.0614066 0.0697084 0.0751279 0.0772698 0.0763134 0.0727713 0.0672909 0.0605705 0.053302 0.0460764 0.0392856 0.0330904 0.0274741 0.0223479 0.0176485 0.0133878 0.0096474 0.00653278 0.00411499
 0.00871384 0.0141501 0.0212812 0.0300212 0.0400445 0.0506351 0.060658 0.0688363 0.0742167 0.0764718 0.0758383 0.0728332 0.0680141 0.0618969 0.0549687 0.0477003 0.0405198 0.0337572 0.0276006 0.0221017 0.0172327 0.0129618 0.00929857 0.00628662 0.00396065
 0.00868653 0.0141017 0.0212006 0.0298944 0.0398562 0.0503713 0.0603096 0.0684015 0.0737049 0.075911 0.0752874 0.0723903 0.0678074 0.0620444 0.0555162 0.0485723 0.0415262 0.034665 0.0282323 0.0223988 0.0172516 0.012818 0.00910378 0.0061128 0.00383614
 0.00868746 0.0141018 0.0211977 0.0298844 0.0398326 0.0503247 0.0602278 0.0682713 0.0735143 0.0756542 0.0749703 0.0720386 0.0674726 0.0618026 0.05545 0.0487362 0.0419101 0.0351829 0.0287523 0.0228006 0.0174758 0.0128774 0.00905686 0.00602486 0.0037525
 0.00869314 0.01411 0.021208 0.0298955 0.0398422 0.0503295 0.0602232 0.0682507 0.0734694 0.0755752 0.0748489 0.0718716 0.0672687 0.0615878 0.0552686 0.0486413 0.0419424 0.0353476 0.0290087 0.0230763 0.0177 0.0130112 0.00910242 0.0060119 0.00371578
 0.00866693 0.0140727 0.0211619 0.0298458 0.0397959 0.0502923 0.0601977 0.068236 0.0734612 0.0755672 0.0748332 0.0718403 0.0672154 0.0615123 0.0551811 0.0485645 0.0419066 0.0353775 0.0291089 0.023225 0.0178576 0.0131393 0.00918113 0.00604344 0.00371642
 0.00866176 0.0140615 0.0211399 0.0298081 0.039739 0.0502182 0.0601149 0.0681584 0.0734029 0.0755368 0.0748301 0.0718555 0.0672358 0.0615257 0.055181 0.0485533 0.041896 0.0353844 0.0291471 0.0232964 0.0179494 0.0132303 0.00925228 0.00608664 0.00373494
 0.00863551 0.0140229 0.0210893 0.0297477 0.0396723 0.0501474 0.0600412 0.068083 0.0733296 0.0754732 0.0747862 0.0718396 0.0672501 0.0615646 0.0552337 0.0486089 0.0419484 0.0354349 0.0292014 0.0233597 0.0180209 0.0133023 0.0093144 0.00613156 0.00376146
 0.00862495 0.0140035 0.0210564 0.0296964 0.0395992 0.050054 0.059935 0.0679764 0.073236 0.0754024 0.0747428 0.0718239 0.0672605 0.0615989 0.0552881 0.0486772 0.0420235 0.0355105 0.0292748 0.0234304 0.0180889 0.0133655 0.00936867 0.00617303 0.00378893
 0.00862194 0.0139991 0.0210503 0.0296881 0.0395874 0.0500359 0.0599067 0.0679345 0.0731803 0.0753372 0.0746766 0.0717667 0.0672206 0.0615808 0.0552922 0.0487011 0.0420626 0.0355596 0.0293287 0.0234854 0.018142 0.0134142 0.00941047 0.0062058 0.00381182
 0.00862839 0.0140066 0.0210562 0.0296884 0.0395777 0.0500138 0.0598728 0.0678921 0.0731335 0.0752894 0.0746301 0.0717236 0.0671842 0.0615554 0.0552819 0.0487081 0.0420862 0.0355966 0.0293745 0.0235349 0.0181908 0.0134588 0.00944832 0.00623529 0.00383267
 0.00863281 0.0140172 0.0210782 0.0297276 0.0396383 0.0500942 0.0599637 0.0679779 0.0731969 0.0753179 0.0746195 0.071678 0.067113 0.0614702 0.0551942 0.0486278 0.0420207 0.0355499 0.0293469 0.0235239 0.0181923 0.0134679 0.00946073 0.0062476 0.00384278
 0.00863281 0.0140172 0.0210782 0.0297276 0.0396383 0.0500942 0.0599637 0.0679779 0.0731969 0.0753179 0.0746195 0.071678 0.067113 0.0614702 0.0551942 0.0486278 0.0420207 0.0355499 0.0293469 0.0235239 0.0181923 0.0134679 0.00946073 0.0062476 0.00384278
 0.00869686 0.014118 0.0212235 0.0299219 0.0398811 0.0503779 0.0602715 0.0682825 0.0734642 0.0755132 0.0747158 0.0716626 0.0669902 0.0612596 0.0549255 0.0483338 0.0417309 0.0352866 0.0291239 0.023347 0.0180606 0.0133763 0.00940128 0.00621194 0.00382315
 0.00886761 0.0143958 0.0216403 0.0305032 0.0406355 0.0512836 0.061265 0.0692622 0.0743107 0.0761204 0.0750157 0.0716352 0.0666595 0.0606817 0.0541754 0.0474925 0.0408745 0.0344778 0.0284074 0.0227484 0.0175883 0.013025 0.00915593 0.00605196 0.00372639
 0.00839738 0.0136701 0.0206243 0.0292011 0.0391009 0.049628 0.0596592 0.0679164 0.0734265 0.0758301 0.075341 0.072487 0.0678738 0.062071 0.0555724 0.048776 0.041977 0.0353779 0.0291152 0.0232892 0.0179913 0.0133168 0.00935954 0.00618715 0.0038107
 0.00858463 0.0139105 0.0208678 0.0293613 0.039079 0.0493509 0.0591138 0.0671613 0.072578 0.0750306 0.074724 0.0721461 0.0678429 0.0623197 0.0560204 0.0493204 0.0425221 0.0358565 0.0294949 0.0235675 0.0181834 0.0134438 0.00944103 0.00623799 0.00384132
 0.00879554 0.0142733 0.0214447 0.0302059 0.0402044 0.0506895 0.0604952 0.0683384 0.0733047 0.0751568 0.0742519 0.07122 0.0666833 0.0611438 0.0549836 0.0484951 0.0419084 0.0354119 0.0291664 0.0233131 0.0179793 0.0132812 0.00931749 0.00615091 0.00378524
#pred catch len freq
 0.00310227 0.0050639 0.00769318 0.0110509 0.0151845 0.0200741 0.025574 0.0314101 0.0372402 0.0427248 0.047576 0.0515921 0.0546824 0.0568687 0.058258 0.0590077 0.0593017 0.0593156 0.0591366 0.0586297 0.0573303 0.0545083 0.04949 0.0421227 0.0330623
 0.0033484 0.00539584 0.00806871 0.0113938 0.015412 0.0201372 0.0254832 0.031228 0.0370423 0.0425564 0.0474358 0.0514514 0.0545251 0.0567224 0.0581945 0.0591127 0.0596248 0.0598268 0.059712 0.059083 0.0574838 0.0542709 0.0489012 0.0413321 0.0322579
 0.00340673 0.00553578 0.00835679 0.0119041 0.0161889 0.0211485 0.0265956 0.0322361 0.0377489 0.042858 0.0473544 0.0510982 0.0540298 0.0561842 0.0576789 0.0586719 0.0593067 0.0596544 0.0596504 0.0590292 0.0573008 0.0538556 0.0482427 0.0405217 0.0314417
 0.00355493 0.00575503 0.00865252 0.0122829 0.0166762 0.0218019 0.0274944 0.0334341 0.0392085 0.0444121 0.04874 0.0520557 0.054411 0.0559986 0.0570602 0.0578025 0.0583512 0.0587238 0.0587885 0.0582138 0.0564659 0.0529373 0.0472298 0.0394763 0.0304729
 0.003729 0.00603904 0.00908028 0.0128827 0.017462 0.0227652 0.0286031 0.0346458 0.0404908 0.0457466 0.0500938 0.0533382 0.0554592 0.0566221 0.0571242 0.0572912 0.0573684 0.0574366 0.0573554 0.0567374 0.0549882 0.051471 0.0458005 0.0381452 0.029324
 0.00391705 0.00634248 0.00953415 0.0135218 0.0183187 0.023862 0.0299396 0.036186 0.0421582 0.0474352 0.0516911 0.0547455 0.0565937 0.0574017 0.0574565 0.0570911 0.0565993 0.0561425 0.0556552 0.054785 0.0529305 0.0494305 0.0438829 0.0364485 0.0279306
 0.00417412 0.00674899 0.0101259 0.0143278 0.0193606 0.0251512 0.0314704 0.0379266 0.0440454 0.0493743 0.0535629 0.0564189 0.0579445 0.0583269 0.0578788 0.0569536 0.0558658 0.0548119 0.0537833 0.0524935 0.0503939 0.0468484 0.0414501 0.0343289 0.026233
 0.004393 0.00710925 0.0106768 0.0151197 0.0204367 0.0265344 0.0331487 0.0398454 0.0461132 0.0514772 0.055579 0.0582277 0.059432 0.0593904 0.058431 0.0569264 0.0552133 0.0535183 0.0518783 0.0500714 0.0476222 0.0439545 0.0386836 0.0319104 0.0243072
 0.00460439 0.00745052 0.011188 0.0158417 0.0214101 0.0277939 0.034711 0.041694 0.0481871 0.0536692 0.0577464 0.0602143 0.0610925 0.060607 0.0591167 0.0570183 0.0546668 0.0523103 0.0500229 0.0476437 0.0447776 0.040926 0.0357465 0.0293211 0.02224
 0.00484202 0.00782675 0.0117368 0.0165917 0.0223848 0.0290097 0.0361715 0.0433826 0.0500612 0.055658 0.0597515 0.0621141 0.0627525 0.0618956 0.0599198 0.0572483 0.0542636 0.0512419 0.0482946 0.0453183 0.041998 0.0379191 0.0327934 0.0266936 0.0201306
 0.00511486 0.00825354 0.0123486 0.0174082 0.0234143 0.0302482 0.0375996 0.0449619 0.0517368 0.0573648 0.0614199 0.0636719 0.0641223 0.0629919 0.0606506 0.0575205 0.0539928 0.050366 0.0467906 0.0432252 0.0394377 0.0351017 0.0299899 0.0241745 0.0180937
 0.0053671 0.00866766 0.012979 0.0183072 0.0246204 0.0317689 0.0393935 0.0469347 0.0537564 0.0592906 0.0631311 0.0650834 0.0651854 0.0636838 0.0609563 0.0574167 0.0534405 0.0493177 0.0452138 0.0411346 0.0369268 0.0323544 0.0272568 0.0217139 0.0160993
 0.0056187 0.00907439 0.0135887 0.0191673 0.0257748 0.0332479 0.0411973 0.0490148 0.056005 0.0615461 0.0652028 0.0667893 0.0663924 0.0643295 0.0610439 0.0569861 0.0525349 0.0479628 0.0434222 0.0389342 0.0343978 0.0296528 0.0246019 0.0193372 0.0141772
 0.00584972 0.00944773 0.0141474 0.019953 0.0268234 0.0345818 0.0428133 0.0508749 0.0580324 0.0636286 0.0671992 0.0685423 0.0677486 0.0651662 0.0612921 0.0566375 0.0516289 0.0465615 0.0415923 0.0367481 0.0319545 0.0270987 0.0221277 0.0171411 0.0124091
 0.00605193 0.00977612 0.0146419 0.0206527 0.027762 0.0357789 0.0442629 0.0525364 0.0598312 0.0654634 0.0689538 0.0700966 0.0689877 0.06599 0.0616242 0.0564349 0.0508874 0.045315 0.0399059 0.0347133 0.0296907 0.0247574 0.0198852 0.0151689 0.0108315
 0.00623817 0.0100806 0.0151041 0.0213119 0.0286522 0.0369181 0.045641 0.0541065 0.0615114 0.0671474 0.0705261 0.0714473 0.0700244 0.0666432 0.0618478 0.0562036 0.0501952 0.044179 0.0383711 0.0328582 0.02763 0.0226384 0.0178721 0.0134138 0.00943844
 0.00644344 0.0104004 0.0155609 0.0219217 0.0294269 0.0378673 0.0467678 0.0553971 0.0629235 0.068605 0.071925 0.0726719 0.0709697 0.0672321 0.0620376 0.0559808 0.0495673 0.0431691 0.03702 0.0312322 0.025828 0.0207903 0.0161236 0.0118971 0.0082412
 0.00650442 0.010504 0.0157253 0.0221672 0.0297727 0.038327 0.0473448 0.0560847 0.0637083 0.0694692 0.0728427 0.0736004 0.0718443 0.0679704 0.0625541 0.0562045 0.0494541 0.042706 0.0362253 0.0301559 0.0245532 0.0194292 0.0148032 0.0107342 0.00731489
 0.00654373 0.0105597 0.0157951 0.0222472 0.0298623 0.0384362 0.0474965 0.0563103 0.0640358 0.0699111 0.0733905 0.0742266 0.0725072 0.0686176 0.063123 0.0566261 0.0496621 0.0426503 0.0358851 0.0295481 0.0237343 0.0184897 0.0138515 0.00987298 0.00661715
 0.00653666 0.0105468 0.0157726 0.0222101 0.0298052 0.0383551 0.0473934 0.0561985 0.0639441 0.0698824 0.073472 0.0744537 0.072888 0.0691258 0.0637014 0.0571976 0.0501431 0.042965 0.0359792 0.0294017 0.0233692 0.0179672 0.0132586 0.00929972 0.00613303
 0.00657536 0.0105991 0.0158315 0.0222623 0.029834 0.038346 0.0473389 0.0561003 0.0638134 0.06974 0.0733479 0.0743852 0.0729129 0.0692699 0.063966 0.0575526 0.05053 0.0433095 0.0362101 0.0294693 0.0232601 0.0177082 0.0129079 0.00892813 0.00580154
 0.00670915 0.0107956 0.0160879 0.0225604 0.0301439 0.0386318 0.0475654 0.0562377 0.0638425 0.0696576 0.0731699 0.0741455 0.0726571 0.0690467 0.063816 0.057497 0.0505628 0.0433962 0.0362971 0.0295018 0.0232014 0.0175527 0.0126814 0.0086752 0.00556719
