SBPRF35
9.3284
Curr Bio
561027
B35
743641
F35
0.19484
FOFL
0.146406
OFL
67087.8
Bzero
2.66526e+006
#pred survey bio
 4.29065e+006 4.10149e+006 3.92089e+006 3.66778e+006 3.40809e+006 3.08083e+006 2.78313e+006 2.48996e+006 2.20895e+006 1.96265e+006 1.72844e+006 1.51017e+006 1.34417e+006 1.20244e+006 1.05602e+006 937613 840809 772704 737760 695472 673464 652367 632956 623299 609170 600506 596468 587073 597301 600238 605613 600450 599900 594079 580891 563647 552686 536405 536807 541569 545806 558412 566853 574884 573852 579710 572593 570408 574489 570123 574531 583903 552196 517617 509480 566527 2.00531e+007 1.18471e+007 1.19979e+007 1.27927e+007 1.39881e+007 1.53027e+007 1.65446e+007 1.76169e+007 1.84902e+007 1.91742e+007 1.96956e+007 2.00861e+007 2.03753e+007 2.05879e+007 2.07439e+007 2.08583e+007 2.09424e+007 2.10044e+007 2.10504e+007 2.10847e+007 2.11104e+007 2.11298e+007 2.11445e+007 2.11558e+007 2.11644e+007 2.1171e+007 2.11761e+007 2.118e+007 2.11831e+007 2.11855e+007 2.11874e+007 2.11888e+007 2.119e+007 2.11909e+007 2.11916e+007 2.11921e+007 2.11926e+007 2.11929e+007 2.11932e+007 2.11934e+007 2.11936e+007 2.11937e+007 2.11938e+007 2.11939e+007 2.1194e+007 2.1194e+007 2.11941e+007 2.11941e+007 2.11941e+007 2.11941e+007 2.11942e+007 2.11942e+007 2.11942e+007 2.11942e+007 2.11942e+007 2.11942e+007 2.11942e+007 2.11942e+007 2.11942e+007 2.11942e+007 2.11942e+007 2.11942e+007 2.11942e+007 2.11942e+007 2.11942e+007 2.11942e+007 2.11942e+007 2.11942e+007 2.11942e+007 2.11942e+007 2.11942e+007 2.11942e+007 2.11942e+007 2.11942e+007 2.11942e+007 2.11942e+007 2.11942e+007 2.11942e+007 2.11942e+007 2.11942e+007 2.11942e+007 2.11942e+007 2.11942e+007 2.11942e+007 2.11942e+007 2.11942e+007 2.11942e+007 2.11942e+007 2.11942e+007 2.11942e+007 2.11942e+007 2.11942e+007 2.11942e+007 2.11942e+007 2.11942e+007 2.11942e+007 2.11942e+007 2.11942e+007 2.11942e+007 2.11942e+007 0 0 0 0 0 0 0 0 0 0 0 0 0 0 0 0 0 0 0 0 0 0 0 0 0
#obs survey bio
 4.61323e+006 2.86118e+006 3.68299e+006 2.38422e+006 2.80839e+006 2.66095e+006 2.39502e+006 1.62008e+006 1.95016e+006 1.55047e+006 1.51617e+006 1.38205e+006 1.4283e+006 771340 795530 628587 817302 636541 597423 799098 728562 396074 381900 525586 389686 532254 646986 542398 562494 542913 606849 639060 519182 724796 705417 726925 407381 735667 532014 643370 490234 568102 395315 682650 760825 635846 612506 581441 610395 530358 539924 571200 636699 454570 394463 713640
#pred catch bio
 101266 94890.9 169231 191084 274571 273143 295008 308702 298806 304666 301911 263289 247583 254764 230883 210509 182471 151106 153844 132977 129679 126281 116857 119737 114234 109221 111423 92987.7 97994.1 94683.8 101878 95845.8 97675.1 99720.5 98151.2 90334.7 96253.3 85202.5 84455.2 86836.3 81598.4 86736.6 87719.6 94722.6 87979.9 98297.8 93884.2 89502 97346.4 89950.9 85729.3 118568 117756 93606.5 39152.8 78780.7 67087.8 85838.8 85431.6 89570.3 97443.9 106519 115095 122388 128190 132599 135838 138157 139787 140915 141687 142210 142561 142796 142952 143056 143124 143169 143199 143218 143231 143240 143245 143249 143251 143252 143253 143254 143254 143255 143255 143255 143255 143255 143255 143255 143255 143255 143255 143255 143255 143255 143255 143255 143255 143255 143255 143255 143255 143255 143255 143255 143255 143255 143255 143255 143255 143255 143255 143255 143255 143255 143255 143255 143255 143255 143255 143255 143255 143255 143255 143255 143255 143255 143255 143255 143255 143255 143255 143255 143255 143255 143255 143255 143255 143255 143255 143255 143255 143255 143255 143255 143255 143255 143255 143255 0 0 0 0 0 0 0 0 0 0 0 0 0 0 0 0 0 0 0 0 0 0 0 0 0
#obs catch bio
 0 94507.5 170234 191544 277645 275755 299204 315291 305472 313920 311324 269638 251942 262419 237532 218495 187589 154334 157382 134982 131107 128744 118578 121930 116458 111656 113833 93962.9 99063.8 95540.7 103151 96549.2 98965.6 100634 98862.8 90108 96504 84921.4 84307.3 86558.5 81449.8 86886.6 88189.8 94790 87421.8 97657 93437.4 89232.8 97818.5 90347 85554.8 118584 117468 94183.8 38731.8 79185.9
#pred cpue bio
 4.22006e+006 4.03492e+006 3.85778e+006 3.60642e+006 3.34746e+006 3.02169e+006 2.72517e+006 2.43329e+006 2.15376e+006 1.90905e+006 1.67703e+006 1.46145e+006 1.29751e+006 1.15742e+006 1.01302e+006 896513 801895 735873 702281 661672 640701 620390 601507 592081 578355 569930 566333 557886 568362 571595 577098 572456 572345 567328 555485 539649 528745 511501 510766 515123 519238 531362 539481 547429 546808 552767 545856 543482 547125 542764 547197 556635 526067 492310 484340 540758 1.92269e+007 1.13862e+007 1.13865e+007 1.19954e+007 1.31171e+007 1.44122e+007 1.56497e+007 1.67211e+007 1.75942e+007 1.82781e+007 1.87996e+007 1.91901e+007 1.94792e+007 1.96919e+007 1.98478e+007 1.99622e+007 2.00463e+007 2.01084e+007 2.01544e+007 2.01887e+007 2.02144e+007 2.02338e+007 2.02485e+007 2.02597e+007 2.02683e+007 2.02749e+007 2.028e+007 2.0284e+007 2.0287e+007 2.02894e+007 2.02913e+007 2.02928e+007 2.02939e+007 2.02948e+007 2.02955e+007 2.02961e+007 2.02965e+007 2.02969e+007 2.02971e+007 2.02973e+007 2.02975e+007 2.02977e+007 2.02978e+007 2.02978e+007 2.02979e+007 2.0298e+007 2.0298e+007 2.0298e+007 2.02981e+007 2.02981e+007 2.02981e+007 2.02981e+007 2.02981e+007 2.02981e+007 2.02981e+007 2.02981e+007 2.02981e+007 2.02982e+007 2.02982e+007 2.02982e+007 2.02982e+007 2.02982e+007 2.02982e+007 2.02982e+007 2.02982e+007 2.02982e+007 2.02982e+007 2.02982e+007 2.02982e+007 2.02982e+007 2.02982e+007 2.02982e+007 2.02982e+007 2.02982e+007 2.02982e+007 2.02982e+007 2.02982e+007 2.02982e+007 2.02982e+007 2.02982e+007 2.02982e+007 2.02982e+007 2.02982e+007 2.02982e+007 2.02982e+007 2.02982e+007 2.02982e+007 2.02982e+007 2.02982e+007 2.02982e+007 2.02982e+007 2.02982e+007 2.02982e+007 2.02982e+007 2.02982e+007 2.02982e+007 2.02982e+007 2.02982e+007 2.02982e+007 2.02982e+007 0 0 0 0 0 0 0 0 0 0 0 0 0 0 0 0 0 0 0 0 0 0 0 0 0
#obs cpue bio
 2.32884e+006 3.08738e+006 2.84824e+006 3.74156e+006 2.72802e+006 2.61133e+006 2.10357e+006 1.82166e+006 1.75233e+006 1.18412e+006 1.62637e+006 1.54039e+006 1.48287e+006 787142 920014 528223 813522 673095 730676 550716 663520 471908 911251 487263 582873 357314 480032 681611 612635 538270 458837 588917 378736 580052 484981 756124 584181 506192 485893 543897 468082 430362 507672 764753 636420 646561 448369 450538 326843 499716 773959 714118 525538 403345 610840 516374
#pred surv len freq
 0.00529997 0.00855699 0.012787 0.0179366 0.0238579 0.0302362 0.0365592 0.0422358 0.0468191 0.0501602 0.0523839 0.0537487 0.0545176 0.0548933 0.0549992 0.0548803 0.0545191 0.053851 0.0527585 0.0510358 0.0483658 0.0443844 0.0388704 0.0319824 0.0243606
 0.005494 0.00877338 0.0129352 0.0178859 0.0234905 0.0295207 0.0355987 0.0412455 0.0460362 0.0497353 0.0523213 0.0539267 0.0547676 0.0550869 0.0551008 0.0549486 0.0546644 0.0541699 0.0532756 0.0516824 0.0490068 0.0448813 0.0391437 0.0320384 0.0242704
 0.00580103 0.00925122 0.0136074 0.0187414 0.024465 0.0304843 0.0363655 0.0416247 0.0459153 0.0491488 0.0514489 0.0530079 0.0539864 0.0545051 0.0546753 0.0546064 0.054371 0.0539465 0.0531638 0.0516921 0.0490911 0.044956 0.0391359 0.0319254 0.0240835
 0.00607918 0.00970541 0.0142941 0.0197118 0.0257509 0.0320734 0.0381734 0.0434801 0.0475765 0.0503594 0.0520173 0.0528776 0.0532563 0.0533806 0.0533775 0.0532947 0.0531226 0.0527866 0.0521043 0.050744 0.0482552 0.0442158 0.0384699 0.0313267 0.0235668
 0.00632037 0.0100925 0.0148688 0.0205132 0.0268126 0.0334162 0.0397916 0.0453247 0.0495416 0.0522781 0.053674 0.0540456 0.0537584 0.05315 0.0524825 0.0519089 0.0514562 0.0510215 0.0503643 0.0491013 0.0467498 0.0428716 0.037304 0.0303539 0.0227983
 0.00666442 0.0106341 0.015651 0.0215655 0.0281477 0.035026 0.0416403 0.0473461 0.0516439 0.0543513 0.0555913 0.0556589 0.0549006 0.0536595 0.0522491 0.0509192 0.0498089 0.0488994 0.047981 0.0466525 0.0443905 0.040717 0.0354372 0.0288289 0.0216357
 0.0070033 0.0111701 0.01643 0.0226205 0.0294941 0.0366541 0.0435069 0.0493723 0.0537259 0.0563788 0.0574619 0.0572783 0.0561715 0.0544708 0.0524815 0.0504719 0.0486408 0.0470615 0.0456192 0.0439786 0.0416376 0.0381001 0.0331272 0.0269371 0.0202058
 0.00732736 0.0116902 0.0172001 0.0236863 0.0308841 0.0383668 0.0454972 0.0515471 0.0559572 0.0585287 0.0594062 0.0589179 0.0574298 0.0552825 0.0527787 0.0501811 0.0476974 0.0454426 0.0433792 0.041266 0.0386802 0.0351628 0.0304572 0.0247154 0.0185181
 0.00763981 0.0121906 0.0179398 0.0247091 0.0322201 0.0400215 0.0474382 0.0536968 0.058199 0.0607254 0.0614203 0.060628 0.0587401 0.0561232 0.0530991 0.0499384 0.0468513 0.0439669 0.0412904 0.0386568 0.0357357 0.0321407 0.0276341 0.0223192 0.0166753
 0.0078691 0.0125666 0.0185117 0.0255257 0.0333213 0.0414247 0.0491236 0.0556016 0.0602246 0.0627543 0.0633323 0.0623104 0.0600928 0.0570624 0.0535589 0.0498685 0.0462141 0.0427398 0.0394811 0.0363311 0.033041 0.0293041 0.0249228 0.0199732 0.0148445
 0.0081026 0.0129426 0.0190716 0.026307 0.0343531 0.0427189 0.0506639 0.0573364 0.0620708 0.0646084 0.0650849 0.0638573 0.0613421 0.057938 0.0540003 0.0498286 0.045657 0.0416433 0.0378493 0.034216 0.0305654 0.0266663 0.0223677 0.0177331 0.0130756
 0.00846106 0.0134957 0.0198493 0.0273187 0.035589 0.0441527 0.0522518 0.0590158 0.063763 0.0662282 0.0665501 0.0650943 0.0622884 0.0585417 0.0542196 0.0496296 0.0450126 0.0405358 0.0362807 0.0322278 0.0282596 0.0242133 0.0199844 0.0156319 0.0114052
 0.0088523 0.0140969 0.0206888 0.0283986 0.0368855 0.0456185 0.0538174 0.0605939 0.0652606 0.0675646 0.0676688 0.0659637 0.0628915 0.0588648 0.0542451 0.0493346 0.0443713 0.039526 0.0348959 0.0304948 0.0262576 0.0220816 0.0179057 0.0137897 0.00993198
 0.00914047 0.0145662 0.021395 0.0293896 0.0381866 0.047212 0.0556252 0.0624791 0.0670555 0.0691125 0.0688601 0.0667486 0.0632713 0.0588722 0.0539225 0.0487168 0.0434774 0.0383611 0.0334632 0.0288157 0.0243925 0.0201403 0.0160361 0.0121427 0.00861748
 0.00943375 0.0150405 0.022104 0.0303818 0.0394953 0.0488399 0.0575257 0.064546 0.0691305 0.0710106 0.070404 0.0678017 0.0637621 0.0588009 0.0533487 0.0477324 0.0421769 0.0368212 0.03174 0.0269572 0.0224602 0.0182242 0.0142512 0.0106045 0.00740675
 0.00952894 0.015217 0.0224105 0.0308782 0.0402412 0.0498739 0.0588456 0.066099 0.0708189 0.0727067 0.0719659 0.0690898 0.0646554 0.0592169 0.053258 0.0471625 0.0411989 0.0355283 0.0302263 0.0253097 0.0207629 0.0165671 0.0127311 0.00931032 0.00639686
 0.00959486 0.0153234 0.0225708 0.031109 0.040565 0.0503198 0.059446 0.0668789 0.0717813 0.0738192 0.0731561 0.0702517 0.0656675 0.0599631 0.0536482 0.0471476 0.0407783 0.0347462 0.0291598 0.0240534 0.019418 0.0152348 0.0115064 0.00827103 0.00558952
 0.00972635 0.0155086 0.0227974 0.0313491 0.0407856 0.0504996 0.0595883 0.0670157 0.0719644 0.0741033 0.0735792 0.0708174 0.0663352 0.0606512 0.0542501 0.047557 0.0409143 0.0345717 0.028687 0.0233384 0.0185468 0.014307 0.0106188 0.00750182 0.0049857
 0.00967837 0.0154407 0.0227127 0.0312551 0.0406887 0.0503999 0.0594792 0.0668906 0.0718306 0.0739932 0.0735489 0.0709303 0.0666349 0.0611376 0.0548697 0.0482125 0.0414904 0.0349656 0.0288356 0.0232311 0.0182235 0.0138435 0.0101044 0.00701707 0.00458584
 0.00977787 0.0155858 0.0229005 0.0314724 0.0409166 0.0506194 0.0596747 0.0670487 0.0719372 0.0740345 0.0735189 0.0708414 0.0665233 0.0610538 0.0548578 0.0482861 0.0416213 0.0350924 0.0288876 0.0231573 0.0180115 0.0135221 0.00972986 0.00665158 0.00427733
 0.00992428 0.0157888 0.0231412 0.0317112 0.041104 0.0507142 0.0596588 0.0669324 0.0717521 0.0738212 0.0733149 0.0706735 0.0664064 0.0609961 0.0548649 0.0483607 0.0417549 0.0352577 0.02904 0.0232484 0.0180087 0.0134221 0.00955916 0.00645277 0.00409145
 0.0100381 0.0159726 0.0234132 0.0320818 0.0415668 0.0512359 0.0601752 0.067358 0.0720069 0.0738602 0.0731449 0.0703468 0.0659973 0.0605755 0.0544855 0.0480532 0.0415304 0.0351099 0.0289469 0.0231777 0.0179285 0.0133134 0.00942225 0.00630455 0.00395433
 0.0101263 0.0161106 0.0236114 0.032347 0.0419022 0.0516388 0.0606327 0.0678406 0.0724651 0.0742297 0.0733615 0.0703675 0.0658173 0.0602318 0.0540439 0.0475861 0.0410969 0.034745 0.0286599 0.0229576 0.0177539 0.0131633 0.00928485 0.00617906 0.003847
 0.0101528 0.0161501 0.0236644 0.0324128 0.04198 0.0517306 0.060744 0.0679796 0.0726377 0.0744335 0.0735797 0.0705673 0.0659576 0.0602774 0.0539802 0.0474267 0.0408776 0.0345091 0.0284424 0.0227763 0.0176098 0.0130477 0.00918818 0.00609632 0.00377819
 0.0102091 0.0162399 0.0237961 0.0325915 0.0422056 0.0519947 0.0610284 0.0682581 0.0728835 0.0746269 0.0737122 0.0706393 0.0659707 0.060229 0.0538644 0.047241 0.0406311 0.0342247 0.0281513 0.0225074 0.0173817 0.0128661 0.00904958 0.00599362 0.00370447
 0.0100195 0.0159762 0.0234818 0.0322766 0.0419534 0.0518593 0.0610363 0.0684029 0.0731335 0.0749388 0.0740432 0.0709548 0.066247 0.0604518 0.0540254 0.0473352 0.0406572 0.034188 0.028066 0.0223943 0.0172623 0.0127571 0.00895963 0.00592485 0.00365508
 0.00980448 0.0156404 0.0230044 0.0316548 0.0412104 0.0510527 0.0602602 0.0677741 0.0727597 0.0748819 0.0742982 0.071457 0.0669003 0.0611601 0.0547122 0.0479495 0.0411705 0.0345892 0.0283573 0.0225887 0.0173798 0.0128198 0.00898749 0.00593306 0.0036538
 0.00985896 0.0156944 0.0230219 0.0315813 0.0409877 0.0506435 0.0596708 0.0670635 0.0720296 0.0742517 0.0738748 0.0713066 0.0670324 0.0615285 0.0552343 0.0485331 0.0417367 0.0350846 0.0287549 0.0228835 0.0175814 0.0129463 0.00905971 0.00596986 0.00366992
 0.00980082 0.0155979 0.0228717 0.0313588 0.0406709 0.0502101 0.0591055 0.0663698 0.0712424 0.0734442 0.0731531 0.0707875 0.0668112 0.0616491 0.0556752 0.0492152 0.0425492 0.0359156 0.0295157 0.0235198 0.0180731 0.0132992 0.00929509 0.00611558 0.00375329
 0.00976195 0.015542 0.0228007 0.0312772 0.0405821 0.0501109 0.0589817 0.0661972 0.0709938 0.0731022 0.072724 0.0703115 0.0663611 0.061314 0.0555325 0.049303 0.0428527 0.036373 0.0300419 0.0240329 0.0185145 0.0136407 0.00953518 0.00626961 0.00384359
 0.00961087 0.0153183 0.0225053 0.0309261 0.0402033 0.0497374 0.0586449 0.065921 0.0707896 0.0729652 0.0726342 0.0702438 0.0663001 0.0612671 0.0555319 0.0493929 0.0430669 0.0367152 0.0304796 0.0245085 0.0189659 0.0140209 0.00982222 0.00646498 0.00396382
 0.00955188 0.015224 0.0223668 0.0307381 0.0399671 0.0494644 0.0583589 0.0656551 0.0705773 0.0728283 0.0725747 0.070244 0.0663315 0.0613043 0.0555651 0.0494338 0.0431428 0.0368542 0.0306931 0.0247825 0.0192654 0.0143045 0.0100577 0.00663789 0.00407674
 0.00931004 0.0148692 0.021904 0.0301962 0.0393906 0.0488994 0.0578431 0.0652175 0.070242 0.0726175 0.0725059 0.0703228 0.0665453 0.061622 0.0559457 0.049839 0.0435486 0.0372532 0.0310873 0.0251709 0.0196368 0.0146386 0.0103338 0.00684466 0.00421599
 0.00896591 0.0143537 0.0212112 0.0293532 0.0384534 0.0479439 0.056955 0.0644815 0.0697275 0.0723634 0.0725135 0.070562 0.0669695 0.062181 0.056591 0.0505254 0.0442362 0.0379112 0.0316962 0.0257201 0.0201187 0.0150453 0.0106581 0.00708465 0.00437838
 0.00886562 0.0141681 0.0208924 0.0288478 0.0377224 0.0469895 0.0558425 0.0633362 0.0687038 0.0715992 0.0720935 0.0705056 0.0672408 0.0627105 0.0572976 0.0513318 0.0450765 0.0387334 0.032462 0.0264038 0.0207046 0.0155254 0.0110309 0.00735557 0.00456029
 0.00966481 0.0152834 0.0222287 0.0301974 0.0388174 0.0475907 0.0558168 0.0626868 0.0675525 0.0701432 0.0705576 0.0690972 0.0661127 0.0619399 0.0568869 0.0512288 0.0452022 0.0390058 0.03281 0.0267726 0.0210554 0.0158329 0.0112812 0.00754417 0.00469086
 0.0103805 0.0164051 0.0238292 0.03229 0.041323 0.0503061 0.0584051 0.0647283 0.068662 0.0701079 0.0694169 0.0671175 0.0636811 0.0594388 0.0546061 0.0493324 0.0437406 0.0379503 0.0320914 0.0263111 0.0207785 0.0156814 0.0112095 0.00751876 0.00468845
 0.0103997 0.0165333 0.0242003 0.0330854 0.0427208 0.052399 0.0611227 0.0678064 0.0716814 0.0725909 0.0709481 0.0674543 0.0628175 0.0575973 0.0521581 0.0466821 0.041222 0.0357742 0.0303453 0.0249919 0.0198323 0.0150358 0.0107919 0.00726468 0.00454445
 0.0101591 0.0161685 0.0237079 0.0324992 0.0421283 0.0519509 0.0610225 0.0682621 0.0728198 0.0743689 0.0731178 0.0696144 0.0645383 0.0585625 0.0522584 0.0460255 0.0400658 0.0344198 0.0290448 0.0239001 0.0190064 0.0144632 0.0104249 0.00704647 0.00442442
 0.0100951 0.0160462 0.0234912 0.0321469 0.041609 0.0512681 0.0602401 0.067515 0.0722986 0.0742729 0.0735852 0.0706537 0.0659931 0.0601405 0.0536244 0.0469189 0.0403851 0.0342332 0.0285328 0.0232683 0.0184148 0.0139975 0.0101042 0.00684961 0.00431564
 0.0101582 0.0161332 0.0235914 0.0322362 0.0416509 0.0512194 0.0600605 0.0671835 0.0718334 0.0737481 0.0731298 0.0704209 0.0661036 0.0606214 0.0543789 0.0477518 0.0410779 0.0346319 0.0285995 0.0230734 0.0180841 0.0136509 0.00981759 0.00664949 0.00419415
 0.0100643 0.016001 0.0234299 0.0320649 0.0414924 0.0510868 0.0599492 0.0670704 0.0716873 0.0735473 0.0728808 0.07017 0.0659326 0.0606219 0.0546101 0.0482015 0.0416543 0.0351961 0.0290253 0.0232979 0.0181216 0.0135673 0.00968875 0.00653007 0.00410826
 0.00988764 0.0157446 0.0231019 0.0316944 0.0411233 0.0507664 0.0597162 0.0669464 0.0716716 0.0736153 0.0729908 0.0702794 0.0660191 0.0606977 0.0547178 0.0483891 0.0419418 0.035556 0.0293901 0.0235937 0.0183036 0.0136354 0.00967721 0.00648261 0.00405806
 0.00968698 0.0154373 0.0226761 0.0311551 0.0404954 0.0500956 0.0590681 0.0663994 0.0712994 0.0734652 0.0730673 0.0705445 0.066408 0.0611435 0.0551735 0.0488372 0.0423858 0.0360001 0.0298219 0.0239819 0.0186131 0.0138465 0.00979556 0.00653278 0.00406971
 0.00973984 0.0154944 0.0227088 0.0311202 0.0403469 0.0498052 0.0586422 0.0658835 0.0707672 0.0729981 0.0727336 0.070384 0.0664254 0.0613116 0.0554454 0.0491639 0.0427304 0.0363416 0.030148 0.0242796 0.0188654 0.0140386 0.00992253 0.00660313 0.0041005
 0.00979791 0.015576 0.0228066 0.0312153 0.0404092 0.049797 0.0585253 0.0656304 0.0703754 0.072501 0.0722 0.0699021 0.0660764 0.0611455 0.0554699 0.049349 0.043025 0.0366912 0.0305074 0.0246156 0.0191556 0.0142691 0.0100886 0.00670982 0.00416057
 0.00996843 0.0158392 0.0231753 0.0316889 0.0409705 0.0504084 0.0591264 0.0661412 0.07071 0.0725899 0.072013 0.069461 0.0654531 0.0604429 0.0547939 0.0487813 0.0426071 0.0364249 0.0303671 0.0245644 0.0191571 0.014294 0.0101172 0.00673175 0.00417298
 0.0100778 0.0160094 0.0234171 0.032007 0.0413626 0.0508636 0.059622 0.0666405 0.0711624 0.072937 0.0721981 0.0694428 0.0652188 0.0600175 0.0542389 0.04818 0.0420421 0.0359567 0.0300229 0.0243401 0.0190285 0.0142304 0.0100908 0.00672282 0.00417022
 0.00995369 0.0158423 0.0232301 0.0318432 0.0412738 0.0508916 0.0597834 0.0669224 0.0715297 0.0733427 0.0725921 0.0697754 0.065445 0.0601048 0.0541772 0.0479887 0.0417671 0.0356573 0.0297529 0.0241331 0.0188935 0.0141568 0.0100591 0.00671381 0.00417043
 0.0098534 0.0156936 0.0230344 0.0316151 0.0410417 0.0506961 0.0596719 0.066939 0.0717002 0.0736612 0.0730166 0.0702386 0.065873 0.0604351 0.0543704 0.0480331 0.0416786 0.0354744 0.0295262 0.0239113 0.0187106 0.0140267 0.00997856 0.00667029 0.00414982
 0.00973631 0.0155046 0.0227536 0.031228 0.0405464 0.0501122 0.0590488 0.0663545 0.0712463 0.0734202 0.0730368 0.0705198 0.0663661 0.061056 0.0550217 0.0486279 0.0421585 0.0358168 0.0297409 0.0240293 0.018769 0.0140565 0.00999827 0.00668715 0.00416445
 0.00962874 0.0153319 0.0224977 0.0308736 0.0400839 0.0495432 0.0583931 0.0656553 0.0705697 0.0728473 0.07265 0.0703848 0.0665139 0.061471 0.0556423 0.049361 0.0429035 0.0364902 0.0302924 0.0244443 0.0190608 0.0142519 0.0101255 0.00676856 0.00421537
 0.00992398 0.0157842 0.0231249 0.0316686 0.0410107 0.0505345 0.0593501 0.0664568 0.0710956 0.073012 0.0724306 0.0698297 0.0657289 0.0605885 0.0547855 0.0486148 0.0423023 0.036025 0.0299311 0.0241539 0.0188205 0.0140547 0.00997177 0.00665805 0.00414339
 0.0100113 0.015956 0.023437 0.0321872 0.041791 0.0515889 0.060621 0.0678125 0.0723574 0.0739988 0.073003 0.069918 0.0653432 0.0598118 0.0537515 0.0474746 0.0411896 0.0350312 0.0290987 0.0234868 0.018302 0.013663 0.0096867 0.00646152 0.00401728
 0.00942313 0.0151043 0.0223521 0.0309725 0.0406048 0.0506075 0.0600017 0.067665 0.0727203 0.0748241 0.0741565 0.0712075 0.0665684 0.0608155 0.0544523 0.0478721 0.0413437 0.0350288 0.0290216 0.0233915 0.0182168 0.0135959 0.00963655 0.00642519 0.00399221
 0.00818784 0.0131925 0.0196627 0.0274974 0.0364531 0.0460283 0.0553961 0.0635548 0.0696488 0.0732149 0.0741977 0.0728136 0.0694247 0.064474 0.0584408 0.0517856 0.0448998 0.0380787 0.0315249 0.0253751 0.0197374 0.0147184 0.0104267 0.00694949 0.0043164
#obs surv len freq
 nan nan nan nan nan nan nan nan nan nan nan nan nan nan nan nan nan nan nan nan nan nan nan nan nan
 0.00448583 0.00734785 0.0111786 0.0159958 0.0216974 0.0279736 0.034288 0.0400191 0.044698 0.0481607 0.0505172 0.0520115 0.0529023 0.0534133 0.0537265 0.0539806 0.0542586 0.054551 0.0546895 0.0542813 0.0527194 0.0493518 0.043802 0.0362828 0.0276672
 0.00461312 0.0075579 0.0115002 0.0164565 0.0223166 0.0287525 0.0351986 0.0410021 0.0456709 0.0490347 0.0512142 0.0524758 0.0531055 0.0533547 0.0534284 0.0534804 0.0536001 0.0537772 0.0538398 0.053393 0.0518315 0.0485078 0.0430469 0.0356546 0.0271871
 0.00477635 0.00782318 0.0118995 0.01702 0.0230676 0.0296984 0.0363212 0.0422512 0.0469681 0.0502839 0.0523152 0.0533372 0.0536558 0.0535507 0.0532595 0.052967 0.0527866 0.0527228 0.0526107 0.0520593 0.0504684 0.0471952 0.0418641 0.0346671 0.0264309
 0.00497132 0.00814185 0.0123821 0.0177049 0.0239835 0.0308524 0.0376871 0.0437658 0.04854 0.05181 0.053695 0.0544792 0.0544803 0.0539928 0.0532752 0.0525403 0.0519333 0.0514899 0.0510727 0.050313 0.048629 0.0453899 0.0402186 0.0332839 0.0253679
 0.00517035 0.00847093 0.0128877 0.0184338 0.024974 0.0321197 0.039208 0.0454734 0.0503329 0.0535714 0.055311 0.0558495 0.0555211 0.0546357 0.0534667 0.0522442 0.0511367 0.0502117 0.0493706 0.0482881 0.0464229 0.043173 0.0381657 0.031541 0.0240199
 0.00540076 0.00884433 0.0134479 0.0192219 0.0260221 0.0334403 0.0407819 0.0472431 0.0522072 0.0554401 0.0570595 0.0573704 0.0567199 0.0554343 0.053803 0.0520716 0.0504263 0.0489601 0.0476136 0.0461144 0.0439808 0.0406601 0.0357979 0.0295058 0.0224328
 0.00563926 0.00923776 0.0140503 0.0200863 0.0271894 0.0349217 0.0425428 0.0491992 0.0542404 0.057423 0.0588773 0.058928 0.05794 0.0562515 0.0541606 0.0519206 0.0497289 0.0476978 0.0458035 0.0438291 0.0413635 0.0379203 0.0331786 0.0272285 0.0206415
 0.00587606 0.00962463 0.0146365 0.0209201 0.0283098 0.0363456 0.0442492 0.051122 0.0562743 0.0594415 0.060753 0.0605481 0.0592143 0.0571129 0.0545595 0.0518174 0.0490896 0.0464994 0.0440503 0.0415773 0.0387427 0.0351358 0.0304818 0.024858 0.0187603
 0.00613357 0.0100466 0.0152774 0.0218323 0.0295327 0.037889 0.0460775 0.0531496 0.0583793 0.0614904 0.0626218 0.0621332 0.0604342 0.0579061 0.0548815 0.051636 0.0483807 0.0452477 0.0422612 0.0392999 0.0360951 0.0323136 0.0277335 0.0224273 0.0168199
 0.0063831 0.0104553 0.0158983 0.0227167 0.0307205 0.0393932 0.0478673 0.0551443 0.0604588 0.063518 0.064467 0.0636868 0.0616133 0.0586536 0.0551603 0.0514225 0.0476586 0.0440088 0.0405142 0.037092 0.0335351 0.0295832 0.0250672 0.02006 0.0149217
 0.00661409 0.0108371 0.0164845 0.0235608 0.0318653 0.0408529 0.0496107 0.0570892 0.062484 0.065487 0.0662513 0.0651785 0.0627308 0.059341 0.0553842 0.0511659 0.0469152 0.04278 0.0388166 0.0349738 0.0310986 0.0269954 0.0225437 0.0178182 0.0131212
 0.00684473 0.0112124 0.0170503 0.0243604 0.0329319 0.0421975 0.0512079 0.0588709 0.0643468 0.0673096 0.0679128 0.0665734 0.0637757 0.0599779 0.0555792 0.0509039 0.0461943 0.0416089 0.0372182 0.0329991 0.0288445 0.0246139 0.0202288 0.0157647 0.011472
 0.00705646 0.0115623 0.017587 0.0251317 0.0339739 0.0435179 0.0527711 0.0605942 0.066115 0.0689994 0.0694145 0.0678001 0.0646643 0.0604856 0.0556805 0.0505882 0.0454628 0.0404733 0.0357052 0.0311608 0.026772 0.0224446 0.0181341 0.0139147 0.00999029
 0.0072548 0.0118875 0.0180814 0.0258366 0.0349214 0.044718 0.0541973 0.0621782 0.0677538 0.0705747 0.0708125 0.068927 0.0654541 0.0609011 0.0557082 0.0502306 0.044732 0.0393885 0.0342967 0.0294798 0.0249022 0.0205079 0.0162788 0.0122858 0.00869114
 0.00744827 0.0122018 0.0185539 0.0265015 0.0358027 0.0458188 0.055489 0.0635963 0.0692072 0.0719616 0.0720372 0.0699095 0.0661346 0.0612418 0.0556932 0.0498625 0.044027 0.0383725 0.0330055 0.0279653 0.0232417 0.0188078 0.0146653 0.0108794 0.00757553
 0.00751502 0.012319 0.0187469 0.0268002 0.0362368 0.0464086 0.0562361 0.0644793 0.0701834 0.0729742 0.073022 0.0708005 0.0668686 0.0617626 0.0559564 0.0498397 0.0437071 0.0377621 0.0321294 0.0268686 0.021994 0.0175027 0.013411 0.00977806 0.00669814
 0.00759069 0.0124316 0.0188977 0.0269865 0.036456 0.0466645 0.0565417 0.0648529 0.0706405 0.0735169 0.073633 0.0714428 0.0674908 0.062306 0.0563632 0.0500591 0.0437012 0.0375111 0.0316353 0.0261594 0.0211247 0.0165528 0.0124739 0.00894206 0.00602555
 0.00766285 0.0125449 0.0190601 0.0272011 0.0367186 0.0469622 0.056853 0.0651536 0.0709133 0.073761 0.0738644 0.0716842 0.0677556 0.062587 0.0566292 0.0502627 0.0437908 0.0374428 0.0313842 0.025727 0.0205427 0.0158806 0.0117874 0.00831604 0.00551485
 0.0077207 0.0126327 0.0191806 0.027353 0.0368972 0.0471604 0.0570618 0.0653618 0.0711079 0.0739304 0.0740033 0.0717974 0.067857 0.0626924 0.0567459 0.0503802 0.0438793 0.0374615 0.0312944 0.025507 0.020198 0.0154457 0.0113174 0.00787129 0.00514294
 0.0077708 0.0127099 0.0192889 0.0274924 0.0370637 0.0473453 0.0572523 0.0655422 0.0712634 0.074051 0.074086 0.0718461 0.0678806 0.0627027 0.0567542 0.0503923 0.0438903 0.0374531 0.0312396 0.0253804 0.0199891 0.0151666 0.0110013 0.00756106 0.00487642
 0.00782959 0.0127999 0.0194138 0.0276514 0.0372516 0.0475526 0.0574653 0.0657437 0.0714353 0.0741781 0.0741598 0.0718663 0.0678545 0.0626429 0.0566752 0.0503071 0.0438064 0.0373689 0.0311442 0.025258 0.0198276 0.0149661 0.0107775 0.00733999 0.004684
 0.00785551 0.012841 0.0194736 0.0277321 0.0373532 0.0476722 0.057596 0.0658755 0.0715566 0.0742789 0.0742332 0.0719095 0.0678678 0.0626291 0.0566396 0.0502565 0.0437471 0.0373042 0.031072 0.0251719 0.0197203 0.0148359 0.0106315 0.00719327 0.00455368
 0.00787876 0.0128735 0.0195129 0.0277731 0.0373901 0.0477012 0.0576178 0.0658944 0.0715786 0.0743081 0.0742703 0.0719514 0.0679093 0.0626646 0.0566646 0.0502686 0.0437457 0.0372899 0.0310447 0.0251298 0.0196611 0.0147593 0.0105422 0.00710073 0.00446922
 0.00790704 0.0129164 0.0195712 0.0278449 0.0374701 0.0477814 0.0576878 0.0659443 0.0716019 0.074305 0.0742481 0.0719211 0.0678811 0.0626438 0.056651 0.0502584 0.0437342 0.037273 0.0310198 0.0250949 0.0196153 0.0147031 0.0104789 0.00703638 0.0044109
 0.00789441 0.0128973 0.0195453 0.0278128 0.0374335 0.0477427 0.0576498 0.0659098 0.0715733 0.0742843 0.074237 0.0719216 0.0678957 0.0626744 0.0566974 0.0503168 0.0437978 0.0373336 0.0310698 0.0251289 0.0196306 0.0147002 0.0104613 0.00700981 0.00438203
 0.00790838 0.0129108 0.0195488 0.0277927 0.0373765 0.0476424 0.0575125 0.0657538 0.0714237 0.0741642 0.074161 0.0718948 0.0679148 0.0627318 0.0567836 0.0504223 0.0439128 0.0374484 0.0311748 0.0252163 0.0196954 0.014741 0.0104805 0.00701297 0.00437575
 0.00790372 0.0129042 0.0195402 0.0277812 0.0373587 0.0476116 0.0574586 0.0656679 0.0713037 0.07402 0.0740145 0.0717728 0.0678398 0.062715 0.0568233 0.0505072 0.0440272 0.0375761 0.0313013 0.02533 0.0197882 0.014809 0.0105243 0.00703651 0.00438514
 0.00787579 0.0128568 0.0194655 0.0276717 0.0372104 0.0474274 0.0572509 0.0654567 0.0711109 0.0738627 0.0739022 0.0717097 0.0678286 0.0627583 0.0569216 0.0506553 0.044213 0.0377819 0.0315081 0.0255206 0.0199499 0.0149352 0.0106142 0.00709446 0.00441839
 0.00786406 0.0128354 0.0194289 0.0276129 0.0371224 0.0473051 0.0570945 0.0652734 0.0709152 0.0736744 0.0737421 0.0715951 0.06777 0.0627589 0.0569791 0.0507636 0.0443628 0.0379606 0.0316998 0.0257081 0.0201178 0.0150729 0.0107173 0.00716449 0.00446132
 0.00787053 0.0128417 0.0194305 0.0276027 0.0370918 0.0472471 0.0570052 0.0651539 0.0707714 0.0735166 0.0735841 0.0714531 0.0676602 0.0626945 0.0569675 0.0508057 0.0444532 0.0380888 0.0318519 0.0258681 0.02027 0.0152045 0.0108205 0.00723791 0.0045084
 0.00783039 0.0127827 0.0193532 0.027511 0.0369916 0.047143 0.0568993 0.0650462 0.0706619 0.0734077 0.0734818 0.0713659 0.0675979 0.0626662 0.05698 0.050862 0.0445516 0.0382226 0.0320098 0.0260355 0.0204317 0.0153471 0.0109353 0.0073218 0.00456389
 0.00778997 0.0127134 0.0192429 0.0273482 0.03677 0.0468683 0.056593 0.0647435 0.0704015 0.0732193 0.0733784 0.0713441 0.067645 0.0627676 0.0571234 0.0510385 0.0447541 0.0384436 0.0322395 0.0262619 0.0206416 0.0155286 0.0110804 0.0074282 0.00463496
 0.0077807 0.012692 0.0191987 0.0272671 0.036637 0.046673 0.0563357 0.0644385 0.0700774 0.072914 0.0731308 0.0711852 0.0675898 0.0628133 0.0572536 0.0512305 0.0449857 0.038696 0.0324973 0.0265116 0.0208704 0.0157255 0.0112381 0.00754463 0.0047135
 0.00773739 0.0126265 0.019109 0.0271534 0.0365003 0.0465132 0.056151 0.0642276 0.0698435 0.0726685 0.0728954 0.0709885 0.0674613 0.0627744 0.057312 0.051378 0.0452022 0.0389558 0.0327747 0.0267844 0.0211209 0.0159406 0.0114101 0.00767171 0.00479958
 0.00931838 0.014836 0.0217683 0.0298747 0.0388008 0.0479955 0.0566454 0.0638158 0.0687708 0.0712186 0.0713006 0.0694028 0.0659749 0.0614393 0.0561587 0.0504219 0.0444438 0.0383817 0.0323613 0.0265027 0.0209409 0.0158348 0.0113544 0.00764681 0.0047912
 0.00930531 0.0151067 0.0226901 0.0319021 0.0422765 0.0528824 0.0623576 0.0693152 0.0729372 0.0732926 0.0711343 0.0673975 0.0628051 0.0577653 0.0524656 0.0469966 0.041425 0.0358195 0.0302577 0.0248334 0.0196656 0.0149026 0.0107075 0.00722448 0.00453415
 0.00897746 0.0145915 0.0219694 0.0310271 0.0414205 0.0523758 0.0626468 0.070802 0.0757348 0.0770457 0.0750655 0.070602 0.064628 0.058028 0.0514327 0.0451612 0.0392787 0.0337207 0.0284085 0.0233161 0.0184898 0.0140389 0.0101081 0.00683379 0.00429692
 0.00881083 0.0143111 0.0215305 0.0303856 0.04055 0.0512995 0.0614785 0.0697726 0.0751736 0.0772887 0.0763024 0.0727335 0.067235 0.0605077 0.0532425 0.0460266 0.0392473 0.0330613 0.0274505 0.022327 0.0176293 0.0133709 0.00963374 0.00652289 0.00410864
 0.00874413 0.0141981 0.0213509 0.0301151 0.0401625 0.0507733 0.0608074 0.0689829 0.0743432 0.0765616 0.0758793 0.0728202 0.0679503 0.0617932 0.0548406 0.0475646 0.0403903 0.0336426 0.0275043 0.0220233 0.0171702 0.0129135 0.00926265 0.00626153 0.00394446
 0.00870433 0.0141315 0.0212471 0.0299621 0.0399485 0.0504885 0.0604466 0.0685481 0.0738467 0.0760325 0.0753743 0.0724323 0.0677994 0.0619875 0.0554179 0.0484456 0.0413866 0.0345272 0.0281074 0.022293 0.0171668 0.0127533 0.00905676 0.00608055 0.0038155
 0.0087016 0.0141241 0.0212301 0.0299284 0.0398895 0.0503953 0.0603119 0.068367 0.0736171 0.0757565 0.0750624 0.0721096 0.0675124 0.0618044 0.0554117 0.0486617 0.0418084 0.0350667 0.0286348 0.0226928 0.0173847 0.0128059 0.00900439 0.00598895 0.00372965
 0.00870232 0.0141256 0.0212326 0.0299318 0.0398922 0.0503933 0.0602984 0.0683324 0.0735516 0.0756523 0.0749163 0.0719257 0.0673053 0.0616023 0.0552566 0.0486007 0.0418751 0.0352598 0.02891 0.0229776 0.0176107 0.0129374 0.00904646 0.00597288 0.00369076
 0.00869591 0.014117 0.0212231 0.0299238 0.0398882 0.0503953 0.0603061 0.0683426 0.0735581 0.0756466 0.0748888 0.0718686 0.0672159 0.0614866 0.0551317 0.0484941 0.0418181 0.0352752 0.0289991 0.0231157 0.0177572 0.0130545 0.00911525 0.00599662 0.00368601
 0.0086664 0.0140718 0.0211604 0.0298443 0.0397957 0.0502966 0.0602109 0.0682626 0.0735037 0.0756233 0.0748951 0.0718957 0.0672507 0.0615165 0.0551497 0.0485024 0.0418286 0.0353042 0.0290587 0.0232058 0.0178633 0.0131548 0.00919159 0.00604216 0.0037053
 0.00865814 0.0140569 0.0211354 0.0298053 0.0397398 0.0502237 0.0601254 0.0681733 0.0734222 0.0755609 0.0748595 0.0718894 0.06727 0.0615529 0.0551929 0.0485443 0.0418663 0.0353415 0.0291029 0.0232619 0.0179297 0.013223 0.00925057 0.00608438 0.00372967
 0.00864228 0.0140329 0.0211025 0.0297637 0.0396903 0.0501668 0.0600617 0.0681043 0.0733512 0.0754938 0.0748044 0.0718545 0.0672609 0.0615707 0.0552333 0.0485994 0.0419279 0.0354037 0.0291639 0.0233225 0.01799 0.0132805 0.00930074 0.00612291 0.00375507
 0.00864488 0.0140341 0.0210988 0.0297503 0.0396625 0.0501227 0.0600034 0.0680377 0.0732838 0.0754323 0.0747531 0.071816 0.0672376 0.0615648 0.0552463 0.0486303 0.0419729 0.0354575 0.0292212 0.0233795 0.0180442 0.0133298 0.00934285 0.00615574 0.00377787
 0.00863707 0.0140242 0.021089 0.0297436 0.0396614 0.0501267 0.0600084 0.0680367 0.0732703 0.0754039 0.0747126 0.0717701 0.0671942 0.0615305 0.0552254 0.0486249 0.041983 0.0354809 0.0292543 0.023418 0.018084 0.0133674 0.00937547 0.00618163 0.00379639
 0.00862404 0.0140031 0.0210577 0.0297008 0.0396078 0.0500661 0.0599477 0.0679847 0.0732344 0.0753865 0.0747109 0.0717781 0.0672066 0.0615448 0.0552424 0.0486468 0.0420117 0.0355169 0.0292962 0.0234629 0.0181284 0.0134081 0.0094099 0.00620833 0.00381526
 0.00862404 0.0140031 0.0210577 0.0297008 0.0396078 0.0500661 0.0599477 0.0679847 0.0732344 0.0753865 0.0747109 0.0717781 0.0672066 0.0615448 0.0552424 0.0486468 0.0420117 0.0355169 0.0292962 0.0234629 0.0181284 0.0134081 0.0094099 0.00620833 0.00381526
 0.00854845 0.0138841 0.0208864 0.0294727 0.0393252 0.049741 0.0596041 0.0676576 0.0729636 0.0752069 0.0746434 0.0718249 0.0673527 0.0617638 0.055504 0.0489239 0.0422835 0.0357698 0.0295222 0.0236575 0.0182896 0.0135355 0.0095052 0.00627516 0.00385874
 0.00882536 0.0143105 0.0214819 0.030235 0.0402254 0.0507206 0.0605741 0.0685065 0.0735802 0.0755097 0.0746033 0.07147 0.0667536 0.0610115 0.0546878 0.0481169 0.0415374 0.0351153 0.0289737 0.0232177 0.017953 0.0132909 0.00933752 0.00616755 0.0037946
 0.00891802 0.0144901 0.0218037 0.0307634 0.041012 0.051772 0.0618262 0.0698243 0.0747876 0.0764384 0.0751344 0.0715544 0.0664122 0.0603203 0.0537562 0.0470637 0.0404701 0.034117 0.0280983 0.0224924 0.0173837 0.0128682 0.00904193 0.00597421 0.00367716
 0.00868964 0.0141381 0.0213139 0.0301459 0.0403108 0.0510724 0.061252 0.0695134 0.0748471 0.0768959 0.0759166 0.0725091 0.0673607 0.0611132 0.0543079 0.0473585 0.0405458 0.0340399 0.0279383 0.0223073 0.0172116 0.0127287 0.00894026 0.00590675 0.00363629
 0.00816637 0.0132778 0.0200069 0.0282995 0.0378883 0.0481456 0.0580444 0.0663948 0.07226 0.075238 0.0754319 0.0732292 0.0691117 0.0635757 0.0571065 0.050151 0.0430843 0.0361901 0.0296635 0.0236337 0.0181952 0.0134322 0.00942299 0.00622143 0.00382896
#pred catch len freq
 0.00481905 0.00758216 0.0109748 0.0148798 0.0192225 0.0239598 0.0290059 0.0341859 0.0392657 0.0440147 0.0482467 0.051836 0.0547226 0.056906 0.0584216 0.059311 0.0596036 0.0593017 0.0583496 0.0565817 0.0536914 0.0493043 0.0431931 0.0355446 0.0270758
 0.00500706 0.00780665 0.0111669 0.0149364 0.0190478 0.0235236 0.0283806 0.0335303 0.0387547 0.0437547 0.0482299 0.0519568 0.0548423 0.0569263 0.0583315 0.0591885 0.0595738 0.0594708 0.0587442 0.0571262 0.0542387 0.0497051 0.0433647 0.0354986 0.0268936
 0.00533378 0.00830276 0.0118425 0.0157623 0.0199461 0.0243657 0.0290043 0.0337844 0.0385657 0.0431771 0.0474353 0.0511549 0.0541814 0.0564406 0.0579654 0.0588711 0.0592825 0.0592422 0.0586325 0.0571461 0.0543397 0.0497945 0.0433616 0.0353778 0.0266898
 0.00563143 0.00877274 0.0125242 0.0166836 0.0211172 0.0257675 0.0305683 0.035376 0.0399872 0.044207 0.0478984 0.0509931 0.0534813 0.0553923 0.0567748 0.0576841 0.0581665 0.0582174 0.0577095 0.0563361 0.05364 0.049181 0.0428031 0.0348604 0.026227
 0.00594176 0.00925404 0.0132074 0.0175875 0.0222529 0.0271416 0.032177 0.0371879 0.0419208 0.0461143 0.0495687 0.0521902 0.0540104 0.0551702 0.0558621 0.0562569 0.0564436 0.0563901 0.0559093 0.0546392 0.0520879 0.0477969 0.0416023 0.0338563 0.0254307
 0.00631818 0.00983294 0.0140184 0.01864 0.0235412 0.0286518 0.0338886 0.0390694 0.0439224 0.0481586 0.0515405 0.0539288 0.0553179 0.0558468 0.0557642 0.0553512 0.0548258 0.0542537 0.0534847 0.0521381 0.0496765 0.0455956 0.0396957 0.032298 0.0242409
 0.00671694 0.010447 0.0148799 0.0197592 0.0249103 0.0302504 0.0356843 0.0410142 0.0459514 0.0501934 0.0534916 0.055694 0.0567752 0.0568514 0.0561615 0.0550112 0.0536902 0.0523721 0.0510158 0.0493155 0.0467569 0.0428147 0.0372388 0.0302852 0.0227189
 0.0071117 0.0110603 0.0157509 0.0209083 0.0263401 0.0319468 0.0376128 0.043114 0.0481357 0.0523571 0.0555238 0.0574872 0.0582292 0.0578697 0.0566441 0.0548556 0.0528099 0.0507329 0.0486743 0.0464356 0.0435918 0.0396577 0.0343629 0.0278895 0.0208979
 0.0074852 0.0116406 0.0165756 0.0219986 0.0277032 0.0335778 0.0394906 0.0451926 0.0503381 0.0545774 0.0576368 0.0593629 0.0597477 0.0589303 0.0571652 0.0547672 0.0520505 0.0492625 0.0465055 0.0436698 0.0404348 0.0363966 0.0313056 0.0252891 0.0188958
 0.00780025 0.0121346 0.0172865 0.0229526 0.0289153 0.0350505 0.0412081 0.0471141 0.0523951 0.0566769 0.059668 0.0612055 0.0612816 0.0600461 0.0577714 0.0547919 0.0514397 0.0479828 0.0445616 0.0411338 0.037472 0.0332628 0.0283016 0.0226854 0.0168618
 0.00812319 0.0126355 0.0179967 0.0238892 0.0300833 0.036446 0.0428155 0.0488986 0.0542977 0.0586144 0.061539 0.0628998 0.0626911 0.0610731 0.0583335 0.0548228 0.0508887 0.0468184 0.0427847 0.0388017 0.0347232 0.0303216 0.0254453 0.0201774 0.0148795
 0.00852281 0.0132414 0.0188283 0.024939 0.0313256 0.037849 0.0443472 0.0505241 0.0559715 0.0602767 0.0631158 0.064308 0.0638451 0.0618927 0.058749 0.0547769 0.0503366 0.045731 0.0411594 0.0366832 0.0322265 0.0276395 0.0228235 0.017857 0.0130301
 0.00899102 0.0139478 0.0197899 0.0261367 0.0327125 0.0393646 0.0459275 0.052104 0.0574871 0.061669 0.0643352 0.0653137 0.0646009 0.0623626 0.0588952 0.0545602 0.0497196 0.044684 0.0396729 0.0347872 0.0300116 0.0252647 0.0204978 0.0157901 0.0113742
 0.00941924 0.0146135 0.0207345 0.0273768 0.0342363 0.0411283 0.047849 0.0540643 0.0593451 0.0632884 0.0656112 0.0661868 0.0650562 0.0624171 0.0585804 0.0539054 0.0487416 0.0433874 0.0380623 0.0328884 0.0278948 0.0230568 0.0183685 0.0139127 0.00987495
 0.00979291 0.0151969 0.0215687 0.0284871 0.0356314 0.0427978 0.0497541 0.056125 0.0614352 0.0652456 0.067261 0.0673774 0.0656902 0.062469 0.0580906 0.0529559 0.0474239 0.04178 0.0362251 0.0308757 0.0257778 0.0209396 0.0163843 0.0121954 0.00851918
 0.00994387 0.01545 0.0219646 0.0290712 0.0364476 0.0438771 0.0511006 0.0577049 0.0631737 0.0670306 0.0689523 0.0688208 0.0667403 0.0630162 0.0580844 0.0524116 0.0464112 0.0403975 0.0345768 0.0290598 0.0238906 0.0190855 0.0146757 0.0107358 0.00737748
 0.0100046 0.0155473 0.0221106 0.0292816 0.0367456 0.0442961 0.0516812 0.0584844 0.0641682 0.0682176 0.0702615 0.070139 0.0679289 0.0639361 0.058621 0.0524959 0.0460309 0.0395952 0.033436 0.0276873 0.0224024 0.0175987 0.0133009 0.00956432 0.00646468
 0.0100751 0.0156423 0.0222178 0.0293798 0.0368137 0.0443275 0.0516956 0.0585299 0.0643116 0.0685249 0.0707752 0.0708579 0.0687983 0.0648521 0.0594504 0.0531061 0.0463204 0.0395149 0.0329961 0.0269506 0.0214681 0.0165829 0.0123171 0.00870503 0.0057865
 0.0100673 0.0156336 0.0222113 0.0293781 0.0368157 0.0443243 0.0516717 0.0584715 0.0642214 0.0684346 0.0707451 0.0709597 0.0690851 0.0653309 0.0600695 0.0537635 0.0468906 0.0398845 0.0330942 0.0267654 0.0210453 0.0160088 0.0116937 0.00812403 0.00531039
 0.010116 0.0157027 0.0222967 0.0294708 0.036905 0.0444027 0.0517367 0.0585231 0.064257 0.0684473 0.0707304 0.0709272 0.0690654 0.0653683 0.0602001 0.0539908 0.0471733 0.0401463 0.0332514 0.0267588 0.0208616 0.0156832 0.0112936 0.00772381 0.00496794
 0.0102783 0.0159292 0.0225687 0.029747 0.0371329 0.0445373 0.051756 0.0584336 0.0640875 0.0682369 0.070517 0.0707395 0.0689221 0.0652825 0.0601831 0.0540498 0.0473016 0.0403142 0.0334078 0.0268477 0.020845 0.0155571 0.0110882 0.00748806 0.00474896
 0.0104106 0.0161358 0.022862 0.0301283 0.0375873 0.0450282 0.0522246 0.0588073 0.0643003 0.0682533 0.070345 0.0704257 0.0685331 0.0648832 0.0598238 0.0537616 0.0470971 0.0401874 0.0333352 0.0267933 0.0207729 0.0154462 0.01094 0.00732319 0.00459429
