SBPRF35
7.78865
Curr Bio
548850
B35
667751
F35
0.211536
FOFL
0.16288
OFL
67338.6
Bzero
2.22533e+006
#pred survey bio
 3.6647e+006 3.32325e+006 2.98735e+006 2.64361e+006 2.33909e+006 2.0561e+006 1.77994e+006 1.58045e+006 1.37862e+006 1.23045e+006 1.10962e+006 983727 890952 799213 753514 715953 691874 675956 656850 638296 615198 607100 584733 588078 598825 599390 600926 597386 597600 599981 593894 566416 547535 537667 539304 543427 548933 555708 556854 563651 567925 575135 583139 589458 588293 593658 596673 586853 578173 554061 1.84331e+007 1.09862e+007 1.12122e+007 1.19245e+007 1.28875e+007 1.38808e+007 1.47744e+007 1.55148e+007 1.60964e+007 1.65372e+007 1.68635e+007 1.71015e+007 1.72735e+007 1.73974e+007 1.74866e+007 1.75509e+007 1.75976e+007 1.76315e+007 1.76564e+007 1.76748e+007 1.76884e+007 1.76986e+007 1.77062e+007 1.7712e+007 1.77163e+007 1.77196e+007 1.77221e+007 1.77241e+007 1.77255e+007 1.77267e+007 1.77275e+007 1.77282e+007 1.77287e+007 1.77291e+007 1.77294e+007 1.77296e+007 1.77298e+007 1.773e+007 1.77301e+007 1.77302e+007 1.77302e+007 1.77303e+007 1.77303e+007 1.77303e+007 1.77304e+007 1.77304e+007 1.77304e+007 1.77304e+007 1.77304e+007 1.77304e+007 1.77304e+007 1.77304e+007 1.77304e+007 1.77304e+007 1.77304e+007 1.77304e+007 1.77304e+007 1.77304e+007 1.77304e+007 1.77304e+007 1.77304e+007 1.77304e+007 1.77304e+007 1.77304e+007 1.77304e+007 1.77304e+007 1.77304e+007 1.77304e+007 1.77304e+007 1.77304e+007 1.77304e+007 1.77304e+007 1.77304e+007 1.77304e+007 1.77304e+007 1.77304e+007 1.77304e+007 1.77304e+007 1.77304e+007 1.77304e+007 1.77304e+007 1.77304e+007 1.77304e+007 1.77304e+007 1.77304e+007 1.77304e+007 1.77304e+007 1.77304e+007 1.77304e+007 1.77304e+007 1.77304e+007 1.77304e+007 1.77304e+007 1.77304e+007 1.77304e+007 1.77304e+007 1.77304e+007 1.77304e+007 1.77304e+007 1.77304e+007 0 0 0 0 0 0 0 0 0 0 0 0 0 0 0 0 0 0 0 0 0 0 0 0 0
#obs survey bio
 2.77946e+006 2.80153e+006 2.38434e+006 1.72558e+006 2.49782e+006 1.55567e+006 1.25132e+006 936228 1.02576e+006 1.52515e+006 1.32451e+006 790178 804233 696340 656118 435374 728704 648491 554079 579962 573968 661095 411718 427794 682785 511758 581359 470717 721721 493202 746644 683140 480126 614933 306249 609679 700878 572658 499563 526988 454774 579424 603278 446551 528040 435168 819274 660705 544213 450501
#pred catch bio
 246908 263642 297685 291324 300286 319716 272305 289218 250487 229598 232904 201702 196941 153901 144488 130966 122234 123334 121355 123112 108582 118732 96380.8 90982.9 99574.2 97639.8 99768.3 93692.5 88496.5 91198.3 103573 92832.9 86802.8 81385.7 83205.9 84325.3 84534.4 90083.9 86082.8 89001.1 87414.8 87535.8 89248 95250 89593.7 91694.5 101424 98454.1 108463 106449 67338.6 84583.5 85016 89211.3 95947 103105 109494 114671 118612 121482 123506 124898 125838 126464 126875 127143 127317 127428 127500 127545 127574 127593 127604 127612 127616 127619 127621 127622 127623 127623 127624 127624 127624 127624 127624 127624 127624 127624 127624 127624 127624 127624 127624 127624 127624 127624 127624 127624 127624 127624 127624 127624 127624 127624 127624 127624 127624 127624 127624 127624 127624 127624 127624 127624 127624 127624 127624 127624 127624 127624 127624 127624 127624 127624 127624 127624 127624 127624 127624 127624 127624 127624 127624 127624 127624 127624 127624 127624 127624 127624 127624 127624 127624 127624 127624 127624 127624 127624 127624 127624 0 0 0 0 0 0 0 0 0 0 0 0 0 0 0 0 0 0 0 0 0 0 0 0 0
#obs catch bio
 234028 264347 300104 294204 304458 328420 279878 300883 261231 237112 239588 206359 201726 156706 146910 133684 124296 124996 123776 125634 110562 120944 98109.1 92551 101454 99681.9 101765 95323.4 89612.9 92157.3 104561 93081.1 86859 81210.9 83675.9 84685.9 84805.1 90465.2 86612.6 89535.2 88023.2 88195.7 89658.1 95891.8 89835.9 92136.4 102234 98553.9 108795 106483
#pred cpue bio
 3.60462e+006 3.26688e+006 2.93402e+006 2.59173e+006 2.28809e+006 2.00608e+006 1.73139e+006 1.53291e+006 1.33308e+006 1.18704e+006 1.06871e+006 945567 854784 765363 721037 684597 661263 646008 627446 609367 587049 579407 557783 560936 571416 572169 574037 571171 572086 575254 570327 544414 525741 514732 515081 518644 524057 530738 531777 538297 542393 549299 557112 563395 562378 567609 570566 561265 553128 530081 1.76462e+007 1.05239e+007 1.06419e+007 1.12345e+007 1.21571e+007 1.31412e+007 1.4033e+007 1.47732e+007 1.53547e+007 1.57955e+007 1.61218e+007 1.63598e+007 1.65318e+007 1.66557e+007 1.67449e+007 1.68092e+007 1.68559e+007 1.68898e+007 1.69147e+007 1.69331e+007 1.69467e+007 1.69569e+007 1.69645e+007 1.69703e+007 1.69746e+007 1.69779e+007 1.69805e+007 1.69824e+007 1.69838e+007 1.6985e+007 1.69858e+007 1.69865e+007 1.6987e+007 1.69874e+007 1.69877e+007 1.69879e+007 1.69881e+007 1.69883e+007 1.69884e+007 1.69885e+007 1.69885e+007 1.69886e+007 1.69886e+007 1.69887e+007 1.69887e+007 1.69887e+007 1.69887e+007 1.69887e+007 1.69887e+007 1.69887e+007 1.69887e+007 1.69887e+007 1.69887e+007 1.69887e+007 1.69888e+007 1.69888e+007 1.69888e+007 1.69888e+007 1.69888e+007 1.69888e+007 1.69888e+007 1.69888e+007 1.69888e+007 1.69888e+007 1.69888e+007 1.69888e+007 1.69888e+007 1.69888e+007 1.69888e+007 1.69888e+007 1.69888e+007 1.69888e+007 1.69888e+007 1.69888e+007 1.69888e+007 1.69888e+007 1.69888e+007 1.69888e+007 1.69888e+007 1.69888e+007 1.69888e+007 1.69888e+007 1.69888e+007 1.69888e+007 1.69888e+007 1.69888e+007 1.69888e+007 1.69888e+007 1.69888e+007 1.69888e+007 1.69888e+007 1.69888e+007 1.69888e+007 1.69888e+007 1.69888e+007 1.69888e+007 1.69888e+007 1.69888e+007 1.69888e+007 1.69888e+007 0 0 0 0 0 0 0 0 0 0 0 0 0 0 0 0 0 0 0 0 0 0 0 0 0
#obs cpue bio
 2.04312e+006 2.73595e+006 2.17171e+006 2.53115e+006 1.41457e+006 992488 1.10918e+006 1.27288e+006 696644 1.12794e+006 1.04766e+006 926477 798489 618909 755024 579412 570124 733501 360839 554011 394757 583006 386995 551584 438020 377018 526203 586658 499158 718988 585496 578996 696225 536118 474041 485849 402340 501943 407162 581735 533078 463910 621625 654300 697266 609322 355872 687596 575006 761843
#pred surv len freq
 0.00554245 0.00899442 0.0135254 0.0191019 0.0255677 0.0325552 0.0394562 0.0455684 0.0503582 0.0536386 0.0555436 0.0563731 0.0564462 0.056025 0.0552863 0.0543175 0.05313 0.0516797 0.0498718 0.0475395 0.0444301 0.0402597 0.0348711 0.0284275 0.0214903
 0.00595534 0.00955329 0.0141651 0.0197089 0.0260332 0.0328475 0.039662 0.0458633 0.0509104 0.0545041 0.0566194 0.0574356 0.0572497 0.0564001 0.0551929 0.0538383 0.0524175 0.0508844 0.0490822 0.0467616 0.0436139 0.0393582 0.0338918 0.0274439 0.0206075
 0.00640285 0.0102784 0.0152434 0.0211867 0.0278936 0.0349742 0.0418311 0.0477938 0.0523702 0.0554093 0.0570524 0.0575619 0.0571942 0.0561761 0.0547239 0.0530402 0.0512722 0.049457 0.0474837 0.0450954 0.0419473 0.0377329 0.0323549 0.026064 0.0194602
 0.00683831 0.0109768 0.0162781 0.0226221 0.0297751 0.037307 0.0445485 0.0507299 0.055261 0.0579378 0.0589312 0.0586209 0.0574237 0.0556954 0.0536963 0.0515942 0.0494792 0.0473629 0.0451514 0.0426214 0.0394507 0.0353367 0.0301753 0.0242017 0.0179846
 0.00725766 0.0116429 0.0172522 0.0239527 0.0314927 0.0394141 0.0470061 0.0534468 0.0580931 0.0606949 0.0613896 0.0605459 0.0586119 0.0560259 0.0531628 0.0502936 0.0475622 0.044984 0.0424486 0.0397269 0.0365087 0.0325071 0.027618 0.0220488 0.0163126
 0.00762155 0.0122344 0.0181419 0.0252052 0.0331532 0.0414885 0.0494415 0.0561272 0.0608581 0.0633705 0.0638103 0.0625594 0.060073 0.0568003 0.0531485 0.049451 0.0459329 0.0426842 0.0396445 0.0366103 0.0332839 0.029384 0.0247955 0.0196855 0.0144946
 0.00802283 0.0128751 0.0190847 0.0265022 0.0348377 0.043562 0.0518572 0.058781 0.0635965 0.0660145 0.066184 0.0645102 0.0614808 0.0575748 0.0532231 0.0487823 0.0445128 0.0405578 0.0369231 0.0334698 0.0299505 0.026108 0.0218164 0.0171903 0.0125825
 0.00823179 0.013224 0.0196272 0.0272949 0.0359303 0.0449807 0.0535872 0.0607601 0.0657229 0.0681647 0.0682283 0.0663227 0.0629441 0.0585843 0.0536911 0.0486417 0.043723 0.0391166 0.0348836 0.0309544 0.0271508 0.0232636 0.0191726 0.0149472 0.0108524
 0.00835493 0.0134527 0.0200242 0.0279369 0.0368906 0.046302 0.0552559 0.0626968 0.0677972 0.0702244 0.070128 0.0679411 0.0641901 0.059394 0.0540199 0.0484572 0.0430022 0.0378535 0.0331061 0.0287449 0.0246584 0.0206944 0.0167541 0.0128755 0.00924483
 0.00842505 0.0135613 0.0201804 0.0281531 0.0371894 0.046723 0.0558533 0.0635247 0.0688835 0.0715458 0.0716015 0.069438 0.065566 0.0605183 0.0547926 0.0488101 0.0428938 0.0372654 0.0320489 0.0272729 0.0228821 0.0187788 0.014892 0.011243 0.00795701
 0.00858604 0.0138029 0.0205063 0.0285532 0.0376432 0.0472062 0.0563463 0.0640199 0.0693911 0.0720932 0.0722206 0.0701432 0.0663335 0.06128 0.0554493 0.0492557 0.0430373 0.0370452 0.0314418 0.0263016 0.0216226 0.0173578 0.0134669 0.00996485 0.00693148
 0.00884171 0.0142107 0.0211036 0.0293639 0.0386669 0.0484047 0.0576338 0.0652702 0.0704673 0.0728892 0.0726934 0.0703186 0.0662842 0.0610885 0.0551733 0.0489089 0.042592 0.0364518 0.0306556 0.0253081 0.0204537 0.0160944 0.0122234 0.00885758 0.00604451
 0.00891033 0.0143368 0.0213205 0.0297123 0.0391863 0.049118 0.0585314 0.0663003 0.0715393 0.0738897 0.0735102 0.0708678 0.0665311 0.0610535 0.0549164 0.0485004 0.0420826 0.0358585 0.0299684 0.0245125 0.0195565 0.0151381 0.0112818 0.00801395 0.00536339
 0.00911236 0.0146433 0.021742 0.0302463 0.0398224 0.0498436 0.0593334 0.0671597 0.0724228 0.0747432 0.0742606 0.0714337 0.0668419 0.0610699 0.0546434 0.0479843 0.041393 0.0350635 0.0291165 0.0236307 0.0186637 0.0142615 0.0104639 0.00730416 0.00480022
 0.0092536 0.0148419 0.0219835 0.0304989 0.0400464 0.0500091 0.0594343 0.0672188 0.0724851 0.0748605 0.074472 0.0717477 0.0672265 0.0614587 0.0549559 0.0481536 0.0413854 0.0348816 0.0287886 0.0231952 0.01816 0.0137296 0.00994597 0.00684176 0.0044254
 0.00932536 0.0149652 0.0221793 0.0307855 0.0404289 0.0504668 0.0599139 0.0676448 0.0727865 0.0750024 0.074471 0.0716619 0.0671255 0.0613905 0.0549288 0.0481383 0.0413343 0.034753 0.0285625 0.0228776 0.0177765 0.0133167 0.00954309 0.00648415 0.00413759
 0.00932823 0.014968 0.0221812 0.0307874 0.0404371 0.0504948 0.0599816 0.067769 0.0729686 0.0752204 0.0746848 0.0718324 0.0672344 0.0614475 0.0549601 0.0481651 0.0413575 0.0347529 0.0285122 0.0227591 0.0175907 0.0130832 0.00929281 0.00624911 0.00394199
 0.00946288 0.0151514 0.0223918 0.0309837 0.04057 0.0505279 0.0599076 0.0676143 0.072783 0.0750582 0.0745863 0.0718115 0.0672788 0.0615295 0.0550521 0.0482498 0.0414272 0.0348017 0.0285302 0.0227343 0.0175167 0.0129656 0.00914912 0.00610268 0.00381359
 0.00948607 0.0152126 0.0225249 0.0312276 0.0409506 0.0510338 0.0604754 0.0681396 0.0731574 0.0752139 0.0745207 0.071579 0.0669594 0.0611944 0.0547447 0.0479855 0.0412039 0.0346103 0.0283602 0.0225756 0.0173616 0.0128114 0.0090002 0.00596816 0.00370286
 0.00945149 0.015165 0.022471 0.0311836 0.0409433 0.0510979 0.0606454 0.0684339 0.0735608 0.0756683 0.0749373 0.0718703 0.0670745 0.061136 0.054559 0.0477352 0.0409418 0.0343676 0.0281477 0.0223916 0.0172001 0.0126677 0.00887318 0.00586018 0.00361715
 0.0094896 0.0152211 0.0225446 0.0312712 0.0410404 0.0512028 0.060762 0.0685724 0.073734 0.0758837 0.0751867 0.0721227 0.0672805 0.0612448 0.0545403 0.0475926 0.0407091 0.0340919 0.0278709 0.0221406 0.0169859 0.0124915 0.00873226 0.00575131 0.00353725
 0.00952034 0.0152534 0.0225609 0.0312455 0.0409465 0.0510273 0.0605149 0.0682896 0.0734689 0.0756926 0.0751137 0.0721885 0.067475 0.0615283 0.0548535 0.0478746 0.0409173 0.034212 0.0279137 0.0221299 0.0169461 0.0124406 0.00868102 0.00570566 0.00350024
 0.00974411 0.0155936 0.0230272 0.0318265 0.0416075 0.0517103 0.0611426 0.0687762 0.0737415 0.0757156 0.0749026 0.071804 0.0670001 0.0610403 0.0544039 0.0474828 0.0405771 0.033907 0.0276314 0.0218684 0.0167123 0.0122435 0.00852592 0.00559219 0.00342319
 0.0096846 0.0155101 0.0229265 0.0317237 0.0415228 0.0516625 0.0611425 0.0688231 0.0738223 0.0758084 0.0749835 0.071856 0.0670207 0.061042 0.0544067 0.0475029 0.0406183 0.0339594 0.0276787 0.0218969 0.016717 0.0122284 0.00849988 0.0055641 0.00339903
 0.00953101 0.0152753 0.0226019 0.031314 0.0410477 0.0511576 0.0606581 0.0684186 0.0735536 0.0757112 0.0750623 0.0720838 0.0673506 0.0614235 0.0547992 0.0478809 0.0409688 0.0342747 0.0279514 0.0221194 0.0168849 0.0123434 0.00857028 0.00560186 0.0034162
 0.00938401 0.0150593 0.0223194 0.030982 0.0406926 0.0508072 0.0603363 0.0681447 0.0733455 0.0755869 0.0750369 0.0721644 0.0675309 0.0616829 0.0551072 0.0482054 0.0412833 0.0345619 0.0282011 0.0223263 0.0170464 0.0124604 0.00864751 0.00564757 0.00344003
 0.00918738 0.014758 0.0219014 0.0304515 0.040072 0.0501377 0.0596766 0.0675645 0.0729109 0.0753433 0.0749991 0.0723185 0.067845 0.0621172 0.0556201 0.0487553 0.0418312 0.0350744 0.0286539 0.022705 0.017346 0.0126833 0.00880229 0.00574687 0.00349833
 0.00902733 0.0145088 0.0215474 0.0299868 0.0395032 0.0494867 0.058984 0.0668895 0.0723234 0.07491 0.0747682 0.0723106 0.0680507 0.0625031 0.0561379 0.0493518 0.0424552 0.0356813 0.0292083 0.0231819 0.0177322 0.0129767 0.00901037 0.00588366 0.00358109
 0.00881359 0.0141778 0.0210801 0.0293781 0.0387636 0.0486441 0.0580868 0.0660059 0.0715338 0.0742931 0.074387 0.072202 0.0682218 0.0629311 0.0567745 0.0501313 0.0433051 0.0365325 0.0300029 0.0238778 0.0183045 0.0134179 0.00932777 0.00609551 0.00371144
 0.00851411 0.0137186 0.0204414 0.0285613 0.0377915 0.0475604 0.0569554 0.0649094 0.0705649 0.0735391 0.0739151 0.0720508 0.0683997 0.0634179 0.0575244 0.0510777 0.0443678 0.0376271 0.0310507 0.0248154 0.01909 0.0140329 0.00977612 0.00639842 0.00389998
 0.00834205 0.0134367 0.0200143 0.0279578 0.0369949 0.046582 0.0558467 0.0637608 0.0694883 0.0726415 0.0732769 0.0717186 0.0683887 0.0637184 0.0581062 0.0518915 0.0453474 0.0386936 0.0321211 0.0258128 0.0199544 0.0147289 0.0102953 0.0067557 0.00412568
 0.00911339 0.0145196 0.0213263 0.0293123 0.0381496 0.0473199 0.0560434 0.0634073 0.0686687 0.0714932 0.071956 0.0703751 0.0671515 0.062685 0.0573384 0.0514152 0.0451548 0.0387473 0.0323605 0.0261643 0.0203442 0.015096 0.0106 0.0069817 0.00427639
 0.0099155 0.0157647 0.0230807 0.031573 0.0408168 0.0501729 0.0587396 0.0655328 0.0698518 0.0715332 0.0708927 0.0684585 0.0647376 0.0601242 0.0549045 0.0492851 0.0434188 0.0374287 0.0314339 0.0255714 0.0200083 0.0149367 0.0105462 0.00697985 0.00429259
 0.0100588 0.0160669 0.0236621 0.0325832 0.0423916 0.0523649 0.0614525 0.0684986 0.0726712 0.073768 0.072178 0.0685988 0.0637546 0.0582396 0.0524636 0.0466559 0.040908 0.0352404 0.0296676 0.0242422 0.0190748 0.0143261 0.0101755 0.00677184 0.00418515
 0.00983012 0.0157442 0.0232731 0.0321998 0.0421297 0.0523729 0.0618848 0.069473 0.0742114 0.075753 0.0743338 0.0705535 0.0651454 0.0588261 0.0521969 0.0456757 0.039477 0.0336518 0.0281661 0.0229825 0.0181185 0.0136633 0.00975477 0.00652734 0.0040553
 0.00963093 0.0154327 0.0228296 0.0316215 0.0414406 0.051635 0.0612078 0.0690092 0.074127 0.0761785 0.0753079 0.0719849 0.0668128 0.0604272 0.053436 0.0463565 0.0395583 0.0332415 0.027462 0.0221938 0.0174042 0.0131073 0.00937332 0.00629403 0.00392751
 0.009601 0.0153657 0.0226953 0.0313814 0.0410587 0.0510957 0.0605341 0.0682713 0.0734376 0.0756753 0.0751252 0.072218 0.0674801 0.061445 0.054624 0.0474836 0.0404165 0.033714 0.0275515 0.0220009 0.0170707 0.0127592 0.00908787 0.00609713 0.00381014
 0.00962675 0.0154003 0.0227324 0.0314069 0.0410494 0.0510211 0.0603607 0.067974 0.0730147 0.0751638 0.0746057 0.0718026 0.0672833 0.0615442 0.0550251 0.0481076 0.0411192 0.0343353 0.0279735 0.0221849 0.0170555 0.0126272 0.00892234 0.00595347 0.00371005
 0.00963164 0.0154194 0.0227811 0.0315039 0.0412092 0.0512422 0.0606165 0.0682124 0.0731707 0.0751798 0.0744539 0.0715005 0.0668953 0.0611671 0.0547576 0.0480133 0.0412 0.0345312 0.028191 0.0223397 0.0171068 0.0125839 0.00882474 0.0058461 0.00362219
 0.00962065 0.0153953 0.0227343 0.0314251 0.0410951 0.051103 0.060479 0.0681127 0.0731374 0.0752169 0.0745348 0.0715791 0.0669307 0.0611459 0.0547022 0.0479711 0.0412173 0.0346264 0.0283442 0.0225043 0.0172353 0.012651 0.00883403 0.00581959 0.00358452
 0.00965187 0.0154421 0.0227969 0.0314993 0.041172 0.0511694 0.0605198 0.0681164 0.0731025 0.0751549 0.0744659 0.0715206 0.0668863 0.0611053 0.0546522 0.0479094 0.0411578 0.0345908 0.0283464 0.0225397 0.0172835 0.012689 0.00884904 0.00581286 0.00356597
 0.00954787 0.0152967 0.0226218 0.0313201 0.0410202 0.0510707 0.0604839 0.0681352 0.0731559 0.075221 0.0745295 0.0715772 0.0669398 0.0611615 0.0547129 0.0479711 0.0412162 0.0346458 0.0284019 0.0225987 0.0173431 0.0127411 0.00888574 0.00583165 0.00357043
 0.00947254 0.0151727 0.0224339 0.0310573 0.0406833 0.0506805 0.0600855 0.0677908 0.0729253 0.0751393 0.0745949 0.0717569 0.0671878 0.0614363 0.0549862 0.0482278 0.041449 0.0348516 0.02858 0.0227497 0.0174678 0.0128393 0.00895727 0.00587811 0.00359635
 0.00941339 0.0150817 0.022306 0.0308899 0.0404756 0.0504328 0.0598019 0.0674839 0.0726216 0.0748781 0.0744202 0.0717021 0.0672625 0.0616228 0.0552477 0.0485227 0.041743 0.0351225 0.0288166 0.022948 0.0176276 0.0129624 0.00904647 0.00593781 0.00363246
 0.00948311 0.0151797 0.022425 0.0310133 0.0405814 0.0505003 0.0598171 0.0674405 0.0725196 0.0747231 0.0742255 0.071491 0.067066 0.0614721 0.0551635 0.0485082 0.0417854 0.0352004 0.0289088 0.0230389 0.0177079 0.0130277 0.00909569 0.00597192 0.00365386
 0.00943658 0.0151165 0.0223523 0.0309441 0.0405286 0.0504697 0.0598019 0.0674242 0.0724841 0.0746586 0.0741348 0.0713876 0.0669689 0.0614004 0.0551329 0.0485277 0.0418549 0.0353099 0.0290411 0.023175 0.0178321 0.0131305 0.00917349 0.00602593 0.00368813
 0.00922852 0.0148188 0.0219798 0.0305376 0.040145 0.0501641 0.0596125 0.0673641 0.0725421 0.0748045 0.0743285 0.0715902 0.0671533 0.0615565 0.0552659 0.0486512 0.0419825 0.0354488 0.0291901 0.0233254 0.0179721 0.0132498 0.00926632 0.0060918 0.00373067
 0.00921919 0.0147881 0.0219069 0.0303981 0.0399237 0.0498704 0.0592896 0.0670812 0.0723688 0.0747807 0.0744478 0.0718061 0.0674023 0.0617833 0.0554397 0.0487677 0.0420561 0.0355011 0.0292389 0.0233796 0.0180317 0.013309 0.00931849 0.00613248 0.00375884
 0.00903132 0.0145239 0.0215841 0.030056 0.0396075 0.0496105 0.0590888 0.0669219 0.0722345 0.074677 0.0744042 0.0718579 0.0675653 0.0620408 0.055749 0.0490801 0.0423356 0.0357326 0.0294243 0.0235287 0.0181534 0.0134082 0.00939652 0.00619004 0.00379782
 0.00875231 0.014121 0.0210732 0.0294879 0.0390582 0.0491616 0.0588067 0.0668418 0.0723518 0.0749469 0.0747565 0.0722229 0.0678982 0.0623292 0.0560016 0.0493078 0.0425409 0.0359106 0.0295704 0.0236432 0.0182414 0.0134757 0.00944801 0.00622807 0.00382418
#obs surv len freq
 0.00496873 0.00813662 0.0123726 0.0176893 0.023961 0.0308248 0.0376591 0.0437443 0.0485318 0.0518189 0.0537196 0.0545136 0.0545164 0.0540233 0.0532958 0.0525504 0.0519352 0.051487 0.0510678 0.050308 0.0486247 0.0453866 0.0402161 0.033282 0.0253665
 0.00518329 0.00848955 0.0129111 0.0184595 0.0249979 0.0321376 0.0392165 0.0454712 0.0503214 0.053555 0.0552961 0.0558417 0.0555227 0.0546449 0.0534783 0.0522525 0.0511379 0.0502048 0.0493573 0.048271 0.0464046 0.0431555 0.0381504 0.0315285 0.0240106
 0.00540205 0.00884967 0.0134617 0.0192497 0.0260684 0.0335056 0.0408604 0.0473232 0.0522754 0.0554855 0.0570778 0.0573644 0.0566977 0.0554046 0.0537722 0.0520417 0.050396 0.0489267 0.0475754 0.0460717 0.0439358 0.0406161 0.0357581 0.0294727 0.0224076
 0.00564563 0.00924571 0.0140581 0.0200918 0.0271914 0.034922 0.0425469 0.0492144 0.0542714 0.0574687 0.0589293 0.0589748 0.0579718 0.0562643 0.0541565 0.0519052 0.0497073 0.0476729 0.0457758 0.0437985 0.0413305 0.0378869 0.0331474 0.0272019 0.0206209
 0.00588859 0.00964692 0.0146733 0.0209761 0.0283878 0.0364437 0.0443596 0.0512322 0.0563719 0.0595184 0.0608069 0.0605803 0.0592259 0.0571034 0.0545279 0.0517646 0.0490192 0.0464169 0.043961 0.0414855 0.0386518 0.0350496 0.0304044 0.0247934 0.0187108
 0.00614035 0.0100576 0.0152943 0.021857 0.0295679 0.0379376 0.046142 0.0532301 0.058472 0.061587 0.0627112 0.062205 0.0604815 0.0579264 0.0548754 0.0516057 0.0483289 0.0451782 0.0421786 0.0392097 0.0360031 0.0322254 0.0276542 0.0223613 0.0167693
 0.0063862 0.0104607 0.0159073 0.0227306 0.0307408 0.0394209 0.0479031 0.0551885 0.0605114 0.0635784 0.0645332 0.0637541 0.0616749 0.0587014 0.0551877 0.0514256 0.0476372 0.043965 0.0404523 0.0370174 0.0334543 0.0295029 0.0249937 0.0199982 0.0148742
 0.00662491 0.0108524 0.0165034 0.0235811 0.0318845 0.0408694 0.0496247 0.0571025 0.0624995 0.0655078 0.0662789 0.0652132 0.0627708 0.059382 0.0554202 0.0511902 0.0469222 0.0427668 0.0387834 0.0349242 0.0310383 0.0269312 0.0224825 0.0177656 0.0130803
 0.00683591 0.0112008 0.0170376 0.0243496 0.032926 0.0421978 0.0512132 0.0588779 0.0643524 0.067313 0.0679167 0.0665821 0.0637932 0.0600056 0.0556147 0.050942 0.046228 0.0416312 0.0372248 0.0329891 0.0288202 0.0245805 0.0201924 0.0157309 0.0114445
 0.0070517 0.011553 0.0175704 0.0251048 0.0339352 0.0434691 0.052718 0.0605458 0.0660798 0.0689827 0.0694162 0.067817 0.0646924 0.0605223 0.0557242 0.0506369 0.0455128 0.0405195 0.035742 0.0311843 0.0267811 0.0224414 0.0181228 0.0139002 0.00997642
 0.00727685 0.0119209 0.018127 0.0258928 0.0349843 0.044781 0.0542526 0.0622174 0.0677714 0.0705696 0.0707888 0.0688919 0.0654149 0.060863 0.0556743 0.0502025 0.0447097 0.0393707 0.0342808 0.0294624 0.0248812 0.0204832 0.0162523 0.0122606 0.00866988
 0.00745063 0.0122107 0.0185764 0.0265466 0.0358782 0.0459266 0.0556215 0.0637365 0.0693331 0.0720535 0.0720827 0.0699067 0.0660906 0.0611691 0.0556052 0.0497711 0.0439401 0.0382943 0.0329369 0.0279051 0.0231883 0.0187602 0.0146234 0.0108444 0.00754829
 0.00753821 0.0123558 0.0188007 0.0268742 0.0363338 0.0465306 0.056383 0.064646 0.0703583 0.0731387 0.0731535 0.0708785 0.0668806 0.0617084 0.0558476 0.0496949 0.0435464 0.0376023 0.0319814 0.0267382 0.0218828 0.0174106 0.013337 0.00972129 0.0066571
 0.00759686 0.012443 0.0189174 0.0270182 0.0365031 0.0467291 0.0566233 0.0649489 0.0707465 0.0736276 0.0737412 0.0715387 0.0675618 0.0623397 0.0563512 0.0500014 0.0436064 0.0373934 0.0315102 0.0260396 0.0210183 0.0164638 0.0124033 0.00888902 0.00598813
 0.00766578 0.0125476 0.0190606 0.0271967 0.0367077 0.0469458 0.056836 0.0651442 0.0709203 0.0737905 0.0739177 0.0717572 0.0678393 0.0626692 0.0566963 0.0503031 0.0437978 0.0374173 0.0313335 0.0256621 0.0204748 0.0158182 0.0117354 0.00827626 0.00548675
 0.00770667 0.0126104 0.0191481 0.0273086 0.0368403 0.0470915 0.056984 0.0652813 0.0710344 0.0738761 0.0739798 0.0718128 0.0679127 0.0627818 0.0568556 0.0504932 0.0439791 0.0375361 0.031339 0.0255238 0.0201942 0.0154302 0.0112981 0.00785335 0.00512889
 0.00774731 0.0126704 0.0192271 0.0274023 0.0369416 0.0471928 0.0570785 0.0653636 0.0711005 0.0739235 0.0740088 0.0718276 0.0679228 0.0628009 0.0568973 0.050564 0.0440707 0.0376229 0.0313837 0.025491 0.0200655 0.015214 0.0110275 0.0075738 0.00488169
 0.00783626 0.0128075 0.019419 0.0276487 0.0372338 0.0475129 0.0573991 0.0656506 0.0713204 0.0740524 0.0740383 0.0717659 0.0677901 0.0626239 0.0567042 0.0503791 0.0439098 0.0374881 0.0312624 0.0253616 0.0199084 0.0150224 0.0108125 0.00735923 0.00469332
 0.00783696 0.0128139 0.0194383 0.0276905 0.0373076 0.0476237 0.0575437 0.0658167 0.071489 0.0742026 0.0741524 0.0718328 0.0678065 0.0625948 0.056641 0.0502969 0.043823 0.037406 0.0311861 0.0252836 0.0198176 0.0149118 0.0106848 0.00722702 0.00457293
 0.00786269 0.0128466 0.0194712 0.0277131 0.0373104 0.0476047 0.0575123 0.0657917 0.0714906 0.0742423 0.0742278 0.0719287 0.0679023 0.0626718 0.0566881 0.0503123 0.0438123 0.0373777 0.0311472 0.0252366 0.0197609 0.0148432 0.0106057 0.00714402 0.00449582
 0.00788943 0.0128871 0.0195258 0.0277791 0.0373806 0.0476676 0.0575541 0.0658006 0.0714628 0.0741867 0.0741644 0.0718799 0.067883 0.0626829 0.0567187 0.0503465 0.0438369 0.0373862 0.0311391 0.0252141 0.0197264 0.0147987 0.010554 0.00708993 0.00444541
 0.00791132 0.0129203 0.0195716 0.0278365 0.037447 0.0477383 0.0576219 0.0658563 0.071496 0.0741894 0.0741344 0.0718238 0.0678152 0.0626208 0.0566749 0.0503246 0.0438314 0.0373872 0.0311371 0.0252036 0.0197058 0.0147693 0.0105188 0.00705307 0.00441125
 0.00790606 0.0129115 0.0195579 0.0278167 0.0374206 0.0477061 0.0575869 0.0658226 0.0714684 0.0741709 0.0741254 0.0718227 0.0678195 0.0626301 0.0566913 0.0503509 0.0438684 0.0374315 0.031182 0.0252414 0.0197312 0.0147804 0.0105173 0.00704296 0.00439736
 0.00787787 0.0128646 0.0194857 0.0277132 0.0372825 0.0475363 0.0573966 0.0656315 0.0713004 0.0740482 0.0740628 0.0718245 0.0678802 0.0627371 0.0568291 0.050505 0.0440271 0.0375856 0.0313239 0.0253643 0.0198299 0.0148524 0.0105639 0.00706872 0.00440848
 0.00786803 0.0128428 0.0194421 0.0276354 0.0371587 0.0473605 0.0571739 0.0653795 0.0710464 0.073823 0.0738947 0.0717335 0.0678752 0.0628143 0.0569741 0.0506969 0.0442431 0.0378053 0.031531 0.0255472 0.0199809 0.0149684 0.0106458 0.00712108 0.00443835
 0.00787258 0.0128467 0.0194412 0.0276226 0.0371247 0.0472953 0.0570691 0.0652317 0.0708601 0.0736128 0.073684 0.0715511 0.0677478 0.0627605 0.057 0.0507951 0.0443963 0.0379909 0.0317259 0.0257319 0.0201414 0.0150968 0.0107402 0.00718448 0.00447687
 0.00784585 0.0128066 0.0193868 0.0275549 0.0370457 0.0472067 0.0569713 0.065124 0.0707421 0.0734856 0.0735529 0.0714262 0.0676443 0.0626959 0.0569892 0.050846 0.0445064 0.0381473 0.0319088 0.0259194 0.0203142 0.0152416 0.0108509 0.00726165 0.00452569
 0.00783864 0.0127903 0.0193543 0.0274977 0.0369565 0.0470844 0.0568238 0.0649671 0.0705938 0.0733603 0.0734565 0.0713579 0.0676011 0.0626769 0.056998 0.0508892 0.0445889 0.0382683 0.0320596 0.0260848 0.0204765 0.015385 0.0109656 0.00734471 0.00458006
 0.007802 0.0127333 0.019273 0.0273897 0.0368211 0.0469224 0.0566388 0.0647676 0.0703944 0.0731802 0.073316 0.0712727 0.0675779 0.0627123 0.0570825 0.0510116 0.0447402 0.0384416 0.0322478 0.0262778 0.0206613 0.0155487 0.0110984 0.00744277 0.00464568
 0.00776589 0.0126713 0.0191739 0.0272421 0.0366174 0.0466639 0.05634 0.0644552 0.0701014 0.0729367 0.0731437 0.0711829 0.0675731 0.0627884 0.0572288 0.0512127 0.0449783 0.0386993 0.0325098 0.0265305 0.0208926 0.0157479 0.0112581 0.00756072 0.00472517
 0.00775358 0.0126499 0.019139 0.0271877 0.0365364 0.0465492 0.0561869 0.0642644 0.0698814 0.0727054 0.0729258 0.0710046 0.0674563 0.0627458 0.0572628 0.0513165 0.0451384 0.0388985 0.0327294 0.0267529 0.0211019 0.0159314 0.0114074 0.00767257 0.00480175
 0.00932877 0.0148542 0.0217979 0.0299192 0.0388621 0.0480719 0.0567302 0.0638986 0.0688408 0.0712681 0.0713269 0.0694072 0.0659596 0.0614057 0.0561079 0.0503564 0.0443688 0.0383047 0.0322901 0.0264431 0.0208959 0.0158039 0.0113354 0.00763634 0.00478618
 0.00930561 0.0151078 0.0226931 0.0319086 0.0422889 0.0529035 0.0623898 0.0693593 0.072991 0.0733505 0.0711884 0.0674398 0.06283 0.0577706 0.0524519 0.0469664 0.0413819 0.0357682 0.030204 0.024783 0.0196232 0.0148705 0.0106858 0.00721126 0.00452701
 0.00895183 0.0145519 0.0219139 0.0309558 0.0413361 0.052284 0.062557 0.070726 0.0756846 0.0770308 0.0750887 0.0706592 0.0647091 0.0581202 0.0515233 0.0452408 0.039342 0.0337662 0.0284379 0.0233331 0.0184986 0.0140434 0.0101108 0.00683598 0.00429888
 0.00877608 0.0142548 0.0214464 0.0302687 0.0403989 0.0511189 0.0612813 0.0695797 0.0750098 0.0771765 0.0762565 0.0727579 0.067323 0.0606445 0.0534089 0.0462026 0.039416 0.033211 0.0275751 0.0224251 0.017703 0.0134239 0.0096704 0.00654718 0.00412395
 0.00871447 0.014148 0.0212723 0.0299996 0.0400041 0.0505717 0.0605716 0.0687321 0.0741042 0.0763631 0.0757461 0.0727686 0.0679852 0.0619076 0.0550175 0.0477807 0.0406209 0.033866 0.0277046 0.0221913 0.0173031 0.0130128 0.00933274 0.00630813 0.00397349
 0.00869127 0.0141097 0.021213 0.0299116 0.0398771 0.0503921 0.0603231 0.068399 0.0736789 0.075859 0.0752135 0.0723051 0.0677247 0.0619779 0.055476 0.0485632 0.0415469 0.0347088 0.0282894 0.0224585 0.0173053 0.0128609 0.00913443 0.00613275 0.00384806
 0.00868575 0.0140991 0.0211939 0.0298797 0.0398274 0.0503201 0.0602247 0.0682699 0.0735132 0.0756495 0.0749575 0.0720141 0.0674367 0.0617605 0.0554104 0.0487085 0.0419011 0.0351945 0.0287814 0.0228402 0.017518 0.0129155 0.00908687 0.00604589 0.00376573
 0.00865685 0.0140562 0.021137 0.029811 0.0397507 0.0502389 0.0601412 0.0681846 0.0734253 0.0755566 0.0748557 0.0719 0.0673115 0.0616373 0.055319 0.0486907 0.0419921 0.0354 0.0290648 0.0231345 0.0177564 0.0130612 0.00914261 0.00604107 0.00373486
 0.00864867 0.0140396 0.021106 0.029759 0.0396728 0.0501352 0.0600196 0.0680593 0.0733121 0.0754668 0.0747922 0.0718576 0.0672812 0.0616122 0.0552999 0.0486892 0.0420281 0.0354909 0.0292121 0.0233173 0.0179379 0.0132062 0.00923342 0.00608122 0.00374136
 0.00866462 0.0140635 0.0211379 0.0297967 0.0397114 0.050167 0.060035 0.0680494 0.0732719 0.0753986 0.074705 0.0717638 0.0671918 0.061533 0.0552335 0.0486381 0.0419983 0.0354914 0.0292496 0.0233889 0.0180291 0.0132957 0.00930304 0.00612338 0.00375941
 0.00865453 0.0140525 0.0211311 0.0298018 0.0397359 0.0502142 0.0601011 0.0681224 0.0733354 0.0754368 0.0747079 0.07173 0.0671279 0.0614511 0.0551465 0.0485573 0.0419325 0.0354476 0.0292327 0.0233997 0.0180622 0.0133399 0.00934566 0.00615531 0.00377793
 0.0086318 0.014017 0.0210808 0.0297368 0.03966 0.0501358 0.0600328 0.0680786 0.073327 0.0754657 0.0747651 0.0717986 0.0671902 0.061495 0.0551686 0.0485618 0.041928 0.0354435 0.0292367 0.0234161 0.0180904 0.0133754 0.00938135 0.00618484 0.00379815
 0.00864003 0.014027 0.0210897 0.0297398 0.0396517 0.0501125 0.0599947 0.0680308 0.0732787 0.0754278 0.0747465 0.071803 0.0672139 0.0615284 0.0552001 0.0485831 0.0419367 0.0354429 0.0292334 0.0234165 0.0180982 0.0133902 0.00939973 0.00620257 0.00381203
 0.00862393 0.014005 0.0210639 0.0297145 0.0396311 0.0500983 0.0599848 0.06802 0.0732618 0.0754035 0.074719 0.0717804 0.0672045 0.0615366 0.0552244 0.0486167 0.0419713 0.0354726 0.0292563 0.0234344 0.0181141 0.0134062 0.00941581 0.0062173 0.00382381
 0.00861428 0.0139888 0.0210389 0.0296788 0.0395848 0.0500448 0.0599307 0.0679743 0.0732318 0.0753916 0.0747221 0.0717928 0.0672213 0.0615567 0.055249 0.0486472 0.0420066 0.0355093 0.0292906 0.0234639 0.0181384 0.0134262 0.00943243 0.00623079 0.00383406
 0.00861428 0.0139888 0.0210389 0.0296788 0.0395848 0.0500448 0.0599307 0.0679743 0.0732318 0.0753916 0.0747221 0.0717928 0.0672213 0.0615567 0.055249 0.0486472 0.0420066 0.0355093 0.0292906 0.0234639 0.0181384 0.0134262 0.00943243 0.00623079 0.00383406
 0.00871502 0.0141462 0.0212633 0.0299734 0.0399427 0.0504462 0.060341 0.0683473 0.0735199 0.0755583 0.0747515 0.0716903 0.0670094 0.0612667 0.0549154 0.0483023 0.041677 0.0352135 0.0290388 0.0232593 0.0179798 0.0133094 0.0093515 0.00617865 0.00380316
 0.0087129 0.0141523 0.0212902 0.0300383 0.0400632 0.0506325 0.0605892 0.068637 0.0738176 0.0758255 0.0749527 0.0718004 0.0670178 0.0611781 0.0547474 0.0480807 0.04143 0.0349672 0.0288131 0.0230667 0.0178258 0.0131938 0.00927038 0.00612567 0.00377124
 0.00892089 0.0144783 0.0217571 0.0306572 0.0408282 0.0515155 0.0615344 0.069562 0.0746253 0.0764244 0.0752769 0.0718209 0.0667442 0.060653 0.0540364 0.0472596 0.0405736 0.0341399 0.0280639 0.0224272 0.0173104 0.0128024 0.00899138 0.00594012 0.00365687
#pred catch len freq
 0.00519954 0.00821875 0.0119675 0.0163363 0.0212397 0.0265928 0.032232 0.0378848 0.0432274 0.0479703 0.0519089 0.054936 0.0570406 0.0582909 0.0587955 0.05866 0.0579605 0.0567311 0.054945 0.0524795 0.0490975 0.0445116 0.0385632 0.0314409 0.0237696
 0.00564425 0.00883393 0.0126996 0.0170829 0.0218978 0.0271237 0.0326995 0.0384292 0.0439811 0.0489666 0.0530402 0.0559893 0.0577856 0.0585713 0.0585809 0.0580422 0.0571019 0.0557911 0.054017 0.0515679 0.0481471 0.0434713 0.0374427 0.0303226 0.0227702
 0.00614165 0.00961305 0.0138108 0.0185368 0.0236462 0.0290446 0.0346019 0.040098 0.0452569 0.0498142 0.0535487 0.0562918 0.0579554 0.0585713 0.058299 0.0573781 0.056038 0.0544038 0.0524313 0.0498977 0.0464642 0.041818 0.0358666 0.0288962 0.0215759
 0.00663046 0.0103758 0.0149019 0.0199917 0.0254822 0.0312551 0.0371357 0.0428294 0.0479713 0.0522335 0.0554025 0.0574054 0.0583002 0.0582418 0.0574327 0.0560801 0.0543619 0.0523864 0.050136 0.0474282 0.0439484 0.0393868 0.0336424 0.0269857 0.0200544
 0.00713105 0.01115 0.015995 0.0214251 0.0272581 0.0333624 0.0395469 0.0454882 0.0507767 0.0550266 0.0579657 0.0594844 0.0596567 0.0587193 0.057 0.0548229 0.0524306 0.0499411 0.0473228 0.0443898 0.0408418 0.0363861 0.0309219 0.0246896 0.0182673
 0.00760946 0.0118984 0.0170676 0.0228552 0.0290567 0.0355154 0.0420078 0.0481724 0.0535655 0.0577784 0.060525 0.0616839 0.0613185 0.0596701 0.0571028 0.0540154 0.0507473 0.0475047 0.0443154 0.0410234 0.0373433 0.0329883 0.0278451 0.0221095 0.0162804
 0.00805206 0.012588 0.0180515 0.0241624 0.0306998 0.0374915 0.0442912 0.0507026 0.0562394 0.0604546 0.0630385 0.0638653 0.0630114 0.0607392 0.0574384 0.0535392 0.0494293 0.0453829 0.0415083 0.0377253 0.0338055 0.0294889 0.0246496 0.0194257 0.0142196
 0.00838894 0.0131186 0.0188194 0.0251996 0.0320255 0.0391087 0.0461795 0.052811 0.0584862 0.0627333 0.0652254 0.0658276 0.0646154 0.0618597 0.0579675 0.0533929 0.0485552 0.0437745 0.0392231 0.0349006 0.0306573 0.0262877 0.0216727 0.0168991 0.0122706
 0.00853897 0.0133789 0.0192423 0.0258467 0.0329573 0.0403667 0.0477665 0.0546797 0.0605425 0.0648509 0.0672651 0.067654 0.0661088 0.0629223 0.0585221 0.0533802 0.0479332 0.0425266 0.0373761 0.032546 0.0279634 0.0234873 0.0190229 0.0146217 0.0104996
 0.00864355 0.0135383 0.0194652 0.0261419 0.0333423 0.0408761 0.0484522 0.0555965 0.0617215 0.0662734 0.068851 0.0692739 0.067612 0.0641663 0.0593918 0.053792 0.0478322 0.0418853 0.0362025 0.0308991 0.0259677 0.0213297 0.0169224 0.0127786 0.00904468
 0.00890223 0.0139225 0.0199756 0.0267552 0.0340183 0.041571 0.049132 0.0562461 0.0623494 0.066909 0.0695305 0.0700161 0.0683957 0.0649236 0.0600208 0.0541819 0.0478866 0.0415384 0.0354289 0.0297248 0.0244781 0.0196679 0.0152663 0.0112989 0.00786029
 0.00917755 0.0143512 0.0205846 0.027554 0.034994 0.0426838 0.0503108 0.0573932 0.0633591 0.0676968 0.0700582 0.0702988 0.0684876 0.0648875 0.059897 0.0539692 0.0475446 0.041007 0.0346572 0.0286971 0.0232326 0.0182983 0.013904 0.0100779 0.00687809
 0.00932221 0.0145861 0.0209382 0.0280534 0.0356614 0.0435277 0.0513151 0.0585075 0.064498 0.0687501 0.0709129 0.0708673 0.0687315 0.0648265 0.059594 0.0534988 0.0469611 0.0403281 0.033871 0.0277876 0.0222076 0.0172065 0.0128297 0.00911589 0.00610165
 0.00945543 0.0147871 0.0212131 0.0284019 0.0360826 0.0440274 0.0519066 0.0592038 0.0652952 0.0696121 0.0717662 0.0716122 0.0692677 0.0650823 0.0595471 0.053178 0.0464278 0.0396483 0.0330943 0.0269433 0.0213185 0.0163064 0.0119707 0.00835823 0.00549371
 0.00960859 0.015003 0.0214772 0.0286806 0.0363342 0.0442198 0.0520331 0.0592879 0.0653842 0.069761 0.072017 0.0719735 0.0697041 0.0655202 0.0598972 0.0533658 0.0464152 0.0394386 0.0327189 0.0264455 0.0207429 0.0156985 0.0113785 0.00782947 0.00506501
 0.00965965 0.0150917 0.0216194 0.0288908 0.0366169 0.0445601 0.0523914 0.0596083 0.0656158 0.0698821 0.0720472 0.0719644 0.0697128 0.0655804 0.0600027 0.0534739 0.0464675 0.0393857 0.0325384 0.0261451 0.0203533 0.0152629 0.010944 0.00743825 0.00474714
 0.0096437 0.0150671 0.0215863 0.028853 0.0365848 0.0445521 0.0524308 0.0597144 0.0657908 0.070104 0.0722753 0.0721587 0.0698545 0.0656786 0.0600821 0.0535525 0.0465408 0.0394277 0.0325165 0.0260382 0.0201627 0.0150119 0.0106689 0.00717664 0.00452781
 0.00980916 0.0152968 0.0218592 0.0291253 0.0368024 0.0446711 0.0524359 0.0596237 0.0656476 0.0699597 0.0721708 0.0721116 0.0698575 0.0657093 0.0601181 0.0535812 0.0465582 0.0394294 0.032492 0.0259734 0.0200497 0.014856 0.0104891 0.0069986 0.00437415
 0.00984742 0.0153755 0.0220059 0.0293698 0.0371624 0.0451331 0.0529436 0.0600874 0.0659756 0.0700947 0.0721117 0.0719066 0.0695769 0.0654156 0.0598491 0.0533495 0.0463607 0.0392571 0.0323343 0.0258206 0.0198939 0.0146954 0.0103296 0.00685182 0.0042518
 0.0098446 0.0153756 0.0220165 0.0294051 0.0372445 0.0452903 0.0532025 0.0604581 0.0664345 0.0705778 0.0725274 0.0721689 0.06964 0.0652899 0.0595891 0.0530251 0.0460298 0.0389534 0.0320694 0.0255921 0.019695 0.0145203 0.0101766 0.00672306 0.00415042
 0.00983004 0.0153533 0.0219856 0.0293674 0.0372052 0.0452606 0.0532009 0.0605096 0.0665645 0.070801 0.0728342 0.0725183 0.0699662 0.0655241 0.0596863 0.0529804 0.0458747 0.0387369 0.031837 0.0253733 0.019503 0.0143579 0.0100428 0.00661655 0.00407007
 0.00992905 0.0154883 0.0221409 0.0295119 0.0373017 0.0452793 0.0531324 0.0603691 0.0663886 0.0706373 0.0727296 0.0725051 0.0700506 0.065681 0.0598666 0.0531296 0.0459541 0.0387358 0.03177 0.0252678 0.0193854 0.0142465 0.00994695 0.00653974 0.00401258
 0.010067 0.0156965 0.0224234 0.029859 0.0376893 0.0456704 0.0534798 0.0606232 0.0665093 0.0706088 0.0725685 0.0722563 0.0697716 0.0654223 0.0596563 0.0529681 0.0458219 0.0386077 0.0316299 0.0251149 0.0192302 0.0141034 0.00982699 0.00644764 0.00394751
 0.00996745 0.0155539 0.0222449 0.0296642 0.0375062 0.0455269 0.0533959 0.0606058 0.066551 0.0706902 0.0726647 0.0723466 0.0698482 0.0654925 0.0597351 0.0530671 0.0459399 0.0387302 0.0317365 0.0251895 0.0192678 0.0141097 0.00981346 0.00642607 0.00392627
 0.00983684 0.0153565 0.0219762 0.0293317 0.0371289 0.0451341 0.053025 0.0602988 0.0663469 0.0706148 0.072722 0.072518 0.0700996 0.0657858 0.0600397 0.0533646 0.0462211 0.038989 0.0319647 0.0253775 0.0194089 0.0142039 0.00986792 0.00645212 0.00393538
 0.00966174 0.0151005 0.0216437 0.028945 0.0367213 0.0447389 0.0526687 0.0600006 0.0661231 0.0704824 0.0726969 0.0726087 0.0703007 0.0660759 0.0603858 0.053731 0.046578 0.0393161 0.0322501 0.0256145 0.0195942 0.0143382 0.00995664 0.00650463 0.00396275
 0.00945263 0.014785 0.0212153 0.0284156 0.03612 0.0441083 0.0520601 0.0594691 0.0657195 0.0702424 0.0726355 0.0727209 0.0705671 0.066468 0.0608687 0.0542649 0.0471217 0.0398327 0.0327115 0.0260032 0.0199031 0.0145686 0.0101166 0.00660707 0.00402265
 0.00924033 0.0144621 0.0207709 0.0278548 0.0354628 0.0433864 0.0513168 0.0587595 0.0651067 0.0697892 0.0723912 0.0727107 0.0707872 0.066888 0.0614395 0.054929 0.0478221 0.0405179 0.0333398 0.0265452 0.0203428 0.014903 0.0103539 0.00676314 0.00411707
 0.00897095 0.0140532 0.0202097 0.0271488 0.0346371 0.0424789 0.0503763 0.057846 0.0642899 0.0691413 0.0719767 0.0725752 0.0709484 0.0673312 0.0621188 0.0557754 0.0487556 0.0414604 0.0342246 0.0273231 0.0209843 0.0153984 0.0107107 0.00700143 0.00426375
 0.00864936 0.0135675 0.0195476 0.0263231 0.0336808 0.0414375 0.0493029 0.0568021 0.0633452 0.0683687 0.0714438 0.072335 0.0710305 0.0677356 0.062814 0.0567005 0.0498284 0.0425891 0.035321 0.0283143 0.0218205 0.0160563 0.0111921 0.00732737 0.00446691
 0.00852279 0.0133598 0.0192319 0.0258738 0.0330797 0.040683 0.048419 0.0558414 0.0623821 0.0674863 0.070721 0.0718376 0.0708061 0.0678093 0.0631847 0.0573383 0.0506761 0.0435678 0.0363412 0.0292895 0.0226807 0.0167575 0.0117195 0.00769245 0.00469847
 0.00931188 0.0144677 0.0205742 0.0272597 0.0342614 0.0414378 0.0486192 0.0554757 0.0615339 0.0662932 0.0693401 0.0704224 0.069492 0.0667032 0.0623583 0.0568262 0.0504749 0.0436397 0.0366204 0.029694 0.0231275 0.0171775 0.0120678 0.00795071 0.00487065
 0.0101741 0.0157795 0.0223738 0.0295033 0.0368124 0.0440663 0.0510144 0.0572906 0.06247 0.0661968 0.0682554 0.068569 0.0671833 0.0642556 0.0600298 0.0547929 0.0488329 0.0424177 0.0357943 0.029202 0.0228869 0.0171015 0.0120807 0.00799762 0.00491922
 0.0103467 0.0161103 0.0229642 0.0304777 0.0382863 0.046092 0.0535247 0.0600688 0.0651682 0.0684042 0.0695991 0.0688179 0.0663168 0.0624652 0.0576502 0.0521976 0.0463425 0.0402498 0.0340567 0.0279119 0.0219995 0.016538 0.0117525 0.00782343 0.00483572
