SBPRF35
8.61319
Curr Bio
802339
B35
585844
F35
0.203317
FOFL
0.203317
OFL
151720
Bzero
2.46091e+06
#pred survey bio
 3.33514e+06 3.29357e+06 3.11143e+06 2.98079e+06 2.57378e+06 2.2895e+06 2.07086e+06 1.93173e+06 1.7912e+06 1.65668e+06 1.52837e+06 1.36705e+06 1.18395e+06 1.03746e+06 901326 794978 692864 640813 606354 572397 558753 547113 539657 543144 541246 537983 533869 534673 526256 536129 561149 589790 587266 573202 558958 534370 528279 539562 583423 593150 566238 529320 540720 550875 542740 576290 612026 640981 638029 634982 573699 518711 556902 592275 608116 711176 812840 2.20413e+07 1.99221e+07 1.9644e+07 1.94346e+07 1.93113e+07 1.92591e+07 1.92558e+07 1.92814e+07 1.9321e+07 1.93651e+07 1.94082e+07 1.94474e+07 1.94816e+07 1.95106e+07 1.95347e+07 1.95545e+07 1.95705e+07 1.95834e+07 1.95937e+07 1.9602e+07 1.96085e+07 1.96137e+07 1.96178e+07 1.9621e+07 1.96235e+07 1.96255e+07 1.96271e+07 1.96283e+07 1.96293e+07 1.963e+07 1.96306e+07 1.96311e+07 1.96315e+07 1.96317e+07 1.9632e+07 1.96321e+07 1.96323e+07 1.96324e+07 1.96325e+07 1.96325e+07 1.96326e+07 1.96326e+07 1.96327e+07 1.96327e+07 1.96327e+07 1.96327e+07 1.96327e+07 1.96328e+07 1.96328e+07 1.96328e+07 1.96328e+07 1.96328e+07 1.96328e+07 1.96328e+07 1.96328e+07 1.96328e+07 1.96328e+07 1.96328e+07 1.96328e+07 1.96328e+07 1.96328e+07 1.96328e+07 1.96328e+07 1.96328e+07 1.96328e+07 1.96328e+07 1.96328e+07 1.96328e+07 1.96328e+07 1.96328e+07 1.96328e+07 1.96328e+07 1.96328e+07 1.96328e+07 1.96328e+07 1.96328e+07 1.96328e+07 1.96328e+07 1.96328e+07 1.96328e+07 1.96328e+07 1.96328e+07 1.96328e+07 1.96328e+07 1.96328e+07 1.96328e+07 1.96328e+07 1.96328e+07 1.96328e+07 1.96328e+07 1.96328e+07 1.96328e+07 1.96328e+07 1.96328e+07 1.96328e+07 1.96328e+07 1.96328e+07 1.96328e+07 1.96328e+07 1.96328e+07 0 0 0 0 0 0 0 0 0 0 0 0 0 0 0 0 0 0 0 0 0 0 0 0 0
#obs survey bio
 2.86926e+06 3.39768e+06 1.96372e+06 4.24427e+06 2.12618e+06 2.58395e+06 2.37618e+06 2.01963e+06 1.75509e+06 1.49743e+06 1.79177e+06 1.39358e+06 1.49949e+06 1.2344e+06 870002 794287 585708 689040 605697 793028 519092 403732 475814 419901 688500 454072 486525 670599 510417 544987 489718 620091 637778 594916 535975 421043 538032 534560 732016 853873 642730 427826 532144 632814 492859 626703 574284 633132 569420 637527 488129 510642 665280 539129 690416 480464 834916
#pred catch bio
 95919.9 96035.5 163075 200726 241612 266933 287905 321781 303878 311853 308684 299809 262222 249576 230451 218537 175156 159747 162781 140546 138737 128622 111771 116176 105582 108244 101098 110827 97891.4 95202.4 97222.2 99947.6 96489 86825.5 88186.2 91114.3 98536.6 85178.3 83623.3 91675.5 87246.4 81684.1 82371.7 91789.7 87878.3 89122 96069.7 96788.7 90334.4 85889.2 116793 58164.9 61061.5 117745 68478 113062 104537 151720 149810 146688 143870 141822 140416 139489 138896 138525 138296 138155 138068 138016 137983 137964 137951 137944 137939 137936 137934 137933 137932 137932 137932 137932 137931 137931 137931 137931 137931 137931 137931 137931 137931 137931 137931 137931 137931 137931 137931 137931 137931 137931 137931 137931 137931 137931 137931 137931 137931 137931 137931 137931 137931 137931 137931 137931 137931 137931 137931 137931 137931 137931 137931 137931 137931 137931 137931 137931 137931 137931 137931 137931 137931 137931 137931 137931 137931 137931 137931 137931 137931 137931 137931 137931 137931 137931 137931 137931 137931 137931 137931 137931 137931 137931 137931 137931 137931 137931 137931 0 0 0 0 0 0 0 0 0 0 0 0 0 0 0 0 0 0 0 0 0 0 0 0 0
#obs catch bio
 0 95598.5 163633 200430 241854 266882 288290 322981 303290 312836 308555 299659 262056 249405 230803 218696 175142 159510 163404 140347 139067 128759 111506 116454 105322 108381 100910 111019 97784.9 95246.9 97435.8 99836.4 96493.2 86722.5 88081.6 91106.6 98875.7 85358.8 83421.2 91689.6 87129.4 81807.1 82313.6 91721.5 88067.4 89077.6 96205.3 96721.8 90390.1 85446.3 117800 57923.6 60683.1 119137 67926.9 113870 104338
#pred cpue bio
 3.29824e+06 3.25738e+06 3.07608e+06 2.94495e+06 2.54141e+06 2.25857e+06 2.04051e+06 1.90103e+06 1.76012e+06 1.62535e+06 1.49674e+06 1.33622e+06 1.15473e+06 1.00966e+06 875132 770088 669603 618357 584545 551287 538048 526675 519371 522787 520832 517818 513822 514678 506511 516109 540345 568153 565959 552589 539235 515577 508420 517172 558361 568017 542550 507316 518257 528222 520406 552539 587017 614875 612094 609257 550663 496752 533924 569289 584129 683555 780966 2.12095e+07 1.92228e+07 1.89467e+07 1.87184e+07 1.85901e+07 1.85371e+07 1.85337e+07 1.85592e+07 1.85988e+07 1.86429e+07 1.8686e+07 1.87253e+07 1.87595e+07 1.87885e+07 1.88126e+07 1.88323e+07 1.88483e+07 1.88612e+07 1.88716e+07 1.88798e+07 1.88863e+07 1.88915e+07 1.88956e+07 1.88988e+07 1.89014e+07 1.89033e+07 1.89049e+07 1.89061e+07 1.89071e+07 1.89079e+07 1.89085e+07 1.89089e+07 1.89093e+07 1.89096e+07 1.89098e+07 1.891e+07 1.89101e+07 1.89102e+07 1.89103e+07 1.89104e+07 1.89104e+07 1.89105e+07 1.89105e+07 1.89105e+07 1.89106e+07 1.89106e+07 1.89106e+07 1.89106e+07 1.89106e+07 1.89106e+07 1.89106e+07 1.89106e+07 1.89106e+07 1.89106e+07 1.89106e+07 1.89106e+07 1.89106e+07 1.89106e+07 1.89106e+07 1.89106e+07 1.89106e+07 1.89106e+07 1.89106e+07 1.89106e+07 1.89106e+07 1.89106e+07 1.89106e+07 1.89106e+07 1.89106e+07 1.89106e+07 1.89106e+07 1.89106e+07 1.89106e+07 1.89106e+07 1.89106e+07 1.89106e+07 1.89106e+07 1.89106e+07 1.89106e+07 1.89106e+07 1.89106e+07 1.89106e+07 1.89106e+07 1.89106e+07 1.89106e+07 1.89106e+07 1.89106e+07 1.89106e+07 1.89106e+07 1.89106e+07 1.89106e+07 1.89106e+07 1.89106e+07 1.89106e+07 1.89106e+07 1.89106e+07 1.89106e+07 1.89106e+07 1.89106e+07 1.89106e+07 0 0 0 0 0 0 0 0 0 0 0 0 0 0 0 0 0 0 0 0 0 0 0 0 0
#obs cpue bio
 2.20155e+06 4.74555e+06 2.75772e+06 3.80958e+06 2.31405e+06 2.18047e+06 1.42633e+06 1.65679e+06 2.39883e+06 1.29935e+06 1.58814e+06 1.38697e+06 859711 900544 789863 853166 736892 621063 492064 452502 504728 742200 649469 577416 497105 537541 612862 393210 540699 461280 531265 716771 490852 531078 614069 601554 443097 424087 640955 381783 528756 471465 596848 549678 401020 604174 564299 746772 567748 845549 504299 463519 632864 419488 638706 727945 966392
#pred surv len freq
 0.00423785 0.00699374 0.0107362 0.015512 0.021234 0.0275856 0.0340078 0.0398567 0.0446535 0.0482391 0.0507322 0.0523751 0.0534023 0.053989 0.0542538 0.0542823 0.0541523 0.0539331 0.0536292 0.0530679 0.0518037 0.049172 0.0445735 0.037882 0.0296949
 0.00452771 0.00737676 0.0111524 0.015858 0.0214003 0.0275107 0.0337142 0.0394416 0.0442371 0.0479037 0.0504942 0.0522033 0.0532639 0.0538887 0.0542421 0.0544294 0.054502 0.0544607 0.054227 0.0535703 0.0520488 0.0490722 0.044155 0.0372696 0.0290504
 0.00462667 0.00759018 0.0115633 0.0165567 0.0224385 0.0288439 0.0351714 0.0407605 0.0451637 0.0482997 0.0503816 0.0517223 0.0525856 0.0531484 0.0535254 0.0537934 0.0539905 0.0540935 0.0539733 0.05334 0.0517223 0.0485595 0.0434482 0.036451 0.0282504
 0.00465654 0.00765609 0.011699 0.0168156 0.0228938 0.0295774 0.0362457 0.0421766 0.0468201 0.0499836 0.0518179 0.0526681 0.0529203 0.052905 0.0528502 0.0528717 0.0529852 0.0531132 0.053063 0.0524843 0.0508657 0.0476474 0.0424714 0.035464 0.0273481
 0.00488628 0.00799626 0.0121506 0.0173624 0.0235145 0.0302631 0.0370134 0.0430675 0.0478794 0.0512243 0.0531819 0.0540077 0.0540234 0.0535637 0.0529411 0.0523993 0.052066 0.0519152 0.0517391 0.051132 0.0495251 0.0463299 0.0411978 0.0342852 0.0263347
 0.00504933 0.00829639 0.0126639 0.0181727 0.024684 0.0317917 0.0388114 0.0449689 0.0496982 0.0528241 0.0545101 0.0550735 0.0548374 0.0540863 0.0530771 0.0520446 0.0511704 0.0505195 0.0499627 0.0491288 0.047441 0.0442862 0.0392978 0.0326218 0.0249821
 0.00522556 0.00858549 0.0131066 0.018816 0.02558 0.0329899 0.04034 0.0468084 0.05176 0.0549497 0.0565012 0.056746 0.0560688 0.0548263 0.0533179 0.0517799 0.0503816 0.049199 0.0481516 0.0469355 0.0450294 0.0418456 0.0370113 0.0306407 0.0234036
 0.00539487 0.00887376 0.0135644 0.0194983 0.0265349 0.0342418 0.0418752 0.0485738 0.0536758 0.0569231 0.0584299 0.058512 0.0575398 0.0558738 0.0538428 0.0517259 0.04973 0.0479583 0.0463609 0.0446828 0.0424663 0.0391793 0.0344703 0.0284261 0.0216456
 0.00567171 0.00931604 0.0142163 0.0203976 0.0277084 0.0356974 0.0435901 0.0504876 0.055694 0.0589325 0.060317 0.0601753 0.0588916 0.0568347 0.0543366 0.0516823 0.0490948 0.0467071 0.0445135 0.0423178 0.0397336 0.0362967 0.0316923 0.0259884 0.0197066
 0.00590078 0.00969529 0.0147991 0.0212365 0.0288428 0.0371354 0.0452932 0.0523692 0.057638 0.0608215 0.0620522 0.061681 0.060108 0.0577077 0.0548109 0.0516982 0.0485924 0.0456388 0.0428656 0.0401371 0.0371476 0.0335135 0.0289694 0.0235732 0.0177726
 0.00609313 0.0100233 0.0153213 0.0220172 0.0299388 0.0385741 0.0470506 0.0543611 0.0597323 0.0628652 0.0639018 0.0632238 0.0612707 0.0584522 0.0551197 0.0515569 0.0479782 0.0445225 0.0412309 0.0380115 0.0346325 0.030795 0.0262927 0.0211843 0.0158503
 0.00633429 0.0104098 0.0158937 0.0228121 0.0309855 0.0398874 0.0486198 0.0561403 0.0616385 0.0647853 0.0657057 0.0647826 0.0624748 0.0592255 0.0554232 0.05138 0.0473226 0.0433911 0.0396306 0.0359755 0.0322499 0.0282284 0.0237628 0.0189194 0.0140212
 0.00660834 0.0108598 0.016578 0.0237848 0.0322821 0.0415047 0.0504987 0.0581667 0.0636672 0.0666754 0.0673459 0.0660952 0.0634068 0.0597388 0.0554913 0.0509899 0.0464748 0.0420971 0.0379144 0.0338847 0.0298759 0.025721 0.0213204 0.0167465 0.0122713
 0.00680046 0.0111793 0.0170723 0.0245036 0.033268 0.0427781 0.0520403 0.0599086 0.0654993 0.0684642 0.0689589 0.0674214 0.0643688 0.0602932 0.055621 0.0506925 0.045755 0.040966 0.0363957 0.0320267 0.0277676 0.0234999 0.0191621 0.0148294 0.010728
 0.00698431 0.0114902 0.0175623 0.0252279 0.0342728 0.044081 0.0536118 0.0616666 0.067322 0.0702149 0.0705091 0.0686655 0.0652309 0.0607301 0.05562 0.0502648 0.0449254 0.0397655 0.034862 0.0302145 0.0257624 0.0214267 0.0171754 0.0130823 0.0093316
 0.00710938 0.0117096 0.0179226 0.0257833 0.0350747 0.0451594 0.054957 0.0632199 0.0689822 0.0718563 0.0720024 0.0698958 0.0661105 0.0612046 0.0556689 0.0498953 0.0441647 0.0386529 0.0334465 0.0285592 0.0239534 0.0195784 0.0154223 0.0115535 0.00811741
 0.00737287 0.0121199 0.0185073 0.0265578 0.0360425 0.0463115 0.0562675 0.0646406 0.0704408 0.0732617 0.0732554 0.0709017 0.0667919 0.061511 0.05558 0.0494189 0.0433298 0.0375034 0.0320377 0.0269591 0.022248 0.0178731 0.0138337 0.0101882 0.00704553
 0.00743192 0.0122232 0.0186758 0.0268149 0.0364078 0.0467932 0.0568566 0.0653136 0.0711697 0.0740233 0.0740317 0.0716687 0.0675073 0.0621109 0.05599 0.0495722 0.0431837 0.0370475 0.0312942 0.02598 0.0211113 0.0166771 0.0126851 0.00918272 0.00624738
 0.00739232 0.012171 0.0186205 0.0267749 0.0364085 0.0468617 0.057016 0.0655777 0.0715397 0.0744876 0.074568 0.0722495 0.0681017 0.0626829 0.0564934 0.0499505 0.0433781 0.0370111 0.031007 0.0254579 0.0204064 0.0158704 0.0118709 0.00844853 0.00565395
 0.00749306 0.0123238 0.0188303 0.0270399 0.0367217 0.0472139 0.0573968 0.0659747 0.0719369 0.0748659 0.0749077 0.0725342 0.0683218 0.0628361 0.0565799 0.0499655 0.0433056 0.036826 0.0306856 0.0249926 0.0198179 0.0152087 0.0112053 0.00784792 0.00516826
 0.00753407 0.0123744 0.0188772 0.0270612 0.0366943 0.0471243 0.0572509 0.0658003 0.0717787 0.0747729 0.0749196 0.0726699 0.0685741 0.0631742 0.0569586 0.0503352 0.0436197 0.0370439 0.0307756 0.0249378 0.0196233 0.0149055 0.0108452 0.00748956 0.00485975
 0.00765121 0.0125518 0.0191185 0.0273581 0.0370245 0.0474523 0.0575306 0.0659843 0.0718327 0.0746914 0.0747328 0.0724347 0.0683544 0.0630188 0.0568881 0.0503402 0.0436684 0.0370939 0.0307854 0.0248767 0.0194792 0.0146888 0.0105858 0.0072272 0.00463024
 0.00781436 0.0127887 0.0194222 0.0277035 0.0373745 0.0477682 0.0577806 0.0661458 0.0718916 0.0746422 0.0745815 0.0722025 0.068078 0.0627441 0.0566579 0.0501813 0.0435838 0.0370635 0.0307747 0.0248496 0.0194102 0.0145709 0.0104314 0.00706091 0.00447803
 0.00783977 0.0128265 0.0194717 0.0277593 0.0374256 0.0477974 0.0577673 0.0660729 0.0717543 0.0744551 0.0743763 0.0720173 0.0679438 0.0626778 0.0566631 0.050253 0.0437109 0.0372276 0.0309498 0.0250056 0.0195209 0.0146226 0.010427 0.00701712 0.00441733
 0.00786869 0.0128792 0.0195611 0.0278993 0.0376255 0.048054 0.0580586 0.0663576 0.0719813 0.0745784 0.0743699 0.0718839 0.0677136 0.0623977 0.0563826 0.0500113 0.0435305 0.0371136 0.030892 0.024984 0.0195122 0.0146076 0.0103965 0.0069728 0.00436803
 0.00789277 0.0128981 0.0195533 0.0278358 0.0374816 0.0478258 0.057774 0.0660718 0.0717563 0.0744569 0.0743599 0.071961 0.0678372 0.0625312 0.0565058 0.0501223 0.043638 0.0372269 0.031014 0.0251079 0.0196252 0.0146967 0.0104543 0.00700021 0.00437292
 0.00792193 0.012953 0.019648 0.027983 0.0376836 0.0480641 0.0580055 0.0662395 0.071813 0.0743891 0.0741947 0.0717505 0.0676319 0.0623602 0.056374 0.0500216 0.0435601 0.0371693 0.0309779 0.0250932 0.0196269 0.014706 0.0104624 0.00700219 0.00436838
 0.00783382 0.0128197 0.0194669 0.0277609 0.0374379 0.0478219 0.0577997 0.0661003 0.0717566 0.0744096 0.074267 0.071845 0.0677302 0.0624605 0.0564842 0.0501474 0.0436991 0.037313 0.0311168 0.0252204 0.0197377 0.0147969 0.010531 0.00704842 0.00439533
 0.00795589 0.0129947 0.0196868 0.0280033 0.0376728 0.0480219 0.0579489 0.0661959 0.0718048 0.0744184 0.0742403 0.0717804 0.0676227 0.062309 0.0562977 0.049945 0.0435038 0.0371433 0.0309823 0.0251221 0.0196709 0.0147545 0.0105055 0.00703331 0.00438599
 0.00798377 0.0130334 0.0197322 0.0280456 0.0376968 0.0480099 0.0578847 0.0660719 0.0716286 0.0742161 0.0740516 0.071645 0.0675643 0.0623273 0.0563719 0.0500465 0.0436092 0.0372404 0.0310683 0.025198 0.0197377 0.0148114 0.0105509 0.00706662 0.00440791
 0.0079414 0.012969 0.0196435 0.0279331 0.0375632 0.0478586 0.0577193 0.0658966 0.0714491 0.0740416 0.0738965 0.0715293 0.0675099 0.0623506 0.0564761 0.050218 0.043822 0.0374652 0.0312814 0.0253853 0.019893 0.014934 0.0106426 0.00713091 0.00444959
 0.00787712 0.0128669 0.0194947 0.0277323 0.0373109 0.0475644 0.0574036 0.0655888 0.0711807 0.0738377 0.0737703 0.0714825 0.0675383 0.0624491 0.05664 0.0504401 0.0440889 0.0377563 0.0315721 0.0256529 0.0201219 0.0151164 0.0107786 0.00722525 0.00451021
 0.00787809 0.0128584 0.0194633 0.0276597 0.037179 0.047363 0.0571376 0.0652799 0.0708631 0.0735488 0.0735421 0.0713359 0.0674813 0.062479 0.056747 0.0506113 0.0443098 0.0380102 0.0318396 0.0259129 0.0203553 0.0153101 0.0109268 0.00732987 0.00457804
 0.00780635 0.0127561 0.0193351 0.0275173 0.0370349 0.0472231 0.0569968 0.0651255 0.0706845 0.0733482 0.0733382 0.0711591 0.0673628 0.0624404 0.0567954 0.0507405 0.044504 0.0382492 0.0321012 0.0261751 0.0205978 0.015517 0.0110894 0.00744703 0.00465518
 0.00782889 0.0127613 0.0192866 0.027366 0.0367372 0.0467662 0.0564162 0.0645004 0.0701105 0.072902 0.0730572 0.0710431 0.067391 0.0625879 0.0570408 0.0510644 0.0448857 0.0386646 0.0325238 0.0265787 0.0209594 0.0158199 0.0113251 0.00761636 0.00476671
 0.00857329 0.0138236 0.0206095 0.0287974 0.0380664 0.047787 0.056984 0.0645589 0.0696903 0.0721034 0.0720233 0.0699261 0.0663196 0.0616467 0.0562693 0.0504698 0.0444569 0.0383818 0.0323624 0.0265104 0.0209549 0.0158517 0.0113709 0.00766074 0.00480177
 0.0091981 0.0148478 0.0221553 0.0309541 0.040836 0.0510181 0.0603345 0.0675403 0.071804 0.0730108 0.0716532 0.0684661 0.064114 0.0590713 0.0536402 0.048005 0.0422803 0.0365459 0.0308738 0.0253491 0.0200858 0.0152309 0.0109504 0.00739272 0.0046422
 0.0092549 0.0150264 0.0225843 0.0318077 0.0422913 0.0531826 0.0631714 0.0708292 0.0751595 0.0759569 0.0737341 0.0693643 0.0637352 0.0575602 0.0513183 0.0452621 0.0394713 0.0339306 0.0286049 0.0234907 0.0186408 0.0141647 0.010207 0.00690608 0.00434547
 0.0089619 0.0145761 0.0219626 0.0310391 0.0414577 0.0524385 0.0627399 0.0709578 0.0760326 0.0775972 0.0759488 0.0717759 0.065892 0.0590783 0.051993 0.0451058 0.0386712 0.0327581 0.0273232 0.0222955 0.0176427 0.0134015 0.00966738 0.00655235 0.00413091
 0.00875883 0.0142374 0.0214392 0.030286 0.0404521 0.0512076 0.0613877 0.0696733 0.0750653 0.0771985 0.0762948 0.0728955 0.0676311 0.0611248 0.0539648 0.0466702 0.0396424 0.0331289 0.0272265 0.0219256 0.0171806 0.0129717 0.00933043 0.00631976 0.00398686
 0.00873521 0.0141933 0.0213608 0.0301526 0.0402361 0.0508775 0.0609169 0.0690563 0.0743376 0.0764526 0.0756781 0.0725793 0.0677529 0.061725 0.0549505 0.0478333 0.0407305 0.0339372 0.0276625 0.0220186 0.0170399 0.0127256 0.00907936 0.00611839 0.00384984
 0.00882703 0.0143208 0.0215118 0.030301 0.040347 0.0509162 0.0608561 0.0688783 0.0740348 0.0760315 0.0751698 0.0720509 0.067307 0.0614768 0.0549847 0.0481594 0.0412657 0.0345336 0.0281677 0.0223353 0.0171522 0.0126836 0.00895951 0.00598633 0.00374297
 0.00869887 0.0141518 0.0213291 0.0301505 0.0402768 0.0509508 0.0609792 0.069035 0.0741542 0.0760554 0.0750724 0.0718437 0.0670342 0.0612064 0.0547953 0.0481178 0.0413995 0.0348133 0.0285143 0.0226544 0.0173746 0.0127886 0.00897002 0.00594505 0.00368844
 0.00865613 0.0140645 0.0211675 0.0298841 0.0398907 0.0504672 0.0604672 0.0685955 0.07388 0.0759882 0.0751854 0.0720608 0.0672714 0.0614099 0.0549573 0.0482678 0.04158 0.0350515 0.0288045 0.0229586 0.0176426 0.0129833 0.00908196 0.00599023 0.00369378
 0.00875056 0.0142111 0.0213731 0.0301449 0.0401873 0.0507614 0.060705 0.0687223 0.0738638 0.0758382 0.0749495 0.0718006 0.0670309 0.0612016 0.0547715 0.0480955 0.0414276 0.0349386 0.0287481 0.0229589 0.0176804 0.0130303 0.00911599 0.00600304 0.00368968
 0.00868715 0.0141263 0.0212796 0.0300657 0.0401495 0.0507848 0.0607924 0.0688549 0.0740058 0.075949 0.0749989 0.0717808 0.0669589 0.0611079 0.0546843 0.0480296 0.0413855 0.0349188 0.0287509 0.0229846 0.0177241 0.0130811 0.00916089 0.00603361 0.00370484
 0.00869228 0.014114 0.0212244 0.0299358 0.0399202 0.0504574 0.0604064 0.0684816 0.0737232 0.0758098 0.0750113 0.071912 0.0671562 0.0613233 0.0548889 0.0482142 0.0415519 0.0350716 0.0288925 0.0231153 0.017842 0.0131824 0.00924145 0.00609116 0.0037408
 0.00869538 0.0141262 0.0212542 0.0299911 0.0400006 0.0505464 0.0604693 0.0684774 0.0736256 0.0756266 0.0747861 0.0717044 0.0670136 0.0612627 0.054898 0.0482662 0.0416223 0.0351458 0.0289652 0.0231851 0.017908 0.0132422 0.00929173 0.00612939 0.00376652
 0.00875985 0.0142132 0.021353 0.0300824 0.040064 0.0505702 0.060456 0.0684395 0.0735738 0.0755608 0.0746977 0.0715882 0.0668792 0.0611342 0.0548022 0.0482187 0.041622 0.0351796 0.0290173 0.0232433 0.0179649 0.0132935 0.00933465 0.00616241 0.00378945
 0.00865466 0.0140686 0.0211835 0.0299154 0.0399295 0.0504859 0.0604182 0.0684267 0.0735619 0.0755382 0.0746689 0.0715667 0.0668764 0.0611548 0.0548464 0.0482864 0.0417128 0.0352899 0.0291388 0.0233649 0.0180761 0.0133873 0.00940799 0.00621548 0.00382476
 0.0087904 0.0142389 0.0213486 0.0300124 0.0398955 0.0502916 0.0600899 0.0680401 0.0732079 0.0752824 0.0745315 0.0715294 0.0669055 0.0612216 0.0549341 0.048388 0.0418255 0.0354115 0.0292651 0.0234896 0.0181915 0.0134865 0.00948669 0.00627287 0.00386306
 0.00896808 0.0145893 0.0219824 0.0310515 0.0414197 0.0522674 0.0623242 0.070204 0.074938 0.0763077 0.0747522 0.0710146 0.0658297 0.0597908 0.0533373 0.0467766 0.0403103 0.0340652 0.0281277 0.0225737 0.017489 0.0129748 0.00913448 0.00604526 0.00372601
 0.00842838 0.0137403 0.020767 0.0294604 0.0395213 0.0502358 0.0604416 0.0688071 0.0743077 0.0765533 0.0757656 0.0725254 0.0675229 0.0614132 0.0547439 0.0479204 0.0412054 0.0347528 0.0286531 0.0229753 0.017795 0.0132042 0.00930084 0.00615972 0.00379953
 0.00830015 0.0134772 0.0202718 0.0286134 0.0382172 0.0484405 0.0582464 0.0664471 0.0721245 0.0749111 0.0749489 0.0726544 0.0685206 0.0630397 0.0566843 0.0498829 0.0429878 0.0362558 0.0298576 0.0239067 0.0184946 0.0137139 0.0096579 0.00639744 0.00394797
 0.00872908 0.0141591 0.0212613 0.0299293 0.039813 0.050173 0.0598647 0.0676328 0.0725904 0.0745187 0.0737788 0.0709837 0.0667181 0.0614338 0.0554669 0.0490861 0.0425265 0.0360019 0.0297018 0.0237855 0.018386 0.0136187 0.00958223 0.00634397 0.00391442
 0.00860476 0.0139573 0.0209616 0.0295222 0.0393117 0.0496248 0.0593495 0.0672381 0.0723676 0.0744487 0.0737773 0.0709539 0.0666169 0.0613043 0.0554138 0.0492105 0.0428677 0.0365196 0.0303029 0.0243705 0.0188846 0.014001 0.00985093 0.00651905 0.00402065
 0.00830131 0.0135584 0.0205333 0.0291786 0.0391763 0.0497734 0.0597696 0.0678327 0.0730004 0.0749982 0.0741653 0.0711419 0.0665923 0.0610802 0.0550399 0.0487764 0.0424794 0.0362598 0.0302006 0.0243998 0.0189894 0.0141256 0.00995941 0.00659749 0.0040702
#obs surv len freq
 nan nan nan nan nan nan nan nan nan nan nan nan nan nan nan nan nan nan nan nan nan nan nan nan nan
 0.00449379 0.00735899 0.0111921 0.0160097 0.0217093 0.0279816 0.0342913 0.0400181 0.0446939 0.0481549 0.0505109 0.0520054 0.0528967 0.0534083 0.0537221 0.0539766 0.0542548 0.0545474 0.054686 0.0542779 0.0527161 0.0493488 0.0437994 0.0362806 0.0276655
 0.00461793 0.00756664 0.0115149 0.0164793 0.0223487 0.0287927 0.035243 0.0410443 0.0457042 0.0490546 0.0512197 0.0524689 0.05309 0.0533344 0.0534058 0.0534571 0.0535767 0.0537539 0.0538167 0.0533702 0.0518095 0.0484872 0.0430286 0.0356395 0.0271756
 0.00478071 0.00783116 0.0119132 0.017042 0.0231007 0.0297445 0.0363803 0.0423205 0.0470416 0.0503533 0.0523717 0.0533737 0.0536689 0.0535413 0.0532317 0.0529263 0.052738 0.0526699 0.0525558 0.0520041 0.0504145 0.0471446 0.0418192 0.0346298 0.0264025
 0.00496972 0.00814095 0.012384 0.0177126 0.0240007 0.0308823 0.0377315 0.0438244 0.0486102 0.0518872 0.0537725 0.0545489 0.0545337 0.0540233 0.0532797 0.0525196 0.0518917 0.0514333 0.0510067 0.0502426 0.0485584 0.0453229 0.0401588 0.0332343 0.02533
 0.00518008 0.00848512 0.0129061 0.0184557 0.0249984 0.0321467 0.0392393 0.0455118 0.0503807 0.0536292 0.0553766 0.0559177 0.0555844 0.054686 0.0534964 0.0522483 0.0511138 0.050164 0.0493036 0.0482085 0.046338 0.0430897 0.0380903 0.0314779 0.0239716
 0.00541255 0.00886411 0.0134786 0.0192663 0.0260815 0.0335134 0.0408639 0.0473264 0.0522844 0.055506 0.0571132 0.0574136 0.0567546 0.0554599 0.0538162 0.0520671 0.0503992 0.0489078 0.0475373 0.0460192 0.0438746 0.0405525 0.0356983 0.0294214 0.0223678
 0.00565358 0.0092597 0.0140809 0.020126 0.0272381 0.0349794 0.0426088 0.0492722 0.0543168 0.0574976 0.0589439 0.0589816 0.057978 0.0562739 0.0541683 0.0519134 0.0497046 0.0476536 0.0457376 0.0437431 0.041263 0.0378143 0.0330774 0.027141 0.0205732
 0.00588374 0.00963868 0.0146604 0.0209577 0.0283643 0.0364174 0.0443351 0.0512152 0.0563665 0.0595257 0.0608241 0.0606034 0.0592523 0.0571328 0.0545611 0.0518008 0.049055 0.0464465 0.0439786 0.0414878 0.0386393 0.0350261 0.0303756 0.0247649 0.0186867
 0.00614925 0.0100694 0.0153071 0.0218673 0.0295713 0.0379308 0.0461238 0.0532025 0.05844 0.0615571 0.0626896 0.0621956 0.0604848 0.0579406 0.0548975 0.0516327 0.0483581 0.0452062 0.0422011 0.0392228 0.0360046 0.0322162 0.0276378 0.0223423 0.0167517
 0.00636184 0.0104266 0.0158658 0.022687 0.0307012 0.0393892 0.0478789 0.0551679 0.0604897 0.0635536 0.0645077 0.0637338 0.0616665 0.0587094 0.055213 0.0514655 0.0476869 0.0440189 0.0405049 0.0370638 0.0334909 0.0295282 0.0250083 0.0200046 0.0148756
 0.00661894 0.0108389 0.0164766 0.0235344 0.0318135 0.0407759 0.0495189 0.057001 0.062419 0.0654581 0.0662606 0.0652195 0.0627934 0.0594156 0.0554633 0.0512431 0.0469842 0.0428355 0.0388543 0.034992 0.0310982 0.02698 0.0225189 0.0177904 0.0130956
 0.00684118 0.0112092 0.0170495 0.0243643 0.0329407 0.0422069 0.0512091 0.0588534 0.064305 0.0672481 0.0678459 0.0665193 0.0637485 0.0599824 0.055611 0.0509538 0.0462518 0.0416643 0.0372642 0.033031 0.0288604 0.0246153 0.0202193 0.0157496 0.011456
 0.0070499 0.0115506 0.0175676 0.0251025 0.033934 0.0434696 0.0527197 0.0605465 0.0660757 0.068969 0.06939 0.0677791 0.0646487 0.0604817 0.0556951 0.0506241 0.0455169 0.0405377 0.0357705 0.0312186 0.0268167 0.0224745 0.0181503 0.0139207 0.00999016
 0.00728882 0.0119419 0.0181614 0.0259452 0.0350577 0.0448751 0.0543612 0.0623292 0.0678715 0.0706439 0.0708267 0.0688881 0.0653707 0.0607858 0.0555763 0.0500978 0.0446109 0.0392865 0.0342146 0.0294137 0.024847 0.0204596 0.0162359 0.012249 0.0086616
 0.00746363 0.0122306 0.0186042 0.0265829 0.0359234 0.0459816 0.0556871 0.0638124 0.0694161 0.0721364 0.0721551 0.0699569 0.0661092 0.0611515 0.0555536 0.0496934 0.0438483 0.0382007 0.0328515 0.027834 0.0231331 0.0187196 0.0145948 0.0108247 0.00753523
 0.00757003 0.0124051 0.0188704 0.0269648 0.0364431 0.0466535 0.0565111 0.0647687 0.070465 0.0732213 0.0732076 0.0709021 0.0668732 0.0616697 0.0557782 0.0495983 0.0434297 0.0374756 0.0318562 0.0266241 0.0217863 0.0173342 0.0132801 0.00968118 0.00663047
 0.00762284 0.0124889 0.0189931 0.0271341 0.0366666 0.0469394 0.0568675 0.0652019 0.0709772 0.0738074 0.0738517 0.0715737 0.067526 0.0622448 0.0562112 0.04983 0.0434162 0.0371963 0.0313177 0.0258621 0.0208642 0.0163381 0.012307 0.00882001 0.00594205
 0.00766774 0.0125564 0.0190845 0.0272474 0.0367978 0.0470849 0.0570261 0.0653765 0.0711749 0.0740395 0.07413 0.0719054 0.067906 0.0626504 0.056601 0.0501485 0.0436045 0.0372052 0.0311198 0.025461 0.0202969 0.0156705 0.0116207 0.00819328 0.00543115
 0.00773459 0.0126526 0.0192062 0.0273828 0.0369305 0.0471993 0.0571122 0.0654326 0.071208 0.0740643 0.0741668 0.0719762 0.0680284 0.0628307 0.0568283 0.0503926 0.0438191 0.0373371 0.0311232 0.0253114 0.0200011 0.0152669 0.0111696 0.00775964 0.00506584
 0.0077899 0.0127407 0.0193344 0.0275545 0.0371421 0.0474365 0.057349 0.065635 0.0713448 0.0741189 0.0741445 0.0719024 0.0679393 0.0627608 0.0568007 0.0504119 0.0438692 0.0373845 0.0311268 0.0252361 0.0198314 0.0150145 0.0108697 0.00745843 0.00480402
 0.00782845 0.012799 0.0194141 0.0276548 0.0372604 0.0475694 0.0574918 0.0657804 0.0714805 0.0742284 0.0742115 0.0719171 0.0679043 0.0626928 0.0567243 0.0503502 0.0438337 0.0373698 0.0311119 0.0251935 0.0197397 0.0148688 0.0106851 0.00726292 0.00462704
 0.00784555 0.0128235 0.0194451 0.0276892 0.037294 0.0475986 0.0575151 0.0657991 0.0714986 0.0742507 0.0742405 0.0719513 0.0679379 0.0627187 0.0567394 0.0503573 0.0438397 0.0373789 0.0311204 0.0251895 0.0197087 0.0148027 0.0105879 0.00714994 0.00451793
 0.00789381 0.0128918 0.019529 0.027778 0.0373735 0.0476558 0.0575421 0.0657949 0.0714684 0.074204 0.0741892 0.0719061 0.0679064 0.062703 0.0567364 0.0503618 0.043847 0.0373862 0.031125 0.0251865 0.0196914 0.0147658 0.0105318 0.00708209 0.00444983
 0.00788996 0.0128919 0.0195403 0.0278096 0.0374321 0.0477397 0.0576383 0.0658813 0.0715223 0.0742125 0.0741538 0.0718416 0.0678331 0.0626385 0.0566912 0.050338 0.0438406 0.0373906 0.0311329 0.0251912 0.0196871 0.0147489 0.010502 0.00704343 0.00440915
 0.00789074 0.0128872 0.0195228 0.0277707 0.0373663 0.0476499 0.0575389 0.0657944 0.0714679 0.0741989 0.0741746 0.0718812 0.0678766 0.062679 0.0567299 0.0503799 0.043889 0.0374445 0.0311875 0.02524 0.019724 0.01477 0.0105069 0.00703546 0.00439381
 0.00791627 0.0129232 0.0195662 0.0278143 0.0373992 0.0476601 0.0575166 0.0657357 0.0713786 0.0740945 0.0740764 0.0718084 0.0678384 0.0626736 0.0567483 0.0504123 0.0439289 0.0374884 0.0312329 0.0252831 0.0197604 0.0147958 0.0105206 0.00703835 0.00438938
 0.00789679 0.0128951 0.0195304 0.0277735 0.0373562 0.0476163 0.0574702 0.0656826 0.071315 0.0740205 0.0739983 0.0717386 0.067792 0.0626623 0.0567759 0.0504738 0.0440134 0.0375833 0.0313275 0.0253697 0.0198336 0.0148525 0.0105599 0.00706174 0.00440059
 0.0079022 0.0128972 0.0195217 0.0277436 0.0372962 0.0475235 0.0573518 0.0655548 0.0711966 0.0739254 0.0739321 0.0717 0.0677777 0.062671 0.0568092 0.0505328 0.0440959 0.0376825 0.0314335 0.0254721 0.0199238 0.0149252 0.0106132 0.00709689 0.00442103
 0.00786864 0.012846 0.0194505 0.0276518 0.0371839 0.0473908 0.0571998 0.0653877 0.0710248 0.0737661 0.0738063 0.0716258 0.0677645 0.0627175 0.0569052 0.0506652 0.0442516 0.0378499 0.0316015 0.0256301 0.0200627 0.0150384 0.0106983 0.00715546 0.00445756
 0.00787047 0.0128408 0.019428 0.0275981 0.0370863 0.0472442 0.0570113 0.0651764 0.0708151 0.0735803 0.0736602 0.071529 0.0677228 0.0627333 0.056977 0.0507855 0.0444081 0.0380275 0.031785 0.0258058 0.0202195 0.0151685 0.0107982 0.00722582 0.00450276
 0.0078619 0.0128309 0.01942 0.0275958 0.0370906 0.0472497 0.0570051 0.0651412 0.070738 0.0734606 0.0735116 0.0713751 0.0675886 0.0626384 0.0569323 0.0507935 0.0444642 0.0381219 0.031904 0.0259345 0.0203439 0.0152778 0.0108857 0.0072897 0.00454507
 0.007789 0.0127157 0.0192535 0.0273737 0.0368167 0.0469387 0.0566836 0.0648443 0.0704992 0.0733013 0.0734362 0.0713754 0.0676518 0.0627539 0.057093 0.0509933 0.0446952 0.0383727 0.0321604 0.0261811 0.0205662 0.0154647 0.0110316 0.00739458 0.00461413
 0.00775413 0.0126521 0.0191454 0.0272031 0.0365686 0.0466098 0.0562893 0.0644204 0.0700952 0.0729679 0.0732127 0.071281 0.0676845 0.0628952 0.0573164 0.0512722 0.0450066 0.0386979 0.0324829 0.0264851 0.0208374 0.015692 0.0112089 0.00752252 0.00469878
 0.00775479 0.0126483 0.0191301 0.0271653 0.0364944 0.0464845 0.0561022 0.0641689 0.0697898 0.0726344 0.0728901 0.0710133 0.0675099 0.0628354 0.0573726 0.051428 0.0452355 0.0389705 0.0327725 0.0267688 0.0210968 0.0159134 0.0113846 0.00765105 0.00478494
 0.00934115 0.0148726 0.0218223 0.0299476 0.0388904 0.0480938 0.0567381 0.0638852 0.0688021 0.0712066 0.0712527 0.0693354 0.0659065 0.0613829 0.0561186 0.0503949 0.0444227 0.0383598 0.0323344 0.0264702 0.0209051 0.0157993 0.0113228 0.00762163 0.0047733
 0.00930796 0.0151148 0.0227091 0.0319392 0.0423387 0.052973 0.062473 0.0694437 0.0730605 0.0733903 0.07119 0.0674035 0.062765 0.0576922 0.0523766 0.0469066 0.041343 0.0357479 0.030195 0.0247772 0.0196149 0.0148579 0.0106703 0.00719576 0.00451397
 0.00899467 0.0146175 0.0220049 0.0310721 0.0414749 0.0524401 0.0627224 0.0708895 0.0758318 0.0771449 0.0751543 0.0706654 0.0646533 0.0580095 0.0513738 0.0450732 0.0391765 0.0336175 0.0283131 0.0232327 0.0184193 0.0139813 0.0100629 0.0068004 0.00427404
 0.00882802 0.0143395 0.0215738 0.030447 0.0406308 0.0513976 0.0615872 0.0698819 0.0752728 0.0773698 0.0763614 0.0727691 0.0672457 0.0604912 0.0531969 0.0459529 0.0391513 0.0329527 0.0273405 0.0222248 0.017541 0.0132992 0.00957887 0.00648347 0.00408229
 0.00872369 0.0141686 0.0213137 0.0300742 0.0401244 0.0507452 0.0607963 0.0689937 0.0743777 0.0766176 0.0759506 0.0728987 0.0680271 0.06186 0.0548906 0.0475927 0.0403941 0.0336236 0.0274681 0.0219774 0.0171228 0.0128704 0.00922738 0.00623518 0.00392644
 0.00871004 0.0141359 0.0212449 0.0299462 0.0399125 0.0504309 0.0603738 0.0684738 0.0737876 0.0760024 0.07538 0.072472 0.0678645 0.0620661 0.0554977 0.0485159 0.0414397 0.0345592 0.0281185 0.0222868 0.0171495 0.0127313 0.0090353 0.0060628 0.00380261
 0.00869689 0.0141184 0.0212248 0.0299252 0.0398888 0.0503945 0.0603053 0.0683474 0.073581 0.0757075 0.0750113 0.0720708 0.0674977 0.0618183 0.0554502 0.048715 0.0418646 0.0351155 0.0286696 0.0227116 0.0173896 0.0128011 0.0089949 0.00597876 0.00372115
 0.00868049 0.0140918 0.0211853 0.0298711 0.0398207 0.0503162 0.0602231 0.0682672 0.0735028 0.0756223 0.0749039 0.0719284 0.0673224 0.0616355 0.0553076 0.0486683 0.0419535 0.03534 0.0289825 0.0230356 0.0176514 0.0129621 0.00905889 0.00597751 0.0036914
 0.00867223 0.0140784 0.0211649 0.0298422 0.0397817 0.0502667 0.0601641 0.0682021 0.0734364 0.0755593 0.0748456 0.071871 0.0672589 0.0615611 0.0552285 0.0486051 0.0419363 0.0353935 0.0291098 0.0232117 0.0178335 0.0131098 0.00915158 0.00601813 0.00369743
 0.00865149 0.0140469 0.0211218 0.0297881 0.0397186 0.0501976 0.0600926 0.0681324 0.0733728 0.075506 0.0748055 0.0718451 0.0672452 0.0615552 0.0552261 0.0486063 0.0419484 0.0354292 0.0291794 0.0233144 0.0179539 0.0132246 0.0092408 0.00607375 0.00372368
 0.00863746 0.0140222 0.0210813 0.0297265 0.0396324 0.0500878 0.0599668 0.0680039 0.0732579 0.0754182 0.0747526 0.0718281 0.0672598 0.0615943 0.0552813 0.0486704 0.0420174 0.0355036 0.0292624 0.0234077 0.0180537 0.0133209 0.00932205 0.00613228 0.00375899
 0.00867284 0.0140759 0.0211548 0.0298174 0.0397344 0.05019 0.0600548 0.0680623 0.0732741 0.0753876 0.0746802 0.0717269 0.067146 0.0614823 0.0551811 0.0485873 0.0419536 0.0354599 0.0292397 0.0234057 0.01807 0.0133493 0.00935424 0.00616057 0.00377904
 0.00865258 0.0140494 0.0211266 0.0297957 0.0397282 0.0502054 0.0600916 0.0681132 0.0733272 0.0754296 0.0747012 0.0717227 0.0671187 0.0614395 0.0551325 0.048542 0.0419182 0.0354377 0.0292317 0.0234114 0.0180871 0.013374 0.00938132 0.00618506 0.00379767
 0.00862037 0.0139998 0.0210576 0.0297083 0.0396277 0.050102 0.0599999 0.0680497 0.0733046 0.0754519 0.0747608 0.0718034 0.0672022 0.0615113 0.0551863 0.0485786 0.041943 0.0354574 0.0292516 0.0234344 0.0181136 0.0134024 0.0094088 0.00620875 0.00381568
 0.00862628 0.0140061 0.0210608 0.0297035 0.0396094 0.0500671 0.0599498 0.0679908 0.0732476 0.0754087 0.0747408 0.07181 0.0672317 0.0615541 0.0552306 0.0486151 0.0419677 0.0354715 0.0292596 0.0234412 0.0181224 0.0134141 0.0094223 0.00622193 0.0038267
 0.00862628 0.0140061 0.0210608 0.0297035 0.0396094 0.0500671 0.0599498 0.0679908 0.0732476 0.0754087 0.0747408 0.07181 0.0672317 0.0615541 0.0552306 0.0486151 0.0419677 0.0354715 0.0292596 0.0234412 0.0181224 0.0134141 0.0094223 0.00622193 0.0038267
 0.00896532 0.0145428 0.0218387 0.0307452 0.0409036 0.0515515 0.0615009 0.0694334 0.0743919 0.0761025 0.0749104 0.071471 0.0664708 0.0604974 0.0540114 0.0473516 0.0407511 0.0343646 0.0283003 0.022648 0.017498 0.0129486 0.00909586 0.00600819 0.003697
 0.00841606 0.0137118 0.0207072 0.029347 0.0393274 0.0499365 0.0600266 0.068295 0.0737568 0.0760585 0.0754358 0.0724444 0.0677157 0.0618352 0.0553004 0.0485031 0.0417253 0.0351569 0.0289255 0.0231287 0.0178578 0.0132096 0.00927777 0.0061288 0.00377219
 0.00829794 0.0134551 0.0202056 0.0284727 0.037977 0.0480974 0.0578283 0.0660083 0.0717264 0.0746016 0.0747554 0.0725909 0.0685964 0.0632578 0.0570296 0.0503142 0.0434432 0.0366712 0.0301863 0.0241297 0.0186193 0.0137642 0.00966267 0.00638132 0.00392737
 0.0086729 0.0140487 0.0210607 0.0295966 0.0393139 0.0495023 0.0590642 0.0667928 0.0718298 0.0739524 0.0734851 0.0709877 0.0669937 0.0619207 0.0560922 0.0497792 0.0432247 0.0366512 0.0302588 0.0242233 0.0186984 0.0138187 0.00969558 0.00639957 0.00393699
 0.00834561 0.0135758 0.0204611 0.0289312 0.0386747 0.0489882 0.0587521 0.0667102 0.071937 0.0741449 0.0736309 0.0709893 0.0668423 0.0617054 0.055953 0.0498353 0.0435206 0.0371479 0.0308638 0.0248346 0.019238 0.0142464 0.0100046 0.00660473 0.00406258
 0.00861561 0.013964 0.0209526 0.029483 0.0392329 0.049512 0.0592293 0.0671523 0.0723548 0.0745203 0.0739024 0.0710645 0.0666369 0.06119 0.0551829 0.0489406 0.042659 0.0364464 0.0303804 0.0245576 0.0191129 0.0142099 0.0100073 0.00661807 0.00407435
#pred catch len freq
 0.00312674 0.00509988 0.00774027 0.0111062 0.0152434 0.0201317 0.0256261 0.0314541 0.0372752 0.0427519 0.0475981 0.0516137 0.054709 0.0569057 0.0583093 0.059074 0.059378 0.0593893 0.0591872 0.0586325 0.0572649 0.0543678 0.0492878 0.0418901 0.0328372
 0.00334938 0.00539743 0.00807105 0.0113968 0.0154151 0.0201393 0.025483 0.0312242 0.0370351 0.0425481 0.0474309 0.0514553 0.0545429 0.0567576 0.0582489 0.0591859 0.059713 0.059921 0.0597965 0.0591367 0.0574859 0.0542101 0.0487825 0.041177 0.0320966
 0.00346275 0.00561172 0.00844326 0.0119833 0.0162403 0.0211567 0.0265574 0.0321612 0.0376549 0.0427633 0.0472734 0.0510397 0.0539981 0.0561807 0.0577031 0.0587219 0.0593782 0.0597396 0.0597364 0.0590982 0.0573339 0.0538394 0.0481766 0.0404194 0.0313264
 0.00351771 0.00571172 0.008618 0.0122787 0.016721 0.0218988 0.0276234 0.0335567 0.039285 0.0444205 0.0486848 0.0519627 0.0543124 0.05592 0.0570151 0.0577938 0.0583748 0.0587712 0.0588476 0.0582687 0.0564994 0.0529358 0.0471894 0.039405 0.0303876
 0.00374239 0.00604637 0.00906639 0.0128292 0.0173577 0.0226185 0.0284473 0.0345288 0.0404513 0.0457913 0.0501937 0.0534462 0.0555373 0.0566585 0.0571317 0.0572936 0.0573857 0.0574775 0.0574167 0.056807 0.0550498 0.0515095 0.0458077 0.038123 0.029283
 0.00391849 0.00635062 0.00955558 0.0135622 0.0183767 0.0239233 0.0299776 0.0361728 0.0420838 0.0473191 0.0515763 0.0546739 0.0565822 0.0574357 0.0575057 0.0571311 0.0566235 0.0561584 0.0556727 0.0548075 0.0529527 0.0494427 0.0438775 0.0364249 0.027895
 0.00410832 0.00665529 0.0100102 0.0142057 0.019255 0.0250863 0.0314639 0.0379817 0.0441467 0.0494906 0.0536599 0.0564765 0.0579659 0.0583326 0.0578892 0.0569767 0.0558966 0.054842 0.0538083 0.0525133 0.0504087 0.0468558 0.0414468 0.034314 0.0262098
 0.00430641 0.00697891 0.0105007 0.0149046 0.0201986 0.0262977 0.0329447 0.0397081 0.0460711 0.0515424 0.0557385 0.0584457 0.0596621 0.0595936 0.0585886 0.0570403 0.0552962 0.0535828 0.0519315 0.0501157 0.0476577 0.04398 0.0386981 0.031914 0.0243019
 0.00455944 0.00737854 0.0110821 0.0156972 0.0212267 0.0275791 0.0344825 0.0414799 0.0480217 0.0535849 0.0577639 0.060335 0.0612958 0.0608548 0.059365 0.0572319 0.0548283 0.0524203 0.0500924 0.0476857 0.0448018 0.0409377 0.0357488 0.0293161 0.0222304
 0.00480351 0.0077719 0.0116681 0.016515 0.0223057 0.0289298 0.0360862 0.0432847 0.0499484 0.0555401 0.0596515 0.062061 0.0627694 0.0619884 0.0600736 0.0574323 0.054443 0.0513904 0.0484003 0.0453829 0.0420304 0.0379298 0.0327909 0.0266842 0.0201185
 0.00501637 0.00812204 0.0122037 0.0172864 0.0233588 0.0302934 0.0377557 0.0452099 0.0520332 0.0576547 0.0616535 0.0638189 0.0641796 0.0629808 0.0606033 0.0574639 0.0539383 0.0503096 0.0467217 0.043136 0.0393289 0.0349819 0.0298714 0.024069 0.0180091
 0.00528291 0.00854167 0.0128115 0.0181106 0.0244221 0.0316115 0.0393306 0.0470174 0.0540123 0.0597044 0.0636403 0.0655951 0.0656087 0.0639597 0.061071 0.0573948 0.0533251 0.0491497 0.0450204 0.0409297 0.0367179 0.0321498 0.0270678 0.0215521 0.0159726
 0.00554822 0.0089692 0.013448 0.0189974 0.025588 0.0330622 0.0410365 0.04891 0.0559929 0.0616609 0.0654613 0.0671764 0.066855 0.0647884 0.0614192 0.0572244 0.0526225 0.0479209 0.0432893 0.0387492 0.0341914 0.0294469 0.0244126 0.0191767 0.0140524
 0.00578249 0.00934593 0.0140084 0.0197801 0.0266252 0.0343718 0.0426094 0.0506986 0.0579079 0.0635801 0.0672479 0.0687015 0.0680161 0.0655177 0.0616798 0.0570005 0.0519111 0.04673 0.041644 0.0367047 0.0318492 0.0269643 0.0219908 0.0170197 0.012313
 0.00600139 0.00970256 0.0145471 0.0205441 0.0276503 0.0356749 0.0441752 0.0524705 0.0597908 0.065452 0.0689758 0.0701579 0.0690946 0.0661454 0.0618219 0.0566547 0.0510967 0.0454779 0.0399957 0.0347222 0.029631 0.0246541 0.019766 0.0150568 0.0107403
 0.0061832 0.0100017 0.015005 0.0212036 0.0285506 0.0368404 0.0456009 0.0541118 0.0615615 0.0672337 0.0706337 0.0715603 0.0701315 0.0667415 0.061941 0.056296 0.0502852 0.0442555 0.0384176 0.0328609 0.0275857 0.0225568 0.0177719 0.0133148 0.00935524
 0.00637805 0.0103047 0.0154371 0.0217798 0.0292836 0.0377433 0.0466838 0.0553706 0.0629646 0.0687123 0.072084 0.0728577 0.0711543 0.0673927 0.0621621 0.0560684 0.0496244 0.0432019 0.0370304 0.0312179 0.0257869 0.0207257 0.0160451 0.0118179 0.00817287
 0.00642916 0.0103931 0.0155798 0.0219966 0.0295934 0.0381594 0.0472104 0.0560037 0.0636963 0.0695334 0.0729784 0.0737908 0.072063 0.0681879 0.0627447 0.0563519 0.0495534 0.0427611 0.0362443 0.0301464 0.024521 0.0193801 0.0147444 0.0106746 0.0072627
 0.00644555 0.0104247 0.0156373 0.0220945 0.0297487 0.0383882 0.0475237 0.0564034 0.0641741 0.0700721 0.0735566 0.0743864 0.0726531 0.0687425 0.0632197 0.056688 0.0496858 0.0426371 0.0358412 0.0294822 0.0236555 0.0184064 0.0137711 0.00980195 0.00656002
 0.00648093 0.0104781 0.0157107 0.0221891 0.0298675 0.0385389 0.0477187 0.0566566 0.064493 0.0704516 0.0739769 0.074818 0.0730655 0.0691105 0.0635228 0.0569042 0.0497855 0.0425848 0.0356065 0.0290563 0.0230636 0.0177087 0.0130503 0.00914124 0.0060203
 0.00652336 0.0105328 0.0157667 0.0222276 0.0298674 0.0384861 0.0476151 0.0565236 0.064369 0.0703829 0.0740047 0.074966 0.0733309 0.0694651 0.0639204 0.0572921 0.0501125 0.042805 0.0356833 0.0289697 0.0228191 0.0173419 0.0126211 0.00871702 0.00565653
