SBPRF35
7.78865
Curr Bio
635600
B35
682303
F35
0.227646
FOFL
0.222065
OFL
111075
Bzero
2.22533e+006
#pred survey bio
 4.45038e+006 4.19589e+006 3.95572e+006 3.67677e+006 3.36422e+006 3.08038e+006 2.76436e+006 2.4587e+006 2.18652e+006 1.92911e+006 1.70316e+006 1.49751e+006 1.32307e+006 1.18861e+006 1.05573e+006 920015 820946 763927 694889 659808 621820 599912 596149 585077 578372 571502 578124 577096 570138 571733 562105 554818 549411 536707 529340 514981 496171 490691 485874 495842 504343 517221 524497 526731 531865 545744 548814 556209 557385 556227 558443 508280 457677 445800 456792 487463 520294 552152 584326 600874 634347 2.32723e+007 1.41837e+007 1.44573e+007 1.48733e+007 1.53537e+007 1.58161e+007 1.6218e+007 1.65459e+007 1.68026e+007 1.69983e+007 1.7145e+007 1.72541e+007 1.73348e+007 1.73945e+007 1.74387e+007 1.74716e+007 1.74962e+007 1.75147e+007 1.75286e+007 1.75391e+007 1.75471e+007 1.75532e+007 1.75579e+007 1.75614e+007 1.75642e+007 1.75663e+007 1.75679e+007 1.75691e+007 1.75701e+007 1.75708e+007 1.75714e+007 1.75718e+007 1.75722e+007 1.75725e+007 1.75727e+007 1.75728e+007 1.75729e+007 1.7573e+007 1.75731e+007 1.75732e+007 1.75732e+007 1.75732e+007 1.75733e+007 1.75733e+007 1.75733e+007 1.75733e+007 1.75733e+007 1.75733e+007 1.75733e+007 1.75733e+007 1.75733e+007 1.75734e+007 1.75734e+007 1.75734e+007 1.75734e+007 1.75734e+007 1.75734e+007 1.75734e+007 1.75734e+007 1.75734e+007 1.75734e+007 1.75734e+007 1.75734e+007 1.75734e+007 1.75734e+007 1.75734e+007 1.75734e+007 1.75734e+007 1.75734e+007 1.75734e+007 1.75734e+007 1.75734e+007 1.75734e+007 1.75734e+007 1.75734e+007 1.75734e+007 1.75734e+007 1.75734e+007 1.75734e+007 1.75734e+007 1.75734e+007 1.75734e+007 1.75734e+007 1.75734e+007 1.75734e+007 1.75734e+007 1.75734e+007 1.75734e+007 1.75734e+007 1.75734e+007 1.75734e+007 1.75734e+007 1.75734e+007 1.75734e+007 1.75734e+007 1.75734e+007 1.75734e+007 1.75734e+007 1.75734e+007 1.75734e+007 0 0 0 0 0 0 0 0 0 0 0 0 0 0 0 0 0 0 0 0 0 0 0 0 0
#obs survey bio
 3.13199e+006 3.13629e+006 3.04369e+006 4.25754e+006 2.03539e+006 3.52014e+006 2.35318e+006 1.75403e+006 2.96142e+006 2.08562e+006 1.23182e+006 1.39941e+006 901321 1.0911e+006 1.1139e+006 804552 747936 848558 644054 737876 483148 392267 639077 614314 337349 495437 564558 653673 961595 582158 520477 654086 515251 898305 470616 424248 535263 516588 569516 442198 303566 426428 486857 475499 464194 600014 544777 624140 863199 498767 665367 575238 466027 409832 479041 507739 397762 651880 520716 671810 619872
#pred catch bio
 95955.3 96759.5 154498 213521 219117 281222 304125 302387 312218 302399 298681 281534 253019 253774 253592 216992 176208 181133 147397 146370 130203 113495 117829 112084 110565 97957.2 102902 105043 94798.2 101685 97010.9 92802.6 95816.7 87484.7 90142.5 93074.9 85012.8 89111.5 79796.6 83469.4 81581.5 87033.2 90952.5 87802.1 79774.3 88186.6 84019 88576.7 89256.6 85835.1 129260 128075 96127 79387.1 65675.6 66858.8 71052.2 75091 93096.7 84441 91702.8 111075 114736 115893 118048 121000 123950 126473 128451 129916 130957 131676 132161 132482 132691 132827 132914 132969 133004 133026 133039 133048 133053 133057 133059 133060 133061 133061 133062 133062 133062 133062 133062 133062 133062 133062 133062 133062 133062 133062 133062 133062 133062 133062 133062 133062 133062 133062 133062 133062 133062 133062 133062 133062 133062 133062 133062 133062 133062 133062 133062 133062 133062 133062 133062 133062 133062 133062 133062 133062 133062 133062 133062 133062 133062 133062 133062 133062 133062 133062 133062 133062 133062 133062 133062 133062 133062 133062 133062 133062 133062 133062 133062 133062 133062 133062 133062 133062 133062 133062 133062 0 0 0 0 0 0 0 0 0 0 0 0 0 0 0 0 0 0 0 0 0 0 0 0 0
#obs catch bio
 0 96561.1 155148 215064 220666 285051 309525 309246 319199 308877 305904 289053 260413 260705 261268 221888 179238 183488 149152 148175 132209 115605 119266 113386 112263 98848.6 103979 106127 94714.9 101895 97374 92970.2 96283.7 87328.1 89721.8 93308 84839 89436.8 79426.9 83222 81784.4 87117.2 90848.3 87793.4 79485.6 87513.1 83308.1 88180.3 88151.5 84409.6 127385 126213 95130.6 79121 65352.8 66747.5 71104.1 74866.4 93530.7 84494.8 91723.2
#pred cpue bio
 4.36878e+006 4.11721e+006 3.87911e+006 3.60113e+006 3.29012e+006 3.00725e+006 2.69284e+006 2.389e+006 2.11884e+006 1.86407e+006 1.64056e+006 1.43722e+006 1.26498e+006 1.13265e+006 1.00285e+006 871028 775187 720502 654303 620739 584244 563068 559708 549568 543443 537064 543831 543426 537479 539759 530912 524280 519603 508025 501764 488343 469358 462206 456229 465612 473781 486189 493444 495863 501118 514987 518264 525484 526899 526098 528231 479181 429190 416736 427110 456974 488832 519275 549606 564500 595727 2.18787e+007 1.33517e+007 1.35916e+007 1.39536e+007 1.44128e+007 1.48702e+007 1.52711e+007 1.55988e+007 1.58555e+007 1.60512e+007 1.61979e+007 1.6307e+007 1.63877e+007 1.64474e+007 1.64916e+007 1.65245e+007 1.65491e+007 1.65676e+007 1.65815e+007 1.6592e+007 1.66e+007 1.66061e+007 1.66108e+007 1.66143e+007 1.66171e+007 1.66192e+007 1.66208e+007 1.6622e+007 1.6623e+007 1.66237e+007 1.66243e+007 1.66247e+007 1.66251e+007 1.66253e+007 1.66255e+007 1.66257e+007 1.66258e+007 1.66259e+007 1.6626e+007 1.66261e+007 1.66261e+007 1.66261e+007 1.66262e+007 1.66262e+007 1.66262e+007 1.66262e+007 1.66262e+007 1.66262e+007 1.66262e+007 1.66262e+007 1.66262e+007 1.66262e+007 1.66262e+007 1.66262e+007 1.66262e+007 1.66262e+007 1.66262e+007 1.66262e+007 1.66262e+007 1.66262e+007 1.66262e+007 1.66262e+007 1.66263e+007 1.66263e+007 1.66263e+007 1.66263e+007 1.66263e+007 1.66263e+007 1.66263e+007 1.66263e+007 1.66263e+007 1.66263e+007 1.66263e+007 1.66263e+007 1.66263e+007 1.66263e+007 1.66263e+007 1.66263e+007 1.66263e+007 1.66263e+007 1.66263e+007 1.66263e+007 1.66263e+007 1.66263e+007 1.66263e+007 1.66263e+007 1.66263e+007 1.66263e+007 1.66263e+007 1.66263e+007 1.66263e+007 1.66263e+007 1.66263e+007 1.66263e+007 1.66263e+007 1.66263e+007 1.66263e+007 1.66263e+007 1.66263e+007 1.66263e+007 0 0 0 0 0 0 0 0 0 0 0 0 0 0 0 0 0 0 0 0 0 0 0 0 0
#obs cpue bio
 3.55954e+006 3.25304e+006 3.77972e+006 2.71046e+006 2.5169e+006 2.28882e+006 1.94794e+006 1.67148e+006 1.76326e+006 1.51438e+006 1.64415e+006 998057 977213 1.18352e+006 693649 929212 652981 859070 465215 524721 459232 433150 756219 413729 633765 622999 500325 454692 559626 489683 454031 471975 477564 432960 770112 379292 533911 339138 615433 533835 466713 707090 655802 517404 688279 861638 563356 401973 754590 766970 473147 478375 406717 351647 454520 372360 524294 564375 420075 492258 727862
#pred surv len freq
 0.00468047 0.0075664 0.0113327 0.0159586 0.0213583 0.0273141 0.0334337 0.0392249 0.0442658 0.048337 0.0514316 0.0536788 0.0552607 0.0563512 0.0570685 0.0574458 0.0574306 0.0569054 0.0557043 0.0536078 0.0503443 0.0456568 0.0394652 0.0320532 0.0241241
 0.00502959 0.00804782 0.011903 0.0165373 0.0218673 0.0277305 0.0338163 0.0396853 0.04489 0.0491064 0.0521967 0.0542091 0.0553433 0.0558856 0.0561134 0.0562011 0.0561672 0.0558703 0.0550364 0.0533003 0.0502709 0.0456481 0.0393926 0.0318752 0.0238761
 0.00517369 0.0083218 0.0123824 0.0173007 0.0229582 0.0291116 0.035348 0.0411604 0.0461191 0.0499984 0.0527721 0.0545335 0.0554387 0.0556947 0.0555449 0.0552183 0.0548489 0.0544004 0.0536296 0.0521124 0.0493486 0.0449432 0.0388215 0.0313782 0.0234405
 0.00540373 0.0086724 0.0128715 0.0179422 0.0237748 0.0301436 0.0366422 0.0427319 0.0479039 0.0518329 0.0544283 0.0557966 0.0561771 0.0558735 0.0551873 0.0543639 0.0535518 0.0527576 0.0517952 0.0502692 0.0476526 0.043483 0.0376194 0.0304203 0.0227051
 0.00567646 0.00910996 0.0135181 0.0188326 0.0249257 0.0315443 0.0382492 0.0444761 0.0497085 0.053625 0.0561288 0.0572985 0.0573383 0.0565431 0.0552511 0.0537772 0.0523437 0.0510204 0.0496738 0.0479488 0.0453328 0.0413416 0.0357816 0.0289485 0.021606
 0.00590213 0.00947541 0.0140664 0.0196053 0.0259579 0.0328546 0.0398259 0.0462669 0.0516218 0.0555447 0.0579351 0.0588834 0.0586075 0.0574061 0.055615 0.0535561 0.0514859 0.0495366 0.0476537 0.0455571 0.042786 0.0388688 0.0335805 0.0271496 0.0202578
 0.00618154 0.00992282 0.0147279 0.0205214 0.0271595 0.0343543 0.0416063 0.048272 0.0537576 0.0576884 0.0599503 0.0606357 0.0599787 0.0583032 0.055969 0.0533152 0.0506133 0.0480242 0.0455477 0.0429813 0.0399434 0.0360136 0.0309649 0.0249664 0.0186015
 0.00641255 0.0103052 0.0153167 0.0213734 0.028324 0.0358567 0.043431 0.0503532 0.0559862 0.0599296 0.0620621 0.0624826 0.0614411 0.0592834 0.0563937 0.0531342 0.0497974 0.0465684 0.0434871 0.0404145 0.0370491 0.0330388 0.0281799 0.0225987 0.0167805
 0.0066361 0.0106626 0.0158451 0.0221079 0.029297 0.037094 0.0449415 0.0521173 0.0579457 0.061987 0.0640882 0.0643334 0.0629777 0.0603885 0.056979 0.0531396 0.0491873 0.0453328 0.0416523 0.0380634 0.0343387 0.0301976 0.0254714 0.020259 0.0149569
 0.00695609 0.011163 0.0165615 0.0230619 0.0304946 0.0385243 0.0465729 0.0538945 0.0597943 0.0638216 0.06582 0.0658724 0.0642327 0.0612712 0.0574103 0.0530565 0.0485473 0.0441186 0.0398819 0.0358064 0.0317339 0.0274533 0.022836 0.0179629 0.0131521
 0.00726779 0.0116624 0.0172992 0.024079 0.0318137 0.0401367 0.0484254 0.0558869 0.0617946 0.0656941 0.0674503 0.0671795 0.0651671 0.0618037 0.0575205 0.0527241 0.0477511 0.0428443 0.0381378 0.0336447 0.0292696 0.0248677 0.0203514 0.0157913 0.0114372
 0.0075605 0.012135 0.0180048 0.0250658 0.0331176 0.0417672 0.0503483 0.058014 0.0639878 0.0677854 0.0692709 0.0685886 0.0660736 0.0621735 0.0573668 0.0520857 0.0466706 0.0413573 0.0362788 0.0314684 0.0268741 0.0224052 0.0180112 0.0137564 0.00983259
 0.0077717 0.0124834 0.018539 0.0258362 0.0341683 0.0431223 0.0519954 0.0598935 0.0659938 0.0697783 0.071095 0.0700922 0.06713 0.0627004 0.0573358 0.0515187 0.0456233 0.0398997 0.0344841 0.0294166 0.0246667 0.020176 0.015918 0.0119492 0.00841264
 0.00783945 0.012608 0.0187548 0.0261874 0.0347036 0.0438837 0.0530044 0.0611402 0.0674329 0.0713299 0.0726507 0.0715259 0.0683134 0.0635209 0.0577132 0.0514151 0.0450453 0.0388912 0.0331161 0.0277802 0.0228718 0.0183515 0.0142026 0.0104684 0.00724925
 0.00792428 0.0127547 0.0189927 0.0265517 0.0352309 0.0446029 0.053926 0.0622478 0.0686806 0.0726459 0.0739446 0.0726989 0.0692698 0.0641782 0.05801 0.0513163 0.0445447 0.0380134 0.0319153 0.0263376 0.0212919 0.0167555 0.0127149 0.00919526 0.00625636
 0.00813624 0.0130888 0.0194763 0.0272047 0.0360636 0.0456125 0.0550904 0.0635198 0.0699886 0.0739013 0.0750544 0.0735786 0.0698547 0.0644293 0.0579137 0.0508801 0.0437914 0.0369788 0.0306496 0.024909 0.0197879 0.0152777 0.0113666 0.00806133 0.00538456
 0.00826065 0.0132884 0.0197718 0.0276139 0.0365985 0.0462748 0.0558666 0.0643791 0.0708863 0.0747854 0.0758712 0.0742756 0.0703827 0.0647456 0.057987 0.0506942 0.0433473 0.0362944 0.0297598 0.0238665 0.0186633 0.0141554 0.0103327 0.00718742 0.00471132
 0.00831938 0.0133656 0.0198553 0.0276834 0.0366349 0.0462731 0.0558453 0.0643792 0.0709584 0.0749722 0.0761925 0.0747215 0.0709143 0.0653018 0.058495 0.0510821 0.0435564 0.0362893 0.0295342 0.0234441 0.0180954 0.0135129 0.00969362 0.00662004 0.00426001
 0.00853945 0.0137091 0.0203437 0.0283222 0.0374073 0.0471337 0.0567183 0.0651678 0.0715695 0.0753458 0.0763195 0.0746397 0.0706863 0.0649892 0.0581403 0.0507017 0.0431448 0.0358298 0.029012 0.0228585 0.0174656 0.0128772 0.00909999 0.00611256 0.00386604
 0.00867265 0.0139007 0.0205866 0.0285955 0.0376846 0.0473944 0.0569545 0.0653815 0.0717624 0.0755109 0.0764415 0.0747041 0.0706904 0.0649453 0.0580678 0.0506154 0.0430451 0.0357028 0.0288375 0.0226221 0.0171689 0.0125407 0.00875802 0.00580198 0.00361433
 0.00886446 0.0142013 0.0210163 0.0291611 0.038373 0.0481664 0.0577421 0.0660963 0.0723174 0.0758459 0.0765373 0.0745796 0.0703874 0.064514 0.0575592 0.0500762 0.0425132 0.0352013 0.0283738 0.0221925 0.0167678 0.0121689 0.00842515 0.00552186 0.00339738
 0.00881357 0.0141423 0.0209715 0.0291669 0.0384705 0.0483871 0.0580927 0.066552 0.0728253 0.0763366 0.0769423 0.0748478 0.070496 0.0644705 0.0573929 0.0498261 0.0422173 0.0348899 0.0280667 0.0218997 0.0164934 0.0119164 0.00820021 0.00533248 0.00324987
 0.00872082 0.0139811 0.0207122 0.0287821 0.0379496 0.047755 0.0574217 0.0659539 0.0724187 0.0762062 0.0771091 0.0752667 0.0710775 0.0651123 0.0580071 0.0503547 0.0426336 0.0351915 0.0282648 0.022011 0.0165358 0.0119076 0.00815849 0.00527553 0.00319283
 0.00878397 0.0140693 0.0208167 0.0288814 0.0380111 0.0477398 0.0572953 0.0656998 0.0720545 0.0757898 0.0767288 0.0750114 0.071003 0.0652206 0.0582518 0.0506644 0.0429398 0.035447 0.0284485 0.022122 0.0165852 0.0119114 0.00813366 0.0052374 0.0031535
 0.0087681 0.0140515 0.020804 0.0288835 0.0380344 0.0477807 0.0573345 0.0657047 0.0719895 0.0756334 0.076488 0.0747274 0.0707411 0.065048 0.0582111 0.050758 0.0431327 0.0356841 0.028677 0.0223066 0.016712 0.0119834 0.00816323 0.00524005 0.00314301
 0.00874514 0.0140154 0.0207524 0.0288166 0.0379568 0.0477023 0.0572696 0.0656667 0.0719829 0.0756472 0.0764981 0.0747077 0.0706801 0.0649586 0.0581275 0.0507191 0.0431623 0.0357804 0.0288154 0.0224532 0.0168379 0.0120737 0.00821674 0.00526459 0.00314945
 0.00855604 0.0137276 0.0203563 0.0283172 0.0373729 0.0470652 0.0566227 0.0650656 0.0714905 0.0753225 0.0763806 0.0748053 0.0709666 0.0653829 0.0586314 0.051254 0.0436962 0.0362935 0.0292913 0.022874 0.0171867 0.0123404 0.00840284 0.00538194 0.00321576
 0.00835754 0.0134284 0.0199501 0.0278143 0.0367985 0.0464541 0.0560162 0.0645087 0.0710285 0.0749951 0.0762164 0.0748185 0.0711549 0.0657266 0.0590947 0.051791 0.0442599 0.0368443 0.0298002 0.0233209 0.0175586 0.0126306 0.0086125 0.00552061 0.00329888
 0.00837568 0.0134289 0.0198983 0.0276628 0.0365027 0.045995 0.0554184 0.06384 0.07038 0.0744523 0.0758378 0.0746299 0.0711554 0.065898 0.0594081 0.0522102 0.0447438 0.0373506 0.0302905 0.0237646 0.0179348 0.0129289 0.00883229 0.00566976 0.00339128
 0.00834111 0.0133735 0.0198143 0.0275384 0.0363182 0.0457215 0.0550233 0.0633031 0.0697144 0.0737188 0.0751388 0.0740806 0.0708465 0.0658691 0.0596443 0.0526565 0.0453269 0.0379963 0.0309337 0.0243551 0.0184388 0.0133295 0.00912809 0.00587155 0.0035176
 0.00828492 0.0133011 0.01974 0.0274861 0.036313 0.0457761 0.0551259 0.0634139 0.0697739 0.0736667 0.0749388 0.0737406 0.0704228 0.0654514 0.0593238 0.0524956 0.0453432 0.0381658 0.0312067 0.0246747 0.0187548 0.0136063 0.00934663 0.00602807 0.00361931
 0.00821707 0.0131899 0.0195726 0.0272543 0.0360193 0.0454419 0.0547937 0.0631389 0.0696033 0.0736175 0.074987 0.0738326 0.0705025 0.0654884 0.0593265 0.0525033 0.0454027 0.0383068 0.0314295 0.024953 0.0190488 0.013878 0.0095701 0.00619313 0.00372914
 0.00800825 0.0128831 0.0191709 0.0267802 0.035507 0.0449251 0.0542997 0.0626918 0.0692325 0.0733604 0.074881 0.0738968 0.0707242 0.0658232 0.0597163 0.0529005 0.045785 0.0386751 0.0317927 0.0253122 0.019392 0.0141846 0.00982157 0.00638054 0.00385542
 0.00789863 0.0127029 0.0188979 0.0263971 0.0350104 0.0443365 0.0536709 0.0620977 0.0687493 0.0730417 0.0747458 0.0739355 0.0709123 0.0661306 0.0601093 0.0533414 0.0462376 0.0391122 0.0321999 0.0256844 0.0197254 0.0144727 0.0100562 0.00655717 0.00397657
 0.00802868 0.0128619 0.0190398 0.0264457 0.0348786 0.0439588 0.0530336 0.0612516 0.0678005 0.0721255 0.0739934 0.0734444 0.0707266 0.066239 0.0604581 0.0538556 0.0468401 0.0397363 0.032796 0.0262206 0.0201847 0.0148479 0.0103468 0.00676796 0.004118
 0.00875027 0.0139105 0.0203836 0.0279668 0.0363947 0.0452659 0.0539478 0.0616391 0.0676 0.0713656 0.0727958 0.0719991 0.0692447 0.0649011 0.0593794 0.0530779 0.0463449 0.0394706 0.0326951 0.026225 0.0202474 0.0149353 0.0104363 0.00684577 0.00417751
 0.00946165 0.0150324 0.0220006 0.0301154 0.0390346 0.0482465 0.0569887 0.0643552 0.0695874 0.072318 0.0725936 0.0707304 0.0671604 0.0623357 0.0566699 0.0505015 0.0440857 0.0376156 0.0312537 0.0251578 0.0194926 0.0144268 0.0101123 0.0066527 0.00407115
 0.0092655 0.0148357 0.0219311 0.0303695 0.0398273 0.0497286 0.0591673 0.0670573 0.0724821 0.074987 0.074625 0.0718151 0.067166 0.0613326 0.0548977 0.0482906 0.0417666 0.0354504 0.0294048 0.0236909 0.0184016 0.0136629 0.00960916 0.00634226 0.00389298
 0.0091134 0.0145855 0.0215582 0.0298726 0.0392582 0.0492211 0.0589397 0.067362 0.0735027 0.0767287 0.0768654 0.0741537 0.0691515 0.062606 0.0552909 0.0478478 0.0406972 0.0340408 0.0279303 0.0223554 0.0173165 0.0128579 0.00905909 0.00599493 0.0036905
 0.00908996 0.0145192 0.0214057 0.0295756 0.038758 0.048487 0.0580029 0.0663403 0.0726011 0.0762009 0.0769358 0.0749215 0.0705237 0.0643051 0.0569466 0.0491293 0.0414197 0.0342 0.0276616 0.0218544 0.0167627 0.0123712 0.00869241 0.00575075 0.00354469
 0.00897174 0.0143601 0.0212249 0.0294045 0.0386225 0.0483843 0.0578889 0.0661448 0.0722688 0.0757402 0.0764449 0.0745688 0.0704828 0.0646718 0.0576805 0.0500585 0.04231 0.0348517 0.0279814 0.0218677 0.0165732 0.0121004 0.00843339 0.00555107 0.00341333
 0.00879519 0.0140858 0.0208381 0.0289058 0.0380342 0.0477537 0.057286 0.0656452 0.0719262 0.0755636 0.0764026 0.0746211 0.0706221 0.0649349 0.0581194 0.0506877 0.043071 0.0356231 0.0286302 0.0223073 0.016792 0.0121489 0.00838665 0.00547429 0.003345
 0.0087217 0.0139655 0.0206556 0.0286467 0.0376884 0.047322 0.0567873 0.065121 0.0714366 0.075174 0.0761634 0.0745522 0.0707107 0.0651514 0.058439 0.0510989 0.0435632 0.0361651 0.0291626 0.0227603 0.0171158 0.0123338 0.00846019 0.0054807 0.00332401
 0.00863772 0.0138439 0.0204996 0.028467 0.0374981 0.0471287 0.0565888 0.0649085 0.0712036 0.0749266 0.0759253 0.0743599 0.070601 0.0651481 0.0585469 0.0513076 0.0438532 0.036511 0.029531 0.02311 0.0174067 0.0125409 0.00858194 0.00553556 0.00333841
 0.00854348 0.0136921 0.020275 0.0281592 0.0371068 0.0466705 0.0561002 0.0644409 0.0708094 0.0746427 0.0757649 0.0743175 0.0706639 0.0653061 0.058793 0.0516328 0.0442421 0.0369397 0.0299688 0.023523 0.0177633 0.0128188 0.00877461 0.00565232 0.00339904
 0.00852157 0.0136343 0.0201469 0.0279158 0.0367043 0.0460854 0.055348 0.0635829 0.0699433 0.0738803 0.0752058 0.0740263 0.0706591 0.0655622 0.0592549 0.0522344 0.04492 0.0376394 0.0306447 0.0241369 0.0182853 0.0132309 0.00907321 0.00584878 0.00351524
 0.00855381 0.0136921 0.0202416 0.028055 0.0368824 0.0462728 0.055487 0.0636 0.0697768 0.0735116 0.0746754 0.0734242 0.0700949 0.0651298 0.0590094 0.0521857 0.0450426 0.0378873 0.0309658 0.0244822 0.0186137 0.0135124 0.00929142 0.00600123 0.00361065
 0.00834524 0.0133938 0.0198689 0.0276497 0.0365029 0.0459758 0.05531 0.0635494 0.0698258 0.0736068 0.0747543 0.0734401 0.0700382 0.0650335 0.0589328 0.0521876 0.0451568 0.0381139 0.031276 0.0248321 0.0189585 0.0138163 0.00953324 0.00617508 0.0037233
 0.00836886 0.0133994 0.019819 0.0274956 0.036205 0.0455318 0.0547736 0.0630224 0.0694206 0.0733998 0.0747559 0.0735977 0.0702668 0.0652559 0.059109 0.0523212 0.0452804 0.038264 0.0314723 0.0250699 0.019214 0.0140593 0.00973884 0.00633049 0.0038284
 0.00848913 0.0135786 0.0200559 0.0277717 0.0364812 0.0457503 0.0548668 0.0629335 0.0691321 0.0729539 0.0742479 0.0731393 0.069939 0.0650809 0.0590563 0.0523394 0.0453294 0.0383292 0.0315577 0.0251823 0.0193506 0.0142058 0.00987609 0.00644324 0.00390991
 0.0085381 0.0136598 0.0201805 0.0279491 0.0367146 0.0460296 0.0551618 0.0631931 0.069293 0.0729599 0.0740737 0.0728065 0.0695147 0.0646537 0.0587026 0.0520982 0.0451991 0.0382846 0.031571 0.0252334 0.0194267 0.0142954 0.00996675 0.00652302 0.00397129
 0.00909735 0.0145271 0.0214063 0.0295486 0.0386616 0.0482487 0.0575185 0.0654908 0.0712924 0.0744198 0.0748011 0.0727007 0.0685924 0.0630491 0.0566374 0.0498283 0.0429582 0.0362449 0.0298317 0.0238321 0.0183577 0.013526 0.00944792 0.00619788 0.00378334
 0.00948576 0.0151688 0.0223889 0.0309546 0.0405442 0.0505962 0.0602217 0.0683357 0.0739924 0.0766736 0.0763503 0.0733705 0.0683134 0.0618657 0.0547014 0.0473744 0.0402609 0.0335685 0.0273875 0.0217554 0.016707 0.0122968 0.00859205 0.0056434 0.00345116
 0.00937322 0.0150083 0.022193 0.0307597 0.0404141 0.0506206 0.0605041 0.0689682 0.0750164 0.0780437 0.0779223 0.0749255 0.0696116 0.0627063 0.0549685 0.0470575 0.03945 0.032425 0.0261018 0.0205023 0.0156136 0.0114299 0.00796307 0.00522495 0.00319618
 0.00923133 0.0147605 0.0217908 0.0301539 0.0395758 0.0495703 0.0593373 0.0678572 0.074179 0.0776847 0.0781707 0.0757888 0.0709639 0.0643164 0.056561 0.0483868 0.0403599 0.0328744 0.0261527 0.0202801 0.0152586 0.0110582 0.00764725 0.00499367 0.00304672
 0.00918098 0.014645 0.0215539 0.0297202 0.0388664 0.0485321 0.0579749 0.0662557 0.072507 0.076175 0.0770777 0.0753286 0.0712508 0.0653196 0.0581044 0.0501961 0.042141 0.0343914 0.0272772 0.020998 0.0156397 0.0112101 0.00767316 0.0049685 0.00301259
 0.00923648 0.0147177 0.021628 0.0297629 0.0388267 0.0483444 0.0575697 0.0655781 0.0715441 0.0749826 0.0757926 0.0741526 0.0704046 0.0649802 0.0583474 0.0509674 0.0432717 0.0356523 0.028451 0.0219374 0.0162918 0.011601 0.00787194 0.00505068 0.00303686
 0.00933051 0.0148589 0.0218178 0.0299921 0.0390744 0.0485765 0.0577384 0.0656235 0.0714024 0.0746037 0.0751631 0.073317 0.0694734 0.064114 0.0577163 0.050697 0.0433975 0.0361078 0.0290951 0.0226096 0.0168663 0.0120164 0.00812824 0.00518489 0.00309523
 0.00939944 0.0149679 0.0219758 0.0302042 0.039339 0.0488823 0.0580602 0.0659214 0.0716248 0.0746951 0.0750751 0.0730215 0.0689769 0.0634697 0.0570234 0.0500814 0.0429741 0.0359403 0.0291732 0.0228588 0.0171832 0.0123109 0.00834961 0.00532368 0.00316824
 0.00947052 0.0150978 0.0221972 0.0305544 0.0398489 0.0495592 0.0588723 0.0667942 0.0724531 0.0753656 0.0754893 0.0731129 0.0687217 0.0628922 0.0561969 0.04912 0.0420132 0.0351054 0.0285482 0.0224665 0.0169893 0.0122492 0.00835279 0.00534459 0.00318465
 0.0089988 0.0144229 0.0213534 0.0296364 0.0389906 0.0488966 0.0585095 0.0667848 0.0727961 0.0760075 0.0763315 0.0740282 0.0695785 0.0635821 0.0566555 0.0493376 0.042032 0.0350035 0.0284127 0.0223652 0.0169535 0.0122733 0.00841012 0.00540651 0.00323339
#obs surv len freq
 nan nan nan nan nan nan nan nan nan nan nan nan nan nan nan nan nan nan nan nan nan nan nan nan nan
 0.00448026 0.00733962 0.0111678 0.015983 0.0216834 0.0279596 0.0342749 0.0400077 0.0446889 0.0481544 0.0505138 0.0520112 0.0529048 0.0534184 0.0537336 0.0539892 0.0542683 0.0545614 0.0547004 0.0542923 0.0527303 0.0493621 0.0438112 0.0362904 0.027673
 0.00460813 0.00754949 0.011487 0.0164374 0.0222909 0.0287207 0.0351631 0.0409664 0.0456392 0.0490105 0.0511993 0.0524702 0.0531083 0.0533644 0.0534434 0.0534996 0.0536223 0.0538016 0.0538656 0.0534194 0.0518577 0.0485325 0.0430689 0.0356729 0.0272011
 0.00477931 0.00782688 0.0119029 0.0170215 0.023065 0.0296896 0.036305 0.0422277 0.046939 0.0502524 0.0522851 0.0533123 0.0536387 0.0535427 0.0532602 0.0529752 0.0528006 0.0527411 0.0526319 0.0520822 0.0504916 0.0472175 0.0418842 0.0346838 0.0264437
 0.00496759 0.00813772 0.0123794 0.0177061 0.0239909 0.0308665 0.0377057 0.0437839 0.048552 0.0518115 0.0536846 0.054459 0.0544547 0.053967 0.0532535 0.0525254 0.051926 0.0514896 0.0510777 0.0503218 0.04864 0.0454015 0.0402296 0.0332933 0.0253751
 0.00518294 0.00848815 0.0129078 0.0184536 0.0249901 0.0321305 0.039215 0.0454801 0.0503422 0.0535835 0.0553225 0.0558552 0.0555167 0.0546205 0.0534433 0.0522173 0.0511112 0.0501907 0.0493555 0.0482785 0.0464176 0.0431706 0.0381651 0.0315411 0.0240203
 0.00540726 0.00885775 0.013473 0.0192642 0.0260853 0.0335234 0.0408773 0.0473378 0.0522879 0.0554974 0.0570906 0.0573775 0.056707 0.0554045 0.0537586 0.0520153 0.0503622 0.048893 0.0475478 0.0460532 0.0439258 0.0406123 0.0357579 0.029474 0.0224092
 0.00565475 0.00926017 0.0140791 0.0201202 0.0272272 0.0349642 0.0425929 0.0492602 0.0543123 0.0575005 0.05895 0.0589844 0.0579716 0.0562554 0.0541385 0.0518771 0.0496694 0.0476279 0.0457286 0.0437542 0.0412929 0.0378571 0.0331252 0.027186 0.02061
 0.00590391 0.00967072 0.014707 0.0210204 0.0284422 0.0365065 0.0444278 0.0513014 0.0564366 0.059573 0.0608466 0.0606022 0.0592293 0.0570894 0.0544987 0.0517227 0.0489668 0.0463563 0.0438952 0.0414187 0.0385887 0.0349939 0.0303585 0.0247581 0.0186855
 0.00614149 0.0100616 0.0153041 0.0218765 0.0296008 0.0379858 0.0462038 0.0533006 0.058544 0.0616535 0.0627665 0.0622453 0.0605045 0.0579313 0.0548626 0.0515767 0.0482861 0.0451243 0.0421169 0.0391443 0.0359384 0.0321659 0.0276034 0.0223212 0.0167402
 0.00638434 0.010458 0.0159039 0.0227274 0.0307397 0.0394249 0.0479164 0.0552147 0.0605525 0.0636327 0.0645951 0.0638159 0.0617283 0.0587401 0.0552082 0.0514271 0.0476206 0.0439328 0.0404081 0.0369655 0.0333995 0.0294501 0.0249471 0.0199605 0.0148465
 0.006633 0.0108633 0.0165156 0.023592 0.031891 0.0408696 0.0496191 0.0570944 0.0624941 0.0655106 0.066294 0.0652414 0.0628088 0.0594235 0.0554575 0.0512167 0.0469335 0.0427616 0.0387632 0.0348923 0.0309994 0.0268905 0.0224446 0.0177339 0.0130564
 0.00683379 0.0112014 0.0170459 0.0243719 0.0329678 0.0422599 0.0512896 0.0589567 0.0644201 0.0673598 0.0679399 0.0665857 0.0637848 0.0599921 0.0555995 0.0509247 0.0462057 0.041601 0.037185 0.0329406 0.0287662 0.0245257 0.0201418 0.0156884 0.0114122
 0.00706229 0.0115683 0.0175899 0.0251278 0.0339615 0.0435006 0.0527586 0.0605991 0.0661463 0.0690563 0.0694859 0.06787 0.0647203 0.0605237 0.0557038 0.0506018 0.0454691 0.0404703 0.0356883 0.0311267 0.0267212 0.0223825 0.0180689 0.013855 0.00994194
 0.00728917 0.0119422 0.0181612 0.0259439 0.0350542 0.0448683 0.0543507 0.0623164 0.0678608 0.0706423 0.0708417 0.0689245 0.0654265 0.0608523 0.0556408 0.050148 0.0446393 0.0392906 0.0341966 0.0293782 0.0248002 0.0204084 0.0161868 0.0122071 0.00862969
 0.00744091 0.0121967 0.018559 0.0265281 0.0358626 0.0459191 0.0556273 0.0637597 0.0693746 0.07211 0.0721477 0.0699718 0.0661484 0.061214 0.0556338 0.0497815 0.0439322 0.0382701 0.0329 0.0278602 0.02314 0.0187127 0.0145804 0.0108084 0.00752086
 0.00753276 0.0123431 0.0187747 0.0268278 0.0362613 0.0464322 0.0562672 0.0645298 0.0702624 0.0730814 0.0731447 0.0709175 0.0669582 0.0618099 0.0559572 0.0497991 0.0436355 0.0376711 0.0320287 0.0267658 0.0218947 0.0174114 0.0133314 0.0097131 0.00664903
 0.00761429 0.0124691 0.0189522 0.0270591 0.0365448 0.0467633 0.0566398 0.0649385 0.0707051 0.0735597 0.0736606 0.0714637 0.0675088 0.0623173 0.0563589 0.0500307 0.0436457 0.0374318 0.0315402 0.0260576 0.0210246 0.0164611 0.0123952 0.00887907 0.00597891
 0.0076478 0.0125224 0.0190302 0.0271655 0.0366807 0.0469269 0.0568257 0.0651391 0.0709144 0.0737778 0.0738949 0.0717264 0.0678081 0.0626478 0.056694 0.0503237 0.0438384 0.0374695 0.0313874 0.0257093 0.0205105 0.0158416 0.0117482 0.00828173 0.005488
 0.00774526 0.0126683 0.0192264 0.0274052 0.0369507 0.0472101 0.0571042 0.0653952 0.071132 0.0739457 0.0740099 0.0717957 0.0678478 0.0626777 0.0567281 0.050361 0.0438586 0.0374369 0.0312632 0.0254679 0.0201525 0.015398 0.0112725 0.00783321 0.00511389
 0.00778409 0.0127325 0.0193244 0.0275439 0.0371323 0.047428 0.0573407 0.065624 0.071326 0.0740862 0.0740925 0.0718284 0.0678465 0.0626594 0.0567072 0.0503452 0.0438448 0.0374095 0.0311968 0.0253374 0.0199455 0.0151238 0.010962 0.00752788 0.00485105
 0.00779401 0.0127456 0.0193389 0.0275575 0.037144 0.0474407 0.0573619 0.0656629 0.0713889 0.0741717 0.0741911 0.0719267 0.0679334 0.0627304 0.0567643 0.0503928 0.0438849 0.0374372 0.0311998 0.0252995 0.0198546 0.0149802 0.0107816 0.00733792 0.0046793
 0.00784432 0.0128167 0.0194259 0.0276488 0.0372244 0.0474963 0.0573851 0.0656549 0.071359 0.0741345 0.0741616 0.0719155 0.0679431 0.0627566 0.0567985 0.0504275 0.0439148 0.0374578 0.0312049 0.0252804 0.0198034 0.0148949 0.0106699 0.00721575 0.00456529
 0.00786241 0.0128474 0.0194741 0.0277181 0.0373144 0.0475995 0.0574855 0.0657312 0.0713923 0.0741171 0.0741015 0.0718332 0.0678628 0.0626969 0.0567675 0.0504227 0.0439272 0.0374763 0.0312187 0.0252801 0.0197821 0.01485 0.0106053 0.00714111 0.00449283
 0.00789235 0.0128912 0.0195311 0.0277851 0.0373872 0.0476747 0.057561 0.0658044 0.0714579 0.0741653 0.0741208 0.0718159 0.0678106 0.0626215 0.0566863 0.0503515 0.0438747 0.0374425 0.031197 0.0252613 0.0197577 0.0148152 0.0105602 0.00709057 0.00444399
 0.00788016 0.0128728 0.0195058 0.0277533 0.0373495 0.0476324 0.0575159 0.0657603 0.0714203 0.0741413 0.0741161 0.0718318 0.0678425 0.0626615 0.0567274 0.0503908 0.0439131 0.0374818 0.0312366 0.025297 0.0197839 0.0148275 0.0105577 0.00707651 0.00442411
 0.00787529 0.0128594 0.019476 0.0276969 0.0372582 0.0475041 0.0573593 0.0655937 0.0712674 0.0740236 0.0740481 0.0718189 0.0678819 0.0627439 0.0568394 0.0505178 0.0440426 0.0376046 0.0313471 0.0253915 0.0198592 0.0148816 0.0105908 0.00709178 0.00442692
 0.00790033 0.012896 0.019523 0.0277494 0.0373074 0.0475381 0.0573649 0.0655601 0.0711906 0.0739105 0.0739158 0.0716906 0.0677796 0.0626818 0.0568213 0.0505387 0.0440916 0.0376694 0.0314165 0.0254569 0.0199148 0.0149239 0.0106189 0.0071071 0.00443267
 0.00788946 0.0128799 0.0195016 0.0277236 0.0372781 0.0475059 0.057329 0.0655183 0.0711401 0.0738492 0.073845 0.0716164 0.0677129 0.0626357 0.056807 0.050561 0.044148 0.0377508 0.0315102 0.0255505 0.0199983 0.0149914 0.010668 0.00713898 0.00445074
 0.00785086 0.0128166 0.0194059 0.027589 0.0371025 0.0472949 0.0570984 0.0652931 0.0709477 0.0737119 0.0737733 0.071609 0.0677603 0.0627262 0.0569305 0.0507103 0.0443167 0.0379311 0.0316921 0.0257225 0.0201497 0.0151146 0.0107604 0.00720223 0.00449
 0.00784779 0.0128053 0.019377 0.0275301 0.0370009 0.0471428 0.056898 0.0650587 0.0707038 0.0734877 0.073597 0.0715008 0.0677292 0.0627689 0.0570347 0.0508595 0.0444945 0.0381233 0.0318864 0.0259073 0.0203147 0.0152519 0.0108658 0.00727653 0.00453765
 0.00782072 0.0127646 0.0193215 0.0274598 0.0369156 0.0470404 0.0567744 0.0649099 0.0705307 0.0732998 0.0734129 0.0713454 0.0676265 0.0627357 0.0570758 0.0509677 0.044654 0.0383144 0.0320895 0.0261054 0.0204942 0.0154031 0.0109838 0.00736115 0.00459305
 0.00778517 0.0127064 0.0192338 0.0273369 0.0367555 0.0468476 0.0565616 0.0646962 0.070336 0.0731384 0.0732914 0.0712651 0.0675889 0.0627447 0.0571367 0.0510828 0.0448189 0.0385168 0.0323116 0.0263277 0.0206992 0.0155778 0.0111214 0.00746073 0.00465896
 0.00774426 0.0126378 0.0191268 0.0271809 0.036543 0.0465787 0.0562484 0.0643642 0.0700192 0.0728721 0.0731031 0.0711696 0.0675868 0.0628262 0.0572873 0.0512876 0.0450642 0.0387892 0.0325957 0.0266059 0.0209541 0.0157951 0.0112928 0.00758526 0.00474173
 0.00774898 0.0126383 0.0191139 0.0271412 0.0364615 0.0464436 0.0560561 0.0641216 0.0697441 0.0725905 0.0728451 0.0709645 0.0674574 0.0627846 0.0573331 0.0514103 0.0452473 0.0390138 0.0328426 0.0268564 0.0211902 0.0160016 0.0114595 0.00770874 0.0048252
 0.00931772 0.0148372 0.021774 0.0298875 0.0388207 0.0480178 0.0566599 0.0638096 0.0687346 0.0711529 0.0712165 0.0693176 0.0659045 0.0613928 0.0561373 0.0504223 0.0444617 0.0384136 0.0324041 0.0265525 0.0209928 0.0158836 0.011396 0.00767903 0.00481389
 0.00930877 0.015111 0.0226944 0.031905 0.0422773 0.0528819 0.0623577 0.0693175 0.0729407 0.0732925 0.0711237 0.0673717 0.0627654 0.0577192 0.0524233 0.0469666 0.0414116 0.0358227 0.0302749 0.0248605 0.0196982 0.0149361 0.010738 0.00724918 0.00455215
 0.00895903 0.0145658 0.0219386 0.0309957 0.0413939 0.0523578 0.0626387 0.0708022 0.0757405 0.0770546 0.0750756 0.0706111 0.0646332 0.0580274 0.0514263 0.0451522 0.0392723 0.0337215 0.0284186 0.0233348 0.0185143 0.0140655 0.0101331 0.00685468 0.00431246
 0.00878963 0.0142776 0.0214821 0.0303213 0.0404718 0.051213 0.0613937 0.069702 0.0751287 0.0772756 0.0763199 0.0727745 0.0672894 0.0605658 0.0532973 0.0460744 0.0392878 0.0330966 0.0274835 0.0223597 0.017662 0.0134021 0.00966134 0.0065452 0.00412495
 0.0087169 0.0141539 0.0212848 0.030023 0.0400428 0.0506289 0.0606475 0.0688234 0.0742043 0.0764626 0.0758339 0.0728332 0.0680161 0.0618986 0.0549684 0.0476984 0.0405177 0.0337565 0.0276026 0.0221064 0.0172397 0.0129704 0.00930749 0.00629489 0.00396749
 0.00867966 0.014092 0.0211886 0.0298813 0.0398435 0.05036 0.0602994 0.0683915 0.0736945 0.0759007 0.0752788 0.0723857 0.0678083 0.0620511 0.055527 0.0485849 0.0415386 0.0346764 0.0282429 0.022409 0.0172618 0.012828 0.00911306 0.0061208 0.00384243
 0.00868731 0.0141008 0.0211949 0.0298786 0.039823 0.0503116 0.0602128 0.0682569 0.0735031 0.0756473 0.0749673 0.0720383 0.067474 0.0618055 0.0554546 0.0487429 0.0419183 0.0351918 0.0287612 0.0228091 0.0174839 0.012885 0.00906376 0.00603078 0.00375716
 0.0086911 0.014108 0.0212075 0.0298983 0.0398498 0.0503421 0.0602388 0.068266 0.0734806 0.0755801 0.0748473 0.0718649 0.0672588 0.0615765 0.0552571 0.0486307 0.0419337 0.0353412 0.0290047 0.0230744 0.0176998 0.0130123 0.00910431 0.00601411 0.00371787
 0.0086722 0.0140809 0.0211733 0.0298607 0.0398144 0.0503145 0.0602233 0.0682639 0.0734892 0.0755915 0.0748498 0.0718458 0.0672087 0.0614947 0.0551557 0.0485352 0.041877 0.0353503 0.0290858 0.0232068 0.0178443 0.0131304 0.00917571 0.00604058 0.00371519
 0.00865108 0.0140447 0.0211159 0.0297764 0.0397003 0.0501746 0.0600706 0.0681189 0.0733746 0.0755247 0.0748361 0.0718781 0.0672702 0.0615655 0.0552203 0.048588 0.0419244 0.0354066 0.0291641 0.0233095 0.0179596 0.0132382 0.00925838 0.00609117 0.00373811
 0.00863927 0.0140265 0.0210903 0.0297423 0.0396565 0.050119 0.060001 0.0680352 0.0732809 0.0754309 0.0747568 0.0718271 0.0672554 0.0615857 0.0552658 0.0486462 0.0419856 0.0354681 0.0292289 0.0233812 0.0180371 0.0133142 0.00932298 0.00613749 0.00376535
 0.00863573 0.0140214 0.0210838 0.029735 0.0396489 0.0501111 0.0599918 0.0680223 0.073261 0.0754008 0.0747155 0.0717779 0.0672061 0.0615459 0.0552432 0.0486435 0.0420004 0.0354956 0.0292651 0.0234238 0.018084 0.0133618 0.0093661 0.00617141 0.00378806
 0.00864851 0.0140401 0.021108 0.0297631 0.0396783 0.0501391 0.0600161 0.0680409 0.0732717 0.0754012 0.0747029 0.0717506 0.0671647 0.0614943 0.0551887 0.0485943 0.0419633 0.0354741 0.0292591 0.0234309 0.0181008 0.0133842 0.00938961 0.0061921 0.00380347
 0.00863802 0.0140261 0.0210924 0.0297495 0.0396705 0.0501395 0.0600244 0.0680541 0.0732858 0.0754129 0.0747103 0.0717529 0.0671613 0.0614851 0.0551741 0.0485765 0.0419461 0.0354617 0.0292547 0.0234356 0.0181132 0.0134015 0.00940829 0.00620901 0.00381659
 0.00861375 0.0139886 0.02104 0.0296825 0.0395921 0.050056 0.0599451 0.0679902 0.0732468 0.0754037 0.0747295 0.071794 0.0672154 0.0615436 0.0552304 0.0486269 0.0419891 0.0354982 0.0292868 0.0234653 0.0181416 0.0134283 0.00943224 0.00622868 0.00383118
 0.00861375 0.0139886 0.02104 0.0296825 0.0395921 0.050056 0.0599451 0.0679902 0.0732468 0.0754037 0.0747295 0.071794 0.0672154 0.0615436 0.0552304 0.0486269 0.0419891 0.0354982 0.0292868 0.0234653 0.0181416 0.0134283 0.00943224 0.00622868 0.00383118
 0.0091424 0.0148167 0.0222241 0.0312438 0.0415013 0.0522157 0.0621788 0.070055 0.0748826 0.0764004 0.074982 0.0713173 0.0661238 0.0600099 0.0534449 0.0467644 0.04019 0.0338612 0.0278712 0.0222983 0.0172253 0.0127457 0.00895275 0.00591347 0.00363873
 0.00922802 0.0150137 0.0226253 0.0319664 0.0426513 0.0538342 0.0641955 0.0722797 0.0770444 0.0782159 0.0762202 0.0718419 0.0659076 0.0591276 0.0520477 0.0450443 0.038342 0.0320533 0.026228 0.0208964 0.016098 0.0118918 0.00834559 0.00551046 0.00339071
 0.00904705 0.014725 0.0222073 0.0314191 0.042016 0.0532125 0.0637507 0.0722023 0.0774809 0.0791938 0.0776144 0.0734067 0.0673575 0.0602249 0.0526594 0.0451552 0.0380325 0.0314586 0.0254953 0.0201526 0.0154325 0.0113525 0.00794551 0.00523781 0.00322019
 0.00882466 0.0143475 0.0216122 0.0305448 0.0408246 0.051724 0.0620747 0.070545 0.0761134 0.0783858 0.0775553 0.0741418 0.0687656 0.0620478 0.0545785 0.0468827 0.0393814 0.0323661 0.0260027 0.0203606 0.0154555 0.0112868 0.00785605 0.00515887 0.00316367
 0.00862951 0.0140088 0.0210632 0.0297116 0.0396445 0.050176 0.0602099 0.0685013 0.0741047 0.0766682 0.076382 0.0737134 0.0691793 0.0632613 0.0564061 0.0490368 0.0415483 0.0342875 0.027528 0.0214552 0.0161706 0.0117153 0.00809342 0.00528161 0.00322351
 0.00869362 0.0140857 0.0211261 0.0297122 0.0395178 0.049851 0.0596261 0.0676263 0.0729532 0.0753178 0.0749784 0.0724545 0.0682777 0.06289 0.0566458 0.0498443 0.0427635 0.0356812 0.0288722 0.0225846 0.0170115 0.0122757 0.00843019 0.00546538 0.00331522
 0.00867557 0.0140699 0.0211255 0.0297425 0.0395863 0.0499427 0.0596933 0.0675937 0.0727378 0.0748606 0.074272 0.0715592 0.0673191 0.0620364 0.0560674 0.0496635 0.0430134 0.0362922 0.0296965 0.0234493 0.0177747 0.0128601 0.00882436 0.00570175 0.00344211
 0.00861531 0.0139768 0.0209956 0.0295781 0.0393986 0.0497524 0.0595279 0.0674768 0.0726741 0.0748231 0.0742053 0.0714017 0.0670363 0.0616485 0.0556539 0.0493408 0.0428915 0.0364295 0.0300756 0.0239851 0.0183514 0.0133756 0.00922013 0.00596708 0.00359892
 0.00873057 0.0141591 0.0212595 0.0299308 0.0398355 0.0502519 0.0600484 0.0679613 0.0730615 0.0750633 0.0742658 0.0712664 0.0667021 0.0611289 0.0549899 0.0486083 0.0421937 0.0358703 0.0297245 0.0238536 0.0183942 0.0135163 0.00938436 0.00610588 0.00369404
 0.00860827 0.0139839 0.02104 0.0296918 0.039613 0.0500837 0.0599654 0.0679806 0.0731838 0.0752707 0.0745246 0.0715323 0.066928 0.0612738 0.0550281 0.0485383 0.042044 0.0356954 0.029587 0.0237998 0.0184357 0.0136298 0.00952753 0.00623935 0.00379523
#pred catch len freq
 0.00346999 0.00555065 0.00822003 0.0114746 0.0153357 0.0198218 0.0248826 0.0303646 0.0360323 0.0416164 0.0468571 0.0515403 0.0555249 0.058746 0.0611852 0.0628321 0.0636577 0.0636039 0.0625686 0.0603794 0.0567864 0.0515371 0.0445641 0.0362007 0.0272478
 0.00374747 0.00593781 0.00868878 0.0119703 0.0158074 0.0202605 0.0253393 0.0309233 0.0367454 0.0424408 0.0476353 0.0520461 0.0555546 0.0582074 0.0601461 0.0615063 0.0623353 0.0625502 0.0619314 0.0601457 0.0568098 0.051623 0.0445643 0.0360659 0.0270172
 0.00389318 0.00619591 0.00911192 0.0126089 0.016685 0.021345 0.026532 0.0320865 0.0377625 0.0432661 0.0482899 0.052556 0.0558816 0.0582371 0.0597501 0.0606361 0.0610816 0.0611229 0.0605729 0.0590288 0.0559815 0.0510212 0.044087 0.03564 0.0266262
 0.00412054 0.00654288 0.00959669 0.0132457 0.017496 0.0223689 0.027813 0.0336384 0.0395235 0.0450807 0.0499425 0.0538438 0.0566772 0.058497 0.0594767 0.0598446 0.0598085 0.059463 0.0586936 0.0571331 0.054242 0.0495329 0.0428687 0.0346707 0.0258795
 0.00436608 0.00693139 0.0101615 0.014011 0.0184745 0.0235597 0.0292011 0.0351981 0.0412235 0.0468782 0.0517621 0.0555544 0.0580953 0.0594277 0.0597698 0.0594325 0.0587108 0.0577736 0.0565684 0.0547751 0.0518705 0.047341 0.0409895 0.0331674 0.0247568
 0.00461406 0.00732435 0.0107355 0.0147973 0.0194989 0.0248393 0.0307352 0.0369568 0.0431415 0.0488605 0.0536968 0.0573265 0.0595891 0.0605213 0.0603349 0.0593513 0.0579097 0.0562568 0.0544339 0.0522085 0.049116 0.0446565 0.0385958 0.03121 0.0232895
 0.00490146 0.00777723 0.0113921 0.015688 0.0206473 0.0262609 0.03243 0.0388985 0.0452689 0.0510746 0.055867 0.0593047 0.0612294 0.0616958 0.0609395 0.0593032 0.0571485 0.0547609 0.0522493 0.0494729 0.0460586 0.0415639 0.0357521 0.0288318 0.0214834
 0.00514441 0.00816933 0.0119783 0.0165121 0.0217488 0.0276672 0.0341452 0.040892 0.0474712 0.0533802 0.0581426 0.0614005 0.0629938 0.0629906 0.0616513 0.0593477 0.0564716 0.0533433 0.0501235 0.0467479 0.0429365 0.0383255 0.0327039 0.0262322 0.0194804
 0.00539803 0.00856792 0.0125548 0.0172944 0.0227624 0.028937 0.0356889 0.0427071 0.0495197 0.0555793 0.0603663 0.0634939 0.0647953 0.064353 0.0624546 0.0595037 0.0559235 0.0520684 0.0481459 0.0441602 0.0399187 0.0351404 0.0296552 0.0235919 0.0174194
 0.00572656 0.00907652 0.013274 0.0182392 0.0239354 0.0303321 0.037291 0.0444871 0.0514301 0.0575524 0.0623142 0.0653094 0.0663571 0.0655367 0.0631463 0.0596112 0.0553832 0.0508511 0.0462671 0.0416984 0.0370337 0.0320731 0.0266929 0.0210021 0.0153791
 0.00606899 0.00961518 0.0140517 0.0192851 0.0252626 0.0319329 0.0391283 0.0464894 0.0534957 0.0595642 0.0641567 0.0668817 0.0675781 0.0663427 0.0634856 0.0594385 0.0546598 0.0495527 0.0444003 0.0393234 0.0342849 0.0291623 0.0238797 0.0185341 0.0134254
