SBPRF35
7.78865
Curr Bio
527896
B35
670268
F35
0.224321
FOFL
0.185161
OFL
79296.2
Bzero
2.22533e+006
#pred survey bio
 4.504e+006 4.24793e+006 4.00086e+006 3.69371e+006 3.38846e+006 3.04689e+006 2.72081e+006 2.41247e+006 2.13387e+006 1.88748e+006 1.6709e+006 1.47857e+006 1.30046e+006 1.14297e+006 1.03261e+006 910442 816024 767720 719425 694175 656306 629195 613181 596654 593473 591557 582278 581344 566288 565890 568059 569608 569676 559899 555023 546279 541977 542968 542026 537138 537824 543442 551366 557822 552935 552803 558767 566478 564365 570519 581088 527613 513896 491620 507610 525912 556626 548051 545027 524611 529394 1.96143e+007 1.21499e+007 1.26359e+007 1.33518e+007 1.41565e+007 1.49183e+007 1.5571e+007 1.60959e+007 1.65005e+007 1.68038e+007 1.70272e+007 1.71899e+007 1.7308e+007 1.73936e+007 1.74557e+007 1.75011e+007 1.75343e+007 1.75589e+007 1.75771e+007 1.75907e+007 1.76009e+007 1.76086e+007 1.76145e+007 1.76189e+007 1.76223e+007 1.76249e+007 1.76269e+007 1.76284e+007 1.76296e+007 1.76305e+007 1.76312e+007 1.76317e+007 1.76321e+007 1.76324e+007 1.76327e+007 1.76329e+007 1.7633e+007 1.76331e+007 1.76332e+007 1.76333e+007 1.76334e+007 1.76334e+007 1.76334e+007 1.76335e+007 1.76335e+007 1.76335e+007 1.76335e+007 1.76335e+007 1.76335e+007 1.76335e+007 1.76335e+007 1.76335e+007 1.76335e+007 1.76335e+007 1.76335e+007 1.76335e+007 1.76335e+007 1.76335e+007 1.76335e+007 1.76335e+007 1.76335e+007 1.76335e+007 1.76335e+007 1.76335e+007 1.76335e+007 1.76335e+007 1.76335e+007 1.76335e+007 1.76335e+007 1.76335e+007 1.76335e+007 1.76335e+007 1.76335e+007 1.76335e+007 1.76335e+007 1.76335e+007 1.76335e+007 1.76335e+007 1.76335e+007 1.76335e+007 1.76335e+007 1.76335e+007 1.76335e+007 1.76335e+007 1.76335e+007 1.76335e+007 1.76335e+007 1.76335e+007 1.76335e+007 1.76335e+007 1.76335e+007 1.76335e+007 1.76335e+007 1.76335e+007 1.76335e+007 1.76335e+007 1.76335e+007 1.76335e+007 1.76335e+007 1.76335e+007 0 0 0 0 0 0 0 0 0 0 0 0 0 0 0 0 0 0 0 0 0 0 0 0 0
#obs survey bio
 2.79695e+006 3.51324e+006 2.91534e+006 3.46489e+006 2.76021e+006 2.43437e+006 2.32089e+006 2.42054e+006 2.3543e+006 1.5393e+006 1.54679e+006 1.02338e+006 1.16828e+006 1.17472e+006 883189 775293 668180 550233 701667 717268 836593 754737 423894 495310 428300 579886 673802 498682 570514 592810 625149 479728 456470 514147 756596 439785 842357 789389 485643 379935 381826 716967 574837 753998 581587 584740 610104 613883 617943 914566 579765 640490 424043 466247 525620 545154 691948 598156 523194 480044 488326
#pred catch bio
 94221.8 97309.1 173224 197781 260710 277883 291868 292424 287232 280300 273819 271880 260538 223541 234620 208109 165755 162419 138642 144271 129799 117362 116597 104729 103060 107758 99047.4 109043 94588.8 91242.5 91341.1 92317.8 99324.1 92096.9 91265 85674.3 83507.6 88609.5 93902.7 89999.9 86161.1 84213.3 85472.3 94956.9 91055.9 86263.8 84870 92895.6 85835.5 82624.9 135815 101434 109817 78892.5 78318.7 68487.1 101017 96138.9 112748 95210.8 78009.9 79296.2 97038.9 99877 104424 110114 115608 120240 123848 126513 128406 129712 130594 131179 131562 131809 131969 132070 132134 132175 132201 132217 132227 132233 132237 132239 132241 132242 132242 132243 132243 132243 132243 132243 132243 132243 132243 132243 132243 132243 132243 132243 132243 132243 132243 132243 132243 132243 132243 132243 132243 132243 132243 132243 132243 132243 132243 132243 132243 132243 132243 132243 132243 132243 132243 132243 132243 132243 132243 132243 132243 132243 132243 132243 132243 132243 132243 132243 132243 132243 132243 132243 132243 132243 132243 132243 132243 132243 132243 132243 132243 132243 132243 132243 132243 132243 132243 132243 132243 132243 132243 0 0 0 0 0 0 0 0 0 0 0 0 0 0 0 0 0 0 0 0 0 0 0 0 0
#obs catch bio
 0 97022.8 174458 198685 263635 281351 295731 297447 291883 286023 279966 278233 267408 228490 241642 214002 168531 165815 140116 146170 130274 117023 117643 105672 104355 108617 99505.1 109908 95267.8 91417.5 91571.8 92972.6 100437 93253.2 91747.1 85890.1 83317.4 87927.2 93177.9 89598.6 86018.4 83600.4 84883.2 94097.3 90628.3 86148.1 84466.5 92341 85308.6 81591.2 135038 100192 109675 78473.5 78428 68023.6 100687 95110.2 112104 94918.1 77860.4
#pred cpue bio
 4.42694e+006 4.17434e+006 3.92948e+006 3.62362e+006 3.32019e+006 2.9809e+006 2.65698e+006 2.35069e+006 2.074e+006 1.82938e+006 1.61454e+006 1.42421e+006 1.24837e+006 1.09318e+006 984516 865051 773273 726678 680408 656746 621022 595477 580023 563742 560643 559097 550515 549959 535690 535699 538088 539569 539653 530527 526794 519401 514944 514473 512557 507626 508381 514071 522013 528376 523520 523181 529017 536748 534794 540729 550992 498748 484590 462427 477865 496161 526570 518452 514865 493782 497048 1.8436e+007 1.1442e+007 1.18626e+007 1.24918e+007 1.32661e+007 1.40213e+007 1.46728e+007 1.51974e+007 1.5602e+007 1.59053e+007 1.61287e+007 1.62915e+007 1.64095e+007 1.64951e+007 1.65573e+007 1.66026e+007 1.66359e+007 1.66604e+007 1.66786e+007 1.66922e+007 1.67024e+007 1.67102e+007 1.6716e+007 1.67204e+007 1.67238e+007 1.67264e+007 1.67284e+007 1.67299e+007 1.67311e+007 1.6732e+007 1.67327e+007 1.67332e+007 1.67337e+007 1.6734e+007 1.67342e+007 1.67344e+007 1.67346e+007 1.67347e+007 1.67348e+007 1.67348e+007 1.67349e+007 1.67349e+007 1.6735e+007 1.6735e+007 1.6735e+007 1.6735e+007 1.6735e+007 1.6735e+007 1.6735e+007 1.6735e+007 1.67351e+007 1.67351e+007 1.67351e+007 1.67351e+007 1.67351e+007 1.67351e+007 1.67351e+007 1.67351e+007 1.67351e+007 1.67351e+007 1.67351e+007 1.67351e+007 1.67351e+007 1.67351e+007 1.67351e+007 1.67351e+007 1.67351e+007 1.67351e+007 1.67351e+007 1.67351e+007 1.67351e+007 1.67351e+007 1.67351e+007 1.67351e+007 1.67351e+007 1.67351e+007 1.67351e+007 1.67351e+007 1.67351e+007 1.67351e+007 1.67351e+007 1.67351e+007 1.67351e+007 1.67351e+007 1.67351e+007 1.67351e+007 1.67351e+007 1.67351e+007 1.67351e+007 1.67351e+007 1.67351e+007 1.67351e+007 1.67351e+007 1.67351e+007 1.67351e+007 1.67351e+007 1.67351e+007 1.67351e+007 1.67351e+007 1.67351e+007 0 0 0 0 0 0 0 0 0 0 0 0 0 0 0 0 0 0 0 0 0 0 0 0 0
#obs cpue bio
 3.5148e+006 3.89193e+006 3.18243e+006 2.79249e+006 2.85601e+006 2.76331e+006 3.17333e+006 1.4381e+006 1.90911e+006 1.35659e+006 1.26938e+006 1.70832e+006 943084 781927 749078 713675 944578 727059 802309 568839 707486 704414 387069 506681 511711 791930 447146 602371 392437 730546 449581 397940 518037 375488 653460 710350 492364 615261 647288 587798 602989 672454 516105 568588 372328 391801 657358 681924 501790 493809 553511 489247 444213 510567 356910 681565 544338 652688 505305 444964 438763
#pred surv len freq
 0.00458076 0.00744802 0.0112341 0.0159398 0.0214805 0.027611 0.0338891 0.0397739 0.0448192 0.0488155 0.0517884 0.0539035 0.0553675 0.0563639 0.0570088 0.0573284 0.0572623 0.0566879 0.0554373 0.0532937 0.0499925 0.0452858 0.0391021 0.0317273 0.0238588
 0.00493831 0.00793496 0.0117974 0.016484 0.0219106 0.0278899 0.03407 0.0399742 0.0451434 0.0492727 0.0522624 0.0541962 0.0552918 0.0558333 0.0560831 0.0561974 0.0561799 0.0558809 0.0550246 0.0532507 0.0501772 0.0455154 0.0392368 0.0317177 0.023737
 0.00506605 0.0081926 0.0122703 0.0172634 0.0230494 0.0293473 0.0356847 0.0415025 0.0463574 0.0500574 0.0526394 0.0542581 0.0551041 0.0553858 0.0553232 0.055111 0.0548507 0.0544831 0.0537539 0.0522397 0.0494494 0.045002 0.0388377 0.0313625 0.0234082
 0.00524807 0.00847491 0.0126752 0.0178166 0.0237908 0.030336 0.036982 0.043128 0.0482358 0.0519972 0.0543738 0.0555366 0.0557775 0.0554282 0.0547907 0.0540875 0.0534306 0.0527883 0.0519441 0.0504866 0.0478873 0.0436947 0.0377846 0.0305329 0.0227719
 0.00544379 0.00879061 0.0131451 0.0184697 0.0246453 0.0313932 0.0382239 0.0445235 0.0497511 0.0535945 0.0559898 0.0570541 0.0570234 0.0562133 0.0549715 0.0536108 0.0523386 0.0511973 0.0500199 0.0484204 0.0458665 0.04187 0.036249 0.0293208 0.0218739
 0.00569494 0.00919401 0.0137435 0.0193009 0.0257359 0.0327493 0.039819 0.0462922 0.0515966 0.0554087 0.0576735 0.0585255 0.0582074 0.0570236 0.0553037 0.053362 0.0514462 0.049676 0.0479753 0.0460352 0.0433665 0.03948 0.0341508 0.0276254 0.020614
 0.00598243 0.00965119 0.0144132 0.0202176 0.0269223 0.0342088 0.0415257 0.0481842 0.0535787 0.0573647 0.0594832 0.0600789 0.0594152 0.0578166 0.0556242 0.0531526 0.0506529 0.0482714 0.0459939 0.0435983 0.0406787 0.0367928 0.0317058 0.0255996 0.0190874
 0.00626802 0.0101134 0.0151049 0.0211869 0.0282035 0.0358089 0.0434094 0.0502685 0.0557432 0.0594733 0.0614043 0.0616989 0.0606432 0.0585854 0.0558864 0.0528737 0.0498055 0.0468405 0.0439985 0.0411226 0.0378912 0.0339337 0.0290378 0.0233407 0.0173578
 0.00659179 0.0106252 0.0158491 0.0221976 0.0295022 0.0373989 0.0452656 0.0523285 0.0579064 0.0616112 0.0633774 0.0633749 0.0619123 0.059369 0.0561367 0.0525656 0.0489281 0.0453947 0.0420094 0.0386639 0.0351092 0.031048 0.0263057 0.0209928 0.0155359
 0.00687252 0.0110833 0.0165415 0.0231775 0.0308082 0.0390379 0.0471967 0.0544588 0.0601059 0.0637383 0.0653011 0.064984 0.0631172 0.0601006 0.0563472 0.052228 0.0480332 0.0439506 0.0400479 0.0362582 0.0323942 0.0282253 0.023617 0.018663 0.0137119
 0.00711498 0.0114776 0.0171362 0.0240204 0.0319399 0.0404804 0.0489374 0.0564386 0.0622193 0.0658458 0.0672501 0.0666326 0.0643523 0.0608475 0.0565667 0.0519071 0.0471753 0.0425725 0.0381863 0.0339856 0.0298365 0.0255671 0.0210797 0.0164555 0.0119744
 0.00737498 0.0118924 0.0177464 0.0248603 0.0330337 0.0418353 0.0505338 0.0582233 0.0641069 0.0677277 0.0690061 0.0681423 0.0655068 0.0615609 0.0567844 0.0516066 0.046361 0.0412688 0.0364382 0.0318679 0.0274681 0.0231158 0.0187439 0.0144229 0.0103715
 0.00764173 0.012325 0.0183953 0.0257706 0.0342363 0.0433316 0.0522813 0.0601314 0.0660497 0.069569 0.0706222 0.0694345 0.066404 0.0620173 0.056776 0.0511282 0.0454242 0.0399019 0.0346887 0.0298108 0.0252153 0.0208185 0.0165773 0.0125496 0.00889964
 0.00793791 0.0127948 0.019081 0.0267054 0.0354394 0.0448014 0.0539836 0.061991 0.0679527 0.071377 0.0721945 0.0706501 0.0671791 0.0623119 0.0565896 0.050487 0.0443684 0.0384787 0.0329543 0.027839 0.023108 0.0187082 0.0146132 0.0108673 0.00758633
 0.0079996 0.0129191 0.0193125 0.0271009 0.0360553 0.0456729 0.0551068 0.0633165 0.0693961 0.0728366 0.073566 0.0718353 0.0680904 0.0628795 0.0567686 0.0502622 0.0437524 0.0375064 0.0316784 0.0263311 0.021462 0.0170404 0.0130509 0.00952435 0.00653566
 0.00813516 0.0131455 0.0196654 0.0276201 0.0367803 0.0466323 0.0563035 0.0647146 0.0709153 0.0743582 0.0749521 0.0729548 0.0688446 0.0632162 0.0566809 0.0497764 0.0429145 0.0363727 0.0303131 0.0248082 0.019869 0.015478 0.0116231 0.00831978 0.00560639
 0.00832813 0.0134348 0.0200565 0.0281054 0.0373459 0.0472682 0.057009 0.0654945 0.0717689 0.0752667 0.0758695 0.0738083 0.0695456 0.0636789 0.056842 0.0496074 0.0424227 0.0355944 0.0293048 0.0236405 0.0186243 0.0142467 0.0104949 0.0073684 0.00487371
 0.00826853 0.013355 0.0199676 0.0280269 0.0372988 0.0472666 0.0570553 0.0655861 0.0719113 0.0754827 0.0761945 0.0742694 0.0701364 0.0643464 0.0574941 0.0501384 0.0427433 0.035653 0.0290951 0.0231974 0.0180137 0.0135526 0.00980456 0.0067559 0.00438654
 0.00827235 0.0133579 0.0199668 0.0280202 0.0372884 0.0472626 0.0570759 0.0656517 0.0720341 0.0756607 0.076414 0.0745164 0.070406 0.0646397 0.0578045 0.0504377 0.0429812 0.0357719 0.029052 0.0229808 0.017649 0.0130948 0.00932215 0.00631281 0.0040266
 0.00812325 0.0131305 0.0196526 0.0276218 0.036819 0.0467452 0.0565449 0.0651543 0.0716284 0.0754067 0.0763588 0.0746808 0.070778 0.0651791 0.0584533 0.0511307 0.0436512 0.0363539 0.0294906 0.023242 0.0177299 0.0130254 0.00915577 0.00610909 0.00383478
 0.00824253 0.013291 0.0198325 0.0277809 0.0369105 0.0467341 0.0564223 0.0649394 0.0713581 0.0751221 0.0760975 0.0744749 0.0706547 0.0651572 0.058538 0.0513088 0.0438917 0.0366127 0.0297192 0.023399 0.0177918 0.0129933 0.00905368 0.00597346 0.00370079
 0.00855959 0.0137488 0.020413 0.0284259 0.0375321 0.0472362 0.0567221 0.0649843 0.0711375 0.0746728 0.0754979 0.0738252 0.0700501 0.0646673 0.0581983 0.0511234 0.04384 0.0366571 0.0298129 0.0234951 0.0178541 0.013004 0.00901544 0.005904 0.00362283
 0.00866238 0.0139341 0.0207221 0.0288993 0.0381891 0.0480473 0.0575921 0.0657633 0.0716658 0.0748378 0.0752737 0.0732755 0.0692986 0.0638544 0.0574441 0.0505063 0.043392 0.036371 0.0296553 0.0234207 0.0178187 0.012975 0.00897658 0.00585438 0.00357044
 0.00868266 0.0139753 0.0208012 0.0290417 0.0384279 0.0484171 0.0581161 0.0664341 0.0724271 0.0755807 0.0758573 0.0735721 0.069242 0.0634656 0.0568198 0.0497794 0.0426863 0.0357709 0.0291963 0.0230979 0.0176035 0.0128324 0.00887751 0.00578085 0.00351435
 0.00857035 0.0138037 0.0205645 0.0287449 0.038089 0.04807 0.0578114 0.0662358 0.0723992 0.0757645 0.0762486 0.0741098 0.0698193 0.0639638 0.0571506 0.0499141 0.0426575 0.035647 0.0290478 0.0229724 0.0175186 0.0127833 0.0088504 0.00576335 0.00349996
 0.00848244 0.0136621 0.0203545 0.0284551 0.0377161 0.0476242 0.057323 0.0657566 0.0719965 0.0755079 0.0761938 0.0742818 0.0702006 0.0644917 0.0577312 0.0504498 0.0430781 0.0359282 0.0292076 0.0230511 0.0175559 0.0128046 0.00886605 0.00577476 0.00350648
 0.00850373 0.0136892 0.0203806 0.0284683 0.0377001 0.0475626 0.0572034 0.0655755 0.0717631 0.0752473 0.0759455 0.0740938 0.0701162 0.064535 0.0578952 0.0506961 0.0433489 0.036168 0.0293824 0.0231551 0.0176046 0.0128208 0.00886802 0.00577271 0.00350409
 0.00841538 0.0135573 0.0202039 0.0282523 0.0374549 0.0472984 0.0569284 0.065297 0.071491 0.0749967 0.0757382 0.0739562 0.0700751 0.0646105 0.0580931 0.0510014 0.0437255 0.0365657 0.0297511 0.0234591 0.0178299 0.0129728 0.00896289 0.00582827 0.00353483
 0.00841059 0.0135544 0.0202084 0.0282726 0.0375002 0.0473745 0.0570339 0.0654198 0.0716081 0.0750782 0.0757558 0.0738935 0.0699366 0.0644235 0.0578999 0.0508449 0.0436341 0.0365451 0.0297855 0.0235214 0.0178942 0.0130231 0.00899484 0.00584498 0.00354199
 0.00847658 0.0136252 0.0202486 0.0282298 0.037322 0.0470358 0.0565564 0.064873 0.0710869 0.0746701 0.0755142 0.0738284 0.0700219 0.0646143 0.0581513 0.0511248 0.0439254 0.0368389 0.030073 0.0237893 0.018127 0.0132089 0.00912966 0.00593373 0.00359495
 0.00854507 0.0137314 0.0203965 0.0284127 0.0375168 0.0471976 0.056623 0.0647816 0.0708036 0.074216 0.0749684 0.0733016 0.0696142 0.0643818 0.0580973 0.0512142 0.0441086 0.0370709 0.0303202 0.0240282 0.0183408 0.0133858 0.00926399 0.00602657 0.00365302
 0.0084882 0.0136607 0.0203301 0.0283804 0.0375511 0.0473188 0.0568246 0.0650246 0.0710236 0.0743413 0.0749457 0.0731192 0.0693106 0.0640332 0.0577875 0.0510038 0.0440194 0.0370894 0.0304138 0.0241608 0.0184823 0.0135151 0.00936905 0.00610324 0.00370333
 0.00829019 0.0133722 0.0199592 0.0279597 0.0371326 0.0469634 0.0565901 0.0649536 0.0711308 0.0746035 0.0753014 0.0734846 0.0696078 0.0642183 0.0578634 0.0510118 0.044014 0.0371135 0.0304846 0.0242713 0.0186121 0.013642 0.00947705 0.00618476 0.00375834
 0.00792582 0.0128401 0.0192716 0.0271698 0.0363241 0.0462303 0.0560183 0.0646103 0.0710567 0.074805 0.0757444 0.0740968 0.070293 0.0648787 0.0584245 0.0514388 0.0443142 0.0373223 0.030644 0.024412 0.018746 0.0137666 0.00958383 0.00626733 0.00381556
 0.00783897 0.0126486 0.0188944 0.0265118 0.0353133 0.0448704 0.0544267 0.0630088 0.0697092 0.073932 0.0754599 0.0743926 0.0710637 0.0659646 0.0596536 0.0526605 0.0454217 0.0382609 0.0314039 0.0250108 0.0192101 0.0141195 0.00984327 0.00644808 0.00393274
 0.00852195 0.0136077 0.0200537 0.0276946 0.0362778 0.045377 0.0543064 0.062211 0.0683211 0.0721703 0.0736265 0.0727971 0.0699372 0.0654028 0.0596144 0.0530072 0.0459847 0.0388893 0.0319939 0.0255095 0.0196034 0.0144149 0.010056 0.00659425 0.00402722
 0.00901421 0.0144099 0.021255 0.0293522 0.0383733 0.0477635 0.056681 0.0641545 0.069418 0.0721594 0.0725033 0.0708131 0.0675039 0.062955 0.0574911 0.0513889 0.0448942 0.0382394 0.0316525 0.0253524 0.0195413 0.0143957 0.0100544 0.00659942 0.00403426
 0.0088985 0.0143045 0.0212515 0.0295925 0.0390184 0.0489366 0.0584043 0.0663056 0.0717244 0.0742404 0.0739601 0.0713472 0.0670212 0.061601 0.0555939 0.0493381 0.0430165 0.0367253 0.0305506 0.0246133 0.0190741 0.0141117 0.00988637 0.00650273 0.00398107
 0.00872201 0.0140353 0.0208847 0.029151 0.0385658 0.0485879 0.0583206 0.0666594 0.0726316 0.0756858 0.0757567 0.0731655 0.0684847 0.0624127 0.0556358 0.0486992 0.0419391 0.035501 0.0294199 0.0237113 0.0184326 0.0136957 0.00963587 0.00636078 0.00390496
 0.00867718 0.013957 0.0207574 0.0289582 0.0382966 0.0482483 0.0579474 0.066329 0.072457 0.0757921 0.0762365 0.0740248 0.0696093 0.0635804 0.0565853 0.0492262 0.0419725 0.0351168 0.0287912 0.0230277 0.0178339 0.0132464 0.009338 0.0061829 0.00380794
 0.00857298 0.0138007 0.0205459 0.0286956 0.0379913 0.0479084 0.0575808 0.0659495 0.0720944 0.075501 0.0760954 0.0741178 0.0699916 0.0642397 0.0574221 0.0500737 0.0426541 0.0355152 0.0288881 0.0228948 0.0175856 0.0129863 0.00912803 0.00604138 0.00372552
 0.00854645 0.0137407 0.0204254 0.0284817 0.0376563 0.0474458 0.0570172 0.0653429 0.0715185 0.0750249 0.0757719 0.073985 0.070078 0.0645606 0.0579641 0.0507773 0.0434137 0.0362057 0.0294089 0.0232049 0.0177088 0.0129865 0.00907369 0.0059807 0.00368042
 0.00853921 0.0137255 0.020395 0.0284235 0.0375515 0.0472702 0.0567467 0.0649642 0.0710421 0.0744933 0.0752557 0.0735658 0.0698265 0.0645213 0.0581483 0.0511625 0.0439439 0.0367977 0.0299698 0.0236586 0.0180186 0.0131597 0.00914706 0.00599802 0.00367541
 0.0085779 0.0137797 0.02046 0.0284889 0.0376025 0.0472905 0.0567202 0.0648759 0.0708788 0.0742477 0.0749341 0.0731958 0.0694578 0.064217 0.0579675 0.0511422 0.0440871 0.0370712 0.0303135 0.0240032 0.0183072 0.0133635 0.00926709 0.00605511 0.00369548
 0.00864577 0.0138964 0.0206465 0.0287655 0.0379806 0.0477612 0.0572452 0.0653886 0.0712989 0.0745021 0.0749752 0.0730115 0.0690732 0.0636899 0.0573786 0.0505784 0.0436215 0.0367458 0.0301314 0.0239347 0.018306 0.013386 0.00928581 0.0060606 0.00369051
 0.00855364 0.0137687 0.020496 0.0286204 0.0378797 0.047744 0.057341 0.065607 0.0716231 0.0748878 0.0753568 0.0733172 0.0692454 0.0637016 0.0572409 0.0503359 0.0433374 0.0364827 0.0299333 0.023817 0.0182579 0.0133817 0.00929908 0.00607409 0.00369767
 0.00847718 0.013637 0.0202859 0.0283106 0.0374618 0.0472367 0.0568001 0.06512 0.0712857 0.0747717 0.0754842 0.0736544 0.0697155 0.06421 0.0577029 0.0506981 0.0435859 0.0366371 0.03003 0.0238906 0.0183285 0.013453 0.00936445 0.00612591 0.00373271
 0.00847287 0.0136188 0.0202371 0.0282068 0.0372747 0.0469426 0.0563908 0.0646135 0.0707326 0.0742513 0.075089 0.0734632 0.069766 0.064484 0.0581337 0.0511951 0.0440659 0.0370461 0.0303497 0.0241293 0.0185057 0.0135865 0.00946489 0.0061985 0.0037812
 0.008521 0.0136998 0.0203628 0.0283861 0.0375072 0.0472101 0.0566521 0.0648091 0.0708014 0.0741545 0.0748291 0.0730886 0.0693571 0.0641267 0.0578894 0.0510833 0.0440649 0.0371111 0.0304355 0.0242065 0.018564 0.0136276 0.00949446 0.00622044 0.00379715
 0.00851295 0.0136825 0.0203296 0.0283307 0.037427 0.0471113 0.056551 0.0647265 0.0707512 0.0741332 0.0748155 0.0730559 0.069291 0.0640371 0.0578081 0.0510477 0.0440983 0.037212 0.0305803 0.0243635 0.0187064 0.0137415 0.00957736 0.0062765 0.0038327
 0.00848734 0.0136394 0.0202619 0.0282304 0.0372869 0.0469279 0.0563285 0.0644801 0.0705076 0.0739257 0.0746743 0.0729971 0.0693106 0.0641157 0.057923 0.0511844 0.0442542 0.0373888 0.0307749 0.0245633 0.0188934 0.0138996 0.0096983 0.00636065 0.00388619
 0.00906414 0.0145369 0.0215349 0.0298957 0.0393122 0.0492192 0.0587194 0.0667376 0.0723677 0.0751536 0.0751214 0.0726323 0.0682183 0.0624657 0.0559271 0.049055 0.0421731 0.0354922 0.0291488 0.0232461 0.0178838 0.0131675 0.00919704 0.00603797 0.00369218
 0.00904961 0.0145521 0.0216298 0.0301414 0.0397837 0.0499674 0.0597438 0.0679748 0.0736998 0.0764296 0.0761839 0.073344 0.068487 0.0622631 0.0552956 0.0480963 0.0410233 0.0342915 0.0280162 0.0222643 0.0170949 0.0125776 0.00878622 0.00577181 0.00353225
 0.00906502 0.0145863 0.0217005 0.0302768 0.0400233 0.0503585 0.0603314 0.068784 0.0747147 0.0775775 0.0773372 0.0743441 0.0691827 0.0625484 0.0551327 0.0475201 0.0401289 0.03321 0.0268863 0.0212058 0.0161909 0.0118684 0.00827344 0.00543017 0.00332288
 0.00874146 0.0140783 0.0209721 0.0293131 0.0388423 0.0490242 0.0589663 0.0675651 0.0738445 0.0772331 0.0776163 0.0752302 0.0705419 0.064161 0.0567503 0.0489277 0.0411912 0.0338876 0.0272214 0.0212896 0.0161268 0.0117439 0.00814673 0.00532968 0.00325525
 0.00863215 0.0138758 0.020622 0.0287513 0.038012 0.0479042 0.0575976 0.0660626 0.0723835 0.0760175 0.0768379 0.0750278 0.0709662 0.0651553 0.0581562 0.0505223 0.0427441 0.0352174 0.0282307 0.0219678 0.0165266 0.0119464 0.00823089 0.00535464 0.00325691
 0.00853155 0.013703 0.0203432 0.0283251 0.0373933 0.0470546 0.0565013 0.0647446 0.0709238 0.0745542 0.0755541 0.0741189 0.0705943 0.065404 0.0590037 0.0518408 0.04433 0.0368426 0.0296986 0.0231541 0.0173914 0.0125182 0.00857549 0.00554507 0.00335405
 0.00895769 0.0143404 0.0211974 0.029359 0.0385301 0.0481862 0.0574965 0.0654584 0.0712183 0.0743327 0.0747975 0.0729084 0.0691062 0.0638739 0.0576664 0.0508684 0.0437893 0.036691 0.0298162 0.0233973 0.0176419 0.0127091 0.00868997 0.00559789 0.00336997
 0.00930228 0.0148817 0.0219742 0.0303881 0.0397954 0.0496258 0.0589928 0.0668444 0.0723065 0.074958 0.0748561 0.072378 0.0680506 0.062434 0.0560395 0.0492712 0.0424102 0.0356456 0.0291283 0.0230117 0.0174624 0.0126406 0.00866505 0.00558276 0.00335481
 0.00961983 0.0154046 0.0227721 0.0315256 0.0413129 0.051511 0.0611527 0.0690973 0.0744052 0.0766395 0.0758957 0.072634 0.0674891 0.0611341 0.0541779 0.0470891 0.0401676 0.0335732 0.0273863 0.0216702 0.0165086 0.0120075 0.00826745 0.00534317 0.00321535
 0.00928622 0.0149458 0.0222387 0.0310234 0.0409826 0.0514901 0.0615377 0.0699186 0.0756175 0.0781217 0.0774636 0.0740686 0.0685805 0.0617288 0.0542142 0.046609 0.0393014 0.0325024 0.0262958 0.0207049 0.0157486 0.0114682 0.00791834 0.00513454 0.00309879
#obs surv len freq
 nan nan nan nan nan nan nan nan nan nan nan nan nan nan nan nan nan nan nan nan nan nan nan nan nan
 0.00448711 0.00734964 0.0111808 0.0159981 0.0216994 0.027975 0.0342888 0.0400192 0.0446977 0.0481601 0.0505164 0.0520107 0.0529014 0.0534125 0.0537257 0.0539798 0.0542578 0.0545502 0.0546887 0.0542805 0.0527187 0.0493511 0.0438014 0.0362823 0.0276668
 0.00461139 0.00755544 0.0114971 0.0164531 0.0223134 0.0287495 0.0351958 0.0409992 0.0456678 0.0490314 0.051211 0.0524731 0.0531039 0.0533545 0.0534295 0.0534827 0.0536033 0.053781 0.053844 0.0533973 0.0518359 0.0485119 0.0430506 0.0356577 0.0271894
 0.00478083 0.0078295 0.0119072 0.0170282 0.0230751 0.0297044 0.0363254 0.0422539 0.0469698 0.0502848 0.0523151 0.0533358 0.0536528 0.0535465 0.0532545 0.0529618 0.0527817 0.0527182 0.0526065 0.0520556 0.050465 0.0471921 0.0418614 0.0346648 0.0264292
 0.00497326 0.0081467 0.0123925 0.0177239 0.0240136 0.0308941 0.0377374 0.0438187 0.0485882 0.0518475 0.0537186 0.0544885 0.0544769 0.053979 0.0532535 0.0525129 0.0519022 0.0514568 0.0510386 0.0502789 0.0485959 0.0453591 0.0401913 0.0332613 0.0253506
 0.00518715 0.00849588 0.012921 0.0184746 0.0250208 0.0321717 0.0392653 0.0455359 0.0503988 0.0536362 0.0553676 0.0558907 0.0555413 0.0546331 0.0534431 0.0522035 0.0510835 0.0501502 0.0493044 0.0482201 0.0463559 0.04311 0.0381098 0.0314947 0.0239846
 0.0054147 0.00886806 0.0134854 0.019277 0.0260971 0.033534 0.0408883 0.0473524 0.052309 0.055526 0.0571254 0.0574149 0.0567425 0.0554339 0.0537788 0.052024 0.050358 0.0488753 0.0475176 0.0460126 0.0438786 0.0405631 0.0357114 0.029434 0.0223781
 0.00565904 0.00926858 0.0140943 0.0201449 0.0272634 0.0350113 0.0426468 0.0493143 0.05436 0.0575378 0.0589769 0.0590032 0.057985 0.0562644 0.0541422 0.0518731 0.0496551 0.0476015 0.0456897 0.0437042 0.041235 0.0377963 0.033067 0.0271355 0.0205705
 0.00589467 0.0096576 0.0146909 0.0210037 0.0284286 0.0365005 0.0444332 0.0513207 0.0564693 0.0596155 0.0608931 0.0606465 0.0592672 0.0571193 0.0545209 0.0517374 0.0489733 0.0463531 0.043881 0.0413933 0.0385538 0.0349534 0.0303172 0.0247207 0.0186553
 0.00614762 0.010069 0.0153105 0.0218788 0.0295958 0.0379726 0.0461852 0.0532825 0.0585339 0.061657 0.0627856 0.0622772 0.0605435 0.0579706 0.0548967 0.0516022 0.0483016 0.0451294 0.0421114 0.0391283 0.0359132 0.0321343 0.0275696 0.0222895 0.016714
 0.00638949 0.0104669 0.0159178 0.0227475 0.0307657 0.0394543 0.0479441 0.0552346 0.06056 0.0636276 0.0645822 0.0638025 0.0617211 0.0587419 0.0552173 0.0514389 0.0476301 0.0439361 0.0404028 0.0369511 0.0333768 0.0294216 0.0249163 0.0199313 0.014822
 0.00660829 0.0108272 0.0164688 0.0235381 0.0318356 0.040819 0.0495787 0.0570675 0.0624816 0.0655107 0.0663033 0.0652571 0.06283 0.0594512 0.0554929 0.0512591 0.0469801 0.0428077 0.0388038 0.034924 0.0310207 0.0269018 0.022448 0.0177322 0.0130524
 0.006831 0.0111901 0.0170165 0.0243127 0.0328689 0.0421196 0.0511191 0.0587791 0.0642632 0.0672471 0.0678832 0.0665843 0.0638291 0.0600691 0.0556973 0.0510341 0.04632 0.0417145 0.0372925 0.0330374 0.0288486 0.0245919 0.0201917 0.0157236 0.0114353
 0.00706919 0.0115789 0.0176042 0.0251439 0.0339743 0.0435008 0.0527339 0.0605385 0.0660458 0.0689247 0.0693442 0.0677448 0.0646338 0.0604867 0.0557147 0.0506507 0.045543 0.0405572 0.0357786 0.0312129 0.026798 0.0224464 0.0181184 0.0138905 0.00996556
 0.00726487 0.0119059 0.0181126 0.025885 0.0349887 0.0448006 0.0542846 0.0622534 0.0678001 0.0705808 0.070777 0.0688588 0.0653684 0.060815 0.0556364 0.0501824 0.0447096 0.0393873 0.0343071 0.0294905 0.0249048 0.0204986 0.0162593 0.0122611 0.00866691
 0.00744213 0.0121946 0.0185485 0.0265025 0.0358161 0.0458501 0.055541 0.0636672 0.0692891 0.0720413 0.072099 0.06994 0.0661279 0.0612018 0.0556317 0.049795 0.0439672 0.0383282 0.0329774 0.0279487 0.0232296 0.0187946 0.0146487 0.0108606 0.00755733
 0.00754029 0.0123583 0.0188026 0.0268735 0.0363273 0.0465144 0.0563535 0.0646021 0.0703033 0.0730812 0.0731048 0.0708483 0.0668728 0.0617198 0.0558707 0.0497225 0.0435746 0.0376308 0.0320114 0.0267699 0.0219143 0.017439 0.0133599 0.00973751 0.00666717
 0.00761758 0.0124772 0.0189697 0.0270923 0.0366003 0.0468455 0.0567486 0.0650662 0.0708366 0.0736747 0.0737383 0.0714895 0.0674787 0.0622392 0.0562483 0.0499058 0.0435228 0.0373232 0.0314534 0.0259957 0.0209862 0.0164416 0.0123883 0.00887893 0.00598124
 0.00766264 0.0125476 0.0190701 0.0272249 0.0367639 0.0470358 0.0569586 0.0652893 0.0710705 0.073925 0.0740163 0.0718053 0.0678314 0.0626098 0.0565988 0.0501849 0.0436755 0.0373031 0.0312344 0.025581 0.0204117 0.0157713 0.0117022 0.00825371 0.00547214
 0.00773448 0.0126531 0.0192078 0.0273864 0.0369362 0.0472059 0.0571165 0.0654293 0.0711912 0.074029 0.0741112 0.0719037 0.0679473 0.0627525 0.0567654 0.0503549 0.043812 0.0373607 0.0311727 0.0253782 0.0200751 0.0153384 0.0112313 0.00780749 0.00509933
 0.00779007 0.0127422 0.0193389 0.0275643 0.0371595 0.0474625 0.0573823 0.0656719 0.071379 0.0741427 0.0741505 0.0718855 0.0678982 0.0626998 0.0567287 0.0503409 0.0438112 0.0373483 0.0311159 0.0252485 0.0198606 0.015052 0.0109076 0.00749075 0.00482814
 0.0078347 0.0128075 0.0194241 0.0276648 0.037269 0.0475762 0.0574984 0.0657892 0.0714938 0.0742462 0.0742305 0.0719316 0.0679078 0.0626805 0.0566953 0.0503083 0.0437869 0.0373276 0.0310825 0.0251811 0.0197437 0.0148847 0.0107066 0.00728428 0.00464453
 0.00783261 0.0128061 0.0194255 0.0276716 0.0372829 0.0475967 0.057522 0.0658118 0.0715133 0.074265 0.0742544 0.0719654 0.0679519 0.0627301 0.0567445 0.0503533 0.0438264 0.03736 0.0311018 0.0251769 0.0197053 0.0148084 0.0105997 0.00716382 0.00453049
 0.00785738 0.0128349 0.0194481 0.0276724 0.0372466 0.0475162 0.0574041 0.0656764 0.0713863 0.074169 0.0742025 0.0719612 0.0679918 0.0628063 0.0568461 0.0504681 0.0439424 0.0374667 0.0311903 0.0252389 0.0197344 0.014802 0.0105624 0.00710697 0.00446857
 0.00789823 0.0128973 0.0195336 0.0277777 0.0373621 0.0476249 0.0574836 0.0657039 0.0713479 0.0740675 0.0740589 0.0718072 0.0678581 0.0627132 0.0568001 0.0504645 0.0439696 0.0375108 0.0312377 0.0252779 0.0197563 0.0148026 0.0105429 0.00707349 0.00443015
 0.00790867 0.0129165 0.0195664 0.0278297 0.0374371 0.0477224 0.0575954 0.0658139 0.0714344 0.0741094 0.0740433 0.0717345 0.0677437 0.0625822 0.0566792 0.050373 0.0439154 0.0374906 0.0312408 0.0252914 0.0197685 0.0148058 0.0105343 0.00705552 0.00440775
 0.00788768 0.0128831 0.0195179 0.027765 0.0373586 0.0476371 0.0575157 0.0657547 0.0714085 0.0741211 0.0740854 0.0717914 0.0677978 0.0626219 0.0567032 0.0503889 0.0439343 0.0375204 0.0312827 0.0253398 0.0198148 0.0148422 0.0105567 0.0070643 0.00440671
 0.00789336 0.012887 0.0195141 0.0277449 0.0373134 0.0475621 0.0574136 0.0656374 0.0712939 0.074029 0.0740315 0.0717824 0.0678295 0.0626818 0.0567753 0.0504606 0.0439997 0.0375799 0.0313392 0.0253945 0.0198655 0.0148849 0.0105879 0.00708323 0.00441538
 0.00785686 0.0128282 0.0194265 0.0276231 0.0371538 0.0473653 0.0571867 0.0653952 0.0710588 0.0738275 0.0738896 0.0717201 0.0678558 0.0627915 0.0569506 0.0506757 0.0442281 0.0378005 0.0315387 0.0255665 0.0200075 0.0149964 0.0106698 0.00713842 0.00444885
 0.00786828 0.0128379 0.0194247 0.0275952 0.0370847 0.0472448 0.0570151 0.0651843 0.0708291 0.0736029 0.0736933 0.0715728 0.0677739 0.0627849 0.0570199 0.0508108 0.0444098 0.0380051 0.0317433 0.0257537 0.0201668 0.015123 0.0107637 0.00720282 0.00448924
 0.00785363 0.0128173 0.0193993 0.0275667 0.0370526 0.0472045 0.0569566 0.0650957 0.0707026 0.0734416 0.0735129 0.0713979 0.0676315 0.0626971 0.0569996 0.0508603 0.044521 0.0381612 0.0319228 0.0259347 0.0203313 0.0152596 0.0108679 0.00727581 0.00453598
 0.00782924 0.0127764 0.0193357 0.0274749 0.0369305 0.047056 0.0567931 0.0649339 0.0705582 0.0733235 0.0734218 0.0713302 0.0675858 0.062678 0.0570162 0.0509212 0.0446293 0.0383115 0.0321014 0.026123 0.0205103 0.0154142 0.0109896 0.00736315 0.00459305
 0.00780115 0.012731 0.0192679 0.0273801 0.0368056 0.0469009 0.0566127 0.0647398 0.0703677 0.0731564 0.0732954 0.0712552 0.0675635 0.0627031 0.0570811 0.0510202 0.044759 0.0384685 0.0322791 0.0263098 0.0206912 0.0155748 0.0111197 0.00745901 0.00465712
 0.00775315 0.012655 0.0191576 0.0272314 0.0366179 0.0466784 0.0563665 0.0644872 0.0701303 0.0729557 0.0731494 0.0711757 0.0675558 0.0627647 0.0572031 0.0511892 0.0449607 0.0386899 0.0325087 0.0265362 0.0209026 0.0157595 0.0112692 0.00757003 0.00473218
 0.00772023 0.0125955 0.0190573 0.0270744 0.0363916 0.0463807 0.0560119 0.064107 0.0697659 0.0726475 0.0729282 0.0710585 0.0675462 0.0628558 0.0573802 0.0514327 0.0452488 0.0390006 0.032822 0.0268349 0.0211721 0.0159889 0.0114517 0.0077044 0.00482289
 0.00932278 0.014841 0.0217716 0.0298722 0.0387865 0.0479628 0.0565895 0.0637363 0.0686748 0.0711207 0.0712202 0.0693562 0.065969 0.0614691 0.0562107 0.0504815 0.0445008 0.0384326 0.0324072 0.0265458 0.0209823 0.0158734 0.0113882 0.00767401 0.00481104
 0.00931305 0.0151208 0.0227138 0.0319385 0.0423271 0.0529446 0.0624232 0.069371 0.0729686 0.073289 0.071094 0.0673289 0.0627241 0.057689 0.0524061 0.046958 0.0414044 0.035811 0.0302564 0.0248366 0.0196724 0.0149122 0.0107186 0.00723536 0.00454329
 0.00895939 0.0145658 0.0219376 0.0309935 0.0413913 0.0523575 0.0626448 0.0708184 0.0757672 0.077087 0.0751049 0.0706289 0.0646361 0.058018 0.0514117 0.0451388 0.0392628 0.0337146 0.0284114 0.0233251 0.018502 0.0140521 0.0101207 0.00684482 0.00430561
 0.00880336 0.0142991 0.021513 0.0303619 0.0405212 0.0512684 0.0614503 0.0697541 0.0751708 0.0773047 0.076335 0.0727754 0.0672761 0.0605387 0.0532583 0.0460276 0.0392386 0.0330497 0.0274415 0.0223231 0.0176305 0.0133755 0.00963997 0.00652919 0.00411401
 0.00872864 0.0141757 0.0213226 0.0300832 0.0401304 0.050744 0.0607828 0.068964 0.0743313 0.0765586 0.0758874 0.0728407 0.0679816 0.0618305 0.0548772 0.0475944 0.04041 0.0336527 0.0275081 0.0220247 0.0171722 0.0129169 0.00926726 0.00626638 0.00394871
 0.0087184 0.0141499 0.0212666 0.0299775 0.0399541 0.050481 0.0604274 0.0685224 0.0738211 0.0760123 0.0753618 0.0724275 0.067801 0.0619943 0.0554283 0.0484572 0.0413965 0.0345332 0.028109 0.0222914 0.0171641 0.0127512 0.00905601 0.00608105 0.00381667
 0.00868579 0.014102 0.0212032 0.0298999 0.0398626 0.0503714 0.0602893 0.0683423 0.0735883 0.0757254 0.0750347 0.0720926 0.0675116 0.061821 0.055443 0.0487023 0.0418523 0.0351084 0.0286707 0.0227211 0.0174056 0.0128208 0.00901482 0.00599622 0.00373462
 0.00867328 0.014078 0.0211608 0.0298314 0.0397626 0.0502403 0.0601358 0.0681802 0.0734304 0.0755766 0.0748911 0.0719475 0.0673663 0.0616934 0.0553691 0.0487256 0.0420032 0.0353822 0.0290195 0.0230695 0.0176831 0.0129913 0.00908434 0.00599804 0.0037065
 0.00867731 0.0140852 0.0211725 0.0298481 0.0397825 0.0502578 0.0601416 0.0681635 0.0733831 0.0754974 0.0747852 0.0718235 0.0672327 0.0615593 0.0552478 0.0486383 0.0419753 0.0354321 0.0291448 0.0232425 0.0178605 0.0131334 0.00917165 0.00603424 0.00370936
 0.0086468 0.0140419 0.021119 0.029791 0.0397306 0.0502194 0.060121 0.0681601 0.073391 0.0755072 0.0747867 0.0718093 0.0672002 0.0615115 0.0551926 0.0485877 0.0419447 0.0354367 0.0291932 0.0233305 0.01797 0.0132393 0.00925367 0.00608431 0.0037317
 0.00864794 0.014039 0.0211063 0.0297612 0.0396782 0.0501449 0.0600336 0.0680762 0.0733282 0.0754765 0.0747883 0.0718333 0.067232 0.0615377 0.0552061 0.0485894 0.0419422 0.0354413 0.0292157 0.0233754 0.018033 0.0133088 0.00931593 0.00612995 0.00375875
 0.00865265 0.0140452 0.0211125 0.0297645 0.0396738 0.0501271 0.059997 0.0680184 0.0732525 0.0753934 0.0747132 0.0717807 0.0672095 0.0615436 0.0552309 0.0486217 0.0419743 0.0354719 0.0292481 0.0234141 0.0180793 0.0133592 0.00936349 0.0061683 0.00378484
 0.00862129 0.0140017 0.0210608 0.0297126 0.0396313 0.0501006 0.0599871 0.0680193 0.0732549 0.0753884 0.074697 0.0717563 0.0671851 0.0615287 0.0552321 0.0486396 0.0420046 0.0355087 0.0292874 0.0234544 0.0181204 0.0133998 0.009401 0.00619935 0.00380737
 0.00863596 0.0140191 0.0210755 0.0297166 0.0396175 0.0500677 0.0599421 0.0679755 0.0732253 0.0753794 0.0747044 0.0717692 0.0671928 0.0615263 0.0552217 0.0486277 0.0419976 0.0355099 0.0292969 0.0234705 0.0181409 0.0134225 0.00942339 0.00621905 0.00382263
 0.00863372 0.0140201 0.0210852 0.0297415 0.0396619 0.0501294 0.0600106 0.0680346 0.0732604 0.0753841 0.0746834 0.0717333 0.067152 0.0614857 0.0551817 0.0485882 0.04196 0.0354775 0.0292727 0.0234561 0.0181357 0.0134246 0.00942996 0.0062273 0.00383032
 0.00863372 0.0140201 0.0210852 0.0297415 0.0396619 0.0501294 0.0600106 0.0680346 0.0732604 0.0753841 0.0746834 0.0717333 0.067152 0.0614857 0.0551817 0.0485882 0.04196 0.0354775 0.0292727 0.0234561 0.0181357 0.0134246 0.00942996 0.0062273 0.00383032
 0.00903501 0.0146496 0.0219871 0.0309348 0.0411285 0.0518005 0.0617568 0.0696727 0.074587 0.0762268 0.0749449 0.0714099 0.0663244 0.060289 0.0537713 0.0471088 0.0405277 0.0341732 0.0281451 0.0225273 0.0174076 0.0128833 0.00905075 0.00597876 0.0036791
 0.00899931 0.0146407 0.0220643 0.0311822 0.0416322 0.0526123 0.0628613 0.0709777 0.0759428 0.0774612 0.0758997 0.0719693 0.0664316 0.0599538 0.0530639 0.0461415 0.0394287 0.0330616 0.0271138 0.0216367 0.0166868 0.0123358 0.00866133 0.00572072 0.00352078
 0.00899521 0.0146187 0.0220066 0.0310731 0.0414746 0.052447 0.0627742 0.0710796 0.0763229 0.0781374 0.076796 0.0729338 0.0672869 0.0605511 0.0533198 0.0460489 0.0390452 0.0324845 0.0264514 0.020984 0.0161111 0.0118731 0.00831986 0.00548888 0.00337622
 0.00870936 0.0141673 0.0213532 0.0301964 0.0403773 0.0511691 0.0614074 0.0697727 0.0752653 0.0775198 0.0767569 0.073512 0.0683991 0.0620093 0.0548842 0.0474955 0.0402198 0.0333247 0.0269752 0.0212592 0.0162211 0.0118919 0.00829991 0.00546051 0.00335277
 0.00869728 0.0141084 0.0211927 0.0298609 0.0397957 0.0503044 0.0602852 0.0684885 0.0739674 0.0763778 0.0759314 0.0731299 0.0685301 0.0626442 0.0559254 0.0487736 0.0415369 0.0345079 0.0279168 0.0219279 0.0166464 0.0121344 0.0084238 0.00551714 0.00337591
 0.0086273 0.0139987 0.021033 0.0296383 0.0394901 0.0498857 0.0597176 0.067747 0.0730613 0.0753699 0.07494 0.0723066 0.0680223 0.0625552 0.0562855 0.0495299 0.042564 0.0356403 0.0289935 0.0228324 0.0173259 0.0125946 0.00870672 0.00567609 0.00345809
 0.00882782 0.0143089 0.0214691 0.0302009 0.0401593 0.0506155 0.0604308 0.068337 0.073408 0.0753706 0.0745437 0.0715413 0.0669992 0.0614465 0.0552792 0.0487769 0.0421383 0.0355276 0.0291102 0.0230652 0.0175738 0.0127947 0.00883831 0.00574755 0.00348959
 0.00895519 0.0145347 0.0218417 0.030772 0.0409659 0.0516534 0.0616332 0.0695734 0.0745097 0.0761712 0.0749168 0.0714235 0.0664012 0.0604539 0.0540409 0.0474764 0.0409508 0.0345768 0.0284441 0.0226597 0.0173605 0.0126961 0.00879396 0.00572315 0.00347166
 0.0090813 0.0147502 0.0221856 0.031288 0.0416927 0.0526095 0.0627988 0.0708788 0.075837 0.0773698 0.075829 0.0719147 0.0663892 0.0599291 0.0530724 0.0462001 0.0395419 0.0332114 0.0272602 0.0217322 0.0166982 0.01226 0.00852483 0.00556445 0.00338092
 0.00897753 0.0145942 0.0219766 0.0310389 0.0414344 0.0523923 0.0626904 0.0709531 0.0761523 0.0779416 0.0766109 0.0727992 0.0672297 0.0605777 0.0534198 0.0462051 0.0392404 0.0327004 0.0266648 0.0211665 0.0162366 0.0119289 0.00831282 0.00544125 0.0033147
#pred catch len freq
 0.00342291 0.00549631 0.00817982 0.0114836 0.0154353 0.0200465 0.0252481 0.03086 0.0366218 0.0422459 0.0474639 0.0520641 0.0559189 0.0589827 0.061258 0.0627497 0.0634379 0.0632673 0.0621359 0.0598725 0.0562316 0.050968 0.0440209 0.0357232 0.0268652
 0.00370849 0.0058903 0.00864679 0.0119573 0.0158507 0.0203819 0.0255468 0.0312071 0.0370808 0.0427943 0.0479721 0.052337 0.0557797 0.0583575 0.0602205 0.0615081 0.0622676 0.0624144 0.0617284 0.0598793 0.0564909 0.0512725 0.0442119 0.0357439 0.0267518
 0.00384775 0.00614412 0.00907419 0.0126163 0.0167688 0.0215212 0.0267889 0.0323841 0.0380449 0.0434812 0.0484057 0.0525686 0.0558128 0.0581241 0.0596312 0.0605386 0.0610145 0.0610776 0.0605296 0.0589656 0.0558838 0.0508875 0.0439291 0.0354783 0.0264817
 0.004024 0.00641698 0.00946464 0.0131484 0.0174804 0.0224695 0.0280342 0.0339475 0.0398571 0.0453614 0.050101 0.0538409 0.0565175 0.0582282 0.0591727 0.0595799 0.0596346 0.0593966 0.0587183 0.0572122 0.0543345 0.049607 0.0429091 0.0346783 0.025865
 0.00423213 0.00674559 0.0099412 0.0137929 0.0183046 0.0234771 0.029223 0.0353129 0.0413932 0.0470475 0.051871 0.055555 0.0579671 0.0591879 0.0594726 0.0591535 0.0585239 0.0577278 0.0566741 0.0550048 0.0521719 0.0476558 0.0412699 0.0333863 0.0249082
 0.00447847 0.00713476 0.0105071 0.0145628 0.0192987 0.0247052 0.0306771 0.0369591 0.0431701 0.0488741 0.0536587 0.0572128 0.0593946 0.0602624 0.0600495 0.0590943 0.0577427 0.0562325 0.0545799 0.0525159 0.0495401 0.0451302 0.0390502 0.031593 0.023576
 0.00476501 0.00758389 0.0111534 0.0154313 0.0204059 0.0260589 0.0322705 0.0387615 0.0451199 0.0508792 0.0556041 0.0589752 0.0608576 0.0613241 0.0606187 0.0590837 0.0570744 0.0548648 0.0525462 0.0499511 0.0466742 0.0422453 0.0364163 0.0294071 0.0219278
 0.00505404 0.00804271 0.0118244 0.0163496 0.0215973 0.0275345 0.0340176 0.0407352 0.0472412 0.0530406 0.0576803 0.0608351 0.0623768 0.0623959 0.0611587 0.0590271 0.0563716 0.0534874 0.0505099 0.0473485 0.0436952 0.0391609 0.0335225 0.0269499 0.0200432
 0.00538109 0.00855313 0.0125548 0.0173251 0.0228339 0.0290405 0.0357879 0.0427391 0.0494119 0.0552725 0.0598372 0.0627673 0.0639428 0.0634793 0.061676 0.0589243 0.055617 0.0520701 0.0484521 0.0447318 0.0406854 0.0360081 0.0305197 0.0243599 0.0180291
 0.00567969 0.00902931 0.0132551 0.0182888 0.0240893 0.0305975 0.0376275 0.0448064 0.0516175 0.0575022 0.0619626 0.0646558 0.0654667 0.064527 0.0621611 0.0587903 0.0548359 0.0506404 0.0464051 0.0421497 0.0377227 0.0328964 0.0275367 0.0217646 0.0159919
 0.00595366 0.00946461 0.0138932 0.0191665 0.025238 0.0320392 0.0393637 0.046804 0.0537992 0.0597468 0.0641183 0.0665628 0.0669818 0.0655405 0.0626016 0.0586191 0.0540396 0.0492276 0.0444129 0.0396601 0.0348814 0.0299177 0.0246775 0.0192681 0.0140223
