SBPRF35
7.78865
Curr Bio
533961
B35
682445
F35
0.227117
FOFL
0.182536
OFL
77173.9
Bzero
2.22533e+006
#pred survey bio
 4.35458e+006 4.10438e+006 3.86666e+006 3.57281e+006 3.29054e+006 2.98073e+006 2.66782e+006 2.3574e+006 2.0911e+006 1.82787e+006 1.61756e+006 1.41803e+006 1.2515e+006 1.11661e+006 1.00353e+006 903264 816786 768757 731076 688065 659361 646029 634050 608574 598700 595291 585125 588763 589251 587171 581342 581176 578375 577165 569259 558051 548169 537041 537969 547461 548707 552313 547278 546715 556271 556889 559678 564886 570885 572328 566999 565464 565640 587695 574863 566565 569441 549202 521108 519054 533891 1.94225e+007 1.20442e+007 1.2528e+007 1.32489e+007 1.40675e+007 1.48443e+007 1.55098e+007 1.60441e+007 1.64553e+007 1.6763e+007 1.69891e+007 1.71536e+007 1.72728e+007 1.7359e+007 1.74216e+007 1.74672e+007 1.75006e+007 1.75252e+007 1.75435e+007 1.75572e+007 1.75675e+007 1.75752e+007 1.75811e+007 1.75856e+007 1.7589e+007 1.75916e+007 1.75936e+007 1.75951e+007 1.75963e+007 1.75972e+007 1.75979e+007 1.75984e+007 1.75989e+007 1.75992e+007 1.75994e+007 1.75996e+007 1.75998e+007 1.75999e+007 1.76e+007 1.76001e+007 1.76001e+007 1.76001e+007 1.76002e+007 1.76002e+007 1.76002e+007 1.76002e+007 1.76002e+007 1.76003e+007 1.76003e+007 1.76003e+007 1.76003e+007 1.76003e+007 1.76003e+007 1.76003e+007 1.76003e+007 1.76003e+007 1.76003e+007 1.76003e+007 1.76003e+007 1.76003e+007 1.76003e+007 1.76003e+007 1.76003e+007 1.76003e+007 1.76003e+007 1.76003e+007 1.76003e+007 1.76003e+007 1.76003e+007 1.76003e+007 1.76003e+007 1.76003e+007 1.76003e+007 1.76003e+007 1.76003e+007 1.76003e+007 1.76003e+007 1.76003e+007 1.76003e+007 1.76003e+007 1.76003e+007 1.76003e+007 1.76003e+007 1.76003e+007 1.76003e+007 1.76003e+007 1.76003e+007 1.76003e+007 1.76003e+007 1.76003e+007 1.76003e+007 1.76003e+007 1.76003e+007 1.76003e+007 1.76003e+007 1.76003e+007 1.76003e+007 1.76003e+007 1.76003e+007 1.76003e+007 0 0 0 0 0 0 0 0 0 0 0 0 0 0 0 0 0 0 0 0 0 0 0 0 0
#obs survey bio
 2.82243e+006 3.67184e+006 3.09057e+006 3.09396e+006 2.55353e+006 2.61633e+006 2.15189e+006 1.74061e+006 2.1924e+006 1.53472e+006 1.29927e+006 967520 1.16685e+006 814907 599248 988388 727690 1.01731e+006 599175 499646 732944 662102 932048 897892 417270 530478 419201 547948 626032 488561 565534 430454 719480 519331 483894 838413 458734 543275 717791 626374 596241 576097 499164 705994 421449 559794 658150 677716 493229 518269 600348 481443 816022 603190 655469 676819 928781 617903 507071 424458 498644
#pred catch bio
 90811.7 92872.2 166591 183699 240045 275615 304534 291908 311581 282158 286788 268733 248508 233374 222305 206826 169881 157259 156842 139935 123569 119386 126972 111242 105488 111067 99435.7 101791 102343 103435 96583.2 96357.9 92112.3 94411 93274.6 90327.4 93961.2 88132.1 83988.2 92012.4 90051.1 96859.2 92139.4 83410.4 91445.5 90071.3 88784.2 89292.5 94435.1 101018 98539.6 97790.6 80243.2 109865 105341 95730.6 113993 119194 98919.5 89276 87770 77173.9 96890.1 99728.3 104288 110107 115775 120563 124289 127036 128983 130324 131227 131825 132215 132466 132628 132730 132795 132836 132862 132878 132888 132894 132898 132900 132902 132902 132903 132903 132904 132904 132904 132904 132904 132904 132904 132904 132904 132904 132904 132904 132904 132904 132904 132904 132904 132904 132904 132904 132904 132904 132904 132904 132904 132904 132904 132904 132904 132904 132904 132904 132904 132904 132904 132904 132904 132904 132904 132904 132904 132904 132904 132904 132904 132904 132904 132904 132904 132904 132904 132904 132904 132904 132904 132904 132904 132904 132904 132904 132904 132904 132904 132904 132904 132904 132904 132904 132904 132904 132904 0 0 0 0 0 0 0 0 0 0 0 0 0 0 0 0 0 0 0 0 0 0 0 0 0
#obs catch bio
 0 92578.2 167733 184224 242424 279371 310676 297695 319201 288348 294082 276034 256956 240885 230601 212577 172686 159595 159330 141618 124502 120578 127499 110998 106285 112064 100397 102929 103194 103897 97244.4 97070.3 92266.1 94778.6 93579.1 89877.1 93713.1 87777.9 83543.1 91407.7 89257.2 96346 91824.9 82573.1 90951 89549.8 88172.9 88652.8 94058.5 100776 98315.7 98152.6 79638.8 109777 105245 95241.3 112929 118147 98360.4 88961.3 87730.3
#pred cpue bio
 4.27422e+006 4.02712e+006 3.79161e+006 3.49894e+006 3.21788e+006 2.90949e+006 2.59833e+006 2.29017e+006 2.02606e+006 1.76556e+006 1.55741e+006 1.36002e+006 1.19521e+006 1.06215e+006 951182 853633 770267 724248 688476 647682 620528 608137 597251 573271 563736 560176 550216 553707 554545 553151 547993 548317 546320 545916 539090 529063 519185 506606 506045 515099 516681 520383 515670 515337 524675 525122 527638 532531 538081 539158 533726 531978 532059 553574 541267 533009 535863 516582 488972 485730 498928 1.81727e+007 1.12945e+007 1.17121e+007 1.23362e+007 1.31176e+007 1.38858e+007 1.45495e+007 1.50836e+007 1.54947e+007 1.58024e+007 1.60285e+007 1.6193e+007 1.63122e+007 1.63984e+007 1.6461e+007 1.65066e+007 1.654e+007 1.65646e+007 1.65829e+007 1.65966e+007 1.66069e+007 1.66146e+007 1.66205e+007 1.6625e+007 1.66284e+007 1.6631e+007 1.6633e+007 1.66345e+007 1.66357e+007 1.66366e+007 1.66373e+007 1.66378e+007 1.66383e+007 1.66386e+007 1.66388e+007 1.6639e+007 1.66392e+007 1.66393e+007 1.66394e+007 1.66394e+007 1.66395e+007 1.66395e+007 1.66396e+007 1.66396e+007 1.66396e+007 1.66396e+007 1.66396e+007 1.66396e+007 1.66397e+007 1.66397e+007 1.66397e+007 1.66397e+007 1.66397e+007 1.66397e+007 1.66397e+007 1.66397e+007 1.66397e+007 1.66397e+007 1.66397e+007 1.66397e+007 1.66397e+007 1.66397e+007 1.66397e+007 1.66397e+007 1.66397e+007 1.66397e+007 1.66397e+007 1.66397e+007 1.66397e+007 1.66397e+007 1.66397e+007 1.66397e+007 1.66397e+007 1.66397e+007 1.66397e+007 1.66397e+007 1.66397e+007 1.66397e+007 1.66397e+007 1.66397e+007 1.66397e+007 1.66397e+007 1.66397e+007 1.66397e+007 1.66397e+007 1.66397e+007 1.66397e+007 1.66397e+007 1.66397e+007 1.66397e+007 1.66397e+007 1.66397e+007 1.66397e+007 1.66397e+007 1.66397e+007 1.66397e+007 1.66397e+007 1.66397e+007 1.66397e+007 1.66397e+007 0 0 0 0 0 0 0 0 0 0 0 0 0 0 0 0 0 0 0 0 0 0 0 0 0
#obs cpue bio
 4.79856e+006 3.51114e+006 3.1976e+006 3.46057e+006 2.14699e+006 2.12361e+006 1.90712e+006 2.31937e+006 1.63803e+006 1.62244e+006 1.5025e+006 1.28296e+006 566697 1.10009e+006 820182 906559 907548 471819 714375 826058 572571 431537 652439 499552 364105 601986 502858 505707 559320 843016 387895 683105 601241 524132 635865 661454 600840 560344 425395 610705 572497 462687 520037 691315 596898 560849 539378 492400 520517 580154 490952 451452 634295 506091 430013 543105 556113 500710 423559 549745 438442
#pred surv len freq
 0.00463684 0.00751387 0.0112871 0.0159448 0.0214014 0.0274274 0.0336092 0.0394332 0.0444666 0.0484932 0.0515193 0.0536894 0.0551972 0.0562231 0.0568887 0.0572302 0.0571995 0.0566844 0.0555227 0.0534938 0.0503165 0.0457168 0.0395947 0.0322193 0.0242908
 0.00498296 0.00798753 0.0118405 0.0164915 0.0218579 0.0277678 0.0338945 0.0397828 0.0449788 0.0491634 0.0522111 0.0541821 0.0552832 0.0558016 0.0560122 0.056088 0.0560487 0.0557579 0.0549482 0.0532578 0.0502918 0.0457372 0.0395375 0.0320487 0.0240464
 0.00513658 0.00827663 0.0123416 0.0172829 0.0229803 0.0291777 0.0354425 0.0412505 0.0461687 0.0499837 0.052691 0.0544038 0.0552879 0.0555483 0.0554194 0.0551198 0.0547767 0.0543535 0.0536113 0.0521316 0.0494151 0.0450598 0.0389785 0.0315539 0.023608
 0.00538158 0.00865332 0.0128731 0.0179887 0.0238873 0.0303264 0.0368729 0.0429638 0.0480813 0.0519115 0.0543901 0.055653 0.055961 0.0556262 0.0549463 0.0541553 0.0533883 0.0526416 0.0517254 0.0502451 0.0476753 0.0435514 0.037725 0.0305462 0.0228301
 0.00561884 0.00903623 0.0134433 0.0187811 0.0249224 0.0316009 0.0383546 0.0445974 0.0498027 0.0536555 0.0560774 0.0571689 0.0571517 0.056331 0.0550473 0.053611 0.0522351 0.0509783 0.0496978 0.0480323 0.0454659 0.0415112 0.0359706 0.0291361 0.0217722
 0.00585251 0.00941843 0.0140235 0.0196087 0.026039 0.0330268 0.0400722 0.0465412 0.0518644 0.0557037 0.0579818 0.0588154 0.0584429 0.0571753 0.055353 0.0532974 0.0512602 0.0493659 0.04755 0.0455222 0.0428134 0.0389453 0.0336884 0.0272688 0.0203696
 0.00609512 0.00981042 0.0146102 0.0204335 0.0271398 0.0344266 0.0417667 0.0484879 0.0539795 0.0578684 0.0600553 0.0606528 0.0599127 0.0581713 0.0557951 0.0531259 0.0504351 0.0478807 0.0454567 0.0429519 0.0399745 0.036094 0.0310762 0.0250871 0.0187126
 0.0063658 0.010246 0.0152581 0.0213369 0.0283316 0.0359208 0.0435455 0.0504949 0.0561232 0.0600338 0.0621169 0.0624839 0.0613931 0.0591948 0.0562753 0.0529991 0.049661 0.0464484 0.0434006 0.0403743 0.0370599 0.0330953 0.0282676 0.0226985 0.0168744
 0.00660833 0.0106364 0.0158391 0.0221479 0.0294038 0.0372689 0.0451566 0.0523209 0.058083 0.0620235 0.0640229 0.0641936 0.0628021 0.0602101 0.0568172 0.053001 0.0490722 0.0452421 0.0415902 0.0380361 0.0343502 0.0302456 0.0255458 0.0203445 0.015038
 0.00694676 0.0111706 0.0166137 0.0231951 0.0307401 0.0388885 0.0470227 0.0543593 0.0601865 0.064067 0.065881 0.0657552 0.0639788 0.060939 0.0570563 0.0527224 0.0482555 0.0438765 0.0396893 0.0356616 0.0316354 0.0273983 0.0228175 0.0179703 0.0131729
 0.00730204 0.0117266 0.0174108 0.0242572 0.0320725 0.0404743 0.0488162 0.0562828 0.0621363 0.0659283 0.0675433 0.0671234 0.064978 0.061516 0.0571783 0.0523716 0.0474241 0.0425651 0.0379153 0.0334788 0.0291553 0.0247981 0.0203178 0.0157835 0.0114443
 0.00765718 0.0123008 0.0182681 0.0254526 0.0336388 0.042402 0.0510348 0.0586569 0.0644866 0.0680688 0.0693169 0.0684214 0.0657437 0.0617372 0.0568741 0.0515782 0.0461819 0.0409133 0.0358968 0.0311563 0.0266318 0.0222272 0.0178886 0.0136784 0.00978755
 0.00788687 0.0126837 0.0188627 0.0263217 0.0348387 0.0439642 0.0529431 0.0608324 0.066789 0.0703146 0.0713091 0.0699835 0.0667492 0.0621265 0.0566527 0.0507988 0.0449205 0.03925 0.0339098 0.0289295 0.0242707 0.0198686 0.0156913 0.0117918 0.00831075
 0.00810128 0.013022 0.0193546 0.0269922 0.0357097 0.0450537 0.0542588 0.06236 0.0684806 0.0720817 0.0730247 0.071496 0.0679076 0.0628091 0.0567897 0.0503805 0.0439896 0.0378844 0.0322053 0.026992 0.0222175 0.0178315 0.0138091 0.0101872 0.00706121
 0.00809694 0.0130561 0.0194814 0.0272868 0.0362483 0.0458834 0.0553728 0.0636951 0.0699372 0.0735536 0.0744181 0.07273 0.0689063 0.0634963 0.0570961 0.0502584 0.0434272 0.0369116 0.03089 0.0254315 0.0205294 0.0161447 0.0122509 0.0088633 0.0060345
 0.00816665 0.0131575 0.0196151 0.0274544 0.0364632 0.0461818 0.0558135 0.06434 0.0708174 0.0746394 0.0756142 0.0739023 0.0699217 0.0642539 0.0575342 0.0503464 0.0431568 0.0362958 0.0299681 0.0242725 0.01923 0.0148189 0.0110133 0.00780761 0.00521559
 0.00835525 0.0134418 0.0200006 0.0279297 0.0370015 0.0467468 0.0563676 0.0648549 0.0712853 0.0750767 0.0760504 0.0743553 0.0703758 0.0646557 0.0578101 0.0504278 0.0429983 0.0358819 0.029313 0.0234195 0.0182491 0.0137998 0.0100503 0.00698057 0.00457208
 0.00831968 0.0133992 0.0199641 0.0279196 0.037038 0.0468401 0.0565104 0.0650251 0.071458 0.0752403 0.0762165 0.0745546 0.070641 0.0649988 0.0582061 0.0508156 0.0432983 0.0360218 0.0292491 0.0231479 0.0178058 0.0132512 0.00947653 0.00645567 0.00414675
 0.00830126 0.0133623 0.0198973 0.027811 0.0368831 0.0466495 0.0563147 0.0648678 0.07138 0.0752627 0.076335 0.0747488 0.0708903 0.0652913 0.0585352 0.0511661 0.0436361 0.0362961 0.0294076 0.0231568 0.0176636 0.0129906 0.00915361 0.00613112 0.00386816
 0.00841979 0.0135382 0.0201296 0.0280861 0.0371753 0.046926 0.056541 0.0650156 0.0714352 0.0752316 0.0762419 0.0746261 0.0707662 0.0651842 0.0584541 0.0511138 0.0436085 0.0362778 0.0293727 0.0230767 0.0175207 0.012788 0.0089157 0.00589316 0.00366218
 0.00849241 0.0136474 0.020277 0.028266 0.0373747 0.0471253 0.0567158 0.0651396 0.0714864 0.0752 0.0761352 0.0744694 0.0705948 0.0650323 0.058345 0.0510557 0.0435951 0.0362922 0.0293918 0.0230763 0.0174821 0.0127053 0.0087984 0.0057619 0.00353973
 0.00835922 0.0134553 0.0200331 0.0279921 0.037101 0.0468797 0.0565162 0.0649921 0.07139 0.0751514 0.0761326 0.0745131 0.0706864 0.0651728 0.0585332 0.0512847 0.0438514 0.0365556 0.0296381 0.0232816 0.0176288 0.0127869 0.00882126 0.00574309 0.00350041
 0.00834363 0.0134093 0.0199275 0.0277913 0.0367773 0.0464331 0.0559876 0.0644583 0.0709387 0.07485 0.0760088 0.0745555 0.0708608 0.0654397 0.0588586 0.0516431 0.0442222 0.03692 0.0299762 0.0235741 0.01786 0.0129493 0.00891801 0.0057872 0.00350999
 0.00867898 0.0138981 0.0205565 0.028507 0.0374949 0.047055 0.056424 0.0646451 0.0708519 0.0745157 0.0754974 0.0739606 0.0702692 0.0649108 0.05842 0.0512999 0.0439684 0.036745 0.0298665 0.0235131 0.0178293 0.0129319 0.00890252 0.00576878 0.00348947
 0.00875863 0.0140454 0.0208085 0.0289014 0.0380513 0.047751 0.0571783 0.0653275 0.0713219 0.074673 0.0753181 0.0735003 0.0696363 0.0642268 0.0577849 0.0507738 0.0435716 0.0364695 0.0296901 0.0234096 0.017774 0.0129043 0.00888747 0.0057576 0.00347887
 0.00875361 0.0140379 0.0208004 0.0289003 0.0380751 0.0478299 0.0573495 0.0656179 0.0717244 0.0751302 0.0757312 0.0737645 0.069685 0.0640586 0.0574586 0.0503781 0.0431892 0.0361542 0.0294618 0.0232626 0.0176895 0.0128607 0.00886676 0.0057474 0.00347255
 0.00879296 0.0141025 0.0208985 0.0290392 0.0382589 0.0480571 0.0576126 0.0659057 0.072026 0.0754357 0.0760247 0.0740148 0.0698442 0.064077 0.0573091 0.050074 0.0427833 0.0357179 0.0290596 0.0229344 0.0174475 0.012697 0.00876361 0.00568603 0.00343762
 0.008575 0.0137848 0.0204887 0.0285692 0.0377774 0.0476168 0.0572592 0.0656733 0.0719373 0.0755017 0.0762439 0.0743699 0.0703 0.0645796 0.0577935 0.0504797 0.0430723 0.0358859 0.0291314 0.0229485 0.0174387 0.0126865 0.00875918 0.00568699 0.00344076
 0.0084588 0.0135906 0.0201889 0.0281404 0.0372126 0.0469405 0.056537 0.0650044 0.0714276 0.0752305 0.0762414 0.0746173 0.0707449 0.0651545 0.0584277 0.051106 0.0436336 0.0363431 0.02947 0.0231778 0.0175833 0.0127745 0.00881277 0.00572037 0.00346157
 0.00844324 0.0135563 0.0201197 0.0280132 0.0370003 0.0466189 0.0560953 0.064457 0.0708218 0.0746451 0.0757713 0.0743468 0.0707211 0.0653739 0.0588413 0.0516383 0.0442038 0.0368817 0.0299292 0.0235351 0.0178393 0.012945 0.00891975 0.00578442 0.00349839
 0.00836143 0.0134437 0.0199868 0.0278802 0.0368877 0.0465344 0.056025 0.0643677 0.0706756 0.0744198 0.0754764 0.0740276 0.0704465 0.0652132 0.0588395 0.0518006 0.0444964 0.0372465 0.0303039 0.0238701 0.0181066 0.0131381 0.00904741 0.00586233 0.00354262
 0.0081989 0.0131914 0.019631 0.02742 0.0363395 0.0459354 0.0554327 0.0638504 0.0702927 0.074201 0.0754137 0.0740871 0.0705919 0.0654254 0.0591198 0.0521587 0.0449321 0.0377387 0.0308123 0.0243476 0.0185142 0.013455 0.00927238 0.00600848 0.00362967
 0.00811478 0.0130501 0.0194101 0.0270971 0.0358982 0.0453755 0.0547803 0.0631613 0.0696451 0.0736777 0.0750806 0.0739758 0.0706942 0.0657018 0.0595185 0.0526338 0.0454514 0.0382791 0.0313502 0.0248544 0.0189598 0.0138165 0.009541 0.0061906 0.00374208
 0.00792156 0.0127625 0.019026 0.0266293 0.0353681 0.0448033 0.0541806 0.0625481 0.0690423 0.0731273 0.0746418 0.0737118 0.0706527 0.0658975 0.0599278 0.0532036 0.0461164 0.0389777 0.0320325 0.0254822 0.0195043 0.0142587 0.00987419 0.00642145 0.00388811
 0.00782476 0.0126004 0.0187744 0.0262668 0.0348844 0.0442108 0.0535212 0.061887 0.0684484 0.0726513 0.0743069 0.0735219 0.0706078 0.0660029 0.0601892 0.0536146 0.0466505 0.03959 0.0326695 0.0260927 0.0200477 0.0147083 0.0102188 0.00666469 0.00404509
 0.00850276 0.0135428 0.0198966 0.0273886 0.035779 0.0446843 0.0534797 0.0613573 0.0675511 0.0715513 0.0731672 0.0724721 0.0697311 0.0653382 0.059744 0.0533789 0.0466039 0.039702 0.0328986 0.0263898 0.0203633 0.0150013 0.0104619 0.00684644 0.0041677
 0.00917245 0.0145989 0.0214153 0.0293917 0.0381987 0.0473275 0.0560172 0.0633758 0.0686741 0.0715776 0.0721442 0.0706614 0.0674947 0.0630175 0.0575868 0.0515251 0.0451074 0.0385616 0.0320817 0.0258459 0.0200329 0.0148234 0.0103816 0.00682036 0.00416629
 0.00911234 0.0146097 0.0216319 0.0300063 0.0394097 0.0492545 0.0586185 0.0664102 0.0717315 0.0741699 0.0738304 0.0711694 0.0667965 0.0613245 0.0552642 0.0489699 0.0426465 0.0364049 0.0303258 0.0245039 0.0190668 0.0141691 0.00996661 0.00657509 0.00403199
 0.00879202 0.0141241 0.0209749 0.0292179 0.0385937 0.0485886 0.0583418 0.066768 0.0728777 0.0760666 0.0762076 0.0735838 0.0687727 0.0625109 0.0555344 0.0484296 0.0415581 0.0350769 0.0290187 0.0233835 0.0182029 0.0135605 0.0095722 0.00633979 0.00390302
 0.00862538 0.0138376 0.0205166 0.0285352 0.0376527 0.0474056 0.0570149 0.065489 0.0719085 0.075676 0.0765824 0.0747455 0.0705382 0.064531 0.0574044 0.0498257 0.0423339 0.0352762 0.0288135 0.0229818 0.0177744 0.0132044 0.00932164 0.00618593 0.00381955
 0.00862372 0.0138296 0.0204926 0.0284766 0.037529 0.0471747 0.0566313 0.0649251 0.0711841 0.0748839 0.0758887 0.0743496 0.0705996 0.0650934 0.0583594 0.0509434 0.0433506 0.0359952 0.0291658 0.0230206 0.0176208 0.0129824 0.00911688 0.00603599 0.00372684
 0.0085469 0.0137189 0.0203518 0.028317 0.0373647 0.0470136 0.0564683 0.0647399 0.0709475 0.0745726 0.0755072 0.0739486 0.0702782 0.064971 0.0585238 0.0513999 0.0440058 0.0366916 0.0297491 0.023401 0.0177927 0.0130021 0.00905965 0.00596154 0.00366661
 0.00852076 0.0136807 0.0203029 0.0282629 0.0373145 0.0469795 0.0564617 0.0647659 0.0709978 0.0746214 0.0755152 0.0738796 0.0701214 0.0647582 0.0583254 0.051297 0.0440488 0.0368716 0.0300017 0.0236412 0.0179574 0.013073 0.00905733 0.00592252 0.00362174
 0.00863942 0.0138367 0.0204698 0.0283945 0.0373594 0.0469031 0.0562642 0.0644848 0.0706929 0.0743517 0.0753185 0.0737633 0.0700669 0.0647364 0.0583172 0.0513055 0.0440954 0.0369765 0.0301635 0.0238309 0.018133 0.0132012 0.00912815 0.00594696 0.00361986
 0.00865172 0.0138608 0.0205116 0.0284563 0.0374325 0.0469603 0.0562603 0.0643703 0.0704401 0.0739773 0.0748873 0.0733653 0.0697807 0.0646013 0.0583275 0.0514264 0.0442869 0.037208 0.030414 0.0240817 0.0183622 0.0133882 0.00926107 0.00602762 0.00366056
 0.00866284 0.0138883 0.0205704 0.0285662 0.0376129 0.0472208 0.0565903 0.0647322 0.0707714 0.0742044 0.0749482 0.0732347 0.0694837 0.0642056 0.0579166 0.05107 0.0440228 0.0370429 0.030335 0.0240667 0.0183872 0.0134302 0.00930208 0.00605738 0.00367699
 0.00869729 0.0139336 0.0206198 0.0286092 0.0376414 0.047237 0.0566109 0.0647834 0.0708748 0.0743611 0.0751303 0.0733919 0.0695627 0.0641742 0.0577785 0.0508622 0.0437985 0.0368491 0.0301986 0.0239922 0.0183629 0.0134373 0.00932252 0.00607827 0.00369207
 0.00875971 0.0140246 0.0207368 0.0287415 0.0377715 0.0473443 0.0566769 0.0647977 0.0708414 0.0742996 0.0750696 0.073356 0.0695569 0.0641811 0.0577689 0.0508131 0.0437068 0.0367326 0.0300845 0.0239033 0.0183089 0.0134151 0.00932127 0.00608644 0.00370148
 0.00876771 0.0140449 0.0207802 0.0288209 0.0378967 0.0475145 0.056875 0.0649922 0.0709949 0.0743834 0.0750741 0.0732935 0.0694545 0.0640668 0.05766 0.0507118 0.0436062 0.0366271 0.029977 0.0238043 0.0182298 0.0133615 0.00929146 0.00607366 0.0036981
 0.00875864 0.0140387 0.0207869 0.0288565 0.0379797 0.0476608 0.057091 0.0652687 0.0713055 0.0746858 0.0753198 0.0734407 0.0694817 0.0639796 0.0574862 0.0504885 0.0433664 0.0363935 0.0297629 0.0236179 0.0180772 0.0132461 0.00921197 0.00602441 0.00367081
 0.00883349 0.0141517 0.0209414 0.0290507 0.0382097 0.0479226 0.0573817 0.0655836 0.0716333 0.0750047 0.0755964 0.0736354 0.0695588 0.0639184 0.0572892 0.0501823 0.0429933 0.0359993 0.0293865 0.0232861 0.0178044 0.0130366 0.00906257 0.00592617 0.0036117
 0.00876008 0.0140567 0.0208429 0.0289799 0.038201 0.0479998 0.0575468 0.0658174 0.0719051 0.0752853 0.0758645 0.0738752 0.0697535 0.064048 0.0573344 0.0501325 0.0428541 0.0357927 0.0291447 0.0230423 0.0175851 0.0128577 0.00892932 0.00583548 0.00355545
 0.00873782 0.0140109 0.0207582 0.0288406 0.038001 0.0477543 0.057298 0.0656262 0.0718286 0.0753525 0.0760651 0.0741674 0.0700832 0.0643659 0.0576032 0.0503282 0.0429646 0.035819 0.0291005 0.0229513 0.0174739 0.0127495 0.00883902 0.00576913 0.00351201
 0.00862498 0.0138224 0.020465 0.0284131 0.0374157 0.0470065 0.0564163 0.0646815 0.0709305 0.0746304 0.0756375 0.0741084 0.0704002 0.0649976 0.0584407 0.051247 0.0438546 0.0366016 0.0297342 0.023427 0.0178065 0.0129667 0.00897212 0.00584585 0.00355373
 0.00876591 0.0140507 0.020805 0.0288806 0.0380073 0.0476862 0.0571069 0.0652723 0.0713055 0.0747079 0.0754014 0.0736157 0.0697606 0.064336 0.0578584 0.0507975 0.0435419 0.036396 0.0295947 0.0233197 0.0177124 0.012881 0.00889761 0.00578683 0.00351187
 0.0086597 0.0139151 0.0206699 0.0287984 0.0380406 0.0478861 0.0574911 0.0658128 0.0719292 0.0753101 0.0758699 0.0738621 0.0697485 0.0640927 0.057463 0.0503495 0.043126 0.0360602 0.0293485 0.0231473 0.0175904 0.0127906 0.00882845 0.00573489 0.00347529
 0.00856683 0.0137505 0.0204001 0.0283923 0.0374873 0.0472172 0.0567946 0.0652205 0.0715759 0.0752811 0.0761667 0.0744029 0.070402 0.0647265 0.0579841 0.0507232 0.0433685 0.0362143 0.0294564 0.0232347 0.017665 0.0128504 0.00887068 0.00576034 0.00348807
 0.00897108 0.0143403 0.0211608 0.0292617 0.0383667 0.0479948 0.0573702 0.0655262 0.0715932 0.0750484 0.0757692 0.0739408 0.0699518 0.064317 0.0576011 0.0503357 0.0429579 0.0357882 0.0290435 0.0228679 0.017367 0.0126272 0.00871515 0.00565866 0.00342556
 0.0095427 0.0152226 0.0223973 0.030851 0.0402523 0.0500559 0.0594181 0.0673217 0.0728944 0.0756782 0.075668 0.073178 0.0686938 0.0627703 0.0559559 0.0487308 0.0414744 0.0344651 0.0278988 0.0219122 0.0166047 0.0120524 0.00830877 0.00539092 0.00326196
 0.00961777 0.0153754 0.0226835 0.0313399 0.0410077 0.0511057 0.0607258 0.0687751 0.0743222 0.0768862 0.0764831 0.0734888 0.0684754 0.0620872 0.0549396 0.0475395 0.0402521 0.033316 0.0268839 0.021059 0.0159203 0.0115312 0.0079353 0.00514139 0.00310777
 0.00914239 0.0146929 0.0218267 0.0304046 0.0401357 0.0504523 0.0604251 0.0689147 0.0749228 0.0778879 0.0777467 0.0748203 0.0696731 0.0629927 0.0554732 0.0477079 0.0401281 0.0330043 0.0264864 0.0206545 0.0155584 0.0112364 0.00771407 0.00498833 0.00301055
#obs surv len freq
 nan nan nan nan nan nan nan nan nan nan nan nan nan nan nan nan nan nan nan nan nan nan nan nan nan
 0.00448489 0.0073463 0.0111763 0.0159925 0.021693 0.0279682 0.0342819 0.0400128 0.0446922 0.0481559 0.0505139 0.0520098 0.0529022 0.0534147 0.0537292 0.0539842 0.0542628 0.0545556 0.0546944 0.0542863 0.0527243 0.0493565 0.0438062 0.0362862 0.0276699
 0.00461519 0.00756049 0.0115026 0.0164578 0.0223156 0.0287482 0.035191 0.0409918 0.0456592 0.049023 0.0512039 0.0524678 0.0531004 0.0533527 0.0534292 0.0534836 0.0536052 0.0537837 0.0538472 0.0534009 0.0518395 0.0485154 0.0430537 0.0356603 0.0271914
 0.00477337 0.0078194 0.0118957 0.0170173 0.0230673 0.0297006 0.0363248 0.0422542 0.0469682 0.0502799 0.0523073 0.053327 0.0536454 0.0535422 0.053254 0.052965 0.052788 0.0527268 0.0526168 0.0520668 0.0504765 0.0472032 0.0418714 0.0346732 0.0264356
 0.00496382 0.00813015 0.0123655 0.0176833 0.0239577 0.0308243 0.0376596 0.0437424 0.0485234 0.0518011 0.0536927 0.0544812 0.0544844 0.053998 0.0532819 0.0525494 0.0519456 0.0515058 0.0510918 0.0503344 0.0486515 0.0454119 0.0402387 0.0333008 0.0253808
 0.00518017 0.00848413 0.0129025 0.0184468 0.0249812 0.032118 0.0391968 0.0454546 0.0503103 0.0535493 0.0552928 0.0558369 0.0555136 0.0546319 0.053465 0.0522437 0.0511375 0.0502144 0.0493758 0.0482958 0.0464325 0.0431835 0.038176 0.03155 0.024027
 0.00540958 0.00886053 0.0134754 0.0192649 0.0260828 0.0335169 0.0408667 0.0473237 0.0522706 0.055477 0.0570676 0.0573537 0.0566862 0.0553911 0.0537558 0.0520234 0.0503787 0.0489139 0.0475694 0.046073 0.0439431 0.0406268 0.0357698 0.0294833 0.0224161
 0.00563787 0.00923547 0.014047 0.0200827 0.027187 0.034924 0.0425541 0.0492235 0.0542784 0.0574705 0.0589253 0.0589664 0.0579617 0.0562546 0.0541482 0.0518982 0.0497015 0.0476693 0.045776 0.0438037 0.041341 0.0379011 0.033163 0.0272165 0.0206329
 0.0058848 0.00963969 0.0146606 0.020956 0.0283594 0.0364085 0.0443223 0.0511998 0.0563504 0.0595108 0.0608114 0.0605921 0.05924 0.0571165 0.0545391 0.0517744 0.0490288 0.0464274 0.0439733 0.0415005 0.0386699 0.03507 0.0304254 0.0248126 0.0187265
 0.0061208 0.0100263 0.0152481 0.0217934 0.0294854 0.0378372 0.0460279 0.0531107 0.0583593 0.0614942 0.0626498 0.0621814 0.0604953 0.0579714 0.0549423 0.0516849 0.0484135 0.0452638 0.0422633 0.0392928 0.0360834 0.032301 0.0277221 0.0224183 0.0168134
 0.00637984 0.0104484 0.0158851 0.0226937 0.0306846 0.0393431 0.047805 0.0550757 0.0603931 0.0634655 0.0644366 0.0636839 0.0616383 0.0587019 0.0552235 0.0514906 0.0477224 0.0440614 0.0405528 0.0371171 0.0335497 0.029591 0.0250712 0.0200623 0.0149232
 0.00660649 0.0108247 0.0164658 0.0235342 0.0318289 0.0408054 0.0495517 0.0570198 0.0624081 0.0654114 0.0661849 0.0651313 0.0627109 0.0593522 0.0554253 0.0512303 0.0469929 0.0428605 0.0388911 0.035037 0.0311487 0.0270333 0.0225716 0.0178383 0.0131352
 0.00684789 0.0112158 0.0170519 0.0243574 0.032921 0.0421762 0.0511753 0.0588278 0.0642953 0.0672527 0.0678543 0.0665181 0.0637301 0.059949 0.0555725 0.0509218 0.0462345 0.0416647 0.0372808 0.0330603 0.0288982 0.0246573 0.0202615 0.015788 0.0114877
 0.00707476 0.011591 0.0176279 0.0251852 0.0340381 0.0435882 0.0528394 0.0606502 0.0661485 0.0690035 0.0693875 0.0677459 0.064591 0.0604037 0.055601 0.0505208 0.045414 0.0404451 0.0356951 0.0311631 0.0267802 0.0224536 0.018141 0.0139189 0.00999227
 0.00727516 0.0119228 0.0181385 0.0259225 0.035041 0.0448704 0.0543732 0.0623592 0.0679165 0.0706963 0.0708765 0.0689268 0.065393 0.0607908 0.0555656 0.0500745 0.0445792 0.0392516 0.0341825 0.0293893 0.0248329 0.0204555 0.0162393 0.0122565 0.00867016
 0.00741532 0.0121535 0.0184914 0.0264302 0.0357321 0.045761 0.055457 0.0636012 0.0692545 0.072048 0.0721494 0.0700276 0.0662377 0.0613142 0.0557279 0.0498621 0.044001 0.0383334 0.0329646 0.0279303 0.023216 0.018791 0.0146551 0.0108735 0.00757196
 0.00752234 0.0123255 0.018747 0.0267863 0.0362021 0.0463517 0.0561643 0.0644079 0.0701314 0.0729575 0.0730474 0.0708638 0.0669561 0.0618555 0.0560365 0.0498942 0.0437316 0.0377604 0.0321102 0.026842 0.0219679 0.0174816 0.013396 0.00976847 0.00669237
 0.00757572 0.0124104 0.0188713 0.0269569 0.0364245 0.0466301 0.0565002 0.0648 0.0705758 0.0734479 0.0735747 0.0714122 0.0674994 0.0623549 0.0564418 0.0501499 0.0437866 0.0375788 0.031681 0.0261856 0.0211373 0.0165582 0.0124763 0.00894371 0.006027
 0.0076504 0.0125229 0.0190241 0.0271467 0.0366435 0.0468685 0.0567488 0.065051 0.0708246 0.0736943 0.0738224 0.0716672 0.0677645 0.0626238 0.0566946 0.0503525 0.0438945 0.0375469 0.0314767 0.0258007 0.0205964 0.0159173 0.0118114 0.00833153 0.00552467
 0.00771315 0.0126207 0.0191632 0.0273286 0.0368643 0.047117 0.0570062 0.0652942 0.0710317 0.0738531 0.0739345 0.0717464 0.0678302 0.0626923 0.0567723 0.0504305 0.0439488 0.0375425 0.0313774 0.0255828 0.0202603 0.0154923 0.0113496 0.00789209 0.00515565
 0.0077596 0.0126901 0.0192562 0.0274422 0.0369927 0.0472537 0.057145 0.0654287 0.0711553 0.0739589 0.0740172 0.071805 0.0678695 0.0627219 0.0568023 0.0504656 0.0439831 0.0375577 0.0313473 0.0254824 0.020078 0.0152379 0.0110539 0.00759688 0.00489898
 0.00779087 0.0127374 0.0193205 0.0275218 0.0370828 0.0473474 0.0572342 0.0655055 0.0712146 0.0739996 0.074043 0.0718218 0.0678829 0.0627362 0.05682 0.0504879 0.0440075 0.0375761 0.0313447 0.0254412 0.0199851 0.0150931 0.0108729 0.00740644 0.00472675
 0.00782429 0.0127854 0.0193811 0.0275889 0.0371483 0.0474033 0.0572753 0.0655298 0.0712229 0.073995 0.0740302 0.0718066 0.0678713 0.0627331 0.0568279 0.0505063 0.0440331 0.0376021 0.0313609 0.0254351 0.0199463 0.0150181 0.010769 0.00728968 0.00461609
 0.00787219 0.0128604 0.0194881 0.0277294 0.0373182 0.0475918 0.0574635 0.0656938 0.0713396 0.0740492 0.0740198 0.0717415 0.0677688 0.0626122 0.0567052 0.0503937 0.0439367 0.0375222 0.0312929 0.0253709 0.0198772 0.014939 0.0106806 0.00719932 0.00453377
 0.00785065 0.012829 0.0194479 0.027684 0.0372738 0.0475558 0.0574431 0.0656941 0.0713617 0.0740896 0.0740701 0.0717922 0.0678127 0.0626462 0.0567309 0.0504148 0.0439569 0.0375429 0.0313122 0.025384 0.0198786 0.0149249 0.0106514 0.00716012 0.00449232
 0.00788983 0.0128822 0.0195087 0.0277405 0.0373125 0.0475675 0.0574278 0.0656609 0.0713246 0.074061 0.0740566 0.071793 0.0678217 0.062656 0.0567356 0.0504127 0.0439493 0.0375329 0.0313017 0.0253729 0.0198648 0.0149059 0.0106266 0.00713132 0.00446345
 0.00788613 0.0128789 0.0195084 0.0277457 0.0373237 0.0475802 0.0574322 0.0656451 0.0712813 0.0739936 0.07398 0.0717275 0.0677841 0.0626529 0.0567627 0.0504589 0.0440027 0.0375844 0.0313463 0.0254081 0.0198893 0.0149193 0.0106294 0.00712589 0.00445329
 0.00788301 0.012873 0.019498 0.0277295 0.0373015 0.047554 0.057406 0.0656235 0.0712658 0.0739816 0.0739659 0.0717077 0.0677608 0.0626339 0.0567574 0.0504724 0.0440338 0.0376266 0.0313913 0.0254491 0.0199218 0.0149413 0.0106413 0.00712939 0.00445129
 0.00788611 0.0128725 0.0194871 0.0276989 0.0372421 0.0474617 0.0572854 0.0654884 0.0711359 0.0738764 0.073899 0.0716835 0.0677751 0.062678 0.0568223 0.0505518 0.0441231 0.0377212 0.0314852 0.0255356 0.0199951 0.0149979 0.0106806 0.0071535 0.00446392
 0.00787143 0.0128493 0.0194532 0.027652 0.0371795 0.0473803 0.0571826 0.0653645 0.0709968 0.0737354 0.0737746 0.0715954 0.0677376 0.0626956 0.0568892 0.0506554 0.0442488 0.0378558 0.0316179 0.0256577 0.0201001 0.0150817 0.0107421 0.00719454 0.00448854
 0.00781763 0.0127632 0.0193268 0.0274797 0.0369605 0.0471216 0.0569009 0.0650846 0.0707471 0.0735397 0.073649 0.0715469 0.0677668 0.0627983 0.0570565 0.0508729 0.0444979 0.0381159 0.0318698 0.0258861 0.0202943 0.0152363 0.0108567 0.00727307 0.00453781
 0.00781555 0.0127514 0.0192934 0.0274089 0.0368366 0.0469357 0.0566572 0.0648022 0.0704556 0.0732725 0.0734355 0.0714078 0.067712 0.0628281 0.0571634 0.0510438 0.0447156 0.0383607 0.032121 0.0261243 0.0205041 0.0154079 0.0109868 0.0073639 0.00459595
 0.00778685 0.0127061 0.0192273 0.0273179 0.0367163 0.0467811 0.0564645 0.0645718 0.0701964 0.073004 0.073186 0.071209 0.0675914 0.0628014 0.0572325 0.0511981 0.0449359 0.0386231 0.0324003 0.0263968 0.0207498 0.0156131 0.0111451 0.00747625 0.00466894
 0.00776586 0.0126705 0.0191711 0.027235 0.0366021 0.0466351 0.0562914 0.0643815 0.0700004 0.0728129 0.0730087 0.0710555 0.0674745 0.0627371 0.0572349 0.0512746 0.0450831 0.038827 0.0326394 0.0266461 0.020986 0.0158179 0.0113077 0.00759446 0.00474724
 0.00774111 0.0126305 0.0191115 0.0271517 0.0364921 0.0464976 0.0561295 0.0642027 0.0698166 0.0726376 0.0728551 0.0709334 0.067391 0.0626967 0.0572423 0.0513341 0.0451966 0.0389908 0.0328417 0.0268684 0.0212065 0.0160165 0.0114706 0.00771596 0.00482945
 0.00931908 0.0148388 0.0217756 0.0298893 0.0388244 0.0480272 0.0566808 0.0638478 0.0687919 0.0712235 0.0712876 0.0693723 0.0659283 0.061379 0.0560899 0.0503538 0.0443885 0.0383499 0.0323579 0.0265248 0.0209798 0.0158794 0.0113958 0.00767987 0.00481466
 0.00928601 0.0150801 0.0226589 0.031872 0.0422549 0.052876 0.0623698 0.0693453 0.0729801 0.07334 0.071177 0.0674272 0.0628167 0.0577575 0.0524406 0.0469597 0.041384 0.0357835 0.0302346 0.0248272 0.0196754 0.014923 0.0107318 0.00724688 0.00455153
 0.00896491 0.0145706 0.0219373 0.0309818 0.0413624 0.052309 0.0625806 0.070749 0.0757069 0.0770497 0.0750995 0.0706568 0.0646906 0.0580859 0.0514773 0.0451891 0.0392918 0.0337241 0.028409 0.0233197 0.0184995 0.0140545 0.0101267 0.00685174 0.00431152
 0.008786 0.0142753 0.0214851 0.0303342 0.0404976 0.0512502 0.0614341 0.069734 0.0751422 0.0772682 0.076298 0.0727494 0.0672713 0.0605591 0.0533001 0.0460809 0.0392917 0.0330936 0.0274726 0.022343 0.0176432 0.0133851 0.00964832 0.0065366 0.00412
 0.00873143 0.0141768 0.0213181 0.0300682 0.0401012 0.0507006 0.0607309 0.0689132 0.0742905 0.0765323 0.0758743 0.0728366 0.0679839 0.06184 0.0548965 0.0476247 0.0404488 0.0336944 0.0275465 0.0220558 0.017195 0.0129329 0.00927853 0.00627445 0.00395445
 0.0087029 0.0141293 0.0212439 0.0299574 0.0399413 0.0504769 0.0604285 0.0685221 0.0738135 0.0759956 0.0753399 0.0724066 0.0677864 0.0619887 0.0554318 0.0484693 0.0414162 0.0345586 0.028137 0.0223182 0.0171869 0.0127687 0.00906848 0.00608949 0.00382217
 0.00867639 0.0140857 0.0211771 0.0298616 0.0398118 0.0503114 0.0602283 0.0682909 0.0735554 0.0757143 0.0750422 0.0721117 0.0675358 0.061847 0.0554703 0.0487318 0.0418844 0.0351426 0.0287053 0.022754 0.0174347 0.0128443 0.00903243 0.00600835 0.00374237
 0.00868228 0.0140917 0.0211794 0.0298541 0.0397871 0.0502628 0.0601515 0.0681849 0.0734222 0.0755573 0.0748656 0.0719214 0.0673431 0.0616742 0.0553533 0.0487127 0.0419938 0.0353771 0.0290192 0.0230733 0.0176897 0.0129987 0.00909117 0.00600339 0.00371019
 0.00866992 0.0140761 0.0211641 0.0298443 0.0397873 0.0502737 0.0601674 0.0681945 0.0734125 0.0755183 0.0747933 0.0718185 0.0672174 0.0615386 0.0552262 0.0486189 0.0419596 0.0354206 0.0291377 0.0232395 0.0178609 0.013136 0.00917514 0.00603758 0.00371197
 0.00866649 0.0140678 0.021147 0.0298142 0.0397416 0.0502147 0.0601031 0.068137 0.0733722 0.0754985 0.0747883 0.0718163 0.0672064 0.0615124 0.055187 0.0485774 0.0419326 0.0354254 0.0291846 0.0233251 0.0179676 0.0132393 0.0092551 0.00608625 0.00373349
 0.00865503 0.0140526 0.0211301 0.029799 0.0397312 0.0502092 0.0600994 0.0681297 0.0733574 0.0754767 0.074764 0.0717948 0.0671897 0.061498 0.0551706 0.0485571 0.0419121 0.0354136 0.0291915 0.0233558 0.0180186 0.0132992 0.00931022 0.00612701 0.00375749
 0.00864288 0.0140327 0.0211001 0.0297573 0.0396781 0.0501485 0.0600381 0.0680769 0.0733207 0.0754595 0.0747643 0.0718076 0.0672098 0.0615217 0.0551953 0.0485806 0.0419334 0.0354342 0.029215 0.0233865 0.0180576 0.0133433 0.00935286 0.00616181 0.00378126
 0.00862276 0.0139997 0.0210502 0.0296869 0.0395853 0.0500346 0.0599099 0.0679466 0.0732042 0.0753724 0.0747181 0.0718066 0.0672503 0.0615941 0.055287 0.04868 0.0420313 0.0355252 0.0292971 0.0234601 0.0181238 0.0134021 0.00940263 0.00620065 0.00380841
 0.00862475 0.0140032 0.0210558 0.0296946 0.039594 0.0500414 0.0599095 0.0679331 0.073173 0.0753235 0.0746573 0.0717439 0.0671974 0.0615598 0.0552753 0.048689 0.0420557 0.0355586 0.0293342 0.0234975 0.0181598 0.0134355 0.00943213 0.00622478 0.00382622
 0.00863003 0.0140123 0.0210703 0.0297163 0.0396241 0.0500795 0.0599529 0.067976 0.0732076 0.0753415 0.0746525 0.0717145 0.0671474 0.0614981 0.0552131 0.0486365 0.0420187 0.0355382 0.029328 0.0235016 0.0181703 0.0134493 0.0094466 0.00623797 0.00383679
 0.00863003 0.0140123 0.0210703 0.0297163 0.0396241 0.0500795 0.0599529 0.067976 0.0732076 0.0753415 0.0746525 0.0717145 0.0671474 0.0614981 0.0552131 0.0486365 0.0420187 0.0355382 0.029328 0.0235016 0.0181703 0.0134493 0.0094466 0.00623797 0.00383679
 0.00867533 0.014085 0.0211775 0.029863 0.039811 0.0503004 0.0601923 0.0682095 0.0734067 0.0754802 0.0747132 0.0716914 0.067046 0.0613337 0.0550076 0.0484139 0.0418016 0.0353435 0.0291658 0.023375 0.0180775 0.0133855 0.00940588 0.00621407 0.00382411
 0.00865101 0.0140515 0.0211384 0.0298261 0.0397872 0.0503006 0.0602248 0.068278 0.0735081 0.0756043 0.0748436 0.0718085 0.0671314 0.0613751 0.0550013 0.0483656 0.041724 0.0352525 0.0290761 0.0232974 0.0180172 0.0133431 0.00937897 0.00619872 0.00381635
 0.00848202 0.0137828 0.0207471 0.0292992 0.0391296 0.0495445 0.0594361 0.0675509 0.0729451 0.0752871 0.0748105 0.0720475 0.0675893 0.0619753 0.0556629 0.0490192 0.0423205 0.0357651 0.0294968 0.0236302 0.0182721 0.0135318 0.00951276 0.00628871 0.00387306
 0.00876388 0.0142073 0.0213212 0.0300023 0.0399131 0.0503361 0.0601466 0.0680868 0.07323 0.0752854 0.0745408 0.0715752 0.0670029 0.0613588 0.0550772 0.0484965 0.0418696 0.0353823 0.0291751 0.0233644 0.0180596 0.0133699 0.00939704 0.00621187 0.00382607
 0.00876454 0.0142426 0.021436 0.0302547 0.0403541 0.0509793 0.0609448 0.0689329 0.073986 0.075826 0.0747889 0.0715168 0.0666803 0.0608509 0.0544749 0.0478806 0.0412972 0.0348839 0.02876 0.02303 0.0177985 0.0131737 0.00925705 0.00611822 0.00376806
 0.00865757 0.0140716 0.0211873 0.0299263 0.0399663 0.0505846 0.0606282 0.0687921 0.0740931 0.0761885 0.0753366 0.0721265 0.0672241 0.0612405 0.0546812 0.0479264 0.0412338 0.0347658 0.0286291 0.0229107 0.0177007 0.0130991 0.0092032 0.00608176 0.00374512
 0.00875676 0.0142127 0.0213616 0.0301115 0.0401306 0.0506967 0.0606684 0.0687621 0.0740199 0.07612 0.0753239 0.0721984 0.0673689 0.0614075 0.0548046 0.0479562 0.0411555 0.0346 0.0284162 0.0226918 0.0175056 0.0129427 0.00908837 0.00600393 0.00369643
 0.00902724 0.0146495 0.0220102 0.0310029 0.0412646 0.0520202 0.0620615 0.0700495 0.0750146 0.0766817 0.0754027 0.071841 0.0666877 0.0605342 0.0538494 0.0469901 0.040216 0.0337092 0.0275959 0.0219672 0.0168996 0.0124672 0.00874072 0.00576827 0.00354902
 0.00899113 0.0146202 0.0220212 0.0311061 0.0415188 0.0524723 0.0627248 0.0708897 0.0759479 0.0775866 0.0761458 0.0723104 0.0668249 0.0603477 0.0534048 0.0463801 0.0395297 0.0330143 0.026937 0.0213737 0.016392 0.0120585 0.00843385 0.00555525 0.00341325
 0.00880972 0.0143216 0.0215689 0.0304742 0.040711 0.0515436 0.0617949 0.0701276 0.0755244 0.077613 0.0766295 0.0731526 0.0678565 0.0613858 0.0543033 0.0470586 0.0399739 0.0332557 0.0270273 0.0213651 0.0163284 0.0119732 0.0083502 0.00548655 0.0033642
#pred catch len freq
 0.00346445 0.0055435 0.0082127 0.0114695 0.0153358 0.0198289 0.024897 0.0303837 0.0360513 0.0416286 0.0468547 0.0515151 0.0554698 0.0586563 0.0610607 0.0626794 0.0634922 0.0634499 0.0624567 0.0603397 0.0568382 0.05168 0.0447752 0.036441 0.0274757
 0.0037426 0.00592925 0.00867466 0.0119484 0.0157756 0.0202172 0.0252845 0.0308587 0.0366746 0.0423683 0.0475652 0.0519812 0.0554951 0.0581506 0.0600878 0.0614433 0.0622693 0.0624912 0.0618982 0.0601614 0.0568929 0.0517777 0.0447746 0.0362998 0.027238
 0.00390275 0.00620913 0.00912716 0.0126223 0.0166903 0.0213338 0.0264955 0.0320171 0.037657 0.0431286 0.0481321 0.0523949 0.055735 0.0581184 0.059665 0.0605836 0.0610572 0.0611243 0.0606039 0.0590994 0.0561022 0.0511944 0.0443004 0.0358677 0.0268376
 0.00412815 0.00655497 0.00961404 0.013268 0.0175208 0.0223904 0.0278214 0.0336207 0.0394669 0.0449767 0.0497915 0.053657 0.0564754 0.0583056 0.059319 0.0597363 0.0597555 0.0594639 0.0587444 0.0572317 0.0543869 0.0497192 0.0430828 0.0348901 0.0260786
 0.00437091 0.00693866 0.0101712 0.0140222 0.0184849 0.023565 0.0291948 0.0351717 0.0411673 0.0467842 0.0516263 0.0553801 0.0578947 0.059221 0.0595826 0.0592896 0.0586307 0.0577653 0.0566317 0.0549033 0.0520526 0.0475617 0.0412284 0.0334005 0.0249607
 0.00461705 0.00733159 0.0107506 0.0148244 0.019541 0.0248953 0.0307981 0.0370135 0.0431755 0.0488562 0.0536432 0.0572196 0.0594337 0.0603306 0.0601299 0.059158 0.0577545 0.0561612 0.0544105 0.0522591 0.049232 0.0448208 0.0387857 0.0314003 0.0234577
 0.0048817 0.00775019 0.0113608 0.0156588 0.0206278 0.0262575 0.0324451 0.0389288 0.0453053 0.0511039 0.0558746 0.059278 0.0611618 0.0615891 0.0608044 0.059158 0.0570163 0.0546653 0.0522098 0.0494998 0.0461502 0.0417067 0.0359234 0.0290056 0.0216373
 0.00515253 0.00817862 0.0119851 0.0165111 0.0217343 0.0276365 0.0341001 0.0408389 0.0474184 0.0533341 0.0581049 0.0613674 0.0629579 0.0629443 0.0615906 0.0592753 0.0563979 0.0532848 0.0500985 0.0467709 0.0430125 0.0384473 0.0328536 0.0263865 0.0196179
 0.00543683 0.00862608 0.0126326 0.0173873 0.0228602 0.0290241 0.0357463 0.0427164 0.0494695 0.0554715 0.0602172 0.0633286 0.0646381 0.0642196 0.0623494 0.0594237 0.0558642 0.0520296 0.0481329 0.0441813 0.0399789 0.0352371 0.029776 0.0237186 0.0175339
 0.0057684 0.00914314 0.0133713 0.0183708 0.0241005 0.0305231 0.0374907 0.0446687 0.0515615 0.0576047 0.0622709 0.0651734 0.066151 0.0652958 0.0629068 0.0594002 0.0552142 0.0507267 0.0461853 0.0416574 0.0370318 0.0321064 0.0267525 0.0210746 0.0154502
 0.00616317 0.00975308 0.0142311 0.0194946 0.025485 0.0321509 0.0393284 0.0466609 0.0536276 0.0596428 0.0641665 0.0668109 0.0674251 0.066121 0.0632221 0.0591671 0.0544115 0.0493483 0.0442487 0.0392245 0.0342336 0.0291506 0.0238974 0.0185692 0.0134659
