SBPRF35
7.78865
Curr Bio
565010
B35
677856
F35
0.226143
FOFL
0.197383
OFL
89487.6
Bzero
2.22533e+006
#pred survey bio
 4.55603e+006 4.26784e+006 4.01082e+006 3.72538e+006 3.42324e+006 3.11475e+006 2.78979e+006 2.49528e+006 2.22807e+006 1.97984e+006 1.70662e+006 1.51949e+006 1.357e+006 1.18585e+006 1.07138e+006 930408 847075 795994 743696 703590 669388 635979 623317 605598 584415 576714 577530 570678 573284 580138 589805 581581 579546 567043 551706 540133 529943 519200 525087 529103 526133 525248 527215 529470 521032 530484 546530 547134 552949 554881 558917 572742 585508 588406 576957 555497 551174 522338 534409 570009 564636 531783 512547 512923 516818 528237 565405 2.08669e+007 1.27592e+007 1.31007e+007 1.36907e+007 1.43965e+007 1.50835e+007 1.56811e+007 1.61662e+007 1.65426e+007 1.68262e+007 1.70358e+007 1.7189e+007 1.73005e+007 1.73816e+007 1.74406e+007 1.74838e+007 1.75155e+007 1.7539e+007 1.75565e+007 1.75695e+007 1.75794e+007 1.75868e+007 1.75924e+007 1.75967e+007 1.76e+007 1.76025e+007 1.76044e+007 1.76059e+007 1.7607e+007 1.76079e+007 1.76086e+007 1.76091e+007 1.76095e+007 1.76098e+007 1.76101e+007 1.76103e+007 1.76104e+007 1.76105e+007 1.76106e+007 1.76107e+007 1.76107e+007 1.76108e+007 1.76108e+007 1.76108e+007 1.76108e+007 1.76108e+007 1.76109e+007 1.76109e+007 1.76109e+007 1.76109e+007 1.76109e+007 1.76109e+007 1.76109e+007 1.76109e+007 1.76109e+007 1.76109e+007 1.76109e+007 1.76109e+007 1.76109e+007 1.76109e+007 1.76109e+007 1.76109e+007 1.76109e+007 1.76109e+007 1.76109e+007 1.76109e+007 1.76109e+007 1.76109e+007 1.76109e+007 1.76109e+007 1.76109e+007 1.76109e+007 1.76109e+007 1.76109e+007 1.76109e+007 1.76109e+007 1.76109e+007 1.76109e+007 1.76109e+007 1.76109e+007 1.76109e+007 1.76109e+007 1.76109e+007 1.76109e+007 1.76109e+007 1.76109e+007 1.76109e+007 1.76109e+007 1.76109e+007 1.76109e+007 1.76109e+007 1.76109e+007 1.76109e+007 1.76109e+007 1.76109e+007 1.76109e+007 1.76109e+007 1.76109e+007 1.76109e+007 1.76109e+007 0 0 0 0 0 0 0 0 0 0 0 0 0 0 0 0 0 0 0 0 0 0 0 0 0
#obs survey bio
 5.10464e+006 3.21078e+006 2.78775e+006 3.5237e+006 2.24338e+006 1.9826e+006 2.75168e+006 2.39255e+006 1.50557e+006 2.29695e+006 1.48421e+006 1.23245e+006 1.01588e+006 811121 1.05507e+006 936214 906948 1.03317e+006 731779 678046 457174 842589 504898 590787 496921 671411 524354 386131 543085 606144 640126 462294 481606 820152 600603 540175 469208 376401 561388 733616 723702 597782 480061 638903 468762 607846 474021 536517 571784 567532 661184 545700 748360 652318 560320 725729 555600 485526 646528 608215 455536 410196 574728 453714 406314 609037 614706
#pred catch bio
 106390 96606.8 148985 195046 234609 284000 288337 291377 297381 338338 276678 266373 281041 235293 258310 206396 176601 173437 157592 147772 142797 121711 123013 122635 108739 100397 106572 98941.4 95421.3 91884 104201 95756 101275 99162.6 91561.8 88795.8 92125.7 82974.9 87610.6 93364.2 90212.3 86681.9 86031.7 95091.3 81040.7 77673.5 92393.9 89107.9 93540.2 93006.3 86315 88229.9 96027.7 106676 113788 99236.1 120090 85916.6 67395.6 100738 121213 108527 92755.5 91629.4 88276.5 71443.5 80873.5 89487.6 102639 104246 107695 112541 117422 121618 124920 127372 129121 130331 131148 131690 132045 132275 132422 132516 132575 132613 132636 132651 132660 132666 132670 132672 132673 132674 132675 132675 132675 132675 132675 132676 132676 132676 132676 132676 132676 132676 132676 132676 132676 132676 132676 132676 132676 132676 132676 132676 132676 132676 132676 132676 132676 132676 132676 132676 132676 132676 132676 132676 132676 132676 132676 132676 132676 132676 132676 132676 132676 132676 132676 132676 132676 132676 132676 132676 132676 132676 132676 132676 132676 132676 132676 132676 132676 132676 132676 132676 132676 132676 132676 132676 132676 132676 132676 132676 132676 132676 132676 0 0 0 0 0 0 0 0 0 0 0 0 0 0 0 0 0 0 0 0 0 0 0 0 0
#obs catch bio
 0 96312.5 149574 196113 236822 288601 293077 296686 303053 346379 281766 272758 289357 241137 266510 211312 180544 176770 159877 149086 145127 122656 124512 123769 109608 100900 107122 100232 96703.1 92739.2 105020 95940.1 101978 99398.7 91596.9 88529.6 91956.9 82809.3 87718.9 92848.8 89639.7 85906.6 85264.4 94227.5 80708.4 77339.9 92262 88986.2 93334.4 92959.5 86275.5 88367 95794.4 106131 113527 98168.2 120104 86088.5 66975.4 100125 120405 107973 91949.8 91136.2 88295.6 71183.1 80909.6
#pred cpue bio
 4.4755e+006 4.19064e+006 3.93546e+006 3.65052e+006 3.34957e+006 3.04236e+006 2.71922e+006 2.42672e+006 2.16158e+006 1.91565e+006 1.64566e+006 1.46029e+006 1.29961e+006 1.13118e+006 1.01868e+006 881122 799916 750691 700942 663039 630504 598609 586886 570299 550236 543088 544074 537270 539550 546501 556684 549614 548268 536854 522979 512599 502286 489997 494174 498075 495913 495610 497775 499945 491476 500192 515452 515804 521209 522868 526477 539696 552291 555584 544692 523640 519001 490678 502234 537476 533185 501184 481833 481778 485194 495527 530743 1.9622e+007 1.20163e+007 1.22956e+007 1.27956e+007 1.34679e+007 1.41472e+007 1.47433e+007 1.52282e+007 1.56045e+007 1.58881e+007 1.60977e+007 1.6251e+007 1.63625e+007 1.64435e+007 1.65025e+007 1.65457e+007 1.65774e+007 1.66009e+007 1.66184e+007 1.66315e+007 1.66413e+007 1.66487e+007 1.66544e+007 1.66586e+007 1.66619e+007 1.66644e+007 1.66664e+007 1.66678e+007 1.6669e+007 1.66698e+007 1.66705e+007 1.6671e+007 1.66714e+007 1.66717e+007 1.6672e+007 1.66722e+007 1.66723e+007 1.66724e+007 1.66725e+007 1.66726e+007 1.66726e+007 1.66727e+007 1.66727e+007 1.66727e+007 1.66727e+007 1.66728e+007 1.66728e+007 1.66728e+007 1.66728e+007 1.66728e+007 1.66728e+007 1.66728e+007 1.66728e+007 1.66728e+007 1.66728e+007 1.66728e+007 1.66728e+007 1.66728e+007 1.66728e+007 1.66728e+007 1.66728e+007 1.66728e+007 1.66728e+007 1.66728e+007 1.66728e+007 1.66728e+007 1.66728e+007 1.66728e+007 1.66728e+007 1.66728e+007 1.66728e+007 1.66728e+007 1.66728e+007 1.66728e+007 1.66728e+007 1.66728e+007 1.66728e+007 1.66728e+007 1.66728e+007 1.66728e+007 1.66728e+007 1.66728e+007 1.66728e+007 1.66728e+007 1.66728e+007 1.66728e+007 1.66728e+007 1.66728e+007 1.66728e+007 1.66728e+007 1.66728e+007 1.66728e+007 1.66728e+007 1.66728e+007 1.66728e+007 1.66728e+007 1.66728e+007 1.66728e+007 1.66728e+007 1.66728e+007 0 0 0 0 0 0 0 0 0 0 0 0 0 0 0 0 0 0 0 0 0 0 0 0 0
#obs cpue bio
 3.25827e+006 2.75114e+006 3.54876e+006 2.80765e+006 2.4778e+006 2.9387e+006 2.33035e+006 2.02201e+006 2.6693e+006 1.71197e+006 1.40013e+006 1.00393e+006 1.29856e+006 1.05318e+006 838207 654836 498533 594748 668410 786059 529046 510141 515537 644848 537489 469725 637394 340917 450388 531400 687567 800536 489033 491728 512663 672633 607232 597823 395773 661972 407272 597621 593162 549209 356294 444612 613200 457394 595962 463395 406950 484933 626366 648627 522252 630663 379140 351982 603420 815911 712022 605800 583392 509108 461834 449190 442182
#pred surv len freq
 0.00461651 0.00748476 0.0112504 0.0159037 0.0213595 0.0273866 0.033568 0.0393869 0.0444079 0.0484137 0.0514084 0.0535329 0.0549765 0.0559181 0.0564861 0.0567363 0.0566538 0.0561673 0.0551484 0.0533836 0.0505569 0.0463178 0.0404727 0.0332198 0.0252434
 0.00502272 0.00804813 0.0119235 0.0165943 0.021972 0.0278788 0.0339825 0.0398264 0.0449611 0.0490785 0.0520652 0.0539883 0.0550519 0.0555331 0.0556965 0.0557142 0.0556219 0.055316 0.0545679 0.0530416 0.0503325 0.046075 0.0401322 0.0327877 0.0247882
 0.00518119 0.00835398 0.0124659 0.0174672 0.0232303 0.0294826 0.0357693 0.0415481 0.0463816 0.050071 0.0526388 0.0542259 0.0550151 0.0552134 0.055045 0.0547151 0.0543459 0.0539118 0.0532006 0.0518223 0.049286 0.0451622 0.0393048 0.032032 0.0241299
 0.00539319 0.00867932 0.0129252 0.0180814 0.0240337 0.0305311 0.0371254 0.0432369 0.0483353 0.0521041 0.0544861 0.0556332 0.0558259 0.0553935 0.0546433 0.0538092 0.0530205 0.0522719 0.0513822 0.0499734 0.0475302 0.0435759 0.0379239 0.0308749 0.0232103
 0.00563332 0.00906581 0.0134987 0.0188751 0.0250658 0.0317968 0.0385934 0.0448572 0.0500545 0.0538701 0.0562309 0.0572434 0.0571356 0.0562201 0.0548467 0.0533354 0.0519067 0.0506248 0.0493522 0.047735 0.0452616 0.0414363 0.0360354 0.0293148 0.0220105
 0.00583981 0.00940667 0.0140219 0.0196301 0.0260957 0.0331236 0.0402018 0.0466856 0.0520015 0.0558161 0.0580611 0.0588607 0.058455 0.0571517 0.0552873 0.0531835 0.0510981 0.0491663 0.0473358 0.0453269 0.0426747 0.0388943 0.0337363 0.0273998 0.0205459
 0.00607974 0.00979291 0.0145973 0.0204353 0.0271654 0.0344794 0.04184 0.048566 0.0540441 0.057906 0.0600626 0.0606362 0.0598832 0.0581381 0.0557605 0.0530844 0.0503776 0.0478016 0.0453606 0.042856 0.0399049 0.0360756 0.0311211 0.0251876 0.0188438
 0.00633374 0.0101976 0.0151916 0.0212519 0.0282278 0.0357959 0.0433957 0.0503177 0.055922 0.0598213 0.0619151 0.0623193 0.0612891 0.059165 0.05632 0.0531059 0.049809 0.046615 0.0435691 0.040539 0.0372254 0.03327 0.028455 0.0228914 0.0170564
 0.00655808 0.0105639 0.0157462 0.0220393 0.0292828 0.0371308 0.0449873 0.0521017 0.0578022 0.0616884 0.0636638 0.0638578 0.0625397 0.0600602 0.056798 0.0531087 0.0492849 0.0455278 0.0419161 0.0383754 0.0346855 0.0305666 0.0258442 0.0206103 0.0152603
 0.00680355 0.0109563 0.0163251 0.0228398 0.0303318 0.0384405 0.0465442 0.0538572 0.0596716 0.0635592 0.0654122 0.0653665 0.063714 0.060835 0.0571345 0.0529825 0.0486758 0.0444189 0.0403072 0.0363089 0.0322714 0.0279902 0.0233398 0.0184046 0.0135095
 0.00723804 0.0116382 0.0173059 0.0241511 0.0319807 0.0404026 0.0487537 0.0562034 0.0620084 0.0657281 0.0672658 0.0667862 0.0646192 0.0611862 0.05693 0.0522477 0.0474482 0.0427366 0.0382111 0.0338603 0.0295776 0.0252186 0.0207016 0.0161064 0.0116943
 0.00748504 0.0120435 0.0179226 0.0250305 0.0331617 0.0418953 0.0505226 0.0581616 0.0640304 0.0676731 0.0690006 0.0681984 0.0656226 0.0617225 0.0569695 0.0517873 0.0465068 0.0413496 0.0364282 0.0317526 0.0272517 0.0228247 0.0184219 0.0141175 0.0101195
 0.00768789 0.0123741 0.0184227 0.025742 0.0341218 0.0431264 0.0520182 0.0598749 0.0658712 0.0695166 0.0707047 0.0696259 0.066662 0.0623012 0.0570556 0.0513828 0.0456375 0.0400577 0.0347711 0.0298085 0.0251277 0.0206609 0.0163791 0.0123467 0.00872293
 0.00796002 0.0128149 0.0190829 0.0266678 0.0353456 0.0446528 0.0538088 0.0618414 0.067885 0.0714294 0.0723711 0.0709207 0.067492 0.062613 0.0568376 0.0506612 0.0444652 0.0385039 0.0329154 0.0277421 0.0229604 0.018523 0.014411 0.010673 0.00742168
 0.00804612 0.0129634 0.0193235 0.0270364 0.0358805 0.0453865 0.0547566 0.0629922 0.0691957 0.0728261 0.073755 0.0721796 0.0685147 0.0633052 0.0571334 0.0505292 0.0439097 0.0375609 0.0316475 0.0262348 0.0213197 0.0168711 0.0128742 0.00935956 0.00639824
 0.00836026 0.0134582 0.0200383 0.0279968 0.0370939 0.046835 0.056388 0.0647162 0.070892 0.0743638 0.0750146 0.0730693 0.0689796 0.0633273 0.0567268 0.049731 0.0427718 0.0361449 0.0300243 0.0244866 0.0195414 0.0151673 0.0113476 0.00809224 0.00543296
 0.00838926 0.0135224 0.020167 0.0282289 0.0374702 0.0473851 0.0571183 0.065604 0.0718895 0.0754068 0.0760302 0.0739816 0.0697148 0.0638212 0.0569323 0.0496242 0.0423541 0.0354419 0.0290832 0.0233741 0.0183411 0.0139732 0.0102521 0.0071698 0.00472456
 0.00828034 0.0133559 0.0199379 0.0279445 0.0371545 0.0470819 0.0568906 0.0655252 0.0720247 0.0757903 0.076651 0.0747836 0.0706101 0.0647073 0.0577094 0.0502081 0.0426859 0.0354947 0.0288645 0.0229239 0.0177265 0.0132784 0.00956424 0.0065625 0.00424397
 0.00833108 0.0134209 0.0200037 0.0279881 0.0371507 0.0470147 0.0567642 0.0653677 0.0718841 0.0757231 0.076707 0.074991 0.0709646 0.0651704 0.0582153 0.0506779 0.0430446 0.0356854 0.0288583 0.0227255 0.0173723 0.0128291 0.00909041 0.00612803 0.003892
 0.00847729 0.0136306 0.0202662 0.0282732 0.0374137 0.0472074 0.056846 0.0653159 0.0717016 0.075443 0.0763903 0.0747129 0.0707933 0.0651459 0.0583373 0.0509067 0.0433133 0.0359198 0.0289966 0.0227331 0.0172488 0.0126045 0.00881414 0.00585214 0.00365648
 0.00848766 0.0136675 0.0203573 0.0284517 0.0377041 0.0476055 0.0573055 0.065753 0.0720215 0.0755747 0.0763127 0.0744599 0.0704394 0.0647801 0.0580358 0.0507127 0.0432289 0.0359112 0.0290112 0.0227206 0.0171783 0.0124729 0.00864167 0.00567067 0.00349537
 0.00857011 0.0137838 0.020501 0.0286102 0.0378678 0.0477782 0.0575067 0.0660065 0.0723314 0.0759076 0.0765998 0.0746238 0.0704302 0.0645991 0.0577338 0.0503658 0.0429067 0.0356535 0.0288222 0.0225784 0.0170536 0.0123451 0.00850684 0.00553835 0.0033797
 0.00851756 0.0137018 0.0203834 0.0284523 0.0376659 0.0475309 0.0572199 0.0657008 0.0720477 0.0757022 0.0765266 0.0747094 0.0706569 0.0649105 0.058061 0.0506567 0.0431412 0.0358373 0.028969 0.0226953 0.0171383 0.0123924 0.00851684 0.00551973 0.00334648
 0.00854578 0.0137402 0.0204273 0.0284926 0.0376907 0.0475291 0.0571839 0.0656271 0.0719373 0.0755628 0.0763756 0.0745742 0.0705686 0.0648913 0.058112 0.0507575 0.0432608 0.0359492 0.0290595 0.0227617 0.0171821 0.0124151 0.00852041 0.00550828 0.00332671
 0.00863533 0.0138762 0.0206137 0.0287251 0.0379564 0.047807 0.0574454 0.0658392 0.0720688 0.0755921 0.076297 0.0744005 0.0703286 0.0646232 0.0578545 0.0505397 0.0430952 0.0358327 0.0289796 0.0227048 0.0171381 0.0123783 0.00848779 0.00547912 0.00330158
 0.00871081 0.0139788 0.020731 0.0288334 0.0380277 0.0478195 0.0573931 0.0657327 0.0719298 0.0754445 0.07616 0.0742859 0.0702415 0.0645651 0.0578257 0.0505405 0.0431245 0.0358858 0.0290473 0.0227753 0.0172007 0.0124259 0.00851854 0.00549503 0.00330693
 0.00885908 0.0141887 0.0209881 0.0291025 0.0382593 0.0479637 0.0574123 0.0656116 0.0716797 0.0751028 0.0757826 0.0739333 0.0699621 0.0643843 0.0577444 0.0505426 0.0431868 0.0359849 0.0291633 0.0228917 0.0173049 0.0125098 0.00857913 0.00553385 0.00332862
 0.00887095 0.0142398 0.0211217 0.0293718 0.0387066 0.0485896 0.0581544 0.0663498 0.0722722 0.0754353 0.0758052 0.0736683 0.0694864 0.0637983 0.0571431 0.0499957 0.0427327 0.0356349 0.0289099 0.0227185 0.0171927 0.0124405 0.00853777 0.00550955 0.0033143
 0.00866101 0.0139289 0.0207131 0.0288956 0.0382204 0.0481728 0.0578953 0.0663232 0.0725091 0.0758996 0.0763956 0.0742523 0.0699505 0.0640853 0.0572594 0.0499912 0.0426697 0.0355638 0.0288593 0.0226964 0.0171939 0.0124551 0.00855638 0.00552599 0.00332598
 0.00840577 0.0135321 0.0201512 0.0281635 0.0373372 0.0471892 0.0568996 0.0654381 0.0718707 0.0756213 0.0765309 0.074773 0.0707522 0.0650204 0.0581832 0.0508016 0.0433234 0.0360658 0.0292392 0.0229865 0.0174174 0.0126253 0.00868087 0.00561149 0.00338014
 0.00821968 0.0132278 0.0196907 0.0275126 0.0364752 0.0461243 0.0556838 0.0641729 0.0706961 0.0746904 0.0759782 0.0746848 0.0711438 0.0658281 0.0592774 0.0520209 0.0445169 0.0371269 0.0301162 0.023673 0.0179332 0.0129988 0.00894042 0.00578254 0.00348561
 0.00825193 0.0132675 0.0197256 0.0275194 0.0364212 0.0459713 0.0553967 0.0637297 0.0701012 0.0739851 0.0752437 0.0740304 0.0706818 0.0656425 0.0593983 0.0524144 0.0450976 0.037786 0.0307551 0.0242253 0.01837 0.0133204 0.00916297 0.00592762 0.00357427
 0.00804078 0.0129658 0.0193477 0.027103 0.0360136 0.0456085 0.0550877 0.0634562 0.0698309 0.0736915 0.0749227 0.0737083 0.0704129 0.0654956 0.0594354 0.0526679 0.0455545 0.038389 0.0314196 0.0248656 0.0189224 0.0137531 0.00947374 0.0061334 0.00370009
 0.00783331 0.0126483 0.0189089 0.0265512 0.0353807 0.0449511 0.0544831 0.0629863 0.0695557 0.0736229 0.0750183 0.0738922 0.0706137 0.0656784 0.0596113 0.0528786 0.0458435 0.0387752 0.0318855 0.0253642 0.0193965 0.0141564 0.0097826 0.0063474 0.00383472
 0.00787156 0.0126711 0.0188715 0.0263899 0.0350327 0.0443855 0.0537262 0.0621274 0.068725 0.0729528 0.0746036 0.0737658 0.0707439 0.0659901 0.0600204 0.0533232 0.0462971 0.0392371 0.0323594 0.0258407 0.0198497 0.0145541 0.0101002 0.00657682 0.00398428
 0.00857597 0.0136664 0.0200894 0.0276659 0.0361439 0.0451165 0.0539312 0.0617613 0.0678461 0.0717068 0.073193 0.0724053 0.0696095 0.0651798 0.059545 0.0531286 0.0463031 0.0393708 0.0325692 0.0260928 0.0201171 0.0148102 0.0103213 0.00674801 0.00410268
 0.00929507 0.0147938 0.0216996 0.0297761 0.0386829 0.0478935 0.0566239 0.0639594 0.0691595 0.0718976 0.0722593 0.0705712 0.0672353 0.0626458 0.0571592 0.0510817 0.044669 0.0381384 0.0316834 0.0254865 0.0197268 0.0145797 0.0102008 0.00669549 0.0040861
 0.00926654 0.0148566 0.0219949 0.0305008 0.0400352 0.0499855 0.0593982 0.0671551 0.0723501 0.0745872 0.0740056 0.0710996 0.0665099 0.0608695 0.0546994 0.0483539 0.042029 0.0358212 0.0297976 0.024044 0.0186831 0.0138654 0.00974079 0.00641888 0.00393214
 0.00875066 0.0140935 0.0209956 0.029347 0.0388862 0.0490694 0.0589841 0.067493 0.073578 0.0766412 0.076588 0.0737436 0.0687209 0.0622801 0.055169 0.0479775 0.0410653 0.0345833 0.0285553 0.0229718 0.0178556 0.0132832 0.00936417 0.00619437 0.00380916
 0.00850794 0.013683 0.020352 0.028411 0.0376319 0.0475447 0.057344 0.066 0.0725529 0.0763721 0.0772321 0.0752561 0.0708455 0.0646118 0.0572759 0.049533 0.041934 0.0348252 0.0283593 0.0225607 0.0174102 0.0129097 0.009099 0.00602967 0.00371838
 0.00847487 0.0136193 0.0202354 0.0282075 0.0372965 0.0470276 0.0566072 0.0650453 0.0714523 0.0752851 0.076387 0.074888 0.0711073 0.0655002 0.0586139 0.0510253 0.043273 0.035796 0.028894 0.0227244 0.0173386 0.0127398 0.00892632 0.00589879 0.00363644
 0.00854756 0.0137146 0.0203359 0.0282807 0.0373003 0.0469199 0.0563549 0.0646283 0.0708679 0.0745568 0.0755795 0.0741176 0.0705301 0.065269 0.0588154 0.0516311 0.0441375 0.0367102 0.0296678 0.0232514 0.0176129 0.0128257 0.00890915 0.0058473 0.00358866
 0.00861921 0.0138227 0.0204815 0.0284559 0.0374856 0.0470833 0.0564529 0.064613 0.070699 0.0742161 0.0750807 0.0735099 0.0698958 0.0647146 0.0584512 0.0515381 0.0443318 0.0371282 0.030187 0.0237405 0.0179818 0.0130476 0.00900939 0.00587269 0.00358139
 0.00873615 0.0139957 0.0207098 0.0287272 0.0377788 0.0473727 0.0567111 0.0648105 0.0708038 0.0741964 0.0749127 0.0731883 0.0694426 0.0641834 0.0579215 0.0510993 0.0440578 0.0370505 0.0302821 0.0239401 0.0182034 0.0132286 0.00912369 0.0059268 0.00359708
 0.00889733 0.0142557 0.0210959 0.0292594 0.038461 0.0481813 0.0575866 0.0656597 0.0715184 0.0746792 0.0750993 0.0730559 0.0690089 0.0635014 0.0570737 0.0501883 0.0431906 0.0363172 0.0297346 0.0235822 0.0179992 0.0131236 0.00906894 0.00589194 0.00356994
 0.00888138 0.0142297 0.021058 0.0292111 0.0384112 0.0481495 0.0576018 0.065753 0.071708 0.0749564 0.0754244 0.0733671 0.0692419 0.0636079 0.0570348 0.0500184 0.042933 0.0360315 0.0294789 0.0233951 0.0178907 0.013079 0.00906189 0.00589864 0.0035767
 0.00880791 0.014116 0.0208976 0.0290023 0.0381576 0.0478617 0.0573004 0.0654704 0.0714871 0.0748428 0.0754522 0.0735447 0.0695429 0.0639762 0.0574007 0.0503215 0.0431404 0.0361435 0.0295217 0.0234048 0.017897 0.0130958 0.00908838 0.00592694 0.00359961
 0.0088184 0.0141424 0.0209541 0.0291065 0.0383239 0.0480924 0.0575781 0.0657587 0.0717402 0.075021 0.0755354 0.0735371 0.0694678 0.0638624 0.0572689 0.0501779 0.0429806 0.0359635 0.029327 0.023212 0.0177267 0.0129633 0.008998 0.00587281 0.00357091
 0.00884385 0.0141716 0.0209765 0.0291075 0.0382922 0.0480294 0.0575031 0.0657041 0.0717363 0.0750803 0.0756455 0.0736684 0.0695881 0.0639509 0.0573201 0.050196 0.0429715 0.0359304 0.0292723 0.0231413 0.0176501 0.0128929 0.00894268 0.00583555 0.00354932
 0.00889268 0.0142517 0.0210975 0.0292755 0.0385055 0.0482734 0.0577485 0.0659133 0.0718778 0.0751415 0.0756363 0.0736115 0.0695045 0.0638508 0.0572045 0.0500637 0.0428247 0.0357755 0.0291172 0.0229937 0.0175174 0.0127811 0.00885613 0.00577473 0.00351094
 0.00886753 0.0142206 0.021069 0.0292646 0.0385302 0.048349 0.0578811 0.0660952 0.0720867 0.0753449 0.0758007 0.073713 0.0695367 0.063823 0.0571342 0.0499675 0.0427139 0.0356568 0.0289959 0.0228755 0.0174086 0.0126876 0.00878176 0.00572073 0.00347547
 0.00864176 0.0138859 0.0206261 0.0287374 0.0379616 0.0477925 0.0573935 0.0657302 0.071888 0.0753364 0.0759787 0.0740457 0.0699723 0.0643041 0.0576107 0.0504043 0.0430909 0.0359657 0.0292359 0.0230513 0.0175287 0.0127633 0.00882542 0.00574349 0.00348615
 0.00846393 0.013602 0.0202102 0.0281735 0.0372523 0.0469697 0.0565255 0.0649171 0.0712396 0.0749429 0.0758869 0.0742518 0.0704298 0.0649397 0.0583413 0.0511521 0.0437943 0.0365837 0.0297479 0.0234529 0.0178268 0.012972 0.00896252 0.00582755 0.00353401
 0.00851363 0.0136584 0.0202493 0.0281563 0.0371335 0.0467124 0.0561168 0.0643778 0.0706245 0.074332 0.0753698 0.073907 0.0703053 0.065042 0.0586374 0.0515817 0.0442878 0.0370777 0.0301952 0.0238257 0.0181153 0.01318 0.0091021 0.00591444 0.00358399
 0.00867247 0.0139094 0.0206113 0.0286359 0.0377163 0.0473534 0.0567365 0.0648711 0.0708887 0.0743017 0.0750426 0.0733453 0.069616 0.0643432 0.058027 0.0511178 0.043984 0.0369128 0.0301298 0.0238183 0.0181328 0.0132019 0.00911898 0.00592431 0.00358838
 0.00890554 0.0142736 0.0211318 0.0293254 0.0385718 0.0483509 0.0578224 0.0659563 0.0718529 0.075012 0.0753831 0.0732501 0.0690918 0.0634729 0.0569478 0.049983 0.0429244 0.0360126 0.0294214 0.0232942 0.0177634 0.0129513 0.0089547 0.00582064 0.00352603
 0.00891301 0.0142966 0.0211869 0.0294355 0.0387618 0.0486401 0.0582167 0.0664439 0.0724036 0.0755783 0.0759019 0.0736479 0.0692983 0.0634407 0.0566724 0.0495099 0.042337 0.0354057 0.0288736 0.022851 0.0174363 0.0127277 0.00881142 0.00573378 0.00347607
 0.00898173 0.0144316 0.0214325 0.0298461 0.0393868 0.049501 0.0592859 0.0676387 0.0736002 0.07664 0.0767076 0.0741117 0.0693781 0.0631385 0.0560296 0.0486006 0.0412604 0.0342735 0.0277927 0.0219052 0.0166737 0.012159 0.00841807 0.00548116 0.00332555
 0.00860644 0.0138546 0.0206295 0.0288259 0.0382002 0.0482466 0.0581105 0.0667196 0.073104 0.0766706 0.0772697 0.0751091 0.0706443 0.0644824 0.0572786 0.0496306 0.0420095 0.0347413 0.0280259 0.0219753 0.0166534 0.0121051 0.00836432 0.00544144 0.00330113
 0.0083434 0.0133976 0.0198899 0.0277099 0.0366392 0.0462431 0.0557791 0.0642957 0.070905 0.075022 0.0764249 0.0751901 0.0716163 0.0661678 0.0594051 0.0518994 0.0441605 0.036596 0.0295004 0.0230672 0.0174136 0.0126072 0.00868132 0.00563333 0.0034121
 0.00864817 0.0138465 0.0204742 0.0283792 0.0372996 0.0467643 0.0560121 0.0641057 0.0702204 0.0738814 0.0749933 0.0737243 0.0703891 0.0653851 0.05915 0.0521236 0.0447188 0.0373055 0.0301985 0.0236483 0.0178366 0.0128813 0.00884137 0.00571862 0.00345422
 0.00897134 0.014386 0.0213084 0.0295787 0.0388975 0.0487149 0.0581559 0.0661705 0.0718736 0.0748193 0.0750306 0.0728509 0.0687756 0.0633341 0.0570097 0.0501921 0.0431763 0.0361971 0.0294657 0.0231847 0.0175394 0.0126785 0.00869484 0.00561258 0.00338167
 0.00907077 0.0145505 0.021564 0.0299589 0.0394447 0.0494759 0.0591665 0.0674271 0.0733012 0.0762543 0.0762389 0.0735872 0.0688659 0.0627424 0.0558557 0.0487098 0.0416338 0.0348145 0.0283657 0.0223898 0.0170043 0.012333 0.00847531 0.00547396 0.0032959
 0.00919302 0.01471 0.0217331 0.0300913 0.039494 0.0494236 0.0590438 0.0673171 0.073314 0.076484 0.0767179 0.0742573 0.0695826 0.0633196 0.0561349 0.0486232 0.0412267 0.0342162 0.0277294 0.021834 0.0165856 0.0120523 0.00830289 0.00537391 0.00323969
 0.00940512 0.0150277 0.0221585 0.0306023 0.0400435 0.0499428 0.0594529 0.0675447 0.0733258 0.0763071 0.0764411 0.0739974 0.0694303 0.0632948 0.0561789 0.0486333 0.0411126 0.0339461 0.0273393 0.0214015 0.0161888 0.0117394 0.00808553 0.00523824 0.00316221
 0.00946432 0.015133 0.0223327 0.0308692 0.0404184 0.050419 0.0599899 0.0680686 0.0737463 0.0765456 0.0764601 0.0738165 0.0691204 0.0629493 0.0558739 0.0483969 0.0409226 0.0337553 0.0271118 0.0211351 0.0159115 0.011489 0.00788886 0.00510253 0.00307905
 0.00896193 0.0143987 0.021382 0.0297738 0.0392906 0.049384 0.0591601 0.0675283 0.0735414 0.0766767 0.0768813 0.074448 0.0698725 0.0637469 0.0566685 0.0491604 0.0416319 0.0343819 0.0276247 0.0215145 0.01616 0.0116308 0.00795866 0.00513215 0.00309019
#obs surv len freq
 nan nan nan nan nan nan nan nan nan nan nan nan nan nan nan nan nan nan nan nan nan nan nan nan nan
 0.00448481 0.00734623 0.0111763 0.0159927 0.0216935 0.0279691 0.0342831 0.0400142 0.0446936 0.0481572 0.0505148 0.0520104 0.0529024 0.0534146 0.0537288 0.0539835 0.054262 0.0545547 0.0546934 0.0542853 0.0527234 0.0493555 0.0438054 0.0362856 0.0276693
 0.004617 0.00756295 0.0115055 0.0164604 0.0223174 0.0287488 0.0351904 0.0409902 0.0456573 0.0490214 0.0512028 0.0524672 0.0531002 0.0533526 0.0534291 0.0534835 0.0536049 0.0537833 0.0538467 0.0534003 0.0518389 0.0485148 0.0430532 0.0356599 0.0271911
 0.00477973 0.00782953 0.0119105 0.0170374 0.0230924 0.0297297 0.0363558 0.0422838 0.046993 0.0502974 0.0523165 0.0533282 0.0536399 0.0535314 0.0532394 0.0529476 0.0527686 0.0527061 0.0525952 0.0520448 0.0504548 0.0471828 0.0418533 0.0346581 0.0264241
 0.00497493 0.00814833 0.0123931 0.0177223 0.0240094 0.0308883 0.0377331 0.0438197 0.0485972 0.0518639 0.0537384 0.0545063 0.0544882 0.0539825 0.0532503 0.0525057 0.0518934 0.051448 0.0510305 0.0502717 0.0485896 0.0453535 0.0401866 0.0332575 0.0253478
 0.0051861 0.00849464 0.0129199 0.018474 0.0250208 0.0321717 0.0392642 0.0455328 0.050394 0.0536315 0.055366 0.0558941 0.0555494 0.0546434 0.053452 0.0522088 0.0510847 0.0501484 0.0493012 0.0482166 0.0463529 0.0431076 0.038108 0.0314934 0.0239837
 0.00541613 0.00887067 0.0134899 0.0192842 0.0261077 0.0335485 0.0409063 0.0473724 0.0523286 0.0555425 0.0571367 0.0574205 0.0567435 0.0554319 0.0537749 0.0520181 0.0503493 0.0488633 0.0475026 0.0459957 0.0438613 0.0405467 0.035697 0.0294223 0.0223693
 0.00565328 0.0092608 0.0140855 0.0201372 0.0272593 0.0350129 0.0426553 0.0493295 0.0543805 0.0575613 0.0590003 0.0590238 0.0580007 0.0562739 0.0541458 0.0518717 0.0496497 0.0475927 0.0456778 0.0436899 0.0412193 0.0377807 0.0330528 0.0271237 0.0205615
 0.00588764 0.00964418 0.0146672 0.0209655 0.028373 0.0364282 0.0443505 0.0512384 0.0564002 0.05957 0.060876 0.0606567 0.0592992 0.0571658 0.0545745 0.0517924 0.0490262 0.046402 0.0439252 0.0414326 0.0385884 0.0349832 0.0303421 0.0247405 0.0186701
 0.0061373 0.0100529 0.0152876 0.021848 0.0295559 0.0379221 0.0461227 0.0532083 0.0584518 0.0615751 0.0627151 0.0622296 0.0605261 0.0579848 0.0549378 0.0516622 0.0483716 0.0452021 0.0421819 0.0391938 0.0359721 0.0321857 0.0276126 0.0223236 0.0167392
 0.00637075 0.0104367 0.0158732 0.0226859 0.0306863 0.0393589 0.0478374 0.0551242 0.0604543 0.0635341 0.0645067 0.0637497 0.0616955 0.0587473 0.0552551 0.0515066 0.0477213 0.0440418 0.040514 0.0370602 0.0334783 0.0295116 0.0249921 0.0199915 0.0148664
 0.00660318 0.0108161 0.0164472 0.0235 0.0317753 0.0407336 0.0494701 0.0569434 0.0623533 0.0653907 0.0662025 0.0651829 0.0627865 0.0594401 0.0555143 0.0513116 0.0470604 0.0429098 0.0389199 0.0350449 0.0311379 0.0270083 0.0225387 0.0178042 0.0131053
 0.00683344 0.0111972 0.0170328 0.0243431 0.0329163 0.0421816 0.0511855 0.0588338 0.0642895 0.0672341 0.06783 0.0665 0.0637284 0.0599678 0.055609 0.0509683 0.0462816 0.0417042 0.037307 0.0330703 0.0288922 0.0246383 0.0202346 0.0157591 0.0114618
 0.00705131 0.0115514 0.017566 0.0250961 0.0339204 0.0434477 0.0526907 0.0605138 0.0660442 0.068943 0.0693715 0.0677676 0.0646419 0.0604778 0.0556944 0.0506291 0.0455303 0.0405606 0.0358006 0.0312516 0.0268479 0.0225004 0.0181696 0.0139338 0.00999834
 0.00727767 0.0119206 0.0181235 0.0258834 0.0349656 0.0447511 0.0542113 0.0621675 0.0677175 0.0705171 0.0707422 0.0688537 0.0653859 0.0608429 0.0556639 0.0502039 0.044726 0.0394039 0.0343297 0.0295225 0.0249454 0.0205439 0.0163038 0.0122999 0.00869705
 0.00743255 0.0121819 0.0185342 0.0264891 0.0358044 0.0458377 0.0555211 0.0636315 0.0692325 0.0719669 0.0720188 0.069871 0.066085 0.0611912 0.0556502 0.049833 0.0440141 0.0383771 0.0330259 0.0279972 0.0232789 0.0188436 0.0146945 0.0108998 0.00758775
 0.00751751 0.0123192 0.0187404 0.0267819 0.0362032 0.0463617 0.0561849 0.0644373 0.0701626 0.0729786 0.0730452 0.0708297 0.0668912 0.061772 0.0559536 0.0498309 0.0436998 0.0377623 0.0321399 0.026889 0.0220209 0.0175314 0.0134369 0.00979819 0.00671169
 0.00760153 0.0124517 0.0189321 0.0270401 0.0365309 0.0467568 0.0566398 0.0649403 0.0707019 0.0735448 0.0736293 0.0714156 0.0674479 0.0622522 0.0563003 0.0499892 0.0436289 0.0374428 0.0315775 0.0261158 0.0210958 0.0165362 0.0124658 0.00893861 0.00602411
 0.00765884 0.0125383 0.0190506 0.027189 0.036706 0.0469533 0.0568539 0.0651698 0.0709464 0.0738066 0.0739128 0.0717248 0.0677813 0.0625958 0.0566232 0.0502454 0.0437657 0.0374136 0.0313551 0.025702 0.0205245 0.0158698 0.0117827 0.00831508 0.00551553
 0.00774519 0.0126728 0.0192413 0.0274382 0.0370081 0.0472935 0.0572073 0.0655046 0.0712316 0.0740219 0.074055 0.0718072 0.0678266 0.0626262 0.0566505 0.0502647 0.0437541 0.0373363 0.0311777 0.025405 0.0201143 0.0153815 0.0112716 0.00784084 0.00512412
 0.00776588 0.0127045 0.0192857 0.0274959 0.0370794 0.0473784 0.0573059 0.0656157 0.0713519 0.0741454 0.0741747 0.0719176 0.0679263 0.0627179 0.0567385 0.0503492 0.0438261 0.0373758 0.0311578 0.0253023 0.0199207 0.0151115 0.0109605 0.00753322 0.004859
 0.00782497 0.0127913 0.019399 0.0276284 0.0372198 0.0475146 0.0574279 0.0657171 0.0714301 0.0742012 0.0742112 0.0719389 0.0679361 0.0627197 0.0567355 0.0503437 0.0438171 0.0373566 0.0311148 0.0252192 0.0197868 0.0149292 0.0107479 0.00731872 0.00467024
 0.00785738 0.0128432 0.0194752 0.0277317 0.0373486 0.0476611 0.0575771 0.0658492 0.0715265 0.0742516 0.0742173 0.0719121 0.0678919 0.0626715 0.0566916 0.0503069 0.043786 0.0373257 0.0310753 0.0251603 0.0196997 0.0148123 0.0106098 0.0071762 0.0045419
 0.00789326 0.0128957 0.0195435 0.0278117 0.0374346 0.0477482 0.0576619 0.0659295 0.0715986 0.0743094 0.0742532 0.0719209 0.0678736 0.0626324 0.0566415 0.0502555 0.043739 0.0372836 0.0310338 0.0251122 0.019638 0.0147341 0.0105186 0.00708162 0.00445556
 0.00787393 0.0128679 0.0195082 0.0277717 0.0373936 0.047709 0.0576263 0.0658984 0.0715747 0.0742974 0.0742587 0.0719471 0.0679191 0.062691 0.0567055 0.0503183 0.0437967 0.0373337 0.0310734 0.0251372 0.0196442 0.0147197 0.0104862 0.00703808 0.00441008
 0.00789765 0.0128959 0.0195314 0.027776 0.0373648 0.0476403 0.0575229 0.0657775 0.0714586 0.0742055 0.0742024 0.0719294 0.0679374 0.0627393 0.0567757 0.0504013 0.0438831 0.0374154 0.031144 0.025192 0.01968 0.0147353 0.0104836 0.0070224 0.00438825
 0.00790124 0.012903 0.0195437 0.0277942 0.0373863 0.047657 0.0575214 0.0657435 0.0713841 0.0740961 0.0740771 0.0718146 0.0678564 0.0627048 0.0567882 0.0504519 0.0439585 0.0375017 0.0312288 0.025266 0.019737 0.0147727 0.0105023 0.00702634 0.00438298
 0.0078984 0.012893 0.0195189 0.0277453 0.0373059 0.047544 0.0573843 0.0655984 0.0712486 0.0739824 0.0739907 0.071757 0.0678298 0.062714 0.0568374 0.0505406 0.0440793 0.0376411 0.0313716 0.0253977 0.0198474 0.0148564 0.010559 0.00705962 0.00439907
 0.00788674 0.0128747 0.0194923 0.0277083 0.0372557 0.0474765 0.0572956 0.0654871 0.0711192 0.0738468 0.0738658 0.0716597 0.067772 0.0627005 0.0568675 0.0506102 0.0441819 0.0377676 0.0315097 0.0255339 0.0199691 0.014955 0.010631 0.00710674 0.00442624
 0.00786803 0.0128417 0.0194382 0.0276258 0.0371396 0.0473273 0.0571214 0.0653032 0.070944 0.0736962 0.0737512 0.0715876 0.0677462 0.0627227 0.0569364 0.050721 0.044326 0.0379339 0.0316853 0.0257053 0.0201239 0.0150838 0.010729 0.00717437 0.00446834
 0.00785371 0.0128177 0.0194005 0.0275701 0.0370613 0.047223 0.0569908 0.0651506 0.0707793 0.0735343 0.0736089 0.0714807 0.0676854 0.0627129 0.0569769 0.0508067 0.0444492 0.0380841 0.0318502 0.0258715 0.0202784 0.015216 0.0108328 0.00724861 0.00451639
 0.00783737 0.0127897 0.019356 0.0275038 0.0369689 0.0471032 0.0568472 0.0649918 0.0706172 0.0733818 0.0734779 0.0713813 0.0676265 0.0627004 0.057013 0.0508892 0.0445714 0.0382358 0.032019 0.0260436 0.0204405 0.015357 0.0109455 0.0073309 0.00457097
 0.00781157 0.0127469 0.0192899 0.0274083 0.0368395 0.0469397 0.0566554 0.0647848 0.0704129 0.0731994 0.0733341 0.0712876 0.0675886 0.0627188 0.0570845 0.0510076 0.044728 0.0384199 0.0322177 0.026243 0.0206268 0.0155187 0.011075 0.00742626 0.00463493
 0.00777993 0.0126947 0.01921 0.0272939 0.0366857 0.0467462 0.0564292 0.0645407 0.0701717 0.0729837 0.073164 0.0711784 0.0675483 0.0627486 0.0571792 0.0511572 0.0449197 0.0386393 0.0324497 0.0264725 0.0208394 0.0157024 0.0112223 0.00753492 0.00470824
 0.00775265 0.0126497 0.019141 0.0271947 0.0365515 0.0465754 0.056226 0.0643158 0.0699414 0.0727672 0.0729808 0.0710451 0.0674772 0.0627463 0.0572453 0.0512854 0.0450985 0.0388536 0.0326825 0.0267064 0.0210584 0.0158932 0.0113764 0.00764946 0.0047861
 0.00933074 0.0148554 0.0217963 0.029912 0.0388471 0.0480493 0.0567038 0.0638755 0.0688291 0.0712737 0.0713515 0.0694469 0.0660066 0.061451 0.0561441 0.0503791 0.0443773 0.0383008 0.0322769 0.026424 0.0208741 0.0157823 0.0113162 0.00762107 0.00477527
 0.00929846 0.0150982 0.0226821 0.0318982 0.0422808 0.0528982 0.0623856 0.0693536 0.0729821 0.0733397 0.0711799 0.0674392 0.062841 0.0577931 0.0524816 0.0469969 0.0414071 0.0357844 0.0302102 0.0247807 0.019615 0.0148593 0.0106742 0.00720116 0.00451932
 0.008975 0.014587 0.0219619 0.0310157 0.0414055 0.0523591 0.0626327 0.0707958 0.0757412 0.0770668 0.0750992 0.0706435 0.0646713 0.0580679 0.051465 0.0451828 0.0392876 0.0337157 0.0283907 0.0232889 0.0184582 0.0140081 0.010082 0.00681429 0.0042839
 0.00880029 0.0142953 0.021509 0.0303588 0.0405192 0.0512662 0.0614447 0.0697412 0.0751485 0.0772745 0.0763033 0.0727515 0.067269 0.0605531 0.0532928 0.0460751 0.0392882 0.0330909 0.0274672 0.0223316 0.0176245 0.0133605 0.00962174 0.00651215 0.0041006
 0.00873041 0.0141755 0.0213165 0.0300663 0.0400985 0.0506961 0.0607228 0.0689002 0.0742731 0.0765133 0.0758584 0.0728285 0.0679858 0.0618511 0.0549143 0.0476458 0.0404706 0.0337148 0.0275634 0.022067 0.0171991 0.01293 0.00927037 0.00626403 0.00394451
 0.00870796 0.0141371 0.0212546 0.0299711 0.0399574 0.0504945 0.0604461 0.0685374 0.0738237 0.0759984 0.075334 0.0723928 0.067768 0.0619698 0.0554162 0.048459 0.0414112 0.0345575 0.0281377 0.0223186 0.0171852 0.0127642 0.00906156 0.00608147 0.00381461
 0.00870499 0.0141291 0.0212368 0.0299365 0.0398984 0.0504042 0.0603198 0.0683721 0.0736175 0.07575 0.0750476 0.0720869 0.0674847 0.0617767 0.0553895 0.0486493 0.0418075 0.0350758 0.0286504 0.0227103 0.0174004 0.0128174 0.00901136 0.00599219 0.00373055
 0.00870358 0.0141272 0.0212342 0.0299329 0.0398921 0.0503917 0.0602951 0.0683279 0.0735465 0.075647 0.0749106 0.071919 0.067297 0.0615923 0.0552463 0.0485924 0.0418715 0.0352625 0.0289187 0.0229902 0.0176243 0.0129494 0.00905538 0.00597844 0.00369364
 0.00868346 0.0140982 0.0211974 0.0298918 0.0398514 0.050356 0.060267 0.0683073 0.0735298 0.0756283 0.0748824 0.0718742 0.0672318 0.06151 0.0551593 0.0485232 0.0418471 0.0353038 0.029027 0.0231425 0.0177816 0.0130751 0.0091311 0.00600756 0.00369274
 0.00866984 0.0140748 0.0211603 0.0298371 0.0397777 0.050266 0.0601695 0.0682156 0.0734579 0.0755854 0.0748693 0.0718838 0.0672524 0.0615297 0.0551716 0.0485299 0.0418587 0.0353346 0.0290879 0.0232328 0.0178872 0.0131749 0.00920728 0.00605337 0.00371254
 0.00862805 0.014012 0.0210753 0.029732 0.0396571 0.0501358 0.0600363 0.0680875 0.0733452 0.0754998 0.0748217 0.0718803 0.0672918 0.0616031 0.0552651 0.0486301 0.0419573 0.0354305 0.0291844 0.0233328 0.0179883 0.0132689 0.00928444 0.00610771 0.00374452
 0.0086349 0.0140164 0.0210697 0.0297061 0.0396009 0.0500452 0.0599167 0.0679532 0.0732145 0.0753888 0.0747408 0.0718342 0.0672811 0.0616259 0.0553168 0.0487031 0.0420426 0.0355204 0.0292742 0.0234203 0.0180715 0.0133444 0.00934773 0.0061551 0.00377548
 0.00864389 0.0140327 0.0210967 0.0297464 0.0396539 0.0501043 0.0599682 0.0679795 0.0732012 0.0753317 0.0746485 0.0717247 0.0671744 0.0615379 0.0552565 0.0486727 0.0420394 0.0355385 0.0293072 0.0234621 0.0181172 0.0133894 0.00938785 0.00618713 0.003798
 0.0086359 0.014022 0.021085 0.0297372 0.0396519 0.0501139 0.0599918 0.0680156 0.073243 0.0753676 0.0746656 0.0717142 0.0671358 0.06148 0.0551933 0.0486182 0.0420028 0.0355232 0.0293114 0.023481 0.0181449 0.0134204 0.00941728 0.0062117 0.0038161
 0.00863953 0.0140277 0.0210933 0.0297484 0.0396668 0.0501333 0.0600169 0.0680471 0.0732804 0.075408 0.0747031 0.0717401 0.0671418 0.061461 0.0551506 0.0485598 0.0419407 0.0354688 0.0292722 0.0234593 0.0181387 0.013425 0.00942768 0.00622343 0.00382625
 0.00863953 0.0140277 0.0210933 0.0297484 0.0396668 0.0501333 0.0600169 0.0680471 0.0732804 0.075408 0.0747031 0.0717401 0.0671418 0.061461 0.0551506 0.0485598 0.0419407 0.0354688 0.0292722 0.0234593 0.0181387 0.013425 0.00942768 0.00622343 0.00382625
 0.00858692 0.0139459 0.0209776 0.0295979 0.0394853 0.0499309 0.0598108 0.0678603 0.0731376 0.0753295 0.074699 0.0718078 0.0672671 0.061622 0.0553239 0.0487259 0.0420877 0.0355932 0.0293761 0.0235467 0.0182125 0.0134866 0.00947686 0.00626027 0.0038517
 0.00856223 0.0139012 0.0209022 0.0294798 0.0393153 0.0497083 0.059548 0.0675834 0.072881 0.0751272 0.0745768 0.0717788 0.0673305 0.0617645 0.0555228 0.0489541 0.0423196 0.0358089 0.0295642 0.023703 0.0183379 0.0135838 0.00954933 0.00631155 0.00388561
 0.00851677 0.0138298 0.0207993 0.0293414 0.0391392 0.0494945 0.0593008 0.0673137 0.0726077 0.0748763 0.0743782 0.07166 0.0673097 0.0618459 0.0556955 0.0491947 0.0425981 0.0360949 0.0298323 0.0239365 0.0185288 0.0137311 0.00965674 0.00638527 0.00393289
 0.00867962 0.0140836 0.0211594 0.0298117 0.0397071 0.0501267 0.0599396 0.0678814 0.0730217 0.0750715 0.0743256 0.0713746 0.0668448 0.0612771 0.0551011 0.048639 0.0421215 0.0357133 0.0295427 0.0237254 0.0183798 0.0136294 0.00959018 0.00634407 0.00390915
 0.00880413 0.0143011 0.0215132 0.0303472 0.040456 0.0510843 0.0610465 0.0690227 0.0740506 0.0758469 0.0747458 0.0713962 0.0664843 0.0606022 0.0542133 0.0476525 0.0411411 0.0348184 0.0287807 0.0231138 0.0179141 0.0132924 0.00935896 0.00619464 0.00381897
 0.00873011 0.0141916 0.0213707 0.0301867 0.0403085 0.0509973 0.0610781 0.069227 0.0744538 0.0764254 0.075421 0.0720522 0.0670036 0.0609001 0.0542591 0.0474701 0.0407942 0.0343876 0.0283406 0.0227189 0.0175935 0.0130531 0.00919333 0.00608806 0.0037553
 0.00894186 0.0145129 0.0218107 0.0307369 0.0409435 0.0516781 0.0617571 0.0698544 0.0749874 0.0768395 0.0757063 0.072206 0.0670171 0.0607556 0.0539393 0.0469748 0.040152 0.0336555 0.0275909 0.022021 0.0169985 0.0125863 0.0088555 0.00586244 0.0036165
 0.00870685 0.0141649 0.0213509 0.0301905 0.040355 0.0511022 0.061251 0.0694734 0.0747802 0.076841 0.0759301 0.0726381 0.0676144 0.0614483 0.0546412 0.0475995 0.0406328 0.0339609 0.0277294 0.0220316 0.0169333 0.0124929 0.00876668 0.00579391 0.00357103
 0.00848297 0.0137784 0.0207318 0.0292702 0.0390955 0.049535 0.0595048 0.0677644 0.0733585 0.0759162 0.0756158 0.0729386 0.0684456 0.0626723 0.0560962 0.0491233 0.0420817 0.0352264 0.0287494 0.0227924 0.0174603 0.012834 0.0089746 0.00591423 0.00363746
 0.00872641 0.0141379 0.0212014 0.029811 0.0396335 0.0499673 0.0597147 0.0676506 0.0728751 0.0751065 0.0746157 0.0719383 0.067627 0.0621555 0.055916 0.0492378 0.0424 0.0356406 0.0291625 0.0231375 0.0177079 0.0129867 0.00905429 0.00594805 0.00364782
 0.00900457 0.0146108 0.0219469 0.0309018 0.041105 0.0517734 0.0616946 0.0695361 0.0743518 0.0759079 0.074605 0.0711455 0.0662312 0.0604243 0.0541277 0.0476134 0.0410655 0.0346265 0.0284317 0.022622 0.0173407 0.0127186 0.00885685 0.00580623 0.00355192
 0.00895922 0.0145663 0.0219367 0.0309818 0.0413479 0.0522521 0.0624583 0.0705833 0.0756064 0.0772117 0.0757412 0.0718949 0.0664435 0.0600711 0.0533103 0.0465212 0.0399085 0.0335725 0.0275738 0.0219805 0.016888 0.0124094 0.00864887 0.00566851 0.00346369
 0.00878146 0.0142771 0.0215044 0.0303868 0.0405985 0.0514049 0.0616304 0.0699403 0.0753199 0.0773977 0.0764087 0.0729305 0.06764 0.0611919 0.0541638 0.0470163 0.0400661 0.0334934 0.0273826 0.0217775 0.0167267 0.0123021 0.00858486 0.00563182 0.00344222
 0.00885967 0.0143796 0.0216123 0.0304643 0.0405999 0.0512879 0.0613728 0.0695544 0.0748612 0.0769623 0.0761128 0.0728723 0.0678579 0.0616401 0.0547234 0.0475402 0.0404365 0.0336616 0.0273723 0.0216569 0.0165694 0.0121594 0.00847871 0.00556282 0.00340144
