SBPRF35
9.86307
Curr Bio
649367
B35
763427
F35
0.19059
FOFL
0.149214
OFL
72965.5
Bzero
2.81802e+06
#pred survey bio
 4.12135e+06 3.95798e+06 3.79652e+06 3.57668e+06 3.2911e+06 3.00953e+06 2.73799e+06 2.4427e+06 2.20654e+06 1.96132e+06 1.74345e+06 1.55239e+06 1.36925e+06 1.20332e+06 1.07159e+06 942282 853124 775098 731481 690918 653197 639479 620491 607301 590727 576850 584880 580475 578410 570198 566082 560925 559646 564596 545453 538568 533143 532937 531114 547536 565920 566274 575038 578352 587663 585966 589255 591974 595427 607235 613515 594115 614220 642525 655231 2.1397e+07 1.30035e+07 1.34375e+07 1.43536e+07 1.55514e+07 1.68059e+07 1.79678e+07 1.8964e+07 1.97751e+07 2.04126e+07 2.09016e+07 2.12705e+07 2.1546e+07 2.17506e+07 2.1902e+07 2.20141e+07 2.20974e+07 2.21594e+07 2.22057e+07 2.22406e+07 2.2267e+07 2.22871e+07 2.23024e+07 2.23142e+07 2.23233e+07 2.23304e+07 2.23358e+07 2.23401e+07 2.23434e+07 2.23461e+07 2.23481e+07 2.23497e+07 2.2351e+07 2.2352e+07 2.23528e+07 2.23535e+07 2.2354e+07 2.23544e+07 2.23547e+07 2.23549e+07 2.23551e+07 2.23553e+07 2.23554e+07 2.23555e+07 2.23556e+07 2.23557e+07 2.23557e+07 2.23558e+07 2.23558e+07 2.23558e+07 2.23558e+07 2.23559e+07 2.23559e+07 2.23559e+07 2.23559e+07 2.23559e+07 2.23559e+07 2.23559e+07 2.23559e+07 2.23559e+07 2.23559e+07 2.23559e+07 2.23559e+07 2.23559e+07 2.23559e+07 2.23559e+07 2.23559e+07 2.23559e+07 2.23559e+07 2.23559e+07 2.23559e+07 2.23559e+07 2.23559e+07 2.23559e+07 2.23559e+07 2.23559e+07 2.23559e+07 2.23559e+07 2.23559e+07 2.23559e+07 2.23559e+07 2.23559e+07 2.23559e+07 2.23559e+07 2.23559e+07 2.23559e+07 2.23559e+07 2.23559e+07 2.23559e+07 2.23559e+07 2.23559e+07 2.23559e+07 2.23559e+07 2.23559e+07 2.23559e+07 2.23559e+07 2.23559e+07 2.23559e+07 2.23559e+07 2.23559e+07 0 0 0 0 0 0 0 0 0 0 0 0 0 0 0 0 0 0 0 0 0 0 0 0 0
#obs survey bio
 3.42642e+06 5.27097e+06 3.64009e+06 3.0682e+06 2.60621e+06 3.08512e+06 2.5542e+06 1.94724e+06 1.45263e+06 1.55802e+06 1.45568e+06 1.40493e+06 1.56710e+06 1.21771e+06 1.14012e+06 588714 553085 553697 902531 673564 652185 766174 594918 468960 518888 541243 676906 541042 494911 554515 597428 541393 454753 614071 699986 613953 858602 459699 424628 368209 675351 653812 869281 754780 488485 513091 534747 655197 540048 484829 558809 558769 550341 912143 673654
#pred catch bio
 92322 91871.5 151615 226083 242648 256407 301886 271198 299500 291172 279164 279768 268548 240115 237459 201399 189885 157501 151215 144096 120245 122276 115107 115980 112076 93522.6 104130 101279 104972 99411.1 98003.6 92450.2 85298 102571 88473 86609.5 85484.9 91699.4 80486.8 81738.6 96847 87923.6 90735.5 84637.1 93643.6 89401.3 90540.5 90792.5 85190.9 91910.3 114943 83746.1 80587.2 94878.1 137984 72965.5 92388.3 94276 99511.9 107335 115780 123568 130130 135342 139309 142238 144348 145841 146883 147601 148093 148426 148651 148802 148903 148971 149016 149046 149066 149079 149087 149093 149097 149099 149101 149102 149103 149103 149103 149104 149104 149104 149104 149104 149104 149104 149104 149104 149104 149104 149104 149104 149104 149104 149104 149104 149104 149104 149104 149104 149104 149104 149104 149104 149104 149104 149104 149104 149104 149104 149104 149104 149104 149104 149104 149104 149104 149104 149104 149104 149104 149104 149104 149104 149104 149104 149104 149104 149104 149104 149104 149104 149104 149104 149104 149104 149104 149104 149104 149104 149104 149104 149104 149104 149104 0 0 0 0 0 0 0 0 0 0 0 0 0 0 0 0 0 0 0 0 0 0 0 0 0
#obs catch bio
 0 91565.7 152015 227171 243968 258175 306160 274275 305775 297512 285198 286140 273274 244681 241077 204096 194963 160832 154079 146371 121281 123438 115996 117574 112836 94518.3 105419 102473 106468 100521 99007.3 93189.4 85760.6 103650 88804.8 86854.2 85329.6 91900.6 80654.1 82196.6 97251.7 87849.5 90029.5 83485.3 93020.7 88534.3 89991.6 90226.9 84680.3 91173.5 114907 83528.2 80577.5 94665.5 138438
#pred cpue bio
 4.05801e+06 3.89773e+06 3.7393e+06 3.52097e+06 3.23639e+06 2.9556e+06 2.68487e+06 2.3909e+06 2.15553e+06 1.9117e+06 1.69546e+06 1.50623e+06 1.32532e+06 1.16165e+06 1.03187e+06 904766 816985 740625 698404 659561 623429 610411 592174 579483 563497 549963 557699 553552 551745 544087 540523 536005 535216 540497 522497 516297 510495 508712 505619 521200 539428 540466 549682 553406 562570 560816 563858 566334 569526 580811 586570 567116 586085 613585 626624 2.04796e+07 1.24588e+07 1.27731e+07 1.35506e+07 1.46949e+07 1.59356e+07 1.70945e+07 1.80901e+07 1.89011e+07 1.95386e+07 2.00276e+07 2.03965e+07 2.0672e+07 2.08765e+07 2.10279e+07 2.11401e+07 2.12233e+07 2.12853e+07 2.13317e+07 2.13666e+07 2.1393e+07 2.14131e+07 2.14284e+07 2.14402e+07 2.14493e+07 2.14563e+07 2.14618e+07 2.14661e+07 2.14694e+07 2.1472e+07 2.14741e+07 2.14757e+07 2.1477e+07 2.1478e+07 2.14788e+07 2.14794e+07 2.14799e+07 2.14803e+07 2.14806e+07 2.14809e+07 2.14811e+07 2.14813e+07 2.14814e+07 2.14815e+07 2.14816e+07 2.14816e+07 2.14817e+07 2.14817e+07 2.14818e+07 2.14818e+07 2.14818e+07 2.14818e+07 2.14818e+07 2.14818e+07 2.14819e+07 2.14819e+07 2.14819e+07 2.14819e+07 2.14819e+07 2.14819e+07 2.14819e+07 2.14819e+07 2.14819e+07 2.14819e+07 2.14819e+07 2.14819e+07 2.14819e+07 2.14819e+07 2.14819e+07 2.14819e+07 2.14819e+07 2.14819e+07 2.14819e+07 2.14819e+07 2.14819e+07 2.14819e+07 2.14819e+07 2.14819e+07 2.14819e+07 2.14819e+07 2.14819e+07 2.14819e+07 2.14819e+07 2.14819e+07 2.14819e+07 2.14819e+07 2.14819e+07 2.14819e+07 2.14819e+07 2.14819e+07 2.14819e+07 2.14819e+07 2.14819e+07 2.14819e+07 2.14819e+07 2.14819e+07 2.14819e+07 2.14819e+07 2.14819e+07 2.14819e+07 0 0 0 0 0 0 0 0 0 0 0 0 0 0 0 0 0 0 0 0 0 0 0 0 0
#obs cpue bio
 3.63274e+06 2.46348e+06 2.57932e+06 4.53816e+06 2.35427e+06 2.02868e+06 1.93183e+06 2.24515e+06 1.73252e+06 1.80214e+06 1.64781e+06 1.41791e+06 1.38228e+06 738235 1.17364e+06 1.09326e+06 501837 769987 526704 674989 620702 487352 550794 455833 916442 264292 496358 454863 504290 519429 487358 548201 575536 479769 448333 491719 439379 502808 491225 528520 668346 546838 805397 740336 483939 858037 528764 595699 607045 911642 512016 492945 540110 537373 611464
#pred surv len freq
 0.00564085 0.00901696 0.0133057 0.0184008 0.0241345 0.0302241 0.0362305 0.0416413 0.0460596 0.0493437 0.051594 0.0530343 0.0538982 0.0543716 0.0545727 0.0545514 0.0543017 0.0537737 0.0528596 0.0513505 0.0489054 0.0451177 0.0397186 0.0328368 0.0251158
 0.00577685 0.00915486 0.0133651 0.0182703 0.0237195 0.0295118 0.0353301 0.0407605 0.0454169 0.049067 0.0516673 0.0533221 0.0542271 0.0546157 0.0547028 0.054632 0.0544452 0.0540741 0.0533379 0.0519359 0.0494659 0.045523 0.039901 0.0328131 0.0249641
 0.00608949 0.00962714 0.0140031 0.0190408 0.0245415 0.0302571 0.0358416 0.0408982 0.0451235 0.0484141 0.0508399 0.0525361 0.0536283 0.0542285 0.0544588 0.0544463 0.0542808 0.0539534 0.0533029 0.0519962 0.0495749 0.0456002 0.0398802 0.03268 0.0247572
 0.00636584 0.0100752 0.0146737 0.0199763 0.0257609 0.0317334 0.0374786 0.042523 0.0465105 0.0493437 0.0511708 0.0522589 0.0528679 0.0531873 0.05333 0.0533508 0.0532613 0.0530111 0.0524362 0.0512095 0.0488662 0.0449531 0.0392765 0.0321187 0.0242604
 0.00669204 0.0105888 0.015417 0.020981 0.0270471 0.0333048 0.03931 0.0445432 0.0485901 0.0512951 0.0527697 0.0532901 0.0531859 0.0527672 0.0522761 0.0518533 0.051525 0.0511983 0.0506485 0.0495031 0.0472749 0.0435043 0.0379974 0.0310374 0.0233996
 0.00700858 0.0110887 0.0161424 0.0219628 0.0283019 0.0348302 0.0410776 0.0464948 0.0506395 0.053333 0.0546638 0.0548824 0.0543018 0.0532463 0.052021 0.0508697 0.049926 0.0491682 0.0483878 0.0471859 0.0450351 0.0414428 0.0361925 0.0295464 0.0222507
 0.00731805 0.0115771 0.0168506 0.0229205 0.0295249 0.0363156 0.0427965 0.0483882 0.0526236 0.0553103 0.0565331 0.0565391 0.0556312 0.0541206 0.0523105 0.050474 0.0488134 0.0474011 0.0461176 0.0446192 0.0423917 0.0389222 0.0339551 0.0277009 0.0208449
 0.00772114 0.0122065 0.01775 0.0241142 0.0310157 0.0380823 0.0447879 0.0505206 0.0547884 0.0573911 0.058422 0.0581443 0.0568744 0.0549275 0.0526021 0.0501676 0.0478415 0.045745 0.043839 0.0418723 0.0394049 0.0359569 0.0312548 0.0254459 0.0191239
 0.00799197 0.0126435 0.0184015 0.0250233 0.0322126 0.0395724 0.0465392 0.0524592 0.0568088 0.0593762 0.0602612 0.0597432 0.0581552 0.0558236 0.0530503 0.0501023 0.0471976 0.0444761 0.0419497 0.0394499 0.0366311 0.0330851 0.0285562 0.0231442 0.0173458
 0.00827157 0.0130917 0.0190647 0.0259421 0.0334162 0.0410689 0.0483035 0.0544252 0.0588735 0.0614146 0.0621452 0.061358 0.0594097 0.056653 0.0534104 0.0499584 0.0465157 0.0432267 0.0401287 0.0371125 0.0339187 0.0302237 0.0258149 0.0207667 0.0154857
 0.00853691 0.0135113 0.0196751 0.0267714 0.034482 0.0423743 0.0498297 0.0561259 0.0606755 0.0632253 0.0638625 0.0628788 0.0606384 0.0575091 0.0538328 0.0499041 0.0459547 0.0421397 0.038517 0.0350206 0.0314615 0.0275945 0.023258 0.0185171 0.0137036
 0.00877143 0.0138854 0.0202248 0.0275259 0.0354591 0.0435735 0.0512242 0.0576602 0.0622726 0.0648003 0.065334 0.0641738 0.0616909 0.0582586 0.0542242 0.0498896 0.0454959 0.0412115 0.0371163 0.0331845 0.0292869 0.0252475 0.0209537 0.0164695 0.012066
 0.00908235 0.0143699 0.0209153 0.0284392 0.0365953 0.044914 0.0527272 0.0592576 0.0638754 0.0663117 0.0666646 0.0652527 0.0624696 0.0587081 0.0543275 0.0496334 0.0448659 0.0401944 0.035711 0.0314203 0.0272447 0.0230685 0.0188241 0.0145776 0.0105494
 0.00937484 0.0148358 0.0215979 0.0293708 0.0377897 0.0463559 0.0543615 0.0609884 0.0655803 0.0678666 0.067966 0.0662288 0.0630807 0.0589416 0.0541903 0.0491425 0.044039 0.039046 0.0342572 0.0296943 0.0253161 0.0210549 0.0168806 0.0128624 0.00917796
 0.00966313 0.0152795 0.0222199 0.0301784 0.0387772 0.0475076 0.0556507 0.062371 0.0669908 0.0692201 0.0691681 0.0671898 0.0637302 0.059238 0.0541222 0.0487218 0.043291 0.0380005 0.032947 0.0281626 0.0236302 0.0193154 0.0152151 0.0113992 0.00801043
 0.0100836 0.0159282 0.0231306 0.0313568 0.0401989 0.0491177 0.0573629 0.0640726 0.0685594 0.0705475 0.0701776 0.0678391 0.0640034 0.0591368 0.0536621 0.0479308 0.0422078 0.0366706 0.0314203 0.0264957 0.0218939 0.0176002 0.0136262 0.0100364 0.00694118
 0.0101456 0.0160595 0.023384 0.0317991 0.0408933 0.0500963 0.0586025 0.0654891 0.0700258 0.0719263 0.07135 0.0687215 0.0645504 0.0593354 0.0535213 0.0474739 0.0414666 0.0356837 0.0302343 0.0251676 0.0204941 0.0162132 0.0123432 0.00893968 0.00608366
 0.0101752 0.016112 0.0234733 0.0319466 0.0411306 0.0504645 0.0591449 0.0662359 0.0709734 0.0730214 0.0724905 0.069778 0.0653994 0.059888 0.053736 0.0473515 0.0410364 0.0349909 0.0293324 0.0241178 0.0193671 0.0150883 0.011302 0.00805183 0.00539212
 0.0100643 0.0159399 0.0232307 0.0316333 0.0407597 0.0500672 0.058775 0.0659688 0.0708946 0.0732047 0.0729717 0.0705347 0.0663477 0.0608991 0.0546682 0.0480846 0.0414942 0.0351469 0.0292028 0.0237497 0.0188286 0.0144596 0.0106653 0.00747856 0.00493001
 0.0101156 0.0160021 0.0232852 0.0316498 0.0407041 0.0499158 0.0585266 0.0656509 0.070561 0.0729258 0.072822 0.070576 0.0666104 0.061367 0.0552748 0.0487268 0.0420594 0.0355426 0.0293773 0.0236987 0.0185884 0.0140941 0.010249 0.00707967 0.00459691
 0.0102996 0.0162712 0.0236332 0.0320484 0.041107 0.0502672 0.0587717 0.0657453 0.070482 0.0726832 0.0724624 0.070176 0.0662578 0.0611361 0.0552046 0.0488082 0.0422382 0.035738 0.0295092 0.0237129 0.0184709 0.0138693 0.00996585 0.00679269 0.00434911
 0.0103151 0.0162939 0.0236621 0.0320799 0.0411343 0.05028 0.058757 0.0656891 0.0703731 0.0725188 0.0722529 0.0699479 0.0660515 0.0609987 0.0551771 0.0489105 0.0424584 0.0360311 0.0298089 0.0239534 0.0186085 0.0138944 0.00990085 0.00667777 0.0042248
 0.0103987 0.01642 0.0238337 0.0322926 0.0413765 0.0505346 0.0590015 0.0658969 0.0705156 0.0725705 0.0721981 0.0697861 0.0658011 0.0606964 0.0548721 0.0486533 0.042286 0.0359542 0.0298088 0.0239902 0.0186385 0.0138878 0.00985109 0.0065982 0.0041375
 0.0104011 0.0164284 0.0238542 0.0323335 0.0414456 0.0506355 0.0591304 0.0660418 0.0706586 0.0726916 0.0722783 0.0698105 0.0657617 0.0605953 0.0547243 0.0484858 0.0421314 0.0358404 0.0297477 0.023974 0.0186445 0.0138913 0.00983655 0.00656423 0.00409317
 0.0105856 0.0166921 0.0241846 0.0326966 0.0417972 0.0509371 0.059362 0.0662024 0.0707574 0.0727369 0.0722717 0.0697472 0.0656356 0.0604052 0.0544776 0.0482 0.0418327 0.0355582 0.029507 0.0237875 0.0185103 0.0137966 0.00976597 0.00650712 0.00404553
 0.0106774 0.0168447 0.0244186 0.0330284 0.0422297 0.0514487 0.0599004 0.0666931 0.0711265 0.0729372 0.0722964 0.0696234 0.0654045 0.0601042 0.0541333 0.0478309 0.0414558 0.035193 0.0291744 0.0235049 0.0182862 0.0136295 0.00964662 0.00642382 0.00398823
 0.010512 0.0165956 0.0240821 0.0326181 0.0417775 0.0510026 0.0595191 0.0664348 0.0710319 0.0730149 0.0725189 0.0699404 0.065763 0.0604633 0.0544673 0.0481245 0.0416999 0.0353837 0.0293142 0.0236021 0.0183518 0.0136729 0.00967438 0.00643978 0.00399534
 0.0104671 0.0165273 0.0239877 0.0324984 0.0416362 0.0508465 0.0593591 0.0662873 0.0709188 0.0729593 0.0725375 0.0700353 0.0659188 0.0606515 0.0546566 0.048291 0.0418304 0.0354752 0.0293702 0.0236297 0.0183599 0.01367 0.00966683 0.00643143 0.0039879
 0.01032 0.0163119 0.023708 0.0321734 0.0412951 0.0505196 0.0590711 0.0660556 0.0707556 0.0728737 0.072537 0.070124 0.0660944 0.0609015 0.0549576 0.0486116 0.0421392 0.0357476 0.0295923 0.0237985 0.0184801 0.0137503 0.00971722 0.00646095 0.00400383
 0.0102217 0.0161613 0.0234991 0.0319086 0.0409862 0.0501885 0.0587486 0.0657773 0.0705535 0.0727669 0.0725277 0.0702009 0.0662406 0.0611015 0.0551979 0.0488783 0.0424148 0.0360122 0.0298275 0.0239919 0.0186271 0.0138539 0.00978501 0.00650205 0.00402682
 0.010106 0.0159803 0.02324 0.0315655 0.0405621 0.0496985 0.058223 0.065262 0.0701035 0.0724357 0.072354 0.0702005 0.0664045 0.061401 0.0555937 0.0493291 0.0428833 0.0364665 0.0302419 0.0243473 0.0189129 0.0140687 0.00993516 0.00659944 0.00408517
 0.0100672 0.015911 0.0231245 0.0313854 0.040301 0.0493488 0.0577933 0.0647797 0.069612 0.0719867 0.0719987 0.0699809 0.0663467 0.0615096 0.0558515 0.0497012 0.0433254 0.0369331 0.030693 0.024752 0.0192513 0.014332 0.0101254 0.00672645 0.00416317
 0.00997913 0.0157763 0.022937 0.0311439 0.0400072 0.0490061 0.0574064 0.0643582 0.0691744 0.0715624 0.0716268 0.0697044 0.066204 0.0615256 0.056031 0.0500277 0.0437632 0.0374351 0.0312088 0.0252368 0.0196718 0.0146696 0.0103759 0.00689775 0.00427067
 0.00961938 0.0152487 0.0222496 0.0303412 0.0391585 0.0481836 0.0566691 0.063746 0.0687103 0.0712572 0.0714827 0.0697188 0.0663728 0.0618442 0.0564915 0.0506136 0.0444458 0.0381727 0.0319516 0.0259343 0.0202819 0.0151654 0.0107491 0.00715664 0.00443545
 0.00971321 0.015359 0.022339 0.0303533 0.0390378 0.0479049 0.0562574 0.0632714 0.068258 0.0708909 0.0712244 0.0695552 0.0662775 0.0618002 0.0564999 0.0506887 0.0446023 0.0384134 0.0322613 0.0262821 0.0206294 0.0154776 0.0110022 0.00734236 0.00455867
 0.0105478 0.0165306 0.023758 0.0318163 0.04028 0.0486881 0.0564469 0.062865 0.0673679 0.0696986 0.0699307 0.0683342 0.0652451 0.0610038 0.0559337 0.0503207 0.0443978 0.0383444 0.0323032 0.0264071 0.0208038 0.0156659 0.0111745 0.00747997 0.00465583
 0.0113725 0.0178033 0.0255383 0.0340913 0.0429419 0.0515174 0.0591132 0.0649744 0.0685662 0.0697916 0.0689542 0.0665303 0.0629642 0.0585905 0.0536483 0.0483147 0.0427305 0.0370168 0.0312882 0.025666 0.0202927 0.0153369 0.0109791 0.00737386 0.0046036
 0.0113285 0.0178348 0.025775 0.0347145 0.0441333 0.053377 0.061583 0.0678107 0.0713795 0.0721402 0.0704562 0.0669624 0.0623153 0.0570521 0.0515417 0.0459888 0.0404749 0.0350192 0.0296369 0.0243769 0.0193387 0.014669 0.0105392 0.00710323 0.00444907
 0.011035 0.0174153 0.0252567 0.0341762 0.0437059 0.0532301 0.0618965 0.0687275 0.0729408 0.074228 0.0727825 0.0691283 0.0639271 0.0578428 0.0514448 0.0451362 0.0391277 0.0334714 0.0281347 0.0230787 0.018314 0.013921 0.0100319 0.0067838 0.00426302
 0.0106152 0.0167693 0.0243556 0.0330259 0.0423558 0.0517821 0.0605134 0.0676262 0.0723583 0.0743587 0.073707 0.0707624 0.0660184 0.0600274 0.053351 0.046495 0.0398411 0.0336117 0.0278824 0.0226389 0.0178516 0.0135329 0.00975227 0.00660571 0.00416154
 0.0102078 0.0161466 0.0234926 0.0319262 0.0410505 0.0503275 0.0589939 0.066161 0.0711018 0.0734871 0.0733884 0.0711147 0.0670618 0.0616513 0.0553189 0.0484982 0.0415887 0.0349149 0.0286944 0.0230352 0.0179703 0.0135108 0.0096867 0.00654662 0.00412389
 0.0100789 0.0159366 0.0231756 0.0314786 0.0404559 0.0495849 0.0581253 0.0652147 0.0701479 0.0726109 0.0726862 0.07069 0.0670128 0.0620431 0.0561458 0.0496602 0.0429032 0.0361689 0.0297146 0.0237385 0.0183707 0.0136866 0.00973203 0.00653652 0.00410172
 0.0100394 0.0158526 0.0230128 0.0311928 0.0400037 0.0489406 0.0572972 0.0642506 0.0691276 0.0716298 0.07184 0.0700655 0.0666836 0.0620649 0.0565459 0.0504196 0.0439418 0.0373486 0.0308706 0.0247277 0.0191125 0.0141742 0.0100131 0.00667901 0.00416588
 0.0102236 0.0161122 0.0233279 0.0315156 0.040266 0.049069 0.0572298 0.0639492 0.0685873 0.0708848 0.070963 0.0691579 0.065858 0.0614262 0.0561761 0.050365 0.0442012 0.037867 0.0315453 0.0254334 0.0197378 0.0146522 0.0103305 0.00686255 0.00425845
 0.0102289 0.0161347 0.0233861 0.0316305 0.0404501 0.0493111 0.0574846 0.0641423 0.0686364 0.0707292 0.0705864 0.0685949 0.0651862 0.060748 0.0555971 0.0499745 0.0440544 0.0379726 0.0318618 0.0258794 0.0202158 0.0150782 0.0106558 0.00707797 0.00438293
 0.0103197 0.0162727 0.0235763 0.0318732 0.0407429 0.049651 0.0578653 0.064546 0.0690243 0.0710388 0.0707418 0.0685312 0.0648759 0.0602185 0.0549281 0.0492774 0.0434425 0.0375314 0.0316292 0.025841 0.0203163 0.0152454 0.0108261 0.00721318 0.00447178
 0.0103553 0.0163275 0.0236533 0.0319731 0.0408647 0.0497926 0.058024 0.0647196 0.0692102 0.0712308 0.0709239 0.0686723 0.0649327 0.0601492 0.0547142 0.0489391 0.0430391 0.0371432 0.0313289 0.0256691 0.0202715 0.0152932 0.0109183 0.00730822 0.00454603
 0.0103789 0.0163659 0.0237109 0.0320538 0.0409707 0.049923 0.0581738 0.0648795 0.0693693 0.0713791 0.0710542 0.0687777 0.0650026 0.0601659 0.0546561 0.0487918 0.0428082 0.0368607 0.0310461 0.0254374 0.0201224 0.0152291 0.0109178 0.0073404 0.00458492
 0.0104639 0.0164875 0.0238634 0.032222 0.041135 0.050067 0.0582901 0.06497 0.0694405 0.0714369 0.0711005 0.0688107 0.0650174 0.0601556 0.0546111 0.0487014 0.0426657 0.036671 0.0308298 0.0252266 0.0199494 0.0151128 0.0108582 0.00732307 0.0045903
 0.0105528 0.0166144 0.0240213 0.0323924 0.0412919 0.0501846 0.0583502 0.0649665 0.0693808 0.0713401 0.0709927 0.0687173 0.0649553 0.0601281 0.0546085 0.0487054 0.0426564 0.0366342 0.0307626 0.0251392 0.0198604 0.0150404 0.0108127 0.00730347 0.00458845
 0.0106584 0.016782 0.024265 0.0327193 0.0416975 0.0506468 0.0588257 0.0653954 0.0697003 0.0715045 0.0709872 0.0685602 0.0646885 0.0598017 0.0542665 0.0483766 0.0423534 0.0363575 0.0305093 0.0249093 0.0196593 0.0148765 0.0106916 0.00722421 0.00454339
 0.0109073 0.0171768 0.0248397 0.0334961 0.0426786 0.0518039 0.0600895 0.0666539 0.070815 0.0723387 0.0714374 0.0685783 0.0642899 0.059058 0.0532859 0.0472777 0.0412411 0.0353095 0.0295732 0.0241094 0.0190045 0.0143663 0.0103172 0.00696887 0.00438348
 0.010611 0.0167448 0.024284 0.0328646 0.0420488 0.0512674 0.0597356 0.0665551 0.0710103 0.0728188 0.0721378 0.0693901 0.0650862 0.059728 0.0537603 0.047539 0.0413161 0.0352499 0.0294356 0.0239407 0.0188376 0.0142205 0.010202 0.00688616 0.0043299
 0.0100621 0.0159278 0.0231959 0.0315567 0.0406175 0.0498366 0.0584412 0.0655335 0.0703835 0.0726709 0.0724927 0.0701998 0.0662382 0.0610675 0.0551239 0.0487881 0.0423613 0.0360577 0.0300187 0.0243386 0.019097 0.0143834 0.0103008 0.00694412 0.00436264
 0.00937052 0.0149015 0.0218349 0.0299282 0.0388413 0.0480569 0.0568044 0.0641764 0.0694245 0.0721973 0.0725465 0.0707708 0.0672646 0.0624428 0.0567088 0.0504293 0.0439161 0.0374184 0.0311268 0.0251844 0.0197066 0.0148007 0.0105731 0.00711314 0.00446198
#obs surv len freq
 nan nan nan nan nan nan nan nan nan nan nan nan nan nan nan nan nan nan nan nan nan nan nan nan nan
 0.00448413 0.00734504 0.0111743 0.0159897 0.0216892 0.0279635 0.0342765 0.0400072 0.0446869 0.0481515 0.0505108 0.0520082 0.0529021 0.0534159 0.0537314 0.0539873 0.0542665 0.0545597 0.0546987 0.0542907 0.0527287 0.0493606 0.0438099 0.0362893 0.0276722
 0.00461302 0.00755725 0.0114983 0.0164524 0.0223095 0.0287416 0.0351841 0.0409848 0.0456523 0.0490168 0.0511988 0.0524642 0.0530987 0.0533531 0.0534316 0.0534878 0.0536108 0.0537903 0.0538546 0.0534086 0.0518472 0.0485227 0.0430603 0.0356657 0.0271956
 0.00478398 0.00783448 0.0119144 0.0170376 0.0230863 0.029716 0.0363355 0.04226 0.0469699 0.0502782 0.0523029 0.0533202 0.0536366 0.053532 0.0532432 0.0529543 0.0527778 0.0527175 0.0526082 0.0520589 0.0504692 0.0471966 0.0418657 0.0346685 0.026432
 0.00497146 0.00814401 0.0123889 0.0177195 0.0240089 0.0308894 0.0377332 0.043815 0.0485848 0.0518436 0.0537132 0.054481 0.0544677 0.0539694 0.0532454 0.0525081 0.0519018 0.0514609 0.0510468 0.0502902 0.048609 0.0453726 0.0402039 0.0332721 0.025359
 0.00517752 0.00848045 0.0128983 0.0184434 0.024981 0.0321243 0.0392133 0.0454839 0.0503522 0.0535995 0.0553437 0.0558798 0.0555421 0.0546433 0.0534605 0.0522268 0.0511124 0.0501845 0.0493437 0.0482634 0.0464011 0.0431544 0.0381505 0.031529 0.0240111
 0.00540528 0.00885251 0.0134615 0.0192428 0.0260509 0.0334757 0.0408199 0.0472783 0.0522354 0.05546 0.0570732 0.0573808 0.0567285 0.0554394 0.0538013 0.05206 0.0504043 0.0489296 0.047578 0.0460773 0.0439452 0.0406281 0.0357708 0.0294842 0.0224168
 0.00563237 0.00922769 0.0140373 0.0200718 0.0271755 0.0349114 0.0425388 0.0492037 0.0542534 0.0574428 0.0589004 0.0589513 0.0579616 0.0562709 0.0541772 0.0519332 0.0497353 0.0476968 0.0457952 0.0438156 0.0413475 0.0379044 0.0331647 0.0272175 0.0206336
 0.00588536 0.00963853 0.0146552 0.0209429 0.0283358 0.0363737 0.0442786 0.0511522 0.0563048 0.0594714 0.0607806 0.060571 0.0592299 0.0571196 0.0545566 0.0518055 0.0490695 0.0464719 0.0440162 0.041538 0.0387006 0.0350944 0.0304442 0.0248269 0.0187368
 0.00612764 0.010038 0.0152664 0.0218198 0.0295198 0.0378769 0.0460668 0.0531408 0.0583734 0.0614888 0.0626265 0.0621456 0.0604539 0.057931 0.054908 0.0516602 0.0483995 0.0452595 0.0422653 0.0392969 0.0360866 0.0323018 0.0277207 0.0224157 0.0168107
 0.0063677 0.0104312 0.015864 0.0226716 0.0306656 0.0393313 0.0478034 0.0550849 0.0604107 0.0634865 0.0644547 0.0636938 0.0616379 0.0586928 0.0552102 0.0514782 0.0477153 0.0440618 0.0405604 0.0371296 0.033564 0.0296044 0.025082 0.02007 0.0149283
 0.0066111 0.010831 0.0164729 0.023541 0.0318346 0.0408102 0.0495576 0.0570301 0.0624253 0.0654359 0.0662135 0.065158 0.062729 0.059357 0.0554155 0.0512087 0.0469651 0.0428321 0.0388665 0.035018 0.0311352 0.0270238 0.0225645 0.0178327 0.0131307
 0.0068555 0.0112282 0.0170706 0.0243834 0.0329544 0.0422152 0.0512163 0.058866 0.0643264 0.0672745 0.0678674 0.0665245 0.0637311 0.0599437 0.0555592 0.050899 0.0462028 0.041627 0.0372416 0.0330236 0.0288665 0.0246316 0.0202415 0.015773 0.0114769
 0.00707203 0.011588 0.0176261 0.0251869 0.0340461 0.0436045 0.0528645 0.0606825 0.0661843 0.0690384 0.0694172 0.0677674 0.0646033 0.0604073 0.055597 0.0505097 0.045396 0.040421 0.0356667 0.0311332 0.0267517 0.0224289 0.0181211 0.013904 0.00998185
 0.00728274 0.0119324 0.0181479 0.0259283 0.0350401 0.0448617 0.0543591 0.0623451 0.0679088 0.070699 0.0708903 0.0689484 0.0654174 0.060813 0.0555822 0.0500838 0.0445808 0.0392462 0.0341711 0.029374 0.0248158 0.020439 0.0162251 0.0122455 0.00866235
 0.0074178 0.0121598 0.0185047 0.0264541 0.0357689 0.0458095 0.055511 0.0636509 0.0692906 0.0720654 0.0721492 0.0700155 0.0662204 0.0612958 0.0557098 0.0498435 0.0439803 0.0383098 0.0329383 0.0279024 0.0231882 0.0187653 0.0146331 0.0108562 0.00755956
 0.00750355 0.0122957 0.0187039 0.026729 0.0361324 0.0462753 0.0560906 0.0643486 0.0700964 0.0729508 0.0730666 0.0709018 0.067005 0.0619093 0.0560917 0.0499482 0.0437819 0.0378044 0.032146 0.026869 0.0219865 0.0174934 0.013403 0.00977226 0.00669433
 0.00759198 0.0124332 0.0188988 0.0269849 0.0364475 0.0466426 0.0564991 0.0647853 0.0705507 0.0734184 0.0735472 0.0713918 0.0674881 0.0623516 0.0564437 0.0501544 0.0437918 0.0375834 0.0316842 0.0261866 0.0211359 0.0165547 0.0124718 0.00893912 0.00602314
 0.00765163 0.0125266 0.0190327 0.0271628 0.0366687 0.0469013 0.0567837 0.0650796 0.0708385 0.0736888 0.0737991 0.0716327 0.0677279 0.0625927 0.0566733 0.0503412 0.0438909 0.037548 0.0314796 0.0258034 0.0205978 0.0159171 0.01181 0.00832939 0.00552253
 0.00770665 0.0126091 0.0191438 0.0272993 0.0368242 0.0470683 0.0569551 0.0652492 0.0710007 0.0738394 0.0739364 0.0717585 0.0678473 0.062712 0.0567946 0.0504566 0.0439789 0.0375752 0.0314101 0.0256127 0.0202854 0.0155115 0.0113632 0.00790087 0.00516085
 0.00778083 0.0127235 0.0193043 0.0275058 0.0370699 0.0473391 0.0572294 0.0655006 0.0712042 0.0739786 0.074008 0.0717716 0.0678184 0.0626597 0.0567345 0.0503978 0.0439202 0.0375036 0.0313038 0.0254493 0.0200538 0.0152204 0.0110415 0.00758816 0.00489308
 0.00780781 0.0127677 0.0193712 0.0276004 0.0371952 0.0474936 0.0574054 0.0656839 0.0713766 0.0741224 0.0741103 0.0718271 0.0678303 0.0626374 0.0566906 0.0503439 0.0438627 0.0374411 0.0312264 0.0253432 0.0199081 0.0150354 0.0108318 0.00737855 0.00470891
 0.00782884 0.0127955 0.0194015 0.0276262 0.0372096 0.0474944 0.0573979 0.0656797 0.0713887 0.0741591 0.0741713 0.0719042 0.0679111 0.0627102 0.0567482 0.050384 0.0438863 0.0374486 0.0312153 0.0253075 0.0198417 0.0149378 0.0107109 0.00725035 0.0045912
 0.00787774 0.0128703 0.0195049 0.0277561 0.0373586 0.0476493 0.0575405 0.0657908 0.0714538 0.0741746 0.0741459 0.0718542 0.0678524 0.0626529 0.0566948 0.0503326 0.0438337 0.0373924 0.0311536 0.0252376 0.019761 0.0148457 0.0106114 0.00715171 0.0045035
 0.00787862 0.0128738 0.019514 0.0277748 0.0373904 0.0476956 0.057599 0.0658545 0.0715129 0.074219 0.074169 0.0718557 0.067838 0.0626319 0.0566757 0.0503196 0.043826 0.0373856 0.0311421 0.0252167 0.0197278 0.0148 0.0105563 0.00709342 0.00444941
 0.00788036 0.0128711 0.0194999 0.0277405 0.037329 0.0476066 0.0574921 0.0657482 0.0714283 0.074172 0.0741648 0.0718888 0.0678971 0.062705 0.0567542 0.0503983 0.0439019 0.0374554 0.0312016 0.0252611 0.0197537 0.0148066 0.0105464 0.00707264 0.00442452
 0.00790873 0.0129097 0.019544 0.0277801 0.0373507 0.0475974 0.0574432 0.0656587 0.0713071 0.0740372 0.0740402 0.0717967 0.0678514 0.0627077 0.0567968 0.0504672 0.0439833 0.0375383 0.0312776 0.0253244 0.0198002 0.0148348 0.0105577 0.00707115 0.00441571
 0.00789611 0.0128939 0.0195285 0.02777 0.0373499 0.047605 0.0574513 0.0656539 0.071276 0.0739737 0.0739494 0.0716949 0.0677607 0.062648 0.0567799 0.0504936 0.0440439 0.0376191 0.0313642 0.0254048 0.0198664 0.014883 0.0105878 0.007086 0.00442003
 0.00788306 0.0128683 0.0194824 0.0276949 0.0372405 0.0474643 0.0572932 0.0655009 0.0711508 0.0738899 0.0739077 0.0716869 0.0677766 0.0626831 0.0568353 0.0505727 0.044147 0.0377406 0.0314934 0.0255291 0.019975 0.0149689 0.010649 0.00712483 0.00444156
 0.00786526 0.0128391 0.0194376 0.0276299 0.0371507 0.0473462 0.0571468 0.0653322 0.0709738 0.0737255 0.073779 0.0716116 0.0677619 0.0627244 0.0569209 0.0506894 0.0442842 0.0378899 0.0316463 0.0256762 0.0201065 0.0150771 0.0107303 0.00718013 0.00447532
 0.00785118 0.012814 0.0193958 0.0275651 0.0370574 0.0472223 0.0569959 0.0651636 0.0708008 0.0735627 0.0736407 0.0715115 0.0677112 0.0627302 0.0569829 0.0507999 0.04443 0.0380558 0.0318182 0.0258418 0.0202553 0.0152015 0.0108261 0.00724765 0.00451843
 0.00781714 0.0127572 0.019308 0.0274381 0.0368853 0.0470051 0.0567426 0.064893 0.0705384 0.0733351 0.0734702 0.0714127 0.0676904 0.0627859 0.0571078 0.050982 0.0446534 0.0383024 0.0320692 0.0260797 0.0204664 0.0153763 0.0109605 0.00734296 0.00458027
 0.00779028 0.0127126 0.019239 0.0273377 0.0367478 0.0468279 0.0565289 0.0646532 0.0702897 0.0730991 0.0732697 0.0712681 0.0676165 0.0627901 0.0571889 0.0511311 0.0448559 0.0385399 0.0323214 0.0263268 0.020691 0.0155659 0.0111086 0.00744946 0.00465034
 0.00775254 0.01265 0.0191427 0.0271992 0.0365611 0.046593 0.0562547 0.0643583 0.0699988 0.0728382 0.0730611 0.0711284 0.0675562 0.0628133 0.0572937 0.051309 0.0450927 0.0388165 0.0326159 0.0266169 0.0209565 0.0157916 0.0112862 0.00757801 0.00473554
 0.00774124 0.012628 0.0191026 0.0271318 0.0364567 0.0464453 0.0560635 0.0641316 0.069752 0.0725916 0.0728371 0.0709478 0.0674359 0.0627647 0.0573212 0.0514105 0.0452597 0.0390344 0.0328655 0.0268761 0.0212036 0.0160083 0.0114611 0.00770727 0.00482266
 0.00933399 0.014861 0.0218048 0.0299234 0.0388592 0.0480567 0.0566979 0.0638462 0.0687683 0.0711801 0.0712323 0.0693172 0.0658854 0.0613565 0.0560896 0.0503712 0.0444149 0.038376 0.0323766 0.0265332 0.0209788 0.0158723 0.0113863 0.00767076 0.00480741
 0.00931334 0.0151225 0.0227189 0.0319499 0.0423485 0.0529798 0.0624746 0.0694384 0.073048 0.0733715 0.0711668 0.0673781 0.0627384 0.0576642 0.0523472 0.0468772 0.0413177 0.0357328 0.0301953 0.0247948 0.0196467 0.0148973 0.0107097 0.00722939 0.00453897
 0.00897299 0.0145875 0.0219693 0.0310367 0.0414465 0.0524239 0.0627198 0.0708977 0.0758455 0.0771588 0.0751648 0.0706711 0.0646546 0.0580076 0.0513698 0.0450681 0.0391716 0.0336153 0.0283166 0.0232444 0.0184395 0.0140075 0.0100909 0.00682574 0.00429388
 0.00878842 0.0142759 0.0214802 0.0303196 0.0404711 0.0512147 0.0613997 0.0697153 0.0751525 0.0773128 0.0763707 0.0728347 0.0673503 0.0606164 0.0533274 0.0460786 0.0392667 0.0330557 0.0274313 0.0223048 0.0176112 0.0133598 0.00962915 0.00652265 0.00411038
 0.0086936 0.0141186 0.0212365 0.0299628 0.0399739 0.050556 0.0605774 0.068764 0.0741636 0.0764478 0.0758492 0.0728787 0.0680878 0.0619875 0.0550624 0.0477845 0.0405857 0.0338012 0.0276246 0.0221106 0.0172329 0.0129588 0.00929574 0.0062853 0.00396074
 0.0086719 0.0140772 0.0211625 0.029839 0.0397814 0.0502781 0.0602033 0.0682924 0.0736062 0.0758359 0.0752463 0.0723891 0.0678463 0.0621184 0.0556149 0.0486824 0.0416338 0.034759 0.0283063 0.0224517 0.0172863 0.0128394 0.00911657 0.00612059 0.00384106
 0.00867572 0.0140809 0.021163 0.0298307 0.0397552 0.0502222 0.0601036 0.0681348 0.0733792 0.0755362 0.0748838 0.0719944 0.0674761 0.0618532 0.055541 0.048856 0.042044 0.0353158 0.0288718 0.0228988 0.0175502 0.0129298 0.0090915 0.00604657 0.00376546
 0.00867412 0.01408 0.0211644 0.0298364 0.0397665 0.0502369 0.0601154 0.068132 0.0733472 0.0754595 0.0747514 0.0718041 0.0672405 0.0616042 0.0553292 0.0487398 0.0420677 0.0354855 0.0291445 0.0231979 0.0177996 0.0130863 0.00915481 0.00604578 0.00373616
 0.00866415 0.0140653 0.0211454 0.0298147 0.0397448 0.0502188 0.0601039 0.0681289 0.0733505 0.0754627 0.0747431 0.071771 0.0671724 0.0615003 0.0552033 0.048621 0.0419932 0.0354855 0.0292265 0.0233396 0.0179587 0.0132206 0.00924078 0.00608352 0.0037411
 0.00866302 0.0140643 0.0211455 0.0298171 0.039751 0.0502298 0.0601199 0.0681488 0.0733723 0.0754834 0.0747582 0.0717744 0.0671567 0.0614592 0.0551356 0.0485346 0.041906 0.0354211 0.0292042 0.0233646 0.0180186 0.0132919 0.00930112 0.00612143 0.00375726
 0.00863686 0.0140243 0.0210901 0.0297471 0.0396695 0.0501427 0.0600356 0.0680773 0.0733234 0.0754638 0.0747695 0.0718122 0.0672121 0.0615203 0.0551907 0.0485756 0.0419319 0.0354387 0.029225 0.0233984 0.0180673 0.0133487 0.00935456 0.00616218 0.0037822
 0.0086383 0.0140232 0.0210822 0.0297267 0.0396313 0.0500843 0.05996 0.0679934 0.0732431 0.0753992 0.0747294 0.0718008 0.0672281 0.0615581 0.0552413 0.0486293 0.0419809 0.0354797 0.0292597 0.0234316 0.0181031 0.0133871 0.00939183 0.00619323 0.00380396
 0.00862917 0.0140119 0.0210714 0.0297201 0.039632 0.0500919 0.0599692 0.0679953 0.0732298 0.0753679 0.0746847 0.0717526 0.0671879 0.0615341 0.0552363 0.0486409 0.0420032 0.0355064 0.0292866 0.0234575 0.0181285 0.0134125 0.00941608 0.00621424 0.00381984
 0.00860013 0.0139669 0.021008 0.0296387 0.0395361 0.049989 0.0598706 0.0679137 0.0731757 0.0753449 0.0746894 0.0717773 0.067225 0.0615797 0.0552896 0.048702 0.0420705 0.0355764 0.0293546 0.0235195 0.0181823 0.0134573 0.00945203 0.00624155 0.00383906
 0.00860729 0.013974 0.0210105 0.0296296 0.0395082 0.0499382 0.0597985 0.0678285 0.0730899 0.0752719 0.0746394 0.0717544 0.0672276 0.061602 0.055325 0.0487453 0.0421188 0.0356276 0.0294065 0.0235695 0.0182276 0.013496 0.00948314 0.00626496 0.00385541
 0.00860729 0.013974 0.0210105 0.0296296 0.0395082 0.0499382 0.0597985 0.0678285 0.0730899 0.0752719 0.0746394 0.0717544 0.0672276 0.061602 0.055325 0.0487453 0.0421188 0.0356276 0.0294065 0.0235695 0.0182276 0.013496 0.00948314 0.00626496 0.00385541
 0.0088194 0.0143118 0.0215037 0.0302955 0.0403414 0.050899 0.0608044 0.0687615 0.0738227 0.0757041 0.0747246 0.0715073 0.0667093 0.0608983 0.0545248 0.0479261 0.0413399 0.0349288 0.0288105 0.0230846 0.0178518 0.0132194 0.00929108 0.00614007 0.00377999
 0.00859326 0.0139765 0.021061 0.0297727 0.0397896 0.0503858 0.0604044 0.0685426 0.073828 0.0759351 0.0751358 0.0720188 0.0672334 0.0613642 0.0548933 0.0481892 0.0415112 0.035032 0.0288694 0.0231183 0.0178726 0.0132342 0.00930256 0.00614912 0.00378674
 0.00857612 0.0139189 0.0209213 0.0294991 0.0393404 0.0497575 0.0596532 0.0677812 0.0731947 0.0755482 0.075057 0.0722407 0.0676898 0.0619567 0.0555203 0.0487699 0.0419981 0.0354101 0.029147 0.0233148 0.0180089 0.0133276 0.00936561 0.00619048 0.00381263
 0.00869053 0.0141012 0.0211854 0.0298474 0.0397532 0.0501836 0.0600101 0.0679743 0.0731547 0.0752681 0.0746041 0.0717308 0.0672398 0.0616414 0.0553555 0.0487236 0.0420167 0.0354446 0.0291675 0.0233122 0.0179884 0.0132995 0.00933874 0.00616966 0.00379885
#pred catch len freq
 0.00456163 0.00720321 0.0104779 0.0142936 0.018592 0.0233321 0.0284182 0.0336619 0.038817 0.0436431 0.0479467 0.0515971 0.0545336 0.0567592 0.0583173 0.0592617 0.0596365 0.0594591 0.0586826 0.0571343 0.0544778 0.0502881 0.0442829 0.0366151 0.0280075
 0.00467268 0.00732122 0.0105443 0.0142268 0.0183233 0.022854 0.0278142 0.0330868 0.0384298 0.0435285 0.0480753 0.0518469 0.0547575 0.0568589 0.0582861 0.0591821 0.0596349 0.0596385 0.0590648 0.0576406 0.0549634 0.0506118 0.0443737 0.0364961 0.0277678
 0.00496341 0.00775628 0.0111241 0.0149142 0.0190384 0.023479 0.0282127 0.033146 0.0381147 0.0429185 0.0473439 0.0511845 0.0542808 0.0565701 0.0581066 0.0590289 0.0594819 0.0595224 0.059039 0.0577188 0.0550946 0.0507065 0.0443582 0.0363543 0.0275424
 0.00525512 0.00821714 0.0117924 0.0158146 0.0201747 0.0248207 0.0296779 0.0345908 0.0393468 0.0437416 0.0476243 0.0509067 0.0535579 0.0555923 0.057057 0.0580199 0.0585496 0.0586653 0.0582562 0.057016 0.0544683 0.0501348 0.0438156 0.0358352 0.0270692
 0.00557652 0.00871637 0.0125024 0.0167562 0.02136 0.0262552 0.0313522 0.0364618 0.0413151 0.0456404 0.0492321 0.0519939 0.053956 0.0552551 0.0560769 0.0565854 0.0568701 0.0569084 0.0565269 0.055371 0.0529391 0.0487441 0.0425854 0.0347894 0.0262298
 0.00589632 0.00921376 0.0132103 0.0176939 0.0225358 0.0276686 0.0329923 0.038301 0.0433016 0.0476893 0.0512162 0.0537387 0.0552542 0.0559092 0.0559585 0.0556838 0.0552988 0.0548642 0.0542273 0.0530049 0.0506499 0.0466371 0.04074 0.0332631 0.0250512
 0.00624585 0.00975508 0.0139761 0.0187003 0.0237852 0.0291532 0.0346926 0.0401802 0.0453025 0.0497352 0.0532117 0.0555689 0.0567809 0.0569731 0.0563975 0.0553714 0.0541895 0.0530221 0.0518188 0.0502596 0.0478115 0.0439258 0.0383315 0.0312753 0.0235361
 0.00663204 0.0103516 0.0148167 0.0197992 0.0251402 0.0307502 0.0365044 0.0421609 0.0473842 0.0518303 0.0552205 0.0573856 0.0582974 0.0580772 0.0569715 0.0552985 0.0533768 0.0514379 0.0495268 0.0474295 0.0446959 0.0408125 0.0354868 0.0288956 0.0217179
 0.00696217 0.0108692 0.0155613 0.0207971 0.0264043 0.0322778 0.0382711 0.044115 0.0494474 0.0539058 0.0572029 0.0591702 0.0597848 0.0591747 0.0575901 0.0553492 0.0527754 0.0501255 0.0475054 0.0447963 0.0416555 0.0376502 0.0325075 0.0263508 0.0197505
 0.00727696 0.0113628 0.0162716 0.0217513 0.0276191 0.0337583 0.0400043 0.0460601 0.0515305 0.0560231 0.0592314 0.0609833 0.0612677 0.0602342 0.0581543 0.0553595 0.0521789 0.0488795 0.0456005 0.0422925 0.0387118 0.0345212 0.0294964 0.0237323 0.0176985
 0.0075775 0.0118295 0.0169345 0.0226277 0.0287164 0.0350767 0.0415343 0.0477755 0.0533816 0.0579341 0.0611033 0.0627017 0.0627152 0.0613039 0.0587596 0.0554362 0.051681 0.0477774 0.0438907 0.0400239 0.0360139 0.0316133 0.0266559 0.0212263 0.01571
 0.00787611 0.0122936 0.017594 0.0234984 0.0298009 0.0363655 0.0430032 0.0493826 0.0550672 0.059626 0.0627222 0.0641655 0.0639408 0.0622105 0.0592727 0.0554915 0.051228 0.046783 0.0423496 0.0379771 0.0335724 0.028967 0.0240509 0.0189077 0.0138536
 0.00824111 0.0128535 0.018375 0.0245053 0.0310206 0.0377727 0.0445609 0.0510375 0.0567481 0.0612474 0.064195 0.0654078 0.0648861 0.0628102 0.0594922 0.0553036 0.050608 0.0457112 0.0408223 0.0360278 0.0312936 0.0265208 0.0216511 0.0167706 0.0121377
 0.00855667 0.013347 0.0190817 0.0254458 0.0321992 0.0391743 0.0461452 0.0527355 0.058466 0.0628796 0.0656385 0.0665736 0.0657077 0.0632468 0.0595269 0.0549366 0.0498468 0.0445648 0.039306 0.0341783 0.0291911 0.024301 0.0194927 0.0148563 0.0106019
 0.00892887 0.0139119 0.0198583 0.0264288 0.0333662 0.0404966 0.0475908 0.054263 0.0600158 0.0643698 0.0669716 0.067651 0.0664472 0.0635954 0.0594649 0.0544718 0.0490041 0.0433764 0.0378087 0.0324222 0.0272542 0.0222999 0.0175751 0.0131707 0.00925642
 0.00933651 0.0145355 0.020724 0.027535 0.0346864 0.0419846 0.0491834 0.055881 0.0615699 0.065771 0.0681408 0.068523 0.0669715 0.063738 0.0592125 0.0538337 0.0480103 0.0420713 0.0362466 0.0306678 0.0253902 0.0204324 0.0158276 0.0116611 0.00806595
 0.00945358 0.0147424 0.0210661 0.028065 0.0354523 0.0430111 0.0504527 0.0573261 0.0630839 0.0672294 0.0694245 0.069536 0.0676487 0.0640461 0.0591446 0.0534029 0.0472442 0.0410099 0.0349419 0.0291859 0.0238136 0.01886 0.0143666 0.0104082 0.0070841
 0.00942998 0.0147155 0.0210496 0.0280857 0.0355526 0.0432472 0.0508863 0.0580065 0.0640243 0.0683863 0.0706947 0.070777 0.0687147 0.0648218 0.0595629 0.0534445 0.046926 0.0403723 0.0340404 0.028089 0.0226033 0.0176301 0.0132142 0.00941724 0.00630753
 0.00933153 0.014564 0.0208384 0.0278167 0.0352394 0.0429183 0.0505897 0.0578104 0.0640088 0.0686249 0.0712279 0.0715884 0.0697224 0.0658922 0.0605443 0.0542048 0.0473797 0.0404884 0.0338361 0.0276171 0.0219413 0.0168705 0.0124517 0.0087342 0.00575877
 0.00938216 0.0146271 0.0208975 0.0278443 0.0352033 0.0427943 0.0503727 0.0575216 0.0636963 0.0683576 0.0710844 0.071639 0.0700065 0.066398 0.0612024 0.0549021 0.0479901 0.0409069 0.0340036 0.0275283 0.0216382 0.0164265 0.0119532 0.00825982 0.00536419
 0.00947651 0.0147623 0.0210666 0.0280268 0.0353683 0.0429062 0.0503989 0.0574393 0.0635006 0.0680686 0.0707499 0.0713291 0.069798 0.066353 0.0613463 0.0552104 0.0483912 0.0413022 0.0342979 0.0276591 0.0215908 0.0162319 0.0116715 0.00795822 0.00509635
 0.00951464 0.0148183 0.0211392 0.0281097 0.0354502 0.0429714 0.0504287 0.0574143 0.0634048 0.0678961 0.0705109 0.0710536 0.0695342 0.0661583 0.0612722 0.0552846 0.0486035 0.0416029 0.0346116 0.0279097 0.0217272 0.0162426 0.0115819 0.00781448 0.00494493
 0.00957896 0.0149151 0.0212704 0.0282716 0.0356342 0.0431652 0.0506164 0.0575765 0.0635188 0.0679387 0.0704641 0.0709116 0.0693096 0.0658843 0.060998 0.0550628 0.0484734 0.0415751 0.0346634 0.0279946 0.0217947 0.016259 0.0115408 0.00773277 0.0048499
 0.00960294 0.0149547 0.0213309 0.028358 0.0357497 0.043309 0.0507819 0.0577503 0.0636823 0.0680709 0.0705449 0.0709248 0.0692464 0.0657476 0.0608058 0.0548477 0.0482743 0.0414253 0.0345775 0.0279635 0.0217922 0.0162558 0.0115185 0.0076894 0.00479571
 0.00977937 0.0152073 0.0216481 0.0287083 0.0360917 0.0436073 0.0510182 0.057924 0.0638017 0.0681421 0.070566 0.0708871 0.06914 0.0655683 0.0605597 0.0545531 0.0479605 0.0411259 0.0343215 0.027766 0.0216512 0.0161568 0.0114443 0.00762815 0.0047434
