SBPRF35
9.76564
Curr Bio
581248
B35
750477
F35
0.189223
FOFL
0.14121
OFL
65449.9
Bzero
2.79018e+006
#pred survey bio
 4.03221e+006 3.91048e+006 3.77676e+006 3.56858e+006 3.31876e+006 3.0537e+006 2.75199e+006 2.49469e+006 2.23722e+006 1.9849e+006 1.77588e+006 1.55412e+006 1.37844e+006 1.21771e+006 1.0908e+006 974379 875754 790608 739763 687788 643417 624873 617893 601862 578315 559390 557263 552368 555488 559488 550642 550730 553864 549165 545730 541639 524993 516687 516855 524877 526119 532712 543673 546859 553661 554541 559317 561203 564205 566565 568440 584763 594702 588691 605536 587432 586714 599025 600160 639178 610670 586915 2.01153e+007 1.21401e+007 1.25281e+007 1.3476e+007 1.4753e+007 1.61069e+007 1.73689e+007 1.84545e+007 1.93399e+007 2.00361e+007 2.05698e+007 2.09721e+007 2.12719e+007 2.1494e+007 2.16581e+007 2.17792e+007 2.18688e+007 2.19353e+007 2.19849e+007 2.2022e+007 2.205e+007 2.20712e+007 2.20874e+007 2.20998e+007 2.21093e+007 2.21167e+007 2.21224e+007 2.21268e+007 2.21303e+007 2.2133e+007 2.21351e+007 2.21368e+007 2.21381e+007 2.21391e+007 2.21399e+007 2.21406e+007 2.21411e+007 2.21415e+007 2.21418e+007 2.21421e+007 2.21423e+007 2.21424e+007 2.21426e+007 2.21427e+007 2.21427e+007 2.21428e+007 2.21429e+007 2.21429e+007 2.21429e+007 2.2143e+007 2.2143e+007 2.2143e+007 2.2143e+007 2.2143e+007 2.2143e+007 2.2143e+007 2.2143e+007 2.2143e+007 2.2143e+007 2.21431e+007 2.21431e+007 2.21431e+007 2.21431e+007 2.21431e+007 2.21431e+007 2.21431e+007 2.21431e+007 2.21431e+007 2.21431e+007 2.21431e+007 2.21431e+007 2.21431e+007 2.21431e+007 2.21431e+007 2.21431e+007 2.21431e+007 2.21431e+007 2.21431e+007 2.21431e+007 2.21431e+007 2.21431e+007 2.21431e+007 2.21431e+007 2.21431e+007 2.21431e+007 2.21431e+007 2.21431e+007 2.21431e+007 2.21431e+007 2.21431e+007 2.21431e+007 2.21431e+007 2.21431e+007 2.21431e+007 2.21431e+007 2.21431e+007 2.21431e+007 2.21431e+007 2.21431e+007 2.21431e+007 0 0 0 0 0 0 0 0 0 0 0 0 0 0 0 0 0 0 0 0 0 0 0 0 0
#obs survey bio
 2.6195e+006 2.9376e+006 4.07316e+006 3.52384e+006 2.44876e+006 2.88493e+006 1.96698e+006 2.31846e+006 1.49392e+006 1.331e+006 1.44164e+006 1.57653e+006 986114 1.37974e+006 940990 913313 874181 584644 826606 522402 630957 566833 582487 693387 598002 408149 556188 364253 498146 543607 366927 492083 519462 647623 818492 696674 575294 456235 554682 526806 408551 484067 368638 421435 665321 874346 672743 445786 739166 450912 532210 660384 604405 628621 582794 496887 506085 580627 753212 500138 730423 593071
#pred catch bio
 83602.9 87983.1 156396 203451 232494 285403 266613 288247 303971 282909 307944 276515 268948 241542 231975 213764 197920 164744 161910 151024 125932 114354 119767 122655 115497 99956.2 101956 95213.1 94886.8 105244 96906.2 93611.1 98093.4 93434.5 90214.7 98851 93363.5 89731.5 85778.1 92274.8 87530.1 84128.9 91162.1 88451.7 93222.8 89261.8 91281.2 90058.4 90371.5 90841 79757 86534.3 100051 81191.7 111078 96213.6 86743.3 97175.5 66391.3 122686 114506 100212 65449.9 86091.2 87610.9 93074 101490 110655 119154 126345 132072 136441 139671 142002 143653 144806 145601 146146 146515 146765 146933 147045 147120 147170 147203 147225 147240 147249 147256 147260 147263 147264 147266 147266 147267 147267 147268 147268 147268 147268 147268 147268 147268 147268 147268 147268 147268 147268 147268 147268 147268 147268 147268 147268 147268 147268 147268 147268 147268 147268 147268 147268 147268 147268 147268 147268 147268 147268 147268 147268 147268 147268 147268 147268 147268 147268 147268 147268 147268 147268 147268 147268 147268 147268 147268 147268 147268 147268 147268 147268 147268 147268 147268 147268 147268 147268 147268 147268 147268 147268 147268 147268 0 0 0 0 0 0 0 0 0 0 0 0 0 0 0 0 0 0 0 0 0 0 0 0 0
#obs catch bio
 0 87786.8 157216 204769 234035 288612 269380 291661 309192 288230 316205 283073 277291 247540 238000 218850 201232 167405 164835 154177 128470 116358 121780 124632 116916 101189 103576 96744.4 96244.5 107270 98722.4 95536.4 100289 94932.5 90938 99510.6 93825.7 90417.1 86072 92777.5 87679.8 83930.9 91350.4 88783.6 93563.1 89064.2 90920.6 90015 90111 90696.6 79509.3 86356.9 100332 80689.6 111234 96137.2 86504.9 97916.5 65873.9 123164 114457 100127
#pred cpue bio
 3.97445e+006 3.85578e+006 3.72481e+006 3.51791e+006 3.2689e+006 3.00478e+006 2.70436e+006 2.44786e+006 2.19129e+006 1.93998e+006 1.73183e+006 1.51178e+006 1.33762e+006 1.17876e+006 1.05361e+006 939135 842486 759275 709674 659175 616106 598256 591764 576494 553905 535627 533521 528734 531748 535672 527130 527305 530691 526758 524275 521000 504376 494911 494146 501959 503564 510300 521074 524092 530704 531773 536677 538607 541571 543954 545721 561510 571210 565394 581777 563974 562987 574819 576025 614439 586978 564063 1.93571e+007 1.16959e+007 1.19559e+007 1.27627e+007 1.39892e+007 1.53309e+007 1.65903e+007 1.76755e+007 1.85608e+007 1.9257e+007 1.97907e+007 2.01929e+007 2.04928e+007 2.07149e+007 2.08789e+007 2.1e+007 2.10896e+007 2.11561e+007 2.12057e+007 2.12429e+007 2.12709e+007 2.12921e+007 2.13083e+007 2.13207e+007 2.13302e+007 2.13376e+007 2.13433e+007 2.13477e+007 2.13511e+007 2.13538e+007 2.1356e+007 2.13576e+007 2.13589e+007 2.136e+007 2.13608e+007 2.13614e+007 2.1362e+007 2.13624e+007 2.13627e+007 2.13629e+007 2.13631e+007 2.13633e+007 2.13634e+007 2.13635e+007 2.13636e+007 2.13637e+007 2.13637e+007 2.13638e+007 2.13638e+007 2.13638e+007 2.13639e+007 2.13639e+007 2.13639e+007 2.13639e+007 2.13639e+007 2.13639e+007 2.13639e+007 2.13639e+007 2.13639e+007 2.13639e+007 2.13639e+007 2.13639e+007 2.13639e+007 2.13639e+007 2.13639e+007 2.13639e+007 2.13639e+007 2.13639e+007 2.13639e+007 2.13639e+007 2.13639e+007 2.13639e+007 2.13639e+007 2.13639e+007 2.13639e+007 2.13639e+007 2.13639e+007 2.13639e+007 2.13639e+007 2.13639e+007 2.13639e+007 2.13639e+007 2.13639e+007 2.13639e+007 2.13639e+007 2.13639e+007 2.13639e+007 2.13639e+007 2.13639e+007 2.13639e+007 2.13639e+007 2.13639e+007 2.13639e+007 2.13639e+007 2.13639e+007 2.13639e+007 2.13639e+007 2.13639e+007 2.13639e+007 2.13639e+007 0 0 0 0 0 0 0 0 0 0 0 0 0 0 0 0 0 0 0 0 0 0 0 0 0
#obs cpue bio
 3.88716e+006 2.47283e+006 3.62043e+006 2.30527e+006 3.71318e+006 2.99814e+006 2.43609e+006 2.79888e+006 2.08048e+006 1.66383e+006 1.4426e+006 1.14552e+006 983594 968248 912028 802209 994288 657722 503461 563878 372817 513069 592624 445734 535306 469242 389473 524316 511545 399172 492728 355089 432135 481070 487840 493207 433632 416535 531702 472103 746957 724037 613707 506913 481309 486277 566099 512769 523797 691154 561606 508203 487740 680756 574904 612770 701346 382578 652776 830286 495990 553201
#pred surv len freq
 0.00549556 0.00882971 0.0131144 0.0182712 0.0241432 0.0304306 0.0366552 0.0422619 0.0468263 0.0502039 0.0525115 0.053997 0.0549148 0.0554585 0.055733 0.0557488 0.0554358 0.0546683 0.0532817 0.0510684 0.0477783 0.0431802 0.0372107 0.0301435 0.0226378
 0.00564495 0.00897862 0.0131707 0.0181066 0.0236457 0.0295774 0.0355587 0.0411457 0.0459312 0.0496764 0.052343 0.0540472 0.0549983 0.0554408 0.055591 0.0555755 0.0553928 0.0549084 0.0538731 0.0519558 0.0488026 0.0441464 0.0379677 0.0306325 0.0228889
 0.00593695 0.00942719 0.0137902 0.0188751 0.0244903 0.0303665 0.0361162 0.0413011 0.0455976 0.0489101 0.0513336 0.0530297 0.0541396 0.05478 0.055068 0.0551163 0.0549851 0.0546161 0.0537876 0.052124 0.0491831 0.0446229 0.0384065 0.0309437 0.0230526
 0.00616876 0.0098116 0.0143818 0.0197262 0.0256346 0.031793 0.0377403 0.0429523 0.0470396 0.0498987 0.0516957 0.0527274 0.0532838 0.0535762 0.053726 0.0537809 0.0537276 0.0534738 0.052802 0.0513409 0.0486227 0.0442573 0.0381702 0.030769 0.0228995
 0.00641999 0.0102085 0.0149593 0.0205138 0.0266567 0.0330658 0.0392609 0.0446805 0.0488789 0.0516873 0.053218 0.0537562 0.0536453 0.0532118 0.0527135 0.0523 0.0519918 0.0516706 0.0510699 0.0497742 0.0472805 0.0431641 0.0373176 0.030126 0.0224289
 0.00670465 0.0106562 0.0156053 0.0213818 0.0277568 0.0343915 0.0407851 0.0463543 0.0506354 0.0534446 0.0548747 0.0551807 0.0546755 0.0536817 0.0525041 0.0513896 0.0504734 0.0497262 0.0489167 0.0476152 0.0452752 0.0414196 0.03589 0.0290267 0.021635
 0.0070771 0.0112403 0.0164445 0.0225022 0.0291636 0.0360638 0.0426693 0.0483624 0.052657 0.0553667 0.0565981 0.0566215 0.0557531 0.054304 0.0525676 0.0508046 0.0492052 0.0478308 0.0465466 0.0449906 0.0426362 0.0389798 0.0338046 0.0273779 0.0204326
 0.0074274 0.0117904 0.0172367 0.0235637 0.0305036 0.037669 0.044496 0.0503335 0.0546683 0.0573036 0.0583524 0.0581017 0.0568843 0.0550207 0.0528032 0.0504877 0.0482743 0.0462661 0.0444061 0.0424267 0.039878 0.0362862 0.0314056 0.0254276 0.0189871
 0.00780162 0.012382 0.0180954 0.0247247 0.0319808 0.0394466 0.0465186 0.0525029 0.0568564 0.059375 0.0601863 0.0596027 0.0579831 0.0556677 0.0529591 0.0501143 0.0473331 0.0447321 0.0422984 0.0398418 0.0370034 0.0333772 0.0287285 0.0231915 0.0172967
 0.00816686 0.0129645 0.0189513 0.0258985 0.0334976 0.0412999 0.048656 0.0548209 0.0592119 0.0616109 0.062157 0.0611916 0.0591087 0.0562814 0.0530367 0.0496439 0.0463057 0.0431433 0.0401675 0.0372424 0.0340899 0.0303817 0.0259178 0.0207981 0.0154562
 0.00840747 0.0133572 0.0195458 0.0267433 0.0346329 0.0427444 0.0503921 0.056786 0.0613028 0.0636986 0.0641046 0.0628693 0.060406 0.057115 0.0533531 0.0494153 0.0455222 0.0418092 0.0383083 0.0349262 0.0314503 0.0276234 0.0232866 0.0185211 0.0136791
 0.00875997 0.0139108 0.020343 0.0278121 0.0359838 0.0443661 0.0522436 0.0587923 0.0633593 0.0656853 0.0659015 0.0643679 0.0615162 0.0577688 0.0535056 0.0490431 0.0446199 0.040388 0.0364013 0.0326035 0.0288379 0.0249089 0.0206973 0.0162715 0.0119123
 0.00898149 0.0142731 0.0208921 0.0285917 0.0370261 0.0456783 0.0537944 0.0605087 0.0651387 0.0674165 0.0674823 0.0657123 0.0625534 0.0584404 0.0537645 0.0488545 0.0439631 0.0392599 0.0348241 0.0306371 0.0265935 0.0225529 0.0184311 0.0142874 0.0103423
 0.00922442 0.0146575 0.0214516 0.029352 0.0380031 0.0468725 0.0551834 0.0620404 0.0667327 0.0689731 0.0688981 0.0668945 0.0634306 0.0589656 0.0539114 0.0486095 0.0433198 0.0382194 0.0334039 0.0288854 0.0246039 0.0204678 0.0164249 0.0125281 0.00894638
 0.00942613 0.0149749 0.0219099 0.0299684 0.0387845 0.0478135 0.0562618 0.0632155 0.0679487 0.0701671 0.070006 0.0678545 0.0641846 0.0594629 0.0541124 0.0484879 0.0428617 0.0374233 0.0322834 0.0274795 0.0229886 0.0187606 0.0147712 0.0110696 0.00778332
 0.00955687 0.0151983 0.0222655 0.030498 0.0395212 0.0487648 0.0573953 0.0644576 0.0692005 0.0713291 0.0709993 0.0686286 0.0647133 0.0597354 0.0541247 0.0482377 0.0423477 0.0366475 0.031258 0.0262361 0.0215887 0.0172986 0.0133646 0.00983352 0.00679905
 0.00973824 0.0154734 0.022644 0.0309795 0.0401005 0.0494386 0.0581627 0.0653121 0.070118 0.0722602 0.0718724 0.0693649 0.0652469 0.0600261 0.0541602 0.0480247 0.0419011 0.0359836 0.0303956 0.0252048 0.0204384 0.0161046 0.0122201 0.00882945 0.00599993
 0.00994667 0.015797 0.023102 0.0315772 0.0408268 0.0502641 0.0590394 0.0661794 0.0709163 0.0729455 0.0724218 0.0697694 0.0654986 0.060112 0.0540652 0.0477403 0.0414296 0.0353383 0.0295981 0.0242862 0.019443 0.0150933 0.0112651 0.00800023 0.00534438
 0.00996332 0.0158288 0.0231591 0.0316732 0.0409772 0.0504824 0.0593331 0.0665459 0.0713412 0.0734049 0.0728866 0.0702107 0.0658907 0.0604319 0.0542891 0.0478428 0.0413879 0.0351379 0.0292389 0.0237857 0.0188373 0.014435 0.0106167 0.00742154 0.00487838
 0.0100907 0.0160194 0.0234154 0.0319872 0.0413335 0.0508633 0.059722 0.0669279 0.0717022 0.0737307 0.0731636 0.0704269 0.066037 0.0605025 0.0542813 0.0477539 0.041213 0.0348709 0.0288769 0.0233352 0.0183197 0.013887 0.0100851 0.00695181 0.00450273
 0.0101982 0.0161881 0.0236572 0.0323073 0.0417275 0.0513142 0.0601984 0.0673875 0.0721012 0.0740365 0.0733619 0.070521 0.0660406 0.0604312 0.0541474 0.0475652 0.0409729 0.0345793 0.0285332 0.0229427 0.0178908 0.0134454 0.00966278 0.0065816 0.00420805
 0.0102051 0.0161869 0.0236333 0.0322426 0.041608 0.0511419 0.0599983 0.067204 0.0719836 0.0740202 0.0734572 0.0707139 0.0663012 0.0607244 0.0544397 0.0478274 0.0411808 0.0347144 0.0285841 0.0229068 0.0177763 0.0132724 0.00946039 0.00638132 0.00403573
 0.0101023 0.0160329 0.0234256 0.031986 0.0413118 0.0508161 0.0596534 0.0668558 0.0716597 0.0737618 0.0733117 0.0707196 0.0664725 0.0610443 0.0548651 0.0483015 0.0416471 0.0351262 0.0289087 0.0231274 0.0178923 0.0132978 0.0094205 0.00630644 0.00395345
 0.0100397 0.0159421 0.0233094 0.0318539 0.0411775 0.0506918 0.059546 0.0667646 0.0715778 0.0736811 0.07323 0.0706465 0.0664301 0.0610596 0.054957 0.0484703 0.0418718 0.0353715 0.0291363 0.0233064 0.018006 0.0133453 0.00941467 0.00626767 0.00390272
 0.0102094 0.0161815 0.0236022 0.0321626 0.041455 0.050899 0.0596648 0.0667991 0.0715441 0.0735944 0.073098 0.0704721 0.0662191 0.0608282 0.0547318 0.0482807 0.041739 0.0352996 0.029112 0.0233061 0.0180062 0.0133312 0.00938276 0.00622394 0.00385701
 0.0104106 0.0164843 0.0240115 0.0326629 0.04201 0.0514547 0.0601554 0.067158 0.0717207 0.0735711 0.0728956 0.0701388 0.0658108 0.0603924 0.0543032 0.0478846 0.041395 0.0350209 0.028902 0.0231569 0.0179017 0.0132542 0.00932063 0.00617106 0.00381299
 0.0103961 0.0164692 0.0240042 0.0326764 0.0420581 0.0515457 0.0602866 0.067313 0.0718724 0.0736888 0.0729547 0.070129 0.0657391 0.0602792 0.0541734 0.0477598 0.0412894 0.0349419 0.0288514 0.0231313 0.0178938 0.0132543 0.00932061 0.00616684 0.00380474
 0.0104616 0.0165624 0.0241202 0.0328037 0.0421827 0.0516587 0.0603879 0.0674095 0.0719706 0.0737867 0.0730386 0.0701775 0.0657325 0.0602088 0.0540459 0.0475947 0.0411118 0.0347747 0.0287099 0.0230225 0.0178166 0.0132027 0.00928692 0.00614417 0.00378866
 0.010412 0.0164917 0.024032 0.0327068 0.0420879 0.0515742 0.0603168 0.0673519 0.071929 0.0737691 0.0730565 0.0702384 0.0658325 0.060331 0.0541666 0.0476932 0.0411782 0.0348112 0.0287263 0.0230296 0.0178218 0.0132089 0.0092935 0.00614944 0.0037916
 0.0103243 0.0163602 0.0238553 0.0324919 0.0418499 0.0513337 0.0600976 0.0671772 0.0718168 0.0737284 0.0730862 0.0703305 0.0659757 0.0605125 0.0543707 0.0479015 0.0413718 0.0349758 0.028856 0.0231262 0.0178916 0.0132587 0.00932841 0.00617291 0.0038062
 0.0103504 0.0164024 0.0239177 0.0325776 0.0419589 0.0514614 0.0602332 0.0673049 0.0719194 0.0737917 0.0731028 0.0703008 0.0659073 0.0604177 0.0542639 0.0477953 0.0412745 0.0348902 0.0287813 0.0230612 0.0178364 0.0132141 0.00929504 0.00615003 0.00379184
 0.0101489 0.0161108 0.023546 0.0321588 0.0415413 0.0510943 0.0599548 0.0671377 0.0718703 0.0738546 0.0732606 0.0705287 0.0661772 0.0607034 0.0545443 0.0480562 0.0415078 0.0350919 0.0289497 0.0231961 0.0179392 0.0132883 0.00934553 0.00618234 0.00381121
 0.00981883 0.0156139 0.0228739 0.0313339 0.0406156 0.0501428 0.0590687 0.0664138 0.0713934 0.0736766 0.073387 0.0709204 0.0667659 0.0614109 0.0552982 0.0487983 0.0421964 0.0357011 0.0294665 0.0236167 0.0182667 0.0135311 0.00951562 0.00629413 0.0038796
 0.00951661 0.0151531 0.0222379 0.0305299 0.0396747 0.0491182 0.058035 0.0654634 0.0706256 0.0731784 0.0732136 0.0710835 0.0672334 0.0621165 0.0561566 0.0497217 0.0431083 0.0365437 0.0302026 0.0242279 0.0187494 0.0138925 0.00977094 0.00646306 0.00398348
 0.0094615 0.0150296 0.0219907 0.0300906 0.0389828 0.0481536 0.0568441 0.064162 0.069372 0.0721314 0.0724967 0.0707669 0.0673314 0.0625933 0.0569372 0.0507059 0.0441877 0.0376185 0.0311937 0.025083 0.0194427 0.0144211 0.0101489 0.00671521 0.00413948
 0.0102047 0.0160679 0.0232371 0.0313518 0.0400067 0.0487088 0.0567915 0.0634858 0.0681701 0.0705836 0.0708254 0.0691958 0.0660448 0.0617071 0.0564877 0.0506585 0.044458 0.0380975 0.0317712 0.0256655 0.0199642 0.0148449 0.0104646 0.00693139 0.00427541
 0.0110417 0.0173686 0.0250734 0.0337258 0.0428224 0.0517469 0.0597028 0.0658375 0.0695558 0.070757 0.0697851 0.0671739 0.0634171 0.0588774 0.0537963 0.0483346 0.0426113 0.0367374 0.030839 0.025069 0.0196063 0.0146425 0.0103557 0.00687518 0.00424733
 0.0109462 0.0173284 0.025225 0.0342651 0.0439507 0.0535827 0.0622003 0.0687548 0.0724933 0.0732506 0.0714209 0.0676927 0.0627789 0.0572625 0.0515407 0.0458266 0.0401919 0.0346383 0.0291688 0.0238348 0.0187513 0.0140833 0.0100087 0.00667053 0.00413285
 0.0105616 0.0167578 0.0244753 0.0333984 0.0430925 0.05292 0.0619604 0.0691531 0.0736508 0.0751113 0.0737215 0.0700176 0.0646852 0.0584196 0.0518231 0.045326 0.0391551 0.0333665 0.0279239 0.0227851 0.0179636 0.0135478 0.00967512 0.00647853 0.00403018
 0.0102855 0.0163141 0.0238194 0.0324998 0.0419512 0.0515893 0.0605689 0.0679079 0.0728064 0.0749046 0.0742918 0.0713407 0.0665524 0.0604829 0.0536985 0.0467147 0.0399279 0.0335744 0.02774 0.0224162 0.0175769 0.0132374 0.00946777 0.00635987 0.00397138
 0.0102545 0.016249 0.0236934 0.0322757 0.0415871 0.0510504 0.0598436 0.0670253 0.0718489 0.0740109 0.0736403 0.0711072 0.0668492 0.0613021 0.0548921 0.0480332 0.0411056 0.0344221 0.028198 0.022545 0.0175016 0.0130831 0.00931923 0.00625337 0.00390916
 0.0103316 0.016347 0.0237896 0.03233 0.0415495 0.050875 0.0595016 0.066512 0.0711863 0.0732494 0.0728624 0.0704266 0.066397 0.0611925 0.055178 0.0486712 0.0419575 0.0353001 0.0289341 0.0230474 0.0177688 0.0131765 0.0093182 0.00622027 0.00387751
 0.0103598 0.0163912 0.0238515 0.0324067 0.0416295 0.0509346 0.0595047 0.0664161 0.0709559 0.0728716 0.0723574 0.0698504 0.0658344 0.060744 0.0549382 0.0486997 0.042252 0.0357886 0.0294969 0.0235627 0.0181563 0.0134157 0.00943575 0.00626207 0.00388398
 0.0102961 0.0163144 0.0237848 0.032387 0.0416956 0.051109 0.0597775 0.0667411 0.0712612 0.073079 0.0724045 0.0697078 0.0655164 0.0603085 0.0544753 0.0483087 0.0420123 0.0357332 0.0296025 0.0237627 0.0183726 0.01359 0.0095453 0.00631433 0.00390011
 0.0101047 0.0160291 0.0234053 0.0319342 0.0412113 0.0506512 0.0594127 0.0665318 0.0712469 0.0732583 0.0727283 0.0700925 0.0658721 0.0605703 0.0546229 0.0483685 0.0420408 0.0357899 0.0297231 0.0239461 0.0185866 0.0137921 0.0097039 0.00641902 0.00395842
 0.0100657 0.0159555 0.0232766 0.0317274 0.0409096 0.0502565 0.0589563 0.0660744 0.0708656 0.073024 0.0726827 0.0702347 0.0661583 0.0609284 0.0549772 0.0486652 0.042263 0.0359548 0.0298642 0.0240908 0.0187421 0.0139466 0.00983812 0.00651942 0.00402288
 0.0101127 0.0160117 0.0233232 0.0317327 0.0408359 0.0500716 0.0586461 0.0656515 0.0703714 0.072524 0.0722552 0.0699516 0.0660647 0.0610278 0.0552307 0.0490073 0.0426258 0.0362902 0.0301524 0.0243338 0.0189492 0.014123 0.00998252 0.00662839 0.00409667
 0.0100905 0.0159908 0.0233185 0.0317638 0.0409168 0.0501972 0.0587839 0.0657468 0.0703669 0.0723855 0.0719889 0.0696055 0.0657127 0.0607446 0.0550683 0.0489802 0.0427128 0.0364486 0.030338 0.0245148 0.0191099 0.0142583 0.0100914 0.00671096 0.00415417
 0.010049 0.0159252 0.0232244 0.0316412 0.0407735 0.0500512 0.0586617 0.065675 0.0703578 0.0724261 0.0720426 0.0696295 0.0656817 0.0606654 0.0549763 0.0489207 0.0427189 0.0365279 0.0304741 0.024679 0.0192743 0.0144038 0.0102088 0.00679818 0.00421385
 0.0101535 0.0160668 0.023385 0.0317867 0.040863 0.0500533 0.0585683 0.0655051 0.0701506 0.0722263 0.0718842 0.0695247 0.0656197 0.0606227 0.0549333 0.0488743 0.0426827 0.0365217 0.0305097 0.0247534 0.0193725 0.0145066 0.0103006 0.00687052 0.0042649
 0.0102287 0.0161883 0.023565 0.0320314 0.0411663 0.0503897 0.05889 0.065751 0.0702664 0.072187 0.0717053 0.0692543 0.0653159 0.0603313 0.0546774 0.0486583 0.042504 0.0363803 0.0304096 0.0246974 0.0193569 0.0145205 0.0103299 0.00690269 0.00429208
 0.010084 0.0159749 0.0232855 0.0317044 0.0408244 0.0500724 0.0586361 0.06559 0.0702103 0.0722254 0.0718095 0.06939 0.0654585 0.0604735 0.054824 0.0488161 0.0426735 0.0365556 0.0305828 0.0248621 0.0195083 0.0146544 0.0104417 0.00698921 0.00435326
 0.00998066 0.0158177 0.0230692 0.0314331 0.0405114 0.0497402 0.058316 0.0653191 0.0700247 0.07215 0.0718489 0.0695264 0.0656585 0.0607001 0.0550492 0.049026 0.0428667 0.0367357 0.0307524 0.0250203 0.0196521 0.0147795 0.0105447 0.00706837 0.00440923
 0.0101399 0.016047 0.0233593 0.0317558 0.0408265 0.0500078 0.0585067 0.0654182 0.0700317 0.0720754 0.0717117 0.0693491 0.0654618 0.0604989 0.0548512 0.0488352 0.0426874 0.0365747 0.0306175 0.0249175 0.0195824 0.0147394 0.0105271 0.00706505 0.0044129
 0.0100487 0.015913 0.0231836 0.0315475 0.0405986 0.0497717 0.0582692 0.0651842 0.0698099 0.0718835 0.0715741 0.0692907 0.0654979 0.0606285 0.055057 0.0490891 0.0429586 0.0368376 0.0308556 0.0251232 0.019754 0.014878 0.0106346 0.00714402 0.00446705
 0.010278 0.0162653 0.0236751 0.0321769 0.0413458 0.0505958 0.0591068 0.0659515 0.0704142 0.0722432 0.0716405 0.0690612 0.0650165 0.0599726 0.0543166 0.0483451 0.0422691 0.0362351 0.0303523 0.0247188 0.0194424 0.0146495 0.0104771 0.00704304 0.00440751
 0.0102981 0.0163032 0.0237419 0.0322871 0.0415144 0.0508338 0.0594158 0.0663196 0.0708142 0.0726338 0.0719716 0.0692824 0.0650897 0.0598839 0.0540816 0.0480049 0.0418777 0.0358435 0.0299982 0.0244228 0.0192109 0.0144794 0.0103599 0.0069681 0.0043634
 0.010068 0.0159668 0.0233063 0.0317852 0.0409987 0.0503642 0.0590485 0.0661009 0.0707756 0.0727861 0.0722988 0.069741 0.0656149 0.0604028 0.0545307 0.048344 0.0420968 0.0359592 0.0300414 0.0244261 0.0191988 0.0144663 0.0103513 0.00696448 0.00436314
 0.00999573 0.0158476 0.0231252 0.0315304 0.0406685 0.0499749 0.0586402 0.0657327 0.0705109 0.0726733 0.0723574 0.0699589 0.0659551 0.0608135 0.0549544 0.0487281 0.0424032 0.0361708 0.0301635 0.0244793 0.0192097 0.0144577 0.0103382 0.00695395 0.00435684
 0.00964666 0.015303 0.0223493 0.0305088 0.0394141 0.0485359 0.0571084 0.0642442 0.0692288 0.0717555 0.0719212 0.0700554 0.0665602 0.0618359 0.0562577 0.0501597 0.0438217 0.037467 0.0312696 0.0253687 0.0198879 0.01495 0.0106786 0.0071772 0.00449467
 0.00965283 0.0153436 0.0224638 0.0307448 0.0398044 0.0490688 0.0577073 0.064778 0.0695549 0.0717759 0.071622 0.0695102 0.0658994 0.0612003 0.0557558 0.0498431 0.0436841 0.0374618 0.0313358 0.0254536 0.0199591 0.014996 0.010702 0.00718603 0.00449649
 0.00917851 0.014669 0.0216296 0.0298549 0.039004 0.048502 0.0574762 0.064916 0.0700174 0.0724488 0.0723492 0.0701405 0.0663358 0.0614278 0.0558322 0.0498605 0.0437239 0.0375653 0.0315006 0.0256491 0.0201486 0.0151531 0.0108164 0.00726042 0.0045403
#obs surv len freq
 nan nan nan nan nan nan nan nan nan nan nan nan nan nan nan nan nan nan nan nan nan nan nan nan nan
 0.00448525 0.00734661 0.0111763 0.0159917 0.021691 0.0279647 0.0342771 0.0400072 0.0446864 0.0481508 0.05051 0.0520074 0.0529013 0.0534152 0.0537307 0.0539866 0.0542659 0.0545591 0.0546981 0.0542901 0.0527282 0.0493601 0.0438095 0.0362889 0.0276719
 0.00461799 0.00756488 0.0115089 0.016466 0.0223255 0.0287591 0.0352019 0.0410011 0.0456656 0.0490259 0.0512032 0.0524641 0.0530948 0.0533461 0.0534225 0.0534771 0.0535991 0.0537779 0.0538418 0.0533956 0.0518345 0.0485108 0.0430497 0.0356569 0.0271889
 0.00478011 0.00783032 0.011912 0.0170402 0.0230971 0.029737 0.0363658 0.0422965 0.0470074 0.0503117 0.0523287 0.0533363 0.0536429 0.0535295 0.0532334 0.0529391 0.0527588 0.0526959 0.0525851 0.0520351 0.0504456 0.0471743 0.0418458 0.034652 0.0264194
 0.00496273 0.00812993 0.0123681 0.0176914 0.0239742 0.0308512 0.0376971 0.0437883 0.0485736 0.0518506 0.0537363 0.0545146 0.0545045 0.0540036 0.0532734 0.0525289 0.0519159 0.0514699 0.0510521 0.0502933 0.0486107 0.0453736 0.0402045 0.0332725 0.0253592
 0.0051712 0.00847014 0.0128826 0.0184212 0.0249513 0.0320869 0.0391695 0.0454371 0.050308 0.0535647 0.0553246 0.0558801 0.0555611 0.0546766 0.0535012 0.0522683 0.0511499 0.0502161 0.0493694 0.0482842 0.0464183 0.0431687 0.0381623 0.0315385 0.0240181
 0.0054091 0.00885729 0.0134661 0.019245 0.0260483 0.0334659 0.0408017 0.0472519 0.0522024 0.0554234 0.0570373 0.057351 0.05671 0.0554357 0.0538124 0.0520829 0.0504336 0.0489599 0.0476054 0.0461001 0.0439631 0.040642 0.0357813 0.0294921 0.0224225
 0.00564603 0.00924853 0.014066 0.0201078 0.0272167 0.0349542 0.0425781 0.0492334 0.0542683 0.0574396 0.0588792 0.0589159 0.0579184 0.0562273 0.0541398 0.0519061 0.0497192 0.0476894 0.0457924 0.0438136 0.0413441 0.037899 0.0331581 0.0272109 0.0206279
 0.0058836 0.00963814 0.014659 0.0209551 0.02836 0.0364115 0.044328 0.0512069 0.0563562 0.0595109 0.0608018 0.0605712 0.0592105 0.0570852 0.0545144 0.0517626 0.0490319 0.0464426 0.043995 0.0415228 0.0386886 0.0350835 0.030434 0.0248175 0.0187291
 0.00613243 0.0100442 0.0152732 0.0218258 0.0295244 0.0378813 0.0460748 0.0531571 0.0584011 0.0615273 0.0626698 0.0621847 0.06048 0.0579387 0.0548968 0.0516342 0.0483653 0.0452239 0.042233 0.0392702 0.0360652 0.0322845 0.0277065 0.0224041 0.0168015
 0.00637371 0.0104425 0.0158834 0.0227024 0.0307098 0.0393881 0.0478682 0.0551503 0.0604693 0.0635335 0.0644892 0.0637166 0.0616494 0.0586913 0.0551933 0.0514448 0.0476672 0.0440038 0.0404987 0.0370697 0.0335096 0.0295574 0.0250431 0.0200393 0.0149055
 0.00661506 0.0108361 0.0164784 0.0235458 0.0318381 0.0408137 0.0495642 0.0570436 0.0624485 0.0654683 0.0662512 0.0651957 0.0627617 0.0593814 0.0554293 0.0512104 0.0469538 0.0428086 0.0388335 0.03498 0.0310966 0.0269884 0.0225346 0.0178092 0.0131136
 0.00684616 0.0112172 0.0170616 0.024382 0.0329661 0.0422426 0.0512573 0.0589144 0.0643747 0.0673173 0.0679027 0.0665525 0.0637523 0.0599579 0.055565 0.0508949 0.0461879 0.0416015 0.0372069 0.0329825 0.0288231 0.0245898 0.0202049 0.0157436 0.0114553
 0.00705225 0.0115532 0.0175692 0.0251014 0.0339288 0.0434601 0.0527081 0.0605372 0.0660746 0.0689809 0.0694163 0.0678163 0.0646889 0.0605151 0.0557141 0.0506257 0.0455031 0.0405137 0.0357424 0.0311916 0.0267948 0.0224596 0.0181425 0.0139186 0.00999154
 0.00726423 0.0119022 0.0181023 0.0258633 0.0349517 0.0447473 0.0542195 0.0621866 0.0677451 0.0705504 0.0707792 0.068893 0.0654258 0.0608809 0.0556957 0.0502244 0.0447308 0.0393911 0.0343016 0.0294848 0.0249055 0.0205085 0.0162768 0.0122823 0.00868718
 0.00746354 0.0122272 0.018593 0.0265576 0.0358775 0.0459107 0.0555915 0.0636977 0.0692929 0.0720182 0.072056 0.0698898 0.0660829 0.0611694 0.0556119 0.0497822 0.0439538 0.038309 0.032952 0.0279209 0.0232049 0.0187773 0.0146402 0.0108595 0.0075606
 0.00753283 0.0123498 0.0187966 0.0268752 0.0363419 0.0465448 0.0563974 0.0646523 0.0703494 0.0731128 0.0731156 0.0708376 0.066846 0.0616859 0.0558387 0.049698 0.0435581 0.0376191 0.0320006 0.0267581 0.0219023 0.0174291 0.0133539 0.00973565 0.0066684
 0.00760592 0.0124578 0.0189401 0.0270507 0.0365473 0.0467858 0.0566912 0.0650231 0.070818 0.0736846 0.0737722 0.0715368 0.0675273 0.0622805 0.0562794 0.0499287 0.0435412 0.0373397 0.0314687 0.0260089 0.0209967 0.0164496 0.0123948 0.00888456 0.0059863
 0.00766036 0.0125411 0.0190551 0.0271957 0.0367151 0.0469649 0.0568682 0.0651885 0.0709735 0.0738475 0.0739717 0.0718002 0.0678638 0.0626701 0.0566737 0.0502622 0.0437473 0.0373658 0.0312876 0.0256252 0.0204474 0.0157993 0.0117234 0.00826922 0.00548308
 0.00772104 0.0126328 0.0191802 0.0273514 0.0368939 0.0471555 0.0570564 0.0653587 0.0711115 0.0739463 0.0740363 0.0718494 0.0679247 0.062767 0.0568144 0.0504291 0.043899 0.0374487 0.0312534 0.0254474 0.0201314 0.0153821 0.0112638 0.00783056 0.00511481
 0.00774971 0.0126753 0.0192365 0.0274184 0.0369666 0.0472277 0.0571226 0.0654142 0.071154 0.0739762 0.0740571 0.0718682 0.067952 0.062815 0.0568934 0.0505405 0.0440291 0.0375674 0.0313209 0.0254282 0.0200091 0.0151679 0.0109931 0.00755022 0.00486688
 0.00781002 0.0127664 0.0193602 0.0275714 0.0371401 0.0474087 0.057295 0.0655607 0.0712588 0.0740296 0.074058 0.0718243 0.0678779 0.0627286 0.0568125 0.0504791 0.0439926 0.0375489 0.0313012 0.0253818 0.0199156 0.0150223 0.0108095 0.00735605 0.00469103
 0.00783828 0.0128122 0.0194287 0.0276664 0.0372624 0.047554 0.057452 0.0657122 0.0713858 0.0741161 0.0740961 0.0718147 0.0678284 0.062652 0.0567235 0.0503919 0.0439177 0.03749 0.0312528 0.025331 0.0198476 0.0149286 0.0106929 0.00723041 0.00457416
 0.00787403 0.0128631 0.0194922 0.0277361 0.0373307 0.0476156 0.0575064 0.0657625 0.0714354 0.074165 0.0741392 0.0718442 0.0678374 0.0626375 0.0566882 0.0503429 0.0438639 0.0374386 0.0312063 0.0252863 0.0197976 0.0148672 0.0106195 0.00715106 0.00449898
 0.00789268 0.0128937 0.0195381 0.0277995 0.0374108 0.0477069 0.0575977 0.0658399 0.0714874 0.0741874 0.0741368 0.0718265 0.0678128 0.0626098 0.0566567 0.050306 0.0438216 0.0373931 0.0311604 0.025241 0.0197515 0.014818 0.0105665 0.00709683 0.00444862
 0.00788386 0.0128781 0.0195128 0.0277617 0.0373597 0.0476454 0.0575335 0.0657837 0.0714493 0.0741729 0.0741455 0.0718544 0.0678551 0.0626626 0.0567161 0.0503671 0.043879 0.0374419 0.0311976 0.0252652 0.0197625 0.0148163 0.0105538 0.00707653 0.00442548
 0.00788963 0.012882 0.0195086 0.0277405 0.0373121 0.0475659 0.0574241 0.0656555 0.0713197 0.0740619 0.07407 0.0718242 0.0678715 0.0627189 0.0568012 0.0504687 0.0439853 0.0375432 0.0312865 0.0253368 0.0198147 0.0148491 0.0105697 0.00707955 0.0044206
 0.0078874 0.0128765 0.0194964 0.0277167 0.0372708 0.0475013 0.0573325 0.0655372 0.0711814 0.0739171 0.0739377 0.0717248 0.0678213 0.0627256 0.0568619 0.0505717 0.0441143 0.0376811 0.0314185 0.0254522 0.0199072 0.0149166 0.0106137 0.00710438 0.00443178
 0.00787153 0.0128511 0.019459 0.0276651 0.0372036 0.0474182 0.0572348 0.0654284 0.0710665 0.0738026 0.0738317 0.0716372 0.0677634 0.062708 0.0568912 0.0506476 0.0442287 0.0378198 0.0315647 0.0255903 0.0200257 0.0150093 0.0106795 0.00714645 0.0044556
 0.00786945 0.0128428 0.0194376 0.0276216 0.0371296 0.04731 0.0570968 0.065273 0.0709108 0.0736629 0.07372 0.0715601 0.0677235 0.0627062 0.056928 0.0507223 0.0443378 0.0379553 0.0317143 0.0257396 0.0201609 0.0151208 0.0107632 0.00720329 0.0044904
 0.00783957 0.0127978 0.0193763 0.0275445 0.0370378 0.0472039 0.0569761 0.0651384 0.0707669 0.0735202 0.0735935 0.0714657 0.0676732 0.0627053 0.0569753 0.0508118 0.0444614 0.0381034 0.0318758 0.0259018 0.0203112 0.0152486 0.0108626 0.00727357 0.00453537
 0.00783904 0.0127886 0.0193476 0.0274821 0.0369291 0.0470448 0.056776 0.0649192 0.0705557 0.0733401 0.0734586 0.0713814 0.0676403 0.0627228 0.0570407 0.0509205 0.0446056 0.0382726 0.0320576 0.0260831 0.0204792 0.015393 0.0109767 0.00735611 0.00458961
 0.00780002 0.012731 0.0192712 0.027389 0.0368216 0.0469224 0.0566349 0.0647559 0.0703728 0.0731506 0.0732848 0.0712483 0.0675671 0.0627176 0.0571011 0.0510368 0.0447647 0.0384603 0.0322592 0.026284 0.0206657 0.0155538 0.011105 0.00744997 0.00465224
 0.00775822 0.01266 0.0191592 0.0272252 0.0366001 0.0466484 0.0563282 0.0644481 0.0700982 0.0729353 0.0731412 0.0711779 0.0675671 0.062785 0.0572318 0.0512237 0.0449958 0.0387195 0.0325285 0.0265455 0.0209038 0.0157565 0.0112653 0.00756697 0.00473043
 0.00774969 0.0126434 0.019129 0.0271734 0.0365176 0.0465268 0.0561631 0.0642426 0.0698653 0.0726973 0.0729256 0.0710104 0.0674649 0.0627549 0.0572718 0.0513264 0.0451507 0.0389134 0.0327458 0.0267687 0.0211156 0.0159424 0.0114158 0.00767896 0.00480649
 0.00934053 0.0148715 0.0218207 0.029946 0.0388904 0.0480984 0.0567519 0.0639128 0.0688459 0.071264 0.0713153 0.0693903 0.0659398 0.0613848 0.0560868 0.050336 0.0443502 0.0382893 0.0322786 0.0264357 0.0208916 0.0158019 0.0113347 0.00763646 0.00478673
 0.00929441 0.0150937 0.0226793 0.0319004 0.0422919 0.0529209 0.0624203 0.0693972 0.0730283 0.0733801 0.0712059 0.0674445 0.062824 0.0577572 0.0524345 0.0469476 0.0413635 0.0357516 0.0301902 0.0247724 0.0196159 0.0148659 0.0106833 0.00721014 0.00452669
 0.00898112 0.0145944 0.0219684 0.0310184 0.0414017 0.0523484 0.0626184 0.0707841 0.0757385 0.0770766 0.0751202 0.0706696 0.0646944 0.0580809 0.0514644 0.0451699 0.0392669 0.0336936 0.0283724 0.0232774 0.018454 0.0140097 0.010087 0.00682026 0.00428929
 0.00880197 0.0143009 0.0215225 0.0303848 0.040561 0.0513231 0.0615102 0.0698043 0.0751979 0.0773033 0.076311 0.0727428 0.0672495 0.0605268 0.0532609 0.0460374 0.0392456 0.0330459 0.0274241 0.0222943 0.0175958 0.0133411 0.00961027 0.00650649 0.00409845
 0.00874105 0.0141909 0.0213364 0.0300898 0.0401249 0.0507257 0.0607575 0.0689416 0.0743203 0.0765613 0.0758991 0.0728537 0.0679909 0.0618366 0.0548841 0.0476054 0.0404246 0.0336667 0.0275165 0.0220243 0.0171634 0.0129028 0.00925171 0.00625258 0.0039383
 0.00869437 0.014117 0.0212281 0.0299394 0.0399228 0.0504597 0.0604139 0.0685113 0.0738081 0.0759975 0.0753507 0.0724266 0.0678138 0.0620196 0.0554618 0.0484946 0.0414344 0.034569 0.0281399 0.0223147 0.0171785 0.0127573 0.00905615 0.00607807 0.00381293
 0.00868429 0.014096 0.0211881 0.0298702 0.0398148 0.050307 0.0602171 0.0682757 0.0735402 0.0757024 0.0750355 0.0721107 0.0675403 0.0618562 0.0554828 0.0487454 0.0418966 0.0351512 0.0287091 0.0227529 0.0174294 0.0128362 0.0090232 0.00599957 0.00373513
 0.00867965 0.0140902 0.0211822 0.0298653 0.0398097 0.050297 0.0601928 0.0682249 0.073452 0.0755713 0.0748632 0.0719064 0.0673215 0.0616513 0.0553325 0.0486957 0.0419803 0.0353661 0.0290092 0.0230633 0.0176791 0.0129879 0.00908085 0.00599442 0.00370316
 0.00867839 0.0140883 0.0211798 0.0298626 0.0398077 0.0502965 0.0601942 0.0682267 0.0734493 0.0755555 0.0748239 0.0718352 0.0672164 0.0615206 0.0551961 0.0485829 0.0419232 0.0353873 0.0291088 0.0232151 0.0178404 0.0131189 0.00916129 0.00602684 0.00370419
 0.00867543 0.0140838 0.0211734 0.0298544 0.039798 0.050286 0.0601839 0.0682179 0.073443 0.0755514 0.0748193 0.0718247 0.067193 0.061479 0.0551366 0.0485148 0.041864 0.0353574 0.0291223 0.0232716 0.0179241 0.0132056 0.00923009 0.00606862 0.00372179
 0.00867067 0.014077 0.021165 0.0298454 0.0397895 0.0502791 0.0601791 0.0682152 0.073442 0.0755516 0.0748201 0.0718248 0.06719 0.0614695 0.0551175 0.0484858 0.0418299 0.035328 0.0291093 0.0232824 0.0179573 0.0132513 0.00927499 0.00610276 0.00374191
 0.0086473 0.0140418 0.0211173 0.0297867 0.0397235 0.0502108 0.060115 0.068162 0.0734056 0.0755359 0.0748257 0.071849 0.0672278 0.0615144 0.0551629 0.0485262 0.0418625 0.0353539 0.0291329 0.0233094 0.0179906 0.0132893 0.00931244 0.00613379 0.00376331
 0.00862404 0.0140025 0.0210559 0.0296973 0.0396031 0.0500626 0.05995 0.0679993 0.0732676 0.0754415 0.0747857 0.0718645 0.0672915 0.0616139 0.0552835 0.0486538 0.0419855 0.035465 0.0292292 0.0233914 0.0180607 0.0133489 0.00936153 0.00617151 0.00378948
 0.00861694 0.013989 0.0210317 0.0296571 0.0395412 0.0499748 0.0598362 0.0678649 0.0731238 0.0753048 0.0746746 0.071795 0.0672733 0.0616478 0.0553619 0.0487631 0.0421102 0.0355908 0.0293458 0.0234932 0.0181456 0.0134173 0.00941451 0.0062104 0.00381598
 0.00862543 0.014003 0.0210529 0.0296863 0.0395773 0.0500133 0.0598686 0.0678796 0.0731101 0.0752567 0.0745945 0.0716942 0.0671694 0.0615591 0.0553025 0.0487393 0.04212 0.0356259 0.0293954 0.0235472 0.0181967 0.0134614 0.00944991 0.00623693 0.0038344
 0.00862543 0.014003 0.0210529 0.0296863 0.0395773 0.0500133 0.0598686 0.0678796 0.0731101 0.0752567 0.0745945 0.0716942 0.0671694 0.0615591 0.0553025 0.0487393 0.04212 0.0356259 0.0293954 0.0235472 0.0181967 0.0134614 0.00944991 0.00623693 0.0038344
 0.00856866 0.0139162 0.0209327 0.0295344 0.0394004 0.0498235 0.0596827 0.0677169 0.0729881 0.0751858 0.0745756 0.0717202 0.0672296 0.0616445 0.0554076 0.0488614 0.042256 0.0357707 0.029541 0.0236842 0.018317 0.0135597 0.00952465 0.00628973 0.00386889
 0.0085124 0.013823 0.0207899 0.0293305 0.0391301 0.0494934 0.059316 0.0673525 0.0726722 0.0749596 0.074464 0.071728 0.0673436 0.0618399 0.0556559 0.0491367 0.0425381 0.036045 0.0297965 0.0239123 0.0185109 0.0137152 0.0096415 0.00637128 0.00392145
 0.00858741 0.0139354 0.0209406 0.029512 0.0393258 0.0496789 0.0594614 0.0674279 0.0726562 0.0748483 0.0742747 0.0714942 0.0671045 0.0616286 0.0554927 0.0490277 0.0424797 0.0360279 0.0298099 0.0239454 0.0185539 0.0137597 0.00968114 0.00640256 0.0039435
 0.00850384 0.0138171 0.0207951 0.0293571 0.0391844 0.0495701 0.0593937 0.0673974 0.0726498 0.07485 0.0742721 0.0714828 0.067089 0.0616207 0.0555059 0.049072 0.0425571 0.0361329 0.0299318 0.0240716 0.0186728 0.0138627 0.00976336 0.00646284 0.0039839
 0.00868693 0.0140929 0.0211692 0.0298204 0.0397149 0.0501379 0.0599625 0.0679243 0.0730859 0.0751457 0.0743864 0.0713947 0.0668052 0.0611766 0.0549585 0.0484863 0.0419924 0.0356324 0.0295191 0.0237525 0.0184405 0.0137035 0.00966077 0.00640103 0.00394929
 0.00861555 0.0140027 0.0210809 0.0297677 0.0397343 0.0502524 0.06017 0.0681978 0.0733857 0.0754338 0.0746345 0.0715824 0.0669156 0.0611964 0.0548835 0.0483274 0.0417763 0.0353944 0.0292927 0.0235616 0.0182957 0.0136038 0.00959837 0.00636551 0.00393098
 0.00851474 0.0138344 0.0208218 0.0294 0.0392578 0.0496982 0.0596077 0.0677244 0.0730951 0.0753821 0.0748206 0.0719551 0.067397 0.0617077 0.0553605 0.0487277 0.0420805 0.0356043 0.0294257 0.0236419 0.0183454 0.0136383 0.00962513 0.00638682 0.00394703
 0.00862342 0.0139928 0.0210251 0.0296289 0.0394795 0.0498728 0.0596965 0.0677017 0.0729603 0.0751665 0.0745807 0.0717517 0.0672712 0.0616669 0.0553821 0.0487744 0.0421173 0.0356102 0.0293964 0.0235865 0.0182797 0.0135767 0.00957677 0.00635412 0.00392777
 0.00830058 0.0134981 0.0203379 0.028753 0.0384451 0.0487357 0.0585379 0.066623 0.0720689 0.074555 0.07431 0.071844 0.0677113 0.0624052 0.0563398 0.0498526 0.0432131 0.0366336 0.0302848 0.0243091 0.0188339 0.0139794 0.00985416 0.00653497 0.00403867
 0.00867688 0.0140553 0.0210736 0.029626 0.0393824 0.0496466 0.0593272 0.0672003 0.0723598 0.0745162 0.0739441 0.0712041 0.0668919 0.0615222 0.0555028 0.0491418 0.0426648 0.0362428 0.0300195 0.0241298 0.0187078 0.0138866 0.00978528 0.0064859 0.00400639
 0.00875572 0.0142297 0.0214179 0.0302275 0.0403074 0.0508925 0.0607883 0.068676 0.073612 0.0753456 0.0742451 0.0709769 0.0662195 0.0605354 0.0543498 0.0479625 0.0415719 0.0353083 0.0292718 0.023562 0.018293 0.0135925 0.00958307 0.00635246 0.00392323
#pred catch len freq
 0.00466759 0.00738405 0.0107662 0.0147256 0.0192007 0.0241358 0.0294094 0.0348033 0.0400487 0.044899 0.0491717 0.0527598 0.0556298 0.0578042 0.0593243 0.0602103 0.0604404 0.0599491 0.0586243 0.0562923 0.0527162 0.0476659 0.0410858 0.0332863 0.0249993
 0.0047989 0.00752389 0.010845 0.0146451 0.0188745 0.0235452 0.0286383 0.034019 0.0394283 0.0445423 0.0490541 0.0527535 0.0555762 0.0575978 0.0589679 0.0598196 0.0601977 0.0600233 0.059091 0.0570927 0.0536785 0.04858 0.0417902 0.03372 0.0251971
 0.00508873 0.00796231 0.011438 0.015361 0.0196349 0.0242237 0.0290783 0.0340793 0.0390491 0.0437917 0.0481133 0.0518322 0.054812 0.0570067 0.0584793 0.0593623 0.0597725 0.0597122 0.0590018 0.0572805 0.0540992 0.0491057 0.0422741 0.0340633 0.0253779
 0.00533663 0.00836031 0.0120274 0.016176 0.0206928 0.0255088 0.0305194 0.0355345 0.0403153 0.0446494 0.0483983 0.0515029 0.0539688 0.0558446 0.0571983 0.058099 0.0585926 0.058652 0.058106 0.0565988 0.0536512 0.0488562 0.0421457 0.033977 0.0252882
 0.00560379 0.00877507 0.0126175 0.0169602 0.0216858 0.0267242 0.0319626 0.0371839 0.0420958 0.0464137 0.0499323 0.0525678 0.0543726 0.0555122 0.0561998 0.0566159 0.056846 0.0568383 0.0563711 0.0550419 0.0523328 0.0477981 0.0413327 0.0333705 0.0248457
 0.0059272 0.009274 0.0133193 0.0178752 0.0228109 0.0280472 0.0334642 0.0388352 0.0438538 0.0482144 0.0516775 0.0541128 0.0555301 0.0560873 0.0560496 0.055707 0.0552746 0.0548005 0.0541037 0.0527662 0.0502219 0.0459666 0.0398386 0.0322234 0.0240188
 0.00629682 0.00984539 0.0141252 0.018929 0.0241086 0.029571 0.0351804 0.0406906 0.0457767 0.0501203 0.0534762 0.0557086 0.056815 0.0569339 0.0563191 0.0552807 0.0541011 0.0529343 0.0517093 0.0500837 0.0475123 0.0434595 0.0376983 0.0305346 0.0227895
 0.00668681 0.0104469 0.0149709 0.0200308 0.0254611 0.0311553 0.0369636 0.04262 0.0477774 0.0520993 0.0553318 0.0573394 0.0581252 0.057832 0.0567123 0.0550746 0.0532165 0.051343 0.0494726 0.0473691 0.0445726 0.0405796 0.0351302 0.0284464 0.0212424
 0.00711406 0.0111083 0.0159055 0.0212552 0.0269708 0.0329273 0.038953 0.044756 0.0499641 0.0542251 0.0572815 0.0590055 0.0594144 0.0586673 0.057029 0.0548136 0.0523237 0.0497842 0.0472658 0.0446205 0.0414898 0.0374453 0.0322385 0.0260282 0.0194133
