SBPRF35
7.78865
Curr Bio
596364
B35
710819
F35
0.213449
FOFL
0.174617
OFL
80888.6
Bzero
2.22533e+006
#pred survey bio
 4.71369e+006 4.4569e+006 4.20463e+006 3.89295e+006 3.57358e+006 3.22149e+006 2.90192e+006 2.55484e+006 2.24416e+006 1.98159e+006 1.7287e+006 1.52836e+006 1.34455e+006 1.19553e+006 1.06515e+006 951471 860474 792198 743564 691328 666502 663001 656117 626731 616337 611573 614931 617748 615042 612643 613471 619643 615870 602600 592690 590368 577958 574530 566780 560545 566517 576396 584202 593020 591394 598377 599881 598035 600733 602319 2.07748e+007 1.22416e+007 1.23075e+007 1.28349e+007 1.36117e+007 1.44375e+007 1.51921e+007 1.58232e+007 1.63222e+007 1.67024e+007 1.69852e+007 1.71923e+007 1.73427e+007 1.74514e+007 1.75301e+007 1.75871e+007 1.76286e+007 1.76589e+007 1.76813e+007 1.76978e+007 1.77101e+007 1.77193e+007 1.77263e+007 1.77315e+007 1.77355e+007 1.77386e+007 1.77409e+007 1.77426e+007 1.7744e+007 1.7745e+007 1.77458e+007 1.77464e+007 1.77469e+007 1.77473e+007 1.77475e+007 1.77478e+007 1.77479e+007 1.77481e+007 1.77482e+007 1.77482e+007 1.77483e+007 1.77484e+007 1.77484e+007 1.77484e+007 1.77484e+007 1.77485e+007 1.77485e+007 1.77485e+007 1.77485e+007 1.77485e+007 1.77485e+007 1.77485e+007 1.77485e+007 1.77485e+007 1.77485e+007 1.77485e+007 1.77485e+007 1.77485e+007 1.77485e+007 1.77485e+007 1.77485e+007 1.77485e+007 1.77485e+007 1.77485e+007 1.77485e+007 1.77485e+007 1.77485e+007 1.77485e+007 1.77485e+007 1.77485e+007 1.77485e+007 1.77485e+007 1.77485e+007 1.77485e+007 1.77485e+007 1.77485e+007 1.77485e+007 1.77485e+007 1.77485e+007 1.77485e+007 1.77485e+007 1.77485e+007 1.77485e+007 1.77485e+007 1.77485e+007 1.77485e+007 1.77485e+007 1.77485e+007 1.77485e+007 1.77485e+007 1.77485e+007 1.77485e+007 1.77485e+007 1.77485e+007 1.77485e+007 1.77485e+007 1.77485e+007 1.77485e+007 1.77485e+007 1.77485e+007 0 0 0 0 0 0 0 0 0 0 0 0 0 0 0 0 0 0 0 0 0 0 0 0 0
#obs survey bio
 3.57368e+006 3.97178e+006 3.11569e+006 2.49846e+006 2.67501e+006 3.06436e+006 2.24926e+006 3.31011e+006 1.6685e+006 1.98327e+006 1.13347e+006 1.15851e+006 777886 1.31608e+006 1.11935e+006 716485 496928 520866 464166 690651 699431 560626 886842 372937 461428 609784 672158 486607 519086 578318 482664 791350 570033 905928 661586 712957 565417 677398 671677 610774 496381 616628 490828 471765 644616 551744 590240 970584 464439 670209
#pred catch bio
 98220.5 97819.1 166986 197808 257465 260005 315495 309984 289912 300521 269349 266488 243934 232304 220163 201594 181783 163210 162325 135043 115067 116496 132434 113967 108122 99924.2 98703.6 101619 99612.3 95181.5 89043.1 94844.2 98816.2 91597.2 81954.5 90327 86536 94742.2 95150.6 84701.9 81149 83058 82727 91667.2 84480.8 89504.6 92267.9 88288.7 88932.8 95484.9 80888.6 94930.7 94031.3 96755.9 102021 107863 113170 117510 120830 123255 124968 126146 126942 127472 127819 128046 128192 128286 128346 128385 128409 128424 128434 128440 128444 128446 128448 128449 128449 128450 128450 128450 128450 128450 128450 128450 128450 128450 128450 128450 128450 128450 128450 128450 128450 128450 128450 128450 128450 128450 128450 128450 128450 128450 128450 128450 128450 128450 128450 128450 128450 128450 128450 128450 128450 128450 128450 128450 128450 128450 128450 128450 128450 128450 128450 128450 128450 128450 128450 128450 128450 128450 128450 128450 128450 128450 128450 128450 128450 128450 128450 128450 128450 128450 128450 128450 128450 128450 128450 128450 0 0 0 0 0 0 0 0 0 0 0 0 0 0 0 0 0 0 0 0 0 0 0 0 0
#obs catch bio
 0 97528.2 167978 198963 260708 263432 323508 316335 295914 307310 276174 273865 252022 238608 225926 207486 187499 168429 167830 138240 116903 118674 134964 115941 110324 101701 99904.2 102819 100983 96305.2 89903.6 95822.3 99809.6 91822.8 82011.1 90473.9 86726.3 95140.7 95575.5 84859.2 80844.1 82661.2 82618.9 91711.8 84243.8 89348.5 92306.1 87849.9 88934.2 95549.3
#pred cpue bio
 4.64183e+006 4.39017e+006 4.14104e+006 3.83055e+006 3.51232e+006 3.1618e+006 2.84374e+006 2.49924e+006 2.19118e+006 1.93068e+006 1.67993e+006 1.48124e+006 1.29927e+006 1.15202e+006 1.02355e+006 911560 821954 755067 707958 657758 634190 631098 624704 596480 586418 581934 585734 589043 586698 584630 585813 592305 589356 577261 568369 566543 553622 548452 539854 534009 540479 550470 558030 566484 564895 571703 573106 571336 574016 575731 1.98781e+007 1.17191e+007 1.16826e+007 1.20983e+007 1.2839e+007 1.36571e+007 1.44102e+007 1.50411e+007 1.55401e+007 1.59203e+007 1.6203e+007 1.64102e+007 1.65605e+007 1.66693e+007 1.67479e+007 1.68049e+007 1.68464e+007 1.68768e+007 1.68991e+007 1.69157e+007 1.6928e+007 1.69372e+007 1.69441e+007 1.69494e+007 1.69534e+007 1.69564e+007 1.69587e+007 1.69605e+007 1.69618e+007 1.69629e+007 1.69637e+007 1.69643e+007 1.69648e+007 1.69651e+007 1.69654e+007 1.69656e+007 1.69658e+007 1.69659e+007 1.6966e+007 1.69661e+007 1.69662e+007 1.69662e+007 1.69662e+007 1.69663e+007 1.69663e+007 1.69663e+007 1.69663e+007 1.69663e+007 1.69663e+007 1.69663e+007 1.69664e+007 1.69664e+007 1.69664e+007 1.69664e+007 1.69664e+007 1.69664e+007 1.69664e+007 1.69664e+007 1.69664e+007 1.69664e+007 1.69664e+007 1.69664e+007 1.69664e+007 1.69664e+007 1.69664e+007 1.69664e+007 1.69664e+007 1.69664e+007 1.69664e+007 1.69664e+007 1.69664e+007 1.69664e+007 1.69664e+007 1.69664e+007 1.69664e+007 1.69664e+007 1.69664e+007 1.69664e+007 1.69664e+007 1.69664e+007 1.69664e+007 1.69664e+007 1.69664e+007 1.69664e+007 1.69664e+007 1.69664e+007 1.69664e+007 1.69664e+007 1.69664e+007 1.69664e+007 1.69664e+007 1.69664e+007 1.69664e+007 1.69664e+007 1.69664e+007 1.69664e+007 1.69664e+007 1.69664e+007 1.69664e+007 1.69664e+007 0 0 0 0 0 0 0 0 0 0 0 0 0 0 0 0 0 0 0 0 0 0 0 0 0
#obs cpue bio
 3.45934e+006 3.06699e+006 3.497e+006 2.83858e+006 3.23121e+006 1.78648e+006 1.74808e+006 2.77503e+006 2.118e+006 1.92739e+006 1.27022e+006 1.53547e+006 987859 1.16488e+006 769108 678714 772984 618674 793518 581666 565465 485819 502930 613773 477416 453167 656494 686405 477472 572736 639550 441845 625885 611772 475313 540050 440854 445867 436560 504111 1.02393e+006 631885 459955 744205 578640 641591 507693 543217 487206 550949
#pred surv len freq
 0.00465668 0.00763782 0.011639 0.0166856 0.0226757 0.0292859 0.0359504 0.0420112 0.0469683 0.0506448 0.0531576 0.0547704 0.0557569 0.0563268 0.0565958 0.0565795 0.0562088 0.0553584 0.0538663 0.0515316 0.0481154 0.0433998 0.037333 0.0301959 0.0226483
 0.00500121 0.00807394 0.0120714 0.0169627 0.0226478 0.0288876 0.035255 0.0412104 0.0462801 0.0502034 0.0529548 0.0546791 0.0556145 0.0560265 0.0561423 0.0560896 0.0558611 0.0553151 0.0541983 0.0521824 0.0489237 0.0441706 0.0379183 0.0305417 0.0227885
 0.00524901 0.00850761 0.0127711 0.0179954 0.024021 0.0304955 0.0368597 0.0424974 0.0469837 0.0502292 0.0524122 0.053798 0.0546085 0.0550033 0.0551103 0.0550333 0.0548139 0.0543742 0.0534782 0.0517464 0.0487441 0.0441446 0.0379264 0.0305053 0.0226916
 0.00548338 0.00888687 0.0133419 0.018808 0.0251272 0.0319362 0.0386347 0.0445251 0.0490728 0.0520939 0.0537475 0.0543879 0.0544064 0.0541289 0.05377 0.0534277 0.053095 0.0526574 0.0518677 0.0503343 0.0475847 0.0432367 0.0372257 0.0299581 0.0222621
 0.00572591 0.00927741 0.013923 0.019618 0.0261953 0.033275 0.0402321 0.0463393 0.0510301 0.0540829 0.0556083 0.0559123 0.0553719 0.0543653 0.0532246 0.0521836 0.0513338 0.0505966 0.0497122 0.0482533 0.0457036 0.041632 0.0359257 0.0289539 0.0215238
 0.00598189 0.00969581 0.0145567 0.0205175 0.0273985 0.0347921 0.0420305 0.0483404 0.0531232 0.0561475 0.0575286 0.0575742 0.0566483 0.0551124 0.0533046 0.0515119 0.0499233 0.0485706 0.0472772 0.0456503 0.0431602 0.0393302 0.0339852 0.027429 0.0204099
 0.00613466 0.00995971 0.0149834 0.0211664 0.0283265 0.0360353 0.0435855 0.0501552 0.0551031 0.0581734 0.0594753 0.0593227 0.0580887 0.0561382 0.0538072 0.0513878 0.0491019 0.047053 0.0451634 0.0431352 0.0404958 0.0367714 0.0317387 0.0256209 0.0190767
 0.00639944 0.010378 0.0155914 0.021993 0.0293925 0.0373507 0.0451419 0.0519172 0.0570051 0.0601221 0.0613591 0.0610239 0.059495 0.0571501 0.0543369 0.0513561 0.0484415 0.045729 0.0432068 0.0406695 0.0377372 0.0339908 0.0291995 0.023517 0.0174962
 0.00672694 0.0108953 0.0163413 0.0230041 0.0306731 0.0388818 0.0468702 0.0537574 0.0588554 0.0618867 0.0629622 0.0624075 0.0606073 0.0579343 0.054728 0.0512832 0.0478355 0.0445391 0.041427 0.0383702 0.0350834 0.0312271 0.0265976 0.0213046 0.0158007
 0.00703271 0.0113874 0.0170719 0.0240167 0.0319925 0.040499 0.048728 0.0557485 0.0608403 0.0637249 0.0645414 0.063657 0.0614947 0.0584498 0.0548644 0.0510205 0.0471369 0.0433618 0.0397491 0.0362258 0.0325913 0.0285911 0.0240686 0.0191132 0.0140925
 0.00738144 0.011947 0.0179003 0.025162 0.0334829 0.0423276 0.0508362 0.0580198 0.0631145 0.0658276 0.0663157 0.0649872 0.0623173 0.058752 0.0546704 0.0503689 0.0460592 0.0418725 0.0378576 0.0339666 0.0300581 0.025952 0.021543 0.0169147 0.0123653
 0.00766929 0.0124099 0.0185876 0.0261165 0.0347334 0.043877 0.0526478 0.0600109 0.0651641 0.0677955 0.0680623 0.0663895 0.0632804 0.0592172 0.0546194 0.0498183 0.0450469 0.0404431 0.0360567 0.0318525 0.0277241 0.0235429 0.0192438 0.0149091 0.0107816
 0.00792126 0.0128258 0.0192246 0.0270303 0.0359654 0.0454343 0.054485 0.0620258 0.0672144 0.0697286 0.0697418 0.0677084 0.0641632 0.0596182 0.0545206 0.0492277 0.0439954 0.0389791 0.034242 0.0297652 0.0254688 0.0212579 0.0170923 0.0130473 0.00931649
 0.00815304 0.0131939 0.0197632 0.0277678 0.0369221 0.0466179 0.0558811 0.0635896 0.0688683 0.0713681 0.0712489 0.0689685 0.0650803 0.0601256 0.0545834 0.0488399 0.0431744 0.0377621 0.0326856 0.0279481 0.0234962 0.0192617 0.0152196 0.0114324 0.00804848
 0.00846606 0.0136816 0.0204572 0.0286823 0.038051 0.0479318 0.0573245 0.0650829 0.0703196 0.0726905 0.0723723 0.06984 0.0656591 0.0603783 0.0544853 0.0483794 0.0423565 0.0366111 0.0312464 0.0262895 0.0217136 0.0174746 0.0135574 0.0100103 0.0069388
 0.00873443 0.0141193 0.0211168 0.0296092 0.0392689 0.0494227 0.0590125 0.0668355 0.0719754 0.0740996 0.0734306 0.0705007 0.0659231 0.0602747 0.0540521 0.0476513 0.0413626 0.0353794 0.0298133 0.0247088 0.0200628 0.0158525 0.0120717 0.00875422 0.00596812
 0.00886437 0.0143435 0.0214788 0.0301581 0.04005 0.05046 0.0602903 0.0682882 0.0734916 0.0755409 0.0746569 0.0713972 0.0664204 0.0603565 0.0537477 0.0470168 0.0404607 0.0342675 0.0285431 0.0233345 0.0186499 0.0144809 0.0108268 0.00770953 0.00516565
 0.0088572 0.0143479 0.0215163 0.030262 0.0402615 0.0508203 0.0608293 0.0690158 0.0743896 0.0765591 0.0757133 0.0723871 0.0672345 0.0609034 0.0539722 0.0469075 0.0400443 0.0335949 0.0276761 0.0223388 0.0175952 0.0134413 0.00987576 0.00690794 0.00454856
 0.00878262 0.0142338 0.0213592 0.0300672 0.0400464 0.0506171 0.0606865 0.0689923 0.0745421 0.0769234 0.0762893 0.073132 0.0680675 0.0617205 0.0546666 0.0473916 0.0402658 0.0335431 0.0273774 0.0218464 0.0169783 0.0127757 0.00923432 0.0063502 0.00411074
 0.00888669 0.0143818 0.0215427 0.0302647 0.0402294 0.0507605 0.0607775 0.0690352 0.0745576 0.0769441 0.0763521 0.0732672 0.0682871 0.0620093 0.0549814 0.0476696 0.0404416 0.0335668 0.0272281 0.0215369 0.0165499 0.0122875 0.00874935 0.00592152 0.00377143
 0.0090413 0.0145923 0.0217837 0.0304863 0.0403704 0.0507696 0.0606329 0.0687524 0.0741847 0.07655 0.0760117 0.073047 0.0682315 0.0621301 0.0552542 0.0480385 0.0408311 0.0338997 0.0274439 0.0216056 0.0164767 0.0121073 0.0085134 0.00568108 0.00356464
 0.00896363 0.014488 0.0216654 0.0303748 0.0402821 0.0507019 0.0605566 0.0686215 0.0739625 0.0762357 0.0756511 0.0727197 0.068022 0.0620987 0.0554199 0.0483757 0.0412795 0.03438 0.0278775 0.021933 0.01667 0.0121725 0.00848259 0.00559753 0.00346792
 0.00887586 0.0143536 0.0214799 0.0301427 0.0400195 0.0504366 0.0603242 0.068455 0.0738765 0.0762164 0.0756623 0.0727243 0.0680074 0.0620866 0.0554538 0.0484959 0.0414994 0.0346782 0.0282059 0.022235 0.0169007 0.0123116 0.00853655 0.00559106 0.00343108
 0.00911107 0.0146977 0.0219262 0.0306594 0.0405573 0.0509425 0.0607531 0.0687752 0.0740694 0.0762742 0.0755837 0.0725129 0.0676723 0.0616491 0.0549539 0.0479903 0.0410481 0.0343248 0.0279637 0.0220872 0.016813 0.0122498 0.00847891 0.0055317 0.00337439
 0.00905971 0.0146429 0.0218952 0.0306911 0.0406868 0.0511797 0.0610687 0.069106 0.0743442 0.0764434 0.0756356 0.0724672 0.0675603 0.0614961 0.0547745 0.047795 0.0408521 0.0341492 0.0278279 0.0219992 0.0167658 0.0122269 0.0084637 0.00551463 0.00335412
 0.00889138 0.014388 0.0215485 0.0302659 0.0402177 0.0507222 0.0606936 0.0688837 0.0743207 0.0766189 0.0759615 0.0728666 0.0679594 0.0618463 0.0550563 0.0480091 0.0410085 0.0342615 0.0279108 0.0220655 0.016823 0.0122758 0.00850133 0.0055385 0.00336513
 0.00881698 0.0142457 0.0212967 0.0298572 0.0396163 0.0499291 0.0597674 0.0679408 0.0735088 0.0760741 0.0757681 0.0730354 0.0684319 0.0625193 0.0558155 0.0487586 0.0416853 0.034836 0.0283773 0.0224321 0.0171027 0.0124822 0.00864641 0.00563376 0.0034222
 0.00883493 0.0142621 0.0212961 0.0298129 0.0394918 0.0496843 0.0593697 0.0673805 0.0728152 0.0753239 0.0750766 0.0725271 0.0682009 0.062598 0.0561681 0.0492989 0.0423102 0.035455 0.0289297 0.0228883 0.0174572 0.0127431 0.00882826 0.00575277 0.0034944
 0.00877442 0.0141859 0.0212212 0.0297657 0.0394966 0.0497468 0.0594642 0.0674518 0.0727961 0.0751625 0.0747614 0.0720987 0.0677442 0.0622161 0.0559469 0.0492786 0.0424759 0.03575 0.0292815 0.0232334 0.0177545 0.0129749 0.00899435 0.00586278 0.00356165
 0.00871236 0.0140839 0.0210675 0.0295531 0.0392296 0.0494481 0.0591766 0.0672268 0.0726721 0.0751429 0.0748095 0.0721562 0.0677632 0.0621856 0.0558979 0.0492654 0.0425462 0.0359214 0.0295355 0.0235274 0.0180417 0.0132204 0.00918184 0.00599214 0.00364274
 0.00861004 0.0139256 0.0208442 0.0292617 0.0388732 0.0490375 0.0587328 0.066785 0.0722805 0.0748544 0.0746657 0.0721709 0.0679149 0.062427 0.0561777 0.0495509 0.042831 0.0362156 0.0298473 0.0238501 0.0183536 0.0134954 0.00940088 0.00614948 0.00374467
 0.00835363 0.0135403 0.0203233 0.0286208 0.0381467 0.0482715 0.0579798 0.0661007 0.0717198 0.0744648 0.0744812 0.0722075 0.0681673 0.0628661 0.056753 0.0502004 0.0434966 0.0368553 0.0304379 0.0243799 0.0188138 0.0138769 0.00969728 0.00636198 0.00388372
 0.00817132 0.013251 0.0199026 0.0280548 0.0374392 0.0474523 0.0571103 0.0652682 0.0710174 0.0739664 0.0742248 0.0721949 0.0683765 0.0632636 0.0572998 0.0508518 0.0442032 0.0375675 0.0311129 0.0249867 0.0193334 0.0142997 0.0100216 0.00659376 0.00403622
 0.00809982 0.0131311 0.0197152 0.0277796 0.0370589 0.0469599 0.0565174 0.0646098 0.0703505 0.0733607 0.0737487 0.0719016 0.0682935 0.0633904 0.0576122 0.0513111 0.044763 0.0381789 0.0317284 0.0255648 0.0198424 0.0147199 0.010346 0.0068264 0.00419002
 0.00821262 0.0132718 0.0198482 0.0278452 0.0369887 0.0467024 0.0560594 0.0639826 0.0696196 0.0726078 0.073056 0.0713414 0.0679211 0.0632378 0.0576844 0.0515862 0.0451981 0.0387189 0.0323149 0.0261436 0.0203691 0.0151641 0.0106931 0.00707691 0.00435609
 0.00889114 0.0142354 0.0210382 0.0291137 0.0381336 0.0475277 0.0564291 0.0638454 0.0690068 0.0716173 0.0718302 0.0700411 0.0666961 0.0622035 0.0569098 0.0510942 0.0449732 0.0387177 0.0324777 0.0264052 0.0206688 0.0154533 0.0109394 0.00726533 0.00448619
 0.00955843 0.0153032 0.0226038 0.0312307 0.0407707 0.0505219 0.059461 0.0664794 0.0708063 0.0722881 0.0713132 0.0685068 0.0644607 0.0596227 0.0542976 0.0486822 0.0429025 0.0370494 0.0312118 0.0255004 0.0200614 0.0150725 0.0107182 0.00714754 0.00442954
 0.00933587 0.0150759 0.0225108 0.0314852 0.0416045 0.0520924 0.0617643 0.0693123 0.0737972 0.074981 0.0732779 0.0694445 0.0642758 0.0584349 0.0523879 0.0463999 0.0405731 0.034916 0.0294165 0.0240951 0.0190322 0.0143663 0.0102649 0.00687637 0.00427914
 0.00893033 0.0144701 0.0217067 0.0305418 0.0406497 0.0513246 0.0614328 0.0696622 0.0749764 0.0769476 0.0757638 0.0720124 0.0664512 0.059852 0.0528881 0.0460469 0.039595 0.0336094 0.0280557 0.022876 0.0180567 0.0136566 0.00979169 0.0065863 0.00411581
 0.00876275 0.0141756 0.0212257 0.0298141 0.0396403 0.0500621 0.0600428 0.0683709 0.07407 0.076694 0.076322 0.0733626 0.0683768 0.0619895 0.0548341 0.047483 0.0403745 0.0337721 0.0277731 0.0223656 0.0175062 0.0131849 0.00944605 0.00636355 0.00398789
 0.00879889 0.0141916 0.0211696 0.0296076 0.0391952 0.0493098 0.0589675 0.0670335 0.0726162 0.075342 0.0753269 0.0729562 0.0686926 0.0630028 0.0563505 0.0491911 0.0419482 0.0349735 0.028512 0.0226912 0.0175491 0.0130874 0.00931483 0.00625466 0.0039172
 0.00888643 0.0143193 0.021332 0.0297828 0.039341 0.0493629 0.058849 0.0666663 0.0719548 0.0744069 0.0742252 0.0718738 0.0678526 0.0625995 0.0564812 0.0498151 0.0428958 0.036008 0.0294165 0.0233373 0.0179172 0.0132376 0.00933621 0.00622343 0.00387889
 0.00889292 0.0143434 0.0213922 0.0299021 0.039537 0.0496335 0.0591595 0.0669474 0.0721148 0.0743568 0.0739103 0.0713015 0.0671065 0.0618286 0.0558602 0.0494854 0.0429112 0.0363154 0.0298831 0.0238115 0.0182886 0.0134652 0.00943852 0.00624679 0.00386755
 0.00880128 0.0142107 0.0212237 0.0297158 0.0393621 0.049505 0.0591108 0.0669997 0.0722653 0.0745697 0.0741185 0.0714248 0.067083 0.0616457 0.0555687 0.0491854 0.0427123 0.0362885 0.0300306 0.0240725 0.0185749 0.0137041 0.00959717 0.00633003 0.00389978
 0.00883763 0.0142594 0.0212783 0.0297651 0.0393955 0.0495193 0.0591151 0.0670143 0.0723129 0.0746631 0.07425 0.0715626 0.0671778 0.061648 0.0554522 0.0489644 0.0424423 0.0360449 0.0298749 0.0240264 0.0186163 0.013787 0.00967829 0.00638609 0.00392818
 0.00884526 0.0142653 0.0212749 0.0297409 0.0393372 0.0494167 0.0589665 0.0668306 0.0721188 0.0744942 0.0741434 0.0715444 0.0672504 0.0617859 0.0556099 0.0490959 0.0425221 0.0360782 0.0298902 0.0240552 0.0186742 0.0138677 0.00976235 0.00645536 0.00397452
 0.00876567 0.0141624 0.0211683 0.0296629 0.0393216 0.0494814 0.0591007 0.0669962 0.0722663 0.0745834 0.0741598 0.0715011 0.0671788 0.0617185 0.0555661 0.0490757 0.0425119 0.0360639 0.0298683 0.024034 0.0186656 0.0138775 0.00978656 0.00648418 0.00399909
 0.00879887 0.0141976 0.0211885 0.0296452 0.0392487 0.0493569 0.0589566 0.0668835 0.0722306 0.0746398 0.0742841 0.0716447 0.0672948 0.0617832 0.0555822 0.0490616 0.0424861 0.036037 0.0298437 0.0240131 0.0186514 0.0138728 0.00979165 0.00649554 0.00401177
 0.00869162 0.014049 0.021011 0.0294636 0.0390893 0.049233 0.058862 0.0667995 0.0721446 0.0745602 0.0742396 0.0716655 0.0673918 0.0619404 0.0557663 0.0492402 0.04264 0.0361612 0.0299412 0.0240894 0.0187114 0.0139204 0.00982957 0.0065253 0.00403392
 0.00829747 0.0134769 0.0202789 0.0286351 0.0382599 0.048504 0.0583157 0.0664848 0.0720717 0.0747034 0.074548 0.0720818 0.0678689 0.0624471 0.0562813 0.0497431 0.0431089 0.0365765 0.0302913 0.0243717 0.0189303 0.0140841 0.00994717 0.00660593 0.00408611
#obs surv len freq
 nan nan nan nan nan nan nan nan nan nan nan nan nan nan nan nan nan nan nan nan nan nan nan nan nan
 0.00448983 0.00735341 0.0111853 0.0160026 0.0217029 0.0279769 0.0342888 0.0400176 0.044695 0.048157 0.0505134 0.0520081 0.0528993 0.0534109 0.0537246 0.053979 0.0542573 0.0545498 0.0546884 0.0542803 0.0527184 0.0493509 0.0438013 0.0362822 0.0276667
 0.00461421 0.00756025 0.0115047 0.0164642 0.0223282 0.0287674 0.0352153 0.0410175 0.0456822 0.0490401 0.0512136 0.0524704 0.0530973 0.0533456 0.0534194 0.0534721 0.0535925 0.0537702 0.0538333 0.0533867 0.0518256 0.0485023 0.0430421 0.0356506 0.0271841
 0.00477618 0.00782349 0.011901 0.017024 0.0230755 0.0297113 0.0363397 0.0422747 0.0469944 0.0503098 0.052337 0.0533515 0.0536611 0.0535474 0.0532494 0.0529526 0.05277 0.0527053 0.0525931 0.0520421 0.0504518 0.0471798 0.0418505 0.0346558 0.0264223
 0.00496605 0.0081343 0.0123727 0.0176947 0.0239742 0.030846 0.0376855 0.0437706 0.048552 0.0518289 0.053719 0.0545051 0.0545042 0.054011 0.0532856 0.0525425 0.0519287 0.0514806 0.0510607 0.0503 0.048616 0.0453777 0.0402078 0.0332751 0.0253611
 0.00517824 0.00848185 0.0129007 0.0184469 0.024985 0.0321272 0.0392125 0.0454768 0.0503379 0.0535801 0.0553242 0.0558665 0.0555394 0.0546522 0.0534782 0.0522481 0.051132 0.0501987 0.0493511 0.0482645 0.0463977 0.0431484 0.0381436 0.0315225 0.0240059
 0.00541134 0.00886293 0.0134783 0.0192678 0.0260858 0.0335204 0.040872 0.0473325 0.0522847 0.055497 0.0570928 0.057382 0.0567145 0.0554163 0.0537753 0.0520351 0.050381 0.0489059 0.0475514 0.0460464 0.0439105 0.040592 0.0357363 0.0294544 0.0223935
 0.00564601 0.00924871 0.0140669 0.0201103 0.0272229 0.034967 0.0426014 0.0492709 0.0543213 0.0575056 0.0589516 0.0589845 0.0579726 0.0562592 0.0541461 0.0518886 0.0496834 0.0476416 0.0457384 0.0437575 0.0412886 0.0378466 0.0331112 0.0271717 0.0205978
 0.00589802 0.00965833 0.0146835 0.0209804 0.0283821 0.0364274 0.0443372 0.0512123 0.0563626 0.0595239 0.0608254 0.0606058 0.0592521 0.0571261 0.0545454 0.0517765 0.0490254 0.0464169 0.0439546 0.0414735 0.0386359 0.0350319 0.0303873 0.0247785 0.0186991
 0.00612121 0.0100285 0.0152541 0.0218055 0.0295051 0.0378637 0.0460574 0.0531373 0.0583776 0.0615021 0.0626489 0.0621763 0.0604905 0.0579695 0.0549433 0.0516875 0.0484151 0.0452621 0.0422561 0.0392789 0.0360629 0.0322758 0.0276952 0.022393 0.0167924
 0.00637245 0.0104371 0.0158695 0.0226745 0.0306635 0.039323 0.0477899 0.0550693 0.0603971 0.0634787 0.0644552 0.0637032 0.0616555 0.0587166 0.0552372 0.0515045 0.0477366 0.0440746 0.0405629 0.0371221 0.0335487 0.0295844 0.0250608 0.0200504 0.0149123
 0.00659357 0.0108021 0.0164287 0.0234778 0.0317499 0.0407045 0.0494356 0.0569015 0.0623035 0.0653355 0.0661468 0.0651327 0.0627467 0.0594135 0.0555021 0.0513144 0.0470786 0.0429437 0.0389688 0.0351065 0.0312081 0.0270813 0.022608 0.0178641 0.0131522
 0.00682416 0.0111789 0.0169995 0.0242881 0.0328344 0.0420725 0.0510565 0.0586986 0.0641644 0.0671323 0.0677588 0.0664606 0.0637188 0.0599845 0.0556482 0.0510264 0.0463553 0.0417906 0.0374035 0.0331738 0.0289985 0.0247417 0.0203288 0.0158384 0.0115228
 0.00703791 0.0115307 0.0175366 0.0250567 0.0338694 0.0433826 0.0526088 0.0604145 0.0659309 0.068825 0.0692626 0.067682 0.0645901 0.0604636 0.0557158 0.0506802 0.0456043 0.0406511 0.0359022 0.0313594 0.0269569 0.0226048 0.0182635 0.0140121 0.0100583
 0.00725917 0.0118921 0.0180836 0.0258318 0.0349036 0.0446812 0.0541369 0.0620921 0.067644 0.0704471 0.0706769 0.0687957 0.0653401 0.0608163 0.0556625 0.0502307 0.0447795 0.0394793 0.0344207 0.0296223 0.0250473 0.0206415 0.0163911 0.0123724 0.00875215
 0.00742802 0.0121734 0.0185194 0.0264651 0.035769 0.0457904 0.0554641 0.0635696 0.0691715 0.0719118 0.071972 0.0698328 0.0660545 0.0611688 0.0556383 0.0498355 0.0440346 0.038417 0.0330834 0.0280678 0.0233561 0.0189205 0.0147648 0.0109588 0.0076328
 0.00749793 0.0122911 0.0187051 0.0267424 0.0361635 0.0463244 0.0561505 0.0644043 0.0701293 0.0729449 0.0730132 0.0708025 0.0668714 0.0617611 0.0559519 0.0498387 0.0437183 0.0377928 0.032183 0.0269432 0.0220823 0.0175944 0.0134957 0.00984812 0.00675009
 0.0075949 0.0124377 0.0189054 0.0269947 0.0364625 0.0466665 0.0565359 0.0648373 0.0706153 0.0734855 0.0736003 0.0714132 0.0674654 0.0622831 0.05634 0.0500352 0.0436798 0.0374983 0.0316374 0.0261794 0.0211611 0.0165999 0.0125235 0.00898686 0.00606085
 0.00766445 0.0125478 0.019065 0.0272087 0.0367292 0.0469753 0.0568668 0.0651649 0.0709185 0.073757 0.0738502 0.0716613 0.0677276 0.0625576 0.0566012 0.0502375 0.043769 0.0374263 0.0313759 0.0257298 0.0205576 0.0159055 0.0118175 0.00834579 0.00553986
 0.00771852 0.0126319 0.0191847 0.0273663 0.0369243 0.0472034 0.0571187 0.0654258 0.0711696 0.0739799 0.0740327 0.0718026 0.0678381 0.0626534 0.0566934 0.0503214 0.0438209 0.0374086 0.0312511 0.025476 0.0201804 0.0154407 0.0113221 0.00788128 0.00515409
 0.00775262 0.0126816 0.0192487 0.0274405 0.0370026 0.0472811 0.0571943 0.0655016 0.0712496 0.0740676 0.0741292 0.0719058 0.0679443 0.0627592 0.0567968 0.0504194 0.0439041 0.0374579 0.0312403 0.0253813 0.019993 0.0151745 0.0110125 0.0075736 0.00488813
 0.00781335 0.0127706 0.0193644 0.0275744 0.0371413 0.0474094 0.0572986 0.0655727 0.0712844 0.074071 0.0741124 0.0718835 0.0679291 0.0627589 0.0568125 0.0504469 0.0439348 0.0374788 0.0312338 0.0253295 0.0198842 0.0150111 0.0108131 0.00736738 0.00470407
 0.00784779 0.0128288 0.0194554 0.0277061 0.0373168 0.0476213 0.0575265 0.0657849 0.0714475 0.0741611 0.0741234 0.0718269 0.0678285 0.0626403 0.0566977 0.0503487 0.0438565 0.0374147 0.0311722 0.0252561 0.0197874 0.0148874 0.01067 0.00722113 0.00457297
 0.00789129 0.0128932 0.019541 0.02781 0.0374347 0.0477503 0.0576653 0.0659313 0.0715945 0.074294 0.0742223 0.0718735 0.0678142 0.0625701 0.0565883 0.050222 0.0437311 0.0373014 0.0310721 0.0251629 0.0196927 0.0147858 0.0105627 0.00711573 0.00447968
 0.00789191 0.0128941 0.0195422 0.0278111 0.0374349 0.0477487 0.0576615 0.0659271 0.0715949 0.0743064 0.0742536 0.0719247 0.0678779 0.062633 0.0566368 0.0502486 0.0437367 0.0372916 0.0310529 0.0251367 0.0196584 0.0147417 0.0105098 0.00705888 0.00442597
 0.00788383 0.0128771 0.0195098 0.0277555 0.03735 0.0476338 0.0575246 0.0657844 0.0714671 0.074213 0.0742084 0.0719342 0.0679406 0.0627393 0.0567706 0.0503909 0.04387 0.0374044 0.0311401 0.0251978 0.0196951 0.0147565 0.0105063 0.00704274 0.00440403
 0.00787938 0.012865 0.0194824 0.0277028 0.0372614 0.0475028 0.0573524 0.0655825 0.0712559 0.074019 0.0740582 0.0718493 0.0679328 0.0628083 0.0569046 0.0505694 0.0440688 0.0376004 0.0313151 0.025341 0.0198022 0.0148285 0.0105481 0.00706158 0.00440792
 0.00788877 0.0128782 0.0194981 0.0277175 0.037269 0.0474949 0.057319 0.0655149 0.07115 0.0738792 0.0738991 0.0716936 0.0678061 0.0627323 0.0568912 0.0506182 0.0441678 0.0377301 0.031454 0.0254703 0.0199091 0.0149075 0.0105997 0.00709042 0.00442076
 0.00788635 0.0128722 0.0194852 0.0276935 0.03723 0.0474386 0.0572464 0.0654295 0.0710566 0.0737818 0.0738012 0.0716001 0.0677249 0.0626747 0.0568697 0.0506417 0.0442377 0.0378386 0.0315857 0.0256066 0.0200333 0.0150082 0.0106726 0.00713738 0.00444731
 0.00788015 0.0128632 0.0194737 0.0276798 0.0372141 0.0474194 0.0572211 0.0653949 0.0710104 0.0737243 0.0737353 0.0715309 0.0676581 0.0626169 0.0568284 0.0506248 0.0442518 0.0378856 0.031661 0.0256993 0.0201293 0.0150945 0.010741 0.00718518 0.00447682
 0.00784127 0.0127995 0.0193771 0.027544 0.0370369 0.0472063 0.0569883 0.0651671 0.0708154 0.0735844 0.073662 0.0715236 0.0677078 0.0627106 0.0569532 0.0507703 0.0444107 0.0380532 0.0318323 0.0258673 0.0202851 0.0152288 0.0108471 0.0072615 0.0045263
 0.00781846 0.0127592 0.0193106 0.0274412 0.0368891 0.04701 0.0567493 0.0649026 0.0705516 0.073352 0.0734891 0.0714298 0.0677003 0.0627838 0.0570916 0.0509539 0.04462 0.0382719 0.0320481 0.0260708 0.0204677 0.0153836 0.0109694 0.00735041 0.0045852
 0.00779453 0.0127197 0.0192499 0.0273534 0.0367686 0.0468533 0.0565571 0.0646814 0.0703148 0.0731187 0.0732829 0.0712747 0.0676166 0.0627828 0.0571732 0.0511063 0.0448237 0.0385041 0.0322876 0.0262998 0.0206733 0.0155568 0.0111057 0.00744964 0.00465145
 0.00777428 0.0126841 0.0191916 0.0272639 0.036641 0.0466852 0.0563532 0.0644543 0.070082 0.072899 0.073093 0.0711292 0.0675278 0.0627609 0.0572235 0.0512276 0.0450059 0.0387298 0.0325346 0.0265459 0.0208993 0.0157495 0.0112579 0.00756071 0.0047258
 0.00775041 0.0126458 0.0191349 0.027185 0.0365367 0.0465534 0.0561945 0.0642733 0.0698878 0.0727051 0.0729155 0.0709839 0.0674284 0.0627171 0.057241 0.0513074 0.0451439 0.0389155 0.0327519 0.0267744 0.0211185 0.0159422 0.0114136 0.00767598 0.00480376
 0.00932625 0.0148505 0.0217933 0.0299143 0.0388578 0.0480696 0.0567313 0.0639041 0.0688507 0.0712806 0.0713389 0.0694145 0.0659588 0.0613962 0.0560921 0.0503391 0.0443555 0.0382989 0.0322921 0.0264504 0.0209049 0.0158118 0.0113409 0.00763965 0.00478798
 0.00930543 0.0151091 0.0226978 0.0319193 0.042308 0.0529319 0.0624257 0.0693985 0.0730282 0.0733809 0.0712087 0.0674483 0.0628262 0.0577548 0.0524257 0.0469328 0.0413452 0.0357334 0.030175 0.0247616 0.0196089 0.0148616 0.0106803 0.00720786 0.00452487
 0.0089827 0.0145995 0.0219805 0.0310416 0.0414392 0.0523998 0.0626783 0.0708429 0.0757858 0.0771051 0.0751283 0.0706603 0.064673 0.0580521 0.0514314 0.045134 0.0392296 0.0336566 0.0283381 0.0232479 0.0184304 0.0139922 0.0100746 0.00681201 0.00428402
 0.00878006 0.0142668 0.0214746 0.0303234 0.0404892 0.0512476 0.0614412 0.0697536 0.0751749 0.0773115 0.0763464 0.0727961 0.0673102 0.0605865 0.0533147 0.0460832 0.039283 0.0330752 0.0274461 0.0223105 0.0176076 0.0133496 0.00961637 0.00651066 0.00410109
 0.00873769 0.0141818 0.0213162 0.0300516 0.0400627 0.0506377 0.0606491 0.0688256 0.0742145 0.0764833 0.0758612 0.0728599 0.0680365 0.0619104 0.0549726 0.0476959 0.0405085 0.0337391 0.0275759 0.0220711 0.0171989 0.0129289 0.00927006 0.00626486 0.00394599
 0.00869933 0.0141218 0.0212292 0.0299311 0.0398982 0.0504124 0.0603408 0.068414 0.0736942 0.0758805 0.0752474 0.0723539 0.0677836 0.0620355 0.0555182 0.048579 0.041532 0.0346663 0.0282277 0.0223881 0.0172362 0.0128003 0.00908645 0.00609824 0.0038255
 0.0086874 0.0141024 0.0212 0.0298899 0.0398428 0.0503404 0.0602484 0.0682938 0.073534 0.0756653 0.074969 0.072025 0.0674512 0.0617809 0.0554345 0.0487297 0.0419111 0.0351873 0.0287559 0.0228007 0.0174716 0.0128697 0.00904759 0.00601597 0.00374533
 0.00869068 0.0141071 0.0212058 0.0298957 0.0398469 0.0503403 0.0602407 0.0682741 0.0734963 0.0756021 0.0748711 0.071885 0.0672703 0.0615779 0.0552505 0.0486202 0.0419232 0.0353328 0.028998 0.023068 0.0176922 0.013003 0.00909409 0.00600426 0.00370961
 0.00867163 0.014079 0.0211687 0.0298518 0.0397995 0.0502932 0.0601971 0.0682364 0.0734654 0.0755766 0.0748474 0.0718563 0.0672295 0.0615206 0.0551815 0.0485573 0.0418941 0.035363 0.0290952 0.0232134 0.017848 0.0131312 0.00917407 0.00603742 0.00371165
 0.00865413 0.0140515 0.0211294 0.0297998 0.039736 0.0502219 0.0601243 0.0681704 0.0734143 0.0755457 0.0748369 0.0718619 0.0672433 0.061534 0.0551884 0.0485577 0.041896 0.0353803 0.0291402 0.0232884 0.0179417 0.0132236 0.00924664 0.00608209 0.00373144
 0.00867792 0.014086 0.0211735 0.0298497 0.0397856 0.0502645 0.0601543 0.0681839 0.0734098 0.0755244 0.0748023 0.0718186 0.0671952 0.0614836 0.0551367 0.0485057 0.0418467 0.03534 0.0291169 0.0232876 0.0179622 0.0132571 0.00928156 0.00610914 0.00374716
 0.00866579 0.0140721 0.0211631 0.0298506 0.0398054 0.0503061 0.0602132 0.0682484 0.0734657 0.0755599 0.0748123 0.0718046 0.0671634 0.0614413 0.0550899 0.0484587 0.0418026 0.0353018 0.0290884 0.0232725 0.0179616 0.0132683 0.00929876 0.00612596 0.00375947
 0.00863882 0.0140261 0.0210904 0.0297446 0.0396643 0.0501376 0.0600365 0.0680916 0.0733563 0.075515 0.0748325 0.0718766 0.0672672 0.0615582 0.0552066 0.0485673 0.0418994 0.035386 0.0291609 0.0233351 0.0180163 0.0133159 0.00933868 0.00615698 0.00378111
 0.00863793 0.0140235 0.021084 0.0297312 0.039639 0.0500947 0.0599716 0.0680041 0.0732528 0.0754096 0.0747444 0.0718232 0.0672573 0.0615894 0.0552676 0.0486437 0.0419789 0.0354603 0.0292263 0.023391 0.0180635 0.0133553 0.0093706 0.0061815 0.00379845
 0.0086191 0.0139962 0.0210491 0.0296913 0.0395977 0.0500546 0.059933 0.0679651 0.07321 0.0753613 0.0746921 0.0717736 0.0672208 0.0615766 0.0552843 0.0486885 0.0420438 0.0355347 0.0293002 0.0234578 0.0181201 0.0134009 0.00940577 0.00620724 0.00381606
#pred catch len freq
 0.00417916 0.00665922 0.00980519 0.0135769 0.0179515 0.0228922 0.0282801 0.0338884 0.0394294 0.0446248 0.0492513 0.0531619 0.0562945 0.0586578 0.0602912 0.0612202 0.0614314 0.0608693 0.0594335 0.0569638 0.0532386 0.0480437 0.041337 0.033438 0.0250812
 0.00451549 0.00709986 0.0102762 0.013954 0.0181074 0.0227635 0.0279113 0.0334165 0.0390109 0.0443489 0.0490945 0.0530089 0.0560086 0.0581607 0.0596138 0.060503 0.0608753 0.0606538 0.0596375 0.0575267 0.0539855 0.048763 0.0418698 0.0337279 0.0251669
 0.00477906 0.00753491 0.010935 0.0148682 0.0192565 0.0240429 0.0291258 0.0343284 0.0394351 0.0442418 0.0485682 0.0522542 0.0551829 0.057322 0.0587413 0.0595746 0.0599346 0.0598164 0.0590347 0.0572288 0.053959 0.0488896 0.042012 0.0337947 0.0251396
 0.00503945 0.00794406 0.0115282 0.0156785 0.0203183 0.025388 0.0307598 0.0361893 0.0413583 0.0459655 0.0498021 0.0527879 0.0549673 0.0564693 0.057447 0.0580278 0.0582789 0.0581654 0.0574967 0.0559014 0.0528971 0.0480854 0.041409 0.0333279 0.0247673
 0.00532939 0.00839603 0.0121735 0.016537 0.021401 0.0266999 0.0322992 0.0379416 0.0432822 0.0479725 0.0517348 0.0544191 0.0560432 0.056789 0.0569389 0.0567718 0.0564659 0.0560283 0.0552564 0.0537409 0.050951 0.0464334 0.0400774 0.032303 0.0240145
 0.0056133 0.00884458 0.0128253 0.017422 0.0225388 0.0280964 0.03394 0.0397861 0.0452652 0.0500093 0.0537231 0.0562331 0.0575242 0.0577519 0.0572053 0.0562277 0.055112 0.0539935 0.0527655 0.0510576 0.0483233 0.0440569 0.0380782 0.0307355 0.0228712
 0.00583982 0.00920957 0.0133698 0.0181853 0.0235557 0.02939 0.0355109 0.0416029 0.0472612 0.0520881 0.055769 0.0581213 0.0591268 0.058937 0.0578364 0.0561756 0.0542875 0.0523915 0.0504946 0.0483337 0.0454268 0.0412706 0.0356308 0.0287658 0.0214193
 0.0061516 0.00969003 0.0140456 0.0190692 0.024652 0.0307013 0.0370372 0.0433321 0.0491568 0.0540804 0.0577558 0.0599782 0.0607223 0.0601453 0.058542 0.0562735 0.0536896 0.0510505 0.04844 0.0457014 0.0424566 0.0382633 0.0328784 0.026483 0.0197038
 0.00652018 0.010258 0.0148428 0.0201042 0.0259148 0.0321674 0.0386686 0.0450779 0.0509558 0.0558676 0.0594651 0.0615399 0.062058 0.0611661 0.0591517 0.0563744 0.0531925 0.049891 0.0466077 0.0432733 0.0396161 0.035283 0.0300607 0.0240816 0.0178613
 0.00691125 0.0108659 0.0157064 0.0212423 0.0273255 0.0338272 0.0405277 0.0470559 0.0529473 0.0577577 0.0611491 0.0629367 0.0631138 0.0618464 0.0594271 0.0562067 0.0525301 0.0486805 0.0448222 0.0409507 0.0368901 0.0323831 0.0272691 0.0216576 0.0159695
 0.00730842 0.0114852 0.0165901 0.022415 0.0287938 0.035578 0.0425209 0.0492154 0.0551594 0.0598813 0.063035 0.0644517 0.064162 0.0623798 0.0594403 0.055717 0.051555 0.0472258 0.0428933 0.0385844 0.0341914 0.0295409 0.0245302 0.019263 0.014083
 0.00768675 0.0120729 0.0174248 0.0235166 0.0301657 0.0372084 0.044378 0.0512396 0.0572596 0.0619388 0.0649143 0.0660159 0.065291 0.0629883 0.0594879 0.0552067 0.0505189 0.0457081 0.0409427 0.0362658 0.0316109 0.026863 0.0219654 0.0170204 0.0123093
 0.0079985 0.0125672 0.0181459 0.0244986 0.0314291 0.0387526 0.0461713 0.0532126 0.0593084 0.0639378 0.0667319 0.0675277 0.0663901 0.0635942 0.0595533 0.0547197 0.0495006 0.0442054 0.0390224 0.0340159 0.0291502 0.0243495 0.0195856 0.0149533 0.0106783
 0.00830782 0.013044 0.0188166 0.0253748 0.0325117 0.0400367 0.047644 0.0548435 0.0610391 0.0656781 0.0683663 0.0689312 0.0674486 0.0642198 0.0596923 0.0543528 0.0486381 0.0428843 0.0373045 0.0319903 0.0269374 0.0221011 0.0174702 0.0131256 0.00924133
 0.00870663 0.0136511 0.0196536 0.0264356 0.0337673 0.0414434 0.0491485 0.0563838 0.062547 0.0670836 0.0696023 0.0699338 0.0681569 0.0645789 0.0596596 0.0539048 0.0477749 0.0416305 0.0357107 0.0301354 0.0249315 0.0200819 0.0155871 0.0115114 0.00798012
 0.00903913 0.0141737 0.0204062 0.0274419 0.0350292 0.042934 0.0508035 0.0581006 0.0641984 0.0685429 0.0707677 0.0707417 0.0685813 0.0646218 0.0593379 0.0532398 0.0467894 0.0403519 0.0341797 0.0284148 0.0231118 0.0182786 0.0139257 0.0101011 0.00688709
 0.00919999 0.0144377 0.0208091 0.0280212 0.0358194 0.0439571 0.0520552 0.0595377 0.0657339 0.0700531 0.0721112 0.0717872 0.069235 0.0648433 0.0591382 0.0526643 0.0458968 0.0392009 0.0328267 0.0269219 0.0215559 0.0167537 0.0125324 0.0089263 0.00598165
 0.00918553 0.0144298 0.0208276 0.0280985 0.0359981 0.0442831 0.0525685 0.0602614 0.0666632 0.0711458 0.0732843 0.0729248 0.0702087 0.0655395 0.0594818 0.0526307 0.045507 0.0385071 0.0318966 0.0258304 0.0203838 0.0155876 0.0114589 0.0080175 0.00527986
 0.00914855 0.014374 0.0207526 0.0280098 0.0359095 0.0442194 0.0525662 0.0603658 0.0669192 0.0715837 0.0739057 0.0736936 0.0710505 0.0663522 0.0601559 0.0530731 0.0456611 0.0383611 0.0314802 0.0252036 0.0196249 0.0147828 0.0106911 0.0073541 0.00476129
 0.00918364 0.0144186 0.0207971 0.028038 0.0359046 0.0441721 0.0524829 0.060271 0.0668517 0.0715889 0.0740245 0.0739507 0.0714442 0.0668479 0.0606882 0.0535573 0.046013 0.0385181 0.0314161 0.024933 0.0191972 0.0142686 0.010166 0.00688243 0.00438412
 0.00927025 0.0145283 0.0209047 0.0281006 0.0358729 0.0440093 0.0521816 0.05986 0.066391 0.0711558 0.0736984 0.0737975 0.0715027 0.0671204 0.0611369 0.0541102 0.0465778 0.0390023 0.0317482 0.0250782 0.0191626 0.0140966 0.0099182 0.00662064 0.00415486
 0.0091925 0.0144226 0.0207819 0.0279791 0.0357672 0.0439159 0.0520722 0.0596916 0.0661302 0.0708051 0.0733062 0.0734466 0.0712818 0.0670944 0.0613276 0.0544916 0.0470841 0.0395449 0.0322379 0.0254468 0.0193778 0.0141652 0.00987708 0.00651981 0.00403998
 0.00918588 0.0144114 0.0207651 0.0279573 0.0357448 0.0439015 0.0520758 0.0597166 0.0661639 0.0708159 0.073255 0.0733093 0.0710704 0.0668602 0.0611424 0.0544167 0.0471448 0.0397221 0.032478 0.0256843 0.0195587 0.0142629 0.00989514 0.00648287 0.00397901
 0.00937721 0.0146872 0.021115 0.0283493 0.036134 0.044246 0.0523482 0.059907 0.066274 0.0708497 0.0732107 0.0731776 0.0708416 0.0665374 0.0607535 0.0540136 0.0467879 0.0394566 0.0323174 0.0256089 0.0195305 0.0142448 0.00986551 0.00643832 0.00392807
 0.00930204 0.0145939 0.0210269 0.0283028 0.0361653 0.0443713 0.0525509 0.0601413 0.0664855 0.0709993 0.0732872 0.0731921 0.0708114 0.0664735 0.0606589 0.0538924 0.0466535 0.0393321 0.0322251 0.0255589 0.0195157 0.0142475 0.00986814 0.0064317 0.00391253
 0.00907726 0.014259 0.0205816 0.027772 0.0355983 0.043836 0.0521236 0.0598913 0.0664539 0.0711821 0.073634 0.0736263 0.071259 0.0668839 0.061008 0.0541748 0.0468739 0.0395005 0.0323553 0.0256641 0.0196043 0.0143207 0.00992329 0.0064669 0.00392986
 0.00897589 0.0140831 0.0202974 0.0273442 0.0350027 0.0430771 0.0512515 0.059004 0.0656802 0.0706476 0.0734254 0.073766 0.0717018 0.0675351 0.0617557 0.0549211 0.0475524 0.0400787 0.0328257 0.0260342 0.0198873 0.0145301 0.0100709 0.00656398 0.00398791
 0.00899918 0.0141081 0.0203092 0.0273162 0.0348969 0.04285 0.0508649 0.0584415 0.0649659 0.0698573 0.0726792 0.0731987 0.0714198 0.067581 0.062098 0.0554717 0.0482015 0.040728 0.0334082 0.0265167 0.0202627 0.0148067 0.0102638 0.00669029 0.00406455
 0.00892481 0.0140094 0.0202009 0.0272231 0.0348434 0.0428441 0.0508863 0.0584419 0.0648839 0.0696441 0.0723236 0.0727411 0.0709474 0.0672016 0.0619028 0.0555024 0.0484392 0.0411071 0.0338457 0.0269399 0.0206247 0.015088 0.0104651 0.00682355 0.00414599
 0.0088347 0.0138687 0.0200015 0.0269651 0.0345395 0.0425227 0.0505901 0.0582173 0.0647616 0.069621 0.0723598 0.0727787 0.0709418 0.0671475 0.0618379 0.0554878 0.0485269 0.0413145 0.034149 0.0272887 0.0209642 0.0153777 0.0106861 0.00697589 0.00424144
 0.00868609 0.0136439 0.0196939 0.0265795 0.0340894 0.042028 0.0500773 0.0577232 0.0643347 0.0693147 0.0722167 0.0728128 0.0711291 0.0674355 0.0621699 0.0558276 0.0488676 0.0416671 0.0345222 0.0276735 0.0213349 0.0157036 0.0109452 0.0071618 0.00436179
 0.00842768 0.0132601 0.0191838 0.0259656 0.033411 0.0413294 0.0493999 0.0571044 0.0638103 0.0689209 0.071989 0.0727793 0.0713018 0.0678005 0.062686 0.0564352 0.0495072 0.0422942 0.0351114 0.0282112 0.0218097 0.0161028 0.0112589 0.00738864 0.00451114
 0.00824626 0.0129783 0.0187849 0.0254449 0.0327783 0.040612 0.0486442 0.0563725 0.0631695 0.0684287 0.0716827 0.0726748 0.0713986 0.0680868 0.0631382 0.0570166 0.0501692 0.0429837 0.0357802 0.0288231 0.0223412 0.0165407 0.0115983 0.00763331 0.00467326
 0.00813592 0.0128035 0.0185301 0.0250976 0.0323307 0.0400637 0.0480074 0.055678 0.0624682 0.0677869 0.0711706 0.0723513 0.0712985 0.0682152 0.063474 0.0575206 0.0507912 0.043669 0.0364744 0.029478 0.0229195 0.0170192 0.0119683 0.00789907 0.00484912
 0.00820702 0.0128848 0.018589 0.0250819 0.0321816 0.0397366 0.0474907 0.0549996 0.0616886 0.0669849 0.0704301 0.0717509 0.0709018 0.0680619 0.063573 0.0578494 0.0513025 0.0443002 0.0371586 0.0301525 0.0235329 0.0175363 0.0123723 0.00819046 0.00504224
