    unsorted:	 23035.87375 23015.96179 22853.00135 23287.99744 22557.03048 22344.77914 22251.97676 21956.32963 21719.90787 21410.18711 21313.84775 21217.76974 21058.68141 23565.06787 20658.48852 23795.29629 23974.29569 24136.47173 24312.25365 24516.07763 24617.00058 24728.87946 24832.63450 24948.81579 25086.24115 25190.80208 20416.59264 20268.00848 20033.58853 19853.50774 19683.49748 19567.92581 19392.81470 19264.23988 19176.76753 18990.01475 18876.08322 18686.59490 18634.70194 18585.91103 25406.93566 25620.51130 25722.90698 25819.66755 18191.95373 17555.91422 17320.35859 26452.97527 16572.96437 14461.06688 28869.04191 13159.63416 12563.88091 11958.03847 11605.61817 11123.94203 10760.96284 10238.48370 10046.21095 9615.841093 9404.608292 8944.354574 8562.992277 8079.010948 7730.919788 7360.064210 7138.062455 6253.282919 6214.297801 6046.878736 31987.95268 5048.714706 4009.236812 3728.411074 3346.289028 34162.94431 2332.710677 1561.218024 1156.098943 828.9021923 401.8032052 25.55079999 37092.82622 38236.32852 40662.30568 45092.16990 47118.66755 48877.94950 50712.27493 52140.58017 59385.97149 61481.72173 64828.44334 66192.75480 67628.50216 71115.19294 70135.11191 72241.96866 74342.72561 81371.16355 93555.85308 106874.7784 115169.5152 127951.2489 134868.4798 143661.3152 151902.8179 156042.1132 158148.0286 160369.6892 164953.8325 167446.8773 168697.2017 169707.2963 174364.3476 176184.1380 181800.3499 183611.0735 184056.5199 184979.5138 187199.7551 188007.1114 191511.5055 191062.4162 193204.7023 196687.3360 197095.2208 199463.2022 203418.9814 205231.1784 206591.4477 210732.5142 218242.4162 232897.6430 438324.4632 438536.0806 1815883.628 2142528.335
      sorted:	 25.55079999 401.8032052 828.9021923 1156.098943 1561.218024 2332.710677 3346.289028 3728.411074 4009.236812 5048.714706 6046.878736 6214.297801 6253.282919 7138.062455 7360.064210 7730.919788 8079.010948 8562.992277 8944.354574 9404.608292 9615.841093 10046.21095 10238.48370 10760.96284 11123.94203 11605.61817 11958.03847 12563.88091 13159.63416 14461.06688 16572.96437 17320.35859 17555.91422 18191.95373 18585.91103 18634.70194 18686.59490 18876.08322 18990.01475 19176.76753 19264.23988 19392.81470 19567.92581 19683.49748 19853.50774 20033.58853 20268.00848 20416.59264 20658.48852 21058.68141 21217.76974 21313.84775 21410.18711 21719.90787 21956.32963 22251.97676 22344.77914 22557.03048 22853.00135 23015.96179 23035.87375 23287.99744 23565.06787 23795.29629 23974.29569 24136.47173 24312.25365 24516.07763 24617.00058 24728.87946 24832.63450 24948.81579 25086.24115 25190.80208 25406.93566 25620.51130 25722.90698 25819.66755 26452.97527 28869.04191 31987.95268 34162.94431 37092.82622 38236.32852 40662.30568 45092.16990 47118.66755 48877.94950 50712.27493 52140.58017 59385.97149 61481.72173 64828.44334 66192.75480 67628.50216 70135.11191 71115.19294 72241.96866 74342.72561 81371.16355 93555.85308 106874.7784 115169.5152 127951.2489 134868.4798 143661.3152 151902.8179 156042.1132 158148.0286 160369.6892 164953.8325 167446.8773 168697.2017 169707.2963 174364.3476 176184.1380 181800.3499 183611.0735 184056.5199 184979.5138 187199.7551 188007.1114 191062.4162 191511.5055 193204.7023 196687.3360 197095.2208 199463.2022 203418.9814 205231.1784 206591.4477 210732.5142 218242.4162 232897.6430 438324.4632 438536.0806 1815883.628 2142528.335
