SBPRF35
12.7214
Curr Bio
744427
B35
843635
F35
0.172138
FOFL
0.157561
OFL
100397
Bzero
3.63469e+006
#pred survey bio
 3.11081e+006 2.80265e+006 2.5315e+006 2.29816e+006 2.02164e+006 1.80389e+006 1.59204e+006 1.41286e+006 1.2708e+006 1.11757e+006 962289 852059 749175 675283 658241 627276 598043 586309 572255 559509 546414 542918 545816 543118 546481 543733 535258 544072 556705 564728 562826 581624 602423 609824 622199 631460 638129 643251 653808 665496 664269 674432 682969 675040 673676 655481 655778 680390 697848 750164 2.73516e+007 1.65548e+007 1.69937e+007 1.79978e+007 1.93646e+007 2.08575e+007 2.23006e+007 2.35911e+007 2.46858e+007 2.55809e+007 2.6294e+007 2.6852e+007 2.72834e+007 2.76141e+007 2.78667e+007 2.80591e+007 2.82058e+007 2.83178e+007 2.84036e+007 2.84695e+007 2.85205e+007 2.856e+007 2.85908e+007 2.86149e+007 2.86339e+007 2.86489e+007 2.86607e+007 2.86702e+007 2.86777e+007 2.86837e+007 2.86886e+007 2.86925e+007 2.86956e+007 2.86982e+007 2.87003e+007 2.87019e+007 2.87033e+007 2.87044e+007 2.87053e+007 2.87061e+007 2.87067e+007 2.87071e+007 2.87075e+007 2.87079e+007 2.87081e+007 2.87084e+007 2.87085e+007 2.87087e+007 2.87088e+007 2.87089e+007 2.8709e+007 2.8709e+007 2.87091e+007 2.87091e+007 2.87092e+007 2.87092e+007 2.87092e+007 2.87093e+007 2.87093e+007 2.87093e+007 2.87093e+007 2.87093e+007 2.87093e+007 2.87093e+007 2.87093e+007 2.87093e+007 2.87093e+007 2.87093e+007 2.87093e+007 2.87093e+007 2.87093e+007 2.87093e+007 2.87093e+007 2.87093e+007 2.87093e+007 2.87093e+007 2.87093e+007 2.87093e+007 2.87093e+007 2.87093e+007 2.87093e+007 2.87093e+007 2.87093e+007 2.87093e+007 2.87093e+007 2.87093e+007 2.87093e+007 2.87093e+007 2.87093e+007 2.87093e+007 2.87093e+007 2.87093e+007 2.87093e+007 2.87093e+007 2.87093e+007 2.87093e+007 2.87093e+007 2.87093e+007 2.87093e+007 2.87093e+007 0 0 0 0 0 0 0 0 0 0 0 0 0 0 0 0 0 0 0 0 0 0 0 0 0
#obs survey bio
 2.85557e+006 3.05015e+006 2.21311e+006 1.80342e+006 2.07145e+006 1.7646e+006 1.72558e+006 1.76806e+006 1.31044e+006 820591 827674 867075 713725 632068 538672 773319 434095 548876 662470 710015 357701 528807 653866 770068 664209 431568 557086 517401 530308 572761 364749 600632 594852 584571 528216 716530 551934 661708 731429 748086 741996 830920 572268 974220 727836 1.03246e+006 684482 573060 681402 993706
#pred catch bio
 304135 290150 275598 332578 294298 300539 279759 253475 267143 268232 225843 215079 184973 134625 146104 142375 125703 125934 122292 119798 109517 102888 106280 99870.7 104044 107610 92806.5 90890.9 95852.1 104517 87999.6 88261.8 100806 97665.6 101614 104868 107188 103373 102770 112842 101692 102117 114778 107974 121373 105089 86209.3 94546.9 67209.8 87015.9 100397 109693 111319 116723 125144 134549 143596 151572 158206 163494 167582 170666 172951 174621 175826 176689 177302 177736 178040 178254 178403 178507 178579 178629 178664 178688 178705 178716 178724 178729 178733 178736 178737 178739 178740 178740 178740 178741 178741 178741 178741 178741 178741 178741 178741 178741 178741 178741 178741 178741 178741 178741 178741 178741 178741 178741 178741 178741 178741 178741 178741 178741 178741 178741 178741 178741 178741 178741 178741 178741 178741 178741 178741 178741 178741 178741 178741 178741 178741 178741 178741 178741 178741 178741 178741 178741 178741 178741 178741 178741 178741 178741 178741 178741 178741 178741 178741 178741 178741 178741 0 0 0 0 0 0 0 0 0 0 0 0 0 0 0 0 0 0 0 0 0 0 0 0 0
#obs catch bio
 259559 289700 274438 333607 294843 302331 279968 253218 268178 271007 228110 216518 186393 134727 147592 143475 127243 127201 122986 120179 110230 103141 106310 99442.2 103440 107628 92459.5 90812.4 95884.2 104404 88308.6 88359.9 100702 97617.6 101940 104658 107501 103963 103075 113266 101612 101444 114020 106819 120736 104531 85707.8 95121.2 67009.4 87152.2
#pred cpue bio
 3.06797e+006 2.76136e+006 2.49064e+006 2.25741e+006 1.98206e+006 1.76523e+006 1.5547e+006 1.37658e+006 1.2352e+006 1.08329e+006 929950 821405 720475 648059 631162 600791 572253 560934 547521 535472 523041 519903 523044 520720 524261 521697 513427 521987 534294 542191 540264 558590 579083 586311 598233 607219 613636 618507 628964 640757 639959 650344 659036 651342 649930 631974 632102 656108 673335 724985 2.64694e+007 1.60283e+007 1.63227e+007 1.71867e+007 1.85135e+007 1.99986e+007 2.14404e+007 2.27308e+007 2.38254e+007 2.47205e+007 2.54337e+007 2.59917e+007 2.6423e+007 2.67538e+007 2.70063e+007 2.71988e+007 2.73454e+007 2.74574e+007 2.75432e+007 2.76092e+007 2.76601e+007 2.76996e+007 2.77304e+007 2.77545e+007 2.77735e+007 2.77885e+007 2.78004e+007 2.78098e+007 2.78174e+007 2.78234e+007 2.78282e+007 2.78321e+007 2.78353e+007 2.78378e+007 2.78399e+007 2.78416e+007 2.7843e+007 2.78441e+007 2.7845e+007 2.78457e+007 2.78463e+007 2.78468e+007 2.78472e+007 2.78475e+007 2.78478e+007 2.7848e+007 2.78482e+007 2.78483e+007 2.78485e+007 2.78486e+007 2.78486e+007 2.78487e+007 2.78488e+007 2.78488e+007 2.78488e+007 2.78489e+007 2.78489e+007 2.78489e+007 2.78489e+007 2.78489e+007 2.7849e+007 2.7849e+007 2.7849e+007 2.7849e+007 2.7849e+007 2.7849e+007 2.7849e+007 2.7849e+007 2.7849e+007 2.7849e+007 2.7849e+007 2.7849e+007 2.7849e+007 2.7849e+007 2.7849e+007 2.7849e+007 2.7849e+007 2.7849e+007 2.7849e+007 2.7849e+007 2.7849e+007 2.7849e+007 2.7849e+007 2.7849e+007 2.7849e+007 2.7849e+007 2.7849e+007 2.7849e+007 2.7849e+007 2.7849e+007 2.7849e+007 2.7849e+007 2.7849e+007 2.7849e+007 2.7849e+007 2.7849e+007 2.7849e+007 2.7849e+007 2.7849e+007 2.7849e+007 0 0 0 0 0 0 0 0 0 0 0 0 0 0 0 0 0 0 0 0 0 0 0 0 0
#obs cpue bio
 2.17715e+006 3.46022e+006 3.22784e+006 2.00762e+006 1.54649e+006 1.46566e+006 1.98773e+006 1.12104e+006 945427 1.03267e+006 828683 954335 657605 688596 514908 499416 445787 632790 537253 476057 563161 619563 549933 473480 536278 498501 581043 463059 524166 702451 439232 649994 840578 514899 536183 808384 489310 424493 630217 630395 676006 920275 976304 600780 525222 419636 586068 407098 715652 672344
#pred surv len freq
 0.00471373 0.00774056 0.0118112 0.0169529 0.0230563 0.0297768 0.0365156 0.0425778 0.047435 0.0508923 0.0530559 0.0541795 0.0545315 0.0543388 0.0537826 0.053014 0.0521724 0.0513807 0.0506859 0.0499435 0.0487175 0.0463299 0.0421407 0.0359574 0.0282976
 0.00514566 0.00837617 0.0126476 0.0179538 0.0241746 0.0309842 0.0378153 0.0439852 0.0489368 0.0524132 0.05446 0.0553128 0.0552808 0.0546718 0.053747 0.0526975 0.0516455 0.050652 0.0496925 0.0485865 0.046934 0.0441638 0.0397694 0.033647 0.0263068
 0.00538346 0.00880994 0.0133823 0.0191022 0.0258149 0.0331035 0.0402734 0.0465377 0.0513158 0.0544207 0.0560099 0.0564027 0.0559312 0.0548886 0.0535272 0.0520551 0.0506209 0.0492915 0.0480178 0.0465896 0.0446127 0.0415807 0.0370869 0.0311036 0.0241378
 0.005571 0.00911141 0.0138344 0.0197491 0.0267138 0.034323 0.0418748 0.0485361 0.0536388 0.0568901 0.0583729 0.0584036 0.0573854 0.0557149 0.0537294 0.0516802 0.0497271 0.0479342 0.0462458 0.0444489 0.0421634 0.0389276 0.0344 0.0286005 0.0220237
 0.00584958 0.00956959 0.0145328 0.0207451 0.0280483 0.0360028 0.0438588 0.0507395 0.0559544 0.0592097 0.0605874 0.0603874 0.0589882 0.0567821 0.0541425 0.0513885 0.0487485 0.046333 0.0441078 0.0418713 0.0392657 0.03587 0.03139 0.0258667 0.0197604
 0.00604715 0.00989655 0.0150365 0.0214756 0.0290512 0.0373062 0.0454574 0.0525851 0.0579596 0.0612637 0.0625759 0.0622046 0.0605367 0.0579639 0.0548537 0.0515294 0.0482475 0.0451684 0.042317 0.0395482 0.0365565 0.0329698 0.0285306 0.0232825 0.0176363
 0.00635562 0.0103837 0.0157432 0.0224317 0.0302719 0.0387868 0.0471656 0.054457 0.0599048 0.0631791 0.0643593 0.0637647 0.061797 0.058861 0.0553309 0.0515289 0.0477108 0.0440497 0.0406077 0.0373011 0.0339001 0.030105 0.0257042 0.0207394 0.0155609
 0.00666708 0.0108865 0.0164925 0.0234735 0.0316317 0.0404525 0.0490737 0.0564929 0.0619262 0.0650493 0.0659747 0.0650607 0.0627391 0.0594299 0.0555098 0.0512951 0.0470327 0.042893 0.0389538 0.0351756 0.0313993 0.0274046 0.0230365 0.0183405 0.0136088
 0.00682966 0.0111713 0.016959 0.0241897 0.032659 0.0418211 0.0507584 0.0584051 0.063927 0.0669798 0.0676875 0.0664429 0.0637224 0.0599878 0.0556441 0.0510174 0.0463489 0.0417986 0.0374448 0.033273 0.0291781 0.0250092 0.0206668 0.0162066 0.0118717
 0.00699825 0.0114624 0.0174292 0.0249044 0.0336801 0.0431868 0.0524602 0.0603741 0.0660376 0.0690684 0.0695784 0.0679774 0.0647832 0.060515 0.0556344 0.0505085 0.0453954 0.0404521 0.0357482 0.0312745 0.0269554 0.0226888 0.0184187 0.0142088 0.0102596
 0.00722912 0.011843 0.0180122 0.0257431 0.0348189 0.0446454 0.0542158 0.0623522 0.0681181 0.0711025 0.0714101 0.0694616 0.0658027 0.0609938 0.0555466 0.0498764 0.0442774 0.0389252 0.0338941 0.0291776 0.024714 0.020427 0.0162846 0.0123489 0.00877958
 0.00735123 0.0120447 0.0183225 0.0261932 0.0354392 0.0454589 0.0552296 0.0635507 0.0694605 0.0725248 0.0728276 0.0707741 0.0669021 0.0617765 0.0559286 0.0498071 0.0437475 0.0379654 0.0325678 0.0275732 0.0229403 0.0186114 0.0145642 0.0108499 0.00758892
 0.00758673 0.0124143 0.018854 0.0269029 0.0363291 0.0465126 0.0564079 0.064792 0.07069 0.0736694 0.073828 0.071587 0.0674951 0.0621204 0.0559928 0.049562 0.043173 0.0370617 0.0313647 0.0261333 0.0213572 0.017002 0.0130532 0.0095467 0.00656401
 0.00794736 0.0129542 0.0195801 0.0277914 0.0373323 0.0475723 0.0574653 0.0657916 0.0715823 0.0744154 0.0744035 0.0719829 0.0677119 0.062161 0.0558554 0.0492367 0.0426441 0.0363164 0.0304055 0.02499 0.0200925 0.0157072 0.0118321 0.00849239 0.00573608
 0.0078988 0.0128978 0.0195357 0.0277879 0.0373967 0.0477139 0.0576677 0.0660207 0.0718081 0.0746337 0.0746395 0.0722743 0.0680817 0.0625982 0.0563136 0.0496468 0.0429323 0.0364206 0.0302879 0.0246463 0.0195568 0.0150476 0.0111372 0.00784893 0.00520739
 0.00793727 0.0129646 0.0196448 0.0279569 0.0376448 0.0480567 0.0581086 0.0665416 0.0723644 0.0751594 0.0750655 0.0725529 0.0682052 0.0625971 0.0562352 0.0495274 0.0427799 0.0362158 0.0299995 0.024252 0.0190596 0.014481 0.0105577 0.00731841 0.00477348
 0.00799947 0.0130625 0.0197862 0.0281476 0.0378881 0.0483531 0.0584548 0.0669286 0.0727765 0.0755724 0.075446 0.0728609 0.0684027 0.0626614 0.056168 0.0493536 0.0425331 0.0359215 0.0296663 0.0238767 0.0186411 0.0140332 0.0101114 0.0069129 0.00444167
 0.0079166 0.0129376 0.0196171 0.0279398 0.0376551 0.0481155 0.0582397 0.0667687 0.0727057 0.075619 0.0756237 0.0731614 0.0687935 0.0630908 0.0565782 0.0496959 0.0427786 0.0360618 0.029706 0.0238252 0.0185107 0.0138421 0.00988663 0.00668684 0.00424367
 0.00786161 0.0128512 0.019493 0.0277753 0.0374531 0.0478866 0.0580034 0.0665526 0.0725407 0.075532 0.075633 0.0732736 0.0690031 0.063379 0.0569137 0.0500383 0.0430865 0.036302 0.0298594 0.023888 0.018491 0.0137576 0.0097615 0.00654815 0.00411555
 0.00785076 0.012826 0.0194413 0.0276819 0.0373041 0.0476764 0.0577414 0.0662637 0.0722609 0.0753002 0.0754817 0.0732246 0.0690643 0.0635448 0.0571654 0.0503458 0.0434126 0.0366076 0.0301112 0.0240647 0.0185865 0.0137802 0.0097302 0.00648685 0.00404675
 0.00789203 0.0128844 0.0195125 0.0277547 0.0373615 0.0476987 0.0577098 0.0661658 0.0720956 0.0750818 0.0752399 0.0729982 0.0688916 0.0634539 0.0571679 0.0504361 0.0435693 0.0367995 0.0303037 0.0242272 0.0186996 0.0138383 0.00974085 0.00646575 0.00401147
 0.00785385 0.0128239 0.0194243 0.0276347 0.0372073 0.0475104 0.0574917 0.0659269 0.07185 0.0748474 0.075037 0.072848 0.0688136 0.0634625 0.0572691 0.0506245 0.0438274 0.0370993 0.0306114 0.0245097 0.0189309 0.0140054 0.00984439 0.00651764 0.00402883
 0.00777692 0.0126982 0.0192346 0.0273679 0.0368571 0.0470834 0.0570124 0.0654372 0.071401 0.0744866 0.074798 0.0727464 0.0688492 0.063624 0.0575388 0.0509804 0.044244 0.0375473 0.0310583 0.0249229 0.0192832 0.0142797 0.0100376 0.00663906 0.00409574
 0.00777834 0.0126944 0.019217 0.0273239 0.0367718 0.0469435 0.0568107 0.0651768 0.0710966 0.0741642 0.0744916 0.0724914 0.0686757 0.0635509 0.0575718 0.0511133 0.044461 0.0378254 0.0313695 0.0252367 0.0195707 0.014519 0.0102174 0.00676022 0.00416824
 0.00778143 0.0126887 0.0191888 0.0272537 0.036639 0.0467345 0.0565256 0.0648318 0.0707206 0.0737928 0.0741603 0.072232 0.0685125 0.0634991 0.0576351 0.0512839 0.0447212 0.0381499 0.0317281 0.0255977 0.0199044 0.014802 0.0104367 0.00691434 0.00426586
 0.00779933 0.0127233 0.0192499 0.0273506 0.0367747 0.0468976 0.0566862 0.0649462 0.0707452 0.0737011 0.0739543 0.0719407 0.0681824 0.0631806 0.0573719 0.0511062 0.0446427 0.0381679 0.031826 0.0257495 0.0200801 0.0149737 0.0105835 0.00702565 0.00434085
 0.007927 0.012912 0.0194993 0.027649 0.0371036 0.0472375 0.0570196 0.0652537 0.0710007 0.0738692 0.0739972 0.0718322 0.0679215 0.0627969 0.0569192 0.0506475 0.0442343 0.0378478 0.0316097 0.0256318 0.0200409 0.0149859 0.0106206 0.00706737 0.00437552
 0.00791372 0.0128904 0.0194664 0.0276013 0.037037 0.0471484 0.0569075 0.0651254 0.0708724 0.0737652 0.0739407 0.0718336 0.067971 0.0628682 0.0569838 0.0506893 0.0442562 0.0378666 0.0316446 0.0256937 0.0201283 0.0150869 0.0107197 0.00715147 0.00443797
 0.00781134 0.0127381 0.0192636 0.0273569 0.0367669 0.0468714 0.0566419 0.0648877 0.0706777 0.0736273 0.0738719 0.0718434 0.0680623 0.0630333 0.0572019 0.0509317 0.0444954 0.0380856 0.0318395 0.0258686 0.0202878 0.0152311 0.0108441 0.00725072 0.00450988
 0.00782646 0.0127466 0.0192474 0.0272915 0.0366299 0.0466557 0.0563643 0.0645869 0.0704005 0.0734116 0.0737363 0.0717883 0.0680789 0.0631108 0.0573303 0.0510989 0.044686 0.0382824 0.0320279 0.0260399 0.0204389 0.0153611 0.0109522 0.00733563 0.00457148
 0.00788053 0.0128415 0.0194013 0.0275207 0.0369391 0.0470261 0.0567475 0.0649132 0.0706026 0.0734504 0.0736149 0.0715448 0.067767 0.0627807 0.0570194 0.0508304 0.044471 0.0381224 0.0319178 0.0259711 0.0204021 0.015348 0.0109549 0.00734701 0.00458545
 0.00774454 0.0126275 0.019094 0.0271153 0.0364473 0.0464816 0.0562077 0.0644495 0.0702791 0.0733018 0.0736365 0.0717026 0.0680173 0.0630871 0.0573576 0.0511847 0.0448289 0.0384717 0.0322459 0.0262666 0.0206561 0.0155554 0.0111149 0.00746285 0.00466353
 0.00771735 0.0125632 0.0189607 0.0268725 0.036058 0.045931 0.0555204 0.0636935 0.0695529 0.0727087 0.0732578 0.071578 0.0681396 0.0634115 0.0578199 0.051721 0.0453872 0.0390149 0.0327487 0.026712 0.0210328 0.015858 0.0113442 0.00762548 0.0047706
 0.00777938 0.012666 0.0191168 0.0270884 0.0363255 0.0462175 0.0557652 0.0638202 0.0694967 0.072447 0.0728263 0.0710602 0.0676368 0.0630086 0.0575634 0.0516159 0.0454085 0.0391242 0.0329078 0.0268893 0.0212055 0.0160107 0.0114681 0.0077181 0.00483409
 0.00771255 0.0125735 0.019008 0.0269834 0.036251 0.046198 0.0558134 0.063929 0.0696355 0.0725671 0.0728746 0.0710021 0.0674739 0.0627812 0.0573354 0.0514479 0.0453365 0.0391525 0.0330155 0.0270438 0.0213744 0.0161689 0.0116005 0.00781829 0.00490306
 0.00772822 0.0125855 0.0190023 0.0269416 0.0361587 0.0460565 0.0556472 0.0637809 0.0695501 0.0725688 0.0729543 0.0711195 0.0675755 0.0628253 0.05731 0.0513744 0.0452561 0.0391052 0.0330237 0.0271067 0.0214741 0.0162817 0.0117058 0.00790354 0.00496421
 0.00772855 0.0125939 0.0190282 0.0269954 0.0362455 0.0461685 0.0557606 0.0638634 0.0695767 0.0725365 0.0728844 0.0710434 0.0675151 0.0627808 0.0572648 0.0513112 0.0451718 0.0390145 0.0329498 0.027068 0.0214754 0.0163142 0.0117536 0.00795198 0.00500384
 0.00761989 0.0124416 0.0188444 0.0268082 0.036092 0.0460836 0.0557649 0.063957 0.0697379 0.0727284 0.0730661 0.0711843 0.0676039 0.0628244 0.0572773 0.0513036 0.0451493 0.0389808 0.0329127 0.0270391 0.0214643 0.0163234 0.0117781 0.00798257 0.00503221
 0.00748973 0.0122301 0.0185286 0.0263724 0.0355381 0.0454429 0.0551054 0.0633747 0.0693307 0.0725621 0.0731525 0.0714819 0.068039 0.0633189 0.0577701 0.0517573 0.045547 0.039318 0.0331918 0.0272664 0.0216482 0.0164714 0.0118953 0.0080718 0.00509579
 0.00734378 0.0120018 0.0182016 0.0259369 0.0349923 0.0447962 0.0543839 0.0626274 0.0686307 0.0719976 0.0728076 0.071413 0.0682555 0.0637795 0.0583964 0.0524592 0.0462459 0.0399599 0.033748 0.0277276 0.0220167 0.0167558 0.0121064 0.00822107 0.00519514
 0.00729757 0.011925 0.0180828 0.0257648 0.0347577 0.0444957 0.054023 0.0622211 0.0682017 0.0715746 0.072426 0.0711158 0.0680889 0.0637804 0.0585766 0.0527969 0.0466906 0.0404488 0.0342241 0.0281511 0.0223677 0.0170298 0.0123089 0.00836248 0.00528784
 0.00726111 0.0118505 0.0179431 0.0255264 0.0343902 0.0439865 0.0533899 0.0615145 0.0674934 0.0709392 0.071925 0.0707897 0.0679585 0.0638508 0.0588409 0.0532344 0.0472638 0.0411038 0.034898 0.0287846 0.0229168 0.0174713 0.0126391 0.00859227 0.00543621
 0.00726064 0.0118456 0.0179269 0.0254864 0.0343077 0.0438366 0.0531465 0.0611587 0.0670257 0.0703885 0.0713485 0.0702608 0.0675478 0.0636102 0.0587957 0.0533842 0.0475861 0.0415584 0.0354312 0.0293368 0.0234328 0.0179105 0.0129812 0.00883659 0.00559609
 0.00735588 0.0119967 0.0181464 0.025781 0.0346736 0.0442539 0.0535735 0.0615327 0.0672733 0.0704444 0.0711763 0.0698672 0.0669854 0.0629652 0.0581663 0.0528562 0.0472161 0.0413661 0.0354024 0.0294325 0.0236018 0.0181027 0.0131584 0.0089773 0.00569471
 0.00735856 0.0120078 0.0181755 0.0258418 0.0347805 0.0444168 0.053792 0.0617924 0.0675446 0.0706852 0.0713379 0.069905 0.0668723 0.0627044 0.0577954 0.0524404 0.0468297 0.0410711 0.0352325 0.0293879 0.0236555 0.0182136 0.0132859 0.00909177 0.00578153
 0.00749463 0.0122185 0.0184731 0.0262305 0.0352559 0.0449651 0.0543881 0.0623983 0.0681111 0.0711575 0.0716633 0.0700401 0.0667897 0.0623997 0.0572921 0.051791 0.0461095 0.0403644 0.0346133 0.0289039 0.0233205 0.0180117 0.0131834 0.00905161 0.00577313
 0.0075625 0.0123168 0.0185988 0.0263737 0.0354035 0.0451067 0.0545209 0.0625278 0.0682483 0.0713126 0.0718379 0.0702216 0.0669492 0.0624972 0.0572894 0.0516664 0.0458693 0.0400438 0.0342669 0.0285872 0.023073 0.0178479 0.0130948 0.00901627 0.00576741
 0.00738067 0.0120456 0.0182359 0.0259327 0.0349097 0.0445908 0.0540152 0.062068 0.0678759 0.0710732 0.0717734 0.0703565 0.0672785 0.0629806 0.0578577 0.0522387 0.0463751 0.0404412 0.0345492 0.028776 0.0232021 0.0179466 0.0131793 0.00908996 0.00582741
 0.00730932 0.0119201 0.018031 0.0256227 0.0344793 0.0440486 0.0534031 0.0614565 0.0673441 0.070685 0.0715637 0.0703337 0.0674345 0.0632972 0.0583047 0.0527702 0.0469322 0.0409645 0.0349944 0.0291242 0.0234584 0.0181303 0.0133113 0.00918559 0.00589551
 0.00699908 0.011435 0.017337 0.0247018 0.0333337 0.0427067 0.0519292 0.0599566 0.0659586 0.0695667 0.070846 0.0701006 0.0677034 0.0640197 0.0593832 0.0540816 0.0483489 0.0423691 0.0362906 0.0302453 0.0243713 0.0188325 0.0138225 0.00953749 0.00612333
#obs surv len freq
 0.00497295 0.00814497 0.0123876 0.0177138 0.0239965 0.0308696 0.0377074 0.0437875 0.0485609 0.0518287 0.0537104 0.0544905 0.0544866 0.053993 0.0532689 0.052528 0.0519166 0.0514707 0.0510527 0.0502935 0.0486107 0.0453733 0.0402042 0.0332722 0.025359
 0.00518167 0.00848844 0.0129124 0.0184661 0.0250136 0.0321657 0.0392587 0.0455262 0.0503841 0.0536168 0.0553467 0.0558727 0.0555303 0.054631 0.0534491 0.0522152 0.0510983 0.0501662 0.0493206 0.0482362 0.0463717 0.0431251 0.0381235 0.0315063 0.0239936
 0.00541911 0.00887469 0.0134944 0.0192884 0.0261109 0.0335503 0.0409074 0.0473739 0.0523309 0.0555449 0.0571371 0.0574164 0.0567337 0.0554176 0.0537592 0.0520049 0.0503413 0.0488613 0.0475054 0.0460015 0.0438684 0.0405539 0.0357034 0.0294277 0.0223734
 0.00564673 0.00925052 0.0140707 0.0201174 0.0272342 0.034983 0.0426215 0.0492939 0.0543463 0.0575323 0.0589798 0.0590134 0.0579998 0.0562805 0.0541573 0.0518868 0.0496683 0.0476156 0.0457052 0.043721 0.0412523 0.037813 0.0330821 0.0271481 0.0205802
 0.00589887 0.00966059 0.0146885 0.02099 0.0283982 0.0364514 0.0443691 0.0512504 0.0564039 0.0595648 0.0608625 0.0606368 0.0592757 0.0571416 0.0545519 0.0517726 0.0490098 0.0463894 0.0439168 0.0414287 0.0385883 0.0349858 0.0303461 0.0247447 0.0186736
 0.00611555 0.0100208 0.0152451 0.0217972 0.0295002 0.0378648 0.0460667 0.0531562 0.0584058 0.0615378 0.0626892 0.062217 0.0605275 0.0579996 0.0549643 0.051698 0.0484144 0.0452499 0.0422329 0.0392466 0.036025 0.0322364 0.0276584 0.022362 0.0167687
 0.00638419 0.0104527 0.0158865 0.0226888 0.0306708 0.0393211 0.04778 0.0550563 0.0603875 0.0634778 0.0644655 0.0637238 0.0616828 0.0587458 0.0552635 0.051524 0.0477468 0.0440741 0.0405515 0.0371009 0.0335203 0.0295525 0.0250293 0.0200229 0.0148907
 0.00660171 0.0108174 0.0164554 0.0235201 0.0318101 0.0407802 0.0495183 0.0569781 0.0623611 0.0653664 0.0661516 0.0651183 0.0627223 0.0593862 0.0554751 0.0512877 0.04705 0.0429108 0.0389301 0.035062 0.0311594 0.0270316 0.0225613 0.017824 0.013121
 0.00683346 0.0111952 0.0170264 0.0243298 0.0328951 0.0421549 0.0511599 0.0588171 0.0642865 0.0672427 0.0678419 0.0665051 0.0637213 0.0599503 0.0555877 0.050951 0.0462737 0.0417074 0.0373205 0.0330917 0.0289184 0.0246663 0.0202614 0.0157823 0.01148
 0.00703903 0.0115333 0.0175421 0.0250671 0.0338875 0.0434115 0.0526514 0.0604724 0.066004 0.0689096 0.069351 0.0677631 0.0646518 0.0604964 0.0557156 0.0506498 0.045551 0.0405838 0.0358284 0.0312842 0.0268838 0.0225368 0.0182034 0.0139624 0.0100205
 0.0072677 0.0119055 0.0181028 0.0258576 0.0349362 0.0447205 0.0541822 0.0621423 0.0676978 0.0705031 0.0707334 0.0688497 0.0653871 0.0608499 0.0556762 0.05022 0.0447441 0.0394231 0.0343504 0.0295453 0.0249704 0.02057 0.0163287 0.0123217 0.00871412
 0.00742583 0.0121702 0.0185154 0.0264608 0.0357653 0.0457883 0.055465 0.0635749 0.0691828 0.0719306 0.0719992 0.0698682 0.0660963 0.0612132 0.0556794 0.0498668 0.0440503 0.0384139 0.0330622 0.0280324 0.0233125 0.018875 0.0147225 0.0109233 0.00760573
 0.00750333 0.012297 0.0187086 0.0267395 0.0361501 0.0462986 0.0561141 0.064363 0.070091 0.0729172 0.0730013 0.0708088 0.0668952 0.0617992 0.0559993 0.0498886 0.0437636 0.0378271 0.0322023 0.0269468 0.0220728 0.0175765 0.0134745 0.00982788 0.00673352
 0.00755798 0.0123806 0.0188249 0.0268897 0.0363346 0.0465197 0.056378 0.0646799 0.0704734 0.0733753 0.0735361 0.0714039 0.0675124 0.0623802 0.0564747 0.0501914 0.0438415 0.0376512 0.0317708 0.0262873 0.0212418 0.0166558 0.0125592 0.00900786 0.00607218
 0.00764994 0.0125205 0.0190174 0.0271319 0.0366165 0.0468253 0.0566875 0.064973 0.0707355 0.0736036 0.0737419 0.0716073 0.0677312 0.0626171 0.0567098 0.0503835 0.0439373 0.0376004 0.0315406 0.0258738 0.0206743 0.0159933 0.0118789 0.0083856 0.00556379
 0.00771203 0.0126194 0.019162 0.027328 0.0368638 0.047115 0.0569994 0.0652779 0.071002 0.0738084 0.0738772 0.0716832 0.0677704 0.0626454 0.0567444 0.0504235 0.0439611 0.0375706 0.0314178 0.0256324 0.0203153 0.0155479 0.0114008 0.00793465 0.0051874
 0.00776058 0.0126928 0.0192624 0.0274541 0.0370123 0.0472815 0.0571793 0.065465 0.0711866 0.0739775 0.0740167 0.0717822 0.067826 0.0626643 0.0567402 0.0504092 0.0439401 0.0375323 0.0313396 0.0254903 0.0200976 0.0152643 0.0110823 0.00762285 0.00491973
 0.00782742 0.0127959 0.0194068 0.02764 0.0372338 0.0475268 0.0574305 0.0657001 0.0713847 0.0741237 0.0741052 0.0718149 0.0678088 0.0626051 0.0566488 0.0502968 0.0438167 0.0374023 0.0311991 0.0253288 0.0199054 0.0150417 0.0108435 0.00739202 0.0047212
 0.0078573 0.0128449 0.0194813 0.0277453 0.0373732 0.0476982 0.0576247 0.0659007 0.0715715 0.0742777 0.0742135 0.0718722 0.0678173 0.0625716 0.0565818 0.0502052 0.0437084 0.0372832 0.0310712 0.0251903 0.0197533 0.0148763 0.010672 0.0072283 0.00458027
 0.00786259 0.0128494 0.0194808 0.0277346 0.0373486 0.0476614 0.0575847 0.0658728 0.0715712 0.0743144 0.0742862 0.0719707 0.0679259 0.0626747 0.0566676 0.0502668 0.0437435 0.0372921 0.0310552 0.0251504 0.0196906 0.0147941 0.0105773 0.00713157 0.00449309
 0.00787006 0.012857 0.0194837 0.0277254 0.0373185 0.0476039 0.0574988 0.0657653 0.0714571 0.0742144 0.0742217 0.0719576 0.067969 0.0627659 0.0567894 0.0503981 0.0438655 0.0373915 0.0311249 0.025188 0.0196973 0.0147739 0.0105375 0.00708195 0.00444354
 0.0079147 0.0129223 0.0195681 0.0278218 0.0374154 0.0476871 0.0575541 0.0657807 0.0714258 0.0741382 0.0741127 0.0718362 0.0678588 0.0626869 0.0567513 0.0503991 0.0438939 0.0374316 0.0311618 0.0252111 0.0197019 0.0147603 0.0105101 0.00704735 0.0044089
 0.00790024 0.012904 0.0195498 0.0278097 0.0374154 0.0477011 0.0575773 0.0658025 0.0714338 0.0741233 0.0740729 0.0717776 0.067794 0.0626311 0.0567186 0.0503976 0.0439238 0.0374846 0.0312247 0.0252701 0.0197466 0.014786 0.0105176 0.00704163 0.00439634
 0.00789071 0.0128838 0.0195112 0.0277443 0.0373177 0.0475739 0.0574346 0.0656669 0.0713285 0.0740626 0.0740576 0.0717975 0.0678353 0.0626836 0.0567786 0.0504666 0.0440044 0.0375765 0.0313224 0.0253646 0.019828 0.0148475 0.0105573 0.00706234 0.0044036
 0.00788513 0.0128725 0.0194899 0.0277069 0.0372573 0.0474844 0.0573138 0.0655194 0.0711675 0.073909 0.0739353 0.0717258 0.0678222 0.0627246 0.0568603 0.0505737 0.0441245 0.0377012 0.0314458 0.0254805 0.0199297 0.0149294 0.0106166 0.00710013 0.00442436
 0.00789493 0.0128837 0.019498 0.0277045 0.0372357 0.0474366 0.0572364 0.065414 0.0710404 0.0737702 0.0737983 0.0716071 0.0677384 0.0626881 0.0568755 0.0506357 0.0442212 0.0378181 0.0315693 0.0255997 0.0200362 0.0150174 0.0106831 0.0071456 0.00445204
 0.00785697 0.0128278 0.0194245 0.027617 0.0371392 0.0473352 0.0571321 0.065307 0.0709315 0.0736634 0.0737009 0.0715289 0.0676897 0.0626777 0.0569088 0.0507128 0.0443363 0.0379599 0.0317234 0.0257515 0.0201736 0.015132 0.0107711 0.00720743 0.00449144
 0.00781656 0.0127582 0.0193132 0.0274518 0.0369134 0.0470541 0.0568173 0.0649946 0.0706615 0.0734671 0.0735931 0.0715076 0.0677434 0.0627919 0.0570705 0.0509111 0.044561 0.0381996 0.0319648 0.0259805 0.0203772 0.0153008 0.0109008 0.0072992 0.00455081
 0.00781699 0.0127522 0.0192915 0.0274009 0.0368181 0.0469021 0.056605 0.0647311 0.0703695 0.0731801 0.0733484 0.0713371 0.0676657 0.0628089 0.0571704 0.0510746 0.0447676 0.0384305 0.0322031 0.0262108 0.0205857 0.0154769 0.0110386 0.00739841 0.00461611
 0.00777962 0.0126979 0.0192213 0.0273189 0.0367282 0.046805 0.0564958 0.064601 0.0702119 0.0729965 0.0731523 0.0711532 0.0675234 0.0627338 0.0571764 0.0511613 0.0449217 0.0386311 0.0324273 0.026437 0.020796 0.0156579 0.0111825 0.0075036 0.00468635
 0.00774006 0.0126288 0.0191092 0.0271503 0.0364955 0.0465131 0.0561672 0.0642726 0.069923 0.0727758 0.0730102 0.0710855 0.0675203 0.0627889 0.0572887 0.051331 0.0451447 0.0388956 0.0327143 0.0267241 0.0210618 0.0158858 0.0113633 0.00763558 0.00477456
 0.00770813 0.0125745 0.0190229 0.027021 0.0363126 0.0462703 0.0558669 0.0639299 0.0695668 0.0724445 0.0727437 0.0709145 0.0674591 0.0628339 0.0574241 0.0515373 0.0454034 0.03919 0.0330272 0.0270359 0.0213524 0.0161376 0.0115649 0.00778404 0.00487448
 0.00768952 0.0125447 0.0189788 0.0269591 0.0362291 0.0461606 0.0557266 0.0637563 0.0693611 0.0722151 0.0725077 0.0706972 0.0672894 0.0627366 0.0574133 0.0516131 0.0455544 0.0393978 0.0332705 0.0272931 0.0216021 0.0163613 0.0117494 0.00792314 0.00496999
 0.00766117 0.0125013 0.0189183 0.0268814 0.0361359 0.0460548 0.0556118 0.063636 0.069238 0.07209 0.0723813 0.0705722 0.0671738 0.0626446 0.0573626 0.0516193 0.0456251 0.0395298 0.0334506 0.0275013 0.0218163 0.0165608 0.0119185 0.00805365 0.00506133
 0.00766712 0.012508 0.0189231 0.02688 0.0361236 0.0460286 0.0555713 0.0635836 0.0691772 0.072023 0.0723082 0.0704917 0.0670856 0.0625525 0.0572762 0.051553 0.0455944 0.0395459 0.0335157 0.0276076 0.0219479 0.0166984 0.0120446 0.00815647 0.00513626
 0.00764004 0.0124721 0.0188838 0.0268468 0.0361064 0.0460325 0.0555935 0.0636137 0.0692016 0.0720311 0.0722954 0.0704587 0.0670362 0.0624913 0.057209 0.0514877 0.045542 0.039518 0.0335214 0.027649 0.0220188 0.0167861 0.0121339 0.00823466 0.00519627
 0.00759291 0.0123948 0.018767 0.0266837 0.035897 0.0457883 0.0553399 0.0633864 0.0690354 0.0719478 0.0722962 0.070528 0.0671498 0.0626262 0.057348 0.0516214 0.0456675 0.0396376 0.0336398 0.0277701 0.0221424 0.0169068 0.0122436 0.00832549 0.00526408
 0.00757335 0.0123617 0.0187145 0.0266052 0.035786 0.0456408 0.0551576 0.0631794 0.0688237 0.0717585 0.0721576 0.0704607 0.06716 0.0627047 0.0574745 0.0517728 0.0458251 0.0397902 0.0337832 0.0279042 0.0222676 0.0170217 0.0123442 0.00840755 0.0053253
 0.00755536 0.0123325 0.0186705 0.026543 0.0357025 0.0455342 0.055028 0.06303 0.0686614 0.0715938 0.0720054 0.0703393 0.0670877 0.0626942 0.0575286 0.0518823 0.0459722 0.0399552 0.0339495 0.028061 0.0224091 0.0171448 0.0124468 0.00848829 0.00538415
 0.00756188 0.0123421 0.0186831 0.0265574 0.0357162 0.0455432 0.0550271 0.0630128 0.0686218 0.0715281 0.071914 0.0702287 0.0669708 0.0625882 0.0574512 0.0518466 0.0459825 0.0400058 0.0340282 0.0281538 0.0225038 0.0172327 0.0125224 0.00854875 0.00542878
 0.00752754 0.0122901 0.0186122 0.0264691 0.0356147 0.0454348 0.0549193 0.0629137 0.0685385 0.071465 0.0718718 0.0702046 0.066961 0.062591 0.0574684 0.0518829 0.046043 0.0400921 0.0341364 0.0282746 0.0226255 0.0173444 0.0126166 0.00862179 0.00548081
 0.00752241 0.012282 0.0186004 0.0264533 0.035595 0.0454118 0.0548945 0.0628888 0.068515 0.0714432 0.0718506 0.0701821 0.0669356 0.0625625 0.057439 0.0518578 0.0460289 0.0400957 0.0341614 0.0283196 0.0226845 0.0174084 0.0126769 0.00867217 0.00551848
 0.00751125 0.0122638 0.0185728 0.0264144 0.0355439 0.0453497 0.0548252 0.0628189 0.0684522 0.0713946 0.0718206 0.0701713 0.0669412 0.0625798 0.057463 0.0518852 0.0460592 0.0401311 0.0342045 0.0283719 0.022744 0.0174704 0.012735 0.00872095 0.00555521
 0.00752223 0.0122812 0.0185983 0.0264484 0.0355857 0.0453959 0.0548699 0.0628544 0.0684712 0.0713925 0.0717976 0.0701317 0.0668916 0.0625266 0.0574113 0.0518381 0.046019 0.0400997 0.0341844 0.0283649 0.0227502 0.0174872 0.0127578 0.00874458 0.00557557
 0.0075092 0.012264 0.0185795 0.0264332 0.0355799 0.0454041 0.0548933 0.06289 0.0685125 0.0714315 0.0718264 0.0701451 0.0668882 0.0625084 0.0573831 0.0518055 0.0459871 0.0400725 0.0341646 0.0283544 0.0227496 0.0174953 0.0127717 0.00876059 0.00559032
 0.00747389 0.0122092 0.0185023 0.0263336 0.0354618 0.0452765 0.0547701 0.0627884 0.0684484 0.0714143 0.0718555 0.0702107 0.0669753 0.0626023 0.0574725 0.0518845 0.0460542 0.0401293 0.0342137 0.0283982 0.0227896 0.017532 0.0128044 0.00878798 0.00561145
 0.00747389 0.0122092 0.0185023 0.0263336 0.0354618 0.0452765 0.0547701 0.0627884 0.0684484 0.0714143 0.0718555 0.0702107 0.0669753 0.0626023 0.0574725 0.0518845 0.0460542 0.0401293 0.0342137 0.0283982 0.0227896 0.017532 0.0128044 0.00878798 0.00561145
 0.00730104 0.0119284 0.0180818 0.0257482 0.0347033 0.0443674 0.0537745 0.0618098 0.0676089 0.0708231 0.0715815 0.07027 0.067335 0.0631947 0.0582141 0.0526928 0.0468606 0.0408842 0.0348864 0.0289728 0.0232608 0.0179016 0.0130798 0.00898135 0.00573801
 0.00723922 0.0118097 0.0178696 0.0253972 0.0341707 0.0436309 0.0528502 0.0607601 0.0665359 0.0698492 0.0708263 0.0698275 0.0672554 0.0634753 0.0588026 0.0535021 0.0477896 0.0418379 0.0357891 0.0297729 0.02393 0.0184307 0.0134742 0.0092568 0.00591687
 0.00705062 0.0115084 0.0174255 0.0247851 0.0333735 0.0426462 0.0516996 0.0594966 0.0652443 0.068639 0.0698177 0.069134 0.0669644 0.0636306 0.0593925 0.0544603 0.0490077 0.0431866 0.037142 0.0310253 0.0250098 0.0193009 0.0141293 0.0097157 0.0062144
#pred catch len freq
 0.00366169 0.00591858 0.00887873 0.0125677 0.0170049 0.0221536 0.0278537 0.0338118 0.0396604 0.045036 0.0496341 0.0532471 0.0557937 0.0573222 0.0579833 0.0579915 0.0575928 0.0570223 0.0564156 0.0556717 0.0543433 0.0516961 0.0470278 0.0401296 0.0315817
 0.00403425 0.00646785 0.00960429 0.0134425 0.0179958 0.0232475 0.0290674 0.0351706 0.0411573 0.0465971 0.05112 0.0544954 0.0566801 0.0578033 0.0580981 0.0578216 0.0572031 0.0564128 0.0555106 0.0543578 0.0525468 0.0494612 0.0445457 0.0376902 0.0294686
 0.00425558 0.0068538 0.0102302 0.0143863 0.019311 0.0249281 0.0310252 0.0372503 0.0431878 0.0484477 0.0527195 0.0558067 0.0576608 0.0583944 0.0582474 0.0575154 0.0564719 0.0553014 0.05404 0.0525157 0.0503251 0.0469207 0.0418558 0.0351052 0.0272439
 0.00449293 0.00722748 0.010775 0.0151395 0.0203212 0.0262574 0.0327333 0.0393559 0.0456232 0.0510382 0.0552115 0.0579398 0.0592418 0.0593304 0.0585289 0.0571771 0.0555633 0.0538745 0.0521443 0.0502004 0.0476563 0.0440143 0.038901 0.0323446 0.0249074
 0.00474856 0.0076399 0.0113902 0.0159996 0.0214595 0.0276911 0.034457 0.0413411 0.0478225 0.0533838 0.0576008 0.060218 0.0612062 0.0607691 0.0592759 0.0571512 0.0547688 0.0523743 0.0500292 0.0475763 0.0446534 0.0408073 0.0357164 0.0294338 0.0224862
 0.0049765 0.00800567 0.0119334 0.0167586 0.0224694 0.0289791 0.036031 0.0431784 0.0498643 0.0555398 0.0597614 0.0622653 0.063018 0.0622149 0.0602177 0.0574592 0.0543501 0.0511976 0.0481339 0.0450674 0.0416955 0.03762 0.0325604 0.026573 0.0201295
 0.00528163 0.00848129 0.0126125 0.0176621 0.0236083 0.0303555 0.0376348 0.0449797 0.0518079 0.057545 0.0617275 0.064082 0.0645768 0.0634168 0.0609726 0.0576814 0.0539593 0.0501338 0.0463832 0.0426882 0.0388328 0.0345007 0.0294631 0.0237742 0.0178386
 0.00558353 0.00896028 0.0133117 0.0186144 0.024832 0.0318473 0.0393609 0.0468717 0.0537708 0.0594728 0.0635189 0.0656483 0.0658438 0.0643224 0.0614631 0.0577057 0.0534655 0.0490741 0.0447327 0.0404747 0.0361659 0.0315797 0.0265516 0.021141 0.0156874
 0.00582167 0.00935032 0.0139047 0.0194615 0.0259764 0.0333098 0.0411226 0.0488633 0.0558759 0.0615454 0.0654082 0.0672241 0.0670136 0.0650371 0.0617073 0.0574798 0.0527684 0.0478967 0.0430689 0.0383486 0.0336639 0.0288684 0.0238613 0.0187135 0.0137086
 0.00607171 0.00975667 0.0145174 0.0203306 0.0271467 0.0348096 0.042947 0.0509587 0.0581339 0.0638102 0.0674975 0.0689588 0.0682507 0.0656931 0.0617637 0.0569677 0.0517424 0.0464115 0.0411722 0.0360953 0.031144 0.0262281 0.0212969 0.0164309 0.0118647
 0.00629187 0.0101135 0.0150539 0.0210902 0.02817 0.0361266 0.0445639 0.0528439 0.0602096 0.0659531 0.0695483 0.0707423 0.0696034 0.0664909 0.0619418 0.0565241 0.0507256 0.0448994 0.039254 0.0338671 0.0287193 0.023751 0.0189396 0.0143639 0.0102127
 0.00646786 0.0103931 0.0154637 0.0216541 0.0289094 0.0370587 0.0456966 0.0541685 0.0616938 0.067537 0.071144 0.0722374 0.0708711 0.0674069 0.0624029 0.0564664 0.0501341 0.0438072 0.0377334 0.03202 0.0266722 0.0216521 0.0169486 0.0126278 0.00883298
 0.00668694 0.0107335 0.0159474 0.0222925 0.0297045 0.0380034 0.0467731 0.0553447 0.062924 0.0687652 0.072309 0.073277 0.0717228 0.068008 0.0626929 0.0563924 0.0496611 0.0429295 0.0364833 0.0304705 0.0249334 0.0198618 0.0152535 0.0111575 0.00767206
 0.00689942 0.0110479 0.0163639 0.0227941 0.0302659 0.0386045 0.0474065 0.0560141 0.0636332 0.0695071 0.07306 0.073998 0.0723655 0.0685207 0.0630238 0.056492 0.0494857 0.0424502 0.0356976 0.0294132 0.0236811 0.0185255 0.0139598 0.0100212 0.00676919
 0.00692192 0.0110955 0.0164544 0.0229473 0.0304944 0.0389027 0.0477462 0.0563537 0.0639394 0.0697761 0.0733207 0.0742936 0.0727248 0.0689369 0.0634518 0.0568604 0.0497163 0.0424751 0.0354748 0.0289383 0.0229934 0.0177043 0.013108 0.00923945 0.00613042
 0.00697954 0.0111897 0.0165982 0.0231553 0.0307824 0.0392845 0.0482257 0.0569145 0.0645382 0.0703455 0.0737876 0.0746067 0.0728747 0.0689554 0.0633882 0.0567516 0.0495671 0.0422604 0.0351572 0.0284917 0.0224218 0.0170476 0.0124333 0.00862006 0.00562295
 0.00699435 0.011215 0.0166391 0.0232192 0.0308795 0.0394281 0.0484309 0.0571945 0.0648972 0.0707709 0.0742449 0.0750419 0.0732283 0.0691826 0.063474 0.0567109 0.0494293 0.0420493 0.0348798 0.0281437 0.0220029 0.0165759 0.0119479 0.00816996 0.00524981
 0.00692865 0.0111167 0.0165075 0.0230597 0.0307037 0.0392523 0.0482758 0.0570855 0.0648629 0.0708382 0.0744304 0.0753428 0.0736168 0.0696083 0.0638771 0.0570397 0.0496528 0.0421585 0.0348801 0.0280456 0.0218199 0.0163286 0.0116669 0.00789238 0.00500919
 0.00687183 0.0110287 0.0163833 0.0228985 0.0305094 0.0390351 0.0480526 0.0568796 0.0647014 0.0707475 0.0744316 0.0754485 0.073827 0.0699075 0.064233 0.0574074 0.0499846 0.0424156 0.0350398 0.0281027 0.0217836 0.0162192 0.0115124 0.00772411 0.00485509
 0.00685914 0.0110025 0.0163336 0.0228126 0.0303753 0.0388465 0.0478144 0.05661 0.0644298 0.0705093 0.0742615 0.0753742 0.0738645 0.0700578 0.0644809 0.0577225 0.0503259 0.0427387 0.0353057 0.0282862 0.021877 0.0162316 0.0114654 0.00764509 0.00476974
 0.00685744 0.0109961 0.016317 0.0227773 0.0303104 0.0387411 0.0476605 0.0564065 0.064186 0.0702467 0.0740125 0.0751759 0.0737506 0.0700499 0.064584 0.0579234 0.050596 0.0430389 0.0355946 0.028528 0.0220493 0.0163291 0.0114984 0.0076338 0.00473658
 0.00678904 0.0108907 0.0161689 0.0225849 0.0300761 0.0384702 0.0473625 0.0560951 0.0638796 0.0699671 0.0737833 0.0750203 0.0736889 0.0700961 0.064742 0.0581841 0.0509365 0.0434249 0.0359852 0.0288837 0.0223398 0.0165393 0.0116298 0.00770114 0.00476084
 0.00672628 0.0107889 0.0160162 0.0223709 0.0297942 0.0381217 0.0469605 0.0556658 0.0634591 0.0695948 0.0734945 0.0748412 0.0736342 0.0701695 0.0649367 0.0584848 0.0513195 0.043859 0.0364334 0.0293076 0.0227061 0.0168264 0.011832 0.00782738 0.00482927
 0.00669471 0.0107361 0.0159338 0.0222492 0.0296236 0.0378948 0.0466755 0.0553303 0.063092 0.0692256 0.0731597 0.0745782 0.0734736 0.0701294 0.0650209 0.0586839 0.0516138 0.0442206 0.0368289 0.0297009 0.0230634 0.0171221 0.0120537 0.00797664 0.0049187
 0.00671047 0.0107515 0.0159379 0.0222245 0.0295493 0.037753 0.046457 0.0550383 0.0627424 0.0688458 0.0727853 0.0742484 0.0732256 0.0699917 0.0650087 0.058797 0.0518375 0.044529 0.0371886 0.030075 0.0234165 0.0174258 0.012291 0.00814432 0.00502515
 0.00674881 0.010815 0.0160343 0.0223589 0.0297192 0.0379424 0.0466338 0.0551585 0.062763 0.06874 0.0725538 0.0739199 0.0728481 0.0696206 0.0646947 0.0585772 0.0517308 0.0445349 0.0372894 0.0302412 0.0236134 0.0176204 0.0124585 0.00827177 0.00511121
 0.00680254 0.0108921 0.0161323 0.022471 0.0298385 0.0380673 0.0467684 0.0553069 0.062918 0.068876 0.0726303 0.0738975 0.0727075 0.0693742 0.0643835 0.0582571 0.051455 0.0443401 0.0371899 0.0302297 0.023667 0.0177095 0.0125553 0.00835622 0.00517391
 0.00677163 0.0108441 0.016064 0.02238 0.0297233 0.0379277 0.0466081 0.0551369 0.0627596 0.0687576 0.0725771 0.0739184 0.0727878 0.0694809 0.064482 0.0583279 0.0515011 0.0443808 0.0372475 0.0303167 0.0237813 0.0178374 0.0126784 0.00845966 0.00525024
 0.00668934 0.0107224 0.0159029 0.0221874 0.0295117 0.03771 0.0463947 0.054936 0.0625791 0.0686085 0.0724748 0.0738797 0.0728254 0.0695945 0.0646553 0.0585328 0.051709 0.044574 0.037422 0.0304777 0.023934 0.0179808 0.0128062 0.0085642 0.00532731
 0.00673366 0.010778 0.0159566 0.0222176 0.0294952 0.0376324 0.046258 0.0547583 0.0623866 0.0684252 0.0723165 0.0737556 0.0727416 0.0695574 0.0646688 0.0585947 0.0518085 0.0446951 0.0375496 0.0306021 0.0240509 0.0180881 0.0129008 0.0086423 0.00538624
 0.00671038 0.0107524 0.0159396 0.0222243 0.0295372 0.0377086 0.0463488 0.0548305 0.0624082 0.0683803 0.0722124 0.0736168 0.0725975 0.0694321 0.0645774 0.058544 0.0517991 0.0447217 0.037603 0.0306714 0.0241263 0.018162 0.012968 0.00869863 0.00542949
 0.00656992 0.0105347 0.0156333 0.0218291 0.0290684 0.037199 0.0458486 0.0543992 0.062098 0.0682196 0.0721988 0.0737251 0.072796 0.0696941 0.0648844 0.0588817 0.0521533 0.045077 0.0379436 0.0309827 0.0243969 0.018385 0.0131413 0.008825 0.0055152
 0.00657564 0.0105252 0.0155839 0.0217049 0.0288323 0.0368266 0.0453429 0.0537983 0.0614716 0.067654 0.0717757 0.0734998 0.0727841 0.0698725 0.0652051 0.0592908 0.0526039 0.0455335 0.0383797 0.0313792 0.0247396 0.0186654 0.013357 0.00897999 0.00561846
 0.00661435 0.0105896 0.0156817 0.0218389 0.0289938 0.0369874 0.0454536 0.0537986 0.0613128 0.0673247 0.0713147 0.072988 0.0723171 0.0695297 0.0650279 0.0592788 0.0527257 0.0457442 0.0386353 0.0316436 0.0249866 0.0188781 0.0135266 0.00910496 0.00570319
 0.00656401 0.0105209 0.0156032 0.0217681 0.0289535 0.0369984 0.0455257 0.0539222 0.0614547 0.067433 0.0713342 0.072884 0.0720954 0.0692391 0.0647424 0.0590678 0.0526301 0.045768 0.0387538 0.0318183 0.0251797 0.0190601 0.0136793 0.00922083 0.00578309
