SBPRF35
12.7214
Curr Bio
809480
B35
886092
F35
0.170891
FOFL
0.154808
OFL
102602
Bzero
3.63469e+006
#pred survey bio
 3.52326e+006 3.42173e+006 3.32054e+006 3.16201e+006 2.98687e+006 2.75313e+006 2.4961e+006 2.27333e+006 2.00333e+006 1.78664e+006 1.57777e+006 1.40733e+006 1.23789e+006 1.07243e+006 959495 843734 770360 720525 679863 645629 615847 595101 566918 557540 549898 550038 528260 515451 520282 528953 532227 533291 550061 564419 571965 582838 588856 596938 615531 627337 637921 650673 647990 653272 659164 660380 661148 663367 659346 657118 673869 750730 823190 864606 898957 919820 925275 933988 920753 900890 896982 864573 851668 818110 815364 2.84341e+007 1.71022e+007 1.74376e+007 1.83388e+007 1.96185e+007 2.10419e+007 2.24314e+007 2.36819e+007 2.47474e+007 2.56217e+007 2.63202e+007 2.68681e+007 2.72925e+007 2.76185e+007 2.78677e+007 2.80579e+007 2.82031e+007 2.8314e+007 2.8399e+007 2.84644e+007 2.8515e+007 2.85542e+007 2.85847e+007 2.86087e+007 2.86275e+007 2.86424e+007 2.86542e+007 2.86636e+007 2.86711e+007 2.86771e+007 2.86819e+007 2.86857e+007 2.86889e+007 2.86914e+007 2.86935e+007 2.86951e+007 2.86965e+007 2.86976e+007 2.86985e+007 2.86992e+007 2.86998e+007 2.87003e+007 2.87007e+007 2.8701e+007 2.87013e+007 2.87015e+007 2.87017e+007 2.87018e+007 2.87019e+007 2.8702e+007 2.87021e+007 2.87022e+007 2.87022e+007 2.87023e+007 2.87023e+007 2.87023e+007 2.87024e+007 2.87024e+007 2.87024e+007 2.87024e+007 2.87024e+007 2.87024e+007 2.87024e+007 2.87024e+007 2.87025e+007 2.87025e+007 2.87025e+007 2.87025e+007 2.87025e+007 2.87025e+007 2.87025e+007 2.87025e+007 2.87025e+007 2.87025e+007 2.87025e+007 2.87025e+007 2.87025e+007 2.87025e+007 2.87025e+007 2.87025e+007 2.87025e+007 2.87025e+007 2.87025e+007 2.87025e+007 2.87025e+007 2.87025e+007 2.87025e+007 2.87025e+007 2.87025e+007 2.87025e+007 2.87025e+007 2.87025e+007 2.87025e+007 2.87025e+007 2.87025e+007 2.87025e+007 2.87025e+007 2.87025e+007 2.87025e+007 2.87025e+007 0 0 0 0 0 0 0 0 0 0 0 0 0 0 0 0 0 0 0 0 0 0 0 0 0
#obs survey bio
 2.60395e+006 3.85732e+006 3.18284e+006 3.08712e+006 3.42911e+006 1.88297e+006 2.43824e+006 2.00652e+006 1.56725e+006 1.83096e+006 991915 958261 1.23294e+006 803867 843716 692664 488562 791782 879001 672703 594696 540214 736190 587284 313060 611041 560563 496048 455995 531405 312357 613335 456194 497568 511308 501221 466614 698512 586595 839420 733927 361203 486095 595460 889515 833244 660519 472999 542114 645574 591441 717584 960924 977894 820461 923986 1.09851e+006 1.25069e+006 907339 893770 984564 881824 720020 715262 793842
#pred catch bio
 92674.5 96537.9 156456 182062 249230 286247 271012 329022 294280 298619 273259 278498 277287 231595 232515 193200 171264 160631 150978 142883 131461 133797 114841 112389 105436 121879 111167 95326.8 92582.5 97363.2 99147.1 86872.8 90861.8 98034.6 96313.5 101296 100091 92282.3 99267.2 101172 100583 114278 107167 106325 109561 109260 108270 114350 113475 99097.8 53181 62581.9 91178.3 97946.4 110378 123668 120381 138120 141663 126547 149918 132011 148858 120499 118034 102602 112538 113527 118137 125832 134671 143284 150934 157326 162442 166407 169406 171634 173264 174444 175289 175891 176317 176617 176827 176975 177077 177149 177199 177233 177257 177274 177285 177293 177298 177302 177305 177307 177308 177309 177309 177310 177310 177310 177310 177310 177310 177310 177310 177310 177310 177311 177311 177311 177311 177311 177311 177311 177311 177311 177311 177311 177311 177311 177311 177311 177311 177311 177311 177311 177311 177311 177311 177311 177311 177311 177311 177311 177311 177311 177311 177311 177311 177311 177311 177311 177311 177311 177311 177311 177311 177311 177311 177311 177311 177311 177311 177311 177311 177311 177311 177311 177311 177311 177311 0 0 0 0 0 0 0 0 0 0 0 0 0 0 0 0 0 0 0 0 0 0 0 0 0
#obs catch bio
 0 96216.9 156856 181711 249476 287290 271506 330112 295446 300062 274975 281830 280130 235521 236408 195339 173725 163451 152474 143587 132245 134712 114545 112438 106463 122947 111593 95651.4 93142.2 97764.6 99846.2 86989.4 91315.4 98519.1 96898.3 102082 101119 92723.5 99883 101316 100686 115533 108018 106923 109639 109090 108087 114951 114670 100052 53107.1 62754.9 91718.6 98356.1 110882 124434 120391 138258 141766 125858 149371 131229 149150 120293 118015
#pred cpue bio
 3.476e+006 3.37603e+006 3.27569e+006 3.11736e+006 2.94238e+006 2.70917e+006 2.45291e+006 2.23079e+006 1.96212e+006 1.7463e+006 1.53855e+006 1.36898e+006 1.20089e+006 1.03714e+006 925403 811451 739161 690205 650847 618024 589340 569406 542291 533304 525726 525889 505065 492848 497590 506124 509435 510469 526749 540675 547946 558525 564425 572371 590612 602213 612518 624834 622177 627525 633595 635035 635817 637722 633438 631050 647218 722494 794226 835418 869054 889288 894620 903322 890540 871159 867327 835423 822500 789515 787273 2.74933e+007 1.65512e+007 1.67545e+007 1.75076e+007 1.87359e+007 2.01473e+007 2.15345e+007 2.27845e+007 2.385e+007 2.47242e+007 2.54228e+007 2.59707e+007 2.6395e+007 2.6721e+007 2.69702e+007 2.71604e+007 2.73056e+007 2.74165e+007 2.75015e+007 2.75669e+007 2.76175e+007 2.76567e+007 2.76872e+007 2.77112e+007 2.773e+007 2.77449e+007 2.77567e+007 2.77661e+007 2.77736e+007 2.77796e+007 2.77844e+007 2.77883e+007 2.77914e+007 2.77939e+007 2.7796e+007 2.77976e+007 2.7799e+007 2.78001e+007 2.7801e+007 2.78017e+007 2.78023e+007 2.78028e+007 2.78032e+007 2.78035e+007 2.78038e+007 2.7804e+007 2.78042e+007 2.78043e+007 2.78044e+007 2.78045e+007 2.78046e+007 2.78047e+007 2.78047e+007 2.78048e+007 2.78048e+007 2.78049e+007 2.78049e+007 2.78049e+007 2.78049e+007 2.78049e+007 2.78049e+007 2.78049e+007 2.78049e+007 2.7805e+007 2.7805e+007 2.7805e+007 2.7805e+007 2.7805e+007 2.7805e+007 2.7805e+007 2.7805e+007 2.7805e+007 2.7805e+007 2.7805e+007 2.7805e+007 2.7805e+007 2.7805e+007 2.7805e+007 2.7805e+007 2.7805e+007 2.7805e+007 2.7805e+007 2.7805e+007 2.7805e+007 2.7805e+007 2.7805e+007 2.7805e+007 2.7805e+007 2.7805e+007 2.7805e+007 2.7805e+007 2.7805e+007 2.7805e+007 2.7805e+007 2.7805e+007 2.7805e+007 2.7805e+007 2.7805e+007 2.7805e+007 2.7805e+007 0 0 0 0 0 0 0 0 0 0 0 0 0 0 0 0 0 0 0 0 0 0 0 0 0
#obs cpue bio
 4.44106e+006 3.95687e+006 3.32522e+006 3.84048e+006 2.29507e+006 2.76372e+006 2.01546e+006 3.50736e+006 1.67384e+006 1.79183e+006 1.78906e+006 1.37442e+006 1.32496e+006 628520 1.08776e+006 930032 768127 425360 633417 711324 488766 624705 611324 450071 395708 603584 531230 431908 434026 576948 693973 505877 485255 627485 463519 563333 510936 556788 585701 618610 479561 599899 765311 749511 696525 591758 620256 540612 479724 691596 541075 741588 849904 627436 938840 818814 1.05157e+006 756363 944045 1.20855e+006 976187 790084 735876 911365 806573
#pred surv len freq
 0.00475517 0.00772036 0.0116196 0.0164353 0.0220542 0.0281919 0.0343645 0.0400053 0.0446764 0.0482134 0.0507018 0.0523508 0.0533803 0.0539683 0.0542423 0.054289 0.0541709 0.0539271 0.0535283 0.0527832 0.051262 0.0483569 0.0435495 0.0367817 0.0286718
 0.00499251 0.00801725 0.0119061 0.0166024 0.0219966 0.0278685 0.0338378 0.0394248 0.0442096 0.0479645 0.0506721 0.0524604 0.0535304 0.0541018 0.0543694 0.0544696 0.0544686 0.054358 0.0540317 0.0532324 0.0515148 0.048323 0.0432347 0.0362837 0.0281293
 0.00513107 0.00826762 0.0123225 0.0172324 0.0228488 0.0288747 0.0348402 0.0402159 0.044619 0.0479432 0.0503118 0.0519331 0.0529931 0.053636 0.0539857 0.0541538 0.0542184 0.0541824 0.0539207 0.053132 0.0513374 0.0479917 0.0427326 0.0356691 0.0275069
 0.0053202 0.00856499 0.0127539 0.0178219 0.0236211 0.0298522 0.0360259 0.0415644 0.0460122 0.0491954 0.0512202 0.0523551 0.0529052 0.0531331 0.0532233 0.0532785 0.0533287 0.0533269 0.0531103 0.0523487 0.0505437 0.0471532 0.0418484 0.0347867 0.0267058
 0.00551666 0.00888179 0.0132256 0.0184784 0.0244822 0.0309198 0.0372777 0.0429532 0.0474707 0.0506387 0.0525401 0.0534181 0.0535712 0.0532991 0.0528683 0.0524746 0.0522097 0.0520348 0.051753 0.0509857 0.0491982 0.045838 0.040591 0.0336397 0.0257336
 0.00575132 0.00926321 0.0137996 0.0192878 0.0255587 0.0322715 0.0388755 0.0447251 0.0493117 0.0524299 0.0541664 0.054774 0.0545578 0.0538225 0.0528521 0.0518864 0.0510836 0.0504711 0.0498911 0.0489674 0.0471449 0.0438502 0.0387593 0.0320488 0.02445
 0.00601259 0.00968447 0.0144276 0.0201653 0.0267181 0.0337246 0.0406003 0.0466583 0.0513527 0.0544548 0.0560453 0.0563842 0.0557914 0.0545888 0.0530777 0.051519 0.0501054 0.0489156 0.0478522 0.0465914 0.0446088 0.0413376 0.0364405 0.030062 0.0228814
 0.00626004 0.0100785 0.0150061 0.0209599 0.0277515 0.0350051 0.0421137 0.0483629 0.0531802 0.0563184 0.0578469 0.0580203 0.0571566 0.0555807 0.0536017 0.0514954 0.049479 0.0476709 0.0460312 0.0443049 0.042033 0.0386917 0.0339491 0.0279128 0.0211895
 0.00661111 0.0106427 0.0158425 0.0221173 0.0292582 0.0368528 0.0442425 0.0506595 0.0554974 0.0585068 0.0597818 0.0596113 0.0583417 0.0563132 0.0538389 0.0511926 0.0485932 0.0461755 0.04394 0.0416989 0.0390752 0.0356171 0.0310242 0.0253751 0.0191905
 0.00690826 0.0111177 0.0165429 0.0230843 0.0305212 0.0384205 0.0460906 0.0527212 0.0576661 0.0606498 0.0617606 0.0613004 0.0596428 0.0571588 0.0541865 0.051012 0.0478571 0.0448618 0.0420508 0.0392899 0.0362818 0.0326565 0.0281619 0.0228615 0.0171951
 0.00725869 0.0116749 0.017358 0.0241964 0.0319506 0.0401588 0.0480891 0.0548883 0.0598788 0.0627751 0.0636745 0.0628975 0.0608381 0.0578888 0.0544082 0.0507004 0.0469986 0.0434515 0.0401014 0.0368545 0.0334816 0.0296916 0.0252866 0.0203251 0.0151729
 0.00748721 0.0120553 0.0179471 0.0250522 0.0331203 0.0416595 0.049889 0.0569011 0.0619769 0.0648168 0.0655286 0.0644568 0.0620223 0.0586406 0.0546887 0.0504834 0.0462679 0.0422018 0.0383464 0.0346454 0.030929 0.0269759 0.0226392 0.017977 0.0132915
 0.00777763 0.0125185 0.0186282 0.0259893 0.0343401 0.043169 0.0516632 0.0588735 0.0640408 0.0668377 0.067364 0.0659772 0.0631281 0.0592708 0.0548176 0.0501097 0.045402 0.0408599 0.0365555 0.0324605 0.0284542 0.0243755 0.0201224 0.0157529 0.0115116
 0.00810025 0.0130409 0.0194097 0.0270816 0.0357746 0.0449392 0.0537079 0.0610747 0.0662435 0.0688822 0.0691131 0.0673279 0.0640117 0.0596493 0.0546808 0.049471 0.044291 0.0393155 0.0346258 0.0302129 0.0259922 0.0218492 0.0177166 0.0136493 0.00983934
 0.00824432 0.0132801 0.0197799 0.0276222 0.036524 0.0459253 0.0549357 0.0625155 0.0678316 0.0705199 0.0706831 0.0687098 0.0650988 0.0603603 0.0549649 0.049306 0.0436791 0.0382792 0.0332077 0.0284798 0.0240439 0.0198217 0.0157707 0.01194 0.00847637
 0.00858819 0.0138095 0.0205216 0.0285818 0.0376873 0.0472608 0.0563945 0.0640307 0.069323 0.0719038 0.0718816 0.0696561 0.0657386 0.0606538 0.054888 0.0488515 0.042856 0.0371119 0.0317369 0.0267682 0.0221824 0.0179309 0.0139889 0.0103963 0.00725786
 0.0087195 0.0140313 0.02087 0.0290933 0.0383881 0.0481525 0.057442 0.0651643 0.0704561 0.0729573 0.0727997 0.0704059 0.0662989 0.061003 0.0550003 0.0487001 0.042421 0.036388 0.0307403 0.0255423 0.0208012 0.0164965 0.012619 0.00919996 0.00630938
 0.00858211 0.0138471 0.0206666 0.028924 0.038322 0.0482553 0.0577574 0.065702 0.0711891 0.0738267 0.0737264 0.0713066 0.0671014 0.0616545 0.0554649 0.0489518 0.0424383 0.0361559 0.0302581 0.024833 0.0199179 0.0155216 0.0116514 0.00833405 0.00561192
 0.00855229 0.0137808 0.0205366 0.0287011 0.0379919 0.0478398 0.0573274 0.065368 0.0710666 0.0739929 0.074191 0.0720115 0.0679443 0.0625211 0.0562546 0.0495893 0.0428741 0.0363615 0.0302236 0.0245701 0.0194644 0.0149414 0.0110265 0.00774627 0.0051232
 0.00865163 0.0139191 0.0207002 0.0288592 0.0381005 0.0478523 0.0572094 0.0651128 0.0707083 0.0736093 0.0738873 0.0718863 0.0680523 0.0628523 0.0567402 0.0501289 0.0433661 0.0367254 0.0304098 0.0245619 0.0192775 0.0146202 0.0106349 0.00735241 0.00478209
 0.00868972 0.0139892 0.0208192 0.0290438 0.0383576 0.048167 0.0575367 0.065383 0.0708486 0.0735732 0.0736787 0.0715642 0.0677126 0.062593 0.0566259 0.050169 0.0435171 0.0369123 0.030555 0.024609 0.0192041 0.0144393 0.0103856 0.0070851 0.00454137
 0.00864135 0.0139166 0.0207222 0.0289288 0.0382392 0.0480674 0.0574819 0.0653942 0.0709298 0.0737027 0.073813 0.0716571 0.0677397 0.0625667 0.0565897 0.0501737 0.0435926 0.0370514 0.0307179 0.0247431 0.0192677 0.0144172 0.0102915 0.00695122 0.00440333
 0.00885077 0.014215 0.0210937 0.0293321 0.0386197 0.0483768 0.0576941 0.0655091 0.0709657 0.073683 0.073754 0.0715612 0.067598 0.06237 0.0563422 0.0498997 0.0433296 0.036833 0.030557 0.024628 0.0191721 0.0143172 0.0101777 0.00683018 0.00429014
 0.00902698 0.0144743 0.0214318 0.0297237 0.0390206 0.048731 0.0579444 0.0656095 0.0708967 0.0734627 0.0734366 0.0712182 0.0672912 0.062131 0.0561704 0.049776 0.0432351 0.0367584 0.0305012 0.0245889 0.019142 0.0142845 0.0101344 0.00677661 0.00423372
 0.00895297 0.0143966 0.0213922 0.0297831 0.0392374 0.0491294 0.0584899 0.0662097 0.0714303 0.0738228 0.0735652 0.0711194 0.0670197 0.0617668 0.0557895 0.0494304 0.0429476 0.0365306 0.0303246 0.0244535 0.0190379 0.0142023 0.0100662 0.00671795 0.00418393
 0.00868322 0.0139909 0.0208457 0.0291211 0.0385182 0.0484415 0.0579418 0.0659073 0.0714417 0.0741455 0.074119 0.0717746 0.0676479 0.0622838 0.0561704 0.0496961 0.0431375 0.036679 0.0304509 0.024563 0.0191284 0.0142704 0.0101105 0.00674081 0.00419081
 0.00881748 0.0141692 0.0210409 0.0292845 0.0385958 0.0483982 0.0577822 0.0656799 0.071223 0.0740121 0.0741187 0.0719077 0.067867 0.0625133 0.0563382 0.0497612 0.0430998 0.0365693 0.0303101 0.0244248 0.0190116 0.0141801 0.0100442 0.0066933 0.00415742
 0.0089943 0.0144307 0.0213842 0.0296848 0.0390065 0.0487568 0.05802 0.0657386 0.071077 0.0736872 0.0736924 0.0714845 0.0675384 0.0623235 0.0562749 0.0497724 0.0431254 0.0365682 0.0302704 0.0243569 0.0189344 0.0141093 0.00998762 0.00665212 0.00412934
 0.00892932 0.0143408 0.0212775 0.0295775 0.0389165 0.0486937 0.0579781 0.0656961 0.0710048 0.0735626 0.0735135 0.0712779 0.0673548 0.0622204 0.0562919 0.0499137 0.0433576 0.0368371 0.0305239 0.0245625 0.0190825 0.0142066 0.010047 0.00668615 0.00414748
 0.00886276 0.0142294 0.0211053 0.0293312 0.0385926 0.0483072 0.0575668 0.0653149 0.0707072 0.0733805 0.0734467 0.0713018 0.0674394 0.0623487 0.0564652 0.0501421 0.0436444 0.0371671 0.0308652 0.0248785 0.0193453 0.0144045 0.0101832 0.00677233 0.0041978
 0.00889922 0.0142787 0.0211604 0.0293777 0.03861 0.0482743 0.0574673 0.0651441 0.0704772 0.0731207 0.0731967 0.0710983 0.0673041 0.0622846 0.056464 0.0501945 0.0437452 0.0373118 0.0310432 0.0250703 0.0195276 0.0145579 0.0102981 0.00684949 0.00424445
 0.00897938 0.0143999 0.021325 0.0295802 0.0388366 0.0485026 0.0576676 0.0652825 0.0705228 0.0730551 0.0730226 0.0708413 0.0670055 0.0619895 0.0562086 0.0500001 0.0436189 0.0372512 0.0310397 0.0251101 0.0195929 0.0146302 0.0103627 0.00689843 0.00427662
 0.00894063 0.0143343 0.021222 0.0294297 0.0386327 0.0482491 0.0573815 0.0649928 0.070263 0.072853 0.0728931 0.0707856 0.0670165 0.062058 0.0563273 0.0501631 0.0438196 0.0374798 0.0312828 0.0253524 0.0198184 0.0148251 0.0105177 0.00701106 0.00435079
 0.00888566 0.0142548 0.0211203 0.0293129 0.0385091 0.0481234 0.0572521 0.0648546 0.0701137 0.0726988 0.0727496 0.070673 0.0669516 0.0620491 0.0563737 0.0502589 0.0439562 0.0376477 0.0314714 0.0255486 0.020008 0.0149943 0.0106566 0.00711492 0.00442123
 0.00884724 0.0142004 0.0210535 0.0292428 0.0384482 0.0480836 0.0572411 0.0648718 0.0701491 0.0727349 0.0727666 0.070657 0.0669012 0.0619762 0.0562985 0.0502014 0.0439306 0.03766 0.0315195 0.0256248 0.0201006 0.0150901 0.0107436 0.00718523 0.00447183
 0.00878223 0.0140977 0.020905 0.0290448 0.0382044 0.0478078 0.0569594 0.0646199 0.0699635 0.0726409 0.0727699 0.0707424 0.0670404 0.0621391 0.0564628 0.0503575 0.0440792 0.0378064 0.0316679 0.0257746 0.0202464 0.0152237 0.010857 0.0072733 0.00453396
 0.00873981 0.0140345 0.0208205 0.0289415 0.0380863 0.0476786 0.0568218 0.0644777 0.0698246 0.0725191 0.0726827 0.0707052 0.0670597 0.0622089 0.0565678 0.0504793 0.0442036 0.0379267 0.0317835 0.0258869 0.0203547 0.0153242 0.0109444 0.00734322 0.00458469
 0.00872269 0.0140003 0.0207576 0.0288366 0.0379289 0.0474678 0.0565709 0.0642133 0.0695788 0.0723201 0.0725484 0.0706435 0.0670711 0.0622889 0.0567061 0.05066 0.0444074 0.0381349 0.0319821 0.0260675 0.0205132 0.0154586 0.0110531 0.00742575 0.00464265
 0.00864678 0.0138778 0.0205752 0.0285824 0.0375954 0.047056 0.0560956 0.0637063 0.069087 0.0718978 0.0722466 0.0704982 0.0670958 0.0624734 0.0570213 0.051066 0.0448616 0.038598 0.0324216 0.0264603 0.0208458 0.0157257 0.011256 0.00757053 0.00473879
 0.00865237 0.013882 0.0205721 0.0285624 0.037546 0.0469641 0.0559506 0.0635026 0.0688275 0.0715966 0.0719305 0.0702042 0.0668651 0.0623409 0.0570068 0.0511692 0.0450632 0.0388664 0.0327208 0.0267572 0.021115 0.0159514 0.0114318 0.00769763 0.00482374
 0.00869709 0.0139464 0.0206532 0.0286513 0.0376292 0.0470261 0.055976 0.0634782 0.0687435 0.0714491 0.071724 0.0699544 0.0665983 0.0620917 0.0568112 0.0510557 0.0450456 0.0389397 0.0328644 0.0269411 0.0213084 0.0161294 0.0115789 0.00780793 0.00489902
 0.00856728 0.0137678 0.0204438 0.0284471 0.0374722 0.0469468 0.0559796 0.0635436 0.0688344 0.0715289 0.0717674 0.0699511 0.066552 0.0620169 0.0567303 0.0509949 0.0450287 0.0389814 0.0329652 0.0270873 0.021477 0.0162957 0.0117234 0.00792005 0.00497724
 0.00848828 0.0136516 0.020293 0.0282753 0.037305 0.0468189 0.0559292 0.063601 0.0690078 0.0717941 0.0720693 0.0702212 0.0667327 0.0620804 0.0566832 0.0508701 0.0448714 0.0388347 0.0328599 0.0270367 0.0214774 0.0163317 0.0117756 0.00797215 0.00501946
 0.00839739 0.0135016 0.0200642 0.0279512 0.0368794 0.0463067 0.0553743 0.0630754 0.0685966 0.071571 0.0720726 0.0704408 0.0671138 0.0625421 0.0571446 0.0512738 0.0451938 0.0390821 0.0330548 0.0272026 0.0216287 0.0164712 0.0118982 0.00807128 0.00509188
 0.00834879 0.0134192 0.0199338 0.0277564 0.0366045 0.0459419 0.0549228 0.0625599 0.0680627 0.0710833 0.0717044 0.0702558 0.0671465 0.0627843 0.0575466 0.0517611 0.0456916 0.0395361 0.0334396 0.0275166 0.0218819 0.0166745 0.0120586 0.00819222 0.0051769
 0.00842414 0.0135225 0.0200533 0.0278678 0.0366758 0.0459417 0.0548284 0.0623616 0.067765 0.0707065 0.0712856 0.069848 0.0668108 0.0625754 0.0574959 0.0518655 0.0459148 0.0398237 0.0337383 0.0277891 0.0221106 0.0168564 0.0121977 0.00829426 0.00524756
 0.00858046 0.0137547 0.020361 0.0282337 0.037067 0.0463145 0.0551333 0.0625497 0.0677975 0.070565 0.0709795 0.0694146 0.0663084 0.0620723 0.0570579 0.0515418 0.0457277 0.039765 0.0337759 0.0278815 0.022221 0.0169606 0.0122839 0.00835955 0.00529346
 0.00863107 0.0138484 0.0205218 0.0284879 0.0374328 0.0467874 0.0556749 0.0630894 0.0682487 0.07085 0.0710505 0.0692629 0.0659623 0.0615884 0.0565082 0.0510008 0.0452579 0.0394054 0.0335371 0.027749 0.0221661 0.016952 0.0122971 0.00837886 0.00531109
 0.00862498 0.0138527 0.0205552 0.0285786 0.0376133 0.047085 0.0561001 0.0636262 0.0688502 0.071442 0.071544 0.0695748 0.066038 0.0614174 0.0561261 0.0504776 0.0446785 0.0388492 0.0330619 0.0273835 0.0219112 0.0167903 0.0122032 0.008329 0.00528696
 0.00873924 0.0140097 0.0207396 0.0287611 0.0377635 0.047189 0.0561728 0.0637078 0.0689876 0.071664 0.0718428 0.0699036 0.0663246 0.061588 0.05613 0.0503038 0.0443579 0.0384424 0.0326386 0.0270022 0.021607 0.0165727 0.0120626 0.00824659 0.005243
 0.00864363 0.0138748 0.0205734 0.0285809 0.0375876 0.0470258 0.0560167 0.0635481 0.0688262 0.0715288 0.0717846 0.0699726 0.0665408 0.061924 0.0565179 0.0506617 0.0446214 0.0385849 0.0326732 0.0269669 0.0215444 0.0165144 0.0120233 0.00822699 0.00523697
 0.00810716 0.013041 0.019393 0.0270423 0.0357276 0.04494 0.0538655 0.061544 0.0671936 0.0704508 0.0713642 0.070225 0.0674081 0.0632946 0.0582413 0.0525639 0.0465279 0.0403485 0.0341964 0.0282082 0.0225084 0.0172324 0.0125367 0.00857713 0.00546212
 0.00791979 0.0127051 0.0188308 0.0261651 0.0344598 0.0432575 0.0518308 0.0593168 0.0650056 0.0685557 0.0699847 0.0695131 0.0674262 0.064014 0.0595554 0.0543102 0.0485137 0.0423792 0.0361031 0.0298703 0.0238629 0.0182694 0.0132841 0.00908353 0.00578308
 0.00799352 0.0128121 0.018964 0.0262993 0.0345448 0.0432147 0.0515605 0.0587225 0.0640347 0.0672401 0.0684575 0.0679865 0.0661376 0.0631638 0.0592606 0.0545849 0.049277 0.0434827 0.0373686 0.0311289 0.0249854 0.0191815 0.013965 0.00955254 0.00608133
 0.00796362 0.0127841 0.0189591 0.0263473 0.0346728 0.0434279 0.0518256 0.0589612 0.0641359 0.0670891 0.0679757 0.0671704 0.0650787 0.0620369 0.058278 0.0539334 0.0490642 0.0437118 0.0379497 0.0319158 0.0258228 0.0199446 0.0145802 0.00999803 0.00637321
 0.00784837 0.0126228 0.0187658 0.0261546 0.034526 0.0433745 0.0519009 0.0591753 0.0644618 0.0674565 0.0682772 0.0672877 0.0649238 0.0615936 0.0576223 0.0532173 0.048466 0.043374 0.0379326 0.0321866 0.026281 0.020467 0.0150632 0.0103811 0.00664005
 0.00780082 0.0125462 0.0186533 0.0260037 0.0343438 0.043183 0.0517392 0.0590938 0.064506 0.0676449 0.0685853 0.067644 0.0652257 0.0617389 0.0575485 0.0529326 0.0480541 0.0429656 0.0376537 0.0321097 0.0264038 0.0207265 0.0153723 0.0106657 0.00685906
 0.00771619 0.0124167 0.0184733 0.0257731 0.0340679 0.0428721 0.0514109 0.058776 0.0642382 0.0674743 0.0685537 0.0677706 0.0654911 0.0620818 0.0578814 0.0531744 0.0481654 0.042967 0.0376139 0.0321092 0.0264943 0.0209099 0.0156096 0.0109034 0.00705572
 0.0077426 0.0124568 0.0185281 0.0258413 0.0341454 0.0429519 0.051483 0.0588279 0.0642577 0.0674546 0.0684992 0.0676987 0.065427 0.0620454 0.0578732 0.0531715 0.0481336 0.0428842 0.0374883 0.0319789 0.026406 0.0208926 0.0156608 0.0109958 0.00715542
 0.00783537 0.0125969 0.0187188 0.0260781 0.0344167 0.0432408 0.0517684 0.0590856 0.0644621 0.0675827 0.068536 0.0676414 0.0652871 0.0618468 0.0576447 0.0529362 0.0479016 0.0426545 0.0372599 0.0317618 0.0262217 0.0207635 0.0155959 0.0109856 0.00717805
 0.00785261 0.0126236 0.0187563 0.0261266 0.0344749 0.0433059 0.0518363 0.0591512 0.064521 0.0676317 0.0685726 0.067663 0.0652903 0.0618287 0.0576052 0.052879 0.0478323 0.0425776 0.0371784 0.03168 0.0261484 0.02071 0.0155701 0.0109869 0.0071976
 0.00802572 0.0128942 0.0191428 0.0266365 0.0351017 0.0440242 0.0525982 0.0598881 0.0651544 0.068091 0.0688111 0.067666 0.0650734 0.0614298 0.0570743 0.0522685 0.0471905 0.0419444 0.0365849 0.0311493 0.0256973 0.0203496 0.015304 0.0108087 0.00709158
 0.00796384 0.0128191 0.0190771 0.0266177 0.0351724 0.0442176 0.0529236 0.060326 0.0656613 0.0686092 0.06928 0.0680316 0.0652962 0.0614906 0.0569765 0.0520353 0.0468581 0.0415545 0.0361775 0.0307586 0.0253495 0.0200624 0.0150857 0.0106577 0.00699787
 0.00782956 0.0126382 0.0188749 0.0264437 0.0350905 0.0442871 0.0531818 0.0607767 0.0662723 0.0693172 0.0700005 0.068674 0.0657824 0.0617694 0.0570302 0.0518785 0.0465299 0.0411084 0.0356717 0.0302474 0.0248779 0.0196616 0.014772 0.0104328 0.00685119
 0.00745085 0.012055 0.0180608 0.0254039 0.0338695 0.0429748 0.0519145 0.0597232 0.0655978 0.0691355 0.0703383 0.0694651 0.0668905 0.0630271 0.0582782 0.0529935 0.0474388 0.0417883 0.0361386 0.0305409 0.0250456 0.0197481 0.0148121 0.01045 0.00685892
#obs surv len freq
 nan nan nan nan nan nan nan nan nan nan nan nan nan nan nan nan nan nan nan nan nan nan nan nan nan
 0.00448842 0.00735152 0.0111832 0.0160007 0.0217018 0.027977 0.0342901 0.04002 0.0446979 0.0481599 0.050516 0.05201 0.0529006 0.0534116 0.0537247 0.0539787 0.0542567 0.054549 0.0546875 0.0542793 0.0527174 0.04935 0.0438004 0.0362815 0.0276662
 0.00461878 0.00756653 0.0115121 0.0164714 0.0223339 0.0287708 0.0352163 0.0410172 0.0456818 0.0490405 0.0512148 0.052472 0.0530986 0.0533459 0.0534185 0.0534699 0.0535893 0.0537662 0.0538287 0.0533819 0.0518208 0.0484977 0.0430379 0.0356471 0.0271814
 0.00477008 0.00781508 0.0118911 0.017014 0.023067 0.0297051 0.0363351 0.0422702 0.0469886 0.0503023 0.0523291 0.0533454 0.0536584 0.0535489 0.0532546 0.0529603 0.0527791 0.0527149 0.0526028 0.0520516 0.0504609 0.0471883 0.041858 0.034662 0.026427
 0.00496288 0.00812909 0.0123648 0.0176839 0.0239607 0.0308312 0.0376718 0.0437605 0.0485475 0.05183 0.0537238 0.0545111 0.0545094 0.0540152 0.0532894 0.052547 0.0519343 0.0514872 0.0510679 0.0503073 0.048623 0.0453842 0.0402135 0.0332797 0.0253646
 0.00517763 0.00848031 0.0128973 0.0184405 0.0249745 0.0321118 0.0391926 0.0454542 0.0503154 0.0535611 0.0553116 0.0558615 0.0555416 0.0546595 0.0534884 0.0522596 0.0511442 0.0502116 0.0493647 0.0482786 0.0464116 0.0431614 0.0381551 0.0315321 0.0240131
 0.00540662 0.00885559 0.0134678 0.0192538 0.0260681 0.0334988 0.0408466 0.0473038 0.0522539 0.0554665 0.0570656 0.0573616 0.0567036 0.0554161 0.0537852 0.0520531 0.0504044 0.0489326 0.0475798 0.0460754 0.0439391 0.0406189 0.0357603 0.0294742 0.0224086
 0.00565236 0.00925771 0.0140779 0.020122 0.0272334 0.0349744 0.0426046 0.049269 0.0543141 0.0574931 0.058934 0.058963 0.0579496 0.0562376 0.0541293 0.0518785 0.0496805 0.0476451 0.0457466 0.0437685 0.0413009 0.0378589 0.0331225 0.0271812 0.0206051
 0.00590055 0.0096642 0.0146954 0.0210016 0.0284151 0.0364722 0.0443899 0.0512656 0.0564081 0.0595546 0.0608374 0.0605993 0.0592298 0.0570923 0.0545054 0.0517353 0.0489871 0.0463841 0.0439281 0.0414527 0.0386197 0.0350193 0.0303774 0.024771 0.0186936
 0.00613864 0.0100566 0.015296 0.0218639 0.0295821 0.0379595 0.0461693 0.0532588 0.0584983 0.061609 0.0627292 0.0622199 0.060493 0.0579327 0.0548744 0.0515965 0.0483125 0.0451568 0.0421545 0.0391847 0.0359784 0.0322021 0.0276334 0.0223439 0.016756
 0.00638271 0.010455 0.0158986 0.0227188 0.0307267 0.0394066 0.0478923 0.0551851 0.0605181 0.0635953 0.0645574 0.0637815 0.0617015 0.0587245 0.0552056 0.0514371 0.0476415 0.0439624 0.0404439 0.0370051 0.0334399 0.0294883 0.0249801 0.0199867 0.0148653
 0.0066165 0.0108385 0.0164819 0.0235503 0.0318431 0.040818 0.0495664 0.0570432 0.0624472 0.0654704 0.0662623 0.0652197 0.0627981 0.0594246 0.0554711 0.0512428 0.0469714 0.0428094 0.0388182 0.0349512 0.0310585 0.026946 0.0224931 0.017773 0.0130852
 0.00684686 0.011217 0.0170591 0.024375 0.0329527 0.0422222 0.0512311 0.0588854 0.0643468 0.0672946 0.0678886 0.0665503 0.0637644 0.0599849 0.0556042 0.0509406 0.0462324 0.0416375 0.0372297 0.0329908 0.0288185 0.0245761 0.0201867 0.0157251 0.0114396
 0.0070806 0.011599 0.0176375 0.0251954 0.0340489 0.043601 0.0528578 0.060678 0.0661872 0.0690506 0.0694369 0.0677908 0.0646272 0.0604306 0.0556199 0.0505317 0.0454146 0.0404314 0.0356643 0.0311156 0.0267203 0.0223883 0.018078 0.0138644 0.00994995
 0.00729674 0.0119552 0.0181822 0.0259759 0.0351004 0.0449309 0.0544294 0.0624063 0.0679516 0.0707195 0.0708901 0.0689334 0.0653941 0.0607863 0.0555548 0.0500568 0.0445544 0.039219 0.034141 0.0293387 0.0247747 0.0203939 0.01618 0.0122049 0.00862977
 0.0074503 0.0122113 0.0185796 0.0265553 0.0358967 0.0459604 0.055676 0.0638155 0.0694362 0.0721738 0.0722073 0.0700182 0.0661718 0.0612076 0.0555965 0.0497191 0.0438555 0.0381909 0.0328279 0.027801 0.0230954 0.0186818 0.0145606 0.0107967 0.00751451
 0.00751773 0.0123216 0.0187478 0.0267983 0.0362333 0.0464097 0.0562534 0.0645269 0.070272 0.0731045 0.0731813 0.0709654 0.0670119 0.0618613 0.0559972 0.0498208 0.043637 0.0376557 0.0320035 0.0267386 0.0218712 0.0173945 0.0133212 0.009708 0.00664719
 0.00756226 0.0123891 0.0188409 0.0269173 0.0363782 0.0465829 0.0564621 0.0647835 0.0705927 0.0735044 0.073668 0.0715298 0.0676224 0.062463 0.0565192 0.050189 0.0437884 0.0375507 0.031633 0.0261271 0.0210759 0.0164995 0.0124244 0.00890108 0.00599482
 0.00767626 0.0125609 0.0190737 0.0272043 0.0367037 0.046925 0.0567962 0.065086 0.0708469 0.0737074 0.0738323 0.0716799 0.0677825 0.0626444 0.0567104 0.0503541 0.0438752 0.0375052 0.0314161 0.0257288 0.0205215 0.0158467 0.0117504 0.00828292 0.00548905
 0.00773926 0.0126642 0.0192302 0.0274244 0.0369907 0.0472695 0.0571715 0.0654515 0.0711586 0.0739323 0.07396 0.0717232 0.0677714 0.0626131 0.0566847 0.0503409 0.0438583 0.0374495 0.0312812 0.0254853 0.0201659 0.0154065 0.0112772 0.00783557 0.00511513
 0.00779359 0.0127466 0.0193434 0.0275683 0.0371632 0.0474683 0.0573942 0.0656922 0.0714046 0.0741627 0.0741493 0.0718497 0.0678253 0.0626016 0.0566278 0.0502618 0.0437711 0.0373523 0.0311564 0.0253103 0.0199273 0.0151109 0.0109523 0.00752068 0.00484602
 0.00782323 0.012793 0.0194096 0.0276554 0.03727 0.0475905 0.0575249 0.0658235 0.0715301 0.0742794 0.0742563 0.0719446 0.0679021 0.0626512 0.0566437 0.050244 0.0437252 0.0372838 0.0310653 0.0251898 0.0197702 0.0149181 0.0107377 0.00730817 0.00466023
 0.00786633 0.0128546 0.0194869 0.0277406 0.037353 0.0476629 0.0575827 0.0658677 0.0715646 0.0743093 0.0742856 0.0719765 0.0679373 0.0626875 0.0566754 0.0502636 0.0437262 0.0372622 0.031019 0.0251171 0.01967 0.0147931 0.0105969 0.00716658 0.00453429
 0.00788049 0.0128772 0.0195197 0.0277841 0.0374049 0.0477173 0.0576304 0.0658982 0.0715713 0.074293 0.0742558 0.0719474 0.067922 0.0626931 0.0567011 0.050302 0.0437663 0.0372927 0.0310306 0.0251039 0.0196301 0.0147288 0.0105157 0.00707983 0.00445404
 0.00788794 0.0128874 0.0195316 0.0277956 0.0374141 0.0477232 0.0576333 0.0658993 0.0715709 0.0742898 0.0742483 0.0719357 0.06791 0.0626873 0.0567079 0.0503239 0.0438003 0.0373309 0.0310629 0.0251211 0.0196265 0.0147039 0.010474 0.00702968 0.00440465
 0.00788695 0.012881 0.0195134 0.0277571 0.0373475 0.0476254 0.0575095 0.0657634 0.0714422 0.0741876 0.0741862 0.0719193 0.0679368 0.0627498 0.0567967 0.0504301 0.0439156 0.0374466 0.0311697 0.0252098 0.0196902 0.0147399 0.0104849 0.00702236 0.0043878
 0.0078981 0.0128955 0.0195282 0.0277664 0.0373432 0.0475991 0.0574544 0.065677 0.0713285 0.0740585 0.0740599 0.0718159 0.0678728 0.0627334 0.0568267 0.0504981 0.0440092 0.0375529 0.0312763 0.025306 0.0197677 0.0147942 0.0105161 0.00703445 0.00438742
 0.00789489 0.012888 0.0195126 0.0277377 0.0372963 0.0475304 0.0573636 0.0655678 0.0712077 0.0739352 0.0739446 0.0717205 0.0678091 0.0627114 0.0568516 0.0505681 0.0441157 0.0376824 0.0314134 0.0254363 0.0198798 0.0148811 0.0105761 0.00707045 0.00440531
 0.00787825 0.0128619 0.0194751 0.0276875 0.0372325 0.0474529 0.0572733 0.0654672 0.0711016 0.0738302 0.0738489 0.0716424 0.0677566 0.062691 0.0568678 0.0506225 0.0442054 0.0377996 0.031546 0.0255702 0.0200018 0.0149818 0.0106509 0.00712007 0.00443435
 0.00786018 0.0128279 0.0194156 0.0275917 0.037092 0.047267 0.0570529 0.0652345 0.0708844 0.0736533 0.0737285 0.0715845 0.067759 0.0627471 0.0569693 0.0507605 0.0443712 0.0379835 0.0317369 0.0257556 0.0201693 0.0151216 0.0107578 0.00719451 0.00448111
 0.00786607 0.0128334 0.0194162 0.0275796 0.0370574 0.0471998 0.0569461 0.0650873 0.0707045 0.073458 0.0735417 0.0714311 0.0676586 0.0627092 0.056993 0.0508378 0.0444901 0.0381307 0.0318992 0.0259198 0.0203229 0.0152541 0.0108627 0.00727016 0.00453048
 0.00781143 0.0127516 0.019306 0.0274443 0.0369031 0.0470337 0.0567744 0.0649156 0.0705385 0.0733048 0.0734105 0.0713334 0.0676066 0.0627131 0.0570576 0.0509599 0.0446595 0.0383321 0.0321151 0.0261332 0.020519 0.0154216 0.010995 0.00736616 0.00459399
 0.00779571 0.0127196 0.0192464 0.0273439 0.0367519 0.0468312 0.0565348 0.0646657 0.0703096 0.0731216 0.0732851 0.0712659 0.0675913 0.0627446 0.0571331 0.0510782 0.0448172 0.0385213 0.0323232 0.0263445 0.0207175 0.0155941 0.0111334 0.00746795 0.00466231
 0.00776832 0.0126766 0.019184 0.0272587 0.0366402 0.0466888 0.056359 0.0644586 0.0700821 0.0728949 0.0730867 0.0711221 0.0675191 0.0627478 0.0572047 0.0512054 0.0449867 0.0387205 0.0325391 0.0265631 0.0209241 0.0157755 0.0112803 0.00757722 0.00473642
 0.00773396 0.0126195 0.0190962 0.0271327 0.0364715 0.0464792 0.056119 0.0642062 0.0698385 0.0726794 0.0729138 0.0710027 0.0674623 0.0627599 0.0572872 0.0513526 0.0451858 0.0389547 0.0327902 0.0268135 0.0211578 0.015979 0.0114449 0.00769972 0.0048198
 0.00768688 0.012543 0.0189813 0.0269713 0.0362586 0.0462158 0.0558153 0.0638828 0.0695239 0.0724038 0.0727033 0.0708748 0.0674239 0.0628095 0.0574169 0.0515507 0.0454376 0.0392427 0.0330946 0.0271139 0.0214352 0.0162185 0.011637 0.00784209 0.00491649
 0.00769104 0.0125452 0.0189759 0.0269499 0.0362109 0.0461329 0.055692 0.0637198 0.0693283 0.072189 0.0724877 0.0706799 0.0672708 0.0627154 0.0573918 0.0515967 0.045549 0.0394076 0.0332965 0.0273332 0.021652 0.0164149 0.0118004 0.00796643 0.00500272
 0.00765257 0.0124911 0.0189098 0.0268795 0.036145 0.0460759 0.0556412 0.0636657 0.0692595 0.0720976 0.0723743 0.0705534 0.067147 0.0626128 0.057328 0.0515845 0.0455941 0.0395073 0.0334406 0.0275056 0.0218336 0.016587 0.0119482 0.00808169 0.00508414
 0.00764759 0.0124774 0.0188795 0.0268234 0.0360566 0.0459573 0.0555054 0.0635342 0.0691528 0.072026 0.0723338 0.0705304 0.0671277 0.0625912 0.0573086 0.0515789 0.0456155 0.0395648 0.0335356 0.0276309 0.0219755 0.0167291 0.0120754 0.00818409 0.00515825
 0.00762006 0.0124381 0.01883 0.0267675 0.0359979 0.0458959 0.0554375 0.0634547 0.0690611 0.0719295 0.0722466 0.0704668 0.0670947 0.0625865 0.0573241 0.0516081 0.0456572 0.0396226 0.0336138 0.0277298 0.022089 0.0168462 0.0121838 0.00827386 0.00522482
 0.00760641 0.0124155 0.0187954 0.0267187 0.0359348 0.0458223 0.0553608 0.0633841 0.0690034 0.0718863 0.0722144 0.0704413 0.0670748 0.0625749 0.0573248 0.0516231 0.0456865 0.0396657 0.0336707 0.0278004 0.0221708 0.0169331 0.012267 0.00834531 0.00527956
 0.00758772 0.0123874 0.0187575 0.0266718 0.0358805 0.0457622 0.0552969 0.0633191 0.0689415 0.071833 0.0721751 0.0704187 0.0670683 0.0625816 0.0573416 0.0516485 0.0457207 0.0397094 0.0337242 0.027863 0.0222403 0.017005 0.0123356 0.0084046 0.00532562
 0.00757074 0.0123577 0.0187091 0.0265987 0.0357789 0.0456335 0.05515 0.0631695 0.0688075 0.0717303 0.0721125 0.0703984 0.067087 0.0626327 0.0574169 0.0517395 0.0458202 0.0398121 0.033827 0.0279636 0.0223364 0.0170937 0.0124132 0.00846788 0.00537298
 0.00755654 0.012337 0.018682 0.0265661 0.0357412 0.0455895 0.0550965 0.0631031 0.0687276 0.0716417 0.0720258 0.0703265 0.0670409 0.0626183 0.0574343 0.051784 0.0458846 0.0398891 0.03391 0.0280477 0.0224176 0.0171684 0.0124783 0.00852082 0.00541259
 0.00752271 0.0122854 0.018611 0.0264768 0.0356379 0.045479 0.0549873 0.0630044 0.0686466 0.0715817 0.0719864 0.0703057 0.0670382 0.0626355 0.0574737 0.0518465 0.0459677 0.039987 0.0340154 0.0281532 0.0225168 0.0172565 0.0125519 0.00857834 0.00545418
 0.00751828 0.0122714 0.0185777 0.0264118 0.0355303 0.0453257 0.0547978 0.0628004 0.0684562 0.0714302 0.0718894 0.0702671 0.0670522 0.0626915 0.057561 0.0519566 0.046094 0.0401236 0.0341559 0.0282902 0.0226432 0.0173663 0.0126413 0.00864616 0.00550177
 0.0075021 0.0122495 0.0185521 0.0263859 0.0355054 0.0452983 0.0547582 0.0627363 0.0683597 0.0713051 0.0717522 0.0701417 0.0669611 0.0626479 0.0575668 0.052005 0.0461746 0.0402255 0.0342693 0.0284063 0.0227541 0.0174651 0.0127231 0.00870887 0.00554594
 0.00750205 0.0122488 0.0185502 0.0263822 0.0355006 0.045294 0.0547567 0.0627384 0.0683618 0.0712984 0.071726 0.0700897 0.0668866 0.0625644 0.0574928 0.0519561 0.0461587 0.0402423 0.0343123 0.0284664 0.0228216 0.0175316 0.012782 0.00875604 0.00558023
 0.00748696 0.012227 0.0185224 0.0263509 0.0354689 0.0452649 0.0547323 0.0627199 0.0683501 0.0712935 0.0717263 0.0700907 0.0668823 0.0625505 0.05747 0.0519314 0.0461423 0.0402431 0.034334 0.0285067 0.0228738 0.0175873 0.0128338 0.0087988 0.00561187
 0.00750246 0.0122475 0.0185447 0.0263695 0.0354778 0.0452608 0.0547163 0.0626971 0.0683272 0.0712754 0.0717145 0.0700834 0.0668757 0.0625403 0.0574533 0.0519083 0.0461166 0.0402214 0.0343231 0.0285106 0.0228919 0.017615 0.0128648 0.00882752 0.00563475
 0.00750246 0.0122475 0.0185447 0.0263695 0.0354778 0.0452608 0.0547163 0.0626971 0.0683272 0.0712754 0.0717145 0.0700834 0.0668757 0.0625403 0.0574533 0.0519083 0.0461166 0.0402214 0.0343231 0.0285106 0.0228919 0.017615 0.0128648 0.00882752 0.00563475
 0.00707787 0.0115782 0.017579 0.0250803 0.0338759 0.043411 0.0527505 0.0608086 0.0667363 0.0701767 0.071229 0.0702371 0.0676059 0.0637209 0.0589279 0.053521 0.0477352 0.0417479 0.0356942 0.029691 0.0238665 0.0183835 0.0134389 0.00922996 0.00589678
 0.00700211 0.0114066 0.0172324 0.0244574 0.0328814 0.0419992 0.050964 0.0587894 0.0646995 0.0683614 0.0698496 0.0694475 0.0674787 0.0642412 0.0600009 0.0549953 0.0494346 0.0435039 0.0373687 0.0311868 0.025127 0.0193866 0.0141904 0.00975641 0.00623896
 0.0070324 0.011462 0.0173224 0.024582 0.0330155 0.0420758 0.0508727 0.0584023 0.0639242 0.0671978 0.068415 0.0679538 0.0661721 0.0633328 0.0596164 0.0551552 0.0500646 0.0444656 0.0384992 0.0323344 0.0261753 0.0202641 0.0148681 0.0102398 0.0065565
 0.00709023 0.0115654 0.0174951 0.0248511 0.0334029 0.0425837 0.0514664 0.0589981 0.0643931 0.0673896 0.0682041 0.0672918 0.0651235 0.0620719 0.0583782 0.0541627 0.0494637 0.0442944 0.0386975 0.0327812 0.0267338 0.0208182 0.0153418 0.0105995 0.00680204
 0.00708056 0.0115621 0.0175137 0.0249157 0.0335424 0.0428243 0.0518223 0.0594624 0.0649297 0.0679275 0.0686394 0.0675052 0.0650155 0.0616066 0.0576139 0.0532464 0.0485864 0.0436256 0.0383312 0.0327175 0.026899 0.0211061 0.015654 0.0108702 0.00700237
 0.00708407 0.0115701 0.0175306 0.0249491 0.0336035 0.0429282 0.0519865 0.0597028 0.0652536 0.068325 0.0690751 0.0679144 0.0653109 0.0616986 0.0574429 0.0528147 0.0479715 0.0429609 0.0377583 0.032335 0.0267338 0.0211194 0.0157725 0.0110214 0.00713727
 0.00706376 0.0115427 0.0175 0.0249226 0.0335909 0.0429395 0.0520301 0.0597863 0.0653844 0.06851 0.0693162 0.068201 0.0656121 0.0619606 0.0575986 0.0528067 0.0477797 0.0426201 0.0373518 0.0319627 0.0264716 0.0209938 0.0157619 0.0110782 0.00721469
 0.00711701 0.0116266 0.0176212 0.0250852 0.0337957 0.0431823 0.0523004 0.0600669 0.0656541 0.0687487 0.0695104 0.0683458 0.065708 0.0620061 0.0575827 0.0527073 0.0475737 0.0423026 0.0369506 0.0315363 0.0260893 0.0207071 0.0155872 0.0109986 0.00719613
 0.00714857 0.0116841 0.017719 0.0252396 0.03402 0.0434795 0.0526576 0.0604545 0.066033 0.0690805 0.0697661 0.0685098 0.065778 0.0619886 0.0574871 0.0525397 0.047335 0.0419928 0.0365799 0.0311334 0.0256985 0.0203741 0.0153414 0.0108439 0.00711517
 0.00716127 0.0117063 0.0177556 0.0252977 0.0341086 0.043609 0.052837 0.0606875 0.0663129 0.0693878 0.0700699 0.0687748 0.065973 0.0620945 0.0574981 0.0524602 0.0471744 0.0417618 0.0362921 0.0308098 0.0253694 0.0200743 0.0150998 0.0106734 0.00701102
 0.00723217 0.0118193 0.0179212 0.0255232 0.034396 0.0439521 0.0532189 0.061082 0.0666898 0.0697196 0.0703357 0.0689603 0.0660679 0.0620911 0.0573936 0.0522587 0.0468874 0.0414071 0.0358917 0.0303894 0.0249585 0.0197034 0.0147941 0.0104463 0.00686036
 0.00728584 0.0119103 0.0180649 0.0257354 0.0346886 0.0443264 0.0536599 0.0615572 0.0671555 0.070131 0.0706573 0.0691702 0.0661578 0.0620634 0.0572562 0.052023 0.0465672 0.0410198 0.0354594 0.0299388 0.0245197 0.0193064 0.0144632 0.0101948 0.00668777
 0.00728646 0.0119157 0.0180815 0.0257734 0.0347608 0.0444464 0.0538384 0.061798 0.0674521 0.0704645 0.0709973 0.0694803 0.0664037 0.0622192 0.0573086 0.0519702 0.0464167 0.0407858 0.0351614 0.0296018 0.0241726 0.018979 0.014181 0.00997373 0.00653142
 0.00719262 0.0117624 0.0178508 0.0254515 0.0343452 0.0439552 0.0533171 0.061317 0.0670914 0.0702909 0.0710453 0.0697434 0.0668381 0.0627575 0.057876 0.0525002 0.0468609 0.0411173 0.035374 0.0297057 0.0241897 0.0189379 0.0141112 0.00989965 0.00646897
#pred catch len freq
 0.00380999 0.00608494 0.00898814 0.0124965 0.0166029 0.0212852 0.0264413 0.0318633 0.0372778 0.0424069 0.0470108 0.0509135 0.0540225 0.0563329 0.0579094 0.0588607 0.059319 0.0594078 0.0591698 0.0584523 0.0568193 0.0536224 0.0483008 0.0407981 0.0318038
 0.00401118 0.00634339 0.00925342 0.0126875 0.0166402 0.0211365 0.0261502 0.0315362 0.0370311 0.0423069 0.0470454 0.0510125 0.0541095 0.0563752 0.0579376 0.0589497 0.0595408 0.0597795 0.0596235 0.0588476 0.0570001 0.0534911 0.0478679 0.0401754 0.0311476
 0.00415812 0.00659208 0.00964023 0.0132376 0.0173449 0.0219295 0.0269024 0.0320904 0.0372696 0.0422129 0.0467112 0.0505836 0.0537061 0.0560472 0.0576785 0.0587426 0.0593898 0.0597016 0.0596121 0.0588443 0.0569071 0.0532207 0.0473976 0.0395663 0.0305134
