SBPRF35
8.93957
Curr Bio
713247
B35
638083
F35
0.199959
FOFL
0.199959
OFL
126475
Bzero
2.55416e+006
#pred survey bio
 3.37683e+006 3.32832e+006 3.20065e+006 2.83865e+006 2.68641e+006 2.62172e+006 2.47974e+006 2.27817e+006 1.96545e+006 1.58648e+006 1.35455e+006 1.22714e+006 1.16161e+006 1.11114e+006 1.04964e+006 931050 836039 737015 680709 673356 655317 645905 649121 624129 559346 541907 542008 531688 546514 547070 547243 547619 535165 545142 559977 571544 586646 572687 551141 537524 563957 590966 586418 598014 630508 673569 658806 599681 561370 570601 601156 649844 627265 560806 552170 553008 515700 515276 542313 588150 637036 622380 590867 559212 572136 615794 721958 1.86098e+007 1.70658e+007 1.71672e+007 1.74489e+007 1.78448e+007 1.82751e+007 1.86835e+007 1.90404e+007 1.93357e+007 1.95714e+007 1.97551e+007 1.98961e+007 2.00033e+007 2.00844e+007 2.01456e+007 2.0192e+007 2.0227e+007 2.02537e+007 2.0274e+007 2.02895e+007 2.03015e+007 2.03106e+007 2.03177e+007 2.03232e+007 2.03275e+007 2.03308e+007 2.03334e+007 2.03354e+007 2.0337e+007 2.03382e+007 2.03392e+007 2.03399e+007 2.03405e+007 2.0341e+007 2.03413e+007 2.03416e+007 2.03418e+007 2.0342e+007 2.03422e+007 2.03423e+007 2.03424e+007 2.03424e+007 2.03425e+007 2.03425e+007 2.03426e+007 2.03426e+007 2.03426e+007 2.03426e+007 2.03426e+007 2.03426e+007 2.03426e+007 2.03427e+007 2.03427e+007 2.03427e+007 2.03427e+007 2.03427e+007 2.03427e+007 2.03427e+007 2.03427e+007 2.03427e+007 2.03427e+007 2.03427e+007 2.03427e+007 2.03427e+007 2.03427e+007 2.03427e+007 2.03427e+007 2.03427e+007 2.03427e+007 2.03427e+007 2.03427e+007 2.03427e+007 2.03427e+007 2.03427e+007 2.03427e+007 2.03427e+007 2.03427e+007 2.03427e+007 2.03427e+007 2.03427e+007 2.03427e+007 2.03427e+007 2.03427e+007 2.03427e+007 2.03427e+007 2.03427e+007 2.03427e+007 2.03427e+007 2.03427e+007 2.03427e+007 2.03427e+007 2.03427e+007 2.03427e+007 2.03427e+007 2.03427e+007 2.03427e+007 2.03427e+007 2.03427e+007 2.03427e+007 2.03427e+007 0 0 0 0 0 0 0 0 0 0 0 0 0 0 0 0 0 0 0 0 0 0 0 0 0
#obs survey bio
 3.08634e+006 2.53109e+006 3.85684e+006 2.53558e+006 2.36706e+006 3.29821e+006 2.51293e+006 2.65862e+006 2.32041e+006 1.55468e+006 1.33549e+006 1.04376e+006 1.21451e+006 1.37888e+006 1.07785e+006 685641 906437 544057 604775 695492 608828 587908 617959 652166 561553 413406 545049 378635 596171 501450 620938 519994 549604 601702 684901 663365 895336 475520 508381 430729 421696 802970 668676 775951 468484 851146 730076 589184 424106 486746 642719 729340 534052 591573 741480 658657 478831 635476 492216 681832 509969 611028 469911 570546 422007 726206 740236
#pred catch bio
 99921.6 99205.9 162715 207649 226638 284254 281522 304908 302142 289777 291882 270963 262239 239813 226356 202416 179307 171550 141456 147070 140470 126083 118641 125777 104676 104813 110273 101211 98318.3 95609.5 98693.3 101211 92642.5 95275.5 96288.3 89697.9 86107.2 88653.6 82578.4 85491.3 91602 96446.8 87482.9 84993.8 88449.2 91435.7 85457.4 104580 92733.1 92617.9 82011.4 99794.4 138782 92715.9 67990.6 112391 92644.7 80219.2 81353.7 56045.3 110838 100830 112138 83645.4 93130 65797.6 101684 126475 126664 126324 127273 129316 131696 133962 135897 137439 138608 139464 140074 140500 140793 140992 141125 141214 141273 141312 141337 141354 141365 141372 141377 141380 141382 141383 141384 141384 141385 141385 141385 141385 141385 141385 141385 141385 141385 141385 141385 141385 141385 141385 141385 141385 141385 141385 141385 141385 141385 141385 141385 141385 141385 141385 141385 141385 141385 141385 141385 141385 141385 141385 141385 141385 141385 141385 141385 141385 141385 141385 141385 141385 141385 141385 141385 141385 141385 141385 141385 141385 141385 141385 141385 141385 141385 141385 141385 141385 141385 141385 141385 141385 141385 141385 141385 141385 141385 141385 141385 0 0 0 0 0 0 0 0 0 0 0 0 0 0 0 0 0 0 0 0 0 0 0 0 0
#obs catch bio
 0 98806.8 162830 208086 226739 284902 281299 304924 301433 289455 293189 272351 263952 240023 225545 202669 178652 172053 141496 147082 140641 126291 118384 125684 104595 104976 110225 101510 98182.4 95510.4 98781.7 101155 92621.8 95379 96393.9 89796.3 85944.8 88694.7 82412.7 85657.4 91733.7 96409.6 87420.7 84983 88619 91396.6 85124.4 104886 92764 92829.7 81939.2 99433.6 139539 92770.1 67503.7 112989 92688.5 80142.3 81822.6 55531.3 111535 100522 112519 83340.4 93627.2 65453.6 101922
#pred cpue bio
 3.34034e+006 3.29252e+006 3.16492e+006 2.80535e+006 2.65286e+006 2.58671e+006 2.44413e+006 2.24283e+006 1.93224e+006 1.55718e+006 1.3269e+006 1.19941e+006 1.13297e+006 1.08146e+006 1.01962e+006 902529 808813 712093 656787 649390 631670 622261 625328 601391 538763 521919 522077 512119 526448 527158 527481 528021 516111 525849 540375 551574 565045 549934 528220 515152 540651 566791 562567 573708 604985 646471 632615 576115 538927 547693 577013 624228 602707 537391 528568 530395 494585 494100 520392 564793 612854 598257 567371 536201 548779 590790 693791 1.79134e+007 1.64611e+007 1.65164e+007 1.67508e+007 1.71352e+007 1.75636e+007 1.79718e+007 1.83286e+007 1.86239e+007 1.88596e+007 1.90433e+007 1.91843e+007 1.92915e+007 1.93726e+007 1.94339e+007 1.94802e+007 1.95153e+007 1.95419e+007 1.95622e+007 1.95778e+007 1.95897e+007 1.95989e+007 1.9606e+007 1.96115e+007 1.96157e+007 1.9619e+007 1.96216e+007 1.96236e+007 1.96252e+007 1.96264e+007 1.96274e+007 1.96281e+007 1.96287e+007 1.96292e+007 1.96296e+007 1.96299e+007 1.96301e+007 1.96303e+007 1.96304e+007 1.96305e+007 1.96306e+007 1.96307e+007 1.96307e+007 1.96308e+007 1.96308e+007 1.96308e+007 1.96308e+007 1.96309e+007 1.96309e+007 1.96309e+007 1.96309e+007 1.96309e+007 1.96309e+007 1.96309e+007 1.96309e+007 1.96309e+007 1.96309e+007 1.96309e+007 1.96309e+007 1.96309e+007 1.96309e+007 1.96309e+007 1.96309e+007 1.96309e+007 1.96309e+007 1.96309e+007 1.96309e+007 1.96309e+007 1.96309e+007 1.96309e+007 1.96309e+007 1.96309e+007 1.96309e+007 1.96309e+007 1.96309e+007 1.96309e+007 1.96309e+007 1.96309e+007 1.96309e+007 1.96309e+007 1.96309e+007 1.96309e+007 1.96309e+007 1.96309e+007 1.96309e+007 1.96309e+007 1.96309e+007 1.96309e+007 1.96309e+007 1.96309e+007 1.96309e+007 1.96309e+007 1.96309e+007 1.96309e+007 1.96309e+007 1.96309e+007 1.96309e+007 1.96309e+007 1.96309e+007 1.96309e+007 0 0 0 0 0 0 0 0 0 0 0 0 0 0 0 0 0 0 0 0 0 0 0 0 0
#obs cpue bio
 3.57568e+006 4.6038e+006 3.825e+006 2.06806e+006 2.56683e+006 2.3486e+006 2.55208e+006 2.02089e+006 2.03904e+006 1.44441e+006 972659 1.17215e+006 944483 1.08388e+006 1.3758e+006 931172 986813 743528 692117 724301 625534 603948 806873 651860 458036 607036 643667 505867 659035 556279 418958 656706 439237 456294 447008 426603 471882 619911 643109 480228 731035 522066 459960 420138 666792 659491 660226 503328 655617 602888 491813 807288 595881 458314 490629 406386 499068 414637 424979 729992 634596 721316 631738 589185 583841 530281 727439
#pred surv len freq
 0.00420092 0.00693108 0.0106377 0.0153683 0.0210406 0.0273484 0.0337463 0.0396019 0.0444393 0.048091 0.0506604 0.0523748 0.0534595 0.0540871 0.0543782 0.0544221 0.0543003 0.0540851 0.0537836 0.0532243 0.0519611 0.0493271 0.0447198 0.0380113 0.0298
 0.00451104 0.0073456 0.0110985 0.0157724 0.0212772 0.0273521 0.0335335 0.0392616 0.044083 0.0477943 0.0504366 0.0521937 0.0532924 0.0539447 0.0543171 0.0545175 0.0545992 0.0545642 0.0543348 0.0536809 0.0521607 0.0491825 0.0442591 0.0373618 0.0291256
 0.00453379 0.00745516 0.01139 0.0163595 0.0222392 0.0286657 0.0350331 0.0406739 0.0451322 0.0483181 0.050438 0.0518015 0.0526735 0.0532358 0.0536089 0.0538738 0.0540706 0.0541758 0.054059 0.0534291 0.0518133 0.0486496 0.0435332 0.0365261 0.0283114
 0.00473577 0.00774563 0.0117633 0.0168029 0.0227571 0.0293028 0.035872 0.0417872 0.0465087 0.0498137 0.0518005 0.0527679 0.053082 0.0530791 0.0530071 0.0530019 0.0530919 0.0532049 0.0531479 0.0525675 0.0509488 0.0477291 0.0425481 0.0355314 0.0274026
 0.00489418 0.00803072 0.0122398 0.0175391 0.0237993 0.0306441 0.0374356 0.0434465 0.048137 0.0513264 0.0531501 0.053899 0.0538943 0.0534436 0.0528293 0.0522796 0.0519235 0.0517452 0.0515465 0.0509275 0.0493211 0.0461387 0.0410297 0.0341478 0.0262313
 0.00503989 0.00826768 0.0125991 0.0180564 0.0245154 0.0315999 0.0386579 0.0449269 0.0498142 0.0530856 0.0548463 0.0553919 0.0550709 0.0542167 0.0531252 0.0520422 0.0511394 0.0504673 0.0498905 0.0490394 0.0473414 0.0441863 0.0392069 0.0325467 0.0249258
 0.00528393 0.00865885 0.0131772 0.018854 0.0255521 0.0328741 0.0401399 0.04656 0.0515255 0.0547984 0.0564829 0.056868 0.0562914 0.0550814 0.0535413 0.0519356 0.0504654 0.0492252 0.0481379 0.0468954 0.0449728 0.0417817 0.0369488 0.0305865 0.0233618
 0.00546952 0.00897253 0.0136711 0.0195832 0.026562 0.0341808 0.0417125 0.0483173 0.0533532 0.0565785 0.0581179 0.058288 0.0574451 0.0559195 0.0540038 0.0519515 0.0499655 0.0481649 0.0465227 0.0448011 0.0425499 0.0392379 0.0345114 0.0284548 0.0216654
 0.00565634 0.00928752 0.0141666 0.0203167 0.0275859 0.0355251 0.0433652 0.0502142 0.0553828 0.0586009 0.0599897 0.0598854 0.0586787 0.0567369 0.0543774 0.0518593 0.0493779 0.0470493 0.0448674 0.0426495 0.0400256 0.0365432 0.031893 0.0261445 0.019821
 0.00592707 0.00972253 0.0148124 0.0212145 0.0287663 0.0369984 0.0451092 0.0521667 0.0574459 0.0606532 0.0619016 0.0615328 0.0599551 0.0575631 0.0547059 0.0516684 0.0486596 0.0458002 0.0430953 0.0403981 0.037405 0.0337432 0.0291589 0.0237191 0.0178775
 0.00612809 0.0100787 0.0154015 0.0221246 0.0300724 0.0387279 0.0472127 0.0545142 0.0598572 0.0629442 0.0639207 0.0631729 0.0611466 0.0582617 0.0548839 0.0513109 0.0477627 0.0443699 0.041154 0.0380015 0.0346661 0.0308462 0.0263424 0.0212229 0.0158761
 0.00640064 0.0105175 0.0160561 0.0230428 0.0312976 0.0402898 0.0491108 0.0566998 0.0622228 0.0653291 0.0661347 0.0650317 0.062507 0.0590412 0.0550567 0.0508884 0.0467719 0.0428428 0.0391316 0.0355514 0.0319061 0.0279568 0.0235514 0.0187582 0.0139031
 0.00665327 0.0109244 0.016661 0.0238835 0.0323985 0.0416519 0.0507028 0.0584583 0.0640644 0.0671658 0.0678793 0.0665926 0.063783 0.0599275 0.0554634 0.0507578 0.0460847 0.0416134 0.037403 0.033399 0.0294502 0.0253701 0.0210453 0.0165409 0.0121256
 0.00693453 0.0113695 0.017308 0.0247592 0.0335135 0.0429934 0.0522264 0.0600871 0.0657006 0.0687114 0.0692549 0.0677433 0.0646713 0.0605192 0.0557167 0.0506237 0.0455176 0.0405876 0.0359269 0.0315267 0.0272892 0.0230806 0.0188214 0.0145713 0.010546
 0.00718905 0.0117709 0.0178886 0.0255398 0.0344988 0.0441661 0.0535413 0.0614716 0.0670663 0.0699727 0.0703448 0.0686189 0.0653095 0.0609076 0.0558433 0.0504683 0.0450505 0.0397774 0.0347584 0.0300218 0.0255231 0.021184 0.0169615 0.012914 0.00921172
 0.00741829 0.0121449 0.0184527 0.0263339 0.0355454 0.045454 0.0550117 0.0630181 0.0685564 0.0712806 0.0713786 0.0693316 0.0656943 0.0609842 0.0556421 0.0500158 0.04436 0.0388483 0.0335864 0.0286189 0.0239387 0.0195146 0.0153394 0.0114751 0.00805614
 0.00745165 0.0122304 0.0186394 0.0266869 0.0361308 0.0463135 0.0561385 0.0643481 0.0699788 0.0726625 0.0725913 0.0702731 0.0663021 0.0612393 0.0555621 0.0496396 0.0437304 0.0379998 0.0325437 0.0274076 0.0226023 0.018127 0.0140016 0.0102923 0.00710719
 0.00755483 0.0123743 0.0188144 0.0268764 0.036325 0.0465273 0.0564191 0.0647625 0.0705817 0.0734614 0.0735302 0.0712432 0.0671748 0.0619022 0.0559431 0.0497131 0.0435084 0.0375159 0.0318394 0.0265279 0.0216007 0.0170723 0.0129769 0.0093816 0.0063733
 0.00768152 0.0125887 0.0191502 0.0273632 0.0369743 0.0473149 0.0572776 0.0655952 0.0712988 0.0740171 0.0739341 0.0715372 0.0673936 0.0620459 0.0559773 0.0495909 0.0431951 0.0370029 0.0311451 0.0256912 0.0206756 0.0161243 0.0120776 0.00859742 0.00575028
 0.00767098 0.0125614 0.0190924 0.0272615 0.0368256 0.0471387 0.0571199 0.0655178 0.0713543 0.0742261 0.0742789 0.0719771 0.0678852 0.0625526 0.0564631 0.0500113 0.0434976 0.0371396 0.0310887 0.025445 0.0202737 0.0156241 0.011548 0.00810428 0.00534202
 0.00777971 0.0127272 0.0193203 0.0275458 0.0371478 0.0474679 0.0574168 0.0657444 0.0714887 0.0742733 0.07427 0.0719534 0.0678793 0.0625775 0.0565127 0.0500657 0.0435274 0.0371104 0.0309686 0.0252165 0.0199425 0.0152214 0.0111224 0.0077072 0.00501301
 0.00786393 0.0128598 0.0195112 0.0277999 0.0374623 0.0478288 0.0577961 0.0661009 0.0717761 0.0744535 0.0743263 0.0718968 0.0677443 0.0624087 0.0563486 0.0499262 0.0434108 0.0369972 0.0308316 0.0250316 0.0196999 0.0149314 0.010813 0.00741415 0.00476681
 0.0078573 0.0128441 0.0194791 0.0277432 0.037376 0.0477166 0.0576737 0.065994 0.071712 0.07445 0.0743852 0.0720046 0.0678806 0.0625554 0.0564957 0.0500705 0.0435491 0.0371203 0.0309228 0.0250719 0.0196766 0.0148459 0.0106824 0.00726549 0.00462749
 0.00780323 0.0127599 0.0193593 0.0275847 0.0371789 0.0474846 0.0574164 0.0657294 0.0714673 0.0742586 0.0742794 0.072006 0.0679922 0.0627608 0.0567648 0.0503697 0.0438489 0.0373976 0.0311591 0.0252516 0.0197895 0.0148905 0.0106694 0.00721515 0.00456295
 0.00794216 0.0129711 0.0196491 0.0279478 0.0375975 0.0479294 0.0578469 0.0660968 0.071722 0.0743629 0.0742191 0.0717965 0.067675 0.0623905 0.0563939 0.0500358 0.0435701 0.0371752 0.0309835 0.0251085 0.0196646 0.0147742 0.0105585 0.00711297 0.00447587
 0.00785855 0.0128565 0.0195159 0.0278204 0.0375049 0.047894 0.0578756 0.0661798 0.0718388 0.0744903 0.074337 0.0718903 0.0677358 0.0624173 0.0563939 0.0500226 0.0435582 0.0371738 0.0309935 0.0251235 0.0196752 0.0147726 0.0105423 0.0070854 0.00444381
 0.00780151 0.0127628 0.0193745 0.0276245 0.037258 0.0476167 0.057608 0.0659741 0.0717409 0.0745209 0.0744826 0.0721107 0.067982 0.0626482 0.0565857 0.050169 0.0436656 0.0372538 0.0310567 0.0251754 0.019716 0.0147998 0.0105544 0.00708425 0.00443409
 0.00790685 0.0129138 0.0195638 0.0278309 0.0374512 0.0477654 0.057689 0.0659783 0.0716766 0.0744119 0.0743611 0.0720053 0.0679067 0.0625995 0.0565482 0.0501266 0.0436093 0.0371849 0.0309829 0.0251055 0.0196556 0.0147504 0.0105148 0.00705246 0.004409
 0.00787411 0.0128711 0.0195183 0.0277936 0.0374313 0.0477626 0.0576896 0.0659594 0.0716178 0.0743088 0.0742311 0.0718822 0.0678264 0.0625849 0.056601 0.0502291 0.0437343 0.037307 0.0310858 0.0251836 0.0197104 0.0147862 0.010536 0.00706297 0.00441232
 0.00789313 0.0128827 0.0195012 0.0277191 0.0372746 0.0475183 0.0573814 0.0656357 0.0713329 0.0741012 0.0741131 0.0718455 0.0678567 0.0626726 0.0567416 0.0504166 0.0439553 0.0375402 0.0313082 0.0253769 0.0198648 0.0149004 0.0106143 0.0071126 0.00444094
 0.00777895 0.0127242 0.0193113 0.0275233 0.037099 0.0473742 0.057257 0.0655037 0.0711711 0.0739117 0.073926 0.0717044 0.0677973 0.0627087 0.0568662 0.0506106 0.0441956 0.0378035 0.0315717 0.0256197 0.0200712 0.015062 0.0107309 0.00718988 0.00448785
 0.00773874 0.0126499 0.0191852 0.027328 0.0368278 0.0470423 0.0569067 0.0651932 0.070951 0.0738015 0.0739095 0.0717466 0.067869 0.062801 0.0569863 0.0507686 0.0443935 0.0380321 0.0318136 0.0258548 0.0202813 0.0152347 0.010861 0.0072795 0.0045441
 0.0078211 0.0127675 0.0193308 0.0274824 0.0369619 0.0471236 0.0569078 0.0651009 0.0707731 0.0735681 0.0736635 0.0715278 0.0677001 0.0626849 0.0569158 0.0507373 0.0444002 0.038077 0.0318927 0.0259574 0.020392 0.0153383 0.0109468 0.00734285 0.00458593
 0.00771216 0.0126155 0.0191481 0.0272941 0.0367969 0.0470004 0.0568244 0.0650365 0.0707004 0.07347 0.0735437 0.07141 0.0676169 0.0626632 0.0569659 0.0508524 0.0445632 0.038269 0.0320975 0.0261612 0.0205825 0.0155042 0.0110801 0.00744068 0.00465115
 0.00778259 0.0126935 0.0191997 0.0272704 0.0366528 0.0467215 0.0564442 0.064629 0.0703487 0.0732293 0.0734239 0.0713847 0.0676497 0.0627296 0.0570599 0.0509781 0.0447235 0.0384591 0.0323054 0.0263716 0.0207803 0.015677 0.0112197 0.0075444 0.00472136
 0.00856144 0.0138032 0.0205778 0.028755 0.0380211 0.0477587 0.0570044 0.0646642 0.0699054 0.072426 0.0724171 0.070329 0.0666618 0.0618724 0.0563496 0.0504061 0.0442751 0.0381214 0.0320661 0.026216 0.0206908 0.0156347 0.0112069 0.00754664 0.00472892
 0.00917198 0.0147888 0.0220379 0.0307493 0.0405247 0.0506098 0.0598792 0.0671228 0.0715186 0.072928 0.0717955 0.0688044 0.0645808 0.0595827 0.0541169 0.0483885 0.0425405 0.0366814 0.0309056 0.0253097 0.0200091 0.0151449 0.0108735 0.00733351 0.00460192
 0.00915462 0.0148433 0.0222735 0.0313198 0.0415904 0.0522718 0.0621132 0.0697448 0.074202 0.0752691 0.0734126 0.0694412 0.064179 0.0582898 0.0522227 0.0462239 0.0403879 0.034729 0.0292481 0.0239738 0.0189815 0.0143915 0.0103503 0.00699202 0.00439432
 0.00892365 0.0145121 0.0218626 0.0308909 0.0412481 0.0521559 0.0623784 0.0705225 0.075545 0.0770977 0.0754952 0.0714351 0.0657249 0.0591224 0.0522491 0.0455351 0.0392053 0.0333181 0.02784 0.0227239 0.0179657 0.0136248 0.00980976 0.00663657 0.00417727
 0.00881267 0.0143116 0.021527 0.0303746 0.0405284 0.0512651 0.0614284 0.0697016 0.0750759 0.0771695 0.0761949 0.0727043 0.0673598 0.0608216 0.0536988 0.046503 0.0396031 0.0332065 0.02738 0.0221045 0.0173434 0.0130961 0.00941221 0.00636661 0.00401029
 0.0086724 0.0141078 0.021263 0.0300636 0.0401832 0.050886 0.061002 0.0692178 0.0745578 0.0766967 0.0758987 0.0727261 0.0677876 0.061637 0.0547647 0.047603 0.0405176 0.0337889 0.0275962 0.0220221 0.0170842 0.012781 0.00912631 0.00614963 0.00386677
 0.00863165 0.0140296 0.021125 0.0298417 0.0398618 0.0504712 0.0605281 0.0687389 0.0741276 0.0763506 0.0756545 0.0726031 0.067823 0.0618782 0.0552351 0.0482659 0.041268 0.0344856 0.0281177 0.0223118 0.0171608 0.0127136 0.00899555 0.006017 0.00376377
 0.00880388 0.0142726 0.0214211 0.0301484 0.0401205 0.0506232 0.0605309 0.0685771 0.0738164 0.0759325 0.075189 0.0721529 0.0674441 0.0616163 0.0551249 0.048324 0.0414789 0.0347939 0.0284398 0.0225672 0.0173033 0.0127439 0.00894874 0.0059384 0.00368817
 0.00882154 0.0143124 0.0214998 0.0302832 0.0403189 0.0508689 0.060777 0.0687543 0.0738574 0.0758012 0.0748974 0.0717566 0.0670206 0.0612409 0.0548541 0.0481893 0.0414854 0.03492 0.02864 0.0227825 0.0174806 0.0128535 0.00899043 0.00593272 0.00366118
 0.00880761 0.0142839 0.0214473 0.0301979 0.0401984 0.0507247 0.0606355 0.0686485 0.0738092 0.0758065 0.0749254 0.0717667 0.0669869 0.0611663 0.0547688 0.0481347 0.0414956 0.0350085 0.0287954 0.0229734 0.0176675 0.0130036 0.00908854 0.00598219 0.00367691
 0.00868017 0.0141017 0.0212187 0.0299454 0.0399506 0.0505051 0.0604559 0.0685107 0.0737142 0.07576 0.0749357 0.0718351 0.0671001 0.0613002 0.0549006 0.0482556 0.0416135 0.035139 0.028949 0.0231462 0.0178422 0.0131581 0.00920613 0.00605827 0.00371781
 0.00864624 0.0140325 0.0210905 0.0297319 0.0396351 0.0500957 0.0599952 0.0680687 0.0733646 0.0755534 0.0748852 0.0719212 0.0672869 0.0615494 0.0551787 0.0485364 0.0418804 0.0353861 0.0291777 0.0233588 0.018036 0.0133252 0.00933793 0.00615111 0.00377522
 0.00854855 0.0138915 0.0209102 0.0295243 0.0394131 0.0498643 0.0597486 0.0677979 0.0730727 0.0752665 0.0746493 0.0717854 0.0672815 0.0616749 0.0554087 0.0488309 0.0422001 0.0357008 0.0294691 0.023618 0.0182589 0.0135091 0.00948078 0.00625341 0.00384148
 0.00861351 0.0140095 0.0211097 0.0298374 0.0398646 0.0504553 0.0604417 0.0685133 0.0737018 0.0756999 0.0748091 0.0716489 0.0668877 0.0611087 0.0547717 0.048211 0.0416541 0.0352535 0.0291225 0.0233627 0.018081 0.0133933 0.00941138 0.00621542 0.00382242
 0.00865426 0.0140578 0.0211511 0.029852 0.0398385 0.0503953 0.0603824 0.0685089 0.0738004 0.0759151 0.0751059 0.071954 0.0671191 0.0612087 0.054727 0.0480508 0.0414314 0.0350221 0.0289205 0.0232078 0.017975 0.0133284 0.00937655 0.00619976 0.00381713
 0.00863957 0.0140411 0.0211381 0.0298496 0.0398497 0.0504137 0.0603922 0.068493 0.0737555 0.0758614 0.0750815 0.0719932 0.0672292 0.0613615 0.0548721 0.048142 0.041448 0.0349733 0.0288345 0.0231155 0.0178977 0.0132749 0.00934553 0.0061851 0.00381207
 0.00847345 0.0137778 0.020756 0.0293376 0.0392143 0.049687 0.0596361 0.067793 0.0732003 0.0755196 0.0749867 0.072145 0.0676008 0.0619067 0.0555278 0.0488343 0.0421051 0.0355419 0.0292897 0.0234593 0.0181478 0.013453 0.00947016 0.00626974 0.00386674
 0.00866695 0.0140486 0.0210819 0.0296687 0.0394851 0.0498365 0.0596268 0.0676191 0.0728867 0.0751138 0.074549 0.0717365 0.0672733 0.061694 0.0554414 0.0488629 0.0422176 0.0356967 0.0294472 0.0235922 0.0182458 0.0135186 0.00951181 0.00629585 0.00388314
 0.00907814 0.0147389 0.0221546 0.0312148 0.0415406 0.0523268 0.0623281 0.0701782 0.0749108 0.0762923 0.0747428 0.0709972 0.065797 0.0597481 0.0532958 0.0467419 0.0402771 0.0340216 0.0280646 0.0224917 0.0173989 0.012891 0.00906824 0.00600052 0.00370021
 0.00874141 0.014253 0.0215422 0.030549 0.0409407 0.05194 0.0622999 0.070612 0.0758203 0.077569 0.0761666 0.0722984 0.0667462 0.0602257 0.053311 0.0464014 0.0397294 0.0334064 0.0274827 0.0219979 0.0170109 0.0126038 0.00886689 0.00586723 0.0036177
 0.00835376 0.013608 0.0205503 0.0291352 0.0390824 0.0497174 0.0599324 0.0684433 0.0742369 0.0768799 0.0765006 0.0735649 0.0686714 0.0624441 0.0554736 0.0482616 0.0411778 0.0344516 0.0282011 0.0224827 0.0173395 0.0128283 0.00901869 0.00596616 0.00367838
 0.00861348 0.0140062 0.0210998 0.0298183 0.0398395 0.0504405 0.0604734 0.06865 0.0740152 0.076253 0.0756232 0.0726718 0.0679823 0.0620776 0.0554147 0.0483929 0.0413502 0.0345517 0.0281843 0.0223661 0.0171713 0.0126569 0.00887505 0.00586177 0.00361085
 0.00861162 0.0140153 0.0211355 0.0299021 0.0399914 0.0506675 0.0607565 0.0689376 0.0742292 0.0763106 0.0754711 0.0723192 0.0675125 0.0616223 0.0550992 0.048281 0.0414222 0.0347267 0.0283685 0.0224954 0.0172267 0.0126539 0.00884207 0.00582284 0.00357909
 0.0085879 0.0139516 0.0209955 0.0296423 0.03958 0.0501089 0.0601085 0.0683039 0.0737247 0.0760154 0.0754013 0.0724296 0.0677289 0.0618837 0.0553829 0.0485994 0.0417941 0.0351481 0.0288039 0.0228933 0.0175452 0.0128773 0.00897984 0.00589808 0.00361581
 0.00858035 0.0139347 0.0209599 0.0295724 0.0394524 0.0498952 0.0597829 0.067858 0.0731839 0.0754464 0.0748991 0.0720858 0.0675967 0.0619606 0.0556238 0.0489452 0.0421968 0.0355764 0.0292335 0.0232972 0.0178945 0.0131506 0.00917171 0.00601848 0.00368346
 0.00844508 0.0136922 0.0205553 0.0289462 0.0385608 0.048739 0.0584299 0.0664403 0.0718665 0.0743835 0.0742017 0.0718118 0.0677549 0.0625165 0.0565036 0.0500451 0.0434011 0.0367791 0.0303525 0.0242776 0.0187048 0.0137791 0.00962535 0.00632047 0.00386755
 0.00867465 0.0140822 0.0211677 0.0298334 0.0397358 0.0501363 0.0598835 0.0677053 0.0726902 0.0745945 0.0737678 0.0708401 0.0664434 0.0610899 0.055159 0.0489185 0.0425561 0.0362147 0.0300246 0.0241227 0.0186599 0.0137923 0.00965984 0.0063548 0.00389266
 0.00870221 0.0141402 0.0212813 0.0300396 0.0400797 0.0506614 0.0606125 0.0686167 0.0736984 0.0755492 0.0744845 0.0711576 0.066284 0.0604898 0.0542523 0.0478867 0.0415697 0.0353917 0.0294163 0.0237237 0.0184298 0.0136788 0.00961524 0.00634404 0.00389452
 0.00876776 0.0142628 0.0214952 0.0303856 0.0405948 0.0513631 0.0614852 0.069609 0.0747318 0.0765307 0.0753134 0.0717296 0.0665032 0.0602945 0.0536448 0.0469472 0.0404402 0.0342354 0.0283721 0.0228764 0.0178049 0.0132563 0.0093518 0.00619169 0.00381246
 0.00869838 0.0141254 0.0212463 0.0299789 0.0400046 0.0506144 0.0606743 0.0688923 0.0742804 0.0764701 0.0756799 0.0724607 0.067459 0.0612968 0.054522 0.0475761 0.0407739 0.0343058 0.0282654 0.0226936 0.0176261 0.013124 0.00927392 0.00615605 0.00380152
 0.00871898 0.0141587 0.0212937 0.0300353 0.0400522 0.050619 0.0605899 0.0686803 0.0739387 0.0760542 0.0752973 0.0722323 0.0674673 0.0615485 0.0549451 0.0480507 0.0411796 0.0345636 0.0283575 0.0226552 0.0175183 0.0130042 0.00917731 0.00609359 0.00376826
 0.00818349 0.0133522 0.020201 0.0286889 0.0385284 0.0490253 0.0590534 0.0673348 0.0729054 0.075421 0.0751078 0.072491 0.0681502 0.0626057 0.0562937 0.0495698 0.0427223 0.0359866 0.0295552 0.0235804 0.0181807 0.0134501 0.00946416 0.00627229 0.0038762
#obs surv len freq
 nan nan nan nan nan nan nan nan nan nan nan nan nan nan nan nan nan nan nan nan nan nan nan nan nan
 0.00448842 0.00735125 0.0111823 0.0159987 0.0216983 0.0279718 0.0342834 0.0400125 0.0446904 0.0481534 0.0505111 0.0520071 0.0528997 0.0534125 0.0537271 0.0539823 0.0542611 0.0545539 0.0546927 0.0542847 0.0527228 0.0493551 0.043805 0.0362852 0.0276691
 0.00461657 0.00756323 0.0115076 0.0164659 0.0223275 0.0287636 0.0352082 0.0410081 0.0456719 0.0490303 0.0512054 0.0524645 0.0530939 0.0533446 0.0534205 0.0534749 0.0535966 0.0537753 0.053839 0.0533928 0.0518318 0.0485082 0.0430473 0.035655 0.0271874
 0.00477932 0.00782894 0.0119098 0.017037 0.0230931 0.0297327 0.0363625 0.0422954 0.0470096 0.0503171 0.0523361 0.0533439 0.0536493 0.0535337 0.0532355 0.0529395 0.052758 0.0526945 0.0525832 0.0520329 0.0504434 0.0471721 0.0418438 0.0346503 0.0264182
 0.00496948 0.00813982 0.0123809 0.0177063 0.0239897 0.0308659 0.0377097 0.043798 0.0485805 0.0518552 0.0537394 0.0545166 0.0545054 0.0540027 0.0532701 0.0525226 0.0519069 0.0514585 0.0510392 0.0502795 0.0485968 0.0453602 0.0401926 0.0332625 0.0253516
 0.00518142 0.00848682 0.0129078 0.0184563 0.0249969 0.0321415 0.0392292 0.0454957 0.0503585 0.0536017 0.0553454 0.0558852 0.055553 0.0546584 0.0534757 0.0522372 0.0511144 0.0501769 0.0493274 0.0482406 0.0463748 0.0431274 0.0381254 0.0315077 0.0239946
 0.00540281 0.00885077 0.0134631 0.0192513 0.0260703 0.0335079 0.040864 0.0473297 0.0522872 0.0555048 0.0571057 0.0573993 0.0567349 0.0554376 0.0537946 0.0520498 0.0503895 0.0489083 0.0475488 0.0460408 0.0439037 0.0405852 0.0357304 0.0294496 0.02239
 0.00565082 0.00925459 0.0140722 0.0201127 0.02722 0.0349582 0.0425885 0.0492577 0.0543121 0.0575035 0.058957 0.058996 0.0579879 0.0562758 0.054162 0.0519017 0.049692 0.0476447 0.0457358 0.0437501 0.0412782 0.0378351 0.0331003 0.0271624 0.0205907
 0.00588737 0.00964396 0.0146671 0.0209651 0.0283711 0.0364219 0.0443356 0.051211 0.0563584 0.0595162 0.0608164 0.0605999 0.0592528 0.0571347 0.0545607 0.0517956 0.049045 0.0464343 0.0439678 0.0414818 0.0386398 0.0350327 0.0303863 0.0247768 0.0186975
 0.00612768 0.0100376 0.0152653 0.0218179 0.029518 0.0378777 0.0460741 0.0531587 0.0584038 0.0615301 0.0626735 0.0621919 0.0604945 0.0579631 0.0549302 0.0516715 0.0483986 0.0452454 0.0422385 0.0392594 0.0360417 0.0322538 0.0276741 0.0223748 0.0167781
 0.0063612 0.0104207 0.0158481 0.0226493 0.0306364 0.0392956 0.0477636 0.0550456 0.0603783 0.0634678 0.0644551 0.0637148 0.0616768 0.0587433 0.0552648 0.05153 0.0477591 0.0440941 0.0405796 0.0371357 0.033559 0.0295913 0.0250647 0.0200523 0.0149128
 0.00661685 0.0108369 0.0164754 0.0235347 0.031814 0.0407718 0.0495021 0.0569626 0.0623544 0.0653713 0.0661642 0.0651308 0.0627277 0.0593811 0.0554606 0.0512674 0.0470286 0.0428925 0.0389178 0.0350571 0.0311614 0.0270385 0.0225705 0.0178332 0.0131286
 0.00683582 0.0112023 0.0170426 0.0243601 0.0329423 0.0422168 0.0512272 0.0588763 0.0643252 0.0672559 0.067833 0.0664827 0.0636932 0.05992 0.0555554 0.0509158 0.0462361 0.0416698 0.0372861 0.0330633 0.0288975 0.0246525 0.0202535 0.0157784 0.0114783
 0.00708082 0.0115977 0.0176325 0.0251845 0.0340306 0.0435766 0.0528314 0.0606555 0.066173 0.0690443 0.0694331 0.0677818 0.0646074 0.0603997 0.0555829 0.0504976 0.0453926 0.0404284 0.0356828 0.0311531 0.0267705 0.0224431 0.0181297 0.0139077 0.0099824
 0.00728834 0.011944 0.0181697 0.0259646 0.0350926 0.0449274 0.0544284 0.0624045 0.0679466 0.070711 0.0708801 0.068924 0.0653854 0.0607761 0.0555408 0.0500392 0.0445368 0.0392074 0.0341409 0.0293527 0.0248014 0.0204286 0.0162165 0.0122377 0.00865549
 0.00743826 0.0121905 0.0185466 0.0265067 0.0358312 0.0458806 0.0555898 0.0637346 0.0693724 0.0721351 0.0721955 0.0700299 0.0662012 0.0612481 0.0556423 0.0497653 0.0438993 0.0382318 0.0328679 0.0278426 0.0231398 0.0187275 0.0146043 0.0108347 0.00754408
 0.00753216 0.0123434 0.0187775 0.0268346 0.0362728 0.0464471 0.0562817 0.0645395 0.0702648 0.0730781 0.0731413 0.0709201 0.0669689 0.0618251 0.0559692 0.0498002 0.0436222 0.0376455 0.0319978 0.026738 0.0218764 0.017405 0.0133353 0.00972293 0.00666042
 0.0075738 0.0124049 0.018859 0.0269342 0.0363898 0.0465858 0.056455 0.0647673 0.0705691 0.0734755 0.0736357 0.0714969 0.0675923 0.0624394 0.0565049 0.0501848 0.0437931 0.0375618 0.0316481 0.0261444 0.0210947 0.0165189 0.0124434 0.00891831 0.00600896
 0.00765368 0.0125285 0.0190327 0.0271585 0.0366576 0.046882 0.0567571 0.06505 0.0708133 0.0736769 0.0738079 0.0716654 0.0677807 0.0626563 0.0567349 0.0503892 0.0439179 0.0375522 0.0314643 0.0257752 0.0205641 0.0158841 0.0117818 0.00830793 0.00550767
 0.00772285 0.0126357 0.0191841 0.0273557 0.0368969 0.0471538 0.0570448 0.0653305 0.0710608 0.0738698 0.0739361 0.071734 0.0678092 0.0626704 0.0567553 0.0504202 0.0439421 0.0375339 0.0313624 0.0255599 0.0202316 0.0154616 0.0113212 0.00786871 0.00513849
 0.00778743 0.0127349 0.0193226 0.0275337 0.0371098 0.0473924 0.0572954 0.0655754 0.0712805 0.0740465 0.0740573 0.0717951 0.0678141 0.0626315 0.0566906 0.0503466 0.0438677 0.0374522 0.0312532 0.0253993 0.0200052 0.0151756 0.0110031 0.00755816 0.0048718
 0.00781435 0.0127774 0.019384 0.0276159 0.0372129 0.0475139 0.0574294 0.0657133 0.0714125 0.0741642 0.0741545 0.0718679 0.0678603 0.0626509 0.0566853 0.0503216 0.0438282 0.0374 0.0311831 0.0253004 0.0198674 0.0149984 0.0108 0.00735342 0.00469076
 0.00785127 0.0128307 0.0194518 0.0276925 0.0372908 0.0475864 0.0574936 0.0657695 0.0714631 0.0742114 0.0741988 0.0719083 0.0678946 0.062676 0.0566985 0.0503209 0.0438131 0.03737 0.0311365 0.0252332 0.0197756 0.014882 0.0106664 0.00721703 0.0045681
 0.00787236 0.0128646 0.019502 0.0277609 0.0373761 0.0476831 0.0575906 0.0658531 0.0715213 0.0742391 0.0741999 0.0718928 0.0678734 0.0626564 0.0566825 0.0503065 0.0437962 0.0373462 0.031102 0.0251847 0.0197108 0.0148015 0.0105752 0.00712426 0.00448433
 0.00787416 0.0128638 0.0194941 0.0277402 0.0373383 0.0476282 0.0575252 0.065789 0.071471 0.0742112 0.0741968 0.071912 0.0679109 0.0627087 0.0567463 0.0503774 0.0438678 0.0374111 0.0311527 0.0252153 0.0197182 0.0147861 0.0105416 0.00708046 0.00443941
 0.00788735 0.0128819 0.0195151 0.0277594 0.037349 0.0476234 0.0574995 0.0657406 0.0714039 0.0741351 0.0741254 0.0718588 0.0678849 0.0627122 0.056776 0.0504265 0.0439282 0.0374743 0.0312104 0.0252603 0.0197454 0.0147941 0.0105328 0.00706038 0.00441494
 0.00788385 0.0128736 0.0194976 0.0277273 0.0372971 0.0475487 0.0574034 0.0656296 0.071288 0.074026 0.0740349 0.0717975 0.067861 0.0627297 0.0568335 0.0505169 0.0440404 0.0375951 0.0313273 0.0253625 0.0198257 0.0148492 0.0105639 0.0070724 0.00441464
 0.00789433 0.012889 0.0195174 0.0277495 0.0373176 0.0475618 0.0574024 0.0656079 0.0712417 0.0739563 0.0739484 0.0717056 0.0677772 0.0626666 0.0568001 0.0505172 0.0440722 0.0376512 0.0313969 0.0254341 0.0198892 0.014898 0.0105958 0.00708911 0.00442037
 0.00792041 0.012926 0.0195632 0.0277984 0.0373622 0.0475951 0.0574194 0.0656063 0.0712207 0.0739161 0.0738906 0.0716337 0.0676976 0.0625886 0.0567341 0.0504721 0.0440536 0.0376592 0.0314266 0.0254768 0.0199351 0.0149388 0.0106266 0.00710852 0.00443026
 0.00784667 0.0128163 0.0194171 0.027622 0.0371667 0.0473933 0.0572242 0.0654303 0.0710769 0.0738163 0.0738438 0.0716433 0.0677601 0.0626946 0.0568714 0.0506291 0.0442208 0.0378295 0.0315933 0.0256327 0.0200727 0.0150521 0.0107123 0.0071676 0.00446691
 0.00784787 0.0128039 0.0193726 0.0275216 0.0369895 0.0471343 0.0569025 0.0650876 0.0707643 0.0735773 0.0737024 0.071603 0.0678102 0.0628176 0.0570477 0.0508397 0.0444485 0.0380594 0.0318134 0.0258337 0.0202472 0.0151948 0.0108211 0.00724406 0.00451591
 0.00781731 0.0127582 0.0193105 0.0274419 0.0368887 0.0470036 0.0567294 0.0648624 0.0704907 0.0732793 0.0734225 0.071389 0.0676984 0.0628221 0.0571593 0.0510338 0.0446944 0.0383281 0.0320809 0.0260817 0.0204632 0.0153714 0.010956 0.0073394 0.00457778
 0.00780551 0.0127343 0.0192659 0.0273671 0.0367758 0.0468513 0.0565454 0.0646611 0.0702868 0.0730833 0.0732403 0.0712286 0.0675754 0.0627575 0.0571721 0.0511306 0.0448661 0.0385526 0.0323303 0.0263293 0.0206881 0.01556 0.0111023 0.00744408 0.00464648
 0.00776646 0.0126734 0.0191791 0.0272515 0.0366301 0.0466759 0.0563433 0.0644405 0.0700616 0.0728718 0.0730616 0.0710977 0.0675008 0.0627427 0.0572185 0.0512392 0.0450346 0.0387715 0.0325817 0.0265897 0.0209336 0.0157719 0.01127 0.00756575 0.00472712
 0.0077329 0.012618 0.0190943 0.0271305 0.036469 0.0464764 0.0561154 0.0642012 0.0698316 0.0726698 0.0729016 0.0709882 0.0674466 0.062746 0.0572791 0.0513544 0.0451994 0.0389781 0.0328178 0.026838 0.021174 0.0159855 0.0114437 0.0076946 0.00481402
 0.00932501 0.0148456 0.0217805 0.0298882 0.0388131 0.0480036 0.0566464 0.0638082 0.0687555 0.071199 0.0712811 0.069386 0.0659599 0.0614226 0.0561374 0.0503974 0.0444217 0.0383695 0.0323637 0.0265191 0.0209664 0.0158624 0.0113788 0.00766521 0.00480349
 0.00932545 0.0151392 0.0227384 0.0319684 0.0423609 0.0529813 0.0624623 0.0694129 0.0730136 0.0733362 0.0711402 0.0673678 0.0627472 0.0576886 0.0523786 0.0469061 0.0413371 0.03574 0.0301921 0.0247851 0.0196348 0.014886 0.0107006 0.00722273 0.00453448
 0.00897988 0.014598 0.0219837 0.0310544 0.0414659 0.0524419 0.0627322 0.0709 0.0758344 0.077134 0.0751302 0.0706343 0.0646243 0.0579906 0.0513685 0.0450797 0.0391898 0.0336331 0.0283294 0.0232504 0.01844 0.0140048 0.0100871 0.00682222 0.00429123
 0.00879041 0.014281 0.0214913 0.0303402 0.0405042 0.0512607 0.0614551 0.0697724 0.0752015 0.0773443 0.0763788 0.0728187 0.0673148 0.0605696 0.0532791 0.0460366 0.0392345 0.0330331 0.0274151 0.0222918 0.0175993 0.0133486 0.00961931 0.00651481 0.00410481
 0.00872233 0.0141628 0.0212984 0.0300426 0.0400701 0.0506653 0.060694 0.0688795 0.0742672 0.0765272 0.0758937 0.0728812 0.0680471 0.0619092 0.0549581 0.0476684 0.0404712 0.033698 0.0275373 0.02204 0.0171772 0.0129161 0.00926398 0.0062629 0.00394601
 0.0087045 0.0141291 0.0212384 0.029942 0.0399115 0.050431 0.060369 0.0684559 0.0737502 0.0759452 0.0753104 0.0724032 0.0678106 0.0620372 0.0554966 0.0485391 0.0414797 0.0346081 0.0281697 0.022336 0.0171937 0.0127689 0.00906559 0.0060857 0.0038187
 0.00868788 0.0141023 0.0211981 0.0298846 0.0398325 0.0503246 0.0602284 0.0682735 0.0735194 0.0756631 0.0749837 0.0720566 0.0674945 0.0618266 0.0554729 0.048754 0.0419189 0.0351804 0.0287386 0.0227783 0.0174492 0.0128508 0.00903371 0.0060071 0.00374038
 0.00868397 0.0140977 0.0211942 0.0298833 0.0398351 0.0503299 0.0602313 0.0682646 0.073486 0.0755918 0.074864 0.0718852 0.0672816 0.0616007 0.0552814 0.048653 0.041951 0.0353507 0.0290048 0.0230654 0.0176839 0.0129928 0.00908493 0.00599749 0.00370537
 0.00867441 0.0140818 0.02117 0.0298492 0.039791 0.0502783 0.0601774 0.0682154 0.0734469 0.0755634 0.0748398 0.0718542 0.0672324 0.0615291 0.055196 0.048577 0.0419164 0.0353839 0.0291109 0.0232221 0.0178501 0.0131289 0.00916979 0.00603319 0.00370847
 0.00865339 0.0140488 0.0211226 0.0297861 0.0397123 0.0501864 0.0600777 0.0681163 0.0733591 0.075497 0.0748019 0.0718453 0.0672464 0.061555 0.0552233 0.0486018 0.0419444 0.0354283 0.0291836 0.023324 0.0179679 0.0132407 0.00925663 0.00608723 0.00373379
 0.00864639 0.014037 0.0211038 0.0297582 0.0396736 0.0501361 0.0600171 0.068049 0.0732903 0.075433 0.074749 0.0718088 0.0672294 0.061557 0.0552405 0.0486287 0.0419774 0.0354678 0.0292333 0.0233869 0.0180414 0.0133159 0.00932214 0.00613501 0.00376238
 0.00862685 0.0140079 0.021065 0.0297112 0.0396209 0.0500804 0.0599606 0.0679935 0.0732379 0.0753862 0.0747108 0.0717826 0.067218 0.0615622 0.055262 0.0486641 0.042023 0.0355202 0.0292906 0.0234482 0.018105 0.0133778 0.00937677 0.00617748 0.00379087
 0.0086182 0.0139934 0.0210427 0.0296792 0.0395785 0.0500289 0.0599042 0.0679381 0.0731897 0.0753493 0.0746863 0.0717693 0.0672142 0.0615671 0.0552757 0.0486871 0.0420551 0.0355601 0.0293364 0.0234976 0.0181555 0.0134264 0.00941983 0.00621192 0.00381526
 0.00862491 0.0140026 0.0210531 0.0296884 0.0395834 0.0500263 0.0598916 0.0679151 0.0731576 0.0753117 0.0746477 0.0717342 0.0671858 0.0615468 0.0552639 0.0486839 0.0420604 0.0355738 0.0293578 0.0235251 0.0181869 0.0134587 0.00944976 0.00623688 0.00383377
 0.00859979 0.0139664 0.0210074 0.0296373 0.0395324 0.0499802 0.059853 0.0678839 0.0731327 0.0752921 0.0746338 0.0717274 0.0671879 0.061559 0.055286 0.0487143 0.0420971 0.0356146 0.0294008 0.0235686 0.018229 0.0134973 0.00948297 0.00626325 0.00385285
 0.00859979 0.0139664 0.0210074 0.0296373 0.0395324 0.0499802 0.059853 0.0678839 0.0731327 0.0752921 0.0746338 0.0717274 0.0671879 0.061559 0.055286 0.0487143 0.0420971 0.0356146 0.0294008 0.0235686 0.018229 0.0134973 0.00948297 0.00626325 0.00385285
 0.00855959 0.0138986 0.0209014 0.0294837 0.0393269 0.0497296 0.0595787 0.0676198 0.0729164 0.0751527 0.0745845 0.0717642 0.0672951 0.0617161 0.0554728 0.0489135 0.0422951 0.0358013 0.0295693 0.0237148 0.0183509 0.0135946 0.00955675 0.00631588 0.00388776
 0.00861457 0.0139832 0.0210191 0.0296323 0.0394972 0.0499037 0.0597309 0.0677216 0.0729452 0.0751014 0.0744646 0.0716017 0.0671199 0.0615529 0.0553363 0.0488091 0.0422217 0.0357546 0.0295438 0.0237049 0.0183516 0.0136015 0.00956643 0.00632565 0.00389598
 0.00906113 0.0146923 0.0220513 0.0310227 0.0412366 0.0519164 0.061857 0.0697274 0.0745694 0.0761247 0.074767 0.0711841 0.0660888 0.0600811 0.0536191 0.047026 0.0405138 0.0342165 0.0282277 0.02263 0.0175137 0.0129804 0.00913139 0.00603994 0.0037215
 0.00878597 0.0143088 0.0215943 0.0305702 0.0408957 0.0517947 0.0620341 0.0702329 0.0753714 0.0771277 0.075825 0.0721319 0.0667836 0.0604393 0.0536321 0.0467512 0.0400471 0.0336614 0.0276712 0.0221316 0.0171043 0.0126686 0.00891024 0.00589419 0.00363264
 0.00851129 0.0138337 0.020833 0.0294431 0.039369 0.0499335 0.0600371 0.0684115 0.0740649 0.0765891 0.0761384 0.0731969 0.0683644 0.0622451 0.0553952 0.0482813 0.0412513 0.034534 0.0282626 0.0225138 0.0173452 0.0128195 0.00900487 0.00595304 0.0036682
 0.00879238 0.0142471 0.0213694 0.0300536 0.0399638 0.0503906 0.0602242 0.0682249 0.0734796 0.0756957 0.075134 0.0723205 0.0678054 0.0620752 0.0555582 0.048637 0.041644 0.0348476 0.0284458 0.0225725 0.0173179 0.0127514 0.00893089 0.00589217 0.00362614
 0.00867611 0.0141004 0.0212255 0.0299653 0.0399836 0.0505401 0.0604698 0.0684772 0.0736211 0.0756277 0.0748224 0.0718199 0.0672473 0.0616207 0.0553334 0.0486842 0.0419137 0.0352328 0.0288336 0.0228855 0.0175279 0.012869 0.00898428 0.00591002 0.00362863
 0.00854495 0.0138741 0.0208647 0.0294361 0.0392776 0.0496994 0.0595985 0.067721 0.0731142 0.0754341 0.0749099 0.0720864 0.0675814 0.0619579 0.0556748 0.0490721 0.0423853 0.0357845 0.0294171 0.0234323 0.0179814 0.0132034 0.00920546 0.00604235 0.00370091
 0.00859589 0.0139446 0.0209463 0.0295083 0.0393079 0.0496476 0.0594274 0.0674132 0.0726899 0.0749571 0.0744708 0.0717662 0.0674169 0.0619341 0.0557478 0.0492042 0.0425631 0.0360111 0.0296904 0.0237308 0.0182689 0.0134459 0.0093846 0.00615886 0.00376802
 0.00833981 0.0135508 0.0203963 0.0288021 0.0384656 0.0487094 0.058453 0.0664774 0.071872 0.0743275 0.0740825 0.0716531 0.0675924 0.0623842 0.0564263 0.0500374 0.0434677 0.0369147 0.0305408 0.0244932 0.0189189 0.0139671 0.00977236 0.00642342 0.00393226
 0.00876928 0.014203 0.02129 0.0299186 0.0397467 0.0500604 0.0597461 0.0675628 0.0726024 0.0745939 0.0738445 0.0709507 0.0665356 0.0611262 0.0551282 0.0488344 0.0424473 0.0361127 0.0299526 0.0240908 0.0186642 0.0138198 0.00969563 0.00638746 0.00391671
 0.00870482 0.014154 0.0213175 0.0301093 0.0401848 0.050785 0.0607179 0.0686615 0.0736609 0.0754477 0.0743728 0.0710949 0.0662992 0.0605664 0.0543421 0.0479406 0.0415622 0.0353278 0.0293214 0.0236275 0.0183532 0.0136296 0.00959026 0.00633509 0.0038935
 0.00880903 0.0143049 0.0215135 0.0303453 0.0404643 0.0511325 0.061179 0.0692823 0.07445 0.0763457 0.075251 0.0717909 0.0666727 0.0605442 0.0539352 0.0472311 0.0406737 0.034392 0.0284498 0.0228939 0.0177893 0.0132314 0.00933121 0.00617958 0.00380732
 0.00855207 0.0139127 0.0209717 0.0296595 0.0396614 0.0502618 0.0603162 0.0685313 0.0739345 0.0761825 0.0755111 0.0724637 0.0676535 0.0616587 0.0549928 0.0480837 0.0412522 0.0347076 0.0285677 0.022897 0.0177482 0.01319 0.00930701 0.00617262 0.00381053
