SBPRF35
10.0436
Curr Bio
627988
B35
710034
F35
0.186583
FOFL
0.165832
OFL
85051.5
Bzero
2.86961e+006
#pred survey bio
 3.50556e+006 3.01956e+006 2.73453e+006 2.48509e+006 2.21266e+006 1.95664e+006 1.7337e+006 1.54034e+006 1.35287e+006 1.21314e+006 1.06657e+006 923432 834193 779315 704628 664380 642633 623948 606953 588906 599689 586367 577995 566127 566370 574855 564903 566037 559197 556614 550459 533750 521926 513145 512313 515899 527914 535337 542785 552341 559006 563317 573782 576903 572006 567619 567652 550515 559261 562102 568528 575669 607248 595726 582791 592361 596496 573867 569013 612290 617410 597215 632109 2.23554e+007 1.32454e+007 1.33905e+007 1.41584e+007 1.53191e+007 1.66073e+007 1.78393e+007 1.89177e+007 1.98087e+007 2.05165e+007 2.10639e+007 2.14794e+007 2.17911e+007 2.20233e+007 2.21956e+007 2.23234e+007 2.24183e+007 2.2489e+007 2.25418e+007 2.25816e+007 2.26116e+007 2.26344e+007 2.26518e+007 2.26651e+007 2.26755e+007 2.26834e+007 2.26896e+007 2.26945e+007 2.26982e+007 2.27012e+007 2.27035e+007 2.27053e+007 2.27068e+007 2.27079e+007 2.27088e+007 2.27096e+007 2.27101e+007 2.27106e+007 2.27109e+007 2.27112e+007 2.27115e+007 2.27116e+007 2.27118e+007 2.27119e+007 2.2712e+007 2.27121e+007 2.27121e+007 2.27122e+007 2.27122e+007 2.27122e+007 2.27123e+007 2.27123e+007 2.27123e+007 2.27123e+007 2.27123e+007 2.27123e+007 2.27123e+007 2.27123e+007 2.27124e+007 2.27124e+007 2.27124e+007 2.27124e+007 2.27124e+007 2.27124e+007 2.27124e+007 2.27124e+007 2.27124e+007 2.27124e+007 2.27124e+007 2.27124e+007 2.27124e+007 2.27124e+007 2.27124e+007 2.27124e+007 2.27124e+007 2.27124e+007 2.27124e+007 2.27124e+007 2.27124e+007 2.27124e+007 2.27124e+007 2.27124e+007 2.27124e+007 2.27124e+007 2.27124e+007 2.27124e+007 2.27124e+007 2.27124e+007 2.27124e+007 2.27124e+007 2.27124e+007 2.27124e+007 2.27124e+007 2.27124e+007 2.27124e+007 2.27124e+007 2.27124e+007 2.27124e+007 2.27124e+007 2.27124e+007 0 0 0 0 0 0 0 0 0 0 0 0 0 0 0 0 0 0 0 0 0 0 0 0 0
#obs survey bio
 4.4965e+006 2.08515e+006 2.81639e+006 1.53113e+006 2.11504e+006 1.85856e+006 1.16963e+006 1.44094e+006 1.03924e+006 982029 1.19054e+006 697045 721500 613903 666010 663895 523383 757418 537766 431557 565666 466740 553028 405256 583863 437677 492644 563338 497618 808527 729738 403746 437130 480827 545726 540964 738892 615676 331011 594614 659050 610684 480904 530531 947812 662544 445752 528641 580172 459671 454156 595506 770691 669305 605677 719184 544258 610150 613372 690385 569068 718584 682222
#pred catch bio
 435623 272561 259558 300291 303840 289873 276475 280894 245302 254254 249640 200178 168772 181834 147690 129342 124931 121617 120710 96424.5 116893 111342 112835 101408 94051.8 108298 96698.8 100712 93502.4 92429.1 97097.8 91309.3 91393 88832.6 87950 82315.9 86761.6 86958.1 85807.7 88801.3 91069.4 86592.8 93513.2 99917.7 98411.8 93891.6 107379 84950.7 90249.5 87474.7 87586.6 68407.2 105133 104757 85287.3 89931 111599 95708.4 56737.7 90279.5 110235 62937.7 85012.1 85051.5 93394.9 93207.9 97262.1 104701 113269 121449 128503 134202 138601 141885 144276 145983 147184 148019 148594 148987 149254 149435 149556 149638 149693 149730 149754 149770 149781 149788 149793 149796 149798 149800 149801 149801 149802 149802 149802 149802 149802 149802 149802 149802 149802 149802 149802 149802 149802 149802 149802 149802 149802 149802 149802 149802 149802 149802 149802 149802 149802 149802 149802 149802 149802 149802 149802 149802 149802 149802 149802 149802 149802 149802 149802 149802 149802 149802 149802 149802 149802 149802 149802 149802 149802 149802 149802 149802 149802 149802 149802 149802 149802 149802 149802 149802 149802 149802 149802 149802 149802 149802 149802 0 0 0 0 0 0 0 0 0 0 0 0 0 0 0 0 0 0 0 0 0 0 0 0 0
#obs catch bio
 234633 272345 260358 303336 307482 293669 280312 286101 249582 260195 255272 203863 171357 185655 149511 130973 126719 123204 122441 97353.4 118914 113052 114460 103345 94994.8 110365 98021.9 102190 94662.5 92704.6 96986.7 91267.6 91509.2 89316.6 88334.4 82408.6 86507 86576.4 85862.2 88660.5 90862.4 86236.3 93523.6 99738.3 98071.8 93295.8 107271 84543.5 90073 87248.1 87945.8 67939.9 105388 105019 85161.4 89571.5 111466 96011 56272.4 90104 110886 62544.8 85197.5
#pred cpue bio
 3.45561e+006 2.9738e+006 2.6909e+006 2.44229e+006 2.17083e+006 1.9161e+006 1.69442e+006 1.50219e+006 1.31618e+006 1.17759e+006 1.03291e+006 892116 804350 750539 677754 638646 617540 599379 582894 565293 575701 562736 554663 543213 543633 552159 542737 544248 538164 536346 531116 515270 503178 493204 491409 494847 506895 514443 521776 531049 537582 541814 551968 554991 550296 546180 546315 529558 538089 541004 547273 554185 585170 574109 561371 570756 575025 552836 547844 590301 595743 575974 610314 2.16325e+007 1.28354e+007 1.28661e+007 1.34897e+007 1.45962e+007 1.58707e+007 1.70998e+007 1.81777e+007 1.90686e+007 1.97764e+007 2.03238e+007 2.07393e+007 2.1051e+007 2.12832e+007 2.14555e+007 2.15833e+007 2.16782e+007 2.17489e+007 2.18017e+007 2.18415e+007 2.18715e+007 2.18943e+007 2.19117e+007 2.1925e+007 2.19353e+007 2.19433e+007 2.19495e+007 2.19543e+007 2.19581e+007 2.19611e+007 2.19634e+007 2.19652e+007 2.19667e+007 2.19678e+007 2.19687e+007 2.19694e+007 2.197e+007 2.19705e+007 2.19708e+007 2.19711e+007 2.19714e+007 2.19715e+007 2.19717e+007 2.19718e+007 2.19719e+007 2.1972e+007 2.1972e+007 2.19721e+007 2.19721e+007 2.19721e+007 2.19722e+007 2.19722e+007 2.19722e+007 2.19722e+007 2.19722e+007 2.19722e+007 2.19722e+007 2.19722e+007 2.19722e+007 2.19722e+007 2.19722e+007 2.19722e+007 2.19722e+007 2.19723e+007 2.19723e+007 2.19723e+007 2.19723e+007 2.19723e+007 2.19723e+007 2.19723e+007 2.19723e+007 2.19723e+007 2.19723e+007 2.19723e+007 2.19723e+007 2.19723e+007 2.19723e+007 2.19723e+007 2.19723e+007 2.19723e+007 2.19723e+007 2.19723e+007 2.19723e+007 2.19723e+007 2.19723e+007 2.19723e+007 2.19723e+007 2.19723e+007 2.19723e+007 2.19723e+007 2.19723e+007 2.19723e+007 2.19723e+007 2.19723e+007 2.19723e+007 2.19723e+007 2.19723e+007 2.19723e+007 2.19723e+007 2.19723e+007 0 0 0 0 0 0 0 0 0 0 0 0 0 0 0 0 0 0 0 0 0 0 0 0 0
#obs cpue bio
 2.41724e+006 2.30149e+006 1.79134e+006 2.46679e+006 1.73483e+006 1.57479e+006 1.98334e+006 1.18558e+006 1.16163e+006 1.00088e+006 858508 886508 712586 774452 701333 468545 568504 432566 560606 514052 494045 525967 553642 354643 674422 451068 514507 502354 500858 686692 595708 589135 552208 356308 488571 519015 564098 520592 558816 622661 518492 545772 513863 744887 386544 560221 642148 563320 532872 670820 463952 799827 406611 447224 558877 632657 677985 392789 606500 678136 453875 497712 590963
#pred surv len freq
 0.00558826 0.00899783 0.0134009 0.0187301 0.0248312 0.0313917 0.0379011 0.0437565 0.0484792 0.0518715 0.0540067 0.0551057 0.0554228 0.0551858 0.0545745 0.0537168 0.0526961 0.0515539 0.050262 0.0486585 0.0464 0.04302 0.0381466 0.0317924 0.0245099
 0.00605515 0.00967241 0.014264 0.0197222 0.0258848 0.0324748 0.0390389 0.0450084 0.0498799 0.0533746 0.0554698 0.0563319 0.0562336 0.0554849 0.0543719 0.0531055 0.0517993 0.0504675 0.0490199 0.0472381 0.0447683 0.0411946 0.0362322 0.0299631 0.0229443
 0.00650678 0.0103689 0.0152382 0.0209694 0.027355 0.03407 0.0406227 0.0464373 0.051054 0.0542775 0.0561619 0.056891 0.0566852 0.0557749 0.0543989 0.0527846 0.0511062 0.0494375 0.0477132 0.0457065 0.0430522 0.0393512 0.0343637 0.0282139 0.0214594
 0.00679237 0.0108458 0.015978 0.0220433 0.0288139 0.0359142 0.0427723 0.0487246 0.0532523 0.0561596 0.0575639 0.0577526 0.0570446 0.0557218 0.0540133 0.0520986 0.0501098 0.0481141 0.046071 0.04379 0.0409392 0.0371507 0.0322145 0.026269 0.0198507
 0.00708728 0.0113197 0.0166827 0.0230283 0.0301227 0.0375754 0.0447817 0.0510254 0.0557214 0.0586103 0.0597686 0.0594876 0.0581442 0.0561178 0.0537367 0.0512428 0.048779 0.046389 0.0440095 0.0414522 0.0384153 0.0345738 0.0297516 0.0240904 0.0180869
 0.00743975 0.0118715 0.0174744 0.0240857 0.0314562 0.0391785 0.046627 0.0530607 0.0578709 0.0607769 0.061834 0.0613094 0.0595627 0.056981 0.0539365 0.0507437 0.0476202 0.0446613 0.0418258 0.0389337 0.0356982 0.031821 0.0271484 0.0218151 0.0162677
 0.00779485 0.0124321 0.0182867 0.0251808 0.0328448 0.040843 0.0485133 0.0550788 0.0599094 0.0627265 0.0636035 0.062826 0.060758 0.0577767 0.0542436 0.0504798 0.0467363 0.0431641 0.0397838 0.03647 0.0329793 0.0290453 0.0245266 0.0195366 0.01446
 0.00808046 0.0128938 0.0189766 0.0261454 0.0341151 0.0424207 0.0503555 0.0570928 0.0619655 0.0646841 0.0653377 0.0642439 0.0618007 0.0584092 0.0544382 0.0502035 0.0459521 0.0418486 0.0379534 0.0342024 0.0304195 0.0263929 0.0220035 0.0173414 0.0127231
 0.00840989 0.0134155 0.0197363 0.0271775 0.0354384 0.0440301 0.0522117 0.0591145 0.0640344 0.0666606 0.0670831 0.0656394 0.0627627 0.0588938 0.054436 0.0497238 0.0450074 0.0404497 0.0361222 0.0319963 0.0279537 0.0238421 0.0195757 0.0152297 0.0110554
 0.00853243 0.0136313 0.0200921 0.0277275 0.0362335 0.0451001 0.0535474 0.0606621 0.0657042 0.0683447 0.0686703 0.0670249 0.063853 0.0596136 0.054734 0.0495752 0.04441 0.0394177 0.0346863 0.0302138 0.0259242 0.0217133 0.0175271 0.0134329 0.00962836
 0.00872022 0.0139347 0.0205458 0.0283648 0.0370819 0.046174 0.0548374 0.0621263 0.0672669 0.0699049 0.0701162 0.0682502 0.0647706 0.0601637 0.0548837 0.0493138 0.0437437 0.0383667 0.0332865 0.0285249 0.0240393 0.0197632 0.015667 0.0118099 0.00834346
 0.00907162 0.0144766 0.0213066 0.0293514 0.0382802 0.0475503 0.0563372 0.0636747 0.0687745 0.07128 0.0712767 0.0691299 0.0653214 0.0603559 0.0547066 0.0487734 0.0428596 0.037169 0.0318166 0.0268418 0.0222279 0.017937 0.0139567 0.0103367 0.00718755
 0.0092094 0.0147012 0.0216455 0.0298298 0.0389153 0.048343 0.0572647 0.0646898 0.0698148 0.0722819 0.0721852 0.0699004 0.065916 0.060739 0.0548453 0.0486416 0.042443 0.0364697 0.0308565 0.0256663 0.0209093 0.0165728 0.0126581 0.00920661 0.00629474
 0.00912735 0.0145884 0.0215148 0.0297092 0.0388441 0.0483642 0.0574161 0.0649963 0.0702825 0.0728945 0.0729043 0.0706712 0.0666757 0.0614249 0.055399 0.0490115 0.0425874 0.0363619 0.0304918 0.0250675 0.02013 0.0156941 0.0117764 0.00841299 0.00565382
 0.00933424 0.0148963 0.0219259 0.0302075 0.039402 0.0489513 0.0580063 0.0655681 0.0708168 0.073372 0.0733063 0.0709812 0.0668813 0.0615183 0.0553754 0.0488661 0.042313 0.0359503 0.0299393 0.0243845 0.0193485 0.0148696 0.0109791 0.00771133 0.0050953
 0.00949479 0.0151279 0.0222196 0.0305356 0.0397255 0.0492326 0.0582206 0.0657096 0.0708983 0.0734211 0.0733561 0.0710593 0.066999 0.061666 0.0555259 0.0489827 0.0423583 0.0358929 0.0297588 0.0240767 0.0189302 0.0143797 0.0104723 0.00724456 0.00471195
 0.00954889 0.0152133 0.0223424 0.0306971 0.0399189 0.0494401 0.0584129 0.0658522 0.0709643 0.0734049 0.0732796 0.0709651 0.066934 0.061663 0.055592 0.0490983 0.0424848 0.0359846 0.0297758 0.0239948 0.0187473 0.0141169 0.0101686 0.00694525 0.00445499
 0.00956471 0.015242 0.0223911 0.0307745 0.0400327 0.0495936 0.0586008 0.0660578 0.0711607 0.0735606 0.0733683 0.0709761 0.0668782 0.0615703 0.0554992 0.0490333 0.0424549 0.0359751 0.0297578 0.0239386 0.0186354 0.0139509 0.0099684 0.00674073 0.00427449
 0.00967989 0.0154056 0.0225938 0.0309936 0.0402402 0.0497674 0.0587334 0.0661559 0.0712369 0.0736226 0.0734131 0.070991 0.0668492 0.0614915 0.055379 0.0488919 0.0423153 0.0358521 0.0296512 0.0238361 0.0185218 0.0138184 0.00982146 0.00659391 0.00414482
 0.00986635 0.0156885 0.0229807 0.031475 0.040788 0.0503371 0.0592674 0.0665921 0.0715236 0.0737346 0.0733575 0.0708002 0.0665642 0.0611484 0.0550041 0.048506 0.0419376 0.0355004 0.0293382 0.0235656 0.0182895 0.0136168 0.0096462 0.00644546 0.00402638
 0.00969503 0.0154392 0.0226601 0.0311092 0.0404168 0.050003 0.0590061 0.0664272 0.071465 0.0737787 0.07349 0.0710011 0.0668127 0.0614247 0.0552896 0.0487819 0.0421872 0.0357114 0.0295048 0.023687 0.018368 0.0136565 0.00965382 0.00643062 0.00400033
 0.00969308 0.0154417 0.0226746 0.0311468 0.0404901 0.050122 0.0591736 0.0666356 0.0716952 0.0740021 0.0736744 0.0711185 0.0668473 0.0613779 0.0551775 0.0486289 0.0420169 0.0355417 0.029346 0.0235441 0.0182423 0.0135482 0.00956253 0.00635626 0.00394286
 0.00968768 0.0154281 0.0226458 0.0310951 0.0404113 0.0500207 0.0590671 0.0665513 0.0716619 0.0740389 0.0737819 0.0712777 0.0670263 0.0615423 0.0553011 0.0486997 0.0420372 0.0355231 0.0293032 0.0234895 0.0181845 0.0134924 0.00951185 0.0063129 0.00390821
 0.00966219 0.0153976 0.0226198 0.0310873 0.0404342 0.050078 0.0591488 0.066637 0.0717314 0.0740827 0.0738057 0.0712962 0.0670525 0.0615787 0.0553388 0.048724 0.0420362 0.035493 0.0292486 0.0234202 0.0181113 0.0134237 0.00945286 0.00626586 0.00387334
 0.00962717 0.0153283 0.0224939 0.0308804 0.0401302 0.0496835 0.058702 0.0662028 0.0713808 0.0738685 0.0737478 0.0713845 0.0672587 0.061869 0.0556791 0.0490808 0.0423782 0.0357943 0.0294932 0.0236035 0.0182379 0.0135041 0.00949914 0.00628925 0.00388293
 0.0094532 0.0150698 0.0221492 0.0304617 0.0396573 0.0491753 0.0581742 0.0656738 0.0708823 0.0734501 0.0734696 0.0712978 0.0673867 0.0621975 0.0561624 0.0496566 0.0429828 0.0363733 0.0300066 0.0240278 0.0185656 0.0137404 0.00965798 0.00638827 0.00393981
 0.0093354 0.0149011 0.0219379 0.0302301 0.0394358 0.0489916 0.0580432 0.0655927 0.0708324 0.0734049 0.0734075 0.0712153 0.0673039 0.0621509 0.0561876 0.0497716 0.0431803 0.0366254 0.0302765 0.0242813 0.0187792 0.0139035 0.00977124 0.00645991 0.00398097
 0.00910224 0.0145397 0.0214286 0.0295711 0.0386484 0.0481247 0.0571749 0.0648219 0.0702561 0.0730894 0.073369 0.0714208 0.0676916 0.0626557 0.0567596 0.0503798 0.0438047 0.0372463 0.0308682 0.024815 0.0192298 0.0142572 0.0100279 0.00663134 0.00408594
 0.00889497 0.0142241 0.020993 0.0290188 0.0379952 0.0473968 0.0564089 0.0640681 0.0695787 0.0725595 0.0730507 0.0713538 0.0678789 0.0630631 0.0573275 0.0510418 0.0445035 0.0379386 0.0315222 0.0254046 0.0197337 0.0146612 0.0103288 0.00683786 0.00421571
 0.00866442 0.0138615 0.0204712 0.0283235 0.0371309 0.0463935 0.0553275 0.0629976 0.0686211 0.0718085 0.0725745 0.0711895 0.0680336 0.0635155 0.0580295 0.0519235 0.0454831 0.0389364 0.0324714 0.0262557 0.0204548 0.0152363 0.0107577 0.00713448 0.00440435
 0.00872674 0.0139177 0.0204725 0.0281968 0.0367985 0.0458035 0.0544817 0.0619596 0.0675018 0.0707378 0.0716737 0.0705522 0.0677157 0.0635336 0.0583638 0.0525236 0.0462766 0.0398384 0.0333965 0.0271294 0.0212208 0.0158616 0.0112319 0.00746692 0.00461849
 0.00960207 0.0151727 0.0220472 0.0299215 0.0384315 0.0470994 0.0552519 0.0621033 0.0670115 0.0696929 0.0702256 0.0688975 0.066058 0.0620464 0.0571658 0.0516716 0.045771 0.0396364 0.0334275 0.0273115 0.0214759 0.0161264 0.0114642 0.0076462 0.00474192
 0.0103726 0.016381 0.0237745 0.0321911 0.0411784 0.0501386 0.0582647 0.0646749 0.0687327 0.0702877 0.0696363 0.0672841 0.0637266 0.0593522 0.0544346 0.0491538 0.0436249 0.0379324 0.0321642 0.0264381 0.0209152 0.0157942 0.0112844 0.00755852 0.00470422
 0.0102578 0.016317 0.0239046 0.0327228 0.0423279 0.0520393 0.0608817 0.0677719 0.0719093 0.0730708 0.0715929 0.0681244 0.0633691 0.0579323 0.0522513 0.0465779 0.0410066 0.0355383 0.0301536 0.0248701 0.0197732 0.0150159 0.0107881 0.00726288 0.00454031
 0.00986899 0.0157371 0.023137 0.0318269 0.04143 0.0513346 0.0606147 0.0681811 0.0731364 0.0750698 0.0740948 0.0706929 0.065531 0.0593221 0.0527089 0.0461665 0.0399574 0.0341557 0.0287225 0.0235956 0.0187617 0.0142884 0.01031 0.00697485 0.00438108
 0.00967316 0.0154089 0.0226273 0.0310909 0.0404473 0.0501382 0.0593195 0.06699 0.0723101 0.0748603 0.0746606 0.072026 0.0674297 0.0614328 0.0546304 0.047577 0.040706 0.0342809 0.0283991 0.0230471 0.0181818 0.0137986 0.00995684 0.00675164 0.00425594
 0.00955686 0.0152137 0.0223211 0.0306375 0.0398115 0.0492966 0.0582775 0.0657999 0.0710839 0.0737694 0.0739136 0.07182 0.0678825 0.0625222 0.0561757 0.0492833 0.0422591 0.0354507 0.0291004 0.0233342 0.0181902 0.0136748 0.00980884 0.00663431 0.00418239
 0.00963862 0.0153205 0.0224325 0.0307151 0.0398054 0.0491569 0.0579656 0.0652973 0.0703986 0.072944 0.0730339 0.0710164 0.0673127 0.0623297 0.0564351 0.0499567 0.0431959 0.0364369 0.0299386 0.02391 0.0184933 0.0137712 0.00979018 0.00657648 0.00412843
 0.00964917 0.0153472 0.0224887 0.030815 0.0399544 0.04934 0.0581403 0.0653981 0.0703561 0.0727099 0.0726014 0.0704291 0.0666612 0.061737 0.0560286 0.0498299 0.0433707 0.0368492 0.0304611 0.0244044 0.0188634 0.0139875 0.0098792 0.00658878 0.00410969
 0.00955536 0.0152111 0.0223151 0.030621 0.0397672 0.0491908 0.0580561 0.0653925 0.0704203 0.0728082 0.0726785 0.0704291 0.0665533 0.0615343 0.05579 0.0496415 0.0433124 0.0369598 0.0307202 0.0247422 0.0191946 0.014248 0.0100453 0.00667283 0.0041406
 0.00955411 0.0151983 0.0222768 0.0305395 0.0396286 0.048995 0.0578242 0.0651651 0.0702444 0.0727189 0.0726832 0.0705035 0.0666507 0.061606 0.0558082 0.0496139 0.0432786 0.0369704 0.0308089 0.0249073 0.0194012 0.0144487 0.0102036 0.00677558 0.00419523
 0.00961112 0.0152819 0.022385 0.0306624 0.0397484 0.0490882 0.0578658 0.0651359 0.0701396 0.0725546 0.0724938 0.0703291 0.0665192 0.0615222 0.0557561 0.0495714 0.0432349 0.0369339 0.0307998 0.0249417 0.019478 0.0145489 0.0103016 0.00685228 0.00424432
 0.00952448 0.0151598 0.0222358 0.0305053 0.0396071 0.0489814 0.0577996 0.065102 0.0701207 0.0725332 0.0724612 0.0702894 0.0664882 0.0615185 0.055791 0.049643 0.0433307 0.0370401 0.0309091 0.0250541 0.0195942 0.0146645 0.0104067 0.00693669 0.00430326
 0.00941345 0.0149993 0.022032 0.030278 0.0393865 0.0488004 0.0576858 0.0650713 0.0701736 0.0726522 0.0726144 0.0704405 0.0666091 0.0615985 0.0558374 0.049673 0.043361 0.0370801 0.0309611 0.0251164 0.0196636 0.0147363 0.0104748 0.00699453 0.00434651
 0.00935817 0.0149149 0.0219158 0.0301328 0.0392216 0.0486325 0.0575384 0.0649714 0.0701441 0.0727035 0.0727381 0.0706105 0.0667893 0.0617548 0.0559483 0.0497341 0.043383 0.0370813 0.0309586 0.0251214 0.0196801 0.0147628 0.0105065 0.00702565 0.00437238
 0.00942131 0.0149951 0.0219953 0.0301819 0.0392078 0.0485345 0.0573578 0.0647355 0.0698974 0.0724936 0.0726025 0.0705673 0.0668345 0.0618653 0.0560902 0.0498747 0.0435 0.0371668 0.0310173 0.0251633 0.0197148 0.0147956 0.0105381 0.0070541 0.00439538
 0.00943015 0.0150125 0.0220257 0.0302282 0.0392664 0.0485905 0.0573843 0.064701 0.0697809 0.0722992 0.0723636 0.0703363 0.0666625 0.0617839 0.056103 0.0499608 0.0436264 0.0373016 0.0311388 0.0252625 0.0197921 0.0148552 0.0105842 0.00708932 0.00442101
 0.00951593 0.0151559 0.022248 0.0305498 0.0396993 0.0491281 0.0579913 0.0653114 0.0703084 0.0726583 0.0724936 0.0702193 0.0663291 0.0613027 0.0555581 0.049427 0.0431522 0.0369068 0.0308222 0.0250141 0.0196013 0.0147139 0.0104852 0.00702509 0.00438303
 0.00939633 0.0149647 0.0219684 0.0301736 0.0392353 0.0486108 0.0574849 0.0649002 0.0700721 0.0726415 0.0726871 0.0705648 0.0667438 0.0617102 0.0559108 0.0497118 0.0433802 0.0370971 0.0309886 0.0251609 0.0197264 0.0148144 0.0105607 0.00707791 0.00441752
 0.00950683 0.0151119 0.0221294 0.0303059 0.0392869 0.0485382 0.057271 0.0645637 0.0696654 0.0722393 0.0723666 0.070383 0.066719 0.0618186 0.0561002 0.0499251 0.0435763 0.0372582 0.0311154 0.0252617 0.0198082 0.0148804 0.0106118 0.00711488 0.00444225
 0.00947961 0.0150865 0.0221243 0.0303449 0.0393868 0.0486923 0.0574395 0.0646817 0.0696694 0.0720982 0.0720999 0.0700548 0.0664122 0.0616027 0.0560082 0.0499489 0.0436797 0.0373972 0.0312554 0.0253837 0.0199066 0.0149562 0.010668 0.00715464 0.00446856
 0.00938711 0.0149489 0.0219423 0.0301306 0.0391646 0.0484957 0.057305 0.064637 0.0697194 0.072216 0.0722339 0.0701519 0.0664447 0.0615812 0.0559725 0.0499434 0.0437302 0.0375028 0.0313949 0.0255304 0.0200394 0.0150641 0.0107486 0.00721057 0.00450465
 0.00915755 0.0145824 0.0214049 0.0294003 0.0382416 0.0474161 0.0561517 0.0635367 0.0688173 0.0716371 0.0720465 0.0703508 0.0669604 0.0623092 0.0568081 0.0508071 0.0445737 0.0382992 0.0321246 0.0261739 0.0205792 0.0154905 0.0110633 0.00742645 0.00464156
 0.00933631 0.014854 0.0217761 0.029859 0.0387529 0.0479214 0.0565726 0.0637892 0.068838 0.0714099 0.071615 0.0698041 0.0664003 0.061816 0.0564231 0.0505353 0.0443998 0.0382033 0.0320894 0.0261842 0.020619 0.0155435 0.0111157 0.00746953 0.00467223
 0.00929037 0.0148163 0.021787 0.0299762 0.0390335 0.0483932 0.0572099 0.0645077 0.0695146 0.0719181 0.0718616 0.0697545 0.0660851 0.061317 0.0558438 0.0499694 0.0439099 0.0378167 0.0318074 0.0259935 0.020501 0.0154784 0.0110853 0.00745878 0.00467064
 0.00918084 0.0146239 0.0214747 0.0295112 0.0384073 0.0476467 0.0564459 0.0638732 0.0691502 0.0718993 0.0721665 0.0702776 0.0666861 0.0618759 0.0562951 0.0503052 0.0441602 0.0380214 0.0319957 0.0261769 0.0206764 0.0156363 0.0112162 0.00755809 0.00473906
 0.00929201 0.0147744 0.0216436 0.0296556 0.0384691 0.0475676 0.0561866 0.0634335 0.0685816 0.0713033 0.0716686 0.0699836 0.0666396 0.0620442 0.0565921 0.0506353 0.0444563 0.0382586 0.0321809 0.0263282 0.0208079 0.0157524 0.0113149 0.00763563 0.00479441
 0.00947366 0.0150805 0.0221208 0.030345 0.0393857 0.0486732 0.0573713 0.0645244 0.0693877 0.0716789 0.071564 0.0694584 0.0658338 0.0611232 0.055692 0.0498327 0.0437707 0.0376779 0.0316889 0.0259183 0.020481 0.0155084 0.0111468 0.00752954 0.00473331
 0.00934079 0.0148942 0.0218978 0.0301257 0.0392301 0.0486499 0.0575401 0.0649148 0.0699775 0.0723831 0.072249 0.0699824 0.0660994 0.0611112 0.0554591 0.0494763 0.0433847 0.0373238 0.0313919 0.0256805 0.0202966 0.0153715 0.0110517 0.00746918 0.00469885
 0.00900059 0.014337 0.0210557 0.0289447 0.0376959 0.0468219 0.055577 0.0630659 0.0685271 0.071567 0.0721817 0.0706275 0.0672913 0.0626162 0.0570477 0.0509795 0.0447137 0.0384548 0.0323347 0.0264525 0.0209124 0.0158438 0.011396 0.00770538 0.00485002
 0.00914553 0.0145422 0.0213048 0.0291945 0.0378772 0.0468487 0.0553643 0.0625578 0.0677307 0.070576 0.0711678 0.0697924 0.0667964 0.0625265 0.0573187 0.0514901 0.045323 0.0390503 0.0328532 0.0268739 0.0212407 0.0160913 0.0115754 0.00782884 0.00492967
 0.00901635 0.0144116 0.021252 0.0293341 0.0383179 0.0476321 0.0564171 0.0636909 0.0686941 0.0711446 0.0712187 0.0693414 0.0659852 0.0615668 0.0564167 0.0507833 0.0448541 0.0387857 0.0327242 0.026816 0.0212126 0.0160741 0.0115636 0.00782132 0.00492574
 0.00807883 0.0130004 0.0193451 0.0270037 0.0357317 0.0450389 0.05412 0.0619977 0.0678369 0.071198 0.0720673 0.0707285 0.0676185 0.0632206 0.0579804 0.052244 0.0462408 0.0401152 0.0339774 0.0279466 0.0221725 0.0168353 0.0121254 0.00820639 0.00516998
#obs surv len freq
 0.00497087 0.00814169 0.012383 0.0177079 0.0239899 0.0308634 0.0377031 0.043786 0.0485621 0.0518308 0.0537105 0.0544866 0.0544785 0.0539829 0.05326 0.052523 0.0519166 0.0514753 0.0510606 0.0503034 0.0486213 0.0453837 0.0402137 0.0332801 0.025365
 0.00518721 0.00849594 0.0129209 0.0184739 0.0250185 0.0321661 0.0392545 0.0455185 0.0503751 0.0536087 0.0553407 0.0558686 0.0555266 0.0546262 0.0534426 0.052208 0.0510924 0.0501631 0.0493212 0.0482401 0.0463779 0.0431322 0.0381305 0.0315123 0.0239983
 0.00541208 0.00886476 0.0134822 0.0192752 0.0260979 0.0335381 0.0408952 0.04736 0.0523142 0.0555258 0.057118 0.0574007 0.0567241 0.0554152 0.0537631 0.0520135 0.0503531 0.0488759 0.0475229 0.0460219 0.0438908 0.0405768 0.035725 0.0294461 0.0223877
 0.00564161 0.00924157 0.0140562 0.0200957 0.0272045 0.0349462 0.042581 0.0492546 0.0543129 0.0575076 0.058964 0.0590052 0.0579977 0.0562842 0.0541669 0.0519025 0.0496895 0.0476414 0.0457346 0.043753 0.0412856 0.037846 0.0331127 0.0271743 0.0206005
 0.00588416 0.00963751 0.0146553 0.0209456 0.0283423 0.0363847 0.044294 0.0511713 0.0563275 0.0594986 0.0608133 0.0606092 0.0592707 0.0571571 0.0545841 0.0518174 0.0490638 0.0464501 0.043982 0.0414963 0.0386558 0.0350504 0.0304043 0.0247934 0.0187111
 0.0061301 0.0100422 0.0152731 0.0218299 0.0295344 0.0378967 0.0460921 0.053171 0.0584067 0.0615231 0.0626593 0.0621755 0.0604802 0.0579531 0.0549242 0.0516678 0.0483952 0.0452411 0.0422331 0.0392537 0.036037 0.032251 0.0276736 0.0223759 0.01678
 0.00638461 0.0104567 0.0158985 0.0227144 0.0307148 0.0393844 0.0478576 0.0551373 0.0604585 0.0635271 0.0644861 0.0637146 0.0616478 0.0586921 0.0551998 0.0514589 0.047687 0.0440237 0.0405122 0.0370724 0.0335009 0.0295402 0.0250222 0.0200192 0.014889
 0.00663243 0.0108633 0.0165173 0.0235964 0.0318984 0.0408783 0.0496249 0.0570908 0.0624745 0.0654705 0.066233 0.0651639 0.0627236 0.0593425 0.0553933 0.0511797 0.0469293 0.0427895 0.0388168 0.0349619 0.0310746 0.0269624 0.0225069 0.0177833 0.0130923
 0.00682841 0.0111907 0.0170263 0.0243396 0.0329198 0.0421968 0.0512164 0.058882 0.0643531 0.0673063 0.0679006 0.0665573 0.063763 0.0599746 0.0555883 0.0509249 0.0462237 0.0416409 0.037247 0.0330199 0.0288545 0.0246134 0.0202204 0.0157524 0.0114596
 0.00705959 0.0115646 0.0175855 0.025123 0.0339556 0.0434915 0.0527428 0.060573 0.0661084 0.0690089 0.0694347 0.067822 0.0646805 0.0604937 0.0556834 0.0505908 0.0454689 0.0404838 0.0357181 0.0311723 0.0267787 0.022445 0.0181287 0.0139059 0.00998075
 0.0072673 0.0119086 0.0181143 0.0258839 0.0349833 0.0447907 0.0542724 0.0622441 0.0678005 0.0705975 0.0708131 0.0689109 0.0654268 0.0608654 0.0556658 0.0501836 0.0446838 0.0393431 0.0342566 0.0294451 0.0248719 0.0204805 0.0162538 0.0122638 0.00867309
 0.0074454 0.0121994 0.0185545 0.0265091 0.0358219 0.0458533 0.0555396 0.0636602 0.069277 0.0720274 0.0720886 0.0699393 0.0661407 0.0612268 0.0556624 0.0498217 0.0439811 0.0383256 0.0329607 0.0279246 0.0232061 0.0187774 0.0146396 0.0108584 0.0075593
 0.00753097 0.0123426 0.0187782 0.0268381 0.0362795 0.0464551 0.0562863 0.0645337 0.0702416 0.0730333 0.0730762 0.0708421 0.0668899 0.0617591 0.0559281 0.0497908 0.0436445 0.0376933 0.0320607 0.0268047 0.0219376 0.0174553 0.0133728 0.00974881 0.00667698
 0.00761207 0.0124671 0.0189522 0.0270642 0.0365586 0.0467888 0.0566781 0.0649868 0.0707559 0.0736017 0.0736817 0.0714561 0.0674722 0.06226 0.0562935 0.04997 0.0435982 0.0374011 0.0315258 0.0260571 0.0210344 0.0164776 0.0124145 0.00889786 0.00599477
 0.00765839 0.0125406 0.0190594 0.027209 0.0367416 0.0470055 0.0569191 0.0652403 0.0710136 0.0738638 0.0739568 0.0717547 0.0677969 0.0625968 0.0566097 0.0502185 0.0437273 0.0373662 0.031301 0.0256439 0.0204656 0.0158141 0.0117339 0.00827607 0.00548715
 0.00768873 0.0125827 0.0191095 0.0272601 0.0367859 0.0470392 0.0569451 0.0652681 0.0710557 0.0739318 0.0740598 0.0718992 0.0679866 0.0628296 0.0568728 0.0504847 0.0439556 0.0375092 0.0313171 0.0255105 0.0201888 0.0154302 0.0113007 0.00785658 0.00513171
 0.00777979 0.0127183 0.0192902 0.0274769 0.0370214 0.0472707 0.0571478 0.0654198 0.0711419 0.0739512 0.0740256 0.0718353 0.0679202 0.0627837 0.0568606 0.0505059 0.0439948 0.0375377 0.0312997 0.025417 0.0200065 0.0151708 0.0109982 0.00755514 0.00487055
 0.00781303 0.0127756 0.0193818 0.0276125 0.0372059 0.0474981 0.0573976 0.0656585 0.0713324 0.0740652 0.0740526 0.0717852 0.0678175 0.0626594 0.0567432 0.0504142 0.0439339 0.0374975 0.0312585 0.0253491 0.0198932 0.0150089 0.0108027 0.00735324 0.00469018
 0.00784254 0.0128173 0.0194335 0.0276694 0.037264 0.0475574 0.0574639 0.0657396 0.0714318 0.0741758 0.0741569 0.0718616 0.0678503 0.0626461 0.0566949 0.0503498 0.043871 0.0374449 0.0312132 0.0252989 0.0198237 0.0149125 0.0106834 0.00722546 0.004572
 0.007865 0.0128504 0.0194766 0.0277194 0.0373148 0.0476017 0.0574949 0.065754 0.0714318 0.0741702 0.0741571 0.0718756 0.0678776 0.0626775 0.0567187 0.0503585 0.0438647 0.0374286 0.031191 0.0252704 0.0197843 0.0148576 0.0106136 0.00714814 0.00449791
 0.00789842 0.0129004 0.0195435 0.0278002 0.0374037 0.0476907 0.0575746 0.0658147 0.0714657 0.0741735 0.0741329 0.0718329 0.0678289 0.0626334 0.0566838 0.0503311 0.0438399 0.0374019 0.0311604 0.0252351 0.0197433 0.0148103 0.0105608 0.0070933 0.00444684
 0.0079133 0.0129246 0.01958 0.027851 0.0374691 0.047768 0.0576568 0.0658915 0.0715257 0.074208 0.0741379 0.0718106 0.0677861 0.06258 0.0566295 0.0502829 0.0438002 0.0373693 0.0311314 0.0252061 0.0197118 0.0147753 0.0105232 0.00705551 0.00441231
 0.00786983 0.0128559 0.0194807 0.0277188 0.0373063 0.0475837 0.0574682 0.0657218 0.0713987 0.0741408 0.0741362 0.0718685 0.0678898 0.0627131 0.0567773 0.0504338 0.0439461 0.0375039 0.0312492 0.0253027 0.0197845 0.0148238 0.0105498 0.00706528 0.0044113
 0.00787881 0.0128616 0.0194728 0.0276826 0.0372269 0.0474527 0.0572894 0.0655129 0.0711875 0.0739577 0.0740067 0.0718081 0.0679017 0.0627891 0.0569011 0.0505864 0.0441093 0.0376633 0.0313943 0.0254265 0.0198829 0.0148955 0.0105968 0.00709193 0.00442342
 0.00787778 0.0128582 0.019464 0.0276634 0.0371897 0.0473882 0.0571886 0.0653706 0.071007 0.0737544 0.0738071 0.0716436 0.0677999 0.0627654 0.0569558 0.0507059 0.0442719 0.0378452 0.0315747 0.0255895 0.0200188 0.0150002 0.0106707 0.00713916 0.00445034
 0.00787705 0.0128557 0.0194579 0.0276507 0.0371672 0.0473528 0.0571375 0.0653016 0.0709183 0.0736457 0.0736818 0.0715115 0.0676779 0.0626745 0.0569145 0.0507241 0.0443472 0.0379641 0.0317172 0.0257352 0.020151 0.0151085 0.0107513 0.00719353 0.00448337
 0.00784419 0.0128048 0.0193859 0.0275569 0.0370531 0.0472226 0.0569985 0.0651638 0.0707924 0.0735407 0.0736028 0.0714598 0.0676524 0.0626751 0.0569441 0.0507872 0.0444466 0.0380971 0.0318737 0.0258996 0.0203066 0.0152416 0.0108546 0.00726622 0.00452964
 0.00783547 0.0127846 0.0193446 0.0274827 0.0369357 0.0470589 0.0567972 0.0649451 0.0705833 0.0733661 0.0734801 0.0713955 0.0676445 0.0627158 0.0570237 0.0508975 0.0445817 0.0382522 0.0320424 0.0260723 0.0204709 0.0153855 0.0109697 0.00734986 0.00458464
 0.00778843 0.0127116 0.0192411 0.0273461 0.0367652 0.0468553 0.0565643 0.0646923 0.0703271 0.0731304 0.0732921 0.0712795 0.0676148 0.0627732 0.0571567 0.0510871 0.0448072 0.0384951 0.0322877 0.0263074 0.0206844 0.0155679 0.0111144 0.00745552 0.00465499
 0.00777098 0.012679 0.0191844 0.027255 0.0366312 0.0466762 0.0563477 0.0644547 0.0700898 0.0729136 0.0731118 0.071148 0.0675426 0.0627686 0.0572231 0.0512198 0.0449935 0.0387167 0.0325247 0.0265411 0.0208995 0.0157528 0.0112622 0.00756449 0.00472846
 0.00775217 0.0126491 0.0191403 0.0271936 0.0365488 0.0465691 0.0562126 0.064292 0.0699055 0.0727203 0.0729276 0.0709925 0.0674326 0.0627159 0.0572332 0.0512929 0.0451237 0.0388922 0.0327288 0.0267547 0.021104 0.015933 0.0114087 0.00767376 0.00480294
 0.00931115 0.0148286 0.0217653 0.0298826 0.0388262 0.0480419 0.056711 0.0638935 0.0688505 0.0712906 0.0713574 0.069439 0.0659866 0.0614244 0.0561181 0.0503606 0.0443709 0.038308 0.0322959 0.026451 0.0209043 0.0158115 0.0113414 0.00764071 0.00478918
 0.00929589 0.015092 0.0226694 0.0318758 0.0422471 0.0528552 0.06234 0.0693156 0.0729611 0.07334 0.0711986 0.0674675 0.0628689 0.0578131 0.0524916 0.0469994 0.0414074 0.0357876 0.0302195 0.0247964 0.0196351 0.0148807 0.0106939 0.00721728 0.00453107
 0.00897218 0.0145818 0.0219529 0.031001 0.0413829 0.0523267 0.06259 0.0707449 0.0756877 0.0770188 0.0750658 0.070631 0.0646808 0.0580946 0.0515009 0.0452202 0.0393218 0.0337458 0.0284181 0.0233151 0.0184838 0.0140323 0.0101033 0.00683133 0.00429623
 0.00880213 0.014298 0.0215126 0.0303629 0.0405228 0.0512679 0.0614423 0.0697322 0.0751311 0.0772485 0.076271 0.0727182 0.0672409 0.060536 0.053289 0.0460832 0.0393041 0.0331102 0.027487 0.0223505 0.0176423 0.013377 0.0096364 0.00652424 0.00410964
 0.00873646 0.0141854 0.0213317 0.0300878 0.0401267 0.0507299 0.0607593 0.0689345 0.0742994 0.076526 0.0758543 0.0728073 0.0679508 0.0618085 0.0548712 0.0476086 0.040443 0.0336972 0.0275541 0.0220637 0.0171997 0.0129329 0.00927457 0.00626848 0.00394844
 0.00868294 0.0140988 0.0212016 0.0299041 0.0398797 0.0504118 0.0603667 0.0684709 0.0737792 0.0759814 0.0753448 0.0724267 0.0678171 0.062026 0.0554732 0.0485132 0.0414616 0.0346041 0.0281806 0.0223573 0.0172189 0.0127922 0.00908358 0.00609771 0.00382575
 0.00868089 0.0140894 0.0211762 0.0298505 0.039785 0.0502663 0.0601672 0.0682214 0.0734882 0.0756599 0.0750078 0.0721 0.067545 0.0618725 0.0555066 0.048774 0.0419288 0.0351867 0.0287473 0.022792 0.0174668 0.0128694 0.00905011 0.00601943 0.00374843
 0.00867319 0.0140776 0.0211593 0.0298272 0.0397522 0.0502185 0.0600966 0.0681195 0.0733494 0.0754841 0.0748022 0.0718783 0.0673278 0.0616889 0.0553942 0.0487725 0.0420637 0.0354493 0.0290877 0.0231342 0.0177405 0.0130385 0.00912009 0.0060227 0.0037219
 0.00865451 0.0140507 0.0211253 0.0297893 0.0397146 0.050185 0.060068 0.0680933 0.0733194 0.0754418 0.0747391 0.0717896 0.0672157 0.0615647 0.055279 0.0486945 0.042051 0.035519 0.0292343 0.0233272 0.017935 0.0131944 0.009218 0.00606667 0.0037301
 0.00865135 0.0140433 0.0211103 0.0297626 0.0396735 0.0501301 0.0600051 0.0680317 0.0732686 0.0754071 0.0747184 0.0717748 0.0671963 0.0615335 0.0552365 0.0486507 0.0420236 0.0355267 0.0292879 0.0234225 0.0180527 0.0133082 0.00930663 0.0061218 0.00375599
 0.00864561 0.0140375 0.0211078 0.0297679 0.0396903 0.0501581 0.0600387 0.0680615 0.0732851 0.0754053 0.0746992 0.0717429 0.0671564 0.0614877 0.0551853 0.0485959 0.0419715 0.0354882 0.029274 0.0234388 0.018095 0.0133638 0.00936032 0.00616258 0.00378051
 0.00864653 0.0140363 0.0211014 0.0297526 0.0396636 0.0501215 0.0599984 0.068027 0.0732647 0.0754017 0.0747091 0.0717585 0.0671704 0.0614957 0.0551858 0.0485899 0.0419616 0.0354791 0.0292721 0.0234495 0.0181198 0.0133988 0.00939784 0.0061949 0.00380332
 0.00863312 0.0140189 0.0210829 0.0297379 0.0396574 0.0501252 0.0600091 0.0680383 0.0732707 0.0754005 0.0747032 0.0717525 0.0671673 0.0614952 0.0551855 0.048587 0.0419554 0.0354711 0.0292659 0.0234489 0.0181275 0.0134144 0.00941791 0.00621476 0.00381925
 0.00860638 0.0139767 0.0210222 0.0296578 0.0395603 0.0500185 0.0599048 0.0679513 0.0732141 0.0753809 0.0747186 0.0717952 0.0672278 0.0615652 0.0552586 0.0486583 0.0420208 0.0355281 0.0293141 0.0234898 0.0181632 0.0134463 0.00944604 0.00623814 0.00383685
 0.00860964 0.0139793 0.0210211 0.0296484 0.0395376 0.049979 0.0598488 0.0678834 0.0731433 0.0753179 0.0746737 0.0717746 0.0672324 0.0615909 0.0552986 0.0487053 0.0420691 0.0355735 0.0293543 0.0235242 0.0181924 0.0134711 0.00946694 0.00625511 0.00384968
 0.00860964 0.0139793 0.0210211 0.0296484 0.0395376 0.049979 0.0598488 0.0678834 0.0731433 0.0753179 0.0746737 0.0717746 0.0672324 0.0615909 0.0552986 0.0487053 0.0420691 0.0355735 0.0293543 0.0235242 0.0181924 0.0134711 0.00946694 0.00625511 0.00384968
 0.00867823 0.014089 0.021182 0.0298667 0.0398117 0.050295 0.0601775 0.0681835 0.0733704 0.0754388 0.0746751 0.071666 0.0670395 0.0613467 0.0550344 0.048446 0.0418306 0.0353649 0.0291792 0.0233832 0.0180838 0.0133921 0.00941335 0.00622161 0.00383064
 0.00849719 0.0138098 0.0207914 0.0293661 0.039221 0.049655 0.0595505 0.0676457 0.0729948 0.0752737 0.0747303 0.0719135 0.0674275 0.0618165 0.0555342 0.0489365 0.0422858 0.0357692 0.0295248 0.0236674 0.0183081 0.0135612 0.00953434 0.00630321 0.00388209
 0.00850101 0.0137969 0.0207371 0.0292369 0.0389847 0.0492963 0.0590844 0.0671205 0.0724813 0.0748464 0.0744487 0.0718098 0.0675024 0.0620435 0.0558686 0.0493283 0.0426901 0.0361522 0.0298649 0.0239535 0.0185369 0.0137349 0.00965895 0.00638715 0.0039348
 0.0085251 0.0138387 0.0208033 0.0293309 0.0391004 0.0494117 0.0591598 0.067108 0.0723447 0.0745815 0.0740922 0.0714291 0.0671718 0.0618202 0.0557781 0.0493634 0.0428208 0.0363388 0.03007 0.0241489 0.0187052 0.0138684 0.00975723 0.00645434 0.00397732
 0.00851573 0.0138259 0.0207887 0.0293186 0.0390964 0.0494225 0.0591891 0.0671516 0.0723869 0.0745955 0.0740495 0.0713139 0.0669942 0.0616159 0.0555965 0.0492476 0.0427919 0.0363925 0.0301827 0.0242897 0.0188466 0.0139916 0.0098532 0.00652219 0.00402106
 0.00818268 0.0133035 0.0200406 0.0283298 0.0378838 0.0480463 0.0577607 0.0658258 0.0713308 0.0739436 0.073866 0.0715816 0.0676301 0.0625052 0.0566258 0.0503274 0.043861 0.0374099 0.0311167 0.0251125 0.0195357 0.0145353 0.0102542 0.00679668 0.00419434
 0.00854691 0.0138434 0.0207539 0.0291748 0.0387839 0.0489022 0.0584648 0.0662786 0.0714615 0.0737325 0.0733553 0.0708639 0.0668197 0.0617056 0.0559094 0.0497316 0.043397 0.0370736 0.0308955 0.0249875 0.019483 0.0145291 0.0102713 0.00682015 0.00421488
 0.0084751 0.0137793 0.0207522 0.0293127 0.0391322 0.0494846 0.0592273 0.0670926 0.0721649 0.0741861 0.0734857 0.0706758 0.0663808 0.0611171 0.0552762 0.0491391 0.0428998 0.0366949 0.0306349 0.0248294 0.0194045 0.0145047 0.0102774 0.00683861 0.00423408
 0.00833921 0.0135477 0.0203888 0.0287905 0.0384553 0.048713 0.0584855 0.066543 0.071946 0.0743472 0.0739615 0.0713183 0.067027 0.0616512 0.0556555 0.0493828 0.0430583 0.0368196 0.0307598 0.0249672 0.019551 0.0146472 0.0104026 0.00693753 0.00430425
 0.00837714 0.0136 0.0204487 0.028841 0.0384694 0.0486567 0.0583291 0.0662787 0.071605 0.0740045 0.0737127 0.0712374 0.0671277 0.0618803 0.0559233 0.049609 0.0432039 0.03689 0.0307861 0.0249827 0.0195759 0.0146862 0.0104496 0.00698322 0.00434158
 0.00857631 0.0139184 0.0209157 0.0294748 0.0392659 0.0495764 0.0592873 0.0671503 0.0722532 0.0743225 0.0736617 0.0708592 0.0665259 0.0611773 0.055217 0.0489505 0.0426038 0.0363429 0.0302922 0.0245535 0.0192266 0.0144247 0.0102711 0.00687283 0.00427991
 0.00850154 0.0138241 0.0208247 0.029427 0.0393099 0.0497541 0.0596175 0.0676189 0.0728106 0.07489 0.0741474 0.0711807 0.0666359 0.0610788 0.054958 0.0486007 0.042227 0.0359806 0.029964 0.0242675 0.0189884 0.0142387 0.0101379 0.00678649 0.00422985
 0.00810162 0.0131765 0.0198603 0.0280975 0.0376151 0.0477755 0.0575406 0.0657161 0.0713753 0.0741468 0.0741832 0.0719306 0.0679198 0.0626664 0.0566323 0.0501996 0.0436563 0.037202 0.0309733 0.0250758 0.0196133 0.0147022 0.0104657 0.00700607 0.00436812
 0.00829508 0.0134455 0.020178 0.0284032 0.0378218 0.0477888 0.0572836 0.0651556 0.0705456 0.0731591 0.0732086 0.0711529 0.0674751 0.0626004 0.0568958 0.0506811 0.0442295 0.0377647 0.0314641 0.025471 0.0199133 0.014919 0.0106151 0.00710405 0.00442888
 0.00850272 0.0138022 0.0207457 0.0292387 0.0389478 0.049156 0.0587442 0.0664768 0.0714705 0.0734932 0.0728881 0.0702643 0.0662203 0.0612272 0.0556223 0.049643 0.0434666 0.0372436 0.0311183 0.0252362 0.0197454 0.0147946 0.0105238 0.00704033 0.00438786
 0.00810251 0.0131882 0.0198946 0.0281661 0.0377185 0.0478893 0.0576069 0.0656503 0.0710913 0.0735937 0.0733776 0.0709694 0.0669644 0.0619002 0.0562045 0.0501789 0.0440141 0.037831 0.0317307 0.0258291 0.0202699 0.0152181 0.0108369 0.00725299 0.00452069
#pred catch len freq
 0.00541436 0.0085145 0.0123123 0.0166634 0.0214609 0.0266222 0.0320083 0.0373817 0.0424525 0.0469571 0.0507051 0.0535905 0.0555929 0.0567697 0.0572312 0.0571114 0.0565447 0.0556403 0.0544316 0.052795 0.0503942 0.046746 0.0414599 0.0345574 0.0266428
 0.00582709 0.00910722 0.0130639 0.0175165 0.0223543 0.0275329 0.0329731 0.0384742 0.0437235 0.0483754 0.0521393 0.0548465 0.0564862 0.0571911 0.0571757 0.0566591 0.0558094 0.0547111 0.053335 0.0514994 0.0488573 0.0449801 0.0395712 0.032728 0.0250627
 0.00629735 0.0098205 0.0140392 0.0187306 0.0237416 0.0289946 0.0343932 0.039748 0.0447937 0.049255 0.0528937 0.0555357 0.0571049 0.057653 0.0573551 0.0564576 0.0551995 0.0537312 0.05205 0.0499639 0.047113 0.0430857 0.0376343 0.0309027 0.0235058
 0.00666197 0.0104022 0.0148936 0.0199014 0.0252505 0.0308254 0.0364729 0.0419376 0.0469039 0.0510886 0.0542999 0.0564502 0.0575513 0.0577028 0.0570694 0.0558521 0.0542521 0.0524189 0.0503807 0.0479861 0.0449112 0.0407772 0.0353682 0.0288441 0.0217978
 0.00702493 0.0109684 0.0157042 0.0209854 0.0266293 0.032514 0.0384706 0.0442071 0.0493494 0.0535453 0.0565491 0.0582621 0.0587443 0.0581899 0.0568665 0.0550425 0.0529341 0.0506703 0.0482586 0.0455533 0.042264 0.0380591 0.0327596 0.0265292 0.019919
 0.00743674 0.0116 0.0165855 0.0221235 0.0280148 0.0341303 0.040297 0.0462145 0.0514918 0.0557498 0.0587058 0.0602194 0.0603197 0.059203 0.0571836 0.0546111 0.0517864 0.0488982 0.0459813 0.0429007 0.0393833 0.0351272 0.0299777 0.0240918 0.0179666
