SBPRF35
12.7214
Curr Bio
976319
B35
904796
F35
0.173244
FOFL
0.173244
OFL
138021
Bzero
3.63469e+006
#pred survey bio
 3.64407e+006 3.50942e+006 3.39091e+006 3.23548e+006 3.03308e+006 2.79864e+006 2.54591e+006 2.32247e+006 2.08146e+006 1.83248e+006 1.60344e+006 1.40185e+006 1.22049e+006 1.07911e+006 965734 860408 769866 684318 642524 595098 559842 542785 536988 519289 512323 504394 492151 484674 492368 502323 520289 526499 539169 554702 578561 591331 607839 616009 624145 629785 641607 654863 659227 663109 667250 679272 680945 677847 677131 679703 684727 732384 757161 770832 800985 837518 864586 889718 906279 936602 961664 974123 959193 956291 960975 978795 986814 982103 2.26549e+007 2.08028e+007 2.11263e+007 2.17935e+007 2.26738e+007 2.36216e+007 2.4532e+007 2.53448e+007 2.60354e+007 2.66024e+007 2.70569e+007 2.74154e+007 2.7695e+007 2.79117e+007 2.80791e+007 2.82082e+007 2.83078e+007 2.8385e+007 2.84448e+007 2.84915e+007 2.85279e+007 2.85566e+007 2.85791e+007 2.8597e+007 2.86112e+007 2.86225e+007 2.86315e+007 2.86388e+007 2.86446e+007 2.86493e+007 2.86531e+007 2.86561e+007 2.86586e+007 2.86606e+007 2.86623e+007 2.86636e+007 2.86647e+007 2.86656e+007 2.86663e+007 2.86669e+007 2.86674e+007 2.86677e+007 2.86681e+007 2.86683e+007 2.86685e+007 2.86687e+007 2.86689e+007 2.8669e+007 2.86691e+007 2.86692e+007 2.86692e+007 2.86693e+007 2.86693e+007 2.86694e+007 2.86694e+007 2.86694e+007 2.86694e+007 2.86694e+007 2.86695e+007 2.86695e+007 2.86695e+007 2.86695e+007 2.86695e+007 2.86695e+007 2.86695e+007 2.86695e+007 2.86695e+007 2.86695e+007 2.86695e+007 2.86695e+007 2.86695e+007 2.86695e+007 2.86695e+007 2.86695e+007 2.86695e+007 2.86695e+007 2.86695e+007 2.86695e+007 2.86695e+007 2.86695e+007 2.86695e+007 2.86695e+007 2.86695e+007 2.86695e+007 2.86695e+007 2.86695e+007 2.86695e+007 2.86695e+007 2.86695e+007 2.86695e+007 2.86695e+007 2.86695e+007 2.86695e+007 2.86695e+007 2.86695e+007 2.86695e+007 2.86695e+007 2.86695e+007 2.86695e+007 2.86695e+007 0 0 0 0 0 0 0 0 0 0 0 0 0 0 0 0 0 0 0 0 0 0 0 0 0
#obs survey bio
 3.73341e+006 2.80665e+006 3.62506e+006 2.24496e+006 3.66672e+006 2.07187e+006 3.68691e+006 2.38882e+006 1.76884e+006 1.77595e+006 1.49229e+006 1.50033e+006 1.35441e+006 922270 1.0244e+006 924986 657617 539928 615851 424232 585288 383981 568676 800837 490407 443677 362095 308536 509134 544591 605821 568255 577921 646992 531924 451554 646787 440805 906988 856354 704110 863730 461755 978469 758309 548350 749761 673293 467678 468560 943865 953480 829837 628379 646102 975524 830581 616317 1.01268e+006 1.37101e+006 903233 981050 748839 809674 1.05458e+006 1.39433e+006 1.08421e+006 907835
#pred catch bio
 111303 105849 152324 209336 254167 287104 276673 308508 329988 323347 306773 293358 260327 237237 229746 213962 204647 162456 162439 146336 127076 116073 124401 113325 112682 114298 108447 95347.9 94028.7 87945.5 97464.5 91177.4 89004.8 83184.7 94083.3 92364.5 100720 101294 103597 98723 98159.4 105768 105532 104532 98050.1 107730 112059 110559 108834 107883 74054.4 96096.7 106365 94350.9 92595.2 103735 107308 116196 105797 111504 123039 147062 137778 133237 123516 132791 143910 137615 138021 138465 139619 142956 148018 153608 158943 163620 167492 170569 172940 174725 176044 177006 177700 178195 178547 178795 178969 179091 179176 179236 179277 179305 179325 179339 179348 179354 179359 179362 179364 179366 179367 179367 179368 179368 179368 179368 179369 179369 179369 179369 179369 179369 179369 179369 179369 179369 179369 179369 179369 179369 179369 179369 179369 179369 179369 179369 179369 179369 179369 179369 179369 179369 179369 179369 179369 179369 179369 179369 179369 179369 179369 179369 179369 179369 179369 179369 179369 179369 179369 179369 179369 179369 179369 179369 179369 179369 179369 179369 179369 179369 179369 179369 179369 179369 179369 179369 179369 179369 0 0 0 0 0 0 0 0 0 0 0 0 0 0 0 0 0 0 0 0 0 0 0 0 0
#obs catch bio
 0 105493 152346 209890 254606 287827 275579 307614 330232 324884 308574 295932 262003 238980 232936 215702 207807 164688 165234 148628 127839 117139 126001 114000 113974 115458 109536 96513.4 94992 88632.1 98209.4 90909.4 88885 82771.3 93734.8 92111.5 100665 101528 103333 98383.5 97983.7 105175 105426 103714 96795.7 107170 111221 109830 108812 108332 73546.9 96011.4 106398 94271.8 92705.6 104051 107562 116794 106240 111547 122853 147016 137918 134040 123747 132787 144069 137564
#pred cpue bio
 3.598e+006 3.46458e+006 3.34592e+006 3.19008e+006 2.98822e+006 2.75455e+006 2.50269e+006 2.27977e+006 2.03942e+006 1.79143e+006 1.56372e+006 1.3636e+006 1.18389e+006 1.04377e+006 931305 827280 738276 654546 613942 568206 534349 517929 512267 495149 488525 480992 469283 462098 469693 479594 497481 504080 516775 532058 555418 567807 583798 591745 599797 605453 617080 630197 634635 638657 642938 654596 656025 652850 651906 654200 659047 705945 730609 743955 773056 808541 835107 859838 875993 905850 930720 942881 927664 924116 928475 946244 954357 949543 2.19009e+007 2.01114e+007 2.03571e+007 2.09422e+007 2.17975e+007 2.27402e+007 2.36497e+007 2.44623e+007 2.51529e+007 2.57199e+007 2.61745e+007 2.65329e+007 2.68126e+007 2.70292e+007 2.71966e+007 2.73257e+007 2.74254e+007 2.75025e+007 2.75624e+007 2.7609e+007 2.76455e+007 2.76741e+007 2.76967e+007 2.77145e+007 2.77287e+007 2.774e+007 2.77491e+007 2.77563e+007 2.77621e+007 2.77668e+007 2.77706e+007 2.77737e+007 2.77761e+007 2.77782e+007 2.77798e+007 2.77811e+007 2.77822e+007 2.77831e+007 2.77838e+007 2.77844e+007 2.77849e+007 2.77853e+007 2.77856e+007 2.77859e+007 2.77861e+007 2.77863e+007 2.77864e+007 2.77865e+007 2.77866e+007 2.77867e+007 2.77868e+007 2.77868e+007 2.77869e+007 2.77869e+007 2.77869e+007 2.77869e+007 2.7787e+007 2.7787e+007 2.7787e+007 2.7787e+007 2.7787e+007 2.7787e+007 2.7787e+007 2.7787e+007 2.7787e+007 2.7787e+007 2.7787e+007 2.7787e+007 2.7787e+007 2.7787e+007 2.7787e+007 2.77871e+007 2.77871e+007 2.77871e+007 2.77871e+007 2.77871e+007 2.77871e+007 2.77871e+007 2.77871e+007 2.77871e+007 2.77871e+007 2.77871e+007 2.77871e+007 2.77871e+007 2.77871e+007 2.77871e+007 2.77871e+007 2.77871e+007 2.77871e+007 2.77871e+007 2.77871e+007 2.77871e+007 2.77871e+007 2.77871e+007 2.77871e+007 2.77871e+007 2.77871e+007 2.77871e+007 2.77871e+007 2.77871e+007 0 0 0 0 0 0 0 0 0 0 0 0 0 0 0 0 0 0 0 0 0 0 0 0 0
#obs cpue bio
 3.58594e+006 4.82156e+006 2.98427e+006 2.96047e+006 2.88799e+006 3.72066e+006 2.97152e+006 2.22623e+006 1.75674e+006 1.28537e+006 1.44585e+006 1.03131e+006 1.0493e+006 1.02294e+006 570918 876557 570523 558222 509752 640197 658356 486145 404808 358025 331164 531130 541994 445248 465757 382886 489886 863424 462846 569778 688295 624024 524766 617628 652176 475748 497166 764157 630045 864856 937222 507983 782038 661163 585292 826003 719018 522715 623135 812960 721077 667680 812165 1.06441e+006 594521 1.01241e+006 1.17165e+006 1.04418e+006 875213 678278 1.01393e+006 879868 848819 1.04266e+006
#pred surv len freq
 0.00425562 0.00697692 0.010629 0.0152411 0.0207354 0.0268431 0.0330796 0.0388679 0.0437534 0.0475456 0.0502976 0.0521874 0.0534117 0.0541385 0.0544984 0.0545949 0.0545215 0.0543592 0.0541196 0.0536304 0.0524367 0.049855 0.0452638 0.0385232 0.0302344
 0.00458451 0.00742652 0.0111513 0.0157462 0.0211265 0.0270656 0.0331522 0.0388703 0.0437741 0.0476264 0.050412 0.0522671 0.0534007 0.0540359 0.0543662 0.0545259 0.0545861 0.0545569 0.0543608 0.0537623 0.0523087 0.0493932 0.044512 0.0376244 0.0293641
 0.00465638 0.00760359 0.0115223 0.016413 0.0221572 0.0284345 0.0347058 0.0403595 0.0449495 0.0483417 0.0506658 0.0521623 0.0530627 0.0535562 0.0537986 0.0539147 0.0539819 0.0539997 0.0538464 0.0532275 0.0516582 0.0485595 0.0435082 0.0365511 0.0283636
 0.00475438 0.00775286 0.011734 0.0167058 0.0225709 0.029038 0.0355839 0.0415672 0.0464529 0.0499833 0.0521955 0.0533277 0.0537063 0.0536582 0.0534486 0.0532486 0.053129 0.0530569 0.0528672 0.0522193 0.0505958 0.0474194 0.042309 0.0353689 0.0273063
 0.00490508 0.00799957 0.0121075 0.0172333 0.0232696 0.0299075 0.0366046 0.0427101 0.0476935 0.0513032 0.0535585 0.0546446 0.054825 0.0544023 0.0536861 0.0529444 0.0523478 0.0519217 0.0515061 0.0507297 0.0490391 0.0458417 0.040769 0.03395 0.0261
 0.00510017 0.00831552 0.012581 0.0178986 0.0241525 0.0310158 0.0379167 0.0441698 0.0492179 0.0528026 0.0549562 0.0558835 0.0558548 0.055157 0.0540746 0.0528709 0.0517535 0.0508175 0.0499738 0.0488946 0.0470386 0.0438087 0.0388312 0.032227 0.0246874
 0.00536908 0.0087444 0.0132113 0.0187638 0.0252732 0.0323916 0.0395158 0.0459242 0.0510302 0.0545613 0.0565537 0.0572302 0.0568858 0.0558278 0.0543489 0.0527071 0.0511053 0.0496549 0.048313 0.0468171 0.0446882 0.0413702 0.0365 0.0301764 0.0230368
 0.00563016 0.00916627 0.0138413 0.0196442 0.0264328 0.0338337 0.0412052 0.0477837 0.0529512 0.0564247 0.0582488 0.0586641 0.0579858 0.0565403 0.0546349 0.052536 0.0504491 0.0484913 0.0466433 0.0446933 0.0422325 0.0387722 0.0339851 0.0279553 0.0212548
 0.00588499 0.0095912 0.0145004 0.0206034 0.0277459 0.0355198 0.043227 0.0500396 0.0552905 0.0586781 0.0602591 0.0603062 0.0591738 0.0572254 0.0547965 0.0521689 0.049553 0.0470684 0.0447092 0.0423014 0.0395004 0.0358909 0.0311948 0.0254902 0.0192807
 0.00614091 0.0100156 0.0151556 0.0215549 0.029052 0.0372133 0.0452931 0.0524026 0.0578166 0.0611938 0.0625771 0.0622523 0.0606101 0.058064 0.0550003 0.0517401 0.0485154 0.0454551 0.0425642 0.0396976 0.0365651 0.0328192 0.0282317 0.0228775 0.0171917
 0.00640964 0.0104519 0.0158119 0.0224817 0.0302916 0.0387873 0.0471882 0.0545607 0.0601371 0.063545 0.0648099 0.0642137 0.0621562 0.0590755 0.055395 0.0514787 0.047598 0.0439127 0.0404548 0.0371132 0.0336477 0.02977 0.0252945 0.0202904 0.0151245
 0.00665254 0.0108526 0.0164258 0.023364 0.0314867 0.0403119 0.0490143 0.0566105 0.0622953 0.0656819 0.0668011 0.065948 0.0635355 0.0600124 0.0558145 0.0513235 0.0468358 0.0425438 0.0385182 0.0346954 0.0308923 0.0268788 0.0225065 0.0178349 0.0131635
 0.00699385 0.0113889 0.017199 0.0244027 0.0328038 0.0419001 0.0508379 0.0585984 0.0643431 0.0676651 0.0685936 0.0674395 0.0646422 0.0606779 0.0560035 0.0510122 0.0460077 0.0411942 0.0366681 0.0324106 0.0282984 0.0241621 0.0198912 0.0155356 0.0113305
 0.00732299 0.011914 0.0179697 0.0254561 0.0341547 0.0435287 0.0526785 0.0605409 0.066254 0.0694168 0.070087 0.0686082 0.0654444 0.0610875 0.0560033 0.0505914 0.0451599 0.0399193 0.0349824 0.0303635 0.0259906 0.0217511 0.0175718 0.013497 0.00970604
 0.00746902 0.0121789 0.0184188 0.0261656 0.0351927 0.044925 0.0543966 0.0624715 0.0682352 0.0712732 0.0716669 0.0698068 0.066209 0.0614089 0.0558999 0.0500912 0.0442886 0.0386981 0.0334359 0.0285361 0.0239647 0.0196548 0.0155659 0.0117391 0.0083075
 0.00762897 0.0124393 0.0188132 0.0267305 0.0359659 0.0459398 0.0556693 0.0639838 0.0699201 0.0730115 0.0733009 0.0711712 0.067169 0.0618878 0.0558856 0.0496204 0.0434222 0.0374993 0.0319634 0.0268512 0.0221467 0.0178114 0.0138264 0.0102288 0.00711324
 0.00773756 0.0126279 0.0191191 0.0271952 0.0366258 0.0468119 0.0567389 0.0652033 0.0712203 0.074316 0.0745333 0.0722528 0.0680162 0.0624195 0.0560401 0.0493721 0.0427864 0.0365242 0.030716 0.025409 0.0205974 0.0162558 0.0123733 0.00897781 0.00613023
 0.00788819 0.0128725 0.0194871 0.0277149 0.0373198 0.0476894 0.0577853 0.0663738 0.072441 0.0754957 0.0755799 0.0730891 0.0685886 0.062698 0.0560113 0.0490344 0.0421499 0.0356155 0.0295814 0.0241142 0.0192245 0.0148975 0.011124 0.00791717 0.00530657
 0.00779103 0.0127264 0.0192905 0.0274777 0.0370656 0.0474561 0.0576252 0.0663478 0.0726068 0.0758895 0.0762005 0.0738911 0.0694889 0.063592 0.0567941 0.0496176 0.0424727 0.0356499 0.0293332 0.0236221 0.0185553 0.0141376 0.0103652 0.00723966 0.00476356
 0.0078506 0.0128107 0.0193944 0.027589 0.0371692 0.0475413 0.0576908 0.0664043 0.0726745 0.0759935 0.0763651 0.0741325 0.0698075 0.0639664 0.0571803 0.0499558 0.0427 0.0357144 0.0292074 0.0233097 0.0180923 0.0135853 0.00979677 0.00672291 0.00434512
 0.00807506 0.0131298 0.0197893 0.0280119 0.0375557 0.0478304 0.0578433 0.0664111 0.0725549 0.075789 0.0761304 0.0739246 0.0696731 0.0639312 0.0572418 0.0500838 0.0428434 0.0358144 0.0292129 0.023192 0.0178533 0.0132567 0.00942964 0.00637146 0.0040509
 0.00821308 0.0133449 0.0200932 0.028403 0.0380118 0.0483029 0.0582579 0.0666824 0.0726153 0.0756194 0.0757728 0.0734685 0.0692224 0.0635708 0.0570179 0.0499996 0.0428668 0.0358913 0.0292833 0.0232066 0.0177864 0.0131114 0.00923302 0.00616199 0.00386341
 0.0081055 0.0132009 0.0199338 0.0282669 0.0379448 0.0483396 0.0584054 0.0669138 0.0728758 0.0758426 0.0759026 0.0734784 0.0691264 0.0634178 0.0568716 0.0499132 0.042864 0.0359614 0.02939 0.0233046 0.017839 0.0131025 0.00916948 0.00606665 0.00376309
 0.00818503 0.0133103 0.020063 0.0283986 0.0380642 0.0484478 0.0585247 0.0670785 0.0731087 0.0761329 0.0761988 0.0737056 0.0692176 0.0633437 0.0566519 0.0496059 0.0425398 0.0356766 0.0291705 0.023146 0.0177193 0.0129985 0.00906838 0.00596846 0.00367539
 0.00814776 0.0132588 0.0200017 0.0283345 0.0380029 0.0483877 0.0584577 0.0669974 0.0730205 0.0760648 0.0761898 0.0737838 0.069379 0.0635488 0.0568447 0.0497419 0.0426046 0.0356849 0.0291501 0.0231195 0.0176952 0.0129743 0.00903903 0.00593292 0.00363777
 0.00811166 0.0132028 0.0199228 0.0282335 0.0378852 0.0482644 0.0583441 0.0669091 0.0729675 0.0760483 0.0762054 0.0738284 0.069455 0.0636594 0.056984 0.0498908 0.0427374 0.0357822 0.0292067 0.0231432 0.0176981 0.0129658 0.00902382 0.00591356 0.00361695
 0.00820591 0.0133367 0.0200886 0.0284116 0.0380494 0.0483913 0.0584201 0.0669327 0.0729464 0.0759945 0.07613 0.07374 0.0693604 0.0635656 0.0568989 0.0498206 0.0426828 0.0357377 0.0291648 0.0230988 0.0176513 0.01292 0.00898264 0.00587914 0.00358996
 0.00825097 0.0134106 0.0201996 0.0285649 0.0382422 0.0486077 0.0586291 0.0670945 0.0730262 0.075977 0.0760263 0.0735809 0.0691823 0.0633974 0.0567566 0.0497089 0.0425996 0.0356772 0.0291196 0.023062 0.0176182 0.0128888 0.00895404 0.00585457 0.00357052
 0.00816874 0.013276 0.0199967 0.0282812 0.0378754 0.0481731 0.0581644 0.0666551 0.0726706 0.0757489 0.0759437 0.0736379 0.0693581 0.0636652 0.0570885 0.0500764 0.0429743 0.0360336 0.0294373 0.0233277 0.0178262 0.0130405 0.00905637 0.00591789 0.00360607
 0.00802039 0.0130504 0.0196859 0.0278876 0.0374099 0.0476529 0.0576134 0.066107 0.0721706 0.0753499 0.0756962 0.0735762 0.0694906 0.063972 0.0575283 0.050598 0.043527 0.0365735 0.0299303 0.0237504 0.0181665 0.0132968 0.00923612 0.00603452 0.00367559
 0.007768 0.0126554 0.0191215 0.0271428 0.0364956 0.0466081 0.0565103 0.0650461 0.0712625 0.0746901 0.0753458 0.0735564 0.0697877 0.0645453 0.0583163 0.0515255 0.0445137 0.0375441 0.0308229 0.0245219 0.0187937 0.0137753 0.00957713 0.00626026 0.00381349
 0.00781538 0.0126951 0.0191124 0.0270245 0.0362048 0.0461052 0.0558019 0.0641909 0.0703568 0.0738424 0.0746528 0.0730886 0.0695835 0.0646115 0.0586318 0.0520462 0.0451788 0.0382836 0.031567 0.0252101 0.0193828 0.0142427 0.00992038 0.00649283 0.0039582
 0.00782061 0.0127025 0.0191192 0.0270209 0.0361682 0.0459965 0.0555689 0.0637848 0.0697584 0.0730853 0.0738273 0.0723193 0.068992 0.064283 0.058599 0.052292 0.0456499 0.0389058 0.0322591 0.025896 0.0200008 0.0147529 0.0103071 0.00676154 0.00412884
 0.00782144 0.0126964 0.0190964 0.0269682 0.036073 0.0458504 0.0553703 0.0635349 0.0694551 0.0727212 0.0733985 0.0718417 0.0685127 0.0638761 0.0583437 0.0522454 0.045828 0.0392807 0.0327702 0.0264674 0.0205594 0.0152423 0.010695 0.00704055 0.00431092
 0.00779554 0.0126467 0.0190075 0.0268212 0.0358494 0.0455402 0.054979 0.0630866 0.0689885 0.072279 0.0730156 0.071538 0.0682942 0.0637446 0.0583084 0.0523256 0.0460439 0.0396375 0.0332461 0.0270144 0.0211155 0.0157484 0.01111 0.00734779 0.00451634
 0.00780015 0.0126633 0.0190483 0.0268999 0.0359741 0.0457033 0.055151 0.0632202 0.0690334 0.0722014 0.0728107 0.0712297 0.0679248 0.0633614 0.0579552 0.0520403 0.0458588 0.0395759 0.0333153 0.0271986 0.0213769 0.0160375 0.0113798 0.00756693 0.00467318
 0.00770841 0.0125268 0.0188673 0.026685 0.0357461 0.0454904 0.0549838 0.0631238 0.0690175 0.0722529 0.0728956 0.0713058 0.0679595 0.0633441 0.0578984 0.0519726 0.0458141 0.0395844 0.0333962 0.0273546 0.0215918 0.0162803 0.0116149 0.00776529 0.00482043
 0.00762702 0.0124061 0.0187073 0.0264945 0.0355412 0.0452917 0.0548141 0.0630056 0.0689692 0.0722826 0.0729955 0.0714511 0.0681137 0.0634703 0.0579727 0.051992 0.0457966 0.0395609 0.0333982 0.0274032 0.0216909 0.0164167 0.0117646 0.00790365 0.00493058
 0.00757323 0.012315 0.0185645 0.0262866 0.0352614 0.0449481 0.0544349 0.0626376 0.0686662 0.0720902 0.0729384 0.0715282 0.0683006 0.063727 0.0582534 0.052257 0.046022 0.0397427 0.0335488 0.0275416 0.0218314 0.0165623 0.0119073 0.0080306 0.00503109
 0.00759386 0.0123384 0.0185805 0.0262782 0.0352079 0.0448308 0.0542441 0.062378 0.0683601 0.0717754 0.0726618 0.0713343 0.0682188 0.0637628 0.0583881 0.0524553 0.0462443 0.0399575 0.0337396 0.0277066 0.0219769 0.0166944 0.0120268 0.00813336 0.00511219
 0.00750142 0.0122045 0.0184086 0.0260804 0.0349996 0.0446221 0.0540356 0.0621626 0.068131 0.0715362 0.0724314 0.071145 0.0681075 0.0637585 0.0585019 0.0526753 0.0465394 0.0402874 0.0340666 0.0280043 0.0222326 0.0169053 0.0121952 0.00826229 0.00520528
 0.00743362 0.0120886 0.0182252 0.0258112 0.0346359 0.0441753 0.0535428 0.0616813 0.0677211 0.0712389 0.072259 0.0710868 0.0681456 0.0638814 0.0587062 0.0529593 0.046893 0.0406878 0.0344816 0.0284003 0.0225832 0.0171954 0.0124208 0.00842734 0.00531829
 0.00735078 0.0119716 0.0180806 0.0256539 0.0344811 0.044029 0.0533972 0.0615201 0.0675329 0.0710293 0.0720521 0.0709146 0.0680342 0.0638431 0.0587421 0.0530653 0.0470637 0.040914 0.0347472 0.0286819 0.0228548 0.0174351 0.012615 0.00857239 0.00541813
 0.00732436 0.0119171 0.0179786 0.0254828 0.0342266 0.0436965 0.0530184 0.0611465 0.0672168 0.0708026 0.0719188 0.0708599 0.0680407 0.0639017 0.058852 0.0532278 0.0472769 0.0411706 0.035034 0.0289806 0.0231439 0.0176936 0.0128278 0.00873285 0.00552876
 0.00748212 0.012135 0.0182344 0.0257295 0.0344026 0.0437446 0.0529042 0.0608695 0.0668114 0.0703303 0.0714521 0.0704624 0.0677513 0.0637305 0.0587882 0.0532528 0.047373 0.0413233 0.0352291 0.0292015 0.023371 0.0179068 0.0130103 0.00887503 0.0056292
 0.00744818 0.012108 0.0182433 0.0258118 0.0345865 0.0440238 0.0532234 0.0611342 0.0669236 0.0702317 0.0711504 0.0700255 0.067277 0.0633097 0.0584798 0.0530772 0.0473212 0.041371 0.0353483 0.0293653 0.0235547 0.0180882 0.0131712 0.00900387 0.00572226
 0.00745314 0.0121154 0.0182553 0.0258349 0.0346356 0.0441244 0.0534057 0.0614166 0.0672906 0.0706215 0.0714664 0.070174 0.0672092 0.0630435 0.0580882 0.0526541 0.0469458 0.041089 0.0351717 0.0292828 0.0235432 0.0181216 0.0132257 0.00906095 0.0057704
 0.00754732 0.0122546 0.0184388 0.0260528 0.0348716 0.0443617 0.0536324 0.0616294 0.0674941 0.0708221 0.0716602 0.0703355 0.0672924 0.0629995 0.0578919 0.0523226 0.0465347 0.0406699 0.0348055 0.029004 0.0233582 0.0180171 0.0131791 0.00904925 0.00577523
 0.00756797 0.0122989 0.0185243 0.0262 0.0350962 0.044663 0.0539864 0.0619918 0.0678154 0.0710661 0.0718153 0.0704108 0.0673021 0.062948 0.0577698 0.0521171 0.0462467 0.0403241 0.0344458 0.028677 0.023097 0.0178334 0.0130658 0.00898878 0.00574829
 0.0075355 0.0122518 0.0184648 0.0261366 0.0350442 0.044644 0.0540246 0.0621063 0.0680102 0.0713234 0.072098 0.0706747 0.0675117 0.0630844 0.057828 0.0520983 0.0461541 0.0401663 0.0342418 0.0284567 0.0228926 0.0176691 0.012951 0.00891942 0.00571242
 0.00749334 0.0121847 0.0183671 0.026005 0.0348804 0.0444576 0.0538357 0.0619451 0.0679119 0.0713181 0.0721995 0.0708741 0.0677777 0.0633728 0.0580948 0.0523099 0.0462921 0.0402267 0.0342331 0.0283972 0.022807 0.0175817 0.0128793 0.00887051 0.00568464
 0.00724305 0.0117789 0.0177601 0.0251598 0.0337819 0.0431312 0.0523634 0.0604668 0.0666018 0.0703458 0.0716907 0.0708854 0.0682892 0.064297 0.0592985 0.0536439 0.0476203 0.0414457 0.0352798 0.0292462 0.0234616 0.0180634 0.0132182 0.00909803 0.00582947
 0.00730639 0.0118519 0.0178133 0.0251442 0.0336371 0.0428023 0.0518191 0.0597125 0.0656858 0.0693577 0.0707511 0.0701257 0.0678232 0.0641926 0.0595606 0.0542146 0.0483966 0.0423079 0.0361199 0.0299869 0.0240626 0.0185169 0.0135386 0.00931064 0.00596193
 0.00747231 0.0121092 0.0181749 0.0256072 0.0341755 0.0433605 0.0523094 0.0600266 0.0657224 0.0690576 0.0701246 0.0692566 0.06685 0.0632735 0.0588343 0.0537682 0.048249 0.0424148 0.0363962 0.030337 0.0244073 0.0188071 0.0137555 0.00945734 0.00605285
 0.0074182 0.0120429 0.0181151 0.0255845 0.034224 0.0435025 0.0525424 0.0603157 0.0660044 0.0692542 0.0701626 0.0690908 0.066483 0.0627626 0.0582802 0.053286 0.0479329 0.0423102 0.0364907 0.0305731 0.0247082 0.0191036 0.0140028 0.00963836 0.0061711
 0.00723698 0.0117696 0.0177452 0.0251319 0.0337225 0.0430042 0.0521126 0.0600222 0.0658978 0.0693467 0.0704162 0.0694261 0.0668057 0.062998 0.0583994 0.053314 0.0479338 0.0423563 0.0366305 0.0308129 0.025015 0.019425 0.01429 0.00986228 0.00632535
 0.00717795 0.0116632 0.0175669 0.0248553 0.0333295 0.0424993 0.0515346 0.0594437 0.0654092 0.06903 0.0703198 0.0695504 0.0671034 0.0633892 0.0587983 0.0536576 0.0482009 0.0425671 0.036827 0.0310312 0.0252659 0.0196916 0.0145412 0.0100701 0.00647666
 0.00716833 0.0116431 0.0175274 0.0247828 0.0332054 0.0423028 0.0512483 0.0590635 0.0649544 0.0685494 0.0698862 0.0692411 0.0669747 0.0634551 0.0590262 0.0539834 0.0485559 0.0429031 0.0371273 0.0313031 0.0255226 0.0199365 0.0147647 0.0102573 0.00661715
 0.00707694 0.0115199 0.0173881 0.0246562 0.0331226 0.0422816 0.0512806 0.0591143 0.0649744 0.068495 0.0697386 0.0690174 0.0667239 0.0632419 0.0589058 0.0539806 0.0486596 0.0430778 0.0373333 0.0315125 0.0257225 0.020122 0.0149312 0.0103977 0.00672521
 0.00697446 0.0113443 0.0171095 0.0242474 0.0325733 0.0416147 0.0505627 0.0584447 0.0644534 0.0681854 0.0696457 0.069098 0.0669174 0.063501 0.059211 0.0543342 0.049067 0.0435321 0.0378109 0.0319811 0.0261521 0.0204923 0.0152321 0.0106271 0.00688793
 0.00700819 0.0113801 0.0171273 0.0242139 0.0324474 0.0413591 0.0501581 0.0579029 0.0638234 0.0675489 0.0690981 0.0687193 0.0667466 0.0635293 0.0593968 0.0546281 0.0494308 0.0439408 0.0382453 0.0324191 0.0265678 0.020861 0.0155361 0.0108595 0.00705172
 0.00711279 0.0115442 0.0173614 0.0245192 0.0328099 0.0417438 0.0505059 0.0581379 0.0638734 0.0673722 0.0687043 0.0681715 0.0661425 0.0629696 0.0589553 0.0543379 0.0492884 0.0439222 0.0383201 0.0325578 0.0267422 0.0210445 0.0157061 0.0110004 0.00715674
 0.00726398 0.0117954 0.0177486 0.0250763 0.0335581 0.0426746 0.0515656 0.0592238 0.0648475 0.068091 0.0690531 0.0680934 0.0656543 0.0621576 0.0579523 0.0532862 0.0483056 0.0430824 0.0376536 0.0320625 0.0263978 0.0208224 0.0155754 0.010932 0.00712639
 0.00719259 0.0117096 0.0176765 0.0250655 0.0336668 0.0429549 0.0520459 0.0598963 0.0656637 0.0689643 0.0698684 0.0687269 0.0660013 0.0621614 0.0576221 0.0526943 0.0475652 0.0423132 0.036952 0.0314861 0.0259655 0.0205247 0.0153876 0.0108242 0.0070708
 0.00706983 0.0115162 0.0173992 0.0247029 0.0332369 0.0425041 0.0516519 0.059657 0.0656701 0.0692652 0.0704466 0.069497 0.0668306 0.0629054 0.0581617 0.0529658 0.047572 0.0421165 0.0366439 0.0311568 0.0256799 0.0203133 0.015252 0.0107491 0.00703578
 0.00702135 0.0114184 0.0172175 0.024395 0.0327656 0.0418573 0.050862 0.0588082 0.0648868 0.0686856 0.0701871 0.0696199 0.0673226 0.0636764 0.0590676 0.0538498 0.0483084 0.0426406 0.036957 0.031308 0.0257351 0.0203289 0.0152615 0.0107642 0.00705506
 0.00709593 0.0115263 0.0173534 0.0245403 0.0328875 0.0419105 0.0507953 0.0585781 0.0644783 0.068131 0.069572 0.0690665 0.0669532 0.0635716 0.0592379 0.0542323 0.0487922 0.0431086 0.0373247 0.0315433 0.0258531 0.0203698 0.0152659 0.0107594 0.0070529
 0.00709872 0.0115537 0.0174354 0.0247156 0.0331885 0.0423424 0.051318 0.0591058 0.0648996 0.0683433 0.0695165 0.0687495 0.0664482 0.0629982 0.0587227 0.0538664 0.0486035 0.0430628 0.0373524 0.0315769 0.0258537 0.0203324 0.0152075 0.0107009 0.00700773
#obs surv len freq
 nan nan nan nan nan nan nan nan nan nan nan nan nan nan nan nan nan nan nan nan nan nan nan nan nan
 0.00449071 0.00735452 0.0111864 0.0160033 0.0217027 0.0279756 0.0342862 0.0400142 0.0446913 0.0481536 0.0505106 0.0520062 0.0528984 0.0534108 0.0537252 0.0539801 0.0542588 0.0545515 0.0546903 0.0542822 0.0527204 0.0493528 0.0438029 0.0362835 0.0276678
 0.00461737 0.00756497 0.011511 0.0164718 0.0223365 0.0287756 0.0352223 0.0410225 0.0456844 0.0490393 0.0512102 0.0524654 0.0530916 0.0533399 0.0534143 0.0534676 0.0535887 0.0537669 0.0538304 0.0533841 0.0518232 0.0485001 0.0430401 0.035649 0.0271829
 0.00478291 0.00783427 0.0119169 0.0170457 0.0231032 0.0297442 0.0363756 0.0423102 0.0470257 0.0503333 0.0523504 0.0533545 0.0536545 0.0535332 0.05323 0.0529299 0.0527456 0.0526802 0.0525679 0.0520171 0.0504277 0.0471573 0.0418306 0.0346393 0.0264098
 0.0049716 0.00814355 0.012387 0.0177155 0.0240027 0.0308824 0.0377289 0.0438182 0.0485998 0.0518724 0.0537538 0.0545279 0.054513 0.0540059 0.0532681 0.0525152 0.0518945 0.0514422 0.0510201 0.0502589 0.0485758 0.0453401 0.0401746 0.0332475 0.0253401
 0.00517386 0.00847611 0.0128946 0.0184425 0.0249848 0.0321337 0.0392271 0.0455002 0.0503692 0.0536172 0.0553638 0.0559044 0.0555714 0.0546745 0.0534885 0.0522458 0.0511182 0.0501759 0.0493222 0.0482322 0.0463646 0.0431167 0.0381153 0.0314991 0.023988
 0.00540173 0.00884754 0.0134557 0.0192372 0.0260476 0.0334769 0.040828 0.0472947 0.0522599 0.0554904 0.0571059 0.0574127 0.0567576 0.0554652 0.0538232 0.0520766 0.0504126 0.0489266 0.0475622 0.0460497 0.0439089 0.0405879 0.0357315 0.0294499 0.0223899
 0.00564296 0.00924287 0.0140565 0.0200931 0.0271968 0.034931 0.0425564 0.0492203 0.0542709 0.0574625 0.0589226 0.0589747 0.0579837 0.056289 0.0541895 0.0519384 0.0497325 0.0476846 0.0457725 0.0437821 0.0413052 0.0378573 0.033118 0.027176 0.0206005
 0.00589625 0.00965569 0.0146798 0.0209755 0.0283755 0.0364178 0.0443227 0.051191 0.0563336 0.0594885 0.0607872 0.0605709 0.0592272 0.0571164 0.0545532 0.0518001 0.0490599 0.0464558 0.0439919 0.041505 0.0386599 0.0350489 0.0303985 0.0247855 0.0187034
 0.00613847 0.0100558 0.0152936 0.0218584 0.0295712 0.0379406 0.0461395 0.0532164 0.0584436 0.0615455 0.0626636 0.0621607 0.0604487 0.0579102 0.0548772 0.0516239 0.0483599 0.0452167 0.0422182 0.0392448 0.0360299 0.032243 0.027664 0.0223655 0.0167705
 0.00637518 0.0104436 0.015883 0.0226991 0.0307034 0.0393801 0.0478628 0.0551524 0.0604819 0.0635552 0.064514 0.0637372 0.0616607 0.0586935 0.0551905 0.0514426 0.0476689 0.0440087 0.040503 0.0370693 0.0335018 0.0295424 0.0250237 0.0200192 0.0148878
 0.00663903 0.0108724 0.0165279 0.0236071 0.0319077 0.0408861 0.0496328 0.0571018 0.0624913 0.065494 0.066261 0.0651918 0.0627457 0.0593539 0.0553913 0.0511646 0.0469041 0.0427592 0.0387864 0.0349349 0.0310525 0.026945 0.0224932 0.0177725 0.0130838
 0.00682541 0.0111868 0.0170221 0.0243359 0.0329175 0.0421956 0.0512154 0.0588799 0.0643495 0.0673029 0.0679005 0.0665636 0.0637766 0.0599933 0.0556075 0.0509397 0.0462307 0.0416398 0.0372398 0.0330099 0.0288445 0.024605 0.0202141 0.0157478 0.0114562
 0.00708168 0.0115979 0.0176308 0.0251791 0.03402 0.0435606 0.0528121 0.0606372 0.0661613 0.0690451 0.0694503 0.0678165 0.0646568 0.0604572 0.0556394 0.0505432 0.0454194 0.040433 0.0356665 0.0311217 0.0267314 0.0224034 0.0180943 0.0138794 0.0099617
 0.00728249 0.0119344 0.018155 0.0259435 0.035064 0.0448909 0.0543849 0.0623568 0.0678996 0.0706712 0.0708545 0.0689186 0.0654036 0.0608171 0.0555992 0.0501061 0.0446017 0.039261 0.0341775 0.0293712 0.0248049 0.0204223 0.0162059 0.0122268 0.00864664
 0.00745477 0.012217 0.0185854 0.0265594 0.0358973 0.0459567 0.0556687 0.0638057 0.0694246 0.07216 0.07219 0.0699977 0.0661511 0.0611912 0.0555886 0.0497208 0.0438649 0.0382043 0.0328423 0.0278147 0.0231084 0.0186941 0.0145722 0.0108071 0.00752292
 0.00753276 0.0123474 0.018789 0.0268593 0.0363163 0.046512 0.0563659 0.0646353 0.0703601 0.0731594 0.0731969 0.0709427 0.0669571 0.0617839 0.0559081 0.0497304 0.0435532 0.0375832 0.0319436 0.0266905 0.0218335 0.0173659 0.0133006 0.00969421 0.00663862
 0.00760617 0.0124583 0.0189407 0.0270511 0.0365463 0.0467811 0.0566803 0.0650046 0.0707941 0.0736625 0.0737624 0.071549 0.0675655 0.0623402 0.0563483 0.0499914 0.0435847 0.0373572 0.0314604 0.0259807 0.0209571 0.016407 0.0123555 0.00885254 0.00596276
 0.00766418 0.0125473 0.0190645 0.0272088 0.0367322 0.0469853 0.0568901 0.0652085 0.0709875 0.0738523 0.0739663 0.071788 0.0678513 0.0626647 0.0566798 0.0502783 0.0437666 0.0373795 0.0312889 0.0256118 0.020422 0.0157675 0.0116913 0.0082415 0.00546199
 0.00773052 0.0126476 0.0192013 0.0273792 0.0369282 0.0471951 0.057099 0.0654006 0.0711484 0.0739735 0.07405 0.0718476 0.0679086 0.0627405 0.0567838 0.0504004 0.0438756 0.03743 0.0312358 0.0254271 0.0201065 0.015354 0.0112356 0.00780563 0.0050954
 0.00778524 0.0127328 0.019322 0.0275367 0.0371189 0.0474092 0.0573204 0.0656081 0.0713204 0.0740942 0.0741138 0.0718601 0.0678847 0.0627005 0.0567473 0.0503797 0.0438686 0.0374184 0.0311894 0.0253158 0.0199149 0.0150904 0.0109312 0.00750327 0.00483367
 0.0078308 0.012802 0.0194173 0.0276569 0.0372599 0.0475648 0.0574821 0.0657655 0.0714616 0.0742072 0.0741893 0.0718934 0.0678776 0.0626613 0.0566889 0.0503162 0.0438095 0.0373637 0.031128 0.0252297 0.0197886 0.0149209 0.010732 0.00729988 0.00465279
 0.00786519 0.0128549 0.0194912 0.0277518 0.0373729 0.04769 0.057611 0.0658878 0.0715672 0.074289 0.0742435 0.0719199 0.0678775 0.0626371 0.0566448 0.0502582 0.0437446 0.0372967 0.0310584 0.0251512 0.0196928 0.0148036 0.0105982 0.00716304 0.00452944
 0.00788223 0.0128798 0.0195234 0.0277892 0.0374125 0.047729 0.0576478 0.0659222 0.0715997 0.07432 0.0742733 0.071948 0.0679028 0.0626576 0.0566582 0.0502624 0.0437389 0.0372811 0.0310328 0.0251139 0.0196411 0.0147362 0.0105182 0.00707851 0.004451
 0.00789465 0.0128993 0.0195513 0.0278258 0.0374566 0.0477777 0.0576963 0.0659644 0.0716306 0.0743374 0.0742789 0.0719461 0.067898 0.0626531 0.0566546 0.0502585 0.0437322 0.0372694 0.0310139 0.0250863 0.0196035 0.0146887 0.0104633 0.00702138 0.00439819
 0.00793474 0.0129562 0.0196216 0.0279013 0.0375267 0.0478334 0.0577331 0.0659826 0.0716333 0.0743283 0.0742607 0.0719213 0.0678692 0.0626234 0.0566269 0.0502344 0.0437115 0.0372501 0.0309936 0.0250623 0.0195741 0.0146537 0.0104242 0.00698162 0.00436191
 0.00791598 0.0129293 0.0195875 0.0278626 0.0374859 0.047791 0.0576872 0.0659306 0.0715752 0.0742697 0.074212 0.0718939 0.067871 0.0626554 0.0566838 0.0503074 0.0437911 0.0373277 0.0310622 0.0251169 0.0196119 0.0146743 0.0104298 0.00697643 0.00435105
 0.00788687 0.0128791 0.0195073 0.0277436 0.0373234 0.0475894 0.0574625 0.0657093 0.0713864 0.0741361 0.0741448 0.0718933 0.0679305 0.0627654 0.0568332 0.0504831 0.0439787 0.0375127 0.0312319 0.0252618 0.0197266 0.0147575 0.0104841 0.00700721 0.00436528
 0.0079187 0.0129195 0.0195467 0.0277658 0.0373087 0.0475214 0.0573348 0.0655283 0.0711717 0.0739157 0.0739495 0.0717492 0.0678536 0.0627594 0.0568911 0.0505913 0.0441204 0.0376707 0.0313901 0.0254067 0.0198485 0.0148514 0.0105499 0.00704858 0.00438817
 0.00787989 0.0128659 0.019483 0.0277004 0.0372499 0.0474704 0.0572827 0.0654593 0.0710709 0.0737797 0.0737909 0.0715938 0.0677318 0.0626957 0.0568976 0.0506659 0.0442497 0.037835 0.0315681 0.0255792 0.0200007 0.0149744 0.0106406 0.00710951 0.00442508
 0.00786924 0.0128419 0.0194355 0.027618 0.0371248 0.0473058 0.057096 0.0652777 0.0709207 0.0736744 0.0737273 0.0715592 0.0677153 0.0626966 0.0569244 0.0507293 0.0443548 0.037977 0.0317336 0.0257504 0.0201603 0.0151095 0.0107447 0.00718234 0.00447121
 0.00785476 0.0128171 0.0193956 0.0275567 0.0370351 0.0471812 0.056934 0.0650834 0.0707097 0.0734717 0.0735611 0.0714518 0.0676753 0.0627188 0.0569961 0.0508382 0.0444925 0.0381377 0.03191 0.0259312 0.0203316 0.0152585 0.010863 0.00726774 0.00452706
 0.00780435 0.0127367 0.0192776 0.0273958 0.0368297 0.0469355 0.0566598 0.0647999 0.0704402 0.0732394 0.0733861 0.0713496 0.0676559 0.0627843 0.057139 0.0510423 0.0447372 0.0384029 0.032178 0.0261875 0.0205634 0.0154551 0.011018 0.00738017 0.00460146
 0.00779059 0.012709 0.0192262 0.0273085 0.0366951 0.0467484 0.0564252 0.0645341 0.0701677 0.0729867 0.0731767 0.0712012 0.0675796 0.0627853 0.0572164 0.051189 0.0449396 0.0386425 0.0324342 0.0264404 0.020796 0.0156546 0.0111768 0.00749668 0.00467963
 0.00775449 0.0126522 0.0191439 0.0271969 0.0365513 0.0465706 0.0562142 0.0642957 0.069914 0.0727369 0.0729544 0.0710302 0.0674792 0.0627664 0.0572806 0.0513295 0.0451433 0.0388911 0.0327067 0.0267145 0.0210514 0.0158754 0.0113534 0.00762675 0.0047673
 0.00771279 0.0125845 0.0190423 0.0270549 0.0363657 0.0463442 0.0559579 0.0640278 0.0696561 0.0725085 0.0727701 0.0708999 0.0674104 0.0627652 0.0573506 0.0514694 0.0453453 0.0391412 0.0329853 0.0269996 0.0213211 0.0161114 0.0115441 0.00776831 0.00486334
 0.00770634 0.01257 0.0190129 0.0270017 0.0362794 0.0462185 0.0557927 0.0638306 0.0694413 0.0722945 0.0725754 0.0707406 0.0672985 0.0627081 0.0573525 0.0515317 0.0454658 0.0393126 0.0331949 0.027229 0.0215498 0.0163199 0.0117179 0.00790055 0.00495478
 0.0076682 0.012515 0.0189429 0.0269218 0.0361958 0.0461343 0.055706 0.0637355 0.0693321 0.07217 0.0724422 0.0706115 0.0671889 0.0626329 0.0573224 0.0515525 0.0455384 0.0394334 0.0333549 0.0274146 0.0217433 0.016503 0.0118754 0.0080234 0.00504151
 0.0076672 0.0125094 0.0189276 0.0268906 0.036144 0.0460627 0.055622 0.0636512 0.0692582 0.0721103 0.0723916 0.0705611 0.067133 0.0625735 0.0572693 0.0515193 0.0455375 0.0394717 0.0334326 0.0275246 0.0218727 0.0166361 0.0119969 0.00812272 0.0051142
 0.00763477 0.0124628 0.0188686 0.026824 0.0360754 0.0459954 0.0555558 0.0635839 0.0691895 0.072044 0.0723352 0.0705212 0.0671117 0.0625679 0.0572749 0.0515344 0.045565 0.0395175 0.0335012 0.0276157 0.02198 0.0167485 0.0121021 0.00821067 0.00517995
 0.00761747 0.0124338 0.0188236 0.0267597 0.0359911 0.0458952 0.0554499 0.0634863 0.0691126 0.0719941 0.0723111 0.070517 0.0671213 0.0625871 0.0573018 0.0515683 0.045606 0.0395671 0.0335619 0.0276889 0.0220638 0.0168369 0.0121866 0.00828316 0.00523551
 0.00760792 0.0124184 0.0188007 0.0267272 0.0359473 0.0458387 0.0553805 0.0634065 0.0690288 0.0719159 0.0722486 0.0704779 0.0671077 0.0625964 0.0573284 0.0516063 0.0456516 0.0396188 0.0336196 0.027753 0.0221332 0.0169084 0.0122547 0.00834218 0.00528149
 0.00758338 0.0123804 0.0187469 0.0266572 0.0358621 0.0457413 0.0552761 0.0633021 0.0689319 0.0718338 0.0721877 0.0704428 0.0671018 0.0626202 0.0573792 0.0516783 0.0457374 0.0397113 0.0337138 0.0278455 0.0222217 0.0169903 0.0123269 0.00840155 0.00532632
 0.00758067 0.0123733 0.0187315 0.0266282 0.0358148 0.0456737 0.0551908 0.0632061 0.0688354 0.0717464 0.0721167 0.0703928 0.0670751 0.0626177 0.0574008 0.0517223 0.0458001 0.0397873 0.033797 0.0279303 0.0223034 0.0170649 0.0123915 0.00845383 0.00536536
 0.00755167 0.0123303 0.0186744 0.0265592 0.0357371 0.0455901 0.0551028 0.0631149 0.0687437 0.0716598 0.0720431 0.070341 0.0670517 0.0626255 0.0574386 0.0517863 0.0458847 0.0398861 0.0339029 0.0280363 0.0224032 0.0171535 0.0124653 0.00851127 0.00540675
 0.0075346 0.0123008 0.018627 0.0264886 0.0356404 0.0454694 0.0549672 0.0629791 0.0686232 0.0715662 0.0719813 0.0703103 0.0670494 0.0626495 0.0574876 0.0518585 0.0459769 0.039993 0.0340177 0.0281516 0.0225119 0.0172495 0.0125445 0.008572 0.00544972
 0.00752831 0.0122897 0.0186087 0.0264597 0.035597 0.0454082 0.0548863 0.0628801 0.0685125 0.0714545 0.0718818 0.070235 0.0670058 0.0626397 0.0575094 0.0519076 0.0460483 0.0400815 0.0341173 0.0282553 0.0226123 0.0173399 0.01262 0.00863026 0.00549096
 0.00751317 0.0122684 0.0185826 0.0264319 0.0355709 0.0453854 0.0548654 0.0628567 0.0684809 0.0714107 0.0718261 0.0701724 0.0669455 0.0625921 0.0574829 0.0519067 0.0460732 0.0401288 0.0341817 0.02833 0.0226899 0.0174134 0.0126836 0.00868051 0.00552711
 0.00749492 0.0122383 0.0185365 0.0263669 0.0354862 0.0452849 0.0547584 0.0627566 0.0684006 0.0713579 0.0718008 0.0701685 0.0669557 0.0626113 0.0575106 0.0519453 0.0461256 0.0401958 0.0342611 0.0284168 0.0227775 0.0174949 0.0127534 0.00873521 0.0055662
 0.00747786 0.0122101 0.0184934 0.0263048 0.0354023 0.0451787 0.0546334 0.0626217 0.0682694 0.0712459 0.0717216 0.0701307 0.0669597 0.0626511 0.0575763 0.0520276 0.046218 0.0402949 0.0343642 0.0285209 0.0228779 0.017586 0.0128302 0.00879487 0.00560856
 0.00747786 0.0122101 0.0184934 0.0263048 0.0354023 0.0451787 0.0546334 0.0626217 0.0682694 0.0712459 0.0717216 0.0701307 0.0669597 0.0626511 0.0575763 0.0520276 0.046218 0.0402949 0.0343642 0.0285209 0.0228779 0.017586 0.0128302 0.00879487 0.00560856
 0.00715737 0.0117007 0.0177507 0.0253013 0.0341397 0.0437032 0.0530486 0.0610833 0.0669562 0.0703158 0.071274 0.0701904 0.0674833 0.0635462 0.0587252 0.0533095 0.0475263 0.0415467 0.0355024 0.0295104 0.0237009 0.0182382 0.013319 0.00913819 0.0058324
 0.00722381 0.0117682 0.0177768 0.0252199 0.0338763 0.0432009 0.0522929 0.0601137 0.0658615 0.0692176 0.0703049 0.0694705 0.0670985 0.0635319 0.0590622 0.053932 0.0483403 0.0424513 0.0364074 0.0303466 0.0244231 0.0188236 0.0137638 0.00945334 0.00603908
 0.00722828 0.0117927 0.0178421 0.0253475 0.0340718 0.0434335 0.0524856 0.0601578 0.0656565 0.0687179 0.0695474 0.0685687 0.0662073 0.0628025 0.0586044 0.0537939 0.0485063 0.0428565 0.0369603 0.030953 0.0250045 0.0193266 0.0141616 0.00974208 0.00623124
 0.00715654 0.0116845 0.0176967 0.0251735 0.033889 0.0432718 0.0523776 0.0601242 0.0656868 0.0687612 0.0695251 0.0684108 0.0658925 0.0623784 0.0581729 0.0534717 0.0483816 0.0429613 0.0372678 0.0313948 0.0254969 0.019795 0.0145555 0.0100396 0.00643425
 0.00708772 0.011573 0.0175301 0.0249423 0.0335912 0.0429185 0.0519986 0.0597666 0.0654048 0.0685961 0.0694868 0.0684682 0.0659842 0.0624415 0.0581761 0.0534338 0.048362 0.0430282 0.0374631 0.0317152 0.0258981 0.0202136 0.0149333 0.01034 0.0066469
 0.00700288 0.0114369 0.0173288 0.0246646 0.033231 0.0424798 0.0514998 0.0592436 0.0649081 0.0681829 0.0692084 0.0683562 0.0660397 0.0626317 0.0584459 0.0537295 0.0486549 0.0433226 0.0377832 0.0320802 0.0263031 0.0206274 0.0153134 0.0106514 0.00687392
 0.00699658 0.0114179 0.017284 0.024576 0.0330797 0.0422527 0.0511956 0.0588753 0.0645017 0.0677732 0.068835 0.0680599 0.0658553 0.0625795 0.0585241 0.053914 0.0489095 0.0436154 0.0380971 0.0324109 0.0266471 0.0209711 0.0156323 0.0109198 0.00707626
 0.0069767 0.0113931 0.0172597 0.0245597 0.0330761 0.0422567 0.0511895 0.0588317 0.0643939 0.0675878 0.0685796 0.0677631 0.0655595 0.06233 0.0583583 0.0538524 0.0489522 0.043746 0.0382918 0.0326472 0.0269059 0.0212344 0.0158803 0.011133 0.00724149
 0.00693467 0.0113263 0.0171627 0.0244302 0.0329175 0.0420802 0.0510134 0.0586771 0.0642751 0.0675043 0.0685159 0.0676978 0.0654792 0.062239 0.0582778 0.0538117 0.0489761 0.0438456 0.0384621 0.0328705 0.0271587 0.0214917 0.0161193 0.0113357 0.00739734
 0.00687312 0.0112296 0.0170234 0.0242443 0.032685 0.0418077 0.050716 0.0583792 0.0640073 0.0672964 0.0683877 0.0676527 0.0655038 0.0623105 0.0583759 0.0539273 0.0491137 0.0440161 0.0386729 0.0331186 0.0274294 0.0217629 0.0163679 0.0115436 0.00755509
 0.0069596 0.0113632 0.0172109 0.0244855 0.0329714 0.0421204 0.0510251 0.0586467 0.0641942 0.0673741 0.0683464 0.0675029 0.0652711 0.0620256 0.0580668 0.0536173 0.0488228 0.0437637 0.0384771 0.0329914 0.027372 0.0217647 0.0164095 0.0116032 0.00761448
 0.00701077 0.0114576 0.0173729 0.0247426 0.033345 0.0426126 0.0516075 0.0592595 0.0647593 0.0678151 0.068607 0.0675572 0.0651243 0.0617086 0.0576267 0.0531068 0.0482916 0.0432542 0.0380227 0.032616 0.0270883 0.0215723 0.0162962 0.0115486 0.00759668
 0.0070286 0.0114908 0.0174317 0.0248415 0.0335022 0.0428472 0.0519341 0.0596798 0.065254 0.0683396 0.0690958 0.067938 0.0653369 0.0617212 0.0574427 0.0527601 0.0478356 0.0427485 0.0375226 0.0321656 0.0267168 0.0212927 0.0161058 0.0114329 0.00753514
