SBPRF35
7.78865
Curr Bio
495195
B35
656291
F35
0.212315
FOFL
0.148247
OFL
55407.7
Bzero
2.22533e+006
#pred survey bio
 3.81446e+006 3.40719e+006 3.04802e+006 2.71994e+006 2.40509e+006 2.10352e+006 1.81059e+006 1.58328e+006 1.39021e+006 1.20612e+006 1.07106e+006 968631 870870 798618 759512 719077 687142 666833 650444 633671 615035 605641 615695 621341 626676 616845 606010 598260 590964 590188 573980 555795 543892 538393 550377 546158 554874 557039 558963 568980 564567 566472 568499 564485 569550 561333 544315 500292 1.65487e+007 9.77151e+006 9.99847e+006 1.08298e+007 1.1978e+007 1.3169e+007 1.42421e+007 1.51305e+007 1.58268e+007 1.63531e+007 1.67413e+007 1.70232e+007 1.7226e+007 1.73714e+007 1.74755e+007 1.75502e+007 1.76041e+007 1.76432e+007 1.76717e+007 1.76926e+007 1.77081e+007 1.77196e+007 1.77282e+007 1.77346e+007 1.77395e+007 1.77432e+007 1.77461e+007 1.77482e+007 1.77498e+007 1.77511e+007 1.77521e+007 1.77528e+007 1.77534e+007 1.77538e+007 1.77542e+007 1.77544e+007 1.77546e+007 1.77548e+007 1.77549e+007 1.7755e+007 1.77551e+007 1.77551e+007 1.77552e+007 1.77552e+007 1.77552e+007 1.77552e+007 1.77553e+007 1.77553e+007 1.77553e+007 1.77553e+007 1.77553e+007 1.77553e+007 1.77553e+007 1.77553e+007 1.77553e+007 1.77553e+007 1.77553e+007 1.77553e+007 1.77553e+007 1.77553e+007 1.77553e+007 1.77553e+007 1.77553e+007 1.77553e+007 1.77553e+007 1.77553e+007 1.77553e+007 1.77553e+007 1.77553e+007 1.77553e+007 1.77553e+007 1.77553e+007 1.77553e+007 1.77553e+007 1.77553e+007 1.77553e+007 1.77553e+007 1.77553e+007 1.77553e+007 1.77553e+007 1.77553e+007 1.77553e+007 1.77553e+007 1.77553e+007 1.77553e+007 1.77553e+007 1.77553e+007 1.77553e+007 1.77553e+007 1.77553e+007 1.77553e+007 1.77553e+007 1.77553e+007 1.77553e+007 1.77553e+007 1.77553e+007 1.77553e+007 1.77553e+007 1.77553e+007 1.77553e+007 0 0 0 0 0 0 0 0 0 0 0 0 0 0 0 0 0 0 0 0 0 0 0 0 0
#obs survey bio
 3.50034e+006 1.9856e+006 2.80854e+006 2.2867e+006 2.39676e+006 1.45097e+006 1.48346e+006 1.52226e+006 1.28904e+006 657332 882450 691523 620693 596074 914632 475018 469366 639866 524716 579714 514115 669209 363628 689434 733705 669720 469889 435083 515440 520122 639565 523600 426711 366895 693727 526684 668854 574755 722594 490581 534089 503054 550339 555936 512288 699196 497906 580086
#pred catch bio
 294744 275881 274874 291685 307593 324533 285998 270055 271060 234102 210150 207538 184355 153933 152308 142382 130086 123971 121160 119604 109565 92298.4 94810.8 92654.6 102360 100389 95891.6 94156.2 87312.8 97650.6 95533.3 89378.4 88123.6 79448.7 96212.8 85475.3 90046.4 88979.8 81731.4 93369.7 87242.7 86504.5 90595.1 82192.9 92245.4 96912.6 114866 94929.9 55407.7 75473.7 75698.2 80740.6 89008.6 97825 105702 112089 116951 120491 122987 124703 125861 126631 127137 127466 127680 127817 127904 127960 127995 128018 128032 128041 128047 128050 128053 128054 128055 128055 128056 128056 128056 128056 128056 128056 128056 128056 128056 128056 128056 128056 128056 128056 128056 128056 128056 128056 128056 128056 128056 128056 128056 128056 128056 128056 128056 128056 128056 128056 128056 128056 128056 128056 128056 128056 128056 128056 128056 128056 128056 128056 128056 128056 128056 128056 128056 128056 128056 128056 128056 128056 128056 128056 128056 128056 128056 128056 128056 128056 128056 128056 128056 128056 128056 128056 128056 128056 128056 128056 0 0 0 0 0 0 0 0 0 0 0 0 0 0 0 0 0 0 0 0 0 0 0 0 0
#obs catch bio
 245197 277200 275948 294088 311651 331964 292158 277810 279115 240468 216278 214976 190628 158252 155370 145974 133875 126662 123807 121793 111649 93814.4 96744.5 93562.9 102954 100979 96837.4 95249.3 88349.8 99158.1 96489 89952.8 88983.5 80312.4 97542.1 86254.8 90473.3 89184.8 81746.2 93863.7 87588.4 86796.1 90972.2 82080.1 92629.2 96901.6 115095 94834.4
#pred cpue bio
 3.75209e+006 3.34922e+006 2.99353e+006 2.66692e+006 2.35318e+006 2.05314e+006 1.76228e+006 1.53665e+006 1.34558e+006 1.16392e+006 1.03038e+006 929090 833076 762596 724901 685881 654843 635380 619980 604172 586370 577386 587451 593579 599565 590512 580128 572653 565654 565216 550105 532976 520644 513305 523698 519774 528925 531610 533712 543524 539292 541269 543449 539749 544809 537079 521007 478791 1.58514e+007 9.36182e+006 9.44331e+006 1.01272e+007 1.12279e+007 1.24087e+007 1.34798e+007 1.43679e+007 1.50643e+007 1.55905e+007 1.59787e+007 1.62606e+007 1.64634e+007 1.66088e+007 1.67129e+007 1.67877e+007 1.68415e+007 1.68806e+007 1.69091e+007 1.693e+007 1.69455e+007 1.6957e+007 1.69656e+007 1.69721e+007 1.69769e+007 1.69807e+007 1.69835e+007 1.69856e+007 1.69873e+007 1.69885e+007 1.69895e+007 1.69902e+007 1.69908e+007 1.69912e+007 1.69916e+007 1.69918e+007 1.6992e+007 1.69922e+007 1.69923e+007 1.69924e+007 1.69925e+007 1.69925e+007 1.69926e+007 1.69926e+007 1.69926e+007 1.69927e+007 1.69927e+007 1.69927e+007 1.69927e+007 1.69927e+007 1.69927e+007 1.69927e+007 1.69927e+007 1.69927e+007 1.69927e+007 1.69927e+007 1.69927e+007 1.69927e+007 1.69927e+007 1.69927e+007 1.69927e+007 1.69927e+007 1.69927e+007 1.69927e+007 1.69927e+007 1.69927e+007 1.69927e+007 1.69927e+007 1.69927e+007 1.69927e+007 1.69927e+007 1.69927e+007 1.69927e+007 1.69927e+007 1.69927e+007 1.69927e+007 1.69927e+007 1.69927e+007 1.69927e+007 1.69927e+007 1.69927e+007 1.69927e+007 1.69927e+007 1.69927e+007 1.69927e+007 1.69927e+007 1.69927e+007 1.69927e+007 1.69927e+007 1.69927e+007 1.69927e+007 1.69927e+007 1.69927e+007 1.69927e+007 1.69927e+007 1.69927e+007 1.69927e+007 1.69927e+007 1.69927e+007 1.69927e+007 0 0 0 0 0 0 0 0 0 0 0 0 0 0 0 0 0 0 0 0 0 0 0 0 0
#obs cpue bio
 2.96402e+006 2.35962e+006 3.64424e+006 1.96292e+006 1.41005e+006 1.45e+006 1.52278e+006 735170 1.2978e+006 1.43951e+006 699423 705750 733559 667670 811532 504576 439179 720509 548118 654256 462685 324591 646921 903464 777160 461829 452625 606156 421775 553461 596430 598090 488008 414839 480693 450647 663404 592426 392015 525886 499902 603101 574222 672766 450400 534964 635479 409783
#pred surv len freq
 0.00604816 0.00971434 0.014419 0.0200651 0.0264602 0.0332456 0.0398597 0.0456595 0.0501605 0.0532049 0.0549392 0.0556618 0.0556818 0.0552472 0.0545232 0.0535931 0.0524733 0.0511305 0.049478 0.0473467 0.0444629 0.0405051 0.0352734 0.0289009 0.0219457
 0.00645045 0.0102648 0.0150619 0.0207007 0.0269933 0.033651 0.0402192 0.0461313 0.0508891 0.0542243 0.0561322 0.0568016 0.0565278 0.0556392 0.0544293 0.0530989 0.0517277 0.0502758 0.0485954 0.0464395 0.0434874 0.0394285 0.0341219 0.0277656 0.0209433
 0.00696881 0.0110728 0.0162069 0.0221868 0.0287639 0.0355759 0.0421017 0.0477541 0.0520943 0.054982 0.05654 0.0570048 0.0566144 0.0555869 0.0541374 0.0524704 0.0507374 0.0489818 0.0471002 0.0448391 0.0418462 0.0377929 0.0325498 0.0263398 0.0197518
 0.00737924 0.0117358 0.0171965 0.0235671 0.0305732 0.0378013 0.0446491 0.0504341 0.0546424 0.0571181 0.0580464 0.0577886 0.0567193 0.0551443 0.0532845 0.0512902 0.049255 0.0472063 0.0450685 0.0426295 0.0395659 0.0355599 0.0304826 0.0245473 0.0183148
 0.00774448 0.0123209 0.018062 0.0247666 0.0321479 0.0397678 0.0469812 0.0530465 0.0573848 0.0597824 0.06039 0.0595737 0.0577648 0.0553708 0.052727 0.0500658 0.0475065 0.0450587 0.0426223 0.039983 0.0368388 0.0328985 0.0280437 0.0224685 0.0166832
 0.00810688 0.012899 0.0189118 0.0259344 0.0336635 0.0416347 0.0491645 0.0554665 0.0599236 0.0622978 0.0627251 0.061561 0.0592332 0.0561662 0.0527456 0.0492832 0.0459833 0.0429193 0.0400227 0.0370905 0.0338293 0.0299586 0.0253601 0.0201986 0.0149206
 0.00853715 0.0135775 0.0198939 0.0272579 0.0353433 0.0436543 0.0514653 0.0579442 0.0624397 0.064703 0.064881 0.063349 0.0605509 0.0569209 0.0528538 0.0486833 0.044657 0.0409103 0.0374425 0.0341088 0.0306574 0.0268288 0.0224975 0.0177848 0.0130577
 0.00878464 0.0139871 0.0205237 0.0281665 0.0365775 0.0452308 0.053352 0.0600543 0.0646453 0.0668609 0.0668567 0.0650294 0.0618458 0.0577574 0.0531697 0.0484243 0.0437838 0.039416 0.0353746 0.0315844 0.0278616 0.023993 0.0198597 0.0155407 0.0113203
 0.00906251 0.0144195 0.02114 0.0289848 0.037607 0.0464734 0.0547976 0.0616721 0.0663764 0.0686176 0.0685308 0.0665072 0.0630243 0.0585552 0.0535283 0.0483018 0.0431504 0.0382585 0.0337124 0.0294913 0.0254786 0.0215195 0.0175179 0.0135246 0.00974827
 0.00957127 0.0151959 0.0222135 0.0303475 0.0392165 0.0482592 0.0566671 0.0635169 0.0680866 0.0701013 0.0697263 0.0673808 0.0635587 0.0587384 0.0533482 0.0477466 0.0422098 0.036929 0.0320084 0.0274636 0.0232318 0.0192126 0.0153398 0.0116477 0.00828263
 0.00990093 0.0157269 0.0230016 0.0314363 0.0406234 0.0499561 0.0585645 0.0654677 0.0699157 0.0716503 0.0708897 0.0681171 0.0638777 0.0586777 0.0529502 0.0470438 0.04122 0.0356604 0.0304735 0.0256977 0.0213099 0.0172546 0.0134941 0.0100549 0.00703522
 0.0100118 0.0159238 0.0233294 0.0319491 0.0413743 0.0509797 0.0598564 0.066972 0.0715257 0.0732245 0.072277 0.069187 0.0645455 0.0589158 0.0527815 0.04652 0.0403982 0.0345879 0.0291883 0.024241 0.0197434 0.0156698 0.0120039 0.00876826 0.0060255
 0.0101071 0.0160867 0.0235899 0.0323421 0.0419349 0.0517336 0.0608093 0.0681004 0.0727754 0.074513 0.073501 0.0702342 0.0653118 0.0593249 0.0528 0.04616 0.0397068 0.0336298 0.0280302 0.0229478 0.0183835 0.0143224 0.0107572 0.0077032 0.0051949
 0.0101417 0.0161422 0.0236732 0.0324619 0.0421039 0.0519702 0.0611365 0.0685416 0.073345 0.0752073 0.0742903 0.0710604 0.0660945 0.0599735 0.0532309 0.0463142 0.0395611 0.0331984 0.0273573 0.0220968 0.0174292 0.0133456 0.00983836 0.00691155 0.00457431
 0.0102249 0.0162433 0.0237633 0.0324958 0.0420357 0.0517775 0.0608401 0.0682073 0.0730673 0.0750802 0.074381 0.0713918 0.0666389 0.0606578 0.0539512 0.0469577 0.0400305 0.0334308 0.0273336 0.0218403 0.0169956 0.0128103 0.00928135 0.00640272 0.00416096
 0.0104202 0.0165404 0.02417 0.0329998 0.0426006 0.0523426 0.0613248 0.0685279 0.0731645 0.0749476 0.0740754 0.0710154 0.0663014 0.0604375 0.0538722 0.0469891 0.0401039 0.0334668 0.0272686 0.0216438 0.0166765 0.0124091 0.00885548 0.00600837 0.00383812
 0.0103544 0.0164705 0.0241327 0.0330503 0.0427953 0.0527121 0.0618512 0.0691398 0.0737551 0.0754075 0.0743264 0.0710342 0.0661245 0.0601454 0.0535579 0.0467236 0.0399143 0.0333353 0.0271504 0.0214932 0.0164682 0.0121475 0.00856861 0.00573388 0.00360756
 0.0102873 0.0163541 0.023947 0.0327799 0.0424428 0.0523128 0.0614791 0.0688922 0.0737153 0.075605 0.0747183 0.0715223 0.0665977 0.0605234 0.0538134 0.0468764 0.0400053 0.0333982 0.0271952 0.0215091 0.0164386 0.0120662 0.00844685 0.00559548 0.00347813
 0.0102521 0.016295 0.023854 0.0326409 0.0422447 0.0520459 0.0611445 0.0685117 0.073338 0.0753023 0.074565 0.0715659 0.0668352 0.0608994 0.054244 0.0472845 0.040345 0.0336574 0.0273815 0.0216331 0.0165061 0.0120814 0.00841869 0.00553989 0.00341397
 0.0103087 0.0163712 0.023939 0.0327141 0.0422804 0.0520206 0.0610438 0.0683333 0.073092 0.0750124 0.0742685 0.0713125 0.0666757 0.0608688 0.0543452 0.0474861 0.0405946 0.0339031 0.0275881 0.0217849 0.0166019 0.0121274 0.00842532 0.00552031 0.00338219
 0.0104258 0.0165468 0.024175 0.0330003 0.0425942 0.052329 0.0613066 0.0685082 0.0731439 0.0749236 0.0740467 0.0709907 0.0663056 0.0605092 0.0540485 0.0472847 0.0404935 0.0338824 0.0276141 0.0218246 0.0166326 0.0121392 0.00841812 0.00550005 0.0033567
 0.0103991 0.0165138 0.0241444 0.032986 0.0426113 0.0523865 0.0614016 0.0686245 0.0732559 0.0750038 0.074073 0.0709527 0.066208 0.0603714 0.0539009 0.0471598 0.0404163 0.0338621 0.0276427 0.0218817 0.0166953 0.0121901 0.00844956 0.00551288 0.00335668
 0.0101041 0.0160697 0.0235433 0.0322478 0.0417815 0.0515315 0.060602 0.0679666 0.0728166 0.0748312 0.0741731 0.0712893 0.0667162 0.0609778 0.0545404 0.0477865 0.0410041 0.0343993 0.0281226 0.0222975 0.0170388 0.0124561 0.00863944 0.00563615 0.00342855
 0.0098857 0.0157263 0.0230495 0.031591 0.0409685 0.0505953 0.0596089 0.0670134 0.0720143 0.0742793 0.0739359 0.0713833 0.0671112 0.0616075 0.0553198 0.0486295 0.0418387 0.0351745 0.0288085 0.0228792 0.017511 0.0128197 0.00890189 0.00581146 0.00353564
 0.00985681 0.0156544 0.0228954 0.0313036 0.0404981 0.0499158 0.058737 0.0660157 0.0709967 0.073364 0.0732365 0.0709848 0.0670555 0.0618879 0.0558843 0.0493944 0.0427073 0.0360565 0.0296327 0.023599 0.0181025 0.0132773 0.0092338 0.00603529 0.00367469
 0.00996168 0.015816 0.0231196 0.0315834 0.0408075 0.0502046 0.058932 0.066035 0.0707764 0.0728889 0.0725561 0.0702039 0.0663048 0.061287 0.055513 0.049279 0.0428235 0.0363439 0.0300162 0.0240075 0.0184819 0.0135947 0.00947602 0.00620457 0.00378278
 0.0100281 0.0159219 0.023275 0.0317955 0.0410783 0.0505264 0.0592817 0.0663694 0.0710342 0.0730013 0.0724668 0.0698921 0.065801 0.0606717 0.0548952 0.0487636 0.042481 0.036196 0.0300388 0.0241478 0.0186791 0.0137973 0.00965054 0.00633618 0.00387119
 0.0100303 0.0159283 0.0232903 0.0318266 0.0411337 0.0506145 0.0594081 0.0665337 0.071226 0.073197 0.0726288 0.0699746 0.0657637 0.0604974 0.0546036 0.0484104 0.0421412 0.0359374 0.0298994 0.0241279 0.0187489 0.0139139 0.00977454 0.00644179 0.00394788
 0.00991575 0.0157665 0.0230921 0.031618 0.040949 0.0504855 0.0593552 0.0665631 0.0713324 0.0733671 0.0728424 0.0702036 0.0659727 0.060649 0.0546692 0.0483831 0.0420421 0.0358096 0.0297912 0.0240736 0.0187576 0.0139717 0.00985568 0.00652192 0.00401197
 0.00955311 0.0152313 0.0223886 0.0307888 0.0400667 0.0496371 0.0586272 0.066031 0.0710513 0.0733613 0.0730996 0.070678 0.0665959 0.0613436 0.0553613 0.0490127 0.0425721 0.0362308 0.0301185 0.0243343 0.0189767 0.0141622 0.0100186 0.00665233 0.00410689
 0.00952473 0.0151581 0.0222306 0.0304972 0.0396033 0.0489999 0.0578702 0.0652594 0.0703911 0.0729179 0.0729279 0.0707765 0.0669196 0.0618247 0.0559259 0.0495923 0.0431122 0.036696 0.0304955 0.0246285 0.0192044 0.0143405 0.0101589 0.00676001 0.00418463
 0.0104974 0.0165259 0.0238927 0.0322218 0.0410882 0.0499734 0.0581773 0.0648941 0.0694733 0.071644 0.0715188 0.0694318 0.0657832 0.0609671 0.0553486 0.0492489 0.0429348 0.0366182 0.0304665 0.0246179 0.0192 0.0143406 0.010165 0.00677168 0.00419884
 0.0114669 0.0180226 0.0259867 0.0348979 0.0442189 0.0532985 0.0613058 0.0673614 0.0708648 0.0717377 0.070365 0.0673221 0.0631331 0.0581823 0.0527338 0.0469782 0.0410674 0.0351369 0.0293176 0.0237408 0.0185425 0.0138622 0.00983279 0.00655536 0.00406884
 0.0112905 0.0178905 0.0260718 0.035451 0.0454954 0.0554424 0.0642462 0.0707817 0.0742664 0.0745704 0.0721712 0.0678506 0.0623914 0.0564125 0.0503216 0.044332 0.038519 0.0328937 0.0274676 0.0222882 0.0174473 0.0130687 0.00928363 0.00619631 0.00384982
 0.0106078 0.0168779 0.0247387 0.0338957 0.0439112 0.0541057 0.0634814 0.0708904 0.0754197 0.0767053 0.0749579 0.0707711 0.064903 0.0581187 0.0510729 0.0442247 0.0378112 0.0318894 0.0264224 0.0213639 0.0167138 0.0125318 0.00891631 0.00596058 0.00370849
 0.0103728 0.0164878 0.0241399 0.0330423 0.0427876 0.0527584 0.0620483 0.0696036 0.0745664 0.0765496 0.0756478 0.0722659 0.0669572 0.0603404 0.0530448 0.0456364 0.0385427 0.0320116 0.0261271 0.0208701 0.016196 0.0120919 0.00859055 0.00574376 0.00357694
 0.010236 0.0162534 0.0237639 0.0324749 0.0419828 0.0516921 0.0607409 0.0681393 0.0731 0.0752946 0.074842 0.0721139 0.0675597 0.0616388 0.0548149 0.0475478 0.0402646 0.0333167 0.0269425 0.0212601 0.0162977 0.0120459 0.00849878 0.00565995 0.00351871
 0.0103124 0.0163529 0.0238664 0.0325421 0.041962 0.0515265 0.0603816 0.0675572 0.0722993 0.0743269 0.0738161 0.0711909 0.066924 0.0614465 0.0551341 0.0483203 0.0413146 0.0344114 0.0278763 0.0219186 0.0166725 0.0122027 0.00852709 0.0056342 0.00348321
 0.010369 0.016442 0.0239938 0.0327074 0.0421544 0.0517192 0.0605292 0.0676001 0.0721774 0.0739995 0.0732813 0.0704978 0.0661732 0.0607752 0.0546828 0.0481878 0.0415185 0.0348756 0.0284604 0.0224747 0.0170991 0.0124678 0.00865541 0.00567526 0.00348304
 0.0102774 0.0163069 0.0238165 0.0324992 0.0419348 0.0515113 0.060354 0.067471 0.0720936 0.0739423 0.0732177 0.0703928 0.0660094 0.0605686 0.0544876 0.0480812 0.0415692 0.0351103 0.0288463 0.0229313 0.0175335 0.0128121 0.0088853 0.00580445 0.00354326
 0.0102576 0.0162843 0.0238004 0.0325037 0.0419748 0.051596 0.0604816 0.0676271 0.0722542 0.0740794 0.0733025 0.0703994 0.065919 0.0603773 0.0542149 0.0477736 0.0412916 0.0349251 0.0287884 0.0229936 0.0176729 0.012972 0.00902106 0.00589616 0.00359325
 0.0101918 0.0161789 0.0236455 0.0322939 0.0417137 0.0513009 0.0601861 0.0673764 0.0720928 0.0740346 0.073375 0.0705629 0.0661296 0.0605876 0.0543872 0.0478905 0.0413609 0.0349752 0.0288533 0.0230956 0.0178111 0.0131255 0.00916205 0.00600485 0.00366417
 0.010117 0.0160645 0.0234867 0.0320908 0.04147 0.0510238 0.0598874 0.0670752 0.0718171 0.0738196 0.073255 0.0705604 0.0662458 0.0607994 0.0546538 0.0481672 0.0416138 0.0351898 0.0290344 0.0232572 0.0179643 0.0132709 0.00929135 0.00610793 0.00373635
 0.0101879 0.016161 0.0235971 0.0321926 0.041536 0.0510315 0.0598269 0.0669508 0.0716435 0.0736165 0.0730448 0.0703677 0.0660952 0.0607104 0.0546339 0.0482081 0.0416952 0.0352884 0.0291335 0.0233502 0.0180515 0.0133535 0.00936707 0.00617193 0.00378457
 0.00997209 0.0158555 0.0232207 0.0317893 0.0411603 0.0507261 0.0596065 0.0668032 0.0715448 0.0735495 0.0730083 0.0703733 0.0661582 0.0608409 0.054832 0.0484638 0.0419894 0.0355967 0.0294314 0.0236185 0.0182795 0.0135381 0.00950971 0.00627634 0.00385586
 0.00976477 0.0155491 0.022818 0.0313167 0.0406653 0.0502689 0.0592492 0.0665962 0.0715116 0.0736756 0.0732443 0.0706546 0.0664309 0.0610789 0.0550373 0.0486536 0.0421806 0.0357965 0.0296358 0.0238163 0.0184585 0.0136891 0.00962872 0.00636388 0.0039156
 0.00948722 0.0151415 0.022286 0.0306955 0.0400118 0.0496482 0.0587228 0.0662165 0.0713179 0.0736874 0.0734531 0.0710216 0.0668942 0.0615703 0.055502 0.0490619 0.0425282 0.0360943 0.0298965 0.0240471 0.0186593 0.0138565 0.00976008 0.00645974 0.00398019
 0.009328 0.0149176 0.0220141 0.0304144 0.0397729 0.0494992 0.0586933 0.0663108 0.0715165 0.0739541 0.0737446 0.0712973 0.0671234 0.0617354 0.0555967 0.0490899 0.042502 0.0360335 0.0298239 0.0239823 0.0186138 0.0138326 0.00975322 0.00646304 0.00398738
#obs surv len freq
 0.00496997 0.00814153 0.0123851 0.0177143 0.0240025 0.0308827 0.0377275 0.0438119 0.0485851 0.0518467 0.0537172 0.054484 0.0544683 0.0539679 0.0532431 0.0525064 0.0519017 0.0514626 0.0510501 0.0502945 0.0486138 0.0453774 0.0402083 0.0332758 0.0253618
 0.00517476 0.00847665 0.0128938 0.018439 0.0249774 0.0321221 0.0392125 0.0454843 0.0503536 0.053602 0.0553473 0.0558843 0.0555465 0.0546465 0.0534616 0.052226 0.0511104 0.0501825 0.0493426 0.0482633 0.046402 0.0431559 0.0381521 0.0315305 0.0240123
 0.00541153 0.00886298 0.0134779 0.0192666 0.0260834 0.033517 0.0408684 0.0473302 0.0522858 0.0555035 0.0571053 0.0573991 0.0567323 0.0554298 0.0537803 0.0520302 0.050368 0.0488891 0.0475357 0.046035 0.0439046 0.0405908 0.0357382 0.0294575 0.0223967
 0.00565604 0.00926312 0.014085 0.0201303 0.0272421 0.0349829 0.0426124 0.0492762 0.0543216 0.0575026 0.0589474 0.0589814 0.0579719 0.0562604 0.054147 0.051886 0.0496749 0.0476272 0.0457202 0.0437388 0.0412724 0.0378345 0.0331033 0.0271671 0.0205954
 0.00589168 0.00965212 0.0146815 0.0209885 0.0284059 0.0364689 0.044393 0.0512735 0.0564183 0.0595653 0.0608482 0.060611 0.0592439 0.0571097 0.0545248 0.0517536 0.0490002 0.0463887 0.0439234 0.0414406 0.0386037 0.0350031 0.0303635 0.0247605 0.0186865
 0.00615597 0.0100823 0.0153301 0.0219051 0.0296284 0.0380092 0.0462212 0.053312 0.0585504 0.0616562 0.0627663 0.0622423 0.0604983 0.0579219 0.0548508 0.051564 0.0482736 0.0451125 0.0421049 0.0391305 0.0359221 0.0321475 0.0275845 0.0223039 0.0167261
 0.00638676 0.0104639 0.0159163 0.0227497 0.0307743 0.0394712 0.0479692 0.0552658 0.0605927 0.0636562 0.0646009 0.063807 0.06171 0.0587169 0.0551831 0.0514016 0.0475956 0.0439088 0.0403849 0.0369428 0.0333768 0.0294275 0.0249255 0.0199414 0.0148311
 0.006627 0.0108551 0.0165062 0.0235838 0.0318875 0.040875 0.0496368 0.0571261 0.062538 0.0655609 0.0663422 0.0652789 0.0628302 0.059428 0.0554482 0.0511981 0.04691 0.0427364 0.0387379 0.0348677 0.0309757 0.026868 0.022424 0.0177161 0.0130422
 0.00684137 0.0112106 0.017054 0.024375 0.0329619 0.0422436 0.0512658 0.0589322 0.0644034 0.0673579 0.0679551 0.0666151 0.0638211 0.0600265 0.0556252 0.0509385 0.0462082 0.0415948 0.0371735 0.0329265 0.0287513 0.024511 0.0201282 0.0156766 0.0114027
 0.00705867 0.0115628 0.0175822 0.0251174 0.0339474 0.0434809 0.0527309 0.0605622 0.0661017 0.06901 0.069447 0.0678482 0.0647213 0.0605471 0.0557435 0.0506485 0.0455141 0.0405082 0.0357173 0.0311473 0.0267353 0.0223917 0.0180746 0.0138582 0.00994352
 0.00727316 0.0119165 0.0181231 0.0258915 0.0349872 0.0447887 0.0542637 0.0622295 0.0677825 0.0705793 0.0707987 0.0689044 0.0654312 0.0608827 0.0556953 0.0502215 0.0447236 0.0393766 0.0342765 0.0294474 0.0248569 0.0204528 0.0162202 0.0122311 0.00864592
 0.00743454 0.0121828 0.0185315 0.0264797 0.0357867 0.0458131 0.0554958 0.0636147 0.0692329 0.0719889 0.0720602 0.0699255 0.0661445 0.0612493 0.0557024 0.0498757 0.0440436 0.0383891 0.0330175 0.0279685 0.0232336 0.0187891 0.0146393 0.0108512 0.00755002
 0.00753145 0.0123422 0.0187753 0.0268307 0.0362658 0.0464341 0.056259 0.0645023 0.0702093 0.0730029 0.0730497 0.0708213 0.0668767 0.0617557 0.0559365 0.0498118 0.0436767 0.0377329 0.0321022 0.0268421 0.0219662 0.0174728 0.0133801 0.00974885 0.00667329
 0.00760858 0.0124592 0.0189365 0.0270362 0.0365141 0.0467261 0.0565995 0.0648993 0.0706695 0.0735272 0.0736279 0.071428 0.0674708 0.0622828 0.0563364 0.0500279 0.0436663 0.0374746 0.0315994 0.0261255 0.0210928 0.0165228 0.012446 0.00891733 0.00600526
 0.00765827 0.0125392 0.019055 0.0271991 0.0367227 0.0469744 0.0568732 0.0651795 0.0709407 0.0737851 0.0738815 0.0716932 0.0677577 0.0625848 0.0566251 0.0502575 0.043784 0.0374337 0.0313726 0.0257133 0.0205277 0.015865 0.011772 0.00830185 0.00550284
 0.00770664 0.0126086 0.0191424 0.0272969 0.0368216 0.0470683 0.0569623 0.0652688 0.0710369 0.0738926 0.0740025 0.0718296 0.0679136 0.0627634 0.0568224 0.0504558 0.0439495 0.0375232 0.0313457 0.0255471 0.0202271 0.015465 0.0113287 0.00787667 0.00514455
 0.00778282 0.0127276 0.0193118 0.0275183 0.0370885 0.0473636 0.057258 0.0655306 0.0712332 0.0740062 0.0740353 0.0718001 0.067848 0.0626874 0.0567548 0.0504046 0.043909 0.0374736 0.0312585 0.0253957 0.0199999 0.0151729 0.0110038 0.00756098 0.00487495
 0.00781398 0.0127777 0.0193863 0.0276217 0.0372234 0.0475289 0.0574469 0.0657289 0.0714212 0.0741619 0.0741408 0.0718468 0.0678393 0.0626375 0.0566836 0.0503301 0.0438408 0.0374097 0.0311856 0.0252956 0.0198584 0.0149892 0.0107931 0.00734949 0.00468909
 0.00784079 0.0128163 0.0194353 0.0276771 0.0372807 0.0475854 0.0575035 0.0657898 0.0714905 0.0742405 0.0742238 0.0719241 0.0678991 0.062671 0.0566886 0.0503115 0.0438071 0.0373673 0.0311347 0.02523 0.0197701 0.0148752 0.0106601 0.00721231 0.00456522
 0.00787724 0.01287 0.0195056 0.0277593 0.0373667 0.0476656 0.0575687 0.0658335 0.071511 0.0742423 0.0742161 0.0719169 0.0678984 0.0626761 0.0566938 0.0503097 0.043794 0.0373418 0.0310973 0.0251802 0.0197063 0.0147967 0.0105706 0.00712044 0.00448164
 0.0078776 0.0128692 0.0195016 0.0277494 0.0373477 0.0476353 0.0575266 0.0657816 0.0714544 0.0741883 0.0741739 0.0718958 0.0679056 0.062714 0.0567582 0.0503908 0.0438789 0.0374183 0.0311564 0.0252166 0.019718 0.014785 0.0105401 0.00707886 0.00443806
 0.00790728 0.012911 0.0195526 0.0278026 0.0373938 0.0476652 0.0575344 0.0657654 0.071416 0.0741325 0.074108 0.0718289 0.0678477 0.0626739 0.0567419 0.050399 0.0439071 0.0374577 0.0311964 0.0252479 0.0197345 0.0147849 0.0105255 0.00705492 0.00441122
 0.00790246 0.0129073 0.0195543 0.0278152 0.0374216 0.0477075 0.0575834 0.0658078 0.0714378 0.0741255 0.0740726 0.0717735 0.0677848 0.0626162 0.0566992 0.050377 0.0439068 0.0374754 0.0312248 0.0252781 0.0197586 0.0147979 0.0105267 0.00704692 0.00439841
 0.00788367 0.0128718 0.0194924 0.0277167 0.0372802 0.0475273 0.0573824 0.065615 0.071284 0.0740316 0.0740439 0.0718014 0.0678542 0.0627129 0.056813 0.0505018 0.0440381 0.0376083 0.0313532 0.0253946 0.0198563 0.0148723 0.0105769 0.00707601 0.00441192
 0.0078759 0.0128565 0.019464 0.0276677 0.037202 0.0474126 0.0572285 0.0654277 0.0710794 0.0738355 0.0738857 0.071706 0.0678336 0.0627638 0.0569206 0.0506465 0.0442015 0.037776 0.0315144 0.0255409 0.0199809 0.0149709 0.0106483 0.0071225 0.00443869
 0.007842 0.0128014 0.0193814 0.0275519 0.0370495 0.0472239 0.05701 0.0651924 0.0708449 0.0736217 0.0737124 0.0715918 0.0677934 0.0628053 0.0570409 0.0508315 0.0444292 0.038022 0.0317565 0.0257621 0.02017 0.0151217 0.0107599 0.00719841 0.00448564
 0.00785346 0.0128133 0.0193869 0.0275402 0.0370085 0.0471444 0.0568896 0.0650363 0.070665 0.0734333 0.0735323 0.071436 0.0676774 0.0627422 0.0570397 0.0508944 0.0445496 0.0381848 0.0319416 0.0259485 0.0203402 0.015264 0.0108689 0.0072749 0.00453446
 0.00782674 0.0127738 0.0193344 0.0274762 0.0369345 0.04706 0.0567918 0.0649214 0.070532 0.0732873 0.073385 0.0713036 0.0675762 0.0626856 0.057036 0.0509464 0.0446544 0.0383333 0.032119 0.0261361 0.0205192 0.0154193 0.0109918 0.00736344 0.00459241
 0.00780945 0.0127431 0.0192838 0.0273991 0.0368266 0.0469231 0.0566355 0.0647615 0.0703853 0.0731653 0.0732915 0.0712373 0.0675353 0.0626714 0.0570531 0.0509999 0.0447468 0.0384621 0.0322756 0.0263072 0.0206885 0.0155716 0.0111164 0.0074559 0.00465452
 0.00779499 0.0127178 0.0192421 0.0273346 0.0367333 0.0467973 0.0564788 0.0645826 0.0701998 0.0729928 0.0731512 0.0711431 0.0674928 0.0626783 0.0571026 0.051085 0.0448618 0.0386025 0.0324354 0.026477 0.0208561 0.0157241 0.0112433 0.007552 0.00472042
 0.00772368 0.0126072 0.019086 0.0271308 0.0364849 0.0465129 0.0561734 0.0642774 0.0699199 0.0727632 0.0729926 0.071069 0.0675079 0.0627783 0.0572749 0.0513114 0.0451226 0.0388796 0.0327137 0.0267435 0.0210991 0.0159334 0.0114117 0.00767716 0.00480553
 0.00929276 0.0147957 0.0217106 0.0297987 0.0387086 0.0478933 0.0565444 0.0637315 0.0687196 0.0712127 0.0713436 0.0694877 0.0660852 0.0615539 0.0562581 0.0504937 0.0444856 0.0383997 0.032366 0.0265041 0.0209452 0.0158435 0.011366 0.0076587 0.00480122
 0.00930258 0.0151004 0.0226769 0.0318779 0.0422373 0.0528261 0.0622856 0.0692336 0.0728562 0.0732247 0.0710919 0.0673894 0.062834 0.0578258 0.0525454 0.0470802 0.0414985 0.0358751 0.0302946 0.024856 0.0196802 0.0149138 0.0107178 0.00723388 0.00454199
 0.00896053 0.0145663 0.0219357 0.0309859 0.0413734 0.0523241 0.062591 0.0707425 0.075673 0.0769855 0.0750135 0.0705667 0.0646176 0.0580476 0.0514816 0.0452326 0.0393615 0.0338025 0.0284799 0.0233726 0.0185315 0.0140688 0.0101294 0.00684893 0.00430744
 0.00878812 0.0142732 0.0214718 0.0303011 0.0404376 0.0511625 0.0613274 0.0696242 0.0750463 0.077197 0.0762532 0.0727266 0.0672658 0.0605706 0.0533321 0.0461371 0.0393712 0.033189 0.027572 0.0224338 0.0177164 0.0134372 0.00968133 0.00655514 0.00412926
 0.00872262 0.014161 0.0212914 0.0300255 0.040037 0.0506106 0.060614 0.0687744 0.0741421 0.0763925 0.0757631 0.0727698 0.067968 0.0618717 0.0549663 0.0477217 0.0405637 0.0338192 0.027673 0.0221747 0.0172979 0.0130142 0.00933673 0.00631224 0.00397669
 0.00867378 0.0140856 0.0211847 0.0298842 0.0398568 0.0503841 0.0603301 0.0684202 0.0737109 0.075897 0.0752525 0.0723403 0.0677519 0.0619937 0.0554784 0.0485527 0.0415268 0.0346848 0.0282675 0.0224429 0.0172975 0.0128594 0.00913671 0.0061363 0.00385131
 0.00869149 0.0141054 0.0211981 0.0298779 0.0398167 0.0503004 0.0602008 0.0682499 0.0735054 0.0756585 0.0749819 0.0720478 0.0674717 0.0617895 0.0554287 0.0487142 0.041895 0.0351797 0.0287624 0.0228218 0.0175035 0.0129063 0.00908242 0.00604464 0.00376603
 0.00866428 0.0140687 0.0211561 0.0298379 0.0397849 0.0502772 0.0601776 0.0682118 0.0734379 0.075554 0.0748425 0.0718831 0.0672967 0.0616266 0.0553105 0.0486808 0.041978 0.0353808 0.029042 0.0231111 0.0177354 0.0130448 0.00913143 0.00603448 0.00373153
 0.00865685 0.0140544 0.0211309 0.029798 0.039729 0.0502091 0.0601071 0.0681513 0.0733959 0.0755296 0.0748247 0.0718566 0.0672504 0.06156 0.0552363 0.0486224 0.0419628 0.0354293 0.0291555 0.0232669 0.0178952 0.0131724 0.00920879 0.00606487 0.00373153
 0.00864732 0.0140392 0.0211086 0.0297669 0.0396876 0.0501562 0.0600428 0.0680786 0.0733216 0.0754634 0.0747756 0.071829 0.0672411 0.0615603 0.055238 0.0486239 0.0419717 0.0354586 0.0292153 0.0233562 0.018 0.0132716 0.00928457 0.0061105 0.00375131
 0.00864348 0.0140322 0.0210968 0.0297483 0.0396605 0.0501197 0.0599976 0.068027 0.0732669 0.0754095 0.074727 0.0717902 0.0672161 0.0615507 0.055242 0.048638 0.0419934 0.0354888 0.0292575 0.0234127 0.0180673 0.0133406 0.0093442 0.00615332 0.00377625
 0.00864061 0.0140288 0.0210937 0.029747 0.0396619 0.0501235 0.0600016 0.0680273 0.0732595 0.0753921 0.0746995 0.0717555 0.0671787 0.0615158 0.0552143 0.0486201 0.0419864 0.035493 0.029273 0.0234393 0.0181031 0.013381 0.00938279 0.00618443 0.00379721
 0.00864065 0.0140288 0.0210938 0.0297474 0.039663 0.0501261 0.0600065 0.0680349 0.0732687 0.0754003 0.074703 0.0717508 0.0671641 0.0614927 0.0551863 0.0485922 0.0419634 0.0354783 0.0292686 0.0234454 0.0181185 0.0134024 0.00940598 0.00620515 0.00381277
 0.00863953 0.0140281 0.0210947 0.0297515 0.039672 0.0501407 0.0600258 0.0680567 0.0732902 0.0754185 0.0747157 0.0717561 0.0671606 0.0614797 0.0551645 0.0485642 0.0419332 0.0354506 0.0292475 0.0234333 0.0181157 0.0134074 0.00941564 0.00621608 0.00382228
 0.00862426 0.014006 0.0210665 0.02972 0.0396413 0.0501152 0.0600094 0.0680519 0.0732978 0.0754373 0.0747423 0.0717862 0.0671897 0.0615039 0.0551812 0.0485725 0.041934 0.0354465 0.0292418 0.0234292 0.0181154 0.0134112 0.00942255 0.0062241 0.00382956
 0.00862426 0.014006 0.0210665 0.02972 0.0396413 0.0501152 0.0600094 0.0680519 0.0732978 0.0754373 0.0747423 0.0717862 0.0671897 0.0615039 0.0551812 0.0485725 0.041934 0.0354465 0.0292418 0.0234292 0.0181154 0.0134112 0.00942255 0.0062241 0.00382956
 0.00880257 0.0142827 0.0214574 0.0302282 0.0402539 0.0507997 0.0607117 0.0686998 0.073814 0.0757583 0.0748343 0.0716504 0.0668578 0.0610269 0.0546172 0.0479767 0.0413519 0.0349113 0.0287749 0.0230419 0.0178104 0.0131844 0.00926434 0.00612136 0.00376789
#pred catch len freq
 0.00491013 0.00779275 0.0114093 0.0156792 0.0205374 0.0259031 0.0316045 0.0373549 0.0428147 0.0476789 0.0517275 0.0548418 0.0570061 0.0582919 0.0588183 0.0587071 0.0580535 0.0569101 0.0552614 0.0529796 0.0498 0.0453882 0.0395343 0.0323951 0.0246001
 0.0052635 0.00828273 0.0119959 0.0162873 0.0210966 0.0264011 0.0321146 0.038008 0.0437213 0.0488463 0.0530269 0.0560471 0.0578825 0.0586843 0.0586991 0.0581679 0.0572515 0.0559959 0.0543192 0.0520095 0.0487509 0.0442215 0.0382781 0.0311507 0.0234977
 0.00573906 0.00901513 0.0130174 0.0175882 0.0226157 0.028023 0.0336825 0.0393632 0.0447647 0.0495842 0.0535575 0.0564827 0.0582597 0.0589288 0.0586711 0.0577497 0.056415 0.0548084 0.0528963 0.0504568 0.0471365 0.0425915 0.036691 0.0296939 0.022268
 0.00616096 0.00968294 0.0139896 0.0189089 0.0243077 0.030074 0.0360225 0.0418458 0.0471719 0.0516672 0.055105 0.0573873 0.0585398 0.0586883 0.0580213 0.0567506 0.0550743 0.0531261 0.0509099 0.0482522 0.0448307 0.0403118 0.0345641 0.0278369 0.0207702
 0.00656193 0.0103126 0.014898 0.0201341 0.0258771 0.0320025 0.038301 0.0444215 0.0499291 0.0544188 0.0576054 0.059373 0.0597922 0.0590937 0.0575923 0.0555954 0.0533357 0.0509334 0.0483696 0.0454712 0.0419409 0.0374744 0.0319521 0.0256027 0.0190113
 0.0069839 0.0109715 0.0158406 0.0213901 0.02746 0.0339104 0.0405111 0.0468818 0.0525534 0.0570854 0.0601569 0.0616189 0.061523 0.0601126 0.0577603 0.0548677 0.0517693 0.0486621 0.0455667 0.0423245 0.038648 0.0342453 0.0289963 0.0230974 0.0170628
 0.00741601 0.0116444 0.0167996 0.0226612 0.0290515 0.0358128 0.042692 0.0492784 0.05507 0.0596004 0.0625334 0.0637136 0.0631912 0.0612126 0.0581627 0.0544756 0.0505441 0.0466436 0.0428771 0.039155 0.0352378 0.0308563 0.0258823 0.0204632 0.0150252
 0.00770875 0.0121136 0.0174942 0.0236245 0.0303164 0.0373934 0.0445707 0.0513976 0.0573342 0.061888 0.0647113 0.0656503 0.0647646 0.062314 0.058696 0.0543587 0.0497182 0.0450932 0.0406532 0.0363907 0.0321451 0.0277005 0.0229358 0.0179505 0.0130766
 0.00806433 0.0126584 0.0182542 0.0246069 0.0315165 0.0388025 0.0461767 0.0531754 0.0592332 0.063825 0.0665754 0.0673169 0.0661147 0.0632483 0.0591393 0.054255 0.049027 0.0437952 0.0387688 0.0340043 0.0294196 0.0248661 0.0202494 0.0156359 0.0112709
 0.00856519 0.0134178 0.0192951 0.0259155 0.033049 0.0404979 0.0479649 0.0549801 0.0609756 0.0654302 0.0679773 0.0684577 0.0669419 0.0637129 0.0591984 0.0538745 0.048183 0.0424772 0.0369915 0.0318268 0.0269634 0.022316 0.0178245 0.0135369 0.00962678
 0.00891503 0.0139708 0.0200972 0.0269972 0.0344179 0.0421284 0.0497882 0.0568832 0.062818 0.0670734 0.0693124 0.0694195 0.0675063 0.0638845 0.0589935 0.053308 0.0472624 0.0412063 0.0353833 0.0299229 0.0248529 0.0201401 0.0157573 0.0117436 0.00821755
 0.0091096 0.0142874 0.0205756 0.0276773 0.0353355 0.0433056 0.0512186 0.0585177 0.0645595 0.0687844 0.0708366 0.0706132 0.0682689 0.0641753 0.0588281 0.0527365 0.0463436 0.0399912 0.0339142 0.0282479 0.0230444 0.0183056 0.0140293 0.0102499 0.0070444
 0.00921225 0.0144583 0.0208414 0.0280688 0.0358856 0.0440442 0.0521629 0.0596625 0.065868 0.0701837 0.0722194 0.0718493 0.069228 0.0647538 0.0589707 0.052443 0.0456582 0.0389825 0.0326568 0.0268164 0.0215195 0.0167812 0.0126098 0.00903204 0.00609174
 0.00918779 0.0144258 0.0208074 0.028048 0.0359026 0.0441336 0.0523672 0.0600254 0.0664225 0.0709373 0.0731428 0.0728725 0.0702475 0.0656496 0.0596295 0.0527813 0.0456376 0.038612 0.0319844 0.0259155 0.020478 0.0156956 0.0115767 0.00813485 0.00538462
 0.00928814 0.0145559 0.0209428 0.0281471 0.0359206 0.0440439 0.0521802 0.0597927 0.0662249 0.070863 0.0732623 0.0732188 0.0708037 0.066348 0.0603639 0.0534305 0.0460936 0.0388036 0.0318894 0.0255599 0.0199262 0.0150343 0.0108985 0.00752034 0.00488794
 0.00947088 0.0148317 0.0213162 0.0286031 0.0364224 0.0445345 0.0525881 0.0600469 0.066279 0.0707188 0.0729786 0.0728946 0.070543 0.0662228 0.0603909 0.0535691 0.0462637 0.038914 0.0318674 0.025372 0.0195842 0.0145874 0.0104156 0.00706893 0.00451625
 0.00938948 0.0147346 0.0212349 0.0285882 0.0365289 0.0447983 0.0530044 0.0605632 0.0668062 0.0711572 0.0732486 0.0729636 0.0704364 0.0660131 0.0601668 0.0533986 0.046169 0.0388694 0.0318191 0.0252668 0.0193943 0.0143203 0.0101068 0.00676512 0.00425702
 0.00930943 0.0146027 0.021036 0.0283142 0.0361894 0.0444317 0.0526812 0.0603712 0.066818 0.0713941 0.0736645 0.0734609 0.0709064 0.066378 0.0604027 0.05353 0.0462412 0.0389183 0.0318534 0.0252718 0.0193493 0.014217 0.00995795 0.00659841 0.00410217
 0.00927032 0.0145386 0.0209377 0.0281709 0.0359891 0.0441641 0.0523455 0.059987 0.0664338 0.0710841 0.0735086 0.0735115 0.0711615 0.0667786 0.0608587 0.0539583 0.0465932 0.0391827 0.0320398 0.0253921 0.0194093 0.0142207 0.0099149 0.00652638 0.00402251
 0.00932911 0.0146189 0.0210299 0.0282554 0.0360402 0.0441569 0.0522618 0.0598191 0.0661865 0.070778 0.0731831 0.0732229 0.0709704 0.0667284 0.0609562 0.05417 0.0468607 0.0394474 0.0322616 0.0255533 0.0195085 0.014265 0.00991581 0.00649879 0.00398229
 0.00940602 0.0147338 0.0211834 0.0284397 0.0362391 0.0443471 0.0524151 0.0599055 0.0661809 0.0706675 0.0729733 0.0729399 0.0706579 0.0664393 0.0607394 0.0540555 0.0468499 0.0395148 0.0323676 0.0256599 0.0195904 0.0143121 0.00993044 0.00649003 0.00396149
 0.00929524 0.0145748 0.0209833 0.0282193 0.0360275 0.0441725 0.0522969 0.0598504 0.0661823 0.0707083 0.0730309 0.0729931 0.0706945 0.0664614 0.0607624 0.0541016 0.0469371 0.0396472 0.0325324 0.0258327 0.0197454 0.0144317 0.0100089 0.00653215 0.00397791
 0.00901225 0.0141507 0.0204129 0.0275237 0.0352514 0.0433766 0.0515514 0.0592284 0.06575 0.0705105 0.0730794 0.0732638 0.0711357 0.067009 0.0613564 0.0546968 0.0475069 0.040178 0.0330154 0.0262578 0.0201012 0.0147096 0.010208 0.00666139 0.00405284
 0.00877559 0.0137839 0.0198951 0.0268493 0.0344327 0.0424471 0.0505696 0.0582776 0.064929 0.0699152 0.0727812 0.0732945 0.0714811 0.0676134 0.062137 0.0555636 0.0483802 0.0409997 0.0337495 0.0268854 0.0206137 0.0151062 0.0104953 0.00685369 0.00417036
 0.00877653 0.013761 0.0198151 0.0266647 0.0340925 0.0419144 0.0498399 0.0573893 0.0639613 0.0689759 0.0719885 0.0727542 0.0712642 0.0677408 0.0625757 0.0562381 0.049193 0.0418537 0.0345654 0.0276086 0.0212146 0.0155749 0.0108374 0.00708538 0.00431469
 0.00887235 0.0139069 0.020014 0.0269068 0.03435 0.0421383 0.0499617 0.0573336 0.0636709 0.0684395 0.0712562 0.071931 0.070483 0.0671267 0.0622149 0.0561605 0.0493725 0.0422233 0.0350396 0.0281064 0.0216735 0.0159572 0.0111285 0.00728855 0.0044443
 0.00892536 0.0139915 0.0201383 0.0270774 0.0345701 0.0424039 0.0502559 0.0576206 0.063894 0.06853 0.0711528 0.071606 0.0699629 0.0664937 0.0615851 0.0556476 0.0490538 0.0421213 0.0351254 0.0283183 0.0219413 0.0162219 0.0113521 0.00745531 0.00455557
 0.0089275 0.0139975 0.0201524 0.0271061 0.0346219 0.0424881 0.0503799 0.0577864 0.0640932 0.0687386 0.0713296 0.0716988 0.0699243 0.066302 0.061261 0.0552539 0.0486761 0.0418373 0.034979 0.0283093 0.0220347 0.0163673 0.0115038 0.00758339 0.00464815
 0.00879045 0.0138012 0.0199064 0.0268368 0.0343663 0.0422829 0.050253 0.0577531 0.0641574 0.0688937 0.0715575 0.0719679 0.0701903 0.066516 0.0613838 0.0552718 0.0486092 0.0417332 0.0348922 0.0282792 0.0220718 0.0164556 0.0116136 0.00768723 0.00472945
 0.00850062 0.0133753 0.0193502 0.0261869 0.0336825 0.0416333 0.0497018 0.0573533 0.0639467 0.0688898 0.0717544 0.072336 0.070681 0.0670689 0.0619353 0.0557669 0.049013 0.0420387 0.0351181 0.0284569 0.0222289 0.0166046 0.0117522 0.00780545 0.00481942
 0.00846431 0.0132961 0.0191951 0.0259167 0.0332661 0.0410687 0.0490312 0.0566619 0.0633397 0.0684605 0.0715588 0.0723849 0.0709461 0.0674953 0.062456 0.056314 0.0495286 0.0424836 0.0354768 0.0287348 0.0224438 0.0167749 0.0118893 0.00791353 0.00489935
 0.00934214 0.0145321 0.0206998 0.0274827 0.0346203 0.0419619 0.0493156 0.0563218 0.0624759 0.0672502 0.0702104 0.071094 0.0698588 0.066687 0.0619317 0.0560278 0.0494103 0.0424628 0.0354985 0.0287664 0.0224725 0.0168003 0.0119144 0.0079391 0.00492338
 0.0103036 0.0160007 0.0227258 0.0300276 0.0375421 0.045009 0.0521371 0.0585155 0.0636874 0.0672884 0.0691167 0.0691217 0.0673787 0.0640731 0.0594755 0.0539023 0.0476773 0.0411057 0.0344613 0.0279852 0.021893 0.0163817 0.0116255 0.00775252 0.00481254
 0.0101607 0.0158993 0.0228153 0.0305277 0.0386847 0.0469418 0.0548302 0.0617209 0.0669723 0.070133 0.0710447 0.0698279 0.0668111 0.0624347 0.0571421 0.051295 0.0451479 0.038878 0.0326313 0.0265576 0.0208243 0.0156125 0.0110961 0.00740789 0.00460319
 0.00961277 0.0150929 0.0217676 0.0293339 0.0375231 0.0460626 0.0545224 0.0622462 0.0684661 0.072508 0.0739601 0.072762 0.0692191 0.0639202 0.0575653 0.0507779 0.0439886 0.0374256 0.0311792 0.0252911 0.0198217 0.0148765 0.0105898 0.00708117 0.00440627
 0.00930311 0.0145995 0.0210461 0.0283571 0.0362965 0.0446473 0.053059 0.060962 0.0676457 0.0724234 0.0747742 0.0744433 0.07151 0.066392 0.059751 0.0523243 0.0447576 0.0374979 0.0307767 0.0246677 0.0191804 0.0143353 0.0101901 0.00681517 0.00424477
 0.00916644 0.0143696 0.0206846 0.0278197 0.0355392 0.043639 0.0518032 0.0595198 0.0661542 0.0710958 0.0738709 0.074207 0.0720788 0.0677264 0.0616171 0.0543581 0.0465862 0.0388619 0.0315928 0.0250109 0.0192099 0.0142137 0.0100341 0.00668443 0.00415625
 0.00921829 0.0144338 0.0207422 0.0278358 0.0354652 0.0434201 0.0513885 0.0588747 0.0652765 0.0700347 0.0727411 0.0731859 0.071376 0.0675236 0.0619973 0.0552583 0.0478058 0.0401317 0.0326739 0.0257702 0.0196381 0.0143882 0.01006 0.00664908 0.00411129
 0.00922648 0.0144494 0.0207689 0.0278755 0.0355134 0.0434601 0.0513873 0.0587857 0.0650494 0.0696326 0.0721597 0.0724698 0.0706245 0.066879 0.0616106 0.0552365 0.048164 0.0407786 0.0334437 0.0264897 0.0201894 0.0147359 0.0102356 0.00671334 0.00412078
