SBPRF35
10.6172
Curr Bio
603428
B35
772972
F35
0.183145
FOFL
0.143037
OFL
71189.5
Bzero
3.03348e+006
#pred survey bio
 4.00822e+006 3.8509e+006 3.69763e+006 3.49514e+006 3.24511e+006 2.98758e+006 2.69338e+006 2.43214e+006 2.1734e+006 1.93722e+006 1.70193e+006 1.50819e+006 1.32613e+006 1.1681e+006 1.04167e+006 925935 835165 758617 706010 660936 620515 597757 586107 563814 559503 546426 542079 543071 531803 529393 533021 543513 545060 543342 540241 532731 536247 526138 523403 538355 545224 541337 540549 547954 558368 563271 572280 567575 574996 557666 564254 609380 584954 596346 607338 635463 650036 653087 643716 608804 2.15964e+007 1.33639e+007 1.3997e+007 1.5075e+007 1.64076e+007 1.7781e+007 1.9051e+007 2.01447e+007 2.1042e+007 2.17536e+007 2.23047e+007 2.27248e+007 2.30415e+007 2.32788e+007 2.34562e+007 2.35886e+007 2.36877e+007 2.3762e+007 2.3818e+007 2.38604e+007 2.38926e+007 2.39172e+007 2.39362e+007 2.39508e+007 2.39622e+007 2.3971e+007 2.39779e+007 2.39833e+007 2.39876e+007 2.3991e+007 2.39936e+007 2.39957e+007 2.39974e+007 2.39987e+007 2.39998e+007 2.40006e+007 2.40013e+007 2.40019e+007 2.40023e+007 2.40027e+007 2.40029e+007 2.40032e+007 2.40033e+007 2.40035e+007 2.40036e+007 2.40037e+007 2.40038e+007 2.40038e+007 2.40039e+007 2.40039e+007 2.40039e+007 2.4004e+007 2.4004e+007 2.4004e+007 2.4004e+007 2.4004e+007 2.4004e+007 2.4004e+007 2.4004e+007 2.4004e+007 2.4004e+007 2.4004e+007 2.4004e+007 2.4004e+007 2.40041e+007 2.40041e+007 2.40041e+007 2.40041e+007 2.40041e+007 2.40041e+007 2.40041e+007 2.40041e+007 2.40041e+007 2.40041e+007 2.40041e+007 2.40041e+007 2.40041e+007 2.40041e+007 2.40041e+007 2.40041e+007 2.40041e+007 2.40041e+007 2.40041e+007 2.40041e+007 2.40041e+007 2.40041e+007 2.40041e+007 2.40041e+007 2.40041e+007 2.40041e+007 2.40041e+007 2.40041e+007 2.40041e+007 2.40041e+007 2.40041e+007 2.40041e+007 2.40041e+007 2.40041e+007 2.40041e+007 2.40041e+007 0 0 0 0 0 0 0 0 0 0 0 0 0 0 0 0 0 0 0 0 0 0 0 0 0
#obs survey bio
 3.6244e+006 3.59681e+006 3.52109e+006 3.9128e+006 2.61229e+006 2.76939e+006 3.56453e+006 2.09129e+006 1.63831e+006 2.03621e+006 1.47854e+006 1.26257e+006 1.13595e+006 1.12055e+006 998671 702910 701105 612185 702091 549831 630277 482858 530394 794436 440859 456396 369614 459979 405074 427369 384938 706208 553298 760874 540789 557863 650745 716004 303305 602461 621566 716954 617476 539464 533378 646178 828586 635094 724714 434257 630532 515908 590778 475547 462268 557519 673858 842336 586381 651005
#pred catch bio
 108377 106383 157443 212777 236017 288702 278832 295980 293190 307043 281225 278701 261514 234872 224648 201161 186418 162630 152352 143839 124963 113145 119608 102142 108109 99983.4 96097.3 106623 98760.4 93673.7 87995.9 94676.1 94975.1 92640.5 92555.1 82113.5 96019.8 92897.6 80985.6 89297.8 97600 93678.4 86576 84945.5 90296.6 87054.7 98231.6 87308.9 107264 86322.2 56290.3 116467 86365.2 89808.8 78792 93097.3 104023 115345 136312 97783.7 71189.5 92195.3 95587 101887 110440 119454 127741 134760 140382 144711 147945 150306 152000 153199 154038 154621 155022 155297 155484 155612 155698 155756 155796 155822 155840 155852 155860 155865 155869 155871 155873 155874 155875 155875 155875 155876 155876 155876 155876 155876 155876 155876 155876 155876 155876 155876 155876 155876 155876 155876 155876 155876 155876 155876 155876 155876 155876 155876 155876 155876 155876 155876 155876 155876 155876 155876 155876 155876 155876 155876 155876 155876 155876 155876 155876 155876 155876 155876 155876 155876 155876 155876 155876 155876 155876 155876 155876 155876 155876 155876 155876 155876 155876 155876 155876 155876 155876 155876 155876 155876 0 0 0 0 0 0 0 0 0 0 0 0 0 0 0 0 0 0 0 0 0 0 0 0 0
#obs catch bio
 0 106119 157953 213506 236973 291267 280383 299011 296095 311017 285214 283316 266605 238570 226906 203259 189077 165396 154198 146084 126097 114390 120882 102623 108889 100301 97061.8 108186 100292 95374.1 89159 96165 96187.3 93571.4 93059.4 81973.2 96130.3 92557.6 81072.3 89071.3 97001.4 92965.6 85760.9 84473.1 90189.9 86457.6 97650.5 86510.1 106149 85859.7 55431.4 116457 85700 89815.9 78655.1 93236.4 103912 114754 136338 97538.4
#pred cpue bio
 3.95202e+006 3.7973e+006 3.64639e+006 3.44508e+006 3.19595e+006 2.93926e+006 2.64638e+006 2.38621e+006 2.12866e+006 1.89367e+006 1.65999e+006 1.46766e+006 1.28735e+006 1.13124e+006 1.00667e+006 892793 803421 728300 677034 633425 594420 572540 561403 539919 535925 523290 518873 519583 508497 506146 509823 520309 522291 521256 519045 512379 515444 504328 500665 515093 522229 518868 518296 525486 535520 540318 549241 544820 552200 535380 541695 585697 561850 572428 582619 609802 624068 627006 617421 582987 2.07062e+007 1.28389e+007 1.3368e+007 1.43169e+007 1.55991e+007 1.69595e+007 1.82265e+007 1.93197e+007 2.02169e+007 2.09285e+007 2.14796e+007 2.18996e+007 2.22164e+007 2.24537e+007 2.2631e+007 2.27635e+007 2.28625e+007 2.29368e+007 2.29928e+007 2.30352e+007 2.30674e+007 2.30921e+007 2.3111e+007 2.31257e+007 2.3137e+007 2.31459e+007 2.31528e+007 2.31582e+007 2.31625e+007 2.31658e+007 2.31685e+007 2.31706e+007 2.31723e+007 2.31736e+007 2.31747e+007 2.31755e+007 2.31762e+007 2.31767e+007 2.31772e+007 2.31775e+007 2.31778e+007 2.3178e+007 2.31782e+007 2.31783e+007 2.31784e+007 2.31785e+007 2.31786e+007 2.31787e+007 2.31787e+007 2.31788e+007 2.31788e+007 2.31788e+007 2.31788e+007 2.31788e+007 2.31789e+007 2.31789e+007 2.31789e+007 2.31789e+007 2.31789e+007 2.31789e+007 2.31789e+007 2.31789e+007 2.31789e+007 2.31789e+007 2.31789e+007 2.31789e+007 2.31789e+007 2.31789e+007 2.31789e+007 2.31789e+007 2.31789e+007 2.31789e+007 2.31789e+007 2.31789e+007 2.31789e+007 2.31789e+007 2.31789e+007 2.31789e+007 2.31789e+007 2.31789e+007 2.31789e+007 2.31789e+007 2.31789e+007 2.31789e+007 2.31789e+007 2.31789e+007 2.31789e+007 2.31789e+007 2.31789e+007 2.31789e+007 2.31789e+007 2.31789e+007 2.31789e+007 2.31789e+007 2.31789e+007 2.31789e+007 2.31789e+007 2.31789e+007 2.31789e+007 2.31789e+007 0 0 0 0 0 0 0 0 0 0 0 0 0 0 0 0 0 0 0 0 0 0 0 0 0
#obs cpue bio
 3.29859e+006 3.13149e+006 2.16553e+006 4.38229e+006 2.3504e+006 2.6375e+006 2.13401e+006 1.90185e+006 2.52724e+006 1.5553e+006 1.29092e+006 1.43318e+006 1.02192e+006 1.10998e+006 1.36189e+006 932432 672885 550368 749296 527098 636868 474548 685511 381368 634197 675145 379167 482037 427294 385338 675808 322655 513323 371377 717524 645815 452414 523570 493789 732301 676914 475577 591288 430382 456954 704717 467969 542975 738722 556733 742448 519473 576334 519580 664887 659252 731428 653819 639870 477393
#pred surv len freq
 0.00511976 0.00825218 0.0123081 0.017235 0.0229018 0.0290333 0.0351736 0.0407838 0.0454398 0.0489739 0.0514613 0.0531048 0.0541257 0.054708 0.0549773 0.0549984 0.0547864 0.0543139 0.0534914 0.0521132 0.0498187 0.0461591 0.0408166 0.0338871 0.0260168
 0.0052835 0.00843847 0.0124455 0.01722 0.022642 0.0285062 0.034464 0.0400641 0.0448947 0.0487125 0.0514719 0.0532773 0.0543219 0.0548344 0.0550251 0.0550367 0.054917 0.0546118 0.0539564 0.0526592 0.0503088 0.0464694 0.0408933 0.0337631 0.0257825
 0.00551249 0.00879933 0.0129613 0.017889 0.0234202 0.0292944 0.0351134 0.0404179 0.0448575 0.0483079 0.0508407 0.0526066 0.053752 0.0544071 0.0547033 0.0547677 0.0546853 0.0544444 0.0538862 0.05268 0.0503615 0.0464703 0.0407832 0.0335403 0.0254978
 0.00572865 0.00914957 0.0134863 0.0186252 0.0243915 0.0304955 0.036489 0.0418479 0.0461639 0.0492925 0.0513466 0.0525776 0.0532537 0.053593 0.0537426 0.053784 0.0537411 0.0535633 0.0530794 0.0519521 0.0497018 0.0458536 0.040188 0.0329701 0.0249829
 0.00597749 0.00954515 0.0140658 0.0194194 0.0254222 0.0317695 0.0379881 0.0435174 0.0479051 0.0509632 0.0527716 0.0535763 0.0536854 0.0534036 0.0529857 0.0525992 0.0522996 0.052016 0.0515309 0.050464 0.0483077 0.0445741 0.0390433 0.0319852 0.0241842
 0.00620959 0.0099187 0.0146212 0.0201929 0.0264399 0.0330395 0.0394903 0.0451992 0.0496863 0.0527441 0.0544378 0.0549977 0.0547197 0.0539152 0.0528818 0.0518649 0.0510107 0.0503174 0.0495942 0.0484471 0.0463364 0.0427434 0.0374257 0.0306349 0.0231316
 0.00652879 0.0104204 0.0153448 0.021165 0.0276729 0.0345271 0.0412012 0.047072 0.0516329 0.0546611 0.0562181 0.0565363 0.0559128 0.0546583 0.0530749 0.0514319 0.0499278 0.0486358 0.0474412 0.0460038 0.0438032 0.0403098 0.0352493 0.0288264 0.0217441
 0.00683378 0.010904 0.0160499 0.0221238 0.0289019 0.0360198 0.0429198 0.048945 0.0535644 0.0565476 0.0579628 0.058054 0.0571255 0.0554884 0.0534413 0.0512543 0.0491427 0.0472236 0.0454531 0.0435728 0.0411312 0.0376328 0.0327919 0.0267595 0.020156
 0.00715072 0.0114095 0.0167928 0.0231433 0.0302209 0.0376353 0.0447906 0.0509869 0.0556604 0.058569 0.0597905 0.0595912 0.0583001 0.0562469 0.0537379 0.0510416 0.048372 0.045861 0.0435079 0.0411285 0.0383584 0.0347711 0.0301015 0.0244591 0.0183727
 0.00743674 0.0118684 0.0174724 0.0240851 0.0314538 0.0391652 0.0465877 0.0529796 0.0577409 0.0606103 0.0616654 0.0611865 0.0595257 0.0570381 0.0540515 0.0508465 0.0476415 0.0445738 0.0416672 0.0387919 0.0356636 0.0319361 0.0273866 0.0221015 0.0165239
 0.00777182 0.0123999 0.0182479 0.0251407 0.0328094 0.0408158 0.048493 0.0550587 0.0598796 0.0626786 0.0635359 0.0627478 0.0606892 0.0577403 0.0542532 0.0505267 0.0467902 0.0431894 0.0397652 0.0364282 0.0329608 0.0290921 0.0246485 0.0197059 0.0146313
 0.00803447 0.0128223 0.0188751 0.0260124 0.0339528 0.042236 0.0501607 0.0569053 0.0618049 0.0645672 0.065274 0.0642336 0.061837 0.0584829 0.0545416 0.0503291 0.0460895 0.0419825 0.0380699 0.0342989 0.0305092 0.026496 0.0221316 0.0174875 0.0128657
 0.00825551 0.0131859 0.0194304 0.0268077 0.0350267 0.0436016 0.0517903 0.0587245 0.0637021 0.0664147 0.0669495 0.0656339 0.0628839 0.0591228 0.054742 0.0500727 0.0453693 0.0408019 0.0364496 0.0322918 0.0282182 0.0240815 0.0197948 0.0154267 0.0112221
 0.00847308 0.0135312 0.0199352 0.0274986 0.0359233 0.044713 0.0531069 0.0602103 0.0652914 0.0680167 0.0684582 0.0669423 0.0638983 0.0597733 0.0549858 0.0498906 0.0447585 0.0397719 0.035025 0.0305241 0.0262006 0.0219556 0.0177366 0.0136095 0.0097701
 0.0087454 0.0139468 0.0205109 0.0282331 0.0368012 0.0457102 0.0541942 0.0613531 0.0664508 0.0691504 0.0695214 0.0678853 0.0646655 0.0603061 0.0552294 0.0498021 0.0443122 0.0389614 0.0338659 0.0290603 0.0245137 0.0201685 0.0160004 0.0120726 0.0085391
 0.00906169 0.0144441 0.0212263 0.0291864 0.037987 0.0470897 0.0556886 0.0628495 0.0678247 0.0702981 0.0703823 0.068445 0.0649398 0.0603195 0.0549992 0.0493322 0.0435968 0.0379941 0.032652 0.0276295 0.02293 0.0185324 0.014437 0.0107036 0.00745052
 0.00920599 0.0146901 0.0216173 0.0297691 0.0388006 0.0481478 0.0569618 0.0642583 0.0692505 0.0716071 0.0714546 0.0691967 0.0653347 0.060367 0.0547386 0.048812 0.042857 0.0370607 0.0315434 0.0263714 0.0215705 0.0171485 0.0131265 0.00956279 0.00654683
 0.00924839 0.014771 0.0217625 0.0300132 0.0391826 0.0487028 0.057709 0.06519 0.0703253 0.0727491 0.0725605 0.0701528 0.0660402 0.0607551 0.0547882 0.048543 0.0423152 0.0362992 0.0306114 0.0253148 0.0204408 0.0160111 0.0120584 0.00863826 0.00581715
 0.00924944 0.0147669 0.021747 0.0299808 0.0391356 0.0486595 0.0577087 0.0652886 0.070579 0.0731934 0.0731911 0.0709193 0.0668533 0.0615063 0.055375 0.0488918 0.042393 0.0361118 0.030193 0.0247162 0.019723 0.0152423 0.0113106 0.00797691 0.00528773
 0.00926968 0.014798 0.0217899 0.0300339 0.0391939 0.0487149 0.0577527 0.0653181 0.0706048 0.0732441 0.0733085 0.0711414 0.067194 0.0619409 0.0558413 0.0493064 0.0426757 0.0362074 0.0300829 0.0244178 0.0192816 0.0147207 0.0107767 0.00749157 0.00489321
 0.00940789 0.0149967 0.0220408 0.0303128 0.0394676 0.0489517 0.0579312 0.0654291 0.0706486 0.0732286 0.0732502 0.0710677 0.0671399 0.0619387 0.0559046 0.0494196 0.0427949 0.0362752 0.0300494 0.0242587 0.0190053 0.0143639 0.0103918 0.00713076 0.00459468
 0.00948658 0.0151122 0.0221908 0.0304854 0.0396421 0.0491024 0.058032 0.0654596 0.0706009 0.0731124 0.0730924 0.0709053 0.0670098 0.0618696 0.0559116 0.0495005 0.0429278 0.0364208 0.0301601 0.0242941 0.0189464 0.0142194 0.0101932 0.006919 0.00440547
 0.00942257 0.015022 0.0220807 0.0303692 0.0395366 0.0490204 0.0579761 0.0654223 0.0705694 0.0730757 0.0730479 0.0708612 0.0669836 0.0618819 0.0559794 0.0496301 0.0431109 0.0366337 0.0303675 0.0244584 0.0190398 0.0142337 0.0101415 0.00682876 0.00430674
 0.00951242 0.0151526 0.0222487 0.0305626 0.0397391 0.0492175 0.0581593 0.0655866 0.0707074 0.0731734 0.0730859 0.0708228 0.0668648 0.0616972 0.0557595 0.0494126 0.0429275 0.0365006 0.0302818 0.024402 0.0189895 0.0141716 0.0100626 0.00674026 0.00422193
 0.00955893 0.0152091 0.0222987 0.0305791 0.0396925 0.0490881 0.0579484 0.06532 0.0704294 0.0729339 0.0729255 0.0707615 0.0668977 0.0618002 0.0559014 0.0495678 0.0430826 0.0366513 0.030426 0.0245335 0.0190974 0.0142458 0.0100994 0.0067451 0.00420662
 0.00980186 0.0155702 0.0227779 0.0311505 0.0403074 0.0496822 0.0584509 0.065664 0.0705664 0.0728483 0.0726429 0.0703407 0.0664119 0.0613145 0.0554593 0.0491889 0.0427696 0.0363997 0.0302293 0.0243844 0.0189868 0.0141629 0.0100344 0.00669186 0.00416307
 0.00988923 0.0157166 0.0230049 0.0314778 0.0407439 0.050215 0.0590362 0.0662291 0.0710257 0.073128 0.0727015 0.0701794 0.0660703 0.0608571 0.0549569 0.0487018 0.0423376 0.0360407 0.0299452 0.0241677 0.0188262 0.0140463 0.00995061 0.00663181 0.00412042
 0.00980485 0.015602 0.022875 0.0313629 0.0406841 0.0502495 0.0591914 0.0665092 0.0714073 0.0735605 0.0731157 0.0705037 0.0662516 0.060876 0.0548309 0.0484754 0.0420651 0.0357699 0.0297075 0.0239772 0.0186835 0.0139444 0.00988008 0.00658395 0.00408845
 0.00982065 0.0156291 0.022919 0.0314313 0.040787 0.0503987 0.0593982 0.0667806 0.0717401 0.0739359 0.073497 0.0708399 0.0664874 0.0609672 0.0547576 0.0482493 0.0417261 0.0353735 0.0293092 0.0236193 0.0183898 0.0137212 0.00972159 0.00647823 0.00402211
 0.00974527 0.0155147 0.0227625 0.0312366 0.0405655 0.0501696 0.0591886 0.0666239 0.0716713 0.0739832 0.0736718 0.0711303 0.0668562 0.061358 0.0551079 0.0485074 0.0418648 0.035396 0.0292431 0.0235039 0.0182619 0.0136066 0.00963238 0.00641596 0.00398242
 0.00963821 0.0153462 0.0225198 0.0309133 0.0401643 0.0497067 0.0586968 0.0661525 0.0712788 0.073725 0.0735887 0.0712397 0.0671486 0.0617967 0.0556344 0.0490514 0.0423602 0.0357955 0.029527 0.0236796 0.0183542 0.0136454 0.00964304 0.00641513 0.00397867
 0.0093557 0.0149252 0.0219577 0.0302323 0.0394058 0.0489195 0.0579304 0.0654558 0.0707019 0.0733176 0.0733939 0.0712859 0.0674418 0.0623157 0.0563306 0.0498546 0.0431895 0.0365739 0.0301962 0.0242088 0.0187408 0.0139078 0.00980955 0.00651451 0.0040346
 0.00912744 0.0145738 0.0214664 0.0296021 0.0386573 0.0480944 0.0570913 0.0646794 0.0700638 0.0728743 0.073173 0.0712889 0.0676556 0.0627208 0.0569012 0.0505537 0.043965 0.0373625 0.0309338 0.0248437 0.0192441 0.0142756 0.0100578 0.00666958 0.00412433
 0.008836 0.0141339 0.0208678 0.0288579 0.0378004 0.0471709 0.0561564 0.0637971 0.0693039 0.0723038 0.0728436 0.0712272 0.0678592 0.0631627 0.0575386 0.0513357 0.0448364 0.0382641 0.0318047 0.0256276 0.0198992 0.0147818 0.0104184 0.0069059 0.00426658
 0.00881563 0.0140609 0.0206858 0.0284944 0.0371902 0.0462909 0.0550523 0.0625832 0.0681313 0.0713155 0.0721411 0.0708603 0.0678338 0.0634532 0.0580981 0.052103 0.0457419 0.0392351 0.0327698 0.026522 0.0206712 0.0153999 0.0108752 0.00721601 0.00445919
 0.00961977 0.015196 0.0220727 0.0299443 0.0384486 0.0471148 0.0552802 0.0621687 0.0671411 0.069906 0.0705229 0.0692546 0.0664279 0.0623698 0.0573873 0.0517546 0.0457054 0.0394378 0.0331304 0.0269601 0.0211158 0.0157968 0.0111925 0.00744437 0.00460733
 0.0101669 0.0160711 0.0233538 0.03167 0.0405816 0.0495007 0.0576289 0.0640942 0.0682697 0.0700079 0.0695947 0.0675082 0.0642032 0.0600241 0.0552112 0.0499323 0.0443151 0.0384745 0.0325358 0.0266502 0.021001 0.0157964 0.0112438 0.00750618 0.00465859
 0.0101751 0.0161698 0.0236607 0.032347 0.0417936 0.0513451 0.0600655 0.0669111 0.0711055 0.0724254 0.0711861 0.0680045 0.0635494 0.0583905 0.052931 0.0473946 0.0418618 0.0363388 0.0308293 0.0253852 0.0201263 0.0152311 0.0109023 0.00731342 0.00455699
 0.00986529 0.0157199 0.0230893 0.0317224 0.041236 0.0510182 0.0601538 0.0675766 0.072423 0.074319 0.0734052 0.070168 0.0652526 0.0593304 0.0529962 0.0466834 0.0406255 0.0348834 0.0294223 0.0241998 0.0192326 0.01462 0.0105204 0.00709468 0.00444194
 0.00949181 0.0151321 0.0222441 0.0306019 0.039863 0.0494752 0.0585998 0.066243 0.0715748 0.0741853 0.0741017 0.0716411 0.0672703 0.061533 0.054997 0.0481841 0.0414965 0.0351749 0.0293076 0.0238877 0.0188929 0.0143491 0.0103463 0.007003 0.0044036
 0.0093794 0.0149383 0.0219315 0.0301279 0.0391885 0.0485805 0.0575041 0.0650198 0.0703561 0.0731506 0.0734485 0.071538 0.0677997 0.0626451 0.0565027 0.0498018 0.042941 0.0362485 0.0299495 0.0241619 0.01893 0.0142803 0.0102614 0.00694227 0.00437269
 0.00943727 0.0150204 0.022031 0.0302263 0.039254 0.0485694 0.0573654 0.0647063 0.0698429 0.0724562 0.0726508 0.0707714 0.0672279 0.0624132 0.0566821 0.0503545 0.043725 0.0370691 0.0306335 0.0246157 0.0191536 0.0143376 0.0102335 0.00689171 0.0043313
 0.0095903 0.0152385 0.0223021 0.0305189 0.0395246 0.0487744 0.0574702 0.0646868 0.0696819 0.0721428 0.0721873 0.0701874 0.0665914 0.0618281 0.0562647 0.0501929 0.0438404 0.0374019 0.0310667 0.0250252 0.0194559 0.0145101 0.0103016 0.00689952 0.00431657
 0.00961741 0.0152873 0.0223833 0.030642 0.0396915 0.0489722 0.0576669 0.0648361 0.0697376 0.0720746 0.071989 0.069875 0.0661979 0.0614008 0.0558653 0.0498909 0.0436945 0.037435 0.0312514 0.0252925 0.0197258 0.0147239 0.0104379 0.00696861 0.00434262
 0.00947813 0.0150894 0.0221387 0.0303812 0.0394568 0.0488046 0.0575941 0.0648649 0.0698515 0.0722373 0.0721531 0.0699952 0.0662447 0.0613688 0.0557746 0.0497819 0.0436168 0.0374315 0.0313413 0.0254623 0.0199354 0.0149256 0.0105973 0.00707384 0.00440106
 0.00940914 0.0149779 0.0219734 0.0301557 0.0391753 0.0484883 0.057284 0.0646158 0.0697152 0.0722419 0.0722903 0.0702226 0.0665014 0.0615973 0.0559385 0.0498745 0.0436587 0.0374591 0.0313898 0.0255507 0.0200596 0.0150638 0.0107234 0.00717024 0.00446344
 0.00930295 0.014814 0.0217431 0.0298565 0.0388109 0.0480694 0.056831 0.0641621 0.0693079 0.0719361 0.072136 0.0702481 0.0667016 0.0619318 0.0563446 0.0502883 0.0440349 0.03778 0.0316608 0.0257871 0.0202728 0.0152545 0.0108842 0.00729354 0.00454764
 0.00931955 0.014839 0.0217767 0.0298965 0.038852 0.0481024 0.0568426 0.0641371 0.0692333 0.0718078 0.0719649 0.0700614 0.0665361 0.0618214 0.0563066 0.0503176 0.0441089 0.0378719 0.0317519 0.0258711 0.0203513 0.0153297 0.0109541 0.00735322 0.00459281
 0.00926172 0.0147438 0.0216317 0.0296911 0.0385815 0.0477733 0.0564769 0.0637701 0.0689055 0.0715531 0.0718025 0.0699958 0.066563 0.0619337 0.0564968 0.0505745 0.0444144 0.0382001 0.0320748 0.0261653 0.0206031 0.0155342 0.0111124 0.007469 0.00467173
 0.00948865 0.0150861 0.0220961 0.0302632 0.0392256 0.0484365 0.057093 0.0642672 0.0692196 0.0716442 0.0716656 0.0696599 0.0660804 0.0613668 0.0559069 0.0500146 0.0439233 0.0377995 0.031769 0.0259457 0.0204541 0.0154392 0.0110565 0.0074397 0.00465883
 0.00951773 0.0151285 0.022151 0.030327 0.0392936 0.0485045 0.0571583 0.0643277 0.0692712 0.0716793 0.0716742 0.0696331 0.0660149 0.0612671 0.0557855 0.0498889 0.0438117 0.0377165 0.0317223 0.0259343 0.0204699 0.0154709 0.0110931 0.00747333 0.00468532
 0.00924539 0.0147021 0.0215411 0.0295211 0.0383031 0.0473723 0.055966 0.063192 0.0683241 0.0710374 0.0714096 0.0697591 0.0664887 0.0620066 0.056691 0.0508647 0.0447803 0.0386246 0.0325373 0.0266385 0.021055 0.0159352 0.0114417 0.0077183 0.0048449
 0.00975985 0.0154719 0.0225736 0.0307731 0.0396851 0.0487617 0.0572204 0.064166 0.0688953 0.0711369 0.071044 0.0690078 0.0654785 0.0608757 0.0555585 0.049814 0.0438579 0.037848 0.0319069 0.0261457 0.0206863 0.0156735 0.0112671 0.00760972 0.00478248
 0.00975734 0.0154984 0.0226686 0.0309887 0.0400684 0.0493282 0.0579333 0.0649351 0.0695999 0.0716619 0.0713103 0.0689884 0.0651979 0.0603981 0.0549688 0.0491972 0.0432816 0.0373541 0.0315122 0.0258486 0.0204752 0.0155324 0.0111793 0.00755955 0.00475657
 0.00968611 0.015396 0.0225414 0.0308568 0.0399669 0.0493054 0.0580419 0.0652163 0.0700609 0.0722588 0.0719491 0.06955 0.0655771 0.0605364 0.0548676 0.048908 0.0428825 0.0369242 0.0311127 0.0255157 0.0202215 0.0153539 0.011063 0.00748971 0.00471811
 0.00944699 0.0150314 0.0220387 0.0302235 0.0392321 0.0485204 0.0572813 0.0645748 0.0696402 0.0721425 0.0721748 0.0700905 0.0663409 0.0613918 0.055681 0.0495814 0.0433737 0.0372432 0.0313016 0.0256241 0.0202889 0.0154036 0.0111042 0.00752389 0.00474441
 0.00945437 0.0150252 0.021996 0.0301123 0.0390206 0.0481909 0.0568433 0.064069 0.069132 0.0717086 0.0718885 0.0700062 0.0664805 0.0617338 0.0561613 0.0501096 0.0438608 0.0376286 0.0315652 0.0257805 0.0203707 0.0154435 0.0111254 0.00753791 0.00475526
 0.00968002 0.0153581 0.0224324 0.0306228 0.0395529 0.0486786 0.0572158 0.0642631 0.0691069 0.0714612 0.0714604 0.0694768 0.0659456 0.0612792 0.0558397 0.0499297 0.0437916 0.0376174 0.0315621 0.0257559 0.0203198 0.0153784 0.0110622 0.00748778 0.00472157
 0.00961208 0.0153097 0.0224719 0.0308456 0.0400487 0.0494823 0.0582695 0.0654164 0.0701598 0.0722286 0.0718258 0.0694153 0.0655158 0.0605964 0.0550399 0.0491348 0.0430843 0.0370328 0.0310963 0.0253862 0.0200229 0.0151405 0.0108778 0.00735398 0.00463263
 0.00915897 0.0146894 0.0217565 0.0301819 0.039627 0.0494789 0.0587899 0.06646 0.0716124 0.0738807 0.0734142 0.0706855 0.0662889 0.0608117 0.0547572 0.048497 0.0422627 0.0361779 0.0303106 0.0247204 0.0194894 0.014731 0.0105769 0.00714442 0.00449638
#obs surv len freq
 nan nan nan nan nan nan nan nan nan nan nan nan nan nan nan nan nan nan nan nan nan nan nan nan nan
 0.00448279 0.0073436 0.0111735 0.0159906 0.021693 0.0279708 0.0342871 0.0400199 0.0447 0.0481633 0.0505199 0.052014 0.0529045 0.0534152 0.0537281 0.053982 0.0542598 0.0545521 0.0546905 0.0542823 0.0527203 0.0493527 0.0438028 0.0362834 0.0276677
 0.0046184 0.00756441 0.0115062 0.0164594 0.0223137 0.0287422 0.035182 0.0409822 0.0456517 0.0490197 0.051205 0.0524722 0.0531064 0.0533586 0.0534341 0.053487 0.0536072 0.0537846 0.0538474 0.0534005 0.0518389 0.0485147 0.043053 0.0356596 0.027191
 0.00477896 0.00782891 0.0119106 0.0170392 0.0230963 0.0297356 0.0363621 0.0422887 0.0469949 0.0502959 0.0523128 0.0533243 0.0536374 0.0535309 0.0532404 0.0529491 0.0527695 0.052706 0.052594 0.0520428 0.0504523 0.0471801 0.0418507 0.0346559 0.0264224
 0.00496603 0.00813475 0.0123743 0.0176987 0.0239822 0.0308596 0.0377055 0.0437961 0.0485797 0.0518535 0.0537345 0.0545077 0.054494 0.0539922 0.0532638 0.0525226 0.0519128 0.0514687 0.0510515 0.0502923 0.0486089 0.0453712 0.040202 0.0332701 0.0253573
 0.00517838 0.00848138 0.0128987 0.0184424 0.0249772 0.0321164 0.0392004 0.0454667 0.0503332 0.0535831 0.0553346 0.0558811 0.0555534 0.0546614 0.0534807 0.0522452 0.0511267 0.0501941 0.0493491 0.048265 0.0463999 0.0431514 0.0381466 0.0315251 0.0240078
 0.00540785 0.00885742 0.0134702 0.0192568 0.0260714 0.0335023 0.0408501 0.0473078 0.052259 0.0554738 0.0570761 0.057375 0.0567181 0.0554287 0.0537926 0.0520532 0.0503976 0.0489207 0.0475655 0.046061 0.043926 0.0406077 0.035751 0.0294669 0.0224031
 0.00564406 0.00924617 0.0140642 0.0201082 0.0272221 0.0349678 0.0426034 0.0492725 0.0543209 0.0575018 0.058944 0.0589743 0.0579625 0.0562519 0.0541434 0.0518903 0.049688 0.0476471 0.0457438 0.0437626 0.0412937 0.037852 0.0331166 0.0271766 0.0206018
 0.00589831 0.00966002 0.0146882 0.0209905 0.0283999 0.0364541 0.0443721 0.0512523 0.0564031 0.0595593 0.0608507 0.0606178 0.05925 0.0571117 0.0545225 0.0517495 0.0489976 0.0463903 0.0439297 0.04145 0.0386142 0.0350125 0.0303708 0.0247653 0.0186894
 0.00614768 0.0100688 0.0153095 0.0218756 0.0295879 0.0379561 0.0461554 0.0532358 0.0584701 0.0615812 0.0627073 0.0622079 0.0604919 0.057941 0.0548887 0.0516131 0.0483285 0.0451701 0.0421641 0.0391903 0.0359804 0.0322015 0.0276315 0.0223416 0.016754
 0.00638676 0.0104622 0.0159104 0.0227364 0.0307501 0.0394338 0.0479184 0.0552035 0.060523 0.063584 0.0645321 0.0637485 0.0616687 0.0586986 0.0551898 0.0514313 0.047643 0.0439675 0.0404495 0.037009 0.0334415 0.0294875 0.0249779 0.0199839 0.0148628
 0.0066308 0.0108621 0.016518 0.0236018 0.0319121 0.0409039 0.0496648 0.0571454 0.062541 0.0655429 0.0663031 0.0652235 0.0627666 0.0593658 0.0553964 0.0511633 0.0468952 0.0427404 0.0387568 0.0348964 0.0310091 0.0269019 0.022455 0.0177419 0.0130617
 0.00685153 0.0112269 0.017078 0.0244081 0.033005 0.0422965 0.0513263 0.0589957 0.0644624 0.0674033 0.067978 0.0666095 0.0637861 0.0599671 0.0555511 0.0508612 0.0461383 0.0415396 0.0371357 0.032905 0.0287425 0.0245106 0.0201321 0.0156819 0.0114076
 0.00705824 0.0115653 0.017592 0.0251403 0.0339889 0.0435438 0.0528132 0.0606567 0.0661977 0.069096 0.069513 0.0678864 0.0647271 0.0605196 0.0556861 0.0505695 0.0454245 0.0404193 0.0356384 0.0310836 0.0266879 0.0223589 0.0180532 0.0138448 0.00993546
 0.00725988 0.0118949 0.0180911 0.0258481 0.0349339 0.044731 0.0542116 0.0621958 0.067778 0.070609 0.0708587 0.0689832 0.0655139 0.060955 0.055747 0.0502484 0.0447271 0.0393629 0.034254 0.0294243 0.0248386 0.0204414 0.0162151 0.0122301 0.00864707
 0.00743518 0.0121817 0.0185259 0.0264656 0.0357599 0.0457713 0.0554402 0.0635511 0.0691713 0.0719413 0.0720378 0.0699343 0.0661834 0.0613098 0.0557714 0.0499399 0.0440932 0.0384205 0.0330323 0.0279719 0.0232318 0.0187867 0.0146386 0.0108525 0.00755233
 0.00754341 0.0123592 0.0187964 0.0268529 0.0362846 0.0464444 0.0562557 0.064482 0.0701713 0.0729511 0.0729921 0.0707691 0.0668409 0.0617434 0.055948 0.0498412 0.043714 0.0377683 0.032129 0.0268585 0.021974 0.0174755 0.0133809 0.00974955 0.00667437
 0.00759857 0.0124496 0.0189341 0.0270507 0.0365545 0.0467957 0.0566918 0.0649984 0.0707551 0.0735816 0.0736417 0.0714023 0.0674155 0.0622129 0.0562667 0.0499693 0.0436233 0.0374455 0.0315793 0.0261092 0.0210776 0.0165082 0.0124331 0.00890713 0.00599822
 0.00767117 0.0125569 0.0190759 0.0272209 0.0367443 0.0469982 0.0569059 0.0652289 0.07101 0.0738687 0.0739639 0.0717548 0.067783 0.0625687 0.0565739 0.0501852 0.0437058 0.0373612 0.0313115 0.0256644 0.020489 0.0158345 0.0117483 0.00828428 0.00549072
 0.00771168 0.0126196 0.0191639 0.0273338 0.0368774 0.0471419 0.0570471 0.0653542 0.0711125 0.0739529 0.0740469 0.0718596 0.0679279 0.0627574 0.0567915 0.0503994 0.0438735 0.037438 0.031262 0.0254728 0.020166 0.0154173 0.0112933 0.00785155 0.00512779
 0.00777338 0.0127111 0.0192851 0.027479 0.0370364 0.047303 0.0571986 0.0654852 0.0712136 0.0740178 0.0740759 0.071862 0.0679209 0.0627613 0.0568211 0.0504557 0.0439401 0.0374843 0.0312527 0.0253801 0.0199808 0.0151549 0.0109892 0.00755022 0.00486769
 0.00782329 0.0127906 0.0194014 0.027636 0.0372326 0.0475286 0.0574337 0.0657026 0.0713855 0.0741245 0.0741115 0.0718337 0.067846 0.0626617 0.0567184 0.0503668 0.0438716 0.0374291 0.031192 0.0252906 0.0198462 0.0149744 0.0107793 0.00733846 0.00468136
 0.0078627 0.0128512 0.019486 0.0277453 0.0373652 0.0476813 0.0576009 0.065875 0.0715494 0.0742632 0.0742082 0.0718766 0.067832 0.062598 0.0566205 0.0502535 0.0437592 0.0373263 0.031097 0.0251935 0.0197351 0.0148433 0.0106334 0.00719194 0.00455118
 0.00787386 0.0128683 0.0195098 0.0277759 0.0374021 0.0477237 0.0576483 0.0659272 0.0716066 0.0743254 0.0742738 0.0719407 0.0678867 0.0626342 0.0566321 0.05024 0.0437261 0.037281 0.0310451 0.0251355 0.0196678 0.014764 0.010544 0.00710025 0.00446758
 0.00788505 0.0128814 0.0195205 0.0277772 0.0373871 0.0476888 0.0575961 0.0658669 0.0715512 0.0742881 0.0742641 0.0719625 0.0679373 0.0627052 0.0567111 0.0503143 0.0437858 0.0373213 0.0310653 0.0251369 0.0196519 0.0147325 0.0105002 0.0070502 0.00441886
 0.00788862 0.0128861 0.0195251 0.0277794 0.037383 0.0476734 0.0575645 0.0658161 0.071483 0.0742105 0.0741909 0.0719097 0.0679173 0.0627231 0.0567631 0.0503893 0.0438695 0.0374 0.0311292 0.0251807 0.0196742 0.0147352 0.0104874 0.00702766 0.00439309
 0.00790695 0.0129101 0.0195507 0.0277991 0.0373883 0.047658 0.0575263 0.0657582 0.0714114 0.0741322 0.0741134 0.0718407 0.0678659 0.0626978 0.0567694 0.050427 0.0439317 0.0374752 0.0312044 0.0252449 0.0197209 0.0147623 0.0104971 0.00702476 0.00438335
 0.00791204 0.012916 0.0195549 0.0277974 0.0373751 0.0476274 0.0574742 0.0656836 0.0713182 0.0740296 0.0740138 0.0717573 0.0678095 0.0626748 0.0567816 0.0504725 0.0440048 0.0375669 0.031303 0.0253385 0.0197996 0.0148206 0.0105343 0.00704415 0.00439035
 0.00788992 0.0128802 0.0195014 0.0277228 0.0372776 0.0475082 0.0573383 0.0655403 0.0711795 0.0739075 0.0739187 0.0716975 0.0677901 0.0626979 0.0568458 0.0505726 0.0441327 0.0377118 0.0314527 0.0254807 0.0199236 0.0149192 0.0106052 0.00708971 0.00441609
 0.00786961 0.0128448 0.019444 0.0276358 0.0371552 0.0473494 0.0571504 0.0653385 0.0709843 0.0737395 0.0737946 0.071627 0.0677766 0.0627393 0.0569363 0.0507035 0.0442934 0.0378903 0.0316359 0.0256556 0.0200786 0.0150461 0.0107004 0.00715473 0.00445607
 0.00786593 0.0128354 0.0194232 0.027596 0.0370881 0.0472489 0.0570149 0.0651733 0.0708014 0.0735562 0.0736305 0.0715008 0.0677022 0.0627236 0.0569787 0.0507974 0.0444276 0.0380515 0.0318096 0.0258274 0.0202357 0.0151787 0.0108031 0.00722734 0.00450259
 0.0078121 0.0127534 0.01931 0.0274522 0.0369174 0.047057 0.0568095 0.064964 0.0706003 0.0733772 0.0734877 0.0714072 0.0676677 0.0627536 0.0570722 0.0509474 0.0446218 0.0382738 0.0320427 0.0260541 0.0204409 0.0153514 0.0109376 0.0073235 0.00456534
 0.0078078 0.0127367 0.0192676 0.0273669 0.0367739 0.0468503 0.056551 0.0646811 0.0703275 0.0731452 0.0733162 0.0713037 0.0676322 0.0627824 0.0571609 0.0510897 0.0448088 0.0384927 0.0322775 0.0262875 0.0206563 0.0155358 0.0110834 0.00742937 0.00463552
 0.00777373 0.0126843 0.0191937 0.0272692 0.0366493 0.0466943 0.0563587 0.0644517 0.0700696 0.0728803 0.0730758 0.0711208 0.0675312 0.0627732 0.057239 0.0512413 0.0450158 0.0387364 0.0325387 0.0265473 0.0208971 0.0157432 0.0112486 0.00755035 0.00471649
 0.00773956 0.0126289 0.0191108 0.0271536 0.0364992 0.0465126 0.0561545 0.0642388 0.0698624 0.0726901 0.0729104 0.0709881 0.0674419 0.0627405 0.0572736 0.0513463 0.0451845 0.0389536 0.0327844 0.0268 0.0211366 0.0159531 0.0114184 0.00767638 0.00480186
 0.00933489 0.0148595 0.0217974 0.029906 0.0388295 0.0480169 0.0566567 0.0638169 0.0687642 0.0712082 0.0712899 0.0693928 0.0659635 0.0614229 0.0561355 0.0503939 0.0444161 0.0383601 0.032349 0.0264994 0.0209438 0.01584 0.0113594 0.00765029 0.00479317
 0.00932659 0.0151418 0.0227434 0.031977 0.0423738 0.0529977 0.06248 0.0694286 0.0730243 0.073341 0.0711401 0.0673651 0.0627441 0.057686 0.0523766 0.0469041 0.0413342 0.0357354 0.030185 0.024775 0.0196221 0.0148722 0.0106875 0.00721184 0.00452649
 0.00898128 0.0146011 0.0219902 0.031066 0.0414844 0.0524683 0.0627657 0.0709375 0.0758711 0.0771647 0.0751504 0.0706417 0.0646193 0.0579757 0.0513474 0.0450556 0.0391653 0.0336093 0.0283066 0.0232288 0.0184198 0.0139864 0.0100713 0.00680976 0.00428226
 0.00879648 0.0142919 0.0215094 0.0303683 0.0405446 0.0513139 0.0615188 0.0698413 0.075268 0.0774004 0.0764179 0.0728363 0.0673097 0.0605438 0.053237 0.045984 0.0391775 0.0329766 0.0273625 0.022245 0.0175593 0.0133158 0.00959364 0.00649594 0.00409195
 0.00872257 0.0141621 0.0212953 0.0300358 0.0400588 0.0506509 0.0606804 0.0688725 0.0742725 0.0765475 0.0759271 0.0729221 0.0680878 0.0619424 0.0549787 0.0476748 0.0404647 0.0336821 0.027516 0.022017 0.0171553 0.0128968 0.00924826 0.00625099 0.00393767
 0.00870542 0.0141311 0.0212422 0.0299484 0.0399207 0.050442 0.0603798 0.068464 0.0737542 0.075946 0.0753112 0.0724073 0.0678199 0.0620504 0.0555101 0.0485483 0.0414815 0.0346015 0.0281561 0.0223181 0.0171746 0.0127511 0.00905064 0.00607426 0.0038107
 0.00869899 0.014121 0.0212272 0.0299268 0.0398895 0.0503954 0.0603082 0.0683538 0.0735893 0.0757128 0.0750068 0.072052 0.0674661 0.0617818 0.0554193 0.0486976 0.0418631 0.0351266 0.0286878 0.0227315 0.0174077 0.012816 0.00900648 0.00598728 0.0037271
 0.00869096 0.0141067 0.0212036 0.0298906 0.039838 0.0503285 0.0602285 0.0682657 0.073496 0.0756126 0.074893 0.0719162 0.0673074 0.0616162 0.0552849 0.0486457 0.041936 0.035331 0.0289826 0.0230425 0.0176617 0.0129728 0.00906811 0.00598457 0.00369634
 0.00865484 0.0140529 0.0211318 0.0298035 0.0397405 0.0502259 0.0601259 0.0681679 0.0734077 0.0755382 0.0748347 0.0718725 0.0672731 0.061586 0.0552601 0.0486393 0.0419703 0.0354262 0.0291414 0.023242 0.0178615 0.013134 0.00917086 0.00603219 0.00370681
 0.00866713 0.014068 0.0211455 0.0298093 0.0397319 0.0501992 0.0600826 0.0681141 0.0733512 0.0754846 0.0747858 0.0718272 0.067229 0.0615417 0.0552164 0.0486011 0.0419476 0.035432 0.0291852 0.0233224 0.0179634 0.0132345 0.00924995 0.00608124 0.00372912
 0.00863458 0.0140225 0.0210907 0.0297523 0.0396808 0.0501587 0.0600518 0.0680875 0.0733227 0.0754524 0.0747533 0.0718005 0.0672131 0.0615379 0.0552226 0.0486147 0.0419682 0.0354628 0.0292307 0.0233847 0.0180384 0.0133119 0.00931757 0.00613065 0.00375881
 0.00864919 0.0140385 0.021101 0.0297468 0.0396504 0.0501011 0.059975 0.0680073 0.0732563 0.0754094 0.0747334 0.0717965 0.0672166 0.061544 0.0552304 0.0486253 0.0419832 0.035484 0.0292602 0.0234237 0.0180858 0.0133628 0.00936524 0.00616895 0.00378492
 0.0086431 0.014034 0.0211034 0.029763 0.0396847 0.0501511 0.0600289 0.0680479 0.0732683 0.075388 0.0746858 0.0717371 0.0671594 0.0614966 0.0551944 0.0485993 0.0419657 0.0354749 0.0292602 0.0234335 0.0181046 0.0133879 0.00939212 0.00619305 0.00380319
 0.00862539 0.0140076 0.0210686 0.0297225 0.039644 0.0501181 0.0600125 0.0680543 0.0732979 0.0754328 0.074732 0.0717713 0.0671744 0.061494 0.0551813 0.0485835 0.0419529 0.0354677 0.0292596 0.0234396 0.0181168 0.0134047 0.00941076 0.00621052 0.00381719
 0.00863006 0.0140095 0.0210613 0.029697 0.0395923 0.0500378 0.0599103 0.0679465 0.0732052 0.0753736 0.0747158 0.0717956 0.0672274 0.0615599 0.0552466 0.0486407 0.0420004 0.0355074 0.0292944 0.0234715 0.0181467 0.0134322 0.00943514 0.0062306 0.00383225
 0.00863006 0.0140095 0.0210613 0.029697 0.0395923 0.0500378 0.0599103 0.0679465 0.0732052 0.0753736 0.0747158 0.0717956 0.0672274 0.0615599 0.0552466 0.0486407 0.0420004 0.0355074 0.0292944 0.0234715 0.0181467 0.0134322 0.00943514 0.0062306 0.00383225
 0.00823894 0.0133974 0.0201863 0.0285424 0.0381763 0.0484252 0.0582216 0.0663521 0.0718956 0.0745142 0.0744061 0.0720507 0.0679827 0.062694 0.0566113 0.0500904 0.0434141 0.0367996 0.0304149 0.0243989 0.01888 0.0139848 0.00982956 0.00649519 0.00399761
 0.00866068 0.0140188 0.0210001 0.0294941 0.0391717 0.0493477 0.0589506 0.0667802 0.0719499 0.0741782 0.0737327 0.0711529 0.0670047 0.0617719 0.0558418 0.0495167 0.0430309 0.0365707 0.0302937 0.0243438 0.0188612 0.0139836 0.00983557 0.00650303 0.00400468
 0.0084934 0.0138129 0.02081 0.0294048 0.0392679 0.0496682 0.0594552 0.0673535 0.0724433 0.0744672 0.0737575 0.070928 0.0666014 0.0612904 0.055382 0.0491557 0.0428087 0.0364883 0.0303222 0.0244405 0.0189844 0.0141029 0.00993404 0.00657522 0.00405247
 0.00854219 0.0138632 0.0208359 0.0293751 0.039167 0.0495213 0.0593372 0.0673642 0.0726538 0.0748688 0.0742512 0.0713655 0.0668536 0.0612999 0.0551756 0.0488184 0.0424415 0.0361721 0.0300996 0.0243163 0.0189381 0.0141048 0.00995747 0.00660243 0.00407476
 0.00836817 0.0136016 0.0204807 0.0289321 0.0386492 0.0489448 0.0587244 0.0667559 0.072121 0.0745074 0.074152 0.0715706 0.0673258 0.0619309 0.0558316 0.0493941 0.0428925 0.0365096 0.0303622 0.0245398 0.0191403 0.0142855 0.0101086 0.00671752 0.00415376
 0.00841681 0.0136594 0.020529 0.0289417 0.0385898 0.048798 0.058493 0.0664627 0.0717984 0.074189 0.0738722 0.0713678 0.0672392 0.061984 0.0560136 0.0496583 0.043175 0.0367589 0.0305567 0.0246854 0.019254 0.0143808 0.0101901 0.00678377 0.00420268
 0.00854938 0.0138766 0.0208566 0.0293979 0.039173 0.0494731 0.0591836 0.0670617 0.0721986 0.0743194 0.0737207 0.0709799 0.0666973 0.0613827 0.0554371 0.049163 0.0427823 0.03646 0.0303288 0.0245079 0.0191164 0.0142801 0.0101237 0.0067458 0.00418454
 0.0087811 0.014258 0.0214378 0.0302238 0.0402689 0.050822 0.0607059 0.0686113 0.0735856 0.0753532 0.0742563 0.0709519 0.0661322 0.0603867 0.0541663 0.0477841 0.0414378 0.0352476 0.0292984 0.0236723 0.0184666 0.0137971 0.00978391 0.00652233 0.00404876
 0.00899721 0.0146229 0.0220111 0.0310668 0.0414276 0.0523018 0.0624472 0.0704823 0.0754 0.0769066 0.0753643 0.0714812 0.0660215 0.0596587 0.0529236 0.0461896 0.0396801 0.0335039 0.0277055 0.0223143 0.0173781 0.0129746 0.0091991 0.00613341 0.00380875
#pred catch len freq
 0.00463547 0.00730969 0.0106128 0.0144436 0.0187375 0.0234523 0.0284955 0.0336841 0.0387776 0.0435409 0.0477847 0.0513805 0.0542672 0.0564473 0.0579653 0.0588819 0.0592545 0.0591184 0.0584419 0.057055 0.0546027 0.0506194 0.0447725 0.0371759 0.0285434
 0.00479409 0.00750095 0.0107812 0.0145061 0.0186181 0.0231291 0.0280309 0.0332089 0.0384306 0.043399 0.0478275 0.0515101 0.0543679 0.0564487 0.0578774 0.0587881 0.0592676 0.0593189 0.0588286 0.0575339 0.0550256 0.0508537 0.0447631 0.0369626 0.0282274
 0.00503449 0.00787039 0.0112924 0.0151438 0.0193284 0.0238147 0.0285617 0.0334591 0.0383353 0.0429976 0.0472548 0.0509305 0.0538937 0.0561001 0.0576077 0.0585464 0.0590477 0.0591597 0.0587712 0.0575741 0.0550994 0.0508693 0.0446552 0.036729 0.0279235
 0.00528281 0.00826021 0.0118539 0.015897 0.0202804 0.0249517 0.0298341 0.0347656 0.0395223 0.043887 0.0476999 0.0508757 0.0533997 0.0553127 0.0566882 0.0576111 0.0581539 0.0583289 0.0580155 0.0568985 0.0544914 0.0502986 0.0440949 0.0361795 0.0274164
 0.00555766 0.00868691 0.01246 0.0166988 0.0212856 0.0261616 0.0312389 0.036332 0.0411781 0.0455098 0.0491205 0.051905 0.0538799 0.0551727 0.0559712 0.0564545 0.0567324 0.0567982 0.0564844 0.0554302 0.0531184 0.0490389 0.0429648 0.0352019 0.0266177
 0.00584553 0.00913567 0.0131005 0.0175498 0.0223547 0.0274462 0.0327233 0.0379827 0.0429399 0.0473036 0.0508394 0.0534113 0.055012 0.0557713 0.0559225 0.0557318 0.0554108 0.0550317 0.0544575 0.0533138 0.0510478 0.047115 0.041264 0.0337807 0.0255083
 0.00619 0.0096664 0.0138461 0.0185211 0.0235492 0.0288533 0.0343238 0.0397425 0.0448047 0.0491971 0.0526665 0.0550611 0.0563607 0.0566862 0.0562746 0.0554203 0.0543971 0.0533639 0.0522709 0.0508038 0.0484309 0.0445943 0.0390064 0.0319029 0.0240661
 0.006551 0.0102245 0.0146332 0.0195505 0.0248175 0.030344 0.0360064 0.0415692 0.0467097 0.0511016 0.0544837 0.0566996 0.0577246 0.0576742 0.0567808 0.0553422 0.0536549 0.05193 0.0501981 0.048237 0.0455909 0.0417387 0.0363802 0.0296916 0.0223659
 0.00692007 0.0107979 0.0154477 0.0206252 0.0261556 0.0319332 0.0378151 0.0435407 0.0487613 0.0531318 0.0563841 0.0583666 0.0590666 0.0586122 0.0572434 0.0552596 0.0529606 0.0505785 0.0481958 0.0456739 0.0426537 0.0386899 0.0335045 0.0272281 0.020454
 0.00729156 0.011375 0.0162676 0.0217078 0.0275052 0.0335403 0.0396517 0.0455537 0.050869 0.0552287 0.0583513 0.0600849 0.0604297 0.0595351 0.0576631 0.0551286 0.0522391 0.049237 0.0462343 0.0431548 0.0397293 0.0356015 0.0305399 0.02465 0.0184306
 0.00767549 0.0119698 0.0171091 0.0228132 0.0288756 0.0351629 0.0414974 0.04757 0.0529765 0.0573241 0.0603166 0.0617993 0.0617815 0.0604329 0.0580408 0.0549436 0.0514663 0.0478652 0.0442762 0.0406699 0.0368524 0.0325511 0.027589 0.0220605 0.0163808
 0.00802456 0.0125126 0.0178809 0.0238332 0.0301477 0.0366767 0.0432245 0.0494582 0.0549491 0.0592848 0.0621584 0.0634136 0.0630666 0.0613013 0.0584243 0.054795 0.0507578 0.0465883 0.0424475 0.0383492 0.034164 0.0296934 0.0248118 0.0196088 0.0144276
 0.00831404 0.01297 0.0185455 0.0247349 0.0313047 0.0380907 0.0448724 0.0512853 0.0568694 0.0611909 0.0639343 0.0649481 0.0642633 0.0620848 0.0587415 0.054612 0.0500564 0.0453658 0.0407237 0.036182 0.031668 0.0270482 0.0222427 0.0173378 0.0126135
