SBPRF35
7.23831
Curr Bio
523452
B35
496627
F35
0.220258
FOFL
0.220258
OFL
94726.7
Bzero
2.06809e+006
#pred survey bio
 3.84991e+006 3.07427e+006 2.55099e+006 2.11873e+006 1.78799e+006 1.5463e+006 1.34648e+006 1.1935e+006 1.07853e+006 1.01112e+006 941368 849125 773250 704696 635303 613638 595144 560200 539240 528360 505486 487650 481820 497496 516415 534988 566182 606779 625791 622860 617198 588883 519818 534386 561819 582578 581004 577418 571203 543842 537443 565182 581692 588894 603031 613694 569661 546858 644299 690855 672888 613243 636864 667742 588706 531541 1.29794e+007 1.1822e+007 1.20441e+007 1.25948e+007 1.32927e+007 1.39895e+007 1.46033e+007 1.5104e+007 1.54926e+007 1.57844e+007 1.5999e+007 1.61548e+007 1.62671e+007 1.63479e+007 1.64061e+007 1.64482e+007 1.64788e+007 1.65011e+007 1.65175e+007 1.65296e+007 1.65387e+007 1.65454e+007 1.65504e+007 1.65542e+007 1.65571e+007 1.65593e+007 1.65609e+007 1.65621e+007 1.65631e+007 1.65638e+007 1.65644e+007 1.65648e+007 1.65651e+007 1.65654e+007 1.65656e+007 1.65657e+007 1.65658e+007 1.65659e+007 1.6566e+007 1.6566e+007 1.65661e+007 1.65661e+007 1.65661e+007 1.65661e+007 1.65661e+007 1.65661e+007 1.65662e+007 1.65662e+007 1.65662e+007 1.65662e+007 1.65662e+007 1.65662e+007 1.65662e+007 1.65662e+007 1.65662e+007 1.65662e+007 1.65662e+007 1.65662e+007 1.65662e+007 1.65662e+007 1.65662e+007 1.65662e+007 1.65662e+007 1.65662e+007 1.65662e+007 1.65662e+007 1.65662e+007 1.65662e+007 1.65662e+007 1.65662e+007 1.65662e+007 1.65662e+007 1.65662e+007 1.65662e+007 1.65662e+007 1.65662e+007 1.65662e+007 1.65662e+007 1.65662e+007 1.65662e+007 1.65662e+007 1.65662e+007 1.65662e+007 1.65662e+007 1.65662e+007 1.65662e+007 1.65662e+007 1.65662e+007 1.65662e+007 1.65662e+007 1.65662e+007 1.65662e+007 1.65662e+007 1.65662e+007 1.65662e+007 1.65662e+007 1.65662e+007 1.65662e+007 1.65662e+007 1.65662e+007 0 0 0 0 0 0 0 0 0 0 0 0 0 0 0 0 0 0 0 0 0 0 0 0 0
#obs survey bio
 3.96185e+006 2.58517e+006 2.37641e+006 1.96214e+006 1.71318e+006 1.29416e+006 1.63356e+006 874225 1.22659e+006 1.02141e+006 782897 764037 683237 700460 701432 674534 683984 496152 577847 602530 480863 336064 496251 486079 471745 528702 637516 647823 804852 452978 690842 819453 320477 715794 656163 525513 552051 568513 581878 556900 434758 619084 631905 467702 657999 811388 394363 587334 555767 959040 605272 692569 784851 731365 410874 531846
#pred catch bio
 337498 260713 281869 313166 308788 331532 292326 279415 248837 249265 252701 215567 179850 175867 139925 139075 136091 127900 111838 109702 103503 112349 99977.7 93316.6 97349.9 91380.1 92692.5 95230.6 90778.9 88326.2 92419.2 90697.9 89468.8 86742.9 81861.2 90324.3 91939.9 94988.4 85063 87000.9 86313.5 90930.2 89039.3 89652.3 85516.5 86900.9 124032 38612.3 92297.1 101715 147652 90205.1 75274.2 113821 139349 32436 94726.7 93851.8 94268.9 97572.4 102446 107390 111677 115074 117607 119416 120668 121513 122073 122439 122675 122826 122922 122983 123021 123045 123060 123069 123075 123078 123081 123082 123083 123083 123084 123084 123084 123084 123084 123084 123084 123084 123084 123084 123084 123084 123084 123084 123084 123084 123084 123084 123084 123084 123084 123084 123084 123084 123084 123084 123084 123084 123084 123084 123084 123084 123084 123084 123084 123084 123084 123084 123084 123084 123084 123084 123084 123084 123084 123084 123084 123084 123084 123084 123084 123084 123084 123084 123084 123084 123084 123084 123084 123084 123084 123084 123084 123084 123084 123084 123084 123084 123084 123084 123084 123084 0 0 0 0 0 0 0 0 0 0 0 0 0 0 0 0 0 0 0 0 0 0 0 0 0
#obs catch bio
 236558 260072 281708 313538 308540 333140 291782 279981 249270 249782 253270 215813 179206 176025 139816 139413 135805 128222 111797 109615 103166 112861 100202 93134.8 97434 91299.7 92877.9 95229.2 90651.8 88280.6 92490.3 90405.5 89960.6 86871.8 81717.8 90304.3 91914.7 95188.1 84838.3 87012 86488.4 90977.6 88946.1 89738.7 85530.8 86402.9 125963 38053.7 92963.7 101223 148602 90117.3 74952.9 113591 141849 32077.8
#pred cpue bio
 3.80292e+006 3.03424e+006 2.51515e+006 2.08618e+006 1.7579e+006 1.51788e+006 1.31917e+006 1.16703e+006 1.05219e+006 984315 914466 822910 747985 680857 612933 591721 573730 539881 519412 508924 486897 469691 463810 479031 497495 515398 545552 584896 603522 600993 595766 568515 500812 512672 538187 558466 557169 553840 547960 521944 515686 542272 558284 565308 578775 589187 547111 523801 618534 664216 646881 587276 609192 639952 564420 507813 1.24314e+007 1.13183e+007 1.14482e+007 1.19337e+007 1.26172e+007 1.33117e+007 1.39252e+007 1.44259e+007 1.48145e+007 1.51063e+007 1.53209e+007 1.54766e+007 1.5589e+007 1.56698e+007 1.5728e+007 1.57701e+007 1.58007e+007 1.5823e+007 1.58394e+007 1.58515e+007 1.58605e+007 1.58672e+007 1.58723e+007 1.58761e+007 1.5879e+007 1.58811e+007 1.58828e+007 1.5884e+007 1.5885e+007 1.58857e+007 1.58862e+007 1.58867e+007 1.5887e+007 1.58872e+007 1.58874e+007 1.58876e+007 1.58877e+007 1.58878e+007 1.58878e+007 1.58879e+007 1.58879e+007 1.5888e+007 1.5888e+007 1.5888e+007 1.5888e+007 1.5888e+007 1.5888e+007 1.5888e+007 1.5888e+007 1.5888e+007 1.5888e+007 1.5888e+007 1.5888e+007 1.5888e+007 1.5888e+007 1.5888e+007 1.58881e+007 1.58881e+007 1.58881e+007 1.58881e+007 1.58881e+007 1.58881e+007 1.58881e+007 1.58881e+007 1.58881e+007 1.58881e+007 1.58881e+007 1.58881e+007 1.58881e+007 1.58881e+007 1.58881e+007 1.58881e+007 1.58881e+007 1.58881e+007 1.58881e+007 1.58881e+007 1.58881e+007 1.58881e+007 1.58881e+007 1.58881e+007 1.58881e+007 1.58881e+007 1.58881e+007 1.58881e+007 1.58881e+007 1.58881e+007 1.58881e+007 1.58881e+007 1.58881e+007 1.58881e+007 1.58881e+007 1.58881e+007 1.58881e+007 1.58881e+007 1.58881e+007 1.58881e+007 1.58881e+007 1.58881e+007 1.58881e+007 1.58881e+007 0 0 0 0 0 0 0 0 0 0 0 0 0 0 0 0 0 0 0 0 0 0 0 0 0
#obs cpue bio
 2.4285e+006 3.62464e+006 2.904e+006 2.12283e+006 1.89762e+006 1.41078e+006 1.40836e+006 1.34908e+006 834852 967471 1.14588e+006 892930 1.02469e+006 640415 511283 481081 652705 478548 511919 495660 572368 496853 429507 612738 503629 536404 388394 663427 511158 747573 511237 583431 425750 470630 525178 639383 565166 502554 679482 468876 498379 582066 556149 631738 504786 662854 464164 567048 642598 687856 594102 462033 514688 822471 449851 677229
#pred surv len freq
 0.00476302 0.00782895 0.0119583 0.0171787 0.023373 0.0301772 0.0369659 0.0430228 0.0478151 0.0511651 0.0532078 0.0542227 0.0544907 0.0542371 0.0536348 0.0528267 0.0519478 0.0511206 0.0503944 0.0496284 0.0483909 0.0460083 0.0418432 0.035702 0.0280965
 0.00509688 0.00833258 0.0126456 0.018043 0.0243967 0.0313449 0.0382658 0.0444323 0.0492792 0.0525858 0.0544577 0.0551819 0.0550889 0.0544772 0.0535815 0.0525659 0.0515353 0.0505452 0.0495743 0.0484504 0.046782 0.0440053 0.0396172 0.0335137 0.0262008
 0.00528758 0.00866939 0.0131991 0.0188878 0.025586 0.0328755 0.0400554 0.0463303 0.051114 0.0542188 0.0558088 0.056215 0.0557826 0.0548111 0.0535471 0.0521823 0.0508446 0.0495846 0.048347 0.0469247 0.0449313 0.0418682 0.037334 0.0313045 0.0242904
 0.0054081 0.00889031 0.0135798 0.0195039 0.0265182 0.0341865 0.0417607 0.0483754 0.0533679 0.0564912 0.0578876 0.057914 0.0569785 0.0554537 0.0536437 0.0517726 0.0499813 0.0483205 0.0467256 0.0449788 0.0427011 0.0394357 0.0348491 0.0289704 0.0223054
 0.00557168 0.00916931 0.0140251 0.0201747 0.0274739 0.0354721 0.0433899 0.0503182 0.0555479 0.0587882 0.0601441 0.0599482 0.0586085 0.05653 0.0540772 0.0515429 0.0491245 0.0469051 0.0448316 0.0426909 0.0401195 0.036696 0.0321326 0.0264847 0.0202331
 0.00571547 0.00942008 0.0144346 0.0208032 0.0283794 0.0366924 0.0449245 0.0521217 0.0575383 0.0608629 0.062192 0.0618524 0.0602441 0.0577669 0.054793 0.0516442 0.0485652 0.0456947 0.0430302 0.0404009 0.0374817 0.0338913 0.0293752 0.0239932 0.0181826
 0.00599156 0.00986891 0.0151103 0.0217571 0.029651 0.0382949 0.0468287 0.0542482 0.0597658 0.0630507 0.064204 0.0635748 0.0615903 0.0586725 0.0552038 0.0515087 0.0478384 0.0443533 0.0410934 0.0379464 0.0346534 0.0308946 0.0264533 0.0213836 0.0160624
 0.00630198 0.0103589 0.0158206 0.0227167 0.0308736 0.0397734 0.0485277 0.0561006 0.0616797 0.0649227 0.0659334 0.0650705 0.0627744 0.0594807 0.055584 0.0514166 0.0472351 0.0432097 0.0394066 0.0357632 0.0320912 0.0281432 0.0237506 0.0189646 0.0141004
 0.00658764 0.010835 0.0165572 0.0237814 0.0323122 0.0415817 0.0506287 0.0583461 0.063884 0.0669122 0.0675837 0.066316 0.0635943 0.0598764 0.0555611 0.0509745 0.0463638 0.0418954 0.0376468 0.033591 0.0296004 0.0254984 0.0211678 0.0166627 0.0122415
 0.00675424 0.0111114 0.0169848 0.0244057 0.0331776 0.0427202 0.0520442 0.0599998 0.0656888 0.0687401 0.069286 0.067752 0.0646582 0.0605111 0.0557534 0.0507358 0.0457108 0.0408397 0.0362007 0.0317877 0.0275177 0.0232729 0.0189826 0.0147069 0.0106576
 0.00691099 0.0113766 0.0174028 0.0250238 0.0340354 0.043834 0.0533922 0.0615195 0.0672885 0.0703174 0.0707415 0.0689939 0.0656041 0.0610942 0.0559311 0.0504954 0.0450638 0.0398124 0.0348277 0.0301175 0.0256283 0.0212838 0.0170486 0.0129865 0.00926997
 0.00715497 0.0117705 0.0179906 0.0258439 0.035113 0.0451688 0.0549443 0.0632046 0.0689878 0.0719001 0.0720897 0.0700192 0.066254 0.0613478 0.0557903 0.0499756 0.0441894 0.0386154 0.0333492 0.0284135 0.0237784 0.0193975 0.0152577 0.0114208 0.00802271
 0.00734644 0.0120677 0.0184119 0.026399 0.0358033 0.0459888 0.0558805 0.0642317 0.0700675 0.0729816 0.0731118 0.0709146 0.0669555 0.0617969 0.0559448 0.0498134 0.0437082 0.0378298 0.0322905 0.0271321 0.0223485 0.0179179 0.0138432 0.0101807 0.00703387
 0.00741974 0.0121856 0.0185869 0.026641 0.0361176 0.0463732 0.0563239 0.0647176 0.070581 0.0735159 0.0736669 0.0714868 0.0675243 0.0623187 0.0563575 0.0500507 0.0437149 0.0375742 0.0317697 0.0263745 0.0214135 0.0168915 0.0128265 0.00926992 0.00629808
 0.00761052 0.0124852 0.0190173 0.0272135 0.0368288 0.0471992 0.0572159 0.0656039 0.0713792 0.0741541 0.0741028 0.0717161 0.0675744 0.062231 0.0561671 0.0497716 0.0433379 0.0370769 0.0311339 0.0256018 0.0205345 0.0159658 0.0119311 0.00848033 0.00566739
 0.00755563 0.0124052 0.0189147 0.0270985 0.0367188 0.0471172 0.0571884 0.0656564 0.0715313 0.0744124 0.0744559 0.0721353 0.0680203 0.0626632 0.0565511 0.0500793 0.0435445 0.0371578 0.0310674 0.0253788 0.0201686 0.0154977 0.0114223 0.00799697 0.00526196
 0.0075574 0.0124035 0.0189043 0.0270727 0.0366732 0.0470539 0.0571195 0.0656032 0.0715192 0.074463 0.0745808 0.0723331 0.0682768 0.0629543 0.0568466 0.0503478 0.0437561 0.037286 0.0310908 0.0252852 0.0199619 0.015202 0.0110802 0.00765851 0.00497007
 0.00768014 0.0125827 0.0191357 0.0273382 0.0369442 0.0472992 0.0573113 0.0657227 0.07156 0.0744331 0.0745019 0.0722348 0.0681881 0.0628949 0.0568223 0.0503504 0.0437665 0.0372795 0.0310428 0.0251775 0.0197883 0.0149729 0.010821 0.00740304 0.00474898
 0.00776852 0.0127281 0.0193562 0.0276476 0.0373444 0.0477701 0.0578057 0.0661718 0.0718923 0.074599 0.0744897 0.0720709 0.0679233 0.0625861 0.0565174 0.0500793 0.0435391 0.0370884 0.0308703 0.0250035 0.0195989 0.0147657 0.0106067 0.00720041 0.00457686
 0.00774913 0.012692 0.0192944 0.0275523 0.0372142 0.0476169 0.057657 0.0660646 0.0718578 0.0746475 0.0746053 0.0722204 0.0680729 0.0627154 0.0566229 0.0501684 0.0436207 0.0371648 0.0309349 0.0250441 0.0196042 0.0147317 0.01054 0.00711604 0.00449242
 0.00779527 0.0127573 0.0193745 0.0276357 0.0372843 0.0476562 0.0576527 0.0660133 0.0717692 0.074544 0.074515 0.0721659 0.068062 0.0627396 0.0566647 0.0502122 0.0436582 0.0371943 0.0309562 0.0250543 0.019598 0.0147056 0.0104953 0.00706025 0.00443591
 0.00776736 0.0127237 0.0193449 0.0276249 0.0373059 0.0477145 0.0577361 0.0660966 0.0718239 0.0745508 0.074473 0.0720927 0.0679848 0.0626829 0.0566414 0.0502208 0.043688 0.0372322 0.0309916 0.0250801 0.01961 0.0147017 0.0104768 0.00703154 0.00440382
 0.00780196 0.0127885 0.0194584 0.0278091 0.0375808 0.0480881 0.0581952 0.0666018 0.0723136 0.0749536 0.0747254 0.0721559 0.0678564 0.0623966 0.0562549 0.0497967 0.0432768 0.0368649 0.0306806 0.0248256 0.0194063 0.0145414 0.0103529 0.00693821 0.00433638
 0.00787235 0.0128644 0.0195033 0.0277702 0.0374098 0.0477705 0.057771 0.0661611 0.071965 0.0747814 0.0747586 0.0723638 0.0681677 0.0627303 0.0565475 0.0500163 0.0434222 0.0369528 0.0307318 0.0248559 0.0194238 0.0145493 0.0103526 0.00693185 0.00432673
 0.00792668 0.0129398 0.0195908 0.0278476 0.0374413 0.0477102 0.0575738 0.0658017 0.0714598 0.074201 0.0742163 0.071978 0.0680159 0.0628217 0.0568273 0.050397 0.0438197 0.0373103 0.0310241 0.0250805 0.0195889 0.0146656 0.01043 0.0069792 0.00435258
 0.00802104 0.0130839 0.0197894 0.0280968 0.037726 0.0480025 0.0578315 0.0659711 0.0714861 0.0740469 0.0738822 0.0715127 0.0675087 0.0623745 0.0565186 0.0502561 0.0438249 0.0374088 0.0311592 0.0252108 0.0196939 0.0147405 0.0104785 0.0070077 0.00436746
 0.00799715 0.0130477 0.0197398 0.0280349 0.037655 0.0479275 0.0577583 0.0659043 0.071426 0.0739868 0.0738089 0.0714131 0.0673804 0.0622346 0.0564027 0.0502052 0.0438656 0.0375396 0.0313522 0.0254256 0.0198939 0.0149033 0.0105971 0.00708599 0.00441447
 0.00793916 0.0129544 0.0196017 0.0278453 0.0374128 0.0476412 0.0574491 0.0656046 0.0711724 0.0738097 0.073723 0.0714141 0.0674487 0.062345 0.0565361 0.0503557 0.0440394 0.037745 0.0315882 0.025677 0.0201364 0.0151133 0.0107604 0.00720042 0.00448682
 0.00794591 0.0129511 0.0195706 0.0277617 0.0372519 0.0473891 0.0571128 0.0652141 0.0707746 0.0734562 0.0734581 0.0712658 0.0674245 0.0624323 0.0567087 0.0505833 0.0442968 0.0380165 0.0318645 0.0259493 0.0203918 0.0153368 0.0109398 0.00733109 0.00457278
 0.00792452 0.0129156 0.0195152 0.0276786 0.0371308 0.0472178 0.05688 0.0649156 0.0704204 0.0730752 0.0730959 0.0709747 0.0672489 0.0623959 0.0568095 0.0507976 0.0445887 0.0383491 0.0322069 0.0262784 0.0206906 0.0155924 0.0111437 0.00748088 0.0046731
 0.00784745 0.0128012 0.0193631 0.0274953 0.0369274 0.0470056 0.0566674 0.0647064 0.0702148 0.0728723 0.0728988 0.0707949 0.0671083 0.0623228 0.0568284 0.0509195 0.044806 0.0386377 0.032534 0.0266107 0.0210005 0.0158601 0.0113581 0.00763921 0.00478009
 0.00847613 0.0136804 0.0204228 0.0285829 0.0378532 0.0476143 0.0568932 0.064581 0.0698302 0.07233 0.0722756 0.0701369 0.0664437 0.0616774 0.0562338 0.0504097 0.0444086 0.0383649 0.0323793 0.0265525 0.0210094 0.0159065 0.0114177 0.00769551 0.00482442
 0.00934408 0.0150278 0.0223223 0.0310339 0.040754 0.0507388 0.0598898 0.0670268 0.0713467 0.0727127 0.0715588 0.0685544 0.0643184 0.0593133 0.0538589 0.0481729 0.0424001 0.0366365 0.0309545 0.0254302 0.0201673 0.015307 0.0110147 0.00744127 0.00467497
 0.00910614 0.0148332 0.0223806 0.0316473 0.0422238 0.0532207 0.0632726 0.0709105 0.0751428 0.0758157 0.0735105 0.0691441 0.0636001 0.0575495 0.0514202 0.0454325 0.0396621 0.0341095 0.0287595 0.0236215 0.0187518 0.0142579 0.0102819 0.00696208 0.00438366
 0.00888741 0.014448 0.0217608 0.0307504 0.0410904 0.0520369 0.0623854 0.0707442 0.0760209 0.0777778 0.0762416 0.0720743 0.0661199 0.05922 0.0520805 0.045183 0.0387641 0.0328684 0.0274389 0.0224039 0.0177367 0.0134788 0.00972819 0.00659751 0.004162
 0.00876122 0.0142326 0.0214158 0.0302277 0.0403422 0.0510368 0.0611628 0.0694232 0.0748385 0.0770495 0.0762628 0.0729843 0.0678044 0.0613239 0.0541386 0.0467964 0.0397278 0.0331937 0.0272868 0.021987 0.0172405 0.0130255 0.00937459 0.0063532 0.00401016
 0.00871102 0.0141585 0.0213166 0.030103 0.0401862 0.0508311 0.0608748 0.0690154 0.0742933 0.0764031 0.0756287 0.0725439 0.0677477 0.0617582 0.0550159 0.0479126 0.0408044 0.0339955 0.0277061 0.0220539 0.0170719 0.0127557 0.00910624 0.00614024 0.00386584
 0.00863828 0.0140514 0.0211764 0.0299386 0.0400121 0.0506626 0.0607218 0.0688774 0.0741554 0.0762398 0.0754189 0.0722951 0.0675155 0.0616407 0.0551124 0.048265 0.0413586 0.034616 0.0282379 0.0223925 0.0171978 0.01272 0.00898835 0.00600838 0.00375874
 0.00864419 0.0140539 0.0211674 0.0299075 0.0399501 0.0505682 0.0606051 0.068757 0.0740502 0.0761578 0.0753517 0.0722227 0.0674223 0.0615339 0.0550298 0.0482621 0.0414765 0.0348498 0.0285311 0.0226633 0.017381 0.0127945 0.00897585 0.00595061 0.00369326
 0.00871923 0.0141482 0.0212585 0.0299574 0.0399162 0.0504208 0.0603416 0.0684069 0.0736666 0.0758013 0.0750735 0.0720514 0.0673598 0.0615609 0.0551214 0.0484022 0.0416628 0.0350834 0.0288002 0.0229363 0.0176162 0.0129606 0.0090658 0.00598024 0.00368844
 0.00871474 0.0141663 0.02133 0.0301202 0.0401974 0.0508126 0.060787 0.068809 0.0739235 0.0758484 0.0749078 0.0717267 0.0669575 0.0611587 0.0547723 0.048132 0.041478 0.0349805 0.028769 0.0229586 0.0176663 0.0130116 0.00909902 0.00599065 0.003682
 0.00860726 0.0140059 0.0211175 0.0298707 0.0399422 0.0505979 0.0606656 0.0688246 0.0740887 0.0761296 0.075231 0.0720058 0.0671315 0.0612131 0.0547357 0.0480535 0.0414032 0.0349382 0.0287689 0.0229954 0.0177253 0.0130747 0.00915121 0.00602444 0.00369807
 0.00866428 0.0140699 0.0211614 0.0298543 0.0398262 0.0503646 0.0603369 0.0684623 0.0737764 0.0759424 0.0752078 0.0721357 0.0673606 0.0614684 0.0549546 0.048205 0.0414906 0.0349861 0.0288049 0.0230371 0.0177767 0.0131299 0.0092009 0.00606174 0.0037212
 0.00875766 0.0142078 0.0213416 0.0300612 0.0400297 0.0505224 0.0604011 0.068393 0.0735607 0.0756091 0.0748261 0.071793 0.0671277 0.0613731 0.0549775 0.0482972 0.0416011 0.0350823 0.0288775 0.023092 0.017823 0.0131724 0.00923876 0.00609207 0.00374217
 0.00871272 0.0141588 0.0213113 0.0300833 0.0401365 0.0507266 0.0606811 0.0686927 0.0738055 0.0757327 0.0747947 0.0716179 0.0668607 0.0610865 0.0547359 0.0481361 0.0415213 0.035061 0.0288863 0.0231105 0.0178423 0.0131903 0.00925537 0.00610655 0.00375336
 0.00860925 0.0139928 0.021068 0.0297561 0.0397354 0.0502868 0.0602646 0.0683764 0.0736537 0.0757683 0.0749874 0.0718988 0.067155 0.061344 0.054944 0.0483108 0.0416868 0.0352315 0.0290603 0.0232763 0.017987 0.0133065 0.00934183 0.00616655 0.00379205
 0.00882415 0.0142851 0.0214021 0.0300633 0.0399327 0.050308 0.0600881 0.0680337 0.0732188 0.0753326 0.0746321 0.0716722 0.0670624 0.0613541 0.0550093 0.048391 0.041762 0.0353003 0.029129 0.0233479 0.0180586 0.0133719 0.00939554 0.0062063 0.0038187
 0.00903153 0.0146938 0.0221417 0.0312775 0.0417182 0.0526316 0.0627296 0.0706088 0.0752919 0.076566 0.0748888 0.0710268 0.0657344 0.0596138 0.053103 0.0465028 0.0400104 0.0337527 0.0278189 0.0222859 0.0172373 0.0127688 0.00897746 0.00593432 0.00365384
 0.00837082 0.0136252 0.0205568 0.0291138 0.0390129 0.0495809 0.0597124 0.0681235 0.0737994 0.0763129 0.0758189 0.0728325 0.0680043 0.0619811 0.0553235 0.0484579 0.0416675 0.0351228 0.0289282 0.0231638 0.0179128 0.0132702 0.00933296 0.00617237 0.00380265
 0.00853566 0.0138349 0.0207609 0.0292201 0.0389012 0.049136 0.0588671 0.0669014 0.0723419 0.0748682 0.0746795 0.072234 0.0680352 0.0625578 0.056244 0.049496 0.0426499 0.0359574 0.0295908 0.0236682 0.0182857 0.0135385 0.0095195 0.00629618 0.00388004
 0.0089514 0.0144625 0.0216116 0.0302618 0.0400533 0.0502698 0.0598122 0.0674682 0.0723693 0.0742866 0.073558 0.0707801 0.0665363 0.0612852 0.0553653 0.0490377 0.0425243 0.036028 0.0297353 0.0238103 0.0183947 0.0136118 0.00956544 0.00632412 0.00389673
 0.00938751 0.0152229 0.0228441 0.032116 0.0426223 0.0535073 0.0634685 0.0710978 0.0754306 0.076293 0.0742103 0.0700315 0.0645827 0.0584996 0.052197 0.0459022 0.0397178 0.0336955 0.0278939 0.0224039 0.0173457 0.0128494 0.00903206 0.00597048 0.00367782
 0.00893403 0.0145514 0.0219632 0.0310971 0.0416054 0.0526931 0.0630913 0.0713673 0.0764475 0.0779728 0.0762698 0.0720637 0.0661925 0.0594319 0.0524013 0.045513 0.0389741 0.0328424 0.0271106 0.0217783 0.0168908 0.0125386 0.00882818 0.00584156 0.00359999
 0.00857907 0.0139515 0.0210238 0.029732 0.0397767 0.0504659 0.0606772 0.0691177 0.074777 0.0772369 0.0766462 0.0734882 0.0683733 0.061939 0.0547988 0.0474833 0.0403839 0.0337296 0.027613 0.022051 0.0170504 0.0126482 0.00891148 0.00590355 0.00364213
 0.00902694 0.0145989 0.021844 0.0306366 0.0406251 0.0510917 0.0609225 0.0688744 0.0740322 0.0761061 0.075367 0.0723561 0.0676388 0.0617137 0.0550201 0.047957 0.0408784 0.0340724 0.02774 0.0219956 0.0168944 0.0124709 0.00876174 0.00579809 0.00357715
 0.0093773 0.0152384 0.0229265 0.0323236 0.0430161 0.0541284 0.0643203 0.072143 0.0766047 0.077523 0.0754229 0.0711469 0.0655032 0.0591084 0.052378 0.045578 0.0388888 0.0324565 0.0264162 0.0208883 0.0159679 0.0117221 0.00819428 0.00540213 0.0033251
#obs surv len freq
 0.00496696 0.00813542 0.0123737 0.0176952 0.0239738 0.0308446 0.0376832 0.0437676 0.0485483 0.0518243 0.0537128 0.0544972 0.0544951 0.0540023 0.0532789 0.052539 0.0519288 0.051484 0.0510666 0.0503076 0.0486245 0.0453863 0.0402158 0.0332818 0.0253663
 0.00518826 0.00849663 0.01292 0.0184697 0.0250092 0.0321506 0.0392328 0.0454924 0.0503477 0.0535836 0.0553216 0.0558582 0.0555263 0.0546354 0.0534591 0.0522285 0.0511135 0.0501826 0.049338 0.0482541 0.0463895 0.0431419 0.0381386 0.0315187 0.0240031
 0.00540341 0.00885263 0.0134675 0.0192597 0.0260836 0.0335259 0.0408844 0.0473484 0.0522996 0.0555075 0.0570975 0.0573813 0.0567099 0.0554096 0.0537676 0.0520274 0.0503741 0.0489007 0.0475485 0.0460461 0.0439126 0.0405957 0.0357407 0.0294586 0.022397
 0.00563797 0.00923409 0.0140423 0.0200723 0.0271697 0.0349006 0.0425287 0.0492025 0.0542683 0.057475 0.0589441 0.0589958 0.0579963 0.0562895 0.0541794 0.0519231 0.0497184 0.0476774 0.0457752 0.0437951 0.0413265 0.0378833 0.0331447 0.0272001 0.0206198
 0.0058759 0.00962487 0.0146376 0.0209224 0.0283131 0.0363486 0.0442501 0.0511198 0.0562707 0.0594417 0.0607634 0.0605727 0.0592514 0.0571553 0.0545977 0.0518435 0.0491002 0.0464948 0.0440331 0.041551 0.0387109 0.0351022 0.0304498 0.0248305 0.0187389
 0.00612382 0.0100309 0.0152543 0.0218007 0.0294926 0.0378421 0.0460273 0.0531008 0.0583372 0.0614594 0.0626054 0.0621341 0.0604542 0.0579447 0.0549346 0.0516963 0.0484393 0.0452974 0.0422982 0.0393238 0.036108 0.0323187 0.0277337 0.0224253 0.0168173
 0.0063651 0.0104265 0.0158558 0.0226583 0.0306455 0.0393029 0.0477662 0.0550404 0.0603621 0.0634388 0.0644134 0.0636636 0.061622 0.0586924 0.0552251 0.0515069 0.0477544 0.0441069 0.0406064 0.0371727 0.0336017 0.0296357 0.0251069 0.0200888 0.0149416
 0.00661876 0.0108421 0.0164872 0.023557 0.0318501 0.0408226 0.0495639 0.0570276 0.0624121 0.0654115 0.0661797 0.0651186 0.0626894 0.0593229 0.0553914 0.0511973 0.0469666 0.0428448 0.0388867 0.0350418 0.0311587 0.0270444 0.022581 0.0178449 0.013139
 0.00684277 0.0112116 0.0170531 0.02437 0.0329504 0.0422238 0.0512365 0.0588925 0.0643517 0.0672917 0.0678722 0.0665159 0.0637113 0.0599175 0.055532 0.0508762 0.0461884 0.0416229 0.0372471 0.0330362 0.0288828 0.0246482 0.0202561 0.0157843 0.0114849
 0.00707864 0.0115962 0.0176338 0.0251915 0.0340456 0.0435996 0.0528598 0.0606845 0.0661983 0.0690644 0.0694494 0.0677963 0.0646201 0.0604075 0.0555814 0.0504834 0.0453659 0.0403933 0.0356456 0.0311201 0.0267456 0.0224276 0.0181223 0.0139058 0.0099834
 0.00729269 0.0119488 0.018173 0.0259636 0.0350853 0.0449138 0.0544119 0.0623909 0.0679412 0.070716 0.0708944 0.0689439 0.0654072 0.0607968 0.055558 0.0500504 0.0445398 0.0392015 0.0341281 0.0293366 0.0247864 0.0204175 0.0162103 0.0122357 0.0086561
 0.00743779 0.0121916 0.0185513 0.0265178 0.0358502 0.0459068 0.0556189 0.0637603 0.0693892 0.0721409 0.0721923 0.0700224 0.0661936 0.0612425 0.0556382 0.0497611 0.0438927 0.0382214 0.0328534 0.0278251 0.0231218 0.0187116 0.0145923 0.0108269 0.00753987
 0.00751545 0.0123177 0.0187416 0.0267891 0.0362203 0.0463923 0.0562315 0.0645013 0.0702444 0.0730771 0.0731572 0.0709477 0.0670032 0.0618629 0.0560085 0.0498392 0.0436589 0.0376776 0.0320236 0.0267569 0.0218891 0.0174132 0.0133407 0.00972694 0.00666362
 0.00759911 0.0124463 0.0189215 0.0270219 0.0365037 0.0467223 0.0566035 0.0649115 0.0706906 0.0735591 0.073673 0.071487 0.0675404 0.062355 0.0563993 0.0500695 0.0436779 0.0374536 0.0315509 0.02606 0.0210233 0.0164608 0.0123982 0.00888527 0.00598659
 0.00766081 0.0125416 0.0190555 0.0271953 0.0367129 0.0469589 0.0568553 0.0651644 0.0709341 0.0737905 0.0738999 0.0717234 0.0677975 0.0626311 0.0566734 0.0503012 0.0438151 0.0374455 0.0313623 0.0256838 0.0204863 0.0158211 0.0117333 0.0082728 0.00548398
 0.00771366 0.0126208 0.0191622 0.0273263 0.0368613 0.0471161 0.0570127 0.065314 0.0710692 0.0739084 0.0740028 0.0718194 0.0678989 0.0627491 0.0568111 0.0504471 0.0439408 0.0375103 0.0313247 0.0255166 0.0201891 0.0154243 0.0112911 0.00784648 0.00512333
 0.00776629 0.012701 0.0192726 0.0274649 0.0370218 0.0472876 0.057181 0.0654634 0.0711861 0.0739856 0.0740416 0.0718296 0.0678945 0.0627454 0.0568198 0.0504724 0.0439752 0.0375332 0.0313067 0.0254294 0.0200185 0.0151787 0.0110012 0.00755472 0.00486854
 0.00780845 0.0127649 0.0193599 0.0275739 0.0371472 0.0474218 0.057314 0.065584 0.0712835 0.0740514 0.0740729 0.071829 0.0678706 0.0627095 0.0567841 0.0504459 0.0439604 0.0375235 0.0312863 0.0253782 0.0199207 0.0150317 0.0108191 0.00736349 0.00469567
 0.00786192 0.0128471 0.0194745 0.0277207 0.0373211 0.0476131 0.057508 0.0657622 0.0714272 0.0741461 0.0741118 0.0718134 0.0678089 0.0626147 0.0566711 0.0503291 0.0438508 0.0374257 0.0311971 0.0252877 0.0198177 0.0149102 0.0106829 0.00722539 0.00457167
 0.00789284 0.0128973 0.0195497 0.0278255 0.0374575 0.0477779 0.0576913 0.0659473 0.0715941 0.0742762 0.0741919 0.0718384 0.0677808 0.0625414 0.0565645 0.0502031 0.0437187 0.0372979 0.0310786 0.0251778 0.0197116 0.0148038 0.010576 0.00712329 0.0044824
 0.00787852 0.0128742 0.0195159 0.0277801 0.0374025 0.0477193 0.0576397 0.0659164 0.0715959 0.0743164 0.0742671 0.0719367 0.0678858 0.0626375 0.0566403 0.0502535 0.0437443 0.0373029 0.0310681 0.0251555 0.019679 0.0147615 0.0105261 0.00707028 0.00443258
 0.00791678 0.0129258 0.019574 0.0278318 0.0374326 0.0477161 0.0576005 0.0658488 0.0715156 0.0742424 0.0742162 0.0719189 0.0679024 0.0626808 0.0566972 0.0503098 0.0437892 0.0373308 0.0310783 0.0251501 0.0196611 0.0147341 0.0104926 0.00703475 0.0043993
 0.00790602 0.0129138 0.0195654 0.0278328 0.0374471 0.0477417 0.0576257 0.0658567 0.0714918 0.0741836 0.0741341 0.0718357 0.0678414 0.0626574 0.0567143 0.0503589 0.0438552 0.0373981 0.0311351 0.0251902 0.0196832 0.0147403 0.0104867 0.00702146 0.00438341
 0.00789546 0.0128892 0.0195152 0.0277439 0.0373102 0.0475588 0.0574147 0.0656482 0.0713179 0.0740658 0.0740775 0.0718334 0.0678832 0.0627365 0.0568269 0.0505006 0.0440169 0.037566 0.0312937 0.0253266 0.0197898 0.0148155 0.0105337 0.00704657 0.00439378
 0.0078911 0.0128813 0.0195015 0.0277202 0.0372701 0.0474937 0.0573162 0.0655123 0.0711506 0.0738858 0.0739122 0.0717104 0.0678205 0.0627381 0.0568859 0.0506043 0.0441514 0.0377173 0.0314477 0.0254696 0.019911 0.0149086 0.0105983 0.00708648 0.00441534
 0.00787089 0.0128473 0.0194483 0.0276427 0.0371648 0.0473609 0.0571614 0.0653457 0.0709844 0.0737312 0.0737794 0.0716099 0.0677638 0.0627355 0.0569422 0.0507158 0.0443064 0.0378989 0.0316376 0.0256508 0.0200699 0.0150367 0.0106926 0.00714954 0.00445334
 0.00785453 0.0128195 0.0194041 0.0275768 0.0370725 0.0472402 0.0570149 0.0651816 0.0708154 0.0735723 0.0736447 0.0715102 0.0677065 0.0627248 0.0569802 0.0508017 0.0444353 0.0380606 0.0318173 0.0258315 0.0202358 0.0151759 0.0107994 0.00722406 0.00450041
 0.00782743 0.0127759 0.0193397 0.0274876 0.0369563 0.0470976 0.0568506 0.0650047 0.070639 0.0734107 0.0735117 0.0714169 0.0676603 0.062729 0.0570339 0.0509012 0.0445739 0.0382291 0.0320036 0.0260209 0.0204133 0.0153289 0.01092 0.00731076 0.00455693
 0.00781207 0.0127455 0.0192841 0.0273947 0.0368157 0.0469059 0.056616 0.0647475 0.0703864 0.0731899 0.0733436 0.0713137 0.067626 0.0627615 0.0571266 0.0510446 0.0447567 0.0384386 0.032226 0.0262419 0.0206183 0.0155056 0.0110607 0.00741335 0.00462503
 0.00777632 0.0126902 0.0192058 0.0272912 0.0366853 0.0467472 0.0564286 0.0645347 0.0701581 0.0729636 0.0731429 0.0711631 0.0675444 0.0627577 0.057199 0.0511829 0.0449458 0.0386614 0.0324649 0.0264796 0.0208392 0.0156969 0.0112139 0.00752622 0.0047009
 0.00774211 0.0126315 0.0191122 0.0271521 0.0364937 0.0465045 0.0561481 0.0642404 0.0698786 0.0727241 0.0729601 0.0710461 0.067498 0.0627845 0.0572985 0.0513495 0.0451678 0.0389216 0.0327434 0.026756 0.0210949 0.0159173 0.0113903 0.0076562 0.00478858
 0.00931977 0.0148388 0.0217733 0.0298827 0.0388115 0.0480072 0.0566553 0.0638213 0.0687722 0.0712196 0.0713071 0.0694188 0.065999 0.0614647 0.0561769 0.0504272 0.0444356 0.0383637 0.0323384 0.026479 0.0209187 0.0158152 0.011338 0.00763398 0.00478199
 0.00931989 0.0151278 0.0227171 0.0319327 0.0423077 0.0529115 0.0623827 0.0693351 0.0729509 0.0732992 0.0711335 0.0673907 0.0627953 0.0577554 0.0524564 0.0469865 0.0414113 0.0358006 0.0302342 0.0248075 0.0196403 0.01488 0.010689 0.00721049 0.0045244
 0.00898665 0.0146075 0.0219953 0.0310658 0.0414735 0.0524413 0.0627188 0.0708707 0.0757899 0.0770799 0.0750761 0.0705909 0.0646003 0.0579897 0.0513892 0.0451165 0.039235 0.0336786 0.0283681 0.0232779 0.0184549 0.0140088 0.0100839 0.0068159 0.00428475
 0.00879973 0.0142959 0.0215129 0.0303692 0.0405399 0.0513008 0.0614947 0.0698046 0.0752186 0.0773407 0.0763531 0.0727748 0.0672613 0.0605173 0.0532374 0.0460107 0.0392251 0.0330361 0.0274246 0.0223018 0.0176057 0.0133499 0.0096163 0.00650953 0.00409929
 0.0087461 0.0141975 0.0213435 0.0300951 0.0401253 0.0507187 0.0607419 0.0689191 0.0742957 0.0765417 0.0758909 0.0728592 0.0680065 0.0618546 0.0548969 0.0476095 0.0404219 0.033662 0.0275141 0.0220262 0.0171688 0.0129096 0.00925774 0.00625679 0.0039406
 0.00871376 0.014148 0.0212736 0.0300011 0.0400001 0.0505483 0.060505 0.0685925 0.0738665 0.0760242 0.0753436 0.0723909 0.067759 0.0619557 0.0553957 0.0484298 0.0413727 0.0345121 0.02809 0.0222741 0.0171479 0.0127361 0.00904229 0.0060694 0.00380765
 0.00869127 0.0141108 0.0212166 0.0299198 0.0398919 0.0504137 0.0603483 0.0684184 0.0736757 0.0758115 0.0751026 0.0721279 0.0675081 0.0617833 0.0553825 0.0486319 0.0417821 0.0350443 0.028615 0.0226744 0.0173674 0.0127902 0.00899117 0.00597868 0.00372237
 0.00869279 0.0141091 0.0212064 0.0298935 0.0398413 0.0503334 0.060238 0.0682838 0.0735267 0.0756581 0.0749514 0.0719809 0.0673674 0.0616594 0.0553016 0.0486323 0.0418958 0.0352732 0.0289187 0.0229828 0.0176129 0.0129371 0.00904456 0.00597033 0.00368834
 0.00867546 0.0140843 0.021175 0.0298578 0.0398033 0.050293 0.0601917 0.0682263 0.0734537 0.0755693 0.0748518 0.0718786 0.0672711 0.0615765 0.0552407 0.0486065 0.041922 0.035364 0.0290709 0.0231714 0.0177983 0.0130834 0.00913423 0.00600815 0.00369242
 0.0086731 0.0140804 0.0211692 0.02985 0.0397941 0.0502835 0.0601835 0.0682201 0.0734477 0.0755587 0.0748296 0.0718395 0.0672137 0.0615056 0.0551662 0.0485416 0.0418813 0.0353604 0.0291106 0.0232488 0.017896 0.0131779 0.00920675 0.00605134 0.00371039
 0.00866847 0.0140727 0.0211573 0.0298327 0.0397709 0.0502548 0.0601512 0.0681876 0.0734193 0.0755378 0.0748173 0.0718332 0.0672086 0.0614966 0.0551506 0.0485217 0.0418641 0.0353556 0.0291265 0.0232881 0.0179534 0.0132415 0.00926341 0.00609241 0.00373421
 0.00865633 0.014054 0.0211311 0.0297989 0.03973 0.0502084 0.0601019 0.0681389 0.0733756 0.0755035 0.0747962 0.0718272 0.0672169 0.0615153 0.0551747 0.0485463 0.0418871 0.0353787 0.0291539 0.0233236 0.0179971 0.0132893 0.00930837 0.00612833 0.00375837
 0.00865574 0.0140522 0.0211267 0.0297903 0.0397156 0.0501874 0.0600748 0.0681078 0.0733433 0.0754732 0.0747704 0.071808 0.0672058 0.0615131 0.0551807 0.0485584 0.0419031 0.0353969 0.0291744 0.0233474 0.018025 0.0133199 0.00933844 0.00615407 0.0037773
 0.00863069 0.0140157 0.0210796 0.0297361 0.0396591 0.0501334 0.0600264 0.0680668 0.0733107 0.0754499 0.0747578 0.0718073 0.0672175 0.0615363 0.0552137 0.0485985 0.0419471 0.035442 0.0292184 0.0233891 0.0180639 0.0133555 0.0093695 0.00617923 0.00379571
 0.00863119 0.014012 0.0210661 0.0297055 0.0396055 0.0500558 0.0599319 0.0679691 0.0732258 0.0753899 0.0747278 0.0718054 0.0672381 0.0615733 0.0552617 0.0486535 0.0420056 0.0355009 0.0292749 0.0234412 0.0181102 0.0133951 0.0094019 0.00620419 0.00381348
 0.00863119 0.014012 0.0210661 0.0297055 0.0396055 0.0500558 0.0599319 0.0679691 0.0732258 0.0753899 0.0747278 0.0718054 0.0672381 0.0615733 0.0552617 0.0486535 0.0420056 0.0355009 0.0292749 0.0234412 0.0181102 0.0133951 0.0094019 0.00620419 0.00381348
 0.00901388 0.014617 0.0219414 0.030875 0.0410542 0.051712 0.0616557 0.069564 0.0744814 0.0761398 0.0748934 0.0714066 0.0663721 0.0603798 0.0538895 0.0472363 0.0406484 0.0342758 0.0282236 0.0225805 0.0174383 0.012897 0.00905354 0.0059761 0.00367481
 0.00823229 0.0134245 0.0202974 0.0288083 0.0386711 0.0491972 0.0592655 0.0675957 0.0732081 0.0757315 0.0753647 0.0726221 0.0681007 0.0623667 0.0559132 0.0491383 0.0423366 0.0357119 0.0294043 0.0235215 0.0181635 0.013434 0.00943217 0.00622782 0.00383103
 0.00848489 0.013733 0.0205741 0.0289119 0.0384489 0.0485517 0.0582094 0.066263 0.0718151 0.0745108 0.0745041 0.0722258 0.0681783 0.0628447 0.0566638 0.0500176 0.0432191 0.0365108 0.0300753 0.0240538 0.0185667 0.0137267 0.00963531 0.00636152 0.00391364
 0.00870498 0.0141231 0.0212123 0.0298669 0.0397354 0.0500753 0.0597405 0.067478 0.0724098 0.0743288 0.0736046 0.0708505 0.0666453 0.061433 0.055544 0.0492392 0.0427413 0.0362494 0.0299436 0.0239869 0.0185271 0.0136981 0.0096132 0.00634539 0.00390312
 0.00914653 0.0148397 0.0222876 0.0313752 0.041722 0.0525239 0.0625337 0.0703741 0.0750579 0.0763329 0.0746234 0.0707019 0.0653704 0.0592869 0.0529095 0.0465064 0.0402093 0.0340851 0.028197 0.0226341 0.017513 0.012963 0.00910207 0.00600866 0.00369565
 0.008802 0.0143459 0.0216709 0.0307119 0.0411298 0.0521418 0.0624976 0.0707897 0.0759681 0.0776832 0.0762422 0.0723209 0.0666918 0.060077 0.0530758 0.0461194 0.0394567 0.0331893 0.027339 0.0219173 0.0169687 0.0125774 0.00884346 0.00584381 0.00359637
 0.00858487 0.0139495 0.0210005 0.0296692 0.0396585 0.0502879 0.0604525 0.0688763 0.0745566 0.0770729 0.0765662 0.0735104 0.0685043 0.0621676 0.0550914 0.0477884 0.0406477 0.0339144 0.0277079 0.0220692 0.0170181 0.0125927 0.00885315 0.00585405 0.00360572
 0.00886156 0.0143652 0.021557 0.0303314 0.0403457 0.0508744 0.0607841 0.0688131 0.0740381 0.0761724 0.0754928 0.0725413 0.0678765 0.0619874 0.055306 0.0482277 0.0411072 0.0342377 0.0278312 0.0220164 0.016862 0.0124089 0.00869267 0.00573737 0.00353176
 0.00935603 0.0151735 0.0227757 0.032037 0.0425586 0.0535104 0.0636166 0.0714821 0.0761263 0.077325 0.0755292 0.0715101 0.066034 0.0597091 0.0529665 0.0460977 0.039308 0.0327637 0.0266149 0.0209929 0.0160001 0.0117071 0.00815628 0.00535985 0.00328953
#pred catch len freq
 0.00364159 0.00591253 0.00891878 0.0127 0.0172776 0.0225978 0.0284663 0.0345498 0.0404507 0.0457933 0.0502798 0.0537227 0.0560675 0.0573892 0.05786 0.0577073 0.0571813 0.056515 0.0558402 0.0550536 0.0537087 0.0510757 0.046456 0.0396392 0.0311954
 0.00391202 0.00632001 0.00947488 0.0134014 0.0181169 0.0235755 0.0295913 0.0358223 0.0418356 0.0472036 0.0515866 0.0547942 0.0568163 0.0578021 0.0579897 0.0576317 0.0569493 0.0561058 0.0551583 0.0539704 0.0521397 0.0490562 0.0441687 0.0373653 0.0292124
 0.00411975 0.00666886 0.0100188 0.014193 0.0191916 0.0249303 0.0311701 0.0375229 0.0435391 0.0488072 0.0530157 0.0559899 0.0577188 0.0583525 0.0581526 0.0574129 0.0563883 0.055241 0.0539919 0.0524657 0.0502643 0.0468486 0.0417791 0.0350331 0.027184
 0.004295 0.00696408 0.0104847 0.0148899 0.0201842 0.0262737 0.0328871 0.0395787 0.0458258 0.0511495 0.0552026 0.0578232 0.0590559 0.0591233 0.0583476 0.0570609 0.0555367 0.0539421 0.052291 0.0503977 0.0478725 0.0442225 0.0390831 0.0324915 0.0250168
 0.00448779 0.00728013 0.0109672 0.0155862 0.0211435 0.0275404 0.0344886 0.0415114 0.0480419 0.0535475 0.0576253 0.0600697 0.0609131 0.0604084 0.0589442 0.0569323 0.054713 0.0524934 0.050303 0.0479629 0.0451008 0.041263 0.0361357 0.0297854 0.0227551
 0.00469974 0.00762692 0.0114943 0.0163402 0.0221672 0.0288627 0.0361128 0.043407 0.0501454 0.0557691 0.0598542 0.0621762 0.0627504 0.0618203 0.059784 0.0570877 0.0541278 0.0511757 0.0483192 0.0454274 0.0421715 0.0381424 0.0330637 0.0270072 0.0204671
 0.00496016 0.00804408 0.0121121 0.0171992 0.0233025 0.030297 0.037845 0.0453998 0.0523208 0.058014 0.0620349 0.064157 0.0644079 0.0630492 0.060493 0.0571956 0.0535684 0.0499144 0.0463734 0.0428826 0.0391877 0.0349475 0.0299274 0.0241932 0.0181732
 0.00528101 0.00854426 0.0128261 0.0181482 0.0244951 0.0317306 0.0395015 0.0472393 0.0542786 0.0600028 0.0639514 0.0658907 0.0658513 0.0641069 0.0610861 0.0572593 0.0530495 0.048775 0.0446079 0.0405432 0.0364062 0.0319377 0.0269566 0.0215258 0.016005
 0.00554352 0.00897433 0.0134791 0.019077 0.0257386 0.0332966 0.0413497 0.0492776 0.056378 0.0620251 0.065774 0.0674185 0.0670165 0.0648624 0.0613974 0.0570969 0.052385 0.0475839 0.042884 0.0383231 0.0337958 0.0291226 0.0241802 0.0190352 0.0139848
 0.00574569 0.00929965 0.0139645 0.0197595 0.0266551 0.0344781 0.0428089 0.0509923 0.0582776 0.0639896 0.0676493 0.0690468 0.0682694 0.0656613 0.0617121 0.0569277 0.0517415 0.0464739 0.041319 0.0363399 0.0314834 0.0266368 0.02173 0.0168366 0.0122013
 0.00596028 0.00964635 0.0144825 0.0204849 0.0276151 0.0356826 0.0442405 0.0526018 0.0599887 0.0657081 0.0692718 0.0704653 0.0693791 0.0663736 0.0619683 0.0567062 0.0510519 0.0453443 0.0397883 0.0344636 0.0293506 0.0243847 0.0195358 0.0148822 0.0106235
 0.0061664 0.00997704 0.014973 0.0211678 0.0285172 0.0368187 0.0456024 0.0541481 0.0616412 0.067359 0.0707994 0.071754 0.0703356 0.0669351 0.0621024 0.0564047 0.0503262 0.044222 0.038313 0.0326989 0.0273888 0.0223521 0.0175852 0.0131641 0.00924761
 0.00630205 0.0101875 0.0152725 0.0215663 0.0290244 0.0374468 0.0463652 0.0550542 0.0626833 0.0685042 0.0719844 0.0728896 0.0713207 0.0676745 0.0625215 0.0564581 0.0499973 0.04352 0.0372703 0.0313729 0.0258656 0.0207471 0.0160324 0.0117918 0.00814733
 0.00642004 0.0103714 0.0155342 0.0219112 0.0294504 0.0379442 0.0469175 0.0556417 0.0632902 0.0691238 0.0726169 0.0735309 0.0719482 0.0682399 0.0629565 0.0566893 0.0499639 0.0431869 0.0366351 0.0304686 0.0247607 0.0195409 0.0148416 0.0107273 0.0072886
 0.00652074 0.0105315 0.0157688 0.0222325 0.0298661 0.0384545 0.0475105 0.0562898 0.0639515 0.0697499 0.0731647 0.0739737 0.072279 0.0684645 0.0630788 0.0566986 0.0498325 0.0428802 0.0361288 0.0297646 0.0238967 0.018589 0.0138947 0.00987704 0.00660113
 0.0064876 0.0104844 0.015711 0.0221731 0.0298197 0.0384399 0.047549 0.0564022 0.0641539 0.0700472 0.0735465 0.0744134 0.0727396 0.0689064 0.0634671 0.0570039 0.0500269 0.0429351 0.0360186 0.0294782 0.0234495 0.0180276 0.0132901 0.00930568 0.0061234
 0.0064991 0.0104984 0.0157237 0.0221789 0.0298139 0.0384227 0.0475282 0.0563937 0.0641779 0.0701229 0.0736864 0.0746196 0.0730017 0.0692027 0.0637678 0.0572755 0.0502366 0.0430528 0.0360195 0.0293479 0.023192 0.0176706 0.0128826 0.00890533 0.00577952
 0.00660797 0.010657 0.0159279 0.0224121 0.0300505 0.0386351 0.0476929 0.0564958 0.0642138 0.0701019 0.0736293 0.0745539 0.0729535 0.0691889 0.0637912 0.0573246 0.0502887 0.0430791 0.0359918 0.0292455 0.0230081 0.0174177 0.012591 0.00861496 0.00552671
 0.00663862 0.0107121 0.0160198 0.0225533 0.0302485 0.0388842 0.0479699 0.0567616 0.064425 0.0702257 0.0736547 0.0744934 0.0728369 0.0690522 0.0636653 0.0572277 0.0502221 0.0430294 0.0359365 0.0291615 0.0228808 0.0172469 0.0123922 0.00841347 0.00534822
 0.00662388 0.0106848 0.0159734 0.0224826 0.0301535 0.0387759 0.0478711 0.0567018 0.0644273 0.0702945 0.0737725 0.0746293 0.0729618 0.0691511 0.0637397 0.0572886 0.0502804 0.0430875 0.0359863 0.0291882 0.0228707 0.017195 0.0123055 0.00830897 0.00524582
 0.0066564 0.01073 0.0160269 0.0225342 0.0301892 0.0387811 0.047836 0.0566261 0.0643238 0.0701879 0.0736917 0.0745959 0.0729805 0.0692089 0.0638151 0.0573629 0.0503443 0.0431393 0.0360257 0.029212 0.0228729 0.0171716 0.0122584 0.00824724 0.00518198
