SBPRF35
12.7214
Curr Bio
1.00194e+06
B35
900019
F35
0.168127
FOFL
0.168127
OFL
138006
Bzero
3.63469e+06
#pred survey bio
 3.59145e+06 3.4925e+06 3.399e+06 3.2392e+06 3.04698e+06 2.83484e+06 2.58662e+06 2.30515e+06 2.07205e+06 1.87392e+06 1.65087e+06 1.43491e+06 1.27843e+06 1.15258e+06 1.0019e+06 900384 819211 749196 699351 664570 620676 596007 585102 574060 566255 555234 551094 545934 551818 556566 561304 568068 570389 566758 575029 588540 604351 620320 632149 631787 636485 644550 648153 656525 669612 676054 679491 682217 689158 706203 708861 766828 816523 870254 903817 946205 987669 1.00827e+06 2.31418e+07 2.06968e+07 2.05253e+07 2.08994e+07 2.16754e+07 2.26517e+07 2.36655e+07 2.46126e+07 2.54407e+07 2.61334e+07 2.66953e+07 2.71417e+07 2.74913e+07 2.77625e+07 2.79718e+07 2.81327e+07 2.82565e+07 2.83517e+07 2.84252e+07 2.84821e+07 2.85263e+07 2.85607e+07 2.85877e+07 2.86089e+07 2.86257e+07 2.86389e+07 2.86495e+07 2.86579e+07 2.86646e+07 2.867e+07 2.86743e+07 2.86778e+07 2.86806e+07 2.86829e+07 2.86848e+07 2.86863e+07 2.86875e+07 2.86885e+07 2.86893e+07 2.869e+07 2.86905e+07 2.8691e+07 2.86913e+07 2.86916e+07 2.86919e+07 2.86921e+07 2.86922e+07 2.86924e+07 2.86925e+07 2.86926e+07 2.86926e+07 2.86927e+07 2.86927e+07 2.86928e+07 2.86928e+07 2.86928e+07 2.86929e+07 2.86929e+07 2.86929e+07 2.86929e+07 2.86929e+07 2.86929e+07 2.86929e+07 2.86929e+07 2.86929e+07 2.86929e+07 2.86929e+07 2.86929e+07 2.86929e+07 2.86929e+07 2.86929e+07 2.86929e+07 2.86929e+07 2.86929e+07 2.86929e+07 2.86929e+07 2.86929e+07 2.86929e+07 2.86929e+07 2.86929e+07 2.86929e+07 2.86929e+07 2.86929e+07 2.86929e+07 2.86929e+07 2.86929e+07 2.86929e+07 2.86929e+07 2.86929e+07 2.86929e+07 2.86929e+07 2.86929e+07 2.86929e+07 2.86929e+07 2.86929e+07 2.86929e+07 2.86929e+07 2.86929e+07 2.86929e+07 2.86929e+07 0 0 0 0 0 0 0 0 0 0 0 0 0 0 0 0 0 0 0 0 0 0 0 0 0
#obs survey bio
 3.49412e+06 3.25714e+06 2.58682e+06 3.09694e+06 3.4726e+06 2.94234e+06 1.58059e+06 2.15615e+06 1.94873e+06 1.80443e+06 1.63587e+06 1.17000e+06 875475 1.02852e+06 1.0371e+06 958522 704854 666202 584989 718806 862800 465839 687427 507486 498381 637620 503774 421043 635250 461834 440394 503407 657584 570724 539069 387707 609824 800904 624873 602649 765080 721677 651899 522631 638189 797854 763121 556684 693874 688574 869284 531918 599021 865691 1.10786e+06 989015 1.05516e+06 1.55453e+06
#pred catch bio
 94588.9 92239.8 158763 197984 228965 277029 323427 295056 277739 311541 312340 264206 240818 262566 216877 196722 183890 163136 147288 151007 130137 115597 113865 109942 111764 105226 105730 96746.6 98925 100161 99558.5 103729 108027 97428.1 93810.4 93333.9 94366.3 98182.5 107688 102358 99563.1 104059 101103 98638.2 105301 108206 109338 106771 100093 114296 70964.5 83203 83568.4 103223 96742.9 98123.1 114059 127450 138006 134981 132701 133794 137963 143622 149554 155044 159756 163598 166619 168929 170660 171936 172866 173536 174015 174356 174597 174766 174886 174969 175027 175068 175096 175116 175130 175139 175146 175150 175153 175156 175157 175158 175159 175159 175160 175160 175160 175160 175160 175160 175160 175160 175160 175161 175161 175161 175161 175161 175161 175161 175161 175161 175161 175161 175161 175161 175161 175161 175161 175161 175161 175161 175161 175161 175161 175161 175161 175161 175161 175161 175161 175161 175161 175161 175161 175161 175161 175161 175161 175161 175161 175161 175161 175161 175161 175161 175161 175161 175161 175161 175161 175161 175161 175161 175161 175161 175161 175161 0 0 0 0 0 0 0 0 0 0 0 0 0 0 0 0 0 0 0 0 0 0 0 0 0
#obs catch bio
 0 91891 159156 198305 228936 277420 325607 296205 278995 314161 315730 265993 243282 267001 219000 197352 184541 163971 148326 152856 130690 115922 113443 110003 112151 105545 106535 97118.1 99172.2 101048 100568 104926 109005 98189.1 94198 94395.1 95336 98778 108404 102620 99423.1 104198 101476 99322.4 106104 108413 109685 107471 100522 115362 70848.4 83822.3 83991.6 104434 97548.5 98764.5 114910 127558
#pred cpue bio
 3.54624e+06 3.44893e+06 3.35658e+06 3.19715e+06 3.0052e+06 2.7934e+06 2.54583e+06 2.26545e+06 2.03311e+06 1.8356e+06 1.61393e+06 1.39975e+06 1.24445e+06 1.11961e+06 970915 870860 790979 722223 673409 639489 596909 573188 562841 552167 544465 533632 529578 524542 530210 534691 539154 545715 548118 544794 553046 566253 581660 597437 609320 609244 613975 621822 625166 633157 645897 652298 655684 658207 664820 681328 683703 740315 789235 842119 875240 917163 958397 979620 2.25201e+07 2.01568e+07 1.98858e+07 2.01379e+07 2.08687e+07 2.18337e+07 2.2845e+07 2.37917e+07 2.46197e+07 2.53124e+07 2.58743e+07 2.63207e+07 2.66703e+07 2.69415e+07 2.71508e+07 2.73117e+07 2.74355e+07 2.75307e+07 2.76042e+07 2.76611e+07 2.77052e+07 2.77397e+07 2.77667e+07 2.77879e+07 2.78046e+07 2.78179e+07 2.78285e+07 2.78369e+07 2.78436e+07 2.7849e+07 2.78533e+07 2.78568e+07 2.78596e+07 2.78619e+07 2.78638e+07 2.78653e+07 2.78665e+07 2.78675e+07 2.78683e+07 2.7869e+07 2.78695e+07 2.787e+07 2.78703e+07 2.78706e+07 2.78709e+07 2.78711e+07 2.78712e+07 2.78713e+07 2.78714e+07 2.78715e+07 2.78716e+07 2.78717e+07 2.78717e+07 2.78718e+07 2.78718e+07 2.78718e+07 2.78718e+07 2.78719e+07 2.78719e+07 2.78719e+07 2.78719e+07 2.78719e+07 2.78719e+07 2.78719e+07 2.78719e+07 2.78719e+07 2.78719e+07 2.78719e+07 2.78719e+07 2.78719e+07 2.78719e+07 2.78719e+07 2.78719e+07 2.78719e+07 2.78719e+07 2.78719e+07 2.78719e+07 2.78719e+07 2.78719e+07 2.78719e+07 2.78719e+07 2.78719e+07 2.78719e+07 2.78719e+07 2.78719e+07 2.78719e+07 2.78719e+07 2.78719e+07 2.78719e+07 2.78719e+07 2.78719e+07 2.78719e+07 2.78719e+07 2.78719e+07 2.78719e+07 2.78719e+07 2.78719e+07 2.78719e+07 2.78719e+07 2.78719e+07 0 0 0 0 0 0 0 0 0 0 0 0 0 0 0 0 0 0 0 0 0 0 0 0 0
#obs cpue bio
 3.12976e+06 2.83771e+06 5.53522e+06 2.62893e+06 3.1734e+06 2.34819e+06 2.75038e+06 2.4646e+06 1.71475e+06 1.69173e+06 1.34291e+06 1.71684e+06 1.18058e+06 1.00588e+06 949656 1.11346e+06 884845 664290 606641 456429 538937 709521 785018 456663 527404 419141 425154 700102 511364 371314 516654 498657 541147 435531 701037 413838 529886 581835 628476 735214 671873 477914 463518 510894 644609 823474 508002 558494 601115 733736 511940 679433 885150 608380 606205 900417 957528 1.44327e+06
#pred surv len freq
 0.00475051 0.00771797 0.0116259 0.0164604 0.0221104 0.0282907 0.034514 0.0402071 0.0449247 0.0484949 0.0509974 0.0526384 0.0536383 0.0541794 0.0543944 0.0543748 0.0541851 0.053864 0.0533811 0.0525464 0.0509384 0.0479642 0.0431226 0.0363667 0.0283124
 0.00493936 0.00794032 0.0118082 0.0164931 0.0218908 0.0277835 0.0337908 0.0394308 0.0442799 0.0481048 0.0508795 0.0527225 0.0538259 0.0544041 0.0546506 0.0547052 0.0546386 0.0544477 0.0540305 0.0531346 0.0513232 0.0480535 0.0429184 0.0359619 0.0278421
 0.00511557 0.00823427 0.0122578 0.0171204 0.022677 0.0286426 0.0345658 0.0399355 0.0443784 0.0477851 0.0502651 0.0520083 0.0531827 0.0539177 0.0543265 0.0545152 0.0545615 0.0544728 0.0541314 0.0532459 0.0513495 0.0479115 0.0425842 0.0354874 0.0273278
 0.00530216 0.00853745 0.0127149 0.0177685 0.0235473 0.0297471 0.0358755 0.041358 0.0457525 0.0489057 0.0509442 0.0521457 0.0528083 0.0531733 0.053398 0.0535605 0.0536743 0.0536859 0.053435 0.0526015 0.0507025 0.0472147 0.0418273 0.0347113 0.0266084
 0.00551902 0.00888333 0.0132236 0.0184688 0.0244599 0.0308797 0.0372148 0.0428616 0.0473436 0.0504708 0.0523336 0.0531898 0.053355 0.0531399 0.0528073 0.0525343 0.0523846 0.0522926 0.0520446 0.051259 0.0494116 0.0459695 0.0406409 0.0336268 0.0256853
 0.00574707 0.00925057 0.0137699 0.0192291 0.0254584 0.0321208 0.0386732 0.0444798 0.0490393 0.0521497 0.0538963 0.054529 0.0543512 0.0536709 0.0527776 0.0519131 0.0512276 0.0507294 0.0502361 0.0493522 0.0475165 0.0441644 0.0389915 0.032197 0.0245293
 0.00599348 0.00965108 0.0143726 0.020079 0.0265894 0.0335424 0.0403568 0.0463531 0.0509961 0.0540692 0.0556624 0.0560389 0.0555145 0.054402 0.0529944 0.0515484 0.0502543 0.0491848 0.0482288 0.0470431 0.0450872 0.0417894 0.0368221 0.0303504 0.0230762
 0.00632869 0.0101832 0.01515 0.0211396 0.0279555 0.0352129 0.042296 0.0484842 0.0532064 0.0562264 0.0576339 0.0577059 0.056779 0.0551875 0.0532403 0.0512051 0.0492878 0.0475938 0.0460683 0.0444397 0.0422327 0.0389142 0.0341546 0.0280748 0.0212994
 0.00662934 0.0106632 0.0158564 0.0221108 0.0292157 0.0367624 0.0441012 0.0504734 0.055279 0.0582696 0.0595373 0.0593683 0.0581087 0.056102 0.0536663 0.0510798 0.0485622 0.0462439 0.0441148 0.0419714 0.0394187 0.0359902 0.0313807 0.025677 0.0194175
 0.00681939 0.0109827 0.0163569 0.0228472 0.0302355 0.0380884 0.0457142 0.0523067 0.0572294 0.0602195 0.061374 0.0609945 0.0594428 0.0570734 0.0542103 0.0511343 0.0480701 0.0451634 0.0424403 0.0397598 0.0368098 0.0332038 0.02868 0.0233057 0.0175378
 0.00706288 0.0113794 0.016956 0.0236967 0.0313745 0.0395348 0.047449 0.0542651 0.0593049 0.06228 0.0632831 0.06263 0.0607103 0.0579094 0.0545762 0.0510042 0.0474196 0.0439704 0.0407006 0.0375158 0.0341792 0.0303874 0.025933 0.0208768 0.0156007
 0.00744304 0.0119709 0.0177973 0.0248074 0.0327551 0.0411661 0.0492876 0.0562395 0.0613188 0.0642231 0.0650437 0.0641051 0.0618131 0.058575 0.054764 0.050694 0.0466038 0.0426485 0.0388848 0.0352517 0.0315728 0.0276187 0.023237 0.0184887 0.0136902
 0.00770909 0.0124003 0.018437 0.0256969 0.0339171 0.0425925 0.0509284 0.0580036 0.0630927 0.0658977 0.0665329 0.0653477 0.0627624 0.0591889 0.055001 0.0505166 0.0459834 0.0415699 0.0373541 0.03331 0.0293148 0.0252026 0.0208692 0.0163787 0.0119925
 0.00779379 0.0125614 0.0187232 0.0261689 0.0346352 0.0435949 0.0522102 0.0595078 0.0647183 0.0675215 0.0680338 0.0666257 0.0637481 0.0598418 0.0552999 0.0504471 0.0455307 0.040721 0.0361087 0.0316984 0.0274162 0.0231528 0.0188469 0.0145665 0.0105273
 0.0080693 0.0129945 0.0193481 0.0270102 0.0357062 0.0448948 0.053716 0.0611654 0.06644 0.0691919 0.0695256 0.0678199 0.0645546 0.0602134 0.0552321 0.0499655 0.0446726 0.0395215 0.0346003 0.0299246 0.0254512 0.021114 0.0168862 0.0128381 0.00914415
 0.008278 0.0133175 0.0198043 0.0276071 0.0364409 0.0457555 0.0546824 0.0622088 0.0675255 0.0702807 0.0705733 0.0687719 0.0653442 0.0607677 0.0554867 0.0498785 0.0442311 0.0387384 0.0335079 0.0285735 0.0239164 0.0195007 0.0153232 0.0114535 0.00803208
 0.00841442 0.0135426 0.0201483 0.0280981 0.0370965 0.0465715 0.0556236 0.0632114 0.0685124 0.0711843 0.0713505 0.0694046 0.0658261 0.0610891 0.0556251 0.0498011 0.0439053 0.038145 0.0326513 0.027487 0.0226643 0.0181762 0.0140378 0.0103151 0.00711831
 0.00854263 0.0137464 0.020447 0.0285077 0.0376283 0.0472288 0.0563958 0.064068 0.0694021 0.0720406 0.0721043 0.0699989 0.0662275 0.0612896 0.055633 0.0496264 0.04355 0.037604 0.0319224 0.0265853 0.0216326 0.0170868 0.0129815 0.00938084 0.00636975
 0.00861785 0.0138633 0.020613 0.0287275 0.037904 0.0475613 0.0567847 0.0645105 0.0698908 0.0725616 0.072634 0.0705033 0.0666655 0.0616203 0.0558247 0.0496606 0.0434197 0.0373081 0.0314645 0.0259784 0.0209079 0.016298 0.0121999 0.00867897 0.00580143
 0.00850999 0.0137156 0.0204422 0.0285661 0.0377924 0.0475333 0.056857 0.0646812 0.0701467 0.0728871 0.0730159 0.0709281 0.0671133 0.062061 0.0562189 0.0499667 0.0436016 0.0373414 0.0313391 0.0257003 0.0205013 0.0158065 0.0116816 0.00819446 0.00539842
 0.00857385 0.0138028 0.0205436 0.0286664 0.0378778 0.047603 0.0569282 0.0647836 0.0703061 0.0731096 0.0732835 0.0712075 0.0673719 0.0622766 0.0563802 0.0500655 0.0436272 0.0372801 0.0311793 0.0254399 0.0201531 0.0154004 0.0112605 0.0078042 0.00507519
 0.00864796 0.0139009 0.0206497 0.0287505 0.0379038 0.047541 0.0567682 0.0645428 0.0700288 0.072858 0.0731203 0.0711772 0.0674855 0.0625107 0.0566876 0.0503921 0.0439242 0.0375092 0.0313143 0.0254674 0.020076 0.0152387 0.0110482 0.00758106 0.00487591
 0.00874282 0.0140325 0.0208051 0.0289014 0.0380114 0.0475659 0.0566809 0.0643316 0.0697057 0.0724612 0.0727113 0.0708293 0.0672656 0.0624588 0.0568055 0.0506446 0.0442521 0.0378473 0.0316059 0.0256743 0.0201819 0.0152493 0.0109868 0.00748058 0.00476825
 0.00886958 0.0142275 0.0210764 0.0292457 0.0384104 0.0479839 0.0570643 0.0646157 0.06983 0.072389 0.0724455 0.0704145 0.0667772 0.061983 0.0564168 0.0503878 0.0441334 0.0378385 0.0316589 0.0257384 0.0202192 0.0152421 0.0109378 0.00740597 0.00468847
 0.0088792 0.0142562 0.0211434 0.0293758 0.0386267 0.0482955 0.0574558 0.0650439 0.0702311 0.0726938 0.0725968 0.070382 0.0665665 0.0616362 0.0560018 0.0499796 0.043793 0.0375972 0.0315146 0.0256646 0.0201799 0.0152079 0.0108938 0.00735199 0.00463273
 0.00891888 0.0143165 0.0212273 0.0294856 0.0387663 0.048473 0.057682 0.0653261 0.0705631 0.0730479 0.0729232 0.0706199 0.0666629 0.0615644 0.0557719 0.0496361 0.0434006 0.0372201 0.031198 0.0254257 0.0200117 0.0150904 0.0108071 0.00728352 0.00457776
 0.00893167 0.0143327 0.0212432 0.0294953 0.0387639 0.0484567 0.0576574 0.0653079 0.070573 0.0731081 0.0730464 0.0707996 0.0668693 0.0617512 0.055892 0.0496604 0.0433292 0.0370802 0.0310303 0.0252672 0.0198839 0.0149973 0.0107421 0.00723731 0.00454374
 0.00903427 0.0144815 0.0214334 0.0297103 0.0389788 0.0486453 0.0577984 0.0653889 0.0705923 0.0730755 0.0729822 0.070729 0.0668134 0.0617171 0.0558694 0.0496263 0.0432605 0.0369668 0.0308806 0.0251029 0.0197291 0.0148689 0.0106458 0.00717015 0.00449928
 0.0090805 0.0145484 0.0215185 0.0298048 0.0390691 0.0487152 0.0578326 0.0653765 0.0705307 0.072973 0.0728581 0.0706098 0.0667252 0.0616778 0.0558825 0.0496793 0.0433296 0.0370257 0.0309108 0.0250999 0.019701 0.0148293 0.0106067 0.0071384 0.00447657
 0.00908515 0.0145641 0.0215566 0.0298794 0.0391913 0.0488853 0.0580345 0.0655784 0.070694 0.0730654 0.0728644 0.0705352 0.0665926 0.0615194 0.0557298 0.0495546 0.0432402 0.0369654 0.0308657 0.025057 0.019654 0.0147796 0.0105599 0.00709977 0.00444843
 0.00902342 0.0144773 0.0214515 0.0297724 0.0391055 0.0488449 0.0580582 0.0656737 0.070853 0.0732639 0.0730658 0.0707013 0.0666954 0.0615504 0.0557004 0.0494887 0.0431636 0.0368961 0.0308105 0.0250136 0.019617 0.0147453 0.0105281 0.00707239 0.00442735
 0.00888432 0.0142694 0.0211734 0.0294365 0.0387373 0.0484797 0.0577371 0.0654392 0.0707413 0.0732945 0.0732338 0.0709765 0.06703 0.0618926 0.0560084 0.0497397 0.0433541 0.0370361 0.0309139 0.0250913 0.0196746 0.0147854 0.0105529 0.00708531 0.00443251
 0.00878605 0.0141156 0.0209537 0.029147 0.0383835 0.0480796 0.0573235 0.065058 0.0704429 0.073122 0.0732117 0.0711053 0.0672872 0.0622382 0.0563939 0.0501186 0.0436919 0.0373148 0.031131 0.0252539 0.0197928 0.0148685 0.0106085 0.00711986 0.00445207
 0.00881729 0.0141523 0.020983 0.0291479 0.0383321 0.047958 0.0571279 0.0648021 0.0701558 0.072842 0.0729788 0.0709538 0.0672385 0.0622958 0.0565428 0.0503291 0.0439277 0.0375428 0.031328 0.0254094 0.019907 0.0149473 0.0106598 0.00715115 0.00446973
 0.00889658 0.0142535 0.0210837 0.0292096 0.0383095 0.0478148 0.0568515 0.0644094 0.0696891 0.072359 0.0725415 0.0706177 0.0670437 0.0622607 0.0566616 0.050574 0.0442563 0.0379066 0.031683 0.0257231 0.0201616 0.0151388 0.0107938 0.00723851 0.00452251
 0.00885821 0.0142062 0.0210389 0.029183 0.0383116 0.0478385 0.0568659 0.064367 0.0695468 0.0721015 0.0721931 0.070236 0.0667002 0.0620185 0.0565596 0.0506214 0.0444344 0.038177 0.0319982 0.0260378 0.0204413 0.015364 0.0109594 0.0073501 0.00459151
 0.00867493 0.013937 0.0206882 0.0287758 0.0378897 0.0474506 0.0565565 0.0641662 0.069461 0.0721091 0.0722521 0.0703028 0.0667509 0.0620594 0.0566209 0.050739 0.044631 0.0384517 0.0323276 0.0263851 0.0207683 0.0156417 0.0111734 0.00750006 0.00468713
 0.00852519 0.013696 0.0203317 0.0282876 0.0372704 0.0467286 0.0557956 0.0634595 0.0689085 0.0717861 0.0721849 0.0704645 0.0670772 0.0624764 0.0570705 0.0511914 0.0450813 0.0389053 0.0327841 0.0268311 0.0211802 0.0159948 0.0114514 0.00769985 0.00481767
 0.0084296 0.0135438 0.0201081 0.0279801 0.0368696 0.0462321 0.0552136 0.0628221 0.0682689 0.0712166 0.0717629 0.0702516 0.0671 0.0627173 0.0574766 0.0516959 0.045625 0.0394488 0.0333058 0.0273175 0.0216176 0.016368 0.0117484 0.00791738 0.00496289
 0.00847528 0.013606 0.0201789 0.0280433 0.0369032 0.0462128 0.0551218 0.0626445 0.0680015 0.0708685 0.071361 0.0698421 0.0667418 0.062467 0.0573707 0.0517396 0.0457947 0.0397047 0.033607 0.0276303 0.0219169 0.0166349 0.0119692 0.00808523 0.00507899
 0.00856637 0.0137344 0.0203351 0.0282051 0.0370402 0.0462947 0.055126 0.0625593 0.0678262 0.070612 0.0710409 0.0694844 0.0663806 0.0621428 0.0571247 0.0516042 0.0457838 0.0398096 0.0337997 0.0278736 0.0221738 0.0168756 0.0121736 0.00824324 0.00518995
 0.00861734 0.0138161 0.0204549 0.0283663 0.037238 0.0465122 0.0553315 0.0627117 0.0678858 0.0705544 0.0708651 0.0692118 0.0660468 0.0617893 0.0567928 0.0513314 0.0455995 0.0397288 0.0338197 0.0279743 0.0223243 0.0170428 0.0123299 0.00837151 0.00528357
 0.00865704 0.0138832 0.0205607 0.0285224 0.0374533 0.0467876 0.0556544 0.0630528 0.0682015 0.0707949 0.0709858 0.0691851 0.0658703 0.061487 0.0564092 0.0509209 0.045215 0.0394127 0.033597 0.0278501 0.0222854 0.0170638 0.0123825 0.00843157 0.00533572
 0.00859905 0.0138014 0.0204611 0.0284198 0.037369 0.0467442 0.0556711 0.0631409 0.0683608 0.0710104 0.0712272 0.0694109 0.0660373 0.0615627 0.0563817 0.050803 0.0450398 0.0392229 0.0334325 0.0277373 0.0222326 0.0170628 0.0124149 0.00847729 0.00537933
 0.00847299 0.0136094 0.0201972 0.0280889 0.0369886 0.0463442 0.0552927 0.0628329 0.0681706 0.0709708 0.0713462 0.0696677 0.0663876 0.0619485 0.0567463 0.0511039 0.0452579 0.039364 0.0335199 0.0277996 0.0222922 0.0171295 0.0124867 0.00854562 0.00543601
 0.00849842 0.0136329 0.0201999 0.0280434 0.036867 0.0461314 0.0549975 0.0624898 0.0678315 0.0706908 0.0711699 0.0696201 0.06647 0.0621394 0.0570058 0.0513844 0.0455162 0.0395722 0.0336706 0.0279026 0.0223653 0.0171887 0.0125403 0.00859446 0.00547704
 0.00856953 0.0137418 0.0203499 0.0282297 0.0370735 0.046329 0.0551461 0.0625466 0.0677662 0.0705016 0.0708891 0.0693055 0.0661847 0.0619316 0.0568966 0.0513659 0.0455604 0.0396439 0.0337405 0.0279552 0.0223992 0.0172106 0.0125578 0.00861153 0.00549367
 0.00860366 0.0138009 0.0204453 0.028373 0.0372729 0.046583 0.0554368 0.0628385 0.068011 0.0706499 0.0709056 0.069182 0.0659451 0.0616258 0.056584 0.0510964 0.0453603 0.039514 0.0336642 0.027911 0.0223705 0.0171896 0.0125428 0.0086029 0.00549076
 0.0086469 0.0138614 0.0205188 0.0284511 0.0373474 0.0466515 0.0555064 0.0629218 0.0681171 0.0707747 0.0710274 0.0692675 0.0659628 0.0615604 0.0564448 0.0509139 0.0451733 0.0393548 0.0335484 0.0278374 0.0223284 0.0171669 0.0125308 0.00859702 0.00548866
 0.00864143 0.0138508 0.0204993 0.0284177 0.0372946 0.0465751 0.0554064 0.0628058 0.0680019 0.0706843 0.0709857 0.0692875 0.066039 0.0616691 0.0565544 0.0509994 0.0452265 0.0393835 0.0335676 0.0278595 0.0223575 0.0172 0.0125624 0.00862299 0.00550752
 0.00868992 0.0139337 0.0206308 0.0286113 0.0375573 0.0468997 0.0557656 0.0631537 0.068286 0.0708617 0.0710369 0.0692203 0.0658814 0.0614565 0.0563162 0.0507535 0.0449815 0.0391455 0.0333457 0.0276648 0.0221991 0.0170812 0.0124804 0.00857067 0.00547667
 0.00838201 0.0134519 0.0199432 0.0277073 0.036457 0.0456635 0.0544998 0.0620007 0.0673927 0.0703391 0.0709307 0.0695073 0.0664887 0.0622884 0.0572767 0.0517579 0.0459613 0.0400498 0.0341408 0.028334 0.0227394 0.0174991 0.0127883 0.00878471 0.00561554
 0.00827476 0.0132654 0.0196402 0.0272462 0.0358019 0.0448013 0.0534572 0.0608529 0.066256 0.0693496 0.0702157 0.0691576 0.0665392 0.0627131 0.0580006 0.0526789 0.0469737 0.0410611 0.0350806 0.0291558 0.0234189 0.0180308 0.0131808 0.00905664 0.0057909
 0.00808045 0.0129748 0.0192485 0.0267615 0.0352376 0.0441656 0.0527498 0.0600719 0.0654148 0.0684917 0.0694201 0.0685274 0.0661772 0.0626919 0.0583404 0.0533414 0.0478735 0.0420884 0.0361263 0.0301298 0.0242598 0.0187074 0.0136887 0.00941119 0.00602002
 0.00793367 0.0127521 0.0189436 0.0263805 0.034798 0.0436934 0.0522738 0.0596169 0.0649926 0.0680971 0.0690385 0.0681541 0.0658366 0.0624427 0.0582578 0.0534866 0.0482656 0.0426942 0.0368701 0.0309172 0.0250031 0.0193436 0.0141862 0.00976781 0.0062541
 0.00774106 0.012449 0.0185071 0.0257987 0.0340752 0.0428561 0.0513761 0.0587373 0.0642182 0.0674999 0.0686553 0.0679814 0.0658432 0.062593 0.0585329 0.0538912 0.0488156 0.0433931 0.0376899 0.0317963 0.0258614 0.020106 0.0148027 0.0102215 0.00655771
 0.00733638 0.0118489 0.017711 0.0248424 0.0330193 0.0417667 0.0503125 0.0577514 0.0633614 0.0668259 0.0682142 0.0678081 0.0659456 0.0629484 0.0590975 0.0546165 0.0496624 0.0443331 0.0386948 0.0328237 0.0268516 0.0209929 0.015533 0.0107703 0.00693216
 0.00686717 0.0111319 0.0167195 0.0235879 0.0315539 0.0401815 0.048732 0.0563193 0.0622108 0.0660461 0.067834 0.0678051 0.0662716 0.0635516 0.0599292 0.0556292 0.0508074 0.0455613 0.0399572 0.0340685 0.0280216 0.0220293 0.016387 0.0114176 0.00737936
#obs surv len freq
 nan nan nan nan nan nan nan nan nan nan nan nan nan nan nan nan nan nan nan nan nan nan nan nan nan
 0.004489 0.00735227 0.011184 0.0160013 0.021702 0.0279765 0.034289 0.0400184 0.0446961 0.0481581 0.0505145 0.052009 0.0529 0.0534114 0.0537249 0.0539792 0.0542573 0.0545497 0.0546883 0.0542801 0.0527183 0.0493508 0.0438012 0.0362821 0.0276667
 0.00462162 0.00757096 0.0115184 0.0164797 0.022344 0.0287822 0.035228 0.0410281 0.0456906 0.0490463 0.0512173 0.0524715 0.0530955 0.053341 0.0534123 0.0534629 0.0535818 0.0537585 0.0538209 0.0533741 0.0518131 0.0484905 0.0430315 0.0356419 0.0271774
 0.00477464 0.00782289 0.0119036 0.0170326 0.0230927 0.0297379 0.0363734 0.0423108 0.0470272 0.0503349 0.0523524 0.0533577 0.0536597 0.0535403 0.053238 0.0529378 0.0527525 0.0526857 0.0525721 0.0520203 0.0504302 0.0471593 0.0418322 0.0346406 0.0264107
 0.00497298 0.00814429 0.0123855 0.0177097 0.0239911 0.0308654 0.0377094 0.0438009 0.0485892 0.0518706 0.0537597 0.0545386 0.0545253 0.0540178 0.0532787 0.0525244 0.0519022 0.0514482 0.0510244 0.0502616 0.0485773 0.0453408 0.0401747 0.0332474 0.02534
 0.00517769 0.00848199 0.0129027 0.0184523 0.0249951 0.0321422 0.0392313 0.0454975 0.050359 0.0536015 0.0553468 0.0558906 0.0555636 0.054673 0.0534915 0.052251 0.0511237 0.0501805 0.0493254 0.0482339 0.0463648 0.0431159 0.0381139 0.0314976 0.0239867
 0.00541005 0.00886054 0.0134742 0.0192617 0.0260777 0.0335114 0.0408644 0.047329 0.0522874 0.0555069 0.0571091 0.0574031 0.0567386 0.0554415 0.0537992 0.0520547 0.0503933 0.0489089 0.047545 0.0460321 0.043891 0.0405702 0.0357151 0.0294359 0.022379
 0.00565393 0.00926049 0.0140825 0.020129 0.027243 0.0349867 0.0426188 0.0492845 0.0543308 0.0575117 0.0589558 0.0589885 0.0579776 0.0562652 0.0541523 0.0518932 0.0496841 0.0476362 0.0457255 0.0437368 0.0412618 0.0378168 0.0330818 0.0271457 0.0205772
 0.00589866 0.0096615 0.014692 0.0209981 0.0284122 0.0364707 0.0443908 0.0512695 0.0564153 0.059565 0.0608509 0.0606159 0.0592494 0.0571147 0.0545289 0.0517572 0.0490036 0.046392 0.0439252 0.0414388 0.0385967 0.0349906 0.0303474 0.0247434 0.0186713
 0.00613602 0.0100507 0.0152842 0.021843 0.0295494 0.0379146 0.0461153 0.053202 0.0584469 0.0615705 0.0627085 0.0622186 0.0605099 0.0579648 0.0549176 0.0516462 0.0483639 0.0452049 0.0421953 0.0392154 0.0359982 0.0322122 0.0276364 0.0223426 0.016753
 0.0063788 0.0104487 0.0158893 0.0227055 0.0307079 0.0393808 0.0478576 0.0551408 0.0604659 0.0635398 0.064506 0.0637423 0.0616811 0.058726 0.055228 0.0514765 0.047692 0.0440176 0.0404979 0.0370529 0.0334787 0.0295168 0.0249992 0.0199983 0.0148717
 0.0065984 0.0108106 0.0164429 0.0235 0.0317828 0.0407501 0.0494946 0.0569719 0.062381 0.0654129 0.0662166 0.0651881 0.0627836 0.0594299 0.055498 0.0512908 0.0470369 0.0428866 0.0389001 0.0350309 0.0311304 0.0270064 0.0225404 0.0178075 0.0131086
 0.00681028 0.011158 0.0169714 0.0242539 0.0327968 0.0420358 0.0510263 0.0586812 0.0641654 0.0671552 0.0678031 0.0665217 0.0637886 0.0600538 0.0557087 0.0510721 0.0463829 0.0417994 0.037395 0.0331514 0.0289666 0.0247054 0.0202929 0.0158066 0.0114975
 0.00706244 0.0115657 0.0175802 0.0251041 0.0339144 0.0434198 0.0526356 0.0604311 0.06594 0.0688301 0.069267 0.0676881 0.0645985 0.0604732 0.0557235 0.0506821 0.0455966 0.0406314 0.0358701 0.0313166 0.0269071 0.0225528 0.0182143 0.0139699 0.0100254
 0.00726325 0.0119028 0.0181068 0.0258745 0.0349709 0.044772 0.0542416 0.0621942 0.0677255 0.0704959 0.0706904 0.0687804 0.0653067 0.0607752 0.0556203 0.0501898 0.0447392 0.0394372 0.0343744 0.0295711 0.0249928 0.0205868 0.0163404 0.0123292 0.00871877
 0.00743734 0.0121858 0.0185335 0.0264788 0.0357814 0.0458035 0.0554838 0.0636025 0.0692211 0.071974 0.0720356 0.0698839 0.0660832 0.0611726 0.0556216 0.049806 0.043999 0.0383789 0.0330439 0.0280265 0.0233134 0.0188779 0.014725 0.0109246 0.00760613
 0.00749667 0.0122918 0.0187109 0.0267575 0.0361909 0.0463644 0.0561988 0.0644539 0.0701741 0.072982 0.0730437 0.0708281 0.0668916 0.0617721 0.0559496 0.0498214 0.0436879 0.0377537 0.0321395 0.0268985 0.0220384 0.017553 0.0134585 0.00981696 0.00672609
 0.00756331 0.0123861 0.018828 0.0268873 0.0363251 0.0465061 0.0563686 0.0646858 0.0705027 0.0734281 0.0736034 0.0714715 0.0675668 0.0624125 0.0564819 0.0501749 0.0438063 0.0376045 0.0317211 0.0262418 0.0212049 0.0166286 0.0125406 0.00899572 0.00606454
 0.0076422 0.0125084 0.0189998 0.027108 0.0365851 0.0467856 0.0566396 0.06492 0.0706844 0.0735653 0.0737276 0.0716238 0.067777 0.0626825 0.0567806 0.0504465 0.0439841 0.0376285 0.0315528 0.0258753 0.0206708 0.015989 0.0118758 0.00838403 0.00556327
 0.00773885 0.0126599 0.0192172 0.0273963 0.0369414 0.0471958 0.0570756 0.0653404 0.0710418 0.0738195 0.0738591 0.0716417 0.0677161 0.0625895 0.0566943 0.0503813 0.0439239 0.0375343 0.0313801 0.0255935 0.020278 0.0155153 0.011375 0.00791607 0.00517526
 0.00778774 0.0127403 0.0193395 0.0275704 0.0371737 0.0474856 0.0574111 0.0656975 0.0713878 0.0741187 0.0740806 0.0717657 0.0677385 0.0625242 0.0565696 0.050229 0.043766 0.0373733 0.0311996 0.02537 0.019997 0.0151835 0.0110207 0.00757898 0.00489081
 0.00779074 0.012742 0.0193366 0.0275596 0.0371542 0.0474627 0.0573983 0.0657139 0.0714511 0.0742372 0.0742478 0.0719606 0.0679325 0.0626897 0.0566888 0.0502973 0.043789 0.0373588 0.0311501 0.0252808 0.0198621 0.015005 0.0108143 0.00737037 0.00470647
 0.00782836 0.0127926 0.0193932 0.0276087 0.0371799 0.0474522 0.0573477 0.0656315 0.071356 0.0741555 0.0742051 0.0719743 0.0680053 0.0628085 0.0568291 0.0504322 0.0438974 0.0374289 0.0311775 0.0252646 0.0198034 0.0149089 0.0106923 0.00724012 0.00458674
 0.00787726 0.0128695 0.0195035 0.0277536 0.0373534 0.0476392 0.0575229 0.0657636 0.071418 0.0741355 0.0741132 0.0718393 0.0678637 0.0626912 0.0567522 0.0503945 0.0438851 0.0374234 0.0311622 0.0252291 0.0197439 0.0148276 0.0105969 0.0071424 0.00449863
 0.00786074 0.0128448 0.0194705 0.0277142 0.037312 0.0476018 0.0574962 0.0657526 0.071423 0.0741507 0.0741286 0.0718465 0.0678614 0.0626874 0.0567597 0.0504239 0.0439379 0.0374913 0.0312303 0.0252819 0.0197709 0.014826 0.0105711 0.00710194 0.00445457
 0.00788222 0.0128695 0.0194891 0.0277125 0.0372756 0.0475234 0.0573811 0.0656191 0.071296 0.0740532 0.0740738 0.0718353 0.0678852 0.0627339 0.0568191 0.0504918 0.0440136 0.0375735 0.0313136 0.0253573 0.0198286 0.0148599 0.0105814 0.0070941 0.00443702
 0.00788728 0.0128791 0.0195056 0.0277369 0.0373057 0.0475509 0.0573916 0.0655965 0.0712304 0.0739482 0.0739483 0.0717163 0.0677972 0.0626899 0.0568191 0.0505266 0.0440716 0.0376442 0.0313886 0.0254287 0.0198891 0.0149038 0.0106066 0.00710292 0.00443473
 0.00790264 0.0128996 0.0195282 0.0277567 0.0373173 0.0475516 0.0573819 0.0655786 0.0712054 0.0739135 0.0738995 0.0716523 0.0677243 0.0626216 0.0567704 0.0505077 0.0440841 0.0376824 0.0314425 0.025488 0.0199445 0.0149486 0.0106375 0.00712008 0.00444123
 0.00786149 0.0128384 0.0194467 0.0276579 0.0372068 0.0474351 0.0572651 0.0654676 0.0711076 0.0738378 0.0738534 0.0716395 0.0677432 0.0626667 0.0568362 0.0505905 0.044182 0.0377923 0.0315588 0.0256021 0.0200477 0.0150337 0.010701 0.00716234 0.00446593
 0.00784957 0.0128117 0.0193933 0.027564 0.0370613 0.0472371 0.0570291 0.0652223 0.0708871 0.0736707 0.0737557 0.0716138 0.0677822 0.0627583 0.0569663 0.0507457 0.0443505 0.0379647 0.0317272 0.0257592 0.0201864 0.0151483 0.0107883 0.00722312 0.0045041
 0.00784566 0.0128034 0.0193768 0.0275332 0.0370079 0.0471516 0.0569035 0.0650541 0.0706845 0.0734541 0.0735551 0.0714602 0.0676982 0.0627522 0.0570319 0.0508673 0.0445087 0.0381409 0.0319061 0.0259285 0.0203369 0.0152735 0.0108851 0.00729195 0.00454866
 0.00783193 0.0127815 0.0193447 0.0274891 0.0369503 0.0470794 0.0568159 0.0649509 0.070566 0.0733225 0.0734167 0.0713272 0.0675887 0.0626855 0.0570224 0.050919 0.0446145 0.0382853 0.0320701 0.0260943 0.0204898 0.0154037 0.0109874 0.00736582 0.00459738
 0.00779049 0.0127164 0.0192511 0.0273646 0.0367958 0.0469005 0.0566238 0.0647611 0.0703957 0.0731854 0.0733202 0.0712725 0.0675737 0.0627084 0.0570839 0.0510207 0.0447556 0.0384592 0.0322641 0.0262918 0.0206744 0.0155625 0.0111131 0.00745712 0.00465799
 0.00776133 0.0126636 0.0191621 0.0272252 0.0365952 0.0466376 0.0563125 0.0644312 0.0700853 0.0729315 0.073149 0.0711955 0.067588 0.0628016 0.0572389 0.051221 0.0449869 0.0387097 0.0325217 0.026543 0.0209048 0.0157597 0.0112694 0.00757114 0.00473402
 0.00772309 0.0126017 0.019069 0.0270937 0.0364186 0.0464119 0.0560394 0.0641209 0.0697589 0.0726195 0.072887 0.0710162 0.0675137 0.0628382 0.0573767 0.0514386 0.0452586 0.0390103 0.032829 0.0268384 0.0211727 0.0159877 0.0114501 0.00770334 0.00482263
 0.00768203 0.0125345 0.0189673 0.0269497 0.0362273 0.0461736 0.0557621 0.0638208 0.0694569 0.072338 0.0726467 0.0708367 0.0674124 0.0628289 0.0574651 0.0516192 0.0455142 0.0393157 0.0331563 0.0271609 0.0214683 0.0162402 0.0116507 0.00785057 0.00492173
 0.00769401 0.0125509 0.0189859 0.0269656 0.0362331 0.0461602 0.0557201 0.063742 0.0693373 0.0721796 0.0724588 0.0706354 0.0672188 0.0626664 0.0573554 0.0515787 0.0455498 0.0394222 0.0333176 0.027354 0.0216684 0.0164257 0.0118064 0.0079694 0.00500411
 0.00765145 0.0124878 0.0189023 0.0268654 0.0361227 0.046046 0.0556072 0.0636335 0.0692345 0.0720826 0.0723678 0.0705515 0.0671458 0.0626108 0.0573271 0.0515887 0.0456072 0.0395303 0.0334712 0.0275389 0.0218645 0.0166121 0.0119663 0.00809338 0.00509105
 0.00762832 0.0124497 0.0188444 0.0267839 0.0360165 0.0459194 0.0554708 0.0635025 0.0691242 0.0720023 0.0723182 0.070526 0.0671352 0.0626087 0.0573327 0.051607 0.0456467 0.0395991 0.0335726 0.0276691 0.0220119 0.0167605 0.0120999 0.00820119 0.00516903
 0.00762992 0.0124518 0.0188464 0.0267843 0.0360128 0.0459078 0.055447 0.0634635 0.0690698 0.0719368 0.0722492 0.0704614 0.0670803 0.0625649 0.0572989 0.0515831 0.0456354 0.0396061 0.0336037 0.0277263 0.0220909 0.0168514 0.01219 0.00827933 0.00522878
 0.00761804 0.0124347 0.0188249 0.0267604 0.0359891 0.0458865 0.0554286 0.0634466 0.0690516 0.0719144 0.0722208 0.0704279 0.0670452 0.0625326 0.0572737 0.0515673 0.0456307 0.0396142 0.0336269 0.0277662 0.0221465 0.0169173 0.0122579 0.00834059 0.00527735
 0.00759551 0.0124001 0.0187766 0.0266988 0.0359168 0.0458085 0.0553523 0.0633805 0.0690034 0.0718881 0.0722156 0.0704388 0.0670655 0.0625572 0.0572999 0.0515951 0.0456614 0.0396497 0.0336689 0.0278158 0.022203 0.016978 0.0123176 0.00839361 0.00531947
 0.00756196 0.012346 0.0186963 0.0265881 0.0357746 0.0456392 0.0551675 0.0631989 0.0688469 0.0717762 0.0721606 0.0704432 0.0671226 0.062654 0.0574211 0.0517269 0.0457937 0.0397767 0.0337881 0.0279263 0.0223042 0.0170686 0.0123955 0.00845655 0.00536642
 0.00754256 0.0123126 0.0186425 0.026507 0.0356604 0.0454899 0.054988 0.0630015 0.0686506 0.0716028 0.0720304 0.0703714 0.0671164 0.0627111 0.057531 0.0518734 0.0459593 0.039946 0.03395 0.0280739 0.0224341 0.0171788 0.012485 0.00852543 0.0054158
 0.00752668 0.0122883 0.0186088 0.0264632 0.0356056 0.0454224 0.054905 0.0629009 0.0685327 0.0714732 0.0719005 0.0702571 0.0670346 0.0626752 0.0575473 0.0519398 0.0460657 0.0400778 0.0340917 0.0282124 0.0225599 0.0172863 0.0125718 0.00859113 0.00546214
 0.00754823 0.0123181 0.0186439 0.0264977 0.0356321 0.0454348 0.0548998 0.0628774 0.0684911 0.0714133 0.0718224 0.0701632 0.066932 0.0625768 0.0574681 0.0518928 0.0460578 0.0401078 0.0341511 0.0282891 0.0226416 0.0173631 0.0126371 0.00864212 0.00549865
 0.00750964 0.0122665 0.0185864 0.0264469 0.0356017 0.0454323 0.0549225 0.0629127 0.0685227 0.0714283 0.0718153 0.0701354 0.066889 0.0625258 0.0574177 0.0518528 0.0460375 0.0401132 0.0341832 0.0283425 0.0227069 0.01743 0.0126972 0.0086904 0.00553363
 0.00747601 0.0122083 0.0184934 0.02631 0.0354181 0.045212 0.0546913 0.0627076 0.0683794 0.0713668 0.0718331 0.0702124 0.0669985 0.0626454 0.0575341 0.0519619 0.0461411 0.0402158 0.0342881 0.0284498 0.0228127 0.0175279 0.0127808 0.00875556 0.00557983
 0.00749351 0.0122325 0.0185213 0.026335 0.03543 0.0451991 0.0546432 0.06262 0.0682585 0.0712307 0.0717076 0.0701212 0.0669543 0.0626458 0.0575664 0.0520106 0.0461952 0.0402708 0.0343442 0.0285084 0.0228736 0.0175881 0.0128356 0.00880093 0.00561358
 0.00750535 0.0122547 0.0185597 0.0263958 0.0355167 0.0453082 0.0547616 0.0627256 0.0683262 0.0712414 0.0716559 0.0700181 0.0668232 0.0625134 0.0574536 0.0519271 0.0461405 0.0402391 0.0343295 0.0285069 0.0228826 0.0176049 0.0128566 0.008822 0.00563149
 0.00750535 0.0122547 0.0185597 0.0263958 0.0355167 0.0453082 0.0547616 0.0627256 0.0683262 0.0712414 0.0716559 0.0700181 0.0668232 0.0625134 0.0574536 0.0519271 0.0461405 0.0402391 0.0343295 0.0285069 0.0228826 0.0176049 0.0128566 0.008822 0.00563149
 0.0071751 0.0117323 0.0178032 0.0253829 0.0342571 0.0438584 0.053235 0.0612841 0.0671463 0.0704664 0.07136 0.0701968 0.0674099 0.0634076 0.0585461 0.053117 0.0473427 0.0413866 0.035373 0.0294137 0.0236353 0.0181997 0.0133014 0.00913414 0.00583514
 0.0071366 0.0116325 0.0175845 0.0249699 0.0335767 0.0428718 0.0519673 0.0598342 0.0656705 0.0691439 0.0703539 0.0696233 0.0673196 0.0637815 0.0593073 0.0541533 0.048532 0.0426163 0.0365515 0.030474 0.0245356 0.0189207 0.0138439 0.00951544 0.00608361
 0.00706981 0.011532 0.0174454 0.0247853 0.0333292 0.0425258 0.0514706 0.0591355 0.0647507 0.0680455 0.0691904 0.0685584 0.0665228 0.0633813 0.0593594 0.0546338 0.0493526 0.0436524 0.0376718 0.0315635 0.0255086 0.0197257 0.0144622 0.00995521 0.00637198
 0.00702852 0.0114669 0.0173518 0.0246606 0.033174 0.0423425 0.0512599 0.0588896 0.0644464 0.0676471 0.0686669 0.0679121 0.065812 0.0627182 0.058879 0.0544475 0.0495102 0.0441285 0.0383798 0.0323863 0.0263309 0.0204581 0.0150527 0.0103887 0.00666205
 0.00695906 0.0113588 0.0171983 0.024459 0.0329266 0.0420578 0.0509529 0.0585803 0.0641542 0.0673816 0.0684204 0.0676618 0.0655345 0.0624118 0.0585817 0.0542347 0.0494676 0.0443153 0.0387997 0.0329839 0.0270126 0.0211244 0.0156264 0.0108298 0.00696681
 0.00693414 0.0113183 0.0171371 0.0243727 0.0328119 0.0419143 0.0507843 0.0583948 0.0639627 0.0671943 0.0682437 0.0674943 0.0653671 0.0622332 0.0583897 0.0540487 0.0493333 0.0442914 0.0389321 0.0332804 0.0274343 0.0216002 0.0160802 0.0112059 0.00724116
 0.00697704 0.0113901 0.0172484 0.0245327 0.0330244 0.0421714 0.0510626 0.0586571 0.0641661 0.0673027 0.0682365 0.0673697 0.0651375 0.0619191 0.0580155 0.0536435 0.0489353 0.0439487 0.038695 0.0331838 0.0274818 0.0217598 0.0162968 0.0114235 0.00742083
#pred catch len freq
 0.00438953 0.00694818 0.0101398 0.0138873 0.0181417 0.0228614 0.0279427 0.0331867 0.0383368 0.0431433 0.0474028 0.0509752 0.0537937 0.055865 0.0572534 0.0580596 0.0584027 0.0583928 0.0580626 0.0572585 0.0555576 0.052337 0.0470637 0.039694 0.0309041
 0.00457756 0.00718158 0.0103607 0.0140056 0.0180702 0.0225648 0.0274704 0.0326605 0.037896 0.0428791 0.0473244 0.0510248 0.0538965 0.0559788 0.0573919 0.0582787 0.0587585 0.0588929 0.0586366 0.057768 0.0558498 0.0523148 0.0467339 0.0391626 0.0303213
 0.00477873 0.00750168 0.0108239 0.0146153 0.0187916 0.0233103 0.0281028 0.0330295 0.0379034 0.0425344 0.0467483 0.0503902 0.0533457 0.0555759 0.0571329 0.0581367 0.05872 0.0589548 0.0587757 0.0579158 0.0559031 0.0521828 0.04639 0.0386625 0.029774
 0.0049942 0.0078404 0.0113137 0.0152783 0.0196433 0.0243543 0.0293138 0.0343311 0.0391556 0.0435512 0.0473527 0.0504853 0.0529595 0.0548459 0.0562395 0.0572324 0.0578938 0.0582361 0.0581517 0.0573439 0.0553223 0.0515386 0.0456668 0.037901 0.0290546
 0.00524323 0.00822684 0.0118622 0.0160029 0.0205503 0.0254448 0.0305815 0.0357536 0.0406809 0.0450841 0.0487486 0.0515653 0.0535542 0.0548556 0.0556773 0.0562197 0.0566082 0.0568448 0.0567657 0.0560087 0.0540384 0.0502955 0.0444742 0.0368018 0.0281116
 0.00552477 0.00866534 0.0124872 0.0168312 0.0215871 0.026684 0.0320032 0.0373208 0.0423384 0.0467598 0.0503517 0.052982 0.0546466 0.0554779 0.055713 0.0556249 0.0554368 0.0552338 0.0548881 0.0540229 0.0520619 0.0484104 0.0427488 0.0353028 0.0268966
 0.00584297 0.00916311 0.0132009 0.0177842 0.0227895 0.0281313 0.0336709 0.039158 0.0442678 0.0486849 0.0521669 0.05458 0.0559207 0.0563209 0.0560203 0.055311 0.0544635 0.0536371 0.0527842 0.0515864 0.0494897 0.0458912 0.0404449 0.0333396 0.02535
 0.00620729 0.00972772 0.0140005 0.0188368 0.0240992 0.0296916 0.0354613 0.0411362 0.0463627 0.0507974 0.0541783 0.0563639 0.0573569 0.0573032 0.0564586 0.0551305 0.0536119 0.0521036 0.0506239 0.0489343 0.0465525 0.0429159 0.0376754 0.030972 0.0234984
 0.006546 0.0102543 0.0147493 0.019827 0.0253364 0.0311698 0.03716 0.043015 0.0483592 0.0528289 0.0561466 0.0581602 0.0588673 0.0584167 0.0570735 0.0551599 0.052989 0.0507936 0.0486449 0.0463811 0.0436084 0.0398367 0.0347432 0.0284314 0.0215015
 0.00683797 0.0107167 0.0154231 0.0207442 0.0265175 0.0326181 0.038854 0.0449023 0.0503591 0.054843 0.0580709 0.0598936 0.0603157 0.0594928 0.0576954 0.0552504 0.0524788 0.0496328 0.0468253 0.0439649 0.0407498 0.0367785 0.031776 0.0258246 0.0194344
 0.00717226 0.0112395 0.016173 0.0217468 0.0277864 0.0341543 0.0406387 0.0468878 0.0524638 0.0569558 0.0600638 0.06164 0.0617065 0.0604463 0.0581552 0.0551751 0.0518323 0.0483847 0.0449678 0.0415437 0.0378945 0.0337105 0.0287771 0.0231693 0.0173149
 0.00758131 0.0118642 0.0170395 0.0228569 0.0291247 0.0356977 0.0423596 0.0487482 0.0544066 0.0589007 0.0619094 0.0632724 0.0630137 0.0613324 0.0585503 0.0550359 0.051135 0.0471188 0.0431414 0.0392045 0.0351582 0.0307748 0.0259003 0.0206108 0.0152625
 0.00789413 0.0123537 0.0177409 0.0237909 0.0302953 0.0370899 0.043935 0.0504443 0.0561446 0.0605977 0.0634877 0.0646606 0.0641427 0.0621327 0.0589553 0.054988 0.0505916 0.0460569 0.0415643 0.0371566 0.0327442 0.0281703 0.0233344 0.0183163 0.0134121
 0.00811969 0.012718 0.0182852 0.0245533 0.0313052 0.0383577 0.0454401 0.0521267 0.0579084 0.0623261 0.0650633 0.0659837 0.065142 0.0627655 0.0591981 0.0548245 0.0500051 0.0450331 0.0401035 0.0352933 0.0305672 0.0258321 0.0210353 0.0162606 0.0117525
 0.00840243 0.0131545 0.0189005 0.02536 0.0323076 0.0395564 0.0468286 0.0536808 0.0595732 0.06401 0.0666447 0.0673312 0.0661409 0.0633398 0.0593179 0.0544961 0.0492536 0.0438871 0.0385938 0.0334658 0.0285042 0.0236647 0.0189334 0.0143971 0.0102555
 0.00864914 0.0135291 0.0194158 0.0260126 0.0330831 0.0404371 0.0477987 0.0547256 0.060676 0.0651458 0.0677738 0.0683927 0.0670533 0.0640121 0.0596683 0.0544696 0.0488297 0.0430761 0.0374294 0.0320035 0.0268278 0.0218921 0.0172093 0.0128659 0.00902335
 0.00882887 0.0138131 0.0198277 0.026568 0.0337863 0.0412766 0.0487429 0.0557243 0.0616693 0.0660796 0.0686093 0.0691067 0.0676285 0.0644253 0.0598838 0.0544433 0.0485205 0.0424605 0.0365114 0.0308205 0.0254522 0.0204291 0.0157845 0.0116011 0.00800656
 0.00895778 0.0140144 0.0201162 0.0269544 0.0342783 0.0418793 0.0494549 0.0565308 0.0625358 0.0669513 0.0694195 0.0697919 0.0681428 0.0647462 0.0600058 0.0543649 0.0482346 0.0419553 0.0357818 0.0298824 0.0243542 0.0192531 0.0146339 0.0105773 0.00718299
 0.00902254 0.0141141 0.0202563 0.0271382 0.0345084 0.0421603 0.0497942 0.0569364 0.0630119 0.0674917 0.0700024 0.0703782 0.0686808 0.0651824 0.0602964 0.0544818 0.0481639 0.0416918 0.035327 0.0292502 0.0235793 0.0183968 0.0137775 0.00980358 0.00655396
