SBPRF35
9.87653
Curr Bio
568606
B35
729526
F35
0.191521
FOFL
0.149912
OFL
70114.5
Bzero
2.82187e+006
#pred survey bio
 3.51824e+006 3.0281e+006 2.73879e+006 2.48636e+006 2.21193e+006 1.95472e+006 1.73115e+006 1.53752e+006 1.35002e+006 1.21043e+006 1.06398e+006 921047 832093 777434 702862 662789 641201 622631 605724 587768 598653 585344 577003 565188 565521 574072 564155 565344 558529 555949 549755 532979 521139 512471 511852 515695 528026 535832 543785 554012 561602 567211 579439 584865 582975 582359 586803 573761 2.04297e+007 1.23767e+007 1.27826e+007 1.3737e+007 1.50177e+007 1.63712e+007 1.76301e+007 1.87115e+007 1.95927e+007 2.02849e+007 2.08154e+007 2.12151e+007 2.15131e+007 2.17339e+007 2.1897e+007 2.20175e+007 2.21068e+007 2.21731e+007 2.22227e+007 2.22598e+007 2.22879e+007 2.23092e+007 2.23255e+007 2.2338e+007 2.23476e+007 2.23551e+007 2.23608e+007 2.23653e+007 2.23689e+007 2.23716e+007 2.23738e+007 2.23755e+007 2.23768e+007 2.23779e+007 2.23787e+007 2.23794e+007 2.23799e+007 2.23804e+007 2.23807e+007 2.2381e+007 2.23812e+007 2.23813e+007 2.23815e+007 2.23816e+007 2.23817e+007 2.23817e+007 2.23818e+007 2.23818e+007 2.23819e+007 2.23819e+007 2.23819e+007 2.23819e+007 2.23819e+007 2.2382e+007 2.2382e+007 2.2382e+007 2.2382e+007 2.2382e+007 2.2382e+007 2.2382e+007 2.2382e+007 2.2382e+007 2.2382e+007 2.2382e+007 2.2382e+007 2.2382e+007 2.2382e+007 2.2382e+007 2.2382e+007 2.2382e+007 2.2382e+007 2.2382e+007 2.2382e+007 2.2382e+007 2.2382e+007 2.2382e+007 2.2382e+007 2.2382e+007 2.2382e+007 2.2382e+007 2.2382e+007 2.2382e+007 2.2382e+007 2.2382e+007 2.2382e+007 2.2382e+007 2.2382e+007 2.2382e+007 2.2382e+007 2.2382e+007 2.2382e+007 2.2382e+007 2.2382e+007 2.2382e+007 2.2382e+007 2.2382e+007 2.2382e+007 2.2382e+007 2.2382e+007 2.2382e+007 0 0 0 0 0 0 0 0 0 0 0 0 0 0 0 0 0 0 0 0 0 0 0 0 0
#obs survey bio
 4.4965e+006 2.08515e+006 2.81639e+006 1.53113e+006 2.11504e+006 1.85856e+006 1.16963e+006 1.44094e+006 1.03924e+006 982029 1.19054e+006 697045 721500 613903 666010 663895 523383 757418 537766 431557 565666 466740 553028 405256 583863 437677 492644 563338 497618 808527 729738 403746 437130 480827 545726 540964 738892 615676 331011 594614 659050 610684 480904 530531 947812 662544 445752 528641
#pred catch bio
 433836 272561 259563 300298 303850 289892 276509 280946 245360 254334 249743 200270 168853 181941 147777 129416 125006 121691 120788 96476.9 116967 111410 112908 101465 94103.7 108362 96750.3 100767 93548.5 92476.5 97151.8 91359.2 91444.5 88879.7 87996.2 82356 86804.4 86998.1 85842.2 88831.1 91091.8 86603 93510.6 99887.5 98345.2 93785.7 107165 84712.8 70114.5 88522.9 90109.8 95610.4 104124 113380 121946 129180 134935 139319 142557 144890 146542 147693 148487 149030 149398 149647 149813 149925 149999 150049 150082 150103 150118 150127 150133 150138 150140 150142 150143 150144 150145 150145 150145 150145 150145 150145 150145 150145 150145 150145 150145 150146 150146 150146 150146 150146 150146 150146 150146 150146 150146 150146 150146 150146 150146 150146 150146 150146 150146 150146 150146 150146 150146 150146 150146 150146 150146 150146 150146 150146 150146 150146 150146 150146 150146 150146 150146 150146 150146 150146 150146 150146 150146 150146 150146 150146 150146 150146 150146 150146 150146 150146 150146 150146 150146 150146 150146 150146 0 0 0 0 0 0 0 0 0 0 0 0 0 0 0 0 0 0 0 0 0 0 0 0 0
#obs catch bio
 234633 272345 260358 303336 307482 293669 280312 286101 249582 260195 255272 203863 171357 185655 149511 130973 126719 123204 122441 97353.4 118914 113052 114460 103345 94994.8 110365 98021.9 102190 94662.5 92704.6 96986.7 91267.6 91509.2 89316.6 88334.4 82408.6 86507 86576.4 85862.2 88660.5 90862.4 86236.3 93523.6 99738.3 98071.8 93295.8 107271 84543.5
#pred cpue bio
 3.46206e+006 2.9764e+006 2.68929e+006 2.43771e+006 2.16434e+006 1.90856e+006 1.68639e+006 1.494e+006 1.30813e+006 1.16984e+006 1.02555e+006 885232 797958 744571 672142 633361 612512 594535 578208 560734 571225 558316 550318 538969 539522 548145 538821 540472 534538 532863 527733 511893 499639 489520 487849 491585 503964 511874 519648 529512 536892 542314 554087 559282 557467 557016 561472 549120 1.95957e+007 1.18875e+007 1.21568e+007 1.29617e+007 1.419e+007 1.55313e+007 1.67878e+007 1.78689e+007 1.87499e+007 1.94422e+007 1.99726e+007 2.03724e+007 2.06704e+007 2.08911e+007 2.10542e+007 2.11748e+007 2.1264e+007 2.13304e+007 2.13799e+007 2.14171e+007 2.14452e+007 2.14665e+007 2.14827e+007 2.14952e+007 2.15048e+007 2.15123e+007 2.15181e+007 2.15226e+007 2.15261e+007 2.15289e+007 2.1531e+007 2.15327e+007 2.15341e+007 2.15351e+007 2.1536e+007 2.15367e+007 2.15372e+007 2.15376e+007 2.15379e+007 2.15382e+007 2.15384e+007 2.15386e+007 2.15387e+007 2.15388e+007 2.15389e+007 2.1539e+007 2.1539e+007 2.15391e+007 2.15391e+007 2.15391e+007 2.15392e+007 2.15392e+007 2.15392e+007 2.15392e+007 2.15392e+007 2.15392e+007 2.15392e+007 2.15392e+007 2.15392e+007 2.15392e+007 2.15392e+007 2.15392e+007 2.15392e+007 2.15392e+007 2.15392e+007 2.15392e+007 2.15392e+007 2.15392e+007 2.15392e+007 2.15392e+007 2.15392e+007 2.15392e+007 2.15392e+007 2.15392e+007 2.15392e+007 2.15392e+007 2.15392e+007 2.15392e+007 2.15392e+007 2.15392e+007 2.15392e+007 2.15392e+007 2.15392e+007 2.15392e+007 2.15392e+007 2.15392e+007 2.15392e+007 2.15392e+007 2.15392e+007 2.15392e+007 2.15392e+007 2.15392e+007 2.15392e+007 2.15392e+007 2.15392e+007 2.15392e+007 2.15392e+007 2.15392e+007 2.15392e+007 2.15392e+007 0 0 0 0 0 0 0 0 0 0 0 0 0 0 0 0 0 0 0 0 0 0 0 0 0
#obs cpue bio
 2.41724e+006 2.30149e+006 1.79134e+006 2.46679e+006 1.73483e+006 1.57479e+006 1.98334e+006 1.18558e+006 1.16163e+006 1.00088e+006 858508 886508 712586 774452 701333 468545 568504 432566 560606 514052 494045 525967 553642 354643 674422 451068 514507 502354 500858 686692 595708 589135 552208 356308 488571 519015 564098 520592 558816 622661 518492 545772 513863 744887 386544 560221 642148 563320
#pred surv len freq
 0.00623561 0.00993313 0.0145905 0.0200657 0.0261576 0.0325536 0.0387834 0.0442997 0.0486749 0.0517514 0.0536303 0.0545478 0.0547588 0.0544793 0.0538711 0.0530431 0.0520632 0.0509616 0.0497035 0.0481261 0.0458905 0.0425391 0.037709 0.0314176 0.0242136
 0.0067783 0.0107164 0.0155906 0.0212108 0.0273652 0.0337813 0.0400543 0.0456776 0.0501981 0.053369 0.055186 0.0558262 0.0555667 0.0547163 0.0535537 0.0522795 0.0509943 0.0496998 0.0482952 0.0465569 0.0441314 0.040609 0.0357124 0.0295267 0.0226044
 0.00726054 0.0114586 0.016626 0.0225322 0.0289177 0.0354611 0.04172 0.0471826 0.0514428 0.0543399 0.0559462 0.0564519 0.0560748 0.0550385 0.0535755 0.0519095 0.0502116 0.0485516 0.0468575 0.0448962 0.0422995 0.0386694 0.0337695 0.0277238 0.0210833
 0.00756627 0.0119612 0.017392 0.0236245 0.0303791 0.0372888 0.0438388 0.0494369 0.0536199 0.0562234 0.0573764 0.057366 0.0565037 0.0550611 0.0532582 0.0512705 0.049231 0.0472098 0.0451685 0.0429163 0.0401199 0.0364099 0.0315746 0.0257477 0.0194558
 0.00788232 0.0124655 0.0181348 0.0246508 0.0317254 0.0389756 0.0458548 0.0517216 0.0560525 0.0586258 0.0595345 0.0590701 0.0575973 0.0554771 0.0530211 0.0504613 0.0479397 0.0455058 0.0431045 0.0405545 0.0375585 0.0337922 0.029076 0.0235428 0.0176754
 0.00826103 0.0130538 0.01897 0.0257521 0.033095 0.0406006 0.0477053 0.0537464 0.0581783 0.0607583 0.0615581 0.0608467 0.0589745 0.0563113 0.0532104 0.0499712 0.0468037 0.0438046 0.0409406 0.038043 0.0348352 0.0310246 0.0264556 0.021253 0.0158467
 0.00864676 0.0136567 0.0198323 0.0268965 0.0345219 0.0422838 0.0495874 0.0557396 0.0601774 0.0626609 0.0632787 0.062316 0.060126 0.0570693 0.0534896 0.049693 0.0459214 0.0423228 0.038922 0.0356033 0.0321353 0.0282608 0.02384 0.0189776 0.014041
 0.00895046 0.014144 0.0205536 0.0278937 0.0358204 0.0438795 0.0514332 0.0577411 0.0622057 0.0645787 0.0649658 0.0636846 0.0611219 0.0576609 0.0536518 0.0493951 0.0451287 0.041013 0.0371103 0.0333633 0.0296065 0.0256377 0.0213414 0.0168012 0.0123177
 0.00929895 0.0146922 0.0213449 0.0289579 0.0371702 0.0455054 0.0532938 0.059756 0.0642588 0.0665322 0.0666816 0.0650446 0.0620434 0.0581027 0.0536083 0.0488802 0.0441589 0.0396024 0.035282 0.0311735 0.0271666 0.0231172 0.0189433 0.014715 0.0106696
 0.00942028 0.0149048 0.0216934 0.0294941 0.0379429 0.0465435 0.0545898 0.0612604 0.0658873 0.0681818 0.0682443 0.0664154 0.063127 0.0588207 0.0539074 0.0487352 0.0435692 0.038585 0.0338699 0.0294248 0.0251789 0.0210343 0.0169395 0.0129572 0.00927304
 0.0096173 0.015221 0.0221624 0.0301466 0.0388029 0.0476223 0.0558759 0.062711 0.0674278 0.0697133 0.0696577 0.0676075 0.0640135 0.0593434 0.0540342 0.0484561 0.0428912 0.0375301 0.032476 0.0277525 0.0233207 0.0191179 0.0151154 0.0113678 0.00801564
 0.0100041 0.0158126 0.0229833 0.0311955 0.0400553 0.049036 0.0573929 0.0642579 0.0689191 0.0710614 0.0707827 0.0684445 0.0645154 0.0594832 0.0538045 0.047867 0.0419661 0.0363019 0.0309884 0.0260654 0.0215183 0.017311 0.0134302 0.00992059 0.00688248
 0.010145 0.0160412 0.0233266 0.031677 0.0406903 0.0498232 0.0583078 0.0652528 0.0699329 0.0720335 0.0716623 0.0691907 0.065092 0.0598542 0.0539357 0.047731 0.0415487 0.0356064 0.0300382 0.0249073 0.0202245 0.0159772 0.0121644 0.00882151 0.00601573
 0.0100587 0.0159208 0.0231833 0.031537 0.0405916 0.0498086 0.058417 0.0655143 0.0703576 0.0726091 0.0723537 0.0699447 0.0658465 0.060546 0.0545046 0.0481229 0.0417193 0.0355273 0.0297041 0.0243412 0.01948 0.0151345 0.0113176 0.00805933 0.0054004
 0.0102933 0.0162698 0.0236484 0.032099 0.0412169 0.0504596 0.0590597 0.0661202 0.0709021 0.0730713 0.0727167 0.0701976 0.0659844 0.060569 0.0544148 0.0479205 0.0413999 0.0350838 0.0291326 0.0236509 0.0187014 0.0143206 0.0105358 0.00737455 0.00485729
 0.010471 0.0165251 0.0239704 0.0324559 0.0415646 0.0507569 0.0592809 0.066261 0.0709782 0.0731114 0.0727538 0.0702579 0.0660787 0.0606885 0.0545348 0.0480078 0.0414205 0.0350087 0.0289427 0.0233422 0.0182898 0.013843 0.0100445 0.00692367 0.00448801
 0.0105367 0.0166264 0.0241112 0.0326339 0.0417684 0.0509648 0.0594624 0.0663832 0.0710181 0.0730685 0.0726546 0.0701476 0.0660041 0.0606806 0.0545983 0.0481212 0.0415449 0.0350995 0.0289615 0.023266 0.0181167 0.0135934 0.00975562 0.00663889 0.00424355
 0.0105477 0.0166492 0.024155 0.0327095 0.041886 0.0511281 0.0596636 0.0666009 0.0712203 0.0732209 0.0727313 0.0701415 0.0659308 0.0605735 0.0544958 0.0480508 0.0415128 0.0350899 0.0289454 0.023214 0.0180116 0.0134367 0.00956631 0.00644536 0.00407272
 0.0106825 0.0168394 0.0243879 0.0329567 0.0421127 0.0513082 0.0597902 0.0666854 0.0712809 0.0732691 0.0727642 0.0701445 0.0658879 0.0604788 0.0543592 0.0478948 0.0413619 0.0349593 0.0288347 0.0231108 0.0179003 0.013309 0.00942599 0.0063058 0.00394978
 0.010887 0.0171488 0.0248092 0.0334777 0.0427011 0.0519142 0.0603508 0.0671346 0.0715656 0.0733655 0.0726837 0.0699243 0.0655729 0.060107 0.0539576 0.0474845 0.0409627 0.03459 0.0285088 0.0228321 0.0176642 0.0131074 0.00925332 0.00616136 0.00383561
 0.0106946 0.0168686 0.0244485 0.0330652 0.042281 0.0515336 0.0600496 0.0669392 0.0714876 0.0734019 0.0728199 0.0701394 0.0658447 0.0604141 0.0542789 0.047798 0.0412487 0.034834 0.0287038 0.0229772 0.0177621 0.0131629 0.00927352 0.00615625 0.00381673
 0.0106932 0.0168726 0.0244665 0.0331095 0.0423649 0.0516671 0.060234 0.067164 0.0717302 0.0736309 0.0730018 0.0702465 0.0658634 0.0603486 0.0541484 0.0476295 0.0410672 0.0346575 0.0285419 0.0228338 0.0176379 0.0130573 0.00918556 0.00608535 0.00376236
 0.0106916 0.0168643 0.024444 0.0330641 0.0422914 0.0515697 0.0601301 0.067082 0.0716999 0.0736712 0.0731123 0.0704067 0.06604 0.0605068 0.0542629 0.0476898 0.0410776 0.0346311 0.028494 0.0227768 0.0175799 0.0130027 0.00913693 0.00604428 0.00372984
 0.0106619 0.0168287 0.0244131 0.0330539 0.0423167 0.0516353 0.0602254 0.0671845 0.0717861 0.0737292 0.073146 0.0704304 0.0660667 0.0605393 0.0542927 0.0477033 0.0410643 0.0345889 0.028429 0.0226999 0.0175019 0.0129317 0.00907734 0.00599768 0.00369585
 0.0106301 0.016763 0.0242901 0.0328473 0.0420085 0.0512313 0.059765 0.0667351 0.0714223 0.0735066 0.073086 0.0705225 0.0662811 0.0608401 0.0546436 0.0480691 0.0414126 0.0348938 0.0286751 0.0228835 0.0176285 0.0130123 0.00912423 0.00602193 0.00370633
 0.0104395 0.0164815 0.0239181 0.0324011 0.0415126 0.0507078 0.0592297 0.066204 0.0709238 0.0730885 0.0728088 0.0704397 0.0664179 0.061183 0.0551456 0.0486655 0.0420371 0.0354897 0.0292016 0.0233171 0.0179624 0.0132526 0.00928561 0.00612265 0.00376436
 0.0103081 0.0162947 0.0236866 0.0321523 0.0412826 0.050529 0.0591182 0.0661542 0.070911 0.0730787 0.0727739 0.0703721 0.0663373 0.0611286 0.0551575 0.0487658 0.0422211 0.0357306 0.0294624 0.0235632 0.0181699 0.0134108 0.00939535 0.00619194 0.00380413
 0.0100534 0.0159022 0.0231381 0.0314498 0.0404531 0.049627 0.0582265 0.0653743 0.0703408 0.0727835 0.0727667 0.0706153 0.0667636 0.0616681 0.0557573 0.0493941 0.042859 0.03636 0.0300592 0.0240996 0.0186216 0.0137644 0.00965132 0.00636254 0.0039084
 0.00982597 0.0155587 0.0226696 0.0308647 0.0397738 0.0488846 0.0574593 0.0646309 0.0696815 0.0722757 0.072472 0.0705722 0.0669743 0.0620971 0.0563432 0.0500692 0.0435652 0.0370544 0.0307112 0.0246848 0.01912 0.0141631 0.00994758 0.00656545 0.00403564
 0.00957971 0.0151737 0.0221198 0.0301391 0.0388812 0.0478592 0.0563649 0.0635575 0.0687307 0.0715394 0.0720162 0.0704315 0.0671538 0.0625739 0.0570679 0.0509703 0.0445596 0.0380616 0.0316643 0.0255353 0.0198374 0.0147331 0.0103713 0.00685767 0.00422102
 0.00963705 0.0152236 0.0221149 0.0300088 0.03855 0.0472767 0.0555322 0.0625358 0.0676276 0.0704824 0.0711254 0.0698006 0.0668396 0.0625938 0.0574025 0.0515694 0.0453502 0.0389586 0.0325821 0.0263995 0.0205929 0.0153478 0.010836 0.00718254 0.00442975
 0.010625 0.0166345 0.0238743 0.0319174 0.0403311 0.0486587 0.0563199 0.0626419 0.0670685 0.0693592 0.0696021 0.0680767 0.0651165 0.0610423 0.0561408 0.0506554 0.0447864 0.0387036 0.0325662 0.0265412 0.0208142 0.0155856 0.0110478 0.00734718 0.00454355
 0.0114888 0.0179759 0.0257673 0.034366 0.0432437 0.0518242 0.0594017 0.0652192 0.0687379 0.0698602 0.0688972 0.0663459 0.0626796 0.0582604 0.0533388 0.0480795 0.042591 0.0369568 0.0312659 0.0256366 0.020228 0.0152335 0.0108533 0.00724926 0.00449924
 0.0113188 0.0178374 0.025813 0.0348213 0.0443448 0.0537177 0.0620527 0.0683773 0.0719816 0.0726971 0.0708844 0.0671938 0.0623155 0.0568308 0.0511515 0.0455089 0.0399863 0.034581 0.0292743 0.0240857 0.0190998 0.0144655 0.0103641 0.00695835 0.00433821
 0.0108952 0.0172046 0.0249729 0.0338351 0.0433452 0.0529105 0.0616962 0.0687248 0.0731853 0.0747128 0.0734345 0.0698277 0.0645453 0.0582824 0.0516627 0.0451457 0.0389831 0.0332435 0.0278864 0.02285 0.0181207 0.013763 0.00990392 0.00668208 0.00418612
 0.0106951 0.0168714 0.0244592 0.033098 0.0423649 0.051718 0.0604009 0.0675233 0.072335 0.0744685 0.0739635 0.0711322 0.06643 0.0603936 0.053595 0.0465723 0.0397499 0.0333878 0.0275826 0.0223208 0.0175583 0.0132875 0.0095613 0.00646584 0.00406511
 0.0105777 0.0166756 0.0241541 0.0326494 0.0417394 0.0508932 0.0593815 0.0663579 0.0711297 0.0733884 0.0732125 0.070907 0.066853 0.0614503 0.055112 0.0482588 0.0412926 0.034555 0.0282869 0.022614 0.0175742 0.013171 0.00941918 0.0063526 0.00399401
 0.0106718 0.0168006 0.0242897 0.0327562 0.0417658 0.0507875 0.0591035 0.0658876 0.0704734 0.0725856 0.0723455 0.0701023 0.0662662 0.0612256 0.0553283 0.0488851 0.0421851 0.0355048 0.0290985 0.0231728 0.0178679 0.013263 0.00939894 0.00629443 0.00394008
 0.0106946 0.0168444 0.0243666 0.0328775 0.0419338 0.0509851 0.0592882 0.0659962 0.0704391 0.0723622 0.0719259 0.0695276 0.0656229 0.0606327 0.0549107 0.0487367 0.0423309 0.0358857 0.0295923 0.0236446 0.0182226 0.0134703 0.00948358 0.00630504 0.00392089
 0.0106043 0.0167148 0.0242039 0.0327002 0.0417695 0.0508636 0.0592328 0.0660153 0.0705195 0.0724666 0.072001 0.0695217 0.0655087 0.0604245 0.0546658 0.0485385 0.0422574 0.0359759 0.0298282 0.02396 0.018535 0.0137172 0.00964122 0.00638449 0.00394964
 0.0106187 0.0167254 0.0241973 0.0326578 0.0416753 0.0507148 0.0590472 0.0658294 0.0703763 0.0723971 0.0720102 0.0695853 0.0655829 0.0604651 0.0546498 0.0484764 0.0421897 0.0359531 0.0298841 0.0240941 0.0187144 0.0138961 0.0097838 0.00647713 0.00399846
 0.0106913 0.0168324 0.0243369 0.0328192 0.0418388 0.0508542 0.059135 0.0658435 0.0703088 0.0722611 0.0718371 0.069413 0.0654389 0.0603557 0.054562 0.0483923 0.0421026 0.0358743 0.0298355 0.0240928 0.0187603 0.0139711 0.0098628 0.0065408 0.00403951
 0.0106064 0.0167133 0.0241925 0.0326692 0.0417076 0.0507609 0.0590855 0.0658292 0.0703116 0.0722623 0.0718264 0.0693926 0.065422 0.0603586 0.0545947 0.0484529 0.0421802 0.0359574 0.0299196 0.0241801 0.0188533 0.0140667 0.00995207 0.00661379 0.004091
 0.0105003 0.0165612 0.0240016 0.0324605 0.0415117 0.0506098 0.0590042 0.0658302 0.0703912 0.0724005 0.0719905 0.0695473 0.0655406 0.0604315 0.0546296 0.0484667 0.0421895 0.0359726 0.0299445 0.024215 0.0188971 0.0141166 0.0100026 0.0066588 0.00412572
 0.0104231 0.0164477 0.0238538 0.0322894 0.0413358 0.0504523 0.0588892 0.0657788 0.0704167 0.0725034 0.0721556 0.069745 0.0657352 0.0605912 0.0547355 0.048517 0.0421966 0.0359556 0.0299216 0.0241986 0.0188927 0.0141243 0.0100189 0.00667828 0.00414363
 0.010467 0.0164974 0.0238893 0.0322803 0.0412518 0.0502784 0.058638 0.0654905 0.0701473 0.0723054 0.0720626 0.0697649 0.0658512 0.0607696 0.0549363 0.0487049 0.0423494 0.0360667 0.0299968 0.0242497 0.0189309 0.0141566 0.0100478 0.0067035 0.00416378
 0.0101597 0.0160665 0.0233662 0.031734 0.0407646 0.0499107 0.0584036 0.06536 0.070076 0.0722655 0.072059 0.0698262 0.0660074 0.0610309 0.0552858 0.0491048 0.0427548 0.0364395 0.030314 0.0245037 0.0191257 0.0143013 0.0101522 0.00677613 0.00421175
 0.00966357 0.0153476 0.0224494 0.0307039 0.0397494 0.0490488 0.0578105 0.0651046 0.0701659 0.0726449 0.0726244 0.0704619 0.0666238 0.0615865 0.0557805 0.049556 0.0431749 0.0368273 0.0306582 0.0247929 0.0193549 0.014473 0.0102743 0.00685853 0.0042643
#obs surv len freq
 0.00497087 0.00814169 0.012383 0.0177079 0.0239899 0.0308634 0.0377031 0.043786 0.0485621 0.0518308 0.0537105 0.0544866 0.0544785 0.0539829 0.05326 0.052523 0.0519166 0.0514753 0.0510606 0.0503034 0.0486213 0.0453837 0.0402137 0.0332801 0.025365
 0.00518721 0.00849594 0.0129209 0.0184739 0.0250185 0.0321661 0.0392545 0.0455185 0.0503751 0.0536087 0.0553407 0.0558686 0.0555266 0.0546262 0.0534426 0.052208 0.0510924 0.0501631 0.0493212 0.0482401 0.0463779 0.0431322 0.0381305 0.0315123 0.0239983
 0.00541208 0.00886476 0.0134822 0.0192752 0.0260979 0.0335381 0.0408952 0.04736 0.0523142 0.0555258 0.057118 0.0574007 0.0567241 0.0554152 0.0537631 0.0520135 0.0503531 0.0488759 0.0475229 0.0460219 0.0438908 0.0405768 0.035725 0.0294461 0.0223877
 0.00564161 0.00924157 0.0140562 0.0200957 0.0272045 0.0349462 0.042581 0.0492546 0.0543129 0.0575076 0.058964 0.0590052 0.0579977 0.0562842 0.0541669 0.0519025 0.0496895 0.0476414 0.0457346 0.043753 0.0412856 0.037846 0.0331127 0.0271743 0.0206005
 0.00588416 0.00963751 0.0146553 0.0209456 0.0283423 0.0363847 0.044294 0.0511713 0.0563275 0.0594986 0.0608133 0.0606092 0.0592707 0.0571571 0.0545841 0.0518174 0.0490638 0.0464501 0.043982 0.0414963 0.0386558 0.0350504 0.0304043 0.0247934 0.0187111
 0.0061301 0.0100422 0.0152731 0.0218299 0.0295344 0.0378967 0.0460921 0.053171 0.0584067 0.0615231 0.0626593 0.0621755 0.0604802 0.0579531 0.0549242 0.0516678 0.0483952 0.0452411 0.0422331 0.0392537 0.036037 0.032251 0.0276736 0.0223759 0.01678
 0.00638461 0.0104567 0.0158985 0.0227144 0.0307148 0.0393844 0.0478576 0.0551373 0.0604585 0.0635271 0.0644861 0.0637146 0.0616478 0.0586921 0.0551998 0.0514589 0.047687 0.0440237 0.0405122 0.0370724 0.0335009 0.0295402 0.0250222 0.0200192 0.014889
 0.00663243 0.0108633 0.0165173 0.0235964 0.0318984 0.0408783 0.0496249 0.0570908 0.0624745 0.0654705 0.066233 0.0651639 0.0627236 0.0593425 0.0553933 0.0511797 0.0469293 0.0427895 0.0388168 0.0349619 0.0310746 0.0269624 0.0225069 0.0177833 0.0130923
 0.00682841 0.0111907 0.0170263 0.0243396 0.0329198 0.0421968 0.0512164 0.058882 0.0643531 0.0673063 0.0679006 0.0665573 0.063763 0.0599746 0.0555883 0.0509249 0.0462237 0.0416409 0.037247 0.0330199 0.0288545 0.0246134 0.0202204 0.0157524 0.0114596
 0.00705959 0.0115646 0.0175855 0.025123 0.0339556 0.0434915 0.0527428 0.060573 0.0661084 0.0690089 0.0694347 0.067822 0.0646805 0.0604937 0.0556834 0.0505908 0.0454689 0.0404838 0.0357181 0.0311723 0.0267787 0.022445 0.0181287 0.0139059 0.00998075
 0.0072673 0.0119086 0.0181143 0.0258839 0.0349833 0.0447907 0.0542724 0.0622441 0.0678005 0.0705975 0.0708131 0.0689109 0.0654268 0.0608654 0.0556658 0.0501836 0.0446838 0.0393431 0.0342566 0.0294451 0.0248719 0.0204805 0.0162538 0.0122638 0.00867309
 0.0074454 0.0121994 0.0185545 0.0265091 0.0358219 0.0458533 0.0555396 0.0636602 0.069277 0.0720274 0.0720886 0.0699393 0.0661407 0.0612268 0.0556624 0.0498217 0.0439811 0.0383256 0.0329607 0.0279246 0.0232061 0.0187774 0.0146396 0.0108584 0.0075593
 0.00753097 0.0123426 0.0187782 0.0268381 0.0362795 0.0464551 0.0562863 0.0645337 0.0702416 0.0730333 0.0730762 0.0708421 0.0668899 0.0617591 0.0559281 0.0497908 0.0436445 0.0376933 0.0320607 0.0268047 0.0219376 0.0174553 0.0133728 0.00974881 0.00667698
 0.00761207 0.0124671 0.0189522 0.0270642 0.0365586 0.0467888 0.0566781 0.0649868 0.0707559 0.0736017 0.0736817 0.0714561 0.0674722 0.06226 0.0562935 0.04997 0.0435982 0.0374011 0.0315258 0.0260571 0.0210344 0.0164776 0.0124145 0.00889786 0.00599477
 0.00765839 0.0125406 0.0190594 0.027209 0.0367416 0.0470055 0.0569191 0.0652403 0.0710136 0.0738638 0.0739568 0.0717547 0.0677969 0.0625968 0.0566097 0.0502185 0.0437273 0.0373662 0.031301 0.0256439 0.0204656 0.0158141 0.0117339 0.00827607 0.00548715
 0.00768873 0.0125827 0.0191095 0.0272601 0.0367859 0.0470392 0.0569451 0.0652681 0.0710557 0.0739318 0.0740598 0.0718992 0.0679866 0.0628296 0.0568728 0.0504847 0.0439556 0.0375092 0.0313171 0.0255105 0.0201888 0.0154302 0.0113007 0.00785658 0.00513171
 0.00777979 0.0127183 0.0192902 0.0274769 0.0370214 0.0472707 0.0571478 0.0654198 0.0711419 0.0739512 0.0740256 0.0718353 0.0679202 0.0627837 0.0568606 0.0505059 0.0439948 0.0375377 0.0312997 0.025417 0.0200065 0.0151708 0.0109982 0.00755514 0.00487055
 0.00781303 0.0127756 0.0193818 0.0276125 0.0372059 0.0474981 0.0573976 0.0656585 0.0713324 0.0740652 0.0740526 0.0717852 0.0678175 0.0626594 0.0567432 0.0504142 0.0439339 0.0374975 0.0312585 0.0253491 0.0198932 0.0150089 0.0108027 0.00735324 0.00469018
 0.00784254 0.0128173 0.0194335 0.0276694 0.037264 0.0475574 0.0574639 0.0657396 0.0714318 0.0741758 0.0741569 0.0718616 0.0678503 0.0626461 0.0566949 0.0503498 0.043871 0.0374449 0.0312132 0.0252989 0.0198237 0.0149125 0.0106834 0.00722546 0.004572
 0.007865 0.0128504 0.0194766 0.0277194 0.0373148 0.0476017 0.0574949 0.065754 0.0714318 0.0741702 0.0741571 0.0718756 0.0678776 0.0626775 0.0567187 0.0503585 0.0438647 0.0374286 0.031191 0.0252704 0.0197843 0.0148576 0.0106136 0.00714814 0.00449791
 0.00789842 0.0129004 0.0195435 0.0278002 0.0374037 0.0476907 0.0575746 0.0658147 0.0714657 0.0741735 0.0741329 0.0718329 0.0678289 0.0626334 0.0566838 0.0503311 0.0438399 0.0374019 0.0311604 0.0252351 0.0197433 0.0148103 0.0105608 0.0070933 0.00444684
 0.0079133 0.0129246 0.01958 0.027851 0.0374691 0.047768 0.0576568 0.0658915 0.0715257 0.074208 0.0741379 0.0718106 0.0677861 0.06258 0.0566295 0.0502829 0.0438002 0.0373693 0.0311314 0.0252061 0.0197118 0.0147753 0.0105232 0.00705551 0.00441231
 0.00786983 0.0128559 0.0194807 0.0277188 0.0373063 0.0475837 0.0574682 0.0657218 0.0713987 0.0741408 0.0741362 0.0718685 0.0678898 0.0627131 0.0567773 0.0504338 0.0439461 0.0375039 0.0312492 0.0253027 0.0197845 0.0148238 0.0105498 0.00706528 0.0044113
 0.00787881 0.0128616 0.0194728 0.0276826 0.0372269 0.0474527 0.0572894 0.0655129 0.0711875 0.0739577 0.0740067 0.0718081 0.0679017 0.0627891 0.0569011 0.0505864 0.0441093 0.0376633 0.0313943 0.0254265 0.0198829 0.0148955 0.0105968 0.00709193 0.00442342
 0.00787778 0.0128582 0.019464 0.0276634 0.0371897 0.0473882 0.0571886 0.0653706 0.071007 0.0737544 0.0738071 0.0716436 0.0677999 0.0627654 0.0569558 0.0507059 0.0442719 0.0378452 0.0315747 0.0255895 0.0200188 0.0150002 0.0106707 0.00713916 0.00445034
 0.00787705 0.0128557 0.0194579 0.0276507 0.0371672 0.0473528 0.0571375 0.0653016 0.0709183 0.0736457 0.0736818 0.0715115 0.0676779 0.0626745 0.0569145 0.0507241 0.0443472 0.0379641 0.0317172 0.0257352 0.020151 0.0151085 0.0107513 0.00719353 0.00448337
 0.00784419 0.0128048 0.0193859 0.0275569 0.0370531 0.0472226 0.0569985 0.0651638 0.0707924 0.0735407 0.0736028 0.0714598 0.0676524 0.0626751 0.0569441 0.0507872 0.0444466 0.0380971 0.0318737 0.0258996 0.0203066 0.0152416 0.0108546 0.00726622 0.00452964
 0.00783547 0.0127846 0.0193446 0.0274827 0.0369357 0.0470589 0.0567972 0.0649451 0.0705833 0.0733661 0.0734801 0.0713955 0.0676445 0.0627158 0.0570237 0.0508975 0.0445817 0.0382522 0.0320424 0.0260723 0.0204709 0.0153855 0.0109697 0.00734986 0.00458464
 0.00778843 0.0127116 0.0192411 0.0273461 0.0367652 0.0468553 0.0565643 0.0646923 0.0703271 0.0731304 0.0732921 0.0712795 0.0676148 0.0627732 0.0571567 0.0510871 0.0448072 0.0384951 0.0322877 0.0263074 0.0206844 0.0155679 0.0111144 0.00745552 0.00465499
 0.00777098 0.012679 0.0191844 0.027255 0.0366312 0.0466762 0.0563477 0.0644547 0.0700898 0.0729136 0.0731118 0.071148 0.0675426 0.0627686 0.0572231 0.0512198 0.0449935 0.0387167 0.0325247 0.0265411 0.0208995 0.0157528 0.0112622 0.00756449 0.00472846
 0.00775217 0.0126491 0.0191403 0.0271936 0.0365488 0.0465691 0.0562126 0.064292 0.0699055 0.0727203 0.0729276 0.0709925 0.0674326 0.0627159 0.0572332 0.0512929 0.0451237 0.0388922 0.0327288 0.0267547 0.021104 0.015933 0.0114087 0.00767376 0.00480294
 0.00931115 0.0148286 0.0217653 0.0298826 0.0388262 0.0480419 0.056711 0.0638935 0.0688505 0.0712906 0.0713574 0.069439 0.0659866 0.0614244 0.0561181 0.0503606 0.0443709 0.038308 0.0322959 0.026451 0.0209043 0.0158115 0.0113414 0.00764071 0.00478918
 0.00929589 0.015092 0.0226694 0.0318758 0.0422471 0.0528552 0.06234 0.0693156 0.0729611 0.07334 0.0711986 0.0674675 0.0628689 0.0578131 0.0524916 0.0469994 0.0414074 0.0357876 0.0302195 0.0247964 0.0196351 0.0148807 0.0106939 0.00721728 0.00453107
 0.00897218 0.0145818 0.0219529 0.031001 0.0413829 0.0523267 0.06259 0.0707449 0.0756877 0.0770188 0.0750658 0.070631 0.0646808 0.0580946 0.0515009 0.0452202 0.0393218 0.0337458 0.0284181 0.0233151 0.0184838 0.0140323 0.0101033 0.00683133 0.00429623
 0.00880213 0.014298 0.0215126 0.0303629 0.0405228 0.0512679 0.0614423 0.0697322 0.0751311 0.0772485 0.076271 0.0727182 0.0672409 0.060536 0.053289 0.0460832 0.0393041 0.0331102 0.027487 0.0223505 0.0176423 0.013377 0.0096364 0.00652424 0.00410964
 0.00873646 0.0141854 0.0213317 0.0300878 0.0401267 0.0507299 0.0607593 0.0689345 0.0742994 0.076526 0.0758543 0.0728073 0.0679508 0.0618085 0.0548712 0.0476086 0.040443 0.0336972 0.0275541 0.0220637 0.0171997 0.0129329 0.00927457 0.00626848 0.00394844
 0.00868294 0.0140988 0.0212016 0.0299041 0.0398797 0.0504118 0.0603667 0.0684709 0.0737792 0.0759814 0.0753448 0.0724267 0.0678171 0.062026 0.0554732 0.0485132 0.0414616 0.0346041 0.0281806 0.0223573 0.0172189 0.0127922 0.00908358 0.00609771 0.00382575
 0.00868089 0.0140894 0.0211762 0.0298505 0.039785 0.0502663 0.0601672 0.0682214 0.0734882 0.0756599 0.0750078 0.0721 0.067545 0.0618725 0.0555066 0.048774 0.0419288 0.0351867 0.0287473 0.022792 0.0174668 0.0128694 0.00905011 0.00601943 0.00374843
 0.00867319 0.0140776 0.0211593 0.0298272 0.0397522 0.0502185 0.0600966 0.0681195 0.0733494 0.0754841 0.0748022 0.0718783 0.0673278 0.0616889 0.0553942 0.0487725 0.0420637 0.0354493 0.0290877 0.0231342 0.0177405 0.0130385 0.00912009 0.0060227 0.0037219
 0.00865451 0.0140507 0.0211253 0.0297893 0.0397146 0.050185 0.060068 0.0680933 0.0733194 0.0754418 0.0747391 0.0717896 0.0672157 0.0615647 0.055279 0.0486945 0.042051 0.035519 0.0292343 0.0233272 0.017935 0.0131944 0.009218 0.00606667 0.0037301
 0.00865135 0.0140433 0.0211103 0.0297626 0.0396735 0.0501301 0.0600051 0.0680317 0.0732686 0.0754071 0.0747184 0.0717748 0.0671963 0.0615335 0.0552365 0.0486507 0.0420236 0.0355267 0.0292879 0.0234225 0.0180527 0.0133082 0.00930663 0.0061218 0.00375599
 0.00864561 0.0140375 0.0211078 0.0297679 0.0396903 0.0501581 0.0600387 0.0680615 0.0732851 0.0754053 0.0746992 0.0717429 0.0671564 0.0614877 0.0551853 0.0485959 0.0419715 0.0354882 0.029274 0.0234388 0.018095 0.0133638 0.00936032 0.00616258 0.00378051
 0.00864653 0.0140363 0.0211014 0.0297526 0.0396636 0.0501215 0.0599984 0.068027 0.0732647 0.0754017 0.0747091 0.0717585 0.0671704 0.0614957 0.0551858 0.0485899 0.0419616 0.0354791 0.0292721 0.0234495 0.0181198 0.0133988 0.00939784 0.0061949 0.00380332
 0.00863312 0.0140189 0.0210829 0.0297379 0.0396574 0.0501252 0.0600091 0.0680383 0.0732707 0.0754005 0.0747032 0.0717525 0.0671673 0.0614952 0.0551855 0.048587 0.0419554 0.0354711 0.0292659 0.0234489 0.0181275 0.0134144 0.00941791 0.00621476 0.00381925
 0.00860638 0.0139767 0.0210222 0.0296578 0.0395603 0.0500185 0.0599048 0.0679513 0.0732141 0.0753809 0.0747186 0.0717952 0.0672278 0.0615652 0.0552586 0.0486583 0.0420208 0.0355281 0.0293141 0.0234898 0.0181632 0.0134463 0.00944604 0.00623814 0.00383685
 0.00860964 0.0139793 0.0210211 0.0296484 0.0395376 0.049979 0.0598488 0.0678834 0.0731433 0.0753179 0.0746737 0.0717746 0.0672324 0.0615909 0.0552986 0.0487053 0.0420691 0.0355735 0.0293543 0.0235242 0.0181924 0.0134711 0.00946694 0.00625511 0.00384968
 0.00860964 0.0139793 0.0210211 0.0296484 0.0395376 0.049979 0.0598488 0.0678834 0.0731433 0.0753179 0.0746737 0.0717746 0.0672324 0.0615909 0.0552986 0.0487053 0.0420691 0.0355735 0.0293543 0.0235242 0.0181924 0.0134711 0.00946694 0.00625511 0.00384968
 0.00867823 0.014089 0.021182 0.0298667 0.0398117 0.050295 0.0601775 0.0681835 0.0733704 0.0754388 0.0746751 0.071666 0.0670395 0.0613467 0.0550344 0.048446 0.0418306 0.0353649 0.0291792 0.0233832 0.0180838 0.0133921 0.00941335 0.00622161 0.00383064
#pred catch len freq
 0.00473013 0.00750402 0.010982 0.015088 0.0197659 0.0249509 0.0304949 0.0361374 0.0415582 0.046456 0.0505978 0.05384 0.0561382 0.057542 0.0581664 0.058156 0.0576557 0.0567839 0.0555792 0.0539193 0.0514653 0.0477294 0.0423193 0.0352622 0.0271778
 0.00510315 0.00804196 0.0116696 0.0158809 0.0206206 0.0258631 0.0315154 0.0373452 0.042997 0.0480744 0.0522343 0.0552677 0.0571466 0.0580101 0.0580929 0.057636 0.0568235 0.0557474 0.054378 0.0525281 0.0498433 0.045888 0.0403642 0.0333762 0.0255525
 0.00550664 0.00866088 0.0125292 0.0169728 0.0218988 0.0272467 0.0329008 0.0386334 0.0441328 0.0490702 0.0531502 0.05615 0.0579661 0.0586508 0.0584023 0.0575013 0.0562184 0.0547242 0.0530209 0.0509097 0.0480172 0.0439194 0.0383635 0.0314987 0.0239552
 0.00583315 0.00918496 0.0133056 0.0180483 0.0233031 0.0289765 0.0348994 0.0407785 0.0462478 0.0509624 0.0546642 0.0572097 0.0585802 0.0588733 0.0582751 0.0570204 0.0553464 0.0534325 0.0513235 0.0488695 0.0457357 0.0415287 0.0360226 0.0293782 0.0222002
 0.00615508 0.00969264 0.014043 0.0190524 0.0246061 0.0306034 0.0368565 0.0430327 0.0487057 0.053461 0.0569855 0.059122 0.0598955 0.0594945 0.0582048 0.0563274 0.0541147 0.0517288 0.0492006 0.0463943 0.0430165 0.0387247 0.0333288 0.0269894 0.0202642
 0.00651778 0.0102535 0.0148352 0.0200925 0.0258984 0.0321459 0.0386403 0.0450356 0.0508823 0.0557333 0.0592344 0.0611855 0.0615825 0.0606187 0.0586281 0.0559915 0.0530444 0.0500073 0.0469398 0.0437219 0.0400849 0.0357216 0.0304695 0.0244807 0.0182543
 0.00689424 0.0108381 0.0156646 0.0211846 0.0272533 0.0337467 0.0404513 0.0469994 0.0529235 0.0577675 0.0611745 0.0629413 0.0630535 0.0616893 0.0591748 0.0559051 0.0522588 0.0485209 0.0448212 0.0411024 0.0371477 0.0326902 0.027585 0.0219618 0.01625
 0.00724203 0.0113857 0.016456 0.0222509 0.0286094 0.0353866 0.0423386 0.0490609 0.0550528 0.0598397 0.063066 0.0645465 0.064292 0.0625019 0.0595116 0.0557148 0.0514912 0.0471449 0.0428523 0.0386251 0.0343231 0.0297427 0.0247667 0.0195008 0.0142979
 0.00756617 0.0118933 0.0171856 0.0232292 0.0298522 0.0368975 0.0441014 0.0510282 0.057139 0.0619232 0.0650033 0.066194 0.0655302 0.0632515 0.0597348 0.055402 0.0506432 0.0457673 0.0409664 0.0362941 0.0316754 0.026974 0.0221118 0.0171791 0.0124573
 0.00778052 0.0122399 0.0177044 0.0239578 0.0308212 0.0381221 0.0455706 0.0526987 0.0589362 0.0637499 0.0667482 0.06774 0.0667639 0.0640762 0.0600821 0.0552372 0.049962 0.0445872 0.0393249 0.0342585 0.0293596 0.0245461 0.0197753 0.0151291 0.0108283
 0.00805376 0.0126671 0.0183167 0.0247761 0.031857 0.0393766 0.047029 0.054321 0.060652 0.0654608 0.0683392 0.0690957 0.067785 0.0646898 0.0602442 0.0549303 0.0491902 0.0433736 0.0377129 0.0323187 0.0272004 0.0223168 0.0176518 0.0132779 0.00936342
 0.00836245 0.0131403 0.0189766 0.0256271 0.0328897 0.0405736 0.0483653 0.0557595 0.0621381 0.0669213 0.0696864 0.0702361 0.0686309 0.0651716 0.0603186 0.054582 0.0484281 0.0422257 0.0362255 0.030561 0.0252718 0.0203486 0.015794 0.0116692 0.00809645
 0.00845708 0.0132974 0.0192192 0.0259798 0.0333746 0.0412044 0.049141 0.056661 0.063131 0.0679609 0.0707209 0.0712071 0.0694731 0.0658158 0.0606999 0.0546488 0.0481501 0.0415989 0.0352738 0.0293386 0.0238643 0.0188704 0.0143742 0.0104266 0.00711111
 0.00848969 0.0133535 0.0193102 0.0261202 0.0335819 0.0414968 0.0495333 0.0571601 0.0637314 0.0686422 0.0714493 0.0719386 0.0701588 0.0664051 0.0611414 0.0548924 0.0481522 0.0413304 0.0347298 0.0285459 0.0228848 0.0177967 0.0133152 0.00948416 0.00635594
 0.00862753 0.0135587 0.0195846 0.026455 0.0339627 0.041911 0.0499747 0.0576269 0.0642202 0.069142 0.0719392 0.0723905 0.0705423 0.0666926 0.0613098 0.0549217 0.0480233 0.0410265 0.0342428 0.0278863 0.0220902 0.0169324 0.012464 0.00872652 0.00574856
 0.00873551 0.0137119 0.019774 0.0266581 0.0341505 0.0420595 0.0500742 0.0576865 0.0642648 0.0692053 0.0720526 0.0725728 0.0707917 0.066985 0.0616045 0.0551708 0.0481808 0.0410547 0.0341174 0.0276025 0.0216675 0.0164163 0.0119182 0.00821754 0.00532747
 0.00879458 0.0138025 0.0198991 0.0268148 0.0343279 0.0422378 0.0502265 0.0577846 0.0642904 0.0691612 0.0719666 0.0724897 0.0707572 0.0670278 0.0617259 0.0553441 0.0483602 0.0411883 0.0341607 0.0275286 0.021475 0.0161296 0.0115822 0.00788422 0.00504032
 0.00881036 0.0138315 0.0199491 0.026895 0.0344467 0.0423984 0.0504226 0.0579977 0.0644911 0.0693158 0.0720482 0.0724893 0.0706897 0.0669281 0.0616345 0.05529 0.0483484 0.0411992 0.0341595 0.0274811 0.0213611 0.0159516 0.0113631 0.0076582 0.00483982
 0.00894261 0.01402 0.0201841 0.027152 0.0346948 0.0426135 0.0505961 0.0581356 0.0646044 0.0694089 0.0721127 0.0725077 0.0706453 0.066817 0.0614709 0.055102 0.0481661 0.0410408 0.0340251 0.0273558 0.0212267 0.0157982 0.0111951 0.00749146 0.00469315
 0.00901223 0.0141277 0.0203354 0.0273461 0.0349233 0.0428588 0.0508324 0.0583341 0.0647428 0.0694795 0.0721241 0.0724764 0.070585 0.0667319 0.0613593 0.0549643 0.0480099 0.0408799 0.0338715 0.0272141 0.0210937 0.0156685 0.0110676 0.00737164 0.00458976
 0.00894529 0.0140331 0.0202193 0.0272237 0.0348143 0.0427808 0.0507953 0.0583376 0.0647782 0.0695345 0.0721881 0.0725448 0.0706592 0.0668152 0.0614513 0.0550582 0.0480951 0.0409467 0.0339151 0.0272339 0.021091 0.0156457 0.0110288 0.00732368 0.00454121
 0.00893176 0.0140183 0.0202106 0.0272333 0.0348573 0.0428708 0.0509393 0.0585322 0.0650069 0.0697689 0.072393 0.0726871 0.0707183 0.0667893 0.0613561 0.0549189 0.0479368 0.0407877 0.0337656 0.0270982 0.0209703 0.0155402 0.0109383 0.00724869 0.00448231
 0.00894644 0.0140354 0.0202243 0.0272353 0.0348411 0.0428371 0.0508999 0.058508 0.0650209 0.0698359 0.0725117 0.072839 0.0708729 0.0669146 0.061429 0.0549317 0.0478969 0.0407117 0.0336717 0.0270008 0.0208783 0.0154582 0.0108685 0.00719188 0.0044387
 0.0088693 0.0139274 0.0200936 0.0270997 0.0347214 0.0427488 0.0508473 0.058486 0.0650228 0.069861 0.0725672 0.0729334 0.0710071 0.0670761 0.0615942 0.0550744 0.0479978 0.0407642 0.0336813 0.0269799 0.0208406 0.0154146 0.0108264 0.0071555 0.00441001
 0.008789 0.0137928 0.0198852 0.0268003 0.0343249 0.0422705 0.0503301 0.0579957 0.0646304 0.0696204 0.0725019 0.0730372 0.0712542 0.0674309 0.0620164 0.0555212 0.048428 0.0411442 0.0339905 0.0272124 0.0210027 0.0155192 0.0108883 0.00718842 0.00442499
 0.00868643 0.0136413 0.0196838 0.0265548 0.0340411 0.0419476 0.0499608 0.0575757 0.0641744 0.069173 0.0721318 0.0728157 0.0712284 0.0676078 0.0623645 0.0559845 0.048943 0.041653 0.0344485 0.0275925 0.0212946 0.0157272 0.0110257 0.00727217 0.00447182
 0.00851659 0.0133953 0.01937 0.0262007 0.0336867 0.0416325 0.0497116 0.0573993 0.0640583 0.069092 0.0720619 0.0727496 0.0711839 0.067621 0.0624709 0.0561993 0.0492526 0.0420204 0.0348274 0.027941 0.0215849 0.0159476 0.0111789 0.00736955 0.00452834
 0.0083027 0.0130659 0.0189095 0.0256102 0.0329868 0.0408653 0.0489414 0.0567069 0.063524 0.0687739 0.0719784 0.0728788 0.0714779 0.0680281 0.0629518 0.0567314 0.0498211 0.0426065 0.0354028 0.0284712 0.0220389 0.0163068 0.0114403 0.00754412 0.00463494
 0.00806092 0.0127009 0.018412 0.0249889 0.0322643 0.0400718 0.0481137 0.0558922 0.0627846 0.0681837 0.0716098 0.072782 0.0716638 0.0684643 0.0635741 0.0574654 0.050601 0.0433825 0.036138 0.0291357 0.0226078 0.0167634 0.0117804 0.00777737 0.00478132
 0.00782762 0.0123379 0.0178964 0.0243117 0.0314327 0.039112 0.0470743 0.054844 0.0618127 0.0673744 0.0710384 0.0725047 0.0717117 0.0688366 0.0642341 0.0583435 0.0516079 0.0444274 0.0371433 0.0300435 0.0233803 0.0173814 0.0122421 0.00809696 0.00498458
 0.00788818 0.0123988 0.0179182 0.0242327 0.0311829 0.0386371 0.0463582 0.0539204 0.0607607 0.0663032 0.0700674 0.0717437 0.0712439 0.0687072 0.0644458 0.058859 0.0523575 0.0453208 0.0380848 0.0309473 0.0241809 0.0180389 0.0127426 0.0084486 0.00521133
 0.00871493 0.013581 0.0193951 0.0258387 0.0326861 0.0398052 0.0470176 0.0539836 0.060227 0.065249 0.0686326 0.0701108 0.0696074 0.0672404 0.063275 0.0580505 0.0519177 0.0452061 0.0382178 0.0312357 0.0245359 0.0183891 0.0130416 0.00867542 0.0053657
 0.00952978 0.0148385 0.0211558 0.028096 0.0353481 0.0426806 0.0498122 0.0563321 0.061774 0.0657513 0.0680325 0.0685419 0.0673412 0.0646073 0.0605927 0.055575 0.0498185 0.0435623 0.0370302 0.0304489 0.0240637 0.0181383 0.0129291 0.00863796 0.00536186
 0.00944788 0.0148131 0.0213176 0.0286359 0.0364699 0.0445218 0.0523636 0.0593968 0.0649839 0.0686389 0.0701374 0.0695261 0.0670783 0.0632087 0.0583604 0.0529022 0.0470853 0.0410622 0.0349396 0.0288328 0.0229026 0.0173614 0.012445 0.0083575 0.0052112
 0.00907871 0.0142643 0.0205958 0.027803 0.0356559 0.0439258 0.0522348 0.0599778 0.0664175 0.0708725 0.0728831 0.0723155 0.0693972 0.0646551 0.0587555 0.0523175 0.0457841 0.039393 0.0332298 0.0273179 0.0217037 0.0165006 0.01188 0.00801744 0.00502335
 0.00883927 0.0138782 0.020022 0.0270104 0.0346364 0.0427165 0.0509428 0.0587936 0.0655979 0.0706839 0.0735123 0.0737785 0.0714913 0.066993 0.0608821 0.0538603 0.0465662 0.0394585 0.0327832 0.0266209 0.0209823 0.0158959 0.0114447 0.00774175 0.004868
 0.00872948 0.0136961 0.0197394 0.0265948 0.0340528 0.0419348 0.0499531 0.0576276 0.0643502 0.0695226 0.0726637 0.0734748 0.0718901 0.0680976 0.0625098 0.0556861 0.0482321 0.0406975 0.0334943 0.026866 0.0209194 0.0156953 0.0112311 0.00757692 0.00476452
 0.00879418 0.0137795 0.0198236 0.0266459 0.0340256 0.0417812 0.0496316 0.0571114 0.0636369 0.0686463 0.0717092 0.0725828 0.0712395 0.0678588 0.0627786 0.0564302 0.0492852 0.0418152 0.0344471 0.0275191 0.0212589 0.0157968 0.0112011 0.00750364 0.00469776
 0.00880206 0.0137989 0.0198637 0.0267157 0.034127 0.0418998 0.049731 0.0571366 0.0635282 0.0683603 0.071237 0.0719624 0.0705584 0.067244 0.0623688 0.0563313 0.0495253 0.0423239 0.0350794 0.0281155 0.0217074 0.0160628 0.0113152 0.00752502 0.0046803
