SBPRF35
9.8545
Curr Bio
622658
B35
771567
F35
0.191479
FOFL
0.152679
OFL
76734.7
Bzero
2.81557e+006
#pred survey bio
 3.86989e+006 3.73488e+006 3.59986e+006 3.41836e+006 3.15859e+006 2.89601e+006 2.63497e+006 2.35921e+006 2.08972e+006 1.86951e+006 1.66734e+006 1.50333e+006 1.347e+006 1.20969e+006 1.07074e+006 960711 859860 762116 712581 687070 669596 642561 626286 601574 587617 582492 581906 582843 574551 578317 571164 566489 569293 566007 557055 548807 532448 531780 531625 531249 544491 550612 555966 558765 562736 569825 579718 595757 604930 618529 629341 629156 2.20258e+007 1.35468e+007 1.41021e+007 1.50438e+007 1.61887e+007 1.73502e+007 1.84082e+007 1.93067e+007 2.00343e+007 2.06043e+007 2.10408e+007 2.13701e+007 2.16162e+007 2.17991e+007 2.19348e+007 2.20356e+007 2.21106e+007 2.21666e+007 2.22086e+007 2.22404e+007 2.22645e+007 2.22828e+007 2.22969e+007 2.23077e+007 2.23161e+007 2.23226e+007 2.23277e+007 2.23316e+007 2.23347e+007 2.23371e+007 2.2339e+007 2.23406e+007 2.23417e+007 2.23427e+007 2.23434e+007 2.2344e+007 2.23445e+007 2.23449e+007 2.23452e+007 2.23454e+007 2.23456e+007 2.23457e+007 2.23459e+007 2.23459e+007 2.2346e+007 2.23461e+007 2.23461e+007 2.23462e+007 2.23462e+007 2.23462e+007 2.23462e+007 2.23463e+007 2.23463e+007 2.23463e+007 2.23463e+007 2.23463e+007 2.23463e+007 2.23463e+007 2.23463e+007 2.23463e+007 2.23463e+007 2.23463e+007 2.23463e+007 2.23463e+007 2.23463e+007 2.23463e+007 2.23463e+007 2.23463e+007 2.23463e+007 2.23463e+007 2.23463e+007 2.23463e+007 2.23463e+007 2.23463e+007 2.23463e+007 2.23463e+007 2.23463e+007 2.23463e+007 2.23463e+007 2.23463e+007 2.23463e+007 2.23463e+007 2.23463e+007 2.23463e+007 2.23463e+007 2.23463e+007 2.23463e+007 2.23463e+007 2.23463e+007 2.23463e+007 2.23463e+007 2.23463e+007 2.23463e+007 2.23463e+007 2.23463e+007 2.23463e+007 2.23463e+007 2.23463e+007 2.23463e+007 2.23463e+007 0 0 0 0 0 0 0 0 0 0 0 0 0 0 0 0 0 0 0 0 0 0 0 0 0
#obs survey bio
 3.54067e+006 3.19633e+006 2.92023e+006 3.41584e+006 3.75301e+006 3.42851e+006 2.0758e+006 2.21269e+006 1.7705e+006 1.36653e+006 1.60864e+006 1.234e+006 1.15054e+006 1.17203e+006 853276 1.02728e+006 872326 415624 624250 698997 645951 699895 524332 528362 503144 578633 672417 629513 477129 680872 673517 402144 504567 488502 686314 1.03192e+006 557825 614152 451858 407940 643141 514260 481212 491656 627067 555949 480680 687312 401032 584299 889600 491496
#pred catch bio
 94716 92939.9 140491 223567 242815 260241 292961 305965 278637 277299 255399 257438 245754 248472 222308 211821 204696 159972 138024 129579 134947 122718 126522 114303 105207 100673 98755.5 105453 94596.1 103038 99450.1 91927.6 95206.3 96407.4 91301.4 95568.7 83883.2 87354.5 90487.8 81301.2 88812.3 90060.2 92876.8 92743.1 91259.6 90389.1 86969.7 94302.5 92212.1 96447.2 106710 105884 76734.7 96650.9 99513 105120 112659 120448 127480 133333 137943 141433 143998 145839 147138 148043 148665 149090 149378 149572 149702 149789 149847 149885 149911 149928 149939 149946 149951 149954 149956 149958 149959 149959 149960 149960 149960 149960 149960 149960 149960 149960 149960 149960 149960 149960 149960 149960 149960 149960 149960 149960 149960 149960 149960 149960 149960 149960 149960 149960 149960 149960 149960 149960 149960 149960 149960 149960 149960 149960 149960 149960 149960 149960 149960 149960 149960 149960 149960 149960 149960 149960 149960 149960 149960 149960 149960 149960 149960 149960 149960 149960 149960 149960 149960 149960 149960 149960 149960 149960 149960 149960 0 0 0 0 0 0 0 0 0 0 0 0 0 0 0 0 0 0 0 0 0 0 0 0 0
#obs catch bio
 0 92792.3 140918 226015 244910 263128 296938 310555 282447 282239 259923 262604 250943 253281 225632 214405 206680 162059 140189 131270 136410 123830 127962 115206 105828 101361 99298.4 106090 95026.1 104131 99944.9 92810.7 96074.2 97465.2 91658.4 94900.6 83394.5 86650.2 90082.4 81006 88579.3 89515.8 92456.8 92476.1 91047.6 90145.5 86930 93882.6 92047.2 96090.2 106267 105872
#pred cpue bio
 3.81282e+006 3.68069e+006 3.54727e+006 3.36609e+006 3.10734e+006 2.84587e+006 2.58602e+006 2.31177e+006 2.04384e+006 1.82469e+006 1.6236e+006 1.46053e+006 1.30554e+006 1.16988e+006 1.03311e+006 924866 826007 730410 681857 657069 640423 614444 598928 575243 561917 557018 556522 557648 549723 553419 546649 542329 545379 542743 534906 527783 511523 509446 508243 507569 520490 526625 531877 534449 538120 544882 554364 569933 578809 591841 602169 601899 2.1084e+007 1.29807e+007 1.34304e+007 1.42627e+007 1.53718e+007 1.65254e+007 1.75819e+007 1.84802e+007 1.92077e+007 1.97777e+007 2.02142e+007 2.05435e+007 2.07896e+007 2.09725e+007 2.11082e+007 2.1209e+007 2.1284e+007 2.134e+007 2.13821e+007 2.14138e+007 2.14379e+007 2.14562e+007 2.14703e+007 2.14811e+007 2.14895e+007 2.1496e+007 2.15011e+007 2.1505e+007 2.15081e+007 2.15106e+007 2.15125e+007 2.1514e+007 2.15152e+007 2.15161e+007 2.15169e+007 2.15174e+007 2.15179e+007 2.15183e+007 2.15186e+007 2.15188e+007 2.1519e+007 2.15192e+007 2.15193e+007 2.15194e+007 2.15194e+007 2.15195e+007 2.15195e+007 2.15196e+007 2.15196e+007 2.15196e+007 2.15197e+007 2.15197e+007 2.15197e+007 2.15197e+007 2.15197e+007 2.15197e+007 2.15197e+007 2.15197e+007 2.15197e+007 2.15197e+007 2.15197e+007 2.15197e+007 2.15197e+007 2.15197e+007 2.15197e+007 2.15197e+007 2.15197e+007 2.15197e+007 2.15197e+007 2.15197e+007 2.15197e+007 2.15197e+007 2.15197e+007 2.15197e+007 2.15197e+007 2.15197e+007 2.15197e+007 2.15197e+007 2.15197e+007 2.15197e+007 2.15197e+007 2.15197e+007 2.15197e+007 2.15197e+007 2.15197e+007 2.15197e+007 2.15197e+007 2.15197e+007 2.15197e+007 2.15197e+007 2.15197e+007 2.15197e+007 2.15197e+007 2.15197e+007 2.15197e+007 2.15197e+007 2.15197e+007 2.15197e+007 2.15197e+007 2.15197e+007 0 0 0 0 0 0 0 0 0 0 0 0 0 0 0 0 0 0 0 0 0 0 0 0 0
#obs cpue bio
 3.07164e+006 1.72227e+006 3.10529e+006 1.9523e+006 2.72985e+006 1.66221e+006 3.18083e+006 2.28146e+006 1.92658e+006 1.75901e+006 1.218e+006 1.44432e+006 1.08249e+006 1.29813e+006 1.20746e+006 886174 906775 737805 485534 592083 762181 460121 622210 633950 642816 466279 462055 539510 526737 334457 593710 415049 623588 499930 604112 782325 423953 633119 524900 551800 496057 751800 598556 560923 479134 614535 516780 826471 659881 770130 506937 560897
#pred surv len freq
 0.0049652 0.00807091 0.0121637 0.0172275 0.0231383 0.0295831 0.0360333 0.0418756 0.0466448 0.0501808 0.0526026 0.0541668 0.0551365 0.0557117 0.0560034 0.0560304 0.0557346 0.0550047 0.0536878 0.0515766 0.0484046 0.0439078 0.0379854 0.0308875 0.0232763
 0.00527851 0.00846426 0.0125465 0.0174573 0.0230765 0.0291731 0.0353511 0.0411096 0.0460059 0.0497959 0.052459 0.0541368 0.0550592 0.0554823 0.0556254 0.0556142 0.0554475 0.0549959 0.054018 0.0521869 0.0491404 0.0445881 0.0384786 0.0311532 0.0233558
 0.00547277 0.00880876 0.0131091 0.0182953 0.0241958 0.0304811 0.036642 0.0421147 0.0465048 0.0497231 0.0519273 0.0533576 0.0542183 0.0546613 0.0548145 0.0547862 0.0546258 0.0542663 0.0534827 0.0518985 0.0490663 0.0446284 0.0385223 0.0311326 0.0232645
 0.00561759 0.0090485 0.0134809 0.0188441 0.0249722 0.0315299 0.0379754 0.0436758 0.0481409 0.0511972 0.0529832 0.0538151 0.0540433 0.0539604 0.0537629 0.0535468 0.0533156 0.052972 0.0522848 0.0508688 0.0482427 0.0439984 0.0380379 0.030743 0.0229422
 0.00584932 0.00941692 0.0140205 0.0195829 0.0259298 0.0327136 0.0393748 0.0452578 0.0498451 0.0529273 0.0545967 0.055126 0.0548552 0.0541283 0.053249 0.0524331 0.0517665 0.0511775 0.0504189 0.0490725 0.0466185 0.0426075 0.0369014 0.0298535 0.0222773
 0.00607675 0.00978428 0.0145689 0.020349 0.0269389 0.0339699 0.0408512 0.046894 0.0515583 0.0546285 0.0561987 0.0565362 0.0559621 0.0547996 0.0533558 0.0518955 0.0505939 0.0494779 0.048372 0.0468849 0.0444818 0.0406721 0.0352649 0.0285602 0.0213247
 0.00631369 0.0101643 0.0151315 0.0211288 0.0279605 0.03524 0.0423481 0.0485623 0.0533138 0.0563721 0.0578315 0.0579686 0.0571128 0.0555873 0.0536918 0.0516902 0.0497837 0.0480618 0.0464376 0.0446034 0.0420744 0.0383618 0.0332333 0.0269188 0.0201078
 0.00660636 0.0106314 0.0158185 0.022072 0.0291815 0.0367355 0.0440792 0.0504516 0.0552545 0.0582477 0.0595337 0.0594071 0.0582163 0.056298 0.0539573 0.0514565 0.048999 0.0466972 0.0445196 0.0422412 0.0394611 0.0357411 0.0308432 0.0249362 0.0186142
 0.00697347 0.0112102 0.0166562 0.0232007 0.0306135 0.0384557 0.0460363 0.0525533 0.0573782 0.0602603 0.0613129 0.0608549 0.0592622 0.0568961 0.0540777 0.0510751 0.0480916 0.0452465 0.0425381 0.0398032 0.0367234 0.0329334 0.028221 0.0227141 0.0169119
 0.00728354 0.0117078 0.0173924 0.0242184 0.0319381 0.040083 0.047919 0.0545983 0.0594596 0.0622439 0.0630781 0.0623049 0.0603254 0.0575227 0.0542347 0.0507407 0.0472502 0.0438901 0.0406798 0.0375025 0.0341109 0.0302131 0.0256364 0.0204867 0.01518
 0.00757428 0.0121766 0.0180912 0.0251927 0.0332194 0.0416753 0.0497838 0.0566484 0.0615688 0.0642692 0.0648833 0.0637776 0.0613844 0.058118 0.054342 0.0503519 0.0463654 0.0425157 0.0388379 0.0352514 0.0315681 0.0275624 0.0231037 0.0182858 0.0134528
 0.007791 0.0125281 0.018619 0.0259363 0.0342101 0.0429265 0.0512791 0.0583347 0.06336 0.0660581 0.0665554 0.0652231 0.0625075 0.0588442 0.0546217 0.050159 0.0456926 0.0413705 0.0372466 0.0332723 0.0293091 0.0251881 0.0208171 0.0162825 0.0118676
 0.00793969 0.0127849 0.0190334 0.0265634 0.0350988 0.0440999 0.0527168 0.0599675 0.0650828 0.0677525 0.0681105 0.0665449 0.0635215 0.0594937 0.0548663 0.0499739 0.0450677 0.0403113 0.0357789 0.0314529 0.0272387 0.0230161 0.0187256 0.0144472 0.0104109
 0.00808992 0.013025 0.0193883 0.0270571 0.0357542 0.0449363 0.0537426 0.0611707 0.0664221 0.0691559 0.0694818 0.0677793 0.0645226 0.0601868 0.0552024 0.0499257 0.0446242 0.0394754 0.0345719 0.0299244 0.025478 0.0211551 0.0169242 0.0128598 0.00914608
 0.00836014 0.0134494 0.0199987 0.0278716 0.0367729 0.0461363 0.0550731 0.0625559 0.067774 0.0703929 0.0705407 0.0686152 0.065102 0.0604822 0.0551917 0.0495953 0.0439703 0.0385058 0.033309 0.0284135 0.0237967 0.0194168 0.0152655 0.0114116 0.00799859
 0.00847474 0.0136522 0.0203338 0.0283887 0.0375143 0.0471165 0.0562617 0.0638736 0.0691097 0.0716315 0.0715881 0.069411 0.0656185 0.0607144 0.0551456 0.0492788 0.04339 0.0376699 0.0322348 0.027137 0.0223821 0.0179582 0.0138762 0.0101998 0.0070389
 0.00865858 0.0139362 0.0207349 0.0289163 0.0381731 0.0479094 0.0571861 0.0649126 0.0702207 0.072742 0.0726033 0.0702332 0.0661702 0.060955 0.0550726 0.0489163 0.042773 0.0368333 0.0312119 0.0259675 0.0211217 0.0166838 0.0126787 0.00916499 0.00622461
 0.00901534 0.0144833 0.021496 0.029889 0.0393281 0.0491923 0.05852 0.0662046 0.0713778 0.0736896 0.0732957 0.0706494 0.0663031 0.0608041 0.0546459 0.048235 0.0418727 0.0357592 0.0300128 0.0246941 0.0198303 0.0154395 0.0115516 0.00821716 0.00549339
 0.00904737 0.0145505 0.0216247 0.0301122 0.0396765 0.0496805 0.0591352 0.0669057 0.0721065 0.0743875 0.0739172 0.071165 0.0666938 0.0610531 0.0547343 0.0481442 0.0415915 0.035291 0.0293794 0.0239344 0.0189978 0.0145972 0.010765 0.00754283 0.00496662
 0.0089853 0.014448 0.0214695 0.0298972 0.039408 0.0493871 0.0588721 0.066745 0.0721156 0.074603 0.0743306 0.0717274 0.0673337 0.0616959 0.0553134 0.0486051 0.041893 0.0354076 0.0293052 0.0236868 0.0186162 0.0141377 0.0102906 0.00711046 0.00461547
 0.0089526 0.0143894 0.0213712 0.0297429 0.0391828 0.0490848 0.0585037 0.066345 0.0717415 0.0743266 0.0742207 0.0718286 0.0676501 0.0621874 0.0559073 0.0492152 0.0424384 0.0358258 0.0295588 0.0237662 0.0185395 0.0139458 0.0100375 0.00684978 0.00438845
 0.00897622 0.0144328 0.0214444 0.0298555 0.0393376 0.0492705 0.0586902 0.0664881 0.0717981 0.0742736 0.0740693 0.0716239 0.0674566 0.0620651 0.05589 0.0492993 0.042587 0.0359837 0.0296719 0.0237972 0.0184765 0.013803 0.00984704 0.00665032 0.00421232
 0.00891717 0.0143411 0.0213154 0.02969 0.039144 0.0490666 0.0585016 0.066343 0.0717161 0.0742569 0.0741019 0.0716821 0.0675249 0.0621457 0.0559999 0.049456 0.0427932 0.0362195 0.0299002 0.0239778 0.0185818 0.0138268 0.00980478 0.00657013 0.00412337
 0.00901671 0.0144839 0.0214948 0.0298872 0.0393329 0.0492214 0.058605 0.0663888 0.0717085 0.074207 0.0740223 0.0715824 0.0674097 0.0620185 0.0558683 0.0493351 0.0427006 0.0361663 0.0298828 0.0239787 0.0185778 0.013801 0.0097537 0.00650258 0.0040539
 0.00914259 0.0146644 0.0217211 0.0301344 0.0395651 0.0494019 0.0587047 0.0663928 0.0716186 0.0740414 0.073812 0.0713636 0.067213 0.0618617 0.055755 0.0492602 0.0426575 0.0361499 0.0298882 0.0239976 0.0185979 0.0138103 0.00974554 0.00647872 0.00402202
 0.00914667 0.0146791 0.0217573 0.0302043 0.0396759 0.0495472 0.0588598 0.0665187 0.0716761 0.074008 0.0736916 0.0711845 0.0670161 0.0616855 0.0556252 0.0491859 0.0426338 0.0361648 0.0299274 0.0240476 0.0186469 0.0138487 0.00976783 0.00648476 0.00401626
 0.00906196 0.014553 0.0215899 0.0300053 0.0394643 0.0493487 0.0587024 0.066426 0.071659 0.0740581 0.0737837 0.0712866 0.067105 0.0617547 0.0556841 0.0492501 0.0427153 0.0362661 0.0300421 0.0241643 0.0187535 0.0139357 0.00983058 0.00652355 0.00403572
 0.00904722 0.0145165 0.0215126 0.0298639 0.0392398 0.0490386 0.0583309 0.0660429 0.0713268 0.0738318 0.0736933 0.0713309 0.0672555 0.0619702 0.0559253 0.0494907 0.0429437 0.0364801 0.0302417 0.0243466 0.0189127 0.0140657 0.00992794 0.00658936 0.00407521
 0.0091456 0.0146662 0.0217174 0.0301171 0.0395215 0.0493154 0.058558 0.0661735 0.0713273 0.0736977 0.0734541 0.0710394 0.0669676 0.0617256 0.0557398 0.049361 0.0428577 0.0364264 0.030213 0.0243381 0.0189196 0.0140816 0.0099461 0.00660484 0.00408569
 0.00897131 0.0144194 0.0214137 0.029794 0.0392281 0.0490946 0.0584316 0.0661379 0.0713586 0.0737636 0.0735259 0.0711021 0.0670234 0.0617895 0.0558298 0.0494867 0.0430161 0.0366042 0.0303935 0.0245071 0.0190673 0.0142028 0.0100392 0.00667099 0.00412864
 0.00897668 0.014412 0.0213744 0.0296997 0.0390634 0.0488666 0.0581785 0.0659199 0.0712338 0.0737596 0.0736275 0.071261 0.0671843 0.0619142 0.0559083 0.049532 0.0430505 0.0366456 0.030449 0.0245739 0.0191376 0.0142684 0.010094 0.00671242 0.00415689
 0.00890131 0.0143057 0.0212433 0.0295568 0.0389212 0.0487286 0.0580359 0.0657604 0.0710564 0.0735864 0.0734991 0.0712173 0.0672413 0.0620563 0.056098 0.0497304 0.0432325 0.036804 0.0305872 0.0246969 0.0192468 0.014362 0.0101694 0.00676826 0.00419465
 0.00866446 0.0139489 0.02076 0.0289626 0.0382525 0.0480378 0.0573852 0.0652126 0.0706628 0.0733752 0.0734729 0.0713608 0.0675328 0.0624713 0.0566055 0.0502903 0.0437995 0.0373375 0.0310596 0.0250955 0.0195696 0.0146128 0.0103547 0.00689717 0.00427793
 0.00832623 0.0134431 0.0200815 0.0281374 0.0373328 0.0470917 0.056488 0.0644412 0.0700877 0.073048 0.073415 0.0715601 0.0679505 0.0630548 0.0573004 0.0510458 0.044569 0.0380783 0.0317351 0.0256791 0.0200473 0.0149829 0.0106253 0.00708271 0.00439624
 0.00816667 0.0131692 0.0196451 0.0274912 0.0364492 0.0459876 0.055244 0.0631956 0.0690022 0.0722607 0.0730056 0.0715423 0.0682853 0.0636724 0.0581187 0.0519829 0.0455509 0.0390417 0.0326287 0.0264643 0.0207 0.0154942 0.0110011 0.00734033 0.00455991
 0.008859 0.0141174 0.0207429 0.0285266 0.0371596 0.0461518 0.0547621 0.0621171 0.0675001 0.0705752 0.0713855 0.0701952 0.0673447 0.0631848 0.0580532 0.052257 0.0460599 0.0396817 0.0333099 0.0271165 0.0212743 0.0159628 0.0113555 0.00758806 0.00471934
 0.00966541 0.0153815 0.0225466 0.0308844 0.0399808 0.0492039 0.0576612 0.0643863 0.068705 0.0704816 0.0700479 0.0679257 0.0645875 0.0603722 0.0555073 0.0501562 0.044455 0.0385363 0.0325427 0.0266342 0.0209908 0.0158083 0.0112786 0.00755399 0.00470651
 0.00961618 0.0154029 0.0227661 0.031482 0.0411403 0.0510326 0.0601112 0.0672204 0.0715272 0.0728256 0.0714975 0.0682308 0.0637374 0.0585918 0.0531737 0.0476751 0.0421533 0.0366087 0.0310553 0.0255618 0.0202614 0.0153378 0.0109902 0.00738624 0.00461442
 0.00942935 0.0151245 0.022401 0.0310697 0.0407677 0.0508403 0.0602809 0.067928 0.072864 0.0747195 0.073684 0.0703069 0.0652852 0.0593176 0.0529993 0.0467428 0.0407515 0.0350594 0.0296181 0.0243865 0.0193927 0.0147481 0.0106191 0.0071685 0.00449515
 0.0093491 0.0149909 0.0221953 0.0307756 0.0403803 0.0503798 0.0598077 0.0675505 0.0727273 0.0749691 0.0744087 0.0714799 0.0667353 0.0607602 0.0541255 0.0473309 0.0407422 0.0345595 0.0288358 0.0235416 0.0186466 0.0141786 0.010233 0.0069326 0.00436399
 0.0091693 0.0147124 0.0218018 0.0302614 0.039751 0.0496543 0.059023 0.0667674 0.0720334 0.0744749 0.0742326 0.0717197 0.0674285 0.061846 0.0554361 0.048628 0.0417949 0.0352243 0.0290974 0.0234939 0.0184325 0.0139265 0.0100215 0.00678855 0.00428077
 0.0092008 0.0147418 0.0218058 0.030205 0.039597 0.0493775 0.0586223 0.0662691 0.0714849 0.0739355 0.0737691 0.0714055 0.0673372 0.0620325 0.0559068 0.0493181 0.0425726 0.0359317 0.0296094 0.023762 0.0184887 0.0138513 0.00989887 0.00667557 0.00420105
 0.00926335 0.0148377 0.021938 0.0303682 0.0397745 0.0495381 0.0587221 0.0662601 0.0713313 0.0736312 0.073346 0.070929 0.0668913 0.0617018 0.0557577 0.0493794 0.0428212 0.0362934 0.0299822 0.0240552 0.018656 0.0138988 0.00986777 0.00661363 0.00414209
 0.00930203 0.0149042 0.0220443 0.0305267 0.0399931 0.0498139 0.0590343 0.066568 0.0715796 0.073763 0.0733191 0.0707313 0.0665491 0.0612769 0.0553324 0.0490339 0.0426092 0.0362256 0.0300252 0.0241486 0.0187406 0.0139398 0.00986177 0.00657824 0.00409935
 0.00930639 0.0149134 0.0220625 0.0305603 0.0400505 0.0499044 0.0591656 0.0667416 0.0717861 0.073978 0.0735049 0.0708442 0.0665537 0.0611608 0.0551152 0.0487636 0.042347 0.0360232 0.029907 0.0241062 0.0187432 0.0139535 0.00986474 0.00656583 0.00407813
 0.00933815 0.0149544 0.0221049 0.0305911 0.0400566 0.0498796 0.0591163 0.066687 0.0717517 0.0739856 0.073563 0.0709428 0.0666656 0.0612505 0.055152 0.0487354 0.0422656 0.035919 0.0298138 0.0240459 0.0187184 0.0139517 0.00986999 0.00656747 0.0040737
 0.00927338 0.0148657 0.0220017 0.0304908 0.0399779 0.0498332 0.0590985 0.0666831 0.0717464 0.0739746 0.0735566 0.0709595 0.0667195 0.0613407 0.0552613 0.048838 0.0423398 0.0359574 0.0298243 0.0240443 0.0187184 0.0139584 0.00988066 0.00657697 0.00407893
 0.00923934 0.0147987 0.0218806 0.0302926 0.0396881 0.0494589 0.0586769 0.0662757 0.0714191 0.0737739 0.0734971 0.0710285 0.0668911 0.0615871 0.0555563 0.0491546 0.0426503 0.0362369 0.0300573 0.0242273 0.0188566 0.0140606 0.00995432 0.00662749 0.00411079
 0.00931273 0.0149076 0.0220238 0.0304591 0.0398559 0.0495968 0.0587494 0.0662525 0.0712883 0.0735513 0.0732251 0.0707608 0.0666737 0.0614454 0.0554936 0.049159 0.0427021 0.0363147 0.0301415 0.0243036 0.018918 0.0141061 0.0099862 0.00664881 0.00412418
 0.00927937 0.0148658 0.0219837 0.0304369 0.0398682 0.0496516 0.0588392 0.0663529 0.071365 0.0735726 0.073174 0.0706433 0.0665171 0.0612887 0.0553728 0.0490959 0.0426997 0.036361 0.0302169 0.0243883 0.0189969 0.0141706 0.0100339 0.00668118 0.0041444
 0.00919223 0.0147407 0.0218266 0.0302654 0.0397086 0.0495328 0.0587852 0.0663771 0.0714647 0.0737267 0.0733464 0.0707929 0.0666126 0.0613199 0.0553528 0.0490527 0.0426628 0.0363498 0.0302359 0.0244304 0.0190494 0.0142218 0.0100763 0.00671197 0.00416441
 0.00893619 0.0143811 0.0213905 0.029814 0.0393213 0.0492796 0.0587053 0.0664718 0.0717054 0.0740679 0.073736 0.0711789 0.066949 0.0615732 0.055509 0.0491193 0.0426649 0.0363196 0.0302018 0.0244091 0.0190451 0.0142302 0.0100902 0.00672573 0.00417501
#obs surv len freq
 nan nan nan nan nan nan nan nan nan nan nan nan nan nan nan nan nan nan nan nan nan nan nan nan nan
 0.00448528 0.00734689 0.0111771 0.0159936 0.0216942 0.0279695 0.0342832 0.0400141 0.0446933 0.0481568 0.0505144 0.05201 0.0529021 0.0534143 0.0537285 0.0539833 0.0542618 0.0545545 0.0546932 0.0542851 0.0527232 0.0493554 0.0438053 0.0362855 0.0276693
 0.0046197 0.00756723 0.0115117 0.0164687 0.0223278 0.0287609 0.0352033 0.0410029 0.0456683 0.0490298 0.0512078 0.0524688 0.0530986 0.0533485 0.053423 0.0534759 0.0535963 0.053774 0.0538371 0.0533905 0.0518293 0.0485058 0.0430451 0.0356531 0.027186
 0.00478034 0.00783119 0.0119142 0.0170445 0.0231042 0.0297468 0.0363776 0.0423085 0.0470181 0.05032 0.0523343 0.0533398 0.0536447 0.0535297 0.053232 0.0529358 0.0527534 0.0526887 0.0525763 0.0520253 0.0504354 0.0471644 0.0418368 0.0346444 0.0264137
 0.00498235 0.0081588 0.0124059 0.0177361 0.0240226 0.0309 0.0377439 0.0438311 0.0486108 0.0518802 0.0537562 0.0545232 0.0545015 0.0539898 0.0532506 0.052499 0.0518806 0.0514304 0.0510095 0.0502488 0.0485661 0.0453309 0.0401662 0.0332405 0.0253348
 0.0051837 0.00849348 0.0129231 0.0184857 0.0250447 0.0322089 0.0393118 0.0455843 0.0504417 0.0536701 0.0553933 0.0559109 0.0555577 0.0546443 0.0534457 0.0521948 0.0510631 0.0501196 0.0492664 0.048178 0.0463128 0.0430686 0.0380726 0.0314638 0.023961
 0.00540701 0.00885559 0.013467 0.0192523 0.0260676 0.0335038 0.0408642 0.0473419 0.0523171 0.0555527 0.0571653 0.0574604 0.0567869 0.0554732 0.0538109 0.0520476 0.0503715 0.0488781 0.0475102 0.0459972 0.0438582 0.040541 0.0356903 0.0294159 0.0223641
 0.00564893 0.00925199 0.0140691 0.0201091 0.0272156 0.0349519 0.0425789 0.0492444 0.0542974 0.0574928 0.0589573 0.0590124 0.0580203 0.0563183 0.0542054 0.0519373 0.0497143 0.047652 0.0457298 0.0437341 0.041256 0.0378105 0.0330764 0.0271417 0.0205745
 0.00588758 0.00964428 0.0146676 0.0209658 0.028372 0.0364232 0.0443374 0.0512128 0.0563594 0.0595155 0.0608144 0.0605987 0.059256 0.0571455 0.0545795 0.0518192 0.0490674 0.0464494 0.0439722 0.0414749 0.0386239 0.0350116 0.0303639 0.0247565 0.0186812
 0.00612829 0.0100378 0.0152641 0.0218139 0.0295101 0.0378652 0.0460577 0.0531404 0.0583862 0.0615156 0.0626635 0.0621871 0.0604952 0.0579699 0.0549438 0.0516916 0.0484233 0.0452708 0.04226 0.0392734 0.036047 0.0322516 0.0276673 0.0223662 0.0167701
 0.00637533 0.010443 0.0158805 0.0226927 0.03069 0.0393567 0.0478266 0.055103 0.0604225 0.0634933 0.0644602 0.0637016 0.0616496 0.0587075 0.0552255 0.0514915 0.0477239 0.0440628 0.0405508 0.0371072 0.0335289 0.0295597 0.0250334 0.020024 0.0148899
 0.00661085 0.0108282 0.0164644 0.0235226 0.0318027 0.0407636 0.0494992 0.0569664 0.062365 0.0653871 0.0661821 0.0651473 0.0627399 0.0593881 0.0554631 0.0512672 0.0470276 0.0428922 0.0389184 0.0350575 0.0311602 0.0270348 0.0225644 0.0178258 0.0131213
 0.00682113 0.0111778 0.0170046 0.0243055 0.0328697 0.0421281 0.0511296 0.0587811 0.0642459 0.0672036 0.0678136 0.0664957 0.0637328 0.0599777 0.0556225 0.0509853 0.0463036 0.0417331 0.0373443 0.0331157 0.0289431 0.0246904 0.020283 0.0157997 0.0114925
 0.007032 0.0115194 0.0175168 0.0250255 0.0338262 0.0433311 0.0525585 0.0603782 0.0659206 0.0688461 0.0693116 0.0677487 0.0646615 0.0605287 0.0557671 0.0507145 0.0456215 0.0406535 0.0358937 0.0313436 0.0269371 0.0225837 0.018243 0.0139938 0.0100434
 0.00725906 0.0118924 0.0180848 0.0258342 0.0349066 0.0446826 0.0541337 0.0620817 0.0676267 0.0704277 0.0706635 0.0687958 0.0653569 0.0608468 0.055699 0.0502643 0.0448037 0.0394909 0.03442 0.0296118 0.0250306 0.020622 0.0163717 0.0123551 0.00873832
 0.00744419 0.0121991 0.0185567 0.0265155 0.0358326 0.0458648 0.0555441 0.0636467 0.0692355 0.0719532 0.0719855 0.0698191 0.0660201 0.0611232 0.0555901 0.0497896 0.0439915 0.0383747 0.0330399 0.0280226 0.0233106 0.0188774 0.0147266 0.0109275 0.00760933
 0.007521 0.0123275 0.0187576 0.0268128 0.0362517 0.0464279 0.0562636 0.0645178 0.070232 0.0730254 0.0730623 0.0708148 0.0668468 0.0617044 0.0558725 0.0497472 0.0436243 0.0377027 0.0320994 0.0268668 0.0220134 0.017534 0.013445 0.00980814 0.00672089
 0.00758102 0.0124193 0.0188855 0.0269787 0.0364571 0.0466773 0.0565655 0.0648848 0.0706765 0.0735542 0.0736692 0.0714746 0.067512 0.0623094 0.0563438 0.0500179 0.0436464 0.037455 0.0315901 0.0261325 0.0211171 0.0165606 0.0124901 0.00896019 0.00604114
 0.00767893 0.0125661 0.0190832 0.0272204 0.0367289 0.0469613 0.0568441 0.0651439 0.0709107 0.0737699 0.0738839 0.0717095 0.06778 0.062604 0.0566337 0.0502516 0.0437643 0.0374057 0.0313443 0.0256927 0.0205198 0.0158706 0.0117877 0.00832212 0.00552254
 0.00769549 0.0125963 0.0191343 0.0273002 0.036842 0.0471055 0.0570076 0.0653078 0.0710559 0.0738863 0.0739766 0.0717968 0.0678861 0.0627473 0.0568167 0.0504544 0.0439464 0.0375149 0.0313333 0.0255345 0.0202189 0.015464 0.0113349 0.00788742 0.00515647
 0.00777061 0.0127068 0.0192793 0.0274719 0.0370291 0.047297 0.0571956 0.0654859 0.0712163 0.074018 0.0740675 0.0718401 0.0678862 0.0627204 0.0567846 0.0504335 0.0439372 0.0374992 0.0312793 0.0254116 0.0200123 0.0151841 0.0110153 0.00757264 0.00488577
 0.00780368 0.0127598 0.0193571 0.027577 0.0371599 0.0474454 0.0573467 0.0656213 0.0713203 0.0740838 0.0740989 0.0718468 0.0678778 0.0627038 0.0567645 0.0504145 0.0439218 0.0374832 0.0312495 0.0253488 0.0199011 0.0150226 0.010819 0.00736917 0.00470365
 0.00781961 0.0127834 0.0193885 0.0276155 0.0372043 0.0474953 0.0574023 0.0656822 0.0713837 0.0741442 0.0741494 0.0718825 0.067898 0.0627119 0.0567659 0.0504137 0.0439207 0.0374801 0.0312379 0.0253186 0.0198423 0.0149313 0.0107017 0.00724181 0.00458512
 0.00788811 0.012883 0.0195164 0.0277614 0.0373527 0.0476306 0.0575125 0.0657605 0.0714288 0.0741587 0.074138 0.0718506 0.0678502 0.0626522 0.0566984 0.0503432 0.0438516 0.0374148 0.0311756 0.0252548 0.0197711 0.0148489 0.0106098 0.00714812 0.00449996
 0.00788866 0.0128896 0.0195364 0.0278034 0.0374231 0.0477277 0.0576234 0.065864 0.0715032 0.0741914 0.0741301 0.0718144 0.0678018 0.0626044 0.0566576 0.0503101 0.0438242 0.0373903 0.031151 0.0252268 0.0197361 0.0148048 0.0105576 0.00709244 0.00444755
 0.00790943 0.0129168 0.0195658 0.0278283 0.0374377 0.0477317 0.0576241 0.0658728 0.0715287 0.074233 0.0741771 0.0718521 0.0678196 0.0626007 0.0566384 0.0502841 0.0437983 0.0373671 0.03113 0.0252053 0.0197113 0.0147751 0.0105233 0.00705614 0.00441335
 0.00787937 0.0128706 0.0195009 0.027744 0.0373343 0.047611 0.0574903 0.0657349 0.0714016 0.074136 0.0741288 0.0718631 0.0678874 0.062711 0.0567714 0.0504216 0.0439279 0.0374824 0.0312278 0.0252838 0.0197692 0.0148122 0.0105418 0.00706018 0.00440846
 0.00787528 0.0128563 0.0194656 0.0276738 0.037217 0.0474425 0.0572796 0.0655042 0.07118 0.0739514 0.0740022 0.0718066 0.067905 0.0627984 0.0569157 0.0506033 0.044125 0.0376751 0.0314015 0.0254298 0.019884 0.0148956 0.0105967 0.00709192 0.00442359
 0.00787529 0.0128546 0.0194594 0.0276582 0.0371845 0.0473835 0.0571848 0.0653681 0.0710057 0.073754 0.0738072 0.0716438 0.0678002 0.0627665 0.0569586 0.0507109 0.0442786 0.0378523 0.0315806 0.0255933 0.0200206 0.0150005 0.0106703 0.00713868 0.00445002
 0.0078903 0.0128735 0.0194778 0.0276684 0.0371777 0.0473525 0.057126 0.0652821 0.0708955 0.0736242 0.0736647 0.0714999 0.0676714 0.062672 0.0569151 0.050727 0.0443518 0.0379699 0.0317233 0.0257406 0.0201551 0.0151111 0.0107526 0.0071941 0.00448359
 0.00785466 0.012824 0.0194185 0.0276076 0.0371244 0.0473117 0.0570954 0.065253 0.0708579 0.0735717 0.0735975 0.071424 0.0675963 0.0626091 0.0568762 0.0507226 0.0443885 0.0380469 0.0318319 0.0258659 0.0202803 0.0152218 0.0108402 0.00725637 0.00452335
 0.00782165 0.0127668 0.0193267 0.0274715 0.0369397 0.0470858 0.0568507 0.0650232 0.0706771 0.0734616 0.0735609 0.0714481 0.0676618 0.0626992 0.0569811 0.0508397 0.0445189 0.0381917 0.0319888 0.0260275 0.0204353 0.0153587 0.0109504 0.00733685 0.00457642
 0.00781169 0.0127436 0.0192786 0.0273832 0.036796 0.0468773 0.0565808 0.0647114 0.0703578 0.0731768 0.0733506 0.071339 0.067661 0.0627941 0.0571464 0.0510474 0.0447463 0.0384237 0.0322158 0.0262423 0.0206301 0.0155257 0.0110838 0.0074348 0.00464195
 0.00777092 0.0126816 0.0191929 0.0272731 0.0366611 0.0467162 0.0563908 0.0644914 0.0701126 0.0729216 0.0731115 0.0711491 0.0675514 0.0627842 0.0572379 0.0512247 0.0449824 0.0386893 0.0324857 0.0264977 0.0208582 0.0157178 0.0112355 0.00754586 0.00471657
 0.00773013 0.0126151 0.0190929 0.0271332 0.0364791 0.0464965 0.0561466 0.0642425 0.0698799 0.0727207 0.0729505 0.0710322 0.067484 0.0627758 0.0572988 0.0513592 0.0451839 0.0389397 0.03276 0.0267703 0.0211079 0.0159302 0.0114033 0.00766858 0.00479903
 0.0093294 0.0148517 0.0217881 0.0298964 0.0388215 0.0480125 0.0566575 0.0638238 0.0687779 0.0712285 0.0713159 0.0694226 0.0659938 0.0614503 0.0561563 0.0504053 0.0444168 0.03835 0.0323298 0.0264742 0.0209169 0.0158158 0.0113407 0.00763799 0.00478634
 0.00930874 0.0151132 0.0227013 0.0319198 0.0423017 0.0529143 0.0623928 0.0693484 0.0729628 0.0733075 0.0711387 0.0673948 0.0627992 0.0577585 0.0524573 0.0469844 0.041407 0.0357958 0.0302306 0.024806 0.0196408 0.0148822 0.0106923 0.00721413 0.00452786
 0.00895112 0.0145521 0.0219166 0.0309633 0.0413507 0.0523067 0.0625863 0.0707576 0.075712 0.0770465 0.0750875 0.0706403 0.0646767 0.0580822 0.0514885 0.0452152 0.0393276 0.0337616 0.0284399 0.0233381 0.0185039 0.0140474 0.010113 0.00683661 0.0042986
 0.0087981 0.0142899 0.0214977 0.0303385 0.0404876 0.0512239 0.0613961 0.0696938 0.07511 0.0772501 0.0762934 0.0727532 0.0672777 0.0605656 0.0533079 0.046093 0.0393101 0.0331171 0.0274973 0.0223639 0.0176565 0.0133896 0.00964582 0.00653028 0.00411295
 0.00872477 0.0141661 0.0213019 0.030045 0.0400688 0.0506566 0.0606738 0.0688438 0.0742145 0.0764597 0.0758179 0.0728071 0.0679856 0.0618699 0.0549467 0.047686 0.0405142 0.0337591 0.027607 0.0221088 0.0172377 0.0129637 0.00929791 0.0062847 0.00395866
 0.00869058 0.0141083 0.0212103 0.0299076 0.0398728 0.0503901 0.0603282 0.0684169 0.0737138 0.0759114 0.0752788 0.0723742 0.0677863 0.0620216 0.0554946 0.0485547 0.0415143 0.0346593 0.0282321 0.022402 0.0172559 0.0128215 0.00910566 0.00611325 0.00383579
 0.00868603 0.0140994 0.0211939 0.029879 0.0398256 0.0503168 0.0602201 0.0682653 0.0735113 0.0756543 0.0749727 0.0720417 0.0674748 0.0618032 0.0554493 0.0487353 0.0419102 0.0351852 0.028757 0.0228072 0.0174832 0.0128841 0.00906199 0.00602817 0.00375428
 0.00866833 0.0140734 0.0211598 0.0298385 0.0397809 0.050269 0.0601685 0.0682062 0.0734388 0.0755614 0.0748529 0.0718926 0.0673035 0.0616318 0.0553168 0.0486895 0.0419877 0.0353886 0.0290448 0.0231074 0.0177258 0.0130316 0.00911759 0.00602227 0.00372223
 0.00868901 0.0141024 0.0211951 0.0298754 0.0398135 0.0502927 0.0601809 0.0682071 0.073428 0.0755363 0.0748082 0.0718221 0.0672032 0.0615052 0.0551782 0.0485651 0.0419096 0.0353822 0.0291145 0.023231 0.0178636 0.013145 0.00918587 0.00604704 0.00371884
 0.00867835 0.0140902 0.021186 0.0298759 0.03983 0.0503268 0.0602277 0.0682558 0.0734663 0.0755554 0.0748047 0.0717966 0.0671578 0.0614416 0.0550999 0.0484801 0.041833 0.0353322 0.0291053 0.0232643 0.0179258 0.0132138 0.00924145 0.00607999 0.00373111
 0.00865686 0.0140565 0.021138 0.0298138 0.0397569 0.0502503 0.0601595 0.068209 0.0734507 0.0755726 0.0748475 0.0718515 0.0672109 0.0614826 0.0551239 0.0484878 0.0418298 0.0353278 0.0291106 0.0232866 0.0179648 0.0132615 0.00928639 0.00611352 0.00375064
 0.00863018 0.014014 0.0210756 0.0297289 0.039649 0.050123 0.0600214 0.0680746 0.0733379 0.0754987 0.0748238 0.0718802 0.0672839 0.0615842 0.055236 0.048595 0.0419232 0.0354054 0.0291761 0.0233455 0.018021 0.0133147 0.00933314 0.00614985 0.0037749
 0.00863704 0.0140216 0.0210804 0.0297252 0.0396305 0.0500844 0.0599611 0.0679955 0.0732471 0.0754069 0.0747434 0.071823 0.0672586 0.0615937 0.0552759 0.0486555 0.0419921 0.0354729 0.0292365 0.0233979 0.0180668 0.013355 0.00936755 0.00617711 0.00379418
 0.00863666 0.0140229 0.0210857 0.0297369 0.0396498 0.0501092 0.0599849 0.0680085 0.0732399 0.0753743 0.0746877 0.0717534 0.0671884 0.061536 0.0552403 0.0486454 0.0420048 0.0355013 0.0292726 0.0234352 0.0181015 0.0133855 0.00939313 0.00619729 0.00380876
 0.00863466 0.0140211 0.0210858 0.0297416 0.0396623 0.0501321 0.0600187 0.0680507 0.0732841 0.0754113 0.0747073 0.0717484 0.0671573 0.061485 0.0551807 0.0485896 0.0419625 0.0354767 0.0292646 0.0234394 0.0181127 0.0133994 0.00940691 0.00620913 0.00381782
 0.00863466 0.0140211 0.0210858 0.0297416 0.0396623 0.0501321 0.0600187 0.0680507 0.0732841 0.0754113 0.0747073 0.0717484 0.0671573 0.061485 0.0551807 0.0485896 0.0419625 0.0354767 0.0292646 0.0234394 0.0181127 0.0133994 0.00940691 0.00620913 0.00381782
 0.00877237 0.0142385 0.0213998 0.0301611 0.040183 0.0507312 0.0606506 0.0686496 0.0737769 0.0757356 0.0748265 0.0716575 0.066879 0.0610619 0.0546656 0.048037 0.0414209 0.0349832 0.0288422 0.0230977 0.0178507 0.0132092 0.00927657 0.00612545 0.00376789
#pred catch len freq
 0.0040675 0.00649404 0.00958684 0.0133159 0.0176646 0.0225966 0.0279883 0.0336067 0.039159 0.0443627 0.0489919 0.0528986 0.0560218 0.0583749 0.0600062 0.0609545 0.0612235 0.0607743 0.0595149 0.0572755 0.0538014 0.0488246 0.0422477 0.0343565 0.0258916
 0.00433642 0.00684017 0.0099434 0.0135748 0.0177189 0.0224001 0.0275937 0.0331492 0.0387861 0.0441535 0.0489149 0.0528344 0.0558333 0.0579839 0.0594413 0.060349 0.0607659 0.0606298 0.0597507 0.0578273 0.0545 0.0494724 0.0427022 0.0345758 0.0259228
 0.00452911 0.00716429 0.010444 0.0142816 0.0186176 0.0234024 0.028532 0.0338205 0.0390389 0.0439651 0.0484001 0.052171 0.0551576 0.0573338 0.0587802 0.0596433 0.0600481 0.0600027 0.0593318 0.0576754 0.054576 0.0496607 0.0428745 0.0346529 0.0258963
 0.0047133 0.0074577 0.0108778 0.0148888 0.0194353 0.0244654 0.0298506 0.0353434 0.0406231 0.045383 0.049402 0.0525814 0.0549452 0.0566058 0.0577097 0.0583885 0.0587224 0.0586935 0.0581252 0.05665 0.0537721 0.0490617 0.0424233 0.0342904 0.0255905
 0.00495077 0.00782819 0.0114076 0.0155956 0.0203308 0.0255582 0.0311452 0.0368332 0.0422765 0.0471226 0.0510855 0.0540033 0.0558789 0.0568772 0.0572631 0.0573024 0.0571689 0.0568755 0.05623 0.0548291 0.0521344 0.047669 0.0412931 0.0334093 0.0249317
 0.00519134 0.0082074 0.0119569 0.0163387 0.0212823 0.026722 0.0325092 0.0383666 0.04393 0.0488322 0.0527717 0.0555619 0.057171 0.0577354 0.0575248 0.0568638 0.0560305 0.055152 0.0541184 0.0525566 0.0499106 0.0456564 0.0395946 0.0320696 0.023946
 0.00546254 0.00863159 0.0125654 0.0171525 0.0223135 0.0279729 0.0339681 0.0400002 0.0456807 0.0506208 0.0545053 0.0571423 0.0584972 0.0587003 0.0580125 0.0567602 0.0552548 0.0536975 0.05208 0.0501242 0.0473299 0.0431741 0.0374102 0.030305 0.0226381
 0.00578686 0.00913765 0.0132884 0.0181139 0.0235209 0.0294201 0.0356303 0.0418287 0.0476014 0.0525407 0.0563217 0.0587522 0.0598046 0.0596188 0.0584623 0.0566642 0.0545436 0.0523318 0.0500863 0.0476232 0.044536 0.0403579 0.0348353 0.0281666 0.0210265
 0.00615436 0.00970786 0.014097 0.0191792 0.0248456 0.0309934 0.0374239 0.0437899 0.04965 0.0545731 0.0582222 0.0604056 0.0611087 0.0604911 0.0588394 0.0564952 0.0537847 0.0509538 0.048098 0.0451051 0.0416619 0.0373825 0.0320413 0.0257918 0.0192044
 0.00650125 0.0102511 0.014877 0.0202217 0.0261613 0.032575 0.0392402 0.04578 0.0517241 0.0566224 0.0601299 0.0620586 0.0624059 0.0613499 0.0591977 0.0563091 0.0530238 0.0496013 0.0461649 0.042657 0.0388453 0.0344263 0.0292191 0.0233525 0.0173044
 0.00681036 0.0107386 0.0155835 0.0211785 0.0273883 0.0340773 0.0409993 0.0477442 0.0538064 0.058706 0.0620832 0.063751 0.0637242 0.0622081 0.0595394 0.0561016 0.0522507 0.0482602 0.0442759 0.040284 0.0361202 0.0315562 0.0264591 0.0209442 0.0154095
 0.00708519 0.0111704 0.0162067 0.0220183 0.0284611 0.0353894 0.0425404 0.0494796 0.0556719 0.0606097 0.0639118 0.0653819 0.0650392 0.0631077 0.0599515 0.0559835 0.0515844 0.0470485 0.0425457 0.0381005 0.0336064 0.0289001 0.0238923 0.0186905 0.0136235
 0.00727934 0.0114878 0.0166882 0.0227047 0.0293871 0.0365733 0.0439722 0.0511138 0.0574307 0.0623936 0.0656123 0.0668913 0.0662583 0.0639518 0.0603553 0.055903 0.0509977 0.0459554 0.0409726 0.0361112 0.031316 0.0264798 0.0215508 0.0166295 0.0119843
 0.00750791 0.0118417 0.0171895 0.0233667 0.030218 0.0375799 0.0451569 0.0524652 0.0589115 0.0639345 0.0671162 0.0682474 0.0673611 0.0647161 0.0607218 0.0558363 0.0504812 0.0449898 0.0395808 0.0343498 0.0292874 0.0243359 0.0194758 0.0148011 0.0105275
 0.00779716 0.0122884 0.0178183 0.0241854 0.0312186 0.03874 0.04644 0.0538201 0.0602769 0.0652459 0.0683106 0.0692644 0.0681415 0.0652049 0.0608734 0.0556201 0.0498835 0.0440143 0.0382511 0.0327173 0.0274418 0.0224083 0.0176242 0.0131771 0.00923689
 0.00796802 0.0125689 0.0182455 0.0247951 0.0320381 0.039776 0.0476663 0.0551729 0.0616632 0.0665623 0.069463 0.0701813 0.0687785 0.06554 0.060899 0.0553347 0.0492883 0.0431156 0.0370679 0.0312914 0.0258478 0.0207555 0.0160441 0.0117956 0.00814094
 0.00822315 0.0129568 0.0187808 0.0254778 0.03286 0.0407283 0.0487402 0.0563499 0.0629014 0.0677886 0.0705785 0.0710816 0.0693786 0.0657933 0.0608 0.0549076 0.0485703 0.0421449 0.0358822 0.0299362 0.0243876 0.0192794 0.0146573 0.0105975 0.00719824
 0.00850398 0.0133847 0.0193714 0.026227 0.0337467 0.0417202 0.049797 0.0574259 0.0639478 0.0687573 0.071423 0.0717536 0.0698281 0.065974 0.0606818 0.0544858 0.0478673 0.0412026 0.0347526 0.0286776 0.0230672 0.0179755 0.0134551 0.00957336 0.00640075
 0.00849366 0.0133853 0.0194047 0.0263249 0.0339442 0.0420442 0.0502557 0.0580049 0.0646148 0.0694703 0.0721384 0.072429 0.0704215 0.0664417 0.0609792 0.0545735 0.0477202 0.0408177 0.034152 0.0279062 0.0221882 0.0170643 0.0125905 0.00882404 0.00581092
 0.00841462 0.0132603 0.019225 0.0260895 0.0336658 0.0417554 0.050011 0.0578724 0.064657 0.0697217 0.0725919 0.0730393 0.0711189 0.0671495 0.0616243 0.0550921 0.0480613 0.0409483 0.0340628 0.0276158 0.0217417 0.016527 0.0120357 0.00831836 0.00540021
 0.00841819 0.0132577 0.0192049 0.0260349 0.0335574 0.0415777 0.0497616 0.0575702 0.0643466 0.0694691 0.0724695 0.0731024 0.0713849 0.0675891 0.0621701 0.0556581 0.0485632 0.0413185 0.0342596 0.0276279 0.0215887 0.0162549 0.0117053 0.00798997 0.0051196
 0.00840925 0.0132505 0.0192067 0.0260552 0.0336022 0.0416429 0.0498285 0.0576087 0.0643268 0.0693768 0.0723184 0.0729352 0.0712607 0.0675619 0.0622664 0.0558653 0.0488337 0.0415862 0.0344611 0.0277201 0.021559 0.0161209 0.0115065 0.00777309 0.00492414
 0.00838466 0.0132117 0.0191511 0.0259827 0.0335168 0.0415541 0.0497503 0.0575548 0.0643034 0.0693773 0.0723254 0.0729313 0.0712423 0.0675455 0.0622826 0.055942 0.0489781 0.0417775 0.0346568 0.0278735 0.0216369 0.016115 0.0114331 0.00766323 0.00481004
 0.00844484 0.0132957 0.019252 0.0260852 0.0336015 0.0416047 0.0497594 0.0575265 0.0642505 0.0693155 0.0722668 0.0728797 0.0711935 0.0674938 0.0622288 0.0558971 0.0489584 0.0417931 0.0347023 0.0279279 0.021674 0.0161161 0.0113955 0.00759915 0.00473817
 0.00853329 0.0134203 0.0194035 0.0262419 0.0337341 0.0416845 0.0497669 0.0574562 0.0641117 0.0691311 0.0720682 0.0726994 0.071056 0.0674092 0.0621936 0.0559004 0.0489895 0.0418446 0.034768 0.0279982 0.0217351 0.0161549 0.0114058 0.00758446 0.0047091
 0.00851898 0.0134057 0.019397 0.0262543 0.0337735 0.0417488 0.0498392 0.0575079 0.0641139 0.0690677 0.0719444 0.0725401 0.0708966 0.0672828 0.0621211 0.0558871 0.0490272 0.0419181 0.0348605 0.0280943 0.0218216 0.0162216 0.0114473 0.0076017 0.00470867
 0.0084249 0.0132666 0.0192139 0.0260393 0.033548 0.0415401 0.0496753 0.0574108 0.064092 0.0691111 0.0720273 0.0726319 0.0709761 0.067346 0.0621796 0.0559575 0.0491214 0.0420372 0.034996 0.0282323 0.0219476 0.0163245 0.0115214 0.00764755 0.00473171
 0.00844037 0.013278 0.0192059 0.0259901 0.0334364 0.0413561 0.0494291 0.0571344 0.0638311 0.0689105 0.0719168 0.0726181 0.0710425 0.0674634 0.0623189 0.0561004 0.0492619 0.0421771 0.0351366 0.0283703 0.0220752 0.0164329 0.0116044 0.00770408 0.00476524
 0.0084865 0.0133478 0.0193006 0.0261046 0.0335577 0.0414625 0.0494923 0.0571264 0.0637357 0.0687341 0.0716907 0.0723882 0.0708526 0.0673395 0.0622641 0.0561008 0.049298 0.042233 0.0352028 0.0284415 0.0221467 0.0164988 0.0116592 0.00774446 0.00479129
 0.00835794 0.0131685 0.0190855 0.0258858 0.0333752 0.0413483 0.0494575 0.0571575 0.0638014 0.068798 0.0717247 0.0723833 0.0708209 0.0673078 0.0622609 0.0561434 0.0493871 0.0423559 0.0353416 0.0285798 0.0222729 0.0166058 0.0117435 0.00780545 0.00483139
 0.00834779 0.013141 0.0190255 0.0257766 0.0332077 0.0411329 0.0492297 0.0569705 0.0637039 0.068811 0.0718307 0.0725358 0.070968 0.0674153 0.062322 0.0561741 0.0494118 0.0423934 0.0353986 0.0286522 0.0223508 0.0166793 0.0118054 0.00785246 0.00486354
