SBPRF35
12.7214
Curr Bio
861450
B35
880915
F35
0.169604
FOFL
0.163037
OFL
113421
Bzero
3.63469e+006
#pred survey bio
 3.58315e+006 3.4935e+006 3.40322e+006 3.2448e+006 3.05031e+006 2.8417e+006 2.61164e+006 2.37625e+006 2.12608e+006 1.90736e+006 1.68685e+006 1.49825e+006 1.32433e+006 1.18309e+006 1.01923e+006 876306 789678 723673 680034 651571 611800 585048 571797 567499 557977 558724 554325 567532 572616 581497 593373 606278 610302 616297 631168 640746 653062 668734 668162 676802 680180 689745 708909 711060 711271 711470 722639 728462 733980 744432 750058 761910 778288 794812 800507 816467 836397 834265 864293 871249 856618 844166 820985 834661 824120 840508 867488 2.98894e+007 1.74837e+007 1.7399e+007 1.8028e+007 1.91782e+007 2.05742e+007 2.19961e+007 2.33071e+007 2.44412e+007 2.53811e+007 2.6137e+007 2.67325e+007 2.71951e+007 2.75509e+007 2.78232e+007 2.80309e+007 2.81892e+007 2.83101e+007 2.84026e+007 2.84736e+007 2.85284e+007 2.85707e+007 2.86037e+007 2.86295e+007 2.86498e+007 2.86657e+007 2.86784e+007 2.86884e+007 2.86963e+007 2.87027e+007 2.87078e+007 2.87119e+007 2.87152e+007 2.87179e+007 2.87201e+007 2.87219e+007 2.87233e+007 2.87244e+007 2.87254e+007 2.87262e+007 2.87268e+007 2.87273e+007 2.87277e+007 2.87281e+007 2.87283e+007 2.87286e+007 2.87288e+007 2.87289e+007 2.8729e+007 2.87291e+007 2.87292e+007 2.87293e+007 2.87294e+007 2.87294e+007 2.87294e+007 2.87295e+007 2.87295e+007 2.87295e+007 2.87295e+007 2.87295e+007 2.87296e+007 2.87296e+007 2.87296e+007 2.87296e+007 2.87296e+007 2.87296e+007 2.87296e+007 2.87296e+007 2.87296e+007 2.87296e+007 2.87296e+007 2.87296e+007 2.87296e+007 2.87296e+007 2.87296e+007 2.87296e+007 2.87296e+007 2.87296e+007 2.87296e+007 2.87296e+007 2.87296e+007 2.87296e+007 2.87296e+007 2.87296e+007 2.87296e+007 2.87296e+007 2.87296e+007 2.87296e+007 2.87296e+007 2.87296e+007 2.87296e+007 2.87296e+007 2.87296e+007 2.87296e+007 2.87296e+007 2.87296e+007 2.87296e+007 2.87296e+007 2.87296e+007 2.87296e+007 0 0 0 0 0 0 0 0 0 0 0 0 0 0 0 0 0 0 0 0 0 0 0 0 0
#obs survey bio
 3.01979e+006 3.22876e+006 2.80594e+006 3.99099e+006 4.22915e+006 2.29927e+006 2.69741e+006 2.20243e+006 1.57548e+006 1.11205e+006 1.74321e+006 1.84024e+006 963026 943810 977042 766534 720323 498087 760521 668018 704202 640265 417329 600259 514677 432862 441801 495935 397252 826657 717254 568242 629821 684766 512485 647479 522046 846813 783066 848354 532042 537143 600093 573040 668610 873049 866664 899496 570634 622145 615785 836741 1.04405e+006 687398 909168 831488 782135 985077 944021 762379 1.11671e+006 654476 1.01482e+006 798699 595387 868145 1.1583e+006
#pred catch bio
 95354.6 96627.3 162555 203338 227506 261005 281176 310007 295972 309814 290137 282727 256813 276013 253249 200226 179419 156988 140904 146379 130730 116554 108214 112533 104216 109245 95505.7 103534 100301 97245.3 95674.4 102249 99756.8 92722.8 98496.6 97398.1 95972 110335 102536 107684 103445 96997.9 112432 113601 112824 103149 107797 108035 104324 109236 104566 101306 101644 111034 102380 99752.4 118736 91348.8 111976 129802 126908 135162 103241 124015 99649 88432.2 116900 113421 114534 112546 115046 121691 130268 139060 147090 153918 159449 163774 167069 169528 171337 172650 173594 174269 174747 175084 175322 175488 175604 175686 175742 175781 175809 175828 175841 175850 175856 175860 175863 175865 175867 175868 175868 175869 175869 175869 175869 175870 175870 175870 175870 175870 175870 175870 175870 175870 175870 175870 175870 175870 175870 175870 175870 175870 175870 175870 175870 175870 175870 175870 175870 175870 175870 175870 175870 175870 175870 175870 175870 175870 175870 175870 175870 175870 175870 175870 175870 175870 175870 175870 175870 175870 175870 175870 175870 175870 175870 175870 175870 175870 175870 175870 175870 175870 175870 175870 175870 0 0 0 0 0 0 0 0 0 0 0 0 0 0 0 0 0 0 0 0 0 0 0 0 0
#obs catch bio
 0 96303.4 163134 203734 227648 261800 281625 311063 297148 313085 292855 285235 259158 279449 256278 202204 181491 159482 141686 147935 131267 116784 108467 113126 104837 110619 96260.5 104948 101647 97876.1 95801.3 102210 99415 92320.6 98540.9 97677.4 96218.1 110733 102501 107528 103853 97271.5 112993 114156 113204 103127 107676 107899 104222 109186 104670 101243 101554 111402 102446 99655.9 119502 91102.3 111972 129787 126631 135668 102818 124700 100193 88465.4 117150
#pred cpue bio
 3.52898e+006 3.44121e+006 3.35272e+006 3.19515e+006 3.00114e+006 2.79302e+006 2.56362e+006 2.32898e+006 2.07986e+006 1.86197e+006 1.64279e+006 1.45567e+006 1.28351e+006 1.14381e+006 982502 842118 757028 692434 650059 622724 584462 558772 545982 541648 532164 532650 528217 540984 546066 555072 567209 580286 584506 590440 604842 614019 625933 641217 640752 649217 652402 661530 680169 682395 682779 683182 694263 700068 705480 715622 721026 732642 748904 765306 770953 786606 806208 804231 833712 840661 826273 813897 791102 804519 794483 811028 838848 2.89718e+007 1.6965e+007 1.67263e+007 1.71662e+007 1.82404e+007 1.96158e+007 2.1033e+007 2.23429e+007 2.34769e+007 2.44167e+007 2.51726e+007 2.57682e+007 2.62307e+007 2.65865e+007 2.68588e+007 2.70665e+007 2.72248e+007 2.73457e+007 2.74382e+007 2.75092e+007 2.7564e+007 2.76064e+007 2.76393e+007 2.76651e+007 2.76854e+007 2.77013e+007 2.7714e+007 2.7724e+007 2.77319e+007 2.77383e+007 2.77434e+007 2.77475e+007 2.77509e+007 2.77535e+007 2.77557e+007 2.77575e+007 2.77589e+007 2.77601e+007 2.7761e+007 2.77618e+007 2.77624e+007 2.77629e+007 2.77633e+007 2.77637e+007 2.7764e+007 2.77642e+007 2.77644e+007 2.77645e+007 2.77646e+007 2.77647e+007 2.77648e+007 2.77649e+007 2.7765e+007 2.7765e+007 2.7765e+007 2.77651e+007 2.77651e+007 2.77651e+007 2.77651e+007 2.77651e+007 2.77652e+007 2.77652e+007 2.77652e+007 2.77652e+007 2.77652e+007 2.77652e+007 2.77652e+007 2.77652e+007 2.77652e+007 2.77652e+007 2.77652e+007 2.77652e+007 2.77652e+007 2.77652e+007 2.77652e+007 2.77652e+007 2.77652e+007 2.77652e+007 2.77652e+007 2.77652e+007 2.77652e+007 2.77652e+007 2.77652e+007 2.77652e+007 2.77652e+007 2.77652e+007 2.77652e+007 2.77652e+007 2.77652e+007 2.77652e+007 2.77652e+007 2.77652e+007 2.77652e+007 2.77652e+007 2.77652e+007 2.77652e+007 2.77652e+007 2.77652e+007 2.77652e+007 2.77652e+007 0 0 0 0 0 0 0 0 0 0 0 0 0 0 0 0 0 0 0 0 0 0 0 0 0
#obs cpue bio
 3.14376e+006 3.30879e+006 3.37426e+006 2.92414e+006 2.33141e+006 2.64964e+006 2.80024e+006 2.37791e+006 2.14137e+006 2.02882e+006 1.44188e+006 1.20974e+006 1.34638e+006 1.31885e+006 914954 766334 672713 599765 836118 473567 611451 529976 656486 447633 432372 459308 575891 435503 598744 553285 632287 782021 729404 549278 567038 461812 683922 582758 597966 650451 492371 732898 830411 747151 811532 635337 709723 583702 827584 924921 716296 766121 552986 697184 725125 801574 659061 816561 876744 1.04794e+006 657188 820835 768296 609762 654801 973437 991787
#pred surv len freq
 0.00534145 0.00858412 0.0127532 0.0177734 0.0234913 0.029614 0.0356741 0.0411306 0.0455712 0.0488559 0.0510944 0.0525178 0.0533606 0.0538069 0.0539798 0.0539507 0.0537554 0.0533978 0.0528164 0.0518088 0.0499745 0.0467787 0.0417962 0.0350392 0.0271334
 0.00547407 0.00871857 0.0128107 0.0176437 0.0230787 0.0288996 0.034756 0.0402041 0.044849 0.0484737 0.0510605 0.0527331 0.0536882 0.0541451 0.0543011 0.0542946 0.0541862 0.0539507 0.0534586 0.0524376 0.0504568 0.0470131 0.0417618 0.0348009 0.0268038
 0.00569304 0.00905966 0.0132903 0.0182513 0.0237621 0.0295542 0.0352345 0.040359 0.0446021 0.0478711 0.0502675 0.0519601 0.0530942 0.0537827 0.054133 0.0542547 0.0542316 0.0540705 0.0536439 0.0526477 0.0506148 0.0470389 0.0416174 0.0345141 0.0264515
 0.00589384 0.00938948 0.0137925 0.0189667 0.0247173 0.0307422 0.0365915 0.0417518 0.0458405 0.0487524 0.0506424 0.0517915 0.0524746 0.0528928 0.0531636 0.0533396 0.0534276 0.0533788 0.0530404 0.0520974 0.0500754 0.0464717 0.0410085 0.0338894 0.0258682
 0.00613309 0.00976567 0.0143361 0.019701 0.0256586 0.0318977 0.0379514 0.0432757 0.0474445 0.0503026 0.0519639 0.0527 0.0528288 0.0526468 0.0523875 0.0521917 0.0520913 0.0520027 0.0517092 0.0508386 0.0488851 0.0453422 0.0399494 0.032934 0.0250624
 0.0063912 0.0101743 0.0149306 0.0205075 0.0266899 0.0331486 0.0393929 0.0448537 0.0490864 0.0519243 0.0534704 0.0539786 0.0537474 0.0530737 0.0522317 0.0514435 0.0508353 0.0503907 0.0499093 0.048991 0.0470864 0.0436571 0.038431 0.0316334 0.0240212
 0.00667489 0.0106249 0.0155894 0.0214062 0.0278461 0.0345583 0.0410211 0.0466315 0.0509186 0.0537067 0.0551043 0.0553755 0.0548229 0.0537389 0.0523953 0.0510315 0.0498233 0.0488287 0.0479209 0.0467462 0.0447648 0.0414214 0.0364151 0.029936 0.0226973
 0.00698447 0.0111145 0.016301 0.0223708 0.0290799 0.0360563 0.0427487 0.0485198 0.0528704 0.0556111 0.0568527 0.0568711 0.0559837 0.0544937 0.0526775 0.0507779 0.0489849 0.047395 0.0459458 0.0443586 0.0421557 0.0388109 0.0340123 0.0279022 0.0211206
 0.00735074 0.0116933 0.017141 0.0235064 0.0305257 0.0377995 0.0447389 0.0506661 0.0550517 0.057697 0.0587233 0.0584274 0.0571486 0.0552085 0.052895 0.0504565 0.0480885 0.0459046 0.0438836 0.041815 0.0393017 0.0358817 0.0312623 0.0255465 0.0192865
 0.00762844 0.0121437 0.0178171 0.0244571 0.0317869 0.0393802 0.046606 0.0527386 0.057211 0.0598082 0.0606566 0.0600714 0.0584151 0.0560308 0.0532243 0.050255 0.0473257 0.0445618 0.0419717 0.039401 0.0365309 0.032976 0.0284829 0.0231313 0.0173881
 0.00789819 0.0125802 0.0184708 0.0253749 0.0330054 0.0409132 0.0484303 0.0547858 0.0593721 0.0619503 0.0626417 0.0617732 0.0597294 0.0568813 0.0535611 0.0500482 0.0465577 0.0432261 0.0400837 0.0370215 0.0337906 0.0300819 0.0256902 0.0206829 0.0154492
 0.00816863 0.013005 0.0190832 0.0261987 0.0340543 0.0421894 0.0499191 0.0564494 0.0611482 0.0637556 0.0643787 0.0633371 0.0610173 0.0578005 0.0540368 0.0500265 0.0460051 0.0421288 0.0384543 0.0349152 0.0313252 0.0274454 0.0231185 0.0184068 0.013632
 0.00847106 0.0134828 0.0197762 0.0271337 0.0352399 0.0436088 0.0515232 0.0581576 0.0628622 0.0653796 0.0658348 0.0645671 0.0619741 0.0584398 0.0543125 0.0498928 0.0454224 0.0410719 0.0369238 0.032954 0.0290363 0.0249973 0.0207258 0.0162826 0.0119297
 0.00861247 0.0137271 0.0201706 0.0277307 0.0360859 0.0447255 0.0528894 0.0597036 0.0644817 0.066954 0.0672563 0.0657537 0.0628732 0.0590217 0.0545598 0.0497892 0.0449468 0.0402031 0.0356539 0.0313094 0.0270969 0.0229044 0.0186647 0.0144407 0.0104453
 0.00890964 0.0141981 0.0208572 0.028665 0.0372858 0.0461872 0.0545766 0.0615391 0.0663505 0.0687179 0.0687764 0.0669133 0.0635959 0.0592797 0.0543678 0.0491872 0.0439798 0.0389075 0.0340597 0.0294562 0.0250571 0.0207964 0.0166438 0.0126644 0.00902794
 0.00930011 0.014801 0.0217052 0.0297675 0.0386294 0.0477366 0.0562731 0.0632999 0.068074 0.0702964 0.0701086 0.0679125 0.0641953 0.059439 0.0540784 0.0484728 0.0428883 0.0374981 0.0323937 0.0275988 0.0230887 0.0188231 0.0147938 0.0110629 0.00776295
 0.00945295 0.0150482 0.0220748 0.0302843 0.03931 0.0485822 0.0572626 0.0643887 0.0692024 0.0714019 0.0711335 0.068804 0.0649014 0.0599064 0.0542575 0.0483275 0.0424054 0.0366919 0.0313039 0.0262872 0.0216377 0.0173348 0.0133815 0.00983235 0.00678689
 0.00948075 0.0151045 0.0221805 0.0304671 0.0395998 0.0490025 0.0578213 0.0650737 0.0699817 0.0722296 0.0719574 0.0695719 0.0655653 0.0604227 0.0545859 0.0484309 0.042254 0.0362711 0.0306229 0.0253841 0.0205796 0.0162125 0.0122966 0.00887775 0.00602593
 0.0094893 0.015108 0.022168 0.0304257 0.0395228 0.0489006 0.0577292 0.0650455 0.070075 0.0724841 0.07238 0.070134 0.066211 0.0610825 0.0551879 0.0489084 0.042551 0.0363469 0.0304591 0.0249912 0.0200007 0.0155196 0.0115776 0.00821714 0.00548493
 0.00942095 0.0150054 0.0220288 0.0302522 0.0393196 0.0486728 0.0574835 0.0647962 0.0698513 0.0723319 0.0723539 0.0702797 0.066546 0.0615843 0.055797 0.0495424 0.0431221 0.0367785 0.0306977 0.0250154 0.0198254 0.015193 0.0111706 0.00780473 0.0051269
 0.00953339 0.015171 0.022246 0.030508 0.0395926 0.0489379 0.0577162 0.0649733 0.0699523 0.0723439 0.072279 0.0701415 0.0663878 0.0614568 0.0557386 0.0495627 0.0431971 0.0368589 0.0307271 0.02495 0.0196483 0.0149199 0.0108429 0.0074747 0.00483986
 0.00975297 0.0154846 0.0226374 0.0309341 0.039995 0.0492621 0.057927 0.0650604 0.0699251 0.0722231 0.0720895 0.0699088 0.0661379 0.0612171 0.0555368 0.0494206 0.0431214 0.0368346 0.0307202 0.0249193 0.0195629 0.014771 0.0106469 0.00726364 0.00464731
 0.00995286 0.0157836 0.0230375 0.0314163 0.0405196 0.0497731 0.0583595 0.0653511 0.0700289 0.0721288 0.0718258 0.0695337 0.065718 0.0608092 0.0551794 0.0491346 0.042913 0.0366972 0.0306344 0.0248563 0.0194935 0.0146766 0.010526 0.00713001 0.00452107
 0.0100061 0.0158755 0.0231853 0.0316371 0.0408241 0.050156 0.0587914 0.0657786 0.0703855 0.0723534 0.0718805 0.069415 0.0654563 0.0604582 0.0547999 0.0487785 0.0426143 0.0364693 0.0304724 0.024743 0.0194059 0.0145949 0.01044 0.00704104 0.0044377
 0.0101281 0.0160607 0.0234398 0.0319591 0.041206 0.0505875 0.0592589 0.0662614 0.0708504 0.0727534 0.0721613 0.0695276 0.0653735 0.0601859 0.0543775 0.0482685 0.0420846 0.0359762 0.0300508 0.0244041 0.0191433 0.0143933 0.0102838 0.00691929 0.00434488
 0.0101003 0.0160265 0.0234085 0.031946 0.0412286 0.0506592 0.0593846 0.0664371 0.0710668 0.0729987 0.0724199 0.0697759 0.0655787 0.0603116 0.0543967 0.0481754 0.0418989 0.0357358 0.0297981 0.0241726 0.0189508 0.0142428 0.0101698 0.00683421 0.00428257
 0.0101364 0.0160807 0.0234823 0.0320388 0.0413396 0.0507889 0.0595353 0.0666102 0.0712596 0.0732015 0.0726168 0.0699484 0.0657085 0.0603824 0.0543947 0.048092 0.0417356 0.0355081 0.0295339 0.0239052 0.0187085 0.0140428 0.0100169 0.00672463 0.00420835
 0.00995097 0.0158032 0.0231097 0.0315852 0.0408337 0.0502693 0.0590462 0.0661999 0.0709755 0.0730829 0.0726845 0.0701981 0.0661099 0.0608846 0.0549365 0.0486136 0.0421885 0.0358632 0.0297835 0.0240603 0.0187916 0.0140789 0.0100268 0.00672215 0.00420146
 0.00975559 0.0155139 0.0227271 0.0311293 0.040339 0.0497759 0.0585936 0.065823 0.0707034 0.0729368 0.0726762 0.0703291 0.0663713 0.0612565 0.0553871 0.0491008 0.0426663 0.0362897 0.0301299 0.0243156 0.0189616 0.0141805 0.0100806 0.00674673 0.00421038
 0.00954715 0.0151877 0.0222614 0.0305161 0.0395897 0.0489278 0.0577131 0.0650007 0.0700355 0.0725002 0.0725107 0.0704344 0.0667162 0.0617927 0.0560588 0.0498498 0.0434341 0.0370214 0.0307798 0.0248529 0.0193746 0.0144751 0.0102756 0.00686629 0.00427815
 0.00947717 0.0150561 0.0220306 0.0301415 0.0390318 0.0481713 0.0567851 0.0639762 0.0690256 0.0716279 0.0718837 0.0701244 0.0667482 0.0621448 0.0566726 0.0506455 0.0443256 0.0379271 0.0316299 0.0255952 0.0199781 0.0149313 0.0105952 0.00707337 0.00440174
 0.00943545 0.0149865 0.0219212 0.0299764 0.0387897 0.0478268 0.056314 0.0633665 0.0682917 0.0708211 0.0710918 0.0694557 0.066305 0.0619965 0.056839 0.0510958 0.0449897 0.0387146 0.0324483 0.0263647 0.0206412 0.0154574 0.0109795 0.0073313 0.00456036
 0.0094919 0.0150678 0.0220238 0.0300888 0.0388936 0.0478992 0.0563285 0.0632942 0.0681042 0.0704977 0.0706318 0.0688903 0.0657007 0.0614453 0.0564347 0.0509069 0.0450398 0.0389781 0.0328623 0.0268494 0.0211207 0.0158754 0.0113061 0.00756158 0.00470719
 0.00960403 0.0152287 0.0222261 0.0303114 0.0391068 0.048073 0.0564395 0.0633274 0.0680507 0.0703515 0.070389 0.0685525 0.0652819 0.0609793 0.0559772 0.0505263 0.044799 0.038913 0.0329693 0.0270876 0.0214277 0.0161879 0.011577 0.00776725 0.00484572
 0.00959158 0.0152157 0.0222191 0.0303192 0.0391358 0.0481211 0.056493 0.0633637 0.0680467 0.0702936 0.0702763 0.0683936 0.0650886 0.0607631 0.0557533 0.0503194 0.0446435 0.0388451 0.0330116 0.027237 0.0216541 0.0164452 0.0118197 0.00796439 0.00498595
 0.0095482 0.0151572 0.0221537 0.0302627 0.039108 0.0481392 0.056565 0.063484 0.0681956 0.0704405 0.0703875 0.0684412 0.0650582 0.0606569 0.0555877 0.0501207 0.0444446 0.0386811 0.0329134 0.0272218 0.0217183 0.0165652 0.0119617 0.00809722 0.00509025
 0.00949569 0.015073 0.0220299 0.0300951 0.0388997 0.0479048 0.0563326 0.0632916 0.0680804 0.0704249 0.0704698 0.0685952 0.0652433 0.0608316 0.0557218 0.0502024 0.0444808 0.0386927 0.0329271 0.0272607 0.0217936 0.0166723 0.0120836 0.00821307 0.00518428
 0.00935541 0.0148651 0.0217544 0.0297646 0.0385352 0.0475298 0.055969 0.0629614 0.0678088 0.0702408 0.0704001 0.0686556 0.0654289 0.0611145 0.0560581 0.0505454 0.0447948 0.0389607 0.0331506 0.0274523 0.0219668 0.016834 0.0122316 0.00833964 0.0052825
 0.00940405 0.0149302 0.0218267 0.0298277 0.0385709 0.0475258 0.0559247 0.062886 0.0677154 0.0701397 0.0702975 0.0685579 0.0653458 0.0610586 0.0560377 0.0505589 0.0448306 0.039004 0.033191 0.0274883 0.0220033 0.0168762 0.0122803 0.00839036 0.00532838
 0.00945822 0.0150037 0.0219101 0.0299021 0.0386117 0.0475101 0.0558388 0.0627304 0.0675057 0.0699038 0.0700695 0.0683686 0.0652166 0.0609978 0.0560432 0.0506211 0.0449348 0.0391325 0.0333265 0.0276171 0.0221182 0.0169753 0.012364 0.00845887 0.0053814
 0.00951035 0.0150905 0.0220435 0.0300913 0.038858 0.0477995 0.0561375 0.0629887 0.0676718 0.0699415 0.0699709 0.0681563 0.0649334 0.0606928 0.0557586 0.0503847 0.0447587 0.0390154 0.0332588 0.0275858 0.022111 0.0169828 0.0123797 0.00847802 0.00540026
 0.00944577 0.0149993 0.021932 0.0299759 0.0387619 0.0477468 0.0561467 0.0630665 0.0678082 0.0701094 0.0701318 0.0682718 0.0649797 0.0606686 0.0556837 0.0502897 0.044673 0.0389582 0.0332363 0.0275938 0.0221395 0.0170211 0.0124191 0.00851306 0.0054281
 0.0092832 0.0147511 0.0215896 0.0295444 0.0382615 0.0472132 0.0556304 0.062628 0.0675069 0.0699871 0.0701991 0.0685043 0.0653264 0.0610688 0.0560843 0.0506579 0.0449976 0.0392433 0.0334905 0.0278224 0.0223423 0.0171938 0.0125577 0.00861662 0.00549954
 0.00921941 0.0146559 0.0214619 0.0293882 0.0380841 0.0470227 0.0554345 0.0624361 0.0673323 0.0698484 0.0701176 0.0684975 0.0654 0.0612122 0.0562727 0.0508608 0.0451893 0.0394101 0.0336309 0.0279417 0.022446 0.0172842 0.0126338 0.00867661 0.00554298
 0.00917427 0.0145847 0.021359 0.0292506 0.037913 0.0468247 0.0552226 0.0622282 0.0671473 0.069702 0.0700197 0.0684545 0.0654162 0.0612895 0.0564071 0.0510395 0.0453922 0.0396149 0.0338202 0.0281062 0.0225835 0.017396 0.0127219 0.00874283 0.00558955
 0.00918582 0.0145942 0.0213562 0.0292203 0.0378391 0.0466966 0.0550412 0.0620074 0.066911 0.0694777 0.0698327 0.0683229 0.0653501 0.0612917 0.0564744 0.0511634 0.0455593 0.0398073 0.0340182 0.0282924 0.0227459 0.017529 0.0128248 0.00881785 0.00564073
 0.00915364 0.0145396 0.0212697 0.0290912 0.0376573 0.046456 0.0547438 0.0616664 0.0665515 0.0691338 0.0695422 0.0681201 0.0652588 0.0613203 0.0566158 0.0513983 0.0458609 0.0401461 0.0343649 0.0286208 0.0230357 0.0177678 0.0130083 0.00894915 0.00572778
 0.00916442 0.0145549 0.0212883 0.0291092 0.0376677 0.0464487 0.0547057 0.0615843 0.0664158 0.0689436 0.0693093 0.0678694 0.065024 0.0611362 0.0565102 0.0513851 0.045938 0.0402975 0.0345655 0.0288424 0.0232521 0.0179587 0.0131622 0.00906261 0.00580436
 0.00921056 0.0146206 0.0213698 0.029197 0.037749 0.046511 0.0547398 0.0615843 0.0663772 0.0688626 0.0691835 0.0677013 0.0648249 0.0609273 0.0563198 0.0512421 0.0458635 0.0402992 0.0346359 0.0289621 0.0233958 0.0181024 0.0132876 0.00916017 0.00587256
 0.00919444 0.0145994 0.0213467 0.0291774 0.0377377 0.046509 0.0547423 0.0615817 0.0663598 0.0688244 0.069124 0.0676239 0.0647347 0.0608306 0.0562255 0.0511634 0.0458165 0.0402975 0.0346853 0.0290568 0.02352 0.0182353 0.01341 0.00925944 0.00594409
 0.00912137 0.014498 0.0212266 0.0290586 0.0376454 0.0464648 0.0547561 0.061649 0.0664633 0.0689398 0.0692263 0.0676936 0.0647613 0.060814 0.0561746 0.051093 0.0457448 0.0402429 0.0346622 0.0290717 0.0235693 0.0183068 0.0134879 0.00932982 0.00599879
 0.00898791 0.0142927 0.0209405 0.0286939 0.0372183 0.0460071 0.0543148 0.0612803 0.0662196 0.0688528 0.0692969 0.0678933 0.0650442 0.0611321 0.0564894 0.0513814 0.0459987 0.0404657 0.0348627 0.0292582 0.0237452 0.018469 0.0136294 0.0094437 0.006082
 0.00894446 0.0142084 0.0207887 0.0284432 0.0368417 0.0454967 0.0536952 0.0606114 0.0655853 0.0683408 0.0689767 0.0678008 0.065176 0.0614497 0.0569326 0.0518851 0.0465082 0.0409443 0.035292 0.0296328 0.0240655 0.0187361 0.0138434 0.00960548 0.00619542
 0.00892828 0.0141804 0.0207422 0.0283679 0.0367221 0.0453123 0.0534242 0.0602397 0.0651187 0.0678145 0.0684554 0.067365 0.0648989 0.0613754 0.0570644 0.0521884 0.0469248 0.041411 0.035756 0.0300585 0.0244337 0.0190394 0.0140811 0.00978123 0.00631652
 0.00891269 0.0141645 0.0207355 0.0283834 0.0367712 0.0453962 0.0535271 0.0603276 0.0651471 0.0677423 0.0682614 0.0670603 0.0645296 0.0610118 0.0567791 0.0520332 0.0469159 0.0415294 0.0359601 0.0303013 0.0246758 0.0192549 0.0142569 0.00991383 0.00640896
 0.00886634 0.0140859 0.0206122 0.0282048 0.0365339 0.0451115 0.0532242 0.0600483 0.0649308 0.0676088 0.068202 0.0670446 0.0645241 0.0609992 0.0567686 0.0520548 0.0470034 0.0417019 0.0362116 0.0306032 0.0249892 0.0195437 0.014497 0.0100955 0.00653439
 0.00876783 0.0139374 0.02041 0.0279518 0.0362377 0.044781 0.05287 0.0596862 0.064586 0.0673156 0.0679961 0.0669501 0.0645427 0.0611109 0.0569429 0.0522671 0.0472446 0.0419754 0.0365211 0.0309413 0.0253344 0.0198668 0.0147721 0.0103079 0.00668292
 0.00880692 0.0139956 0.0204874 0.0280448 0.0363393 0.0448816 0.0529577 0.0597465 0.0646024 0.0672738 0.0678901 0.0667876 0.0643452 0.0609066 0.0567572 0.0521165 0.0471376 0.041917 0.0365155 0.030989 0.0254273 0.0199875 0.0148982 0.0104197 0.00676911
 0.00869426 0.0138152 0.0202219 0.0276819 0.0358767 0.0443332 0.0523588 0.0591527 0.0640786 0.0668778 0.0676578 0.0667275 0.0644427 0.0611337 0.057082 0.0525091 0.0475723 0.0423721 0.0369727 0.0314323 0.0258414 0.0203566 0.0152078 0.0106604 0.00694035
 0.00872338 0.0138588 0.0202797 0.0277489 0.0359416 0.0443778 0.0523596 0.0590861 0.0639308 0.066653 0.0673812 0.0664391 0.0641847 0.0609385 0.0569665 0.0524755 0.0476128 0.0424741 0.0371217 0.0316131 0.0260378 0.0205517 0.0153852 0.0108076 0.0070508
 0.00880615 0.0139961 0.0204904 0.0280501 0.036342 0.0448682 0.0529051 0.0596253 0.0643867 0.0669522 0.0674739 0.0663119 0.063863 0.0604783 0.056438 0.0519459 0.0471334 0.0420757 0.0368167 0.0314 0.0259062 0.0204854 0.0153653 0.0108149 0.00706939
 0.00880721 0.0140065 0.0205229 0.0281233 0.0364778 0.0450862 0.0532147 0.0600194 0.0648369 0.0674089 0.0678723 0.0665857 0.0639624 0.0603847 0.0561705 0.0515547 0.046684 0.0416314 0.036425 0.0310878 0.0256808 0.0203395 0.0152829 0.0107768 0.00705755
 0.00885633 0.014085 0.0206386 0.0282836 0.036689 0.0453528 0.0535377 0.0603937 0.0652493 0.067836 0.0682795 0.066928 0.0641897 0.0604532 0.0560558 0.0512625 0.0462518 0.0411193 0.0359001 0.0306077 0.0252832 0.0200394 0.0150762 0.0106474 0.00698435
 0.00868297 0.0138176 0.0202642 0.0278024 0.0361173 0.0447256 0.0529103 0.0598392 0.0648465 0.0676515 0.0683496 0.0672478 0.0647127 0.0611001 0.0567319 0.0518792 0.0467476 0.0414708 0.0361201 0.0307317 0.0253518 0.0200843 0.0151144 0.0106835 0.0070166
 0.0085636 0.013646 0.020047 0.0275587 0.0358717 0.0444976 0.0527078 0.0596607 0.0646907 0.0675271 0.0682787 0.0672601 0.0648324 0.0613317 0.0570527 0.0522424 0.0470952 0.0417527 0.0363097 0.0308308 0.0253834 0.0200792 0.0150983 0.0106707 0.00701123
 0.00797009 0.0127694 0.018893 0.0261929 0.0344047 0.0430574 0.051416 0.0586192 0.063974 0.0671747 0.0682928 0.067612 0.0654751 0.0622108 0.0581082 0.0534059 0.0482892 0.0428972 0.0373356 0.0316926 0.0260651 0.02059 0.0154631 0.0109193 0.00717198
 0.00728065 0.0116981 0.0173771 0.024218 0.0320187 0.0403838 0.0486618 0.0560581 0.0618929 0.0658016 0.0677419 0.0678737 0.0664458 0.063737 0.0600238 0.0555526 0.0505229 0.0450891 0.0393738 0.0334888 0.0275628 0.021769 0.0163366 0.0115262 0.00756513
#obs surv len freq
 nan nan nan nan nan nan nan nan nan nan nan nan nan nan nan nan nan nan nan nan nan nan nan nan nan
 0.00448175 0.00734178 0.0111706 0.0159861 0.0216866 0.0279626 0.0342774 0.0400096 0.0446902 0.0481551 0.050514 0.0520109 0.052904 0.0534172 0.0537321 0.0539875 0.0542664 0.0545594 0.0546982 0.0542902 0.0527282 0.0493601 0.0438094 0.0362889 0.0276719
 0.00461777 0.00756309 0.0115037 0.0164549 0.0223065 0.0287319 0.0351687 0.0409664 0.0456347 0.0490031 0.0511905 0.0524613 0.0531 0.0533571 0.0534371 0.0534941 0.0536175 0.0537971 0.0538614 0.0534154 0.0518538 0.0485289 0.0430657 0.0356703 0.0271991
 0.00477583 0.00782497 0.0119068 0.0170369 0.023097 0.0297397 0.036369 0.0422962 0.0470004 0.0502973 0.0523095 0.0533168 0.0536275 0.0535208 0.0532318 0.0529433 0.0527671 0.0527067 0.0525972 0.0520477 0.0504582 0.0471862 0.0418564 0.0346608 0.0264261
 0.00496684 0.00813499 0.0123728 0.0176939 0.023973 0.0308462 0.03769 0.0437818 0.0485698 0.0518494 0.0537353 0.0545109 0.0544969 0.0539934 0.0532635 0.0525219 0.0519135 0.0514718 0.0510575 0.0503007 0.048619 0.0453818 0.0402121 0.0332788 0.0253641
 0.00517347 0.00847375 0.0128878 0.0184278 0.0249585 0.0320931 0.0391723 0.0454344 0.0502989 0.0535507 0.0553085 0.0558648 0.0555484 0.0546664 0.0534932 0.0522623 0.0511469 0.0502168 0.0493742 0.0482925 0.0464289 0.0431801 0.0381732 0.0315477 0.0240253
 0.00539415 0.00883609 0.0134399 0.0192171 0.0260227 0.0334461 0.0407896 0.0472467 0.0522017 0.0554243 0.0570374 0.0573496 0.0567079 0.0554345 0.0538137 0.0520875 0.0504418 0.0489718 0.047621 0.0461191 0.0439846 0.0406641 0.0358023 0.0295101 0.0224365
 0.00564255 0.00924062 0.0140502 0.0200801 0.0271744 0.0348981 0.0425143 0.049172 0.0542199 0.0574112 0.0588719 0.0589252 0.0579377 0.0562507 0.0541642 0.0519307 0.0497447 0.0477166 0.0458222 0.0438459 0.0413779 0.0379328 0.0331895 0.0272377 0.0206488
 0.00589347 0.00965251 0.0146773 0.0209752 0.0283781 0.0364226 0.0443266 0.0511892 0.0563219 0.0594648 0.0607526 0.0605286 0.0591811 0.0570706 0.054512 0.0517681 0.0490417 0.0464549 0.0440095 0.0415395 0.0387072 0.0351031 0.0304529 0.0248343 0.0187425
 0.00613071 0.010042 0.0152709 0.021824 0.0295235 0.0378807 0.0460726 0.0531502 0.0583861 0.0615017 0.0626341 0.062143 0.0604394 0.0579067 0.054879 0.0516321 0.0483769 0.0452453 0.0422605 0.039301 0.0360973 0.0323161 0.0277357 0.0224292 0.0168212
 0.00635778 0.0104177 0.0158484 0.0226568 0.0306549 0.0393268 0.0478051 0.0550913 0.0604198 0.0634968 0.0644655 0.063704 0.0616453 0.0586949 0.0552056 0.051468 0.0477025 0.0440506 0.0405542 0.0371301 0.033571 0.0296159 0.0250955 0.0200829 0.0149388
 0.00659603 0.0108045 0.0164297 0.0234758 0.0317445 0.0406977 0.0494326 0.0569086 0.062325 0.0653703 0.0661881 0.0651706 0.0627719 0.0594203 0.0554894 0.0512854 0.0470393 0.042902 0.0389324 0.0350813 0.0311963 0.0270815 0.0226164 0.0178762 0.0131642
 0.00682939 0.0111875 0.0170126 0.0243064 0.0328574 0.0420985 0.0510823 0.0587207 0.0641806 0.0671436 0.0677682 0.0664708 0.0637293 0.0599916 0.0556466 0.0510123 0.0463283 0.0417543 0.0373639 0.0331375 0.0289706 0.0247242 0.0203209 0.0158372 0.0115251
 0.0070333 0.0115259 0.0175346 0.0250616 0.0338857 0.0434131 0.0526527 0.0604672 0.0659848 0.0688724 0.0692975 0.0677021 0.0645965 0.060459 0.0557026 0.0506592 0.0455753 0.0406145 0.0358605 0.0313169 0.0269183 0.022574 0.0182419 0.0139989 0.0100514
 0.00727286 0.0119122 0.0181101 0.0258637 0.0349399 0.0447214 0.0541819 0.0621429 0.0677001 0.0705049 0.0707296 0.068835 0.0653597 0.0608135 0.0556389 0.0501906 0.044728 0.0394208 0.0343588 0.0295609 0.0249903 0.0205926 0.0163526 0.0123447 0.00873414
 0.0074368 0.0121877 0.0185409 0.0264951 0.0358076 0.0458359 0.0555129 0.0636167 0.0692128 0.0719453 0.0719981 0.0698525 0.0660677 0.0611732 0.0556309 0.0498145 0.0440005 0.0383723 0.0330322 0.0280144 0.0233047 0.0188749 0.0147275 0.0109309 0.00761394
 0.00753292 0.0123455 0.0187821 0.0268432 0.0362863 0.0464641 0.056298 0.0645467 0.0702517 0.0730338 0.0730599 0.0708051 0.0668342 0.0616925 0.0558613 0.0497344 0.0436064 0.0376782 0.03207 0.0268361 0.0219852 0.0175111 0.0134285 0.00979761 0.00671511
 0.0075965 0.0124441 0.0189221 0.0270287 0.0365207 0.0467519 0.0566456 0.0649616 0.0707403 0.0735968 0.0736861 0.0714658 0.0674815 0.0622639 0.0562902 0.0499618 0.043591 0.0374014 0.0315386 0.026084 0.0210735 0.0165239 0.0124617 0.00894004 0.00602822
 0.0076398 0.0125094 0.0190109 0.0271393 0.0366486 0.0468923 0.056795 0.0651204 0.0709146 0.0737994 0.0739335 0.0717713 0.0678456 0.0626665 0.0566885 0.0502969 0.0438 0.0374324 0.0313628 0.0257041 0.0205255 0.0158724 0.0117875 0.00832143 0.00552209
 0.00772699 0.0126384 0.019181 0.0273409 0.0368659 0.0471066 0.0569889 0.0652802 0.0710329 0.0738777 0.0739841 0.0718152 0.067907 0.062763 0.0568225 0.0504493 0.0439318 0.0374938 0.0313087 0.0255091 0.0201947 0.0154426 0.0113173 0.00787417 0.00514741
 0.00775812 0.0126908 0.0192627 0.0274589 0.0370222 0.0472944 0.0571897 0.0654666 0.0711775 0.0739632 0.0740102 0.0717978 0.0678717 0.0627366 0.0568245 0.0504855 0.04399 0.037545 0.0313149 0.0254366 0.0200284 0.0151934 0.0110201 0.00757476 0.00488655
 0.00781658 0.0127775 0.0193778 0.0275978 0.0371778 0.0474597 0.0573591 0.0656342 0.0713335 0.0740929 0.0740966 0.0718286 0.0678455 0.0626659 0.0567315 0.0503935 0.0439137 0.0374841 0.031254 0.0253527 0.0199024 0.0150214 0.0108162 0.007366 0.0047009
 0.00783518 0.0128091 0.0194277 0.0276706 0.0372753 0.0475786 0.0574892 0.0657609 0.0714429 0.0741767 0.0741532 0.07186 0.0678533 0.0626504 0.0566942 0.0503402 0.0438532 0.0374238 0.0311942 0.0252858 0.0198176 0.0149123 0.0106871 0.00723098 0.00457759
 0.00788264 0.0128766 0.0195115 0.0277619 0.0373634 0.0476556 0.0575535 0.0658157 0.0714922 0.0742215 0.0741904 0.0718846 0.0678614 0.0626407 0.0566679 0.0502996 0.043802 0.0373658 0.0311322 0.0252196 0.0197443 0.0148293 0.0105958 0.00713833 0.0044934
 0.00789304 0.0128954 0.0195427 0.027809 0.0374273 0.0477313 0.0576296 0.0658773 0.0715275 0.0742276 0.074175 0.0718606 0.0678404 0.0626275 0.056661 0.050294 0.0437929 0.0373501 0.0311086 0.0251875 0.0197032 0.0147795 0.0105394 0.00708012 0.00443966
 0.00790686 0.0129151 0.0195675 0.027837 0.0374566 0.0477615 0.057662 0.0659133 0.071566 0.0742634 0.0742007 0.0718704 0.0678339 0.0626099 0.0566394 0.0502738 0.0437753 0.0373334 0.0310897 0.0251639 0.0196736 0.014744 0.0104999 0.00703997 0.00440303
 0.00788804 0.0128839 0.0195195 0.0277683 0.0373648 0.0476482 0.0575345 0.0657854 0.0714553 0.0741875 0.0741712 0.0718904 0.067897 0.0627035 0.0567496 0.0503887 0.0438864 0.0374345 0.0311762 0.025232 0.0197213 0.0147716 0.0105103 0.00703784 0.00439398
 0.00790759 0.0129068 0.0195377 0.0277687 0.0373332 0.0475746 0.0574183 0.0656366 0.0712926 0.074033 0.0740463 0.0718115 0.0678729 0.0627341 0.0568262 0.0504969 0.04401 0.0375591 0.0312905 0.0253287 0.0197964 0.0148241 0.0105422 0.00705343 0.00439862
 0.00788248 0.0128692 0.0194866 0.0277043 0.0372553 0.0474811 0.0573053 0.0655011 0.0711366 0.0738676 0.0738912 0.0716907 0.0678076 0.0627365 0.0568963 0.0506238 0.0441751 0.0377412 0.0314699 0.0254899 0.0199297 0.0149255 0.0106126 0.00709751 0.00442302
 0.00785016 0.0128145 0.0194008 0.0275793 0.0370864 0.0472719 0.0570699 0.0652623 0.0709196 0.0736921 0.0737678 0.0716227 0.0677959 0.0627821 0.0569997 0.050781 0.0443756 0.0379678 0.0317019 0.0257075 0.0201175 0.0150747 0.0107215 0.00717021 0.00446704
 0.00785193 0.0128119 0.0193867 0.027543 0.0370163 0.0471589 0.0569118 0.0650665 0.0707028 0.0734772 0.0735794 0.0714814 0.0677144 0.0627645 0.0570437 0.0508805 0.0445216 0.038148 0.0319005 0.0259063 0.0202993 0.0152267 0.0108376 0.00725093 0.00451794
 0.00783882 0.0127931 0.0193628 0.0275151 0.0369845 0.0471202 0.0568592 0.0649912 0.0705979 0.0733435 0.0734268 0.0713287 0.0675837 0.0626756 0.0570091 0.0509038 0.0445987 0.0382688 0.0320508 0.0260694 0.0204581 0.0153669 0.0109498 0.00733226 0.0045712
 0.00779614 0.0127237 0.0192586 0.0273701 0.0367974 0.0468977 0.0566182 0.0647562 0.0703946 0.0731899 0.0733296 0.0712848 0.0675865 0.0627204 0.0570943 0.0510293 0.0447619 0.0384627 0.0322636 0.0262861 0.0206627 0.0155453 0.0110927 0.00743689 0.00464082
 0.00777823 0.01269 0.0191995 0.027274 0.0366536 0.0467014 0.0563751 0.0644843 0.0701219 0.0729478 0.0731456 0.0711763 0.0675585 0.0627662 0.0572011 0.0511828 0.0449499 0.0386748 0.032489 0.0265122 0.0208757 0.0157321 0.011244 0.00754922 0.00471674
 0.00773118 0.0126157 0.0190916 0.0271276 0.036466 0.0464728 0.0561105 0.0641955 0.0698277 0.0726732 0.0729185 0.0710224 0.067496 0.0628018 0.0573281 0.0513842 0.0452035 0.0389576 0.0327808 0.0267953 0.0211348 0.015955 0.0114227 0.00768137 0.0048062
 0.00770106 0.0125636 0.0190078 0.0270017 0.0362898 0.046245 0.0558402 0.0639017 0.0695353 0.072407 0.0726986 0.0708645 0.0674118 0.0627997 0.057411 0.0515473 0.0454331 0.0392332 0.0330783 0.0270913 0.021409 0.0161918 0.0116128 0.00782239 0.00490205
 0.00769286 0.01255 0.0189864 0.0269693 0.0362417 0.0461748 0.055741 0.0637686 0.0693688 0.0722148 0.0724967 0.0706735 0.067253 0.0626912 0.057366 0.0515723 0.0455273 0.0393875 0.0332762 0.0273113 0.0216285 0.0163914 0.0117788 0.00794854 0.00498942
 0.00767296 0.0125214 0.0189503 0.0269288 0.0362009 0.0461364 0.0557044 0.0637298 0.0693206 0.0721499 0.0724105 0.0705672 0.0671356 0.0625782 0.0572759 0.0515226 0.0455296 0.0394454 0.033384 0.0274551 0.0217892 0.0165491 0.0119171 0.00805778 0.00506719
 0.00764799 0.0124818 0.0188926 0.0268515 0.0361051 0.0460275 0.0555926 0.063628 0.0692408 0.072098 0.0723838 0.0705565 0.0671298 0.0625704 0.0572669 0.0515205 0.0455463 0.0394917 0.0334645 0.0275661 0.0219195 0.0166828 0.012039 0.00815707 0.0051396
 0.00762353 0.0124441 0.0188398 0.0267831 0.036022 0.0459324 0.0554897 0.0635243 0.0691452 0.0720205 0.0723325 0.0705349 0.0671354 0.0625955 0.0573025 0.0515606 0.0455908 0.0395451 0.0335329 0.0276523 0.0220202 0.016789 0.0121392 0.00824145 0.00520294
 0.00760846 0.0124189 0.0188007 0.0267265 0.0359459 0.0458374 0.0553811 0.0634111 0.0690386 0.0719308 0.0722674 0.0704987 0.0671292 0.0626172 0.0573471 0.051621 0.0456605 0.0396203 0.0336129 0.027738 0.0221108 0.0168805 0.0122248 0.00831407 0.00525834
 0.00757381 0.0123678 0.0187335 0.0266465 0.0358581 0.0457466 0.0552904 0.0633226 0.068955 0.0718562 0.0722077 0.0704602 0.0671168 0.062633 0.0573895 0.0516857 0.0457412 0.0397105 0.0337075 0.0278333 0.0222041 0.0169686 0.0123037 0.00837965 0.00530807
 0.00757763 0.0123654 0.0187144 0.0265969 0.0357657 0.0456078 0.0551155 0.0631342 0.0687805 0.0717182 0.0721176 0.070419 0.0671192 0.062672 0.0574588 0.0517792 0.0458524 0.0398324 0.0338329 0.0279557 0.0223183 0.0170705 0.0123898 0.00844799 0.00535818
 0.00757598 0.0123659 0.0187203 0.0266113 0.0357885 0.0456321 0.0551265 0.063114 0.0687164 0.071611 0.0719838 0.0702837 0.0670066 0.0625974 0.0574267 0.0517864 0.0458916 0.0398953 0.033911 0.0280412 0.0224038 0.0171499 0.0124585 0.00850312 0.00539887
 0.00754666 0.0123215 0.0186601 0.0265373 0.0357062 0.0455497 0.0550533 0.0630576 0.068679 0.0715875 0.0719644 0.0702601 0.066978 0.0625717 0.057416 0.0518008 0.0459348 0.0399642 0.0339982 0.0281374 0.0224999 0.0172382 0.0125337 0.0085621 0.00544143
 0.00752728 0.0122915 0.0186177 0.0264823 0.03564 0.0454758 0.0549781 0.0629892 0.068626 0.071556 0.0719551 0.0702676 0.0669933 0.0625866 0.057428 0.0518134 0.0459554 0.0399993 0.0340497 0.0282021 0.0225712 0.0173083 0.0125959 0.00861224 0.00547814
 0.00753085 0.0122932 0.0186126 0.0264638 0.0356014 0.045414 0.0548954 0.0628946 0.0685322 0.0714761 0.0718988 0.0702398 0.0669928 0.0626075 0.0574621 0.0518536 0.0459984 0.0400455 0.0341013 0.0282601 0.0226335 0.0173702 0.0126519 0.00865818 0.00551214
 0.00749447 0.0122399 0.0185431 0.0263818 0.035512 0.0453209 0.0548 0.0627969 0.068434 0.0713835 0.0718223 0.0701915 0.0669817 0.0626363 0.0575262 0.0519432 0.046102 0.0401535 0.0342076 0.0283611 0.0227269 0.0174535 0.0127222 0.00871332 0.00555183
 0.00751548 0.012268 0.0185745 0.0264096 0.035529 0.0453227 0.0547872 0.0627738 0.0684052 0.0713502 0.0717823 0.0701424 0.0669256 0.0625803 0.0574801 0.0519151 0.0460951 0.0401661 0.0342348 0.0283976 0.0227679 0.0174948 0.0127604 0.00874552 0.00557642
 0.0074782 0.012214 0.0185051 0.0263297 0.0354447 0.0452385 0.0547048 0.0626931 0.0683277 0.0712812 0.0717302 0.0701149 0.0669257 0.0626063 0.0575271 0.0519784 0.0461713 0.040252 0.0343266 0.0284901 0.0228556 0.0175728 0.0128251 0.00879544 0.00561191
 0.0074782 0.012214 0.0185051 0.0263297 0.0354447 0.0452385 0.0547048 0.0626931 0.0683277 0.0712812 0.0717302 0.0701149 0.0669257 0.0626063 0.0575271 0.0519784 0.0461713 0.040252 0.0343266 0.0284901 0.0228556 0.0175728 0.0128251 0.00879544 0.00561191
 0.00738515 0.0120609 0.0182724 0.0260014 0.0350151 0.0447217 0.0541406 0.0621441 0.0678635 0.0709585 0.0715788 0.0701356 0.0670978 0.062897 0.0578993 0.052396 0.0466028 0.0406722 0.034717 0.0288378 0.0231519 0.0178133 0.0130094 0.00892772 0.00569995
 0.00728927 0.0119003 0.0180223 0.0256364 0.0345162 0.044086 0.0533926 0.0613394 0.067083 0.0702927 0.0711084 0.0699147 0.0671437 0.0631898 0.0583902 0.0530207 0.0472953 0.0413742 0.0353824 0.0294341 0.0236587 0.018221 0.0133184 0.00914657 0.00584365
 0.00730462 0.0119168 0.0180307 0.0256205 0.0344538 0.0439525 0.053166 0.0610066 0.0666473 0.0697799 0.0705687 0.0694163 0.0667588 0.0629761 0.0583766 0.0532011 0.0476332 0.0418153 0.035868 0.0299121 0.0240901 0.0185817 0.0135984 0.00934789 0.00597711
 0.00730615 0.0119247 0.0180518 0.0256625 0.0345204 0.0440375 0.0532479 0.0610508 0.0666143 0.0696386 0.0703091 0.0690567 0.0663453 0.0625738 0.0580541 0.0530125 0.0476038 0.0419368 0.0361046 0.0302135 0.0244055 0.0188707 0.0138361 0.00952531 0.0060975
 0.00720888 0.0117742 0.0178403 0.0253903 0.034198 0.0436869 0.0529025 0.0607492 0.0663884 0.0695011 0.070248 0.0690427 0.0663479 0.0625782 0.0580685 0.0530643 0.0477254 0.0421488 0.0364044 0.0305744 0.0247859 0.0192273 0.0141364 0.00975351 0.00625434
 0.00719315 0.0117416 0.0177786 0.0252844 0.0340344 0.0434609 0.0526244 0.0604455 0.0660963 0.0692579 0.0700799 0.0689574 0.0663342 0.0626127 0.0581286 0.0531398 0.0478227 0.0422849 0.0365938 0.0308168 0.0250626 0.0195074 0.0143881 0.00995516 0.00639862
 0.00721954 0.011784 0.0178408 0.025367 0.0341326 0.043561 0.0527034 0.0604755 0.066055 0.0691389 0.0698978 0.0687429 0.0661221 0.0624292 0.0579859 0.0530383 0.0477601 0.0422626 0.0366177 0.0308912 0.0251824 0.0196559 0.0145415 0.0100911 0.0065035
 0.00711223 0.011623 0.0176239 0.0251021 0.0338366 0.0432568 0.0524164 0.0602299 0.065868 0.0690171 0.0698368 0.0687329 0.0661548 0.0625021 0.0580995 0.0531921 0.0479488 0.042478 0.0368515 0.0311359 0.0254298 0.019894 0.0147555 0.0102674 0.00663494
 0.0071623 0.0116914 0.0177028 0.025177 0.0338906 0.0432784 0.0524046 0.0601933 0.0658194 0.0689657 0.0697835 0.068672 0.066079 0.0624092 0.0579958 0.0530911 0.0478666 0.0424277 0.03684 0.0311637 0.0254913 0.0199789 0.0148499 0.0103571 0.00670903
 0.00720673 0.0117721 0.0178386 0.0253871 0.0341856 0.0436488 0.0528133 0.0605813 0.0661235 0.0691407 0.0698156 0.0685749 0.0658819 0.0621434 0.0576886 0.0527665 0.0475475 0.0421359 0.0365941 0.0309757 0.0253646 0.0199081 0.0148229 0.0103585 0.00672397
 0.00721923 0.0117958 0.0178813 0.0254599 0.0343027 0.0438244 0.0530566 0.0608891 0.0664736 0.0694905 0.0701103 0.068764 0.0659352 0.0620591 0.0574894 0.0524884 0.0472291 0.0418124 0.0362943 0.0307211 0.0251676 0.0197713 0.0147398 0.0103164 0.00670832
 0.0072132 0.0117879 0.0178732 0.0254554 0.0343075 0.0438471 0.0531079 0.0609807 0.0666152 0.0696842 0.0703448 0.0690113 0.0661548 0.062209 0.0575403 0.052433 0.0470827 0.0416056 0.0360633 0.0304985 0.0249775 0.0196264 0.014642 0.0102587 0.00667966
 0.00709597 0.0116005 0.0175983 0.0250814 0.0338349 0.0432948 0.0525193 0.0604222 0.0661634 0.069408 0.0702867 0.0691786 0.066518 0.062709 0.058102 0.0529823 0.0475635 0.0419891 0.0363475 0.0306996 0.0251184 0.019728 0.0147183 0.0103171 0.00672323
 0.00712336 0.0116314 0.0176193 0.0250706 0.0337664 0.0431472 0.052284 0.0601086 0.0658001 0.0690393 0.0699662 0.0689584 0.0664365 0.0627798 0.0583084 0.0532819 0.0479 0.0423092 0.0366144 0.0308991 0.0252554 0.0198175 0.0147765 0.0103563 0.00675032
