SBPRF35
7.78865
Curr Bio
477270
B35
675333
F35
0.211313
FOFL
0.14194
OFL
52719.9
Bzero
2.22533e+006
#pred survey bio
 4.50771e+006 4.28076e+006 4.05521e+006 3.76728e+006 3.451e+006 3.12817e+006 2.82032e+006 2.53797e+006 2.24543e+006 1.98038e+006 1.76022e+006 1.56642e+006 1.38712e+006 1.2078e+006 1.0622e+006 937837 853221 797638 767455 738223 695279 671597 658976 640954 636548 627223 623613 617079 617163 613464 616359 603358 590882 582403 577013 560722 551224 544184 547431 550951 560460 564499 574368 575628 580615 584090 588576 592143 589506 589229 591720 583474 553126 535494 523327 542762 518800 507002 491993 481855 1.64105e+007 9.59553e+006 9.74403e+006 1.05512e+007 1.17146e+007 1.2943e+007 1.40594e+007 1.49884e+007 1.57189e+007 1.6272e+007 1.66804e+007 1.69772e+007 1.71907e+007 1.73437e+007 1.74531e+007 1.75316e+007 1.75882e+007 1.76291e+007 1.76589e+007 1.76807e+007 1.76969e+007 1.77089e+007 1.77178e+007 1.77246e+007 1.77296e+007 1.77335e+007 1.77364e+007 1.77386e+007 1.77403e+007 1.77416e+007 1.77426e+007 1.77434e+007 1.7744e+007 1.77444e+007 1.77448e+007 1.77451e+007 1.77453e+007 1.77454e+007 1.77456e+007 1.77457e+007 1.77457e+007 1.77458e+007 1.77458e+007 1.77459e+007 1.77459e+007 1.77459e+007 1.77459e+007 1.77459e+007 1.7746e+007 1.7746e+007 1.7746e+007 1.7746e+007 1.7746e+007 1.7746e+007 1.7746e+007 1.7746e+007 1.7746e+007 1.7746e+007 1.7746e+007 1.7746e+007 1.7746e+007 1.7746e+007 1.7746e+007 1.7746e+007 1.7746e+007 1.7746e+007 1.7746e+007 1.7746e+007 1.7746e+007 1.7746e+007 1.7746e+007 1.7746e+007 1.7746e+007 1.7746e+007 1.7746e+007 1.7746e+007 1.7746e+007 1.7746e+007 1.7746e+007 1.7746e+007 1.7746e+007 1.7746e+007 1.7746e+007 1.7746e+007 1.7746e+007 1.7746e+007 1.7746e+007 1.7746e+007 1.7746e+007 1.7746e+007 1.7746e+007 1.7746e+007 1.7746e+007 1.7746e+007 1.7746e+007 1.7746e+007 1.7746e+007 1.7746e+007 1.7746e+007 1.7746e+007 0 0 0 0 0 0 0 0 0 0 0 0 0 0 0 0 0 0 0 0 0 0 0 0 0
#obs survey bio
 3.79407e+006 3.81723e+006 2.42446e+006 2.82168e+006 2.79484e+006 2.52433e+006 2.79743e+006 2.08828e+006 2.02383e+006 1.6099e+006 1.36526e+006 1.64536e+006 1.12609e+006 814595 683079 604648 732507 517438 643842 756805 518892 537828 766355 408698 702407 527800 518807 559002 558324 690088 524140 474369 655263 541096 499394 764787 543144 621610 567575 380302 504095 469934 669783 677397 642684 441232 748200 626254 384845 674093 506752 629745 599310 367184 557734 453253 499500 725937 520422 550225
#pred catch bio
 93675 91772.1 159047 206008 239598 256068 262436 298900 297830 276477 266844 263491 269258 243118 226662 193545 169216 147476 145144 152877 132212 119205 120238 106451 109073 103008 104554 97884.2 99429.8 92018.8 103117 99433.7 92673.3 86774.2 92531 85539.1 86414.7 82156.7 84990 81871.7 88057.5 84389.6 91955.7 88374.7 89520.4 89082.8 90238.1 95212.1 92540.9 89411.3 97568.1 114719 102761 97439.9 70529.4 104832 90925.8 90263.4 81992.6 79110.5 52719.9 73835.4 73458.6 78101.7 86353.1 95407.8 103602 110290 115404 119139 121779 123598 124828 125647 126186 126538 126765 126912 127006 127065 127103 127128 127143 127153 127159 127163 127165 127166 127167 127168 127168 127169 127169 127169 127169 127169 127169 127169 127169 127169 127169 127169 127169 127169 127169 127169 127169 127169 127169 127169 127169 127169 127169 127169 127169 127169 127169 127169 127169 127169 127169 127169 127169 127169 127169 127169 127169 127169 127169 127169 127169 127169 127169 127169 127169 127169 127169 127169 127169 127169 127169 127169 127169 127169 127169 127169 127169 127169 127169 127169 127169 127169 127169 127169 127169 127169 127169 127169 127169 127169 0 0 0 0 0 0 0 0 0 0 0 0 0 0 0 0 0 0 0 0 0 0 0 0 0
#obs catch bio
 0 91495.4 160062 207727 242730 260659 266947 306955 306087 284626 274754 270176 277258 249919 233426 199724 174196 151723 148936 157035 135610 121557 122071 107772 110776 104376 106273 99388.3 101014 92800.6 104574 100990 93672.9 87441.2 93656 85971.7 87001.7 82466.8 85422.6 81930.2 88321.2 84988.2 92640.8 88783.9 89628.8 89446.3 90646.8 95767.4 93218.1 89642.2 97691.4 115114 102714 98412.3 70212.7 105489 91068.6 90480.9 81918.4 79109.6
#pred cpue bio
 4.43287e+006 4.21113e+006 3.98961e+006 3.70337e+006 3.38821e+006 3.06673e+006 2.7604e+006 2.47954e+006 2.18905e+006 1.92619e+006 1.70812e+006 1.51658e+006 1.3397e+006 1.16312e+006 1.01973e+006 897289 813973 759492 730175 702184 661055 638638 627095 610154 606037 597135 593737 587481 587819 584710 587989 575768 564164 556568 551991 536732 527063 518671 520641 523894 533185 536974 546445 547834 552928 556356 560549 563988 561539 561448 564142 556218 526549 509119 497320 516668 494142 483114 469088 460113 1.57065e+007 9.19627e+006 9.20032e+006 9.83248e+006 1.0931e+007 1.21432e+007 1.32562e+007 1.41846e+007 1.49149e+007 1.5468e+007 1.58764e+007 1.61732e+007 1.63867e+007 1.65396e+007 1.66491e+007 1.67276e+007 1.67842e+007 1.68251e+007 1.68549e+007 1.68767e+007 1.68929e+007 1.69049e+007 1.69138e+007 1.69205e+007 1.69256e+007 1.69295e+007 1.69324e+007 1.69346e+007 1.69363e+007 1.69376e+007 1.69386e+007 1.69394e+007 1.694e+007 1.69404e+007 1.69408e+007 1.69411e+007 1.69413e+007 1.69414e+007 1.69415e+007 1.69416e+007 1.69417e+007 1.69418e+007 1.69418e+007 1.69419e+007 1.69419e+007 1.69419e+007 1.69419e+007 1.69419e+007 1.69419e+007 1.6942e+007 1.6942e+007 1.6942e+007 1.6942e+007 1.6942e+007 1.6942e+007 1.6942e+007 1.6942e+007 1.6942e+007 1.6942e+007 1.6942e+007 1.6942e+007 1.6942e+007 1.6942e+007 1.6942e+007 1.6942e+007 1.6942e+007 1.6942e+007 1.6942e+007 1.6942e+007 1.6942e+007 1.6942e+007 1.6942e+007 1.6942e+007 1.6942e+007 1.6942e+007 1.6942e+007 1.6942e+007 1.6942e+007 1.6942e+007 1.6942e+007 1.6942e+007 1.6942e+007 1.6942e+007 1.6942e+007 1.6942e+007 1.6942e+007 1.6942e+007 1.6942e+007 1.6942e+007 1.6942e+007 1.6942e+007 1.6942e+007 1.6942e+007 1.6942e+007 1.6942e+007 1.6942e+007 1.6942e+007 1.6942e+007 1.6942e+007 1.6942e+007 0 0 0 0 0 0 0 0 0 0 0 0 0 0 0 0 0 0 0 0 0 0 0 0 0
#obs cpue bio
 4.67018e+006 2.25364e+006 3.28978e+006 2.95989e+006 2.07639e+006 1.89677e+006 2.84874e+006 1.57634e+006 2.00355e+006 1.38929e+006 1.75418e+006 1.67497e+006 1.16522e+006 1.21808e+006 1.05918e+006 676791 639759 626838 733826 577375 500289 720759 665821 721030 408546 586959 498498 468012 558430 612767 503422 484945 570774 590760 479664 519909 471387 483194 467424 915269 545306 352928 506506 473331 661019 534047 393400 490792 653750 615400 734032 529350 525874 398806 714474 566065 475770 353033 521207 397380
#pred surv len freq
 0.00480302 0.00786517 0.0119615 0.0171093 0.0231981 0.0298952 0.0366243 0.0427161 0.0476637 0.0512901 0.0537199 0.0552291 0.056104 0.0565639 0.0567275 0.0566048 0.0561132 0.0551106 0.0534243 0.0508602 0.0472103 0.0423083 0.0361558 0.0290632 0.0216787
 0.00507262 0.00818545 0.0122313 0.0171773 0.0229224 0.0292273 0.0356639 0.0416878 0.0468172 0.0507803 0.053541 0.0552376 0.0561079 0.0564244 0.056424 0.0562421 0.0558725 0.0551669 0.0538637 0.0516358 0.0481609 0.0432292 0.0368843 0.0295315 0.0219123
 0.00538439 0.00869351 0.0129886 0.0182086 0.0241903 0.0305989 0.0369073 0.0425315 0.0470615 0.0503999 0.0526994 0.0541927 0.0550747 0.0554886 0.0555586 0.0553942 0.0550466 0.0544455 0.0533601 0.0514181 0.0482038 0.0434246 0.0370999 0.0296738 0.021955
 0.00564836 0.00912922 0.0136574 0.0191734 0.0255027 0.0322743 0.0388903 0.0446678 0.0490991 0.052035 0.0536641 0.0543507 0.0544683 0.0543048 0.0540333 0.0537212 0.0533492 0.0528057 0.0518562 0.0501282 0.0471764 0.0426541 0.0365346 0.0292494 0.0216261
 0.00590931 0.00955074 0.0142879 0.0200592 0.0266835 0.0337737 0.0407018 0.0467397 0.0513241 0.0542447 0.0556344 0.0558287 0.0552304 0.0542273 0.0531371 0.0521602 0.0513483 0.0505928 0.0496234 0.0480241 0.0453083 0.041086 0.035285 0.0283003 0.0209389
 0.00616826 0.00996971 0.014915 0.0209386 0.027849 0.0352372 0.0424423 0.0486993 0.053415 0.0563603 0.0576523 0.0576033 0.0565881 0.0549834 0.0531403 0.0513478 0.0497793 0.0484382 0.0471201 0.0454195 0.0428187 0.0388737 0.0334493 0.0268781 0.019913
 0.00645634 0.0104271 0.0155834 0.021851 0.0290257 0.0366796 0.0441242 0.0505625 0.0553754 0.0583211 0.0595158 0.0592735 0.0579629 0.0559446 0.0535554 0.0510925 0.0487806 0.0467175 0.0448104 0.0427461 0.0400495 0.0362631 0.0311921 0.0250845 0.0186049
 0.00670047 0.0108272 0.0161912 0.0227155 0.0301828 0.038136 0.0458426 0.0524595 0.0573375 0.060231 0.0612731 0.0608008 0.0591975 0.0568242 0.0540045 0.0510203 0.0480974 0.0453711 0.0428297 0.0402659 0.0373001 0.0335218 0.0287172 0.0230562 0.0170965
 0.00697129 0.0112661 0.0168494 0.0236407 0.0314107 0.039677 0.0476664 0.054487 0.0594483 0.0622845 0.0631329 0.0623544 0.0603661 0.0575605 0.0542784 0.0508012 0.047345 0.0440466 0.0409296 0.0378626 0.0345644 0.0307045 0.0260916 0.0208446 0.0154162
 0.00723535 0.0116921 0.0174848 0.0245278 0.0325802 0.0411362 0.0493864 0.0563974 0.0614442 0.0642433 0.0649319 0.0638824 0.0615317 0.0582969 0.0545439 0.0505724 0.0466066 0.0427879 0.0391571 0.03563 0.0320017 0.0280214 0.0235397 0.0186505 0.0137182
 0.00745033 0.0120409 0.0180088 0.0252655 0.0335608 0.0423694 0.0508506 0.0580351 0.0631688 0.0659543 0.0665288 0.0652734 0.0626363 0.0590477 0.0548877 0.0504708 0.0460349 0.0417351 0.0376333 0.0336841 0.0297429 0.0256263 0.0212285 0.0166327 0.0121331
 0.00768957 0.0124201 0.0185614 0.026017 0.0345249 0.0435428 0.0522058 0.0595167 0.0646993 0.0674458 0.0678962 0.066442 0.0635448 0.0596469 0.0551388 0.0503424 0.0455029 0.0407856 0.0362716 0.0319506 0.0277303 0.0234858 0.019151 0.0148043 0.0106835
 0.00794869 0.0128364 0.0191781 0.0268688 0.0356298 0.0448893 0.0537417 0.061149 0.0663103 0.0689197 0.0691408 0.0673972 0.0641787 0.0599467 0.0551019 0.0499691 0.0447923 0.0397375 0.0348953 0.0302808 0.0258439 0.0215096 0.0172468 0.013132 0.00935577
 0.00831324 0.0134116 0.0200107 0.0279894 0.0370457 0.0465749 0.0556276 0.0631187 0.068214 0.0706022 0.0704706 0.0682871 0.0645926 0.0598948 0.0546263 0.0491259 0.0436356 0.0383116 0.033238 0.0284376 0.0238854 0.0195417 0.0154018 0.0115392 0.00810377
 0.00867605 0.0139826 0.0208344 0.0290932 0.0384336 0.0482192 0.0574594 0.0650268 0.0700586 0.0722395 0.0717772 0.0691733 0.0650085 0.0598299 0.0541067 0.0482057 0.0423843 0.036801 0.0315357 0.0266098 0.0220083 0.0177093 0.0137218 0.0101116 0.00699349
 0.00896655 0.0144557 0.0215466 0.0300941 0.0397524 0.0498445 0.0593218 0.066997 0.0719702 0.0739256 0.0731026 0.0700499 0.0653949 0.0597247 0.0535401 0.0472324 0.041076 0.0352385 0.0298026 0.0247901 0.0201882 0.0159801 0.0121747 0.00882352 0.00600722
 0.00910023 0.0146745 0.0218796 0.030572 0.0404043 0.0506915 0.0603664 0.0682129 0.0732967 0.0752704 0.0743523 0.0710884 0.0661234 0.0600774 0.0534908 0.0467921 0.0402858 0.0341607 0.028514 0.0233763 0.0187405 0.0145909 0.0109299 0.0077899 0.00521925
 0.00913811 0.0147368 0.0219755 0.0307126 0.040603 0.0509645 0.0607309 0.0686846 0.0738849 0.0759705 0.0751385 0.0719081 0.0668994 0.0607196 0.0539139 0.0469345 0.0401204 0.0336987 0.0277996 0.0224794 0.0177467 0.0135914 0.0100098 0.00701469 0.00462401
 0.00904495 0.0145977 0.0217896 0.0304887 0.0403595 0.0507276 0.0605339 0.0685665 0.0738865 0.076128 0.0754737 0.0724192 0.0675544 0.0614549 0.0546417 0.0475574 0.0405528 0.033885 0.0277253 0.0221721 0.0172679 0.0130222 0.00943378 0.00650104 0.0042157
 0.00896998 0.0144825 0.0216291 0.0302838 0.040118 0.0504652 0.0602745 0.0683412 0.0737295 0.0760706 0.0755394 0.0726208 0.0678913 0.0619093 0.0551748 0.0481096 0.0410507 0.0342566 0.027919 0.0221704 0.0170922 0.0127251 0.00908329 0.0061613 0.00393196
 0.00900093 0.014533 0.0217051 0.0303897 0.0402543 0.0506253 0.060443 0.0684956 0.0738464 0.076134 0.0755474 0.0725871 0.0678417 0.0618737 0.0551768 0.0481566 0.0411278 0.0343295 0.0279447 0.0221145 0.0169431 0.0124993 0.0088182 0.00590093 0.00371137
 0.00893234 0.0144238 0.0215457 0.030175 0.0399871 0.0503204 0.0601294 0.0682133 0.073636 0.0760248 0.0755489 0.0726904 0.068027 0.0621197 0.0554654 0.0484721 0.0414526 0.0346391 0.0282087 0.022303 0.0170376 0.0125013 0.00874957 0.00579525 0.00360163
 0.00895671 0.0144361 0.0215145 0.0300557 0.0397357 0.0499145 0.0595858 0.0675911 0.0730228 0.0755118 0.0752081 0.0725601 0.0681088 0.0623843 0.0558648 0.0489523 0.0419629 0.0351361 0.0286553 0.0226695 0.0173048 0.0126652 0.00882308 0.00580423 0.00357584
 0.00912324 0.0146829 0.0218394 0.0304358 0.0401271 0.0502562 0.0598081 0.0676299 0.0728409 0.0751185 0.0746648 0.0719645 0.0675643 0.0619698 0.0556184 0.0488718 0.0420172 0.0352798 0.0288411 0.0228556 0.0174598 0.0127715 0.00887801 0.00581751 0.00356374
 0.00907077 0.0146192 0.0217827 0.0304144 0.0401687 0.0503726 0.0599823 0.0678157 0.0729759 0.0751461 0.0745548 0.071726 0.0672441 0.0616387 0.0553481 0.0487133 0.0419884 0.0353656 0.0290043 0.0230511 0.0176472 0.0129231 0.00898202 0.00587628 0.00358864
 0.00914089 0.0147119 0.0218843 0.0305024 0.0402226 0.0503875 0.0599764 0.0678224 0.073023 0.0752343 0.0746513 0.0717783 0.0672078 0.0615005 0.0551336 0.0484751 0.0417835 0.0352342 0.0289582 0.023076 0.0177137 0.0130006 0.00904808 0.00592094 0.00361234
 0.00912008 0.0146888 0.021868 0.0305051 0.0402525 0.0504408 0.0600342 0.0678589 0.0730208 0.0751969 0.0746017 0.0717424 0.0671952 0.0614987 0.0551197 0.0484347 0.0417221 0.0351737 0.028923 0.0230789 0.0177511 0.0130571 0.00910574 0.00596714 0.0036426
 0.00903661 0.0145703 0.0217222 0.0303514 0.0401182 0.0503533 0.0600132 0.0679092 0.0731301 0.0753386 0.0747437 0.0718593 0.0672765 0.0615475 0.0551437 0.0484391 0.0417095 0.0351493 0.0288971 0.0230637 0.0177541 0.0130771 0.00913495 0.00599618 0.00366514
 0.00888508 0.0143351 0.0213903 0.0299216 0.0396054 0.0497925 0.0594607 0.0674369 0.0728086 0.0752156 0.0748281 0.0721208 0.0676589 0.0619884 0.0555907 0.0488567 0.0420782 0.0354612 0.0291528 0.0232692 0.0179178 0.0132064 0.00923474 0.00606935 0.00371474
 0.00885867 0.0142786 0.0212806 0.02973 0.0393062 0.0493759 0.0589453 0.0668726 0.0722679 0.0747761 0.0745542 0.0720483 0.0677882 0.0622865 0.0560021 0.0493192 0.0425378 0.0358803 0.0295114 0.0235615 0.018147 0.0133801 0.00936149 0.00615761 0.00377245
 0.00875175 0.014117 0.0210593 0.0294501 0.0389716 0.0489894 0.0585084 0.0663915 0.0717627 0.0742875 0.0741409 0.0717751 0.0677068 0.0624189 0.0563326 0.0497994 0.0431008 0.0364581 0.0300493 0.0240247 0.0185204 0.0136639 0.0095652 0.00629529 0.00385948
 0.00862467 0.0139386 0.020843 0.0292257 0.0387762 0.0488527 0.0584394 0.066375 0.0717647 0.0742682 0.0740708 0.0716483 0.0675475 0.0622743 0.0562553 0.0498265 0.0432399 0.0366874 0.0303283 0.0243097 0.0187773 0.0138732 0.00972165 0.0064032 0.00392828
 0.00853432 0.0137872 0.0206087 0.0288908 0.0383376 0.0483343 0.0578989 0.0658941 0.0714229 0.0741111 0.0740931 0.0718021 0.0677687 0.0625121 0.0564889 0.0500627 0.0434974 0.0369784 0.0306473 0.0246352 0.0190808 0.0141307 0.00992064 0.00654352 0.00401864
 0.00843614 0.0136305 0.020378 0.028573 0.0379238 0.0478243 0.057308 0.0652603 0.0708086 0.073595 0.0737515 0.0716852 0.0678829 0.0628192 0.0569235 0.0505585 0.0440067 0.0374755 0.0311202 0.0250735 0.0194708 0.0144576 0.0101749 0.00672517 0.00413713
 0.00835038 0.0134888 0.020161 0.028262 0.0375058 0.0472989 0.0566941 0.0645973 0.0701508 0.0730027 0.0732837 0.0713937 0.0678054 0.0629694 0.0572835 0.0510797 0.0446233 0.0381223 0.0317455 0.025643 0.0199633 0.0148611 0.0104852 0.00694671 0.00428241
 0.00905081 0.0144719 0.0213523 0.0294939 0.0385632 0.0479939 0.0569267 0.0643713 0.0695469 0.0721371 0.0722759 0.0703521 0.0668232 0.0621224 0.0566252 0.0506354 0.0443866 0.0380599 0.0318089 0.0257813 0.0201331 0.0150302 0.0106326 0.00706189 0.00436339
 0.00973731 0.0155485 0.0228896 0.0315067 0.0409793 0.0506244 0.0594588 0.066416 0.0707501 0.0723041 0.0714379 0.0687343 0.0647447 0.059892 0.0544801 0.0487271 0.0427926 0.0368016 0.0308681 0.025115 0.0196867 0.0147485 0.0104665 0.00697139 0.00431846
 0.00967272 0.0155546 0.0231029 0.0321184 0.042181 0.0525193 0.0619819 0.0693079 0.0736037 0.0746671 0.0729305 0.0691453 0.0640773 0.0583448 0.0523711 0.0463962 0.0405234 0.0347839 0.0291976 0.0238139 0.0187291 0.0140821 0.0100293 0.00670214 0.00416393
 0.00935497 0.0150761 0.0224615 0.0313581 0.0414061 0.0519012 0.0617434 0.0696706 0.0746982 0.0764446 0.0751319 0.0713621 0.0658827 0.0594316 0.0526344 0.0459327 0.0395633 0.0335964 0.0280129 0.0227825 0.0179194 0.0134996 0.00964229 0.00646426 0.0040288
 0.00934935 0.0150262 0.0223126 0.0310399 0.0408581 0.0511129 0.0607906 0.0687245 0.0739948 0.0762183 0.075534 0.072393 0.0673679 0.0610639 0.0540725 0.0469161 0.0399879 0.0335202 0.0275999 0.0222235 0.0173685 0.0130466 0.00931651 0.00625496 0.00390747
 0.00937501 0.0150625 0.0223545 0.0310717 0.0408488 0.0510144 0.0605457 0.0682903 0.0733779 0.0755043 0.0748867 0.0720096 0.0674025 0.0615541 0.0549112 0.0478869 0.0408503 0.034101 0.0278439 0.0221856 0.017163 0.0127889 0.00908555 0.00608524 0.00380028
 0.00933064 0.0150125 0.0223195 0.0310826 0.0409352 0.0511874 0.0607825 0.0685312 0.0735404 0.0755121 0.0747046 0.07167 0.067007 0.0612409 0.0547961 0.0480074 0.0411464 0.0344467 0.0281112 0.0223013 0.0171274 0.0126548 0.00891999 0.0059382 0.00369406
 0.00915129 0.0147441 0.0219603 0.0306502 0.0404672 0.0507372 0.0604124 0.0682997 0.0734829 0.0756229 0.0749329 0.071939 0.0672498 0.0614325 0.0549624 0.0482021 0.0414102 0.0347751 0.0284535 0.0225901 0.0173157 0.0127362 0.00892208 0.00590078 0.00364945
 0.00910189 0.0146579 0.0218205 0.03044 0.0401768 0.0503735 0.0600073 0.0679085 0.073172 0.0754487 0.0749226 0.0720805 0.0674966 0.0617231 0.0552452 0.0484545 0.0416388 0.0349981 0.0286775 0.0228007 0.0174867 0.0128483 0.00897448 0.00590959 0.00363635
 0.00917668 0.0147513 0.0219087 0.0304827 0.0401272 0.0501955 0.0596907 0.0674771 0.0726794 0.0749672 0.0745275 0.0718324 0.067426 0.0618225 0.0554744 0.0487577 0.0419652 0.0353142 0.028967 0.0230545 0.0176961 0.0130051 0.00907683 0.00596495 0.003659
 0.00924639 0.0148643 0.0220762 0.0307097 0.0404048 0.0504929 0.0599528 0.067634 0.0726704 0.0747671 0.074162 0.0713719 0.0669615 0.061436 0.0552165 0.0486396 0.0419655 0.0353949 0.0290891 0.0231872 0.0178185 0.0131044 0.00914728 0.00600746 0.00367963
 0.00915186 0.014739 0.0219402 0.0305998 0.0403645 0.0505561 0.0601278 0.0678962 0.0729659 0.0750265 0.0743197 0.0713878 0.0668354 0.0612088 0.0549541 0.0484082 0.0418095 0.0353277 0.0290977 0.0232447 0.0178963 0.0131805 0.0092085 0.00604932 0.00370387
 0.00909211 0.0146388 0.0217856 0.0303809 0.0400842 0.0502392 0.0598256 0.0676765 0.072889 0.0751175 0.0745537 0.0716977 0.0671392 0.0614411 0.0550875 0.0484558 0.0418104 0.0353246 0.0291187 0.0232968 0.0179699 0.013259 0.00927757 0.00610115 0.00373749
 0.00903309 0.014556 0.0216846 0.0302733 0.0399819 0.0501477 0.0597415 0.0675932 0.0728079 0.0750555 0.0745389 0.071753 0.0672651 0.0616098 0.0552551 0.0485834 0.0418816 0.0353485 0.0291195 0.0232981 0.0179843 0.0132863 0.00931041 0.00613127 0.00376006
 0.00896849 0.0144516 0.0215299 0.0300615 0.0397146 0.0498398 0.0594232 0.0673047 0.0725878 0.0749286 0.0745118 0.0718195 0.0674137 0.061826 0.0555176 0.0488628 0.0421457 0.0355729 0.029295 0.0234299 0.0180843 0.013365 0.00937293 0.006179 0.0037936
 0.00902777 0.0145214 0.0215857 0.0300647 0.039623 0.0496252 0.0590864 0.0668807 0.0721365 0.074518 0.0742006 0.0716447 0.0673858 0.0619325 0.0557304 0.0491453 0.0424594 0.0358821 0.0295723 0.0236601 0.0182642 0.0134994 0.00946992 0.0062463 0.0038378
 0.00911247 0.0146653 0.0218113 0.03039 0.0400495 0.0501233 0.0595879 0.0672893 0.072359 0.0745012 0.0739519 0.0712268 0.0668894 0.0614448 0.0553135 0.0488292 0.0422458 0.0357545 0.0295062 0.0236314 0.0182547 0.0134984 0.00947231 0.00625003 0.00384179
 0.00932533 0.015005 0.0223102 0.0310722 0.0409236 0.0511715 0.0607529 0.0684691 0.0734157 0.0752871 0.0743454 0.0711654 0.0663892 0.0605959 0.0542532 0.0477029 0.0411735 0.0348134 0.0287305 0.0230234 0.0177985 0.0131703 0.00924739 0.00610445 0.00375386
 0.00924126 0.0149047 0.0222268 0.0310603 0.0410465 0.0514797 0.0612645 0.069161 0.0742272 0.0761301 0.0751159 0.0717579 0.0667155 0.0606076 0.0539575 0.0471629 0.0404891 0.0340914 0.0280582 0.0224544 0.0173529 0.0128442 0.00902328 0.00595998 0.003667
 0.00908052 0.0146581 0.0218856 0.0306329 0.0405642 0.0510012 0.0608745 0.0689558 0.0742875 0.0764882 0.075738 0.0725485 0.0675443 0.0613426 0.0544962 0.0474529 0.0405348 0.0339448 0.0277971 0.0221565 0.0170766 0.0126211 0.00886178 0.00585355 0.00360272
 0.00874413 0.0141179 0.0210878 0.0295391 0.0391683 0.0493519 0.0590946 0.0672409 0.0728726 0.0755911 0.075502 0.0730071 0.0686146 0.0628485 0.0562122 0.0491569 0.0420534 0.0351794 0.028724 0.0228078 0.0175118 0.0129024 0.00903959 0.00596352 0.00366842
 0.0088545 0.0142832 0.0213079 0.0297978 0.0394295 0.0495581 0.0591728 0.0671201 0.0725125 0.0750117 0.0747941 0.0723126 0.0680817 0.0625819 0.05624 0.0494277 0.0424627 0.0356109 0.0290883 0.0230617 0.0176561 0.0129646 0.00905394 0.00595746 0.00365799
 0.00867066 0.0140248 0.0209935 0.0294696 0.03914 0.0493489 0.0590564 0.0670743 0.0724893 0.0749562 0.0746681 0.0721148 0.0678561 0.0624065 0.0561965 0.049566 0.0427778 0.0360453 0.029557 0.0234862 0.0179882 0.0131925 0.0091927 0.00603313 0.00369542
 0.00840063 0.0136164 0.020438 0.0287849 0.0383724 0.0485705 0.0583584 0.0665513 0.0722125 0.0749458 0.0748827 0.0724684 0.0682558 0.0627902 0.0565512 0.0499177 0.0431632 0.0364815 0.0300274 0.0239478 0.0183935 0.0135096 0.00941429 0.00617205 0.003774
 0.00794736 0.0129266 0.0194891 0.0275914 0.0369861 0.0470778 0.0568782 0.0652285 0.0711983 0.0743649 0.0747996 0.0728691 0.0690526 0.0638492 0.0577311 0.0511057 0.0442915 0.0375211 0.0309669 0.024775 0.0190906 0.0140611 0.00981752 0.006442 0.00393857
#obs surv len freq
 nan nan nan nan nan nan nan nan nan nan nan nan nan nan nan nan nan nan nan nan nan nan nan nan nan
 0.00448422 0.00734567 0.0111762 0.0159936 0.021696 0.0279735 0.0342893 0.0400216 0.0447011 0.0481639 0.05052 0.0520136 0.0529037 0.0534141 0.0537267 0.0539804 0.0542581 0.0545502 0.0546886 0.0542803 0.0527184 0.0493509 0.0438012 0.0362821 0.0276667
 0.00461448 0.00755907 0.0115001 0.0164536 0.0223096 0.0287407 0.0351832 0.0409853 0.0456556 0.0490233 0.0512078 0.0524742 0.0531077 0.0533597 0.053435 0.0534879 0.0536081 0.0537854 0.0538482 0.0534013 0.0518396 0.0485153 0.0430536 0.0356601 0.0271913
 0.00478298 0.00783382 0.0119151 0.0170411 0.0230938 0.0297279 0.0363506 0.0422762 0.0469849 0.0502906 0.0523125 0.0533275 0.0536423 0.0535358 0.0532445 0.0529523 0.0527721 0.0527082 0.0525959 0.0520445 0.0504539 0.0471815 0.041852 0.0346569 0.0264232
 0.00497379 0.00814724 0.0123928 0.0177237 0.0240132 0.0308944 0.0377399 0.0438248 0.0485984 0.0518603 0.0537308 0.0544971 0.0544802 0.0539774 0.0532488 0.052507 0.0518964 0.0514513 0.0510333 0.0502736 0.0485905 0.0453538 0.0401865 0.0332572 0.0253475
 0.00518086 0.00848663 0.0129089 0.0184602 0.0250052 0.0321559 0.0392502 0.0455226 0.0503886 0.0536307 0.0553681 0.055897 0.0555521 0.0546458 0.0534554 0.0522143 0.0510928 0.0501587 0.0493126 0.0482282 0.0463637 0.0431172 0.0381161 0.0314998 0.0239885
 0.00541486 0.00886781 0.0134841 0.0192739 0.0260916 0.0335262 0.0408791 0.0473435 0.052302 0.055522 0.0571247 0.0574173 0.0567474 0.0554408 0.0537865 0.0520313 0.050364 0.0488796 0.0475204 0.0460143 0.0438798 0.0405639 0.035712 0.0294345 0.0223784
 0.00565353 0.00926112 0.0140858 0.020137 0.0272577 0.0350089 0.0426472 0.0493161 0.0543614 0.057538 0.058976 0.0590025 0.0579856 0.0562669 0.0541465 0.0518786 0.0496609 0.0476068 0.0456938 0.0437071 0.0412368 0.0377974 0.0330677 0.0271359 0.0205707
 0.00589346 0.00965427 0.0146835 0.0209899 0.0284068 0.036471 0.0443992 0.0512875 0.0564425 0.0595989 0.0608872 0.0606495 0.0592764 0.0571326 0.054537 0.0517554 0.0489925 0.0463727 0.0439001 0.0414111 0.0385699 0.0349674 0.030329 0.02473 0.0186622
 0.00615143 0.0100745 0.0153176 0.0218863 0.0296021 0.0379752 0.0461812 0.05327 0.0585127 0.0616297 0.0627571 0.0622529 0.0605271 0.0579634 0.0548976 0.0516093 0.0483126 0.0451427 0.0421257 0.0391425 0.0359264 0.032146 0.0275793 0.0222971 0.0167195
 0.00637337 0.0104419 0.0158826 0.0227017 0.0307101 0.0393912 0.0478768 0.0551677 0.0604985 0.0635759 0.0645438 0.0637799 0.0617162 0.0587553 0.0552481 0.0514843 0.047686 0.0439981 0.0404668 0.0370139 0.0334358 0.0294746 0.0249614 0.0199674 0.0148488
 0.00662273 0.0108475 0.0164935 0.0235637 0.0318577 0.0408335 0.049583 0.057061 0.062465 0.0654854 0.0662713 0.0652208 0.0627924 0.0594162 0.0554645 0.0512407 0.046973 0.0428115 0.0388163 0.034942 0.031041 0.0269218 0.0224658 0.0177466 0.0130631
 0.0068429 0.0112117 0.017053 0.0243694 0.0329487 0.0422205 0.0512316 0.0588873 0.0643495 0.067298 0.0678932 0.0665561 0.0637708 0.0599912 0.0556103 0.0509471 0.0462401 0.0416462 0.0372376 0.0329952 0.0288173 0.0245689 0.0201749 0.0157116 0.011427
 0.00706879 0.0115809 0.0176124 0.0251638 0.0340123 0.0435623 0.0528209 0.0606474 0.0661668 0.0690426 0.0694412 0.0678054 0.0646494 0.0604576 0.0556492 0.0505615 0.0454436 0.040459 0.0356894 0.0311369 0.0267363 0.0223983 0.0180821 0.0138643 0.00994745
 0.00727432 0.01192 0.0181317 0.025909 0.0350179 0.0448364 0.0543297 0.0623113 0.0678725 0.0706659 0.0708677 0.068943 0.065432 0.0608457 0.0556279 0.0501363 0.0446344 0.0392953 0.0342107 0.0293998 0.024826 0.0204345 0.01621 0.0122253 0.00864247
 0.00744603 0.0122008 0.0185575 0.0265147 0.0358313 0.0458677 0.0555602 0.0636875 0.0693113 0.072068 0.0721329 0.0699825 0.0661764 0.0612488 0.0556669 0.049809 0.0439552 0.0382917 0.0329235 0.0278867 0.0231687 0.0187413 0.0146061 0.0108293 0.00753602
 0.00752857 0.0123389 0.0187729 0.0268313 0.0362717 0.0464473 0.0562804 0.0645317 0.0702458 0.0730456 0.0730973 0.070871 0.0669238 0.0617935 0.0559574 0.0498104 0.0436517 0.0376883 0.032046 0.0267838 0.0219136 0.0174306 0.0133495 0.00972836 0.00666057
 0.00757886 0.0124153 0.0188788 0.0269681 0.0364419 0.0466573 0.056542 0.0648601 0.070654 0.0735381 0.0736645 0.0714864 0.0675448 0.0623645 0.0564168 0.0500982 0.0437193 0.0375066 0.0316113 0.0261219 0.0210807 0.0165085 0.0124336 0.00890856 0.00599995
 0.00766795 0.0125487 0.019058 0.0271866 0.0366862 0.0469108 0.0567885 0.0650878 0.0708595 0.0737297 0.0738599 0.0717054 0.0677983 0.0626452 0.0566961 0.05033 0.0438498 0.0374866 0.031409 0.0257335 0.0205348 0.015864 0.0117675 0.00829704 0.00549925
 0.00774382 0.01267 0.0192359 0.027428 0.0369902 0.0472638 0.057162 0.0654411 0.0711514 0.0739316 0.0739669 0.0717364 0.0677869 0.0626257 0.0566896 0.0503358 0.0438445 0.0374318 0.0312653 0.0254755 0.0201637 0.0154105 0.0112845 0.00784339 0.00512164
 0.00776397 0.0127032 0.0192868 0.027502 0.0370925 0.0473986 0.0573297 0.0656364 0.0713608 0.074135 0.0741416 0.0718648 0.0678628 0.0626571 0.0566937 0.0503294 0.0438331 0.0374046 0.0311986 0.0253445 0.0199559 0.0151356 0.0109733 0.00753757 0.00485844
 0.00782172 0.0127844 0.019386 0.0276065 0.0371874 0.047473 0.0573824 0.0656756 0.0714001 0.0741861 0.074209 0.0719432 0.0679404 0.0627205 0.0567346 0.0503467 0.0438301 0.0373826 0.0311522 0.0252624 0.0198285 0.0149636 0.0107722 0.00733328 0.00467746
 0.00784558 0.0128244 0.0194475 0.0276934 0.0372987 0.0475997 0.057506 0.0657731 0.071453 0.0741902 0.0741769 0.0718983 0.0679045 0.062705 0.0567381 0.0503595 0.0438409 0.037382 0.0311328 0.0252175 0.0197531 0.014858 0.010645 0.0072003 0.00455651
 0.00787393 0.0128638 0.0194949 0.0277425 0.0373428 0.0476351 0.057534 0.0657978 0.071477 0.074211 0.0741883 0.0718952 0.0678887 0.062685 0.0567243 0.0503584 0.0438511 0.0373959 0.0311399 0.0252082 0.0197211 0.0148024 0.010571 0.00711856 0.00447925
 0.00786977 0.0128564 0.0194824 0.0277222 0.0373117 0.0475902 0.057474 0.0657253 0.0713995 0.0741408 0.0741388 0.0718762 0.0679027 0.0627278 0.0567886 0.0504365 0.0439366 0.0374817 0.0312176 0.0252686 0.0197571 0.0148111 0.0105556 0.00708704 0.00444184
 0.00789814 0.0128961 0.0195302 0.027771 0.0373521 0.0476137 0.0574752 0.0657024 0.0713545 0.0740783 0.0740662 0.0718035 0.0678408 0.0626862 0.056772 0.0504447 0.0439648 0.0375225 0.0312627 0.0253095 0.0197863 0.0148243 0.0105525 0.00707165 0.00442058
 0.00790569 0.0129103 0.0195547 0.0278093 0.0374055 0.0476784 0.0575412 0.0657552 0.0713797 0.0740678 0.074021 0.071733 0.0677589 0.0626071 0.0567076 0.050402 0.0439458 0.0375246 0.0312794 0.0253326 0.0198079 0.0148384 0.0105566 0.00706687 0.0044104
 0.00789654 0.0128942 0.0195286 0.0277705 0.0373534 0.0476165 0.0574777 0.0657011 0.0713444 0.0740545 0.0740255 0.0717468 0.0677744 0.062621 0.0567217 0.0504209 0.0439737 0.0375629 0.031326 0.0253823 0.0198542 0.0148758 0.010582 0.0070805 0.00441494
 0.00786877 0.012846 0.0194507 0.0276532 0.0371896 0.0474067 0.0572343 0.0654488 0.0711159 0.0738817 0.0739316 0.07174 0.0678476 0.0627556 0.0568945 0.0506106 0.0441649 0.037746 0.0314948 0.0255322 0.0199811 0.0149764 0.0106557 0.00712936 0.00444378
 0.00785686 0.0128245 0.0194141 0.0275946 0.0371015 0.0472831 0.0570731 0.0652551 0.0709027 0.0736704 0.0737488 0.0716121 0.0677938 0.0627828 0.0569953 0.0507667 0.0443531 0.0379443 0.0316861 0.025705 0.0201281 0.0150941 0.0107434 0.00718944 0.00448119
 0.0078401 0.0127945 0.0193639 0.0275161 0.0369876 0.0471307 0.0568857 0.0650434 0.0706829 0.0734607 0.0735672 0.0714757 0.0677176 0.0627781 0.0570657 0.0509063 0.0445461 0.0381684 0.0319175 0.0259231 0.0203183 0.0152482 0.0108594 0.00727011 0.00453258
 0.00782766 0.0127747 0.0193347 0.0274754 0.0369326 0.047058 0.056792 0.0649269 0.0705452 0.0733086 0.0734122 0.071333 0.0676038 0.0627078 0.0570502 0.0509508 0.0446479 0.0383164 0.0320941 0.0261074 0.0204913 0.0153959 0.0109747 0.00735242 0.00458617
 0.00780082 0.0127291 0.0192625 0.0273691 0.0367872 0.046875 0.0565819 0.0647081 0.0703396 0.0731349 0.0732823 0.0712513 0.0675705 0.0627222 0.0571115 0.0510579 0.0447979 0.038502 0.0323028 0.0263226 0.0206949 0.0155727 0.0111152 0.00745448 0.00465364
 0.00776775 0.0126766 0.0191858 0.0272643 0.0366518 0.0467088 0.0563885 0.0644968 0.0701254 0.0729371 0.0731206 0.0711421 0.0675228 0.0627368 0.0571834 0.0511789 0.0449587 0.0386932 0.0325131 0.0265383 0.0209009 0.0157546 0.0112627 0.00756379 0.00472728
 0.00772988 0.0126137 0.0190889 0.027125 0.0364649 0.0464758 0.0561209 0.0642156 0.0698568 0.0727061 0.0729467 0.0710371 0.0674922 0.0627804 0.0572954 0.0513489 0.045173 0.0389364 0.0327697 0.0267928 0.0211382 0.0159615 0.0114301 0.00768829 0.00481177
 0.0093244 0.014843 0.0217738 0.0298746 0.0387903 0.0479713 0.0566075 0.0637687 0.0687232 0.0711813 0.0712828 0.0694081 0.0659992 0.0614725 0.0561892 0.0504421 0.0444526 0.0383839 0.0323633 0.0265092 0.0209531 0.0158508 0.0113712 0.00766154 0.00480245
 0.00930885 0.0151141 0.0227041 0.0319255 0.0423107 0.0529256 0.0624033 0.0693535 0.0729585 0.0732913 0.0711122 0.0673625 0.0627675 0.0577331 0.0524418 0.0469791 0.0414098 0.035804 0.0302422 0.0248202 0.0196572 0.0148996 0.0107089 0.00722824 0.00453836
 0.00897229 0.0145843 0.0219608 0.031019 0.0414156 0.0523772 0.0626574 0.0708229 0.0757639 0.077078 0.0750933 0.0706185 0.0646303 0.0580181 0.0514156 0.0451426 0.039262 0.0337067 0.0283969 0.0233065 0.0184827 0.0140348 0.0101069 0.00683476 0.00429889
 0.00880865 0.0143081 0.0215269 0.0303819 0.0405474 0.0512993 0.0614819 0.069781 0.0751879 0.0773088 0.0763263 0.0727576 0.0672544 0.060518 0.0532419 0.0460163 0.0392307 0.0330425 0.0274326 0.0223116 0.0176173 0.0133623 0.00962846 0.00652029 0.00410785
 0.00874643 0.0141999 0.0213503 0.0301091 0.0401486 0.0507506 0.060778 0.0689516 0.0743164 0.076545 0.0758764 0.0728313 0.0679727 0.0618217 0.0548696 0.047589 0.0404075 0.0336523 0.0275083 0.0220238 0.0171695 0.0129127 0.00926237 0.00626185 0.00394518
 0.00868669 0.0141068 0.0212171 0.0299307 0.03992 0.0504657 0.0604295 0.0685343 0.0738336 0.0760196 0.0753644 0.0724295 0.0678073 0.0620074 0.0554475 0.0484803 0.041421 0.0345571 0.0281306 0.0223095 0.0171778 0.0127605 0.00906152 0.00608382 0.00381778
 0.0087059 0.0141277 0.0212293 0.0299186 0.0398666 0.050359 0.0602669 0.068322 0.0735811 0.075735 0.0750555 0.0721137 0.0675236 0.0618205 0.0554321 0.0486863 0.0418358 0.0350943 0.0286599 0.0227132 0.0173999 0.0128163 0.00901118 0.00599323 0.00373229
 0.00867732 0.0140895 0.0211866 0.0298794 0.0398377 0.0503397 0.0602464 0.0682817 0.0735031 0.0756103 0.0748877 0.071917 0.0673195 0.0616377 0.0553077 0.0486609 0.0419384 0.0353214 0.0289662 0.0230256 0.017649 0.012966 0.00906646 0.00598594 0.00369874
 0.00867675 0.0140845 0.021172 0.0298493 0.0397886 0.0502741 0.0601742 0.0682167 0.0734552 0.0755787 0.0748601 0.0718767 0.0672552 0.0615511 0.0552154 0.0485905 0.04192 0.0353754 0.0290915 0.0231958 0.0178223 0.0131042 0.00915079 0.00602024 0.00370057
 0.00865281 0.0140481 0.0211218 0.0297853 0.0397115 0.0501848 0.0600746 0.0681113 0.0733527 0.0754914 0.0747998 0.0718492 0.0672569 0.0615709 0.0552422 0.0486204 0.0419595 0.0354368 0.029184 0.0233167 0.0179553 0.0132263 0.00924348 0.0060771 0.00372703
 0.00865189 0.0140462 0.0211184 0.0297795 0.0397023 0.0501717 0.0600568 0.0680881 0.0733231 0.0754545 0.0747565 0.0718027 0.0672128 0.0615344 0.0552162 0.0486054 0.0419559 0.0354475 0.0292132 0.0233662 0.0180205 0.0132961 0.00930508 0.00612185 0.00375334
 0.00864157 0.0140304 0.0210963 0.0297512 0.0396686 0.050134 0.0600174 0.0680496 0.0732883 0.0754257 0.0747344 0.0717871 0.0672028 0.0615297 0.0552171 0.0486128 0.0419708 0.0354709 0.0292462 0.0234091 0.0180713 0.0133497 0.00935443 0.00616093 0.00377962
 0.00865628 0.014051 0.0211212 0.0297768 0.0396902 0.0501476 0.0600208 0.0680427 0.0732727 0.0754031 0.074707 0.0717567 0.067171 0.0614981 0.0551875 0.0485873 0.0419517 0.0354603 0.0292457 0.0234194 0.0180912 0.0133759 0.00938217 0.00618551 0.00379803
 0.00860678 0.0139806 0.0210339 0.0296823 0.0396011 0.0500742 0.0599678 0.0680094 0.0732552 0.0753984 0.0747139 0.0717755 0.0672018 0.0615394 0.0552361 0.0486394 0.0420042 0.0355115 0.029295 0.0234667 0.0181363 0.0134176 0.00941865 0.00621487 0.00381933
 0.00860786 0.0139758 0.0210151 0.0296395 0.0395268 0.0499695 0.0598458 0.0678925 0.0731669 0.0753531 0.0747123 0.0718074 0.0672532 0.0615988 0.0552968 0.0486986 0.0420606 0.0355646 0.0293444 0.0235122 0.0181776 0.0134542 0.00944969 0.00623951 0.00383727
 0.00860786 0.0139758 0.0210151 0.0296395 0.0395268 0.0499695 0.0598458 0.0678925 0.0731669 0.0753531 0.0747123 0.0718074 0.0672532 0.0615988 0.0552968 0.0486986 0.0420606 0.0355646 0.0293444 0.0235122 0.0181776 0.0134542 0.00944969 0.00623951 0.00383727
 0.00877512 0.0142383 0.021391 0.030135 0.0401301 0.0506444 0.0605289 0.0685005 0.0736167 0.0755867 0.0747124 0.0715961 0.0668779 0.0611157 0.0547596 0.0481528 0.0415417 0.0350978 0.0289449 0.0231867 0.0179257 0.01327 0.0093233 0.00615882 0.0037897
 0.00888333 0.01443 0.0217074 0.0306205 0.0408179 0.0515344 0.0615692 0.0695856 0.0746086 0.0763501 0.0751483 0.0716618 0.0665892 0.0605361 0.05398 0.0472705 0.0406438 0.0342514 0.0281953 0.022559 0.0174279 0.0128973 0.00906104 0.00598658 0.0036849
 0.0088731 0.0144207 0.0217085 0.0306499 0.0409025 0.0517087 0.061868 0.0700319 0.0751963 0.0770318 0.0758365 0.0722478 0.0669743 0.0606605 0.0538368 0.0469013 0.0401214 0.0336577 0.0276037 0.0220236 0.016981 0.0125508 0.00881139 0.00581989 0.00358222
 0.00888304 0.0144314 0.0217152 0.0306464 0.0408851 0.0516819 0.0618496 0.0700525 0.075293 0.0772352 0.0761549 0.0726563 0.0674136 0.0610499 0.0540988 0.0469863 0.040022 0.0334069 0.0272596 0.0216498 0.0166306 0.0122575 0.00858901 0.00566617 0.00348527
 0.00856614 0.0139288 0.0209845 0.0296632 0.0396555 0.050258 0.0603423 0.068627 0.0741393 0.0765223 0.075989 0.0730581 0.0683174 0.0623203 0.0555589 0.0484547 0.0413481 0.0344963 0.0280805 0.0222213 0.0170012 0.0124836 0.00872011 0.00573911 0.00352438
 0.00879752 0.0142546 0.0213801 0.0300699 0.0399913 0.0504391 0.0603044 0.0683407 0.0736193 0.0758308 0.0752302 0.0723584 0.0677959 0.0620557 0.0555691 0.0486939 0.0417259 0.0349089 0.0284426 0.0224857 0.0171604 0.0125582 0.00874108 0.00573422 0.00351195
 0.00875709 0.0142223 0.0213907 0.0301687 0.0402137 0.050781 0.0607035 0.0686863 0.073791 0.0757482 0.074886 0.0718209 0.0671832 0.0614974 0.05517 0.0485088 0.0417507 0.03509 0.0287006 0.0227449 0.0173702 0.0126996 0.00882059 0.00577045 0.00352404
 0.00865648 0.014056 0.0211383 0.0298182 0.0397732 0.0502916 0.0602418 0.0683446 0.0736381 0.0757923 0.0750672 0.0720422 0.0673615 0.0616026 0.0552294 0.0485819 0.0418919 0.0353211 0.0290036 0.0230741 0.0176751 0.0129447 0.00899322 0.00587771 0.00358311
 0.00858715 0.0139406 0.0209596 0.0295582 0.0394175 0.049837 0.0597061 0.0677737 0.0731049 0.0753813 0.0748486 0.0720443 0.0675584 0.0619262 0.055603 0.0489531 0.0422453 0.0356662 0.0293515 0.0234205 0.0179991 0.0132208 0.00920434 0.00602181 0.00367078
#pred catch len freq
 0.00489301 0.00770884 0.011178 0.0151872 0.019662 0.0245528 0.0297595 0.0350898 0.0402949 0.0451378 0.0494361 0.0530754 0.0560088 0.058241 0.059792 0.0606588 0.0607962 0.0601213 0.0585189 0.0558376 0.0518942 0.0465354 0.0397808 0.031982 0.0238576
 0.00520208 0.00810231 0.0115732 0.0154518 0.0196644 0.0242346 0.0291833 0.0344215 0.0397232 0.0447767 0.0492708 0.0529807 0.0558243 0.0578596 0.0592202 0.0600246 0.0603023 0.05996 0.0587854 0.0564831 0.0527459 0.0473739 0.040433 0.0323775 0.0240258
 0.00556383 0.00866561 0.0123673 0.0164676 0.0208354 0.0254226 0.0301877 0.0350311 0.0398023 0.044338 0.048475 0.0520498 0.0549251 0.0570385 0.0584301 0.0592122 0.0594858 0.0592422 0.058298 0.0563039 0.0528474 0.0476367 0.0407106 0.0325664 0.0240969
 0.0058936 0.00918464 0.0131184 0.0174832 0.0221351 0.0270033 0.0319999 0.0369508 0.0416193 0.0457859 0.0493083 0.0521376 0.0543033 0.0558811 0.0569574 0.0576039 0.0578555 0.0576691 0.0568645 0.0550938 0.051911 0.0469629 0.0402369 0.032218 0.0238225
 0.0062274 0.00970255 0.0138538 0.0184563 0.0233577 0.0284827 0.0337352 0.0389174 0.0437465 0.0479352 0.0512668 0.0536434 0.0551104 0.0558422 0.0560781 0.056034 0.0558251 0.0554158 0.0545904 0.0529563 0.0500227 0.0453885 0.0389913 0.0312773 0.0231431
 0.00655781 0.0102157 0.0145826 0.0194191 0.0245605 0.0299228 0.0353995 0.0407781 0.0457563 0.0500219 0.0533238 0.0555181 0.0566039 0.0567349 0.0561855 0.055271 0.0542446 0.0531975 0.0519894 0.0502404 0.0474257 0.0430839 0.0370834 0.0298025 0.0220811
 0.00692342 0.0107767 0.0153662 0.0204325 0.0257962 0.0313658 0.0370296 0.0425644 0.0476525 0.0519642 0.0552317 0.0572936 0.0581268 0.0578588 0.0567452 0.0551126 0.053275 0.0514323 0.0495712 0.047415 0.0444864 0.0403084 0.0346833 0.0278963 0.0206918
 0.00727753 0.0113281 0.0161514 0.0214709 0.0270901 0.0329 0.0387678 0.0444471 0.0496008 0.0538906 0.05705 0.0589235 0.0594897 0.05887 0.0573052 0.0551076 0.0525963 0.0500167 0.0474477 0.0447322 0.0414988 0.0373229 0.0319848 0.0256839 0.0190464
 0.00764587 0.0118996 0.016962 0.0225392 0.0284201 0.0344823 0.0405756 0.0464276 0.0516708 0.0559413 0.0589604 0.060578 0.060793 0.0597514 0.0577108 0.0549851 0.0518872 0.0486693 0.0454535 0.0421696 0.0385562 0.0342776 0.0291389 0.0232833 0.0172212
 0.00798898 0.0124315 0.0177155 0.023531 0.0296531 0.0359483 0.0422528 0.0482738 0.0536192 0.0579008 0.0608222 0.0622253 0.0621143 0.0606538 0.058127 0.0548704 0.0512104 0.0474091 0.0436118 0.0398034 0.0358089 0.0313816 0.0263733 0.0208997 0.015374
 0.00829112 0.0129003 0.0183801 0.0244067 0.0307427 0.0372446 0.0437359 0.0499064 0.0553435 0.0596411 0.0624896 0.063724 0.0633484 0.0615349 0.0585807 0.0548403 0.0506587 0.0463167 0.0419863 0.0376976 0.0333441 0.028755 0.0238309 0.0186756 0.0136247
 0.00863957 0.0134325 0.0191181 0.0253509 0.0318771 0.038544 0.0451687 0.0514313 0.0569058 0.0611736 0.0639174 0.0649706 0.0643418 0.062211 0.0588855 0.0547296 0.0500986 0.0452874 0.0404915 0.0357816 0.0311107 0.0263736 0.021516 0.0166364 0.0120069
 0.00904795 0.0140592 0.0199922 0.0264753 0.0332302 0.0400842 0.0468348 0.0531427 0.0585685 0.0626927 0.0652101 0.0659741 0.0650143 0.062528 0.0588346 0.0543047 0.0492954 0.0441044 0.0389389 0.0338988 0.0289847 0.0241473 0.0193715 0.0147534 0.0105121
