SBPRF35
12.7214
Curr Bio
923688
B35
892564
F35
0.173389
FOFL
0.173389
OFL
133962
Bzero
3.63469e+006
#pred survey bio
 3.64334e+006 3.50862e+006 3.39012e+006 3.23472e+006 3.03239e+006 2.79801e+006 2.54535e+006 2.32199e+006 2.08104e+006 1.83211e+006 1.60313e+006 1.40159e+006 1.22026e+006 1.07892e+006 965577 860274 769751 684218 642437 595017 559766 542714 536922 519228 512267 504340 492096 484619 492314 502270 520234 526440 539107 554639 578493 591259 607761 615922 624049 629681 641492 654732 659071 662918 667013 678975 680563 677347 676468 678816 683537 730790 755031 768014 797302 832785 858668 882659 898531 929119 2.1965e+007 2.00949e+007 2.03524e+007 2.10258e+007 2.197e+007 2.30132e+007 2.40284e+007 2.49414e+007 2.572e+007 2.63602e+007 2.68733e+007 2.72774e+007 2.75919e+007 2.7835e+007 2.80221e+007 2.8166e+007 2.82766e+007 2.83618e+007 2.84277e+007 2.84788e+007 2.85187e+007 2.85498e+007 2.85743e+007 2.85936e+007 2.86089e+007 2.86211e+007 2.86308e+007 2.86385e+007 2.86448e+007 2.86498e+007 2.86538e+007 2.86571e+007 2.86597e+007 2.86618e+007 2.86636e+007 2.8665e+007 2.86661e+007 2.86671e+007 2.86678e+007 2.86685e+007 2.8669e+007 2.86694e+007 2.86697e+007 2.867e+007 2.86702e+007 2.86704e+007 2.86706e+007 2.86707e+007 2.86708e+007 2.86709e+007 2.86709e+007 2.8671e+007 2.86711e+007 2.86711e+007 2.86711e+007 2.86711e+007 2.86712e+007 2.86712e+007 2.86712e+007 2.86712e+007 2.86712e+007 2.86712e+007 2.86712e+007 2.86712e+007 2.86712e+007 2.86712e+007 2.86712e+007 2.86712e+007 2.86712e+007 2.86712e+007 2.86713e+007 2.86713e+007 2.86713e+007 2.86713e+007 2.86713e+007 2.86713e+007 2.86713e+007 2.86713e+007 2.86713e+007 2.86713e+007 2.86713e+007 2.86713e+007 2.86713e+007 2.86713e+007 2.86713e+007 2.86713e+007 2.86713e+007 2.86713e+007 2.86713e+007 2.86713e+007 2.86713e+007 2.86713e+007 2.86713e+007 2.86713e+007 2.86713e+007 2.86713e+007 2.86713e+007 2.86713e+007 2.86713e+007 2.86713e+007 0 0 0 0 0 0 0 0 0 0 0 0 0 0 0 0 0 0 0 0 0 0 0 0 0
#obs survey bio
 3.73341e+006 2.80665e+006 3.62506e+006 2.24496e+006 3.66672e+006 2.07187e+006 3.68691e+006 2.38882e+006 1.76884e+006 1.77595e+006 1.49229e+006 1.50033e+006 1.35441e+006 922270 1.0244e+006 924986 657617 539928 615851 424232 585288 383981 568676 800837 490407 443677 362095 308536 509134 544591 605821 568255 577921 646992 531924 451554 646787 440805 906988 856354 704110 863730 461755 978469 758309 548350 749761 673293 467678 468560 943865 953480 829837 628379 646102 975524 830581 616317 1.01268e+006 1.37101e+006
#pred catch bio
 111315 105850 152325 209338 254170 287110 276680 308518 330001 323361 306787 293373 260340 237249 229759 213974 204659 162464 162448 146344 127082 116079 124407 113331 112688 114304 108453 95352.2 94032.9 87949 97468.8 91181.4 89008.5 83188.1 94087.6 92368.5 100724 101299 103602 98727.4 98163.8 105773 105537 104538 98055.6 107736 112067 110568 108843 107893 74061 96109.7 106385 94369.3 92616.3 103768 107352 116261 105861 111529 133962 133935 134543 137817 143312 149585 155671 161058 165546 169128 171898 173987 175535 176664 177479 178062 178476 178768 178974 179117 179217 179287 179336 179369 179392 179409 179420 179427 179433 179436 179439 179440 179442 179442 179443 179443 179444 179444 179444 179444 179444 179444 179444 179444 179444 179444 179444 179444 179444 179444 179444 179444 179444 179444 179444 179444 179444 179444 179444 179444 179444 179444 179444 179444 179444 179444 179444 179444 179444 179444 179444 179444 179444 179444 179444 179444 179444 179444 179444 179444 179444 179444 179444 179444 179444 179444 179444 179444 179444 179444 179444 179444 179444 179444 179444 179444 179444 179444 179444 179444 0 0 0 0 0 0 0 0 0 0 0 0 0 0 0 0 0 0 0 0 0 0 0 0 0
#obs catch bio
 0 105493 152346 209890 254606 287827 275579 307614 330232 324884 308574 295932 262003 238980 232936 215702 207807 164688 165234 148628 127839 117139 126001 114000 113974 115458 109536 96513.4 94992 88632.1 98209.4 90909.4 88885 82771.3 93734.8 92111.5 100665 101528 103333 98383.5 97983.7 105175 105426 103714 96795.7 107170 111221 109830 108812 108332 73546.9 96011.4 106398 94271.8 92705.6 104051 107562 116794 106240 111547
#pred cpue bio
 3.59669e+006 3.46322e+006 3.34457e+006 3.18878e+006 2.98698e+006 2.75339e+006 2.50161e+006 2.27877e+006 2.03849e+006 1.79058e+006 1.56293e+006 1.36288e+006 1.18323e+006 1.04317e+006 930747 826761 737794 654101 613523 567813 533977 517570 511915 494808 488193 480667 468964 461782 469376 479277 497161 503760 516452 531731 555081 567461 583440 591377 599418 605066 616680 629779 634195 638186 642425 654024 655370 652083 650986 653066 657623 704127 728280 740967 769229 803682 829064 852604 867896 897767 2.12414e+007 1.94399e+007 1.96025e+007 2.01724e+007 2.10847e+007 2.21213e+007 2.31354e+007 2.40482e+007 2.48268e+007 2.5467e+007 2.59801e+007 2.63842e+007 2.66987e+007 2.69418e+007 2.7129e+007 2.72728e+007 2.73834e+007 2.74686e+007 2.75345e+007 2.75856e+007 2.76255e+007 2.76566e+007 2.76811e+007 2.77004e+007 2.77157e+007 2.77279e+007 2.77376e+007 2.77454e+007 2.77516e+007 2.77566e+007 2.77606e+007 2.77639e+007 2.77665e+007 2.77686e+007 2.77704e+007 2.77718e+007 2.77729e+007 2.77739e+007 2.77746e+007 2.77753e+007 2.77758e+007 2.77762e+007 2.77765e+007 2.77768e+007 2.7777e+007 2.77772e+007 2.77774e+007 2.77775e+007 2.77776e+007 2.77777e+007 2.77778e+007 2.77778e+007 2.77779e+007 2.77779e+007 2.77779e+007 2.77779e+007 2.7778e+007 2.7778e+007 2.7778e+007 2.7778e+007 2.7778e+007 2.7778e+007 2.7778e+007 2.7778e+007 2.7778e+007 2.7778e+007 2.7778e+007 2.7778e+007 2.77781e+007 2.77781e+007 2.77781e+007 2.77781e+007 2.77781e+007 2.77781e+007 2.77781e+007 2.77781e+007 2.77781e+007 2.77781e+007 2.77781e+007 2.77781e+007 2.77781e+007 2.77781e+007 2.77781e+007 2.77781e+007 2.77781e+007 2.77781e+007 2.77781e+007 2.77781e+007 2.77781e+007 2.77781e+007 2.77781e+007 2.77781e+007 2.77781e+007 2.77781e+007 2.77781e+007 2.77781e+007 2.77781e+007 2.77781e+007 2.77781e+007 2.77781e+007 0 0 0 0 0 0 0 0 0 0 0 0 0 0 0 0 0 0 0 0 0 0 0 0 0
#obs cpue bio
 3.58594e+006 4.82156e+006 2.98427e+006 2.96047e+006 2.88799e+006 3.72066e+006 2.97152e+006 2.22623e+006 1.75674e+006 1.28537e+006 1.44585e+006 1.03131e+006 1.0493e+006 1.02294e+006 570918 876557 570523 558222 509752 640197 658356 486145 404808 358025 331164 531130 541994 445248 465757 382886 489886 863424 462846 569778 688295 624024 524766 617628 652176 475748 497166 764157 630045 864856 937222 507983 782038 661163 585292 826003 719018 522715 623135 812960 721077 667680 812165 1.06441e+006 594521 1.01241e+006
#pred surv len freq
 0.00426209 0.00698711 0.0106437 0.0152605 0.0207593 0.0268703 0.0331077 0.0388939 0.0437739 0.047558 0.0503009 0.0521818 0.0533985 0.0541196 0.0544756 0.0545702 0.0544964 0.0543354 0.0540985 0.0536133 0.0524243 0.0498477 0.045261 0.0385236 0.0302367
 0.00459033 0.00743564 0.0111644 0.0157635 0.0211479 0.0270902 0.0331787 0.0388965 0.0437976 0.0476448 0.0504236 0.0522711 0.0533969 0.0540249 0.0543489 0.0545038 0.0545609 0.0545307 0.0543354 0.0537395 0.0522901 0.0493795 0.0445032 0.0376198 0.0293625
 0.00466217 0.00761249 0.0115347 0.0164289 0.0221762 0.0284556 0.0347279 0.0403808 0.0449688 0.0483576 0.0506777 0.0521698 0.0530652 0.0535534 0.05379 0.0539004 0.0539623 0.0539764 0.0538214 0.053203 0.0516363 0.0485418 0.0434953 0.0365429 0.028359
 0.00476004 0.00776161 0.0117463 0.0167216 0.0225897 0.0290588 0.0356049 0.0415866 0.0464689 0.0499951 0.0522033 0.0533322 0.0537082 0.0536576 0.0534449 0.0532408 0.0531163 0.0530393 0.0528458 0.052196 0.0505731 0.0473993 0.0422931 0.0353576 0.0272992
 0.00491066 0.00800815 0.0121194 0.0172486 0.0232877 0.0299274 0.0366247 0.0427286 0.0477087 0.0513141 0.053565 0.0546473 0.0548252 0.0544008 0.053683 0.052939 0.0523391 0.0519088 0.0514888 0.0507091 0.0490172 0.0458208 0.0407511 0.0339363 0.0260906
 0.00510585 0.00832422 0.0125931 0.017914 0.0241704 0.0310352 0.037936 0.0441873 0.0492321 0.0528125 0.0549618 0.0558856 0.0558544 0.0551549 0.0540711 0.0528658 0.0517461 0.0508069 0.0499594 0.0488766 0.0470182 0.043788 0.0388124 0.0322118 0.0246763
 0.00537481 0.00875316 0.0132234 0.0187792 0.0252912 0.032411 0.039535 0.0459415 0.0510439 0.0545706 0.0565587 0.0572318 0.056885 0.0558254 0.0543452 0.052702 0.0510982 0.0496451 0.0482998 0.0468006 0.0446691 0.04135 0.0364808 0.0301602 0.0230245
 0.00563592 0.00917505 0.0138534 0.0196594 0.0264505 0.0338526 0.0412237 0.0478002 0.0529641 0.0564332 0.0582531 0.0586652 0.0579847 0.0565377 0.0546312 0.052531 0.0504423 0.0484821 0.0466311 0.044678 0.0422147 0.0387531 0.0339665 0.0279391 0.0212421
 0.00589066 0.00959984 0.0145123 0.0206183 0.0277631 0.0355381 0.0432448 0.0500553 0.0553027 0.0586862 0.0602632 0.0603073 0.0591729 0.0572232 0.0547931 0.0521641 0.0495464 0.0470595 0.0446974 0.0422867 0.0394833 0.0358725 0.0311767 0.0254742 0.0192679
 0.00614663 0.0100243 0.0151674 0.0215695 0.0290687 0.0372307 0.0453099 0.0524172 0.0578278 0.0612011 0.062581 0.0622537 0.0606098 0.0580626 0.0549978 0.051736 0.0485092 0.0454464 0.0425526 0.0396832 0.0365484 0.0328013 0.028214 0.0228618 0.017179
 0.00641536 0.0104605 0.0158236 0.0224962 0.030308 0.0388043 0.0472043 0.0545744 0.0601473 0.0635514 0.0648131 0.0642147 0.0621561 0.0590746 0.0553932 0.0514753 0.0475923 0.0439043 0.0404435 0.037099 0.0336313 0.0297525 0.0252774 0.0202751 0.0151122
 0.00665829 0.0108612 0.0164374 0.0233783 0.0315028 0.0403283 0.0490296 0.0566232 0.0623046 0.0656876 0.0668038 0.0659487 0.0635353 0.0600117 0.0558131 0.0513205 0.0468307 0.0425359 0.0385072 0.0346816 0.0308764 0.0268619 0.02249 0.0178202 0.0131517
 0.00699995 0.011398 0.0172112 0.0244175 0.03282 0.0419164 0.0508528 0.0586104 0.0643515 0.0676698 0.0685955 0.0674398 0.0646417 0.060677 0.056002 0.0510093 0.0460026 0.0411862 0.0366572 0.032397 0.0282827 0.0241456 0.0198752 0.0155215 0.0113192
 0.00732885 0.0119228 0.0179817 0.0254707 0.034171 0.0435452 0.0526936 0.0605531 0.0662623 0.0694212 0.0700883 0.0686076 0.0654432 0.061086 0.0560014 0.0505882 0.0451546 0.0399114 0.0349717 0.0303502 0.0259755 0.0217353 0.0175566 0.0134838 0.00969551
 0.00747488 0.0121876 0.0184304 0.0261795 0.0352078 0.0449399 0.05441 0.062482 0.0682423 0.0712769 0.0716681 0.0698065 0.0662082 0.0614079 0.0558983 0.0500882 0.0442836 0.0386906 0.0334257 0.0285236 0.0239506 0.0196402 0.0155519 0.011727 0.00829793
 0.00763491 0.0124482 0.018825 0.0267444 0.0359809 0.0459545 0.0556821 0.0639934 0.0699261 0.0730141 0.0733011 0.0711704 0.0671681 0.061887 0.0558843 0.0496177 0.0434173 0.0374918 0.0319533 0.0268389 0.0221332 0.0177976 0.0138134 0.0102177 0.00710452
 0.00774357 0.0126368 0.0191309 0.0272092 0.0366409 0.0468265 0.0567515 0.0652127 0.071226 0.0743182 0.0745332 0.0722516 0.0680149 0.0624183 0.0560385 0.0493692 0.0427813 0.0365165 0.0307058 0.0253968 0.0205842 0.0162425 0.0123611 0.00896743 0.00612222
 0.00789395 0.0128811 0.0194985 0.0277284 0.0373345 0.0477037 0.0577978 0.0663833 0.0724471 0.0754985 0.0755804 0.0730884 0.0685877 0.062697 0.0560096 0.0490311 0.0421443 0.0356073 0.0295708 0.0241019 0.0192113 0.0148846 0.0111123 0.00790741 0.00529915
 0.0077967 0.0127348 0.0193016 0.0274908 0.0370795 0.0474695 0.0576365 0.0663559 0.0726113 0.0758907 0.0761996 0.0738895 0.0694876 0.0635912 0.056793 0.0496152 0.0424682 0.0356428 0.0293237 0.0236108 0.0185432 0.0141257 0.0103544 0.00723079 0.00475688
 0.00785688 0.01282 0.0194065 0.0276031 0.037184 0.0475551 0.057702 0.0664121 0.0726783 0.0759939 0.0763633 0.07413 0.0698053 0.0639647 0.0571785 0.0499529 0.0426951 0.0357072 0.0291979 0.0232987 0.0180806 0.0135739 0.00978659 0.00671459 0.00433893
 0.00808162 0.0131396 0.0198022 0.0280273 0.0375723 0.0478464 0.0578569 0.0664208 0.0725598 0.0757894 0.0761276 0.0739204 0.0696688 0.0639273 0.057238 0.0500792 0.0428372 0.0358062 0.0292029 0.0231807 0.0178416 0.0132455 0.0094198 0.00636353 0.00404507
 0.00821981 0.0133549 0.0201065 0.0284189 0.0380289 0.0483196 0.0582723 0.0666931 0.0726213 0.0756207 0.0757705 0.073464 0.0692171 0.0635654 0.0570124 0.0499935 0.0428595 0.0358823 0.0292729 0.0231952 0.0177748 0.0131005 0.00922361 0.00615449 0.00385795
 0.00811231 0.0132111 0.0199473 0.0282831 0.0379623 0.0483567 0.0584203 0.0669248 0.0728819 0.0758439 0.0759 0.0734735 0.0691206 0.0634118 0.0568654 0.0499064 0.042856 0.035952 0.0293794 0.0232933 0.0178277 0.013092 0.00916046 0.00605954 0.00375796
 0.00819125 0.0133196 0.0200756 0.0284138 0.038081 0.0484646 0.0585399 0.0670902 0.0731161 0.0761357 0.0761978 0.0737021 0.0692129 0.0633382 0.0566457 0.0495986 0.042531 0.0356663 0.029159 0.023134 0.0177076 0.0129878 0.0090594 0.00596148 0.00367041
 0.00815384 0.0132679 0.0200136 0.0283487 0.038018 0.0484024 0.0584704 0.0670069 0.0730261 0.0760667 0.076189 0.0737813 0.0693759 0.0635452 0.0568404 0.0497362 0.0425971 0.0356756 0.0291393 0.023108 0.0176838 0.012964 0.00903034 0.00592621 0.00363302
 0.00811808 0.0132123 0.0199353 0.0282483 0.0379007 0.0482791 0.0583563 0.0669174 0.0729714 0.0760483 0.0762026 0.0738245 0.0694512 0.0636559 0.0569804 0.0498862 0.0427311 0.0357739 0.0291968 0.0231323 0.0176872 0.0129558 0.00901539 0.00590704 0.00361236
 0.00821251 0.0133465 0.0201016 0.0284271 0.0380661 0.0484073 0.0584337 0.0669422 0.0729511 0.0759945 0.0761266 0.0737349 0.069355 0.0635605 0.056894 0.0498151 0.042676 0.0357293 0.0291549 0.023088 0.0176405 0.01291 0.00897425 0.00587268 0.00358543
 0.00825794 0.0134209 0.0202133 0.0285811 0.0382596 0.0486244 0.0586434 0.0671048 0.0730316 0.0759775 0.0760231 0.0735756 0.0691762 0.0633912 0.0567504 0.0497022 0.0425919 0.0356682 0.0291094 0.0230511 0.0176074 0.0128789 0.0089457 0.00584816 0.00356603
 0.0081755 0.0132861 0.0200103 0.0282977 0.0378935 0.0481909 0.05818 0.0666666 0.0726768 0.0757496 0.0759401 0.0736316 0.0693508 0.063658 0.0570813 0.0500689 0.0429661 0.0360243 0.0294271 0.0233169 0.0178156 0.0130308 0.00904823 0.00591163 0.00360167
 0.00802654 0.0130596 0.0196983 0.0279027 0.0374266 0.0476696 0.0576283 0.0661184 0.0721774 0.0753518 0.0756939 0.0735712 0.0694842 0.0639652 0.0575212 0.0505905 0.0435188 0.0365643 0.0299202 0.0237399 0.0181562 0.0132874 0.00922823 0.00602844 0.00367132
 0.00777465 0.0126653 0.0191346 0.0271582 0.036512 0.0466238 0.0565236 0.0650555 0.0712672 0.0746902 0.0753424 0.073551 0.0697816 0.0645392 0.0583103 0.051519 0.0445064 0.0375357 0.0308136 0.024512 0.0187839 0.0137664 0.00956961 0.00625444 0.00380938
 0.00782224 0.0127054 0.0191262 0.0270412 0.036223 0.0461231 0.0558175 0.0642021 0.0703626 0.0738425 0.0746484 0.0730816 0.0695756 0.0646037 0.0586243 0.0520386 0.0451706 0.0382745 0.031557 0.0251998 0.0193727 0.0142335 0.00991272 0.00648692 0.00395405
 0.00782725 0.0127125 0.0191327 0.0270372 0.0361864 0.0460147 0.0555853 0.0637973 0.0697658 0.073087 0.0738241 0.0723128 0.0689839 0.0642744 0.0585904 0.0522833 0.0456408 0.0388961 0.0322488 0.0258854 0.0199905 0.0147437 0.0102994 0.00675559 0.00412466
 0.0078281 0.0127063 0.0191097 0.0269844 0.0360907 0.045868 0.0553859 0.0635468 0.0694621 0.072723 0.0733958 0.0718359 0.0685054 0.0638681 0.0583355 0.0522368 0.0458188 0.0392709 0.0327598 0.0264568 0.0205492 0.0152331 0.0106873 0.00703463 0.00430676
 0.00780236 0.0126569 0.0190212 0.0268377 0.0358675 0.0455581 0.0549948 0.0630983 0.0689948 0.0722798 0.0730118 0.0715313 0.0682862 0.0637364 0.0583003 0.0523174 0.0460352 0.039628 0.0332361 0.0270042 0.0211055 0.0157394 0.0111024 0.00734197 0.00451224
 0.00780681 0.0126733 0.0190618 0.0269163 0.0359923 0.0457215 0.0551673 0.0632326 0.0690406 0.072203 0.0728075 0.0712232 0.0679167 0.0633528 0.0579466 0.0520316 0.0458496 0.0395662 0.0333049 0.0271881 0.0213668 0.0160283 0.0113722 0.00756103 0.00466904
 0.00771479 0.0125364 0.0188802 0.0267007 0.0357635 0.0455079 0.0549995 0.0631358 0.0690246 0.0722547 0.0728928 0.0712999 0.0679521 0.0633361 0.0578902 0.0519642 0.0458052 0.0395749 0.0333861 0.0273443 0.0215818 0.0162712 0.0116073 0.00775942 0.0048163
 0.00763369 0.012416 0.0187206 0.0265105 0.0355585 0.0453087 0.054829 0.0630168 0.0689755 0.0722838 0.0729926 0.0714455 0.0681068 0.063463 0.0579652 0.0519841 0.045788 0.0395515 0.0333881 0.0273928 0.0216808 0.0164075 0.0117569 0.00789771 0.00492639
 0.00757985 0.012325 0.018578 0.0263029 0.0352795 0.0449663 0.0544511 0.0626498 0.0686731 0.0720915 0.072935 0.0715217 0.0682929 0.063719 0.0582455 0.0522489 0.0460132 0.039733 0.0335384 0.0275309 0.021821 0.0165528 0.0118994 0.00802449 0.00502679
 0.00759998 0.0123477 0.018593 0.0262936 0.0352251 0.0448483 0.0542601 0.0623906 0.0683679 0.071778 0.0726598 0.0713291 0.0682118 0.0637551 0.0583801 0.0524469 0.0462353 0.0399477 0.0337292 0.0276958 0.0219664 0.0166848 0.0120187 0.00812712 0.00510778
 0.00750744 0.0122135 0.0184206 0.026095 0.0350155 0.044638 0.0540497 0.0621733 0.0681373 0.0715379 0.0724294 0.0711405 0.0681017 0.0637523 0.0584953 0.0526682 0.0465316 0.0402786 0.0340569 0.0279941 0.0222225 0.016896 0.0121873 0.00825615 0.00520093
 0.00743917 0.012097 0.0182364 0.025825 0.0346512 0.0441906 0.0535564 0.0616914 0.0677266 0.0712396 0.0722559 0.0710815 0.0681396 0.0638756 0.0587006 0.0529535 0.0468865 0.0406803 0.034473 0.028391 0.0225738 0.0171867 0.0124133 0.00842141 0.00531405
 0.00735612 0.0119795 0.0180912 0.0256667 0.034495 0.0440427 0.0534091 0.0615287 0.0675374 0.0710297 0.0720492 0.0709098 0.0680288 0.063838 0.0587373 0.0530604 0.0470582 0.0409076 0.0347396 0.0286735 0.0228461 0.0174269 0.0126079 0.00856669 0.00541402
 0.00732977 0.0119251 0.0179893 0.0254956 0.0342405 0.0437099 0.0530296 0.0611542 0.06722 0.0708016 0.0719146 0.0708542 0.0680349 0.0638966 0.0588476 0.0532236 0.0472723 0.041165 0.0350274 0.0289731 0.023136 0.017686 0.012821 0.00872741 0.0055248
 0.00748674 0.012142 0.0182439 0.0257411 0.0344155 0.0437575 0.0529154 0.0608776 0.0668152 0.0703296 0.071448 0.0704565 0.0677452 0.0637251 0.0587837 0.0532488 0.0473689 0.0413184 0.0352233 0.0291948 0.0233638 0.0178998 0.013004 0.00886991 0.00562544
 0.00745201 0.0121137 0.0182509 0.0258209 0.0345962 0.0440331 0.0532311 0.0611393 0.0669254 0.0702304 0.0711467 0.0700208 0.0672726 0.0633062 0.0584772 0.0530751 0.047319 0.0413682 0.0353445 0.0293606 0.0235492 0.0180825 0.013166 0.00899949 0.00571897
 0.00745611 0.0121198 0.0182611 0.0258417 0.0346426 0.0441307 0.0534101 0.0614184 0.0672895 0.0706179 0.0714617 0.0701696 0.0672061 0.0630422 0.0580883 0.0526548 0.0469463 0.0410888 0.0351703 0.0292801 0.0235396 0.0181175 0.0132217 0.00905743 0.00576767
 0.00754859 0.0122565 0.0184413 0.0260556 0.0348743 0.0443636 0.0536328 0.0616278 0.0674905 0.0708171 0.071655 0.0703317 0.0672909 0.0630006 0.0578951 0.0523269 0.0465389 0.0406731 0.0348072 0.0290041 0.023357 0.018015 0.0131766 0.00904679 0.0057732
 0.00756776 0.0122984 0.0185233 0.0261982 0.0350931 0.0446583 0.0539799 0.0619839 0.0678066 0.0710578 0.071809 0.0704078 0.0673031 0.0629529 0.0577776 0.0521263 0.046256 0.0403324 0.0344522 0.0286813 0.0230993 0.0178341 0.0130654 0.00898789 0.0057473
 0.00753412 0.0122494 0.0184612 0.0261313 0.0350367 0.0446341 0.0540122 0.062092 0.0679954 0.07131 0.072088 0.0706699 0.0675131 0.0630916 0.0578397 0.0521126 0.0461691 0.0401803 0.0342539 0.0284661 0.0228994 0.0176734 0.0129534 0.00892046 0.0057127
 0.00749001 0.0121795 0.0183597 0.0259952 0.034868 0.0444428 0.0538186 0.0619265 0.0678932 0.0713013 0.0721869 0.0708676 0.0677786 0.063381 0.058109 0.0523281 0.0463121 0.0402463 0.0342508 0.028412 0.0228184 0.0175899 0.0128847 0.00887372 0.00568635
 0.00723723 0.0117699 0.0177473 0.0251431 0.0337613 0.0431071 0.0523368 0.060439 0.0665749 0.0703225 0.0716736 0.0708766 0.0682901 0.0643075 0.0593173 0.0536688 0.0476486 0.0414746 0.035307 0.0292701 0.0234811 0.0180783 0.0132288 0.00910492 0.0058336
 0.00729866 0.0118398 0.0177962 0.0251215 0.0336089 0.0427694 0.0517829 0.0596753 0.0656507 0.069328 0.07073 0.0701154 0.0678248 0.0642057 0.0595837 0.0542452 0.0484318 0.0423447 0.0361556 0.0300192 0.0240899 0.0185385 0.0135544 0.00932135 0.00596861
 0.0074641 0.0120963 0.0181563 0.0255822 0.0341441 0.043323 0.0522676 0.0599829 0.0656804 0.0690214 0.070098 0.0692424 0.0668495 0.0632864 0.0588589 0.0538018 0.0482886 0.0424571 0.0364381 0.0303759 0.0244411 0.0188344 0.013776 0.0094716 0.00606195
 0.00741312 0.0120344 0.0181019 0.0255653 0.0341975 0.0434684 0.0525014 0.0602702 0.065958 0.0692115 0.0701279 0.0690679 0.0664742 0.0627685 0.0582997 0.0533167 0.0479719 0.0423538 0.0365355 0.0306158 0.0247462 0.0191351 0.0140271 0.00965559 0.00618231
 0.0072417 0.0117756 0.0177509 0.0251349 0.0337195 0.0429925 0.0520905 0.0599899 0.0658575 0.0693022 0.0703726 0.0693885 0.0667784 0.0629837 0.058399 0.0533266 0.0479574 0.0423878 0.0366664 0.0308497 0.0250497 0.0194549 0.0143138 0.00987963 0.00633689
 0.00720674 0.0117049 0.0176201 0.0249152 0.0333886 0.0425495 0.0515687 0.0594567 0.065399 0.0689977 0.07027 0.0694899 0.0670399 0.0633298 0.0587483 0.05362 0.0481768 0.0425557 0.0368262 0.0310381 0.0252773 0.0197044 0.0145531 0.0100797 0.0064835
 0.00725287 0.0117677 0.0176908 0.0249747 0.0334087 0.0424974 0.0514147 0.0591849 0.0650193 0.0685528 0.0698311 0.0691379 0.0668377 0.0633 0.0588672 0.0538318 0.0484198 0.0427872 0.0370334 0.0312307 0.0254694 0.0198994 0.0147403 0.0102421 0.00660826
 0.00720073 0.0117098 0.017652 0.0249917 0.0335163 0.0427075 0.0517011 0.0594839 0.0652489 0.0686426 0.0697483 0.0688993 0.066503 0.0629497 0.0585741 0.0536373 0.0483272 0.0427728 0.0370663 0.0312891 0.0255439 0.0199861 0.0148334 0.0103316 0.0066836
 0.00698183 0.0113759 0.0171928 0.0244181 0.032864 0.0420382 0.0510976 0.0590342 0.0650194 0.0686503 0.069952 0.0692177 0.0668522 0.0632762 0.0588667 0.053916 0.0486187 0.0430901 0.037403 0.0316254 0.0258584 0.0202629 0.0150634 0.0105112 0.00681392
#obs surv len freq
 nan nan nan nan nan nan nan nan nan nan nan nan nan nan nan nan nan nan nan nan nan nan nan nan nan
 0.00449071 0.00735452 0.0111864 0.0160033 0.0217027 0.0279756 0.0342862 0.0400142 0.0446913 0.0481536 0.0505106 0.0520062 0.0528984 0.0534108 0.0537252 0.0539801 0.0542588 0.0545515 0.0546903 0.0542822 0.0527204 0.0493528 0.0438029 0.0362835 0.0276678
 0.00461737 0.00756497 0.011511 0.0164718 0.0223365 0.0287756 0.0352223 0.0410225 0.0456844 0.0490393 0.0512102 0.0524654 0.0530916 0.0533399 0.0534143 0.0534676 0.0535887 0.0537669 0.0538304 0.0533841 0.0518232 0.0485001 0.0430401 0.035649 0.0271829
 0.00478291 0.00783427 0.0119169 0.0170457 0.0231032 0.0297442 0.0363756 0.0423102 0.0470257 0.0503333 0.0523504 0.0533545 0.0536545 0.0535332 0.05323 0.0529299 0.0527456 0.0526802 0.0525679 0.0520171 0.0504277 0.0471573 0.0418306 0.0346393 0.0264098
 0.0049716 0.00814355 0.012387 0.0177155 0.0240027 0.0308824 0.0377289 0.0438182 0.0485998 0.0518724 0.0537538 0.0545279 0.054513 0.0540059 0.0532681 0.0525152 0.0518945 0.0514422 0.0510201 0.0502589 0.0485758 0.0453401 0.0401746 0.0332475 0.0253401
 0.00517386 0.00847611 0.0128946 0.0184425 0.0249848 0.0321337 0.0392271 0.0455002 0.0503692 0.0536172 0.0553638 0.0559044 0.0555714 0.0546745 0.0534885 0.0522458 0.0511182 0.0501759 0.0493222 0.0482322 0.0463646 0.0431167 0.0381153 0.0314991 0.023988
 0.00540173 0.00884754 0.0134557 0.0192372 0.0260476 0.0334769 0.040828 0.0472947 0.0522599 0.0554904 0.0571059 0.0574127 0.0567576 0.0554652 0.0538232 0.0520766 0.0504126 0.0489266 0.0475622 0.0460497 0.0439089 0.0405879 0.0357315 0.0294499 0.0223899
 0.00564296 0.00924287 0.0140565 0.0200931 0.0271968 0.034931 0.0425564 0.0492203 0.0542709 0.0574625 0.0589226 0.0589747 0.0579837 0.056289 0.0541895 0.0519384 0.0497325 0.0476846 0.0457725 0.0437821 0.0413052 0.0378573 0.033118 0.027176 0.0206005
 0.00589625 0.00965569 0.0146798 0.0209755 0.0283755 0.0364178 0.0443227 0.051191 0.0563336 0.0594885 0.0607872 0.0605709 0.0592272 0.0571164 0.0545532 0.0518001 0.0490599 0.0464558 0.0439919 0.041505 0.0386599 0.0350489 0.0303985 0.0247855 0.0187034
 0.00613847 0.0100558 0.0152936 0.0218584 0.0295712 0.0379406 0.0461395 0.0532164 0.0584436 0.0615455 0.0626636 0.0621607 0.0604487 0.0579102 0.0548772 0.0516239 0.0483599 0.0452167 0.0422182 0.0392448 0.0360299 0.032243 0.027664 0.0223655 0.0167705
 0.00637518 0.0104436 0.015883 0.0226991 0.0307034 0.0393801 0.0478628 0.0551524 0.0604819 0.0635552 0.064514 0.0637372 0.0616607 0.0586935 0.0551905 0.0514426 0.0476689 0.0440087 0.040503 0.0370693 0.0335018 0.0295424 0.0250237 0.0200192 0.0148878
 0.00663903 0.0108724 0.0165279 0.0236071 0.0319077 0.0408861 0.0496328 0.0571018 0.0624913 0.065494 0.066261 0.0651918 0.0627457 0.0593539 0.0553913 0.0511646 0.0469041 0.0427592 0.0387864 0.0349349 0.0310525 0.026945 0.0224932 0.0177725 0.0130838
 0.00682541 0.0111868 0.0170221 0.0243359 0.0329175 0.0421956 0.0512154 0.0588799 0.0643495 0.0673029 0.0679005 0.0665636 0.0637766 0.0599933 0.0556075 0.0509397 0.0462307 0.0416398 0.0372398 0.0330099 0.0288445 0.024605 0.0202141 0.0157478 0.0114562
 0.00708168 0.0115979 0.0176308 0.0251791 0.03402 0.0435606 0.0528121 0.0606372 0.0661613 0.0690451 0.0694503 0.0678165 0.0646568 0.0604572 0.0556394 0.0505432 0.0454194 0.040433 0.0356665 0.0311217 0.0267314 0.0224034 0.0180943 0.0138794 0.0099617
 0.00728249 0.0119344 0.018155 0.0259435 0.035064 0.0448909 0.0543849 0.0623568 0.0678996 0.0706712 0.0708545 0.0689186 0.0654036 0.0608171 0.0555992 0.0501061 0.0446017 0.039261 0.0341775 0.0293712 0.0248049 0.0204223 0.0162059 0.0122268 0.00864664
 0.00745477 0.012217 0.0185854 0.0265594 0.0358973 0.0459567 0.0556687 0.0638057 0.0694246 0.07216 0.07219 0.0699977 0.0661511 0.0611912 0.0555886 0.0497208 0.0438649 0.0382043 0.0328423 0.0278147 0.0231084 0.0186941 0.0145722 0.0108071 0.00752292
 0.00753276 0.0123474 0.018789 0.0268593 0.0363163 0.046512 0.0563659 0.0646353 0.0703601 0.0731594 0.0731969 0.0709427 0.0669571 0.0617839 0.0559081 0.0497304 0.0435532 0.0375832 0.0319436 0.0266905 0.0218335 0.0173659 0.0133006 0.00969421 0.00663862
 0.00760617 0.0124583 0.0189407 0.0270511 0.0365463 0.0467811 0.0566803 0.0650046 0.0707941 0.0736625 0.0737624 0.071549 0.0675655 0.0623402 0.0563483 0.0499914 0.0435847 0.0373572 0.0314604 0.0259807 0.0209571 0.016407 0.0123555 0.00885254 0.00596276
 0.00766418 0.0125473 0.0190645 0.0272088 0.0367322 0.0469853 0.0568901 0.0652085 0.0709875 0.0738523 0.0739663 0.071788 0.0678513 0.0626647 0.0566798 0.0502783 0.0437666 0.0373795 0.0312889 0.0256118 0.020422 0.0157675 0.0116913 0.0082415 0.00546199
 0.00773052 0.0126476 0.0192013 0.0273792 0.0369282 0.0471951 0.057099 0.0654006 0.0711484 0.0739735 0.07405 0.0718476 0.0679086 0.0627405 0.0567838 0.0504004 0.0438756 0.03743 0.0312358 0.0254271 0.0201065 0.015354 0.0112356 0.00780563 0.0050954
 0.00778524 0.0127328 0.019322 0.0275367 0.0371189 0.0474092 0.0573204 0.0656081 0.0713204 0.0740942 0.0741138 0.0718601 0.0678847 0.0627005 0.0567473 0.0503797 0.0438686 0.0374184 0.0311894 0.0253158 0.0199149 0.0150904 0.0109312 0.00750327 0.00483367
 0.0078308 0.012802 0.0194173 0.0276569 0.0372599 0.0475648 0.0574821 0.0657655 0.0714616 0.0742072 0.0741893 0.0718934 0.0678776 0.0626613 0.0566889 0.0503162 0.0438095 0.0373637 0.031128 0.0252297 0.0197886 0.0149209 0.010732 0.00729988 0.00465279
 0.00786519 0.0128549 0.0194912 0.0277518 0.0373729 0.04769 0.057611 0.0658878 0.0715672 0.074289 0.0742435 0.0719199 0.0678775 0.0626371 0.0566448 0.0502582 0.0437446 0.0372967 0.0310584 0.0251512 0.0196928 0.0148036 0.0105982 0.00716304 0.00452944
 0.00788223 0.0128798 0.0195234 0.0277892 0.0374125 0.047729 0.0576478 0.0659222 0.0715997 0.07432 0.0742733 0.071948 0.0679028 0.0626576 0.0566582 0.0502624 0.0437389 0.0372811 0.0310328 0.0251139 0.0196411 0.0147362 0.0105182 0.00707851 0.004451
 0.00789465 0.0128993 0.0195513 0.0278258 0.0374566 0.0477777 0.0576963 0.0659644 0.0716306 0.0743374 0.0742789 0.0719461 0.067898 0.0626531 0.0566546 0.0502585 0.0437322 0.0372694 0.0310139 0.0250863 0.0196035 0.0146887 0.0104633 0.00702138 0.00439819
 0.00793474 0.0129562 0.0196216 0.0279013 0.0375267 0.0478334 0.0577331 0.0659826 0.0716333 0.0743283 0.0742607 0.0719213 0.0678692 0.0626234 0.0566269 0.0502344 0.0437115 0.0372501 0.0309936 0.0250623 0.0195741 0.0146537 0.0104242 0.00698162 0.00436191
 0.00791598 0.0129293 0.0195875 0.0278626 0.0374859 0.047791 0.0576872 0.0659306 0.0715752 0.0742697 0.074212 0.0718939 0.067871 0.0626554 0.0566838 0.0503074 0.0437911 0.0373277 0.0310622 0.0251169 0.0196119 0.0146743 0.0104298 0.00697643 0.00435105
 0.00788687 0.0128791 0.0195073 0.0277436 0.0373234 0.0475894 0.0574625 0.0657093 0.0713864 0.0741361 0.0741448 0.0718933 0.0679305 0.0627654 0.0568332 0.0504831 0.0439787 0.0375127 0.0312319 0.0252618 0.0197266 0.0147575 0.0104841 0.00700721 0.00436528
 0.0079187 0.0129195 0.0195467 0.0277658 0.0373087 0.0475214 0.0573348 0.0655283 0.0711717 0.0739157 0.0739495 0.0717492 0.0678536 0.0627594 0.0568911 0.0505913 0.0441204 0.0376707 0.0313901 0.0254067 0.0198485 0.0148514 0.0105499 0.00704858 0.00438817
 0.00787989 0.0128659 0.019483 0.0277004 0.0372499 0.0474704 0.0572827 0.0654593 0.0710709 0.0737797 0.0737909 0.0715938 0.0677318 0.0626957 0.0568976 0.0506659 0.0442497 0.037835 0.0315681 0.0255792 0.0200007 0.0149744 0.0106406 0.00710951 0.00442508
 0.00786924 0.0128419 0.0194355 0.027618 0.0371248 0.0473058 0.057096 0.0652777 0.0709207 0.0736744 0.0737273 0.0715592 0.0677153 0.0626966 0.0569244 0.0507293 0.0443548 0.037977 0.0317336 0.0257504 0.0201603 0.0151095 0.0107447 0.00718234 0.00447121
 0.00785476 0.0128171 0.0193956 0.0275567 0.0370351 0.0471812 0.056934 0.0650834 0.0707097 0.0734717 0.0735611 0.0714518 0.0676753 0.0627188 0.0569961 0.0508382 0.0444925 0.0381377 0.03191 0.0259312 0.0203316 0.0152585 0.010863 0.00726774 0.00452706
 0.00780435 0.0127367 0.0192776 0.0273958 0.0368297 0.0469355 0.0566598 0.0647999 0.0704402 0.0732394 0.0733861 0.0713496 0.0676559 0.0627843 0.057139 0.0510423 0.0447372 0.0384029 0.032178 0.0261875 0.0205634 0.0154551 0.011018 0.00738017 0.00460146
 0.00779059 0.012709 0.0192262 0.0273085 0.0366951 0.0467484 0.0564252 0.0645341 0.0701677 0.0729867 0.0731767 0.0712012 0.0675796 0.0627853 0.0572164 0.051189 0.0449396 0.0386425 0.0324342 0.0264404 0.020796 0.0156546 0.0111768 0.00749668 0.00467963
 0.00775449 0.0126522 0.0191439 0.0271969 0.0365513 0.0465706 0.0562142 0.0642957 0.069914 0.0727369 0.0729544 0.0710302 0.0674792 0.0627664 0.0572806 0.0513295 0.0451433 0.0388911 0.0327067 0.0267145 0.0210514 0.0158754 0.0113534 0.00762675 0.0047673
 0.00771279 0.0125845 0.0190423 0.0270549 0.0363657 0.0463442 0.0559579 0.0640278 0.0696561 0.0725085 0.0727701 0.0708999 0.0674104 0.0627652 0.0573506 0.0514694 0.0453453 0.0391412 0.0329853 0.0269996 0.0213211 0.0161114 0.0115441 0.00776831 0.00486334
 0.00770634 0.01257 0.0190129 0.0270017 0.0362794 0.0462185 0.0557927 0.0638306 0.0694413 0.0722945 0.0725754 0.0707406 0.0672985 0.0627081 0.0573525 0.0515317 0.0454658 0.0393126 0.0331949 0.027229 0.0215498 0.0163199 0.0117179 0.00790055 0.00495478
 0.0076682 0.012515 0.0189429 0.0269218 0.0361958 0.0461343 0.055706 0.0637355 0.0693321 0.07217 0.0724422 0.0706115 0.0671889 0.0626329 0.0573224 0.0515525 0.0455384 0.0394334 0.0333549 0.0274146 0.0217433 0.016503 0.0118754 0.0080234 0.00504151
 0.0076672 0.0125094 0.0189276 0.0268906 0.036144 0.0460627 0.055622 0.0636512 0.0692582 0.0721103 0.0723916 0.0705611 0.067133 0.0625735 0.0572693 0.0515193 0.0455375 0.0394717 0.0334326 0.0275246 0.0218727 0.0166361 0.0119969 0.00812272 0.0051142
 0.00763477 0.0124628 0.0188686 0.026824 0.0360754 0.0459954 0.0555558 0.0635839 0.0691895 0.072044 0.0723352 0.0705212 0.0671117 0.0625679 0.0572749 0.0515344 0.045565 0.0395175 0.0335012 0.0276157 0.02198 0.0167485 0.0121021 0.00821067 0.00517995
 0.00761747 0.0124338 0.0188236 0.0267597 0.0359911 0.0458952 0.0554499 0.0634863 0.0691126 0.0719941 0.0723111 0.070517 0.0671213 0.0625871 0.0573018 0.0515683 0.045606 0.0395671 0.0335619 0.0276889 0.0220638 0.0168369 0.0121866 0.00828316 0.00523551
 0.00760792 0.0124184 0.0188007 0.0267272 0.0359473 0.0458387 0.0553805 0.0634065 0.0690288 0.0719159 0.0722486 0.0704779 0.0671077 0.0625964 0.0573284 0.0516063 0.0456516 0.0396188 0.0336196 0.027753 0.0221332 0.0169084 0.0122547 0.00834218 0.00528149
 0.00758338 0.0123804 0.0187469 0.0266572 0.0358621 0.0457413 0.0552761 0.0633021 0.0689319 0.0718338 0.0721877 0.0704428 0.0671018 0.0626202 0.0573792 0.0516783 0.0457374 0.0397113 0.0337138 0.0278455 0.0222217 0.0169903 0.0123269 0.00840155 0.00532632
 0.00758067 0.0123733 0.0187315 0.0266282 0.0358148 0.0456737 0.0551908 0.0632061 0.0688354 0.0717464 0.0721167 0.0703928 0.0670751 0.0626177 0.0574008 0.0517223 0.0458001 0.0397873 0.033797 0.0279303 0.0223034 0.0170649 0.0123915 0.00845383 0.00536536
 0.00755167 0.0123303 0.0186744 0.0265592 0.0357371 0.0455901 0.0551028 0.0631149 0.0687437 0.0716598 0.0720431 0.070341 0.0670517 0.0626255 0.0574386 0.0517863 0.0458847 0.0398861 0.0339029 0.0280363 0.0224032 0.0171535 0.0124653 0.00851127 0.00540675
 0.0075346 0.0123008 0.018627 0.0264886 0.0356404 0.0454694 0.0549672 0.0629791 0.0686232 0.0715662 0.0719813 0.0703103 0.0670494 0.0626495 0.0574876 0.0518585 0.0459769 0.039993 0.0340177 0.0281516 0.0225119 0.0172495 0.0125445 0.008572 0.00544972
 0.00752831 0.0122897 0.0186087 0.0264597 0.035597 0.0454082 0.0548863 0.0628801 0.0685125 0.0714545 0.0718818 0.070235 0.0670058 0.0626397 0.0575094 0.0519076 0.0460483 0.0400815 0.0341173 0.0282553 0.0226123 0.0173399 0.01262 0.00863026 0.00549096
 0.00751317 0.0122684 0.0185826 0.0264319 0.0355709 0.0453854 0.0548654 0.0628567 0.0684809 0.0714107 0.0718261 0.0701724 0.0669455 0.0625921 0.0574829 0.0519067 0.0460732 0.0401288 0.0341817 0.02833 0.0226899 0.0174134 0.0126836 0.00868051 0.00552711
 0.00749492 0.0122383 0.0185365 0.0263669 0.0354862 0.0452849 0.0547584 0.0627566 0.0684006 0.0713579 0.0718008 0.0701685 0.0669557 0.0626113 0.0575106 0.0519453 0.0461256 0.0401958 0.0342611 0.0284168 0.0227775 0.0174949 0.0127534 0.00873521 0.0055662
 0.00747786 0.0122101 0.0184934 0.0263048 0.0354023 0.0451787 0.0546334 0.0626217 0.0682694 0.0712459 0.0717216 0.0701307 0.0669597 0.0626511 0.0575763 0.0520276 0.046218 0.0402949 0.0343642 0.0285209 0.0228779 0.017586 0.0128302 0.00879487 0.00560856
 0.00747786 0.0122101 0.0184934 0.0263048 0.0354023 0.0451787 0.0546334 0.0626217 0.0682694 0.0712459 0.0717216 0.0701307 0.0669597 0.0626511 0.0575763 0.0520276 0.046218 0.0402949 0.0343642 0.0285209 0.0228779 0.017586 0.0128302 0.00879487 0.00560856
 0.00715737 0.0117007 0.0177507 0.0253013 0.0341397 0.0437032 0.0530486 0.0610833 0.0669562 0.0703158 0.071274 0.0701904 0.0674833 0.0635462 0.0587252 0.0533095 0.0475263 0.0415467 0.0355024 0.0295104 0.0237009 0.0182382 0.013319 0.00913819 0.0058324
 0.00722381 0.0117682 0.0177768 0.0252199 0.0338763 0.0432009 0.0522929 0.0601137 0.0658615 0.0692176 0.0703049 0.0694705 0.0670985 0.0635319 0.0590622 0.053932 0.0483403 0.0424513 0.0364074 0.0303466 0.0244231 0.0188236 0.0137638 0.00945334 0.00603908
 0.00722828 0.0117927 0.0178421 0.0253475 0.0340718 0.0434335 0.0524856 0.0601578 0.0656565 0.0687179 0.0695474 0.0685687 0.0662073 0.0628025 0.0586044 0.0537939 0.0485063 0.0428565 0.0369603 0.030953 0.0250045 0.0193266 0.0141616 0.00974208 0.00623124
 0.00715654 0.0116845 0.0176967 0.0251735 0.033889 0.0432718 0.0523776 0.0601242 0.0656868 0.0687612 0.0695251 0.0684108 0.0658925 0.0623784 0.0581729 0.0534717 0.0483816 0.0429613 0.0372678 0.0313948 0.0254969 0.019795 0.0145555 0.0100396 0.00643425
 0.00708772 0.011573 0.0175301 0.0249423 0.0335912 0.0429185 0.0519986 0.0597666 0.0654048 0.0685961 0.0694868 0.0684682 0.0659842 0.0624415 0.0581761 0.0534338 0.048362 0.0430282 0.0374631 0.0317152 0.0258981 0.0202136 0.0149333 0.01034 0.0066469
 0.00700288 0.0114369 0.0173288 0.0246646 0.033231 0.0424798 0.0514998 0.0592436 0.0649081 0.0681829 0.0692084 0.0683562 0.0660397 0.0626317 0.0584459 0.0537295 0.0486549 0.0433226 0.0377832 0.0320802 0.0263031 0.0206274 0.0153134 0.0106514 0.00687392
 0.00699658 0.0114179 0.017284 0.024576 0.0330797 0.0422527 0.0511956 0.0588753 0.0645017 0.0677732 0.068835 0.0680599 0.0658553 0.0625795 0.0585241 0.053914 0.0489095 0.0436154 0.0380971 0.0324109 0.0266471 0.0209711 0.0156323 0.0109198 0.00707626
 0.0069767 0.0113931 0.0172597 0.0245597 0.0330761 0.0422567 0.0511895 0.0588317 0.0643939 0.0675878 0.0685796 0.0677631 0.0655595 0.06233 0.0583583 0.0538524 0.0489522 0.043746 0.0382918 0.0326472 0.0269059 0.0212344 0.0158803 0.011133 0.00724149
 0.00693467 0.0113263 0.0171627 0.0244302 0.0329175 0.0420802 0.0510134 0.0586771 0.0642751 0.0675043 0.0685159 0.0676978 0.0654792 0.062239 0.0582778 0.0538117 0.0489761 0.0438456 0.0384621 0.0328705 0.0271587 0.0214917 0.0161193 0.0113357 0.00739734
#pred catch len freq
 0.00317502 0.00513715 0.00772003 0.0109593 0.0148952 0.0195304 0.0247683 0.0303939 0.0361127 0.0416086 0.0465909 0.0508336 0.0542087 0.0566974 0.0583714 0.0593657 0.0598551 0.0600163 0.0599417 0.0595 0.0582258 0.0553836 0.0502952 0.0428112 0.0336028
 0.00343136 0.00549065 0.00813749 0.0113768 0.0152441 0.0197731 0.0249202 0.0305117 0.0362534 0.0417874 0.0467685 0.0509431 0.0542041 0.0565909 0.0582374 0.0593071 0.0599475 0.0602568 0.0602291 0.0596643 0.0580998 0.054885 0.0494726 0.0418233 0.0326442
 0.00351427 0.00566192 0.00845771 0.0119118 0.0160333 0.0207902 0.0260525 0.0315854 0.0371018 0.0423209 0.0469972 0.0509406 0.0540467 0.0563236 0.0578847 0.0589022 0.0595425 0.059897 0.0599111 0.0593171 0.0576145 0.0541805 0.0485551 0.0407966 0.031661
 0.00362887 0.00583809 0.0087094 0.0122593 0.0165154 0.0214708 0.0270068 0.0328563 0.0386448 0.0439746 0.0485163 0.0520833 0.0546669 0.0564083 0.0575238 0.058228 0.0586803 0.0589413 0.0589143 0.0582843 0.0565156 0.0529874 0.0472863 0.0395345 0.030525
 0.00378465 0.00608664 0.0090744 0.0127593 0.0171614 0.0222653 0.0279458 0.0339371 0.0398707 0.0453453 0.0499945 0.0535597 0.0559578 0.0573055 0.0578733 0.0579869 0.0579174 0.0577901 0.0575134 0.0567383 0.0548893 0.0513286 0.0456566 0.038024 0.0292341
 0.00398231 0.00640038 0.00953342 0.0133883 0.0179794 0.0232817 0.0291531 0.0353036 0.0413416 0.0468515 0.0514671 0.054935 0.0571665 0.0582549 0.0584433 0.0580562 0.0574115 0.0567162 0.0559601 0.0548431 0.052802 0.049193 0.0436104 0.0361963 0.0277295
 0.00422566 0.00678356 0.0100881 0.0141387 0.0189424 0.024465 0.030549 0.0368815 0.0430427 0.0485917 0.0531456 0.0564486 0.0584231 0.0591787 0.058968 0.0581144 0.0569369 0.0556666 0.0543488 0.0527578 0.0503992 0.046673 0.0411842 0.0340511 0.0259957
 0.00449978 0.00721734 0.0107196 0.014998 0.0200489 0.0258238 0.0321427 0.0386637 0.0449384 0.0505045 0.0549676 0.0580709 0.0597456 0.0601173 0.0594572 0.0581032 0.0563828 0.0545385 0.0526452 0.050535 0.0477925 0.0438919 0.0384777 0.0316521 0.024066
 0.00478288 0.0076744 0.0114026 0.0159554 0.02132 0.0274271 0.034061 0.0408327 0.0472485 0.0528138 0.0571227 0.0599271 0.0611839 0.061053 0.0598389 0.0579036 0.0555876 0.0531423 0.0506619 0.0480229 0.0448822 0.0407957 0.0354623 0.0289783 0.0219191
 0.00506066 0.00812236 0.0120719 0.0168966 0.0225797 0.0290394 0.036032 0.043124 0.0497666 0.055412 0.0596165 0.0621212 0.0629038 0.062171 0.0602835 0.0576523 0.0546497 0.0515446 0.0484489 0.0452746 0.0417405 0.0374788 0.0322442 0.0261298 0.0196354
 0.0053479 0.00857896 0.0127416 0.0178182 0.0237867 0.0305564 0.0378654 0.0452493 0.0521191 0.0578834 0.0620592 0.0643604 0.0647589 0.0634809 0.0609287 0.0575663 0.0538169 0.049991 0.0462357 0.0425043 0.0385733 0.034142 0.0290133 0.023274 0.0173482
 0.00562478 0.00902272 0.0133986 0.0187301 0.0249865 0.0320605 0.0396629 0.0472938 0.0543291 0.0601513 0.0642613 0.0663655 0.0664347 0.0647014 0.0615838 0.0575715 0.053123 0.048591 0.0441709 0.0398728 0.0355391 0.0309354 0.0259071 0.02053 0.0151523
 0.00596156 0.00954609 0.014143 0.0197162 0.026224 0.0335507 0.0413934 0.0492282 0.0563979 0.0622509 0.0662646 0.0681396 0.0678598 0.065682 0.0620491 0.0574699 0.0524187 0.0472689 0.0422511 0.0374295 0.0327164 0.0279475 0.023011 0.0179726 0.0131075
