SBPRF35
12.7214
Curr Bio
902726
B35
862210
F35
0.172256
FOFL
0.172256
OFL
125966
Bzero
3.63469e+006
#pred survey bio
 3.10916e+006 2.8005e+006 2.52928e+006 2.29602e+006 2.01965e+006 1.80208e+006 1.59042e+006 1.41143e+006 1.26954e+006 1.11644e+006 961280 851149 748336 674498 657502 626573 597368 585659 571624 558892 545806 542320 545226 542533 545901 543155 534683 543505 556150 564191 562313 581156 602021 609515 622030 631496 638462 644015 655188 667737 667686 679432 690085 684982 687378 674181 680986 713890 741454 805237 849393 888751 899435 901619 895934 909471 2.07837e+007 1.9166e+007 1.96026e+007 2.04414e+007 2.1525e+007 2.26811e+007 2.37856e+007 2.47674e+007 2.55985e+007 2.62781e+007 2.68206e+007 2.72466e+007 2.75774e+007 2.78325e+007 2.80285e+007 2.81788e+007 2.82943e+007 2.83831e+007 2.84517e+007 2.85048e+007 2.85461e+007 2.85784e+007 2.86038e+007 2.86237e+007 2.86395e+007 2.86521e+007 2.86621e+007 2.867e+007 2.86764e+007 2.86816e+007 2.86857e+007 2.86891e+007 2.86918e+007 2.8694e+007 2.86957e+007 2.86972e+007 2.86984e+007 2.86993e+007 2.87001e+007 2.87008e+007 2.87013e+007 2.87017e+007 2.8702e+007 2.87023e+007 2.87026e+007 2.87028e+007 2.87029e+007 2.8703e+007 2.87031e+007 2.87032e+007 2.87033e+007 2.87034e+007 2.87034e+007 2.87034e+007 2.87035e+007 2.87035e+007 2.87035e+007 2.87035e+007 2.87035e+007 2.87036e+007 2.87036e+007 2.87036e+007 2.87036e+007 2.87036e+007 2.87036e+007 2.87036e+007 2.87036e+007 2.87036e+007 2.87036e+007 2.87036e+007 2.87036e+007 2.87036e+007 2.87036e+007 2.87036e+007 2.87036e+007 2.87036e+007 2.87036e+007 2.87036e+007 2.87036e+007 2.87036e+007 2.87036e+007 2.87036e+007 2.87036e+007 2.87036e+007 2.87036e+007 2.87036e+007 2.87036e+007 2.87036e+007 2.87036e+007 2.87036e+007 2.87036e+007 2.87036e+007 2.87036e+007 2.87036e+007 2.87036e+007 2.87036e+007 2.87036e+007 2.87036e+007 2.87036e+007 2.87036e+007 0 0 0 0 0 0 0 0 0 0 0 0 0 0 0 0 0 0 0 0 0 0 0 0 0
#obs survey bio
 2.85557e+006 3.05015e+006 2.21311e+006 1.80342e+006 2.07145e+006 1.7646e+006 1.72558e+006 1.76806e+006 1.31044e+006 820591 827674 867075 713725 632068 538672 773319 434095 548876 662470 710015 357701 528807 653866 770068 664209 431568 557086 517401 530308 572761 364749 600632 594852 584571 528216 716530 551934 661708 731429 748086 741996 830920 572268 974220 727836 1.03246e+006 684482 573060 681402 993706 947615 1.06046e+006 1.03356e+006 651764 1.10191e+006 1.01657e+006
#pred catch bio
 304367 290154 275603 332590 294312 300559 279783 253499 267174 268267 225872 215111 184999 134641 146123 142396 125719 125951 122309 119815 109532 102901 106294 99884.1 104059 107625 92818.2 90902 95864.2 104531 88009.2 88271.3 100818 97676 101624 104877 107195 103377 102769 112833 101676 102085 114716 107890 121232 104939 86069.3 94351.8 67073.3 86732.3 91986.9 117245 125031 132792 118068 136143 125966 126930 128766 133231 139697 146729 153398 159225 164042 167867 170813 173031 174671 175867 176730 177347 177785 178095 178312 178464 178571 178645 178696 178732 178757 178774 178786 178794 178799 178803 178806 178808 178809 178810 178811 178811 178811 178811 178812 178812 178812 178812 178812 178812 178812 178812 178812 178812 178812 178812 178812 178812 178812 178812 178812 178812 178812 178812 178812 178812 178812 178812 178812 178812 178812 178812 178812 178812 178812 178812 178812 178812 178812 178812 178812 178812 178812 178812 178812 178812 178812 178812 178812 178812 178812 178812 178812 178812 178812 178812 178812 178812 178812 178812 178812 178812 178812 178812 178812 178812 0 0 0 0 0 0 0 0 0 0 0 0 0 0 0 0 0 0 0 0 0 0 0 0 0
#obs catch bio
 259559 289700 274438 333607 294843 302331 279968 253218 268178 271007 228110 216518 186393 134727 147592 143475 127243 127201 122986 120179 110230 103141 106310 99442.2 103440 107628 92459.5 90812.4 95884.2 104404 88308.6 88359.9 100702 97617.6 101940 104658 107501 103963 103075 113266 101612 101444 114020 106819 120736 104531 85707.8 95121.2 67009.4 87152.2 91960.9 117224 124868 133099 117613 136294
#pred cpue bio
 3.06634e+006 2.75919e+006 2.48839e+006 2.25523e+006 1.98004e+006 1.7634e+006 1.55307e+006 1.37513e+006 1.23391e+006 1.08215e+006 928929 820486 719630 647270 630420 600086 571576 560282 546888 534854 522431 519303 522452 520134 523679 521118 512852 521419 533736 541649 539746 558112 578665 585980 598032 607208 613901 619173 630205 642806 643119 655001 665699 660682 662827 649611 655935 687887 714949 777917 821811 860659 870879 872499 866419 879414 2.0095e+007 1.85335e+007 1.88712e+007 1.96144e+007 2.06705e+007 2.18214e+007 2.2925e+007 2.39067e+007 2.47377e+007 2.54173e+007 2.59599e+007 2.63859e+007 2.67166e+007 2.69717e+007 2.71677e+007 2.73181e+007 2.74335e+007 2.75224e+007 2.75909e+007 2.7644e+007 2.76854e+007 2.77177e+007 2.7743e+007 2.7763e+007 2.77788e+007 2.77913e+007 2.78013e+007 2.78093e+007 2.78157e+007 2.78208e+007 2.78249e+007 2.78283e+007 2.7831e+007 2.78332e+007 2.7835e+007 2.78364e+007 2.78376e+007 2.78386e+007 2.78393e+007 2.784e+007 2.78405e+007 2.78409e+007 2.78413e+007 2.78416e+007 2.78418e+007 2.7842e+007 2.78421e+007 2.78423e+007 2.78424e+007 2.78425e+007 2.78425e+007 2.78426e+007 2.78426e+007 2.78427e+007 2.78427e+007 2.78427e+007 2.78427e+007 2.78428e+007 2.78428e+007 2.78428e+007 2.78428e+007 2.78428e+007 2.78428e+007 2.78428e+007 2.78428e+007 2.78428e+007 2.78428e+007 2.78428e+007 2.78428e+007 2.78428e+007 2.78428e+007 2.78428e+007 2.78428e+007 2.78428e+007 2.78428e+007 2.78428e+007 2.78428e+007 2.78428e+007 2.78428e+007 2.78428e+007 2.78428e+007 2.78428e+007 2.78428e+007 2.78428e+007 2.78428e+007 2.78428e+007 2.78428e+007 2.78428e+007 2.78428e+007 2.78428e+007 2.78428e+007 2.78428e+007 2.78428e+007 2.78428e+007 2.78428e+007 2.78428e+007 2.78428e+007 2.78428e+007 2.78428e+007 2.78428e+007 0 0 0 0 0 0 0 0 0 0 0 0 0 0 0 0 0 0 0 0 0 0 0 0 0
#obs cpue bio
 2.17715e+006 3.46022e+006 3.22784e+006 2.00762e+006 1.54649e+006 1.46566e+006 1.98773e+006 1.12104e+006 945427 1.03267e+006 828683 954335 657605 688596 514908 499416 445787 632790 537253 476057 563161 619563 549933 473480 536278 498501 581043 463059 524166 702451 439232 649994 840578 514899 536183 808384 489310 424493 630217 630395 676006 920275 976304 600780 525222 419636 586068 407098 715652 672344 946610 968300 753690 971480 944290 655328
#pred surv len freq
 0.00470307 0.00772167 0.0117801 0.0169054 0.0229898 0.0296925 0.0364195 0.0424808 0.0473492 0.0508272 0.0530157 0.0541632 0.054535 0.0543571 0.0538115 0.0530506 0.0522152 0.0514296 0.0507418 0.0500073 0.0487891 0.0464072 0.0422188 0.03603 0.0283588
 0.00513406 0.00835693 0.0126181 0.017912 0.0241198 0.0309188 0.0377451 0.0439189 0.048883 0.0523774 0.0544432 0.0553118 0.0552906 0.054688 0.0537671 0.0527204 0.0516716 0.0506824 0.0497285 0.0486293 0.0469837 0.044219 0.0398264 0.033701 0.0263529
 0.0053699 0.00878741 0.0133478 0.0190536 0.025752 0.0330303 0.0401987 0.0464733 0.0512731 0.0544056 0.0560209 0.056432 0.0559689 0.0549262 0.0535599 0.0520818 0.0506434 0.0493126 0.0480407 0.0466168 0.0446454 0.0416184 0.0371271 0.0311425 0.0241717
 0.00555656 0.00908727 0.0137972 0.0196961 0.0266447 0.0342419 0.0417913 0.048464 0.0535916 0.0568765 0.0583929 0.0584497 0.0574457 0.0557773 0.0537848 0.0517241 0.0497591 0.047957 0.0462637 0.0444661 0.042183 0.0389506 0.0344257 0.0286263 0.0220468
 0.00583435 0.00954414 0.0144936 0.0206893 0.0279754 0.0359169 0.0437697 0.0506614 0.0559017 0.059192 0.0606064 0.0604368 0.0590571 0.0568583 0.0542154 0.0514504 0.0487959 0.046366 0.0441293 0.0418859 0.0392777 0.0358825 0.0314039 0.0258814 0.0197743
 0.00603133 0.00987011 0.0149957 0.0214175 0.0289754 0.0372168 0.0453646 0.0525036 0.0579041 0.061244 0.0625938 0.0622541 0.0606074 0.0580444 0.0549338 0.0516014 0.0483064 0.045212 0.042346 0.0395657 0.0365666 0.0329766 0.0285367 0.023289 0.0176429
 0.00633918 0.0103562 0.0157009 0.0223715 0.0301935 0.0386945 0.0470699 0.0543731 0.059848 0.0631592 0.064378 0.0638157 0.0618694 0.0589435 0.0554136 0.0516048 0.047775 0.0440996 0.0406426 0.0373226 0.0339112 0.0301096 0.0257059 0.0207404 0.0155622
 0.00664991 0.0108579 0.0164485 0.0234111 0.0315505 0.0403572 0.0489752 0.0564069 0.0618682 0.0650297 0.0659948 0.0651138 0.0628138 0.0595145 0.0555944 0.0513728 0.0470992 0.0429458 0.0389921 0.0352001 0.0314123 0.0274094 0.0230364 0.0183386 0.0136068
 0.00681207 0.011142 0.0169138 0.0241255 0.0325752 0.0417227 0.0506568 0.0583166 0.0638678 0.0669605 0.0677092 0.0664984 0.0637998 0.0600747 0.0557304 0.0510964 0.0464164 0.0418526 0.0374846 0.0332993 0.0291926 0.0250147 0.0206665 0.0162035 0.0118681
 0.00698009 0.0114321 0.0173826 0.0248382 0.0335941 0.043086 0.0523565 0.0602844 0.0659786 0.0690507 0.0696032 0.0680365 0.0648642 0.0606046 0.0557224 0.050588 0.0454626 0.0405053 0.0357873 0.0313004 0.0269698 0.0226941 0.018418 0.0142051 0.0102552
 0.00721033 0.0118117 0.0179641 0.0256748 0.0347302 0.0445417 0.0541096 0.0622611 0.0680594 0.0710872 0.0714388 0.0695257 0.0658884 0.0610873 0.055637 0.0499567 0.0443441 0.038977 0.0339315 0.0292019 0.0247271 0.0204316 0.0162835 0.0123448 0.00877475
 0.00733219 0.0120129 0.0182735 0.0261236 0.0353487 0.045353 0.055121 0.0634575 0.0694005 0.0725092 0.0728574 0.0708405 0.0669908 0.0618732 0.0560218 0.0498895 0.0438151 0.0380172 0.0326046 0.0275967 0.0229527 0.0186155 0.0145629 0.0108458 0.00758411
 0.00756792 0.0123828 0.0188052 0.0268334 0.0362385 0.0464062 0.0562987 0.0646983 0.0706298 0.0736542 0.0738585 0.0716543 0.0675849 0.0622182 0.0560868 0.0496447 0.0432405 0.037113 0.0314006 0.0261557 0.0213688 0.0170056 0.0130516 0.00954256 0.00655931
 0.00792836 0.0129225 0.0195314 0.0277221 0.0372423 0.0474672 0.0573578 0.0656998 0.0715239 0.0744016 0.0744348 0.0720503 0.0678014 0.0622579 0.0559483 0.0493181 0.0427103 0.0363664 0.0304403 0.0250114 0.0201033 0.0157103 0.0118303 0.00848832 0.00573158
 0.00787913 0.0128652 0.0194857 0.0277173 0.0373054 0.0476077 0.0575594 0.0659282 0.0717492 0.0746194 0.0746705 0.0723414 0.068171 0.0626953 0.056407 0.049729 0.0429996 0.0364718 0.0303238 0.0246688 0.0195685 0.0150516 0.0111362 0.00784554 0.00520346
 0.0079182 0.0129326 0.0195953 0.0278863 0.0375526 0.0479487 0.0579979 0.0664469 0.0723042 0.0751451 0.0750975 0.0726216 0.068296 0.0626951 0.0563289 0.0496096 0.0428469 0.0362667 0.0300353 0.0242747 0.0190717 0.0144855 0.0105573 0.00731559 0.00477004
 0.00798 0.0130301 0.0197365 0.0280772 0.0377968 0.0482467 0.058346 0.0668357 0.0727174 0.0755583 0.0754775 0.0729288 0.0684928 0.0627587 0.0562611 0.049435 0.0425992 0.0359715 0.0297012 0.0238987 0.0186529 0.0140376 0.0101112 0.00691041 0.00443857
 0.00789704 0.012905 0.0195669 0.0278685 0.0375626 0.0480075 0.0581294 0.0666745 0.072646 0.075605 0.0756558 0.0732301 0.0688842 0.0631888 0.0566719 0.0497779 0.0428453 0.0361123 0.0297413 0.0238476 0.0185228 0.0138469 0.00988685 0.00668476 0.00424095
 0.00784189 0.0128183 0.0194425 0.0277037 0.0373602 0.047778 0.0578924 0.0664576 0.0724799 0.075517 0.0756643 0.0733421 0.0690941 0.0634777 0.0570082 0.0501211 0.0431539 0.0363531 0.0298953 0.0239108 0.0185036 0.0137628 0.0097621 0.00654644 0.00411315
 0.00783179 0.0127942 0.019392 0.0276115 0.037212 0.0475682 0.0576299 0.0661676 0.0721987 0.0752834 0.0755113 0.0732915 0.0691542 0.0636429 0.0572598 0.050429 0.0434805 0.0366593 0.0301477 0.024088 0.0185995 0.0137858 0.00973115 0.00648545 0.00404461
 0.00787263 0.0128521 0.019463 0.0276846 0.0372706 0.0475926 0.0576011 0.0660724 0.0720352 0.0750656 0.0752687 0.0730634 0.0689793 0.0635498 0.0572606 0.0505179 0.0436365 0.0368508 0.03034 0.0242505 0.0187127 0.013844 0.00974197 0.00646452 0.00400948
 0.00783443 0.0127915 0.0193744 0.0275638 0.0371152 0.0474029 0.0573815 0.0658325 0.0717894 0.0748317 0.0750669 0.0729142 0.0689019 0.0635586 0.0573617 0.0507062 0.0438946 0.037151 0.0306482 0.0245336 0.0189446 0.0140116 0.0098459 0.00651671 0.00402707
 0.00775747 0.0126658 0.0191847 0.0272972 0.0367652 0.0469758 0.0569019 0.0653419 0.0713389 0.074469 0.0748261 0.0728114 0.0689371 0.0637204 0.0576321 0.0510631 0.0443122 0.0375999 0.031096 0.0249476 0.0192975 0.0142865 0.0100396 0.00663848 0.00409421
 0.00775902 0.0126621 0.0191673 0.0272533 0.0366799 0.0468359 0.0567 0.0650811 0.0710339 0.0741459 0.0745186 0.0725553 0.0687626 0.0636467 0.057665 0.0511962 0.0445297 0.0378787 0.0314079 0.0252621 0.0195857 0.0145263 0.0102198 0.00675994 0.00416692
 0.00776231 0.0126568 0.0191396 0.0271837 0.0365479 0.0466277 0.0564155 0.0647362 0.0706575 0.0737734 0.0741859 0.0722941 0.0685978 0.0635936 0.0577274 0.0513666 0.0447902 0.0382038 0.0317673 0.025624 0.0199201 0.0148099 0.0104395 0.00691437 0.00426474
 0.00778006 0.0126912 0.0192005 0.0272806 0.0366838 0.0467912 0.0565768 0.0648515 0.0706829 0.0736824 0.0739801 0.0720026 0.0682669 0.063274 0.0574632 0.051188 0.0447111 0.0382214 0.0318652 0.025776 0.0200962 0.014982 0.0105867 0.0070259 0.00433988
 0.00790801 0.0128803 0.0194503 0.0275793 0.0370127 0.0471309 0.05691 0.0651591 0.0709389 0.0738514 0.0740242 0.0718952 0.0680068 0.0628904 0.0570099 0.0507283 0.0443014 0.0379002 0.0316481 0.0256577 0.0200567 0.014994 0.0106237 0.00706767 0.00437461
 0.00789467 0.0128587 0.0194176 0.0275321 0.0369469 0.047043 0.056799 0.0650314 0.0708106 0.0737467 0.0739665 0.0718954 0.0680553 0.0629613 0.0570744 0.0507702 0.0443234 0.0379191 0.031683 0.0257196 0.0201441 0.0150952 0.010723 0.00715187 0.00443714
 0.00779254 0.0127067 0.0192151 0.0272879 0.0366769 0.0467658 0.0565331 0.0647934 0.0706156 0.0736085 0.0738974 0.0719047 0.0681461 0.0631257 0.0572922 0.0510125 0.0445629 0.0381385 0.0318783 0.0258949 0.0203039 0.0152396 0.0108474 0.00725123 0.00450913
 0.00780864 0.0127166 0.0192007 0.0272245 0.036542 0.0465519 0.0562568 0.0644932 0.0703383 0.0733921 0.0737606 0.0718483 0.0681613 0.0632019 0.0574192 0.0511785 0.0447525 0.0383346 0.0320661 0.0260659 0.0204547 0.0153694 0.0109554 0.00733606 0.00457068
 0.00786262 0.0128115 0.019355 0.0274548 0.0368532 0.0469252 0.0566435 0.0648232 0.0705435 0.0734329 0.0736399 0.0716043 0.0678478 0.0628697 0.0571059 0.0509076 0.0445352 0.0381725 0.0319543 0.0259957 0.0204169 0.0153555 0.0109576 0.00734713 0.00458446
 0.00772771 0.012599 0.0190494 0.027051 0.0363625 0.0463814 0.056104 0.0643596 0.0702204 0.0732849 0.0736622 0.0717624 0.068098 0.0631754 0.057443 0.0512605 0.0448918 0.0385205 0.0322813 0.0262902 0.0206702 0.0155624 0.0111172 0.00746268 0.00466235
 0.00770179 0.0125367 0.0189191 0.0268121 0.0359778 0.0458356 0.0554211 0.0636067 0.0694953 0.072691 0.0732812 0.0716348 0.0682173 0.0634971 0.0579029 0.0517946 0.0454479 0.0390617 0.0327823 0.026734 0.0210455 0.015864 0.0113458 0.00762475 0.00476905
 0.00776527 0.0126417 0.0190781 0.0270318 0.0362499 0.0461272 0.0556711 0.0637384 0.0694432 0.072432 0.0728504 0.0711158 0.0677116 0.0630901 0.0576419 0.0516851 0.0454651 0.0391672 0.032938 0.0269085 0.0212159 0.0160148 0.0114684 0.00771646 0.00483196
 0.00770043 0.0125522 0.0189735 0.026932 0.0361813 0.046114 0.0557257 0.0638531 0.0695871 0.0725557 0.0729007 0.0710576 0.0675466 0.0628589 0.0574087 0.0515111 0.0453871 0.0391898 0.0330406 0.0270586 0.0213812 0.0161702 0.0115986 0.00781522 0.00490002
 0.00771977 0.0125697 0.0189751 0.0268989 0.0360985 0.0459823 0.0555686 0.0637128 0.0695075 0.0725609 0.0729815 0.0711738 0.0676449 0.0628979 0.0573767 0.0514299 0.0452984 0.0391344 0.0330411 0.0271147 0.0214753 0.0162786 0.0117007 0.00789821 0.00495973
 0.00772422 0.0125844 0.0190099 0.0269642 0.0361992 0.0461095 0.0556972 0.0638089 0.0695445 0.0725348 0.072913 0.0710949 0.0675782 0.0628447 0.0573213 0.0513556 0.0452026 0.0390323 0.0329565 0.0270665 0.0214685 0.0163046 0.0117437 0.00794333 0.00499722
 0.00762072 0.01244 0.0188369 0.0267906 0.0360615 0.0460417 0.0557191 0.0639191 0.0697199 0.0727369 0.0731 0.0712357 0.0676618 0.0628785 0.0573208 0.0513333 0.0451646 0.0389834 0.0329053 0.0270248 0.0214465 0.0163051 0.0117617 0.00796933 0.00502262
 0.00749726 0.0122388 0.0185353 0.0263727 0.0355285 0.0454238 0.0550825 0.0633579 0.0693299 0.0725825 0.0731921 0.0715327 0.0680904 0.0633617 0.0577984 0.051769 0.0455428 0.0393009 0.0331656 0.0272353 0.021616 0.0164415 0.0118701 0.00805232 0.00508214
 0.00735974 0.0120234 0.0182261 0.0259599 0.0350096 0.0448065 0.0543907 0.062638 0.0686522 0.0720331 0.0728541 0.0714625 0.0682984 0.0638078 0.0584055 0.0524485 0.0462175 0.0399182 0.0336981 0.0276747 0.0219658 0.0167106 0.0120695 0.00819335 0.0051761
 0.00732312 0.0119613 0.0181279 0.0258142 0.0348064 0.0445407 0.0540655 0.0622653 0.0682516 0.0716304 0.0724832 0.0711659 0.0681231 0.063792 0.0585628 0.0527589 0.0466326 0.0403768 0.0341449 0.0280713 0.0222933 0.0169654 0.0122572 0.00832429 0.00526194
 0.00730082 0.0119082 0.0180174 0.025612 0.0344805 0.044076 0.0534767 0.0615992 0.0675766 0.0710185 0.0719943 0.0708401 0.0679817 0.0638417 0.0587987 0.0531624 0.0471683 0.040993 0.0347809 0.0286698 0.0228118 0.0173817 0.0125681 0.00854025 0.00540121
 0.00731903 0.0119318 0.0180404 0.0256214 0.0344554 0.0439881 0.053295 0.0612995 0.0671539 0.0704978 0.0714308 0.0703078 0.0675532 0.0635714 0.0587145 0.0532666 0.0474411 0.0413968 0.0352645 0.0291761 0.0232875 0.0177877 0.0128846 0.00876621 0.00554898
 0.00743848 0.0121195 0.0183097 0.025978 0.0348925 0.0444812 0.0537968 0.0617412 0.0674561 0.0705906 0.0712751 0.0699104 0.0669686 0.0628891 0.0580362 0.052682 0.04701 0.0411421 0.0351749 0.0292154 0.0234069 0.0179388 0.0130299 0.00888407 0.0056325
 0.00746874 0.0121728 0.0183977 0.0261138 0.0350877 0.0447409 0.0541135 0.0620913 0.0678012 0.0708814 0.0714596 0.0699442 0.0668275 0.0625806 0.0576031 0.052194 0.0465459 0.0407679 0.034928 0.0290994 0.0233977 0.0179974 0.0131167 0.00896923 0.00569987
 0.00762532 0.0124156 0.0187412 0.0265631 0.0356378 0.045375 0.0548008 0.0627861 0.0684452 0.0714121 0.0718192 0.0700874 0.0667286 0.0622386 0.0570459 0.0514789 0.0457528 0.0399851 0.0342336 0.0285445 0.0229993 0.0177421 0.0129722 0.0088984 0.00567092
 0.00769825 0.0125232 0.0188829 0.026732 0.0358234 0.045568 0.0549971 0.0629869 0.068655 0.0716335 0.0720472 0.0703042 0.0669024 0.062329 0.0570166 0.0513115 0.0454579 0.0396027 0.0338224 0.0281642 0.0226933 0.0175278 0.0128429 0.00883281 0.00564458
 0.00747903 0.0121996 0.0184567 0.0262262 0.0352756 0.0450203 0.0544891 0.0625558 0.0683387 0.0714706 0.0720698 0.0705268 0.0673103 0.0628746 0.0576262 0.0519031 0.0459627 0.0399825 0.0340752 0.0283167 0.022784 0.0175902 0.0128964 0.00888231 0.00568749
 0.00733607 0.011965 0.0181015 0.0257278 0.034629 0.044252 0.0536655 0.0617754 0.067706 0.0710643 0.071925 0.0706376 0.0676455 0.0633909 0.0582713 0.0526147 0.0466722 0.0406264 0.0346099 0.0287269 0.0230801 0.017797 0.0130402 0.0089828 0.00575682
 0.00705277 0.0115069 0.0174176 0.0247751 0.0333845 0.0427312 0.051942 0.0599876 0.0660411 0.0697216 0.0710716 0.070372 0.0679802 0.0642572 0.0595429 0.0541386 0.0482951 0.042213 0.0360546 0.0299607 0.0240726 0.0185516 0.0135833 0.00935249 0.00599363
 0.00703123 0.0114481 0.0172844 0.0245159 0.0329427 0.0420624 0.0510317 0.0588626 0.0647715 0.0684152 0.0698639 0.0694089 0.0673925 0.0641312 0.0598975 0.0549196 0.0493897 0.0434777 0.0373453 0.0311575 0.0250946 0.0193608 0.0141794 0.00976137 0.00625433
 0.00705525 0.0114836 0.0173292 0.0245602 0.0329646 0.0420241 0.0508799 0.0585391 0.0642318 0.0676521 0.0689222 0.0683864 0.0664244 0.0633631 0.0594529 0.0548703 0.049737 0.044153 0.0382298 0.0321146 0.0260021 0.0201338 0.0147777 0.0101846 0.0065285
 0.00715273 0.011647 0.0175831 0.0249277 0.0334581 0.0426316 0.0515527 0.0591881 0.0647404 0.0679011 0.0688218 0.0679042 0.0656021 0.0623148 0.0583433 0.0538753 0.0489998 0.0437495 0.0381561 0.0322995 0.0263389 0.0205158 0.0151253 0.0104559 0.00671514
 0.00720241 0.0117377 0.0177385 0.0251766 0.0338288 0.0431418 0.0521971 0.0599302 0.0655104 0.068602 0.0693419 0.0681382 0.0654777 0.0618185 0.0575349 0.0528815 0.0479842 0.0428683 0.0375163 0.0319354 0.026216 0.0205574 0.0152469 0.0105911 0.0068265
 0.00724236 0.0118076 0.0178534 0.0253552 0.0340916 0.043506 0.0526713 0.0605082 0.0661667 0.0692894 0.0699916 0.0686644 0.0657896 0.061841 0.0572324 0.0522776 0.0471659 0.0419682 0.0366751 0.0312616 0.0257587 0.0203047 0.0151464 0.0105794 0.00685161
 0.00710814 0.0116092 0.0175924 0.0250482 0.0337684 0.0432059 0.052439 0.0603897 0.0662034 0.0695072 0.0703901 0.069208 0.0664076 0.0624364 0.0577028 0.0525428 0.0471943 0.0417891 0.036369 0.0309297 0.0254859 0.0201341 0.0150762 0.010579 0.00688379
#obs surv len freq
 0.00497295 0.00814497 0.0123876 0.0177138 0.0239965 0.0308696 0.0377074 0.0437875 0.0485609 0.0518287 0.0537104 0.0544905 0.0544866 0.053993 0.0532689 0.052528 0.0519166 0.0514707 0.0510527 0.0502935 0.0486107 0.0453733 0.0402042 0.0332722 0.025359
 0.00518167 0.00848844 0.0129124 0.0184661 0.0250136 0.0321657 0.0392587 0.0455262 0.0503841 0.0536168 0.0553467 0.0558727 0.0555303 0.054631 0.0534491 0.0522152 0.0510983 0.0501662 0.0493206 0.0482362 0.0463717 0.0431251 0.0381235 0.0315063 0.0239936
 0.00541911 0.00887469 0.0134944 0.0192884 0.0261109 0.0335503 0.0409074 0.0473739 0.0523309 0.0555449 0.0571371 0.0574164 0.0567337 0.0554176 0.0537592 0.0520049 0.0503413 0.0488613 0.0475054 0.0460015 0.0438684 0.0405539 0.0357034 0.0294277 0.0223734
 0.00564673 0.00925052 0.0140707 0.0201174 0.0272342 0.034983 0.0426215 0.0492939 0.0543463 0.0575323 0.0589798 0.0590134 0.0579998 0.0562805 0.0541573 0.0518868 0.0496683 0.0476156 0.0457052 0.043721 0.0412523 0.037813 0.0330821 0.0271481 0.0205802
 0.00589887 0.00966059 0.0146885 0.02099 0.0283982 0.0364514 0.0443691 0.0512504 0.0564039 0.0595648 0.0608625 0.0606368 0.0592757 0.0571416 0.0545519 0.0517726 0.0490098 0.0463894 0.0439168 0.0414287 0.0385883 0.0349858 0.0303461 0.0247447 0.0186736
 0.00611555 0.0100208 0.0152451 0.0217972 0.0295002 0.0378648 0.0460667 0.0531562 0.0584058 0.0615378 0.0626892 0.062217 0.0605275 0.0579996 0.0549643 0.051698 0.0484144 0.0452499 0.0422329 0.0392466 0.036025 0.0322364 0.0276584 0.022362 0.0167687
 0.00638419 0.0104527 0.0158865 0.0226888 0.0306708 0.0393211 0.04778 0.0550563 0.0603875 0.0634778 0.0644655 0.0637238 0.0616828 0.0587458 0.0552635 0.051524 0.0477468 0.0440741 0.0405515 0.0371009 0.0335203 0.0295525 0.0250293 0.0200229 0.0148907
 0.00660171 0.0108174 0.0164554 0.0235201 0.0318101 0.0407802 0.0495183 0.0569781 0.0623611 0.0653664 0.0661516 0.0651183 0.0627223 0.0593862 0.0554751 0.0512877 0.04705 0.0429108 0.0389301 0.035062 0.0311594 0.0270316 0.0225613 0.017824 0.013121
 0.00683346 0.0111952 0.0170264 0.0243298 0.0328951 0.0421549 0.0511599 0.0588171 0.0642865 0.0672427 0.0678419 0.0665051 0.0637213 0.0599503 0.0555877 0.050951 0.0462737 0.0417074 0.0373205 0.0330917 0.0289184 0.0246663 0.0202614 0.0157823 0.01148
 0.00703903 0.0115333 0.0175421 0.0250671 0.0338875 0.0434115 0.0526514 0.0604724 0.066004 0.0689096 0.069351 0.0677631 0.0646518 0.0604964 0.0557156 0.0506498 0.045551 0.0405838 0.0358284 0.0312842 0.0268838 0.0225368 0.0182034 0.0139624 0.0100205
 0.0072677 0.0119055 0.0181028 0.0258576 0.0349362 0.0447205 0.0541822 0.0621423 0.0676978 0.0705031 0.0707334 0.0688497 0.0653871 0.0608499 0.0556762 0.05022 0.0447441 0.0394231 0.0343504 0.0295453 0.0249704 0.02057 0.0163287 0.0123217 0.00871412
 0.00742583 0.0121702 0.0185154 0.0264608 0.0357653 0.0457883 0.055465 0.0635749 0.0691828 0.0719306 0.0719992 0.0698682 0.0660963 0.0612132 0.0556794 0.0498668 0.0440503 0.0384139 0.0330622 0.0280324 0.0233125 0.018875 0.0147225 0.0109233 0.00760573
 0.00750333 0.012297 0.0187086 0.0267395 0.0361501 0.0462986 0.0561141 0.064363 0.070091 0.0729172 0.0730013 0.0708088 0.0668952 0.0617992 0.0559993 0.0498886 0.0437636 0.0378271 0.0322023 0.0269468 0.0220728 0.0175765 0.0134745 0.00982788 0.00673352
 0.00755798 0.0123806 0.0188249 0.0268897 0.0363346 0.0465197 0.056378 0.0646799 0.0704734 0.0733753 0.0735361 0.0714039 0.0675124 0.0623802 0.0564747 0.0501914 0.0438415 0.0376512 0.0317708 0.0262873 0.0212418 0.0166558 0.0125592 0.00900786 0.00607218
 0.00764994 0.0125205 0.0190174 0.0271319 0.0366165 0.0468253 0.0566875 0.064973 0.0707355 0.0736036 0.0737419 0.0716073 0.0677312 0.0626171 0.0567098 0.0503835 0.0439373 0.0376004 0.0315406 0.0258738 0.0206743 0.0159933 0.0118789 0.0083856 0.00556379
 0.00771203 0.0126194 0.019162 0.027328 0.0368638 0.047115 0.0569994 0.0652779 0.071002 0.0738084 0.0738772 0.0716832 0.0677704 0.0626454 0.0567444 0.0504235 0.0439611 0.0375706 0.0314178 0.0256324 0.0203153 0.0155479 0.0114008 0.00793465 0.0051874
 0.00776058 0.0126928 0.0192624 0.0274541 0.0370123 0.0472815 0.0571793 0.065465 0.0711866 0.0739775 0.0740167 0.0717822 0.067826 0.0626643 0.0567402 0.0504092 0.0439401 0.0375323 0.0313396 0.0254903 0.0200976 0.0152643 0.0110823 0.00762285 0.00491973
 0.00782742 0.0127959 0.0194068 0.02764 0.0372338 0.0475268 0.0574305 0.0657001 0.0713847 0.0741237 0.0741052 0.0718149 0.0678088 0.0626051 0.0566488 0.0502968 0.0438167 0.0374023 0.0311991 0.0253288 0.0199054 0.0150417 0.0108435 0.00739202 0.0047212
 0.0078573 0.0128449 0.0194813 0.0277453 0.0373732 0.0476982 0.0576247 0.0659007 0.0715715 0.0742777 0.0742135 0.0718722 0.0678173 0.0625716 0.0565818 0.0502052 0.0437084 0.0372832 0.0310712 0.0251903 0.0197533 0.0148763 0.010672 0.0072283 0.00458027
 0.00786259 0.0128494 0.0194808 0.0277346 0.0373486 0.0476614 0.0575847 0.0658728 0.0715712 0.0743144 0.0742862 0.0719707 0.0679259 0.0626747 0.0566676 0.0502668 0.0437435 0.0372921 0.0310552 0.0251504 0.0196906 0.0147941 0.0105773 0.00713157 0.00449309
 0.00787006 0.012857 0.0194837 0.0277254 0.0373185 0.0476039 0.0574988 0.0657653 0.0714571 0.0742144 0.0742217 0.0719576 0.067969 0.0627659 0.0567894 0.0503981 0.0438655 0.0373915 0.0311249 0.025188 0.0196973 0.0147739 0.0105375 0.00708195 0.00444354
 0.0079147 0.0129223 0.0195681 0.0278218 0.0374154 0.0476871 0.0575541 0.0657807 0.0714258 0.0741382 0.0741127 0.0718362 0.0678588 0.0626869 0.0567513 0.0503991 0.0438939 0.0374316 0.0311618 0.0252111 0.0197019 0.0147603 0.0105101 0.00704735 0.0044089
 0.00790024 0.012904 0.0195498 0.0278097 0.0374154 0.0477011 0.0575773 0.0658025 0.0714338 0.0741233 0.0740729 0.0717776 0.067794 0.0626311 0.0567186 0.0503976 0.0439238 0.0374846 0.0312247 0.0252701 0.0197466 0.014786 0.0105176 0.00704163 0.00439634
 0.00789071 0.0128838 0.0195112 0.0277443 0.0373177 0.0475739 0.0574346 0.0656669 0.0713285 0.0740626 0.0740576 0.0717975 0.0678353 0.0626836 0.0567786 0.0504666 0.0440044 0.0375765 0.0313224 0.0253646 0.019828 0.0148475 0.0105573 0.00706234 0.0044036
 0.00788513 0.0128725 0.0194899 0.0277069 0.0372573 0.0474844 0.0573138 0.0655194 0.0711675 0.073909 0.0739353 0.0717258 0.0678222 0.0627246 0.0568603 0.0505737 0.0441245 0.0377012 0.0314458 0.0254805 0.0199297 0.0149294 0.0106166 0.00710013 0.00442436
 0.00789493 0.0128837 0.019498 0.0277045 0.0372357 0.0474366 0.0572364 0.065414 0.0710404 0.0737702 0.0737983 0.0716071 0.0677384 0.0626881 0.0568755 0.0506357 0.0442212 0.0378181 0.0315693 0.0255997 0.0200362 0.0150174 0.0106831 0.0071456 0.00445204
 0.00785697 0.0128278 0.0194245 0.027617 0.0371392 0.0473352 0.0571321 0.065307 0.0709315 0.0736634 0.0737009 0.0715289 0.0676897 0.0626777 0.0569088 0.0507128 0.0443363 0.0379599 0.0317234 0.0257515 0.0201736 0.015132 0.0107711 0.00720743 0.00449144
 0.00781656 0.0127582 0.0193132 0.0274518 0.0369134 0.0470541 0.0568173 0.0649946 0.0706615 0.0734671 0.0735931 0.0715076 0.0677434 0.0627919 0.0570705 0.0509111 0.044561 0.0381996 0.0319648 0.0259805 0.0203772 0.0153008 0.0109008 0.0072992 0.00455081
 0.00781699 0.0127522 0.0192915 0.0274009 0.0368181 0.0469021 0.056605 0.0647311 0.0703695 0.0731801 0.0733484 0.0713371 0.0676657 0.0628089 0.0571704 0.0510746 0.0447676 0.0384305 0.0322031 0.0262108 0.0205857 0.0154769 0.0110386 0.00739841 0.00461611
 0.00777962 0.0126979 0.0192213 0.0273189 0.0367282 0.046805 0.0564958 0.064601 0.0702119 0.0729965 0.0731523 0.0711532 0.0675234 0.0627338 0.0571764 0.0511613 0.0449217 0.0386311 0.0324273 0.026437 0.020796 0.0156579 0.0111825 0.0075036 0.00468635
 0.00774006 0.0126288 0.0191092 0.0271503 0.0364955 0.0465131 0.0561672 0.0642726 0.069923 0.0727758 0.0730102 0.0710855 0.0675203 0.0627889 0.0572887 0.051331 0.0451447 0.0388956 0.0327143 0.0267241 0.0210618 0.0158858 0.0113633 0.00763558 0.00477456
 0.00770813 0.0125745 0.0190229 0.027021 0.0363126 0.0462703 0.0558669 0.0639299 0.0695668 0.0724445 0.0727437 0.0709145 0.0674591 0.0628339 0.0574241 0.0515373 0.0454034 0.03919 0.0330272 0.0270359 0.0213524 0.0161376 0.0115649 0.00778404 0.00487448
 0.00768952 0.0125447 0.0189788 0.0269591 0.0362291 0.0461606 0.0557266 0.0637563 0.0693611 0.0722151 0.0725077 0.0706972 0.0672894 0.0627366 0.0574133 0.0516131 0.0455544 0.0393978 0.0332705 0.0272931 0.0216021 0.0163613 0.0117494 0.00792314 0.00496999
 0.00766117 0.0125013 0.0189183 0.0268814 0.0361359 0.0460548 0.0556118 0.063636 0.069238 0.07209 0.0723813 0.0705722 0.0671738 0.0626446 0.0573626 0.0516193 0.0456251 0.0395298 0.0334506 0.0275013 0.0218163 0.0165608 0.0119185 0.00805365 0.00506133
 0.00766712 0.012508 0.0189231 0.02688 0.0361236 0.0460286 0.0555713 0.0635836 0.0691772 0.072023 0.0723082 0.0704917 0.0670856 0.0625525 0.0572762 0.051553 0.0455944 0.0395459 0.0335157 0.0276076 0.0219479 0.0166984 0.0120446 0.00815647 0.00513626
 0.00764004 0.0124721 0.0188838 0.0268468 0.0361064 0.0460325 0.0555935 0.0636137 0.0692016 0.0720311 0.0722954 0.0704587 0.0670362 0.0624913 0.057209 0.0514877 0.045542 0.039518 0.0335214 0.027649 0.0220188 0.0167861 0.0121339 0.00823466 0.00519627
 0.00759291 0.0123948 0.018767 0.0266837 0.035897 0.0457883 0.0553399 0.0633864 0.0690354 0.0719478 0.0722962 0.070528 0.0671498 0.0626262 0.057348 0.0516214 0.0456675 0.0396376 0.0336398 0.0277701 0.0221424 0.0169068 0.0122436 0.00832549 0.00526408
 0.00757335 0.0123617 0.0187145 0.0266052 0.035786 0.0456408 0.0551576 0.0631794 0.0688237 0.0717585 0.0721576 0.0704607 0.06716 0.0627047 0.0574745 0.0517728 0.0458251 0.0397902 0.0337832 0.0279042 0.0222676 0.0170217 0.0123442 0.00840755 0.0053253
 0.00755536 0.0123325 0.0186705 0.026543 0.0357025 0.0455342 0.055028 0.06303 0.0686614 0.0715938 0.0720054 0.0703393 0.0670877 0.0626942 0.0575286 0.0518823 0.0459722 0.0399552 0.0339495 0.028061 0.0224091 0.0171448 0.0124468 0.00848829 0.00538415
 0.00756188 0.0123421 0.0186831 0.0265574 0.0357162 0.0455432 0.0550271 0.0630128 0.0686218 0.0715281 0.071914 0.0702287 0.0669708 0.0625882 0.0574512 0.0518466 0.0459825 0.0400058 0.0340282 0.0281538 0.0225038 0.0172327 0.0125224 0.00854875 0.00542878
 0.00752754 0.0122901 0.0186122 0.0264691 0.0356147 0.0454348 0.0549193 0.0629137 0.0685385 0.071465 0.0718718 0.0702046 0.066961 0.062591 0.0574684 0.0518829 0.046043 0.0400921 0.0341364 0.0282746 0.0226255 0.0173444 0.0126166 0.00862179 0.00548081
 0.00752241 0.012282 0.0186004 0.0264533 0.035595 0.0454118 0.0548945 0.0628888 0.068515 0.0714432 0.0718506 0.0701821 0.0669356 0.0625625 0.057439 0.0518578 0.0460289 0.0400957 0.0341614 0.0283196 0.0226845 0.0174084 0.0126769 0.00867217 0.00551848
 0.00751125 0.0122638 0.0185728 0.0264144 0.0355439 0.0453497 0.0548252 0.0628189 0.0684522 0.0713946 0.0718206 0.0701713 0.0669412 0.0625798 0.057463 0.0518852 0.0460592 0.0401311 0.0342045 0.0283719 0.022744 0.0174704 0.012735 0.00872095 0.00555521
 0.00752223 0.0122812 0.0185983 0.0264484 0.0355857 0.0453959 0.0548699 0.0628544 0.0684712 0.0713925 0.0717976 0.0701317 0.0668916 0.0625266 0.0574113 0.0518381 0.046019 0.0400997 0.0341844 0.0283649 0.0227502 0.0174872 0.0127578 0.00874458 0.00557557
 0.0075092 0.012264 0.0185795 0.0264332 0.0355799 0.0454041 0.0548933 0.06289 0.0685125 0.0714315 0.0718264 0.0701451 0.0668882 0.0625084 0.0573831 0.0518055 0.0459871 0.0400725 0.0341646 0.0283544 0.0227496 0.0174953 0.0127717 0.00876059 0.00559032
 0.00747389 0.0122092 0.0185023 0.0263336 0.0354618 0.0452765 0.0547701 0.0627884 0.0684484 0.0714143 0.0718555 0.0702107 0.0669753 0.0626023 0.0574725 0.0518845 0.0460542 0.0401293 0.0342137 0.0283982 0.0227896 0.017532 0.0128044 0.00878798 0.00561145
 0.00747389 0.0122092 0.0185023 0.0263336 0.0354618 0.0452765 0.0547701 0.0627884 0.0684484 0.0714143 0.0718555 0.0702107 0.0669753 0.0626023 0.0574725 0.0518845 0.0460542 0.0401293 0.0342137 0.0283982 0.0227896 0.017532 0.0128044 0.00878798 0.00561145
 0.00730104 0.0119284 0.0180818 0.0257482 0.0347033 0.0443674 0.0537745 0.0618098 0.0676089 0.0708231 0.0715815 0.07027 0.067335 0.0631947 0.0582141 0.0526928 0.0468606 0.0408842 0.0348864 0.0289728 0.0232608 0.0179016 0.0130798 0.00898135 0.00573801
 0.00723922 0.0118097 0.0178696 0.0253972 0.0341707 0.0436309 0.0528502 0.0607601 0.0665359 0.0698492 0.0708263 0.0698275 0.0672554 0.0634753 0.0588026 0.0535021 0.0477896 0.0418379 0.0357891 0.0297729 0.02393 0.0184307 0.0134742 0.0092568 0.00591687
 0.00705062 0.0115084 0.0174255 0.0247851 0.0333735 0.0426462 0.0516996 0.0594966 0.0652443 0.068639 0.0698177 0.069134 0.0669644 0.0636306 0.0593925 0.0544603 0.0490077 0.0431866 0.037142 0.0310253 0.0250098 0.0193009 0.0141293 0.0097157 0.0062144
 0.00702792 0.0114565 0.0173196 0.0245917 0.0330578 0.0421826 0.0510818 0.0587409 0.0643862 0.0677269 0.0689116 0.0683073 0.0663029 0.0632228 0.0593104 0.0547371 0.0496235 0.0440685 0.0381798 0.0320974 0.0260082 0.0201497 0.0147916 0.0101906 0.00652663
 0.00704768 0.0114963 0.0173918 0.0247078 0.0332192 0.0423695 0.0512469 0.0588155 0.0643001 0.0674337 0.0684059 0.0676281 0.0655264 0.0624492 0.0586492 0.0542884 0.0494557 0.0442003 0.0385734 0.0326691 0.026653 0.0207694 0.0153167 0.0105885 0.00679816
 0.00711595 0.0116132 0.0175784 0.0249871 0.0336094 0.0428742 0.0518433 0.0594481 0.0648831 0.0678654 0.068591 0.0675031 0.0650803 0.061732 0.0577636 0.0533685 0.0486369 0.0435891 0.0382244 0.0325764 0.0267598 0.0209922 0.015573 0.0108188 0.00697274
 0.00715638 0.0116891 0.0177117 0.0252048 0.033938 0.0433299 0.052422 0.0601197 0.0655927 0.0685386 0.0691421 0.0678457 0.0651432 0.0614788 0.0572098 0.0525861 0.0477432 0.0427183 0.0374937 0.0320569 0.0264645 0.0208838 0.0155873 0.0108902 0.00705333
 0.00714684 0.0116807 0.0177131 0.0252306 0.0340085 0.0434677 0.0526484 0.0604484 0.0660234 0.0690505 0.0696907 0.0683649 0.065554 0.0617045 0.0571952 0.0523165 0.0472549 0.0420954 0.036846 0.0314879 0.0260417 0.0206253 0.0154685 0.0108639 0.00707238
 0.00709348 0.011596 0.01759 0.0250665 0.0338079 0.0432471 0.0524387 0.0602932 0.0659706 0.0691385 0.0699352 0.0687501 0.0660317 0.0622002 0.0576229 0.0525998 0.0473491 0.0420025 0.0366151 0.0311972 0.02577 0.0204257 0.0153566 0.0108249 0.00707707
#pred catch len freq
 0.00366024 0.00591499 0.00887103 0.0125533 0.0169811 0.0221187 0.027808 0.0337576 0.0396021 0.0449788 0.0495828 0.0532059 0.0557649 0.0573065 0.05798 0.0579994 0.0576106 0.0570493 0.0564521 0.0557182 0.0543995 0.0517601 0.0470949 0.0401935 0.0316365
 0.00403275 0.00646492 0.00959895 0.0134335 0.017982 0.0232281 0.0290425 0.0351414 0.0411256 0.046565 0.0510896 0.0544686 0.056658 0.057787 0.0580882 0.0578182 0.0572066 0.0564237 0.0555296 0.0543857 0.0525836 0.0495054 0.0445939 0.0377373 0.0295098
 0.00425273 0.0068487 0.0102218 0.0143734 0.0192933 0.0249063 0.0310017 0.0372287 0.0431716 0.048439 0.0527179 0.0558097 0.0576652 0.0583973 0.0582475 0.057513 0.0564686 0.0552997 0.0540425 0.0525246 0.0503417 0.0469444 0.0418844 0.0351351 0.0272712
 0.00448958 0.00722146 0.0107649 0.015124 0.0202995 0.0262303 0.0327037 0.0393286 0.0456041 0.0510316 0.0552192 0.0579598 0.0592691 0.0593586 0.0585521 0.0571917 0.0555688 0.053873 0.0521398 0.0501969 0.0476572 0.044021 0.0389129 0.0323596 0.0249227
 0.00474483 0.00763323 0.0113791 0.0159826 0.0214356 0.027661 0.0344235 0.0413091 0.0477982 0.0533727 0.0576062 0.0602398 0.0612409 0.0608105 0.0593165 0.0571843 0.0547902 0.0523832 0.0500281 0.0475694 0.0446455 0.040802 0.0357154 0.0294367 0.0224913
 0.00497249 0.00799853 0.0119216 0.0167405 0.0224441 0.0289471 0.0359953 0.043144 0.0498375 0.0555262 0.0597643 0.0622853 0.0630524 0.0622588 0.0602646 0.0575021 0.0543834 0.0512179 0.0481409 0.0450637 0.0416856 0.0376087 0.032551 0.0265671 0.0201269
 0.00527746 0.00847386 0.0126002 0.0176433 0.0235819 0.0303221 0.0375976 0.0449439 0.05178 0.0575305 0.0617298 0.0641015 0.0646109 0.0634607 0.0610206 0.0577272 0.0539975 0.0501605 0.0463966 0.0426892 0.0388246 0.0344876 0.0294493 0.0237627 0.0178306
 0.00557905 0.00895234 0.0132986 0.0185945 0.0248043 0.0318125 0.0393222 0.0468346 0.0537419 0.0594579 0.0635212 0.065668 0.0658781 0.0643665 0.0615112 0.0577521 0.0535052 0.0491035 0.0447497 0.0404793 0.0361601 0.0315672 0.0265366 0.0211269 0.0156764
 0.00581698 0.00934201 0.0138911 0.0194408 0.0259476 0.0332736 0.0410825 0.0488251 0.0558465 0.0615306 0.0654112 0.0672447 0.0670488 0.0650817 0.0617555 0.057526 0.052808 0.0479265 0.0430871 0.038355 0.03366 0.0288572 0.0238466 0.0186987 0.0136963
 0.0060667 0.00974788 0.0145031 0.020309 0.0271169 0.0347726 0.0429064 0.0509205 0.058105 0.0637967 0.0675024 0.0689815 0.0682876 0.0657387 0.0618119 0.0570131 0.0517806 0.0464399 0.0411894 0.0361014 0.0311405 0.0262175 0.0212826 0.0164162 0.0118521
 0.0062865 0.0101041 0.0150387 0.0210673 0.0281386 0.0360879 0.0445217 0.0528047 0.0601808 0.0659408 0.0695554 0.0707678 0.0696431 0.0665388 0.0619912 0.0565695 0.0507629 0.0449263 0.0392698 0.0338722 0.0287154 0.0237407 0.0189258 0.0143497 0.0102004
 0.00646243 0.0103835 0.0154482 0.0216307 0.0288771 0.0370187 0.0456529 0.0541277 0.0616637 0.067524 0.0711511 0.0722637 0.0709124 0.0674565 0.0624539 0.0565129 0.0501718 0.0438338 0.0377485 0.0320246 0.0266682 0.0216421 0.0169355 0.0126144 0.00882139
 0.00668199 0.0107246 0.0159326 0.0222699 0.0296727 0.0379636 0.0467292 0.0553035 0.0628933 0.0687515 0.0723156 0.0733029 0.0717637 0.0680574 0.0627438 0.0564387 0.0496984 0.0429556 0.0364978 0.0304746 0.0249292 0.019852 0.015241 0.0111449 0.00766125
 0.00689464 0.0110393 0.0163495 0.022772 0.0302348 0.0385653 0.0473632 0.0559732 0.0636024 0.0694928 0.0730655 0.0740227 0.0724052 0.0685691 0.0630739 0.0565376 0.0495226 0.042476 0.035712 0.0294175 0.0236773 0.0185164 0.0139482 0.0100096 0.00675927
 0.00691645 0.0110859 0.0164389 0.022924 0.0304623 0.038863 0.0477027 0.0563128 0.0639088 0.0697619 0.073326 0.0743178 0.0727637 0.0689845 0.0635013 0.0569059 0.0497534 0.0425015 0.0354901 0.0289435 0.0229908 0.0176964 0.0130977 0.00922901 0.00612151
 0.00697464 0.0111808 0.0165833 0.0231322 0.0307499 0.0392436 0.0481805 0.0568722 0.0645066 0.0703312 0.0737936 0.0746318 0.0729143 0.0690031 0.0634373 0.0567963 0.0496034 0.0422862 0.0351722 0.0284971 0.0224197 0.0170406 0.0124239 0.0086106 0.00561491
 0.00698912 0.0112057 0.0166239 0.0231961 0.0308475 0.0393881 0.0483867 0.0571527 0.0648655 0.0707558 0.0742496 0.0750659 0.0732674 0.0692302 0.0635231 0.0567555 0.0494654 0.0420747 0.0348945 0.028149 0.022001 0.0165694 0.0119393 0.0081613 0.00524249
 0.00692324 0.0111072 0.0164917 0.0230358 0.0306705 0.039211 0.0482305 0.0570431 0.0648311 0.0708234 0.0744357 0.0753673 0.073656 0.0696559 0.0639263 0.0570845 0.0496891 0.0421843 0.0348951 0.0280513 0.0218185 0.0163227 0.0116589 0.00788438 0.00500246
 0.00686621 0.0110188 0.0163671 0.0228741 0.0304757 0.038993 0.0480064 0.056836 0.0646684 0.0707316 0.0744362 0.0754728 0.0738666 0.0699558 0.0642831 0.057453 0.0500216 0.042442 0.0350555 0.028109 0.0217828 0.0162138 0.011505 0.00771669 0.00484887
 0.00685421 0.0109935 0.0163185 0.0227892 0.0303423 0.0388047 0.0477679 0.0565656 0.0643955 0.0704919 0.0742645 0.0753971 0.073903 0.0701055 0.0645307 0.0577683 0.0503634 0.0427655 0.0353219 0.028293 0.0218766 0.0162267 0.0114585 0.0076381 0.00476389
 0.00685216 0.0109868 0.0163017 0.0227541 0.0302783 0.0387008 0.0476158 0.0563638 0.0641527 0.0702294 0.0740146 0.0751972 0.0737872 0.0700959 0.0646325 0.0579684 0.0506331 0.0430658 0.0356109 0.028535 0.0220492 0.0163245 0.0114918 0.00762712 0.004731
 0.00678366 0.0108811 0.0161532 0.022561 0.0300428 0.0384286 0.0473165 0.0560515 0.0638463 0.0699505 0.0737865 0.0750426 0.0737261 0.0701423 0.0647904 0.058229 0.0509736 0.043452 0.036002 0.0288913 0.0223403 0.0165352 0.0116236 0.00769479 0.00475552
