SBPRF35
10.2949
Curr Bio
640757
B35
767333
F35
0.187289
FOFL
0.164308
OFL
89762.7
Bzero
2.9414e+06
#pred survey bio
 3.918e+06 3.77545e+06 3.63206e+06 3.43796e+06 3.19909e+06 2.94231e+06 2.6693e+06 2.3935e+06 2.149e+06 1.92445e+06 1.70678e+06 1.5265e+06 1.35583e+06 1.18981e+06 1.05709e+06 922940 818007 738908 690573 661414 640898 619282 598401 589602 572309 573712 569492 559654 551852 551002 550987 556645 562363 556881 552515 537930 526704 512123 515645 520413 521636 526135 532391 529775 534623 534950 539331 544735 545894 539641 546871 549358 531190 577876 587669 569318 558923 563357 624842 640149 646995 2.39365e+07 1.46131e+07 1.5076e+07 1.59419e+07 1.7036e+07 1.81719e+07 1.92244e+07 2.01307e+07 2.08733e+07 2.14613e+07 2.19159e+07 2.22618e+07 2.25224e+07 2.27175e+07 2.28632e+07 2.2972e+07 2.30535e+07 2.31147e+07 2.31608e+07 2.31958e+07 2.32224e+07 2.32428e+07 2.32585e+07 2.32707e+07 2.32801e+07 2.32874e+07 2.32931e+07 2.32976e+07 2.33011e+07 2.33039e+07 2.33061e+07 2.33079e+07 2.33092e+07 2.33103e+07 2.33112e+07 2.33119e+07 2.33125e+07 2.33129e+07 2.33133e+07 2.33135e+07 2.33138e+07 2.33139e+07 2.33141e+07 2.33142e+07 2.33143e+07 2.33144e+07 2.33144e+07 2.33145e+07 2.33145e+07 2.33145e+07 2.33146e+07 2.33146e+07 2.33146e+07 2.33146e+07 2.33146e+07 2.33146e+07 2.33146e+07 2.33146e+07 2.33146e+07 2.33146e+07 2.33147e+07 2.33147e+07 2.33147e+07 2.33147e+07 2.33147e+07 2.33147e+07 2.33147e+07 2.33147e+07 2.33147e+07 2.33147e+07 2.33147e+07 2.33147e+07 2.33147e+07 2.33147e+07 2.33147e+07 2.33147e+07 2.33147e+07 2.33147e+07 2.33147e+07 2.33147e+07 2.33147e+07 2.33147e+07 2.33147e+07 2.33147e+07 2.33147e+07 2.33147e+07 2.33147e+07 2.33147e+07 2.33147e+07 2.33147e+07 2.33147e+07 2.33147e+07 2.33147e+07 2.33147e+07 2.33147e+07 2.33147e+07 2.33147e+07 2.33147e+07 2.33147e+07 2.33147e+07 0 0 0 0 0 0 0 0 0 0 0 0 0 0 0 0 0 0 0 0 0 0 0 0 0
#obs survey bio
 2.98586e+06 3.71642e+06 3.34358e+06 1.99245e+06 3.24079e+06 3.502e+06 2.39866e+06 2.17614e+06 1.99413e+06 1.57807e+06 1.39724e+06 1.09981e+06 1.35313e+06 966279 1.09737e+06 1.53558e+06 631934 842794 718782 813504 521293 532281 523555 491617 471681 551149 621512 334498 630638 377370 510249 474961 466116 484298 567635 595546 425211 409969 687236 658931 655900 578310 632876 785153 447888 596305 492724 441354 509100 614277 677403 474851 562656 741210 537127 562431 656942 517314 563708 535875 593880
#pred catch bio
 95714.5 97813.2 152157 206804 241603 277916 303280 296598 297641 307039 285122 283270 280981 250443 247425 216307 188670 157748 138121 128703 128005 125467 113479 118552 101211 105260 108943 106106 99233.2 97528.1 91806.3 90657.4 97655.1 93075.5 97914.5 93266.6 97792.3 85659.1 87026.3 90473 87221.1 85424.5 92725.5 86732.6 91504 89266.4 89740.8 93870.5 99591.1 87921.1 92177.1 108853 55352.3 88132.3 110780 103830 92866.5 49216.1 92490.2 101236 77486.6 89762.7 102783 104944 109870 116879 124325 131175 136964 141585 145125 147755 149664 151025 151982 152647 153105 153419 153632 153776 153874 153939 153983 154012 154032 154045 154054 154060 154064 154066 154068 154069 154070 154070 154071 154071 154071 154071 154071 154071 154071 154071 154071 154071 154071 154071 154071 154071 154071 154071 154071 154071 154071 154071 154071 154071 154071 154071 154071 154071 154071 154071 154071 154071 154071 154071 154071 154071 154071 154071 154071 154071 154071 154071 154071 154071 154071 154071 154071 154071 154071 154071 154071 154071 154071 154071 154071 154071 154071 154071 154071 154071 154071 154071 154071 154071 154071 154071 154071 154071 154071 0 0 0 0 0 0 0 0 0 0 0 0 0 0 0 0 0 0 0 0 0 0 0 0 0
#obs catch bio
 0 97542.6 152669 208083 243209 280103 307241 301975 302685 314378 292359 291278 288094 256230 252538 218101 191726 159447 139400 129298 129393 126888 114769 120075 101862 105967 109495 107519 100134 98786.2 92530.2 91436.5 98696.2 93240.9 97959.6 93228.9 97785.3 85590.7 86628.6 90005.2 86633 84564.1 91729.9 85872.5 91000 88698.5 89618.9 93941.6 99289.6 87525.5 91477 109188 54769.3 87655.6 109929 102730 92664.1 48544.2 92377.5 101435 77300.8
#pred cpue bio
 3.86343e+06 3.72356e+06 3.5815e+06 3.38756e+06 3.1492e+06 2.89303e+06 2.62064e+06 2.34554e+06 2.1018e+06 1.87814e+06 1.6617e+06 1.48277e+06 1.3141e+06 1.15055e+06 1.02009e+06 888708 786046 708815 661912 633749 613775 592622 572307 563965 547428 548973 544977 535371 527797 527208 527512 533347 539362 534672 531170 517463 506026 490449 493031 497790 499402 504141 510393 507758 512282 512360 516376 521515 522749 516793 523925 526387 508563 554226 564306 546234 535354 539231 599226 614209 620539 2.29902e+07 1.40536e+07 1.4416e+07 1.51711e+07 1.62282e+07 1.73558e+07 1.84068e+07 1.93128e+07 2.00554e+07 2.06433e+07 2.10979e+07 2.14439e+07 2.17044e+07 2.18995e+07 2.20452e+07 2.21541e+07 2.22356e+07 2.22967e+07 2.23429e+07 2.23779e+07 2.24045e+07 2.24249e+07 2.24406e+07 2.24527e+07 2.24621e+07 2.24694e+07 2.24752e+07 2.24797e+07 2.24832e+07 2.2486e+07 2.24882e+07 2.24899e+07 2.24913e+07 2.24924e+07 2.24933e+07 2.2494e+07 2.24945e+07 2.2495e+07 2.24953e+07 2.24956e+07 2.24958e+07 2.2496e+07 2.24961e+07 2.24962e+07 2.24963e+07 2.24964e+07 2.24965e+07 2.24965e+07 2.24966e+07 2.24966e+07 2.24966e+07 2.24966e+07 2.24966e+07 2.24967e+07 2.24967e+07 2.24967e+07 2.24967e+07 2.24967e+07 2.24967e+07 2.24967e+07 2.24967e+07 2.24967e+07 2.24967e+07 2.24967e+07 2.24967e+07 2.24967e+07 2.24967e+07 2.24967e+07 2.24967e+07 2.24967e+07 2.24967e+07 2.24967e+07 2.24967e+07 2.24967e+07 2.24967e+07 2.24967e+07 2.24967e+07 2.24967e+07 2.24967e+07 2.24967e+07 2.24967e+07 2.24967e+07 2.24967e+07 2.24967e+07 2.24967e+07 2.24967e+07 2.24967e+07 2.24967e+07 2.24967e+07 2.24967e+07 2.24967e+07 2.24967e+07 2.24967e+07 2.24967e+07 2.24967e+07 2.24967e+07 2.24967e+07 2.24967e+07 2.24967e+07 2.24967e+07 0 0 0 0 0 0 0 0 0 0 0 0 0 0 0 0 0 0 0 0 0 0 0 0 0
#obs cpue bio
 3.80217e+06 3.82108e+06 2.13025e+06 3.77805e+06 2.75041e+06 2.41281e+06 1.71527e+06 1.20837e+06 2.38186e+06 1.30376e+06 1.23466e+06 1.44849e+06 1.3839e+06 1.03951e+06 1.03249e+06 787274 547943 618240 558369 605364 466534 591614 463823 639810 656478 567368 533270 438312 479768 511291 643407 499583 580748 961684 630432 449769 723824 549905 554969 465343 479209 655173 574661 339481 526067 513108 400953 562926 847315 457121 594009 474436 552888 653611 736915 720075 380499 780928 573351 508052 664531
#pred surv len freq
 0.00460904 0.0075426 0.0114629 0.016387 0.0222143 0.0286386 0.0351249 0.0410477 0.0459283 0.0495902 0.0521337 0.0537972 0.0548311 0.0554333 0.0557273 0.0557613 0.0555218 0.0549488 0.0539273 0.0522499 0.0495905 0.0455711 0.0399585 0.0329122 0.0250905
 0.00492665 0.00794666 0.0118681 0.0166564 0.0222118 0.0283028 0.034518 0.0403389 0.0453123 0.0491912 0.0519541 0.0537385 0.0547654 0.0552791 0.0554916 0.0555339 0.0554293 0.0550903 0.05432 0.0528119 0.0501731 0.0460247 0.0401973 0.0329398 0.0249779
 0.00510996 0.00828167 0.0124317 0.0175192 0.0233933 0.0297185 0.0359584 0.0415187 0.0459848 0.0492625 0.0515162 0.0529971 0.0539185 0.0544354 0.0546719 0.0547308 0.0546646 0.0544245 0.0538154 0.0524838 0.049971 0.045859 0.0399912 0.032669 0.0246728
 0.00529704 0.00858056 0.0128755 0.0181447 0.0242436 0.030837 0.0373654 0.0431714 0.0477416 0.0508854 0.0527318 0.0535981 0.0538452 0.0537821 0.05362 0.0534632 0.0533188 0.0530948 0.0525709 0.0513721 0.0490082 0.0450285 0.0392642 0.0320301 0.0241297
 0.00553178 0.00895769 0.0134346 0.0189193 0.0252558 0.0320903 0.038838 0.0448157 0.0494885 0.0526421 0.0543706 0.0549491 0.0547184 0.0540247 0.0531783 0.0524054 0.0518044 0.051315 0.050699 0.0495405 0.0473064 0.0435106 0.0379596 0.0309544 0.0232898
 0.00581887 0.00941419 0.0141027 0.0198322 0.0264323 0.0335271 0.0405005 0.0466345 0.0513683 0.0544792 0.0560654 0.056405 0.0558304 0.0546734 0.0532462 0.0518169 0.050566 0.049529 0.0485396 0.0472092 0.0449917 0.0413647 0.0360915 0.0294299 0.022131
 0.00612018 0.00990301 0.0148361 0.0208613 0.0277915 0.0352174 0.0424735 0.048789 0.0535669 0.0565774 0.0579371 0.057953 0.0569809 0.0553622 0.0534068 0.051382 0.0494893 0.0478193 0.0462868 0.0445845 0.0422186 0.0386763 0.0336882 0.0274487 0.0206301
 0.00640179 0.0103646 0.015538 0.0218628 0.02914 0.0369309 0.0445209 0.0510811 0.0559658 0.0589202 0.0600635 0.0597257 0.058297 0.0561531 0.0536279 0.0509999 0.0484775 0.0461715 0.0440462 0.0418709 0.039234 0.035677 0.0309317 0.0251354 0.0188629
 0.00670013 0.0108378 0.0162292 0.0228071 0.030362 0.0384391 0.0462986 0.0530783 0.0580977 0.0610747 0.0621117 0.0615347 0.0597424 0.0571307 0.0540602 0.0508353 0.0476855 0.0447443 0.0420135 0.0393245 0.0363463 0.032692 0.0281207 0.0227312 0.0170022
 0.00695761 0.0112621 0.0168776 0.0237347 0.031609 0.0400118 0.0481529 0.0551187 0.0601976 0.0631064 0.0639681 0.0631315 0.061009 0.0580001 0.0544664 0.0507172 0.0469946 0.0434547 0.040137 0.0369323 0.0335874 0.0297917 0.0253447 0.0203218 0.0151149
 0.00718245 0.0116362 0.017457 0.024578 0.0327665 0.0415076 0.0499647 0.0571676 0.0623561 0.0652212 0.0658886 0.0647335 0.0622069 0.0587453 0.0547344 0.0504911 0.0462559 0.0421866 0.0383434 0.0346647 0.0309693 0.027023 0.0226727 0.0179817 0.0132658
 0.00731566 0.0118631 0.0178187 0.0251217 0.0335391 0.0425433 0.0512706 0.0587139 0.0640756 0.0670159 0.0676402 0.0663166 0.0635046 0.059664 0.0552117 0.0504937 0.0457693 0.041208 0.0368849 0.0327723 0.0287455 0.0246372 0.0203407 0.0159162 0.0116174
 0.00746447 0.0121083 0.0181942 0.0256625 0.0342759 0.0434937 0.0524287 0.0600457 0.0655216 0.0685001 0.069079 0.0676244 0.0645977 0.060465 0.0556555 0.0505323 0.0453741 0.0403698 0.0356167 0.0311189 0.026799 0.022544 0.0182875 0.0140892 0.0101516
 0.00765792 0.0124235 0.0186697 0.0263339 0.0351682 0.0446096 0.0537372 0.061479 0.0669864 0.069897 0.0703206 0.0686447 0.0653515 0.0609228 0.0557966 0.0503397 0.0448338 0.0394745 0.0343745 0.0295662 0.0250139 0.0206514 0.0164462 0.0124573 0.00884398
 0.00774163 0.012573 0.0189196 0.0267257 0.0357417 0.045389 0.0547176 0.0626197 0.0682161 0.0711276 0.0714622 0.0696182 0.0660966 0.0614008 0.0559875 0.0502358 0.0444325 0.0387762 0.0333879 0.02832 0.0235703 0.0191122 0.0149418 0.0111188 0.00776765
 0.00799911 0.0129691 0.0194745 0.0274448 0.0366179 0.0464052 0.0558455 0.0638155 0.0694183 0.0722605 0.0724454 0.0703785 0.06658 0.0615794 0.05586 0.0498197 0.0437546 0.0378644 0.0322704 0.0270325 0.0221679 0.0176768 0.0135762 0.00992512 0.00681867
 0.00817131 0.0132532 0.0199084 0.0280625 0.0374384 0.0474174 0.0569967 0.0650161 0.0705634 0.0732594 0.0732392 0.0709392 0.0668978 0.061651 0.0556852 0.0494048 0.0431148 0.0370237 0.0312601 0.0258926 0.0209517 0.0164543 0.0124297 0.00893328 0.00603584
 0.00827494 0.0134183 0.0201517 0.0283994 0.0378834 0.0479814 0.0576815 0.0658059 0.0714187 0.0741177 0.0740249 0.0715804 0.0673418 0.0618716 0.0556787 0.0491808 0.042689 0.0364158 0.0304961 0.0250083 0.0199958 0.0154889 0.0115241 0.00815114 0.00541975
 0.0083929 0.0135811 0.0203438 0.0285906 0.0380398 0.0480835 0.0577377 0.0658535 0.0715111 0.0743035 0.0743278 0.0719884 0.0678084 0.0623287 0.0560555 0.0494202 0.0427558 0.0362975 0.0302 0.0245596 0.0194362 0.0148741 0.0109167 0.00760934 0.00498403
 0.00855396 0.0138154 0.020644 0.0289288 0.0383715 0.048357 0.0579056 0.065886 0.0714087 0.0741046 0.0741038 0.0718211 0.0677599 0.0624176 0.0562514 0.0496582 0.0429604 0.0364052 0.0301732 0.0243908 0.0191458 0.0145038 0.0105198 0.00723766 0.00467605
 0.00862902 0.0139424 0.0208429 0.0292168 0.0387541 0.0488154 0.0583897 0.0663189 0.0717086 0.0742139 0.0740123 0.071571 0.0674304 0.0620968 0.0560063 0.0495139 0.0428982 0.0363765 0.0301226 0.0242777 0.0189564 0.0142522 0.0102392 0.00696718 0.00444744
 0.00863567 0.0139662 0.020903 0.02934 0.0389687 0.0491409 0.058825 0.0668346 0.0722466 0.0746967 0.07436 0.0717245 0.0673719 0.0618572 0.0556543 0.0491299 0.0425449 0.0360816 0.0298789 0.0240586 0.0187366 0.0140214 0.0100057 0.00675047 0.00426671
 0.00862026 0.0139461 0.0208825 0.0293287 0.0389819 0.0491991 0.0589506 0.0670462 0.07255 0.0750751 0.0747705 0.0721036 0.0676519 0.0619881 0.0556209 0.0489565 0.0422833 0.0357888 0.0295967 0.0238045 0.0185095 0.0138143 0.0098163 0.00658374 0.00413073
 0.00854983 0.0138309 0.020709 0.0290863 0.0386685 0.0488286 0.0585589 0.0666898 0.0722952 0.0749802 0.0748671 0.0723853 0.0680735 0.062476 0.0560938 0.0493483 0.0425598 0.0359502 0.0296665 0.0238125 0.0184795 0.0137612 0.00974999 0.00651338 0.00406562
 0.00867152 0.0140041 0.0209234 0.0293153 0.0388746 0.0489736 0.0586141 0.0666434 0.0721552 0.0747753 0.0746424 0.0721916 0.0679521 0.0624446 0.0561403 0.0494369 0.0426466 0.0360007 0.0296657 0.0237651 0.0184013 0.0136698 0.00965938 0.00643275 0.00400023
 0.00864427 0.0139623 0.0208643 0.0292364 0.0387718 0.04884 0.0584412 0.0664253 0.0718961 0.0744951 0.0743773 0.0719872 0.0678511 0.0624737 0.0563013 0.0497047 0.0429754 0.0363369 0.0299632 0.0239958 0.0185576 0.0137605 0.00970093 0.00644314 0.0039945
 0.00870292 0.0140471 0.0209725 0.0293583 0.0388932 0.048946 0.0585178 0.0664602 0.0718775 0.0744129 0.0742283 0.0717813 0.0676151 0.0622474 0.0561265 0.0496113 0.042971 0.0364052 0.030072 0.0241101 0.0186513 0.0138216 0.00973074 0.00645028 0.00398933
 0.00869125 0.0140485 0.0210113 0.0294668 0.0391001 0.049259 0.0589117 0.0668774 0.0722459 0.0746688 0.0743331 0.0717269 0.0674196 0.0619484 0.0557738 0.0492579 0.0426624 0.0361692 0.0299139 0.0240165 0.0185997 0.0137909 0.00970741 0.00642911 0.00397031
 0.00861961 0.0139408 0.0208668 0.0292949 0.0389223 0.0491094 0.0588328 0.0669092 0.072408 0.0749456 0.0746729 0.0720576 0.0676745 0.0620877 0.0557928 0.0491816 0.0425321 0.0360278 0.0297936 0.0239322 0.0185504 0.0137663 0.00969551 0.0064216 0.00396367
 0.00855222 0.0138251 0.0206824 0.0290214 0.0385479 0.0486423 0.0583112 0.0664013 0.0719987 0.0747126 0.074662 0.0722675 0.0680566 0.0625624 0.0562753 0.0496066 0.0428675 0.0362732 0.0299683 0.0240602 0.0186494 0.0138449 0.00975597 0.00646437 0.0039906
 0.00850038 0.0137416 0.0205575 0.0288455 0.0383114 0.0483378 0.0579381 0.0659723 0.0715458 0.0742884 0.0743322 0.0720951 0.068081 0.0627836 0.0566513 0.0500676 0.0433392 0.0366985 0.0303178 0.0243296 0.0188494 0.0139898 0.00985828 0.00653346 0.00403415
 0.00834518 0.0135061 0.0202348 0.0284404 0.0378392 0.0478213 0.0574049 0.0654538 0.0710746 0.0738962 0.0740486 0.0719481 0.068096 0.0629766 0.0570186 0.0505781 0.0439367 0.0373149 0.0308912 0.0248184 0.0192363 0.0142772 0.0100597 0.00666652 0.00411641
 0.00807576 0.0130997 0.0196826 0.0277568 0.0370596 0.0469963 0.0565949 0.0647239 0.0704858 0.0734934 0.073853 0.071958 0.0682953 0.0633443 0.057533 0.0512137 0.0446578 0.0380728 0.0316294 0.0254843 0.0197926 0.0147083 0.0103699 0.00687386 0.00424477
 0.0079153 0.0128414 0.0193 0.027231 0.0363874 0.0462007 0.0557327 0.0638811 0.0697579 0.0729593 0.0735555 0.0719011 0.068455 0.063684 0.058015 0.0518041 0.0453248 0.0387816 0.032339 0.0261499 0.0203739 0.0151783 0.0107205 0.00711442 0.00439624
 0.00789153 0.0127785 0.0191606 0.0269657 0.0359477 0.0455592 0.0549029 0.0629246 0.068775 0.0720665 0.0728605 0.0714806 0.068342 0.0638669 0.058448 0.0524237 0.0460644 0.0395801 0.0331416 0.0269073 0.0210439 0.0157306 0.0111419 0.00741011 0.00458607
 0.00853948 0.0137001 0.0203016 0.0281879 0.0370609 0.0463779 0.0552957 0.0628366 0.0682256 0.0711375 0.0716802 0.0702039 0.0671231 0.0628314 0.0576735 0.0519349 0.0458419 0.039576 0.0332953 0.0271564 0.0213312 0.0160094 0.0113795 0.00759075 0.00470914
 0.00914765 0.0146641 0.0216984 0.0300499 0.0393442 0.0489268 0.0578269 0.0649763 0.0696095 0.0715317 0.0710566 0.0687307 0.065089 0.0605522 0.0554227 0.0499087 0.0441525 0.0382618 0.0323397 0.026509 0.0209261 0.0157787 0.011263 0.00754086 0.00469284
 0.00910978 0.0147076 0.021957 0.0307101 0.040593 0.0508683 0.0604043 0.0679444 0.0725749 0.0740454 0.0727245 0.0693093 0.0645401 0.0590391 0.0532497 0.0474297 0.0416856 0.0360373 0.0304862 0.0250666 0.0198722 0.0150547 0.0107962 0.00725928 0.00453466
 0.00874455 0.0141523 0.0212011 0.0297913 0.0396143 0.0500083 0.0599057 0.0680607 0.0734758 0.0757185 0.0749344 0.0716501 0.0665631 0.0603957 0.0537854 0.0471988 0.0408957 0.0349581 0.0293643 0.0240741 0.0190938 0.0145033 0.0104402 0.00704915 0.00442127
 0.00854543 0.0138197 0.0206859 0.0290484 0.0386208 0.0487916 0.0585709 0.0667995 0.0725405 0.0753601 0.0753208 0.0727926 0.0682854 0.0623705 0.0556335 0.0486117 0.0417235 0.0352267 0.0292252 0.0237224 0.0186968 0.0141648 0.0101995 0.00690151 0.00434218
 0.00848488 0.0137147 0.0205146 0.0287826 0.0382286 0.0482437 0.0578536 0.0659309 0.071588 0.0744494 0.0746255 0.0724951 0.0685146 0.0631392 0.0568117 0.0499573 0.0429659 0.0361616 0.0297731 0.0239265 0.0186727 0.0140373 0.0100595 0.00679367 0.0042755
 0.00853137 0.0137664 0.0205479 0.0287598 0.0381061 0.0479856 0.0574434 0.0653759 0.0709167 0.0737096 0.0738874 0.0718559 0.0680923 0.0630451 0.0571059 0.0506094 0.0438485 0.0370894 0.0305719 0.0244928 0.0189939 0.0141686 0.01008 0.00676996 0.00424634
 0.0085846 0.0138471 0.0206568 0.02889 0.0382395 0.0480908 0.0574772 0.0652915 0.0706782 0.0733082 0.0733501 0.0712442 0.067493 0.0625573 0.056823 0.0505935 0.0441039 0.0375513 0.0311243 0.0250116 0.0193924 0.0144192 0.0102051 0.00681457 0.00425232
 0.00870033 0.0140294 0.0209197 0.0292405 0.0386738 0.0485891 0.0579983 0.0657721 0.0710416 0.0734803 0.0732797 0.0709191 0.0669481 0.0618714 0.0561042 0.0499554 0.0436367 0.0372968 0.031065 0.0250832 0.0195141 0.014527 0.0102692 0.00683632 0.00424849
 0.00874066 0.0140921 0.0210092 0.0293597 0.0388249 0.0487735 0.0582152 0.0660153 0.071295 0.0737154 0.0734565 0.0709934 0.0668843 0.061658 0.0557641 0.0495457 0.0432343 0.0369738 0.0308645 0.0250068 0.019528 0.0145828 0.0103265 0.0068746 0.00426575
 0.00880463 0.0141952 0.0211622 0.0295709 0.039097 0.0491001 0.0585778 0.0663845 0.0716363 0.0739971 0.0736539 0.0710884 0.0668627 0.0615101 0.0554909 0.0491671 0.0427928 0.0365283 0.0304737 0.0247101 0.019335 0.0144764 0.0102766 0.00685322 0.0042551
 0.00875721 0.014133 0.0210964 0.0295218 0.0390894 0.0491552 0.058706 0.0665817 0.0718854 0.0742722 0.073925 0.0713257 0.0670402 0.061607 0.0554936 0.0490721 0.042611 0.036287 0.0302129 0.024471 0.0191473 0.0143499 0.0102036 0.00681669 0.00423866
 0.00860946 0.0139162 0.0208142 0.029195 0.0387531 0.0488517 0.0584781 0.0664663 0.0719061 0.0744324 0.0742046 0.0716853 0.0674301 0.0619786 0.0558068 0.0493001 0.0427424 0.0363271 0.0301817 0.0243987 0.019065 0.0142805 0.010157 0.00679159 0.00422801
 0.00856344 0.0138334 0.0206762 0.0289831 0.0384566 0.0484803 0.0580692 0.0660817 0.0716159 0.074292 0.0742384 0.0718822 0.0677511 0.0623696 0.0562116 0.0496699 0.0430426 0.0365404 0.0303087 0.0244549 0.0190741 0.0142669 0.0101388 0.00677806 0.004221
 0.00861653 0.0139134 0.0207838 0.0291118 0.0385913 0.048597 0.0581378 0.0660748 0.071521 0.0741221 0.0740321 0.0716912 0.0676204 0.0623214 0.0562406 0.0497497 0.0431383 0.0366205 0.0303536 0.02446 0.0190475 0.0142237 0.0100939 0.00674142 0.00419608
 0.00860125 0.0138808 0.0207209 0.0290029 0.0384236 0.0483671 0.0578579 0.0657708 0.0712252 0.073864 0.0738342 0.0715706 0.0675914 0.0623941 0.0564147 0.0500089 0.0434501 0.0369438 0.0306495 0.0247018 0.019225 0.014341 0.0101642 0.0067801 0.004216
 0.00860647 0.0138931 0.0207454 0.0290446 0.0384827 0.0484346 0.0579135 0.0657876 0.07118 0.0737486 0.0736602 0.0713657 0.0673902 0.0622295 0.0563119 0.0499817 0.0434976 0.0370502 0.0307883 0.0248435 0.0193466 0.014431 0.0102221 0.00681271 0.00423216
 0.00869249 0.0140438 0.0209913 0.029418 0.0390067 0.0491069 0.0586919 0.0665883 0.071893 0.0742655 0.0739025 0.071303 0.0670453 0.0616688 0.0556268 0.0492658 0.0428281 0.0364767 0.030331 0.0244987 0.0190964 0.0142536 0.0100986 0.00672894 0.0041779
 0.0082489 0.0133397 0.019968 0.028045 0.037302 0.0471616 0.0566847 0.0647686 0.070523 0.0735413 0.0738963 0.0719536 0.0681936 0.0631155 0.057185 0.0507941 0.0442397 0.0377296 0.0314105 0.0254022 0.0198256 0.0148146 0.0105051 0.00700318 0.00434863
 0.00847494 0.0136391 0.0202913 0.0282998 0.0373735 0.0469487 0.056137 0.0639079 0.0694451 0.0724005 0.0728725 0.0712083 0.0678268 0.0631416 0.0575394 0.0513657 0.0449109 0.0384064 0.0320334 0.0259412 0.0202696 0.0151626 0.0107622 0.00718026 0.00446101
 0.00884521 0.0142381 0.0211811 0.0295191 0.0389093 0.0487027 0.0579065 0.0654105 0.0703952 0.0726075 0.0723096 0.0700158 0.066256 0.0614698 0.0559949 0.0500852 0.0439359 0.0377096 0.0315555 0.0256212 0.0200591 0.0150276 0.010679 0.00713161 0.00443421
 0.00885913 0.0143011 0.0213516 0.0298783 0.0395436 0.0496705 0.0592018 0.0669395 0.0719758 0.0739983 0.0732646 0.0703544 0.0659214 0.0605501 0.0546908 0.0486399 0.0425615 0.036541 0.0306433 0.0249537 0.019594 0.0147162 0.0104785 0.00700835 0.00436258
 0.00885507 0.0142736 0.0212752 0.0297271 0.039311 0.0493942 0.0589767 0.0668989 0.0722412 0.0746166 0.0741684 0.0713694 0.0668217 0.0611367 0.0548593 0.0484081 0.0420467 0.0359029 0.0300243 0.024442 0.0192195 0.0144676 0.0103263 0.00692147 0.00431609
 0.00857751 0.0138136 0.0205682 0.028712 0.0379496 0.0477009 0.0570493 0.0649304 0.0704976 0.0733811 0.073668 0.0717055 0.0679307 0.0628013 0.0567737 0.0502731 0.0436527 0.0371647 0.030961 0.0251259 0.0197259 0.0148491 0.0106113 0.00712521 0.00445164
 0.00866554 0.013958 0.0207842 0.0290045 0.0382994 0.0480509 0.0573002 0.0649613 0.0702121 0.0727613 0.0728047 0.070783 0.067166 0.0623639 0.0567238 0.0505483 0.0441078 0.0376422 0.0313514 0.025391 0.0198826 0.0149363 0.0106631 0.00716072 0.00447784
 0.00836023 0.0135506 0.0203352 0.0286248 0.0381183 0.0481635 0.0577222 0.065613 0.0709393 0.0733816 0.0731637 0.0708038 0.0668773 0.0618902 0.0562356 0.0501923 0.0439529 0.0376681 0.0314816 0.0255427 0.0200032 0.0150112 0.0107019 0.00717926 0.00448758
#obs surv len freq
 nan nan nan nan nan nan nan nan nan nan nan nan nan nan nan nan nan nan nan nan nan nan nan nan nan
 0.00448271 0.00734309 0.0111721 0.0159875 0.0216876 0.0279628 0.0342768 0.0400084 0.0446887 0.0481535 0.0505126 0.0520097 0.0529032 0.0534167 0.0537319 0.0539875 0.0542665 0.0545596 0.0546986 0.0542906 0.0527286 0.0493604 0.0438098 0.0362892 0.0276721
 0.00461081 0.00755378 0.0114933 0.0164459 0.0223017 0.028733 0.0351757 0.0409777 0.0456476 0.049015 0.0511998 0.0524674 0.0531032 0.0533581 0.0534366 0.0534926 0.0536154 0.0537946 0.0538587 0.0534126 0.051851 0.0485263 0.0430634 0.0356683 0.0271976
 0.00477514 0.00782094 0.0118956 0.0170136 0.0230578 0.0296843 0.0363023 0.0422279 0.0469416 0.0502564 0.0522895 0.0533161 0.0536414 0.0535443 0.0532612 0.0529762 0.0528019 0.0527428 0.0526341 0.0520847 0.0504943 0.0472201 0.0418866 0.0346858 0.0264453
 0.00496138 0.00812745 0.0123637 0.0176839 0.0239617 0.0308315 0.0376676 0.0437472 0.0485215 0.0517909 0.0536755 0.0544607 0.0544648 0.0539827 0.0532726 0.0525462 0.0519479 0.0515123 0.0511011 0.0503455 0.0486634 0.0454237 0.0402494 0.0333098 0.0253877
 0.00517939 0.0084823 0.0128988 0.0184405 0.024972 0.0321068 0.0391856 0.0454461 0.0503062 0.053549 0.0552937 0.0558359 0.055509 0.0546242 0.0534567 0.0522377 0.051136 0.050218 0.0493841 0.0483076 0.0464463 0.0431977 0.0381893 0.0315613 0.0240357
 0.00539938 0.0088454 0.0134553 0.0192405 0.0260556 0.033488 0.0408373 0.0472951 0.0522446 0.0554561 0.0570542 0.0573489 0.0566891 0.0553994 0.0537673 0.0520369 0.0503945 0.0489329 0.0475925 0.0460999 0.0439724 0.0406564 0.0357973 0.0295067 0.0224342
 0.0056453 0.00924516 0.0140572 0.0200905 0.0271893 0.0349189 0.0425421 0.0492071 0.0542606 0.0574539 0.0589112 0.058955 0.0579529 0.0562485 0.0541445 0.0518967 0.049702 0.0476719 0.0457812 0.0438121 0.0413522 0.0379142 0.0331764 0.0272286 0.0206426
 0.00589505 0.00965546 0.0146825 0.0209836 0.0283908 0.0364401 0.0443491 0.0512162 0.0563525 0.059498 0.0607868 0.0605611 0.0592081 0.0570877 0.0545152 0.0517558 0.0490149 0.0464177 0.0439674 0.0414981 0.0386707 0.0350735 0.0304304 0.024818 0.0187313
 0.00613513 0.0100503 0.0152853 0.0218472 0.0295578 0.037927 0.0461293 0.0532133 0.0584497 0.0615599 0.0626823 0.0621783 0.0604606 0.0579134 0.0548706 0.0516083 0.0483381 0.0451933 0.0421991 0.0392355 0.0360334 0.0322586 0.0276876 0.0223918 0.0167943
 0.00636356 0.0104266 0.0158609 0.0226734 0.0306761 0.0393534 0.0478384 0.0551321 0.0604676 0.0635492 0.064518 0.0637509 0.0616817 0.0587171 0.0552118 0.0514578 0.0476765 0.0440103 0.0405022 0.0370706 0.0335092 0.0295572 0.0250443 0.0200421 0.014909
 0.00662568 0.0108492 0.0164904 0.0235508 0.0318301 0.0407887 0.0495228 0.0569919 0.0623961 0.0654256 0.0662262 0.0651914 0.0627759 0.0594078 0.0554606 0.0512406 0.0469795 0.0428291 0.0388493 0.0349919 0.0311057 0.0269958 0.022541 0.0178151 0.0131187
 0.00682893 0.011192 0.0170286 0.0243427 0.032922 0.0421938 0.0512021 0.0588508 0.0643032 0.0672431 0.0678359 0.0665053 0.0637344 0.0599729 0.0556093 0.0509599 0.0462631 0.0416778 0.0372785 0.0330465 0.0288784 0.0246365 0.0202431 0.0157736 0.0114776
 0.00705822 0.0115637 0.0175865 0.0251279 0.0339666 0.0435097 0.0527667 0.0605984 0.0661282 0.0690157 0.0694233 0.0677923 0.0646388 0.0604505 0.0556488 0.0505708 0.0454635 0.0404889 0.0357283 0.0311837 0.0267896 0.0224555 0.018139 0.0139159 0.00998972
 0.00726958 0.011911 0.0181157 0.0258827 0.0349784 0.0447824 0.054263 0.0622374 0.0678 0.0706037 0.0708232 0.0689193 0.065428 0.0608572 0.0556502 0.0501662 0.0446705 0.0393375 0.0342587 0.0294529 0.0248824 0.0204916 0.0162643 0.0122732 0.00868087
 0.00745048 0.0122086 0.0185699 0.0265328 0.0358548 0.0458942 0.0555843 0.063702 0.0693096 0.0720469 0.0720945 0.0699336 0.0661255 0.0612034 0.0556317 0.0497854 0.0439427 0.0382893 0.0329303 0.0279019 0.0231909 0.0187681 0.0146345 0.0108561 0.00755862
 0.00753321 0.0123471 0.0187863 0.026852 0.0363014 0.0464865 0.0563274 0.0645822 0.0702927 0.0730805 0.0731126 0.0708624 0.0668922 0.0617443 0.0558995 0.0497525 0.0436009 0.0376484 0.0320184 0.0267681 0.0219085 0.0174338 0.0133582 0.0097395 0.00667151
 0.00757873 0.0124156 0.0188801 0.0269715 0.0364488 0.0466693 0.0565604 0.0648855 0.0706856 0.0735733 0.0736983 0.0715127 0.0675577 0.0623602 0.0563954 0.0500639 0.0436788 0.0374668 0.0315777 0.0260976 0.0210662 0.0165028 0.0124344 0.00891306 0.00600575
 0.0076304 0.0124899 0.0189739 0.0270757 0.0365508 0.0467579 0.056631 0.0649435 0.070748 0.0736669 0.0738538 0.0717541 0.0678912 0.0627661 0.0568273 0.0504568 0.0439627 0.0375819 0.0314878 0.0257986 0.0205892 0.0159096 0.011805 0.00832668 0.00552118
 0.00773366 0.0126479 0.0191927 0.0273523 0.0368721 0.0471001 0.0569608 0.0652227 0.0709433 0.0737621 0.0738581 0.0717003 0.0678241 0.0627266 0.0568366 0.050508 0.0440216 0.0375979 0.031411 0.0255973 0.020262 0.0154877 0.0113433 0.00788645 0.00515146
 0.00778724 0.0127372 0.0193304 0.0275502 0.0371365 0.0474259 0.0573261 0.0655893 0.0712649 0.0739964 0.0739791 0.0717053 0.0677335 0.0625774 0.0566712 0.0503594 0.0439021 0.0374954 0.031295 0.0254345 0.020033 0.0151973 0.0110201 0.00757125 0.00488134
 0.00782683 0.0127978 0.0194152 0.0276606 0.0372734 0.0475907 0.0575199 0.0658099 0.0715024 0.0742311 0.0741829 0.0718488 0.0677959 0.0625543 0.0565767 0.0502205 0.0437475 0.0373431 0.0311466 0.025278 0.0198535 0.0149896 0.0107947 0.00735058 0.00468961
 0.0078414 0.012817 0.0194357 0.027677 0.0372801 0.047585 0.0575051 0.0657964 0.0715053 0.0742655 0.0742575 0.0719609 0.0679296 0.062685 0.0566804 0.0502824 0.0437659 0.0373256 0.0311024 0.0252113 0.0197637 0.0148766 0.0106646 0.00721696 0.00456868
 0.00786366 0.0128491 0.0194762 0.0277215 0.0373215 0.0476153 0.057517 0.0657858 0.0714737 0.0742214 0.0742164 0.0719396 0.0679406 0.0627305 0.0567502 0.0503584 0.0438294 0.0373637 0.0311103 0.0251898 0.0197163 0.0148081 0.0105822 0.00713042 0.00448902
 0.00787826 0.0128701 0.0195028 0.0277508 0.037349 0.0476357 0.0575254 0.0657779 0.0714476 0.0741787 0.0741629 0.0718861 0.0679003 0.0627152 0.0567659 0.0504023 0.0438901 0.0374256 0.0311587 0.0252152 0.0197156 0.0147838 0.0105407 0.00708084 0.00444037
 0.00790145 0.0129046 0.0195486 0.0278055 0.037408 0.0476929 0.0575739 0.0658109 0.0714592 0.0741658 0.0741263 0.0718308 0.0678352 0.0626517 0.0567152 0.0503725 0.0438832 0.0374367 0.0311777 0.025231 0.0197198 0.0147732 0.0105173 0.00705001 0.00440877
 0.00791862 0.0129287 0.0195779 0.0278356 0.0374336 0.0477091 0.0575777 0.0658019 0.071439 0.0741373 0.0740925 0.0717949 0.0678 0.0626204 0.0566915 0.0503602 0.0438851 0.0374525 0.0312033 0.0252592 0.0197427 0.0147854 0.0105174 0.00704078 0.00439481
 0.00789883 0.0128993 0.0195385 0.0277876 0.0373792 0.0476505 0.0575166 0.0657403 0.0713801 0.0740858 0.0740545 0.0717755 0.0678023 0.0626439 0.056733 0.0504152 0.0439493 0.037522 0.031274 0.0253259 0.0198001 0.0148289 0.0105454 0.00705472 0.00439864
 0.0078725 0.0128522 0.0194602 0.0276673 0.0372094 0.0474334 0.0572683 0.0654891 0.0711595 0.0739242 0.0739683 0.0717675 0.0678647 0.0627632 0.0568933 0.0506003 0.0441441 0.0377139 0.0314528 0.0254841 0.0199322 0.0149319 0.0106192 0.00710249 0.00442602
 0.00785125 0.0128157 0.0194016 0.0275782 0.0370819 0.0472619 0.0570534 0.0652407 0.0708979 0.0736782 0.0737698 0.0716439 0.0678322 0.0628226 0.0570316 0.0507961 0.0443731 0.0379532 0.0316835 0.0256921 0.0201082 0.0150712 0.0107216 0.00717169 0.00446851
 0.00785718 0.0128213 0.0194023 0.027567 0.03705 0.0472014 0.0569589 0.0651112 0.0707371 0.0734955 0.0735805 0.071469 0.0676953 0.0627448 0.0570256 0.050862 0.0444993 0.03812 0.0318684 0.0258743 0.0202717 0.0152062 0.0108241 0.00724302 0.00451372
 0.00783013 0.0127778 0.0193378 0.0274775 0.036933 0.047057 0.0567913 0.0649289 0.0705522 0.0733211 0.0734292 0.0713517 0.0676212 0.0627219 0.0570598 0.0509555 0.0446477 0.0383113 0.032084 0.0260929 0.0204735 0.0153767 0.0109564 0.0073369 0.00457449
 0.00781012 0.0127436 0.0192834 0.0273965 0.0368204 0.0469119 0.0566188 0.0647406 0.0703639 0.073149 0.0732865 0.0712477 0.0675614 0.0627091 0.0570953 0.051039 0.0447765 0.0384787 0.0322781 0.0262972 0.0206698 0.0155491 0.0110944 0.00743766 0.00464128
 0.00777022 0.0126786 0.0191854 0.0272586 0.0366383 0.0466867 0.05636 0.0644666 0.0700992 0.0729195 0.073114 0.0711464 0.0675364 0.0627574 0.0572082 0.0512049 0.0449831 0.0387135 0.032528 0.0265472 0.0209042 0.0157534 0.0112587 0.00755869 0.00472246
 0.00772454 0.0126044 0.019074 0.0271023 0.0364323 0.0464322 0.0560668 0.0641541 0.0697938 0.0726496 0.0729048 0.0710165 0.067496 0.0628073 0.0573405 0.0514055 0.0452339 0.0389954 0.0328221 0.0268358 0.0211705 0.0159836 0.0114437 0.00769548 0.00481492
 0.00934178 0.01487 0.021812 0.029924 0.0388492 0.0480352 0.0566692 0.0638189 0.0687526 0.0711834 0.0712567 0.0693589 0.0659364 0.0614071 0.0561307 0.0503961 0.0444207 0.038364 0.032352 0.0265027 0.0209487 0.0158467 0.0113669 0.00765734 0.00479879
 0.00930344 0.0151077 0.0226989 0.0319249 0.0423187 0.0529449 0.0624342 0.069393 0.0730006 0.0733289 0.0711381 0.0673716 0.0627583 0.0577084 0.0524076 0.0469428 0.0413779 0.0357801 0.0302269 0.0248118 0.0196531 0.0148975 0.0107073 0.00722665 0.00453678
 0.00898346 0.0146016 0.0219852 0.0310509 0.041455 0.0524238 0.0627102 0.0708797 0.0758211 0.0771302 0.0751341 0.0706418 0.0646313 0.0579954 0.0513719 0.0450838 0.0391966 0.0336427 0.0283403 0.0232605 0.0184477 0.0140095 0.0100893 0.00682296 0.00429129
 0.00880639 0.0143052 0.0215241 0.0303804 0.0405486 0.0513045 0.061492 0.0697965 0.0752089 0.0773349 0.0763565 0.0727892 0.0672832 0.0605389 0.0532505 0.0460104 0.0392116 0.0330141 0.0274005 0.0222811 0.0175916 0.0133427 0.0096147 0.00651122 0.00410221
 0.00873023 0.0141763 0.0213199 0.0300745 0.0401137 0.0507196 0.0607548 0.068939 0.0743163 0.0765578 0.0759012 0.0728658 0.0680135 0.0618644 0.054909 0.0476205 0.0404278 0.0336607 0.0275065 0.0220156 0.0171587 0.0129024 0.00925419 0.00625615 0.00394158
 0.00869136 0.0141097 0.0212129 0.0299123 0.0398811 0.0504043 0.0603511 0.0684512 0.073761 0.0759706 0.0753456 0.0724411 0.0678442 0.0620618 0.0555109 0.0485445 0.0414792 0.0346046 0.0281654 0.0223321 0.0171908 0.012767 0.00906432 0.00608487 0.00381813
 0.00868736 0.014101 0.0211953 0.0298794 0.0398244 0.050314 0.0602169 0.068264 0.0735152 0.0756669 0.0749964 0.0720765 0.0675178 0.0618485 0.055489 0.048762 0.0419189 0.0351743 0.0287293 0.0227684 0.0174403 0.0128438 0.00902865 0.00600371 0.00373826
 0.00868914 0.0141047 0.0212021 0.0298904 0.0398392 0.050329 0.0602245 0.0682525 0.0734706 0.0755763 0.0748518 0.0718795 0.0672836 0.0616098 0.0552948 0.0486667 0.0419618 0.0353567 0.0290059 0.023063 0.0176797 0.0129885 0.00908128 0.00599484 0.00370365
 0.00867906 0.0140903 0.0211844 0.0298715 0.0398223 0.0503175 0.0602202 0.0682551 0.0734761 0.0755766 0.074836 0.0718361 0.0672054 0.0614991 0.0551677 0.0485527 0.041896 0.0353663 0.0290949 0.0232072 0.0178366 0.0131173 0.00916068 0.00602668 0.00370423
 0.00867104 0.0140778 0.0211665 0.0298483 0.0397946 0.0502876 0.0601921 0.0682333 0.0734646 0.0755769 0.074845 0.0718463 0.0672069 0.0614828 0.0551302 0.0485001 0.0418445 0.0353371 0.0291045 0.0232583 0.0179153 0.0132004 0.00922736 0.0060673 0.00372122
 0.00865494 0.0140534 0.0211331 0.0298065 0.0397463 0.0502356 0.0601401 0.0681859 0.0734272 0.075554 0.0748396 0.0718581 0.0672318 0.0615133 0.0551575 0.0485181 0.0418531 0.0353429 0.0291182 0.0232878 0.0179612 0.0132545 0.0092779 0.00610516 0.00374367
 0.00864429 0.0140346 0.0211024 0.0297599 0.0396811 0.0501526 0.0600452 0.0680897 0.0733422 0.0754914 0.0748065 0.0718564 0.0672587 0.0615626 0.0552206 0.0485855 0.0419172 0.0354 0.0291692 0.0233364 0.0180102 0.0133032 0.00932215 0.00614037 0.00376755
 0.00864376 0.0140335 0.0211 0.0297548 0.0396714 0.0501355 0.0600175 0.0680494 0.0732898 0.0754314 0.0747469 0.0718067 0.0672272 0.0615534 0.0552332 0.0486155 0.0419577 0.0354445 0.0292132 0.0233781 0.0180493 0.0133396 0.00935454 0.00616675 0.00378657
 0.00864408 0.0140342 0.0211014 0.0297572 0.0396749 0.0501395 0.0600205 0.0680487 0.0732822 0.0754142 0.0747189 0.0717701 0.0671871 0.0615171 0.0552075 0.0486046 0.041962 0.0354612 0.0292377 0.0234063 0.018078 0.0133667 0.00937852 0.00618637 0.00380108
 0.00863308 0.0140187 0.0210824 0.0297373 0.0396573 0.050127 0.0600148 0.0680496 0.0732878 0.0754216 0.0747247 0.0717711 0.0671817 0.061506 0.0551939 0.0485931 0.041957 0.035465 0.0292502 0.023425 0.0180999 0.0133887 0.00939839 0.00620264 0.00381316
 0.00863308 0.0140187 0.0210824 0.0297373 0.0396573 0.050127 0.0600148 0.0680496 0.0732878 0.0754216 0.0747247 0.0717711 0.0671817 0.061506 0.0551939 0.0485931 0.041957 0.035465 0.0292502 0.023425 0.0180999 0.0133887 0.00939839 0.00620264 0.00381316
 0.0086329 0.014019 0.0210842 0.0297419 0.0396663 0.0501417 0.0600357 0.068076 0.0733174 0.0754504 0.074748 0.0717843 0.0671814 0.0614914 0.0551671 0.0485586 0.0419207 0.0354327 0.0292259 0.0234104 0.0180941 0.0133896 0.00940299 0.00620853 0.00381862
 0.00879695 0.0142771 0.0214553 0.0302346 0.0402739 0.0508356 0.0607614 0.0687565 0.0738686 0.0758025 0.0748629 0.0716618 0.0668531 0.0610093 0.0545909 0.0479457 0.0413198 0.0348802 0.0287456 0.0230145 0.0177849 0.0131613 0.00924462 0.00610588 0.0037569
 0.00834722 0.0135848 0.020489 0.0289991 0.0388178 0.049257 0.059208 0.0674116 0.0729131 0.0753647 0.0749824 0.0722842 0.0678554 0.0622385 0.0559 0.0492178 0.0424768 0.0358811 0.0295772 0.023681 0.0183 0.0135436 0.00951475 0.00628593 0.00386895
 0.00851733 0.0137993 0.0206973 0.0291165 0.0387489 0.0489338 0.0586228 0.0666261 0.072041 0.0745399 0.0743267 0.0718833 0.0677456 0.0624039 0.0562821 0.0497338 0.0430421 0.0364265 0.0300581 0.0240767 0.0186076 0.0137707 0.00967409 0.00639151 0.00393448
 0.008839 0.0143376 0.0215287 0.0303027 0.0402999 0.0507632 0.0605218 0.0682919 0.0731659 0.074921 0.0739351 0.0708573 0.0663232 0.0608381 0.0547767 0.0484148 0.0419596 0.0355757 0.029406 0.0235839 0.0182404 0.0135035 0.00948729 0.00626812 0.00385856
 0.00877379 0.0142691 0.0214976 0.0303763 0.0405621 0.0512914 0.0613562 0.0694053 0.0744453 0.0761737 0.0749308 0.0713993 0.0663175 0.0603246 0.0539043 0.0473778 0.0409323 0.0346732 0.0286776 0.0230305 0.0178377 0.0132206 0.00929562 0.00614419 0.00378313
 0.00868534 0.0141157 0.0212521 0.0300171 0.0400899 0.05075 0.0608455 0.0690674 0.0744204 0.0765415 0.0756651 0.0723628 0.067303 0.0611263 0.0543868 0.0475134 0.0407895 0.0343703 0.0283304 0.0227178 0.0175947 0.0130502 0.00918478 0.00607627 0.00374376
 0.00825302 0.0134199 0.0202209 0.0285962 0.0382634 0.0485701 0.0584596 0.066722 0.072425 0.0751994 0.0751964 0.0728451 0.0686465 0.0630938 0.0566579 0.0497712 0.042799 0.0360152 0.0296002 0.0236648 0.0182887 0.0135511 0.00953665 0.00631217 0.00389184
 0.00858176 0.0138921 0.0208131 0.0292385 0.0388483 0.0489726 0.0585616 0.0664377 0.0717288 0.0741514 0.0739494 0.0716188 0.0676694 0.0625317 0.0565619 0.0500689 0.0433341 0.036614 0.0301317 0.0240675 0.0185606 0.0137216 0.00964026 0.00637481 0.00392944
 0.00859164 0.0139572 0.0209977 0.0296217 0.0394898 0.0498654 0.0595978 0.0674181 0.072421 0.0743712 0.0736255 0.0708143 0.0665582 0.0613451 0.0555215 0.0493264 0.0429366 0.0365102 0.0302131 0.0242213 0.0187081 0.0138285 0.00970463 0.00640889 0.0039462
#pred catch len freq
 0.00405015 0.00645954 0.00952292 0.0132063 0.0174915 0.0223451 0.0276511 0.0331864 0.0386663 0.0438125 0.0483972 0.0522658 0.0553491 0.0576563 0.0592426 0.0601719 0.0604913 0.0602143 0.0592892 0.057546 0.0546658 0.0502566 0.0440758 0.0363067 0.0276794
 0.00435172 0.0068551 0.00994666 0.0135474 0.017636 0.0222356 0.0273259 0.0327666 0.038292 0.0435673 0.0482696 0.0521677 0.0551762 0.0573527 0.0588385 0.0597764 0.0602468 0.0602301 0.0595845 0.0580318 0.0551808 0.0506397 0.0442366 0.036253 0.0274913
 0.00454623 0.00718686 0.0104675 0.014296 0.0186072 0.0233461 0.0284049 0.0335978 0.0387018 0.0435085 0.0478376 0.0515347 0.0544912 0.0566812 0.0581757 0.0591087 0.0596033 0.0596843 0.0592088 0.0578438 0.0551223 0.0506074 0.0441404 0.0360617 0.0272361
 0.00476556 0.00752861 0.0109582 0.0149609 0.0194758 0.0244523 0.0297674 0.0351808 0.040376 0.0450485 0.0489807 0.0520806 0.0543836 0.0560141 0.0571265 0.0578542 0.0582758 0.0583767 0.0579925 0.0567685 0.0542029 0.0498218 0.0434521 0.0354493 0.0267066
 0.00502685 0.0079367 0.0115419 0.0157381 0.0204544 0.0256323 0.0311407 0.0367288 0.0420625 0.0468039 0.0506798 0.0535352 0.0553732 0.0563562 0.0567485 0.0568204 0.0567532 0.0565693 0.0560859 0.0549044 0.0524754 0.0482852 0.042133 0.0343606 0.0258535
 0.00535225 0.00844104 0.0122561 0.0166773 0.0216205 0.0270156 0.0327183 0.0384592 0.0438848 0.0486411 0.0524424 0.0551176 0.0566462 0.0571681 0.0569504 0.0563135 0.055535 0.0547472 0.0538497 0.0524746 0.0500571 0.0460422 0.0401808 0.0327673 0.0246416
 0.00570089 0.00898854 0.0130449 0.0177359 0.0229618 0.028633 0.0345786 0.0404971 0.0460058 0.0507332 0.0543903 0.0568125 0.0579876 0.0580592 0.0572929 0.0560135 0.0545285 0.0530368 0.0515318 0.0497368 0.0471447 0.0432095 0.0376448 0.0306753 0.0230561
 0.00601911 0.00949295 0.0137813 0.0187423 0.024266 0.0302478 0.0364908 0.0426558 0.0483181 0.0530706 0.0566038 0.0587526 0.0595228 0.059086 0.0577335 0.0558072 0.0536287 0.0514264 0.0492533 0.0469207 0.0440128 0.0400428 0.0347248 0.0282206 0.0211791
 0.00636855 0.0100337 0.014546 0.0197482 0.02552 0.0317513 0.0382371 0.0446214 0.0504506 0.0552828 0.0587748 0.0607389 0.0611761 0.0602723 0.0583466 0.0557716 0.0528973 0.0499819 0.047124 0.0442068 0.0409054 0.0368128 0.0316732 0.0256056 0.0191531
 0.00669865 0.0105554 0.0153038 0.0207746 0.0268316 0.033343 0.0400749 0.0466391 0.052558 0.0573794 0.0607612 0.0625186 0.0626525 0.0613478 0.0589264 0.0557719 0.0522534 0.0486591 0.0451328 0.0416259 0.0379015 0.0336379 0.0286245 0.0229544 0.0170738
 0.00696711 0.0109849 0.0159385 0.0216546 0.0279899 0.0347983 0.0418189 0.0486245 0.0546939 0.0595397 0.0628028 0.0643049 0.0640721 0.0623216 0.0594008 0.0557059 0.0516101 0.04741 0.0432776 0.0392205 0.0350841 0.0306328 0.0257089 0.0203925 0.0150452
 0.00717097 0.0113112 0.0164215 0.0223267 0.0288807 0.0359309 0.0432015 0.0502401 0.0564933 0.0614386 0.0646866 0.06604 0.065525 0.0633787 0.0599814 0.0557617 0.0511167 0.0463584 0.0416784 0.0371241 0.0326061 0.0279647 0.0230953 0.0180742 0.0131935
