SBPRF35
9.87052
Curr Bio
578493
B35
734495
F35
0.188528
FOFL
0.156055
OFL
77415.6
Bzero
2.82015e+06
#pred survey bio
 4.0527e+06 3.90669e+06 3.75549e+06 3.54992e+06 3.29827e+06 3.0286e+06 2.74358e+06 2.45718e+06 2.20355e+06 1.97142e+06 1.74756e+06 1.56209e+06 1.38724e+06 1.21797e+06 1.08253e+06 946457 840107 759873 710603 680623 659392 637184 615857 606636 589108 590216 585777 575839 567966 567073 567034 572622 578193 572596 568089 553385 541982 527325 530783 535614 536959 541537 547823 545251 550022 550249 554420 559456 560144 553322 559590 560777 540954 584752 590780 567610 550713 546419 596178 596612 585572 603262 592317 591131 622612 596290 562245 555566 583643 2.16653e+07 1.29423e+07 1.31619e+07 1.3964e+07 1.51327e+07 1.64142e+07 1.76312e+07 1.86907e+07 1.95622e+07 2.02518e+07 2.07832e+07 2.11853e+07 2.1486e+07 2.17094e+07 2.18748e+07 2.19972e+07 2.20879e+07 2.21553e+07 2.22056e+07 2.22434e+07 2.22719e+07 2.22935e+07 2.231e+07 2.23227e+07 2.23324e+07 2.234e+07 2.23458e+07 2.23503e+07 2.23539e+07 2.23567e+07 2.23588e+07 2.23606e+07 2.23619e+07 2.2363e+07 2.23638e+07 2.23645e+07 2.2365e+07 2.23655e+07 2.23658e+07 2.23661e+07 2.23663e+07 2.23664e+07 2.23666e+07 2.23667e+07 2.23668e+07 2.23668e+07 2.23669e+07 2.23669e+07 2.2367e+07 2.2367e+07 2.2367e+07 2.2367e+07 2.2367e+07 2.2367e+07 2.23671e+07 2.23671e+07 2.23671e+07 2.23671e+07 2.23671e+07 2.23671e+07 2.23671e+07 2.23671e+07 2.23671e+07 2.23671e+07 2.23671e+07 2.23671e+07 2.23671e+07 2.23671e+07 2.23671e+07 2.23671e+07 2.23671e+07 2.23671e+07 2.23671e+07 2.23671e+07 2.23671e+07 2.23671e+07 2.23671e+07 2.23671e+07 2.23671e+07 2.23671e+07 2.23671e+07 2.23671e+07 2.23671e+07 2.23671e+07 2.23671e+07 2.23671e+07 2.23671e+07 2.23671e+07 2.23671e+07 2.23671e+07 2.23671e+07 2.23671e+07 2.23671e+07 2.23671e+07 2.23671e+07 2.23671e+07 2.23671e+07 2.23671e+07 2.23671e+07 2.23671e+07 0 0 0 0 0 0 0 0 0 0 0 0 0 0 0 0 0 0 0 0 0 0 0 0 0
#obs survey bio
 2.98586e+06 3.71642e+06 3.34358e+06 1.99245e+06 3.24079e+06 3.502e+06 2.39866e+06 2.17614e+06 1.99413e+06 1.57807e+06 1.39724e+06 1.09981e+06 1.35313e+06 966279 1.09737e+06 1.53558e+06 631934 842794 718782 813504 521293 532281 523555 491617 471681 551149 621512 334498 630638 377370 510249 474961 466116 484298 567635 595546 425211 409969 687236 658931 655900 578310 632876 785153 447888 596305 492724 441354 509100 614277 677403 474851 562656 741210 537127 562431 656942 517314 563708 535875 593880 490693 428062 753166 642810 620686 432792 507621 540573
#pred catch bio
 95125.1 97797.2 152114 206684 241366 277499 302691 295956 296854 306112 284235 282302 279903 249515 246420 215421 187987 157211 137672 128272 127581 125038 113119 118137 100890 104901 108547 105751 98905.4 97213.9 91511.3 90369 97317.5 92745.4 97539.9 92926.6 97412.3 85365.5 86708 90128.1 86900.2 85112.5 92359.4 86421.2 91171 88950.5 89437.9 93547.3 99217.1 87635 91864.5 108450 55249.7 87893.5 110455 103607 92753 49212 92571.8 101472 77893.2 103199 94982.2 68808.5 117811 122311 98660.9 69838.8 62204.1 77415.6 91625.3 91914.8 96151.5 103657 112231 120369 127349 132960 137271 140476 142799 144452 145609 146411 146961 147335 147589 147759 147874 147951 148002 148036 148058 148073 148083 148090 148094 148097 148099 148100 148101 148102 148102 148102 148102 148103 148103 148103 148103 148103 148103 148103 148103 148103 148103 148103 148103 148103 148103 148103 148103 148103 148103 148103 148103 148103 148103 148103 148103 148103 148103 148103 148103 148103 148103 148103 148103 148103 148103 148103 148103 148103 148103 148103 148103 148103 148103 148103 148103 148103 148103 148103 148103 148103 148103 148103 148103 148103 148103 148103 148103 148103 148103 148103 148103 148103 148103 148103 148103 0 0 0 0 0 0 0 0 0 0 0 0 0 0 0 0 0 0 0 0 0 0 0 0 0
#obs catch bio
 0 97542.6 152669 208083 243209 280103 307241 301975 302685 314378 292359 291278 288094 256230 252538 218101 191726 159447 139400 129298 129393 126888 114769 120075 101862 105967 109495 107519 100134 98786.2 92530.2 91436.5 98696.2 93240.9 97959.6 93228.9 97785.3 85590.7 86628.6 90005.2 86633 84564.1 91729.9 85872.5 91000 88698.5 89618.9 93941.6 99289.6 87525.5 91477 109188 54769.3 87655.6 109929 102730 92664.1 48544.2 92377.5 101435 77300.8 103263 95386.9 68227.7 117656 122034 98620 69853.3 62118.5
#pred cpue bio
 3.99179e+06 3.84894e+06 3.70051e+06 3.49599e+06 3.24496e+06 2.97607e+06 2.69192e+06 2.40645e+06 2.15375e+06 1.92269e+06 1.70027e+06 1.51632e+06 1.34361e+06 1.177e+06 1.04397e+06 910785 806814 728514 680694 651744 631107 609394 588644 579860 563103 564353 560150 550464 542813 542152 542420 548181 554042 549234 545599 531848 520355 504766 507175 511892 513616 518444 524741 522192 526644 526633 530452 535232 535997 529530 535757 537003 517697 560528 567044 544548 527607 523201 571902 572693 561761 578693 567877 566567 597379 571884 538243 531310 559260 2.08451e+07 1.24831e+07 1.25795e+07 1.32229e+07 1.43291e+07 1.55941e+07 1.68074e+07 1.78662e+07 1.87376e+07 1.94272e+07 1.99585e+07 2.03606e+07 2.06614e+07 2.08847e+07 2.10501e+07 2.11725e+07 2.12632e+07 2.13306e+07 2.1381e+07 2.14188e+07 2.14473e+07 2.14689e+07 2.14854e+07 2.1498e+07 2.15078e+07 2.15153e+07 2.15211e+07 2.15257e+07 2.15292e+07 2.1532e+07 2.15342e+07 2.15359e+07 2.15373e+07 2.15383e+07 2.15392e+07 2.15398e+07 2.15404e+07 2.15408e+07 2.15411e+07 2.15414e+07 2.15416e+07 2.15418e+07 2.15419e+07 2.1542e+07 2.15421e+07 2.15422e+07 2.15422e+07 2.15423e+07 2.15423e+07 2.15423e+07 2.15423e+07 2.15424e+07 2.15424e+07 2.15424e+07 2.15424e+07 2.15424e+07 2.15424e+07 2.15424e+07 2.15424e+07 2.15424e+07 2.15424e+07 2.15424e+07 2.15424e+07 2.15424e+07 2.15424e+07 2.15424e+07 2.15424e+07 2.15424e+07 2.15424e+07 2.15424e+07 2.15424e+07 2.15424e+07 2.15424e+07 2.15424e+07 2.15424e+07 2.15424e+07 2.15424e+07 2.15424e+07 2.15424e+07 2.15424e+07 2.15424e+07 2.15424e+07 2.15424e+07 2.15424e+07 2.15424e+07 2.15424e+07 2.15424e+07 2.15424e+07 2.15424e+07 2.15424e+07 2.15424e+07 2.15424e+07 2.15424e+07 2.15424e+07 2.15424e+07 2.15424e+07 2.15424e+07 2.15424e+07 2.15424e+07 2.15424e+07 0 0 0 0 0 0 0 0 0 0 0 0 0 0 0 0 0 0 0 0 0 0 0 0 0
#obs cpue bio
 3.80217e+06 3.82108e+06 2.13025e+06 3.77805e+06 2.75041e+06 2.41281e+06 1.71527e+06 1.20837e+06 2.38186e+06 1.30376e+06 1.23466e+06 1.44849e+06 1.3839e+06 1.03951e+06 1.03249e+06 787274 547943 618240 558369 605364 466534 591614 463823 639810 656478 567368 533270 438312 479768 511291 643407 499583 580748 961684 630432 449769 723824 549905 554969 465343 479209 655173 574661 339481 526067 513108 400953 562926 847315 457121 594009 474436 552888 653611 736915 720075 380499 780928 573351 508052 664531 606230 548017 695627 678422 536813 629157 439360 762662
#pred surv len freq
 0.00511565 0.00827908 0.0124101 0.0174721 0.0233334 0.0296924 0.0360459 0.0418067 0.0465225 0.0500288 0.0524286 0.0539612 0.0548788 0.0553811 0.0555903 0.0555463 0.0552189 0.054526 0.0533348 0.0514375 0.0485374 0.0443134 0.0385979 0.031592 0.0239491
 0.00531395 0.00850144 0.0125653 0.0174282 0.0229703 0.0289757 0.0350752 0.0407938 0.0457014 0.0495479 0.0522912 0.0540459 0.055019 0.0554534 0.0555679 0.0555016 0.0552797 0.0548067 0.0538732 0.0521677 0.0493145 0.0449778 0.0390441 0.031803 0.0239812
 0.00561481 0.00897385 0.0132377 0.0182958 0.0239748 0.0299883 0.0359044 0.0412364 0.0456302 0.048985 0.0514095 0.0530839 0.0541637 0.0547711 0.0550224 0.0550299 0.054862 0.0544825 0.0537025 0.0521731 0.0494502 0.0451482 0.0391554 0.031809 0.0238954
 0.00585078 0.00936481 0.0138394 0.0191635 0.0251484 0.0314675 0.0376184 0.0430263 0.0472614 0.0501994 0.052005 0.0529883 0.0534608 0.0536571 0.053716 0.0536943 0.0535837 0.0533008 0.0526455 0.0512664 0.0487012 0.044535 0.038639 0.0313597 0.0235075
 0.0061114 0.00977894 0.0144464 0.0199977 0.026238 0.03283 0.0392487 0.0448802 0.0492399 0.0521409 0.0536943 0.0541929 0.0539925 0.0534359 0.0527999 0.0522534 0.051833 0.0514348 0.0508063 0.0495456 0.0471539 0.0431908 0.0375092 0.0304445 0.0228011
 0.00643745 0.0102898 0.0151798 0.0209771 0.027471 0.0343058 0.0409346 0.04672 0.0511584 0.0540488 0.0554856 0.0557352 0.0551247 0.0539907 0.0526515 0.0513684 0.050293 0.0494142 0.0485202 0.0471984 0.0449103 0.0411696 0.0357878 0.0290631 0.0217646
 0.00677569 0.0108311 0.015978 0.0220754 0.0288927 0.0360413 0.0429287 0.0488708 0.053335 0.0561202 0.0573423 0.057291 0.0563016 0.0547001 0.0527913 0.0508452 0.0490634 0.0475222 0.0461072 0.0444776 0.0421221 0.0385368 0.0334843 0.0271965 0.0203694
 0.00709272 0.0113423 0.01674 0.0231388 0.0302939 0.0377885 0.0449855 0.0511481 0.0556994 0.0584165 0.0594197 0.0590233 0.0575948 0.0554873 0.0530179 0.050458 0.0480161 0.0458033 0.0437752 0.0416829 0.0390954 0.0355475 0.0307833 0.0249639 0.0186857
 0.00742368 0.0118621 0.0174893 0.024146 0.0315742 0.0393413 0.0467874 0.0531461 0.0578096 0.060531 0.0614166 0.0607781 0.0589918 0.056429 0.0534289 0.0502818 0.0472117 0.0443518 0.0417029 0.0390903 0.0361721 0.0325534 0.0279945 0.0226058 0.0168804
 0.0077097 0.0123255 0.018183 0.0251169 0.0328525 0.0409257 0.0486317 0.0551581 0.0598697 0.0625185 0.0632296 0.0623357 0.0602258 0.0572745 0.0538213 0.0501597 0.0465231 0.0430647 0.0398241 0.0366904 0.0334061 0.0296554 0.0252365 0.020229 0.0150328
 0.00795713 0.0127305 0.0187979 0.025993 0.0340309 0.0424222 0.0504194 0.0571593 0.061963 0.0645605 0.065081 0.063882 0.0613871 0.0580034 0.054091 0.049949 0.0458081 0.0418237 0.0380564 0.0344451 0.0308076 0.0269073 0.0225894 0.017919 0.013216
 0.00811088 0.012986 0.0191937 0.0265707 0.0348301 0.04347 0.0517184 0.0586783 0.0636367 0.0662957 0.0667666 0.0654011 0.0626312 0.0588852 0.054551 0.0499527 0.0453374 0.0408701 0.0366267 0.0325811 0.0286101 0.0245459 0.0202815 0.0158778 0.0115912
 0.00827789 0.0132567 0.0195999 0.0271425 0.0355916 0.0444326 0.0528717 0.0599867 0.0650422 0.0677269 0.068146 0.0666504 0.0636734 0.0596481 0.0549728 0.0499862 0.0449523 0.0400537 0.0353871 0.0309587 0.0266935 0.02248 0.0182527 0.0140723 0.0101441
 0.00849463 0.0136032 0.0201103 0.0278443 0.0365001 0.0455428 0.0541501 0.0613688 0.0664422 0.0690545 0.0693225 0.0676163 0.0643877 0.060083 0.0551073 0.049802 0.044433 0.0391889 0.0341813 0.0294444 0.0249454 0.0206206 0.0164394 0.0124632 0.00885412
 0.0085988 0.0137818 0.0203964 0.0282748 0.0371082 0.0463457 0.0551367 0.0624949 0.0676364 0.0702324 0.0704016 0.0685263 0.0650767 0.0605184 0.0552719 0.049688 0.0440359 0.0385061 0.0332179 0.0282254 0.0235296 0.0191069 0.0149567 0.0111419 0.00779058
 0.00888056 0.0142118 0.0209918 0.0290345 0.0380167 0.0473781 0.05626 0.0636646 0.0687942 0.0713086 0.071323 0.0692275 0.0655104 0.0606612 0.0551242 0.049267 0.0433662 0.0376123 0.0321247 0.0269651 0.0221542 0.0176959 0.0136114 0.00996365 0.00685253
 0.00906896 0.0145173 0.0214488 0.029671 0.038845 0.0483824 0.0573876 0.0648298 0.0698986 0.0722671 0.0720805 0.0697579 0.0658045 0.0607166 0.0549419 0.048854 0.0427374 0.0367903 0.0311385 0.0258518 0.0209641 0.0164967 0.0124838 0.00898604 0.00607943
 0.00917163 0.0146813 0.0216911 0.0300075 0.0392898 0.0489453 0.0580682 0.0656101 0.0707377 0.0731035 0.0728416 0.0703759 0.0662303 0.0609259 0.0549314 0.0486327 0.0423204 0.0361966 0.0303927 0.0249879 0.0200287 0.01555 0.0115935 0.00821521 0.00547094
 0.00929639 0.0148532 0.0218934 0.0302077 0.0394523 0.0490502 0.0581254 0.0656596 0.0708348 0.0732955 0.073149 0.0707824 0.0666873 0.0613665 0.0552884 0.0488532 0.0423725 0.0360696 0.030094 0.0245416 0.0194748 0.0149421 0.0109927 0.00767864 0.00503878
 0.00947038 0.0151054 0.0222149 0.0305676 0.0398023 0.0493362 0.0583001 0.0656953 0.0707352 0.0731013 0.0729311 0.0706202 0.0666392 0.061448 0.0554687 0.0490694 0.042553 0.0361548 0.0300492 0.0243603 0.019177 0.0145682 0.0105945 0.00730677 0.00473088
 0.00956194 0.015255 0.02244 0.0308806 0.0402033 0.0498028 0.0587818 0.0661188 0.0710235 0.0732017 0.0728357 0.0703709 0.066313 0.06113 0.0552227 0.0489191 0.0424797 0.0361117 0.0299835 0.0242338 0.0189772 0.0143095 0.0103095 0.00703368 0.00450078
 0.0095655 0.0152756 0.0224986 0.0310062 0.040426 0.0501417 0.0592327 0.0666473 0.0715672 0.0736816 0.0731746 0.0705145 0.066248 0.0608891 0.0548737 0.0485394 0.0421293 0.0358164 0.0297361 0.0240089 0.018751 0.0140731 0.0100717 0.00681392 0.00431806
 0.00955132 0.0152563 0.0224776 0.0309916 0.0404322 0.0501895 0.0593468 0.0668494 0.0718658 0.0740605 0.0735893 0.0708991 0.0665332 0.061025 0.0548459 0.0483728 0.041875 0.0355302 0.0294583 0.0237567 0.0185235 0.0138642 0.00988004 0.00664519 0.00418054
 0.00947973 0.0151416 0.0223086 0.0307613 0.0401413 0.0498523 0.0589955 0.066534 0.071645 0.0739871 0.0736929 0.0711746 0.0669383 0.0614896 0.055292 0.0487375 0.0421265 0.0356701 0.0295105 0.0237504 0.0184819 0.0138017 0.00980638 0.00656942 0.00411173
 0.00960059 0.015313 0.0225197 0.0309849 0.0403399 0.0499891 0.0590446 0.0664865 0.0715115 0.0737961 0.0734868 0.0710002 0.066833 0.0614686 0.0553428 0.0488249 0.0422082 0.0357132 0.0295015 0.023695 0.0183965 0.0137042 0.00971072 0.00648487 0.00404352
 0.00958012 0.0152805 0.0224719 0.0309178 0.0402482 0.0498655 0.0588817 0.0662807 0.0712684 0.0735354 0.073242 0.0708125 0.0667411 0.061497 0.0554934 0.0490748 0.0425148 0.0360261 0.0297769 0.0239063 0.0185369 0.0137824 0.00974311 0.00648886 0.00403359
 0.00964794 0.0153792 0.0225988 0.0310625 0.0403947 0.0499959 0.058979 0.0663296 0.0712556 0.0734521 0.0730878 0.0706008 0.0665004 0.0612666 0.0553132 0.0489724 0.042497 0.0360774 0.0298671 0.0240023 0.0186143 0.0138301 0.00976272 0.00648877 0.00402367
 0.00963483 0.015378 0.0226329 0.0311637 0.0405914 0.0502966 0.05936 0.0667362 0.071618 0.0737074 0.0731975 0.0705557 0.0663175 0.0609824 0.054976 0.0486337 0.0422 0.0358484 0.0297111 0.0239068 0.0185583 0.0137941 0.00973436 0.00646354 0.00400174
 0.00955279 0.0152563 0.0224732 0.0309786 0.0404059 0.0501468 0.0592875 0.0667772 0.0717881 0.0739889 0.0735386 0.0708864 0.0665734 0.0611253 0.0550013 0.0485653 0.0420781 0.0357143 0.0295956 0.0238245 0.0185085 0.0137673 0.00971962 0.00645332 0.00399296
 0.00948123 0.0151353 0.0222833 0.0307017 0.0400328 0.0496879 0.058782 0.0662924 0.0714058 0.0737818 0.0735475 0.071106 0.0669543 0.0615898 0.0554684 0.0489739 0.0423985 0.0359474 0.0297606 0.0239445 0.0186007 0.01384 0.00977508 0.00649214 0.00401706
 0.00941278 0.0150289 0.0221317 0.0305 0.0397774 0.0493763 0.0584158 0.0658834 0.0709826 0.0733922 0.0732525 0.070964 0.067001 0.061823 0.0558464 0.0494288 0.0428595 0.0363605 0.0300985 0.0242042 0.0187929 0.0139789 0.0098727 0.00655776 0.00405819
 0.00924414 0.0147738 0.0217836 0.0300659 0.0392765 0.048836 0.0578685 0.0653642 0.0705258 0.0730281 0.0730058 0.0708564 0.0670515 0.0620431 0.0562303 0.0499458 0.0434554 0.0369701 0.0306629 0.0246839 0.019172 0.0142602 0.0100698 0.00668782 0.0041385
 0.00895983 0.0143478 0.0212102 0.029365 0.0384891 0.048016 0.0570753 0.064658 0.0699614 0.0726463 0.0728268 0.0708796 0.0672621 0.0624201 0.0567507 0.0505827 0.0441725 0.0377195 0.03139 0.025338 0.0197176 0.0146826 0.0103737 0.00689091 0.00426423
 0.00877855 0.0140617 0.0207971 0.0288133 0.0378039 0.0472257 0.0562365 0.0638507 0.0692724 0.072146 0.0725532 0.070836 0.067427 0.0627603 0.0572312 0.0511706 0.0448357 0.0384225 0.0320917 0.0259945 0.0202896 0.0151445 0.0107178 0.00712696 0.00441284
 0.00874766 0.0139885 0.0206445 0.0285337 0.0373514 0.0465769 0.0554091 0.0629095 0.0683177 0.0712907 0.0718978 0.0704489 0.0673352 0.0629503 0.0576595 0.0517778 0.0455596 0.0392046 0.0328787 0.0267376 0.020947 0.0156863 0.0111311 0.00741694 0.00459901
 0.00946235 0.0150015 0.021892 0.0298578 0.0385394 0.0474264 0.0557851 0.0627677 0.0676969 0.0702923 0.0706635 0.0691382 0.0660989 0.0619067 0.0568784 0.051279 0.0453221 0.0391819 0.0330122 0.0269671 0.0212168 0.0159504 0.0113573 0.00758937 0.00471666
 0.010139 0.0160596 0.023398 0.0318245 0.040899 0.050005 0.0582939 0.064842 0.0689905 0.0705912 0.0699557 0.0676017 0.0640257 0.0596105 0.0546267 0.0492605 0.0436419 0.0378739 0.0320582 0.0263171 0.0208064 0.0157133 0.0112347 0.00753439 0.00469663
 0.0100917 0.0160896 0.0236397 0.0324655 0.0421269 0.0519225 0.0608413 0.0677703 0.0719052 0.0730474 0.0715686 0.0681392 0.0634589 0.0581068 0.0524882 0.0468338 0.0412361 0.0357103 0.0302587 0.0249181 0.0197846 0.0150113 0.0107817 0.00726082 0.00454271
 0.00968397 0.0154781 0.0228227 0.0314961 0.041125 0.0510771 0.0603926 0.067957 0.0728756 0.0747698 0.073797 0.0704682 0.0654495 0.0594239 0.0529902 0.0465834 0.0404431 0.0346416 0.0291553 0.0239464 0.0190248 0.0144742 0.0104354 0.00705662 0.00443254
 0.00946637 0.0151185 0.0222732 0.0307151 0.0400957 0.0498345 0.0590498 0.066711 0.0719791 0.0744673 0.074244 0.0716615 0.0672017 0.0614042 0.0548239 0.0479716 0.041246 0.0348922 0.0290077 0.0235942 0.0186322 0.0141416 0.0102001 0.0069128 0.00435577
 0.00940012 0.0150052 0.0220909 0.0304362 0.039689 0.0492717 0.0583178 0.0658296 0.0710185 0.0735571 0.0735606 0.0713874 0.0674614 0.0622029 0.0560237 0.0493266 0.0424865 0.0358184 0.0295457 0.0237912 0.0186051 0.0140144 0.0100619 0.00680712 0.00429079
 0.00945 0.0150623 0.0221321 0.0304241 0.0395798 0.0490288 0.0579231 0.0652881 0.0703562 0.0728202 0.0728194 0.0707412 0.0670313 0.0621026 0.0563139 0.049975 0.0433631 0.0367369 0.0303325 0.0243451 0.0189158 0.0141383 0.0100782 0.00678136 0.00426083
 0.00950432 0.0151441 0.0222418 0.0305541 0.0397119 0.0491325 0.0579571 0.0652079 0.0701273 0.0724329 0.0722975 0.0701422 0.066439 0.0616158 0.0560274 0.0499532 0.0436118 0.0371916 0.0308771 0.0248556 0.0193063 0.0143821 0.0101984 0.0068229 0.00426518
 0.00962965 0.0153381 0.0225149 0.0309079 0.0401371 0.0496058 0.0584389 0.0656413 0.0704449 0.07257 0.0722093 0.0698179 0.0659106 0.0609561 0.0553384 0.0493435 0.0431691 0.0369567 0.0308325 0.0249375 0.0194345 0.0144936 0.0102643 0.00684558 0.00426185
 0.00967481 0.0154086 0.0226156 0.031042 0.0403056 0.0498079 0.05867 0.0658906 0.0706932 0.0727883 0.0723608 0.0698643 0.0658226 0.0607265 0.0549913 0.0489343 0.0427717 0.0366403 0.0306383 0.0248659 0.0194515 0.014551 0.0103222 0.00688386 0.00427891
 0.00973076 0.0154996 0.0227524 0.0312335 0.0405564 0.0501138 0.0590151 0.0662478 0.0710291 0.0730704 0.0725624 0.0699648 0.0658066 0.0605847 0.0547261 0.0485669 0.0423446 0.0362111 0.0302636 0.0245835 0.01927 0.014453 0.0102779 0.00686585 0.00427013
 0.00967762 0.0154278 0.0226716 0.0311627 0.0405198 0.050134 0.0591059 0.0664106 0.0712524 0.0733323 0.0728338 0.0702141 0.0660036 0.0607045 0.0547521 0.0484943 0.0421842 0.0359906 0.0300227 0.0243627 0.0190979 0.0143389 0.0102137 0.00683521 0.00425724
 0.00952288 0.0152017 0.0223793 0.0308273 0.0401782 0.0498288 0.0588777 0.0662923 0.0712644 0.0734778 0.0730958 0.070558 0.0663843 0.061075 0.0550716 0.0487336 0.0423295 0.0360451 0.0300057 0.0243038 0.0190276 0.0142794 0.0101748 0.00681549 0.00425
 0.00945798 0.0150936 0.0222129 0.0305902 0.0398669 0.0494573 0.0584832 0.0659314 0.070999 0.0733559 0.0731377 0.0707526 0.0666961 0.0614553 0.0554684 0.0491006 0.0426322 0.0362649 0.0301413 0.024369 0.0190453 0.0142733 0.0101627 0.0068064 0.00424594
 0.00949853 0.0151524 0.0222877 0.0306719 0.0399403 0.0495025 0.0584792 0.0658632 0.070866 0.073177 0.0729497 0.0705993 0.0666123 0.0614548 0.0555416 0.0492202 0.0427638 0.0363778 0.030216 0.0244004 0.0190408 0.0142478 0.010131 0.00677895 0.00422695
 0.00947775 0.0151119 0.0222145 0.0305509 0.0397589 0.0492571 0.0581811 0.065538 0.0705466 0.0728961 0.0727343 0.0704706 0.0665861 0.0615396 0.0557336 0.0494995 0.0430956 0.0367201 0.0305299 0.024659 0.0192333 0.0143778 0.0102113 0.00682494 0.00425175
 0.00945517 0.0150841 0.0221883 0.0305361 0.0397625 0.0492767 0.0582007 0.065532 0.0704911 0.0727806 0.0725682 0.0702799 0.0664051 0.0614013 0.0556629 0.0495083 0.0431806 0.0368628 0.0307017 0.0248295 0.019379 0.014487 0.0102838 0.00686786 0.00427466
 0.00949274 0.0151602 0.0223301 0.0307763 0.0401293 0.0497779 0.0588094 0.0661836 0.0710946 0.0732413 0.0728121 0.0702717 0.0661558 0.0609628 0.0551126 0.0489287 0.0426407 0.0364067 0.0303461 0.0245691 0.0191959 0.0143606 0.0101969 0.0068088 0.00423593
 0.0089989 0.0143867 0.0212248 0.0293221 0.0383604 0.0477973 0.0567989 0.0643856 0.0697578 0.0725483 0.0728261 0.0709291 0.0673012 0.0624043 0.056671 0.0504679 0.0440755 0.0376934 0.0314659 0.0255145 0.0199644 0.0149551 0.0106296 0.00710196 0.00441918
 0.00921837 0.0146723 0.021522 0.0295326 0.038365 0.047496 0.0561492 0.0634237 0.0685964 0.0713543 0.0717843 0.0701977 0.0669715 0.0624811 0.057082 0.0510978 0.0448053 0.0384285 0.032146 0.0261077 0.020457 0.0153439 0.0109186 0.00730191 0.00454662
 0.00956231 0.0152277 0.0223446 0.0306556 0.0397722 0.049091 0.0577393 0.0647443 0.0693846 0.0714417 0.07116 0.0690084 0.065464 0.0609195 0.055677 0.0499681 0.0439781 0.0378675 0.0317876 0.0258892 0.0203298 0.0152744 0.0108842 0.00728722 0.00454168
 0.00951642 0.0152008 0.0223936 0.0308654 0.0402373 0.0498804 0.0588591 0.0661132 0.0708327 0.0727376 0.0720651 0.0693455 0.0651768 0.0600926 0.0545033 0.0486792 0.0427721 0.0368657 0.0310293 0.0253558 0.0199752 0.0150494 0.0107474 0.00720793 0.00449821
 0.00946434 0.0151012 0.0222199 0.0305949 0.0398699 0.0494629 0.0584963 0.0659487 0.0709969 0.0732841 0.0729294 0.0703534 0.0661005 0.060731 0.0547498 0.0485486 0.0423767 0.0363576 0.0305414 0.0249669 0.0197078 0.0148878 0.010661 0.00716724 0.00448162
 0.00913826 0.014571 0.0214234 0.0294788 0.038407 0.0476783 0.0564946 0.0639252 0.0692154 0.0720231 0.0724108 0.0706754 0.0672001 0.0623951 0.0566788 0.0504492 0.044042 0.0377006 0.0315752 0.0257545 0.0203145 0.0153575 0.0110168 0.00742285 0.00465184
 0.00936116 0.0149012 0.0218575 0.0299839 0.0389188 0.0481043 0.0567247 0.0638535 0.0687773 0.0712346 0.0713882 0.0696162 0.0663239 0.0618683 0.0565578 0.0506692 0.0444584 0.0381572 0.0319631 0.0260331 0.0204961 0.0154748 0.0110979 0.00748283 0.00469592
 0.00950681 0.0151515 0.0222568 0.0305758 0.039728 0.0491107 0.0578423 0.0649303 0.069625 0.0716801 0.0713269 0.0690482 0.0653605 0.0607035 0.0554095 0.0497115 0.0437736 0.0377312 0.031721 0.0258904 0.0203947 0.015391 0.01103 0.00743414 0.00466624
 0.0093889 0.0149674 0.021997 0.0302441 0.0393495 0.0487387 0.0575558 0.0648151 0.0697379 0.0720132 0.071796 0.0695187 0.0657013 0.0608413 0.0553559 0.049549 0.0436101 0.0376489 0.0317466 0.0259994 0.020539 0.0155281 0.0111373 0.00750801 0.00471269
 0.00945826 0.0150841 0.0221784 0.0305052 0.039696 0.0491581 0.0580143 0.0652653 0.0701364 0.0723359 0.0720376 0.0696756 0.0657536 0.0607529 0.0550963 0.0491227 0.0430698 0.0370799 0.0312335 0.0255954 0.0202557 0.0153467 0.0110279 0.00744414 0.00467631
 0.00936085 0.0149451 0.0220059 0.0303214 0.0395336 0.049053 0.0579972 0.0653538 0.0703296 0.0726134 0.072365 0.070014 0.0660674 0.0610101 0.055267 0.049182 0.0430088 0.036917 0.0310123 0.0253689 0.0200655 0.0152113 0.0109444 0.00739861 0.00465388
 0.00918733 0.0146478 0.0215331 0.0296231 0.0385825 0.0478727 0.0566837 0.0640698 0.0692662 0.0719341 0.0721598 0.0702841 0.0667382 0.0619608 0.0563611 0.0502918 0.0440327 0.0377894 0.0317078 0.025896 0.0204531 0.0154925 0.0111462 0.00753945 0.00474699
 0.00959502 0.0152676 0.022382 0.030678 0.0397742 0.0490858 0.0577643 0.0648517 0.0696169 0.0718042 0.0716055 0.0694451 0.0657838 0.0610349 0.0555506 0.0496239 0.0434918 0.0373415 0.0313211 0.0255536 0.020154 0.0152449 0.010957 0.00740797 0.00466452
 0.00972749 0.0155251 0.0228451 0.0314404 0.0409113 0.0506075 0.0595744 0.0667443 0.071319 0.0730503 0.0722105 0.069349 0.0650574 0.0598478 0.0541156 0.0481381 0.0420967 0.0361123 0.0302804 0.0246952 0.0194634 0.0147079 0.0105596 0.0071328 0.00448861
 0.0091773 0.014733 0.0218468 0.0303457 0.0398877 0.0498444 0.0592425 0.0669574 0.0720991 0.0743034 0.0737319 0.0708719 0.06633 0.0607064 0.0545186 0.0481531 0.0418519 0.0357419 0.0298868 0.0243372 0.0191644 0.0144719 0.0103825 0.00700769 0.00440667
 0.00826722 0.0133273 0.0198756 0.027811 0.0368825 0.0465691 0.0560132 0.0641787 0.070184 0.0735587 0.0742638 0.0725547 0.0688489 0.0636497 0.057486 0.0508425 0.0441011 0.0375176 0.0312391 0.0253471 0.0199082 0.015008 0.010755 0.00725301 0.0045577
#obs surv len freq
 nan nan nan nan nan nan nan nan nan nan nan nan nan nan nan nan nan nan nan nan nan nan nan nan nan
 0.00448271 0.00734309 0.0111721 0.0159875 0.0216876 0.0279628 0.0342768 0.0400084 0.0446887 0.0481535 0.0505126 0.0520097 0.0529032 0.0534167 0.0537319 0.0539875 0.0542665 0.0545596 0.0546986 0.0542906 0.0527286 0.0493604 0.0438098 0.0362892 0.0276721
 0.00461081 0.00755378 0.0114933 0.0164459 0.0223017 0.028733 0.0351757 0.0409777 0.0456476 0.049015 0.0511998 0.0524674 0.0531032 0.0533581 0.0534366 0.0534926 0.0536154 0.0537946 0.0538587 0.0534126 0.051851 0.0485263 0.0430634 0.0356683 0.0271976
 0.00477514 0.00782094 0.0118956 0.0170136 0.0230578 0.0296843 0.0363023 0.0422279 0.0469416 0.0502564 0.0522895 0.0533161 0.0536414 0.0535443 0.0532612 0.0529762 0.0528019 0.0527428 0.0526341 0.0520847 0.0504943 0.0472201 0.0418866 0.0346858 0.0264453
 0.00496138 0.00812745 0.0123637 0.0176839 0.0239617 0.0308315 0.0376676 0.0437472 0.0485215 0.0517909 0.0536755 0.0544607 0.0544648 0.0539827 0.0532726 0.0525462 0.0519479 0.0515123 0.0511011 0.0503455 0.0486634 0.0454237 0.0402494 0.0333098 0.0253877
 0.00517939 0.0084823 0.0128988 0.0184405 0.024972 0.0321068 0.0391856 0.0454461 0.0503062 0.053549 0.0552937 0.0558359 0.055509 0.0546242 0.0534567 0.0522377 0.051136 0.050218 0.0493841 0.0483076 0.0464463 0.0431977 0.0381893 0.0315613 0.0240357
 0.00539938 0.0088454 0.0134553 0.0192405 0.0260556 0.033488 0.0408373 0.0472951 0.0522446 0.0554561 0.0570542 0.0573489 0.0566891 0.0553994 0.0537673 0.0520369 0.0503945 0.0489329 0.0475925 0.0460999 0.0439724 0.0406564 0.0357973 0.0295067 0.0224342
 0.0056453 0.00924516 0.0140572 0.0200905 0.0271893 0.0349189 0.0425421 0.0492071 0.0542606 0.0574539 0.0589112 0.058955 0.0579529 0.0562485 0.0541445 0.0518967 0.049702 0.0476719 0.0457812 0.0438121 0.0413522 0.0379142 0.0331764 0.0272286 0.0206426
 0.00589505 0.00965546 0.0146825 0.0209836 0.0283908 0.0364401 0.0443491 0.0512162 0.0563525 0.059498 0.0607868 0.0605611 0.0592081 0.0570877 0.0545152 0.0517558 0.0490149 0.0464177 0.0439674 0.0414981 0.0386707 0.0350735 0.0304304 0.024818 0.0187313
 0.00613513 0.0100503 0.0152853 0.0218472 0.0295578 0.037927 0.0461293 0.0532133 0.0584497 0.0615599 0.0626823 0.0621783 0.0604606 0.0579134 0.0548706 0.0516083 0.0483381 0.0451933 0.0421991 0.0392355 0.0360334 0.0322586 0.0276876 0.0223918 0.0167943
 0.00636356 0.0104266 0.0158609 0.0226734 0.0306761 0.0393534 0.0478384 0.0551321 0.0604676 0.0635492 0.064518 0.0637509 0.0616817 0.0587171 0.0552118 0.0514578 0.0476765 0.0440103 0.0405022 0.0370706 0.0335092 0.0295572 0.0250443 0.0200421 0.014909
 0.00662568 0.0108492 0.0164904 0.0235508 0.0318301 0.0407887 0.0495228 0.0569919 0.0623961 0.0654256 0.0662262 0.0651914 0.0627759 0.0594078 0.0554606 0.0512406 0.0469795 0.0428291 0.0388493 0.0349919 0.0311057 0.0269958 0.022541 0.0178151 0.0131187
 0.00682893 0.011192 0.0170286 0.0243427 0.032922 0.0421938 0.0512021 0.0588508 0.0643032 0.0672431 0.0678359 0.0665053 0.0637344 0.0599729 0.0556093 0.0509599 0.0462631 0.0416778 0.0372785 0.0330465 0.0288784 0.0246365 0.0202431 0.0157736 0.0114776
 0.00705822 0.0115637 0.0175865 0.0251279 0.0339666 0.0435097 0.0527667 0.0605984 0.0661282 0.0690157 0.0694233 0.0677923 0.0646388 0.0604505 0.0556488 0.0505708 0.0454635 0.0404889 0.0357283 0.0311837 0.0267896 0.0224555 0.018139 0.0139159 0.00998972
 0.00726958 0.011911 0.0181157 0.0258827 0.0349784 0.0447824 0.054263 0.0622374 0.0678 0.0706037 0.0708232 0.0689193 0.065428 0.0608572 0.0556502 0.0501662 0.0446705 0.0393375 0.0342587 0.0294529 0.0248824 0.0204916 0.0162643 0.0122732 0.00868087
 0.00745048 0.0122086 0.0185699 0.0265328 0.0358548 0.0458942 0.0555843 0.063702 0.0693096 0.0720469 0.0720945 0.0699336 0.0661255 0.0612034 0.0556317 0.0497854 0.0439427 0.0382893 0.0329303 0.0279019 0.0231909 0.0187681 0.0146345 0.0108561 0.00755862
 0.00753321 0.0123471 0.0187863 0.026852 0.0363014 0.0464865 0.0563274 0.0645822 0.0702927 0.0730805 0.0731126 0.0708624 0.0668922 0.0617443 0.0558995 0.0497525 0.0436009 0.0376484 0.0320184 0.0267681 0.0219085 0.0174338 0.0133582 0.0097395 0.00667151
 0.00757873 0.0124156 0.0188801 0.0269715 0.0364488 0.0466693 0.0565604 0.0648855 0.0706856 0.0735733 0.0736983 0.0715127 0.0675577 0.0623602 0.0563954 0.0500639 0.0436788 0.0374668 0.0315777 0.0260976 0.0210662 0.0165028 0.0124344 0.00891306 0.00600575
 0.0076304 0.0124899 0.0189739 0.0270757 0.0365508 0.0467579 0.056631 0.0649435 0.070748 0.0736669 0.0738538 0.0717541 0.0678912 0.0627661 0.0568273 0.0504568 0.0439627 0.0375819 0.0314878 0.0257986 0.0205892 0.0159096 0.011805 0.00832668 0.00552118
 0.00773366 0.0126479 0.0191927 0.0273523 0.0368721 0.0471001 0.0569608 0.0652227 0.0709433 0.0737621 0.0738581 0.0717003 0.0678241 0.0627266 0.0568366 0.050508 0.0440216 0.0375979 0.031411 0.0255973 0.020262 0.0154877 0.0113433 0.00788645 0.00515146
 0.00778724 0.0127372 0.0193304 0.0275502 0.0371365 0.0474259 0.0573261 0.0655893 0.0712649 0.0739964 0.0739791 0.0717053 0.0677335 0.0625774 0.0566712 0.0503594 0.0439021 0.0374954 0.031295 0.0254345 0.020033 0.0151973 0.0110201 0.00757125 0.00488134
 0.00782683 0.0127978 0.0194152 0.0276606 0.0372734 0.0475907 0.0575199 0.0658099 0.0715024 0.0742311 0.0741829 0.0718488 0.0677959 0.0625543 0.0565767 0.0502205 0.0437475 0.0373431 0.0311466 0.025278 0.0198535 0.0149896 0.0107947 0.00735058 0.00468961
 0.0078414 0.012817 0.0194357 0.027677 0.0372801 0.047585 0.0575051 0.0657964 0.0715053 0.0742655 0.0742575 0.0719609 0.0679296 0.062685 0.0566804 0.0502824 0.0437659 0.0373256 0.0311024 0.0252113 0.0197637 0.0148766 0.0106646 0.00721696 0.00456868
 0.00786366 0.0128491 0.0194762 0.0277215 0.0373215 0.0476153 0.057517 0.0657858 0.0714737 0.0742214 0.0742164 0.0719396 0.0679406 0.0627305 0.0567502 0.0503584 0.0438294 0.0373637 0.0311103 0.0251898 0.0197163 0.0148081 0.0105822 0.00713042 0.00448902
 0.00787826 0.0128701 0.0195028 0.0277508 0.037349 0.0476357 0.0575254 0.0657779 0.0714476 0.0741787 0.0741629 0.0718861 0.0679003 0.0627152 0.0567659 0.0504023 0.0438901 0.0374256 0.0311587 0.0252152 0.0197156 0.0147838 0.0105407 0.00708084 0.00444037
 0.00790145 0.0129046 0.0195486 0.0278055 0.037408 0.0476929 0.0575739 0.0658109 0.0714592 0.0741658 0.0741263 0.0718308 0.0678352 0.0626517 0.0567152 0.0503725 0.0438832 0.0374367 0.0311777 0.025231 0.0197198 0.0147732 0.0105173 0.00705001 0.00440877
 0.00791862 0.0129287 0.0195779 0.0278356 0.0374336 0.0477091 0.0575777 0.0658019 0.071439 0.0741373 0.0740925 0.0717949 0.0678 0.0626204 0.0566915 0.0503602 0.0438851 0.0374525 0.0312033 0.0252592 0.0197427 0.0147854 0.0105174 0.00704078 0.00439481
 0.00789883 0.0128993 0.0195385 0.0277876 0.0373792 0.0476505 0.0575166 0.0657403 0.0713801 0.0740858 0.0740545 0.0717755 0.0678023 0.0626439 0.056733 0.0504152 0.0439493 0.037522 0.031274 0.0253259 0.0198001 0.0148289 0.0105454 0.00705472 0.00439864
 0.0078725 0.0128522 0.0194602 0.0276673 0.0372094 0.0474334 0.0572683 0.0654891 0.0711595 0.0739242 0.0739683 0.0717675 0.0678647 0.0627632 0.0568933 0.0506003 0.0441441 0.0377139 0.0314528 0.0254841 0.0199322 0.0149319 0.0106192 0.00710249 0.00442602
 0.00785125 0.0128157 0.0194016 0.0275782 0.0370819 0.0472619 0.0570534 0.0652407 0.0708979 0.0736782 0.0737698 0.0716439 0.0678322 0.0628226 0.0570316 0.0507961 0.0443731 0.0379532 0.0316835 0.0256921 0.0201082 0.0150712 0.0107216 0.00717169 0.00446851
 0.00785718 0.0128213 0.0194023 0.027567 0.03705 0.0472014 0.0569589 0.0651112 0.0707371 0.0734955 0.0735805 0.071469 0.0676953 0.0627448 0.0570256 0.050862 0.0444993 0.03812 0.0318684 0.0258743 0.0202717 0.0152062 0.0108241 0.00724302 0.00451372
 0.00783013 0.0127778 0.0193378 0.0274775 0.036933 0.047057 0.0567913 0.0649289 0.0705522 0.0733211 0.0734292 0.0713517 0.0676212 0.0627219 0.0570598 0.0509555 0.0446477 0.0383113 0.032084 0.0260929 0.0204735 0.0153767 0.0109564 0.0073369 0.00457449
 0.00781012 0.0127436 0.0192834 0.0273965 0.0368204 0.0469119 0.0566188 0.0647406 0.0703639 0.073149 0.0732865 0.0712477 0.0675614 0.0627091 0.0570953 0.051039 0.0447765 0.0384787 0.0322781 0.0262972 0.0206698 0.0155491 0.0110944 0.00743766 0.00464128
 0.00777022 0.0126786 0.0191854 0.0272586 0.0366383 0.0466867 0.05636 0.0644666 0.0700992 0.0729195 0.073114 0.0711464 0.0675364 0.0627574 0.0572082 0.0512049 0.0449831 0.0387135 0.032528 0.0265472 0.0209042 0.0157534 0.0112587 0.00755869 0.00472246
 0.00772454 0.0126044 0.019074 0.0271023 0.0364323 0.0464322 0.0560668 0.0641541 0.0697938 0.0726496 0.0729048 0.0710165 0.067496 0.0628073 0.0573405 0.0514055 0.0452339 0.0389954 0.0328221 0.0268358 0.0211705 0.0159836 0.0114437 0.00769548 0.00481492
 0.00934178 0.01487 0.021812 0.029924 0.0388492 0.0480352 0.0566692 0.0638189 0.0687526 0.0711834 0.0712567 0.0693589 0.0659364 0.0614071 0.0561307 0.0503961 0.0444207 0.038364 0.032352 0.0265027 0.0209487 0.0158467 0.0113669 0.00765734 0.00479879
 0.00930344 0.0151077 0.0226989 0.0319249 0.0423187 0.0529449 0.0624342 0.069393 0.0730006 0.0733289 0.0711381 0.0673716 0.0627583 0.0577084 0.0524076 0.0469428 0.0413779 0.0357801 0.0302269 0.0248118 0.0196531 0.0148975 0.0107073 0.00722665 0.00453678
 0.00898346 0.0146016 0.0219852 0.0310509 0.041455 0.0524238 0.0627102 0.0708797 0.0758211 0.0771302 0.0751341 0.0706418 0.0646313 0.0579954 0.0513719 0.0450838 0.0391966 0.0336427 0.0283403 0.0232605 0.0184477 0.0140095 0.0100893 0.00682296 0.00429129
 0.00880639 0.0143052 0.0215241 0.0303804 0.0405486 0.0513045 0.061492 0.0697965 0.0752089 0.0773349 0.0763565 0.0727892 0.0672832 0.0605389 0.0532505 0.0460104 0.0392116 0.0330141 0.0274005 0.0222811 0.0175916 0.0133427 0.0096147 0.00651122 0.00410221
 0.00873023 0.0141763 0.0213199 0.0300745 0.0401137 0.0507196 0.0607548 0.068939 0.0743163 0.0765578 0.0759012 0.0728658 0.0680135 0.0618644 0.054909 0.0476205 0.0404278 0.0336607 0.0275065 0.0220156 0.0171587 0.0129024 0.00925419 0.00625615 0.00394158
 0.00869136 0.0141097 0.0212129 0.0299123 0.0398811 0.0504043 0.0603511 0.0684512 0.073761 0.0759706 0.0753456 0.0724411 0.0678442 0.0620618 0.0555109 0.0485445 0.0414792 0.0346046 0.0281654 0.0223321 0.0171908 0.012767 0.00906432 0.00608487 0.00381813
 0.00868736 0.014101 0.0211953 0.0298794 0.0398244 0.050314 0.0602169 0.068264 0.0735152 0.0756669 0.0749964 0.0720765 0.0675178 0.0618485 0.055489 0.048762 0.0419189 0.0351743 0.0287293 0.0227684 0.0174403 0.0128438 0.00902865 0.00600371 0.00373826
 0.00868914 0.0141047 0.0212021 0.0298904 0.0398392 0.050329 0.0602245 0.0682525 0.0734706 0.0755763 0.0748518 0.0718795 0.0672836 0.0616098 0.0552948 0.0486667 0.0419618 0.0353567 0.0290059 0.023063 0.0176797 0.0129885 0.00908128 0.00599484 0.00370365
 0.00867906 0.0140903 0.0211844 0.0298715 0.0398223 0.0503175 0.0602202 0.0682551 0.0734761 0.0755766 0.074836 0.0718361 0.0672054 0.0614991 0.0551677 0.0485527 0.041896 0.0353663 0.0290949 0.0232072 0.0178366 0.0131173 0.00916068 0.00602668 0.00370423
 0.00867104 0.0140778 0.0211665 0.0298483 0.0397946 0.0502876 0.0601921 0.0682333 0.0734646 0.0755769 0.074845 0.0718463 0.0672069 0.0614828 0.0551302 0.0485001 0.0418445 0.0353371 0.0291045 0.0232583 0.0179153 0.0132004 0.00922736 0.0060673 0.00372122
 0.00865494 0.0140534 0.0211331 0.0298065 0.0397463 0.0502356 0.0601401 0.0681859 0.0734272 0.075554 0.0748396 0.0718581 0.0672318 0.0615133 0.0551575 0.0485181 0.0418531 0.0353429 0.0291182 0.0232878 0.0179612 0.0132545 0.0092779 0.00610516 0.00374367
 0.00864429 0.0140346 0.0211024 0.0297599 0.0396811 0.0501526 0.0600452 0.0680897 0.0733422 0.0754914 0.0748065 0.0718564 0.0672587 0.0615626 0.0552206 0.0485855 0.0419172 0.0354 0.0291692 0.0233364 0.0180102 0.0133032 0.00932215 0.00614037 0.00376755
 0.00864376 0.0140335 0.0211 0.0297548 0.0396714 0.0501355 0.0600175 0.0680494 0.0732898 0.0754314 0.0747469 0.0718067 0.0672272 0.0615534 0.0552332 0.0486155 0.0419577 0.0354445 0.0292132 0.0233781 0.0180493 0.0133396 0.00935454 0.00616675 0.00378657
 0.00864408 0.0140342 0.0211014 0.0297572 0.0396749 0.0501395 0.0600205 0.0680487 0.0732822 0.0754142 0.0747189 0.0717701 0.0671871 0.0615171 0.0552075 0.0486046 0.041962 0.0354612 0.0292377 0.0234063 0.018078 0.0133667 0.00937852 0.00618637 0.00380108
 0.00863308 0.0140187 0.0210824 0.0297373 0.0396573 0.050127 0.0600148 0.0680496 0.0732878 0.0754216 0.0747247 0.0717711 0.0671817 0.061506 0.0551939 0.0485931 0.041957 0.035465 0.0292502 0.023425 0.0180999 0.0133887 0.00939839 0.00620264 0.00381316
 0.00863308 0.0140187 0.0210824 0.0297373 0.0396573 0.050127 0.0600148 0.0680496 0.0732878 0.0754216 0.0747247 0.0717711 0.0671817 0.061506 0.0551939 0.0485931 0.041957 0.035465 0.0292502 0.023425 0.0180999 0.0133887 0.00939839 0.00620264 0.00381316
 0.0086329 0.014019 0.0210842 0.0297419 0.0396663 0.0501417 0.0600357 0.068076 0.0733174 0.0754504 0.074748 0.0717843 0.0671814 0.0614914 0.0551671 0.0485586 0.0419207 0.0354327 0.0292259 0.0234104 0.0180941 0.0133896 0.00940299 0.00620853 0.00381862
 0.00879695 0.0142771 0.0214553 0.0302346 0.0402739 0.0508356 0.0607614 0.0687565 0.0738686 0.0758025 0.0748629 0.0716618 0.0668531 0.0610093 0.0545909 0.0479457 0.0413198 0.0348802 0.0287456 0.0230145 0.0177849 0.0131613 0.00924462 0.00610588 0.0037569
 0.00834722 0.0135848 0.020489 0.0289991 0.0388178 0.049257 0.059208 0.0674116 0.0729131 0.0753647 0.0749824 0.0722842 0.0678554 0.0622385 0.0559 0.0492178 0.0424768 0.0358811 0.0295772 0.023681 0.0183 0.0135436 0.00951475 0.00628593 0.00386895
 0.00851733 0.0137993 0.0206973 0.0291165 0.0387489 0.0489338 0.0586228 0.0666261 0.072041 0.0745399 0.0743267 0.0718833 0.0677456 0.0624039 0.0562821 0.0497338 0.0430421 0.0364265 0.0300581 0.0240767 0.0186076 0.0137707 0.00967409 0.00639151 0.00393448
 0.008839 0.0143376 0.0215287 0.0303027 0.0402999 0.0507632 0.0605218 0.0682919 0.0731659 0.074921 0.0739351 0.0708573 0.0663232 0.0608381 0.0547767 0.0484148 0.0419596 0.0355757 0.029406 0.0235839 0.0182404 0.0135035 0.00948729 0.00626812 0.00385856
 0.00877379 0.0142691 0.0214976 0.0303763 0.0405621 0.0512914 0.0613562 0.0694053 0.0744453 0.0761737 0.0749308 0.0713993 0.0663175 0.0603246 0.0539043 0.0473778 0.0409323 0.0346732 0.0286776 0.0230305 0.0178377 0.0132206 0.00929562 0.00614419 0.00378313
 0.00868534 0.0141157 0.0212521 0.0300171 0.0400899 0.05075 0.0608455 0.0690674 0.0744204 0.0765415 0.0756651 0.0723628 0.067303 0.0611263 0.0543868 0.0475134 0.0407895 0.0343703 0.0283304 0.0227178 0.0175947 0.0130502 0.00918478 0.00607627 0.00374376
 0.00825302 0.0134199 0.0202209 0.0285962 0.0382634 0.0485701 0.0584596 0.066722 0.072425 0.0751994 0.0751964 0.0728451 0.0686465 0.0630938 0.0566579 0.0497712 0.042799 0.0360152 0.0296002 0.0236648 0.0182887 0.0135511 0.00953665 0.00631217 0.00389184
 0.00858176 0.0138921 0.0208131 0.0292385 0.0388483 0.0489726 0.0585616 0.0664377 0.0717288 0.0741514 0.0739494 0.0716188 0.0676694 0.0625317 0.0565619 0.0500689 0.0433341 0.036614 0.0301317 0.0240675 0.0185606 0.0137216 0.00964026 0.00637481 0.00392944
 0.00859164 0.0139572 0.0209977 0.0296217 0.0394898 0.0498654 0.0595978 0.0674181 0.072421 0.0743712 0.0736255 0.0708143 0.0665582 0.0613451 0.0555215 0.0493264 0.0429366 0.0365102 0.0302131 0.0242213 0.0187081 0.0138285 0.00970463 0.00640889 0.0039462
 0.00842011 0.0136836 0.0206007 0.029098 0.0388695 0.0492258 0.059062 0.0671226 0.0724563 0.0747261 0.0741758 0.071373 0.0669599 0.0615163 0.0554996 0.0492245 0.0428798 0.0365784 0.0304162 0.0245119 0.0190173 0.0140994 0.00990913 0.00654549 0.00402843
 0.00862812 0.0139913 0.0210057 0.0295747 0.039372 0.0496977 0.0594494 0.0673889 0.0725962 0.0747677 0.0741626 0.0713309 0.0668736 0.0613359 0.0551786 0.0487617 0.0423329 0.0360407 0.0299731 0.0242068 0.0188448 0.0140231 0.00988645 0.00654456 0.00403244
 0.00855118 0.0138976 0.0209216 0.029541 0.0394296 0.0498654 0.0597084 0.0676851 0.0728619 0.0749516 0.0742506 0.0713455 0.0668531 0.0613066 0.0551385 0.0486866 0.0422018 0.035858 0.0297715 0.0240294 0.0187218 0.0139598 0.00986819 0.00655015 0.004045
