SBPRF35
7.62692
Curr Bio
588045
B35
496671
F35
0.214419
FOFL
0.214419
OFL
90423.9
Bzero
2.17912e+006
#pred survey bio
 2.69259e+006 2.55581e+006 2.37311e+006 2.17377e+006 1.90054e+006 1.59503e+006 1.37643e+006 1.27397e+006 1.17784e+006 1.08142e+006 930460 813885 731437 651228 591674 568851 553445 537892 518444 508005 495406 489537 499752 514302 510948 538645 552516 559132 537295 524389 522312 518669 542056 565758 589795 610507 572290 565118 590963 596387 602814 632059 594354 619464 635529 595871 1.26262e+007 1.14889e+007 1.1785e+007 1.24752e+007 1.33411e+007 1.42051e+007 1.49682e+007 1.5593e+007 1.60799e+007 1.6447e+007 1.67178e+007 1.6915e+007 1.70575e+007 1.71602e+007 1.72343e+007 1.72878e+007 1.73267e+007 1.73552e+007 1.73761e+007 1.73915e+007 1.7403e+007 1.74116e+007 1.7418e+007 1.74229e+007 1.74266e+007 1.74294e+007 1.74315e+007 1.74332e+007 1.74344e+007 1.74353e+007 1.74361e+007 1.74366e+007 1.74371e+007 1.74374e+007 1.74377e+007 1.74379e+007 1.7438e+007 1.74381e+007 1.74382e+007 1.74383e+007 1.74383e+007 1.74384e+007 1.74384e+007 1.74384e+007 1.74385e+007 1.74385e+007 1.74385e+007 1.74385e+007 1.74385e+007 1.74385e+007 1.74385e+007 1.74385e+007 1.74385e+007 1.74385e+007 1.74385e+007 1.74385e+007 1.74385e+007 1.74385e+007 1.74385e+007 1.74385e+007 1.74385e+007 1.74385e+007 1.74385e+007 1.74385e+007 1.74385e+007 1.74385e+007 1.74385e+007 1.74385e+007 1.74385e+007 1.74385e+007 1.74385e+007 1.74385e+007 1.74385e+007 1.74385e+007 1.74385e+007 1.74385e+007 1.74385e+007 1.74385e+007 1.74385e+007 1.74385e+007 1.74385e+007 1.74385e+007 1.74385e+007 1.74385e+007 1.74385e+007 1.74385e+007 1.74385e+007 1.74385e+007 1.74385e+007 1.74385e+007 1.74385e+007 1.74385e+007 1.74385e+007 1.74385e+007 1.74385e+007 1.74385e+007 1.74385e+007 1.74385e+007 1.74385e+007 1.74385e+007 0 0 0 0 0 0 0 0 0 0 0 0 0 0 0 0 0 0 0 0 0 0 0 0 0
#obs survey bio
 2.41814e+006 2.72841e+006 2.47632e+006 2.44179e+006 1.73028e+006 1.85468e+006 901594 1.28885e+006 1.26584e+006 1.18251e+006 812806 626683 576322 706538 507353 523402 598957 483001 649398 421403 501167 435821 674189 677224 364023 498004 630916 559720 466779 511020 478125 586612 500407 537147 630813 728486 437302 489642 560233 460963 643720 845883 452151 625114 779408 675833
#pred catch bio
 283285 289274 278810 296789 313411 299856 285958 275872 249071 272222 234156 204606 191355 171083 144757 144817 130579 123300 109011 111339 113354 103812 100620 108985 96763.2 106541 94699.9 99936.8 96522 92007.3 101575 88739.8 87464.6 88086.2 85241.7 95929.9 84989.8 80262 81812 90859.5 82979.8 96315.1 96408.2 91414.3 93356.6 98997.4 90423.9 89405.7 90351.6 94712.3 100866 107070 112466 116767 120002 122333 123963 125075 125820 126312 126634 126842 126976 127061 127116 127150 127172 127186 127195 127200 127204 127206 127207 127208 127208 127209 127209 127209 127209 127209 127209 127209 127209 127209 127209 127209 127209 127209 127209 127209 127209 127209 127209 127209 127209 127209 127209 127209 127209 127209 127209 127209 127209 127209 127209 127209 127209 127209 127209 127209 127209 127209 127209 127209 127209 127209 127209 127209 127209 127209 127209 127209 127209 127209 127209 127209 127209 127209 127209 127209 127209 127209 127209 127209 127209 127209 127209 127209 127209 127209 127209 127209 127209 127209 127209 127209 0 0 0 0 0 0 0 0 0 0 0 0 0 0 0 0 0 0 0 0 0 0 0 0 0
#obs catch bio
 254671 289306 278636 296551 313091 299242 288345 276684 248499 272239 234027 204823 191221 171072 144619 145732 130419 123294 108806 111223 113588 103890 100618 108826 96890.4 106865 94503.9 99816.7 96538 91888.5 101815 88852.3 87431.3 88112.5 85182.1 95890.9 84948 80359 81657.7 90989.5 82964.1 96089.1 96844.4 91403.4 93157 99104.3
#pred cpue bio
 2.66008e+006 2.52316e+006 2.33983e+006 2.14052e+006 1.86902e+006 1.56597e+006 1.34872e+006 1.2458e+006 1.14961e+006 1.05365e+006 904453 789377 708115 629496 571224 548817 533684 518640 499718 489660 477422 471619 481486 495697 492460 519307 532802 539542 518596 506188 504425 500777 522337 543425 565552 585703 549369 542501 567461 572945 578914 607183 571075 594946 610653 572818 1.21253e+007 1.10098e+007 1.11973e+007 1.18149e+007 1.26648e+007 1.35264e+007 1.42891e+007 1.49139e+007 1.54008e+007 1.57679e+007 1.60388e+007 1.62359e+007 1.63784e+007 1.64811e+007 1.65552e+007 1.66087e+007 1.66477e+007 1.66761e+007 1.6697e+007 1.67124e+007 1.67239e+007 1.67325e+007 1.67389e+007 1.67438e+007 1.67475e+007 1.67503e+007 1.67524e+007 1.67541e+007 1.67553e+007 1.67563e+007 1.6757e+007 1.67575e+007 1.6758e+007 1.67583e+007 1.67586e+007 1.67588e+007 1.67589e+007 1.6759e+007 1.67591e+007 1.67592e+007 1.67593e+007 1.67593e+007 1.67593e+007 1.67594e+007 1.67594e+007 1.67594e+007 1.67594e+007 1.67594e+007 1.67594e+007 1.67594e+007 1.67594e+007 1.67594e+007 1.67594e+007 1.67594e+007 1.67594e+007 1.67594e+007 1.67594e+007 1.67594e+007 1.67594e+007 1.67594e+007 1.67594e+007 1.67594e+007 1.67594e+007 1.67594e+007 1.67594e+007 1.67594e+007 1.67594e+007 1.67594e+007 1.67594e+007 1.67594e+007 1.67594e+007 1.67594e+007 1.67594e+007 1.67594e+007 1.67594e+007 1.67594e+007 1.67594e+007 1.67594e+007 1.67594e+007 1.67594e+007 1.67594e+007 1.67594e+007 1.67594e+007 1.67594e+007 1.67594e+007 1.67594e+007 1.67594e+007 1.67594e+007 1.67594e+007 1.67594e+007 1.67594e+007 1.67594e+007 1.67594e+007 1.67594e+007 1.67594e+007 1.67594e+007 1.67594e+007 1.67594e+007 1.67594e+007 1.67594e+007 0 0 0 0 0 0 0 0 0 0 0 0 0 0 0 0 0 0 0 0 0 0 0 0 0
#obs cpue bio
 2.85012e+006 2.68473e+006 2.12265e+006 2.11848e+006 2.26897e+006 1.43124e+006 981358 1.63807e+006 1.28337e+006 1.02494e+006 992247 919812 1.01821e+006 574455 641189 434234 656852 570521 413540 609726 412741 515489 356738 486407 468405 597508 537686 600346 535172 532738 517041 378288 669133 558586 495199 627481 636606 513827 779183 676531 445626 733419 410709 722855 617166 447533
#pred surv len freq
 0.00472435 0.00777675 0.0118994 0.0171263 0.0233424 0.0301808 0.0370084 0.0431001 0.0479178 0.0512826 0.0533326 0.0543515 0.0546243 0.0543792 0.0537889 0.0529928 0.0521177 0.051274 0.0504992 0.049646 0.0482903 0.045781 0.0415131 0.0353218 0.0277287
 0.00516371 0.00841719 0.0127293 0.0180956 0.0243875 0.0312582 0.0381127 0.044249 0.0491131 0.0524762 0.0544239 0.0552221 0.0551884 0.054618 0.0537491 0.05275 0.0517266 0.0507295 0.0497286 0.0485441 0.0467858 0.0439047 0.0394231 0.0332624 0.0259412
 0.00535323 0.00879002 0.0134038 0.0192056 0.0260307 0.0334274 0.0406509 0.046874 0.0515129 0.0544204 0.0558186 0.0560848 0.0555792 0.0545885 0.0533349 0.051989 0.0506663 0.0494103 0.0481601 0.0467042 0.0446579 0.0415348 0.0369547 0.0309144 0.0239333
 0.00552189 0.00905326 0.0137857 0.019737 0.0267623 0.0344365 0.0420264 0.0486708 0.0536925 0.0568154 0.058158 0.0580773 0.057008 0.0553609 0.0534675 0.0515576 0.0497592 0.0481035 0.0465088 0.0447473 0.0424393 0.0391371 0.034523 0.0286423 0.0220082
 0.00571994 0.00938453 0.0143 0.0204831 0.0277746 0.0357192 0.0435447 0.0503617 0.0554901 0.0586683 0.0600158 0.059855 0.0585634 0.0565153 0.0540625 0.0515066 0.0490623 0.0468242 0.0447385 0.0425842 0.0399913 0.0365399 0.0319512 0.0262923 0.0200513
 0.00598218 0.00981565 0.0149578 0.0214244 0.029044 0.0373298 0.0454585 0.0524816 0.0576745 0.0607644 0.0618953 0.0614332 0.0597917 0.0573535 0.0544537 0.0513765 0.0483456 0.045497 0.0428366 0.0402021 0.0372737 0.0336742 0.0291549 0.0237823 0.017997
 0.00622043 0.010217 0.0155877 0.0223523 0.0303283 0.0389946 0.0474701 0.0547408 0.060031 0.0630465 0.0639408 0.0631119 0.0610169 0.058082 0.0546716 0.0510775 0.0475158 0.0441201 0.040918 0.0377988 0.0345131 0.030752 0.0263088 0.0212446 0.0159394
 0.00640555 0.0105301 0.0160821 0.0230876 0.0313605 0.0403592 0.0491627 0.0567056 0.0621635 0.0652083 0.0659793 0.0648796 0.0623895 0.0589711 0.0550291 0.0508882 0.0467832 0.0428553 0.0391436 0.0355691 0.0319391 0.0280127 0.0236315 0.0188562 0.0140072
 0.00665378 0.0109187 0.0166404 0.0238355 0.0323097 0.0415125 0.0505105 0.0582201 0.0637959 0.0668889 0.0676208 0.0663817 0.0636467 0.0598836 0.0555144 0.0508898 0.0462723 0.0418292 0.0376252 0.0336156 0.0296574 0.0255675 0.0212309 0.0167094 0.0122696
 0.00675035 0.0110981 0.0169507 0.0243326 0.0330411 0.0424947 0.0517114 0.0595616 0.0651793 0.0682274 0.0688579 0.0674859 0.0645915 0.0606289 0.0560014 0.0510489 0.0460391 0.0411595 0.0365086 0.0320867 0.0278061 0.0235404 0.0192147 0.0148918 0.0107914
 0.00702894 0.0115482 0.0176228 0.0252721 0.0342793 0.0440336 0.0535062 0.0615106 0.0671315 0.07001 0.0703133 0.0685067 0.0651388 0.0607263 0.0557067 0.0504191 0.0451072 0.0399331 0.0349882 0.0302933 0.0258053 0.021452 0.0171979 0.0131086 0.00936049
 0.00720804 0.0118477 0.0180889 0.0259521 0.0352119 0.0452322 0.0549436 0.0631142 0.0687938 0.0716077 0.0717246 0.0696236 0.0658776 0.0610392 0.0555891 0.0499047 0.0442491 0.0387839 0.0335904 0.0286887 0.0240553 0.0196528 0.0154764 0.0115947 0.00814993
 0.00726005 0.0119472 0.018267 0.0262493 0.035671 0.0458867 0.0558043 0.0641613 0.0699772 0.0728529 0.0729426 0.0707195 0.0667609 0.0616336 0.0558418 0.0497934 0.0437829 0.0379969 0.0325328 0.0274209 0.0226508 0.0182036 0.0140901 0.0103767 0.00717646
 0.00736918 0.0121189 0.0185156 0.0265864 0.0361061 0.0464274 0.0564534 0.0649127 0.0708112 0.0737344 0.0738217 0.0715361 0.0674509 0.0621364 0.0561063 0.0497835 0.0434825 0.0374126 0.0316948 0.0263814 0.021482 0.0169943 0.0129373 0.00936926 0.00637559
 0.00754739 0.0123886 0.0188841 0.0270466 0.0366392 0.0470069 0.0570497 0.0654968 0.0713597 0.0742341 0.0742691 0.0719313 0.0677872 0.0623939 0.0562522 0.0497788 0.0432921 0.0370155 0.0310919 0.0256002 0.0205766 0.01604 0.0120189 0.00856403 0.00573542
 0.00750364 0.0123368 0.0188412 0.0270391 0.0366936 0.0471381 0.0572518 0.0657459 0.0716271 0.0745018 0.0745375 0.0722135 0.0680954 0.0627254 0.0565829 0.0500651 0.043481 0.037058 0.0309568 0.025284 0.0201076 0.0154745 0.0114292 0.00802055 0.00528956
 0.00759212 0.0124591 0.0189864 0.0271869 0.036824 0.0472441 0.0573463 0.0658555 0.071775 0.0746916 0.07475 0.0724191 0.0682716 0.0628663 0.0566937 0.050149 0.0435275 0.0370424 0.0308492 0.0250651 0.0197804 0.0150689 0.0109947 0.00761173 0.0049492
 0.00772064 0.0126406 0.0192082 0.0274174 0.0370196 0.0473613 0.0573558 0.0657522 0.0715836 0.0744631 0.0745475 0.0722965 0.068255 0.0629487 0.0568451 0.0503312 0.0437045 0.037182 0.0309229 0.025051 0.0196713 0.0148777 0.0107536 0.00736213 0.00472836
 0.00781111 0.0127881 0.0194288 0.0277215 0.0374029 0.0477955 0.0577837 0.0660966 0.0717708 0.0744526 0.0743505 0.0719723 0.0678879 0.0626171 0.0565981 0.0501811 0.0436331 0.0371545 0.0309012 0.0250033 0.0195785 0.014738 0.0105817 0.00718323 0.00456793
 0.00780652 0.0127751 0.0194003 0.0276698 0.0373253 0.0476997 0.0576895 0.0660293 0.071748 0.0744723 0.0743909 0.0720049 0.0678963 0.0626072 0.0565944 0.0502105 0.0437089 0.0372691 0.0310297 0.0251146 0.0196471 0.0147526 0.0105475 0.00711766 0.00449279
 0.00779376 0.0127671 0.0194107 0.027717 0.0374247 0.0478536 0.057881 0.0662259 0.0719143 0.0745841 0.0744404 0.0719961 0.0678368 0.0625053 0.0564623 0.0500673 0.043578 0.0371689 0.0309656 0.0250773 0.0196192 0.0147182 0.0104995 0.00705941 0.00443356
 0.00789177 0.0129083 0.0195904 0.0279214 0.037637 0.0480627 0.0580857 0.06643 0.0721159 0.0747673 0.0745766 0.0720554 0.067801 0.0623754 0.0562563 0.0498136 0.043308 0.0369114 0.0307413 0.0248955 0.0194777 0.0146077 0.0104103 0.00698562 0.00437373
 0.0078665 0.0128722 0.0195447 0.0278689 0.03758 0.0480003 0.0580142 0.0663485 0.0720329 0.0747031 0.0745571 0.0720984 0.0679042 0.0625158 0.0564001 0.0499317 0.0433859 0.0369502 0.0307522 0.0248914 0.0194676 0.0145952 0.0103954 0.00696822 0.0043552
 0.00782663 0.0128001 0.0194237 0.0276814 0.0373144 0.0476605 0.0576262 0.0659577 0.0716922 0.0744575 0.0744343 0.0721073 0.0680389 0.0627569 0.0567163 0.0502828 0.0437309 0.0372574 0.0310044 0.0250857 0.0196099 0.0146943 0.01046 0.00700629 0.0043743
 0.00795395 0.0129877 0.0196692 0.0279672 0.0376094 0.0479251 0.0578188 0.0660423 0.0716483 0.0742886 0.0741695 0.0717941 0.0677288 0.0624927 0.0565233 0.050167 0.0436815 0.037253 0.0310216 0.0251063 0.0196242 0.0147 0.0104588 0.00700107 0.00436758
 0.00783982 0.0128235 0.0194611 0.0277337 0.0373746 0.0477088 0.0576293 0.0658771 0.0715007 0.0741557 0.0740577 0.0717178 0.0677061 0.0625383 0.0566439 0.0503577 0.0439263 0.0375275 0.0312981 0.0253596 0.0198366 0.0148634 0.0105744 0.0070761 0.00441205
 0.00787741 0.0128649 0.0194881 0.0277202 0.0372973 0.0475615 0.0574319 0.0656701 0.0713263 0.074038 0.0739939 0.0716873 0.0676879 0.0625248 0.0566428 0.0503846 0.0439932 0.0376358 0.0314373 0.0255113 0.0199812 0.0149859 0.0106674 0.00713964 0.00445112
 0.00782033 0.01277 0.0193409 0.0275049 0.0369988 0.047171 0.0569544 0.0651326 0.0707809 0.0735554 0.0736466 0.0715273 0.0677292 0.0627422 0.0569859 0.0507992 0.044436 0.038078 0.0318591 0.0258967 0.0203153 0.0152579 0.0108729 0.00728258 0.00454205
 0.00783292 0.0127904 0.0193707 0.0275436 0.0370415 0.0472054 0.0569599 0.0650827 0.0706517 0.0733373 0.073354 0.0712007 0.0674257 0.0625171 0.0568747 0.0508081 0.0445465 0.0382583 0.0320767 0.0261235 0.0205298 0.0154439 0.0110212 0.00739039 0.00461324
 0.00773794 0.0126583 0.0192134 0.0273859 0.036914 0.0471329 0.0569509 0.0651263 0.0707211 0.0733981 0.0733748 0.0711627 0.0673307 0.062389 0.0567523 0.050731 0.0445407 0.0383287 0.0322087 0.0262919 0.0207075 0.0156086 0.0111581 0.00749336 0.00468319
 0.00775446 0.0126566 0.0191601 0.0272374 0.0366348 0.0467194 0.0564481 0.0646212 0.0703115 0.0731539 0.0733139 0.0712529 0.0675129 0.0626053 0.0569657 0.0509313 0.0447368 0.0385349 0.0324324 0.0265277 0.02094 0.0158194 0.0113324 0.00762442 0.00477255
 0.00855915 0.0138135 0.0206185 0.0288487 0.0381867 0.0479983 0.0572947 0.064958 0.0701461 0.0725666 0.0724346 0.0702273 0.0664656 0.0616164 0.0560708 0.0501382 0.0440458 0.03795 0.0319603 0.0261712 0.0206919 0.0156622 0.011243 0.00757941 0.00475304
 0.00927906 0.0149443 0.0222378 0.0309781 0.0407608 0.0508327 0.0600748 0.0672835 0.0716394 0.0730023 0.071814 0.0687581 0.0644654 0.059403 0.053888 0.0481334 0.0422864 0.036454 0.0307237 0.0251822 0.0199336 0.0151106 0.0108657 0.00733856 0.00461046
 0.00928037 0.0150434 0.0225644 0.0317083 0.0420656 0.0527973 0.0626251 0.070164 0.0744595 0.0753335 0.0732998 0.0692007 0.0638673 0.0579484 0.0518736 0.0458769 0.0400512 0.0344152 0.0289723 0.023749 0.0188136 0.014278 0.0102812 0.00695465 0.00437644
 0.00897535 0.0145939 0.0219811 0.0310494 0.0414445 0.05238 0.0626096 0.0707314 0.0756993 0.0771722 0.0754803 0.0713405 0.0655751 0.0589471 0.0520724 0.0453696 0.0390538 0.0331795 0.0277151 0.022617 0.0178818 0.0135663 0.00977466 0.00661924 0.00417095
 0.00870435 0.0141543 0.0213247 0.030142 0.0402858 0.0510302 0.0612125 0.0695112 0.0749193 0.0770609 0.0761517 0.0727394 0.0674733 0.0609994 0.0539175 0.0467374 0.0398318 0.0334142 0.027558 0.02225 0.0174584 0.0131848 0.00947918 0.00641554 0.00404418
 0.00889882 0.0144089 0.0215931 0.0303401 0.0403112 0.0507966 0.0606837 0.0687208 0.0739733 0.076124 0.075419 0.0723908 0.0676169 0.0616237 0.0548808 0.0478083 0.0407695 0.0340501 0.0278398 0.0222325 0.017255 0.0129126 0.00922277 0.00621682 0.0039109
 0.00888091 0.0144099 0.0216462 0.0304845 0.0405688 0.0511422 0.0610288 0.0689316 0.0739226 0.0757546 0.0747811 0.0716336 0.0669388 0.0612035 0.0548159 0.0480827 0.0412644 0.0345951 0.0282814 0.0224863 0.0173191 0.0128429 0.00909266 0.0060848 0.00380779
 0.00880083 0.0142789 0.0214506 0.030218 0.0402423 0.0507921 0.0607153 0.0687191 0.0738461 0.0757927 0.0748611 0.071673 0.0668982 0.0611152 0.0547672 0.0481646 0.0415183 0.0349884 0.0287249 0.0228796 0.017595 0.012987 0.0091334 0.00606725 0.00377093
 0.00888039 0.0143783 0.0215445 0.0302646 0.0401941 0.0506157 0.0604094 0.0683219 0.0734263 0.0754281 0.0746107 0.0715553 0.0668886 0.0611667 0.0548439 0.0482635 0.0416631 0.0352011 0.0289987 0.0231744 0.0178576 0.0131785 0.00924397 0.00611283 0.00377794
 0.00885589 0.0143742 0.0216017 0.0304354 0.0405195 0.0510939 0.0609752 0.0688571 0.0738028 0.0755603 0.0744878 0.0712353 0.0664635 0.0607217 0.0544342 0.0479154 0.0413881 0.0350075 0.0288895 0.0231395 0.0178719 0.0132101 0.00926831 0.0061201 0.00377115
 0.00866611 0.0140809 0.0211918 0.0299154 0.0399234 0.0504881 0.0604546 0.0685228 0.0737242 0.0757402 0.0748568 0.071684 0.0668916 0.0610743 0.0547057 0.0481294 0.0415735 0.0351848 0.029068 0.0233188 0.0180432 0.0133602 0.00938546 0.00619966 0.00381717
 0.00882479 0.0142962 0.0214369 0.0301388 0.0400636 0.0504978 0.060322 0.0682796 0.0734352 0.0754814 0.0746883 0.071628 0.066927 0.0611506 0.0547702 0.0481516 0.0415528 0.0351413 0.0290266 0.0232964 0.0180443 0.013379 0.00941133 0.00622307 0.00383315
 0.00869586 0.0141481 0.0213243 0.0301422 0.0402567 0.0509026 0.0608787 0.0688578 0.0738871 0.0757065 0.0746715 0.071431 0.0666454 0.0608665 0.054526 0.0479509 0.0413807 0.0349848 0.0288844 0.0231759 0.0179532 0.0133191 0.0093776 0.00620686 0.00382627
 0.00860788 0.0139816 0.0210356 0.0296898 0.0396279 0.0501449 0.0601128 0.0682493 0.0735801 0.0757555 0.0750186 0.0719447 0.0671908 0.0613593 0.0549417 0.0483007 0.0416814 0.0352436 0.0291009 0.0233496 0.0180877 0.0134208 0.00945272 0.00626025 0.00386183
 0.00880453 0.014255 0.0213594 0.0300053 0.0398545 0.0502022 0.0599467 0.0678555 0.0730163 0.075135 0.0744773 0.071591 0.0670647 0.0614261 0.0551234 0.04852 0.0418888 0.03542 0.0292444 0.023464 0.0181768 0.0134881 0.00950187 0.00629472 0.00388473
#obs surv len freq
 0.00496748 0.00813755 0.0123794 0.0177072 0.023995 0.0308772 0.0377273 0.0438201 0.0486024 0.0518708 0.053743 0.0545059 0.0544827 0.0539745 0.0532436 0.0525031 0.0518962 0.0514554 0.0510411 0.050284 0.0486022 0.0453656 0.0401974 0.0332665 0.0253546
 0.00518442 0.00849153 0.0129146 0.0184657 0.0250093 0.0321577 0.0392499 0.0455214 0.0503887 0.053634 0.0553754 0.0559071 0.0555616 0.0546512 0.0534544 0.0522071 0.0510819 0.050147 0.0493025 0.0482207 0.0463587 0.0431141 0.0381142 0.0314987 0.0239878
 0.00542403 0.0088823 0.013505 0.0193018 0.026126 0.0335652 0.0409194 0.0473805 0.0523314 0.0555411 0.0571334 0.0574173 0.0567412 0.0554299 0.0537711 0.0520108 0.0503382 0.0488497 0.0474883 0.0459826 0.0438502 0.0405378 0.03569 0.029417 0.0223654
 0.00566127 0.00927406 0.0141059 0.0201662 0.0272976 0.0350592 0.042706 0.0493786 0.0544212 0.0575886 0.059012 0.0590209 0.0579866 0.0562528 0.0541207 0.0518443 0.0496202 0.0475612 0.045645 0.043657 0.041188 0.0377524 0.0330287 0.0271044 0.0205472
 0.00590077 0.00966514 0.0146981 0.0210079 0.0284278 0.0364951 0.0444271 0.0513199 0.0564796 0.0596391 0.060927 0.0606843 0.0593013 0.0571442 0.0545341 0.0517391 0.0489652 0.0463371 0.0438588 0.0413669 0.0385253 0.0349252 0.0302918 0.0246997 0.0186395
 0.006138 0.0100554 0.015294 0.0218609 0.0295783 0.037956 0.0461683 0.053264 0.0585139 0.061639 0.0627753 0.0622803 0.0605618 0.0580013 0.0549334 0.051638 0.0483313 0.0451506 0.042124 0.0391335 0.0359129 0.0321307 0.0275646 0.0222845 0.0167099
 0.00639494 0.0104727 0.0159212 0.0227444 0.0307523 0.0394295 0.0479103 0.0551976 0.0605262 0.0636013 0.064565 0.0637946 0.0617226 0.0587535 0.0552386 0.0514675 0.0476618 0.043966 0.0404273 0.0369684 0.0333873 0.0294267 0.0249179 0.0199311 0.0148212
 0.00662489 0.0108543 0.0165095 0.0235945 0.0319072 0.0409012 0.0496618 0.0571388 0.0625291 0.0655279 0.066291 0.0652219 0.062781 0.059397 0.05544 0.0512117 0.0469395 0.0427731 0.038773 0.0348945 0.0309912 0.0268728 0.0224209 0.0177089 0.0130342
 0.00683698 0.0112024 0.0170398 0.024353 0.0329315 0.0422073 0.0512291 0.0589018 0.064384 0.067349 0.0679515 0.0666104 0.0638126 0.0600169 0.0556211 0.0509464 0.0462309 0.0416303 0.0372159 0.0329685 0.028787 0.0245373 0.0201447 0.0156854 0.0114064
 0.00705766 0.0115626 0.0175844 0.0251239 0.0339593 0.0434976 0.0527493 0.0605778 0.0661107 0.069011 0.0694412 0.0678373 0.0647064 0.0605283 0.0557218 0.0506272 0.0454977 0.0405003 0.0357188 0.0311557 0.0267462 0.0224012 0.0180804 0.0138602 0.0099429
 0.00727109 0.0119125 0.0181162 0.0258807 0.0349723 0.044771 0.0542463 0.0622164 0.0677764 0.070581 0.070806 0.0689138 0.0654397 0.0608885 0.0556979 0.0502217 0.044723 0.0393776 0.034281 0.029456 0.0248683 0.0204646 0.0162301 0.0122379 0.0086497
 0.0074455 0.0122001 0.0185566 0.0265132 0.0358278 0.0458593 0.0555426 0.0636563 0.0692639 0.0720061 0.0720634 0.0699162 0.0661251 0.0612221 0.0556693 0.0498389 0.0440055 0.0383526 0.0329853 0.0279422 0.0232139 0.0187751 0.0146296 0.0108444 0.00754501
 0.00750408 0.0123028 0.0187257 0.0267759 0.0362128 0.0463901 0.0562292 0.0644892 0.0702125 0.0730201 0.0730772 0.0708547 0.0669125 0.0617908 0.0559686 0.0498394 0.0436991 0.0377503 0.0321155 0.0268528 0.0219755 0.0174812 0.0133876 0.00975483 0.00667757
 0.00762351 0.0124803 0.0189625 0.0270644 0.0365416 0.0467517 0.0566243 0.0649261 0.0707004 0.073561 0.0736598 0.0714514 0.0674801 0.0622756 0.0563138 0.0499939 0.0436257 0.0374318 0.031558 0.026088 0.021061 0.0164975 0.0124271 0.00890407 0.00599653
 0.00766206 0.0125473 0.0190705 0.0272253 0.0367618 0.0470253 0.0569306 0.0652348 0.0709855 0.0738149 0.0738965 0.0716966 0.0677525 0.0625718 0.0566039 0.0502277 0.0437466 0.0373914 0.0313291 0.0256721 0.0204914 0.0158353 0.0117493 0.00828567 0.00549215
 0.00771214 0.0126186 0.0191596 0.0273244 0.0368626 0.0471249 0.057034 0.0653513 0.0711218 0.0739691 0.0740599 0.0718604 0.0679154 0.0627393 0.0567785 0.0503985 0.0438847 0.0374553 0.0312788 0.0254848 0.0201724 0.0154198 0.0112939 0.00785176 0.00512802
 0.00778656 0.012732 0.0193155 0.0275194 0.0370857 0.0473576 0.0572524 0.0655313 0.0712462 0.0740347 0.0740776 0.0718497 0.0678955 0.0627237 0.0567742 0.0504057 0.0438939 0.0374465 0.0312242 0.0253589 0.0199644 0.0151416 0.0109785 0.00754226 0.00486229
 0.00781213 0.0127742 0.0193798 0.0276108 0.0372064 0.0475048 0.0574157 0.0656931 0.0713857 0.074134 0.0741279 0.0718542 0.0678678 0.0626821 0.0567354 0.050379 0.0438793 0.037434 0.031196 0.0252949 0.0198506 0.0149781 0.0107819 0.00733999 0.00468211
 0.00785916 0.0128439 0.0194724 0.0277224 0.0373308 0.0476358 0.0575484 0.065823 0.0715067 0.0742371 0.0742021 0.0718896 0.06786 0.0626351 0.0566609 0.0502926 0.043794 0.0373554 0.0311204 0.0252121 0.0197497 0.0148546 0.0106416 0.00719754 0.00455465
 0.00787679 0.0128726 0.0195155 0.0277821 0.0374072 0.0477251 0.0576428 0.0659121 0.0715811 0.0742924 0.0742391 0.0719115 0.0678688 0.0626302 0.0566406 0.0502574 0.0437476 0.0373027 0.0310643 0.0251513 0.01968 0.0147732 0.0105506 0.00710467 0.00447036
 0.00788475 0.0128809 0.0195195 0.0277755 0.0373846 0.0476852 0.0575911 0.0658598 0.0715413 0.0742744 0.0742464 0.0719423 0.0679178 0.0626907 0.0567051 0.0503183 0.0437986 0.0373398 0.0310857 0.0251563 0.0196683 0.0147452 0.0105094 0.0070564 0.00442275
 0.00790252 0.0129059 0.0195498 0.0278061 0.037408 0.0476933 0.0575771 0.0658206 0.0714798 0.0742005 0.0741748 0.0718882 0.0678917 0.0626956 0.0567367 0.0503674 0.0438546 0.037393 0.0311289 0.0251848 0.0196803 0.0147412 0.0104923 0.00703125 0.00439541
 0.00790158 0.0129026 0.0195414 0.0277891 0.0373784 0.0476481 0.0575156 0.0657451 0.0713951 0.0741138 0.0740952 0.0718263 0.0678578 0.0626967 0.0567746 0.0504371 0.0439457 0.0374924 0.0312238 0.0252652 0.0197404 0.0147793 0.0105105 0.00703443 0.00438966
 0.0079072 0.0129103 0.0195502 0.0277967 0.0373818 0.0476436 0.0574996 0.065715 0.07135 0.0740554 0.0740283 0.0717579 0.0677971 0.0626529 0.0567554 0.0504464 0.0439823 0.0375498 0.0312917 0.0253327 0.0197981 0.0148218 0.0105368 0.00704675 0.00439243
 0.00787649 0.0128595 0.0194724 0.0276858 0.0372346 0.0474633 0.0572979 0.0655115 0.0711683 0.0739163 0.0739449 0.0717343 0.0678295 0.062733 0.056873 0.0505917 0.0441456 0.0377214 0.0314613 0.0254894 0.0199325 0.014928 0.010613 0.00709596 0.00442055
 0.00787632 0.0128518 0.0194472 0.0276295 0.0371333 0.0473088 0.0570931 0.0652722 0.0709202 0.0736892 0.0737664 0.0716241 0.0677968 0.0627759 0.0569806 0.0507479 0.0443328 0.0379228 0.031662 0.0256766 0.0200958 0.0150602 0.0107116 0.00716313 0.00446189
 0.00786691 0.0128386 0.0194309 0.0276103 0.0371096 0.0472748 0.0570383 0.0651848 0.070793 0.073526 0.0735841 0.0714495 0.0676582 0.0626955 0.0569689 0.0508028 0.0444425 0.0380698 0.0318272 0.0258424 0.0202477 0.0151882 0.0108106 0.00723292 0.00450653
 0.00783195 0.0127823 0.0193474 0.0274957 0.0369637 0.0471033 0.0568538 0.0650046 0.0706336 0.0733974 0.0734886 0.0713849 0.067624 0.062696 0.0570115 0.0508931 0.0445794 0.0382441 0.0320232 0.0260417 0.0204329 0.0153463 0.0109345 0.00732181 0.0045646
 0.00781758 0.0127551 0.0192993 0.0274173 0.0368464 0.0469436 0.0566573 0.0647868 0.0704175 0.0732076 0.0733447 0.0712978 0.0675948 0.062719 0.0570791 0.050999 0.0447192 0.0384124 0.0322111 0.0262359 0.0206183 0.0155088 0.0110651 0.00741765 0.00462851
 0.00777203 0.0126841 0.0191983 0.0272834 0.0366792 0.0467449 0.0564324 0.0645458 0.0701763 0.0729868 0.0731667 0.0711825 0.0675552 0.0627576 0.0571885 0.0511649 0.044925 0.0386424 0.0324512 0.0264725 0.0208378 0.0156993 0.0112182 0.00753059 0.00470451
 0.00774017 0.0126291 0.0191099 0.0271512 0.0364954 0.0465099 0.0561579 0.0642547 0.0698966 0.0727448 0.0729817 0.071066 0.0675132 0.0627919 0.0572961 0.0513373 0.0451479 0.0388979 0.0327201 0.0267366 0.0210812 0.0159093 0.0113866 0.00765524 0.00478892
 0.0093383 0.0148657 0.021808 0.0299224 0.0388525 0.048046 0.0566894 0.0638497 0.0687943 0.0712352 0.0713158 0.0694201 0.0659925 0.0614502 0.0561543 0.0503971 0.0443993 0.0383238 0.0322983 0.0264422 0.0208883 0.0157924 0.0113226 0.00762461 0.00477689
 0.00933409 0.0151529 0.0227582 0.0319951 0.0423944 0.0530203 0.0625043 0.0694542 0.0730503 0.0733656 0.0711613 0.0673815 0.0627558 0.0576939 0.0523807 0.0469028 0.0413247 0.0357152 0.0301538 0.0247357 0.0195799 0.0148326 0.0106546 0.0071875 0.00451035
 0.0089562 0.0145635 0.0219394 0.0310039 0.0414148 0.0523963 0.0626976 0.0708802 0.0758313 0.0771478 0.0751589 0.0706744 0.0646719 0.058042 0.0514204 0.0451286 0.0392322 0.0336651 0.0283481 0.0232549 0.0184323 0.013989 0.0100684 0.00680495 0.00427784
 0.00878552 0.01427 0.0214693 0.0303017 0.0404449 0.0511816 0.0613637 0.0696827 0.0751293 0.0773018 0.0763714 0.0728439 0.0673652 0.060636 0.0533529 0.0461107 0.0393037 0.0330932 0.0274629 0.0223254 0.0176189 0.0133564 0.009619 0.00651038 0.00409946
 0.00870965 0.0141427 0.0212691 0.0300024 0.0400173 0.0505986 0.0606133 0.0687876 0.0741713 0.0764389 0.0758269 0.0728482 0.0680542 0.0619547 0.0550334 0.0477613 0.0405696 0.0337918 0.0276195 0.0221065 0.0172267 0.0129493 0.00928377 0.00627299 0.00395014
 0.00868616 0.0140981 0.0211897 0.0298707 0.0398146 0.0503095 0.06023 0.0683117 0.0736158 0.0758346 0.0752338 0.0723672 0.0678183 0.0620883 0.0555865 0.0486584 0.0416157 0.0347469 0.0282992 0.0224475 0.0172828 0.012835 0.00911075 0.00611399 0.00383482
 0.00868277 0.0140949 0.0211886 0.0298729 0.039818 0.0503048 0.0601992 0.0682306 0.0734604 0.0755902 0.0749042 0.0719812 0.0674346 0.0617914 0.0554681 0.0487807 0.041973 0.0352538 0.0288209 0.022859 0.0175199 0.012907 0.00907419 0.00603356 0.00375603
 0.00866553 0.0140659 0.0211435 0.0298081 0.0397322 0.0502015 0.0600868 0.0681196 0.0733578 0.075494 0.0748031 0.0718613 0.0672914 0.0616405 0.0553481 0.0487432 0.0420602 0.0354724 0.0291301 0.0231849 0.0177892 0.0130783 0.00914869 0.00604101 0.00373245
 0.00866548 0.0140662 0.0211444 0.0298095 0.039733 0.0501988 0.0600763 0.0680968 0.0733199 0.0754412 0.0747374 0.071784 0.0672017 0.0615387 0.0552416 0.0486518 0.0420128 0.0354941 0.0292269 0.0233356 0.0179533 0.0132154 0.00923645 0.00608016 0.00373858
 0.00863949 0.0140306 0.0211031 0.0297702 0.0397049 0.0501888 0.0600859 0.0681214 0.0733505 0.0754671 0.0747496 0.0717773 0.0671745 0.0614929 0.0551821 0.0485876 0.0419578 0.0354657 0.0292384 0.0233883 0.0180338 0.013301 0.00930628 0.00612414 0.00375853
 0.00864383 0.0140313 0.021093 0.02974 0.0396472 0.0501039 0.059985 0.0680245 0.0732789 0.0754345 0.0747565 0.0718126 0.0672218 0.0615371 0.0552138 0.0486048 0.0419652 0.0354726 0.0292556 0.0234229 0.0180848 0.0133599 0.00936107 0.0061656 0.00378381
 0.00863581 0.014022 0.0210853 0.0297377 0.0396523 0.0501136 0.0599908 0.0680155 0.0732479 0.0753839 0.0746986 0.0717636 0.0671934 0.0615314 0.0552246 0.0486221 0.0419817 0.0354863 0.0292697 0.0234423 0.0181123 0.0133936 0.00939573 0.00619513 0.00380466
 0.0086164 0.0139912 0.0210407 0.0296784 0.0395803 0.0500344 0.0599137 0.0679508 0.0732035 0.0753614 0.0746941 0.0717712 0.0672103 0.0615581 0.0552626 0.0486706 0.0420364 0.0355418 0.0293219 0.0234901 0.0181563 0.0134342 0.00943161 0.00622433 0.00382579
 0.00862126 0.013997 0.0210455 0.029679 0.0395727 0.0500157 0.0598829 0.0679102 0.0731582 0.0753181 0.0746589 0.0717477 0.0671986 0.0615564 0.055269 0.0486841 0.0420565 0.0355674 0.029351 0.0235204 0.0181859 0.0134619 0.00945619 0.00624462 0.00384098
 0.00862241 0.0140002 0.0210524 0.0296917 0.0395923 0.0500408 0.0599091 0.0679306 0.0731656 0.0753086 0.0746334 0.0717114 0.0671589 0.06152 0.0552402 0.0486646 0.0420464 0.0355658 0.0293565 0.0235312 0.0182001 0.0134774 0.00947128 0.00625777 0.00385124
#pred catch len freq
 0.00359195 0.00584665 0.00884713 0.0126418 0.0172559 0.0226314 0.028563 0.0347039 0.0406462 0.0460094 0.050497 0.0539272 0.0562533 0.0575583 0.0580187 0.0578607 0.0573258 0.0566334 0.0559002 0.0550151 0.0535391 0.0507677 0.046039 0.039174 0.0307532
 0.00396201 0.00638846 0.00955472 0.0134795 0.0181795 0.0236162 0.0296159 0.0358472 0.0418793 0.0472775 0.0516899 0.0549161 0.0569428 0.0579228 0.0581009 0.0577344 0.0570435 0.0561832 0.0551985 0.053943 0.0520153 0.0488227 0.043843 0.0369928 0.028851
 0.00414003 0.00671916 0.0101247 0.0143842 0.019489 0.0253282 0.0316262 0.0379662 0.0438958 0.0490311 0.0531031 0.0559719 0.0576389 0.0582473 0.0580427 0.0573056 0.0562822 0.0551283 0.0538578 0.0522889 0.0500239 0.046536 0.0414084 0.0346413 0.026819
 0.00432482 0.00700699 0.0105407 0.0149599 0.0202752 0.0264034 0.0330808 0.0398565 0.0461832 0.0515455 0.0555682 0.0580891 0.0591833 0.0591172 0.0582459 0.05691 0.0553712 0.053776 0.0521198 0.0502056 0.0476421 0.0439454 0.0387681 0.0321655 0.0247157
 0.00455419 0.00737751 0.0110933 0.0157298 0.0212854 0.0276571 0.0345594 0.0415275 0.0480148 0.0535091 0.0576142 0.0601098 0.0609983 0.0605066 0.0590185 0.0569617 0.0546984 0.052448 0.0502379 0.0478786 0.0449894 0.0411169 0.0359571 0.0295899 0.0225666
 0.00483253 0.00782464 0.0117573 0.0166547 0.0225061 0.0291891 0.0363841 0.0435808 0.0501897 0.0556753 0.059646 0.0619062 0.0624825 0.0616058 0.0596434 0.0570101 0.0540854 0.0511412 0.0482753 0.0453653 0.0420864 0.0380323 0.0329318 0.0268644 0.0203297
 0.00508619 0.00823974 0.0123881 0.0175558 0.0237256 0.0307546 0.0382854 0.045758 0.0525332 0.0580386 0.0618661 0.0638288 0.0639844 0.0626069 0.0601001 0.0568943 0.0533681 0.0497967 0.0463063 0.0428347 0.0391365 0.0348816 0.0298454 0.0241016 0.0180833
 0.00528256 0.00856267 0.0128827 0.0182712 0.0247108 0.0320494 0.0399056 0.0476805 0.0546871 0.0603059 0.0640929 0.0658455 0.0656322 0.0637613 0.0606828 0.056869 0.0527257 0.0485423 0.0444616 0.0404594 0.0363555 0.031896 0.026911 0.0214741 0.0159523
 0.00550425 0.00890791 0.0133758 0.0189298 0.0255493 0.0330829 0.0411474 0.0491332 0.0563312 0.0620893 0.0659268 0.0676093 0.0671875 0.0649714 0.0614318 0.0570751 0.0523441 0.0475624 0.0429059 0.0383915 0.0338959 0.0292314 0.024277 0.0191079 0.0140311
 0.00570216 0.00923362 0.0138725 0.0196378 0.026496 0.0342677 0.0425307 0.0506391 0.0578675 0.0635736 0.0673016 0.068837 0.0682323 0.0657833 0.0619428 0.0572077 0.0520273 0.0467484 0.0415845 0.0366031 0.0317437 0.0268834 0.0219468 0.0170103 0.0123269
 0.00596995 0.00966077 0.0145013 0.0205054 0.0276309 0.0356817 0.0442046 0.0525072 0.0598129 0.0654406 0.0689262 0.0700856 0.0690319 0.0661259 0.0618628 0.0567463 0.051207 0.0455698 0.0400449 0.0347261 0.0296046 0.0246195 0.0197406 0.0150477 0.0107455
 0.00614481 0.0099478 0.0149391 0.0211335 0.0284846 0.0367823 0.0455472 0.0540526 0.0614857 0.0671352 0.0705155 0.0714354 0.0700211 0.0666711 0.0619334 0.0563619 0.0504168 0.0444273 0.0385961 0.0330182 0.0277085 0.0226463 0.017837 0.0133643 0.00939411
 0.00623187 0.0100967 0.0151781 0.0214964 0.0290073 0.0374954 0.0464658 0.0551668 0.0627562 0.0684936 0.0718696 0.0726787 0.0710459 0.0673822 0.0622622 0.056276 0.0499218 0.0435597 0.0374121 0.0315868 0.0261145 0.020996 0.0162546 0.0119718 0.00827994
 0.00634018 0.0102659 0.0154209 0.0218231 0.0294282 0.0380223 0.0471104 0.0559347 0.063639 0.0694618 0.0728711 0.0736424 0.0718913 0.0680302 0.0626446 0.0563436 0.0496502 0.0429534 0.0365043 0.0304374 0.0248069 0.0196332 0.0149493 0.0108274 0.00736811
 0.00645495 0.0104388 0.0156559 0.0221161 0.0297701 0.038404 0.0475266 0.0563849 0.0641257 0.0699871 0.0734314 0.0742225 0.0724593 0.0685375 0.0630314 0.056549 0.0496238 0.0426654 0.0359539 0.0296563 0.0238589 0.0186072 0.0139456 0.00993789 0.00665581
 0.00644201 0.010431 0.0156681 0.0221689 0.0298829 0.0385854 0.0477681 0.0566636 0.0644163 0.0702758 0.0737217 0.0745295 0.0727956 0.0688992 0.0633909 0.0568568 0.0498198 0.0426939 0.0357792 0.0292745 0.0233027 0.0179419 0.0132545 0.00930245 0.00613526
 0.00647793 0.0104759 0.0157123 0.0221988 0.0298895 0.038575 0.0477663 0.0567077 0.064537 0.0704792 0.0739865 0.0748197 0.07308 0.0691626 0.0636296 0.0570652 0.0499783 0.0427691 0.0357343 0.0290863 0.0229755 0.0175113 0.0127798 0.00884847 0.00575362
 0.00657732 0.0106149 0.0158789 0.0223656 0.0300188 0.0386297 0.0477227 0.0565655 0.0643248 0.0702512 0.0738074 0.0747422 0.0731259 0.0693186 0.0638586 0.0573229 0.0502235 0.042965 0.035848 0.029093 0.0228668 0.0173028 0.0125094 0.00856514 0.00550129
 0.0066132 0.0106769 0.0159778 0.0225102 0.0302097 0.0388517 0.0479401 0.0567283 0.0643849 0.0701841 0.0736265 0.0744974 0.0728858 0.069145 0.0637858 0.0573501 0.0503215 0.0430897 0.0359542 0.0291442 0.0228427 0.0172034 0.0123548 0.0083878 0.00533422
 0.00663125 0.0106997 0.0160007 0.0225268 0.0302158 0.0388499 0.0479409 0.0567443 0.0644207 0.0702282 0.0736538 0.0744834 0.0728236 0.0690531 0.0637011 0.057309 0.0503422 0.0431644 0.0360544 0.0292334 0.0228908 0.0171964 0.0122975 0.00829956 0.0052391
 0.00664483 0.0107291 0.0160576 0.0226245 0.0303631 0.0390437 0.0481617 0.0569604 0.0645988 0.0703458 0.0737031 0.0744665 0.0727461 0.0689227 0.0635318 0.0571247 0.0501718 0.043031 0.035965 0.0291778 0.0228486 0.0171489 0.0122364 0.0082281 0.00516781
 0.00668786 0.0107885 0.0161286 0.0226987 0.0304344 0.039115 0.048247 0.0570777 0.064757 0.070533 0.073887 0.0746069 0.0728115 0.0689012 0.0634312 0.0569668 0.0499851 0.0428441 0.0357999 0.0290447 0.0227456 0.0170667 0.0121656 0.00816438 0.00511202
 0.00663641 0.0107123 0.0160273 0.0225758 0.030295 0.0389635 0.0480881 0.0569205 0.0646206 0.0704462 0.0738791 0.0746931 0.0729818 0.0691212 0.0636564 0.0571597 0.0501266 0.0429342 0.0358508 0.0290713 0.0227586 0.0170708 0.0121616 0.00815303 0.00509599
 0.00662716 0.0106891 0.0159776 0.0224839 0.0301473 0.0387554 0.04783 0.0566376 0.0643465 0.070215 0.0737197 0.0746272 0.073021 0.069263 0.0638802 0.0574299 0.0504023 0.0431817 0.0360515 0.0292218 0.0228648 0.0171415 0.0122049 0.00817599 0.00510486
 0.00667678 0.0107595 0.0160639 0.0225733 0.0302207 0.0387909 0.0478079 0.0565455 0.0641845 0.0699986 0.0734789 0.0743994 0.0728421 0.0691588 0.0638615 0.0574907 0.050522 0.0433313 0.0362021 0.0293522 0.022965 0.0172108 0.0122482 0.00819978 0.00511567
 0.00659818 0.0106475 0.0159242 0.0224198 0.0300696 0.0386526 0.0476813 0.0564198 0.064047 0.0698448 0.0733183 0.0742541 0.0727404 0.0691262 0.0639129 0.0576265 0.0507278 0.0435814 0.0364653 0.0295993 0.0231747 0.0173729 0.0123627 0.00827368 0.00515903
 0.00656497 0.0105852 0.0158164 0.0222496 0.0298281 0.0383495 0.0473497 0.0561102 0.063808 0.0697028 0.0732691 0.0742723 0.0727981 0.0692081 0.0640199 0.0577679 0.0509106 0.0438021 0.0367089 0.0298433 0.0233964 0.0175558 0.0124997 0.0083669 0.00521652
 0.00653216 0.0105285 0.0157238 0.0221057 0.0296147 0.0380495 0.0469555 0.0556334 0.0632879 0.0692054 0.0728718 0.074039 0.0727568 0.0693445 0.0642906 0.0581223 0.0513069 0.0442116 0.0371109 0.0302193 0.0237286 0.0178298 0.0127087 0.0085131 0.00530979
 0.00654299 0.0105456 0.015748 0.0221356 0.0296445 0.0380665 0.0469391 0.0555573 0.0631286 0.0689534 0.0725428 0.0736766 0.0724231 0.0691007 0.0641762 0.0581442 0.051444 0.044428 0.0373691 0.0304873 0.0239812 0.0180488 0.012883 0.00863983 0.00539344
 0.00644721 0.0104104 0.0155826 0.0219617 0.0294902 0.0379564 0.0468849 0.0555542 0.0631562 0.0689817 0.0725409 0.0736238 0.072319 0.0689687 0.0640569 0.0580801 0.0514626 0.0445332 0.0375431 0.0307004 0.0242019 0.018251 0.0130501 0.00876487 0.00547814
 0.00650115 0.010471 0.015625 0.0219492 0.0293883 0.0377522 0.046601 0.0552451 0.062887 0.0688004 0.0724611 0.073625 0.0723624 0.0690182 0.0640945 0.0581105 0.0515058 0.0446107 0.0376655 0.0308617 0.0243832 0.018429 0.0132048 0.00888508 0.00556194
 0.00714805 0.011398 0.0167872 0.0232214 0.0305941 0.0387166 0.0471975 0.055419 0.0626569 0.0682456 0.0716987 0.0727793 0.0715328 0.0682612 0.0634271 0.0575285 0.0510037 0.0441914 0.0373368 0.0306277 0.0242377 0.0183546 0.0131786 0.0088853 0.00557225
 0.00779862 0.0124108 0.0182212 0.025083 0.0328157 0.0411366 0.0495539 0.0573846 0.0639223 0.068621 0.0711766 0.0715237 0.0698066 0.0663369 0.061521 0.0557757 0.0494677 0.0428897 0.0362662 0.0297779 0.0235933 0.0178931 0.0128694 0.0086928 0.00546154
 0.0078357 0.0125463 0.0185643 0.0257823 0.034022 0.042939 0.0519166 0.0601138 0.0666846 0.0710108 0.0728144 0.0721571 0.0693805 0.0649993 0.0595609 0.053524 0.0472088 0.040817 0.0344823 0.0283189 0.0224556 0.01705 0.0122801 0.00830769 0.00522814
 0.00754022 0.0121129 0.0180067 0.0251626 0.0334585 0.0426036 0.0520133 0.0608287 0.0681082 0.0730628 0.0752198 0.0745033 0.0712398 0.0660626 0.059722 0.0528841 0.0460107 0.0393481 0.0329929 0.0269794 0.0213534 0.0162085 0.0116813 0.0079113 0.00498537
 0.00732458 0.0117637 0.0174857 0.0244419 0.0325351 0.0415215 0.050885 0.0598402 0.0674935 0.0730441 0.0759288 0.0759126 0.0731385 0.0681009 0.0615172 0.0541434 0.0466136 0.0393533 0.0325788 0.0263589 0.0207053 0.0156454 0.0112512 0.0076158 0.00480107
 0.00745446 0.0119272 0.0176423 0.0245208 0.0324496 0.0411961 0.0502851 0.0589936 0.0664999 0.0720702 0.0751833 0.0755956 0.0733746 0.06888 0.0626784 0.05542 0.0477259 0.0401053 0.0329104 0.0263358 0.0204622 0.0153212 0.0109462 0.00737947 0.00464259
 0.00742025 0.011897 0.0176406 0.0245768 0.0325788 0.0413751 0.0504388 0.0590113 0.0662798 0.0715743 0.0744712 0.0748199 0.0727355 0.0685581 0.0627681 0.0558923 0.0484372 0.0408542 0.0335168 0.0267019 0.0205879 0.0152752 0.0108177 0.00724016 0.00453109
 0.00733933 0.0117679 0.0174533 0.0243302 0.0322877 0.0410757 0.050185 0.0588548 0.0662399 0.0716156 0.0745141 0.0747847 0.0725962 0.0683682 0.0626383 0.0559315 0.0486923 0.0412841 0.0340137 0.0271454 0.0208973 0.0154328 0.0108563 0.00721272 0.00448315
 0.00744041 0.0119031 0.0176024 0.0244549 0.0323406 0.0410174 0.0500002 0.0585626 0.0658912 0.0712777 0.0742454 0.0746101 0.0725001 0.0683133 0.0626 0.0559202 0.0487455 0.041433 0.0342522 0.0274259 0.0211554 0.0156204 0.0109597 0.00724832 0.00447998
 0.00738499 0.0118455 0.0175737 0.0244988 0.0324947 0.0412873 0.050343 0.0588933 0.0661152 0.071332 0.0741233 0.0743582 0.0721901 0.0680093 0.0623396 0.0557175 0.0486059 0.041363 0.034255 0.0274908 0.0212545 0.0157187 0.0110312 0.00728513 0.0044893
 0.00726317 0.0116574 0.0173117 0.0241693 0.0321243 0.0409264 0.0500613 0.0587607 0.0661711 0.0715595 0.0744496 0.0746863 0.072443 0.0681585 0.062403 0.0557364 0.0486199 0.0413978 0.0343213 0.0275864 0.0213671 0.0158297 0.0111231 0.00734838 0.00452472
 0.00741333 0.0118639 0.0175526 0.0243999 0.0322893 0.0409801 0.0499871 0.0585797 0.0659371 0.0713411 0.0743051 0.0746392 0.0724737 0.0682165 0.0624361 0.0557164 0.0485515 0.0413075 0.0342396 0.0275336 0.0213481 0.0158368 0.0111431 0.00736912 0.00453933
