SBPRF35
8.77735
Curr Bio
643316
B35
569597
F35
0.201337
FOFL
0.201337
OFL
115414
Bzero
2.50781e+006
#pred survey bio
 3.79692e+006 3.50925e+006 3.27719e+006 2.92109e+006 2.66989e+006 2.48787e+006 2.27911e+006 2.06183e+006 1.83687e+006 1.56856e+006 1.34385e+006 1.16377e+006 996603 903123 844327 803972 744612 721441 700696 652324 592652 546433 514350 506879 517511 527091 525286 523393 535173 530298 510116 520075 534120 534106 524784 513953 513621 515561 541317 542091 539048 506560 512886 541048 562043 560997 572534 571531 588570 652138 1.69135e+007 1.54975e+007 1.56558e+007 1.60786e+007 1.66552e+007 1.72679e+007 1.78384e+007 1.83282e+007 1.87267e+007 1.90395e+007 1.92793e+007 1.94603e+007 1.95956e+007 1.96964e+007 1.97714e+007 1.98271e+007 1.98688e+007 1.99e+007 1.99234e+007 1.99412e+007 1.99547e+007 1.9965e+007 1.99728e+007 1.99789e+007 1.99836e+007 1.99872e+007 1.999e+007 1.99921e+007 1.99938e+007 1.99951e+007 1.99961e+007 1.99969e+007 1.99976e+007 1.99981e+007 1.99984e+007 1.99987e+007 1.9999e+007 1.99992e+007 1.99993e+007 1.99994e+007 1.99995e+007 1.99996e+007 1.99996e+007 1.99997e+007 1.99997e+007 1.99997e+007 1.99998e+007 1.99998e+007 1.99998e+007 1.99998e+007 1.99998e+007 1.99998e+007 1.99998e+007 1.99998e+007 1.99998e+007 1.99998e+007 1.99998e+007 1.99998e+007 1.99998e+007 1.99998e+007 1.99998e+007 1.99998e+007 1.99998e+007 1.99998e+007 1.99998e+007 1.99998e+007 1.99998e+007 1.99998e+007 1.99998e+007 1.99998e+007 1.99998e+007 1.99998e+007 1.99998e+007 1.99998e+007 1.99998e+007 1.99998e+007 1.99998e+007 1.99998e+007 1.99998e+007 1.99998e+007 1.99998e+007 1.99998e+007 1.99998e+007 1.99998e+007 1.99998e+007 1.99998e+007 1.99998e+007 1.99998e+007 1.99998e+007 1.99998e+007 1.99998e+007 1.99998e+007 1.99998e+007 1.99998e+007 1.99998e+007 1.99998e+007 1.99998e+007 1.99998e+007 1.99998e+007 1.99998e+007 0 0 0 0 0 0 0 0 0 0 0 0 0 0 0 0 0 0 0 0 0 0 0 0 0
#obs survey bio
 3.85962e+006 3.37871e+006 4.11734e+006 3.54171e+006 2.32392e+006 2.62142e+006 2.02771e+006 2.1445e+006 2.00224e+006 1.53501e+006 1.23087e+006 1.00803e+006 833870 739264 816659 845611 743939 793294 1.0205e+006 700665 701211 619719 511112 425745 494505 737038 360364 681707 524370 533162 483546 379144 615389 457171 526021 549343 584685 408033 545284 569851 473194 475826 415481 565357 681316 518117 550896 479281 398272 708964
#pred catch bio
 99591.1 91617.3 178731 214919 229816 278819 275574 308584 309037 268464 280933 291222 253836 239454 225265 234237 192979 166510 152565 143964 135937 122529 112434 114349 110982 111411 114367 94820.4 109429 98812.2 89063.2 94038.4 95457.8 98621.2 95406.6 91786.9 87584.4 88525.1 87213.5 81997.6 92999.9 88449.9 85979.1 94167.3 86434.6 88098.2 88283 90666.4 87164.6 83304.4 115414 115487 115462 117459 120949 124800 128363 131351 133699 135461 136740 137645 138273 138701 138991 139184 139313 139398 139453 139490 139513 139529 139539 139545 139549 139552 139554 139555 139556 139556 139556 139557 139557 139557 139557 139557 139557 139557 139557 139557 139557 139557 139557 139557 139557 139557 139557 139557 139557 139557 139557 139557 139557 139557 139557 139557 139557 139557 139557 139557 139557 139557 139557 139557 139557 139557 139557 139557 139557 139557 139557 139557 139557 139557 139557 139557 139557 139557 139557 139557 139557 139557 139557 139557 139557 139557 139557 139557 139557 139557 139557 139557 139557 139557 139557 139557 139557 139557 139557 139557 0 0 0 0 0 0 0 0 0 0 0 0 0 0 0 0 0 0 0 0 0 0 0 0 0
#obs catch bio
 0 91096.7 179275 215172 229697 279361 275125 309238 309082 267641 281189 291156 254161 240819 225844 234966 193707 166450 152155 143698 136074 122396 112270 115022 110992 111164 114772 94479.2 109871 98507.5 89048 94242.2 95349.5 98654.4 95372.3 91909.3 87422.1 88861.5 87113.6 81862.2 92931.7 88555.7 86018.9 94444 86184.2 88206.8 88151.1 90657.2 87384.6 83194
#pred cpue bio
 3.75531e+006 3.47097e+006 3.24037e+006 2.88652e+006 2.63637e+006 2.45454e+006 2.24619e+006 2.02962e+006 1.80554e+006 1.5393e+006 1.31654e+006 1.13779e+006 971999 878732 819612 778822 719624 696269 675844 628947 571089 526280 495249 487914 498067 507460 505843 503877 515520 510881 491575 501291 514957 515207 506399 495946 494567 494753 518531 519465 516955 485794 491764 518863 539095 538303 549365 548534 564786 625792 1.62604e+007 1.49311e+007 1.50174e+007 1.5376e+007 1.59373e+007 1.65475e+007 1.71177e+007 1.76074e+007 1.80059e+007 1.83187e+007 1.85585e+007 1.87395e+007 1.88749e+007 1.89757e+007 1.90506e+007 1.91064e+007 1.9148e+007 1.91792e+007 1.92027e+007 1.92204e+007 1.92339e+007 1.92442e+007 1.92521e+007 1.92581e+007 1.92628e+007 1.92664e+007 1.92692e+007 1.92714e+007 1.9273e+007 1.92744e+007 1.92754e+007 1.92762e+007 1.92768e+007 1.92773e+007 1.92777e+007 1.9278e+007 1.92782e+007 1.92784e+007 1.92785e+007 1.92787e+007 1.92787e+007 1.92788e+007 1.92789e+007 1.92789e+007 1.9279e+007 1.9279e+007 1.9279e+007 1.9279e+007 1.9279e+007 1.9279e+007 1.9279e+007 1.92791e+007 1.92791e+007 1.92791e+007 1.92791e+007 1.92791e+007 1.92791e+007 1.92791e+007 1.92791e+007 1.92791e+007 1.92791e+007 1.92791e+007 1.92791e+007 1.92791e+007 1.92791e+007 1.92791e+007 1.92791e+007 1.92791e+007 1.92791e+007 1.92791e+007 1.92791e+007 1.92791e+007 1.92791e+007 1.92791e+007 1.92791e+007 1.92791e+007 1.92791e+007 1.92791e+007 1.92791e+007 1.92791e+007 1.92791e+007 1.92791e+007 1.92791e+007 1.92791e+007 1.92791e+007 1.92791e+007 1.92791e+007 1.92791e+007 1.92791e+007 1.92791e+007 1.92791e+007 1.92791e+007 1.92791e+007 1.92791e+007 1.92791e+007 1.92791e+007 1.92791e+007 1.92791e+007 1.92791e+007 1.92791e+007 0 0 0 0 0 0 0 0 0 0 0 0 0 0 0 0 0 0 0 0 0 0 0 0 0
#obs cpue bio
 3.85183e+006 3.56124e+006 3.09311e+006 1.99822e+006 2.88826e+006 2.31125e+006 2.86868e+006 1.60051e+006 1.98056e+006 1.73015e+006 1.22435e+006 1.5037e+006 970152 835204 883520 789648 590734 738068 548468 591168 428368 510440 499848 386406 664996 427973 575573 468901 415813 731915 401108 622730 546115 572947 517953 407734 540140 411377 738087 456075 698763 413257 578608 466273 603765 454094 701948 637916 618666 712197
#pred surv len freq
 0.00430197 0.00708683 0.0108555 0.0156474 0.0213704 0.0277072 0.0341017 0.0399146 0.044672 0.048219 0.0506774 0.0522909 0.0532932 0.0538574 0.0541005 0.0541092 0.0539656 0.053747 0.0534669 0.052958 0.0517713 0.0492282 0.0447079 0.0380643 0.0298858
 0.00455953 0.00742668 0.0112238 0.0159519 0.0215143 0.0276373 0.0338407 0.0395516 0.0443145 0.0479379 0.0504828 0.0521512 0.0531795 0.0537799 0.0541138 0.0542841 0.0543428 0.0542958 0.0540722 0.0534488 0.0519847 0.0490806 0.0442335 0.0373971 0.029195
 0.00461219 0.00756496 0.0115228 0.0164967 0.0223582 0.0287483 0.0350726 0.0406753 0.0451071 0.0482782 0.0503906 0.0517488 0.0526152 0.0531702 0.0535339 0.0537871 0.0539712 0.0540663 0.0539486 0.0533343 0.0517538 0.0486406 0.0435774 0.0366111 0.0284145
 0.00476829 0.00780537 0.0118641 0.0169569 0.0229662 0.0295485 0.0361114 0.0419634 0.046574 0.0497528 0.0516378 0.0525542 0.0528689 0.0528991 0.0528683 0.0528952 0.0530027 0.0531219 0.0530684 0.0524981 0.0509026 0.0477184 0.0425776 0.0355939 0.0274817
 0.00493862 0.00809183 0.0123115 0.0176097 0.0238557 0.0306773 0.0374435 0.0434311 0.0480983 0.0512583 0.0530446 0.0537556 0.0537271 0.0532795 0.0526964 0.0521954 0.0518896 0.0517514 0.0515804 0.0509812 0.0493935 0.0462312 0.0411407 0.034269 0.0263486
 0.00509391 0.00834974 0.0127107 0.0181917 0.0246591 0.0317267 0.0387351 0.0449235 0.0497138 0.0528966 0.0545999 0.0551288 0.0548256 0.0540099 0.0529666 0.0519369 0.0510902 0.0504731 0.0499447 0.0491319 0.047462 0.0443256 0.0393553 0.0326925 0.0250561
 0.00531944 0.00871656 0.0132631 0.0189714 0.0256976 0.0330336 0.0402862 0.0466563 0.0515361 0.0547024 0.0562843 0.056596 0.0559901 0.0547957 0.0533045 0.0517653 0.0503667 0.0491954 0.0481703 0.0469802 0.0450976 0.0419315 0.0371076 0.0307385 0.0234934
 0.0054966 0.00901602 0.013735 0.0196697 0.0266691 0.0343003 0.0418283 0.0484071 0.0533939 0.0565522 0.0580175 0.0581191 0.057225 0.0556745 0.0537646 0.0517473 0.0498186 0.0480872 0.0465159 0.0448585 0.0426584 0.0393799 0.0346669 0.0286045 0.0217938
 0.00569043 0.00934422 0.0142536 0.0204398 0.0277456 0.0357121 0.0435582 0.0503827 0.0554967 0.0586402 0.0599496 0.059774 0.0585109 0.0565292 0.0541478 0.0516282 0.0491682 0.0468827 0.0447596 0.0426062 0.0400418 0.0366053 0.0319822 0.0262412 0.0199092
 0.00597089 0.00979133 0.0149109 0.0213442 0.0289236 0.0371729 0.0452833 0.0523174 0.0575508 0.0606977 0.0618827 0.0614575 0.0598353 0.0574108 0.0545312 0.0514813 0.048473 0.0456306 0.0429605 0.0403117 0.0373719 0.0337579 0.0292073 0.0237836 0.0179417
 0.00612184 0.0100596 0.0153562 0.0220348 0.0299189 0.0384982 0.046908 0.0541543 0.0594783 0.0625924 0.0636414 0.0629993 0.0610912 0.0583147 0.055019 0.0514965 0.0479722 0.0445891 0.0413804 0.0382392 0.0349177 0.0311064 0.0265963 0.0214514 0.0160626
 0.00626514 0.0103178 0.0157922 0.0227248 0.0309378 0.0398937 0.0486737 0.0562149 0.0616965 0.0647946 0.0656514 0.0646701 0.0623248 0.0590639 0.0552724 0.0512562 0.0472386 0.0433592 0.0396622 0.0360752 0.0324103 0.0284291 0.0239758 0.0191168 0.014183
 0.00658636 0.0108307 0.0165476 0.0237662 0.032296 0.0415778 0.050657 0.0584243 0.0640131 0.0670651 0.0677082 0.0663541 0.0635089 0.0596712 0.0552811 0.0506884 0.0461385 0.0417745 0.0376405 0.0336799 0.0297466 0.0256603 0.0213114 0.0167682 0.0123044
 0.00681622 0.0112126 0.017137 0.0246176 0.0334502 0.0430423 0.0523895 0.0603323 0.065974 0.068955 0.0694202 0.0677991 0.0646074 0.0603495 0.055479 0.0503712 0.0453037 0.0404495 0.0358777 0.0315572 0.0273771 0.0231999 0.018949 0.0146894 0.0106432
 0.00702697 0.0115549 0.017652 0.0253445 0.03442 0.0442669 0.0538486 0.0619659 0.0676859 0.070629 0.0709406 0.0690676 0.0655522 0.0609236 0.0556521 0.0501226 0.044622 0.0393392 0.0343686 0.0297137 0.0253046 0.0210446 0.0168823 0.0128751 0.00919662
 0.00715173 0.0117675 0.01799 0.0258486 0.0351256 0.04519 0.0549733 0.0632411 0.069035 0.0719661 0.0721831 0.0701423 0.0663965 0.0614867 0.0558961 0.0500221 0.0441627 0.038519 0.0332038 0.02825 0.023627 0.0192781 0.0151761 0.0113717 0.00799593
 0.00742195 0.0121952 0.0186118 0.0266902 0.0361964 0.0464753 0.0564252 0.0647749 0.0705394 0.0733231 0.0732913 0.0709324 0.0668363 0.0615759 0.0556549 0.0494778 0.0433406 0.0374405 0.0318928 0.0267454 0.0219957 0.017619 0.0136094 0.0100123 0.00692221
 0.00757963 0.0124285 0.0189208 0.0270625 0.0366139 0.0469249 0.0569057 0.0652964 0.0711148 0.073957 0.073969 0.0716159 0.0674671 0.0620867 0.0559834 0.0495782 0.0431876 0.0370282 0.0312329 0.0258696 0.0209602 0.0165067 0.0125208 0.00904465 0.00614524
 0.00765008 0.0125311 0.0190524 0.0272111 0.0367604 0.047048 0.056989 0.0653368 0.07113 0.0739875 0.0740698 0.0718353 0.0678234 0.0625539 0.0564944 0.0500436 0.0435201 0.0371618 0.0311339 0.0255397 0.0204365 0.0158561 0.011829 0.00839777 0.00560849
 0.00770762 0.0126176 0.0191691 0.0273531 0.0369166 0.0472015 0.0571191 0.065422 0.0711555 0.0739542 0.0739999 0.071771 0.0678156 0.0626425 0.0566898 0.0503169 0.043809 0.0373892 0.0312314 0.0254679 0.0201947 0.015482 0.0113864 0.00795784 0.00522944
 0.00769795 0.0126204 0.0192067 0.0274557 0.0371113 0.0474976 0.0574953 0.0658271 0.0715226 0.0742223 0.0741327 0.0717663 0.0677036 0.0624756 0.0565253 0.0501974 0.0437464 0.0373612 0.0311925 0.0253705 0.0200105 0.0152139 0.0110669 0.00763432 0.00494585
 0.00775714 0.0127057 0.0193162 0.0275837 0.0372545 0.047661 0.0576939 0.0660773 0.0718267 0.0745558 0.0744448 0.0719961 0.0678047 0.0624352 0.0563679 0.0499722 0.0435052 0.0371379 0.0309937 0.02518 0.0198059 0.0149834 0.010818 0.00739013 0.00473293
 0.0078846 0.0128893 0.0195483 0.0278411 0.0375042 0.0478703 0.0578406 0.0661565 0.0718523 0.0745555 0.0744486 0.0720208 0.067844 0.0624627 0.0563525 0.0498966 0.0433739 0.0369718 0.0308152 0.0250016 0.0196282 0.0148031 0.0106368 0.00721787 0.00458367
 0.00784364 0.0128463 0.0195259 0.0278712 0.037615 0.0480681 0.0580981 0.0664181 0.0720568 0.0746641 0.0744605 0.0719688 0.0677733 0.062407 0.0563213 0.0498771 0.0433452 0.0369186 0.0307344 0.0248989 0.0195117 0.0146796 0.0105127 0.00710104 0.00448278
 0.00781045 0.0127919 0.0194449 0.0277629 0.0374887 0.047948 0.0580218 0.0664253 0.072169 0.0748682 0.0747099 0.0722037 0.0679487 0.0625093 0.0563642 0.0498843 0.0433339 0.036894 0.0306942 0.0248408 0.0194374 0.0145946 0.0104246 0.00701785 0.00441146
 0.00780435 0.012768 0.0193834 0.027638 0.0372766 0.0476401 0.0576367 0.0660119 0.0717977 0.0746113 0.0746184 0.0722902 0.0681839 0.0628354 0.056718 0.0502175 0.0436209 0.0371268 0.0308732 0.0249685 0.0195177 0.0146339 0.0104323 0.00700542 0.00438987
 0.0078722 0.0128642 0.0195012 0.0277593 0.037374 0.0476812 0.0575912 0.0658601 0.0715407 0.0742781 0.0742648 0.0719851 0.0679873 0.0627773 0.0567905 0.050383 0.04383 0.0373363 0.0310548 0.0251092 0.0196151 0.014692 0.0104591 0.00701049 0.00438296
 0.0079491 0.0129916 0.0196959 0.0280349 0.037733 0.0481054 0.0580349 0.0662539 0.0718081 0.0743601 0.0741407 0.0716805 0.0675658 0.0623209 0.0563751 0.0500575 0.0436087 0.0372046 0.0309837 0.02507 0.0195873 0.0146655 0.0104312 0.00698297 0.00435856
 0.00781668 0.012779 0.0193826 0.027609 0.0371988 0.0474937 0.0574075 0.065695 0.0714006 0.0741566 0.0741463 0.0718577 0.0678567 0.0626724 0.0567536 0.0504499 0.044011 0.0376098 0.0313761 0.0254274 0.0198893 0.0149002 0.010598 0.00709076 0.00442147
 0.00786483 0.0128511 0.0194788 0.0277227 0.037316 0.0475929 0.0574628 0.0656833 0.0713116 0.0740004 0.0739524 0.0716632 0.0676912 0.0625493 0.0566727 0.0504056 0.0440004 0.0376329 0.031431 0.0255059 0.0199775 0.014983 0.0106645 0.00713696 0.0044492
 0.00798328 0.0130106 0.0196582 0.0278823 0.0374096 0.0475858 0.057346 0.0654748 0.0710463 0.0737162 0.0736814 0.0714306 0.067516 0.062444 0.0566401 0.0504382 0.0440836 0.0377499 0.0315671 0.0256486 0.0201153 0.0151052 0.010763 0.00720843 0.00449554
 0.00788547 0.0128814 0.019517 0.0277608 0.037337 0.0475691 0.0573585 0.0654656 0.0709667 0.0735482 0.0734493 0.0711878 0.0673203 0.0623355 0.0566332 0.0505256 0.0442443 0.0379578 0.0317961 0.0258763 0.0203243 0.0152833 0.0109036 0.00731023 0.00456268
 0.00777909 0.0127165 0.0192856 0.0274661 0.0369975 0.0472219 0.0570558 0.0652607 0.0708913 0.0735942 0.0735708 0.0713253 0.0674319 0.062414 0.0567005 0.0506122 0.044371 0.0381278 0.0319976 0.0260897 0.020529 0.0154629 0.011048 0.00741663 0.00463404
 0.00769464 0.0125802 0.0190827 0.027185 0.0366344 0.0467864 0.0565782 0.0647924 0.0704969 0.0733346 0.0734825 0.0714077 0.067648 0.0627068 0.0570171 0.0509211 0.0446643 0.0384106 0.0322747 0.0263579 0.0207776 0.0156789 0.0112218 0.00754494 0.0047205
 0.00776532 0.0126732 0.019182 0.0272614 0.0366525 0.0467165 0.0564069 0.0645279 0.0701671 0.0729818 0.0731561 0.0711544 0.0675007 0.0626754 0.0570866 0.0510604 0.0448404 0.0385999 0.032465 0.0265436 0.0209534 0.0158371 0.0113543 0.00764674 0.0047915
 0.00849671 0.0137129 0.0204693 0.0286435 0.0379239 0.0476866 0.056955 0.0646216 0.0698472 0.0723344 0.0722892 0.0701811 0.0665252 0.0617812 0.0563271 0.0504567 0.0443866 0.0382739 0.0322403 0.0263969 0.0208663 0.0157939 0.0113406 0.00764941 0.00480054
 0.00920044 0.0148323 0.0220978 0.0308244 0.0406103 0.0506976 0.0599575 0.0671778 0.0715374 0.0729015 0.0717209 0.0686855 0.0644287 0.0594154 0.0539573 0.0482594 0.0424583 0.0366516 0.0309228 0.0253621 0.0200822 0.0152249 0.010949 0.00739646 0.00464866
 0.00917442 0.0148899 0.0223686 0.0314884 0.0418493 0.0526144 0.0625005 0.0701116 0.0744788 0.0754085 0.0734035 0.0693048 0.0639523 0.0580103 0.0519219 0.0459276 0.0401181 0.0345036 0.0290774 0.0238595 0.0189167 0.0143644 0.0103473 0.00700123 0.00440694
 0.00886266 0.0144297 0.0217697 0.0308087 0.0412026 0.052169 0.0624596 0.0706651 0.0757275 0.0772895 0.0756643 0.0715554 0.0657824 0.0591163 0.0521895 0.0454385 0.0390906 0.033204 0.027742 0.0226522 0.0179234 0.0136083 0.00981133 0.00664747 0.0041904
 0.00879354 0.0142754 0.0214633 0.0302716 0.0403773 0.0510662 0.0611969 0.0694683 0.0748813 0.0770522 0.0761789 0.0727908 0.0675266 0.0610305 0.0539094 0.0466846 0.0397413 0.0333025 0.0274445 0.0221507 0.0173821 0.0131325 0.00944698 0.00639751 0.00403496
 0.00866171 0.0140797 0.0212003 0.0299422 0.0399763 0.0505726 0.0605778 0.068704 0.074005 0.0761801 0.0755026 0.0725211 0.0678081 0.0618694 0.0551538 0.0480731 0.0409962 0.0342241 0.027962 0.0223139 0.0173094 0.0129509 0.00925135 0.00623822 0.00392612
 0.00875401 0.0142127 0.0213692 0.030132 0.0401659 0.0507396 0.0606991 0.0687513 0.0739409 0.0759664 0.0751259 0.0720233 0.0672978 0.0614935 0.0550342 0.0482439 0.0413828 0.0346784 0.0283335 0.0225122 0.0173268 0.0128411 0.00908818 0.00608122 0.00380604
 0.00874897 0.0142181 0.0214013 0.0302116 0.0403096 0.0509479 0.0609486 0.0689971 0.07413 0.0760536 0.0750839 0.0718472 0.0670089 0.061144 0.0547035 0.0480161 0.0413101 0.0347532 0.0284917 0.022668 0.0174157 0.0128445 0.00902744 0.00599422 0.00372469
 0.00866642 0.0140889 0.0212176 0.0299731 0.040028 0.0506504 0.0606776 0.0688016 0.0740484 0.0760964 0.0752271 0.0720417 0.0672006 0.0612949 0.0548047 0.0480885 0.0413912 0.0348742 0.0286574 0.0228529 0.0175796 0.0129559 0.00907853 0.00599884 0.0037055
 0.00872826 0.0141705 0.0213053 0.0300427 0.0400508 0.0506052 0.0605603 0.0686293 0.0738553 0.0759231 0.0751078 0.0719928 0.0672155 0.0613485 0.0548668 0.0481383 0.0414262 0.0349073 0.0287039 0.0229175 0.0176523 0.013019 0.00911842 0.00601323 0.00370173
 0.00878496 0.0142451 0.0213847 0.0301022 0.0400594 0.0505343 0.0603938 0.06837 0.0735272 0.0755696 0.074784 0.0717524 0.0670957 0.0613586 0.0549869 0.0483295 0.0416468 0.0351259 0.0289044 0.0230945 0.0178034 0.0131403 0.00920665 0.00606886 0.00373068
 0.00870176 0.0141411 0.0212847 0.0300448 0.0400821 0.0506515 0.0605816 0.0685694 0.0736673 0.0755976 0.074686 0.0715563 0.066857 0.0611387 0.0548327 0.0482621 0.0416604 0.0351978 0.029007 0.0232048 0.0179061 0.0132267 0.00927242 0.00611336 0.00375666
 0.0088019 0.0142627 0.0213937 0.0300906 0.0400184 0.0504656 0.0603118 0.068294 0.0734668 0.0755134 0.0747033 0.0716212 0.0669128 0.0611562 0.0548178 0.0482424 0.0416648 0.0352409 0.0290859 0.0233049 0.0180097 0.0133196 0.00934619 0.00616569 0.00378965
 0.00889371 0.0144154 0.0216269 0.0304162 0.0404288 0.0509207 0.0607367 0.0685975 0.0735786 0.0754184 0.0744482 0.0712857 0.0665686 0.0608407 0.0545374 0.0479925 0.0414461 0.035062 0.0289557 0.0232247 0.0179714 0.0133097 0.00935103 0.00617514 0.0037981
 0.00849136 0.0138478 0.0209334 0.0296898 0.0397918 0.0504838 0.0605625 0.068685 0.0738712 0.0758268 0.0748801 0.0716737 0.066885 0.0610932 0.0547497 0.0481843 0.0416252 0.0352284 0.0291079 0.0233624 0.0180943 0.0134155 0.00943673 0.00623899 0.00384122
#obs surv len freq
 nan nan nan nan nan nan nan nan nan nan nan nan nan nan nan nan nan nan nan nan nan nan nan nan nan
 0.00448226 0.00734269 0.0111721 0.0159884 0.02169 0.0279669 0.0342825 0.0400151 0.0446954 0.0481595 0.0505172 0.0520126 0.0529043 0.0534162 0.05373 0.0539846 0.0542629 0.0545555 0.0546942 0.054286 0.052724 0.0493562 0.0438059 0.036286 0.0276697
 0.00461404 0.00755799 0.0114978 0.0164493 0.0223028 0.0287311 0.0351713 0.0409722 0.0456428 0.0490123 0.0511995 0.0524691 0.053106 0.0533609 0.0534388 0.0534939 0.0536158 0.0537943 0.0538578 0.0534114 0.0518497 0.0485249 0.0430621 0.0356672 0.0271968
 0.00478127 0.00783152 0.0119125 0.0170387 0.0230919 0.0297265 0.0363491 0.0422736 0.0469802 0.0502836 0.0523039 0.0533187 0.0536347 0.0535306 0.0532423 0.0529531 0.0527755 0.0527137 0.052603 0.0520526 0.0504624 0.0471898 0.0418595 0.0346632 0.026428
 0.00496334 0.00813184 0.0123725 0.0176999 0.0239879 0.0308699 0.0377184 0.043808 0.048587 0.051854 0.0537287 0.0544978 0.0544828 0.0539818 0.0532554 0.0525165 0.0519091 0.0514671 0.0510517 0.0502938 0.0486114 0.0453741 0.0402049 0.0332727 0.0253593
 0.005175 0.00847573 0.0128901 0.0184303 0.0249621 0.0320997 0.0391852 0.0454562 0.0503298 0.0535868 0.0553427 0.0558898 0.05556 0.0546648 0.053482 0.052246 0.0511285 0.0501978 0.0493548 0.0482725 0.0464086 0.0431604 0.0381551 0.0315325 0.0240136
 0.00540792 0.00885794 0.0134717 0.0192599 0.0260763 0.0335089 0.0408576 0.0473149 0.0522652 0.0554791 0.0570811 0.0573801 0.0567226 0.0554311 0.0537914 0.0520482 0.0503895 0.0489113 0.0475563 0.046053 0.0439196 0.0406028 0.0357475 0.0294645 0.0224015
 0.00564761 0.00924952 0.0140648 0.0201026 0.0272068 0.0349413 0.0425675 0.0492321 0.0542823 0.0574705 0.0589235 0.0589659 0.0579652 0.0562637 0.0541615 0.0519116 0.0497098 0.0476681 0.0457638 0.0437818 0.0413126 0.0378701 0.0331333 0.0271909 0.0206129
 0.00588697 0.00964271 0.0146641 0.0209593 0.0283612 0.0364074 0.0443166 0.0511886 0.0563338 0.0594905 0.0607905 0.0605747 0.0592299 0.0571164 0.0545496 0.0517939 0.0490532 0.0464516 0.0439926 0.041512 0.0386733 0.0350671 0.0304189 0.0248051 0.0187198
 0.00613221 0.0100437 0.015272 0.0218234 0.0295202 0.0378744 0.046064 0.0531416 0.0583808 0.061503 0.0626447 0.0621636 0.0604687 0.0579413 0.0549139 0.0516622 0.0483976 0.0452536 0.0422554 0.0392836 0.0360708 0.0322849 0.0277043 0.0224012 0.0167991
 0.00638101 0.0104523 0.0158946 0.0227124 0.0307158 0.0393877 0.0478605 0.0551358 0.0604496 0.0635103 0.0644643 0.0636919 0.0616274 0.0586756 0.0551871 0.05145 0.0476828 0.0440259 0.040522 0.0370897 0.033524 0.0295659 0.0250472 0.0200407 0.0149056
 0.00663136 0.0108623 0.0165171 0.0235985 0.0319045 0.0408902 0.0496432 0.0571148 0.0625011 0.0654946 0.0662491 0.065168 0.0627148 0.0593232 0.0553675 0.0511518 0.0469029 0.0427674 0.0388009 0.0349533 0.031073 0.0269662 0.0225139 0.0177911 0.0130991
 0.00683872 0.0112069 0.0170495 0.0243704 0.0329583 0.042242 0.0512665 0.0589342 0.0644034 0.0673504 0.0679339 0.0665756 0.0637632 0.0599558 0.0555523 0.0508762 0.0461681 0.0415846 0.0371948 0.0329751 0.0288188 0.0245869 0.0202019 0.0157404 0.0114522
 0.00706353 0.0115725 0.0176 0.0251472 0.0339923 0.0435416 0.0528041 0.0606404 0.0661746 0.0690673 0.06948 0.067851 0.0646913 0.0604858 0.0556572 0.0505485 0.0454142 0.0404221 0.0356551 0.0311133 0.0267275 0.0224035 0.0180973 0.0138837 0.00996612
 0.0072709 0.0119126 0.0181171 0.0258833 0.0349779 0.0447811 0.0542624 0.0622398 0.0678077 0.0706189 0.0708471 0.068952 0.0654677 0.0608996 0.0556882 0.0501916 0.0446773 0.039324 0.0342287 0.0294133 0.0248407 0.0204534 0.0162325 0.0122487 0.00866325
 0.00747143 0.0122418 0.0186183 0.0265978 0.035936 0.0459877 0.0556827 0.0637947 0.0693856 0.0720979 0.0721175 0.0699305 0.0661021 0.0611664 0.0555865 0.0497347 0.0438866 0.0382269 0.0328616 0.0278296 0.0231195 0.0187029 0.0145796 0.0108135 0.0075282
 0.00754743 0.0123704 0.0188219 0.0269026 0.0363689 0.0465706 0.0564245 0.0646847 0.0703903 0.0731622 0.073169 0.070888 0.0668862 0.0617109 0.0558455 0.0496855 0.043527 0.0375716 0.0319408 0.0266915 0.0218354 0.0173676 0.0133021 0.00969557 0.00663996
 0.00757922 0.0124186 0.0188887 0.0269902 0.036482 0.0467201 0.0566289 0.064968 0.0707753 0.0736615 0.0737757 0.0715708 0.0675901 0.062364 0.0563716 0.050017 0.0436156 0.0373943 0.0315018 0.0260227 0.0209957 0.0164397 0.0123813 0.00887148 0.00597581
 0.00767505 0.0125616 0.01908 0.0272216 0.0367385 0.0469831 0.056881 0.065197 0.070979 0.0738499 0.0739698 0.0717939 0.067855 0.0626623 0.0566702 0.0502632 0.04375 0.0373658 0.031281 0.0256105 0.0204257 0.015774 0.0116982 0.00824739 0.00546639
 0.00772876 0.0126474 0.0192055 0.0273915 0.0369512 0.0472281 0.0571367 0.0654346 0.0711705 0.0739798 0.0740423 0.0718314 0.0678895 0.0627217 0.0567656 0.0503818 0.0438562 0.037411 0.0312194 0.0254151 0.0200997 0.0153515 0.011236 0.0078073 0.00509724
 0.00777725 0.0127188 0.0192996 0.0275036 0.0370748 0.0473573 0.0572679 0.0655646 0.0712945 0.0740892 0.0741271 0.0718854 0.0679156 0.0627326 0.0567787 0.0504094 0.0438957 0.037442 0.0312092 0.0253323 0.0199289 0.0151025 0.0109416 0.0075116 0.00483982
 0.0078039 0.0127581 0.019351 0.0275638 0.0371375 0.0474151 0.0573141 0.0655951 0.0713098 0.074095 0.0741322 0.0718979 0.0679391 0.0627669 0.0568219 0.0504601 0.0439513 0.0374943 0.0312423 0.0253253 0.0198655 0.0149802 0.0107759 0.00733065 0.00467307
 0.00785932 0.0128431 0.019469 0.0277137 0.0373131 0.0476048 0.0575007 0.0657578 0.0714282 0.0741553 0.0741313 0.0718444 0.0678497 0.0626606 0.0567151 0.0503636 0.0438699 0.0374267 0.0311811 0.0252588 0.0197815 0.0148727 0.0106491 0.00719827 0.00455226
 0.0078636 0.0128533 0.0194904 0.0277527 0.0373756 0.0476927 0.0576098 0.0658772 0.0715427 0.0742496 0.0741939 0.0718694 0.0678381 0.0626197 0.056656 0.0502981 0.0438074 0.037372 0.0311329 0.0252113 0.019727 0.014806 0.0105707 0.00711515 0.0044747
 0.00788222 0.0128736 0.0195031 0.0277444 0.0373343 0.0476152 0.057507 0.0657723 0.0714627 0.0742139 0.0742078 0.0719243 0.0679171 0.062705 0.0567344 0.0503633 0.0438586 0.0374111 0.0311616 0.0252287 0.0197306 0.0147936 0.0105432 0.00707755 0.00443453
 0.00789955 0.0128988 0.0195349 0.0277783 0.0373617 0.0476244 0.0574849 0.0657099 0.0713607 0.0740872 0.0740826 0.0718292 0.067872 0.0627138 0.0567864 0.0504404 0.0439429 0.0374899 0.0312277 0.0252789 0.0197634 0.0148088 0.0105425 0.00706512 0.00441609
 0.00788431 0.0128763 0.019505 0.0277424 0.0373218 0.047582 0.0574401 0.0656608 0.0713043 0.0740214 0.0740094 0.0717573 0.0678159 0.0626895 0.0568041 0.0504998 0.0440336 0.0375954 0.031332 0.02537 0.0198343 0.0148574 0.0105703 0.00707626 0.00441627
 0.00787858 0.0128618 0.019474 0.0276852 0.0372307 0.0474559 0.0572879 0.0655009 0.0711586 0.0739077 0.0739363 0.0717245 0.0678182 0.0627222 0.0568654 0.0505891 0.044148 0.0377274 0.0314693 0.0254991 0.0199442 0.0149417 0.0106282 0.00711111 0.00443395
 0.00788421 0.0128695 0.0194826 0.0276917 0.0372297 0.0474397 0.0572481 0.065431 0.0710585 0.0737862 0.0738103 0.0716136 0.0677385 0.0626816 0.0568642 0.0506231 0.0442113 0.0378128 0.0315684 0.0256015 0.0200391 0.0150208 0.010687 0.00714996 0.0044564
 0.00785042 0.0128143 0.0193994 0.027575 0.0370771 0.0472547 0.0570418 0.0652215 0.0708661 0.0736287 0.0736995 0.0715558 0.0677361 0.062734 0.0569672 0.0507683 0.0443866 0.0380047 0.031763 0.0257861 0.0202028 0.0151557 0.0107894 0.00722092 0.00450089
 0.0078547 0.0128153 0.0193898 0.0275443 0.0370139 0.0471512 0.0568976 0.0650452 0.0706743 0.0734419 0.0735379 0.0714356 0.0676676 0.0627212 0.0570084 0.0508577 0.0445151 0.0381604 0.0319322 0.0259546 0.0203579 0.0152875 0.0108925 0.00729458 0.00454868
 0.00782313 0.0127678 0.019325 0.0274626 0.0369165 0.0470382 0.0567679 0.0648986 0.0705138 0.0732765 0.0733831 0.07131 0.0675882 0.0626992 0.0570471 0.0509526 0.044656 0.0383334 0.0321218 0.0261449 0.0205345 0.0154391 0.0110124 0.00738156 0.00460615
 0.00778911 0.0127137 0.0192461 0.0273561 0.0367827 0.0468821 0.0566001 0.0647332 0.0703647 0.0731532 0.0732891 0.0712454 0.0675538 0.0626985 0.0570854 0.0510333 0.0447777 0.038489 0.032299 0.0263287 0.0207096 0.0155928 0.0111364 0.00747304 0.00466764
 0.00776067 0.0126646 0.0191671 0.0272376 0.0366176 0.0466702 0.0563521 0.0644709 0.070117 0.0729482 0.0731473 0.0711757 0.0675542 0.0627596 0.0571955 0.0511821 0.0449568 0.0386904 0.0325131 0.0265432 0.0209112 0.0157689 0.0112786 0.00757849 0.00473897
 0.00773612 0.0126205 0.0190933 0.0271218 0.0364487 0.0464431 0.056072 0.0641557 0.0697953 0.0726541 0.0729136 0.0710282 0.0675063 0.0628111 0.0573337 0.0513867 0.0452054 0.0389625 0.032791 0.0268117 0.0211564 0.0159794 0.0114471 0.00770299 0.00482322
 0.00930002 0.0148096 0.021735 0.0298368 0.0387606 0.0479533 0.0565992 0.0637632 0.0687127 0.0711616 0.0712563 0.0693825 0.0659838 0.0614737 0.0562082 0.0504747 0.0444922 0.0384239 0.0323997 0.0265404 0.0209795 0.0158731 0.0113897 0.00767637 0.00481349
 0.00930052 0.0150983 0.0226764 0.0318815 0.0422485 0.0528483 0.0623206 0.0692795 0.0729061 0.073267 0.0711133 0.0673807 0.0627945 0.0577647 0.0524776 0.0470204 0.0414567 0.0358539 0.0302913 0.024865 0.0196954 0.0149305 0.0107329 0.00724588 0.00455061
 0.00895194 0.014553 0.021917 0.030962 0.0413458 0.0522954 0.0625661 0.0707268 0.0756717 0.0770008 0.0750428 0.0706024 0.0646494 0.0580667 0.0514845 0.0452225 0.0393461 0.0337903 0.0284761 0.0233781 0.018544 0.0140843 0.0101444 0.00686141 0.00431652
 0.00878079 0.0142626 0.0214584 0.0302861 0.0404226 0.0511489 0.0613162 0.0696159 0.0750419 0.0771977 0.0762606 0.0727411 0.0672857 0.0605919 0.0533494 0.0461463 0.0393713 0.033183 0.0275647 0.0224295 0.017717 0.0134422 0.00968852 0.00656245 0.00413527
 0.00871457 0.0141503 0.0212796 0.0300157 0.0400326 0.0506142 0.0606265 0.068794 0.0741653 0.0764151 0.0757817 0.0727827 0.0679751 0.0618739 0.0549647 0.0477163 0.0405544 0.0338063 0.0276581 0.0221605 0.0172868 0.0130074 0.00933403 0.00631229 0.00397799
 0.00869287 0.0141114 0.0212141 0.0299113 0.0398753 0.0503904 0.060325 0.0684091 0.0737005 0.0758922 0.0752541 0.0723456 0.0677569 0.061995 0.0554746 0.0485441 0.0415144 0.0346698 0.0282513 0.0224271 0.0172837 0.0128489 0.00912987 0.00613267 0.00384989
 0.00869076 0.0141075 0.0212069 0.0298982 0.0398517 0.0503488 0.0602552 0.0682985 0.0735368 0.0756673 0.0749704 0.0720239 0.0674438 0.0617632 0.0554056 0.0486935 0.0418752 0.0351601 0.0287431 0.0228037 0.0174876 0.0128935 0.00907317 0.00603871 0.00376274
 0.00867872 0.0140898 0.0211836 0.0298706 0.0398216 0.0503175 0.0602224 0.0682614 0.0734897 0.0756016 0.0748764 0.0718955 0.0672847 0.0615935 0.0552638 0.0486286 0.0419262 0.0353329 0.0289994 0.0230745 0.0177052 0.0130211 0.0091141 0.00602278 0.00372435
 0.00866927 0.0140741 0.0211596 0.0298365 0.0397768 0.0502637 0.060164 0.0682047 0.0734408 0.0755631 0.0748457 0.0718649 0.0672452 0.0615403 0.055202 0.0485762 0.0419097 0.0353748 0.0291043 0.023222 0.0178581 0.0131435 0.0091876 0.00605043 0.00372248
 0.00867451 0.0140808 0.0211662 0.0298403 0.0397745 0.0502521 0.0601415 0.068172 0.0734006 0.0755198 0.074804 0.0718278 0.0672125 0.0615091 0.0551697 0.0485439 0.0418855 0.0353718 0.0291332 0.0232833 0.0179392 0.0132241 0.00924992 0.00608696 0.00373652
 0.00867065 0.0140782 0.0211689 0.0298536 0.039803 0.0502968 0.0601971 0.0682278 0.073444 0.0755408 0.0747985 0.071798 0.0671648 0.0614511 0.0551076 0.0484829 0.0418306 0.0353293 0.02911 0.0232834 0.0179603 0.0132571 0.0092833 0.00611198 0.00375031
 0.00863545 0.0140239 0.021093 0.0297569 0.0396903 0.0501779 0.0600865 0.0681421 0.0733967 0.0755375 0.0748346 0.0718611 0.0672402 0.0615266 0.0551761 0.0485418 0.0418807 0.0353733 0.0291518 0.0233264 0.0180055 0.0133024 0.00932403 0.00614378 0.00377135
 0.00864579 0.0140348 0.0210987 0.0297485 0.0396587 0.050118 0.0600005 0.0680406 0.0732963 0.0754555 0.0747842 0.0718478 0.0672612 0.0615723 0.0552344 0.0486019 0.0419358 0.0354211 0.0291932 0.0233638 0.0180408 0.0133357 0.00935388 0.00616796 0.00378855
 0.00863461 0.0140194 0.0210802 0.0297289 0.0396391 0.0500964 0.0599716 0.0679976 0.0732351 0.0753794 0.0747043 0.0717804 0.0672209 0.0615671 0.0552632 0.0486559 0.0420032 0.035491 0.0292584 0.023421 0.0180896 0.0133765 0.00938684 0.00619313 0.0038062
 0.00860013 0.013969 0.0210151 0.0296541 0.0395625 0.0500268 0.0599163 0.0679604 0.0732155 0.0753725 0.0747034 0.0717803 0.0672213 0.061573 0.0552816 0.0486917 0.0420558 0.0355549 0.0293259 0.0234851 0.0181457 0.0134226 0.00942271 0.00621942 0.00382413
#pred catch len freq
 0.00314776 0.00513196 0.00778457 0.0111621 0.0153085 0.0202016 0.0256947 0.031514 0.0373186 0.0427722 0.047591 0.0515766 0.0546406 0.0568053 0.0581769 0.0589126 0.0591962 0.0592048 0.0590269 0.0585288 0.057246 0.0544458 0.0494508 0.0421039 0.033058
 0.00334206 0.00539092 0.008071 0.0114112 0.0154516 0.0202009 0.0255649 0.0313143 0.0371172 0.0426079 0.0474589 0.0514487 0.0545031 0.0566877 0.0581519 0.0590644 0.0595717 0.0597702 0.0596549 0.0590305 0.0574419 0.0542445 0.0488917 0.0413368 0.0322712
 0.00342654 0.00555853 0.00837409 0.0119036 0.0161594 0.0210863 0.0265094 0.0321445 0.0376723 0.0428092 0.0473346 0.0510994 0.0540418 0.0561997 0.0576952 0.058689 0.0593251 0.0596741 0.0596719 0.059054 0.0573315 0.0538939 0.0482881 0.0405702 0.0314876
 0.00358152 0.00579757 0.00871422 0.0123636 0.0167691 0.0218914 0.0275567 0.0334441 0.0391518 0.0442947 0.0485884 0.0519054 0.0542907 0.0559207 0.0570217 0.0577922 0.0583578 0.0587395 0.0588095 0.0582393 0.0564963 0.0529732 0.0472703 0.0395183 0.0305121
 0.0037413 0.00605945 0.00911185 0.0129287 0.0175254 0.0228466 0.0286983 0.0347433 0.0405709 0.0457855 0.0500729 0.0532537 0.0553271 0.0564725 0.0569885 0.05719 0.057307 0.0574089 0.0573512 0.056748 0.0550083 0.0514976 0.0458313 0.0381774 0.0293542
 0.00391393 0.00633787 0.00952815 0.013515 0.0183124 0.023858 0.0299408 0.0361953 0.0421771 0.0474613 0.0517165 0.0547571 0.0565786 0.0573543 0.057384 0.0570113 0.0565329 0.0561041 0.0556489 0.0548065 0.0529713 0.049482 0.0439375 0.0365002 0.0279749
 0.00412225 0.00667151 0.0100219 0.0142008 0.019217 0.0249984 0.031316 0.0377789 0.0439146 0.0492723 0.0535004 0.0564015 0.0579688 0.058381 0.0579474 0.0570257 0.0559398 0.0548948 0.053884 0.0526165 0.0505359 0.0469992 0.0415964 0.0344581 0.0263367
 0.00432821 0.00700662 0.0105276 0.0149178 0.0201805 0.0262287 0.032807 0.0394903 0.045774 0.0511846 0.0553596 0.0581001 0.0594042 0.0594582 0.0585792 0.057133 0.0554566 0.053783 0.0521574 0.050362 0.0479197 0.0442479 0.0389564 0.0321452 0.0244919
 0.00454041 0.00735401 0.0110561 0.0156751 0.0212106 0.0275617 0.034444 0.0413917 0.0478565 0.0533294 0.0574281 0.0599538 0.0609221 0.0605469 0.0591708 0.0571757 0.0549064 0.0526079 0.0503568 0.0479968 0.0451353 0.0412727 0.0360641 0.0295917 0.0224516
 0.00479734 0.00775946 0.0116454 0.0164778 0.0222522 0.028862 0.0360105 0.0432075 0.0498693 0.0554469 0.0595235 0.0618807 0.0625361 0.0617261 0.0598267 0.0572511 0.0543667 0.051435 0.0485573 0.0456262 0.0423264 0.0382442 0.0330929 0.0269489 0.0203299
 0.00501453 0.0081187 0.0121974 0.0172739 0.023334 0.0302466 0.0376756 0.0450882 0.0518701 0.0574618 0.0614499 0.0636219 0.063998 0.0628157 0.0604569 0.0573486 0.0538775 0.0503289 0.0468361 0.0433419 0.0396039 0.0352917 0.0301787 0.0243421 0.0182275
 0.00524392 0.0084986 0.0127835 0.0181257 0.0245074 0.0317777 0.0395603 0.0472654 0.0542197 0.0598194 0.0636352 0.0654726 0.0653956 0.063694 0.0607899 0.0571286 0.0530982 0.0489837 0.0449326 0.040928 0.0367959 0.0322862 0.0272324 0.0217147 0.0161108
 0.0055511 0.0089835 0.0134883 0.0190856 0.025751 0.0333253 0.0414134 0.0493918 0.0565398 0.062202 0.0659077 0.067446 0.0668995 0.0646079 0.0610581 0.0567519 0.0521106 0.0474298 0.042862 0.0384111 0.0339508 0.029297 0.0243354 0.0191488 0.0140516
 0.00579512 0.00937882 0.0140809 0.0199182 0.0268562 0.0347148 0.0430668 0.0512523 0.0585216 0.0642038 0.0678211 0.0691573 0.0682903 0.0655638 0.0614845 0.0565912 0.051349 0.0460934 0.0410081 0.036128 0.0313675 0.0265914 0.0217227 0.0168408 0.0122023
 0.00600477 0.00971415 0.0145767 0.0206067 0.0277656 0.0358641 0.0444557 0.0528502 0.0602612 0.065985 0.0695247 0.0706641 0.0694975 0.0663916 0.0618742 0.0565003 0.0507524 0.0449894 0.0394284 0.0341456 0.0291035 0.0242137 0.0194281 0.0148178 0.0105846
 0.00619799 0.0100254 0.01504 0.0212525 0.0286162 0.0369261 0.0457116 0.0542542 0.0617439 0.0674636 0.0709128 0.0718775 0.0704596 0.0670381 0.062157 0.0563876 0.0502267 0.0440477 0.0380894 0.0324621 0.0271735 0.0221811 0.0174648 0.0130877 0.0092029
 0.00637755 0.010311 0.0154591 0.0218293 0.0293707 0.0378706 0.0468425 0.0555423 0.0631288 0.0688562 0.0722078 0.0729727 0.0712735 0.06752 0.0622854 0.0561605 0.0496516 0.0431379 0.036868 0.0309737 0.0254968 0.0204328 0.0157863 0.0116149 0.00803051
 0.0064582 0.0104283 0.0156114 0.0220099 0.0295753 0.0381067 0.0471354 0.0559309 0.0636519 0.0695335 0.0730246 0.0738741 0.0721726 0.0683163 0.0628856 0.0564943 0.0496776 0.042842 0.0362604 0.0300903 0.0244039 0.0192281 0.0145884 0.0105393 0.00716111
 0.0064976 0.0104841 0.0156797 0.0220808 0.0296346 0.0381407 0.0471372 0.0559084 0.0636342 0.0695709 0.073177 0.0741891 0.0726613 0.0689393 0.0635585 0.0571093 0.0501308 0.0430555 0.0361946 0.0297473 0.023827 0.018496 0.0138018 0.00979938 0.00654489
 0.00656261 0.0105815 0.0158105 0.0222393 0.0298082 0.038311 0.0472821 0.0560057 0.0636684 0.0695425 0.0731099 0.0741294 0.0726649 0.0690509 0.0637899 0.0574278 0.0504651 0.043317 0.0363044 0.0296599 0.0235419 0.018057 0.0132835 0.00928477 0.00610174
 0.00657957 0.0106211 0.0158917 0.0223854 0.0300389 0.0386307 0.04767 0.0564151 0.0640381 0.0698145 0.0732467 0.0741255 0.0725484 0.0688758 0.0636178 0.0573056 0.050406 0.0432952 0.0362674 0.0295526 0.0233318 0.0177479 0.0129133 0.00890903 0.00577197
 0.00661988 0.010679 0.0159658 0.0224733 0.0301424 0.038761 0.0478479 0.0566617 0.0643578 0.0701814 0.0736048 0.0744059 0.0726969 0.0688741 0.0634891 0.0571011 0.050181 0.0430857 0.0360792 0.0293665 0.0231216 0.0175005 0.0126384 0.00863474 0.00553033
 0.00671407 0.0108133 0.0161328 0.0226536 0.0303095 0.0388905 0.0479267 0.0566939 0.0643648 0.0701955 0.0736552 0.0745032 0.0728237 0.0689909 0.0635538 0.0570897 0.0500971 0.0429524 0.0359222 0.0292002 0.0229474 0.0173151 0.0124449 0.00844581 0.00536377
 0.00669316 0.0107967 0.016139 0.0227072 0.0304309 0.039082 0.0481627 0.056926 0.0645413 0.0702848 0.0736602 0.0744561 0.0727671 0.0689551 0.0635439 0.057089 0.0500807 0.0429037 0.0358382 0.0290882 0.0228173 0.0171753 0.012303 0.00831136 0.00524713
 0.00663578 0.0107074 0.0160136 0.0225491 0.0302554 0.0389192 0.048055 0.0569156 0.06465 0.0704982 0.0739288 0.0747173 0.0729736 0.069092 0.0636239 0.0571343 0.0501061 0.0429111 0.0358229 0.0290467 0.0227513 0.0170915 0.0122112 0.00822158 0.00516843
 0.00662034 0.0106722 0.0159422 0.0224203 0.0300497 0.0386288 0.0476945 0.0565265 0.0642958 0.0702485 0.0738371 0.0748013 0.0732078 0.0694193 0.0639796 0.0574682 0.0503919 0.0431409 0.0359971 0.0291678 0.0228232 0.0171211 0.0122085 0.00819914 0.00513819
 0.00669543 0.0107798 0.0160763 0.022563 0.0301725 0.0386966 0.0476726 0.0563897 0.0640405 0.0699018 0.0734572 0.0744635 0.0729799 0.069338 0.0640398 0.0576309 0.0506041 0.0433552 0.0361826 0.0293101 0.0229195 0.0171758 0.0122303 0.0081987 0.00512612
 0.0066742 0.0107562 0.0160604 0.0225699 0.0302165 0.0387826 0.0477888 0.0565068 0.0641183 0.0699028 0.0733615 0.0742795 0.0727459 0.0691103 0.0638734 0.0575587 0.0506272 0.0434483 0.0363083 0.0294343 0.0230205 0.0172449 0.012269 0.00821423 0.00512738
 0.00661072 0.0106512 0.0159 0.0223432 0.0299209 0.0384314 0.0474153 0.0561598 0.0638476 0.069741 0.073313 0.0743235 0.0728504 0.0692499 0.0640383 0.0577532 0.0508583 0.0437138 0.0365916 0.0297095 0.0232617 0.0174354 0.0124043 0.00830028 0.00517596
 0.00661225 0.0106524 0.0158989 0.0223352 0.0298982 0.0383826 0.0473281 0.0560266 0.0636726 0.0695442 0.0731262 0.0741784 0.0727662 0.0692274 0.0640658 0.057817 0.0509508 0.0438326 0.0367336 0.029865 0.023415 0.01757 0.012509 0.00837234 0.00521964
 0.00667688 0.0107342 0.0159792 0.022383 0.0298794 0.0382742 0.0471289 0.0557581 0.0633697 0.0692438 0.0728593 0.0739692 0.0726328 0.0691801 0.0641039 0.0579283 0.0511152 0.0440287 0.0369434 0.0300736 0.0236091 0.0177378 0.012642 0.00846788 0.00528131
 0.00660526 0.0106405 0.0158784 0.0222986 0.0298308 0.0382611 0.0471229 0.0557123 0.0632428 0.0690255 0.0725792 0.0736842 0.0724025 0.0690462 0.0640822 0.0580121 0.0512829 0.0442523 0.0371939 0.0303256 0.0238423 0.0179377 0.0128004 0.00858298 0.00535737
 0.00650633 0.0104887 0.0156686 0.0220362 0.0295356 0.0379677 0.0468768 0.0555562 0.0631972 0.0690739 0.0726738 0.0737702 0.0724478 0.0690554 0.0640874 0.0580506 0.0513785 0.0444074 0.0373935 0.030546 0.024059 0.0181307 0.0129573 0.00869936 0.00543581
 0.00644194 0.0103848 0.0155136 0.0218205 0.0292536 0.0376232 0.0464884 0.0551606 0.0628463 0.0688224 0.0725605 0.0738024 0.0725977 0.069274 0.0643278 0.0582867 0.0516075 0.0446385 0.0376336 0.0307911 0.0242958 0.0183428 0.0131315 0.00882996 0.00552478
 0.00649423 0.0104524 0.0155827 0.0218664 0.029246 0.0375353 0.0463063 0.0548884 0.0625071 0.0684557 0.0722167 0.073533 0.072441 0.0692434 0.0644086 0.0584453 0.0518075 0.0448537 0.0378505 0.0310036 0.0244977 0.018525 0.0132846 0.00894774 0.00560702
