SBPRF35
8.97619
Curr Bio
592073
B35
748698
F35
0.197442
FOFL
0.157075
OFL
76093.4
Bzero
2.56462e+006
#pred survey bio
 4.31361e+006 4.10739e+006 3.90761e+006 3.62485e+006 3.32393e+006 3.03329e+006 2.71922e+006 2.43872e+006 2.15092e+006 1.88791e+006 1.69038e+006 1.49794e+006 1.30918e+006 1.17137e+006 1.05639e+006 959938 851054 781061 734071 696314 662589 633363 616697 611071 602957 597583 589693 575543 581824 568693 564733 570526 569065 563188 549653 535586 524320 521161 521564 526200 538525 538522 544425 554429 555106 564941 573451 582197 588380 597964 2.1305e+007 1.27062e+007 1.29034e+007 1.36107e+007 1.46167e+007 1.56964e+007 1.67022e+007 1.75624e+007 1.82583e+007 1.88004e+007 1.92122e+007 1.95197e+007 1.97469e+007 1.99139e+007 2.00363e+007 2.01261e+007 2.01922e+007 2.0241e+007 2.02772e+007 2.03042e+007 2.03245e+007 2.03398e+007 2.03515e+007 2.03603e+007 2.03671e+007 2.03723e+007 2.03764e+007 2.03795e+007 2.03819e+007 2.03837e+007 2.03852e+007 2.03863e+007 2.03872e+007 2.03879e+007 2.03885e+007 2.03889e+007 2.03892e+007 2.03895e+007 2.03897e+007 2.03899e+007 2.039e+007 2.03901e+007 2.03902e+007 2.03902e+007 2.03903e+007 2.03903e+007 2.03904e+007 2.03904e+007 2.03904e+007 2.03904e+007 2.03904e+007 2.03904e+007 2.03905e+007 2.03905e+007 2.03905e+007 2.03905e+007 2.03905e+007 2.03905e+007 2.03905e+007 2.03905e+007 2.03905e+007 2.03905e+007 2.03905e+007 2.03905e+007 2.03905e+007 2.03905e+007 2.03905e+007 2.03905e+007 2.03905e+007 2.03905e+007 2.03905e+007 2.03905e+007 2.03905e+007 2.03905e+007 2.03905e+007 2.03905e+007 2.03905e+007 2.03905e+007 2.03905e+007 2.03905e+007 2.03905e+007 2.03905e+007 2.03905e+007 2.03905e+007 2.03905e+007 2.03905e+007 2.03905e+007 2.03905e+007 2.03905e+007 2.03905e+007 2.03905e+007 2.03905e+007 2.03905e+007 2.03905e+007 2.03905e+007 2.03905e+007 2.03905e+007 2.03905e+007 2.03905e+007 2.03905e+007 0 0 0 0 0 0 0 0 0 0 0 0 0 0 0 0 0 0 0 0 0 0 0 0 0
#obs survey bio
 3.85962e+006 3.37871e+006 4.11734e+006 3.54171e+006 2.32392e+006 2.62142e+006 2.02771e+006 2.1445e+006 2.00224e+006 1.53501e+006 1.23087e+006 1.00803e+006 833870 739264 816659 845611 743939 793294 1.0205e+006 700665 701211 619719 511112 425745 494505 737038 360364 681707 524370 533162 483546 379144 615389 457171 526021 549343 584685 408033 545284 569851 473194 475826 415481 565357 681316 518117 550896 479281 398272 708964
#pred catch bio
 94236.5 91521.2 178326 214017 228267 275797 271908 303286 302836 263043 274158 282555 246289 231987 217943 226071 187507 162630 149663 141642 133903 120712 110717 112470 109020 109434 112389 93477.8 107775 97516.9 88057.4 92910.6 94329.8 97511.5 94443.5 90961.8 86917.4 87929.7 86794.4 81758.9 92789.4 88215.1 85666.9 93770.9 86182.8 87890 88107.1 90501.6 87013.3 83234.7 76093.4 93077.7 93222.5 97055.2 103691 111080 117936 123694 128230 131645 134133 135901 137133 137979 138554 138940 139198 139369 139482 139557 139606 139638 139658 139672 139681 139687 139690 139693 139694 139695 139696 139696 139697 139697 139697 139697 139697 139697 139697 139697 139697 139697 139697 139697 139697 139697 139697 139697 139697 139697 139697 139697 139697 139697 139697 139697 139697 139697 139697 139697 139697 139697 139697 139697 139697 139697 139697 139697 139697 139697 139697 139697 139697 139697 139697 139697 139697 139697 139697 139697 139697 139697 139697 139697 139697 139697 139697 139697 139697 139697 139697 139697 139697 139697 139697 139697 139697 139697 139697 139697 0 0 0 0 0 0 0 0 0 0 0 0 0 0 0 0 0 0 0 0 0 0 0 0 0
#obs catch bio
 0 91096.7 179275 215172 229697 279361 275125 309238 309082 267641 281189 291156 254161 240819 225844 234966 193707 166450 152155 143698 136074 122396 112270 115022 110992 111164 114772 94479.2 109871 98507.5 89048 94242.2 95349.5 98654.4 95372.3 91909.3 87422.1 88861.5 87113.6 81862.2 92931.7 88555.7 86018.9 94444 86184.2 88206.8 88151.1 90657.2 87384.6 83194
#pred cpue bio
 4.25224e+006 4.04988e+006 3.85295e+006 3.57161e+006 3.2717e+006 2.98201e+006 2.66929e+006 2.38989e+006 2.10366e+006 1.84224e+006 1.6455e+006 1.4541e+006 1.2668e+006 1.12996e+006 1.0162e+006 921313 815023 747215 702168 666032 633537 605293 589114 583476 575576 570637 563319 549846 556288 543966 540437 546303 545212 539967 527362 514110 502638 498139 497609 502147 514407 514486 520139 529833 530611 540259 548583 557173 563261 573041 2.04678e+007 1.22256e+007 1.23087e+007 1.28848e+007 1.38444e+007 1.4913e+007 1.59166e+007 1.67765e+007 1.74723e+007 1.80144e+007 1.84261e+007 1.87336e+007 1.89608e+007 1.91278e+007 1.92502e+007 1.934e+007 1.94061e+007 1.94549e+007 1.94911e+007 1.95182e+007 1.95385e+007 1.95538e+007 1.95654e+007 1.95743e+007 1.95811e+007 1.95863e+007 1.95903e+007 1.95934e+007 1.95958e+007 1.95977e+007 1.95991e+007 1.96003e+007 1.96012e+007 1.96019e+007 1.96024e+007 1.96028e+007 1.96032e+007 1.96034e+007 1.96037e+007 1.96038e+007 1.9604e+007 1.96041e+007 1.96041e+007 1.96042e+007 1.96042e+007 1.96043e+007 1.96043e+007 1.96043e+007 1.96044e+007 1.96044e+007 1.96044e+007 1.96044e+007 1.96044e+007 1.96044e+007 1.96044e+007 1.96044e+007 1.96044e+007 1.96044e+007 1.96044e+007 1.96044e+007 1.96044e+007 1.96044e+007 1.96044e+007 1.96044e+007 1.96044e+007 1.96044e+007 1.96044e+007 1.96044e+007 1.96044e+007 1.96044e+007 1.96044e+007 1.96044e+007 1.96044e+007 1.96044e+007 1.96044e+007 1.96044e+007 1.96044e+007 1.96044e+007 1.96044e+007 1.96044e+007 1.96044e+007 1.96044e+007 1.96044e+007 1.96044e+007 1.96044e+007 1.96044e+007 1.96044e+007 1.96044e+007 1.96044e+007 1.96044e+007 1.96044e+007 1.96044e+007 1.96044e+007 1.96044e+007 1.96044e+007 1.96044e+007 1.96044e+007 1.96044e+007 1.96044e+007 1.96044e+007 0 0 0 0 0 0 0 0 0 0 0 0 0 0 0 0 0 0 0 0 0 0 0 0 0
#obs cpue bio
 3.85183e+006 3.56124e+006 3.09311e+006 1.99822e+006 2.88826e+006 2.31125e+006 2.86868e+006 1.60051e+006 1.98056e+006 1.73015e+006 1.22435e+006 1.5037e+006 970152 835204 883520 789648 590734 738068 548468 591168 428368 510440 499848 386406 664996 427973 575573 468901 415813 731915 401108 622730 546115 572947 517953 407734 540140 411377 738087 456075 698763 413257 578608 466273 603765 454094 701948 637916 618666 712197
#pred surv len freq
 0.00492916 0.00800985 0.0120675 0.0170856 0.0229427 0.0293324 0.0357354 0.0415466 0.046303 0.0498375 0.0522556 0.0537986 0.0547188 0.0552153 0.055413 0.055362 0.0550513 0.0544235 0.0533666 0.0516761 0.0490289 0.0450488 0.0395014 0.0325396 0.0248108
 0.0051786 0.00830937 0.0123274 0.0171701 0.0227231 0.0287611 0.0348953 0.0406324 0.0455354 0.0493608 0.0520809 0.0538232 0.0547993 0.0552484 0.0553823 0.0553367 0.0551427 0.0547219 0.0538863 0.052337 0.0496867 0.045559 0.0397826 0.0325987 0.0247208
 0.00543764 0.00873328 0.0129623 0.0180389 0.0237955 0.029924 0.0359496 0.0413436 0.0457308 0.0490188 0.0513453 0.0529236 0.0539336 0.0545071 0.0547577 0.0547885 0.054661 0.0543409 0.0536497 0.0522492 0.0496925 0.0455674 0.0397173 0.0324368 0.024495
 0.00569794 0.00915647 0.0136001 0.0189415 0.0250021 0.0314441 0.0377344 0.0432607 0.0475623 0.0504986 0.0522355 0.0531 0.0534314 0.0534951 0.0534542 0.053378 0.0532588 0.0530093 0.052427 0.0511598 0.0487397 0.044732 0.0389739 0.0317762 0.0239309
 0.00597029 0.00959123 0.0142405 0.0198247 0.0261565 0.0328817 0.0394407 0.0451827 0.0496009 0.0525049 0.054014 0.0544313 0.0541209 0.0534352 0.0526666 0.0520041 0.0515038 0.0510753 0.0504713 0.0492877 0.0470156 0.0431938 0.0376454 0.0306745 0.0230666
 0.00623473 0.0100148 0.0148666 0.0206903 0.0272868 0.034282 0.0410869 0.0470182 0.0515429 0.054455 0.0558617 0.0560478 0.055354 0.0541236 0.0526781 0.0512851 0.0501086 0.0491555 0.0482314 0.0469335 0.0447202 0.0410877 0.0358195 0.0291841 0.0219311
 0.00656875 0.0105441 0.0156378 0.0217382 0.0286292 0.0359119 0.0429628 0.0490608 0.0536445 0.0564988 0.0577387 0.0576619 0.0566148 0.0549347 0.0529346 0.0508907 0.0490109 0.0473827 0.0459065 0.0442568 0.0419285 0.0384103 0.0334434 0.0272332 0.0204553
 0.0068384 0.0109839 0.0163019 0.0226777 0.0298815 0.0374855 0.0448211 0.051118 0.0557793 0.0585791 0.0596443 0.0592943 0.0578959 0.0557971 0.0533107 0.0507076 0.0482021 0.0459157 0.0438193 0.0416798 0.0390775 0.0355471 0.0308202 0.025039 0.0187831
 0.00718913 0.0115376 0.0171053 0.0237649 0.0312712 0.039174 0.0467728 0.0532579 0.0579962 0.0607404 0.0616152 0.0609555 0.0591541 0.0565873 0.0535884 0.0504367 0.047347 0.0444502 0.0417541 0.039097 0.0361508 0.0325279 0.0279856 0.0226225 0.0169183
 0.00763904 0.012239 0.0181047 0.0250854 0.0329092 0.0410959 0.0489098 0.0555061 0.0602291 0.06283 0.0634499 0.0624465 0.0602331 0.0572025 0.0537017 0.0500204 0.0463797 0.0429194 0.0396708 0.0365247 0.0332324 0.0294878 0.0250929 0.0201229 0.0149671
 0.00796478 0.0127647 0.018888 0.0261751 0.0343336 0.0428463 0.0509246 0.0576696 0.0623924 0.0648444 0.0651949 0.0638396 0.0612245 0.0577622 0.0538084 0.0496543 0.0455215 0.0415554 0.0378073 0.0342118 0.0305885 0.0267066 0.0224167 0.0177835 0.0131214
 0.0083026 0.0133061 0.0196883 0.0272809 0.0357742 0.0446203 0.0529838 0.0599115 0.0646693 0.0669885 0.0670477 0.0652765 0.0621679 0.058182 0.0537106 0.0490622 0.0444598 0.0400436 0.0358697 0.0318998 0.0280062 0.0240229 0.0198461 0.0155362 0.0113433
 0.00870238 0.0139402 0.0206128 0.0285366 0.0373786 0.0465558 0.0551847 0.0622599 0.0670088 0.0691511 0.0688801 0.0666572 0.0630155 0.0584581 0.0534178 0.0482356 0.043152 0.0383119 0.0337727 0.0295089 0.0254264 0.0214051 0.0173763 0.0133953 0.00965605
 0.00891205 0.0142896 0.0211545 0.0293246 0.0384573 0.0479421 0.0568502 0.0641245 0.0689522 0.0710355 0.0705719 0.0680408 0.0639994 0.0589789 0.0534423 0.0477611 0.0422035 0.0369361 0.0320334 0.0274886 0.0232338 0.0191804 0.0152807 0.0115808 0.00822605
 0.00902876 0.014489 0.0214732 0.0298049 0.0391409 0.0488584 0.0580027 0.0654813 0.0704461 0.0725714 0.0720397 0.0693289 0.0650083 0.0596309 0.0536867 0.0475747 0.0415889 0.0359205 0.0306679 0.0258497 0.0214257 0.0173333 0.0135378 0.0100723 0.00703809
 0.00901059 0.0144852 0.0215158 0.0299414 0.0394251 0.0493344 0.0586897 0.066367 0.0714897 0.073712 0.0732036 0.0704349 0.065973 0.0603756 0.0541449 0.047699 0.041355 0.0353298 0.0297494 0.0246624 0.0200589 0.0159022 0.0121685 0.00887807 0.00609389
 0.00906689 0.0145878 0.0216912 0.0302228 0.0398464 0.0499201 0.0594435 0.0672651 0.0724811 0.0747266 0.0741641 0.071269 0.0666227 0.0608011 0.0543223 0.0476154 0.0410057 0.034719 0.0288966 0.023609 0.018873 0.0146756 0.0110046 0.00786949 0.00530067
 0.00906326 0.0145721 0.0216513 0.0301458 0.0397283 0.0497778 0.0593218 0.0672308 0.0726031 0.0750497 0.0746901 0.0719539 0.0673884 0.0615552 0.0549768 0.0480987 0.0412683 0.0347346 0.0286626 0.0231486 0.018237 0.0139395 0.0102566 0.00719262 0.00475308
 0.00912082 0.014642 0.0217124 0.0301634 0.0396629 0.0496007 0.0590306 0.0668579 0.0722142 0.0747319 0.074531 0.0720173 0.0676931 0.0620661 0.0556134 0.048757 0.0418455 0.0351494 0.0288663 0.0231299 0.0180207 0.013581 0.00982925 0.00677043 0.00439283
 0.00924764 0.0148272 0.0219508 0.0304335 0.0399279 0.0498144 0.0591447 0.0668328 0.0720319 0.0744094 0.0741257 0.0716165 0.0673908 0.0619331 0.0556749 0.0489849 0.0421691 0.0354783 0.0291171 0.023247 0.0179873 0.013418 0.00958486 0.00650219 0.00414991
 0.00933134 0.0149638 0.0221562 0.0307193 0.0402952 0.0502447 0.0595941 0.0672342 0.0723107 0.0745055 0.0740143 0.0713187 0.0669695 0.0614772 0.0552739 0.0487029 0.0420264 0.0354494 0.029145 0.0232679 0.0179546 0.0133158 0.00942726 0.00632155 0.00398041
 0.00952076 0.0152385 0.0225087 0.0311229 0.0407135 0.0506457 0.0599589 0.067554 0.0725753 0.0746933 0.0740922 0.0712541 0.0667486 0.0611187 0.0548297 0.0482439 0.0416192 0.0351344 0.0289263 0.0231191 0.0178372 0.0131988 0.00929902 0.00618882 0.00385872
 0.00970529 0.0155149 0.0228795 0.0315721 0.0412075 0.0511383 0.0603978 0.0678908 0.0727773 0.0747534 0.0740278 0.0710943 0.0665178 0.0608298 0.0544907 0.0478704 0.04124 0.0347848 0.028634 0.0228932 0.0176675 0.0130657 0.00918588 0.00608856 0.00377284
 0.00961713 0.0154065 0.0227803 0.031529 0.0412698 0.0513343 0.060717 0.0682825 0.0731688 0.0750762 0.0742393 0.0711845 0.0665027 0.0607368 0.0543454 0.0476912 0.0410407 0.0345801 0.0284406 0.0227255 0.0175318 0.0129597 0.00910204 0.00602047 0.00371771
 0.0094962 0.0152247 0.0225363 0.0312364 0.0409599 0.0510558 0.0605301 0.068245 0.0733137 0.0753925 0.0746684 0.0716403 0.0669029 0.061029 0.0545154 0.0477532 0.0410223 0.0345103 0.0283445 0.0226229 0.0174365 0.0128786 0.00903685 0.00596949 0.0036788
 0.00943836 0.0151232 0.0223705 0.0309849 0.0406092 0.0506121 0.0600302 0.0677567 0.0729229 0.0751786 0.0746795 0.0718757 0.067313 0.0615316 0.0550223 0.0481962 0.0413657 0.0347495 0.0284947 0.0227071 0.017477 0.0128929 0.00903673 0.00596238 0.00366916
 0.00940295 0.01507 0.0222977 0.0308915 0.0404916 0.0504624 0.0598367 0.0675113 0.0726323 0.0748732 0.0744121 0.0717078 0.0672918 0.06167 0.0552928 0.0485411 0.0417196 0.0350598 0.0287339 0.0228712 0.0175779 0.0129481 0.00906266 0.00597159 0.00366997
 0.00940851 0.0150801 0.0223148 0.030918 0.0405293 0.0505094 0.0598859 0.0675485 0.0726375 0.0748266 0.0743036 0.0715462 0.067108 0.0615091 0.0551966 0.0485305 0.0417864 0.0351736 0.0288572 0.0229752 0.0176491 0.0129874 0.00907846 0.00597379 0.00366631
 0.0092073 0.0147706 0.0218828 0.0303649 0.0398744 0.0497916 0.059164 0.0668966 0.0721308 0.074522 0.0742243 0.071679 0.0674139 0.0619398 0.0557088 0.0490908 0.0423674 0.0357469 0.0293913 0.0234402 0.0180244 0.0132668 0.00927013 0.00609475 0.00373642
 0.00927377 0.0148582 0.0219765 0.0304376 0.0398931 0.0497292 0.0590091 0.0666576 0.0718338 0.0742042 0.0739261 0.0714362 0.0672512 0.0618677 0.0557245 0.0491829 0.0425206 0.0359437 0.0296116 0.0236613 0.0182245 0.01343 0.00938982 0.00617365 0.00378316
 0.00930749 0.0149038 0.0220274 0.0304798 0.0399067 0.0496916 0.0589004 0.0664664 0.0715633 0.0738762 0.0735798 0.0711201 0.0670104 0.061733 0.0557064 0.049273 0.0426971 0.0361786 0.0298753 0.0239263 0.0184673 0.0136332 0.00954493 0.0062811 0.00385045
 0.00913869 0.0146576 0.021709 0.0301117 0.0395215 0.0493205 0.0585642 0.0661741 0.0713165 0.0736751 0.0734282 0.0710279 0.0669922 0.0618037 0.0558749 0.0495368 0.0430401 0.0365736 0.0302893 0.0243261 0.018825 0.0139296 0.00977155 0.00644008 0.00395218
 0.00897547 0.0144092 0.0213679 0.029685 0.0390322 0.0488063 0.0580747 0.0657631 0.071028 0.0735293 0.0734161 0.071119 0.0671518 0.0620074 0.0561142 0.0498136 0.0433576 0.0369274 0.0306641 0.0246984 0.0191686 0.0142229 0.0100018 0.00660552 0.00406047
 0.00879936 0.0141412 0.020999 0.0292202 0.0384898 0.0482168 0.0574797 0.0652141 0.0705803 0.0732313 0.0732966 0.0711797 0.0673681 0.0623375 0.0565134 0.0502461 0.0438014 0.0373706 0.0310977 0.02511 0.0195418 0.014541 0.0102535 0.00678869 0.00418205
 0.00881095 0.0141388 0.020957 0.029103 0.0382632 0.0478645 0.0570166 0.0646869 0.070055 0.0727737 0.0729577 0.0709888 0.0673331 0.0624475 0.0567423 0.0505595 0.0441641 0.0377532 0.0314785 0.0254725 0.0198716 0.0148249 0.0104818 0.00695803 0.00429678
 0.00951963 0.015138 0.0221767 0.0303795 0.0393816 0.0486298 0.0573139 0.0645025 0.0694597 0.071889 0.0719238 0.0699392 0.0663755 0.0616523 0.0561406 0.0501495 0.0439216 0.0376436 0.0314658 0.0255243 0.0199606 0.0149286 0.0105821 0.00704252 0.0043597
 0.0102379 0.0162579 0.0237644 0.0324421 0.0418401 0.0512944 0.0598788 0.0665897 0.0707211 0.0721252 0.0711512 0.0683679 0.0643176 0.0594206 0.0539807 0.0482169 0.0422912 0.0363315 0.0304524 0.0247726 0.019427 0.0145689 0.0103543 0.0069085 0.00428725
 0.0100633 0.0161014 0.0237632 0.0327991 0.0427662 0.0529159 0.0621534 0.0692799 0.0734408 0.0744389 0.072687 0.0689089 0.0638484 0.058113 0.0521256 0.0461326 0.0402457 0.0345038 0.0289316 0.0235792 0.018539 0.0139423 0.00993684 0.00664789 0.00413603
 0.00971856 0.0155796 0.023058 0.0319516 0.0418815 0.0521702 0.0617808 0.0695174 0.0744349 0.0761528 0.0748675 0.0711479 0.0657155 0.0592941 0.0525059 0.0457968 0.0394115 0.0334296 0.0278398 0.0226165 0.0177739 0.0133841 0.00955999 0.00641201 0.00399952
 0.00963035 0.0154065 0.0227445 0.0314334 0.041109 0.051146 0.0605936 0.0683522 0.0735437 0.075788 0.0751974 0.0721839 0.0672843 0.061079 0.0541483 0.0470144 0.0400786 0.033585 0.0276329 0.0222286 0.0173555 0.0130263 0.00929737 0.00624128 0.00389983
 0.00960269 0.0153515 0.0226412 0.0312508 0.0408072 0.0506827 0.0599378 0.067506 0.0725656 0.0748076 0.0744044 0.0717818 0.0674187 0.0617699 0.0552645 0.0483119 0.0412879 0.0345058 0.0281878 0.0224574 0.0173645 0.0129301 0.00917975 0.00614534 0.00383694
 0.00967495 0.0154676 0.0228117 0.0314803 0.041088 0.0509863 0.0602097 0.0676695 0.0725406 0.0745408 0.0739003 0.0711204 0.0667454 0.0612537 0.0550352 0.0484051 0.0416292 0.0349476 0.0285779 0.0227001 0.0174436 0.0128887 0.00908205 0.00604343 0.00375803
 0.00964867 0.0154313 0.0227696 0.0314416 0.0410655 0.0509935 0.0602557 0.0677525 0.0726415 0.0746218 0.0739126 0.0710237 0.0665324 0.0609666 0.0547588 0.0482337 0.0416226 0.0351004 0.0288244 0.0229506 0.0176283 0.0129825 0.00910007 0.0060193 0.00372225
 0.00948991 0.0151981 0.0224652 0.0310864 0.0406928 0.0506416 0.0599613 0.0675468 0.0725465 0.0746442 0.0740388 0.0712186 0.066748 0.0611592 0.0549087 0.0483541 0.0417502 0.0352704 0.0290452 0.0231974 0.017858 0.0131587 0.00920953 0.00607173 0.00373846
 0.00954766 0.0152671 0.0225239 0.0311017 0.0406319 0.0504895 0.0597329 0.0672854 0.0723076 0.0744741 0.07396 0.071227 0.0668198 0.0612611 0.0550094 0.0484349 0.041811 0.0353267 0.0291158 0.0232901 0.0179635 0.0132577 0.00928486 0.00611728 0.00375904
 0.00950286 0.0152021 0.0224393 0.0310002 0.0405134 0.0503465 0.059551 0.0670515 0.0720243 0.07417 0.0736866 0.0710413 0.0667612 0.0613364 0.0551932 0.0486836 0.042081 0.0355876 0.0293539 0.0235022 0.0181486 0.0134121 0.00940364 0.00619906 0.00380828
 0.00944331 0.015112 0.0223167 0.0308484 0.0403411 0.0501659 0.0593755 0.0668917 0.0718841 0.0740459 0.0735731 0.0709403 0.066688 0.0613157 0.0552463 0.0488154 0.0422765 0.0358189 0.0295916 0.0237243 0.0183422 0.0135707 0.00952514 0.00628467 0.00386276
 0.00941378 0.0150603 0.0222325 0.030721 0.0401631 0.049939 0.0591145 0.0666239 0.0716422 0.0738577 0.073453 0.0708876 0.0666927 0.0613672 0.0553399 0.0489519 0.0424558 0.0360337 0.0298256 0.0239564 0.018553 0.0137471 0.00966135 0.00638137 0.00392542
 0.00910364 0.0146237 0.0216999 0.0301612 0.0396618 0.0495649 0.058894 0.0665401 0.0716542 0.0739264 0.0735565 0.0710209 0.0668582 0.0615656 0.055567 0.0492009 0.0427202 0.0363071 0.0300999 0.0242199 0.0187919 0.0139489 0.00981903 0.00649452 0.00399955
 0.00848056 0.0136918 0.0204514 0.0286515 0.0380043 0.0479152 0.0574298 0.065434 0.0710365 0.0738472 0.0739713 0.071813 0.0678845 0.0626989 0.0567155 0.0503071 0.0437501 0.0372405 0.0309239 0.024926 0.019375 0.0144084 0.0101606 0.00673147 0.00415141
#obs surv len freq
 nan nan nan nan nan nan nan nan nan nan nan nan nan nan nan nan nan nan nan nan nan nan nan nan nan
 0.00448226 0.00734269 0.0111721 0.0159884 0.02169 0.0279669 0.0342825 0.0400151 0.0446954 0.0481595 0.0505172 0.0520126 0.0529043 0.0534162 0.05373 0.0539846 0.0542629 0.0545555 0.0546942 0.054286 0.052724 0.0493562 0.0438059 0.036286 0.0276697
 0.00461404 0.00755799 0.0114978 0.0164493 0.0223028 0.0287311 0.0351713 0.0409722 0.0456428 0.0490123 0.0511995 0.0524691 0.053106 0.0533609 0.0534388 0.0534939 0.0536158 0.0537943 0.0538578 0.0534114 0.0518497 0.0485249 0.0430621 0.0356672 0.0271968
 0.00478127 0.00783152 0.0119125 0.0170387 0.0230919 0.0297265 0.0363491 0.0422736 0.0469802 0.0502836 0.0523039 0.0533187 0.0536347 0.0535306 0.0532423 0.0529531 0.0527755 0.0527137 0.052603 0.0520526 0.0504624 0.0471898 0.0418595 0.0346632 0.026428
 0.00496334 0.00813184 0.0123725 0.0176999 0.0239879 0.0308699 0.0377184 0.043808 0.048587 0.051854 0.0537287 0.0544978 0.0544828 0.0539818 0.0532554 0.0525165 0.0519091 0.0514671 0.0510517 0.0502938 0.0486114 0.0453741 0.0402049 0.0332727 0.0253593
 0.005175 0.00847573 0.0128901 0.0184303 0.0249621 0.0320997 0.0391852 0.0454562 0.0503298 0.0535868 0.0553427 0.0558898 0.05556 0.0546648 0.053482 0.052246 0.0511285 0.0501978 0.0493548 0.0482725 0.0464086 0.0431604 0.0381551 0.0315325 0.0240136
 0.00540792 0.00885794 0.0134717 0.0192599 0.0260763 0.0335089 0.0408576 0.0473149 0.0522652 0.0554791 0.0570811 0.0573801 0.0567226 0.0554311 0.0537914 0.0520482 0.0503895 0.0489113 0.0475563 0.046053 0.0439196 0.0406028 0.0357475 0.0294645 0.0224015
 0.00564761 0.00924952 0.0140648 0.0201026 0.0272068 0.0349413 0.0425675 0.0492321 0.0542823 0.0574705 0.0589235 0.0589659 0.0579652 0.0562637 0.0541615 0.0519116 0.0497098 0.0476681 0.0457638 0.0437818 0.0413126 0.0378701 0.0331333 0.0271909 0.0206129
 0.00588697 0.00964271 0.0146641 0.0209593 0.0283612 0.0364074 0.0443166 0.0511886 0.0563338 0.0594905 0.0607905 0.0605747 0.0592299 0.0571164 0.0545496 0.0517939 0.0490532 0.0464516 0.0439926 0.041512 0.0386733 0.0350671 0.0304189 0.0248051 0.0187198
 0.00613221 0.0100437 0.015272 0.0218234 0.0295202 0.0378744 0.046064 0.0531416 0.0583808 0.061503 0.0626447 0.0621636 0.0604687 0.0579413 0.0549139 0.0516622 0.0483976 0.0452536 0.0422554 0.0392836 0.0360708 0.0322849 0.0277043 0.0224012 0.0167991
 0.00638101 0.0104523 0.0158946 0.0227124 0.0307158 0.0393877 0.0478605 0.0551358 0.0604496 0.0635103 0.0644643 0.0636919 0.0616274 0.0586756 0.0551871 0.05145 0.0476828 0.0440259 0.040522 0.0370897 0.033524 0.0295659 0.0250472 0.0200407 0.0149056
 0.00663136 0.0108623 0.0165171 0.0235985 0.0319045 0.0408902 0.0496432 0.0571148 0.0625011 0.0654946 0.0662491 0.065168 0.0627148 0.0593232 0.0553675 0.0511518 0.0469029 0.0427674 0.0388009 0.0349533 0.031073 0.0269662 0.0225139 0.0177911 0.0130991
 0.00683872 0.0112069 0.0170495 0.0243704 0.0329583 0.042242 0.0512665 0.0589342 0.0644034 0.0673504 0.0679339 0.0665756 0.0637632 0.0599558 0.0555523 0.0508762 0.0461681 0.0415846 0.0371948 0.0329751 0.0288188 0.0245869 0.0202019 0.0157404 0.0114522
 0.00706353 0.0115725 0.0176 0.0251472 0.0339923 0.0435416 0.0528041 0.0606404 0.0661746 0.0690673 0.06948 0.067851 0.0646913 0.0604858 0.0556572 0.0505485 0.0454142 0.0404221 0.0356551 0.0311133 0.0267275 0.0224035 0.0180973 0.0138837 0.00996612
 0.0072709 0.0119126 0.0181171 0.0258833 0.0349779 0.0447811 0.0542624 0.0622398 0.0678077 0.0706189 0.0708471 0.068952 0.0654677 0.0608996 0.0556882 0.0501916 0.0446773 0.039324 0.0342287 0.0294133 0.0248407 0.0204534 0.0162325 0.0122487 0.00866325
 0.00747143 0.0122418 0.0186183 0.0265978 0.035936 0.0459877 0.0556827 0.0637947 0.0693856 0.0720979 0.0721175 0.0699305 0.0661021 0.0611664 0.0555865 0.0497347 0.0438866 0.0382269 0.0328616 0.0278296 0.0231195 0.0187029 0.0145796 0.0108135 0.0075282
 0.00754743 0.0123704 0.0188219 0.0269026 0.0363689 0.0465706 0.0564245 0.0646847 0.0703903 0.0731622 0.073169 0.070888 0.0668862 0.0617109 0.0558455 0.0496855 0.043527 0.0375716 0.0319408 0.0266915 0.0218354 0.0173676 0.0133021 0.00969557 0.00663996
 0.00757922 0.0124186 0.0188887 0.0269902 0.036482 0.0467201 0.0566289 0.064968 0.0707753 0.0736615 0.0737757 0.0715708 0.0675901 0.062364 0.0563716 0.050017 0.0436156 0.0373943 0.0315018 0.0260227 0.0209957 0.0164397 0.0123813 0.00887148 0.00597581
 0.00767505 0.0125616 0.01908 0.0272216 0.0367385 0.0469831 0.056881 0.065197 0.070979 0.0738499 0.0739698 0.0717939 0.067855 0.0626623 0.0566702 0.0502632 0.04375 0.0373658 0.031281 0.0256105 0.0204257 0.015774 0.0116982 0.00824739 0.00546639
 0.00772876 0.0126474 0.0192055 0.0273915 0.0369512 0.0472281 0.0571367 0.0654346 0.0711705 0.0739798 0.0740423 0.0718314 0.0678895 0.0627217 0.0567656 0.0503818 0.0438562 0.037411 0.0312194 0.0254151 0.0200997 0.0153515 0.011236 0.0078073 0.00509724
 0.00777725 0.0127188 0.0192996 0.0275036 0.0370748 0.0473573 0.0572679 0.0655646 0.0712945 0.0740892 0.0741271 0.0718854 0.0679156 0.0627326 0.0567787 0.0504094 0.0438957 0.037442 0.0312092 0.0253323 0.0199289 0.0151025 0.0109416 0.0075116 0.00483982
 0.0078039 0.0127581 0.019351 0.0275638 0.0371375 0.0474151 0.0573141 0.0655951 0.0713098 0.074095 0.0741322 0.0718979 0.0679391 0.0627669 0.0568219 0.0504601 0.0439513 0.0374943 0.0312423 0.0253253 0.0198655 0.0149802 0.0107759 0.00733065 0.00467307
 0.00785932 0.0128431 0.019469 0.0277137 0.0373131 0.0476048 0.0575007 0.0657578 0.0714282 0.0741553 0.0741313 0.0718444 0.0678497 0.0626606 0.0567151 0.0503636 0.0438699 0.0374267 0.0311811 0.0252588 0.0197815 0.0148727 0.0106491 0.00719827 0.00455226
 0.0078636 0.0128533 0.0194904 0.0277527 0.0373756 0.0476927 0.0576098 0.0658772 0.0715427 0.0742496 0.0741939 0.0718694 0.0678381 0.0626197 0.056656 0.0502981 0.0438074 0.037372 0.0311329 0.0252113 0.019727 0.014806 0.0105707 0.00711515 0.0044747
 0.00788222 0.0128736 0.0195031 0.0277444 0.0373343 0.0476152 0.057507 0.0657723 0.0714627 0.0742139 0.0742078 0.0719243 0.0679171 0.062705 0.0567344 0.0503633 0.0438586 0.0374111 0.0311616 0.0252287 0.0197306 0.0147936 0.0105432 0.00707755 0.00443453
 0.00789955 0.0128988 0.0195349 0.0277783 0.0373617 0.0476244 0.0574849 0.0657099 0.0713607 0.0740872 0.0740826 0.0718292 0.067872 0.0627138 0.0567864 0.0504404 0.0439429 0.0374899 0.0312277 0.0252789 0.0197634 0.0148088 0.0105425 0.00706512 0.00441609
 0.00788431 0.0128763 0.019505 0.0277424 0.0373218 0.047582 0.0574401 0.0656608 0.0713043 0.0740214 0.0740094 0.0717573 0.0678159 0.0626895 0.0568041 0.0504998 0.0440336 0.0375954 0.031332 0.02537 0.0198343 0.0148574 0.0105703 0.00707626 0.00441627
 0.00787858 0.0128618 0.019474 0.0276852 0.0372307 0.0474559 0.0572879 0.0655009 0.0711586 0.0739077 0.0739363 0.0717245 0.0678182 0.0627222 0.0568654 0.0505891 0.044148 0.0377274 0.0314693 0.0254991 0.0199442 0.0149417 0.0106282 0.00711111 0.00443395
 0.00788421 0.0128695 0.0194826 0.0276917 0.0372297 0.0474397 0.0572481 0.065431 0.0710585 0.0737862 0.0738103 0.0716136 0.0677385 0.0626816 0.0568642 0.0506231 0.0442113 0.0378128 0.0315684 0.0256015 0.0200391 0.0150208 0.010687 0.00714996 0.0044564
 0.00785042 0.0128143 0.0193994 0.027575 0.0370771 0.0472547 0.0570418 0.0652215 0.0708661 0.0736287 0.0736995 0.0715558 0.0677361 0.062734 0.0569672 0.0507683 0.0443866 0.0380047 0.031763 0.0257861 0.0202028 0.0151557 0.0107894 0.00722092 0.00450089
 0.0078547 0.0128153 0.0193898 0.0275443 0.0370139 0.0471512 0.0568976 0.0650452 0.0706743 0.0734419 0.0735379 0.0714356 0.0676676 0.0627212 0.0570084 0.0508577 0.0445151 0.0381604 0.0319322 0.0259546 0.0203579 0.0152875 0.0108925 0.00729458 0.00454868
 0.00782313 0.0127678 0.019325 0.0274626 0.0369165 0.0470382 0.0567679 0.0648986 0.0705138 0.0732765 0.0733831 0.07131 0.0675882 0.0626992 0.0570471 0.0509526 0.044656 0.0383334 0.0321218 0.0261449 0.0205345 0.0154391 0.0110124 0.00738156 0.00460615
 0.00778911 0.0127137 0.0192461 0.0273561 0.0367827 0.0468821 0.0566001 0.0647332 0.0703647 0.0731532 0.0732891 0.0712454 0.0675538 0.0626985 0.0570854 0.0510333 0.0447777 0.038489 0.032299 0.0263287 0.0207096 0.0155928 0.0111364 0.00747304 0.00466764
 0.00776067 0.0126646 0.0191671 0.0272376 0.0366176 0.0466702 0.0563521 0.0644709 0.070117 0.0729482 0.0731473 0.0711757 0.0675542 0.0627596 0.0571955 0.0511821 0.0449568 0.0386904 0.0325131 0.0265432 0.0209112 0.0157689 0.0112786 0.00757849 0.00473897
 0.00773612 0.0126205 0.0190933 0.0271218 0.0364487 0.0464431 0.056072 0.0641557 0.0697953 0.0726541 0.0729136 0.0710282 0.0675063 0.0628111 0.0573337 0.0513867 0.0452054 0.0389625 0.032791 0.0268117 0.0211564 0.0159794 0.0114471 0.00770299 0.00482322
 0.00930002 0.0148096 0.021735 0.0298368 0.0387606 0.0479533 0.0565992 0.0637632 0.0687127 0.0711616 0.0712563 0.0693825 0.0659838 0.0614737 0.0562082 0.0504747 0.0444922 0.0384239 0.0323997 0.0265404 0.0209795 0.0158731 0.0113897 0.00767637 0.00481349
 0.00930052 0.0150983 0.0226764 0.0318815 0.0422485 0.0528483 0.0623206 0.0692795 0.0729061 0.073267 0.0711133 0.0673807 0.0627945 0.0577647 0.0524776 0.0470204 0.0414567 0.0358539 0.0302913 0.024865 0.0196954 0.0149305 0.0107329 0.00724588 0.00455061
 0.00895194 0.014553 0.021917 0.030962 0.0413458 0.0522954 0.0625661 0.0707268 0.0756717 0.0770008 0.0750428 0.0706024 0.0646494 0.0580667 0.0514845 0.0452225 0.0393461 0.0337903 0.0284761 0.0233781 0.018544 0.0140843 0.0101444 0.00686141 0.00431652
 0.00878079 0.0142626 0.0214584 0.0302861 0.0404226 0.0511489 0.0613162 0.0696159 0.0750419 0.0771977 0.0762606 0.0727411 0.0672857 0.0605919 0.0533494 0.0461463 0.0393713 0.033183 0.0275647 0.0224295 0.017717 0.0134422 0.00968852 0.00656245 0.00413527
 0.00871457 0.0141503 0.0212796 0.0300157 0.0400326 0.0506142 0.0606265 0.068794 0.0741653 0.0764151 0.0757817 0.0727827 0.0679751 0.0618739 0.0549647 0.0477163 0.0405544 0.0338063 0.0276581 0.0221605 0.0172868 0.0130074 0.00933403 0.00631229 0.00397799
 0.00869287 0.0141114 0.0212141 0.0299113 0.0398753 0.0503904 0.060325 0.0684091 0.0737005 0.0758922 0.0752541 0.0723456 0.0677569 0.061995 0.0554746 0.0485441 0.0415144 0.0346698 0.0282513 0.0224271 0.0172837 0.0128489 0.00912987 0.00613267 0.00384989
 0.00869076 0.0141075 0.0212069 0.0298982 0.0398517 0.0503488 0.0602552 0.0682985 0.0735368 0.0756673 0.0749704 0.0720239 0.0674438 0.0617632 0.0554056 0.0486935 0.0418752 0.0351601 0.0287431 0.0228037 0.0174876 0.0128935 0.00907317 0.00603871 0.00376274
 0.00867872 0.0140898 0.0211836 0.0298706 0.0398216 0.0503175 0.0602224 0.0682614 0.0734897 0.0756016 0.0748764 0.0718955 0.0672847 0.0615935 0.0552638 0.0486286 0.0419262 0.0353329 0.0289994 0.0230745 0.0177052 0.0130211 0.0091141 0.00602278 0.00372435
 0.00866927 0.0140741 0.0211596 0.0298365 0.0397768 0.0502637 0.060164 0.0682047 0.0734408 0.0755631 0.0748457 0.0718649 0.0672452 0.0615403 0.055202 0.0485762 0.0419097 0.0353748 0.0291043 0.023222 0.0178581 0.0131435 0.0091876 0.00605043 0.00372248
 0.00867451 0.0140808 0.0211662 0.0298403 0.0397745 0.0502521 0.0601415 0.068172 0.0734006 0.0755198 0.074804 0.0718278 0.0672125 0.0615091 0.0551697 0.0485439 0.0418855 0.0353718 0.0291332 0.0232833 0.0179392 0.0132241 0.00924992 0.00608696 0.00373652
 0.00867065 0.0140782 0.0211689 0.0298536 0.039803 0.0502968 0.0601971 0.0682278 0.073444 0.0755408 0.0747985 0.071798 0.0671648 0.0614511 0.0551076 0.0484829 0.0418306 0.0353293 0.02911 0.0232834 0.0179603 0.0132571 0.0092833 0.00611198 0.00375031
 0.00863545 0.0140239 0.021093 0.0297569 0.0396903 0.0501779 0.0600865 0.0681421 0.0733967 0.0755375 0.0748346 0.0718611 0.0672402 0.0615266 0.0551761 0.0485418 0.0418807 0.0353733 0.0291518 0.0233264 0.0180055 0.0133024 0.00932403 0.00614378 0.00377135
 0.00864579 0.0140348 0.0210987 0.0297485 0.0396587 0.050118 0.0600005 0.0680406 0.0732963 0.0754555 0.0747842 0.0718478 0.0672612 0.0615723 0.0552344 0.0486019 0.0419358 0.0354211 0.0291932 0.0233638 0.0180408 0.0133357 0.00935388 0.00616796 0.00378855
 0.00863461 0.0140194 0.0210802 0.0297289 0.0396391 0.0500964 0.0599716 0.0679976 0.0732351 0.0753794 0.0747043 0.0717804 0.0672209 0.0615671 0.0552632 0.0486559 0.0420032 0.035491 0.0292584 0.023421 0.0180896 0.0133765 0.00938684 0.00619313 0.0038062
 0.00860013 0.013969 0.0210151 0.0296541 0.0395625 0.0500268 0.0599163 0.0679604 0.0732155 0.0753725 0.0747034 0.0717803 0.0672213 0.061573 0.0552816 0.0486917 0.0420558 0.0355549 0.0293259 0.0234851 0.0181457 0.0134226 0.00942271 0.00621942 0.00382413
#pred catch len freq
 0.00452285 0.00715752 0.0104417 0.0142942 0.0186621 0.0235001 0.0286992 0.0340531 0.0392983 0.0441823 0.0485052 0.0521368 0.0550219 0.0571725 0.0586396 0.0594799 0.0597344 0.0594136 0.0584655 0.0567228 0.0538711 0.0495225 0.0434344 0.0357833 0.0272854
 0.0047693 0.00746784 0.0107456 0.0144805 0.0186214 0.0231857 0.0281666 0.033446 0.0387813 0.0438593 0.0483753 0.0521106 0.0549826 0.0570445 0.0584297 0.0592758 0.059662 0.0595723 0.0588712 0.0572888 0.0544416 0.0499432 0.043621 0.0357477 0.0271102
 0.00505767 0.0079211 0.0113921 0.0153187 0.0196009 0.0241917 0.0290261 0.0339719 0.0388503 0.0434785 0.0476853 0.051312 0.0542351 0.0564079 0.057881 0.058775 0.0592095 0.0592162 0.058666 0.0572426 0.0544945 0.0499947 0.043586 0.0356001 0.026885
 0.00534875 0.00837918 0.0120551 0.0162157 0.020751 0.0255948 0.0306424 0.0356956 0.0404971 0.0448102 0.0484788 0.0514444 0.0537348 0.0554333 0.0566398 0.0574417 0.0578922 0.057974 0.0575373 0.0562521 0.0536425 0.0492547 0.0429239 0.0350003 0.0263603
 0.00565018 0.00884778 0.0127221 0.0171008 0.0218655 0.0269452 0.0322262 0.0374884 0.0424339 0.0467675 0.0502678 0.0528325 0.0545025 0.0554484 0.0559081 0.0561011 0.0561536 0.0560485 0.0555903 0.0543934 0.0519373 0.0477382 0.0416153 0.0339127 0.0255029
 0.00597448 0.00935118 0.0134364 0.018043 0.0230397 0.0283457 0.0338358 0.0392746 0.0443454 0.0487315 0.0521833 0.0545617 0.0558696 0.0562611 0.0560062 0.0554133 0.0547308 0.054052 0.0532419 0.051917 0.0495205 0.0455209 0.0396934 0.0323438 0.0243067
 0.0063478 0.00992814 0.0142501 0.0191076 0.0243536 0.0298947 0.0355926 0.0411931 0.0463586 0.0507549 0.0541213 0.0563104 0.0573145 0.0572735 0.0564474 0.0551579 0.0537079 0.0522847 0.0508618 0.0491423 0.0466091 0.0427211 0.0372061 0.0303005 0.0227603
 0.00669791 0.0104767 0.0150382 0.020162 0.0256855 0.0314979 0.0374367 0.0432185 0.0484782 0.0528643 0.0561109 0.0580748 0.0587558 0.0582987 0.056963 0.0550683 0.0529285 0.0507734 0.0486575 0.0463883 0.0435433 0.0396321 0.0343712 0.0279273 0.0209509
 0.00712207 0.0111293 0.015953 0.0213502 0.0271414 0.0332049 0.0393663 0.0453221 0.050679 0.0550573 0.058172 0.0598768 0.0601849 0.0592639 0.0573945 0.0549078 0.0521234 0.0492865 0.0464963 0.043642 0.0404039 0.036377 0.0313062 0.0253101 0.0189293
 0.00760897 0.0118735 0.0169859 0.0226726 0.0287296 0.0350205 0.04136 0.0474309 0.0528241 0.0571465 0.0601052 0.0615513 0.0615014 0.0601339 0.0577457 0.0546855 0.0512874 0.0478128 0.0443919 0.0409749 0.0373313 0.0331469 0.0282156 0.0226303 0.0168332
 0.00803951 0.0125432 0.0179378 0.0239276 0.030285 0.0368488 0.043404 0.049601 0.0550064 0.0592192 0.0619563 0.0630882 0.0626521 0.060843 0.0579689 0.0543857 0.0504333 0.0463837 0.0423928 0.0384615 0.0344363 0.0300873 0.0252629 0.0200446 0.0147908
 0.0085066 0.0132656 0.0189573 0.0252613 0.0319279 0.0387756 0.0455645 0.0519116 0.0573475 0.0614452 0.0639155 0.0646468 0.0637138 0.0613573 0.057925 0.0537953 0.0493142 0.0447526 0.0402747 0.0359137 0.0315762 0.0271054 0.0224008 0.0175391 0.0128067
 0.00896393 0.0139732 0.0199561 0.0265683 0.0335379 0.0406633 0.047681 0.0541775 0.0596512 0.0636507 0.0658762 0.0662226 0.0647889 0.0618558 0.0578183 0.0530976 0.0480675 0.0430113 0.0381 0.0333845 0.0288106 0.0242738 0.0197129 0.0151994 0.0109575
 0.00924891 0.0144258 0.0206183 0.0274741 0.0347098 0.0421065 0.0493728 0.0560604 0.0616334 0.0656151 0.0676939 0.0677653 0.0659416 0.0625278 0.0579528 0.0526757 0.0471064 0.0415572 0.0362221 0.0311752 0.0263932 0.0218075 0.0173812 0.0131754 0.00935969
 0.00942418 0.0147071 0.0210362 0.0280578 0.0354863 0.043096 0.0505808 0.0574676 0.063189 0.0672368 0.0692745 0.0691857 0.0670865 0.0633003 0.0582837 0.0525275 0.0464734 0.0404645 0.0347247 0.0293589 0.0243765 0.0197388 0.0154238 0.0114781 0.00802133
 0.00952075 0.014871 0.0212959 0.0284459 0.0360339 0.0438245 0.0514925 0.0585407 0.0643795 0.0684842 0.0705072 0.070325 0.0680505 0.0640104 0.0586725 0.052546 0.0460968 0.0396954 0.033596 0.0279372 0.0227626 0.0180629 0.0138288 0.0100919 0.00692792
 0.00954139 0.0149176 0.0213915 0.0286227 0.0363301 0.0442755 0.0521204 0.0593451 0.0653322 0.0695299 0.07157 0.0713207 0.0688998 0.0646483 0.0590509 0.0526321 0.0458715 0.0391555 0.0327596 0.0268505 0.0215038 0.0167385 0.0125581 0.00898291 0.00605145
 0.00949698 0.0148436 0.0212784 0.0284655 0.0361351 0.0440695 0.051955 0.0592911 0.065461 0.0698886 0.0721623 0.0721014 0.0697854 0.0655357 0.0598378 0.0532324 0.0462232 0.0392236 0.0325379 0.0263637 0.0208093 0.0159225 0.0117223 0.00822293 0.00543473
 0.00954094 0.0148945 0.0213168 0.0284598 0.0360495 0.0438775 0.0516545 0.0589132 0.0650706 0.0695739 0.0720153 0.0721911 0.070134 0.0661074 0.0605463 0.053964 0.0468639 0.039682 0.0327586 0.0263332 0.0205554 0.0155078 0.0112304 0.00773791 0.00502134
 0.00967724 0.0150918 0.0215675 0.028738 0.0363142 0.0440799 0.051747 0.0588597 0.0648579 0.0692235 0.0715876 0.0717769 0.0698307 0.0659894 0.06064 0.0542384 0.0472409 0.0400611 0.0330464 0.0264673 0.0205172 0.0153215 0.010951 0.00743128 0.00474366
 0.00976858 0.0152364 0.0217769 0.0290181 0.0366606 0.0444732 0.0521482 0.0592117 0.0650964 0.0692946 0.0714665 0.0714801 0.0694171 0.0655467 0.0602598 0.0539872 0.047139 0.0400786 0.0331189 0.0265231 0.0205041 0.0152225 0.0107834 0.00723316 0.00455516
 0.00994053 0.0154837 0.0220901 0.02937 0.0370166 0.0448059 0.0524468 0.0594774 0.065328 0.0694754 0.0715618 0.0714507 0.0692401 0.0652331 0.059858 0.0535685 0.0467722 0.0398056 0.0329421 0.026412 0.0204155 0.0151225 0.0106605 0.00709716 0.0044258
 0.0101067 0.0157295 0.0224141 0.029753 0.0374248 0.0451983 0.0527831 0.0597261 0.0654736 0.0695214 0.0715265 0.071354 0.0690913 0.06503 0.0595971 0.0532599 0.0464446 0.0394974 0.0326846 0.0262156 0.0202696 0.015006 0.0105561 0.00699899 0.00433772
 0.0100312 0.0156377 0.0223326 0.0297241 0.0374933 0.0453907 0.0530911 0.0601051 0.0658572 0.0698454 0.0717478 0.0714592 0.069092 0.0649495 0.0594584 0.0530801 0.0462379 0.0392803 0.0324767 0.026034 0.0201221 0.0148902 0.010464 0.00692352 0.00427607
 0.00988864 0.0154267 0.0220555 0.0294012 0.0371636 0.0451078 0.0529156 0.0600901 0.0660295 0.0701885 0.0722009 0.0719358 0.0695102 0.065257 0.05964 0.0531491 0.0462216 0.039208 0.0323746 0.0259235 0.0200185 0.0148016 0.0103923 0.00686705 0.00423265
 0.00982778 0.015324 0.0218944 0.0291658 0.0368444 0.0447109 0.0524714 0.0596556 0.0656796 0.069997 0.0722167 0.0721639 0.0699071 0.0657435 0.0601284 0.0535702 0.0465392 0.0394183 0.0324949 0.0259791 0.0200336 0.0147949 0.010376 0.00684824 0.00421502
 0.00981109 0.0152988 0.021859 0.0291172 0.0367756 0.0446088 0.0523184 0.0594379 0.0653993 0.0696828 0.0719242 0.071961 0.0698487 0.0658492 0.0603738 0.053897 0.0468786 0.0397147 0.0327185 0.0261264 0.0201176 0.0148348 0.0103894 0.00684798 0.00420929
 0.00971917 0.015164 0.0216836 0.0289134 0.0365624 0.0444064 0.0521425 0.0592952 0.0652866 0.0695893 0.0718396 0.0718857 0.069801 0.0658601 0.0604711 0.054088 0.0471425 0.0400093 0.032998 0.0263571 0.0202857 0.0149437 0.0104523 0.00688001 0.00422321
 0.00957045 0.014937 0.0213699 0.0285161 0.036096 0.0438963 0.0516244 0.0588138 0.0648892 0.0693157 0.071712 0.0719051 0.0699506 0.0661156 0.0608098 0.0544913 0.0475914 0.0404781 0.033453 0.0267637 0.0206182 0.015192 0.0106216 0.00698546 0.0042832
 0.00959213 0.0149587 0.0213775 0.0284876 0.0360072 0.0437293 0.051376 0.0584988 0.0645384 0.068969 0.0714107 0.0716838 0.0698313 0.0661043 0.0608988 0.0546642 0.0478284 0.0407577 0.0337513 0.0270545 0.0208768 0.0154007 0.010774 0.00708593 0.00434293
 0.0095724 0.014925 0.021323 0.0284037 0.0358831 0.0435539 0.0511407 0.0582026 0.0641926 0.0686004 0.0710595 0.0713959 0.069647 0.0660486 0.0609759 0.0548596 0.0481139 0.0410995 0.0341149 0.0274082 0.0211939 0.0156626 0.0109721 0.00722255 0.00442833
 0.00940848 0.0146876 0.0210193 0.028058 0.0355286 0.0432196 0.0508419 0.05794 0.063959 0.0683904 0.0708765 0.0712546 0.0695706 0.0660618 0.0610962 0.0550897 0.04844 0.041493 0.0345392 0.0278258 0.0215725 0.0159791 0.0112156 0.0073941 0.00453839
 0.00923685 0.0144303 0.0206732 0.0276365 0.03506 0.0427425 0.0503997 0.0575743 0.0637005 0.0682501 0.0708437 0.0713043 0.0696775 0.0662113 0.0612878 0.0553312 0.0487372 0.0418416 0.0349217 0.0282146 0.0219371 0.0162936 0.0114643 0.00757376 0.0046564
 0.00906364 0.0141702 0.0203218 0.0272037 0.0345676 0.042219 0.0498778 0.0570908 0.063296 0.0679635 0.0707029 0.071318 0.0698314 0.0664742 0.0616228 0.0557082 0.0491375 0.0422551 0.0353394 0.0286222 0.0223149 0.0166211 0.0117268 0.0077664 0.00478511
 0.00906603 0.0141571 0.020271 0.0270851 0.0343514 0.0418896 0.0494447 0.0565907 0.0627839 0.0674987 0.0703368 0.0710868 0.0697528 0.0665458 0.0618242 0.0560066 0.049497 0.0426443 0.0357341 0.0290038 0.0226664 0.0169268 0.0119745 0.00795121 0.00491086
