SBPRF35
7.78865
Curr Bio
444460
B35
632548
F35
0.211002
FOFL
0.14034
OFL
48295.8
Bzero
2.22533e+006
#pred survey bio
 3.85058e+006 3.40617e+006 3.05501e+006 2.71532e+006 2.39537e+006 2.11037e+006 1.84911e+006 1.61857e+006 1.38921e+006 1.21963e+006 1.08997e+006 972002 896339 829686 770430 742754 710410 693401 671731 654003 635368 622041 619115 614127 621822 616348 618004 615622 608095 593753 581283 569471 559871 549077 551693 558817 562834 575465 578688 599215 607295 606380 609070 608463 614499 607226 603251 568502 558921 558517 548098 544401 550772 540965 529880 535865 557476 586001 572519 546098 508711 470288 459359 457827 449369 1.52522e+007 9.13632e+006 9.47541e+006 1.0407e+007 1.16445e+007 1.29138e+007 1.40511e+007 1.499e+007 1.57246e+007 1.6279e+007 1.66876e+007 1.6984e+007 1.71971e+007 1.73497e+007 1.74589e+007 1.75371e+007 1.75935e+007 1.76343e+007 1.7664e+007 1.76858e+007 1.77019e+007 1.77138e+007 1.77227e+007 1.77294e+007 1.77345e+007 1.77383e+007 1.77413e+007 1.77435e+007 1.77452e+007 1.77465e+007 1.77475e+007 1.77482e+007 1.77488e+007 1.77493e+007 1.77496e+007 1.77499e+007 1.77501e+007 1.77503e+007 1.77504e+007 1.77505e+007 1.77506e+007 1.77506e+007 1.77507e+007 1.77507e+007 1.77507e+007 1.77507e+007 1.77508e+007 1.77508e+007 1.77508e+007 1.77508e+007 1.77508e+007 1.77508e+007 1.77508e+007 1.77508e+007 1.77508e+007 1.77508e+007 1.77508e+007 1.77508e+007 1.77508e+007 1.77508e+007 1.77508e+007 1.77508e+007 1.77508e+007 1.77508e+007 1.77508e+007 1.77508e+007 1.77508e+007 1.77508e+007 1.77508e+007 1.77508e+007 1.77508e+007 1.77508e+007 1.77508e+007 1.77508e+007 1.77508e+007 1.77508e+007 1.77508e+007 1.77508e+007 1.77508e+007 1.77508e+007 1.77508e+007 1.77508e+007 1.77508e+007 1.77508e+007 1.77508e+007 1.77508e+007 1.77508e+007 1.77508e+007 1.77508e+007 1.77508e+007 1.77508e+007 1.77508e+007 1.77508e+007 1.77508e+007 1.77508e+007 1.77508e+007 1.77508e+007 1.77508e+007 1.77508e+007 1.77508e+007 0 0 0 0 0 0 0 0 0 0 0 0 0 0 0 0 0 0 0 0 0 0 0 0 0
#obs survey bio
 4.12599e+006 1.65374e+006 3.24582e+006 2.68192e+006 1.87086e+006 1.49696e+006 1.16497e+006 1.10088e+006 1.05824e+006 997523 793064 779191 944480 712108 628760 701790 609314 800474 469250 667550 671658 610352 483847 464999 618018 365218 616055 602474 592752 421892 541028 675118 663363 332973 581574 488084 569577 534117 578244 747327 605734 688101 587724 406322 554246 791789 488828 585404 512566 635734 401299 587048 497276 433388 541577 424574 567747 704540 614646 550722 560407 423693 617139 464252 383495
#pred catch bio
 332760 272866 288219 297277 291138 292055 282971 295649 252593 224942 219719 185834 178415 170099 140990 142294 126408 127413 120912 118307 110740 100372 101792 91724.9 102882 95534 96577.7 97640.3 99565.8 93891.7 89721.9 87013.6 91113.3 84165.8 83496 87648 81748.8 90896 77936.3 89765 96996.8 92890.1 95052.7 89761 100509 96304.6 120448 98072 90585.9 98697.1 92610.9 84295.8 97633.1 98443.5 84966 72985.3 67257.1 100277 108254 115699 114740 90093.6 80749 83529.2 82867.3 48295.8 69976.2 71165 76863.3 85715.9 95083.6 103427 110178 115312 119049 121683 123496 124720 125534 126070 126419 126645 126791 126884 126943 126981 127005 127020 127030 127036 127040 127042 127044 127045 127045 127046 127046 127046 127046 127046 127046 127046 127046 127046 127046 127046 127046 127046 127046 127046 127046 127046 127046 127046 127046 127046 127046 127046 127046 127046 127046 127046 127046 127046 127046 127046 127046 127046 127046 127046 127046 127046 127046 127046 127046 127046 127046 127046 127046 127046 127046 127046 127046 127046 127046 127046 127046 127046 127046 127046 127046 127046 127046 127046 127046 127046 127046 127046 127046 127046 127046 127046 127046 127046 127046 0 0 0 0 0 0 0 0 0 0 0 0 0 0 0 0 0 0 0 0 0 0 0 0 0
#obs catch bio
 256393 274009 290536 300098 294911 296792 288400 303357 258764 229654 226303 191129 183163 174824 144288 145653 128908 129783 123190 120416 112133 101372 103077 92891.5 104870 97514.3 97996.2 98744.1 100789 94857.2 90586.6 87563.6 91866.8 85070.4 83780.2 88151.2 81842.4 91608 78195.4 90450.8 97809.3 93290.3 95076.5 90043.9 101627 96156.9 121362 98383.8 90615.5 98986.8 93016.8 84267.1 97733.2 98714 85437 73514.5 67221.9 100386 107633 114988 114516 89794.9 80433.3 83169.7 82882.2
#pred cpue bio
 3.78202e+006 3.34281e+006 2.99569e+006 2.65844e+006 2.34039e+006 2.0573e+006 1.79814e+006 1.56969e+006 1.34303e+006 1.17549e+006 1.04726e+006 930795 856274 791266 733777 707147 676164 660057 639449 622643 605070 592545 589798 584780 592043 586844 588939 587390 580795 567492 556042 545112 535251 523126 524493 531309 535389 547613 550599 570353 578228 577575 580529 579995 585651 578773 575221 541389 531741 531315 521316 517691 523940 514476 503392 508890 530178 558775 546398 520547 483621 445946 435451 434635 427379 1.45384e+007 8.72352e+006 8.92065e+006 9.68504e+006 1.08605e+007 1.21142e+007 1.32483e+007 1.41866e+007 1.49211e+007 1.54755e+007 1.5884e+007 1.61804e+007 1.63936e+007 1.65461e+007 1.66553e+007 1.67336e+007 1.67899e+007 1.68307e+007 1.68604e+007 1.68822e+007 1.68983e+007 1.69102e+007 1.69192e+007 1.69259e+007 1.69309e+007 1.69348e+007 1.69377e+007 1.69399e+007 1.69416e+007 1.69429e+007 1.69439e+007 1.69447e+007 1.69452e+007 1.69457e+007 1.69461e+007 1.69463e+007 1.69465e+007 1.69467e+007 1.69468e+007 1.69469e+007 1.6947e+007 1.6947e+007 1.69471e+007 1.69471e+007 1.69472e+007 1.69472e+007 1.69472e+007 1.69472e+007 1.69472e+007 1.69472e+007 1.69472e+007 1.69472e+007 1.69472e+007 1.69472e+007 1.69472e+007 1.69472e+007 1.69472e+007 1.69472e+007 1.69472e+007 1.69472e+007 1.69472e+007 1.69472e+007 1.69472e+007 1.69472e+007 1.69472e+007 1.69472e+007 1.69472e+007 1.69472e+007 1.69472e+007 1.69472e+007 1.69472e+007 1.69472e+007 1.69472e+007 1.69472e+007 1.69472e+007 1.69472e+007 1.69472e+007 1.69472e+007 1.69472e+007 1.69472e+007 1.69472e+007 1.69472e+007 1.69472e+007 1.69472e+007 1.69472e+007 1.69472e+007 1.69472e+007 1.69472e+007 1.69472e+007 1.69472e+007 1.69472e+007 1.69472e+007 1.69472e+007 1.69472e+007 1.69472e+007 1.69472e+007 1.69472e+007 1.69472e+007 1.69472e+007 1.69472e+007 0 0 0 0 0 0 0 0 0 0 0 0 0 0 0 0 0 0 0 0 0 0 0 0 0
#obs cpue bio
 2.67528e+006 2.10203e+006 2.26116e+006 2.34846e+006 1.81118e+006 2.11875e+006 1.82044e+006 1.57234e+006 1.1658e+006 1.25178e+006 711153 641345 691768 637055 550740 656679 568643 534971 624089 520923 625257 519174 589854 451054 408166 503629 801445 655606 502848 723190 526937 508878 408408 515739 832390 522750 593848 422362 476936 385580 532216 567793 889428 545479 399374 869863 530094 481577 665869 448982 563654 562575 642449 558463 336064 437196 734019 717208 713329 569742 393080 499872 359461 513581 385933
#pred surv len freq
 0.00551937 0.00896896 0.0135087 0.0191097 0.0256139 0.0326424 0.0395695 0.0456775 0.0504281 0.0536424 0.0554707 0.0562281 0.0562422 0.0557774 0.0550108 0.0540321 0.0528591 0.0514563 0.049735 0.0475254 0.0445587 0.0405227 0.0352288 0.028819 0.0218533
 0.00586032 0.00943952 0.0140677 0.019682 0.0261309 0.0330956 0.0400381 0.046299 0.0513173 0.0548074 0.0567794 0.0574495 0.0571375 0.0561891 0.0549088 0.0535042 0.0520584 0.0505317 0.048775 0.0465411 0.0435118 0.039384 0.0340262 0.0276439 0.0208217
 0.00627584 0.0100912 0.0149984 0.0209011 0.0275976 0.0347057 0.0416292 0.0476905 0.0523811 0.0555265 0.057244 0.057782 0.0573981 0.0563315 0.0548155 0.0530678 0.0512473 0.0494016 0.0474289 0.0450768 0.0419958 0.0378624 0.0325548 0.026302 0.0196947
 0.00661832 0.0106537 0.0158548 0.0221207 0.029227 0.0367394 0.0439787 0.0501728 0.0547441 0.0575094 0.0586521 0.0585403 0.0575549 0.0560072 0.054126 0.0520724 0.0499523 0.0478042 0.0455605 0.0430146 0.0398476 0.0357466 0.0305887 0.0245925 0.0183213
 0.0069471 0.0111804 0.0166342 0.0232023 0.0306501 0.0385228 0.0461038 0.0525669 0.0572715 0.0599775 0.0608331 0.0602111 0.0585481 0.056253 0.0536598 0.0510006 0.0483985 0.0458717 0.0433317 0.0405753 0.0373102 0.033253 0.0282924 0.0226287 0.0167762
 0.00726591 0.01169 0.0173852 0.0242366 0.0319945 0.0401796 0.0480398 0.05471 0.059519 0.0622092 0.0629182 0.0620071 0.0599031 0.0570239 0.0537449 0.0503692 0.047097 0.0440045 0.0410316 0.0379874 0.0345914 0.0305755 0.0258325 0.0205377 0.0151464
 0.00759809 0.0122203 0.0181652 0.0253074 0.0333797 0.0418735 0.0499958 0.0568371 0.0616947 0.0643036 0.0648142 0.0636072 0.0611226 0.0577807 0.0539578 0.0499701 0.046054 0.0423421 0.0388382 0.0354075 0.0318113 0.0278047 0.0232782 0.0183704 0.0134656
 0.00787751 0.0126759 0.0188529 0.0262795 0.0346734 0.0434943 0.0519004 0.0589286 0.0638376 0.0663508 0.0666341 0.0650974 0.0622121 0.0584215 0.0541134 0.049607 0.0451447 0.0408804 0.036862 0.0330171 0.0291714 0.0251264 0.0207829 0.0162433 0.0118154
 0.00826606 0.0132889 0.0197409 0.0274772 0.0361949 0.0453244 0.0539831 0.0611616 0.0660805 0.0684473 0.0684367 0.0664885 0.0631141 0.0587988 0.053963 0.048944 0.0439889 0.0392547 0.0348058 0.0306087 0.0265452 0.0224703 0.0183072 0.0141314 0.0101778
 0.00868303 0.0139309 0.0206406 0.0286417 0.037607 0.0469458 0.0557543 0.0630013 0.0678916 0.0701284 0.0698938 0.0676401 0.063894 0.0591581 0.0538735 0.0483987 0.0429988 0.0378453 0.0330195 0.0285162 0.0242599 0.02015 0.0161332 0.0122676 0.00872664
 0.00897042 0.0143993 0.0213457 0.0296314 0.038906 0.0485354 0.0575563 0.064882 0.0696918 0.0717054 0.0711514 0.0685332 0.0644123 0.0593054 0.053655 0.0478179 0.0420616 0.0365665 0.0314312 0.0266777 0.0222667 0.0181343 0.0142474 0.0106501 0.00746585
 0.0091484 0.0147034 0.0218308 0.0303578 0.0399263 0.0498727 0.0591814 0.0667025 0.0715622 0.0734545 0.0726171 0.0695933 0.0650026 0.059421 0.0533337 0.0471168 0.0410366 0.0352653 0.0298987 0.0249696 0.0204629 0.0163423 0.0125902 0.00923922 0.0063709
 0.00917325 0.0147481 0.0219082 0.030488 0.0401392 0.0502084 0.0596851 0.0674121 0.0724898 0.0745683 0.0738339 0.070789 0.0660395 0.0601796 0.0537377 0.0471403 0.0406957 0.0346017 0.028967 0.0238342 0.0192021 0.015051 0.0113722 0.00818823 0.00554732
 0.00923811 0.0148496 0.0220536 0.0306817 0.040383 0.0505022 0.0600282 0.0678061 0.0729408 0.0750862 0.0744245 0.0714398 0.066708 0.0607933 0.0542085 0.0473881 0.0406694 0.0342886 0.0283908 0.0230471 0.0182772 0.0140758 0.0104381 0.00737497 0.00490652
 0.00932151 0.0149817 0.0222456 0.0309409 0.04071 0.0508883 0.0604532 0.06824 0.0733513 0.0754497 0.0747338 0.0717041 0.0669432 0.0610067 0.0543867 0.0474945 0.0406546 0.0341092 0.0280263 0.0225098 0.0176116 0.0133496 0.00972805 0.00674945 0.00441027
 0.00928052 0.0149135 0.022141 0.0307928 0.0405184 0.0506656 0.060228 0.068054 0.0732485 0.0754627 0.0748753 0.0719664 0.0673041 0.0614366 0.0548498 0.0479481 0.0410484 0.0343907 0.0281531 0.0224629 0.0174043 0.0130257 0.00935002 0.00638074 0.00409879
 0.00932035 0.0149731 0.0222205 0.0308875 0.0406185 0.0507566 0.0602934 0.0680797 0.0732296 0.0754087 0.0748094 0.0719187 0.067301 0.0614919 0.0549622 0.0481012 0.0412137 0.0345311 0.0282303 0.0224477 0.0172873 0.0128226 0.00909737 0.00612327 0.00387447
 0.00928544 0.0149166 0.0221364 0.0307711 0.0404684 0.0505772 0.0600964 0.0678831 0.073054 0.075273 0.0747281 0.0719023 0.0673568 0.0616233 0.0551654 0.0483621 0.0415067 0.0348215 0.0284801 0.0226239 0.0173707 0.0128146 0.00901919 0.00600809 0.00375555
 0.00928543 0.0149179 0.0221403 0.030779 0.0404798 0.0505887 0.0601005 0.0678705 0.0730172 0.0752103 0.0746458 0.0718132 0.0672778 0.0615715 0.0551548 0.0484001 0.0415912 0.0349389 0.0286067 0.022732 0.0174373 0.0128287 0.00898561 0.00594406 0.0036825
 0.00919477 0.0147868 0.0219733 0.0305911 0.0402927 0.050424 0.0599743 0.0677904 0.0729828 0.0752148 0.074679 0.071865 0.0673414 0.0616456 0.0552426 0.0485067 0.0417191 0.0350846 0.028759 0.0228735 0.0175498 0.0128999 0.00901377 0.00593807 0.00365721
 0.00926383 0.0148702 0.0220467 0.0306163 0.0402317 0.0502585 0.05972 0.0674949 0.0727073 0.0750095 0.0745673 0.0718427 0.0673868 0.0617331 0.0553521 0.0486272 0.0418463 0.0352169 0.0288925 0.0230001 0.0176584 0.0129807 0.00906248 0.00595782 0.0036568
 0.00942633 0.0151056 0.0223461 0.030949 0.040549 0.0505029 0.0598375 0.067449 0.0724919 0.0746577 0.0741453 0.0714298 0.0670484 0.0615026 0.0552296 0.0485913 0.0418698 0.0352761 0.0289703 0.0230836 0.0177369 0.0130451 0.00910743 0.00598283 0.00366592
 0.00955253 0.0152955 0.0226022 0.0312613 0.0408939 0.0508446 0.0601301 0.0676417 0.0725397 0.0745358 0.0738623 0.0710294 0.0665996 0.0610792 0.0548893 0.048362 0.0417496 0.0352429 0.0289946 0.0231384 0.0178011 0.0131045 0.00915382 0.00601354 0.00368258
 0.00961009 0.0153973 0.0227698 0.0315173 0.0412532 0.0513027 0.060653 0.0681659 0.0729857 0.074829 0.0739524 0.070902 0.0662787 0.0606208 0.054368 0.0478527 0.0413096 0.0349024 0.0287567 0.0229877 0.0177144 0.0130591 0.00913181 0.00600294 0.00367671
 0.00941411 0.0151137 0.0224089 0.0311142 0.040862 0.0509837 0.0604603 0.0681362 0.0731291 0.0751228 0.0743422 0.0713142 0.0666413 0.0608839 0.0545156 0.0479016 0.0412975 0.034871 0.0287371 0.0229935 0.0177435 0.0131008 0.00917411 0.00603774 0.00370093
 0.00922271 0.0148303 0.0220352 0.0306727 0.0403934 0.0505407 0.0601001 0.0679132 0.0730843 0.0752714 0.0746654 0.0717603 0.0671375 0.0613549 0.0549016 0.0481717 0.0414527 0.0349372 0.0287515 0.0229896 0.0177424 0.0131095 0.00919028 0.00605561 0.0037159
 0.00900419 0.0144849 0.0215357 0.0300052 0.0395665 0.0495953 0.0591167 0.0670065 0.0723802 0.074874 0.0746286 0.0720776 0.0677479 0.0621608 0.0557913 0.0490419 0.0422267 0.0355746 0.0292461 0.0233587 0.0180124 0.0133051 0.00932968 0.0061515 0.00377804
 0.00890385 0.0143158 0.02127 0.0296141 0.0390264 0.0488998 0.0582892 0.0661063 0.0714983 0.0741181 0.0741024 0.0718583 0.0678684 0.062601 0.056482 0.0498819 0.0431072 0.0364024 0.0299594 0.0239307 0.0184448 0.0136165 0.00954436 0.0062928 0.00386599
 0.00879536 0.0141537 0.0210518 0.0293439 0.0387102 0.0485391 0.0578783 0.065638 0.0709751 0.0735644 0.0735694 0.0714187 0.0676 0.0625641 0.0567 0.0503314 0.0437236 0.0370973 0.0306447 0.0245388 0.0189384 0.0139871 0.00980383 0.00646279 0.00397013
 0.00868625 0.0139887 0.0208269 0.0290645 0.0383908 0.0482002 0.0575431 0.0653268 0.0706991 0.0733217 0.0733497 0.0712156 0.0674251 0.0624515 0.0566965 0.0504756 0.0440257 0.0375305 0.0311524 0.0250531 0.0194007 0.0143615 0.0100797 0.00664896 0.0040855
 0.00869802 0.0139835 0.0207749 0.0289255 0.0381273 0.0477971 0.0570232 0.0647505 0.0701457 0.0728626 0.073027 0.0710365 0.0673713 0.0624974 0.0568252 0.0506853 0.0443227 0.0379144 0.0316038 0.0255326 0.0198596 0.0147573 0.010388 0.00686626 0.00422442
 0.00942613 0.0150083 0.0220222 0.0302233 0.0392506 0.0485423 0.0572713 0.0644908 0.069459 0.0718859 0.0719167 0.0699368 0.0663901 0.0616947 0.0562174 0.0502622 0.0440651 0.0378034 0.0316188 0.0256453 0.0200324 0.0149489 0.0105635 0.00700471 0.00432021
 0.0101166 0.0160949 0.0235814 0.0322775 0.0417352 0.0512724 0.0599307 0.066677 0.0707954 0.0721523 0.071125 0.0683076 0.0642548 0.0593842 0.0539877 0.0482716 0.0423874 0.0364556 0.0305862 0.0248959 0.0195227 0.0146279 0.0103784 0.00690766 0.00427419
 0.0100279 0.0160689 0.0237596 0.0328613 0.042929 0.0531922 0.0625201 0.0696784 0.0737948 0.0746809 0.0727786 0.0688484 0.0636647 0.0578529 0.051839 0.0458612 0.0400165 0.0343279 0.0288069 0.0234948 0.0184807 0.0138976 0.00989809 0.00661304 0.00410644
 0.00969134 0.0155577 0.0230653 0.032022 0.0420467 0.0524434 0.0621431 0.069919 0.0748106 0.0764433 0.0750351 0.0711807 0.0656231 0.059101 0.0522456 0.045506 0.0391246 0.0331731 0.0276286 0.022454 0.0176546 0.0132983 0.00949812 0.0063671 0.00396742
 0.00960606 0.01539 0.022761 0.031518 0.0412942 0.0514437 0.060982 0.0687777 0.0739383 0.0760929 0.075379 0.0722358 0.0672192 0.0609186 0.0539171 0.046738 0.0397831 0.0332959 0.0273716 0.0220092 0.0171831 0.0128985 0.00920701 0.00617995 0.00385988
 0.0096791 0.0154922 0.0228818 0.0316303 0.0413531 0.0513906 0.0607562 0.0683387 0.0732965 0.0753356 0.0746701 0.0717753 0.0671705 0.0613344 0.0547044 0.0476869 0.0406493 0.0338949 0.0276356 0.0219847 0.0169818 0.0126376 0.00896941 0.00600345 0.00374752
 0.00965809 0.0154634 0.0228479 0.0315954 0.0413197 0.0513535 0.0606983 0.0682306 0.073104 0.075035 0.0742692 0.0713305 0.0667861 0.0611335 0.0547777 0.0480443 0.0412045 0.034499 0.0281413 0.0223046 0.0171088 0.0126241 0.00888706 0.00590999 0.0036735
 0.00971082 0.015546 0.022966 0.0317519 0.0415133 0.051577 0.0609361 0.0684566 0.073282 0.0751231 0.0742295 0.0711432 0.0664648 0.0607339 0.0543888 0.0477586 0.0410792 0.034529 0.028265 0.0224387 0.0171898 0.0126317 0.00883877 0.00583888 0.00360734
 0.00953212 0.0152803 0.0226131 0.0313293 0.0410534 0.051121 0.0605282 0.0681395 0.07309 0.0750742 0.0743176 0.0713375 0.0667189 0.0610024 0.0546451 0.0480035 0.0413333 0.0348118 0.0285745 0.0227464 0.0174554 0.0128252 0.00895399 0.00589141 0.00362178
 0.00936207 0.0150299 0.0222849 0.0309439 0.0406447 0.0507285 0.0601894 0.0678857 0.0729435 0.0750446 0.0744002 0.0715137 0.0669599 0.0612751 0.0549191 0.0482589 0.0415652 0.0350276 0.028784 0.0229504 0.0176425 0.0129784 0.009062 0.00595476 0.00365114
 0.00929062 0.0149135 0.0221103 0.0307016 0.0403343 0.0503651 0.0598076 0.0675356 0.072677 0.0748991 0.0743873 0.0716202 0.0671563 0.0615264 0.0551928 0.0485294 0.0418161 0.0352525 0.0289837 0.023128 0.017798 0.0131074 0.00915944 0.00601952 0.00368794
 0.0094229 0.0150841 0.022285 0.0308211 0.0403313 0.0501903 0.0594531 0.0670413 0.0721188 0.0743663 0.0739599 0.0713517 0.0670658 0.0615999 0.0553923 0.0488065 0.042125 0.0355579 0.0292637 0.0233716 0.018001 0.0132689 0.00928006 0.00610238 0.00373919
 0.00952031 0.0152475 0.0225372 0.0311782 0.0407887 0.0507073 0.0599462 0.0673994 0.0722416 0.0742073 0.0735487 0.0707817 0.0664567 0.0610564 0.0549787 0.0485413 0.0419917 0.0355222 0.0292886 0.0234268 0.0180658 0.0133305 0.00933155 0.00614079 0.00376462
 0.0092417 0.0148596 0.0220746 0.0307159 0.0404233 0.0505249 0.0599916 0.0676606 0.0726525 0.0746658 0.0739458 0.0710362 0.0665405 0.061 0.0548512 0.0484174 0.0419235 0.0355278 0.0293574 0.0235335 0.0181837 0.0134394 0.00942015 0.00620555 0.00380734
 0.00925429 0.0148466 0.0219966 0.0305249 0.0400869 0.0500579 0.0594741 0.0672231 0.072426 0.0747217 0.0742624 0.0715097 0.0670331 0.0613957 0.0550931 0.0485135 0.0419247 0.0354955 0.0293371 0.0235443 0.0182227 0.013493 0.00947389 0.00625007 0.00383915
 0.00937577 0.0150198 0.0222102 0.0307472 0.0402681 0.0501387 0.0594014 0.0669711 0.0720174 0.0742362 0.0738176 0.0712159 0.0669452 0.0614922 0.0552953 0.0487303 0.0420939 0.0355996 0.0293923 0.0235782 0.0182554 0.013531 0.00951412 0.00628621 0.00386689
 0.00963993 0.0154501 0.0228561 0.0316461 0.0414266 0.0515077 0.0608581 0.0683264 0.0730595 0.0747946 0.0738185 0.0707024 0.0660542 0.0604012 0.0541637 0.0476626 0.0411355 0.0347588 0.0286673 0.022971 0.0177709 0.0131686 0.00926269 0.00612528 0.00377213
 0.00957284 0.0153614 0.0227621 0.0315801 0.0414358 0.0516452 0.0611683 0.0688275 0.073724 0.0755404 0.0745199 0.0712252 0.0663025 0.0603505 0.0538632 0.0472061 0.040621 0.0342587 0.0282209 0.0225935 0.0174661 0.0129356 0.00909645 0.0060161 0.00370673
 0.00952391 0.015271 0.022608 0.0313395 0.0410979 0.0512268 0.0607257 0.068452 0.073518 0.0755812 0.0748275 0.0717493 0.0669354 0.060962 0.054344 0.0474996 0.0407308 0.0342304 0.0281137 0.022458 0.017335 0.0128256 0.00901344 0.00595935 0.00367172
 0.0096335 0.0154348 0.0228263 0.0315997 0.0413732 0.0514785 0.0609092 0.0685291 0.0734736 0.0754372 0.0746415 0.0715931 0.0668623 0.0609819 0.0544201 0.04757 0.0407397 0.0341525 0.0279593 0.0222604 0.0171324 0.0126472 0.00887399 0.00586124 0.00360926
 0.00957818 0.0153656 0.02276 0.0315636 0.0413956 0.0515753 0.0610721 0.0687241 0.0736525 0.0755552 0.0746754 0.0715509 0.0667801 0.0609067 0.0543875 0.0475868 0.0407835 0.0341871 0.0279558 0.0222105 0.0170479 0.0125499 0.00878415 0.00579073 0.00356097
 0.00957088 0.0153315 0.0226696 0.0313811 0.0410949 0.0511607 0.0605922 0.0682637 0.0733023 0.0753758 0.0746768 0.0716983 0.067019 0.0611898 0.0546873 0.0478916 0.0410848 0.0344697 0.0281987 0.0223957 0.0171692 0.0126152 0.00880995 0.00579473 0.00355643
 0.009816 0.0156999 0.0231658 0.0319835 0.0417549 0.0518064 0.0611371 0.0686239 0.0734214 0.0752476 0.0743486 0.0712505 0.0665318 0.0607194 0.0542616 0.0475204 0.0407706 0.0342124 0.0279935 0.022233 0.017038 0.0125072 0.008722 0.00572662 0.00350793
 0.00987401 0.0158209 0.0233953 0.0323755 0.0423521 0.0526116 0.0620906 0.0696037 0.0742727 0.0758293 0.0745752 0.0711119 0.066087 0.0600696 0.0535171 0.0467734 0.0400827 0.0336156 0.0274985 0.0218373 0.0167316 0.012277 0.00855483 0.0056105 0.00343194
 0.00955196 0.0153506 0.022789 0.0316857 0.041666 0.0520352 0.061729 0.0695389 0.0745383 0.0763908 0.0753295 0.0719154 0.0668016 0.0606043 0.0538452 0.0469223 0.0401077 0.0335736 0.0274321 0.0217707 0.0166747 0.0122316 0.0085196 0.00558377 0.00341251
 0.00915713 0.0147258 0.0218846 0.0304773 0.0401715 0.0503358 0.0599827 0.0679684 0.0733841 0.0758419 0.0754659 0.072687 0.0680503 0.0621142 0.0554017 0.04836 0.041333 0.0345592 0.0281945 0.0223449 0.0170969 0.0125325 0.00872457 0.00571523 0.00349077
 0.00898752 0.0144216 0.0213747 0.0296806 0.0390189 0.0488055 0.0581347 0.0659576 0.0714411 0.0742271 0.0744131 0.0723517 0.0684724 0.0632082 0.0569797 0.0501824 0.043169 0.0362343 0.0296095 0.0234687 0.0179443 0.0131414 0.00914055 0.00598333 0.00365218
 0.0093691 0.0149872 0.0221204 0.0305562 0.039928 0.0496142 0.058687 0.0661028 0.071076 0.0733423 0.073118 0.0708583 0.0670393 0.0620677 0.0562753 0.0499406 0.0433117 0.0366222 0.030096 0.0239402 0.0183366 0.0134339 0.00934042 0.00610986 0.00372656
 0.00966202 0.0154735 0.022867 0.0316208 0.0413334 0.0513123 0.0605312 0.0678527 0.0724463 0.0740811 0.0730795 0.0700432 0.0655941 0.0602455 0.0543702 0.0482138 0.0419329 0.0356473 0.0294843 0.0235983 0.0181633 0.0133505 0.00929866 0.00608629 0.00371184
 0.00976375 0.0156736 0.0232327 0.0322373 0.042284 0.0526454 0.0622242 0.0697916 0.0744304 0.0758525 0.0743719 0.0706404 0.0653864 0.0592648 0.0527872 0.0462932 0.0399616 0.0338625 0.0280282 0.0225109 0.0174088 0.0128565 0.00898918 0.00589948 0.00360349
 0.00974037 0.0156613 0.0232637 0.0323634 0.0425708 0.0531591 0.0630147 0.0708737 0.0757674 0.0773444 0.0758555 0.0719094 0.0662325 0.0595313 0.0524171 0.045351 0.0386183 0.032346 0.0265586 0.0212476 0.0164275 0.0121585 0.00852967 0.0056172 0.00344102
 0.00943127 0.0151858 0.0226015 0.0315218 0.0415926 0.0521298 0.0620648 0.0701672 0.0754682 0.0775683 0.0766275 0.0731442 0.0677469 0.0610833 0.0537634 0.0463085 0.0391084 0.0324051 0.0263097 0.0208471 0.0160118 0.0118124 0.0082834 0.00546288 0.00335425
 0.00910224 0.014666 0.021849 0.0305125 0.0403305 0.0506609 0.0604909 0.0686475 0.0741988 0.0767432 0.0763944 0.0735687 0.0687914 0.0626067 0.0555449 0.0480947 0.0406739 0.0336048 0.0271035 0.0212872 0.0162026 0.0118632 0.00827674 0.00544455 0.00334134
 0.00864633 0.0139884 0.0209468 0.0294223 0.0391156 0.0493901 0.0592266 0.0674482 0.0731316 0.0758926 0.0758595 0.0734468 0.0691511 0.0634581 0.0568194 0.0496465 0.0423072 0.0351223 0.0283573 0.0222101 0.0168081 0.0122185 0.00846491 0.00553676 0.00338495
#obs surv len freq
 0.00496768 0.00813922 0.0123843 0.0177176 0.024013 0.0309035 0.0377603 0.0438566 0.0486389 0.0519046 0.0537729 0.0545313 0.0545026 0.0539871 0.0532469 0.0524958 0.0518783 0.0514283 0.051007 0.0502455 0.048562 0.0453264 0.0401618 0.0332367 0.0253317
 0.00518917 0.00849816 0.0129227 0.0184744 0.0250182 0.0321673 0.039262 0.0455384 0.0504121 0.0536635 0.0554084 0.0559397 0.0555903 0.0546732 0.0534679 0.0522108 0.0510748 0.0501291 0.0492748 0.0481854 0.0463191 0.0430738 0.0380768 0.0314668 0.0239632
 0.00542831 0.0088895 0.0135162 0.019318 0.0261474 0.0335909 0.0409474 0.0474078 0.0523557 0.0555618 0.0571514 0.0574342 0.0567577 0.0554448 0.0537821 0.0520152 0.0503336 0.0488348 0.047463 0.0459481 0.0438095 0.0404947 0.0356488 0.0293814 0.0223376
 0.00566153 0.00927348 0.0141032 0.02016 0.0272865 0.0350436 0.0426875 0.0493606 0.0544075 0.0575816 0.059013 0.0590298 0.0580026 0.0562748 0.0541469 0.0518717 0.0496452 0.0475803 0.0456556 0.0436583 0.0411809 0.0377394 0.0330129 0.027089 0.0205342
 0.00589969 0.00966436 0.0146986 0.021011 0.0284344 0.0365046 0.0444376 0.0513284 0.0564833 0.0596373 0.0609213 0.0606776 0.059297 0.0571445 0.0545394 0.0517486 0.0489767 0.0463476 0.0438652 0.0413669 0.0385184 0.0349125 0.0302759 0.0246836 0.0186256
 0.00612321 0.010031 0.0152567 0.0218081 0.029509 0.0378725 0.0460773 0.0531754 0.0584385 0.061585 0.0627465 0.0622762 0.0605796 0.0580375 0.0549845 0.0517003 0.0484008 0.0452229 0.0421945 0.0391984 0.0359691 0.0321765 0.0275997 0.0223099 0.016727
 0.00637185 0.0104375 0.0158725 0.0226822 0.0306777 0.0393443 0.0478173 0.055101 0.0604323 0.0635186 0.0645024 0.0637591 0.0617179 0.0587787 0.0552897 0.0515387 0.0477466 0.0440584 0.0405216 0.0370594 0.0334704 0.0294984 0.024976 0.0199752 0.0148523
 0.00663982 0.0108734 0.0165288 0.0236073 0.031906 0.040881 0.0496222 0.0570839 0.0624654 0.0654617 0.0662271 0.0651645 0.0627343 0.0593657 0.0554279 0.0512202 0.0469673 0.0428162 0.0388261 0.0349518 0.0310472 0.026923 0.0224624 0.0177405 0.0130563
 0.0068449 0.0112179 0.0170676 0.0243978 0.0329956 0.0422869 0.0513127 0.0589725 0.0644248 0.06735 0.0679132 0.0665419 0.0637274 0.0599284 0.0555402 0.0508805 0.0461843 0.041604 0.0372077 0.0329739 0.0288005 0.0245538 0.0201603 0.0156978 0.0114151
 0.00705578 0.0115602 0.0175825 0.0251243 0.0339653 0.0435135 0.0527792 0.0606233 0.0661684 0.0690713 0.0694902 0.0678621 0.0647001 0.060493 0.0556667 0.0505648 0.0454396 0.0404544 0.0356887 0.031141 0.0267436 0.0224061 0.0180885 0.0138682 0.0099492
 0.0072814 0.0119292 0.018141 0.0259151 0.0350169 0.0448255 0.0543084 0.0622826 0.0678427 0.0706429 0.0708585 0.0689508 0.0654543 0.0608751 0.0556553 0.0501549 0.0446418 0.0392937 0.0342049 0.0293938 0.0248221 0.0204328 0.0162095 0.0122251 0.00864194
 0.00741282 0.0121503 0.0184879 0.0264268 0.0357279 0.0457532 0.0554407 0.0635708 0.0692071 0.0719867 0.0720846 0.0699746 0.0662111 0.0613222 0.0557689 0.0499257 0.0440727 0.0383999 0.0330173 0.0279654 0.0232336 0.018794 0.0146477 0.0108604 0.00755776
 0.00751616 0.0123153 0.0187314 0.0267642 0.0361732 0.0463172 0.0561269 0.0643708 0.0700971 0.0729264 0.0730185 0.0708372 0.0669351 0.0618465 0.0560462 0.049926 0.0437826 0.0378221 0.0321721 0.0268951 0.022007 0.0175056 0.0134071 0.00977052 0.00668952
 0.00759162 0.0124343 0.0189037 0.0269967 0.036469 0.0466751 0.0565407 0.0648306 0.0705919 0.073447 0.0735561 0.0713779 0.067453 0.0623018 0.056389 0.0501051 0.043756 0.0375643 0.0316801 0.0261922 0.021145 0.0165626 0.0124759 0.00893938 0.00602089
 0.00765731 0.0125345 0.0190424 0.0271732 0.0366791 0.0469123 0.0567971 0.065098 0.0708633 0.0737186 0.0738288 0.0716552 0.0677361 0.0625832 0.0566469 0.0503036 0.0438504 0.0375124 0.0314538 0.0257885 0.0205913 0.0159153 0.0118095 0.00832842 0.00552072
 0.00771638 0.0126255 0.0191695 0.0273366 0.0368739 0.0471289 0.0570214 0.0653135 0.0710551 0.0738784 0.0739579 0.0717632 0.0678364 0.0626863 0.0567546 0.0504044 0.0439187 0.0375134 0.0313533 0.0255657 0.02025 0.0154868 0.0113467 0.00788992 0.00515352
 0.00775686 0.0126881 0.0192578 0.0274513 0.0370129 0.0472865 0.0571885 0.0654777 0.0712031 0.0739995 0.0740471 0.0718224 0.0678739 0.0627134 0.0567813 0.050434 0.0439441 0.0375158 0.031307 0.0254477 0.0200508 0.0152182 0.0110406 0.00758817 0.00489332
 0.00783494 0.0128069 0.0194213 0.0276571 0.0372527 0.0475469 0.0574514 0.0657218 0.0714067 0.0741447 0.074124 0.0718308 0.0678224 0.0626172 0.056659 0.0503026 0.0438144 0.0373888 0.0311737 0.0252935 0.0198646 0.0150004 0.0108057 0.00736073 0.00469762
 0.00783953 0.0128179 0.0194441 0.0276986 0.0373188 0.0476393 0.0575657 0.0658475 0.0715305 0.0742548 0.0742126 0.0718943 0.0678598 0.0626295 0.0566488 0.0502744 0.0437732 0.0373376 0.0311112 0.0252143 0.0197625 0.0148743 0.0106634 0.00721733 0.00457
 0.00786916 0.0128569 0.019486 0.0277331 0.0373355 0.047634 0.0575443 0.0658244 0.071522 0.0742716 0.0742555 0.0719552 0.0679269 0.0626917 0.0566983 0.0503071 0.0437883 0.0373355 0.0310922 0.0251774 0.0197065 0.0147999 0.0105757 0.00712616 0.00448673
 0.00787956 0.0128724 0.0195064 0.027756 0.0373558 0.0476438 0.0575341 0.0657873 0.0714585 0.074193 0.0741816 0.0719073 0.0679187 0.0627241 0.0567611 0.0503845 0.0438648 0.0373998 0.0311373 0.0251998 0.0197052 0.0147768 0.010536 0.00707771 0.00443851
 0.00791396 0.0129228 0.019572 0.0278322 0.0374355 0.0477186 0.0575959 0.0658281 0.0714712 0.0741727 0.0741286 0.0718297 0.0678317 0.0626455 0.0567051 0.0503565 0.0438608 0.0374098 0.0311499 0.0252059 0.0196996 0.0147584 0.0105071 0.00704349 0.00440485
 0.00789269 0.0128903 0.019527 0.0277748 0.0373669 0.0476414 0.0575137 0.065746 0.0713958 0.0741113 0.0740871 0.0718116 0.0678376 0.0626748 0.0567563 0.050428 0.0439489 0.0375075 0.0312473 0.0252924 0.019767 0.0148028 0.0105297 0.00704907 0.00440012
 0.00790626 0.0129052 0.0195364 0.0277683 0.0373341 0.0475764 0.0574192 0.0656334 0.071281 0.0740095 0.0740093 0.071763 0.0678194 0.0626854 0.0567926 0.050486 0.044024 0.0375939 0.0313377 0.0253785 0.0198407 0.0148586 0.010566 0.00706828 0.00440706
 0.00788047 0.0128671 0.0194856 0.0277062 0.037262 0.0474939 0.0573239 0.0655232 0.0711583 0.0738839 0.0738969 0.0716819 0.0677831 0.062699 0.0568526 0.0505827 0.0441454 0.0377279 0.0314732 0.0255056 0.0199512 0.0149467 0.0106297 0.00710936 0.0044302
 0.00787223 0.0128462 0.0194408 0.0276237 0.0371305 0.0473115 0.0571029 0.0652888 0.0709403 0.0737068 0.0737746 0.0716187 0.067778 0.062749 0.056953 0.0507257 0.0443193 0.0379183 0.031665 0.0256852 0.0201078 0.0150736 0.0107244 0.00717387 0.00446992
 0.00783045 0.0127836 0.0193559 0.0275176 0.0370043 0.0471649 0.056934 0.0650974 0.0707335 0.0735015 0.0735959 0.0714923 0.0677221 0.0627696 0.0570447 0.0508757 0.044511 0.0381341 0.0318872 0.0258973 0.0202962 0.0152288 0.0108427 0.00725658 0.0045226
 0.00783995 0.0127905 0.0193509 0.0274875 0.0369368 0.0470543 0.0567857 0.0649266 0.0705584 0.0733368 0.0734505 0.071372 0.0676345 0.0627247 0.0570515 0.0509378 0.0446241 0.0382863 0.0320622 0.0260773 0.0204649 0.015374 0.0109571 0.00733899 0.00457659
 0.00779126 0.0127187 0.0192561 0.0273733 0.036808 0.0469135 0.0566323 0.0647596 0.0703816 0.0731621 0.0732962 0.0712576 0.0675737 0.062723 0.0571077 0.0510465 0.0447776 0.038474 0.0322703 0.0262893 0.0206642 0.0155465 0.0110945 0.0074392 0.00464314
 0.00775772 0.0126582 0.0191548 0.0272167 0.0365866 0.0466304 0.0563085 0.0644311 0.0700882 0.0729347 0.0731498 0.0711927 0.067584 0.0628007 0.0572448 0.0512344 0.0450052 0.0387284 0.0325365 0.0265512 0.0209058 0.0157545 0.0112602 0.00756052 0.0047243
 0.00772151 0.0125985 0.0190632 0.0270841 0.0364043 0.046393 0.0560174 0.064099 0.0697407 0.0726081 0.0728835 0.0710197 0.0675219 0.0628491 0.0573896 0.0514539 0.0452767 0.0390302 0.0328485 0.0268545 0.0211833 0.0159922 0.0114495 0.00769962 0.00481785
 0.00930777 0.0148163 0.0217344 0.02982 0.0387189 0.0478827 0.0565035 0.0636539 0.0686052 0.0710702 0.0711907 0.0693476 0.0659807 0.061501 0.0562619 0.0505488 0.0445786 0.0385137 0.0324842 0.0266128 0.0210355 0.0159118 0.0114131 0.00768836 0.00481831
 0.00928816 0.015082 0.0226585 0.0318656 0.0422371 0.05284 0.0623091 0.0692557 0.0728629 0.0732043 0.0710396 0.0673099 0.0627407 0.0577374 0.0524803 0.047051 0.0415091 0.03592 0.0303621 0.0249322 0.0197527 0.0149744 0.0107629 0.00726413 0.00456029
 0.00895583 0.0145566 0.0219176 0.0309561 0.0413305 0.052271 0.0625363 0.0706977 0.0756476 0.0769817 0.0750245 0.0705799 0.0646215 0.0580378 0.0514626 0.0452151 0.0393572 0.0338187 0.0285168 0.0234242 0.0185884 0.0141219 0.0101726 0.00688015 0.00432751
 0.00877585 0.0142563 0.0214518 0.0302809 0.0404198 0.051148 0.0613144 0.0696097 0.0750287 0.0771782 0.0762379 0.0727188 0.067266 0.0605749 0.0533354 0.046137 0.0393699 0.0331922 0.0275848 0.0224577 0.0177487 0.0134723 0.00971339 0.00658045 0.00414675
 0.00872435 0.0141629 0.0212927 0.0300254 0.0400349 0.0506072 0.0606113 0.0687745 0.0741459 0.0763983 0.0757675 0.0727697 0.0679623 0.0618615 0.0549535 0.0477077 0.0405498 0.0338074 0.027666 0.022175 0.017306 0.013028 0.00935289 0.0063272 0.00398827
 0.0086964 0.0141201 0.0212324 0.0299442 0.0399263 0.0504581 0.0604016 0.0684813 0.0737547 0.0759188 0.0752512 0.0723177 0.0677112 0.0619392 0.0554151 0.048486 0.0414617 0.0346258 0.0282178 0.0224048 0.0172716 0.0128447 0.00913067 0.00613561 0.00385301
 0.00867196 0.0140791 0.0211685 0.0298517 0.0398015 0.0503021 0.0602207 0.0682847 0.0735482 0.0757019 0.0750197 0.0720762 0.067489 0.0617956 0.0554245 0.0487017 0.0418765 0.0351583 0.0287413 0.0228038 0.0174906 0.0128989 0.0090799 0.00604534 0.0037682
 0.00866662 0.0140657 0.0211394 0.0297971 0.0397116 0.0501713 0.0600513 0.0680879 0.0733414 0.0755034 0.0748429 0.0719274 0.0673703 0.0617136 0.0553982 0.0487605 0.0420452 0.0354343 0.0290828 0.0231413 0.0177578 0.0130618 0.00914457 0.00604458 0.00373897
 0.0086603 0.0140605 0.0211406 0.0298111 0.0397427 0.0502168 0.0600987 0.0681171 0.0733324 0.0754441 0.0747348 0.0717836 0.0672102 0.0615577 0.0552658 0.0486715 0.0420188 0.0354826 0.0292007 0.0233023 0.0179215 0.0131914 0.00922235 0.00607443 0.0037381
 0.00865616 0.0140523 0.021126 0.029788 0.0397112 0.0501807 0.0600661 0.0680971 0.0733297 0.0754545 0.0747453 0.0717787 0.0671795 0.0615013 0.0551944 0.0486027 0.0419721 0.0354741 0.0292377 0.0233789 0.0180191 0.0132861 0.00929488 0.00611751 0.00375592
 0.00861153 0.0139866 0.0210396 0.0296858 0.0396007 0.0500701 0.0599629 0.0680084 0.0732633 0.075418 0.0747436 0.0718102 0.067235 0.0615667 0.0552567 0.0486556 0.042018 0.0355219 0.0292967 0.0234531 0.0181042 0.0133706 0.00936649 0.00616851 0.00378582
 0.00864807 0.0140346 0.0210911 0.0297268 0.0396163 0.0500511 0.0599106 0.0679346 0.0731839 0.0753471 0.0746889 0.0717736 0.067215 0.0615597 0.0552581 0.0486605 0.0420237 0.0355291 0.0293094 0.0234756 0.0181373 0.0134105 0.00940592 0.00620087 0.00380784
 0.00862815 0.0140123 0.0210756 0.0297308 0.0396503 0.0501155 0.0599914 0.0680067 0.0732225 0.0753395 0.0746398 0.0717008 0.0671392 0.0614962 0.0552134 0.0486339 0.042011 0.035526 0.0293136 0.0234867 0.0181551 0.0134335 0.00943055 0.00622302 0.00382459
 0.00861686 0.0139913 0.0210398 0.0296759 0.0395762 0.05003 0.0599113 0.0679525 0.0732089 0.0753669 0.0746933 0.0717586 0.0671843 0.0615233 0.0552274 0.0486438 0.0420236 0.0355439 0.0293363 0.0235124 0.0181823 0.0134605 0.00945567 0.00624424 0.00384057
 0.00862299 0.0140013 0.0210545 0.0296954 0.0395985 0.0500507 0.0599241 0.067952 0.0731944 0.0753436 0.0746709 0.0717448 0.0671803 0.0615235 0.0552246 0.048634 0.0420084 0.035528 0.0293243 0.0235068 0.0181832 0.0134665 0.00946455 0.00625371 0.00384882
 0.00862299 0.0140013 0.0210545 0.0296954 0.0395985 0.0500507 0.0599241 0.067952 0.0731944 0.0753436 0.0746709 0.0717448 0.0671803 0.0615235 0.0552246 0.048634 0.0420084 0.035528 0.0293243 0.0235068 0.0181832 0.0134665 0.00946455 0.00625371 0.00384882
 0.00893469 0.0144926 0.0217629 0.030639 0.0407654 0.051386 0.0613208 0.0692578 0.0742419 0.0759947 0.0748528 0.0714636 0.066508 0.0605715 0.0541145 0.0474757 0.0408884 0.034507 0.0284398 0.022777 0.0176104 0.0130406 0.0091663 0.00605847 0.00373025
 0.0088305 0.0143621 0.0216389 0.0305779 0.0408341 0.0516398 0.0617815 0.0699029 0.0750068 0.0767843 0.0755596 0.0719887 0.0667829 0.0605726 0.0538655 0.0470366 0.0403364 0.0339179 0.0278754 0.0222794 0.0172025 0.0127285 0.00894374 0.0059111 0.00364013
 0.0087609 0.0142342 0.0214223 0.0302442 0.0403743 0.0510869 0.0612229 0.0694671 0.0748217 0.076926 0.0760202 0.072679 0.0675658 0.0613072 0.0544437 0.0474034 0.0404907 0.0338993 0.0277432 0.0220937 0.0170111 0.0125616 0.00881504 0.00582176 0.00358394
 0.0088739 0.0144036 0.0216489 0.0305141 0.0406574 0.0513384 0.0613909 0.0695093 0.0747273 0.0767321 0.0758042 0.0725274 0.067533 0.0613908 0.0545899 0.0475359 0.0405452 0.0338462 0.0275913 0.0218786 0.0167768 0.012346 0.00864074 0.00569598 0.00350229
 0.00888761 0.0144367 0.0217179 0.0306391 0.0408543 0.051607 0.061706 0.0698205 0.074972 0.0768569 0.0757873 0.072389 0.0673293 0.0611899 0.054442 0.0474532 0.0405034 0.0338041 0.0275156 0.0217589 0.0166259 0.0121886 0.00850048 0.00558697 0.00342748
 0.00878221 0.0142677 0.0214699 0.0303041 0.0404394 0.0511424 0.0612482 0.0694426 0.0747414 0.0768086 0.0759106 0.072637 0.067643 0.0615237 0.0547741 0.0477789 0.0408189 0.0340961 0.0277622 0.0219408 0.0167368 0.0122382 0.00850864 0.00557459 0.00340999
 0.00889645 0.0144352 0.0216873 0.0305542 0.0406933 0.051365 0.0614052 0.0695092 0.0747097 0.0766931 0.0757441 0.0724571 0.0674775 0.0613837 0.054658 0.047682 0.0407399 0.0340352 0.0277166 0.0219027 0.0166977 0.0121936 0.00846067 0.00552931 0.00337313
 0.00898534 0.0145871 0.021928 0.0309077 0.0411707 0.05195 0.0620437 0.0701137 0.075182 0.076956 0.0757654 0.0722555 0.0671096 0.0609213 0.0541674 0.0472113 0.0403173 0.0336732 0.0274177 0.0216631 0.0165096 0.0120482 0.00835037 0.00544841 0.0033171
 0.0088957 0.0144528 0.0217485 0.0306941 0.0409472 0.0517534 0.061919 0.0701025 0.0753062 0.0772029 0.0760861 0.0725811 0.0673772 0.0610952 0.0542448 0.0472139 0.0402757 0.0336141 0.0273583 0.021611 0.0164663 0.0120124 0.0083204 0.00542367 0.00329772
 0.00872032 0.0141636 0.021308 0.0300708 0.0401302 0.0507709 0.0608535 0.0690868 0.0744949 0.0767278 0.0760176 0.0729103 0.0680245 0.0619383 0.0551555 0.0480882 0.0410493 0.0342608 0.0278776 0.0220146 0.0167694 0.0122302 0.00846817 0.00551695 0.00335177
 0.00862672 0.0139958 0.0210267 0.0296302 0.0394893 0.0499125 0.059803 0.0679223 0.0733395 0.075729 0.0753172 0.0726132 0.0681726 0.0624989 0.05603 0.0491403 0.0421409 0.0352819 0.0287599 0.0227299 0.0173181 0.0126292 0.00874225 0.00569339 0.00345719
 0.00889231 0.0144092 0.021611 0.0303855 0.0403813 0.0508626 0.060685 0.0685786 0.0736231 0.0755551 0.0746998 0.0716659 0.0670732 0.061436 0.0551511 0.0485212 0.0417823 0.0351305 0.0287409 0.0227753 0.017381 0.0126852 0.00878298 0.00571922 0.00347174
 0.00913098 0.0148198 0.0222679 0.0313637 0.0417295 0.0525636 0.0626225 0.0705357 0.0753237 0.0767344 0.075173 0.0713713 0.0660821 0.05993 0.0533739 0.0467178 0.0401456 0.0337717 0.0276908 0.0220071 0.0168413 0.0123179 0.0085407 0.00556556 0.00337927
 0.00928578 0.015088 0.0227027 0.0320267 0.0426786 0.0538315 0.0641914 0.0723192 0.0771651 0.078424 0.0764826 0.0721009 0.066109 0.0592443 0.0520853 0.045028 0.0382953 0.0319826 0.026122 0.0207391 0.0158854 0.0116399 0.0080864 0.00527806 0.00320828
 0.00933078 0.0151717 0.0228493 0.0322685 0.0430525 0.0543721 0.064921 0.0732387 0.0782453 0.0795993 0.0776475 0.0731163 0.066823 0.0595268 0.051867 0.0443273 0.0372193 0.0306989 0.0248116 0.0195513 0.0149108 0.0109075 0.00757833 0.00495146 0.0030136
 0.00912206 0.014841 0.0223707 0.0316312 0.0422733 0.0535081 0.0640785 0.0725636 0.0778907 0.0796798 0.0782003 0.074085 0.0680669 0.0608515 0.0530678 0.0452369 0.037747 0.0308465 0.0246599 0.0192232 0.0145276 0.0105576 0.00730643 0.00476532 0.00289937
 0.00904326 0.0146826 0.0220776 0.0311376 0.0415233 0.0524885 0.0628469 0.0712544 0.0766915 0.0787868 0.0777716 0.0742049 0.0687265 0.0619483 0.054426 0.0466466 0.0390131 0.0318333 0.0253152 0.0195746 0.0146542 0.010553 0.00724804 0.00470138 0.00285069
 0.00909054 0.0147444 0.0221405 0.0311735 0.0414889 0.0523298 0.06251 0.0707041 0.0759356 0.0778942 0.0768728 0.0734641 0.068296 0.0619203 0.0548037 0.0473437 0.0398811 0.0327067 0.0260588 0.0201143 0.014983 0.0107126 0.00729947 0.00469966 0.00283226
#pred catch len freq
 0.00564687 0.00885841 0.012767 0.0172074 0.0220603 0.0272435 0.0326286 0.0379913 0.0430528 0.0475576 0.051322 0.0542463 0.056313 0.057574 0.0581201 0.0580455 0.0574244 0.0562967 0.0546425 0.0523384 0.0491329 0.0447111 0.0388821 0.0318123 0.0241247
 0.0060198 0.00937933 0.0133983 0.0178746 0.0226911 0.02782 0.0332151 0.038708 0.0440018 0.0487438 0.0526211 0.0554401 0.0571731 0.0579471 0.0579758 0.0574711 0.0565749 0.0553241 0.0536362 0.0513052 0.048028 0.0435 0.0375941 0.0305472 0.02301
