SBPRF35
7.40605
Curr Bio
527849
B35
531497
F35
0.219027
FOFL
0.219027
OFL
92923.7
Bzero
2.11601e+006
#pred survey bio
 3.04855e+006 3.17e+006 3.35541e+006 3.45136e+006 3.44386e+006 3.18852e+006 2.58782e+006 2.03746e+006 1.83194e+006 1.67098e+006 1.485e+006 1.33713e+006 1.20895e+006 1.06181e+006 880710 757780 692382 647041 621101 611378 613696 631662 659647 668885 647879 556642 510581 518348 542020 583625 627387 660793 659862 639790 588568 566514 562748 555596 535485 520033 494106 505432 530663 582597 599285 573713 567355 589221 567353 563582 588532 665268 623191 599563 658510 694690 686952 583254 535685 1.27902e+007 1.15996e+007 1.18262e+007 1.24359e+007 1.32207e+007 1.40091e+007 1.47059e+007 1.52756e+007 1.57183e+007 1.6051e+007 1.62957e+007 1.64733e+007 1.66013e+007 1.66933e+007 1.67595e+007 1.68073e+007 1.6842e+007 1.68673e+007 1.68859e+007 1.68996e+007 1.69098e+007 1.69175e+007 1.69232e+007 1.69275e+007 1.69307e+007 1.69332e+007 1.69351e+007 1.69365e+007 1.69376e+007 1.69384e+007 1.69391e+007 1.69396e+007 1.69399e+007 1.69402e+007 1.69404e+007 1.69406e+007 1.69407e+007 1.69408e+007 1.69409e+007 1.6941e+007 1.6941e+007 1.6941e+007 1.69411e+007 1.69411e+007 1.69411e+007 1.69411e+007 1.69411e+007 1.69411e+007 1.69411e+007 1.69411e+007 1.69412e+007 1.69412e+007 1.69412e+007 1.69412e+007 1.69412e+007 1.69412e+007 1.69412e+007 1.69412e+007 1.69412e+007 1.69412e+007 1.69412e+007 1.69412e+007 1.69412e+007 1.69412e+007 1.69412e+007 1.69412e+007 1.69412e+007 1.69412e+007 1.69412e+007 1.69412e+007 1.69412e+007 1.69412e+007 1.69412e+007 1.69412e+007 1.69412e+007 1.69412e+007 1.69412e+007 1.69412e+007 1.69412e+007 1.69412e+007 1.69412e+007 1.69412e+007 1.69412e+007 1.69412e+007 1.69412e+007 1.69412e+007 1.69412e+007 1.69412e+007 1.69412e+007 1.69412e+007 1.69412e+007 1.69412e+007 1.69412e+007 1.69412e+007 1.69412e+007 1.69412e+007 1.69412e+007 1.69412e+007 1.69412e+007 1.69412e+007 0 0 0 0 0 0 0 0 0 0 0 0 0 0 0 0 0 0 0 0 0 0 0 0 0
#obs survey bio
 3.42671e+006 2.56004e+006 3.97103e+006 3.01522e+006 3.33096e+006 4.31512e+006 2.50184e+006 1.88085e+006 1.7151e+006 1.75096e+006 1.39364e+006 1.10982e+006 1.0754e+006 1.28155e+006 926928 679128 807887 515412 475670 489666 606825 648171 999741 579189 660703 691201 386445 539915 585748 776133 514267 723433 874971 685961 506220 572924 592945 503088 478203 693700 559764 459799 599235 638246 692733 547564 513452 918042 628796 439167 626456 819059 454913 516051 578774 749904 704316 451028 605656
#pred catch bio
 97607.5 98312.1 155211 214938 252368 259418 292419 290867 321219 334992 276367 269426 271654 254210 230812 202221 186777 171328 152530 141075 118932 116042 124656 119805 120236 94558.7 97386.9 104989 99863.2 97940.9 96800.3 90980.4 86719.4 99474.7 99286.6 95977 82003.2 84992.8 87208.7 88400.2 86962.1 97445.7 82224.4 89336.8 87516.3 92947.9 94966.5 81126.3 88071.4 94435.7 47493.1 111750 117763 64112.2 98450.1 110822 112751 120570 26617.2 92923.7 91632.1 91988.1 95692.8 101257 106942 111894 115833 118782 120895 122363 123358 124020 124454 124736 124917 125032 125105 125151 125180 125199 125210 125217 125222 125224 125226 125227 125228 125228 125228 125229 125229 125229 125229 125229 125229 125229 125229 125229 125229 125229 125229 125229 125229 125229 125229 125229 125229 125229 125229 125229 125229 125229 125229 125229 125229 125229 125229 125229 125229 125229 125229 125229 125229 125229 125229 125229 125229 125229 125229 125229 125229 125229 125229 125229 125229 125229 125229 125229 125229 125229 125229 125229 125229 125229 125229 125229 125229 125229 125229 125229 125229 125229 125229 125229 125229 125229 125229 125229 125229 0 0 0 0 0 0 0 0 0 0 0 0 0 0 0 0 0 0 0 0 0 0 0 0 0
#obs catch bio
 0 98033.1 155328 215323 252485 258778 292225 291574 322454 335974 275633 269728 272294 253138 230894 202956 186981 171879 152480 141472 118604 116064 124870 119761 120101 94225.5 97627.6 105392 100047 97980 96878.8 90842.5 86534.3 99435 99420.2 96291.7 81840.3 84935.2 87254.4 88273.7 86962.4 97912.8 82235.7 89349.1 87269.5 92973.4 95508.1 80771.8 88063.3 95269.6 46954.4 112091 118465 63645.4 98808.2 110956 112281 122602 26314.8
#pred cpue bio
 3.01349e+006 3.13377e+006 3.31536e+006 3.40809e+006 3.39854e+006 3.14376e+006 2.549e+006 2.00409e+006 1.79885e+006 1.63808e+006 1.45302e+006 1.30578e+006 1.17805e+006 1.03231e+006 854226 733019 668304 623614 597950 588165 590047 607191 633980 642907 622890 535106 490790 498055 520788 561026 603408 635783 635228 616303 567132 545711 540845 532316 512060 497178 472583 483467 507454 557537 573810 549492 543128 563922 543497 539803 563473 638696 598494 574425 631084 666238 658807 558647 511261 1.22402e+007 1.10901e+007 1.12083e+007 1.17394e+007 1.25059e+007 1.32913e+007 1.39878e+007 1.45574e+007 1.5e+007 1.53327e+007 1.55774e+007 1.5755e+007 1.5883e+007 1.59751e+007 1.60413e+007 1.60891e+007 1.61238e+007 1.61491e+007 1.61677e+007 1.61814e+007 1.61916e+007 1.61992e+007 1.6205e+007 1.62093e+007 1.62125e+007 1.6215e+007 1.62169e+007 1.62183e+007 1.62194e+007 1.62202e+007 1.62208e+007 1.62213e+007 1.62217e+007 1.6222e+007 1.62222e+007 1.62224e+007 1.62225e+007 1.62226e+007 1.62227e+007 1.62227e+007 1.62228e+007 1.62228e+007 1.62228e+007 1.62229e+007 1.62229e+007 1.62229e+007 1.62229e+007 1.62229e+007 1.62229e+007 1.62229e+007 1.62229e+007 1.62229e+007 1.62229e+007 1.62229e+007 1.62229e+007 1.62229e+007 1.62229e+007 1.62229e+007 1.62229e+007 1.62229e+007 1.62229e+007 1.62229e+007 1.62229e+007 1.62229e+007 1.62229e+007 1.62229e+007 1.62229e+007 1.62229e+007 1.62229e+007 1.62229e+007 1.62229e+007 1.62229e+007 1.62229e+007 1.62229e+007 1.62229e+007 1.62229e+007 1.62229e+007 1.62229e+007 1.62229e+007 1.62229e+007 1.62229e+007 1.62229e+007 1.62229e+007 1.62229e+007 1.62229e+007 1.62229e+007 1.62229e+007 1.62229e+007 1.62229e+007 1.62229e+007 1.62229e+007 1.62229e+007 1.62229e+007 1.62229e+007 1.62229e+007 1.62229e+007 1.62229e+007 1.62229e+007 1.62229e+007 1.62229e+007 0 0 0 0 0 0 0 0 0 0 0 0 0 0 0 0 0 0 0 0 0 0 0 0 0
#obs cpue bio
 4.03018e+006 2.67731e+006 3.73677e+006 3.06717e+006 4.12342e+006 2.97928e+006 2.82755e+006 1.35373e+006 1.80236e+006 1.77782e+006 1.84766e+006 1.30284e+006 1.26448e+006 1.23441e+006 675914 654866 633136 683226 877170 631478 746003 494659 412222 767289 772513 437993 474476 447412 473056 457177 712780 689106 467687 634228 548746 465559 631285 610217 522981 447539 351223 452112 423384 615372 598747 504051 396449 633615 422141 504170 615021 713766 616631 694015 639880 626478 935875 393989 616428
#pred surv len freq
 0.0041813 0.00691072 0.0106282 0.0153867 0.0211044 0.0274671 0.0339153 0.0398019 0.0446429 0.0482716 0.0507996 0.0524647 0.0535016 0.0540892 0.0543509 0.0543755 0.0542411 0.0540151 0.0536993 0.0531192 0.0518297 0.0491701 0.0445469 0.0378395 0.0296477
 0.00457194 0.00743268 0.0112078 0.0158939 0.0213989 0.0274662 0.0336401 0.0393676 0.0441957 0.0479152 0.0505583 0.0523019 0.0533715 0.0539838 0.0543125 0.0544725 0.0545209 0.0544599 0.0542086 0.0535334 0.0519916 0.0489951 0.0440634 0.0371739 0.0289626
 0.00457762 0.0075374 0.0115325 0.016585 0.0225612 0.0290744 0.0354885 0.0411128 0.0454908 0.0485576 0.050556 0.0518229 0.0526306 0.053151 0.0534899 0.053719 0.0538771 0.0539439 0.0537926 0.0531344 0.0514986 0.0483269 0.0432198 0.0362427 0.0280767
 0.00471664 0.00772553 0.0117539 0.0168233 0.0228302 0.0294489 0.0361001 0.0420888 0.0468558 0.0501631 0.0521048 0.0529906 0.0532084 0.0531164 0.0529746 0.0529178 0.0529664 0.0530409 0.0529459 0.0523306 0.0506851 0.0474521 0.0422763 0.0352851 0.0271986
 0.0049056 0.00803886 0.0122333 0.0175023 0.0237187 0.0305169 0.0372771 0.04329 0.0480252 0.051296 0.0532177 0.0540546 0.0541053 0.0536679 0.0530307 0.052437 0.0520304 0.0518031 0.0515592 0.0508986 0.0492557 0.0460451 0.0409204 0.0340374 0.026133
 0.00505789 0.00829766 0.0126442 0.018116 0.0245812 0.031652 0.038666 0.0448603 0.0496592 0.0528602 0.054601 0.0551919 0.0549688 0.0542313 0.0532384 0.0522125 0.0513217 0.0506276 0.0500102 0.0491124 0.0473698 0.0441773 0.0391712 0.032497 0.0248743
 0.00527168 0.00863583 0.0131367 0.0187874 0.0254503 0.0327296 0.0399483 0.0463211 0.0512436 0.0544839 0.0561569 0.0565651 0.0560574 0.0549618 0.0535641 0.0520994 0.0507398 0.0495628 0.048491 0.0472272 0.0452613 0.0420166 0.0371282 0.0307143 0.0234458
 0.00551489 0.00904852 0.0137884 0.0197497 0.0267772 0.0344288 0.0419583 0.0485118 0.0534479 0.0565418 0.0579463 0.0580057 0.0570967 0.0555602 0.0536892 0.0517261 0.0498516 0.0481569 0.0465915 0.0449071 0.0426572 0.0393231 0.0345661 0.0284818 0.021673
 0.0055743 0.00919231 0.0140932 0.0203193 0.0277211 0.0358259 0.0438197 0.0507621 0.055933 0.0590592 0.060284 0.0599795 0.0585754 0.0564722 0.0540101 0.051457 0.0490023 0.046742 0.0446431 0.0424977 0.0399215 0.0364621 0.0318195 0.0260748 0.0197588
 0.00577121 0.0094976 0.0145286 0.0209049 0.0284841 0.0368086 0.0450764 0.0523386 0.0578345 0.0612201 0.062559 0.0621645 0.0604516 0.0578536 0.0547739 0.0515475 0.0484151 0.0455053 0.04281 0.0401569 0.0372165 0.0335992 0.0290466 0.0236294 0.0178066
 0.00614791 0.0100927 0.0153902 0.0220616 0.0299359 0.0385169 0.0469597 0.0542849 0.0597326 0.0629929 0.0641717 0.0635997 0.0616711 0.0587765 0.0552863 0.0515351 0.0477953 0.0442455 0.0409338 0.0377476 0.0344243 0.0306399 0.0261775 0.0210967 0.0157835
 0.00638739 0.0104888 0.0159982 0.0229349 0.0311123 0.0399983 0.0486928 0.0561592 0.0616027 0.0647171 0.0656483 0.0647832 0.0625606 0.0593851 0.0556061 0.0515184 0.0473628 0.0433171 0.0394666 0.0357681 0.0320443 0.0280526 0.023626 0.0188189 0.0139501
 0.00652517 0.010738 0.0164201 0.0236024 0.0320942 0.0413325 0.0503604 0.0580737 0.0636218 0.0666718 0.0673762 0.0661571 0.0635079 0.0598906 0.0556955 0.0512267 0.0467049 0.042278 0.0380206 0.0339175 0.0298579 0.0256809 0.0212798 0.0167154 0.0122508
 0.00668685 0.0110096 0.0168461 0.024233 0.0329787 0.0425063 0.0518284 0.0597963 0.065511 0.0685972 0.0691815 0.0676843 0.0646253 0.0605163 0.0558073 0.0508519 0.0458954 0.0410838 0.0364786 0.0320648 0.0277622 0.0234643 0.0191142 0.014784 0.0106928
 0.00693474 0.0114061 0.0174309 0.0250387 0.0340254 0.0437931 0.0533242 0.0614371 0.0672071 0.0702483 0.070687 0.0689487 0.0655602 0.0610469 0.0558837 0.0504593 0.0450549 0.0398432 0.0348995 0.0302185 0.0257377 0.0213807 0.0171193 0.0130278 0.00928692
 0.00709087 0.0116898 0.0179116 0.025796 0.0351259 0.0452566 0.0550956 0.0633847 0.069154 0.0720202 0.0721514 0.0700277 0.0662214 0.0612853 0.0557062 0.0498785 0.0440916 0.0385312 0.0332909 0.0283855 0.0237758 0.0194086 0.0152705 0.0114279 0.00802237
 0.00715269 0.0117957 0.0180836 0.0260646 0.0355318 0.045848 0.0559175 0.0644594 0.0704591 0.0734741 0.0736204 0.0713553 0.0672686 0.0619598 0.0559694 0.0497328 0.0435623 0.0376561 0.0321191 0.026983 0.0222309 0.0178317 0.0137825 0.0101381 0.00700372
 0.00728059 0.0119868 0.0183402 0.0263796 0.0358933 0.0462475 0.0563566 0.064952 0.0710278 0.0741397 0.0743847 0.0721855 0.0680912 0.0626733 0.0564702 0.049942 0.0434407 0.0372037 0.0313679 0.0259913 0.0210799 0.0166216 0.0126216 0.00912321 0.0061991
 0.00746099 0.0122587 0.0187087 0.0268333 0.036405 0.0467784 0.0568621 0.0653905 0.0713734 0.0743944 0.074581 0.0723725 0.0683089 0.0629281 0.0567247 0.0501257 0.0434742 0.0370257 0.030953 0.0253558 0.0202784 0.0157366 0.0117474 0.00834572 0.00557661
 0.00763479 0.0125162 0.0190494 0.0272386 0.0368421 0.0472072 0.0572417 0.0656853 0.0715596 0.0744676 0.0745611 0.0723011 0.068238 0.062902 0.0567623 0.0502097 0.0435535 0.037032 0.0308254 0.0250634 0.0198317 0.0151845 0.0111623 0.00780174 0.00512851
 0.007908 0.012917 0.0195712 0.027845 0.0374741 0.0477975 0.057728 0.066019 0.0717125 0.0744376 0.0743743 0.0720062 0.0678952 0.0625696 0.0564846 0.050007 0.0434168 0.036925 0.0306971 0.0248675 0.0195461 0.0148211 0.0107616 0.007416 0.00480233
 0.00800703 0.0130697 0.0197839 0.0281141 0.037782 0.0481103 0.0579968 0.06619 0.0717453 0.0743237 0.0741435 0.0717163 0.0676106 0.0623419 0.056343 0.0499574 0.0434447 0.0369993 0.0307752 0.0249055 0.0195124 0.014708 0.0105876 0.00721675 0.0046151
 0.00788256 0.0129009 0.0195916 0.027938 0.037669 0.0480954 0.0580872 0.0663608 0.0719487 0.0745061 0.0742632 0.0717564 0.0675825 0.0622789 0.0562862 0.0499404 0.0434827 0.0370859 0.0308856 0.0250058 0.0195715 0.0147087 0.0105325 0.00712545 0.00451399
 0.00788216 0.0128822 0.0195324 0.0278124 0.0374617 0.0478191 0.0577919 0.0661229 0.0718395 0.0745575 0.0744518 0.0720165 0.0678386 0.0624779 0.0564122 0.05001 0.0435273 0.0371324 0.0309445 0.0250698 0.0196228 0.014731 0.0105197 0.00708439 0.00445954
 0.00781057 0.0127796 0.0194024 0.0276637 0.0373018 0.0476472 0.0575982 0.0658989 0.0715945 0.0743284 0.0742948 0.071981 0.0679412 0.0626923 0.0566848 0.0502864 0.0437734 0.0373385 0.0311155 0.0252115 0.0197355 0.0148104 0.0105634 0.00709627 0.00444982
 0.00800504 0.0130554 0.0197431 0.0280301 0.037644 0.0479233 0.057787 0.0659976 0.071607 0.0742556 0.0741369 0.0717491 0.0676644 0.0624123 0.0564384 0.0500914 0.0436271 0.0372275 0.0310276 0.02514 0.0196772 0.0147623 0.010522 0.0070591 0.00441678
 0.00799368 0.0130557 0.0197763 0.0281216 0.0378105 0.0481553 0.0580408 0.0662062 0.0717088 0.0742239 0.0739896 0.0715343 0.067435 0.0622075 0.0562796 0.0499861 0.0435726 0.0372138 0.03104 0.0251639 0.0197014 0.0147803 0.0105313 0.0070601 0.00441184
 0.00785711 0.0128707 0.0195672 0.0279366 0.0377104 0.0481944 0.0582463 0.0665651 0.0721666 0.0746952 0.0743817 0.0717762 0.0674997 0.0621158 0.0560845 0.0497483 0.0433412 0.0370178 0.0308896 0.0250562 0.0196272 0.0147295 0.0104956 0.00703428 0.00439284
 0.00790464 0.0129179 0.0195852 0.0278866 0.0375623 0.0479524 0.0579635 0.0663339 0.0720816 0.0748088 0.0746776 0.0721756 0.0678961 0.0624171 0.0562425 0.0497652 0.0432555 0.0368806 0.0307446 0.0249303 0.0195306 0.0146611 0.0104495 0.00700381 0.00437297
 0.00794183 0.012964 0.0196263 0.027897 0.0375069 0.0477941 0.0576767 0.0659205 0.0715854 0.0743171 0.0743004 0.0720063 0.0679711 0.0627005 0.0566449 0.0501847 0.0436161 0.0371496 0.0309262 0.0250472 0.0196067 0.0147131 0.0104859 0.00702865 0.00438853
 0.00800634 0.0130476 0.0197124 0.0279558 0.0375017 0.0476921 0.0574585 0.0655853 0.0711512 0.0738211 0.0738002 0.0715767 0.0676903 0.0626251 0.0567864 0.050502 0.0440314 0.0375789 0.0313071 0.0253504 0.0198303 0.0148698 0.0105917 0.00709725 0.00443065
 0.00800118 0.0130427 0.0197105 0.0279585 0.0375053 0.0476827 0.0574112 0.0654693 0.0709428 0.0735168 0.0734239 0.0711769 0.0673299 0.0623679 0.0566817 0.0505703 0.0442559 0.0379099 0.031679 0.0257033 0.020126 0.0150941 0.0107485 0.00719931 0.00449268
 0.00793812 0.01294 0.0195565 0.0277445 0.0372295 0.0473555 0.0570568 0.0651221 0.0706357 0.0732695 0.0732389 0.0710465 0.067249 0.0623435 0.0567324 0.0507172 0.0445092 0.0382578 0.0320865 0.0261217 0.0205082 0.0154081 0.0109825 0.00735838 0.00459172
 0.00771962 0.0126193 0.0191377 0.0272529 0.0367041 0.0468359 0.0565749 0.0647014 0.070296 0.0730296 0.0731137 0.0710412 0.0673555 0.0625436 0.0570063 0.0510512 0.0448962 0.0386912 0.0325512 0.0265901 0.0209451 0.0157815 0.0112733 0.00756431 0.00472414
 0.00779331 0.0127096 0.0192204 0.0272912 0.0366625 0.0467005 0.0563656 0.0644654 0.0700845 0.0728721 0.0730085 0.0709659 0.0672874 0.0624742 0.0569434 0.051012 0.0448992 0.0387494 0.0326678 0.0267559 0.0211389 0.015976 0.0114441 0.00769671 0.0048152
 0.00846249 0.0136762 0.0204482 0.0286644 0.0380122 0.0478525 0.0571837 0.0648745 0.0700746 0.072492 0.0723492 0.0701346 0.0663803 0.0615608 0.0560678 0.0502036 0.0441822 0.0381453 0.0321915 0.0264104 0.0209134 0.0158475 0.0113834 0.00767595 0.00481319
 0.00916805 0.0147869 0.0220443 0.0307747 0.040584 0.0507199 0.0600535 0.067363 0.0718065 0.0732212 0.0720343 0.0689291 0.0645534 0.059402 0.0538194 0.0480353 0.0421983 0.036404 0.0307224 0.0252236 0.0200014 0.0151858 0.0109332 0.00739041 0.0046452
 0.00910903 0.0147862 0.0222183 0.0312879 0.0416035 0.0523413 0.0622337 0.0698975 0.0743654 0.0754296 0.0735644 0.0695773 0.0642822 0.0583336 0.0521845 0.0461003 0.0402009 0.0345193 0.0290589 0.0238358 0.0189048 0.0143678 0.0103608 0.00701713 0.00441992
 0.00881163 0.0143536 0.0216679 0.0306848 0.0410637 0.0520236 0.0623167 0.0705351 0.0756236 0.0772277 0.0756607 0.0716213 0.0659171 0.0593035 0.0523985 0.0456331 0.0392413 0.0332976 0.0277839 0.02266 0.0179169 0.0136015 0.00980996 0.00665083 0.0041955
 0.00859706 0.0140124 0.0211714 0.0300196 0.0402447 0.0511105 0.0614276 0.0698411 0.0753164 0.0774633 0.0764996 0.0729891 0.0676056 0.0610187 0.0538433 0.0465938 0.0396408 0.0331956 0.0273312 0.0220351 0.0172728 0.0130393 0.00937602 0.0063494 0.00400578
 0.0086301 0.0140363 0.0211521 0.0299072 0.0399863 0.0506727 0.0608175 0.0691184 0.0745885 0.0768693 0.0761825 0.0730607 0.0681072 0.0618924 0.0549329 0.0476839 0.0405246 0.0337401 0.0275105 0.0219181 0.0169792 0.0126893 0.00905646 0.00610336 0.00384032
 0.00857464 0.0139693 0.021092 0.0298791 0.0400077 0.0507344 0.0608738 0.0690982 0.0744285 0.0765516 0.075757 0.0726364 0.0678169 0.0618442 0.0551674 0.0481542 0.0411098 0.0342902 0.0279026 0.0220969 0.0169639 0.012548 0.00886803 0.00592774 0.00370737
 0.00867766 0.0141156 0.021274 0.0300797 0.0402081 0.0509248 0.0610563 0.0692769 0.0745919 0.076662 0.0757604 0.0724931 0.0675337 0.0614853 0.0548318 0.0479312 0.0410377 0.0343415 0.0280038 0.0221689 0.0169594 0.0124648 0.00873753 0.00579055 0.00359323
 0.00862111 0.0140151 0.0211073 0.0298215 0.039838 0.0504388 0.060479 0.0686666 0.0740323 0.0762411 0.0755433 0.0724996 0.0677342 0.0618189 0.0552373 0.0483706 0.0414965 0.0348102 0.0284592 0.0225725 0.0172727 0.0126693 0.00884215 0.00582406 0.00358888
 0.00862875 0.0140222 0.0211072 0.0298026 0.0397837 0.0503293 0.0602958 0.0683989 0.0736856 0.0758442 0.0751485 0.0721716 0.0675306 0.0617705 0.05534 0.048593 0.0417966 0.0351495 0.0288052 0.022896 0.0175465 0.012874 0.00897312 0.00589221 0.00361444
 0.0087088 0.0141339 0.0212413 0.0299381 0.0398931 0.0503865 0.0602826 0.0683069 0.0735146 0.075601 0.0748483 0.0718419 0.0672114 0.0615082 0.0551749 0.0485463 0.0418649 0.0353083 0.0290191 0.0231275 0.0177631 0.013052 0.00910106 0.00597122 0.00365504
 0.00866458 0.0141005 0.02126 0.030066 0.0401812 0.0508492 0.0608753 0.0689298 0.0740449 0.0759353 0.0749331 0.0716803 0.0668508 0.0610215 0.0546434 0.0480447 0.0414492 0.0350077 0.0288351 0.0230403 0.0177418 0.0130653 0.00912437 0.0059904 0.00366541
 0.00858377 0.0139751 0.0210851 0.0298483 0.0399456 0.0506435 0.0607663 0.0689839 0.0742962 0.0763586 0.0754416 0.0721551 0.0671873 0.0611655 0.0546009 0.0478676 0.0412091 0.0347709 0.0286469 0.022919 0.0176829 0.0130507 0.00913291 0.0060054 0.00367776
 0.00866887 0.0140578 0.0211083 0.0297285 0.0396007 0.0500349 0.0599337 0.0680506 0.0734371 0.0757451 0.0751874 0.0722838 0.0676313 0.0617958 0.0552753 0.0484757 0.041696 0.035134 0.0289141 0.0231247 0.0178512 0.0131916 0.00924701 0.00609092 0.00373559
 0.00864115 0.014057 0.0211839 0.0299409 0.0399893 0.0505772 0.0605234 0.068521 0.0736303 0.0755892 0.0747339 0.0716809 0.0670523 0.0613668 0.0550383 0.0483975 0.0417068 0.035169 0.0289371 0.0231291 0.0178467 0.0131894 0.00925159 0.00610068 0.00374642
 0.0085333 0.0139015 0.0209897 0.0297363 0.0398229 0.0505119 0.0606209 0.0688148 0.0740962 0.0761325 0.0752138 0.0719684 0.0670909 0.061194 0.0547557 0.0481129 0.0414872 0.0350288 0.0288565 0.023081 0.0178135 0.0131649 0.00923548 0.0060925 0.00374405
 0.00809014 0.0131742 0.0198877 0.0281855 0.0377992 0.0480866 0.0579949 0.0663097 0.0720833 0.0749253 0.0749716 0.0726572 0.0685125 0.0630654 0.056801 0.0501263 0.0433495 0.0366847 0.0302824 0.0242655 0.0187546 0.0138741 0.00973908 0.00642761 0.00395179
 0.00866931 0.014018 0.0209718 0.0294132 0.0390139 0.0491015 0.0586288 0.0664239 0.0716212 0.0739444 0.0736463 0.0712341 0.0672326 0.0620912 0.0561825 0.0498195 0.0432637 0.0367297 0.0303923 0.0243996 0.0188881 0.0139917 0.00983232 0.00649465 0.00399565
 0.00891781 0.0144887 0.0217957 0.030732 0.040919 0.0515508 0.0613869 0.069081 0.0737049 0.0750747 0.0736546 0.0701963 0.0654173 0.0598602 0.0538868 0.0477212 0.0415045 0.0353438 0.0293466 0.0236342 0.0183429 0.0136155 0.00958323 0.00633809 0.00390321
 0.00842446 0.0137292 0.0207405 0.0294054 0.0394194 0.0500638 0.0601741 0.0684206 0.0737874 0.0759027 0.0750169 0.0717459 0.0668122 0.0608872 0.0545055 0.0480267 0.0416458 0.035449 0.0294847 0.0238164 0.0185464 0.0138093 0.00974487 0.0064581 0.00398332
 0.00843544 0.01371 0.0206439 0.0291667 0.0389774 0.0493936 0.0593194 0.0675061 0.0729992 0.0754369 0.0750108 0.0722172 0.0676404 0.0618537 0.0553813 0.0486592 0.0419999 0.0355867 0.0295079 0.0238121 0.0185602 0.0138492 0.00979842 0.00651006 0.00402419
 0.00863232 0.0140091 0.0210521 0.0296679 0.039527 0.0499158 0.059713 0.0676668 0.0728587 0.0750043 0.0743878 0.0715697 0.0671332 0.0615817 0.0553346 0.048743 0.0420944 0.0356086 0.0294386 0.0236845 0.0184237 0.0137399 0.00972871 0.00647437 0.00401016
 0.00910138 0.0147156 0.0220094 0.0308483 0.0408643 0.0513144 0.061053 0.0688091 0.0736596 0.0753445 0.0742086 0.0709008 0.0660946 0.0603534 0.0541013 0.0476375 0.0411697 0.0348508 0.0288061 0.0231456 0.0179704 0.0133783 0.009463 0.00629707 0.00390328
 0.00919073 0.0149566 0.0225435 0.0318505 0.0424807 0.0535719 0.0637911 0.0716868 0.0762488 0.0772605 0.07521 0.0709215 0.0652218 0.0587822 0.052086 0.0454429 0.0390232 0.0329089 0.0271468 0.0217864 0.0168962 0.0125625 0.00887476 0.00590005 0.00365571
#obs surv len freq
 nan nan nan nan nan nan nan nan nan nan nan nan nan nan nan nan nan nan nan nan nan nan nan nan nan
 0.00448621 0.0073488 0.0111807 0.0159996 0.0217034 0.0279821 0.0342986 0.0400309 0.0447095 0.0481706 0.0505245 0.0520157 0.0529034 0.0534116 0.0537225 0.0539748 0.0542516 0.0545431 0.054681 0.0542726 0.0527108 0.0493437 0.0437948 0.0362768 0.0276626
 0.00461688 0.00756256 0.0115045 0.0164587 0.0223149 0.0287458 0.0351878 0.0409894 0.0456594 0.0490267 0.0512108 0.0524765 0.053109 0.0533597 0.0534336 0.0534852 0.0536042 0.0537806 0.0538426 0.0533954 0.0518337 0.0485097 0.0430485 0.0356559 0.0271881
 0.00477382 0.00782062 0.0118983 0.0170223 0.0230749 0.0297107 0.0363361 0.0422647 0.0469761 0.0502847 0.0523097 0.0533284 0.053647 0.053544 0.0532554 0.0529649 0.0527854 0.0527216 0.0526091 0.0520573 0.050466 0.0471927 0.0418618 0.0346651 0.0264294
 0.00496834 0.00813808 0.0123785 0.0177032 0.0239862 0.030862 0.0377054 0.0437929 0.0485737 0.0518456 0.0537265 0.0545013 0.0544904 0.0539915 0.0532655 0.0525256 0.0519162 0.0514717 0.0510538 0.0502937 0.0486097 0.0453714 0.0402019 0.03327 0.0253571
 0.00518694 0.00849428 0.0129162 0.018464 0.0250017 0.0321419 0.0392247 0.0454873 0.0503477 0.05359 0.0553334 0.0558727 0.0555401 0.0546456 0.0534647 0.0522301 0.0511129 0.0501812 0.0493363 0.0482521 0.0463869 0.0431387 0.038135 0.0315154 0.0240003
 0.00540779 0.0088577 0.0134713 0.0192593 0.0260757 0.0335084 0.0408574 0.047315 0.0522647 0.0554768 0.0570758 0.0573716 0.0567122 0.0554215 0.0537852 0.052047 0.0503932 0.0489183 0.0475647 0.0460612 0.0439265 0.040608 0.0357511 0.0294667 0.0224029
 0.00563903 0.00923808 0.0140522 0.0200918 0.0272014 0.0349437 0.0425779 0.0492488 0.0543017 0.0574893 0.0589386 0.0589752 0.057968 0.0562604 0.0541539 0.0519024 0.0497016 0.0476624 0.0457606 0.0437804 0.0413117 0.037869 0.0331317 0.027189 0.0206111
 0.00587649 0.00962667 0.014642 0.0209317 0.0283303 0.0363768 0.0442916 0.0511744 0.0563345 0.0595066 0.0608185 0.0606083 0.0592625 0.0571428 0.0545676 0.0518038 0.0490573 0.0464527 0.0439929 0.0415128 0.0386747 0.0350687 0.0304202 0.0248059 0.0187201
 0.00613496 0.0100467 0.0152737 0.0218216 0.0295126 0.0378598 0.0460436 0.0531188 0.0583606 0.0614907 0.0626438 0.0621749 0.0604895 0.0579666 0.054938 0.0516807 0.0484086 0.0452576 0.0422545 0.0392801 0.0360665 0.0322808 0.0277007 0.0223982 0.0167967
 0.00638137 0.0104536 0.0158978 0.0227185 0.0307251 0.0393992 0.0478713 0.0551421 0.0604481 0.0635006 0.064449 0.0636763 0.0616167 0.0586728 0.0551919 0.0514592 0.0476922 0.0440324 0.0405241 0.0370878 0.0335195 0.0295604 0.0250418 0.0200361 0.0149021
 0.00661022 0.0108293 0.01647 0.0235368 0.0318296 0.0408061 0.0495569 0.0570351 0.0624366 0.0654512 0.0662287 0.0651694 0.0627356 0.0593606 0.0554191 0.0512142 0.0469716 0.0428373 0.0388674 0.0350133 0.0311249 0.0270097 0.0225491 0.0178183 0.0131189
 0.00684592 0.0112149 0.0170548 0.0243676 0.0329415 0.0422073 0.0512142 0.0588692 0.0643339 0.0672856 0.0678817 0.0665407 0.0637474 0.0599582 0.0555706 0.0509076 0.0462094 0.041632 0.0372445 0.0330233 0.0288624 0.024624 0.0202318 0.0157631 0.0114683
 0.00706854 0.0115818 0.0176159 0.0251717 0.0340256 0.0435804 0.0528404 0.0606636 0.0661752 0.0690412 0.0694307 0.0677883 0.0646275 0.0604312 0.0556181 0.0505268 0.045409 0.0404301 0.0356724 0.0311357 0.0267511 0.0224254 0.0181157 0.0138978 0.00997602
 0.00726489 0.0119053 0.0181106 0.0258814 0.034985 0.0448009 0.0542962 0.0622847 0.0678568 0.070662 0.0708737 0.0689549 0.0654459 0.0608587 0.0556384 0.0501436 0.0446387 0.0392986 0.0342164 0.0294114 0.0248455 0.0204613 0.0162409 0.0122558 0.0086685
 0.00743815 0.0121878 0.0185375 0.026486 0.035793 0.0458204 0.0555066 0.0636331 0.0692629 0.0720324 0.0721148 0.0699832 0.0661936 0.0612775 0.0557014 0.0498443 0.043988 0.038321 0.03295 0.0279125 0.0231956 0.0187698 0.0146351 0.0108564 0.0075588
 0.00753072 0.0123398 0.0187696 0.0268193 0.0362466 0.0464064 0.0562242 0.0644647 0.0701756 0.072981 0.0730463 0.0708398 0.0669154 0.0618072 0.0559892 0.0498541 0.0437008 0.0377374 0.032092 0.0268256 0.0219516 0.0174652 0.0133805 0.00975503 0.00668185
 0.00760132 0.0124516 0.0189327 0.0270419 0.0365347 0.0467632 0.0566488 0.0649511 0.0707123 0.0735527 0.073634 0.0714187 0.067454 0.062266 0.0563235 0.0500182 0.0436558 0.0374589 0.0315769 0.026098 0.021065 0.0164995 0.0124301 0.00890882 0.00600231
 0.00767128 0.0125583 0.01908 0.0272292 0.0367572 0.0470139 0.0569199 0.065235 0.0710032 0.073848 0.0739342 0.0717246 0.0677616 0.0625619 0.0565824 0.0502043 0.0437278 0.0373786 0.0313199 0.0256638 0.0204828 0.015827 0.0117427 0.00828174 0.00549072
 0.00771652 0.0126264 0.0191722 0.0273427 0.0368862 0.0471506 0.0570562 0.0653643 0.0711227 0.0739607 0.0740485 0.0718522 0.0679123 0.0627378 0.0567739 0.0503885 0.0438705 0.0374401 0.0312653 0.0254738 0.0201635 0.0154126 0.0112883 0.00784793 0.00512593
 0.00778269 0.0127265 0.0193089 0.0275128 0.0370808 0.0473564 0.0572563 0.0655404 0.0712588 0.0740475 0.0740874 0.0718549 0.067897 0.0627239 0.0567747 0.0504062 0.0438932 0.0374438 0.0312199 0.0253539 0.0199596 0.0151376 0.0109755 0.00754015 0.00486107
 0.00781142 0.0127733 0.0193792 0.0276108 0.0372079 0.0475084 0.0574222 0.0657028 0.0713985 0.0741488 0.074143 0.0718669 0.0678756 0.0626839 0.0567315 0.0503712 0.0438694 0.0374233 0.0311851 0.0252845 0.0198412 0.0149702 0.0107758 0.00733568 0.00467937
 0.00784813 0.0128258 0.019445 0.0276838 0.0372807 0.0475758 0.0574836 0.0657613 0.0714572 0.0742073 0.0741961 0.071907 0.0678966 0.0626842 0.0567154 0.0503462 0.0438427 0.0373971 0.0311545 0.0252388 0.0197698 0.014869 0.0106514 0.00720392 0.0045586
 0.00784977 0.0128279 0.0194469 0.0276841 0.0372767 0.0475642 0.0574612 0.0657274 0.0714155 0.0741673 0.0741702 0.071906 0.0679241 0.0627361 0.0567816 0.050416 0.0439081 0.0374528 0.0311961 0.0252609 0.0197667 0.0148383 0.0105969 0.00713566 0.00448975
 0.00788672 0.0128804 0.0195121 0.0277542 0.0373416 0.0476144 0.0574904 0.0657331 0.0713984 0.0741302 0.0741186 0.0718481 0.0678704 0.062696 0.0567608 0.0504144 0.0439203 0.0374712 0.031213 0.0252693 0.0197616 0.0148172 0.0105613 0.00709139 0.00444464
 0.00786397 0.0128457 0.0194639 0.0276924 0.0372666 0.0475271 0.0573925 0.0656281 0.0712931 0.0740352 0.0740462 0.0718091 0.0678714 0.0627378 0.0568387 0.05052 0.0440429 0.0375987 0.0313333 0.0253721 0.0198395 0.0148671 0.0105849 0.00709441 0.00443525
 0.00790478 0.0129025 0.0195317 0.0277606 0.0373222 0.047559 0.0573952 0.0656023 0.0712432 0.0739666 0.0739646 0.0717217 0.0677871 0.0626669 0.0567905 0.0504997 0.0440504 0.0376287 0.0313771 0.0254194 0.0198811 0.0148967 0.0106004 0.00709747 0.00443015
 0.00787445 0.0128599 0.0194794 0.0277045 0.0372681 0.0475092 0.0573466 0.0655481 0.0711785 0.0738928 0.0738909 0.0716607 0.0677503 0.0626605 0.0568153 0.050553 0.0441271 0.0377221 0.0314784 0.025519 0.0199697 0.0149676 0.0106504 0.00712799 0.00444544
 0.00786108 0.0128311 0.0194237 0.0276087 0.0371228 0.0473161 0.0571228 0.0653239 0.0709867 0.0737572 0.0738196 0.071649 0.0677877 0.062737 0.0569234 0.0506862 0.0442783 0.0378829 0.0316395 0.0256708 0.0201032 0.0150762 0.0107314 0.00718248 0.00447812
 0.00786429 0.0128349 0.0194265 0.0276065 0.0371086 0.0472799 0.0570538 0.0652146 0.0708392 0.0735865 0.0736513 0.0715111 0.0677004 0.062708 0.0569487 0.0507553 0.0443791 0.0380038 0.0317697 0.0257999 0.0202217 0.0151766 0.0108092 0.00723731 0.00451287
 0.00785622 0.0128224 0.0194086 0.0275828 0.0370788 0.0472437 0.0570102 0.0651616 0.0707736 0.0735058 0.0735562 0.071409 0.0676055 0.0626376 0.0569172 0.050769 0.0444353 0.0380929 0.0318789 0.025916 0.0203331 0.0152741 0.0108873 0.0072941 0.00455021
 0.00779696 0.0127285 0.0192723 0.0273995 0.0368497 0.0469779 0.056727 0.0648889 0.0705422 0.0733403 0.073469 0.071399 0.0676622 0.0627473 0.0570681 0.0509522 0.044643 0.0383161 0.0321059 0.0261337 0.0205291 0.0154387 0.0110155 0.00738622 0.00461076
 0.00778784 0.0127054 0.0192223 0.0273061 0.0366973 0.0467592 0.0564495 0.0645764 0.0702299 0.0730661 0.0732649 0.0712847 0.0676435 0.0628168 0.0572094 0.0511456 0.0448696 0.0385595 0.032352 0.0263691 0.0207416 0.0156185 0.011157 0.00748882 0.00467891
 0.00776045 0.0126628 0.0191614 0.0272239 0.0365898 0.046621 0.0562745 0.0643618 0.0699812 0.0728011 0.0730128 0.07108 0.0675166 0.0627856 0.0572755 0.0512961 0.0450824 0.0388095 0.0326153 0.0266254 0.0209746 0.0158165 0.0113134 0.007603 0.00475528
 0.00772386 0.0126042 0.0190752 0.027106 0.0364391 0.046441 0.056074 0.0641537 0.0697787 0.0726143 0.0728486 0.0709454 0.0674219 0.0627452 0.0573028 0.0513974 0.0452528 0.0390329 0.0328689 0.0268846 0.0212173 0.0160264 0.0114811 0.00772634 0.00483835
 0.00932149 0.0148404 0.0217738 0.0298803 0.0388046 0.047995 0.0566378 0.0637989 0.068744 0.0711835 0.0712599 0.0693592 0.0659302 0.0613953 0.0561188 0.0503921 0.0444309 0.0383905 0.0323918 0.0265499 0.0209969 0.0158913 0.011405 0.00768755 0.00482094
 0.00931023 0.015116 0.0227062 0.0319276 0.0423133 0.05293 0.0624116 0.0693677 0.0729788 0.0733149 0.0711327 0.0673718 0.0627593 0.0577057 0.0523992 0.0469306 0.0413665 0.035775 0.0302315 0.0248262 0.0196744 0.0149218 0.0107307 0.00724652 0.00455191
 0.00896281 0.0145734 0.0219527 0.0310199 0.0414319 0.0524121 0.0627088 0.0708835 0.0758243 0.0771295 0.0751306 0.0706389 0.0646323 0.0580011 0.0513806 0.0450931 0.0392049 0.0336508 0.0283501 0.0232738 0.0184647 0.0140287 0.0101083 0.00683945 0.00430403
 0.0087851 0.0142717 0.0214762 0.0303177 0.0404737 0.0512239 0.0614164 0.0697382 0.0751777 0.0773343 0.0763821 0.0728317 0.0673327 0.0605888 0.0532974 0.0460532 0.0392501 0.0330484 0.027431 0.0223087 0.017617 0.013366 0.00963523 0.00652807 0.00411484
 0.0087192 0.0141577 0.0212905 0.0300313 0.0400543 0.0506444 0.0606677 0.0688489 0.0742351 0.0764981 0.0758723 0.0728713 0.0680497 0.0619226 0.0549785 0.0476918 0.0404947 0.0337201 0.0275577 0.022059 0.017195 0.0129324 0.00927833 0.00627462 0.00395478
 0.00870451 0.0141291 0.0212382 0.0299414 0.0399103 0.0504285 0.0603644 0.0684483 0.073739 0.0759301 0.0752925 0.0723849 0.0677951 0.0620274 0.0554943 0.0485439 0.0414899 0.0346212 0.0281838 0.0223499 0.0172068 0.0127809 0.00907607 0.0060943 0.00382521
 0.00869451 0.0141141 0.0212176 0.0299145 0.0398745 0.0503779 0.0602888 0.0683334 0.0735694 0.0756951 0.0749928 0.0720421 0.0674597 0.0617778 0.0554178 0.0486997 0.0418707 0.0351411 0.0287088 0.0227571 0.0174351 0.0128423 0.00902934 0.00600541 0.00374019
 0.00868536 0.014099 0.0211947 0.0298821 0.039832 0.050326 0.0602297 0.0682692 0.0734997 0.0756144 0.0748915 0.0719113 0.0672996 0.0616068 0.0552752 0.0486372 0.0419302 0.0353295 0.0289865 0.0230516 0.0176748 0.0129878 0.00908277 0.00599709 0.00370583
 0.0086788 0.0140902 0.0211848 0.0298729 0.0398251 0.0503221 0.060227 0.0682644 0.0734886 0.075593 0.0748563 0.0718585 0.0672259 0.0615126 0.0551699 0.0485422 0.0418754 0.0353405 0.0290696 0.0231863 0.0178219 0.0131085 0.00915631 0.00602507 0.00370403
 0.00864692 0.014041 0.021116 0.0297847 0.0397211 0.0502092 0.0601157 0.0681673 0.0734173 0.0755547 0.0748507 0.0718791 0.067262 0.0615525 0.0552054 0.0485719 0.0419063 0.0353857 0.0291404 0.023284 0.0179339 0.0132144 0.00923796 0.00607517 0.00372671
 0.00866155 0.0140594 0.0211335 0.0297941 0.0397139 0.0501798 0.0600638 0.0680987 0.0733423 0.0754843 0.0747944 0.0718419 0.0672442 0.0615503 0.0552126 0.048583 0.0419194 0.0354037 0.0291691 0.0233274 0.0179903 0.0132752 0.00929224 0.00611486 0.00374998
 0.00866488 0.0140662 0.0211461 0.0298143 0.039742 0.050212 0.0600918 0.0681116 0.0733307 0.0754456 0.0747344 0.0717726 0.067179 0.0614991 0.0551795 0.0485669 0.0419165 0.0354108 0.0291849 0.0233522 0.0180232 0.0133127 0.00932857 0.00614454 0.0037702
 0.00863586 0.0140254 0.0210965 0.029763 0.0396984 0.0501847 0.060086 0.0681267 0.0733608 0.0754808 0.0747637 0.0717879 0.0671783 0.0614868 0.0551633 0.0485544 0.0419126 0.0354167 0.0291996 0.0233739 0.01805 0.0133419 0.00935674 0.00616836 0.00378761
 0.00863079 0.014012 0.0210673 0.0297094 0.0396141 0.0500713 0.0599563 0.068003 0.0732674 0.0754347 0.0747683 0.0718339 0.0672485 0.0615641 0.0552361 0.0486181 0.0419679 0.0354665 0.0292465 0.023419 0.0180927 0.0133808 0.00939017 0.00619482 0.00380657
 0.00860816 0.0139786 0.0210231 0.0296555 0.0395516 0.0499996 0.0598731 0.0679072 0.0731631 0.0753337 0.0746885 0.0717924 0.0672547 0.0616153 0.0553197 0.0487176 0.0420689 0.0355603 0.0293296 0.0234908 0.0181538 0.0134315 0.00943057 0.00622512 0.00382757
 0.00860816 0.0139786 0.0210231 0.0296555 0.0395516 0.0499996 0.0598731 0.0679072 0.0731631 0.0753337 0.0746885 0.0717924 0.0672547 0.0616153 0.0553197 0.0487176 0.0420689 0.0355603 0.0293296 0.0234908 0.0181538 0.0134315 0.00943057 0.00622512 0.00382757
 0.00821195 0.0133509 0.0201121 0.0284326 0.038027 0.048241 0.0580184 0.0661549 0.0717317 0.0744039 0.0743586 0.072065 0.0680521 0.0628094 0.0567612 0.0502606 0.0435886 0.0369628 0.0305551 0.0245101 0.0189618 0.0140407 0.00986494 0.00651597 0.00400889
 0.00853829 0.0138231 0.0207122 0.0291007 0.0386696 0.048751 0.0582965 0.0661295 0.0713771 0.073755 0.0735103 0.0711521 0.067214 0.0621541 0.0563448 0.0500845 0.043612 0.0371229 0.0307862 0.0247577 0.0191889 0.0142277 0.0100059 0.00661401 0.00407177
 0.00887395 0.0144034 0.021643 0.0304837 0.0405571 0.0510844 0.0608632 0.06858 0.0733145 0.0748586 0.0736308 0.0703364 0.0656648 0.0601564 0.0541903 0.0480145 0.0417869 0.0356189 0.0296118 0.0238798 0.0185566 0.0137885 0.00971314 0.00642839 0.00396114
 0.00834719 0.0136005 0.0205415 0.0291177 0.0390307 0.0495767 0.0596146 0.0678422 0.0732643 0.0755142 0.0748263 0.0717811 0.0670569 0.0612858 0.0549832 0.0485136 0.0420952 0.0358412 0.0298182 0.0240965 0.0187773 0.0139927 0.00988256 0.0065544 0.00404544
 0.00848149 0.0137488 0.0206368 0.029058 0.0387121 0.0489443 0.0587075 0.066804 0.0723104 0.0748653 0.0746351 0.0720786 0.0677402 0.0621582 0.0558302 0.0491796 0.0425231 0.0360626 0.0299105 0.024136 0.018812 0.014039 0.00993618 0.00660484 0.00408506
 0.00859833 0.0139609 0.0209907 0.0295948 0.0394377 0.0497949 0.0595346 0.0674057 0.0725102 0.0745991 0.0739909 0.0712602 0.0669752 0.0616028 0.055521 0.04905 0.0424632 0.0359833 0.0297775 0.023965 0.0186406 0.0138986 0.00983963 0.00654829 0.0040567
 0.00879241 0.0142735 0.0214564 0.0302448 0.0402943 0.050859 0.0607668 0.0687087 0.0737253 0.07553 0.0744577 0.0711653 0.0663492 0.0605976 0.0543491 0.0479015 0.0414496 0.0351327 0.0290692 0.0233716 0.0181492 0.0135095 0.00955298 0.00635509 0.00393852
 0.00915202 0.0148605 0.0223414 0.0314872 0.0419214 0.0528376 0.0629798 0.0709583 0.0757695 0.0771362 0.075445 0.0714268 0.06586 0.0594225 0.0526416 0.0458802 0.0393488 0.0331478 0.027324 0.0219188 0.0169934 0.0126305 0.0089191 0.00592691 0.00367085
#pred catch len freq
 0.00311171 0.00507319 0.00769608 0.0110381 0.0151464 0.0200051 0.0254762 0.0312942 0.0371231 0.0426254 0.0475111 0.0515741 0.0547184 0.056961 0.0584038 0.0591989 0.0595231 0.0595433 0.0593375 0.0587666 0.0573718 0.054441 0.0493272 0.0419017 0.0328311
 0.00341362 0.00548063 0.00815751 0.0114601 0.015427 0.0200832 0.0253636 0.0310679 0.0368787 0.0424247 0.047359 0.0514372 0.0545689 0.056813 0.05832 0.0592627 0.0597895 0.0599927 0.0598585 0.0591828 0.0575097 0.0542082 0.0487567 0.041135 0.0320492
 0.0034455 0.00559389 0.00843438 0.0119962 0.0162848 0.021232 0.026648 0.0322419 0.0377045 0.0427764 0.047264 0.0510312 0.0540091 0.0562153 0.0577515 0.0587684 0.0594097 0.0597488 0.0597212 0.0590587 0.0572712 0.0537566 0.0480804 0.0403203 0.0312361
 0.00358496 0.00579182 0.00868667 0.0123009 0.0166672 0.0217668 0.0274496 0.0334063 0.0392207 0.0444707 0.0488325 0.0521605 0.0545109 0.0560878 0.0571413 0.0578783 0.0584197 0.0587771 0.0588149 0.0582002 0.0564005 0.0528154 0.0470592 0.0392786 0.0302774
 0.00375984 0.00607426 0.00910581 0.0128766 0.0174012 0.0226361 0.0284116 0.0344214 0.0402807 0.0456022 0.0500535 0.0534132 0.0556301 0.0568484 0.0573617 0.0575073 0.0575468 0.0575724 0.057447 0.0567812 0.0549795 0.0514085 0.0456915 0.0380075 0.0291817
 0.00390964 0.00632132 0.00948551 0.0134274 0.0181603 0.0236291 0.0296372 0.0358376 0.0418037 0.0471241 0.0514732 0.0546599 0.0566578 0.0576043 0.0577603 0.0574443 0.0569522 0.0564593 0.0559166 0.0549833 0.0530637 0.0495 0.0438955 0.0364179 0.0278759
 0.00414734 0.00669171 0.0100146 0.0141332 0.0190555 0.0247237 0.0309349 0.0373261 0.0434431 0.0488386 0.0531536 0.0561791 0.0578966 0.0584714 0.0581937 0.0573977 0.0563858 0.0553536 0.0543012 0.0529559 0.0507825 0.0471545 0.0416729 0.0344754 0.0263173
 0.00440759 0.00711743 0.01066 0.0150495 0.020281 0.0262672 0.0327607 0.0393509 0.0455504 0.0509028 0.055058 0.0578213 0.0591861 0.0593285 0.0585529 0.0572111 0.0556237 0.0540073 0.0523954 0.0505705 0.0480675 0.044323 0.0389657 0.0321085 0.0244331
 0.00453039 0.00734485 0.0110556 0.0156953 0.0212647 0.0276592 0.0345851 0.0415642 0.0480359 0.053484 0.0575275 0.0599787 0.0608717 0.0604397 0.0590388 0.0570535 0.0548198 0.0525657 0.0503483 0.0479973 0.0451181 0.0412205 0.0359765 0.0294828 0.0223418
 0.00476209 0.00770172 0.0115597 0.0163643 0.022123 0.0287476 0.0359601 0.0432767 0.0500966 0.0558297 0.0600089 0.0623797 0.0629545 0.0619961 0.0599252 0.0571983 0.0542097 0.0512258 0.0483344 0.0454074 0.0421126 0.0380315 0.0328828 0.0267516 0.0201599
 0.00507789 0.00819565 0.0122664 0.0173026 0.0232931 0.0301299 0.0375153 0.0449527 0.0518437 0.057612 0.061799 0.0641333 0.0645833 0.0633611 0.0608592 0.0575457 0.0538614 0.0501367 0.0465274 0.0429749 0.0392218 0.0349222 0.0298406 0.0240504 0.0179937
 0.00533666 0.00861199 0.0128851 0.018163 0.0244221 0.031531 0.0391549 0.0467547 0.0536983 0.0594008 0.0634225 0.0655295 0.0657248 0.0642317 0.0614229 0.0577292 0.0535632 0.0492602 0.045022 0.0408701 0.0366447 0.0320918 0.0270323 0.0215336 0.015963
 0.00553187 0.008939 0.0133961 0.0189148 0.0254676 0.0329022 0.0408435 0.0486983 0.0557812 0.061469 0.0653103 0.0670908 0.066861 0.0649045 0.0616418 0.0575192 0.0529314 0.0481842 0.0434701 0.0388442 0.0342236 0.0294473 0.024405 0.0191717 0.0140514
 0.00573801 0.009272 0.0138952 0.0196201 0.0264185 0.0341315 0.0423648 0.0504901 0.057774 0.063542 0.0673017 0.0688227 0.0681748 0.0656924 0.0618632 0.0571922 0.0521059 0.0469117 0.0417898 0.0367977 0.031888 0.0269624 0.0219679 0.0169926 0.0122906
 0.00603092 0.0097309 0.0145544 0.0205022 0.0275337 0.0354764 0.0439168 0.052203 0.0595772 0.0653447 0.0689982 0.0702979 0.0693127 0.0663905 0.06205 0.0568405 0.0512341 0.0455714 0.040051 0.0347418 0.0296174 0.0246144 0.0197124 0.0150025 0.010695
