SBPRF35
10.6684
Curr Bio
610444
B35
774891
F35
0.184468
FOFL
0.155734
OFL
83189.6
Bzero
3.04812e+006
#pred survey bio
 4.1221e+006 3.95517e+006 3.7905e+006 3.57615e+006 3.31912e+006 3.04063e+006 2.78388e+006 2.48301e+006 2.20701e+006 1.93063e+006 1.6827e+006 1.47362e+006 1.30669e+006 1.15701e+006 1.02174e+006 904552 814394 750625 692909 656656 628372 602842 582488 571483 576852 577899 567134 564563 570756 572004 573895 574598 564651 561769 544267 533878 524335 523120 529678 527443 542892 544178 546655 557923 570590 574125 580676 581122 591962 596625 602691 592888 585968 572847 540511 593903 652063 647215 617198 2.33316e+007 1.43796e+007 1.49715e+007 1.59651e+007 1.71872e+007 1.84447e+007 1.96067e+007 2.06077e+007 2.14293e+007 2.20815e+007 2.25871e+007 2.29731e+007 2.32646e+007 2.34834e+007 2.36473e+007 2.377e+007 2.38621e+007 2.39313e+007 2.39836e+007 2.40233e+007 2.40536e+007 2.40769e+007 2.40948e+007 2.41086e+007 2.41194e+007 2.41278e+007 2.41344e+007 2.41396e+007 2.41437e+007 2.41469e+007 2.41494e+007 2.41515e+007 2.41531e+007 2.41544e+007 2.41554e+007 2.41562e+007 2.41569e+007 2.41574e+007 2.41578e+007 2.41581e+007 2.41584e+007 2.41586e+007 2.41588e+007 2.41589e+007 2.41591e+007 2.41592e+007 2.41592e+007 2.41593e+007 2.41593e+007 2.41594e+007 2.41594e+007 2.41594e+007 2.41594e+007 2.41595e+007 2.41595e+007 2.41595e+007 2.41595e+007 2.41595e+007 2.41595e+007 2.41595e+007 2.41595e+007 2.41595e+007 2.41595e+007 2.41595e+007 2.41595e+007 2.41595e+007 2.41595e+007 2.41595e+007 2.41595e+007 2.41595e+007 2.41595e+007 2.41595e+007 2.41595e+007 2.41595e+007 2.41595e+007 2.41595e+007 2.41595e+007 2.41595e+007 2.41595e+007 2.41595e+007 2.41595e+007 2.41595e+007 2.41595e+007 2.41595e+007 2.41595e+007 2.41595e+007 2.41595e+007 2.41595e+007 2.41595e+007 2.41595e+007 2.41595e+007 2.41595e+007 2.41595e+007 2.41595e+007 2.41595e+007 2.41595e+007 2.41595e+007 2.41595e+007 2.41595e+007 2.41595e+007 0 0 0 0 0 0 0 0 0 0 0 0 0 0 0 0 0 0 0 0 0 0 0 0 0
#obs survey bio
 3.32651e+006 3.05483e+006 4.1413e+006 3.60098e+006 3.10207e+006 3.0422e+006 2.42286e+006 2.20898e+006 1.46396e+006 1.98796e+006 1.09723e+006 1.17438e+006 1.23414e+006 844526 1.1949e+006 632709 821733 679331 740793 898454 632518 521513 565971 495216 532665 621656 631131 583182 421811 611654 457890 582175 563994 495397 546937 895273 536413 480677 570160 537727 651758 597854 510400 570301 549351 517820 667367 889336 587048 853580 628383 709217 695422 565589 485846 558083 530787 378747 548305
#pred catch bio
 108745 109596 162516 214378 251013 250203 309973 306007 322882 311444 288724 261150 252845 243405 227734 202489 176906 167870 145569 135586 130526 123811 114299 100181 103582 111737 102708 94203.7 97249.5 95002.3 94079 100283 91206.6 100382 90695.5 88518 83652 81159.6 91514.1 78884.8 92941.9 93004.1 87206.4 88238.7 97523.3 95383.5 99664.4 89797.2 94385.5 92571.9 105431 102724 108346 124437 55011.3 56705.2 111817 132466 66770.7 83189.6 99740.6 102778 108535 116369 124599 132150 138537 143651 147584 150521 152664 154201 155287 156047 156574 156937 157185 157354 157469 157547 157599 157635 157659 157675 157685 157693 157697 157701 157703 157704 157705 157706 157706 157707 157707 157707 157707 157707 157707 157707 157707 157707 157707 157707 157707 157707 157707 157707 157707 157707 157707 157707 157707 157707 157707 157707 157707 157707 157707 157707 157707 157707 157707 157707 157707 157707 157707 157707 157707 157707 157707 157707 157707 157707 157707 157707 157707 157707 157707 157707 157707 157707 157707 157707 157707 157707 157707 157707 157707 157707 157707 157707 157707 157707 157707 157707 157707 157707 157707 0 0 0 0 0 0 0 0 0 0 0 0 0 0 0 0 0 0 0 0 0 0 0 0 0
#obs catch bio
 0 109366 162836 214986 252378 250654 312425 307506 324437 312390 290676 264117 256908 248373 231059 206872 179675 170479 147471 136473 131777 125421 115736 101288 104885 112939 103498 94771.7 98093.3 95402.6 94357.8 100698 90803.2 100292 91018.9 88061.1 83185.6 80591.2 90914 77992.8 92321.2 92490.6 86857.1 87907.1 97557 95683.5 99674.1 88915.5 93657.1 91485.3 104213 101262 106309 123394 54456.1 56158.9 111176 133144 66398.4
#pred cpue bio
 4.06419e+006 3.90016e+006 3.73765e+006 3.52429e+006 3.2682e+006 2.99085e+006 2.73509e+006 2.43591e+006 2.16162e+006 1.88716e+006 1.64091e+006 1.43306e+006 1.26708e+006 1.11871e+006 985139 869746 781262 719071 663030 627997 600667 575853 556077 545424 550746 552076 541994 539803 546123 547719 550009 551158 542015 539709 523088 513449 503796 501275 506697 504323 519286 520407 522645 533405 545519 548829 555416 556377 567353 572113 578146 568452 561339 548119 516018 567773 625136 620471 590275 2.2349e+007 1.37984e+007 1.42818e+007 1.51565e+007 1.63374e+007 1.75853e+007 1.87455e+007 1.97461e+007 2.05677e+007 2.12198e+007 2.17255e+007 2.21114e+007 2.24029e+007 2.26218e+007 2.27857e+007 2.29084e+007 2.30004e+007 2.30696e+007 2.31219e+007 2.31616e+007 2.31919e+007 2.32152e+007 2.32331e+007 2.32469e+007 2.32577e+007 2.32661e+007 2.32727e+007 2.32779e+007 2.3282e+007 2.32852e+007 2.32878e+007 2.32898e+007 2.32914e+007 2.32927e+007 2.32937e+007 2.32945e+007 2.32952e+007 2.32957e+007 2.32961e+007 2.32965e+007 2.32967e+007 2.3297e+007 2.32971e+007 2.32973e+007 2.32974e+007 2.32975e+007 2.32975e+007 2.32976e+007 2.32977e+007 2.32977e+007 2.32977e+007 2.32977e+007 2.32978e+007 2.32978e+007 2.32978e+007 2.32978e+007 2.32978e+007 2.32978e+007 2.32978e+007 2.32978e+007 2.32978e+007 2.32978e+007 2.32978e+007 2.32978e+007 2.32978e+007 2.32978e+007 2.32978e+007 2.32978e+007 2.32978e+007 2.32978e+007 2.32978e+007 2.32978e+007 2.32978e+007 2.32978e+007 2.32978e+007 2.32978e+007 2.32978e+007 2.32978e+007 2.32978e+007 2.32978e+007 2.32978e+007 2.32978e+007 2.32978e+007 2.32978e+007 2.32978e+007 2.32978e+007 2.32978e+007 2.32978e+007 2.32978e+007 2.32978e+007 2.32978e+007 2.32978e+007 2.32978e+007 2.32978e+007 2.32978e+007 2.32978e+007 2.32978e+007 2.32978e+007 2.32978e+007 2.32978e+007 0 0 0 0 0 0 0 0 0 0 0 0 0 0 0 0 0 0 0 0 0 0 0 0 0
#obs cpue bio
 3.13456e+006 3.96535e+006 3.49939e+006 3.10053e+006 2.4247e+006 3.40892e+006 2.44876e+006 2.93363e+006 3.70568e+006 1.99375e+006 1.74452e+006 1.06835e+006 890181 993947 973398 628410 755853 694857 505180 583584 441545 450030 470289 465393 486380 584350 464411 471160 604160 629500 691039 556811 866352 592943 316008 667296 547586 630652 608150 651117 403121 454882 502797 534743 472713 435980 698142 769506 610053 584042 692276 635948 774162 480952 471619 736415 892117 593986 667903
#pred surv len freq
 0.00515389 0.00830966 0.0123971 0.0173612 0.0230631 0.0292139 0.0353413 0.0408953 0.0454541 0.0488678 0.0512373 0.0527875 0.05375 0.0543071 0.0545775 0.0546217 0.054456 0.0540602 0.0533522 0.0521255 0.0500039 0.0465072 0.0412802 0.0343916 0.0264846
 0.00536816 0.00856754 0.0126227 0.01744 0.0228882 0.0287494 0.0346639 0.0401754 0.0448794 0.0485537 0.0511807 0.0528884 0.0538812 0.0543855 0.0546009 0.0546591 0.0546027 0.0543794 0.0538312 0.0526691 0.0504726 0.0467813 0.0413142 0.0342272 0.0262181
 0.00557441 0.00890591 0.0131308 0.0181368 0.0237496 0.0296836 0.0355098 0.0407448 0.0450375 0.0482909 0.0506207 0.0522194 0.0532579 0.0538705 0.0541782 0.0542926 0.0542859 0.0541399 0.0536951 0.0526217 0.0504486 0.0466971 0.0411167 0.033924 0.0258677
 0.00577001 0.00922224 0.0136049 0.0188044 0.0246397 0.0308059 0.0368331 0.042176 0.0464158 0.0494141 0.0513051 0.0523688 0.0529014 0.0531413 0.0532454 0.0532946 0.0533045 0.0532147 0.0528452 0.0518514 0.0497433 0.0460289 0.0404656 0.0332986 0.0253049
 0.00598687 0.00956964 0.0141187 0.0195161 0.0255729 0.03197 0.0382139 0.0437274 0.0480558 0.0510231 0.052729 0.0534361 0.0534607 0.0531105 0.0526446 0.0522381 0.0519543 0.051726 0.0513333 0.0503868 0.0483633 0.0447542 0.0393163 0.0323017 0.0244906
 0.00624716 0.00998112 0.0147167 0.020327 0.0266117 0.0332356 0.0396828 0.0453502 0.0497597 0.0527197 0.0543179 0.0548034 0.0544788 0.0536509 0.0526081 0.0515913 0.0507498 0.050091 0.0494318 0.0483786 0.0463806 0.0428986 0.0376661 0.0309162 0.0234052
 0.00644252 0.0103015 0.0152041 0.0210225 0.0275475 0.0344238 0.0411028 0.0469454 0.0514473 0.054407 0.0559157 0.0562277 0.0556442 0.0544631 0.0529663 0.051406 0.0499735 0.0487457 0.0476176 0.0462559 0.0441365 0.0407144 0.0356942 0.0292652 0.0221297
 0.00671879 0.0107415 0.0158497 0.0219083 0.0286966 0.0358401 0.0427613 0.048785 0.0533739 0.0563076 0.0576749 0.0577424 0.0568299 0.0552516 0.0532973 0.0512205 0.0492203 0.0474037 0.0457242 0.0439255 0.0415547 0.0381075 0.0332844 0.0272258 0.0205546
 0.00702064 0.0112177 0.0165398 0.0228404 0.0298845 0.0372783 0.0444176 0.0505974 0.0552558 0.0581597 0.0593978 0.0592433 0.0580255 0.0560697 0.0536761 0.0511062 0.0485666 0.0461806 0.0439405 0.0416553 0.0389537 0.0354 0.0307198 0.0250189 0.0188341
 0.0074132 0.0118353 0.0174306 0.024035 0.0313906 0.0390732 0.0464397 0.0527446 0.057399 0.0601668 0.0611556 0.0606671 0.0590575 0.0566706 0.0538161 0.0507577 0.0477021 0.0447789 0.0420049 0.039242 0.0361961 0.0325104 0.0279543 0.0226143 0.0169444
 0.00787404 0.0125552 0.0184595 0.0253997 0.0330911 0.0410778 0.0486769 0.0551004 0.0597282 0.062317 0.0629922 0.0620891 0.0600022 0.0571088 0.0537419 0.0501753 0.0466149 0.0431889 0.0399259 0.0367259 0.0333616 0.0295524 0.0251181 0.0201365 0.0149865
 0.00826689 0.0131843 0.0193877 0.0266774 0.0347446 0.0430927 0.0509824 0.0575658 0.0621831 0.0645852 0.064922 0.0635694 0.0609637 0.0575195 0.0535984 0.0494936 0.0454194 0.0415066 0.0377916 0.0342014 0.0305606 0.0266535 0.0223471 0.0177147 0.0130682
 0.00852983 0.0136123 0.0200337 0.0275923 0.0359695 0.0446454 0.0528397 0.0596542 0.064382 0.0667441 0.0668834 0.0651902 0.0621319 0.0581635 0.0536874 0.0490296 0.0444264 0.0400216 0.0358645 0.0319061 0.0280124 0.0240187 0.0198291 0.0155119 0.0113201
 0.00873788 0.0139543 0.0205556 0.0283404 0.0369827 0.0459424 0.0544048 0.0614301 0.066275 0.0686378 0.0686532 0.0667146 0.0633022 0.0588928 0.0539186 0.0487385 0.0436192 0.0387297 0.034142 0.0298341 0.0257082 0.0216405 0.0175622 0.0135326 0.00975058
 0.0089916 0.0143534 0.0211321 0.0291168 0.0379705 0.0471389 0.0557873 0.0629506 0.0678616 0.0702022 0.0701015 0.067956 0.0642557 0.0594912 0.0541117 0.0484952 0.0429296 0.0376075 0.0326279 0.0280005 0.023665 0.0195341 0.0155594 0.0117888 0.00837101
 0.00917322 0.0146555 0.0215985 0.0297906 0.0388832 0.0482939 0.057146 0.0644312 0.0693563 0.0716033 0.0713214 0.0689335 0.0649507 0.0598768 0.0541678 0.0482071 0.0422894 0.0366198 0.0313173 0.0264213 0.0219078 0.0177245 0.0138418 0.0102963 0.00719277
 0.00925747 0.0147961 0.0218179 0.0301151 0.0393406 0.0489086 0.0579303 0.0653756 0.0704227 0.0727251 0.0724121 0.0699027 0.065721 0.0603945 0.0544035 0.0481481 0.0419327 0.0359696 0.0303903 0.0252568 0.0205759 0.0163269 0.0124983 0.00911935 0.00625879
 0.00931783 0.0148838 0.0219315 0.030249 0.0394908 0.0490795 0.0581395 0.0656525 0.0707988 0.0732205 0.0730228 0.070594 0.0664307 0.0610448 0.0549171 0.048462 0.0420052 0.035781 0.0299426 0.024576 0.0197163 0.0153702 0.0115438 0.00826238 0.00556742
 0.00941217 0.0150322 0.0221447 0.0305317 0.0398381 0.0494747 0.0585531 0.0660481 0.0711456 0.0735066 0.0732598 0.0708082 0.0666455 0.0612641 0.0551187 0.0486027 0.0420343 0.0356551 0.0296372 0.0240929 0.0190872 0.0146544 0.0108182 0.00760341 0.00503145
 0.00953144 0.0151979 0.0223426 0.0307324 0.0400078 0.0495898 0.0586119 0.066069 0.0711564 0.073531 0.0733115 0.0708932 0.0667669 0.0614229 0.0553081 0.0488013 0.0422044 0.0357496 0.0296133 0.0239266 0.0187833 0.0142482 0.0103666 0.00716911 0.00466471
 0.00966125 0.0153954 0.0226134 0.031069 0.0403877 0.0499755 0.0589541 0.0663168 0.0712732 0.0735105 0.0731813 0.0707036 0.0665714 0.0612613 0.0552001 0.0487465 0.0421849 0.0357338 0.0295635 0.0238105 0.0185857 0.0139788 0.0100575 0.00686336 0.00440064
 0.00973034 0.0155112 0.0227936 0.0313304 0.0407404 0.050414 0.0594494 0.0668155 0.0717072 0.0738144 0.073312 0.0706527 0.0663668 0.0609573 0.0548586 0.048419 0.0419005 0.0354968 0.0293582 0.0236119 0.0183729 0.0137447 0.00981234 0.00662916 0.00420057
 0.00982016 0.0156424 0.0229642 0.0315312 0.0409598 0.0506453 0.0596939 0.0670782 0.0719863 0.0740922 0.0735533 0.0708138 0.066412 0.0608739 0.0546628 0.0481495 0.0416031 0.0352087 0.0290981 0.0233805 0.0181605 0.0135425 0.00961972 0.00645394 0.00405389
 0.00987189 0.0157186 0.0230639 0.0316476 0.0410814 0.0507587 0.0597877 0.0671472 0.0720346 0.0741336 0.0736046 0.0708844 0.0664952 0.0609468 0.0546974 0.0481269 0.0415224 0.035085 0.028953 0.0232313 0.018016 0.0134052 0.00949114 0.00633829 0.00395706
 0.00967939 0.0154349 0.0226912 0.0312076 0.0406095 0.0502947 0.0593683 0.0668036 0.0717935 0.0740166 0.0736265 0.0710501 0.066795 0.0613537 0.0551677 0.048608 0.0419654 0.0354558 0.0292374 0.0234317 0.0181439 0.0134748 0.0095171 0.00633509 0.00393848
 0.0095393 0.0152153 0.0223774 0.0307942 0.0401054 0.0497275 0.0587867 0.0662717 0.0713765 0.0737624 0.073555 0.0711544 0.0670513 0.0617312 0.0556318 0.0491202 0.0424834 0.0359386 0.0296524 0.0237604 0.0183832 0.0136335 0.00961083 0.00638183 0.00395541
 0.0095738 0.0152596 0.0224218 0.0308213 0.040093 0.0496551 0.0586423 0.0660572 0.0711094 0.0734744 0.0732855 0.0709418 0.0669237 0.0617011 0.055697 0.0492664 0.0426877 0.0361726 0.0298859 0.0239676 0.0185471 0.0137484 0.00968096 0.00641753 0.00396875
 0.00956433 0.0152401 0.0223846 0.030756 0.0399882 0.0495016 0.0584361 0.0658029 0.0708208 0.0731745 0.0730047 0.0707138 0.0667796 0.0616624 0.0557702 0.0494419 0.0429425 0.0364747 0.0302008 0.0242629 0.0187986 0.0139428 0.00981687 0.00650277 0.00401615
 0.00940414 0.0150008 0.0220636 0.0303648 0.0395486 0.0490396 0.0579778 0.0653735 0.070445 0.0728756 0.0728028 0.0706235 0.0668096 0.0618141 0.0560371 0.0498083 0.0433834 0.0369573 0.0306877 0.0247181 0.0191924 0.0142573 0.0100475 0.00665726 0.00411009
 0.00929472 0.0148281 0.0218143 0.0300319 0.0391354 0.0485632 0.0574722 0.0648855 0.0700237 0.0725589 0.0726093 0.0705541 0.0668549 0.0619626 0.0562785 0.0501321 0.043775 0.0373954 0.031144 0.0251602 0.0195895 0.0145866 0.0102981 0.00683146 0.00422009
 0.0091903 0.0146634 0.0215757 0.0297106 0.0387287 0.0480784 0.0569299 0.064322 0.0694884 0.0721058 0.0722857 0.0703908 0.0668608 0.0621259 0.0565736 0.0505278 0.0442403 0.0379009 0.0316602 0.0256568 0.0200376 0.0149629 0.01059 0.00703901 0.00435451
 0.00897237 0.0143417 0.021152 0.0292068 0.0381798 0.0475205 0.0563916 0.0638245 0.0690496 0.0717452 0.0720264 0.0702567 0.066871 0.0622887 0.0568816 0.0509584 0.0447601 0.0384715 0.0322431 0.026216 0.0205418 0.0153878 0.0109224 0.0072784 0.004512
 0.00898016 0.0143309 0.0210937 0.0290629 0.0379174 0.0471305 0.0559026 0.063298 0.0685575 0.071343 0.0717384 0.0700808 0.0667956 0.0623065 0.0569934 0.0511665 0.0450598 0.0388462 0.0326653 0.0266515 0.020956 0.0157516 0.0112165 0.00749619 0.00465888
 0.00882954 0.0141116 0.0208095 0.0287299 0.037554 0.0467459 0.0554918 0.0628514 0.0680796 0.0708667 0.0713223 0.0697892 0.066673 0.0623642 0.0572135 0.0515165 0.045505 0.0393543 0.0332044 0.0271883 0.0214567 0.0161868 0.0115667 0.00775533 0.00483403
 0.00874955 0.0139928 0.0206522 0.0285433 0.0373554 0.0465566 0.0553317 0.0627309 0.0679927 0.0707903 0.0712265 0.069656 0.0665109 0.0622079 0.0571083 0.0514983 0.0455894 0.0395356 0.033462 0.0274929 0.0217752 0.0164875 0.0118243 0.00795537 0.00497454
 0.00941532 0.0149053 0.0217127 0.0295579 0.0380932 0.0468422 0.055117 0.0621054 0.0671315 0.0698764 0.0703925 0.0689639 0.0659662 0.0617891 0.0567936 0.0512794 0.0454688 0.0395161 0.033537 0.027643 0.0219713 0.0166971 0.0120187 0.00811501 0.00509141
 0.0101873 0.0160963 0.0233767 0.0316773 0.0405561 0.0494253 0.0574922 0.0638963 0.0680242 0.0697381 0.0693226 0.0672414 0.06393 0.0597249 0.0548817 0.049603 0.0440523 0.0383588 0.0326291 0.0269675 0.0215013 0.0163958 0.0118439 0.00802546 0.00505247
 0.0101073 0.0160765 0.023549 0.0322282 0.0416718 0.0512051 0.0598692 0.0666124 0.0706787 0.0718917 0.0706179 0.0674992 0.0631892 0.0582107 0.0529157 0.0475005 0.0420501 0.0365962 0.0311659 0.025813 0.0206364 0.0157846 0.0114399 0.00777789 0.004913
 0.00980446 0.0156212 0.0229403 0.0315097 0.0409452 0.0506354 0.0596697 0.0669925 0.0717574 0.0736127 0.0727217 0.0695863 0.0648506 0.0591645 0.053084 0.0469995 0.0411138 0.0354794 0.030073 0.0248695 0.0198953 0.0152481 0.0110809 0.00755655 0.00478809
 0.00989533 0.0157255 0.0230177 0.0314986 0.0407839 0.0502959 0.0591901 0.0664893 0.0714066 0.0736001 0.0731738 0.070505 0.0660854 0.0604459 0.054116 0.0475671 0.041152 0.0350727 0.0293955 0.0241082 0.0191935 0.0146837 0.0106747 0.00729196 0.00463148
 0.00979375 0.0155779 0.0228262 0.0312707 0.0405234 0.0499933 0.0588217 0.0660341 0.0708764 0.0730668 0.0727698 0.0703863 0.0663656 0.0611329 0.0550881 0.0486091 0.0420368 0.0356463 0.0296216 0.0240548 0.01898 0.0144249 0.0104464 0.0071258 0.00452736
 0.00983204 0.015638 0.0229128 0.0313869 0.0406696 0.0501649 0.0590045 0.0661994 0.0709815 0.0730652 0.0726348 0.0701361 0.0660741 0.0609083 0.0550234 0.0487304 0.0422851 0.0359064 0.029782 0.0240596 0.0188437 0.0142088 0.0102199 0.00693723 0.00439512
 0.00991642 0.015761 0.0230715 0.03157 0.0408607 0.0503486 0.0591702 0.0663411 0.0710935 0.073137 0.072649 0.0700744 0.0659297 0.0607008 0.054801 0.0485533 0.0421937 0.0358976 0.0298106 0.0240669 0.0187917 0.0140973 0.0100776 0.00679969 0.00428663
 0.00992478 0.0157736 0.0230885 0.0315901 0.040881 0.0503644 0.0591761 0.0663335 0.0710731 0.0731105 0.0726261 0.0700618 0.0659262 0.0606984 0.0547933 0.0485438 0.0421963 0.0359252 0.0298617 0.0241223 0.0188256 0.0140935 0.0100386 0.00674212 0.00422957
 0.00982697 0.0156361 0.0229214 0.0314159 0.0407285 0.0502575 0.0591258 0.0663358 0.0711138 0.0731729 0.0726974 0.0701355 0.0660011 0.0607747 0.0548701 0.048619 0.0422689 0.0359965 0.0299327 0.0241891 0.0188792 0.0141244 0.0100438 0.00672732 0.00420543
 0.00961646 0.0153384 0.0225562 0.0310311 0.0403881 0.0500218 0.059033 0.0663942 0.0713034 0.0734529 0.0730164 0.0704439 0.066262 0.0609708 0.0550025 0.0487007 0.0423167 0.0360255 0.0299532 0.024206 0.0188922 0.0141304 0.0100403 0.00671519 0.00418878
 0.00936419 0.014948 0.0220077 0.0303257 0.039555 0.049124 0.0581682 0.0656819 0.0708557 0.0733378 0.0732355 0.0709357 0.0669273 0.0617054 0.0557215 0.0493503 0.0428727 0.0364847 0.0303236 0.0244986 0.0191167 0.0142949 0.0101528 0.00678506 0.00422705
 0.00939686 0.0149661 0.0219708 0.0301754 0.0392318 0.0485937 0.057446 0.0648403 0.070011 0.0726213 0.0727603 0.0707692 0.0670764 0.0621187 0.0563092 0.0500122 0.0435239 0.0370691 0.0308145 0.0248907 0.0194167 0.0145142 0.0103044 0.00688263 0.00428451
 0.00936322 0.0149119 0.0218883 0.0300527 0.0390494 0.0483227 0.0570525 0.0643001 0.0693298 0.0718524 0.0720051 0.0701543 0.0667164 0.0620794 0.0565887 0.0505465 0.0442117 0.0378038 0.0315094 0.025491 0.0198983 0.0148761 0.0105594 0.00705032 0.00438656
 0.00935761 0.0149045 0.0218801 0.030045 0.0390416 0.0483094 0.0570203 0.0642252 0.0691808 0.0715996 0.0716367 0.0696931 0.0662265 0.0616538 0.0563199 0.0504931 0.0443781 0.0381428 0.0319436 0.0259411 0.0203038 0.0152036 0.0108002 0.00721258 0.0044868
 0.00945118 0.0150309 0.022023 0.0301741 0.0391221 0.0483159 0.0569477 0.0640881 0.0690027 0.0713977 0.0714141 0.0694421 0.065942 0.0613494 0.0560349 0.0502837 0.0442957 0.0382102 0.0321446 0.0262274 0.0206155 0.0154894 0.0110294 0.00737638 0.00459206
 0.00963502 0.0153233 0.0224488 0.0307457 0.0398302 0.0491188 0.0577654 0.0648127 0.0695256 0.0716434 0.0713597 0.0691143 0.0653973 0.0606552 0.0552609 0.0495013 0.0435761 0.0376148 0.0317107 0.0259587 0.0204847 0.0154523 0.0110416 0.00740484 0.00461874
 0.00975492 0.0155127 0.0227237 0.0311184 0.0403075 0.0496988 0.058431 0.0655238 0.0702167 0.0722302 0.0717558 0.069254 0.0652549 0.060251 0.0546531 0.0487699 0.0428068 0.0368869 0.0310867 0.0254758 0.0201503 0.0152476 0.0109327 0.00735581 0.00460101
 0.00994889 0.0158113 0.0231419 0.0316585 0.0409589 0.0504386 0.0592237 0.0663214 0.0709624 0.0728643 0.0722217 0.0695017 0.0652469 0.0599713 0.0541168 0.0480265 0.0419338 0.0359754 0.0302239 0.0247297 0.0195598 0.0148201 0.0106501 0.00718529 0.00450703
 0.0101561 0.0161604 0.0236878 0.0324543 0.0420377 0.0517875 0.0607631 0.067907 0.0724163 0.0740216 0.0729679 0.0697871 0.0650776 0.0593925 0.0531976 0.0468511 0.040598 0.0345822 0.0288758 0.0235163 0.0185448 0.0140334 0.0100869 0.00681417 0.00428265
 0.00951159 0.015166 0.0222964 0.0306728 0.0399422 0.0495348 0.0585927 0.0661126 0.0712784 0.0737228 0.0735356 0.0710933 0.0668894 0.0614405 0.0552342 0.048688 0.0421211 0.035751 0.0297101 0.0240747 0.0189011 0.0142561 0.0102274 0.00690509 0.00434189
 0.00951044 0.0150769 0.022003 0.0300177 0.0387734 0.0477786 0.056318 0.0635493 0.0687731 0.0716532 0.072218 0.0707113 0.0674586 0.0628159 0.0571574 0.050857 0.0442603 0.0376584 0.0312756 0.0252719 0.019763 0.0148458 0.0106142 0.0071492 0.00448972
 0.00988208 0.015682 0.0229058 0.031253 0.0403085 0.0494713 0.0579001 0.0646726 0.0691234 0.071083 0.0708215 0.0687958 0.0654316 0.0610476 0.0558802 0.0501305 0.0439998 0.037701 0.0314513 0.0254542 0.0198875 0.0149012 0.0106193 0.00713024 0.00446655
 0.00962711 0.0154009 0.0227291 0.0313843 0.0409684 0.0508058 0.0598934 0.067111 0.0716282 0.0732014 0.0721481 0.0690904 0.0646933 0.0595105 0.0539248 0.0481501 0.0422827 0.0363785 0.0305155 0.0248188 0.0194515 0.0145884 0.0103874 0.00696068 0.00434992
#obs surv len freq
 nan nan nan nan nan nan nan nan nan nan nan nan nan nan nan nan nan nan nan nan nan nan nan nan nan
 0.00448496 0.00734662 0.0111771 0.0159943 0.0216961 0.0279727 0.0342876 0.0400192 0.0446985 0.0481614 0.0505179 0.0520122 0.0529029 0.0534139 0.053727 0.0539811 0.054259 0.0545514 0.0546899 0.0542816 0.0527198 0.0493521 0.0438024 0.036283 0.0276674
 0.00461657 0.00756219 0.0115042 0.0164585 0.0223148 0.0287457 0.0351872 0.0409877 0.045656 0.0490217 0.0512046 0.05247 0.0531034 0.0533557 0.0534316 0.0534853 0.0536061 0.053784 0.0538471 0.0534004 0.0518389 0.0485147 0.0430531 0.0356597 0.027191
 0.00477983 0.00783012 0.0119121 0.0170409 0.0230984 0.0297385 0.0363667 0.0422955 0.0470042 0.0503068 0.0523235 0.0533326 0.0536419 0.0535312 0.0532371 0.0529434 0.0527626 0.0526986 0.0525866 0.0520355 0.0504453 0.0471736 0.041845 0.0346512 0.0264188
 0.00496824 0.0081391 0.0123822 0.0177118 0.0240018 0.030886 0.0377374 0.0438305 0.0486133 0.051883 0.0537578 0.0545237 0.0545018 0.0539915 0.0532548 0.0525062 0.0518906 0.0514424 0.0510228 0.0502626 0.0485797 0.0453436 0.0401775 0.0332498 0.0253418
 0.00518568 0.00849265 0.0129146 0.0184634 0.0250034 0.032148 0.0392374 0.0455083 0.0503775 0.0536271 0.0553741 0.0559121 0.0555729 0.0546678 0.053474 0.0522263 0.0510973 0.0501564 0.0493054 0.048218 0.0463524 0.0431059 0.0381059 0.0314913 0.023982
 0.00541258 0.0088656 0.0134834 0.0192766 0.026099 0.0335379 0.0408924 0.0473539 0.0523057 0.0555181 0.0571157 0.0574081 0.0567428 0.0554429 0.0537944 0.0520417 0.0503728 0.0488841 0.0475194 0.0460086 0.0438709 0.0405537 0.0357021 0.0294259 0.0223718
 0.00564204 0.00924187 0.014056 0.0200943 0.0272013 0.0349409 0.0425737 0.0492457 0.054303 0.0574974 0.0589546 0.0589987 0.057997 0.0562918 0.0541835 0.0519257 0.0497147 0.047663 0.0457485 0.0437575 0.0412816 0.037836 0.0330999 0.0271615 0.0205898
 0.00588711 0.00964147 0.0146597 0.0209493 0.028344 0.036383 0.0442882 0.0511616 0.0563146 0.0594838 0.0607983 0.0605958 0.0592607 0.0571525 0.0545864 0.0518273 0.0490801 0.0464696 0.0440006 0.0415101 0.0386629 0.0350509 0.0304002 0.0247871 0.0187048
 0.00612735 0.0100375 0.0152656 0.0218185 0.0295182 0.0378751 0.0460654 0.0531404 0.0583745 0.0614919 0.0626323 0.0621551 0.0604686 0.0579514 0.0549327 0.051686 0.0484219 0.0452739 0.0422688 0.0392885 0.0360674 0.032275 0.0276906 0.0223869 0.0167865
 0.0063693 0.0104329 0.0158647 0.02267 0.0306602 0.0393213 0.0477892 0.0550682 0.0603941 0.0634727 0.064446 0.0636915 0.0616427 0.0587048 0.055229 0.0515021 0.0477414 0.0440863 0.0405791 0.0371395 0.0335641 0.0295958 0.0250678 0.0200538 0.0149134
 0.00662623 0.0108526 0.0165 0.0235705 0.0318621 0.0408314 0.0495691 0.0570302 0.0624142 0.0654158 0.066188 0.0651315 0.0627056 0.0593397 0.0554059 0.0512069 0.0469696 0.0428403 0.0388748 0.0350232 0.0311347 0.0270171 0.0225532 0.0178193 0.013118
 0.00683929 0.0112075 0.0170496 0.0243691 0.0329537 0.0422316 0.0512472 0.0589028 0.0643585 0.0672936 0.0678705 0.0665137 0.0637121 0.0599232 0.0555423 0.0508889 0.0462002 0.0416309 0.0372494 0.0330319 0.0288725 0.0246335 0.0202393 0.0157679 0.0114708
 0.00707261 0.0115859 0.0176176 0.025168 0.0340145 0.0435628 0.0528214 0.0606506 0.0661744 0.0690536 0.0694512 0.0678079 0.0646385 0.0604307 0.0556083 0.0505132 0.0453969 0.0404231 0.0356714 0.0311397 0.0267582 0.0224335 0.018123 0.0139033 0.00997958
 0.00725597 0.0118926 0.0180949 0.0258639 0.0349669 0.0447823 0.0542758 0.0622613 0.067831 0.0706378 0.0708571 0.0689508 0.0654552 0.0608776 0.0556608 0.0501646 0.0446567 0.0393144 0.0342318 0.0294277 0.0248626 0.020478 0.0162556 0.0122676 0.00867696
 0.00742712 0.0121702 0.0185117 0.0264512 0.0357496 0.0457708 0.0554556 0.0635865 0.0692262 0.0720085 0.0721043 0.0699851 0.0662069 0.0613012 0.0557336 0.049882 0.0440272 0.0383586 0.0329844 0.0279434 0.0232233 0.0187941 0.0146556 0.0108726 0.00757047
 0.00751351 0.0123128 0.0187307 0.0267676 0.0361822 0.0463311 0.0561425 0.0643834 0.0701033 0.0729259 0.0730147 0.0708341 0.0669346 0.061847 0.0560443 0.0499187 0.0437694 0.0378055 0.0321558 0.0268828 0.022001 0.0175063 0.0134134 0.00977988 0.00669938
 0.00759139 0.0124326 0.0188986 0.0269862 0.0364518 0.0466521 0.0565154 0.0648083 0.0705774 0.0734421 0.0735599 0.0713875 0.0674659 0.0623163 0.0564041 0.0501193 0.0437672 0.0375716 0.0316838 0.0261942 0.0211476 0.0165672 0.0124828 0.00894764 0.00602902
 0.00766449 0.0125479 0.0190655 0.0272096 0.0367309 0.0469777 0.0568696 0.0651668 0.0709173 0.0737502 0.073836 0.0716407 0.0677054 0.0625416 0.0565996 0.0502544 0.0438023 0.0374672 0.0314129 0.0257529 0.0205622 0.0158934 0.0117948 0.00831994 0.0055168
 0.00773117 0.0126488 0.0192033 0.0273822 0.0369325 0.0472004 0.0571043 0.0654033 0.0711439 0.0739555 0.0740122 0.0717863 0.0678251 0.0626438 0.0566887 0.0503247 0.0438343 0.0374313 0.0312782 0.0255006 0.0201964 0.0154452 0.0113165 0.00786981 0.00514133
 0.00777767 0.0127213 0.0193062 0.027517 0.0370962 0.0473852 0.0572973 0.0655884 0.0713058 0.0740851 0.074108 0.0718534 0.0678717 0.0626773 0.0567143 0.0503429 0.0438384 0.0374057 0.0312017 0.0253536 0.0199719 0.0151561 0.0109948 0.00755671 0.00487341
 0.00781563 0.0127777 0.0193814 0.0276079 0.0371977 0.0474916 0.0574036 0.06569 0.0713985 0.0741645 0.0741711 0.0718993 0.0679025 0.0626973 0.056728 0.0503526 0.0438418 0.0373951 0.0311638 0.025274 0.0198417 0.0149788 0.0107881 0.00734796 0.00468935
 0.00785032 0.0128303 0.0194533 0.0276973 0.0372997 0.0475985 0.0575058 0.0657778 0.0714641 0.0742051 0.0741888 0.0719001 0.0678933 0.0626835 0.0567131 0.050338 0.0438267 0.0373753 0.0311315 0.0252197 0.0197578 0.0148647 0.010653 0.00720852 0.00456373
 0.00786873 0.0128587 0.0194933 0.027749 0.0373615 0.0476673 0.0575763 0.0658431 0.0715173 0.0742409 0.0742055 0.0719 0.0678813 0.062666 0.0566953 0.0503228 0.0438142 0.0373625 0.0311133 0.0251891 0.019709 0.014796 0.0105688 0.00711908 0.00448107
 0.00786645 0.012852 0.0194776 0.027719 0.0373129 0.0475997 0.0574955 0.0657606 0.0714473 0.0741955 0.0741914 0.0719174 0.0679257 0.0627303 0.0567721 0.0504053 0.0438963 0.0374383 0.0311765 0.0252337 0.0197303 0.0147925 0.010544 0.00708076 0.00443903
 0.00787314 0.0128574 0.0194756 0.0277004 0.0372678 0.047521 0.0573831 0.0656229 0.0713002 0.0740593 0.0740863 0.071859 0.0679212 0.0627777 0.0568614 0.0505221 0.0440256 0.0375666 0.0312927 0.0253295 0.0198 0.0148342 0.0105602 0.00707773 0.00442517
 0.00789701 0.0128929 0.0195224 0.0277552 0.0373234 0.0475673 0.0574074 0.065613 0.0712483 0.0739662 0.0739636 0.0717267 0.0678025 0.062692 0.0568196 0.050525 0.0440652 0.0376301 0.0313658 0.0253994 0.0198573 0.0148738 0.0105813 0.00708355 0.00442118
 0.00788214 0.0128692 0.0194879 0.0277082 0.0372639 0.0474965 0.0573286 0.0655309 0.0711677 0.0738908 0.073896 0.0716698 0.0677611 0.0626731 0.0568305 0.0505701 0.0441431 0.0377331 0.0314815 0.0255138 0.0199582 0.0149532 0.0106365 0.00711667 0.00443751
 0.00786943 0.0128459 0.019448 0.0276451 0.0371722 0.0473756 0.0571849 0.065378 0.0710231 0.0737711 0.0738121 0.071626 0.0677559 0.0627019 0.0568886 0.0506538 0.0442492 0.0378569 0.0316153 0.025647 0.0200797 0.015054 0.0107119 0.00716713 0.00446731
 0.00786203 0.01283 0.019417 0.0275905 0.0370853 0.0472512 0.0570247 0.065192 0.0708288 0.0735899 0.0736656 0.0715308 0.0677209 0.0627268 0.0569655 0.0507708 0.0443936 0.038017 0.0317806 0.0258073 0.0202251 0.0151762 0.0108063 0.00723332 0.00450911
 0.00784931 0.0128094 0.0193861 0.0275463 0.0370247 0.0471707 0.0569215 0.0650658 0.0706832 0.0734344 0.0735149 0.0714031 0.0676334 0.0626922 0.0569882 0.0508469 0.0445125 0.0381643 0.0319414 0.0259677 0.0203733 0.015303 0.0109062 0.00730535 0.00455619
 0.00781655 0.0127596 0.0193174 0.0274595 0.0369227 0.047058 0.0568034 0.0649481 0.0705712 0.0733321 0.0734255 0.0713304 0.067583 0.0626716 0.0570051 0.0509056 0.0446117 0.0382965 0.0320942 0.0261266 0.0205241 0.0154347 0.0110119 0.00738285 0.00460791
 0.0077819 0.0127003 0.0192231 0.0273201 0.036732 0.0468191 0.0565325 0.0646735 0.0703262 0.0731451 0.0733124 0.0712931 0.0676134 0.0627569 0.0571331 0.0510669 0.044799 0.0385022 0.0323087 0.0263379 0.0207194 0.0156028 0.0111458 0.00748101 0.0046736
 0.00776469 0.0126687 0.0191687 0.0272325 0.0366007 0.0466374 0.0563018 0.0644057 0.0700442 0.0728793 0.0730951 0.0711505 0.0675602 0.0627932 0.057247 0.0512395 0.0450105 0.0387351 0.0325481 0.0265704 0.0209326 0.0157862 0.0112925 0.00758912 0.00474651
 0.00773255 0.0126178 0.0190944 0.027131 0.0364693 0.0464746 0.0561087 0.0641873 0.0698106 0.0726458 0.0728818 0.0709804 0.067455 0.0627685 0.0573078 0.0513787 0.0452113 0.0389755 0.0328053 0.026824 0.0211659 0.0159868 0.0114529 0.00770758 0.00482671
 0.0093059 0.0148188 0.0217483 0.0298551 0.0387852 0.0479857 0.0566406 0.0638129 0.0687665 0.0712113 0.0712911 0.069393 0.0659661 0.0614319 0.0561523 0.0504168 0.0444416 0.038385 0.032372 0.0265215 0.0209665 0.015864 0.0113836 0.00767264 0.00481149
 0.00927056 0.0150524 0.0226129 0.031801 0.0421546 0.0527474 0.0622225 0.0691962 0.0728499 0.0732469 0.0711317 0.0674326 0.0628683 0.0578466 0.0525561 0.0470893 0.041515 0.035904 0.0303356 0.0249043 0.0197293 0.0149582 0.0107538 0.00726062 0.00456019
 0.00895148 0.0145482 0.0219024 0.0309304 0.0412906 0.0522145 0.0624638 0.0706151 0.0755665 0.0769177 0.0749933 0.0705917 0.0646761 0.0581235 0.0515607 0.0453063 0.0394278 0.033864 0.0285395 0.0234313 0.0185876 0.0141188 0.0101704 0.00687972 0.00432844
 0.0087984 0.0142894 0.0214949 0.0303307 0.0404708 0.051193 0.0613457 0.0696203 0.0750141 0.0771383 0.076179 0.072653 0.0672077 0.0605362 0.0533211 0.0461432 0.0393867 0.0332085 0.0275932 0.0224565 0.0177403 0.013461 0.00970292 0.00657281 0.00414218
 0.00873272 0.0141786 0.0213198 0.0300683 0.0400965 0.0506861 0.0606999 0.0688596 0.074212 0.0764325 0.0757638 0.0727301 0.0678961 0.0617826 0.0548766 0.0476437 0.0405034 0.0337766 0.0276451 0.0221581 0.0172898 0.0130123 0.00933888 0.00631627 0.00398087
 0.00868374 0.0141015 0.0212081 0.0299164 0.0398992 0.0504375 0.0603939 0.068492 0.0737853 0.0759655 0.0753044 0.0723652 0.067743 0.0619507 0.0554085 0.0484685 0.0414418 0.0346096 0.0282075 0.0223993 0.0172682 0.0128414 0.00912699 0.00613195 0.00385
 0.00867554 0.0140813 0.0211654 0.0298377 0.0397717 0.050255 0.0601609 0.0682223 0.0734966 0.0756729 0.0750194 0.0721032 0.067535 0.0618489 0.0554739 0.0487401 0.0419025 0.0351745 0.0287517 0.0228116 0.017497 0.0129039 0.00908315 0.00604702 0.00376878
 0.00865792 0.0140564 0.0211341 0.0298019 0.0397317 0.0502069 0.0600956 0.0681283 0.0733659 0.0755056 0.0748254 0.0718999 0.0673437 0.0616953 0.0553892 0.0487575 0.0420433 0.0354302 0.0290759 0.023133 0.0177498 0.0130552 0.00913962 0.00604106 0.00373656
 0.00864102 0.0140288 0.0210927 0.0297444 0.0396582 0.0501207 0.0600038 0.0680395 0.0732858 0.0754342 0.0747572 0.0718276 0.0672652 0.0616167 0.0553264 0.0487327 0.0420785 0.0355376 0.0292478 0.0233398 0.0179494 0.013211 0.00923542 0.00608268 0.00374296
 0.00866251 0.0140601 0.0211329 0.02979 0.0397033 0.0501585 0.0600273 0.0680437 0.0732682 0.0753952 0.0746993 0.071754 0.0671781 0.0615195 0.0552254 0.0486401 0.0420113 0.0355122 0.0292724 0.0234085 0.0180426 0.0133033 0.00930652 0.00612483 0.00376018
 0.0086615 0.0140636 0.0211475 0.029824 0.0397637 0.0502464 0.0601347 0.0681537 0.0733601 0.0754516 0.0747109 0.0717207 0.0671069 0.0614209 0.0551108 0.0485214 0.0419015 0.0354247 0.0292183 0.0233918 0.0180576 0.0133366 0.00934265 0.00615266 0.00377594
 0.00862356 0.0140043 0.0210631 0.0297143 0.0396338 0.0501081 0.0600069 0.0680585 0.0733159 0.0754654 0.0747749 0.0718161 0.0672114 0.0615163 0.055187 0.0485763 0.0419391 0.0354529 0.029246 0.0234257 0.0180999 0.0133837 0.00938753 0.00618887 0.00380046
 0.00862167 0.0139989 0.0210507 0.0296903 0.0395933 0.0500487 0.0599303 0.0679721 0.0732325 0.0753999 0.0747405 0.0718191 0.067249 0.061577 0.0552556 0.0486394 0.0419891 0.035489 0.0292725 0.023449 0.0181245 0.0134107 0.00941486 0.00621287 0.00381844
 0.00860681 0.0139757 0.0210175 0.0296459 0.0395371 0.0499807 0.0598515 0.0678854 0.0731431 0.0753165 0.0746736 0.0717799 0.0672457 0.0616119 0.0553231 0.0487274 0.0420835 0.0355778 0.029349 0.0235119 0.0181758 0.013453 0.00944941 0.00623989 0.0038379
 0.00861951 0.0139933 0.0210383 0.0296663 0.0395526 0.0499868 0.0598452 0.0678653 0.0731094 0.0752702 0.0746176 0.0717195 0.0671888 0.0615675 0.0552991 0.0487271 0.0421043 0.0356128 0.0293898 0.0235516 0.0182108 0.0134821 0.0094729 0.00625809 0.00385114
 0.00861951 0.0139933 0.0210383 0.0296663 0.0395526 0.0499868 0.0598452 0.0678653 0.0731094 0.0752702 0.0746176 0.0717195 0.0671888 0.0615675 0.0552991 0.0487271 0.0421043 0.0356128 0.0293898 0.0235516 0.0182108 0.0134821 0.0094729 0.00625809 0.00385114
 0.00882535 0.0143204 0.0215146 0.0303078 0.0403543 0.0509117 0.0608171 0.0687742 0.0738346 0.0757135 0.0747288 0.0715038 0.0666982 0.0608819 0.0545073 0.0479113 0.0413296 0.0349222 0.0288054 0.0230794 0.0178459 0.0132135 0.00928585 0.00613612 0.00377736
 0.00881878 0.0143339 0.0215797 0.0304687 0.0406566 0.051384 0.0614531 0.0695259 0.0746192 0.0764306 0.0752817 0.0718191 0.0667398 0.0606575 0.0540636 0.0473206 0.0406717 0.0342689 0.0282105 0.0225749 0.0174444 0.0129128 0.0090744 0.00599716 0.00369264
 0.00885456 0.0143847 0.0216441 0.0305449 0.0407484 0.0515074 0.0616377 0.0698056 0.0750138 0.0769271 0.075827 0.0723299 0.0671263 0.06085 0.0540309 0.0470756 0.0402634 0.0337667 0.0276854 0.0220855 0.0170288 0.0125877 0.00883922 0.00583977 0.00359549
 0.00907879 0.014739 0.0221562 0.0312284 0.0415938 0.0524734 0.0626462 0.070752 0.0757941 0.0774686 0.0761048 0.0723589 0.0669382 0.0604736 0.0534877 0.0463877 0.0394649 0.0329081 0.0268288 0.0212923 0.0163474 0.0120451 0.00843925 0.00556761 0.00342514
 0.00843995 0.0137514 0.0207697 0.0294433 0.0394748 0.0501608 0.0603601 0.0687696 0.0743912 0.076844 0.0763255 0.0733533 0.0685306 0.0624356 0.0555843 0.0484127 0.0412646 0.0343931 0.0279732 0.0221205 0.0169137 0.0124133 0.00866819 0.00570395 0.00350266
 0.00826816 0.0134015 0.020116 0.0283351 0.037785 0.0478593 0.0575748 0.0657936 0.0716197 0.0746708 0.0750466 0.0731106 0.0693009 0.0640547 0.0577941 0.0509172 0.0437849 0.0367081 0.0299411 0.0236811 0.0180742 0.0132254 0.00920376 0.0060367 0.00369678
 0.00878352 0.0142094 0.0212666 0.0298289 0.0395432 0.0496949 0.0591897 0.0668316 0.071781 0.0738391 0.0733545 0.0709001 0.067003 0.0620521 0.0563275 0.0500574 0.04346 0.0367622 0.0301982 0.023994 0.0183494 0.0134236 0.00932501 0.00610015 0.00372494
 0.00906661 0.0147228 0.0221339 0.0311879 0.0414997 0.0522526 0.0621868 0.0699264 0.0745098 0.0757312 0.0740622 0.0702989 0.0652285 0.0594593 0.0533823 0.0472028 0.0410096 0.0348583 0.0288334 0.0230711 0.0177439 0.0130276 0.00906321 0.00592724 0.00361408
#pred catch len freq
 0.00403241 0.00642285 0.0094527 0.0130827 0.0172925 0.0220516 0.0272526 0.0326844 0.0380737 0.0431496 0.0476864 0.051526 0.0545927 0.0568902 0.0584773 0.059436 0.0598486 0.0597731 0.0591936 0.0579397 0.0556336 0.0517667 0.0459582 0.0382925 0.0294899
 0.00420532 0.00663623 0.00965218 0.0131851 0.0172197 0.0217777 0.0268335 0.0322427 0.0377407 0.0429981 0.0476974 0.0516094 0.0546444 0.0568525 0.05837 0.0593459 0.0598838 0.0600035 0.0596042 0.0584252 0.0560407 0.0519653 0.0459018 0.0380314 0.0291333
 0.00440014 0.00694684 0.0101027 0.0137794 0.0179243 0.0225073 0.0274543 0.0326099 0.0377626 0.0426898 0.0471798 0.0510446 0.0541522 0.0564661 0.0580574 0.0590691 0.0596442 0.0598395 0.0595501 0.0584658 0.0561028 0.0519537 0.0457545 0.0377538 0.0287892
 0.00460175 0.00726595 0.0105685 0.014417 0.0187537 0.0235356 0.0286588 0.0339146 0.0390267 0.0437263 0.0478114 0.0511741 0.0538046 0.0557692 0.0571745 0.0581326 0.0587309 0.0589867 0.0587765 0.057775 0.0554762 0.0513558 0.0451578 0.0371631 0.0282427
 0.00482345 0.00761449 0.0110721 0.0150975 0.0196272 0.0246125 0.029938 0.0353741 0.0406101 0.0453305 0.0492823 0.0523241 0.0544573 0.05582 0.0566309 0.057108 0.0573946 0.0575035 0.0572692 0.0563179 0.054106 0.0500903 0.0440127 0.0361635 0.0274196
 0.00506951 0.00799853 0.0116215 0.0158304 0.0205541 0.0257376 0.0312564 0.0368656 0.0422341 0.0470216 0.0509461 0.0538334 0.0556567 0.056547 0.0567556 0.056577 0.0562553 0.0558904 0.0553604 0.0542874 0.052096 0.0482069 0.0423357 0.0347523 0.0263103
 0.00530814 0.00837677 0.0121734 0.0165833 0.0215265 0.0269356 0.0326671 0.0384526 0.0439387 0.0487693 0.0526524 0.0554052 0.0569886 0.0575193 0.0572414 0.0564653 0.0554855 0.0544831 0.0534257 0.0520036 0.0496713 0.0458421 0.0401983 0.0329612 0.0249256
 0.00558969 0.00881776 0.0128073 0.017434 0.0226092 0.0282566 0.0342179 0.040201 0.0458226 0.0506986 0.0545179 0.0570924 0.0583892 0.0585358 0.0577842 0.0564496 0.0548404 0.0531765 0.0514952 0.0495748 0.0469494 0.0430767 0.0376333 0.0307863 0.0232437
 0.00592386 0.00933599 0.0135418 0.0184011 0.023812 0.0296871 0.0358554 0.0420061 0.0477343 0.0526355 0.0563832 0.0587804 0.0597937 0.059558 0.0583373 0.0564593 0.0542447 0.051936 0.0496164 0.0471398 0.0441319 0.0401275 0.0348308 0.0283701 0.021358
 0.00633147 0.00996783 0.0144361 0.0195753 0.0252638 0.0313961 0.0377795 0.0440774 0.0498601 0.054708 0.0582922 0.0604234 0.061082 0.0604182 0.0587091 0.0562911 0.0534921 0.0505674 0.0476318 0.0446008 0.0411876 0.0370148 0.0318359 0.0257575 0.0193005
 0.00679968 0.0106903 0.0154524 0.0208995 0.0268876 0.0332925 0.0399002 0.0463465 0.052172 0.0569355 0.0603015 0.0620914 0.0623104 0.0611399 0.0588858 0.0559029 0.0525266 0.0490176 0.0455089 0.0419618 0.0381654 0.0338283 0.0287607 0.0230597 0.017163
 0.00720365 0.0113259 0.0163702 0.0221341 0.0284544 0.0351819 0.0420677 0.0487055 0.0545984 0.0592823 0.0624185 0.0638416 0.0635831 0.0618589 0.0590112 0.0554251 0.0514552 0.0473729 0.0433258 0.0393086 0.0351707 0.0306945 0.0257432 0.0204097 0.0150573
 0.00752096 0.0118279 0.0171013 0.0231307 0.0297433 0.0367756 0.0439543 0.0508356 0.0568787 0.0615795 0.0645741 0.0656937 0.0649898 0.0627167 0.0592621 0.0550523 0.0504726 0.0458148 0.0412457 0.0367899 0.0323455 0.0277537 0.0229204 0.0179329 0.0130878
 0.00779097 0.0122562 0.0177273 0.023987 0.0308543 0.0381532 0.0455893 0.0526891 0.0588783 0.0636227 0.066535 0.0674348 0.066376 0.0636325 0.0596254 0.0548216 0.0496452 0.0444211 0.039345 0.0344746 0.0297509 0.0250625 0.0203468 0.0156809 0.0112994
 0.00809165 0.0127211 0.0183836 0.0248476 0.0319204 0.0394183 0.0470366 0.0542856 0.0605685 0.0653285 0.0681605 0.068875 0.067528 0.0644047 0.0599455 0.0546417 0.0489455 0.0432125 0.0376721 0.0324207 0.0274434 0.0226712 0.0180654 0.0136901 0.00972193
