SBPRF35
6.02195
Curr Bio
554650
B35
436376
F35
0.240125
FOFL
0.240125
OFL
107672
Bzero
1.72056e+006
#pred survey bio
 3.48901e+006 3.51213e+006 3.50612e+006 3.34251e+006 3.10782e+006 2.92238e+006 2.71735e+006 2.49566e+006 2.23607e+006 1.87108e+006 1.47913e+006 1.22831e+006 1.08807e+006 984344 893723 795823 738777 699987 658532 628922 572596 531306 512855 510626 533822 555466 549750 545382 557573 578108 592471 608123 609580 580807 562644 590819 582192 579440 588104 571561 550778 532703 524056 532577 547716 580345 647116 698993 690702 694419 695939 687885 666851 588640 532795 590402 637101 594817 562528 1.37878e+007 1.19315e+007 1.15902e+007 1.16676e+007 1.1973e+007 1.23483e+007 1.27038e+007 1.30016e+007 1.32341e+007 1.3408e+007 1.35348e+007 1.36258e+007 1.36907e+007 1.37368e+007 1.37697e+007 1.37932e+007 1.38101e+007 1.38222e+007 1.38311e+007 1.38376e+007 1.38423e+007 1.38458e+007 1.38484e+007 1.38503e+007 1.38517e+007 1.38528e+007 1.38536e+007 1.38541e+007 1.38546e+007 1.38549e+007 1.38551e+007 1.38553e+007 1.38555e+007 1.38556e+007 1.38556e+007 1.38557e+007 1.38557e+007 1.38558e+007 1.38558e+007 1.38558e+007 1.38558e+007 1.38558e+007 1.38558e+007 1.38558e+007 1.38558e+007 1.38559e+007 1.38559e+007 1.38559e+007 1.38559e+007 1.38559e+007 1.38559e+007 1.38559e+007 1.38559e+007 1.38559e+007 1.38559e+007 1.38559e+007 1.38559e+007 1.38559e+007 1.38559e+007 1.38559e+007 1.38559e+007 1.38559e+007 1.38559e+007 1.38559e+007 1.38559e+007 1.38559e+007 1.38559e+007 1.38559e+007 1.38559e+007 1.38559e+007 1.38559e+007 1.38559e+007 1.38559e+007 1.38559e+007 1.38559e+007 1.38559e+007 1.38559e+007 1.38559e+007 1.38559e+007 1.38559e+007 1.38559e+007 1.38559e+007 1.38559e+007 1.38559e+007 1.38559e+007 1.38559e+007 1.38559e+007 1.38559e+007 1.38559e+007 1.38559e+007 1.38559e+007 1.38559e+007 1.38559e+007 1.38559e+007 1.38559e+007 1.38559e+007 1.38559e+007 1.38559e+007 1.38559e+007 1.38559e+007 0 0 0 0 0 0 0 0 0 0 0 0 0 0 0 0 0 0 0 0 0 0 0 0 0
#obs survey bio
 3.32651e+006 3.05483e+006 4.1413e+006 3.60098e+006 3.10207e+006 3.0422e+006 2.42286e+006 2.20898e+006 1.46396e+006 1.98796e+006 1.09723e+006 1.17438e+006 1.23414e+006 844526 1.1949e+006 632709 821733 679331 740793 898454 632518 521513 565971 495216 532665 621656 631131 583182 421811 611654 457890 582175 563994 495397 546937 895273 536413 480677 570160 537727 651758 597854 510400 570301 549351 517820 667367 889336 587048 853580 628383 709217 695422 565589 485846 558083 530787 378747 548305
#pred catch bio
 108558 109686 162781 214904 251889 251213 311611 307610 324502 312961 290617 263645 256247 247374 231928 205915 179718 170328 147298 136975 131819 125141 115624 101271 104738 112961 103603 94870.5 97886.6 95488.1 94402.2 100476 91153.6 100204 90566.9 88204.6 83213.5 80646.2 90753.6 78262.5 92175.4 92418.8 86864.9 88043.7 97420.1 95338.6 99446.5 89249.2 93570.3 91621.4 104069 101318 106632 122421 54693.6 56457 111054 131836 66761.1 107672 101209 96648.5 95963.2 97727.1 100242 102651 104620 106092 107129 107830 108290 108586 108772 108888 108959 109003 109029 109045 109055 109061 109064 109066 109067 109068 109069 109069 109069 109069 109069 109069 109069 109069 109069 109069 109069 109069 109069 109069 109069 109069 109069 109069 109069 109069 109069 109069 109069 109069 109069 109069 109069 109069 109069 109069 109069 109069 109069 109069 109069 109069 109069 109069 109069 109069 109069 109069 109069 109069 109069 109069 109069 109069 109069 109069 109069 109069 109069 109069 109069 109069 109069 109069 109069 109069 109069 109069 109069 109069 109069 109069 109069 109069 109069 109069 109069 109069 109069 109069 109069 0 0 0 0 0 0 0 0 0 0 0 0 0 0 0 0 0 0 0 0 0 0 0 0 0
#obs catch bio
 0 109366 162836 214986 252378 250654 312425 307506 324437 312390 290676 264117 256908 248373 231059 206872 179675 170479 147471 136473 131777 125421 115736 101288 104885 112939 103498 94771.7 98093.3 95402.6 94357.8 100698 90803.2 100292 91018.9 88061.1 83185.6 80591.2 90914 77992.8 92321.2 92490.6 86857.1 87907.1 97557 95683.5 99674.1 88915.5 93657.1 91485.3 104213 101262 106309 123394 54456.1 56158.9 111176 133144 66398.4
#pred cpue bio
 3.45135e+006 3.47444e+006 3.46692e+006 3.30322e+006 3.06929e+006 2.88345e+006 2.6785e+006 2.45689e+006 2.19841e+006 1.83675e+006 1.44941e+006 1.201e+006 1.06151e+006 958239 868119 771283 714536 676178 635432 606523 552031 511887 493850 491591 514022 535035 529564 525384 537235 557123 571185 586429 587985 560544 542898 570120 560964 556472 563847 547934 528353 511010 502772 511078 525646 556702 620814 670918 663378 666753 668212 659954 639270 563965 509380 565669 612665 572008 539076 1.32205e+007 1.14414e+007 1.10216e+007 1.10357e+007 1.13273e+007 1.17005e+007 1.20558e+007 1.23536e+007 1.25861e+007 1.276e+007 1.28867e+007 1.29777e+007 1.30426e+007 1.30887e+007 1.31216e+007 1.31451e+007 1.3162e+007 1.31742e+007 1.3183e+007 1.31895e+007 1.31942e+007 1.31977e+007 1.32003e+007 1.32022e+007 1.32036e+007 1.32047e+007 1.32055e+007 1.32061e+007 1.32065e+007 1.32068e+007 1.32071e+007 1.32072e+007 1.32074e+007 1.32075e+007 1.32076e+007 1.32076e+007 1.32077e+007 1.32077e+007 1.32077e+007 1.32077e+007 1.32078e+007 1.32078e+007 1.32078e+007 1.32078e+007 1.32078e+007 1.32078e+007 1.32078e+007 1.32078e+007 1.32078e+007 1.32078e+007 1.32078e+007 1.32078e+007 1.32078e+007 1.32078e+007 1.32078e+007 1.32078e+007 1.32078e+007 1.32078e+007 1.32078e+007 1.32078e+007 1.32078e+007 1.32078e+007 1.32078e+007 1.32078e+007 1.32078e+007 1.32078e+007 1.32078e+007 1.32078e+007 1.32078e+007 1.32078e+007 1.32078e+007 1.32078e+007 1.32078e+007 1.32078e+007 1.32078e+007 1.32078e+007 1.32078e+007 1.32078e+007 1.32078e+007 1.32078e+007 1.32078e+007 1.32078e+007 1.32078e+007 1.32078e+007 1.32078e+007 1.32078e+007 1.32078e+007 1.32078e+007 1.32078e+007 1.32078e+007 1.32078e+007 1.32078e+007 1.32078e+007 1.32078e+007 1.32078e+007 1.32078e+007 1.32078e+007 1.32078e+007 1.32078e+007 1.32078e+007 0 0 0 0 0 0 0 0 0 0 0 0 0 0 0 0 0 0 0 0 0 0 0 0 0
#obs cpue bio
 3.13456e+006 3.96535e+006 3.49939e+006 3.10053e+006 2.4247e+006 3.40892e+006 2.44876e+006 2.93363e+006 3.70568e+006 1.99375e+006 1.74452e+006 1.06835e+006 890181 993947 973398 628410 755853 694857 505180 583584 441545 450030 470289 465393 486380 584350 464411 471160 604160 629500 691039 556811 866352 592943 316008 667296 547586 630652 608150 651117 403121 454882 502797 534743 472713 435980 698142 769506 610053 584042 692276 635948 774162 480952 471619 736415 892117 593986 667903
#pred surv len freq
 0.00418447 0.00691007 0.0106166 0.0153542 0.0210413 0.0273683 0.0337838 0.0396496 0.0444866 0.0481284 0.050682 0.0523787 0.0534465 0.0540597 0.054339 0.0543745 0.0542484 0.0540345 0.0537414 0.053198 0.0519566 0.0493462 0.0447587 0.0380615 0.029851
 0.00453081 0.00737294 0.0111308 0.0158045 0.021303 0.0273671 0.0335368 0.0392559 0.0440727 0.0477833 0.0504267 0.0521842 0.053281 0.0539289 0.0542947 0.0544877 0.054563 0.0545251 0.0542985 0.0536545 0.0521507 0.0491921 0.0442867 0.0374009 0.0291675
 0.00456935 0.00751389 0.0114793 0.0164845 0.0223994 0.0288504 0.0352201 0.0408332 0.0452365 0.0483537 0.0504096 0.0517274 0.0525758 0.0531311 0.053505 0.0537714 0.0539678 0.0540716 0.0539556 0.0533318 0.0517292 0.0485847 0.0434904 0.0365039 0.0283046
 0.00471253 0.0077182 0.011741 0.0168003 0.0227894 0.0293789 0.0359882 0.0419263 0.0466447 0.0499202 0.0518588 0.0527726 0.0530408 0.0530085 0.0529249 0.0529212 0.0530188 0.0531399 0.0530898 0.0525167 0.050908 0.0477015 0.0425353 0.0355319 0.0274117
 0.00492479 0.00806482 0.0122628 0.0175293 0.0237361 0.0305188 0.0372599 0.0432509 0.0479596 0.051197 0.0530805 0.0538826 0.0539134 0.0534803 0.0528724 0.0523266 0.0519771 0.0518086 0.0516213 0.0510126 0.0494142 0.046236 0.0411262 0.0342371 0.0263071
 0.00512327 0.00839656 0.012779 0.0182834 0.0247725 0.031854 0.038862 0.0450313 0.0497859 0.0529262 0.0545946 0.0551082 0.0548111 0.0540129 0.0529829 0.0519496 0.0510807 0.050431 0.0498706 0.0490333 0.0473478 0.0442032 0.0392315 0.032575 0.0249534
 0.00530719 0.00869545 0.0132296 0.0189226 0.0256335 0.032959 0.0402115 0.0465941 0.051496 0.0546856 0.0562844 0.0566047 0.056005 0.0548224 0.0533513 0.0518353 0.0504527 0.0492829 0.0482447 0.0470327 0.0451262 0.0419389 0.0370984 0.030718 0.0234677
 0.00551267 0.00904262 0.0137759 0.0197282 0.0267473 0.0343975 0.0419396 0.0485236 0.0535038 0.0566436 0.05808 0.0581457 0.0572136 0.0556297 0.0536978 0.0516731 0.049749 0.0480262 0.0464594 0.0447983 0.0425883 0.0392994 0.0345812 0.0285218 0.021722
 0.00568856 0.00933401 0.0142256 0.0203826 0.0276504 0.0355799 0.0434037 0.050232 0.0553781 0.0585728 0.0599375 0.0598074 0.0585732 0.0566043 0.054225 0.0517037 0.0492431 0.0469596 0.0448389 0.0426841 0.0401118 0.0366611 0.0320207 0.0262633 0.0199186
 0.00586839 0.00964125 0.0147154 0.0211152 0.0286783 0.036927 0.0450471 0.0520976 0.0573551 0.0605384 0.0617761 0.0614183 0.0598701 0.0575149 0.0546903 0.0516772 0.0486893 0.0458552 0.0431856 0.0405308 0.0375775 0.0339414 0.0293609 0.0239025 0.018026
 0.006147 0.0100875 0.0153753 0.022029 0.0298755 0.0384172 0.046807 0.0540621 0.0594195 0.062573 0.0636464 0.0630046 0.0610805 0.0582884 0.0549906 0.051482 0.0479813 0.0446224 0.0414326 0.0383023 0.0349835 0.0311675 0.0266474 0.0214896 0.0160879
 0.00637368 0.0104825 0.0160176 0.0230049 0.0312554 0.0402215 0.0489766 0.0564564 0.0618485 0.0648459 0.0656092 0.0645526 0.0621518 0.0588519 0.0550366 0.0510133 0.0470062 0.0431517 0.0394871 0.0359323 0.0322951 0.0283358 0.0239001 0.0190564 0.0141369
 0.00653463 0.0107557 0.0164518 0.023658 0.032188 0.0414827 0.0505841 0.0583774 0.0639896 0.0670582 0.0677102 0.0663602 0.0635193 0.059689 0.0553089 0.0507266 0.0461861 0.041831 0.0377063 0.0337544 0.0298268 0.0257401 0.021384 0.0168281 0.0123489
 0.00671265 0.0110509 0.0169072 0.0243178 0.0330903 0.0426472 0.0519999 0.0599985 0.0657418 0.0688501 0.06944 0.0679176 0.0647892 0.0605638 0.0557058 0.0506008 0.0455318 0.0406739 0.0360959 0.0317663 0.0275731 0.0233775 0.0191017 0.0148122 0.0107341
 0.00692773 0.0113993 0.0174291 0.0250495 0.034057 0.0438519 0.0534121 0.061551 0.0673408 0.0703945 0.0708396 0.069101 0.0657012 0.0611577 0.0559381 0.0504321 0.0449349 0.0396436 0.0346578 0.0299833 0.0255502 0.0212612 0.0170647 0.0130194 0.00930248
 0.00717597 0.0117974 0.0180174 0.0258607 0.0351084 0.0451342 0.054879 0.063117 0.0688946 0.0718221 0.0720463 0.0700225 0.0663043 0.0614322 0.0558858 0.0500559 0.0442338 0.0386169 0.0333175 0.0283699 0.0237453 0.0193879 0.0152718 0.0114493 0.00805376
 0.00730964 0.0120243 0.0183763 0.0263929 0.0358478 0.0460923 0.0560306 0.0643971 0.0702095 0.0730705 0.0731374 0.0708873 0.0668981 0.0617332 0.0558903 0.0497708 0.04367 0.0377856 0.0322346 0.0270679 0.0222864 0.0178692 0.0138139 0.0101695 0.00703468
 0.00742542 0.0121909 0.0185889 0.0266373 0.0361111 0.0463757 0.0563566 0.0648026 0.0707277 0.0737096 0.0738694 0.0716513 0.0676158 0.0623271 0.0562972 0.0499482 0.0435952 0.0374527 0.0316532 0.0262658 0.021316 0.0168104 0.0127658 0.00923019 0.00627589
 0.0075511 0.0123932 0.0188876 0.0270449 0.0366244 0.0469682 0.0569757 0.0653811 0.0712085 0.0740701 0.0741286 0.071852 0.0677946 0.0624916 0.0564223 0.0499886 0.0435036 0.0371939 0.0312121 0.0256516 0.0205649 0.0159839 0.0119427 0.0084893 0.00567541
 0.00755717 0.0124021 0.0188998 0.0270624 0.0366524 0.0470168 0.0570585 0.0655103 0.0713874 0.0742899 0.0743721 0.0721042 0.0680496 0.062751 0.0566829 0.050231 0.0436903 0.0372785 0.0311552 0.0254354 0.0202012 0.0155146 0.0114306 0.00800138 0.00526513
 0.00761931 0.0124901 0.0190083 0.027178 0.036758 0.0470978 0.0571091 0.0655354 0.0714012 0.0743108 0.0744161 0.0721795 0.0681559 0.0628812 0.0568273 0.0503773 0.04382 0.0373647 0.0311661 0.0253453 0.0200028 0.0152261 0.0110926 0.0076643 0.00497284
 0.00764141 0.0125448 0.0191237 0.0273878 0.037088 0.0475472 0.0576374 0.0660674 0.0718501 0.0746093 0.0745379 0.0721404 0.0679991 0.0626579 0.0565814 0.0501378 0.0435992 0.0371595 0.0309619 0.025123 0.019749 0.0149419 0.0107958 0.00738329 0.00473486
 0.00773733 0.0126803 0.0192915 0.0275723 0.0372749 0.0477355 0.0578436 0.0663156 0.0721511 0.0749425 0.0748507 0.0723684 0.0680946 0.0626089 0.0564117 0.0498916 0.043321 0.0368805 0.0306952 0.0248676 0.0194984 0.0146933 0.0105553 0.00716477 0.0045533
 0.00789123 0.012903 0.0195749 0.0278888 0.0375834 0.0479916 0.0580127 0.0663828 0.0721281 0.0748657 0.0747677 0.0723159 0.0680805 0.0626116 0.0563958 0.0498299 0.0432071 0.0367257 0.0305177 0.0246821 0.0193127 0.0145117 0.0103832 0.00701051 0.00442568
 0.0078284 0.0128134 0.0194623 0.0277627 0.0374532 0.0478597 0.0578714 0.0662195 0.0719371 0.0746607 0.0745854 0.0722063 0.0680867 0.0627493 0.056645 0.050142 0.0435245 0.0370022 0.030728 0.0248208 0.0193868 0.0145336 0.0103675 0.00697282 0.00438064
 0.00777337 0.0127222 0.019323 0.0275658 0.0371967 0.0475558 0.0575482 0.0659161 0.0716902 0.0744913 0.0744956 0.072188 0.0681353 0.0628688 0.0568415 0.050411 0.0438433 0.0373334 0.0310322 0.0250687 0.0195654 0.0146448 0.0104235 0.00699009 0.00437572
 0.00788781 0.0128862 0.0195282 0.0277893 0.0374052 0.0477146 0.0576304 0.0659076 0.0715927 0.074321 0.0742784 0.0719527 0.0679073 0.0626685 0.0566856 0.0503128 0.043809 0.0373572 0.0310955 0.0251462 0.0196339 0.0146907 0.0104439 0.00699044 0.00436476
 0.0079677 0.0130055 0.0196872 0.0279789 0.0376067 0.0479006 0.0577679 0.0659649 0.071548 0.0741729 0.0740488 0.0716811 0.0676374 0.062436 0.0565117 0.0502052 0.043766 0.0373704 0.0311513 0.0252259 0.0197175 0.0147616 0.0104934 0.00701795 0.00437548
 0.00794041 0.0129647 0.0196323 0.0279115 0.0375296 0.0478166 0.0576785 0.0658701 0.0714473 0.0740661 0.073939 0.071576 0.0675496 0.0623805 0.0565015 0.0502472 0.0438585 0.0375042 0.0313117 0.0253952 0.0198779 0.0148983 0.0105976 0.0070884 0.00441727
 0.0079258 0.0129396 0.0195926 0.0278528 0.0374497 0.0477173 0.0575669 0.0657577 0.071346 0.0739838 0.0738772 0.0715313 0.0675179 0.0623613 0.0564994 0.0502698 0.0439125 0.0375917 0.0314274 0.0255278 0.0200124 0.0150201 0.0106963 0.00715965 0.00446291
 0.00796596 0.0129849 0.0196239 0.0278411 0.0373643 0.0475395 0.057302 0.065436 0.0710146 0.0736919 0.0736624 0.0714126 0.0674951 0.0624195 0.0566168 0.0504256 0.0440915 0.0377839 0.0316254 0.0257234 0.0201954 0.01518 0.0108249 0.00725388 0.00452527
 0.00785327 0.0128308 0.0194445 0.0276659 0.0372234 0.0474461 0.0572414 0.065372 0.0709108 0.0735345 0.0734709 0.0712307 0.0673698 0.062382 0.056674 0.0505637 0.0442858 0.0380085 0.0318591 0.02595 0.0204026 0.015358 0.0109674 0.00735897 0.00459591
 0.00782968 0.012782 0.0193538 0.0275161 0.0370073 0.0471782 0.0569624 0.0651375 0.0707659 0.0734906 0.0735011 0.0712893 0.0674211 0.062418 0.0567113 0.0506262 0.0443887 0.0381519 0.0320307 0.0261324 0.0205787 0.0155145 0.0110955 0.00745521 0.00466185
 0.00782209 0.0127581 0.0192961 0.0274004 0.036808 0.046878 0.0565637 0.0646699 0.0702858 0.0730698 0.0732066 0.0711608 0.067459 0.0625881 0.0569649 0.0509213 0.0446999 0.0384669 0.0323414 0.0264285 0.0208475 0.0157439 0.0112778 0.00758923 0.00475218
 0.00787701 0.0128576 0.0194628 0.0276568 0.0371644 0.0473176 0.0570323 0.0650826 0.0705518 0.0731262 0.0730427 0.0708203 0.0670202 0.0621338 0.0565574 0.0505923 0.0444555 0.0383 0.0322408 0.0263822 0.0208425 0.0157655 0.0113119 0.00762432 0.00478128
 0.00845397 0.0136568 0.020411 0.0286041 0.0379332 0.0477757 0.0571468 0.0649195 0.0702251 0.0727349 0.0726346 0.0703979 0.0665715 0.0616606 0.0560836 0.050154 0.0440844 0.0380126 0.0320376 0.026253 0.020772 0.0157371 0.0113097 0.00763495 0.00479527
 0.00927008 0.0149066 0.0221397 0.0307803 0.0404317 0.05037 0.0595224 0.066728 0.0711849 0.0727331 0.0717658 0.0689094 0.0647535 0.059752 0.0542371 0.0484512 0.0425673 0.0367048 0.030951 0.0253868 0.0201123 0.0152599 0.0109839 0.00742665 0.00467157
 0.00920923 0.0149411 0.0224339 0.0315573 0.0419003 0.0526147 0.0624115 0.0699035 0.0741513 0.0750054 0.073007 0.0690073 0.0638191 0.0580536 0.0521021 0.0461777 0.0403739 0.0347247 0.0292512 0.0239915 0.0190184 0.0144448 0.0104108 0.00704921 0.00444064
 0.00885111 0.0144022 0.021713 0.0307068 0.041043 0.0519501 0.0621948 0.0703785 0.0754431 0.077023 0.0754248 0.0713569 0.0656517 0.0590879 0.0522871 0.045658 0.0393976 0.033547 0.028073 0.02294 0.0181556 0.0137859 0.00994122 0.0067379 0.00424964
 0.00880572 0.0143006 0.0215104 0.0303501 0.0404923 0.0512118 0.0613525 0.0696009 0.0749549 0.0770399 0.0760709 0.0725965 0.0672727 0.0607575 0.053664 0.0465085 0.0396582 0.0333101 0.0275188 0.0222584 0.0174935 0.0132293 0.00952182 0.00645063 0.00406995
 0.00862118 0.014024 0.021136 0.0298835 0.0399429 0.0505852 0.0606515 0.0688412 0.0741904 0.0763795 0.0756702 0.0726139 0.0678011 0.0617655 0.054982 0.0478778 0.0408226 0.0341041 0.0279072 0.0223157 0.0173475 0.0130033 0.00930172 0.00627824 0.00395393
 0.00853542 0.0139039 0.0209911 0.0297348 0.039817 0.0505026 0.0606158 0.0688331 0.0741707 0.0763047 0.0755178 0.0724078 0.0676194 0.0617145 0.0551428 0.0482551 0.0413307 0.0346037 0.0282702 0.0224791 0.0173259 0.012863 0.0091197 0.0061116 0.00382962
 0.00857792 0.0139524 0.0210272 0.029732 0.0397512 0.050368 0.0604339 0.0686475 0.0740267 0.0762254 0.0754928 0.0724031 0.067604 0.0616861 0.0551346 0.0483156 0.0414879 0.0348388 0.028522 0.0226762 0.0174236 0.0128604 0.00905002 0.00601795 0.00374473
 0.00860015 0.0139834 0.0210634 0.0297638 0.039763 0.0503389 0.0603428 0.0684827 0.0737961 0.0759616 0.0752452 0.0722191 0.067509 0.0616778 0.0551947 0.0484273 0.0416438 0.0350334 0.0287383 0.022882 0.0175836 0.0129538 0.00907939 0.00600401 0.00371266
 0.00866701 0.0140798 0.0211856 0.0298999 0.0398953 0.0504479 0.0604108 0.0684945 0.0737405 0.0758343 0.0750544 0.0719883 0.0672743 0.0614773 0.0550561 0.0483614 0.0416466 0.0350922 0.0288353 0.0229954 0.0176895 0.0130324 0.00912209 0.00601497 0.0037041
 0.00870087 0.0141492 0.0213151 0.0301177 0.0402215 0.0508791 0.0609084 0.0689877 0.0741458 0.0760816 0.0751068 0.0718476 0.0669749 0.0610742 0.0546122 0.0479342 0.0412787 0.0348059 0.0286334 0.0228662 0.0176129 0.0129869 0.00909072 0.00598835 0.00367998
 0.00864473 0.0140554 0.0211713 0.0299158 0.0399661 0.0505955 0.0606457 0.0688083 0.0741012 0.0761882 0.0753354 0.072136 0.0672537 0.0612922 0.0547492 0.0479989 0.0412972 0.0348081 0.0286415 0.0228896 0.0176493 0.0130273 0.00912542 0.00601187 0.00369199
 0.00870857 0.0141297 0.0212285 0.0299128 0.0398558 0.0503476 0.0602645 0.0683395 0.0736228 0.0757895 0.0750911 0.0720836 0.0673834 0.0615536 0.0550718 0.0483186 0.0415739 0.035029 0.0288135 0.0230259 0.0177603 0.0131175 0.00919509 0.00606098 0.00372266
 0.00884708 0.0143185 0.0214443 0.0301081 0.0399682 0.050317 0.0600513 0.0679374 0.0730651 0.0751476 0.0744636 0.0715751 0.0670758 0.0614822 0.0552177 0.0486205 0.0419532 0.0354156 0.0291612 0.0233144 0.0179873 0.0132888 0.00931891 0.00614537 0.00377586
 0.00879616 0.0142796 0.0214641 0.0302492 0.0402829 0.0508105 0.0606564 0.0685224 0.0734782 0.0752756 0.0742739 0.0711218 0.0664737 0.060865 0.0546973 0.0482606 0.0417631 0.0353632 0.0291957 0.0233882 0.0180674 0.0133585 0.00937259 0.00618325 0.00380045
 0.00891313 0.014425 0.0216035 0.0303321 0.0402675 0.0506957 0.0604977 0.0684124 0.0734954 0.0754331 0.0745057 0.0713177 0.0665396 0.0607689 0.054477 0.0479953 0.0415322 0.0352152 0.0291394 0.0234028 0.0181211 0.013423 0.00943024 0.00622682 0.00382952
 0.00900242 0.0145936 0.0218965 0.0307949 0.0409219 0.0515108 0.0613756 0.0692092 0.0740756 0.0757249 0.0745188 0.0711135 0.0661822 0.0602971 0.0539116 0.0473636 0.0408824 0.0346081 0.0286268 0.0230107 0.0178472 0.0132463 0.00932363 0.00616601 0.00379657
 0.00887361 0.0144201 0.0217035 0.0306331 0.040859 0.0516137 0.0616883 0.0697328 0.0747567 0.0764603 0.0751818 0.0715943 0.066422 0.0602963 0.0537118 0.0470217 0.0404553 0.0341494 0.0281867 0.0226299 0.0175494 0.0130353 0.00918736 0.00608528 0.00375241
 0.00898118 0.0145667 0.0218738 0.0307993 0.0409954 0.0517149 0.0617814 0.0698707 0.0749928 0.0768174 0.0756309 0.072058 0.0668004 0.0605035 0.0537043 0.046807 0.0400807 0.0336815 0.0276929 0.0221669 0.0171566 0.0127317 0.00897329 0.00594744 0.00367128
 0.00906165 0.0147501 0.0222424 0.0314502 0.0420014 0.053072 0.0633723 0.0714794 0.0763736 0.0777811 0.0760989 0.0720571 0.0664172 0.059834 0.0528282 0.0457876 0.038977 0.032557 0.0266146 0.0211963 0.0163392 0.0120904 0.00850657 0.00563394 0.00347782
 0.00834972 0.0136318 0.0206414 0.0293464 0.0394624 0.0502852 0.0606549 0.0692327 0.0749726 0.0774477 0.07683 0.0736493 0.0685597 0.0622088 0.0551728 0.0479164 0.0407789 0.033987 0.0276812 0.0219463 0.0168391 0.0124087 0.0087019 0.00575015 0.0035448
 0.00822424 0.0133429 0.0200521 0.0282835 0.0377689 0.0479013 0.057692 0.0659934 0.0718977 0.0750072 0.0754032 0.073431 0.0695218 0.0641248 0.0576946 0.0506716 0.0434511 0.0363574 0.0296354 0.0234571 0.0179404 0.0131682 0.00919827 0.00605742 0.00372435
 0.00879494 0.0142273 0.0212924 0.0298638 0.0395883 0.0497511 0.059257 0.0669083 0.0718629 0.0739202 0.073429 0.070963 0.0670488 0.0620724 0.0563101 0.0499919 0.043346 0.0366152 0.030046 0.0238659 0.0182646 0.0133858 0.00932407 0.00612009 0.00375092
 0.00901448 0.0146736 0.0221242 0.0312699 0.0417227 0.052636 0.0626992 0.0704865 0.0750119 0.0760815 0.0742077 0.0702376 0.0650011 0.0591291 0.0530132 0.0468426 0.0406845 0.0345777 0.0285996 0.0228859 0.0176095 0.0129424 0.00901972 0.00591313 0.00361612
#obs surv len freq
 nan nan nan nan nan nan nan nan nan nan nan nan nan nan nan nan nan nan nan nan nan nan nan nan nan
 0.00448496 0.00734662 0.0111771 0.0159943 0.0216961 0.0279727 0.0342876 0.0400192 0.0446985 0.0481614 0.0505179 0.0520122 0.0529029 0.0534139 0.053727 0.0539811 0.054259 0.0545514 0.0546899 0.0542816 0.0527198 0.0493521 0.0438024 0.036283 0.0276674
 0.00461657 0.00756219 0.0115042 0.0164585 0.0223148 0.0287457 0.0351872 0.0409877 0.045656 0.0490217 0.0512046 0.05247 0.0531034 0.0533557 0.0534316 0.0534853 0.0536061 0.053784 0.0538471 0.0534004 0.0518389 0.0485147 0.0430531 0.0356597 0.027191
 0.00477983 0.00783012 0.0119121 0.0170409 0.0230984 0.0297385 0.0363667 0.0422955 0.0470042 0.0503068 0.0523235 0.0533326 0.0536419 0.0535312 0.0532371 0.0529434 0.0527626 0.0526986 0.0525866 0.0520355 0.0504453 0.0471736 0.041845 0.0346512 0.0264188
 0.00496824 0.0081391 0.0123822 0.0177118 0.0240018 0.030886 0.0377374 0.0438305 0.0486133 0.051883 0.0537578 0.0545237 0.0545018 0.0539915 0.0532548 0.0525062 0.0518906 0.0514424 0.0510228 0.0502626 0.0485797 0.0453436 0.0401775 0.0332498 0.0253418
 0.00518568 0.00849265 0.0129146 0.0184634 0.0250034 0.032148 0.0392374 0.0455083 0.0503775 0.0536271 0.0553741 0.0559121 0.0555729 0.0546678 0.053474 0.0522263 0.0510973 0.0501564 0.0493054 0.048218 0.0463524 0.0431059 0.0381059 0.0314913 0.023982
 0.00541258 0.0088656 0.0134834 0.0192766 0.026099 0.0335379 0.0408924 0.0473539 0.0523057 0.0555181 0.0571157 0.0574081 0.0567428 0.0554429 0.0537944 0.0520417 0.0503728 0.0488841 0.0475194 0.0460086 0.0438709 0.0405537 0.0357021 0.0294259 0.0223718
 0.00564204 0.00924187 0.014056 0.0200943 0.0272013 0.0349409 0.0425737 0.0492457 0.054303 0.0574974 0.0589546 0.0589987 0.057997 0.0562918 0.0541835 0.0519257 0.0497147 0.047663 0.0457485 0.0437575 0.0412816 0.037836 0.0330999 0.0271615 0.0205898
 0.00588711 0.00964147 0.0146597 0.0209493 0.028344 0.036383 0.0442882 0.0511616 0.0563146 0.0594838 0.0607983 0.0605958 0.0592607 0.0571525 0.0545864 0.0518273 0.0490801 0.0464696 0.0440006 0.0415101 0.0386629 0.0350509 0.0304002 0.0247871 0.0187048
 0.00612735 0.0100375 0.0152656 0.0218185 0.0295182 0.0378751 0.0460654 0.0531404 0.0583745 0.0614919 0.0626323 0.0621551 0.0604686 0.0579514 0.0549327 0.051686 0.0484219 0.0452739 0.0422688 0.0392885 0.0360674 0.032275 0.0276906 0.0223869 0.0167865
 0.0063693 0.0104329 0.0158647 0.02267 0.0306602 0.0393213 0.0477892 0.0550682 0.0603941 0.0634727 0.064446 0.0636915 0.0616427 0.0587048 0.055229 0.0515021 0.0477414 0.0440863 0.0405791 0.0371395 0.0335641 0.0295958 0.0250678 0.0200538 0.0149134
 0.00662623 0.0108526 0.0165 0.0235705 0.0318621 0.0408314 0.0495691 0.0570302 0.0624142 0.0654158 0.066188 0.0651315 0.0627056 0.0593397 0.0554059 0.0512069 0.0469696 0.0428403 0.0388748 0.0350232 0.0311347 0.0270171 0.0225532 0.0178193 0.013118
 0.00683929 0.0112075 0.0170496 0.0243691 0.0329537 0.0422316 0.0512472 0.0589028 0.0643585 0.0672936 0.0678705 0.0665137 0.0637121 0.0599232 0.0555423 0.0508889 0.0462002 0.0416309 0.0372494 0.0330319 0.0288725 0.0246335 0.0202393 0.0157679 0.0114708
 0.00707261 0.0115859 0.0176176 0.025168 0.0340145 0.0435628 0.0528214 0.0606506 0.0661744 0.0690536 0.0694512 0.0678079 0.0646385 0.0604307 0.0556083 0.0505132 0.0453969 0.0404231 0.0356714 0.0311397 0.0267582 0.0224335 0.018123 0.0139033 0.00997958
 0.00725597 0.0118926 0.0180949 0.0258639 0.0349669 0.0447823 0.0542758 0.0622613 0.067831 0.0706378 0.0708571 0.0689508 0.0654552 0.0608776 0.0556608 0.0501646 0.0446567 0.0393144 0.0342318 0.0294277 0.0248626 0.020478 0.0162556 0.0122676 0.00867696
 0.00742712 0.0121702 0.0185117 0.0264512 0.0357496 0.0457708 0.0554556 0.0635865 0.0692262 0.0720085 0.0721043 0.0699851 0.0662069 0.0613012 0.0557336 0.049882 0.0440272 0.0383586 0.0329844 0.0279434 0.0232233 0.0187941 0.0146556 0.0108726 0.00757047
 0.00751351 0.0123128 0.0187307 0.0267676 0.0361822 0.0463311 0.0561425 0.0643834 0.0701033 0.0729259 0.0730147 0.0708341 0.0669346 0.061847 0.0560443 0.0499187 0.0437694 0.0378055 0.0321558 0.0268828 0.022001 0.0175063 0.0134134 0.00977988 0.00669938
 0.00759139 0.0124326 0.0188986 0.0269862 0.0364518 0.0466521 0.0565154 0.0648083 0.0705774 0.0734421 0.0735599 0.0713875 0.0674659 0.0623163 0.0564041 0.0501193 0.0437672 0.0375716 0.0316838 0.0261942 0.0211476 0.0165672 0.0124828 0.00894764 0.00602902
 0.00766449 0.0125479 0.0190655 0.0272096 0.0367309 0.0469777 0.0568696 0.0651668 0.0709173 0.0737502 0.073836 0.0716407 0.0677054 0.0625416 0.0565996 0.0502544 0.0438023 0.0374672 0.0314129 0.0257529 0.0205622 0.0158934 0.0117948 0.00831994 0.0055168
 0.00773117 0.0126488 0.0192033 0.0273822 0.0369325 0.0472004 0.0571043 0.0654033 0.0711439 0.0739555 0.0740122 0.0717863 0.0678251 0.0626438 0.0566887 0.0503247 0.0438343 0.0374313 0.0312782 0.0255006 0.0201964 0.0154452 0.0113165 0.00786981 0.00514133
 0.00777767 0.0127213 0.0193062 0.027517 0.0370962 0.0473852 0.0572973 0.0655884 0.0713058 0.0740851 0.074108 0.0718534 0.0678717 0.0626773 0.0567143 0.0503429 0.0438384 0.0374057 0.0312017 0.0253536 0.0199719 0.0151561 0.0109948 0.00755671 0.00487341
 0.00781563 0.0127777 0.0193814 0.0276079 0.0371977 0.0474916 0.0574036 0.06569 0.0713985 0.0741645 0.0741711 0.0718993 0.0679025 0.0626973 0.056728 0.0503526 0.0438418 0.0373951 0.0311638 0.025274 0.0198417 0.0149788 0.0107881 0.00734796 0.00468935
 0.00785032 0.0128303 0.0194533 0.0276973 0.0372997 0.0475985 0.0575058 0.0657778 0.0714641 0.0742051 0.0741888 0.0719001 0.0678933 0.0626835 0.0567131 0.050338 0.0438267 0.0373753 0.0311315 0.0252197 0.0197578 0.0148647 0.010653 0.00720852 0.00456373
 0.00786873 0.0128587 0.0194933 0.027749 0.0373615 0.0476673 0.0575763 0.0658431 0.0715173 0.0742409 0.0742055 0.0719 0.0678813 0.062666 0.0566953 0.0503228 0.0438142 0.0373625 0.0311133 0.0251891 0.019709 0.014796 0.0105688 0.00711908 0.00448107
 0.00786645 0.012852 0.0194776 0.027719 0.0373129 0.0475997 0.0574955 0.0657606 0.0714473 0.0741955 0.0741914 0.0719174 0.0679257 0.0627303 0.0567721 0.0504053 0.0438963 0.0374383 0.0311765 0.0252337 0.0197303 0.0147925 0.010544 0.00708076 0.00443903
 0.00787314 0.0128574 0.0194756 0.0277004 0.0372678 0.047521 0.0573831 0.0656229 0.0713002 0.0740593 0.0740863 0.071859 0.0679212 0.0627777 0.0568614 0.0505221 0.0440256 0.0375666 0.0312927 0.0253295 0.0198 0.0148342 0.0105602 0.00707773 0.00442517
 0.00789701 0.0128929 0.0195224 0.0277552 0.0373234 0.0475673 0.0574074 0.065613 0.0712483 0.0739662 0.0739636 0.0717267 0.0678025 0.062692 0.0568196 0.050525 0.0440652 0.0376301 0.0313658 0.0253994 0.0198573 0.0148738 0.0105813 0.00708355 0.00442118
 0.00788214 0.0128692 0.0194879 0.0277082 0.0372639 0.0474965 0.0573286 0.0655309 0.0711677 0.0738908 0.073896 0.0716698 0.0677611 0.0626731 0.0568305 0.0505701 0.0441431 0.0377331 0.0314815 0.0255138 0.0199582 0.0149532 0.0106365 0.00711667 0.00443751
 0.00786943 0.0128459 0.019448 0.0276451 0.0371722 0.0473756 0.0571849 0.065378 0.0710231 0.0737711 0.0738121 0.071626 0.0677559 0.0627019 0.0568886 0.0506538 0.0442492 0.0378569 0.0316153 0.025647 0.0200797 0.015054 0.0107119 0.00716713 0.00446731
 0.00786203 0.01283 0.019417 0.0275905 0.0370853 0.0472512 0.0570247 0.065192 0.0708288 0.0735899 0.0736656 0.0715308 0.0677209 0.0627268 0.0569655 0.0507708 0.0443936 0.038017 0.0317806 0.0258073 0.0202251 0.0151762 0.0108063 0.00723332 0.00450911
 0.00784931 0.0128094 0.0193861 0.0275463 0.0370247 0.0471707 0.0569215 0.0650658 0.0706832 0.0734344 0.0735149 0.0714031 0.0676334 0.0626922 0.0569882 0.0508469 0.0445125 0.0381643 0.0319414 0.0259677 0.0203733 0.015303 0.0109062 0.00730535 0.00455619
 0.00781655 0.0127596 0.0193174 0.0274595 0.0369227 0.047058 0.0568034 0.0649481 0.0705712 0.0733321 0.0734255 0.0713304 0.067583 0.0626716 0.0570051 0.0509056 0.0446117 0.0382965 0.0320942 0.0261266 0.0205241 0.0154347 0.0110119 0.00738285 0.00460791
 0.0077819 0.0127003 0.0192231 0.0273201 0.036732 0.0468191 0.0565325 0.0646735 0.0703262 0.0731451 0.0733124 0.0712931 0.0676134 0.0627569 0.0571331 0.0510669 0.044799 0.0385022 0.0323087 0.0263379 0.0207194 0.0156028 0.0111458 0.00748101 0.0046736
 0.00776469 0.0126687 0.0191687 0.0272325 0.0366007 0.0466374 0.0563018 0.0644057 0.0700442 0.0728793 0.0730951 0.0711505 0.0675602 0.0627932 0.057247 0.0512395 0.0450105 0.0387351 0.0325481 0.0265704 0.0209326 0.0157862 0.0112925 0.00758912 0.00474651
 0.00773255 0.0126178 0.0190944 0.027131 0.0364693 0.0464746 0.0561087 0.0641873 0.0698106 0.0726458 0.0728818 0.0709804 0.067455 0.0627685 0.0573078 0.0513787 0.0452113 0.0389755 0.0328053 0.026824 0.0211659 0.0159868 0.0114529 0.00770758 0.00482671
 0.0093059 0.0148188 0.0217483 0.0298551 0.0387852 0.0479857 0.0566406 0.0638129 0.0687665 0.0712113 0.0712911 0.069393 0.0659661 0.0614319 0.0561523 0.0504168 0.0444416 0.038385 0.032372 0.0265215 0.0209665 0.015864 0.0113836 0.00767264 0.00481149
 0.00927056 0.0150524 0.0226129 0.031801 0.0421546 0.0527474 0.0622225 0.0691962 0.0728499 0.0732469 0.0711317 0.0674326 0.0628683 0.0578466 0.0525561 0.0470893 0.041515 0.035904 0.0303356 0.0249043 0.0197293 0.0149582 0.0107538 0.00726062 0.00456019
 0.00895148 0.0145482 0.0219024 0.0309304 0.0412906 0.0522145 0.0624638 0.0706151 0.0755665 0.0769177 0.0749933 0.0705917 0.0646761 0.0581235 0.0515607 0.0453063 0.0394278 0.033864 0.0285395 0.0234313 0.0185876 0.0141188 0.0101704 0.00687972 0.00432844
 0.0087984 0.0142894 0.0214949 0.0303307 0.0404708 0.051193 0.0613457 0.0696203 0.0750141 0.0771383 0.076179 0.072653 0.0672077 0.0605362 0.0533211 0.0461432 0.0393867 0.0332085 0.0275932 0.0224565 0.0177403 0.013461 0.00970292 0.00657281 0.00414218
 0.00873272 0.0141786 0.0213198 0.0300683 0.0400965 0.0506861 0.0606999 0.0688596 0.074212 0.0764325 0.0757638 0.0727301 0.0678961 0.0617826 0.0548766 0.0476437 0.0405034 0.0337766 0.0276451 0.0221581 0.0172898 0.0130123 0.00933888 0.00631627 0.00398087
 0.00868374 0.0141015 0.0212081 0.0299164 0.0398992 0.0504375 0.0603939 0.068492 0.0737853 0.0759655 0.0753044 0.0723652 0.067743 0.0619507 0.0554085 0.0484685 0.0414418 0.0346096 0.0282075 0.0223993 0.0172682 0.0128414 0.00912699 0.00613195 0.00385
 0.00867554 0.0140813 0.0211654 0.0298377 0.0397717 0.050255 0.0601609 0.0682223 0.0734966 0.0756729 0.0750194 0.0721032 0.067535 0.0618489 0.0554739 0.0487401 0.0419025 0.0351745 0.0287517 0.0228116 0.017497 0.0129039 0.00908315 0.00604702 0.00376878
 0.00865792 0.0140564 0.0211341 0.0298019 0.0397317 0.0502069 0.0600956 0.0681283 0.0733659 0.0755056 0.0748254 0.0718999 0.0673437 0.0616953 0.0553892 0.0487575 0.0420433 0.0354302 0.0290759 0.023133 0.0177498 0.0130552 0.00913962 0.00604106 0.00373656
 0.00864102 0.0140288 0.0210927 0.0297444 0.0396582 0.0501207 0.0600038 0.0680395 0.0732858 0.0754342 0.0747572 0.0718276 0.0672652 0.0616167 0.0553264 0.0487327 0.0420785 0.0355376 0.0292478 0.0233398 0.0179494 0.013211 0.00923542 0.00608268 0.00374296
 0.00866251 0.0140601 0.0211329 0.02979 0.0397033 0.0501585 0.0600273 0.0680437 0.0732682 0.0753952 0.0746993 0.071754 0.0671781 0.0615195 0.0552254 0.0486401 0.0420113 0.0355122 0.0292724 0.0234085 0.0180426 0.0133033 0.00930652 0.00612483 0.00376018
 0.0086615 0.0140636 0.0211475 0.029824 0.0397637 0.0502464 0.0601347 0.0681537 0.0733601 0.0754516 0.0747109 0.0717207 0.0671069 0.0614209 0.0551108 0.0485214 0.0419015 0.0354247 0.0292183 0.0233918 0.0180576 0.0133366 0.00934265 0.00615266 0.00377594
 0.00862356 0.0140043 0.0210631 0.0297143 0.0396338 0.0501081 0.0600069 0.0680585 0.0733159 0.0754654 0.0747749 0.0718161 0.0672114 0.0615163 0.055187 0.0485763 0.0419391 0.0354529 0.029246 0.0234257 0.0180999 0.0133837 0.00938753 0.00618887 0.00380046
 0.00862167 0.0139989 0.0210507 0.0296903 0.0395933 0.0500487 0.0599303 0.0679721 0.0732325 0.0753999 0.0747405 0.0718191 0.067249 0.061577 0.0552556 0.0486394 0.0419891 0.035489 0.0292725 0.023449 0.0181245 0.0134107 0.00941486 0.00621287 0.00381844
 0.00860681 0.0139757 0.0210175 0.0296459 0.0395371 0.0499807 0.0598515 0.0678854 0.0731431 0.0753165 0.0746736 0.0717799 0.0672457 0.0616119 0.0553231 0.0487274 0.0420835 0.0355778 0.029349 0.0235119 0.0181758 0.013453 0.00944941 0.00623989 0.0038379
 0.00861951 0.0139933 0.0210383 0.0296663 0.0395526 0.0499868 0.0598452 0.0678653 0.0731094 0.0752702 0.0746176 0.0717195 0.0671888 0.0615675 0.0552991 0.0487271 0.0421043 0.0356128 0.0293898 0.0235516 0.0182108 0.0134821 0.0094729 0.00625809 0.00385114
 0.00861951 0.0139933 0.0210383 0.0296663 0.0395526 0.0499868 0.0598452 0.0678653 0.0731094 0.0752702 0.0746176 0.0717195 0.0671888 0.0615675 0.0552991 0.0487271 0.0421043 0.0356128 0.0293898 0.0235516 0.0182108 0.0134821 0.0094729 0.00625809 0.00385114
 0.00882535 0.0143204 0.0215146 0.0303078 0.0403543 0.0509117 0.0608171 0.0687742 0.0738346 0.0757135 0.0747288 0.0715038 0.0666982 0.0608819 0.0545073 0.0479113 0.0413296 0.0349222 0.0288054 0.0230794 0.0178459 0.0132135 0.00928585 0.00613612 0.00377736
 0.00881878 0.0143339 0.0215797 0.0304687 0.0406566 0.051384 0.0614531 0.0695259 0.0746192 0.0764306 0.0752817 0.0718191 0.0667398 0.0606575 0.0540636 0.0473206 0.0406717 0.0342689 0.0282105 0.0225749 0.0174444 0.0129128 0.0090744 0.00599716 0.00369264
 0.00885456 0.0143847 0.0216441 0.0305449 0.0407484 0.0515074 0.0616377 0.0698056 0.0750138 0.0769271 0.075827 0.0723299 0.0671263 0.06085 0.0540309 0.0470756 0.0402634 0.0337667 0.0276854 0.0220855 0.0170288 0.0125877 0.00883922 0.00583977 0.00359549
 0.00907879 0.014739 0.0221562 0.0312284 0.0415938 0.0524734 0.0626462 0.070752 0.0757941 0.0774686 0.0761048 0.0723589 0.0669382 0.0604736 0.0534877 0.0463877 0.0394649 0.0329081 0.0268288 0.0212923 0.0163474 0.0120451 0.00843925 0.00556761 0.00342514
 0.00843995 0.0137514 0.0207697 0.0294433 0.0394748 0.0501608 0.0603601 0.0687696 0.0743912 0.076844 0.0763255 0.0733533 0.0685306 0.0624356 0.0555843 0.0484127 0.0412646 0.0343931 0.0279732 0.0221205 0.0169137 0.0124133 0.00866819 0.00570395 0.00350266
 0.00826816 0.0134015 0.020116 0.0283351 0.037785 0.0478593 0.0575748 0.0657936 0.0716197 0.0746708 0.0750466 0.0731106 0.0693009 0.0640547 0.0577941 0.0509172 0.0437849 0.0367081 0.0299411 0.0236811 0.0180742 0.0132254 0.00920376 0.0060367 0.00369678
 0.00878352 0.0142094 0.0212666 0.0298289 0.0395432 0.0496949 0.0591897 0.0668316 0.071781 0.0738391 0.0733545 0.0709001 0.067003 0.0620521 0.0563275 0.0500574 0.04346 0.0367622 0.0301982 0.023994 0.0183494 0.0134236 0.00932501 0.00610015 0.00372494
 0.00906661 0.0147228 0.0221339 0.0311879 0.0414997 0.0522526 0.0621868 0.0699264 0.0745098 0.0757312 0.0740622 0.0702989 0.0652285 0.0594593 0.0533823 0.0472028 0.0410096 0.0348583 0.0288334 0.0230711 0.0177439 0.0130276 0.00906321 0.00592724 0.00361408
#pred catch len freq
 0.00308697 0.00504264 0.00766792 0.0110258 0.015165 0.020065 0.025578 0.0314275 0.037269 0.0427619 0.047618 0.0516365 0.0547286 0.0569176 0.0583114 0.0590667 0.0593645 0.0593759 0.0591828 0.0586473 0.057307 0.0544394 0.0493827 0.0419951 0.0329366
 0.00335189 0.00539993 0.00807205 0.0113943 0.0154079 0.0201279 0.0254704 0.0312151 0.0370333 0.0425544 0.0474419 0.0514654 0.0545461 0.05675 0.0582293 0.0591554 0.0596748 0.0598803 0.0597605 0.0591143 0.0574853 0.0542355 0.0488313 0.0412404 0.0321623
 0.00340999 0.00554419 0.00837482 0.0119368 0.0162396 0.0212153 0.0266698 0.0323038 0.0377962 0.0428768 0.0473457 0.0510704 0.0539944 0.0561514 0.0576553 0.0586609 0.0593082 0.0596653 0.059664 0.0590354 0.0572886 0.0538173 0.0481785 0.0404402 0.0313572
 0.00355358 0.00575503 0.00865679 0.0122961 0.0167041 0.0218499 0.0275653 0.0335256 0.0393113 0.0445108 0.0488166 0.0520966 0.0544118 0.0559662 0.0570087 0.0577471 0.058303 0.0586872 0.0587612 0.0581883 0.0564328 0.0528892 0.0471652 0.0394008 0.0303969
 0.00375205 0.00607254 0.00912336 0.0129321 0.0175136 0.0228151 0.02865 0.0346908 0.0405365 0.0457945 0.0501422 0.053381 0.055487 0.0566266 0.0571024 0.0572478 0.0573134 0.0573804 0.0573042 0.0566913 0.0549424 0.0514195 0.0457408 0.0380801 0.0292604
 0.00392978 0.00636413 0.00956817 0.0135712 0.0183841 0.02394 0.0300217 0.0362601 0.0422131 0.0474654 0.051699 0.054739 0.056581 0.0573864 0.0574371 0.0570639 0.0565624 0.0560977 0.0556068 0.0547366 0.0528827 0.0493816 0.0438315 0.0363958 0.0278807
 0.00413429 0.00668919 0.0100452 0.0142288 0.0192487 0.0250335 0.0313543 0.037819 0.0439518 0.0492986 0.0535074 0.0563864 0.0579386 0.0583511 0.0579338 0.0570356 0.055967 0.0549237 0.0538987 0.0526077 0.0505029 0.0469468 0.0415323 0.0343907 0.0262739
 0.00433202 0.0070149 0.0105438 0.0149463 0.0202249 0.0262905 0.0328834 0.0395748 0.0458574 0.0512571 0.0554125 0.0581267 0.0594016 0.0594293 0.0585337 0.0570842 0.0554153 0.0537522 0.0521313 0.0503307 0.0478756 0.0441894 0.0388882 0.0320754 0.0244288
 0.00453388 0.00733976 0.0110283 0.0156272 0.0211379 0.0274653 0.0343336 0.0412838 0.0477693 0.053276 0.0574125 0.0599712 0.0609624 0.0605994 0.0592276 0.0572337 0.0549668 0.0526728 0.0504259 0.0480655 0.0451964 0.0413193 0.0360933 0.0296049 0.0224533
 0.00474639 0.00768801 0.0115582 0.016385 0.0221636 0.0287816 0.0359324 0.0431199 0.0497637 0.0553266 0.0594053 0.0617883 0.0624892 0.0617328 0.0598824 0.0573439 0.0544833 0.0515651 0.0486934 0.045762 0.0424547 0.0383574 0.0331849 0.0270169 0.0203752
 0.00505476 0.00817327 0.0122602 0.0173342 0.0233815 0.0302778 0.0376965 0.0451091 0.0518965 0.0574862 0.0614542 0.0635889 0.0639236 0.0627133 0.0603502 0.05726 0.0538194 0.0503023 0.046835 0.0433573 0.0396271 0.0353151 0.0301974 0.0243536 0.0182324
 0.00530357 0.00858943 0.012908 0.0182807 0.0246825 0.0319559 0.0397197 0.0473843 0.0542837 0.0598262 0.0635939 0.065396 0.0652931 0.0635704 0.0606505 0.0569834 0.0529615 0.0488685 0.0448457 0.0408686 0.0367577 0.0322617 0.0272151 0.0217009 0.0160991
 0.00550609 0.00891973 0.0134097 0.0190018 0.0256743 0.0332658 0.0413753 0.0493718 0.0565291 0.0621908 0.0658901 0.0674227 0.0668774 0.0645955 0.0610607 0.0567702 0.052143 0.047475 0.04292 0.0384808 0.0340287 0.0293765 0.0244086 0.0192095 0.0140968
 0.00571667 0.00925858 0.0139141 0.0197068 0.0266099 0.0344515 0.0428116 0.0510342 0.0583661 0.0641246 0.0678161 0.0692117 0.0683847 0.0656821 0.0616175 0.0567349 0.0515017 0.0462527 0.0411712 0.0362911 0.0315257 0.0267385 0.0218516 0.0169457 0.0122806
 0.00595078 0.00963038 0.014458 0.0204507 0.027573 0.035639 0.044207 0.0525933 0.0600185 0.0657826 0.0693872 0.070607 0.0695231 0.0664889 0.0620243 0.0566832 0.0509521 0.0451953 0.0396336 0.0343448 0.0292914 0.024384 0.0195745 0.0149355 0.0106718
