SBPRF35
12.7214
Curr Bio
691260
B35
886544
F35
0.17204
FOFL
0.130265
OFL
73217.2
Bzero
3.63469e+006
#pred survey bio
 3.49368e+006 3.40094e+006 3.31662e+006 3.17034e+006 2.98441e+006 2.7864e+006 2.5368e+006 2.3089e+006 2.07727e+006 1.84688e+006 1.64628e+006 1.4522e+006 1.29006e+006 1.15921e+006 1.02975e+006 893844 807962 723797 682945 643446 612535 592123 577701 557263 557459 556270 552851 544987 544755 545985 557925 558889 562145 571454 585917 582008 593278 600273 619277 633339 637373 643623 647864 653570 663265 681242 694911 695078 700024 696248 2.40323e+007 1.4669e+007 1.52253e+007 1.64032e+007 1.79913e+007 1.97198e+007 2.13855e+007 2.28708e+007 2.41274e+007 2.51524e+007 2.5967e+007 2.66028e+007 2.7093e+007 2.74678e+007 2.77532e+007 2.797e+007 2.81347e+007 2.82601e+007 2.83558e+007 2.84292e+007 2.84857e+007 2.85293e+007 2.85633e+007 2.85898e+007 2.86106e+007 2.8627e+007 2.864e+007 2.86503e+007 2.86585e+007 2.8665e+007 2.86703e+007 2.86745e+007 2.86779e+007 2.86807e+007 2.86829e+007 2.86847e+007 2.86862e+007 2.86874e+007 2.86884e+007 2.86892e+007 2.86898e+007 2.86904e+007 2.86908e+007 2.86911e+007 2.86914e+007 2.86917e+007 2.86919e+007 2.8692e+007 2.86922e+007 2.86923e+007 2.86923e+007 2.86924e+007 2.86925e+007 2.86925e+007 2.86926e+007 2.86926e+007 2.86926e+007 2.86926e+007 2.86927e+007 2.86927e+007 2.86927e+007 2.86927e+007 2.86927e+007 2.86927e+007 2.86927e+007 2.86927e+007 2.86927e+007 2.86927e+007 2.86927e+007 2.86927e+007 2.86927e+007 2.86927e+007 2.86927e+007 2.86927e+007 2.86927e+007 2.86927e+007 2.86927e+007 2.86927e+007 2.86927e+007 2.86927e+007 2.86927e+007 2.86927e+007 2.86927e+007 2.86927e+007 2.86927e+007 2.86927e+007 2.86927e+007 2.86927e+007 2.86927e+007 2.86927e+007 2.86927e+007 2.86927e+007 2.86927e+007 2.86927e+007 2.86927e+007 2.86927e+007 2.86927e+007 2.86927e+007 2.86927e+007 2.86927e+007 0 0 0 0 0 0 0 0 0 0 0 0 0 0 0 0 0 0 0 0 0 0 0 0 0
#obs survey bio
 3.577e+006 3.46675e+006 2.94572e+006 3.44658e+006 2.63641e+006 3.26096e+006 2.97672e+006 2.91378e+006 1.37851e+006 1.51908e+006 1.13676e+006 1.41971e+006 1.32072e+006 1.23993e+006 774644 943525 766868 585468 626827 498388 641848 823402 561170 516176 461152 645884 418016 552436 409447 471108 613157 374057 518271 442269 589893 590760 591566 514653 809485 528348 754279 554409 761863 506730 650333 579960 772385 980700 726452 642440
#pred catch bio
 89726.2 86473.7 150386 196907 220717 282426 278058 296606 309278 294266 297779 275706 251876 251318 253378 204937 198342 156680 152326 141353 129034 121074 123425 104345 105016 105806 108036 100502 99034.7 90431.5 100238 98385 93694 90094.8 105676 92551.5 96707.2 87504.1 93298.9 102799 101739 104800 105091 103307 98070.5 103216 114527 109269 114732 115401 73217.2 96450.1 98899.5 105157 114865 125829 136403 145721 153460 159625 164386 167977 170636 172578 173981 174984 175697 176201 176555 176804 176977 177098 177182 177240 177281 177309 177328 177341 177350 177357 177361 177364 177366 177368 177369 177369 177370 177370 177370 177371 177371 177371 177371 177371 177371 177371 177371 177371 177371 177371 177371 177371 177371 177371 177371 177371 177371 177371 177371 177371 177371 177371 177371 177371 177371 177371 177371 177371 177371 177371 177371 177371 177371 177371 177371 177371 177371 177371 177371 177371 177371 177371 177371 177371 177371 177371 177371 177371 177371 177371 177371 177371 177371 177371 177371 177371 177371 177371 177371 177371 0 0 0 0 0 0 0 0 0 0 0 0 0 0 0 0 0 0 0 0 0 0 0 0 0
#obs catch bio
 0 86128 150810 197338 220955 283629 277677 296547 310446 295178 299968 278609 254043 254179 256959 205799 199386 156893 153089 142519 129821 121051 123618 104493 105536 105685 108083 100228 99341.8 90290.1 100129 98567.5 94019 90134.8 105587 92609.1 96948.9 87509 92979.5 102929 101508 104873 105454 104066 98583.2 103676 115252 108927 114775 115416
#pred cpue bio
 3.43705e+006 3.34572e+006 3.26249e+006 3.11668e+006 2.93123e+006 2.73373e+006 2.48527e+006 2.25821e+006 2.02759e+006 1.79846e+006 1.59897e+006 1.40632e+006 1.2456e+006 1.1162e+006 988808 855725 771817 689937 650253 612030 582257 562839 549235 529608 529840 528867 525838 518435 518283 519492 531138 532125 535252 544370 558603 554949 565974 572856 591344 604975 608795 614679 618488 623731 633014 650506 663950 664454 669647 666578 2.3045e+007 1.40904e+007 1.44964e+007 1.54728e+007 1.69759e+007 1.86806e+007 2.03407e+007 2.18248e+007 2.30812e+007 2.41061e+007 2.49207e+007 2.55565e+007 2.60467e+007 2.64215e+007 2.67069e+007 2.69237e+007 2.70884e+007 2.72138e+007 2.73095e+007 2.73829e+007 2.74394e+007 2.7483e+007 2.7517e+007 2.75435e+007 2.75643e+007 2.75807e+007 2.75937e+007 2.7604e+007 2.76122e+007 2.76187e+007 2.7624e+007 2.76282e+007 2.76316e+007 2.76344e+007 2.76366e+007 2.76384e+007 2.76399e+007 2.76411e+007 2.76421e+007 2.76429e+007 2.76435e+007 2.76441e+007 2.76445e+007 2.76449e+007 2.76451e+007 2.76454e+007 2.76456e+007 2.76457e+007 2.76459e+007 2.7646e+007 2.7646e+007 2.76461e+007 2.76462e+007 2.76462e+007 2.76463e+007 2.76463e+007 2.76463e+007 2.76463e+007 2.76464e+007 2.76464e+007 2.76464e+007 2.76464e+007 2.76464e+007 2.76464e+007 2.76464e+007 2.76464e+007 2.76464e+007 2.76464e+007 2.76464e+007 2.76464e+007 2.76464e+007 2.76464e+007 2.76464e+007 2.76464e+007 2.76464e+007 2.76464e+007 2.76464e+007 2.76464e+007 2.76464e+007 2.76464e+007 2.76464e+007 2.76464e+007 2.76464e+007 2.76464e+007 2.76464e+007 2.76464e+007 2.76464e+007 2.76464e+007 2.76464e+007 2.76464e+007 2.76464e+007 2.76464e+007 2.76464e+007 2.76464e+007 2.76464e+007 2.76464e+007 2.76464e+007 2.76464e+007 2.76464e+007 2.76464e+007 0 0 0 0 0 0 0 0 0 0 0 0 0 0 0 0 0 0 0 0 0 0 0 0 0
#obs cpue bio
 4.32313e+006 2.45297e+006 3.72621e+006 2.76679e+006 2.75899e+006 2.45518e+006 3.1077e+006 1.69325e+006 2.16715e+006 2.02431e+006 1.76328e+006 1.00189e+006 1.15384e+006 840453 1.14199e+006 983374 844246 818442 604864 583155 547638 551623 567079 465291 521188 675903 660624 601591 485061 717984 562209 605420 479461 762958 819240 374657 580821 653266 683389 533530 634868 580754 405350 537567 622070 794098 566614 862424 535787 746377
#pred surv len freq
 0.00468085 0.00762034 0.0115078 0.0163383 0.0220049 0.0282185 0.0344811 0.0402073 0.0449432 0.0485138 0.0510013 0.0526185 0.0535941 0.0541183 0.0543301 0.054323 0.0541607 0.0538778 0.0534379 0.0526445 0.0510691 0.0481132 0.0432727 0.0365017 0.0284209
 0.00486771 0.00784546 0.0117057 0.0164112 0.0218635 0.0278387 0.0339389 0.0396606 0.0445612 0.0483955 0.0511353 0.0529058 0.0539134 0.0543911 0.0545503 0.0545432 0.0544465 0.0542552 0.0538608 0.0530014 0.0512305 0.0479972 0.0428899 0.0359509 0.0278401
 0.00500244 0.00808048 0.0120826 0.0169621 0.0225843 0.0286598 0.0347192 0.0402261 0.0447826 0.048259 0.0507521 0.0524476 0.0535202 0.054116 0.0543718 0.0544176 0.0543507 0.0541893 0.0538173 0.0529368 0.0510705 0.0476765 0.0423978 0.0353478 0.0272293
 0.00516312 0.0083391 0.0124688 0.0175059 0.0233143 0.0295949 0.0358499 0.0414909 0.0460547 0.0493617 0.0515101 0.0527557 0.0533866 0.0536488 0.0537176 0.053697 0.0536296 0.0534875 0.053128 0.0522376 0.0503296 0.0468701 0.0415349 0.0344818 0.0264419
 0.00535266 0.00864482 0.0129246 0.0181422 0.0241537 0.0306447 0.0370944 0.0428868 0.047531 0.0508208 0.0528277 0.0537887 0.0540005 0.0537614 0.0533325 0.0529024 0.0525578 0.0522641 0.0518387 0.0509242 0.0490083 0.0455568 0.0402659 0.0333191 0.0254561
 0.0055414 0.00895076 0.0133836 0.0187882 0.0250131 0.0317281 0.0383869 0.0443431 0.0490805 0.0523773 0.0542976 0.0550718 0.0549888 0.054346 0.053426 0.0524685 0.0516307 0.0509398 0.0502436 0.0491803 0.0472164 0.0438015 0.0386287 0.0318815 0.0242859
 0.00582574 0.00940234 0.0140437 0.0196888 0.0261728 0.0331448 0.0400286 0.0461435 0.0509451 0.0541986 0.0559697 0.0564984 0.0560838 0.0550301 0.0536263 0.0521269 0.0507225 0.049493 0.0483454 0.0469663 0.0448486 0.0414477 0.0364471 0.0300035 0.0227967
 0.0060933 0.00983345 0.0146853 0.0205821 0.0273456 0.0346001 0.0417325 0.0480215 0.0528925 0.0560999 0.0577166 0.0579977 0.0572569 0.0558085 0.0539475 0.0519339 0.0499717 0.048171 0.04649 0.0446801 0.0422969 0.0388375 0.0339925 0.0278853 0.0211274
 0.00637297 0.0102853 0.0153603 0.0215263 0.0285927 0.0361584 0.0435707 0.0500619 0.0550196 0.05818 0.0596194 0.059611 0.0584929 0.0566032 0.054254 0.0517146 0.0491953 0.0468205 0.0445824 0.0422914 0.0395776 0.0360045 0.0312921 0.0255379 0.019275
 0.00669988 0.0108065 0.0161261 0.0225776 0.0299553 0.0378334 0.0455219 0.0522102 0.057249 0.0603557 0.0616064 0.0612886 0.0597631 0.0573941 0.0545186 0.0514246 0.0483344 0.0453838 0.0425893 0.0398091 0.0367442 0.0330325 0.0284374 0.023041 0.0172973
 0.00698717 0.0112717 0.0168227 0.0235541 0.0312458 0.0394438 0.0474151 0.0543015 0.0594179 0.0624685 0.0635367 0.0629275 0.0610213 0.0582014 0.0548225 0.0511895 0.0475393 0.0440237 0.0406839 0.0374219 0.0340041 0.0301401 0.025641 0.0205802 0.0153387
 0.00725957 0.0117173 0.0174986 0.0245156 0.0325357 0.0410758 0.0493559 0.0564628 0.0616674 0.0646537 0.0655101 0.0645653 0.0622315 0.0589239 0.0550235 0.050853 0.0466603 0.0426077 0.0387559 0.0350451 0.0313008 0.0272997 0.022899 0.0181664 0.0134153
 0.00749061 0.01209 0.018055 0.0252949 0.0335701 0.0423817 0.0509221 0.058242 0.0635759 0.0665804 0.0673299 0.0661533 0.0634768 0.0597408 0.0553561 0.050673 0.0459605 0.0413972 0.0370637 0.0329334 0.028883 0.0247482 0.0204271 0.0159835 0.0116708
 0.00762348 0.0123159 0.0184132 0.025829 0.0343194 0.043368 0.0521368 0.0596422 0.0650917 0.0681288 0.0688255 0.0675117 0.0646152 0.0605795 0.0558249 0.0507177 0.0455475 0.0405167 0.0357335 0.0312079 0.0268644 0.0225901 0.0183189 0.0141107 0.0101675
 0.00773972 0.0125169 0.0187385 0.0263238 0.0350264 0.0443129 0.0533131 0.0610037 0.0665579 0.0695997 0.0701995 0.0686993 0.065547 0.0612069 0.0561145 0.0506454 0.0450958 0.0396775 0.0345178 0.0296581 0.0250669 0.0206781 0.016457 0.0124599 0.0088438
 0.00798385 0.0129032 0.0193005 0.0270868 0.0360043 0.0455028 0.0546872 0.0625032 0.0680953 0.0710696 0.0714937 0.0697232 0.0662318 0.0615165 0.0560441 0.0502115 0.044324 0.0385949 0.0331546 0.0280597 0.0233076 0.0188684 0.0147327 0.0109533 0.00764738
 0.00808125 0.0130597 0.0195331 0.0274111 0.0364333 0.0460447 0.055342 0.0632604 0.0689343 0.0719603 0.0723958 0.0705842 0.066988 0.0620998 0.0563931 0.050282 0.0440945 0.0380656 0.0323452 0.0270103 0.0220843 0.017565 0.0134625 0.00982646 0.00674322
 0.00831749 0.0134219 0.0200372 0.0280569 0.0372053 0.0469134 0.0562654 0.0641856 0.0698038 0.0727228 0.0730153 0.0710421 0.0672783 0.0622199 0.0563373 0.0500396 0.0436538 0.0374213 0.0315055 0.0260036 0.0209628 0.016405 0.0123547 0.00885759 0.00597349
 0.00835661 0.0134844 0.0201293 0.0281837 0.0373696 0.0471156 0.0565023 0.0644519 0.0700948 0.0730366 0.073352 0.0713996 0.0676466 0.0625777 0.0566515 0.0502693 0.0437562 0.0373594 0.0312579 0.0255722 0.0203786 0.0157265 0.0116581 0.00821925 0.00545043
 0.00838978 0.0135431 0.0202261 0.0283325 0.037582 0.0473941 0.0568361 0.064816 0.0704561 0.0733639 0.0736245 0.0716108 0.0678018 0.0626874 0.0567228 0.0502988 0.043728 0.0372493 0.031042 0.025239 0.0199383 0.0152142 0.0111279 0.00772934 0.00504632
 0.00837665 0.0135249 0.0202053 0.0283149 0.0375771 0.0474152 0.0568977 0.0649305 0.0706283 0.0735862 0.0738774 0.0718677 0.0680378 0.0628856 0.0568761 0.0504053 0.0437841 0.0372454 0.0309637 0.0250746 0.0196882 0.0148975 0.010781 0.00739574 0.00476322
 0.00840988 0.0135605 0.0202253 0.0282928 0.0374868 0.0472448 0.0566606 0.0646661 0.0703915 0.0734301 0.0738376 0.0719539 0.0682341 0.0631581 0.0571834 0.0507085 0.0440521 0.0374548 0.0310972 0.0251208 0.0196453 0.0147776 0.0106099 0.00720785 0.00459057
 0.00847236 0.0136503 0.0203374 0.0284123 0.0375892 0.0472996 0.0566374 0.064544 0.07017 0.0731373 0.0735277 0.0716926 0.068077 0.0631325 0.0572831 0.0509002 0.0442894 0.0376912 0.0312949 0.0252543 0.0197035 0.0147638 0.0105413 0.00710968 0.00448894
 0.00861334 0.0138677 0.0206419 0.0288033 0.0380526 0.0478048 0.0571357 0.0649718 0.0704602 0.0732373 0.0734175 0.0713938 0.0676482 0.062653 0.056829 0.0505248 0.0440128 0.037504 0.0311692 0.0251583 0.0196118 0.0146636 0.0104322 0.00700086 0.00439215
 0.00851716 0.0137279 0.0204626 0.0285999 0.0378484 0.0476252 0.0570025 0.064899 0.0704513 0.0732839 0.0735001 0.0714871 0.0677309 0.0627166 0.0568815 0.0505851 0.0440994 0.0376235 0.0313122 0.0253032 0.0197347 0.014748 0.0104742 0.00700783 0.0043778
 0.00844261 0.0136086 0.0202875 0.0283626 0.0375515 0.0472855 0.0566538 0.0645882 0.0702266 0.0731788 0.0735225 0.0716188 0.0679361 0.0629553 0.0571214 0.0508091 0.0443051 0.0378166 0.031497 0.0254767 0.0198869 0.0148675 0.0105548 0.00705198 0.00439462
 0.00843791 0.0135935 0.0202509 0.0282893 0.0374256 0.0470967 0.0564036 0.0642943 0.0699215 0.0729047 0.0733215 0.0715217 0.0679535 0.0630749 0.0573137 0.0510386 0.0445417 0.0380415 0.0317019 0.0256583 0.0200419 0.0149917 0.0106453 0.00710987 0.00442585
 0.00852824 0.0137261 0.0204233 0.0284882 0.0376283 0.0472746 0.0565268 0.0643359 0.0698644 0.0727481 0.0730851 0.0712433 0.0676791 0.062846 0.0571559 0.050957 0.0445247 0.0380691 0.0317543 0.0257204 0.0201038 0.0150465 0.0106885 0.00713949 0.00444289
 0.00854267 0.0137505 0.0204612 0.0285423 0.0376982 0.0473538 0.0566013 0.0643857 0.0698688 0.0726931 0.0729687 0.0710782 0.06749 0.0626641 0.0570114 0.0508712 0.0445045 0.0381068 0.0318323 0.025818 0.0202027 0.015134 0.0107578 0.00718878 0.00447416
 0.00853709 0.0137419 0.0204494 0.0285279 0.0376831 0.0473414 0.0565957 0.0643897 0.069881 0.0727062 0.0729707 0.0710568 0.067439 0.0625878 0.0569247 0.0507948 0.0444578 0.0381009 0.0318667 0.0258824 0.0202815 0.0152122 0.0108246 0.00723903 0.00450772
 0.00849003 0.01366 0.0203168 0.0283281 0.037405 0.0469876 0.0561895 0.0639748 0.0695123 0.0724341 0.0728279 0.0710507 0.0675536 0.0627918 0.0571825 0.0510767 0.0447444 0.0383823 0.0321373 0.0261358 0.0205092 0.0154049 0.0109761 0.00734857 0.00457992
 0.00851254 0.0136994 0.0203801 0.0284208 0.0375261 0.0471241 0.0563143 0.0640522 0.0695112 0.0723428 0.0726606 0.0708425 0.0673462 0.0626183 0.05706 0.0510067 0.0447192 0.038392 0.0321733 0.0261908 0.0205756 0.0154742 0.0110397 0.00740025 0.00461717
 0.00844627 0.0136053 0.0202643 0.0282983 0.037418 0.0470512 0.0562904 0.0640792 0.069577 0.0724234 0.0727274 0.0708732 0.0673345 0.0625762 0.0570104 0.0509725 0.0447146 0.0384196 0.0322276 0.0262625 0.0206549 0.015552 0.0111087 0.0074555 0.00465701
 0.00838927 0.0135054 0.0201017 0.0280536 0.0370805 0.0466308 0.0558254 0.063633 0.0692205 0.0722111 0.0726802 0.0709752 0.0675445 0.0628457 0.0573 0.051259 0.0449891 0.0386808 0.0324744 0.0264909 0.0208583 0.015724 0.0112452 0.00755617 0.00472536
 0.0082994 0.0133647 0.0198995 0.0277822 0.0367352 0.0462107 0.055338 0.0631006 0.0686853 0.0717337 0.0723284 0.0708052 0.0675824 0.0630785 0.0576819 0.0517289 0.0454895 0.039169 0.032924 0.0268877 0.0211948 0.0159965 0.0114539 0.00770567 0.00482449
 0.00834253 0.0134331 0.0199987 0.0279146 0.0368972 0.0463898 0.0555097 0.0632298 0.0687334 0.0716708 0.0721468 0.0705271 0.0672566 0.062766 0.0574356 0.0515778 0.0454344 0.0391906 0.0329954 0.0269839 0.0212972 0.0160927 0.0115361 0.00776993 0.00487022
 0.00830181 0.0133624 0.0198846 0.0277439 0.0366622 0.0460956 0.055179 0.0629002 0.068446 0.0714559 0.0720146 0.0704697 0.0672586 0.0628166 0.0575341 0.0517302 0.0456444 0.0394509 0.0332864 0.0272792 0.0215713 0.0163268 0.0117208 0.00790446 0.00496039
 0.00833526 0.0134084 0.0199377 0.0277922 0.0366887 0.0460815 0.0551086 0.062766 0.0682534 0.0712251 0.0717765 0.0702567 0.0670944 0.0627113 0.0574876 0.0517385 0.0457046 0.03956 0.0334374 0.0274578 0.0217575 0.0165006 0.011867 0.00801578 0.00503722
 0.00830495 0.0133563 0.019854 0.0276661 0.0365109 0.0458477 0.0548235 0.0624444 0.0679187 0.0709053 0.0715009 0.0700528 0.0669843 0.0627072 0.0575881 0.0519297 0.0459641 0.0398634 0.0337616 0.0277816 0.0220612 0.0167666 0.0120829 0.00817685 0.00514695
 0.00826635 0.0133028 0.0197902 0.0276007 0.0364524 0.0457986 0.0547765 0.0623841 0.0678282 0.0707752 0.0713345 0.0698667 0.0668044 0.0625622 0.0575029 0.0519194 0.0460317 0.0399995 0.0339481 0.0279961 0.0222808 0.0169708 0.0122561 0.00831075 0.00524087
 0.00833218 0.0133989 0.0199151 0.0277467 0.0366089 0.0459566 0.0549296 0.0625266 0.0679492 0.0708556 0.0713503 0.0697982 0.0666463 0.06233 0.0572297 0.051647 0.0457982 0.0398308 0.0338537 0.0279703 0.0223071 0.0170283 0.0123246 0.00837472 0.00529156
 0.00840238 0.0135059 0.0200622 0.0279312 0.0368212 0.0461809 0.0551453 0.0627114 0.0680845 0.0709308 0.0713632 0.0697509 0.0665407 0.0621676 0.0570172 0.0514006 0.0455444 0.0396 0.0336708 0.0278483 0.0222449 0.0170135 0.0123396 0.00840258 0.0053199
 0.00841011 0.0135302 0.0201202 0.0280445 0.0370095 0.0464507 0.0554818 0.0630776 0.0684306 0.0712088 0.0715393 0.069811 0.0664885 0.0620183 0.0567912 0.0511208 0.0452357 0.0392899 0.0333872 0.0276138 0.0220718 0.0169014 0.012278 0.00837602 0.00531321
 0.00837156 0.0134744 0.0200498 0.0279689 0.0369453 0.0464206 0.055511 0.0631866 0.0686259 0.0714749 0.0718385 0.0700931 0.0667066 0.0621419 0.0568112 0.051047 0.0450901 0.0391004 0.0331834 0.0274226 0.0219133 0.0167856 0.0122045 0.00833645 0.0052962
 0.00831963 0.0133914 0.019928 0.0278036 0.0367377 0.0461815 0.0552643 0.0629685 0.0684787 0.071435 0.0719243 0.0702969 0.0669945 0.0624629 0.0571119 0.0512862 0.0452474 0.0391768 0.0331954 0.0273945 0.0218692 0.0167441 0.0121752 0.0083211 0.00529145
 0.00820088 0.0132082 0.0196709 0.0274708 0.0363354 0.0457248 0.0547785 0.0624908 0.0680561 0.0711186 0.0717596 0.0703136 0.0671977 0.0628282 0.0575889 0.0518095 0.0457531 0.039617 0.0335459 0.0276536 0.0220503 0.0168665 0.0122571 0.00837602 0.00532794
 0.00800996 0.0129255 0.0192967 0.0270234 0.0358456 0.0452268 0.0543031 0.0620636 0.0676988 0.0708509 0.0716002 0.07028 0.0673033 0.0630775 0.0579705 0.0522919 0.0462879 0.040149 0.034027 0.0280527 0.0223572 0.0170876 0.0124079 0.00847412 0.00538891
 0.00798645 0.0128734 0.0191941 0.0268444 0.035571 0.0448577 0.0538701 0.0616223 0.0673109 0.0705616 0.0714261 0.0702139 0.0673293 0.0631843 0.0581545 0.0525511 0.0466117 0.0405134 0.0343972 0.0283933 0.0226421 0.0173054 0.0125612 0.00857429 0.00544999
 0.00774591 0.0125277 0.0187566 0.0263533 0.0350742 0.044392 0.0534479 0.0612376 0.0669583 0.0702543 0.0711984 0.0701065 0.0673692 0.0633736 0.0584734 0.0529689 0.047096 0.041032 0.034917 0.0288805 0.0230665 0.0176474 0.0128153 0.00874803 0.00555923
 0.00733978 0.0119209 0.0179448 0.025373 0.0339989 0.0433198 0.0524871 0.060488 0.0664891 0.0700843 0.0712952 0.0704073 0.0678114 0.0639143 0.0590892 0.053644 0.0478112 0.0417608 0.0356273 0.0295386 0.0236422 0.0181188 0.0131738 0.00899942 0.00572095
#obs surv len freq
 nan nan nan nan nan nan nan nan nan nan nan nan nan nan nan nan nan nan nan nan nan nan nan nan nan
 0.00448756 0.00735011 0.011181 0.0159977 0.0216978 0.0279721 0.0342845 0.0400142 0.0446925 0.0481555 0.0505129 0.0520084 0.0529005 0.0534128 0.0537271 0.0539819 0.0542605 0.0545532 0.054692 0.0542839 0.052722 0.0493543 0.0438043 0.0362846 0.0276686
 0.00461736 0.00756389 0.0115075 0.0164641 0.0223231 0.0287563 0.0351987 0.0409978 0.0456624 0.0490232 0.0512013 0.0524634 0.0530952 0.0533475 0.0534245 0.0534795 0.0536016 0.0537805 0.0538442 0.053398 0.0518368 0.0485129 0.0430515 0.0356585 0.0271901
 0.00477309 0.00781998 0.0118984 0.0170241 0.0230798 0.0297197 0.0363498 0.0422824 0.0469961 0.0503036 0.052324 0.0533352 0.0536454 0.0535352 0.0532421 0.05295 0.0527712 0.0527094 0.0525991 0.0520492 0.0504594 0.0471872 0.0418573 0.0346615 0.0264267
 0.00496814 0.00813687 0.0123752 0.0176963 0.0239746 0.0308458 0.0376866 0.043775 0.0485605 0.0518401 0.0537294 0.0545108 0.054503 0.0540035 0.0532744 0.0525309 0.051919 0.0514739 0.0510568 0.0502983 0.0486158 0.0453784 0.0402088 0.0332761 0.0253619
 0.00519188 0.00850213 0.0129276 0.0184792 0.02502 0.0321618 0.0392435 0.0455018 0.0503555 0.0535906 0.0553286 0.0558657 0.0555335 0.0546404 0.0534599 0.0522242 0.0511045 0.0501702 0.0493237 0.0482394 0.0463752 0.0431287 0.038127 0.0315092 0.0239959
 0.00541295 0.00886801 0.0134903 0.0192912 0.0261242 0.0335745 0.040938 0.0474022 0.0523479 0.0555454 0.0571219 0.0573918 0.0567081 0.0553977 0.0537475 0.0520004 0.0503409 0.0488621 0.047506 0.0460016 0.0438682 0.0405538 0.0357036 0.0294279 0.0223737
 0.00564565 0.0092474 0.0140638 0.0201049 0.0272157 0.0349607 0.0426012 0.0492824 0.0543483 0.0575471 0.0590012 0.0590328 0.0580111 0.0562827 0.054154 0.0518827 0.0496669 0.0476176 0.0457097 0.0437265 0.0412579 0.0378181 0.0330866 0.0271519 0.0205831
 0.00587929 0.00962996 0.0146446 0.0209315 0.028325 0.0363647 0.0442727 0.0511512 0.0563123 0.0594924 0.0608191 0.0606271 0.0592974 0.0571867 0.0546109 0.0518379 0.0490774 0.0464581 0.0439861 0.0414975 0.0386547 0.0350473 0.0304 0.0247888 0.0187071
 0.00612558 0.0100347 0.0152616 0.0218134 0.0295122 0.0378691 0.0460605 0.053138 0.0583758 0.061498 0.0626434 0.0621714 0.0604892 0.0579741 0.054954 0.0517014 0.0484279 0.0452695 0.0422559 0.0392713 0.0360501 0.0322605 0.0276801 0.02238 0.0167824
 0.00638481 0.0104574 0.0159001 0.0227174 0.0307193 0.0393897 0.0478623 0.0551394 0.060456 0.063519 0.0644733 0.0636997 0.061634 0.0586829 0.0551973 0.0514632 0.0476962 0.0440349 0.0405224 0.0370797 0.0335049 0.0295412 0.0250211 0.0200171 0.0148867
 0.00662251 0.0108481 0.0164961 0.0235696 0.031867 0.0408444 0.0495914 0.0570609 0.0624512 0.0654553 0.0662257 0.0651634 0.0627287 0.0593526 0.0554086 0.0512004 0.0469551 0.0428189 0.0388474 0.0349911 0.0311003 0.0269833 0.022523 0.0177948 0.0131
 0.00683035 0.0111922 0.0170254 0.0243335 0.032906 0.0421739 0.0511856 0.0588469 0.0643184 0.067277 0.0678798 0.0665461 0.0637607 0.0599797 0.0555991 0.0509403 0.0462429 0.0416635 0.0372718 0.0330452 0.0288784 0.0246341 0.0202369 0.0157646 0.0114679
 0.00704784 0.0115474 0.0175631 0.0250964 0.0339263 0.0434604 0.0527096 0.0605373 0.0660704 0.0689712 0.0694017 0.0677987 0.0646707 0.0604988 0.0557021 0.05062 0.0455051 0.0405241 0.0357598 0.0312134 0.0268171 0.0224789 0.0181566 0.0139273 0.00999588
 0.00728007 0.011927 0.0181377 0.0259103 0.03501 0.0448153 0.0542934 0.0622604 0.0678107 0.0705992 0.0708039 0.0688899 0.0653957 0.0608289 0.0556297 0.0501529 0.0446615 0.0393297 0.034251 0.0294455 0.024876 0.0204863 0.0162597 0.0122687 0.00867668
 0.00744958 0.0122082 0.0185714 0.0265379 0.0358652 0.0459106 0.0556057 0.0637255 0.0693312 0.0720625 0.072101 0.0699295 0.066112 0.0611839 0.0556106 0.049767 0.043929 0.0382804 0.0329247 0.0278981 0.0231879 0.0187655 0.0146322 0.0108539 0.00755651
 0.00754535 0.0123655 0.0188117 0.026884 0.0363392 0.0465289 0.0563727 0.064628 0.0703357 0.0731163 0.0731365 0.0708705 0.0668825 0.0617178 0.05586 0.0497056 0.0435525 0.0376033 0.0319793 0.0267358 0.0218825 0.0174133 0.0133424 0.00972773 0.00666313
 0.00758447 0.0124259 0.0188971 0.0269978 0.0364861 0.0467172 0.0566159 0.064943 0.0707387 0.0736162 0.0737276 0.0715268 0.067556 0.0623433 0.0563644 0.0500216 0.0436294 0.0374153 0.0315287 0.0260543 0.0210302 0.0164743 0.0124129 0.00889755 0.00599516
 0.00767823 0.0125645 0.0190802 0.0272157 0.0367226 0.0469548 0.0568405 0.0651472 0.0709245 0.073796 0.0739214 0.0717551 0.0678293 0.062652 0.0566759 0.0502838 0.0437825 0.0374064 0.0313262 0.0256571 0.0204712 0.015816 0.0117345 0.00827654 0.00548775
 0.00771109 0.0126214 0.0191713 0.0273507 0.0369061 0.0471803 0.057087 0.0653831 0.0711182 0.0739297 0.0739988 0.0718 0.0678743 0.062725 0.0567872 0.0504196 0.0439066 0.0374698 0.031282 0.0254773 0.0201578 0.0154029 0.0112786 0.00784035 0.00512088
 0.00777182 0.0127099 0.0192861 0.027485 0.037051 0.0473297 0.0572391 0.065538 0.0712722 0.0740715 0.0741121 0.0718709 0.067901 0.0627199 0.0567715 0.0504113 0.0439085 0.0374655 0.0312413 0.0253695 0.0199675 0.0151389 0.010973 0.00753659 0.00485798
 0.0078217 0.0127874 0.0193955 0.0276263 0.037219 0.0475124 0.0574188 0.0656945 0.0713897 0.074144 0.0741442 0.0718728 0.0678815 0.0626849 0.0567255 0.0503601 0.0438578 0.0374149 0.0311811 0.025283 0.0198397 0.0149673 0.0107715 0.00733102 0.00467535
 0.00784806 0.0128258 0.0194452 0.027684 0.0372801 0.047573 0.0574765 0.065748 0.0714372 0.0741832 0.0741728 0.0718903 0.0678905 0.0626892 0.0567284 0.0503627 0.0438591 0.0374118 0.0311676 0.0252504 0.0197794 0.0148761 0.0106557 0.00720589 0.00455907
 0.00786576 0.0128524 0.0194808 0.0277271 0.0373272 0.0476191 0.057516 0.065776 0.0714514 0.0741845 0.0741658 0.0718809 0.0678835 0.0626871 0.0567317 0.0503705 0.0438692 0.0374207 0.0311702 0.0252403 0.0197508 0.0148263 0.010588 0.00712928 0.00448529
 0.00791601 0.0129284 0.0195845 0.027856 0.0374745 0.0477746 0.0576663 0.065906 0.0715463 0.0742336 0.0741653 0.0718349 0.0678027 0.0625855 0.0566228 0.0502649 0.0437733 0.0373367 0.0310967 0.0251735 0.019686 0.0147603 0.0105205 0.00706369 0.00442702
 0.00788851 0.0128908 0.019541 0.0278147 0.0374451 0.0477644 0.0576776 0.0659353 0.071587 0.0742785 0.0742086 0.0718729 0.0678332 0.0626078 0.0566377 0.0502744 0.0437795 0.0373411 0.0310991 0.025172 0.0196781 0.014744 0.0104964 0.00703466 0.00439766
 0.00787668 0.0128616 0.0194796 0.0277036 0.0372711 0.047529 0.0574034 0.0656638 0.0713652 0.0741429 0.074174 0.071932 0.0679642 0.0627839 0.0568342 0.0504718 0.0439648 0.0375063 0.0312397 0.0252857 0.0197639 0.0148027 0.0105306 0.00704962 0.00439984
 0.00790486 0.0129007 0.0195252 0.0277453 0.0372934 0.0475129 0.0573316 0.065527 0.0711694 0.0739127 0.073949 0.0717548 0.0678653 0.062773 0.0569002 0.0505912 0.0441112 0.0376573 0.0313796 0.0254051 0.0198583 0.0148711 0.0105752 0.00707466 0.00441098
 0.00789618 0.0128928 0.0195242 0.0277597 0.0373297 0.0475706 0.0573988 0.0655813 0.0711845 0.0738691 0.0738429 0.0716018 0.0676972 0.0626265 0.0568047 0.0505598 0.0441392 0.0377275 0.0314707 0.0254983 0.0199405 0.0149355 0.0106203 0.00710256 0.00442579
 0.00786084 0.012833 0.0194308 0.0276248 0.0371513 0.0473581 0.0571751 0.065379 0.0710346 0.0737881 0.0738271 0.0716323 0.0677521 0.0626929 0.0568824 0.0506566 0.0442623 0.0378763 0.0316352 0.0256626 0.020089 0.0150574 0.0107111 0.00716394 0.00446322
 0.00785646 0.0128204 0.0194017 0.0275677 0.0370542 0.0472126 0.0569821 0.0651514 0.0707973 0.0735734 0.0736663 0.0715464 0.0677453 0.0627536 0.0569906 0.0507937 0.0444163 0.038041 0.0318054 0.0258305 0.0202441 0.0151895 0.0108139 0.0072365 0.00450954
 0.00783643 0.0127886 0.019355 0.0275031 0.0369683 0.0471019 0.0568436 0.064985 0.0706082 0.0733746 0.0734785 0.0713951 0.0676544 0.0627376 0.0570502 0.0509167 0.0445829 0.0382308 0.0320016 0.0260201 0.0204165 0.0153362 0.0109296 0.00732016 0.0045645
 0.00780769 0.0127408 0.0192811 0.0273966 0.0368252 0.0469236 0.056639 0.0647697 0.0704006 0.0731909 0.0733302 0.0712899 0.0675988 0.0627385 0.0571126 0.0510399 0.0447581 0.0384418 0.0322284 0.0262433 0.02062 0.0155089 0.0110656 0.00741888 0.00463005
 0.00779328 0.0127165 0.0192428 0.0273396 0.0367449 0.0468167 0.0565053 0.0646137 0.0702317 0.0730225 0.0731772 0.0711661 0.0675149 0.062701 0.0571251 0.0511032 0.0448696 0.0385939 0.032408 0.0264333 0.0208031 0.0156704 0.0111962 0.00751562 0.00469537
 0.00774037 0.0126314 0.0191168 0.0271659 0.0365212 0.0465478 0.0562061 0.0643082 0.069949 0.0727896 0.0730141 0.071083 0.0675131 0.0627752 0.0572655 0.0512976 0.0451046 0.0388558 0.0326819 0.0267032 0.0210527 0.0158857 0.0113683 0.00764219 0.0047805
 0.00770991 0.0125778 0.0190288 0.027031 0.0363287 0.0462945 0.0559005 0.0639724 0.0696146 0.0724911 0.0727815 0.0709374 0.0674645 0.0628228 0.0573993 0.0515018 0.0453606 0.039144 0.0329828 0.0269983 0.0213247 0.0161204 0.0115565 0.00778132 0.00487466
 0.00770671 0.0125706 0.0190137 0.0270022 0.0362783 0.0462133 0.0557801 0.0638081 0.0694089 0.0722562 0.0725393 0.0707161 0.0672923 0.0627214 0.0573802 0.0515647 0.0454954 0.0393336 0.0332069 0.0272353 0.0215543 0.0163256 0.0117254 0.00790887 0.00496254
 0.00767941 0.0125318 0.0189657 0.0269499 0.0362275 0.0461673 0.055737 0.0637607 0.0693469 0.0721706 0.0724268 0.0705819 0.0671512 0.0625949 0.0572912 0.0515314 0.0455264 0.0394265 0.0333493 0.0274085 0.021737 0.0164982 0.0118731 0.00802356 0.00504325
 0.00763512 0.0124627 0.0188676 0.0268219 0.0360736 0.0459976 0.0555678 0.0636114 0.0692346 0.0721031 0.0723996 0.0705816 0.0671628 0.0626095 0.05731 0.0515638 0.045585 0.0395204 0.0334792 0.027566 0.0219068 0.0166625 0.0120166 0.00813683 0.00512399
 0.00760991 0.0124204 0.0188016 0.0267258 0.0359432 0.0458335 0.0553787 0.0634146 0.0690528 0.0719588 0.072309 0.0705501 0.0671842 0.0626698 0.0573932 0.0516588 0.0456881 0.0396342 0.0336077 0.0277088 0.0220575 0.0168095 0.0121472 0.00824203 0.00520032
 0.00760729 0.0124132 0.0187852 0.0266938 0.0358884 0.0457501 0.0552648 0.0632736 0.0688945 0.0717981 0.0721643 0.0704394 0.0671209 0.0626588 0.0574301 0.0517326 0.0457863 0.0397471 0.0337298 0.0278371 0.0221879 0.0169351 0.0122596 0.00833388 0.00526818
 0.00758451 0.0123811 0.0187459 0.0266515 0.0358476 0.0457126 0.0552275 0.0632295 0.0688359 0.0717211 0.0720719 0.0703416 0.0670325 0.0625953 0.0574028 0.0517457 0.0458367 0.0398265 0.0338284 0.0279459 0.0222993 0.017042 0.0123551 0.00841231 0.00532677
 0.00757276 0.0123616 0.0187158 0.0266091 0.0357928 0.0456492 0.0551628 0.0631728 0.0687939 0.0716944 0.0720542 0.0703238 0.0670084 0.0625655 0.0573753 0.0517316 0.0458452 0.0398615 0.0338875 0.0280226 0.0223849 0.0171277 0.0124333 0.00847738 0.00537589
 0.00754907 0.0123254 0.0186658 0.0265454 0.035717 0.0455639 0.0550722 0.0630829 0.0687129 0.0716314 0.0720159 0.0703126 0.0670204 0.0625931 0.0574108 0.0517714 0.0458905 0.0399158 0.0339537 0.0280999 0.0224685 0.0172107 0.0125085 0.0085395 0.00542243
 0.00753747 0.0123055 0.0186339 0.0264978 0.0356514 0.0454808 0.0549764 0.0629832 0.0686199 0.0715544 0.0719617 0.0702845 0.0670188 0.0626156 0.0574525 0.0518261 0.0459528 0.0399829 0.0340248 0.0281745 0.022545 0.0172851 0.0125758 0.00859516 0.00546427
 0.00754221 0.0123128 0.0186441 0.0265104 0.0356646 0.045491 0.0549787 0.0629721 0.0685918 0.0715096 0.0719048 0.0702233 0.0669622 0.0625707 0.0574237 0.0518145 0.0459571 0.0400003 0.0340527 0.0282107 0.022587 0.0173297 0.0126189 0.00863297 0.00549399
 0.00752197 0.0122836 0.018607 0.0264688 0.0356232 0.0454546 0.0549501 0.0629519 0.0685782 0.0714993 0.0718946 0.0702112 0.0669488 0.062559 0.0574182 0.0518189 0.0459734 0.0400282 0.0340902 0.0282547 0.0226342 0.0173765 0.012662 0.00866934 0.00552196
 0.00751159 0.0122633 0.0185705 0.0264092 0.0355357 0.0453404 0.0548192 0.062822 0.0684693 0.0714267 0.0718642 0.0702192 0.0669857 0.0626142 0.0574831 0.0518888 0.0460462 0.0401033 0.0341664 0.02833 0.0227058 0.0174413 0.0127171 0.00871305 0.00555392
 0.00749402 0.0122373 0.0185358 0.0263663 0.035485 0.0452808 0.0547481 0.0627375 0.0683738 0.0713288 0.0717781 0.07016 0.0669632 0.06263 0.0575311 0.0519588 0.0461283 0.0401899 0.0342528 0.0284129 0.0227824 0.0175089 0.0127736 0.00875705 0.00558558
 0.00747234 0.0122018 0.0184823 0.0262915 0.0353878 0.0451642 0.0546201 0.0626102 0.068259 0.0712356 0.071711 0.0701209 0.066954 0.0626529 0.0575865 0.0520437 0.0462351 0.0403086 0.0343736 0.0285279 0.0228858 0.0175971 0.0128446 0.00881053 0.00562292
#pred catch len freq
 0.00430223 0.00678852 0.00986683 0.0134525 0.0175006 0.0219925 0.0268657 0.031968 0.0370797 0.0419653 0.0464131 0.0502568 0.0533942 0.0557953 0.0574934 0.0585686 0.0591316 0.0592927 0.0590885 0.0583666 0.0566996 0.0534554 0.0480936 0.0405745 0.0315943
 0.00449112 0.00702914 0.0101095 0.0136189 0.0175162 0.0218319 0.0265805 0.0316731 0.0368979 0.0419647 0.0465762 0.0505003 0.0536225 0.0559547 0.0575967 0.0586808 0.0593249 0.0595933 0.0594429 0.0586501 0.0567697 0.053224 0.0475763 0.0398854 0.0308891
 0.00465017 0.0072879 0.0104943 0.0141409 0.0181544 0.022517 0.0271956 0.0320872 0.0370258 0.0418171 0.0462594 0.0501579 0.0533589 0.0557952 0.0575067 0.0586172 0.0592736 0.0595639 0.0594329 0.058614 0.0566257 0.052899 0.0470577 0.0392388 0.0302289
 0.00484576 0.00759211 0.0109285 0.0147212 0.0188937 0.0234235 0.0282595 0.0332579 0.0381937 0.0428236 0.0469435 0.0504227 0.0532149 0.055347 0.0568935 0.0579502 0.0586103 0.058919 0.0587969 0.0579616 0.0559207 0.0521123 0.0461955 0.0383569 0.0294156
 0.00506455 0.0079331 0.0114152 0.0153681 0.0197081 0.0244066 0.0294054 0.0345471 0.0395846 0.0442408 0.0482693 0.0515042 0.0538981 0.05553 0.0565672 0.0571993 0.05757 0.0577194 0.0575266 0.0566624 0.0546063 0.0507953 0.0449109 0.0371684 0.028399
 0.00531701 0.00832586 0.0119744 0.0161091 0.0206371 0.0255217 0.0306944 0.0359826 0.0411206 0.0458123 0.0497921 0.0528732 0.0549885 0.0562102 0.056728 0.0567898 0.0566204 0.0563317 0.0558382 0.054807 0.0526937 0.0489171 0.0431547 0.0356225 0.0271375
 0.00563639 0.00881886 0.0126687 0.0170165 0.0217566 0.026844 0.0322005 0.0376384 0.042872 0.0475847 0.0514949 0.0544052 0.056243 0.0570788 0.057107 0.0565948 0.0558092 0.0549258 0.0539292 0.0525416 0.050248 0.0464723 0.0408799 0.0336581 0.0255755
 0.00596683 0.00933244 0.0133986 0.0179805 0.0229585 0.0282751 0.0338362 0.0394336 0.0447599 0.049481 0.0533047 0.056029 0.0575817 0.0580365 0.0575932 0.0565282 0.0551281 0.0536072 0.0520106 0.0501351 0.0475356 0.0436821 0.0382469 0.0313809 0.0237777
 0.00632262 0.00988595 0.0141865 0.0190238 0.0242642 0.0298371 0.0356311 0.0414129 0.0468461 0.0515721 0.0552836 0.0577774 0.0589911 0.059015 0.058066 0.0564338 0.054417 0.0522511 0.0500237 0.0476 0.044619 0.0406243 0.0353212 0.0288315 0.0217627
 0.00671294 0.0104893 0.0150381 0.0201396 0.0256448 0.0314721 0.0374966 0.0434641 0.0490107 0.0537503 0.0573551 0.0596131 0.0604679 0.0600284 0.058537 0.0563073 0.0536569 0.0508406 0.0479779 0.0449909 0.0415994 0.0374303 0.0322373 0.026125 0.0196143
 0.00709633 0.0110858 0.0158866 0.0212616 0.027045 0.0331391 0.0393991 0.045545 0.0511867 0.0559175 0.0593984 0.0614147 0.0619151 0.0610217 0.058996 0.0561735 0.0528938 0.0494342 0.0459464 0.0424039 0.0386014 0.0342471 0.0291483 0.0234003 0.0174424
 0.00743778 0.0116222 0.0166603 0.0223029 0.0283715 0.0347528 0.0412786 0.0476362 0.0533995 0.0581328 0.0614814 0.0632311 0.0633461 0.0619737 0.0594025 0.055992 0.0521004 0.0480238 0.043941 0.0398725 0.0356811 0.0311514 0.0261428 0.0207446 0.015321
 0.0077261 0.0120714 0.0173017 0.0231571 0.0294514 0.0360657 0.0428221 0.0493883 0.055309 0.0601145 0.06342 0.0649933 0.0647986 0.0630012 0.05992 0.0559468 0.0514681 0.0468036 0.0421596 0.0375976 0.0330408 0.0283413 0.0234055 0.0183187 0.0133776
 0.00795359 0.0124313 0.0178256 0.0238698 0.0303693 0.0371941 0.0441494 0.0508821 0.0569166 0.0617675 0.0650382 0.0664869 0.0660708 0.0639547 0.0604665 0.0560171 0.0510183 0.0458189 0.0406581 0.0356406 0.0307449 0.0258825 0.021001 0.0161812 0.011661
 0.00819179 0.0128077 0.0183726 0.0246124 0.0313235 0.0383627 0.0455151 0.0524004 0.0585155 0.0633552 0.0665159 0.0677623 0.0670676 0.0646156 0.0607501 0.0558924 0.0504628 0.0448223 0.0392326 0.0338353 0.0286591 0.0236691 0.0188489 0.0142753 0.0101338
 0.00843017 0.0131772 0.0188964 0.0253037 0.0321882 0.0394021 0.0467226 0.0537531 0.0599656 0.0648262 0.0679084 0.0689684 0.0679899 0.0651837 0.0609264 0.0556675 0.0498446 0.0438279 0.0378894 0.0321921 0.026801 0.0217237 0.0169734 0.0126234 0.00881489
 0.00860431 0.0134447 0.0192706 0.0257884 0.0327806 0.0400961 0.0475107 0.0546247 0.0609043 0.0658067 0.0688924 0.0699017 0.0688035 0.0658018 0.0612799 0.0557063 0.0495437 0.0431869 0.0369304 0.0309609 0.025373 0.0202069 0.0154981 0.0113163 0.00776701
 0.00878548 0.0137185 0.0196449 0.0262583 0.0333328 0.0407152 0.0481821 0.0553336 0.0616325 0.066531 0.0695855 0.070533 0.0693401 0.0662074 0.061515 0.0557312 0.0493253 0.0427064 0.0361909 0.0299927 0.0242373 0.0189936 0.0143149 0.0102669 0.00692532
 0.00885554 0.0138258 0.019794 0.0264496 0.0335628 0.0409785 0.0484726 0.0556463 0.0619647 0.0668834 0.06996 0.0709282 0.0697452 0.0665986 0.0618557 0.0559753 0.0494239 0.0426175 0.0358894 0.029481 0.0235508 0.0181998 0.013502 0.00952309 0.00631637
 0.00888632 0.0138788 0.0198791 0.0265778 0.0337437 0.0412163 0.0487623 0.0559725 0.0623049 0.0672137 0.0702619 0.0711921 0.0699702 0.0667877 0.0620079 0.0560795 0.049457 0.0425483 0.0356892 0.029136 0.0230733 0.0176313 0.0129059 0.00896811 0.00585638
 0.00884438 0.013818 0.019802 0.0264932 0.0336668 0.0411668 0.0487617 0.0560399 0.0624507 0.0674347 0.0705399 0.0714989 0.070276 0.067069 0.0622501 0.0562731 0.0495915 0.0426079 0.0356545 0.028992 0.0228204 0.0172923 0.0125239 0.00859515 0.00553697
 0.00885922 0.013828 0.0197915 0.0264401 0.0335502 0.0409782 0.0485148 0.0557717 0.0622135 0.0672807 0.0705063 0.0715986 0.0704955 0.0673743 0.0625972 0.056619 0.0499002 0.0428515 0.0358115 0.0290483 0.0227731 0.017155 0.0123268 0.00837787 0.005337
 0.00895648 0.0139685 0.019969 0.0266348 0.0337301 0.0411051 0.0485519 0.0556934 0.0620163 0.0669912 0.0701796 0.0713037 0.0702936 0.0672996 0.0626494 0.0567686 0.0501017 0.0430572 0.035981 0.0291536 0.0228012 0.0171092 0.0122256 0.00824935 0.00520974
 0.00903007 0.0140814 0.0201262 0.0268353 0.0339662 0.0413611 0.048803 0.0559053 0.0621499 0.0670125 0.0700725 0.0710804 0.0699964 0.0669895 0.0623865 0.0565923 0.0500206 0.0430513 0.0360144 0.0291885 0.0228096 0.017079 0.0121605 0.0081643 0.00512331
 0.0089263 0.0139316 0.0199362 0.0266232 0.0337583 0.0411844 0.0486783 0.0558436 0.0621509 0.0670643 0.0701539 0.0711664 0.0700668 0.0670386 0.0624257 0.0566444 0.0501067 0.0431787 0.0361713 0.0293495 0.0229468 0.0171728 0.0122061 0.00817018 0.00510514
 0.00884667 0.0138078 0.019761 0.0263954 0.0334849 0.0408827 0.0483768 0.0555792 0.0619608 0.066975 0.0701724 0.0712786 0.0702433 0.0672448 0.0626333 0.056839 0.0502882 0.0433543 0.036346 0.0295191 0.0230988 0.0172932 0.0122867 0.0082127 0.00511917
 0.00885438 0.0138126 0.0197534 0.0263611 0.0334074 0.0407483 0.0481809 0.0553313 0.0616856 0.0667097 0.0699591 0.0711522 0.0702207 0.0673202 0.0627819 0.0570283 0.0504894 0.0435498 0.036528 0.0296843 0.0232431 0.0174108 0.0123728 0.00826726 0.00514753
 0.00891819 0.013904 0.0198678 0.026485 0.0335204 0.0408274 0.0482048 0.0552838 0.0615599 0.0665122 0.0697116 0.0708904 0.0699864 0.0671495 0.0626952 0.057025 0.0505525 0.0436542 0.0366501 0.0298067 0.0233545 0.0175041 0.0124442 0.00831584 0.00517616
 0.00892545 0.0139168 0.0198885 0.0265154 0.03356 0.0408713 0.0482421 0.055299 0.0615362 0.0664378 0.0695846 0.0707219 0.0697995 0.066975 0.0625639 0.056959 0.0505587 0.0437233 0.0367617 0.0299369 0.0234825 0.0176156 0.0125317 0.00837783 0.00521543
 0.00886768 0.0138307 0.0197738 0.0263778 0.0334106 0.0407245 0.0481133 0.0552015 0.0614774 0.0664158 0.0695887 0.0707363 0.0698114 0.0669808 0.0625708 0.0569817 0.0506117 0.0438142 0.0368866 0.0300823 0.0236303 0.017749 0.0126397 0.00845657 0.00526712
 0.00885581 0.0138042 0.0197208 0.0262833 0.0332608 0.0405136 0.0478498 0.0549099 0.0611937 0.0661784 0.0694278 0.0706669 0.0698305 0.067071 0.0627091 0.0571481 0.0507941 0.044007 0.0370865 0.0302827 0.0238207 0.0179172 0.0127761 0.00855733 0.00533451
 0.00886832 0.0138269 0.0197584 0.0263393 0.0333337 0.0405927 0.0479137 0.054931 0.0611493 0.0660618 0.0692545 0.0704693 0.0696458 0.0669285 0.0626225 0.0571163 0.0508075 0.0440544 0.0371583 0.0303711 0.0239172 0.0180123 0.0128605 0.00862445 0.00538222
 0.00876609 0.0136798 0.0195729 0.0261346 0.0331375 0.0404333 0.047812 0.0548945 0.0611699 0.066118 0.0693179 0.0705164 0.0696677 0.0669337 0.0626306 0.0571467 0.0508704 0.0441489 0.0372757 0.0304996 0.0240452 0.0181299 0.0129602 0.00870184 0.00543679
 0.00867121 0.0135275 0.0193481 0.0258274 0.0327481 0.0399789 0.0473308 0.0544437 0.0608122 0.0659029 0.0692661 0.0706157 0.0698814 0.0672161 0.062942 0.0574624 0.0511796 0.0444481 0.0375615 0.0307656 0.024283 0.0183312 0.01312 0.00881973 0.00551683
 0.00863551 0.01347 0.0192618 0.0257036 0.0325756 0.0397444 0.0470235 0.0540636 0.0603804 0.0654658 0.0688891 0.0703637 0.0697966 0.0673035 0.0631722 0.0577862 0.0515473 0.0448215 0.0379164 0.0310879 0.0245638 0.0185645 0.0133028 0.00895332 0.0056069
