SBPRF35
9.54479
Curr Bio
513327
B35
708843
F35
0.192496
FOFL
0.151459
OFL
69005.8
Bzero
2.72708e+006
#pred survey bio
 3.28583e+006 3.00023e+006 2.73958e+006 2.46751e+006 2.21752e+006 1.99734e+006 1.79138e+006 1.57676e+006 1.4037e+006 1.25057e+006 1.11314e+006 968352 862346 794537 751292 699109 680636 660204 638299 612466 594701 585172 578420 577589 576481 570626 573666 568479 569734 570054 561363 542624 532983 524113 516911 516248 527580 527803 540014 540536 543019 542238 531729 533488 531183 529551 518880 1.99625e+007 1.18185e+007 1.20043e+007 1.28436e+007 1.40917e+007 1.54635e+007 1.67619e+007 1.78861e+007 1.88048e+007 1.95265e+007 2.00787e+007 2.04935e+007 2.08015e+007 2.10287e+007 2.11958e+007 2.13186e+007 2.1409e+007 2.14759e+007 2.15255e+007 2.15626e+007 2.15904e+007 2.16114e+007 2.16274e+007 2.16396e+007 2.1649e+007 2.16562e+007 2.16617e+007 2.16661e+007 2.16694e+007 2.1672e+007 2.16741e+007 2.16757e+007 2.1677e+007 2.1678e+007 2.16787e+007 2.16794e+007 2.16798e+007 2.16802e+007 2.16805e+007 2.16808e+007 2.1681e+007 2.16811e+007 2.16812e+007 2.16813e+007 2.16814e+007 2.16815e+007 2.16815e+007 2.16816e+007 2.16816e+007 2.16816e+007 2.16816e+007 2.16816e+007 2.16817e+007 2.16817e+007 2.16817e+007 2.16817e+007 2.16817e+007 2.16817e+007 2.16817e+007 2.16817e+007 2.16817e+007 2.16817e+007 2.16817e+007 2.16817e+007 2.16817e+007 2.16817e+007 2.16817e+007 2.16817e+007 2.16817e+007 2.16817e+007 2.16817e+007 2.16817e+007 2.16817e+007 2.16817e+007 2.16817e+007 2.16817e+007 2.16817e+007 2.16817e+007 2.16817e+007 2.16817e+007 2.16817e+007 2.16817e+007 2.16817e+007 2.16817e+007 2.16817e+007 2.16817e+007 2.16817e+007 2.16817e+007 2.16817e+007 2.16817e+007 2.16817e+007 2.16817e+007 2.16817e+007 2.16817e+007 2.16817e+007 2.16817e+007 2.16817e+007 2.16817e+007 2.16817e+007 2.16817e+007 0 0 0 0 0 0 0 0 0 0 0 0 0 0 0 0 0 0 0 0 0 0 0 0 0
#obs survey bio
 3.02948e+006 2.03842e+006 1.91371e+006 2.14231e+006 2.18184e+006 2.45355e+006 1.38631e+006 1.96207e+006 1.20786e+006 809350 850364 643283 770367 500508 653025 636740 792678 812032 535840 541875 639453 486131 402815 673274 486785 567644 449510 539818 607871 507001 418915 655895 498465 493921 358577 623816 481237 591363 493509 528968 776493 529386 602658 587526 618542 272660 630737
#pred catch bio
 278892 267157 292047 289026 278474 279942 298405 269067 257092 246632 252600 215886 179746 155636 158745 125823 124753 123477 124285 115135 106727 103543 97935.8 97489.6 100467 92240.9 98238 91044.8 89710 94089.6 98244.5 88131.7 88946.5 90593.5 87609.6 79317.3 89430.9 79712.2 89633.5 87145 89021.2 96005.4 84694.3 87739 86600.8 92216.7 37278.4 69005.8 84815.3 84671.7 89082.4 97263.1 106673 115582 123184 129256 133890 137309 139769 141506 142713 143543 144108 144490 144746 144918 145032 145108 145158 145191 145213 145227 145237 145243 145247 145250 145252 145253 145253 145254 145254 145254 145255 145255 145255 145255 145255 145255 145255 145255 145255 145255 145255 145255 145255 145255 145255 145255 145255 145255 145255 145255 145255 145255 145255 145255 145255 145255 145255 145255 145255 145255 145255 145255 145255 145255 145255 145255 145255 145255 145255 145255 145255 145255 145255 145255 145255 145255 145255 145255 145255 145255 145255 145255 145255 145255 145255 145255 145255 145255 145255 145255 145255 145255 145255 145255 145255 0 0 0 0 0 0 0 0 0 0 0 0 0 0 0 0 0 0 0 0 0 0 0 0 0
#obs catch bio
 234005 268315 295595 293624 283469 285154 306232 273668 260897 252491 258955 221602 182861 158634 161825 127167 125399 124121 125640 116561 107558 104905 99120.9 98624.7 101656 93111.2 99819.6 92174.4 90473.7 95060.2 99331.5 88299.3 88995 90184.1 87804.3 79377.9 89668.4 79482.5 90059.9 87132.3 88580.2 95844 84396.2 87332.9 86426.7 93440.2 37004.4
#pred cpue bio
 3.22191e+006 2.93983e+006 2.68244e+006 2.41202e+006 2.16307e+006 1.94417e+006 1.73982e+006 1.52761e+006 1.35661e+006 1.20526e+006 1.06967e+006 927677 824118 758190 716488 666410 649000 629467 608257 583208 566072 556910 550408 549725 548884 543382 546433 541656 543377 544337 536673 519222 509657 499778 491602 490548 501696 502169 514117 514802 517477 516923 506804 508582 506421 504910 495110 1.91368e+007 1.13595e+007 1.13926e+007 1.20419e+007 1.32141e+007 1.45654e+007 1.58592e+007 1.69824e+007 1.79009e+007 1.86226e+007 1.91748e+007 1.95896e+007 1.98976e+007 2.01248e+007 2.02918e+007 2.04146e+007 2.05051e+007 2.05719e+007 2.06216e+007 2.06587e+007 2.06865e+007 2.07075e+007 2.07235e+007 2.07357e+007 2.0745e+007 2.07522e+007 2.07578e+007 2.07621e+007 2.07655e+007 2.07681e+007 2.07702e+007 2.07718e+007 2.0773e+007 2.0774e+007 2.07748e+007 2.07754e+007 2.07759e+007 2.07763e+007 2.07766e+007 2.07768e+007 2.0777e+007 2.07772e+007 2.07773e+007 2.07774e+007 2.07775e+007 2.07775e+007 2.07776e+007 2.07776e+007 2.07777e+007 2.07777e+007 2.07777e+007 2.07777e+007 2.07777e+007 2.07777e+007 2.07777e+007 2.07778e+007 2.07778e+007 2.07778e+007 2.07778e+007 2.07778e+007 2.07778e+007 2.07778e+007 2.07778e+007 2.07778e+007 2.07778e+007 2.07778e+007 2.07778e+007 2.07778e+007 2.07778e+007 2.07778e+007 2.07778e+007 2.07778e+007 2.07778e+007 2.07778e+007 2.07778e+007 2.07778e+007 2.07778e+007 2.07778e+007 2.07778e+007 2.07778e+007 2.07778e+007 2.07778e+007 2.07778e+007 2.07778e+007 2.07778e+007 2.07778e+007 2.07778e+007 2.07778e+007 2.07778e+007 2.07778e+007 2.07778e+007 2.07778e+007 2.07778e+007 2.07778e+007 2.07778e+007 2.07778e+007 2.07778e+007 2.07778e+007 2.07778e+007 2.07778e+007 0 0 0 0 0 0 0 0 0 0 0 0 0 0 0 0 0 0 0 0 0 0 0 0 0
#obs cpue bio
 3.3443e+006 1.83808e+006 1.75261e+006 1.56889e+006 1.46603e+006 1.36084e+006 1.38511e+006 1.60918e+006 1.60604e+006 813803 1.24835e+006 806611 983624 690134 825844 683230 813367 463891 467725 466734 579760 394677 642089 409357 600109 444610 432932 510560 586908 500495 672622 652488 636071 821773 432468 369222 615893 531248 376466 676623 549186 490412 448046 597300 345712 542492 659642
#pred surv len freq
 0.00608542 0.00980485 0.0146093 0.0204139 0.0270203 0.034037 0.0408491 0.046761 0.051261 0.0542013 0.0557653 0.0562962 0.0561375 0.055554 0.0547095 0.0536702 0.0524238 0.0509043 0.0490026 0.0465526 0.0433223 0.0390665 0.0336696 0.0273184 0.0205641
 0.00640198 0.0102211 0.0150608 0.0207986 0.0272501 0.034107 0.0408749 0.0469446 0.0517888 0.0551327 0.0569827 0.0575465 0.0571385 0.0561029 0.0547447 0.0532683 0.0517461 0.0501202 0.0482224 0.0458 0.0425564 0.0382383 0.0327767 0.0264207 0.019755
 0.00689605 0.0109832 0.0161248 0.0221521 0.0288208 0.0357566 0.0424132 0.048179 0.0526023 0.0555445 0.0571363 0.0576175 0.0572203 0.0561531 0.0546249 0.0528412 0.0509584 0.0490224 0.0469277 0.044422 0.0411706 0.0368864 0.0314957 0.0252644 0.0187865
 0.00722953 0.0115433 0.0169994 0.023429 0.0305618 0.0379569 0.0449625 0.0508512 0.055093 0.0575513 0.0584495 0.0581798 0.057124 0.0555709 0.0537144 0.0516813 0.049554 0.0473599 0.0450306 0.0423676 0.0390706 0.0348586 0.029647 0.0236828 0.017531
 0.00751822 0.0120021 0.0176731 0.0243596 0.0317895 0.0395166 0.0468687 0.0530729 0.057528 0.060014 0.0606871 0.059925 0.0581686 0.0558272 0.0532271 0.0505837 0.0479973 0.0454645 0.0428836 0.0400518 0.036692 0.0325494 0.0275462 0.0219065 0.0161472
 0.0077846 0.0124255 0.0182925 0.0252054 0.0328804 0.0408541 0.0484325 0.0548207 0.0594024 0.0619455 0.062587 0.0616687 0.0595913 0.0567487 0.0535021 0.05015 0.046891 0.0437966 0.0407995 0.0377043 0.0342367 0.0301476 0.0253561 0.0200591 0.0147177
 0.00798237 0.0127536 0.0187983 0.0259367 0.033875 0.0421242 0.0499499 0.0565145 0.0611732 0.0636908 0.0642201 0.0631211 0.0607981 0.0576299 0.0539569 0.0500746 0.046215 0.0425161 0.0389891 0.0355056 0.0318341 0.0277428 0.023141 0.0181859 0.0132712
 0.00830782 0.0132599 0.0195187 0.026889 0.0350622 0.0435341 0.0515499 0.0582455 0.0629488 0.0654064 0.0657685 0.0644094 0.0617587 0.0582193 0.0541432 0.0498231 0.0454861 0.0412836 0.0372698 0.0333833 0.0294627 0.0253246 0.0208868 0.0162687 0.0117896
 0.00868995 0.0138475 0.0203401 0.0279479 0.0363381 0.0449854 0.0531155 0.0598471 0.064501 0.0668298 0.0669988 0.0653976 0.0624655 0.0586114 0.0541922 0.0495043 0.044777 0.0401675 0.0357513 0.0315109 0.0273468 0.023133 0.0188138 0.0144858 0.0104017
 0.00893459 0.0142575 0.020978 0.0288748 0.0375952 0.0465673 0.0549484 0.0617906 0.066379 0.068478 0.0683022 0.0663015 0.062964 0.0587256 0.0539496 0.0489263 0.0438745 0.0389452 0.0342208 0.0297106 0.0253607 0.0210955 0.0168888 0.012826 0.00910546
 0.00907323 0.0144944 0.0213571 0.0294476 0.0384131 0.047667 0.0563331 0.0634139 0.0681402 0.0702319 0.069883 0.0675569 0.063787 0.059072 0.053833 0.0483956 0.0429882 0.0377547 0.0327701 0.0280504 0.0235667 0.0192778 0.0151814 0.0113558 0.00795586
 0.00927821 0.0148269 0.0218563 0.0301499 0.0393455 0.0488378 0.0577202 0.0649599 0.0697576 0.0718142 0.0713157 0.0687263 0.064591 0.0594354 0.0537229 0.0478272 0.0420163 0.0364559 0.0312266 0.0263447 0.0217882 0.0175299 0.0135765 0.00999494 0.00690205
 0.00944772 0.0150864 0.0222181 0.0306173 0.0399173 0.049512 0.0584959 0.0658324 0.0707118 0.072819 0.0723212 0.0696651 0.0653839 0.0599999 0.0539862 0.0477401 0.0415646 0.0356637 0.0301509 0.0250663 0.0204033 0.0161436 0.0122937 0.00890378 0.00605573
 0.00948382 0.0151462 0.0223101 0.03075 0.0400975 0.0497435 0.0587782 0.0661637 0.0710934 0.0732578 0.0728258 0.0702347 0.0659956 0.0606026 0.0545053 0.0480922 0.0416777 0.0354954 0.0296993 0.0243716 0.0195402 0.0152084 0.0113867 0.00811046 0.00542981
 0.00936747 0.014975 0.0220863 0.0304887 0.0398246 0.0494902 0.0585771 0.0660454 0.0710839 0.0733758 0.0730806 0.0706255 0.0665095 0.0612104 0.0551569 0.0487174 0.0421946 0.0358281 0.0297977 0.0242258 0.0191849 0.014714 0.0108407 0.00759537 0.00500416
 0.00952224 0.0151904 0.0223437 0.0307495 0.0400419 0.0496287 0.058627 0.0660239 0.0710243 0.0733122 0.0730388 0.0706212 0.0665518 0.061304 0.0552992 0.048892 0.0423673 0.03595 0.0298182 0.0241106 0.0189309 0.0143531 0.0104303 0.00719847 0.00467012
 0.00960508 0.0153012 0.0224655 0.0308492 0.0400769 0.0495584 0.058427 0.0656964 0.0706031 0.07286 0.072635 0.0703415 0.0664474 0.0613894 0.0555532 0.0492682 0.042805 0.0363834 0.0301843 0.0243599 0.0190386 0.0143263 0.0103046 0.00702458 0.00449595
 0.00971233 0.0154686 0.0227029 0.031157 0.0404412 0.049946 0.0587835 0.0659536 0.0706968 0.0727543 0.0723391 0.0699113 0.0659693 0.0609544 0.0552315 0.0490931 0.04277 0.0364503 0.0302978 0.0244637 0.0190904 0.0143079 0.0102237 0.00690752 0.00437386
 0.0097518 0.0155414 0.022828 0.0313567 0.0407341 0.0503369 0.0592531 0.0664544 0.0711593 0.0731013 0.0725053 0.0698618 0.0657122 0.0605414 0.0547442 0.0486182 0.0423748 0.0361663 0.030119 0.0243578 0.0190171 0.0142352 0.0101376 0.0068114 0.00428072
 0.00980124 0.0156214 0.0229484 0.0315275 0.040965 0.0506356 0.0596212 0.066882 0.0716202 0.073551 0.0728847 0.0701081 0.0657754 0.0604011 0.0544201 0.0481668 0.0418731 0.0356881 0.0297145 0.0240448 0.0187861 0.0140636 0.0100038 0.00670267 0.00419337
 0.00989797 0.0157566 0.0231114 0.031696 0.0411132 0.0507466 0.0596964 0.0669417 0.0716938 0.0736634 0.0730432 0.0702961 0.0659545 0.0605223 0.0544407 0.0480674 0.0416661 0.0354127 0.0294212 0.0237767 0.0185666 0.0138964 0.0098803 0.00661181 0.00412681
 0.00992913 0.015807 0.023186 0.0317966 0.0412354 0.0508767 0.0598119 0.0670175 0.0717148 0.0736348 0.0729924 0.07026 0.0659606 0.0605739 0.0545144 0.0481252 0.0416737 0.0353557 0.0293087 0.0236342 0.0184227 0.0137711 0.00978194 0.00653965 0.00407623
 0.00990127 0.0157692 0.0231431 0.0317582 0.0412138 0.0508826 0.0598499 0.0670836 0.0717959 0.0737128 0.0730512 0.0702937 0.0659768 0.0605892 0.0545428 0.0481681 0.0417176 0.0353803 0.0292992 0.0235893 0.0183537 0.0136947 0.00971227 0.00648417 0.00403636
 0.00982241 0.015647 0.0229709 0.0315357 0.040949 0.0505935 0.0595655 0.0668404 0.0716297 0.0736474 0.0730906 0.0704226 0.0661683 0.0608157 0.0547832 0.0484084 0.0419468 0.035586 0.0294683 0.0237126 0.0184302 0.0137322 0.00972342 0.00648138 0.00402862
 0.00982164 0.0156353 0.0229341 0.0314549 0.0408056 0.0503785 0.0592869 0.0665253 0.0713194 0.073387 0.072918 0.07036 0.0662184 0.0609625 0.054999 0.0486618 0.0422095 0.0358357 0.0296884 0.0238918 0.0185634 0.013821 0.00977544 0.00650744 0.0040391
 0.00986145 0.0156978 0.0230233 0.0315702 0.0409393 0.0505129 0.0593942 0.066573 0.0712815 0.0732569 0.0727141 0.0701211 0.0659908 0.0607851 0.0548933 0.0486296 0.0422374 0.0359025 0.0297721 0.0239739 0.0186315 0.0138694 0.00980439 0.00652112 0.00404324
 0.00969553 0.0154581 0.0227186 0.0312284 0.0406006 0.0502173 0.0591703 0.066433 0.0712217 0.0732611 0.0727607 0.0701916 0.0660768 0.0608902 0.0550282 0.048803 0.0424488 0.0361398 0.0300156 0.024202 0.0188268 0.0140222 0.00991339 0.00659175 0.0040846
 0.00952607 0.015205 0.0223801 0.0308204 0.0401549 0.0497773 0.0587854 0.0661511 0.071078 0.0732667 0.0728978 0.0704195 0.0663473 0.0611642 0.055285 0.0490403 0.0426745 0.0363617 0.0302344 0.0244103 0.0190128 0.0141753 0.0100285 0.00667031 0.00413307
 0.00936332 0.0149425 0.0219906 0.0302839 0.0394679 0.0489642 0.0579079 0.0653052 0.0703746 0.0728024 0.0727286 0.0705494 0.0667333 0.0617323 0.0559521 0.0497332 0.0433414 0.0369733 0.030777 0.0248776 0.0194009 0.0144823 0.0102564 0.00682728 0.00423233
 0.00909207 0.0145392 0.0214529 0.029632 0.0387363 0.0481892 0.0571211 0.0645384 0.0696696 0.0722172 0.0723318 0.0704034 0.0668725 0.0621493 0.0565964 0.0505253 0.0441938 0.0378098 0.0315431 0.0255413 0.0199478 0.0149102 0.0105721 0.00704465 0.00437065
 0.00894903 0.014306 0.0211023 0.0291429 0.0381024 0.0474306 0.0562911 0.0637163 0.0689395 0.0716433 0.0719476 0.0702189 0.0668904 0.0623715 0.0570184 0.0511237 0.0449205 0.0385984 0.0323236 0.0262552 0.020556 0.0153947 0.0109327 0.00729435 0.00453037
 0.00966342 0.0153012 0.0222922 0.030342 0.0390767 0.0479793 0.0563158 0.0632404 0.0680797 0.0705591 0.0707959 0.0691268 0.0659448 0.0616228 0.0564898 0.0508192 0.0448268 0.0386831 0.0325371 0.026539 0.0208545 0.0156659 0.0111523 0.00745506 0.0046371
 0.0103738 0.0163991 0.0238297 0.0323071 0.0413708 0.0504002 0.0585596 0.0649505 0.0689465 0.0704318 0.0697394 0.0673871 0.0638488 0.0594743 0.0545082 0.049129 0.0434768 0.0376715 0.0318301 0.0260835 0.0205886 0.0155287 0.0110929 0.00743624 0.00463573
 0.0104659 0.0166225 0.0243005 0.0331736 0.0427693 0.052386 0.0610422 0.0676733 0.0715295 0.0724642 0.070887 0.0674811 0.0629256 0.0577529 0.0523133 0.0467945 0.0412699 0.0357601 0.0302879 0.0249139 0.019752 0.014964 0.0107338 0.00722157 0.00451557
 0.0102535 0.0163294 0.0239611 0.0328667 0.0426145 0.0525269 0.0616178 0.0687758 0.0731544 0.0744689 0.0729913 0.0693244 0.0641711 0.0581921 0.0519254 0.0457356 0.039804 0.0341686 0.0287972 0.0236619 0.0187903 0.0142813 0.0102836 0.00694561 0.00435852
 0.0100582 0.0160204 0.0235149 0.0322754 0.0418985 0.0517497 0.0608968 0.0682753 0.0730515 0.0748977 0.0739847 0.0707786 0.0658525 0.0597932 0.0531545 0.0464069 0.0398868 0.0337761 0.0281244 0.0229091 0.0181069 0.0137448 0.00990915 0.00671006 0.00422401
 0.0099333 0.0158069 0.0231749 0.0317691 0.0411956 0.0508479 0.0598416 0.0671695 0.0720475 0.0741729 0.0737035 0.0710485 0.0666824 0.0610705 0.0546599 0.0478713 0.0410737 0.0345513 0.0284822 0.0229455 0.0179605 0.0135404 0.0097259 0.00657953 0.0041456
 0.00998655 0.0158835 0.0232699 0.0318668 0.0412674 0.0508531 0.0597321 0.0669029 0.0716068 0.0735879 0.073061 0.0704808 0.0663327 0.0610446 0.0549824 0.0484675 0.0417906 0.0352135 0.0289567 0.0231823 0.0179919 0.0134453 0.00958671 0.00645253 0.0040546
 0.00981231 0.0156296 0.0229421 0.0314891 0.0408747 0.0504786 0.0593965 0.0666101 0.0713466 0.073344 0.0728237 0.0702621 0.0661746 0.0610138 0.0551455 0.0488562 0.0423748 0.0359015 0.0296265 0.0237282 0.0183611 0.0136449 0.00966322 0.00646151 0.00403873
 0.00972837 0.0155007 0.0227632 0.0312626 0.0406124 0.0502023 0.0591361 0.0663977 0.0712048 0.0732749 0.0728058 0.0702605 0.0661615 0.0609871 0.0551351 0.0489116 0.0425378 0.0361791 0.029981 0.0240924 0.0186688 0.0138585 0.00978152 0.00650918 0.00404718
 0.00972795 0.0154846 0.0227111 0.0311473 0.0404085 0.0498992 0.0587495 0.0659706 0.0707975 0.0729464 0.0725968 0.0701826 0.0661978 0.0611038 0.0552994 0.0491063 0.0427647 0.0364472 0.030289 0.024418 0.0189744 0.0141081 0.00995676 0.0066136 0.004099
 0.00972054 0.0154791 0.0227134 0.0311637 0.0404397 0.0499334 0.0587601 0.0659234 0.0706667 0.0727312 0.0723267 0.0699081 0.0659705 0.0609574 0.0552426 0.0491288 0.0428494 0.0365802 0.0304597 0.0246135 0.0191749 0.0142897 0.0101002 0.00671127 0.00415579
 0.00976943 0.015558 0.0228313 0.0313281 0.0406549 0.0501968 0.0590573 0.0662248 0.0709286 0.0729036 0.0723676 0.069799 0.0657259 0.0606217 0.0548752 0.0487845 0.0425655 0.0363737 0.0303317 0.0245547 0.0191689 0.0143158 0.0101379 0.00674558 0.00417944
 0.00976124 0.0155358 0.0227821 0.031237 0.0405111 0.0500033 0.0588371 0.0660179 0.0707792 0.0728422 0.0723982 0.0698979 0.0658532 0.060739 0.0549604 0.0488374 0.0426023 0.0364148 0.0303914 0.0246366 0.0192665 0.0144169 0.0102296 0.00681844 0.00423015
 0.00974362 0.0155163 0.0227687 0.0312403 0.0405388 0.0500527 0.0588918 0.0660534 0.0707752 0.0727957 0.0723258 0.0698268 0.0658049 0.0607186 0.0549577 0.0488367 0.0425939 0.0364005 0.0303811 0.0246404 0.0192887 0.014454 0.010273 0.00685913 0.00426208
 0.00930173 0.0148912 0.0220009 0.0304269 0.039807 0.0495158 0.0586129 0.0660339 0.070968 0.0731297 0.0727298 0.0702456 0.0662067 0.0610926 0.0553035 0.0491546 0.0428805 0.0366509 0.0305937 0.0248181 0.0194368 0.0145768 0.0103722 0.00693481 0.00431537
 0.00865095 0.0139197 0.0207038 0.0288667 0.0381091 0.0478513 0.0571764 0.065013 0.070501 0.0732617 0.0733946 0.0712902 0.0674464 0.0623658 0.0565023 0.0502254 0.0438072 0.0374363 0.0312464 0.0253486 0.0198564 0.0148978 0.0106078 0.00709893 0.00442242
#obs surv len freq
 0.0049726 0.00814551 0.0123905 0.0177213 0.0240111 0.0308932 0.0377405 0.0438281 0.0486048 0.0518696 0.0537423 0.0545093 0.0544915 0.0539865 0.0532546 0.0525094 0.0518952 0.0514471 0.0510266 0.0502652 0.0485812 0.0453444 0.0401778 0.0332499 0.0253418
 0.00518082 0.00848601 0.0129069 0.018456 0.0249979 0.0321452 0.0392369 0.0455086 0.0503764 0.0536226 0.0553657 0.0559007 0.055561 0.0546583 0.0534693 0.0522275 0.0511038 0.0501668 0.0493176 0.0482306 0.0463642 0.0431165 0.0381147 0.0314984 0.0239872
 0.00540986 0.00886043 0.0134743 0.0192621 0.0260783 0.0335115 0.0408632 0.0473262 0.0522838 0.0555043 0.0571098 0.0574077 0.0567453 0.0554467 0.0537995 0.0520495 0.0503845 0.0489002 0.0475392 0.0460306 0.0438933 0.0405749 0.0357206 0.029441 0.0223831
 0.0056393 0.00923867 0.0140534 0.0200937 0.027204 0.0349467 0.0425808 0.0492513 0.0543043 0.0574936 0.0589472 0.0589899 0.0579887 0.0562847 0.0541775 0.0519206 0.049711 0.0476617 0.0457502 0.0437621 0.0412883 0.0378435 0.033107 0.0271676 0.0205943
 0.00588358 0.0096364 0.0146534 0.0209427 0.0283385 0.0363806 0.0442906 0.0511697 0.0563278 0.0594997 0.0608133 0.0606064 0.0592652 0.0571511 0.0545807 0.0518192 0.0490714 0.0464616 0.0439942 0.041506 0.0386611 0.035051 0.0304013 0.0247886 0.0187061
 0.0061347 0.0100478 0.015278 0.0218315 0.0295297 0.0378839 0.0460714 0.053145 0.0583795 0.061499 0.0626415 0.0621651 0.0604765 0.0579545 0.0549295 0.0516767 0.0484079 0.0452576 0.0422521 0.0392731 0.0360543 0.0322644 0.0276826 0.0223811 0.0167825
 0.00637761 0.0104475 0.0158888 0.0227064 0.0307108 0.0393847 0.0478599 0.0551375 0.0604525 0.0635131 0.064466 0.063693 0.0616295 0.0586806 0.0551964 0.0514629 0.047697 0.0440384 0.0405301 0.0370919 0.03352 0.0295569 0.0250354 0.0200284 0.0148948
 0.00661115 0.0108307 0.0164721 0.0235393 0.0318324 0.0408087 0.0495589 0.0570362 0.0624376 0.0654533 0.0662333 0.0651767 0.0627443 0.0593684 0.0554239 0.0512152 0.0469696 0.0428337 0.0388633 0.0350086 0.0311191 0.0270024 0.0225406 0.0178095 0.013111
 0.00684904 0.0112197 0.0170616 0.0243764 0.0329521 0.0422192 0.0512265 0.0588807 0.0643433 0.067292 0.0678847 0.0665412 0.0637462 0.0599562 0.055568 0.0509038 0.0462038 0.0416247 0.0372358 0.0330137 0.0288523 0.0246137 0.0202216 0.0157536 0.0114603
 0.00705341 0.011558 0.0175817 0.0251262 0.0339695 0.0435161 0.0527728 0.0605995 0.0661222 0.0690057 0.0694163 0.0677952 0.0646531 0.0604712 0.0556676 0.050581 0.0454634 0.0404816 0.0357187 0.0311758 0.0267846 0.0224523 0.0181361 0.0139124 0.00998567
 0.00727904 0.0119255 0.0181359 0.0259089 0.0350106 0.0448204 0.0543062 0.0622834 0.0678441 0.0706398 0.0708453 0.0689246 0.065418 0.0608367 0.0556239 0.0501367 0.0446382 0.0393022 0.034222 0.0294172 0.0248502 0.0204645 0.0162425 0.0122562 0.00866816
 0.00746311 0.0122281 0.0185975 0.0265686 0.0358981 0.045943 0.0556355 0.0637517 0.0693539 0.0720823 0.0721186 0.0699444 0.0661219 0.0611857 0.0556018 0.0497468 0.0438992 0.038244 0.0328852 0.0278589 0.0231517 0.0187343 0.0146071 0.0108351 0.00754352
 0.00751481 0.012319 0.0187477 0.0268033 0.036245 0.0464264 0.0562693 0.0645327 0.0702586 0.0730671 0.0731219 0.070893 0.0669392 0.0618008 0.0559581 0.0498069 0.0436468 0.0376843 0.0320445 0.0267859 0.0219197 0.0174403 0.0133616 0.00974112 0.0066721
 0.00759634 0.0124413 0.0189132 0.0270097 0.0364881 0.0467056 0.0565903 0.0649066 0.0706965 0.0735739 0.0736898 0.0714974 0.0675385 0.0623401 0.056376 0.0500456 0.0436609 0.0374484 0.0315583 0.0260774 0.0210462 0.0164842 0.0124185 0.0089005 0.00599664
 0.00765161 0.0125262 0.0190316 0.0271608 0.0366663 0.0469006 0.0567888 0.0650967 0.0708745 0.0737486 0.0738822 0.0717309 0.0678257 0.0626714 0.0567169 0.050342 0.0438519 0.03748 0.0313971 0.02572 0.0205228 0.0158554 0.0117627 0.00829548 0.00549972
 0.00772077 0.0126305 0.0191731 0.0273358 0.0368659 0.0471123 0.0569978 0.0652871 0.0710318 0.0738643 0.0739582 0.0717816 0.0678739 0.0627398 0.0568163 0.0504625 0.0439614 0.0375325 0.0313472 0.0255393 0.020212 0.0154466 0.0113112 0.00786275 0.00513517
 0.00779131 0.0127407 0.0193302 0.0275421 0.0371173 0.047396 0.0572917 0.0655617 0.0712566 0.0740164 0.0740285 0.0717765 0.0678124 0.062648 0.0567205 0.0503812 0.0438974 0.0374704 0.0312582 0.0253938 0.019994 0.0151635 0.010993 0.00755116 0.00486754
 0.00782725 0.0127986 0.0194162 0.0276614 0.0372725 0.0475855 0.057507 0.0657871 0.0714709 0.0741971 0.0741568 0.0718413 0.0678128 0.0625934 0.0566285 0.0502719 0.0437871 0.0373649 0.0311506 0.0252685 0.0198365 0.0149706 0.0107773 0.00733668 0.00467969
 0.00783621 0.0128104 0.0194292 0.0276731 0.0372813 0.0475929 0.057519 0.0658127 0.071519 0.0742717 0.0742539 0.0719492 0.0679155 0.0626762 0.0566819 0.0502946 0.0437839 0.0373423 0.0311119 0.0252112 0.0197554 0.0148636 0.0106507 0.0072048 0.00455954
 0.007884 0.0128793 0.0195165 0.0277701 0.0373757 0.0476721 0.0575738 0.0658397 0.071521 0.0742572 0.0742351 0.0719371 0.0679159 0.0626871 0.0566958 0.0503019 0.0437775 0.0373194 0.0310727 0.0251567 0.0196859 0.0147804 0.0105582 0.00711145 0.0044754
 0.00790472 0.0129133 0.0195679 0.0278416 0.0374666 0.0477759 0.0576771 0.0659243 0.0715701 0.0742627 0.074201 0.0718779 0.0678505 0.0626318 0.0566584 0.0502814 0.0437667 0.0373091 0.0310552 0.0251275 0.0196438 0.0147268 0.0104972 0.00704929 0.00441904
 0.00788007 0.0128753 0.0195146 0.0277738 0.0373878 0.0476932 0.0576008 0.0658656 0.0715376 0.0742584 0.0742201 0.0719125 0.0678941 0.0626819 0.0567163 0.0503482 0.0438402 0.0373831 0.0311211 0.0251775 0.0196731 0.0147349 0.0104876 0.00702837 0.004394
 0.00787419 0.0128573 0.0194723 0.0276916 0.0372524 0.047501 0.0573641 0.0656133 0.0713073 0.0740855 0.0741277 0.0719067 0.0679657 0.0628121 0.0568834 0.0505331 0.0440282 0.0375629 0.0312834 0.0253143 0.0197789 0.014808 0.0105307 0.00704789 0.00439816
 0.00788537 0.0128714 0.0194856 0.0276966 0.0372378 0.0474536 0.0572718 0.0654696 0.071117 0.0738678 0.0739146 0.0717345 0.0678636 0.0627934 0.0569437 0.0506545 0.044187 0.0377362 0.0314525 0.0254654 0.019903 0.014901 0.0105933 0.00708463 0.0044161
 0.00787924 0.0128624 0.0194735 0.0276813 0.0372187 0.0474283 0.0572355 0.0654155 0.071038 0.0737605 0.0737824 0.0715909 0.0677306 0.0626965 0.0569031 0.0506787 0.0442703 0.0378617 0.0315985 0.0256111 0.0200326 0.0150049 0.0106684 0.00713334 0.00444396
 0.00787401 0.0128497 0.019447 0.0276331 0.0371424 0.0473227 0.0571072 0.0652783 0.070908 0.0736498 0.073696 0.0715273 0.0676872 0.0626738 0.056907 0.0507173 0.0443488 0.0379778 0.031741 0.0257632 0.0201766 0.0151274 0.0107624 0.00719818 0.00448411
 0.00788124 0.0128609 0.0194625 0.0276519 0.0371611 0.0473348 0.057104 0.0652508 0.0708513 0.0735663 0.0735955 0.0714239 0.0675934 0.0625982 0.0568543 0.0506909 0.0443522 0.0380128 0.0318053 0.0258487 0.020271 0.0152172 0.0108375 0.00725382 0.00452072
 0.00780752 0.0127478 0.0193051 0.0274511 0.0369241 0.0470754 0.056842 0.0650101 0.0706552 0.073432 0.0735305 0.0714269 0.0676573 0.0627127 0.057008 0.0508722 0.0445503 0.0382187 0.0320112 0.0260468 0.0204525 0.0153736 0.0109624 0.0073452 0.00458143
 0.00779968 0.0127243 0.0192505 0.0273455 0.0367499 0.0468269 0.0565329 0.0646736 0.0703354 0.0731705 0.0733561 0.0713509 0.067676 0.0628123 0.0571699 0.0510772 0.0447806 0.0384589 0.0322486 0.0262707 0.0206537 0.0155445 0.0110981 0.00744493 0.00464843
 0.00777622 0.0126888 0.019201 0.0272803 0.0366648 0.046714 0.0563813 0.064475 0.0700917 0.0729003 0.0730935 0.0711368 0.0675446 0.0627814 0.0572377 0.0512269 0.0449877 0.0386979 0.0324968 0.0265098 0.0208698 0.0157279 0.0112435 0.00755172 0.00472046
 0.00774725 0.0126399 0.0191245 0.0271688 0.0365142 0.0465262 0.0561667 0.06425 0.0698735 0.0727013 0.072921 0.0709974 0.0674492 0.0627451 0.0572743 0.0513412 0.0451718 0.0389328 0.0327575 0.0267712 0.021111 0.0159343 0.0114074 0.00767193 0.00480144
 0.00930968 0.0148235 0.0217524 0.0298567 0.038782 0.0479766 0.0566265 0.0637974 0.0687547 0.0712086 0.0713005 0.0694141 0.0659947 0.0614619 0.0561785 0.0504364 0.044454 0.03839 0.0323694 0.0265111 0.0209491 0.0158424 0.0113611 0.00765256 0.0047959
 0.00931044 0.0151153 0.0227033 0.031921 0.0423018 0.0529137 0.0623928 0.0693505 0.0729676 0.0733133 0.0711424 0.0673932 0.0627909 0.0577447 0.0524414 0.0469704 0.0413978 0.0357926 0.0302328 0.0248121 0.019649 0.0148907 0.0106999 0.00722018 0.00453215
 0.00897381 0.0145866 0.021964 0.0310227 0.041419 0.052379 0.062656 0.0708174 0.0757553 0.0770691 0.0750883 0.0706208 0.0646398 0.0580317 0.0514288 0.0451513 0.039265 0.0337051 0.0283925 0.0233013 0.0184772 0.0140292 0.0101014 0.00682976 0.00429483
 0.00880027 0.0142956 0.0215104 0.0303622 0.0405259 0.0512777 0.0614621 0.0697643 0.0751754 0.077301 0.0763238 0.0727611 0.0672645 0.0605349 0.0532642 0.0460411 0.0392547 0.0330628 0.0274479 0.0223223 0.017624 0.0133661 0.00963006 0.00652048 0.00410733
 0.00871896 0.0141585 0.0212941 0.0300399 0.0400704 0.0506693 0.0607006 0.0688858 0.0742694 0.0765216 0.075878 0.0728561 0.0680162 0.0618785 0.0549342 0.0476564 0.0404731 0.0337125 0.0275603 0.0220662 0.017202 0.0129363 0.00927844 0.00627201 0.00395108
 0.00870614 0.0141328 0.0212459 0.0299555 0.0399331 0.0504616 0.0604075 0.0684987 0.0737916 0.0759785 0.0753294 0.0724035 0.0677912 0.0620008 0.0554496 0.0484895 0.0414356 0.0345747 0.0281489 0.0223263 0.0171917 0.0127709 0.00906849 0.00608802 0.00382003
 0.00868042 0.0140914 0.0211841 0.0298689 0.0398174 0.050313 0.0602236 0.0682784 0.0735352 0.0756889 0.0750157 0.072089 0.0675208 0.0618416 0.0554744 0.0487436 0.0419009 0.0351605 0.0287219 0.0227676 0.0174445 0.0128506 0.00903575 0.00600956 0.00374231
 0.00866564 0.0140688 0.0211527 0.0298283 0.0397675 0.0502534 0.0601528 0.0681939 0.0734337 0.0755664 0.0748693 0.0719197 0.0673384 0.0616701 0.055353 0.0487181 0.0420048 0.0353921 0.0290357 0.0230889 0.0177026 0.0130082 0.00909735 0.00600687 0.0037118
 0.00867472 0.0140791 0.02116 0.0298261 0.0397492 0.0502151 0.0600954 0.0681228 0.0733558 0.0754867 0.0747887 0.0718352 0.067247 0.0615733 0.0552616 0.0486534 0.0419933 0.0354536 0.0291691 0.023268 0.017885 0.0131548 0.00918857 0.00604628 0.00371706
 0.00868389 0.0140947 0.0211844 0.029861 0.0397941 0.0502653 0.0601417 0.068153 0.0733593 0.0754583 0.0747306 0.0717549 0.0671531 0.061473 0.0551617 0.0485631 0.0419257 0.0354235 0.0291863 0.0233293 0.0179732 0.013245 0.00925984 0.00608966 0.00373559
 0.00866754 0.0140758 0.0211702 0.0298628 0.0398237 0.0503301 0.0602398 0.0682719 0.0734787 0.0755562 0.0747886 0.0717629 0.0671113 0.0613902 0.0550519 0.0484424 0.0418103 0.0353285 0.0291233 0.0233034 0.01798 0.0132721 0.00929214 0.0061156 0.00375068
 0.00863971 0.0140289 0.0210971 0.0297581 0.0396872 0.0501714 0.0600802 0.0681415 0.073406 0.0755565 0.0748578 0.0718798 0.0672464 0.0615168 0.0551527 0.0485122 0.0418535 0.0353554 0.0291456 0.0233302 0.018015 0.0133129 0.00933241 0.00614889 0.00377363
 0.0086276 0.0140082 0.0210639 0.0297077 0.0396149 0.0500739 0.0599584 0.0680029 0.073266 0.0754372 0.0747823 0.0718642 0.0672931 0.0616131 0.055276 0.0486383 0.0419649 0.0354448 0.0292147 0.0233852 0.0180622 0.0133555 0.00936999 0.00617945 0.00379564
 0.0086313 0.014013 0.021069 0.0297109 0.0396131 0.0500631 0.0599342 0.0679612 0.073205 0.075359 0.074695 0.0717819 0.0672321 0.0615867 0.0552888 0.0486843 0.0420306 0.0355151 0.0292787 0.0234385 0.0181051 0.0133904 0.00939854 0.00620206 0.0038122
 0.00862048 0.0139991 0.0210545 0.0297004 0.039611 0.0500718 0.0599517 0.0679813 0.0732188 0.0753582 0.0746749 0.0717427 0.0671805 0.0615338 0.0552472 0.0486636 0.042034 0.0355386 0.0293139 0.0234766 0.0181402 0.0134198 0.00942198 0.00621989 0.00382499
 0.00862048 0.0139991 0.0210545 0.0297004 0.039611 0.0500718 0.0599517 0.0679813 0.0732188 0.0753582 0.0746749 0.0717427 0.0671805 0.0615338 0.0552472 0.0486636 0.042034 0.0355386 0.0293139 0.0234766 0.0181402 0.0134198 0.00942198 0.00621989 0.00382499
#pred catch len freq
 0.0057848 0.00906726 0.0130527 0.0175654 0.0224774 0.0277014 0.0331065 0.0384674 0.0435068 0.0479746 0.0516964 0.0545827 0.0566234 0.057872 0.0584118 0.0583195 0.0576429 0.056393 0.0545302 0.0519358 0.0483984 0.0436748 0.0376545 0.0305567 0.0230037
 0.0061239 0.0095272 0.0135821 0.0180759 0.022889 0.0280034 0.0333902 0.0388965 0.0442294 0.0490268 0.0529586 0.0558156 0.0575626 0.058328 0.0583311 0.0577859 0.0568268 0.055473 0.0536225 0.0510628 0.047513 0.0427226 0.0366334 0.0295345 0.022085
 0.00666757 0.0103482 0.0146958 0.0194428 0.0244127 0.0295403 0.0347743 0.039984 0.0449567 0.0494477 0.0532186 0.0560623 0.0578461 0.0585636 0.0583502 0.0574376 0.05606 0.0543511 0.052275 0.049617 0.0460518 0.04129 0.0352686 0.0282957 0.0210423
 0.00705537 0.0109704 0.0156168 0.0207153 0.0260655 0.0315569 0.0370663 0.0423776 0.0472102 0.0513073 0.0544944 0.0566895 0.0578927 0.0581719 0.0576469 0.0564735 0.0548178 0.0528055 0.0504487 0.0475948 0.0439556 0.0392466 0.0333914 0.0266787 0.0197504
 0.00740052 0.0115043 0.016373 0.0217165 0.0273318 0.0331124 0.0389324 0.0445469 0.0496111 0.053778 0.0567901 0.0585329 0.0590541 0.0585401 0.0572491 0.0554329 0.0532811 0.0508911 0.0482442 0.0451874 0.0414603 0.0368083 0.0311625 0.0247871 0.0182721
 0.00773733 0.0120236 0.0171028 0.0226675 0.0285009 0.0344898 0.0405045 0.046296 0.0515111 0.0557847 0.0588223 0.0604533 0.060669 0.0596337 0.0576444 0.055048 0.0521471 0.0491257 0.0460059 0.0426449 0.0387864 0.0341825 0.0287616 0.0227577 0.0166993
 0.0080403 0.012499 0.0177869 0.0235841 0.0296599 0.0358841 0.0421049 0.0480479 0.0533405 0.0576106 0.0605676 0.062045 0.0620263 0.0606532 0.0581991 0.0550105 0.0514309 0.0477227 0.0439991 0.0401938 0.0360997 0.0314882 0.0262768 0.0206546 0.0150743
 0.00842044 0.013078 0.0185874 0.0246057 0.0308868 0.0372952 0.043676 0.0497442 0.0551064 0.0593655 0.0622134 0.0634815 0.0631669 0.0614298 0.0585543 0.0548855 0.0507666 0.0464802 0.0421926 0.037916 0.0335239 0.0288428 0.0238 0.0185421 0.0134385
 0.00888959 0.0137856 0.0195504 0.0258051 0.0322772 0.0388196 0.0452765 0.0513637 0.0566873 0.0608503 0.0635446 0.0646012 0.0640167 0.0619545 0.0587058 0.0546238 0.0500582 0.0453016 0.0405466 0.0358571 0.0311773 0.0264 0.0214818 0.0165442 0.0118812
 0.00922482 0.0143181 0.0203276 0.0268611 0.0336242 0.0404365 0.0470976 0.0532781 0.0585564 0.062537 0.0649407 0.065639 0.0646662 0.0622106 0.0585746 0.0541119 0.0491675 0.0440323 0.0389102 0.0338975 0.028991 0.0241407 0.0193373 0.0146895 0.0104297
 0.00950345 0.0147561 0.0209609 0.0277172 0.0347231 0.0417883 0.0486919 0.0550695 0.0604528 0.0644012 0.0666094 0.0669559 0.0655168 0.0625434 0.0583987 0.0534754 0.0481306 0.04265 0.0372313 0.0319797 0.0269215 0.0220461 0.0173714 0.0129976 0.00910744
 0.0097388 0.0151266 0.0214966 0.028441 0.0356498 0.0429236 0.0500268 0.0565732 0.0620681 0.0660432 0.0681668 0.0682996 0.0665164 0.0630919 0.0584363 0.0530001 0.0471906 0.0413233 0.0356064 0.0301491 0.0249873 0.0201272 0.0155976 0.0114865 0.00793327
 0.00988939 0.0153549 0.021811 0.0288423 0.0361376 0.0435031 0.0507116 0.0573797 0.0630032 0.0670916 0.0692829 0.0694067 0.0675145 0.0638711 0.0588956 0.0530665 0.0468347 0.0405638 0.0345039 0.028794 0.0234898 0.0186089 0.0141805 0.0102739 0.00698879
 0.00989082 0.015362 0.0218307 0.028885 0.0362156 0.0436291 0.0508982 0.0576405 0.0633547 0.067552 0.0698649 0.0701049 0.0682934 0.0646614 0.0596008 0.0535819 0.0470705 0.0404663 0.034068 0.0280646 0.0225529 0.0175762 0.0131689 0.00938336 0.0062832
 0.00981698 0.0152555 0.0216959 0.0287353 0.0360711 0.0435119 0.0508282 0.0576344 0.0634264 0.0677139 0.0701284 0.0704781 0.0687756 0.0652339 0.0602191 0.0541745 0.0475491 0.0407466 0.0340933 0.0278234 0.0220842 0.0169598 0.0125044 0.00876443 0.00577555
 0.00987756 0.0153315 0.0217693 0.0287775 0.0360528 0.0434184 0.0506706 0.057449 0.0632619 0.0676146 0.0701225 0.0705764 0.068976 0.0655258 0.0605829 0.0545764 0.0479377 0.0410575 0.0342635 0.0278116 0.0218875 0.0166171 0.0120845 0.00834356 0.00541418
 0.0099736 0.0154621 0.0219178 0.0289098 0.0361236 0.0433836 0.0505013 0.0571426 0.0628485 0.0671556 0.0696993 0.0702697 0.0688437 0.065589 0.0608253 0.0549531 0.048386 0.0415059 0.0346416 0.0280627 0.0219826 0.0165636 0.0119228 0.008131 0.00520523
 0.0101059 0.0156631 0.0221929 0.0292513 0.0365088 0.0437739 0.0508431 0.0573735 0.0629123 0.0670213 0.0693773 0.069815 0.0683427 0.0651355 0.0604936 0.0547798 0.0483649 0.0415956 0.0347805 0.0281876 0.0220456 0.0165443 0.0118305 0.00799634 0.00506443
 0.010184 0.0157903 0.0223845 0.029521 0.0368652 0.044214 0.0513455 0.0578935 0.0633845 0.0673706 0.0695365 0.0697452 0.0680495 0.0646722 0.0599481 0.0542479 0.0479218 0.041277 0.0345801 0.0280692 0.0219632 0.0164616 0.0117317 0.00788558 0.00495689
 0.0102217 0.0158516 0.0224773 0.0296547 0.0370505 0.0444627 0.0516661 0.0582858 0.0638311 0.0678318 0.0699515 0.070043 0.0681681 0.0645801 0.059658 0.0538155 0.0474284 0.0408026 0.03418 0.0277628 0.0217398 0.0162959 0.0116001 0.00777534 0.00486551
 0.010299 0.0159582 0.0226029 0.0297795 0.0371527 0.0445301 0.0517053 0.0583218 0.0638978 0.0679572 0.0701433 0.0702815 0.0684078 0.0647621 0.0597299 0.0537512 0.0472388 0.0405304 0.0338815 0.0274867 0.021513 0.016123 0.0114719 0.00768002 0.00479459
 0.0103245 0.0159987 0.0226617 0.0298567 0.0372435 0.0446224 0.051781 0.0583625 0.0638955 0.0679225 0.0701055 0.0702759 0.0684576 0.0648641 0.0598534 0.0538512 0.0472759 0.040488 0.0337708 0.0273377 0.0213589 0.0159873 0.0113647 0.00760095 0.0047388
 0.0102682 0.0159188 0.0225631 0.0297521 0.0371503 0.0445578 0.0517559 0.0583786 0.0639441 0.067988 0.0701721 0.0703364 0.0685173 0.0649363 0.0599478 0.0539631 0.0473851 0.0405684 0.0338039 0.0273215 0.021307 0.0159198 0.0112989 0.00754657 0.00469876
 0.0101773 0.0157808 0.0223744 0.0295168 0.0368811 0.0442749 0.0514864 0.0581535 0.0637928 0.06793 0.0702111 0.0704596 0.0687016 0.0651576 0.0601871 0.0542072 0.047622 0.0407835 0.0339812 0.0274497 0.0213844 0.0159548 0.0113057 0.00753927 0.00468724
 0.0101908 0.015792 0.022371 0.0294807 0.0367929 0.0441214 0.0512684 0.0578886 0.0635133 0.067676 0.070021 0.0703612 0.0687055 0.0652555 0.0603569 0.0544206 0.0478519 0.0410073 0.034181 0.0276126 0.0215037 0.0160315 0.0113475 0.00755708 0.00469167
 0.0101893 0.0157919 0.0223746 0.0294897 0.0368053 0.0441288 0.0512545 0.0578337 0.0634028 0.0675101 0.0698192 0.0701583 0.0685408 0.0651604 0.0603456 0.0544883 0.0479791 0.0411674 0.0343478 0.0277646 0.0216272 0.016121 0.0114047 0.00758869 0.00470623
 0.0100402 0.0155785 0.0221073 0.0291968 0.0365254 0.0438976 0.0510934 0.0577458 0.0633751 0.0675203 0.0698447 0.0701847 0.0685677 0.0652008 0.0604187 0.0546093 0.0481506 0.0413776 0.0345748 0.0279839 0.0218182 0.0162717 0.0115123 0.00765806 0.00474641
 0.00981478 0.0152456 0.0216693 0.0286802 0.0359758 0.0433701 0.0506435 0.0574213 0.0632083 0.0675197 0.0699913 0.0704376 0.068878 0.065527 0.0607368 0.0549134 0.0484455 0.0416684 0.0348594 0.0282518 0.0220552 0.0164654 0.0116573 0.0077569 0.00480743
 0.00961812 0.0149389 0.021233 0.0281069 0.0352746 0.042571 0.0498021 0.0566176 0.0625352 0.0670624 0.0698061 0.0705382 0.0692335 0.0660729 0.0613941 0.0556084 0.0491239 0.0422978 0.0354236 0.0287424 0.0224659 0.0167924 0.0119013 0.00792545 0.0049142
 0.0093375 0.0145253 0.0206886 0.0274584 0.0345617 0.0418302 0.0490576 0.0558874 0.0618468 0.066465 0.0693692 0.0703338 0.0693107 0.0664376 0.0620042 0.0563865 0.0499796 0.0431497 0.0362119 0.0294306 0.0230366 0.0172412 0.0122338 0.00815524 0.0050608
 0.0092049 0.0143135 0.0203777 0.0270349 0.0340237 0.0411931 0.0483579 0.0551783 0.0611846 0.0658959 0.0689251 0.0700391 0.069192 0.0665225 0.0623082 0.0568976 0.050652 0.0439125 0.0369873 0.0301518 0.0236579 0.01774 0.0126072 0.00841489 0.00522744
 0.00992658 0.0153198 0.0215828 0.028253 0.0350189 0.0417618 0.0483975 0.0547071 0.0603148 0.0647842 0.0677287 0.0688887 0.0681813 0.0657106 0.0617278 0.0565607 0.0505494 0.0440115 0.0372331 0.0304781 0.0240013 0.0180521 0.01286 0.00859994 0.00535035
 0.0107278 0.0165315 0.0232307 0.0302832 0.0372923 0.0440593 0.0504369 0.0561864 0.060987 0.0645398 0.0666376 0.0671728 0.0661338 0.0636101 0.0597839 0.0549005 0.0492294 0.0430363 0.0365713 0.0300744 0.0237886 0.017964 0.0128413 0.00861151 0.00536949
 0.0108965 0.016853 0.0238012 0.0312198 0.0387009 0.0459831 0.0528032 0.0587807 0.0634752 0.0665373 0.0678061 0.0673161 0.0652558 0.061908 0.057578 0.0525338 0.046984 0.041093 0.0350115 0.0289032 0.0229631 0.0174176 0.0125021 0.00841435 0.00526245
 0.0106787 0.0165541 0.0234587 0.0309173 0.0385641 0.0461615 0.0534404 0.0599718 0.0652157 0.0686808 0.0700609 0.0693014 0.0666082 0.0623947 0.0571658 0.0513838 0.045381 0.0393467 0.0333739 0.0275289 0.0219103 0.0166737 0.0120146 0.00811776 0.00509509
 0.0104057 0.016137 0.0228834 0.0301957 0.0377398 0.0453164 0.0526989 0.0594958 0.065177 0.069212 0.0711966 0.0709355 0.0684924 0.0641923 0.0585504 0.0521424 0.0454745 0.0389 0.0326072 0.0266706 0.0211313 0.0160626 0.0115888 0.00785061 0.00494304
 0.0103081 0.01597 0.0226164 0.0297948 0.0371756 0.0445781 0.0518115 0.0585339 0.0642676 0.0685213 0.070898 0.0711608 0.0692771 0.0654399 0.0600394 0.0535872 0.0466175 0.0395943 0.0328491 0.026571 0.0208493 0.0157404 0.011315 0.00765776 0.00482604
 0.0102942 0.0159461 0.0225765 0.0297283 0.0370647 0.0443955 0.0515241 0.0581134 0.0637094 0.0678636 0.0702329 0.0706237 0.0690133 0.0655545 0.0605495 0.0544003 0.0475541 0.040451 0.0334723 0.0269039 0.0209307 0.0156636 0.0111774 0.00752645 0.00473054
 0.0101518 0.0157409 0.0223161 0.0294355 0.0367697 0.044123 0.0512826 0.0578919 0.0634831 0.0676065 0.0699342 0.0703039 0.0687324 0.0654019 0.0606135 0.0547268 0.0481154 0.0411452 0.0341604 0.0274641 0.0213012 0.0158514 0.0112345 0.00751543 0.00469858
 0.0100413 0.0155749 0.0220923 0.0291625 0.0364665 0.0438166 0.0510038 0.0576694 0.0633342 0.0675287 0.0699034 0.0702854 0.0687007 0.0653592 0.0605964 0.0547917 0.0483088 0.0414733 0.034578 0.0278923 0.0216628 0.0161024 0.011374 0.0075721 0.00470915
 0.0100439 0.0155657 0.0220542 0.0290718 0.0362998 0.0435619 0.0506699 0.0572889 0.0629566 0.0672064 0.0696765 0.0701702 0.068687 0.0654202 0.0607052 0.0549372 0.0484985 0.0417206 0.0348822 0.0282274 0.0219844 0.0163677 0.0115601 0.00768177 0.00476211
