SBPRF35
10.3305
Curr Bio
647129
B35
800566
F35
0.186708
FOFL
0.145571
OFL
74660.3
Bzero
2.95156e+06
#pred survey bio
 4.00062e+06 3.86309e+06 3.71877e+06 3.51374e+06 3.25902e+06 2.972e+06 2.69e+06 2.42499e+06 2.14208e+06 1.92393e+06 1.69613e+06 1.4976e+06 1.30928e+06 1.17652e+06 1.04693e+06 923334 812077 748798 701040 660242 636600 602316 592070 582684 569983 566431 558759 561184 561580 562646 562291 566458 574136 578503 560763 542860 535758 531480 518796 528049 527314 539244 546778 550587 558601 569148 578848 595135 604695 625204 654722 2.24068e+07 1.38893e+07 1.45507e+07 1.5579e+07 1.67985e+07 1.80296e+07 1.91526e+07 2.01103e+07 2.089e+07 2.15046e+07 2.19783e+07 2.23379e+07 2.26083e+07 2.28105e+07 2.29614e+07 2.3074e+07 2.31582e+07 2.32214e+07 2.3269e+07 2.3305e+07 2.33325e+07 2.33535e+07 2.33697e+07 2.33822e+07 2.33919e+07 2.33994e+07 2.34053e+07 2.34099e+07 2.34136e+07 2.34164e+07 2.34187e+07 2.34205e+07 2.34219e+07 2.3423e+07 2.34239e+07 2.34247e+07 2.34252e+07 2.34257e+07 2.3426e+07 2.34263e+07 2.34266e+07 2.34268e+07 2.34269e+07 2.3427e+07 2.34271e+07 2.34272e+07 2.34272e+07 2.34273e+07 2.34273e+07 2.34274e+07 2.34274e+07 2.34274e+07 2.34274e+07 2.34274e+07 2.34275e+07 2.34275e+07 2.34275e+07 2.34275e+07 2.34275e+07 2.34275e+07 2.34275e+07 2.34275e+07 2.34275e+07 2.34275e+07 2.34275e+07 2.34275e+07 2.34275e+07 2.34275e+07 2.34275e+07 2.34275e+07 2.34275e+07 2.34275e+07 2.34275e+07 2.34275e+07 2.34275e+07 2.34275e+07 2.34275e+07 2.34275e+07 2.34275e+07 2.34275e+07 2.34275e+07 2.34275e+07 2.34275e+07 2.34275e+07 2.34275e+07 2.34275e+07 2.34275e+07 2.34275e+07 2.34275e+07 2.34275e+07 2.34275e+07 2.34275e+07 2.34275e+07 2.34275e+07 2.34275e+07 2.34275e+07 2.34275e+07 2.34275e+07 2.34275e+07 2.34275e+07 0 0 0 0 0 0 0 0 0 0 0 0 0 0 0 0 0 0 0 0 0 0 0 0 0
#obs survey bio
 2.36813e+06 3.59701e+06 5.28769e+06 2.51215e+06 2.30442e+06 3.01792e+06 2.40326e+06 2.03057e+06 1.58531e+06 1.72289e+06 1.93315e+06 1.24961e+06 1.17568e+06 1.04982e+06 1.07404e+06 882701 780533 499606 528900 859478 355354 430691 427557 660700 572532 460036 533483 524079 588111 510428 516729 460711 839129 604269 612061 665349 521294 722068 406099 477758 566431 481605 431678 639034 654586 698563 461302 549822 576812 748856 916006
#pred catch bio
 87828.4 94235.7 156274 214932 263391 280881 287903 324936 284203 306542 290242 287559 242844 242355 236269 222204 177755 161877 151938 133417 138923 116209 114315 115366 106204 108549 99094.6 100176 98722.9 98543.1 93139.9 88826.5 89834.7 105000 100701 90177.4 90425.9 100537 83955.3 93134.1 82716.2 87484.4 91416.2 88620.6 87734.9 90301.2 87466.7 96114.3 90076.9 86242.9 123449 74660.3 96911.2 100488 106559 114445 122559 129900 136042 140912 144626 147378 149371 150791 151788 152480 152958 153284 153506 153657 153758 153827 153873 153903 153924 153938 153947 153953 153957 153960 153962 153963 153963 153964 153964 153965 153965 153965 153965 153965 153965 153965 153965 153965 153965 153965 153965 153965 153965 153965 153965 153965 153965 153965 153965 153965 153965 153965 153965 153965 153965 153965 153965 153965 153965 153965 153965 153965 153965 153965 153965 153965 153965 153965 153965 153965 153965 153965 153965 153965 153965 153965 153965 153965 153965 153965 153965 153965 153965 153965 153965 153965 153965 153965 153965 153965 153965 153965 153965 153965 153965 0 0 0 0 0 0 0 0 0 0 0 0 0 0 0 0 0 0 0 0 0 0 0 0 0
#obs catch bio
 0 94017.9 156603 215636 265107 282902 290884 330778 289059 312030 294593 293216 246289 247021 240384 226441 180233 165479 155234 134287 140942 117669 116054 116860 107082 110036 100136 101182 99532.1 99695.4 93843.4 89347.1 90087 105147 100955 89901.8 90392.6 100161 83839.4 93009 81808.8 86867.9 91137.7 88237 87159.4 89617.7 87109.1 95966.6 90115.1 85823.5 123821
#pred cpue bio
 3.93996e+06 3.80544e+06 3.66303e+06 3.45869e+06 3.20467e+06 2.91851e+06 2.63737e+06 2.37329e+06 2.09204e+06 1.87523e+06 1.64944e+06 1.45282e+06 1.26663e+06 1.13525e+06 1.0074e+06 885907 776920 714969 668576 629478 607009 573815 563826 554840 542760 539470 532155 534707 535314 536595 536666 541193 549124 553964 537404 520523 513060 507439 494157 503141 502904 514704 521898 525450 533199 543354 552464 567825 576679 596217 624745 2.13916e+07 1.32802e+07 1.38335e+07 1.4744e+07 1.59218e+07 1.71428e+07 1.82638e+07 1.92211e+07 2.00007e+07 2.06153e+07 2.1089e+07 2.14486e+07 2.1719e+07 2.19212e+07 2.20721e+07 2.21847e+07 2.22689e+07 2.2332e+07 2.23797e+07 2.24157e+07 2.24432e+07 2.24642e+07 2.24804e+07 2.24929e+07 2.25026e+07 2.25101e+07 2.2516e+07 2.25206e+07 2.25243e+07 2.25271e+07 2.25294e+07 2.25312e+07 2.25326e+07 2.25337e+07 2.25346e+07 2.25353e+07 2.25359e+07 2.25364e+07 2.25367e+07 2.2537e+07 2.25373e+07 2.25374e+07 2.25376e+07 2.25377e+07 2.25378e+07 2.25379e+07 2.25379e+07 2.2538e+07 2.2538e+07 2.25381e+07 2.25381e+07 2.25381e+07 2.25381e+07 2.25381e+07 2.25381e+07 2.25381e+07 2.25382e+07 2.25382e+07 2.25382e+07 2.25382e+07 2.25382e+07 2.25382e+07 2.25382e+07 2.25382e+07 2.25382e+07 2.25382e+07 2.25382e+07 2.25382e+07 2.25382e+07 2.25382e+07 2.25382e+07 2.25382e+07 2.25382e+07 2.25382e+07 2.25382e+07 2.25382e+07 2.25382e+07 2.25382e+07 2.25382e+07 2.25382e+07 2.25382e+07 2.25382e+07 2.25382e+07 2.25382e+07 2.25382e+07 2.25382e+07 2.25382e+07 2.25382e+07 2.25382e+07 2.25382e+07 2.25382e+07 2.25382e+07 2.25382e+07 2.25382e+07 2.25382e+07 2.25382e+07 2.25382e+07 2.25382e+07 2.25382e+07 2.25382e+07 0 0 0 0 0 0 0 0 0 0 0 0 0 0 0 0 0 0 0 0 0 0 0 0 0
#obs cpue bio
 2.82848e+06 3.77809e+06 3.46848e+06 3.42218e+06 2.9011e+06 2.43078e+06 1.71079e+06 1.90168e+06 1.64328e+06 2.56167e+06 1.3983e+06 1.24418e+06 1.26298e+06 875011 925299 725057 663009 511426 693692 809051 704495 549486 561659 500945 537673 442020 482179 543815 492699 409657 643241 645422 430295 723062 417426 588133 441112 604824 413237 757115 929685 510985 534268 513564 593422 563509 505540 609316 468932 637855 385016
#pred surv len freq
 0.00416159 0.00692542 0.0107366 0.0156728 0.0216559 0.0283419 0.0351134 0.0412591 0.0462524 0.0499204 0.0524019 0.0539811 0.0549415 0.055496 0.0557703 0.055809 0.0555936 0.0550592 0.0540853 0.052457 0.0498394 0.0458442 0.0402314 0.033159 0.0252915
 0.00437183 0.00717609 0.0109499 0.0157317 0.0214499 0.0278315 0.0343713 0.0404535 0.0455712 0.0494818 0.052207 0.0539339 0.0549169 0.0554125 0.0556313 0.0556976 0.0556292 0.0553344 0.0546131 0.0531528 0.0505517 0.04642 0.0405802 0.0332794 0.0252513
 0.00454367 0.00748244 0.0114528 0.0164841 0.0224581 0.029012 0.035536 0.0413554 0.0460052 0.0493831 0.0516762 0.0531681 0.0540987 0.0546376 0.0549123 0.0550224 0.0550149 0.0548358 0.0542855 0.0530046 0.0505254 0.0464186 0.0405195 0.0331292 0.0250383
 0.00474054 0.00779978 0.0119277 0.0171553 0.0233637 0.0301794 0.0369584 0.0429603 0.0476344 0.0508073 0.0526569 0.0535448 0.0538509 0.0538786 0.0538229 0.0537737 0.0537302 0.0535975 0.0531532 0.052017 0.0496899 0.0457104 0.0399019 0.0325809 0.0245642
 0.00496208 0.00816558 0.0124882 0.0179598 0.0244499 0.0315576 0.0385979 0.0447865 0.0495375 0.0526534 0.0542905 0.0547932 0.0545481 0.0539137 0.0531852 0.0525617 0.0521154 0.0517681 0.0512718 0.0502037 0.0480229 0.0442344 0.0386389 0.0315415 0.0237524
 0.00521281 0.00857575 0.0131105 0.0188457 0.0256402 0.0330678 0.0404017 0.0468086 0.0516625 0.054745 0.0562092 0.0564031 0.0557164 0.0545141 0.0531181 0.0517868 0.0506789 0.0498031 0.0489681 0.047765 0.0456318 0.042035 0.0367335 0.0299908 0.0225757
 0.00546002 0.00898261 0.0137321 0.0197367 0.0268443 0.0346018 0.0422383 0.0488713 0.0538367 0.0568997 0.0582157 0.0581428 0.0570789 0.0553939 0.0534148 0.0514186 0.0496073 0.0480609 0.0466732 0.0451095 0.0428482 0.0393549 0.0343499 0.0280326 0.0210953
 0.00566155 0.00932239 0.0142663 0.0205256 0.0279413 0.0360338 0.0439872 0.0508669 0.0559679 0.0590365 0.0602304 0.0599207 0.05852 0.056408 0.0539169 0.0513282 0.04886 0.0466324 0.0446089 0.0425436 0.0399974 0.0364823 0.0317113 0.0258217 0.019409
 0.00591155 0.00973227 0.0148899 0.0214165 0.0291433 0.0375662 0.0458281 0.0529452 0.0581709 0.0612295 0.0622773 0.0616996 0.0599303 0.0573709 0.0543696 0.0512159 0.0481337 0.0452602 0.0426032 0.0399921 0.0370805 0.0334576 0.0288618 0.0233868 0.0175268
 0.00609315 0.0100322 0.0153503 0.0220807 0.030049 0.0387336 0.0472478 0.0545731 0.059934 0.0630384 0.0640374 0.0633162 0.0613108 0.0584268 0.0550192 0.0513859 0.0477607 0.0442983 0.0410417 0.0378833 0.0345633 0.0307554 0.0262431 0.0210981 0.0157276
 0.00634674 0.010445 0.0159722 0.0229573 0.0312119 0.0401854 0.0489479 0.0564347 0.0618391 0.0648643 0.0656789 0.0646953 0.0623741 0.0591359 0.0553403 0.0512825 0.0471919 0.043226 0.0394491 0.0358033 0.0321051 0.0281119 0.0236621 0.0188202 0.0139188
 0.00658085 0.0108306 0.0165615 0.0238012 0.0323487 0.0416234 0.0506485 0.0583078 0.0637572 0.0666891 0.0672875 0.0659954 0.0633081 0.0596758 0.0554772 0.0510137 0.04651 0.0421176 0.0379071 0.0338526 0.0298313 0.0256745 0.0212754 0.0167011 0.0122238
 0.00689273 0.0113294 0.0172968 0.024813 0.0336598 0.0432273 0.052496 0.060302 0.0657649 0.0685643 0.0688961 0.067233 0.0641082 0.0600106 0.0553517 0.0504527 0.0455442 0.0407732 0.0362084 0.0318388 0.0275816 0.0233245 0.0190065 0.0146992 0.0106251
 0.00707283 0.0116316 0.0177685 0.0255031 0.034607 0.0444429 0.0539478 0.0619119 0.0674238 0.0701559 0.0703164 0.0683974 0.0649513 0.0604853 0.0554301 0.0501277 0.044827 0.039688 0.0347898 0.0301376 0.0256779 0.0213383 0.0170901 0.013007 0.00927068
 0.0072415 0.0119175 0.0182206 0.0261737 0.0355406 0.0456575 0.0554165 0.0635558 0.0691234 0.0717752 0.0717284 0.0695026 0.0656854 0.0608183 0.0553593 0.0496683 0.044005 0.0385372 0.0333532 0.0284731 0.0238676 0.019493 0.0153417 0.0114832 0.00806149
 0.00741725 0.0122105 0.0186749 0.0268352 0.0364472 0.0468244 0.0568202 0.0651272 0.0707552 0.0733406 0.0731017 0.0705762 0.0663821 0.0610975 0.0552167 0.0491289 0.0431119 0.0373424 0.0319142 0.0268566 0.022156 0.0177881 0.0137571 0.0101231 0.00699476
 0.00767299 0.0126131 0.0192563 0.0276165 0.0374358 0.0480086 0.0581632 0.0665636 0.0721964 0.0746873 0.074258 0.0714596 0.0669299 0.0612718 0.0550066 0.04855 0.0422022 0.0361556 0.0305147 0.0253175 0.0205612 0.016232 0.0123373 0.00892375 0.00606629
 0.00769052 0.0126587 0.0193566 0.0278066 0.0377504 0.0484694 0.0587679 0.0672853 0.0729932 0.0755148 0.0750753 0.0722262 0.0675989 0.0617878 0.0553126 0.0485989 0.0419687 0.0356428 0.0297541 0.0243659 0.0194954 0.0151418 0.0113141 0.00804488 0.00537936
 0.00758678 0.0125095 0.0191693 0.0276041 0.0375697 0.0483559 0.0587685 0.0674388 0.0733203 0.0760095 0.0757035 0.0729336 0.0683223 0.0624646 0.0558834 0.0490093 0.042173 0.0356121 0.0294852 0.0238861 0.0188609 0.0144295 0.0106077 0.00741765 0.00487916
 0.00768378 0.0126255 0.0192685 0.0276316 0.0374719 0.0481102 0.0584055 0.0670414 0.0729964 0.0758543 0.0757696 0.0732211 0.0687875 0.0630367 0.0564824 0.0495579 0.0426045 0.035876 0.0295528 0.0237568 0.0185644 0.0140217 0.0101583 0.00699327 0.00452771
 0.00779059 0.012785 0.0194797 0.0278777 0.0377165 0.048298 0.0584704 0.0669269 0.0726846 0.0753893 0.0752556 0.0727888 0.0685459 0.0630353 0.0567014 0.0499253 0.0430247 0.0362562 0.0298219 0.0238753 0.0185287 0.0138607 0.00992245 0.00673878 0.00430037
 0.00794984 0.0130453 0.0198721 0.0284268 0.0384288 0.0491457 0.0593785 0.067775 0.0733318 0.0757147 0.0751992 0.0723745 0.0678755 0.0622553 0.0559552 0.0493109 0.0425749 0.0359463 0.0295951 0.0236724 0.0183098 0.0136144 0.00966258 0.00649235 0.00409295
 0.007916 0.0129958 0.0198093 0.0283596 0.0383745 0.0491303 0.0594321 0.0679225 0.0735776 0.0760307 0.0755242 0.0726321 0.0680038 0.0622342 0.0558147 0.0491155 0.0423924 0.0358184 0.0295254 0.0236351 0.0182702 0.013549 0.00956799 0.00638203 0.00398663
 0.00785961 0.0129105 0.0196931 0.0282157 0.0382119 0.0489636 0.0592824 0.0678166 0.0735446 0.0760933 0.0756882 0.0728776 0.0682856 0.0624944 0.0560046 0.0492144 0.042413 0.0357945 0.0294907 0.0236063 0.0182457 0.0135179 0.00952312 0.00632538 0.00392749
 0.00793487 0.0130111 0.0198044 0.0283115 0.0382626 0.0489489 0.0592012 0.0676887 0.0734026 0.0759719 0.0756148 0.0728672 0.0683382 0.0625937 0.056121 0.0493148 0.0424729 0.0358073 0.0294664 0.0235625 0.0181963 0.013469 0.00947514 0.00627861 0.0038844
 0.00790225 0.0129697 0.0197626 0.028281 0.0382513 0.0489523 0.0591987 0.0676503 0.073306 0.0758188 0.0754354 0.0727092 0.0682468 0.0625937 0.0562096 0.0494659 0.0426489 0.0359729 0.0295987 0.023654 0.0182509 0.0134952 0.00948164 0.00627248 0.00387172
 0.00790148 0.0129665 0.0197546 0.0282668 0.0382325 0.0489356 0.0591948 0.0676685 0.0733453 0.0758634 0.0754603 0.0726942 0.06819 0.0625149 0.0561398 0.0494305 0.0426564 0.0360138 0.0296537 0.0237047 0.0182864 0.013513 0.00948484 0.00626648 0.00386161
 0.00785505 0.0128872 0.0196287 0.0280806 0.037977 0.0486139 0.0588283 0.0672975 0.0730217 0.0756356 0.0753588 0.0727227 0.0683275 0.0627266 0.0563917 0.0496989 0.0429282 0.0362801 0.0299041 0.0239263 0.0184679 0.0136491 0.00957737 0.00632299 0.00389215
 0.00780169 0.012807 0.01952 0.0279447 0.0378166 0.0484303 0.0586216 0.0670694 0.0727808 0.0754017 0.0751618 0.0725953 0.0682938 0.0627936 0.0565471 0.0499172 0.0431803 0.0365407 0.0301543 0.024152 0.0186588 0.0137989 0.00968527 0.00639359 0.00393371
 0.00766603 0.0126042 0.0192479 0.0276141 0.0374492 0.0480541 0.0582664 0.066763 0.0725443 0.0752462 0.0750879 0.0725985 0.0683703 0.062942 0.0567654 0.0501966 0.043503 0.0368821 0.0304884 0.0244566 0.0189182 0.014005 0.00983705 0.00649641 0.00399725
 0.00760406 0.0124914 0.0190575 0.0273175 0.0370275 0.0475139 0.0576509 0.0661479 0.0720169 0.0748767 0.0749101 0.072607 0.0685337 0.0632201 0.0571215 0.0506026 0.0439366 0.0373225 0.0309138 0.0248455 0.0192525 0.0142735 0.0100375 0.00663448 0.00408441
 0.00752802 0.0123681 0.0188717 0.027054 0.0366721 0.0470577 0.0570972 0.0655205 0.071365 0.0742722 0.0744338 0.072328 0.0684889 0.0634048 0.0574956 0.0511072 0.0445112 0.0379155 0.0314849 0.0253642 0.0196971 0.0146314 0.0103062 0.00682113 0.00420354
 0.00735266 0.012101 0.0185033 0.0265876 0.0361223 0.0464474 0.0564556 0.0648819 0.0707667 0.0737518 0.0740285 0.0720746 0.0684209 0.0635447 0.0578435 0.0516351 0.0451667 0.0386337 0.0322024 0.0260287 0.0202719 0.0150963 0.0106565 0.00706572 0.00436062
 0.00713029 0.0117562 0.0180168 0.0259555 0.0353602 0.0455928 0.0555697 0.0640433 0.0700553 0.0732282 0.0737212 0.0719824 0.0685267 0.0638293 0.058291 0.0522283 0.0458778 0.0394198 0.033008 0.0267959 0.0209513 0.0156555 0.0110832 0.00736628 0.00455508
 0.00714611 0.0117626 0.017991 0.0258654 0.0351735 0.0452919 0.0551628 0.0635662 0.0695608 0.0727696 0.0733392 0.0717 0.0683523 0.0637633 0.0583331 0.0523797 0.0461379 0.0397788 0.0334416 0.0272654 0.0214112 0.0160647 0.0114144 0.00761025 0.00471826
 0.00779796 0.0126833 0.0191185 0.0270519 0.0362238 0.0460272 0.0554749 0.0634365 0.0690461 0.0719733 0.0723832 0.0707022 0.0674093 0.0629412 0.0576676 0.0518834 0.04581 0.0396099 0.0334133 0.0273485 0.021567 0.016251 0.0115943 0.00775909 0.00482623
 0.00830203 0.0135109 0.0203686 0.0287938 0.0384493 0.0485943 0.05808 0.0656604 0.0704803 0.0723695 0.071737 0.0692276 0.0654322 0.0607837 0.0555754 0.0500079 0.0442243 0.038335 0.0324395 0.0266476 0.0210978 0.0159638 0.0114371 0.0076845 0.00479742
 0.00819082 0.0134318 0.0204383 0.0291853 0.0393484 0.0501253 0.060232 0.0682503 0.0731718 0.0747441 0.0733985 0.0699097 0.0650723 0.0595287 0.0537163 0.0478774 0.0421083 0.0364283 0.0308442 0.0253944 0.0201711 0.0153204 0.01102 0.00743385 0.00465866
 0.00799964 0.0131468 0.0200639 0.0287603 0.038958 0.0499075 0.0603655 0.0689104 0.0744559 0.076595 0.0755748 0.0720326 0.0667389 0.060441 0.0537683 0.0471656 0.0408711 0.0349515 0.0293776 0.0241068 0.0191441 0.0145669 0.0105092 0.00711411 0.0044745
 0.00774458 0.0127275 0.0194275 0.0278636 0.0377886 0.0485135 0.0588819 0.0675608 0.0735146 0.0763148 0.0761026 0.0733457 0.0686278 0.0625565 0.0557235 0.0486549 0.0417525 0.0352589 0.0292673 0.023775 0.0187578 0.0142299 0.0102635 0.00695862 0.00438796
 0.0078555 0.012859 0.0195342 0.0278704 0.0376075 0.0480734 0.0581588 0.0665974 0.0724235 0.0752677 0.0753033 0.0729842 0.0688218 0.0632986 0.0568647 0.0499435 0.0429186 0.036106 0.0297258 0.0238959 0.018661 0.0140421 0.0100756 0.006815 0.00429652
 0.0079115 0.0129458 0.0196541 0.0280147 0.0377492 0.0481601 0.0581149 0.0663415 0.0719023 0.0744928 0.074371 0.0720636 0.0681114 0.0629658 0.0569889 0.0504841 0.0437259 0.0369749 0.030471 0.0244111 0.0189349 0.0141322 0.0100627 0.00676593 0.00424959
 0.0078856 0.0129241 0.0196584 0.0280766 0.0378987 0.0484092 0.0584414 0.0666836 0.0721683 0.0745851 0.0742191 0.0716555 0.0675113 0.0623056 0.0564293 0.0501578 0.043687 0.037182 0.030812 0.0247579 0.0191956 0.0142755 0.0101077 0.0067542 0.00421863
 0.00786932 0.0128979 0.0196208 0.02803 0.0378535 0.0483864 0.058471 0.0667945 0.0723702 0.0748519 0.0744854 0.0718345 0.0675292 0.0621373 0.056116 0.0497949 0.0433849 0.0370185 0.0308023 0.024858 0.0193345 0.0143928 0.0101759 0.00677661 0.00421376
 0.00790622 0.012941 0.019655 0.0280314 0.0377973 0.0482593 0.0582815 0.0665759 0.0721731 0.0747279 0.0744677 0.0719221 0.0676836 0.0622959 0.0562201 0.0498179 0.0433451 0.0369651 0.030785 0.0248992 0.0194222 0.0144946 0.0102614 0.00683144 0.00423999
 0.00799758 0.0130746 0.0198273 0.0282268 0.0379893 0.0484139 0.0583639 0.0665587 0.0720472 0.0745112 0.0742049 0.0716719 0.0674959 0.0621924 0.0561881 0.0498226 0.0433519 0.0369588 0.0307733 0.0248998 0.0194458 0.0145375 0.0103096 0.00687132 0.00426545
 0.00809138 0.0132248 0.0200479 0.0285262 0.0383646 0.0488443 0.058806 0.0669498 0.0723199 0.0746141 0.0741203 0.0714219 0.0671349 0.0617886 0.0558022 0.0494914 0.043085 0.0367481 0.0306071 0.0247718 0.0193548 0.0144813 0.0102811 0.00686023 0.00426225
 0.00807489 0.013209 0.0200445 0.0285535 0.0384429 0.0489888 0.059019 0.0672165 0.0726086 0.0748812 0.0743196 0.0715161 0.0671074 0.0616496 0.0555855 0.0492422 0.0428445 0.0365424 0.0304456 0.0246528 0.0192723 0.0144286 0.0102514 0.00684621 0.00425712
 0.0081186 0.0132758 0.0201376 0.0286742 0.0385923 0.0491691 0.0592328 0.067464 0.072882 0.075161 0.0745735 0.0717048 0.0671944 0.0616125 0.0554248 0.0489822 0.0425265 0.0362121 0.0301408 0.0243968 0.0190737 0.0142854 0.0101554 0.00678667 0.00422311
 0.00802118 0.0131344 0.0199563 0.0284681 0.0383834 0.0489805 0.0590845 0.0673722 0.0728608 0.0752217 0.0747205 0.0719291 0.0674696 0.0618981 0.055676 0.0491641 0.0426244 0.0362336 0.0301091 0.0243398 0.0190142 0.0142367 0.0101219 0.00676683 0.004213
 0.00753538 0.0124238 0.0190349 0.0274024 0.0372775 0.0479479 0.0582248 0.0667595 0.0725402 0.0752078 0.0749974 0.0724547 0.0681836 0.0627303 0.0565527 0.0500152 0.0433918 0.0368795 0.03062 0.0247234 0.019291 0.0144305 0.0102541 0.006854 0.00426783
#obs surv len freq
 nan nan nan nan nan nan nan nan nan nan nan nan nan nan nan nan nan nan nan nan nan nan nan nan nan
 0.00448065 0.0073403 0.0111689 0.0159847 0.0216859 0.0279628 0.0342786 0.0400117 0.0446927 0.0481576 0.0505161 0.0520125 0.052905 0.0534176 0.0537321 0.0539871 0.0542658 0.0545586 0.0546974 0.0542893 0.0527272 0.0493592 0.0438086 0.0362883 0.0276714
 0.00462045 0.00756675 0.0115079 0.016459 0.0223097 0.0287337 0.0351692 0.0409664 0.0456351 0.0490043 0.0511925 0.0524635 0.0531018 0.053358 0.0534369 0.0534928 0.0536152 0.0537942 0.053858 0.0534117 0.0518501 0.0485254 0.0430625 0.0356676 0.0271971
 0.00477701 0.00782648 0.0119082 0.0170375 0.0230959 0.0297361 0.0363621 0.0422859 0.0469876 0.0502837 0.052297 0.0533076 0.0536228 0.0535205 0.0532353 0.0529493 0.0527744 0.0527146 0.0526052 0.0520556 0.0504657 0.0471932 0.0418626 0.0346659 0.02643
 0.00497014 0.00814096 0.0123829 0.0177095 0.0239952 0.0308746 0.0377223 0.043814 0.0485972 0.0518678 0.0537426 0.0545075 0.0544852 0.0539766 0.0532446 0.052503 0.0518954 0.0514545 0.0510407 0.0502842 0.0486029 0.0453667 0.0401985 0.0332676 0.0253555
 0.00519414 0.00850649 0.0129355 0.0184923 0.0250405 0.0321913 0.0392825 0.0455492 0.0504084 0.053644 0.0553761 0.0559005 0.0555501 0.0546367 0.0534379 0.0521889 0.0510623 0.0501263 0.0492813 0.0481996 0.0463386 0.0430956 0.0380981 0.0314856 0.0239779
 0.00541317 0.00886705 0.0134865 0.0192826 0.0261093 0.0335538 0.0409144 0.0473814 0.0523364 0.0555479 0.0571399 0.0574227 0.0567457 0.055434 0.0537757 0.0520164 0.0503446 0.0488564 0.0474951 0.0459892 0.0438567 0.040544 0.0356957 0.0294219 0.0223693
 0.00564868 0.00925279 0.0140726 0.020118 0.0272332 0.0349811 0.0426212 0.0492979 0.0543564 0.0575477 0.0589975 0.0590301 0.0580133 0.0562908 0.0541651 0.0518918 0.0496692 0.0476108 0.0456943 0.0437053 0.0412342 0.0377951 0.0330664 0.0271355 0.0205709
 0.00589764 0.00965949 0.0146884 0.0209921 0.0284035 0.0364598 0.0443794 0.0512607 0.0564128 0.0595723 0.0608695 0.0606446 0.0592845 0.0571503 0.0545591 0.0517771 0.0490108 0.0463863 0.043909 0.0414164 0.0385727 0.0349689 0.0303301 0.0247311 0.0186634
 0.00614129 0.01006 0.0152992 0.0218657 0.0295809 0.0379543 0.0461599 0.0532465 0.0584857 0.0615998 0.0627274 0.0622289 0.0605144 0.0579655 0.0549148 0.0516381 0.0483479 0.0451793 0.04216 0.0391727 0.0359521 0.0321675 0.027597 0.0223111 0.0167301
 0.00638827 0.0104634 0.0159099 0.0227324 0.0307414 0.0394206 0.0479031 0.0551904 0.0605165 0.0635867 0.0645442 0.0637676 0.0616917 0.0587229 0.0552138 0.0514539 0.0476627 0.0439817 0.0404553 0.0370046 0.033427 0.0294657 0.0249529 0.0199601 0.0148431
 0.00660746 0.0108272 0.0164713 0.0235448 0.0318477 0.0408355 0.0495958 0.0570797 0.0624835 0.0654997 0.06628 0.0652246 0.0627924 0.059413 0.0554588 0.051234 0.0469678 0.0428096 0.0388183 0.034947 0.0310474 0.026928 0.0224708 0.0177503 0.0130655
 0.00682371 0.0111801 0.0170053 0.0243028 0.0328637 0.0421226 0.0511322 0.0588019 0.0642924 0.0672768 0.0679064 0.0665952 0.0638249 0.0600509 0.0556695 0.0510029 0.0462917 0.041694 0.0372824 0.0330374 0.0288564 0.0246038 0.0202044 0.0157347 0.0114437
 0.00705097 0.0115509 0.0175652 0.0250942 0.0339163 0.0434393 0.0526758 0.0604921 0.0660189 0.068922 0.0693647 0.0677826 0.0646798 0.0605317 0.0557523 0.0506786 0.0455629 0.040573 0.0357945 0.0312317 0.0268201 0.0224701 0.0181413 0.0139102 0.00998063
 0.00729071 0.0119433 0.0181601 0.0259382 0.0350415 0.0448469 0.0543197 0.0622755 0.0678093 0.0705791 0.0707676 0.0688445 0.0653512 0.0607949 0.0556121 0.0501528 0.0446748 0.0393493 0.0342694 0.0294571 0.0248781 0.0204796 0.0162471 0.012254 0.0086631
 0.0074344 0.0121861 0.0185428 0.026505 0.0358313 0.0458791 0.055579 0.0637052 0.0693171 0.0720532 0.0720948 0.0699251 0.0661094 0.0611852 0.0556192 0.0497859 0.043959 0.0383188 0.0329664 0.0279371 0.0232192 0.0187869 0.0146442 0.0108587 0.00755705
 0.00755447 0.0123749 0.0188161 0.0268759 0.0363112 0.0464781 0.0563035 0.0645514 0.0702654 0.0730638 0.073107 0.0708629 0.0668918 0.0617383 0.0558874 0.0497381 0.0435898 0.037645 0.0320236 0.0267793 0.0219214 0.0174444 0.0133644 0.00974149 0.00667056
 0.00758202 0.0124245 0.0188995 0.0270069 0.0365031 0.0467391 0.0566344 0.064947 0.0707196 0.0735734 0.0736692 0.0714665 0.0675068 0.0623125 0.0563532 0.0500266 0.0436461 0.0374397 0.0315577 0.0260852 0.0210599 0.0165 0.0124327 0.00891111 0.00600329
 0.00766332 0.0125425 0.0190513 0.0271821 0.0366884 0.0469254 0.056821 0.0651412 0.0709313 0.0738101 0.0739345 0.07176 0.067824 0.0626407 0.0566658 0.0502813 0.0437905 0.0374243 0.0313511 0.0256854 0.0204996 0.0158415 0.0117553 0.00829167 0.00549761
 0.00770967 0.0126156 0.0191563 0.0273205 0.0368556 0.0471089 0.0570009 0.0652949 0.0710434 0.0738811 0.0739823 0.0718127 0.0679075 0.0627682 0.0568322 0.0504632 0.0439489 0.0375123 0.0313252 0.0255202 0.0201981 0.0154382 0.0113073 0.00786157 0.00513521
 0.00776399 0.0126974 0.0192675 0.0274585 0.0370145 0.0472805 0.0571751 0.0654593 0.0711834 0.0739825 0.0740367 0.0718227 0.0678882 0.0627426 0.0568223 0.0504792 0.0439831 0.0375395 0.0313109 0.0254328 0.0200231 0.0151857 0.0110101 0.00756392 0.0048765
 0.00780715 0.012763 0.0193576 0.0275715 0.0371451 0.0474202 0.057313 0.0655835 0.0712836 0.0740518 0.0740733 0.0718286 0.0678687 0.0627062 0.0567804 0.0504432 0.0439595 0.0375242 0.0312879 0.0253802 0.0199232 0.0150353 0.0108238 0.00736868 0.00470051
 0.0078512 0.0128317 0.0194552 0.0276995 0.0373008 0.0475963 0.0574965 0.0657568 0.0714275 0.0741513 0.0741205 0.0718244 0.0678207 0.062626 0.0566812 0.0503378 0.0438584 0.0374326 0.0312037 0.025294 0.0198237 0.0149159 0.0106883 0.00723027 0.00457579
 0.00787917 0.0128751 0.0195166 0.0277797 0.0373991 0.0477098 0.05762 0.0658824 0.0715451 0.0742501 0.0741911 0.0718601 0.0678194 0.0625901 0.0566173 0.0502553 0.0437673 0.0373411 0.0311158 0.0252089 0.0197369 0.0148238 0.0105913 0.0071344 0.0044901
 0.00789025 0.0128905 0.0195352 0.0277989 0.0374162 0.0477233 0.057631 0.0658943 0.0715627 0.0742771 0.0742284 0.0719051 0.0678657 0.0626301 0.0566441 0.0502651 0.0437601 0.0373198 0.0310842 0.0251697 0.019691 0.0147712 0.0105337 0.00707595 0.00443663
 0.00788694 0.0128821 0.0195169 0.0277648 0.0373607 0.0476443 0.0575322 0.0657863 0.0714608 0.0741981 0.0741863 0.0719079 0.0679133 0.0627145 0.0567512 0.0503787 0.0438661 0.0374083 0.0311506 0.0252131 0.0197129 0.0147744 0.0105221 0.00705507 0.0044124
 0.00789925 0.0128967 0.0195288 0.0277657 0.0373409 0.0475957 0.0574518 0.0656775 0.071334 0.0740688 0.0740725 0.0718269 0.0678782 0.0627302 0.0568138 0.0504763 0.043982 0.0375257 0.0312556 0.0252971 0.0197723 0.0148101 0.0105379 0.0070566 0.00440577
 0.0079113 0.0129172 0.0195609 0.0278117 0.0374002 0.0476624 0.0575135 0.0657176 0.0713367 0.0740258 0.0739873 0.0717143 0.0677595 0.0626273 0.0567431 0.0504454 0.0439886 0.0375599 0.0313039 0.0253464 0.0198133 0.0148379 0.0105524 0.0070604 0.00440305
 0.00788357 0.0128714 0.0194912 0.0277134 0.0372724 0.047511 0.0573526 0.0655672 0.0712165 0.0739479 0.0739531 0.0717169 0.0677895 0.0626786 0.0568142 0.050537 0.0441002 0.0376869 0.0314368 0.0254736 0.0199239 0.0149249 0.0106139 0.00709902 0.0044242
 0.00786838 0.0128432 0.0194422 0.0276345 0.0371553 0.0473524 0.0571579 0.0653522 0.0710053 0.0737677 0.0738271 0.0716585 0.0678003 0.0627492 0.0569294 0.0506817 0.0442621 0.0378564 0.0316056 0.0256326 0.020064 0.0150391 0.0106991 0.00715667 0.00445924
 0.00782807 0.0127766 0.0193401 0.0274879 0.0369577 0.0471033 0.0568661 0.0650375 0.070696 0.073496 0.0736233 0.071546 0.0677912 0.062842 0.0571097 0.0509256 0.0445425 0.038148 0.0318877 0.0258898 0.0202853 0.015218 0.0108336 0.00724987 0.00451822
 0.00782476 0.0127684 0.0193224 0.027454 0.0368998 0.0470139 0.0567405 0.0648754 0.0705034 0.0732854 0.0734135 0.0713604 0.0676538 0.0627726 0.057119 0.0510124 0.044694 0.0383436 0.0321036 0.0261036 0.0204795 0.0153808 0.0109596 0.00733947 0.00457639
 0.0078088 0.0127399 0.0192748 0.0273797 0.0367922 0.0468702 0.0565642 0.0646767 0.070297 0.073087 0.0732376 0.0712192 0.067558 0.0627321 0.0571412 0.0511002 0.0448432 0.0385415 0.0323308 0.0263374 0.0206985 0.0155688 0.0111077 0.0074464 0.00464681
 0.00776532 0.0126741 0.0191848 0.0272665 0.0366588 0.0467201 0.056401 0.0645052 0.070124 0.0729224 0.0730933 0.071107 0.0674879 0.0627108 0.0571724 0.0511848 0.0449786 0.0387206 0.0325407 0.0265603 0.0209145 0.0157601 0.0112626 0.00756072 0.00472351
 0.00773247 0.0126154 0.0190872 0.0271162 0.0364462 0.0464469 0.0560851 0.0641793 0.0698266 0.0726856 0.0729354 0.071032 0.06749 0.0627804 0.0572996 0.0513603 0.0451936 0.0389652 0.0328028 0.0268251 0.0211651 0.0159806 0.0114415 0.00769377 0.00481361
 0.00932593 0.0148456 0.0217778 0.0298799 0.038796 0.047975 0.0566057 0.0637582 0.0687026 0.0711525 0.071251 0.0693793 0.0659778 0.0614599 0.0561848 0.0504448 0.0444621 0.0383996 0.0323841 0.0265324 0.0209755 0.0158693 0.0113843 0.00766948 0.00480646
 0.00930034 0.0151023 0.0226899 0.0319111 0.0422989 0.0529186 0.062402 0.0693568 0.0729634 0.0732945 0.0711108 0.0673558 0.0627569 0.057722 0.0524335 0.046976 0.0414127 0.0358126 0.0302554 0.0248364 0.0196741 0.0149149 0.0107211 0.00723666 0.00454337
 0.00896898 0.0145781 0.02195 0.0310019 0.0413913 0.0523468 0.0626247 0.0707934 0.0757434 0.0770696 0.0750965 0.0706298 0.0646448 0.0580322 0.0514279 0.0451535 0.0392733 0.0337197 0.028412 0.0233232 0.0184996 0.0140503 0.0101197 0.00684419 0.00430502
 0.00878006 0.0142648 0.0214677 0.0303079 0.0404616 0.0512064 0.0613882 0.0696941 0.0751165 0.0772614 0.0763091 0.0727725 0.0672981 0.0605831 0.0533189 0.0460965 0.0393081 0.0331138 0.0274965 0.0223676 0.0176649 0.0134011 0.00965819 0.00654145 0.00412166
 0.00873741 0.0141832 0.0213214 0.0300632 0.0400822 0.0506637 0.0606764 0.0688461 0.0742204 0.0764703 0.0758307 0.0728178 0.0679905 0.0618669 0.0549359 0.0476685 0.040492 0.0337349 0.027584 0.02209 0.0172249 0.012957 0.00929598 0.00628568 0.00396079
 0.00869531 0.0141172 0.0212259 0.0299322 0.0399074 0.0504328 0.0603733 0.0684563 0.0737404 0.075922 0.0752752 0.0723611 0.0677684 0.0620014 0.0554725 0.0485303 0.0414877 0.0346316 0.0282051 0.022378 0.0172366 0.012808 0.00909748 0.00610925 0.00383443
 0.00868891 0.0141044 0.0212023 0.0298922 0.0398453 0.0503444 0.060256 0.0683079 0.0735563 0.0756954 0.075003 0.0720561 0.067472 0.0617856 0.0554214 0.0487018 0.0418747 0.0351497 0.0287235 0.0227772 0.0174581 0.0128649 0.0090487 0.00601997 0.00374986
 0.00867756 0.0140866 0.0211765 0.0298572 0.0397998 0.0502868 0.0601851 0.0682227 0.0734567 0.0755813 0.0748736 0.0719112 0.0673158 0.0616343 0.0553079 0.0486702 0.041961 0.0353581 0.0290139 0.0230785 0.017701 0.0130118 0.00910312 0.0060127 0.00371656
 0.00865841 0.0140578 0.0211374 0.0298089 0.0397444 0.0502274 0.0601245 0.0681634 0.0734 0.075527 0.0748199 0.071855 0.0672546 0.061569 0.0552465 0.0486298 0.041965 0.0354254 0.0291455 0.0232517 0.0178764 0.0131524 0.00918997 0.00604931 0.00372016
 0.00866706 0.0140701 0.0211528 0.0298256 0.0397601 0.0502399 0.0601322 0.0681652 0.0733948 0.0755132 0.0747953 0.0718175 0.067203 0.0615041 0.0551727 0.0485565 0.0419064 0.0353973 0.0291586 0.0233048 0.0179544 0.0132328 0.00925337 0.00608708 0.00373514
 0.00866092 0.0140588 0.0211335 0.0297949 0.0397156 0.0501812 0.0600627 0.068092 0.0733272 0.07546 0.0747623 0.0718058 0.0672094 0.061522 0.0551952 0.048579 0.041929 0.0354248 0.0291977 0.0233591 0.018021 0.0133021 0.00931387 0.00613086 0.00376085
 0.00862369 0.0140067 0.0210703 0.0297291 0.0396572 0.0501374 0.0600346 0.0680753 0.0733154 0.0754485 0.0747511 0.0717983 0.0672099 0.0615331 0.0552162 0.0486069 0.0419607 0.0354588 0.029235 0.0234015 0.0180685 0.0133514 0.00935902 0.00616662 0.00378489
 0.00864005 0.0140239 0.0210797 0.029718 0.0396145 0.0500603 0.0599332 0.0679702 0.0732291 0.0753957 0.0747335 0.0718076 0.0672345 0.0615643 0.0552498 0.048642 0.0419971 0.0354964 0.0292737 0.0234412 0.0181088 0.0133907 0.00939462 0.00619561 0.00380563
 0.00863382 0.0140179 0.0210773 0.0297236 0.0396298 0.0500808 0.0599474 0.0679633 0.0731914 0.0753292 0.0746529 0.0717332 0.0671826 0.0615411 0.055252 0.0486619 0.0420271 0.0355311 0.0293101 0.0234778 0.0181445 0.0134241 0.00942417 0.00621961 0.00382318
 0.00861502 0.0139903 0.0210418 0.0296835 0.0395906 0.0500495 0.0599302 0.0679634 0.0732061 0.07535 0.0746683 0.0717351 0.0671706 0.0615225 0.0552371 0.0486582 0.0420368 0.0355518 0.0293377 0.0235082 0.0181749 0.0134524 0.00944879 0.00623946 0.00383778
 0.00861502 0.0139903 0.0210418 0.0296835 0.0395906 0.0500495 0.0599302 0.0679634 0.0732061 0.07535 0.0746683 0.0717351 0.0671706 0.0615225 0.0552371 0.0486582 0.0420368 0.0355518 0.0293377 0.0235082 0.0181749 0.0134524 0.00944879 0.00623946 0.00383778
#pred catch len freq
 0.00431143 0.00683136 0.00998368 0.0137004 0.0179426 0.0226784 0.0278137 0.0331567 0.0384534 0.0434501 0.047936 0.0517632 0.0548582 0.0572172 0.0588799 0.0598968 0.0603065 0.0601184 0.0592781 0.0576119 0.0547953 0.0504293 0.0442662 0.0364887 0.0278326
 0.00456952 0.00716485 0.0103297 0.0139559 0.0180026 0.0224921 0.0274207 0.0326748 0.038019 0.0431471 0.0477582 0.0516312 0.0546753 0.0569312 0.0585188 0.0595637 0.0601363 0.0602139 0.0596542 0.058178 0.055389 0.0508881 0.044497 0.0364956 0.027693
 0.00477775 0.00750619 0.0108422 0.0146595 0.018876 0.023448 0.0283032 0.0332986 0.0382448 0.0429514 0.047243 0.0509615 0.053989 0.0562861 0.0579073 0.0589714 0.0595899 0.059782 0.059403 0.0581184 0.0554571 0.0509752 0.0445075 0.0363939 0.0275071
 0.00504256 0.00791485 0.0114195 0.0154213 0.0198341 0.0246113 0.0296622 0.0347947 0.0397437 0.044248 0.0481166 0.0512608 0.0536949 0.055508 0.0568184 0.0577344 0.0583223 0.0585646 0.0582976 0.0571662 0.0546644 0.0503114 0.0439285 0.0358725 0.0270473
 0.00533864 0.00837769 0.0120822 0.0163041 0.0209447 0.0259444 0.031197 0.0364906 0.0415344 0.046033 0.049751 0.0525584 0.0544624 0.0556065 0.0562194 0.0565317 0.0566931 0.0567075 0.0563853 0.0553262 0.0529784 0.0488235 0.0426574 0.0348256 0.0262268
 0.00566475 0.00888544 0.012806 0.0172649 0.0221517 0.0273964 0.0328777 0.0383606 0.043526 0.0480503 0.0516738 0.0542457 0.0557569 0.0563478 0.0562747 0.055837 0.0552852 0.0547241 0.0540304 0.0528198 0.0505169 0.0465597 0.0406975 0.0332308 0.0250158
 0.00598962 0.00939306 0.0135329 0.018235 0.0233768 0.0288767 0.0345971 0.0402801 0.0455799 0.0501488 0.0537073 0.0560902 0.0572782 0.0574072 0.0567377 0.055593 0.0542771 0.0529789 0.0516731 0.0500592 0.0476063 0.0437498 0.0381958 0.031175 0.0234612
 0.00629895 0.00988011 0.0142376 0.0191871 0.0245952 0.0303667 0.0363435 0.0422398 0.0476802 0.0522927 0.0557829 0.0579791 0.0588618 0.0585694 0.0573663 0.0555835 0.0535466 0.0514935 0.0494794 0.0473043 0.0445289 0.0406401 0.0353352 0.0287762 0.0216309
 0.00660617 0.0103607 0.0149274 0.0201112 0.0257698 0.0317992 0.0380276 0.0441455 0.0497469 0.0544285 0.0578716 0.0598928 0.0604748 0.0597685 0.0580533 0.0556722 0.0529638 0.0501918 0.0474656 0.044672 0.0414753 0.0374476 0.0323135 0.0261873 0.0196269
 0.00690321 0.0108222 0.0155833 0.0209783 0.0268541 0.0330985 0.0395291 0.0458213 0.0515501 0.0562933 0.0597152 0.0616183 0.0619767 0.0609398 0.0587926 0.0558885 0.0525793 0.0491503 0.0457523 0.042344 0.0386873 0.0344489 0.0294044 0.0236432 0.017626
 0.00725556 0.0113681 0.0163554 0.0219915 0.0281065 0.0345731 0.0411917 0.0476164 0.0534022 0.0581144 0.0614153 0.0631138 0.0631939 0.0618139 0.0592643 0.0558993 0.0520715 0.048074 0.0440851 0.0401209 0.0360296 0.0315717 0.0265836 0.0211474 0.015641
 0.00761546 0.0119276 0.0171504 0.0230402 0.0294099 0.0361148 0.0429331 0.0494915 0.0553188 0.0599637 0.0630867 0.0645094 0.0642386 0.0624588 0.0594818 0.0556722 0.051382 0.0469015 0.0424192 0.0379886 0.0335269 0.0288776 0.0239387 0.0187951 0.0137576
 0.00799883 0.0125173 0.0179768 0.0241124 0.03072 0.0376425 0.0446448 0.051333 0.0572097 0.0617996 0.0647495 0.0658835 0.0652283 0.0630016 0.0595509 0.0552692 0.0505222 0.0456029 0.040703 0.0358964 0.0311467 0.0263613 0.0214898 0.016623 0.0120168
 0.00829943 0.0129877 0.018651 0.025011 0.0318484 0.0389886 0.0461741 0.0529855 0.0589039 0.0634418 0.0662443 0.0671398 0.0661643 0.0635508 0.0596695 0.0549393 0.0497501 0.0444124 0.0391316 0.0340009 0.0290178 0.0241348 0.0193383 0.0147212 0.0104934
 0.00858958 0.0134438 0.0193089 0.0258955 0.0329709 0.0403436 0.0477308 0.0546809 0.0606435 0.0651102 0.0677223 0.0683219 0.066972 0.0639377 0.0596189 0.0544573 0.0488589 0.0431461 0.0375372 0.0321437 0.0269909 0.0220639 0.0173731 0.0130066 0.00913194
 0.00887864 0.0138952 0.0199544 0.0267545 0.0340506 0.0416371 0.0492118 0.0562964 0.0623109 0.0667228 0.0691613 0.069473 0.0677422 0.0642692 0.0594935 0.053892 0.0478943 0.0418365 0.0359455 0.0303448 0.0250784 0.0201536 0.0155941 0.0114777 0.00793166
 0.00914569 0.0143033 0.0205216 0.0274833 0.0349334 0.0426625 0.0503654 0.0575546 0.0636325 0.0680437 0.070396 0.070524 0.0685145 0.0646864 0.0595101 0.0534983 0.0471138 0.0407184 0.0345569 0.028767 0.023407 0.0184977 0.0140669 0.0101775 0.00691948
 0.00916486 0.0143481 0.0206142 0.0276538 0.0352133 0.0430756 0.0509192 0.0582387 0.0644226 0.0689084 0.0712975 0.0714137 0.0693296 0.0653516 0.0599485 0.0536467 0.0469365 0.0402143 0.0337596 0.0277405 0.0222392 0.0172915 0.0129277 0.00919492 0.00614924
 0.00903724 0.0141664 0.0203899 0.0274172 0.0350102 0.0429579 0.0509357 0.0584256 0.0647962 0.0694593 0.0719907 0.072195 0.0701349 0.0661139 0.0606006 0.0541237 0.0471827 0.0401937 0.0334664 0.0272046 0.0215242 0.0164854 0.0121263 0.00848215 0.00558023
 0.0091149 0.0142555 0.0204568 0.0274116 0.0348833 0.0426902 0.0505575 0.0580175 0.0644647 0.0693013 0.0720644 0.0725075 0.0706462 0.066752 0.0612783 0.054753 0.0476852 0.0405082 0.0335575 0.0270696 0.0211961 0.0160277 0.0116187 0.00800125 0.00518117
 0.0093025 0.0145307 0.020813 0.0278169 0.0352812 0.0430069 0.0507155 0.0579568 0.0641696 0.0688205 0.0715075 0.0720119 0.0703294 0.0666722 0.0614233 0.0550547 0.0480475 0.0408347 0.0337719 0.0271286 0.0210952 0.0157983 0.0113164 0.007688 0.00490694
 0.00942152 0.0147222 0.0210965 0.0282069 0.0357806 0.0435976 0.0513495 0.0585537 0.064629 0.0690483 0.071449 0.0716778 0.0697994 0.0660713 0.0608776 0.0546486 0.0478014 0.0407119 0.0337052 0.0270514 0.0209649 0.0156062 0.0110831 0.00744927 0.00469704
 0.0093825 0.0146664 0.0210282 0.0281377 0.0357309 0.0435951 0.0514238 0.0587268 0.0649014 0.0693876 0.0717905 0.0719422 0.0699235 0.0660357 0.0607163 0.0544323 0.0476038 0.0405777 0.0336366 0.0270179 0.0209267 0.0155364 0.0109782 0.00732509 0.00457653
 0.00932721 0.0145848 0.0209209 0.0280114 0.035597 0.0434684 0.0513219 0.0586701 0.0649121 0.0694837 0.0719761 0.0721975 0.0702035 0.0662824 0.0608806 0.0544955 0.0475833 0.0405132 0.0335665 0.0269609 0.0208801 0.0154871 0.0109171 0.00725367 0.00450465
 0.00938385 0.0146573 0.0209941 0.0280602 0.035594 0.0433968 0.051185 0.0584926 0.0647319 0.0693406 0.071901 0.072207 0.0702957 0.0664358 0.0610583 0.0546559 0.0476954 0.0405672 0.0335728 0.0269389 0.0208458 0.0154478 0.0108739 0.00720792 0.00446012
 0.00935713 0.0146241 0.020962 0.0280392 0.0355906 0.0434052 0.0511844 0.0584538 0.0646335 0.0691846 0.0717177 0.0720442 0.0701994 0.0664322 0.0611458 0.0548085 0.047874 0.0407346 0.0337045 0.0270273 0.0208954 0.0154681 0.0108745 0.00719633 0.00444276
 0.0093089 0.0145509 0.0208623 0.0279172 0.0354569 0.0432769 0.0510817 0.0583937 0.0646204 0.0692057 0.0717479 0.0720609 0.070197 0.0664259 0.0611614 0.0548657 0.0479751 0.0408638 0.0338375 0.0271422 0.0209802 0.0155212 0.0109013 0.00720469 0.00444057
 0.00925161 0.0144586 0.0207252 0.0277273 0.0352108 0.0429794 0.0507503 0.0580599 0.0643259 0.0689921 0.0716442 0.0720742 0.0703115 0.0666121 0.0613896 0.0551153 0.0482348 0.041125 0.0340883 0.0273675 0.0211663 0.0156611 0.010996 0.00726199 0.00447095
 0.00917155 0.0143403 0.0205687 0.0275389 0.0349997 0.0427525 0.0505104 0.0578085 0.06407 0.0687498 0.071445 0.0719515 0.0702908 0.0667009 0.0615748 0.0553693 0.0485258 0.0414252 0.0343763 0.0276274 0.0213862 0.0158337 0.0111203 0.00734337 0.00451887
 0.00899478 0.0140807 0.0202297 0.0271423 0.0345796 0.0423457 0.0501477 0.0575107 0.0638477 0.068605 0.0713749 0.0719534 0.070366 0.0668538 0.0618069 0.0556728 0.0488811 0.0418043 0.0347494 0.0279689 0.0216778 0.0160657 0.0112914 0.00745932 0.00459053
 0.00888368 0.0139005 0.0199603 0.0267682 0.034097 0.0417707 0.0495226 0.0569014 0.0633282 0.0682364 0.0711896 0.0719514 0.0705237 0.067137 0.0621819 0.0561111 0.0493577 0.0422944 0.0352267 0.0284073 0.0220558 0.01637 0.0115188 0.00761607 0.00468952
 0.00875327 0.0136998 0.0196785 0.0264007 0.033643 0.0412321 0.0489072 0.0562309 0.0626469 0.0676123 0.0707031 0.0716744 0.0704965 0.0673571 0.0626087 0.0566824 0.0500082 0.0429671 0.0358761 0.0289984 0.0225632 0.0167789 0.0118259 0.00782951 0.00482579
 0.00852615 0.0133619 0.019228 0.0258552 0.0330335 0.0405917 0.0482639 0.0556066 0.0620617 0.0670905 0.070278 0.0713885 0.0703957 0.0674762 0.0629568 0.0572344 0.0507088 0.043745 0.03666 0.0297287 0.0231977 0.0172937 0.0122149 0.00810158 0.00500075
 0.00831881 0.013049 0.0188023 0.0253266 0.032426 0.0399388 0.0476039 0.0549797 0.0615059 0.0666359 0.0699439 0.0711861 0.0703339 0.0675668 0.0632117 0.0576567 0.0512826 0.0444306 0.0373991 0.0304567 0.0238574 0.0178454 0.0126406 0.00840399 0.00519761
