SBPRF35
12.7214
Curr Bio
630534
B35
881952
F35
0.16951
FOFL
0.116504
OFL
60283
Bzero
3.63469e+06
#pred survey bio
 3.77421e+06 3.64352e+06 3.52983e+06 3.35526e+06 3.12114e+06 2.88682e+06 2.64404e+06 2.40963e+06 2.15119e+06 1.90865e+06 1.69976e+06 1.50922e+06 1.34014e+06 1.19223e+06 1.05046e+06 917049 807773 732929 683869 642322 622888 597434 588004 579902 570307 563641 554697 559720 557660 567950 561731 562647 574388 581541 585385 589369 599792 613454 616581 622569 637981 646441 650439 649811 654407 654572 648928 647927 639604 635825 2.18719e+07 1.33561e+07 1.39631e+07 1.5257e+07 1.69934e+07 1.88824e+07 2.07042e+07 2.23304e+07 2.37077e+07 2.48321e+07 2.57263e+07 2.64245e+07 2.69629e+07 2.73746e+07 2.76878e+07 2.79256e+07 2.8106e+07 2.82432e+07 2.83478e+07 2.84278e+07 2.84892e+07 2.85366e+07 2.85734e+07 2.86021e+07 2.86245e+07 2.86422e+07 2.86561e+07 2.86671e+07 2.86759e+07 2.86829e+07 2.86885e+07 2.8693e+07 2.86966e+07 2.86995e+07 2.87019e+07 2.87038e+07 2.87054e+07 2.87066e+07 2.87077e+07 2.87085e+07 2.87092e+07 2.87098e+07 2.87102e+07 2.87106e+07 2.87109e+07 2.87111e+07 2.87113e+07 2.87115e+07 2.87116e+07 2.87118e+07 2.87118e+07 2.87119e+07 2.8712e+07 2.8712e+07 2.87121e+07 2.87121e+07 2.87121e+07 2.87122e+07 2.87122e+07 2.87122e+07 2.87122e+07 2.87122e+07 2.87122e+07 2.87122e+07 2.87122e+07 2.87122e+07 2.87122e+07 2.87122e+07 2.87122e+07 2.87122e+07 2.87123e+07 2.87123e+07 2.87123e+07 2.87123e+07 2.87123e+07 2.87123e+07 2.87123e+07 2.87123e+07 2.87123e+07 2.87123e+07 2.87123e+07 2.87123e+07 2.87123e+07 2.87123e+07 2.87123e+07 2.87123e+07 2.87123e+07 2.87123e+07 2.87123e+07 2.87123e+07 2.87123e+07 2.87123e+07 2.87123e+07 2.87123e+07 2.87123e+07 2.87123e+07 2.87123e+07 2.87123e+07 2.87123e+07 2.87123e+07 0 0 0 0 0 0 0 0 0 0 0 0 0 0 0 0 0 0 0 0 0 0 0 0 0
#obs survey bio
 4.45919e+06 3.45773e+06 3.85034e+06 2.86984e+06 4.54635e+06 2.47377e+06 2.78784e+06 2.33993e+06 2.31649e+06 2.09468e+06 1.29664e+06 1.43444e+06 1.40027e+06 1.38196e+06 721377 1.12276e+06 769957 621021 490941 602677 497886 579458 550242 598959 567766 574188 436896 612642 553930 547331 552159 472888 487120 758534 579342 526287 700189 798416 683813 447917 709059 827178 660371 542368 805646 549255 950291 518172 955283 587468
#pred catch bio
 101644 93681 159203 226002 240753 264900 274647 313494 314217 296844 290717 278218 262636 257455 247711 222665 189193 164396 155058 133356 135410 118893 115723 114631 109759 109715 97008.9 102634 92098.3 105885 99209.8 90759.5 95523.6 98280.9 97973.4 92899 91120.9 100655 98734.7 92409.5 100039 104287 107708 102498 105544 109311 104147 109070 103093 105766 60283 87056.3 89785.6 96846.3 107550 119522 131045 141207 149663 156412 161635 165584 168516 170661 172214 173328 174122 174684 175080 175359 175554 175690 175785 175851 175897 175929 175951 175966 175977 175984 175989 175992 175995 175996 175998 175998 175999 175999 175999 176000 176000 176000 176000 176000 176000 176000 176000 176000 176000 176000 176000 176000 176000 176000 176000 176000 176000 176000 176000 176000 176000 176000 176000 176000 176000 176000 176000 176000 176000 176000 176000 176000 176000 176000 176000 176000 176000 176000 176000 176000 176000 176000 176000 176000 176000 176000 176000 176000 176000 176000 176000 176000 176000 176000 176000 176000 176000 176000 176000 176000 0 0 0 0 0 0 0 0 0 0 0 0 0 0 0 0 0 0 0 0 0 0 0 0 0
#obs catch bio
 0 93254 159372 226553 240197 264290 273526 313292 314472 296412 292923 280270 263355 257793 248880 222886 189518 166046 157473 134721 136995 119511 116370 115198 109619 109288 97061.7 102691 91915.8 105760 99173.1 90610.3 96073.4 98138.3 98026.9 93015.4 91083.8 100749 98648.9 92598.1 100349 104740 108140 102868 105301 109493 103789 109361 102898 105808
#pred cpue bio
 3.72345e+06 3.59452e+06 3.48183e+06 3.30777e+06 3.07459e+06 2.84103e+06 2.59886e+06 2.36492e+06 2.10746e+06 1.86608e+06 1.65817e+06 1.46876e+06 1.3012e+06 1.155e+06 1.01511e+06 883671 776243 702717 654628 614251 595645 571278 562421 554832 545852 539709 531158 536105 534218 544338 538361 539254 550628 557695 561654 565635 575807 589166 592257 597961 612741 620918 624978 624604 629334 629686 624321 623490 615548 612296 2.10878e+07 1.28951e+07 1.33399e+07 1.44409e+07 1.61049e+07 1.79753e+07 1.9793e+07 2.14184e+07 2.27956e+07 2.39199e+07 2.48141e+07 2.55124e+07 2.60508e+07 2.64624e+07 2.67756e+07 2.70134e+07 2.71939e+07 2.73311e+07 2.74356e+07 2.75156e+07 2.75771e+07 2.76245e+07 2.76612e+07 2.76899e+07 2.77124e+07 2.773e+07 2.77439e+07 2.7755e+07 2.77637e+07 2.77707e+07 2.77763e+07 2.77808e+07 2.77845e+07 2.77874e+07 2.77898e+07 2.77917e+07 2.77932e+07 2.77945e+07 2.77955e+07 2.77964e+07 2.77971e+07 2.77976e+07 2.77981e+07 2.77984e+07 2.77988e+07 2.7799e+07 2.77992e+07 2.77994e+07 2.77995e+07 2.77996e+07 2.77997e+07 2.77998e+07 2.77998e+07 2.77999e+07 2.77999e+07 2.78e+07 2.78e+07 2.78e+07 2.78e+07 2.78e+07 2.78001e+07 2.78001e+07 2.78001e+07 2.78001e+07 2.78001e+07 2.78001e+07 2.78001e+07 2.78001e+07 2.78001e+07 2.78001e+07 2.78001e+07 2.78001e+07 2.78001e+07 2.78001e+07 2.78001e+07 2.78001e+07 2.78001e+07 2.78001e+07 2.78001e+07 2.78001e+07 2.78001e+07 2.78001e+07 2.78001e+07 2.78001e+07 2.78001e+07 2.78001e+07 2.78001e+07 2.78001e+07 2.78001e+07 2.78001e+07 2.78001e+07 2.78001e+07 2.78001e+07 2.78001e+07 2.78001e+07 2.78001e+07 2.78001e+07 2.78001e+07 2.78001e+07 2.78001e+07 0 0 0 0 0 0 0 0 0 0 0 0 0 0 0 0 0 0 0 0 0 0 0 0 0
#obs cpue bio
 3.08148e+06 3.14804e+06 3.55061e+06 3.33117e+06 3.27216e+06 3.56042e+06 2.64747e+06 1.91639e+06 1.61347e+06 1.94506e+06 1.05988e+06 1.4689e+06 1.57390e+06 1.09343e+06 1.20414e+06 843560 731547 451969 599112 609365 687881 658060 556308 536356 775516 709654 431149 590250 521256 690204 481342 649308 383953 743866 492437 557054 529053 468016 594165 554868 553158 413624 631435 653687 865614 576962 589969 538691 537299 608269
#pred surv len freq
 0.0041001 0.00678719 0.0104587 0.0151754 0.0208637 0.0272178 0.0336841 0.0396161 0.0445212 0.0482144 0.0507848 0.0524523 0.0534452 0.0539491 0.0541049 0.0540278 0.0538284 0.0536099 0.0534051 0.0530505 0.0520767 0.0497578 0.0454112 0.03884 0.0306176
 0.00428108 0.00701214 0.0106724 0.0152919 0.0208 0.0269407 0.0332414 0.0391245 0.0441136 0.0479788 0.0507345 0.0525435 0.0536236 0.0541917 0.0544317 0.0544785 0.0544194 0.0542949 0.0540625 0.0535126 0.0521936 0.0494674 0.0447746 0.0380174 0.0297975
 0.00437991 0.007201 0.0110027 0.015813 0.0215286 0.0278242 0.0341434 0.0398579 0.044518 0.0479975 0.0504378 0.0520814 0.0531467 0.0537968 0.0541574 0.0543325 0.0543978 0.0543746 0.0541791 0.0535553 0.0520376 0.0490339 0.0440787 0.0371699 0.0289542
 0.00450061 0.00739663 0.0112986 0.0162385 0.0221176 0.0286095 0.0351386 0.0410304 0.0457656 0.0491526 0.0513112 0.0525334 0.0531448 0.0534212 0.0535543 0.0536493 0.0537381 0.053782 0.0536392 0.0530067 0.0513983 0.0482443 0.043144 0.0361708 0.0280139
 0.0047004 0.00771742 0.0117737 0.0168959 0.022975 0.0296675 0.0363747 0.0423981 0.0471989 0.0505683 0.052605 0.0535779 0.0538069 0.0536035 0.053238 0.0529067 0.0527025 0.0525927 0.0523928 0.0517394 0.0501026 0.0469089 0.0417934 0.0348789 0.0268806
 0.0049352 0.00809506 0.0123343 0.0176736 0.0239915 0.0309216 0.0378323 0.0439898 0.0488314 0.0521433 0.054033 0.0547788 0.0547011 0.0541066 0.0532738 0.052436 0.0517484 0.0512419 0.0507668 0.049956 0.0482538 0.0450677 0.0400357 0.0332945 0.0255579
 0.00518767 0.00850742 0.0129581 0.0185574 0.0251699 0.0324002 0.0395715 0.0459012 0.0507918 0.0540204 0.0557088 0.056161 0.0557209 0.0547094 0.0534107 0.0520642 0.0508465 0.0498295 0.0489169 0.047788 0.0459147 0.042713 0.0378177 0.0313488 0.0239843
 0.00540429 0.00886896 0.0135198 0.0193771 0.0262973 0.0338581 0.0413375 0.0478998 0.0529038 0.0561049 0.0576264 0.0577899 0.0569649 0.0554989 0.0536972 0.0518137 0.0500374 0.0484617 0.0470298 0.0454759 0.0433301 0.040052 0.0352901 0.0291405 0.0222198
 0.00565686 0.00928385 0.0141526 0.0202835 0.0275236 0.0354256 0.0432252 0.0500355 0.0551714 0.0583631 0.0597288 0.059601 0.05837 0.0564103 0.0540549 0.0515814 0.0491976 0.0470166 0.0450128 0.0429716 0.0404896 0.03709 0.032454 0.0266575 0.0202428
 0.00596601 0.00977797 0.0148809 0.0212871 0.0288298 0.0370383 0.0451132 0.0521274 0.0573627 0.0605322 0.061753 0.0613652 0.0597711 0.0573589 0.0544786 0.0514261 0.0484294 0.0456252 0.0430221 0.0404578 0.0375996 0.0340425 0.029511 0.0240672 0.0181767
 0.00620219 0.0101759 0.0155051 0.0222042 0.0300926 0.0386616 0.0470525 0.0542764 0.0595765 0.0626633 0.0636785 0.062995 0.0610391 0.0582113 0.0548645 0.0512963 0.04774 0.0443483 0.041162 0.038073 0.0348223 0.0310827 0.0266287 0.0215149 0.0161331
 0.00637669 0.0104738 0.0159804 0.0229188 0.0311054 0.0400104 0.0487331 0.0562302 0.0616926 0.0647964 0.0656735 0.064712 0.0623721 0.0590933 0.0552601 0.0511857 0.0471065 0.0431772 0.0394551 0.0358746 0.0322451 0.0283165 0.0239172 0.0191009 0.0141924
 0.00656269 0.010775 0.0164325 0.0235566 0.0319599 0.0411019 0.050062 0.0577692 0.0633851 0.0665591 0.0674028 0.0662923 0.0636879 0.0600445 0.055773 0.0512162 0.0466335 0.0421958 0.0379777 0.0339461 0.0299654 0.0258526 0.0214871 0.0169255 0.0124356
 0.0067775 0.0111204 0.0169448 0.0242662 0.032885 0.0422394 0.0513793 0.0592043 0.0648591 0.067994 0.0687334 0.0674652 0.0646531 0.0607477 0.0561563 0.0512245 0.0462238 0.0413437 0.0366848 0.0322506 0.0279567 0.0236783 0.0193386 0.014998 0.0108753
 0.00700198 0.0114927 0.0175178 0.025091 0.0339973 0.0436391 0.0530124 0.0609614 0.0665963 0.0695686 0.0700352 0.0684313 0.065264 0.061012 0.0560906 0.0508389 0.0455156 0.0403036 0.0353113 0.0305697 0.0260399 0.0216495 0.0173615 0.0132393 0.00945899
 0.00722719 0.0118651 0.0180898 0.025915 0.0351144 0.045061 0.0547024 0.0628255 0.0684934 0.0713359 0.0715187 0.0695122 0.0658757 0.0611444 0.0557797 0.0501448 0.0444991 0.0390118 0.0337789 0.0288347 0.0241649 0.0197352 0.0155396 0.0116436 0.00818704
 0.00748747 0.0122735 0.0186777 0.0267032 0.0361118 0.0462618 0.0560801 0.0643271 0.0700393 0.0728262 0.0728437 0.0705646 0.0665654 0.0614123 0.0556086 0.0495588 0.0435527 0.0377726 0.0323145 0.0272111 0.0224556 0.0180315 0.0139486 0.0102695 0.00710227
 0.0076264 0.0125048 0.0190348 0.0272188 0.0368085 0.0471398 0.0571074 0.0654417 0.0711646 0.0738917 0.0737958 0.0713624 0.0671695 0.0617785 0.0556923 0.0493289 0.0430037 0.0369288 0.0312254 0.0259443 0.0210919 0.0166626 0.012671 0.00916943 0.00623695
 0.00761645 0.0125013 0.019054 0.027286 0.0369551 0.0473965 0.0574954 0.0659657 0.0718091 0.0746209 0.0745596 0.0721051 0.0678376 0.0623238 0.0560709 0.0494998 0.0429339 0.0366026 0.0306535 0.0251668 0.0201755 0.0156924 0.0117375 0.0083523 0.00558844
 0.00763838 0.0125305 0.0190868 0.0273177 0.0369843 0.0474315 0.0575577 0.0660869 0.0720208 0.0749419 0.0749861 0.0726093 0.0683736 0.0628372 0.0565075 0.049811 0.0430794 0.0365541 0.0304006 0.0247242 0.0195859 0.0150221 0.0110641 0.00774735 0.0051011
 0.00757836 0.0124317 0.0189364 0.0271036 0.0366996 0.0470802 0.0571614 0.0656879 0.0716791 0.0747246 0.0749516 0.0727918 0.0687707 0.0634074 0.0571782 0.0504942 0.0436886 0.0370182 0.0306736 0.0247909 0.0194642 0.0147593 0.0107261 0.00740166 0.00480042
 0.00764464 0.0125256 0.0190517 0.0272243 0.0368029 0.0471417 0.0571608 0.0656136 0.0715321 0.074522 0.0747285 0.0725964 0.0686542 0.0634085 0.0573086 0.0507321 0.0439832 0.0373034 0.0308861 0.0248868 0.0194296 0.0146118 0.010507 0.00716149 0.00458282
 0.00762406 0.0124916 0.0189989 0.0271469 0.0366944 0.0469961 0.0569749 0.0653895 0.0712801 0.0742616 0.0744875 0.072408 0.0685515 0.0634187 0.0574459 0.0509912 0.0443354 0.0376987 0.0312635 0.0251897 0.0196217 0.014686 0.0104841 0.0070792 0.00448088
 0.00754943 0.0123815 0.0188541 0.0269751 0.0365076 0.0468064 0.0567911 0.0652163 0.0711193 0.0741146 0.0743578 0.0723036 0.0684864 0.0634112 0.0575144 0.0511472 0.0445763 0.0380033 0.0315932 0.0254974 0.0198657 0.0148428 0.0105543 0.00708312 0.0044478
 0.00754305 0.0123594 0.0187999 0.0268685 0.0363324 0.0465609 0.0564956 0.0649103 0.0708476 0.0739109 0.0742343 0.0722536 0.0684942 0.0634639 0.0576081 0.0512858 0.0447646 0.0382386 0.0318598 0.0257672 0.0201056 0.0150264 0.0106705 0.00713846 0.00446038
 0.00760261 0.0124394 0.0188886 0.0269426 0.036361 0.0465141 0.0563534 0.0646707 0.0705306 0.0735569 0.0738957 0.0719799 0.0683177 0.0633935 0.0576331 0.0513871 0.0449238 0.0384407 0.0320896 0.0260057 0.0203294 0.0152133 0.0108065 0.00722237 0.00450185
 0.00766931 0.012548 0.019051 0.027166 0.036642 0.0468312 0.056663 0.0649129 0.0706457 0.0735074 0.0736819 0.0716404 0.0679162 0.0629975 0.0572959 0.0511384 0.0447706 0.0383746 0.0320939 0.0260596 0.0204104 0.0152992 0.01088 0.00727403 0.00453107
 0.00760037 0.0124421 0.0189039 0.02698 0.0364275 0.0466071 0.0564556 0.0647493 0.0705444 0.0734691 0.0736885 0.071665 0.067938 0.0630127 0.0573177 0.0511875 0.0448634 0.0385153 0.0322737 0.0262607 0.0206113 0.0154802 0.0110267 0.00738043 0.00459949
 0.00763867 0.0124922 0.0189568 0.0270202 0.0364375 0.046575 0.0563812 0.0646455 0.0704326 0.0733707 0.0736169 0.0716211 0.0679113 0.0629883 0.0572861 0.0511508 0.0448346 0.0385106 0.0323041 0.0263261 0.0207012 0.0155783 0.0111174 0.00745286 0.00464996
 0.00755901 0.0123713 0.0187905 0.0268094 0.0361865 0.0462897 0.0560695 0.0643204 0.0701161 0.0730947 0.0734181 0.0715307 0.0679437 0.0631352 0.0575194 0.0514336 0.0451335 0.0388041 0.0325819 0.0265838 0.0209346 0.0157809 0.0112823 0.00757658 0.00473432
 0.00762389 0.0124687 0.018922 0.0269708 0.0363686 0.0464793 0.0562497 0.0644702 0.0702114 0.0731129 0.0733459 0.0713719 0.0677217 0.0628871 0.0572838 0.0512384 0.0449909 0.0387128 0.0325343 0.0265713 0.0209486 0.0158126 0.011322 0.00761529 0.00476589
 0.00768902 0.0125624 0.0190403 0.0271019 0.0364958 0.0465863 0.0563247 0.0645078 0.0702117 0.0730793 0.0732824 0.0712814 0.067607 0.0627538 0.0571431 0.0511061 0.044883 0.0386402 0.0324995 0.0265695 0.0209711 0.0158493 0.0113635 0.00765401 0.00479702
 0.00754665 0.0123603 0.0187902 0.026832 0.0362414 0.0463755 0.0561684 0.0644005 0.0701412 0.073038 0.0732723 0.0713101 0.0676799 0.0628684 0.0572886 0.051269 0.0450522 0.0388093 0.0326651 0.0267285 0.0211187 0.0159797 0.0114715 0.00773696 0.0048555
 0.00747021 0.0122296 0.0185837 0.0265311 0.0358414 0.0458983 0.0556691 0.0639572 0.0698287 0.0728987 0.0733028 0.0714718 0.0679225 0.0631501 0.0575835 0.0515631 0.0453372 0.0390786 0.0329136 0.026952 0.0213139 0.0161435 0.0116021 0.00783439 0.00492271
 0.00749363 0.0122546 0.0185963 0.0265086 0.035756 0.0457255 0.0553978 0.0635988 0.0694209 0.0725011 0.072982 0.0712803 0.0678816 0.063246 0.0577787 0.0518143 0.0456087 0.0393468 0.0331648 0.0271783 0.0215102 0.0163067 0.0117308 0.00792969 0.0049881
 0.00751554 0.0122901 0.0186487 0.0265781 0.0358365 0.0458012 0.0554415 0.0635771 0.0693057 0.0722838 0.0726835 0.0709493 0.0675804 0.0630298 0.0576782 0.0518291 0.0457146 0.039509 0.0333505 0.027363 0.0216785 0.0164499 0.0118449 0.00801453 0.00504648
 0.00748315 0.0122388 0.0185744 0.0264788 0.0357139 0.0456613 0.0552949 0.0634357 0.069177 0.0721671 0.0725709 0.070834 0.0674661 0.0629353 0.0576315 0.0518552 0.0458225 0.039688 0.0335746 0.0276012 0.0219037 0.0166437 0.0119986 0.00812702 0.00512234
 0.00742282 0.0121435 0.0184361 0.0262929 0.0354803 0.0453871 0.0549964 0.0631384 0.0689113 0.0719607 0.0724409 0.0707828 0.0674836 0.0630061 0.0577438 0.0520055 0.046013 0.0399191 0.0338379 0.0278781 0.0221704 0.0168786 0.0121878 0.00826655 0.00521639
 0.00751928 0.0122803 0.018605 0.0264728 0.0356428 0.045505 0.0550511 0.0631227 0.0688284 0.0718212 0.0722612 0.0705822 0.0672814 0.0628185 0.0575826 0.0518791 0.0459288 0.0398829 0.0338517 0.0279365 0.0222597 0.0169806 0.0122849 0.0083466 0.00527467
 0.00758805 0.0123923 0.0187726 0.0267039 0.0359349 0.0458381 0.0553846 0.0634012 0.0689983 0.0718501 0.0721484 0.0703558 0.0669849 0.0624959 0.0572694 0.0515995 0.0456974 0.0397075 0.0337349 0.0278757 0.0222464 0.0170008 0.0123225 0.00838741 0.00530935
 0.00747202 0.0122289 0.0185738 0.0264979 0.0357594 0.0457289 0.0553637 0.0634708 0.0691398 0.0720286 0.0723223 0.0704889 0.0670577 0.0625095 0.0572413 0.0515539 0.0456563 0.0396861 0.0337405 0.0279087 0.0223016 0.0170689 0.0123927 0.00844981 0.00535792
 0.00735035 0.0120427 0.0183163 0.0261746 0.0353905 0.0453513 0.0550296 0.0632387 0.0690579 0.0721152 0.0725559 0.0708148 0.0674072 0.0628233 0.0574846 0.0517202 0.0457605 0.0397525 0.0337922 0.0279612 0.022361 0.0171338 0.0124568 0.00850646 0.00540231
 0.0072816 0.0119289 0.018142 0.0259259 0.0350605 0.0449478 0.0545819 0.0627982 0.068689 0.0718796 0.0724947 0.0709359 0.0676828 0.0631979 0.0578919 0.0521027 0.0460827 0.0400045 0.0339832 0.0281084 0.02248 0.0172337 0.0125406 0.0085736 0.00545212
 0.00724929 0.011877 0.0180648 0.0258173 0.0349143 0.0447583 0.0543465 0.0625216 0.0683879 0.0715844 0.0722474 0.0707807 0.0676528 0.0633025 0.0581121 0.0523964 0.0463991 0.0403005 0.0342334 0.0283062 0.0226316 0.0173492 0.0126285 0.00863929 0.0054989
 0.0072267 0.0118326 0.0179842 0.0256833 0.0347119 0.0444821 0.0540069 0.0621444 0.068008 0.071237 0.0719624 0.070583 0.0675636 0.0633374 0.0582749 0.052673 0.0467562 0.0406927 0.0346155 0.0286447 0.0229093 0.0175636 0.0127859 0.00874924 0.00557159
 0.00719277 0.0117862 0.0179297 0.0256282 0.0346617 0.0444345 0.0539484 0.0620547 0.0678696 0.0710461 0.0717335 0.0703454 0.0673528 0.0631872 0.0582109 0.0527083 0.0468883 0.040902 0.0348696 0.028907 0.023149 0.0177618 0.0129364 0.0088551 0.00564085
 0.00719754 0.011791 0.0179318 0.0256243 0.0346507 0.044419 0.0539351 0.06205 0.0678728 0.0710451 0.0717076 0.0702759 0.0672347 0.0630349 0.0580548 0.0525838 0.0468238 0.0409105 0.0349456 0.0290301 0.0232918 0.017899 0.0130511 0.00894067 0.00569852
 0.00713784 0.0117024 0.0178142 0.0254828 0.0344939 0.0442567 0.0537768 0.0619057 0.0677542 0.0709639 0.0716713 0.0702829 0.067273 0.0630875 0.0581088 0.0526376 0.0468873 0.0409976 0.035065 0.0291788 0.0234556 0.0180584 0.0131888 0.00904691 0.00577197
 0.00698697 0.0114862 0.017543 0.0251853 0.0342093 0.0440225 0.0536179 0.0618302 0.0677554 0.0710258 0.0717743 0.0704083 0.0674061 0.0632178 0.0582292 0.0527448 0.0469832 0.0410897 0.0351629 0.0292888 0.0235763 0.0181807 0.0133003 0.00913762 0.00583766
 0.00668772 0.0110283 0.016909 0.0243837 0.0332783 0.0430309 0.052663 0.0610257 0.0672056 0.0707949 0.0718678 0.0707777 0.0679715 0.0638942 0.0589448 0.0534478 0.0476409 0.0416851 0.0356901 0.0297477 0.023968 0.0185052 0.0135568 0.00932762 0.00596754
#obs surv len freq
 nan nan nan nan nan nan nan nan nan nan nan nan nan nan nan nan nan nan nan nan nan nan nan nan nan
 0.00448031 0.00733968 0.0111679 0.015983 0.0216835 0.0279596 0.0342749 0.0400076 0.0446888 0.0481543 0.0505138 0.0520111 0.0529048 0.0534184 0.0537336 0.0539892 0.0542683 0.0545614 0.0547004 0.0542924 0.0527303 0.0493621 0.0438112 0.0362904 0.027673
 0.00461308 0.00755673 0.0114964 0.0164483 0.0223025 0.0287319 0.0351731 0.0409746 0.0456454 0.0490144 0.0512009 0.0524696 0.0531056 0.05336 0.0534377 0.0534928 0.0536148 0.0537936 0.0538574 0.0534111 0.0518495 0.0485247 0.043062 0.0356672 0.0271967
 0.00478778 0.00784061 0.0119234 0.0170499 0.0231017 0.0297334 0.0363529 0.042275 0.0469804 0.0502835 0.0523037 0.0533182 0.0536333 0.053528 0.0532383 0.052948 0.0527698 0.0527077 0.052597 0.0520467 0.0504567 0.0471846 0.0418549 0.0346594 0.0264251
 0.00497365 0.00814854 0.0123975 0.0177344 0.0240319 0.0309215 0.037773 0.0438593 0.0486284 0.0518812 0.0537404 0.0544957 0.05447 0.0539613 0.0532295 0.0524867 0.0518765 0.0514326 0.0510161 0.0502581 0.0485765 0.0453414 0.0401759 0.0332487 0.0253411
 0.00518915 0.00849851 0.0129239 0.0184773 0.0250235 0.0321753 0.039272 0.0455486 0.0504194 0.0536643 0.0554 0.0559214 0.0555645 0.0546445 0.0534417 0.0521911 0.0510639 0.0501272 0.0492807 0.0481973 0.0463348 0.0430911 0.0380936 0.0314815 0.0239747
 0.00540821 0.00885942 0.0134758 0.0192688 0.0260926 0.0335346 0.0408942 0.0473624 0.0523218 0.0555415 0.057144 0.057437 0.0567667 0.055457 0.0537963 0.0520325 0.0503563 0.0488649 0.0475013 0.0459935 0.0438593 0.0405452 0.0356959 0.0294216 0.0223688
 0.00564917 0.00925204 0.0140687 0.0201083 0.0272152 0.0349536 0.0425854 0.0492575 0.0543163 0.0575133 0.0589734 0.0590191 0.0580165 0.0563069 0.0541904 0.0519219 0.0496998 0.0476392 0.0457194 0.0437271 0.0412529 0.0378109 0.0330792 0.0271455 0.0205781
 0.00588615 0.00964221 0.0146649 0.0209626 0.0283685 0.0364196 0.0443339 0.0512102 0.056359 0.0595188 0.0608222 0.0606097 0.0592672 0.0571533 0.0545818 0.0518161 0.0490607 0.0464416 0.0439651 0.04147 0.0386218 0.0350124 0.0303668 0.0247604 0.0186851
 0.00612795 0.0100369 0.0152622 0.0218104 0.0295045 0.0378575 0.0460485 0.0531308 0.0583776 0.0615095 0.0626611 0.0621891 0.0605014 0.057979 0.0549536 0.0516998 0.0484283 0.0452727 0.0422598 0.0392729 0.0360475 0.0322537 0.0276708 0.0223704 0.0167742
 0.00638902 0.0104653 0.015914 0.0227394 0.0307507 0.0394293 0.0479057 0.0551802 0.0604884 0.0635401 0.0644836 0.0637016 0.0616297 0.0586726 0.0551808 0.051441 0.0476703 0.0440079 0.040496 0.0370543 0.0334799 0.0295165 0.0249976 0.0199962 0.01487
 0.00662504 0.0108537 0.0165074 0.0235899 0.0319 0.0408923 0.0496536 0.0571336 0.0625266 0.0655241 0.066279 0.0651949 0.0627367 0.0593393 0.0553784 0.0511582 0.0469053 0.0427651 0.0387928 0.0349379 0.0310501 0.0269375 0.0224827 0.0177614 0.0130743
 0.00681742 0.0111708 0.0169927 0.0242875 0.0328466 0.0421048 0.051115 0.0587868 0.0642813 0.067271 0.0679061 0.0665984 0.0638278 0.0600497 0.0556625 0.0509917 0.046281 0.0416893 0.0372877 0.0330538 0.0288819 0.0246343 0.0202351 0.0157618 0.0114649
 0.00703751 0.0115282 0.0175297 0.0250427 0.033847 0.0433536 0.0525799 0.0603964 0.0659355 0.0688615 0.0693335 0.0677816 0.0647052 0.0605764 0.0558081 0.050738 0.0456211 0.040629 0.0358494 0.031287 0.0268761 0.022525 0.0181916 0.0139527 0.0100132
 0.00728631 0.0119329 0.0181387 0.0258991 0.0349782 0.0447558 0.0542031 0.062142 0.067673 0.0704564 0.0706737 0.0687904 0.0653412 0.0608267 0.0556779 0.0502412 0.0447743 0.039451 0.0343676 0.0295491 0.0249628 0.0205557 0.0163126 0.0123072 0.00870295
 0.00743895 0.0121937 0.0185544 0.0265206 0.0358492 0.0458944 0.0555839 0.0636901 0.0692749 0.071983 0.0720036 0.0698269 0.0660209 0.0611206 0.0555867 0.0497864 0.0439873 0.0383666 0.0330246 0.0279985 0.0232789 0.0188415 0.0146914 0.010897 0.00758584
 0.00749767 0.0122916 0.0187076 0.0267496 0.0361789 0.0463525 0.0561957 0.0644686 0.0702104 0.0730346 0.0730983 0.0708688 0.066909 0.0617673 0.0559316 0.0498011 0.0436719 0.0377427 0.0321302 0.0268868 0.0220224 0.0175336 0.0134384 0.00979888 0.00671194
 0.00758666 0.0124228 0.0188806 0.0269565 0.0364091 0.0465996 0.0564627 0.0647703 0.0705691 0.0734723 0.0736257 0.0714736 0.0675492 0.0623744 0.0564239 0.050102 0.0437264 0.0375261 0.0316497 0.0261791 0.0211506 0.0165818 0.0125014 0.00896461 0.00604169
 0.007671 0.0125563 0.0190737 0.0272143 0.0367274 0.0469616 0.0568382 0.0651214 0.0708641 0.0737003 0.0738026 0.0716344 0.0677286 0.0625864 0.0566507 0.0502959 0.0438247 0.0374709 0.0314058 0.0257452 0.0205607 0.0158996 0.0118062 0.00833248 0.00552745
 0.00769963 0.012601 0.0191379 0.0273004 0.0368373 0.0470962 0.0569964 0.065298 0.0710486 0.0738783 0.0739616 0.0717702 0.067849 0.0627079 0.0567862 0.0504418 0.0439544 0.0375402 0.0313684 0.0255716 0.020252 0.0154898 0.0113526 0.00789821 0.00516215
 0.00775437 0.0126826 0.0192469 0.0274324 0.0369842 0.0472488 0.0571459 0.0654373 0.0711726 0.0739839 0.0740472 0.071835 0.0678939 0.0627371 0.056807 0.0504613 0.0439721 0.037542 0.0313286 0.025463 0.0200605 0.0152247 0.0110461 0.0075937 0.00489876
 0.00779551 0.0127462 0.019336 0.027547 0.0371201 0.0473972 0.0572939 0.0655696 0.0712755 0.0740504 0.0740787 0.0718399 0.067883 0.0627193 0.0567882 0.0504442 0.0439559 0.037521 0.0312903 0.0253911 0.0199421 0.015059 0.0108482 0.00739034 0.00471742
 0.00784422 0.012817 0.0194272 0.0276516 0.0372283 0.0474993 0.057383 0.0656416 0.0713285 0.0740831 0.0740909 0.0718332 0.0678619 0.0626902 0.0567576 0.0504168 0.0439328 0.0374989 0.0312617 0.0253454 0.01987 0.0149573 0.0107239 0.00725884 0.0045968
 0.00788923 0.0128907 0.0195382 0.0278065 0.0374279 0.0477344 0.0576317 0.0658724 0.0715088 0.0741899 0.0741172 0.0717875 0.0677617 0.0625555 0.0566068 0.0502646 0.0437893 0.0373689 0.0311447 0.0252365 0.0197627 0.0148473 0.0106122 0.00715188 0.00450351
 0.0078811 0.0128796 0.0195258 0.0277966 0.0374266 0.0477496 0.0576714 0.0659414 0.0716051 0.074303 0.0742295 0.07188 0.0678204 0.0625761 0.0565937 0.0502276 0.043739 0.0373137 0.031089 0.0251807 0.0197047 0.0147854 0.010547 0.00708744 0.00444568
 0.00787463 0.0128622 0.0194877 0.0277254 0.0373126 0.0475925 0.0574853 0.0657547 0.0714529 0.074216 0.0742237 0.0719529 0.0679533 0.0627411 0.0567634 0.0503814 0.0438664 0.0374123 0.0311607 0.0252285 0.0197311 0.0147926 0.0105384 0.00706823 0.00442216
 0.00786886 0.0128493 0.0194614 0.027677 0.0372321 0.0474711 0.0573198 0.0655509 0.0712285 0.0739996 0.0740504 0.0718547 0.0679488 0.0628296 0.0569251 0.0505855 0.0440809 0.0376118 0.03133 0.0253614 0.0198274 0.0148557 0.0105737 0.00708286 0.00442362
 0.00789115 0.0128802 0.0194977 0.0277117 0.0372553 0.047472 0.0572885 0.0654806 0.0711169 0.0738515 0.0738795 0.0716836 0.0678057 0.0627406 0.056906 0.0506361 0.0441859 0.0377469 0.03147 0.025487 0.0199274 0.0149269 0.0106186 0.00710681 0.00443336
 0.00787317 0.0128535 0.0194621 0.0276684 0.0372055 0.0474163 0.0572257 0.0654085 0.0710338 0.0737577 0.073779 0.071584 0.0677186 0.06268 0.056886 0.0506664 0.0442673 0.0378696 0.0316156 0.0256343 0.0200585 0.0150309 0.0106923 0.00715349 0.00445939
 0.0078688 0.0128426 0.0194389 0.0276257 0.0371378 0.0473225 0.0571124 0.0652883 0.0709212 0.0736636 0.0737077 0.0715342 0.0676871 0.0626658 0.0568918 0.0506978 0.0443295 0.037963 0.0317337 0.025764 0.0201842 0.0151392 0.0107755 0.00721056 0.00449424
 0.00783968 0.0127965 0.0193716 0.0275342 0.03702 0.0471788 0.0569466 0.0651097 0.0707445 0.0735074 0.0735901 0.0714685 0.0676777 0.0627081 0.0569757 0.0508123 0.0444656 0.0381146 0.0318947 0.0259261 0.0203369 0.0152717 0.0108805 0.0072858 0.00454278
 0.00782221 0.0127648 0.019318 0.0274499 0.0368981 0.0470175 0.0567528 0.0648987 0.0705368 0.0733236 0.0734471 0.0713781 0.0676466 0.0627375 0.0570607 0.0509428 0.0446284 0.038296 0.0320823 0.0261092 0.0205055 0.0154171 0.0109966 0.0073707 0.00459912
 0.00778875 0.0127095 0.0192333 0.0273281 0.0367331 0.0468081 0.0565049 0.0646275 0.0702654 0.0730786 0.0732543 0.0712572 0.0676085 0.0627831 0.0571823 0.051126 0.0448551 0.0385466 0.0323382 0.0263538 0.0207254 0.0156027 0.0111427 0.00747698 0.00466994
 0.0077677 0.0126746 0.0191792 0.0272494 0.0366249 0.0466674 0.0563328 0.0644301 0.0700536 0.0728677 0.073062 0.0711024 0.0675083 0.0627503 0.0572221 0.0512351 0.0450223 0.0387549 0.0325675 0.0265841 0.0209392 0.0157869 0.0112897 0.00758509 0.00474274
 0.00772124 0.0126006 0.0190709 0.0271018 0.0364365 0.0464417 0.0560801 0.0641675 0.069802 0.0726477 0.07289 0.0709892 0.0674604 0.0627704 0.0573101 0.051387 0.045229 0.0390022 0.0328367 0.0268545 0.021191 0.0160044 0.0114634 0.00771287 0.0048288
 0.00771015 0.0125769 0.0190249 0.0270213 0.03631 0.0462637 0.0558555 0.0639124 0.0695403 0.072405 0.0726881 0.0708437 0.0673799 0.062758 0.0573644 0.0515032 0.0453995 0.0392157 0.033078 0.027105 0.0214312 0.016217 0.0116367 0.00784242 0.00491714
 0.007667 0.0125125 0.0189383 0.0269144 0.0361854 0.0461225 0.0556964 0.063734 0.0693451 0.072203 0.072497 0.0706851 0.0672737 0.0627171 0.0573933 0.0515989 0.0455534 0.0394152 0.0333078 0.0273473 0.0216671 0.0164291 0.0118122 0.00797526 0.00500875
 0.00764904 0.0124804 0.0188849 0.0268323 0.0360697 0.0459746 0.0555259 0.0635569 0.0691782 0.0720572 0.072376 0.0705884 0.0672022 0.0626768 0.0573931 0.0516467 0.0456518 0.0395602 0.0334888 0.0275489 0.0218714 0.0166185 0.0119728 0.00809954 0.00509601
 0.00764596 0.0124763 0.0188802 0.0268269 0.036062 0.0459601 0.0554975 0.0635071 0.0691031 0.0719591 0.0722637 0.0704737 0.0670962 0.0625878 0.057328 0.0516124 0.0456551 0.0396048 0.0335732 0.0276649 0.0220053 0.0167541 0.0120954 0.00819882 0.00516826
 0.00763461 0.0124607 0.0188621 0.0268098 0.03605 0.0459563 0.0555024 0.0635173 0.0691112 0.0719562 0.0722417 0.0704289 0.0670313 0.062511 0.057251 0.0515473 0.0456123 0.0395923 0.0335945 0.0277182 0.0220828 0.0168437 0.0121835 0.0082748 0.00522612
 0.00759272 0.0123959 0.0187711 0.0266925 0.0359106 0.0458041 0.0553518 0.063386 0.0690162 0.071908 0.0722408 0.070466 0.0670916 0.0625802 0.0573195 0.0516122 0.0456763 0.039661 0.0336729 0.0278082 0.0221817 0.0169444 0.0122772 0.00835347 0.00528543
 0.00756072 0.012344 0.0186934 0.0265842 0.0357697 0.0456336 0.0551621 0.0631948 0.0688457 0.0717796 0.0721697 0.0704578 0.0671415 0.062675 0.0574417 0.0517454 0.0458091 0.039788 0.033794 0.0279247 0.0222937 0.0170494 0.0123702 0.00842969 0.00534236
 0.00756326 0.0123428 0.0186817 0.0265524 0.0357075 0.0455342 0.0550254 0.0630295 0.0686673 0.071608 0.0720251 0.0703577 0.0670972 0.0626892 0.0575083 0.0518511 0.0459377 0.0399249 0.0339288 0.0280518 0.0224101 0.0171529 0.0124584 0.0085003 0.00539449
 0.00754706 0.012321 0.0186569 0.0265286 0.035688 0.0455175 0.0550041 0.0629918 0.0686027 0.0715133 0.0719079 0.0702348 0.0669895 0.0626157 0.0574808 0.0518721 0.0460009 0.040018 0.0340377 0.0281641 0.0225168 0.0172481 0.0125385 0.00856346 0.00544061
 0.00754992 0.0123261 0.0186655 0.0265427 0.0357098 0.0455493 0.0550466 0.0630421 0.0686528 0.0715496 0.0719153 0.0702025 0.0669169 0.0625146 0.0573714 0.0517762 0.0459344 0.0399876 0.0340409 0.0281924 0.0225598 0.0172961 0.0125844 0.00860247 0.00547056
 0.00751437 0.012273 0.0185943 0.0264562 0.0356142 0.0454528 0.0549589 0.0629736 0.0686125 0.0715427 0.07194 0.0702497 0.0669725 0.0625646 0.0574078 0.0518 0.045954 0.0400134 0.0340799 0.0282453 0.0226219 0.0173599 0.0126425 0.00865011 0.00550583
 0.0075199 0.0122761 0.0185884 0.0264322 0.0355638 0.045373 0.0548558 0.0628617 0.0685106 0.0714675 0.0719014 0.0702491 0.0670035 0.062616 0.0574668 0.051856 0.0460022 0.0400549 0.0341196 0.0282881 0.0226691 0.0174092 0.0126892 0.00868983 0.00553601
 0.00751715 0.0122729 0.0185854 0.02643 0.0355607 0.0453646 0.0548342 0.0628188 0.0684427 0.0713798 0.0718082 0.0701688 0.0669521 0.0626008 0.0574854 0.0518988 0.0460572 0.0401125 0.034175 0.0283403 0.0227187 0.0174559 0.0127315 0.00872532 0.00556308
 0.00749352 0.012238 0.0185397 0.0263763 0.035504 0.0453104 0.0547872 0.0627812 0.0684136 0.0713552 0.0717832 0.0701418 0.0669268 0.0625854 0.0574886 0.0519251 0.0461048 0.0401746 0.034243 0.0284073 0.0227805 0.0175104 0.0127774 0.00876178 0.00558997
 0.00750158 0.0122473 0.0185467 0.0263758 0.0354911 0.0452831 0.0547484 0.0627382 0.068375 0.0713267 0.0717655 0.0701307 0.0669166 0.0625727 0.0574751 0.0519161 0.0461062 0.0401897 0.0342709 0.0284437 0.02282 0.0175485 0.012811 0.00878906 0.00561034
#pred catch len freq
 0.00425861 0.00673271 0.00981074 0.0134164 0.0175075 0.0220587 0.0269921 0.0321369 0.0372565 0.0421042 0.0464616 0.0501608 0.0531023 0.0552659 0.056706 0.0575405 0.0579382 0.0580835 0.0580837 0.0578188 0.0568181 0.0543159 0.0495827 0.0424124 0.0334352
 0.00447223 0.00701339 0.0101125 0.0136614 0.0176154 0.0219885 0.0267698 0.0318474 0.037001 0.0419506 0.0464216 0.0502047 0.0531978 0.0554116 0.0569383 0.0579092 0.0584626 0.0587124 0.0586837 0.0582068 0.056832 0.0538911 0.0487901 0.0414313 0.0324748
 0.00460241 0.00723509 0.0104599 0.0141599 0.0182609 0.0227251 0.0274839 0.0323957 0.03727 0.0419127 0.0461472 0.0498207 0.0528239 0.0551198 0.056756 0.0578443 0.0585172 0.0588679 0.0588743 0.058314 0.0567201 0.0534728 0.0480802 0.0405485 0.0315875
 0.00478205 0.00751298 0.0108544 0.0146855 0.0189329 0.0235604 0.028489 0.0335408 0.0384632 0.0429996 0.0469518 0.0502135 0.0527779 0.0547169 0.0561404 0.0571601 0.0578646 0.0582879 0.0583488 0.0577759 0.0560797 0.0526643 0.0471075 0.0394977 0.030592
 0.00503074 0.00789634 0.011393 0.0153864 0.0197924 0.0245684 0.0296309 0.0347957 0.0397978 0.0443568 0.0482367 0.0512906 0.0534954 0.0549574 0.0558718 0.0564507 0.0568511 0.0571151 0.0571173 0.0565211 0.0547899 0.0513229 0.0457366 0.0381737 0.0294213
 0.00533277 0.00836205 0.0120475 0.0162384 0.0208364 0.0257884 0.0309993 0.036271 0.0413242 0.0458681 0.0496593 0.0525415 0.0544776 0.0555623 0.0559994 0.0560447 0.0559275 0.055763 0.0554662 0.054697 0.0528903 0.0494235 0.0439157 0.036525 0.0280391
 0.00565521 0.00886431 0.0127633 0.0171867 0.0220218 0.0272005 0.032609 0.0380247 0.0431448 0.0476617 0.0513265 0.0539865 0.0556123 0.0563055 0.0562753 0.0557884 0.0551026 0.0543834 0.0536074 0.0524871 0.0504865 0.0469914 0.041616 0.0345014 0.0263976
 0.00597249 0.00936249 0.0134814 0.0181523 0.0232508 0.0286946 0.0343486 0.039961 0.0451964 0.0497207 0.0532696 0.0556892 0.0569622 0.0572103 0.0566641 0.0556081 0.054318 0.0529875 0.0516395 0.0500486 0.0477432 0.0441562 0.0389166 0.0321389 0.0245073
 0.00631826 0.00990207 0.0142529 0.0191805 0.0245484 0.0302631 0.0361732 0.042001 0.0473791 0.0519421 0.0554016 0.057593 0.0585036 0.0582746 0.0571641 0.0554848 0.0535379 0.0515437 0.0495634 0.0474302 0.0447463 0.0410141 0.0358976 0.0294898 0.0223948
 0.00672341 0.0105244 0.0151234 0.020308 0.0259255 0.0318735 0.0379928 0.043992 0.0494829 0.0540763 0.0574629 0.0594629 0.060058 0.0593953 0.0577489 0.055455 0.0528414 0.0501597 0.047513 0.0447946 0.0416851 0.037766 0.0327487 0.0267114 0.020175
 0.00705805 0.0110539 0.0158935 0.0213527 0.0272627 0.0334985 0.0398695 0.0460496 0.0516235 0.0561909 0.0594453 0.061216 0.0614927 0.0604278 0.0582995 0.0554504 0.0522207 0.0488843 0.0455837 0.0422741 0.0387187 0.0345846 0.0296385 0.0239504 0.0179606
 0.00731888 0.0114692 0.0165039 0.0221946 0.028367 0.0348861 0.0415399 0.0479682 0.0537133 0.0583353 0.0615032 0.063044 0.0629683 0.0614613 0.058832 0.0554415 0.0516374 0.047701 0.0437976 0.039932 0.0359447 0.0315888 0.0266906 0.0213193 0.0158419
 0.00759277 0.0118923 0.017101 0.0229786 0.0293433 0.0360577 0.0429071 0.0495206 0.0554199 0.0601358 0.0633051 0.0647292 0.0644076 0.0625348 0.0594463 0.0555355 0.0511778 0.0466753 0.0422151 0.0378406 0.0334548 0.0288859 0.0240174 0.018922 0.0139036
 0.00792871 0.0124076 0.0178195 0.0239032 0.0304594 0.0373377 0.0443133 0.0510053 0.0569283 0.0616118 0.0646943 0.0659767 0.0654524 0.0633079 0.0598747 0.0555516 0.0507295 0.0457331 0.0407795 0.035954 0.0312167 0.0264613 0.0216205 0.0167709 0.012162
 0.00828277 0.0129598 0.0186071 0.0249453 0.031754 0.0388588 0.0460044 0.0527773 0.0586685 0.0632032 0.0660377 0.0670045 0.0661316 0.063631 0.0598447 0.0551685 0.0499838 0.0446114 0.0392794 0.0341047 0.0290985 0.0242133 0.019426 0.0148167 0.010587
 0.00860418 0.013463 0.0193294 0.0259107 0.0329726 0.0403235 0.0476825 0.0546013 0.0605325 0.0649726 0.0675685 0.0681697 0.0668451 0.0638606 0.0596085 0.0545149 0.0489677 0.0432777 0.0376634 0.0322477 0.027071 0.0221287 0.0174323 0.0130648 0.00918728
 0.00892068 0.0139444 0.0199935 0.0267562 0.0339861 0.0414888 0.0489833 0.056014 0.0620148 0.0664539 0.0689501 0.0693351 0.0676805 0.0642789 0.0595674 0.0540213 0.0480676 0.0420372 0.0361532 0.0305399 0.0252478 0.0202932 0.015706 0.0115662 0.00800003
 0.00907188 0.014186 0.0203493 0.0272457 0.0346211 0.0422691 0.0498924 0.0570191 0.0630727 0.0675189 0.0699759 0.07027 0.0684616 0.0648332 0.0598236 0.0539279 0.047607 0.0412298 0.0350515 0.0292188 0.0237986 0.0188202 0.0143194 0.0103651 0.00705118
 0.00907358 0.014199 0.0203887 0.0273346 0.0347885 0.0425444 0.0502983 0.057564 0.063746 0.0682893 0.0707953 0.0710818 0.0692078 0.0654578 0.0602723 0.0541491 0.0475586 0.0408907 0.0344315 0.0283624 0.0227812 0.0177379 0.013275 0.00944906 0.00632318
 0.00904098 0.0141473 0.0203146 0.0272389 0.03468 0.0424441 0.050241 0.0575946 0.063908 0.06861 0.0712743 0.0716876 0.0698843 0.0661355 0.0608799 0.054621 0.0478402 0.0409433 0.0342395 0.0279405 0.0221775 0.0170286 0.0125494 0.00879011 0.00578859
 0.00899563 0.0140736 0.0202037 0.0270826 0.0344725 0.0421859 0.0499439 0.0572868 0.0636352 0.0684307 0.0712472 0.0718544 0.0702535 0.0666753 0.0615229 0.0552794 0.0484239 0.0413761 0.0344705 0.0279524 0.0219893 0.0166925 0.0121383 0.00837881 0.00543504
 0.00901753 0.0141001 0.0202264 0.0270874 0.0344424 0.0421056 0.0498055 0.0570925 0.0633994 0.0681803 0.0710212 0.0717001 0.0702169 0.0667875 0.0617861 0.0556608 0.0488605 0.0417898 0.0347882 0.0281243 0.0220002 0.0165634 0.0119176 0.00812556 0.00520063
 0.00898182 0.0140445 0.0201469 0.026981 0.0343061 0.0419365 0.0496012 0.0568543 0.0631354 0.0679084 0.070769 0.0715022 0.0701099 0.0668025 0.0619407 0.0559507 0.0492548 0.042233 0.0352116 0.028464 0.0222151 0.0166453 0.0118899 0.00803107 0.00508424
 0.00888821 0.0139082 0.0199712 0.0267785 0.0340947 0.0417323 0.0494134 0.0566841 0.0629794 0.0677631 0.0706355 0.0713893 0.0700345 0.0667874 0.0620085 0.0561164 0.0495167 0.0425679 0.0355763 0.0288053 0.0224857 0.0168185 0.0119662 0.00803328 0.00504529
 0.00886306 0.0138605 0.0198875 0.0266439 0.0338987 0.0414765 0.049117 0.0563815 0.0627091 0.0675545 0.0705006 0.0713239 0.0700275 0.0668299 0.0620997 0.0562617 0.0497215 0.0428286 0.0358744 0.0291082 0.0227556 0.0170251 0.0120969 0.00809529 0.00505909
 0.00894291 0.01397 0.0200139 0.0267606 0.03397 0.0414673 0.0490031 0.0561578 0.0623941 0.0671885 0.0701373 0.0710157 0.0698103 0.0667168 0.0620842 0.0563283 0.0498545 0.0430142 0.0360976 0.0293478 0.0229852 0.0172189 0.0122383 0.00818184 0.00510076
 0.00896122 0.0140028 0.020068 0.0268419 0.034079 0.0415931 0.0491203 0.0562297 0.0623836 0.0670728 0.0699196 0.0707273 0.0695015 0.066441 0.0618824 0.0562205 0.0498401 0.0430793 0.0362211 0.0295061 0.0231534 0.0173739 0.0123626 0.00826781 0.00515097
 0.00890197 0.0139141 0.0199492 0.0266987 0.0339232 0.0414415 0.0489912 0.0561381 0.0623345 0.0670572 0.0699163 0.0707127 0.0694631 0.066385 0.0618317 0.0562037 0.0498787 0.0431798 0.0363746 0.0296927 0.0233485 0.0175543 0.0125113 0.00837668 0.0052212
 0.00889162 0.0138919 0.019906 0.0266235 0.0338071 0.0412827 0.0488005 0.0559387 0.0621567 0.0669283 0.0698512 0.0707087 0.0695022 0.066443 0.0618904 0.0562585 0.0499387 0.0432592 0.0364829 0.0298285 0.0234996 0.017703 0.0126409 0.00847681 0.00528968
 0.00885652 0.0138397 0.0198359 0.0265362 0.033702 0.0411558 0.0486442 0.0557472 0.0619335 0.0666928 0.0696371 0.0705539 0.069434 0.066468 0.0619938 0.0564137 0.0501197 0.0434491 0.0366745 0.0300186 0.0236833 0.0178715 0.0127842 0.00858775 0.00536701
 0.00890718 0.0139139 0.0199325 0.026649 0.0338216 0.0412719 0.0487466 0.0558243 0.0619712 0.0666752 0.0695532 0.0704052 0.0692397 0.0662605 0.0618074 0.0562726 0.0500325 0.0434117 0.0366769 0.0300507 0.0237359 0.0179351 0.012849 0.008645 0.00541118
 0.00894013 0.0139584 0.0199827 0.0266939 0.0338483 0.0412709 0.0487158 0.0557701 0.0619048 0.0666076 0.0694901 0.0703459 0.0691793 0.066196 0.0617426 0.0562181 0.0500009 0.0434114 0.0367086 0.0301079 0.0238085 0.0180126 0.0129219 0.00870635 0.00545743
 0.00877525 0.0137252 0.0196958 0.0263876 0.0335651 0.0410444 0.0485586 0.0556737 0.0618519 0.0665853 0.0694967 0.0703875 0.0692615 0.0663171 0.061893 0.0563853 0.0501747 0.0435863 0.0368817 0.030276 0.0239663 0.0181532 0.0130392 0.008797 0.00552163
 0.0086891 0.0135856 0.0194881 0.0261028 0.0332066 0.0406353 0.0481446 0.055315 0.0616031 0.0664753 0.0695197 0.0705124 0.0694506 0.0665408 0.0621338 0.0566333 0.0504226 0.0438272 0.0371094 0.0304854 0.024153 0.0183129 0.0131686 0.00889484 0.00558993
 0.00870992 0.0136073 0.0194976 0.0260783 0.0331213 0.0404648 0.0478766 0.0549587 0.0611943 0.0660726 0.0691901 0.0703103 0.0693991 0.0666278 0.0623228 0.0568817 0.0506949 0.0440994 0.0373672 0.0307199 0.0243583 0.0184849 0.0133053 0.00899666 0.00566016
 0.00870444 0.0136007 0.019491 0.0260722 0.0331125 0.0404429 0.0478229 0.0548497 0.0610109 0.0658124 0.068876 0.0699894 0.0691306 0.0664632 0.0622885 0.0569725 0.050881 0.0443406 0.0376262 0.0309694 0.0245809 0.0186715 0.0134521 0.00910473 0.00573384
