SBPRF35
12.7214
Curr Bio
896370
B35
897046
F35
0.172335
FOFL
0.170602
OFL
123684
Bzero
3.63469e+006
#pred survey bio
 3.62909e+006 3.49842e+006 3.38481e+006 3.24135e+006 3.05158e+006 2.80438e+006 2.56237e+006 2.30377e+006 2.05022e+006 1.81347e+006 1.61347e+006 1.41886e+006 1.28038e+006 1.13172e+006 991548 861591 774747 717171 670070 628584 602478 583205 566826 553671 537329 537993 544526 549530 541053 532554 539414 560695 557997 568839 578901 590327 607338 623188 622379 625583 632162 631143 650073 656981 665440 669264 677476 683328 691963 692446 688818 751152 800804 837061 863425 893615 911119 902682 3.13164e+007 1.89558e+007 1.93828e+007 2.02319e+007 2.13383e+007 2.25224e+007 2.3655e+007 2.46623e+007 2.55149e+007 2.6212e+007 2.67683e+007 2.7205e+007 2.75438e+007 2.78049e+007 2.80054e+007 2.81591e+007 2.8277e+007 2.83676e+007 2.84376e+007 2.84917e+007 2.85338e+007 2.85666e+007 2.85924e+007 2.86127e+007 2.86288e+007 2.86415e+007 2.86516e+007 2.86597e+007 2.86662e+007 2.86714e+007 2.86756e+007 2.8679e+007 2.86818e+007 2.8684e+007 2.86858e+007 2.86873e+007 2.86884e+007 2.86894e+007 2.86902e+007 2.86909e+007 2.86914e+007 2.86918e+007 2.86922e+007 2.86925e+007 2.86927e+007 2.86929e+007 2.8693e+007 2.86932e+007 2.86933e+007 2.86934e+007 2.86934e+007 2.86935e+007 2.86935e+007 2.86936e+007 2.86936e+007 2.86936e+007 2.86937e+007 2.86937e+007 2.86937e+007 2.86937e+007 2.86937e+007 2.86937e+007 2.86937e+007 2.86937e+007 2.86937e+007 2.86937e+007 2.86937e+007 2.86937e+007 2.86937e+007 2.86937e+007 2.86938e+007 2.86938e+007 2.86938e+007 2.86938e+007 2.86938e+007 2.86938e+007 2.86938e+007 2.86938e+007 2.86938e+007 2.86938e+007 2.86938e+007 2.86938e+007 2.86938e+007 2.86938e+007 2.86938e+007 2.86938e+007 2.86938e+007 2.86938e+007 2.86938e+007 2.86938e+007 2.86938e+007 2.86938e+007 2.86938e+007 2.86938e+007 2.86938e+007 2.86938e+007 2.86938e+007 2.86938e+007 2.86938e+007 2.86938e+007 0 0 0 0 0 0 0 0 0 0 0 0 0 0 0 0 0 0 0 0 0 0 0 0 0
#obs survey bio
 3.90195e+006 4.26809e+006 2.92826e+006 3.98174e+006 2.831e+006 2.12027e+006 2.37908e+006 2.49435e+006 2.54676e+006 1.94596e+006 1.93436e+006 1.31651e+006 1.49752e+006 963182 903171 757835 677881 1.03558e+006 496786 657424 764407 578995 778241 298601 306837 595942 503540 469557 443015 708450 620958 646688 562230 519925 590036 639665 449140 849475 585136 671064 554630 494412 621367 796034 615572 542693 846686 686691 809942 673381 644405 704873 1.06168e+006 726453 847629 1.27413e+006 861704 866126
#pred catch bio
 103213 97092.8 136975 193626 262877 276021 308704 319757 317221 294043 296739 252693 265523 258729 247567 206616 178117 165441 156225 139002 130028 124986 120184 121299 106303 101379 102216 112106 109972 95911.9 84408.8 104456 92004.8 92813.5 92219.6 88808.7 91165.4 105258 101518 99617.7 107372 92674.1 105488 105611 110866 108530 111877 110519 117749 120711 66894.2 81446 94534 104235 102288 114162 136523 135811 123684 125629 127395 131928 138558 145791 152660 158667 163635 167580 170620 172908 174600 175835 176725 177362 177814 178133 178357 178514 178624 178700 178753 178790 178816 178833 178846 178854 178860 178864 178867 178868 178870 178871 178871 178872 178872 178872 178872 178872 178873 178873 178873 178873 178873 178873 178873 178873 178873 178873 178873 178873 178873 178873 178873 178873 178873 178873 178873 178873 178873 178873 178873 178873 178873 178873 178873 178873 178873 178873 178873 178873 178873 178873 178873 178873 178873 178873 178873 178873 178873 178873 178873 178873 178873 178873 178873 178873 178873 178873 178873 178873 178873 178873 178873 178873 178873 178873 178873 178873 0 0 0 0 0 0 0 0 0 0 0 0 0 0 0 0 0 0 0 0 0 0 0 0 0
#obs catch bio
 0 96774.2 136922 193465 263378 276092 309584 321501 319050 294861 296966 253519 265354 260178 250016 209632 179931 166191 157695 139750 130204 125274 119980 122157 107395 101975 102420 112106 110456 95888.3 84158.2 104607 91572.9 92467.2 91809.9 88412.7 91176.1 104810 100548 98949.8 107350 92501.1 106040 105616 111058 108973 112383 111027 118162 121593 66567.3 81615.8 94542.5 104690 102490 113956 136424 135813
#pred cpue bio
 3.58522e+006 3.45582e+006 3.34201e+006 3.19804e+006 3.00848e+006 2.76176e+006 2.52017e+006 2.26238e+006 2.01001e+006 1.77469e+006 1.57591e+006 1.3825e+006 1.24471e+006 1.09722e+006 958395 830165 744802 688562 642784 602553 577402 558826 542983 530195 514095 514749 521483 526774 518718 510591 517494 538532 536206 547030 556960 568103 584641 600270 599709 602724 608852 607523 625690 632299 640540 644103 651944 657589 666064 666667 663182 724504 773785 809595 835284 864879 882145 873614 3.02943e+007 1.8336e+007 1.86623e+007 1.94138e+007 2.04921e+007 2.16707e+007 2.28024e+007 2.38096e+007 2.46622e+007 2.53593e+007 2.59156e+007 2.63522e+007 2.66911e+007 2.69522e+007 2.71526e+007 2.73063e+007 2.74243e+007 2.75149e+007 2.75848e+007 2.7639e+007 2.76811e+007 2.77139e+007 2.77397e+007 2.776e+007 2.7776e+007 2.77888e+007 2.77989e+007 2.7807e+007 2.78135e+007 2.78187e+007 2.78229e+007 2.78263e+007 2.7829e+007 2.78313e+007 2.78331e+007 2.78345e+007 2.78357e+007 2.78367e+007 2.78375e+007 2.78381e+007 2.78387e+007 2.78391e+007 2.78395e+007 2.78397e+007 2.784e+007 2.78402e+007 2.78403e+007 2.78405e+007 2.78406e+007 2.78406e+007 2.78407e+007 2.78408e+007 2.78408e+007 2.78409e+007 2.78409e+007 2.78409e+007 2.78409e+007 2.7841e+007 2.7841e+007 2.7841e+007 2.7841e+007 2.7841e+007 2.7841e+007 2.7841e+007 2.7841e+007 2.7841e+007 2.7841e+007 2.7841e+007 2.7841e+007 2.7841e+007 2.7841e+007 2.7841e+007 2.7841e+007 2.7841e+007 2.7841e+007 2.7841e+007 2.7841e+007 2.7841e+007 2.7841e+007 2.7841e+007 2.7841e+007 2.7841e+007 2.7841e+007 2.7841e+007 2.7841e+007 2.7841e+007 2.7841e+007 2.7841e+007 2.7841e+007 2.7841e+007 2.7841e+007 2.7841e+007 2.7841e+007 2.7841e+007 2.7841e+007 2.7841e+007 2.7841e+007 2.7841e+007 2.7841e+007 2.7841e+007 0 0 0 0 0 0 0 0 0 0 0 0 0 0 0 0 0 0 0 0 0 0 0 0 0
#obs cpue bio
 3.4778e+006 3.01896e+006 3.91328e+006 3.00353e+006 2.52155e+006 3.25872e+006 2.27911e+006 1.55972e+006 1.56697e+006 1.83273e+006 1.74717e+006 969554 1.58531e+006 846860 817060 564999 846753 594374 615896 603077 545633 518412 487116 605552 553794 546832 680680 768628 470220 477187 461571 496881 687761 641799 629545 539138 522462 784995 981680 478354 512102 664175 457000 693310 636756 579164 504687 560809 638480 677961 751283 685312 739617 601714 856206 963073 996256 766968
#pred surv len freq
 0.00423507 0.00696059 0.0106351 0.0152948 0.0208595 0.0270446 0.0333398 0.039145 0.0439962 0.0477118 0.0503651 0.0521539 0.0532868 0.0539347 0.0542269 0.054268 0.0541581 0.0539911 0.0537934 0.0534008 0.0523515 0.0499356 0.0454921 0.038844 0.0305755
 0.00455874 0.00739874 0.0111348 0.0157601 0.0211882 0.0271799 0.0333047 0.0390292 0.0439025 0.0476966 0.0504145 0.0522088 0.0532959 0.0538972 0.0541993 0.0543319 0.054368 0.0543278 0.0541495 0.0536113 0.0522619 0.0494766 0.0447186 0.0379124 0.0296726
 0.00464636 0.00759894 0.0115357 0.0164605 0.0222504 0.0285701 0.0348596 0.040491 0.0450177 0.0483223 0.0505616 0.0519982 0.0528723 0.0533679 0.0536271 0.0537611 0.0538404 0.0538677 0.0537331 0.0531563 0.0516601 0.0486571 0.0437003 0.0368078 0.0286365
 0.00477101 0.00778795 0.0118003 0.0168165 0.0227318 0.0292375 0.0357875 0.0417238 0.0465117 0.0499152 0.052005 0.0530496 0.053391 0.0533542 0.0531897 0.0530494 0.0529883 0.0529659 0.0528201 0.0522199 0.0506564 0.0475509 0.0425083 0.0356122 0.0275558
 0.00494459 0.00807263 0.0122321 0.0174272 0.0235403 0.0302398 0.0369533 0.0430058 0.0478642 0.0513009 0.0533761 0.0543152 0.0544075 0.0539617 0.0532781 0.0526064 0.052097 0.0517589 0.0514234 0.0507192 0.0490967 0.0459639 0.0409456 0.034159 0.0263107
 0.00517499 0.00844853 0.0128005 0.018233 0.0246177 0.0315985 0.0385622 0.044787 0.0497036 0.0530736 0.0549737 0.0556582 0.0554361 0.0546147 0.0534826 0.052294 0.0512395 0.0503939 0.0496503 0.0486695 0.0469049 0.0437574 0.0388494 0.0322953 0.0247808
 0.00537619 0.00878328 0.0133188 0.0189873 0.0256536 0.0329389 0.0401911 0.0466413 0.0516796 0.0550442 0.0568081 0.0572379 0.0566657 0.0554243 0.0538207 0.0521184 0.0505173 0.0491179 0.0478612 0.0464677 0.044444 0.0412234 0.0364355 0.030173 0.0230703
 0.00557368 0.00911422 0.0138358 0.019747 0.0267072 0.0343157 0.0418807 0.0485844 0.0537741 0.0571614 0.0588112 0.0589968 0.0580671 0.0563787 0.0542639 0.0520076 0.0498262 0.0478394 0.0460205 0.0441437 0.0417827 0.0384318 0.0337496 0.0278095 0.0211773
 0.00578577 0.00946182 0.014365 0.0205046 0.0277346 0.0356374 0.0434905 0.0504368 0.055786 0.0592229 0.0607988 0.0607858 0.0595412 0.0574379 0.0548286 0.0520194 0.0492466 0.0466521 0.044242 0.0418421 0.0390963 0.0355704 0.0309664 0.0253456 0.0192014
 0.00605461 0.00989146 0.0149981 0.0213769 0.02887 0.0370396 0.0451336 0.0522611 0.0577046 0.061136 0.0626066 0.0623946 0.0608647 0.0583965 0.0553502 0.0520405 0.0487162 0.0455378 0.0425441 0.0396136 0.0364635 0.032737 0.0281874 0.022871 0.0172105
 0.00634308 0.0103524 0.0156767 0.0223093 0.0300759 0.0385125 0.0468297 0.0540981 0.0595745 0.0629279 0.0642258 0.0637695 0.061943 0.0591357 0.0557092 0.0519746 0.0481782 0.0444868 0.0409631 0.0375345 0.0339907 0.0300555 0.025539 0.0204993 0.0152948
 0.0066573 0.0108661 0.016454 0.0234093 0.0315379 0.0403341 0.0489469 0.0563809 0.0618496 0.0650171 0.0659822 0.0650972 0.0627984 0.0595157 0.0556322 0.0514611 0.0472365 0.0431123 0.0391526 0.0353147 0.0314486 0.0273534 0.0228976 0.0181458 0.0133986
 0.0068735 0.0112156 0.0169774 0.0241455 0.0325205 0.0415825 0.0504538 0.0581017 0.0636988 0.0668759 0.0677136 0.0665669 0.0638961 0.0601708 0.0558169 0.0511804 0.046511 0.0419638 0.0376037 0.0334041 0.0292565 0.0250188 0.0206087 0.0160995 0.0117443
 0.00712352 0.0116325 0.0176232 0.0250821 0.0337934 0.043198 0.0523582 0.0601793 0.0657947 0.0688311 0.0693937 0.0678724 0.0647604 0.0605556 0.0557102 0.050595 0.0454791 0.0405294 0.0358175 0.0313295 0.0269847 0.0226815 0.0183722 0.0141323 0.0101705
 0.0073191 0.0119677 0.0181599 0.0258894 0.0349336 0.044703 0.0542043 0.0622747 0.0679884 0.0709401 0.0712365 0.0692997 0.0656745 0.0609156 0.0555236 0.0499013 0.0443346 0.0389974 0.033967 0.0292403 0.0247577 0.0204451 0.0162752 0.0123167 0.00873491
 0.00752071 0.0123014 0.0186739 0.0266342 0.0359543 0.046025 0.0558165 0.0641182 0.0699569 0.0728919 0.0730131 0.0707476 0.0666675 0.0613739 0.0554221 0.0492654 0.0432253 0.0374951 0.0321611 0.0272278 0.0226483 0.0183646 0.0143573 0.0106808 0.00745723
 0.007613 0.0124499 0.0188959 0.0269478 0.0363795 0.0465831 0.0565269 0.0649922 0.0709902 0.0740567 0.0742517 0.0719713 0.0677641 0.0622242 0.055922 0.0493459 0.0428641 0.0367165 0.0310278 0.0258309 0.0210995 0.0167892 0.0128815 0.00941241 0.00646369
 0.00764556 0.0124993 0.0189641 0.0270357 0.0364886 0.0467189 0.0567014 0.0652254 0.0713087 0.0744884 0.0748159 0.0726655 0.0685524 0.0630334 0.0566498 0.0498812 0.0431124 0.036622 0.0305851 0.0250857 0.0201389 0.0157267 0.011837 0.00848914 0.00572873
 0.00768442 0.0125607 0.0190528 0.0271543 0.0366363 0.0468903 0.0568867 0.065413 0.0714914 0.0746695 0.0750125 0.0729036 0.068855 0.063405 0.0570644 0.0502796 0.0434134 0.0367441 0.0304719 0.0247246 0.0195676 0.0150239 0.0111015 0.00781413 0.00517906
 0.00773967 0.0126474 0.0191774 0.0273201 0.0368425 0.0471307 0.0571478 0.0656746 0.0717294 0.0748632 0.0751511 0.0729913 0.0689113 0.0634573 0.0571356 0.0503739 0.0435072 0.0367898 0.0304143 0.024524 0.0192188 0.014562 0.0105912 0.00732733 0.00477199
 0.00782307 0.0127603 0.0193058 0.0274378 0.03692 0.047148 0.0571047 0.0655916 0.0716388 0.0747959 0.0751272 0.0730173 0.0689832 0.0635671 0.0572755 0.0505352 0.0436754 0.0369389 0.0305081 0.0245266 0.0191104 0.0143509 0.0103136 0.00703422 0.00451026
 0.00787015 0.012838 0.0194231 0.0276 0.0371222 0.0473692 0.0573067 0.0657274 0.0716717 0.074718 0.0749657 0.0728229 0.0688085 0.0634481 0.0572252 0.0505474 0.043732 0.0370146 0.0305732 0.0245511 0.0190723 0.0142449 0.010155 0.0068531 0.00433954
 0.00795316 0.0129596 0.0195816 0.0277862 0.0373228 0.0475719 0.0575014 0.0659038 0.0718138 0.0748032 0.0749715 0.0727394 0.0686479 0.0632439 0.0570196 0.0503757 0.0436118 0.0369437 0.0305338 0.0245185 0.0190234 0.0141667 0.0100488 0.00673307 0.00422471
 0.00808204 0.0131531 0.0198424 0.0281044 0.0376771 0.047932 0.0578329 0.0661723 0.0719925 0.0748787 0.074945 0.0726219 0.0684551 0.062994 0.0567356 0.0500856 0.0433435 0.0367173 0.0303557 0.0243809 0.0189108 0.014064 0.00994843 0.00663621 0.00413838
 0.00811052 0.0132229 0.0199895 0.0283728 0.038103 0.0485212 0.0585429 0.0669146 0.0726561 0.0753649 0.0751946 0.0726241 0.0682385 0.0626106 0.0562449 0.0495448 0.0428024 0.0362152 0.0299188 0.0240204 0.0186244 0.0138412 0.00977633 0.0065047 0.00404084
 0.00795894 0.0129862 0.0196541 0.02794 0.0375969 0.0479959 0.0580822 0.0666155 0.0725967 0.07557 0.0756218 0.0731797 0.0688142 0.0631186 0.0566363 0.0498087 0.0429544 0.0362839 0.0299343 0.0240076 0.0185994 0.0138119 0.00974576 0.0064743 0.00401263
 0.00785431 0.0128055 0.0193636 0.0275045 0.0369914 0.0472239 0.0571921 0.0657052 0.0717978 0.0750164 0.0754117 0.0733469 0.0693173 0.0638557 0.0574778 0.0506351 0.043683 0.0368759 0.0303866 0.0243374 0.0188309 0.0139678 0.00984487 0.00653203 0.00404204
 0.00781117 0.012731 0.0192426 0.0273173 0.0367158 0.0468385 0.056685 0.0650837 0.071099 0.0743115 0.0748 0.0729345 0.0691868 0.0640375 0.0579377 0.0512858 0.0444129 0.0375827 0.0310005 0.0248266 0.019194 0.0142211 0.0100111 0.0066339 0.00409955
 0.00780623 0.0127358 0.0192722 0.027391 0.0368471 0.0470234 0.0568914 0.0652537 0.0711637 0.074216 0.0745266 0.0725154 0.0687006 0.0635868 0.0576167 0.0511489 0.0444601 0.0377671 0.0312526 0.0250821 0.0194106 0.0143818 0.0101179 0.006698 0.00413427
 0.00785579 0.0128011 0.0193434 0.0274522 0.0368846 0.0470352 0.0568921 0.0652669 0.0712048 0.0742756 0.0745677 0.07249 0.0685759 0.0633675 0.0573482 0.0508996 0.0442926 0.037713 0.0313042 0.0252028 0.0195551 0.0145141 0.0102191 0.00676518 0.00417354
 0.00782926 0.01275 0.0192516 0.0272993 0.0366506 0.046709 0.0564811 0.0648037 0.0707461 0.073891 0.0743196 0.0724116 0.0686587 0.0635671 0.0576075 0.0511753 0.0445683 0.037993 0.0315957 0.025501 0.0198414 0.0147648 0.0104168 0.00690505 0.00426231
 0.00759766 0.0123983 0.0187685 0.0266903 0.0359357 0.0459181 0.0556527 0.0639867 0.0700006 0.0732846 0.0739192 0.0722706 0.0688023 0.0639814 0.0582381 0.0519412 0.0453846 0.0387918 0.032334 0.0261558 0.0203997 0.0152181 0.0107622 0.00714856 0.00441933
 0.00765602 0.0124712 0.0188379 0.0267273 0.0359091 0.045808 0.0554592 0.0637279 0.0697012 0.0729639 0.07359 0.0719479 0.068514 0.0637681 0.0581405 0.0519813 0.0455556 0.0390613 0.0326578 0.026492 0.0207158 0.0154923 0.0109823 0.00731089 0.00452845
 0.00765367 0.0124593 0.0188041 0.0266529 0.035771 0.0455837 0.0551352 0.063308 0.0692124 0.072456 0.0731247 0.0715823 0.0682856 0.0636902 0.0582089 0.0521828 0.0458712 0.0394641 0.0331117 0.026955 0.0211483 0.0158642 0.011277 0.00752577 0.00467183
 0.00768061 0.0124966 0.0188477 0.0266934 0.0357939 0.0455711 0.0550677 0.0631679 0.0689883 0.0721495 0.0727556 0.0711897 0.0679208 0.0634044 0.0580399 0.0521482 0.0459684 0.0396745 0.0334051 0.027294 0.0214934 0.0161801 0.0115391 0.00772325 0.00480681
 0.00771611 0.0125478 0.0189126 0.0267649 0.0358612 0.0456213 0.0550872 0.0631437 0.0689094 0.0720086 0.0725523 0.0709333 0.0676326 0.0631172 0.0577926 0.0519779 0.0459003 0.0397161 0.0335452 0.0275059 0.0217415 0.0164285 0.0117585 0.00789624 0.00492914
 0.00755666 0.0123214 0.0186324 0.0264631 0.0355791 0.0453935 0.0549297 0.0630523 0.0688672 0.0719964 0.072555 0.0709414 0.0676414 0.0631269 0.0578101 0.0520165 0.0459775 0.0398465 0.0337332 0.0277419 0.0220034 0.0166875 0.0119881 0.00807899 0.00505979
 0.00741042 0.0120853 0.0182824 0.0259846 0.034977 0.0447041 0.0542265 0.0624339 0.0684284 0.0717937 0.0725886 0.0711635 0.0679822 0.0635212 0.0582125 0.0524045 0.0463467 0.0402028 0.0340841 0.0280891 0.022339 0.0169958 0.0122516 0.0082854 0.00520659
 0.00757763 0.0123167 0.0185551 0.0262502 0.0351726 0.0447725 0.0541352 0.0621866 0.068064 0.071377 0.0721929 0.0708489 0.0677789 0.0634252 0.0581966 0.0524358 0.0464015 0.0402719 0.0341691 0.0281942 0.0224637 0.0171317 0.0123846 0.00840133 0.00529622
 0.00766765 0.0124707 0.0187982 0.0266028 0.0356366 0.0453142 0.0546767 0.0626182 0.0682806 0.0713201 0.071876 0.0703506 0.067209 0.0628848 0.0577503 0.0521055 0.0461772 0.0401306 0.0340893 0.028162 0.0224697 0.0171669 0.0124372 0.00845842 0.00534687
 0.0076984 0.0125217 0.0188778 0.0267218 0.0358086 0.0455531 0.05499 0.0629955 0.0686831 0.0716799 0.0721116 0.0703969 0.0670469 0.0625509 0.0573215 0.051667 0.0457935 0.0398333 0.0338817 0.0280317 0.0224002 0.0171419 0.0124418 0.00847894 0.00537198
 0.0078342 0.0127276 0.01916 0.027076 0.0362217 0.0460065 0.0554616 0.0634612 0.0691167 0.0720526 0.0723899 0.0705421 0.0670213 0.0623331 0.0569219 0.0511331 0.0451985 0.0392527 0.0333729 0.0276244 0.0220993 0.0169365 0.0123133 0.00840656 0.00533642
 0.00768761 0.0125215 0.0189092 0.0268141 0.0359913 0.0458438 0.0553853 0.0634723 0.0692068 0.0722137 0.0726164 0.0708237 0.0673339 0.0626358 0.0571658 0.0512796 0.0452353 0.0391983 0.0332663 0.0275076 0.0220025 0.0168725 0.0122808 0.00839676 0.00533907
 0.0076589 0.0124686 0.0188197 0.0266775 0.0358069 0.0456301 0.0551839 0.0633378 0.0691858 0.0723228 0.0728354 0.0711076 0.0676332 0.062911 0.0573898 0.0514335 0.0453073 0.0391883 0.0331895 0.0273921 0.02188 0.0167677 0.0122055 0.00835101 0.00531587
 0.00769621 0.0125166 0.0188681 0.0267076 0.0357952 0.0455561 0.0550387 0.0631315 0.0689502 0.0721068 0.0726912 0.0710722 0.0677144 0.0630853 0.0576136 0.0516592 0.0454962 0.0393168 0.0332511 0.0273959 0.0218459 0.0167185 0.0121593 0.00831726 0.00529591
 0.00771578 0.012558 0.0189471 0.0268413 0.0359941 0.0458127 0.0553202 0.063384 0.069116 0.0721475 0.0726042 0.0708915 0.0674958 0.0628837 0.0574637 0.0515674 0.0454457 0.0392808 0.0332068 0.0273324 0.0217656 0.0166328 0.0120816 0.00825653 0.00525483
 0.00767228 0.0124933 0.0188618 0.0267424 0.035896 0.0457364 0.0552897 0.0634185 0.0692193 0.0723005 0.0727683 0.0710236 0.0675681 0.0628954 0.0574374 0.0515339 0.0454269 0.0392814 0.033217 0.0273381 0.0217577 0.0166109 0.012052 0.00822734 0.00523168
 0.00763113 0.0124309 0.0187764 0.0266361 0.0357748 0.0456105 0.0551739 0.0633316 0.0691812 0.072326 0.0728595 0.0711657 0.0677315 0.0630463 0.057551 0.0516033 0.0454618 0.0392979 0.0332273 0.0273458 0.0217605 0.0166062 0.0120404 0.00821243 0.00521759
 0.00753423 0.0122843 0.0185764 0.0263873 0.0354893 0.0453068 0.0548755 0.063066 0.0689773 0.0722089 0.072846 0.0712593 0.0679207 0.0633049 0.0578434 0.0518934 0.0457223 0.0395158 0.0334016 0.0274816 0.021863 0.0166797 0.0120888 0.00824098 0.00523229
 0.00753934 0.0122833 0.018558 0.0263362 0.0353919 0.045158 0.0546848 0.0628566 0.0687787 0.0720481 0.0727406 0.0712175 0.0679432 0.0633872 0.0579749 0.0520573 0.0458977 0.0396825 0.0335454 0.027596 0.0219482 0.0167392 0.0121275 0.00826382 0.00524423
 0.00759722 0.0123715 0.0186791 0.0264864 0.0355593 0.0453225 0.0548189 0.0629312 0.0687727 0.0719576 0.0725819 0.0710221 0.0677463 0.0632176 0.0578501 0.0519823 0.0458674 0.0396848 0.0335654 0.0276206 0.0219691 0.0167529 0.0121342 0.00826554 0.00524321
 0.00725184 0.0118215 0.017875 0.0253961 0.0341814 0.0437037 0.0530684 0.0612164 0.0672893 0.0708823 0.0720318 0.0710353 0.0682859 0.0641898 0.0591287 0.0534321 0.0473638 0.0411253 0.0348743 0.0287489 0.0228919 0.0174668 0.0126539 0.00861914 0.00546635
 0.00720548 0.0117128 0.0176496 0.0249826 0.0335085 0.0427284 0.0518033 0.0597417 0.0657424 0.0694321 0.0708476 0.0702569 0.0680005 0.064418 0.059823 0.0544914 0.0486554 0.0425109 0.0362304 0.0299801 0.0239362 0.0182958 0.0132684 0.00904256 0.00573596
 0.00723047 0.0117561 0.0177165 0.0250712 0.0335993 0.0427736 0.0517252 0.0594497 0.0651678 0.0685673 0.0697663 0.0691047 0.0669572 0.06365 0.0594436 0.0545386 0.0490917 0.0432401 0.0371261 0.0309149 0.0248052 0.0190292 0.013835 0.00944387 0.00599621
 0.00715208 0.0116549 0.0176129 0.0250003 0.0336009 0.0428744 0.0519213 0.0596962 0.0653823 0.0686471 0.0696203 0.0686892 0.0663036 0.0628668 0.058688 0.0539672 0.0488129 0.0432864 0.0374547 0.0314309 0.0253959 0.0195955 0.0143103 0.00979989 0.00623596
 0.00706646 0.0115117 0.0173922 0.024687 0.0331955 0.0424053 0.0514505 0.059308 0.0651526 0.0686074 0.0697366 0.0688723 0.0664465 0.0628933 0.0585878 0.0538009 0.0486838 0.0432939 0.0376521 0.0318073 0.0258871 0.0201145 0.0147793 0.0101712 0.00649665
 0.00711043 0.0115699 0.0174544 0.0247333 0.0331995 0.042341 0.0513016 0.0590774 0.0648681 0.0683191 0.0695016 0.06873 0.0663975 0.062897 0.0585857 0.0537528 0.0485946 0.0432127 0.0376439 0.0319166 0.0261144 0.0204181 0.0150984 0.0104521 0.00670975
 0.00714729 0.0116522 0.0176176 0.0250197 0.0336409 0.0429357 0.0519966 0.0597718 0.0654413 0.0686712 0.069586 0.0685619 0.066038 0.0624221 0.0580575 0.0532083 0.0480549 0.0427018 0.0371988 0.0315789 0.0259107 0.0203447 0.0151221 0.0105264 0.00679356
#obs surv len freq
 nan nan nan nan nan nan nan nan nan nan nan nan nan nan nan nan nan nan nan nan nan nan nan nan nan
 0.00448497 0.00734641 0.0111764 0.0159926 0.0216931 0.0279682 0.0342818 0.0400127 0.044692 0.0481558 0.0505137 0.0520097 0.0529021 0.0534147 0.0537291 0.0539842 0.0542628 0.0545556 0.0546944 0.0542863 0.0527244 0.0493565 0.0438062 0.0362863 0.0276699
 0.00462273 0.00757147 0.0115168 0.016474 0.0223323 0.0287639 0.0352044 0.0410023 0.0456665 0.0490272 0.051205 0.052466 0.0530961 0.0533463 0.0534211 0.0534743 0.053595 0.0537729 0.0538361 0.0533896 0.0518284 0.048505 0.0430444 0.0356526 0.0271856
 0.00477685 0.00782646 0.0119088 0.0170394 0.0231005 0.0297449 0.0363771 0.0423082 0.0470166 0.0503168 0.0523296 0.0533347 0.0536405 0.0535273 0.0532318 0.0529376 0.0527569 0.0526934 0.0525818 0.0520313 0.0504415 0.0471702 0.0418421 0.0346488 0.026417
 0.00496863 0.00813713 0.0123746 0.0176944 0.0239709 0.0308408 0.0376816 0.043772 0.048561 0.0518442 0.0537359 0.0545178 0.0545089 0.0540078 0.0532772 0.0525326 0.0519197 0.0514737 0.0510557 0.0502964 0.0486133 0.0453756 0.0402062 0.0332738 0.0253601
 0.005183 0.00848912 0.0129106 0.0184592 0.0249984 0.0321398 0.039222 0.0454815 0.0503376 0.0535768 0.0553208 0.0558652 0.0555402 0.0546529 0.0534762 0.0522423 0.051123 0.0501885 0.0493414 0.0482561 0.0463908 0.0431428 0.0381391 0.0315191 0.0240033
 0.00540087 0.00884782 0.013459 0.0192462 0.0260642 0.0335009 0.0408558 0.0473198 0.0522747 0.0554891 0.0570869 0.0573791 0.056716 0.0554234 0.0537874 0.0520504 0.0503974 0.048922 0.0475668 0.0460615 0.0439256 0.0406067 0.03575 0.029466 0.0224025
 0.00562845 0.00921983 0.014023 0.0200484 0.0271418 0.0348693 0.0424946 0.0491664 0.0542318 0.0574411 0.0589166 0.0589782 0.0579909 0.0562968 0.0541984 0.0519514 0.049753 0.0477148 0.0458125 0.0438304 0.0413586 0.0379116 0.0331687 0.0272193 0.0206341
 0.00588169 0.00963325 0.0146483 0.0209346 0.0283257 0.0363604 0.0442604 0.0511277 0.056275 0.0594409 0.0607562 0.0605588 0.0592325 0.0571347 0.0545791 0.05183 0.0490929 0.0464933 0.0440355 0.0415552 0.0387151 0.0351055 0.030452 0.0248317 0.0187396
 0.00611705 0.0100209 0.0152412 0.0217851 0.0294755 0.0378243 0.0460094 0.0530834 0.0583208 0.0614451 0.0625942 0.0621266 0.0604503 0.0579441 0.0549372 0.0517025 0.04845 0.045313 0.0423181 0.0393466 0.0361316 0.0323409 0.027753 0.0224407 0.0168286
 0.00637042 0.010433 0.0158616 0.0226607 0.0306415 0.0392909 0.0477472 0.0550173 0.0603389 0.0634185 0.0643977 0.0636525 0.0616148 0.0586886 0.0552243 0.0515089 0.0477597 0.0441157 0.040619 0.0371885 0.0336195 0.0296536 0.0251232 0.0201023 0.0149517
 0.00660143 0.0108163 0.0164528 0.0235151 0.0318024 0.0407707 0.0495091 0.056971 0.0623564 0.0653613 0.0661405 0.0650958 0.0626858 0.059338 0.0554222 0.0512393 0.0470156 0.0428975 0.0389411 0.0350961 0.0312111 0.0270929 0.0226234 0.0178794 0.0131648
 0.00683955 0.0112021 0.0170311 0.0243278 0.0328816 0.0421269 0.0511178 0.0587656 0.0642331 0.0671953 0.067806 0.0664823 0.0637088 0.059943 0.0555813 0.0509444 0.0462697 0.0417115 0.0373379 0.033125 0.0289663 0.0247234 0.0203204 0.0158359 0.0115231
 0.00705064 0.0115538 0.0175756 0.0251174 0.0339562 0.0434951 0.0527399 0.060551 0.0660572 0.0689277 0.0693331 0.0677163 0.0645869 0.0604237 0.0556421 0.0505792 0.0454858 0.0405268 0.0357835 0.0312548 0.0268711 0.022539 0.0182159 0.0139797 0.0100375
 0.00726407 0.0119032 0.0181063 0.0258733 0.0349714 0.0447804 0.0542675 0.0622472 0.06781 0.070606 0.0708099 0.0688874 0.0653814 0.0608052 0.0556032 0.0501316 0.0446518 0.0393352 0.034273 0.0294825 0.0249243 0.0205405 0.0163135 0.0123166 0.00871478
 0.00741739 0.0121554 0.0184912 0.0264249 0.0357177 0.0457334 0.055413 0.0635399 0.0691783 0.0719631 0.0720652 0.0699541 0.0661835 0.0612844 0.0557239 0.0498822 0.0440416 0.03839 0.0330323 0.0280041 0.0232907 0.0188618 0.0147175 0.0109243 0.00760992
 0.0075296 0.0123372 0.0187642 0.0268095 0.0362305 0.0463825 0.0561923 0.0644259 0.0701319 0.0729352 0.0730016 0.0707993 0.0668819 0.0617826 0.0559751 0.0498516 0.043711 0.0377613 0.0321295 0.0268748 0.0220087 0.0175249 0.0134368 0.00980314 0.00671894
 0.00758828 0.0124303 0.0189004 0.0269964 0.0364747 0.0466894 0.0565649 0.0648638 0.0706302 0.073484 0.0735847 0.071392 0.06745 0.0622825 0.0563567 0.0500643 0.0437115 0.0375217 0.031645 0.0261695 0.0211372 0.0165688 0.0124922 0.00896021 0.00604115
 0.00764086 0.0125095 0.0190081 0.0271304 0.0366304 0.0468621 0.0567517 0.0650644 0.0708479 0.0737249 0.0738558 0.0716971 0.0677845 0.062629 0.0566835 0.0503278 0.0438628 0.037516 0.0314533 0.0257887 0.0205961 0.015926 0.0118252 0.00834633 0.00553761
 0.00771726 0.0126247 0.0191644 0.0273235 0.0368495 0.0470919 0.0569744 0.0652627 0.0710088 0.0738449 0.073943 0.0717688 0.0678603 0.0627226 0.056796 0.0504434 0.0439502 0.0375355 0.0313671 0.0255745 0.0202573 0.0154954 0.0113573 0.00790175 0.00516484
 0.00776053 0.0126936 0.0192648 0.027459 0.0370192 0.0472885 0.0571824 0.0654604 0.0711735 0.0739604 0.0740049 0.0717857 0.0678501 0.0627066 0.0567909 0.0504553 0.0439707 0.0375418 0.0313287 0.025464 0.0200629 0.0152281 0.0110497 0.00759692 0.00490124
 0.0078063 0.0127629 0.0193599 0.0275785 0.0371595 0.047444 0.0573464 0.0656237 0.0713248 0.0740862 0.0740928 0.071828 0.0678471 0.0626674 0.0567309 0.0503908 0.0439112 0.0374859 0.0312635 0.0253708 0.0199272 0.0150487 0.0108417 0.00738654 0.00471542
 0.00782476 0.0127912 0.0193991 0.0276284 0.0372182 0.0475086 0.057413 0.0656886 0.0713851 0.0741411 0.0741426 0.071872 0.067883 0.0626914 0.0567408 0.0503874 0.043898 0.0374652 0.031233 0.0253231 0.0198538 0.0149462 0.0107167 0.00725451 0.00459442
 0.00789023 0.0128874 0.0195249 0.0277759 0.0373748 0.0476604 0.0575477 0.0657966 0.07146 0.07418 0.0741465 0.0718461 0.0678342 0.0626272 0.0566671 0.0503084 0.0438165 0.0373831 0.0311507 0.0252387 0.0197636 0.0148484 0.0106135 0.00715324 0.00450469
 0.007905 0.0129159 0.0195754 0.0278574 0.0374929 0.0478122 0.0577181 0.0659611 0.0715922 0.0742613 0.074172 0.071823 0.067777 0.0625503 0.0565818 0.0502217 0.0437319 0.0373019 0.0310724 0.0251619 0.0196868 0.0147705 0.010536 0.00708012 0.00444126
 0.00788619 0.0128837 0.0195248 0.0277845 0.0373983 0.0477042 0.0576141 0.0658838 0.0715609 0.0742834 0.0742397 0.0719183 0.0678799 0.0626469 0.0566655 0.0502913 0.0437882 0.0373454 0.0311027 0.0251781 0.0196883 0.0147581 0.0105125 0.00705033 0.00441083
 0.00787303 0.0128571 0.019475 0.0276997 0.0372679 0.0475243 0.0573929 0.0656435 0.0713347 0.0741073 0.074143 0.0719152 0.0679658 0.0628012 0.0568595 0.0504974 0.0439854 0.0375206 0.0312492 0.0252932 0.0197717 0.0148119 0.0105412 0.00706019 0.00440907
 0.00788782 0.0128754 0.0194918 0.0277058 0.0372512 0.0474724 0.0572969 0.065501 0.0711527 0.073904 0.0739461 0.0717565 0.067873 0.0627891 0.0569261 0.0506251 0.0441486 0.0376932 0.0314107 0.0254304 0.0198786 0.0148878 0.0105892 0.00708628 0.00442006
 0.00790113 0.0128968 0.019523 0.0277471 0.0373001 0.0475221 0.0573353 0.0655123 0.0711221 0.0738233 0.0738184 0.071598 0.0677095 0.0626501 0.056836 0.0505966 0.0441795 0.0377689 0.0315101 0.0255332 0.0199694 0.0149585 0.0106379 0.00711566 0.00443513
 0.00787647 0.0128592 0.0194712 0.0276823 0.0372257 0.0474436 0.0572601 0.0654474 0.0710717 0.0737867 0.0737903 0.071571 0.0676799 0.0626211 0.0568178 0.0506026 0.0442195 0.0378443 0.0316128 0.0256479 0.0200801 0.0150524 0.0107089 0.0071634 0.00446368
 0.00783959 0.012794 0.0193641 0.0275188 0.0369963 0.0471512 0.0569252 0.0651083 0.0707745 0.0735717 0.0736808 0.0715693 0.0677704 0.0627783 0.057016 0.0508217 0.0444478 0.0380753 0.0318406 0.0258642 0.0202742 0.0152146 0.0108334 0.00725065 0.00451905
 0.00781133 0.0127481 0.0192946 0.0274194 0.0368601 0.0469721 0.0567011 0.0648444 0.0704875 0.0732907 0.0734423 0.0714086 0.067711 0.0628249 0.0571547 0.051027 0.0446915 0.0383332 0.032095 0.0261022 0.0204856 0.0153914 0.0109711 0.00734919 0.00458335
 0.00778632 0.0127049 0.019225 0.0273146 0.0367132 0.0467811 0.0564719 0.0645906 0.0702276 0.0730437 0.0732267 0.0712425 0.0676126 0.0628095 0.0572294 0.0511864 0.0449175 0.0385998 0.0323748 0.0263716 0.0207271 0.0155935 0.0111286 0.00746266 0.00465824
 0.00775471 0.0126542 0.0191498 0.0272102 0.0365758 0.0466095 0.0562688 0.0643644 0.069992 0.0728161 0.0730258 0.0710853 0.0675127 0.0627772 0.0572706 0.0513018 0.0451004 0.038835 0.0326399 0.0266415 0.0209784 0.0158092 0.0112991 0.00758679 0.00474093
 0.00775236 0.0126446 0.0191248 0.0271588 0.0364873 0.0464778 0.0560963 0.0641621 0.0697769 0.0726064 0.0728371 0.0709305 0.0674023 0.0627194 0.0572717 0.0513649 0.045224 0.0390114 0.0328545 0.0268741 0.0212068 0.0160135 0.011466 0.0077111 0.00482518
 0.00771094 0.0125835 0.0190442 0.0270618 0.036378 0.0463583 0.0559655 0.0640177 0.0696191 0.0724416 0.0726784 0.0707945 0.0673043 0.0626704 0.0572772 0.0514259 0.0453379 0.0391718 0.0330505 0.02709 0.0214236 0.0162123 0.0116323 0.00783759 0.00491241
 0.00766729 0.0125121 0.0189364 0.026911 0.0361823 0.0461247 0.0557119 0.0637702 0.0694043 0.0722778 0.0725718 0.0707415 0.0672983 0.0627065 0.057354 0.0515431 0.0454938 0.0393618 0.033266 0.0273182 0.0216487 0.016418 0.0118051 0.00797022 0.00500483
 0.00766713 0.0125082 0.0189238 0.026882 0.0361284 0.0460384 0.0555899 0.0636161 0.0692295 0.0720999 0.0724106 0.0706141 0.0672147 0.0626693 0.0573605 0.0515894 0.0455765 0.0394777 0.0334098 0.0274813 0.0218185 0.0165802 0.0119466 0.00808234 0.00508515
 0.00765303 0.0124874 0.0188962 0.0268482 0.0360886 0.0459913 0.0555319 0.0635423 0.0691361 0.0719878 0.0722869 0.0704918 0.0671096 0.0625958 0.0573277 0.0516 0.045628 0.0395645 0.0335249 0.0276158 0.0219616 0.0167195 0.0120705 0.00818233 0.00515807
 0.00759011 0.0123938 0.0187715 0.0266982 0.0359241 0.0458253 0.0553778 0.0634113 0.0690359 0.0719205 0.0722493 0.0704779 0.0671148 0.0626192 0.057372 0.0516691 0.0457243 0.0396865 0.0336674 0.0277705 0.0221182 0.0168668 0.0121986 0.00828449 0.00523217
 0.00758744 0.0123809 0.0187369 0.0266273 0.0358046 0.0456552 0.0551703 0.0631942 0.068842 0.0717765 0.0721675 0.0704555 0.0671391 0.0626749 0.0574477 0.0517588 0.0458267 0.0398025 0.0337962 0.0279083 0.0222576 0.0169988 0.0123141 0.00837717 0.00529986
 0.00756925 0.012356 0.0187075 0.0265965 0.0357735 0.0456192 0.0551184 0.0631134 0.0687258 0.071632 0.072016 0.0703248 0.0670522 0.0626419 0.0574651 0.0518154 0.0459102 0.0399034 0.0339086 0.0280273 0.0223777 0.0171127 0.0124146 0.00845863 0.00535991
 0.00755038 0.0123257 0.018663 0.0265365 0.0356991 0.0455353 0.0550331 0.0630354 0.0686601 0.0715767 0.071965 0.0702731 0.0670022 0.062604 0.057452 0.0518356 0.0459641 0.039985 0.0340086 0.0281366 0.0224882 0.017217 0.0125061 0.00853258 0.0054145
 0.00753106 0.0122956 0.0186199 0.0264793 0.0356279 0.0454516 0.0549408 0.0629412 0.0685725 0.0715046 0.0719139 0.0702441 0.0669916 0.062607 0.0574667 0.051864 0.0460104 0.0400514 0.0340934 0.0282337 0.0225892 0.0173135 0.0125909 0.00860101 0.00546489
 0.00750849 0.0122583 0.0185629 0.0263982 0.03552 0.0453187 0.0547904 0.0627863 0.0684293 0.0713882 0.0718354 0.0702084 0.066998 0.0626499 0.0575377 0.0519545 0.0461139 0.040164 0.0342124 0.0283555 0.0227082 0.017423 0.0126847 0.00867512 0.00551847
 0.00749815 0.0122422 0.01854 0.0263672 0.0354799 0.0452676 0.0547265 0.0627089 0.0683404 0.0712935 0.0717441 0.0701316 0.0669454 0.0626278 0.0575473 0.0519928 0.0461753 0.0402421 0.0343012 0.0284498 0.0228027 0.0175118 0.0127622 0.00873747 0.00556421
 0.00749193 0.0122325 0.0185261 0.026349 0.0354573 0.0452409 0.0546961 0.0626747 0.068302 0.07125 0.071695 0.0700786 0.0668932 0.0625836 0.057519 0.0519862 0.0461924 0.0402812 0.0343577 0.0285175 0.0228751 0.0175825 0.0128255 0.00878931 0.00560281
 0.00752319 0.0122809 0.0185943 0.0264373 0.0355632 0.0453585 0.0548157 0.0627836 0.0683858 0.0712966 0.0716968 0.0700339 0.0668069 0.0624661 0.0573847 0.0518509 0.0460706 0.0401832 0.0342884 0.0284767 0.0228585 0.0175836 0.0128372 0.00880513 0.00561799
 0.00749211 0.012237 0.0185406 0.0263808 0.0355135 0.0453243 0.0548025 0.0627926 0.0684144 0.0713391 0.0717458 0.0700812 0.0668444 0.062488 0.0573889 0.0518401 0.0460513 0.0401639 0.0342767 0.0284768 0.0228707 0.0176048 0.0128625 0.0088297 0.0056384
 0.0074865 0.0122257 0.0185196 0.0263464 0.0354638 0.0452626 0.0547383 0.06274 0.0683872 0.0713449 0.0717828 0.0701392 0.0669096 0.0625472 0.057433 0.0518653 0.0460589 0.0401592 0.0342672 0.0284695 0.0228701 0.0176118 0.012875 0.00884428 0.00565188
 0.0074865 0.0122257 0.0185196 0.0263464 0.0354638 0.0452626 0.0547383 0.06274 0.0683872 0.0713449 0.0717828 0.0701392 0.0669096 0.0625472 0.057433 0.0518653 0.0460589 0.0401592 0.0342672 0.0284695 0.0228701 0.0176118 0.012875 0.00884428 0.00565188
 0.00712493 0.0116513 0.0176828 0.0252166 0.0340433 0.0436043 0.0529598 0.0610193 0.0669303 0.070335 0.0713355 0.0702808 0.0675822 0.0636324 0.0587834 0.0533345 0.0475237 0.0415299 0.0354872 0.0295098 0.023721 0.0182772 0.0133691 0.00918934 0.00587629
 0.00711088 0.0115863 0.017507 0.0248485 0.0334002 0.0426356 0.0516785 0.0595138 0.0653509 0.0688637 0.0701505 0.0695261 0.0673425 0.0639192 0.059535 0.0544333 0.0488246 0.0428903 0.0367896 0.0306721 0.0246967 0.01905 0.0139454 0.00959174 0.00613734
 0.00710195 0.0115837 0.0175216 0.0248879 0.0334544 0.0426605 0.0515913 0.0592116 0.0647539 0.0679612 0.0690254 0.0683406 0.0662932 0.0631817 0.0592204 0.0545672 0.049351 0.0436954 0.0377359 0.0316305 0.0255687 0.0197759 0.0145029 0.00998721 0.00639594
 0.00715439 0.0116708 0.0176562 0.0250836 0.0337223 0.0430023 0.0519883 0.0596143 0.0650771 0.0680965 0.0688721 0.0678491 0.0654997 0.0622126 0.0582581 0.0537919 0.0488855 0.0435762 0.0379172 0.0320137 0.0260404 0.0202398 0.0148965 0.010284 0.00659732
 0.00706624 0.0115406 0.0174854 0.0248838 0.0335145 0.0428143 0.0518509 0.0595556 0.0651133 0.0682189 0.0690377 0.0679845 0.0655239 0.0620733 0.0579642 0.0534206 0.0485554 0.0433988 0.0379522 0.0322515 0.0264156 0.0206639 0.0152913 0.0106013 0.00682213
 0.00703979 0.0114947 0.0174115 0.0247739 0.0333652 0.042632 0.0516556 0.0593795 0.0649927 0.0681816 0.0690917 0.0681107 0.0656773 0.0621934 0.0579971 0.053345 0.0483991 0.0432311 0.0378538 0.0322766 0.0265695 0.0209071 0.0155628 0.0108471 0.00701126
 0.00711765 0.0116224 0.0176045 0.025044 0.0337145 0.0430448 0.0520944 0.0597894 0.0653171 0.0683815 0.0691567 0.068056 0.0655288 0.0619718 0.0577097 0.0529913 0.0479861 0.0427878 0.0374323 0.0319354 0.026349 0.0208123 0.015566 0.0109043 0.00708229
#pred catch len freq
 0.00315272 0.00511506 0.00771294 0.0109898 0.0149876 0.0197015 0.0250182 0.0307034 0.0364466 0.0419235 0.0468439 0.0509885 0.0542411 0.0565959 0.0581386 0.059018 0.0594232 0.0595471 0.0594963 0.0591467 0.0580239 0.0553631 0.0504431 0.0430737 0.0339056
 0.00340414 0.0054587 0.00811219 0.0113764 0.0152889 0.0198777 0.0250866 0.0307265 0.0364907 0.0420154 0.0469561 0.0510653 0.0542443 0.0565415 0.0580983 0.0590845 0.0596557 0.0599222 0.0598937 0.0593827 0.0579269 0.0548563 0.0495873 0.0420423 0.0329056
 0.00349624 0.00564336 0.00844934 0.0119294 0.0160924 0.0208985 0.0262032 0.0317572 0.0372651 0.0424472 0.0470675 0.0509478 0.0539945 0.0562216 0.057743 0.0587281 0.0593417 0.0596789 0.0596958 0.0591381 0.0575118 0.0541848 0.0486711 0.0409968 0.0318962
 0.00363057 0.00584874 0.00873952 0.0123223 0.0166224 0.0216235 0.0271912 0.0330431 0.0387963 0.0440565 0.0485081 0.0519839 0.0544936 0.0561902 0.0572921 0.0580066 0.0584823 0.0587717 0.0587778 0.0581929 0.0564884 0.0530412 0.0474223 0.0397312 0.0307436
 0.00381619 0.00614484 0.0091741 0.0129166 0.0173874 0.0225568 0.0282783 0.0342646 0.0401361 0.0454961 0.049998 0.0534113 0.0556809 0.0569444 0.0574813 0.0576125 0.057595 0.0575366 0.0573334 0.0566322 0.0548585 0.0513739 0.0457709 0.0381866 0.0294135
 0.00403444 0.00649427 0.00969103 0.0136341 0.0183324 0.0237436 0.0296976 0.0358742 0.0418607 0.0472392 0.0516605 0.0549027 0.0569156 0.0578278 0.0579063 0.0574829 0.0568664 0.0562443 0.0555848 0.0545712 0.052631 0.0491151 0.0436121 0.0362566 0.027821
 0.00424997 0.00684244 0.0102121 0.0143674 0.0193129 0.0249951 0.0312211 0.0376377 0.0437947 0.0492404 0.0536025 0.0566529 0.0583524 0.0588518 0.0584388 0.0574595 0.0562385 0.0549969 0.0537599 0.0522789 0.0500402 0.0464299 0.0410432 0.0339908 0.02599
 0.0044619 0.00718679 0.0107315 0.0151051 0.0203098 0.0262816 0.032805 0.0394927 0.0458548 0.0514024 0.0557349 0.0586101 0.0599921 0.060051 0.0591025 0.0575211 0.0556554 0.0537529 0.0518791 0.0498474 0.0472194 0.0434482 0.0381607 0.0314463 0.0239474
 0.00468592 0.00754552 0.0112628 0.0158453 0.0212923 0.0275332 0.0343368 0.0412885 0.0478637 0.0535367 0.0578751 0.0606165 0.0617203 0.0613678 0.0598973 0.05771 0.0551825 0.052592 0.0500445 0.0474135 0.04434 0.0403568 0.0351391 0.028763 0.0217909
 0.0049458 0.00795501 0.0118562 0.0166493 0.0223265 0.0288086 0.0358501 0.0430151 0.0497532 0.0555137 0.0598436 0.0624655 0.063332 0.0626259 0.0606951 0.057956 0.0548049 0.0515461 0.0483263 0.0450809 0.0415336 0.0373045 0.0321259 0.0260687 0.0196175
 0.00525815 0.00844515 0.0125616 0.017595 0.0235236 0.0302515 0.0375107 0.0448384 0.0516601 0.0574112 0.0616367 0.0640653 0.0646585 0.063607 0.0612632 0.0580454 0.0543526 0.0505007 0.0466664 0.0428418 0.0388336 0.0343529 0.0291963 0.0234368 0.0174872
 0.00554179 0.00890195 0.0132417 0.0185435 0.0247744 0.0318154 0.0393606 0.0469005 0.0538177 0.0595224 0.0635576 0.065672 0.0658617 0.0643553 0.0615346 0.0578302 0.0536391 0.0492715 0.0449122 0.0405906 0.0361833 0.0314866 0.0263631 0.0208941 0.0154284
 0.00582049 0.00934075 0.0138771 0.0194044 0.0258827 0.033184 0.0409856 0.0487478 0.0558142 0.0615545 0.0654822 0.0673382 0.0671377 0.06515 0.0618047 0.0575718 0.052869 0.0480108 0.0431849 0.0384406 0.0337028 0.0288355 0.023758 0.0185616 0.0135409
 0.00612161 0.00982546 0.0145976 0.0204064 0.0271967 0.0348133 0.0428914 0.0508447 0.0579788 0.0636463 0.0673625 0.0688829 0.0682446 0.0657458 0.0618513 0.057067 0.0518401 0.0465036 0.0412562 0.0361633 0.0311821 0.0262234 0.0212464 0.016345 0.0117635
 0.00638087 0.0102485 0.0152383 0.0213187 0.0284279 0.0363895 0.044799 0.0530145 0.0602839 0.0659155 0.0694076 0.0705309 0.0693668 0.0662723 0.0617685 0.0564033 0.0506491 0.0448525 0.0392225 0.033839 0.0286842 0.023701 0.018872 0.0142835 0.0101303
 0.00656135 0.010544 0.0156887 0.0219675 0.0293195 0.0375622 0.0462711 0.0547685 0.0622538 0.0679824 0.0714084 0.0722814 0.0706947 0.0670498 0.061932 0.0559537 0.0496373 0.0433604 0.0373482 0.0316936 0.0263956 0.0214163 0.016748 0.0124609 0.00870062
 0.00663003 0.0106551 0.0158568 0.0222102 0.0296607 0.0380332 0.0469089 0.0556073 0.0633119 0.0692467 0.072822 0.0737403 0.0720585 0.0681645 0.0626596 0.0561987 0.0493623 0.0425861 0.036144 0.0301643 0.0246716 0.0196446 0.0150772 0.0110184 0.00756707
 0.00666551 0.0107089 0.0159311 0.0223059 0.0297799 0.0381825 0.0471028 0.0558698 0.0636747 0.0697433 0.0734757 0.074549 0.0729807 0.0691148 0.0635181 0.0568347 0.049664 0.0424871 0.0356369 0.0293018 0.0235554 0.0184075 0.0138595 0.00994125 0.00670915
