SBPRF35
12.7214
Curr Bio
714884
B35
868297
F35
0.169343
FOFL
0.14201
OFL
86513.5
Bzero
3.63469e+006
#pred survey bio
 3.53519e+006 3.44788e+006 3.36555e+006 3.21847e+006 3.02993e+006 2.82822e+006 2.57451e+006 2.34245e+006 2.10694e+006 1.87305e+006 1.66932e+006 1.47252e+006 1.30797e+006 1.17503e+006 1.04388e+006 906729 819788 734867 693314 653261 621889 601104 586404 565789 565789 564462 560978 553099 552867 554112 566069 567108 570453 579867 594442 590726 602172 609406 628673 643091 647594 654420 659396 666050 676960 696450 711998 714444 722055 722035 719434 758533 762915 765899 759988 732148 713556 720326 2.59048e+007 1.53268e+007 1.5496e+007 1.6409e+007 1.78438e+007 1.95026e+007 2.11536e+007 2.26555e+007 2.39436e+007 2.50042e+007 2.58532e+007 2.65193e+007 2.70348e+007 2.74302e+007 2.77317e+007 2.79611e+007 2.81355e+007 2.82683e+007 2.83696e+007 2.84472e+007 2.85068e+007 2.85529e+007 2.85887e+007 2.86166e+007 2.86384e+007 2.86556e+007 2.86692e+007 2.868e+007 2.86885e+007 2.86953e+007 2.87008e+007 2.87052e+007 2.87087e+007 2.87116e+007 2.87139e+007 2.87158e+007 2.87173e+007 2.87185e+007 2.87196e+007 2.87204e+007 2.8721e+007 2.87216e+007 2.8722e+007 2.87224e+007 2.87227e+007 2.87229e+007 2.87231e+007 2.87233e+007 2.87234e+007 2.87235e+007 2.87236e+007 2.87237e+007 2.87238e+007 2.87238e+007 2.87239e+007 2.87239e+007 2.87239e+007 2.87239e+007 2.87239e+007 2.8724e+007 2.8724e+007 2.8724e+007 2.8724e+007 2.8724e+007 2.8724e+007 2.8724e+007 2.8724e+007 2.8724e+007 2.8724e+007 2.8724e+007 2.8724e+007 2.8724e+007 2.8724e+007 2.8724e+007 2.8724e+007 2.8724e+007 2.8724e+007 2.8724e+007 2.8724e+007 2.8724e+007 2.8724e+007 2.8724e+007 2.8724e+007 2.8724e+007 2.8724e+007 2.8724e+007 2.8724e+007 2.8724e+007 2.8724e+007 2.8724e+007 2.8724e+007 2.8724e+007 2.8724e+007 2.8724e+007 2.8724e+007 2.8724e+007 2.8724e+007 2.8724e+007 2.8724e+007 2.8724e+007 0 0 0 0 0 0 0 0 0 0 0 0 0 0 0 0 0 0 0 0 0 0 0 0 0
#obs survey bio
 3.577e+006 3.46675e+006 2.94572e+006 3.44658e+006 2.63641e+006 3.26096e+006 2.97672e+006 2.91378e+006 1.37851e+006 1.51908e+006 1.13676e+006 1.41971e+006 1.32072e+006 1.23993e+006 774644 943525 766868 585468 626827 498388 641848 823402 561170 516176 461152 645884 418016 552436 409447 471108 613157 374057 518271 442269 589893 590760 591566 514653 809485 528348 754279 554409 761863 506730 650333 579960 772385 980700 726452 642440 763919 650172 773003 1.24404e+006 780773 675133 624420 846462
#pred catch bio
 89247.2 86467.6 150366 196847 220609 282189 277752 296190 308761 293723 297156 275117 251321 250717 252710 204435 197824 156323 151968 141030 128745 120795 123125 104126 104792 105564 107781 100275 98819 90245.3 100006 98166.4 93498.1 89910.4 105416 92357.8 96495.4 87329.7 93094.8 102559 101499 104548 104841 103067 97847.1 102957 114196 108928 114347 114699 78615.6 107705 106397 111610 127666 117115 93192.9 78739.7 86513.5 100342 100030 104511 113171 123576 133936 143256 151113 157441 162370 166114 168904 170952 172437 173505 174267 174807 175188 175456 175644 175775 175867 175930 175975 176005 176027 176041 176052 176059 176064 176067 176069 176071 176072 176073 176073 176074 176074 176074 176074 176074 176074 176074 176074 176074 176074 176074 176074 176074 176074 176074 176074 176074 176074 176074 176074 176074 176074 176074 176074 176074 176074 176074 176074 176074 176074 176074 176074 176074 176074 176074 176074 176074 176074 176074 176074 176074 176074 176074 176074 176074 176074 176074 176074 176074 176074 176074 176074 176074 176074 176074 176074 176074 176074 176074 176074 176074 176074 176074 0 0 0 0 0 0 0 0 0 0 0 0 0 0 0 0 0 0 0 0 0 0 0 0 0
#obs catch bio
 0 86128 150810 197338 220955 283629 277677 296547 310446 295178 299968 278609 254043 254179 256959 205799 199386 156893 153089 142519 129821 121051 123618 104493 105536 105685 108083 100228 99341.8 90290.1 100129 98567.5 94019 90134.8 105587 92609.1 96948.9 87509 92979.5 102929 101508 104873 105454 104066 98583.2 103676 115252 108927 114775 115416 78098.5 108018 106173 110925 126965 116951 93362.3 78618.4
#pred cpue bio
 3.48692e+006 3.4013e+006 3.32019e+006 3.17349e+006 2.98523e+006 2.78389e+006 2.53105e+006 2.29963e+006 2.0649e+006 1.832e+006 1.62916e+006 1.43351e+006 1.27014e+006 1.1384e+006 1.00897e+006 874169 788894 705889 665334 626363 595962 576032 562023 542064 542096 540963 537819 530322 530143 531365 543084 544132 547356 556622 571024 567504 578738 585865 604686 618715 623003 629483 634033 640244 650762 669808 685119 687810 695575 695853 693673 732459 737368 740705 735175 707901 689630 696944 2.51289e+007 1.48842e+007 1.4885e+007 1.56104e+007 1.69774e+007 1.86196e+007 2.02671e+007 2.17684e+007 2.30563e+007 2.41169e+007 2.49659e+007 2.5632e+007 2.61475e+007 2.65429e+007 2.68444e+007 2.70738e+007 2.72482e+007 2.7381e+007 2.74823e+007 2.75599e+007 2.76195e+007 2.76656e+007 2.77014e+007 2.77292e+007 2.77511e+007 2.77683e+007 2.77819e+007 2.77927e+007 2.78012e+007 2.7808e+007 2.78135e+007 2.78179e+007 2.78214e+007 2.78243e+007 2.78266e+007 2.78285e+007 2.783e+007 2.78312e+007 2.78323e+007 2.78331e+007 2.78337e+007 2.78343e+007 2.78347e+007 2.78351e+007 2.78354e+007 2.78356e+007 2.78358e+007 2.7836e+007 2.78361e+007 2.78362e+007 2.78363e+007 2.78364e+007 2.78365e+007 2.78365e+007 2.78365e+007 2.78366e+007 2.78366e+007 2.78366e+007 2.78366e+007 2.78367e+007 2.78367e+007 2.78367e+007 2.78367e+007 2.78367e+007 2.78367e+007 2.78367e+007 2.78367e+007 2.78367e+007 2.78367e+007 2.78367e+007 2.78367e+007 2.78367e+007 2.78367e+007 2.78367e+007 2.78367e+007 2.78367e+007 2.78367e+007 2.78367e+007 2.78367e+007 2.78367e+007 2.78367e+007 2.78367e+007 2.78367e+007 2.78367e+007 2.78367e+007 2.78367e+007 2.78367e+007 2.78367e+007 2.78367e+007 2.78367e+007 2.78367e+007 2.78367e+007 2.78367e+007 2.78367e+007 2.78367e+007 2.78367e+007 2.78367e+007 2.78367e+007 2.78367e+007 2.78367e+007 0 0 0 0 0 0 0 0 0 0 0 0 0 0 0 0 0 0 0 0 0 0 0 0 0
#obs cpue bio
 4.32313e+006 2.45297e+006 3.72621e+006 2.76679e+006 2.75899e+006 2.45518e+006 3.1077e+006 1.69325e+006 2.16715e+006 2.02431e+006 1.76328e+006 1.00189e+006 1.15384e+006 840453 1.14199e+006 983374 844246 818442 604864 583155 547638 551623 567079 465291 521188 675903 660624 601591 485061 717984 562209 605420 479461 762958 819240 374657 580821 653266 683389 533530 634868 580754 405350 537567 622070 794098 566614 862424 535787 746377 1.03343e+006 687543 904460 681448 827880 577277 523094 771707
#pred surv len freq
 0.00533147 0.00856432 0.012717 0.0177127 0.0233992 0.029488 0.0355191 0.0409588 0.0453991 0.0486987 0.0509619 0.0524124 0.0532777 0.0537371 0.0539125 0.0538791 0.0536816 0.0533375 0.0527988 0.05187 0.0501439 0.0470627 0.0421692 0.0354487 0.0275186
 0.00551955 0.00877999 0.0128799 0.0177052 0.0231135 0.028892 0.0346989 0.0401004 0.0447096 0.048313 0.0508931 0.0525712 0.0535405 0.0540155 0.0541885 0.0541951 0.0540972 0.0538772 0.0534171 0.0524541 0.0505573 0.047209 0.0420388 0.0351196 0.0271138
 0.00571535 0.00909679 0.0133472 0.0183317 0.0238658 0.0296742 0.0353546 0.0404562 0.044653 0.0478594 0.0501896 0.0518255 0.052921 0.0535914 0.0539413 0.0540743 0.0540693 0.0539321 0.0535395 0.0525941 0.0506312 0.0471367 0.0417896 0.0347328 0.0266772
 0.00591081 0.00941364 0.013823 0.0190019 0.0247567 0.0307888 0.0366513 0.0418299 0.0459349 0.048849 0.0507168 0.0518179 0.0524362 0.0527891 0.0530092 0.0531575 0.0532411 0.0532078 0.0529015 0.0520064 0.050047 0.0465142 0.041117 0.034043 0.0260353
 0.00613058 0.00976337 0.014336 0.0197062 0.0256728 0.0319245 0.0379935 0.0433347 0.0475205 0.0503927 0.05206 0.0527873 0.0528872 0.0526567 0.0523377 0.0520846 0.0519429 0.0518371 0.051553 0.0507162 0.0488154 0.0453352 0.0400025 0.0330311 0.0251783
 0.00634957 0.0101131 0.014851 0.0204156 0.0265961 0.0330663 0.0393355 0.044833 0.0491086 0.0519885 0.0535677 0.0540942 0.0538636 0.0531721 0.0522958 0.0514622 0.0508067 0.0503246 0.0498258 0.0489153 0.0470418 0.0436581 0.0384791 0.0317165 0.024119
 0.006679 0.0106296 0.0155931 0.0214071 0.0278442 0.0345572 0.0410289 0.0466587 0.0509736 0.0537911 0.0552107 0.0554894 0.0549276 0.0538191 0.0524396 0.0510322 0.0497773 0.048739 0.0477992 0.0466122 0.0446424 0.0413312 0.0363678 0.0299297 0.0227199
 0.00698532 0.0111168 0.0163062 0.0223809 0.0290971 0.0360828 0.0427859 0.0485681 0.0529292 0.0556791 0.0569271 0.0569478 0.0560563 0.0545545 0.0527182 0.0507904 0.0489632 0.0473368 0.045855 0.0442466 0.0420403 0.0387112 0.0339423 0.0278661 0.0211128
 0.00730314 0.0116233 0.0170499 0.0234008 0.0304169 0.0377009 0.0446639 0.0506251 0.0550498 0.0577325 0.058788 0.0585102 0.0572394 0.0553001 0.0529827 0.0505355 0.048153 0.0459486 0.0439038 0.0418136 0.0392868 0.0358649 0.0312538 0.0255511 0.0193023
 0.00767013 0.0122018 0.0178869 0.0245292 0.0318512 0.0394311 0.0466461 0.0527767 0.0572561 0.0598629 0.0607146 0.0601206 0.058444 0.0560339 0.053203 0.0502151 0.0472729 0.0444988 0.0418986 0.0393183 0.0364425 0.0328896 0.0284081 0.0230751 0.0173524
 0.0079988 0.0127251 0.0186542 0.025579 0.033205 0.0410836 0.0485539 0.0548547 0.0593879 0.0619215 0.0625808 0.0616926 0.0596392 0.0567876 0.0534669 0.0499552 0.0464671 0.0431384 0.0399982 0.0369372 0.0337078 0.0300036 0.0256214 0.0206286 0.0154115
 0.00830403 0.0132183 0.0193908 0.0266083 0.0345607 0.0427688 0.0505252 0.0570169 0.0616061 0.0640462 0.0644736 0.0632423 0.0607663 0.0574419 0.0536205 0.0495934 0.0455829 0.0417325 0.0380894 0.0345825 0.0310252 0.0271807 0.0228943 0.0182283 0.0135008
 0.00857044 0.0136409 0.0200081 0.0274516 0.0356518 0.0441147 0.0521094 0.0587908 0.0634878 0.0659279 0.066234 0.0647618 0.061941 0.0581943 0.0539021 0.049381 0.0448705 0.0405265 0.0364134 0.0324924 0.0286288 0.0246469 0.0204356 0.0160548 0.0117633
 0.00872117 0.0138932 0.0204012 0.0280268 0.0364441 0.0451404 0.0533539 0.0602055 0.0649994 0.0674533 0.0676911 0.0660718 0.0630275 0.0589835 0.0543288 0.0493947 0.04444 0.0396421 0.0350904 0.0307805 0.0266252 0.0225014 0.0183357 0.0141865 0.0102619
 0.00885374 0.0141179 0.0207565 0.0285553 0.0371841 0.0461128 0.0545477 0.0615713 0.0664546 0.0688979 0.069026 0.0672125 0.063911 0.0595677 0.0545852 0.0493023 0.0439816 0.0388082 0.0338887 0.0292494 0.0248465 0.0206047 0.0164839 0.0125408 0.00893961
 0.00912486 0.0145429 0.0213673 0.0293716 0.038212 0.0473408 0.0559407 0.0630658 0.0679622 0.070316 0.0702534 0.068164 0.0645277 0.0598219 0.0544775 0.0488509 0.0432106 0.0377407 0.0325495 0.0276779 0.023112 0.0188142 0.0147717 0.0110397 0.00774426
 0.00923019 0.0147097 0.0216107 0.0297042 0.0386439 0.0478791 0.0565869 0.0638133 0.0687937 0.0712029 0.0711536 0.0690216 0.0652766 0.060394 0.0548137 0.048911 0.0429764 0.0372137 0.0317484 0.0266403 0.0219003 0.0175194 0.0135057 0.00991306 0.00683759
 0.00949081 0.0151056 0.0221546 0.030389 0.039445 0.0487592 0.0574996 0.0647064 0.0696153 0.0719104 0.0717207 0.0694378 0.06554 0.060502 0.054758 0.0486772 0.0425497 0.0365865 0.0309271 0.025651 0.0207933 0.0163692 0.0124025 0.00894423 0.00606509
 0.00953694 0.0151769 0.0222548 0.0305199 0.0396065 0.0489503 0.0577194 0.0649544 0.0698921 0.0722173 0.0720582 0.0698016 0.0659175 0.0608697 0.0550816 0.048915 0.0426585 0.0365294 0.0306826 0.0252213 0.020209 0.0156886 0.0117018 0.00830038 0.00553609
 0.00957515 0.0152432 0.022362 0.0306813 0.0398318 0.0492394 0.0580578 0.0653138 0.0702385 0.0725216 0.0723048 0.0699904 0.0660586 0.0609753 0.0551574 0.0489548 0.0426432 0.0364318 0.030477 0.0248949 0.0197717 0.0151758 0.0111681 0.00780524 0.00512628
 0.00956273 0.0152263 0.0223433 0.0306668 0.0398315 0.0492666 0.0581268 0.0654361 0.0704168 0.0727465 0.072555 0.0702393 0.0662831 0.0611622 0.0553029 0.0490586 0.0427014 0.036433 0.0304045 0.0247348 0.0195232 0.0148576 0.0108172 0.00746624 0.00483759
 0.00959851 0.0152657 0.0223687 0.0306517 0.0397498 0.0491066 0.0579019 0.0651856 0.0701952 0.0726055 0.0725281 0.0703336 0.0664808 0.0614287 0.0555982 0.0493466 0.0429541 0.0366291 0.0305274 0.0247725 0.0194729 0.0147303 0.0106387 0.00727112 0.00465856
 0.00967251 0.0153708 0.0224977 0.0307858 0.0398608 0.0491619 0.0578731 0.0650564 0.0699707 0.0723172 0.0722301 0.0700884 0.066339 0.0614131 0.0557 0.0495324 0.0431793 0.0368503 0.0307093 0.0248915 0.0195183 0.0147056 0.0105605 0.00716486 0.00455039
 0.00982981 0.0156116 0.0228314 0.0312085 0.040353 0.049688 0.05838 0.0654789 0.0702427 0.0723907 0.0720917 0.0697662 0.0658958 0.0609285 0.0552474 0.0491608 0.0429054 0.0366625 0.0305799 0.0247894 0.0194192 0.0145975 0.0104439 0.00704924 0.00444798
 0.00972843 0.0154642 0.022642 0.0309935 0.0401378 0.0495005 0.0582452 0.0654132 0.0702506 0.0724618 0.0722021 0.0698858 0.0659992 0.0610056 0.0553063 0.0492214 0.0429872 0.0367732 0.0307111 0.024921 0.0195288 0.0146698 0.0104756 0.00704806 0.00442759
 0.00963995 0.0153267 0.0224479 0.0307419 0.0398369 0.0491703 0.0579179 0.0651304 0.0700538 0.0723798 0.0722416 0.0700294 0.0662128 0.0612495 0.055548 0.0494433 0.0431871 0.0369574 0.030885 0.0250825 0.019669 0.0147782 0.0105469 0.00708481 0.004439
 0.0096361 0.0153119 0.0224097 0.0306636 0.0397022 0.0489701 0.0576576 0.0648324 0.0697542 0.0721208 0.0720616 0.0699538 0.0662475 0.0613804 0.0557457 0.0496737 0.0434211 0.0371771 0.0310827 0.0252557 0.0198153 0.0148941 0.01063 0.00713679 0.00446585
 0.00974027 0.015464 0.022606 0.0308875 0.0399264 0.0491619 0.0577842 0.0648666 0.0696813 0.0719446 0.071807 0.0696624 0.0659667 0.0611502 0.055589 0.0495931 0.0434035 0.0372022 0.0311307 0.0253122 0.0198707 0.0149423 0.0106671 0.0071613 0.004479
 0.00975558 0.0154897 0.0226455 0.0309436 0.0399987 0.0492441 0.0578629 0.0649221 0.0696927 0.0718971 0.0716975 0.0695026 0.0657812 0.0609704 0.0554454 0.0495066 0.0433806 0.0372351 0.0312021 0.0254018 0.0199613 0.015022 0.0107296 0.00720523 0.00450638
 0.00974974 0.0154806 0.022633 0.0309282 0.0399824 0.0492305 0.0578564 0.0649262 0.0697068 0.0719142 0.0717057 0.0694889 0.0657381 0.060901 0.0553635 0.0494327 0.043334 0.0372271 0.0312326 0.025461 0.0200343 0.0150943 0.0107911 0.00725116 0.00453674
 0.00969641 0.0153899 0.0224898 0.0307177 0.0396957 0.0488727 0.0574525 0.0645209 0.0693544 0.0716638 0.0715872 0.0695066 0.0658728 0.0611188 0.0556276 0.0497134 0.0436133 0.037497 0.0314896 0.0257006 0.0202492 0.0152762 0.0109342 0.00735458 0.00460485
 0.00973004 0.0154447 0.0225713 0.0308283 0.0398307 0.049016 0.0575759 0.0645895 0.0693399 0.0715576 0.0714066 0.0692889 0.0656605 0.060945 0.0555078 0.0496471 0.0435911 0.0375075 0.0315239 0.0257518 0.0203107 0.0153403 0.0109931 0.00740244 0.00463933
 0.00965044 0.0153333 0.0224373 0.0306922 0.0397189 0.0489523 0.0575724 0.0646424 0.0694298 0.071655 0.071481 0.0693197 0.0656449 0.0608979 0.0554544 0.0496109 0.0435854 0.0375342 0.0315766 0.0258208 0.0203863 0.0154141 0.0110582 0.00745454 0.00467685
 0.00958084 0.015215 0.022251 0.0304206 0.0393554 0.0485116 0.0570979 0.0642012 0.0690937 0.0714755 0.0714722 0.0694577 0.0658824 0.061184 0.0557504 0.0498964 0.043855 0.0377889 0.0318166 0.0260428 0.020584 0.015581 0.0111906 0.00755211 0.00474307
 0.00949037 0.0150724 0.0220444 0.0301408 0.0389967 0.0480738 0.0565914 0.0636533 0.068552 0.0710044 0.0711401 0.0693175 0.0659535 0.0614463 0.0561528 0.0503757 0.0443547 0.0382695 0.0322555 0.0264284 0.0209104 0.0158455 0.0113934 0.00769753 0.0048396
 0.00953868 0.0151499 0.0221583 0.0302947 0.0391866 0.0482838 0.0567904 0.0637979 0.068597 0.0709191 0.0709226 0.069 0.0655951 0.0611138 0.0558995 0.0502266 0.0443056 0.0382968 0.0323299 0.0265251 0.0210116 0.0159397 0.0114735 0.00775993 0.00488397
 0.00949315 0.015072 0.0220348 0.0301135 0.0389424 0.0479853 0.0564646 0.0634854 0.068339 0.0707409 0.070826 0.0689686 0.0656086 0.061162 0.0559862 0.0503636 0.0445002 0.0385432 0.0326086 0.0268091 0.0212755 0.0161651 0.0116514 0.00788967 0.00497105
 0.0095325 0.0151262 0.0220976 0.0301714 0.0389764 0.047975 0.0563941 0.0633486 0.0681441 0.0705113 0.0705943 0.0687666 0.0654565 0.0610656 0.055942 0.0503671 0.0445503 0.0386399 0.0327471 0.0269766 0.0214523 0.0163313 0.0117916 0.00799666 0.00504499
 0.00950305 0.0150753 0.0220154 0.030047 0.0388006 0.0477443 0.0561139 0.0630352 0.0678214 0.0702073 0.0703375 0.0685826 0.0653649 0.0610756 0.0560495 0.0505562 0.0447989 0.0389256 0.0330502 0.0272793 0.0217373 0.0165823 0.0119964 0.00815016 0.00514996
 0.0094647 0.0150227 0.0219539 0.0299862 0.0387495 0.0477053 0.0560786 0.0629862 0.0677403 0.0700837 0.0701753 0.0683996 0.0651882 0.0609342 0.0559675 0.0505472 0.0448639 0.0390544 0.0332254 0.02748 0.0219429 0.016774 0.0121598 0.00827705 0.00523935
 0.00953484 0.0151258 0.022089 0.030146 0.0389233 0.0478824 0.0562505 0.0631436 0.0678691 0.0701633 0.0701819 0.0683161 0.0650133 0.060687 0.0556835 0.0502685 0.0446276 0.038884 0.0331284 0.0274496 0.0219631 0.0168247 0.012222 0.00833602 0.00528654
 0.00962808 0.0152641 0.022272 0.0303641 0.0391594 0.048116 0.0564613 0.0633148 0.067989 0.0702262 0.0701867 0.0682626 0.0649007 0.0605154 0.0554599 0.0500109 0.0443638 0.038645 0.0329387 0.0273215 0.0218946 0.0168036 0.0122313 0.00835914 0.00531142
 0.00963969 0.015296 0.0223433 0.0304987 0.0393774 0.0484216 0.0568336 0.0637085 0.0683476 0.0704996 0.0703446 0.068298 0.0648236 0.0603448 0.0552167 0.049717 0.0440431 0.0383247 0.0326464 0.0270795 0.021715 0.0166858 0.0121647 0.00832846 0.00530166
 0.00960089 0.0152401 0.0222738 0.0304258 0.0393192 0.0484021 0.0568789 0.0638388 0.0685667 0.0707874 0.0706585 0.0685845 0.0650356 0.0604546 0.0552196 0.0496264 0.0438829 0.0381231 0.0324327 0.0268802 0.0215497 0.0165645 0.0120867 0.0082854 0.0052821
 0.00953732 0.0151414 0.0221341 0.0302443 0.0391015 0.0481625 0.0566424 0.0636403 0.0684454 0.0707763 0.0707726 0.0688125 0.0653406 0.0607835 0.055519 0.0498569 0.0440272 0.0381852 0.0324313 0.0268406 0.0214964 0.0165157 0.012052 0.00826622 0.00527478
 0.00941243 0.0149485 0.0218632 0.0298935 0.0386782 0.0476847 0.0561399 0.0631555 0.0680294 0.070481 0.0706406 0.0688676 0.065581 0.061179 0.0560154 0.0503878 0.0445301 0.0386153 0.032768 0.0270853 0.0216647 0.016628 0.0121265 0.00831612 0.00530812
 0.00918972 0.0146225 0.0214392 0.0293992 0.0381549 0.0471733 0.0556711 0.0627482 0.0676969 0.070237 0.0705023 0.0688547 0.0657095 0.0614535 0.0564223 0.0508921 0.0450806 0.0391558 0.0332511 0.0274821 0.0219672 0.0168444 0.0122734 0.00841149 0.00536739
 0.00915932 0.0145595 0.0213208 0.0291993 0.037855 0.0467769 0.0552123 0.0622865 0.0672965 0.069943 0.0703295 0.0687934 0.0657428 0.0615712 0.0566222 0.0511723 0.0454286 0.0395441 0.033642 0.0278385 0.0222628 0.0170689 0.0124307 0.00851393 0.00542977
 0.00906708 0.014421 0.0211327 0.0289633 0.0375739 0.0464504 0.0548377 0.0618666 0.0668501 0.0695113 0.0699683 0.0685564 0.0656623 0.0616506 0.0568421 0.0515026 0.0458377 0.0400002 0.0341109 0.0282846 0.0226546 0.0173854 0.0126657 0.00867423 0.00553027
 0.00895768 0.0142598 0.0209212 0.0287137 0.0373061 0.0461851 0.0545902 0.0616436 0.0666492 0.0693247 0.0697908 0.0683942 0.0655368 0.0615926 0.0568788 0.0516462 0.0460811 0.0403209 0.034477 0.0286603 0.0230059 0.0176857 0.0128999 0.00884062 0.00563784
 0.00892352 0.0141965 0.0208123 0.0285416 0.0370583 0.045864 0.05422 0.0612667 0.0663137 0.0690667 0.0696236 0.0683093 0.065516 0.061622 0.0569566 0.051781 0.0462822 0.0405882 0.0347963 0.0290053 0.0233443 0.0179875 0.0131448 0.0090211 0.00575826
 0.00862097 0.0137245 0.0201394 0.0276536 0.0359626 0.0445954 0.0528478 0.0598978 0.0650811 0.0681054 0.0690411 0.0681617 0.0657975 0.0622709 0.057877 0.0528687 0.0474462 0.0417581 0.0359191 0.030038 0.0242502 0.0187389 0.013728 0.00944058 0.00603549
 0.00861104 0.013699 0.020083 0.0275438 0.0357723 0.0442984 0.0524258 0.0593471 0.0644191 0.0673749 0.0683103 0.067517 0.0653269 0.062042 0.0579185 0.0531654 0.047947 0.0423943 0.0366202 0.0307417 0.0249055 0.0193071 0.0141852 0.00977942 0.0062652
 0.00858329 0.0136578 0.0200277 0.0274742 0.0356861 0.0441873 0.052274 0.0591333 0.0641232 0.0669869 0.0678398 0.0669983 0.0648183 0.0616168 0.0576488 0.0531021 0.0481055 0.0427506 0.0371199 0.0313154 0.0254845 0.0198349 0.0146238 0.0101123 0.00649506
 0.00866485 0.013774 0.0201722 0.0276311 0.0358339 0.0443062 0.0523499 0.059157 0.0640851 0.0668735 0.0676352 0.066693 0.0644204 0.0611602 0.0571922 0.0527171 0.0478571 0.0426776 0.0372236 0.0315616 0.025816 0.0201892 0.0149488 0.0103753 0.00668497
 0.00876618 0.0139492 0.0204535 0.0280503 0.0364095 0.0450255 0.053157 0.0599561 0.0647642 0.0673356 0.0678211 0.0665865 0.0640406 0.0605531 0.0564251 0.051875 0.0470337 0.0419598 0.0366734 0.0312032 0.025635 0.020143 0.0149841 0.0104443 0.0067547
 0.00838809 0.013421 0.0198198 0.02741 0.0358927 0.0447523 0.0532002 0.060323 0.0653989 0.0681342 0.0686547 0.0673277 0.0645902 0.0608572 0.0564799 0.0517197 0.0467381 0.041608 0.0363461 0.0309595 0.0255009 0.0201108 0.0150227 0.010516 0.00682854
 0.00774326 0.0124278 0.0184328 0.0256381 0.0338119 0.0425159 0.051039 0.0585184 0.0642184 0.0677502 0.0690892 0.0684526 0.0661779 0.0626519 0.0582585 0.0533287 0.048103 0.0427224 0.0372471 0.0316999 0.0261249 0.0206415 0.0154639 0.0108627 0.00707998
#obs surv len freq
 nan nan nan nan nan nan nan nan nan nan nan nan nan nan nan nan nan nan nan nan nan nan nan nan nan
 0.00448756 0.00735011 0.011181 0.0159977 0.0216978 0.0279721 0.0342845 0.0400142 0.0446925 0.0481555 0.0505129 0.0520084 0.0529005 0.0534128 0.0537271 0.0539819 0.0542605 0.0545532 0.054692 0.0542839 0.052722 0.0493543 0.0438043 0.0362846 0.0276686
 0.00461736 0.00756389 0.0115075 0.0164641 0.0223231 0.0287563 0.0351987 0.0409978 0.0456624 0.0490232 0.0512013 0.0524634 0.0530952 0.0533475 0.0534245 0.0534795 0.0536016 0.0537805 0.0538442 0.053398 0.0518368 0.0485129 0.0430515 0.0356585 0.0271901
 0.00477309 0.00781998 0.0118984 0.0170241 0.0230798 0.0297197 0.0363498 0.0422824 0.0469961 0.0503036 0.052324 0.0533352 0.0536454 0.0535352 0.0532421 0.05295 0.0527712 0.0527094 0.0525991 0.0520492 0.0504594 0.0471872 0.0418573 0.0346615 0.0264267
 0.00496814 0.00813687 0.0123752 0.0176963 0.0239746 0.0308458 0.0376866 0.043775 0.0485605 0.0518401 0.0537294 0.0545108 0.054503 0.0540035 0.0532744 0.0525309 0.051919 0.0514739 0.0510568 0.0502983 0.0486158 0.0453784 0.0402088 0.0332761 0.0253619
 0.00519188 0.00850213 0.0129276 0.0184792 0.02502 0.0321618 0.0392435 0.0455018 0.0503555 0.0535906 0.0553286 0.0558657 0.0555335 0.0546404 0.0534599 0.0522242 0.0511045 0.0501702 0.0493237 0.0482394 0.0463752 0.0431287 0.038127 0.0315092 0.0239959
 0.00541295 0.00886801 0.0134903 0.0192912 0.0261242 0.0335745 0.040938 0.0474022 0.0523479 0.0555454 0.0571219 0.0573918 0.0567081 0.0553977 0.0537475 0.0520004 0.0503409 0.0488621 0.047506 0.0460016 0.0438682 0.0405538 0.0357036 0.0294279 0.0223737
 0.00564565 0.0092474 0.0140638 0.0201049 0.0272157 0.0349607 0.0426012 0.0492824 0.0543483 0.0575471 0.0590012 0.0590328 0.0580111 0.0562827 0.054154 0.0518827 0.0496669 0.0476176 0.0457097 0.0437265 0.0412579 0.0378181 0.0330866 0.0271519 0.0205831
 0.00587929 0.00962996 0.0146446 0.0209315 0.028325 0.0363647 0.0442727 0.0511512 0.0563123 0.0594924 0.0608191 0.0606271 0.0592974 0.0571867 0.0546109 0.0518379 0.0490774 0.0464581 0.0439861 0.0414975 0.0386547 0.0350473 0.0304 0.0247888 0.0187071
 0.00612558 0.0100347 0.0152616 0.0218134 0.0295122 0.0378691 0.0460605 0.053138 0.0583758 0.061498 0.0626434 0.0621714 0.0604892 0.0579741 0.054954 0.0517014 0.0484279 0.0452695 0.0422559 0.0392713 0.0360501 0.0322605 0.0276801 0.02238 0.0167824
 0.00638481 0.0104574 0.0159001 0.0227174 0.0307193 0.0393897 0.0478623 0.0551394 0.060456 0.063519 0.0644733 0.0636997 0.061634 0.0586829 0.0551973 0.0514632 0.0476962 0.0440349 0.0405224 0.0370797 0.0335049 0.0295412 0.0250211 0.0200171 0.0148867
 0.00662251 0.0108481 0.0164961 0.0235696 0.031867 0.0408444 0.0495914 0.0570609 0.0624512 0.0654553 0.0662257 0.0651634 0.0627287 0.0593526 0.0554086 0.0512004 0.0469551 0.0428189 0.0388474 0.0349911 0.0311003 0.0269833 0.022523 0.0177948 0.0131
 0.00683035 0.0111922 0.0170254 0.0243335 0.032906 0.0421739 0.0511856 0.0588469 0.0643184 0.067277 0.0678798 0.0665461 0.0637607 0.0599797 0.0555991 0.0509403 0.0462429 0.0416635 0.0372718 0.0330452 0.0288784 0.0246341 0.0202369 0.0157646 0.0114679
 0.00704784 0.0115474 0.0175631 0.0250964 0.0339263 0.0434604 0.0527096 0.0605373 0.0660704 0.0689712 0.0694017 0.0677987 0.0646707 0.0604988 0.0557021 0.05062 0.0455051 0.0405241 0.0357598 0.0312134 0.0268171 0.0224789 0.0181566 0.0139273 0.00999588
 0.00728007 0.011927 0.0181377 0.0259103 0.03501 0.0448153 0.0542934 0.0622604 0.0678107 0.0705992 0.0708039 0.0688899 0.0653957 0.0608289 0.0556297 0.0501529 0.0446615 0.0393297 0.034251 0.0294455 0.024876 0.0204863 0.0162597 0.0122687 0.00867668
 0.00744958 0.0122082 0.0185714 0.0265379 0.0358652 0.0459106 0.0556057 0.0637255 0.0693312 0.0720625 0.072101 0.0699295 0.066112 0.0611839 0.0556106 0.049767 0.043929 0.0382804 0.0329247 0.0278981 0.0231879 0.0187655 0.0146322 0.0108539 0.00755651
 0.00754535 0.0123655 0.0188117 0.026884 0.0363392 0.0465289 0.0563727 0.064628 0.0703357 0.0731163 0.0731365 0.0708705 0.0668825 0.0617178 0.05586 0.0497056 0.0435525 0.0376033 0.0319793 0.0267358 0.0218825 0.0174133 0.0133424 0.00972773 0.00666313
 0.00758447 0.0124259 0.0188971 0.0269978 0.0364861 0.0467172 0.0566159 0.064943 0.0707387 0.0736162 0.0737276 0.0715268 0.067556 0.0623433 0.0563644 0.0500216 0.0436294 0.0374153 0.0315287 0.0260543 0.0210302 0.0164743 0.0124129 0.00889755 0.00599516
 0.00767823 0.0125645 0.0190802 0.0272157 0.0367226 0.0469548 0.0568405 0.0651472 0.0709245 0.073796 0.0739214 0.0717551 0.0678293 0.062652 0.0566759 0.0502838 0.0437825 0.0374064 0.0313262 0.0256571 0.0204712 0.015816 0.0117345 0.00827654 0.00548775
 0.00771109 0.0126214 0.0191713 0.0273507 0.0369061 0.0471803 0.057087 0.0653831 0.0711182 0.0739297 0.0739988 0.0718 0.0678743 0.062725 0.0567872 0.0504196 0.0439066 0.0374698 0.031282 0.0254773 0.0201578 0.0154029 0.0112786 0.00784035 0.00512088
 0.00777182 0.0127099 0.0192861 0.027485 0.037051 0.0473297 0.0572391 0.065538 0.0712722 0.0740715 0.0741121 0.0718709 0.067901 0.0627199 0.0567715 0.0504113 0.0439085 0.0374655 0.0312413 0.0253695 0.0199675 0.0151389 0.010973 0.00753659 0.00485798
 0.0078217 0.0127874 0.0193955 0.0276263 0.037219 0.0475124 0.0574188 0.0656945 0.0713897 0.074144 0.0741442 0.0718728 0.0678815 0.0626849 0.0567255 0.0503601 0.0438578 0.0374149 0.0311811 0.025283 0.0198397 0.0149673 0.0107715 0.00733102 0.00467535
 0.00784806 0.0128258 0.0194452 0.027684 0.0372801 0.047573 0.0574765 0.065748 0.0714372 0.0741832 0.0741728 0.0718903 0.0678905 0.0626892 0.0567284 0.0503627 0.0438591 0.0374118 0.0311676 0.0252504 0.0197794 0.0148761 0.0106557 0.00720589 0.00455907
 0.00786576 0.0128524 0.0194808 0.0277271 0.0373272 0.0476191 0.057516 0.065776 0.0714514 0.0741845 0.0741658 0.0718809 0.0678835 0.0626871 0.0567317 0.0503705 0.0438692 0.0374207 0.0311702 0.0252403 0.0197508 0.0148263 0.010588 0.00712928 0.00448529
 0.00791601 0.0129284 0.0195845 0.027856 0.0374745 0.0477746 0.0576663 0.065906 0.0715463 0.0742336 0.0741653 0.0718349 0.0678027 0.0625855 0.0566228 0.0502649 0.0437733 0.0373367 0.0310967 0.0251735 0.019686 0.0147603 0.0105205 0.00706369 0.00442702
 0.00788851 0.0128908 0.019541 0.0278147 0.0374451 0.0477644 0.0576776 0.0659353 0.071587 0.0742785 0.0742086 0.0718729 0.0678332 0.0626078 0.0566377 0.0502744 0.0437795 0.0373411 0.0310991 0.025172 0.0196781 0.014744 0.0104964 0.00703466 0.00439766
 0.00787668 0.0128616 0.0194796 0.0277036 0.0372711 0.047529 0.0574034 0.0656638 0.0713652 0.0741429 0.074174 0.071932 0.0679642 0.0627839 0.0568342 0.0504718 0.0439648 0.0375063 0.0312397 0.0252857 0.0197639 0.0148027 0.0105306 0.00704962 0.00439984
 0.00790486 0.0129007 0.0195252 0.0277453 0.0372934 0.0475129 0.0573316 0.065527 0.0711694 0.0739127 0.073949 0.0717548 0.0678653 0.062773 0.0569002 0.0505912 0.0441112 0.0376573 0.0313796 0.0254051 0.0198583 0.0148711 0.0105752 0.00707466 0.00441098
 0.00789618 0.0128928 0.0195242 0.0277597 0.0373297 0.0475706 0.0573988 0.0655813 0.0711845 0.0738691 0.0738429 0.0716018 0.0676972 0.0626265 0.0568047 0.0505598 0.0441392 0.0377275 0.0314707 0.0254983 0.0199405 0.0149355 0.0106203 0.00710256 0.00442579
 0.00786084 0.012833 0.0194308 0.0276248 0.0371513 0.0473581 0.0571751 0.065379 0.0710346 0.0737881 0.0738271 0.0716323 0.0677521 0.0626929 0.0568824 0.0506566 0.0442623 0.0378763 0.0316352 0.0256626 0.020089 0.0150574 0.0107111 0.00716394 0.00446322
 0.00785646 0.0128204 0.0194017 0.0275677 0.0370542 0.0472126 0.0569821 0.0651514 0.0707973 0.0735734 0.0736663 0.0715464 0.0677453 0.0627536 0.0569906 0.0507937 0.0444163 0.038041 0.0318054 0.0258305 0.0202441 0.0151895 0.0108139 0.0072365 0.00450954
 0.00783643 0.0127886 0.019355 0.0275031 0.0369683 0.0471019 0.0568436 0.064985 0.0706082 0.0733746 0.0734785 0.0713951 0.0676544 0.0627376 0.0570502 0.0509167 0.0445829 0.0382308 0.0320016 0.0260201 0.0204165 0.0153362 0.0109296 0.00732016 0.0045645
 0.00780769 0.0127408 0.0192811 0.0273966 0.0368252 0.0469236 0.056639 0.0647697 0.0704006 0.0731909 0.0733302 0.0712899 0.0675988 0.0627385 0.0571126 0.0510399 0.0447581 0.0384418 0.0322284 0.0262433 0.02062 0.0155089 0.0110656 0.00741888 0.00463005
 0.00779328 0.0127165 0.0192428 0.0273396 0.0367449 0.0468167 0.0565053 0.0646137 0.0702317 0.0730225 0.0731772 0.0711661 0.0675149 0.062701 0.0571251 0.0511032 0.0448696 0.0385939 0.032408 0.0264333 0.0208031 0.0156704 0.0111962 0.00751562 0.00469537
 0.00774037 0.0126314 0.0191168 0.0271659 0.0365212 0.0465478 0.0562061 0.0643082 0.069949 0.0727896 0.0730141 0.071083 0.0675131 0.0627752 0.0572655 0.0512976 0.0451046 0.0388558 0.0326819 0.0267032 0.0210527 0.0158857 0.0113683 0.00764219 0.0047805
 0.00770991 0.0125778 0.0190288 0.027031 0.0363287 0.0462945 0.0559005 0.0639724 0.0696146 0.0724911 0.0727815 0.0709374 0.0674645 0.0628228 0.0573993 0.0515018 0.0453606 0.039144 0.0329828 0.0269983 0.0213247 0.0161204 0.0115565 0.00778132 0.00487466
 0.00770671 0.0125706 0.0190137 0.0270022 0.0362783 0.0462133 0.0557801 0.0638081 0.0694089 0.0722562 0.0725393 0.0707161 0.0672923 0.0627214 0.0573802 0.0515647 0.0454954 0.0393336 0.0332069 0.0272353 0.0215543 0.0163256 0.0117254 0.00790887 0.00496254
 0.00767941 0.0125318 0.0189657 0.0269499 0.0362275 0.0461673 0.055737 0.0637607 0.0693469 0.0721706 0.0724268 0.0705819 0.0671512 0.0625949 0.0572912 0.0515314 0.0455264 0.0394265 0.0333493 0.0274085 0.021737 0.0164982 0.0118731 0.00802356 0.00504325
 0.00763512 0.0124627 0.0188676 0.0268219 0.0360736 0.0459976 0.0555678 0.0636114 0.0692346 0.0721031 0.0723996 0.0705816 0.0671628 0.0626095 0.05731 0.0515638 0.045585 0.0395204 0.0334792 0.027566 0.0219068 0.0166625 0.0120166 0.00813683 0.00512399
 0.00760991 0.0124204 0.0188016 0.0267258 0.0359432 0.0458335 0.0553787 0.0634146 0.0690528 0.0719588 0.072309 0.0705501 0.0671842 0.0626698 0.0573932 0.0516588 0.0456881 0.0396342 0.0336077 0.0277088 0.0220575 0.0168095 0.0121472 0.00824203 0.00520032
 0.00760729 0.0124132 0.0187852 0.0266938 0.0358884 0.0457501 0.0552648 0.0632736 0.0688945 0.0717981 0.0721643 0.0704394 0.0671209 0.0626588 0.0574301 0.0517326 0.0457863 0.0397471 0.0337298 0.0278371 0.0221879 0.0169351 0.0122596 0.00833388 0.00526818
 0.00758451 0.0123811 0.0187459 0.0266515 0.0358476 0.0457126 0.0552275 0.0632295 0.0688359 0.0717211 0.0720719 0.0703416 0.0670325 0.0625953 0.0574028 0.0517457 0.0458367 0.0398265 0.0338284 0.0279459 0.0222993 0.017042 0.0123551 0.00841231 0.00532677
 0.00757276 0.0123616 0.0187158 0.0266091 0.0357928 0.0456492 0.0551628 0.0631728 0.0687939 0.0716944 0.0720542 0.0703238 0.0670084 0.0625655 0.0573753 0.0517316 0.0458452 0.0398615 0.0338875 0.0280226 0.0223849 0.0171277 0.0124333 0.00847738 0.00537589
 0.00754907 0.0123254 0.0186658 0.0265454 0.035717 0.0455639 0.0550722 0.0630829 0.0687129 0.0716314 0.0720159 0.0703126 0.0670204 0.0625931 0.0574108 0.0517714 0.0458905 0.0399158 0.0339537 0.0280999 0.0224685 0.0172107 0.0125085 0.0085395 0.00542243
 0.00753747 0.0123055 0.0186339 0.0264978 0.0356514 0.0454808 0.0549764 0.0629832 0.0686199 0.0715544 0.0719617 0.0702845 0.0670188 0.0626156 0.0574525 0.0518261 0.0459528 0.0399829 0.0340248 0.0281745 0.022545 0.0172851 0.0125758 0.00859516 0.00546427
 0.00754221 0.0123128 0.0186441 0.0265104 0.0356646 0.045491 0.0549787 0.0629721 0.0685918 0.0715096 0.0719048 0.0702233 0.0669622 0.0625707 0.0574237 0.0518145 0.0459571 0.0400003 0.0340527 0.0282107 0.022587 0.0173297 0.0126189 0.00863297 0.00549399
 0.00752197 0.0122836 0.018607 0.0264688 0.0356232 0.0454546 0.0549501 0.0629519 0.0685782 0.0714993 0.0718946 0.0702112 0.0669488 0.062559 0.0574182 0.0518189 0.0459734 0.0400282 0.0340902 0.0282547 0.0226342 0.0173765 0.012662 0.00866934 0.00552196
 0.00751159 0.0122633 0.0185705 0.0264092 0.0355357 0.0453404 0.0548192 0.062822 0.0684693 0.0714267 0.0718642 0.0702192 0.0669857 0.0626142 0.0574831 0.0518888 0.0460462 0.0401033 0.0341664 0.02833 0.0227058 0.0174413 0.0127171 0.00871305 0.00555392
 0.00749402 0.0122373 0.0185358 0.0263663 0.035485 0.0452808 0.0547481 0.0627375 0.0683738 0.0713288 0.0717781 0.07016 0.0669632 0.06263 0.0575311 0.0519588 0.0461283 0.0401899 0.0342528 0.0284129 0.0227824 0.0175089 0.0127736 0.00875705 0.00558558
 0.00747234 0.0122018 0.0184823 0.0262915 0.0353878 0.0451642 0.0546201 0.0626102 0.068259 0.0712356 0.071711 0.0701209 0.066954 0.0626529 0.0575865 0.0520437 0.0462351 0.0403086 0.0343736 0.0285279 0.0228858 0.0175971 0.0128446 0.00881053 0.00562292
 0.00747234 0.0122018 0.0184823 0.0262915 0.0353878 0.0451642 0.0546201 0.0626102 0.068259 0.0712356 0.071711 0.0701209 0.066954 0.0626529 0.0575865 0.0520437 0.0462351 0.0403086 0.0343736 0.0285279 0.0228858 0.0175971 0.0128446 0.00881053 0.00562292
 0.00721859 0.0117984 0.0178938 0.0254956 0.0343853 0.0439912 0.0533583 0.0613832 0.06721 0.0704913 0.0713509 0.0701641 0.0673637 0.0633542 0.0584873 0.0530519 0.0472704 0.0413075 0.0352889 0.029328 0.0235527 0.0181253 0.0132395 0.00908712 0.00580286
 0.0073363 0.0119543 0.0180619 0.0256275 0.0344198 0.0438727 0.0530546 0.060896 0.0665762 0.0697788 0.0706479 0.0695633 0.0669435 0.0631612 0.0585284 0.0532977 0.0476671 0.0417917 0.0358008 0.0298186 0.0239873 0.0184837 0.0135148 0.00928357 0.00593229
 0.00727999 0.0118875 0.018005 0.0256088 0.0344605 0.0439666 0.0531562 0.060929 0.0664638 0.0694793 0.070177 0.0689913 0.0663724 0.0626937 0.0582415 0.0532274 0.0478062 0.042098 0.0362122 0.0302694 0.024421 0.0188606 0.013814 0.00950135 0.00607743
 0.00728981 0.011897 0.0180088 0.0256019 0.0344442 0.0439543 0.0531717 0.0609942 0.066578 0.0696049 0.0702464 0.0689373 0.066164 0.0623568 0.0578509 0.0528766 0.047573 0.0420211 0.0362863 0.0304559 0.0246662 0.019113 0.0140363 0.00967406 0.00619752
 0.00735381 0.0120074 0.0181853 0.0258635 0.0348009 0.0443963 0.0536642 0.0614822 0.0670023 0.0699193 0.0704228 0.0689586 0.0660177 0.0620386 0.0573799 0.0523053 0.0469808 0.0414918 0.0358812 0.0301981 0.0245419 0.0190852 0.0140625 0.00971955 0.00624084
 0.00733168 0.0119792 0.0181581 0.0258509 0.034822 0.0444727 0.0538138 0.0617121 0.0673027 0.0702597 0.0707577 0.0692377 0.0661974 0.0620896 0.0572902 0.0520842 0.0466613 0.0411281 0.0355356 0.029922 0.0243604 0.0189946 0.0140388 0.00973288 0.00626667
 0.00715931 0.0117034 0.017753 0.0253002 0.0341281 0.0436679 0.052969 0.0609325 0.0667051 0.0699401 0.0707622 0.0695514 0.0667521 0.0627856 0.0580223 0.0527647 0.0472352 0.0415779 0.035876 0.0301853 0.024579 0.0191877 0.01421 0.00987609 0.00637563
#pred catch len freq
 0.00418228 0.0066444 0.00974456 0.013428 0.0176616 0.0224086 0.0275603 0.0329077 0.0381825 0.0431216 0.0475087 0.0511943 0.0541073 0.0562555 0.057705 0.0585557 0.0589197 0.0588951 0.0585015 0.0575794 0.0557158 0.052316 0.0468861 0.0394175 0.0306008
 0.0043301 0.00681784 0.00988565 0.0134511 0.0174885 0.0220166 0.0270134 0.0323419 0.0377462 0.0429061 0.047512 0.0513388 0.0542952 0.0564258 0.0578623 0.0587583 0.059237 0.0593539 0.0590504 0.0580932 0.056045 0.0523568 0.0466324 0.0389609 0.0300806
 0.00452252 0.00712077 0.0103176 0.0140081 0.018129 0.0226495 0.0275048 0.0325537 0.0376004 0.0424367 0.0468617 0.0506917 0.0537903 0.0561088 0.0577032 0.058707 0.0592674 0.0594646 0.0592306 0.0582901 0.0561662 0.0523127 0.0463879 0.0385582 0.0296166
 0.00472297 0.0074386 0.0107821 0.0146438 0.0189528 0.0236624 0.028674 0.0337924 0.0387606 0.0433333 0.0473309 0.0506601 0.0533114 0.0553381 0.0568244 0.0578604 0.0585216 0.0588307 0.0586875 0.0577972 0.0556696 0.0517623 0.0457653 0.0378949 0.0289824
 0.00493984 0.00777843 0.0112712 0.0153018 0.0197944 0.0246976 0.029903 0.0351941 0.0402777 0.0448587 0.048706 0.0516967 0.0538422 0.0552781 0.0562078 0.056826 0.0572532 0.0574896 0.0573731 0.0565452 0.0544756 0.0506138 0.0446691 0.0368878 0.0281192
 0.00518886 0.00816745 0.0118281 0.0160448 0.0207327 0.025832 0.0312234 0.0366746 0.0418732 0.0465025 0.0503051 0.0531267 0.0549509 0.0559084 0.0562409 0.0562266 0.0560893 0.0559101 0.0555553 0.054644 0.0526008 0.0488391 0.0430542 0.0354908 0.0269903
 0.00550363 0.00865534 0.0125191 0.016954 0.0218626 0.0271748 0.0327588 0.0383645 0.0436587 0.0483062 0.052036 0.054684 0.0562247 0.0567801 0.0565918 0.05596 0.0551642 0.0543674 0.0535195 0.0522951 0.0501352 0.0464386 0.0408707 0.0336387 0.0255365
 0.0058269 0.00916031 0.0132416 0.0179161 0.0230725 0.0286262 0.0344261 0.0401977 0.0455841 0.0502329 0.053865 0.056316 0.0575633 0.057732 0.0570648 0.0558665 0.0544348 0.052978 0.0515182 0.0498151 0.0473809 0.0436508 0.0382821 0.0314322 0.0238158
 0.00617289 0.00970117 0.0140165 0.0189502 0.0243773 0.0301987 0.0362423 0.0422052 0.0476992 0.052347 0.055857 0.0580662 0.0589653 0.0586981 0.0575241 0.0557581 0.0537061 0.0515959 0.0494961 0.0472421 0.0444364 0.0405875 0.0353779 0.0289259 0.0218528
 0.0065476 0.0102836 0.0148446 0.0200451 0.0257456 0.0318337 0.03812 0.0442765 0.0498849 0.0545409 0.0579347 0.0598981 0.0604309 0.0596978 0.0579836 0.0556253 0.0529446 0.0501856 0.0474481 0.0446274 0.0414118 0.0373958 0.0323088 0.0262466 0.0197384
 0.00692253 0.0108684 0.0156796 0.0211541 0.0271359 0.0334959 0.0400227 0.0463605 0.0520635 0.0567066 0.0599703 0.0616857 0.0618605 0.0606742 0.0584312 0.055489 0.0521884 0.0487932 0.0454328 0.042055 0.0384256 0.0342237 0.0292335 0.0235397 0.0175874
 0.00725182 0.0113893 0.0164374 0.0221843 0.0284608 0.0351193 0.0419201 0.0484699 0.0542861 0.0589171 0.0620328 0.0634701 0.0632554 0.0615938 0.0588159 0.0553 0.0514022 0.0474015 0.0434527 0.0395495 0.0355277 0.0311456 0.026242 0.0208967 0.0154781
 0.00753547 0.0118323 0.0170723 0.0230336 0.02954 0.0364375 0.043475 0.0502376 0.0562108 0.0609078 0.0639687 0.0652156 0.0646793 0.0625877 0.0593032 0.0552354 0.050765 0.0461904 0.0416898 0.0372966 0.0329073 0.0283501 0.023514 0.0184762 0.0135383
 0.00775784 0.0121862 0.0175913 0.0237454 0.0304636 0.0375787 0.04482 0.0517489 0.0578301 0.0625628 0.0655782 0.0666913 0.0659277 0.0635153 0.0598263 0.0552893 0.0503091 0.0452105 0.0402019 0.0353574 0.0306282 0.0259035 0.0211157 0.0163402 0.0118206
 0.00799103 0.0125561 0.0181315 0.0244828 0.031416 0.03875 0.0461915 0.053273 0.0594305 0.0641439 0.06704 0.0679433 0.0668981 0.0641526 0.0600941 0.0551599 0.0497607 0.0442312 0.0388005 0.0335781 0.0285656 0.0237071 0.018973 0.0144372 0.0102923
 0.00821642 0.0129085 0.0186369 0.0251591 0.0322744 0.0397944 0.047414 0.0546452 0.060897 0.0656217 0.0684264 0.0691314 0.0677954 0.0646952 0.0602513 0.0549271 0.0491473 0.0432527 0.0374802 0.0319596 0.0267289 0.0217764 0.0171045 0.0127858 0.00896996
 0.00837953 0.0131597 0.0189896 0.0256188 0.0328409 0.0404655 0.048186 0.0555107 0.0618407 0.0666164 0.0694293 0.0700829 0.0686222 0.0653206 0.0606082 0.0549689 0.0488526 0.0426227 0.036536 0.0307441 0.0253141 0.0202677 0.0156312 0.0114756 0.00791615
 0.0085471 0.0134146 0.019341 0.0260651 0.0333725 0.0410694 0.048848 0.0562145 0.0625664 0.0673404 0.070125 0.0707211 0.0691703 0.0657412 0.0608599 0.0550107 0.0486506 0.0421582 0.0358117 0.0297893 0.0241881 0.0190589 0.0144472 0.0104213 0.00706749
