SBPRF35
10.1053
Curr Bio
631289
B35
756888
F35
0.191569
FOFL
0.175844
OFL
97528.9
Bzero
2.88722e+06
#pred survey bio
 4.12001e+06 3.91106e+06 3.72464e+06 3.49757e+06 3.21572e+06 2.91486e+06 2.6511e+06 2.39422e+06 2.1347e+06 1.87415e+06 1.65841e+06 1.43995e+06 1.30044e+06 1.15494e+06 1.02726e+06 915948 843439 762741 719809 678349 642699 621297 592206 576651 564741 555959 549947 542548 543391 540138 543961 546205 542002 544259 530183 525537 509269 499348 504566 507583 508645 523125 526399 533912 545771 553358 568228 581056 584437 598632 610622 608659 601716 602580 575527 537661 552574 638649 2.46716e+07 1.51419e+07 1.55889e+07 1.63672e+07 1.73447e+07 1.83593e+07 1.92987e+07 2.01066e+07 2.07675e+07 2.12899e+07 2.16931e+07 2.19996e+07 2.22301e+07 2.24026e+07 2.25314e+07 2.26276e+07 2.26996e+07 2.27537e+07 2.27946e+07 2.28256e+07 2.28492e+07 2.28673e+07 2.28813e+07 2.28921e+07 2.29004e+07 2.2907e+07 2.29121e+07 2.29161e+07 2.29192e+07 2.29217e+07 2.29237e+07 2.29252e+07 2.29264e+07 2.29274e+07 2.29282e+07 2.29288e+07 2.29293e+07 2.29297e+07 2.293e+07 2.29302e+07 2.29304e+07 2.29306e+07 2.29307e+07 2.29308e+07 2.29309e+07 2.2931e+07 2.2931e+07 2.29311e+07 2.29311e+07 2.29311e+07 2.29311e+07 2.29311e+07 2.29312e+07 2.29312e+07 2.29312e+07 2.29312e+07 2.29312e+07 2.29312e+07 2.29312e+07 2.29312e+07 2.29312e+07 2.29312e+07 2.29312e+07 2.29312e+07 2.29312e+07 2.29312e+07 2.29312e+07 2.29312e+07 2.29312e+07 2.29312e+07 2.29312e+07 2.29312e+07 2.29312e+07 2.29312e+07 2.29312e+07 2.29312e+07 2.29312e+07 2.29312e+07 2.29312e+07 2.29312e+07 2.29312e+07 2.29312e+07 2.29312e+07 2.29312e+07 2.29312e+07 2.29312e+07 2.29312e+07 2.29312e+07 2.29312e+07 2.29312e+07 2.29312e+07 2.29312e+07 2.29312e+07 2.29312e+07 2.29312e+07 2.29312e+07 2.29312e+07 2.29312e+07 2.29312e+07 2.29312e+07 0 0 0 0 0 0 0 0 0 0 0 0 0 0 0 0 0 0 0 0 0 0 0 0 0
#obs survey bio
 4.83077e+06 3.76893e+06 3.07702e+06 2.8542e+06 1.91998e+06 2.0681e+06 2.97382e+06 1.88993e+06 2.34466e+06 2.14548e+06 1.22247e+06 1.11569e+06 1.22756e+06 921840 1.12688e+06 742829 533013 716819 679437 565589 633284 657764 596163 489371 493938 627823 478344 567734 690051 404144 432109 559249 524430 440873 638476 759747 592288 360108 397672 591416 442890 629619 508417 714762 574235 489296 665022 803543 569850 541547 799189 723637 908262 857427 504811 533368 506610 599298
#pred catch bio
 106777 97046.7 149216 219122 260284 251076 268177 291541 310209 284759 299396 239330 251750 239271 225315 191047 195319 158833 153628 144276 128391 131295 117007 112558 108638 104761 104390 96340.5 98967.5 92564.5 93293.6 96530.8 88096.1 97907.9 85466.6 93378 89903.7 81752.7 87408 90321.4 79599.2 89280.9 85793.5 83120.2 87974.1 83270 86477.9 95197.3 86942 90190.8 102757 107365 101549 125270 134184 93019.7 41376.6 63033.9 97528.9 107820 109829 114048 120229 126876 133006 138179 142295 145436 147760 149438 150628 151461 152036 152430 152698 152879 153001 153083 153137 153174 153198 153214 153225 153232 153237 153240 153242 153243 153244 153245 153245 153245 153245 153245 153246 153246 153246 153246 153246 153246 153246 153246 153246 153246 153246 153246 153246 153246 153246 153246 153246 153246 153246 153246 153246 153246 153246 153246 153246 153246 153246 153246 153246 153246 153246 153246 153246 153246 153246 153246 153246 153246 153246 153246 153246 153246 153246 153246 153246 153246 153246 153246 153246 153246 153246 153246 153246 153246 153246 153246 153246 153246 153246 153246 153246 153246 153246 153246 0 0 0 0 0 0 0 0 0 0 0 0 0 0 0 0 0 0 0 0 0 0 0 0 0
#obs catch bio
 0 96636.1 149260 219718 261893 252821 270444 295538 313715 286561 303623 242500 256913 244311 229665 193933 200321 160949 155267 146123 129363 132609 117552 113685 110322 105830 105390 97056.5 99785.7 93245.4 94516.1 97746.8 88523.7 98715.3 85283.7 92596.6 89117.2 81381 87596.2 90309.9 79312.3 88790.7 85177.3 82484.4 87641.5 82939.4 86052.8 94551.7 86444.9 89562.1 101953 106589 100385 123209 132266 92686.8 40960.9 63175.2
#pred cpue bio
 4.05468e+06 3.84912e+06 3.66471e+06 3.43832e+06 3.15747e+06 2.85772e+06 2.59483e+06 2.33916e+06 2.08142e+06 1.82309e+06 1.60896e+06 1.39226e+06 1.25343e+06 1.10954e+06 983757 874454 803293 724868 683633 643908 609754 589423 561579 546572 534950 526610 521161 514243 515250 512265 516013 518544 515269 518342 505646 501991 485752 474295 477790 480411 481836 496279 499699 506949 518294 525485 539784 552242 555529 569231 580805 578736 571609 572142 545513 507600 520656 604207 2.34734e+07 1.44537e+07 1.47975e+07 1.54498e+07 1.63812e+07 1.73845e+07 1.83217e+07 1.91291e+07 1.97899e+07 2.03123e+07 2.07155e+07 2.10219e+07 2.12525e+07 2.1425e+07 2.15538e+07 2.165e+07 2.1722e+07 2.17761e+07 2.1817e+07 2.1848e+07 2.18716e+07 2.18897e+07 2.19037e+07 2.19145e+07 2.19228e+07 2.19294e+07 2.19345e+07 2.19385e+07 2.19416e+07 2.19441e+07 2.1946e+07 2.19476e+07 2.19488e+07 2.19498e+07 2.19506e+07 2.19512e+07 2.19517e+07 2.19521e+07 2.19524e+07 2.19526e+07 2.19528e+07 2.1953e+07 2.19531e+07 2.19532e+07 2.19533e+07 2.19533e+07 2.19534e+07 2.19534e+07 2.19535e+07 2.19535e+07 2.19535e+07 2.19535e+07 2.19535e+07 2.19536e+07 2.19536e+07 2.19536e+07 2.19536e+07 2.19536e+07 2.19536e+07 2.19536e+07 2.19536e+07 2.19536e+07 2.19536e+07 2.19536e+07 2.19536e+07 2.19536e+07 2.19536e+07 2.19536e+07 2.19536e+07 2.19536e+07 2.19536e+07 2.19536e+07 2.19536e+07 2.19536e+07 2.19536e+07 2.19536e+07 2.19536e+07 2.19536e+07 2.19536e+07 2.19536e+07 2.19536e+07 2.19536e+07 2.19536e+07 2.19536e+07 2.19536e+07 2.19536e+07 2.19536e+07 2.19536e+07 2.19536e+07 2.19536e+07 2.19536e+07 2.19536e+07 2.19536e+07 2.19536e+07 2.19536e+07 2.19536e+07 2.19536e+07 2.19536e+07 2.19536e+07 2.19536e+07 0 0 0 0 0 0 0 0 0 0 0 0 0 0 0 0 0 0 0 0 0 0 0 0 0
#obs cpue bio
 2.28673e+06 3.92083e+06 3.77926e+06 3.17576e+06 2.96298e+06 2.35881e+06 2.19844e+06 1.79196e+06 2.74505e+06 1.82423e+06 1.47377e+06 1.03104e+06 915079 1.03414e+06 824636 867657 707508 857926 778473 572916 633812 490131 602751 410232 348822 530420 568256 432456 382831 565270 372276 499338 662513 617053 668483 712064 476726 473462 409745 529423 601288 631978 609454 428979 433512 581176 546992 577283 499846 779822 557107 516209 509253 697878 694996 397166 446256 555013
#pred surv len freq
 0.00464726 0.00759579 0.0115252 0.0164438 0.0222419 0.028605 0.0349928 0.0407801 0.0454955 0.0489757 0.0513337 0.0528134 0.0536619 0.0540733 0.0541823 0.0540786 0.0538267 0.0534689 0.0529813 0.0521791 0.0506393 0.0477583 0.0430154 0.0363427 0.028342
 0.00494341 0.00797374 0.0119071 0.0167048 0.0222588 0.0283247 0.0344778 0.0401921 0.0450205 0.048735 0.0513378 0.052982 0.0538881 0.0542873 0.0543803 0.0543079 0.054141 0.0538782 0.053423 0.0525295 0.0507644 0.0475802 0.0425555 0.0357137 0.0276931
 0.00513241 0.00830937 0.0124565 0.0175266 0.0233638 0.0296311 0.0357946 0.0412651 0.0456351 0.0488185 0.0509873 0.0523977 0.0532623 0.0537287 0.0539107 0.0539097 0.0538002 0.0535902 0.0531677 0.0522502 0.0503794 0.0470268 0.0418359 0.0349053 0.0269147
 0.00533042 0.00862571 0.0129253 0.0181831 0.0242456 0.0307708 0.0371975 0.0428759 0.047311 0.0503376 0.0521084 0.05295 0.0532145 0.0531888 0.0530603 0.0529201 0.0527838 0.052597 0.0522022 0.0512878 0.049383 0.0459718 0.0407384 0.0338318 0.0259591
 0.00558387 0.00903398 0.0135325 0.0190275 0.0253524 0.0321429 0.0388065 0.04466 0.0491806 0.0521796 0.0537823 0.0542887 0.0540481 0.0533961 0.0526196 0.0519207 0.0513869 0.0509713 0.0504749 0.0495311 0.0476313 0.0442543 0.0391053 0.0323598 0.0247299
 0.00585171 0.00946837 0.0141844 0.019944 0.0265681 0.0336666 0.0406066 0.0466592 0.0512666 0.0542257 0.0556641 0.0558878 0.0552466 0.0540757 0.0526797 0.0513125 0.0501417 0.0492006 0.0483379 0.0471919 0.0452337 0.0419212 0.0369505 0.0304894 0.0232256
 0.00607728 0.00983469 0.0147356 0.0207225 0.0276089 0.0349868 0.0421935 0.0484631 0.0532046 0.0561934 0.0575491 0.0575779 0.0566328 0.0550522 0.0531444 0.0511778 0.0493568 0.0477769 0.0463624 0.0448174 0.0426517 0.0393332 0.0345442 0.0284177 0.0215852
 0.00627364 0.01016 0.0152369 0.0214479 0.0285992 0.0362616 0.0437368 0.0502187 0.0550846 0.0580957 0.059372 0.0592265 0.058018 0.056087 0.0537418 0.0512522 0.0488353 0.0466204 0.0445924 0.0425343 0.0400341 0.0366125 0.0319622 0.0261789 0.0198171
 0.00651401 0.0105461 0.0158099 0.0222446 0.0296478 0.0375729 0.0452941 0.0519706 0.0569486 0.0599701 0.0611505 0.0608102 0.0593218 0.0570395 0.0542798 0.0513143 0.0483605 0.0455603 0.0429358 0.0403383 0.0374431 0.0338497 0.029289 0.0238333 0.0179553
 0.00689044 0.0111357 0.0166554 0.0233711 0.0310587 0.0392459 0.0471745 0.0539705 0.0589571 0.0618724 0.0628455 0.0622175 0.0603813 0.0577066 0.0545196 0.0510949 0.047648 0.0443226 0.0411606 0.038063 0.0347837 0.0310081 0.0265219 0.0213889 0.0160059
 0.00724366 0.0117016 0.0174905 0.0245199 0.0325424 0.0410469 0.0492223 0.0561418 0.0610979 0.063833 0.0645088 0.0635096 0.0612642 0.0581651 0.0545478 0.0506865 0.0467914 0.0430026 0.0393719 0.0358365 0.0322157 0.0282737 0.0238539 0.0190222 0.0141102
 0.0076545 0.0123615 0.0184681 0.0258718 0.0343008 0.0432002 0.0516947 0.0587874 0.0637193 0.0662197 0.0664775 0.0649313 0.0620753 0.0583616 0.054168 0.049787 0.045426 0.0412118 0.0371893 0.0333116 0.0294436 0.0254131 0.0211146 0.0166173 0.0121941
 0.0078208 0.0126436 0.0189153 0.0265393 0.035241 0.0444465 0.0532441 0.06059 0.0656806 0.0682122 0.0683566 0.0665515 0.0633077 0.0591111 0.0543846 0.0494654 0.0445944 0.0399165 0.0354859 0.0312699 0.0271643 0.023041 0.0188309 0.0146035 0.0105831
 0.00802509 0.0129794 0.0194277 0.0272735 0.0362342 0.0457151 0.0547696 0.0623123 0.0675043 0.0700219 0.0700324 0.0679804 0.0643902 0.0597674 0.0545608 0.0491386 0.0437735 0.038639 0.0338131 0.0292863 0.0249824 0.0208049 0.0167068 0.01275 0.00911109
 0.00823618 0.0133183 0.0199301 0.0279705 0.0371474 0.0468489 0.0561019 0.0637894 0.0690462 0.0715346 0.0714208 0.0691576 0.0652818 0.060314 0.0547187 0.0488814 0.0430945 0.0375546 0.0323667 0.0275516 0.0230658 0.0188428 0.0148506 0.0111384 0.00783738
 0.0084915 0.0137202 0.0205102 0.0287488 0.0381288 0.0480178 0.0574164 0.0651805 0.0704266 0.0728147 0.0725231 0.0700236 0.0658712 0.0606006 0.0546865 0.0485219 0.0424067 0.0365487 0.0310713 0.0260218 0.0213891 0.017136 0.0132446 0.00975186 0.00674748
 0.00842602 0.0136551 0.0204886 0.0288362 0.0383958 0.0485135 0.0581456 0.0660993 0.0714574 0.0738706 0.0735263 0.0709122 0.066598 0.0611284 0.0549851 0.0485672 0.0421818 0.0360476 0.0303049 0.025026 0.0202303 0.0159092 0.0120605 0.00871253 0.005922
 0.0085081 0.0137777 0.0206551 0.0290489 0.038663 0.0488572 0.0586007 0.0666994 0.0722116 0.0747435 0.0744374 0.071757 0.0672801 0.0615837 0.0551872 0.0485173 0.041894 0.0355396 0.029598 0.0241524 0.0192416 0.0148788 0.0110746 0.0078519 0.00524109
 0.00853883 0.01381 0.0206715 0.029023 0.0385684 0.0486814 0.0583591 0.0664418 0.0720157 0.0746958 0.0746057 0.0721632 0.0678863 0.0623003 0.0559001 0.0491199 0.0423097 0.0357281 0.0295514 0.0238896 0.0188053 0.0143327 0.0104947 0.00731196 0.00479556
 0.00858117 0.0138826 0.020786 0.0291884 0.038784 0.0489284 0.0585976 0.0666193 0.0720887 0.0746543 0.0744846 0.072033 0.0678239 0.0623555 0.0560742 0.0493661 0.0425527 0.0358916 0.0295808 0.0237637 0.0185371 0.0139635 0.0100827 0.00691685 0.00446333
 0.00864669 0.0139789 0.0209125 0.0293392 0.0389512 0.0491057 0.0587811 0.0668028 0.0722573 0.0747825 0.0745447 0.0720107 0.0677322 0.0622346 0.0559744 0.0493222 0.0425662 0.03593 0.0295944 0.0237085 0.0183932 0.0137407 0.00981473 0.00664694 0.00422881
 0.00865047 0.0139817 0.0209105 0.0293266 0.0389212 0.0490538 0.0587075 0.0667156 0.072172 0.0747184 0.0745177 0.0720265 0.0677846 0.0623116 0.0560675 0.0494309 0.0426921 0.0360666 0.029721 0.0237958 0.0184164 0.0136926 0.00970935 0.00651289 0.00409673
 0.00886208 0.0142918 0.0213138 0.0297951 0.0394108 0.0495154 0.059097 0.0669982 0.0723245 0.0747319 0.0743999 0.0718012 0.067486 0.0619761 0.0557271 0.0491105 0.0424088 0.0358294 0.0295289 0.0236372 0.0182745 0.0135534 0.00956908 0.00637814 0.00397915
 0.00896371 0.0144549 0.0215536 0.0301203 0.0398167 0.0499767 0.059564 0.0674044 0.0726053 0.0748467 0.074345 0.0716054 0.0671957 0.0616392 0.0553826 0.0487857 0.0421204 0.0355854 0.0293295 0.0234764 0.0181418 0.0134382 0.00946472 0.00628414 0.00389928
 0.00887311 0.0143391 0.0214378 0.0300476 0.0398369 0.0501272 0.0598529 0.0678031 0.0730552 0.0752746 0.0746817 0.0718033 0.067239 0.0615442 0.0551878 0.0485371 0.0418592 0.0353405 0.0291169 0.0233007 0.0180001 0.0133239 0.00937134 0.00620787 0.00383891
 0.00881355 0.0142349 0.0212695 0.0297991 0.0395068 0.0497426 0.0594762 0.0675211 0.0729488 0.0753843 0.0749881 0.072235 0.0677012 0.0619526 0.0554912 0.0487227 0.0419437 0.035355 0.0290925 0.0232607 0.0179573 0.0132835 0.00933443 0.00617476 0.0038105
 0.00884351 0.0142665 0.021285 0.0297699 0.0393998 0.0495319 0.0591561 0.0671157 0.0725148 0.0750011 0.0747381 0.0721754 0.0678422 0.0622525 0.055874 0.0491077 0.0422716 0.0355993 0.0292549 0.0233584 0.0180108 0.0133091 0.00934332 0.00617387 0.00380464
 0.00885591 0.0142924 0.0213333 0.029849 0.0395107 0.0496605 0.0592688 0.0671661 0.0724607 0.0748264 0.0744663 0.0718665 0.0675724 0.0620851 0.0558365 0.0491852 0.0424189 0.0357635 0.0293961 0.0234581 0.0180692 0.0133365 0.00935128 0.00617189 0.00379879
 0.00883721 0.0142543 0.021263 0.0297322 0.0393387 0.049438 0.0590183 0.0669224 0.0722563 0.0746772 0.0743677 0.0718043 0.0675391 0.06209 0.0559002 0.0493239 0.0426299 0.0360216 0.0296633 0.0236985 0.0182607 0.0134732 0.00943972 0.00622386 0.00382644
 0.00891185 0.0143626 0.0214008 0.0298857 0.0394855 0.0495515 0.0590738 0.066903 0.0721589 0.0745152 0.0741671 0.0715939 0.0673417 0.0619195 0.0557665 0.0492372 0.0425996 0.0360496 0.0297387 0.0238 0.018364 0.0135602 0.00950237 0.00626305 0.00384785
 0.00867993 0.0140386 0.0210108 0.0294855 0.0391432 0.04932 0.0589695 0.0669039 0.0722211 0.0745958 0.074241 0.0716575 0.0674063 0.0620004 0.0558743 0.0493753 0.0427655 0.0362375 0.0299397 0.0240012 0.0185501 0.0137171 0.00962208 0.00634526 0.00389855
 0.00838595 0.0135854 0.0203782 0.0286796 0.0382042 0.0483272 0.058039 0.066169 0.0717939 0.0745266 0.0745005 0.0721555 0.068033 0.0626646 0.0565206 0.0499799 0.0433221 0.0367456 0.0303975 0.0244039 0.0188912 0.0139912 0.00982795 0.00648803 0.00398908
 0.00827215 0.0133863 0.0200533 0.0281857 0.0375094 0.0474322 0.0569963 0.0650872 0.0708186 0.0738039 0.0741369 0.0721896 0.0684285 0.0633278 0.0573334 0.0508347 0.044143 0.0374904 0.0310487 0.0249567 0.0193451 0.0143482 0.0100933 0.00667199 0.00410667
 0.00796695 0.0129306 0.0194416 0.0274358 0.0366524 0.0464989 0.0560119 0.0640796 0.0698355 0.0729243 0.0734667 0.0718375 0.0684709 0.0637793 0.0581378 0.0518812 0.0452994 0.038637 0.0320986 0.02586 0.0200817 0.0149181 0.0105098 0.00695702 0.00428753
 0.00795007 0.0128731 0.0193016 0.0271607 0.0361983 0.0458562 0.0552224 0.0632284 0.0690191 0.0722155 0.0729016 0.0714311 0.0682424 0.0637617 0.0583637 0.0523555 0.0459827 0.0394509 0.0329484 0.0266601 0.0207729 0.0154713 0.0109215 0.00724159 0.00446929
 0.00862565 0.0138079 0.0204044 0.0282411 0.037015 0.0461989 0.0549832 0.0624297 0.0677937 0.0707596 0.0714234 0.070106 0.0671876 0.063033 0.0579704 0.0522794 0.0461864 0.0398766 0.0335183 0.0272862 0.0213741 0.0159887 0.0113253 0.00752909 0.00465621
 0.00949124 0.0151617 0.0223314 0.0307556 0.0400247 0.0494704 0.0581319 0.0649748 0.0692884 0.0709455 0.0703202 0.0679867 0.0644624 0.0601152 0.0551859 0.0498361 0.0441862 0.038343 0.0324207 0.026559 0.0209329 0.0157469 0.0112081 0.00748055 0.00464061
 0.00961031 0.0154484 0.0229332 0.0318618 0.0418118 0.0520151 0.06133 0.0685126 0.0726922 0.0736915 0.0719671 0.0682886 0.0634277 0.0579912 0.0523722 0.0467665 0.0412268 0.0357396 0.0302951 0.0249339 0.019765 0.0149574 0.0107065 0.00718167 0.00447405
 0.00916582 0.0148108 0.0221384 0.0310166 0.0410895 0.0516324 0.0615094 0.0694267 0.0743923 0.0760449 0.0746443 0.0708299 0.0653736 0.0590227 0.0523985 0.0459261 0.0398131 0.0340905 0.0286982 0.0235745 0.0187212 0.0142252 0.0102342 0.00690086 0.00432011
 0.00890139 0.0143779 0.0214863 0.0301101 0.0399336 0.0503051 0.0601847 0.0683638 0.0738775 0.0763018 0.0757467 0.0726554 0.0676176 0.0612743 0.0542577 0.0471202 0.0402649 0.0339109 0.0281139 0.0228329 0.0180154 0.013662 0.00984206 0.00665823 0.00418553
 0.00886749 0.0143012 0.0213299 0.0298238 0.0394638 0.0496139 0.0592739 0.0672961 0.0727862 0.0753805 0.0752133 0.0726897 0.0682915 0.0625041 0.0558103 0.0486807 0.0415401 0.0347235 0.028442 0.0227832 0.0177539 0.0133424 0.00956342 0.00645996 0.00406505
 0.00878546 0.0141644 0.021117 0.0295104 0.0390249 0.049029 0.0585349 0.066417 0.0718116 0.074393 0.0743356 0.0720738 0.0680879 0.0628126 0.0566304 0.049889 0.0429157 0.0360183 0.0294637 0.0234498 0.0180946 0.013454 0.00955459 0.00641186 0.00402031
 0.00889234 0.014318 0.0213098 0.0297202 0.0392175 0.0491637 0.0585704 0.0663151 0.071543 0.0739463 0.0737295 0.0713685 0.0673866 0.062247 0.0563261 0.0499191 0.0432655 0.0365829 0.0300872 0.0239871 0.0184621 0.013644 0.00961272 0.00639945 0.00398588
 0.00893521 0.0143883 0.0214157 0.0298671 0.0394032 0.0493734 0.058773 0.0664663 0.071595 0.0738617 0.0734918 0.0709879 0.066902 0.0617252 0.0558552 0.0495908 0.0431455 0.0366829 0.0303555 0.0243292 0.0187813 0.0138777 0.00974637 0.0064542 0.00399536
 0.00891896 0.0143638 0.0213829 0.0298283 0.0393637 0.0493414 0.058758 0.0664747 0.071625 0.0738986 0.0735097 0.0709572 0.0668017 0.0615545 0.0556396 0.0493792 0.0429973 0.0366453 0.030443 0.0245152 0.0190102 0.0140911 0.00990621 0.00655161 0.00404278
 0.00891733 0.0143644 0.0213897 0.0298466 0.0393987 0.0493956 0.0588293 0.066557 0.0717097 0.0739761 0.0735695 0.0709865 0.0667857 0.0614806 0.0555052 0.0491993 0.0428049 0.0364834 0.0303481 0.0245017 0.0190648 0.0141814 0.00999768 0.00662166 0.00408528
 0.00881422 0.0142085 0.0211774 0.0295836 0.0390999 0.0490839 0.058534 0.0663105 0.0715421 0.073908 0.0736062 0.0711167 0.0669844 0.0617145 0.0557399 0.0494074 0.042974 0.0366183 0.0304658 0.0246205 0.0191927 0.0143126 0.0101177 0.00671695 0.00415042
 0.00876121 0.01412 0.0210407 0.0293869 0.0388372 0.0487609 0.0581732 0.0659504 0.071229 0.0736838 0.073498 0.0711324 0.0671133 0.0619319 0.0560123 0.0496993 0.0432549 0.0368688 0.0306801 0.0248031 0.0193513 0.0144513 0.0102351 0.00680912 0.00421552
 0.00881518 0.0142005 0.0211474 0.0295133 0.0389696 0.0488796 0.0582548 0.0659725 0.0711774 0.0735596 0.07332 0.0709321 0.0669255 0.0617838 0.0559179 0.0496578 0.0432547 0.0368942 0.0307175 0.0248445 0.0193942 0.0144952 0.0102782 0.00684793 0.00424649
 0.00877034 0.0141314 0.0210506 0.0293883 0.0388192 0.0487096 0.0580739 0.0657918 0.0710083 0.0734124 0.0732031 0.0708533 0.0668929 0.061805 0.055997 0.0497918 0.043432 0.0370963 0.030924 0.0250378 0.0195627 0.0146337 0.0103861 0.00692743 0.00430118
 0.00876033 0.0141125 0.0210175 0.0293348 0.0387399 0.0486028 0.0579438 0.0656483 0.0708648 0.0732815 0.073094 0.0707715 0.0668414 0.0617869 0.0560156 0.04985 0.0435294 0.0372265 0.0310748 0.0251938 0.0197093 0.01476 0.0104868 0.00700175 0.00435195
 0.0088819 0.0142994 0.0212781 0.0296675 0.0391319 0.0490287 0.0583653 0.0660177 0.0711337 0.0734132 0.0730729 0.0706054 0.0665572 0.0614231 0.0556146 0.0494522 0.043168 0.0369244 0.0308422 0.0250294 0.0196031 0.0146982 0.0104551 0.00698839 0.00434826
 0.00890996 0.0143649 0.0214124 0.0299097 0.039516 0.0495647 0.0590237 0.0667281 0.0718013 0.0739444 0.0733983 0.0706919 0.0664087 0.0610743 0.0551211 0.0488785 0.0425768 0.0363681 0.0303579 0.0246366 0.0193057 0.0144878 0.0103162 0.0069032 0.00429994
 0.00895975 0.0144273 0.021474 0.0299517 0.0395257 0.0495504 0.0590213 0.0667913 0.0719753 0.0742383 0.0737734 0.0710737 0.0667152 0.061244 0.055129 0.0487365 0.0423238 0.0360555 0.0300356 0.024344 0.0190662 0.0143093 0.0101946 0.00682735 0.00425672
 0.00950985 0.0152488 0.022573 0.0312808 0.0409914 0.0510302 0.060382 0.0679066 0.0727474 0.074619 0.0737712 0.070739 0.0661133 0.0604343 0.0541605 0.0476562 0.0411856 0.0349215 0.02897 0.0234019 0.0182851 0.0137038 0.00975753 0.00653483 0.00407613
 0.0099457 0.0159711 0.02368 0.0328573 0.0430723 0.0535524 0.063149 0.0706024 0.0750114 0.0761511 0.0744124 0.0704922 0.0651091 0.0588706 0.052246 0.0455744 0.0390819 0.0329065 0.0271278 0.0217956 0.0169553 0.0126656 0.0089985 0.00601894 0.00375239
 0.00942059 0.0152232 0.0227545 0.0318746 0.0422086 0.052999 0.0630671 0.0710831 0.0760449 0.0776123 0.0760781 0.0720967 0.0664191 0.0597435 0.0526482 0.0455592 0.0387498 0.0323696 0.0264892 0.0211409 0.0163504 0.0121547 0.00860294 0.00573868 0.00357128
 0.00832384 0.0135098 0.0203151 0.0286793 0.038342 0.0486973 0.0587398 0.0672786 0.0733343 0.076428 0.0765826 0.0741447 0.0696182 0.0635764 0.0566046 0.049237 0.0419027 0.0349014 0.0284143 0.0225369 0.0173194 0.0127991 0.00901288 0.00598734 0.00371434
#obs surv len freq
 nan nan nan nan nan nan nan nan nan nan nan nan nan nan nan nan nan nan nan nan nan nan nan nan nan
 0.00447945 0.00733852 0.0111666 0.0159819 0.0216829 0.0279597 0.0342758 0.0400092 0.0446908 0.0481562 0.0505154 0.0520124 0.0529056 0.0534187 0.0537336 0.053989 0.0542679 0.0545608 0.0546997 0.0542917 0.0527296 0.0493614 0.0438106 0.0362899 0.0276726
 0.00461464 0.00755789 0.0114957 0.0164435 0.0222916 0.028714 0.0351491 0.0409476 0.0456191 0.0489925 0.0511855 0.0524615 0.0531045 0.0533646 0.0534467 0.0535049 0.0536291 0.0538093 0.0538739 0.0534279 0.051866 0.0485404 0.0430759 0.0356787 0.0272055
 0.00477587 0.0078236 0.0119021 0.0170261 0.0230775 0.02971 0.0363297 0.0422503 0.046953 0.050254 0.0522751 0.0532947 0.0536189 0.0535249 0.0532465 0.052966 0.0527952 0.0527384 0.052631 0.0520823 0.0504923 0.0472184 0.0418851 0.0346846 0.0264444
 0.00496637 0.00813527 0.012375 0.0176994 0.0239824 0.0308584 0.0377014 0.0437874 0.0485649 0.0518319 0.0537068 0.0544764 0.0544629 0.0539656 0.0532454 0.0525146 0.0519159 0.0514818 0.0510727 0.0503189 0.0486384 0.0454007 0.0402292 0.0332932 0.0253751
 0.00518443 0.0084912 0.0129134 0.0184629 0.0250039 0.0321486 0.039236 0.045502 0.0503635 0.0536036 0.0553414 0.0558725 0.0555302 0.0546268 0.0534402 0.0522045 0.0510909 0.0501664 0.0493303 0.0482544 0.0463956 0.0431511 0.0381484 0.0315277 0.0240102
 0.00541515 0.00886837 0.013485 0.0192751 0.0260925 0.0335256 0.0408753 0.0473342 0.0522856 0.0554986 0.0570961 0.0573867 0.0567185 0.0554162 0.0537681 0.0520199 0.0503603 0.0488847 0.0475348 0.0460378 0.0439103 0.0405982 0.035746 0.0294646 0.0224023
 0.00563819 0.00923745 0.0140526 0.0200942 0.0272065 0.0349516 0.0425874 0.0492582 0.0543097 0.0574957 0.0589446 0.058982 0.0579757 0.0562672 0.0541569 0.0518992 0.0496915 0.0476471 0.0457434 0.0437648 0.0413004 0.0378628 0.0331298 0.0271899 0.0206132
 0.0058859 0.00964021 0.0146592 0.020951 0.0283498 0.0363953 0.0443086 0.0511902 0.0563492 0.0595196 0.0608286 0.0606144 0.0592642 0.0571404 0.0545614 0.0517935 0.0490423 0.0464328 0.0439693 0.0414879 0.0386514 0.0350492 0.0304056 0.0247961 0.0187141
 0.006141 0.0100585 0.0152951 0.0218567 0.0295646 0.0379283 0.0461233 0.0532002 0.0584327 0.0615448 0.0626758 0.062185 0.0604807 0.0579428 0.054903 0.0516376 0.0483597 0.0452046 0.0421989 0.039224 0.0360124 0.0322318 0.0276593 0.0223659 0.0167734
 0.00637963 0.0104497 0.0158902 0.0227058 0.0307074 0.039379 0.0478544 0.055136 0.0604585 0.0635286 0.0644899 0.0637216 0.0616581 0.0587042 0.0552112 0.0514667 0.0476897 0.0440219 0.0405077 0.0370675 0.0334974 0.0295389 0.025023 0.0200213 0.0148916
 0.00661813 0.0108424 0.0164901 0.0235651 0.0318662 0.040849 0.0496018 0.0570764 0.0624701 0.0654755 0.0662456 0.0651817 0.0627446 0.0593649 0.0554159 0.0512009 0.0469477 0.0428039 0.0388271 0.034969 0.03108 0.0269672 0.0225119 0.0177882 0.0130967
 0.00685603 0.0112307 0.0170774 0.0243977 0.0329793 0.0422524 0.0512649 0.0589225 0.0643852 0.0673297 0.0679136 0.0665583 0.0637508 0.05995 0.0555534 0.0508829 0.0461776 0.0415933 0.0371997 0.0329744 0.0288124 0.0245764 0.0201897 0.0157288 0.0114428
 0.00704966 0.0115527 0.0175752 0.0251194 0.0339636 0.0435125 0.0527729 0.0606045 0.0661329 0.0690223 0.069438 0.0678199 0.0646777 0.0604924 0.055683 0.0505894 0.0454647 0.0404762 0.0357074 0.0311595 0.0267652 0.022432 0.0181175 0.0138971 0.00997451
 0.00727122 0.0119128 0.0181171 0.025883 0.0349775 0.0447818 0.0542655 0.062246 0.0678158 0.0706252 0.0708467 0.0689418 0.0654481 0.0608752 0.0556657 0.050177 0.0446732 0.0393298 0.0342412 0.0294285 0.0248549 0.0204644 0.0162398 0.0122526 0.00866496
 0.00743743 0.0121884 0.0185416 0.0264961 0.0358105 0.045844 0.0555315 0.0636515 0.0692679 0.0720205 0.0720882 0.0699486 0.0661595 0.0612512 0.0556869 0.0498419 0.0439951 0.0383335 0.0329636 0.0279237 0.0232026 0.0187724 0.0146343 0.0108536 0.00755554
 0.00754362 0.012361 0.0188019 0.0268656 0.0363087 0.0464842 0.0563145 0.0645599 0.0702643 0.07305 0.0730842 0.0708401 0.0668791 0.0617424 0.0559085 0.0497701 0.0436231 0.037671 0.0320376 0.0267815 0.0219154 0.0174351 0.0133557 0.00973533 0.0066672
 0.00760727 0.0124613 0.0189472 0.0270626 0.0365628 0.0467998 0.0566945 0.0650052 0.0707726 0.0736145 0.0736903 0.0714612 0.0674747 0.0622603 0.0562918 0.0499663 0.043593 0.0373944 0.0315177 0.0260476 0.0210241 0.0164672 0.012405 0.00888994 0.00598881
 0.00767278 0.0125605 0.0190829 0.0272327 0.0367616 0.0470197 0.0569281 0.0652472 0.0710213 0.0738732 0.0739663 0.0717612 0.0677977 0.062591 0.0565982 0.050203 0.0437096 0.0373477 0.0312826 0.0256263 0.0204493 0.0157995 0.0117215 0.0082662 0.00547995
 0.0077161 0.0126284 0.01918 0.027361 0.0369188 0.0471989 0.0571171 0.0654303 0.0711849 0.0740111 0.0740829 0.0718704 0.0679163 0.06273 0.0567558 0.0503604 0.0438324 0.0373936 0.0312135 0.0254212 0.0201149 0.0153714 0.011256 0.00782441 0.00511005
 0.00777155 0.0127082 0.0192812 0.0274744 0.0370326 0.0473027 0.0572055 0.0655033 0.0712451 0.0740613 0.0741261 0.0719101 0.0679588 0.0627835 0.0568265 0.050447 0.0439214 0.0374589 0.0312228 0.0253471 0.0199468 0.0151225 0.0109612 0.00752861 0.00485277
 0.00781718 0.0127796 0.0193829 0.0276072 0.0371916 0.0474759 0.0573735 0.0656431 0.0713369 0.074097 0.0741112 0.0718616 0.0678969 0.0627261 0.0567854 0.0504271 0.0439195 0.0374629 0.0312124 0.0252997 0.0198466 0.0149691 0.0107713 0.00733036 0.00467478
 0.00783839 0.0128135 0.0194329 0.0276759 0.0372805 0.0475837 0.0574952 0.0657686 0.0714522 0.0741864 0.0741626 0.0718698 0.0678666 0.0626702 0.0567205 0.0503678 0.043874 0.0374304 0.0311836 0.0252601 0.0197825 0.0148744 0.010652 0.007202 0.00455604
 0.00787025 0.0128573 0.0194841 0.027726 0.0373197 0.0476059 0.0575012 0.0657659 0.0714511 0.0741949 0.0741825 0.0718964 0.0678916 0.062686 0.0567243 0.0503621 0.0438643 0.0374211 0.0311743 0.0252451 0.0197538 0.0148266 0.0105862 0.00712659 0.00448277
 0.00789706 0.0128984 0.019541 0.0277972 0.0373999 0.0476855 0.0575673 0.0658054 0.0714557 0.074166 0.0741314 0.0718397 0.0678435 0.0626532 0.0567054 0.0503517 0.0438571 0.0374141 0.0311657 0.0252326 0.0197339 0.0147964 0.0105457 0.00707978 0.00443645
 0.00789721 0.0129006 0.0195477 0.0278118 0.0374255 0.0477233 0.0576148 0.0658557 0.0714991 0.0741928 0.0741354 0.071821 0.0678092 0.0626143 0.0566721 0.0503298 0.0438468 0.0374115 0.0311659 0.0252311 0.019727 0.014782 0.0105238 0.00705291 0.00440876
 0.00790491 0.0129067 0.0195454 0.0277918 0.0373797 0.0476496 0.057521 0.0657585 0.071418 0.0741423 0.0741204 0.0718368 0.0678456 0.0626613 0.0567236 0.0503832 0.0439015 0.0374664 0.0312179 0.0252762 0.0197614 0.0148034 0.0105324 0.00705119 0.00440084
 0.00787924 0.0128672 0.01949 0.0277193 0.0372891 0.0475402 0.0573929 0.0656153 0.0712699 0.0740065 0.0740181 0.0717865 0.0678563 0.0627294 0.0568352 0.0505204 0.0440476 0.0376087 0.0313482 0.0253886 0.0198522 0.014871 0.0105776 0.00707736 0.00441307
 0.00791453 0.0129132 0.0195383 0.0277555 0.0372969 0.047508 0.0573187 0.0655071 0.0711412 0.0738717 0.0738897 0.0716762 0.0677757 0.0626885 0.0568392 0.0505667 0.0441266 0.0377066 0.0314511 0.0254852 0.0199349 0.0149357 0.0106235 0.00710642 0.00442902
 0.00788485 0.0128759 0.0195017 0.027732 0.0372975 0.0475343 0.0573583 0.0655369 0.071138 0.0738236 0.073802 0.0715674 0.067669 0.0626043 0.0567906 0.0505593 0.0441584 0.0377696 0.0315332 0.0255732 0.0200174 0.0150048 0.0106756 0.00714174 0.00445036
 0.00785808 0.0128258 0.0194153 0.0275961 0.0371055 0.0472943 0.0570977 0.0652968 0.0709579 0.0737256 0.0737834 0.0716082 0.0677458 0.0627011 0.0569022 0.0506861 0.0443014 0.037926 0.0316955 0.0257311 0.02016 0.0151236 0.0107666 0.00720534 0.00449074
 0.0078168 0.0127584 0.0193128 0.0274497 0.0369073 0.0470406 0.0567934 0.0649598 0.0706211 0.073432 0.0735763 0.0715173 0.067778 0.0628399 0.0571169 0.0509445 0.0445776 0.0382025 0.0319602 0.025974 0.020372 0.0152979 0.0108999 0.00729947 0.00455155
 0.00780918 0.0127401 0.0192745 0.0273788 0.0367914 0.0468718 0.0565723 0.0646973 0.0703361 0.0731489 0.0733225 0.071322 0.067667 0.0628301 0.0572093 0.0511238 0.044817 0.038472 0.0322335 0.0262309 0.0205987 0.0154855 0.0110448 0.00740302 0.00461941
 0.0077989 0.0127251 0.0192545 0.0273536 0.0367589 0.0468264 0.0565051 0.064598 0.070198 0.0729735 0.0731226 0.0711193 0.0674888 0.0627032 0.0571546 0.0511508 0.0449218 0.0386378 0.0324357 0.0264435 0.0207994 0.0156588 0.0111823 0.00750321 0.00468618
 0.00772777 0.0126129 0.0190927 0.0271379 0.0364918 0.0465196 0.0561809 0.0642865 0.0699299 0.0727713 0.072995 0.071064 0.0674984 0.0627714 0.0572787 0.05133 0.0451527 0.038911 0.0327338 0.026744 0.0210791 0.015899 0.0113724 0.00764132 0.004778
 0.00934296 0.0148695 0.0218069 0.0299113 0.0388274 0.0480069 0.0566427 0.0638065 0.0687663 0.0712289 0.0713301 0.0694473 0.0660228 0.0614761 0.0561733 0.0504111 0.0444125 0.0383387 0.0323147 0.0264572 0.0208984 0.0157961 0.0113208 0.00761983 0.0047716
 0.00932865 0.0151476 0.0227563 0.032001 0.0424115 0.0530479 0.0625364 0.0694813 0.0730639 0.0733631 0.0711468 0.0673631 0.0627403 0.0576837 0.0523745 0.0468979 0.0413195 0.0357099 0.0301495 0.0247326 0.0195772 0.0148293 0.0106502 0.00718243 0.00450554
 0.00898253 0.0146011 0.0219865 0.0310559 0.0414664 0.0524438 0.06274 0.0709183 0.075865 0.0771738 0.0751715 0.0706689 0.0646475 0.0580025 0.0513724 0.0450784 0.039184 0.0336213 0.0283096 0.0232224 0.0184058 0.0139681 0.0100523 0.0067929 0.00426927
 0.0088339 0.0143476 0.0215836 0.0304572 0.0406407 0.0514077 0.0615995 0.0698992 0.0752972 0.0774 0.0763925 0.0727939 0.0672578 0.0604883 0.0531815 0.0459306 0.0391273 0.0329298 0.0273186 0.0222034 0.0175202 0.0132802 0.00956308 0.00647173 0.00407447
 0.0087458 0.0142026 0.0213612 0.0301348 0.0401957 0.0508224 0.0608723 0.0690604 0.074428 0.0766471 0.0759591 0.0728884 0.0680011 0.0618209 0.0548406 0.0475349 0.0403327 0.0335633 0.0274123 0.0219283 0.017081 0.0128363 0.00920101 0.00621613 0.00391378
 0.00869681 0.0141198 0.0212306 0.0299412 0.0399249 0.0504658 0.0604304 0.0685449 0.0738622 0.0760692 0.0754303 0.0725017 0.0678734 0.062057 0.0554743 0.048482 0.0413988 0.0345147 0.0280739 0.0222452 0.0171129 0.0127011 0.00901186 0.00604583 0.00379125
 0.00870543 0.0141285 0.0212333 0.0299279 0.0398825 0.0503802 0.0602895 0.0683409 0.0735933 0.0757417 0.0750624 0.0721273 0.0675471 0.0618513 0.0554633 0.0487093 0.0418442 0.0350855 0.0286348 0.0226762 0.0173567 0.012773 0.00897272 0.00596255 0.00371026
 0.00869739 0.0141183 0.021223 0.0299203 0.0398788 0.0503778 0.0602799 0.0683103 0.0735261 0.0756262 0.0748943 0.0719137 0.0673084 0.0616229 0.0552927 0.0486468 0.0419231 0.0353016 0.0289395 0.022992 0.0176111 0.0129277 0.00903185 0.00595789 0.00367832
 0.00867347 0.0140808 0.0211693 0.0298497 0.0397936 0.0502838 0.0601864 0.0682277 0.0734621 0.0755808 0.0748593 0.0718761 0.0672571 0.0615562 0.0552233 0.0486001 0.0419296 0.0353826 0.0290936 0.0231911 0.0178109 0.013088 0.00913293 0.00600377 0.00368746
 0.00866835 0.0140737 0.021161 0.0298411 0.0397856 0.0502763 0.0601779 0.0682162 0.0734462 0.0755602 0.0748345 0.0718464 0.06722 0.0615082 0.0551644 0.0485376 0.0418791 0.0353634 0.029119 0.0232601 0.0179065 0.013185 0.00920967 0.00605103 0.00370845
 0.00866395 0.0140649 0.0211449 0.0298145 0.0397462 0.0502245 0.0601183 0.0681565 0.0733948 0.0755235 0.0748145 0.0718413 0.0672252 0.0615182 0.0551739 0.0485437 0.0418838 0.0353735 0.0291435 0.0233045 0.0179682 0.0132534 0.00927157 0.00609691 0.00373599
 0.00864247 0.0140322 0.0210997 0.0297569 0.0396775 0.0501469 0.0600349 0.068072 0.0733159 0.0754584 0.0747716 0.0718261 0.0672387 0.0615564 0.0552289 0.0486068 0.0419478 0.0354353 0.0292039 0.023366 0.0180317 0.013316 0.00932758 0.00614091 0.00376572
 0.00864942 0.0140414 0.0211096 0.029765 0.0396805 0.0501423 0.0600213 0.0680497 0.073286 0.0754223 0.0747314 0.0717852 0.0672019 0.0615287 0.0552139 0.0486053 0.0419579 0.0354538 0.0292283 0.023395 0.0180644 0.0133505 0.00936069 0.00616901 0.00378646
 0.00863567 0.0140222 0.0210863 0.0297405 0.0396584 0.0501246 0.0600078 0.0680381 0.0732734 0.0754071 0.0747138 0.0717671 0.0671861 0.0615178 0.0552102 0.0486103 0.041972 0.035476 0.0292566 0.0234269 0.0180977 0.013383 0.00939021 0.0061935 0.00380468
 0.00861383 0.0139867 0.0210334 0.0296675 0.0395653 0.0500162 0.0598945 0.0679343 0.0731938 0.0753612 0.0747038 0.0717884 0.0672304 0.0615768 0.0552774 0.0486814 0.0420441 0.0355472 0.029325 0.0234907 0.018155 0.0134323 0.00943034 0.0062241 0.00382621
 0.00861383 0.0139867 0.0210334 0.0296675 0.0395653 0.0500162 0.0598945 0.0679343 0.0731938 0.0753612 0.0747038 0.0717884 0.0672304 0.0615768 0.0552774 0.0486814 0.0420441 0.0355472 0.029325 0.0234907 0.018155 0.0134323 0.00943034 0.0062241 0.00382621
 0.00872095 0.0141546 0.0212735 0.0299838 0.0399508 0.0504491 0.0603361 0.0683328 0.0734959 0.075527 0.0747174 0.0716592 0.0669864 0.0612552 0.0549161 0.0483137 0.0416963 0.0352374 0.0290637 0.0232816 0.0179966 0.0133194 0.00935505 0.00617757 0.0037998
 0.00886641 0.0143966 0.0216466 0.0305196 0.0406664 0.0513304 0.0613247 0.0693269 0.0743702 0.0761656 0.0750415 0.0716421 0.0666523 0.0606668 0.0541575 0.047473 0.0408516 0.0344488 0.028371 0.022706 0.0175436 0.0129824 0.00911945 0.00602372 0.00370665
 0.00882867 0.0143492 0.0216021 0.0305018 0.0407078 0.0514666 0.0615854 0.0697248 0.074891 0.0767613 0.0756347 0.0721423 0.0669799 0.060775 0.0540425 0.0471701 0.0404211 0.033959 0.0278831 0.0222655 0.0171772 0.0126999 0.00891713 0.00588952 0.00362455
 0.00902235 0.0146473 0.0220191 0.0310388 0.041352 0.0521911 0.0623493 0.0704759 0.0755724 0.0773214 0.0760335 0.0723517 0.0669815 0.0605603 0.053618 0.0465635 0.0396825 0.0331546 0.0270837 0.0215331 0.0165557 0.0122104 0.00855963 0.00564803 0.00347431
 0.00941342 0.0152812 0.0229657 0.0323511 0.0430424 0.0542016 0.064529 0.0725916 0.0773605 0.0785611 0.0766033 0.0722439 0.0662789 0.0593959 0.0521383 0.0449047 0.0379623 0.031472 0.0255213 0.0201567 0.0154097 0.0113134 0.00790374 0.00520273 0.00319538
 0.00896411 0.0146152 0.0220872 0.031317 0.0419603 0.0532171 0.0638061 0.0722821 0.0775622 0.0792767 0.0777262 0.0735864 0.0676292 0.0605762 0.0530375 0.0454831 0.0382363 0.0314939 0.0253616 0.01989 0.0151045 0.0110234 0.00766274 0.00502428 0.00307676
 0.00842553 0.0136952 0.0206296 0.0291735 0.0390546 0.049632 0.0598483 0.0684643 0.0744811 0.0774368 0.0773946 0.0747382 0.0699886 0.0637152 0.0564917 0.0488489 0.0412296 0.0339644 0.0272731 0.0212849 0.0160675 0.0116533 0.00805293 0.00525288 0.00320308
#pred catch len freq
 0.00394838 0.00627737 0.00921752 0.0127265 0.0167884 0.0213888 0.0264474 0.0317829 0.0371423 0.0422573 0.0468856 0.0508397 0.0540095 0.0563713 0.057975 0.058923 0.0593498 0.0593891 0.0590983 0.0583386 0.0566844 0.0534902 0.0481908 0.0407202 0.0317575
 0.00421836 0.00663259 0.00960071 0.0130412 0.0169362 0.0213227 0.0262065 0.0314805 0.0369089 0.0421742 0.0469515 0.0509878 0.0541594 0.0564807 0.058062 0.0590497 0.0595776 0.0597276 0.0594759 0.0586163 0.0567136 0.0531866 0.0475825 0.0399372 0.0309698
 0.00441205 0.00695527 0.0100945 0.0137334 0.0178146 0.0223089 0.0271509 0.0322001 0.0372642 0.042139 0.0466255 0.050536 0.0537238 0.0561263 0.0577857 0.0588273 0.0593997 0.0595971 0.0593753 0.0584836 0.0564553 0.0527282 0.0469203 0.0391521 0.0301909
 0.00464432 0.00731631 0.0106103 0.0144257 0.0187055 0.0234208 0.0284894 0.0337206 0.0388404 0.0435659 0.0476743 0.0510431 0.0536604 0.0555987 0.0569699 0.0578872 0.0584409 0.0586642 0.0584689 0.0575747 0.0555 0.0516951 0.045822 0.0380581 0.0292034
 0.00492523 0.00775494 0.0112376 0.015261 0.0197574 0.0246886 0.0299618 0.0353713 0.0406205 0.0453905 0.0494072 0.052497 0.0546313 0.0559323 0.056624 0.0569464 0.0570734 0.0570497 0.0567433 0.0558132 0.053736 0.0499545 0.0441538 0.0365417 0.0279273
 0.00520194 0.00819054 0.0118679 0.0161132 0.02085 0.0260297 0.0315422 0.0371572 0.0425503 0.0473772 0.0513418 0.0542496 0.0560511 0.0568576 0.0569121 0.056518 0.0559466 0.0553394 0.054622 0.0534604 0.0513065 0.0475778 0.0419479 0.0346173 0.0263716
 0.0054618 0.00859851 0.0124564 0.016907 0.0218676 0.0272833 0.0330329 0.0388665 0.0444329 0.0493588 0.0533218 0.0561076 0.0576537 0.0580655 0.0575882 0.0565438 0.0552497 0.0539233 0.0525797 0.0509609 0.0485631 0.0448133 0.0393686 0.0323907 0.0246045
 0.00571003 0.00899169 0.01303 0.0176901 0.0228821 0.0285408 0.0345288 0.040573 0.0462974 0.0513069 0.0552623 0.0579365 0.0592587 0.0593294 0.0583923 0.056774 0.0548107 0.0527629 0.0507177 0.0485091 0.0457218 0.0418425 0.0365394 0.0299322 0.0226597
 0.00601461 0.00946503 0.0137031 0.0185815 0.0240004 0.029887 0.0360933 0.0423276 0.0481889 0.0532565 0.0571718 0.0596987 0.0607683 0.060489 0.059112 0.0569679 0.0543979 0.0516805 0.0489492 0.0461175 0.0428704 0.038784 0.0335699 0.0273209 0.0205841
 0.00642194 0.0100895 0.0145739 0.0197039 0.0253608 0.0314607 0.0378455 0.0442103 0.0501368 0.0551885 0.058996 0.0613199 0.0620949 0.0614392 0.0596162 0.0569656 0.0538336 0.0505074 0.0471476 0.0437271 0.0400218 0.0357051 0.0305504 0.0246418 0.0184416
 0.00687232 0.0107874 0.0155606 0.020996 0.0269501 0.0333145 0.0399034 0.0463816 0.0523075 0.0572372 0.0608114 0.062811 0.063194 0.0620994 0.0598049 0.0566575 0.0530043 0.049134 0.0452222 0.0412848 0.0371731 0.0326508 0.0275575 0.0219794 0.0163051
 0.00727892 0.0114252 0.0164783 0.0222267 0.0285097 0.0351977 0.0420728 0.0487565 0.054761 0.0596077 0.0629258 0.0645133 0.06437 0.062689 0.059798 0.0560754 0.0518782 0.0474924 0.0430944 0.0387238 0.0342861 0.0296186 0.0246193 0.0193793 0.0142222
 0.0075517 0.011858 0.0171116 0.0230947 0.0296399 0.0366069 0.0437576 0.0506823 0.0568546 0.0617571 0.0649875 0.0663276 0.065784 0.0635812 0.0600964 0.055761 0.0509741 0.0460459 0.0411668 0.0363951 0.0316733 0.0268905 0.0219869 0.0170547 0.0123607
 0.00782775 0.0122926 0.0177402 0.0239443 0.0307285 0.0379412 0.0453268 0.0524495 0.0587527 0.0636907 0.0668396 0.0679699 0.0670891 0.0644373 0.0604207 0.0555097 0.0501453 0.0446758 0.0393231 0.0341749 0.0292077 0.0243478 0.0195614 0.014932 0.0106716
 0.0081079 0.0127275 0.0183575 0.0247589 0.0317444 0.0391533 0.046718 0.0539846 0.0603746 0.0653213 0.0683858 0.069332 0.0681702 0.065152 0.0607015 0.055312 0.0494515 0.0434994 0.0377121 0.0322147 0.027023 0.0220987 0.0174259 0.0130733 0.00920002
 0.00836175 0.0131196 0.0189101 0.0254813 0.0326348 0.0402015 0.047904 0.0552747 0.0617189 0.0666554 0.0696358 0.0704214 0.0690264 0.0657121 0.0609159 0.055146 0.048887 0.0425384 0.0363835 0.0305822 0.0251899 0.0202037 0.0156247 0.0115076 0.0079634
 0.00838243 0.0131786 0.0190458 0.0257453 0.0330796 0.0408612 0.048777 0.0563193 0.0628637 0.0678182 0.0707388 0.0713976 0.0698205 0.0662786 0.0612176 0.0551535 0.0485802 0.0419103 0.0354471 0.0293799 0.0237999 0.018738 0.0142135 0.010271 0.00698238
 0.00840452 0.0132113 0.0190917 0.0258117 0.0331859 0.0410451 0.0490927 0.0568214 0.0635805 0.0687267 0.0717601 0.0724171 0.0707219 0.0669723 0.0616511 0.0553055 0.0484478 0.041501 0.0347789 0.0284882 0.0227459 0.01761 0.013116 0.00930234 0.00621027
 0.00845135 0.0132698 0.0191471 0.0258397 0.0331599 0.0409493 0.0489358 0.0566445 0.0634542 0.0687356 0.0719753 0.0728661 0.0713701 0.0677284 0.0623949 0.0559223 0.0488539 0.0416513 0.0346641 0.0281294 0.0221921 0.016935 0.0124085 0.00864837 0.00567305
