SBPRF35
8.28587
Curr Bio
569452
B35
535015
F35
0.206837
FOFL
0.206837
OFL
94534.9
Bzero
2.36739e+006
#pred survey bio
 3.82199e+006 2.5568e+006 2.20147e+006 2.02072e+006 1.85386e+006 1.67838e+006 1.50019e+006 1.32806e+006 1.16136e+006 1.05626e+006 946840 821381 747321 709139 643682 597251 574937 560076 540172 513645 525688 514233 506824 489615 501844 512300 518711 549273 583489 629459 621321 539444 496300 483685 509152 545505 581430 564174 537760 561724 576144 573628 576896 600630 607751 598329 578561 553980 557058 552071 554221 580017 600792 584719 576765 1.35565e+007 1.22801e+007 1.24925e+007 1.31672e+007 1.40822e+007 1.50352e+007 1.5903e+007 1.6631e+007 1.72098e+007 1.76537e+007 1.79861e+007 1.82312e+007 1.84103e+007 1.85407e+007 1.86354e+007 1.87044e+007 1.87549e+007 1.87919e+007 1.88193e+007 1.88396e+007 1.88549e+007 1.88663e+007 1.88749e+007 1.88815e+007 1.88865e+007 1.88903e+007 1.88932e+007 1.88955e+007 1.88972e+007 1.88985e+007 1.88996e+007 1.89004e+007 1.8901e+007 1.89015e+007 1.89019e+007 1.89021e+007 1.89024e+007 1.89026e+007 1.89027e+007 1.89028e+007 1.89029e+007 1.89029e+007 1.8903e+007 1.8903e+007 1.89031e+007 1.89031e+007 1.89031e+007 1.89031e+007 1.89031e+007 1.89032e+007 1.89032e+007 1.89032e+007 1.89032e+007 1.89032e+007 1.89032e+007 1.89032e+007 1.89032e+007 1.89032e+007 1.89032e+007 1.89032e+007 1.89032e+007 1.89032e+007 1.89032e+007 1.89032e+007 1.89032e+007 1.89032e+007 1.89032e+007 1.89032e+007 1.89032e+007 1.89032e+007 1.89032e+007 1.89032e+007 1.89032e+007 1.89032e+007 1.89032e+007 1.89032e+007 1.89032e+007 1.89032e+007 1.89032e+007 1.89032e+007 1.89032e+007 1.89032e+007 1.89032e+007 1.89032e+007 1.89032e+007 1.89032e+007 1.89032e+007 1.89032e+007 1.89032e+007 1.89032e+007 1.89032e+007 1.89032e+007 1.89032e+007 1.89032e+007 1.89032e+007 1.89032e+007 1.89032e+007 1.89032e+007 1.89032e+007 1.89032e+007 0 0 0 0 0 0 0 0 0 0 0 0 0 0 0 0 0 0 0 0 0 0 0 0 0
#obs survey bio
 4.4965e+006 2.08515e+006 2.81639e+006 1.53113e+006 2.11504e+006 1.85856e+006 1.16963e+006 1.44094e+006 1.03924e+006 982029 1.19054e+006 697045 721500 613903 666010 663895 523383 757418 537766 431557 565666 466740 553028 405256 583863 437677 492644 563338 497618 808527 729738 403746 437130 480827 545726 540964 738892 615676 331011 594614 659050 610684 480904 530531 947812 662544 445752 528641 580172 459671 454156 595506 770691 669305 605677
#pred catch bio
 470941 272720 260430 302535 307209 293763 280697 285927 249697 259482 255135 203890 171520 185052 149861 131030 126577 123258 122399 97567.4 118675 113031 114665 102878 95428.5 110039 98046.1 102007 94393.4 92897.1 97174.1 91279 91469.5 89030 88179 82420.7 86652.4 86714.6 85625.2 88654.6 90882.2 86402 93329.8 99686.7 98091.3 93520.2 106913 84703.2 90028 87326.9 87522.9 68383.2 105080 104768 85306.8 94534.9 93307.7 93469.7 97430.6 103761 110483 116538 121505 125333 128157 130173 131578 132538 133184 133615 133899 134085 134206 134285 134336 134368 134389 134402 134411 134417 134420 134422 134424 134425 134425 134425 134426 134426 134426 134426 134426 134426 134426 134426 134426 134426 134426 134426 134426 134426 134426 134426 134426 134426 134426 134426 134426 134426 134426 134426 134426 134426 134426 134426 134426 134426 134426 134426 134426 134426 134426 134426 134426 134426 134426 134426 134426 134426 134426 134426 134426 134426 134426 134426 134426 134426 134426 134426 134426 134426 134426 134426 134426 134426 134426 134426 134426 134426 134426 134426 134426 134426 134426 134426 134426 0 0 0 0 0 0 0 0 0 0 0 0 0 0 0 0 0 0 0 0 0 0 0 0 0
#obs catch bio
 234633 272345 260358 303336 307482 293669 280312 286101 249582 260195 255272 203863 171357 185655 149511 130973 126719 123204 122441 97353.4 118914 113052 114460 103345 94994.8 110365 98021.9 102190 94662.5 92704.6 96986.7 91267.6 91509.2 89316.6 88334.4 82408.6 86507 86576.4 85862.2 88660.5 90862.4 86236.3 93523.6 99738.3 98071.8 93295.8 107271 84543.5 90073 87248.1 87945.8 67939.9 105388 105019 85161.4
#pred cpue bio
 3.77528e+006 2.5229e+006 2.16976e+006 1.98896e+006 1.82205e+006 1.64698e+006 1.46954e+006 1.2984e+006 1.13285e+006 1.02816e+006 919588 795787 722588 684880 620831 575700 553992 539482 520257 494492 506225 495079 487984 471351 483219 493572 499606 529174 562275 606936 599685 520779 477908 463932 487423 522341 557265 541140 515866 538749 552782 550477 553647 576355 583200 574329 555523 531574 534828 530380 532550 557382 578231 562649 554494 1.30379e+007 1.18127e+007 1.19031e+007 1.2483e+007 1.33759e+007 1.43254e+007 1.51928e+007 1.59207e+007 1.64994e+007 1.69433e+007 1.72757e+007 1.75209e+007 1.77e+007 1.78303e+007 1.79251e+007 1.79941e+007 1.80445e+007 1.80816e+007 1.81089e+007 1.81293e+007 1.81445e+007 1.81559e+007 1.81646e+007 1.81711e+007 1.81761e+007 1.81799e+007 1.81829e+007 1.81851e+007 1.81868e+007 1.81882e+007 1.81892e+007 1.819e+007 1.81906e+007 1.81911e+007 1.81915e+007 1.81918e+007 1.8192e+007 1.81922e+007 1.81923e+007 1.81924e+007 1.81925e+007 1.81926e+007 1.81926e+007 1.81927e+007 1.81927e+007 1.81927e+007 1.81928e+007 1.81928e+007 1.81928e+007 1.81928e+007 1.81928e+007 1.81928e+007 1.81928e+007 1.81928e+007 1.81928e+007 1.81928e+007 1.81928e+007 1.81928e+007 1.81928e+007 1.81928e+007 1.81928e+007 1.81928e+007 1.81928e+007 1.81928e+007 1.81928e+007 1.81928e+007 1.81928e+007 1.81928e+007 1.81928e+007 1.81928e+007 1.81928e+007 1.81928e+007 1.81928e+007 1.81928e+007 1.81928e+007 1.81928e+007 1.81928e+007 1.81928e+007 1.81928e+007 1.81928e+007 1.81928e+007 1.81928e+007 1.81928e+007 1.81928e+007 1.81928e+007 1.81928e+007 1.81928e+007 1.81928e+007 1.81928e+007 1.81928e+007 1.81928e+007 1.81928e+007 1.81928e+007 1.81928e+007 1.81928e+007 1.81928e+007 1.81928e+007 1.81928e+007 1.81928e+007 1.81928e+007 0 0 0 0 0 0 0 0 0 0 0 0 0 0 0 0 0 0 0 0 0 0 0 0 0
#obs cpue bio
 2.41724e+006 2.30149e+006 1.79134e+006 2.46679e+006 1.73483e+006 1.57479e+006 1.98334e+006 1.18558e+006 1.16163e+006 1.00088e+006 858508 886508 712586 774452 701333 468545 568504 432566 560606 514052 494045 525967 553642 354643 674422 451068 514507 502354 500858 686692 595708 589135 552208 356308 488571 519015 564098 520592 558816 622661 518492 545772 513863 744887 386544 560221 642148 563320 532872 670820 463952 799827 406611 447224 558877
#pred surv len freq
 0.00466521 0.00767487 0.0117361 0.0168824 0.0230047 0.0297513 0.0365116 0.042583 0.047439 0.0508968 0.0530771 0.0542405 0.0546503 0.0545185 0.0540092 0.0532608 0.0524063 0.0515683 0.0507978 0.049958 0.0486261 0.0461422 0.0418857 0.0356776 0.0280366
 0.00511471 0.00836538 0.0127015 0.0181306 0.0245215 0.0315041 0.038445 0.0446069 0.0494221 0.0526768 0.0544909 0.0551667 0.0550459 0.0544302 0.0535503 0.0525602 0.0515523 0.0505694 0.0495812 0.0484134 0.046681 0.0438358 0.0393945 0.0332691 0.0259705
 0.00536829 0.00879282 0.0133707 0.0191081 0.025852 0.0331817 0.0403931 0.0466848 0.0514623 0.0545302 0.0560497 0.0563582 0.0558158 0.0547414 0.0533982 0.0519852 0.0506263 0.0493594 0.0481138 0.0466712 0.0446443 0.0415448 0.0369886 0.0309664 0.0239927
 0.00550451 0.00903526 0.0137758 0.0197455 0.0267929 0.0344784 0.0420535 0.0486547 0.0536235 0.0567172 0.0580799 0.0580658 0.0570771 0.0554834 0.0535936 0.0516434 0.0497863 0.048079 0.0464535 0.0446836 0.0423844 0.0391012 0.0345098 0.0286494 0.0220284
 0.00571153 0.00937377 0.0142901 0.0204809 0.0277916 0.0357697 0.0436414 0.0505078 0.0556718 0.0588548 0.0601711 0.0599561 0.0586112 0.0565283 0.0540584 0.0514883 0.0490187 0.0467431 0.0446184 0.0424371 0.0398369 0.0363977 0.0318351 0.0262083 0.019998
 0.0059716 0.00979254 0.0149127 0.0213468 0.0289272 0.037178 0.0452918 0.0523346 0.0575859 0.0607619 0.0619836 0.0615912 0.0599825 0.0575403 0.0546127 0.051499 0.0484311 0.045546 0.0428492 0.0401818 0.0372301 0.0336214 0.0291062 0.0237462 0.0179755
 0.00623183 0.0102164 0.0155518 0.0222482 0.0301235 0.0386715 0.0470394 0.0542454 0.0595377 0.0626292 0.0636625 0.0630096 0.0610937 0.0583083 0.0549963 0.0514453 0.0478812 0.0444543 0.0412072 0.0380397 0.0347087 0.0309086 0.0264333 0.0213425 0.016014
 0.00643178 0.0105561 0.01609 0.0230482 0.0312388 0.0401238 0.0487969 0.0562159 0.0615838 0.0645982 0.065416 0.0644425 0.0621414 0.0589417 0.0552081 0.0512317 0.0472288 0.0433407 0.0396194 0.0360039 0.0323176 0.0283298 0.0238877 0.0190545 0.0141525
 0.00671283 0.0110115 0.0167729 0.0240081 0.0325129 0.0417231 0.0506895 0.0583175 0.0637634 0.0666981 0.0672772 0.0659289 0.0631573 0.0594407 0.0551887 0.050721 0.0462621 0.0419466 0.0378222 0.0338434 0.0298787 0.02576 0.0213856 0.0168258 0.0123518
 0.00680618 0.011189 0.0170877 0.0245259 0.0332975 0.042813 0.0520772 0.059943 0.0655273 0.068483 0.0689651 0.0674087 0.0643285 0.0602195 0.0555172 0.0505735 0.0456427 0.0408811 0.0363509 0.032025 0.0278043 0.0235654 0.0192446 0.0149161 0.0108077
 0.00694914 0.0114325 0.0174754 0.0251078 0.0341219 0.0439121 0.0534494 0.061542 0.0672619 0.0702302 0.0705899 0.0687861 0.0653607 0.0608429 0.0557002 0.0503087 0.0449405 0.0397672 0.0348677 0.0302376 0.0258084 0.0214929 0.0172532 0.0131608 0.00940102
 0.00731341 0.0119953 0.018268 0.0261402 0.0353836 0.0453733 0.0550589 0.0632254 0.0689261 0.0717738 0.0719159 0.069811 0.0660207 0.0610983 0.0555368 0.0497351 0.043982 0.0384605 0.0332611 0.0283969 0.0238257 0.0194897 0.0153695 0.0115285 0.00811032
 0.00746788 0.0122546 0.0186719 0.0267273 0.0361791 0.046372 0.0562144 0.0644541 0.0701314 0.0728756 0.0728658 0.070586 0.0666041 0.0614647 0.0556505 0.0495602 0.0434952 0.0376597 0.0321695 0.0270659 0.0223362 0.0179497 0.0139022 0.010248 0.0070943
 0.00738638 0.0121418 0.0185405 0.0266054 0.0361086 0.0464018 0.0563905 0.0648092 0.0706733 0.0735809 0.0736821 0.0714446 0.067435 0.0622056 0.0562466 0.0499604 0.0436531 0.0375412 0.0317641 0.0263956 0.0214599 0.0169584 0.0129044 0.00934688 0.00636373
 0.00757312 0.0124242 0.0189261 0.0270882 0.0366721 0.0470245 0.0570491 0.0654782 0.0713244 0.0741828 0.0742034 0.071857 0.0677171 0.0623454 0.0562408 0.0498093 0.0433546 0.0370885 0.0311522 0.0256328 0.0205797 0.0160226 0.0119937 0.00854098 0.00571913
 0.00771317 0.0126259 0.0191812 0.0273721 0.03695 0.0472633 0.0572284 0.0655966 0.0714002 0.0742493 0.0742985 0.0720086 0.0679304 0.0625988 0.0564925 0.0500099 0.043459 0.0370624 0.0309752 0.0253024 0.0201159 0.0154702 0.0114159 0.00800457 0.00527584
 0.00775038 0.0126891 0.01928 0.0275137 0.0371331 0.0474721 0.0574298 0.0657484 0.0714681 0.0742261 0.0742117 0.0719116 0.0678804 0.062633 0.0566144 0.05019 0.0436458 0.0371995 0.0310157 0.0252199 0.01991 0.0151672 0.0110623 0.00765407 0.00497363
 0.00771017 0.0126377 0.0192289 0.0274825 0.0371455 0.0475467 0.057572 0.0659449 0.0716882 0.0744291 0.0743599 0.0719847 0.0678849 0.0626001 0.0565844 0.0501927 0.0436859 0.0372552 0.0310498 0.0251961 0.0198083 0.0149914 0.0108383 0.00741927 0.00476346
 0.00776739 0.0127101 0.0193006 0.0275292 0.0371439 0.0474898 0.057478 0.0658536 0.0716433 0.0744569 0.0744569 0.0721206 0.0680191 0.0627012 0.0566428 0.0502192 0.0436998 0.0372686 0.0310591 0.0251849 0.0197585 0.0148956 0.0107054 0.00727101 0.00462444
 0.00795591 0.0129962 0.0196915 0.0280136 0.0376903 0.0480469 0.0579802 0.0662325 0.0718483 0.0744736 0.0743122 0.0718678 0.0677127 0.0623784 0.0563205 0.0499038 0.0433974 0.0369882 0.030808 0.0249633 0.0195598 0.014712 0.0105343 0.00711697 0.00449574
 0.00774731 0.0126935 0.0193037 0.0275725 0.0372421 0.0476376 0.0576436 0.0659868 0.071699 0.0744197 0.0743507 0.0719964 0.0679282 0.0626722 0.0566739 0.0502876 0.0437781 0.0373362 0.0311031 0.0251955 0.0197265 0.0148159 0.0105838 0.00712573 0.00448041
 0.00774576 0.0126909 0.0193009 0.0275729 0.0372542 0.0476764 0.0577277 0.0661301 0.0718987 0.0746483 0.0745604 0.072137 0.0679695 0.0626158 0.0565492 0.050135 0.043631 0.037212 0.0310039 0.0251149 0.0196563 0.0147505 0.0105212 0.00706759 0.00443004
 0.00773209 0.0126651 0.0192555 0.0274997 0.0371473 0.0475369 0.0575685 0.0659773 0.0717862 0.0746079 0.0746093 0.0722682 0.068152 0.0628063 0.0567094 0.0502455 0.0436937 0.0372415 0.0310161 0.0251192 0.0196553 0.0147431 0.0105069 0.00704815 0.00440896
 0.00782249 0.0127991 0.0194325 0.0277094 0.0373706 0.0477494 0.0577442 0.0660924 0.0718261 0.0745721 0.074514 0.0721416 0.0680228 0.0626926 0.0566137 0.0501582 0.0436033 0.0371429 0.0309129 0.0250197 0.0195667 0.014669 0.0104476 0.00700209 0.00437458
 0.00783146 0.0128067 0.0194312 0.0276877 0.0373161 0.0476535 0.0576066 0.065923 0.0716431 0.0743986 0.0743737 0.0720545 0.068002 0.0627415 0.0567241 0.0503116 0.0437747 0.0373078 0.0310534 0.0251276 0.0196424 0.0147178 0.0104758 0.00701595 0.00437932
 0.00781978 0.0127742 0.0193574 0.0275461 0.0370817 0.0473145 0.0571749 0.0654367 0.0711589 0.0739779 0.0740687 0.0718993 0.0680086 0.0629005 0.0570088 0.050684 0.044192 0.0377282 0.0314418 0.02546 0.019907 0.0149141 0.0106115 0.00710287 0.0044305
 0.00791466 0.0129327 0.0196018 0.0278938 0.0375344 0.0478446 0.0577177 0.0658991 0.071446 0.0740275 0.0738731 0.0715053 0.0674978 0.062362 0.0565173 0.0502866 0.043906 0.0375464 0.0313417 0.0254139 0.0198904 0.0149096 0.0106098 0.0071005 0.00442725
 0.00792389 0.0129304 0.019568 0.0278038 0.0373704 0.0476112 0.0574499 0.0656537 0.0712768 0.0739589 0.0738904 0.0715671 0.0675623 0.0624082 0.0565498 0.0503265 0.043975 0.037655 0.0314848 0.0255748 0.0200481 0.0150466 0.0107161 0.00717464 0.00447381
 0.00796978 0.0129963 0.0196498 0.027889 0.0374383 0.0476349 0.0574029 0.0655203 0.0710633 0.0736987 0.0736353 0.071367 0.0674437 0.0623678 0.056565 0.0503738 0.0440418 0.0377397 0.0315889 0.0256946 0.0201734 0.0151636 0.0108135 0.00724696 0.00452172
 0.0078097 0.0127562 0.0193263 0.0274924 0.0369897 0.0471612 0.0569325 0.0650807 0.0706812 0.0733987 0.0734405 0.071298 0.0675151 0.0625808 0.0569016 0.0507975 0.044508 0.0382074 0.032029 0.0260896 0.020513 0.0154416 0.0110275 0.00739979 0.00462185
 0.00776414 0.0126566 0.0191307 0.0271511 0.0364627 0.046444 0.056075 0.0641835 0.0698664 0.0727709 0.0730597 0.0711759 0.0676299 0.0628955 0.0573747 0.0513854 0.0451638 0.0388827 0.0326784 0.026677 0.0210145 0.0158457 0.0113335 0.00761569 0.00476256
 0.00856507 0.0137969 0.0205454 0.028672 0.0378593 0.0474934 0.0566239 0.0641764 0.0693415 0.0718396 0.071878 0.0699114 0.0664286 0.0618584 0.0565533 0.0507901 0.0447776 0.0386723 0.0326023 0.0266916 0.0210801 0.0159307 0.0114162 0.00768402 0.0048122
 0.00917043 0.0148033 0.0220892 0.0308615 0.0407125 0.0508609 0.0601442 0.0673232 0.0715743 0.0727903 0.0714685 0.0683436 0.0640732 0.0591206 0.0537744 0.0482068 0.0425235 0.0368004 0.0311119 0.0255507 0.0202409 0.0153396 0.0110198 0.00743293 0.0046633
 0.00913448 0.0148437 0.0223346 0.0314972 0.0419379 0.0528147 0.0628248 0.0705413 0.0749595 0.0758567 0.0737264 0.0694301 0.0638555 0.0577243 0.0515228 0.0455053 0.039746 0.0342215 0.0288908 0.0237501 0.0188573 0.0143306 0.0103236 0.00698107 0.00438954
 0.00890574 0.0144943 0.0218579 0.0309213 0.0413433 0.0523473 0.0626911 0.0709647 0.0760973 0.0777067 0.0760763 0.0718889 0.0659645 0.0591005 0.0519735 0.0450663 0.038636 0.0327446 0.0273367 0.0223304 0.0176875 0.0134446 0.00970142 0.00657512 0.00414393
 0.00885966 0.0143832 0.0216258 0.0304995 0.0406755 0.051429 0.0616048 0.0698901 0.0752819 0.0774022 0.0764581 0.0729844 0.067618 0.0610001 0.0537409 0.0463781 0.0393221 0.0328193 0.0269563 0.0217094 0.0170199 0.0128591 0.00925497 0.00627105 0.0039566
 0.0087126 0.0141566 0.021306 0.0300769 0.0401397 0.0507663 0.0608046 0.0689644 0.0742918 0.0764751 0.0757786 0.0727487 0.0679623 0.0619331 0.055117 0.0479319 0.040756 0.0339038 0.0275954 0.0219431 0.0169737 0.0126765 0.00904728 0.00609932 0.00383918
 0.00875213 0.0141933 0.0213109 0.0300075 0.0399526 0.0504347 0.0603316 0.068381 0.0736427 0.0758068 0.0751423 0.0722148 0.0676285 0.0619042 0.0554586 0.0486221 0.0416714 0.0348562 0.0284028 0.022495 0.0172565 0.0127514 0.0090043 0.00601616 0.00376228
 0.00883194 0.0143218 0.0214997 0.0302603 0.0402573 0.0507551 0.0606051 0.0685303 0.0736008 0.0755435 0.0746775 0.0716133 0.0669839 0.0613227 0.0550419 0.0484445 0.0417528 0.0351463 0.0287953 0.0228698 0.0175268 0.0128894 0.00903384 0.00598424 0.00371179
 0.0086794 0.014118 0.0212746 0.0300691 0.0401648 0.05081 0.0608173 0.0688624 0.0739773 0.0758726 0.0748769 0.0716333 0.0668219 0.0610243 0.0546884 0.0481298 0.041555 0.0351035 0.0288929 0.0230504 0.0177181 0.0130358 0.00911394 0.00600772 0.00370263
 0.00869079 0.0141042 0.0211971 0.029881 0.0398329 0.0503454 0.0602927 0.0683983 0.0736956 0.0758418 0.0750815 0.0719854 0.0672036 0.0613373 0.0548855 0.0482212 0.0415907 0.0351431 0.0289773 0.0231859 0.0178804 0.0131885 0.00922917 0.00607685 0.00373381
 0.00875756 0.0142076 0.0213409 0.0300586 0.0400221 0.0505046 0.0603669 0.0683378 0.073485 0.0755197 0.0747338 0.0717069 0.0670531 0.0613132 0.0549382 0.0482895 0.0416357 0.0351613 0.028989 0.0232137 0.017932 0.0132546 0.00929256 0.00612425 0.0037614
 0.00873038 0.0141718 0.0213025 0.0300285 0.0400127 0.050524 0.0604125 0.0683924 0.0735191 0.0755018 0.0746458 0.0715592 0.0668851 0.0611768 0.0548717 0.0482995 0.0417003 0.0352484 0.029076 0.0232931 0.0180055 0.0133234 0.00935352 0.00617222 0.00379374
 0.00864798 0.0140594 0.0211732 0.0299085 0.0399342 0.0505144 0.0604837 0.0685371 0.0737122 0.0757059 0.074819 0.0716649 0.066904 0.0611151 0.0547593 0.0481771 0.0416013 0.035188 0.0290515 0.0232937 0.0180206 0.0133457 0.00937796 0.00619452 0.0038109
 0.00859116 0.0139702 0.0210463 0.0297442 0.0397422 0.0503171 0.0603164 0.0684409 0.0737198 0.0758262 0.0750299 0.0719194 0.0671466 0.0613003 0.0548652 0.0482082 0.0415818 0.0351481 0.0290154 0.0232734 0.0180172 0.0133544 0.00939242 0.00620968 0.00382354
 0.00858327 0.013948 0.0209959 0.0296476 0.0395833 0.0500906 0.0600355 0.0681401 0.0734483 0.0756356 0.0749587 0.0719809 0.0673239 0.0615516 0.0551377 0.0484555 0.0417769 0.0352865 0.0291087 0.0233383 0.0180671 0.0133962 0.00942774 0.00623786 0.00384403
 0.0085707 0.0139272 0.0209631 0.0295979 0.0395096 0.0499836 0.0598865 0.0679452 0.0732152 0.0753875 0.0747336 0.0718227 0.0672677 0.0616108 0.0552982 0.0486813 0.0420233 0.0355156 0.0292985 0.0234837 0.0181738 0.0134735 0.00948344 0.00627717 0.00387047
 0.00859195 0.0139849 0.0210916 0.0298392 0.0398985 0.0505246 0.0605362 0.0686131 0.0737868 0.0757598 0.0748465 0.0716731 0.0669055 0.0611189 0.0547663 0.0481811 0.0415956 0.0351708 0.0290279 0.0232728 0.018011 0.0133513 0.00939658 0.00621999 0.00383608
 0.00842527 0.0137138 0.0206868 0.0292827 0.0391983 0.0497314 0.0597506 0.0679689 0.0734089 0.075715 0.0751174 0.0721703 0.067509 0.0617232 0.0553074 0.0486389 0.0419785 0.0354955 0.029306 0.0235074 0.0182007 0.013496 0.00949992 0.00628892 0.00387898
 0.00850991 0.0138184 0.0207824 0.0293206 0.0391212 0.049494 0.0593407 0.0674197 0.0727974 0.0751469 0.0746986 0.0719747 0.067554 0.0619672 0.0556715 0.0490401 0.0423565 0.0358213 0.0295744 0.0237239 0.018372 0.013627 0.00959494 0.00635334 0.00391944
 0.00853178 0.0138629 0.0208638 0.0294517 0.0393024 0.0497008 0.0595178 0.0674924 0.0727004 0.074858 0.0742575 0.0714738 0.0671052 0.0616612 0.0555485 0.0490853 0.0425175 0.0360358 0.0297924 0.0239166 0.0185283 0.0137463 0.0096812 0.00641198 0.00395652
 0.00839091 0.0136632 0.0206182 0.0291926 0.0390747 0.0495483 0.0594687 0.0675489 0.0728344 0.0750156 0.0743757 0.0715057 0.0670427 0.0615403 0.0554325 0.0490339 0.0425607 0.0361667 0.0299779 0.0241167 0.0187116 0.0138957 0.00979209 0.00648783 0.00400441
 0.00823192 0.0133763 0.0201378 0.0284505 0.0380289 0.0482225 0.0579803 0.0660986 0.0716515 0.0742823 0.0741704 0.0717924 0.067703 0.0624266 0.0564154 0.0500273 0.0435201 0.0370704 0.0308082 0.0248517 0.0193296 0.0143834 0.0101507 0.00673218 0.00415793
 0.00841919 0.0136811 0.020592 0.0290703 0.038796 0.0490632 0.0587599 0.0666488 0.0718307 0.0740393 0.0735701 0.0709855 0.0668594 0.0616745 0.0558162 0.0495869 0.0432176 0.0368809 0.0307107 0.0248265 0.0193544 0.0144346 0.0102076 0.00678111 0.00419341
 0.0084346 0.0137329 0.0207194 0.0293264 0.0392337 0.0497113 0.0595983 0.0675947 0.0727458 0.0747593 0.0739514 0.0709525 0.0664327 0.0609615 0.0549682 0.048746 0.0424799 0.0362899 0.0302709 0.0245214 0.0191588 0.0143209 0.0101492 0.00675571 0.00418484
#obs surv len freq
 0.00497087 0.00814169 0.012383 0.0177079 0.0239899 0.0308634 0.0377031 0.043786 0.0485621 0.0518308 0.0537105 0.0544866 0.0544785 0.0539829 0.05326 0.052523 0.0519166 0.0514753 0.0510606 0.0503034 0.0486213 0.0453837 0.0402137 0.0332801 0.025365
 0.00518721 0.00849594 0.0129209 0.0184739 0.0250185 0.0321661 0.0392545 0.0455185 0.0503751 0.0536087 0.0553407 0.0558686 0.0555266 0.0546262 0.0534426 0.052208 0.0510924 0.0501631 0.0493212 0.0482401 0.0463779 0.0431322 0.0381305 0.0315123 0.0239983
 0.00541208 0.00886476 0.0134822 0.0192752 0.0260979 0.0335381 0.0408952 0.04736 0.0523142 0.0555258 0.057118 0.0574007 0.0567241 0.0554152 0.0537631 0.0520135 0.0503531 0.0488759 0.0475229 0.0460219 0.0438908 0.0405768 0.035725 0.0294461 0.0223877
 0.00564161 0.00924157 0.0140562 0.0200957 0.0272045 0.0349462 0.042581 0.0492546 0.0543129 0.0575076 0.058964 0.0590052 0.0579977 0.0562842 0.0541669 0.0519025 0.0496895 0.0476414 0.0457346 0.043753 0.0412856 0.037846 0.0331127 0.0271743 0.0206005
 0.00588416 0.00963751 0.0146553 0.0209456 0.0283423 0.0363847 0.044294 0.0511713 0.0563275 0.0594986 0.0608133 0.0606092 0.0592707 0.0571571 0.0545841 0.0518174 0.0490638 0.0464501 0.043982 0.0414963 0.0386558 0.0350504 0.0304043 0.0247934 0.0187111
 0.0061301 0.0100422 0.0152731 0.0218299 0.0295344 0.0378967 0.0460921 0.053171 0.0584067 0.0615231 0.0626593 0.0621755 0.0604802 0.0579531 0.0549242 0.0516678 0.0483952 0.0452411 0.0422331 0.0392537 0.036037 0.032251 0.0276736 0.0223759 0.01678
 0.00638461 0.0104567 0.0158985 0.0227144 0.0307148 0.0393844 0.0478576 0.0551373 0.0604585 0.0635271 0.0644861 0.0637146 0.0616478 0.0586921 0.0551998 0.0514589 0.047687 0.0440237 0.0405122 0.0370724 0.0335009 0.0295402 0.0250222 0.0200192 0.014889
 0.00663243 0.0108633 0.0165173 0.0235964 0.0318984 0.0408783 0.0496249 0.0570908 0.0624745 0.0654705 0.066233 0.0651639 0.0627236 0.0593425 0.0553933 0.0511797 0.0469293 0.0427895 0.0388168 0.0349619 0.0310746 0.0269624 0.0225069 0.0177833 0.0130923
 0.00682841 0.0111907 0.0170263 0.0243396 0.0329198 0.0421968 0.0512164 0.058882 0.0643531 0.0673063 0.0679006 0.0665573 0.063763 0.0599746 0.0555883 0.0509249 0.0462237 0.0416409 0.037247 0.0330199 0.0288545 0.0246134 0.0202204 0.0157524 0.0114596
 0.00705959 0.0115646 0.0175855 0.025123 0.0339556 0.0434915 0.0527428 0.060573 0.0661084 0.0690089 0.0694347 0.067822 0.0646805 0.0604937 0.0556834 0.0505908 0.0454689 0.0404838 0.0357181 0.0311723 0.0267787 0.022445 0.0181287 0.0139059 0.00998075
 0.0072673 0.0119086 0.0181143 0.0258839 0.0349833 0.0447907 0.0542724 0.0622441 0.0678005 0.0705975 0.0708131 0.0689109 0.0654268 0.0608654 0.0556658 0.0501836 0.0446838 0.0393431 0.0342566 0.0294451 0.0248719 0.0204805 0.0162538 0.0122638 0.00867309
 0.0074454 0.0121994 0.0185545 0.0265091 0.0358219 0.0458533 0.0555396 0.0636602 0.069277 0.0720274 0.0720886 0.0699393 0.0661407 0.0612268 0.0556624 0.0498217 0.0439811 0.0383256 0.0329607 0.0279246 0.0232061 0.0187774 0.0146396 0.0108584 0.0075593
 0.00753097 0.0123426 0.0187782 0.0268381 0.0362795 0.0464551 0.0562863 0.0645337 0.0702416 0.0730333 0.0730762 0.0708421 0.0668899 0.0617591 0.0559281 0.0497908 0.0436445 0.0376933 0.0320607 0.0268047 0.0219376 0.0174553 0.0133728 0.00974881 0.00667698
 0.00761207 0.0124671 0.0189522 0.0270642 0.0365586 0.0467888 0.0566781 0.0649868 0.0707559 0.0736017 0.0736817 0.0714561 0.0674722 0.06226 0.0562935 0.04997 0.0435982 0.0374011 0.0315258 0.0260571 0.0210344 0.0164776 0.0124145 0.00889786 0.00599477
 0.00765839 0.0125406 0.0190594 0.027209 0.0367416 0.0470055 0.0569191 0.0652403 0.0710136 0.0738638 0.0739568 0.0717547 0.0677969 0.0625968 0.0566097 0.0502185 0.0437273 0.0373662 0.031301 0.0256439 0.0204656 0.0158141 0.0117339 0.00827607 0.00548715
 0.00768873 0.0125827 0.0191095 0.0272601 0.0367859 0.0470392 0.0569451 0.0652681 0.0710557 0.0739318 0.0740598 0.0718992 0.0679866 0.0628296 0.0568728 0.0504847 0.0439556 0.0375092 0.0313171 0.0255105 0.0201888 0.0154302 0.0113007 0.00785658 0.00513171
 0.00777979 0.0127183 0.0192902 0.0274769 0.0370214 0.0472707 0.0571478 0.0654198 0.0711419 0.0739512 0.0740256 0.0718353 0.0679202 0.0627837 0.0568606 0.0505059 0.0439948 0.0375377 0.0312997 0.025417 0.0200065 0.0151708 0.0109982 0.00755514 0.00487055
 0.00781303 0.0127756 0.0193818 0.0276125 0.0372059 0.0474981 0.0573976 0.0656585 0.0713324 0.0740652 0.0740526 0.0717852 0.0678175 0.0626594 0.0567432 0.0504142 0.0439339 0.0374975 0.0312585 0.0253491 0.0198932 0.0150089 0.0108027 0.00735324 0.00469018
 0.00784254 0.0128173 0.0194335 0.0276694 0.037264 0.0475574 0.0574639 0.0657396 0.0714318 0.0741758 0.0741569 0.0718616 0.0678503 0.0626461 0.0566949 0.0503498 0.043871 0.0374449 0.0312132 0.0252989 0.0198237 0.0149125 0.0106834 0.00722546 0.004572
 0.007865 0.0128504 0.0194766 0.0277194 0.0373148 0.0476017 0.0574949 0.065754 0.0714318 0.0741702 0.0741571 0.0718756 0.0678776 0.0626775 0.0567187 0.0503585 0.0438647 0.0374286 0.031191 0.0252704 0.0197843 0.0148576 0.0106136 0.00714814 0.00449791
 0.00789842 0.0129004 0.0195435 0.0278002 0.0374037 0.0476907 0.0575746 0.0658147 0.0714657 0.0741735 0.0741329 0.0718329 0.0678289 0.0626334 0.0566838 0.0503311 0.0438399 0.0374019 0.0311604 0.0252351 0.0197433 0.0148103 0.0105608 0.0070933 0.00444684
 0.0079133 0.0129246 0.01958 0.027851 0.0374691 0.047768 0.0576568 0.0658915 0.0715257 0.074208 0.0741379 0.0718106 0.0677861 0.06258 0.0566295 0.0502829 0.0438002 0.0373693 0.0311314 0.0252061 0.0197118 0.0147753 0.0105232 0.00705551 0.00441231
 0.00786983 0.0128559 0.0194807 0.0277188 0.0373063 0.0475837 0.0574682 0.0657218 0.0713987 0.0741408 0.0741362 0.0718685 0.0678898 0.0627131 0.0567773 0.0504338 0.0439461 0.0375039 0.0312492 0.0253027 0.0197845 0.0148238 0.0105498 0.00706528 0.0044113
 0.00787881 0.0128616 0.0194728 0.0276826 0.0372269 0.0474527 0.0572894 0.0655129 0.0711875 0.0739577 0.0740067 0.0718081 0.0679017 0.0627891 0.0569011 0.0505864 0.0441093 0.0376633 0.0313943 0.0254265 0.0198829 0.0148955 0.0105968 0.00709193 0.00442342
 0.00787778 0.0128582 0.019464 0.0276634 0.0371897 0.0473882 0.0571886 0.0653706 0.071007 0.0737544 0.0738071 0.0716436 0.0677999 0.0627654 0.0569558 0.0507059 0.0442719 0.0378452 0.0315747 0.0255895 0.0200188 0.0150002 0.0106707 0.00713916 0.00445034
 0.00787705 0.0128557 0.0194579 0.0276507 0.0371672 0.0473528 0.0571375 0.0653016 0.0709183 0.0736457 0.0736818 0.0715115 0.0676779 0.0626745 0.0569145 0.0507241 0.0443472 0.0379641 0.0317172 0.0257352 0.020151 0.0151085 0.0107513 0.00719353 0.00448337
 0.00784419 0.0128048 0.0193859 0.0275569 0.0370531 0.0472226 0.0569985 0.0651638 0.0707924 0.0735407 0.0736028 0.0714598 0.0676524 0.0626751 0.0569441 0.0507872 0.0444466 0.0380971 0.0318737 0.0258996 0.0203066 0.0152416 0.0108546 0.00726622 0.00452964
 0.00783547 0.0127846 0.0193446 0.0274827 0.0369357 0.0470589 0.0567972 0.0649451 0.0705833 0.0733661 0.0734801 0.0713955 0.0676445 0.0627158 0.0570237 0.0508975 0.0445817 0.0382522 0.0320424 0.0260723 0.0204709 0.0153855 0.0109697 0.00734986 0.00458464
 0.00778843 0.0127116 0.0192411 0.0273461 0.0367652 0.0468553 0.0565643 0.0646923 0.0703271 0.0731304 0.0732921 0.0712795 0.0676148 0.0627732 0.0571567 0.0510871 0.0448072 0.0384951 0.0322877 0.0263074 0.0206844 0.0155679 0.0111144 0.00745552 0.00465499
 0.00777098 0.012679 0.0191844 0.027255 0.0366312 0.0466762 0.0563477 0.0644547 0.0700898 0.0729136 0.0731118 0.071148 0.0675426 0.0627686 0.0572231 0.0512198 0.0449935 0.0387167 0.0325247 0.0265411 0.0208995 0.0157528 0.0112622 0.00756449 0.00472846
 0.00775217 0.0126491 0.0191403 0.0271936 0.0365488 0.0465691 0.0562126 0.064292 0.0699055 0.0727203 0.0729276 0.0709925 0.0674326 0.0627159 0.0572332 0.0512929 0.0451237 0.0388922 0.0327288 0.0267547 0.021104 0.015933 0.0114087 0.00767376 0.00480294
 0.00931115 0.0148286 0.0217653 0.0298826 0.0388262 0.0480419 0.056711 0.0638935 0.0688505 0.0712906 0.0713574 0.069439 0.0659866 0.0614244 0.0561181 0.0503606 0.0443709 0.038308 0.0322959 0.026451 0.0209043 0.0158115 0.0113414 0.00764071 0.00478918
 0.00929589 0.015092 0.0226694 0.0318758 0.0422471 0.0528552 0.06234 0.0693156 0.0729611 0.07334 0.0711986 0.0674675 0.0628689 0.0578131 0.0524916 0.0469994 0.0414074 0.0357876 0.0302195 0.0247964 0.0196351 0.0148807 0.0106939 0.00721728 0.00453107
 0.00897218 0.0145818 0.0219529 0.031001 0.0413829 0.0523267 0.06259 0.0707449 0.0756877 0.0770188 0.0750658 0.070631 0.0646808 0.0580946 0.0515009 0.0452202 0.0393218 0.0337458 0.0284181 0.0233151 0.0184838 0.0140323 0.0101033 0.00683133 0.00429623
 0.00880213 0.014298 0.0215126 0.0303629 0.0405228 0.0512679 0.0614423 0.0697322 0.0751311 0.0772485 0.076271 0.0727182 0.0672409 0.060536 0.053289 0.0460832 0.0393041 0.0331102 0.027487 0.0223505 0.0176423 0.013377 0.0096364 0.00652424 0.00410964
 0.00873646 0.0141854 0.0213317 0.0300878 0.0401267 0.0507299 0.0607593 0.0689345 0.0742994 0.076526 0.0758543 0.0728073 0.0679508 0.0618085 0.0548712 0.0476086 0.040443 0.0336972 0.0275541 0.0220637 0.0171997 0.0129329 0.00927457 0.00626848 0.00394844
 0.00868294 0.0140988 0.0212016 0.0299041 0.0398797 0.0504118 0.0603667 0.0684709 0.0737792 0.0759814 0.0753448 0.0724267 0.0678171 0.062026 0.0554732 0.0485132 0.0414616 0.0346041 0.0281806 0.0223573 0.0172189 0.0127922 0.00908358 0.00609771 0.00382575
 0.00868089 0.0140894 0.0211762 0.0298505 0.039785 0.0502663 0.0601672 0.0682214 0.0734882 0.0756599 0.0750078 0.0721 0.067545 0.0618725 0.0555066 0.048774 0.0419288 0.0351867 0.0287473 0.022792 0.0174668 0.0128694 0.00905011 0.00601943 0.00374843
 0.00867319 0.0140776 0.0211593 0.0298272 0.0397522 0.0502185 0.0600966 0.0681195 0.0733494 0.0754841 0.0748022 0.0718783 0.0673278 0.0616889 0.0553942 0.0487725 0.0420637 0.0354493 0.0290877 0.0231342 0.0177405 0.0130385 0.00912009 0.0060227 0.0037219
 0.00865451 0.0140507 0.0211253 0.0297893 0.0397146 0.050185 0.060068 0.0680933 0.0733194 0.0754418 0.0747391 0.0717896 0.0672157 0.0615647 0.055279 0.0486945 0.042051 0.035519 0.0292343 0.0233272 0.017935 0.0131944 0.009218 0.00606667 0.0037301
 0.00865135 0.0140433 0.0211103 0.0297626 0.0396735 0.0501301 0.0600051 0.0680317 0.0732686 0.0754071 0.0747184 0.0717748 0.0671963 0.0615335 0.0552365 0.0486507 0.0420236 0.0355267 0.0292879 0.0234225 0.0180527 0.0133082 0.00930663 0.0061218 0.00375599
 0.00864561 0.0140375 0.0211078 0.0297679 0.0396903 0.0501581 0.0600387 0.0680615 0.0732851 0.0754053 0.0746992 0.0717429 0.0671564 0.0614877 0.0551853 0.0485959 0.0419715 0.0354882 0.029274 0.0234388 0.018095 0.0133638 0.00936032 0.00616258 0.00378051
 0.00864653 0.0140363 0.0211014 0.0297526 0.0396636 0.0501215 0.0599984 0.068027 0.0732647 0.0754017 0.0747091 0.0717585 0.0671704 0.0614957 0.0551858 0.0485899 0.0419616 0.0354791 0.0292721 0.0234495 0.0181198 0.0133988 0.00939784 0.0061949 0.00380332
 0.00863312 0.0140189 0.0210829 0.0297379 0.0396574 0.0501252 0.0600091 0.0680383 0.0732707 0.0754005 0.0747032 0.0717525 0.0671673 0.0614952 0.0551855 0.048587 0.0419554 0.0354711 0.0292659 0.0234489 0.0181275 0.0134144 0.00941791 0.00621476 0.00381925
 0.00860638 0.0139767 0.0210222 0.0296578 0.0395603 0.0500185 0.0599048 0.0679513 0.0732141 0.0753809 0.0747186 0.0717952 0.0672278 0.0615652 0.0552586 0.0486583 0.0420208 0.0355281 0.0293141 0.0234898 0.0181632 0.0134463 0.00944604 0.00623814 0.00383685
 0.00860964 0.0139793 0.0210211 0.0296484 0.0395376 0.049979 0.0598488 0.0678834 0.0731433 0.0753179 0.0746737 0.0717746 0.0672324 0.0615909 0.0552986 0.0487053 0.0420691 0.0355735 0.0293543 0.0235242 0.0181924 0.0134711 0.00946694 0.00625511 0.00384968
 0.00860964 0.0139793 0.0210211 0.0296484 0.0395376 0.049979 0.0598488 0.0678834 0.0731433 0.0753179 0.0746737 0.0717746 0.0672324 0.0615909 0.0552986 0.0487053 0.0420691 0.0355735 0.0293543 0.0235242 0.0181924 0.0134711 0.00946694 0.00625511 0.00384968
 0.00867823 0.014089 0.021182 0.0298667 0.0398117 0.050295 0.0601775 0.0681835 0.0733704 0.0754388 0.0746751 0.071666 0.0670395 0.0613467 0.0550344 0.048446 0.0418306 0.0353649 0.0291792 0.0233832 0.0180838 0.0133921 0.00941335 0.00622161 0.00383064
 0.00849719 0.0138098 0.0207914 0.0293661 0.039221 0.049655 0.0595505 0.0676457 0.0729948 0.0752737 0.0747303 0.0719135 0.0674275 0.0618165 0.0555342 0.0489365 0.0422858 0.0357692 0.0295248 0.0236674 0.0183081 0.0135612 0.00953434 0.00630321 0.00388209
 0.00850101 0.0137969 0.0207371 0.0292369 0.0389847 0.0492963 0.0590844 0.0671205 0.0724813 0.0748464 0.0744487 0.0718098 0.0675024 0.0620435 0.0558686 0.0493283 0.0426901 0.0361522 0.0298649 0.0239535 0.0185369 0.0137349 0.00965895 0.00638715 0.0039348
 0.0085251 0.0138387 0.0208033 0.0293309 0.0391004 0.0494117 0.0591598 0.067108 0.0723447 0.0745815 0.0740922 0.0714291 0.0671718 0.0618202 0.0557781 0.0493634 0.0428208 0.0363388 0.03007 0.0241489 0.0187052 0.0138684 0.00975723 0.00645434 0.00397732
 0.00851573 0.0138259 0.0207887 0.0293186 0.0390964 0.0494225 0.0591891 0.0671516 0.0723869 0.0745955 0.0740495 0.0713139 0.0669942 0.0616159 0.0555965 0.0492476 0.0427919 0.0363925 0.0301827 0.0242897 0.0188466 0.0139916 0.0098532 0.00652219 0.00402106
 0.00818268 0.0133035 0.0200406 0.0283298 0.0378838 0.0480463 0.0577607 0.0658258 0.0713308 0.0739436 0.073866 0.0715816 0.0676301 0.0625052 0.0566258 0.0503274 0.043861 0.0374099 0.0311167 0.0251125 0.0195357 0.0145353 0.0102542 0.00679668 0.00419434
 0.00854691 0.0138434 0.0207539 0.0291748 0.0387839 0.0489022 0.0584648 0.0662786 0.0714615 0.0737325 0.0733553 0.0708639 0.0668197 0.0617056 0.0559094 0.0497316 0.043397 0.0370736 0.0308955 0.0249875 0.019483 0.0145291 0.0102713 0.00682015 0.00421488
 0.0084751 0.0137793 0.0207522 0.0293127 0.0391322 0.0494846 0.0592273 0.0670926 0.0721649 0.0741861 0.0734857 0.0706758 0.0663808 0.0611171 0.0552762 0.0491391 0.0428998 0.0366949 0.0306349 0.0248294 0.0194045 0.0145047 0.0102774 0.00683861 0.00423408
#pred catch len freq
 0.00360901 0.00585878 0.00883654 0.0125823 0.0171197 0.0224003 0.0282381 0.0343094 0.0402246 0.0456114 0.0501695 0.053704 0.056149 0.057567 0.058118 0.0580201 0.0575171 0.0568387 0.0561163 0.0552503 0.0538051 0.051068 0.0463613 0.0394913 0.031034
 0.00394621 0.00637459 0.00955478 0.0135095 0.0182525 0.0237318 0.0297544 0.0359726 0.0419523 0.0472719 0.0516035 0.0547694 0.0567697 0.0577569 0.0579655 0.0576379 0.0569819 0.0561471 0.0551808 0.053944 0.0520417 0.0488811 0.0439329 0.0371032 0.0289639
 0.00418092 0.00676061 0.0101431 0.014348 0.0193741 0.0251384 0.0314038 0.03778 0.0438095 0.0490695 0.0532396 0.0561451 0.0577866 0.0583331 0.0580638 0.0572822 0.0562403 0.055088 0.0538301 0.0522795 0.050037 0.0465744 0.0414708 0.0347202 0.0269016
 0.00435931 0.00705844 0.0106079 0.0150346 0.0203398 0.0264308 0.0330414 0.0397321 0.0459849 0.0513208 0.0553863 0.058008 0.0592188 0.0592365 0.0583894 0.0570246 0.055432 0.0537869 0.0521007 0.0501788 0.0476245 0.0439466 0.0387903 0.0322043 0.0247622
 0.00457538 0.00740449 0.011121 0.015751 0.0212954 0.0276583 0.034562 0.0415429 0.0480459 0.0535455 0.0576397 0.0601172 0.0609976 0.0605175 0.0590523 0.0570092 0.0547356 0.0524521 0.0502011 0.0478104 0.0449087 0.0410428 0.035902 0.0295578 0.0225542
 0.0048286 0.00780608 0.0117075 0.0165524 0.0223335 0.0289431 0.0360857 0.0432753 0.0499348 0.055521 0.0596171 0.0619951 0.0626562 0.061823 0.0598702 0.0572258 0.054278 0.0513018 0.0483972 0.0454478 0.042137 0.0380638 0.0329561 0.0268885 0.0203546
 0.00509254 0.00822769 0.0123287 0.017409 0.0234508 0.0303284 0.0377181 0.0450996 0.0518655 0.0574564 0.0614549 0.0636441 0.0640387 0.0628687 0.0605072 0.0573754 0.0538624 0.0502632 0.0467234 0.0431945 0.0394394 0.0351323 0.0300495 0.0242636 0.0182061
 0.00534398 0.00863666 0.0129452 0.0182812 0.0246176 0.0318071 0.0394883 0.0470939 0.0539735 0.0595412 0.0633758 0.0652777 0.0652939 0.0636909 0.060869 0.0572589 0.0532438 0.0491129 0.0450249 0.0409771 0.0368081 0.0322769 0.0272198 0.0217137 0.016128
 0.0056064 0.00905645 0.0135658 0.0191428 0.0257548 0.0332423 0.0412193 0.0490793 0.0561243 0.0617241 0.0654288 0.0670363 0.0666208 0.0644976 0.0611205 0.0569605 0.0524187 0.047784 0.0432151 0.0387299 0.034219 0.0295125 0.0245047 0.0192811 0.0141547
 0.00577734 0.00934394 0.0140168 0.0198085 0.0266821 0.0344595 0.0427205 0.0508176 0.0580163 0.0636621 0.0672919 0.0686983 0.0679591 0.065406 0.0615235 0.0568221 0.0517398 0.046592 0.0415554 0.0366693 0.031862 0.0270146 0.022065 0.0171034 0.0123929
 0.00598578 0.00968107 0.0145224 0.0205217 0.0276389 0.0356842 0.0442133 0.0525412 0.0598902 0.0655673 0.0690878 0.0702456 0.0691415 0.0661421 0.0617679 0.0565586 0.0509748 0.0453522 0.039888 0.0346487 0.0295981 0.0246586 0.019798 0.0151031 0.0107888
 0.00627776 0.0101303 0.0151525 0.0213417 0.0286474 0.0368748 0.045574 0.0540463 0.0614912 0.0671876 0.0706251 0.0715839 0.0701688 0.0667691 0.0619399 0.0562566 0.0502093 0.0441551 0.0383106 0.0327657 0.027516 0.0225181 0.0177612 0.0133236 0.00937354
 0.00638127 0.0103065 0.0154322 0.0217578 0.0292277 0.0376309 0.0464923 0.0550886 0.0626054 0.0683214 0.0717319 0.0726169 0.0710711 0.0674712 0.0623668 0.0563431 0.0499142 0.0434686 0.037257 0.031404 0.0259409 0.0208562 0.0161568 0.0119111 0.00824595
 0.00639839 0.0103422 0.0155014 0.0218827 0.0294358 0.0379514 0.0469482 0.0556888 0.0633373 0.0691491 0.0726015 0.073468 0.0718479 0.0681249 0.062852 0.0566124 0.0499203 0.043175 0.036652 0.030513 0.024831 0.0196316 0.0149419 0.0108238 0.00736958
 0.00650372 0.0105005 0.0157167 0.0221528 0.0297569 0.0383238 0.0473787 0.056186 0.0639032 0.0697697 0.0732436 0.0740838 0.0723855 0.0685404 0.0631143 0.0567008 0.0498183 0.042867 0.0361287 0.0297839 0.0239362 0.0186451 0.0139601 0.00994236 0.00665784
 0.00659306 0.0106267 0.0158712 0.0223158 0.0299031 0.0384326 0.0474439 0.0562208 0.0639388 0.0698478 0.0734037 0.0743476 0.0727459 0.0689594 0.0635327 0.057054 0.0500491 0.0429328 0.0360049 0.0294672 0.0234507 0.018044 0.0133185 0.0093397 0.00615615
 0.0066295 0.0106868 0.0159621 0.0224415 0.0300603 0.0386057 0.047604 0.0563328 0.0639765 0.0698105 0.0733222 0.0742757 0.0727391 0.0690517 0.0637229 0.0573054 0.0503017 0.0431214 0.0360756 0.0293898 0.0232253 0.0177017 0.0129142 0.00893643 0.00580723
 0.00659752 0.0106464 0.0159232 0.0224212 0.0300796 0.038682 0.0477435 0.0565251 0.0641936 0.0700127 0.0734708 0.0743493 0.0727444 0.069022 0.0637018 0.0573243 0.0503638 0.0432001 0.0361269 0.0293713 0.0231138 0.0175019 0.0126565 0.00866496 0.00556354
 0.00666708 0.0107402 0.0160293 0.022519 0.0301478 0.0387111 0.047744 0.0565243 0.064222 0.0700868 0.0735833 0.0744717 0.0728416 0.0690698 0.063698 0.0572875 0.0503193 0.0431632 0.0360937 0.0293223 0.0230274 0.0173688 0.012486 0.00848136 0.00539454
 0.00673806 0.0108471 0.0161736 0.022694 0.030338 0.0388934 0.0478909 0.0566114 0.0642386 0.0700431 0.0735077 0.0743974 0.0727895 0.0690405 0.0636768 0.0572579 0.050274 0.0431051 0.0360281 0.0292496 0.0229418 0.0172648 0.0123653 0.00835507 0.00527815
 0.00664426 0.0107164 0.0160167 0.0225336 0.0302005 0.0387971 0.0478375 0.0565864 0.0642202 0.0700158 0.0734717 0.0743693 0.0727945 0.0690992 0.0637943 0.0574207 0.0504566 0.0432808 0.0361771 0.0293607 0.0230104 0.017291 0.012355 0.00831924 0.00523115
 0.00662843 0.0106927 0.0159863 0.0225015 0.0301785 0.0388045 0.0478972 0.056716 0.0644188 0.0702549 0.0737001 0.0745323 0.0728576 0.0690623 0.063687 0.0572847 0.0503265 0.0431737 0.0360939 0.0292934 0.0229496 0.0172305 0.0122933 0.00825897 0.00517711
 0.00663358 0.0106964 0.0159831 0.0224838 0.0301387 0.0387392 0.047812 0.0566276 0.064353 0.0702394 0.073752 0.0746478 0.0730097 0.0692106 0.0637959 0.0573383 0.0503311 0.0431484 0.0360579 0.0292576 0.0229163 0.0171979 0.0122595 0.00822477 0.00514529
 0.00666681 0.0107439 0.0160423 0.0225476 0.0301967 0.0387802 0.0478268 0.0566113 0.0643073 0.070174 0.0736844 0.0745986 0.0729948 0.0692328 0.0638429 0.0573882 0.0503636 0.0431543 0.0360397 0.0292248 0.0228785 0.0171607 0.0122253 0.00819456 0.00511988
