SBPRF35
9.5358
Curr Bio
569874
B35
704841
F35
0.193908
FOFL
0.15586
OFL
71789.1
Bzero
2.72451e+006
#pred survey bio
 3.55646e+006 3.06813e+006 2.76992e+006 2.51055e+006 2.23073e+006 1.96949e+006 1.74297e+006 1.54723e+006 1.35824e+006 1.21758e+006 1.07039e+006 926910 837532 782560 707734 667440 645685 626992 609972 591915 602755 589425 581073 569262 569605 578197 568315 569525 562684 560008 553606 536546 524538 515828 515175 518947 531132 538656 546156 555737 562407 566712 577153 580195 575194 570651 570436 552974 561329 563570 569203 575288 605390 591734 575430 2.02506e+007 1.21439e+007 1.24628e+007 1.3356e+007 1.45839e+007 1.58915e+007 1.71088e+007 1.81525e+007 1.89999e+007 1.96631e+007 2.01691e+007 2.05487e+007 2.08304e+007 2.10383e+007 2.11912e+007 2.13038e+007 2.13869e+007 2.14484e+007 2.14941e+007 2.15284e+007 2.15542e+007 2.15737e+007 2.15885e+007 2.15999e+007 2.16086e+007 2.16154e+007 2.16206e+007 2.16246e+007 2.16278e+007 2.16303e+007 2.16322e+007 2.16337e+007 2.16349e+007 2.16358e+007 2.16366e+007 2.16371e+007 2.16376e+007 2.1638e+007 2.16383e+007 2.16385e+007 2.16387e+007 2.16388e+007 2.16389e+007 2.1639e+007 2.16391e+007 2.16392e+007 2.16392e+007 2.16392e+007 2.16393e+007 2.16393e+007 2.16393e+007 2.16393e+007 2.16393e+007 2.16393e+007 2.16393e+007 2.16393e+007 2.16394e+007 2.16394e+007 2.16394e+007 2.16394e+007 2.16394e+007 2.16394e+007 2.16394e+007 2.16394e+007 2.16394e+007 2.16394e+007 2.16394e+007 2.16394e+007 2.16394e+007 2.16394e+007 2.16394e+007 2.16394e+007 2.16394e+007 2.16394e+007 2.16394e+007 2.16394e+007 2.16394e+007 2.16394e+007 2.16394e+007 2.16394e+007 2.16394e+007 2.16394e+007 2.16394e+007 2.16394e+007 2.16394e+007 2.16394e+007 2.16394e+007 2.16394e+007 2.16394e+007 2.16394e+007 2.16394e+007 2.16394e+007 2.16394e+007 2.16394e+007 2.16394e+007 2.16394e+007 2.16394e+007 2.16394e+007 2.16394e+007 2.16394e+007 0 0 0 0 0 0 0 0 0 0 0 0 0 0 0 0 0 0 0 0 0 0 0 0 0
#obs survey bio
 4.4965e+006 2.08515e+006 2.81639e+006 1.53113e+006 2.11504e+006 1.85856e+006 1.16963e+006 1.44094e+006 1.03924e+006 982029 1.19054e+006 697045 721500 613903 666010 663895 523383 757418 537766 431557 565666 466740 553028 405256 583863 437677 492644 563338 497618 808527 729738 403746 437130 480827 545726 540964 738892 615676 331011 594614 659050 610684 480904 530531 947812 662544 445752 528641 580172 459671 454156 595506 770691 669305 605677
#pred catch bio
 422450 272431 259454 300113 303619 289646 276258 280667 245134 254085 249492 200097 168724 181789 147667 129328 124921 121607 120702 96420.6 116886 111336 112829 101404 94046.1 108289 96690.5 100700 93489.9 92413.3 97078.8 91293.2 91377.6 88819 87937.3 82305.2 86748.8 86944.7 85795.7 88786.7 91053.4 86578.2 93496.8 99899.3 98393.1 93875.7 107361 84941.8 90242.4 87472.8 87589.1 68415 105162 104796 85290.8 71789.1 87511.6 88468.1 93458.1 101599 110586 118929 125963 131537 135765 138870 141096 142662 143748 144492 144998 145339 145567 145720 145821 145888 145932 145962 145981 145994 146002 146007 146011 146013 146015 146016 146017 146017 146017 146017 146018 146018 146018 146018 146018 146018 146018 146018 146018 146018 146018 146018 146018 146018 146018 146018 146018 146018 146018 146018 146018 146018 146018 146018 146018 146018 146018 146018 146018 146018 146018 146018 146018 146018 146018 146018 146018 146018 146018 146018 146018 146018 146018 146018 146018 146018 146018 146018 146018 146018 146018 146018 146018 146018 146018 146018 146018 146018 146018 146018 146018 146018 146018 146018 146018 0 0 0 0 0 0 0 0 0 0 0 0 0 0 0 0 0 0 0 0 0 0 0 0 0
#obs catch bio
 234633 272345 260358 303336 307482 293669 280312 286101 249582 260195 255272 203863 171357 185655 149511 130973 126719 123204 122441 97353.4 118914 113052 114460 103345 94994.8 110365 98021.9 102190 94662.5 92704.6 96986.7 91267.6 91509.2 89316.6 88334.4 82408.6 86507 86576.4 85862.2 88660.5 90862.4 86236.3 93523.6 99738.3 98071.8 93295.8 107271 84543.5 90073 87248.1 87945.8 67939.9 105388 105019 85161.4
#pred cpue bio
 3.49503e+006 3.01175e+006 2.71592e+006 2.45743e+006 2.17891e+006 1.91932e+006 1.69439e+006 1.50007e+006 1.31292e+006 1.17369e+006 1.02886e+006 888284 800741 747102 674614 635728 614764 596713 580329 562822 573201 560302 552316 541008 541564 550201 540958 542630 536719 534995 529754 513779 501429 491234 489396 492981 505201 512882 520250 529480 535981 540189 550260 553185 548428 544239 544180 527194 535318 537690 543178 549041 578518 565552 549901 1.93835e+007 1.16411e+007 1.18247e+007 1.25534e+007 1.37193e+007 1.50111e+007 1.6225e+007 1.7268e+007 1.81153e+007 1.87785e+007 1.92845e+007 1.96641e+007 1.99458e+007 2.01537e+007 2.03066e+007 2.04192e+007 2.05023e+007 2.05638e+007 2.06095e+007 2.06438e+007 2.06696e+007 2.06891e+007 2.07039e+007 2.07153e+007 2.0724e+007 2.07308e+007 2.0736e+007 2.074e+007 2.07432e+007 2.07457e+007 2.07476e+007 2.07491e+007 2.07503e+007 2.07512e+007 2.0752e+007 2.07525e+007 2.0753e+007 2.07534e+007 2.07537e+007 2.07539e+007 2.07541e+007 2.07542e+007 2.07543e+007 2.07544e+007 2.07545e+007 2.07546e+007 2.07546e+007 2.07546e+007 2.07547e+007 2.07547e+007 2.07547e+007 2.07547e+007 2.07547e+007 2.07547e+007 2.07547e+007 2.07547e+007 2.07548e+007 2.07548e+007 2.07548e+007 2.07548e+007 2.07548e+007 2.07548e+007 2.07548e+007 2.07548e+007 2.07548e+007 2.07548e+007 2.07548e+007 2.07548e+007 2.07548e+007 2.07548e+007 2.07548e+007 2.07548e+007 2.07548e+007 2.07548e+007 2.07548e+007 2.07548e+007 2.07548e+007 2.07548e+007 2.07548e+007 2.07548e+007 2.07548e+007 2.07548e+007 2.07548e+007 2.07548e+007 2.07548e+007 2.07548e+007 2.07548e+007 2.07548e+007 2.07548e+007 2.07548e+007 2.07548e+007 2.07548e+007 2.07548e+007 2.07548e+007 2.07548e+007 2.07548e+007 2.07548e+007 2.07548e+007 2.07548e+007 2.07548e+007 0 0 0 0 0 0 0 0 0 0 0 0 0 0 0 0 0 0 0 0 0 0 0 0 0
#obs cpue bio
 2.41724e+006 2.30149e+006 1.79134e+006 2.46679e+006 1.73483e+006 1.57479e+006 1.98334e+006 1.18558e+006 1.16163e+006 1.00088e+006 858508 886508 712586 774452 701333 468545 568504 432566 560606 514052 494045 525967 553642 354643 674422 451068 514507 502354 500858 686692 595708 589135 552208 356308 488571 519015 564098 520592 558816 622661 518492 545772 513863 744887 386544 560221 642148 563320 532872 670820 463952 799827 406611 447224 558877
#pred surv len freq
 0.00513876 0.00839113 0.0127154 0.0181113 0.0244453 0.0313553 0.0382271 0.044351 0.0491892 0.0525507 0.054561 0.0555043 0.0556816 0.0553427 0.0546693 0.0537791 0.0527403 0.0515787 0.0502537 0.0485983 0.0462736 0.0428271 0.0379054 0.0315358 0.0242738
 0.00563381 0.00910536 0.0136271 0.019155 0.0255468 0.0324781 0.0393966 0.0456306 0.0506183 0.0540845 0.0560538 0.0567518 0.0564965 0.0556225 0.0544221 0.0531021 0.0517653 0.0504128 0.0489417 0.0471256 0.0446103 0.0409895 0.0359932 0.0297165 0.0227202
 0.00601352 0.00972021 0.0145419 0.020413 0.0271438 0.0343352 0.0413516 0.0474742 0.0521702 0.0552657 0.0568992 0.0573486 0.056898 0.0558028 0.0543004 0.0526056 0.0508782 0.0491796 0.0474332 0.0454047 0.0427272 0.0390074 0.0340165 0.0278882 0.0211812
 0.00627181 0.0101503 0.0152088 0.0213853 0.0284809 0.0360631 0.0434334 0.0497893 0.0545202 0.0574129 0.0586288 0.0585286 0.057505 0.0558953 0.0539586 0.0518818 0.0497879 0.0477285 0.0456478 0.0433444 0.0404823 0.036696 0.0317819 0.0258832 0.0195339
 0.00654296 0.0105927 0.0158788 0.0223386 0.0297656 0.0377056 0.0454216 0.0520597 0.0569554 0.059849 0.0608695 0.0603704 0.0587739 0.056486 0.0538543 0.0511384 0.0484952 0.0459746 0.0435103 0.0409064 0.0378539 0.0340251 0.0292442 0.0236513 0.0177365
 0.00686386 0.0111013 0.0166201 0.0233479 0.0310642 0.0392952 0.0472756 0.0541183 0.0591297 0.0620305 0.0629378 0.0621941 0.060213 0.0574045 0.054144 0.0507445 0.0474278 0.0443003 0.0413331 0.0383543 0.0350796 0.0312093 0.0265854 0.0213348 0.0158909
 0.00719017 0.0116225 0.0173868 0.0243997 0.0324215 0.0409476 0.0491706 0.0561611 0.0612002 0.0640096 0.0647268 0.0637172 0.0614051 0.0581973 0.0544606 0.0505099 0.0465902 0.0428531 0.0393285 0.035905 0.0323518 0.0284096 0.0239355 0.0190324 0.0140672
 0.00744652 0.0120446 0.0180318 0.0253232 0.0336651 0.0425204 0.05103 0.0582079 0.0632945 0.0660012 0.0664842 0.0651448 0.0624448 0.0588174 0.05464 0.0502236 0.0458076 0.0415524 0.0375211 0.0336598 0.0298069 0.0257624 0.0214104 0.0168327 0.0123266
 0.00774778 0.0125267 0.0187435 0.0263055 0.0349456 0.044102 0.0528774 0.0602399 0.0653884 0.068011 0.0682635 0.0665683 0.0634239 0.0593071 0.0546325 0.0497333 0.0448539 0.0401522 0.0356992 0.0314723 0.0273643 0.0232344 0.0190018 0.0147357 0.0106698
 0.00785436 0.0127212 0.0190754 0.0268344 0.0357277 0.0451695 0.0542197 0.0617976 0.067066 0.0696965 0.0698461 0.0679453 0.0645045 0.0600167 0.0549199 0.0495738 0.0442471 0.0391158 0.0342673 0.0297039 0.0253575 0.0211332 0.0169812 0.0129635 0.0092621
 0.00802086 0.012994 0.0194909 0.02743 0.036537 0.0462133 0.0554932 0.0632606 0.068641 0.0712779 0.0713152 0.0691896 0.0654332 0.0605691 0.055065 0.0493041 0.0435724 0.03806 0.0328701 0.0280273 0.0234949 0.0192127 0.0151536 0.0113713 0.00800265
 0.00834693 0.0135005 0.0202089 0.0283724 0.0376971 0.0475629 0.0569801 0.064808 0.0701562 0.0726656 0.0724907 0.0700846 0.065997 0.0607699 0.0548904 0.0487609 0.042683 0.0368587 0.0314027 0.0263559 0.0217054 0.0174169 0.0134779 0.0099319 0.00687543
 0.00847223 0.0137093 0.0205321 0.0288403 0.0383319 0.048367 0.0579265 0.0658412 0.0712044 0.0736599 0.0733769 0.0708241 0.0665594 0.0611254 0.0550089 0.0486161 0.0422596 0.0361584 0.0304482 0.0251939 0.0204085 0.0160813 0.0122116 0.00883333 0.00600969
 0.00839773 0.0136065 0.0204126 0.0287297 0.0382669 0.0483892 0.058074 0.0661405 0.0716629 0.0742608 0.07408 0.0715728 0.0672916 0.0617815 0.0555351 0.048965 0.0423916 0.0360475 0.0300889 0.0246085 0.0196498 0.0152285 0.0113584 0.0080674 0.00539251
 0.00859186 0.013897 0.0208031 0.0292081 0.0388098 0.04897 0.0586681 0.0667254 0.0722166 0.0747603 0.0745022 0.0718968 0.0675015 0.0618679 0.0554943 0.0487962 0.0420933 0.0356168 0.0295263 0.0239258 0.0188787 0.0144223 0.0105839 0.00738917 0.00485473
 0.00874109 0.0141137 0.021081 0.0295236 0.0391281 0.0492552 0.0588935 0.06688 0.0723076 0.0748115 0.0745471 0.0719659 0.0676093 0.0620067 0.0556368 0.0489049 0.0421308 0.0355531 0.0293431 0.0236212 0.0184703 0.0139482 0.0100964 0.00694212 0.00448883
 0.00879272 0.0141963 0.0212017 0.0296854 0.039326 0.0494721 0.0590992 0.0670373 0.0723857 0.0748012 0.074468 0.0718607 0.0675271 0.0619838 0.0556839 0.0490045 0.042245 0.0356364 0.0293559 0.0235398 0.0182929 0.0136956 0.00980621 0.0066573 0.00424508
 0.00880162 0.0142156 0.0212399 0.0297533 0.0394339 0.0496255 0.0592934 0.0672544 0.0725965 0.0749714 0.0745684 0.0718784 0.0674718 0.0618855 0.0555807 0.0489266 0.0422024 0.0356164 0.0293309 0.023481 0.0181831 0.0135359 0.00961533 0.00646339 0.00407459
 0.00891056 0.0143693 0.0214282 0.0299534 0.0396183 0.0497741 0.0594018 0.0673337 0.0726627 0.0750342 0.0746239 0.071911 0.0674632 0.0618259 0.0554758 0.0487957 0.0420691 0.0354968 0.029227 0.0233821 0.018075 0.013411 0.00947751 0.00632608 0.00395356
 0.00908953 0.0146432 0.0218072 0.0304316 0.0401713 0.0503579 0.0599554 0.0677885 0.0729608 0.0751468 0.0745598 0.071707 0.0671653 0.0614731 0.0550949 0.0484061 0.0416885 0.0351424 0.0289116 0.0231104 0.0178435 0.0132127 0.00930748 0.00618384 0.00384119
 0.00892403 0.0144031 0.0214999 0.0300835 0.0398216 0.0500472 0.0597163 0.0676402 0.0729086 0.0751845 0.0746732 0.0718797 0.0673821 0.0617205 0.0553585 0.0486689 0.0419324 0.0353527 0.0290798 0.0232341 0.0179245 0.0132552 0.00931833 0.00617256 0.00381862
 0.00892853 0.0144129 0.0215197 0.0301207 0.0398859 0.0501493 0.0598644 0.0678352 0.0731388 0.0754235 0.0748837 0.0720242 0.0674359 0.0616802 0.0552412 0.0485033 0.0417477 0.0351704 0.0289121 0.023086 0.0177967 0.0131469 0.00922858 0.00610057 0.00376371
 0.00892138 0.014398 0.0214917 0.0300738 0.0398166 0.0500611 0.0597704 0.0677577 0.0731036 0.0754507 0.0749791 0.0721748 0.067613 0.061848 0.0553694 0.048576 0.0417657 0.0351466 0.0288632 0.0230263 0.0177357 0.0130899 0.00917821 0.0060584 0.00373059
 0.00890506 0.0143801 0.0214801 0.0300798 0.0398504 0.0501252 0.0598558 0.0678464 0.0731768 0.0754985 0.0750047 0.0721908 0.0676322 0.0618748 0.055397 0.0485912 0.0417563 0.0351081 0.0288003 0.0229494 0.0176564 0.0130171 0.00911703 0.00601068 0.00369593
 0.00887123 0.014313 0.0213582 0.0298791 0.0395547 0.0497398 0.0594168 0.067416 0.0728245 0.0752775 0.0749377 0.0722704 0.0678321 0.0621615 0.0557358 0.0489478 0.0420987 0.0354099 0.0290449 0.0231318 0.0177816 0.013096 0.00916218 0.00603345 0.00370537
 0.00871096 0.0140733 0.0210354 0.0294815 0.0390978 0.0492397 0.0588892 0.0668815 0.072318 0.0748506 0.0746507 0.0721742 0.06795 0.0624801 0.0562107 0.0495173 0.042699 0.0359858 0.0295557 0.0235535 0.0181064 0.0133293 0.00931828 0.00613035 0.00376082
 0.00860563 0.0139218 0.0208442 0.0292698 0.0388922 0.0490655 0.0587613 0.0667997 0.0722672 0.074807 0.0745931 0.0720974 0.0678707 0.0624322 0.0562287 0.04962 0.0428812 0.0362219 0.0298105 0.023794 0.0183093 0.0134841 0.00942544 0.00619781 0.00379936
 0.00838514 0.0135777 0.020355 0.0286297 0.0381178 0.0482021 0.0578859 0.0660131 0.0716704 0.0744714 0.0745394 0.0722956 0.0682594 0.0629443 0.0568109 0.0502376 0.0435116 0.0368442 0.0303997 0.0243224 0.0187534 0.0138312 0.00967635 0.00636475 0.00390118
 0.008197 0.0132872 0.0199465 0.0280993 0.0374741 0.0474671 0.0570981 0.0652299 0.070965 0.0739218 0.0742119 0.0722285 0.0684528 0.0633611 0.0573893 0.0509095 0.0442179 0.0375404 0.0310533 0.024908 0.0192508 0.0142278 0.00997034 0.00656563 0.00402689
 0.0079769 0.0129389 0.0194411 0.0274192 0.0366195 0.0464642 0.0560059 0.0641384 0.06998 0.0731426 0.0737128 0.0720512 0.0686059 0.0638221 0.0581066 0.0518089 0.0452142 0.0385513 0.0320104 0.0257616 0.0199698 0.0147979 0.0103931 0.00685647 0.00421095
 0.00803338 0.0129845 0.0194245 0.0272652 0.0362493 0.045828 0.0551111 0.0630569 0.0688305 0.0720593 0.0728169 0.0714326 0.0683163 0.0638744 0.0584782 0.0524472 0.046044 0.039485 0.0329606 0.0266525 0.0207457 0.0154272 0.0108672 0.00718687 0.0044226
 0.00884958 0.0141576 0.0209021 0.0288928 0.0378031 0.0470755 0.0558662 0.0632113 0.0683649 0.0710435 0.0713985 0.069809 0.0666932 0.062426 0.0573223 0.0516385 0.0455807 0.0393222 0.0330258 0.0268625 0.0210217 0.0157062 0.0111082 0.00737068 0.00454803
 0.00955154 0.0152764 0.0225349 0.0310894 0.040527 0.0501576 0.0589818 0.065918 0.0702165 0.0717333 0.0708548 0.0681952 0.06433 0.0596862 0.0545456 0.0490834 0.0434083 0.0376023 0.0317549 0.0259872 0.0204622 0.0153764 0.0109307 0.00728475 0.00451141
 0.0094516 0.0152336 0.0226914 0.0316507 0.0417071 0.0520897 0.0616328 0.0690541 0.0734369 0.0745597 0.0728445 0.069048 0.0639587 0.0582276 0.0523069 0.0464461 0.0407325 0.0351609 0.0297093 0.0243957 0.019306 0.0145904 0.0104308 0.00698776 0.00434719
 0.00909429 0.0146966 0.0219731 0.0308006 0.0408401 0.0513922 0.0613472 0.0694245 0.0746165 0.0765148 0.0753153 0.0716018 0.0661193 0.0596225 0.0527688 0.0460342 0.0396778 0.0337704 0.028271 0.0231167 0.0182929 0.0138635 0.00995447 0.00670165 0.00418951
 0.00891411 0.014389 0.0214855 0.0300824 0.0398644 0.0501882 0.06003 0.0682016 0.073755 0.0762725 0.0758544 0.0729162 0.0680084 0.0617329 0.0546981 0.0474579 0.0404419 0.0339104 0.0279604 0.0225789 0.0177217 0.0133806 0.00960654 0.00648212 0.00406671
 0.00880105 0.014198 0.0211839 0.0296326 0.0392294 0.0493434 0.0589805 0.0670003 0.0725152 0.0751672 0.0750938 0.0726983 0.0684515 0.0628155 0.0562406 0.0491661 0.0420017 0.0350909 0.0286746 0.0228787 0.0177414 0.0132658 0.00946499 0.00636897 0.00399559
 0.00887329 0.0142903 0.0212751 0.029685 0.0391948 0.0491745 0.0586428 0.0664796 0.071823 0.0743468 0.0742289 0.0719152 0.0679031 0.0626417 0.056514 0.0498495 0.0429462 0.0360847 0.0295216 0.0234649 0.0180555 0.0133724 0.00945464 0.00631713 0.00394547
 0.00889357 0.0143309 0.0213489 0.0298038 0.0393611 0.0493699 0.0588218 0.0665753 0.0717667 0.0740934 0.0737762 0.0713113 0.067241 0.062044 0.0561056 0.0497211 0.043118 0.0364929 0.0300403 0.0239573 0.0184261 0.0135913 0.0095472 0.00633286 0.00392937
 0.00880536 0.0142042 0.0211898 0.0296305 0.0392008 0.0492521 0.0587696 0.0665965 0.0718467 0.0741932 0.0738407 0.0712885 0.067106 0.0618152 0.0558454 0.0495159 0.0430464 0.036592 0.0302888 0.0242859 0.0187502 0.0138473 0.00971135 0.00641661 0.00396074
 0.00880139 0.0141865 0.0211434 0.0295372 0.039047 0.0490401 0.0585248 0.0663646 0.071678 0.0741222 0.0738699 0.0713868 0.0672209 0.0618961 0.0558658 0.0494864 0.0430092 0.0365989 0.0303737 0.024447 0.0189531 0.014045 0.0098678 0.00651866 0.00401544
 0.00884995 0.0142582 0.021237 0.0296445 0.0391522 0.0491213 0.0585577 0.0663298 0.0715712 0.0739604 0.073689 0.0712267 0.0671081 0.0618317 0.0558302 0.0494555 0.0429721 0.036565 0.0303648 0.0244802 0.019028 0.0141433 0.0099643 0.00659447 0.00406422
 0.00877379 0.0141504 0.021104 0.0295021 0.0390203 0.0490157 0.0584836 0.0662805 0.0715325 0.0739186 0.0736385 0.0711746 0.0670713 0.0618292 0.0558717 0.0495365 0.0430772 0.0366784 0.0304784 0.0245942 0.0191438 0.0142575 0.0100677 0.00667742 0.00412218
 0.00867256 0.014004 0.0209182 0.0292951 0.0388198 0.0488517 0.0583816 0.0662554 0.0715841 0.0740299 0.0737793 0.0713104 0.0671765 0.0618951 0.0559071 0.0495589 0.0431026 0.0367151 0.0305275 0.0246531 0.0192092 0.0143252 0.010132 0.00673228 0.00416336
 0.00860981 0.0139089 0.0207884 0.0291349 0.0386409 0.0486736 0.0582302 0.0661591 0.0715659 0.0740982 0.0739222 0.071498 0.0673699 0.0620591 0.0560208 0.0496197 0.0431231 0.0367145 0.0305232 0.0246563 0.0192237 0.0143494 0.0101614 0.00676134 0.00418766
 0.00866416 0.0139744 0.0208453 0.0291519 0.0385853 0.0485264 0.0579988 0.065879 0.0712899 0.0738796 0.073799 0.0714843 0.0674548 0.0622122 0.0562028 0.0497947 0.043268 0.0368221 0.030599 0.0247113 0.0192679 0.0143887 0.010197 0.00679196 0.00421169
 0.00867537 0.0139954 0.0208805 0.0292035 0.0386481 0.0485828 0.0580184 0.0658274 0.0711459 0.0736507 0.0735258 0.0712272 0.0672704 0.0621335 0.0562302 0.0499024 0.0434176 0.0369781 0.0307381 0.0248239 0.0193549 0.0144548 0.0102472 0.00682945 0.0042384
 0.00875143 0.0141261 0.0210897 0.0295156 0.0390796 0.04913 0.0586457 0.0664648 0.0717005 0.0740301 0.0736643 0.0711059 0.0669228 0.0616335 0.0556677 0.0493557 0.0429365 0.0365811 0.0304222 0.0245776 0.0191664 0.0143155 0.0101498 0.00676631 0.0042011
 0.00863618 0.0139398 0.0208134 0.0291382 0.0386069 0.0485952 0.0581144 0.0660255 0.071438 0.0739934 0.0738462 0.0714475 0.0673395 0.0620469 0.0560294 0.0496523 0.0431791 0.036788 0.0306058 0.0247402 0.0193048 0.014426 0.010232 0.00682329 0.00423789
 0.00873244 0.0140662 0.0209475 0.0292392 0.0386259 0.0484921 0.0578748 0.06567 0.0710203 0.0735884 0.0735307 0.0712771 0.0673308 0.0621743 0.0562389 0.0498859 0.0433952 0.0369689 0.0307517 0.0248587 0.019402 0.0145043 0.0102921 0.00686628 0.00426624
 0.00870552 0.0140414 0.0209434 0.0292798 0.0387275 0.0486472 0.0580422 0.0657835 0.0710155 0.0734348 0.0732496 0.0709355 0.0670138 0.0619528 0.0561459 0.0499128 0.0435045 0.0371158 0.0309007 0.0249902 0.0195094 0.014588 0.0103545 0.00691038 0.00429528
 0.00860667 0.0138943 0.0207486 0.0290499 0.0384881 0.0484334 0.0578924 0.065727 0.0710583 0.0735501 0.073385 0.0710365 0.0670519 0.0619382 0.0561185 0.0499169 0.043566 0.0372331 0.0310522 0.0251483 0.0196525 0.0147047 0.0104419 0.00697115 0.00433448
 0.00836943 0.0135136 0.0201868 0.0282812 0.0375102 0.0472834 0.0566592 0.0645476 0.07009 0.0729274 0.0731806 0.0712445 0.0675982 0.0627121 0.0570094 0.05084 0.0444686 0.0380847 0.0318307 0.0258327 0.0202248 0.0151552 0.0107736 0.00719806 0.00447801
 0.00835656 0.0135132 0.0202218 0.0283796 0.03769 0.0475334 0.0569285 0.0647559 0.0701593 0.072819 0.0729143 0.0708882 0.0672365 0.062413 0.0568059 0.0507326 0.0444403 0.0381154 0.0319034 0.0259326 0.0203365 0.0152634 0.0108661 0.00726849 0.00452596
 0.00799083 0.0129971 0.0195917 0.0277214 0.0371191 0.0471578 0.0568147 0.0649106 0.0705299 0.0733088 0.0734098 0.0712937 0.0675033 0.0625478 0.0568557 0.0507549 0.0444779 0.0381872 0.0320083 0.0260588 0.020469 0.0153881 0.010972 0.00734971 0.00458212
#obs surv len freq
 0.00497087 0.00814169 0.012383 0.0177079 0.0239899 0.0308634 0.0377031 0.043786 0.0485621 0.0518308 0.0537105 0.0544866 0.0544785 0.0539829 0.05326 0.052523 0.0519166 0.0514753 0.0510606 0.0503034 0.0486213 0.0453837 0.0402137 0.0332801 0.025365
 0.00518721 0.00849594 0.0129209 0.0184739 0.0250185 0.0321661 0.0392545 0.0455185 0.0503751 0.0536087 0.0553407 0.0558686 0.0555266 0.0546262 0.0534426 0.052208 0.0510924 0.0501631 0.0493212 0.0482401 0.0463779 0.0431322 0.0381305 0.0315123 0.0239983
 0.00541208 0.00886476 0.0134822 0.0192752 0.0260979 0.0335381 0.0408952 0.04736 0.0523142 0.0555258 0.057118 0.0574007 0.0567241 0.0554152 0.0537631 0.0520135 0.0503531 0.0488759 0.0475229 0.0460219 0.0438908 0.0405768 0.035725 0.0294461 0.0223877
 0.00564161 0.00924157 0.0140562 0.0200957 0.0272045 0.0349462 0.042581 0.0492546 0.0543129 0.0575076 0.058964 0.0590052 0.0579977 0.0562842 0.0541669 0.0519025 0.0496895 0.0476414 0.0457346 0.043753 0.0412856 0.037846 0.0331127 0.0271743 0.0206005
 0.00588416 0.00963751 0.0146553 0.0209456 0.0283423 0.0363847 0.044294 0.0511713 0.0563275 0.0594986 0.0608133 0.0606092 0.0592707 0.0571571 0.0545841 0.0518174 0.0490638 0.0464501 0.043982 0.0414963 0.0386558 0.0350504 0.0304043 0.0247934 0.0187111
 0.0061301 0.0100422 0.0152731 0.0218299 0.0295344 0.0378967 0.0460921 0.053171 0.0584067 0.0615231 0.0626593 0.0621755 0.0604802 0.0579531 0.0549242 0.0516678 0.0483952 0.0452411 0.0422331 0.0392537 0.036037 0.032251 0.0276736 0.0223759 0.01678
 0.00638461 0.0104567 0.0158985 0.0227144 0.0307148 0.0393844 0.0478576 0.0551373 0.0604585 0.0635271 0.0644861 0.0637146 0.0616478 0.0586921 0.0551998 0.0514589 0.047687 0.0440237 0.0405122 0.0370724 0.0335009 0.0295402 0.0250222 0.0200192 0.014889
 0.00663243 0.0108633 0.0165173 0.0235964 0.0318984 0.0408783 0.0496249 0.0570908 0.0624745 0.0654705 0.066233 0.0651639 0.0627236 0.0593425 0.0553933 0.0511797 0.0469293 0.0427895 0.0388168 0.0349619 0.0310746 0.0269624 0.0225069 0.0177833 0.0130923
 0.00682841 0.0111907 0.0170263 0.0243396 0.0329198 0.0421968 0.0512164 0.058882 0.0643531 0.0673063 0.0679006 0.0665573 0.063763 0.0599746 0.0555883 0.0509249 0.0462237 0.0416409 0.037247 0.0330199 0.0288545 0.0246134 0.0202204 0.0157524 0.0114596
 0.00705959 0.0115646 0.0175855 0.025123 0.0339556 0.0434915 0.0527428 0.060573 0.0661084 0.0690089 0.0694347 0.067822 0.0646805 0.0604937 0.0556834 0.0505908 0.0454689 0.0404838 0.0357181 0.0311723 0.0267787 0.022445 0.0181287 0.0139059 0.00998075
 0.0072673 0.0119086 0.0181143 0.0258839 0.0349833 0.0447907 0.0542724 0.0622441 0.0678005 0.0705975 0.0708131 0.0689109 0.0654268 0.0608654 0.0556658 0.0501836 0.0446838 0.0393431 0.0342566 0.0294451 0.0248719 0.0204805 0.0162538 0.0122638 0.00867309
 0.0074454 0.0121994 0.0185545 0.0265091 0.0358219 0.0458533 0.0555396 0.0636602 0.069277 0.0720274 0.0720886 0.0699393 0.0661407 0.0612268 0.0556624 0.0498217 0.0439811 0.0383256 0.0329607 0.0279246 0.0232061 0.0187774 0.0146396 0.0108584 0.0075593
 0.00753097 0.0123426 0.0187782 0.0268381 0.0362795 0.0464551 0.0562863 0.0645337 0.0702416 0.0730333 0.0730762 0.0708421 0.0668899 0.0617591 0.0559281 0.0497908 0.0436445 0.0376933 0.0320607 0.0268047 0.0219376 0.0174553 0.0133728 0.00974881 0.00667698
 0.00761207 0.0124671 0.0189522 0.0270642 0.0365586 0.0467888 0.0566781 0.0649868 0.0707559 0.0736017 0.0736817 0.0714561 0.0674722 0.06226 0.0562935 0.04997 0.0435982 0.0374011 0.0315258 0.0260571 0.0210344 0.0164776 0.0124145 0.00889786 0.00599477
 0.00765839 0.0125406 0.0190594 0.027209 0.0367416 0.0470055 0.0569191 0.0652403 0.0710136 0.0738638 0.0739568 0.0717547 0.0677969 0.0625968 0.0566097 0.0502185 0.0437273 0.0373662 0.031301 0.0256439 0.0204656 0.0158141 0.0117339 0.00827607 0.00548715
 0.00768873 0.0125827 0.0191095 0.0272601 0.0367859 0.0470392 0.0569451 0.0652681 0.0710557 0.0739318 0.0740598 0.0718992 0.0679866 0.0628296 0.0568728 0.0504847 0.0439556 0.0375092 0.0313171 0.0255105 0.0201888 0.0154302 0.0113007 0.00785658 0.00513171
 0.00777979 0.0127183 0.0192902 0.0274769 0.0370214 0.0472707 0.0571478 0.0654198 0.0711419 0.0739512 0.0740256 0.0718353 0.0679202 0.0627837 0.0568606 0.0505059 0.0439948 0.0375377 0.0312997 0.025417 0.0200065 0.0151708 0.0109982 0.00755514 0.00487055
 0.00781303 0.0127756 0.0193818 0.0276125 0.0372059 0.0474981 0.0573976 0.0656585 0.0713324 0.0740652 0.0740526 0.0717852 0.0678175 0.0626594 0.0567432 0.0504142 0.0439339 0.0374975 0.0312585 0.0253491 0.0198932 0.0150089 0.0108027 0.00735324 0.00469018
 0.00784254 0.0128173 0.0194335 0.0276694 0.037264 0.0475574 0.0574639 0.0657396 0.0714318 0.0741758 0.0741569 0.0718616 0.0678503 0.0626461 0.0566949 0.0503498 0.043871 0.0374449 0.0312132 0.0252989 0.0198237 0.0149125 0.0106834 0.00722546 0.004572
 0.007865 0.0128504 0.0194766 0.0277194 0.0373148 0.0476017 0.0574949 0.065754 0.0714318 0.0741702 0.0741571 0.0718756 0.0678776 0.0626775 0.0567187 0.0503585 0.0438647 0.0374286 0.031191 0.0252704 0.0197843 0.0148576 0.0106136 0.00714814 0.00449791
 0.00789842 0.0129004 0.0195435 0.0278002 0.0374037 0.0476907 0.0575746 0.0658147 0.0714657 0.0741735 0.0741329 0.0718329 0.0678289 0.0626334 0.0566838 0.0503311 0.0438399 0.0374019 0.0311604 0.0252351 0.0197433 0.0148103 0.0105608 0.0070933 0.00444684
 0.0079133 0.0129246 0.01958 0.027851 0.0374691 0.047768 0.0576568 0.0658915 0.0715257 0.074208 0.0741379 0.0718106 0.0677861 0.06258 0.0566295 0.0502829 0.0438002 0.0373693 0.0311314 0.0252061 0.0197118 0.0147753 0.0105232 0.00705551 0.00441231
 0.00786983 0.0128559 0.0194807 0.0277188 0.0373063 0.0475837 0.0574682 0.0657218 0.0713987 0.0741408 0.0741362 0.0718685 0.0678898 0.0627131 0.0567773 0.0504338 0.0439461 0.0375039 0.0312492 0.0253027 0.0197845 0.0148238 0.0105498 0.00706528 0.0044113
 0.00787881 0.0128616 0.0194728 0.0276826 0.0372269 0.0474527 0.0572894 0.0655129 0.0711875 0.0739577 0.0740067 0.0718081 0.0679017 0.0627891 0.0569011 0.0505864 0.0441093 0.0376633 0.0313943 0.0254265 0.0198829 0.0148955 0.0105968 0.00709193 0.00442342
 0.00787778 0.0128582 0.019464 0.0276634 0.0371897 0.0473882 0.0571886 0.0653706 0.071007 0.0737544 0.0738071 0.0716436 0.0677999 0.0627654 0.0569558 0.0507059 0.0442719 0.0378452 0.0315747 0.0255895 0.0200188 0.0150002 0.0106707 0.00713916 0.00445034
 0.00787705 0.0128557 0.0194579 0.0276507 0.0371672 0.0473528 0.0571375 0.0653016 0.0709183 0.0736457 0.0736818 0.0715115 0.0676779 0.0626745 0.0569145 0.0507241 0.0443472 0.0379641 0.0317172 0.0257352 0.020151 0.0151085 0.0107513 0.00719353 0.00448337
 0.00784419 0.0128048 0.0193859 0.0275569 0.0370531 0.0472226 0.0569985 0.0651638 0.0707924 0.0735407 0.0736028 0.0714598 0.0676524 0.0626751 0.0569441 0.0507872 0.0444466 0.0380971 0.0318737 0.0258996 0.0203066 0.0152416 0.0108546 0.00726622 0.00452964
 0.00783547 0.0127846 0.0193446 0.0274827 0.0369357 0.0470589 0.0567972 0.0649451 0.0705833 0.0733661 0.0734801 0.0713955 0.0676445 0.0627158 0.0570237 0.0508975 0.0445817 0.0382522 0.0320424 0.0260723 0.0204709 0.0153855 0.0109697 0.00734986 0.00458464
 0.00778843 0.0127116 0.0192411 0.0273461 0.0367652 0.0468553 0.0565643 0.0646923 0.0703271 0.0731304 0.0732921 0.0712795 0.0676148 0.0627732 0.0571567 0.0510871 0.0448072 0.0384951 0.0322877 0.0263074 0.0206844 0.0155679 0.0111144 0.00745552 0.00465499
 0.00777098 0.012679 0.0191844 0.027255 0.0366312 0.0466762 0.0563477 0.0644547 0.0700898 0.0729136 0.0731118 0.071148 0.0675426 0.0627686 0.0572231 0.0512198 0.0449935 0.0387167 0.0325247 0.0265411 0.0208995 0.0157528 0.0112622 0.00756449 0.00472846
 0.00775217 0.0126491 0.0191403 0.0271936 0.0365488 0.0465691 0.0562126 0.064292 0.0699055 0.0727203 0.0729276 0.0709925 0.0674326 0.0627159 0.0572332 0.0512929 0.0451237 0.0388922 0.0327288 0.0267547 0.021104 0.015933 0.0114087 0.00767376 0.00480294
 0.00931115 0.0148286 0.0217653 0.0298826 0.0388262 0.0480419 0.056711 0.0638935 0.0688505 0.0712906 0.0713574 0.069439 0.0659866 0.0614244 0.0561181 0.0503606 0.0443709 0.038308 0.0322959 0.026451 0.0209043 0.0158115 0.0113414 0.00764071 0.00478918
 0.00929589 0.015092 0.0226694 0.0318758 0.0422471 0.0528552 0.06234 0.0693156 0.0729611 0.07334 0.0711986 0.0674675 0.0628689 0.0578131 0.0524916 0.0469994 0.0414074 0.0357876 0.0302195 0.0247964 0.0196351 0.0148807 0.0106939 0.00721728 0.00453107
 0.00897218 0.0145818 0.0219529 0.031001 0.0413829 0.0523267 0.06259 0.0707449 0.0756877 0.0770188 0.0750658 0.070631 0.0646808 0.0580946 0.0515009 0.0452202 0.0393218 0.0337458 0.0284181 0.0233151 0.0184838 0.0140323 0.0101033 0.00683133 0.00429623
 0.00880213 0.014298 0.0215126 0.0303629 0.0405228 0.0512679 0.0614423 0.0697322 0.0751311 0.0772485 0.076271 0.0727182 0.0672409 0.060536 0.053289 0.0460832 0.0393041 0.0331102 0.027487 0.0223505 0.0176423 0.013377 0.0096364 0.00652424 0.00410964
 0.00873646 0.0141854 0.0213317 0.0300878 0.0401267 0.0507299 0.0607593 0.0689345 0.0742994 0.076526 0.0758543 0.0728073 0.0679508 0.0618085 0.0548712 0.0476086 0.040443 0.0336972 0.0275541 0.0220637 0.0171997 0.0129329 0.00927457 0.00626848 0.00394844
 0.00868294 0.0140988 0.0212016 0.0299041 0.0398797 0.0504118 0.0603667 0.0684709 0.0737792 0.0759814 0.0753448 0.0724267 0.0678171 0.062026 0.0554732 0.0485132 0.0414616 0.0346041 0.0281806 0.0223573 0.0172189 0.0127922 0.00908358 0.00609771 0.00382575
 0.00868089 0.0140894 0.0211762 0.0298505 0.039785 0.0502663 0.0601672 0.0682214 0.0734882 0.0756599 0.0750078 0.0721 0.067545 0.0618725 0.0555066 0.048774 0.0419288 0.0351867 0.0287473 0.022792 0.0174668 0.0128694 0.00905011 0.00601943 0.00374843
 0.00867319 0.0140776 0.0211593 0.0298272 0.0397522 0.0502185 0.0600966 0.0681195 0.0733494 0.0754841 0.0748022 0.0718783 0.0673278 0.0616889 0.0553942 0.0487725 0.0420637 0.0354493 0.0290877 0.0231342 0.0177405 0.0130385 0.00912009 0.0060227 0.0037219
 0.00865451 0.0140507 0.0211253 0.0297893 0.0397146 0.050185 0.060068 0.0680933 0.0733194 0.0754418 0.0747391 0.0717896 0.0672157 0.0615647 0.055279 0.0486945 0.042051 0.035519 0.0292343 0.0233272 0.017935 0.0131944 0.009218 0.00606667 0.0037301
 0.00865135 0.0140433 0.0211103 0.0297626 0.0396735 0.0501301 0.0600051 0.0680317 0.0732686 0.0754071 0.0747184 0.0717748 0.0671963 0.0615335 0.0552365 0.0486507 0.0420236 0.0355267 0.0292879 0.0234225 0.0180527 0.0133082 0.00930663 0.0061218 0.00375599
 0.00864561 0.0140375 0.0211078 0.0297679 0.0396903 0.0501581 0.0600387 0.0680615 0.0732851 0.0754053 0.0746992 0.0717429 0.0671564 0.0614877 0.0551853 0.0485959 0.0419715 0.0354882 0.029274 0.0234388 0.018095 0.0133638 0.00936032 0.00616258 0.00378051
 0.00864653 0.0140363 0.0211014 0.0297526 0.0396636 0.0501215 0.0599984 0.068027 0.0732647 0.0754017 0.0747091 0.0717585 0.0671704 0.0614957 0.0551858 0.0485899 0.0419616 0.0354791 0.0292721 0.0234495 0.0181198 0.0133988 0.00939784 0.0061949 0.00380332
 0.00863312 0.0140189 0.0210829 0.0297379 0.0396574 0.0501252 0.0600091 0.0680383 0.0732707 0.0754005 0.0747032 0.0717525 0.0671673 0.0614952 0.0551855 0.048587 0.0419554 0.0354711 0.0292659 0.0234489 0.0181275 0.0134144 0.00941791 0.00621476 0.00381925
 0.00860638 0.0139767 0.0210222 0.0296578 0.0395603 0.0500185 0.0599048 0.0679513 0.0732141 0.0753809 0.0747186 0.0717952 0.0672278 0.0615652 0.0552586 0.0486583 0.0420208 0.0355281 0.0293141 0.0234898 0.0181632 0.0134463 0.00944604 0.00623814 0.00383685
 0.00860964 0.0139793 0.0210211 0.0296484 0.0395376 0.049979 0.0598488 0.0678834 0.0731433 0.0753179 0.0746737 0.0717746 0.0672324 0.0615909 0.0552986 0.0487053 0.0420691 0.0355735 0.0293543 0.0235242 0.0181924 0.0134711 0.00946694 0.00625511 0.00384968
 0.00860964 0.0139793 0.0210211 0.0296484 0.0395376 0.049979 0.0598488 0.0678834 0.0731433 0.0753179 0.0746737 0.0717746 0.0672324 0.0615909 0.0552986 0.0487053 0.0420691 0.0355735 0.0293543 0.0235242 0.0181924 0.0134711 0.00946694 0.00625511 0.00384968
 0.00867823 0.014089 0.021182 0.0298667 0.0398117 0.050295 0.0601775 0.0681835 0.0733704 0.0754388 0.0746751 0.071666 0.0670395 0.0613467 0.0550344 0.048446 0.0418306 0.0353649 0.0291792 0.0233832 0.0180838 0.0133921 0.00941335 0.00622161 0.00383064
 0.00849719 0.0138098 0.0207914 0.0293661 0.039221 0.049655 0.0595505 0.0676457 0.0729948 0.0752737 0.0747303 0.0719135 0.0674275 0.0618165 0.0555342 0.0489365 0.0422858 0.0357692 0.0295248 0.0236674 0.0183081 0.0135612 0.00953434 0.00630321 0.00388209
 0.00850101 0.0137969 0.0207371 0.0292369 0.0389847 0.0492963 0.0590844 0.0671205 0.0724813 0.0748464 0.0744487 0.0718098 0.0675024 0.0620435 0.0558686 0.0493283 0.0426901 0.0361522 0.0298649 0.0239535 0.0185369 0.0137349 0.00965895 0.00638715 0.0039348
 0.0085251 0.0138387 0.0208033 0.0293309 0.0391004 0.0494117 0.0591598 0.067108 0.0723447 0.0745815 0.0740922 0.0714291 0.0671718 0.0618202 0.0557781 0.0493634 0.0428208 0.0363388 0.03007 0.0241489 0.0187052 0.0138684 0.00975723 0.00645434 0.00397732
 0.00851573 0.0138259 0.0207887 0.0293186 0.0390964 0.0494225 0.0591891 0.0671516 0.0723869 0.0745955 0.0740495 0.0713139 0.0669942 0.0616159 0.0555965 0.0492476 0.0427919 0.0363925 0.0301827 0.0242897 0.0188466 0.0139916 0.0098532 0.00652219 0.00402106
 0.00818268 0.0133035 0.0200406 0.0283298 0.0378838 0.0480463 0.0577607 0.0658258 0.0713308 0.0739436 0.073866 0.0715816 0.0676301 0.0625052 0.0566258 0.0503274 0.043861 0.0374099 0.0311167 0.0251125 0.0195357 0.0145353 0.0102542 0.00679668 0.00419434
 0.00854691 0.0138434 0.0207539 0.0291748 0.0387839 0.0489022 0.0584648 0.0662786 0.0714615 0.0737325 0.0733553 0.0708639 0.0668197 0.0617056 0.0559094 0.0497316 0.043397 0.0370736 0.0308955 0.0249875 0.019483 0.0145291 0.0102713 0.00682015 0.00421488
 0.0084751 0.0137793 0.0207522 0.0293127 0.0391322 0.0494846 0.0592273 0.0670926 0.0721649 0.0741861 0.0734857 0.0706758 0.0663808 0.0611171 0.0552762 0.0491391 0.0428998 0.0366949 0.0306349 0.0248294 0.0194045 0.0145047 0.0102774 0.00683861 0.00423408
#pred catch len freq
 0.0051986 0.00818054 0.0118417 0.0160517 0.02072 0.0257823 0.0311197 0.0365138 0.0416841 0.0463611 0.050334 0.0534696 0.0557209 0.0571233 0.0577727 0.0577945 0.0573191 0.0564546 0.0552349 0.05354 0.0510413 0.0472684 0.0418484 0.0348208 0.026804
 0.00568639 0.00888007 0.0127259 0.0170486 0.0217493 0.0268052 0.032166 0.037659 0.0429861 0.0477957 0.0517727 0.0547162 0.0565855 0.057492 0.0576387 0.0572418 0.0564703 0.0554103 0.0540327 0.0521556 0.0494351 0.0454514 0.0399233 0.0329659 0.0252062
 0.00610695 0.00953572 0.0136564 0.0182622 0.0232116 0.0284316 0.0338269 0.0392102 0.0443209 0.048887 0.0526672 0.0554751 0.0572147 0.0579169 0.0577416 0.0569296 0.055722 0.0542739 0.0525853 0.0504645 0.0475519 0.0434407 0.0378945 0.0310719 0.0236008
 0.00646174 0.0100955 0.0144689 0.0193648 0.0246293 0.0301694 0.0358515 0.0414291 0.0465751 0.0509731 0.0543884 0.0567005 0.0579087 0.0581189 0.0575098 0.056295 0.0546837 0.0528289 0.0507595 0.0483227 0.0451933 0.0409942 0.035516 0.0289285 0.0218338
 0.0068181 0.0106523 0.0152668 0.0204321 0.0259847 0.0318226 0.0377978 0.0436352 0.0489636 0.0534121 0.0566937 0.058658 0.0593195 0.0588488 0.0575184 0.0556235 0.0534144 0.0510478 0.0485456 0.0457641 0.0424095 0.0381471 0.0327981 0.0265298 0.0198965
 0.00722086 0.0112706 0.0161311 0.0215512 0.0273517 0.033424 0.0396149 0.0456385 0.0511046 0.055616 0.0588541 0.0606353 0.0609478 0.0599576 0.0579659 0.0553299 0.0523769 0.0493312 0.0462604 0.0430499 0.0394344 0.0351105 0.0299196 0.0240146 0.0178884
 0.00763554 0.01191 0.0170295 0.0227193 0.0287795 0.0350849 0.0414654 0.0476172 0.0531347 0.0576134 0.0607346 0.0623149 0.0623366 0.0609545 0.0584612 0.0552208 0.0515924 0.0478562 0.0441494 0.0404274 0.0364859 0.0320664 0.0270272 0.0214948 0.0158885
 0.00801144 0.0124976 0.0178708 0.0238395 0.0301858 0.0367634 0.0433748 0.0496822 0.0552495 0.0596555 0.0625836 0.0638682 0.0635174 0.0617083 0.0587446 0.0549899 0.0508021 0.046476 0.0421894 0.0379649 0.0336762 0.0291321 0.0242213 0.0190465 0.0139491
 0.00837433 0.0130595 0.0186657 0.0248844 0.0314841 0.0383077 0.0451426 0.0516264 0.0572898 0.0616787 0.0644547 0.065451 0.0646967 0.0624069 0.0589254 0.054644 0.0499328 0.0450908 0.0403103 0.0356525 0.0310546 0.0263924 0.0215947 0.0167502 0.0121297
 0.00860344 0.0134284 0.0192143 0.0256491 0.0324917 0.0395676 0.0466367 0.0533039 0.0590714 0.0634668 0.0661433 0.0669318 0.0658661 0.0631754 0.0592283 0.0544481 0.0492335 0.0439056 0.0386766 0.0336367 0.0287682 0.0239993 0.0192939 0.0147326 0.0105273
 0.00889724 0.0138834 0.0198585 0.026497 0.0335474 0.0408271 0.0480842 0.0549023 0.0607549 0.0651408 0.0676947 0.0682462 0.0668454 0.0637492 0.0593564 0.054116 0.0484476 0.0426901 0.0370751 0.0317192 0.0266407 0.0218077 0.0172095 0.0129174 0.00909187
 0.009239 0.0144028 0.0205736 0.0274032 0.0346235 0.0420447 0.0494115 0.0563017 0.0621774 0.0665236 0.0689623 0.0693155 0.0676349 0.0641907 0.0594047 0.0537533 0.0476812 0.0415478 0.0356034 0.0299871 0.0247461 0.0198789 0.015392 0.0113457 0.00785527
 0.00934822 0.0145816 0.0208452 0.0277904 0.0351451 0.0427092 0.0502114 0.0572113 0.063157 0.0675266 0.0699403 0.0702179 0.0684069 0.0647731 0.059739 0.0537901 0.0473894 0.0409213 0.034664 0.0287868 0.0233686 0.0184354 0.014008 0.010136 0.00689706
 0.00937456 0.0146296 0.0209279 0.0279251 0.0353526 0.0430102 0.050621 0.0577338 0.0637818 0.0682267 0.0706752 0.0709395 0.0690664 0.0653241 0.0601378 0.0539948 0.0473627 0.0406372 0.034118 0.0280043 0.0224086 0.0173873 0.0129768 0.00921997 0.00616397
 0.0095282 0.0148555 0.0212244 0.0282773 0.0357395 0.0434155 0.0510395 0.0581699 0.0642404 0.068704 0.0711532 0.0713882 0.0694503 0.0656099 0.060299 0.0540115 0.0472193 0.0403218 0.0336265 0.0273492 0.0216271 0.0165424 0.012148 0.00848416 0.00557517
 0.00965326 0.0150339 0.0214464 0.028518 0.0359654 0.0435964 0.0511599 0.0582339 0.0642712 0.0687375 0.0712273 0.0715299 0.0696641 0.0658746 0.060573 0.0542442 0.0473625 0.0403376 0.0334924 0.0270622 0.021208 0.0160359 0.0116157 0.00798977 0.00516725
 0.00971321 0.0151265 0.0215759 0.0286828 0.0361563 0.0437947 0.0513382 0.0583617 0.0643255 0.068715 0.07115 0.0714399 0.0696086 0.0658876 0.0606619 0.0543876 0.047517 0.0404518 0.0335215 0.0269798 0.0210126 0.0157518 0.0112864 0.00766509 0.00488869
 0.00972803 0.0151536 0.0216222 0.028757 0.0362666 0.0439456 0.051526 0.0585713 0.0645306 0.0688829 0.0712516 0.0714611 0.0695584 0.0657963 0.0605689 0.0543238 0.0474914 0.0404487 0.033509 0.0269249 0.0208958 0.015575 0.0110716 0.00744512 0.00469444
 0.00987208 0.0153584 0.0218767 0.0290333 0.0365298 0.0441676 0.0516964 0.0586968 0.0646253 0.0689559 0.0712998 0.0714704 0.0695129 0.0656894 0.0604106 0.0541383 0.0473069 0.0402842 0.0333668 0.0267926 0.0207569 0.0154203 0.0109051 0.00728176 0.00455176
 0.00996097 0.0154934 0.0220613 0.0292627 0.0367897 0.0444353 0.0519428 0.0588925 0.0647492 0.0690032 0.0712826 0.0714096 0.0694263 0.0655844 0.0602864 0.0539938 0.0471473 0.0401204 0.0332097 0.026647 0.0206206 0.0152888 0.0107778 0.00716353 0.00445068
 0.00987577 0.015375 0.0219203 0.0291214 0.0366758 0.0443715 0.051938 0.0589393 0.0648288 0.0690937 0.0713676 0.0714832 0.0694923 0.0656513 0.0603591 0.05407 0.0472184 0.0401772 0.0332462 0.0266615 0.020614 0.0152634 0.0107377 0.00711551 0.00440288
 0.00986652 0.0153641 0.0219121 0.0291243 0.0367019 0.044435 0.0520517 0.0591088 0.0650465 0.0693353 0.0715949 0.0716554 0.0695799 0.0656461 0.0602747 0.0539332 0.0470576 0.0400139 0.0330928 0.0265231 0.0204918 0.0151572 0.0106473 0.00704113 0.00434489
 0.00987691 0.0153762 0.0219217 0.0291252 0.0366887 0.0444072 0.0520168 0.0590827 0.0650494 0.0693838 0.0716947 0.0717956 0.0697344 0.0657818 0.0603633 0.0539612 0.0470287 0.039944 0.0330013 0.0264262 0.0203998 0.0150754 0.0105779 0.00698503 0.00430209
 0.00980144 0.0152697 0.0217913 0.0289871 0.0365631 0.0443101 0.0519549 0.0590538 0.0650482 0.0694089 0.0717501 0.0718877 0.0698644 0.0659399 0.060529 0.0541091 0.0471381 0.0400055 0.0330182 0.0264103 0.0203649 0.0150335 0.0105369 0.00694954 0.00427414
