SBPRF35
8.20016
Curr Bio
568361
B35
586261
F35
0.20772
FOFL
0.200123
OFL
89086
Bzero
2.3429e+006
#pred survey bio
 3.48878e+006 3.51186e+006 3.50579e+006 3.34216e+006 3.10749e+006 2.92201e+006 2.71698e+006 2.49522e+006 2.23558e+006 1.87063e+006 1.47883e+006 1.22808e+006 1.08782e+006 984058 893408 795580 738510 699710 658245 628621 572389 531144 512689 510449 533613 555222 549528 545195 557394 577901 592262 607898 609337 580640 562492 590590 581982 579231 587869 571321 550571 532497 523851 532379 547550 580161 646836 698642 690459 694173 695678 687577 666531 588531 532987 591021 638091 594011 555661 575066 532078 494435 523658 553796 573356 542439 536113 575523 2.00572e+007 1.20949e+007 1.24166e+007 1.3142e+007 1.40648e+007 1.50015e+007 1.58428e+007 1.65425e+007 1.70956e+007 1.75182e+007 1.78338e+007 1.80661e+007 1.82356e+007 1.83588e+007 1.84483e+007 1.85135e+007 1.85612e+007 1.85962e+007 1.86221e+007 1.86413e+007 1.86557e+007 1.86665e+007 1.86747e+007 1.86808e+007 1.86856e+007 1.86892e+007 1.86919e+007 1.86941e+007 1.86957e+007 1.86969e+007 1.86979e+007 1.86987e+007 1.86993e+007 1.86997e+007 1.87001e+007 1.87003e+007 1.87006e+007 1.87007e+007 1.87009e+007 1.8701e+007 1.8701e+007 1.87011e+007 1.87011e+007 1.87012e+007 1.87012e+007 1.87012e+007 1.87012e+007 1.87013e+007 1.87013e+007 1.87013e+007 1.87013e+007 1.87013e+007 1.87013e+007 1.87013e+007 1.87013e+007 1.87013e+007 1.87013e+007 1.87013e+007 1.87013e+007 1.87013e+007 1.87013e+007 1.87013e+007 1.87013e+007 1.87013e+007 1.87013e+007 1.87013e+007 1.87013e+007 1.87013e+007 1.87013e+007 1.87013e+007 1.87013e+007 1.87013e+007 1.87013e+007 1.87013e+007 1.87013e+007 1.87013e+007 1.87013e+007 1.87013e+007 1.87013e+007 1.87013e+007 1.87013e+007 1.87013e+007 1.87013e+007 1.87013e+007 1.87013e+007 1.87013e+007 1.87013e+007 1.87013e+007 1.87013e+007 1.87013e+007 1.87013e+007 1.87013e+007 1.87013e+007 1.87013e+007 1.87013e+007 1.87013e+007 1.87013e+007 1.87013e+007 1.87013e+007 1.87013e+007 0 0 0 0 0 0 0 0 0 0 0 0 0 0 0 0 0 0 0 0 0 0 0 0 0
#obs survey bio
 3.32651e+006 3.05483e+006 4.1413e+006 3.60098e+006 3.10207e+006 3.0422e+006 2.42286e+006 2.20898e+006 1.46396e+006 1.98796e+006 1.09723e+006 1.17438e+006 1.23414e+006 844526 1.1949e+006 632709 821733 679331 740793 898454 632518 521513 565971 495216 532665 621656 631131 583182 421811 611654 457890 582175 563994 495397 546937 895273 536413 480677 570160 537727 651758 597854 510400 570301 549351 517820 667367 889336 587048 853580 628383 709217 695422 565589 485846 558083 530787 378747 548305 575821 443343 606376 474010 556888 529776 564065 492112 551031
#pred catch bio
 108558 109686 162781 214904 251890 251213 311612 307611 324504 312963 290619 263647 256249 247376 231930 205916 179720 170329 147299 136976 131821 125142 115625 101271 104738 112962 103603 94871.1 97887 95488.5 94402.5 100476 91154.1 100204 90567.1 88205 83213.8 80646.5 90754 78262.9 92175.9 92419.3 86865.3 88044.1 97420.4 95338.6 99446.6 89249.6 93570.6 91621.8 104070 101318 106633 122421 54693.4 56456.3 111047 131834 66983.2 106742 119970 73281.8 86497.6 77029.6 115859 102806 58215.2 101551 89086 92141.9 93252 97693.5 104116 110725 116585 121344 124986 127658 129558 130876 131774 132376 132777 133040 133212 133324 133396 133443 133472 133492 133504 133512 133517 133520 133522 133523 133524 133524 133525 133525 133525 133525 133525 133525 133525 133525 133525 133525 133525 133525 133525 133525 133525 133525 133525 133525 133525 133525 133525 133525 133525 133525 133525 133525 133525 133525 133525 133525 133525 133525 133525 133525 133525 133525 133525 133525 133525 133525 133525 133525 133525 133525 133525 133525 133525 133525 133525 133525 133525 133525 133525 133525 133525 133525 133525 133525 133525 133525 133525 133525 133525 133525 133525 133525 133525 133525 133525 133525 0 0 0 0 0 0 0 0 0 0 0 0 0 0 0 0 0 0 0 0 0 0 0 0 0
#obs catch bio
 0 109366 162836 214986 252378 250654 312425 307506 324437 312390 290676 264117 256908 248373 231059 206872 179675 170479 147471 136473 131777 125421 115736 101288 104885 112939 103498 94771.7 98093.3 95402.6 94357.8 100698 90803.2 100292 91018.9 88061.1 83185.6 80591.2 90914 77992.8 92321.2 92490.6 86857.1 87907.1 97557 95683.5 99674.1 88915.5 93657.1 91485.3 104213 101262 106309 123394 54456.1 56158.9 111176 133144 66398.4 106811 120683 72959 86879.1 76625.2 116203 103333 57699.3 101989
#pred cpue bio
 3.45176e+006 3.47484e+006 3.46727e+006 3.30356e+006 3.06963e+006 2.88376e+006 2.6788e+006 2.45712e+006 2.19857e+006 1.83689e+006 1.44962e+006 1.20123e+006 1.06172e+006 958404 868248 771463 714689 676315 635547 606612 552180 512058 494011 491743 514155 535146 529691 525541 537406 557278 571343 586577 588114 560726 543086 570249 561116 556648 564024 548100 528531 511176 502933 511248 525857 556921 620985 671052 663603 666979 668424 660121 639418 564265 509943 566664 614016 571622 532919 551933 510805 473749 502097 531638 551159 520768 514074 552866 1.9275e+007 1.16262e+007 1.18368e+007 1.24775e+007 1.33811e+007 1.43148e+007 1.51556e+007 1.58552e+007 1.64084e+007 1.6831e+007 1.71466e+007 1.73789e+007 1.75484e+007 1.76716e+007 1.77611e+007 1.78263e+007 1.7874e+007 1.7909e+007 1.79348e+007 1.79541e+007 1.79684e+007 1.79792e+007 1.79874e+007 1.79936e+007 1.79983e+007 1.80019e+007 1.80047e+007 1.80068e+007 1.80085e+007 1.80097e+007 1.80107e+007 1.80114e+007 1.8012e+007 1.80125e+007 1.80128e+007 1.80131e+007 1.80133e+007 1.80135e+007 1.80136e+007 1.80137e+007 1.80138e+007 1.80139e+007 1.80139e+007 1.80139e+007 1.8014e+007 1.8014e+007 1.8014e+007 1.8014e+007 1.8014e+007 1.8014e+007 1.8014e+007 1.8014e+007 1.80141e+007 1.80141e+007 1.80141e+007 1.80141e+007 1.80141e+007 1.80141e+007 1.80141e+007 1.80141e+007 1.80141e+007 1.80141e+007 1.80141e+007 1.80141e+007 1.80141e+007 1.80141e+007 1.80141e+007 1.80141e+007 1.80141e+007 1.80141e+007 1.80141e+007 1.80141e+007 1.80141e+007 1.80141e+007 1.80141e+007 1.80141e+007 1.80141e+007 1.80141e+007 1.80141e+007 1.80141e+007 1.80141e+007 1.80141e+007 1.80141e+007 1.80141e+007 1.80141e+007 1.80141e+007 1.80141e+007 1.80141e+007 1.80141e+007 1.80141e+007 1.80141e+007 1.80141e+007 1.80141e+007 1.80141e+007 1.80141e+007 1.80141e+007 1.80141e+007 1.80141e+007 1.80141e+007 1.80141e+007 0 0 0 0 0 0 0 0 0 0 0 0 0 0 0 0 0 0 0 0 0 0 0 0 0
#obs cpue bio
 3.13456e+006 3.96535e+006 3.49939e+006 3.10053e+006 2.4247e+006 3.40892e+006 2.44876e+006 2.93363e+006 3.70568e+006 1.99375e+006 1.74452e+006 1.06835e+006 890181 993947 973398 628410 755853 694857 505180 583584 441545 450030 470289 465393 486380 584350 464411 471160 604160 629500 691039 556811 866352 592943 316008 667296 547586 630652 608150 651117 403121 454882 502797 534743 472713 435980 698142 769506 610053 584042 692276 635948 774162 480952 471619 736415 892117 593986 667903 632251 498677 403592 455987 700307 582034 413133 672854 539329
#pred surv len freq
 0.00419061 0.00691714 0.0106219 0.015354 0.0210316 0.0273472 0.0337533 0.0396147 0.0444542 0.0481041 0.0506688 0.0523765 0.0534534 0.0540727 0.0543555 0.0543922 0.0542656 0.0540504 0.0537555 0.0532103 0.051967 0.0493549 0.0447659 0.0380672 0.0298553
 0.00453768 0.00738105 0.0111374 0.0158055 0.0212939 0.0273456 0.033504 0.0392165 0.0440332 0.0477498 0.0504033 0.0521724 0.0532802 0.0539372 0.0543098 0.0545072 0.0545846 0.0545471 0.0543196 0.053674 0.052168 0.0492071 0.0442992 0.0374108 0.029175
 0.00457654 0.00752227 0.0114859 0.0164847 0.0223886 0.0288259 0.0351832 0.0407889 0.0451914 0.0483142 0.0503797 0.0517086 0.052568 0.0531333 0.0535159 0.0537895 0.0539912 0.0540984 0.0539838 0.0533597 0.0517554 0.0486082 0.0435104 0.0365199 0.0283166
 0.00472039 0.00772769 0.0117493 0.0168028 0.0227814 0.0293576 0.0359543 0.041884 0.0466002 0.0498793 0.0518254 0.0527483 0.0530259 0.0530027 0.0529279 0.0529326 0.0530377 0.053165 0.0531192 0.0525482 0.0509393 0.0477306 0.0425607 0.0355524 0.0274271
 0.00493308 0.0080749 0.0122718 0.0175326 0.0237288 0.0304981 0.0372266 0.0432094 0.047916 0.0511569 0.0530472 0.0538572 0.0538959 0.0534703 0.05287 0.0523321 0.0519907 0.0518301 0.0516494 0.0510454 0.049449 0.0462698 0.0411565 0.0342622 0.0263261
 0.00513212 0.00840737 0.0127887 0.0182873 0.0247655 0.0318332 0.0388282 0.0449891 0.0497418 0.0528859 0.0545615 0.0550832 0.0547935 0.054002 0.0529784 0.0519519 0.0510906 0.0504489 0.0498963 0.0490655 0.0473839 0.04424 0.0392657 0.0326039 0.0249756
 0.0053167 0.00870721 0.0132405 0.0189277 0.0256277 0.0329391 0.0401782 0.0465522 0.0514519 0.0546452 0.0562512 0.0565796 0.0559875 0.0548113 0.0533461 0.0518361 0.0504601 0.0492979 0.0482676 0.0470628 0.0451616 0.0419764 0.0371343 0.0307491 0.023492
 0.00552267 0.00905507 0.0137877 0.0197343 0.0267424 0.0343783 0.0419069 0.0484818 0.0534595 0.0566026 0.058046 0.0581198 0.0571953 0.0556181 0.0536922 0.0516736 0.0497558 0.0480402 0.0464809 0.0448271 0.0426229 0.0393369 0.034618 0.0285543 0.0217478
 0.00569899 0.00934704 0.0142381 0.0203893 0.027646 0.035561 0.0433711 0.0501904 0.0553341 0.0585323 0.059904 0.0597818 0.058555 0.0565926 0.0542192 0.0517037 0.0492495 0.0469729 0.0448595 0.0427119 0.0401453 0.0366979 0.0320573 0.0262961 0.0199449
 0.00587936 0.00965504 0.0147288 0.0211229 0.0286745 0.0369084 0.0450144 0.0520554 0.0573102 0.060497 0.0617418 0.0613921 0.0598516 0.0575031 0.0546847 0.0516777 0.0486961 0.0458689 0.0432064 0.0405583 0.0376107 0.0339778 0.0293972 0.0239352 0.0180525
 0.00615848 0.010102 0.0153896 0.0220377 0.0298728 0.0383995 0.0467748 0.05402 0.0593743 0.0625307 0.0636107 0.0629769 0.0610607 0.0582757 0.0549846 0.0514827 0.0479887 0.0446368 0.041454 0.0383302 0.0350166 0.0312035 0.0266832 0.0215218 0.016114
 0.00638578 0.0104978 0.0160327 0.023014 0.0312527 0.040203 0.048943 0.0564126 0.0618016 0.0648022 0.0655725 0.0645242 0.0621315 0.0588392 0.055031 0.0510148 0.0470149 0.0431677 0.03951 0.0359614 0.0323289 0.028372 0.0239356 0.0190882 0.0141626
 0.00654728 0.0107718 0.016468 0.0236684 0.0321864 0.0414652 0.0505512 0.0583337 0.0639423 0.0670136 0.0676724 0.0663307 0.063498 0.0596755 0.0553029 0.0507282 0.0461953 0.0418476 0.0377299 0.033784 0.0298606 0.0257759 0.0214187 0.0168588 0.0123736
 0.00672523 0.0110669 0.0169233 0.0243283 0.0330891 0.0426303 0.0519677 0.0599558 0.0656953 0.0688061 0.0694023 0.0678878 0.0647674 0.0605498 0.0556996 0.0506024 0.0455413 0.040691 0.03612 0.0317961 0.0276068 0.0234126 0.0191354 0.0148417 0.0107577
 0.00694089 0.0114161 0.0174458 0.0250602 0.0340553 0.0438338 0.0533782 0.0615064 0.0672929 0.0703498 0.0708022 0.0690721 0.0656806 0.061145 0.0559331 0.0504348 0.0449455 0.0396618 0.0346828 0.0300136 0.0255839 0.0212957 0.0170973 0.0130477 0.0093248
 0.00718932 0.0118144 0.0180346 0.0258719 0.0351072 0.0451165 0.0548452 0.0630721 0.0688458 0.0717763 0.0720077 0.0699929 0.0662836 0.0614201 0.055882 0.0500601 0.0442459 0.0386364 0.0333433 0.0284005 0.0237786 0.0194216 0.0153032 0.0114761 0.00807471
 0.00732294 0.0120411 0.018393 0.0264032 0.0358451 0.0460726 0.0559947 0.0643504 0.0701599 0.0730248 0.0730998 0.0708592 0.0668792 0.0617229 0.0558883 0.0497769 0.043684 0.0378066 0.0322615 0.027099 0.0223196 0.0179021 0.0138441 0.010195 0.00705429
 0.00743875 0.0122078 0.0186054 0.0266473 0.0361078 0.0463551 0.0563195 0.0647547 0.0706771 0.0736635 0.0738321 0.0716243 0.0675986 0.0623188 0.0562972 0.049956 0.0436104 0.0374747 0.0316806 0.0262968 0.0213486 0.0168422 0.0127946 0.00925418 0.00629418
 0.00756451 0.0124101 0.0189041 0.0270546 0.0366205 0.0469466 0.0569372 0.0653317 0.0711563 0.0740228 0.0740907 0.0718251 0.0677783 0.0624849 0.0564243 0.0499986 0.0435209 0.0372175 0.0312405 0.0256832 0.0205973 0.016015 0.0119705 0.0085121 0.00569257
 0.00757098 0.0124195 0.0189168 0.0270724 0.0366485 0.0469948 0.0570194 0.0654601 0.0713347 0.0742423 0.0743344 0.0720777 0.0680339 0.062745 0.0566857 0.0502419 0.0437084 0.0373028 0.031184 0.0254669 0.0202332 0.015545 0.0114572 0.00802304 0.00528125
 0.0076334 0.012508 0.0190261 0.0271891 0.0367555 0.0470774 0.0570715 0.0654864 0.071349 0.074263 0.0743776 0.072152 0.0681392 0.0628744 0.0568296 0.050388 0.0438381 0.037389 0.0311949 0.0253765 0.0200343 0.0152556 0.0111183 0.00768496 0.00498805
 0.0076553 0.0125624 0.0191411 0.0273984 0.037085 0.0475263 0.0575996 0.0660183 0.0717981 0.0745619 0.0744998 0.0721132 0.0679826 0.0626513 0.056584 0.0501489 0.0436179 0.0371845 0.0309913 0.0251546 0.0197806 0.0149712 0.010821 0.00740331 0.00474943
 0.00775126 0.0126979 0.0193088 0.0275827 0.0372714 0.047714 0.057805 0.0662658 0.0720985 0.0748949 0.0748127 0.0723416 0.0680786 0.0626029 0.0564149 0.0499032 0.0433403 0.036906 0.0307251 0.0248997 0.0195302 0.0147225 0.0105802 0.00718436 0.00456741
 0.00790551 0.0129211 0.0195926 0.0278995 0.0375798 0.0479696 0.0579732 0.0663319 0.0720747 0.0748176 0.0747297 0.0722895 0.0680653 0.0626064 0.0563996 0.0498421 0.0432266 0.0367514 0.0305477 0.0247141 0.0193444 0.0145407 0.0104078 0.00702972 0.00443941
 0.00784233 0.0128309 0.0194793 0.0277726 0.0374487 0.0478369 0.0578313 0.0661685 0.0718841 0.0746136 0.0745489 0.0721816 0.0680732 0.0627455 0.0566498 0.0501545 0.043544 0.0370274 0.0307574 0.0248522 0.0194179 0.014562 0.0103917 0.00699161 0.00439402
 0.00778699 0.0127393 0.0193394 0.0275749 0.0371917 0.0475324 0.0575077 0.0658647 0.071637 0.0744442 0.0744593 0.072164 0.0681227 0.0628662 0.0568474 0.0504246 0.0438635 0.0373589 0.0310615 0.0250998 0.0195961 0.0146729 0.0104473 0.00700856 0.00438885
 0.00790187 0.0129039 0.0195454 0.0277991 0.0374006 0.0476913 0.0575893 0.0658553 0.0715382 0.0742724 0.0742408 0.0719277 0.0678941 0.0626658 0.056692 0.0503272 0.0438302 0.0373837 0.0311256 0.0251778 0.0196649 0.0147188 0.0104676 0.00700876 0.00437773
 0.00798212 0.0130237 0.019705 0.0279894 0.0376026 0.0478776 0.0577272 0.0659127 0.0714936 0.0741243 0.074011 0.0716557 0.0676237 0.0624328 0.0565176 0.0502192 0.0437869 0.0373969 0.0311813 0.0252575 0.0197484 0.0147896 0.0105169 0.00703609 0.00438829
 0.00795451 0.0129824 0.0196495 0.0279215 0.0375252 0.0477935 0.057638 0.0658186 0.0713938 0.0740187 0.0739025 0.0715517 0.0675367 0.0623776 0.0565073 0.0502607 0.0438788 0.03753 0.0313412 0.0254264 0.0199084 0.014926 0.0106209 0.00710634 0.00442993
 0.00793986 0.0129573 0.0196096 0.0278624 0.0374447 0.0476934 0.0575255 0.0657054 0.071292 0.0739364 0.0738411 0.0715078 0.0675061 0.0623595 0.0565061 0.0502839 0.0439331 0.0376175 0.0314568 0.0255588 0.0200428 0.0150477 0.0107194 0.00717752 0.00447551
 0.00798019 0.0130028 0.0196412 0.027851 0.0373595 0.0475159 0.0572607 0.0653837 0.0709604 0.0736441 0.073626 0.0713891 0.0674834 0.0624179 0.0566238 0.05044 0.0441121 0.0378095 0.0316545 0.0257541 0.0202255 0.0152073 0.0108478 0.00727163 0.00453779
 0.0078672 0.0128483 0.0194613 0.0276752 0.0372181 0.0474221 0.0571999 0.0653197 0.0708567 0.0734871 0.0734349 0.0712075 0.0673584 0.0623807 0.0566814 0.0505784 0.0443067 0.0380344 0.0318883 0.0259806 0.0204325 0.0153852 0.0109903 0.00737667 0.00460839
 0.00784301 0.0127987 0.0193696 0.0275246 0.0370015 0.047154 0.0569211 0.0650855 0.0707123 0.0734435 0.0734653 0.0712661 0.0674097 0.0624168 0.0567188 0.0506412 0.04441 0.0381781 0.0320603 0.0261633 0.0206089 0.0155418 0.0111184 0.00747296 0.00467437
 0.00783561 0.0127749 0.0193119 0.0274084 0.036801 0.046852 0.0565202 0.0646159 0.0702308 0.0730222 0.0731711 0.0711386 0.0674489 0.0625881 0.0569734 0.0509371 0.0447219 0.0384938 0.0323715 0.0264599 0.0208781 0.0157716 0.0113011 0.00760718 0.00476484
 0.0078904 0.0128743 0.0194785 0.0276648 0.0371576 0.0472918 0.0569888 0.0650278 0.0704951 0.0730762 0.0730045 0.0707958 0.0670086 0.0621335 0.0565666 0.0506094 0.0444791 0.0383285 0.0322724 0.026415 0.0208742 0.0157941 0.0113358 0.00764268 0.00479419
 0.00846867 0.0136753 0.0204288 0.0286142 0.0379281 0.047751 0.0571037 0.0648648 0.0701685 0.0726848 0.0725961 0.0703726 0.0665586 0.0616585 0.0560909 0.0501696 0.0441068 0.0380403 0.0320688 0.0262856 0.0208036 0.0157656 0.0113336 0.0076533 0.00480817
 0.0092867 0.0149276 0.0221604 0.0307931 0.0404283 0.0503456 0.0594782 0.0666714 0.0711262 0.0726814 0.0717266 0.0688842 0.0647411 0.0597505 0.0542446 0.0484664 0.042589 0.0367317 0.0309813 0.0254185 0.0201432 0.0152878 0.0110073 0.00744464 0.00468422
 0.0092255 0.0149615 0.0224537 0.0315688 0.0418954 0.0525886 0.0623657 0.0698457 0.0740922 0.0749542 0.0729693 0.0689843 0.0638092 0.0580545 0.0521117 0.0461944 0.0403964 0.0347517 0.0292811 0.0240225 0.0190485 0.014472 0.0104335 0.00706667 0.00445291
 0.00886637 0.0144213 0.0217313 0.0307168 0.041037 0.0519237 0.0621495 0.0703219 0.0753857 0.0769739 0.0753892 0.0713358 0.0656434 0.05909 0.0522975 0.0456751 0.03942 0.0335735 0.0281021 0.02297 0.0181846 0.013812 0.00996306 0.00675471 0.00426147
 0.00882098 0.0143197 0.0215288 0.0303603 0.0404865 0.0511856 0.0613074 0.0695443 0.0748972 0.0769903 0.0760347 0.0725751 0.0672646 0.0607602 0.0536752 0.0465264 0.0396812 0.033337 0.0275479 0.0222881 0.017522 0.0132548 0.00954315 0.00646702 0.00408147
 0.00863639 0.014043 0.0211542 0.0298935 0.0399369 0.0505588 0.0606061 0.0687846 0.0741327 0.07633 0.0756343 0.0725928 0.0677933 0.0617686 0.0549937 0.0478962 0.0408461 0.0341313 0.0279363 0.0223452 0.0173756 0.0130284 0.00932257 0.00629425 0.00396518
 0.00855057 0.0139229 0.0210096 0.0297455 0.0398121 0.0504777 0.060572 0.0687774 0.0741131 0.0762542 0.0754799 0.0723843 0.0676095 0.0617161 0.055154 0.0482737 0.041355 0.0346318 0.0283002 0.0225092 0.0173543 0.0128881 0.00914041 0.0061274 0.00384068
 0.00859302 0.0139714 0.0210457 0.0297428 0.0397467 0.0503438 0.0603911 0.0685931 0.0739704 0.0761759 0.0754552 0.0723791 0.0675928 0.061686 0.0551441 0.0483331 0.0415116 0.0348669 0.0285524 0.0227067 0.0174523 0.0128857 0.0090707 0.00603363 0.00375564
 0.00861516 0.0140022 0.0210815 0.0297741 0.0397578 0.0503137 0.0602992 0.0684278 0.0737398 0.0759127 0.0752089 0.0721966 0.067499 0.0616784 0.0552043 0.0484443 0.041667 0.0350612 0.0287686 0.0229127 0.0176125 0.0129792 0.00910013 0.00601965 0.0037235
 0.00868231 0.014099 0.0212042 0.0299105 0.0398901 0.0504224 0.0603665 0.0684386 0.0736831 0.0757845 0.0750175 0.0719657 0.0672648 0.0614787 0.0550664 0.048379 0.0416701 0.03512 0.0288656 0.023026 0.0177184 0.0130579 0.0091429 0.00603064 0.00371491
 0.0087161 0.0141683 0.0213336 0.0301283 0.0402164 0.0508538 0.0608641 0.0689317 0.074088 0.0760311 0.075069 0.0718241 0.0669647 0.0610755 0.0546228 0.0479525 0.0413029 0.0348343 0.0286643 0.0228973 0.0176422 0.0130126 0.00911166 0.00600409 0.00369082
 0.00865937 0.0140737 0.0211887 0.0299252 0.0399598 0.0505693 0.0606012 0.0687526 0.0740444 0.0761391 0.0752992 0.0721139 0.0672444 0.0612938 0.0547597 0.0480169 0.0413212 0.0348363 0.0286722 0.0229207 0.0176786 0.013053 0.00914637 0.0060276 0.00370282
 0.00872365 0.0141485 0.0212465 0.0299225 0.0398494 0.0503208 0.0602188 0.0682825 0.073565 0.0757399 0.0750549 0.0720621 0.0673751 0.0615561 0.0550831 0.0483369 0.0415978 0.0350571 0.0288439 0.0230566 0.0177894 0.0131431 0.009216 0.00607671 0.00373349
 0.00886229 0.0143375 0.0214626 0.0301183 0.0399624 0.0502908 0.0600062 0.0678809 0.0730074 0.0750979 0.0744273 0.0715535 0.0670675 0.0614849 0.0552291 0.0486388 0.0419768 0.0354431 0.029191 0.0233445 0.0180158 0.013314 0.00933955 0.00616094 0.00378661
 0.00881189 0.0142993 0.021483 0.0302597 0.040277 0.0507836 0.0606101 0.0684644 0.0734191 0.0752249 0.074237 0.0711001 0.0664657 0.0608683 0.0547096 0.0482798 0.0417877 0.0353914 0.029226 0.0234185 0.018096 0.0133837 0.00939319 0.00619878 0.00381117
 0.00892941 0.0144456 0.0216239 0.0303447 0.0402643 0.0506719 0.0604545 0.0683571 0.0734379 0.0753826 0.0744679 0.0712942 0.0665292 0.0607697 0.0544869 0.0480126 0.0415552 0.0352422 0.0291687 0.0234324 0.018149 0.0134476 0.0094504 0.00624204 0.00384004
 0.00901957 0.0146155 0.0219184 0.0308091 0.0409202 0.0514883 0.0613335 0.0691547 0.0740188 0.0756749 0.0744811 0.0710895 0.0661709 0.0602966 0.05392 0.0473794 0.0409042 0.0346341 0.0286552 0.0230396 0.0178746 0.0132705 0.00934345 0.00618096 0.0038069
 0.00889176 0.0144434 0.0217275 0.03065 0.0408604 0.0515946 0.0616495 0.0696812 0.074702 0.0764116 0.0751444 0.0715697 0.0664092 0.0602937 0.0537176 0.0470347 0.0404741 0.0341727 0.0282128 0.0226569 0.0175754 0.0130584 0.00920636 0.00609968 0.00376238
 0.00900098 0.0145927 0.0219013 0.0308208 0.0410023 0.0517017 0.0617483 0.0698239 0.0749415 0.07677 0.0755929 0.0720311 0.0667842 0.0604968 0.0537058 0.0468157 0.0400955 0.0337012 0.0277158 0.0221912 0.0171803 0.0127531 0.00899107 0.00596099 0.00368071
 0.00908361 0.0147792 0.022274 0.0314763 0.0420131 0.0530632 0.0633428 0.071435 0.0763233 0.0777334 0.0760592 0.0720275 0.0663977 0.0598239 0.0528265 0.0457936 0.0389894 0.0325746 0.0266357 0.021219 0.0163615 0.0121105 0.00852338 0.00564678 0.00348677
 0.00836977 0.0136585 0.0206707 0.029371 0.0394746 0.0502798 0.060632 0.0691976 0.0749333 0.077411 0.0767998 0.0736263 0.068543 0.0621976 0.0551667 0.0479156 0.0407837 0.033997 0.0276954 0.0219633 0.0168569 0.0124255 0.00871642 0.00576151 0.00355285
 0.00823168 0.0133519 0.0200599 0.0282859 0.0377619 0.047883 0.0576642 0.0659613 0.0718678 0.0749846 0.0753895 0.0734254 0.0695217 0.0641279 0.0576995 0.0506782 0.0434598 0.0363688 0.0296495 0.0234732 0.0179572 0.0131842 0.00921222 0.00606844 0.00373223
 0.0087802 0.0142029 0.0212551 0.0298111 0.0395198 0.0496704 0.0591727 0.0668326 0.0718078 0.0738936 0.073432 0.0709906 0.0670931 0.0621253 0.0563655 0.0500459 0.0433966 0.0366616 0.0300879 0.0239031 0.0182969 0.0134127 0.00934536 0.00613581 0.00376164
 0.00893835 0.0145608 0.0219751 0.0310927 0.0415322 0.0524502 0.0625369 0.0703646 0.0749427 0.0760701 0.0742508 0.0703248 0.0651182 0.0592622 0.0531507 0.046976 0.0408082 0.0346883 0.0286953 0.022966 0.0176742 0.0129926 0.00905686 0.00593899 0.0036329
 0.00842027 0.0137259 0.0207452 0.0294351 0.039507 0.0502617 0.0605469 0.0690232 0.0746301 0.076921 0.0760684 0.0726449 0.0673925 0.0610603 0.0542864 0.0475131 0.0409677 0.0347167 0.0287629 0.0231319 0.0179117 0.0132419 0.00926815 0.0060903 0.00372678
 0.00866316 0.0140658 0.0211517 0.0298372 0.0398038 0.050349 0.060354 0.0685519 0.073983 0.0762944 0.0756908 0.0726749 0.0678291 0.0617295 0.0549232 0.047891 0.0409969 0.0344581 0.0283654 0.0227436 0.0176209 0.0130668 0.00918272 0.00605686 0.00371632
 0.00888335 0.0144621 0.0218132 0.0308537 0.0412246 0.0521258 0.0623028 0.0703709 0.0753396 0.0769461 0.0755766 0.0719287 0.0667097 0.0605053 0.0537703 0.046856 0.0400354 0.0335136 0.0274293 0.0218634 0.0168648 0.0124819 0.00877533 0.00579967 0.00356776
 0.00852269 0.01389 0.0209856 0.0297586 0.039906 0.0507077 0.060992 0.0694157 0.0749427 0.0771748 0.076331 0.0729934 0.0678569 0.0615812 0.0547177 0.0476776 0.0407399 0.0340892 0.0278548 0.0221348 0.0170081 0.0125421 0.00879561 0.00580754 0.00357413
 0.00851318 0.0138398 0.0208458 0.0294622 0.039386 0.0499272 0.0599758 0.0682667 0.0738319 0.0763027 0.0758684 0.0730232 0.0683444 0.0623921 0.0556771 0.0486335 0.0415974 0.0348058 0.0284185 0.0225486 0.0172864 0.0127112 0.00888864 0.00585516 0.00359819
 0.00851098 0.0138175 0.0207763 0.0293046 0.0390905 0.0494467 0.0592815 0.0673641 0.0727748 0.0751996 0.0748736 0.0723071 0.0680445 0.0625663 0.056281 0.0495383 0.0426373 0.0358299 0.0293227 0.0232804 0.0178352 0.0130937 0.00913639 0.00600457 0.00368243
 0.00877743 0.0142649 0.0214712 0.0303049 0.0404164 0.0510424 0.0609877 0.0689293 0.0739154 0.0756878 0.0746117 0.0713561 0.0666024 0.0609059 0.0546718 0.0481776 0.0416146 0.0351346 0.0288826 0.0230079 0.0176587 0.012969 0.00904251 0.00593415 0.00363277
 0.00879587 0.014309 0.0215658 0.0304873 0.040734 0.0515429 0.0617019 0.0698476 0.0749665 0.0767312 0.07546 0.0718269 0.0665827 0.0603977 0.0537934 0.0471197 0.0405731 0.0342515 0.0282195 0.0225562 0.0173706 0.0127898 0.00892968 0.0058614 0.00358597
 0.00838344 0.0136451 0.0205838 0.0291433 0.0390323 0.0495687 0.0596445 0.0679879 0.0736144 0.0761321 0.0757127 0.0728504 0.0681452 0.0621939 0.0555401 0.0486305 0.0417837 0.0351928 0.0289628 0.0231632 0.0178727 0.0131933 0.00923372 0.00607164 0.00371794
#obs surv len freq
 nan nan nan nan nan nan nan nan nan nan nan nan nan nan nan nan nan nan nan nan nan nan nan nan nan
 0.00448496 0.00734662 0.0111771 0.0159943 0.0216961 0.0279727 0.0342876 0.0400192 0.0446985 0.0481614 0.0505179 0.0520122 0.0529029 0.0534139 0.053727 0.0539811 0.054259 0.0545514 0.0546899 0.0542816 0.0527198 0.0493521 0.0438024 0.036283 0.0276674
 0.00461657 0.00756219 0.0115042 0.0164585 0.0223148 0.0287457 0.0351872 0.0409877 0.045656 0.0490217 0.0512046 0.05247 0.0531034 0.0533557 0.0534316 0.0534853 0.0536061 0.053784 0.0538471 0.0534004 0.0518389 0.0485147 0.0430531 0.0356597 0.027191
 0.00477983 0.00783012 0.0119121 0.0170409 0.0230984 0.0297385 0.0363667 0.0422955 0.0470042 0.0503068 0.0523235 0.0533326 0.0536419 0.0535312 0.0532371 0.0529434 0.0527626 0.0526986 0.0525866 0.0520355 0.0504453 0.0471736 0.041845 0.0346512 0.0264188
 0.00496824 0.0081391 0.0123822 0.0177118 0.0240018 0.030886 0.0377374 0.0438305 0.0486133 0.051883 0.0537578 0.0545237 0.0545018 0.0539915 0.0532548 0.0525062 0.0518906 0.0514424 0.0510228 0.0502626 0.0485797 0.0453436 0.0401775 0.0332498 0.0253418
 0.00518568 0.00849265 0.0129146 0.0184634 0.0250034 0.032148 0.0392374 0.0455083 0.0503775 0.0536271 0.0553741 0.0559121 0.0555729 0.0546678 0.053474 0.0522263 0.0510973 0.0501564 0.0493054 0.048218 0.0463524 0.0431059 0.0381059 0.0314913 0.023982
 0.00541258 0.0088656 0.0134834 0.0192766 0.026099 0.0335379 0.0408924 0.0473539 0.0523057 0.0555181 0.0571157 0.0574081 0.0567428 0.0554429 0.0537944 0.0520417 0.0503728 0.0488841 0.0475194 0.0460086 0.0438709 0.0405537 0.0357021 0.0294259 0.0223718
 0.00564204 0.00924187 0.014056 0.0200943 0.0272013 0.0349409 0.0425737 0.0492457 0.054303 0.0574974 0.0589546 0.0589987 0.057997 0.0562918 0.0541835 0.0519257 0.0497147 0.047663 0.0457485 0.0437575 0.0412816 0.037836 0.0330999 0.0271615 0.0205898
 0.00588711 0.00964147 0.0146597 0.0209493 0.028344 0.036383 0.0442882 0.0511616 0.0563146 0.0594838 0.0607983 0.0605958 0.0592607 0.0571525 0.0545864 0.0518273 0.0490801 0.0464696 0.0440006 0.0415101 0.0386629 0.0350509 0.0304002 0.0247871 0.0187048
 0.00612735 0.0100375 0.0152656 0.0218185 0.0295182 0.0378751 0.0460654 0.0531404 0.0583745 0.0614919 0.0626323 0.0621551 0.0604686 0.0579514 0.0549327 0.051686 0.0484219 0.0452739 0.0422688 0.0392885 0.0360674 0.032275 0.0276906 0.0223869 0.0167865
 0.0063693 0.0104329 0.0158647 0.02267 0.0306602 0.0393213 0.0477892 0.0550682 0.0603941 0.0634727 0.064446 0.0636915 0.0616427 0.0587048 0.055229 0.0515021 0.0477414 0.0440863 0.0405791 0.0371395 0.0335641 0.0295958 0.0250678 0.0200538 0.0149134
 0.00662623 0.0108526 0.0165 0.0235705 0.0318621 0.0408314 0.0495691 0.0570302 0.0624142 0.0654158 0.066188 0.0651315 0.0627056 0.0593397 0.0554059 0.0512069 0.0469696 0.0428403 0.0388748 0.0350232 0.0311347 0.0270171 0.0225532 0.0178193 0.013118
 0.00683929 0.0112075 0.0170496 0.0243691 0.0329537 0.0422316 0.0512472 0.0589028 0.0643585 0.0672936 0.0678705 0.0665137 0.0637121 0.0599232 0.0555423 0.0508889 0.0462002 0.0416309 0.0372494 0.0330319 0.0288725 0.0246335 0.0202393 0.0157679 0.0114708
 0.00707261 0.0115859 0.0176176 0.025168 0.0340145 0.0435628 0.0528214 0.0606506 0.0661744 0.0690536 0.0694512 0.0678079 0.0646385 0.0604307 0.0556083 0.0505132 0.0453969 0.0404231 0.0356714 0.0311397 0.0267582 0.0224335 0.018123 0.0139033 0.00997958
 0.00725597 0.0118926 0.0180949 0.0258639 0.0349669 0.0447823 0.0542758 0.0622613 0.067831 0.0706378 0.0708571 0.0689508 0.0654552 0.0608776 0.0556608 0.0501646 0.0446567 0.0393144 0.0342318 0.0294277 0.0248626 0.020478 0.0162556 0.0122676 0.00867696
 0.00742712 0.0121702 0.0185117 0.0264512 0.0357496 0.0457708 0.0554556 0.0635865 0.0692262 0.0720085 0.0721043 0.0699851 0.0662069 0.0613012 0.0557336 0.049882 0.0440272 0.0383586 0.0329844 0.0279434 0.0232233 0.0187941 0.0146556 0.0108726 0.00757047
 0.00751351 0.0123128 0.0187307 0.0267676 0.0361822 0.0463311 0.0561425 0.0643834 0.0701033 0.0729259 0.0730147 0.0708341 0.0669346 0.061847 0.0560443 0.0499187 0.0437694 0.0378055 0.0321558 0.0268828 0.022001 0.0175063 0.0134134 0.00977988 0.00669938
 0.00759139 0.0124326 0.0188986 0.0269862 0.0364518 0.0466521 0.0565154 0.0648083 0.0705774 0.0734421 0.0735599 0.0713875 0.0674659 0.0623163 0.0564041 0.0501193 0.0437672 0.0375716 0.0316838 0.0261942 0.0211476 0.0165672 0.0124828 0.00894764 0.00602902
 0.00766449 0.0125479 0.0190655 0.0272096 0.0367309 0.0469777 0.0568696 0.0651668 0.0709173 0.0737502 0.073836 0.0716407 0.0677054 0.0625416 0.0565996 0.0502544 0.0438023 0.0374672 0.0314129 0.0257529 0.0205622 0.0158934 0.0117948 0.00831994 0.0055168
 0.00773117 0.0126488 0.0192033 0.0273822 0.0369325 0.0472004 0.0571043 0.0654033 0.0711439 0.0739555 0.0740122 0.0717863 0.0678251 0.0626438 0.0566887 0.0503247 0.0438343 0.0374313 0.0312782 0.0255006 0.0201964 0.0154452 0.0113165 0.00786981 0.00514133
 0.00777767 0.0127213 0.0193062 0.027517 0.0370962 0.0473852 0.0572973 0.0655884 0.0713058 0.0740851 0.074108 0.0718534 0.0678717 0.0626773 0.0567143 0.0503429 0.0438384 0.0374057 0.0312017 0.0253536 0.0199719 0.0151561 0.0109948 0.00755671 0.00487341
 0.00781563 0.0127777 0.0193814 0.0276079 0.0371977 0.0474916 0.0574036 0.06569 0.0713985 0.0741645 0.0741711 0.0718993 0.0679025 0.0626973 0.056728 0.0503526 0.0438418 0.0373951 0.0311638 0.025274 0.0198417 0.0149788 0.0107881 0.00734796 0.00468935
 0.00785032 0.0128303 0.0194533 0.0276973 0.0372997 0.0475985 0.0575058 0.0657778 0.0714641 0.0742051 0.0741888 0.0719001 0.0678933 0.0626835 0.0567131 0.050338 0.0438267 0.0373753 0.0311315 0.0252197 0.0197578 0.0148647 0.010653 0.00720852 0.00456373
 0.00786873 0.0128587 0.0194933 0.027749 0.0373615 0.0476673 0.0575763 0.0658431 0.0715173 0.0742409 0.0742055 0.0719 0.0678813 0.062666 0.0566953 0.0503228 0.0438142 0.0373625 0.0311133 0.0251891 0.019709 0.014796 0.0105688 0.00711908 0.00448107
 0.00786645 0.012852 0.0194776 0.027719 0.0373129 0.0475997 0.0574955 0.0657606 0.0714473 0.0741955 0.0741914 0.0719174 0.0679257 0.0627303 0.0567721 0.0504053 0.0438963 0.0374383 0.0311765 0.0252337 0.0197303 0.0147925 0.010544 0.00708076 0.00443903
 0.00787314 0.0128574 0.0194756 0.0277004 0.0372678 0.047521 0.0573831 0.0656229 0.0713002 0.0740593 0.0740863 0.071859 0.0679212 0.0627777 0.0568614 0.0505221 0.0440256 0.0375666 0.0312927 0.0253295 0.0198 0.0148342 0.0105602 0.00707773 0.00442517
 0.00789701 0.0128929 0.0195224 0.0277552 0.0373234 0.0475673 0.0574074 0.065613 0.0712483 0.0739662 0.0739636 0.0717267 0.0678025 0.062692 0.0568196 0.050525 0.0440652 0.0376301 0.0313658 0.0253994 0.0198573 0.0148738 0.0105813 0.00708355 0.00442118
 0.00788214 0.0128692 0.0194879 0.0277082 0.0372639 0.0474965 0.0573286 0.0655309 0.0711677 0.0738908 0.073896 0.0716698 0.0677611 0.0626731 0.0568305 0.0505701 0.0441431 0.0377331 0.0314815 0.0255138 0.0199582 0.0149532 0.0106365 0.00711667 0.00443751
 0.00786943 0.0128459 0.019448 0.0276451 0.0371722 0.0473756 0.0571849 0.065378 0.0710231 0.0737711 0.0738121 0.071626 0.0677559 0.0627019 0.0568886 0.0506538 0.0442492 0.0378569 0.0316153 0.025647 0.0200797 0.015054 0.0107119 0.00716713 0.00446731
 0.00786203 0.01283 0.019417 0.0275905 0.0370853 0.0472512 0.0570247 0.065192 0.0708288 0.0735899 0.0736656 0.0715308 0.0677209 0.0627268 0.0569655 0.0507708 0.0443936 0.038017 0.0317806 0.0258073 0.0202251 0.0151762 0.0108063 0.00723332 0.00450911
 0.00784931 0.0128094 0.0193861 0.0275463 0.0370247 0.0471707 0.0569215 0.0650658 0.0706832 0.0734344 0.0735149 0.0714031 0.0676334 0.0626922 0.0569882 0.0508469 0.0445125 0.0381643 0.0319414 0.0259677 0.0203733 0.015303 0.0109062 0.00730535 0.00455619
 0.00781655 0.0127596 0.0193174 0.0274595 0.0369227 0.047058 0.0568034 0.0649481 0.0705712 0.0733321 0.0734255 0.0713304 0.067583 0.0626716 0.0570051 0.0509056 0.0446117 0.0382965 0.0320942 0.0261266 0.0205241 0.0154347 0.0110119 0.00738285 0.00460791
 0.0077819 0.0127003 0.0192231 0.0273201 0.036732 0.0468191 0.0565325 0.0646735 0.0703262 0.0731451 0.0733124 0.0712931 0.0676134 0.0627569 0.0571331 0.0510669 0.044799 0.0385022 0.0323087 0.0263379 0.0207194 0.0156028 0.0111458 0.00748101 0.0046736
 0.00776469 0.0126687 0.0191687 0.0272325 0.0366007 0.0466374 0.0563018 0.0644057 0.0700442 0.0728793 0.0730951 0.0711505 0.0675602 0.0627932 0.057247 0.0512395 0.0450105 0.0387351 0.0325481 0.0265704 0.0209326 0.0157862 0.0112925 0.00758912 0.00474651
 0.00773255 0.0126178 0.0190944 0.027131 0.0364693 0.0464746 0.0561087 0.0641873 0.0698106 0.0726458 0.0728818 0.0709804 0.067455 0.0627685 0.0573078 0.0513787 0.0452113 0.0389755 0.0328053 0.026824 0.0211659 0.0159868 0.0114529 0.00770758 0.00482671
 0.0093059 0.0148188 0.0217483 0.0298551 0.0387852 0.0479857 0.0566406 0.0638129 0.0687665 0.0712113 0.0712911 0.069393 0.0659661 0.0614319 0.0561523 0.0504168 0.0444416 0.038385 0.032372 0.0265215 0.0209665 0.015864 0.0113836 0.00767264 0.00481149
 0.00927056 0.0150524 0.0226129 0.031801 0.0421546 0.0527474 0.0622225 0.0691962 0.0728499 0.0732469 0.0711317 0.0674326 0.0628683 0.0578466 0.0525561 0.0470893 0.041515 0.035904 0.0303356 0.0249043 0.0197293 0.0149582 0.0107538 0.00726062 0.00456019
 0.00895148 0.0145482 0.0219024 0.0309304 0.0412906 0.0522145 0.0624638 0.0706151 0.0755665 0.0769177 0.0749933 0.0705917 0.0646761 0.0581235 0.0515607 0.0453063 0.0394278 0.033864 0.0285395 0.0234313 0.0185876 0.0141188 0.0101704 0.00687972 0.00432844
 0.0087984 0.0142894 0.0214949 0.0303307 0.0404708 0.051193 0.0613457 0.0696203 0.0750141 0.0771383 0.076179 0.072653 0.0672077 0.0605362 0.0533211 0.0461432 0.0393867 0.0332085 0.0275932 0.0224565 0.0177403 0.013461 0.00970292 0.00657281 0.00414218
 0.00873272 0.0141786 0.0213198 0.0300683 0.0400965 0.0506861 0.0606999 0.0688596 0.074212 0.0764325 0.0757638 0.0727301 0.0678961 0.0617826 0.0548766 0.0476437 0.0405034 0.0337766 0.0276451 0.0221581 0.0172898 0.0130123 0.00933888 0.00631627 0.00398087
 0.00868374 0.0141015 0.0212081 0.0299164 0.0398992 0.0504375 0.0603939 0.068492 0.0737853 0.0759655 0.0753044 0.0723652 0.067743 0.0619507 0.0554085 0.0484685 0.0414418 0.0346096 0.0282075 0.0223993 0.0172682 0.0128414 0.00912699 0.00613195 0.00385
 0.00867554 0.0140813 0.0211654 0.0298377 0.0397717 0.050255 0.0601609 0.0682223 0.0734966 0.0756729 0.0750194 0.0721032 0.067535 0.0618489 0.0554739 0.0487401 0.0419025 0.0351745 0.0287517 0.0228116 0.017497 0.0129039 0.00908315 0.00604702 0.00376878
 0.00865792 0.0140564 0.0211341 0.0298019 0.0397317 0.0502069 0.0600956 0.0681283 0.0733659 0.0755056 0.0748254 0.0718999 0.0673437 0.0616953 0.0553892 0.0487575 0.0420433 0.0354302 0.0290759 0.023133 0.0177498 0.0130552 0.00913962 0.00604106 0.00373656
 0.00864102 0.0140288 0.0210927 0.0297444 0.0396582 0.0501207 0.0600038 0.0680395 0.0732858 0.0754342 0.0747572 0.0718276 0.0672652 0.0616167 0.0553264 0.0487327 0.0420785 0.0355376 0.0292478 0.0233398 0.0179494 0.013211 0.00923542 0.00608268 0.00374296
 0.00866251 0.0140601 0.0211329 0.02979 0.0397033 0.0501585 0.0600273 0.0680437 0.0732682 0.0753952 0.0746993 0.071754 0.0671781 0.0615195 0.0552254 0.0486401 0.0420113 0.0355122 0.0292724 0.0234085 0.0180426 0.0133033 0.00930652 0.00612483 0.00376018
 0.0086615 0.0140636 0.0211475 0.029824 0.0397637 0.0502464 0.0601347 0.0681537 0.0733601 0.0754516 0.0747109 0.0717207 0.0671069 0.0614209 0.0551108 0.0485214 0.0419015 0.0354247 0.0292183 0.0233918 0.0180576 0.0133366 0.00934265 0.00615266 0.00377594
 0.00862356 0.0140043 0.0210631 0.0297143 0.0396338 0.0501081 0.0600069 0.0680585 0.0733159 0.0754654 0.0747749 0.0718161 0.0672114 0.0615163 0.055187 0.0485763 0.0419391 0.0354529 0.029246 0.0234257 0.0180999 0.0133837 0.00938753 0.00618887 0.00380046
 0.00862167 0.0139989 0.0210507 0.0296903 0.0395933 0.0500487 0.0599303 0.0679721 0.0732325 0.0753999 0.0747405 0.0718191 0.067249 0.061577 0.0552556 0.0486394 0.0419891 0.035489 0.0292725 0.023449 0.0181245 0.0134107 0.00941486 0.00621287 0.00381844
 0.00860681 0.0139757 0.0210175 0.0296459 0.0395371 0.0499807 0.0598515 0.0678854 0.0731431 0.0753165 0.0746736 0.0717799 0.0672457 0.0616119 0.0553231 0.0487274 0.0420835 0.0355778 0.029349 0.0235119 0.0181758 0.013453 0.00944941 0.00623989 0.0038379
 0.00861951 0.0139933 0.0210383 0.0296663 0.0395526 0.0499868 0.0598452 0.0678653 0.0731094 0.0752702 0.0746176 0.0717195 0.0671888 0.0615675 0.0552991 0.0487271 0.0421043 0.0356128 0.0293898 0.0235516 0.0182108 0.0134821 0.0094729 0.00625809 0.00385114
 0.00861951 0.0139933 0.0210383 0.0296663 0.0395526 0.0499868 0.0598452 0.0678653 0.0731094 0.0752702 0.0746176 0.0717195 0.0671888 0.0615675 0.0552991 0.0487271 0.0421043 0.0356128 0.0293898 0.0235516 0.0182108 0.0134821 0.0094729 0.00625809 0.00385114
 0.00882535 0.0143204 0.0215146 0.0303078 0.0403543 0.0509117 0.0608171 0.0687742 0.0738346 0.0757135 0.0747288 0.0715038 0.0666982 0.0608819 0.0545073 0.0479113 0.0413296 0.0349222 0.0288054 0.0230794 0.0178459 0.0132135 0.00928585 0.00613612 0.00377736
 0.00881878 0.0143339 0.0215797 0.0304687 0.0406566 0.051384 0.0614531 0.0695259 0.0746192 0.0764306 0.0752817 0.0718191 0.0667398 0.0606575 0.0540636 0.0473206 0.0406717 0.0342689 0.0282105 0.0225749 0.0174444 0.0129128 0.0090744 0.00599716 0.00369264
 0.00885456 0.0143847 0.0216441 0.0305449 0.0407484 0.0515074 0.0616377 0.0698056 0.0750138 0.0769271 0.075827 0.0723299 0.0671263 0.06085 0.0540309 0.0470756 0.0402634 0.0337667 0.0276854 0.0220855 0.0170288 0.0125877 0.00883922 0.00583977 0.00359549
 0.00907879 0.014739 0.0221562 0.0312284 0.0415938 0.0524734 0.0626462 0.070752 0.0757941 0.0774686 0.0761048 0.0723589 0.0669382 0.0604736 0.0534877 0.0463877 0.0394649 0.0329081 0.0268288 0.0212923 0.0163474 0.0120451 0.00843925 0.00556761 0.00342514
 0.00843995 0.0137514 0.0207697 0.0294433 0.0394748 0.0501608 0.0603601 0.0687696 0.0743912 0.076844 0.0763255 0.0733533 0.0685306 0.0624356 0.0555843 0.0484127 0.0412646 0.0343931 0.0279732 0.0221205 0.0169137 0.0124133 0.00866819 0.00570395 0.00350266
 0.00826816 0.0134015 0.020116 0.0283351 0.037785 0.0478593 0.0575748 0.0657936 0.0716197 0.0746708 0.0750466 0.0731106 0.0693009 0.0640547 0.0577941 0.0509172 0.0437849 0.0367081 0.0299411 0.0236811 0.0180742 0.0132254 0.00920376 0.0060367 0.00369678
 0.00878352 0.0142094 0.0212666 0.0298289 0.0395432 0.0496949 0.0591897 0.0668316 0.071781 0.0738391 0.0733545 0.0709001 0.067003 0.0620521 0.0563275 0.0500574 0.04346 0.0367622 0.0301982 0.023994 0.0183494 0.0134236 0.00932501 0.00610015 0.00372494
 0.00906661 0.0147228 0.0221339 0.0311879 0.0414997 0.0522526 0.0621868 0.0699264 0.0745098 0.0757312 0.0740622 0.0702989 0.0652285 0.0594593 0.0533823 0.0472028 0.0410096 0.0348583 0.0288334 0.0230711 0.0177439 0.0130276 0.00906321 0.00592724 0.00361408
 0.00848215 0.0138241 0.0208862 0.0296167 0.0397123 0.0504532 0.060669 0.0690192 0.0744699 0.0766253 0.0757085 0.0723155 0.0671702 0.0609749 0.0543185 0.047615 0.0410894 0.0348239 0.0288407 0.0231789 0.0179326 0.0132427 0.00925516 0.00607019 0.00370571
 0.00880219 0.0142541 0.0213663 0.0300348 0.0399359 0.0503822 0.0602851 0.0684067 0.0737997 0.076106 0.0755172 0.0725279 0.0677197 0.06167 0.0549193 0.0479351 0.0410679 0.0345303 0.0284188 0.0227697 0.0176217 0.01305 0.00915702 0.00602966 0.00369252
 0.00899252 0.0146006 0.0219488 0.0309307 0.0411767 0.0519 0.0618825 0.0697902 0.0746811 0.076323 0.0751024 0.0716834 0.0667164 0.0607292 0.0541394 0.0472908 0.04047 0.0339036 0.0277507 0.0221081 0.0170365 0.012592 0.0088388 0.00583167 0.00358098
 0.00857428 0.0139585 0.0210592 0.0298129 0.0399063 0.0506151 0.0607729 0.0690536 0.0744513 0.0766062 0.0757717 0.0725442 0.0676019 0.0615606 0.0549167 0.0480371 0.0411804 0.0345363 0.0282547 0.0224591 0.0172493 0.0127072 0.00889928 0.00586675 0.00360448
 0.00860714 0.0139591 0.0209637 0.0295334 0.039359 0.0497644 0.0596696 0.0678437 0.0733428 0.0758069 0.075422 0.0726737 0.0681284 0.062333 0.0557796 0.0488798 0.0419473 0.0352053 0.0288131 0.0228958 0.0175627 0.0129114 0.00902107 0.00593505 0.00364193
