SBPRF35
12.7214
Curr Bio
891156
B35
880710
F35
0.169588
FOFL
0.16864
OFL
120887
Bzero
3.63469e+006
#pred survey bio
 3.66294e+006 3.54923e+006 3.4433e+006 3.29469e+006 3.07669e+006 2.83092e+006 2.57233e+006 2.3186e+006 2.06773e+006 1.82067e+006 1.62504e+006 1.45693e+006 1.28884e+006 1.14389e+006 1.03059e+006 882405 812732 757895 695662 640930 614223 597134 559757 548048 532701 535510 531156 537126 539690 543483 544974 558797 575053 584007 595633 596447 611444 619357 629969 634450 637487 645508 649961 650650 663696 675073 674789 676981 696262 714435 711883 765052 785010 807290 818148 850313 855890 843531 855206 844034 849081 867380 893409 924269 914754 903991 899642 896781 3.08458e+007 1.82385e+007 1.82988e+007 1.89752e+007 2.00767e+007 2.13652e+007 2.26557e+007 2.38351e+007 2.48504e+007 2.56896e+007 2.63638e+007 2.6895e+007 2.73078e+007 2.76259e+007 2.78697e+007 2.80561e+007 2.81986e+007 2.83076e+007 2.83913e+007 2.84558e+007 2.85056e+007 2.85443e+007 2.85745e+007 2.85981e+007 2.86167e+007 2.86315e+007 2.86431e+007 2.86524e+007 2.86598e+007 2.86657e+007 2.86704e+007 2.86743e+007 2.86773e+007 2.86799e+007 2.86819e+007 2.86835e+007 2.86849e+007 2.86859e+007 2.86868e+007 2.86876e+007 2.86881e+007 2.86886e+007 2.8689e+007 2.86893e+007 2.86896e+007 2.86898e+007 2.869e+007 2.86901e+007 2.86902e+007 2.86903e+007 2.86904e+007 2.86905e+007 2.86905e+007 2.86906e+007 2.86906e+007 2.86906e+007 2.86907e+007 2.86907e+007 2.86907e+007 2.86907e+007 2.86907e+007 2.86907e+007 2.86907e+007 2.86907e+007 2.86908e+007 2.86908e+007 2.86908e+007 2.86908e+007 2.86908e+007 2.86908e+007 2.86908e+007 2.86908e+007 2.86908e+007 2.86908e+007 2.86908e+007 2.86908e+007 2.86908e+007 2.86908e+007 2.86908e+007 2.86908e+007 2.86908e+007 2.86908e+007 2.86908e+007 2.86908e+007 2.86908e+007 2.86908e+007 2.86908e+007 2.86908e+007 2.86908e+007 2.86908e+007 2.86908e+007 2.86908e+007 2.86908e+007 2.86908e+007 2.86908e+007 2.86908e+007 2.86908e+007 2.86908e+007 2.86908e+007 2.86908e+007 0 0 0 0 0 0 0 0 0 0 0 0 0 0 0 0 0 0 0 0 0 0 0 0 0
#obs survey bio
 3.4532e+006 2.86008e+006 3.89799e+006 2.98423e+006 3.41475e+006 2.63915e+006 2.75847e+006 2.59759e+006 1.47059e+006 1.68923e+006 1.26405e+006 1.43112e+006 1.11802e+006 1.2189e+006 867294 960925 717299 755340 587230 723535 528497 523414 649668 679952 368960 629974 706949 422383 454767 635106 556162 501886 527350 821026 490315 539555 727019 782010 543353 615624 580839 517586 457576 621808 579985 611010 820596 710805 622909 576223 885999 862504 701256 949054 1.01035e+006 954667 952762 853672 850746 731748 737061 625050 1.08016e+006 1.21668e+006 677513 875391 1.24547e+006 902965
#pred catch bio
 98752.9 96692.8 143302 217265 256010 282759 293878 306545 317123 283000 268586 275581 258663 232479 260721 189161 174885 177283 164830 136251 125313 138913 114127 116110 100727 106928 97923.3 100715 99305.5 100796 90537.2 89276.8 95488.5 92833 101542 89561.1 96283.6 94713.3 100976 103185 100413 104967 108776 98949.2 101513 111613 109084 95502.7 98616.3 117078 70989.5 100963 98972.9 109064 91618.6 115407 130551 110633 131390 117714 107271 101406 97331.4 130684 129820 123251 120084 126673 120887 119553 118732 121769 128172 136023 143903 151021 157035 161885 165667 168541 170683 172256 173397 174217 174802 175217 175509 175715 175859 175960 176030 176079 176113 176137 176153 176165 176172 176178 176182 176184 176186 176187 176188 176189 176189 176189 176189 176190 176190 176190 176190 176190 176190 176190 176190 176190 176190 176190 176190 176190 176190 176190 176190 176190 176190 176190 176190 176190 176190 176190 176190 176190 176190 176190 176190 176190 176190 176190 176190 176190 176190 176190 176190 176190 176190 176190 176190 176190 176190 176190 176190 176190 176190 176190 176190 176190 176190 176190 176190 176190 176190 176190 176190 176190 176190 176190 176190 176190 0 0 0 0 0 0 0 0 0 0 0 0 0 0 0 0 0 0 0 0 0 0 0 0 0
#obs catch bio
 0 96441.9 143276 217611 255986 283018 293243 305632 317739 283529 269913 278075 261301 233127 264878 189656 176053 178950 166155 136272 125797 139238 114036 116424 101679 107994 98517.1 101531 99924.4 101185 90983.3 89674.9 95830.9 92334 101541 89259.1 96293.8 94282.7 100976 103094 100428 105536 109748 99210 101968 112133 109288 95337.5 98595.8 118257 70552.8 101237 98971.9 109523 91401.4 115317 130765 110249 131846 118058 107639 102048 97310.4 130665 130098 123692 120199 126748
#pred cpue bio
 3.61511e+006 3.50298e+006 3.39798e+006 3.24969e+006 3.03243e+006 2.78753e+006 2.52994e+006 2.27722e+006 2.02737e+006 1.78144e+006 1.58658e+006 1.41925e+006 1.25244e+006 1.10886e+006 996713 850879 782172 728366 667836 614837 589044 572590 536320 524891 509787 512363 508234 514264 516950 520809 522405 536013 552109 561191 572811 573710 588370 596151 606452 610651 613398 620979 625179 625898 638717 649887 649710 651931 670696 688313 685835 738210 758346 780326 790908 822472 827966 815606 826677 815548 820493 838627 864583 895464 886442 875657 871307 869117 2.99293e+007 1.77091e+007 1.76478e+007 1.81752e+007 1.92219e+007 2.04968e+007 2.17844e+007 2.29633e+007 2.39785e+007 2.48177e+007 2.54919e+007 2.60231e+007 2.64359e+007 2.6754e+007 2.69977e+007 2.71841e+007 2.73266e+007 2.74357e+007 2.75194e+007 2.75838e+007 2.76337e+007 2.76723e+007 2.77025e+007 2.77262e+007 2.77448e+007 2.77595e+007 2.77712e+007 2.77804e+007 2.77878e+007 2.77937e+007 2.77985e+007 2.78023e+007 2.78054e+007 2.78079e+007 2.78099e+007 2.78116e+007 2.78129e+007 2.7814e+007 2.78149e+007 2.78156e+007 2.78162e+007 2.78167e+007 2.78171e+007 2.78174e+007 2.78177e+007 2.78179e+007 2.78181e+007 2.78182e+007 2.78183e+007 2.78184e+007 2.78185e+007 2.78186e+007 2.78186e+007 2.78187e+007 2.78187e+007 2.78187e+007 2.78187e+007 2.78188e+007 2.78188e+007 2.78188e+007 2.78188e+007 2.78188e+007 2.78188e+007 2.78188e+007 2.78188e+007 2.78188e+007 2.78188e+007 2.78188e+007 2.78188e+007 2.78188e+007 2.78188e+007 2.78188e+007 2.78188e+007 2.78188e+007 2.78188e+007 2.78188e+007 2.78188e+007 2.78188e+007 2.78188e+007 2.78188e+007 2.78188e+007 2.78188e+007 2.78188e+007 2.78188e+007 2.78188e+007 2.78188e+007 2.78188e+007 2.78188e+007 2.78188e+007 2.78188e+007 2.78188e+007 2.78188e+007 2.78188e+007 2.78188e+007 2.78188e+007 2.78188e+007 2.78188e+007 2.78188e+007 2.78188e+007 2.78188e+007 0 0 0 0 0 0 0 0 0 0 0 0 0 0 0 0 0 0 0 0 0 0 0 0 0
#obs cpue bio
 2.99097e+006 3.47924e+006 3.90318e+006 3.81774e+006 2.82959e+006 2.55306e+006 3.26466e+006 2.21806e+006 1.96462e+006 1.64333e+006 1.49954e+006 1.13542e+006 1.18321e+006 1.32016e+006 736627 983532 675843 627813 768714 706215 492735 867822 433793 393258 342459 453212 368844 555172 599329 532617 377222 569819 693384 742053 561458 679162 446563 656036 524337 683948 571801 506003 667635 825856 604122 770759 638762 701882 654387 589920 792007 668355 757034 576102 721950 931024 671701 856109 665583 764402 810747 763159 1.06759e+006 1.13454e+006 798754 717310 761988 1.00423e+006
#pred surv len freq
 0.00424274 0.00698301 0.0106874 0.0153976 0.0210345 0.0273067 0.033691 0.0395708 0.0444697 0.0482004 0.0508389 0.0525917 0.0536804 0.0542888 0.0545541 0.0545771 0.0544388 0.0542 0.0538506 0.0532063 0.0518236 0.0490578 0.0443421 0.0375809 0.0293851
 0.00442859 0.00721434 0.0109081 0.0155203 0.0209754 0.0270339 0.0332551 0.0390919 0.0440812 0.0479849 0.050797 0.0526622 0.0537919 0.0544081 0.0547035 0.0548146 0.0548138 0.0547073 0.0544081 0.0536721 0.0520507 0.0489627 0.0439458 0.0369987 0.0287699
 0.00453662 0.0074157 0.0112527 0.0160547 0.0217129 0.0279195 0.0341523 0.0398166 0.0444775 0.0480008 0.050504 0.0522054 0.0533103 0.0539821 0.054357 0.0545498 0.0546374 0.0546241 0.0543924 0.0536507 0.0519212 0.0486434 0.0434257 0.0363488 0.0281085
 0.00466107 0.00761503 0.0115496 0.0164746 0.0222854 0.0286741 0.0351021 0.0409314 0.0456608 0.0490923 0.0513223 0.0526171 0.0532843 0.0535936 0.0537408 0.0538397 0.0539284 0.0539645 0.0537883 0.0530713 0.0513119 0.0479552 0.042651 0.0355373 0.027348
 0.00484082 0.00790874 0.011994 0.0171039 0.023124 0.0297267 0.0363449 0.0423115 0.0471035 0.050507 0.0526017 0.0536356 0.0539143 0.0537432 0.0533933 0.0530647 0.052854 0.0527274 0.0524918 0.0517689 0.0500184 0.0466746 0.0414063 0.0343836 0.0263571
 0.00504117 0.00823621 0.0124904 0.0178098 0.0240719 0.030929 0.0377811 0.043922 0.0487968 0.0521754 0.0541367 0.0549342 0.054878 0.0542789 0.0534262 0.0525625 0.0518478 0.0513108 0.0507947 0.0499218 0.0481299 0.0448325 0.0396911 0.0328757 0.0251255
 0.0052821 0.00862445 0.0130686 0.0186164 0.025135 0.0322572 0.0393516 0.0456757 0.050643 0.0540063 0.0558413 0.0564079 0.0560258 0.0550159 0.0536782 0.0522729 0.0509926 0.0499161 0.0489448 0.0477504 0.0457988 0.0425094 0.0375327 0.0310117 0.0236415
 0.00555968 0.00907092 0.0137316 0.019537 0.0263406 0.0337495 0.0410954 0.0475946 0.0526305 0.0559457 0.0576231 0.0579375 0.0572226 0.055809 0.0540027 0.0520713 0.0502219 0.0485644 0.0470509 0.0454177 0.043194 0.0398421 0.0350208 0.0288401 0.0219261
 0.0058474 0.00954089 0.0144428 0.0205448 0.0276854 0.0354389 0.043086 0.0497875 0.0548866 0.0581144 0.0595692 0.059555 0.0584356 0.0565648 0.0542618 0.0517985 0.0493853 0.0471449 0.045064 0.0429393 0.0403766 0.036907 0.0322208 0.026403 0.0199996
 0.0061752 0.01007 0.0152323 0.0216479 0.0291402 0.0372536 0.045222 0.0521509 0.0573373 0.0604892 0.0617081 0.0613217 0.0597292 0.0573222 0.0544516 0.0514082 0.0484094 0.0455838 0.0429376 0.0403146 0.0373935 0.0337834 0.0292215 0.0237781 0.0179184
 0.00644851 0.0105132 0.0158975 0.0225836 0.030383 0.0388153 0.0470752 0.054223 0.0595193 0.0626534 0.0637249 0.0630701 0.0611024 0.0582326 0.0548347 0.0512238 0.0476383 0.0442247 0.0410137 0.0378911 0.034601 0.0308264 0.0263546 0.0212488 0.0159008
 0.00664464 0.0108437 0.0164164 0.0233488 0.0314441 0.0401952 0.0487517 0.0561233 0.0615319 0.0646518 0.0655886 0.0646949 0.0624013 0.0591331 0.0552769 0.0511594 0.0470327 0.0430621 0.0393065 0.0356971 0.0320411 0.0280914 0.023684 0.0188787 0.0140007
 0.00688024 0.0112269 0.0169941 0.0241659 0.032537 0.0415796 0.050408 0.0579881 0.063502 0.0665998 0.0673832 0.0662188 0.0635636 0.0598729 0.0555584 0.0509623 0.0463443 0.0418766 0.037636 0.0335908 0.0296065 0.025502 0.02116 0.016639 0.012204
 0.0071342 0.0116332 0.0175934 0.0249918 0.0336106 0.0429003 0.0519443 0.0596737 0.065244 0.0682943 0.0689294 0.0675268 0.0645582 0.0604956 0.0557695 0.0507395 0.0456788 0.0407705 0.0361063 0.0316839 0.0274166 0.0231801 0.0188992 0.0146326 0.0105931
 0.00720031 0.0117703 0.0178542 0.0254429 0.0343158 0.0438948 0.053212 0.0611429 0.0668052 0.0698292 0.0703344 0.0687227 0.0654874 0.061116 0.056049 0.0506542 0.0452129 0.0399188 0.0348807 0.0301242 0.0256043 0.0212445 0.0170049 0.0129448 0.00923356
 0.00757812 0.0123561 0.0186839 0.0265336 0.0356671 0.0454886 0.0550059 0.0630598 0.0687291 0.0716146 0.0718299 0.0698012 0.0660724 0.0611914 0.0556488 0.0498389 0.0440458 0.0384538 0.0331641 0.0282086 0.0235661 0.0191942 0.0150785 0.0112754 0.00791414
 0.00764041 0.0124683 0.0188725 0.0268296 0.0360981 0.0460687 0.0557284 0.0638992 0.0696517 0.072588 0.0728207 0.0707631 0.0669361 0.0618704 0.0560599 0.0499241 0.0437836 0.0378553 0.032264 0.0270608 0.0222459 0.0178012 0.0137293 0.0100825 0.00695823
 0.00754001 0.0123353 0.0187292 0.0267179 0.0360714 0.0461772 0.0560042 0.064349 0.0702569 0.0733106 0.0736128 0.0715747 0.0677186 0.0625735 0.0566275 0.0502966 0.0439074 0.0376969 0.0318203 0.0263622 0.0213551 0.0168072 0.0127355 0.00918734 0.00623263
 0.00757455 0.0123815 0.0187819 0.0267702 0.0361225 0.046241 0.0561131 0.064546 0.0705771 0.0737623 0.0741688 0.0721803 0.0683099 0.0630948 0.057037 0.0505627 0.0440024 0.0375965 0.0315111 0.0258526 0.020683 0.0160394 0.0119563 0.00847925 0.0056559
 0.00775952 0.0126521 0.0191325 0.0271747 0.0365393 0.0466246 0.0564258 0.0647669 0.0707086 0.0738307 0.0742158 0.0722462 0.0684151 0.0632318 0.0571751 0.0506605 0.0440194 0.0374996 0.0312785 0.0254794 0.0201876 0.0154653 0.0113653 0.00793597 0.00520973
 0.0078022 0.0127213 0.0192353 0.0273141 0.0367103 0.0468094 0.0565929 0.0648778 0.0707336 0.0737658 0.0740903 0.072115 0.068338 0.0632497 0.0572949 0.0508537 0.0442331 0.0376733 0.0313607 0.0254393 0.0200213 0.0151968 0.0110402 0.00760758 0.00492355
 0.00778627 0.0126967 0.019201 0.0272712 0.0366625 0.0467634 0.0565569 0.0648584 0.0707309 0.0737715 0.0740926 0.0721077 0.0683298 0.0632637 0.0573583 0.0509811 0.044415 0.0378757 0.0315363 0.0255441 0.0200302 0.0151111 0.0108854 0.00742287 0.00474717
 0.00802 0.0130516 0.0196876 0.0278805 0.0373667 0.0475183 0.0573042 0.0655298 0.0712574 0.0740964 0.074183 0.07196 0.0679694 0.0627411 0.0567415 0.0503432 0.0438184 0.0373579 0.0311042 0.0251815 0.0197123 0.0148196 0.0106166 0.00718539 0.0045533
 0.00813192 0.0132188 0.0199117 0.0281527 0.0376694 0.0478292 0.0575999 0.0657883 0.071461 0.0742343 0.0742515 0.0719594 0.0679006 0.0626057 0.0565452 0.0501008 0.0435536 0.0370973 0.0308679 0.0249763 0.0195332 0.0146574 0.0104662 0.00704919 0.0044383
 0.00823119 0.0133855 0.0201709 0.0285273 0.0381707 0.0484438 0.0582807 0.0664582 0.072032 0.0746336 0.0744406 0.0719383 0.0676978 0.0622633 0.0561072 0.049607 0.0430396 0.0365948 0.0304037 0.0245689 0.0191907 0.0143786 0.0102449 0.00687851 0.00431231
 0.00807474 0.0131561 0.0198733 0.0281855 0.0378258 0.0481472 0.0580853 0.0664075 0.0721476 0.074905 0.0748241 0.0723692 0.0681108 0.0626091 0.0563603 0.0497629 0.0431081 0.0365934 0.030353 0.0244895 0.0190996 0.0142879 0.0101618 0.0068072 0.00425507
 0.00805746 0.0131149 0.0197884 0.0280341 0.0375919 0.0478363 0.057734 0.0660804 0.0719188 0.0748319 0.0749279 0.0726288 0.0684721 0.0630041 0.056726 0.0500556 0.043308 0.0367023 0.0303868 0.0244699 0.0190486 0.0142237 0.0100974 0.00675056 0.00421002
 0.00800749 0.0130298 0.0196529 0.0278303 0.0373027 0.0474509 0.0572567 0.0655389 0.0713673 0.074347 0.0745924 0.0725094 0.0685966 0.0633505 0.0572293 0.0506294 0.0438698 0.0371919 0.0307737 0.0247498 0.0192341 0.0143356 0.0101575 0.00677746 0.00421822
 0.00796889 0.0129722 0.0195751 0.0277332 0.0371863 0.0473116 0.0570857 0.0653251 0.0711041 0.0740409 0.0742706 0.0722195 0.068397 0.0632918 0.0573351 0.0508855 0.0442282 0.0375881 0.0311474 0.0250602 0.0194649 0.0144901 0.0102504 0.00682708 0.00424104
 0.00794249 0.012925 0.0194967 0.0276126 0.037016 0.0470929 0.0568322 0.0650598 0.0708514 0.0738174 0.074082 0.0720667 0.0682856 0.0632389 0.057365 0.0510174 0.0444624 0.0378998 0.0314931 0.0253923 0.0197466 0.0147032 0.0103952 0.00691564 0.00428967
 0.00794495 0.0129269 0.0194952 0.0276026 0.0369899 0.0470416 0.0567466 0.0649349 0.0706895 0.07363 0.0738876 0.071885 0.0681328 0.0631267 0.0573038 0.0510182 0.0445344 0.0380431 0.0316928 0.02562 0.0199685 0.0148922 0.010537 0.00701003 0.00434555
 0.00782662 0.0127428 0.0192341 0.0272607 0.0365732 0.0465672 0.0562448 0.064447 0.0702615 0.0733024 0.0736875 0.0718232 0.0682053 0.0633175 0.0575899 0.0513743 0.0449369 0.0384715 0.0321271 0.0260381 0.0203464 0.0152087 0.0107802 0.00717987 0.00445287
 0.00766618 0.0124925 0.0188775 0.026791 0.0359959 0.0459034 0.0555341 0.0637468 0.0696386 0.0728192 0.0733895 0.0717318 0.0683179 0.0636119 0.0580301 0.0519177 0.04554 0.0390944 0.0327356 0.026603 0.0208435 0.01562 0.0110968 0.00740438 0.00459817
 0.00764835 0.0124475 0.0187806 0.0266104 0.0357013 0.0454804 0.0549955 0.063135 0.0690158 0.0722521 0.0729353 0.0714313 0.0681934 0.0636675 0.0582531 0.0522811 0.0460066 0.0396221 0.0332821 0.0271299 0.0213191 0.0160211 0.011411 0.00763129 0.00474797
 0.00763121 0.0124173 0.0187297 0.0265274 0.0355703 0.0452815 0.0547094 0.0627505 0.0685403 0.0717185 0.0724004 0.0709638 0.0678564 0.0635038 0.0582782 0.0524842 0.0463573 0.040077 0.0337924 0.0276473 0.0218015 0.0164368 0.0117418 0.00787325 0.00490975
 0.00768794 0.0125057 0.018855 0.0266902 0.0357645 0.0454914 0.0549071 0.0628969 0.068591 0.0716358 0.0721671 0.0705938 0.0673961 0.0630228 0.057851 0.0521717 0.0461928 0.0400633 0.0339063 0.0278493 0.0220463 0.016683 0.0119584 0.00804311 0.00502922
 0.00761547 0.012394 0.0186987 0.0264896 0.0355268 0.045231 0.0546457 0.0626603 0.0684022 0.0715063 0.0720921 0.0705551 0.0673721 0.0630013 0.0578376 0.0521883 0.0462673 0.040216 0.0341388 0.0281428 0.0223672 0.0169937 0.0122278 0.00825319 0.00517676
 0.00767656 0.0124746 0.0187857 0.0265595 0.0355524 0.0451926 0.0545398 0.0625011 0.0682157 0.0713207 0.0719286 0.0704231 0.0672695 0.0629187 0.0577663 0.0521281 0.0462296 0.0402193 0.0341993 0.0282639 0.0225361 0.0171848 0.0124124 0.00840893 0.00529263
 0.00769242 0.0125054 0.0188401 0.0266452 0.0356706 0.0453304 0.0546678 0.0625798 0.0682109 0.0712201 0.0717487 0.0702015 0.0670478 0.0627271 0.0576179 0.0520223 0.0461621 0.040189 0.0342098 0.0283186 0.0226314 0.0173073 0.0125422 0.00852645 0.0053851
 0.00772948 0.0125657 0.0189309 0.0267738 0.0358427 0.0455479 0.0549237 0.0628544 0.0684704 0.0714209 0.0718488 0.0701752 0.0668966 0.0624794 0.0573178 0.0517145 0.0458803 0.0399538 0.0340317 0.0282016 0.0225734 0.0172994 0.0125689 0.00856956 0.00542908
 0.00779235 0.0126617 0.019064 0.0269437 0.0360456 0.0457775 0.0551717 0.0631096 0.068718 0.0716417 0.072019 0.0702685 0.0668899 0.0623617 0.0570972 0.0514186 0.045549 0.0396283 0.0337446 0.0279733 0.0224114 0.0172003 0.0125209 0.00855657 0.00543478
 0.0077353 0.0125872 0.0189854 0.0268842 0.0360313 0.0458268 0.0552872 0.0632778 0.0689161 0.0718471 0.0722143 0.07044 0.0670238 0.0624421 0.0571094 0.0513562 0.0454199 0.0394543 0.0335559 0.0277989 0.0222719 0.0171044 0.0124662 0.00853336 0.00543088
 0.00764234 0.0124494 0.0188036 0.0266709 0.03581 0.04563 0.0551516 0.0632367 0.068989 0.0720302 0.0724796 0.0707441 0.0673217 0.0626979 0.0573001 0.0514706 0.045457 0.0394234 0.0334762 0.0276954 0.0221695 0.0170209 0.0124096 0.0085021 0.00541816
 0.00766568 0.0124703 0.0188043 0.0266263 0.035697 0.0454411 0.0549053 0.0629774 0.068774 0.0719106 0.0724835 0.070869 0.0675382 0.0629607 0.0575617 0.0516925 0.0456156 0.0395114 0.0335 0.0276719 0.0221203 0.0169664 0.0123639 0.00847141 0.00540165
 0.00762235 0.012402 0.0187049 0.0264891 0.0355143 0.0452036 0.0546062 0.06262 0.0683811 0.0715285 0.0721757 0.0706982 0.067544 0.0631451 0.0578884 0.0521007 0.0460396 0.0398976 0.033816 0.0279073 0.0222817 0.01707 0.0124276 0.00851028 0.00542574
 0.007527 0.0122619 0.0185215 0.0262735 0.0352829 0.0449723 0.0543852 0.0624119 0.0681828 0.0713367 0.0719943 0.070545 0.0674505 0.063147 0.0580096 0.0523395 0.0463661 0.0402633 0.0341705 0.0282127 0.0225194 0.0172394 0.0125397 0.00858 0.00546703
 0.00754102 0.0122759 0.0185269 0.0262584 0.0352372 0.0448943 0.0542852 0.0623087 0.0680942 0.0712685 0.0719371 0.0704818 0.0673701 0.0630553 0.0579306 0.0523042 0.0463967 0.0403615 0.0343165 0.0283754 0.0226694 0.0173585 0.0126231 0.00863236 0.00549704
 0.0076505 0.0124302 0.0187149 0.0264536 0.0354037 0.0449974 0.0543022 0.0622345 0.0679421 0.0710662 0.0717184 0.0702754 0.0671926 0.0629099 0.0578151 0.0522197 0.0463506 0.040362 0.0343643 0.028459 0.0227689 0.0174534 0.0126995 0.00868575 0.00552998
 0.00763534 0.0124108 0.0186946 0.026436 0.0353886 0.0449758 0.0542545 0.062137 0.0677783 0.07084 0.0714579 0.0700258 0.0669993 0.0628032 0.0578023 0.0522892 0.0464816 0.040534 0.0345606 0.0286646 0.0229681 0.0176306 0.0128428 0.00879042 0.0055988
 0.00747713 0.0121857 0.0184152 0.0261351 0.0351101 0.0447599 0.0541248 0.0620937 0.0678011 0.0708955 0.0715118 0.0700554 0.0670024 0.0627978 0.0578162 0.0523462 0.0465921 0.0406932 0.0347537 0.0288726 0.0231722 0.0178143 0.0129942 0.00890397 0.00567584
 0.00742094 0.0120972 0.0182888 0.0259715 0.0349204 0.04457 0.0539741 0.0620263 0.0678473 0.0710544 0.0717452 0.0703004 0.0671961 0.0629017 0.0578273 0.0522918 0.0465132 0.0406272 0.0347229 0.0288822 0.023214 0.0178739 0.013057 0.00895883 0.00571713
 0.0071433 0.0116409 0.0175955 0.0249901 0.0336264 0.0429918 0.0522158 0.0602682 0.0663132 0.0699551 0.071224 0.0703996 0.0678551 0.063982 0.0591563 0.0537078 0.0478956 0.0419039 0.0358596 0.0298653 0.0240379 0.0185366 0.0135621 0.00931909 0.00595487
 0.00722973 0.0117491 0.0176965 0.0250318 0.0335406 0.0427098 0.0516884 0.0594836 0.065312 0.068836 0.0701341 0.0695046 0.0672956 0.0638336 0.0594108 0.0542838 0.0486724 0.04276 0.0366996 0.0306285 0.0246923 0.0190692 0.0139718 0.00961431 0.00615186
 0.00719584 0.0117156 0.0176838 0.0250659 0.033638 0.0428571 0.0518291 0.0595259 0.0651584 0.0684249 0.0694715 0.0686731 0.0664359 0.0631054 0.0589471 0.0541537 0.0488671 0.0432062 0.0372917 0.0312624 0.0252881 0.0195779 0.0143723 0.00990578 0.00634739
 0.00718265 0.0116955 0.0176573 0.0250382 0.0336215 0.0428722 0.0518987 0.0596618 0.0653426 0.0685991 0.0695476 0.068568 0.0661139 0.0626051 0.0583746 0.0536448 0.048537 0.0431119 0.0374212 0.0315522 0.0256544 0.0199451 0.0146894 0.0101494 0.00651598
 0.00711757 0.0115816 0.0174718 0.0247572 0.0332288 0.0423718 0.0513267 0.0590862 0.0648494 0.0682649 0.0694114 0.0686144 0.0662794 0.0628068 0.0585503 0.0537821 0.0486738 0.0433078 0.0377192 0.0319534 0.0261185 0.0204109 0.0151007 0.0104723 0.0067428
 0.00718374 0.0116869 0.0176247 0.0249597 0.0334716 0.042629 0.0515545 0.059232 0.0648706 0.0681487 0.0691836 0.0683276 0.0659875 0.0625416 0.0583145 0.0535632 0.0484674 0.0431319 0.0376083 0.0319367 0.0261999 0.0205651 0.015285 0.0106459 0.00688034
 0.00731795 0.0119013 0.0179398 0.0253904 0.0340222 0.0432858 0.0522775 0.059953 0.0655007 0.0685976 0.0693828 0.0682502 0.0656554 0.062016 0.057674 0.0528805 0.0477973 0.0425138 0.0370744 0.0315146 0.0259056 0.0203946 0.0152138 0.0106383 0.0069021
 0.00722707 0.0117755 0.0177916 0.0252471 0.0339201 0.0432607 0.0523555 0.0601439 0.0657948 0.0689647 0.0697734 0.0686027 0.0659102 0.0621328 0.0576432 0.0527239 0.0475575 0.0422394 0.0368095 0.0312931 0.0257486 0.020308 0.0151882 0.0106534 0.00693522
 0.00722251 0.0117712 0.0177916 0.0252593 0.0339574 0.0433407 0.052498 0.0603652 0.0660998 0.0693391 0.0701815 0.0689924 0.0662234 0.0623186 0.0576699 0.0525866 0.0472795 0.0418667 0.0363989 0.0308994 0.0254137 0.0200552 0.0150205 0.0105581 0.0068909
 0.00715565 0.0116631 0.0176309 0.0250377 0.0336743 0.0430085 0.0521473 0.0600446 0.0658674 0.069248 0.0702637 0.0692473 0.0666158 0.062785 0.0581339 0.0529783 0.0475524 0.0420068 0.0364237 0.0308469 0.0253279 0.019972 0.0149608 0.0105265 0.00688148
 0.00700245 0.0114257 0.0172954 0.0245996 0.0331392 0.0423941 0.0514861 0.0593858 0.0652746 0.0687907 0.0700053 0.0692321 0.0668567 0.063257 0.0587752 0.0537022 0.0482674 0.0426382 0.0369281 0.031216 0.0255802 0.0201385 0.0150714 0.0106026 0.00693518
 0.00684957 0.0111765 0.0169202 0.0240729 0.0324483 0.0415501 0.0505338 0.058403 0.0643583 0.0680356 0.0694865 0.0689983 0.0669297 0.0636314 0.059416 0.054544 0.0492207 0.0436045 0.0378198 0.0319735 0.0261784 0.0205823 0.0153839 0.0108128 0.00707019
 0.00681611 0.011099 0.0167606 0.0237814 0.031975 0.0408647 0.0496441 0.0573629 0.0632599 0.066991 0.0686075 0.0683783 0.0666322 0.0636836 0.059808 0.0552309 0.0501273 0.0446336 0.0388671 0.0329452 0.0270077 0.0212372 0.0158646 0.0111418 0.00728027
 0.00698166 0.0113591 0.0171324 0.0242672 0.0325523 0.0414768 0.0501965 0.0577367 0.0633445 0.0667246 0.0680032 0.0675236 0.0656631 0.0627482 0.0590336 0.0547017 0.0498744 0.0446367 0.0390652 0.0332562 0.0273504 0.0215494 0.0161124 0.0113174 0.00739284
 0.00693811 0.0113259 0.0171516 0.0243996 0.0328601 0.0419944 0.0509047 0.0585533 0.0641382 0.0673463 0.0683244 0.0674708 0.0652392 0.0620336 0.058164 0.0538304 0.0491328 0.0441059 0.0387659 0.033157 0.0273887 0.0216567 0.0162336 0.0114197 0.00746512
 0.0066753 0.0109368 0.0166398 0.0238009 0.0322418 0.0414487 0.0505356 0.0584551 0.0643646 0.0678798 0.069066 0.0682622 0.0659124 0.0624654 0.0583124 0.0537391 0.048905 0.043861 0.0385982 0.0331103 0.0274559 0.0217966 0.0163961 0.0115659 0.00757509
 0.00636196 0.0104441 0.0159318 0.0228623 0.0310893 0.0401442 0.0491965 0.0572479 0.0634731 0.067455 0.0691789 0.0688798 0.0669045 0.0636421 0.0594786 0.054749 0.049695 0.0444482 0.0390485 0.0334955 0.02782 0.0221468 0.0167136 0.0118269 0.00776682
#obs surv len freq
 nan nan nan nan nan nan nan nan nan nan nan nan nan nan nan nan nan nan nan nan nan nan nan nan nan
 0.00448394 0.00734488 0.0111744 0.0159902 0.0216904 0.0279654 0.0342791 0.0400103 0.04469 0.0481543 0.0505129 0.0520095 0.0529026 0.0534157 0.0537305 0.0539859 0.0542648 0.0545577 0.0546966 0.0542886 0.0527266 0.0493586 0.0438081 0.0362878 0.0276711
 0.00461072 0.00755365 0.0114932 0.0164457 0.0223013 0.0287325 0.0351748 0.0409763 0.0456457 0.0490128 0.0511976 0.0524655 0.053102 0.0533576 0.0534368 0.0534934 0.0536165 0.0537961 0.0538603 0.0534142 0.0518527 0.0485278 0.0430648 0.0356695 0.0271985
 0.00477496 0.00782126 0.0118972 0.0170175 0.023065 0.0296953 0.0363165 0.0422439 0.0469573 0.0502696 0.0522987 0.0533206 0.0536415 0.0535407 0.0532549 0.052968 0.0527927 0.0527331 0.052624 0.0520746 0.0504845 0.0472109 0.0418783 0.034679 0.02644
 0.00496487 0.00813236 0.0123697 0.0176904 0.0239681 0.0308376 0.0376742 0.0437554 0.048532 0.0518038 0.0536893 0.0544731 0.0544737 0.0539867 0.0532713 0.0525404 0.0519385 0.0515004 0.0510879 0.0503317 0.0486496 0.0454107 0.0402378 0.0333001 0.0253804
 0.00517291 0.00847321 0.0128877 0.0184288 0.0249614 0.0320983 0.0391795 0.0454418 0.0503033 0.053548 0.0552956 0.0558417 0.0555187 0.0546366 0.0534697 0.0522492 0.0511447 0.0502237 0.0493872 0.0483089 0.0464465 0.0431974 0.0381888 0.0315608 0.0240354
 0.00539552 0.00883845 0.0134437 0.0192228 0.0260309 0.0334572 0.0408035 0.0472629 0.052219 0.0554402 0.0570488 0.057353 0.0567007 0.0554167 0.0537884 0.0520601 0.0504177 0.0489547 0.0476118 0.0461166 0.0439866 0.0406685 0.0358073 0.0295147 0.0224402
 0.00563915 0.00923503 0.0140417 0.0200681 0.0271589 0.0348797 0.0424947 0.0491539 0.0542063 0.0574043 0.0588726 0.0589322 0.057948 0.0562606 0.0541707 0.0519329 0.0497442 0.0477167 0.0458258 0.0438547 0.0413915 0.0379491 0.0332062 0.0272526 0.0206606
 0.00588735 0.00964219 0.0146611 0.0209514 0.0283455 0.0363811 0.044278 0.0511374 0.0562724 0.0594234 0.0607242 0.0605161 0.0591848 0.057088 0.0545387 0.0517995 0.0490742 0.0464869 0.0440414 0.0415724 0.0387417 0.035138 0.0304861 0.0248631 0.0187651
 0.00612224 0.0100305 0.0152576 0.0218112 0.0295135 0.0378746 0.0460691 0.0531463 0.0583782 0.0614879 0.0626152 0.0621222 0.0604212 0.0578951 0.054876 0.0516376 0.0483889 0.0452612 0.0422785 0.0393202 0.0361174 0.0323368 0.0277558 0.0224471 0.0168358
 0.00635599 0.0104099 0.0158279 0.0226152 0.0305852 0.0392277 0.0476844 0.0549646 0.0603055 0.0634096 0.0644124 0.0636841 0.0616538 0.0587258 0.055254 0.0515299 0.0477744 0.0441288 0.0406351 0.0372104 0.033648 0.0296869 0.0251579 0.0201345 0.0149783
 0.00659603 0.0108052 0.0164318 0.0234792 0.0317471 0.0406941 0.0494143 0.0568669 0.062256 0.0652787 0.0660875 0.0650785 0.0627033 0.0593831 0.0554839 0.0513067 0.047081 0.0429579 0.0389968 0.0351495 0.0312639 0.0271449 0.0226723 0.0179222 0.0131991
 0.00682883 0.0111881 0.0170161 0.0243153 0.0328745 0.042125 0.0511163 0.0587566 0.0642091 0.0671539 0.0677519 0.066426 0.0636628 0.0599167 0.0555783 0.0509619 0.046301 0.0417495 0.0373773 0.0331635 0.0290034 0.024759 0.0203535 0.0158651 0.0115467
 0.00705168 0.0115535 0.0175718 0.0251075 0.0339385 0.0434707 0.0527134 0.0605284 0.0660428 0.0689211 0.0693291 0.0677082 0.0645715 0.0604034 0.0556236 0.0505696 0.045489 0.0405425 0.035808 0.031284 0.0269015 0.0225684 0.0182429 0.0140029 0.010056
 0.00727245 0.0119148 0.0181198 0.025886 0.0349794 0.0447797 0.0542551 0.0622227 0.0677759 0.070568 0.0707746 0.0688595 0.0653621 0.0607928 0.0555952 0.0501273 0.0446525 0.0393432 0.0342888 0.0295048 0.0249504 0.0205673 0.0163384 0.0123378 0.00873137
 0.00744187 0.0121942 0.0185478 0.0265009 0.0358119 0.0458407 0.0555229 0.063638 0.0692493 0.0719959 0.072056 0.0699077 0.0661104 0.0611968 0.0556322 0.049794 0.0439616 0.0383211 0.0329766 0.0279621 0.0232615 0.0188432 0.0147068 0.0109189 0.0076077
 0.00750528 0.0123042 0.0187267 0.0267755 0.03621 0.046384 0.0562194 0.0644763 0.0701978 0.0730055 0.0730643 0.0708442 0.0669034 0.0617808 0.0559547 0.0498197 0.043675 0.037727 0.0321005 0.0268532 0.0219948 0.0175177 0.0134348 0.00980405 0.00672111
 0.00758116 0.012416 0.0188744 0.026954 0.0364138 0.0466142 0.0564874 0.0648016 0.0706006 0.0734962 0.0736362 0.0714695 0.067535 0.0623585 0.0564133 0.0500984 0.043726 0.0375228 0.0316394 0.0261626 0.0211322 0.0165668 0.012493 0.00896274 0.00604421
 0.00765353 0.0125295 0.0190367 0.0271676 0.0366737 0.046906 0.0567879 0.0650846 0.0708476 0.0737068 0.0738294 0.0716742 0.0677725 0.062628 0.0566873 0.0503281 0.0438537 0.0374965 0.0314265 0.0257594 0.020569 0.0159041 0.0118095 0.00833625 0.00553186
 0.00772777 0.0126436 0.0191958 0.0273722 0.036919 0.0471821 0.0570794 0.0653702 0.071103 0.0739104 0.0739701 0.0717563 0.0678159 0.0626589 0.0567251 0.0503734 0.0438839 0.0374724 0.0313068 0.025518 0.020207 0.0154536 0.0113253 0.00787932 0.0051505
 0.00777082 0.0127103 0.0192902 0.0274953 0.0370687 0.0473529 0.0572619 0.0655524 0.0712717 0.0740545 0.0740821 0.0718335 0.0678606 0.0626788 0.0567313 0.0503754 0.0438822 0.0374537 0.0312465 0.0253905 0.0199997 0.0151763 0.0110098 0.00756838 0.00488253
 0.00781622 0.012778 0.0193806 0.0276048 0.037191 0.0474803 0.0573873 0.0656694 0.0713752 0.0741404 0.074148 0.0718787 0.0678857 0.062686 0.0567241 0.0503581 0.0438575 0.0374192 0.0311926 0.0253029 0.019867 0.0149988 0.0108029 0.00735861 0.00469688
 0.00786649 0.0128548 0.0194866 0.0277387 0.0373465 0.0476469 0.0575507 0.0658134 0.0714852 0.0742082 0.0741734 0.0718685 0.0678498 0.0626338 0.0566629 0.0502923 0.0437895 0.0373487 0.0311157 0.0252127 0.0197566 0.0148664 0.0106555 0.007211 0.00456581
 0.00785914 0.0128456 0.0194778 0.0277341 0.0373504 0.0476624 0.0575784 0.0658508 0.0715282 0.0742519 0.0742143 0.0719049 0.0678819 0.0626626 0.0566891 0.0503157 0.0438084 0.0373601 0.0311151 0.0251951 0.0197179 0.0148057 0.0105778 0.00712633 0.00448628
 0.00789031 0.0128878 0.0195259 0.0277786 0.0373809 0.0476726 0.0575694 0.0658311 0.0715087 0.0742415 0.0742159 0.0719165 0.0678985 0.0626799 0.0567046 0.0503284 0.0438178 0.037365 0.0311132 0.025183 0.0196925 0.0147664 0.0105272 0.00707074 0.00443348
 0.0078929 0.0128922 0.0195327 0.0277871 0.0373889 0.0476747 0.0575581 0.0657995 0.0714553 0.0741732 0.0741476 0.0718651 0.0678766 0.0626908 0.0567429 0.050384 0.0438799 0.0374246 0.0311637 0.0252196 0.0197123 0.0147687 0.0105144 0.00704794 0.00440719
 0.00787156 0.0128555 0.0194741 0.0277004 0.0372703 0.0475266 0.0573912 0.0656312 0.0713054 0.0740576 0.0740759 0.0718412 0.0679009 0.0627613 0.0568543 0.0505264 0.0440394 0.0375857 0.0313124 0.0253455 0.0198094 0.0148353 0.0105533 0.00706499 0.00440994
 0.0078761 0.0128561 0.0194624 0.0276642 0.0371969 0.0474075 0.0572269 0.0654337 0.0710957 0.0738616 0.0739181 0.07174 0.0678656 0.0627917 0.0569431 0.0506611 0.0442049 0.0377653 0.0314895 0.0255056 0.019942 0.0149354 0.0106212 0.00710544 0.0044303
 0.00787969 0.0128627 0.0194732 0.0276795 0.0372141 0.0474194 0.0572213 0.0653961 0.0710154 0.0737382 0.0737646 0.0715795 0.0677251 0.0626941 0.0569012 0.0506771 0.0442712 0.0378681 0.0316118 0.0256306 0.0200555 0.0150279 0.0106888 0.0071494 0.00445534
 0.00786082 0.0128321 0.0194275 0.0276163 0.0371332 0.0473243 0.0571194 0.0652969 0.070927 0.0736635 0.0737015 0.0715248 0.0676793 0.0626636 0.0568966 0.050708 0.0443413 0.0379733 0.0317408 0.025768 0.020186 0.0151395 0.0107749 0.00720913 0.00449245
 0.00783861 0.0127934 0.0193649 0.0275218 0.0370008 0.0471539 0.05692 0.0650871 0.0707311 0.0735054 0.0735976 0.0714808 0.0676907 0.0627199 0.0569867 0.0508238 0.0444785 0.0381281 0.0319073 0.0259364 0.0203443 0.0152763 0.010883 0.00728669 0.00454273
 0.00782762 0.0127736 0.0193313 0.0274683 0.036921 0.0470429 0.0567767 0.0649167 0.0705454 0.0733221 0.0734377 0.0713643 0.0676314 0.0627223 0.0570458 0.0509282 0.0446148 0.0382844 0.0320731 0.0261022 0.0205 0.0154127 0.0109929 0.00736771 0.00459681
 0.00780448 0.012735 0.0192714 0.0273811 0.0368019 0.046891 0.0565966 0.0647187 0.0703445 0.0731348 0.0732799 0.07125 0.0675718 0.0627244 0.0571103 0.051049 0.0447795 0.0384769 0.0322772 0.0263029 0.0206848 0.0155718 0.0111203 0.00746162 0.00466005
 0.00777563 0.0126883 0.0192015 0.0272834 0.0366732 0.0467313 0.0564107 0.064517 0.0701417 0.0729475 0.0731238 0.071138 0.067513 0.0627238 0.0571688 0.0511629 0.0449404 0.0386719 0.0324901 0.0265168 0.0208841 0.0157443 0.0112587 0.00756399 0.00472933
 0.00772921 0.0126129 0.0190883 0.027125 0.0364659 0.0464779 0.0561239 0.0642189 0.0698601 0.0727093 0.0729497 0.0710402 0.0674951 0.0627828 0.057297 0.0513494 0.045172 0.0389333 0.0327645 0.0267862 0.0211318 0.0159569 0.0114281 0.00768854 0.00481329
 0.00769085 0.0125497 0.0189918 0.0269868 0.0362798 0.0462432 0.0558478 0.0639186 0.0695602 0.0724377 0.0727324 0.0708971 0.067438 0.062814 0.0574106 0.0515332 0.0454097 0.0392068 0.0330543 0.0270729 0.0213972 0.0161861 0.0116118 0.00782435 0.00490526
 0.00766269 0.0125037 0.018922 0.0268873 0.0361459 0.0460725 0.0556427 0.063687 0.0693156 0.0721979 0.0725171 0.0707262 0.0673287 0.0627785 0.0574539 0.051652 0.0455935 0.0394391 0.0333152 0.027341 0.0216521 0.0164106 0.0117946 0.00796117 0.00499885
 0.00765577 0.012491 0.0189003 0.0268523 0.0360929 0.0459975 0.0555437 0.0635643 0.0691725 0.07204 0.0723534 0.0705684 0.0671912 0.062677 0.0574026 0.0516609 0.0456653 0.0395681 0.0334881 0.0275394 0.021855 0.0165989 0.0119537 0.00808357 0.00508441
 0.00765823 0.0124963 0.0189103 0.026869 0.036117 0.0460265 0.0555708 0.0635793 0.069164 0.0719992 0.0722768 0.0704594 0.0670597 0.0625382 0.0572748 0.0515624 0.0456109 0.0395661 0.0335376 0.0276306 0.021972 0.0167229 0.0120681 0.00817718 0.00515278
 0.00761688 0.0124332 0.0188233 0.0267597 0.0359907 0.0458925 0.0554415 0.0634685 0.0690829 0.0719531 0.0722627 0.0704681 0.0670799 0.0625614 0.0572983 0.05159 0.0456507 0.0396266 0.033624 0.0277414 0.0220986 0.0168522 0.0121863 0.00827396 0.00522382
 0.00761069 0.0124211 0.0188015 0.0267235 0.0359366 0.0458198 0.0553545 0.0633763 0.0689975 0.0718854 0.0722196 0.0704503 0.0670827 0.062577 0.0573192 0.0516119 0.0456745 0.0396575 0.0336683 0.0278028 0.0221756 0.0169376 0.01227 0.00834655 0.0052796
 0.0075711 0.0123608 0.0187181 0.0266176 0.0358109 0.0456788 0.0552044 0.0632259 0.068858 0.0717702 0.0721413 0.0704182 0.0670998 0.0626388 0.0574147 0.0517275 0.0457979 0.0397806 0.0337881 0.0279192 0.0222881 0.0170435 0.0123644 0.00842436 0.0053379
 0.00756516 0.0123477 0.0186922 0.0265721 0.0357398 0.0455805 0.0550839 0.0630942 0.0687291 0.0716564 0.0720516 0.0703581 0.0670727 0.0626465 0.0574567 0.0517992 0.0458913 0.0398864 0.0338979 0.0280271 0.0223903 0.017137 0.0124458 0.00849074 0.00538763
 0.00753347 0.0122995 0.0186258 0.0264874 0.035638 0.0454632 0.0549531 0.0629536 0.0685863 0.0715227 0.0719408 0.0702829 0.0670419 0.0626627 0.057517 0.0518969 0.0460171 0.0400295 0.0340472 0.0281727 0.0225244 0.017254 0.0125425 0.0085657 0.00544153
 0.00754922 0.012322 0.0186538 0.0265178 0.0356665 0.0454854 0.0549651 0.062952 0.0685672 0.0714827 0.0718782 0.0702005 0.0669482 0.0625707 0.0574406 0.0518471 0.0459991 0.0400426 0.0340859 0.0282286 0.0225884 0.0173181 0.0126003 0.0086132 0.00547714
 0.00753962 0.0123105 0.0186438 0.0265147 0.0356753 0.0455078 0.0549979 0.0629871 0.0685947 0.0714943 0.0718695 0.0701709 0.0669003 0.0625103 0.057376 0.0517885 0.0459563 0.0400223 0.03409 0.0282539 0.0226282 0.0173642 0.0126454 0.00865191 0.00550682
 0.00752103 0.0122822 0.0186054 0.0264675 0.0356234 0.045458 0.0549587 0.0629669 0.0685984 0.0715205 0.0719099 0.0702135 0.0669338 0.0625275 0.0573764 0.0517765 0.04594 0.0400106 0.0340896 0.0282678 0.0226549 0.0173988 0.0126816 0.00868447 0.00553247
 0.00751847 0.0122765 0.0185937 0.0264468 0.0355912 0.0454139 0.0549062 0.0629136 0.068554 0.0714942 0.071907 0.0702331 0.0669693 0.0625686 0.0574128 0.0518019 0.0459535 0.0400161 0.0340937 0.0282762 0.0226705 0.0174208 0.0127068 0.00870862 0.00555244
 0.00748366 0.0122218 0.0185152 0.0263422 0.0354607 0.0452613 0.0547397 0.0627464 0.0684031 0.0713774 0.0718392 0.0702234 0.0670181 0.0626676 0.0575465 0.0519517 0.0461026 0.0401529 0.034213 0.0283778 0.0227565 0.017493 0.0127659 0.00875454 0.00558563
 0.00748947 0.0122275 0.0185168 0.0263336 0.0354351 0.0452137 0.0546689 0.0626559 0.0683001 0.0712716 0.0717414 0.0701449 0.0669691 0.0626552 0.0575725 0.0520111 0.046185 0.0402456 0.0343047 0.0284613 0.0228282 0.0175524 0.0128134 0.00879093 0.0056118
 0.00748947 0.0122275 0.0185168 0.0263336 0.0354351 0.0452137 0.0546689 0.0626559 0.0683001 0.0712716 0.0717414 0.0701449 0.0669691 0.0626552 0.0575725 0.0520111 0.046185 0.0402456 0.0343047 0.0284613 0.0228282 0.0175524 0.0128134 0.00879093 0.0056118
 0.00714644 0.0116863 0.017735 0.0252883 0.034134 0.0437078 0.0530637 0.0611062 0.0669829 0.0703427 0.071299 0.0702129 0.0675036 0.0635641 0.0587398 0.0533183 0.0475262 0.0415352 0.0354797 0.0294803 0.0236698 0.0182126 0.0133026 0.00913093 0.00583163
 0.00721653 0.0117562 0.0177586 0.0251947 0.0338447 0.0431662 0.0522609 0.0600918 0.065856 0.0692309 0.0703341 0.0695094 0.0671404 0.0635715 0.0590963 0.053959 0.048359 0.0424605 0.0364066 0.0303371 0.0244082 0.018808 0.0137513 0.00944578 0.00603614
 0.00724283 0.0118164 0.0178777 0.0253971 0.0341355 0.0435086 0.0525656 0.0602336 0.065719 0.068761 0.0695693 0.068571 0.066193 0.0627745 0.0585649 0.0537451 0.048451 0.0427972 0.0368997 0.0308938 0.0249496 0.0192792 0.0141241 0.00971554 0.00621467
 0.00718288 0.0117305 0.0177716 0.025287 0.0340483 0.043477 0.0526175 0.060376 0.0659206 0.0689476 0.0696425 0.0684491 0.065854 0.062275 0.0580213 0.0532898 0.0481855 0.0427644 0.0370804 0.0312248 0.0253499 0.0196748 0.0144635 0.00997428 0.00639182
 0.00713438 0.0116455 0.0176333 0.025079 0.0337622 0.0431232 0.0522331 0.0600219 0.0656649 0.0688385 0.0696849 0.0685966 0.0660255 0.06239 0.0580396 0.0532303 0.0481152 0.0427623 0.0371995 0.0314706 0.0256846 0.0200383 0.0147986 0.010244 0.00658394
 0.00716934 0.0117021 0.0177168 0.0251911 0.0338973 0.0432642 0.0523518 0.0600866 0.0656539 0.068754 0.0695539 0.0684572 0.065904 0.062286 0.0579292 0.0530884 0.0479399 0.0425839 0.037067 0.0314248 0.0257367 0.0201665 0.0149621 0.0104024 0.00671103
 0.00721221 0.0117789 0.0178451 0.0253904 0.0341825 0.0436365 0.0527893 0.0605422 0.0660641 0.0690543 0.0696984 0.0684314 0.0657268 0.0619983 0.057576 0.0527039 0.0475462 0.0422008 0.0367206 0.0311462 0.0255493 0.0200738 0.0149457 0.0104314 0.00675578
 0.00715757 0.0116999 0.0177452 0.0252815 0.0340847 0.0435755 0.0527924 0.0606315 0.0662471 0.0693161 0.0699997 0.0687176 0.0659449 0.062114 0.0575816 0.0526153 0.0473921 0.0420125 0.0365278 0.0309759 0.0254231 0.0200025 0.0149259 0.0104476 0.00678818
 0.00715704 0.0116933 0.0177254 0.0252398 0.0340149 0.0434801 0.0526869 0.0605437 0.0662097 0.0693556 0.0701254 0.0689159 0.0661804 0.0623394 0.057752 0.0527019 0.0473886 0.0419342 0.0364034 0.0308378 0.0253 0.0199131 0.0148761 0.0104317 0.00679373
 0.00708532 0.0115778 0.0175536 0.0250014 0.0337046 0.0431019 0.0522592 0.060102 0.0658038 0.0690417 0.069954 0.0689191 0.0663622 0.0626716 0.0581801 0.0531589 0.0478139 0.0422875 0.0366705 0.0310268 0.0254308 0.0200075 0.0149499 0.0104926 0.00684328
 0.00699726 0.0114323 0.0173306 0.0246821 0.0332764 0.0425667 0.0516403 0.0594455 0.065172 0.0685009 0.0695635 0.0687237 0.0663869 0.0629168 0.0586182 0.0537361 0.0484594 0.0429292 0.0372511 0.031513 0.0258141 0.0202965 0.0151607 0.0106419 0.00694494
 0.00695583 0.0113576 0.0172046 0.0244829 0.0329828 0.0421657 0.0511349 0.0588593 0.0645473 0.0678928 0.0690321 0.0683261 0.0661699 0.06291 0.0588277 0.0541411 0.0490134 0.0435667 0.0379009 0.0321135 0.0263245 0.0206996 0.0154592 0.01085 0.00708156
 0.00687438 0.0112272 0.0170119 0.024216 0.0326329 0.0417294 0.0506182 0.05828 0.0639362 0.0672908 0.0684868 0.0678872 0.0658838 0.0628136 0.0589423 0.0544668 0.0495252 0.0442154 0.0386193 0.0328294 0.0269745 0.0212415 0.0158757 0.0111458 0.00727578
