SBPRF35
7.78865
Curr Bio
631096
B35
696836
F35
0.228462
FOFL
0.2116
OFL
103150
Bzero
2.22533e+06
#pred survey bio
 4.50271e+06 4.23045e+06 3.98188e+06 3.69029e+06 3.3783e+06 3.05331e+06 2.75637e+06 2.45476e+06 2.15582e+06 1.8993e+06 1.65905e+06 1.47802e+06 1.29635e+06 1.1341e+06 1.00038e+06 888215 801536 739560 704551 680465 658035 628976 624801 609034 611919 606636 591328 592091 585209 576663 577977 582498 583285 578813 568088 545567 538895 527046 528296 528623 540590 539973 540842 538522 543292 546753 549266 547301 556902 564516 576020 588627 585497 597190 591059 601854 630230 2.26432e+07 1.38213e+07 1.4128e+07 1.4597e+07 1.51371e+07 1.56552e+07 1.61035e+07 1.64674e+07 1.67508e+07 1.69657e+07 1.7126e+07 1.72445e+07 1.73317e+07 1.73958e+07 1.74431e+07 1.74781e+07 1.75042e+07 1.75237e+07 1.75383e+07 1.75494e+07 1.75577e+07 1.75641e+07 1.7569e+07 1.75727e+07 1.75756e+07 1.75777e+07 1.75794e+07 1.75807e+07 1.75817e+07 1.75825e+07 1.75831e+07 1.75835e+07 1.75839e+07 1.75842e+07 1.75844e+07 1.75845e+07 1.75847e+07 1.75848e+07 1.75848e+07 1.75849e+07 1.7585e+07 1.7585e+07 1.7585e+07 1.7585e+07 1.75851e+07 1.75851e+07 1.75851e+07 1.75851e+07 1.75851e+07 1.75851e+07 1.75851e+07 1.75851e+07 1.75851e+07 1.75851e+07 1.75851e+07 1.75851e+07 1.75851e+07 1.75851e+07 1.75851e+07 1.75851e+07 1.75851e+07 1.75851e+07 1.75851e+07 1.75851e+07 1.75851e+07 1.75851e+07 1.75851e+07 1.75851e+07 1.75851e+07 1.75851e+07 1.75851e+07 1.75851e+07 1.75851e+07 1.75851e+07 1.75851e+07 1.75851e+07 1.75851e+07 1.75851e+07 1.75851e+07 1.75851e+07 1.75851e+07 1.75851e+07 1.75851e+07 1.75851e+07 1.75851e+07 1.75851e+07 1.75851e+07 1.75851e+07 1.75851e+07 1.75851e+07 1.75851e+07 1.75851e+07 1.75851e+07 1.75851e+07 1.75851e+07 1.75851e+07 1.75851e+07 1.75851e+07 1.75851e+07 1.75851e+07 0 0 0 0 0 0 0 0 0 0 0 0 0 0 0 0 0 0 0 0 0 0 0 0 0
#obs survey bio
 3.94308e+06 3.04106e+06 3.75172e+06 3.091e+06 2.10461e+06 2.76842e+06 1.80942e+06 1.89748e+06 2.00341e+06 1.52679e+06 1.36996e+06 1.52319e+06 833764 755471 945990 732165 887582 663308 666832 732519 722573 535508 600024 824987 481342 494357 542445 737014 547171 509289 506213 531994 489146 557187 642073 508570 723960 619720 877434 691508 540512 500507 509883 565152 818034 662694 552411 477956 429216 643218 585852 546982 651652 496606 732063 625217 535468
#pred catch bio
 91997.5 88252.6 152516 201441 247474 255963 291597 317430 303049 307556 269762 281119 270502 248480 230157 206331 181350 154483 142164 137563 139512 116032 124315 107398 113143 118776 102032 105781 105155 95974 93004.9 95274.5 97028.1 97740.3 102329 85886.8 91667 83342.7 85602.2 76118.1 87139 86256.2 89478.7 84176.8 86486 88862.7 94250.1 86420 90573.3 89439.4 90327 104528 93077.7 109957 98208.4 87926.4 101375 103150 111822 113228 115793 119253 122693 125624 127914 129606 130807 131634 132191 132560 132800 132955 133054 133117 133157 133182 133198 133208 133214 133218 133220 133221 133222 133223 133223 133223 133224 133224 133224 133224 133224 133224 133224 133224 133224 133224 133224 133224 133224 133224 133224 133224 133224 133224 133224 133224 133224 133224 133224 133224 133224 133224 133224 133224 133224 133224 133224 133224 133224 133224 133224 133224 133224 133224 133224 133224 133224 133224 133224 133224 133224 133224 133224 133224 133224 133224 133224 133224 133224 133224 133224 133224 133224 133224 133224 133224 133224 133224 133224 133224 133224 133224 133224 133224 133224 133224 133224 0 0 0 0 0 0 0 0 0 0 0 0 0 0 0 0 0 0 0 0 0 0 0 0 0
#obs catch bio
 0 87972.1 153102 202311 249650 258830 296391 323164 308911 314775 275036 287632 278711 255319 236637 212633 186336 156929 144307 139290 141392 117134 125809 108039 114701 120150 102724 105873 105237 96493.2 93393.3 95991.8 98120.5 98033.2 102484 85689.3 91201 82692.4 84731.2 75121.1 85862.4 85295.4 88775.2 83451.3 85591.5 88078 93978.4 86100.7 90471.6 89474.8 90029.6 104790 92610.9 110117 98193.9 87767.7 101458
#pred cpue bio
 4.4183e+06 4.14903e+06 3.90272e+06 3.61245e+06 3.30202e+06 2.97853e+06 2.68316e+06 2.38387e+06 2.08767e+06 1.83364e+06 1.59609e+06 1.41695e+06 1.23782e+06 1.07833e+06 947315 837758 753642 694266 661089 638327 617231 589661 585873 570841 573788 569130 555046 556610 550619 542470 543697 548197 549398 546057 537036 516353 509813 496981 497139 497562 509541 508990 509578 507124 511563 514636 516606 514245 523061 529963 540793 552859 549748 560738 554231 563807 590369 2.12226e+07 1.29688e+07 1.32341e+07 1.36397e+07 1.41546e+07 1.46665e+07 1.51136e+07 1.54773e+07 1.57607e+07 1.59756e+07 1.61359e+07 1.62544e+07 1.63415e+07 1.64057e+07 1.6453e+07 1.6488e+07 1.65141e+07 1.65336e+07 1.65482e+07 1.65593e+07 1.65676e+07 1.6574e+07 1.65789e+07 1.65826e+07 1.65854e+07 1.65876e+07 1.65893e+07 1.65906e+07 1.65916e+07 1.65924e+07 1.6593e+07 1.65934e+07 1.65938e+07 1.65941e+07 1.65943e+07 1.65944e+07 1.65946e+07 1.65947e+07 1.65947e+07 1.65948e+07 1.65948e+07 1.65949e+07 1.65949e+07 1.65949e+07 1.65949e+07 1.6595e+07 1.6595e+07 1.6595e+07 1.6595e+07 1.6595e+07 1.6595e+07 1.6595e+07 1.6595e+07 1.6595e+07 1.6595e+07 1.6595e+07 1.6595e+07 1.6595e+07 1.6595e+07 1.6595e+07 1.6595e+07 1.6595e+07 1.6595e+07 1.6595e+07 1.6595e+07 1.6595e+07 1.6595e+07 1.6595e+07 1.6595e+07 1.6595e+07 1.6595e+07 1.6595e+07 1.6595e+07 1.6595e+07 1.6595e+07 1.6595e+07 1.6595e+07 1.6595e+07 1.6595e+07 1.6595e+07 1.6595e+07 1.6595e+07 1.6595e+07 1.6595e+07 1.6595e+07 1.6595e+07 1.6595e+07 1.6595e+07 1.6595e+07 1.6595e+07 1.6595e+07 1.6595e+07 1.6595e+07 1.6595e+07 1.6595e+07 1.6595e+07 1.6595e+07 1.6595e+07 1.6595e+07 1.6595e+07 0 0 0 0 0 0 0 0 0 0 0 0 0 0 0 0 0 0 0 0 0 0 0 0 0
#obs cpue bio
 6.25331e+06 2.82998e+06 4.83094e+06 3.05e+06 3.11561e+06 1.67295e+06 2.97777e+06 3.17646e+06 1.51571e+06 1.73879e+06 1.55338e+06 1.13373e+06 952433 1.30160e+06 695690 580128 500994 912005 553399 560320 509416 530158 585442 413075 415545 795981 552730 741523 590325 372134 624558 441880 444421 967146 607959 581478 639774 517048 483556 506747 792944 449348 510964 544424 468437 412625 380414 572640 631285 398386 684893 477714 665018 560048 433131 525680 699302
#pred surv len freq
 0.00463581 0.00749996 0.0112438 0.0158497 0.0212325 0.0271723 0.0332725 0.039037 0.0440417 0.0480675 0.0511082 0.0532932 0.0548048 0.0558197 0.0564671 0.0568026 0.0568077 0.0564042 0.0554542 0.0537346 0.0509228 0.0466668 0.0407775 0.0334632 0.0254204
 0.00494874 0.00793196 0.011757 0.0163742 0.0217026 0.027574 0.0336667 0.0395309 0.0447152 0.0488991 0.0519522 0.0539281 0.0550273 0.0555332 0.055722 0.0557761 0.0557362 0.0554959 0.0548168 0.0533487 0.0506738 0.0464182 0.0404449 0.0330457 0.0249806
 0.00509611 0.00820335 0.0122186 0.0170926 0.0227121 0.0288379 0.0350597 0.0408715 0.0458419 0.0497402 0.0525339 0.0543117 0.0552274 0.0554874 0.0553355 0.055004 0.0546387 0.0542265 0.0535547 0.0522212 0.0497172 0.0455974 0.0397082 0.0323724 0.0243897
 0.0053346 0.00856892 0.0127317 0.0177683 0.0235702 0.0299091 0.0363752 0.0424301 0.0475714 0.0514849 0.054089 0.0554922 0.0559264 0.055682 0.0550481 0.0542651 0.0534863 0.0527347 0.0518483 0.050453 0.0480226 0.0440633 0.038376 0.0312602 0.0235082
 0.00558859 0.00897963 0.0133447 0.0186222 0.0246876 0.0312851 0.0379696 0.0441724 0.0493777 0.053271 0.0557666 0.0569533 0.05704 0.0563178 0.0551135 0.0537281 0.0523754 0.0511274 0.0498639 0.048246 0.0457662 0.0419222 0.0364808 0.0296944 0.0223059
 0.00581258 0.00934814 0.0139084 0.0194335 0.0257931 0.0327114 0.0397058 0.0461575 0.051503 0.0553972 0.0577483 0.0586593 0.0583609 0.0571619 0.055402 0.0534001 0.0514046 0.0495406 0.0477515 0.0457603 0.0431067 0.0393075 0.0341119 0.0277188 0.0207948
 0.00602461 0.00968794 0.0144122 0.0201359 0.0267262 0.0339005 0.0411605 0.0478612 0.0534042 0.0574072 0.0597456 0.0605023 0.059906 0.0582818 0.0559952 0.0533927 0.0507517 0.0482355 0.045843 0.0433684 0.0404228 0.0365716 0.0315679 0.0255622 0.0191328
 0.00627672 0.0100928 0.0150126 0.0209694 0.0278199 0.0352627 0.042771 0.0496671 0.0553263 0.0593528 0.061618 0.0622034 0.0613357 0.0593384 0.0565817 0.0534249 0.0501674 0.0470062 0.0439908 0.040985 0.0376809 0.033712 0.0288569 0.0232298 0.0173176
 0.00656875 0.0105613 0.0157067 0.0219319 0.0290814 0.0368309 0.0446173 0.0517187 0.057472 0.06146 0.0635547 0.0638551 0.0626138 0.0601794 0.0569378 0.0532547 0.0494328 0.0456812 0.0420822 0.0385599 0.0348874 0.0307763 0.0260462 0.020788 0.0154017
 0.00686671 0.0110338 0.0163962 0.0228726 0.0302955 0.0383232 0.0463648 0.0536633 0.0595201 0.0634928 0.0654424 0.0654732 0.0638573 0.060972 0.0572334 0.0530293 0.0486738 0.0443836 0.0402593 0.0362675 0.0322493 0.0279913 0.0233604 0.0184359 0.0135423
 0.00721559 0.011588 0.0172065 0.0239775 0.0317156 0.0400508 0.0483526 0.0558191 0.0617166 0.065588 0.0673007 0.0669797 0.0649241 0.0615413 0.0572761 0.0525409 0.0476662 0.042879 0.0382935 0.0339056 0.0296077 0.0252478 0.0207354 0.016143 0.0117288
 0.00744995 0.0119689 0.0177798 0.0247871 0.0327962 0.0414162 0.0499816 0.0576476 0.063642 0.0674845 0.069038 0.0684386 0.0660085 0.0621835 0.0574381 0.0522099 0.0468489 0.0415977 0.036588 0.0318433 0.0272978 0.0228484 0.018438 0.0141328 0.0101348
 0.00769493 0.0123706 0.0183912 0.0256605 0.0339739 0.0429149 0.0517745 0.0596548 0.0657367 0.069512 0.070841 0.0698789 0.0669839 0.0626367 0.0573554 0.0516116 0.0457768 0.0401047 0.0347367 0.0297135 0.0249984 0.0205236 0.0162547 0.0122474 0.00865242
 0.00796266 0.0127965 0.0190158 0.026518 0.0350891 0.0442973 0.0534068 0.0614826 0.0676647 0.0714113 0.0725641 0.0712811 0.0679452 0.06308 0.0572537 0.0509839 0.0446751 0.0386008 0.0329134 0.027665 0.0228367 0.0183814 0.0142758 0.0105604 0.00733836
 0.00821832 0.0132029 0.0196103 0.0273293 0.0361333 0.0455701 0.0548755 0.0630824 0.0693048 0.0729881 0.0739736 0.0724264 0.068742 0.0634627 0.0571835 0.050455 0.0437158 0.0372682 0.0312865 0.0258399 0.0209248 0.0165065 0.012563 0.00911492 0.0062222
 0.00831124 0.013379 0.0199215 0.027839 0.0369012 0.0466278 0.0562042 0.0646055 0.0709022 0.0745235 0.0753205 0.0734856 0.0694469 0.063778 0.0570995 0.0499823 0.0428823 0.0361192 0.0298861 0.0242709 0.0192871 0.0149103 0.0111164 0.00790457 0.00529517
 0.00833953 0.0134273 0.0200008 0.0279677 0.0371088 0.0469571 0.0567052 0.0653194 0.0718376 0.075636 0.0765114 0.0746217 0.0703957 0.0644377 0.0574139 0.0499373 0.0424951 0.0354285 0.0289469 0.0231542 0.0180792 0.0137076 0.010013 0.00697595 0.0045825
 0.00850494 0.0136567 0.0202735 0.0282414 0.0373335 0.0470985 0.0567643 0.0653376 0.0718858 0.0757911 0.0768275 0.0751069 0.0710022 0.0650719 0.0579632 0.050302 0.0426107 0.0352731 0.0285379 0.0225401 0.0173312 0.0129099 0.0092501 0.00631706 0.00406875
 0.00855581 0.0137397 0.0203966 0.0284063 0.0375289 0.0472928 0.056907 0.065375 0.0717884 0.0755801 0.0765799 0.0749303 0.07099 0.0652628 0.0583248 0.0507443 0.04302 0.0355495 0.028621 0.0224183 0.0170369 0.0125052 0.00880863 0.0059055 0.00373234
 0.00852982 0.0137024 0.0203502 0.0283571 0.0374866 0.0472683 0.0569076 0.0653988 0.0718207 0.0755961 0.076558 0.0748701 0.0709232 0.0652441 0.0584048 0.0509394 0.0432984 0.0358419 0.0288488 0.0225243 0.0170029 0.0123529 0.00858584 0.00566664 0.00352094
 0.00856378 0.0137463 0.0203958 0.0283904 0.037493 0.0472398 0.0568485 0.065325 0.0717529 0.0755501 0.0765368 0.0748647 0.0709208 0.0652406 0.0584118 0.0509787 0.0433857 0.0359708 0.0289879 0.0226303 0.0170411 0.0123132 0.00848428 0.00553524 0.00339233
 0.00874067 0.0140112 0.0207512 0.0288217 0.0379695 0.0477193 0.0572826 0.0656653 0.0719607 0.0756058 0.0764453 0.0746508 0.0706192 0.0648869 0.0580387 0.050617 0.0430632 0.0357071 0.0287871 0.022479 0.0169162 0.0121942 0.00836301 0.00541661 0.00328764
 0.00871303 0.0139711 0.0206998 0.0287619 0.0379045 0.0476498 0.0572057 0.0655767 0.0718592 0.075498 0.0763461 0.07458 0.0705939 0.064915 0.0581166 0.0507317 0.0431985 0.0358481 0.0289219 0.022597 0.017007 0.0122501 0.0083832 0.00540812 0.00326295
 0.00878784 0.0140861 0.0208604 0.0289687 0.0381528 0.0479297 0.0575003 0.0658609 0.0721007 0.0756619 0.0764041 0.0745192 0.0704232 0.0646634 0.0578247 0.0504396 0.0429362 0.0356318 0.0287551 0.0224743 0.0169182 0.0121837 0.00832985 0.0053628 0.00322468
 0.0086059 0.0138188 0.020511 0.0285593 0.0377187 0.0475101 0.0571313 0.0655733 0.0719197 0.0756051 0.0764766 0.0747096 0.0707035 0.0649961 0.0581723 0.0507738 0.0432408 0.0359003 0.0289856 0.0226659 0.01707 0.0122958 0.00840478 0.00540639 0.0032453
 0.00844856 0.0135784 0.020179 0.028141 0.0372353 0.0469987 0.0566432 0.0651674 0.0716487 0.0755004 0.0765403 0.0749175 0.0710171 0.0653732 0.0585745 0.0511694 0.0436065 0.0362218 0.0292569 0.0228865 0.0172422 0.0124233 0.00849269 0.00546156 0.00327595
 0.00839015 0.0134846 0.0200402 0.0279501 0.0369897 0.0467045 0.0563186 0.0648434 0.071365 0.0752962 0.0764442 0.0749403 0.0711494 0.0655899 0.0588426 0.0514564 0.0438862 0.0364763 0.0294762 0.0230666 0.0173833 0.0125283 0.00856592 0.0055087 0.00330339
 0.00840466 0.0134753 0.0199662 0.0277543 0.0366157 0.0461217 0.0555451 0.0639515 0.0704659 0.0745124 0.0758814 0.0746674 0.0711883 0.0659151 0.0593905 0.0521423 0.044623 0.0371904 0.0301155 0.0236021 0.0178055 0.0128417 0.00878437 0.00565073 0.0033888
 0.00855093 0.0136952 0.0202609 0.0281062 0.0369838 0.0464412 0.0557336 0.0639266 0.0701754 0.0739632 0.0751497 0.0738798 0.0704823 0.0653989 0.0591186 0.0521119 0.0447874 0.0374802 0.0304591 0.0239411 0.0181013 0.0130759 0.00895436 0.0057642 0.00345831
 0.00860241 0.0137899 0.0204231 0.0283626 0.0373539 0.0469221 0.0562861 0.0644725 0.07061 0.0741834 0.0750859 0.0735223 0.06989 0.0646843 0.0584134 0.0515279 0.0443882 0.0372743 0.0304126 0.0239991 0.0182089 0.0131913 0.00905311 0.00583687 0.00350562
 0.00856735 0.0137319 0.0203356 0.028243 0.0372092 0.0467744 0.0561735 0.0644387 0.070685 0.0743622 0.0753214 0.0737391 0.0700144 0.0646767 0.0582847 0.0513328 0.0441996 0.0371525 0.030385 0.0240576 0.0183223 0.0133224 0.00917269 0.00592949 0.00356836
 0.00835191 0.0134199 0.0199365 0.0277892 0.036746 0.0463449 0.0558085 0.064159 0.0705092 0.0743119 0.0754144 0.0739741 0.0703594 0.0650717 0.0586627 0.0516462 0.0444362 0.0373323 0.030541 0.0242148 0.0184865 0.0134835 0.00931459 0.00604038 0.00364518
 0.00802382 0.0129272 0.0192726 0.0269792 0.0358451 0.0454312 0.0549736 0.0634955 0.070092 0.0741797 0.0755618 0.07436 0.0709237 0.0657485 0.0593857 0.052353 0.045077 0.0378788 0.0309892 0.0245778 0.0187816 0.0137224 0.0095022 0.00617907 0.00373943
 0.00774261 0.0124852 0.0186372 0.0261352 0.0348029 0.0442372 0.0537183 0.0623092 0.0691215 0.0735517 0.0753502 0.0745713 0.0715034 0.0666014 0.060401 0.0534243 0.0461153 0.0388195 0.0317948 0.0252357 0.019298 0.0141134 0.00978688 0.00637621 0.00386736
 0.00768927 0.0123734 0.0184227 0.0257614 0.0342153 0.0434059 0.0526614 0.0611023 0.0678896 0.0724454 0.0745152 0.0741187 0.0714866 0.0670059 0.0611512 0.0544054 0.0472013 0.0398972 0.0327791 0.0260749 0.0199715 0.0146244 0.0101535 0.00662415 0.00402423
 0.00837063 0.0133407 0.0196164 0.0270316 0.035356 0.0442154 0.0529953 0.0608996 0.0671732 0.0713115 0.0731182 0.0726473 0.0701304 0.0659188 0.060423 0.054052 0.0471735 0.0401048 0.0331195 0.0264573 0.0203306 0.0149238 0.0103808 0.006783 0.00412676
 0.00890127 0.0141792 0.0208252 0.0286311 0.0372955 0.0463422 0.0550436 0.0625288 0.0680627 0.0712733 0.072165 0.070979 0.0680558 0.0637617 0.0584504 0.0524375 0.0459903 0.03934 0.0327009 0.0262856 0.020308 0.0149727 0.0104503 0.0068462 0.00417371
 0.00880999 0.0141312 0.0209385 0.0290776 0.038255 0.0479275 0.0572267 0.0651075 0.0706861 0.0735186 0.0736425 0.0714366 0.0674487 0.0622586 0.056371 0.0501496 0.0438131 0.0374854 0.0312613 0.0252565 0.0196255 0.0145502 0.0102049 0.00671221 0.00410498
 0.00849114 0.0136409 0.020261 0.0282378 0.0373387 0.0470952 0.0567072 0.0651478 0.0714585 0.0750216 0.0756568 0.073573 0.0692741 0.0634384 0.0567665 0.0498332 0.0430088 0.0364695 0.0302721 0.0244425 0.0190398 0.0141759 0.00999124 0.00660297 0.00405517
 0.00847965 0.0135845 0.020107 0.0279167 0.0367854 0.0462858 0.0556951 0.0640809 0.0705617 0.0745429 0.0757871 0.0743655 0.0705996 0.0650107 0.0582374 0.0509166 0.0435716 0.0365492 0.0300235 0.0240525 0.0186573 0.0138811 0.0098016 0.00649936 0.00400718
 0.00851888 0.0136293 0.0201365 0.0278925 0.0366523 0.0459798 0.0551589 0.0632895 0.0695529 0.0734398 0.074792 0.0737128 0.0704757 0.0654748 0.0591852 0.0521129 0.0447403 0.0374751 0.0306148 0.0243387 0.018738 0.0138635 0.00976086 0.00646999 0.00399507
 0.00858742 0.0137501 0.0203338 0.0281894 0.0370585 0.0464739 0.0556758 0.0637222 0.0697772 0.0733564 0.0743698 0.0730157 0.0696571 0.0647329 0.0586918 0.0519464 0.0448588 0.037748 0.0308924 0.0245192 0.0187942 0.0138272 0.0096846 0.00639556 0.00394187
 0.0085893 0.0137577 0.0203551 0.0282373 0.0371518 0.0466344 0.0559208 0.0640526 0.0701634 0.073731 0.0746385 0.0730883 0.0694886 0.064353 0.0582021 0.0514813 0.0445275 0.037591 0.030876 0.0245688 0.0188407 0.0138364 0.00965835 0.00635343 0.00390248
 0.00864366 0.0138387 0.0204636 0.0283701 0.037304 0.0468028 0.0561066 0.0642604 0.070397 0.0739858 0.0748926 0.0732984 0.0695975 0.0643106 0.0579928 0.0511393 0.0441288 0.0372206 0.0305917 0.0243831 0.0187303 0.0137666 0.00960444 0.00630658 0.00386381
 0.00872221 0.0139486 0.0205957 0.0285048 0.0374162 0.0468711 0.0561215 0.0642282 0.0703379 0.0739284 0.0748655 0.0733191 0.0696629 0.0643941 0.0580529 0.0511392 0.0440556 0.0370922 0.0304456 0.0242551 0.0186383 0.0137088 0.00956886 0.00628226 0.00384528
 0.00881196 0.0140903 0.0207999 0.0287755 0.0377461 0.0472374 0.0564838 0.0645343 0.0705389 0.0739963 0.0748037 0.0731598 0.0694516 0.0641716 0.0578416 0.0509406 0.0438593 0.0368896 0.0302401 0.0240611 0.0184727 0.0135815 0.00947961 0.00622382 0.00380875
 0.00882103 0.0141176 0.0208644 0.0289021 0.0379596 0.0475513 0.0568896 0.0649968 0.0710004 0.0743893 0.0750678 0.073258 0.0693805 0.0639603 0.0575387 0.0505968 0.0435126 0.0365617 0.0299408 0.0237968 0.0182497 0.0134048 0.00934978 0.00613586 0.00375376
 0.00895611 0.0143145 0.0211196 0.0292006 0.0382823 0.0478858 0.0572358 0.0653613 0.0713828 0.0747692 0.0754011 0.0734872 0.0694546 0.0638536 0.0572614 0.0501899 0.0430338 0.0360676 0.0294754 0.0233876 0.0179106 0.0131397 0.00915553 0.00600344 0.00367042
 0.00895075 0.0143144 0.0211343 0.0292419 0.0383588 0.0479955 0.0573638 0.0654862 0.0714899 0.074861 0.0754955 0.0736024 0.0695908 0.0639866 0.0573524 0.0502053 0.042961 0.0359186 0.0292789 0.0231768 0.0177128 0.0129725 0.00902643 0.00591209 0.00361128
 0.0088913 0.0142331 0.0210408 0.0291561 0.038307 0.0480028 0.0574457 0.0656424 0.0717028 0.0750991 0.0757235 0.0737928 0.0697319 0.06408 0.0574031 0.0502131 0.0429204 0.0358265 0.0291418 0.0230119 0.0175429 0.0128184 0.00890139 0.00582059 0.00355069
 0.00884525 0.0141545 0.0209167 0.0289753 0.0380662 0.0477153 0.057146 0.0653825 0.0715374 0.0750662 0.0758302 0.074015 0.070025 0.0643958 0.0577022 0.0504698 0.0431203 0.0359631 0.0292151 0.0230293 0.0175189 0.0127714 0.00884859 0.00577409 0.00351605
 0.00874649 0.0140095 0.0207269 0.0287504 0.0378197 0.047458 0.0568841 0.0651224 0.0712938 0.0748679 0.0757158 0.0740188 0.0701611 0.0646494 0.0580343 0.0508306 0.043464 0.0362568 0.0294416 0.0231851 0.0176115 0.0128151 0.00886054 0.00576969 0.00350635
 0.00893951 0.0142856 0.021073 0.0291317 0.0381905 0.0477787 0.0571323 0.0652914 0.0713825 0.0748714 0.075627 0.0738383 0.0699071 0.0643571 0.057744 0.050573 0.0432518 0.0360866 0.0293019 0.0230647 0.0175041 0.0127199 0.00878003 0.00570658 0.0034613
 0.00898464 0.0143615 0.0211903 0.029297 0.0383997 0.0480096 0.0573431 0.0654312 0.0714119 0.0747825 0.0754472 0.0736157 0.0696882 0.0641718 0.0576044 0.0504799 0.0432002 0.0360677 0.0293035 0.0230735 0.0175097 0.0127173 0.00876974 0.00569232 0.00344725
 0.00922217 0.014724 0.0216918 0.0299347 0.0391552 0.0488503 0.0582201 0.0662751 0.0721344 0.0752887 0.0756591 0.0734971 0.0692587 0.0635023 0.0567947 0.0496305 0.042392 0.0353527 0.0287064 0.0225983 0.0171467 0.0124507 0.00858158 0.00556574 0.00336695
 0.00930542 0.0148556 0.0218826 0.0301914 0.0394786 0.0492327 0.0586436 0.0667123 0.0725525 0.0756539 0.0759383 0.0736582 0.0692738 0.0633565 0.0564966 0.0492154 0.0419138 0.034869 0.0282638 0.0222251 0.0168528 0.0122325 0.00842832 0.00546386 0.00330319
 0.00891406 0.0142973 0.0211871 0.0294366 0.0387698 0.0486687 0.0582888 0.0665892 0.0726506 0.0759442 0.0763822 0.0742099 0.0698799 0.0639584 0.0570372 0.0496512 0.0422243 0.0350596 0.0283597 0.0222587 0.0168534 0.0122201 0.00841369 0.00545139 0.00329397
#obs surv len freq
 nan nan nan nan nan nan nan nan nan nan nan nan nan nan nan nan nan nan nan nan nan nan nan nan nan
 0.00447916 0.00733816 0.0111662 0.0159817 0.0216828 0.0279601 0.0342765 0.0400102 0.0446918 0.0481572 0.0505162 0.0520129 0.0529059 0.0534188 0.0537335 0.0539887 0.0542675 0.0545604 0.0546992 0.0542911 0.0527291 0.0493609 0.0438102 0.0362895 0.0276723
 0.00461387 0.00755737 0.0114962 0.0164463 0.0222979 0.0287244 0.0351634 0.0409644 0.0456365 0.0490083 0.0511981 0.0524698 0.053108 0.0533638 0.0534421 0.0534975 0.0536195 0.0537982 0.0538619 0.0534155 0.0518537 0.0485287 0.0430655 0.0356701 0.0271989
 0.00477615 0.00782374 0.0119018 0.017025 0.0230757 0.029708 0.0363288 0.0422525 0.0469596 0.0502652 0.0522898 0.0533104 0.053633 0.0535352 0.0532521 0.0529667 0.0527917 0.0527316 0.0526219 0.0520719 0.0504814 0.0472077 0.0418755 0.0346765 0.0264381
 0.00496911 0.00813875 0.0123784 0.0177014 0.0239813 0.030853 0.0376916 0.0437743 0.0485508 0.0518198 0.0536996 0.0544758 0.054469 0.0539765 0.0532584 0.052527 0.0519256 0.0514881 0.0510756 0.0503192 0.048637 0.0453985 0.0402268 0.0332909 0.0253733
 0.00517334 0.00847479 0.0128917 0.0184368 0.0249748 0.0321177 0.0392041 0.0454693 0.0503309 0.0535729 0.0553158 0.0558555 0.0555249 0.0546347 0.0534602 0.0522339 0.0511257 0.0502031 0.0493661 0.0482879 0.046426 0.043178 0.0381714 0.0315462 0.0240242
 0.00540709 0.00885553 0.0134663 0.0192499 0.0260611 0.0334895 0.0408373 0.0472982 0.052255 0.055475 0.0570796 0.0573764 0.0567139 0.0554181 0.0537778 0.0520385 0.0503872 0.0489177 0.0475711 0.0460744 0.043945 0.0406293 0.0357724 0.0294857 0.022418
 0.00563611 0.00923304 0.014044 0.0200793 0.027183 0.0349184 0.0425455 0.0492108 0.0542617 0.0574523 0.0589102 0.0589591 0.0579645 0.0562669 0.0541663 0.0519172 0.0497177 0.0476807 0.0457828 0.0438074 0.0413431 0.0379027 0.0331646 0.0272181 0.0206342
 0.00588317 0.00963433 0.0146476 0.0209305 0.0283171 0.036348 0.044247 0.0511173 0.0562707 0.0594429 0.0607616 0.0605638 0.0592344 0.057133 0.0545751 0.0518253 0.0490885 0.04649 0.0440344 0.0415574 0.0387216 0.035116 0.0304648 0.0248447 0.0187508
 0.00613146 0.0100433 0.0152728 0.0218259 0.029524 0.037877 0.046061 0.0531277 0.0583529 0.0614625 0.0625976 0.0621184 0.0604327 0.0579187 0.0549053 0.0516656 0.0484102 0.0452729 0.0422799 0.0393122 0.0361025 0.032318 0.0277363 0.0224295 0.0168217
 0.00637709 0.0104464 0.0158866 0.0227028 0.0307055 0.039378 0.0478527 0.0551304 0.0604453 0.0635043 0.0644529 0.0636735 0.0616034 0.0586505 0.0551666 0.0514385 0.047682 0.0440354 0.0405398 0.0371136 0.0335518 0.0295953 0.0250757 0.020066 0.014926
 0.00661649 0.0108384 0.0164817 0.0235498 0.0318421 0.0408162 0.0495629 0.0570362 0.0624337 0.0654461 0.0662233 0.0651638 0.0627278 0.0593478 0.0553997 0.0511896 0.0469464 0.0428169 0.038856 0.0350122 0.0311332 0.0270243 0.0225666 0.0178354 0.0131334
 0.00684284 0.0112122 0.0170548 0.0243737 0.0329567 0.0422327 0.0512475 0.0589051 0.0643655 0.0673076 0.0678914 0.0665389 0.0637365 0.0599409 0.0555485 0.0508815 0.0461808 0.0416036 0.0372198 0.0330054 0.0288527 0.0246219 0.0202353 0.0157693 0.011475
 0.00704499 0.0115449 0.0175633 0.0251028 0.0339427 0.0434894 0.0527513 0.0605887 0.0661257 0.0690233 0.0694436 0.0678254 0.0646795 0.0604898 0.055677 0.0505823 0.0454589 0.0404741 0.0357114 0.0311713 0.0267849 0.0224579 0.0181459 0.013924 0.00999693
 0.00727063 0.0119085 0.0181044 0.0258559 0.0349305 0.0447125 0.0541776 0.0621493 0.0677241 0.0705523 0.0708024 0.0689291 0.0654641 0.0609122 0.0557148 0.0502307 0.0447269 0.0393817 0.0342914 0.0294776 0.0249035 0.0205116 0.0162834 0.0122902 0.00869452
 0.00742237 0.0121656 0.0185102 0.0264559 0.0357613 0.0457849 0.055461 0.0635693 0.0691766 0.0719277 0.0720059 0.06989 0.0661344 0.061263 0.0557316 0.0499106 0.0440769 0.0384192 0.033047 0.0280017 0.0232737 0.0188356 0.0146886 0.0108978 0.00758887
 0.00753367 0.0123424 0.0187697 0.0268141 0.0362337 0.0463858 0.0561985 0.0644377 0.0701488 0.072952 0.0730101 0.0707931 0.0668613 0.0617553 0.0559526 0.0498424 0.0437171 0.0377774 0.0321468 0.0268859 0.0220097 0.0175165 0.0134227 0.00978748 0.00670514
 0.00757774 0.0124161 0.0188844 0.0269817 0.0364648 0.0466865 0.0565687 0.0648721 0.0706407 0.0734954 0.0735964 0.071403 0.0674579 0.0622851 0.0563541 0.0500597 0.0437095 0.0375252 0.0316534 0.0261791 0.0211438 0.0165699 0.0124881 0.00895307 0.00603347
 0.00765955 0.0125356 0.0190395 0.027163 0.0366595 0.0468848 0.0567682 0.0650776 0.0708606 0.0737378 0.0738668 0.0717026 0.0677814 0.062616 0.0566616 0.0502995 0.0438318 0.0374865 0.0314283 0.025769 0.0205806 0.0159129 0.0118132 0.00833531 0.00552822
 0.00770659 0.0126123 0.0191545 0.0273223 0.0368629 0.0471214 0.0570154 0.0653057 0.0710437 0.073866 0.0739504 0.0717669 0.0678538 0.0627142 0.0567857 0.0504303 0.0439342 0.0375176 0.0313492 0.0255583 0.0202437 0.0154843 0.0113481 0.00789398 0.00515851
 0.00775745 0.0126859 0.0192487 0.0274304 0.0369763 0.0472341 0.0571259 0.0654148 0.0711507 0.0739649 0.0740325 0.0718265 0.0678942 0.0627472 0.0568254 0.0504834 0.0439925 0.0375576 0.0313393 0.0254704 0.0200663 0.0152296 0.0110498 0.00759611 0.00489996
 0.00782373 0.0127885 0.0193928 0.0276159 0.0371959 0.0474728 0.0573608 0.0656193 0.0713016 0.0740503 0.074054 0.071796 0.0678273 0.0626595 0.0567306 0.050393 0.0439126 0.0374849 0.0312601 0.0253657 0.0199213 0.0150428 0.0108364 0.00738217 0.00471206
 0.00784884 0.0128307 0.0194589 0.0277123 0.0373273 0.0476382 0.0575514 0.0658175 0.0714842 0.0741943 0.0741431 0.0718244 0.0678003 0.0625903 0.0566359 0.0502883 0.0438092 0.0373876 0.0311663 0.0252669 0.0198077 0.0149099 0.0106895 0.00723533 0.00458176
 0.00786526 0.0128533 0.0194856 0.0277396 0.0373522 0.0476613 0.0575779 0.065856 0.071542 0.0742723 0.0742337 0.0719133 0.0678718 0.0626331 0.0566467 0.0502711 0.0437723 0.0373393 0.0311113 0.025205 0.019736 0.0148264 0.0105968 0.00714126 0.00449668
 0.00788831 0.012886 0.019526 0.0277824 0.0373898 0.0476862 0.057585 0.065845 0.071518 0.074246 0.0742176 0.0719172 0.0678978 0.0626747 0.0566917 0.0503074 0.0437924 0.0373412 0.0310969 0.0251769 0.0196958 0.0147758 0.0105388 0.00708142 0.00444167
 0.00789275 0.0128934 0.0195371 0.0277976 0.0374082 0.0477049 0.0575988 0.0658475 0.0715046 0.0742165 0.0741782 0.071879 0.0678732 0.0626722 0.0567125 0.0503452 0.0438362 0.0373801 0.0311231 0.0251871 0.01969 0.0147563 0.0105095 0.00704748 0.00440859
 0.00788035 0.0128687 0.0194919 0.0277225 0.0372961 0.0475561 0.0574244 0.0656685 0.0713458 0.0740987 0.0741132 0.0718688 0.0679137 0.0627564 0.0568319 0.0504894 0.0439926 0.0375346 0.0312623 0.025301 0.0197737 0.0148099 0.0105373 0.00705625 0.00440593
 0.00788887 0.0128763 0.0194916 0.0277033 0.0372454 0.0474634 0.0572861 0.0654906 0.0711448 0.073899 0.0739423 0.0717509 0.0678637 0.0627769 0.056915 0.0506204 0.0441538 0.0377077 0.0314306 0.0254505 0.0198949 0.0148987 0.0105953 0.00708902 0.00442097
 0.00789642 0.0128868 0.0195038 0.0277139 0.0372488 0.0474515 0.0572494 0.0654203 0.0710363 0.0737561 0.0737786 0.0715888 0.0677286 0.0626909 0.0568907 0.0506585 0.0442444 0.037834 0.0315729 0.0255905 0.0200182 0.0149966 0.0106651 0.00713334 0.0044456
 0.00787306 0.0128522 0.0194579 0.0276588 0.0371879 0.0473884 0.0571863 0.0653578 0.0709733 0.0736899 0.0737075 0.0715143 0.0676574 0.0626348 0.0568636 0.0506718 0.0443023 0.0379316 0.0316974 0.025725 0.0201459 0.0151051 0.0107478 0.00718991 0.00448014
 0.0078384 0.0127954 0.0193719 0.0275381 0.0370307 0.0472002 0.0569818 0.0651596 0.0708058 0.0735719 0.0736466 0.0715064 0.0676916 0.0626992 0.0569502 0.0507778 0.0444279 0.0380762 0.0318563 0.025888 0.0203004 0.0152389 0.0108532 0.00726509 0.00452848
 0.00780933 0.0127445 0.0192888 0.0274112 0.0368508 0.0469651 0.0567013 0.0648567 0.0705136 0.073326 0.0734767 0.0714301 0.067711 0.0628025 0.0571166 0.0509846 0.0446557 0.0383112 0.0320882 0.0261082 0.0204994 0.0154081 0.0109866 0.0073616 0.00459198
 0.00778239 0.0126984 0.0192153 0.0273009 0.0366949 0.0467585 0.0564464 0.0645657 0.070208 0.0730347 0.0732317 0.0712608 0.0676385 0.0628347 0.0572465 0.0511924 0.044915 0.0385947 0.0323729 0.0263762 0.0207378 0.0156079 0.0111432 0.00747508 0.00466734
 0.00777996 0.0126904 0.0191956 0.0272609 0.036625 0.0466508 0.0562975 0.0643781 0.0699905 0.0728016 0.0730018 0.0710567 0.067484 0.0627507 0.0572462 0.0512774 0.0450743 0.0388076 0.0326139 0.0266203 0.0209644 0.0158024 0.0112978 0.00758849 0.00474353
 0.00771969 0.0126004 0.0190747 0.0271129 0.0364567 0.0464694 0.056109 0.0641876 0.0698036 0.0726257 0.0728464 0.0709324 0.0674022 0.0627223 0.0572801 0.0513782 0.0452397 0.0390265 0.0328673 0.0268844 0.0212156 0.0160218 0.011474 0.00771839 0.00483109
 0.00930736 0.0148168 0.0217373 0.0298283 0.0387371 0.047916 0.0565566 0.0637283 0.0686961 0.0711645 0.0712691 0.06939 0.0659741 0.0614451 0.0561702 0.0504426 0.0444797 0.0384369 0.0324348 0.0265878 0.0210279 0.0159141 0.0114196 0.00769549 0.0048243
 0.00932211 0.0151341 0.0227312 0.0319587 0.0423478 0.0529631 0.0624372 0.0693798 0.0729739 0.0732943 0.071102 0.0673388 0.0627301 0.0576828 0.0523825 0.0469185 0.0413578 0.035769 0.0302281 0.024825 0.0196746 0.0149221 0.0107305 0.00724551 0.00455037
 0.0089553 0.0145602 0.021931 0.0309869 0.041386 0.0523541 0.0626433 0.0708178 0.0757664 0.0770859 0.0751046 0.0706312 0.0646424 0.0580274 0.0514206 0.0451428 0.0392597 0.0337059 0.0284017 0.0233194 0.0185027 0.0140584 0.0101299 0.0068539 0.00431273
 0.00877657 0.0142586 0.0214578 0.0302936 0.0404435 0.0511875 0.0613737 0.0696902 0.0751271 0.0772858 0.0763416 0.0728047 0.0673229 0.0605969 0.053322 0.0460913 0.0392973 0.0331002 0.0274829 0.0223568 0.0176586 0.0133995 0.00966015 0.00654518 0.00412556
 0.00871236 0.0141472 0.021276 0.0300128 0.0400324 0.0506199 0.0606418 0.0688225 0.074209 0.0764728 0.0758485 0.0728502 0.0680338 0.0619148 0.0549813 0.0477064 0.0405201 0.0337537 0.0275958 0.0220976 0.0172306 0.0129625 0.00930157 0.00629107 0.00396538
 0.00870303 0.0141267 0.0212347 0.0299366 0.0399041 0.0504208 0.0603556 0.0684387 0.0737286 0.0759191 0.0752806 0.0723719 0.0677812 0.0620139 0.0554833 0.0485382 0.0414917 0.0346312 0.0282009 0.0223715 0.0172298 0.0128024 0.0090939 0.0061076 0.00383413
 0.00868979 0.0141064 0.021206 0.0298983 0.0398533 0.0503524 0.0602606 0.0683053 0.0735447 0.0756765 0.0749818 0.0720387 0.0674628 0.0617856 0.0554286 0.0487129 0.0418862 0.0351594 0.02873 0.0227804 0.0174588 0.0128643 0.00904788 0.00601954 0.00374989
 0.00868552 0.0140984 0.0211922 0.0298761 0.0398208 0.0503087 0.0602064 0.0682417 0.0734709 0.0755877 0.07487 0.0718974 0.0672943 0.0616098 0.0552849 0.0486517 0.0419478 0.035349 0.0290071 0.0230728 0.0176957 0.013007 0.00909919 0.00600987 0.00371482
 0.00865556 0.0140535 0.0211316 0.0298016 0.0397361 0.0502185 0.0601156 0.0681554 0.073394 0.0755239 0.0748201 0.0718579 0.0672592 0.0615739 0.0552511 0.0486346 0.0419706 0.0354322 0.0291529 0.0232588 0.0178822 0.0131565 0.00919257 0.00605079 0.00372097
 0.00866327 0.0140625 0.0211387 0.029802 0.0397248 0.0501927 0.0600765 0.0681078 0.0733441 0.0754766 0.0747773 0.0718189 0.0672216 0.0615358 0.0552123 0.0485994 0.0419488 0.0354367 0.0291937 0.0233346 0.0179786 0.0132512 0.00926634 0.00609559 0.00374031
 0.0086383 0.0140264 0.0210925 0.029749 0.0396693 0.0501379 0.0600234 0.0680557 0.0732932 0.0754295 0.074739 0.0717947 0.0672143 0.0615441 0.0552322 0.0486265 0.0419815 0.0354771 0.029246 0.023401 0.0180552 0.0133284 0.00933278 0.0061435 0.00376866
 0.00863987 0.0140264 0.0210882 0.0297367 0.0396462 0.0501038 0.0599821 0.0680139 0.0732571 0.0754021 0.0747196 0.0717803 0.0672027 0.0615353 0.0552277 0.0486279 0.0419897 0.0354931 0.029271 0.0234356 0.0180981 0.0133751 0.00937657 0.00617862 0.00379242
 0.00862888 0.0140123 0.0210736 0.0297259 0.039643 0.0501093 0.0599931 0.0680241 0.0732601 0.075395 0.0747038 0.0717598 0.0671816 0.0615162 0.0552118 0.048616 0.0419829 0.0354927 0.0292782 0.023451 0.0181208 0.0134024 0.00940444 0.00620287 0.00381044
 0.00861857 0.0139928 0.0210395 0.0296715 0.0395653 0.0500109 0.0598845 0.0679216 0.0731808 0.0753498 0.0746944 0.0717804 0.0672233 0.0615704 0.0552722 0.048678 0.0420438 0.0355507 0.0293327 0.0235019 0.018168 0.0134449 0.00944092 0.00623184 0.00383127
 0.00861902 0.0139938 0.0210412 0.0296736 0.0395658 0.050006 0.0598688 0.0678903 0.0731329 0.0752904 0.0746341 0.0717313 0.0671937 0.0615628 0.0552836 0.0487027 0.0420759 0.0355861 0.0293686 0.0235368 0.0182009 0.013475 0.00946701 0.00625291 0.00384681
 0.00861902 0.0139938 0.0210412 0.0296736 0.0395658 0.050006 0.0598688 0.0678903 0.0731329 0.0752904 0.0746341 0.0717313 0.0671937 0.0615628 0.0552836 0.0487027 0.0420759 0.0355861 0.0293686 0.0235368 0.0182009 0.013475 0.00946701 0.00625291 0.00384681
 0.00851892 0.0138395 0.0208255 0.0293968 0.0392371 0.0496445 0.0595035 0.0675575 0.0728692 0.075124 0.0745787 0.0717852 0.0673438 0.0617885 0.0555608 0.0490062 0.0423821 0.0358755 0.0296274 0.0237571 0.0183798 0.0136136 0.00956891 0.00632351 0.00389244
 0.008636 0.0140116 0.0210501 0.0296586 0.039511 0.049901 0.0597137 0.0676972 0.0729214 0.0750828 0.0744509 0.07159 0.0671084 0.0615424 0.0553298 0.0488088 0.0422271 0.0357631 0.0295518 0.02371 0.0183531 0.0136003 0.00956394 0.00632312 0.00389406
 0.00854221 0.0138806 0.0208924 0.0294964 0.0393707 0.0498018 0.0596596 0.0676775 0.0729191 0.0750845 0.0744523 0.0715948 0.0671233 0.0615732 0.0553793 0.0488769 0.0423118 0.03586 0.0296547 0.0238112 0.0184453 0.013678 0.00962447 0.00636664 0.00392284
 0.00868135 0.0140866 0.0211651 0.0298237 0.0397331 0.050179 0.0600338 0.0680301 0.073225 0.07531 0.0745613 0.0715615 0.0669443 0.061271 0.0549962 0.0484621 0.0419091 0.0355007 0.0293559 0.0235779 0.0182734 0.0135586 0.00954626 0.00631861 0.00389537
 0.0085954 0.0139693 0.0210297 0.0296952 0.03964 0.0501418 0.0600564 0.0681014 0.0733291 0.0754351 0.0747013 0.0717094 0.0670854 0.0613842 0.0550621 0.0484733 0.0418732 0.0354361 0.0292834 0.0235133 0.0182249 0.0135273 0.00952906 0.00631083 0.00389281
 0.00857847 0.0139299 0.02095 0.0295556 0.0394291 0.0498691 0.0597592 0.0678381 0.0731578 0.0753904 0.074783 0.0718887 0.0673212 0.0616366 0.0552991 0.048672 0.0420212 0.0355324 0.0293367 0.0235379 0.0182348 0.0135321 0.00953344 0.00631571 0.00389753
#pred catch len freq
 0.00345937 0.0055259 0.00816859 0.0113791 0.0151767 0.0195827 0.0245553 0.0299515 0.0355457 0.0410747 0.0462785 0.0509377 0.0549032 0.058104 0.0605257 0.0621772 0.0630654 0.0631759 0.0624397 0.0606822 0.0575969 0.0528247 0.046176 0.0379002 0.0287934
 0.00371059 0.00587705 0.00859533 0.0118342 0.0156176 0.0200067 0.0250147 0.030528 0.0362895 0.041944 0.0471236 0.0515446 0.0550789 0.05776 0.0597196 0.0610966 0.0619608 0.0622687 0.0618423 0.0603669 0.0574299 0.0526479 0.0458901 0.0375014 0.0283511
 0.00386023 0.00613539 0.00900804 0.0124427 0.0164387 0.0210086 0.0261099 0.0315986 0.0372397 0.0427427 0.0477962 0.0521147 0.0555053 0.0579277 0.0594994 0.0604329 0.0609243 0.0610359 0.0606165 0.0592893 0.0565366 0.0518927 0.0452073 0.036862 0.0277745
 0.00409111 0.00648854 0.00950226 0.0130914 0.0172599 0.0220326 0.0273687 0.0330954 0.038911 0.0444457 0.0493407 0.0533268 0.0562796 0.0582296 0.0593287 0.0597935 0.0598349 0.059566 0.0589005 0.0574966 0.0548166 0.0503379 0.0438575 0.0357316 0.026873
 0.00434325 0.00688791 0.0100838 0.0138811 0.0182722 0.0232672 0.028809 0.0347092 0.0406553 0.0462633 0.0511453 0.0549876 0.0576278 0.0590955 0.0595879 0.0593949 0.0587987 0.0579711 0.0568756 0.0552121 0.0524641 0.0480981 0.0418717 0.0340886 0.0256088
 0.00456547 0.00724524 0.010616 0.0146273 0.0192692 0.0245435 0.0303725 0.0365342 0.0426742 0.0483704 0.053211 0.0568743 0.0592005 0.0602238 0.0601501 0.059292 0.0579785 0.0564499 0.0547486 0.052648 0.0496851 0.0453467 0.0393695 0.0319973 0.0240067
 0.00480164 0.00761658 0.0111535 0.0153571 0.0202157 0.0257311 0.0318204 0.0382449 0.0446192 0.050479 0.0553677 0.0589287 0.0609878 0.0615872 0.0609563 0.0594377 0.0573962 0.0551202 0.0527205 0.0500553 0.0467449 0.0423316 0.0365563 0.0296078 0.0221629
 0.00508165 0.00805706 0.0117901 0.0162166 0.0213161 0.0270801 0.0334113 0.0400503 0.0465889 0.052541 0.0574298 0.0608794 0.0626995 0.0629239 0.061786 0.0596458 0.0568977 0.0538736 0.0507462 0.0474562 0.0437182 0.039153 0.0335305 0.0269981 0.0201289
 0.00537967 0.00852699 0.0124717 0.0171413 0.0225064 0.0285476 0.0351479 0.0420182 0.048715 0.0547208 0.0595387 0.0627889 0.0642906 0.0640941 0.0624483 0.0597238 0.0563258 0.052608 0.0487873 0.0448782 0.0406901 0.0359341 0.0304272 0.0242905 0.0179987
 0.00571167 0.00904485 0.013212 0.0181278 0.0237527 0.0300578 0.0369118 0.0440008 0.0508486 0.0569031 0.0616405 0.0646689 0.0658149 0.0651538 0.0629663 0.0596511 0.0556319 0.0512769 0.046829 0.0423553 0.0377462 0.0328001 0.027389 0.021621 0.0158839
 0.00604824 0.00957259 0.0139713 0.0191467 0.0250468 0.0316287 0.0387399 0.0460373 0.0530116 0.0590815 0.0637037 0.0664799 0.0672449 0.0660967 0.0633486 0.0594332 0.0548023 0.0498455 0.0448293 0.0398596 0.0348888 0.029788 0.0244791 0.0190632 0.0138525
 0.00635429 0.0100554 0.0146717 0.0200961 0.0262659 0.0331238 0.0404943 0.0480017 0.0551002 0.0611778 0.0656729 0.0681847 0.0685627 0.066932 0.0636391 0.0591492 0.0539415 0.0484284 0.0429002 0.0374976 0.0322234 0.0270061 0.0218075 0.0167209 0.0119925
 0.00665667 0.0105365 0.0153774 0.0210655 0.0275281 0.0346914 0.0423509 0.0500899 0.0573177 0.0633843 0.0677068 0.0698861 0.0697966 0.0676066 0.0637125 0.0586231 0.0528491 0.0468231 0.0408517 0.0350994 0.0296049 0.0243389 0.01929 0.0145395 0.0102734
 0.00696151 0.0110132 0.0160616 0.0219825 0.0286952 0.0361178 0.0440312 0.0519906 0.0593657 0.0654627 0.0696636 0.0715546 0.0710239 0.06828 0.0637746 0.0580732 0.0517316 0.0452118 0.0388397 0.032797 0.0271456 0.0218818 0.0170073 0.0125857 0.00874742
 0.007258 0.0114761 0.0167234 0.0228632 0.0298024 0.0374464 0.0455587 0.0536716 0.0611295 0.0672165 0.0712978 0.0729513 0.0720669 0.0688701 0.063845 0.0576 0.0507366 0.0437561 0.0370147 0.0307167 0.0249438 0.0197076 0.0150117 0.0108961 0.00743965
 0.00737845 0.0116869 0.017069 0.0233959 0.0305726 0.0384861 0.0468637 0.055192 0.0627737 0.0688658 0.0728254 0.0742385 0.0730163 0.0694118 0.0639388 0.0572346 0.0499284 0.0425499 0.0354829 0.0289581 0.0230793 0.0178716 0.013336 0.00948727 0.00635687
 0.00740184 0.0117278 0.0171383 0.0235128 0.0307691 0.0388094 0.047371 0.0559337 0.063768 0.0700759 0.0741535 0.0755445 0.0741514 0.0702523 0.0644046 0.0572914 0.0495804 0.0418311 0.0344522 0.027698 0.0216933 0.0164767 0.0120473 0.00839746 0.00551771
 0.00750407 0.0118645 0.0172904 0.023646 0.0308468 0.0388124 0.0473151 0.0558749 0.0637907 0.070268 0.074575 0.0761998 0.0749776 0.0711307 0.065193 0.0578619 0.0498471 0.041761 0.0340617 0.0270431 0.0208596 0.0155669 0.0111653 0.00762915 0.00491525
 0.0075289 0.0119058 0.0173524 0.0237283 0.0309388 0.0388884 0.0473364 0.0558039 0.0636153 0.0700235 0.0743462 0.0760951 0.0750856 0.0714796 0.0657338 0.0584835 0.0504139 0.0421545 0.0342106 0.0269348 0.0205341 0.0151003 0.0106479 0.00714268 0.00451562
 0.00750672 0.0118743 0.0173137 0.0236883 0.0309065 0.0388731 0.0473433 0.0558283 0.0636395 0.070021 0.0742967 0.0760039 0.0749942 0.0714537 0.0658318 0.058722 0.0507522 0.0425081 0.034485 0.0270614 0.0204915 0.0149148 0.0103774 0.00685306 0.00425945
 0.00756757 0.0119601 0.0174187 0.0237992 0.0310065 0.038949 0.0473902 0.0558504 0.0636452 0.0700161 0.074279 0.0759649 0.0749269 0.0713647 0.0657466 0.0586763 0.0507715 0.0425884 0.0345902 0.027139 0.020499 0.0148384 0.0102349 0.0066812 0.00409593
