SBPRF35
7.78865
Curr Bio
617890
B35
698736
F35
0.226791
FOFL
0.202159
OFL
95690.8
Bzero
2.22533e+006
#pred survey bio
 4.52212e+006 4.21833e+006 3.95162e+006 3.65359e+006 3.34947e+006 3.02734e+006 2.73485e+006 2.40223e+006 2.12031e+006 1.8647e+006 1.64224e+006 1.46747e+006 1.31511e+006 1.18223e+006 1.0241e+006 911850 809791 748417 715787 681463 638278 619716 613456 599402 586331 574158 568513 569668 561616 563897 560700 555709 548635 536311 523257 510346 496380 494048 492001 498680 503477 494330 501090 514057 521355 531616 541075 551844 558907 567724 577391 586893 584280 589790 590702 612790 614288 2.1795e+007 1.3653e+007 1.42368e+007 1.48345e+007 1.53944e+007 1.58766e+007 1.62694e+007 1.65775e+007 1.68131e+007 1.69904e+007 1.71225e+007 1.72206e+007 1.72934e+007 1.73474e+007 1.73876e+007 1.74178e+007 1.74404e+007 1.74575e+007 1.74704e+007 1.74802e+007 1.74877e+007 1.74935e+007 1.74979e+007 1.75012e+007 1.75038e+007 1.75058e+007 1.75074e+007 1.75085e+007 1.75095e+007 1.75102e+007 1.75107e+007 1.75111e+007 1.75115e+007 1.75117e+007 1.75119e+007 1.75121e+007 1.75122e+007 1.75123e+007 1.75123e+007 1.75124e+007 1.75124e+007 1.75125e+007 1.75125e+007 1.75125e+007 1.75125e+007 1.75125e+007 1.75125e+007 1.75126e+007 1.75126e+007 1.75126e+007 1.75126e+007 1.75126e+007 1.75126e+007 1.75126e+007 1.75126e+007 1.75126e+007 1.75126e+007 1.75126e+007 1.75126e+007 1.75126e+007 1.75126e+007 1.75126e+007 1.75126e+007 1.75126e+007 1.75126e+007 1.75126e+007 1.75126e+007 1.75126e+007 1.75126e+007 1.75126e+007 1.75126e+007 1.75126e+007 1.75126e+007 1.75126e+007 1.75126e+007 1.75126e+007 1.75126e+007 1.75126e+007 1.75126e+007 1.75126e+007 1.75126e+007 1.75126e+007 1.75126e+007 1.75126e+007 1.75126e+007 1.75126e+007 1.75126e+007 1.75126e+007 1.75126e+007 1.75126e+007 1.75126e+007 1.75126e+007 1.75126e+007 1.75126e+007 1.75126e+007 1.75126e+007 1.75126e+007 1.75126e+007 1.75126e+007 1.75126e+007 0 0 0 0 0 0 0 0 0 0 0 0 0 0 0 0 0 0 0 0 0 0 0 0 0
#obs survey bio
 5.19778e+006 3.45915e+006 2.67896e+006 3.57891e+006 2.77752e+006 2.84211e+006 1.97516e+006 2.41569e+006 1.50576e+006 1.67991e+006 1.46717e+006 1.05847e+006 975136 998212 921828 730803 957678 815710 661249 496070 614739 540046 485761 527835 488514 439237 599212 586287 632043 488344 605242 392338 547987 386296 564199 594709 422960 472676 797536 591403 508002 369538 606110 527591 405911 450106 404372 444784 755226 421693 776734 601256 617948 546289 567331 688257 462481
#pred catch bio
 119868 107209 163561 200082 249675 255541 322641 304018 303656 293306 266110 257692 247320 270328 227840 215208 176265 149358 148674 152594 128022 115301 119039 114601 110881 103369 96184.1 102564 92888.6 97073.1 97594.1 97777 99602 96552.5 92221 91211.5 84402.4 88593.9 83284.5 85623 97347.4 84118.8 79960.6 85801.3 84428.8 86309.5 86607.4 91292.8 91312.5 92195 93903.7 105686 101228 108286 94496.2 116819 115295 95690.8 110278 114200 118117 121804 124909 127326 129113 130385 131263 131856 132250 132508 132675 132782 132850 132893 132921 132938 132948 132955 132959 132962 132963 132964 132965 132965 132966 132966 132966 132966 132966 132966 132966 132966 132966 132966 132966 132966 132966 132966 132966 132966 132966 132966 132966 132966 132966 132966 132966 132966 132966 132966 132966 132966 132966 132966 132966 132966 132966 132966 132966 132966 132966 132966 132966 132966 132966 132966 132966 132966 132966 132966 132966 132966 132966 132966 132966 132966 132966 132966 132966 132966 132966 132966 132966 132966 132966 132966 132966 132966 132966 132966 132966 132966 132966 132966 132966 132966 132966 0 0 0 0 0 0 0 0 0 0 0 0 0 0 0 0 0 0 0 0 0 0 0 0 0
#obs catch bio
 0 106899 164427 201100 252357 257880 329567 308291 309240 299732 271670 264137 253752 278585 232194 219794 177980 150874 150191 155609 129190 116581 120416 115355 111177 104090 96461.6 102957 92893.7 97594 97913 98599.8 100363 97278.6 92765.5 90891.5 84523.5 89080.6 82923.7 84895.2 96947.8 83943.9 79833.4 85505.4 84403.1 86142.2 86382.1 91089.9 91111 92144.2 93447.7 105490 100826 108357 94007.5 116310 115268
#pred cpue bio
 4.4505e+006 4.14929e+006 3.8841e+006 3.58692e+006 3.28427e+006 2.96376e+006 2.6727e+006 2.34263e+006 2.0629e+006 1.8092e+006 1.5885e+006 1.41511e+006 1.26427e+006 1.13342e+006 978812 869340 770087 710523 678924 645763 604204 586623 581021 568038 555983 544495 539210 540642 533060 535322 532296 527631 521120 509722 497829 486106 472154 468182 465145 471776 476731 467831 474255 486840 493856 503659 512731 522985 529592 537920 547112 556151 553187 557772 557916 578590 578978 2.05197e+007 1.287e+007 1.34312e+007 1.40031e+007 1.45533e+007 1.50334e+007 1.54258e+007 1.57338e+007 1.59694e+007 1.61467e+007 1.62788e+007 1.63769e+007 1.64496e+007 1.65037e+007 1.65439e+007 1.6574e+007 1.65967e+007 1.66137e+007 1.66267e+007 1.66365e+007 1.6644e+007 1.66498e+007 1.66542e+007 1.66575e+007 1.66601e+007 1.66621e+007 1.66637e+007 1.66648e+007 1.66658e+007 1.66665e+007 1.6667e+007 1.66674e+007 1.66677e+007 1.6668e+007 1.66682e+007 1.66683e+007 1.66685e+007 1.66686e+007 1.66686e+007 1.66687e+007 1.66687e+007 1.66688e+007 1.66688e+007 1.66688e+007 1.66688e+007 1.66688e+007 1.66688e+007 1.66688e+007 1.66688e+007 1.66689e+007 1.66689e+007 1.66689e+007 1.66689e+007 1.66689e+007 1.66689e+007 1.66689e+007 1.66689e+007 1.66689e+007 1.66689e+007 1.66689e+007 1.66689e+007 1.66689e+007 1.66689e+007 1.66689e+007 1.66689e+007 1.66689e+007 1.66689e+007 1.66689e+007 1.66689e+007 1.66689e+007 1.66689e+007 1.66689e+007 1.66689e+007 1.66689e+007 1.66689e+007 1.66689e+007 1.66689e+007 1.66689e+007 1.66689e+007 1.66689e+007 1.66689e+007 1.66689e+007 1.66689e+007 1.66689e+007 1.66689e+007 1.66689e+007 1.66689e+007 1.66689e+007 1.66689e+007 1.66689e+007 1.66689e+007 1.66689e+007 1.66689e+007 1.66689e+007 1.66689e+007 1.66689e+007 1.66689e+007 1.66689e+007 1.66689e+007 1.66689e+007 0 0 0 0 0 0 0 0 0 0 0 0 0 0 0 0 0 0 0 0 0 0 0 0 0
#obs cpue bio
 3.36851e+006 2.36647e+006 3.06309e+006 3.08072e+006 2.45045e+006 2.60266e+006 1.91945e+006 3.38072e+006 1.93002e+006 1.3169e+006 1.3455e+006 1.22286e+006 1.14677e+006 1.17123e+006 1.14636e+006 841735 830320 469626 673511 487268 762233 454010 694237 753414 816676 469485 578500 557274 504231 437070 534145 464215 525695 627998 457124 860159 350494 405768 536633 580404 433041 483945 382731 640553 474133 718523 717784 687611 394804 646160 567721 507126 557057 519185 690637 656559 530820
#pred surv len freq
 0.00469482 0.0075519 0.0112419 0.0157267 0.0209225 0.026643 0.0325511 0.0382102 0.0432294 0.0473832 0.0506289 0.0530483 0.0547829 0.0559827 0.0567646 0.0571844 0.0572327 0.0568456 0.0559 0.0541835 0.0513756 0.0471176 0.0412093 0.0338504 0.0257388
 0.00507422 0.00808894 0.0119071 0.0164546 0.0216453 0.0273357 0.033252 0.0389943 0.0441411 0.0483721 0.0515343 0.0536512 0.0548965 0.0555349 0.0558317 0.0559645 0.0559746 0.0557604 0.0550923 0.0536287 0.0509568 0.0467016 0.0407196 0.0332966 0.025191
 0.00520306 0.00834059 0.0123585 0.0171898 0.0227193 0.0287291 0.0348473 0.0406032 0.0455796 0.0495328 0.0524016 0.0542473 0.0552103 0.0554977 0.0553614 0.0550414 0.0546865 0.0542839 0.0536203 0.0522943 0.049799 0.0456891 0.0398079 0.0324735 0.0244825
 0.00540321 0.00864567 0.0127851 0.0177532 0.0234474 0.0296718 0.0360658 0.0421326 0.0473777 0.0514542 0.0542239 0.0557436 0.0562194 0.0559467 0.0552405 0.0543715 0.053517 0.0527118 0.0517956 0.0503899 0.0479638 0.0440188 0.0383507 0.0312539 0.023516
 0.00564196 0.00902485 0.0133383 0.0185043 0.0244053 0.0308266 0.0373881 0.0435816 0.0489149 0.0530468 0.0558269 0.0572702 0.0575291 0.05687 0.0556279 0.0541356 0.0526476 0.0512717 0.04991 0.0482306 0.0457223 0.041874 0.0364426 0.0296716 0.0222974
 0.00588332 0.00941572 0.0139243 0.0193279 0.0254997 0.0322032 0.0390228 0.0454067 0.050826 0.0549247 0.0575622 0.0587775 0.0587423 0.0577229 0.0560386 0.054012 0.0519158 0.0499121 0.0479815 0.0458744 0.0431429 0.0393025 0.0340932 0.0277021 0.0207857
 0.00604277 0.00968267 0.0143415 0.0199436 0.0263611 0.0333457 0.0404546 0.0470974 0.052703 0.0568791 0.0594624 0.0604887 0.0601461 0.0587294 0.056583 0.0540416 0.0513818 0.0487812 0.046265 0.0436588 0.0405997 0.036667 0.0316143 0.0255844 0.0191452
 0.00638468 0.010212 0.0150903 0.0209286 0.0275873 0.0348105 0.0421449 0.0489803 0.0547168 0.0589297 0.0614289 0.062236 0.0615438 0.0596698 0.0569915 0.0538747 0.0506186 0.0474179 0.0443255 0.0412189 0.0378116 0.0337575 0.0288469 0.0231944 0.0172789
 0.00672266 0.0107481 0.0158719 0.0219897 0.0289421 0.036444 0.0440046 0.0509765 0.0567388 0.0608682 0.0631908 0.0637448 0.0627297 0.0604632 0.0573244 0.0536889 0.0498734 0.0460968 0.0424461 0.0388501 0.035092 0.030898 0.0261015 0.0208004 0.0153935
 0.00704059 0.0112585 0.0166287 0.0230401 0.0303195 0.0381553 0.0460139 0.0531951 0.0590301 0.0630692 0.0651419 0.0653158 0.063836 0.0610643 0.0574095 0.0532579 0.0489253 0.0446319 0.0404821 0.0364465 0.0323726 0.0280567 0.0233766 0.0184198 0.0135123
 0.0073928 0.0118103 0.0174215 0.0241019 0.0316648 0.039783 0.0478993 0.0552797 0.0612165 0.0652259 0.0671163 0.066956 0.065014 0.0616962 0.0574624 0.0527411 0.0478716 0.0430818 0.0384832 0.0340692 0.0297336 0.0253301 0.0207763 0.0161524 0.0117199
 0.00763395 0.0122035 0.0180155 0.0249426 0.0327863 0.041194 0.0495694 0.0571354 0.0631524 0.0671237 0.0688607 0.0684401 0.0661414 0.0623846 0.0576525 0.0524042 0.0470122 0.0417329 0.036701 0.0319363 0.0273687 0.022894 0.0184585 0.0141331 0.010123
 0.00772752 0.0123777 0.0183196 0.0254388 0.0335395 0.0422515 0.0509399 0.0587754 0.0649671 0.0689813 0.0706142 0.069951 0.0672983 0.0631122 0.0579097 0.0521769 0.046307 0.0405763 0.0351429 0.0300556 0.0252798 0.0207464 0.0164215 0.0123635 0.00872637
 0.00775173 0.0124305 0.018426 0.0256363 0.0338762 0.0427806 0.0517076 0.0598067 0.0662497 0.0704541 0.0721677 0.0714426 0.0685803 0.0640603 0.058441 0.0522529 0.0459262 0.0397646 0.0339493 0.0285547 0.0235765 0.0189754 0.0147324 0.0108925 0.00756413
 0.00802216 0.0128505 0.019022 0.0264213 0.0348499 0.0439298 0.0530036 0.0612016 0.0676772 0.0718349 0.0734163 0.0724745 0.0693181 0.0644421 0.058428 0.0518345 0.0451196 0.0386105 0.0325072 0.0269027 0.021813 0.0172181 0.0131068 0.00950791 0.0064879
 0.00816121 0.0130775 0.0193651 0.0269063 0.0354951 0.0447366 0.0539491 0.0622377 0.0687395 0.0728571 0.074341 0.0732548 0.0699143 0.0648168 0.0585462 0.0516681 0.0446549 0.0378542 0.0314909 0.0256842 0.0204751 0.0158628 0.0118415 0.00842523 0.00564467
 0.00844333 0.0135046 0.0199499 0.027642 0.0363605 0.0457042 0.0549872 0.0633057 0.0697826 0.0738065 0.0751236 0.073809 0.070203 0.0648323 0.0583029 0.0511906 0.0439673 0.0369796 0.0304569 0.0245314 0.0192633 0.0146688 0.010748 0.00750272 0.00493404
 0.00863265 0.0137925 0.0203456 0.0281395 0.0369392 0.0463321 0.0556251 0.0639136 0.0703282 0.0742732 0.0755094 0.0741162 0.0704264 0.0649542 0.058299 0.0510391 0.0436568 0.0365102 0.0298413 0.0237969 0.018454 0.013844 0.00997436 0.00683917 0.00441711
 0.00865972 0.0138389 0.0204197 0.0282499 0.0370921 0.0465276 0.0558545 0.0641601 0.0705728 0.0745021 0.0757198 0.0743155 0.0706242 0.0651519 0.0584824 0.0511782 0.0437139 0.0364525 0.0296507 0.0234769 0.0180308 0.0133629 0.00949046 0.00640456 0.00406783
 0.00858145 0.0137396 0.020322 0.0281923 0.0371191 0.0466728 0.0561261 0.0645358 0.0710063 0.0749364 0.0761021 0.074609 0.0708152 0.0652483 0.0585043 0.051145 0.0436338 0.0363208 0.0294566 0.023214 0.0177067 0.0130018 0.00912811 0.00607804 0.00380426
 0.00873559 0.0139576 0.0205913 0.0284851 0.0374056 0.0469397 0.0563861 0.0648193 0.0713377 0.07531 0.0764744 0.0749132 0.0709889 0.065258 0.0583546 0.0508703 0.0432806 0.0359297 0.0290536 0.022812 0.017313 0.0126268 0.0087876 0.00578951 0.00357997
 0.00871872 0.0139352 0.0205655 0.0284576 0.0373727 0.046889 0.0562988 0.0646828 0.0711624 0.0751393 0.0763732 0.0749388 0.0711595 0.0655414 0.0586839 0.0511745 0.0435099 0.0360639 0.0290959 0.0227771 0.0172197 0.0124954 0.00863979 0.00564645 0.00345846
 0.00854518 0.0136744 0.0202131 0.028025 0.0368852 0.0463808 0.0558083 0.0642482 0.0708165 0.0749068 0.0762721 0.0749846 0.0713646 0.0659064 0.0591846 0.0517577 0.0441045 0.0366016 0.0295292 0.0230865 0.01741 0.0125871 0.00866092 0.0056259 0.00342087
 0.00853574 0.0136445 0.0201419 0.027886 0.0366555 0.046054 0.0554047 0.0638138 0.0704102 0.0745809 0.0760595 0.0748964 0.0713976 0.0660518 0.0594317 0.0520901 0.0444938 0.0370069 0.0299052 0.0233959 0.0176333 0.0127245 0.00872779 0.00564468 0.00341368
 0.00865372 0.0138095 0.0203394 0.0280827 0.0368045 0.0461063 0.055322 0.0635799 0.0700388 0.0741176 0.0755737 0.0744638 0.0710791 0.0658798 0.059409 0.052198 0.0447012 0.037276 0.0301953 0.0236683 0.0178582 0.0128869 0.00882834 0.00569572 0.00343223
 0.00866867 0.0138476 0.0204207 0.0282299 0.0370316 0.0464032 0.0556449 0.0638559 0.0701885 0.0740853 0.0753501 0.0740892 0.070629 0.06544 0.0590509 0.0519634 0.0445989 0.0372886 0.0302887 0.0238031 0.0179981 0.0130059 0.00891368 0.00574706 0.00345718
 0.00864307 0.0138019 0.0203459 0.0281191 0.0368867 0.0462416 0.0555002 0.0637677 0.0701825 0.0741549 0.0754547 0.0741734 0.0706512 0.0653927 0.0589617 0.0518783 0.0445598 0.0373172 0.0303824 0.0239404 0.0181499 0.0131454 0.00902405 0.00582286 0.00350234
 0.00862695 0.0137668 0.0202765 0.0279952 0.036688 0.0459561 0.0551341 0.0633515 0.0697701 0.0738124 0.0752408 0.0741183 0.0707455 0.0655937 0.0592149 0.0521412 0.0448135 0.0375617 0.0306232 0.0241769 0.0183721 0.013339 0.00917743 0.00593219 0.00357197
 0.00874374 0.0139412 0.0205091 0.028274 0.036988 0.0462419 0.0553629 0.06348 0.0697651 0.0736639 0.0749703 0.0737753 0.0703917 0.0652824 0.0589757 0.0519776 0.044713 0.0375093 0.0306086 0.0241939 0.0184138 0.0133948 0.00923492 0.00598133 0.00360768
 0.0086597 0.0138257 0.020374 0.0281427 0.0368876 0.0461911 0.0553631 0.0635136 0.0698033 0.0736784 0.0749435 0.0737068 0.0702982 0.0651919 0.0589176 0.0519717 0.0447633 0.0376052 0.0307324 0.0243278 0.018544 0.0135117 0.00933218 0.00605552 0.003659
 0.00862012 0.0137625 0.0202825 0.0280222 0.0367456 0.0460463 0.0552449 0.0634549 0.0698255 0.0737785 0.0750912 0.0738557 0.0704063 0.0652384 0.0589081 0.0519311 0.0447218 0.0375856 0.0307439 0.0243674 0.0186015 0.0135751 0.00939156 0.00610444 0.00369484
 0.00846996 0.0135484 0.0200154 0.0277305 0.0364664 0.0458121 0.0550742 0.0633532 0.069793 0.0738166 0.0752014 0.0740314 0.0706263 0.0654695 0.0591161 0.0520945 0.0448381 0.0376677 0.0308095 0.0244299 0.0186658 0.013639 0.00944959 0.00615185 0.00372954
 0.0083241 0.0133217 0.0196952 0.0273164 0.0359747 0.04528 0.0545601 0.0629273 0.0695185 0.073729 0.0752988 0.0742813 0.070981 0.06588 0.0595388 0.0524936 0.0451884 0.0379572 0.0310396 0.0246102 0.0188076 0.0137509 0.00953621 0.00621583 0.00377353
 0.00809522 0.0129857 0.0192564 0.0268013 0.0354236 0.0447342 0.0540539 0.0624893 0.0691785 0.0735204 0.0752521 0.0744119 0.0712788 0.0663084 0.0600446 0.0530209 0.0456903 0.0384017 0.0314106 0.0249055 0.0190339 0.0139189 0.00965697 0.00629911 0.00382779
 0.00801402 0.0128354 0.0189986 0.0263943 0.0348394 0.0439808 0.0531906 0.0616209 0.0684256 0.0729815 0.0749801 0.074413 0.0715265 0.0667583 0.0606414 0.0537026 0.0463936 0.0390703 0.0320028 0.0253979 0.0194204 0.0142063 0.00985951 0.00643394 0.00391204
 0.00887942 0.0140435 0.0204471 0.0278598 0.0360342 0.0446496 0.0531951 0.0609716 0.0672607 0.0715166 0.0734523 0.0730312 0.0704346 0.0660199 0.0602481 0.0535975 0.0464974 0.0393009 0.0322884 0.0256835 0.0196711 0.0144056 0.0100052 0.00653261 0.00397403
 0.00963078 0.015242 0.0221959 0.0302061 0.0389216 0.047865 0.0563467 0.0635475 0.0687769 0.0716926 0.0723129 0.0708776 0.0677144 0.0631758 0.0576145 0.0513649 0.0447287 0.0379726 0.0313318 0.0250173 0.0192198 0.0141079 0.00981482 0.00641581 0.00390626
 0.00927694 0.0148231 0.0218568 0.0301847 0.0394914 0.0492358 0.058563 0.0664314 0.0719381 0.0746068 0.0744531 0.0718658 0.067437 0.0618064 0.0555303 0.0490024 0.0424537 0.0360128 0.0297776 0.023861 0.0184027 0.0135559 0.0094581 0.00619626 0.00377867
 0.00898529 0.0143529 0.0211675 0.0292702 0.0384172 0.0481755 0.0578051 0.0663187 0.0727382 0.0763682 0.076931 0.0745748 0.0698123 0.0633969 0.0561344 0.048695 0.0415077 0.0347691 0.0285287 0.0227901 0.0175823 0.0129803 0.00908297 0.00596752 0.00364806
 0.00893909 0.0142452 0.0209439 0.0288581 0.0377425 0.0471961 0.056552 0.0649291 0.0714608 0.0755198 0.0768026 0.0753097 0.0713175 0.0653472 0.0580855 0.0502501 0.0424519 0.0351057 0.0284193 0.0224503 0.0171934 0.0126492 0.00884664 0.00581956 0.00356486
 0.00895551 0.014272 0.0209815 0.0288987 0.0377617 0.0471449 0.0563589 0.0645206 0.0708014 0.0746572 0.0758895 0.0745779 0.0709996 0.065576 0.0588227 0.0512915 0.0435128 0.0359409 0.0289098 0.0226155 0.0171393 0.0124983 0.00868862 0.00569777 0.00348727
 0.00906233 0.014445 0.02124 0.0292588 0.0382301 0.0477096 0.0569779 0.0651153 0.0712625 0.0748687 0.0757686 0.0741177 0.0702931 0.0647984 0.0581676 0.0508896 0.0433786 0.0359818 0.0289894 0.0226283 0.0170512 0.0123374 0.00850865 0.00554269 0.00337666
 0.00901626 0.01437 0.0211281 0.0291058 0.0380404 0.0475014 0.0567854 0.0649821 0.0712252 0.0749371 0.0759139 0.0742798 0.0704074 0.0648306 0.0581354 0.050854 0.0434063 0.0361026 0.0291784 0.0228248 0.0171976 0.0124088 0.00851543 0.00551373 0.00333926
 0.00902896 0.0143728 0.0210994 0.0290145 0.0378547 0.0472025 0.0563807 0.0645111 0.0707543 0.0745438 0.0756654 0.0742119 0.0705128 0.065063 0.058432 0.0511634 0.0437055 0.0363916 0.0294606 0.0230908 0.0174252 0.0125772 0.00861902 0.00556364 0.0033552
 0.00901542 0.0143655 0.0211141 0.0290705 0.0379642 0.0473568 0.0565427 0.0646229 0.0707599 0.0744169 0.0754244 0.0739138 0.0702293 0.0648523 0.0583204 0.0511448 0.0437548 0.0364818 0.0295718 0.0232091 0.0175377 0.0126712 0.00868569 0.00560208 0.0033717
 0.008995 0.0143278 0.0210504 0.0289734 0.0378336 0.0472061 0.0563997 0.0645207 0.0707196 0.0744329 0.0754651 0.0739405 0.0702198 0.0648134 0.0582814 0.0511377 0.0437974 0.0365723 0.0296946 0.0233438 0.0176662 0.0127804 0.00876826 0.00565695 0.00340311
 0.00904581 0.0143981 0.0211331 0.0290528 0.0378886 0.0472162 0.056352 0.0644159 0.0705744 0.0742764 0.0753286 0.0738442 0.0701648 0.0647859 0.0582654 0.0511274 0.0437987 0.0365953 0.0297441 0.0234151 0.0177477 0.0128588 0.00883342 0.00570419 0.00343293
 0.00902234 0.0143711 0.0211121 0.029052 0.0379201 0.0472815 0.0564368 0.0644917 0.0706103 0.0742528 0.0752473 0.0737266 0.070042 0.0646846 0.0581988 0.0510951 0.0437936 0.0366108 0.0297767 0.0234621 0.017804 0.0129169 0.00888549 0.00574485 0.00346066
 0.00904027 0.0143965 0.0211443 0.0290897 0.0379639 0.0473368 0.0565125 0.0645952 0.0707387 0.0743873 0.0753559 0.0737773 0.0700173 0.0645899 0.0580584 0.0509401 0.0436501 0.0364943 0.0296927 0.0234097 0.0177787 0.0129115 0.00889196 0.00575587 0.00347114
 0.00901742 0.0143652 0.0211076 0.0290538 0.0379358 0.0473214 0.0565113 0.0646079 0.0707658 0.0744314 0.0754186 0.0738539 0.0700939 0.0646474 0.0580818 0.0509258 0.0436074 0.0364394 0.0296412 0.0233718 0.0177575 0.012905 0.00889535 0.00576383 0.00347956
 0.00901712 0.0143602 0.0210921 0.0290207 0.0378799 0.0472433 0.0564201 0.0645199 0.0706986 0.0743981 0.0754243 0.0738957 0.0701636 0.064733 0.0581685 0.0509995 0.0436584 0.0364661 0.0296494 0.0233707 0.0177554 0.0129064 0.00890069 0.00577137 0.00348703
 0.0091294 0.014519 0.0212871 0.0292263 0.0380617 0.0473688 0.0564686 0.0644868 0.0705953 0.0742479 0.0752561 0.0737373 0.070035 0.0646426 0.0581139 0.0509707 0.043643 0.0364534 0.0296337 0.0233518 0.0177365 0.0128911 0.00889099 0.00576693 0.00348615
 0.00935911 0.0148755 0.0217902 0.0298786 0.0388432 0.0482318 0.0573348 0.065255 0.0711621 0.074536 0.0752365 0.0734333 0.0695102 0.0639797 0.0573947 0.0502621 0.0429904 0.035882 0.0291535 0.022963 0.0174343 0.0126675 0.00873519 0.0056658 0.00342561
 0.00938215 0.0149297 0.0219029 0.0300854 0.0391789 0.0487156 0.0579555 0.065964 0.0718788 0.075164 0.0756846 0.0736373 0.0694477 0.0636746 0.0569075 0.049671 0.0423716 0.0352953 0.0286368 0.0225347 0.0170979 0.0124172 0.0085598 0.00555093 0.00335595
 0.00957953 0.0152161 0.0222711 0.0305107 0.0396307 0.049174 0.0584205 0.0664484 0.0723883 0.075677 0.0761456 0.0739689 0.0695767 0.063558 0.0565475 0.0491142 0.0416937 0.0345801 0.027957 0.0219409 0.016616 0.012052 0.00830111 0.00538034 0.0032518
 0.00973809 0.0154441 0.0225581 0.0308255 0.0399273 0.0494045 0.0585489 0.0664632 0.0723102 0.075557 0.0760491 0.0739479 0.0696432 0.063677 0.0566541 0.0491448 0.0416135 0.0343929 0.0276973 0.0216554 0.016347 0.0118271 0.00813143 0.00526384 0.00317882
 0.00960495 0.0153095 0.0225042 0.030972 0.040391 0.0502383 0.0596954 0.0677545 0.073521 0.0764826 0.0765681 0.0740434 0.0693842 0.0631749 0.0560184 0.0484547 0.0409137 0.0337069 0.0270442 0.0210585 0.0158313 0.0114113 0.00782121 0.00505088 0.00304491
#obs surv len freq
 nan nan nan nan nan nan nan nan nan nan nan nan nan nan nan nan nan nan nan nan nan nan nan nan nan
 0.00448582 0.00734789 0.0111788 0.0159963 0.0216982 0.0279749 0.0342897 0.040021 0.0447 0.0481624 0.0505185 0.0520123 0.0529025 0.0534131 0.0537259 0.0539797 0.0542575 0.0545497 0.0546881 0.0542799 0.052718 0.0493505 0.0438009 0.0362818 0.0276665
 0.00461838 0.00756455 0.0115067 0.0164604 0.0223154 0.0287442 0.0351836 0.0409824 0.0456498 0.0490156 0.0511993 0.0524662 0.0531012 0.053355 0.0534323 0.0534869 0.0536084 0.0537867 0.05385 0.0534035 0.0518419 0.0485176 0.0430556 0.0356619 0.0271927
 0.00478389 0.00783666 0.0119218 0.0170541 0.0231151 0.0297577 0.0363865 0.0423135 0.0470177 0.0503141 0.0523242 0.0533278 0.0536332 0.0535204 0.0532255 0.0529319 0.0527514 0.0526878 0.0525761 0.0520254 0.0504356 0.0471646 0.041837 0.0346446 0.0264138
 0.00497187 0.00814434 0.0123889 0.0177195 0.0240099 0.030894 0.0377452 0.0438384 0.0486209 0.0518898 0.0537626 0.0545254 0.0545 0.0539864 0.0532474 0.0524977 0.051882 0.0514343 0.0510155 0.0502559 0.0485737 0.0453383 0.0401729 0.0332461 0.025339
 0.00519229 0.00850387 0.0129323 0.0184892 0.0250385 0.0321917 0.0392868 0.0455585 0.0504228 0.0536628 0.0553975 0.0559223 0.0555707 0.0546545 0.0534515 0.0521968 0.0510632 0.0501197 0.0492677 0.0481807 0.0463164 0.0430727 0.0380766 0.0314672 0.0239637
 0.00542107 0.00887981 0.0135056 0.0193091 0.0261439 0.0335959 0.0409623 0.0474318 0.0523853 0.0555916 0.0571756 0.0574484 0.0567604 0.0554377 0.0537687 0.0519993 0.0503179 0.0488208 0.0474514 0.045939 0.0438027 0.04049 0.0356458 0.0293795 0.0223365
 0.00565438 0.00926177 0.0140856 0.0201356 0.0272558 0.0350089 0.0426539 0.0493347 0.0543956 0.057587 0.0590343 0.0590615 0.0580371 0.0563052 0.054169 0.051885 0.0496518 0.0475832 0.0456576 0.0436609 0.0411849 0.0377445 0.0330186 0.0270944 0.0205387
 0.00589154 0.00965026 0.0146758 0.0209766 0.028386 0.0364417 0.0443629 0.0512484 0.0564074 0.059576 0.0608837 0.0606686 0.059316 0.0571856 0.0545939 0.0518074 0.0490333 0.0463992 0.0439118 0.0414095 0.0385581 0.0349494 0.0303088 0.0247112 0.0186469
 0.00613196 0.0100453 0.015278 0.0218373 0.0295457 0.0379135 0.0461166 0.0532049 0.0584508 0.0615761 0.0627182 0.0622355 0.0605362 0.0580002 0.0549584 0.0516856 0.0483943 0.0452201 0.042192 0.0391948 0.0359645 0.0321719 0.0275958 0.0223071 0.0167253
 0.0063854 0.0104581 0.015901 0.0227185 0.030721 0.0393931 0.0478693 0.0551526 0.0604782 0.0635523 0.0645175 0.0637521 0.0616896 0.0587347 0.0552385 0.0514886 0.0477032 0.0440232 0.0404932 0.0370355 0.0334493 0.0294797 0.02496 0.0199624 0.0148429
 0.00661491 0.010838 0.0164849 0.02356 0.031862 0.0408463 0.0496004 0.0570759 0.0624705 0.0654777 0.0662516 0.0651937 0.0627636 0.0593907 0.0554462 0.0512325 0.0469763 0.0428253 0.0388373 0.0349652 0.0310616 0.0269369 0.0224746 0.0177503 0.0130636
 0.00684586 0.0112136 0.0170509 0.0243593 0.032928 0.0421896 0.0511958 0.0588549 0.0643281 0.0672903 0.0678962 0.0665632 0.0637765 0.0599932 0.0556099 0.050948 0.0462457 0.0416585 0.0372564 0.0330183 0.0288411 0.02459 0.0201911 0.0157224 0.0114332
 0.00707242 0.0115873 0.0176227 0.0251787 0.034031 0.0435821 0.0528365 0.0606531 0.0661593 0.0690232 0.0694152 0.0677798 0.0646286 0.0604424 0.055638 0.0505528 0.0454371 0.040456 0.0356911 0.0311434 0.0267461 0.022409 0.0180916 0.0138712 0.00995168
 0.00727066 0.0119153 0.0181268 0.0259056 0.0350183 0.0448424 0.0543419 0.0623284 0.0678911 0.070681 0.070875 0.0689404 0.0654208 0.0608296 0.0556112 0.0501218 0.0446233 0.0392879 0.0342071 0.0294 0.0248294 0.0204398 0.0162158 0.0122303 0.00864594
 0.00745376 0.0122132 0.0185759 0.0265401 0.0358644 0.0459082 0.0556067 0.063737 0.0693594 0.0721094 0.0721624 0.0699955 0.0661705 0.0612245 0.055628 0.0497615 0.0439052 0.0382443 0.0328819 0.0278525 0.0231421 0.0187216 0.0145922 0.0108198 0.00752976
 0.00751741 0.0123213 0.0187476 0.0267979 0.0362309 0.0464019 0.0562352 0.0644935 0.0702215 0.0730401 0.0731119 0.0709028 0.0669666 0.0618393 0.0559992 0.0498434 0.0436748 0.037703 0.0320551 0.02679 0.021919 0.0174359 0.0133546 0.00973289 0.00666413
 0.00758568 0.0124242 0.018888 0.0269748 0.0364426 0.0466493 0.0565246 0.064835 0.0706251 0.0735107 0.0736436 0.0714761 0.0675467 0.0623772 0.0564365 0.0501198 0.0437384 0.0375203 0.0316194 0.0261258 0.0210821 0.0165092 0.0124344 0.00890951 0.00600096
 0.00766908 0.0125523 0.0190662 0.0272021 0.0367108 0.0469435 0.0568246 0.0651194 0.070879 0.0737319 0.0738452 0.0716788 0.0677671 0.0626164 0.0566741 0.050316 0.0438422 0.0374823 0.0314055 0.0257293 0.02053 0.0158591 0.0117634 0.00829411 0.00549743
 0.00774913 0.0126779 0.0192465 0.0274413 0.0370064 0.0472837 0.0571864 0.0654705 0.0711839 0.0739626 0.07399 0.0717457 0.0677798 0.0626041 0.056659 0.0503028 0.0438143 0.0374069 0.0312456 0.02546 0.0201512 0.0154003 0.0112765 0.00783757 0.00511776
 0.00776925 0.0127095 0.0192921 0.027503 0.037086 0.0473827 0.0573056 0.0656082 0.0713351 0.0741179 0.0741372 0.071873 0.06788 0.0626773 0.0567117 0.0503424 0.0438412 0.0374095 0.0312022 0.0253476 0.0199588 0.0151378 0.0109748 0.00753845 0.0048589
 0.00779776 0.0127498 0.0193416 0.0275558 0.0371349 0.0474223 0.0573352 0.0656322 0.0713612 0.0741544 0.0741892 0.0719406 0.0679581 0.0627577 0.0567861 0.050405 0.043888 0.0374351 0.0311969 0.0252989 0.0198573 0.0149855 0.010788 0.00734405 0.0046843
 0.0078345 0.0128037 0.0194117 0.0276368 0.0372177 0.0474962 0.0573893 0.0656589 0.071358 0.0741266 0.0741491 0.0719039 0.0679381 0.0627607 0.0568106 0.0504431 0.043929 0.037468 0.0312109 0.025284 0.0198066 0.0148988 0.0106744 0.00722025 0.00456914
 0.00786516 0.012851 0.019478 0.0277218 0.0373177 0.0476035 0.0574924 0.0657431 0.0714097 0.0741372 0.074119 0.0718427 0.0678619 0.062687 0.0567528 0.0504074 0.0439136 0.0374647 0.0312083 0.0252708 0.0197742 0.0148442 0.0106017 0.00713956 0.00449256
 0.00788059 0.0128718 0.0195015 0.027743 0.0373314 0.0476064 0.0574848 0.0657288 0.0713935 0.0741222 0.0741057 0.0718298 0.0678487 0.0626755 0.0567473 0.0504127 0.0439319 0.0374936 0.031241 0.0252976 0.0197864 0.014837 0.010576 0.00710161 0.00445131
 0.00787413 0.0128618 0.0194871 0.0277234 0.0373055 0.0475728 0.0574422 0.0656776 0.0713367 0.0740668 0.0740603 0.0718027 0.0678441 0.0626929 0.0567828 0.0504614 0.0439896 0.0375563 0.0313037 0.025354 0.0198298 0.0148625 0.010583 0.0070938 0.00443517
 0.0078935 0.0128874 0.0195149 0.0277461 0.0373148 0.0475626 0.0574113 0.0656295 0.0712781 0.0740046 0.0740009 0.0717513 0.0678059 0.0626721 0.0567817 0.0504792 0.044023 0.0376004 0.0313527 0.0254017 0.0198704 0.0148915 0.0105986 0.00709737 0.00443062
 0.00787494 0.0128584 0.0194732 0.0276903 0.0372435 0.0474753 0.0573088 0.0655155 0.0711602 0.0738947 0.0739125 0.0716966 0.0677921 0.0626999 0.0568462 0.050572 0.0441342 0.0377198 0.031471 0.0255106 0.0199631 0.0149637 0.0106491 0.00712818 0.0044462
 0.00789879 0.0128909 0.0195106 0.0277249 0.0372664 0.0474786 0.0572887 0.0654724 0.0710976 0.0738172 0.0738262 0.0716093 0.0677133 0.0626397 0.0568125 0.0505685 0.0441591 0.0377674 0.0315326 0.0255771 0.0200261 0.015017 0.0106892 0.00715466 0.00446122
 0.00787086 0.012848 0.0194507 0.0276475 0.037172 0.0473688 0.0571661 0.065342 0.0709679 0.0736997 0.0737333 0.0715514 0.0676962 0.062664 0.0568744 0.0506618 0.0442764 0.0378998 0.0316705 0.0257104 0.0201458 0.0151163 0.0107649 0.00720718 0.00449412
 0.0078378 0.012793 0.0193659 0.0275257 0.0370096 0.0471688 0.0569413 0.0651138 0.0707611 0.0735358 0.0736261 0.0715061 0.0677118 0.062735 0.0569929 0.0508175 0.0444574 0.0380936 0.0318649 0.0258938 0.0203082 0.0152508 0.0108681 0.00728003 0.00454101
 0.00780835 0.0127437 0.0192891 0.0274136 0.0368557 0.0469712 0.056706 0.0648559 0.0705038 0.0733063 0.0734499 0.0714021 0.0676888 0.0627914 0.0571184 0.0509966 0.0446725 0.0383271 0.0321001 0.0261159 0.0205053 0.0154144 0.0109943 0.00737002 0.00459973
 0.00780492 0.0127341 0.019267 0.0273704 0.0367821 0.0468604 0.0565561 0.064672 0.0702976 0.0730947 0.0732528 0.0712404 0.0675812 0.062751 0.0571497 0.051095 0.0448254 0.038517 0.0323077 0.0263227 0.0206955 0.0155764 0.011122 0.00746256 0.00466109
 0.00775039 0.0126503 0.0191501 0.0272196 0.0365999 0.0466516 0.0563284 0.0644363 0.070068 0.0728869 0.0730831 0.0711229 0.0675269 0.0627663 0.0572359 0.0512474 0.045033 0.0387635 0.0325728 0.0265853 0.0209366 0.0157818 0.0112838 0.00758 0.00473913
 0.00772008 0.012596 0.0190594 0.0270793 0.0364001 0.0463923 0.0560243 0.064116 0.0697661 0.0726344 0.0728998 0.071017 0.0674982 0.062811 0.0573485 0.0514207 0.0452575 0.0390255 0.0328549 0.0268675 0.0211991 0.0160082 0.0114643 0.00771222 0.00482774
 0.00930238 0.0148111 0.0217328 0.0298272 0.0387399 0.0479198 0.0565547 0.0637133 0.0686648 0.0711225 0.07123 0.0693689 0.0659802 0.0614771 0.0562175 0.0504914 0.0445183 0.0384598 0.0324424 0.0265842 0.0210186 0.0159035 0.0114105 0.00768897 0.0048203
 0.00928681 0.0150776 0.0226481 0.0318459 0.0422063 0.0528002 0.0622674 0.0692228 0.0728489 0.0732144 0.0710718 0.0673562 0.0627905 0.0577808 0.0525104 0.0470652 0.041509 0.0359107 0.0303498 0.0249217 0.0197466 0.0149729 0.0107646 0.00726739 0.00456372
 0.0089544 0.0145564 0.021921 0.030966 0.0413487 0.0522965 0.0625644 0.0707214 0.0756613 0.0769844 0.0750198 0.0705741 0.0646192 0.0580396 0.0514653 0.045214 0.039349 0.033803 0.0284962 0.0234026 0.0185696 0.0141079 0.0101638 0.00687555 0.00432567
 0.00878639 0.014272 0.0214731 0.0303073 0.0404507 0.051183 0.0613529 0.0696503 0.0750682 0.0772112 0.0762586 0.0727235 0.0672549 0.060552 0.053306 0.0461051 0.0393372 0.0331588 0.0275511 0.0224251 0.0177194 0.0134483 0.00969578 0.0065689 0.00414002
 0.0087506 0.014205 0.0213548 0.0301101 0.0401423 0.050733 0.0607458 0.0689035 0.0742536 0.076472 0.0758001 0.0727603 0.0679152 0.0617841 0.0548557 0.0476 0.0404415 0.0337051 0.0275738 0.0220949 0.0172391 0.012975 0.0093134 0.00630004 0.00397118
 0.00869503 0.0141205 0.0212377 0.0299593 0.0399565 0.0505073 0.0604705 0.0685665 0.0738482 0.0760101 0.0753287 0.0723713 0.0677346 0.0619308 0.0553778 0.0484263 0.041388 0.0345466 0.0281405 0.0223346 0.0172116 0.0127964 0.00909432 0.0061102 0.00383669
 0.00868066 0.0140917 0.0211848 0.0298708 0.039823 0.0503265 0.0602504 0.0683227 0.0735968 0.0757601 0.0750826 0.0721356 0.0675351 0.0618203 0.0554233 0.0486745 0.0418278 0.0350953 0.0286722 0.0227362 0.0174301 0.0128489 0.00904163 0.00601828 0.00375061
 0.00867114 0.0140759 0.02116 0.0298335 0.0397681 0.050248 0.0601427 0.068183 0.0734282 0.0755724 0.0748901 0.0719532 0.0673768 0.0617023 0.0553691 0.0487136 0.041982 0.0353588 0.0290011 0.0230606 0.0176845 0.0130003 0.0090971 0.00601081 0.00371693
 0.00865499 0.0140525 0.02113 0.0297989 0.0397318 0.0502115 0.0601051 0.0681405 0.0733752 0.0755033 0.0748025 0.0718493 0.0672648 0.0615955 0.0552849 0.0486719 0.0420018 0.0354504 0.0291569 0.0232521 0.0178707 0.0131453 0.00918451 0.00604631 0.00371916
 0.00865721 0.0140517 0.021121 0.0297748 0.0396865 0.0501437 0.0600201 0.06805 0.0732919 0.0754362 0.0747528 0.0718123 0.0672333 0.0615652 0.0552575 0.0486558 0.0420095 0.0354939 0.0292407 0.0233683 0.0179998 0.0132631 0.00927274 0.00609923 0.00374267
 0.00865232 0.0140486 0.0211247 0.0297919 0.0397216 0.0501955 0.060079 0.0681001 0.0733177 0.075429 0.0747142 0.0717511 0.0671604 0.0614889 0.0551831 0.0485882 0.0419556 0.0354619 0.0292378 0.0233955 0.0180499 0.0133225 0.0093268 0.00613849 0.00376516
 0.00863899 0.0140273 0.0210938 0.0297512 0.0396736 0.0501463 0.0600382 0.0680777 0.0733195 0.0754529 0.0747499 0.0717852 0.0671824 0.061495 0.0551757 0.0485732 0.0419398 0.0354522 0.0292402 0.0234135 0.0180823 0.0133634 0.0093677 0.00617205 0.00378791
 0.00863552 0.0140189 0.0210761 0.0297186 0.0396212 0.0500726 0.0599475 0.067981 0.073232 0.0753901 0.0747224 0.0717948 0.0672223 0.0615524 0.0552373 0.0486293 0.0419869 0.0354917 0.0292761 0.0234499 0.0181211 0.0134033 0.0094053 0.00620329 0.00381047
 0.00866233 0.0140603 0.0211341 0.0297927 0.0397072 0.0501621 0.060028 0.0680376 0.0732527 0.0753699 0.0746665 0.0717167 0.067138 0.061475 0.0551731 0.0485786 0.0419464 0.0354587 0.0292499 0.0234317 0.0181121 0.0134031 0.00941156 0.00621247 0.00381931
 0.00862672 0.0140123 0.0210801 0.0297445 0.039679 0.0501645 0.0600631 0.0680984 0.0733249 0.0754373 0.0747152 0.0717397 0.0671358 0.0614547 0.0551446 0.048551 0.0419248 0.0354444 0.0292419 0.0234287 0.0181133 0.0134081 0.00941909 0.00622095 0.00382704
 0.00862672 0.0140123 0.0210801 0.0297445 0.039679 0.0501645 0.0600631 0.0680984 0.0733249 0.0754373 0.0747152 0.0717397 0.0671358 0.0614547 0.0551446 0.048551 0.0419248 0.0354444 0.0292419 0.0234287 0.0181133 0.0134081 0.00941909 0.00622095 0.00382704
 0.00861469 0.013988 0.0210353 0.029671 0.0395723 0.0500301 0.0599196 0.0679742 0.073248 0.0754235 0.0747622 0.0718291 0.0672428 0.0615578 0.0552316 0.048619 0.0419771 0.035486 0.0292768 0.0234589 0.0181397 0.0134307 0.00943785 0.0062358 0.00383802
 0.00880031 0.0142806 0.021457 0.0302309 0.0402599 0.0508068 0.0607146 0.0686924 0.0737932 0.0757269 0.0748006 0.071624 0.0668449 0.0610277 0.0546277 0.0479915 0.0413674 0.0349259 0.0287882 0.0230538 0.0178209 0.0131934 0.00927179 0.0061273 0.00377237
 0.00878687 0.0142818 0.021501 0.030358 0.0405113 0.0512071 0.0612559 0.0693283 0.0744469 0.0763093 0.0752316 0.0718497 0.0668474 0.0608251 0.0542647 0.0475255 0.0408552 0.0344162 0.0283178 0.0226473 0.0174907 0.0129417 0.00909246 0.00600845 0.00369957
 0.00884469 0.0143645 0.0216059 0.0304793 0.0406464 0.0513648 0.0614581 0.0696024 0.0748078 0.0767429 0.0756883 0.0722557 0.0671276 0.0609273 0.0541733 0.0472621 0.0404677 0.0339633 0.0278555 0.0222198 0.0171269 0.0126549 0.00888279 0.00586674 0.0036114
 0.00878872 0.0142821 0.0214978 0.0303512 0.0405074 0.0512247 0.0613285 0.0694992 0.0747559 0.0767734 0.0758283 0.072512 0.0674744 0.0613075 0.0545157 0.0475057 0.0405811 0.0339497 0.0277451 0.0220548 0.0169479 0.012492 0.00875248 0.00577334 0.00355099
 0.00897072 0.0145577 0.0218741 0.0308199 0.0410451 0.0517957 0.061886 0.0699892 0.0751244 0.0769803 0.07586 0.0723862 0.067233 0.0609995 0.0541788 0.0471565 0.040219 0.0335704 0.0273528 0.0216669 0.0165895 0.0121865 0.00851395 0.00560333 0.00344069
#pred catch len freq
 0.00338851 0.00543108 0.008064 0.0112918 0.0151411 0.0196299 0.0247032 0.0301997 0.0358752 0.0414511 0.0466586 0.0512765 0.0551622 0.058257 0.0605612 0.0620977 0.0628854 0.0629199 0.0621401 0.0603756 0.0573182 0.0526003 0.0460181 0.0378057 0.0287481
 0.00367531 0.00583982 0.00857677 0.0118666 0.0157375 0.0202417 0.0253714 0.0309862 0.0368051 0.0424587 0.0475771 0.0518869 0.0552796 0.0578105 0.0596299 0.0608873 0.0616565 0.061895 0.0614266 0.05994 0.0570249 0.0522949 0.0456098 0.0373003 0.0282218
 0.00380871 0.00608188 0.00898392 0.0124972 0.0166277 0.0213754 0.0266662 0.0323152 0.0380494 0.0435532 0.0485094 0.0526464 0.0558033 0.057979 0.0593267 0.0600806 0.0604427 0.0604709 0.0600065 0.0586692 0.0559414 0.0513565 0.0447588 0.0365171 0.0275327
 0.00399554 0.00636834 0.00938784 0.0130368 0.0173333 0.022298 0.0278664 0.0338267 0.0398315 0.0454672 0.0503439 0.0541845 0.0568864 0.0585247 0.0593049 0.0594888 0.0593135 0.0588983 0.0581508 0.0567198 0.0540605 0.0496459 0.0432663 0.0352647 0.0265354
 0.0042247 0.00672891 0.00990817 0.0137356 0.0182187 0.0233674 0.0291086 0.0352278 0.0413796 0.0471455 0.0521048 0.0559204 0.058424 0.0596602 0.059861 0.0593602 0.0584828 0.0574309 0.0561829 0.0544403 0.0516812 0.0473634 0.0412329 0.0335766 0.0252335
 0.00444744 0.00708588 0.010437 0.0144713 0.0191907 0.0245936 0.0305844 0.036916 0.0432101 0.049025 0.0539345 0.0576078 0.0598801 0.0607859 0.0605367 0.0594588 0.0579045 0.0561435 0.0542476 0.052013 0.0489881 0.0446596 0.0387532 0.0314933 0.0236319
 0.0046531 0.00741809 0.0109347 0.0151735 0.0201352 0.0258106 0.032086 0.0386834 0.0451846 0.0511075 0.0559938 0.0594996 0.0614696 0.0619631 0.0612168 0.0595703 0.0573824 0.0549435 0.0523793 0.0495727 0.0461698 0.0417288 0.0359913 0.0291313 0.021801
 0.00496392 0.00789846 0.0116134 0.0160669 0.0212526 0.027161 0.0336756 0.0405049 0.0472017 0.053243 0.058129 0.0614854 0.0631488 0.0631947 0.061893 0.0596197 0.0567634 0.0536398 0.0504103 0.0470204 0.0432033 0.0386022 0.0329994 0.0265378 0.0197712
 0.00529565 0.00842 0.0123657 0.0170776 0.0225339 0.0287058 0.0354526 0.0424556 0.0492466 0.0552923 0.0600898 0.0632612 0.064637 0.0642883 0.0624898 0.0596341 0.0561362 0.0523444 0.0484629 0.0444973 0.0402613 0.03548 0.0299844 0.0238993 0.0176883
 0.00561576 0.00892816 0.0131091 0.0180957 0.0238561 0.0303451 0.0373924 0.0446371 0.0515638 0.0576015 0.0622313 0.0650866 0.0660308 0.0651755 0.0628274 0.0593957 0.0553017 0.0509028 0.046429 0.0419374 0.0373161 0.0323707 0.0269829 0.0212658 0.0156015
 0.00594703 0.009445 0.0138485 0.0190833 0.025109 0.0318735 0.039194 0.0466833 0.0537862 0.0598856 0.0644226 0.0670111 0.0675255 0.0661172 0.0631484 0.0590795 0.0543649 0.0493787 0.0443649 0.039411 0.0344607 0.0293859 0.0241146 0.0187519 0.0136076
 0.00620942 0.00986525 0.0144699 0.0199439 0.0262372 0.0332809 0.040865 0.0485689 0.0558061 0.0619364 0.0663862 0.0687604 0.0689317 0.0670623 0.0635412 0.058869 0.0535436 0.0479767 0.0424437 0.0370649 0.031827 0.0266512 0.021499 0.0164652 0.0117948
 0.00634555 0.0100985 0.0148445 0.0205127 0.0270553 0.0343925 0.0422861 0.0502723 0.0577154 0.0639319 0.0683204 0.0704814 0.070305 0.0679861 0.0639493 0.058727 0.0528456 0.0467452 0.0407321 0.0349636 0.0294691 0.0242113 0.0191749 0.0144405 0.0101936
 0.00649272 0.010336 0.0152006 0.0210174 0.0277414 0.0352928 0.0434252 0.0516534 0.0593064 0.0656557 0.0700568 0.0720825 0.0716217 0.0688949 0.0643699 0.0586253 0.052226 0.0456408 0.0392013 0.0330935 0.0273818 0.0220633 0.01714 0.0126763 0.00880409
 0.00673137 0.0107061 0.0157254 0.0217099 0.0286065 0.0363302 0.0446271 0.0529988 0.0607538 0.0671403 0.0714911 0.0733625 0.0726386 0.0695509 0.0645934 0.0583814 0.0515182 0.0445061 0.037704 0.0313231 0.0254538 0.0201167 0.0153231 0.0111192 0.0075886
 0.00690863 0.0109882 0.0161387 0.0222753 0.0293361 0.0372223 0.0456609 0.0541322 0.0619288 0.0682925 0.0725582 0.0742866 0.0733653 0.0700278 0.0647727 0.0582257 0.0510091 0.0436507 0.0365393 0.0299172 0.0239041 0.0185429 0.0138516 0.00985885 0.00660629
 0.00711879 0.0113064 0.0165753 0.022828 0.0299965 0.0379828 0.0465165 0.0550719 0.0629242 0.0692898 0.073483 0.0750594 0.0739205 0.0703248 0.0647957 0.0579746 0.0504914 0.0428809 0.0355443 0.0287441 0.0226252 0.017252 0.0126499 0.00883374 0.00581047
 0.00724065 0.0114917 0.0168304 0.0231501 0.0303753 0.0384042 0.0469653 0.0555365 0.0633986 0.0697744 0.0739774 0.0755522 0.0743806 0.0707043 0.0650409 0.0580408 0.0503512 0.0425264 0.0349868 0.0280153 0.0217788 0.0163613 0.0117971 0.00809227 0.00522751
 0.00729301 0.0115754 0.0169536 0.0233189 0.030592 0.0386647 0.0472577 0.0558417 0.0636958 0.0700484 0.0742249 0.0757805 0.0746004 0.0709175 0.0652322 0.0581772 0.0503909 0.0424324 0.034739 0.0276184 0.0212638 0.0157813 0.0112168 0.00757272 0.00481083
 0.00728001 0.0115719 0.0169808 0.0234076 0.0307744 0.0389616 0.0476668 0.0563327 0.0642163 0.0705367 0.0746249 0.0760557 0.0747407 0.0709381 0.0651626 0.0580451 0.0502103 0.0422007 0.034445 0.0272551 0.0208397 0.0153239 0.0107668 0.00717222 0.00449011
