SBPRF35
7.78865
Curr Bio
482496
B35
685314
F35
0.21201
FOFL
0.14215
OFL
53526.9
Bzero
2.22533e+006
#pred survey bio
 4.74662e+006 4.49311e+006 4.24154e+006 3.92839e+006 3.6063e+006 3.25086e+006 2.92778e+006 2.57739e+006 2.26381e+006 1.99876e+006 1.74383e+006 1.54175e+006 1.35651e+006 1.20628e+006 1.07496e+006 960556 868948 800135 751033 698465 673386 669672 662615 633136 622649 617784 621044 623801 621057 618609 619375 625464 621598 608248 598249 595824 583386 579915 572061 565686 571493 581191 588750 597200 595103 601492 602323 599802 601984 603871 597713 564068 557288 557151 529733 514121 488479 1.66717e+007 9.8853e+006 1.01398e+007 1.0972e+007 1.21041e+007 1.32753e+007 1.43296e+007 1.52024e+007 1.58866e+007 1.64039e+007 1.67855e+007 1.70628e+007 1.72625e+007 1.74056e+007 1.75082e+007 1.75819e+007 1.7635e+007 1.76735e+007 1.77017e+007 1.77223e+007 1.77376e+007 1.7749e+007 1.77575e+007 1.77639e+007 1.77687e+007 1.77724e+007 1.77751e+007 1.77773e+007 1.77789e+007 1.77801e+007 1.77811e+007 1.77818e+007 1.77824e+007 1.77828e+007 1.77832e+007 1.77834e+007 1.77836e+007 1.77838e+007 1.77839e+007 1.7784e+007 1.77841e+007 1.77841e+007 1.77842e+007 1.77842e+007 1.77842e+007 1.77842e+007 1.77842e+007 1.77843e+007 1.77843e+007 1.77843e+007 1.77843e+007 1.77843e+007 1.77843e+007 1.77843e+007 1.77843e+007 1.77843e+007 1.77843e+007 1.77843e+007 1.77843e+007 1.77843e+007 1.77843e+007 1.77843e+007 1.77843e+007 1.77843e+007 1.77843e+007 1.77843e+007 1.77843e+007 1.77843e+007 1.77843e+007 1.77843e+007 1.77843e+007 1.77843e+007 1.77843e+007 1.77843e+007 1.77843e+007 1.77843e+007 1.77843e+007 1.77843e+007 1.77843e+007 1.77843e+007 1.77843e+007 1.77843e+007 1.77843e+007 1.77843e+007 1.77843e+007 1.77843e+007 1.77843e+007 1.77843e+007 1.77843e+007 1.77843e+007 1.77843e+007 1.77843e+007 1.77843e+007 1.77843e+007 1.77843e+007 1.77843e+007 1.77843e+007 1.77843e+007 1.77843e+007 1.77843e+007 0 0 0 0 0 0 0 0 0 0 0 0 0 0 0 0 0 0 0 0 0 0 0 0 0
#obs survey bio
 3.57368e+006 3.97178e+006 3.11569e+006 2.49846e+006 2.67501e+006 3.06436e+006 2.24926e+006 3.31011e+006 1.6685e+006 1.98327e+006 1.13347e+006 1.15851e+006 777886 1.31608e+006 1.11935e+006 716485 496928 520866 464166 690651 699431 560626 886842 372937 461428 609784 672158 486607 519086 578318 482664 791350 570033 905928 661586 712957 565417 677398 671677 610774 496381 616628 490828 471765 644616 551744 590240 970584 464439 670209 448088 474239 660151 588944 470234 474299 465379
#pred catch bio
 97990.2 97816.3 166978 197789 257414 259931 315356 309790 289700 300240 269092 266195 243667 232017 219875 201336 181559 163018 162118 134883 114940 116365 132255 113833 108001 99817.1 98592.3 101499 99498.4 95075.3 88948.9 94736.2 98697.3 91488.5 81866.4 90218.2 86437.6 94624.2 95031.3 84606.9 81059.4 82965.9 82641.5 91566.9 84399.2 89420 92188.1 88225.1 88885.7 95613.5 117430 93642.7 87533.7 108099 94955.5 99697.4 83652.7 53526.9 76106.3 76509.9 81501.6 89606.9 98241.5 105954 112207 116966 120433 122876 124557 125692 126446 126942 127266 127475 127609 127695 127750 127785 127807 127821 127829 127835 127838 127841 127842 127843 127843 127844 127844 127844 127844 127844 127844 127844 127844 127844 127844 127844 127844 127844 127844 127844 127844 127844 127844 127844 127844 127844 127844 127844 127844 127844 127844 127844 127844 127844 127844 127844 127844 127844 127844 127844 127844 127844 127844 127844 127844 127844 127844 127844 127844 127844 127844 127844 127844 127844 127844 127844 127844 127844 127844 127844 127844 127844 127844 127844 127844 127844 127844 127844 127844 127844 127844 127844 127844 127844 127844 0 0 0 0 0 0 0 0 0 0 0 0 0 0 0 0 0 0 0 0 0 0 0 0 0
#obs catch bio
 0 97528.2 167978 198963 260708 263432 323508 316335 295914 307310 276174 273865 252022 238608 225926 207486 187499 168429 167830 138240 116903 118674 134964 115941 110324 101701 99904.2 102819 100983 96305.2 89903.6 95822.3 99809.6 91822.8 82011.1 90473.9 86726.3 95140.7 95575.5 84859.2 80844.1 82661.2 82618.9 91711.8 84243.8 89348.5 92306.1 87849.9 88934.2 95549.3 118267 93859.4 87396 108414 94813 99887.1 83563.5
#pred cpue bio
 4.67205e+006 4.42429e+006 4.17632e+006 3.86453e+006 3.54358e+006 3.18975e+006 2.86823e+006 2.52049e+006 2.20958e+006 1.94664e+006 1.6939e+006 1.49352e+006 1.31017e+006 1.16174e+006 1.03236e+006 919676 829493 762101 714556 664058 640258 636962 630398 602110 591959 587381 591092 594350 591975 589867 591000 597417 594401 582252 573301 571388 558410 553150 544443 538482 544809 554630 561958 570063 568027 574264 575007 572551 574666 576401 570411 537582 530855 531077 504924 490084 465796 1.59252e+007 9.45142e+006 9.55622e+006 1.02358e+007 1.13184e+007 1.24787e+007 1.3531e+007 1.44034e+007 1.50876e+007 1.56048e+007 1.59865e+007 1.62638e+007 1.64635e+007 1.66066e+007 1.67092e+007 1.67828e+007 1.6836e+007 1.68745e+007 1.69026e+007 1.69233e+007 1.69386e+007 1.69499e+007 1.69584e+007 1.69648e+007 1.69697e+007 1.69733e+007 1.69761e+007 1.69782e+007 1.69799e+007 1.69811e+007 1.69821e+007 1.69828e+007 1.69834e+007 1.69838e+007 1.69841e+007 1.69844e+007 1.69846e+007 1.69847e+007 1.69849e+007 1.6985e+007 1.6985e+007 1.69851e+007 1.69851e+007 1.69852e+007 1.69852e+007 1.69852e+007 1.69852e+007 1.69852e+007 1.69852e+007 1.69852e+007 1.69853e+007 1.69853e+007 1.69853e+007 1.69853e+007 1.69853e+007 1.69853e+007 1.69853e+007 1.69853e+007 1.69853e+007 1.69853e+007 1.69853e+007 1.69853e+007 1.69853e+007 1.69853e+007 1.69853e+007 1.69853e+007 1.69853e+007 1.69853e+007 1.69853e+007 1.69853e+007 1.69853e+007 1.69853e+007 1.69853e+007 1.69853e+007 1.69853e+007 1.69853e+007 1.69853e+007 1.69853e+007 1.69853e+007 1.69853e+007 1.69853e+007 1.69853e+007 1.69853e+007 1.69853e+007 1.69853e+007 1.69853e+007 1.69853e+007 1.69853e+007 1.69853e+007 1.69853e+007 1.69853e+007 1.69853e+007 1.69853e+007 1.69853e+007 1.69853e+007 1.69853e+007 1.69853e+007 1.69853e+007 1.69853e+007 1.69853e+007 0 0 0 0 0 0 0 0 0 0 0 0 0 0 0 0 0 0 0 0 0 0 0 0 0
#obs cpue bio
 3.45934e+006 3.06699e+006 3.497e+006 2.83858e+006 3.23121e+006 1.78648e+006 1.74808e+006 2.77503e+006 2.118e+006 1.92739e+006 1.27022e+006 1.53547e+006 987859 1.16488e+006 769108 678714 772984 618674 793518 581666 565465 485819 502930 613773 477416 453167 656494 686405 477472 572736 639550 441845 625885 611772 475313 540050 440854 445867 436560 504111 1.02393e+006 631885 459955 744205 578640 641591 507693 543217 487206 550949 586776 599053 551000 509208 591194 522398 502670
#pred surv len freq
 0.00473661 0.00778006 0.0118743 0.0170462 0.023183 0.0299336 0.0366933 0.0427687 0.0476484 0.051173 0.0534968 0.0549219 0.0557464 0.056188 0.056359 0.0562667 0.0558331 0.0549259 0.0533793 0.0509942 0.0475394 0.0428101 0.0367664 0.0296934 0.0222423
 0.00506625 0.00818431 0.0122451 0.0172165 0.0229907 0.0293115 0.0357294 0.0416859 0.0467034 0.0505352 0.0531799 0.0548039 0.0556555 0.0559995 0.0560566 0.0559481 0.055663 0.0550579 0.0538804 0.0518059 0.0484986 0.0437183 0.0374713 0.0301369 0.022456
 0.00534142 0.00865558 0.012988 0.018288 0.0243832 0.0309022 0.0372647 0.0428424 0.0472181 0.0503314 0.052398 0.0537103 0.0544956 0.0548987 0.0550245 0.0549566 0.0547261 0.0542535 0.0533077 0.0515177 0.0484604 0.043822 0.0375925 0.0301928 0.0224289
 0.00558677 0.00905639 0.0135973 0.0191625 0.0255769 0.0324488 0.0391443 0.0449437 0.0493189 0.0521257 0.0535805 0.0540863 0.0540554 0.0538032 0.0535144 0.053252 0.052981 0.052572 0.0517755 0.0502082 0.0474122 0.0430224 0.0369889 0.0297261 0.0220606
 0.00583385 0.00945459 0.0141907 0.0199916 0.0266741 0.0338303 0.0408003 0.0468302 0.0513525 0.0541764 0.0554646 0.0555753 0.0549198 0.0538853 0.0527903 0.0518408 0.0510953 0.0504462 0.0496153 0.0481709 0.0456056 0.0415051 0.0357746 0.0287961 0.02138
 0.00609661 0.00988332 0.0148387 0.0209089 0.0278977 0.0353691 0.0426207 0.0488534 0.0534687 0.0562661 0.0574103 0.0572554 0.0561939 0.0545961 0.0527945 0.0510625 0.0495692 0.0483222 0.0471212 0.045556 0.0430923 0.0392613 0.0339035 0.0273376 0.0203207
 0.00625854 0.0101615 0.0152856 0.0215839 0.0288564 0.0366448 0.0442057 0.0506909 0.0554609 0.0582938 0.0593518 0.0589965 0.0576269 0.0556108 0.053274 0.0508956 0.0486847 0.0467312 0.0449411 0.0429985 0.0404183 0.0367233 0.0316977 0.0255769 0.0190307
 0.00652653 0.0105859 0.0159042 0.0224275 0.0299466 0.0379904 0.0457943 0.0524813 0.0573812 0.0602471 0.0612272 0.0606805 0.0590134 0.0566046 0.0537877 0.0508458 0.0479986 0.045372 0.0429439 0.0404971 0.0376393 0.0339431 0.0291774 0.0235027 0.0174815
 0.00686176 0.0111144 0.0166684 0.0234547 0.0312436 0.0395365 0.0475352 0.054331 0.0592374 0.0620135 0.0628272 0.0620562 0.0601142 0.057376 0.0541666 0.0507616 0.0473806 0.0441666 0.0411444 0.0381767 0.0349689 0.0311729 0.0265811 0.0213055 0.0158052
 0.00717089 0.0116127 0.0174095 0.0244834 0.0325849 0.0411796 0.0494186 0.0563415 0.0612306 0.0638476 0.0643924 0.0632871 0.0609831 0.0578761 0.0542915 0.0504906 0.046675 0.0429814 0.0394561 0.0360198 0.0324644 0.0285284 0.0240502 0.0191187 0.0141059
 0.0075259 0.0121814 0.0182495 0.0256416 0.0340878 0.0430181 0.0515321 0.058612 0.063497 0.0659357 0.0661472 0.0645961 0.0617869 0.0581652 0.0540919 0.0498404 0.0456033 0.0414997 0.0375708 0.0337638 0.0299318 0.0258889 0.0215254 0.0169234 0.0123841
 0.00781555 0.012648 0.0189436 0.0266073 0.0353541 0.0445862 0.0533611 0.0606136 0.0655458 0.0678901 0.0678702 0.0659703 0.0627233 0.0586101 0.0540291 0.0492867 0.044595 0.0400786 0.0357795 0.0316576 0.0276029 0.0234823 0.0192275 0.0149191 0.0108024
 0.00807609 0.0130759 0.0195953 0.0275362 0.0365987 0.0461511 0.0551989 0.0626214 0.0675816 0.0698024 0.0695247 0.0672631 0.0635824 0.0589931 0.0539205 0.0486951 0.0435504 0.0386269 0.0339794 0.0295843 0.0253587 0.0212049 0.0170803 0.0130597 0.00933874
 0.00831035 0.0134491 0.0201433 0.0282891 0.0375774 0.0473609 0.0566202 0.0642023 0.0692382 0.071428 0.0710045 0.0684888 0.0644655 0.0594724 0.053964 0.0482975 0.042728 0.037415 0.0324319 0.0277772 0.0233947 0.0192147 0.0152106 0.0114457 0.00807053
 0.00862593 0.0139404 0.0208415 0.0292079 0.0387099 0.0486774 0.0580653 0.0656963 0.0706888 0.0727472 0.0721208 0.0693491 0.0650301 0.0597107 0.0538546 0.0478309 0.0419103 0.0362695 0.0310017 0.0261287 0.0216212 0.0174341 0.0135522 0.0100249 0.00696067
 0.00889582 0.0143804 0.0215044 0.0301386 0.0399313 0.05017 0.059751 0.067441 0.0723305 0.0741381 0.0731604 0.0699943 0.0652845 0.0596037 0.0534232 0.0471087 0.0409252 0.0350487 0.0295804 0.0245595 0.0199802 0.0158192 0.0120706 0.00877043 0.00598991
 0.00902731 0.0146071 0.0218697 0.0306916 0.0407163 0.0512095 0.0610273 0.0688861 0.0738321 0.0755584 0.0743627 0.0708684 0.0657654 0.059678 0.0531206 0.0464835 0.0400374 0.0339528 0.0283261 0.0231993 0.0185786 0.0144556 0.0108306 0.00772787 0.00518779
 0.00902084 0.0146128 0.0219096 0.0307992 0.0409329 0.0515754 0.0615707 0.0696147 0.0747258 0.0765662 0.0754032 0.0718397 0.0665616 0.0602112 0.053338 0.0463744 0.0396274 0.0332908 0.0274713 0.0222153 0.0175337 0.0134229 0.00988356 0.006928 0.00457089
 0.00895039 0.0145048 0.0217603 0.0306135 0.0407272 0.0513813 0.0614359 0.0695973 0.0748816 0.0769301 0.0759745 0.0725752 0.0673816 0.0610134 0.0540181 0.0468472 0.0398421 0.0332369 0.0271742 0.0217266 0.0169207 0.0127603 0.00924376 0.00637058 0.00413254
 0.00905049 0.0146477 0.0219386 0.0308073 0.0409098 0.0515284 0.0615343 0.0696495 0.0749059 0.0769573 0.0760406 0.0727106 0.0675989 0.0612981 0.0543278 0.0471201 0.0400137 0.0332581 0.0270243 0.0214179 0.0164938 0.0122734 0.0087593 0.00594164 0.00379244
 0.00920036 0.0148508 0.0221693 0.031016 0.0410365 0.0515243 0.0613809 0.0693658 0.0745419 0.076581 0.0757231 0.0725132 0.0675612 0.0614295 0.054604 0.0474869 0.0403981 0.033585 0.0272347 0.0214824 0.0164177 0.0120912 0.00852181 0.00569982 0.00358439
 0.00913251 0.0147597 0.022066 0.030918 0.0409571 0.0514587 0.0613004 0.0692278 0.074314 0.0762657 0.0753673 0.072195 0.0673616 0.0614053 0.0547713 0.0478196 0.0408369 0.0340531 0.0276557 0.0217986 0.0166019 0.0121496 0.00848606 0.00561278 0.00348525
 0.00903791 0.0146177 0.0218751 0.0306873 0.0407066 0.0512169 0.0610991 0.069092 0.0742504 0.0762564 0.0753766 0.0721906 0.0673363 0.0613839 0.054798 0.0479332 0.0410493 0.0343422 0.0279738 0.0220902 0.0168232 0.0122811 0.00853423 0.0056022 0.00344566
 0.00927569 0.0149634 0.0223194 0.031195 0.0412257 0.0516951 0.0614961 0.069384 0.0744262 0.0763109 0.0753072 0.0719954 0.0670196 0.0609643 0.0543149 0.0474434 0.0406124 0.0340007 0.0277404 0.0219477 0.0167378 0.0122195 0.00847579 0.00554168 0.00338784
 0.00922492 0.0149104 0.0222925 0.0312341 0.0413662 0.0519455 0.0618238 0.0697218 0.0747001 0.076472 0.0753471 0.0719384 0.0668998 0.0608075 0.0541342 0.0472479 0.0404163 0.0338249 0.0276039 0.0218585 0.0166889 0.0121945 0.00845837 0.00552259 0.00336597
 0.00905578 0.0146546 0.0219452 0.0308094 0.0408995 0.0514931 0.0614565 0.0695093 0.0746865 0.0766551 0.0756762 0.0723358 0.0672928 0.0611497 0.0544087 0.0474563 0.0405689 0.0339347 0.0276852 0.0219235 0.0167449 0.0122422 0.00849473 0.00554528 0.00337601
 0.00897796 0.0145075 0.0216877 0.030395 0.0402941 0.0506995 0.0605349 0.0685769 0.0738906 0.0761297 0.0755018 0.0725195 0.067773 0.0618223 0.0551607 0.0481948 0.0412339 0.0344985 0.0281431 0.0222838 0.0170202 0.0124454 0.00863767 0.00563908 0.00343209
 0.00899725 0.0145251 0.021687 0.0303481 0.0401637 0.0504461 0.0601284 0.0680115 0.0731991 0.0753903 0.0748282 0.0720321 0.0675609 0.0619141 0.0555184 0.0487327 0.0418509 0.035107 0.0286847 0.0227307 0.0173675 0.0127012 0.00881612 0.00575592 0.00350297
 0.00893788 0.0144507 0.0216149 0.0303048 0.040173 0.0505128 0.0602257 0.0680828 0.073177 0.0752243 0.0745094 0.0716034 0.0671082 0.0615393 0.0553047 0.0487175 0.0420177 0.035399 0.0290309 0.0230691 0.0176584 0.0129278 0.00897845 0.00586347 0.00356872
 0.00887097 0.0143423 0.021454 0.0300859 0.0399024 0.0502146 0.0599423 0.0678646 0.0730601 0.0752102 0.0745603 0.0716614 0.0671269 0.0615093 0.055258 0.0487079 0.0420918 0.0355729 0.0292853 0.0233617 0.0179431 0.0131706 0.00916363 0.00599115 0.00364875
 0.00877067 0.014186 0.0212315 0.0297924 0.0395401 0.0497943 0.0594877 0.0674145 0.0726662 0.0749262 0.0744261 0.0716872 0.0672879 0.0617563 0.05554 0.0489936 0.0423761 0.0358667 0.0295967 0.0236836 0.0182538 0.0134441 0.00938125 0.00614736 0.00374991
 0.00851094 0.0137967 0.0207073 0.0291507 0.038817 0.0490365 0.0587466 0.0667432 0.0721169 0.074545 0.0742469 0.0717267 0.0675411 0.0621941 0.0561116 0.049637 0.0430339 0.0364983 0.0301798 0.0242072 0.0187093 0.0138221 0.00967515 0.00635816 0.00388791
 0.00833101 0.0135101 0.0202885 0.0285844 0.0381058 0.0482107 0.0578695 0.0659051 0.0714137 0.0740512 0.0739988 0.0717235 0.0677582 0.0625968 0.0566606 0.0502883 0.0437386 0.0372073 0.0308513 0.0248106 0.019226 0.0142429 0.0099981 0.00658912 0.00403996
 0.00825265 0.0133809 0.0200908 0.0283001 0.0377201 0.047718 0.0572811 0.0652544 0.0707554 0.0734534 0.0735297 0.0714363 0.0676806 0.0627279 0.0569759 0.0507486 0.0442977 0.0378168 0.0314642 0.0253861 0.0197326 0.0146613 0.0103212 0.00682104 0.00419338
 0.00836589 0.0135209 0.0202201 0.0283569 0.0376348 0.0474402 0.0568014 0.0646099 0.0700169 0.0727047 0.0728509 0.0708951 0.0673273 0.0625913 0.0570596 0.051031 0.0447369 0.0383586 0.0320511 0.0259644 0.0202586 0.0151049 0.010668 0.00707139 0.00435945
 0.00905045 0.014493 0.0214203 0.0296358 0.0387883 0.0482704 0.0571713 0.0644687 0.0693976 0.0717077 0.0716213 0.0695948 0.0661058 0.0615616 0.0562884 0.0505396 0.0445093 0.0383522 0.0322072 0.0262191 0.0205521 0.015389 0.0109106 0.00725732 0.00448804
 0.00972779 0.0155751 0.0230036 0.0317719 0.0414429 0.0512775 0.0602096 0.0671017 0.0711893 0.072366 0.0710898 0.0680473 0.0638609 0.0589762 0.0536755 0.0481288 0.0424393 0.0366826 0.0309375 0.0253087 0.0199383 0.0150019 0.010684 0.0071354 0.00442856
 0.00950459 0.015349 0.0229164 0.0320397 0.0422989 0.052877 0.0625419 0.069954 0.074182 0.0750411 0.0730224 0.0689485 0.063645 0.0577685 0.0517581 0.0458482 0.0401168 0.0345574 0.029149 0.0239075 0.0189106 0.0142952 0.0102292 0.00686253 0.0042767
 0.00909151 0.0147329 0.0221005 0.0310852 0.0413362 0.0521059 0.0622113 0.0703062 0.0753611 0.0770019 0.0754957 0.0714987 0.0658018 0.0591719 0.0522536 0.045501 0.0391534 0.0332708 0.0278095 0.0227077 0.0179505 0.0135968 0.00976333 0.00657687 0.00411578
 0.00891874 0.0144299 0.0216068 0.03034 0.0403052 0.0508201 0.0608003 0.069001 0.0744513 0.076755 0.0760667 0.0728623 0.0677368 0.0613131 0.0541998 0.0469373 0.0399367 0.0334419 0.0275392 0.0222113 0.0174135 0.0131362 0.00942598 0.00635965 0.0039912
 0.00895354 0.0144433 0.0215459 0.0301258 0.0398494 0.050055 0.0597126 0.0676552 0.0729962 0.0754104 0.0750864 0.072474 0.0680691 0.0623374 0.0557197 0.0486427 0.041504 0.0346368 0.0282739 0.0225358 0.0174578 0.0130415 0.00929777 0.00625325 0.00392223
 0.00903669 0.0145646 0.0217 0.0302916 0.0399856 0.0500997 0.0595883 0.067286 0.0723376 0.0744829 0.0739966 0.0714063 0.0672444 0.0619475 0.0558597 0.0492707 0.0424505 0.0356666 0.0291722 0.0231763 0.0178219 0.0131896 0.00931839 0.00622203 0.00388422
 0.00904341 0.0145883 0.0217583 0.0304063 0.0401733 0.0503579 0.0598833 0.0675508 0.0724833 0.0744236 0.0736792 0.0708385 0.0665088 0.0611911 0.0552547 0.0489557 0.0424776 0.0359818 0.0296429 0.023652 0.0181934 0.0134169 0.00942056 0.00624548 0.0038731
 0.00895232 0.0144567 0.021592 0.0302234 0.040003 0.0502343 0.0598378 0.0676024 0.0726278 0.0746253 0.0738733 0.0709485 0.0664758 0.0610043 0.0549648 0.0486614 0.0422864 0.0359626 0.0297967 0.0239173 0.0184823 0.0136571 0.00957979 0.006329 0.00390551
 0.00898714 0.0145033 0.0216441 0.0302704 0.0400346 0.0502478 0.0598425 0.0676179 0.0726759 0.0747177 0.0740014 0.0710803 0.0665634 0.0610001 0.0548445 0.0484405 0.0420202 0.0357253 0.0296483 0.0238779 0.018529 0.0137437 0.00966323 0.00638638 0.0039346
 0.0090028 0.0145204 0.021654 0.0302598 0.039988 0.0501534 0.0596985 0.0674365 0.0724832 0.0745498 0.0738949 0.0710598 0.06663 0.0611281 0.0549895 0.0485586 0.0420882 0.0357496 0.0296579 0.0239037 0.0185857 0.013824 0.00974721 0.00645559 0.00398086
 0.00894358 0.0144476 0.021587 0.0302285 0.0400219 0.050265 0.0598718 0.0676288 0.0726421 0.0746351 0.0738945 0.0709908 0.0665276 0.0610277 0.0549123 0.0485057 0.0420472 0.035708 0.029613 0.0238645 0.0185638 0.0138245 0.00976528 0.00648051 0.00400307
 0.00899302 0.0145092 0.0216464 0.0302647 0.0400178 0.0502207 0.0598116 0.0675927 0.0726642 0.074722 0.0740192 0.0711076 0.0665967 0.0610335 0.0548648 0.0484286 0.0419625 0.0356283 0.0295431 0.0238065 0.0185206 0.0137985 0.00975554 0.00648224 0.0040099
 0.00903015 0.0145654 0.0217223 0.0303554 0.0401114 0.0502982 0.0598502 0.0675748 0.0725881 0.0746083 0.0739046 0.0710269 0.066565 0.0610412 0.054888 0.0484453 0.0419627 0.0356138 0.0295211 0.0237841 0.0185028 0.0137879 0.00975236 0.00648479 0.00401532
 0.00894726 0.0144553 0.0216019 0.0302549 0.0400648 0.0503283 0.0599564 0.0677311 0.0727527 0.0747399 0.073978 0.0710405 0.0665375 0.0609996 0.0548532 0.0484246 0.0419516 0.0356041 0.0295078 0.0237675 0.0184862 0.0137747 0.00974443 0.00648187 0.0040158
 0.00897735 0.0144927 0.021638 0.030278 0.0400671 0.0503151 0.0599497 0.0677622 0.0728451 0.0748923 0.0741593 0.0712027 0.0666378 0.0610182 0.0547978 0.0483205 0.0418272 0.0354803 0.0293955 0.023671 0.0184069 0.0137132 0.00970022 0.00645301 0.00399896
 0.00915278 0.0147843 0.0220863 0.0309174 0.0409103 0.051333 0.0610581 0.0688311 0.073733 0.0754894 0.0744145 0.0711222 0.0662651 0.0604141 0.0540292 0.0474575 0.0409399 0.0346315 0.0286334 0.0230248 0.0178881 0.0133191 0.00941831 0.0062645 0.00388216
 0.0089476 0.0144871 0.0217082 0.0304973 0.0405105 0.0510273 0.0609175 0.0689067 0.0740392 0.0759923 0.0750356 0.07176 0.0668251 0.0608314 0.0542761 0.0475385 0.0408819 0.0344747 0.0284224 0.0228005 0.0176813 0.013148 0.00928936 0.00617553 0.00382599
 0.00876576 0.0141891 0.0212583 0.0298684 0.039699 0.050073 0.0599164 0.0680034 0.0733922 0.0757245 0.0751949 0.0723069 0.0676502 0.0617908 0.0552306 0.0483825 0.0415564 0.034965 0.0287464 0.0229938 0.017784 0.0131953 0.00930715 0.00618002 0.0038258
 0.00886087 0.0143362 0.0214636 0.0301272 0.0399905 0.050357 0.0601356 0.0680981 0.0733255 0.0755058 0.0748844 0.0719948 0.0674188 0.0616828 0.0552373 0.048457 0.0416392 0.0350089 0.02873 0.0229215 0.0176767 0.0130786 0.00920205 0.00609808 0.00376943
 0.00859504 0.0139622 0.0210085 0.0296526 0.0395755 0.050069 0.0600062 0.0681152 0.0734432 0.0756654 0.0750371 0.0721193 0.0675267 0.0618079 0.0554137 0.0486965 0.0419235 0.0352981 0.0289815 0.0231075 0.0177912 0.0131336 0.00921768 0.00609386 0.00375903
 0.00835639 0.0135951 0.0204977 0.029006 0.0388312 0.0492996 0.0593158 0.0676203 0.0732357 0.0757746 0.0754146 0.0726594 0.0681123 0.0623536 0.0558847 0.0490993 0.0422801 0.0356227 0.0292718 0.0233502 0.0179745 0.0132558 0.00928818 0.0061281 0.00377221
#obs surv len freq
 nan nan nan nan nan nan nan nan nan nan nan nan nan nan nan nan nan nan nan nan nan nan nan nan nan
 0.00448983 0.00735341 0.0111853 0.0160026 0.0217029 0.0279769 0.0342888 0.0400176 0.044695 0.048157 0.0505134 0.0520081 0.0528993 0.0534109 0.0537246 0.053979 0.0542573 0.0545498 0.0546884 0.0542803 0.0527184 0.0493509 0.0438013 0.0362822 0.0276667
 0.00461421 0.00756025 0.0115047 0.0164642 0.0223282 0.0287674 0.0352153 0.0410175 0.0456822 0.0490401 0.0512136 0.0524704 0.0530973 0.0533456 0.0534194 0.0534721 0.0535925 0.0537702 0.0538333 0.0533867 0.0518256 0.0485023 0.0430421 0.0356506 0.0271841
 0.00477618 0.00782349 0.011901 0.017024 0.0230755 0.0297113 0.0363397 0.0422747 0.0469944 0.0503098 0.052337 0.0533515 0.0536611 0.0535474 0.0532494 0.0529526 0.05277 0.0527053 0.0525931 0.0520421 0.0504518 0.0471798 0.0418505 0.0346558 0.0264223
 0.00496605 0.0081343 0.0123727 0.0176947 0.0239742 0.030846 0.0376855 0.0437706 0.048552 0.0518289 0.053719 0.0545051 0.0545042 0.054011 0.0532856 0.0525425 0.0519287 0.0514806 0.0510607 0.0503 0.048616 0.0453777 0.0402078 0.0332751 0.0253611
 0.00517824 0.00848185 0.0129007 0.0184469 0.024985 0.0321272 0.0392125 0.0454768 0.0503379 0.0535801 0.0553242 0.0558665 0.0555394 0.0546522 0.0534782 0.0522481 0.051132 0.0501987 0.0493511 0.0482645 0.0463977 0.0431484 0.0381436 0.0315225 0.0240059
 0.00541134 0.00886293 0.0134783 0.0192678 0.0260858 0.0335204 0.040872 0.0473325 0.0522847 0.055497 0.0570928 0.057382 0.0567145 0.0554163 0.0537753 0.0520351 0.050381 0.0489059 0.0475514 0.0460464 0.0439105 0.040592 0.0357363 0.0294544 0.0223935
 0.00564601 0.00924871 0.0140669 0.0201103 0.0272229 0.034967 0.0426014 0.0492709 0.0543213 0.0575056 0.0589516 0.0589845 0.0579726 0.0562592 0.0541461 0.0518886 0.0496834 0.0476416 0.0457384 0.0437575 0.0412886 0.0378466 0.0331112 0.0271717 0.0205978
 0.00589802 0.00965833 0.0146835 0.0209804 0.0283821 0.0364274 0.0443372 0.0512123 0.0563626 0.0595239 0.0608254 0.0606058 0.0592521 0.0571261 0.0545454 0.0517765 0.0490254 0.0464169 0.0439546 0.0414735 0.0386359 0.0350319 0.0303873 0.0247785 0.0186991
 0.00612121 0.0100285 0.0152541 0.0218055 0.0295051 0.0378637 0.0460574 0.0531373 0.0583776 0.0615021 0.0626489 0.0621763 0.0604905 0.0579695 0.0549433 0.0516875 0.0484151 0.0452621 0.0422561 0.0392789 0.0360629 0.0322758 0.0276952 0.022393 0.0167924
 0.00637245 0.0104371 0.0158695 0.0226745 0.0306635 0.039323 0.0477899 0.0550693 0.0603971 0.0634787 0.0644552 0.0637032 0.0616555 0.0587166 0.0552372 0.0515045 0.0477366 0.0440746 0.0405629 0.0371221 0.0335487 0.0295844 0.0250608 0.0200504 0.0149123
 0.00659357 0.0108021 0.0164287 0.0234778 0.0317499 0.0407045 0.0494356 0.0569015 0.0623035 0.0653355 0.0661468 0.0651327 0.0627467 0.0594135 0.0555021 0.0513144 0.0470786 0.0429437 0.0389688 0.0351065 0.0312081 0.0270813 0.022608 0.0178641 0.0131522
 0.00682416 0.0111789 0.0169995 0.0242881 0.0328344 0.0420725 0.0510565 0.0586986 0.0641644 0.0671323 0.0677588 0.0664606 0.0637188 0.0599845 0.0556482 0.0510264 0.0463553 0.0417906 0.0374035 0.0331738 0.0289985 0.0247417 0.0203288 0.0158384 0.0115228
 0.00703791 0.0115307 0.0175366 0.0250567 0.0338694 0.0433826 0.0526088 0.0604145 0.0659309 0.068825 0.0692626 0.067682 0.0645901 0.0604636 0.0557158 0.0506802 0.0456043 0.0406511 0.0359022 0.0313594 0.0269569 0.0226048 0.0182635 0.0140121 0.0100583
 0.00725917 0.0118921 0.0180836 0.0258318 0.0349036 0.0446812 0.0541369 0.0620921 0.067644 0.0704471 0.0706769 0.0687957 0.0653401 0.0608163 0.0556625 0.0502307 0.0447795 0.0394793 0.0344207 0.0296223 0.0250473 0.0206415 0.0163911 0.0123724 0.00875215
 0.00742802 0.0121734 0.0185194 0.0264651 0.035769 0.0457904 0.0554641 0.0635696 0.0691715 0.0719118 0.071972 0.0698328 0.0660545 0.0611688 0.0556383 0.0498355 0.0440346 0.038417 0.0330834 0.0280678 0.0233561 0.0189205 0.0147648 0.0109588 0.0076328
 0.00749793 0.0122911 0.0187051 0.0267424 0.0361635 0.0463244 0.0561505 0.0644043 0.0701293 0.0729449 0.0730132 0.0708025 0.0668714 0.0617611 0.0559519 0.0498387 0.0437183 0.0377928 0.032183 0.0269432 0.0220823 0.0175944 0.0134957 0.00984812 0.00675009
 0.0075949 0.0124377 0.0189054 0.0269947 0.0364625 0.0466665 0.0565359 0.0648373 0.0706153 0.0734855 0.0736003 0.0714132 0.0674654 0.0622831 0.05634 0.0500352 0.0436798 0.0374983 0.0316374 0.0261794 0.0211611 0.0165999 0.0125235 0.00898686 0.00606085
 0.00766445 0.0125478 0.019065 0.0272087 0.0367292 0.0469753 0.0568668 0.0651649 0.0709185 0.073757 0.0738502 0.0716613 0.0677276 0.0625576 0.0566012 0.0502375 0.043769 0.0374263 0.0313759 0.0257298 0.0205576 0.0159055 0.0118175 0.00834579 0.00553986
 0.00771852 0.0126319 0.0191847 0.0273663 0.0369243 0.0472034 0.0571187 0.0654258 0.0711696 0.0739799 0.0740327 0.0718026 0.0678381 0.0626534 0.0566934 0.0503214 0.0438209 0.0374086 0.0312511 0.025476 0.0201804 0.0154407 0.0113221 0.00788128 0.00515409
 0.00775262 0.0126816 0.0192487 0.0274405 0.0370026 0.0472811 0.0571943 0.0655016 0.0712496 0.0740676 0.0741292 0.0719058 0.0679443 0.0627592 0.0567968 0.0504194 0.0439041 0.0374579 0.0312403 0.0253813 0.019993 0.0151745 0.0110125 0.0075736 0.00488813
 0.00781335 0.0127706 0.0193644 0.0275744 0.0371413 0.0474094 0.0572986 0.0655727 0.0712844 0.074071 0.0741124 0.0718835 0.0679291 0.0627589 0.0568125 0.0504469 0.0439348 0.0374788 0.0312338 0.0253295 0.0198842 0.0150111 0.0108131 0.00736738 0.00470407
 0.00784779 0.0128288 0.0194554 0.0277061 0.0373168 0.0476213 0.0575265 0.0657849 0.0714475 0.0741611 0.0741234 0.0718269 0.0678285 0.0626403 0.0566977 0.0503487 0.0438565 0.0374147 0.0311722 0.0252561 0.0197874 0.0148874 0.01067 0.00722113 0.00457297
 0.00789129 0.0128932 0.019541 0.02781 0.0374347 0.0477503 0.0576653 0.0659313 0.0715945 0.074294 0.0742223 0.0718735 0.0678142 0.0625701 0.0565883 0.050222 0.0437311 0.0373014 0.0310721 0.0251629 0.0196927 0.0147858 0.0105627 0.00711573 0.00447968
 0.00789191 0.0128941 0.0195422 0.0278111 0.0374349 0.0477487 0.0576615 0.0659271 0.0715949 0.0743064 0.0742536 0.0719247 0.0678779 0.062633 0.0566368 0.0502486 0.0437367 0.0372916 0.0310529 0.0251367 0.0196584 0.0147417 0.0105098 0.00705888 0.00442597
 0.00788383 0.0128771 0.0195098 0.0277555 0.03735 0.0476338 0.0575246 0.0657844 0.0714671 0.074213 0.0742084 0.0719342 0.0679406 0.0627393 0.0567706 0.0503909 0.04387 0.0374044 0.0311401 0.0251978 0.0196951 0.0147565 0.0105063 0.00704274 0.00440403
 0.00787938 0.012865 0.0194824 0.0277028 0.0372614 0.0475028 0.0573524 0.0655825 0.0712559 0.074019 0.0740582 0.0718493 0.0679328 0.0628083 0.0569046 0.0505694 0.0440688 0.0376004 0.0313151 0.025341 0.0198022 0.0148285 0.0105481 0.00706158 0.00440792
 0.00788877 0.0128782 0.0194981 0.0277175 0.037269 0.0474949 0.057319 0.0655149 0.07115 0.0738792 0.0738991 0.0716936 0.0678061 0.0627323 0.0568912 0.0506182 0.0441678 0.0377301 0.031454 0.0254703 0.0199091 0.0149075 0.0105997 0.00709042 0.00442076
 0.00788635 0.0128722 0.0194852 0.0276935 0.03723 0.0474386 0.0572464 0.0654295 0.0710566 0.0737818 0.0738012 0.0716001 0.0677249 0.0626747 0.0568697 0.0506417 0.0442377 0.0378386 0.0315857 0.0256066 0.0200333 0.0150082 0.0106726 0.00713738 0.00444731
 0.00788015 0.0128632 0.0194737 0.0276798 0.0372141 0.0474194 0.0572211 0.0653949 0.0710104 0.0737243 0.0737353 0.0715309 0.0676581 0.0626169 0.0568284 0.0506248 0.0442518 0.0378856 0.031661 0.0256993 0.0201293 0.0150945 0.010741 0.00718518 0.00447682
 0.00784127 0.0127995 0.0193771 0.027544 0.0370369 0.0472063 0.0569883 0.0651671 0.0708154 0.0735844 0.073662 0.0715236 0.0677078 0.0627106 0.0569532 0.0507703 0.0444107 0.0380532 0.0318323 0.0258673 0.0202851 0.0152288 0.0108471 0.0072615 0.0045263
 0.00781846 0.0127592 0.0193106 0.0274412 0.0368891 0.04701 0.0567493 0.0649026 0.0705516 0.073352 0.0734891 0.0714298 0.0677003 0.0627838 0.0570916 0.0509539 0.04462 0.0382719 0.0320481 0.0260708 0.0204677 0.0153836 0.0109694 0.00735041 0.0045852
 0.00779453 0.0127197 0.0192499 0.0273534 0.0367686 0.0468533 0.0565571 0.0646814 0.0703148 0.0731187 0.0732829 0.0712747 0.0676166 0.0627828 0.0571732 0.0511063 0.0448237 0.0385041 0.0322876 0.0262998 0.0206733 0.0155568 0.0111057 0.00744964 0.00465145
 0.00777428 0.0126841 0.0191916 0.0272639 0.036641 0.0466852 0.0563532 0.0644543 0.070082 0.072899 0.073093 0.0711292 0.0675278 0.0627609 0.0572235 0.0512276 0.0450059 0.0387298 0.0325346 0.0265459 0.0208993 0.0157495 0.0112579 0.00756071 0.0047258
 0.00775041 0.0126458 0.0191349 0.027185 0.0365367 0.0465534 0.0561945 0.0642733 0.0698878 0.0727051 0.0729155 0.0709839 0.0674284 0.0627171 0.057241 0.0513074 0.0451439 0.0389155 0.0327519 0.0267744 0.0211185 0.0159422 0.0114136 0.00767598 0.00480376
 0.00932625 0.0148505 0.0217933 0.0299143 0.0388578 0.0480696 0.0567313 0.0639041 0.0688507 0.0712806 0.0713389 0.0694145 0.0659588 0.0613962 0.0560921 0.0503391 0.0443555 0.0382989 0.0322921 0.0264504 0.0209049 0.0158118 0.0113409 0.00763965 0.00478798
 0.00930543 0.0151091 0.0226978 0.0319193 0.042308 0.0529319 0.0624257 0.0693985 0.0730282 0.0733809 0.0712087 0.0674483 0.0628262 0.0577548 0.0524257 0.0469328 0.0413452 0.0357334 0.030175 0.0247616 0.0196089 0.0148616 0.0106803 0.00720786 0.00452487
 0.0089827 0.0145995 0.0219805 0.0310416 0.0414392 0.0523998 0.0626783 0.0708429 0.0757858 0.0771051 0.0751283 0.0706603 0.064673 0.0580521 0.0514314 0.045134 0.0392296 0.0336566 0.0283381 0.0232479 0.0184304 0.0139922 0.0100746 0.00681201 0.00428402
 0.00878006 0.0142668 0.0214746 0.0303234 0.0404892 0.0512476 0.0614412 0.0697536 0.0751749 0.0773115 0.0763464 0.0727961 0.0673102 0.0605865 0.0533147 0.0460832 0.039283 0.0330752 0.0274461 0.0223105 0.0176076 0.0133496 0.00961637 0.00651066 0.00410109
 0.00873769 0.0141818 0.0213162 0.0300516 0.0400627 0.0506377 0.0606491 0.0688256 0.0742145 0.0764833 0.0758612 0.0728599 0.0680365 0.0619104 0.0549726 0.0476959 0.0405085 0.0337391 0.0275759 0.0220711 0.0171989 0.0129289 0.00927006 0.00626486 0.00394599
 0.00869933 0.0141218 0.0212292 0.0299311 0.0398982 0.0504124 0.0603408 0.068414 0.0736942 0.0758805 0.0752474 0.0723539 0.0677836 0.0620355 0.0555182 0.048579 0.041532 0.0346663 0.0282277 0.0223881 0.0172362 0.0128003 0.00908645 0.00609824 0.0038255
 0.0086874 0.0141024 0.0212 0.0298899 0.0398428 0.0503404 0.0602484 0.0682938 0.073534 0.0756653 0.074969 0.072025 0.0674512 0.0617809 0.0554345 0.0487297 0.0419111 0.0351873 0.0287559 0.0228007 0.0174716 0.0128697 0.00904759 0.00601597 0.00374533
 0.00869068 0.0141071 0.0212058 0.0298957 0.0398469 0.0503403 0.0602407 0.0682741 0.0734963 0.0756021 0.0748711 0.071885 0.0672703 0.0615779 0.0552505 0.0486202 0.0419232 0.0353328 0.028998 0.023068 0.0176922 0.013003 0.00909409 0.00600426 0.00370961
 0.00867163 0.014079 0.0211687 0.0298518 0.0397995 0.0502932 0.0601971 0.0682364 0.0734654 0.0755766 0.0748474 0.0718563 0.0672295 0.0615206 0.0551815 0.0485573 0.0418941 0.035363 0.0290952 0.0232134 0.017848 0.0131312 0.00917407 0.00603742 0.00371165
 0.00865413 0.0140515 0.0211294 0.0297998 0.039736 0.0502219 0.0601243 0.0681704 0.0734143 0.0755457 0.0748369 0.0718619 0.0672433 0.061534 0.0551884 0.0485577 0.041896 0.0353803 0.0291402 0.0232884 0.0179417 0.0132236 0.00924664 0.00608209 0.00373144
 0.00867792 0.014086 0.0211735 0.0298497 0.0397856 0.0502645 0.0601543 0.0681839 0.0734098 0.0755244 0.0748023 0.0718186 0.0671952 0.0614836 0.0551367 0.0485057 0.0418467 0.03534 0.0291169 0.0232876 0.0179622 0.0132571 0.00928156 0.00610914 0.00374716
 0.00866579 0.0140721 0.0211631 0.0298506 0.0398054 0.0503061 0.0602132 0.0682484 0.0734657 0.0755599 0.0748123 0.0718046 0.0671634 0.0614413 0.0550899 0.0484587 0.0418026 0.0353018 0.0290884 0.0232725 0.0179616 0.0132683 0.00929876 0.00612596 0.00375947
 0.00863882 0.0140261 0.0210904 0.0297446 0.0396643 0.0501376 0.0600365 0.0680916 0.0733563 0.075515 0.0748325 0.0718766 0.0672672 0.0615582 0.0552066 0.0485673 0.0418994 0.035386 0.0291609 0.0233351 0.0180163 0.0133159 0.00933868 0.00615698 0.00378111
 0.00863793 0.0140235 0.021084 0.0297312 0.039639 0.0500947 0.0599716 0.0680041 0.0732528 0.0754096 0.0747444 0.0718232 0.0672573 0.0615894 0.0552676 0.0486437 0.0419789 0.0354603 0.0292263 0.023391 0.0180635 0.0133553 0.0093706 0.0061815 0.00379845
 0.0086191 0.0139962 0.0210491 0.0296913 0.0395977 0.0500546 0.059933 0.0679651 0.07321 0.0753613 0.0746921 0.0717736 0.0672208 0.0615766 0.0552843 0.0486885 0.0420438 0.0355347 0.0293002 0.0234578 0.0181201 0.0134009 0.00940577 0.00620724 0.00381606
 0.0086191 0.0139962 0.0210491 0.0296913 0.0395977 0.0500546 0.059933 0.0679651 0.07321 0.0753613 0.0746921 0.0717736 0.0672208 0.0615766 0.0552843 0.0486885 0.0420438 0.0355347 0.0293002 0.0234578 0.0181201 0.0134009 0.00940577 0.00620724 0.00381606
 0.00888911 0.0144201 0.0216573 0.0304968 0.0405879 0.051182 0.0611079 0.0690611 0.0740884 0.0759058 0.0748386 0.071522 0.0666282 0.0607378 0.0543092 0.0476805 0.0410848 0.0346785 0.0285744 0.0228701 0.017665 0.0130652 0.00917166 0.00605419 0.0037231
 0.00873753 0.0142127 0.0214181 0.0302747 0.0404459 0.0511783 0.0612775 0.0694061 0.0745765 0.0764757 0.0754102 0.0720115 0.0669666 0.0608869 0.0542689 0.047485 0.0407888 0.0343408 0.0282442 0.0225798 0.0174303 0.0128887 0.00904783 0.00597329 0.00367417
 0.00869527 0.0141184 0.0212319 0.0299521 0.0399595 0.0505462 0.0605819 0.0687819 0.0741686 0.0763843 0.0756547 0.0725294 0.0676419 0.0615902 0.0548922 0.0479616 0.0410986 0.0345017 0.0282959 0.0225666 0.017389 0.0128434 0.00901025 0.00594692 0.00365787
 0.00881301 0.0143047 0.0214999 0.0303024 0.0403716 0.0509701 0.0609403 0.0689905 0.0741721 0.0761894 0.0753348 0.0721923 0.0673799 0.0614429 0.0548409 0.0479519 0.0410736 0.0344263 0.0281651 0.022399 0.0172131 0.0126847 0.00888401 0.00585713 0.00360035
 0.00879214 0.0142819 0.0214865 0.0303165 0.0404336 0.051095 0.0611277 0.0692183 0.074397 0.0763575 0.0754013 0.0721436 0.0672432 0.0612749 0.054699 0.0478671 0.0410409 0.0344162 0.028146 0.0223536 0.017143 0.0126035 0.00880755 0.00579595 0.0035578
 0.00876577 0.0142328 0.0214019 0.0301842 0.0402484 0.0508676 0.0608904 0.0690193 0.0742845 0.0763583 0.0755081 0.0723184 0.0674357 0.0614456 0.0548337 0.0479748 0.041138 0.0345115 0.0282343 0.0224228 0.0171839 0.0126165 0.00880094 0.00578057 0.00354207
#pred catch len freq
 0.00435691 0.00692643 0.0101667 0.0140225 0.0184585 0.0234309 0.0288177 0.034391 0.0398652 0.0449684 0.0494874 0.0532869 0.0563138 0.0585823 0.0601337 0.0609917 0.0611391 0.0605157 0.0590182 0.0564882 0.0527131 0.0474921 0.040797 0.0329522 0.0246845
 0.00469002 0.00735487 0.0106066 0.014337 0.0185086 0.0231488 0.0282558 0.033707 0.0392439 0.0445272 0.0492232 0.0530928 0.0560501 0.0581589 0.0595647 0.0604016 0.0607161 0.0604319 0.0593493 0.0571727 0.0535746 0.0483169 0.0414222 0.0333179 0.0248275
 0.00498539 0.0078333 0.0113149 0.0152948 0.0196789 0.024409 0.0293957 0.0344815 0.0394727 0.0441854 0.0484538 0.0521229 0.055068 0.0572404 0.0586906 0.0595374 0.0598863 0.0597324 0.0588958 0.0570249 0.0536919 0.0485754 0.0416793 0.0334785 0.0248709
 0.00526297 0.00827083 0.011951 0.0161644 0.0208145 0.0258337 0.0310979 0.0363759 0.0413708 0.0458102 0.0495162 0.0524321 0.0546098 0.0561669 0.0572317 0.0579023 0.0582207 0.0581376 0.0574603 0.0558257 0.0527667 0.047903 0.0411939 0.0331087 0.0245721
 0.00556566 0.00874164 0.0126215 0.0170541 0.0219346 0.0271906 0.0326917 0.0381909 0.043358 0.0478641 0.0514566 0.0540117 0.0555676 0.0563152 0.0565292 0.0564671 0.0562767 0.0559359 0.0552222 0.0537209 0.05091 0.0463542 0.0399628 0.0321705 0.0238865
 0.0058641 0.00921105 0.0132996 0.0179682 0.0231007 0.0286118 0.0343524 0.0400524 0.0453587 0.0499224 0.0534689 0.0558433 0.0570447 0.0572366 0.0567103 0.0558033 0.0547931 0.0537912 0.0526648 0.0510238 0.0483155 0.0440422 0.0380406 0.0306767 0.0228037
 0.00610562 0.00959794 0.0138723 0.0187638 0.0241503 0.0299341 0.0359446 0.0418805 0.0473559 0.0519952 0.0555064 0.0577253 0.0586439 0.0584153 0.0573215 0.0557083 0.053902 0.0521101 0.0503219 0.0482542 0.0454095 0.0412802 0.0356397 0.0287608 0.0214008
 0.00642916 0.010096 0.0145717 0.0196761 0.0252777 0.031276 0.0374972 0.0436281 0.049259 0.0539832 0.0574792 0.0595628 0.0602199 0.0596073 0.0580132 0.0557892 0.0532776 0.0507304 0.0482218 0.0455809 0.0424151 0.0382719 0.0329071 0.0265101 0.0197195
 0.00681596 0.0106897 0.0154004 0.0207446 0.026571 0.0327655 0.0391434 0.0453804 0.051058 0.0557653 0.059179 0.0611112 0.0615397 0.0606115 0.0586072 0.0558755 0.0527644 0.0495504 0.0463633 0.0431244 0.0395509 0.0352793 0.0300913 0.0241221 0.0178957
 0.00722061 0.0113175 0.0162897 0.0219122 0.0280115 0.0344513 0.0410202 0.0473649 0.0530441 0.0576401 0.060842 0.0624864 0.062577 0.0612782 0.0588736 0.0557017 0.0520965 0.0483323 0.0445665 0.0407871 0.0368095 0.0323678 0.0272953 0.0217014 0.0160125
 0.00763516 0.0119612 0.0172032 0.0231158 0.0295066 0.03622 0.0430198 0.0495193 0.055241 0.0597409 0.0627009 0.063974 0.0636012 0.0617944 0.0588775 0.0552102 0.0511242 0.0468818 0.0426398 0.0384192 0.0341061 0.02952 0.0245525 0.0193063 0.0141288
 0.00802502 0.0125657 0.0180595 0.0242418 0.0309024 0.0378698 0.0448878 0.0515427 0.0573278 0.0617742 0.0645493 0.0655062 0.0647024 0.0623828 0.0589145 0.0546983 0.0500937 0.0453735 0.040699 0.036108 0.031529 0.0268422 0.0219863 0.0170627 0.0123554
 0.00835419 0.0130843 0.0188095 0.025253 0.0321896 0.0394275 0.046682 0.0535044 0.0593554 0.0637451 0.0663354 0.0669863 0.0657733 0.0629671 0.0589671 0.0542079 0.0490803 0.0438814 0.0387914 0.0338696 0.0290766 0.0243329 0.0196075 0.0149947 0.0107233
 0.00867407 0.013577 0.0195016 0.0261549 0.0332996 0.0407369 0.0481728 0.0551413 0.0610772 0.0654622 0.0679365 0.0683531 0.0667977 0.0635659 0.0590887 0.0538331 0.0482183 0.0425669 0.0370835 0.0318542 0.0268718 0.022089 0.0174933 0.013166 0.00928439
 0.00908591 0.0142021 0.02036 0.0272371 0.0345726 0.042154 0.04968 0.0566778 0.0625764 0.0668553 0.0691565 0.0693365 0.0674851 0.0639051 0.0590403 0.0533758 0.0473525 0.0413163 0.0354964 0.0300071 0.0248723 0.0200734 0.0156108 0.0115502 0.00802056
 0.00942832 0.0147385 0.021129 0.0282596 0.0358468 0.0436493 0.0513299 0.0583795 0.0642049 0.0682883 0.070297 0.0701249 0.0678975 0.0639432 0.0587194 0.0527157 0.0463749 0.0400477 0.0339762 0.0282967 0.0230608 0.0182753 0.0139514 0.0101394 0.00692565
 0.00959496 0.0150106 0.0215417 0.0288488 0.0366447 0.0446755 0.0525778 0.0598048 0.0657208 0.069773 0.0716131 0.0711459 0.0685338 0.0641571 0.0585219 0.0521501 0.0454971 0.0389132 0.0326392 0.0268176 0.0215155 0.0167572 0.0125614 0.00896515 0.00601914
 0.0095811 0.0150038 0.0215622 0.0289292 0.0368274 0.0450059 0.0530943 0.0605287 0.0666455 0.0708555 0.0727711 0.0722659 0.0694907 0.0648405 0.0588593 0.0521177 0.0451149 0.0382311 0.0317223 0.0257383 0.0203529 0.0155973 0.0114909 0.00805694 0.00531645
 0.00954731 0.0149526 0.0214931 0.0288472 0.0367457 0.0449485 0.0530975 0.0606373 0.0669037 0.071293 0.0733888 0.0730272 0.0703218 0.065641 0.059522 0.0525516 0.0452646 0.0380851 0.031309 0.025116 0.0195982 0.0147953 0.010724 0.00739292 0.00479642
