SBPRF35
7.78865
Curr Bio
557769
B35
653979
F35
0.214838
FOFL
0.172062
OFL
71776.3
Bzero
2.22533e+006
#pred survey bio
 3.73882e+006 3.40697e+006 3.04969e+006 2.70415e+006 2.34474e+006 2.07014e+006 1.81291e+006 1.57937e+006 1.37461e+006 1.22345e+006 1.08666e+006 957770 860095 797026 748155 709280 679147 659075 640008 622181 612967 595119 583741 581513 588601 593998 590017 585159 582665 583912 572838 562542 553302 542079 539934 548839 558856 565091 571458 585435 595226 591631 599251 593836 588499 583969 585998 582039 575320 563809 1.87536e+007 1.10607e+007 1.11991e+007 1.18696e+007 1.28286e+007 1.38361e+007 1.47492e+007 1.5508e+007 1.61044e+007 1.65562e+007 1.68903e+007 1.71335e+007 1.7309e+007 1.74352e+007 1.7526e+007 1.75914e+007 1.76387e+007 1.76731e+007 1.76983e+007 1.77169e+007 1.77307e+007 1.7741e+007 1.77488e+007 1.77546e+007 1.7759e+007 1.77624e+007 1.77649e+007 1.77669e+007 1.77684e+007 1.77695e+007 1.77704e+007 1.77711e+007 1.77716e+007 1.7772e+007 1.77723e+007 1.77725e+007 1.77727e+007 1.77729e+007 1.7773e+007 1.77731e+007 1.77731e+007 1.77732e+007 1.77732e+007 1.77733e+007 1.77733e+007 1.77733e+007 1.77733e+007 1.77733e+007 1.77733e+007 1.77733e+007 1.77734e+007 1.77734e+007 1.77734e+007 1.77734e+007 1.77734e+007 1.77734e+007 1.77734e+007 1.77734e+007 1.77734e+007 1.77734e+007 1.77734e+007 1.77734e+007 1.77734e+007 1.77734e+007 1.77734e+007 1.77734e+007 1.77734e+007 1.77734e+007 1.77734e+007 1.77734e+007 1.77734e+007 1.77734e+007 1.77734e+007 1.77734e+007 1.77734e+007 1.77734e+007 1.77734e+007 1.77734e+007 1.77734e+007 1.77734e+007 1.77734e+007 1.77734e+007 1.77734e+007 1.77734e+007 1.77734e+007 1.77734e+007 1.77734e+007 1.77734e+007 1.77734e+007 1.77734e+007 1.77734e+007 1.77734e+007 1.77734e+007 1.77734e+007 1.77734e+007 1.77734e+007 1.77734e+007 1.77734e+007 1.77734e+007 1.77734e+007 0 0 0 0 0 0 0 0 0 0 0 0 0 0 0 0 0 0 0 0 0 0 0 0 0
#obs survey bio
 2.2428e+006 3.05287e+006 3.07288e+006 3.07638e+006 1.94129e+006 1.86624e+006 1.46038e+006 1.78795e+006 979613 897102 815580 828908 910542 715483 455111 586091 461960 448240 530549 531297 540324 481216 763971 468346 504858 433496 433696 526073 620728 430636 589497 727162 603095 494971 547061 451884 538626 621640 457447 697077 561877 579696 680283 569184 434921 530537 510158 486337 648549 742314
#pred catch bio
 224772 270916 286904 327449 277099 284314 282477 272378 236898 232006 228633 202475 172501 159292 148172 137310 125972 122662 119083 109879 115405 108409 100085 92503 93938.8 100607 99480.3 95130 89070.7 95722.8 91125.1 89138.4 93740.2 90378.5 84352 85141.8 88566.9 88134.7 82282.9 86858 98326.8 88878.1 99661.6 99051.6 97953.2 91954.1 96056.1 96602.1 97409.5 105682 71776.3 85967.6 85457.4 89195.7 95946.8 103319 109960 115361 119476 122472 124582 126031 127007 127655 128080 128356 128535 128649 128722 128768 128798 128816 128828 128835 128840 128843 128845 128846 128847 128847 128847 128847 128848 128848 128848 128848 128848 128848 128848 128848 128848 128848 128848 128848 128848 128848 128848 128848 128848 128848 128848 128848 128848 128848 128848 128848 128848 128848 128848 128848 128848 128848 128848 128848 128848 128848 128848 128848 128848 128848 128848 128848 128848 128848 128848 128848 128848 128848 128848 128848 128848 128848 128848 128848 128848 128848 128848 128848 128848 128848 128848 128848 128848 128848 128848 128848 128848 128848 128848 128848 0 0 0 0 0 0 0 0 0 0 0 0 0 0 0 0 0 0 0 0 0 0 0 0 0
#obs catch bio
 253135 272173 287866 331090 279056 288396 286642 277676 242114 238838 234759 208100 176501 162963 152767 139864 128365 125143 121195 111401 117533 110394 101821 94136.9 95800 102607 101138 97040.5 90175.7 97141.1 92018.2 89754.1 94518.8 91047.9 84948.3 85730.9 89103.9 88385.2 82352.5 87091.4 99077 89142.7 100061 99372.3 98731 92456.1 96679.8 97165.5 97676.2 105779
#pred cpue bio
 3.67081e+006 3.34284e+006 2.98954e+006 2.64627e+006 2.28937e+006 2.01654e+006 1.76119e+006 1.52955e+006 1.32662e+006 1.17678e+006 1.04185e+006 915202 819444 757842 710379 673140 644487 625307 607079 590089 581365 564168 553165 551030 557934 563449 560014 555670 553891 555969 546082 536707 527084 514365 511007 519526 529596 536050 542450 555906 565262 561744 569205 564038 558806 554416 556595 553078 546967 536664 1.7878e+007 1.055e+007 1.05526e+007 1.10801e+007 1.19913e+007 1.29882e+007 1.38993e+007 1.46577e+007 1.52541e+007 1.57058e+007 1.60399e+007 1.62831e+007 1.64587e+007 1.65849e+007 1.66756e+007 1.6741e+007 1.67883e+007 1.68228e+007 1.6848e+007 1.68666e+007 1.68804e+007 1.68907e+007 1.68984e+007 1.69042e+007 1.69087e+007 1.6912e+007 1.69146e+007 1.69165e+007 1.6918e+007 1.69192e+007 1.692e+007 1.69207e+007 1.69212e+007 1.69216e+007 1.69219e+007 1.69222e+007 1.69224e+007 1.69225e+007 1.69226e+007 1.69227e+007 1.69228e+007 1.69228e+007 1.69229e+007 1.69229e+007 1.69229e+007 1.69229e+007 1.6923e+007 1.6923e+007 1.6923e+007 1.6923e+007 1.6923e+007 1.6923e+007 1.6923e+007 1.6923e+007 1.6923e+007 1.6923e+007 1.6923e+007 1.6923e+007 1.6923e+007 1.6923e+007 1.6923e+007 1.6923e+007 1.6923e+007 1.6923e+007 1.6923e+007 1.6923e+007 1.6923e+007 1.6923e+007 1.6923e+007 1.6923e+007 1.6923e+007 1.6923e+007 1.6923e+007 1.6923e+007 1.6923e+007 1.6923e+007 1.6923e+007 1.6923e+007 1.6923e+007 1.6923e+007 1.6923e+007 1.6923e+007 1.6923e+007 1.6923e+007 1.6923e+007 1.6923e+007 1.6923e+007 1.6923e+007 1.6923e+007 1.6923e+007 1.6923e+007 1.6923e+007 1.6923e+007 1.6923e+007 1.6923e+007 1.6923e+007 1.6923e+007 1.6923e+007 1.6923e+007 1.6923e+007 0 0 0 0 0 0 0 0 0 0 0 0 0 0 0 0 0 0 0 0 0 0 0 0 0
#obs cpue bio
 1.86742e+006 2.9908e+006 2.89614e+006 1.38946e+006 2.40721e+006 1.26272e+006 1.98043e+006 862110 977432 827611 1.37189e+006 642188 591452 606226 467730 1.1846e+006 618352 647116 664348 596375 455497 482078 311931 425920 424021 683635 711931 341455 630228 643796 583908 443706 444315 513133 414985 585782 569808 599006 670539 397194 467417 566765 553186 552461 495970 592944 600474 630346 566157 528637
#pred surv len freq
 0.00611317 0.00981742 0.0145683 0.0202638 0.0267032 0.0335148 0.0401228 0.0458739 0.0502844 0.0532115 0.0548253 0.055448 0.0554044 0.0549479 0.0542406 0.0533572 0.0523024 0.0510296 0.0494397 0.0473537 0.0444933 0.0405386 0.0352964 0.0289087 0.021941
 0.0064302 0.0102353 0.0150239 0.0206566 0.0269461 0.0336024 0.0401681 0.046074 0.0508201 0.0541386 0.0560269 0.0566784 0.0563938 0.0555072 0.0543168 0.0530253 0.0517104 0.0503252 0.0487113 0.0466096 0.0436893 0.0396351 0.0343085 0.0279157 0.0210512
 0.00686591 0.010925 0.0160204 0.0219786 0.0285557 0.0353852 0.0419354 0.0476096 0.0519657 0.054867 0.0564422 0.0569303 0.0565675 0.0555686 0.0541473 0.0525111 0.050816 0.0491078 0.0472799 0.045069 0.042111 0.0380673 0.0328058 0.0265543 0.0199132
 0.0071761 0.0114376 0.0168074 0.0231121 0.0300917 0.0373358 0.0442353 0.0500972 0.054397 0.0569687 0.0579889 0.0578129 0.0568124 0.0552925 0.0534756 0.0515149 0.0495091 0.0474907 0.0453861 0.0429796 0.0399383 0.035933 0.0308285 0.0248399 0.0185389
 0.00763141 0.0121433 0.017807 0.0244285 0.0317308 0.0392899 0.046477 0.0525644 0.0569769 0.059491 0.0602362 0.0595551 0.057861 0.0555529 0.0529665 0.0503406 0.0478035 0.0453732 0.0429544 0.0403327 0.0371999 0.0332559 0.028375 0.0227509 0.016902
 0.00799252 0.0127161 0.0186419 0.0255616 0.033177 0.0410335 0.048464 0.0547052 0.059163 0.0616153 0.0621989 0.0612512 0.0591665 0.0563312 0.0531001 0.0497711 0.0465512 0.0435269 0.0406446 0.0377104 0.0344319 0.0305242 0.025864 0.0206173 0.0152402
 0.00838685 0.0133378 0.0195416 0.0267738 0.034715 0.042881 0.0505648 0.0569583 0.0614336 0.0637593 0.0640886 0.0627895 0.060284 0.0569716 0.0532072 0.0492898 0.0454466 0.0418104 0.0383902 0.035055 0.0315631 0.0276591 0.0232198 0.0183731 0.0135003
 0.00880173 0.0139922 0.0204889 0.0280499 0.0363317 0.0448171 0.052755 0.05929 0.0637599 0.0659245 0.0659537 0.0642477 0.0612649 0.0574374 0.0531412 0.048684 0.0442962 0.0401221 0.036204 0.0324672 0.0287352 0.0248045 0.0205667 0.0161144 0.0117497
 0.00921516 0.0146446 0.0214338 0.0293235 0.0379462 0.0467514 0.0549429 0.0616167 0.0660747 0.0680661 0.0677771 0.0656406 0.0621544 0.0577878 0.0529477 0.0479613 0.0430684 0.0384192 0.0340717 0.0299865 0.0260405 0.0220828 0.0180296 0.0139487 0.0100688
 0.00940796 0.0149689 0.0219422 0.0300718 0.038982 0.0480959 0.0565724 0.0634556 0.0680065 0.0699553 0.0694905 0.067062 0.0631918 0.0583774 0.0530547 0.0475775 0.0422062 0.0371078 0.0323587 0.0279482 0.0237942 0.019789 0.0158715 0.0120923 0.00861959
 0.0096639 0.0153671 0.0225094 0.0308238 0.039926 0.0492309 0.0578851 0.0649129 0.0695487 0.0714969 0.0709281 0.0682884 0.0641117 0.0589196 0.0531772 0.0472655 0.0414676 0.035969 0.0308655 0.026172 0.0218401 0.0177961 0.0139972 0.0104789 0.00735855
 0.00992446 0.0157877 0.0231354 0.0316922 0.041054 0.0506016 0.0594359 0.066538 0.0711218 0.0729022 0.0720817 0.0691406 0.0646361 0.0591018 0.0530098 0.0467492 0.0406132 0.0348004 0.0294228 0.0245171 0.0200628 0.0160132 0.0123391 0.00906229 0.00625653
 0.0101318 0.0161106 0.0235957 0.0323033 0.0418215 0.0515231 0.0604966 0.0677029 0.0723309 0.0740732 0.0731227 0.0699676 0.0651889 0.0593502 0.052949 0.0463895 0.039972 0.0339001 0.0282954 0.0232118 0.0186521 0.0145927 0.0110149 0.00792934 0.00537426
 0.0102289 0.0162616 0.0238105 0.0325872 0.0421761 0.0519472 0.0609862 0.0682519 0.0729307 0.0747116 0.073779 0.0706074 0.0657629 0.0598003 0.0532208 0.0464432 0.0397876 0.0334775 0.0276527 0.0223866 0.0177033 0.0135988 0.0100642 0.00710174 0.00472214
 0.0101113 0.0161082 0.0236492 0.0324671 0.0421534 0.0520639 0.0612532 0.0686466 0.0734106 0.0752326 0.0743085 0.0711249 0.0662521 0.0602401 0.0535796 0.046682 0.0398689 0.0333749 0.0273596 0.0219202 0.0171053 0.0129315 0.00940035 0.00650902 0.00424711
 0.0101671 0.0161652 0.0236755 0.0324186 0.0419943 0.0517934 0.0609223 0.0683487 0.0732454 0.0752646 0.0745441 0.0715203 0.0667398 0.0607538 0.0540659 0.0470985 0.0401791 0.0335477 0.0273745 0.0217752 0.0168222 0.0125545 0.0089877 0.00611877 0.00392262
 0.0103149 0.0163799 0.0239491 0.0327221 0.0422801 0.052003 0.0610002 0.0682599 0.0729947 0.0749069 0.0741732 0.071236 0.06661 0.0607931 0.0542396 0.0473447 0.0404312 0.0337487 0.0274837 0.0217713 0.0167064 0.0123506 0.0087358 0.00586372 0.00370129
 0.0103079 0.0163825 0.0239776 0.0327979 0.0424199 0.052206 0.0612383 0.0684792 0.0731318 0.0749134 0.0740383 0.0709952 0.0663344 0.0605629 0.0541139 0.0473413 0.040526 0.0338909 0.0276164 0.0218499 0.0167083 0.0122777 0.00861005 0.00571685 0.00356324
 0.0103241 0.0164027 0.0239981 0.0328139 0.0424302 0.0522182 0.0612688 0.0685462 0.073242 0.0750507 0.0741641 0.0710649 0.0663201 0.0604702 0.0539802 0.0472173 0.0404507 0.0338753 0.0276431 0.0218856 0.0167217 0.0122523 0.00854782 0.00563344 0.00347834
 0.0104109 0.0165273 0.0241544 0.0329852 0.0425927 0.0523487 0.0613518 0.0685786 0.0732331 0.0750182 0.0741264 0.0710304 0.0662833 0.060416 0.0538968 0.0471077 0.0403334 0.0337736 0.0275712 0.0218415 0.0166911 0.0122193 0.00850388 0.00558027 0.00342422
 0.0104275 0.0165532 0.0241909 0.0330316 0.042645 0.0523985 0.0613866 0.0685849 0.0732023 0.0749528 0.0740414 0.0709489 0.0662264 0.0603934 0.0539038 0.04713 0.0403571 0.0337923 0.0275858 0.0218548 0.0167025 0.0122244 0.00849866 0.00556467 0.00340245
 0.0105279 0.0167079 0.0244076 0.0333105 0.0429781 0.0527682 0.0617645 0.0689327 0.0734768 0.0751156 0.0740693 0.0708409 0.0660046 0.060096 0.053574 0.0468044 0.0400593 0.0335335 0.0273693 0.0216799 0.0165662 0.0121213 0.0084221 0.0055082 0.00336132
 0.0105969 0.0168109 0.0245454 0.0334784 0.0431675 0.0529695 0.0619692 0.0691322 0.0736604 0.0752688 0.0741746 0.0708812 0.0659682 0.0599824 0.0533958 0.0465847 0.0398254 0.0333093 0.0271709 0.021515 0.0164359 0.0120228 0.00835031 0.00545754 0.00332669
 0.0106398 0.0168691 0.0246121 0.03354 0.0432084 0.0529784 0.0619447 0.0690842 0.0736073 0.0752308 0.0741669 0.0709084 0.0660224 0.0600456 0.0534471 0.0466085 0.0398164 0.0332726 0.0271179 0.0214578 0.0163833 0.0119792 0.00831674 0.00543296 0.00330944
 0.0104358 0.0165771 0.0242456 0.033136 0.0428153 0.0526386 0.0616814 0.0689011 0.0734989 0.0751943 0.0742064 0.0710315 0.0662306 0.0603275 0.0537768 0.0469512 0.0401381 0.0335488 0.0273372 0.0216208 0.0164979 0.012056 0.00836557 0.00546209 0.00332536
 0.0102902 0.0163448 0.0239065 0.0326796 0.0422495 0.0519982 0.0610321 0.0683297 0.0730882 0.0749953 0.0742245 0.0712343 0.0665692 0.060755 0.0542549 0.0474479 0.0406233 0.0339944 0.027721 0.0219306 0.0167326 0.012223 0.00847725 0.00553204 0.00336611
 0.0102584 0.0162932 0.0238279 0.0325659 0.0420911 0.0517858 0.0607609 0.0680066 0.072738 0.0746609 0.0739582 0.0710812 0.0665516 0.0608673 0.0544705 0.0477311 0.0409392 0.0343126 0.0280168 0.0221859 0.0169371 0.0123749 0.00858163 0.00559838 0.003405
 0.0100222 0.0159573 0.0234116 0.0321165 0.0416696 0.0514433 0.0605207 0.0678608 0.0726591 0.0746201 0.0739399 0.0710886 0.0666035 0.0609858 0.0546683 0.0480037 0.0412657 0.0346627 0.0283592 0.0224946 0.0171948 0.0125741 0.00872402 0.00569214 0.00346169
 0.00984442 0.0156676 0.0229772 0.0315143 0.0409006 0.0505492 0.0595921 0.0670244 0.0720403 0.0742986 0.0739258 0.0713316 0.0670251 0.0615132 0.055251 0.0486121 0.0418797 0.0352618 0.0289197 0.0229921 0.0176105 0.0128989 0.0089599 0.00585053 0.00355947
 0.00962171 0.0153253 0.0224979 0.0308937 0.0401452 0.049676 0.0586334 0.0660365 0.0711095 0.0735333 0.0734337 0.0711874 0.0672449 0.0620504 0.0560157 0.0495022 0.0428065 0.03616 0.0297446 0.0237137 0.0182096 0.0133678 0.00930293 0.00608323 0.00370482
 0.00962371 0.0153098 0.0224404 0.0307601 0.0399012 0.0493002 0.0581285 0.065431 0.0704497 0.0728739 0.0728333 0.0707084 0.0669489 0.0619844 0.0561948 0.0499009 0.0433652 0.0368034 0.030401 0.0243264 0.0187406 0.0137964 0.00962455 0.00630626 0.00384684
 0.0104411 0.0164559 0.0238265 0.0321875 0.0411146 0.0500758 0.0583464 0.0650957 0.0696609 0.0717781 0.0715829 0.0694399 0.0657747 0.0609906 0.0554404 0.0494137 0.0431386 0.0367985 0.0305558 0.0245715 0.0190137 0.0140514 0.00983439 0.00646124 0.00395013
 0.0112069 0.0176496 0.0255181 0.0343829 0.0437266 0.0528972 0.0610451 0.0672641 0.0709279 0.0719368 0.0706609 0.0676701 0.0634948 0.0585351 0.0530734 0.0473098 0.0413917 0.0354384 0.0295641 0.0238966 0.018587 0.0138023 0.00970124 0.00639687 0.00392253
 0.0111545 0.0176768 0.0257654 0.0350468 0.0450035 0.0548944 0.0636978 0.0703072 0.0739409 0.0744467 0.0722632 0.068131 0.0628041 0.0568924 0.050812 0.0447956 0.0389369 0.0332573 0.0277683 0.0225138 0.0175869 0.0131224 0.00926711 0.00613722 0.00377761
 0.0108118 0.0171713 0.0251079 0.0343005 0.044292 0.0543983 0.0636328 0.0708718 0.0752356 0.0763958 0.0745907 0.0704209 0.064627 0.057941 0.0509845 0.0441976 0.0378145 0.0319001 0.0264266 0.0213533 0.0166829 0.0124789 0.0088457 0.00588268 0.00363581
 0.0105957 0.0168137 0.0245609 0.0335239 0.043273 0.0531797 0.0623384 0.0697089 0.0744596 0.0762418 0.0751914 0.0717435 0.0664577 0.0599343 0.0527677 0.0454873 0.0384937 0.0320242 0.0261653 0.0209076 0.0162177 0.0120919 0.00857062 0.00571094 0.00354043
 0.0104188 0.0165421 0.0241805 0.0330282 0.0426595 0.0524475 0.0614938 0.0687813 0.073522 0.0754216 0.0746575 0.0716622 0.0669287 0.0609335 0.0541316 0.046956 0.0397985 0.0329773 0.0267085 0.0211011 0.0161855 0.0119605 0.00842914 0.00560212 0.00347247
 0.0104333 0.0165438 0.024143 0.0329145 0.0424321 0.0520833 0.0609959 0.0681791 0.0728612 0.0747547 0.074045 0.0711811 0.0666726 0.0609909 0.0545437 0.0476796 0.040702 0.0338823 0.027456 0.0216058 0.0164493 0.0120462 0.00841735 0.00555714 0.00342999
 0.0105861 0.0167606 0.0244095 0.0331939 0.042671 0.052224 0.0609894 0.0679953 0.0724969 0.0742366 0.0734275 0.0705382 0.066088 0.060548 0.0543139 0.0477035 0.0409691 0.0343227 0.0279589 0.0220593 0.0167807 0.0122388 0.00849854 0.00557202 0.00341763
 0.0105268 0.0166871 0.0243401 0.0331565 0.0426914 0.0523087 0.0611138 0.0681068 0.0725332 0.0741506 0.0732057 0.070205 0.0656975 0.0601699 0.0540189 0.04755 0.0409889 0.0345098 0.0282668 0.0224143 0.0171081 0.0124886 0.00865695 0.00565407 0.00345057
 0.0104174 0.016528 0.0241364 0.0329278 0.0424698 0.0521327 0.0610195 0.0681172 0.0726464 0.0743338 0.0734003 0.0703467 0.0657414 0.060109 0.053886 0.0474029 0.0408893 0.034501 0.0283598 0.022586 0.0173134 0.0126807 0.00880464 0.00574878 0.00350111
 0.0104223 0.0165366 0.0241507 0.0329507 0.0425053 0.0521858 0.061096 0.0682224 0.0727821 0.0744943 0.0735678 0.0704901 0.0658223 0.0600948 0.0537646 0.0471929 0.0406358 0.0342605 0.0281792 0.0224873 0.0172899 0.0127059 0.00884793 0.00578793 0.00352678
 0.0103455 0.0164145 0.0239728 0.0327109 0.0422053 0.0518394 0.0607324 0.0678849 0.0725206 0.074352 0.0735697 0.0706351 0.0660826 0.0604214 0.0541003 0.0474882 0.0408637 0.0344215 0.0282946 0.0225836 0.0173846 0.0128018 0.00893695 0.0058602 0.00357735
 0.0104259 0.0165342 0.0241319 0.0329006 0.0424082 0.0520316 0.0608868 0.0679756 0.0725305 0.0742798 0.0734327 0.0704651 0.0659144 0.0602809 0.0539965 0.0474133 0.0408013 0.0343579 0.0282265 0.0225187 0.0173343 0.012773 0.0089286 0.00586499 0.00358688
 0.0104031 0.0165134 0.0241299 0.0329417 0.0425157 0.0522157 0.0611346 0.0682507 0.0727831 0.074463 0.0735166 0.0704438 0.0658049 0.0601152 0.0538103 0.0472349 0.0406455 0.0342271 0.0281169 0.0224271 0.017261 0.0127199 0.00889567 0.00584863 0.00358132
 0.0103311 0.0164069 0.0239905 0.0327804 0.0423533 0.0520807 0.061059 0.0682621 0.0728938 0.0746612 0.0737655 0.0706923 0.0660062 0.0602415 0.0538588 0.0472226 0.0405975 0.0341659 0.028057 0.0223751 0.0172193 0.0126891 0.00887548 0.00583768 0.00357702
 0.0102189 0.016231 0.0237386 0.0324475 0.0419453 0.0516188 0.060583 0.0678291 0.0725683 0.074498 0.073793 0.0709033 0.066359 0.060673 0.0543031 0.0476283 0.0409368 0.034433 0.0282597 0.022526 0.0173299 0.0127687 0.00893117 0.00587527 0.00360128
 0.0101099 0.016071 0.0235291 0.0322001 0.0416768 0.0513444 0.060313 0.0675708 0.0723324 0.0743041 0.0736691 0.0708784 0.0664511 0.0608792 0.0545969 0.0479671 0.041275 0.0347352 0.0285071 0.0227153 0.0174676 0.012865 0.00899628 0.0059176 0.00362752
 0.0097302 0.0155252 0.0228407 0.0314371 0.0409337 0.0507116 0.059851 0.0673017 0.0722462 0.0743711 0.0738537 0.071149 0.0667869 0.0612696 0.0550344 0.048438 0.0417556 0.0351946 0.0289162 0.0230548 0.0177311 0.0130571 0.00912814 0.0060029 0.00367932
 0.00926069 0.0148144 0.0218718 0.0302373 0.0395758 0.0493097 0.0585513 0.0662623 0.071601 0.0741899 0.0741207 0.0717754 0.0676492 0.0622498 0.0560443 0.0494222 0.0426809 0.0360379 0.0296577 0.0236782 0.0182281 0.0134303 0.0093909 0.00617554 0.0037847
#obs surv len freq
 0.00496284 0.00813197 0.0123744 0.0177049 0.0239971 0.0308832 0.0377342 0.0438235 0.0485996 0.0518625 0.0537333 0.0544998 0.0544831 0.0539806 0.0532523 0.0525111 0.0519014 0.0514577 0.0510414 0.0502832 0.0486011 0.0453645 0.0401964 0.0332657 0.0253541
 0.0051889 0.00849618 0.0129169 0.0184622 0.024997 0.0321361 0.0392219 0.0454925 0.0503644 0.0536171 0.0553656 0.0559027 0.0555616 0.0546558 0.053464 0.0522211 0.0510985 0.050164 0.0493183 0.0482348 0.0463712 0.0431251 0.0381238 0.0315065 0.0239938
 0.00541467 0.00886953 0.0134902 0.0192871 0.0261132 0.0335544 0.0409079 0.0473645 0.0523083 0.055512 0.0571027 0.0573912 0.0567245 0.0554246 0.0537767 0.0520257 0.0503602 0.0488764 0.0475173 0.0460118 0.0438781 0.0405632 0.035712 0.0294349 0.022379
 0.00563352 0.00923026 0.0140427 0.0200822 0.0271939 0.0349414 0.0425834 0.0492636 0.0543256 0.05752 0.0589723 0.0590081 0.0579973 0.0562844 0.0541711 0.0519112 0.0497005 0.0476512 0.0457406 0.0437543 0.0412828 0.0378405 0.0331061 0.0271679 0.0205953
 0.00588243 0.00963235 0.0146433 0.0209228 0.0283055 0.0363339 0.0442341 0.0511114 0.0562779 0.0594671 0.0608024 0.0606162 0.05929 0.0571834 0.0546141 0.0518501 0.0490987 0.0464861 0.0440171 0.0415282 0.0386831 0.0350724 0.0304213 0.024806 0.01872
 0.0061262 0.0100364 0.0152652 0.0218195 0.0295204 0.0378769 0.0460636 0.0531314 0.0583566 0.0614674 0.0626068 0.0621356 0.0604596 0.0579534 0.0549425 0.0516988 0.0484338 0.0452835 0.0422764 0.0392955 0.0360752 0.032284 0.0277004 0.0223963 0.0167945
 0.00637519 0.0104417 0.0158766 0.0226847 0.0306772 0.0393401 0.047809 0.0550875 0.0604104 0.0634823 0.064446 0.063681 0.0616242 0.0586829 0.0552084 0.0514857 0.0477293 0.0440769 0.0405709 0.0371318 0.0335574 0.0295907 0.0250646 0.0200524 0.0149132
 0.00660239 0.0108174 0.0164536 0.0235154 0.0318025 0.0407721 0.0495146 0.0569845 0.0623809 0.0653973 0.0661851 0.0651428 0.062728 0.0593696 0.0554403 0.0512443 0.0470092 0.0428812 0.0389157 0.0350625 0.0311712 0.0270498 0.0225814 0.0178424 0.0131356
 0.00685403 0.0112269 0.0170707 0.0243865 0.032962 0.0422275 0.0512319 0.0588814 0.0643373 0.0672773 0.0678604 0.0665085 0.0637094 0.059921 0.0555398 0.0508861 0.046198 0.04163 0.0372503 0.0330348 0.0288767 0.0246384 0.0202442 0.0157723 0.0114745
 0.00705389 0.011559 0.0175836 0.0251294 0.0339741 0.0435217 0.0527783 0.0606033 0.0661228 0.0690016 0.0694068 0.0677802 0.0646332 0.0604482 0.0556443 0.0505611 0.0454503 0.0404773 0.0357237 0.0311886 0.0268026 0.0224725 0.0181557 0.0139292 0.00999861
 0.0072763 0.0119215 0.0181307 0.0259028 0.0350044 0.044815 0.0543023 0.0622817 0.0678446 0.0706418 0.0708474 0.0689252 0.0654158 0.0608309 0.0556151 0.0501264 0.0446288 0.0392965 0.0342219 0.0294233 0.0248616 0.0204791 0.0162578 0.01227 0.00867916
 0.00743312 0.0121819 0.0185326 0.026485 0.0357984 0.0458327 0.0555234 0.0636491 0.0692728 0.0720322 0.0721041 0.0699644 0.0661706 0.0612543 0.055681 0.0498289 0.0439787 0.0383183 0.0329537 0.0279218 0.023209 0.0187852 0.0146504 0.0108696 0.00756898
 0.00753167 0.0123423 0.0187751 0.02683 0.036265 0.0464344 0.0562624 0.0645115 0.070226 0.0730275 0.0730807 0.0708552 0.066909 0.0617809 0.0559489 0.0498069 0.0436536 0.0376954 0.032058 0.0268007 0.0219354 0.0174562 0.0133766 0.00975416 0.00668239
 0.00761315 0.0124695 0.0189571 0.0270725 0.0365705 0.0468032 0.0566919 0.064996 0.0707575 0.0735954 0.07367 0.0714433 0.0674622 0.0622546 0.0562924 0.0499711 0.043599 0.0373997 0.0315217 0.0260511 0.0210284 0.0164731 0.0124125 0.00889796 0.00599611
 0.00766264 0.0125451 0.0190619 0.0272063 0.0367305 0.0469852 0.0568918 0.0652108 0.0709872 0.0738444 0.0739454 0.0717508 0.0677993 0.0626049 0.056623 0.0502358 0.0437468 0.0373854 0.0313178 0.0256571 0.0204754 0.0158213 0.0117396 0.00828069 0.00549094
 0.00772025 0.0126335 0.0191848 0.0273633 0.0369164 0.0471902 0.0571023 0.0654111 0.0711635 0.0739896 0.0740629 0.0718526 0.0679019 0.0627207 0.056753 0.0503649 0.0438438 0.0374102 0.0312327 0.0254408 0.020133 0.015387 0.0112689 0.00783463 0.00511768
 0.00778248 0.0127273 0.0193122 0.027521 0.0370965 0.0473816 0.0572919 0.0655849 0.0713085 0.0740964 0.0741287 0.0718826 0.0679078 0.0627178 0.0567547 0.0503768 0.0438585 0.0374067 0.0311824 0.0253176 0.0199264 0.0151092 0.0109532 0.00752415 0.00485065
 0.0078377 0.0128132 0.019434 0.0276798 0.0372885 0.0475969 0.0575135 0.0657911 0.0714771 0.0742114 0.0741839 0.0718822 0.0678635 0.0626452 0.05667 0.0502931 0.0437821 0.0373341 0.0311002 0.0252078 0.0197755 0.0149169 0.0107351 0.00730673 0.00466038
 0.00786521 0.0128567 0.019497 0.0277647 0.037396 0.0477247 0.0576561 0.0659386 0.0716166 0.0743294 0.0742688 0.0719274 0.0678681 0.0626144 0.0566134 0.0502219 0.0437061 0.0372579 0.0310217 0.0251192 0.019668 0.0147874 0.0105899 0.00716061 0.00453037
 0.00786494 0.0128543 0.0194901 0.0277504 0.0373725 0.0476934 0.0576229 0.0659133 0.07161 0.0743491 0.0743165 0.0719976 0.0679502 0.0626962 0.0566847 0.0502767 0.043743 0.0372778 0.0310249 0.0251042 0.0196321 0.0147297 0.0105149 0.00707808 0.00445233
 0.00788269 0.0128737 0.0195019 0.0277406 0.0373263 0.0476021 0.0574892 0.0657531 0.0714484 0.0742138 0.0742306 0.0719745 0.0679914 0.0627912 0.0568152 0.0504217 0.0438838 0.0374009 0.0311224 0.0251721 0.0196691 0.0147373 0.0104982 0.00704558 0.00441424
 0.00788737 0.0128822 0.0195155 0.0277596 0.0373476 0.0476174 0.0574848 0.065714 0.0713656 0.0740911 0.0740871 0.071839 0.0678929 0.062749 0.0568338 0.0504917 0.0439866 0.0375156 0.0312306 0.0252607 0.0197313 0.0147718 0.0105084 0.00703836 0.0043978
 0.00789189 0.0128843 0.0195094 0.0277374 0.0373022 0.0475465 0.0573934 0.0656124 0.0712649 0.0739982 0.0740041 0.071767 0.0678369 0.0627191 0.0568413 0.0505429 0.0440784 0.0376354 0.0313604 0.0253826 0.0198318 0.0148442 0.0105526 0.00705938 0.00440315
 0.00789518 0.0128879 0.0195112 0.0277337 0.0372877 0.047515 0.0573395 0.065534 0.0711653 0.0738869 0.0738948 0.0716733 0.0677685 0.0626811 0.0568359 0.0505711 0.0441394 0.0377248 0.0314683 0.0254953 0.0199352 0.0149277 0.0106117 0.00709529 0.00442121
 0.00788065 0.0128639 0.0194744 0.0276809 0.0372169 0.0474262 0.0572358 0.0654217 0.0710523 0.0737815 0.0738045 0.0716052 0.0677287 0.0626741 0.0568632 0.0506313 0.0442284 0.0378362 0.0315937 0.0256241 0.0200557 0.01503 0.0106896 0.00714817 0.00445282
 0.00787848 0.0128588 0.0194641 0.0276619 0.0371856 0.0473798 0.0571738 0.0653461 0.0709677 0.0736941 0.0737213 0.071533 0.0676736 0.0626411 0.0568562 0.0506521 0.0442766 0.0379085 0.0316839 0.0257236 0.0201545 0.0151185 0.010761 0.00719978 0.00448595
 0.00786069 0.0128316 0.0194262 0.0276132 0.0371268 0.0473124 0.0570996 0.0652678 0.0708891 0.0736199 0.0736566 0.0714827 0.0676418 0.0626306 0.0568685 0.0506873 0.0443336 0.0379846 0.0317744 0.0258218 0.0202522 0.0152072 0.0108344 0.00725452 0.00452262
 0.00782297 0.0127703 0.0193341 0.0274849 0.0369603 0.0471127 0.0568805 0.0650512 0.0706998 0.073479 0.0735762 0.0714649 0.0676809 0.0627166 0.05699 0.0508335 0.0444951 0.0381532 0.0319429 0.025983 0.0203989 0.0153332 0.010935 0.00732863 0.00457237
 0.00779687 0.0127233 0.0192552 0.0273613 0.0367817 0.0468758 0.056595 0.0647405 0.0703974 0.0732208 0.0733924 0.0713742 0.0676881 0.0628134 0.0571587 0.0510519 0.0447409 0.0384073 0.0321899 0.0262112 0.0205996 0.0155002 0.0110655 0.00742333 0.00463558
 0.00778345 0.0126971 0.0192076 0.027281 0.0366568 0.0466979 0.0563629 0.0644635 0.0700953 0.0729223 0.0731305 0.0711809 0.0675875 0.0628169 0.0572625 0.0512393 0.0449869 0.0386843 0.0324723 0.0264781 0.0208358 0.0156965 0.0112181 0.00753353 0.00470891
 0.00774461 0.0126371 0.0191228 0.0271698 0.0365185 0.0465325 0.0561713 0.0642487 0.0698644 0.0726871 0.0729088 0.0709944 0.0674593 0.0627667 0.0573019 0.0513681 0.0451922 0.0389432 0.0327571 0.0267613 0.0210948 0.0159157 0.01139 0.00765808 0.00479187
 0.00933324 0.0148583 0.0217985 0.0299119 0.0388427 0.0480388 0.0566864 0.0638508 0.0687968 0.071234 0.0713054 0.0693978 0.0659615 0.0614188 0.0561329 0.050393 0.0444139 0.0383521 0.0323322 0.0264738 0.0209129 0.0158091 0.011333 0.00763105 0.00478106
 0.00932014 0.0151335 0.0227351 0.0319718 0.0423755 0.0530095 0.0625034 0.0694625 0.0730653 0.073384 0.0711789 0.0673944 0.0627603 0.057689 0.0523689 0.0468897 0.0413164 0.0357157 0.030163 0.0247503 0.0195954 0.0148458 0.0106641 0.00719361 0.00451405
 0.0089863 0.014605 0.0219883 0.0310523 0.0414535 0.0524192 0.062704 0.0708752 0.0758221 0.0771397 0.0751534 0.0706692 0.064663 0.0580261 0.0513962 0.0450979 0.0391988 0.0336341 0.0283233 0.0232381 0.0184225 0.0139842 0.0100662 0.00680396 0.00427733
 0.00880184 0.0142992 0.0215174 0.0303746 0.040545 0.0513037 0.0614933 0.069798 0.0752094 0.0773346 0.0763574 0.0727941 0.0672941 0.0605559 0.0532711 0.0460306 0.0392272 0.0330224 0.0274004 0.0222736 0.0175789 0.0133276 0.00959951 0.00649799 0.00409202
 0.00874465 0.014196 0.0213425 0.0300959 0.040129 0.0507258 0.0607518 0.0689298 0.0743048 0.0765469 0.0758921 0.0728586 0.0680081 0.0618614 0.0549092 0.0476236 0.0404324 0.0336643 0.027507 0.0220117 0.0171507 0.0128917 0.00924282 0.00624581 0.00393338
 0.00871261 0.0141451 0.0212675 0.02999 0.0399827 0.0505249 0.0604784 0.0685671 0.0738471 0.0760141 0.0753437 0.0723996 0.067774 0.0619752 0.0554186 0.0484548 0.0413976 0.0345337 0.0281054 0.0222818 0.0171488 0.0127325 0.00903685 0.00606417 0.00380365
 0.00867751 0.0140875 0.0211798 0.0298656 0.0398177 0.0503202 0.060241 0.0683079 0.0735761 0.0757365 0.0750625 0.072127 0.0675447 0.0618501 0.0554695 0.0487286 0.0418791 0.0351342 0.0286925 0.0227365 0.0174135 0.0128218 0.0090111 0.00599032 0.0037287
 0.00865689 0.0140539 0.0211291 0.0297937 0.039721 0.0501966 0.0600913 0.068137 0.0733921 0.0755493 0.0748807 0.0719574 0.0673949 0.0617349 0.0554163 0.0487728 0.0420474 0.035422 0.0290538 0.023097 0.0177031 0.0130036 0.0090902 0.00599945 0.00370557
 0.00864742 0.0140386 0.0211061 0.0297612 0.0396771 0.0501399 0.060021 0.068053 0.0732955 0.0754423 0.0747671 0.0718419 0.0672837 0.0616365 0.0553431 0.0487425 0.0420794 0.0355289 0.0292294 0.0233124 0.0179148 0.0131726 0.00919774 0.00604994 0.00371778
 0.00866707 0.0140659 0.0211386 0.0297934 0.0397022 0.0501515 0.060015 0.0680281 0.0732524 0.0753823 0.0746921 0.0717544 0.0671875 0.0615377 0.0552504 0.0486678 0.0420368 0.0355313 0.0292822 0.0234081 0.0180328 0.0132867 0.00928661 0.00610533 0.00374389
 0.0086318 0.0140177 0.0210827 0.0297399 0.0396621 0.0501318 0.0600148 0.068039 0.0732631 0.0753839 0.0746808 0.0717316 0.0671568 0.0615031 0.0552159 0.0486385 0.0420197 0.0355344 0.0293122 0.0234655 0.01811 0.0133694 0.00935974 0.00615907 0.00377643
 0.00863678 0.0140206 0.021078 0.0297206 0.0396235 0.0500755 0.0599513 0.067985 0.0732335 0.0753842 0.0747045 0.0717643 0.0671838 0.0615153 0.0552122 0.0486235 0.0420014 0.0355218 0.029313 0.023484 0.0181453 0.0134149 0.00940601 0.00619776 0.00380336
 0.00864539 0.0140364 0.0211047 0.0297615 0.0396789 0.0501408 0.0600156 0.0680342 0.0732565 0.0753788 0.0746774 0.0717265 0.0671438 0.0614757 0.0551708 0.048578 0.0419527 0.0354747 0.0292742 0.0234594 0.0181372 0.0134214 0.00942148 0.00621559 0.00381852
 0.0086206 0.0140005 0.0210592 0.029711 0.0396308 0.0501033 0.0599959 0.068036 0.0732785 0.0754145 0.0747175 0.0717623 0.067171 0.0614946 0.0551835 0.0485862 0.0419567 0.0354749 0.0292726 0.0234593 0.0181417 0.0134314 0.00943556 0.00623066 0.00383158
 0.00862177 0.0139976 0.0210461 0.02968 0.0395756 0.0500233 0.0598993 0.0679394 0.0732013 0.0753717 0.0747146 0.0717946 0.0672268 0.0615601 0.0552481 0.0486435 0.0420045 0.0355132 0.0293027 0.0234832 0.0181618 0.0134495 0.00945228 0.00624547 0.00384354
 0.00862177 0.0139976 0.0210461 0.02968 0.0395756 0.0500233 0.0598993 0.0679394 0.0732013 0.0753717 0.0747146 0.0717946 0.0672268 0.0615601 0.0552481 0.0486435 0.0420045 0.0355132 0.0293027 0.0234832 0.0181618 0.0134495 0.00945228 0.00624547 0.00384354
 0.0086269 0.0140079 0.0210649 0.0297102 0.0396176 0.0500726 0.0599453 0.0679682 0.073202 0.0753421 0.0746633 0.0717368 0.067177 0.0615266 0.0552311 0.0486382 0.0420047 0.0355143 0.0293029 0.0234827 0.0181616 0.0134506 0.00945511 0.00624956 0.00384793
 0.00863305 0.0140181 0.0210807 0.0297335 0.0396504 0.0501161 0.0599993 0.0680289 0.0732616 0.0753894 0.0746872 0.0717309 0.0671429 0.0614735 0.0551714 0.0485825 0.0419584 0.0354784 0.0292754 0.0234616 0.0181457 0.0134395 0.00944826 0.00624623 0.003847
 0.00863128 0.0140171 0.0210826 0.0297414 0.0396676 0.0501449 0.0600396 0.0680787 0.0733163 0.0754436 0.0747343 0.0717637 0.0671552 0.0614623 0.0551387 0.0485348 0.041905 0.0354272 0.0292315 0.0234267 0.0181194 0.0134207 0.00943581 0.00623871 0.00384304
#pred catch len freq
 0.0047637 0.0075628 0.0110785 0.0152375 0.019984 0.0252499 0.0308793 0.0366021 0.0420903 0.0470401 0.0512232 0.054506 0.056857 0.0583331 0.0590421 0.059097 0.0585863 0.0575563 0.0559851 0.0537388 0.0505489 0.046081 0.0401323 0.0328733 0.0249513
 0.00506225 0.00796973 0.0115519 0.0157052 0.0203843 0.0255841 0.0312386 0.0371368 0.0429273 0.0481948 0.0525627 0.0557898 0.0578299 0.0588208 0.0590039 0.0586203 0.0578329 0.0566868 0.0550943 0.052834 0.0495796 0.0450035 0.0389654 0.0317086 0.0239126
 0.00546609 0.00859861 0.0124416 0.0168575 0.0217535 0.027069 0.0326915 0.0384043 0.0439145 0.048914 0.0531182 0.0562958 0.0583158 0.0591955 0.0591062 0.0583142 0.0570807 0.0555571 0.0537123 0.0513172 0.048005 0.0434199 0.0374284 0.0302998 0.0227232
 0.00581389 0.00915533 0.0132646 0.0179972 0.0232465 0.0289221 0.0348569 0.0407566 0.04625 0.0509873 0.0547113 0.0572887 0.0587143 0.0590937 0.0586056 0.0574631 0.0558742 0.0539857 0.0518111 0.0491769 0.0457511 0.0411867 0.0353454 0.0284829 0.021259
 0.00622502 0.0097885 0.0141549 0.0191619 0.0246938 0.0306598 0.0368893 0.0430649 0.0487639 0.0535616 0.0571258 0.0592833 0.0600555 0.0596424 0.0583482 0.0564866 0.0543059 0.0519443 0.0493973 0.0464965 0.0429392 0.0384102 0.0327822 0.0262881 0.0195309
 0.00661171 0.0103912 0.0150144 0.0203007 0.0261159 0.0323515 0.0388173 0.0451757 0.050988 0.0558172 0.0593137 0.0612732 0.0616797 0.0607146 0.0587082 0.0560486 0.0530816 0.050029 0.0469369 0.0436621 0.0399201 0.0354129 0.0300155 0.02393 0.0176901
 0.00703731 0.0110519 0.0159516 0.0215358 0.0276512 0.0341719 0.0408848 0.0474215 0.0533118 0.0580967 0.0614214 0.0630912 0.063104 0.061649 0.0590581 0.0557272 0.0520336 0.0482594 0.0445278 0.0407708 0.0367623 0.0322382 0.0270731 0.0214253 0.0157441
 0.007488 0.0117516 0.0169444 0.0228431 0.0292736 0.0360891 0.0430508 0.049758 0.0557073 0.0604164 0.0635228 0.0648416 0.0643946 0.0624021 0.0592233 0.0552716 0.0509358 0.0465188 0.0421874 0.0379413 0.0336314 0.0290531 0.0240983 0.0188847 0.0137707
 0.00789691 0.0123893 0.0178546 0.0240517 0.0307883 0.0378989 0.0451189 0.052013 0.0580415 0.0626935 0.0655942 0.0665643 0.0656494 0.0631048 0.0593285 0.0547656 0.0498259 0.0448283 0.0399645 0.0352792 0.0306868 0.0260447 0.0212729 0.016461 0.0118833
 0.00815805 0.0128087 0.018477 0.0249176 0.0319294 0.0393294 0.0468234 0.0539377 0.0600943 0.0647535 0.0675255 0.0682305 0.066928 0.0639002 0.0595792 0.0544451 0.0489376 0.0434001 0.0380495 0.0329665 0.0281151 0.0234034 0.0187786 0.0143101 0.0102015
 0.00848729 0.0133132 0.0191807 0.025827 0.0330393 0.04063 0.0483007 0.0555644 0.0618179 0.0664911 0.0691674 0.0696551 0.0680206 0.0645697 0.0597669 0.0541253 0.0481132 0.0420984 0.0363228 0.0308989 0.025831 0.021068 0.0165784 0.0124142 0.00871848
 0.00876293 0.0137497 0.0198157 0.026687 0.0341348 0.0419484 0.0497987 0.0571677 0.0634319 0.0680181 0.0705199 0.0707595 0.0688148 0.0650026 0.0598008 0.0537404 0.0473101 0.0408992 0.034773 0.0290722 0.0238352 0.0190434 0.0146816 0.0107854 0.00744707
 0.00894175 0.0140276 0.0202117 0.0272146 0.0348048 0.0427709 0.0507793 0.0582962 0.0646706 0.0692958 0.0717397 0.0718176 0.0696222 0.0654982 0.059953 0.0535393 0.0467604 0.0400182 0.0335947 0.0276546 0.0222663 0.017439 0.0131707 0.00948392 0.00642878
 0.00904124 0.0141811 0.0204279 0.0274977 0.0351564 0.0431927 0.0512745 0.058869 0.0653226 0.0700213 0.0725174 0.072604 0.0703524 0.0660956 0.0603452 0.0536725 0.0466059 0.0395725 0.0328777 0.0267106 0.0211658 0.0162768 0.0120533 0.00850791 0.00565798
 0.0089346 0.0140408 0.0202779 0.0273811 0.0351243 0.0432863 0.0515105 0.0592367 0.0657938 0.0705632 0.0731018 0.0732076 0.0709502 0.0666533 0.0608166 0.0540039 0.0467474 0.0394897 0.0325612 0.0261805 0.0204721 0.0154946 0.0112706 0.00780651 0.00509454
 0.00896539 0.0140658 0.0202715 0.0273098 0.0349631 0.0430401 0.0512273 0.058999 0.0656884 0.0706457 0.0733779 0.0736386 0.071475 0.0672097 0.0613498 0.0544656 0.0470923 0.0396778 0.0325656 0.0259969 0.0201254 0.0150373 0.010772 0.00733597 0.00470375
 0.00907259 0.0142196 0.0204631 0.0275134 0.0351374 0.0431358 0.0511992 0.0588236 0.0653815 0.0702707 0.0730322 0.0734202 0.0714448 0.0673714 0.0616566 0.0548433 0.0474634 0.0399762 0.0327435 0.0260299 0.020016 0.0148147 0.0104855 0.00704057 0.00444493
 0.00907295 0.0142305 0.0204979 0.0275886 0.0352653 0.0433139 0.0514019 0.0590028 0.0654798 0.0702438 0.072871 0.0731614 0.0711625 0.0671502 0.0615584 0.0548848 0.0476142 0.0401757 0.0329251 0.0261411 0.0200308 0.0147364 0.0103408 0.0068684 0.00428176
 0.00908907 0.0142518 0.0205218 0.0276121 0.035289 0.0433458 0.0514573 0.0590969 0.0656147 0.0703984 0.0730026 0.073223 0.0711271 0.0670279 0.0613942 0.0547374 0.0475279 0.0401618 0.0329613 0.0261872 0.0200492 0.0147074 0.0102671 0.00676887 0.00418015
 0.00913751 0.0143196 0.0206033 0.0276949 0.035357 0.043385 0.0514617 0.0590721 0.0655771 0.0703696 0.0729996 0.073248 0.0711639 0.0670502 0.0613815 0.0546889 0.0474626 0.0401058 0.0329306 0.0261793 0.0200473 0.0146934 0.0102322 0.0067167 0.00412231
 0.0091932 0.0144033 0.020716 0.0278316 0.0355061 0.0435292 0.0515796 0.0591422 0.0655848 0.0703139 0.0728963 0.0731246 0.0710486 0.06696 0.0613175 0.0546407 0.0474195 0.040064 0.0328935 0.0261509 0.0200266 0.0146742 0.0102083 0.00668633 0.00408901
 0.00927228 0.014525 0.0208863 0.0280512 0.0357699 0.0438259 0.0518902 0.0594393 0.065834 0.0704803 0.0729534 0.0730634 0.0708817 0.0667183 0.0610398 0.0543617 0.0471619 0.0398387 0.0327038 0.0259967 0.0199056 0.0145817 0.010138 0.0066327 0.00404826
 0.00930331 0.0145712 0.0209485 0.028128 0.0358601 0.0439298 0.0520105 0.0595782 0.0659896 0.0706419 0.0731009 0.0731709 0.070926 0.0666873 0.060938 0.0542078 0.0469822 0.0396579 0.0325396 0.0258582 0.019795 0.0144969 0.0100752 0.00658712 0.00401596
 0.00929924 0.0145605 0.0209249 0.0280841 0.0357894 0.0438318 0.0518937 0.0594614 0.0658977 0.0705992 0.0731228 0.0732582 0.0710627 0.0668451 0.0610851 0.0543198 0.0470485 0.039682 0.0325335 0.025836 0.0197678 0.0144711 0.0100533 0.00656966 0.00400258
 0.00910994 0.0142886 0.0205819 0.0277023 0.0354117 0.0434955 0.0516194 0.0592535 0.0657542 0.0705229 0.0731247 0.073352 0.0712546 0.0671249 0.0614249 0.0546804 0.0473906 0.0399765 0.0327667 0.0260079 0.0198873 0.0145501 0.0101028 0.00659866 0.00401806
 0.00899677 0.0141084 0.0203192 0.027349 0.0349734 0.0429973 0.0511092 0.0587945 0.0654074 0.0703272 0.0730878 0.0734566 0.071473 0.0674305 0.061794 0.0550879 0.0478069 0.0403704 0.0331116 0.0262879 0.0200987 0.0146991 0.0102011 0.0066593 0.00405277
 0.00895828 0.0140472 0.0202286 0.0272219 0.0348009 0.0427701 0.0508212 0.0584507 0.0650317 0.0699641 0.0727931 0.0732802 0.0714413 0.0675404 0.0620192 0.0553915 0.0481515 0.0407221 0.0334418 0.0265748 0.0203294 0.0148706 0.010319 0.00673408 0.00409649
 0.0087192 0.0137047 0.0197987 0.0267478 0.03434 0.0423722 0.0505117 0.0582276 0.0648755 0.0698537 0.0727195 0.0732518 0.0714803 0.0676707 0.0622524 0.0557191 0.0485461 0.0411459 0.0338565 0.0269487 0.0206415 0.015112 0.0104915 0.00684771 0.0041652
 0.00850949 0.0133731 0.0193191 0.0261085 0.0335529 0.0414825 0.0496031 0.0574105 0.0642584 0.0695072 0.0726568 0.0734351 0.071847 0.0681606 0.062822 0.0563396 0.0491939 0.0417942 0.0344736 0.0275031 0.0211084 0.0154787 0.0107587 0.00702745 0.00427627
 0.00832281 0.0130865 0.018918 0.0255873 0.0329118 0.040726 0.0487447 0.0564856 0.0633366 0.0686923 0.072066 0.0731634 0.0719334 0.0685769 0.0634893 0.05716 0.0500781 0.0426733 0.0352979 0.0282364 0.0217256 0.0159667 0.0111184 0.0072728 0.00443007
 0.00829772 0.0130338 0.0188169 0.0254105 0.0326322 0.0403251 0.0482213 0.055858 0.0626398 0.0679743 0.0713883 0.0726004 0.0715646 0.0684663 0.0636622 0.0575918 0.050702 0.0434026 0.0360486 0.0289413 0.022339 0.0164635 0.011492 0.00753232 0.00459553
 0.00902837 0.0140613 0.0200655 0.0267068 0.0337503 0.0410619 0.0484593 0.0555854 0.0619288 0.0669445 0.0701746 0.0713348 0.0703664 0.0674365 0.0628772 0.0570939 0.0504924 0.0434415 0.036267 0.0292593 0.022684 0.0167817 0.0117521 0.00772363 0.00472269
 0.00981434 0.0152695 0.0217466 0.0288419 0.0362331 0.0436876 0.0509284 0.0575448 0.0630607 0.0670685 0.0693071 0.0696707 0.0682003 0.0650745 0.0605763 0.0550376 0.0487891 0.0421324 0.0353377 0.0286554 0.0223297 0.0165988 0.0116734 0.00769958 0.0047221
 0.00982829 0.0153781 0.0220694 0.0295441 0.0374842 0.045591 0.0534491 0.0604725 0.0660279 0.0696244 0.0710272 0.0702717 0.0676201 0.0634808 0.0582987 0.0524598 0.0462501 0.039871 0.0334813 0.0272374 0.0213175 0.0159227 0.011251 0.00745329 0.0045884
 0.00948757 0.0148792 0.0214282 0.0288308 0.0368299 0.0451829 0.0535064 0.0611944 0.0675122 0.0717883 0.0735789 0.0727678 0.0695949 0.0645924 0.0584263 0.0517148 0.0449075 0.0382618 0.0318951 0.0258674 0.0202519 0.0151657 0.0107567 0.00715579 0.00442337
