SBPRF35
7.78865
Curr Bio
469090
B35
707800
F35
0.212213
FOFL
0.125329
OFL
43508.6
Bzero
2.22533e+06
#pred survey bio
 4.46806e+06 4.28877e+06 4.09046e+06 3.8228e+06 3.52144e+06 3.20732e+06 2.89542e+06 2.61913e+06 2.32803e+06 2.0556e+06 1.82678e+06 1.63696e+06 1.42502e+06 1.28439e+06 1.12318e+06 992471 914430 831739 766221 707759 669711 646526 630957 607303 598098 596396 584023 582669 583998 572239 574791 576111 575409 577589 571362 549717 539114 531077 534503 543338 553336 562695 571314 589269 598734 601083 605151 606856 611084 605162 603712 569140 516762 474216 1.53012e+07 9.33432e+06 9.81092e+06 1.07947e+07 1.2016e+07 1.32321e+07 1.43048e+07 1.51823e+07 1.58648e+07 1.63782e+07 1.67557e+07 1.70293e+07 1.72261e+07 1.7367e+07 1.74679e+07 1.75404e+07 1.75927e+07 1.76307e+07 1.76584e+07 1.76787e+07 1.76938e+07 1.7705e+07 1.77134e+07 1.77197e+07 1.77245e+07 1.77281e+07 1.77308e+07 1.77329e+07 1.77345e+07 1.77358e+07 1.77367e+07 1.77374e+07 1.7738e+07 1.77384e+07 1.77388e+07 1.7739e+07 1.77392e+07 1.77394e+07 1.77395e+07 1.77396e+07 1.77396e+07 1.77397e+07 1.77397e+07 1.77398e+07 1.77398e+07 1.77398e+07 1.77398e+07 1.77398e+07 1.77399e+07 1.77399e+07 1.77399e+07 1.77399e+07 1.77399e+07 1.77399e+07 1.77399e+07 1.77399e+07 1.77399e+07 1.77399e+07 1.77399e+07 1.77399e+07 1.77399e+07 1.77399e+07 1.77399e+07 1.77399e+07 1.77399e+07 1.77399e+07 1.77399e+07 1.77399e+07 1.77399e+07 1.77399e+07 1.77399e+07 1.77399e+07 1.77399e+07 1.77399e+07 1.77399e+07 1.77399e+07 1.77399e+07 1.77399e+07 1.77399e+07 1.77399e+07 1.77399e+07 1.77399e+07 1.77399e+07 1.77399e+07 1.77399e+07 1.77399e+07 1.77399e+07 1.77399e+07 1.77399e+07 1.77399e+07 1.77399e+07 1.77399e+07 1.77399e+07 1.77399e+07 1.77399e+07 1.77399e+07 1.77399e+07 1.77399e+07 1.77399e+07 1.77399e+07 0 0 0 0 0 0 0 0 0 0 0 0 0 0 0 0 0 0 0 0 0 0 0 0 0
#obs survey bio
 2.15493e+06 2.95964e+06 2.9601e+06 2.48729e+06 3.29792e+06 2.68857e+06 1.72041e+06 2.03137e+06 2.88105e+06 2.36229e+06 1.32384e+06 1.64554e+06 1.71712e+06 777378 907683 1.05257e+06 795349 927033 777089 734680 605107 362752 532045 438267 572556 416167 572853 462697 520246 591488 527915 505593 547681 681530 479985 646101 523879 504398 601035 455487 462438 686397 508814 871373 509819 518932 712952 621404 459804 748064 593842 739070 459309 412005
#pred catch bio
 87129.8 95572 163864 211346 247003 272633 267976 306208 310634 288913 267979 296612 240054 261734 235948 189941 191325 171772 160208 138537 124273 117804 124090 111437 105183 113015 102440 99673.6 109042 94757.5 93884.5 93324.7 88197.6 91614.9 99887.2 88506.2 89408.9 84780.7 84054.3 84850.1 85474 85556.1 77923 85613.7 91884.6 90631.8 92467.8 90095.5 97870.2 92636.4 118194 129565 117295 108072 43508.6 71738.8 74122 80456.9 89306.5 98301.4 106157 112440 117182 120615 123024 124676 125788 126526 127011 127326 127529 127660 127744 127797 127831 127852 127866 127875 127880 127883 127885 127887 127888 127888 127888 127889 127889 127889 127889 127889 127889 127889 127889 127889 127889 127889 127889 127889 127889 127889 127889 127889 127889 127889 127889 127889 127889 127889 127889 127889 127889 127889 127889 127889 127889 127889 127889 127889 127889 127889 127889 127889 127889 127889 127889 127889 127889 127889 127889 127889 127889 127889 127889 127889 127889 127889 127889 127889 127889 127889 127889 127889 127889 127889 127889 127889 127889 127889 127889 127889 127889 127889 127889 127889 0 0 0 0 0 0 0 0 0 0 0 0 0 0 0 0 0 0 0 0 0 0 0 0 0
#obs catch bio
 0 95435.2 165096 213738 250553 278047 273664 315055 319174 296549 274431 307102 244428 269884 243163 194584 196069 175439 162740 139869 125474 120191 127088 113816 107679 116174 104340 101706 112089 96620.5 95450.5 95081.9 89459.7 92770.4 101440 88862.7 89973 85506.9 84691.3 85701.6 86149.9 85704.8 77993.4 85548.4 92075.1 90907.7 92644.6 90050.5 98425.5 92508.6 118242 129201 116521 108090
#pred cpue bio
 4.39577e+06 4.22148e+06 4.0265e+06 3.7598e+06 3.45943e+06 3.14672e+06 2.83635e+06 2.56148e+06 2.27263e+06 2.00273e+06 1.77603e+06 1.58797e+06 1.37889e+06 1.24004e+06 1.08121e+06 952743 876395 796053 732790 676458 639628 616744 601208 578097 569043 567458 555757 554645 556038 544968 548007 549808 549633 552415 547226 526906 516101 506548 508572 516971 527049 536670 545384 562916 572119 574285 578211 580021 584247 578673 577583 544060 492917 451572 1.45669e+07 8.89598e+06 9.24423e+06 1.00903e+07 1.12657e+07 1.24715e+07 1.35423e+07 1.44194e+07 1.5102e+07 1.56153e+07 1.59928e+07 1.62664e+07 1.64632e+07 1.66041e+07 1.6705e+07 1.67775e+07 1.68298e+07 1.68678e+07 1.68955e+07 1.69158e+07 1.69309e+07 1.69421e+07 1.69505e+07 1.69568e+07 1.69616e+07 1.69652e+07 1.69679e+07 1.697e+07 1.69716e+07 1.69729e+07 1.69738e+07 1.69745e+07 1.69751e+07 1.69755e+07 1.69759e+07 1.69761e+07 1.69763e+07 1.69765e+07 1.69766e+07 1.69767e+07 1.69767e+07 1.69768e+07 1.69768e+07 1.69769e+07 1.69769e+07 1.69769e+07 1.69769e+07 1.6977e+07 1.6977e+07 1.6977e+07 1.6977e+07 1.6977e+07 1.6977e+07 1.6977e+07 1.6977e+07 1.6977e+07 1.6977e+07 1.6977e+07 1.6977e+07 1.6977e+07 1.6977e+07 1.6977e+07 1.6977e+07 1.6977e+07 1.6977e+07 1.6977e+07 1.6977e+07 1.6977e+07 1.6977e+07 1.6977e+07 1.6977e+07 1.6977e+07 1.6977e+07 1.6977e+07 1.6977e+07 1.6977e+07 1.6977e+07 1.6977e+07 1.6977e+07 1.6977e+07 1.6977e+07 1.6977e+07 1.6977e+07 1.6977e+07 1.6977e+07 1.6977e+07 1.6977e+07 1.6977e+07 1.6977e+07 1.6977e+07 1.6977e+07 1.6977e+07 1.6977e+07 1.6977e+07 1.6977e+07 1.6977e+07 1.6977e+07 1.6977e+07 1.6977e+07 1.6977e+07 0 0 0 0 0 0 0 0 0 0 0 0 0 0 0 0 0 0 0 0 0 0 0 0 0
#obs cpue bio
 3.53501e+06 3.4086e+06 2.73779e+06 2.37347e+06 2.81363e+06 2.14872e+06 2.75261e+06 2.44526e+06 2.02243e+06 1.37378e+06 1.97743e+06 955203 1.57333e+06 1.05675e+06 897090 611872 923486 567568 805702 690093 557978 391211 510625 544208 313461 560180 584620 414755 364804 442490 594322 413757 548899 472140 550814 716351 459579 362366 435272 445226 660963 728406 517637 512861 540424 547384 554046 619392 529990 614668 661402 529464 685400 385411
#pred surv len freq
 0.00493765 0.00806564 0.0122296 0.0174364 0.0235701 0.0303004 0.0370587 0.0431841 0.0481756 0.0518592 0.054362 0.0559618 0.0569437 0.057517 0.0577739 0.0576781 0.0570851 0.0557933 0.0536005 0.0503441 0.0459244 0.0403415 0.0337652 0.0266039 0.0194882
 0.00528334 0.00848883 0.0126162 0.0176107 0.0233627 0.0296431 0.0360472 0.0420537 0.0471916 0.0511851 0.0539875 0.0557297 0.05665 0.0570247 0.0570881 0.0569533 0.0565675 0.0557196 0.0540941 0.0513562 0.0472509 0.0417076 0.0349336 0.0274489 0.0200059
 0.0055794 0.00899008 0.0133964 0.0187219 0.024789 0.0312518 0.0375757 0.0431736 0.0476416 0.0508971 0.0531123 0.0545369 0.0553746 0.0557706 0.055845 0.055694 0.0553395 0.0546635 0.0533813 0.0510918 0.0474091 0.0421412 0.0354471 0.0278846 0.0202919
 0.00580425 0.00936357 0.0139758 0.0195714 0.0259717 0.032808 0.0394865 0.0453213 0.0497909 0.0527265 0.054303 0.0548864 0.0548705 0.0545732 0.0541925 0.0538045 0.0533757 0.0527587 0.0516718 0.0497065 0.0464228 0.0415383 0.0351323 0.0277347 0.0202092
 0.00604337 0.00974687 0.0145437 0.0203614 0.0270164 0.03413 0.0410896 0.0471789 0.0518331 0.0548251 0.0562609 0.0564511 0.0557867 0.0546634 0.0534229 0.0522937 0.0513447 0.0504624 0.0493502 0.0475618 0.0446027 0.0401177 0.0341076 0.0270426 0.0197628
 0.00630993 0.0101729 0.0151713 0.0212254 0.0281389 0.0355127 0.0427056 0.0489718 0.0537259 0.0567323 0.0580902 0.0580897 0.0570855 0.0554419 0.0535091 0.0515862 0.0498639 0.0483591 0.0468696 0.0449825 0.0421781 0.0380332 0.0324587 0.0258381 0.0189477
 0.00657165 0.0105963 0.0158048 0.0221124 0.0293097 0.0369717 0.0444183 0.050861 0.0556845 0.0586457 0.0598565 0.0596252 0.0583143 0.0562773 0.0538427 0.0513012 0.0488759 0.0466686 0.0445942 0.0423475 0.0394662 0.0355155 0.0303346 0.024204 0.0178
 0.00674803 0.0108915 0.0162651 0.0227873 0.0302435 0.0381887 0.0459072 0.0525674 0.0575172 0.0604933 0.0616054 0.061173 0.0595758 0.0571806 0.054319 0.0512746 0.0482696 0.0454337 0.0427537 0.0400285 0.0368947 0.0329674 0.0280634 0.0223775 0.0164737
 0.00697789 0.011261 0.0168141 0.0235518 0.0312512 0.0394511 0.0474088 0.0542591 0.0593179 0.0623008 0.0633096 0.0626687 0.0607719 0.0580055 0.0547172 0.0511995 0.0476764 0.0442872 0.0410542 0.0378486 0.0344002 0.0304004 0.0256847 0.0203943 0.014988
 0.00729072 0.0117512 0.0175178 0.0244908 0.0324304 0.0408551 0.0489967 0.0559626 0.0610491 0.0639656 0.0648204 0.06395 0.0617599 0.0586462 0.0549658 0.0510177 0.0470312 0.043154 0.0394326 0.0357891 0.0320294 0.0279205 0.0233357 0.0183882 0.0134494
 0.00758521 0.0122216 0.0182093 0.025438 0.0336491 0.0423302 0.0506717 0.0577398 0.0628065 0.0655845 0.0662078 0.0650455 0.0625298 0.0590719 0.0550327 0.0507094 0.0463276 0.0420368 0.0378997 0.0338778 0.0298389 0.0256182 0.0211306 0.0164772 0.0119601
 0.00769614 0.0124273 0.0185658 0.0260128 0.0345054 0.0435016 0.0521382 0.0594203 0.0645733 0.0672925 0.0677232 0.0662659 0.0633916 0.0595479 0.0551216 0.050421 0.0456707 0.0410159 0.036524 0.0321809 0.0279017 0.0235779 0.0191639 0.0147566 0.0106039
 0.00808511 0.0130183 0.0193799 0.0270472 0.0357411 0.044915 0.0537027 0.0610964 0.0662947 0.068959 0.0692092 0.0674424 0.064155 0.0598407 0.0549371 0.0497917 0.0446479 0.0396523 0.0348691 0.0302915 0.0258605 0.0215057 0.0172106 0.0130679 0.00927888
 0.00830767 0.013381 0.0199257 0.0278114 0.0367398 0.0461289 0.0550684 0.0625147 0.0676592 0.070188 0.0702581 0.0682896 0.0647764 0.0601965 0.0549793 0.0494836 0.0439793 0.0386425 0.0335614 0.0287498 0.0241715 0.019782 0.0155817 0.0116562 0.00816741
 0.00853277 0.0137631 0.0205298 0.0287057 0.0379774 0.0477201 0.0569538 0.0645574 0.0696674 0.0719591 0.0716267 0.0691599 0.0651291 0.0600716 0.0544444 0.0486051 0.0428095 0.0372237 0.0319387 0.0269827 0.0223414 0.0179916 0.0139438 0.0102704 0.0070949
 0.00870947 0.0140452 0.0209462 0.0292843 0.038745 0.0486994 0.0581536 0.0659585 0.0712084 0.0735316 0.0730847 0.0703466 0.0659136 0.0603796 0.0542695 0.0479962 0.0418446 0.0359851 0.0305023 0.0254223 0.0207374 0.0164358 0.0125322 0.00908509 0.00618342
 0.00868129 0.014011 0.0209172 0.0292802 0.0387928 0.0488294 0.0583966 0.0663436 0.07176 0.0742607 0.0739754 0.0713425 0.0669151 0.0612599 0.0549053 0.0482998 0.0417823 0.0355761 0.0298032 0.0245109 0.0197031 0.0153736 0.0115346 0.00822923 0.00551609
 0.00868355 0.0140269 0.0209636 0.0293806 0.0389715 0.0491027 0.0587652 0.0667915 0.0722609 0.0747884 0.074511 0.0718741 0.0674295 0.0617302 0.0552843 0.0485255 0.0417958 0.0353424 0.0293251 0.0238299 0.0188903 0.0145157 0.0107186 0.00752574 0.00496718
 0.00874898 0.014114 0.0210603 0.0294665 0.0390276 0.0491245 0.0587709 0.0668181 0.0723489 0.0749637 0.0747759 0.0722098 0.0678065 0.0621166 0.0556463 0.0488243 0.0419859 0.0353796 0.0291811 0.0235055 0.0184205 0.013963 0.0101568 0.00702122 0.00456346
 0.00901875 0.0145078 0.0215687 0.0300492 0.039621 0.0496578 0.059182 0.0670658 0.0724217 0.0748842 0.0745948 0.0719902 0.0676025 0.0619586 0.0555383 0.0487483 0.0419101 0.0352662 0.0289954 0.0232276 0.0180548 0.0135397 0.00972355 0.00662763 0.0042453
 0.00938172 0.0150468 0.0222831 0.0309011 0.0405401 0.0505543 0.059959 0.067633 0.072711 0.0748686 0.0742998 0.0714883 0.0669918 0.0613351 0.0549723 0.0482739 0.0415263 0.034947 0.028704 0.0229311 0.0177356 0.0132016 0.00938859 0.00632547 0.00400035
 0.00950047 0.0152581 0.0226326 0.0314353 0.0412876 0.0514988 0.0610208 0.0686739 0.0735709 0.0754148 0.0744651 0.0712817 0.0664849 0.0606344 0.0541911 0.0475077 0.040838 0.0343617 0.0282158 0.0225167 0.0173704 0.0128713 0.00909283 0.00607344 0.00380193
 0.00946198 0.0152121 0.0225958 0.0314385 0.0413732 0.0517134 0.0614018 0.0692325 0.0742752 0.0761827 0.0751764 0.0718112 0.0667428 0.0605943 0.0538924 0.0470344 0.0402862 0.0338123 0.0277189 0.022091 0.0170134 0.0125727 0.00884458 0.00587293 0.00364904
 0.00961246 0.0154304 0.022876 0.0317603 0.04171 0.0520457 0.0617263 0.069562 0.0746281 0.0765676 0.0755773 0.0721816 0.0670134 0.0606949 0.0537788 0.0467076 0.0397934 0.033229 0.027123 0.0215423 0.0165447 0.0121937 0.00855105 0.00565498 0.00349536
 0.00955086 0.0153539 0.0228035 0.0317212 0.0417335 0.0521449 0.0618892 0.069757 0.0748228 0.0767485 0.0757553 0.072379 0.0672399 0.0609314 0.0539789 0.0468172 0.039776 0.0330821 0.0268777 0.0212474 0.0162482 0.0119297 0.00833656 0.00549337 0.00338187
 0.00939815 0.0151201 0.0224805 0.0313156 0.0412704 0.0516691 0.0614626 0.0694472 0.0746837 0.076801 0.0759825 0.0727381 0.0676824 0.0614147 0.054465 0.0472668 0.0401484 0.0333449 0.0270185 0.021279 0.0162021 0.0118431 0.00824085 0.00540853 0.00331668
 0.00949233 0.0152446 0.022615 0.0314239 0.0413107 0.0516112 0.0613024 0.0692115 0.0744219 0.0765693 0.0758274 0.0726842 0.0677291 0.0615414 0.0546413 0.0474606 0.0403298 0.033488 0.0271045 0.0213015 0.016169 0.0117738 0.00815845 0.0053318 0.00325619
 0.00950772 0.0152687 0.0226483 0.0314629 0.0413446 0.0516198 0.0612577 0.0690866 0.0742061 0.0762809 0.0755156 0.0724148 0.0675614 0.0615073 0.054738 0.0476566 0.0405788 0.0337427 0.027327 0.0214679 0.0162719 0.0118201 0.00816444 0.00531614 0.00323404
 0.00927703 0.0149428 0.0222488 0.0310406 0.040965 0.0513389 0.0611024 0.0690482 0.0742492 0.0763607 0.0755948 0.0724774 0.0676165 0.0615825 0.0548637 0.0478492 0.0408319 0.0340299 0.0276118 0.0217171 0.0164644 0.0119503 0.00823974 0.00535151 0.00324553
 0.00920644 0.0148219 0.0220579 0.0307643 0.0406032 0.0509204 0.0606898 0.0687249 0.0740884 0.076391 0.0757868 0.0727587 0.0679073 0.0618289 0.0550515 0.047996 0.040967 0.0341738 0.0277677 0.0218727 0.0166018 0.0120561 0.00830983 0.0053906 0.00326298
 0.00914162 0.0147019 0.0218507 0.0304319 0.0401126 0.0502604 0.0598885 0.0678578 0.0732687 0.0757454 0.0754207 0.0727252 0.0681911 0.0623544 0.0557131 0.0486942 0.0416327 0.0347723 0.0282874 0.0223107 0.0169567 0.0123275 0.00850246 0.00551562 0.00333637
 0.00900921 0.0145082 0.0215978 0.0301321 0.0397796 0.0498988 0.0594892 0.0674056 0.072761 0.0752097 0.0749214 0.0723503 0.0680231 0.0624398 0.0560436 0.0492117 0.0422521 0.03541 0.0288808 0.0228237 0.017374 0.0126477 0.00873244 0.00566865 0.00342965
 0.00884109 0.0142501 0.0212386 0.0296746 0.0392425 0.0493167 0.0589101 0.066882 0.0723347 0.0748994 0.074722 0.0722484 0.068017 0.0625463 0.0562877 0.0496041 0.0427731 0.0360103 0.0294964 0.0233955 0.0178613 0.0130314 0.00901246 0.00585754 0.00354676
 0.00855682 0.013818 0.0206449 0.0289281 0.0383739 0.048375 0.0579612 0.0660054 0.0716143 0.0744061 0.0744962 0.0722914 0.0682957 0.0630101 0.0568868 0.0502999 0.0435355 0.0368074 0.0302871 0.0241324 0.0185012 0.0135464 0.00939532 0.00611953 0.00371116
 0.00844221 0.0136192 0.0203243 0.0284467 0.0377049 0.0475232 0.0569771 0.0649845 0.0706745 0.0736565 0.074012 0.0721047 0.0683997 0.0633686 0.057446 0.0509998 0.0443193 0.0376254 0.0310951 0.0248888 0.0191681 0.0140952 0.00981336 0.00641224 0.00389849
 0.00927307 0.014789 0.0217484 0.0299294 0.0389897 0.0483771 0.0572626 0.064685 0.0698752 0.0725054 0.0726823 0.0707634 0.0671843 0.0623718 0.0567117 0.05053 0.0440869 0.037587 0.0312006 0.0250869 0.0194097 0.0143378 0.0100252 0.00657604 0.00401142
 0.0100957 0.0160692 0.0235583 0.0322709 0.0417642 0.0513579 0.0600913 0.0669253 0.0711332 0.0725677 0.071591 0.0687855 0.0646998 0.0597521 0.0542408 0.0483812 0.042336 0.0362404 0.0302225 0.0244196 0.0189871 0.0140938 0.00990035 0.0065222 0.00399405
 0.0100647 0.0161397 0.0238859 0.0330687 0.0432398 0.0536142 0.0630366 0.0702473 0.0743575 0.0751785 0.073166 0.0691017 0.0637807 0.0578425 0.0517187 0.0456453 0.0397141 0.0339451 0.0283533 0.0229898 0.017956 0.0133937 0.00945442 0.00625736 0.00384827
 0.00971476 0.0156183 0.0231981 0.032273 0.0424613 0.0530463 0.0629205 0.0708115 0.0757219 0.0772622 0.0756607 0.0715445 0.0657018 0.0589162 0.0518513 0.0449684 0.0385039 0.0325142 0.0269621 0.021803 0.0170421 0.0127494 0.00903633 0.00600735 0.00371083
 0.00945106 0.0151961 0.0225775 0.0314286 0.0413971 0.0518179 0.0616553 0.0697123 0.0750371 0.0772208 0.0763901 0.073002 0.0676554 0.060998 0.0536701 0.046236 0.0391148 0.0325456 0.0266065 0.0212774 0.0165178 0.0123233 0.00873767 0.00582261 0.00360898
 0.00923804 0.0148628 0.0220995 0.0307912 0.0405966 0.0508656 0.0605866 0.0685974 0.0739884 0.0763891 0.075944 0.073087 0.0683395 0.0622233 0.0552432 0.0478746 0.0405382 0.0335665 0.0271779 0.0214752 0.0164804 0.0121861 0.0085932 0.00571356 0.00354224
 0.00924206 0.0148378 0.0220042 0.030569 0.0401915 0.0502462 0.0597659 0.0676365 0.0729819 0.0754442 0.0751678 0.0725828 0.0682001 0.062511 0.0559561 0.0489215 0.0417463 0.0347298 0.0281256 0.0221238 0.0168423 0.0123367 0.00862379 0.00569606 0.00351713
 0.00930649 0.0149319 0.0221238 0.0306976 0.0402971 0.0502811 0.0596724 0.0673613 0.0724982 0.0747719 0.0743797 0.0717912 0.0675317 0.0620794 0.0558392 0.0491419 0.0422585 0.0354247 0.0288595 0.0227658 0.0173141 0.0126263 0.00876812 0.00575003 0.0035279
 0.00924888 0.0148457 0.022008 0.0305558 0.0401361 0.0501071 0.0594873 0.0671599 0.0722674 0.0744952 0.0740469 0.0714123 0.0671459 0.0617529 0.0556494 0.049153 0.0424971 0.0358649 0.0294262 0.0233573 0.0178367 0.0130227 0.00902763 0.00589654 0.00359902
 0.00927412 0.0148811 0.022051 0.0306005 0.0401751 0.0501341 0.0594985 0.0671527 0.0722371 0.0744318 0.0739351 0.0712368 0.0669014 0.0614553 0.0553405 0.0488939 0.0423497 0.0358681 0.0295788 0.0236168 0.0181366 0.013299 0.00924018 0.00603534 0.00367639
 0.00921741 0.0148136 0.0219944 0.0305882 0.0402411 0.0502958 0.0597441 0.0674416 0.0725138 0.0746448 0.0740498 0.071238 0.0667895 0.0612428 0.0550529 0.0485712 0.0420437 0.0356313 0.0294475 0.0235976 0.0182052 0.013413 0.00935725 0.00612841 0.00373702
 0.00912464 0.0146693 0.021791 0.0303278 0.0399399 0.0499882 0.0594815 0.0672814 0.0724991 0.0747836 0.0743082 0.0715525 0.0670909 0.0614782 0.0551962 0.0486242 0.0420304 0.0355892 0.0294157 0.0236042 0.0182578 0.0134991 0.00945383 0.00621382 0.00379956
 0.00914153 0.0146821 0.0217834 0.030276 0.0398198 0.0497867 0.0592072 0.0669685 0.0722017 0.0745613 0.0742078 0.071592 0.0672528 0.0617154 0.0554499 0.0488443 0.04219 0.035688 0.0294732 0.0236464 0.0183053 0.013559 0.00952081 0.00627697 0.00384976
 0.00900605 0.0144925 0.0215536 0.0300358 0.0396025 0.0496129 0.0590737 0.0668526 0.0720786 0.0744242 0.074077 0.0715076 0.0672553 0.0618252 0.0556566 0.0491112 0.0424701 0.0359418 0.0296804 0.0238065 0.0184292 0.0136589 0.00960368 0.00634407 0.00390014
 0.00893968 0.014388 0.0214041 0.0298408 0.0393726 0.0493725 0.05886 0.0667056 0.0720234 0.074457 0.0741659 0.0716107 0.0673442 0.0618978 0.0557309 0.0492069 0.0425934 0.0360824 0.0298199 0.0239294 0.0185288 0.0137367 0.0096641 0.0063906 0.00393459
 0.0089289 0.0143568 0.0213324 0.0297026 0.0391438 0.0490442 0.0584493 0.0662586 0.0716063 0.0741372 0.0739916 0.0715967 0.0674707 0.0621224 0.0560076 0.0495017 0.0428873 0.0363653 0.030083 0.0241628 0.0187242 0.0138904 0.00977803 0.0064705 0.00398748
 0.00910164 0.0146432 0.0217707 0.0303237 0.0399552 0.0500085 0.0594716 0.0671967 0.0723087 0.0744934 0.0739663 0.0712321 0.06686 0.0613734 0.0552149 0.0487337 0.0421874 0.0357585 0.0295809 0.0237666 0.0184264 0.0136778 0.00963451 0.0063798 0.00393448
 0.00918026 0.0148086 0.0220884 0.0308759 0.0408179 0.0512149 0.0609781 0.0688699 0.0739461 0.0758678 0.0748796 0.0715616 0.0665847 0.0605725 0.0540385 0.0473585 0.0407752 0.0344317 0.0284166 0.0228024 0.0176702 0.0131166 0.00924229 0.00612317 0.00377852
 0.00893614 0.0144683 0.021684 0.0304805 0.0405356 0.0511588 0.0612437 0.0695106 0.0749501 0.077144 0.0762614 0.0728382 0.0675537 0.0610951 0.0540726 0.0469596 0.0400673 0.0335645 0.0275269 0.0219903 0.0169931 0.0125949 0.00886896 0.00587539 0.00362656
#obs surv len freq
 nan nan nan nan nan nan nan nan nan nan nan nan nan nan nan nan nan nan nan nan nan nan nan nan nan
 0.0044861 0.00734819 0.011179 0.0159961 0.0216974 0.0279733 0.0342873 0.0400182 0.0446971 0.0481598 0.0505165 0.052011 0.052902 0.0534133 0.0537267 0.0539809 0.054259 0.0545514 0.0546899 0.0542817 0.0527199 0.0493522 0.0438024 0.0362831 0.0276675
 0.00462222 0.00757076 0.0115159 0.0164731 0.0223317 0.0287636 0.0352047 0.0410032 0.045668 0.0490292 0.0512073 0.0524684 0.0530982 0.0533479 0.053422 0.0534745 0.0535946 0.053772 0.0538348 0.0533881 0.0518269 0.0485035 0.0430431 0.0356514 0.0271847
 0.00478264 0.0078342 0.0119174 0.0170468 0.0231043 0.0297436 0.0363705 0.0422978 0.0470047 0.0503057 0.0523209 0.0533291 0.053638 0.0535273 0.0532335 0.0529403 0.0527599 0.0526964 0.0525847 0.0520339 0.0504438 0.0471723 0.0418439 0.0346503 0.0264181
 0.00496599 0.00813441 0.0123733 0.0176964 0.0239779 0.0308527 0.0376959 0.0437844 0.0485672 0.0518421 0.0537263 0.0545039 0.0544946 0.0539962 0.0532695 0.0525288 0.0519191 0.051475 0.051058 0.050299 0.048616 0.0453781 0.0402083 0.0332755 0.0253614
 0.00517419 0.00847571 0.0128923 0.0184364 0.0249731 0.0321149 0.0392012 0.0454684 0.050334 0.0535817 0.0553308 0.0558759 0.0555486 0.0546584 0.0534803 0.0522472 0.0511304 0.0501988 0.0493541 0.0482702 0.0464052 0.0431566 0.0381514 0.0315293 0.024011
 0.00540316 0.00885043 0.013461 0.0192459 0.02606 0.0334921 0.0408432 0.0473058 0.0522628 0.0554824 0.0570871 0.0573854 0.0567257 0.0554329 0.053794 0.0520534 0.0503977 0.0489215 0.047567 0.0460631 0.0439284 0.0406101 0.0357533 0.0294689 0.0224048
 0.00563681 0.00923321 0.0140426 0.0200749 0.0271748 0.0349068 0.0425326 0.0491998 0.0542558 0.057453 0.058917 0.05897 0.0579778 0.0562816 0.0541818 0.051933 0.0497322 0.0476918 0.0457885 0.0438066 0.0413363 0.0378916 0.0331517 0.0272057 0.0206239
 0.00588072 0.0096334 0.0146517 0.0209444 0.0283449 0.0363909 0.0443015 0.051176 0.0563245 0.0594848 0.0607884 0.0605761 0.0592345 0.0571238 0.0545591 0.0518045 0.0490642 0.0464628 0.0440039 0.0415234 0.0386845 0.0350774 0.0304277 0.0248121 0.0187249
 0.00611998 0.0100248 0.0152456 0.0217894 0.0294796 0.0378294 0.0460182 0.0530994 0.0583466 0.0614803 0.0626349 0.0621663 0.0604819 0.0579626 0.0549408 0.0516925 0.0484296 0.045286 0.0422873 0.0393144 0.0360998 0.0323113 0.0277271 0.0224197 0.0168129
 0.0063653 0.0104266 0.0158555 0.0226572 0.0306431 0.0392988 0.0477608 0.0550345 0.0603578 0.0634384 0.0644194 0.0636768 0.0616409 0.0587131 0.0552428 0.0515176 0.0477568 0.044102 0.0405972 0.0371617 0.0335909 0.0296259 0.0250985 0.0200819 0.0149364
 0.00660176 0.0108133 0.0164417 0.0234903 0.0317592 0.0407085 0.0494337 0.0568941 0.0622913 0.0653183 0.0661247 0.0651065 0.0627186 0.059387 0.0554804 0.0512997 0.0470718 0.0429449 0.0389776 0.035122 0.0312285 0.0271041 0.0226305 0.0178839 0.0131677
 0.00682213 0.0111773 0.017 0.0242929 0.0328452 0.0420891 0.0510759 0.0587158 0.0641741 0.0671315 0.0677474 0.066441 0.0636941 0.059958 0.0556229 0.0510049 0.0463397 0.0417823 0.0374029 0.0331803 0.0290107 0.0247575 0.0203456 0.0158538 0.0115354
 0.00704756 0.0115463 0.0175601 0.0250897 0.0339132 0.0434375 0.0526731 0.0604838 0.0659981 0.0688812 0.069299 0.0676928 0.0645738 0.0604237 0.0556589 0.0506146 0.0455375 0.0405891 0.035849 0.0313168 0.026925 0.0225827 0.0182492 0.0140037 0.0100537
 0.00726473 0.0119006 0.0180953 0.0258468 0.034922 0.0447032 0.0541629 0.0621226 0.0676789 0.070485 0.0707145 0.0688279 0.065361 0.0608211 0.0556491 0.0502007 0.044738 0.0394325 0.0343747 0.0295818 0.0250148 0.0206177 0.0163751 0.0123625 0.0087466
 0.00741231 0.0121501 0.0184886 0.0264284 0.0357294 0.0457511 0.0554289 0.0635421 0.0691555 0.0719104 0.0719871 0.0698638 0.0660977 0.061218 0.0556857 0.0498744 0.0440611 0.0384309 0.0330875 0.0280663 0.023353 0.0189183 0.0147645 0.0109601 0.00763487
 0.007523 0.0123258 0.0187461 0.0267832 0.0361961 0.0463431 0.0561537 0.0643951 0.0701131 0.0729269 0.072997 0.0707898 0.0668629 0.0617566 0.0559502 0.0498374 0.0437144 0.0377842 0.0321692 0.0269256 0.0220636 0.0175775 0.0134823 0.00983875 0.00674428
 0.00762338 0.0124841 0.0189751 0.0270912 0.0365853 0.0468079 0.0566802 0.0649628 0.0707012 0.0735193 0.0735821 0.0713536 0.06738 0.062187 0.056244 0.0499453 0.0435984 0.0374253 0.0315718 0.0261207 0.0211096 0.0165566 0.0124893 0.00896178 0.00604394
 0.00768229 0.0125797 0.0191183 0.0272918 0.0368492 0.0471342 0.057058 0.0653716 0.0711157 0.073917 0.0739495 0.0716869 0.0676799 0.0624499 0.056454 0.0500725 0.0436041 0.0372729 0.0312399 0.0256133 0.0204607 0.0158276 0.0117577 0.00830254 0.00551073
 0.00771644 0.0126289 0.0191813 0.0273642 0.0369271 0.0472171 0.0571513 0.0654854 0.0712598 0.0740966 0.0741621 0.0719237 0.0679289 0.062698 0.0566864 0.050269 0.0437368 0.0373091 0.0311501 0.025383 0.0201007 0.0153761 0.0112725 0.00784551 0.00513006
 0.00775814 0.0126901 0.0192607 0.027456 0.0370215 0.0473029 0.057219 0.06553 0.0712839 0.0741112 0.0741845 0.0719715 0.0680132 0.0628192 0.056834 0.0504238 0.0438735 0.0373984 0.0311632 0.0252991 0.019916 0.015109 0.0109613 0.0075365 0.00486328
 0.00781621 0.012778 0.0193805 0.0276044 0.0371897 0.0474772 0.0573817 0.0656616 0.0713678 0.0741389 0.0741601 0.0719115 0.0679415 0.0627592 0.0568017 0.0504224 0.043893 0.0374184 0.0311581 0.0252458 0.0198017 0.0149379 0.010754 0.00732388 0.00467478
 0.00784749 0.0128251 0.0194444 0.0276832 0.0372788 0.0475704 0.0574711 0.0657386 0.0714239 0.0741678 0.0741595 0.0718844 0.0678965 0.0627092 0.0567605 0.0504007 0.0438936 0.0374339 0.0311724 0.0252392 0.0197587 0.0148539 0.010638 0.00719493 0.00455406
 0.00786537 0.0128528 0.0194835 0.0277339 0.0373398 0.0476382 0.0575402 0.0658019 0.0714743 0.0741999 0.0741709 0.0718756 0.0678709 0.0626724 0.0567199 0.0503645 0.0438683 0.0374213 0.0311673 0.025231 0.0197354 0.014808 0.010571 0.00711634 0.00447724
 0.00788444 0.0128776 0.0195095 0.0277534 0.0373446 0.0476233 0.0575071 0.0657581 0.0714305 0.0741659 0.074152 0.0718728 0.0678813 0.0626916 0.056744 0.0503912 0.0438969 0.0374512 0.0311967 0.0252549 0.0197472 0.0148024 0.0105473 0.00707969 0.00443623
 0.00788964 0.0128855 0.0195199 0.027765 0.0373542 0.0476258 0.0574958 0.0657274 0.071379 0.0740992 0.0740825 0.071815 0.067847 0.0626858 0.0567642 0.0504303 0.0439468 0.0375048 0.0312482 0.0252993 0.0197797 0.0148198 0.0105489 0.00706843 0.00441788
 0.00789962 0.0128979 0.0195317 0.0277713 0.0373495 0.0476066 0.0574619 0.0656817 0.0713261 0.074043 0.0740267 0.071764 0.0678069 0.0626633 0.0567646 0.0504545 0.0439909 0.0375614 0.0313088 0.025356 0.0198264 0.0148526 0.0105669 0.00707355 0.00441427
 0.00788303 0.0128736 0.0194999 0.0277334 0.0373074 0.047561 0.0574124 0.0656276 0.0712678 0.0739843 0.0739736 0.0717235 0.0677843 0.0626619 0.0567851 0.0504961 0.0440506 0.0376342 0.0313875 0.0254326 0.0198936 0.0149053 0.0106031 0.00709453 0.00442358
 0.00788739 0.0128737 0.0194873 0.0276969 0.037237 0.0474534 0.0572751 0.0654781 0.0711277 0.0738718 0.0738986 0.0716881 0.0677855 0.0626948 0.0568446 0.050577 0.0441474 0.0377407 0.0314966 0.0255369 0.019986 0.0149805 0.0106586 0.00713128 0.00444491
 0.00787948 0.0128611 0.0194684 0.0276695 0.0371971 0.0473955 0.0571929 0.0653682 0.0709935 0.0737257 0.0737611 0.071581 0.0677252 0.0626874 0.0568864 0.0506579 0.0442552 0.0378635 0.0316238 0.0256591 0.0200953 0.0150711 0.0107277 0.00717918 0.00447482
 0.00784402 0.012804 0.0193838 0.027553 0.0370476 0.0472171 0.0569965 0.0651698 0.0708108 0.0735738 0.0736499 0.0715167 0.0677121 0.062728 0.0569799 0.0507978 0.0444295 0.0380566 0.0318199 0.025844 0.0202583 0.0152051 0.0108299 0.007251 0.0045209
 0.0078481 0.0128045 0.0193733 0.0275207 0.0369824 0.0471117 0.0568515 0.0649954 0.0706242 0.0733951 0.0734975 0.0714042 0.0676475 0.0627144 0.0570164 0.0508807 0.0445519 0.0382079 0.0319864 0.0260111 0.0204124 0.0153361 0.0109326 0.00732478 0.00456928
 0.00778568 0.0127106 0.019246 0.0273626 0.036799 0.0469093 0.0566362 0.0647746 0.0704087 0.0732002 0.0733418 0.0713055 0.0676182 0.0627583 0.0571287 0.05105 0.0447629 0.0384442 0.0322312 0.0262478 0.0206264 0.0155165 0.0110734 0.00742607 0.00463597
 0.00777077 0.0126785 0.0191837 0.0272546 0.0366329 0.0466835 0.0563654 0.0644876 0.0701399 0.0729779 0.0731818 0.0712123 0.0675906 0.062794 0.0572249 0.0512014 0.0449601 0.0386732 0.032475 0.0264888 0.0208483 0.0157063 0.0112237 0.00753566 0.00470903
 0.00775333 0.0126488 0.0191359 0.0271815 0.0365258 0.046534 0.0561685 0.0642461 0.0698679 0.0727013 0.0729341 0.0710255 0.0674866 0.0627801 0.0572956 0.0513436 0.0451575 0.0389083 0.0327295 0.0267437 0.0210857 0.0159117 0.0113881 0.00765655 0.00479034
 0.00933034 0.0148558 0.0217986 0.0299174 0.038856 0.04806 0.056712 0.0638752 0.0688145 0.0712429 0.0713076 0.069398 0.0659633 0.0614225 0.0561349 0.0503885 0.0444005 0.0383313 0.0323087 0.0264526 0.0208969 0.0157988 0.011327 0.00762763 0.00477899
 0.00929906 0.0150979 0.0226795 0.0318915 0.0422687 0.0528808 0.0623653 0.0693336 0.0729654 0.0733267 0.0711687 0.067427 0.062827 0.0577793 0.0524725 0.046997 0.0414185 0.0358059 0.0302379 0.0248098 0.0196414 0.0148805 0.0106895 0.00721125 0.00452539
 0.00896206 0.0145675 0.0219352 0.0309824 0.0413667 0.0523164 0.0625881 0.0707521 0.075702 0.0770362 0.0750807 0.0706387 0.0646794 0.058086 0.05149 0.0452129 0.0393219 0.0337539 0.0284315 0.0233296 0.0184956 0.0140396 0.0101061 0.00683101 0.00429446
 0.00880036 0.0142942 0.0215054 0.0303508 0.0405049 0.0512451 0.0614177 0.0697111 0.0751185 0.0772477 0.0762816 0.0727364 0.067261 0.0605527 0.0532998 0.0460885 0.0393069 0.0331136 0.0274929 0.0223587 0.0176509 0.0133841 0.00964092 0.00652622 0.00410989
 0.00872938 0.014175 0.021318 0.0300716 0.0401086 0.0507106 0.0607389 0.0689134 0.0742789 0.0765089 0.0758441 0.0728069 0.0679611 0.0618273 0.0548944 0.0476318 0.0404633 0.0337141 0.0275684 0.0220763 0.0172109 0.0129424 0.00928168 0.00627307 0.0039509
 0.00870143 0.0141254 0.0212352 0.0299415 0.0399165 0.0504438 0.060391 0.068486 0.0737843 0.0759762 0.0753296 0.0724032 0.0677883 0.0619958 0.0554451 0.0484893 0.0414422 0.0345886 0.0281682 0.0223478 0.017212 0.0127876 0.00908062 0.00609582 0.00382446
 0.00868847 0.0141021 0.0211958 0.0298784 0.0398212 0.0503087 0.0602107 0.0682589 0.0735131 0.0756681 0.0749994 0.0720783 0.0675148 0.0618385 0.0554726 0.0487427 0.041902 0.0351651 0.0287306 0.0227795 0.0174579 0.0128632 0.00904605 0.00601687 0.00374686
 0.00867169 0.0140784 0.0211665 0.0298464 0.039789 0.0502757 0.0601719 0.0682049 0.073433 0.0755531 0.074846 0.0718915 0.0673107 0.0616469 0.0553357 0.0487065 0.0419977 0.0353891 0.0290363 0.0230927 0.0177088 0.0130155 0.00910419 0.00601234 0.00371556
 0.00867148 0.0140753 0.021157 0.0298261 0.0397545 0.0502272 0.060114 0.0681454 0.0733782 0.0755041 0.0747969 0.0718326 0.0672344 0.0615542 0.0552403 0.0486339 0.0419778 0.0354428 0.029163 0.0232658 0.0178859 0.0131576 0.00919217 0.0060497 0.00371971
 0.00867214 0.0140783 0.0211648 0.0298415 0.0397789 0.0502586 0.0601461 0.0681692 0.0733854 0.0754905 0.0747637 0.0717829 0.0671715 0.0614797 0.0551574 0.0485508 0.0419098 0.0354078 0.0291733 0.0233202 0.0179678 0.0132427 0.00925964 0.00609048 0.00373667
 0.00864924 0.0140458 0.0211249 0.0297995 0.0397421 0.0502345 0.0601397 0.0681817 0.0734135 0.0755268 0.0747984 0.0718074 0.06718 0.0614708 0.055133 0.0485161 0.0418726 0.0353789 0.0291633 0.023335 0.0180049 0.0132915 0.00930671 0.00612599 0.00375758
 0.00865254 0.0140448 0.0211121 0.0297649 0.0396776 0.0501389 0.0600232 0.0680642 0.0733182 0.0754718 0.07479 0.0718398 0.067239 0.0615401 0.0551991 0.0485709 0.0419145 0.0354114 0.0291928 0.0233678 0.0180438 0.0133344 0.0093479 0.0061596 0.00378059
 0.00860866 0.0139814 0.0210309 0.0296717 0.0395792 0.0500397 0.0599232 0.0679616 0.0732149 0.0753767 0.0747191 0.0718098 0.0672598 0.0616094 0.0553041 0.0486933 0.0420374 0.0355235 0.02929 0.0234508 0.018115 0.0133954 0.00939838 0.00619848 0.00380758
 0.00861207 0.0139812 0.0210203 0.029642 0.0395233 0.0499567 0.0598211 0.0678554 0.0731199 0.0753026 0.0746676 0.0717788 0.0672485 0.0616203 0.05534 0.0487534 0.0421153 0.0356093 0.0293741 0.0235267 0.01818 0.0134492 0.00944129 0.00623089 0.00383021
 0.00862168 0.0139987 0.0210497 0.0296867 0.0395835 0.0500263 0.0598872 0.0679009 0.0731302 0.0752724 0.0746031 0.0716938 0.0671582 0.061537 0.0552722 0.0487063 0.042091 0.0356062 0.0293872 0.0235495 0.0182066 0.0134751 0.00946403 0.00624916 0.00384362
 0.00862168 0.0139987 0.0210497 0.0296867 0.0395835 0.0500263 0.0598872 0.0679009 0.0731302 0.0752724 0.0746031 0.0716938 0.0671582 0.061537 0.0552722 0.0487063 0.042091 0.0356062 0.0293872 0.0235495 0.0182066 0.0134751 0.00946403 0.00624916 0.00384362
 0.0089842 0.0145701 0.0218734 0.0307842 0.040942 0.0515841 0.0615225 0.0694386 0.0743755 0.0760598 0.0748398 0.0713771 0.0663654 0.0603981 0.0539363 0.0473132 0.0407526 0.0343995 0.0283558 0.0227098 0.0175548 0.0129942 0.00912875 0.00602995 0.00371035
 0.00909814 0.0147931 0.0222773 0.031455 0.0419538 0.0529597 0.0631993 0.0712623 0.0761304 0.077521 0.0758235 0.0717733 0.0661507 0.0596316 0.052742 0.0458519 0.0391898 0.0328789 0.0269828 0.0215474 0.0166278 0.0122974 0.00863661 0.00570503 0.0035112
 0.00914967 0.0148761 0.0224036 0.0316426 0.0422324 0.0533732 0.0637992 0.0720874 0.0771759 0.0787146 0.0770236 0.0727991 0.0668324 0.059858 0.0524869 0.045173 0.0382059 0.0317366 0.0258236 0.0204835 0.0157307 0.0115972 0.00812951 0.00536481 0.0033005
#pred catch len freq
 0.00451916 0.00717917 0.0105269 0.0144999 0.019056 0.0241452 0.0296386 0.0353018 0.040846 0.0460032 0.0505713 0.0544284 0.0575305 0.0598856 0.0615043 0.0623504 0.0623237 0.0612817 0.0590783 0.0555953 0.0507658 0.0446173 0.0373534 0.0294348 0.0215631
 0.00486429 0.0076208 0.0109755 0.0148105 0.0190831 0.0238207 0.0290226 0.0345643 0.0401791 0.045517 0.0502372 0.0541025 0.0570388 0.0591254 0.0605129 0.0613139 0.0615195 0.0609731 0.0594039 0.0565053 0.0520398 0.0459574 0.0385024 0.0302566 0.0220535
 0.00517944 0.0081293 0.0117247 0.015818 0.0203066 0.0251285 0.0301934 0.0353427 0.0403806 0.0451197 0.0493911 0.0530363 0.0559304 0.0580292 0.0593912 0.0601361 0.0603483 0.0599744 0.0587728 0.0563588 0.0523476 0.0465535 0.0391675 0.0308147 0.0224253
 0.00544389 0.00855122 0.0123479 0.0166857 0.02146 0.0265959 0.0319615 0.0373159 0.0423536 0.0467974 0.0504697 0.0533178 0.0553989 0.0568368 0.0577651 0.0582833 0.0584244 0.0581135 0.0571194 0.0550516 0.0514647 0.0460715 0.0389752 0.0307717 0.0224233
 0.00572529 0.00898919 0.0129726 0.017518 0.0225156 0.0278902 0.0335072 0.0391106 0.0443567 0.0489017 0.052481 0.0549666 0.0564014 0.0569873 0.0570129 0.056745 0.0563312 0.0557365 0.0547162 0.0528401 0.0496029 0.0446369 0.0379584 0.0300989 0.0219975
 0.00603795 0.00947455 0.0136614 0.0184262 0.023647 0.0292388 0.0350569 0.0408326 0.0462087 0.050826 0.0543956 0.0567481 0.0578729 0.0579315 0.0572218 0.0560924 0.0548301 0.0535482 0.0521087 0.0501191 0.0470457 0.0424445 0.0362323 0.0288452 0.0211539
 0.00633448 0.00993961 0.0143305 0.0193237 0.0247854 0.030617 0.0366548 0.0426059 0.0480897 0.0527313 0.0562358 0.0584317 0.0593002 0.0589832 0.057754 0.055956 0.0539179 0.0518528 0.0497567 0.0473584 0.0441878 0.0397869 0.0339918 0.0271252 0.0199493
 0.00658739 0.0103406 0.0149161 0.0201242 0.0258231 0.0319025 0.038179 0.0443321 0.0499509 0.0546362 0.0580789 0.0601056 0.0607046 0.0600265 0.0583457 0.0559992 0.0533176 0.0505488 0.0477716 0.044833 0.0413738 0.0369919 0.031498 0.0251194 0.0184933
 0.00688212 0.0107989 0.0155684 0.0209885 0.0269078 0.033208 0.0396943 0.0460271 0.0517702 0.0564978 0.0598805 0.0617354 0.0620551 0.0610041 0.0588739 0.0560121 0.052755 0.0493643 0.045962 0.0424776 0.0386574 0.0341843 0.0288904 0.0229428 0.0168619
 0.00724349 0.0113525 0.0163396 0.0219813 0.0281092 0.0345952 0.0412365 0.0476824 0.0534826 0.0581978 0.0614886 0.0631666 0.063224 0.0618308 0.0592884 0.0559556 0.0521791 0.0482343 0.0442735 0.0402855 0.0361024 0.0314924 0.0263296 0.0207504 0.0151782
 0.00758694 0.0118857 0.0170955 0.0229746 0.0293363 0.0360339 0.0428429 0.049389 0.0552037 0.0598414 0.0629694 0.0644128 0.064178 0.0624463 0.0595258 0.0557785 0.0515531 0.047132 0.0426893 0.0382598 0.0337463 0.0289937 0.0239232 0.0186579 0.0135439
 0.00782214 0.0122684 0.017672 0.0237891 0.0304225 0.0374021 0.0444654 0.0511924 0.0570749 0.0616474 0.0645794 0.0657183 0.0651048 0.0629564 0.0596096 0.0554408 0.0507999 0.0459667 0.0411219 0.0363288 0.0315437 0.0266754 0.0216894 0.0167042 0.0120043
 0.00822067 0.0128662 0.0184812 0.0247946 0.0315964 0.038722 0.0459215 0.0527754 0.0587519 0.063342 0.0661714 0.0670652 0.066076 0.0634633 0.059618 0.0549629 0.0498749 0.044642 0.0394469 0.0343647 0.0293831 0.0244547 0.0195784 0.0148685 0.0105583
 0.00858902 0.013437 0.019287 0.025844 0.0328709 0.0401748 0.0474778 0.0543417 0.0602361 0.0646746 0.067311 0.0679839 0.0667383 0.0638179 0.0596089 0.054551 0.0490525 0.0434344 0.0379055 0.0325632 0.0274208 0.0224597 0.0176983 0.0132421 0.00927957
 0.00887924 0.0139052 0.019985 0.0268175 0.0341507 0.0417613 0.0493228 0.0563382 0.062227 0.066481 0.068771 0.0689867 0.0672398 0.0638326 0.0591839 0.0537389 0.0478983 0.0419788 0.0361971 0.0306698 0.0254359 0.0205015 0.015896 0.0117108 0.00809083
 0.00902905 0.0141425 0.0203327 0.0272994 0.0347944 0.0425996 0.0503863 0.0576378 0.0637318 0.0681017 0.0703619 0.0703722 0.0682577 0.0643747 0.0592151 0.053289 0.0470358 0.0407845 0.0347507 0.0290529 0.0237403 0.0188335 0.0143673 0.0104179 0.00709139
 0.00906567 0.0142045 0.0204311 0.0274478 0.035009 0.0428985 0.0507892 0.0581656 0.0644042 0.0689289 0.0713299 0.0714261 0.0692967 0.0652665 0.0598292 0.0535319 0.0468726 0.0402376 0.0338843 0.027955 0.022512 0.0175823 0.0131985 0.00941874 0.00631421
 0.00906486 0.014214 0.0204659 0.0275291 0.0351603 0.0431382 0.0511246 0.0585905 0.0649031 0.0694836 0.0719245 0.0720464 0.0699215 0.0658569 0.060323 0.0538519 0.0469464 0.0400226 0.0333823 0.0272131 0.0216119 0.0166239 0.0122819 0.00862572 0.00569397
 0.00914824 0.0143287 0.0206009 0.0276639 0.0352738 0.0432223 0.0511922 0.0586728 0.0650357 0.0696907 0.0722098 0.0723953 0.0703092 0.0662545 0.0606968 0.0541589 0.0471349 0.0400415 0.0331981 0.0268261 0.0210616 0.0159815 0.0116314 0.00804292 0.00522827
 0.00940114 0.0146939 0.0210644 0.0281813 0.0357807 0.0436522 0.0514946 0.058824 0.0650425 0.0695883 0.0720527 0.0722407 0.0702001 0.0662085 0.0607058 0.054195 0.0471577 0.0400059 0.0330643 0.0265717 0.0206926 0.0155341 0.0111622 0.00761046 0.00487559
 0.00976954 0.0152349 0.0217698 0.0290033 0.036641 0.0444608 0.0521662 0.0592887 0.0652544 0.0695356 0.0717635 0.0717802 0.0696546 0.0656629 0.0602223 0.0538018 0.0468489 0.0397504 0.0328207 0.0263036 0.020382 0.0151874 0.0108071 0.00728336 0.00460686
 0.00990022 0.0154564 0.0221181 0.0295125 0.0373295 0.0453124 0.0531154 0.0602238 0.0660425 0.07006 0.0719563 0.0716356 0.0692244 0.0650381 0.0595081 0.0530924 0.0462084 0.039205 0.0323636 0.0259099 0.0200255 0.0148543 0.0104998 0.00701533 0.00439224
 0.00992046 0.0154973 0.0221963 0.0296527 0.0375642 0.0456767 0.0536361 0.0609025 0.0668395 0.0708868 0.0726883 0.0721461 0.0694248 0.0649068 0.059093 0.0524886 0.0455242 0.0385314 0.0317573 0.0253918 0.0195924 0.0144937 0.0102019 0.00677625 0.00421098
 0.0100443 0.0156749 0.0224205 0.0299044 0.0378212 0.0459272 0.053888 0.0611823 0.0671784 0.0713011 0.0731612 0.0726206 0.0698138 0.0651198 0.0590694 0.0522207 0.045059 0.0379509 0.0311486 0.0248229 0.0191016 0.0140935 0.00988923 0.00654201 0.0040443
 0.00995098 0.0155498 0.0222806 0.0297802 0.0377462 0.0459227 0.0539538 0.0613008 0.0673308 0.071483 0.0733857 0.072904 0.0701539 0.0654816 0.0593896 0.0524308 0.0451136 0.0378459 0.030919 0.0245255 0.0187925 0.0138132 0.00965871 0.00636667 0.00392017
 0.00982934 0.015366 0.0220314 0.029475 0.0374086 0.0455897 0.0536716 0.061116 0.0672766 0.0715681 0.0735933 0.0732029 0.070513 0.0658747 0.0597896 0.052802 0.0454138 0.038039 0.0309909 0.0244897 0.0186837 0.0136723 0.00951956 0.00624981 0.00383324
 0.00987931 0.0154257 0.0220817 0.0294852 0.0373459 0.0454334 0.0534261 0.0608147 0.0669741 0.0713244 0.0734561 0.0731952 0.0706293 0.0660873 0.06006 0.0530903 0.0456829 0.038257 0.031135 0.0245518 0.0186734 0.0136129 0.00943866 0.00617052 0.00376907
