SBPRF35
7.4325
Curr Bio
567097
B35
526454
F35
0.217961
FOFL
0.217961
OFL
99371.3
Bzero
2.12357e+006
#pred survey bio
 3.61612e+006 3.45123e+006 3.38272e+006 3.15354e+006 2.89189e+006 2.63039e+006 2.34339e+006 2.17117e+006 2.07473e+006 1.9424e+006 1.73912e+006 1.51309e+006 1.29718e+006 1.12183e+006 984217 875453 766328 723966 697482 700206 674941 594734 552185 539087 538747 544036 542223 520854 495285 498503 506350 520632 537497 557794 579668 568160 579966 602918 552546 530937 530122 552252 579430 604495 622322 552089 545094 565505 550030 574505 1.36982e+007 1.22919e+007 1.23448e+007 1.28081e+007 1.34838e+007 1.41968e+007 1.48442e+007 1.53825e+007 1.58058e+007 1.61267e+007 1.63642e+007 1.65375e+007 1.66628e+007 1.67532e+007 1.68185e+007 1.68657e+007 1.68999e+007 1.6925e+007 1.69434e+007 1.6957e+007 1.69671e+007 1.69747e+007 1.69804e+007 1.69847e+007 1.69879e+007 1.69903e+007 1.69922e+007 1.69936e+007 1.69947e+007 1.69955e+007 1.69962e+007 1.69967e+007 1.6997e+007 1.69973e+007 1.69975e+007 1.69977e+007 1.69978e+007 1.69979e+007 1.6998e+007 1.69981e+007 1.69981e+007 1.69981e+007 1.69982e+007 1.69982e+007 1.69982e+007 1.69982e+007 1.69982e+007 1.69982e+007 1.69982e+007 1.69982e+007 1.69983e+007 1.69983e+007 1.69983e+007 1.69983e+007 1.69983e+007 1.69983e+007 1.69983e+007 1.69983e+007 1.69983e+007 1.69983e+007 1.69983e+007 1.69983e+007 1.69983e+007 1.69983e+007 1.69983e+007 1.69983e+007 1.69983e+007 1.69983e+007 1.69983e+007 1.69983e+007 1.69983e+007 1.69983e+007 1.69983e+007 1.69983e+007 1.69983e+007 1.69983e+007 1.69983e+007 1.69983e+007 1.69983e+007 1.69983e+007 1.69983e+007 1.69983e+007 1.69983e+007 1.69983e+007 1.69983e+007 1.69983e+007 1.69983e+007 1.69983e+007 1.69983e+007 1.69983e+007 1.69983e+007 1.69983e+007 1.69983e+007 1.69983e+007 1.69983e+007 1.69983e+007 1.69983e+007 1.69983e+007 1.69983e+007 1.69983e+007 0 0 0 0 0 0 0 0 0 0 0 0 0 0 0 0 0 0 0 0 0 0 0 0 0
#obs survey bio
 3.86588e+006 2.76493e+006 3.74556e+006 2.98391e+006 2.37551e+006 3.1064e+006 1.93087e+006 2.07433e+006 1.77519e+006 2.1759e+006 1.48269e+006 1.33481e+006 1.14544e+006 1.14411e+006 850089 913660 654533 959279 756878 802318 829692 600964 419946 684781 502862 616548 660701 404544 466620 540128 471244 406768 476845 522900 737043 568368 620192 633390 525109 438182 424827 694015 602413 605471 697963 431325 420798 778596 559532 442600
#pred catch bio
 103019 97220.8 148939 209955 226061 277375 280115 290567 320505 282581 279012 280477 262386 240920 228725 221657 179084 166172 149054 143370 133456 115594 120518 112995 116382 110806 111678 103784 98015.3 99952.9 106214 98258.6 90888.9 92689.8 94218.2 93469.3 89473.8 85725.4 81752.2 85772.9 81462.3 80109.7 96817.9 86726.2 86422.9 88384.2 88014.9 91216.4 82957.8 89916.5 99371.3 97089.1 96031.6 98472.2 103102 108143 112675 116349 119136 121153 122565 123527 124170 124594 124870 125047 125161 125233 125279 125308 125326 125337 125344 125349 125352 125353 125354 125355 125355 125356 125356 125356 125356 125356 125356 125356 125356 125356 125356 125356 125356 125356 125356 125356 125356 125356 125356 125356 125356 125356 125356 125356 125356 125356 125356 125356 125356 125356 125356 125356 125356 125356 125356 125356 125356 125356 125356 125356 125356 125356 125356 125356 125356 125356 125356 125356 125356 125356 125356 125356 125356 125356 125356 125356 125356 125356 125356 125356 125356 125356 125356 125356 125356 125356 125356 125356 125356 125356 125356 125356 0 0 0 0 0 0 0 0 0 0 0 0 0 0 0 0 0 0 0 0 0 0 0 0 0
#obs catch bio
 0 96893.9 148944 210372 225798 277548 280148 291149 321952 281786 278717 280521 262459 240820 229004 221556 179321 166136 149646 143449 133044 115314 121025 112880 116825 110741 111669 103522 98157.5 99856.1 106725 98237.3 90743.9 92878.7 93979.9 93650.2 89738.8 85474.7 81700 85891.1 81517.7 79930.5 97215 86730.2 86122.4 88547.6 88248.1 91082.8 82974.2 89943.4
#pred cpue bio
 3.57644e+006 3.41351e+006 3.34431e+006 3.11597e+006 2.85545e+006 2.59495e+006 2.30918e+006 2.13654e+006 2.03863e+006 1.9055e+006 1.70338e+006 1.47917e+006 1.26528e+006 1.09173e+006 955646 848130 740673 698625 672377 674760 650324 572878 531638 518734 518494 523576 521975 501495 476855 479960 487636 501478 517942 537739 559139 548135 558163 578390 529413 508608 507881 529263 555551 579489 596906 529847 522812 542418 527761 551258 1.31478e+007 1.18035e+007 1.17552e+007 1.21371e+007 1.27941e+007 1.35042e+007 1.41512e+007 1.46895e+007 1.51128e+007 1.54336e+007 1.56711e+007 1.58444e+007 1.59698e+007 1.60602e+007 1.61254e+007 1.61726e+007 1.62069e+007 1.62319e+007 1.62503e+007 1.62639e+007 1.62741e+007 1.62816e+007 1.62873e+007 1.62916e+007 1.62948e+007 1.62973e+007 1.62991e+007 1.63006e+007 1.63016e+007 1.63025e+007 1.63031e+007 1.63036e+007 1.6304e+007 1.63042e+007 1.63045e+007 1.63046e+007 1.63048e+007 1.63049e+007 1.63049e+007 1.6305e+007 1.6305e+007 1.63051e+007 1.63051e+007 1.63051e+007 1.63051e+007 1.63052e+007 1.63052e+007 1.63052e+007 1.63052e+007 1.63052e+007 1.63052e+007 1.63052e+007 1.63052e+007 1.63052e+007 1.63052e+007 1.63052e+007 1.63052e+007 1.63052e+007 1.63052e+007 1.63052e+007 1.63052e+007 1.63052e+007 1.63052e+007 1.63052e+007 1.63052e+007 1.63052e+007 1.63052e+007 1.63052e+007 1.63052e+007 1.63052e+007 1.63052e+007 1.63052e+007 1.63052e+007 1.63052e+007 1.63052e+007 1.63052e+007 1.63052e+007 1.63052e+007 1.63052e+007 1.63052e+007 1.63052e+007 1.63052e+007 1.63052e+007 1.63052e+007 1.63052e+007 1.63052e+007 1.63052e+007 1.63052e+007 1.63052e+007 1.63052e+007 1.63052e+007 1.63052e+007 1.63052e+007 1.63052e+007 1.63052e+007 1.63052e+007 1.63052e+007 1.63052e+007 1.63052e+007 1.63052e+007 0 0 0 0 0 0 0 0 0 0 0 0 0 0 0 0 0 0 0 0 0 0 0 0 0
#obs cpue bio
 3.46254e+006 3.42178e+006 4.11681e+006 2.88281e+006 3.55292e+006 2.44313e+006 2.46535e+006 1.72541e+006 2.22108e+006 2.56146e+006 1.87688e+006 1.63662e+006 1.39249e+006 1.0934e+006 1.00474e+006 964718 692273 604382 438001 715455 704981 523009 522734 493393 433985 548875 446455 748656 384974 520722 383982 792717 618182 447163 649079 394958 429999 924144 463770 583572 596011 483454 425450 575154 817448 482765 559208 603294 384657 796688
#pred surv len freq
 0.00422028 0.0069629 0.010686 0.0154361 0.0211288 0.0274533 0.0338587 0.0397076 0.0445231 0.0481406 0.0506696 0.0523433 0.0533905 0.0539853 0.0542485 0.0542706 0.0541359 0.0539218 0.0536406 0.0531236 0.051921 0.0493551 0.0448077 0.0381363 0.0299331
 0.00454406 0.00739551 0.0111665 0.0158569 0.0213742 0.0274556 0.033636 0.0393549 0.0441588 0.0478458 0.0504595 0.0521861 0.0532541 0.0538767 0.0542209 0.0543957 0.054457 0.0544118 0.0541879 0.0535597 0.0520848 0.0491637 0.0442959 0.0374386 0.029219
 0.00458252 0.00752965 0.0114929 0.0164893 0.0223896 0.0288254 0.0351869 0.0408048 0.0452256 0.0483669 0.0504436 0.0517714 0.0526167 0.0531582 0.0535122 0.0537573 0.0539344 0.0540242 0.0539025 0.0532842 0.051699 0.0485807 0.0435142 0.0365489 0.028359
 0.0047242 0.00773384 0.0117582 0.016814 0.0227929 0.0293655 0.0359533 0.0418702 0.046574 0.049848 0.0518007 0.0527413 0.0530404 0.0530332 0.052962 0.052957 0.0530434 0.0531497 0.0530879 0.052511 0.0509088 0.0477172 0.042569 0.0355796 0.0274647
 0.00491365 0.00805061 0.0122485 0.0175199 0.0237365 0.0305315 0.0372826 0.0432766 0.0479786 0.0512015 0.0530678 0.053857 0.0538848 0.0534592 0.0528646 0.0523308 0.0519862 0.0518146 0.0516193 0.051004 0.0494051 0.0462341 0.0411365 0.0342595 0.0263365
 0.00508411 0.00833374 0.0126866 0.0181582 0.0246161 0.031676 0.0386808 0.0448712 0.0496697 0.0528662 0.0545892 0.0551442 0.0548722 0.0540871 0.053065 0.0520393 0.051178 0.0505333 0.0499738 0.0491338 0.0474441 0.0442957 0.03932 0.032657 0.0250248
 0.00536072 0.00877673 0.0133411 0.0190623 0.0257952 0.0331333 0.0403864 0.0467567 0.0516343 0.0547912 0.0563528 0.0566343 0.0559954 0.054774 0.0532669 0.051721 0.0503173 0.0491355 0.0480923 0.0468803 0.0449787 0.0418029 0.0369815 0.0306263 0.023403
 0.0055825 0.00915193 0.0139323 0.0199356 0.0270043 0.0346962 0.0422639 0.0488495 0.0538029 0.0568892 0.0582525 0.0582355 0.0572205 0.0555601 0.0535617 0.0514821 0.0495152 0.0477623 0.0461775 0.0445105 0.0423069 0.0390373 0.0343515 0.028335 0.021583
 0.00577449 0.00947036 0.0144245 0.0206526 0.0279949 0.035994 0.043871 0.0507237 0.0558556 0.0589952 0.0602681 0.06002 0.0586543 0.0565541 0.054055 0.0514327 0.0488934 0.0465533 0.044397 0.042227 0.0396604 0.0362377 0.0316469 0.0259565 0.0196872
 0.00605418 0.00991667 0.0150808 0.0215546 0.0291654 0.0374349 0.0455544 0.0525884 0.0578145 0.0609481 0.0621134 0.0616581 0.0599896 0.0574986 0.054534 0.0513888 0.0482869 0.0453637 0.0426331 0.0399471 0.0369938 0.0333895 0.0288713 0.0234992 0.0177208
 0.00632214 0.0103412 0.0156991 0.0223936 0.0302374 0.0387313 0.047039 0.0541968 0.059465 0.0625591 0.0636152 0.0629944 0.061109 0.058345 0.0550425 0.051489 0.0479115 0.0444617 0.0411861 0.03799 0.0346351 0.0308159 0.0263235 0.0212171 0.0158793
 0.00653153 0.0107009 0.0162747 0.0232548 0.0314384 0.0402824 0.0488824 0.0562055 0.0614719 0.0644019 0.0651735 0.0642027 0.0619482 0.058821 0.0551636 0.0512488 0.0472836 0.0434082 0.0396795 0.0360436 0.0323312 0.0283169 0.0238509 0.0189986 0.0140852
 0.00675484 0.0110722 0.0168497 0.0240925 0.032592 0.0417807 0.050709 0.0582837 0.063666 0.0665357 0.067062 0.0656879 0.0629282 0.0592625 0.0550904 0.0507129 0.0463345 0.0420749 0.0379763 0.0339961 0.0300104 0.0258599 0.0214505 0.0168583 0.0123589
 0.00696365 0.0114188 0.0173846 0.0248679 0.0336514 0.0431438 0.052355 0.060145 0.0656358 0.068485 0.0688544 0.0671911 0.0640255 0.0598679 0.0551627 0.0502594 0.045399 0.0407172 0.0362571 0.0319799 0.027784 0.0235515 0.0192268 0.014892 0.0107801
 0.00712538 0.0116919 0.0178147 0.0255043 0.0345374 0.0443011 0.0537676 0.061753 0.067344 0.0701807 0.0704252 0.0685348 0.0650539 0.0605088 0.0553631 0.0499921 0.0446667 0.039553 0.0347191 0.0301481 0.0257622 0.0214715 0.0172416 0.0131504 0.0093894
 0.00725263 0.0119129 0.0181737 0.0260516 0.0353191 0.0453418 0.0550535 0.0632255 0.0689079 0.0717232 0.0718354 0.0697177 0.0659366 0.061041 0.055514 0.0497462 0.0440231 0.0385284 0.0333534 0.0285095 0.0239501 0.0196134 0.0154798 0.0116164 0.00817296
 0.00752607 0.0123392 0.0187819 0.0268577 0.0363258 0.0465367 0.0564042 0.0646743 0.0703729 0.073107 0.0730391 0.0706551 0.0665459 0.0612894 0.0553953 0.0492726 0.0432167 0.0374177 0.0319774 0.0269261 0.0222439 0.0178954 0.0138743 0.0102356 0.00708952
 0.00759647 0.0124602 0.0189756 0.0271482 0.0367329 0.0470679 0.0570488 0.0654049 0.071155 0.0739089 0.0738338 0.0714126 0.0672234 0.0618302 0.0557379 0.0493646 0.0430255 0.0369352 0.0312207 0.0259385 0.0210966 0.0166842 0.0127077 0.00921286 0.00627739
 0.00768521 0.0125898 0.0191443 0.0273474 0.0369527 0.0473051 0.0573107 0.0657064 0.0715097 0.0743206 0.0742931 0.071899 0.0677093 0.0622813 0.0561119 0.0496118 0.0430963 0.0367909 0.0308455 0.0253473 0.0203374 0.0158338 0.0118577 0.0084501 0.00566271
 0.00769556 0.0126028 0.0191567 0.0273527 0.0369425 0.0472717 0.0572514 0.0656291 0.0714371 0.0742898 0.0743469 0.0720714 0.0680108 0.0626918 0.0565836 0.0500792 0.043488 0.0370423 0.0309104 0.0252089 0.0200143 0.0153783 0.0113441 0.00795513 0.00524551
 0.00774463 0.0126697 0.0192334 0.0274237 0.0369885 0.0472761 0.0572063 0.0655372 0.0713111 0.0741508 0.0742234 0.0719971 0.0680188 0.0628045 0.0568019 0.050377 0.0438148 0.037334 0.0311056 0.0252649 0.0199195 0.0151556 0.0110433 0.00763671 0.00496159
 0.0079085 0.0129116 0.0195512 0.0277971 0.0373825 0.0476475 0.0575103 0.0657346 0.0713754 0.0740755 0.0740264 0.0717178 0.067709 0.0625172 0.0565802 0.050244 0.0437675 0.0373437 0.0311264 0.0252493 0.0198354 0.014997 0.0108311 0.00740774 0.00475306
 0.00782499 0.0128166 0.0194817 0.027809 0.0375301 0.0479542 0.057948 0.0662251 0.0718183 0.0743855 0.0741594 0.0716766 0.0675321 0.0622612 0.0563038 0.049996 0.0435781 0.0372197 0.0310516 0.0251932 0.0197662 0.0148957 0.0106983 0.00726035 0.00461412
 0.0077824 0.0127548 0.019405 0.0277322 0.0374818 0.0479776 0.0580927 0.0665292 0.0722829 0.074957 0.0747358 0.07214 0.0677931 0.0622893 0.0561294 0.0496893 0.0432186 0.0368714 0.0307508 0.0249475 0.0195644 0.0147213 0.0105406 0.00711861 0.00449427
 0.00778271 0.0127368 0.0193447 0.0275985 0.037249 0.0476424 0.0576896 0.0661314 0.0719855 0.0748459 0.0748556 0.0724743 0.0682665 0.0627937 0.0565634 0.0499909 0.0433777 0.0369176 0.0307288 0.0248954 0.0195037 0.0146588 0.0104767 0.00705493 0.0044354
 0.00776911 0.012727 0.019351 0.0276354 0.0373235 0.0477431 0.0577816 0.0661674 0.07193 0.0747002 0.0746656 0.0723126 0.0681982 0.0628444 0.0567092 0.0501737 0.0435355 0.0370109 0.0307504 0.0248621 0.0194404 0.0145859 0.0104062 0.00699262 0.00438403
 0.00772071 0.0126435 0.0192179 0.0274401 0.0370628 0.0474313 0.0574543 0.0658728 0.0717102 0.0745743 0.0746268 0.0723428 0.068287 0.0629956 0.0569296 0.0504564 0.0438513 0.0373169 0.0310077 0.0250499 0.0195587 0.0146483 0.0104306 0.0069948 0.00437553
 0.00781104 0.0127695 0.0193684 0.0275901 0.0371785 0.0474799 0.0574143 0.0657411 0.071504 0.0743274 0.07438 0.0721317 0.0681328 0.0629056 0.0569036 0.050491 0.0439386 0.0374406 0.0311434 0.0251721 0.0196498 0.0147033 0.010455 0.00699888 0.00436948
 0.00784431 0.0128287 0.0194654 0.0277355 0.0373743 0.0477113 0.0576446 0.0659178 0.0715766 0.0742682 0.0741967 0.0718643 0.0678373 0.0626344 0.0566919 0.050354 0.0438751 0.0374384 0.0311835 0.0252326 0.0197103 0.0147502 0.0104832 0.00701065 0.00437067
 0.00775985 0.0127075 0.0193137 0.0275708 0.0372228 0.0476008 0.0575973 0.0659431 0.071666 0.0743947 0.0743215 0.0719511 0.0678676 0.0626139 0.0566459 0.0503137 0.0438646 0.0374675 0.0312479 0.0253182 0.0197999 0.0148289 0.0105424 0.00704885 0.00439158
 0.00769146 0.0125969 0.0191493 0.0273454 0.0369388 0.0472763 0.0572696 0.0656641 0.0714874 0.0743493 0.0744099 0.0721419 0.06811 0.0628574 0.0568566 0.0504815 0.0439986 0.037585 0.0313625 0.0254341 0.0199122 0.0149285 0.0106217 0.007105 0.00442668
 0.00775607 0.0126846 0.0192491 0.0274355 0.0369915 0.0472675 0.0571875 0.0655141 0.0712924 0.0741448 0.0742352 0.0720285 0.068071 0.062884 0.0569238 0.0505604 0.044069 0.0376406 0.0314078 0.025477 0.0199568 0.0149736 0.0106627 0.00713753 0.00444909
 0.00785044 0.0128101 0.0193859 0.0275467 0.0370318 0.0471983 0.0569905 0.0651983 0.0708925 0.073714 0.0738354 0.071718 0.0678921 0.0628528 0.0570272 0.0507624 0.0443235 0.0379051 0.0316531 0.0256887 0.0201314 0.0151123 0.010768 0.00721282 0.00449877
 0.0077584 0.0126816 0.01923 0.0273816 0.0368747 0.0470522 0.0568377 0.0650074 0.0706371 0.0733938 0.0734843 0.0713958 0.0676639 0.0627674 0.0571039 0.0509878 0.0446587 0.0382983 0.0320535 0.0260568 0.0204435 0.0153593 0.0109514 0.00734009 0.0045808
 0.00779152 0.0127066 0.0192164 0.0272876 0.0366639 0.0467157 0.0564079 0.0645503 0.070224 0.07307 0.0732575 0.0712487 0.0675799 0.0627473 0.0571644 0.0511467 0.0449182 0.0386388 0.0324378 0.0264417 0.020792 0.0156477 0.0111709 0.0074942 0.00468038
 0.0086312 0.0138973 0.0206839 0.0288492 0.0380744 0.047747 0.0569171 0.0645066 0.0696954 0.0721888 0.0721805 0.0701209 0.0665089 0.0617959 0.0563608 0.0505017 0.0444353 0.0383139 0.0322545 0.0263704 0.0207954 0.0156897 0.0112239 0.00754165 0.00471563
 0.009228 0.0148893 0.0222048 0.0310031 0.0408737 0.051035 0.0603264 0.0675112 0.071767 0.0729853 0.0716586 0.068514 0.0642015 0.0591811 0.0537474 0.0480865 0.0423217 0.0365425 0.0308287 0.0252701 0.0199839 0.0151197 0.0108439 0.00730238 0.00457417
 0.00908557 0.0147563 0.0221894 0.0312746 0.041626 0.0524206 0.0623835 0.070113 0.0746152 0.0756567 0.0737042 0.069586 0.0641604 0.058128 0.0519657 0.0459295 0.0401069 0.0344948 0.029073 0.0238534 0.0189017 0.0143369 0.0103096 0.00695987 0.00436926
 0.00897409 0.0145601 0.0218739 0.030818 0.0410495 0.0518231 0.0619549 0.0700986 0.0752257 0.0769608 0.0755621 0.0716672 0.0660453 0.059448 0.0525187 0.0457231 0.0393186 0.0333821 0.027882 0.0227617 0.0180047 0.013662 0.0098402 0.00665721 0.00418859
 0.00878473 0.0142858 0.0215217 0.0304114 0.0406179 0.0513891 0.0615344 0.0697202 0.0749581 0.0769218 0.0758848 0.0724295 0.0671999 0.0608035 0.0537949 0.0466561 0.0397583 0.0333319 0.0274686 0.0221646 0.0173866 0.0131296 0.00943848 0.00638568 0.00402239
 0.00880639 0.0142948 0.0214884 0.0302971 0.04039 0.0510422 0.0611033 0.0692726 0.0745708 0.0766577 0.075788 0.0725353 0.0675378 0.0613763 0.0545458 0.0474576 0.0404455 0.0337668 0.0275964 0.0220259 0.0170847 0.0127789 0.00912383 0.00614795 0.00386585
 0.00879788 0.0142802 0.0214635 0.0302537 0.0403131 0.0509098 0.0608906 0.0689647 0.0741783 0.0762259 0.0753913 0.0722574 0.0674473 0.0615099 0.0548995 0.047982 0.0410488 0.0343336 0.028023 0.0222572 0.0171294 0.0126942 0.00898248 0.00600811 0.00375805
 0.00872321 0.0141653 0.0213031 0.0300476 0.0400669 0.0506336 0.0605983 0.0686708 0.0738952 0.0759628 0.0751592 0.0720759 0.0673488 0.0615332 0.0550749 0.0483144 0.041507 0.0348518 0.0285175 0.0226535 0.0173869 0.0128158 0.0090043 0.00597718 0.00371279
 0.00872412 0.0141768 0.0213384 0.0301235 0.0401974 0.0508206 0.0608243 0.0688992 0.0740791 0.0760584 0.0751381 0.0719325 0.0671035 0.0612304 0.0547746 0.0480768 0.0413736 0.0348311 0.0285828 0.0227556 0.0174764 0.0128624 0.00900409 0.00594559 0.00367079
 0.00860007 0.0139787 0.0210485 0.0297324 0.0397113 0.0502696 0.0602665 0.0684127 0.07374 0.0759148 0.075193 0.0721473 0.0674164 0.0615809 0.0551216 0.0484056 0.0416895 0.0351453 0.0288975 0.0230572 0.0177403 0.0130667 0.00914003 0.00602079 0.00370312
 0.008773 0.0142081 0.0212981 0.0299364 0.0397923 0.0501683 0.0599672 0.0679518 0.0731942 0.0753778 0.0747503 0.0718563 0.0672957 0.0616118 0.0552614 0.0486065 0.041915 0.0353752 0.0291235 0.0232728 0.0179355 0.0132286 0.00925938 0.00609698 0.00374403
 0.0086284 0.0140537 0.0212105 0.0300245 0.040154 0.0508286 0.0608367 0.0688408 0.0738848 0.0757129 0.0746899 0.0714734 0.0667268 0.0609967 0.0547019 0.0481535 0.0415778 0.0351405 0.0289709 0.0231833 0.0178917 0.013214 0.0092592 0.0061003 0.00374542
 0.00853333 0.0138821 0.0209267 0.0296013 0.039598 0.0502086 0.0602897 0.0685342 0.0739399 0.0761337 0.0753489 0.0721716 0.0672878 0.0613361 0.0548351 0.0481554 0.0415306 0.0351007 0.0289626 0.0232066 0.0179358 0.0132655 0.00930718 0.00613797 0.00377066
 0.00872461 0.0141451 0.0212322 0.0298883 0.0397867 0.0502255 0.0600963 0.0681487 0.0734434 0.0756533 0.0750144 0.0720608 0.0673909 0.061565 0.0550748 0.0483216 0.0415984 0.0350943 0.0289242 0.0231707 0.0179182 0.0132665 0.00931937 0.00615323 0.00378364
 0.00855379 0.013926 0.021008 0.0297281 0.0397567 0.0503492 0.0603278 0.0683826 0.073563 0.0755898 0.074784 0.071756 0.0671334 0.0614463 0.0551184 0.048485 0.0418081 0.0352869 0.0290699 0.0232702 0.0179865 0.0133176 0.00936026 0.0061855 0.00380707
#obs surv len freq
 nan nan nan nan nan nan nan nan nan nan nan nan nan nan nan nan nan nan nan nan nan nan nan nan nan
 0.00448282 0.00734349 0.0111731 0.0159896 0.0216911 0.0279679 0.0342834 0.0400157 0.0446958 0.0481597 0.0505172 0.0520124 0.052904 0.0534157 0.0537295 0.053984 0.0542622 0.0545548 0.0546934 0.0542853 0.0527233 0.0493555 0.0438053 0.0362855 0.0276693
 0.00461877 0.00756469 0.011506 0.0164581 0.0223108 0.0287372 0.0351747 0.040973 0.0456415 0.0490095 0.051196 0.0524653 0.0531021 0.0533573 0.0534355 0.0534908 0.0536128 0.0537915 0.0538551 0.0534087 0.0518471 0.0485225 0.04306 0.0356655 0.0271954
 0.00477827 0.00782803 0.0119097 0.0170384 0.0230959 0.0297352 0.0363614 0.0422866 0.0469907 0.0502894 0.0523045 0.0533151 0.0536288 0.0535242 0.0532364 0.0529482 0.0527716 0.0527106 0.0526005 0.0520505 0.0504605 0.0471882 0.041858 0.0346621 0.0264271
 0.00496948 0.00813988 0.0123812 0.0177071 0.0239916 0.0308695 0.0377156 0.0438057 0.0485881 0.0518594 0.0537368 0.0545056 0.0544875 0.0539822 0.0532519 0.0525106 0.0519022 0.0514602 0.0510453 0.0502879 0.0486061 0.0453693 0.0402008 0.0332693 0.0253568
 0.00518066 0.00848673 0.0129097 0.0184623 0.0250087 0.0321602 0.0392542 0.0455249 0.0503888 0.0536294 0.0553671 0.0558976 0.0555539 0.0546475 0.053455 0.052211 0.0510874 0.0501527 0.0493077 0.0482252 0.0463627 0.0431177 0.0381174 0.0315014 0.0239899
 0.00542239 0.0088795 0.0135007 0.0192957 0.0261185 0.0335574 0.0409133 0.0473782 0.052334 0.0555479 0.0571417 0.0574241 0.0567447 0.0554301 0.0537696 0.0520096 0.0503383 0.0488512 0.0474906 0.045985 0.0438523 0.0405395 0.0356914 0.0294181 0.0223663
 0.00566515 0.00927924 0.0141116 0.020171 0.0272996 0.0350573 0.0426995 0.0493687 0.0544101 0.0575788 0.0590058 0.0590192 0.0579884 0.0562562 0.0541238 0.0518463 0.0496214 0.0475624 0.0456466 0.0436591 0.0411904 0.0377547 0.0330307 0.027106 0.0205483
 0.0058991 0.00966322 0.0146966 0.0210077 0.0284296 0.0364986 0.0444309 0.0513216 0.0564769 0.0596314 0.0609156 0.060672 0.0592913 0.0571386 0.054533 0.0517415 0.0489695 0.0463422 0.0438642 0.0413724 0.0385308 0.0349306 0.0302966 0.0247036 0.0186425
 0.00613421 0.0100493 0.0152849 0.0218485 0.0295628 0.0379385 0.0461509 0.0532491 0.0585033 0.0616332 0.0627731 0.0622801 0.0605624 0.0580029 0.0549371 0.0516447 0.0483411 0.0451628 0.0421376 0.0391475 0.0359265 0.0321433 0.0275757 0.0222936 0.0167168
 0.00637155 0.0104361 0.0158688 0.022675 0.0306666 0.0393306 0.0478045 0.0550942 0.0604358 0.0635339 0.0645273 0.0637883 0.0617452 0.0587991 0.0553004 0.0515393 0.0477388 0.0440449 0.0405056 0.0370439 0.033458 0.0294904 0.0249725 0.0199751 0.0148541
 0.00662231 0.0108476 0.016495 0.0235673 0.0318626 0.0408368 0.0495794 0.0570447 0.0624329 0.0654399 0.0662204 0.0651755 0.0627623 0.0594061 0.0554739 0.051265 0.0470061 0.0428471 0.0388497 0.03497 0.0310625 0.026937 0.0224759 0.017753 0.0130669
 0.00685716 0.0112341 0.0170851 0.0244122 0.0330021 0.0422829 0.051299 0.058953 0.0644045 0.0673324 0.0678997 0.0665329 0.0637229 0.059929 0.0555458 0.0508898 0.0461947 0.0416125 0.0372126 0.0329751 0.0287992 0.0245517 0.0201588 0.0156974 0.0114157
 0.00706853 0.0115812 0.0176141 0.0251683 0.034021 0.0435765 0.0528412 0.0606734 0.0661969 0.0690738 0.069469 0.0678247 0.0646555 0.0604483 0.0556266 0.0505311 0.0454121 0.0404319 0.0356692 0.0311231 0.0267267 0.0223907 0.0180755 0.0138583 0.00994242
 0.0072662 0.0119071 0.0181127 0.0258832 0.0349858 0.0448 0.054293 0.06228 0.0678523 0.070661 0.0708793 0.0689686 0.0654662 0.0608817 0.0556596 0.0501599 0.0446496 0.0393044 0.0342172 0.0294062 0.024833 0.0204415 0.0162161 0.0122299 0.00864537
 0.00746015 0.012223 0.0185893 0.0265566 0.0358823 0.0459248 0.055618 0.0637392 0.0693503 0.0720899 0.0721371 0.0699718 0.0661549 0.0612204 0.055634 0.0497726 0.0439159 0.0382508 0.032883 0.0278493 0.0231363 0.0187149 0.0145858 0.0108143 0.0075256
 0.00753603 0.0123526 0.0187964 0.0268686 0.0363259 0.046519 0.0563656 0.064622 0.0703299 0.0731123 0.0731383 0.0708827 0.0669078 0.0617548 0.0559032 0.0497473 0.0435854 0.0376225 0.0319835 0.0267267 0.0218638 0.0173894 0.0133173 0.00970469 0.00664431
 0.00759569 0.0124418 0.0189171 0.0270198 0.0365077 0.0467372 0.0566341 0.0649601 0.0707547 0.0736296 0.0737361 0.0715286 0.0675518 0.0623358 0.0563571 0.0500162 0.0436249 0.0374087 0.0315171 0.0260362 0.0210065 0.0164474 0.012386 0.00887372 0.0059762
 0.00764044 0.0125073 0.019002 0.0271179 0.0366094 0.0468327 0.0567179 0.0650347 0.0708339 0.0737382 0.0739041 0.0717801 0.0678921 0.0627435 0.0567849 0.0503995 0.0438959 0.0375106 0.0314157 0.0257287 0.020524 0.0158512 0.0117556 0.0082874 0.0054923
 0.00770984 0.0126123 0.0191451 0.0272952 0.0368105 0.0470414 0.0569138 0.0651961 0.0709438 0.0737917 0.0739132 0.0717725 0.0679028 0.0628015 0.0568999 0.050555 0.0440509 0.0376107 0.0314101 0.0255861 0.0202442 0.0154667 0.0113223 0.00786784 0.00513671
 0.00780501 0.0127614 0.0193582 0.0275764 0.0371549 0.0474324 0.0573206 0.0655761 0.0712508 0.0739882 0.0739809 0.0717178 0.067754 0.0626011 0.0566923 0.050373 0.0439052 0.0374871 0.0312768 0.0254091 0.0200038 0.0151678 0.0109933 0.00754905 0.00486461
 0.00781007 0.0127743 0.0193864 0.0276298 0.0372439 0.0475639 0.0574942 0.065782 0.0714706 0.0741978 0.074155 0.0718354 0.0678036 0.0625846 0.0566252 0.0502787 0.0438058 0.0373937 0.0311848 0.0253023 0.0198654 0.0149922 0.0107916 0.00734488 0.00468372
 0.00784623 0.0128233 0.0194426 0.027683 0.037284 0.0475872 0.0575075 0.065801 0.0715126 0.0742729 0.0742607 0.0719561 0.0679169 0.062669 0.0566672 0.0502767 0.0437684 0.0373334 0.0311108 0.0252166 0.019764 0.0148723 0.0106574 0.00720892 0.00456152
 0.00784873 0.0128276 0.0194491 0.0276911 0.0372909 0.0475872 0.0574928 0.065766 0.071459 0.0742135 0.0742166 0.0719483 0.0679562 0.0627503 0.0567718 0.050381 0.0438533 0.0373888 0.0311352 0.025212 0.0197335 0.0148192 0.0105876 0.00713182 0.00448822
 0.00787831 0.0128667 0.0194915 0.0277258 0.0373057 0.0475736 0.0574502 0.0657008 0.0713814 0.0741333 0.0741427 0.0718902 0.0679241 0.0627532 0.0568126 0.0504527 0.0439406 0.0374738 0.0312027 0.0252536 0.019747 0.0148074 0.0105567 0.0070903 0.00444519
 0.00790185 0.0129054 0.0195496 0.0278061 0.0374062 0.0476852 0.0575553 0.0657772 0.0714097 0.0741055 0.0740651 0.0717806 0.0678051 0.0626453 0.0567307 0.0504044 0.0439247 0.0374818 0.0312219 0.025271 0.0197535 0.0147995 0.0105361 0.00706227 0.00441587
 0.00789831 0.012899 0.0195393 0.027791 0.037387 0.0476649 0.0575391 0.0657702 0.0714135 0.0741159 0.0740734 0.0717782 0.0677888 0.0626197 0.0567056 0.0503905 0.0439292 0.0375054 0.0312588 0.0253117 0.0197884 0.0148221 0.0105446 0.00705922 0.0044062
 0.00791024 0.0129119 0.0195468 0.0277835 0.0373547 0.0476022 0.0574488 0.0656641 0.0713095 0.0740317 0.0740214 0.0717616 0.0678025 0.0626535 0.0567499 0.0504398 0.0439822 0.0375629 0.0313201 0.025373 0.0198438 0.0148658 0.0105739 0.00707472 0.0044114
 0.00788105 0.0128683 0.0194879 0.0277102 0.0372686 0.0475037 0.0573375 0.0655406 0.0711786 0.0739053 0.0739167 0.071697 0.0677904 0.0626959 0.0568383 0.0505588 0.044116 0.0376986 0.0314491 0.0254897 0.0199437 0.0149456 0.0106322 0.00711285 0.00443322
 0.00787046 0.0128455 0.0194436 0.0276337 0.0371509 0.047344 0.0571461 0.0653382 0.0709895 0.0737496 0.0738065 0.0716369 0.0677818 0.0627386 0.0569296 0.0506914 0.0442774 0.0378731 0.0316217 0.0256481 0.0200796 0.0150547 0.0107133 0.00716822 0.00446743
 0.00787276 0.0128467 0.0194404 0.0276202 0.0371195 0.047286 0.0570542 0.0652099 0.0708304 0.0735748 0.0736378 0.0714977 0.0676899 0.0627033 0.0569514 0.0507645 0.0443914 0.0380146 0.0317755 0.0257995 0.0202161 0.0151681 0.0108 0.00722901 0.00450623
 0.00784095 0.0127985 0.0193745 0.0275375 0.0370225 0.0471779 0.0569382 0.065089 0.0707077 0.0734542 0.0735253 0.0714023 0.0676234 0.0626774 0.056974 0.050837 0.0445081 0.0381642 0.0319429 0.0259687 0.0203727 0.0153012 0.010904 0.00730335 0.00455466
 0.00778892 0.0127117 0.0192405 0.027345 0.0367659 0.0468635 0.0565881 0.0647398 0.0704012 0.0732252 0.0733929 0.071368 0.0676767 0.0628027 0.0571562 0.0510628 0.0447653 0.0384396 0.0322215 0.0262345 0.0206108 0.0155003 0.0110584 0.0074137 0.00462689
 0.00776763 0.0126724 0.0191724 0.027235 0.0366011 0.0466359 0.0563003 0.0644079 0.0700546 0.0729017 0.0731313 0.0711996 0.0676181 0.0628535 0.0573017 0.0512807 0.0450315 0.0387317 0.0325196 0.0265206 0.020869 0.0157182 0.0112293 0.0075373 0.00470873
 0.00774241 0.0126305 0.0191074 0.0271399 0.036469 0.0464615 0.0560823 0.0641511 0.0697712 0.0726115 0.0728607 0.0709785 0.0674749 0.0628082 0.0573613 0.0514371 0.0452645 0.0390146 0.0328244 0.0268216 0.021145 0.0159537 0.0114157 0.00767331 0.00479962
 0.00932557 0.0148474 0.0217849 0.0298962 0.0388251 0.0480177 0.0566581 0.063811 0.0687434 0.0711697 0.0712384 0.0693398 0.0659232 0.0614071 0.0561487 0.0504319 0.0444686 0.0384148 0.0323959 0.0265332 0.0209642 0.0158499 0.0113626 0.00765033 0.00479224
 0.00930376 0.015106 0.0226925 0.0319104 0.0422938 0.0529102 0.0623941 0.0693551 0.0729722 0.0733138 0.071135 0.0673758 0.0627654 0.0577167 0.0524188 0.0469601 0.0414031 0.0358118 0.0302607 0.024842 0.0196752 0.0149103 0.0107122 0.00722654 0.00453457
 0.00897385 0.0145866 0.0219639 0.0310225 0.0414192 0.0523802 0.0626595 0.0708242 0.0757655 0.0770814 0.0750997 0.0706269 0.0646373 0.0580195 0.0514089 0.0451287 0.0392458 0.0336937 0.0283906 0.0233069 0.0184866 0.0140388 0.0101088 0.00683417 0.00429679
 0.00879562 0.0142868 0.0214948 0.0303371 0.0404893 0.0512298 0.0614066 0.0697084 0.0751279 0.0772698 0.0763134 0.0727713 0.0672909 0.0605705 0.053302 0.0460764 0.0392856 0.0330904 0.0274741 0.0223479 0.0176485 0.0133878 0.0096474 0.00653278 0.00411499
 0.00871384 0.0141501 0.0212812 0.0300212 0.0400445 0.0506351 0.060658 0.0688363 0.0742167 0.0764718 0.0758383 0.0728332 0.0680141 0.0618969 0.0549687 0.0477003 0.0405198 0.0337572 0.0276006 0.0221017 0.0172327 0.0129618 0.00929857 0.00628662 0.00396065
 0.00868653 0.0141017 0.0212006 0.0298944 0.0398562 0.0503713 0.0603096 0.0684015 0.0737049 0.075911 0.0752874 0.0723903 0.0678074 0.0620444 0.0555162 0.0485723 0.0415262 0.034665 0.0282323 0.0223988 0.0172516 0.012818 0.00910378 0.0061128 0.00383614
 0.00868746 0.0141018 0.0211977 0.0298844 0.0398326 0.0503247 0.0602278 0.0682713 0.0735143 0.0756542 0.0749703 0.0720386 0.0674726 0.0618026 0.05545 0.0487362 0.0419101 0.0351829 0.0287523 0.0228006 0.0174758 0.0128774 0.00905686 0.00602486 0.0037525
 0.00869314 0.01411 0.021208 0.0298955 0.0398422 0.0503295 0.0602232 0.0682507 0.0734694 0.0755752 0.0748489 0.0718716 0.0672687 0.0615878 0.0552686 0.0486413 0.0419424 0.0353476 0.0290087 0.0230763 0.0177 0.0130112 0.00910242 0.0060119 0.00371578
 0.00866693 0.0140727 0.0211619 0.0298458 0.0397959 0.0502923 0.0601977 0.068236 0.0734612 0.0755672 0.0748332 0.0718403 0.0672154 0.0615123 0.0551811 0.0485645 0.0419066 0.0353775 0.0291089 0.023225 0.0178576 0.0131393 0.00918113 0.00604344 0.00371642
 0.00866176 0.0140615 0.0211399 0.0298081 0.039739 0.0502182 0.0601149 0.0681584 0.0734029 0.0755368 0.0748301 0.0718555 0.0672358 0.0615257 0.055181 0.0485533 0.041896 0.0353844 0.0291471 0.0232964 0.0179494 0.0132303 0.00925228 0.00608664 0.00373494
 0.00863551 0.0140229 0.0210893 0.0297477 0.0396723 0.0501474 0.0600412 0.068083 0.0733296 0.0754732 0.0747862 0.0718396 0.0672501 0.0615646 0.0552337 0.0486089 0.0419484 0.0354349 0.0292014 0.0233597 0.0180209 0.0133023 0.0093144 0.00613156 0.00376146
 0.00862495 0.0140035 0.0210564 0.0296964 0.0395992 0.050054 0.059935 0.0679764 0.073236 0.0754024 0.0747428 0.0718239 0.0672605 0.0615989 0.0552881 0.0486772 0.0420235 0.0355105 0.0292748 0.0234304 0.0180889 0.0133655 0.00936867 0.00617303 0.00378893
 0.00862194 0.0139991 0.0210503 0.0296881 0.0395874 0.0500359 0.0599067 0.0679345 0.0731803 0.0753372 0.0746766 0.0717667 0.0672206 0.0615808 0.0552922 0.0487011 0.0420626 0.0355596 0.0293287 0.0234854 0.018142 0.0134142 0.00941047 0.0062058 0.00381182
 0.00862839 0.0140066 0.0210562 0.0296884 0.0395777 0.0500138 0.0598728 0.0678921 0.0731335 0.0752894 0.0746301 0.0717236 0.0671842 0.0615554 0.0552819 0.0487081 0.0420862 0.0355966 0.0293745 0.0235349 0.0181908 0.0134588 0.00944832 0.00623529 0.00383267
 0.00863281 0.0140172 0.0210782 0.0297276 0.0396383 0.0500942 0.0599637 0.0679779 0.0731969 0.0753179 0.0746195 0.071678 0.067113 0.0614702 0.0551942 0.0486278 0.0420207 0.0355499 0.0293469 0.0235239 0.0181923 0.0134679 0.00946073 0.0062476 0.00384278
#pred catch len freq
 0.00310183 0.00506222 0.00768892 0.0110423 0.0151697 0.0200523 0.0255457 0.0313777 0.0372071 0.0426948 0.0475522 0.0515763 0.0546753 0.05687 0.0582663 0.0590216 0.0593198 0.0593368 0.05916 0.0586546 0.057356 0.0545336 0.0495136 0.0421431 0.0330785
 0.00334773 0.0053937 0.00806362 0.0113838 0.0153953 0.0201131 0.0254528 0.0311944 0.0370095 0.0425285 0.0474158 0.0514406 0.0545233 0.0567282 0.0582062 0.0591285 0.0596432 0.0598471 0.0597337 0.0591057 0.0575069 0.0542936 0.0489223 0.0413503 0.0322724
 0.00340606 0.00553351 0.00835122 0.011893 0.0161702 0.0211213 0.0265609 0.0321973 0.0377109 0.0428256 0.0473317 0.0510872 0.0540304 0.0561946 0.0576962 0.0586933 0.05933 0.0596782 0.0596742 0.0590529 0.0573243 0.0538782 0.0482635 0.0405395 0.0314558
 0.00355428 0.00575283 0.0086471 0.0122721 0.0166578 0.021775 0.0274598 0.0333948 0.039169 0.0443773 0.0487141 0.0520414 0.054409 0.0560079 0.0570783 0.0578264 0.0583779 0.058751 0.0588151 0.0582392 0.05649 0.0529598 0.0472501 0.0394935 0.0304864
 0.00372832 0.00603673 0.00907457 0.0128713 0.0174428 0.0227372 0.0285673 0.0346056 0.040451 0.045712 0.0500684 0.0533242 0.0554571 0.056631 0.057142 0.0573152 0.057396 0.0574655 0.0573838 0.0567644 0.0550132 0.0514936 0.0458203 0.0381616 0.0293367
 0.00391637 0.0063401 0.00952827 0.0135101 0.0182989 0.023833 0.0299028 0.0361448 0.0421176 0.0474002 0.0516659 0.0547322 0.0565927 0.0574116 0.0574751 0.0571156 0.0566273 0.0561719 0.0556844 0.0548128 0.052956 0.0494532 0.0439023 0.0364642 0.0279426
 0.00417344 0.00674655 0.0101198 0.0143156 0.01934 0.0251211 0.0314323 0.0378842 0.0440039 0.0493393 0.0535383 0.056407 0.0579452 0.0583387 0.057899 0.0569793 0.0558944 0.0548416 0.0538125 0.0525211 0.0504191 0.0468706 0.0414688 0.0343439 0.0262442
 0.00439229 0.00710668 0.0106704 0.0151069 0.020415 0.026503 0.033109 0.0398014 0.0460705 0.0514417 0.0555548 0.058217 0.0594346 0.0594044 0.0584534 0.056954 0.0552433 0.0535487 0.0519077 0.0500987 0.0476469 0.043976 0.0387015 0.0319245 0.0243176
 0.00460381 0.00744809 0.0111816 0.0158287 0.0213879 0.0277616 0.0346701 0.0416488 0.0481435 0.0536332 0.0577224 0.0602045 0.0610967 0.0606229 0.0591411 0.0570477 0.0546982 0.0523415 0.0500524 0.0476706 0.0448015 0.0409464 0.0357633 0.0293341 0.0222494
 0.00484144 0.00782427 0.0117303 0.0165784 0.0223621 0.0289766 0.0361297 0.0433365 0.050017 0.0556219 0.059728 0.0621054 0.0627582 0.0619133 0.059946 0.0572794 0.0542962 0.0512738 0.0483242 0.0453448 0.042021 0.0379383 0.0328088 0.0267054 0.020139
 0.00511431 0.00825105 0.0123419 0.0173945 0.0233909 0.0302142 0.0375566 0.0449148 0.051692 0.0573285 0.0613969 0.0636642 0.0641294 0.0630113 0.0606786 0.0575531 0.0540267 0.0503986 0.0468205 0.0432514 0.0394599 0.03512 0.0300042 0.0241852 0.0181011
 0.00536662 0.0086652 0.0129723 0.0182931 0.0245963 0.0317338 0.0393493 0.0468864 0.0537108 0.0592542 0.0631088 0.065077 0.0651943 0.0637051 0.0609861 0.0574508 0.0534754 0.049351 0.0452437 0.0411605 0.0369483 0.0323716 0.02727 0.0217235 0.0161058
 0.00561833 0.00907203 0.0135819 0.0191531 0.0257503 0.0332121 0.0411523 0.0489658 0.0559591 0.0615102 0.0651815 0.0667846 0.0664032 0.0643527 0.0610752 0.0570213 0.0525704 0.0479961 0.0434517 0.0389592 0.0344182 0.0296687 0.0246137 0.0193456 0.0141827
 0.00584933 0.00944528 0.0141405 0.0199384 0.0267983 0.0345452 0.0427675 0.0508253 0.0579865 0.0635933 0.0671793 0.0685396 0.0677617 0.0651916 0.0613252 0.0566739 0.0516648 0.0465946 0.041621 0.0367719 0.0319735 0.0271131 0.0221381 0.0171483 0.0124137
 0.00605178 0.00977396 0.0146351 0.0206381 0.0277365 0.0357416 0.0442162 0.052486 0.0597848 0.0654283 0.068935 0.0700955 0.0690028 0.0660174 0.0616591 0.0564726 0.050924 0.045348 0.039934 0.034736 0.0297083 0.0247704 0.0198943 0.0151749 0.0108352
 0.00623821 0.0100787 0.0150977 0.0212977 0.028627 0.0368811 0.0455945 0.0540564 0.0614654 0.0671129 0.0705081 0.0714473 0.0700407 0.0666719 0.0618838 0.0562418 0.0502319 0.0442115 0.0383982 0.0328796 0.0276461 0.0226498 0.0178798 0.0134186 0.00944128
 0.00644398 0.0103992 0.0155552 0.0219081 0.0294021 0.0378304 0.0467212 0.055347 0.0628778 0.0685712 0.071908 0.0726732 0.0709872 0.0672618 0.0620742 0.0560192 0.0496037 0.0432009 0.0370461 0.0312523 0.0258426 0.0208003 0.01613 0.0119009 0.00824325
 0.00650486 0.0105027 0.0157197 0.0221539 0.0297485 0.0382909 0.0472991 0.0560354 0.0636632 0.0694357 0.0728258 0.0736018 0.0718621 0.0680005 0.062591 0.0562432 0.0494906 0.0427375 0.0362508 0.0301752 0.0245669 0.0194383 0.0148088 0.0107372 0.0073164
 0.00654414 0.0105583 0.0157893 0.0222334 0.0298376 0.0383994 0.0474503 0.0562607 0.0639909 0.0698783 0.0733746 0.074229 0.0725259 0.0686483 0.0631604 0.0566651 0.0496987 0.0426819 0.0359105 0.0295671 0.0237475 0.0184982 0.0138565 0.0098756 0.00661833
 0.00653725 0.0105456 0.0157671 0.0221967 0.0297806 0.0383183 0.0473468 0.0561481 0.063898 0.0698483 0.0734551 0.0744555 0.0729067 0.069157 0.0637396 0.0572375 0.0501806 0.0429972 0.036005 0.0294209 0.0233825 0.0179757 0.0132635 0.00930222 0.00613409
 0.00657586 0.0105978 0.015826 0.0222489 0.0298097 0.0383097 0.0472929 0.0560505 0.0637677 0.0697058 0.0733304 0.0743861 0.0729305 0.0693002 0.0640037 0.0575924 0.0505677 0.0433422 0.0362363 0.0294889 0.0232737 0.0177168 0.0129129 0.00893063 0.00580257
 0.00670957 0.0107942 0.016082 0.0225466 0.0301191 0.038595 0.0475189 0.0561876 0.0637969 0.0696238 0.073153 0.0741469 0.072675 0.069077 0.0638535 0.0575367 0.0506005 0.043429 0.0363236 0.0295218 0.0232153 0.0175616 0.0126865 0.0086778 0.00556829
 0.00669531 0.0107978 0.0161353 0.022692 0.0303937 0.0390078 0.0480343 0.0567275 0.0642643 0.0699357 0.0732653 0.0740615 0.0724316 0.0687374 0.0634854 0.057199 0.0503317 0.0432399 0.0361974 0.0294237 0.0231085 0.0174233 0.0125168 0.00849547 0.00539937
 0.00663525 0.0107103 0.016025 0.0225763 0.0303058 0.038997 0.048157 0.0570273 0.0647453 0.070543 0.0738902 0.0745769 0.0727386 0.0687989 0.0633301 0.0568996 0.0499725 0.04289 0.0358956 0.0291777 0.0229052 0.0172441 0.01235 0.00834161 0.00526671
 0.00664454 0.0107096 0.0159954 0.0224921 0.030144 0.0387518 0.0478531 0.0567234 0.0645228 0.0704806 0.0740337 0.0749149 0.0732002 0.0692767 0.063721 0.0571417 0.0500597 0.042859 0.0357992 0.0290597 0.0227896 0.0171373 0.0122513 0.00825093 0.00518762
 0.00660436 0.010657 0.0159384 0.0224421 0.0301086 0.0387245 0.0478105 0.056635 0.064371 0.0702811 0.0738394 0.074798 0.0732183 0.0694432 0.0639963 0.0574518 0.0503292 0.0430411 0.0358855 0.0290705 0.0227545 0.0170814 0.0121898 0.00819217 0.00513639
 0.00656809 0.0105945 0.0158389 0.0222964 0.0299144 0.0384925 0.0475663 0.0564118 0.0641956 0.0701624 0.07377 0.0747687 0.0732336 0.0695226 0.0641587 0.0576944 0.0506206 0.043332 0.0361303 0.0292444 0.0228571 0.0171275 0.0121992 0.00818181 0.00511836
 0.00663191 0.0106818 0.0159392 0.0223883 0.0299694 0.0384835 0.0474763 0.0562408 0.0639632 0.0699038 0.0735261 0.0745733 0.0731055 0.0694664 0.064172 0.0577732 0.050756 0.0435051 0.0363128 0.0294068 0.0229788 0.0172033 0.0122358 0.00819203 0.00511468
 0.00665261 0.0107196 0.0160028 0.0224854 0.0301011 0.0386376 0.0476239 0.0563408 0.0639762 0.0698092 0.0733331 0.0743186 0.0728396 0.0692366 0.06401 0.0576912 0.0507502 0.0435609 0.0364082 0.0295166 0.0230802 0.017281 0.012285 0.00821665 0.00512283
 0.00658231 0.0106193 0.0158782 0.0223523 0.0299827 0.0385588 0.0476037 0.0563859 0.0640756 0.0699338 0.073443 0.0743784 0.0728335 0.0691751 0.0639239 0.057617 0.0507153 0.0435761 0.036468 0.0296042 0.0231752 0.0173657 0.012349 0.00825782 0.00514509
 0.00653799 0.0105471 0.01577 0.0222026 0.0297925 0.03834 0.0473823 0.0561987 0.0639602 0.0699147 0.0735203 0.0745265 0.0730106 0.0693393 0.0640489 0.0576993 0.0507701 0.0436253 0.0365281 0.0296798 0.0232595 0.017447 0.0124168 0.00830674 0.0051757
 0.00654162 0.0105441 0.0157491 0.0221477 0.0296864 0.0381717 0.0471539 0.0559294 0.0636847 0.0696766 0.0733615 0.0744747 0.0730695 0.0694872 0.0642468 0.0579064 0.050958 0.0437836 0.0366607 0.0297953 0.0233633 0.0175386 0.0124924 0.00836337 0.0052135
 0.00657232 0.0105762 0.015764 0.0221163 0.0295757 0.0379559 0.0468257 0.0555061 0.0632069 0.0692021 0.0729547 0.0741946 0.0729561 0.0695513 0.0644671 0.0582362 0.0513404 0.0441674 0.0370109 0.0300949 0.0236086 0.0177317 0.0126378 0.00846627 0.00528088
 0.00648155 0.0104472 0.0156029 0.021937 0.029391 0.0377667 0.0466154 0.0552475 0.0628806 0.0688144 0.0725457 0.0738289 0.0727033 0.0694635 0.0645647 0.058504 0.0517343 0.0446279 0.0374793 0.0305254 0.0239736 0.0180207 0.0128523 0.00861521 0.0053769
 0.00650207 0.0104587 0.0155812 0.0218494 0.0292092 0.0374834 0.0462545 0.0548575 0.0625127 0.0684996 0.0722877 0.0736182 0.0725377 0.0693608 0.064556 0.0586162 0.0519727 0.0449703 0.037882 0.0309378 0.0243515 0.0183358 0.0130933 0.00878487 0.00548676
