SBPRF35
7.05593
Curr Bio
490756
B35
475820
F35
0.224051
FOFL
0.224051
OFL
85614
Bzero
2.01598e+006
#pred survey bio
 4.01596e+006 3.35213e+006 3.14753e+006 2.96869e+006 2.79042e+006 2.51644e+006 2.2197e+006 1.95071e+006 1.76501e+006 1.62557e+006 1.51229e+006 1.37434e+006 1.21165e+006 990180 847312 757045 706144 676725 674911 651284 619533 556934 533046 518352 506564 514127 541740 561625 578947 568083 564066 561607 565972 598836 624256 632309 588163 569783 553023 545909 516136 523317 559185 626694 661240 638209 562773 517801 499589 497459 1.15815e+007 1.03393e+007 1.04489e+007 1.10718e+007 1.19472e+007 1.28503e+007 1.36547e+007 1.43118e+007 1.48197e+007 1.51982e+007 1.54738e+007 1.56716e+007 1.58124e+007 1.59124e+007 1.59835e+007 1.60342e+007 1.60706e+007 1.60968e+007 1.61159e+007 1.61298e+007 1.61401e+007 1.61477e+007 1.61533e+007 1.61576e+007 1.61608e+007 1.61631e+007 1.61649e+007 1.61663e+007 1.61673e+007 1.61681e+007 1.61687e+007 1.61692e+007 1.61695e+007 1.61698e+007 1.617e+007 1.61701e+007 1.61703e+007 1.61703e+007 1.61704e+007 1.61705e+007 1.61705e+007 1.61705e+007 1.61706e+007 1.61706e+007 1.61706e+007 1.61706e+007 1.61706e+007 1.61706e+007 1.61706e+007 1.61706e+007 1.61706e+007 1.61706e+007 1.61706e+007 1.61706e+007 1.61706e+007 1.61706e+007 1.61706e+007 1.61706e+007 1.61706e+007 1.61706e+007 1.61706e+007 1.61706e+007 1.61706e+007 1.61706e+007 1.61706e+007 1.61706e+007 1.61706e+007 1.61706e+007 1.61706e+007 1.61706e+007 1.61706e+007 1.61706e+007 1.61706e+007 1.61706e+007 1.61706e+007 1.61706e+007 1.61706e+007 1.61706e+007 1.61706e+007 1.61706e+007 1.61706e+007 1.61706e+007 1.61706e+007 1.61706e+007 1.61706e+007 1.61706e+007 1.61706e+007 1.61706e+007 1.61706e+007 1.61706e+007 1.61706e+007 1.61706e+007 1.61706e+007 1.61706e+007 1.61706e+007 1.61706e+007 1.61706e+007 1.61706e+007 1.61706e+007 1.61706e+007 0 0 0 0 0 0 0 0 0 0 0 0 0 0 0 0 0 0 0 0 0 0 0 0 0
#obs survey bio
 4.61323e+006 2.86118e+006 3.68299e+006 2.38422e+006 2.80839e+006 2.66095e+006 2.39502e+006 1.62008e+006 1.95016e+006 1.55047e+006 1.51617e+006 1.38205e+006 1.4283e+006 771340 795530 628587 817302 636541 597423 799098 728562 396074 381900 525586 389686 532254 646986 542398 562494 542913 606849 639060 519182 724796 705417 726925 407381 735667 532014 643370 490234 568102 395315 682650 760825 635846 612506 581441 610395 530358
#pred catch bio
 112662 94971.9 169607 191897 276884 276145 299417 314583 305575 312496 310348 269933 253591 261333 237234 216151 187329 154444 157098 135213 131674 128162 118765 121922 116364 111196 113443 94249.3 99174.9 95666.4 102966 96792.1 98601.3 100562 98712 90451.5 96199.3 85050.7 84273.8 86644.2 81513.8 86784.5 87839.5 94704.6 87692.4 97707.1 93413.1 89321 97479.1 90406.4 85614 83185.1 82382.6 86087.9 92530.4 99335.8 105325 110095 113656 116196 117948 119126 119903 120408 120732 120938 121069 121150 121201 121233 121253 121265 121273 121277 121280 121282 121283 121284 121284 121284 121284 121284 121285 121285 121285 121285 121285 121285 121285 121285 121285 121285 121285 121285 121285 121285 121285 121285 121285 121285 121285 121285 121285 121285 121285 121285 121285 121285 121285 121285 121285 121285 121285 121285 121285 121285 121285 121285 121285 121285 121285 121285 121285 121285 121285 121285 121285 121285 121285 121285 121285 121285 121285 121285 121285 121285 121285 121285 121285 121285 121285 121285 121285 121285 121285 121285 121285 121285 121285 121285 0 0 0 0 0 0 0 0 0 0 0 0 0 0 0 0 0 0 0 0 0 0 0 0 0
#obs catch bio
 0 94507.5 170234 191544 277645 275755 299204 315291 305472 313920 311324 269638 251942 262419 237532 218495 187589 154334 157382 134982 131107 128744 118578 121930 116458 111656 113833 93962.9 99063.8 95540.7 103151 96549.2 98965.6 100634 98862.8 90108 96504 84921.4 84307.3 86558.5 81449.8 86886.6 88189.8 94790 87421.8 97657 93437.4 89232.8 97818.5 90347
#pred cpue bio
 3.9692e+006 3.31309e+006 3.10978e+006 2.93115e+006 2.75332e+006 2.48063e+006 2.18572e+006 1.91822e+006 1.73272e+006 1.59304e+006 1.47916e+006 1.34143e+006 1.18028e+006 962469 821165 731687 681028 651744 649591 626343 595719 535348 512019 497839 486346 493384 519971 539262 556333 546014 542237 539878 544205 575935 600804 608821 565318 545329 528332 521572 493313 500218 534452 599192 632593 611008 538735 495494 477992 475771 1.10803e+007 9.89741e+006 9.86939e+006 1.03805e+007 1.12294e+007 1.21282e+007 1.29321e+007 1.35891e+007 1.4097e+007 1.44755e+007 1.47511e+007 1.49489e+007 1.50897e+007 1.51897e+007 1.52608e+007 1.53115e+007 1.53479e+007 1.53741e+007 1.53932e+007 1.54071e+007 1.54174e+007 1.5425e+007 1.54306e+007 1.54349e+007 1.5438e+007 1.54404e+007 1.54422e+007 1.54436e+007 1.54446e+007 1.54454e+007 1.5446e+007 1.54465e+007 1.54468e+007 1.54471e+007 1.54473e+007 1.54474e+007 1.54475e+007 1.54476e+007 1.54477e+007 1.54478e+007 1.54478e+007 1.54478e+007 1.54478e+007 1.54479e+007 1.54479e+007 1.54479e+007 1.54479e+007 1.54479e+007 1.54479e+007 1.54479e+007 1.54479e+007 1.54479e+007 1.54479e+007 1.54479e+007 1.54479e+007 1.54479e+007 1.54479e+007 1.54479e+007 1.54479e+007 1.54479e+007 1.54479e+007 1.54479e+007 1.54479e+007 1.54479e+007 1.54479e+007 1.54479e+007 1.54479e+007 1.54479e+007 1.54479e+007 1.54479e+007 1.54479e+007 1.54479e+007 1.54479e+007 1.54479e+007 1.54479e+007 1.54479e+007 1.54479e+007 1.54479e+007 1.54479e+007 1.54479e+007 1.54479e+007 1.54479e+007 1.54479e+007 1.54479e+007 1.54479e+007 1.54479e+007 1.54479e+007 1.54479e+007 1.54479e+007 1.54479e+007 1.54479e+007 1.54479e+007 1.54479e+007 1.54479e+007 1.54479e+007 1.54479e+007 1.54479e+007 1.54479e+007 1.54479e+007 1.54479e+007 0 0 0 0 0 0 0 0 0 0 0 0 0 0 0 0 0 0 0 0 0 0 0 0 0
#obs cpue bio
 2.32884e+006 3.08738e+006 2.84824e+006 3.74156e+006 2.72802e+006 2.61133e+006 2.10357e+006 1.82166e+006 1.75233e+006 1.18412e+006 1.62637e+006 1.54039e+006 1.48287e+006 787142 920014 528223 813522 673095 730676 550716 663520 471908 911251 487263 582873 357314 480032 681611 612635 538270 458837 588917 378736 580052 484981 756124 584181 506192 485893 543897 468082 430362 507672 764753 636420 646561 448369 450538 326843 499716
#pred surv len freq
 0.00427471 0.00704682 0.0108033 0.0155864 0.0213061 0.0276455 0.0340477 0.0398717 0.0446419 0.0482016 0.0506711 0.0522934 0.0533023 0.0538718 0.0541197 0.0541332 0.0539947 0.0537813 0.0535067 0.053003 0.0518208 0.0492804 0.0447595 0.0381114 0.029925
 0.0045252 0.00738076 0.011173 0.0159087 0.0214934 0.0276503 0.0338913 0.0396342 0.0444162 0.0480424 0.0505748 0.0522191 0.0532175 0.0537878 0.0540964 0.0542487 0.0542971 0.0542462 0.0540236 0.0534043 0.0519463 0.0490492 0.0442094 0.0373799 0.0291839
 0.00460577 0.007556 0.0115125 0.0164884 0.0223579 0.028765 0.0351171 0.0407568 0.0452284 0.0484317 0.0505576 0.0519048 0.0527363 0.0532406 0.0535484 0.0537504 0.0538943 0.0539624 0.0538303 0.0532118 0.0516351 0.0485319 0.0434835 0.0365353 0.0283578
 0.00472119 0.00774279 0.0117956 0.0169 0.0229408 0.0295698 0.0361839 0.0420809 0.0467242 0.0499234 0.0518182 0.0527336 0.0530334 0.0530318 0.0529527 0.0529206 0.0529675 0.0530339 0.0529413 0.0523481 0.0507452 0.0475671 0.042443 0.0354832 0.0273979
 0.00483719 0.00793679 0.0120975 0.0173407 0.023547 0.030356 0.037147 0.0432017 0.047972 0.0512537 0.0531569 0.0539612 0.053993 0.0535717 0.0529848 0.0524552 0.0521032 0.0519104 0.0516863 0.0510436 0.0494256 0.0462459 0.0411475 0.034273 0.0263521
 0.00502999 0.00825663 0.0125906 0.0180538 0.0245172 0.0315953 0.038627 0.0448495 0.049684 0.0529196 0.0546808 0.0552657 0.0550073 0.0542171 0.0531761 0.0521256 0.0512384 0.0505675 0.0499803 0.0491129 0.047401 0.0442403 0.0392639 0.0326094 0.02499
 0.00522511 0.00857626 0.0130767 0.0187485 0.0254564 0.0327976 0.0400807 0.0465049 0.0514561 0.0547012 0.0563586 0.0567342 0.0561776 0.0550168 0.0535428 0.0520027 0.0505836 0.0493738 0.0482971 0.0470508 0.0451169 0.0419123 0.0370666 0.0306913 0.0234513
 0.00544833 0.00894785 0.0136519 0.0195834 0.0265966 0.0342589 0.0418321 0.0484634 0.0535019 0.0567024 0.0581932 0.0583 0.0573927 0.0558169 0.0538767 0.051828 0.0498666 0.0480981 0.0464833 0.0447786 0.0425347 0.0392254 0.0345018 0.0284503 0.0216669
 0.0056856 0.00934251 0.0142627 0.0204716 0.0278143 0.0358303 0.0437332 0.0506132 0.0557711 0.0589376 0.0602424 0.0600325 0.0587095 0.0566514 0.0541882 0.0515916 0.0490646 0.0467224 0.0445505 0.0423548 0.0397575 0.0363047 0.0316887 0.02598 0.0196992
 0.0059084 0.00970771 0.0148186 0.0212668 0.0288906 0.0372107 0.0454071 0.052528 0.0578357 0.0610344 0.0622422 0.0618069 0.0601418 0.0576457 0.0546748 0.0515253 0.0484201 0.0454917 0.0427504 0.0400466 0.03707 0.0334408 0.0289004 0.0235118 0.0177235
 0.00613603 0.0100846 0.0153983 0.0221032 0.0300265 0.0386608 0.0471415 0.0544681 0.0598684 0.0630361 0.0640987 0.0634211 0.0614316 0.0585401 0.0551122 0.0514548 0.0478041 0.0443107 0.0410131 0.0378079 0.0344511 0.0306365 0.026157 0.0210728 0.0157647
 0.00642584 0.0105463 0.016076 0.0230325 0.03123 0.0401392 0.0488628 0.0563614 0.0618295 0.0649441 0.0658353 0.0648857 0.0625484 0.0592573 0.0553947 0.0512752 0.0471375 0.043138 0.0393352 0.0356673 0.0319542 0.0279624 0.0235367 0.0187383 0.0138859
 0.00659273 0.01083 0.0165253 0.0236994 0.0321567 0.0413401 0.0503078 0.0579749 0.0635071 0.0665783 0.0673341 0.0661767 0.0635739 0.0599683 0.0557486 0.0512356 0.0466739 0.0422279 0.0379732 0.0338838 0.0298365 0.0256643 0.0212622 0.0166962 0.0122326
 0.00675869 0.0111098 0.0169654 0.0243499 0.0330624 0.0425236 0.0517523 0.0596149 0.0652353 0.0682649 0.0688514 0.0674205 0.0644753 0.0604945 0.0558923 0.0510002 0.0460617 0.041238 0.03661 0.0321757 0.0278575 0.0235456 0.0191803 0.0148334 0.0107264
 0.00692952 0.0114267 0.0175137 0.0252302 0.0343633 0.0442806 0.0539106 0.0620229 0.067675 0.0705051 0.0706956 0.0687347 0.0651953 0.0606197 0.0554709 0.050107 0.0447756 0.0396258 0.0347252 0.0300724 0.0256126 0.021275 0.0170332 0.0129611 0.00923824
 0.0070826 0.0116748 0.0178882 0.0257677 0.0351069 0.0452776 0.0551999 0.0636124 0.069516 0.0724779 0.0726184 0.0703994 0.0664174 0.0612796 0.0555299 0.0495978 0.0437764 0.0382323 0.0330326 0.0281722 0.0236024 0.019269 0.0151606 0.0113448 0.00796325
 0.00728475 0.0119874 0.018329 0.0263425 0.035811 0.0460972 0.0561159 0.0646038 0.0705658 0.0735722 0.0737359 0.0714919 0.0673973 0.0620289 0.0559304 0.0495665 0.0432879 0.0373193 0.0317703 0.0266606 0.0219552 0.0176087 0.0136103 0.0100115 0.00691599
 0.00754566 0.0123701 0.0188279 0.0269256 0.036429 0.0466999 0.0566657 0.065083 0.0709778 0.0739406 0.0740979 0.0718846 0.0678365 0.06249 0.0563429 0.0498293 0.0433008 0.0370161 0.0311391 0.025746 0.0208462 0.01642 0.0124616 0.00900537 0.00611841
 0.00759361 0.0124498 0.0189492 0.0270943 0.0366404 0.0469324 0.0568802 0.0652344 0.0710376 0.073918 0.0740457 0.0718813 0.0679547 0.0627647 0.0567544 0.0503045 0.0437317 0.0372905 0.0311739 0.0255112 0.0203717 0.0157846 0.0117685 0.00835363 0.00557909
 0.00768769 0.0125975 0.0191619 0.0273786 0.0369965 0.0473508 0.0573373 0.0656895 0.0714359 0.0742031 0.0741777 0.0718557 0.0678093 0.062569 0.0565815 0.0501992 0.0436903 0.0372636 0.0310896 0.0253082 0.0200271 0.0153232 0.011252 0.00785565 0.0051592
 0.00767926 0.0125789 0.0191252 0.0273151 0.0369011 0.0472276 0.0572041 0.0655762 0.0713755 0.0742189 0.0742732 0.0720131 0.0679986 0.0627634 0.0567693 0.0503841 0.0438781 0.0374454 0.0312351 0.0253756 0.0199846 0.0151681 0.0110144 0.00758638 0.00490891
 0.00773566 0.0126685 0.0192553 0.0274889 0.0371144 0.0474659 0.0574412 0.0657788 0.0715144 0.0742798 0.0742623 0.0719515 0.0679112 0.0626686 0.056677 0.0502991 0.0438038 0.0373823 0.0311757 0.0253026 0.0198777 0.0150161 0.0108246 0.00738309 0.00472163
 0.0077169 0.0126629 0.0192924 0.0276097 0.0373586 0.0478522 0.0579509 0.0663533 0.0720696 0.0747311 0.0745475 0.0720445 0.0678233 0.0624392 0.0563588 0.0499429 0.0434492 0.0370539 0.0308834 0.0250443 0.0196439 0.0147971 0.0106178 0.00719447 0.00456222
 0.00772148 0.0126526 0.0192463 0.027504 0.0371802 0.0476168 0.0577119 0.0661902 0.0720557 0.074898 0.0748675 0.0724426 0.0682095 0.0627422 0.0565443 0.0500135 0.0434312 0.0369808 0.0307834 0.0249346 0.0195313 0.0146832 0.0105043 0.00708666 0.00446781
 0.00785926 0.0128625 0.0195344 0.0278618 0.0375824 0.0480206 0.0580625 0.0664346 0.0721634 0.0748772 0.0747628 0.072311 0.0680901 0.0626398 0.0564362 0.0498713 0.0432404 0.0367477 0.0305287 0.0246819 0.0192989 0.0144808 0.0103354 0.00695135 0.00436501
 0.00786591 0.012887 0.0195958 0.0279845 0.0377875 0.048313 0.0584205 0.0668092 0.0724912 0.075101 0.0748522 0.072272 0.0679591 0.0624652 0.0562567 0.0497026 0.0430778 0.0365792 0.0303479 0.0244933 0.0191141 0.0143126 0.0101926 0.00683807 0.00428104
 0.00783711 0.0128282 0.0194871 0.027805 0.037526 0.0479832 0.0580682 0.0665046 0.0723037 0.0750706 0.0749734 0.0725012 0.0682383 0.0627463 0.0565132 0.0499262 0.0432675 0.0367321 0.0304591 0.0245599 0.0191394 0.0143064 0.0101675 0.0068058 0.00425019
 0.00799839 0.0130478 0.0197379 0.0280336 0.0376655 0.047975 0.0578846 0.06616 0.0718534 0.0745975 0.0745668 0.0722307 0.0681341 0.0627945 0.0566689 0.0501359 0.0434866 0.0369317 0.0306234 0.0246821 0.0192192 0.0143487 0.0101816 0.00680261 0.00423928
 0.00798986 0.0130294 0.0197005 0.0279616 0.0375358 0.0477584 0.0575514 0.0656933 0.0712648 0.0739401 0.073932 0.0717281 0.0678575 0.0627919 0.056929 0.0505973 0.0440614 0.0375328 0.0311831 0.0251584 0.0195942 0.0146224 0.0103663 0.00691687 0.00430354
 0.00800805 0.0130613 0.0197521 0.0280381 0.0376377 0.0478762 0.0576611 0.065756 0.0712349 0.0737795 0.0736284 0.0713078 0.0673872 0.0623623 0.0566265 0.0504747 0.0441232 0.0377393 0.031471 0.0254639 0.0198691 0.014841 0.0105221 0.0070171 0.00436159
 0.007917 0.0129318 0.0195918 0.0278665 0.0374815 0.0477611 0.0576036 0.0657588 0.0712849 0.0738493 0.073681 0.0713077 0.0673146 0.0622257 0.0564647 0.0503442 0.0440756 0.0378003 0.0316311 0.0256864 0.0201075 0.0150557 0.0106907 0.0071343 0.00443429
 0.00794787 0.0129711 0.0196316 0.0278949 0.0374887 0.0477468 0.0575819 0.0657535 0.0713174 0.0739247 0.0737816 0.0713976 0.0673534 0.0621853 0.0563417 0.0501634 0.0438823 0.0376434 0.0315446 0.0256782 0.0201607 0.0151405 0.0107783 0.00720621 0.00448402
 0.00793753 0.0129526 0.0196003 0.0278445 0.0374117 0.0476366 0.0574362 0.0655793 0.0711348 0.073765 0.0736794 0.0713762 0.0674132 0.0623014 0.056475 0.0502786 0.0439634 0.0376971 0.0315919 0.0257391 0.020243 0.0152374 0.0108746 0.00728774 0.00454352
 0.00778953 0.0127414 0.0193369 0.0275571 0.037137 0.047406 0.0572649 0.065465 0.0710645 0.0737264 0.0736686 0.0714002 0.0674842 0.0624275 0.0566513 0.0504859 0.0441751 0.0378918 0.0317604 0.0258844 0.0203724 0.0153546 0.0109777 0.00737184 0.00460532
 0.00784759 0.0127897 0.0193268 0.0274213 0.0368154 0.0468814 0.0565881 0.0647475 0.0704381 0.0732927 0.0734679 0.0714146 0.067664 0.062719 0.0570116 0.050883 0.0445825 0.0382847 0.0321184 0.0261946 0.0206306 0.0155626 0.0111392 0.00749115 0.00468761
 0.00855237 0.0137901 0.0205605 0.028732 0.0379876 0.0477047 0.0569164 0.0645323 0.0697336 0.0722389 0.0722565 0.0702391 0.0666705 0.0619786 0.0565252 0.0506081 0.044462 0.0382658 0.0321593 0.0262647 0.0207094 0.0156378 0.0112045 0.00754363 0.00472649
 0.00932803 0.0149996 0.0222758 0.0309615 0.0406472 0.0505906 0.0596974 0.0667953 0.0710925 0.0724663 0.0713642 0.0684619 0.0643694 0.0595213 0.0541969 0.0485765 0.0427886 0.0369406 0.0311376 0.0254942 0.0201422 0.0152339 0.0109296 0.00736735 0.0046214
 0.0092094 0.0149677 0.0225216 0.0317514 0.0422414 0.0531152 0.0630365 0.0705694 0.0747454 0.0754184 0.073165 0.0688913 0.0634692 0.0575562 0.0515633 0.0456891 0.0399874 0.0344453 0.0290508 0.0238328 0.0188748 0.0143077 0.0102849 0.00694389 0.00436172
 0.00898087 0.0145881 0.0219477 0.0309716 0.0413179 0.0522272 0.0624848 0.0707021 0.0758107 0.0774141 0.0757828 0.0716049 0.0657215 0.0589492 0.0519606 0.0452072 0.0389039 0.0330807 0.0276748 0.0226191 0.0179019 0.0135848 0.00978269 0.00661719 0.0041636
 0.00877821 0.0142775 0.021514 0.0304101 0.040633 0.0514356 0.0616314 0.0698862 0.0752027 0.077234 0.0762252 0.0727337 0.0673968 0.0608431 0.0536706 0.0464078 0.0394534 0.0330357 0.0272225 0.0219812 0.0172586 0.0130427 0.00938014 0.00634732 0.0039985
 0.00887488 0.014391 0.021605 0.0304169 0.0404905 0.0511031 0.0611142 0.0692387 0.074514 0.0766118 0.0757876 0.0725997 0.0676576 0.0615127 0.0546461 0.04748 0.0403783 0.0336308 0.0274303 0.0218667 0.0169548 0.0126844 0.00906057 0.0061081 0.00384209
 0.00884894 0.0143706 0.0216116 0.0304761 0.0406154 0.0512741 0.0612699 0.0692908 0.0743863 0.0762819 0.075307 0.0720816 0.0672413 0.0613202 0.0547421 0.047845 0.0409082 0.0341719 0.0278405 0.0220698 0.0169579 0.0125542 0.00887956 0.00593923 0.00371577
 0.00884878 0.0143664 0.0215995 0.0304539 0.0405872 0.0512543 0.0612805 0.0693492 0.0744867 0.0763856 0.0753538 0.0720218 0.0670695 0.0610879 0.0545383 0.0477541 0.0409686 0.0343574 0.0280747 0.0222661 0.01706 0.0125547 0.00880966 0.00584321 0.00362812
 0.00874878 0.0142151 0.0213929 0.0301959 0.040289 0.0509333 0.0609607 0.0690622 0.0742694 0.0762714 0.0753585 0.0721333 0.0672498 0.0612913 0.0547355 0.0479457 0.041176 0.0345988 0.0283435 0.0225287 0.0172743 0.0126934 0.00887241 0.00585115 0.00360899
 0.00874998 0.014199 0.0213361 0.0300677 0.040062 0.0505984 0.0605392 0.0686045 0.0738415 0.0759346 0.0751547 0.0720788 0.0673366 0.0614912 0.0550087 0.0482528 0.0414895 0.0349056 0.0286376 0.0228007 0.0175077 0.0128715 0.00898831 0.00591192 0.00363148
 0.00864518 0.0140429 0.0211265 0.0298095 0.0397622 0.0502608 0.060163 0.068192 0.0734088 0.0755192 0.074812 0.0718667 0.0672956 0.061631 0.0553062 0.0486618 0.041956 0.0353812 0.0290867 0.0231996 0.0178416 0.0131317 0.00917337 0.00602958 0.00369687
 0.00864882 0.0140574 0.0211641 0.0298861 0.0398919 0.0504477 0.0603929 0.0684291 0.073601 0.075612 0.074767 0.0716781 0.0669965 0.061284 0.054982 0.0484152 0.0418121 0.0353359 0.0291166 0.023275 0.0179346 0.013221 0.00924563 0.00607948 0.00372593
 0.00860763 0.0140088 0.0211249 0.0298837 0.0399578 0.0506056 0.0606483 0.0687637 0.0739745 0.0759687 0.0750459 0.0718262 0.0669828 0.0611112 0.054688 0.0480625 0.0414674 0.03505 0.0289137 0.0231539 0.0178777 0.0132048 0.00924951 0.00608906 0.00373388
 0.00852447 0.0138857 0.0209634 0.0296959 0.0397668 0.050444 0.0605538 0.0687718 0.074107 0.0762219 0.0753856 0.0721931 0.0673087 0.0613383 0.0547851 0.0480327 0.0413437 0.0348819 0.0287489 0.0230245 0.017795 0.0131635 0.009236 0.00608953 0.00373863
 0.00849522 0.0138506 0.0209334 0.0296889 0.0398025 0.0505363 0.0607053 0.0689728 0.0743401 0.0764679 0.0756259 0.072409 0.0674788 0.0614387 0.0547951 0.0479425 0.0411619 0.034636 0.028479 0.0227704 0.0175855 0.0130104 0.00913597 0.00603069 0.00370716
#obs surv len freq
 nan nan nan nan nan nan nan nan nan nan nan nan nan nan nan nan nan nan nan nan nan nan nan nan nan
 0.00448583 0.00734785 0.0111786 0.0159958 0.0216974 0.0279736 0.034288 0.0400191 0.044698 0.0481607 0.0505172 0.0520115 0.0529023 0.0534133 0.0537265 0.0539806 0.0542586 0.054551 0.0546895 0.0542813 0.0527194 0.0493518 0.043802 0.0362828 0.0276672
 0.00461312 0.0075579 0.0115002 0.0164565 0.0223166 0.0287525 0.0351986 0.0410021 0.0456709 0.0490347 0.0512142 0.0524758 0.0531055 0.0533547 0.0534284 0.0534804 0.0536001 0.0537772 0.0538398 0.053393 0.0518315 0.0485078 0.0430469 0.0356546 0.0271871
 0.00477635 0.00782318 0.0118995 0.01702 0.0230676 0.0296984 0.0363212 0.0422512 0.0469681 0.0502839 0.0523152 0.0533372 0.0536558 0.0535507 0.0532595 0.052967 0.0527866 0.0527228 0.0526107 0.0520593 0.0504684 0.0471952 0.0418641 0.0346671 0.0264309
 0.00497132 0.00814185 0.0123821 0.0177049 0.0239835 0.0308524 0.0376871 0.0437658 0.04854 0.05181 0.053695 0.0544792 0.0544803 0.0539928 0.0532752 0.0525403 0.0519333 0.0514899 0.0510727 0.050313 0.048629 0.0453899 0.0402186 0.0332839 0.0253679
 0.00517035 0.00847093 0.0128877 0.0184338 0.024974 0.0321197 0.039208 0.0454734 0.0503329 0.0535714 0.055311 0.0558495 0.0555211 0.0546357 0.0534667 0.0522442 0.0511367 0.0502117 0.0493706 0.0482881 0.0464229 0.043173 0.0381657 0.031541 0.0240199
 0.00540076 0.00884433 0.0134479 0.0192219 0.0260221 0.0334403 0.0407819 0.0472431 0.0522072 0.0554401 0.0570595 0.0573704 0.0567199 0.0554343 0.053803 0.0520716 0.0504263 0.0489601 0.0476136 0.0461144 0.0439808 0.0406601 0.0357979 0.0295058 0.0224328
 0.00563926 0.00923776 0.0140503 0.0200863 0.0271894 0.0349217 0.0425428 0.0491992 0.0542404 0.057423 0.0588773 0.058928 0.05794 0.0562515 0.0541606 0.0519206 0.0497289 0.0476978 0.0458035 0.0438291 0.0413635 0.0379203 0.0331786 0.0272285 0.0206415
 0.00587606 0.00962463 0.0146365 0.0209201 0.0283098 0.0363456 0.0442492 0.051122 0.0562743 0.0594415 0.060753 0.0605481 0.0592143 0.0571129 0.0545595 0.0518174 0.0490896 0.0464994 0.0440503 0.0415773 0.0387427 0.0351358 0.0304818 0.024858 0.0187603
 0.00613357 0.0100466 0.0152774 0.0218323 0.0295327 0.037889 0.0460775 0.0531496 0.0583793 0.0614904 0.0626218 0.0621332 0.0604342 0.0579061 0.0548815 0.051636 0.0483807 0.0452477 0.0422612 0.0392999 0.0360951 0.0323136 0.0277335 0.0224273 0.0168199
 0.0063831 0.0104553 0.0158983 0.0227167 0.0307205 0.0393932 0.0478673 0.0551443 0.0604588 0.063518 0.064467 0.0636868 0.0616133 0.0586536 0.0551603 0.0514225 0.0476586 0.0440088 0.0405142 0.037092 0.0335351 0.0295832 0.0250672 0.02006 0.0149217
 0.00661409 0.0108371 0.0164845 0.0235608 0.0318653 0.0408529 0.0496107 0.0570892 0.062484 0.065487 0.0662513 0.0651785 0.0627308 0.059341 0.0553842 0.0511659 0.0469152 0.04278 0.0388166 0.0349738 0.0310986 0.0269954 0.0225437 0.0178182 0.0131212
 0.00684473 0.0112124 0.0170503 0.0243604 0.0329319 0.0421975 0.0512079 0.0588709 0.0643468 0.0673096 0.0679128 0.0665734 0.0637757 0.0599779 0.0555792 0.0509039 0.0461943 0.0416089 0.0372182 0.0329991 0.0288445 0.0246139 0.0202288 0.0157647 0.011472
 0.00705646 0.0115623 0.017587 0.0251317 0.0339739 0.0435179 0.0527711 0.0605942 0.066115 0.0689994 0.0694145 0.0678001 0.0646643 0.0604856 0.0556805 0.0505882 0.0454628 0.0404733 0.0357052 0.0311608 0.026772 0.0224446 0.0181341 0.0139147 0.00999029
 0.0072548 0.0118875 0.0180814 0.0258366 0.0349214 0.044718 0.0541973 0.0621782 0.0677538 0.0705747 0.0708125 0.068927 0.0654541 0.0609011 0.0557082 0.0502306 0.044732 0.0393885 0.0342967 0.0294798 0.0249022 0.0205079 0.0162788 0.0122858 0.00869114
 0.00744827 0.0122018 0.0185539 0.0265015 0.0358027 0.0458188 0.055489 0.0635963 0.0692072 0.0719616 0.0720372 0.0699095 0.0661346 0.0612418 0.0556932 0.0498625 0.044027 0.0383725 0.0330055 0.0279653 0.0232417 0.0188078 0.0146653 0.0108794 0.00757553
 0.00751502 0.012319 0.0187469 0.0268002 0.0362368 0.0464086 0.0562361 0.0644793 0.0701834 0.0729742 0.073022 0.0708005 0.0668686 0.0617626 0.0559564 0.0498397 0.0437071 0.0377621 0.0321294 0.0268686 0.021994 0.0175027 0.013411 0.00977806 0.00669814
 0.00759069 0.0124316 0.0188977 0.0269865 0.036456 0.0466645 0.0565417 0.0648529 0.0706405 0.0735169 0.073633 0.0714428 0.0674908 0.062306 0.0563632 0.0500591 0.0437012 0.0375111 0.0316353 0.0261594 0.0211247 0.0165528 0.0124739 0.00894206 0.00602555
 0.00766285 0.0125449 0.0190601 0.0272011 0.0367186 0.0469622 0.056853 0.0651536 0.0709133 0.073761 0.0738644 0.0716842 0.0677556 0.062587 0.0566292 0.0502627 0.0437908 0.0374428 0.0313842 0.025727 0.0205427 0.0158806 0.0117874 0.00831604 0.00551485
 0.0077207 0.0126327 0.0191806 0.027353 0.0368972 0.0471604 0.0570618 0.0653618 0.0711079 0.0739304 0.0740033 0.0717974 0.067857 0.0626924 0.0567459 0.0503802 0.0438793 0.0374615 0.0312944 0.025507 0.020198 0.0154457 0.0113174 0.00787129 0.00514294
 0.0077708 0.0127099 0.0192889 0.0274924 0.0370637 0.0473453 0.0572523 0.0655422 0.0712634 0.074051 0.074086 0.0718461 0.0678806 0.0627027 0.0567542 0.0503923 0.0438903 0.0374531 0.0312396 0.0253804 0.0199891 0.0151666 0.0110013 0.00756106 0.00487642
 0.00782959 0.0127999 0.0194138 0.0276514 0.0372516 0.0475526 0.0574653 0.0657437 0.0714353 0.0741781 0.0741598 0.0718663 0.0678545 0.0626429 0.0566752 0.0503071 0.0438064 0.0373689 0.0311442 0.025258 0.0198276 0.0149661 0.0107775 0.00733999 0.004684
 0.00785551 0.012841 0.0194736 0.0277321 0.0373532 0.0476722 0.057596 0.0658755 0.0715566 0.0742789 0.0742332 0.0719095 0.0678678 0.0626291 0.0566396 0.0502565 0.0437471 0.0373042 0.031072 0.0251719 0.0197203 0.0148359 0.0106315 0.00719327 0.00455368
 0.00787876 0.0128735 0.0195129 0.0277731 0.0373901 0.0477012 0.0576178 0.0658944 0.0715786 0.0743081 0.0742703 0.0719514 0.0679093 0.0626646 0.0566646 0.0502686 0.0437457 0.0372899 0.0310447 0.0251298 0.0196611 0.0147593 0.0105422 0.00710073 0.00446922
 0.00790704 0.0129164 0.0195712 0.0278449 0.0374701 0.0477814 0.0576878 0.0659443 0.0716019 0.074305 0.0742481 0.0719211 0.0678811 0.0626438 0.056651 0.0502584 0.0437342 0.037273 0.0310198 0.0250949 0.0196153 0.0147031 0.0104789 0.00703638 0.0044109
 0.00789441 0.0128973 0.0195453 0.0278128 0.0374335 0.0477427 0.0576498 0.0659098 0.0715733 0.0742843 0.074237 0.0719216 0.0678957 0.0626744 0.0566974 0.0503168 0.0437978 0.0373336 0.0310698 0.0251289 0.0196306 0.0147002 0.0104613 0.00700981 0.00438203
 0.00790838 0.0129108 0.0195488 0.0277927 0.0373765 0.0476424 0.0575125 0.0657538 0.0714237 0.0741642 0.074161 0.0718948 0.0679148 0.0627318 0.0567836 0.0504223 0.0439128 0.0374484 0.0311748 0.0252163 0.0196954 0.014741 0.0104805 0.00701297 0.00437575
 0.00790372 0.0129042 0.0195402 0.0277812 0.0373587 0.0476116 0.0574586 0.0656679 0.0713037 0.07402 0.0740145 0.0717728 0.0678398 0.062715 0.0568233 0.0505072 0.0440272 0.0375761 0.0313013 0.02533 0.0197882 0.014809 0.0105243 0.00703651 0.00438514
 0.00787579 0.0128568 0.0194655 0.0276717 0.0372104 0.0474274 0.0572509 0.0654567 0.0711109 0.0738627 0.0739022 0.0717097 0.0678286 0.0627583 0.0569216 0.0506553 0.044213 0.0377819 0.0315081 0.0255206 0.0199499 0.0149352 0.0106142 0.00709446 0.00441839
 0.00786406 0.0128354 0.0194289 0.0276129 0.0371224 0.0473051 0.0570945 0.0652734 0.0709152 0.0736744 0.0737421 0.0715951 0.06777 0.0627589 0.0569791 0.0507636 0.0443628 0.0379606 0.0316998 0.0257081 0.0201178 0.0150729 0.0107173 0.00716449 0.00446132
 0.00787053 0.0128417 0.0194305 0.0276027 0.0370918 0.0472471 0.0570052 0.0651539 0.0707714 0.0735166 0.0735841 0.0714531 0.0676602 0.0626945 0.0569675 0.0508057 0.0444532 0.0380888 0.0318519 0.0258681 0.02027 0.0152045 0.0108205 0.00723791 0.0045084
 0.00783039 0.0127827 0.0193532 0.027511 0.0369916 0.047143 0.0568993 0.0650462 0.0706619 0.0734077 0.0734818 0.0713659 0.0675979 0.0626662 0.05698 0.050862 0.0445516 0.0382226 0.0320098 0.0260355 0.0204317 0.0153471 0.0109353 0.0073218 0.00456389
 0.00778997 0.0127134 0.0192429 0.0273482 0.03677 0.0468683 0.056593 0.0647435 0.0704015 0.0732193 0.0733784 0.0713441 0.067645 0.0627676 0.0571234 0.0510385 0.0447541 0.0384436 0.0322395 0.0262619 0.0206416 0.0155286 0.0110804 0.0074282 0.00463496
 0.0077807 0.012692 0.0191987 0.0272671 0.036637 0.046673 0.0563357 0.0644385 0.0700774 0.072914 0.0731308 0.0711852 0.0675898 0.0628133 0.0572536 0.0512305 0.0449857 0.038696 0.0324973 0.0265116 0.0208704 0.0157255 0.0112381 0.00754463 0.0047135
 0.00773739 0.0126265 0.019109 0.0271534 0.0365003 0.0465132 0.056151 0.0642276 0.0698435 0.0726685 0.0728954 0.0709885 0.0674613 0.0627744 0.057312 0.051378 0.0452022 0.0389558 0.0327747 0.0267844 0.0211209 0.0159406 0.0114101 0.00767171 0.00479958
 0.00931838 0.014836 0.0217683 0.0298747 0.0388008 0.0479955 0.0566454 0.0638158 0.0687708 0.0712186 0.0713006 0.0694028 0.0659749 0.0614393 0.0561587 0.0504219 0.0444438 0.0383817 0.0323613 0.0265027 0.0209409 0.0158348 0.0113544 0.00764681 0.0047912
 0.00930531 0.0151067 0.0226901 0.0319021 0.0422765 0.0528824 0.0623576 0.0693152 0.0729372 0.0732926 0.0711343 0.0673975 0.0628051 0.0577653 0.0524656 0.0469966 0.041425 0.0358195 0.0302577 0.0248334 0.0196656 0.0149026 0.0107075 0.00722448 0.00453415
 0.00897746 0.0145915 0.0219694 0.0310271 0.0414205 0.0523758 0.0626468 0.070802 0.0757348 0.0770457 0.0750655 0.070602 0.064628 0.058028 0.0514327 0.0451612 0.0392787 0.0337207 0.0284085 0.0233161 0.0184898 0.0140389 0.0101081 0.00683379 0.00429692
 0.00881083 0.0143111 0.0215305 0.0303856 0.04055 0.0512995 0.0614785 0.0697726 0.0751736 0.0772887 0.0763024 0.0727335 0.067235 0.0605077 0.0532425 0.0460266 0.0392473 0.0330613 0.0274505 0.022327 0.0176293 0.0133709 0.00963374 0.00652289 0.00410864
 0.00874413 0.0141981 0.0213509 0.0301151 0.0401625 0.0507733 0.0608074 0.0689829 0.0743432 0.0765616 0.0758793 0.0728202 0.0679503 0.0617932 0.0548406 0.0475646 0.0403903 0.0336426 0.0275043 0.0220233 0.0171702 0.0129135 0.00926265 0.00626153 0.00394446
 0.00870433 0.0141315 0.0212471 0.0299621 0.0399485 0.0504885 0.0604466 0.0685481 0.0738467 0.0760325 0.0753743 0.0724323 0.0677994 0.0619875 0.0554179 0.0484456 0.0413866 0.0345272 0.0281074 0.022293 0.0171668 0.0127533 0.00905676 0.00608055 0.0038155
 0.0087016 0.0141241 0.0212301 0.0299284 0.0398895 0.0503953 0.0603119 0.068367 0.0736171 0.0757565 0.0750624 0.0721096 0.0675124 0.0618044 0.0554117 0.0486617 0.0418084 0.0350667 0.0286348 0.0226928 0.0173847 0.0128059 0.00900439 0.00598895 0.00372965
 0.00870232 0.0141256 0.0212326 0.0299318 0.0398922 0.0503933 0.0602984 0.0683324 0.0735516 0.0756523 0.0749163 0.0719257 0.0673053 0.0616023 0.0552566 0.0486007 0.0418751 0.0352598 0.02891 0.0229776 0.0176107 0.0129374 0.00904646 0.00597288 0.00369076
 0.00869591 0.014117 0.0212231 0.0299238 0.0398882 0.0503953 0.0603061 0.0683426 0.0735581 0.0756466 0.0748888 0.0718686 0.0672159 0.0614866 0.0551317 0.0484941 0.0418181 0.0352752 0.0289991 0.0231157 0.0177572 0.0130545 0.00911525 0.00599662 0.00368601
 0.0086664 0.0140718 0.0211604 0.0298443 0.0397957 0.0502966 0.0602109 0.0682626 0.0735037 0.0756233 0.0748951 0.0718957 0.0672507 0.0615165 0.0551497 0.0485024 0.0418286 0.0353042 0.0290587 0.0232058 0.0178633 0.0131548 0.00919159 0.00604216 0.0037053
 0.00865814 0.0140569 0.0211354 0.0298053 0.0397398 0.0502237 0.0601254 0.0681733 0.0734222 0.0755609 0.0748595 0.0718894 0.06727 0.0615529 0.0551929 0.0485443 0.0418663 0.0353415 0.0291029 0.0232619 0.0179297 0.013223 0.00925057 0.00608438 0.00372967
 0.00864228 0.0140329 0.0211025 0.0297637 0.0396903 0.0501668 0.0600617 0.0681043 0.0733512 0.0754938 0.0748044 0.0718545 0.0672609 0.0615707 0.0552333 0.0485994 0.0419279 0.0354037 0.0291639 0.0233225 0.01799 0.0132805 0.00930074 0.00612291 0.00375507
 0.00864488 0.0140341 0.0210988 0.0297503 0.0396625 0.0501227 0.0600034 0.0680377 0.0732838 0.0754323 0.0747531 0.071816 0.0672376 0.0615648 0.0552463 0.0486303 0.0419729 0.0354575 0.0292212 0.0233795 0.0180442 0.0133298 0.00934285 0.00615574 0.00377787
 0.00863707 0.0140242 0.021089 0.0297436 0.0396614 0.0501267 0.0600084 0.0680367 0.0732703 0.0754039 0.0747126 0.0717701 0.0671942 0.0615305 0.0552254 0.0486249 0.041983 0.0354809 0.0292543 0.023418 0.018084 0.0133674 0.00937547 0.00618163 0.00379639
 0.00862404 0.0140031 0.0210577 0.0297008 0.0396078 0.0500661 0.0599477 0.0679847 0.0732344 0.0753865 0.0747109 0.0717781 0.0672066 0.0615448 0.0552424 0.0486468 0.0420117 0.0355169 0.0292962 0.0234629 0.0181284 0.0134081 0.0094099 0.00620833 0.00381526
#pred catch len freq
 0.0031629 0.00514426 0.00778035 0.0111212 0.0152094 0.0200304 0.0254524 0.031219 0.0370025 0.0424713 0.0473385 0.0513964 0.0545444 0.0567929 0.0582385 0.0590333 0.0593604 0.059399 0.059241 0.0587551 0.0574774 0.0546733 0.0496628 0.0422882 0.0332052
 0.00335562 0.00540405 0.00807435 0.0113907 0.0153923 0.020093 0.0254092 0.0311234 0.0369124 0.0424133 0.0472958 0.0513315 0.0544383 0.0566747 0.0581846 0.0591343 0.0596702 0.0598898 0.0597898 0.0591759 0.0575926 0.054394 0.0490319 0.0414592 0.0323693
 0.00345684 0.00559274 0.00839824 0.0118968 0.016101 0.0209668 0.0263382 0.0319495 0.03749 0.0426712 0.0472578 0.0510836 0.0540743 0.0562626 0.0577717 0.0587675 0.0594004 0.0597459 0.0597425 0.0591258 0.0574054 0.0539684 0.0483595 0.0406338 0.0315395
 0.00357103 0.00577526 0.00867099 0.012288 0.0166506 0.0217255 0.0273504 0.0332183 0.0389383 0.0441294 0.048501 0.0519103 0.0543819 0.0560742 0.0572038 0.0579716 0.0585138 0.0588646 0.0589069 0.058317 0.0565625 0.0530328 0.0473247 0.0395661 0.030551
 0.00372051 0.00601487 0.00902561 0.0127797 0.0172969 0.0225375 0.0283315 0.0343639 0.0402348 0.0455422 0.0499531 0.0532654 0.0554583 0.0566965 0.0572694 0.0574894 0.0575915 0.0576564 0.0575536 0.0569084 0.0551359 0.0516015 0.0459173 0.0382476 0.0294086
 0.00390381 0.00631193 0.00947171 0.013409 0.0181386 0.0236081 0.0296242 0.0358423 0.0418344 0.0471812 0.0515434 0.0547167 0.0566719 0.0575593 0.0576634 0.0573226 0.0568374 0.0563726 0.0558652 0.054967 0.0530827 0.049556 0.0439863 0.036533 0.0279974
 0.00411504 0.0066492 0.0099692 0.014098 0.0190464 0.0247536 0.0310096 0.0374429 0.043593 0.049009 0.05333 0.056344 0.0580284 0.0585468 0.0581953 0.0573222 0.0562481 0.0551814 0.0541247 0.0527991 0.0506604 0.0470749 0.041637 0.0344772 0.0263446
 0.00435689 0.00703952 0.0105521 0.0149147 0.0201303 0.0261213 0.0326495 0.0393072 0.0455998 0.0510524 0.0552916 0.0581038 0.0594741 0.0595807 0.058737 0.0573077 0.055629 0.0539338 0.052269 0.0504226 0.0479272 0.0442109 0.0388917 0.0320718 0.0244254
 0.00459347 0.00742337 0.0111298 0.015733 0.0212318 0.0275354 0.034378 0.0413116 0.0477961 0.0533173 0.0574778 0.0600605 0.0610665 0.060703 0.0593142 0.0572884 0.054978 0.0526331 0.0503326 0.0479224 0.045015 0.0411182 0.0358948 0.02943 0.0223156
 0.00483445 0.00780872 0.0116994 0.016524 0.0222774 0.0288606 0.0359896 0.0431875 0.0498776 0.0555082 0.0596501 0.0620673 0.0627602 0.0619536 0.0600215 0.0573846 0.0544228 0.0514104 0.0484579 0.0454633 0.0421151 0.0380044 0.032849 0.0267257 0.0201467
 0.00507727 0.00819997 0.0122826 0.0173396 0.0233587 0.030225 0.0376284 0.0450579 0.0519045 0.0575929 0.0616807 0.0639267 0.0643325 0.0631303 0.0607078 0.0575041 0.0539209 0.0502583 0.0466623 0.0430849 0.0392902 0.0349522 0.0298462 0.0240464 0.0179898
 0.00533549 0.008607 0.012873 0.0181411 0.0243929 0.0315058 0.0391542 0.0468016 0.0538055 0.0595578 0.0635926 0.0656619 0.0657767 0.0641898 0.0613097 0.0575914 0.0534479 0.0491935 0.0450016 0.0408745 0.0366499 0.0320837 0.0270103 0.0215052 0.0159368
 0.00553707 0.00893546 0.0133689 0.0188435 0.0253328 0.0326959 0.0405784 0.0484106 0.0555235 0.0612955 0.0652583 0.0671658 0.0670334 0.0651208 0.0618476 0.0576811 0.0530463 0.0482705 0.0435494 0.0389272 0.0343072 0.0295218 0.0244626 0.0192108 0.0140753
 0.00582179 0.00938858 0.0140334 0.0197547 0.0265142 0.0341514 0.0422801 0.0502898 0.0574719 0.0631799 0.066943 0.068536 0.068011 0.0656672 0.0619536 0.057351 0.0522839 0.0470761 0.0419294 0.0369153 0.0319891 0.027049 0.0220383 0.017045 0.0123261
 0.00603561 0.00975761 0.0146286 0.0206556 0.0277919 0.0358404 0.0443499 0.0526325 0.0599156 0.0655197 0.0689779 0.0701 0.0689953 0.06603 0.0617149 0.0565715 0.0510392 0.0454353 0.0399511 0.0346612 0.0295482 0.024555 0.0196633 0.0149637 0.010666
 0.00620278 0.010024 0.0150229 0.0212105 0.028549 0.0368518 0.0456675 0.0542829 0.0618671 0.067659 0.0711144 0.0720023 0.0704479 0.0668825 0.0619053 0.0561203 0.0500225 0.0439547 0.0381116 0.0325668 0.0273111 0.0223076 0.0175552 0.013138 0.00922232
 0.00634984 0.0102505 0.0153411 0.021626 0.0290641 0.0374703 0.0463995 0.0551452 0.062879 0.0688307 0.0724259 0.0733829 0.0717694 0.0679791 0.0626146 0.056327 0.0496846 0.0431027 0.0368294 0.0309693 0.0255307 0.0204871 0.0158389 0.0116521 0.00804977
 0.00649957 0.0104654 0.0156124 0.0219289 0.0293675 0.0377515 0.0466561 0.0553981 0.0631671 0.0692004 0.0729192 0.0740224 0.0725415 0.0688205 0.0634128 0.0569417 0.0499842 0.0430021 0.0363118 0.0300865 0.024388 0.0192206 0.014591 0.0105455 0.0071652
 0.00656345 0.0105668 0.0157588 0.0221217 0.0295967 0.0379924 0.0468698 0.0555438 0.0632225 0.0691813 0.0728833 0.0740521 0.0727113 0.0691651 0.0639075 0.0575026 0.0504881 0.0433204 0.0363489 0.0298081 0.0238295 0.0184743 0.0137776 0.00978109 0.00653283
 0.0065951 0.0106186 0.0158378 0.0222358 0.0297542 0.0381995 0.0471257 0.0558342 0.0635162 0.0694346 0.0730558 0.0741278 0.0727125 0.0691465 0.0639303 0.0576 0.0506432 0.0434681 0.0364021 0.0296951 0.023525 0.0180099 0.0132286 0.0092369 0.00606673
 0.00660754 0.0106328 0.0158486 0.0222356 0.0297364 0.0381636 0.0470814 0.0558005 0.0635158 0.0694845 0.0731581 0.0742678 0.0728658 0.0692934 0.0640668 0.0577371 0.0507913 0.0436187 0.0365199 0.0297308 0.0234408 0.0178014 0.0129303 0.00890722 0.00576394
 0.00669729 0.0107713 0.0160425 0.0224838 0.0300286 0.0384785 0.0473871 0.0560597 0.063696 0.0695692 0.0731524 0.0741934 0.0727496 0.0691573 0.0639251 0.0575994 0.0506657 0.0435087 0.0364187 0.0296189 0.0232942 0.017607 0.0126959 0.00866061 0.00553899
 0.0066667 0.0107435 0.016041 0.0225439 0.0301873 0.0387591 0.0477848 0.0565368 0.064189 0.0700052 0.0734684 0.0743516 0.0727455 0.0690163 0.0636905 0.0573175 0.0503746 0.0432329 0.0361682 0.0293912 0.0230791 0.0173948 0.0124853 0.00846102 0.00536573
 0.00669974 0.0107804 0.0160672 0.0225407 0.030143 0.0386836 0.0477168 0.0565338 0.0643018 0.0702493 0.0738108 0.0747219 0.073064 0.0692232 0.0637623 0.0572665 0.0502354 0.0430459 0.0359663 0.0291938 0.0228931 0.0172204 0.0123229 0.00831472 0.00524239
 0.00680932 0.0109458 0.0162912 0.0228135 0.0304415 0.0389723 0.0479541 0.0566842 0.064352 0.0702193 0.0737472 0.0746737 0.0730548 0.0692397 0.0637658 0.0572177 0.0501152 0.0428613 0.0357417 0.0289577 0.0226677 0.0170186 0.0121501 0.00817308 0.00513252
 0.00678043 0.0109136 0.0162699 0.0228252 0.0305095 0.0391106 0.0481575 0.0569257 0.0645888 0.0704071 0.0738568 0.0747028 0.0730268 0.0691893 0.0637189 0.0571784 0.0500692 0.0427897 0.0356357 0.0288225 0.0225183 0.0168716 0.0120185 0.00806419 0.00504902
 0.00673514 0.0108337 0.0161397 0.0226304 0.0302459 0.038795 0.047833 0.0566542 0.0644306 0.0703956 0.0739854 0.0749308 0.0733008 0.0694652 0.0639726 0.0574025 0.0502617 0.0429458 0.0357478 0.0288862 0.0225369 0.0168559 0.0119829 0.00802219 0.00501017
 0.0067722 0.0108692 0.016147 0.0225688 0.0300706 0.0384742 0.0473658 0.0560802 0.0638265 0.0698593 0.073611 0.0747813 0.0733891 0.0697533 0.0643902 0.0578734 0.0507245 0.043361 0.0360943 0.0291552 0.022729 0.0169794 0.0120519 0.00805342 0.00501913
 0.00677305 0.0108654 0.0161299 0.0225223 0.029969 0.038283 0.0470479 0.0556098 0.0632086 0.0691459 0.0729005 0.0741966 0.0730404 0.0697023 0.0646322 0.0583453 0.051331 0.0440048 0.0366982 0.029671 0.0231351 0.0172752 0.0122505 0.00817533 0.00508689
 0.00678138 0.0108812 0.0161572 0.022565 0.0300274 0.0383493 0.0471014 0.0556164 0.0631261 0.0689371 0.072552 0.0737349 0.0725354 0.0692524 0.0643322 0.0582534 0.05145 0.0442875 0.0370701 0.0300571 0.0234795 0.0175479 0.0124449 0.0083006 0.00515972
 0.00673488 0.0108179 0.016085 0.022499 0.0299865 0.0383489 0.0471472 0.0557001 0.0632252 0.0690172 0.0725733 0.0736637 0.0723589 0.0689906 0.0640391 0.0580017 0.0513046 0.0442809 0.0371923 0.0302651 0.0237179 0.0177692 0.012621 0.00842366 0.00523604
 0.00673497 0.0108124 0.0160671 0.0224613 0.0299259 0.0382728 0.0470758 0.0556618 0.0632438 0.0690981 0.0726964 0.0737878 0.0724364 0.0689862 0.0639449 0.0578421 0.0511289 0.0441438 0.0371321 0.0302902 0.0238083 0.0178901 0.0127393 0.00851849 0.00530093
 0.00672154 0.0107897 0.0160308 0.0224059 0.0298444 0.0381584 0.0469255 0.0554816 0.0630536 0.0689309 0.0725893 0.0737664 0.0725013 0.0691101 0.0640845 0.057959 0.0512063 0.0441908 0.0371741 0.030351 0.0238969 0.0179981 0.0128485 0.00861177 0.00536935
 0.00657385 0.0105772 0.0157619 0.0221056 0.0295464 0.0378926 0.0467086 0.0553157 0.062932 0.0688474 0.0725453 0.0737725 0.0725718 0.0692526 0.0642912 0.0582049 0.0514589 0.0444238 0.0373761 0.0305253 0.0240519 0.0181383 0.0129716 0.00871198 0.00544289
 0.00659463 0.0105777 0.0157033 0.021936 0.029221 0.0374007 0.0460932 0.0546678 0.0623596 0.0684361 0.072333 0.0737512 0.0727068 0.069504 0.0646243 0.0585903 0.0518678 0.0448271 0.0377489 0.0308514 0.0243254 0.0183602 0.0131454 0.00884156 0.005533
