SBPRF35
9.86185
Curr Bio
616669
B35
773367
F35
0.1945
FOFL
0.160264
OFL
82626.8
Bzero
2.81767e+006
#pred survey bio
 4.10258e+006 3.91307e+006 3.73598e+006 3.51717e+006 3.25182e+006 2.9932e+006 2.70558e+006 2.44213e+006 2.19205e+006 1.92972e+006 1.7239e+006 1.53359e+006 1.35002e+006 1.19211e+006 1.06167e+006 946036 836721 773370 721992 685987 651173 622887 613518 597721 589886 576709 567983 555829 551330 553354 552715 542542 538359 539743 535151 523863 510964 504048 504232 511947 516841 528667 544121 540053 547808 556918 566285 579766 593725 623424 2.27803e+007 1.41579e+007 1.48227e+007 1.57793e+007 1.68675e+007 1.7935e+007 1.88889e+007 1.96894e+007 2.03326e+007 2.08341e+007 2.12172e+007 2.15058e+007 2.17216e+007 2.18822e+007 2.20017e+007 2.20906e+007 2.2157e+007 2.22069e+007 2.22444e+007 2.22729e+007 2.22945e+007 2.23111e+007 2.23239e+007 2.23338e+007 2.23414e+007 2.23474e+007 2.2352e+007 2.23557e+007 2.23585e+007 2.23608e+007 2.23625e+007 2.23639e+007 2.2365e+007 2.23659e+007 2.23666e+007 2.23672e+007 2.23676e+007 2.23679e+007 2.23682e+007 2.23684e+007 2.23686e+007 2.23688e+007 2.23689e+007 2.2369e+007 2.2369e+007 2.23691e+007 2.23691e+007 2.23692e+007 2.23692e+007 2.23692e+007 2.23692e+007 2.23692e+007 2.23693e+007 2.23693e+007 2.23693e+007 2.23693e+007 2.23693e+007 2.23693e+007 2.23693e+007 2.23693e+007 2.23693e+007 2.23693e+007 2.23693e+007 2.23693e+007 2.23693e+007 2.23693e+007 2.23693e+007 2.23693e+007 2.23693e+007 2.23693e+007 2.23693e+007 2.23693e+007 2.23693e+007 2.23693e+007 2.23693e+007 2.23693e+007 2.23693e+007 2.23693e+007 2.23693e+007 2.23693e+007 2.23693e+007 2.23693e+007 2.23693e+007 2.23693e+007 2.23693e+007 2.23693e+007 2.23693e+007 2.23693e+007 2.23693e+007 2.23693e+007 2.23693e+007 2.23693e+007 2.23693e+007 2.23693e+007 2.23693e+007 2.23693e+007 2.23693e+007 2.23693e+007 2.23693e+007 2.23693e+007 0 0 0 0 0 0 0 0 0 0 0 0 0 0 0 0 0 0 0 0 0 0 0 0 0
#obs survey bio
 3.86588e+006 2.76493e+006 3.74556e+006 2.98391e+006 2.37551e+006 3.1064e+006 1.93087e+006 2.07433e+006 1.77519e+006 2.1759e+006 1.48269e+006 1.33481e+006 1.14544e+006 1.14411e+006 850089 913660 654533 959279 756878 802318 829692 600964 419946 684781 502862 616548 660701 404544 466620 540128 471244 406768 476845 522900 737043 568368 620192 633390 525109 438182 424827 694015 602413 605471 697963 431325 420798 778596 559532 442600
#pred catch bio
 100900 97145.2 148691 209325 225069 275457 277677 287433 316301 279427 276266 277894 260105 238835 226618 219399 177451 164650 147887 142514 133047 115305 119990 112278 115511 109965 110867 103080 97318 99087.4 105202 97415.7 90299.9 92235.4 94046.1 93502.6 89685.1 86329.5 82419.5 86450.7 81993.2 80602.9 97521 87356.9 87262.4 89160.8 88533.6 91605.7 83139.9 89922.6 82626.8 101967 105732 111586 118804 125970 132290 137471 141508 144538 146748 148326 149433 150200 150726 151083 151324 151486 151594 151666 151714 151746 151767 151781 151790 151796 151800 151802 151804 151805 151806 151806 151807 151807 151807 151807 151807 151807 151807 151807 151807 151807 151807 151807 151807 151807 151807 151807 151807 151807 151807 151807 151807 151807 151807 151807 151807 151807 151807 151807 151807 151807 151807 151807 151807 151807 151807 151807 151807 151807 151807 151807 151807 151807 151807 151807 151807 151807 151807 151807 151807 151807 151807 151807 151807 151807 151807 151807 151807 151807 151807 151807 151807 151807 151807 151807 151807 151807 151807 151807 0 0 0 0 0 0 0 0 0 0 0 0 0 0 0 0 0 0 0 0 0 0 0 0 0
#obs catch bio
 0 96893.9 148944 210372 225798 277548 280148 291149 321952 281786 278717 280521 262459 240820 229004 221556 179321 166136 149646 143449 133044 115314 121025 112880 116825 110741 111669 103522 98157.5 99856.1 106725 98237.3 90743.9 92878.7 93979.9 93650.2 89738.8 85474.7 81700 85891.1 81517.7 79930.5 97215 86730.2 86122.4 88547.6 88248.1 91082.8 82974.2 89943.4
#pred cpue bio
 4.04338e+006 3.85671e+006 3.68063e+006 3.46206e+006 3.19761e+006 2.93963e+006 2.65293e+006 2.39031e+006 2.14153e+006 1.88143e+006 1.67738e+006 1.48875e+006 1.30698e+006 1.1508e+006 1.02196e+006 908087 800808 738817 688990 654533 621286 593964 584665 569164 561617 549001 540819 529294 524925 526900 526520 517143 513685 515646 512022 501694 488623 480696 480123 487513 492341 503818 518819 514920 522566 531221 539779 552375 565358 593528 2.16978e+007 1.34993e+007 1.40703e+007 1.49328e+007 1.59925e+007 1.70543e+007 1.80072e+007 1.88075e+007 1.94506e+007 1.99522e+007 2.03352e+007 2.06239e+007 2.08397e+007 2.10003e+007 2.11197e+007 2.12087e+007 2.12751e+007 2.13249e+007 2.13625e+007 2.13909e+007 2.14126e+007 2.14292e+007 2.1442e+007 2.14518e+007 2.14595e+007 2.14654e+007 2.14701e+007 2.14737e+007 2.14766e+007 2.14788e+007 2.14806e+007 2.1482e+007 2.14831e+007 2.1484e+007 2.14847e+007 2.14852e+007 2.14857e+007 2.1486e+007 2.14863e+007 2.14865e+007 2.14867e+007 2.14868e+007 2.14869e+007 2.1487e+007 2.14871e+007 2.14871e+007 2.14872e+007 2.14872e+007 2.14872e+007 2.14873e+007 2.14873e+007 2.14873e+007 2.14873e+007 2.14873e+007 2.14873e+007 2.14873e+007 2.14873e+007 2.14873e+007 2.14873e+007 2.14874e+007 2.14874e+007 2.14874e+007 2.14874e+007 2.14874e+007 2.14874e+007 2.14874e+007 2.14874e+007 2.14874e+007 2.14874e+007 2.14874e+007 2.14874e+007 2.14874e+007 2.14874e+007 2.14874e+007 2.14874e+007 2.14874e+007 2.14874e+007 2.14874e+007 2.14874e+007 2.14874e+007 2.14874e+007 2.14874e+007 2.14874e+007 2.14874e+007 2.14874e+007 2.14874e+007 2.14874e+007 2.14874e+007 2.14874e+007 2.14874e+007 2.14874e+007 2.14874e+007 2.14874e+007 2.14874e+007 2.14874e+007 2.14874e+007 2.14874e+007 2.14874e+007 2.14874e+007 2.14874e+007 0 0 0 0 0 0 0 0 0 0 0 0 0 0 0 0 0 0 0 0 0 0 0 0 0
#obs cpue bio
 3.46254e+006 3.42178e+006 4.11681e+006 2.88281e+006 3.55292e+006 2.44313e+006 2.46535e+006 1.72541e+006 2.22108e+006 2.56146e+006 1.87688e+006 1.63662e+006 1.39249e+006 1.0934e+006 1.00474e+006 964718 692273 604382 438001 715455 704981 523009 522734 493393 433985 548875 446455 748656 384974 520722 383982 792717 618182 447163 649079 394958 429999 924144 463770 583572 596011 483454 425450 575154 817448 482765 559208 603294 384657 796688
#pred surv len freq
 0.00427924 0.00706389 0.0108483 0.0156829 0.021485 0.0279401 0.034487 0.0404723 0.0454018 0.0490989 0.0516717 0.0533658 0.0544335 0.0550714 0.0554042 0.0554914 0.0553438 0.0549346 0.0541766 0.0528632 0.0506244 0.0469928 0.0416295 0.0346198 0.0266181
 0.00460319 0.00749327 0.0113184 0.0160834 0.0217022 0.027918 0.0342659 0.0401731 0.0451595 0.0489866 0.0516653 0.0533697 0.0543452 0.0548446 0.0550768 0.0551688 0.0551491 0.0549477 0.0543914 0.0531832 0.0509045 0.0471074 0.0415296 0.034346 0.0262671
 0.00472849 0.00775145 0.0117995 0.0168833 0.0228734 0.0294083 0.0358876 0.0416442 0.0462132 0.0494862 0.0516454 0.0529785 0.0537411 0.0541242 0.0542756 0.0543084 0.0542778 0.0541386 0.0537037 0.0526228 0.0504182 0.0466186 0.0409909 0.0337692 0.0257114
 0.00489336 0.00800655 0.0121646 0.0173814 0.0235416 0.0303025 0.0370649 0.0431191 0.0479045 0.0511964 0.0531043 0.053942 0.0540843 0.0538709 0.0535519 0.0532698 0.0530609 0.052852 0.0524313 0.0514207 0.0493076 0.0455938 0.0400437 0.0329124 0.0249796
 0.00512534 0.00838222 0.012726 0.0181638 0.0245644 0.0315587 0.0385161 0.0447028 0.0495518 0.0528396 0.0546624 0.0552947 0.0550704 0.054329 0.0533852 0.0524874 0.0517697 0.0512113 0.0506048 0.0495462 0.047488 0.0439018 0.0385335 0.0316287 0.0239558
 0.00534424 0.00874131 0.0132725 0.018944 0.0256148 0.0328911 0.0401026 0.0464701 0.0513922 0.0546353 0.0563086 0.0567067 0.0561716 0.0550335 0.0535956 0.05212 0.0507954 0.049683 0.0486519 0.0473428 0.0452152 0.0417215 0.0365767 0.0299884 0.0226808
 0.00560709 0.00916936 0.0139183 0.0198573 0.0268336 0.0344276 0.0419271 0.048504 0.0535165 0.0567116 0.0582012 0.058299 0.0573738 0.0557793 0.0538315 0.0517971 0.0498755 0.0481621 0.0465893 0.044873 0.0425347 0.0390548 0.0341345 0.0279305 0.0210914
 0.00578666 0.00947825 0.0144148 0.0206068 0.0278954 0.0358337 0.0436609 0.0504931 0.0556446 0.0588412 0.0601957 0.0600355 0.0587482 0.0567082 0.054251 0.0516586 0.0491437 0.0468234 0.0446718 0.0424716 0.0398218 0.0362637 0.031514 0.0256885 0.0193488
 0.00592134 0.00970922 0.014786 0.0211702 0.0287048 0.0369311 0.0450612 0.0521715 0.0575334 0.0608363 0.0621685 0.0618494 0.0602746 0.0578387 0.0549014 0.051767 0.048667 0.0457402 0.0429964 0.0402764 0.037256 0.0335487 0.0289064 0.0234192 0.0175651
 0.00618678 0.0101282 0.0153939 0.0219937 0.0297596 0.0382193 0.0465645 0.0538471 0.0593156 0.0626431 0.0639088 0.0634278 0.0615955 0.058811 0.0554444 0.051814 0.048168 0.0446661 0.041351 0.0381173 0.0347147 0.0308328 0.0262693 0.0211005 0.0157269
 0.00643186 0.0105226 0.0159791 0.0228038 0.0308132 0.0395078 0.0480431 0.0554365 0.0609195 0.0641729 0.0652997 0.0646373 0.06259 0.0595507 0.0558767 0.0518753 0.047793 0.0438013 0.0399736 0.0362576 0.0324762 0.0283963 0.0238672 0.0189613 0.0140132
 0.00666884 0.0109133 0.0165769 0.0236599 0.031965 0.0409597 0.0497484 0.057293 0.0627864 0.0659027 0.0667698 0.0657695 0.0633525 0.0599465 0.0559218 0.0515777 0.0471411 0.0427682 0.0385367 0.0344288 0.0303305 0.0260831 0.0215905 0.0169296 0.0123797
 0.0069364 0.0113489 0.0172335 0.0245875 0.0332001 0.0425104 0.0515764 0.0593053 0.0648439 0.0678434 0.068437 0.0670361 0.0641392 0.0602285 0.0557221 0.0509468 0.0461322 0.0414194 0.036872 0.0324786 0.0281617 0.0238186 0.0194007 0.0149929 0.0108283
 0.00718915 0.0117599 0.0178523 0.0254596 0.0343587 0.0439615 0.0532842 0.0611866 0.0667777 0.0696913 0.0700633 0.0683225 0.064994 0.0605951 0.0555846 0.050329 0.0450863 0.0400097 0.0351631 0.0305368 0.0260698 0.0216911 0.0173817 0.013228 0.00942407
 0.00737399 0.0120685 0.0183316 0.0261582 0.0353164 0.0451931 0.0547634 0.0628405 0.0684975 0.0713533 0.0715488 0.0695299 0.0658433 0.0610302 0.0555749 0.0498718 0.0442064 0.0387561 0.0336031 0.0287525 0.0241594 0.0197719 0.015584 0.0116739 0.00819735
 0.00754 0.0123434 0.0187549 0.0267705 0.0361518 0.0462671 0.0560591 0.0643013 0.0700327 0.0728523 0.0728992 0.0706318 0.0666196 0.0614307 0.0555759 0.0494726 0.0434263 0.0376331 0.0321945 0.0271357 0.0224325 0.0180498 0.0139872 0.0103082 0.0071296
 0.00774586 0.0126779 0.0192577 0.0274777 0.0370879 0.047433 0.0574199 0.0657829 0.071531 0.0742533 0.0740982 0.0715453 0.067191 0.0616306 0.0553999 0.0489364 0.0425606 0.0364806 0.0308104 0.0255907 0.0208152 0.0164637 0.0125384 0.00908599 0.00618582
 0.00774661 0.012689 0.0192936 0.0275607 0.0372464 0.0476968 0.0578144 0.0663228 0.0722147 0.0750586 0.0749795 0.0724362 0.0680117 0.0622995 0.0558459 0.0491086 0.042434 0.0360577 0.0301203 0.024688 0.0197772 0.0153844 0.0115157 0.00820314 0.00549445
 0.00770019 0.0126229 0.0192123 0.0274762 0.0371777 0.0476679 0.0578518 0.0664527 0.0724593 0.0754299 0.0754741 0.0730308 0.0686627 0.062946 0.0564171 0.0495343 0.042656 0.0360406 0.0298582 0.0242071 0.019134 0.0146574 0.0107916 0.00755879 0.00498026
 0.00768306 0.0125812 0.019125 0.027318 0.0369294 0.0473305 0.0574575 0.0660641 0.0721542 0.0752797 0.075525 0.0732953 0.0691198 0.0635461 0.0570894 0.0501961 0.0432242 0.0364449 0.0300539 0.024184 0.0189184 0.0143062 0.0103785 0.00715553 0.00463992
 0.00786379 0.0128387 0.019444 0.0276585 0.037234 0.0475395 0.0575242 0.065967 0.0719043 0.0749226 0.075134 0.0729545 0.0689007 0.0634884 0.0571921 0.0504206 0.043506 0.0367097 0.0302348 0.0242374 0.0188338 0.014107 0.0101122 0.00687717 0.00439495
 0.00810944 0.013215 0.0199652 0.0283165 0.0379933 0.0483345 0.0582608 0.0665346 0.0722033 0.0748978 0.0747964 0.0723799 0.0682053 0.0627945 0.056597 0.0499773 0.0432189 0.0365429 0.0301308 0.024138 0.0186993 0.0139255 0.0098983 0.00666045 0.00420491
 0.00810205 0.0132252 0.0200209 0.0284552 0.03825 0.0487229 0.0587572 0.0670758 0.0727008 0.075262 0.0749619 0.072322 0.067946 0.0623958 0.0561433 0.0495513 0.0428789 0.0363101 0.0299898 0.024051 0.0186249 0.0138361 0.00978729 0.00653883 0.00409081
 0.00810901 0.0132404 0.0200522 0.0285159 0.0383597 0.0489059 0.0590372 0.0674643 0.0731831 0.0757882 0.075451 0.0726823 0.0681049 0.0623248 0.0558669 0.0491367 0.0424115 0.0358659 0.0296163 0.0237609 0.0184053 0.0136642 0.00964465 0.00641757 0.00399135
 0.00805414 0.0131555 0.0199329 0.0283626 0.0381796 0.0487154 0.0588638 0.067346 0.0731618 0.0758967 0.0756979 0.0730411 0.0685147 0.0627063 0.0561482 0.0492778 0.042415 0.0357695 0.0294714 0.0236115 0.0182755 0.0135594 0.00956022 0.00634816 0.00393484
 0.00801752 0.0131037 0.0198692 0.0282945 0.0381167 0.0486656 0.0588311 0.0673314 0.0731667 0.0759271 0.0757646 0.0731552 0.0686785 0.0629052 0.0563494 0.0494395 0.042503 0.0357713 0.0294 0.0234966 0.0181487 0.0134432 0.00946493 0.00627504 0.00388136
 0.00799692 0.0130622 0.0197929 0.0281678 0.0379286 0.0484189 0.0585483 0.067052 0.0729364 0.0757823 0.0757239 0.0732192 0.0688355 0.0631361 0.0566287 0.0497346 0.0427773 0.0359926 0.0295498 0.023575 0.018171 0.013431 0.00943759 0.00624539 0.00385582
 0.00815482 0.0132873 0.0200725 0.0284681 0.0382022 0.0486177 0.0586364 0.0670139 0.0727797 0.0755366 0.0754341 0.0729348 0.0685982 0.0629708 0.0565416 0.0497156 0.0428051 0.0360404 0.0295923 0.0235954 0.0181646 0.0134037 0.00940027 0.00620841 0.00382553
 0.00815892 0.0133125 0.0201426 0.0286117 0.0384384 0.0489384 0.0589949 0.0673324 0.0729767 0.0755604 0.0752833 0.0726546 0.0682594 0.0626435 0.0562759 0.0495347 0.0427071 0.0360063 0.0295957 0.023611 0.018175 0.0134017 0.00938722 0.00619 0.00380749
 0.00804531 0.0131403 0.0199084 0.0283251 0.0381246 0.0486379 0.0587588 0.0672092 0.0729923 0.075702 0.0755006 0.0728816 0.0684442 0.0627681 0.0563554 0.0496 0.0427855 0.0361091 0.0297172 0.0237353 0.0182851 0.0134862 0.00944342 0.00622191 0.00382252
 0.00783837 0.0128333 0.0195015 0.0278387 0.0375954 0.048111 0.0582824 0.0668318 0.072759 0.0756457 0.07563 0.0731729 0.0688441 0.0632096 0.0567798 0.0499737 0.043102 0.0363785 0.029952 0.0239412 0.0184599 0.0136251 0.00954438 0.0062881 0.00386131
 0.00777492 0.012719 0.0193106 0.027545 0.0371837 0.0475931 0.0577065 0.0662774 0.0723135 0.0753763 0.0755652 0.0733025 0.0691302 0.0636002 0.0572194 0.050412 0.0435024 0.0367227 0.0302374 0.0241737 0.0186464 0.0137702 0.00965106 0.00636065 0.00390617
 0.00770018 0.0125956 0.0191209 0.02727 0.036806 0.0471026 0.0571095 0.0656055 0.0716274 0.0747603 0.0751101 0.0730812 0.0691764 0.0638988 0.0577139 0.0510238 0.0441513 0.0373434 0.0307872 0.0246322 0.0190099 0.0140448 0.00984776 0.0064929 0.00398858
 0.00742896 0.0121915 0.0185809 0.026615 0.0360734 0.0463349 0.0563461 0.0648815 0.0709773 0.0742212 0.0747235 0.072891 0.0692203 0.0641959 0.0582519 0.0517545 0.0449989 0.0382214 0.0316178 0.0253593 0.019604 0.0144997 0.0101743 0.00671181 0.00412473
 0.00739747 0.012101 0.0183746 0.0262228 0.0354381 0.0454482 0.0552742 0.0637574 0.0699578 0.0734322 0.074227 0.0726885 0.0692812 0.0644854 0.0587418 0.0524168 0.0457937 0.0390906 0.0324914 0.0261689 0.0202977 0.0150502 0.010579 0.00698697 0.00429722
 0.00796987 0.0129137 0.0193765 0.0272842 0.0363772 0.046081 0.0554638 0.0634457 0.069178 0.0723036 0.0729282 0.0714119 0.0681835 0.0636583 0.0582131 0.0521707 0.0457917 0.0392824 0.0328171 0.0265631 0.0206975 0.0154062 0.0108625 0.00719066 0.00442972
 0.00840894 0.0136438 0.0204965 0.028872 0.038443 0.0485102 0.0579824 0.0656548 0.0706661 0.0727893 0.072356 0.0699518 0.0661501 0.0614004 0.056025 0.0502491 0.0442335 0.038107 0.0319935 0.0260323 0.0203885 0.0152487 0.0107962 0.00717132 0.00442968
 0.00841828 0.0137135 0.0207042 0.0293286 0.0392706 0.049799 0.0597418 0.0677757 0.0729126 0.0748301 0.0738381 0.0706001 0.0658566 0.0602578 0.0542868 0.0482375 0.0422447 0.0363498 0.0305744 0.0249721 0.0196516 0.0147715 0.0105086 0.00701017 0.00434584
 0.00826966 0.0134909 0.020409 0.0289858 0.0389373 0.0495692 0.0597415 0.0681375 0.0737274 0.0760911 0.0754055 0.0722152 0.0672087 0.0610821 0.0544506 0.0477762 0.0413326 0.0352252 0.0294587 0.0240163 0.0189231 0.0142699 0.0101943 0.0068304 0.00425191
 0.00817497 0.0133251 0.020139 0.0285783 0.0383726 0.0488627 0.0589619 0.0674109 0.073217 0.0759559 0.0757492 0.0730421 0.0684023 0.062423 0.0556763 0.0486649 0.0417729 0.0352401 0.029173 0.0235927 0.0185003 0.0139299 0.00996192 0.00669257 0.00418048
 0.00820178 0.0133571 0.0201646 0.0285759 0.0383126 0.0487125 0.0586958 0.067023 0.0727359 0.0754541 0.075338 0.0728449 0.0685108 0.0628538 0.0563505 0.0494263 0.0424432 0.0356849 0.029346 0.0235365 0.0183098 0.0137032 0.00976603 0.00655466 0.00409818
 0.0081698 0.0133079 0.0200952 0.0284841 0.0381954 0.0485643 0.0585078 0.0667854 0.0724435 0.0751148 0.0749818 0.0725282 0.0683098 0.0628428 0.0565699 0.0498562 0.0429992 0.0362454 0.0297989 0.0238206 0.0184277 0.0137033 0.00970987 0.00648975 0.0040484
 0.00800603 0.0130665 0.0197782 0.02811 0.0377942 0.0481691 0.0581472 0.06648 0.0722041 0.0749425 0.074871 0.0724732 0.0683147 0.0629263 0.0567606 0.0501753 0.0434394 0.0367604 0.030314 0.0242603 0.0187452 0.0138933 0.00979961 0.00651872 0.00405008
 0.00803592 0.0131069 0.0198246 0.0281549 0.0378313 0.0481985 0.0581773 0.0665223 0.0722635 0.075008 0.0749156 0.0724647 0.068232 0.0627732 0.0565686 0.0499938 0.0433171 0.0367242 0.030358 0.0243508 0.0188393 0.0139593 0.00982775 0.00651745 0.00403479
 0.00817969 0.0132968 0.0200296 0.0283192 0.0378908 0.0481062 0.0579253 0.066148 0.0718372 0.0746095 0.07461 0.0722858 0.0681768 0.0628109 0.056659 0.0501067 0.043441 0.0368625 0.0305149 0.0245205 0.0190038 0.0140979 0.00992713 0.00657699 0.00406373
 0.00832304 0.0135253 0.0203619 0.0287613 0.0384248 0.0486796 0.0584486 0.0665113 0.0719481 0.0744334 0.0741884 0.0717192 0.0675834 0.0622842 0.0562467 0.0498137 0.0432484 0.0367466 0.0304574 0.0245073 0.0190212 0.0141299 0.00995944 0.00660055 0.00407642
 0.00835808 0.0135967 0.0204958 0.0289903 0.0387789 0.0491706 0.059055 0.0671708 0.0725639 0.0748962 0.0744065 0.0716488 0.0672448 0.0617552 0.0556335 0.0492152 0.0427307 0.0363377 0.0301569 0.0243003 0.0188879 0.0140504 0.00991529 0.00657705 0.00406356
 0.00845113 0.0137256 0.0206497 0.0291489 0.038923 0.0492964 0.0591817 0.0673336 0.0727929 0.0751921 0.0747288 0.0719246 0.0673961 0.0617311 0.055431 0.0488784 0.0423309 0.0359453 0.0298212 0.0240431 0.0187085 0.0139354 0.00984716 0.00653939 0.0040438
 0.00857531 0.0139193 0.0209244 0.0295058 0.0393481 0.0497573 0.0596288 0.0677108 0.0730571 0.0753311 0.0747625 0.0718871 0.0673101 0.0615942 0.0552234 0.048585 0.0419595 0.0355303 0.0294106 0.0236801 0.018419 0.0137252 0.00970712 0.00645325 0.00399463
 0.00835696 0.0136137 0.020556 0.0291285 0.0390309 0.0495597 0.05958 0.0678038 0.0732574 0.0755928 0.0750452 0.0721651 0.0675733 0.0618394 0.0554431 0.0487623 0.0420745 0.0355723 0.029387 0.023614 0.0183388 0.0136533 0.00965441 0.00642048 0.00397705
#obs surv len freq
 nan nan nan nan nan nan nan nan nan nan nan nan nan nan nan nan nan nan nan nan nan nan nan nan nan
 0.00448282 0.00734349 0.0111731 0.0159896 0.0216911 0.0279679 0.0342834 0.0400157 0.0446958 0.0481597 0.0505172 0.0520124 0.052904 0.0534157 0.0537295 0.053984 0.0542622 0.0545548 0.0546934 0.0542853 0.0527233 0.0493555 0.0438053 0.0362855 0.0276693
 0.00461877 0.00756469 0.011506 0.0164581 0.0223108 0.0287372 0.0351747 0.040973 0.0456415 0.0490095 0.051196 0.0524653 0.0531021 0.0533573 0.0534355 0.0534908 0.0536128 0.0537915 0.0538551 0.0534087 0.0518471 0.0485225 0.04306 0.0356655 0.0271954
 0.00477827 0.00782803 0.0119097 0.0170384 0.0230959 0.0297352 0.0363614 0.0422866 0.0469907 0.0502894 0.0523045 0.0533151 0.0536288 0.0535242 0.0532364 0.0529482 0.0527716 0.0527106 0.0526005 0.0520505 0.0504605 0.0471882 0.041858 0.0346621 0.0264271
 0.00496948 0.00813988 0.0123812 0.0177071 0.0239916 0.0308695 0.0377156 0.0438057 0.0485881 0.0518594 0.0537368 0.0545056 0.0544875 0.0539822 0.0532519 0.0525106 0.0519022 0.0514602 0.0510453 0.0502879 0.0486061 0.0453693 0.0402008 0.0332693 0.0253568
 0.00518066 0.00848673 0.0129097 0.0184623 0.0250087 0.0321602 0.0392542 0.0455249 0.0503888 0.0536294 0.0553671 0.0558976 0.0555539 0.0546475 0.053455 0.052211 0.0510874 0.0501527 0.0493077 0.0482252 0.0463627 0.0431177 0.0381174 0.0315014 0.0239899
 0.00542239 0.0088795 0.0135007 0.0192957 0.0261185 0.0335574 0.0409133 0.0473782 0.052334 0.0555479 0.0571417 0.0574241 0.0567447 0.0554301 0.0537696 0.0520096 0.0503383 0.0488512 0.0474906 0.045985 0.0438523 0.0405395 0.0356914 0.0294181 0.0223663
 0.00566515 0.00927924 0.0141116 0.020171 0.0272996 0.0350573 0.0426995 0.0493687 0.0544101 0.0575788 0.0590058 0.0590192 0.0579884 0.0562562 0.0541238 0.0518463 0.0496214 0.0475624 0.0456466 0.0436591 0.0411904 0.0377547 0.0330307 0.027106 0.0205483
 0.0058991 0.00966322 0.0146966 0.0210077 0.0284296 0.0364986 0.0444309 0.0513216 0.0564769 0.0596314 0.0609156 0.060672 0.0592913 0.0571386 0.054533 0.0517415 0.0489695 0.0463422 0.0438642 0.0413724 0.0385308 0.0349306 0.0302966 0.0247036 0.0186425
 0.00613421 0.0100493 0.0152849 0.0218485 0.0295628 0.0379385 0.0461509 0.0532491 0.0585033 0.0616332 0.0627731 0.0622801 0.0605624 0.0580029 0.0549371 0.0516447 0.0483411 0.0451628 0.0421376 0.0391475 0.0359265 0.0321433 0.0275757 0.0222936 0.0167168
 0.00637155 0.0104361 0.0158688 0.022675 0.0306666 0.0393306 0.0478045 0.0550942 0.0604358 0.0635339 0.0645273 0.0637883 0.0617452 0.0587991 0.0553004 0.0515393 0.0477388 0.0440449 0.0405056 0.0370439 0.033458 0.0294904 0.0249725 0.0199751 0.0148541
 0.00662231 0.0108476 0.016495 0.0235673 0.0318626 0.0408368 0.0495794 0.0570447 0.0624329 0.0654399 0.0662204 0.0651755 0.0627623 0.0594061 0.0554739 0.051265 0.0470061 0.0428471 0.0388497 0.03497 0.0310625 0.026937 0.0224759 0.017753 0.0130669
 0.00685716 0.0112341 0.0170851 0.0244122 0.0330021 0.0422829 0.051299 0.058953 0.0644045 0.0673324 0.0678997 0.0665329 0.0637229 0.059929 0.0555458 0.0508898 0.0461947 0.0416125 0.0372126 0.0329751 0.0287992 0.0245517 0.0201588 0.0156974 0.0114157
 0.00706853 0.0115812 0.0176141 0.0251683 0.034021 0.0435765 0.0528412 0.0606734 0.0661969 0.0690738 0.069469 0.0678247 0.0646555 0.0604483 0.0556266 0.0505311 0.0454121 0.0404319 0.0356692 0.0311231 0.0267267 0.0223907 0.0180755 0.0138583 0.00994242
 0.0072662 0.0119071 0.0181127 0.0258832 0.0349858 0.0448 0.054293 0.06228 0.0678523 0.070661 0.0708793 0.0689686 0.0654662 0.0608817 0.0556596 0.0501599 0.0446496 0.0393044 0.0342172 0.0294062 0.024833 0.0204415 0.0162161 0.0122299 0.00864537
 0.00746015 0.012223 0.0185893 0.0265566 0.0358823 0.0459248 0.055618 0.0637392 0.0693503 0.0720899 0.0721371 0.0699718 0.0661549 0.0612204 0.055634 0.0497726 0.0439159 0.0382508 0.032883 0.0278493 0.0231363 0.0187149 0.0145858 0.0108143 0.0075256
 0.00753603 0.0123526 0.0187964 0.0268686 0.0363259 0.046519 0.0563656 0.064622 0.0703299 0.0731123 0.0731383 0.0708827 0.0669078 0.0617548 0.0559032 0.0497473 0.0435854 0.0376225 0.0319835 0.0267267 0.0218638 0.0173894 0.0133173 0.00970469 0.00664431
 0.00759569 0.0124418 0.0189171 0.0270198 0.0365077 0.0467372 0.0566341 0.0649601 0.0707547 0.0736296 0.0737361 0.0715286 0.0675518 0.0623358 0.0563571 0.0500162 0.0436249 0.0374087 0.0315171 0.0260362 0.0210065 0.0164474 0.012386 0.00887372 0.0059762
 0.00764044 0.0125073 0.019002 0.0271179 0.0366094 0.0468327 0.0567179 0.0650347 0.0708339 0.0737382 0.0739041 0.0717801 0.0678921 0.0627435 0.0567849 0.0503995 0.0438959 0.0375106 0.0314157 0.0257287 0.020524 0.0158512 0.0117556 0.0082874 0.0054923
 0.00770984 0.0126123 0.0191451 0.0272952 0.0368105 0.0470414 0.0569138 0.0651961 0.0709438 0.0737917 0.0739132 0.0717725 0.0679028 0.0628015 0.0568999 0.050555 0.0440509 0.0376107 0.0314101 0.0255861 0.0202442 0.0154667 0.0113223 0.00786784 0.00513671
 0.00780501 0.0127614 0.0193582 0.0275764 0.0371549 0.0474324 0.0573206 0.0655761 0.0712508 0.0739882 0.0739809 0.0717178 0.067754 0.0626011 0.0566923 0.050373 0.0439052 0.0374871 0.0312768 0.0254091 0.0200038 0.0151678 0.0109933 0.00754905 0.00486461
 0.00781007 0.0127743 0.0193864 0.0276298 0.0372439 0.0475639 0.0574942 0.065782 0.0714706 0.0741978 0.074155 0.0718354 0.0678036 0.0625846 0.0566252 0.0502787 0.0438058 0.0373937 0.0311848 0.0253023 0.0198654 0.0149922 0.0107916 0.00734488 0.00468372
 0.00784623 0.0128233 0.0194426 0.027683 0.037284 0.0475872 0.0575075 0.065801 0.0715126 0.0742729 0.0742607 0.0719561 0.0679169 0.062669 0.0566672 0.0502767 0.0437684 0.0373334 0.0311108 0.0252166 0.019764 0.0148723 0.0106574 0.00720892 0.00456152
 0.00784873 0.0128276 0.0194491 0.0276911 0.0372909 0.0475872 0.0574928 0.065766 0.071459 0.0742135 0.0742166 0.0719483 0.0679562 0.0627503 0.0567718 0.050381 0.0438533 0.0373888 0.0311352 0.025212 0.0197335 0.0148192 0.0105876 0.00713182 0.00448822
 0.00787831 0.0128667 0.0194915 0.0277258 0.0373057 0.0475736 0.0574502 0.0657008 0.0713814 0.0741333 0.0741427 0.0718902 0.0679241 0.0627532 0.0568126 0.0504527 0.0439406 0.0374738 0.0312027 0.0252536 0.019747 0.0148074 0.0105567 0.0070903 0.00444519
 0.00790185 0.0129054 0.0195496 0.0278061 0.0374062 0.0476852 0.0575553 0.0657772 0.0714097 0.0741055 0.0740651 0.0717806 0.0678051 0.0626453 0.0567307 0.0504044 0.0439247 0.0374818 0.0312219 0.025271 0.0197535 0.0147995 0.0105361 0.00706227 0.00441587
 0.00789831 0.012899 0.0195393 0.027791 0.037387 0.0476649 0.0575391 0.0657702 0.0714135 0.0741159 0.0740734 0.0717782 0.0677888 0.0626197 0.0567056 0.0503905 0.0439292 0.0375054 0.0312588 0.0253117 0.0197884 0.0148221 0.0105446 0.00705922 0.0044062
 0.00791024 0.0129119 0.0195468 0.0277835 0.0373547 0.0476022 0.0574488 0.0656641 0.0713095 0.0740317 0.0740214 0.0717616 0.0678025 0.0626535 0.0567499 0.0504398 0.0439822 0.0375629 0.0313201 0.025373 0.0198438 0.0148658 0.0105739 0.00707472 0.0044114
 0.00788105 0.0128683 0.0194879 0.0277102 0.0372686 0.0475037 0.0573375 0.0655406 0.0711786 0.0739053 0.0739167 0.071697 0.0677904 0.0626959 0.0568383 0.0505588 0.044116 0.0376986 0.0314491 0.0254897 0.0199437 0.0149456 0.0106322 0.00711285 0.00443322
 0.00787046 0.0128455 0.0194436 0.0276337 0.0371509 0.047344 0.0571461 0.0653382 0.0709895 0.0737496 0.0738065 0.0716369 0.0677818 0.0627386 0.0569296 0.0506914 0.0442774 0.0378731 0.0316217 0.0256481 0.0200796 0.0150547 0.0107133 0.00716822 0.00446743
 0.00787276 0.0128467 0.0194404 0.0276202 0.0371195 0.047286 0.0570542 0.0652099 0.0708304 0.0735748 0.0736378 0.0714977 0.0676899 0.0627033 0.0569514 0.0507645 0.0443914 0.0380146 0.0317755 0.0257995 0.0202161 0.0151681 0.0108 0.00722901 0.00450623
 0.00784095 0.0127985 0.0193745 0.0275375 0.0370225 0.0471779 0.0569382 0.065089 0.0707077 0.0734542 0.0735253 0.0714023 0.0676234 0.0626774 0.056974 0.050837 0.0445081 0.0381642 0.0319429 0.0259687 0.0203727 0.0153012 0.010904 0.00730335 0.00455466
 0.00778892 0.0127117 0.0192405 0.027345 0.0367659 0.0468635 0.0565881 0.0647398 0.0704012 0.0732252 0.0733929 0.071368 0.0676767 0.0628027 0.0571562 0.0510628 0.0447653 0.0384396 0.0322215 0.0262345 0.0206108 0.0155003 0.0110584 0.0074137 0.00462689
 0.00776763 0.0126724 0.0191724 0.027235 0.0366011 0.0466359 0.0563003 0.0644079 0.0700546 0.0729017 0.0731313 0.0711996 0.0676181 0.0628535 0.0573017 0.0512807 0.0450315 0.0387317 0.0325196 0.0265206 0.020869 0.0157182 0.0112293 0.0075373 0.00470873
 0.00774241 0.0126305 0.0191074 0.0271399 0.036469 0.0464615 0.0560823 0.0641511 0.0697712 0.0726115 0.0728607 0.0709785 0.0674749 0.0628082 0.0573613 0.0514371 0.0452645 0.0390146 0.0328244 0.0268216 0.021145 0.0159537 0.0114157 0.00767331 0.00479962
 0.00932557 0.0148474 0.0217849 0.0298962 0.0388251 0.0480177 0.0566581 0.063811 0.0687434 0.0711697 0.0712384 0.0693398 0.0659232 0.0614071 0.0561487 0.0504319 0.0444686 0.0384148 0.0323959 0.0265332 0.0209642 0.0158499 0.0113626 0.00765033 0.00479224
 0.00930376 0.015106 0.0226925 0.0319104 0.0422938 0.0529102 0.0623941 0.0693551 0.0729722 0.0733138 0.071135 0.0673758 0.0627654 0.0577167 0.0524188 0.0469601 0.0414031 0.0358118 0.0302607 0.024842 0.0196752 0.0149103 0.0107122 0.00722654 0.00453457
 0.00897385 0.0145866 0.0219639 0.0310225 0.0414192 0.0523802 0.0626595 0.0708242 0.0757655 0.0770814 0.0750997 0.0706269 0.0646373 0.0580195 0.0514089 0.0451287 0.0392458 0.0336937 0.0283906 0.0233069 0.0184866 0.0140388 0.0101088 0.00683417 0.00429679
 0.00879562 0.0142868 0.0214948 0.0303371 0.0404893 0.0512298 0.0614066 0.0697084 0.0751279 0.0772698 0.0763134 0.0727713 0.0672909 0.0605705 0.053302 0.0460764 0.0392856 0.0330904 0.0274741 0.0223479 0.0176485 0.0133878 0.0096474 0.00653278 0.00411499
 0.00871384 0.0141501 0.0212812 0.0300212 0.0400445 0.0506351 0.060658 0.0688363 0.0742167 0.0764718 0.0758383 0.0728332 0.0680141 0.0618969 0.0549687 0.0477003 0.0405198 0.0337572 0.0276006 0.0221017 0.0172327 0.0129618 0.00929857 0.00628662 0.00396065
 0.00868653 0.0141017 0.0212006 0.0298944 0.0398562 0.0503713 0.0603096 0.0684015 0.0737049 0.075911 0.0752874 0.0723903 0.0678074 0.0620444 0.0555162 0.0485723 0.0415262 0.034665 0.0282323 0.0223988 0.0172516 0.012818 0.00910378 0.0061128 0.00383614
 0.00868746 0.0141018 0.0211977 0.0298844 0.0398326 0.0503247 0.0602278 0.0682713 0.0735143 0.0756542 0.0749703 0.0720386 0.0674726 0.0618026 0.05545 0.0487362 0.0419101 0.0351829 0.0287523 0.0228006 0.0174758 0.0128774 0.00905686 0.00602486 0.0037525
 0.00869314 0.01411 0.021208 0.0298955 0.0398422 0.0503295 0.0602232 0.0682507 0.0734694 0.0755752 0.0748489 0.0718716 0.0672687 0.0615878 0.0552686 0.0486413 0.0419424 0.0353476 0.0290087 0.0230763 0.0177 0.0130112 0.00910242 0.0060119 0.00371578
 0.00866693 0.0140727 0.0211619 0.0298458 0.0397959 0.0502923 0.0601977 0.068236 0.0734612 0.0755672 0.0748332 0.0718403 0.0672154 0.0615123 0.0551811 0.0485645 0.0419066 0.0353775 0.0291089 0.023225 0.0178576 0.0131393 0.00918113 0.00604344 0.00371642
 0.00866176 0.0140615 0.0211399 0.0298081 0.039739 0.0502182 0.0601149 0.0681584 0.0734029 0.0755368 0.0748301 0.0718555 0.0672358 0.0615257 0.055181 0.0485533 0.041896 0.0353844 0.0291471 0.0232964 0.0179494 0.0132303 0.00925228 0.00608664 0.00373494
 0.00863551 0.0140229 0.0210893 0.0297477 0.0396723 0.0501474 0.0600412 0.068083 0.0733296 0.0754732 0.0747862 0.0718396 0.0672501 0.0615646 0.0552337 0.0486089 0.0419484 0.0354349 0.0292014 0.0233597 0.0180209 0.0133023 0.0093144 0.00613156 0.00376146
 0.00862495 0.0140035 0.0210564 0.0296964 0.0395992 0.050054 0.059935 0.0679764 0.073236 0.0754024 0.0747428 0.0718239 0.0672605 0.0615989 0.0552881 0.0486772 0.0420235 0.0355105 0.0292748 0.0234304 0.0180889 0.0133655 0.00936867 0.00617303 0.00378893
 0.00862194 0.0139991 0.0210503 0.0296881 0.0395874 0.0500359 0.0599067 0.0679345 0.0731803 0.0753372 0.0746766 0.0717667 0.0672206 0.0615808 0.0552922 0.0487011 0.0420626 0.0355596 0.0293287 0.0234854 0.018142 0.0134142 0.00941047 0.0062058 0.00381182
 0.00862839 0.0140066 0.0210562 0.0296884 0.0395777 0.0500138 0.0598728 0.0678921 0.0731335 0.0752894 0.0746301 0.0717236 0.0671842 0.0615554 0.0552819 0.0487081 0.0420862 0.0355966 0.0293745 0.0235349 0.0181908 0.0134588 0.00944832 0.00623529 0.00383267
 0.00863281 0.0140172 0.0210782 0.0297276 0.0396383 0.0500942 0.0599637 0.0679779 0.0731969 0.0753179 0.0746195 0.071678 0.067113 0.0614702 0.0551942 0.0486278 0.0420207 0.0355499 0.0293469 0.0235239 0.0181923 0.0134679 0.00946073 0.0062476 0.00384278
#pred catch len freq
 0.00344309 0.00554676 0.00828799 0.0116848 0.0157624 0.0205137 0.0258347 0.031505 0.0372289 0.042698 0.0476394 0.0518507 0.0552265 0.0577591 0.0595091 0.0605657 0.0610182 0.0609301 0.0602892 0.0589297 0.0564823 0.0524514 0.0464735 0.0386511 0.0297187
 0.00372373 0.00592597 0.00871918 0.0120844 0.0160427 0.0206286 0.0258093 0.0314219 0.0371769 0.0427147 0.0476865 0.0518387 0.0550706 0.0574337 0.0590714 0.0601384 0.0607382 0.0608848 0.0604703 0.0592296 0.0567398 0.052528 0.0463165 0.0383079 0.0292981
 0.00385421 0.00616779 0.0091319 0.0127257 0.0169357 0.021723 0.026964 0.0324386 0.037879 0.0430253 0.047649 0.0515654 0.0546625 0.0569352 0.0584852 0.0594752 0.0600515 0.0602597 0.0599749 0.058869 0.0564501 0.0522162 0.0459208 0.0378334 0.0288067
 0.00403939 0.00645211 0.00953376 0.0132643 0.0176426 0.0226476 0.0281586 0.0339147 0.0395552 0.0447072 0.0490731 0.0524953 0.0549803 0.0566669 0.0577544 0.0584321 0.0588286 0.0589653 0.0586963 0.0576657 0.0553426 0.051194 0.04497 0.0369642 0.0280557
 0.00426777 0.00681234 0.0100552 0.0139672 0.0185358 0.0237285 0.0294134 0.0353235 0.0410947 0.0463406 0.0507224 0.0540151 0.0561672 0.0573169 0.0577408 0.0577525 0.057594 0.0573474 0.0568732 0.0557865 0.0535165 0.049495 0.0434506 0.0356674 0.0270156
 0.00451343 0.00720199 0.0106246 0.0147458 0.0195452 0.0249775 0.0308894 0.0369846 0.0428702 0.0481411 0.0524528 0.0555806 0.0574658 0.0582285 0.0581328 0.0575129 0.0566786 0.0558098 0.0548559 0.0534829 0.0511269 0.0471966 0.0413844 0.0339328 0.0256648
 0.0047842 0.00763096 0.0112506 0.0156011 0.0206546 0.0263544 0.0325275 0.0388473 0.0448858 0.0502052 0.0544396 0.0573585 0.0589133 0.0592415 0.0586218 0.0573987 0.0559011 0.0543544 0.052784 0.0509427 0.0483359 0.0444016 0.0388153 0.0317633 0.0239865
 0.00499206 0.00797121 0.0117682 0.0163425 0.0216628 0.0276591 0.034132 0.0407181 0.0469508 0.0523599 0.0565565 0.0592995 0.0605425 0.0604378 0.0592858 0.0574531 0.0552906 0.0530538 0.0508201 0.0484199 0.0454467 0.041406 0.0359905 0.0293402 0.0221001
 0.00518506 0.00828283 0.0122351 0.0170026 0.0225543 0.0288164 0.0355753 0.0424409 0.0489082 0.0544648 0.058685 0.0613054 0.0622768 0.0617664 0.0600987 0.0576661 0.0548439 0.051916 0.0490034 0.0460048 0.0426018 0.0383822 0.0330787 0.0268021 0.0201032
 0.00544896 0.00869207 0.0128157 0.0177702 0.0235179 0.0299827 0.0369473 0.0440109 0.0506489 0.0563218 0.0605745 0.0631175 0.0638854 0.063043 0.0609258 0.0579464 0.0545042 0.0509131 0.0473359 0.0437355 0.0398781 0.0354385 0.030201 0.0242612 0.0180836
 0.00572913 0.00913052 0.0134442 0.0186076 0.0245692 0.0312369 0.0383744 0.0455611 0.0522592 0.057927 0.0621143 0.0645354 0.0651215 0.0640273 0.061577 0.0581765 0.054229 0.0500663 0.0458891 0.0417221 0.0374165 0.0327353 0.0275216 0.0218672 0.0161616
 0.00602341 0.00959729 0.0141255 0.019536 0.0257637 0.0326952 0.0400621 0.0474048 0.0541506 0.0597397 0.0637274 0.0658542 0.0660885 0.0646189 0.0617874 0.057997 0.0536352 0.0490214 0.0443647 0.0397316 0.0350462 0.0301571 0.0249699 0.019582 0.01432
 0.00633224 0.0100849 0.0148336 0.0204971 0.0269989 0.0342101 0.0418359 0.0493784 0.0562217 0.0617696 0.0655586 0.0673373 0.06711 0.0651202 0.0617657 0.0574872 0.0526827 0.0476611 0.04262 0.037636 0.0326765 0.0276551 0.0225326 0.0174156 0.0125788
 0.00662061 0.0105402 0.0154947 0.0213939 0.028151 0.0356226 0.0434912 0.0512271 0.0581793 0.0637206 0.0673669 0.0688609 0.06822 0.0657215 0.0618119 0.0569837 0.0516752 0.0462154 0.040807 0.0355311 0.0303756 0.0252913 0.0202733 0.015431 0.0109943
 0.00685894 0.0109211 0.0160566 0.0221701 0.0291665 0.036887 0.0449891 0.0529099 0.0599656 0.0655036 0.0690268 0.0702769 0.0692826 0.0663431 0.0619359 0.0565907 0.0507835 0.0448762 0.0390961 0.0335435 0.0282261 0.0231171 0.018227 0.0136561 0.00958994
 0.0070966 0.0112973 0.0166045 0.0229165 0.0301298 0.0380731 0.0463835 0.0544694 0.061615 0.0671415 0.0705374 0.0715455 0.0702108 0.0668594 0.0619996 0.0561908 0.0499355 0.0436209 0.0374989 0.031695 0.0262411 0.0211307 0.0163809 0.0120744 0.00835187
 0.0072629 0.0115648 0.0170029 0.0234738 0.0308704 0.0390128 0.0475207 0.0557765 0.0630347 0.0685889 0.0719085 0.0727305 0.0711095 0.0673952 0.0621277 0.0558979 0.0492363 0.0425532 0.036122 0.0300908 0.024515 0.0194062 0.0147856 0.0107165 0.00729654
 0.00727413 0.0115904 0.017056 0.0235746 0.0310456 0.0392931 0.047936 0.0563495 0.063773 0.0694767 0.0729014 0.0737558 0.0720747 0.0682015 0.0626859 0.0561416 0.0491304 0.0420962 0.0353456 0.0290581 0.0233168 0.0181537 0.0135946 0.00968613 0.00648841
 0.00720629 0.0114923 0.0169319 0.0234384 0.0309203 0.0392085 0.047926 0.0564491 0.0640131 0.0698774 0.0734634 0.0744548 0.0728594 0.0689974 0.0634047 0.0566948 0.0494441 0.0421246 0.0350792 0.0285267 0.0225868 0.0173181 0.0127565 0.00893711 0.00588904
 0.00719386 0.0114613 0.0168659 0.0233174 0.0307283 0.0389445 0.0476132 0.0561361 0.0637645 0.0697579 0.0735223 0.0747155 0.0733133 0.0696035 0.0640933 0.0573775 0.0500276 0.0425277 0.035249 0.02845 0.0222934 0.0168739 0.0122471 0.00844581 0.00547723
 0.0073629 0.0117009 0.0171603 0.0236269 0.0309968 0.0391144 0.0476409 0.0560036 0.0634866 0.0693835 0.0731276 0.0743868 0.073124 0.0695939 0.0642606 0.0576777 0.0503872 0.0428611 0.035479 0.028526 0.0222036 0.0166463 0.0119381 0.00812093 0.00519041
 0.00755669 0.0119937 0.0175582 0.0241168 0.0315453 0.0396688 0.0481325 0.056356 0.063633 0.0692885 0.0728041 0.0738967 0.0725637 0.0690672 0.063851 0.0574277 0.0502911 0.0428724 0.0355288 0.0285474 0.0221523 0.0165121 0.0117425 0.00790334 0.00499019
 0.00758799 0.012058 0.0176791 0.0243232 0.031862 0.0401025 0.0486591 0.056917 0.0641447 0.0696628 0.0729711 0.0738253 0.0722715 0.0686182 0.0633377 0.0569438 0.0499043 0.0426079 0.0353697 0.0284496 0.0220678 0.0164085 0.0116124 0.00776008 0.00485544
 0.0075778 0.0120471 0.0176746 0.0243394 0.0319218 0.0402362 0.0488983 0.0572822 0.0646286 0.0702178 0.0735117 0.0742492 0.0724926 0.0685965 0.063092 0.0565423 0.0494386 0.0421618 0.0349958 0.028162 0.0218514 0.0162374 0.0114664 0.00763162 0.004747
 0.00754576 0.0119979 0.0176064 0.0242532 0.0318231 0.0401365 0.0488173 0.0572482 0.0646751 0.0703733 0.0737849 0.0746158 0.072893 0.0689501 0.063325 0.0566151 0.0493589 0.0419759 0.0347649 0.0279375 0.0216609 0.0160859 0.0113471 0.00753651 0.004672
 0.00749349 0.0119224 0.0175102 0.0241447 0.0317139 0.040038 0.0487378 0.0571941 0.0646535 0.070395 0.073864 0.0747639 0.0731099 0.0692147 0.063595 0.0568383 0.0494926 0.0420042 0.0347026 0.0278196 0.0215249 0.015959 0.0112417 0.00745486 0.0046117
 0.00748312 0.0118988 0.0174629 0.0240612 0.0315842 0.0398617 0.0485288 0.0569794 0.0644661 0.0702641 0.0738087 0.0747924 0.0732216 0.0694008 0.063836 0.057103 0.0497416 0.042201 0.0348257 0.0278687 0.0215174 0.0159193 0.0111915 0.00740793 0.00457414
 0.00761058 0.0120781 0.0176804 0.0242851 0.0317716 0.0399711 0.0485323 0.0568701 0.0642594 0.0699945 0.0735226 0.0745371 0.073034 0.0693006 0.0638238 0.0571632 0.0498472 0.0423197 0.0349277 0.0279344 0.0215419 0.0159106 0.011164 0.0073751 0.00454501
 0.00759125 0.0120636 0.0176885 0.024339 0.0318891 0.0401495 0.0487397 0.0570503 0.0643528 0.0699636 0.0733683 0.0742973 0.0727674 0.0690655 0.0636614 0.0570899 0.0498557 0.0423855 0.0350193 0.0280229 0.0216082 0.0159481 0.0111764 0.00737163 0.0045349
 0.00748501 0.011905 0.0174773 0.0240881 0.0316253 0.0399115 0.0485714 0.0569888 0.0644115 0.0701211 0.0735716 0.0744842 0.0728946 0.0691252 0.0636783 0.0571024 0.0498949 0.0424633 0.0351276 0.0281419 0.0217169 0.0160322 0.0112317 0.00740199 0.0045481
 0.0073071 0.0116437 0.0171362 0.0236887 0.0312016 0.039501 0.0482093 0.0567074 0.0642416 0.0700877 0.0736844 0.074727 0.0732236 0.069482 0.0640115 0.0573846 0.0501261 0.0426591 0.0353037 0.028304 0.0218609 0.0161503 0.0113187 0.00745892 0.00458086
 0.00720659 0.0114786 0.0168858 0.0233366 0.0307435 0.0389546 0.0476211 0.0561481 0.063789 0.0698042 0.073602 0.0748441 0.0735114 0.0698926 0.064487 0.0578683 0.050574 0.0430474 0.0356277 0.0285693 0.0220745 0.0163169 0.0114416 0.00754259 0.00463261
 0.00709026 0.0112952 0.0166197 0.0229752 0.0302772 0.0383797 0.0469462 0.0554042 0.0630364 0.0691302 0.0731043 0.0746045 0.0735703 0.0702367 0.0650556 0.0585736 0.0513248 0.0437681 0.0362678 0.0291043 0.0224993 0.0166381 0.0116718 0.00769747 0.00472916
 0.0068228 0.0108993 0.0160956 0.0223465 0.0295821 0.0376562 0.0462225 0.0546999 0.0623714 0.068535 0.0726259 0.0743032 0.0735058 0.0704487 0.0655448 0.059295 0.0521964 0.0446923 0.0371544 0.0298871 0.0231423 0.0171321 0.0120272 0.00793603 0.00487768
 0.00679324 0.0108215 0.0159253 0.0220285 0.0290691 0.0369357 0.0453365 0.0537413 0.0614547 0.067759 0.0720503 0.0739505 0.0733795 0.0705489 0.0658711 0.0598358 0.0529167 0.0455293 0.0380273 0.030715 0.023862 0.0177084 0.0124532 0.00822676 0.00506035
