SBPRF35
10.0091
Curr Bio
524346
B35
742773
F35
0.188567
FOFL
0.136255
OFL
60730.3
Bzero
2.85975e+006
#pred survey bio
 4.27682e+006 4.09193e+006 3.90806e+006 3.67499e+006 3.40073e+006 3.10709e+006 2.83738e+006 2.52592e+006 2.24143e+006 1.95846e+006 1.7055e+006 1.49257e+006 1.3227e+006 1.17088e+006 1.03408e+006 915834 824908 760563 702427 665797 637192 611423 590933 579878 585237 586323 575654 573179 579459 580795 582738 583437 573443 570408 552719 542055 532223 530808 537314 535132 550579 551874 554343 565544 578079 581428 587644 587503 597329 600480 604393 591690 580871 562521 523242 567363 613385 593117 544937 575819 561605 529580 1.93169e+007 1.18851e+007 1.24607e+007 1.35564e+007 1.49433e+007 1.63777e+007 1.76993e+007 1.883e+007 1.97497e+007 2.04723e+007 2.10265e+007 2.14446e+007 2.17567e+007 2.19882e+007 2.21595e+007 2.22863e+007 2.23803e+007 2.24502e+007 2.25024e+007 2.25417e+007 2.25713e+007 2.25938e+007 2.2611e+007 2.26242e+007 2.26344e+007 2.26423e+007 2.26484e+007 2.26532e+007 2.26569e+007 2.26598e+007 2.26621e+007 2.26639e+007 2.26654e+007 2.26665e+007 2.26674e+007 2.26681e+007 2.26687e+007 2.26691e+007 2.26695e+007 2.26698e+007 2.267e+007 2.26702e+007 2.26703e+007 2.26704e+007 2.26705e+007 2.26706e+007 2.26706e+007 2.26707e+007 2.26707e+007 2.26708e+007 2.26708e+007 2.26708e+007 2.26708e+007 2.26708e+007 2.26708e+007 2.26708e+007 2.26708e+007 2.26709e+007 2.26709e+007 2.26709e+007 2.26709e+007 2.26709e+007 2.26709e+007 2.26709e+007 2.26709e+007 2.26709e+007 2.26709e+007 2.26709e+007 2.26709e+007 2.26709e+007 2.26709e+007 2.26709e+007 2.26709e+007 2.26709e+007 2.26709e+007 2.26709e+007 2.26709e+007 2.26709e+007 2.26709e+007 2.26709e+007 2.26709e+007 2.26709e+007 2.26709e+007 2.26709e+007 2.26709e+007 2.26709e+007 2.26709e+007 2.26709e+007 2.26709e+007 2.26709e+007 2.26709e+007 2.26709e+007 2.26709e+007 2.26709e+007 2.26709e+007 2.26709e+007 2.26709e+007 2.26709e+007 2.26709e+007 2.26709e+007 0 0 0 0 0 0 0 0 0 0 0 0 0 0 0 0 0 0 0 0 0 0 0 0 0
#obs survey bio
 3.32651e+006 3.05483e+006 4.1413e+006 3.60098e+006 3.10207e+006 3.0422e+006 2.42286e+006 2.20898e+006 1.46396e+006 1.98796e+006 1.09723e+006 1.17438e+006 1.23414e+006 844526 1.1949e+006 632709 821733 679331 740793 898454 632518 521513 565971 495216 532665 621656 631131 583182 421811 611654 457890 582175 563994 495397 546937 895273 536413 480677 570160 537727 651758 597854 510400 570301 549351 517820 667367 889336 587048 853580 628383 709217 695422 565589 485846 558083 530787 378747 548305 575821 443343 606376
#pred catch bio
 108268 109574 162443 214203 250715 249834 309326 305281 321977 310520 287888 260441 252160 242755 227127 202010 176515 167499 145276 135308 130264 123572 114086 100013 103397 111511 102511 94033.4 97066.6 94819 93895.5 100071 91019.3 100156 90515.4 88329.5 83481.4 80997.8 91308.6 78731 92738.2 92806.6 87038.1 88070.2 97327 95205.1 99468.7 89635.3 94217.9 92422.3 105261 102595 108257 124404 55028.8 56761.4 112185 133179 67277 107380 120464 73246.9 60730.3 83992.5 86909.2 93475.9 102704 112443 121353 128844 134795 139332 142687 145111 146831 148035 148867 149439 149828 150091 150269 150388 150468 150521 150557 150581 150596 150607 150614 150618 150621 150623 150625 150625 150626 150626 150627 150627 150627 150627 150627 150627 150627 150627 150627 150627 150627 150627 150627 150627 150627 150627 150627 150627 150627 150627 150627 150627 150627 150627 150627 150627 150627 150627 150627 150627 150627 150627 150627 150627 150627 150627 150627 150627 150627 150627 150627 150627 150627 150627 150627 150627 150627 150627 150627 150627 150627 150627 150627 150627 150627 150627 150627 150627 150627 150627 150627 150627 150627 150627 150627 150627 0 0 0 0 0 0 0 0 0 0 0 0 0 0 0 0 0 0 0 0 0 0 0 0 0
#obs catch bio
 0 109366 162836 214986 252378 250654 312425 307506 324437 312390 290676 264117 256908 248373 231059 206872 179675 170479 147471 136473 131777 125421 115736 101288 104885 112939 103498 94771.7 98093.3 95402.6 94357.8 100698 90803.2 100292 91018.9 88061.1 83185.6 80591.2 90914 77992.8 92321.2 92490.6 86857.1 87907.1 97557 95683.5 99674.1 88915.5 93657.1 91485.3 104213 101262 106309 123394 54456.1 56158.9 111176 133144 66398.4 106811 120683 72959
#pred cpue bio
 4.22051e+006 4.03872e+006 3.85714e+006 3.62512e+006 3.35186e+006 3.05939e+006 2.79072e+006 2.48096e+006 2.19816e+006 1.91709e+006 1.66577e+006 1.45405e+006 1.28512e+006 1.13457e+006 999403 882872 793533 730685 674137 638665 610963 585862 565904 555170 560471 561815 551788 549665 556051 557711 560031 561152 551925 549444 532594 522646 512724 510075 515494 513185 528182 529327 531573 542302 554327 557478 563754 564155 574186 577525 581536 569108 558335 540202 501550 544604 590374 570876 522990 552545 538807 507579 1.85461e+007 1.14296e+007 1.18789e+007 1.28374e+007 1.41777e+007 1.56015e+007 1.69211e+007 1.80514e+007 1.89711e+007 1.96937e+007 2.02479e+007 2.06659e+007 2.0978e+007 2.12096e+007 2.13809e+007 2.15077e+007 2.16017e+007 2.16716e+007 2.17238e+007 2.17631e+007 2.17927e+007 2.18152e+007 2.18324e+007 2.18456e+007 2.18558e+007 2.18637e+007 2.18698e+007 2.18745e+007 2.18783e+007 2.18812e+007 2.18835e+007 2.18853e+007 2.18867e+007 2.18879e+007 2.18888e+007 2.18895e+007 2.189e+007 2.18905e+007 2.18908e+007 2.18911e+007 2.18914e+007 2.18915e+007 2.18917e+007 2.18918e+007 2.18919e+007 2.1892e+007 2.1892e+007 2.18921e+007 2.18921e+007 2.18921e+007 2.18922e+007 2.18922e+007 2.18922e+007 2.18922e+007 2.18922e+007 2.18922e+007 2.18922e+007 2.18922e+007 2.18922e+007 2.18922e+007 2.18922e+007 2.18922e+007 2.18922e+007 2.18922e+007 2.18922e+007 2.18922e+007 2.18922e+007 2.18922e+007 2.18922e+007 2.18922e+007 2.18922e+007 2.18922e+007 2.18922e+007 2.18922e+007 2.18922e+007 2.18922e+007 2.18922e+007 2.18922e+007 2.18922e+007 2.18922e+007 2.18922e+007 2.18922e+007 2.18922e+007 2.18922e+007 2.18922e+007 2.18922e+007 2.18922e+007 2.18922e+007 2.18922e+007 2.18922e+007 2.18922e+007 2.18922e+007 2.18922e+007 2.18922e+007 2.18922e+007 2.18922e+007 2.18922e+007 2.18922e+007 2.18922e+007 2.18922e+007 0 0 0 0 0 0 0 0 0 0 0 0 0 0 0 0 0 0 0 0 0 0 0 0 0
#obs cpue bio
 3.13456e+006 3.96535e+006 3.49939e+006 3.10053e+006 2.4247e+006 3.40892e+006 2.44876e+006 2.93363e+006 3.70568e+006 1.99375e+006 1.74452e+006 1.06835e+006 890181 993947 973398 628410 755853 694857 505180 583584 441545 450030 470289 465393 486380 584350 464411 471160 604160 629500 691039 556811 866352 592943 316008 667296 547586 630652 608150 651117 403121 454882 502797 534743 472713 435980 698142 769506 610053 584042 692276 635948 774162 480952 471619 736415 892117 593986 667903 632251 498677 403592
#pred surv len freq
 0.00499554 0.00807899 0.0121003 0.017023 0.0227223 0.0289143 0.0351234 0.0407909 0.0454824 0.0490333 0.0515303 0.0531884 0.0542364 0.0548588 0.0551756 0.0552418 0.0550592 0.0545863 0.0537225 0.0522591 0.0498459 0.046058 0.0406087 0.0336193 0.025745
 0.00521719 0.00834755 0.0123394 0.0171166 0.022561 0.028459 0.0344474 0.0400614 0.0448847 0.0486813 0.0514199 0.0532193 0.0542811 0.0548351 0.055086 0.0551659 0.0551087 0.054844 0.0541923 0.0528535 0.0504198 0.0464739 0.0407963 0.0335966 0.0255922
 0.00543172 0.00870059 0.0128716 0.0178498 0.0234723 0.0294546 0.0353591 0.0406901 0.0450839 0.0484324 0.0508431 0.0525038 0.0535852 0.0542259 0.054552 0.0546775 0.05467 0.0544981 0.0539837 0.052782 0.0504256 0.0464656 0.0407024 0.0334022 0.0253369
 0.00563127 0.00902403 0.0133578 0.018537 0.0243924 0.0306199 0.0367395 0.0421906 0.0465375 0.0496269 0.0515819 0.0526788 0.0532183 0.0534486 0.0535373 0.0535717 0.0535661 0.0534501 0.0530279 0.05194 0.0496943 0.0458183 0.0401087 0.0328523 0.0248488
 0.00584934 0.0093741 0.0138769 0.0192584 0.0253416 0.0318079 0.0381534 0.0437848 0.0482291 0.0512937 0.053065 0.053799 0.0538141 0.053428 0.0529137 0.0524579 0.0521294 0.0518574 0.0514111 0.0503879 0.0482599 0.04453 0.0389829 0.0319035 0.0240906
 0.00610865 0.00978488 0.0144755 0.0200728 0.0263884 0.0330875 0.039643 0.0454346 0.0499657 0.0530273 0.0546938 0.0552067 0.0548693 0.0539963 0.0528882 0.0517983 0.0508848 0.0501577 0.0494303 0.0483017 0.0462169 0.0426437 0.0373344 0.0305449 0.0230447
 0.00630489 0.0101072 0.0149667 0.0207751 0.0273353 0.0342918 0.0410841 0.0470552 0.0516812 0.0547434 0.0563196 0.0566572 0.056058 0.0548272 0.0532576 0.0516121 0.0500905 0.0487752 0.0475622 0.0461172 0.0439163 0.0404207 0.0353479 0.0289018 0.0217915
 0.00657755 0.0105423 0.015607 0.0216563 0.0284822 0.0357096 0.0427483 0.0489042 0.05362 0.0566575 0.0580925 0.0581848 0.0572555 0.0556263 0.0535974 0.0514319 0.0493363 0.0474226 0.0456478 0.0437584 0.0413059 0.0377937 0.0329326 0.0268724 0.0202368
 0.00687412 0.0110113 0.0162886 0.0225803 0.0296641 0.0371455 0.0444067 0.0507225 0.0555102 0.0585186 0.0598235 0.0596917 0.0584548 0.0564462 0.0539768 0.0513175 0.0486813 0.0461959 0.0438568 0.0414778 0.0386942 0.03508 0.0303703 0.0246769 0.0185344
 0.0072613 0.011621 0.0171694 0.0237634 0.0311585 0.0389296 0.0464197 0.0528625 0.0576479 0.0605213 0.0615772 0.0611113 0.0594822 0.0570426 0.0541131 0.0509673 0.0478178 0.0447978 0.041927 0.0390721 0.0359468 0.0322041 0.0276232 0.0222946 0.0166683
 0.00771429 0.0123301 0.0181856 0.0251157 0.0328492 0.0409283 0.0486548 0.0552181 0.0599761 0.0626674 0.0634054 0.062521 0.060412 0.0574654 0.0540252 0.0503746 0.0467253 0.0432084 0.039855 0.0365694 0.0331313 0.02927 0.0248143 0.0198455 0.0147375
 0.00810151 0.0129514 0.0191044 0.0263838 0.0344946 0.0429384 0.0509591 0.0576853 0.0624339 0.0649368 0.0653322 0.0639923 0.0613585 0.0578564 0.0538605 0.0496735 0.0455154 0.0415192 0.0377227 0.0340561 0.0303501 0.0263978 0.0220739 0.0174547 0.0128475
 0.00836305 0.0133777 0.0197487 0.0272976 0.03572 0.0444935 0.0528207 0.0597789 0.0646375 0.0670982 0.0672921 0.0656059 0.0625131 0.058481 0.0539259 0.0491849 0.0445003 0.0400183 0.0357887 0.0317643 0.0278157 0.0237851 0.0195832 0.0152804 0.0111251
 0.00856544 0.0137119 0.0202616 0.0280373 0.0367272 0.0457882 0.0543872 0.0615586 0.0665344 0.0689938 0.06906 0.067124 0.0636727 0.0591958 0.0541401 0.0488761 0.0436772 0.0387151 0.0340623 0.0296977 0.0255266 0.0214303 0.0173446 0.0133302 0.00958166
 0.00881778 0.0141084 0.0208335 0.0288061 0.037704 0.0469704 0.0557535 0.0630631 0.0681069 0.0705471 0.0704999 0.0683585 0.0646194 0.0597869 0.0543256 0.0486257 0.0429826 0.0375918 0.0325528 0.0278761 0.0235032 0.0193502 0.0153718 0.0116163 0.00822831
 0.00899642 0.0144066 0.0212958 0.0294769 0.0386153 0.0481253 0.0571115 0.0645398 0.0695924 0.0719329 0.0717 0.0693147 0.0652945 0.060156 0.0543695 0.0483297 0.042339 0.0366056 0.0312493 0.0263103 0.0217658 0.0175656 0.013682 0.0101511 0.00707386
 0.00907722 0.0145421 0.0215088 0.0297939 0.0390652 0.0487338 0.0578917 0.0654825 0.0706588 0.0730546 0.0727882 0.070277 0.0660536 0.0606597 0.0545909 0.0482589 0.0419747 0.0359531 0.030326 0.0251555 0.0204494 0.016188 0.012361 0.00899631 0.00615917
 0.00913586 0.0146271 0.0216184 0.0299227 0.0392091 0.0488977 0.0580941 0.0657537 0.0710312 0.0735487 0.0733993 0.0709692 0.0667627 0.0613066 0.0550982 0.0485648 0.0420395 0.0357593 0.0298773 0.024479 0.0195993 0.0152452 0.0114228 0.00815578 0.00548235
 0.00922554 0.0147688 0.021823 0.0301953 0.0395459 0.0492824 0.0584977 0.0661397 0.0713691 0.073827 0.0736305 0.0711803 0.0669774 0.0615283 0.0553033 0.0487091 0.0420721 0.0356372 0.0295772 0.0240038 0.0189811 0.0145429 0.0107121 0.00751141 0.00495904
 0.00934362 0.0149325 0.0220179 0.030392 0.0397106 0.0493921 0.0585511 0.0661564 0.0713772 0.0738504 0.0736823 0.0712656 0.0670987 0.0616863 0.0554915 0.0489063 0.0422407 0.0357306 0.0295533 0.0238394 0.0186817 0.0141437 0.0102692 0.00708632 0.00460068
 0.00947645 0.0151347 0.0222949 0.0307363 0.0400989 0.0497859 0.0588998 0.0664077 0.0714939 0.0738262 0.0735456 0.0710681 0.0668949 0.0615167 0.055376 0.0488445 0.0422147 0.0357093 0.0294995 0.0237212 0.0184845 0.0138771 0.00996484 0.00678624 0.00434216
 0.0095463 0.0152523 0.0224789 0.0310045 0.0404621 0.0502387 0.0594119 0.0669231 0.0719413 0.0741377 0.0736769 0.0710112 0.0666794 0.0611989 0.0550198 0.0485028 0.0419177 0.0354616 0.0292856 0.0235167 0.0182684 0.0136424 0.00972126 0.006555 0.00414545
 0.00963489 0.0153819 0.0226479 0.0312043 0.0406823 0.0504734 0.0596633 0.0671963 0.0722339 0.0744302 0.0739313 0.0711813 0.0667278 0.0611126 0.054816 0.0482221 0.041608 0.0351617 0.0290154 0.0232774 0.0180508 0.0134376 0.00952815 0.00638081 0.00400053
 0.0096864 0.015458 0.022748 0.031322 0.0408065 0.0505913 0.0597636 0.0672736 0.0722921 0.0744824 0.0739936 0.0712617 0.066818 0.0611884 0.0548485 0.0481926 0.0415167 0.0350256 0.0288579 0.0231173 0.0178977 0.0132944 0.00939625 0.00626384 0.00390367
 0.00949731 0.0151795 0.0223827 0.0308917 0.0403467 0.0501415 0.0593602 0.0669475 0.0720689 0.0743824 0.0740301 0.0714381 0.0671232 0.0615945 0.0553117 0.0486607 0.0419419 0.0353756 0.0291207 0.0232974 0.0180082 0.0133505 0.0094127 0.00625466 0.00388178
 0.00935956 0.014963 0.0220722 0.030481 0.039844 0.0495744 0.0587782 0.0664163 0.0716553 0.0741355 0.0739695 0.0715555 0.0673927 0.0619829 0.0557825 0.0491743 0.0424558 0.0358496 0.0295236 0.0236126 0.0182345 0.0134981 0.00949798 0.00629568 0.00389531
 0.00939405 0.0150071 0.0221157 0.030506 0.0398276 0.0494956 0.0586248 0.0661908 0.0713766 0.0738373 0.0736939 0.0713426 0.0672713 0.0619646 0.0558628 0.0493359 0.0426731 0.0360924 0.0297615 0.0238202 0.0183961 0.0136096 0.00956478 0.00632878 0.00390696
 0.00938641 0.0149905 0.0220828 0.0304465 0.0397302 0.0493503 0.0584268 0.0659431 0.0710919 0.0735377 0.0734099 0.0711092 0.0671213 0.0619211 0.0559333 0.0495108 0.0429283 0.0363946 0.0300748 0.0241122 0.0186428 0.0137986 0.00969558 0.00640993 0.00395153
 0.00922631 0.0147518 0.0217636 0.0300592 0.0392975 0.0488988 0.0579827 0.0655306 0.070734 0.0732554 0.0732208 0.0710263 0.0671524 0.0620682 0.0561914 0.049866 0.0433572 0.0368652 0.0305502 0.0245561 0.0190259 0.0141033 0.00991799 0.00655808 0.00404105
 0.00911736 0.0145792 0.0215131 0.0297229 0.0388778 0.0484136 0.0574676 0.0650355 0.0703108 0.0729439 0.0730392 0.0709729 0.0672146 0.0622313 0.056443 0.0501949 0.0437494 0.0373005 0.0310014 0.0249919 0.0194162 0.0144258 0.0101625 0.00672737 0.00414748
 0.00901408 0.0144159 0.0212762 0.029403 0.0384718 0.0479279 0.0569222 0.064467 0.0697695 0.0724854 0.0727132 0.0708119 0.0672277 0.0624054 0.0567498 0.0506005 0.044221 0.037808 0.0315157 0.0254838 0.0198581 0.0147955 0.0104483 0.00692988 0.00427819
 0.00879809 0.014097 0.0208557 0.0289023 0.0379253 0.0473711 0.0563839 0.0639683 0.0693287 0.0721226 0.0724519 0.0706768 0.0672388 0.0625713 0.0570629 0.0510373 0.0447463 0.0383817 0.0320986 0.02604 0.0203569 0.0152142 0.0107746 0.00716403 0.00443174
 0.00880159 0.0140795 0.0207879 0.0287463 0.0376482 0.0469649 0.0558784 0.0634268 0.068825 0.0717136 0.0721625 0.0705049 0.0671721 0.0626017 0.0571902 0.0512624 0.0450631 0.0387722 0.0325335 0.0264843 0.020776 0.0155795 0.0110681 0.00738028 0.00457695
 0.00865795 0.0138698 0.020515 0.0284242 0.037293 0.0465836 0.0554652 0.0629727 0.0683363 0.0712253 0.0717356 0.0702051 0.0670447 0.0626581 0.0574118 0.0516159 0.0455128 0.0392846 0.033076 0.0270227 0.0212763 0.0160127 0.0114153 0.00763615 0.00474926
 0.00858039 0.0137547 0.0203628 0.0282438 0.037101 0.0464001 0.0553085 0.0628514 0.0682432 0.0711377 0.0716252 0.0700567 0.0668699 0.0624936 0.0573038 0.0515999 0.045603 0.0394738 0.0333417 0.0273343 0.0215999 0.0163162 0.0116737 0.00783585 0.00488887
 0.00922561 0.0146386 0.0213894 0.0292244 0.0378116 0.0466707 0.0550931 0.0622382 0.0674027 0.0702474 0.070813 0.0693816 0.0663365 0.0620815 0.0569935 0.0513852 0.0454876 0.0394607 0.0334238 0.0274912 0.0218016 0.0165297 0.0118703 0.00799625 0.00500568
 0.00998379 0.0158097 0.0230278 0.0313149 0.0402454 0.049228 0.0574485 0.0640167 0.0682913 0.0701131 0.0697536 0.0676741 0.0643172 0.060034 0.0550966 0.0497222 0.0440836 0.0383159 0.0325287 0.0268283 0.0213433 0.0162383 0.0117031 0.00791188 0.00496991
 0.00991338 0.0158036 0.0232173 0.0318845 0.0413789 0.051022 0.0598342 0.0667353 0.0709423 0.0722582 0.0710372 0.0679188 0.0635632 0.0585073 0.0531193 0.0476093 0.0420724 0.0365461 0.0310605 0.0256714 0.0204782 0.0156283 0.0113008 0.00766602 0.00483172
 0.00961263 0.0153519 0.0226144 0.0311749 0.0406648 0.0504685 0.0596538 0.0671356 0.0720395 0.073993 0.0731478 0.0700044 0.0652158 0.0594471 0.0532709 0.0470913 0.04112 0.035415 0.0299556 0.0247183 0.01973 0.015087 0.0109389 0.00744302 0.00470593
 0.00969704 0.0154461 0.0226777 0.0311456 0.0404819 0.050106 0.0591528 0.0666159 0.0716799 0.0739805 0.0736078 0.0709361 0.0664654 0.0607427 0.0543154 0.0476699 0.0411686 0.0350183 0.0292878 0.0239662 0.0190363 0.0145295 0.0105382 0.00718245 0.00455204
 0.00960048 0.0153057 0.0224949 0.0309268 0.0402295 0.0498088 0.0587859 0.0661582 0.0711443 0.0734405 0.0731978 0.0708135 0.0667437 0.0614287 0.0552863 0.0487095 0.0420499 0.0355882 0.0295108 0.0239106 0.0188217 0.0142702 0.0103098 0.00701638 0.00444802
 0.00963846 0.0153655 0.0225812 0.0310427 0.0403753 0.0499795 0.0589666 0.0663195 0.0712428 0.0734301 0.0730528 0.0705542 0.0664458 0.0612016 0.0552227 0.0488348 0.0423036 0.0358543 0.0296774 0.0239217 0.0186915 0.0140598 0.0100882 0.00683155 0.00431837
 0.0097176 0.0154811 0.0227312 0.031217 0.0405592 0.0501588 0.0591313 0.0664628 0.0713578 0.0735045 0.0730683 0.0704918 0.0662995 0.0609919 0.0549991 0.0486582 0.0422148 0.0358495 0.029711 0.0239345 0.0186452 0.0139537 0.0099506 0.00669785 0.00421265
 0.00972353 0.01549 0.0227431 0.0312309 0.0405727 0.0501682 0.0591325 0.0664535 0.0713396 0.073484 0.0730536 0.0704876 0.0663026 0.0609931 0.0549921 0.0486474 0.0422152 0.0358752 0.029761 0.0239899 0.01868 0.0139515 0.00991352 0.00664215 0.00415713
 0.00962749 0.0153548 0.0225782 0.0310582 0.04042 0.050059 0.0590778 0.0664503 0.071375 0.0735428 0.073124 0.0705634 0.0663816 0.0610743 0.0550729 0.0487248 0.0422881 0.0359454 0.0298303 0.0240552 0.0187327 0.0139824 0.00991933 0.0066282 0.00413386
 0.00941319 0.0150516 0.0222059 0.0306651 0.0400708 0.0498145 0.0589767 0.0665008 0.0715573 0.0738165 0.0734388 0.0708705 0.0666449 0.0612765 0.0552144 0.048817 0.0423464 0.0359836 0.0298584 0.0240781 0.0187504 0.0139921 0.00991886 0.00661849 0.00411902
 0.0091492 0.0146435 0.0216336 0.0299307 0.0392056 0.0488846 0.0580835 0.0657677 0.0710991 0.0737021 0.0736684 0.0713797 0.0673315 0.0620338 0.0559561 0.0494884 0.0429224 0.0364606 0.0302437 0.0243825 0.0189838 0.0141631 0.0100358 0.00669139 0.00415928
 0.00916636 0.0146374 0.0215623 0.0297354 0.0388277 0.048293 0.0572985 0.0648688 0.0702101 0.0729604 0.0731901 0.0712311 0.0675153 0.062493 0.056595 0.0502019 0.0436223 0.0370885 0.0307718 0.024805 0.0193075 0.0143999 0.0101997 0.0067971 0.0042218
 0.0091162 0.0145587 0.0214472 0.0295734 0.0386017 0.0479761 0.056859 0.0642845 0.0694895 0.0721604 0.072416 0.0706133 0.0671699 0.0624842 0.0569169 0.0507851 0.0443602 0.0378704 0.0315081 0.0254396 0.019816 0.0147818 0.0104687 0.0069739 0.00432939
 0.00909118 0.0145218 0.0213984 0.0295146 0.0385345 0.0478992 0.0567637 0.0641526 0.0692947 0.0718766 0.0720329 0.0701536 0.0666967 0.0620894 0.0566913 0.0507844 0.0445846 0.0382678 0.031997 0.0259372 0.0202602 0.0151388 0.0107305 0.00715017 0.00443828
 0.00915502 0.0146042 0.0214831 0.0295742 0.0385392 0.0478294 0.0566198 0.0639541 0.0690691 0.0716443 0.0717987 0.0699098 0.0664366 0.0618241 0.056457 0.0506343 0.0445666 0.0384011 0.0322612 0.0262806 0.02062 0.0154623 0.0109873 0.00733265 0.00455519
 0.00929852 0.0148365 0.0218287 0.0300492 0.0391409 0.048524 0.0573359 0.0645916 0.0695261 0.0718496 0.0717312 0.069595 0.0659283 0.0611857 0.0557537 0.049933 0.0439338 0.0378938 0.0319122 0.0260893 0.0205558 0.0154788 0.0110396 0.00738895 0.00459964
 0.00936516 0.0149468 0.021999 0.0302969 0.0394822 0.0489683 0.0578772 0.0651999 0.0701437 0.0723968 0.0721222 0.0697613 0.0658388 0.0608547 0.0552338 0.049299 0.0432668 0.0372685 0.0313867 0.0256967 0.0202998 0.0153381 0.0109794 0.00737414 0.00460404
 0.0094965 0.0151518 0.0222914 0.0306838 0.0399631 0.0495335 0.0585059 0.065859 0.0707891 0.0729771 0.0725824 0.0700473 0.065905 0.0606754 0.0548148 0.0486821 0.0425232 0.036484 0.030644 0.0250596 0.0198036 0.0149879 0.010756 0.00724577 0.00453763
 0.00967518 0.0154555 0.0227713 0.0313907 0.04093 0.0507518 0.0599048 0.0673076 0.0721247 0.0740478 0.073282 0.0703277 0.065769 0.0601615 0.0539838 0.0476098 0.0412979 0.0352026 0.0294037 0.0239456 0.0188762 0.0142742 0.0102498 0.00691593 0.00434075
 0.00902599 0.0144509 0.0213597 0.0295734 0.0387779 0.0484188 0.0576326 0.0653975 0.0708692 0.073643 0.0737676 0.0715846 0.0675683 0.0622326 0.0560742 0.0495234 0.0429122 0.0364689 0.030335 0.0245949 0.019313 0.0145639 0.0104426 0.00704467 0.00442515
 0.00897556 0.01429 0.0209734 0.0288108 0.037496 0.0465519 0.0552548 0.0627404 0.0682804 0.0715028 0.0723973 0.071174 0.0681386 0.0636419 0.0580627 0.0517843 0.0451619 0.0384962 0.0320208 0.0259049 0.0202743 0.015236 0.0108932 0.00733465 0.00460339
 0.00953438 0.0151583 0.0221964 0.0303802 0.0393245 0.0484511 0.0569341 0.0638557 0.0685384 0.0707812 0.0708113 0.0690476 0.0658934 0.0616622 0.0565943 0.0508977 0.0447784 0.0384533 0.0321441 0.026061 0.0203906 0.015294 0.0109059 0.0073243 0.00458758
 0.00983922 0.0157035 0.0231057 0.0317909 0.0413436 0.0510879 0.0600369 0.0670943 0.0714547 0.0728965 0.0717541 0.0686585 0.0642739 0.0591451 0.0536413 0.0479622 0.0421908 0.0363716 0.0305736 0.0249172 0.0195652 0.0146968 0.0104771 0.0070265 0.00439293
 0.00936548 0.014966 0.0220655 0.0304569 0.0397979 0.0495081 0.0586957 0.0663085 0.0714792 0.0738057 0.0733798 0.0706322 0.0661573 0.0605861 0.054481 0.0482523 0.0421251 0.036176 0.0304145 0.0248633 0.0196053 0.0147836 0.0105661 0.00709388 0.00443446
 0.0094225 0.015045 0.022157 0.0305391 0.0398377 0.0494691 0.0585542 0.0660769 0.0712264 0.0736545 0.0734657 0.0710324 0.0668294 0.0613616 0.0551313 0.048591 0.0420875 0.0358314 0.0299123 0.0243552 0.0191891 0.0144905 0.0103813 0.00698549 0.00437336
 0.00921381 0.0147899 0.0219267 0.0304457 0.0399969 0.0499424 0.0593052 0.0669709 0.0720796 0.074308 0.0738457 0.0711668 0.0668148 0.0612993 0.0550671 0.0484962 0.0418923 0.0354845 0.0294235 0.0237939 0.0186463 0.0140373 0.0100476 0.00676498 0.0042406
#obs surv len freq
 nan nan nan nan nan nan nan nan nan nan nan nan nan nan nan nan nan nan nan nan nan nan nan nan nan
 0.00448496 0.00734662 0.0111771 0.0159943 0.0216961 0.0279727 0.0342876 0.0400192 0.0446985 0.0481614 0.0505179 0.0520122 0.0529029 0.0534139 0.053727 0.0539811 0.054259 0.0545514 0.0546899 0.0542816 0.0527198 0.0493521 0.0438024 0.036283 0.0276674
 0.00461657 0.00756219 0.0115042 0.0164585 0.0223148 0.0287457 0.0351872 0.0409877 0.045656 0.0490217 0.0512046 0.05247 0.0531034 0.0533557 0.0534316 0.0534853 0.0536061 0.053784 0.0538471 0.0534004 0.0518389 0.0485147 0.0430531 0.0356597 0.027191
 0.00477983 0.00783012 0.0119121 0.0170409 0.0230984 0.0297385 0.0363667 0.0422955 0.0470042 0.0503068 0.0523235 0.0533326 0.0536419 0.0535312 0.0532371 0.0529434 0.0527626 0.0526986 0.0525866 0.0520355 0.0504453 0.0471736 0.041845 0.0346512 0.0264188
 0.00496824 0.0081391 0.0123822 0.0177118 0.0240018 0.030886 0.0377374 0.0438305 0.0486133 0.051883 0.0537578 0.0545237 0.0545018 0.0539915 0.0532548 0.0525062 0.0518906 0.0514424 0.0510228 0.0502626 0.0485797 0.0453436 0.0401775 0.0332498 0.0253418
 0.00518568 0.00849265 0.0129146 0.0184634 0.0250034 0.032148 0.0392374 0.0455083 0.0503775 0.0536271 0.0553741 0.0559121 0.0555729 0.0546678 0.053474 0.0522263 0.0510973 0.0501564 0.0493054 0.048218 0.0463524 0.0431059 0.0381059 0.0314913 0.023982
 0.00541258 0.0088656 0.0134834 0.0192766 0.026099 0.0335379 0.0408924 0.0473539 0.0523057 0.0555181 0.0571157 0.0574081 0.0567428 0.0554429 0.0537944 0.0520417 0.0503728 0.0488841 0.0475194 0.0460086 0.0438709 0.0405537 0.0357021 0.0294259 0.0223718
 0.00564204 0.00924187 0.014056 0.0200943 0.0272013 0.0349409 0.0425737 0.0492457 0.054303 0.0574974 0.0589546 0.0589987 0.057997 0.0562918 0.0541835 0.0519257 0.0497147 0.047663 0.0457485 0.0437575 0.0412816 0.037836 0.0330999 0.0271615 0.0205898
 0.00588711 0.00964147 0.0146597 0.0209493 0.028344 0.036383 0.0442882 0.0511616 0.0563146 0.0594838 0.0607983 0.0605958 0.0592607 0.0571525 0.0545864 0.0518273 0.0490801 0.0464696 0.0440006 0.0415101 0.0386629 0.0350509 0.0304002 0.0247871 0.0187048
 0.00612735 0.0100375 0.0152656 0.0218185 0.0295182 0.0378751 0.0460654 0.0531404 0.0583745 0.0614919 0.0626323 0.0621551 0.0604686 0.0579514 0.0549327 0.051686 0.0484219 0.0452739 0.0422688 0.0392885 0.0360674 0.032275 0.0276906 0.0223869 0.0167865
 0.0063693 0.0104329 0.0158647 0.02267 0.0306602 0.0393213 0.0477892 0.0550682 0.0603941 0.0634727 0.064446 0.0636915 0.0616427 0.0587048 0.055229 0.0515021 0.0477414 0.0440863 0.0405791 0.0371395 0.0335641 0.0295958 0.0250678 0.0200538 0.0149134
 0.00662623 0.0108526 0.0165 0.0235705 0.0318621 0.0408314 0.0495691 0.0570302 0.0624142 0.0654158 0.066188 0.0651315 0.0627056 0.0593397 0.0554059 0.0512069 0.0469696 0.0428403 0.0388748 0.0350232 0.0311347 0.0270171 0.0225532 0.0178193 0.013118
 0.00683929 0.0112075 0.0170496 0.0243691 0.0329537 0.0422316 0.0512472 0.0589028 0.0643585 0.0672936 0.0678705 0.0665137 0.0637121 0.0599232 0.0555423 0.0508889 0.0462002 0.0416309 0.0372494 0.0330319 0.0288725 0.0246335 0.0202393 0.0157679 0.0114708
 0.00707261 0.0115859 0.0176176 0.025168 0.0340145 0.0435628 0.0528214 0.0606506 0.0661744 0.0690536 0.0694512 0.0678079 0.0646385 0.0604307 0.0556083 0.0505132 0.0453969 0.0404231 0.0356714 0.0311397 0.0267582 0.0224335 0.018123 0.0139033 0.00997958
 0.00725597 0.0118926 0.0180949 0.0258639 0.0349669 0.0447823 0.0542758 0.0622613 0.067831 0.0706378 0.0708571 0.0689508 0.0654552 0.0608776 0.0556608 0.0501646 0.0446567 0.0393144 0.0342318 0.0294277 0.0248626 0.020478 0.0162556 0.0122676 0.00867696
 0.00742712 0.0121702 0.0185117 0.0264512 0.0357496 0.0457708 0.0554556 0.0635865 0.0692262 0.0720085 0.0721043 0.0699851 0.0662069 0.0613012 0.0557336 0.049882 0.0440272 0.0383586 0.0329844 0.0279434 0.0232233 0.0187941 0.0146556 0.0108726 0.00757047
 0.00751351 0.0123128 0.0187307 0.0267676 0.0361822 0.0463311 0.0561425 0.0643834 0.0701033 0.0729259 0.0730147 0.0708341 0.0669346 0.061847 0.0560443 0.0499187 0.0437694 0.0378055 0.0321558 0.0268828 0.022001 0.0175063 0.0134134 0.00977988 0.00669938
 0.00759139 0.0124326 0.0188986 0.0269862 0.0364518 0.0466521 0.0565154 0.0648083 0.0705774 0.0734421 0.0735599 0.0713875 0.0674659 0.0623163 0.0564041 0.0501193 0.0437672 0.0375716 0.0316838 0.0261942 0.0211476 0.0165672 0.0124828 0.00894764 0.00602902
 0.00766449 0.0125479 0.0190655 0.0272096 0.0367309 0.0469777 0.0568696 0.0651668 0.0709173 0.0737502 0.073836 0.0716407 0.0677054 0.0625416 0.0565996 0.0502544 0.0438023 0.0374672 0.0314129 0.0257529 0.0205622 0.0158934 0.0117948 0.00831994 0.0055168
 0.00773117 0.0126488 0.0192033 0.0273822 0.0369325 0.0472004 0.0571043 0.0654033 0.0711439 0.0739555 0.0740122 0.0717863 0.0678251 0.0626438 0.0566887 0.0503247 0.0438343 0.0374313 0.0312782 0.0255006 0.0201964 0.0154452 0.0113165 0.00786981 0.00514133
 0.00777767 0.0127213 0.0193062 0.027517 0.0370962 0.0473852 0.0572973 0.0655884 0.0713058 0.0740851 0.074108 0.0718534 0.0678717 0.0626773 0.0567143 0.0503429 0.0438384 0.0374057 0.0312017 0.0253536 0.0199719 0.0151561 0.0109948 0.00755671 0.00487341
 0.00781563 0.0127777 0.0193814 0.0276079 0.0371977 0.0474916 0.0574036 0.06569 0.0713985 0.0741645 0.0741711 0.0718993 0.0679025 0.0626973 0.056728 0.0503526 0.0438418 0.0373951 0.0311638 0.025274 0.0198417 0.0149788 0.0107881 0.00734796 0.00468935
 0.00785032 0.0128303 0.0194533 0.0276973 0.0372997 0.0475985 0.0575058 0.0657778 0.0714641 0.0742051 0.0741888 0.0719001 0.0678933 0.0626835 0.0567131 0.050338 0.0438267 0.0373753 0.0311315 0.0252197 0.0197578 0.0148647 0.010653 0.00720852 0.00456373
 0.00786873 0.0128587 0.0194933 0.027749 0.0373615 0.0476673 0.0575763 0.0658431 0.0715173 0.0742409 0.0742055 0.0719 0.0678813 0.062666 0.0566953 0.0503228 0.0438142 0.0373625 0.0311133 0.0251891 0.019709 0.014796 0.0105688 0.00711908 0.00448107
 0.00786645 0.012852 0.0194776 0.027719 0.0373129 0.0475997 0.0574955 0.0657606 0.0714473 0.0741955 0.0741914 0.0719174 0.0679257 0.0627303 0.0567721 0.0504053 0.0438963 0.0374383 0.0311765 0.0252337 0.0197303 0.0147925 0.010544 0.00708076 0.00443903
 0.00787314 0.0128574 0.0194756 0.0277004 0.0372678 0.047521 0.0573831 0.0656229 0.0713002 0.0740593 0.0740863 0.071859 0.0679212 0.0627777 0.0568614 0.0505221 0.0440256 0.0375666 0.0312927 0.0253295 0.0198 0.0148342 0.0105602 0.00707773 0.00442517
 0.00789701 0.0128929 0.0195224 0.0277552 0.0373234 0.0475673 0.0574074 0.065613 0.0712483 0.0739662 0.0739636 0.0717267 0.0678025 0.062692 0.0568196 0.050525 0.0440652 0.0376301 0.0313658 0.0253994 0.0198573 0.0148738 0.0105813 0.00708355 0.00442118
 0.00788214 0.0128692 0.0194879 0.0277082 0.0372639 0.0474965 0.0573286 0.0655309 0.0711677 0.0738908 0.073896 0.0716698 0.0677611 0.0626731 0.0568305 0.0505701 0.0441431 0.0377331 0.0314815 0.0255138 0.0199582 0.0149532 0.0106365 0.00711667 0.00443751
 0.00786943 0.0128459 0.019448 0.0276451 0.0371722 0.0473756 0.0571849 0.065378 0.0710231 0.0737711 0.0738121 0.071626 0.0677559 0.0627019 0.0568886 0.0506538 0.0442492 0.0378569 0.0316153 0.025647 0.0200797 0.015054 0.0107119 0.00716713 0.00446731
 0.00786203 0.01283 0.019417 0.0275905 0.0370853 0.0472512 0.0570247 0.065192 0.0708288 0.0735899 0.0736656 0.0715308 0.0677209 0.0627268 0.0569655 0.0507708 0.0443936 0.038017 0.0317806 0.0258073 0.0202251 0.0151762 0.0108063 0.00723332 0.00450911
 0.00784931 0.0128094 0.0193861 0.0275463 0.0370247 0.0471707 0.0569215 0.0650658 0.0706832 0.0734344 0.0735149 0.0714031 0.0676334 0.0626922 0.0569882 0.0508469 0.0445125 0.0381643 0.0319414 0.0259677 0.0203733 0.015303 0.0109062 0.00730535 0.00455619
 0.00781655 0.0127596 0.0193174 0.0274595 0.0369227 0.047058 0.0568034 0.0649481 0.0705712 0.0733321 0.0734255 0.0713304 0.067583 0.0626716 0.0570051 0.0509056 0.0446117 0.0382965 0.0320942 0.0261266 0.0205241 0.0154347 0.0110119 0.00738285 0.00460791
 0.0077819 0.0127003 0.0192231 0.0273201 0.036732 0.0468191 0.0565325 0.0646735 0.0703262 0.0731451 0.0733124 0.0712931 0.0676134 0.0627569 0.0571331 0.0510669 0.044799 0.0385022 0.0323087 0.0263379 0.0207194 0.0156028 0.0111458 0.00748101 0.0046736
 0.00776469 0.0126687 0.0191687 0.0272325 0.0366007 0.0466374 0.0563018 0.0644057 0.0700442 0.0728793 0.0730951 0.0711505 0.0675602 0.0627932 0.057247 0.0512395 0.0450105 0.0387351 0.0325481 0.0265704 0.0209326 0.0157862 0.0112925 0.00758912 0.00474651
 0.00773255 0.0126178 0.0190944 0.027131 0.0364693 0.0464746 0.0561087 0.0641873 0.0698106 0.0726458 0.0728818 0.0709804 0.067455 0.0627685 0.0573078 0.0513787 0.0452113 0.0389755 0.0328053 0.026824 0.0211659 0.0159868 0.0114529 0.00770758 0.00482671
 0.0093059 0.0148188 0.0217483 0.0298551 0.0387852 0.0479857 0.0566406 0.0638129 0.0687665 0.0712113 0.0712911 0.069393 0.0659661 0.0614319 0.0561523 0.0504168 0.0444416 0.038385 0.032372 0.0265215 0.0209665 0.015864 0.0113836 0.00767264 0.00481149
 0.00927056 0.0150524 0.0226129 0.031801 0.0421546 0.0527474 0.0622225 0.0691962 0.0728499 0.0732469 0.0711317 0.0674326 0.0628683 0.0578466 0.0525561 0.0470893 0.041515 0.035904 0.0303356 0.0249043 0.0197293 0.0149582 0.0107538 0.00726062 0.00456019
 0.00895148 0.0145482 0.0219024 0.0309304 0.0412906 0.0522145 0.0624638 0.0706151 0.0755665 0.0769177 0.0749933 0.0705917 0.0646761 0.0581235 0.0515607 0.0453063 0.0394278 0.033864 0.0285395 0.0234313 0.0185876 0.0141188 0.0101704 0.00687972 0.00432844
 0.0087984 0.0142894 0.0214949 0.0303307 0.0404708 0.051193 0.0613457 0.0696203 0.0750141 0.0771383 0.076179 0.072653 0.0672077 0.0605362 0.0533211 0.0461432 0.0393867 0.0332085 0.0275932 0.0224565 0.0177403 0.013461 0.00970292 0.00657281 0.00414218
 0.00873272 0.0141786 0.0213198 0.0300683 0.0400965 0.0506861 0.0606999 0.0688596 0.074212 0.0764325 0.0757638 0.0727301 0.0678961 0.0617826 0.0548766 0.0476437 0.0405034 0.0337766 0.0276451 0.0221581 0.0172898 0.0130123 0.00933888 0.00631627 0.00398087
 0.00868374 0.0141015 0.0212081 0.0299164 0.0398992 0.0504375 0.0603939 0.068492 0.0737853 0.0759655 0.0753044 0.0723652 0.067743 0.0619507 0.0554085 0.0484685 0.0414418 0.0346096 0.0282075 0.0223993 0.0172682 0.0128414 0.00912699 0.00613195 0.00385
 0.00867554 0.0140813 0.0211654 0.0298377 0.0397717 0.050255 0.0601609 0.0682223 0.0734966 0.0756729 0.0750194 0.0721032 0.067535 0.0618489 0.0554739 0.0487401 0.0419025 0.0351745 0.0287517 0.0228116 0.017497 0.0129039 0.00908315 0.00604702 0.00376878
 0.00865792 0.0140564 0.0211341 0.0298019 0.0397317 0.0502069 0.0600956 0.0681283 0.0733659 0.0755056 0.0748254 0.0718999 0.0673437 0.0616953 0.0553892 0.0487575 0.0420433 0.0354302 0.0290759 0.023133 0.0177498 0.0130552 0.00913962 0.00604106 0.00373656
 0.00864102 0.0140288 0.0210927 0.0297444 0.0396582 0.0501207 0.0600038 0.0680395 0.0732858 0.0754342 0.0747572 0.0718276 0.0672652 0.0616167 0.0553264 0.0487327 0.0420785 0.0355376 0.0292478 0.0233398 0.0179494 0.013211 0.00923542 0.00608268 0.00374296
 0.00866251 0.0140601 0.0211329 0.02979 0.0397033 0.0501585 0.0600273 0.0680437 0.0732682 0.0753952 0.0746993 0.071754 0.0671781 0.0615195 0.0552254 0.0486401 0.0420113 0.0355122 0.0292724 0.0234085 0.0180426 0.0133033 0.00930652 0.00612483 0.00376018
 0.0086615 0.0140636 0.0211475 0.029824 0.0397637 0.0502464 0.0601347 0.0681537 0.0733601 0.0754516 0.0747109 0.0717207 0.0671069 0.0614209 0.0551108 0.0485214 0.0419015 0.0354247 0.0292183 0.0233918 0.0180576 0.0133366 0.00934265 0.00615266 0.00377594
 0.00862356 0.0140043 0.0210631 0.0297143 0.0396338 0.0501081 0.0600069 0.0680585 0.0733159 0.0754654 0.0747749 0.0718161 0.0672114 0.0615163 0.055187 0.0485763 0.0419391 0.0354529 0.029246 0.0234257 0.0180999 0.0133837 0.00938753 0.00618887 0.00380046
 0.00862167 0.0139989 0.0210507 0.0296903 0.0395933 0.0500487 0.0599303 0.0679721 0.0732325 0.0753999 0.0747405 0.0718191 0.067249 0.061577 0.0552556 0.0486394 0.0419891 0.035489 0.0292725 0.023449 0.0181245 0.0134107 0.00941486 0.00621287 0.00381844
 0.00860681 0.0139757 0.0210175 0.0296459 0.0395371 0.0499807 0.0598515 0.0678854 0.0731431 0.0753165 0.0746736 0.0717799 0.0672457 0.0616119 0.0553231 0.0487274 0.0420835 0.0355778 0.029349 0.0235119 0.0181758 0.013453 0.00944941 0.00623989 0.0038379
 0.00861951 0.0139933 0.0210383 0.0296663 0.0395526 0.0499868 0.0598452 0.0678653 0.0731094 0.0752702 0.0746176 0.0717195 0.0671888 0.0615675 0.0552991 0.0487271 0.0421043 0.0356128 0.0293898 0.0235516 0.0182108 0.0134821 0.0094729 0.00625809 0.00385114
 0.00861951 0.0139933 0.0210383 0.0296663 0.0395526 0.0499868 0.0598452 0.0678653 0.0731094 0.0752702 0.0746176 0.0717195 0.0671888 0.0615675 0.0552991 0.0487271 0.0421043 0.0356128 0.0293898 0.0235516 0.0182108 0.0134821 0.0094729 0.00625809 0.00385114
 0.00882535 0.0143204 0.0215146 0.0303078 0.0403543 0.0509117 0.0608171 0.0687742 0.0738346 0.0757135 0.0747288 0.0715038 0.0666982 0.0608819 0.0545073 0.0479113 0.0413296 0.0349222 0.0288054 0.0230794 0.0178459 0.0132135 0.00928585 0.00613612 0.00377736
 0.00881878 0.0143339 0.0215797 0.0304687 0.0406566 0.051384 0.0614531 0.0695259 0.0746192 0.0764306 0.0752817 0.0718191 0.0667398 0.0606575 0.0540636 0.0473206 0.0406717 0.0342689 0.0282105 0.0225749 0.0174444 0.0129128 0.0090744 0.00599716 0.00369264
 0.00885456 0.0143847 0.0216441 0.0305449 0.0407484 0.0515074 0.0616377 0.0698056 0.0750138 0.0769271 0.075827 0.0723299 0.0671263 0.06085 0.0540309 0.0470756 0.0402634 0.0337667 0.0276854 0.0220855 0.0170288 0.0125877 0.00883922 0.00583977 0.00359549
 0.00907879 0.014739 0.0221562 0.0312284 0.0415938 0.0524734 0.0626462 0.070752 0.0757941 0.0774686 0.0761048 0.0723589 0.0669382 0.0604736 0.0534877 0.0463877 0.0394649 0.0329081 0.0268288 0.0212923 0.0163474 0.0120451 0.00843925 0.00556761 0.00342514
 0.00843995 0.0137514 0.0207697 0.0294433 0.0394748 0.0501608 0.0603601 0.0687696 0.0743912 0.076844 0.0763255 0.0733533 0.0685306 0.0624356 0.0555843 0.0484127 0.0412646 0.0343931 0.0279732 0.0221205 0.0169137 0.0124133 0.00866819 0.00570395 0.00350266
 0.00826816 0.0134015 0.020116 0.0283351 0.037785 0.0478593 0.0575748 0.0657936 0.0716197 0.0746708 0.0750466 0.0731106 0.0693009 0.0640547 0.0577941 0.0509172 0.0437849 0.0367081 0.0299411 0.0236811 0.0180742 0.0132254 0.00920376 0.0060367 0.00369678
 0.00878352 0.0142094 0.0212666 0.0298289 0.0395432 0.0496949 0.0591897 0.0668316 0.071781 0.0738391 0.0733545 0.0709001 0.067003 0.0620521 0.0563275 0.0500574 0.04346 0.0367622 0.0301982 0.023994 0.0183494 0.0134236 0.00932501 0.00610015 0.00372494
 0.00906661 0.0147228 0.0221339 0.0311879 0.0414997 0.0522526 0.0621868 0.0699264 0.0745098 0.0757312 0.0740622 0.0702989 0.0652285 0.0594593 0.0533823 0.0472028 0.0410096 0.0348583 0.0288334 0.0230711 0.0177439 0.0130276 0.00906321 0.00592724 0.00361408
 0.00848215 0.0138241 0.0208862 0.0296167 0.0397123 0.0504532 0.060669 0.0690192 0.0744699 0.0766253 0.0757085 0.0723155 0.0671702 0.0609749 0.0543185 0.047615 0.0410894 0.0348239 0.0288407 0.0231789 0.0179326 0.0132427 0.00925516 0.00607019 0.00370571
 0.00880219 0.0142541 0.0213663 0.0300348 0.0399359 0.0503822 0.0602851 0.0684067 0.0737997 0.076106 0.0755172 0.0725279 0.0677197 0.06167 0.0549193 0.0479351 0.0410679 0.0345303 0.0284188 0.0227697 0.0176217 0.01305 0.00915702 0.00602966 0.00369252
 0.00899252 0.0146006 0.0219488 0.0309307 0.0411767 0.0519 0.0618825 0.0697902 0.0746811 0.076323 0.0751024 0.0716834 0.0667164 0.0607292 0.0541394 0.0472908 0.04047 0.0339036 0.0277507 0.0221081 0.0170365 0.012592 0.0088388 0.00583167 0.00358098
#pred catch len freq
 0.00418397 0.00665614 0.00977928 0.0135044 0.0178014 0.0226306 0.0278757 0.0333171 0.0386778 0.0436908 0.0481418 0.0518888 0.0548706 0.0571006 0.0586378 0.0595528 0.0599049 0.0597225 0.0589647 0.0574567 0.0548511 0.0507042 0.0447139 0.0370212 0.0283512
 0.00437906 0.00690008 0.0100146 0.0136415 0.0177542 0.0223666 0.0274473 0.0328475 0.0383011 0.0434825 0.0480845 0.0518913 0.0548271 0.0569525 0.0584084 0.0593391 0.0598322 0.0598815 0.0593593 0.0579916 0.0553689 0.0510567 0.0448279 0.0369199 0.0281247
 0.00459174 0.00723916 0.0105066 0.0142915 0.0185277 0.0231737 0.0281457 0.0332805 0.0383651 0.0431842 0.0475417 0.0512682 0.0542483 0.0564567 0.0579688 0.0589245 0.0594549 0.0595966 0.0592201 0.0579993 0.0554569 0.0511226 0.0447903 0.0367599 0.0278849
 0.00480744 0.00758007 0.0110033 0.0149699 0.019408 0.0242633 0.0294209 0.0346627 0.0397073 0.04429 0.0482223 0.0514159 0.053881 0.0557006 0.0569909 0.0578651 0.0584027 0.0586041 0.0583249 0.0572237 0.0547953 0.0505417 0.0442516 0.0362487 0.0274187
 0.00504194 0.00794812 0.0115338 0.0156846 0.0203223 0.0253861 0.0307501 0.0361746 0.0413441 0.0459467 0.0497415 0.0526044 0.0545549 0.0557468 0.0564106 0.0567701 0.0569666 0.0570032 0.0566991 0.0556668 0.0533615 0.0492572 0.0431293 0.0352997 0.0266561
 0.00530116 0.00835201 0.0121102 0.016451 0.0212876 0.0265524 0.0321099 0.0377056 0.0430036 0.047668 0.0514301 0.0541332 0.0557677 0.056478 0.0565249 0.0562081 0.055772 0.0553125 0.0546998 0.0535487 0.0512838 0.047339 0.0414531 0.0339175 0.0255901
 0.00555105 0.00874733 0.0126855 0.0172331 0.0222937 0.0277865 0.0335564 0.0393249 0.0447342 0.0494336 0.0531458 0.0557069 0.0570959 0.0574425 0.0569985 0.0560771 0.0549717 0.0538609 0.0527088 0.0512046 0.0488071 0.0449423 0.03931 0.0321443 0.0242373
 0.00584387 0.00920515 0.013342 0.018111 0.0234064 0.0291376 0.0351343 0.0410943 0.0466305 0.051365 0.0550033 0.0573777 0.0584748 0.0584354 0.0575182 0.0560395 0.0543048 0.0525302 0.0507507 0.0487468 0.0460607 0.0421642 0.036749 0.0299894 0.022585
 0.00618937 0.00974014 0.0140985 0.0191042 0.0246369 0.0305944 0.0367934 0.0429131 0.0485452 0.0532931 0.0568481 0.0590359 0.0598435 0.0594201 0.0580363 0.0560195 0.0536862 0.051273 0.0488604 0.046305 0.0432428 0.0392234 0.0339653 0.0276008 0.0207314
