SBPRF35
7.78865
Curr Bio
561435
B35
704930
F35
0.210484
FOFL
0.15923
OFL
68671.5
Bzero
2.22533e+006
#pred survey bio
 4.51065e+006 4.28217e+006 4.05512e+006 3.76624e+006 3.44926e+006 3.126e+006 2.81795e+006 2.53554e+006 2.24303e+006 1.97805e+006 1.758e+006 1.56433e+006 1.38516e+006 1.20593e+006 1.06039e+006 936038 851446 795909 765805 736645 693737 670100 657527 639518 635130 625820 622227 615712 615830 612159 615086 602090 589602 581085 575636 559249 549670 542577 545770 549179 558499 562250 571720 572397 576558 578842 581642 582838 576853 571873 567192 1.9152e+007 1.12519e+007 1.1346e+007 1.19743e+007 1.28916e+007 1.38658e+007 1.47558e+007 1.55001e+007 1.60881e+007 1.65356e+007 1.68677e+007 1.71104e+007 1.7286e+007 1.74126e+007 1.75037e+007 1.75695e+007 1.76171e+007 1.76518e+007 1.76772e+007 1.76959e+007 1.77098e+007 1.77201e+007 1.77279e+007 1.77337e+007 1.77382e+007 1.77415e+007 1.77441e+007 1.7746e+007 1.77475e+007 1.77487e+007 1.77495e+007 1.77502e+007 1.77507e+007 1.77511e+007 1.77514e+007 1.77517e+007 1.77519e+007 1.7752e+007 1.77521e+007 1.77522e+007 1.77523e+007 1.77523e+007 1.77524e+007 1.77524e+007 1.77524e+007 1.77524e+007 1.77525e+007 1.77525e+007 1.77525e+007 1.77525e+007 1.77525e+007 1.77525e+007 1.77525e+007 1.77525e+007 1.77525e+007 1.77525e+007 1.77525e+007 1.77525e+007 1.77525e+007 1.77525e+007 1.77525e+007 1.77525e+007 1.77525e+007 1.77525e+007 1.77525e+007 1.77525e+007 1.77525e+007 1.77525e+007 1.77525e+007 1.77525e+007 1.77525e+007 1.77525e+007 1.77525e+007 1.77525e+007 1.77525e+007 1.77525e+007 1.77525e+007 1.77525e+007 1.77525e+007 1.77525e+007 1.77525e+007 1.77525e+007 1.77525e+007 1.77525e+007 1.77525e+007 1.77525e+007 1.77525e+007 1.77525e+007 1.77525e+007 1.77525e+007 1.77525e+007 1.77525e+007 1.77525e+007 1.77525e+007 1.77525e+007 1.77525e+007 1.77525e+007 1.77525e+007 1.77525e+007 1.77525e+007 0 0 0 0 0 0 0 0 0 0 0 0 0 0 0 0 0 0 0 0 0 0 0 0 0
#obs survey bio
 3.79407e+006 3.81723e+006 2.42446e+006 2.82168e+006 2.79484e+006 2.52433e+006 2.79743e+006 2.08828e+006 2.02383e+006 1.6099e+006 1.36526e+006 1.64536e+006 1.12609e+006 814595 683079 604648 732507 517438 643842 756805 518892 537828 766355 408698 702407 527800 518807 559002 558324 690088 524140 474369 655263 541096 499394 764787 543144 621610 567575 380302 504095 469934 669783 677397 642684 441232 748200 626254 384845 674093 506752
#pred catch bio
 93688 91770.7 159040 205994 239576 256039 262405 298858 297788 276441 266813 263465 269231 243096 226642 193530 169207 147470 145142 152878 132213 119208 120244 106454 109077 103012 104557 97887.3 99433.7 92023.4 103121 99437.6 92678.1 86778.9 92536.4 85545.4 86421.2 82164.2 84999 81881.2 88068.3 84398.5 91970.3 88392.5 89546 89112.3 90278.6 95273.8 92617.3 89517.2 97595.2 68671.5 86443.7 85749 89204.6 95540.9 102524 108865 114056 118036 120949 123011 124434 125397 126040 126463 126739 126918 127034 127108 127155 127185 127204 127216 127224 127229 127232 127234 127235 127236 127236 127236 127237 127237 127237 127237 127237 127237 127237 127237 127237 127237 127237 127237 127237 127237 127237 127237 127237 127237 127237 127237 127237 127237 127237 127237 127237 127237 127237 127237 127237 127237 127237 127237 127237 127237 127237 127237 127237 127237 127237 127237 127237 127237 127237 127237 127237 127237 127237 127237 127237 127237 127237 127237 127237 127237 127237 127237 127237 127237 127237 127237 127237 127237 127237 127237 127237 127237 127237 127237 127237 0 0 0 0 0 0 0 0 0 0 0 0 0 0 0 0 0 0 0 0 0 0 0 0 0
#obs catch bio
 0 91495.4 160062 207727 242730 260659 266947 306955 306087 284626 274754 270176 277258 249919 233426 199724 174196 151723 148936 157035 135610 121557 122071 107772 110776 104376 106273 99388.3 101014 92800.6 104574 100990 93672.9 87441.2 93656 85971.7 87001.7 82466.8 85422.6 81930.2 88321.2 84988.2 92640.8 88783.9 89628.8 89446.3 90646.8 95767.4 93218.1 89642.2 97691.4
#pred cpue bio
 4.44306e+006 4.21958e+006 3.99578e+006 3.70803e+006 3.39201e+006 3.06993e+006 2.7632e+006 2.48209e+006 2.19139e+006 1.92836e+006 1.71018e+006 1.51855e+006 1.34156e+006 1.16479e+006 1.02123e+006 898608 815198 760685 731402 703407 662170 639711 628155 611139 607003 598082 594684 588422 588793 585685 588975 576695 565028 557348 552664 537224 527400 518976 521025 524261 533411 536933 546073 546925 551255 553572 556213 557468 551897 547426 543607 1.83824e+007 1.0807e+007 1.07846e+007 1.12862e+007 1.21615e+007 1.31263e+007 1.40145e+007 1.47584e+007 1.53463e+007 1.57938e+007 1.6126e+007 1.63686e+007 1.65443e+007 1.66708e+007 1.6762e+007 1.68277e+007 1.68754e+007 1.691e+007 1.69354e+007 1.69542e+007 1.6968e+007 1.69784e+007 1.69861e+007 1.6992e+007 1.69964e+007 1.69998e+007 1.70023e+007 1.70043e+007 1.70058e+007 1.70069e+007 1.70078e+007 1.70085e+007 1.7009e+007 1.70094e+007 1.70097e+007 1.70099e+007 1.70101e+007 1.70103e+007 1.70104e+007 1.70105e+007 1.70105e+007 1.70106e+007 1.70106e+007 1.70106e+007 1.70107e+007 1.70107e+007 1.70107e+007 1.70107e+007 1.70107e+007 1.70107e+007 1.70107e+007 1.70107e+007 1.70107e+007 1.70107e+007 1.70107e+007 1.70107e+007 1.70107e+007 1.70108e+007 1.70108e+007 1.70108e+007 1.70108e+007 1.70108e+007 1.70108e+007 1.70108e+007 1.70108e+007 1.70108e+007 1.70108e+007 1.70108e+007 1.70108e+007 1.70108e+007 1.70108e+007 1.70108e+007 1.70108e+007 1.70108e+007 1.70108e+007 1.70108e+007 1.70108e+007 1.70108e+007 1.70108e+007 1.70108e+007 1.70108e+007 1.70108e+007 1.70108e+007 1.70108e+007 1.70108e+007 1.70108e+007 1.70108e+007 1.70108e+007 1.70108e+007 1.70108e+007 1.70108e+007 1.70108e+007 1.70108e+007 1.70108e+007 1.70108e+007 1.70108e+007 1.70108e+007 1.70108e+007 1.70108e+007 1.70108e+007 0 0 0 0 0 0 0 0 0 0 0 0 0 0 0 0 0 0 0 0 0 0 0 0 0
#obs cpue bio
 4.67018e+006 2.25364e+006 3.28978e+006 2.95989e+006 2.07639e+006 1.89677e+006 2.84874e+006 1.57634e+006 2.00355e+006 1.38929e+006 1.75418e+006 1.67497e+006 1.16522e+006 1.21808e+006 1.05918e+006 676791 639759 626838 733826 577375 500289 720759 665821 721030 408546 586959 498498 468012 558430 612767 503422 484945 570774 590760 479664 519909 471387 483194 467424 915269 545306 352928 506506 473331 661019 534047 393400 490792 653750 615400 734032
#pred surv len freq
 0.00469872 0.00771697 0.0117778 0.0169109 0.0230118 0.0297433 0.0365175 0.0426528 0.0476357 0.0512896 0.0537438 0.0552781 0.0561798 0.0566656 0.0568504 0.0567406 0.0562517 0.0552417 0.0535398 0.0509548 0.0472821 0.0423585 0.036188 0.0290818 0.0216882
 0.00501867 0.00810903 0.0121368 0.0170746 0.0228229 0.0291377 0.0355822 0.0416055 0.0467257 0.0506783 0.0534378 0.0551503 0.0560553 0.0564201 0.0564727 0.0563389 0.0560053 0.0553197 0.0540201 0.0517819 0.0482869 0.0433302 0.0369596 0.0295838 0.0219461
 0.00530525 0.00859391 0.0128912 0.018149 0.0242034 0.0306987 0.0370736 0.0427129 0.0471967 0.0504441 0.0526409 0.0540529 0.054895 0.0553136 0.0554234 0.055318 0.0550324 0.0544836 0.0534329 0.0515063 0.0482903 0.0434981 0.0371553 0.0297111 0.0219776
 0.00556089 0.00901187 0.0135268 0.0190605 0.0254445 0.0322992 0.0390061 0.0448562 0.0493201 0.0522381 0.0538028 0.0543952 0.0544147 0.0541752 0.0538672 0.053562 0.0532303 0.0527434 0.0518492 0.0501625 0.0472326 0.0427146 0.0365869 0.0292882 0.0216512
 0.00582223 0.00943482 0.0141604 0.0199508 0.0266288 0.0337959 0.040802 0.046897 0.0515061 0.0544201 0.0557793 0.0559266 0.0552695 0.0542019 0.0530526 0.052036 0.0512144 0.0504797 0.0495517 0.0479991 0.0453215 0.0411212 0.0353263 0.0283366 0.0209653
 0.00607654 0.00984856 0.0147839 0.0208316 0.0278037 0.035278 0.0425678 0.0488818 0.0536132 0.0565365 0.0577838 0.0576838 0.0566212 0.0549745 0.0530935 0.0512678 0.0496762 0.0483292 0.0470253 0.0453548 0.0427895 0.0388743 0.0334679 0.0269022 0.0199343
 0.00636113 0.0103012 0.015447 0.0217395 0.0289786 0.0367232 0.0442584 0.0507598 0.0555926 0.0585164 0.0596612 0.0593587 0.0579919 0.0559289 0.0535073 0.0510217 0.0486946 0.0466242 0.0447206 0.0426717 0.0399995 0.0362394 0.0311898 0.0250944 0.0186184
 0.00660047 0.0106954 0.0160491 0.022601 0.0301377 0.0381878 0.0459905 0.0526736 0.0575714 0.0604405 0.0614289 0.0608918 0.0592274 0.0568048 0.0539503 0.0509444 0.0480103 0.0452807 0.0427431 0.0401902 0.0372419 0.0334846 0.0286997 0.0230532 0.0171012
 0.00686875 0.0111312 0.0167048 0.0235256 0.0313687 0.0397368 0.0478268 0.0547165 0.0596979 0.0625069 0.0632965 0.0624472 0.0603923 0.0575334 0.0542145 0.0507161 0.047251 0.0439529 0.0408425 0.0377872 0.0345045 0.0306624 0.0260669 0.020834 0.0154147
 0.00712924 0.0115532 0.0173371 0.0244131 0.0325443 0.0412089 0.0495657 0.0566485 0.0617141 0.0644812 0.065104 0.0639762 0.0615523 0.0582592 0.0544668 0.0504736 0.0465007 0.0426851 0.0390641 0.0355509 0.0319389 0.0279757 0.0235103 0.0186347 0.013712
 0.00733984 0.0118963 0.017855 0.0251463 0.0335241 0.0424467 0.0510403 0.0583015 0.0634568 0.06621 0.0667155 0.0653765 0.0626598 0.0590069 0.0548029 0.0503617 0.045918 0.0416226 0.0375327 0.0335997 0.0296763 0.0255775 0.021196 0.0166135 0.0121236
 0.00757521 0.0122703 0.0184021 0.0258931 0.0344861 0.0436217 0.0524011 0.0597919 0.0649975 0.0677118 0.0680919 0.0665519 0.0635721 0.0596069 0.0550516 0.0502287 0.0453802 0.0406671 0.036166 0.0318626 0.0276614 0.0234354 0.0191171 0.0147837 0.0106726
 0.0078276 0.0126779 0.0190096 0.0267381 0.0355894 0.0449736 0.0539487 0.0614393 0.0666235 0.0691972 0.0693428 0.0675081 0.0642032 0.0599018 0.0550093 0.04985 0.0446649 0.0396152 0.034787 0.030191 0.0257742 0.021459 0.0172129 0.0131112 0.00934448
 0.00818397 0.013242 0.0198299 0.0278477 0.036999 0.04666 0.0558428 0.0634228 0.0685431 0.0708937 0.0706817 0.0684008 0.0646141 0.0598429 0.0545255 0.0489999 0.0435039 0.0381878 0.0331306 0.0283502 0.0238188 0.0194942 0.0153706 0.0115204 0.00809375
 0.00854103 0.0138051 0.0206443 0.0289426 0.0383801 0.0483011 0.0576758 0.0653359 0.0703951 0.0725392 0.0719955 0.0692922 0.0650323 0.0597776 0.0540033 0.0480763 0.0422498 0.036676 0.0314289 0.0265247 0.0219448 0.0176651 0.0136934 0.010095 0.00698485
 0.00882986 0.0142767 0.0213564 0.0299466 0.0397066 0.049939 0.0595537 0.0673213 0.0723178 0.0742298 0.0733185 0.0701609 0.0654078 0.0596606 0.0534256 0.0470936 0.0409341 0.0351084 0.0296928 0.0247038 0.0201249 0.0159368 0.0121474 0.00880778 0.00599914
 0.00896272 0.0144948 0.0216894 0.0304261 0.0403628 0.0507935 0.0606089 0.0685498 0.073657 0.0755851 0.0745748 0.071201 0.066133 0.0600062 0.053367 0.0466434 0.0401344 0.0340225 0.0283977 0.0232853 0.0186739 0.0145455 0.0109013 0.00777339 0.00521066
 0.00899982 0.014556 0.0217841 0.0305655 0.0405609 0.0510668 0.0609752 0.0690251 0.0742506 0.0762923 0.0753688 0.0720281 0.0669147 0.0606513 0.0537899 0.0467825 0.0399639 0.0335543 0.0276774 0.0223831 0.017676 0.013543 0.00997914 0.0069968 0.00461454
 0.00890607 0.0144156 0.0215957 0.0303374 0.040311 0.0508216 0.0607691 0.0688989 0.0742474 0.0764497 0.0757092 0.0725489 0.067582 0.0613993 0.0545284 0.0474129 0.0403999 0.0337409 0.027601 0.0220727 0.0171939 0.012971 0.00940089 0.00648163 0.00420526
 0.00883175 0.0143011 0.0214355 0.0301318 0.0400672 0.0505549 0.0605034 0.0686657 0.074082 0.0763848 0.0757699 0.0727489 0.0679212 0.0618595 0.0550698 0.0479741 0.0409058 0.0341186 0.0277983 0.0220725 0.0170182 0.0126732 0.00904959 0.00614119 0.00392103
 0.00886324 0.0143529 0.0215142 0.0302424 0.0402105 0.050724 0.0606814 0.0688279 0.0742025 0.0764462 0.07577 0.0727033 0.0678582 0.0618119 0.0550635 0.0480172 0.0409831 0.0341941 0.0278276 0.0220198 0.0168713 0.0124486 0.00878498 0.00588089 0.00370034
 0.00879593 0.0142449 0.0213553 0.0300265 0.0399397 0.0504132 0.060361 0.0685402 0.0739903 0.0763394 0.0757774 0.0728136 0.0680495 0.0620613 0.0553527 0.0483317 0.0413064 0.0345028 0.0280914 0.0222085 0.0169662 0.0124508 0.0087162 0.00577489 0.00359026
 0.00881316 0.0142469 0.0213107 0.0298917 0.0396721 0.0499919 0.0598041 0.067908 0.0733715 0.0758264 0.0754427 0.0726953 0.0681474 0.0623436 0.0557685 0.048825 0.0418262 0.0350058 0.0285418 0.0225775 0.017235 0.0126157 0.00879032 0.00578414 0.00356453
 0.00898465 0.0144998 0.0216412 0.0302745 0.0400606 0.0503237 0.0600101 0.0679269 0.0731699 0.0754171 0.0748891 0.0720959 0.0676053 0.0619366 0.0555332 0.0487572 0.0418926 0.03516 0.0287356 0.0227694 0.017394 0.0127246 0.00884691 0.00579839 0.00355294
 0.00893093 0.0144354 0.021586 0.0302585 0.0401129 0.0504552 0.0602008 0.0681257 0.07331 0.0754402 0.0747674 0.0718424 0.0672713 0.0615955 0.0552573 0.0485967 0.0418638 0.0352464 0.0288993 0.0229648 0.0175807 0.0128753 0.00894994 0.00585635 0.00357724
 0.00899986 0.014526 0.0216839 0.030341 0.0401597 0.0504627 0.0601893 0.0681309 0.0733608 0.0755361 0.0748724 0.0719009 0.0672371 0.061456 0.0550401 0.0483566 0.041659 0.0351168 0.0288559 0.0229923 0.0176494 0.0129541 0.00901676 0.00590133 0.00360103
 0.00898131 0.014506 0.0216714 0.0303475 0.0401924 0.0505169 0.0602456 0.0681636 0.0733535 0.0754941 0.0748202 0.071865 0.0672265 0.0614566 0.0550276 0.0483158 0.0415962 0.0350548 0.0288196 0.0229948 0.0176868 0.0130107 0.00907444 0.00594746 0.00363116
 0.00889969 0.0143905 0.0215301 0.0301999 0.0400657 0.0504381 0.060233 0.0682205 0.0734662 0.0756351 0.0749577 0.0719751 0.0673004 0.0614987 0.0550463 0.0483161 0.0415802 0.0350273 0.0287911 0.0229775 0.0176883 0.0130298 0.00910308 0.00597612 0.00365345
 0.00874827 0.0141551 0.021197 0.0297675 0.0395487 0.0498716 0.0596748 0.0677443 0.0731441 0.0755153 0.0750482 0.0722437 0.0676891 0.0619442 0.0554959 0.0487348 0.0419487 0.0353384 0.0290456 0.0231817 0.0178508 0.0131582 0.00920219 0.00604887 0.00370279
 0.00872245 0.014099 0.021087 0.029574 0.0392451 0.049448 0.0591503 0.0671701 0.0725947 0.0750702 0.0747728 0.072174 0.0678244 0.06225 0.0559151 0.049204 0.0424136 0.0357614 0.0294069 0.0234758 0.0180811 0.0133325 0.00932938 0.0061374 0.00376067
 0.00861653 0.0139385 0.0208666 0.029294 0.0389087 0.0490575 0.0587071 0.0666812 0.0720815 0.0745747 0.0743552 0.0718999 0.0677458 0.0623879 0.0562527 0.0496914 0.0429827 0.0363436 0.0299474 0.0239403 0.018455 0.0136164 0.00953294 0.00627492 0.00384758
 0.00849101 0.0137627 0.0206542 0.029075 0.0387201 0.0489283 0.0586453 0.0666698 0.0720847 0.0745519 0.0742771 0.0717622 0.0675749 0.0622334 0.0561687 0.0497155 0.043122 0.036575 0.0302292 0.0242279 0.0187139 0.0138271 0.00969022 0.0063833 0.00391662
 0.00839971 0.0136095 0.0204168 0.0287353 0.038275 0.0484023 0.0580974 0.0661837 0.0717412 0.0743969 0.0743041 0.0719211 0.0678 0.0624733 0.056403 0.0499521 0.0433807 0.0368683 0.0305515 0.024557 0.0190207 0.0140872 0.00989105 0.00652479 0.00400768
 0.00830452 0.0134564 0.0201891 0.0284182 0.0378577 0.0478837 0.0574935 0.0655349 0.0711133 0.0738714 0.0739591 0.0718068 0.067921 0.062789 0.0568459 0.0504547 0.0438949 0.0373691 0.0310274 0.0249982 0.0194133 0.0144163 0.0101471 0.00670769 0.00412694
 0.00821874 0.0133147 0.019972 0.0281071 0.0374393 0.0473571 0.056877 0.0648672 0.0704486 0.0732712 0.0734841 0.0715106 0.0678428 0.0629424 0.0572116 0.0509825 0.0445174 0.0380204 0.0316559 0.0255698 0.0199074 0.0148211 0.0104584 0.00693002 0.00427276
 0.00891054 0.0142857 0.0211486 0.0293235 0.0384831 0.0480425 0.0571051 0.0646412 0.0698479 0.0724099 0.07248 0.0704715 0.0668622 0.0620976 0.0565574 0.0505445 0.0442889 0.037967 0.0317278 0.0257155 0.0200831 0.0149947 0.0106092 0.00704744 0.00435517
 0.00958871 0.0153519 0.022676 0.0313309 0.0409024 0.0506866 0.0596592 0.0667115 0.0710739 0.0725923 0.0716484 0.0688522 0.0647765 0.0598567 0.0544008 0.0486252 0.0426855 0.0367013 0.0307817 0.0250454 0.0196341 0.0147112 0.0104418 0.00695612 0.00430975
 0.00952463 0.0153597 0.0228934 0.0319509 0.0421175 0.0526007 0.0622058 0.0696281 0.0739497 0.0749715 0.0731488 0.0692622 0.0641006 0.0582954 0.0522743 0.0462758 0.0403984 0.0346674 0.0290974 0.0237333 0.0186681 0.0140387 0.0100002 0.00668403 0.00415346
 0.00920323 0.0148753 0.0222433 0.0311787 0.0413283 0.0519671 0.0619536 0.0699821 0.0750433 0.0767566 0.075365 0.0714975 0.0659243 0.0593975 0.0525484 0.0458185 0.0394406 0.0334797 0.027911 0.0226997 0.0178564 0.0134545 0.00961209 0.0064454 0.00401789
 0.00919337 0.0148179 0.0220824 0.0308424 0.0407554 0.0511481 0.0609674 0.0690049 0.0743165 0.0765186 0.0757686 0.0725417 0.0674315 0.0610562 0.0540137 0.046827 0.0398866 0.0334207 0.0275112 0.0221505 0.0173126 0.0130066 0.00928985 0.00623845 0.00389803
 0.00921884 0.0148534 0.0221221 0.0308696 0.0407379 0.0510368 0.0607047 0.0685488 0.0736759 0.0757825 0.0751046 0.0721502 0.0674678 0.0615574 0.05487 0.0478185 0.0407698 0.03402 0.0277703 0.0221242 0.0171155 0.0127547 0.00906278 0.00607124 0.00379236
 0.00917109 0.0147992 0.022083 0.0308779 0.0408247 0.0512133 0.0609467 0.0687937 0.0738379 0.0757836 0.0749099 0.0717947 0.0670571 0.0612334 0.0547507 0.0479419 0.0410741 0.0343769 0.0280494 0.0222503 0.0170881 0.0126266 0.00890127 0.00592675 0.00368767
 0.00898731 0.0145235 0.0217126 0.0304301 0.0403371 0.050741 0.0605552 0.0685454 0.0737716 0.0758943 0.0751451 0.0720741 0.0673104 0.0614341 0.054925 0.0481448 0.0413476 0.0347166 0.0284038 0.0225508 0.0172865 0.0127159 0.00890894 0.00589297 0.00364524
 0.00892608 0.0144199 0.02155 0.0301931 0.0400179 0.050349 0.0601243 0.0681328 0.0734453 0.0757123 0.0751354 0.0722243 0.0675726 0.061744 0.0552288 0.0484181 0.0415964 0.034959 0.0286463 0.0227784 0.0174723 0.0128399 0.00897016 0.00590776 0.00363585
 0.0089821 0.0144848 0.0215992 0.0301871 0.0399127 0.0501127 0.0597525 0.0676555 0.0729218 0.0752182 0.0747461 0.0719979 0.0675354 0.0618842 0.0555018 0.0487649 0.0419637 0.0353119 0.0289679 0.0230595 0.0177042 0.0130143 0.0090855 0.00597201 0.0036641
 0.009036 0.0145734 0.0217326 0.03037 0.0401374 0.0503508 0.0599529 0.0677539 0.0728635 0.074984 0.0743656 0.071543 0.0670954 0.0615372 0.0552932 0.0487006 0.0420177 0.0354428 0.0291345 0.0232299 0.0178571 0.0131371 0.00917311 0.00602622 0.0036921
 0.00891617 0.0144108 0.0215476 0.0302021 0.0400345 0.0503514 0.0600692 0.0679644 0.0731171 0.0752136 0.0745081 0.0715598 0.0669873 0.0613438 0.0550779 0.0485251 0.0419217 0.0354349 0.0291978 0.0233348 0.0179738 0.0132433 0.0092562 0.00608295 0.0037257
 0.0088132 0.0142458 0.0213059 0.0298774 0.0396366 0.0499153 0.0596572 0.0676556 0.0729806 0.0752789 0.0747493 0.0719047 0.0673467 0.0616463 0.055291 0.048658 0.0420096 0.0355165 0.0292973 0.0234558 0.0181044 0.0133663 0.00935772 0.00615682 0.00377317
 0.00870119 0.0140826 0.0210948 0.0296322 0.0393761 0.0496557 0.0594095 0.0674293 0.0727928 0.075158 0.0747276 0.0720016 0.0675536 0.0619234 0.0555828 0.0489158 0.0422097 0.0356626 0.0294093 0.0235542 0.0181993 0.0134567 0.00943688 0.00621855 0.00381566
 0.00841581 0.0136605 0.0205383 0.028973 0.0386692 0.048967 0.0588035 0.066961 0.0724998 0.0750558 0.0748099 0.0722472 0.0679342 0.0624066 0.0561294 0.0494801 0.0427457 0.0361358 0.0298037 0.0238712 0.0184495 0.0136511 0.0095834 0.00632328 0.00388502
 0.00803946 0.0130812 0.0197293 0.0279374 0.0374457 0.0476336 0.0574782 0.0657895 0.0716263 0.0745838 0.0747752 0.0726166 0.0686264 0.0633213 0.057169 0.0505598 0.0437953 0.0370997 0.0306435 0.0245668 0.0189988 0.0140651 0.00988051 0.00652484 0.00401288
#obs surv len freq
 nan nan nan nan nan nan nan nan nan nan nan nan nan nan nan nan nan nan nan nan nan nan nan nan nan
 0.00448422 0.00734567 0.0111762 0.0159936 0.021696 0.0279735 0.0342893 0.0400216 0.0447011 0.0481639 0.05052 0.0520136 0.0529037 0.0534141 0.0537267 0.0539804 0.0542581 0.0545502 0.0546886 0.0542803 0.0527184 0.0493509 0.0438012 0.0362821 0.0276667
 0.00461448 0.00755907 0.0115001 0.0164536 0.0223096 0.0287407 0.0351832 0.0409853 0.0456556 0.0490233 0.0512078 0.0524742 0.0531077 0.0533597 0.053435 0.0534879 0.0536081 0.0537854 0.0538482 0.0534013 0.0518396 0.0485153 0.0430536 0.0356601 0.0271913
 0.00478298 0.00783382 0.0119151 0.0170411 0.0230938 0.0297279 0.0363506 0.0422762 0.0469849 0.0502906 0.0523125 0.0533275 0.0536423 0.0535358 0.0532445 0.0529523 0.0527721 0.0527082 0.0525959 0.0520445 0.0504539 0.0471815 0.041852 0.0346569 0.0264232
 0.00497379 0.00814724 0.0123928 0.0177237 0.0240132 0.0308944 0.0377399 0.0438248 0.0485984 0.0518603 0.0537308 0.0544971 0.0544802 0.0539774 0.0532488 0.052507 0.0518964 0.0514513 0.0510333 0.0502736 0.0485905 0.0453538 0.0401865 0.0332572 0.0253475
 0.00518086 0.00848663 0.0129089 0.0184602 0.0250052 0.0321559 0.0392502 0.0455226 0.0503886 0.0536307 0.0553681 0.055897 0.0555521 0.0546458 0.0534554 0.0522143 0.0510928 0.0501587 0.0493126 0.0482282 0.0463637 0.0431172 0.0381161 0.0314998 0.0239885
 0.00541486 0.00886781 0.0134841 0.0192739 0.0260916 0.0335262 0.0408791 0.0473435 0.052302 0.055522 0.0571247 0.0574173 0.0567474 0.0554408 0.0537865 0.0520313 0.050364 0.0488796 0.0475204 0.0460143 0.0438798 0.0405639 0.035712 0.0294345 0.0223784
 0.00565353 0.00926112 0.0140858 0.020137 0.0272577 0.0350089 0.0426472 0.0493161 0.0543614 0.057538 0.058976 0.0590025 0.0579856 0.0562669 0.0541465 0.0518786 0.0496609 0.0476068 0.0456938 0.0437071 0.0412368 0.0377974 0.0330677 0.0271359 0.0205707
 0.00589346 0.00965427 0.0146835 0.0209899 0.0284068 0.036471 0.0443992 0.0512875 0.0564425 0.0595989 0.0608872 0.0606495 0.0592764 0.0571326 0.054537 0.0517554 0.0489925 0.0463727 0.0439001 0.0414111 0.0385699 0.0349674 0.030329 0.02473 0.0186622
 0.00615143 0.0100745 0.0153176 0.0218863 0.0296021 0.0379752 0.0461812 0.05327 0.0585127 0.0616297 0.0627571 0.0622529 0.0605271 0.0579634 0.0548976 0.0516093 0.0483126 0.0451427 0.0421257 0.0391425 0.0359264 0.032146 0.0275793 0.0222971 0.0167195
 0.00637337 0.0104419 0.0158826 0.0227017 0.0307101 0.0393912 0.0478768 0.0551677 0.0604985 0.0635759 0.0645438 0.0637799 0.0617162 0.0587553 0.0552481 0.0514843 0.047686 0.0439981 0.0404668 0.0370139 0.0334358 0.0294746 0.0249614 0.0199674 0.0148488
 0.00662273 0.0108475 0.0164935 0.0235637 0.0318577 0.0408335 0.049583 0.057061 0.062465 0.0654854 0.0662713 0.0652208 0.0627924 0.0594162 0.0554645 0.0512407 0.046973 0.0428115 0.0388163 0.034942 0.031041 0.0269218 0.0224658 0.0177466 0.0130631
 0.0068429 0.0112117 0.017053 0.0243694 0.0329487 0.0422205 0.0512316 0.0588873 0.0643495 0.067298 0.0678932 0.0665561 0.0637708 0.0599912 0.0556103 0.0509471 0.0462401 0.0416462 0.0372376 0.0329952 0.0288173 0.0245689 0.0201749 0.0157116 0.011427
 0.00706879 0.0115809 0.0176124 0.0251638 0.0340123 0.0435623 0.0528209 0.0606474 0.0661668 0.0690426 0.0694412 0.0678054 0.0646494 0.0604576 0.0556492 0.0505615 0.0454436 0.040459 0.0356894 0.0311369 0.0267363 0.0223983 0.0180821 0.0138643 0.00994745
 0.00727432 0.01192 0.0181317 0.025909 0.0350179 0.0448364 0.0543297 0.0623113 0.0678725 0.0706659 0.0708677 0.068943 0.065432 0.0608457 0.0556279 0.0501363 0.0446344 0.0392953 0.0342107 0.0293998 0.024826 0.0204345 0.01621 0.0122253 0.00864247
 0.00744603 0.0122008 0.0185575 0.0265147 0.0358313 0.0458677 0.0555602 0.0636875 0.0693113 0.072068 0.0721329 0.0699825 0.0661764 0.0612488 0.0556669 0.049809 0.0439552 0.0382917 0.0329235 0.0278867 0.0231687 0.0187413 0.0146061 0.0108293 0.00753602
 0.00752857 0.0123389 0.0187729 0.0268313 0.0362717 0.0464473 0.0562804 0.0645317 0.0702458 0.0730456 0.0730973 0.070871 0.0669238 0.0617935 0.0559574 0.0498104 0.0436517 0.0376883 0.032046 0.0267838 0.0219136 0.0174306 0.0133495 0.00972836 0.00666057
 0.00757886 0.0124153 0.0188788 0.0269681 0.0364419 0.0466573 0.056542 0.0648601 0.070654 0.0735381 0.0736645 0.0714864 0.0675448 0.0623645 0.0564168 0.0500982 0.0437193 0.0375066 0.0316113 0.0261219 0.0210807 0.0165085 0.0124336 0.00890856 0.00599995
 0.00766795 0.0125487 0.019058 0.0271866 0.0366862 0.0469108 0.0567885 0.0650878 0.0708595 0.0737297 0.0738599 0.0717054 0.0677983 0.0626452 0.0566961 0.05033 0.0438498 0.0374866 0.031409 0.0257335 0.0205348 0.015864 0.0117675 0.00829704 0.00549925
 0.00774382 0.01267 0.0192359 0.027428 0.0369902 0.0472638 0.057162 0.0654411 0.0711514 0.0739316 0.0739669 0.0717364 0.0677869 0.0626257 0.0566896 0.0503358 0.0438445 0.0374318 0.0312653 0.0254755 0.0201637 0.0154105 0.0112845 0.00784339 0.00512164
 0.00776397 0.0127032 0.0192868 0.027502 0.0370925 0.0473986 0.0573297 0.0656364 0.0713608 0.074135 0.0741416 0.0718648 0.0678628 0.0626571 0.0566937 0.0503294 0.0438331 0.0374046 0.0311986 0.0253445 0.0199559 0.0151356 0.0109733 0.00753757 0.00485844
 0.00782172 0.0127844 0.019386 0.0276065 0.0371874 0.047473 0.0573824 0.0656756 0.0714001 0.0741861 0.074209 0.0719432 0.0679404 0.0627205 0.0567346 0.0503467 0.0438301 0.0373826 0.0311522 0.0252624 0.0198285 0.0149636 0.0107722 0.00733328 0.00467746
 0.00784558 0.0128244 0.0194475 0.0276934 0.0372987 0.0475997 0.057506 0.0657731 0.071453 0.0741902 0.0741769 0.0718983 0.0679045 0.062705 0.0567381 0.0503595 0.0438409 0.037382 0.0311328 0.0252175 0.0197531 0.014858 0.010645 0.0072003 0.00455651
 0.00787393 0.0128638 0.0194949 0.0277425 0.0373428 0.0476351 0.057534 0.0657978 0.071477 0.074211 0.0741883 0.0718952 0.0678887 0.062685 0.0567243 0.0503584 0.0438511 0.0373959 0.0311399 0.0252082 0.0197211 0.0148024 0.010571 0.00711856 0.00447925
 0.00786977 0.0128564 0.0194824 0.0277222 0.0373117 0.0475902 0.057474 0.0657253 0.0713995 0.0741408 0.0741388 0.0718762 0.0679027 0.0627278 0.0567886 0.0504365 0.0439366 0.0374817 0.0312176 0.0252686 0.0197571 0.0148111 0.0105556 0.00708704 0.00444184
 0.00789814 0.0128961 0.0195302 0.027771 0.0373521 0.0476137 0.0574752 0.0657024 0.0713545 0.0740783 0.0740662 0.0718035 0.0678408 0.0626862 0.056772 0.0504447 0.0439648 0.0375225 0.0312627 0.0253095 0.0197863 0.0148243 0.0105525 0.00707165 0.00442058
 0.00790569 0.0129103 0.0195547 0.0278093 0.0374055 0.0476784 0.0575412 0.0657552 0.0713797 0.0740678 0.074021 0.071733 0.0677589 0.0626071 0.0567076 0.050402 0.0439458 0.0375246 0.0312794 0.0253326 0.0198079 0.0148384 0.0105566 0.00706687 0.0044104
 0.00789654 0.0128942 0.0195286 0.0277705 0.0373534 0.0476165 0.0574777 0.0657011 0.0713444 0.0740545 0.0740255 0.0717468 0.0677744 0.062621 0.0567217 0.0504209 0.0439737 0.0375629 0.031326 0.0253823 0.0198542 0.0148758 0.010582 0.0070805 0.00441494
 0.00786877 0.012846 0.0194507 0.0276532 0.0371896 0.0474067 0.0572343 0.0654488 0.0711159 0.0738817 0.0739316 0.07174 0.0678476 0.0627556 0.0568945 0.0506106 0.0441649 0.037746 0.0314948 0.0255322 0.0199811 0.0149764 0.0106557 0.00712936 0.00444378
 0.00785686 0.0128245 0.0194141 0.0275946 0.0371015 0.0472831 0.0570731 0.0652551 0.0709027 0.0736704 0.0737488 0.0716121 0.0677938 0.0627828 0.0569953 0.0507667 0.0443531 0.0379443 0.0316861 0.025705 0.0201281 0.0150941 0.0107434 0.00718944 0.00448119
 0.0078401 0.0127945 0.0193639 0.0275161 0.0369876 0.0471307 0.0568857 0.0650434 0.0706829 0.0734607 0.0735672 0.0714757 0.0677176 0.0627781 0.0570657 0.0509063 0.0445461 0.0381684 0.0319175 0.0259231 0.0203183 0.0152482 0.0108594 0.00727011 0.00453258
 0.00782766 0.0127747 0.0193347 0.0274754 0.0369326 0.047058 0.056792 0.0649269 0.0705452 0.0733086 0.0734122 0.071333 0.0676038 0.0627078 0.0570502 0.0509508 0.0446479 0.0383164 0.0320941 0.0261074 0.0204913 0.0153959 0.0109747 0.00735242 0.00458617
 0.00780082 0.0127291 0.0192625 0.0273691 0.0367872 0.046875 0.0565819 0.0647081 0.0703396 0.0731349 0.0732823 0.0712513 0.0675705 0.0627222 0.0571115 0.0510579 0.0447979 0.038502 0.0323028 0.0263226 0.0206949 0.0155727 0.0111152 0.00745448 0.00465364
 0.00776775 0.0126766 0.0191858 0.0272643 0.0366518 0.0467088 0.0563885 0.0644968 0.0701254 0.0729371 0.0731206 0.0711421 0.0675228 0.0627368 0.0571834 0.0511789 0.0449587 0.0386932 0.0325131 0.0265383 0.0209009 0.0157546 0.0112627 0.00756379 0.00472728
 0.00772988 0.0126137 0.0190889 0.027125 0.0364649 0.0464758 0.0561209 0.0642156 0.0698568 0.0727061 0.0729467 0.0710371 0.0674922 0.0627804 0.0572954 0.0513489 0.045173 0.0389364 0.0327697 0.0267928 0.0211382 0.0159615 0.0114301 0.00768829 0.00481177
 0.0093244 0.014843 0.0217738 0.0298746 0.0387903 0.0479713 0.0566075 0.0637687 0.0687232 0.0711813 0.0712828 0.0694081 0.0659992 0.0614725 0.0561892 0.0504421 0.0444526 0.0383839 0.0323633 0.0265092 0.0209531 0.0158508 0.0113712 0.00766154 0.00480245
 0.00930885 0.0151141 0.0227041 0.0319255 0.0423107 0.0529256 0.0624033 0.0693535 0.0729585 0.0732913 0.0711122 0.0673625 0.0627675 0.0577331 0.0524418 0.0469791 0.0414098 0.035804 0.0302422 0.0248202 0.0196572 0.0148996 0.0107089 0.00722824 0.00453836
 0.00897229 0.0145843 0.0219608 0.031019 0.0414156 0.0523772 0.0626574 0.0708229 0.0757639 0.077078 0.0750933 0.0706185 0.0646303 0.0580181 0.0514156 0.0451426 0.039262 0.0337067 0.0283969 0.0233065 0.0184827 0.0140348 0.0101069 0.00683476 0.00429889
 0.00880865 0.0143081 0.0215269 0.0303819 0.0405474 0.0512993 0.0614819 0.069781 0.0751879 0.0773088 0.0763263 0.0727576 0.0672544 0.060518 0.0532419 0.0460163 0.0392307 0.0330425 0.0274326 0.0223116 0.0176173 0.0133623 0.00962846 0.00652029 0.00410785
 0.00874643 0.0141999 0.0213503 0.0301091 0.0401486 0.0507506 0.060778 0.0689516 0.0743164 0.076545 0.0758764 0.0728313 0.0679727 0.0618217 0.0548696 0.047589 0.0404075 0.0336523 0.0275083 0.0220238 0.0171695 0.0129127 0.00926237 0.00626185 0.00394518
 0.00868669 0.0141068 0.0212171 0.0299307 0.03992 0.0504657 0.0604295 0.0685343 0.0738336 0.0760196 0.0753644 0.0724295 0.0678073 0.0620074 0.0554475 0.0484803 0.041421 0.0345571 0.0281306 0.0223095 0.0171778 0.0127605 0.00906152 0.00608382 0.00381778
 0.0087059 0.0141277 0.0212293 0.0299186 0.0398666 0.050359 0.0602669 0.068322 0.0735811 0.075735 0.0750555 0.0721137 0.0675236 0.0618205 0.0554321 0.0486863 0.0418358 0.0350943 0.0286599 0.0227132 0.0173999 0.0128163 0.00901118 0.00599323 0.00373229
 0.00867732 0.0140895 0.0211866 0.0298794 0.0398377 0.0503397 0.0602464 0.0682817 0.0735031 0.0756103 0.0748877 0.071917 0.0673195 0.0616377 0.0553077 0.0486609 0.0419384 0.0353214 0.0289662 0.0230256 0.017649 0.012966 0.00906646 0.00598594 0.00369874
 0.00867675 0.0140845 0.021172 0.0298493 0.0397886 0.0502741 0.0601742 0.0682167 0.0734552 0.0755787 0.0748601 0.0718767 0.0672552 0.0615511 0.0552154 0.0485905 0.04192 0.0353754 0.0290915 0.0231958 0.0178223 0.0131042 0.00915079 0.00602024 0.00370057
 0.00865281 0.0140481 0.0211218 0.0297853 0.0397115 0.0501848 0.0600746 0.0681113 0.0733527 0.0754914 0.0747998 0.0718492 0.0672569 0.0615709 0.0552422 0.0486204 0.0419595 0.0354368 0.029184 0.0233167 0.0179553 0.0132263 0.00924348 0.0060771 0.00372703
 0.00865189 0.0140462 0.0211184 0.0297795 0.0397023 0.0501717 0.0600568 0.0680881 0.0733231 0.0754545 0.0747565 0.0718027 0.0672128 0.0615344 0.0552162 0.0486054 0.0419559 0.0354475 0.0292132 0.0233662 0.0180205 0.0132961 0.00930508 0.00612185 0.00375334
 0.00864157 0.0140304 0.0210963 0.0297512 0.0396686 0.050134 0.0600174 0.0680496 0.0732883 0.0754257 0.0747344 0.0717871 0.0672028 0.0615297 0.0552171 0.0486128 0.0419708 0.0354709 0.0292462 0.0234091 0.0180713 0.0133497 0.00935443 0.00616093 0.00377962
 0.00865628 0.014051 0.0211212 0.0297768 0.0396902 0.0501476 0.0600208 0.0680427 0.0732727 0.0754031 0.074707 0.0717567 0.067171 0.0614981 0.0551875 0.0485873 0.0419517 0.0354603 0.0292457 0.0234194 0.0180912 0.0133759 0.00938217 0.00618551 0.00379803
 0.00860678 0.0139806 0.0210339 0.0296823 0.0396011 0.0500742 0.0599678 0.0680094 0.0732552 0.0753984 0.0747139 0.0717755 0.0672018 0.0615394 0.0552361 0.0486394 0.0420042 0.0355115 0.029295 0.0234667 0.0181363 0.0134176 0.00941865 0.00621487 0.00381933
 0.00860786 0.0139758 0.0210151 0.0296395 0.0395268 0.0499695 0.0598458 0.0678925 0.0731669 0.0753531 0.0747123 0.0718074 0.0672532 0.0615988 0.0552968 0.0486986 0.0420606 0.0355646 0.0293444 0.0235122 0.0181776 0.0134542 0.00944969 0.00623951 0.00383727
 0.00860786 0.0139758 0.0210151 0.0296395 0.0395268 0.0499695 0.0598458 0.0678925 0.0731669 0.0753531 0.0747123 0.0718074 0.0672532 0.0615988 0.0552968 0.0486986 0.0420606 0.0355646 0.0293444 0.0235122 0.0181776 0.0134542 0.00944969 0.00623951 0.00383727
#pred catch len freq
 0.00460526 0.00729965 0.0106714 0.0146442 0.0191658 0.0241831 0.0295703 0.0350995 0.0404891 0.0454772 0.0498667 0.0535387 0.056453 0.0586289 0.0601038 0.0608893 0.0609505 0.0602092 0.0585521 0.0558282 0.0518543 0.0464771 0.0397159 0.0319204 0.0238063
 0.0049526 0.00774769 0.0111344 0.0149814 0.019234 0.0239113 0.0290107 0.0344117 0.0398606 0.0450262 0.0495878 0.0533206 0.0561509 0.0581496 0.0594639 0.0602215 0.0604562 0.0600751 0.0588652 0.0565308 0.0527654 0.0473712 0.0404157 0.0323535 0.0240019
 0.00527532 0.00826503 0.0118909 0.0159914 0.0204532 0.0252112 0.0301778 0.0352012 0.0400942 0.0446813 0.0488084 0.0523327 0.0551404 0.0571893 0.0585325 0.0592864 0.0595483 0.0593015 0.0583545 0.0563532 0.0528842 0.047658 0.0407175 0.032563 0.0240883
 0.00558656 0.00875376 0.0125973 0.0169486 0.0216884 0.0267382 0.0319734 0.0371677 0.0420338 0.0463146 0.0498507 0.0526019 0.0546302 0.0560558 0.0570054 0.0575729 0.0577946 0.0576141 0.0568317 0.0550835 0.0519144 0.0469697 0.0402402 0.0322159 0.0238166
 0.00590742 0.00925381 0.0133112 0.0178987 0.0228877 0.0281931 0.0336804 0.0391026 0.0441348 0.0484609 0.0518486 0.054197 0.0555625 0.0561455 0.0562214 0.0560418 0.0557457 0.0553026 0.0544849 0.0528799 0.0499783 0.0453675 0.0389826 0.0312725 0.0231386
 0.00622029 0.0097431 0.0140127 0.0188363 0.0240739 0.0296296 0.0353541 0.0409804 0.0461607 0.0505553 0.0539044 0.0560704 0.0570686 0.0570745 0.0563859 0.0553401 0.0542091 0.0530971 0.0518659 0.0501274 0.0473414 0.0430311 0.037055 0.0297887 0.0220742
 0.00656849 0.0102796 0.0147667 0.019819 0.0252838 0.0310575 0.0369833 0.0427807 0.0480825 0.0525285 0.0558405 0.0578649 0.0586002 0.0582025 0.056954 0.0552002 0.0532658 0.0513562 0.0494599 0.047298 0.0443856 0.0402348 0.034637 0.027871 0.0206795
 0.00690457 0.0108061 0.0155225 0.0208286 0.0265552 0.0325801 0.0387226 0.0446755 0.0500503 0.0544778 0.0576816 0.0595141 0.0599768 0.059221 0.0575171 0.0551983 0.0525943 0.0499523 0.0473488 0.0446229 0.0413981 0.0372427 0.0319294 0.0256505 0.0190289
 0.00725671 0.0113551 0.0163063 0.0218703 0.0278643 0.034152 0.0405327 0.0466702 0.0521428 0.056554 0.0596153 0.0611861 0.0612901 0.0601057 0.0579214 0.055073 0.0518839 0.048607 0.04536 0.0420667 0.03846 0.0341984 0.0290812 0.0232462 0.0172005
 0.00758321 0.0118643 0.0170333 0.0228369 0.0290792 0.0356119 0.0422174 0.0485355 0.0541174 0.0585415 0.061502 0.0628518 0.0626216 0.0610104 0.0583338 0.0549515 0.0512003 0.0473423 0.0435171 0.039702 0.0357151 0.0313038 0.0263154 0.020861 0.0153512
 0.00786952 0.012311 0.0176717 0.0236863 0.030148 0.0368975 0.0437025 0.0501825 0.0558656 0.0603104 0.0631975 0.0643736 0.0638711 0.0618985 0.0587874 0.0549167 0.050642 0.0462441 0.041888 0.0375951 0.033251 0.0286785 0.0237737 0.0186368 0.0136011
 0.0082012 0.0128197 0.0183815 0.0246017 0.0312582 0.0381821 0.0451319 0.0517148 0.0574436 0.0618634 0.0646471 0.0656403 0.0648808 0.062586 0.0590987 0.0548086 0.0500823 0.0452146 0.0403937 0.035681 0.0310207 0.0263009 0.0214622 0.0166001 0.0119848
 0.0085881 0.0134168 0.0192206 0.0256915 0.0325842 0.0397079 0.0467979 0.053438 0.0591249 0.0634025 0.0659575 0.0666575 0.065563 0.06291 0.0590534 0.0543889 0.0492844 0.0440373 0.0388476 0.0338053 0.0289021 0.0240816 0.0193239 0.0147219 0.0104933
 0.00904568 0.0141185 0.0201987 0.0269496 0.0341006 0.0414402 0.0486825 0.0553847 0.0610176 0.0651104 0.0673548 0.0676449 0.066083 0.0629511 0.0586424 0.0535727 0.0481136 0.0425553 0.0370937 0.0318291 0.0267825 0.0219375 0.0173041 0.0129721 0.00911448
 0.0095268 0.0148534 0.0212171 0.028249 0.0356509 0.0431914 0.0505663 0.0573122 0.0628802 0.0667882 0.0687302 0.0686169 0.0665803 0.0629421 0.0581383 0.0526219 0.0467868 0.0409298 0.035244 0.0298295 0.0247184 0.0199147 0.0154438 0.0113878 0.00788017
 0.00986264 0.0153825 0.021982 0.0292779 0.0369529 0.0447492 0.0523269 0.0591828 0.0647357 0.0684907 0.0701499 0.0696479 0.0671496 0.0630146 0.0577169 0.0517447 0.0455191 0.0393547 0.0334523 0.0279153 0.0227797 0.0180555 0.0137687 0.00998566 0.00680218
 0.0100066 0.0156121 0.0223208 0.0297492 0.0375805 0.0455557 0.0533268 0.0603698 0.0660705 0.0698947 0.0715098 0.0708342 0.0680412 0.0635212 0.0577912 0.0513833 0.0447565 0.038254 0.032097 0.0264014 0.0212109 0.0165377 0.0124006 0.00884474 0.00592954
 0.0100092 0.0156211 0.0223443 0.0298007 0.03768 0.0457297 0.0536068 0.0607878 0.0666513 0.0706439 0.0724025 0.071808 0.0690001 0.0643511 0.0583835 0.0516572 0.0446739 0.0378227 0.0313653 0.0254482 0.0201342 0.0154424 0.0113849 0.00798464 0.00526677
 0.00991413 0.0154811 0.0221609 0.0295862 0.0374556 0.0455225 0.0534477 0.0607115 0.0666947 0.0708419 0.0727793 0.0723659 0.0697095 0.0651461 0.0591684 0.0523242 0.0451268 0.037999 0.031249 0.0250711 0.0195666 0.0147765 0.0107156 0.00739025 0.00479549
 0.00989005 0.0154432 0.0221065 0.0295136 0.0373652 0.0454177 0.0533359 0.0606056 0.0666134 0.0708089 0.0728212 0.0725078 0.0699676 0.0655185 0.0596264 0.0528104 0.0455642 0.0383088 0.0313734 0.0249901 0.0193036 0.0143903 0.0102815 0.0069793 0.00445683
 0.00986696 0.0154127 0.0220734 0.0294864 0.0373532 0.0454268 0.0533654 0.060648 0.0666578 0.0708468 0.0728512 0.0725381 0.0700155 0.0656044 0.0597647 0.0529995 0.0457791 0.0385049 0.0314984 0.0250038 0.0191935 0.014177 0.0100105 0.00670338 0.00421855
 0.00974073 0.0152202 0.0218079 0.0291523 0.0369666 0.0450155 0.0529678 0.0603087 0.0664192 0.0707372 0.0728783 0.0726899 0.0702679 0.0659311 0.0601428 0.0534086 0.0461969 0.0389016 0.0318378 0.0252506 0.0193263 0.0141978 0.00994501 0.00659109 0.00409836
 0.00977281 0.0152472 0.0218023 0.0290735 0.0367721 0.0446793 0.0524966 0.059747 0.0658406 0.070226 0.0725087 0.0725104 0.0702924 0.0661407 0.0604956 0.0538531 0.0466824 0.039383 0.0322753 0.0256109 0.0195867 0.014352 0.0100059 0.00658607 0.00405939
 0.00991289 0.0154496 0.0220584 0.0293548 0.0370328 0.0448636 0.0525491 0.0596255 0.0655307 0.0697535 0.0719409 0.071941 0.0698157 0.065825 0.0603687 0.0539028 0.0468683 0.0396516 0.0325725 0.0258902 0.0198144 0.0145103 0.0100942 0.00661795 0.00405578
 0.00986913 0.0153985 0.0220179 0.0293516 0.0370924 0.044995 0.0527325 0.0598121 0.0656558 0.0697593 0.0717981 0.0716615 0.0694517 0.065454 0.060069 0.05373 0.0468412 0.0397525 0.0327595 0.0261125 0.0200265 0.0146814 0.0102111 0.00668362 0.00408322
 0.00992675 0.0154732 0.0220965 0.0294139 0.0371212 0.044989 0.0527129 0.0598137 0.0657058 0.0698553 0.0719025 0.0717176 0.0694124 0.065307 0.0598439 0.053485 0.0466381 0.0396334 0.0327349 0.0261643 0.0201206 0.0147829 0.0102954 0.00674023 0.00411359
 0.00991593 0.0154635 0.0220954 0.0294303 0.0371597 0.0450435 0.052765 0.0598408 0.0656954 0.0698155 0.0718581 0.0716922 0.0694105 0.0653099 0.0598247 0.0534292 0.0465556 0.0395523 0.0326846 0.02616 0.0201578 0.0148435 0.0103585 0.00679106 0.00414686
 0.00978998 0.0152834 0.0218705 0.0291864 0.0369337 0.0448725 0.0526759 0.0598427 0.0657778 0.0699517 0.072015 0.071843 0.0695421 0.0654212 0.0599175 0.0535021 0.0466055 0.0395814 0.0327031 0.0261817 0.0201917 0.0148892 0.0104079 0.00683478 0.00417905
 0.00961849 0.0150231 0.0215143 0.0287424 0.0364259 0.04434 0.0521708 0.0594252 0.0655043 0.0698597 0.0721103 0.0720983 0.0699077 0.065841 0.0603435 0.0539009 0.0469581 0.0398798 0.0329477 0.0263785 0.0203495 0.0150154 0.0105069 0.00690855 0.00422971
 0.00954492 0.0148994 0.0213207 0.0284591 0.0360381 0.0438473 0.0515957 0.0588169 0.064933 0.0694023 0.0718334 0.0720414 0.0700731 0.066194 0.0608232 0.0544381 0.0474917 0.0403668 0.033365 0.026719 0.0206167 0.0152178 0.0106546 0.00701127 0.00429681
 0.00947387 0.0147928 0.0211758 0.028276 0.0358157 0.0435786 0.0512682 0.0584202 0.0644722 0.0689096 0.0713693 0.0716816 0.0698862 0.0662189 0.0610572 0.0548395 0.0479945 0.0409004 0.0338708 0.027159 0.0209734 0.0154899 0.0108506 0.00714432 0.00438135
 0.00931799 0.0145729 0.0209067 0.0279922 0.0355609 0.0433884 0.0511554 0.0583701 0.064449 0.0688708 0.0712831 0.0715424 0.0697206 0.0660786 0.0609994 0.054903 0.0481854 0.0411914 0.0342141 0.0275043 0.0212818 0.0157399 0.0110367 0.00727235 0.00446281
 0.00918317 0.0143601 0.0206002 0.027586 0.0350655 0.0428371 0.0506067 0.0578983 0.0641224 0.0687259 0.0713107 0.0716952 0.0699381 0.0663145 0.0612367 0.0551522 0.0484673 0.0415179 0.0345768 0.0278765 0.0216296 0.0160351 0.0112648 0.00743311 0.00456628
