SBPRF35
10.3023
Curr Bio
655169
B35
774439
F35
0.187063
FOFL
0.160299
OFL
86432.4
Bzero
2.9435e+006
#pred survey bio
 4.15294e+006 3.96094e+006 3.78825e+006 3.5649e+006 3.31664e+006 3.0245e+006 2.73857e+006 2.43466e+006 2.16215e+006 1.92098e+006 1.68998e+006 1.48683e+006 1.30916e+006 1.15846e+006 1.01221e+006 896219 805456 743276 695960 660587 628458 597580 579895 567572 555435 540731 544121 546883 545516 547944 542087 549255 550559 558868 557346 541778 539105 526163 534358 541583 550651 559443 567524 563737 566267 573610 584549 589524 601753 608263 619323 660282 2.35835e+007 1.41109e+007 1.43355e+007 1.51061e+007 1.62282e+007 1.74611e+007 1.86362e+007 1.96641e+007 2.05139e+007 2.11903e+007 2.17145e+007 2.21137e+007 2.24142e+007 2.26387e+007 2.2806e+007 2.29306e+007 2.30235e+007 2.3093e+007 2.31452e+007 2.31846e+007 2.32145e+007 2.32373e+007 2.32548e+007 2.32682e+007 2.32787e+007 2.32868e+007 2.32931e+007 2.32981e+007 2.33019e+007 2.3305e+007 2.33074e+007 2.33093e+007 2.33108e+007 2.3312e+007 2.33129e+007 2.33137e+007 2.33143e+007 2.33148e+007 2.33152e+007 2.33155e+007 2.33157e+007 2.33159e+007 2.33161e+007 2.33162e+007 2.33163e+007 2.33164e+007 2.33164e+007 2.33165e+007 2.33165e+007 2.33166e+007 2.33166e+007 2.33166e+007 2.33166e+007 2.33167e+007 2.33167e+007 2.33167e+007 2.33167e+007 2.33167e+007 2.33167e+007 2.33167e+007 2.33167e+007 2.33167e+007 2.33167e+007 2.33167e+007 2.33167e+007 2.33167e+007 2.33167e+007 2.33167e+007 2.33167e+007 2.33167e+007 2.33167e+007 2.33167e+007 2.33167e+007 2.33167e+007 2.33167e+007 2.33167e+007 2.33167e+007 2.33167e+007 2.33167e+007 2.33167e+007 2.33167e+007 2.33167e+007 2.33167e+007 2.33167e+007 2.33167e+007 2.33167e+007 2.33167e+007 2.33167e+007 2.33167e+007 2.33167e+007 2.33167e+007 2.33167e+007 2.33167e+007 2.33167e+007 2.33167e+007 2.33167e+007 2.33167e+007 2.33167e+007 2.33167e+007 2.33167e+007 0 0 0 0 0 0 0 0 0 0 0 0 0 0 0 0 0 0 0 0 0 0 0 0 0
#obs survey bio
 5.07864e+006 3.1266e+006 4.97128e+006 3.68898e+006 2.28234e+006 1.85574e+006 2.94599e+006 2.08166e+006 2.51304e+006 1.4044e+006 1.61039e+006 1.01608e+006 1.14918e+006 1.26244e+006 970070 682069 665675 726334 410323 620303 525348 476966 421102 413518 625558 426328 427984 525821 434642 529835 504812 501286 553049 587088 573806 535769 529269 603536 582337 550926 400456 702204 796129 701784 608469 810090 621954 702413 932314 496374 501572 656247
#pred catch bio
 106209 96083.8 153729 193124 253806 270819 310236 303273 293584 299852 287069 273203 254298 251304 223340 199090 171818 156560 144109 138909 134862 121209 115199 113620 113852 97542.1 97919.5 100685 96557.4 102004 89391.9 93182.4 86023.3 92263.5 100518 87825 98342.7 83668.5 87315.7 87053.9 87773.1 88095.2 96821.9 89995.9 85601.4 83261.6 89409.7 84603.2 91141.3 89302.1 66390.1 88671.7 86432.4 99180.1 99500.8 103478 110565 118704 126463 133152 138556 142732 145853 148129 149757 150904 151704 152255 152634 152891 153066 153183 153263 153316 153352 153376 153392 153402 153409 153414 153417 153419 153420 153421 153422 153422 153423 153423 153423 153423 153423 153423 153423 153423 153423 153423 153423 153423 153423 153423 153423 153423 153423 153423 153423 153423 153423 153423 153423 153423 153423 153423 153423 153423 153423 153423 153423 153423 153423 153423 153423 153423 153423 153423 153423 153423 153423 153423 153423 153423 153423 153423 153423 153423 153423 153423 153423 153423 153423 153423 153423 153423 153423 153423 153423 153423 153423 153423 153423 153423 153423 153423 0 0 0 0 0 0 0 0 0 0 0 0 0 0 0 0 0 0 0 0 0 0 0 0 0
#obs catch bio
 0 95665.9 153979 193463 255598 272559 312903 307309 296082 304435 290693 278654 260550 256023 227399 202393 174624 158469 146300 141050 137095 123110 117002 115957 115782 98922.2 99436.3 102231 97842.4 103750 90372.6 94076.4 86862.4 93092.2 101427 87913.9 98777.9 83466.2 87222.4 86654 87678 87582.4 96275.6 89254.3 84665.2 82457 88631.6 83980.1 90144.3 88955.5 65975.7 88841
#pred cpue bio
 4.09094e+006 3.90187e+006 3.7318e+006 3.50966e+006 3.26202e+006 2.97105e+006 2.68636e+006 2.38405e+006 2.11308e+006 1.87343e+006 1.64416e+006 1.44261e+006 1.26661e+006 1.11788e+006 974156 860274 771304 710565 664480 630016 598856 569015 551945 540017 528354 514289 517709 520563 519458 522062 516760 524153 525766 534213 533400 518928 516041 502187 509190 516171 525261 534096 542311 539004 541696 548868 559389 564023 575735 581836 592218 632339 2.26475e+007 1.35751e+007 1.36806e+007 1.42968e+007 1.53563e+007 1.65723e+007 1.77436e+007 1.87706e+007 1.96204e+007 2.02967e+007 2.08209e+007 2.12201e+007 2.15206e+007 2.17451e+007 2.19124e+007 2.2037e+007 2.21299e+007 2.21994e+007 2.22516e+007 2.2291e+007 2.23209e+007 2.23437e+007 2.23612e+007 2.23746e+007 2.23851e+007 2.23932e+007 2.23995e+007 2.24044e+007 2.24083e+007 2.24114e+007 2.24138e+007 2.24157e+007 2.24172e+007 2.24184e+007 2.24193e+007 2.24201e+007 2.24207e+007 2.24212e+007 2.24216e+007 2.24219e+007 2.24221e+007 2.24223e+007 2.24225e+007 2.24226e+007 2.24227e+007 2.24228e+007 2.24228e+007 2.24229e+007 2.24229e+007 2.2423e+007 2.2423e+007 2.2423e+007 2.2423e+007 2.2423e+007 2.24231e+007 2.24231e+007 2.24231e+007 2.24231e+007 2.24231e+007 2.24231e+007 2.24231e+007 2.24231e+007 2.24231e+007 2.24231e+007 2.24231e+007 2.24231e+007 2.24231e+007 2.24231e+007 2.24231e+007 2.24231e+007 2.24231e+007 2.24231e+007 2.24231e+007 2.24231e+007 2.24231e+007 2.24231e+007 2.24231e+007 2.24231e+007 2.24231e+007 2.24231e+007 2.24231e+007 2.24231e+007 2.24231e+007 2.24231e+007 2.24231e+007 2.24231e+007 2.24231e+007 2.24231e+007 2.24231e+007 2.24231e+007 2.24231e+007 2.24231e+007 2.24231e+007 2.24231e+007 2.24231e+007 2.24231e+007 2.24231e+007 2.24231e+007 2.24231e+007 2.24231e+007 0 0 0 0 0 0 0 0 0 0 0 0 0 0 0 0 0 0 0 0 0 0 0 0 0
#obs cpue bio
 4.66464e+006 4.01758e+006 2.83264e+006 1.81128e+006 2.86491e+006 4.05256e+006 2.65593e+006 1.38645e+006 2.61343e+006 1.4602e+006 1.82282e+006 1.06903e+006 794422 1.34062e+006 768206 960083 672641 743935 723980 539307 554474 515709 581386 417727 498993 451781 504588 469090 528030 408085 504861 661942 354099 539850 558000 655666 544519 555083 495480 687046 572621 636270 472231 560035 765707 396942 614590 421351 654116 495655 591741 540356
#pred surv len freq
 0.00548849 0.00877452 0.0129512 0.017919 0.0235212 0.0294922 0.0354141 0.0407936 0.0452393 0.0485968 0.0509379 0.0524527 0.0533478 0.0537971 0.0539296 0.0538338 0.0535709 0.0531751 0.0526136 0.0517002 0.0500268 0.0470227 0.0422089 0.035548 0.0276444
 0.00567731 0.00899618 0.0131319 0.0179499 0.0233036 0.0289991 0.0347302 0.040096 0.0447219 0.0483802 0.0510233 0.0527427 0.0537136 0.0541473 0.0542441 0.0541526 0.0539506 0.0536371 0.0531103 0.0521207 0.0502429 0.0469532 0.0418642 0.0350267 0.0270845
 0.00598251 0.00946459 0.0137794 0.0187578 0.0242063 0.0298791 0.0354299 0.0404612 0.0446681 0.0479462 0.0503661 0.0520655 0.0531716 0.0537945 0.0540484 0.0540537 0.0539074 0.053634 0.0531289 0.052112 0.0501304 0.0466715 0.0414033 0.0344471 0.0264904
 0.00622507 0.00986277 0.014385 0.0196188 0.0253531 0.031301 0.0370507 0.0421267 0.0461646 0.0490513 0.0509185 0.0520236 0.0526276 0.0529307 0.053058 0.0530739 0.0529981 0.0527972 0.0523378 0.051328 0.0493127 0.0457935 0.0404754 0.0335261 0.02566
 0.00644567 0.0102156 0.0149068 0.0203442 0.0263134 0.0325188 0.0385275 0.0438257 0.0479945 0.0508598 0.0525042 0.0531742 0.0531796 0.0528248 0.0523602 0.051944 0.0516235 0.0513298 0.0508646 0.0498781 0.047887 0.0443967 0.0391384 0.0323093 0.0246336
 0.00674309 0.0106813 0.015575 0.0212369 0.0274396 0.0338738 0.0400892 0.0455518 0.0498224 0.0527073 0.0542655 0.0547131 0.0543342 0.053435 0.0523145 0.0512229 0.0503112 0.0495839 0.0488612 0.0477673 0.0457785 0.0423746 0.0372823 0.0306994 0.0233361
 0.00704772 0.0111625 0.0162733 0.0221811 0.0286428 0.0353277 0.0417569 0.0473662 0.0516955 0.0545464 0.0559842 0.0562308 0.0555634 0.0542714 0.052642 0.0509407 0.0493729 0.0480262 0.0468042 0.0453855 0.0432633 0.0399075 0.0350215 0.0287702 0.0218161
 0.00737016 0.011677 0.0170296 0.0232195 0.0299875 0.0369762 0.0436682 0.0494553 0.0538435 0.0566217 0.0578653 0.0578188 0.0567838 0.0550642 0.0529483 0.050696 0.0485181 0.0465364 0.0447208 0.0428325 0.0404374 0.0370455 0.0323572 0.0264922 0.0200347
 0.00771705 0.0122179 0.0178017 0.024245 0.031274 0.0385168 0.0454357 0.0513959 0.0558747 0.0586383 0.0597507 0.0594587 0.0580779 0.0559333 0.0533325 0.0505471 0.0477938 0.0452079 0.0427972 0.0403912 0.0376411 0.0341291 0.0295836 0.0240907 0.0181481
 0.0080532 0.0127479 0.0185688 0.025278 0.0325834 0.0400879 0.0472221 0.0533186 0.0578333 0.0605295 0.0614819 0.0609505 0.0592598 0.0567398 0.053703 0.0504276 0.0471388 0.0439865 0.0410082 0.0380892 0.0349598 0.0312829 0.0268328 0.0216789 0.0162378
 0.00844749 0.0133644 0.0194512 0.0264514 0.0340513 0.0418285 0.0491808 0.0554042 0.059926 0.0624997 0.0632117 0.0623487 0.0602657 0.0573178 0.0538319 0.050089 0.0463119 0.0426515 0.0391637 0.0357778 0.0322952 0.0284578 0.0240929 0.019264 0.0143154
 0.00877499 0.0138891 0.0202261 0.0275201 0.0354389 0.0435287 0.0511421 0.0575261 0.0620721 0.0645236 0.0649809 0.0637594 0.0612471 0.0578311 0.0538642 0.049643 0.0453949 0.0412706 0.0373333 0.033542 0.0297539 0.0257798 0.0214984 0.0169732 0.0124864
 0.0089639 0.0142076 0.020727 0.028261 0.0364716 0.0448816 0.0528007 0.059423 0.0640928 0.0665252 0.0668152 0.0652924 0.0623748 0.0584871 0.0540196 0.0492988 0.0445698 0.0399922 0.0356378 0.0314864 0.0274361 0.0233513 0.0191518 0.0149018 0.0108305
 0.00917017 0.0145278 0.0211824 0.0288657 0.0372369 0.0458186 0.0539185 0.0607188 0.06554 0.0680636 0.0683506 0.0667072 0.0635465 0.059309 0.054416 0.0492306 0.0440314 0.0390038 0.0342409 0.0297467 0.0254534 0.0212659 0.017134 0.0131188 0.00940294
 0.00949439 0.0150314 0.021896 0.0298005 0.0383816 0.0471378 0.0553509 0.0621827 0.0669478 0.0693414 0.0694483 0.0675928 0.0641924 0.0596811 0.0544742 0.0489379 0.0433655 0.0379651 0.0328568 0.0280756 0.023589 0.0193371 0.0152917 0.0115067 0.00812128
 0.00975804 0.0154464 0.0224949 0.0306037 0.0393933 0.0483399 0.0566956 0.0635907 0.0683181 0.0705713 0.0704543 0.068324 0.0646308 0.0598318 0.0543492 0.0485439 0.0427006 0.0370265 0.0316541 0.0266449 0.0220021 0.0177009 0.0137337 0.0101474 0.0070437
 0.00991745 0.0157036 0.0228786 0.0311394 0.040099 0.0492189 0.0577275 0.0647271 0.0694865 0.0716859 0.0714294 0.0690868 0.0651309 0.0600461 0.05428 0.0482097 0.042124 0.0362272 0.0306517 0.0254698 0.0207083 0.0163706 0.0124681 0.00904397 0.00616947
 0.0100948 0.015962 0.0232132 0.0315299 0.0405195 0.0496526 0.0581766 0.0652088 0.0700196 0.0722739 0.0720508 0.069695 0.0656645 0.0604433 0.0544916 0.0482065 0.0418975 0.0357849 0.0300127 0.0246655 0.0197867 0.0153992 0.0115285 0.00821513 0.00550738
 0.0102535 0.0162065 0.0235545 0.0319664 0.0410343 0.0502128 0.0587356 0.0657155 0.0704346 0.0725847 0.0722749 0.0698659 0.0658086 0.0605629 0.0545628 0.0481905 0.0417562 0.0354936 0.0295661 0.0240793 0.0190974 0.0146619 0.010809 0.00757692 0.00499565
 0.0102699 0.0162454 0.0236357 0.032115 0.0412744 0.0505562 0.0591715 0.0662079 0.070929 0.0730239 0.0726156 0.0700903 0.0659263 0.0606 0.0545451 0.0481282 0.0416398 0.0353014 0.0292777 0.0236889 0.0186207 0.0141358 0.0102842 0.00710438 0.00461292
 0.0103239 0.0163242 0.0237386 0.0322383 0.0414154 0.0507189 0.0593679 0.0664524 0.0712277 0.0733638 0.0729623 0.0703973 0.0661514 0.0607202 0.0545611 0.048057 0.0415012 0.0351062 0.0290268 0.02338 0.0182594 0.0137422 0.00989128 0.00674891 0.00432351
 0.0104607 0.0165277 0.0240093 0.0325631 0.0417709 0.0510763 0.0596992 0.0667355 0.0714504 0.073526 0.0730728 0.0704658 0.0661795 0.0607 0.0544811 0.0479114 0.0412939 0.0348488 0.0287317 0.0230576 0.0179196 0.013399 0.00956484 0.00646174 0.00409333
 0.0105681 0.0166845 0.0242121 0.032797 0.042013 0.0513023 0.0598892 0.0668765 0.0715371 0.0735616 0.0730688 0.0704393 0.0661473 0.060672 0.0544556 0.0478765 0.041234 0.0347516 0.0285929 0.0228804 0.0177135 0.0131785 0.00934768 0.00626634 0.00393406
 0.0105147 0.0166197 0.0241544 0.0327754 0.0420569 0.0514267 0.0600839 0.0671072 0.071759 0.0737372 0.0731798 0.0704883 0.0661512 0.0606519 0.0544282 0.0478493 0.041204 0.0347093 0.0285277 0.0227863 0.0175919 0.0130384 0.0092031 0.00613242 0.0038229
 0.0104898 0.0165773 0.0240883 0.0326823 0.0419411 0.0513056 0.0599884 0.0670738 0.0718136 0.0738802 0.0733829 0.0707063 0.0663419 0.060791 0.0545131 0.0478908 0.0412162 0.0347008 0.0285005 0.0227388 0.0175237 0.0129535 0.00911034 0.00604307 0.00374673
 0.0106195 0.0167615 0.0243161 0.0329259 0.0421628 0.0514699 0.0600739 0.0670786 0.0717556 0.0737902 0.0732938 0.0706407 0.066304 0.0607679 0.0544848 0.0478424 0.0411438 0.0346097 0.028399 0.0226335 0.0174185 0.0128515 0.00901554 0.00596042 0.00368048
 0.0105322 0.0166332 0.0241478 0.032726 0.0419429 0.0512394 0.059837 0.0668381 0.0715195 0.0735787 0.0731389 0.0705779 0.0663583 0.0609422 0.0547563 0.0481693 0.0414795 0.034916 0.0286526 0.0228256 0.0175509 0.012932 0.0090556 0.00597275 0.00367722
 0.0104456 0.0165002 0.0239623 0.0324888 0.0416627 0.0509329 0.0595279 0.0665537 0.0712845 0.0734086 0.0730394 0.0705494 0.0664029 0.0610643 0.0549574 0.0484403 0.0417968 0.035246 0.0289611 0.023087 0.0177521 0.0130726 0.00914356 0.00602086 0.003699
 0.0103986 0.0164278 0.0238608 0.0323573 0.0415029 0.0507491 0.0593274 0.0663479 0.0710887 0.0732397 0.0729125 0.0704747 0.0663846 0.0611029 0.0550518 0.0485879 0.0419909 0.0354723 0.0291981 0.0233103 0.0179417 0.0132173 0.00924255 0.00608102 0.00373099
 0.0101953 0.0161301 0.0234739 0.0319072 0.0410295 0.0502937 0.0589238 0.0660192 0.0708493 0.0730983 0.0728727 0.0705351 0.0665382 0.0613373 0.0553507 0.0489331 0.0423635 0.0358536 0.0295683 0.0236495 0.0182321 0.0134473 0.00940966 0.00619154 0.00379706
 0.0101722 0.0160795 0.0233748 0.0317352 0.0407665 0.0499416 0.0585129 0.0656045 0.0704926 0.0728458 0.0727426 0.0705193 0.066615 0.0614841 0.0555498 0.0491717 0.0426307 0.0361375 0.0298547 0.0239223 0.0184754 0.0136485 0.00956253 0.00629732 0.00386325
 0.0101209 0.0159873 0.0232194 0.03149 0.0404058 0.0494508 0.0579005 0.0649092 0.069783 0.0722094 0.0722663 0.0702679 0.0666141 0.061716 0.0559645 0.049705 0.0432211 0.0367346 0.0304211 0.0244313 0.0189086 0.0139958 0.00982251 0.00647736 0.00397756
 0.0100009 0.0158188 0.023014 0.0312718 0.0402008 0.0492709 0.0577332 0.0647224 0.0695423 0.0719006 0.07191 0.0699173 0.0663389 0.0615782 0.0559978 0.0499067 0.0435572 0.0371542 0.0308714 0.0248671 0.0192972 0.0143173 0.010069 0.00665165 0.00409046
 0.00963709 0.0152786 0.0222976 0.0304164 0.0392741 0.0483569 0.0569178 0.0640796 0.0691203 0.0717104 0.0719248 0.0700895 0.0666236 0.0619512 0.0564559 0.0504534 0.0441859 0.0378389 0.0315696 0.0255306 0.019884 0.0147995 0.0104365 0.00691028 0.00425761
 0.00947833 0.0150156 0.0218948 0.0298426 0.0385158 0.0474356 0.0559027 0.0630837 0.0682737 0.0711219 0.0716511 0.0701254 0.0669161 0.0624261 0.0570439 0.051106 0.0448753 0.0385469 0.0322749 0.0262032 0.0204894 0.0153081 0.0108322 0.00719354 0.00444319
 0.0102937 0.0161583 0.0232749 0.0312589 0.0397084 0.0481736 0.0560589 0.0626605 0.0673811 0.0699325 0.0703546 0.0688917 0.0658673 0.061623 0.0564915 0.0507735 0.0447197 0.0385286 0.032361 0.0263633 0.0206909 0.0155178 0.0110215 0.00734448 0.00455022
 0.0109247 0.0171436 0.0246738 0.0330766 0.0418691 0.0504954 0.0582493 0.0643616 0.0682718 0.0698454 0.0693399 0.0671893 0.0638099 0.0595275 0.0545877 0.0491838 0.0434769 0.0376098 0.0317182 0.0259427 0.0204408 0.0153899 0.0109724 0.0073384 0.00456179
 0.0108962 0.0171944 0.0249286 0.0337091 0.0430531 0.0523266 0.0606709 0.0671358 0.0710159 0.0721216 0.0707678 0.067547 0.0630917 0.0579336 0.0524493 0.0468569 0.0412525 0.0356712 0.0301447 0.024739 0.0195689 0.0147932 0.0105888 0.00710866 0.00443464
 0.0104902 0.0165855 0.024115 0.0327419 0.0420475 0.0514626 0.0601772 0.0672402 0.0718628 0.0736861 0.0728206 0.0697039 0.0649334 0.0591421 0.0528975 0.046619 0.0405416 0.034744 0.0292188 0.0239508 0.0189731 0.0143857 0.0103349 0.00696469 0.00436086
 0.0103539 0.0163484 0.0237311 0.032164 0.041245 0.0504501 0.0590413 0.066149 0.071042 0.073363 0.0731489 0.0706957 0.0664299 0.0608466 0.0544688 0.0477853 0.0411817 0.0348983 0.0290367 0.0236109 0.0186191 0.0140988 0.0101394 0.0068498 0.00430227
 0.010222 0.0161488 0.0234561 0.0318112 0.040811 0.0499247 0.0584109 0.0654121 0.0702357 0.072583 0.0725469 0.0704427 0.0666517 0.0615609 0.0555574 0.0490251 0.0423244 0.0357599 0.02955 0.0238201 0.01863 0.0140208 0.010049 0.00678228 0.00426353
 0.0100627 0.0159076 0.0231266 0.0313998 0.0403352 0.0494086 0.0578799 0.0648891 0.0697365 0.0721194 0.0721378 0.070131 0.0665109 0.0616763 0.0559834 0.0497416 0.0432242 0.0366818 0.0303409 0.0243904 0.0189717 0.0141853 0.010107 0.0067924 0.00426001
 0.00992159 0.0156878 0.0228143 0.03099 0.0398336 0.0488345 0.0572676 0.0642857 0.0691933 0.0716785 0.071823 0.069949 0.0664635 0.0617742 0.0562492 0.0501949 0.0438547 0.0374306 0.0311097 0.025075 0.0195012 0.0145414 0.0103161 0.00690043 0.00431021
 0.00998195 0.0157677 0.0229004 0.0310573 0.0398514 0.0487749 0.0571148 0.0640406 0.0688724 0.0713102 0.0714421 0.0695904 0.066158 0.0615475 0.0561247 0.0501946 0.0439934 0.037703 0.0314799 0.0254814 0.0198764 0.0148369 0.0105157 0.00701636 0.00436821
 0.0100979 0.0159298 0.0230952 0.0312539 0.0400083 0.0488512 0.0570814 0.0638858 0.0686033 0.0709511 0.0710306 0.0691716 0.0657762 0.0612393 0.0559156 0.0500997 0.0440188 0.0378444 0.0317183 0.0257804 0.0201879 0.015115 0.0107306 0.0071608 0.0044529
 0.0101648 0.0160325 0.0232375 0.0314327 0.0402107 0.0490531 0.0572477 0.0639753 0.0685805 0.0707989 0.0707583 0.0688135 0.0653815 0.06086 0.0555962 0.049872 0.0439 0.0378377 0.0318128 0.0259514 0.0203998 0.015329 0.0109146 0.00729782 0.00454178
 0.0101973 0.0160809 0.023302 0.0315111 0.0402991 0.0491472 0.0573419 0.0640613 0.0686441 0.0708203 0.0707169 0.0686961 0.0651907 0.0606169 0.0553364 0.049636 0.0437233 0.037743 0.0318066 0.0260236 0.0205267 0.0154794 0.011059 0.00741548 0.00462468
 0.0102038 0.0161012 0.0233499 0.0316041 0.0404527 0.0493657 0.0576124 0.0643534 0.0689178 0.0710366 0.0708462 0.0687203 0.0651039 0.0604262 0.0550633 0.0493156 0.0433988 0.0374568 0.03159 0.0258908 0.0204729 0.0154853 0.0110987 0.00746515 0.00466829
 0.0102569 0.0161666 0.0234109 0.0316353 0.0404303 0.0492829 0.0574882 0.0642289 0.0688383 0.0710308 0.070914 0.0688357 0.065228 0.0605218 0.0551058 0.0492977 0.0433311 0.0373632 0.0314994 0.0258275 0.020449 0.0154988 0.0111368 0.00751173 0.00471043
 0.0103819 0.016358 0.0236753 0.0319673 0.0408097 0.0496738 0.057842 0.0644939 0.0689768 0.0710345 0.0708068 0.0686605 0.0650249 0.060313 0.0548937 0.049075 0.0430931 0.0371157 0.0312591 0.0256155 0.020283 0.015386 0.0110728 0.00748388 0.00470393
 0.0099686 0.0157884 0.0230072 0.0313171 0.0403191 0.049455 0.0579339 0.0648521 0.0694992 0.071603 0.0713246 0.0690719 0.065317 0.0605031 0.0550104 0.0491421 0.0431235 0.037115 0.0312331 0.0255747 0.0202407 0.0153537 0.0110559 0.00748105 0.00470965
 0.00893361 0.0142408 0.0209346 0.0288109 0.0375657 0.0467093 0.0554877 0.062994 0.0684565 0.0714791 0.0720669 0.0704957 0.0671733 0.0625515 0.0570647 0.0510807 0.0448769 0.0386471 0.0325287 0.026633 0.0210737 0.0159831 0.0115103 0.00779225 0.00490988
#obs surv len freq
 nan nan nan nan nan nan nan nan nan nan nan nan nan nan nan nan nan nan nan nan nan nan nan nan nan
 0.00448449 0.0073458 0.0111758 0.0159922 0.0216931 0.0279689 0.0342831 0.0400145 0.0446939 0.0481576 0.0505152 0.0520107 0.0529027 0.0534148 0.0537289 0.0539836 0.054262 0.0545547 0.0546934 0.0542853 0.0527234 0.0493555 0.0438054 0.0362855 0.0276693
 0.0046144 0.00755905 0.0115002 0.016454 0.0223102 0.0287413 0.0351832 0.0409839 0.0456524 0.0490183 0.0512015 0.0524677 0.0531021 0.0533557 0.053433 0.053488 0.0536098 0.0537885 0.0538521 0.0534057 0.0518442 0.0485198 0.0430576 0.0356635 0.0271939
 0.00478527 0.00783677 0.0119182 0.0170433 0.0230942 0.0297257 0.036346 0.0422699 0.0469778 0.0502833 0.0523053 0.0533207 0.053636 0.0535306 0.053241 0.0529511 0.0527733 0.0527116 0.0526012 0.052051 0.050461 0.0471886 0.0418585 0.0346624 0.0264274
 0.00496136 0.0081293 0.0123699 0.0176978 0.0239868 0.0308693 0.0377171 0.0438043 0.0485798 0.0518439 0.0537176 0.0544884 0.054477 0.0539801 0.0532572 0.0525205 0.0519144 0.0514732 0.0510584 0.0503009 0.0486187 0.0453811 0.0402113 0.0332781 0.0253634
 0.00518164 0.00848462 0.0129 0.0184391 0.0249673 0.0321 0.0391808 0.0454487 0.0503211 0.0535779 0.0553338 0.0558807 0.0555508 0.0546567 0.0534761 0.052243 0.0511285 0.0502001 0.0493586 0.0482773 0.0464139 0.0431657 0.0381601 0.0315367 0.0240169
 0.00541707 0.00887271 0.0134936 0.0192897 0.0261136 0.0335512 0.0409002 0.0473515 0.0522901 0.0554892 0.0570768 0.0573643 0.0566994 0.055404 0.0537631 0.0520207 0.0503641 0.0488885 0.0475362 0.0460354 0.043904 0.0405891 0.0357359 0.029455 0.0223945
 0.00565861 0.00926924 0.0140978 0.020154 0.0272809 0.035039 0.0426842 0.0493578 0.0544024 0.0575703 0.0589912 0.0589952 0.0579566 0.0562226 0.0540965 0.0518315 0.0496224 0.0475788 0.0456759 0.0436975 0.0412336 0.0377984 0.033071 0.0271401 0.0205745
 0.00589429 0.00965612 0.0146872 0.0209967 0.0284178 0.036487 0.0444206 0.0513139 0.0564728 0.0596308 0.0609172 0.0606724 0.0592868 0.0571267 0.0545148 0.0517212 0.0489534 0.0463356 0.0438697 0.0413894 0.0385563 0.0349603 0.0303262 0.0247297 0.0186631
 0.00613903 0.010055 0.0152894 0.0218489 0.0295561 0.0379231 0.0461277 0.0532217 0.0584767 0.0616115 0.0627591 0.0622738 0.0605618 0.0580047 0.0549379 0.0516429 0.0483377 0.045161 0.0421412 0.0391591 0.0359461 0.0321683 0.0276023 0.0223182 0.0167367
 0.00639584 0.0104761 0.0159296 0.0227606 0.030778 0.0394634 0.0479471 0.0552291 0.0605445 0.0636025 0.0645507 0.0637698 0.0616934 0.058724 0.0552108 0.0514418 0.0476384 0.0439459 0.0404123 0.0369604 0.0333871 0.0294334 0.0249289 0.0199436 0.0148325
 0.00661502 0.0108385 0.0164864 0.0235635 0.0318695 0.0408601 0.0496233 0.0571094 0.0625137 0.0655271 0.066301 0.0652367 0.0627958 0.0594096 0.055451 0.0512224 0.0469511 0.0427862 0.0387883 0.0349125 0.0310123 0.0268964 0.0224453 0.0177316 0.0130531
 0.006854 0.0112283 0.0170755 0.0243978 0.0329831 0.0422619 0.0512815 0.058947 0.0644175 0.0673688 0.0679575 0.0666039 0.0637946 0.0599883 0.0555833 0.0509019 0.0461832 0.0415833 0.0371729 0.0329317 0.0287577 0.0245159 0.0201307 0.0156772 0.0114024
 0.00707736 0.0115962 0.0176377 0.0252025 0.0340668 0.0436322 0.0529018 0.060732 0.0662468 0.0691117 0.0694959 0.0678438 0.0646695 0.0604572 0.0556265 0.0505173 0.0453815 0.0403846 0.0356092 0.0310565 0.0266606 0.0223308 0.0180257 0.0138202 0.00991572
 0.00728906 0.0119415 0.0181596 0.0259418 0.0350538 0.0448748 0.0543713 0.0623575 0.0679235 0.0707196 0.0709193 0.0689867 0.0654629 0.0608606 0.055625 0.0501151 0.0445958 0.0392418 0.0341468 0.029331 0.0247578 0.020372 0.0161569 0.0121836 0.00861228
 0.00743581 0.0121874 0.018543 0.0265029 0.035826 0.0458712 0.0555719 0.0637048 0.0693315 0.0720901 0.0721581 0.0700124 0.0662108 0.0612845 0.0556989 0.0498319 0.043965 0.0382867 0.0329045 0.027857 0.0231328 0.0187041 0.0145721 0.0108013 0.00751532
 0.00751489 0.0123167 0.0187398 0.0267859 0.0362148 0.0463829 0.0562165 0.0644789 0.0702137 0.0730395 0.0731166 0.070911 0.066978 0.0618556 0.056022 0.049872 0.0437052 0.0377294 0.0320723 0.0267955 0.0219132 0.0174221 0.0133372 0.00971594 0.00665025
 0.00761127 0.0124634 0.0189424 0.0270438 0.0365231 0.0467357 0.056609 0.0649083 0.0706788 0.0735389 0.0736451 0.0714533 0.0675044 0.0623218 0.0563749 0.0500585 0.0436819 0.0374704 0.0315751 0.0260847 0.0210428 0.0164717 0.0124003 0.00888098 0.00597923
 0.00768423 0.012581 0.0191167 0.0272836 0.0368304 0.0471013 0.0570101 0.0653116 0.0710516 0.0738609 0.0739149 0.0716849 0.0677153 0.0625191 0.0565469 0.0501745 0.0436997 0.0373486 0.0312862 0.0256263 0.020443 0.0157873 0.0117058 0.00825014 0.00546601
 0.00774284 0.0126684 0.0192342 0.027428 0.0369966 0.0472849 0.0572085 0.0655225 0.0712694 0.0740757 0.0741144 0.0718597 0.0678632 0.0626446 0.0566545 0.0502604 0.0437459 0.0373255 0.0311623 0.0253823 0.0200833 0.0153438 0.0112316 0.00780371 0.00509379
 0.00778148 0.0127304 0.0193253 0.027552 0.037153 0.0474671 0.0574026 0.0657104 0.0714342 0.0742081 0.0742147 0.0719346 0.0679203 0.0626894 0.0566894 0.050284 0.0437516 0.037299 0.0310836 0.0252329 0.0198567 0.0150532 0.0109091 0.00749055 0.00482634
 0.00782489 0.0127926 0.0194038 0.0276397 0.0372411 0.047549 0.0574767 0.0657787 0.0714999 0.0742718 0.0742742 0.0719872 0.0679651 0.0627275 0.0567228 0.0503128 0.0437718 0.0373016 0.0310554 0.0251601 0.0197312 0.0148793 0.010705 0.00728388 0.00464396
 0.00785391 0.0128358 0.019461 0.0277075 0.0373125 0.0476146 0.0575265 0.0658047 0.0714997 0.0742509 0.074245 0.0719638 0.0679581 0.0627409 0.0567539 0.0503551 0.0438166 0.0373387 0.0310734 0.0251473 0.01968 0.0147898 0.0105876 0.00715657 0.00452624
 0.0078986 0.0129039 0.0195547 0.0278253 0.0374487 0.0477596 0.0576666 0.0659238 0.0715817 0.0742845 0.0742278 0.0719036 0.0678708 0.0626451 0.0566657 0.0502837 0.0437637 0.0372992 0.0310382 0.0251061 0.0196243 0.0147164 0.0105003 0.00706513 0.00444243
 0.00792323 0.0129431 0.019612 0.0279027 0.0375463 0.0478739 0.0577896 0.0660433 0.0716835 0.0743557 0.0742597 0.0718938 0.0678231 0.0625693 0.056575 0.0501919 0.0436813 0.037231 0.0309825 0.0250569 0.0195744 0.0146609 0.010439 0.00700264 0.00438539
 0.00789977 0.0129069 0.0195616 0.0278386 0.0374719 0.0477956 0.0577172 0.0659884 0.0716565 0.0743624 0.074299 0.0719574 0.0678993 0.062646 0.0566438 0.0502492 0.0437277 0.037269 0.0310136 0.0250803 0.0195873 0.0146609 0.0104264 0.0069809 0.00436013
 0.00790782 0.0129087 0.0195436 0.0277826 0.0373605 0.0476221 0.0574922 0.0657407 0.0714251 0.0741848 0.0742005 0.0719471 0.06797 0.0627788 0.0568142 0.0504332 0.0439064 0.0374303 0.0311512 0.0251917 0.0196717 0.0147188 0.0104604 0.00699559 0.00436197
 0.00790805 0.0129116 0.0195517 0.0277977 0.0373801 0.0476362 0.0574829 0.0656877 0.071316 0.0740249 0.0740153 0.0717744 0.0678456 0.0627247 0.0568331 0.0505116 0.0440221 0.0375605 0.0312776 0.0253021 0.0197599 0.0147831 0.0105021 0.00701879 0.00437193
 0.00789849 0.0128924 0.0195166 0.0277397 0.0372947 0.0475249 0.0573551 0.0655576 0.0711967 0.0739224 0.0739286 0.0717013 0.0677904 0.0626989 0.0568505 0.0505799 0.0441374 0.037708 0.0314371 0.0254544 0.0198908 0.0148854 0.0105748 0.00706539 0.00439846
 0.00787067 0.0128469 0.0194475 0.0276413 0.0371626 0.0473582 0.057159 0.0653453 0.0709882 0.073741 0.0737949 0.0716277 0.0677787 0.0627432 0.0569421 0.0507113 0.0443019 0.0378968 0.0316372 0.0256495 0.0200653 0.0150282 0.0106815 0.00713789 0.00444303
 0.00784549 0.0128029 0.0193759 0.0275324 0.0370086 0.0471572 0.0569187 0.0650832 0.0707289 0.0735106 0.0736163 0.0715179 0.0677465 0.0627889 0.0570576 0.0508825 0.0445123 0.03813 0.0318773 0.0258809 0.0202737 0.0152022 0.0108152 0.0072318 0.00450297
 0.00784382 0.0127981 0.0193645 0.0275091 0.0369666 0.0470891 0.0568184 0.0649483 0.0705628 0.0733243 0.0734277 0.0713487 0.0676181 0.0627176 0.0570517 0.0509413 0.0446271 0.0382864 0.032058 0.0260683 0.0204513 0.0153568 0.0109385 0.00732146 0.00456212
 0.0078156 0.012755 0.019305 0.0274332 0.036876 0.0469862 0.056706 0.0648292 0.0704403 0.0732018 0.0733101 0.0712428 0.0675338 0.0626664 0.0570442 0.0509842 0.0447207 0.0384235 0.0322254 0.026249 0.0206278 0.0155142 0.0110667 0.00741662 0.00462622
 0.00780261 0.0127291 0.0192574 0.0273537 0.0367565 0.0468256 0.0565139 0.0646256 0.0702492 0.0730436 0.0731962 0.0711755 0.067509 0.0626791 0.0570913 0.0510651 0.0448352 0.0385692 0.0323952 0.0264309 0.0208069 0.015676 0.0112005 0.00751749 0.0046952
 0.0077492 0.0126487 0.019148 0.0272172 0.0365965 0.046646 0.0563185 0.06442 0.070044 0.0728557 0.073046 0.0710812 0.0674815 0.0627184 0.0571888 0.0512077 0.0450103 0.0387661 0.0326042 0.0266417 0.0210076 0.0158547 0.0113477 0.00762866 0.00477169
 0.00933454 0.0148601 0.0218008 0.0299154 0.0388497 0.0480543 0.0567176 0.0639057 0.0688801 0.0713439 0.0714317 0.0695235 0.0660661 0.0614839 0.0561462 0.050352 0.0443271 0.0382365 0.0322085 0.0263598 0.0208195 0.0157393 0.0112844 0.00759881 0.00476052
 0.00931654 0.0151264 0.022722 0.0319501 0.0423431 0.0529668 0.0624545 0.0694159 0.0730327 0.0733771 0.0712061 0.0674569 0.0628509 0.0577924 0.0524658 0.0469624 0.0413538 0.0357162 0.0301341 0.0247049 0.0195465 0.0148028 0.0106312 0.00717102 0.00449975
 0.00897583 0.0145903 0.0219702 0.0310327 0.0414346 0.0524018 0.0626872 0.0708571 0.0758017 0.0771192 0.0751383 0.0706675 0.0646815 0.0580668 0.0514542 0.0451622 0.0392561 0.0336732 0.0283392 0.0232328 0.0184033 0.0139597 0.0100433 0.00678609 0.0042652
 0.00882747 0.0143348 0.0215599 0.0304175 0.0405808 0.0513265 0.0615015 0.069794 0.0751967 0.0773161 0.0763345 0.0727681 0.067268 0.0605345 0.053259 0.0460297 0.0392348 0.0330319 0.0274049 0.0222687 0.0175647 0.0133076 0.0095788 0.00648031 0.00407915
 0.00875282 0.0142101 0.021365 0.0301285 0.0401718 0.0507749 0.0607992 0.0689651 0.0743191 0.0765372 0.0758621 0.0728167 0.0679637 0.0618216 0.0548783 0.0476036 0.0404229 0.0336627 0.027509 0.0220125 0.0171473 0.0128838 0.00923224 0.00623513 0.0039246
 0.00870312 0.0141299 0.0212452 0.0299601 0.0399463 0.0504851 0.0604405 0.0685375 0.0738303 0.0760109 0.0753509 0.0724125 0.067789 0.0619912 0.0554367 0.0484765 0.0414233 0.0345621 0.028134 0.0223075 0.0171689 0.0127456 0.00904353 0.00606621 0.00380318
 0.00867658 0.0140846 0.0211731 0.0298525 0.0397957 0.0502881 0.0602 0.0682621 0.0735319 0.0757008 0.0750408 0.0721217 0.0675543 0.0618706 0.0554964 0.0487587 0.0419105 0.0351658 0.0287232 0.0227646 0.0174371 0.0128396 0.00902282 0.00599689 0.00373166
 0.00867363 0.0140798 0.0211656 0.0298407 0.0397762 0.0502554 0.0601466 0.0681798 0.0734146 0.0755469 0.0748546 0.0719136 0.0673421 0.0616813 0.0553677 0.0487323 0.0420156 0.0353986 0.029038 0.0230874 0.0176978 0.0130009 0.0090886 0.00599807 0.00370418
 0.00866793 0.0140709 0.0211527 0.0298234 0.0397546 0.0502297 0.0601167 0.0681451 0.0733725 0.0754933 0.0747844 0.0718234 0.0672329 0.0615621 0.0552559 0.0486532 0.0419965 0.0354575 0.0291717 0.0232681 0.0178825 0.0131502 0.00918275 0.00604026 0.00371171
 0.00865237 0.014048 0.0211227 0.0297879 0.0397164 0.0501918 0.0600816 0.0681144 0.073347 0.075472 0.074765 0.0718015 0.0672039 0.0615231 0.055209 0.0486077 0.0419676 0.0354621 0.0292201 0.0233568 0.0179935 0.0132584 0.00926751 0.00609314 0.00373652
 0.00865377 0.0140479 0.0211182 0.0297755 0.0396927 0.050156 0.0600368 0.0680671 0.0733045 0.0754401 0.0747453 0.0717919 0.0671996 0.0615185 0.0552003 0.0485946 0.041955 0.035459 0.029236 0.0233964 0.0180528 0.0133258 0.00932905 0.006139 0.00376424
 0.00864462 0.014036 0.0211059 0.0297659 0.0396888 0.0501584 0.0600423 0.06807 0.0732996 0.0754253 0.0747231 0.0717675 0.0671777 0.0615015 0.0551876 0.0485842 0.0419463 0.0354539 0.0292389 0.0234115 0.018081 0.013363 0.00936775 0.00617191 0.00378734
 0.00863793 0.0140238 0.0210853 0.0297342 0.0396448 0.0501044 0.0599848 0.0680182 0.0732622 0.0754066 0.0747217 0.0717783 0.0671955 0.0615225 0.0552102 0.0486076 0.0419699 0.0354774 0.0292631 0.023438 0.018111 0.0133955 0.00939968 0.00619951 0.00380796
 0.00862844 0.0140107 0.0210696 0.029718 0.0396301 0.0500914 0.059972 0.0680031 0.073243 0.0753849 0.0747014 0.0717642 0.0671902 0.0615259 0.05522 0.0486212 0.0419851 0.0354935 0.0292801 0.0234564 0.0181311 0.013417 0.00942101 0.00621855 0.00382291
 0.00860796 0.01398 0.0210285 0.0296683 0.0395756 0.0500375 0.0599244 0.0679671 0.073222 0.075379 0.0747081 0.0717796 0.0672115 0.0615516 0.0552493 0.0486532 0.0420185 0.0355265 0.0293114 0.0234856 0.0181579 0.0134413 0.00944243 0.00623627 0.00383637
 0.00860796 0.01398 0.0210285 0.0296683 0.0395756 0.0500375 0.0599244 0.0679671 0.073222 0.075379 0.0747081 0.0717796 0.0672115 0.0615516 0.0552493 0.0486532 0.0420185 0.0355265 0.0293114 0.0234856 0.0181579 0.0134413 0.00944243 0.00623627 0.00383637
 0.00838224 0.0136187 0.0204972 0.0289445 0.0386597 0.0489667 0.0587831 0.0668815 0.0723334 0.0748057 0.0745145 0.0719656 0.0677224 0.0622996 0.0561361 0.0495876 0.0429273 0.0363584 0.0300352 0.0240869 0.0186351 0.013802 0.00970069 0.00641019 0.00394558
#pred catch len freq
 0.00455661 0.00718102 0.0104183 0.014168 0.0183696 0.022989 0.0279468 0.0330739 0.0381386 0.0429052 0.0471728 0.0507947 0.0536899 0.0558476 0.0573147 0.0581778 0.0585471 0.0585287 0.0581561 0.0572821 0.0554974 0.0521974 0.0468677 0.039477 0.0307019
 0.00471551 0.00737308 0.0105886 0.0142343 0.0182569 0.0226768 0.0274993 0.0326247 0.0378315 0.042825 0.0473104 0.0510652 0.0539887 0.0561074 0.057534 0.0584092 0.058854 0.0589324 0.0586019 0.0576462 0.0556385 0.0520279 0.0464026 0.0388293 0.0300267
 0.00500757 0.00781525 0.0111884 0.014965 0.0190497 0.0234224 0.0280624 0.0328827 0.0377287 0.0424129 0.0467372 0.0505088 0.0535749 0.0558678 0.0574269 0.0583756 0.0588607 0.0589723 0.0586607 0.0576722 0.0555474 0.0517465 0.0459189 0.0382094 0.0293855
 0.00525737 0.008214 0.0117749 0.0157701 0.0200889 0.0246822 0.0294814 0.0343372 0.0390403 0.0433861 0.0472219 0.0504602 0.0530741 0.0550842 0.0565418 0.0575161 0.0580788 0.0582645 0.0579962 0.0570078 0.0548355 0.050953 0.0450488 0.0373194 0.0285651
 0.00551163 0.00861106 0.0123443 0.0165339 0.0210658 0.0258883 0.030923 0.035993 0.0408383 0.0451884 0.04883 0.0516529 0.0536721 0.0550138 0.0558617 0.0563874 0.0566953 0.0567845 0.0565098 0.0555436 0.0533911 0.0495294 0.0436758 0.0360598 0.0274949
 0.00582109 0.00908832 0.0130157 0.0174107 0.022148 0.0271707 0.0323965 0.0376397 0.0426243 0.0470528 0.0506726 0.0533254 0.0549865 0.0557783 0.0559372 0.0557388 0.0554055 0.0550208 0.0544626 0.0533748 0.0512178 0.0474393 0.0417507 0.0343836 0.0261383
 0.00616717 0.00962396 0.0137725 0.0184025 0.0233733 0.0286153 0.0340326 0.0394229 0.0444944 0.0489386 0.0524954 0.0549959 0.056396 0.0567941 0.0564136 0.0555499 0.0544904 0.0534154 0.0522979 0.0508437 0.0485315 0.0447968 0.0393245 0.0323098 0.0245018
 0.00651125 0.0101618 0.014543 0.0194306 0.0246697 0.0301758 0.0358318 0.0414078 0.0465826 0.0510266 0.0544711 0.0567508 0.0578319 0.0578203 0.0569394 0.0554824 0.0537485 0.0519619 0.0501742 0.0481857 0.0455561 0.0417644 0.0364912 0.0298815 0.0225994
 0.00688266 0.0107327 0.0153426 0.0204691 0.0259443 0.0316776 0.0375458 0.0433046 0.0486084 0.0530976 0.0564774 0.0585688 0.0593396 0.0589111 0.0575261 0.0554921 0.0531194 0.0506521 0.0481884 0.0456078 0.0425665 0.0386242 0.0334921 0.0272781 0.0205508
 0.00727383 0.0113371 0.0161941 0.0215806 0.0273094 0.0332744 0.0393366 0.0452333 0.0506026 0.0550744 0.0583495 0.0602453 0.0607276 0.0599183 0.0580664 0.0554905 0.0525146 0.0494031 0.0462906 0.0431211 0.0396408 0.0355 0.0304619 0.0246153 0.0184388
 0.00771269 0.0120121 0.0171396 0.0228058 0.0288031 0.0350098 0.0412705 0.0473007 0.0527137 0.0571214 0.060219 0.0618336 0.06195 0.0607114 0.0583826 0.0552898 0.0517598 0.0480639 0.0443614 0.0406486 0.0367526 0.0324131 0.027453 0.021955 0.0163167
 0.00809643 0.0126119 0.017998 0.0239485 0.0302373 0.0367224 0.0432209 0.0494154 0.0548881 0.059231 0.0621352 0.0634375 0.0631444 0.0614281 0.0585831 0.0549578 0.0508901 0.0466565 0.0424288 0.0382391 0.0339793 0.0294676 0.0245848 0.0194141 0.0142835
 0.00833951 0.0130038 0.0185831 0.0247689 0.0313292 0.0381071 0.0448922 0.0513278 0.0569535 0.0613257 0.0641143 0.0651546 0.0644716 0.0622718 0.0588895 0.0547094 0.0500941 0.0453355 0.040619 0.0360038 0.0314295 0.0267759 0.0219713 0.0170997 0.0124292
 0.00863428 0.0134528 0.0192045 0.0255651 0.0322945 0.0392381 0.0461901 0.0527894 0.058556 0.0630128 0.0657922 0.0667006 0.0657533 0.0631697 0.0593156 0.0546148 0.049468 0.0441972 0.0390138 0.0340058 0.0291528 0.0243815 0.0196544 0.0150524 0.0107902
 0.00898867 0.0139955 0.0199591 0.0265314 0.0334514 0.0405481 0.0476033 0.054246 0.0599933 0.0643735 0.0670277 0.0677659 0.0665974 0.063732 0.0595316 0.0544288 0.0488458 0.0431345 0.0375399 0.032187 0.0270968 0.0222366 0.0175945 0.0132431 0.00934814
 0.00927788 0.0144432 0.0205912 0.0273586 0.0344688 0.0417363 0.0489246 0.0556412 0.0613831 0.0656692 0.0681468 0.0686456 0.0672008 0.0640429 0.0595431 0.0541323 0.0482284 0.042187 0.036271 0.030638 0.0253511 0.0204183 0.0158515 0.0117158 0.00813359
 0.00942531 0.0146788 0.0209389 0.0278398 0.0351009 0.0425288 0.0498728 0.0567191 0.0625406 0.0668344 0.0692343 0.0695688 0.067887 0.0644448 0.059642 0.0539308 0.0477391 0.0414243 0.0352532 0.029399 0.0239536 0.0189586 0.0144484 0.0104838 0.00715287
 0.00960157 0.0149357 0.0212718 0.0282289 0.0355218 0.0429676 0.0503354 0.0572278 0.063119 0.0674893 0.0699436 0.0702811 0.0685315 0.0649477 0.0599413 0.0539871 0.047537 0.0409682 0.0345627 0.0285092 0.0229198 0.0178597 0.0133794 0.00953744 0.00639499
 0.00975531 0.01517 0.0215947 0.0286353 0.0359934 0.0434747 0.0508405 0.057694 0.0635212 0.067825 0.0702318 0.0705486 0.0687925 0.0651898 0.0601265 0.0540642 0.0474588 0.0407048 0.0341077 0.027881 0.0221615 0.0170358 0.0125679 0.00881311 0.00581181
 0.00979224 0.0152372 0.021709 0.0288167 0.0362604 0.0438358 0.0512864 0.0581936 0.0640266 0.068283 0.0705998 0.0708068 0.0689472 0.0652641 0.0601428 0.0540287 0.0473572 0.0405101 0.033796 0.0274457 0.0216216 0.0164349 0.0119653 0.00826887 0.0053701
 0.00986672 0.0153467 0.0218531 0.0289901 0.0364576 0.0440574 0.0515411 0.0584929 0.0643739 0.0686633 0.0709771 0.0711333 0.0691798 0.0653799 0.0601436 0.0539336 0.0471873 0.0402768 0.0334991 0.0270823 0.0211979 0.0159743 0.0115061 0.00785377 0.00503235
 0.00996581 0.0154932 0.0220463 0.0292196 0.036706 0.0443058 0.0517741 0.0587024 0.0645602 0.0688337 0.0711402 0.0712906 0.0693197 0.0654794 0.060178 0.0538874 0.0470595 0.0400771 0.0332405 0.0267764 0.0208568 0.0156157 0.0111554 0.00753929 0.00477695
 0.0100601 0.0156302 0.0222222 0.0294204 0.0369112 0.0444946 0.0519312 0.0588196 0.0646368 0.0688753 0.0711585 0.0713006 0.0693346 0.065504 0.0602053 0.0539002 0.0470375 0.0400052 0.0331132 0.0265976 0.0206382 0.0153747 0.0109136 0.00731903 0.00459596
 0.0100167 0.0155782 0.0221778 0.0294085 0.0369572 0.0446118 0.0521114 0.0590338 0.0648463 0.0690467 0.0712744 0.0713617 0.0693547 0.0655017 0.0601954 0.0538887 0.0470199 0.0399701 0.0330485 0.0264967 0.020503 0.0152161 0.0107482 0.00716492 0.00446755
 0.0100094 0.0155633 0.0221509 0.0293667 0.0369035 0.0445596 0.052085 0.0590612 0.0649453 0.0692126 0.0714777 0.0715602 0.0695113 0.065598 0.060234 0.0538844 0.046989 0.0399223 0.0329856 0.0264161 0.0204038 0.0151023 0.0106296 0.00705372 0.00437431
 0.0100501 0.015616 0.0222053 0.0294047 0.0369043 0.0445082 0.0519805 0.0589208 0.0648017 0.069105 0.0714389 0.0716037 0.0696253 0.0657505 0.060387 0.054009 0.0470721 0.0399643 0.032993 0.0263958 0.020361 0.0150427 0.0105608 0.00698497 0.00431412
 0.00995766 0.0154802 0.0220272 0.0291933 0.0366717 0.0442638 0.0517282 0.0586623 0.0645449 0.0688714 0.0712637 0.0715267 0.0696759 0.0659338 0.0606793 0.0543646 0.0474394 0.0403003 0.0332711 0.0266058 0.0205047 0.0151288 0.0106019 0.00699561 0.00430795
 0.00988161 0.015364 0.0218666 0.0289898 0.0364332 0.0440034 0.051463 0.0584109 0.0643236 0.068691 0.0711308 0.0714484 0.0696642 0.0660036 0.0608399 0.0546104 0.0477459 0.04063 0.0335849 0.0268736 0.0207108 0.0152715 0.0106897 0.00704189 0.00432727
 0.00980663 0.0152508 0.0217122 0.028797 0.0362092 0.0437579 0.0512075 0.0581595 0.0640931 0.0684995 0.0709941 0.0713769 0.0696617 0.0660697 0.0609724 0.0548055 0.0479946 0.0409147 0.0338796 0.0271494 0.020944 0.0154494 0.0108115 0.00711626 0.00436715
 0.00963199 0.0149963 0.0213836 0.0284182 0.0358148 0.0433816 0.0508731 0.0578797 0.063874 0.0683457 0.0709117 0.071372 0.0697378 0.0662251 0.0611991 0.0550907 0.0483224 0.0412663 0.0342334 0.0274822 0.0212342 0.0156819 0.0109814 0.0072287 0.00443411
 0.0095303 0.014832 0.0211395 0.0280822 0.0353859 0.0428779 0.0503357 0.0573685 0.0634519 0.0680598 0.0707807 0.0713884 0.0698785 0.0664628 0.0615094 0.0554526 0.0487167 0.041674 0.0346344 0.0278561 0.0215619 0.0159495 0.011183 0.00736749 0.00452078
