SBPRF35
9.6074
Curr Bio
546857
B35
708293
F35
0.191377
FOFL
0.155589
OFL
72901.2
Bzero
2.74497e+006
#pred survey bio
 3.48964e+006 3.1099e+006 2.77431e+006 2.48876e+006 2.24636e+006 1.98549e+006 1.74452e+006 1.51943e+006 1.34296e+006 1.18745e+006 1.03276e+006 894313 824188 766327 725652 675126 638857 629188 603342 588692 572550 567361 556965 562823 562712 563895 573860 578439 569111 555327 550416 538075 519835 510170 506481 513606 528246 533067 543922 553594 565504 568535 573300 574295 573308 571920 567597 552051 2.0551e+007 1.22072e+007 1.24056e+007 1.32265e+007 1.44358e+007 1.57614e+007 1.70155e+007 1.81021e+007 1.8991e+007 1.96905e+007 2.02265e+007 2.06299e+007 2.093e+007 2.11519e+007 2.13153e+007 2.14356e+007 2.15244e+007 2.15902e+007 2.16391e+007 2.16757e+007 2.17032e+007 2.1724e+007 2.17398e+007 2.17519e+007 2.17612e+007 2.17683e+007 2.17739e+007 2.17782e+007 2.17815e+007 2.17841e+007 2.17862e+007 2.17878e+007 2.1789e+007 2.179e+007 2.17908e+007 2.17914e+007 2.17919e+007 2.17923e+007 2.17926e+007 2.17929e+007 2.17931e+007 2.17932e+007 2.17933e+007 2.17934e+007 2.17935e+007 2.17936e+007 2.17936e+007 2.17937e+007 2.17937e+007 2.17937e+007 2.17937e+007 2.17937e+007 2.17938e+007 2.17938e+007 2.17938e+007 2.17938e+007 2.17938e+007 2.17938e+007 2.17938e+007 2.17938e+007 2.17938e+007 2.17938e+007 2.17938e+007 2.17938e+007 2.17938e+007 2.17938e+007 2.17938e+007 2.17938e+007 2.17938e+007 2.17938e+007 2.17938e+007 2.17938e+007 2.17938e+007 2.17938e+007 2.17938e+007 2.17938e+007 2.17938e+007 2.17938e+007 2.17938e+007 2.17938e+007 2.17938e+007 2.17938e+007 2.17938e+007 2.17938e+007 2.17938e+007 2.17938e+007 2.17938e+007 2.17938e+007 2.17938e+007 2.17938e+007 2.17938e+007 2.17938e+007 2.17938e+007 2.17938e+007 2.17938e+007 2.17938e+007 2.17938e+007 2.17938e+007 2.17938e+007 2.17938e+007 0 0 0 0 0 0 0 0 0 0 0 0 0 0 0 0 0 0 0 0 0 0 0 0 0
#obs survey bio
 3.21546e+006 2.74029e+006 3.24035e+006 1.59362e+006 1.87856e+006 1.64204e+006 1.26988e+006 1.42097e+006 992419 732218 1.09965e+006 732299 775266 628658 497013 876602 584669 627762 432016 557783 337902 450779 424488 516640 572543 502280 704138 650426 612935 386072 583724 614080 625502 488823 531956 459569 599021 508024 496400 589084 828447 625796 586145 441594 695968 668477 511152 574321
#pred catch bio
 319717 300376 276026 259387 297818 298926 299379 266307 254206 255515 239334 178302 167044 151221 156699 140071 114599 125996 114251 113857 103586 107492 93928 99252.9 97689.8 90025.6 93802.7 102906 102575 90757.5 92702 94878.7 88701.6 87186 81534.2 78160.2 88062.8 83776.1 85437.1 83701.5 90673.5 88507.5 91359.4 92615 92322.6 93923.9 101007 54906.6 72901.2 87203.4 87284.4 91605.4 99450.1 108451 116976 124254 130073 134519 137804 140172 141845 143011 143814 144361 144732 144981 145148 145260 145334 145383 145415 145437 145451 145460 145467 145471 145473 145475 145476 145477 145477 145478 145478 145478 145478 145478 145478 145478 145478 145478 145478 145478 145478 145478 145478 145478 145478 145478 145478 145478 145478 145478 145478 145478 145478 145478 145478 145478 145478 145478 145478 145478 145478 145478 145478 145478 145478 145478 145478 145478 145478 145478 145478 145478 145478 145478 145478 145478 145478 145478 145478 145478 145478 145478 145478 145478 145478 145478 145478 145478 145478 145478 145478 145478 145478 145478 145478 145478 0 0 0 0 0 0 0 0 0 0 0 0 0 0 0 0 0 0 0 0 0 0 0 0 0
#obs catch bio
 246512 300743 275801 259785 301366 303377 306531 272146 259520 263408 245384 181175 169632 153490 161102 142556 115879 127676 115737 115830 105060 109420 95478.9 101150 99420.4 91240.3 95300.3 104470 104153 91668.9 93505.7 95202.2 88407 87198.6 81608.7 78360.1 88529.8 83941.7 85958.9 83832.3 90555.1 88063.4 90953 92599.5 92017.7 93475.6 101519 54634.5
#pred cpue bio
 3.4287e+006 3.05286e+006 2.72122e+006 2.43741e+006 2.19528e+006 1.93549e+006 1.69605e+006 1.47305e+006 1.29849e+006 1.14499e+006 992973 857452 788665 731969 692164 643312 608615 599600 574688 560470 544861 539820 529666 535261 535264 536625 546542 551445 543063 530423 526508 515369 497522 486811 481948 488348 502522 507347 517966 527488 539323 542581 547364 548341 547407 546186 542132 527529 1.9709e+007 1.17354e+007 1.18006e+007 1.24437e+007 1.35787e+007 1.48834e+007 1.61326e+007 1.72182e+007 1.81068e+007 1.88063e+007 1.93423e+007 1.97457e+007 2.00458e+007 2.02676e+007 2.0431e+007 2.05514e+007 2.06402e+007 2.0706e+007 2.07549e+007 2.07914e+007 2.0819e+007 2.08397e+007 2.08556e+007 2.08677e+007 2.08769e+007 2.08841e+007 2.08896e+007 2.08939e+007 2.08973e+007 2.08999e+007 2.09019e+007 2.09036e+007 2.09048e+007 2.09058e+007 2.09066e+007 2.09072e+007 2.09077e+007 2.09081e+007 2.09084e+007 2.09086e+007 2.09088e+007 2.0909e+007 2.09091e+007 2.09092e+007 2.09093e+007 2.09094e+007 2.09094e+007 2.09094e+007 2.09095e+007 2.09095e+007 2.09095e+007 2.09095e+007 2.09095e+007 2.09095e+007 2.09096e+007 2.09096e+007 2.09096e+007 2.09096e+007 2.09096e+007 2.09096e+007 2.09096e+007 2.09096e+007 2.09096e+007 2.09096e+007 2.09096e+007 2.09096e+007 2.09096e+007 2.09096e+007 2.09096e+007 2.09096e+007 2.09096e+007 2.09096e+007 2.09096e+007 2.09096e+007 2.09096e+007 2.09096e+007 2.09096e+007 2.09096e+007 2.09096e+007 2.09096e+007 2.09096e+007 2.09096e+007 2.09096e+007 2.09096e+007 2.09096e+007 2.09096e+007 2.09096e+007 2.09096e+007 2.09096e+007 2.09096e+007 2.09096e+007 2.09096e+007 2.09096e+007 2.09096e+007 2.09096e+007 2.09096e+007 2.09096e+007 2.09096e+007 2.09096e+007 2.09096e+007 0 0 0 0 0 0 0 0 0 0 0 0 0 0 0 0 0 0 0 0 0 0 0 0 0
#obs cpue bio
 2.28024e+006 3.02543e+006 2.82418e+006 2.24759e+006 1.16819e+006 1.55072e+006 1.1274e+006 1.19904e+006 1.53932e+006 898262 1.01846e+006 854633 769802 640432 429404 603657 564738 602031 546600 393910 727192 505998 411600 452771 433192 524204 314669 505197 414116 734485 534650 663068 631946 415189 406284 413944 424756 564364 407289 627524 537763 642860 564489 519754 590698 544007 444521 540666
#pred surv len freq
 0.0057863 0.00932006 0.0138839 0.0194018 0.0256972 0.0324186 0.0390052 0.0448113 0.0493457 0.0524386 0.0542186 0.0549659 0.054977 0.0545005 0.0537215 0.0527662 0.0517154 0.0506088 0.0494152 0.0479649 0.0458972 0.0427185 0.0380251 0.0318031 0.0245935
 0.00601755 0.00963216 0.0142413 0.019747 0.0259865 0.0326676 0.0393108 0.0453219 0.0501851 0.0536261 0.0556375 0.0564015 0.0562006 0.0553501 0.0541405 0.0527913 0.0514284 0.0500808 0.048669 0.0469765 0.0446373 0.041209 0.036373 0.0301831 0.0231853
 0.00662024 0.0105313 0.015441 0.0211892 0.0275577 0.0342205 0.040694 0.046418 0.0509523 0.0541207 0.0559884 0.0567372 0.0565706 0.0556947 0.0543285 0.0526936 0.0509747 0.0492679 0.0475321 0.0455568 0.0429774 0.0393769 0.0344866 0.0284023 0.0216674
 0.00708771 0.0112925 0.0165848 0.0227877 0.0296378 0.0367254 0.0434531 0.049155 0.0533475 0.0559076 0.0570362 0.0570785 0.0563605 0.0551247 0.0535396 0.0517327 0.0498098 0.0478399 0.0458048 0.0435414 0.0407361 0.0370213 0.0321705 0.026299 0.0199257
 0.00737837 0.0117708 0.0173174 0.0238453 0.0310874 0.0386109 0.0457673 0.0518118 0.0561677 0.0586311 0.0593666 0.0587535 0.0572252 0.0551702 0.0528836 0.0505491 0.0482508 0.0459934 0.0437029 0.0412043 0.0382176 0.0344331 0.0296751 0.0240738 0.0181129
 0.00771277 0.0123033 0.0180992 0.0249198 0.0324867 0.0403499 0.0478328 0.0541537 0.0586958 0.0612142 0.0618322 0.0608924 0.0588153 0.0560238 0.0529 0.0497428 0.0467339 0.0439238 0.0412331 0.0384624 0.0353249 0.0315325 0.0269397 0.0216804 0.0161945
 0.00798597 0.0127497 0.0187752 0.0258792 0.0337704 0.0419699 0.0497578 0.0563053 0.0609633 0.0634778 0.0639776 0.0628083 0.0603812 0.0571041 0.0533583 0.0494764 0.0457098 0.0421942 0.0389229 0.0357406 0.0323822 0.0285719 0.0241668 0.0192797 0.0142914
 0.00829376 0.0132369 0.0194845 0.0268438 0.035011 0.0434891 0.0515302 0.0582704 0.0630272 0.0655256 0.0658904 0.0644781 0.0617165 0.0580258 0.0537907 0.0493442 0.0449513 0.0407878 0.036912 0.0332443 0.0295862 0.0257043 0.0214636 0.0169429 0.0124495
 0.00858991 0.013699 0.0201441 0.0277185 0.0361031 0.0447847 0.052996 0.0598523 0.0646555 0.0671243 0.0673855 0.0657999 0.0627989 0.058805 0.0542045 0.0493311 0.0444539 0.0397645 0.0353604 0.0312252 0.027236 0.0232235 0.0190803 0.0148614 0.0108025
 0.00872696 0.0139455 0.020558 0.0283657 0.0370397 0.04603 0.0545099 0.0615337 0.0663673 0.0687314 0.0687845 0.0669285 0.0636273 0.05932 0.054395 0.0491784 0.0439299 0.0388399 0.0340225 0.0295035 0.025223 0.0210765 0.0169955 0.0130253 0.00934207
 0.0089362 0.0142772 0.021043 0.0290312 0.0379089 0.0471191 0.055818 0.0630293 0.0679774 0.0703423 0.0702581 0.0681317 0.0644628 0.0597429 0.054408 0.0488112 0.043215 0.0377996 0.0326738 0.0278777 0.0233901 0.0191564 0.0151444 0.0113981 0.00804789
 0.00936835 0.014928 0.0219264 0.0301264 0.0391686 0.0484829 0.0572232 0.064415 0.0692861 0.0715216 0.0712593 0.0689054 0.0649573 0.0599116 0.0542227 0.0482717 0.0423468 0.0366429 0.0312734 0.026285 0.0216741 0.0174153 0.0134996 0.00996939 0.00691897
 0.00955084 0.0152145 0.0223376 0.0306722 0.0398437 0.0492627 0.0580619 0.0652523 0.070064 0.0722031 0.071836 0.0693877 0.0653528 0.0602072 0.0543805 0.0482411 0.0420836 0.0361247 0.0305061 0.0253027 0.0205384 0.0162127 0.0123329 0.00893765 0.00609315
 0.00969171 0.015439 0.0226667 0.0311219 0.0404213 0.049961 0.0588532 0.0660857 0.070872 0.0729157 0.0723982 0.0697718 0.0655607 0.0602606 0.0543034 0.048044 0.0417582 0.0356518 0.0298721 0.0245146 0.0196325 0.0152534 0.0114018 0.00811441 0.00543443
 0.00952176 0.0152128 0.0224193 0.0309177 0.0403379 0.0500622 0.0591659 0.0665929 0.0715216 0.0736375 0.0731187 0.0704249 0.0660958 0.0606482 0.0545352 0.0481258 0.0416993 0.0354565 0.0295402 0.0240508 0.0190582 0.0146128 0.0107568 0.00752932 0.00495788
 0.00952354 0.0152048 0.0223897 0.0308553 0.0402432 0.0499603 0.0591114 0.0666567 0.0717619 0.0740686 0.0736982 0.0710671 0.0667024 0.061138 0.0548609 0.0482741 0.0416807 0.0352921 0.029252 0.0236601 0.0185902 0.0141026 0.0102493 0.00707145 0.00458559
 0.00970575 0.0154546 0.0226793 0.031129 0.0404319 0.0500072 0.0589953 0.0664037 0.0714412 0.0737744 0.073522 0.0710676 0.0668852 0.0614546 0.0552293 0.0486092 0.0419185 0.0353998 0.0292244 0.0235108 0.0183452 0.0137964 0.00992235 0.00676382 0.0043285
 0.00972907 0.01549 0.0227261 0.0311806 0.0404716 0.0500058 0.0589137 0.0662055 0.0711127 0.0733441 0.0730649 0.0706881 0.0666812 0.0614823 0.0554825 0.0490243 0.0424 0.0358523 0.0295775 0.0237297 0.0184284 0.0137676 0.00981939 0.00662796 0.00419488
 0.00987562 0.0157185 0.023051 0.0316066 0.0409901 0.0505902 0.0595148 0.066751 0.0715175 0.0735306 0.0729884 0.0703562 0.0661589 0.0608756 0.0549053 0.0485615 0.0420839 0.0356634 0.0294649 0.0236389 0.0183219 0.0136331 0.0096658 0.00647485 0.00406157
 0.0098791 0.0157316 0.0230848 0.0316767 0.0411134 0.0507795 0.0597722 0.067064 0.0718569 0.0738526 0.0732402 0.0704876 0.0661379 0.0607032 0.0546204 0.0482298 0.0417738 0.0354206 0.0293 0.0235323 0.0182424 0.0135554 0.00958013 0.00638571 0.00397975
 0.0100149 0.0159252 0.0233264 0.0319413 0.0413702 0.051005 0.0599603 0.0672249 0.0720069 0.0740009 0.0733801 0.0705952 0.0661798 0.0606491 0.054457 0.0479698 0.0414549 0.0350923 0.0290051 0.0232933 0.0180595 0.0134156 0.00946927 0.00629535 0.0039077
 0.0100535 0.0159876 0.0234187 0.0320661 0.0415234 0.0511721 0.0601165 0.0673419 0.0720659 0.0740034 0.0733487 0.0705611 0.0661645 0.0606523 0.0544586 0.0479432 0.0413832 0.0349778 0.0288661 0.0231535 0.0179366 0.0133163 0.00939181 0.00623537 0.00386183
 0.0101338 0.0161128 0.0235969 0.032301 0.0418125 0.0515056 0.0604743 0.0676924 0.0723686 0.0742179 0.073446 0.0705341 0.0660298 0.0604433 0.0542106 0.0476817 0.04112 0.0347168 0.0286122 0.0229163 0.0177279 0.0131452 0.00926091 0.00614129 0.00379797
 0.00998703 0.0158974 0.0233165 0.0319753 0.0414739 0.0511917 0.0602215 0.0675315 0.0723206 0.0742887 0.0736235 0.0707891 0.0663243 0.0607403 0.0544834 0.0479157 0.0413097 0.0348609 0.0287114 0.0229745 0.017753 0.0131476 0.00925101 0.00612708 0.00378424
 0.00992116 0.0157917 0.0231608 0.0317633 0.0412074 0.0508851 0.059905 0.0672477 0.0721145 0.0741942 0.0736533 0.0709331 0.0665548 0.0610208 0.0547771 0.0481921 0.0415485 0.0350522 0.0288535 0.0230711 0.0178111 0.0131765 0.00926048 0.00612584 0.00377873
 0.00987572 0.0157176 0.0230489 0.031605 0.0409962 0.0506202 0.0595952 0.0669145 0.0717918 0.0739233 0.0734748 0.0708765 0.0666301 0.0612156 0.0550599 0.0485215 0.0418834 0.0353596 0.0291127 0.0232733 0.0179573 0.013274 0.00931993 0.0061585 0.00379455
 0.00962533 0.0153482 0.0225629 0.031029 0.0403731 0.0499965 0.0590111 0.0664024 0.0713786 0.0736337 0.0733308 0.0708948 0.0668178 0.0615651 0.0555457 0.0491013 0.0425044 0.0359683 0.0296645 0.0237386 0.0183234 0.0135428 0.00950378 0.00627517 0.00386286
 0.00936287 0.014948 0.0220113 0.0303344 0.0395675 0.0491337 0.0581641 0.0656544 0.0708064 0.0732877 0.0732247 0.0710107 0.0671215 0.0620202 0.0561194 0.049761 0.0432125 0.0366813 0.0303368 0.0243312 0.0188105 0.0139153 0.00976813 0.00644862 0.00396766
 0.00919467 0.0146895 0.0216503 0.0298703 0.0390114 0.048509 0.0575071 0.0650147 0.0702422 0.0728555 0.0729668 0.0709465 0.0672459 0.0623087 0.0565377 0.050273 0.0437838 0.0372777 0.0309231 0.0248719 0.0192758 0.0142867 0.0100417 0.00663376 0.00408235
 0.00900813 0.0144069 0.0212635 0.0293857 0.0384483 0.0478953 0.0568774 0.0644091 0.0697036 0.0724251 0.0726789 0.0708246 0.0673 0.0625343 0.056915 0.0507702 0.0443618 0.037895 0.031539 0.0254489 0.0197821 0.0147006 0.0103547 0.00685131 0.00422054
 0.00884936 0.0141425 0.0208554 0.028799 0.0376635 0.0469257 0.0557829 0.0632932 0.0686913 0.0716294 0.0721751 0.0706425 0.0674306 0.062942 0.0575487 0.05157 0.0452638 0.0388354 0.0324582 0.0262953 0.0205156 0.0152963 0.0108052 0.00716623 0.00442253
 0.00953051 0.0150856 0.0219701 0.0298964 0.0385056 0.047308 0.0556038 0.0625775 0.0675655 0.070275 0.0707833 0.06938 0.066418 0.0622442 0.0571777 0.0514972 0.0454351 0.0391841 0.0329142 0.0267923 0.0209965 0.0157181 0.0111427 0.00741261 0.00458609
 0.0104169 0.0164457 0.0238572 0.0322824 0.0412617 0.0501927 0.05827 0.0646235 0.0686399 0.0701957 0.0696037 0.0673608 0.0639267 0.0596424 0.0547452 0.0494057 0.0437585 0.0379242 0.0320276 0.0262122 0.0206489 0.0155323 0.0110586 0.00738433 0.00458324
 0.0105154 0.0166918 0.0243843 0.0332609 0.0428475 0.0524465 0.0610843 0.0677023 0.0715512 0.0724787 0.0708885 0.067462 0.0628841 0.0576963 0.0522561 0.0467509 0.0412465 0.0357524 0.0302836 0.0248994 0.0197187 0.0149119 0.0106701 0.00715702 0.00445955
 0.0103214 0.0164175 0.0240539 0.0329401 0.0426475 0.052517 0.061589 0.0687709 0.0732118 0.0745992 0.0731684 0.0694983 0.064292 0.0582318 0.0518845 0.0456362 0.0396761 0.0340376 0.028677 0.0235555 0.0186948 0.0141938 0.0102042 0.00687718 0.0043042
 0.0101659 0.0161624 0.0236686 0.0324022 0.0419579 0.0517205 0.0607925 0.068142 0.0729484 0.0748711 0.0740489 0.0709134 0.0660142 0.0599329 0.0532359 0.0464156 0.0398306 0.0336765 0.0280058 0.0227904 0.0179986 0.013651 0.0098307 0.00664718 0.00417663
 0.00997824 0.0158741 0.0232653 0.03188 0.0413218 0.050984 0.0599825 0.0673103 0.0721829 0.0742967 0.0738091 0.0711298 0.0667334 0.0610845 0.0546299 0.0477923 0.0409465 0.0343853 0.0282946 0.022756 0.0177862 0.0133921 0.00960809 0.00649184 0.0040846
 0.00998884 0.0158782 0.0232471 0.0318167 0.0411888 0.0507634 0.05967 0.0669173 0.0717337 0.0738278 0.0733734 0.0708008 0.0665981 0.0612174 0.0550533 0.0484476 0.0416994 0.035072 0.0287851 0.023 0.0178167 0.0132913 0.00946224 0.00635979 0.00399093
 0.00986445 0.0156982 0.0230169 0.0315532 0.0409138 0.0504924 0.0594055 0.0666515 0.0714579 0.0735432 0.073097 0.0705654 0.0664486 0.0612039 0.0552187 0.0488073 0.0422225 0.035678 0.0293664 0.0234624 0.0181136 0.0134324 0.00949425 0.00633753 0.00395508
 0.00972096 0.015479 0.0227139 0.0311712 0.040471 0.0500206 0.0589474 0.0662534 0.0711571 0.073356 0.0730153 0.0705664 0.066512 0.0613253 0.0554113 0.0490919 0.0426091 0.0361491 0.029873 0.0239375 0.0184978 0.0136964 0.00964461 0.00640472 0.0039749
 0.00960531 0.0152925 0.0224369 0.0307883 0.0399768 0.049427 0.0582911 0.0655954 0.0705721 0.0729139 0.0727628 0.0705169 0.066647 0.0616061 0.0557963 0.0495488 0.0431177 0.036693 0.0304278 0.0244663 0.0189584 0.0140563 0.00989358 0.00655554 0.00405416
 0.00965129 0.0153514 0.0224957 0.0308233 0.0399578 0.0493255 0.0580885 0.0652898 0.070182 0.0724771 0.072332 0.0701488 0.066389 0.0614847 0.0558133 0.0496872 0.0433514 0.0369945 0.0307698 0.0248191 0.01929 0.0143374 0.0101061 0.00669738 0.00413697
 0.00967599 0.0153898 0.0225492 0.0308898 0.0400297 0.0493869 0.0581154 0.0652539 0.0700589 0.0722576 0.0720291 0.0697983 0.0660416 0.0611934 0.0556203 0.0496142 0.043398 0.0371425 0.03099 0.0250778 0.0195533 0.0145756 0.0102984 0.00683546 0.00422466
 0.00963182 0.0153342 0.0224954 0.0308596 0.0400465 0.0494655 0.0582525 0.0654252 0.0702248 0.0723736 0.0720584 0.0697225 0.0658666 0.0609498 0.0553555 0.0493793 0.0432339 0.0370702 0.0310087 0.0251687 0.0196873 0.0147219 0.0104316 0.00694014 0.00429653
 0.00957059 0.0152422 0.0223719 0.0307111 0.0398881 0.0493204 0.0581493 0.0653915 0.0702767 0.0725057 0.0722405 0.0699073 0.0660064 0.0610131 0.0553374 0.0493014 0.0431342 0.0369885 0.0309732 0.0251887 0.0197541 0.0148154 0.0105292 0.00702434 0.00435879
 0.0095519 0.0152074 0.0223115 0.0306149 0.0397483 0.0491377 0.057938 0.0651801 0.0701024 0.0724039 0.0722328 0.0699935 0.0661624 0.0611987 0.0555097 0.0494305 0.0432122 0.0370286 0.0309998 0.025224 0.019809 0.0148873 0.0106068 0.00709488 0.00441374
 0.00918222 0.0146897 0.0216857 0.0299682 0.039188 0.048749 0.0577521 0.065172 0.0702158 0.0725846 0.0724497 0.0702392 0.0664407 0.0615082 0.0558363 0.0497492 0.0434974 0.0372648 0.0311863 0.0253718 0.0199318 0.0149943 0.0106999 0.00717164 0.00447146
 0.00857634 0.0137933 0.0205048 0.0285753 0.0377131 0.0473565 0.0566132 0.0644349 0.0699708 0.0728346 0.073107 0.071158 0.0674696 0.0625328 0.0567916 0.0506078 0.0442498 0.0379075 0.0317192 0.0258005 0.0202676 0.0152513 0.0108914 0.00730879 0.0045642
#obs surv len freq
 0.00496618 0.0081368 0.0123807 0.0177128 0.0240071 0.030897 0.0377545 0.0438529 0.0486387 0.0519088 0.0537808 0.0545412 0.0545121 0.0539937 0.0532494 0.0524947 0.0518749 0.0514245 0.0510041 0.0502441 0.0485622 0.0453276 0.0401636 0.0332385 0.0253332
 0.00518066 0.00848441 0.0129022 0.0184461 0.0249814 0.0321228 0.0392123 0.0454877 0.050366 0.0536272 0.0553861 0.0559332 0.0555988 0.0546939 0.0534966 0.0522433 0.0511085 0.0501626 0.0493082 0.048219 0.0463526 0.0431061 0.0381062 0.0314918 0.0239824
 0.00541525 0.00886936 0.0134879 0.0192812 0.0261025 0.0335389 0.0408901 0.047348 0.0522972 0.0555092 0.0571094 0.0574071 0.0567482 0.0554538 0.0538079 0.0520543 0.0503817 0.0488877 0.047518 0.0460032 0.0438632 0.0405454 0.0356943 0.0294194 0.0223668
 0.00564759 0.00925203 0.0140732 0.0201214 0.0272402 0.0349913 0.0426321 0.0493053 0.0543555 0.0575358 0.0589753 0.059002 0.0579864 0.0562721 0.054159 0.0518989 0.0496859 0.0476315 0.0457136 0.0437194 0.0412418 0.0377969 0.0330642 0.0271317 0.0205669
 0.00589023 0.00964787 0.0146718 0.0209705 0.0283777 0.0364319 0.0443525 0.0512383 0.0563975 0.0595642 0.0608663 0.0606429 0.0592822 0.0571481 0.0545601 0.0517851 0.0490279 0.0464117 0.0439393 0.041447 0.0385998 0.0349904 0.0303456 0.0247414 0.0186698
 0.00613543 0.0100493 0.0152811 0.0218372 0.0295397 0.0378999 0.0460953 0.0531781 0.0584218 0.0615485 0.0626944 0.0622158 0.060519 0.0579836 0.0549421 0.0516719 0.0483875 0.0452246 0.0422099 0.0392247 0.0360026 0.0322128 0.0276346 0.02234 0.0167505
 0.00638702 0.010462 0.015909 0.0227325 0.0307422 0.0394205 0.0478991 0.0551784 0.0604938 0.0635535 0.0645045 0.063728 0.0616589 0.0587015 0.0552053 0.0514573 0.0476757 0.0440023 0.0404817 0.0370349 0.0334587 0.0294959 0.0249791 0.0199806 0.0148577
 0.00661316 0.0108352 0.0164811 0.0235554 0.0318576 0.0408438 0.0496023 0.057084 0.0624847 0.0654957 0.0662685 0.0652042 0.0627646 0.0593817 0.0554297 0.0512119 0.0469553 0.0428071 0.0388247 0.0349601 0.0310645 0.0269463 0.022488 0.0177644 0.0130759
 0.00685931 0.0112359 0.0170849 0.0244078 0.0329921 0.042268 0.0512833 0.0589433 0.0644076 0.0673526 0.0679356 0.0665773 0.0637649 0.0599575 0.0555541 0.0508773 0.0461669 0.0415785 0.0371812 0.0329522 0.0287869 0.0245484 0.0201613 0.0157025 0.0114208
 0.00707818 0.0115965 0.0176364 0.025198 0.0340572 0.0436163 0.0528796 0.0607048 0.0662172 0.0690825 0.0694697 0.0678225 0.064654 0.0604472 0.0556216 0.0505172 0.0453866 0.0403961 0.0356283 0.0310834 0.0266935 0.0223664 0.0180598 0.0138492 0.0099377
 0.00727154 0.0119153 0.0181243 0.0258983 0.0350044 0.0448218 0.0543173 0.0623051 0.0678759 0.0706799 0.070891 0.0689723 0.0654634 0.0608751 0.0556513 0.0501501 0.0446365 0.0392862 0.0341938 0.0293798 0.0248073 0.0204199 0.0162003 0.0122197 0.0086396
 0.00744687 0.0122018 0.0185583 0.0265147 0.0358297 0.0458637 0.0555534 0.0636784 0.0693017 0.0720605 0.0721306 0.0699874 0.0661889 0.0612668 0.0556871 0.0498273 0.043968 0.0382968 0.0329207 0.027878 0.0231571 0.0187299 0.014597 0.0108231 0.00753238
 0.00753401 0.0123472 0.0187843 0.0268456 0.0362882 0.0464646 0.0562965 0.0645444 0.0702529 0.0730461 0.0730916 0.0708612 0.066913 0.0617845 0.0559519 0.0498079 0.0436504 0.0376859 0.0320405 0.0267748 0.0219021 0.0174186 0.0133387 0.00972004 0.00665494
 0.00759959 0.0124478 0.0189252 0.0270293 0.0365169 0.0467425 0.0566309 0.0649436 0.0707219 0.0735818 0.073679 0.0714716 0.0675048 0.0623065 0.0563491 0.0500283 0.0436528 0.0374461 0.0315575 0.0260744 0.0210393 0.0164733 0.0124053 0.00888724 0.00598519
 0.00766355 0.0125461 0.0190623 0.0272051 0.0367263 0.0469764 0.0568772 0.0651905 0.070963 0.0738197 0.073925 0.0717389 0.0677984 0.0626148 0.0566417 0.0502603 0.0437736 0.0374112 0.0313395 0.0256724 0.020483 0.0158217 0.0117344 0.00827259 0.00548246
 0.00771638 0.0126259 0.0191711 0.0273405 0.0368822 0.047144 0.0570464 0.0653507 0.0711055 0.0739407 0.0740284 0.0718361 0.0679048 0.0627423 0.0567909 0.0504147 0.0439001 0.0374672 0.0312855 0.0254855 0.0201673 0.0154105 0.0112828 0.00784111 0.00511953
 0.0077617 0.0126946 0.0192649 0.0274575 0.0370165 0.0472867 0.0571864 0.0654763 0.0712065 0.0740119 0.0740711 0.0718584 0.0679192 0.0627625 0.0568273 0.0504692 0.0439618 0.0375121 0.031282 0.0254054 0.0199985 0.0151641 0.0109917 0.00754882 0.00486496
 0.0078041 0.0127601 0.0193569 0.0275761 0.0371583 0.0474442 0.0573474 0.0656255 0.0713281 0.074094 0.0741091 0.0718557 0.0678858 0.0627127 0.0567755 0.0504266 0.0439321 0.0374887 0.0312485 0.025341 0.0198875 0.0150049 0.0107994 0.00735018 0.00468734
 0.00784411 0.0128177 0.0194301 0.0276583 0.0372408 0.0475191 0.0574105 0.065676 0.0713673 0.0741231 0.074128 0.0718636 0.0678827 0.0627001 0.0567572 0.0504078 0.0439168 0.0374766 0.0312332 0.0253111 0.0198314 0.0149176 0.0106867 0.00722737 0.00457277
 0.00786728 0.0128549 0.0194846 0.0277319 0.0373318 0.0476212 0.0575117 0.0657612 0.0714234 0.0741442 0.0741175 0.0718317 0.0678407 0.0626565 0.0567167 0.050372 0.043886 0.0374501 0.0312077 0.0252808 0.0197895 0.0148596 0.0106141 0.00714786 0.0044974
 0.00786585 0.0128512 0.0194767 0.0277178 0.0373106 0.0475944 0.057484 0.0657392 0.0714126 0.0741461 0.07413 0.0718504 0.0678626 0.0626808 0.056744 0.0504027 0.043919 0.0374826 0.0312356 0.0252994 0.0197941 0.0148475 0.0105864 0.00710982 0.0044568
 0.00789377 0.0128884 0.0195174 0.0277518 0.0373256 0.0475811 0.0574402 0.0656708 0.0713321 0.0740688 0.0740688 0.0718136 0.067852 0.062693 0.056773 0.0504423 0.0439639 0.0375283 0.0312778 0.0253337 0.0198166 0.0148559 0.0105809 0.00709406 0.00443614
 0.00789359 0.012891 0.0195262 0.0277703 0.0373553 0.0476178 0.0574731 0.0656851 0.0713153 0.0740175 0.0739918 0.0717287 0.0677784 0.0626449 0.0567557 0.0504529 0.043995 0.0375707 0.0313234 0.0253755 0.0198496 0.014877 0.0105898 0.00709277 0.0044286
 0.00790349 0.0129029 0.0195366 0.0277742 0.0373483 0.0475991 0.0574469 0.0656585 0.071294 0.0740016 0.0739763 0.0717072 0.0677494 0.0626135 0.0567311 0.0504439 0.0440053 0.0375982 0.0313616 0.0254168 0.0198868 0.0149056 0.0106078 0.00710107 0.00442983
 0.00788489 0.0128732 0.019493 0.0277142 0.0372701 0.0475029 0.0573356 0.0655396 0.0711795 0.0739063 0.0739136 0.0716849 0.0677667 0.0626629 0.0568028 0.0505293 0.0440989 0.0376963 0.0314601 0.0255099 0.0199687 0.0149714 0.0106557 0.0071321 0.00444729
 0.00786754 0.0128421 0.019441 0.0276335 0.0371547 0.047352 0.0571568 0.0653487 0.0709972 0.0737532 0.0738059 0.0716325 0.0677733 0.0627251 0.0569109 0.0506697 0.0442569 0.0378586 0.0316162 0.0256522 0.0200912 0.0150703 0.0107296 0.00718256 0.00447846
 0.00783012 0.0127806 0.0193473 0.0274999 0.0369756 0.0471273 0.0568947 0.0650673 0.0707225 0.0735143 0.0736295 0.0715382 0.0677696 0.0628097 0.0570714 0.0508866 0.0445075 0.0381205 0.0318697 0.0258821 0.0202873 0.0152274 0.0108471 0.00726385 0.00453003
 0.00784056 0.0127919 0.0193538 0.0274921 0.0369425 0.047059 0.0567857 0.0649186 0.0705418 0.0733156 0.0734318 0.0713633 0.0676393 0.062741 0.057073 0.0509573 0.044636 0.0382888 0.0320569 0.0260683 0.0204564 0.0153688 0.0109561 0.00734116 0.00458016
 0.0078122 0.01275 0.0192982 0.0274248 0.0368658 0.0469738 0.0566904 0.0648102 0.0704186 0.0731802 0.0732925 0.0712333 0.0675345 0.0626767 0.0570612 0.0510037 0.0447388 0.0384377 0.0322354 0.0262564 0.0206352 0.0155236 0.0110786 0.00742973 0.00463855
 0.00776634 0.012675 0.0191849 0.0272659 0.0366592 0.0467263 0.0564206 0.064546 0.0701898 0.073009 0.0731881 0.0711929 0.0675496 0.062739 0.0571656 0.0511475 0.0449191 0.0386483 0.032465 0.0264895 0.0208545 0.015714 0.0112306 0.00754077 0.0047125
 0.00771779 0.0125935 0.0190577 0.0270802 0.0364056 0.0464043 0.0560443 0.0641454 0.0698067 0.0726876 0.072965 0.0710892 0.0675676 0.0628647 0.0573754 0.0514156 0.0452228 0.0389695 0.0327883 0.0267997 0.0211365 0.0159548 0.0114216 0.00768047 0.0048059
 0.00932677 0.0148458 0.0217761 0.0298744 0.0387851 0.0479583 0.0565845 0.0637354 0.068682 0.071138 0.071246 0.0693869 0.0659996 0.061495 0.0562284 0.0504887 0.0444974 0.0384198 0.0323875 0.0265218 0.0209565 0.0158481 0.0113654 0.0076553 0.00479727
 0.00929463 0.0150935 0.0226774 0.0318947 0.0422786 0.0528945 0.0623744 0.0693269 0.0729334 0.0732677 0.0710911 0.0673468 0.0627616 0.0577414 0.0524663 0.0470182 0.0414582 0.0358542 0.0302874 0.0248559 0.0196819 0.0149145 0.0107164 0.00723108 0.00453884
 0.00897396 0.0145852 0.0219591 0.031012 0.0414011 0.0523548 0.0626295 0.0707939 0.0757386 0.0770591 0.0750809 0.070611 0.0646258 0.0580168 0.0514194 0.0451536 0.0392813 0.0337328 0.0284258 0.0233338 0.0185049 0.0140504 0.0101163 0.00683942 0.00430068
 0.00879843 0.0142922 0.0215044 0.0303524 0.0405108 0.0512559 0.0614332 0.0697297 0.0751384 0.0772669 0.0762978 0.0727461 0.0672604 0.0605392 0.0532741 0.0460557 0.0392746 0.0330888 0.0274789 0.0223552 0.017655 0.0133922 0.0096498 0.00653404 0.0041158
 0.00871384 0.0141504 0.0212821 0.0300235 0.0400492 0.0506433 0.0606707 0.0688535 0.0742366 0.0764909 0.0758521 0.072838 0.0680082 0.0618816 0.0549475 0.0476778 0.0405001 0.033743 0.0275928 0.0220991 0.0172333 0.0129635 0.0093001 0.00628761 0.00396123
 0.00868972 0.0141049 0.021202 0.029891 0.0398455 0.0503524 0.0602842 0.0683744 0.073682 0.0758975 0.0752855 0.0723991 0.0678228 0.0620618 0.0555313 0.0485833 0.0415333 0.03467 0.0282371 0.0224044 0.017258 0.0128245 0.00910931 0.00611694 0.00383889
 0.00868257 0.0140942 0.021187 0.0298701 0.0398143 0.0503017 0.0601997 0.0682383 0.0734787 0.0756201 0.0749436 0.0720248 0.0674747 0.0618198 0.0554784 0.0487701 0.0419441 0.0352136 0.0287784 0.0228222 0.0174935 0.0128916 0.00906779 0.00603273 0.0037577
 0.00866635 0.0140698 0.0211538 0.0298291 0.0397675 0.0502518 0.0601483 0.0681845 0.0734171 0.0755407 0.0748339 0.0718767 0.0672933 0.0616305 0.0553263 0.0487092 0.0420146 0.0354179 0.029072 0.0231299 0.0177428 0.0130438 0.00912604 0.00602805 0.00372609
 0.00867399 0.0140783 0.0211595 0.0298266 0.0397511 0.0502186 0.0600999 0.068127 0.0733579 0.0754847 0.0747805 0.0718195 0.0672239 0.061545 0.0552325 0.0486291 0.0419789 0.0354519 0.0291798 0.0232881 0.0179099 0.01318 0.00921066 0.00606351 0.0037291
 0.00866064 0.0140623 0.0211455 0.0298216 0.0397614 0.0502457 0.0601378 0.0681637 0.0733804 0.0754846 0.0747568 0.0717767 0.0671676 0.061479 0.05516 0.0485563 0.041918 0.0354192 0.0291883 0.0233385 0.0179878 0.0132622 0.00927656 0.00610362 0.00374583
 0.00864259 0.0140326 0.0211008 0.0297596 0.0396834 0.050158 0.0600529 0.068097 0.0733445 0.0754835 0.0747841 0.0718192 0.0672115 0.0615152 0.0551846 0.0485704 0.0419266 0.0354304 0.029211 0.0233782 0.0180429 0.0133236 0.00933227 0.00614488 0.00377038
 0.00862379 0.014003 0.0210581 0.0297023 0.039611 0.0500716 0.0599563 0.0679978 0.073254 0.0754149 0.0747487 0.0718222 0.0672499 0.0615784 0.0552588 0.0486437 0.0419923 0.0354876 0.0292633 0.0234299 0.0180963 0.0133768 0.00938033 0.00618285 0.00379604
 0.008611 0.0139819 0.0210258 0.0296561 0.0395492 0.0499945 0.0598673 0.0679033 0.0731625 0.0753355 0.0746897 0.0717907 0.0672503 0.0616107 0.0553183 0.0487211 0.0420767 0.0355701 0.0293388 0.0234973 0.0181563 0.0134296 0.00942505 0.00621781 0.00382054
 0.0086443 0.0140321 0.0210938 0.0297395 0.0396422 0.0500883 0.0599506 0.0679638 0.0731893 0.0753225 0.0746378 0.0717077 0.0671492 0.0615065 0.055224 0.0486455 0.042023 0.0355366 0.0293212 0.0234913 0.0181585 0.0134373 0.0094358 0.00622903 0.00383011
 0.00862801 0.0140118 0.0210745 0.0297295 0.0396501 0.0501192 0.0600028 0.0680285 0.0732535 0.0753728 0.074665 0.0717078 0.067124 0.0614623 0.0551704 0.0485925 0.0419786 0.0355055 0.0293042 0.0234864 0.018162 0.013446 0.00944645 0.00623943 0.00383874
 0.00862801 0.0140118 0.0210745 0.0297295 0.0396501 0.0501192 0.0600028 0.0680285 0.0732535 0.0753728 0.074665 0.0717078 0.067124 0.0614623 0.0551704 0.0485925 0.0419786 0.0355055 0.0293042 0.0234864 0.018162 0.013446 0.00944645 0.00623943 0.00383874
 0.00868393 0.0140991 0.021199 0.0298938 0.0398532 0.0503551 0.060259 0.0682852 0.0734847 0.0755511 0.0747665 0.0717181 0.0670416 0.0612994 0.0549492 0.0483406 0.0417231 0.0352683 0.0291001 0.023322 0.018038 0.0133581 0.00938839 0.00620386 0.00381872
#pred catch len freq
 0.00576819 0.00901581 0.0129292 0.0173174 0.0220465 0.0270396 0.0321914 0.0373096 0.0421441 0.0464592 0.0500789 0.0529001 0.0548945 0.0561049 0.0566272 0.0565869 0.0561179 0.0553358 0.0542801 0.0528256 0.0506197 0.0471477 0.0419822 0.0351184 0.0271593
 0.00603578 0.00938659 0.0133735 0.0177812 0.0224845 0.0274577 0.0326682 0.0379702 0.0430927 0.0477071 0.0515157 0.0543261 0.0560956 0.0569272 0.0570158 0.0565763 0.0557875 0.0547533 0.0534631 0.0517435 0.0492379 0.0454896 0.0401657 0.033336 0.0256092
 0.00668355 0.010341 0.0146238 0.0192472 0.0240319 0.0289329 0.0339367 0.0389515 0.0437868 0.0481991 0.0519397 0.0547933 0.056626 0.0574308 0.0573385 0.0565763 0.0553907 0.0539587 0.0523098 0.0502755 0.0474999 0.0435539 0.038159 0.0314324 0.0239809
 0.00720641 0.0111623 0.0158042 0.0208178 0.025982 0.0311936 0.0363658 0.0413374 0.0458866 0.0498049 0.0529435 0.0552159 0.0565902 0.0570907 0.0568003 0.0558584 0.0544395 0.0527019 0.0507058 0.0483356 0.0452905 0.0411927 0.0358093 0.0292791 0.0221855
 0.00761848 0.0118081 0.0167342 0.0220707 0.0275872 0.033169 0.0387022 0.0439701 0.0486701 0.0525087 0.0552854 0.0569309 0.0575095 0.057189 0.0561822 0.0546897 0.0528673 0.0508096 0.0485217 0.0458793 0.04262 0.0384303 0.033133 0.0268841 0.0202292
 0.00805775 0.0124848 0.017685 0.0233108 0.0291171 0.0349834 0.0407906 0.0463082 0.0512039 0.0551375 0.0578485 0.0592087 0.059253 0.0581772 0.0562866 0.0539092 0.0513117 0.0486433 0.0459067 0.0429533 0.039515 0.0353028 0.0301734 0.0242877 0.0181438
 0.00844372 0.0130871 0.0185457 0.0244546 0.030552 0.0367003 0.0427596 0.0484751 0.0534934 0.0574599 0.0601031 0.0612784 0.0609951 0.0594246 0.0568701 0.0536997 0.0502617 0.0468044 0.0434144 0.0399942 0.0363006 0.0320588 0.0271285 0.0216472 0.0160479
 0.00882074 0.0136671 0.0193589 0.0255121 0.0318508 0.0382303 0.0445026 0.0503969 0.0555346 0.059535 0.0621071 0.0630988 0.0625214 0.06055 0.0574879 0.0537055 0.0495708 0.0453823 0.0413044 0.0373272 0.0332833 0.0289454 0.0241821 0.0190935 0.0140313
 0.00921735 0.0142697 0.020188 0.026562 0.0330966 0.0396388 0.0460388 0.0520225 0.0572041 0.0611937 0.0636909 0.0645347 0.0637303 0.0614499 0.0579975 0.0537457 0.0490692 0.0442872 0.03961 0.0351005 0.0306775 0.026186 0.0215261 0.016771 0.012192
 0.00947864 0.0146911 0.0208156 0.027435 0.0342387 0.0410453 0.0476644 0.0537793 0.0589772 0.0628667 0.0651677 0.0657487 0.0646399 0.0620284 0.0582214 0.0535862 0.0484905 0.0432544 0.0381085 0.0331639 0.0284104 0.0237666 0.0191759 0.0147006 0.0105451
 0.00979762 0.0151792 0.0214954 0.0283127 0.0353108 0.0423064 0.0491047 0.0553722 0.0606624 0.0645428 0.0667033 0.0670099 0.0655231 0.06248 0.0582359 0.0531866 0.0477049 0.0421022 0.0366059 0.0313455 0.0263551 0.02161 0.0170947 0.01287 0.0090886
 0.0101953 0.0157703 0.022283 0.0292662 0.0363796 0.0434402 0.0502688 0.0565482 0.0618383 0.0656988 0.0677994 0.0679806 0.0662827 0.0629417 0.0583347 0.0528945 0.04703 0.0410763 0.0352726 0.0297595 0.0245945 0.0197869 0.0153484 0.0113387 0.00787069
 0.0104268 0.0161237 0.0227715 0.0298859 0.0371101 0.044248 0.0511111 0.0573789 0.062618 0.0664053 0.0684303 0.0685424 0.0667722 0.0633313 0.0585719 0.0529159 0.0467825 0.0405332 0.0344398 0.0286759 0.0233303 0.0184408 0.0140379 0.0101771 0.00693945
 0.0105806 0.0163626 0.023111 0.0303338 0.0376664 0.0449044 0.0518478 0.0581609 0.0633959 0.0671226 0.0690358 0.0690031 0.0670793 0.0634935 0.0586005 0.0528097 0.0465229 0.0400935 0.0338024 0.0278485 0.0223549 0.0173921 0.0130102 0.00926282 0.00620485
 0.0104622 0.0162122 0.0229626 0.0302457 0.0377067 0.0451272 0.0522722 0.0587647 0.064124 0.0679029 0.0697937 0.0696721 0.0676091 0.0638559 0.0587895 0.052834 0.0463941 0.0398167 0.0333775 0.0272808 0.0216685 0.0166369 0.0122561 0.00858231 0.00565247
 0.0104387 0.0161694 0.0228917 0.0301421 0.0375787 0.0450059 0.052214 0.0588388 0.0643858 0.0683654 0.0704152 0.0703677 0.0682788 0.0644135 0.0591802 0.0530369 0.0464139 0.0396712 0.0330877 0.0268685 0.0211618 0.0160758 0.0116926 0.00807073 0.00523478
 0.0105421 0.0163024 0.0230269 0.030232 0.0375688 0.0448566 0.0519221 0.0584475 0.0639791 0.0680479 0.0702821 0.0704731 0.0686159 0.064916 0.0597458 0.0535619 0.0468198 0.039916 0.0331621 0.0267865 0.0209527 0.0157801 0.0113583 0.00774619 0.00495837
 0.0106394 0.0164458 0.0232136 0.0304449 0.0377755 0.0450107 0.0519699 0.0583414 0.0636981 0.0676176 0.0697804 0.0700133 0.0683101 0.0648354 0.0598963 0.0538861 0.0472223 0.0402979 0.0334488 0.0269404 0.0209719 0.01569 0.0111995 0.00756291 0.00478779
 0.0107728 0.0166505 0.0234988 0.0308103 0.0382097 0.0454908 0.0524576 0.0587815 0.0640225 0.0677594 0.069696 0.0697043 0.067833 0.06429 0.0593931 0.0535072 0.0469958 0.0401974 0.0334153 0.0269126 0.020909 0.01558 0.011055 0.00740876 0.00464855
 0.0107968 0.0166929 0.0235692 0.0309204 0.0383717 0.0457135 0.0527418 0.0591152 0.0643781 0.0680934 0.069954 0.0698326 0.0677963 0.0640886 0.0590693 0.0531334 0.0466477 0.0399258 0.0332315 0.0267942 0.0208203 0.0154925 0.0109579 0.00730732 0.00455525
 0.0109092 0.0168511 0.0237624 0.031125 0.0385604 0.0458685 0.0528643 0.0592241 0.0644978 0.0682387 0.0701187 0.0699885 0.067901 0.064101 0.0589667 0.0529231 0.0463667 0.0396262 0.0329597 0.0265748 0.0206535 0.0153644 0.0108535 0.00721886 0.00448206
 0.0109856 0.0169676 0.0239226 0.0313245 0.0387859 0.0460975 0.0530677 0.0593732 0.0645758 0.0682493 0.070086 0.0699441 0.0678664 0.0640758 0.0589306 0.0528502 0.0462423 0.039456 0.0327666 0.0263868 0.0204908 0.0152342 0.0107532 0.00714243 0.00442471
 0.011005 0.0170008 0.0239756 0.0314048 0.0389005 0.0462507 0.0532574 0.0595872 0.0647907 0.0684348 0.070214 0.0699992 0.0678518 0.0640094 0.0588335 0.0527353 0.0461118 0.0393077 0.0326031 0.0262185 0.0203325 0.0150983 0.0106457 0.00706285 0.004369
 0.0108648 0.0167975 0.0237156 0.0311106 0.0386059 0.0459919 0.0530651 0.0594832 0.0647867 0.0685306 0.0703957 0.0702405 0.0681195 0.064272 0.0590685 0.0529315 0.0462654 0.0394184 0.0326716 0.0262489 0.0203329 0.01508 0.0106195 0.00703667 0.00434713
 0.0107769 0.0166616 0.023525 0.0308654 0.0383148 0.0456737 0.0527496 0.0592083 0.0645912 0.0684443 0.0704311 0.0703902 0.068359 0.0645663 0.05938 0.0532275 0.0465231 0.0396258 0.0328259 0.0263533 0.0203951 0.01511 0.0106281 0.00703381 0.00433992
 0.01067 0.0164984 0.023299 0.0305772 0.0379715 0.0452876 0.052339 0.0588 0.0642215 0.0681554 0.0702639 0.0703734 0.0685 0.0648477 0.0597634 0.0536632 0.0469618 0.040028 0.0331663 0.0266212 0.0205912 0.0152432 0.0107115 0.00708135 0.00436428
 0.0103923 0.0160924 0.022772 0.0299647 0.0373257 0.04466 0.0517674 0.0583072 0.0638227 0.0678667 0.0701059 0.0703681 0.0686636 0.0651815 0.0602474 0.0542562 0.0476082 0.0406689 0.0337516 0.0271168 0.0209818 0.0155299 0.0109073 0.00720523 0.00443653
 0.0101364 0.0157083 0.022254 0.0293302 0.0366125 0.0439189 0.0510559 0.0576829 0.0633351 0.0675481 0.0699668 0.0704021 0.0688565 0.0655182 0.0607121 0.0548267 0.0482509 0.0413388 0.0343988 0.0276964 0.0214629 0.0158997 0.0111701 0.00737748 0.00454031
 0.00994529 0.01542 0.0218618 0.0288423 0.036049 0.043307 0.0504277 0.0570765 0.0627947 0.0671203 0.0696919 0.0703048 0.0689408 0.0657691 0.0611028 0.0553256 0.0488248 0.041952 0.0350118 0.0282686 0.0219594 0.0162981 0.0114645 0.00757709 0.00466402
 0.0096697 0.0150096 0.0213139 0.028179 0.0353103 0.0425393 0.049676 0.0563824 0.062198 0.0666588 0.0693987 0.0702046 0.0690453 0.066073 0.061583 0.0559439 0.0495343 0.042703 0.0357562 0.0289623 0.0225656 0.0167921 0.0118371 0.00783568 0.00482811
 0.00949503 0.0147289 0.0208986 0.0276069 0.0345727 0.041651 0.0486833 0.0553635 0.0612495 0.0658747 0.068852 0.0699378 0.0690703 0.0663761 0.0621293 0.0566824 0.0504033 0.0436357 0.0366869 0.0298324 0.0233283 0.0174167 0.0123124 0.00816936 0.00504281
 0.0102795 0.0158233 0.0222097 0.0289317 0.0356511 0.0422533 0.0486851 0.0547709 0.0601766 0.0644975 0.067365 0.0685205 0.0678632 0.0654672 0.0615526 0.0564266 0.0504248 0.0438716 0.0370653 0.0302812 0.023783 0.0178272 0.0126473 0.00841701 0.00520871
 0.0112732 0.0173171 0.0242245 0.0313887 0.038372 0.0449756 0.0510876 0.0565184 0.0609943 0.064256 0.0661276 0.066522 0.0654324 0.062935 0.059185 0.0543955 0.0488094 0.0426779 0.0362504 0.0297751 0.0235065 0.0177043 0.012614 0.00842642 0.00523121
 0.0114321 0.0176358 0.0248149 0.0323891 0.0399084 0.0471 0.0537158 0.0594047 0.0637616 0.0664769 0.0674312 0.0666937 0.0644739 0.0610577 0.0567382 0.0517608 0.0463076 0.0405186 0.0345282 0.0284944 0.0226152 0.0171239 0.0122616 0.00822775 0.00512784
 0.0112034 0.0173145 0.024431 0.0320195 0.0396781 0.04717 0.0542558 0.0605445 0.0655257 0.068727 0.0698566 0.0688745 0.0660019 0.0616651 0.0563755 0.0505933 0.0446396 0.0386865 0.0328086 0.027058 0.0215253 0.0163647 0.0117736 0.00793805 0.00496925
 0.0109911 0.0169826 0.0239584 0.0314014 0.0389352 0.0463608 0.053489 0.0599799 0.0653513 0.0691082 0.070868 0.070442 0.0678874 0.063517 0.0578357 0.0514163 0.0447661 0.0382385 0.0320169 0.0261663 0.0207175 0.0157359 0.0113412 0.00767187 0.00482158
 0.0108178 0.0167195 0.0235962 0.0309407 0.0383826 0.0457251 0.0527846 0.0592408 0.0646491 0.0685607 0.0706256 0.0706437 0.068599 0.0646783 0.0592518 0.0528098 0.0458723 0.0388981 0.0322182 0.0260205 0.02039 0.0153755 0.0110404 0.00746301 0.0046968
 0.0107889 0.0166667 0.0235057 0.0307961 0.0381678 0.0454295 0.0524079 0.058794 0.0641547 0.0680544 0.0701629 0.0703056 0.0684829 0.0648674 0.0597704 0.0535897 0.0467594 0.0397047 0.0327957 0.026312 0.0204338 0.0152665 0.0108777 0.00731459 0.00459127
 0.0106425 0.0164553 0.023236 0.0304892 0.0378505 0.0451216 0.0521137 0.0585047 0.0638587 0.0677501 0.0698657 0.0700494 0.0683171 0.0648498 0.0599519 0.0539907 0.0473468 0.0403876 0.0334518 0.0268334 0.020767 0.0154224 0.01091 0.00728601 0.00454818
