SBPRF35
6.7229
Curr Bio
580967
B35
469836
F35
0.228143
FOFL
0.228143
OFL
96289.5
Bzero
1.92083e+006
#pred survey bio
 2.56609e+006 2.51378e+006 2.38197e+006 2.16981e+006 1.9074e+006 1.74476e+006 1.62325e+006 1.45478e+006 1.30298e+006 1.10764e+006 965170 880003 795556 706634 665598 582222 555845 542948 540754 540401 542124 523780 538218 530426 526046 529004 530601 560363 604824 639399 654638 585452 518554 502505 524592 554426 562559 559335 551789 541333 491968 480035 516376 564148 630927 647875 616992 515796 467733 533824 660124 734700 748864 718267 623072 591780 650536 658357 670965 646581 637610 652794 622900 589002 1.28488e+007 1.15871e+007 1.17185e+007 1.21639e+007 1.27458e+007 1.33271e+007 1.38358e+007 1.42471e+007 1.45632e+007 1.47986e+007 1.49702e+007 1.50939e+007 1.51826e+007 1.5246e+007 1.52915e+007 1.53243e+007 1.5348e+007 1.53652e+007 1.53778e+007 1.53871e+007 1.5394e+007 1.53991e+007 1.5403e+007 1.54058e+007 1.5408e+007 1.54096e+007 1.54108e+007 1.54117e+007 1.54124e+007 1.54129e+007 1.54133e+007 1.54136e+007 1.54138e+007 1.5414e+007 1.54141e+007 1.54142e+007 1.54143e+007 1.54144e+007 1.54144e+007 1.54144e+007 1.54145e+007 1.54145e+007 1.54145e+007 1.54145e+007 1.54145e+007 1.54145e+007 1.54145e+007 1.54145e+007 1.54145e+007 1.54145e+007 1.54145e+007 1.54145e+007 1.54145e+007 1.54145e+007 1.54145e+007 1.54145e+007 1.54145e+007 1.54145e+007 1.54145e+007 1.54145e+007 1.54145e+007 1.54145e+007 1.54146e+007 1.54146e+007 1.54146e+007 1.54146e+007 1.54146e+007 1.54146e+007 1.54146e+007 1.54146e+007 1.54146e+007 1.54146e+007 1.54146e+007 1.54146e+007 1.54146e+007 1.54146e+007 1.54146e+007 1.54146e+007 1.54146e+007 1.54146e+007 1.54146e+007 1.54146e+007 1.54146e+007 1.54146e+007 1.54146e+007 1.54146e+007 1.54146e+007 1.54146e+007 1.54146e+007 1.54146e+007 1.54146e+007 1.54146e+007 1.54146e+007 1.54146e+007 1.54146e+007 1.54146e+007 1.54146e+007 1.54146e+007 1.54146e+007 1.54146e+007 0 0 0 0 0 0 0 0 0 0 0 0 0 0 0 0 0 0 0 0 0 0 0 0 0
#obs survey bio
 2.14277e+006 2.69381e+006 1.83628e+006 2.8711e+006 1.16239e+006 1.60427e+006 1.76632e+006 1.2204e+006 1.55054e+006 1.27718e+006 931156 715130 922173 576281 1.03642e+006 604193 530495 511998 510402 739373 526704 399903 538606 536876 420951 396099 601340 490468 546604 556044 925674 544062 448981 453701 528726 674289 615143 461588 505322 570088 358093 489121 685839 496343 966060 575994 506069 587639 371576 614514 665393 731572 742466 848920 467005 836544 691861 846778 715669 721223 620960 557154 544054 641130
#pred catch bio
 256472 286300 318102 298784 307314 283337 293643 284151 278632 252688 222089 226275 206881 153576 159737 133075 134963 122047 123262 102878 109673 94061.9 104038 101456 101762 111035 91883.6 92466.6 93902.2 92554.1 98405.7 90102.6 87002.3 80741.1 87126.6 86889.6 85709.9 87982.2 82646.2 97759.5 90556 84872.3 95943.8 88706.5 103320 89635.4 115172 93918.3 50573 27308.8 89523.8 125325 120361 133303 129060 33238.9 113634 91734 110412 108941 74201.7 106733 102903 98283.3 96289.5 94297.3 94022.6 96578.4 100614 104730 108272 111045 113082 114515 115491 116139 116561 116832 117005 117113 117181 117223 117249 117265 117274 117280 117284 117286 117288 117289 117289 117289 117290 117290 117290 117290 117290 117290 117290 117290 117290 117290 117290 117290 117290 117290 117290 117290 117290 117290 117290 117290 117290 117290 117290 117290 117290 117290 117290 117290 117290 117290 117290 117290 117290 117290 117290 117290 117290 117290 117290 117290 117290 117290 117290 117290 117290 117290 117290 117290 117290 117290 117290 117290 117290 117290 117290 117290 117290 117290 117290 117290 117290 117290 117290 117290 117290 117290 117290 117290 117290 117290 117290 117290 0 0 0 0 0 0 0 0 0 0 0 0 0 0 0 0 0 0 0 0 0 0 0 0 0
#obs catch bio
 247643 286190 318556 297719 308398 283574 293326 284677 277999 252762 222114 227219 207070 153413 159309 133053 135630 121844 123909 102549 109631 94087.2 104012 101389 101690 111392 91723.2 92673.9 93914.1 92560.7 98292.5 89968.6 87142.3 80764.8 87357.6 86808.5 85633.4 88055.9 82501.6 97758.1 90521.1 84975 96361.7 88763.9 103489 89223 115320 94154.3 50719.8 26948.5 90190.2 125692 120084 133002 130972 32586.6 115175 91410.7 110440 109373 73752.3 107010 102875 98290.2
#pred cpue bio
 2.53458e+006 2.48114e+006 2.34807e+006 2.13594e+006 1.8751e+006 1.71213e+006 1.59016e+006 1.42247e+006 1.2714e+006 1.07842e+006 937473 852934 769516 682355 642366 561381 535570 522833 520673 520192 522136 504387 518384 510950 506832 509753 511172 540080 583187 616794 631913 565319 499597 482212 502528 531234 539495 536699 529536 519763 472301 460547 495320 541146 605522 621992 592631 494684 447889 512096 636011 708801 721404 690671 597799 566246 624544 632497 644618 620303 610736 625862 597159 564161 1.22941e+007 1.10702e+007 1.11221e+007 1.15117e+007 1.20813e+007 1.26607e+007 1.31692e+007 1.35804e+007 1.38966e+007 1.41319e+007 1.43035e+007 1.44272e+007 1.45159e+007 1.45793e+007 1.46248e+007 1.46576e+007 1.46813e+007 1.46986e+007 1.47112e+007 1.47205e+007 1.47274e+007 1.47325e+007 1.47363e+007 1.47391e+007 1.47413e+007 1.47429e+007 1.47441e+007 1.4745e+007 1.47457e+007 1.47462e+007 1.47466e+007 1.47469e+007 1.47472e+007 1.47473e+007 1.47475e+007 1.47476e+007 1.47476e+007 1.47477e+007 1.47477e+007 1.47478e+007 1.47478e+007 1.47478e+007 1.47478e+007 1.47478e+007 1.47479e+007 1.47479e+007 1.47479e+007 1.47479e+007 1.47479e+007 1.47479e+007 1.47479e+007 1.47479e+007 1.47479e+007 1.47479e+007 1.47479e+007 1.47479e+007 1.47479e+007 1.47479e+007 1.47479e+007 1.47479e+007 1.47479e+007 1.47479e+007 1.47479e+007 1.47479e+007 1.47479e+007 1.47479e+007 1.47479e+007 1.47479e+007 1.47479e+007 1.47479e+007 1.47479e+007 1.47479e+007 1.47479e+007 1.47479e+007 1.47479e+007 1.47479e+007 1.47479e+007 1.47479e+007 1.47479e+007 1.47479e+007 1.47479e+007 1.47479e+007 1.47479e+007 1.47479e+007 1.47479e+007 1.47479e+007 1.47479e+007 1.47479e+007 1.47479e+007 1.47479e+007 1.47479e+007 1.47479e+007 1.47479e+007 1.47479e+007 1.47479e+007 1.47479e+007 1.47479e+007 1.47479e+007 1.47479e+007 1.47479e+007 0 0 0 0 0 0 0 0 0 0 0 0 0 0 0 0 0 0 0 0 0 0 0 0 0
#obs cpue bio
 4.19289e+006 2.84e+006 2.845e+006 2.27087e+006 1.89011e+006 1.91434e+006 1.88429e+006 1.31802e+006 1.46182e+006 816157 901815 912216 788743 732376 582989 418322 461961 698742 408112 506965 575359 496038 651378 491452 622513 622315 490685 484600 758158 639974 586505 603068 493841 503671 447587 546301 488717 613999 582632 583110 608410 354383 346002 571092 489238 779257 770767 423535 386614 546908 590573 747327 804987 713754 461435 644461 404920 588557 647052 461865 722318 723462 683276 510574
#pred surv len freq
 0.00467507 0.00769971 0.0117896 0.016982 0.023167 0.0299836 0.0368054 0.0429122 0.0477653 0.0511802 0.0532851 0.0543562 0.054675 0.05447 0.0539158 0.0531521 0.0523031 0.051475 0.0506996 0.0498265 0.0484323 0.0458728 0.0415536 0.0353205 0.0277024
 0.00508173 0.00829198 0.0125564 0.0178776 0.0241347 0.0309889 0.0378516 0.044024 0.0489485 0.0523855 0.054406 0.0552647 0.0552753 0.054736 0.0538913 0.0529149 0.0519139 0.0509358 0.0499445 0.0487542 0.0469719 0.0440511 0.0395221 0.0333164 0.025961
 0.00521635 0.0085855 0.0131302 0.0188748 0.0256671 0.0330634 0.0403227 0.0466167 0.0513529 0.0543684 0.0558665 0.0562093 0.0557513 0.0547831 0.0535368 0.0521931 0.0508743 0.0496253 0.0483814 0.0469244 0.0448636 0.0417109 0.0370901 0.0310058 0.0239862
 0.00545632 0.00895036 0.013639 0.0195465 0.026538 0.0342023 0.0418197 0.0485352 0.0536623 0.0569004 0.0583377 0.0583089 0.0572441 0.0555649 0.0536217 0.0516617 0.0498245 0.048145 0.0465391 0.0447728 0.0424592 0.0391468 0.0345185 0.0286239 0.021981
 0.00576358 0.00943979 0.0143547 0.0205178 0.02777 0.0356666 0.0434545 0.050263 0.0554206 0.0586596 0.0600816 0.059986 0.0587318 0.0566843 0.0541984 0.051588 0.0490841 0.0467945 0.0446726 0.0424977 0.0398955 0.0364418 0.0318554 0.0262034 0.0199746
 0.00599822 0.00984628 0.0150117 0.0215106 0.0291677 0.0374871 0.0456329 0.0526477 0.0578073 0.0608505 0.0619387 0.0614507 0.0598022 0.0573669 0.0544661 0.0513737 0.0483112 0.045421 0.0427194 0.0400532 0.0371073 0.0335051 0.0289958 0.0236435 0.0178851
 0.0061996 0.0101672 0.0154852 0.0221699 0.0300481 0.0386244 0.0470529 0.0543469 0.0597329 0.0628899 0.0639314 0.0632231 0.0612108 0.0583259 0.0549428 0.0513584 0.0477886 0.0443667 0.0411245 0.0379591 0.0346294 0.0308315 0.02636 0.0212752 0.0159556
 0.00644904 0.0105754 0.0161031 0.0230439 0.0312076 0.0400657 0.0487268 0.0561631 0.0615824 0.0646731 0.0655694 0.064649 0.0623545 0.059112 0.0553027 0.0512447 0.0471776 0.0432519 0.039516 0.0358993 0.0322176 0.0282367 0.0238036 0.0189817 0.0140931
 0.00660939 0.0108581 0.0165692 0.0237634 0.0322433 0.0414469 0.0504247 0.0580824 0.0635784 0.0665859 0.0672591 0.0660177 0.0633487 0.0597095 0.0554936 0.0510172 0.046516 0.0421441 0.0379666 0.0339474 0.0299546 0.0258161 0.0214263 0.0168533 0.0123684
 0.00688654 0.0112942 0.0172 0.0246158 0.0333356 0.0427856 0.0519964 0.0598417 0.0654413 0.0684323 0.0689477 0.0674102 0.0643371 0.0602338 0.0555417 0.0506088 0.045681 0.040909 0.0363576 0.032008 0.0277687 0.0235202 0.0191981 0.0148745 0.0107742
 0.00711659 0.011681 0.0178041 0.0254973 0.0345359 0.0443032 0.0537669 0.061742 0.0673196 0.0701488 0.0704001 0.0685334 0.0650882 0.0605808 0.0554645 0.0501056 0.0447697 0.0396229 0.0347408 0.0301197 0.0256953 0.0213858 0.0171571 0.0130808 0.00934001
 0.00714503 0.0117553 0.0179692 0.0258153 0.0350754 0.0451186 0.0548758 0.063111 0.0688634 0.0717439 0.0719079 0.0698261 0.0660697 0.0611942 0.0556859 0.0499324 0.0442127 0.0387046 0.0334988 0.0286122 0.0240079 0.0196342 0.0154772 0.0116037 0.00815956
 0.00724791 0.0119277 0.0182391 0.0262152 0.0356387 0.045873 0.0558333 0.0642579 0.0701544 0.0731013 0.073228 0.0709933 0.0669768 0.0617613 0.0558713 0.0497311 0.0436459 0.0378089 0.0323212 0.0272134 0.0224697 0.018061 0.0139876 0.0103083 0.00713358
 0.00750566 0.0123125 0.0187553 0.0268458 0.0363534 0.04664 0.0566282 0.0650646 0.0709613 0.0738953 0.0739882 0.0716859 0.0675525 0.0621609 0.056037 0.0496197 0.0432385 0.0371133 0.0313698 0.0260606 0.0211909 0.0167507 0.0127489 0.00923456 0.00628647
 0.00742843 0.0122057 0.0186285 0.0267176 0.0362445 0.0465636 0.0565862 0.0650553 0.070994 0.0740014 0.0742161 0.0720785 0.0681192 0.0628601 0.0567799 0.0502935 0.0437356 0.0373566 0.031326 0.0257426 0.0206521 0.0160744 0.0120325 0.00856931 0.00573834
 0.00765443 0.012538 0.019064 0.027232 0.0368008 0.0471243 0.0571207 0.065537 0.0713941 0.0742879 0.0743647 0.0720885 0.0680224 0.0627104 0.0566276 0.0501582 0.043597 0.0371655 0.0310307 0.0253141 0.0200986 0.0154408 0.0113868 0.00798152 0.00525997
 0.00759575 0.012479 0.0190402 0.0272942 0.036995 0.0474651 0.0575737 0.0660264 0.0718339 0.0746176 0.0745662 0.0721789 0.0680335 0.0626733 0.0565674 0.050092 0.0435283 0.0370798 0.0308982 0.0251043 0.0197983 0.015065 0.0109766 0.00758873 0.00492857
 0.00770264 0.012624 0.0192079 0.0274587 0.0371353 0.0475841 0.0577055 0.0662211 0.0721243 0.0749899 0.0749575 0.0725049 0.0682283 0.0627149 0.0564762 0.0499114 0.0433018 0.0368352 0.0306434 0.0248321 0.0194998 0.0147419 0.0106468 0.00728125 0.00467109
 0.00773338 0.0126711 0.0192718 0.0275343 0.0372092 0.0476342 0.0577065 0.0661577 0.0720074 0.0748631 0.0748825 0.0725306 0.068363 0.0629218 0.0566954 0.0500902 0.043413 0.0368763 0.0306233 0.0247601 0.0193824 0.0145872 0.0104697 0.00710288 0.00451319
 0.00781845 0.0127987 0.0194441 0.0277454 0.0374466 0.0478796 0.0579368 0.0663452 0.0721234 0.0748865 0.0748114 0.072389 0.0681946 0.0627721 0.056591 0.0500296 0.0433738 0.0368316 0.0305547 0.0246614 0.0192564 0.0144425 0.0103182 0.00695898 0.00439006
 0.0078459 0.0128158 0.0194194 0.0276354 0.037209 0.0474954 0.0574276 0.0657743 0.0715784 0.074452 0.0745454 0.0723131 0.0682984 0.0630251 0.0569541 0.050461 0.0438303 0.0372704 0.0309383 0.0249642 0.0194681 0.014568 0.0103735 0.00696595 0.00437095
 0.00797355 0.0130199 0.0197174 0.0280337 0.0376929 0.0480189 0.0579102 0.0661165 0.0716946 0.074307 0.0741716 0.0717971 0.0677464 0.0625276 0.0565662 0.0502007 0.0436874 0.0372172 0.0309401 0.0249873 0.0194867 0.0145682 0.0103535 0.00693219 0.0043331
 0.00782419 0.0128024 0.0194382 0.027717 0.0373769 0.0477458 0.0577161 0.0660209 0.0716937 0.0743722 0.0742598 0.0718697 0.0677881 0.0625525 0.0566072 0.05029 0.04384 0.037426 0.0311806 0.0252275 0.0196979 0.0147317 0.0104639 0.00699559 0.00436228
 0.00781909 0.0127842 0.0193936 0.0276307 0.0372392 0.0475633 0.0575171 0.0658507 0.0715971 0.0743731 0.0743482 0.072006 0.0679212 0.0626431 0.0566432 0.0502874 0.0438307 0.0374395 0.0312305 0.0253089 0.0197931 0.014821 0.0105332 0.00704032 0.00438556
 0.00779678 0.0127516 0.0193506 0.0275777 0.0371747 0.0474818 0.0574103 0.0657137 0.071437 0.0742137 0.0742248 0.0719503 0.0679449 0.0627315 0.0567639 0.0504082 0.0439343 0.0375265 0.0313118 0.0253935 0.0198816 0.0149057 0.0106046 0.00709238 0.00441806
 0.00775851 0.0126945 0.0192743 0.0274856 0.0370734 0.0473797 0.0573151 0.0656304 0.0713663 0.0741529 0.0741715 0.0719079 0.0679243 0.0627455 0.0568189 0.0504981 0.0440436 0.0376388 0.0314172 0.0254894 0.0199686 0.0149831 0.0106694 0.0071417 0.00445131
 0.00791041 0.012917 0.0195636 0.0278223 0.0374275 0.0477189 0.057612 0.0658638 0.0715196 0.074213 0.0741304 0.071766 0.0676938 0.0624519 0.0564964 0.0501817 0.0437599 0.0374019 0.0312298 0.025348 0.0198674 0.0149158 0.0106287 0.00711957 0.00444047
 0.00792545 0.0129266 0.0195508 0.0277616 0.037292 0.0474907 0.0572934 0.065482 0.0711242 0.0738643 0.0738844 0.0716579 0.0677289 0.0626063 0.0567294 0.0504512 0.044034 0.0376615 0.031465 0.0255537 0.0200406 0.0150551 0.0107348 0.00719532 0.00449058
 0.0079227 0.0129185 0.019531 0.0277202 0.0372149 0.0473618 0.0570978 0.0652122 0.0707876 0.0734888 0.0735175 0.0713576 0.0675471 0.0625726 0.0568424 0.0506818 0.0443374 0.0379919 0.0317861 0.025842 0.0202838 0.0152489 0.0108803 0.00729759 0.00455726
 0.00784826 0.0128063 0.0193786 0.0275308 0.0369961 0.0471228 0.056847 0.0649572 0.0705346 0.0732445 0.0732918 0.0711672 0.0674163 0.0625294 0.0569087 0.0508632 0.0446182 0.0383383 0.0321563 0.0261972 0.0205959 0.0155027 0.0110721 0.00743206 0.00464443
 0.00772432 0.0126113 0.019098 0.0271577 0.0365351 0.0465942 0.0562896 0.0644245 0.0700831 0.0729177 0.0731095 0.0711255 0.0674973 0.0627128 0.0571796 0.0512116 0.0450332 0.0388014 0.0326388 0.0266644 0.0210149 0.0158502 0.0113384 0.00762025 0.00476663
 0.00851176 0.0137115 0.0204211 0.0285084 0.0376682 0.0473042 0.0564824 0.0641329 0.0694282 0.0720498 0.0721631 0.070199 0.0666526 0.0619832 0.0565799 0.050747 0.044703 0.0385992 0.0325497 0.026664 0.0210724 0.0159343 0.0114239 0.00769175 0.00481833
 0.00922039 0.0148605 0.0221315 0.0308553 0.0406242 0.0506741 0.0598742 0.0670183 0.071302 0.0726143 0.0714268 0.068436 0.0642637 0.0593521 0.0539911 0.0483723 0.0426282 0.0368565 0.0311403 0.0255697 0.0202602 0.0153609 0.0110408 0.00745064 0.00467631
 0.00916433 0.014888 0.0223925 0.0315629 0.0419994 0.0528535 0.0628188 0.070471 0.0748182 0.0756594 0.0735105 0.0692448 0.0637431 0.0577037 0.0515836 0.0456154 0.039868 0.0343277 0.02897 0.0238045 0.018895 0.0143588 0.010346 0.00699865 0.00440234
 0.00881932 0.0143631 0.0216783 0.0306981 0.04109 0.0520854 0.0624473 0.0707652 0.0759597 0.0776334 0.0760564 0.0719083 0.0660171 0.0591916 0.0521125 0.0452545 0.0388605 0.0329811 0.0275598 0.022522 0.0178403 0.0135597 0.00978418 0.00663178 0.0041805
 0.00865887 0.0140893 0.0212445 0.0300587 0.0402199 0.0510087 0.0612654 0.0696659 0.0751907 0.0774414 0.0766047 0.0732014 0.0678665 0.0612517 0.0539842 0.0466152 0.0395592 0.0330573 0.0271878 0.0219215 0.0172005 0.0130018 0.00935982 0.00634281 0.00400229
 0.00864575 0.014045 0.0211343 0.0298341 0.0398276 0.0504088 0.0604518 0.0686825 0.07414 0.0764802 0.0759238 0.0729834 0.0682264 0.0621788 0.0553206 0.0480919 0.040885 0.0340176 0.0277045 0.0220497 0.0170732 0.0127623 0.0091147 0.00614755 0.00387064
 0.00862809 0.0140197 0.0211009 0.0297899 0.0397624 0.0502989 0.0602597 0.0683659 0.0736709 0.0758686 0.0752346 0.0723358 0.0677698 0.0620495 0.0555883 0.0487227 0.0417403 0.0349011 0.0284356 0.0225259 0.0172895 0.0127853 0.00903542 0.00604122 0.00378005
 0.00856209 0.0139292 0.0209959 0.0296899 0.0396905 0.0502716 0.0602772 0.0684067 0.0736946 0.0758257 0.0750841 0.0720668 0.0674182 0.0616988 0.0553471 0.048682 0.0419316 0.0352772 0.0288897 0.0229389 0.0175799 0.0129323 0.00906844 0.00601088 0.00373066
 0.00836574 0.0136339 0.020597 0.0292021 0.0391474 0.0497225 0.0597817 0.0680258 0.0734752 0.075784 0.0751965 0.072277 0.067661 0.0619281 0.0555552 0.0488988 0.0422018 0.0356274 0.0293054 0.0233672 0.0179555 0.0132091 0.00923625 0.0060903 0.00375523
 0.00856928 0.0139238 0.0209575 0.0295931 0.0395161 0.0500226 0.0599876 0.0681351 0.0735006 0.075741 0.0750954 0.0721204 0.0674468 0.0616555 0.0552335 0.0485539 0.0418752 0.0353642 0.0291359 0.0232927 0.0179494 0.0132324 0.00925728 0.00609509 0.00374558
 0.00863044 0.0140446 0.021176 0.0299502 0.0400362 0.0506882 0.0607243 0.0688238 0.0740166 0.076002 0.0750866 0.0718863 0.0670591 0.061182 0.0547228 0.0480385 0.0413815 0.0349198 0.0287671 0.0230158 0.0177632 0.0131192 0.00919182 0.00605533 0.00371835
 0.00854697 0.0139168 0.0210006 0.0297355 0.0398068 0.0504879 0.0606107 0.0688517 0.0742117 0.0763401 0.0754957 0.0722744 0.0673515 0.0613451 0.0547634 0.0479864 0.0412722 0.0347849 0.028633 0.0229027 0.0176822 0.0130709 0.00916843 0.00604594 0.00371427
 0.00865056 0.0140562 0.0211572 0.0298744 0.0398881 0.0504835 0.0605201 0.0687059 0.0740642 0.0762477 0.0754964 0.0723713 0.0675107 0.0615104 0.0548809 0.0480249 0.0412299 0.0346826 0.0285009 0.0227693 0.017568 0.0129856 0.00911215 0.00601268 0.00369614
 0.00851265 0.0138541 0.0208929 0.0295616 0.0395447 0.0501226 0.0601464 0.0683226 0.0736877 0.0759175 0.0752724 0.0723142 0.067655 0.0618454 0.0553508 0.0485485 0.0417292 0.0351047 0.0288253 0.0230017 0.0177272 0.0130927 0.0091839 0.00606014 0.00372633
 0.00860614 0.0139736 0.0210139 0.0296437 0.0395458 0.0500189 0.0599457 0.0680602 0.0734071 0.075651 0.0750351 0.0721148 0.0675092 0.0617783 0.0553836 0.0486819 0.0419367 0.0353425 0.0290499 0.0231846 0.0178597 0.0131805 0.00923858 0.00609306 0.00374567
 0.00860063 0.0139652 0.0210006 0.0296202 0.0395001 0.0499303 0.0597881 0.0678137 0.0730733 0.075263 0.0746521 0.0718019 0.067315 0.0617233 0.0554634 0.0488768 0.0422175 0.0356726 0.0293888 0.0234953 0.0181167 0.0133739 0.00937234 0.00617867 0.00379667
 0.00890812 0.0144566 0.0217218 0.030601 0.0407391 0.0513762 0.0613235 0.0692598 0.0742239 0.0759389 0.0747529 0.0713315 0.0663745 0.0604767 0.0540917 0.047537 0.0410196 0.0346739 0.0286023 0.0229038 0.0176879 0.0130727 0.00916738 0.00604493 0.00371419
 0.00890712 0.0144884 0.0218316 0.0308518 0.0411966 0.0520828 0.0622734 0.0703874 0.0754105 0.0770338 0.075602 0.0718082 0.0664088 0.0600735 0.0533305 0.0465494 0.0399524 0.0336547 0.027717 0.0221921 0.0171519 0.0126912 0.00890989 0.00588014 0.00361479
 0.0083131 0.0135601 0.0205105 0.0291246 0.0391168 0.0497924 0.0600138 0.0684734 0.074157 0.0766589 0.0761539 0.0731543 0.0682843 0.062164 0.0553534 0.0483112 0.041368 0.0347298 0.02851 0.0227743 0.0175821 0.0130083 0.00913758 0.00603532 0.00371313
 0.00796123 0.012922 0.0194321 0.0274345 0.0366819 0.0466019 0.0562519 0.0645296 0.0705525 0.0739174 0.0746723 0.0731161 0.0696313 0.0646242 0.058518 0.0517364 0.0446726 0.037656 0.0309353 0.0246836 0.0190235 0.0140549 0.00986542 0.00651539 0.0040098
 0.00827665 0.0134045 0.0200937 0.0282431 0.0375422 0.0473411 0.0566294 0.0642909 0.0695273 0.0721212 0.0723493 0.0706858 0.0675577 0.0632699 0.058044 0.0520833 0.0456152 0.0389013 0.0322169 0.0258203 0.019931 0.0147233 0.0103261 0.00681418 0.00419173
 0.00862054 0.0139777 0.0209786 0.0295151 0.0392388 0.0494178 0.0589186 0.0664948 0.0712652 0.0730243 0.0721733 0.0693997 0.0653743 0.0605965 0.0553626 0.0498058 0.0439759 0.0379286 0.0317833 0.0257321 0.020009 0.0148463 0.010434 0.00688948 0.00423754
 0.00870885 0.014143 0.0212694 0.0299944 0.0399745 0.0504632 0.0602861 0.0681307 0.0730335 0.0747071 0.0734966 0.0700917 0.0652478 0.0596251 0.0537118 0.0477921 0.0419654 0.0362194 0.0305296 0.024937 0.0195752 0.0146449 0.0103559 0.00686499 0.00423164
 0.0090234 0.0146273 0.0219484 0.0308749 0.0410475 0.051707 0.0616658 0.0695946 0.0745094 0.0761002 0.074687 0.0709361 0.0655942 0.0593498 0.0527709 0.0462636 0.0400515 0.034197 0.0286665 0.0234159 0.0184614 0.0139048 0.00990352 0.0066068 0.00409232
 0.00894409 0.0145811 0.022029 0.0312137 0.0417714 0.0528763 0.0632267 0.0713813 0.0762995 0.0776894 0.0759385 0.0717834 0.0660111 0.0593183 0.0522738 0.0453052 0.0386914 0.0325685 0.026959 0.021826 0.0171364 0.0129102 0.00922677 0.00618647 0.00385247
 0.00831382 0.0135135 0.0203566 0.0287908 0.0385515 0.0490102 0.0591236 0.0676597 0.0736142 0.0765118 0.0764113 0.0737164 0.0689897 0.0628443 0.0558767 0.048609 0.0414483 0.0346708 0.0284289 0.0227783 0.0177248 0.0132749 0.00946489 0.00635047 0.00396549
 0.0086665 0.0140452 0.0210705 0.0296391 0.0394206 0.0497175 0.0594415 0.0673837 0.0726634 0.0750101 0.0746821 0.0721722 0.0679726 0.0625065 0.0561569 0.0492951 0.0422763 0.0354131 0.028948 0.02304 0.0177765 0.0132031 0.00935224 0.00625001 0.00389739
 0.00884611 0.0143193 0.0214489 0.0301165 0.0399742 0.0503027 0.0599846 0.0677776 0.0727788 0.0747322 0.0739676 0.0710997 0.0667478 0.0614033 0.0554141 0.0490246 0.0424333 0.0358379 0.0294477 0.0234639 0.0180534 0.0133356 0.00938504 0.00623462 0.00387049
 0.00905298 0.0146672 0.0219914 0.0309038 0.0410336 0.0516113 0.0614481 0.0692309 0.0740173 0.075559 0.0742378 0.0707509 0.0658191 0.0600396 0.0538448 0.0475059 0.0411711 0.0349295 0.0288734 0.0231283 0.0178476 0.0131827 0.00925227 0.00612001 0.0037815
 0.00900595 0.0146302 0.0220096 0.031046 0.0413777 0.0522182 0.0623344 0.0703526 0.0752691 0.0767883 0.0752694 0.0714203 0.0660096 0.0597142 0.0530623 0.0464123 0.0399619 0.033793 0.0279377 0.0224375 0.0173756 0.0128704 0.00904314 0.00597663 0.00368406
 0.00875067 0.0142042 0.0213536 0.030113 0.0401615 0.0507898 0.0608638 0.06909 0.0744762 0.0766478 0.0758182 0.0725385 0.0674633 0.0612299 0.0544021 0.0474299 0.0406233 0.0341586 0.0281152 0.02253 0.0174471 0.0129417 0.00910925 0.00602718 0.0037153
 0.00895903 0.0145152 0.0217668 0.0306016 0.0406691 0.0512345 0.0611508 0.0691385 0.0742568 0.0762117 0.0752931 0.0720819 0.0671959 0.0611845 0.0545183 0.0475922 0.0407198 0.0341279 0.0279613 0.0223039 0.0172121 0.0127438 0.00896617 0.00593488 0.00366033
 0.00908835 0.0147332 0.0221074 0.0310955 0.0413302 0.0520401 0.0620267 0.0699611 0.0748812 0.0765167 0.0752251 0.0716769 0.0665678 0.0604833 0.0538739 0.0470719 0.0403202 0.0338018 0.0276592 0.0220033 0.0169216 0.0124875 0.00876404 0.00579258 0.00357029
#obs surv len freq
 0.00497135 0.00814236 0.0123837 0.0177083 0.0239892 0.0308604 0.0376964 0.0437746 0.048546 0.0518116 0.0536913 0.0544706 0.0544683 0.0539793 0.0532622 0.0525296 0.0519261 0.0514865 0.0510728 0.0503159 0.0486337 0.0453954 0.0402241 0.0332887 0.0253716
 0.00518287 0.00849039 0.0129153 0.0184701 0.0250187 0.0321715 0.0392646 0.045531 0.0503866 0.0536157 0.0553411 0.0558623 0.0555155 0.0546134 0.0534313 0.0522002 0.0510886 0.0501629 0.0493235 0.0482439 0.0463823 0.0431367 0.0381347 0.0315158 0.024001
 0.00541106 0.00886234 0.0134772 0.0192665 0.026085 0.0335218 0.0408784 0.0473467 0.0523079 0.0555279 0.0571267 0.057412 0.0567339 0.0554209 0.0537646 0.0520126 0.0503523 0.048877 0.0475266 0.0460279 0.0438983 0.0405848 0.0357325 0.0294525 0.0223927
 0.00565704 0.00926515 0.0140888 0.0201368 0.0272521 0.0349968 0.0426299 0.0492968 0.0543444 0.0575266 0.0589712 0.0590026 0.0579872 0.0562664 0.0541422 0.0518712 0.0496534 0.0476028 0.045696 0.0437164 0.0412523 0.0378166 0.0330877 0.0271542 0.0205855
 0.00589309 0.00965416 0.0146841 0.0209917 0.0284096 0.0364736 0.0443992 0.0512822 0.0564302 0.0595803 0.0608658 0.0606298 0.059262 0.0571246 0.0545339 0.0517548 0.0489929 0.0463742 0.0439043 0.0414197 0.0385833 0.0349845 0.0303476 0.0247476 0.0186768
 0.00614723 0.0100663 0.0153027 0.0218619 0.0295659 0.0379272 0.0461247 0.0532109 0.0584578 0.0615845 0.0627243 0.0622334 0.0605209 0.0579701 0.0549163 0.0516377 0.0483481 0.0451824 0.0421678 0.0391862 0.0359711 0.0321902 0.0276209 0.0223332 0.0167481
 0.00637908 0.010451 0.0158958 0.0227189 0.0307302 0.0394113 0.0478922 0.0551733 0.0604901 0.0635531 0.0645096 0.0637401 0.0616768 0.0587214 0.0552227 0.0514687 0.0476802 0.0440009 0.0404765 0.0370285 0.0334539 0.0294945 0.0249815 0.0199858 0.014864
 0.00660958 0.0108289 0.0164708 0.0235399 0.0318368 0.0408189 0.0495764 0.0570616 0.0624699 0.0654904 0.0662724 0.0652155 0.0627812 0.059402 0.0554515 0.0512327 0.0469726 0.0428193 0.0388316 0.0349632 0.0310659 0.0269481 0.0224911 0.0177689 0.013081
 0.00684951 0.0112206 0.017063 0.0243787 0.0329557 0.042225 0.0512354 0.0588939 0.0643615 0.0673154 0.0679124 0.0665713 0.0637764 0.0599841 0.0555914 0.0509205 0.0462114 0.0416205 0.0372182 0.0329835 0.0288126 0.0245698 0.0201792 0.0157173 0.0114326
 0.00705412 0.0115584 0.017581 0.0251232 0.0339631 0.043506 0.0527601 0.0605864 0.0661119 0.0690013 0.0694201 0.067808 0.0646742 0.0604984 0.0556976 0.05061 0.0454878 0.040498 0.0357247 0.0311705 0.0267691 0.0224298 0.018111 0.0138888 0.00996661
 0.00727354 0.0119162 0.0181214 0.0258876 0.0349814 0.0447832 0.0542623 0.0622365 0.0677992 0.0706026 0.0708212 0.0689175 0.0654293 0.0608652 0.055666 0.0501871 0.0446908 0.0393514 0.034263 0.0294472 0.0248684 0.0204721 0.0162424 0.0122518 0.00866257
 0.00744919 0.0122046 0.0185604 0.0265142 0.0358237 0.0458491 0.055527 0.0636383 0.0692479 0.0719961 0.0720616 0.0699219 0.066135 0.0612316 0.0556746 0.0498385 0.0440006 0.0383462 0.0329805 0.0279415 0.0232182 0.0187841 0.0146416 0.0108572 0.00755659
 0.00753324 0.0123474 0.0187873 0.0268536 0.0363028 0.0464856 0.0563207 0.0645658 0.0702642 0.073041 0.0730674 0.0708193 0.0668593 0.0617274 0.0559007 0.0497703 0.0436312 0.0376859 0.0320573 0.0268034 0.0219365 0.0174532 0.0133694 0.0097445 0.00667263
 0.00758162 0.0124212 0.0188902 0.0269881 0.0364736 0.0467025 0.0565996 0.0649254 0.0707191 0.0735927 0.0736983 0.0714919 0.0675197 0.0623128 0.0563479 0.0500243 0.0436517 0.0374529 0.0315745 0.0261008 0.0210716 0.0165071 0.0124362 0.00891252 0.00600378
 0.00765359 0.0125283 0.0190329 0.0271602 0.0366635 0.0468973 0.0567888 0.0651047 0.0708937 0.0737779 0.0739157 0.0717596 0.0678408 0.0626684 0.0566968 0.0503108 0.0438178 0.0374507 0.0313773 0.0257106 0.0205217 0.015859 0.0117677 0.00829972 0.00550244
 0.00774289 0.0126665 0.0192272 0.0274109 0.0369627 0.0472267 0.0571203 0.0654038 0.0711283 0.0739298 0.0739883 0.0717771 0.0678385 0.0626778 0.0567325 0.0503632 0.0438548 0.0374279 0.0312531 0.0254615 0.0201525 0.015404 0.0112824 0.00784411 0.00512354
 0.00780544 0.0127665 0.0193743 0.0276122 0.0372197 0.0475328 0.0574571 0.0657413 0.0714299 0.0741615 0.0741274 0.0718186 0.0677962 0.0625797 0.0566116 0.0502449 0.0437471 0.0373185 0.0311155 0.0252686 0.0198915 0.0150851 0.010937 0.00751366 0.004844
 0.00781342 0.0127795 0.0193943 0.0276416 0.0372622 0.0475934 0.0575412 0.0658528 0.0715681 0.0743188 0.0742886 0.0719642 0.0679081 0.0626477 0.0566365 0.0502366 0.0437178 0.0372741 0.0310512 0.0251719 0.0197513 0.0149016 0.010726 0.00730156 0.0046575
 0.0078597 0.0128445 0.019473 0.0277235 0.0373343 0.0476455 0.0575708 0.065866 0.0715768 0.0743358 0.074323 0.0720177 0.0679741 0.0627136 0.0566887 0.0502656 0.0437205 0.0372519 0.0310058 0.0251022 0.0196546 0.0147787 0.0105853 0.00715869 0.00452977
 0.0078672 0.0128569 0.0194915 0.0277483 0.0373628 0.0476716 0.0575848 0.065858 0.0715423 0.0742805 0.0742632 0.0719746 0.0679652 0.0627451 0.0567537 0.0503484 0.0438026 0.0373182 0.0310465 0.0251124 0.0196332 0.0147286 0.010514 0.00707797 0.00445275
 0.00788802 0.0128849 0.0195231 0.0277767 0.0373807 0.0476738 0.0575708 0.065831 0.0715065 0.0742389 0.0742178 0.0719292 0.0679274 0.0627253 0.0567604 0.0503832 0.0438588 0.0373824 0.0311041 0.0251513 0.019647 0.0147167 0.0104814 0.00703369 0.00440674
 0.00789363 0.0128915 0.0195282 0.027776 0.0373685 0.0476447 0.0575212 0.0657612 0.0714219 0.0741496 0.0741366 0.0718678 0.0678934 0.062722 0.0567874 0.0504379 0.0439356 0.0374726 0.0311958 0.0252319 0.0197065 0.0147504 0.010491 0.00702537 0.00438912
 0.00792181 0.0129321 0.0195794 0.0278324 0.0374221 0.0476867 0.0575436 0.0657582 0.0713906 0.074091 0.0740564 0.0717762 0.0678036 0.0626466 0.0567359 0.050415 0.043941 0.0375015 0.0312397 0.0252806 0.0197496 0.0147809 0.010506 0.007027 0.00438226
 0.00788051 0.0128707 0.0194976 0.0277336 0.0373121 0.0475718 0.0574298 0.0656508 0.0712953 0.0740139 0.0740033 0.0717518 0.0678099 0.0626835 0.0568014 0.0505052 0.0440508 0.0376238 0.031366 0.0254011 0.019855 0.0148642 0.0105647 0.00706275 0.00440029
 0.007892 0.0128797 0.0194939 0.0277025 0.0372401 0.0474538 0.057274 0.0654783 0.0711322 0.0738822 0.0739149 0.0717083 0.067807 0.062715 0.0568616 0.0505892 0.0441534 0.0377391 0.0314867 0.0255188 0.0199613 0.0149522 0.0106306 0.0071069 0.00442623
 0.00787156 0.01285 0.0194551 0.0276557 0.0371848 0.0473858 0.0571857 0.0653623 0.0709883 0.073722 0.0737611 0.0715873 0.0677393 0.0627085 0.056912 0.0506845 0.0442791 0.0378818 0.0316345 0.0256613 0.0200897 0.0150595 0.0107131 0.00716461 0.00446259
 0.00783342 0.0127852 0.0193529 0.0275059 0.0369822 0.047135 0.056905 0.0650807 0.0707372 0.0735258 0.0736323 0.0715286 0.0677493 0.0627849 0.0570501 0.0508748 0.0445067 0.0381281 0.0318809 0.0258916 0.0202915 0.0152251 0.0108395 0.00725361 0.00451987
 0.00782918 0.0127752 0.0193318 0.027466 0.0369142 0.0470306 0.0567595 0.0648967 0.0705266 0.0733092 0.073435 0.0713747 0.0676556 0.0627585 0.05709 0.0509741 0.0446546 0.0383102 0.0320804 0.0260909 0.0204749 0.015381 0.0109617 0.00734161 0.00457773
 0.00780289 0.0127322 0.0192667 0.0273737 0.036791 0.0468757 0.0565765 0.0646945 0.0703178 0.0731085 0.0732583 0.0712377 0.0675726 0.0627401 0.0571401 0.0510892 0.0448238 0.0385181 0.0323085 0.0263202 0.0206877 0.0155637 0.0111063 0.00744671 0.00464751
 0.00779065 0.0127096 0.0192277 0.0273112 0.0366982 0.0467493 0.0564191 0.0645147 0.0701292 0.0729262 0.0730962 0.0711075 0.0674838 0.0627004 0.057155 0.0511603 0.044948 0.038686 0.0325055 0.0265281 0.0208883 0.0157412 0.0112503 0.00755358 0.00471971
 0.00773735 0.0126265 0.0191095 0.0271551 0.0365051 0.0465238 0.0561706 0.0642584 0.0698845 0.0727136 0.0729339 0.0710082 0.0674536 0.0627387 0.0572563 0.0513166 0.0451493 0.0389207 0.0327595 0.026785 0.0211307 0.0159535 0.0114221 0.00768116 0.00480616
 0.0093326 0.0148565 0.0217944 0.029904 0.0388301 0.048022 0.0566675 0.0638338 0.0687863 0.0712337 0.0713158 0.0694161 0.0659812 0.0614324 0.0561346 0.0503816 0.0443939 0.0383321 0.0323205 0.0264753 0.0209267 0.0158302 0.0113552 0.00764959 0.00479406
 0.00930277 0.0151052 0.0226923 0.0319118 0.0422971 0.0529146 0.0623983 0.0693579 0.0729744 0.0733191 0.0711487 0.0674019 0.0628024 0.0577571 0.0524513 0.0469747 0.0413951 0.0357841 0.0302217 0.0248022 0.0196426 0.0148884 0.0107005 0.00722201 0.00453393
 0.00895962 0.0145652 0.0219349 0.0309869 0.0413793 0.0523395 0.0626221 0.0707943 0.0757466 0.0770752 0.0751068 0.0706472 0.0646703 0.0580632 0.0514592 0.0451788 0.0392877 0.0337218 0.0284035 0.0233079 0.0184815 0.0140329 0.010105 0.00683313 0.00429757
 0.00879527 0.0142862 0.0214939 0.0303358 0.0404875 0.0512276 0.061404 0.0697059 0.0751256 0.0772681 0.0763126 0.0727717 0.0672932 0.0605755 0.0533104 0.0460876 0.0392976 0.0330999 0.0274781 0.0223455 0.0176413 0.0133786 0.00963917 0.006527 0.00411179
 0.00871634 0.0141519 0.0212799 0.0300132 0.0400266 0.0506059 0.0606194 0.0687935 0.0741765 0.0764406 0.0758204 0.0728299 0.068024 0.0619174 0.0549966 0.0477323 0.0405528 0.0337882 0.0276271 0.0221217 0.0172457 0.0129691 0.00930186 0.00628789 0.00396121
 0.00869534 0.0141144 0.0212165 0.0299115 0.0398712 0.0503803 0.0603085 0.0683875 0.0736777 0.0758735 0.0752457 0.0723519 0.0677787 0.0620293 0.0555149 0.0485826 0.0415443 0.0346868 0.0282542 0.0224179 0.0172663 0.012828 0.00910968 0.00611589 0.00383761
 0.00866821 0.0140714 0.0211537 0.0298255 0.039759 0.0502391 0.0601357 0.0681807 0.0734345 0.0755931 0.0749336 0.0720288 0.0674897 0.0618446 0.0555128 0.048814 0.0419957 0.0352691 0.0288326 0.0228703 0.0175322 0.01292 0.00908682 0.00604444 0.00376436
 0.00865894 0.0140539 0.0211232 0.029776 0.0396853 0.0501389 0.0600111 0.068038 0.0732811 0.0754342 0.0747705 0.0718613 0.0673227 0.0616958 0.0554162 0.0488133 0.0421241 0.0355258 0.0291727 0.0232185 0.017816 0.0131 0.00916609 0.00605441 0.00374208
 0.00864845 0.0140417 0.0211134 0.0297745 0.039697 0.0501636 0.0600414 0.0680602 0.0732803 0.0753995 0.0746983 0.071755 0.0671904 0.0615498 0.0552748 0.0487018 0.0420711 0.0355526 0.0292795 0.0233793 0.0179876 0.0132416 0.00925596 0.00609419 0.00374817
 0.00862557 0.0140067 0.0210651 0.0297144 0.0396293 0.0500962 0.0599845 0.0680239 0.0732698 0.0754121 0.074723 0.0717763 0.0671951 0.0615316 0.0552369 0.0486562 0.0420362 0.0355477 0.0293172 0.0234583 0.0180913 0.0133453 0.00933844 0.00614615 0.00377268
 0.00863191 0.0140132 0.0210678 0.0297075 0.0396071 0.0500557 0.0599282 0.0679598 0.0732097 0.0753676 0.0747008 0.0717761 0.0672092 0.0615488 0.0552468 0.0486545 0.0420268 0.0355411 0.0293256 0.0234889 0.0181424 0.0134063 0.00939565 0.00618947 0.00379907
 0.00864749 0.0140377 0.0211027 0.0297528 0.0396604 0.050111 0.0599762 0.0679896 0.0732129 0.0753419 0.0746521 0.0717158 0.0671494 0.061497 0.0552046 0.048619 0.041995 0.0355131 0.0293056 0.0234821 0.0181511 0.0134277 0.00942278 0.00621466 0.0038175
 0.00862775 0.0140102 0.0210701 0.0297204 0.0396349 0.0500982 0.0599787 0.0680058 0.0732373 0.0753668 0.0746699 0.0717224 0.0671449 0.0614857 0.0551921 0.0486096 0.0419901 0.0355125 0.0293088 0.02349 0.0181647 0.0134465 0.00944421 0.0062349 0.00383345
 0.00864462 0.0140341 0.0210995 0.0297522 0.0396657 0.0501263 0.060005 0.0680331 0.0732675 0.0753988 0.0746985 0.0717396 0.0671439 0.0614636 0.0551518 0.0485577 0.0419349 0.035461 0.0292657 0.0234577 0.0181439 0.0134363 0.00944229 0.00623799 0.0038383
 0.0086033 0.0139747 0.0210245 0.0296686 0.0395828 0.0500524 0.0599452 0.0679898 0.0732421 0.0753936 0.0747162 0.0717809 0.0672049 0.061536 0.0552248 0.0486227 0.0419872 0.0355005 0.0292951 0.0234806 0.0181631 0.0134535 0.00945769 0.00625117 0.00384864
 0.0086033 0.0139747 0.0210245 0.0296686 0.0395828 0.0500524 0.0599452 0.0679898 0.0732421 0.0753936 0.0747162 0.0717809 0.0672049 0.061536 0.0552248 0.0486227 0.0419872 0.0355005 0.0292951 0.0234806 0.0181631 0.0134535 0.00945769 0.00625117 0.00384864
 0.00889912 0.0144358 0.0216797 0.0305268 0.0406263 0.0512292 0.0611636 0.0691236 0.0741536 0.0759666 0.0748863 0.0715475 0.0666246 0.0607022 0.0542438 0.0475932 0.040988 0.0345868 0.0285006 0.0228218 0.017643 0.0130644 0.00918373 0.00607105 0.00373892
 0.00880952 0.0143282 0.0215884 0.0305075 0.0407417 0.0515256 0.06165 0.0697642 0.074876 0.0766794 0.0754975 0.0719799 0.0668286 0.0606641 0.0539868 0.0471698 0.0404659 0.034033 0.0279707 0.0223539 0.017258 0.0127683 0.00897135 0.00592955 0.0036519
 0.00829154 0.013492 0.0203478 0.0288057 0.0385853 0.0490269 0.0590528 0.0674186 0.0731514 0.0758496 0.0756575 0.0730349 0.0685457 0.062752 0.0561684 0.04923 0.0422712 0.0355268 0.0291525 0.0232555 0.0179237 0.013243 0.00929599 0.00614051 0.00378071
 0.0079381 0.0128775 0.019351 0.0272941 0.0364526 0.0462517 0.0557554 0.0638828 0.0697877 0.0731109 0.0739358 0.0725708 0.0693733 0.0646973 0.0589032 0.0523609 0.0454313 0.0384383 0.03165 0.0252745 0.0194722 0.0143722 0.0100771 0.00664987 0.00409139
 0.00833292 0.0134776 0.0201693 0.0282961 0.0375417 0.0472604 0.0564532 0.0640177 0.0691672 0.0716939 0.0718853 0.0702301 0.067169 0.0630105 0.0579627 0.052198 0.0459044 0.0393093 0.0326709 0.0262519 0.0202931 0.0149963 0.0105136 0.00693291 0.00426177
 0.00854659 0.01387 0.020839 0.0293516 0.0390608 0.0492307 0.0587211 0.0662829 0.0710403 0.0727987 0.0719678 0.0692359 0.0652673 0.0605546 0.0553925 0.0499155 0.0441705 0.0382009 0.0321082 0.0260707 0.0203211 0.0151025 0.0106226 0.00701492 0.00431339
 0.00866685 0.0140824 0.0211927 0.0299097 0.0398941 0.0504011 0.0602543 0.0681363 0.0730762 0.0747776 0.073578 0.0701638 0.0652925 0.0596316 0.0536798 0.0477337 0.0419021 0.0361756 0.0305228 0.0249704 0.0196377 0.014718 0.0104226 0.00691561 0.00426467
 0.00880726 0.0143139 0.0215476 0.0304209 0.0405909 0.0513005 0.0613533 0.0694076 0.0744681 0.0762127 0.0749444 0.0713078 0.0660287 0.0597848 0.0531495 0.0465496 0.0402375 0.0343005 0.0287182 0.0234458 0.0184889 0.0139363 0.00993629 0.00663547 0.00411345
 0.00893631 0.0145276 0.0218761 0.0308938 0.0412301 0.05211 0.0623097 0.0704596 0.0755469 0.0772485 0.0758774 0.0720849 0.0665912 0.060058 0.0530505 0.0460179 0.0392763 0.0330032 0.0272558 0.0220168 0.017257 0.0129889 0.00928092 0.00622445 0.00387812
 0.00808532 0.0131923 0.0199636 0.02837 0.0381495 0.0486483 0.0587848 0.0673047 0.0732207 0.0761095 0.0760851 0.0735708 0.0690975 0.0632113 0.0564404 0.0492667 0.0420949 0.0352284 0.0288592 0.0230799 0.0179202 0.0133949 0.00953687 0.00639367 0.0039914
 0.00865417 0.0139874 0.0209171 0.0293298 0.0389113 0.0490156 0.0586259 0.0665893 0.07203 0.0746265 0.074563 0.0722786 0.0682513 0.0629172 0.0566704 0.0498774 0.0428782 0.0359776 0.0294262 0.023406 0.0180304 0.0133639 0.0094463 0.00630183 0.0039248
 0.00860431 0.013985 0.0210515 0.0297123 0.0396213 0.0500276 0.0597651 0.0675606 0.0725239 0.0744512 0.0737266 0.0709819 0.0668066 0.0616386 0.0557835 0.0494707 0.0429035 0.0362902 0.0298487 0.0237902 0.0182949 0.0134969 0.00948187 0.00628696 0.00389612
 0.00883448 0.0143349 0.0215367 0.0303418 0.0404071 0.0509916 0.0609264 0.0688967 0.0739255 0.0757039 0.0745559 0.0711532 0.066233 0.0604299 0.0542065 0.0478442 0.0414867 0.0352158 0.0291204 0.0233278 0.0179956 0.0132813 0.00930978 0.00614831 0.00379246
 0.00891168 0.0144828 0.021799 0.0307681 0.0410365 0.0518304 0.0619337 0.0699922 0.075015 0.0767018 0.0753838 0.0717218 0.0664367 0.0601797 0.0534859 0.0467459 0.0401952 0.0339412 0.0280242 0.022483 0.0173942 0.0128714 0.00903354 0.00596233 0.00366976
 0.00856787 0.0139421 0.021024 0.0297488 0.039807 0.0504853 0.0606347 0.0689459 0.0744193 0.076682 0.0759514 0.072776 0.067796 0.0616255 0.0548085 0.0477898 0.0408944 0.0343256 0.0281892 0.0225374 0.0174165 0.012896 0.00906291 0.00598783 0.0036858
 0.00883618 0.0143232 0.0214939 0.0302465 0.040247 0.0507814 0.0607252 0.0688124 0.074095 0.0762493 0.075523 0.0724606 0.0676613 0.0616743 0.05498 0.0479854 0.0410171 0.0343169 0.0280471 0.0223073 0.0171627 0.0126712 0.00889289 0.00587389 0.00361612
 0.0089345 0.0145135 0.0218326 0.0307937 0.0410378 0.0517883 0.0618334 0.0698341 0.0748284 0.0765534 0.0753694 0.0719357 0.066923 0.0608905 0.054275 0.0474134 0.0405667 0.0339406 0.0276973 0.0219622 0.0168305 0.0123763 0.00865719 0.00570513 0.00350754
#pred catch len freq
 0.00358818 0.00583536 0.00882064 0.0125899 0.0171686 0.022503 0.0283961 0.0345105 0.040445 0.0458222 0.0503437 0.0538235 0.0562096 0.0575791 0.058103 0.0580019 0.0575123 0.0568477 0.0561203 0.0552166 0.0536997 0.0508733 0.0460875 0.0391759 0.0307266
 0.00394512 0.00635816 0.009504 0.0134005 0.0180661 0.023467 0.0294376 0.0356545 0.0416917 0.0471139 0.0515647 0.0548375 0.056914 0.0579434 0.0581693 0.0578481 0.0571978 0.0563695 0.0554022 0.0541443 0.0521927 0.0489585 0.0439291 0.0370328 0.0288573
 0.00410428 0.00666366 0.0100462 0.0142819 0.019365 0.0251883 0.0314802 0.037827 0.0437776 0.0489452 0.0530556 0.055962 0.0576615 0.0582953 0.0581107 0.0573913 0.0563863 0.055251 0.0539953 0.0524312 0.0501559 0.0466424 0.0414793 0.0346764 0.0268262
 0.00432634 0.00700256 0.010522 0.0149172 0.0202022 0.0263039 0.0329728 0.039768 0.0461418 0.0515658 0.0556454 0.0582021 0.0593046 0.059223 0.0583225 0.0569554 0.0553919 0.0537827 0.0521218 0.0502068 0.04764 0.0439345 0.0387441 0.0321293 0.0246733
