SBPRF35
9.18644
Curr Bio
611201
B35
705826
F35
0.19729
FOFL
0.161623
OFL
75647.5
Bzero
2.6247e+006
#pred survey bio
 4.512e+006 4.29426e+006 4.08418e+006 3.81625e+006 3.50225e+006 3.17008e+006 2.83699e+006 2.53058e+006 2.23547e+006 1.96083e+006 1.74977e+006 1.51284e+006 1.33136e+006 1.16373e+006 1.05343e+006 946654 848623 760405 703871 668316 638396 611610 597511 575817 557857 543415 538555 535489 533531 530946 526784 529997 531057 519839 520443 516175 509980 503685 508481 522804 529893 545346 550640 553965 554010 566647 569831 578635 583406 587932 587927 557481 591615 581969 629747 607243 605285 585515 563442 548547 603667 623798 583241 552634 582085 634720 620559 617250 2.0658e+007 1.23578e+007 1.26474e+007 1.34691e+007 1.45916e+007 1.57777e+007 1.68739e+007 1.78075e+007 1.85609e+007 1.91472e+007 1.95923e+007 1.99247e+007 2.01704e+007 2.03511e+007 2.04836e+007 2.05809e+007 2.06525e+007 2.07055e+007 2.07449e+007 2.07743e+007 2.07964e+007 2.08131e+007 2.08258e+007 2.08355e+007 2.08429e+007 2.08487e+007 2.08531e+007 2.08565e+007 2.08592e+007 2.08612e+007 2.08629e+007 2.08641e+007 2.08651e+007 2.08659e+007 2.08665e+007 2.0867e+007 2.08674e+007 2.08677e+007 2.08679e+007 2.08681e+007 2.08682e+007 2.08684e+007 2.08685e+007 2.08685e+007 2.08686e+007 2.08686e+007 2.08687e+007 2.08687e+007 2.08687e+007 2.08687e+007 2.08687e+007 2.08688e+007 2.08688e+007 2.08688e+007 2.08688e+007 2.08688e+007 2.08688e+007 2.08688e+007 2.08688e+007 2.08688e+007 2.08688e+007 2.08688e+007 2.08688e+007 2.08688e+007 2.08688e+007 2.08688e+007 2.08688e+007 2.08688e+007 2.08688e+007 2.08688e+007 2.08688e+007 2.08688e+007 2.08688e+007 2.08688e+007 2.08688e+007 2.08688e+007 2.08688e+007 2.08688e+007 2.08688e+007 2.08688e+007 2.08688e+007 2.08688e+007 2.08688e+007 2.08688e+007 2.08688e+007 2.08688e+007 2.08688e+007 2.08688e+007 2.08688e+007 2.08688e+007 2.08688e+007 2.08688e+007 2.08688e+007 2.08688e+007 2.08688e+007 2.08688e+007 2.08688e+007 2.08688e+007 2.08688e+007 2.08688e+007 0 0 0 0 0 0 0 0 0 0 0 0 0 0 0 0 0 0 0 0 0 0 0 0 0
#obs survey bio
 3.59153e+006 4.69884e+006 2.68375e+006 3.50696e+006 3.73459e+006 2.24089e+006 2.63474e+006 2.12366e+006 2.10287e+006 1.47171e+006 2.22458e+006 867578 1.28682e+006 1.30781e+006 1.16211e+006 1.07537e+006 774828 683783 691689 528172 468809 519782 589435 568981 617701 512907 277125 399217 511601 444033 419977 384093 478732 346347 512394 753749 534792 491478 545816 639945 509823 661366 704205 380903 480211 592248 474942 676748 454289 714427 523212 666490 411286 808042 551051 637071 623979 665576 583384 465330 815496 561702 606103 383915 648642 567375 664104 693348
#pred catch bio
 90120.7 89291.3 154424 215395 256156 284703 288854 305569 311237 273871 311221 271676 265318 218473 216491 206845 194341 163144 142218 134708 129154 116140 120305 114454 109296 100581 99799.3 99370.5 99520.4 99774.1 92529.1 93321.7 101643 88960.8 89845 89344.2 90161.2 82973.3 77096.7 84349.8 78064.2 86971.4 88512.3 91622.1 81976 90811.7 86552.5 90461.1 90909.3 94823.6 119702 66488.4 104869 57118.9 116103 96698 110878 111621 105090 48296.6 79467.7 128354 117737 68694.6 52586.9 108509 96459.7 113013 75647.5 90243 91007.9 95652.3 103164 111363 118903 125209 130165 133895 136613 138546 139896 140824 141456 141881 142166 142356 142481 142564 142618 142654 142677 142693 142703 142709 142713 142716 142718 142719 142720 142720 142721 142721 142721 142721 142721 142721 142721 142721 142721 142721 142721 142721 142721 142721 142721 142721 142721 142721 142721 142721 142721 142721 142721 142721 142721 142721 142721 142721 142721 142721 142721 142721 142721 142721 142721 142721 142721 142721 142721 142721 142721 142721 142721 142721 142721 142721 142721 142721 142721 142721 142721 142721 142721 142721 142721 142721 142721 142721 142721 142721 142721 142721 142721 142721 142721 142721 142721 142721 0 0 0 0 0 0 0 0 0 0 0 0 0 0 0 0 0 0 0 0 0 0 0 0 0
#obs catch bio
 0 88949 154882 216300 256756 286188 290850 308856 315902 278946 318534 278152 272344 222817 221265 210796 197576 165971 144367 136893 131618 117568 122514 116166 110796 101469 101809 101633 101804 101962 94368.8 94983.1 103832 91115.8 91691.5 90492.7 91008.9 83250.8 76850.8 84367.8 77756.8 86933.8 87897.3 91663.2 81974 90854.2 86523.3 90172.7 90895 94199.9 120174 65799.7 106011 56470.6 116888 96222.4 110444 110858 105554 47853.1 79230.7 128069 117769 68678.4 52189 109418 96222.3 113190
#pred cpue bio
 4.44555e+006 4.23174e+006 4.02461e+006 3.75818e+006 3.44576e+006 3.11518e+006 2.78342e+006 2.47816e+006 2.18443e+006 1.91127e+006 1.70148e+006 1.46704e+006 1.28749e+006 1.12207e+006 1.01322e+006 908351 812534 726555 671600 637216 608351 582554 569020 548150 530953 517082 512134 508765 506800 504543 500805 504228 505585 495040 496292 493052 487014 479911 483901 497851 504995 520154 525475 528717 528529 540688 543823 552421 557085 561514 561499 531582 564412 555274 602241 580755 578720 559295 537528 522718 576596 597129 557674 526982 555208 607170 594183 591167 1.9789e+007 1.18438e+007 1.20049e+007 1.26842e+007 1.37565e+007 1.49307e+007 1.60245e+007 1.69576e+007 1.7711e+007 1.82973e+007 1.87424e+007 1.90748e+007 1.93205e+007 1.95011e+007 1.96337e+007 1.9731e+007 1.98026e+007 1.98556e+007 1.98949e+007 1.99243e+007 1.99464e+007 1.99631e+007 1.99758e+007 1.99855e+007 1.9993e+007 1.99987e+007 2.00031e+007 2.00066e+007 2.00092e+007 2.00113e+007 2.00129e+007 2.00142e+007 2.00152e+007 2.0016e+007 2.00166e+007 2.00171e+007 2.00174e+007 2.00177e+007 2.0018e+007 2.00182e+007 2.00183e+007 2.00184e+007 2.00185e+007 2.00186e+007 2.00186e+007 2.00187e+007 2.00187e+007 2.00188e+007 2.00188e+007 2.00188e+007 2.00188e+007 2.00188e+007 2.00188e+007 2.00188e+007 2.00188e+007 2.00188e+007 2.00188e+007 2.00188e+007 2.00189e+007 2.00189e+007 2.00189e+007 2.00189e+007 2.00189e+007 2.00189e+007 2.00189e+007 2.00189e+007 2.00189e+007 2.00189e+007 2.00189e+007 2.00189e+007 2.00189e+007 2.00189e+007 2.00189e+007 2.00189e+007 2.00189e+007 2.00189e+007 2.00189e+007 2.00189e+007 2.00189e+007 2.00189e+007 2.00189e+007 2.00189e+007 2.00189e+007 2.00189e+007 2.00189e+007 2.00189e+007 2.00189e+007 2.00189e+007 2.00189e+007 2.00189e+007 2.00189e+007 2.00189e+007 2.00189e+007 2.00189e+007 2.00189e+007 2.00189e+007 2.00189e+007 2.00189e+007 2.00189e+007 2.00189e+007 0 0 0 0 0 0 0 0 0 0 0 0 0 0 0 0 0 0 0 0 0 0 0 0 0
#obs cpue bio
 4.08798e+006 3.66585e+006 4.59534e+006 3.1175e+006 4.52904e+006 2.94968e+006 2.06989e+006 2.09268e+006 1.62768e+006 1.06043e+006 1.40767e+006 1.44046e+006 1.06401e+006 810466 735594 749568 845760 520986 550563 601860 551071 695009 365397 503896 415161 559893 370908 413267 375431 485534 432072 603884 426617 298839 532269 463833 556008 647343 687918 379145 621795 386174 692886 484116 504675 627836 602425 669986 541813 738952 494836 552862 481073 619102 558993 699654 680215 623797 353196 582212 610896 769012 464233 532522 604921 567398 664876 524995
#pred surv len freq
 0.00481581 0.00783917 0.0118353 0.0167955 0.0226025 0.028949 0.0353125 0.0410858 0.0458071 0.0493135 0.0517144 0.0532523 0.0541778 0.054688 0.0549106 0.0549078 0.054692 0.0542353 0.0534484 0.052124 0.0498947 0.0462987 0.0410026 0.0340906 0.0262067
 0.00504835 0.00811818 0.0120771 0.0168739 0.0223989 0.0284221 0.0345439 0.0402613 0.0451347 0.0489261 0.0516177 0.0533457 0.0543258 0.0547959 0.0549656 0.0549732 0.0548626 0.0545782 0.0539564 0.0527057 0.0504105 0.0466251 0.041088 0.0339707 0.0259742
 0.00525273 0.00846248 0.0126097 0.0176267 0.0233561 0.0294877 0.0355351 0.0409557 0.0453647 0.048666 0.0509987 0.0525808 0.0535984 0.0541891 0.0544707 0.0545511 0.0545001 0.054298 0.0537842 0.0526288 0.0503664 0.0465307 0.0408883 0.0336699 0.0256277
 0.00542804 0.00875197 0.0130553 0.0182739 0.0242476 0.0306474 0.0369423 0.0425179 0.046908 0.0499609 0.0518269 0.0528171 0.0532601 0.0534177 0.053457 0.0534563 0.053422 0.0532831 0.0528532 0.0517869 0.0496003 0.045814 0.0402016 0.0330206 0.02505
 0.00569713 0.00917248 0.0136576 0.0190776 0.0252626 0.0318742 0.0383679 0.0441078 0.0485961 0.0516399 0.0533432 0.0539851 0.0539038 0.0534301 0.0528439 0.0523333 0.0519649 0.0516659 0.0512074 0.0501937 0.048104 0.04444 0.0389725 0.0319641 0.0241947
 0.00602412 0.00969199 0.0144163 0.0201095 0.0265813 0.0334633 0.0401722 0.0460352 0.0505343 0.0534792 0.0549872 0.055342 0.0548708 0.0538928 0.0527026 0.0515461 0.0505784 0.0498098 0.0490577 0.0479273 0.0458705 0.0423562 0.0371282 0.0304253 0.0229977
 0.00635147 0.0102199 0.0152026 0.0212047 0.0280188 0.0352435 0.0422461 0.0482987 0.0528422 0.0556739 0.0569268 0.056916 0.0559981 0.0545085 0.052746 0.0509641 0.0493474 0.0479665 0.0467138 0.0452593 0.0430889 0.0396701 0.0347174 0.0284182 0.021457
 0.00667375 0.010735 0.0159622 0.0222525 0.0293852 0.0369356 0.0442346 0.0505095 0.0551606 0.0579596 0.0590329 0.0587058 0.0573566 0.0553477 0.0530026 0.0505927 0.0483209 0.046289 0.044445 0.042533 0.0401105 0.0366884 0.0319766 0.0261091 0.0196807
 0.00701598 0.0112832 0.016772 0.0233703 0.0308398 0.038726 0.0463162 0.0527908 0.0575154 0.0602495 0.0611273 0.0604898 0.0587315 0.0562297 0.0533225 0.0502973 0.047375 0.0446842 0.0422173 0.0397865 0.0370304 0.0335279 0.0290118 0.0235747 0.0177148
 0.00731005 0.0117656 0.0175058 0.0244165 0.032245 0.040503 0.0484244 0.0551297 0.0599399 0.0625988 0.0632529 0.0622713 0.0600791 0.0570788 0.0536252 0.0500153 0.0464779 0.0431571 0.04008 0.0371195 0.0339955 0.0303651 0.0260009 0.0209686 0.0156743
 0.00749617 0.01207 0.0179687 0.0250797 0.0331484 0.0416755 0.0498725 0.0568262 0.0618198 0.0645636 0.0651809 0.0640323 0.0615505 0.058158 0.0542343 0.050098 0.0459941 0.042084 0.0384241 0.0349392 0.0314238 0.0276127 0.0233255 0.0186145 0.0138076
 0.00785614 0.0126381 0.0187914 0.0261883 0.0345528 0.0433567 0.0517739 0.0588532 0.0638532 0.0664826 0.0668812 0.0654319 0.0625865 0.0587812 0.0544064 0.0497895 0.0451845 0.0407629 0.036602 0.0326678 0.0288185 0.0248608 0.020663 0.0162718 0.0119456
 0.00809297 0.0130268 0.0193828 0.0270307 0.0356812 0.0447762 0.0534433 0.060682 0.0657169 0.0682498 0.0684387 0.0666966 0.0635054 0.0593231 0.0545522 0.0495247 0.0444951 0.0396393 0.0350499 0.0307268 0.026583 0.0224877 0.0183543 0.0142284 0.010312
 0.00842333 0.0135426 0.0201201 0.0280104 0.0369076 0.0462348 0.0550941 0.0624532 0.0675068 0.0699384 0.0699056 0.0678402 0.0642563 0.0596498 0.0544551 0.0490232 0.0436129 0.0383974 0.0334712 0.0288529 0.024494 0.0203137 0.0162632 0.0123885 0.00884461
 0.00853488 0.0137367 0.0204352 0.0284894 0.0375875 0.0471308 0.056187 0.0636878 0.0688054 0.0712192 0.0710951 0.0688734 0.0650734 0.0601957 0.0546858 0.0489119 0.0431524 0.0375969 0.0323545 0.027463 0.0229035 0.0186323 0.0146286 0.0109388 0.00768087
 0.0086322 0.0139039 0.0207042 0.0288968 0.0381683 0.0479074 0.0571559 0.064812 0.0700155 0.0724253 0.0722025 0.0697994 0.0657579 0.0606036 0.0548018 0.0487327 0.0426817 0.0368456 0.0313447 0.0262345 0.0215217 0.0171907 0.013241 0.00971653 0.00670403
 0.00879097 0.0141517 0.0210583 0.0293679 0.0387609 0.0486199 0.0579776 0.0657196 0.0709706 0.0733754 0.0730849 0.0705484 0.0663136 0.0609216 0.0548585 0.0485244 0.0422192 0.0361485 0.03044 0.0251608 0.020336 0.0159711 0.0120798 0.0087022 0.00589822
 0.008977 0.0144469 0.0214883 0.0299496 0.0394973 0.049493 0.0589437 0.0667114 0.0719113 0.0741967 0.0737405 0.0710139 0.0665789 0.0609825 0.0547131 0.0481748 0.0416743 0.0354251 0.0295637 0.0241678 0.0192762 0.0149089 0.0110884 0.00784891 0.00522789
 0.00909049 0.0146166 0.0217169 0.0302321 0.039825 0.0498595 0.0593475 0.0671527 0.0723849 0.0746866 0.074219 0.0714472 0.0669334 0.0612299 0.0548314 0.0481475 0.0414905 0.035082 0.0290702 0.0235477 0.0185696 0.0141708 0.0103812 0.00723034 0.00473694
 0.00914775 0.0147014 0.0218291 0.0303655 0.039969 0.0500024 0.0594799 0.0672717 0.0724975 0.0748095 0.074373 0.0716466 0.0671766 0.0614954 0.0550824 0.0483414 0.0415886 0.0350563 0.0289083 0.0232558 0.0181735 0.0137135 0.00991541 0.00680691 0.00439246
 0.00917775 0.0147519 0.0219077 0.0304791 0.0401208 0.0501875 0.0596832 0.0674695 0.0726647 0.0749295 0.0744452 0.0716863 0.0672078 0.0615387 0.0551448 0.0484119 0.0416409 0.0350586 0.0288335 0.0230912 0.0179257 0.0134083 0.00959108 0.0065036 0.00414103
 0.00929499 0.0149207 0.0221217 0.0307194 0.0403622 0.0504084 0.059872 0.0676241 0.0727859 0.0750153 0.0744894 0.0716835 0.0671599 0.0614579 0.0550496 0.0483183 0.0415543 0.0349704 0.0287263 0.0229478 0.0177391 0.0131865 0.00935564 0.0062815 0.00395508
 0.00924631 0.0148584 0.0220584 0.0306751 0.0403562 0.0504485 0.0599479 0.0677111 0.0728588 0.0750617 0.0745147 0.0717038 0.0671899 0.0615034 0.0551078 0.0483822 0.0416163 0.0350217 0.0287556 0.0229432 0.0176928 0.0131002 0.00924181 0.00615965 0.00384446
 0.00926678 0.0148897 0.0221024 0.030734 0.0404342 0.0505524 0.0600854 0.0678846 0.0730584 0.075262 0.0746806 0.0718037 0.0672092 0.061449 0.055002 0.0482514 0.0414811 0.0348936 0.0286368 0.0228299 0.0175795 0.012984 0.0091256 0.00605112 0.00375246
 0.00935355 0.0150118 0.0222511 0.0308895 0.0405717 0.0506519 0.0601396 0.0679016 0.0730567 0.0752619 0.0746949 0.0718319 0.0672379 0.0614593 0.0549793 0.0481926 0.0413942 0.0347917 0.0285316 0.0227276 0.0174818 0.0128907 0.00903786 0.00597234 0.00368698
 0.00965073 0.0154401 0.0227932 0.0314926 0.0411597 0.0511478 0.0604848 0.0680658 0.0730389 0.0750877 0.0744097 0.0714897 0.066887 0.0611309 0.0546847 0.0479285 0.0411529 0.0345684 0.0283267 0.0225443 0.0173227 0.0127567 0.00892825 0.00588599 0.00362245
 0.00976267 0.0156322 0.0230984 0.0319399 0.0417588 0.0518686 0.061246 0.0687462 0.0735147 0.0752775 0.0743018 0.0711387 0.0663847 0.0605719 0.0541414 0.0474421 0.0407372 0.03422 0.0280359 0.0223024 0.0171239 0.0125973 0.00880474 0.00579451 0.00355835
 0.00963322 0.0154627 0.0229199 0.0318094 0.0417466 0.0520357 0.0616204 0.0693079 0.0741936 0.0759653 0.0748785 0.0715058 0.0664955 0.060442 0.0538352 0.0470433 0.0403202 0.0338341 0.0277043 0.02203 0.0169068 0.012429 0.00867875 0.00570433 0.00349736
 0.00950089 0.0152546 0.0226223 0.0314213 0.0412879 0.0515558 0.0612004 0.0690474 0.0741795 0.0762354 0.0753984 0.0721751 0.0671808 0.0610212 0.0542327 0.0472436 0.0403565 0.0337638 0.0275839 0.0219002 0.0167897 0.012333 0.00860487 0.00565048 0.00346036
 0.00943985 0.0151525 0.0224636 0.0311902 0.0409727 0.0511565 0.0607376 0.068568 0.0737547 0.075948 0.0753204 0.0723419 0.0675733 0.0615654 0.0548229 0.0477773 0.0407659 0.0340282 0.0277219 0.0219498 0.0167895 0.0123115 0.00857861 0.00562717 0.00344258
 0.00940376 0.0150962 0.0223829 0.0310814 0.0408319 0.0509786 0.060518 0.0683061 0.0734603 0.0756468 0.0750556 0.0721681 0.0675398 0.0616973 0.0551059 0.0481581 0.0411705 0.0343879 0.0279946 0.0221264 0.0168856 0.012353 0.00858983 0.00562499 0.0034365
 0.00932241 0.0149649 0.0221876 0.0308114 0.0404837 0.0505612 0.0600564 0.0678398 0.0730344 0.0753011 0.0748178 0.0720548 0.0675618 0.061861 0.0554085 0.0485795 0.0416682 0.0349035 0.0284691 0.0225171 0.0171752 0.0125476 0.00870913 0.0056922 0.00347143
 0.00919636 0.0147782 0.0219399 0.0305133 0.0401523 0.0502134 0.0597055 0.0674967 0.0727127 0.0750199 0.0746008 0.0719252 0.0675372 0.0619504 0.0556118 0.0488872 0.0420592 0.0353439 0.0289152 0.0229249 0.0175119 0.0127989 0.00887898 0.00579651 0.00352979
 0.00897014 0.014457 0.021543 0.0300882 0.039762 0.0499145 0.0595294 0.0674433 0.0727556 0.0751185 0.0747141 0.0720243 0.0676124 0.062012 0.0556832 0.0489935 0.0422171 0.0355549 0.0291644 0.0231852 0.0177533 0.0129982 0.00902584 0.0058932 0.0035868
 0.00871312 0.0140389 0.0209173 0.0292219 0.0386547 0.0486218 0.0581764 0.0662097 0.0718271 0.0746259 0.0746936 0.0724186 0.068307 0.0628799 0.0566183 0.0499246 0.0431044 0.0363782 0.0299105 0.0238407 0.018304 0.0134342 0.00934684 0.00611079 0.00372156
 0.00923778 0.014744 0.0217043 0.0299061 0.0390139 0.0484781 0.0574676 0.0650143 0.0703378 0.0730917 0.0733556 0.0714564 0.0678048 0.0628221 0.0569146 0.0504519 0.0437462 0.0370465 0.0305488 0.0244154 0.018795 0.0138302 0.00964516 0.0063184 0.00385375
 0.00977626 0.0155927 0.0229225 0.0315057 0.0409284 0.0505308 0.0593645 0.066394 0.0708831 0.0726563 0.0720311 0.0695366 0.0656725 0.0608221 0.0552711 0.0492491 0.0429587 0.0365896 0.0303242 0.0243382 0.0188022 0.013878 0.00970488 0.0063727 0.00389471
 0.00972262 0.0155914 0.0230788 0.0319685 0.0418486 0.0519927 0.0613203 0.0686371 0.0730773 0.0744151 0.0730216 0.0695778 0.0647913 0.0592413 0.0533286 0.0472854 0.0412256 0.0352132 0.0293204 0.023656 0.0183659 0.0136147 0.00955553 0.00629382 0.00385631
 0.00950021 0.0152463 0.0225968 0.0313647 0.0411849 0.0513923 0.0609633 0.0687194 0.0737332 0.0756341 0.074613 0.0712136 0.066117 0.0599998 0.0534411 0.0468551 0.040471 0.0343722 0.0285724 0.0230901 0.0179922 0.0133974 0.00944476 0.00624558 0.00383966
 0.00932568 0.014959 0.0221589 0.0307424 0.0403606 0.0503843 0.0598475 0.0676389 0.0728836 0.0752193 0.0747793 0.0719858 0.0673659 0.0614687 0.0548299 0.0479255 0.0411201 0.0346395 0.0285869 0.0229955 0.0178922 0.0133388 0.00943061 0.00625885 0.00386202
 0.00934073 0.0149685 0.0221443 0.0306742 0.0402017 0.0500988 0.059412 0.0670556 0.0721927 0.0745071 0.0741734 0.0716297 0.0673715 0.0618657 0.0555388 0.048778 0.0419229 0.0352489 0.0289524 0.0231535 0.0179233 0.01332 0.00940912 0.00625107 0.00386597
 0.00917634 0.0147287 0.0218336 0.0303122 0.0398151 0.0497081 0.0590229 0.0666606 0.0717815 0.0740814 0.0737606 0.0712876 0.067181 0.0619071 0.0558574 0.0493536 0.0426647 0.036024 0.0296359 0.023672 0.018267 0.0135243 0.00952352 0.00631584 0.00390495
 0.00925707 0.0148284 0.0219264 0.0303577 0.0397724 0.0495563 0.0587749 0.0663575 0.0714708 0.0737928 0.0734968 0.0710374 0.066943 0.0617075 0.0557469 0.0493838 0.042857 0.0363513 0.0300301 0.0240531 0.0185758 0.0137389 0.00965421 0.0063877 0.00394231
 0.00935821 0.0149871 0.0221524 0.0306507 0.0401155 0.049911 0.0590814 0.0665481 0.0714934 0.0736338 0.0731861 0.070632 0.0665029 0.0612803 0.0553688 0.0490875 0.0426716 0.0362912 0.0300835 0.0241817 0.0187296 0.0138761 0.00975377 0.0064487 0.00397471
 0.00934493 0.0149865 0.02219 0.0307621 0.0403358 0.0502578 0.0595388 0.0670618 0.0719807 0.0740048 0.0733697 0.0705961 0.0662619 0.0608868 0.0548948 0.0486054 0.0422412 0.0359536 0.029857 0.024061 0.0186895 0.0138828 0.00977733 0.00647075 0.00398882
 0.00923824 0.0148147 0.0219368 0.0304196 0.0399131 0.0497909 0.0590943 0.0667254 0.0718294 0.0740748 0.0736383 0.0709895 0.0666849 0.0612573 0.0551678 0.0487771 0.0423383 0.0360151 0.0299174 0.0241392 0.0187871 0.013988 0.00987409 0.00654726 0.00404124
 0.00923328 0.014806 0.0219218 0.0303936 0.0398689 0.0497185 0.058985 0.0665791 0.0716625 0.0739221 0.0735438 0.0709874 0.0667802 0.0614209 0.055349 0.0489274 0.0424313 0.0360524 0.0299206 0.0241349 0.0187935 0.0140103 0.00990695 0.00658134 0.00406924
 0.00919863 0.0147488 0.0218343 0.0302689 0.039703 0.0495135 0.0587511 0.0663339 0.0714274 0.0737193 0.0733947 0.0709128 0.0667978 0.0615374 0.0555521 0.0491847 0.0426999 0.0362949 0.030117 0.0242841 0.018906 0.014098 0.00997691 0.00663595 0.00410894
 0.00916643 0.0147036 0.0217794 0.0302106 0.0396478 0.049464 0.0587031 0.0662781 0.0713548 0.0736263 0.0732871 0.0708048 0.0667092 0.0614887 0.0555588 0.0492509 0.0428155 0.036438 0.0302623 0.0244125 0.0190091 0.0141763 0.0100351 0.0066785 0.0041389
 0.0091673 0.0146991 0.0217619 0.0301709 0.0395785 0.0493648 0.0585841 0.0661568 0.0712492 0.0735466 0.0732328 0.0707685 0.0666841 0.0614749 0.0555633 0.0492835 0.042882 0.0365356 0.0303795 0.024533 0.0191183 0.0142658 0.0101026 0.00672623 0.00417068
 0.00926322 0.0148401 0.021946 0.030385 0.0398007 0.0495687 0.0587435 0.0662509 0.0712664 0.0734883 0.0731121 0.0706054 0.0664988 0.0612835 0.0553786 0.0491174 0.0427455 0.036437 0.0303207 0.0245088 0.0191183 0.0142784 0.0101191 0.0067413 0.00418228
 0.00958473 0.0153483 0.0226813 0.0313687 0.041023 0.0509743 0.0602214 0.0676411 0.072392 0.0742014 0.073332 0.0703326 0.0658029 0.0602776 0.0541908 0.0478682 0.0415341 0.0353353 0.0293736 0.0237364 0.0185203 0.0138397 0.00981497 0.00654322 0.004062
 0.00907697 0.0145957 0.0216867 0.0301891 0.0397622 0.0497649 0.0592049 0.0669483 0.0721169 0.0743748 0.0739077 0.0711992 0.0668176 0.0613049 0.0551308 0.0486664 0.0421769 0.0358363 0.0297583 0.0240313 0.0187466 0.0140113 0.00994125 0.00663145 0.00411946
 0.00911793 0.0146328 0.0216898 0.0301165 0.0395775 0.0494604 0.0588192 0.0665616 0.0718249 0.0742528 0.0739849 0.0714529 0.067186 0.0617093 0.0554977 0.0489442 0.042344 0.0358995 0.029744 0.0239732 0.0186745 0.0139456 0.00989144 0.00659873 0.00410051
 0.00877834 0.0140925 0.0208993 0.0290399 0.0382025 0.0478139 0.0569849 0.0646893 0.0701174 0.0729306 0.0732372 0.071391 0.0678131 0.0629193 0.0571041 0.0507295 0.0441096 0.0374998 0.0310976 0.025055 0.0194982 0.0145452 0.010308 0.0068732 0.0042704
 0.00909279 0.0145694 0.0215501 0.0298446 0.0391053 0.0487218 0.0577717 0.0652113 0.0702479 0.0726047 0.0724853 0.0703417 0.0666595 0.0618611 0.0562895 0.0502207 0.0438822 0.0374736 0.0311777 0.0251648 0.0195934 0.0146108 0.0103465 0.00689333 0.00428025
 0.00907131 0.0145607 0.021585 0.0299659 0.0393539 0.0491157 0.0582866 0.0657758 0.0707569 0.0729455 0.0725692 0.0701304 0.0661817 0.0612101 0.055599 0.0496233 0.0434682 0.0372681 0.0311469 0.0252427 0.0197135 0.0147264 0.0104356 0.00695249 0.00431533
 0.00925572 0.0148358 0.0219541 0.0304195 0.0398766 0.0496949 0.0589152 0.0664423 0.0714298 0.0735611 0.0730348 0.0703465 0.0660755 0.0607668 0.0548748 0.0487334 0.0425527 0.0364505 0.030502 0.0247879 0.0194222 0.0145528 0.0103361 0.00689589 0.00428297
 0.0094023 0.0150767 0.0223197 0.0309351 0.0405518 0.0505108 0.0598158 0.067342 0.072236 0.0742006 0.0734651 0.0705475 0.0660337 0.0604701 0.0543245 0.0479631 0.0416377 0.0354954 0.0296128 0.0240422 0.018854 0.0141552 0.0100777 0.00673824 0.00419209
 0.00930797 0.014958 0.022206 0.030877 0.0406103 0.0507374 0.0602331 0.0679333 0.0729468 0.0749499 0.0741635 0.0711152 0.0664139 0.0606317 0.0542588 0.0476808 0.0411708 0.0349003 0.0289657 0.023423 0.0183254 0.0137494 0.00979537 0.00655891 0.00408742
 0.00871712 0.0140189 0.0208386 0.0290374 0.0383185 0.0481106 0.0575077 0.0654456 0.0710584 0.0739454 0.0741687 0.0720757 0.0681302 0.0628258 0.0566409 0.0500008 0.0432481 0.036634 0.0303282 0.0244424 0.0190603 0.0142655 0.0101496 0.00679463 0.00423689
 0.00888996 0.014222 0.0209986 0.0290335 0.0380091 0.047381 0.0563184 0.0638611 0.0692475 0.0721541 0.072672 0.0711133 0.0678453 0.063228 0.0576117 0.0513363 0.0447202 0.0380454 0.0315459 0.0254058 0.0197692 0.0147568 0.0104739 0.00699983 0.00436112
 0.0094597 0.0151299 0.0223228 0.0308119 0.0402056 0.049846 0.058768 0.06591 0.0705092 0.072371 0.0718088 0.0693672 0.0655732 0.0608321 0.0554303 0.0495741 0.0434335 0.0371754 0.0309773 0.0250227 0.019489 0.0145371 0.0103007 0.00687086 0.00427365
 0.00953421 0.0153052 0.022687 0.0314812 0.0412955 0.0514223 0.0607955 0.0682237 0.0728247 0.0743353 0.0730819 0.0697146 0.0649399 0.0593647 0.0534297 0.0473982 0.0413919 0.0354606 0.0296525 0.0240559 0.0188044 0.0140576 0.00996806 0.00664598 0.00412929
 0.00898285 0.0144556 0.0215025 0.0299772 0.0395571 0.049619 0.0591806 0.0670974 0.0724518 0.0748431 0.0743931 0.0715567 0.0669323 0.0611438 0.0547587 0.0482173 0.0417937 0.0356137 0.0297158 0.0241258 0.018908 0.0141787 0.0100798 0.006731 0.00418442
 0.00861529 0.0138328 0.0205215 0.0285358 0.0375884 0.0471431 0.0563527 0.0642183 0.0699208 0.0730653 0.0736732 0.0720138 0.0684618 0.0634429 0.0574155 0.0508319 0.044084 0.0374592 0.031132 0.0251965 0.019722 0.014797 0.0105367 0.00704975 0.00438965
 0.00878454 0.0141011 0.0209067 0.0290337 0.038155 0.0476771 0.0566955 0.0641896 0.0693899 0.0720288 0.0722914 0.0705757 0.0672877 0.06277 0.0573184 0.0512146 0.0447408 0.0381703 0.0317431 0.0256473 0.020025 0.0149949 0.0106688 0.00714003 0.00445
 0.00841165 0.0135855 0.0202987 0.0284375 0.0376996 0.0474672 0.0567662 0.0644858 0.0697788 0.0723396 0.0723744 0.0703641 0.0668362 0.0622426 0.0569217 0.0511073 0.0449685 0.0386603 0.0323554 0.0262448 0.0205211 0.0153621 0.0109196 0.00730187 0.0045495
#obs surv len freq
 nan nan nan nan nan nan nan nan nan nan nan nan nan nan nan nan nan nan nan nan nan nan nan nan nan
 0.00448703 0.00734917 0.0111795 0.0159952 0.0216944 0.0279676 0.0342793 0.0400086 0.0446871 0.0481509 0.0505096 0.0520066 0.0529002 0.0534139 0.0537292 0.0539849 0.0542641 0.0545572 0.0546962 0.0542882 0.0527263 0.0493583 0.0438079 0.0362876 0.0276709
 0.00460995 0.00755336 0.0114944 0.01645 0.0223099 0.0287454 0.0351908 0.0409927 0.0456594 0.0490215 0.0512006 0.0524637 0.0530969 0.0533507 0.0534293 0.0534857 0.0536091 0.0537888 0.0538532 0.0534074 0.0518461 0.0485217 0.0430593 0.035665 0.0271951
 0.00477655 0.00782338 0.0118996 0.0170198 0.0230673 0.029698 0.0363212 0.0422519 0.0469693 0.0502848 0.0523145 0.0533337 0.0536495 0.0535427 0.0532516 0.0529609 0.0527834 0.0527227 0.0526133 0.052064 0.0504741 0.0472012 0.0418699 0.0346719 0.0264347
 0.00496805 0.00813809 0.0123793 0.0177052 0.0239891 0.0308646 0.0377054 0.043788 0.0485629 0.0518305 0.0537107 0.0544886 0.0544828 0.0539884 0.0532649 0.052526 0.0519173 0.0514742 0.0510586 0.0503011 0.0486192 0.0453819 0.0402122 0.033279 0.0253642
 0.00519086 0.00849961 0.0129224 0.0184699 0.0250062 0.0321444 0.0392252 0.0454862 0.0503452 0.0535853 0.0553259 0.0558623 0.0555281 0.0546342 0.0534557 0.0522244 0.05111 0.0501807 0.0493379 0.0482559 0.0463926 0.0431459 0.0381426 0.0315224 0.024006
 0.0054137 0.008869 0.0134913 0.0192916 0.026123 0.0335706 0.04093 0.0473896 0.0523315 0.0555274 0.0571053 0.0573789 0.0566994 0.0553922 0.0537443 0.0519993 0.0503428 0.0488681 0.0475163 0.0460155 0.0438845 0.0405706 0.0357194 0.0294415 0.0223842
 0.0056436 0.00924426 0.0140594 0.0200993 0.0272089 0.0349528 0.042592 0.0492718 0.054336 0.057533 0.0589859 0.0590178 0.0579983 0.0562738 0.0541498 0.0518833 0.0496718 0.0476265 0.0457226 0.043743 0.0412769 0.0378382 0.0331059 0.0271686 0.0205962
 0.00588593 0.00964166 0.0146638 0.0209608 0.0283662 0.0364177 0.0443341 0.051215 0.0563702 0.0595367 0.0608444 0.0606312 0.0592814 0.0571546 0.0545681 0.0517899 0.0490287 0.0464119 0.0439441 0.0414606 0.0386233 0.0350214 0.0303794 0.0247732 0.0186958
 0.00613175 0.0100424 0.0152692 0.0218181 0.029512 0.0378637 0.0460528 0.0531332 0.058379 0.0615115 0.0626654 0.0621965 0.0605109 0.0579874 0.0549565 0.0516938 0.048413 0.0452512 0.0422375 0.0392551 0.0360372 0.0322512 0.027674 0.0223764 0.0167804
 0.00636998 0.0104353 0.0158707 0.0226814 0.0306782 0.0393446 0.0478141 0.0550894 0.0604078 0.0634785 0.0644477 0.0636946 0.0616509 0.058718 0.0552431 0.0515117 0.0477415 0.0440745 0.0405565 0.0371098 0.0335323 0.0295666 0.0250442 0.0200367 0.0149021
 0.00661554 0.010839 0.0164864 0.0235622 0.0318654 0.0408511 0.0496066 0.0570823 0.0624739 0.0654736 0.0662353 0.065163 0.0627208 0.0593419 0.0553997 0.0511952 0.0469528 0.0428174 0.0388449 0.0349871 0.0310954 0.0269788 0.0225196 0.0177928 0.0130991
 0.0068488 0.0112196 0.0170619 0.0243779 0.0329562 0.0422278 0.0512417 0.0589038 0.0643736 0.067326 0.0679165 0.0665644 0.0637568 0.0599538 0.0555556 0.0508861 0.046185 0.0416066 0.0372183 0.032996 0.028834 0.0245953 0.0202047 0.0157396 0.0114499
 0.00708167 0.0116015 0.0176425 0.0252045 0.0340629 0.04362 0.0528804 0.0607019 0.0662105 0.0690722 0.0694562 0.0678064 0.0646358 0.0604276 0.0556019 0.0504993 0.0453731 0.0403897 0.0356304 0.0310941 0.0267112 0.0223883 0.0180827 0.0138703 0.0099549
 0.00727364 0.0119195 0.018132 0.0259113 0.0350237 0.0448471 0.0543463 0.0623336 0.0678989 0.0706934 0.070893 0.0689631 0.0654447 0.0608496 0.0556217 0.0501193 0.0446073 0.0392614 0.0341756 0.0293696 0.024805 0.0204241 0.0162085 0.0122293 0.00864853
 0.00743644 0.0121858 0.0185359 0.0264862 0.0357967 0.0458292 0.0555218 0.0636547 0.0692897 0.0720619 0.0721435 0.0700078 0.0662118 0.0612883 0.0557048 0.0498408 0.0439779 0.0383048 0.0329286 0.0278875 0.023169 0.0187439 0.0146119 0.0108372 0.00754418
 0.00752786 0.0123382 0.0187727 0.026832 0.0362738 0.0464506 0.0562838 0.064534 0.0702459 0.0730435 0.0730944 0.0708695 0.0669254 0.0617986 0.055965 0.0498181 0.0436568 0.0376891 0.032042 0.0267764 0.0219051 0.0174235 0.0133452 0.00972709 0.00666141
 0.00760738 0.0124597 0.0189415 0.02705 0.0365412 0.0467693 0.0566585 0.0649697 0.0707441 0.0735973 0.073686 0.0714695 0.0674946 0.06229 0.0563284 0.0500053 0.0436287 0.0374219 0.0315345 0.026054 0.0210226 0.0164612 0.0123976 0.00888325 0.00598371
 0.00767296 0.0125615 0.0190856 0.0272379 0.0367693 0.0470283 0.0569344 0.0652471 0.0710122 0.0738555 0.0739439 0.0717398 0.0677826 0.0625853 0.0566023 0.0502152 0.0437266 0.0373653 0.031297 0.0256349 0.0204518 0.0157973 0.0117168 0.00826093 0.00547547
 0.007719 0.0126303 0.0191781 0.027351 0.0368973 0.0471647 0.0570731 0.065383 0.0711415 0.0739771 0.0740608 0.0718601 0.0679168 0.0627411 0.0567769 0.0503903 0.0438686 0.0374323 0.0312504 0.0254529 0.0201391 0.0153878 0.0112658 0.0078295 0.00511229
 0.00778323 0.0127269 0.0193085 0.027511 0.037077 0.0473505 0.0572493 0.0655341 0.0712552 0.0740482 0.074093 0.0718646 0.0679094 0.0627373 0.0567881 0.0504186 0.0439036 0.0374507 0.0312217 0.02535 0.0199507 0.0151255 0.0109625 0.00752843 0.00485182
 0.00780868 0.0127679 0.0193693 0.0275943 0.037183 0.0474746 0.0573812 0.0656589 0.0713574 0.0741167 0.0741246 0.0718648 0.0678897 0.0627114 0.0567682 0.0504122 0.0439103 0.0374605 0.031216 0.0253074 0.0198558 0.0149776 0.0107778 0.00733456 0.00467704
 0.00786468 0.0128523 0.0194838 0.0277362 0.0373458 0.0476497 0.0575584 0.0658262 0.0715013 0.0742235 0.0741831 0.0718696 0.0678434 0.0626247 0.0566575 0.0502949 0.0437999 0.0373625 0.0311265 0.0252156 0.01975 0.0148518 0.0106368 0.00719209 0.00454975
 0.00787269 0.0128652 0.0195029 0.0277625 0.0373793 0.047689 0.0576009 0.0658688 0.0715417 0.0742614 0.0742192 0.0719039 0.0678734 0.0626463 0.056667 0.0502916 0.0437865 0.0373427 0.0311018 0.0251833 0.0197049 0.0147906 0.0105613 0.00711038 0.00447281
 0.0078985 0.0129024 0.0195503 0.0278159 0.037433 0.0477381 0.0576422 0.0659013 0.0715657 0.0742776 0.0742283 0.0719071 0.067872 0.0626413 0.0566582 0.0502782 0.0437675 0.037318 0.0310719 0.025148 0.0196632 0.0147416 0.0105062 0.00705337 0.00442007
 0.00791089 0.0129203 0.0195728 0.0278405 0.0374558 0.0477543 0.0576477 0.0658939 0.0715461 0.07425 0.0741999 0.0718854 0.0678625 0.0626455 0.056674 0.0503008 0.0437914 0.0373383 0.0310848 0.0251514 0.0196561 0.0147241 0.0104804 0.00702303 0.00438989
 0.00790117 0.0129051 0.0195512 0.0278118 0.03742 0.0477122 0.0576008 0.0658446 0.0714979 0.0742071 0.074167 0.0718673 0.0678632 0.062667 0.0567152 0.0503574 0.0438566 0.0374042 0.0311441 0.0251987 0.0196883 0.0147408 0.0104836 0.00701655 0.00437843
 0.00788529 0.0128738 0.0194941 0.0277172 0.0372785 0.0475229 0.0573762 0.0656099 0.0712847 0.0740438 0.0740722 0.0718468 0.0679122 0.062774 0.0568652 0.0505346 0.0440454 0.0375902 0.0313151 0.0253453 0.0198049 0.0148259 0.0105395 0.00704867 0.00439367
 0.00788752 0.0128753 0.0194922 0.0277067 0.0372521 0.0474714 0.0572908 0.065486 0.0711258 0.0738647 0.0738971 0.0717035 0.0678234 0.0627513 0.0569077 0.050631 0.0441789 0.0377426 0.0314693 0.0254874 0.0199249 0.0149188 0.0106049 0.00708996 0.00441665
 0.00788042 0.0128608 0.019465 0.0276604 0.0371805 0.0473717 0.0571652 0.0653415 0.0709726 0.0737131 0.0737573 0.0715866 0.0677423 0.0627184 0.0569316 0.0507123 0.0443091 0.0379057 0.0316461 0.0256591 0.020077 0.0150419 0.010696 0.00715134 0.00445397
 0.00785425 0.0128196 0.0194053 0.0275796 0.0370773 0.0472464 0.0570205 0.0651838 0.0708119 0.0735618 0.0736285 0.071491 0.0676877 0.0627095 0.0569706 0.0507987 0.0444388 0.0380693 0.0318292 0.0258444 0.0202477 0.0151857 0.0108066 0.00722873 0.00450308
 0.00782836 0.0127753 0.0193348 0.0274749 0.036933 0.0470629 0.0568074 0.0649592 0.0705981 0.07338 0.0734934 0.0714106 0.067664 0.0627408 0.0570522 0.0509248 0.0446018 0.0382597 0.0320349 0.0260509 0.0204399 0.0153506 0.0109364 0.007322 0.00456395
 0.00780111 0.0127287 0.0192603 0.0273636 0.0367769 0.0468592 0.0565618 0.0646876 0.0703248 0.0731331 0.0732992 0.0712886 0.0676236 0.0627811 0.0571642 0.0510945 0.0448134 0.0384973 0.032283 0.0262941 0.0206634 0.0155423 0.0110884 0.0074326 0.00463732
 0.00776849 0.0126747 0.0191775 0.0272441 0.0366148 0.0466524 0.0563151 0.0644138 0.0700441 0.0728696 0.0730779 0.0711315 0.0675469 0.0627925 0.0572616 0.0512666 0.0450424 0.0387624 0.0325627 0.0265685 0.0209152 0.0157579 0.0112598 0.00755816 0.0047214
 0.00774476 0.012636 0.0191187 0.0271604 0.0365019 0.0465082 0.0561408 0.0642153 0.0698315 0.0726568 0.0728806 0.0709668 0.0674314 0.0627402 0.0572811 0.0513591 0.0452006 0.0389714 0.0328025 0.026817 0.0211517 0.0159657 0.0114281 0.0076833 0.00480637
 0.0093321 0.014859 0.0218042 0.0299264 0.0388691 0.0480771 0.056732 0.0638953 0.0688307 0.0712502 0.0713012 0.0693749 0.0659234 0.0613705 0.0560798 0.0503412 0.04437 0.038322 0.032319 0.0264768 0.0209274 0.0158289 0.0113521 0.00764588 0.00479064
 0.00930246 0.0151045 0.0226915 0.0319113 0.0422984 0.052921 0.0624138 0.0693857 0.0730145 0.0733659 0.0711923 0.067431 0.0628096 0.0577415 0.0524186 0.0469344 0.0413565 0.0357534 0.0302008 0.0247893 0.019635 0.0148832 0.0106962 0.00721826 0.0045308
 0.00897575 0.0145868 0.0219591 0.0310081 0.0413913 0.0523381 0.0626071 0.0707706 0.0757221 0.0770583 0.0751026 0.070656 0.0646869 0.0580798 0.0514687 0.045178 0.0392782 0.033708 0.0283901 0.0232979 0.0184754 0.0140296 0.0101032 0.00683184 0.00429646
 0.00880003 0.0142947 0.021508 0.0303568 0.0405153 0.0512592 0.0614332 0.0697244 0.0751272 0.0772515 0.076283 0.0727385 0.0672656 0.0605587 0.0533038 0.0460867 0.0392975 0.0330975 0.0274733 0.0223398 0.0176362 0.0133751 0.00963709 0.00652583 0.00411107
 0.00871183 0.0141463 0.0212746 0.0300109 0.0400303 0.0506182 0.0606411 0.0688227 0.0742085 0.0764687 0.0758379 0.0728329 0.0680133 0.0618979 0.0549749 0.0477135 0.0405387 0.0337781 0.0276191 0.0221146 0.0172394 0.0129638 0.00929796 0.0062853 0.00395962
 0.00870268 0.0141257 0.0212326 0.0299326 0.0398975 0.0504115 0.0603442 0.0684266 0.0737178 0.0759109 0.0752754 0.0723688 0.0677787 0.0620114 0.0554819 0.0485403 0.0414995 0.034645 0.0282183 0.0223887 0.0172433 0.0128105 0.00909697 0.00610721 0.00383212
 0.00866185 0.0140632 0.0211455 0.02982 0.0397595 0.050248 0.0601534 0.0682058 0.0734642 0.0756246 0.0749642 0.0720561 0.0675108 0.0618563 0.0555129 0.0488023 0.0419745 0.0352423 0.0288047 0.0228448 0.017511 0.0129036 0.0090749 0.00603633 0.00375923
 0.0086488 0.0140383 0.0211014 0.0297485 0.0396538 0.0501068 0.0599833 0.0680201 0.0732776 0.0754471 0.074798 0.0718989 0.0673646 0.061736 0.0554503 0.0488379 0.0421379 0.0355295 0.0291686 0.0232098 0.0178058 0.0130906 0.00915858 0.00604904 0.00373859
 0.00865964 0.0140578 0.0211337 0.0297969 0.0397185 0.0501814 0.0600535 0.0680661 0.0732808 0.0753967 0.0746948 0.0717527 0.0671901 0.0615508 0.0552752 0.0486994 0.0420643 0.0355407 0.0292633 0.0233606 0.0179689 0.0132249 0.0092426 0.00608455 0.00374187
 0.00865274 0.0140466 0.0211171 0.0297747 0.0396922 0.0501548 0.0600325 0.068056 0.0732832 0.0754065 0.0747011 0.0717431 0.0671565 0.0614928 0.0552009 0.0486239 0.042007 0.0355204 0.0292909 0.0234329 0.0180679 0.013325 0.0093222 0.00613428 0.00376481
 0.00863666 0.0140228 0.0210856 0.0297371 0.039651 0.0501128 0.0599927 0.0680218 0.0732582 0.0753944 0.0747031 0.0717568 0.0671747 0.0615064 0.0552031 0.0486137 0.041991 0.0355103 0.029299 0.0234656 0.0181219 0.0133888 0.00938156 0.00617896 0.00379192
 0.00863481 0.0140184 0.0210764 0.0297205 0.039625 0.0500774 0.0599509 0.0679791 0.073221 0.0753678 0.0746897 0.0717565 0.0671852 0.0615234 0.0552211 0.0486279 0.0419994 0.0355153 0.0293065 0.023482 0.0181498 0.0134254 0.00941981 0.00621169 0.00381501
 0.00860438 0.0139755 0.0210239 0.029665 0.0395742 0.0500373 0.0599229 0.0679609 0.0732088 0.0753594 0.0746858 0.0717596 0.0671975 0.0615453 0.0552505 0.0486608 0.0420316 0.0355444 0.0293327 0.0235074 0.018177 0.0134546 0.00944897 0.0062373 0.0038344
 0.00861611 0.0139869 0.0210274 0.0296498 0.039531 0.0499638 0.0598278 0.067862 0.0731262 0.0753068 0.0746664 0.0717678 0.0672243 0.0615828 0.0552937 0.0487066 0.0420775 0.0355882 0.0293728 0.0235435 0.0182095 0.0134841 0.00947515 0.00625915 0.00385093
 0.0086058 0.0139758 0.0210204 0.0296536 0.0395502 0.0499961 0.0598625 0.067883 0.0731198 0.07527 0.0746087 0.071706 0.0671739 0.0615521 0.055283 0.0487116 0.0420926 0.0356087 0.0293954 0.0235662 0.0182311 0.0135041 0.00949294 0.00627408 0.00386244
 0.0086058 0.0139758 0.0210204 0.0296536 0.0395502 0.0499961 0.0598625 0.067883 0.0731198 0.07527 0.0746087 0.071706 0.0671739 0.0615521 0.055283 0.0487116 0.0420926 0.0356087 0.0293954 0.0235662 0.0182311 0.0135041 0.00949294 0.00627408 0.00386244
 0.00892054 0.0144675 0.0217214 0.0305757 0.0406768 0.0512736 0.0611928 0.0691283 0.0741266 0.075906 0.0747971 0.0714421 0.0665196 0.0606146 0.0541863 0.047571 0.0409985 0.0346214 0.0285484 0.0228723 0.0176887 0.0131012 0.00921065 0.00608901 0.00374989
 0.00847167 0.0137981 0.0208285 0.0295024 0.039508 0.0501241 0.0601931 0.0684078 0.0737886 0.0759978 0.0752913 0.072242 0.0674885 0.0616145 0.0551108 0.0483599 0.0416348 0.0351169 0.0289269 0.0231582 0.0179018 0.0132565 0.00931984 0.0061621 0.00379588
 0.00866047 0.0140351 0.0210579 0.0296337 0.0394476 0.0498202 0.0596712 0.0677701 0.0731766 0.0755401 0.0750646 0.0722587 0.0677073 0.0619617 0.0555033 0.0487258 0.0419275 0.0353195 0.0290473 0.0232177 0.0179241 0.0132604 0.00931716 0.00615863 0.00379354
 0.00824202 0.0134064 0.0202058 0.0285748 0.0382168 0.0484565 0.0582163 0.0662852 0.0717645 0.0743525 0.0742777 0.072021 0.0680849 0.06291 0.0568796 0.0503346 0.0435738 0.036849 0.0303643 0.0242826 0.0187394 0.0138535 0.00972666 0.00642558 0.00395655
 0.00870593 0.0140889 0.0210993 0.0296241 0.0393312 0.0495313 0.0591462 0.0669665 0.0720971 0.0742559 0.0737228 0.0710626 0.0668682 0.0616364 0.0557441 0.0494649 0.0430038 0.0365345 0.0302229 0.0242337 0.0187265 0.0138479 0.00971938 0.00641687 0.00394877
 0.00857779 0.0139504 0.0210165 0.0296934 0.0396432 0.0501199 0.0599525 0.0678465 0.0728727 0.0747783 0.0739122 0.0709113 0.0664234 0.0609849 0.0549998 0.0487508 0.0424231 0.036142 0.0300161 0.0241675 0.0187412 0.013893 0.00976445 0.00644993 0.00396897
 0.00869094 0.0141075 0.0212074 0.0299016 0.0398637 0.0503771 0.0603033 0.0683531 0.0735547 0.0755731 0.0746766 0.0714706 0.0666401 0.0608084 0.0544753 0.0479938 0.0415777 0.0353407 0.0293497 0.0236733 0.0184098 0.0136889 0.00964614 0.00638378 0.00393267
 0.0087635 0.0142363 0.0214189 0.0302213 0.0403036 0.0509217 0.0609039 0.0689422 0.0740752 0.076002 0.0750214 0.0717386 0.0668081 0.0608202 0.0542732 0.0475589 0.0409508 0.0346114 0.0286238 0.0230379 0.0179125 0.0133363 0.00941717 0.00624602 0.00385518
 0.00879092 0.0142826 0.0214927 0.0303342 0.04047 0.0511568 0.0612181 0.0693325 0.0745183 0.0764551 0.0754337 0.072068 0.06703 0.0609234 0.0542476 0.0473917 0.0406376 0.0341726 0.0281101 0.022518 0.01745 0.0129706 0.00915778 0.00607967 0.00375805
 0.00821697 0.0133764 0.0201837 0.0285878 0.0383094 0.0486895 0.0586543 0.0669712 0.0726866 0.0754202 0.0753287 0.0728651 0.0685658 0.0629531 0.056506 0.0496399 0.0426921 0.0359175 0.0294981 0.0235598 0.0181952 0.013484 0.00950101 0.0063019 0.00389575
 0.00835367 0.0135285 0.020282 0.0285222 0.0379553 0.0479521 0.0575116 0.0654953 0.0710362 0.0738113 0.0739929 0.0720021 0.0682981 0.0632975 0.0573721 0.0508598 0.0440667 0.0372638 0.0306823 0.0245111 0.0189011 0.0139728 0.00981984 0.00649941 0.00401226
 0.00878377 0.0142361 0.0213538 0.0300208 0.0398772 0.050177 0.0597738 0.0674169 0.0722332 0.0740286 0.0731966 0.0703828 0.0661954 0.0610881 0.0553709 0.0492588 0.0429222 0.0365243 0.0302388 0.0242485 0.0187314 0.0138465 0.00971843 0.00642027 0.00395599
 0.00881777 0.0143372 0.0215922 0.0304933 0.0406871 0.0513952 0.061395 0.0693277 0.0742078 0.0757616 0.0743718 0.0707654 0.0657117 0.059855 0.0536552 0.0473853 0.041174 0.0350779 0.0291511 0.0234865 0.0182195 0.013507 0.0094928 0.00627121 0.00386079
