SBPRF35
12.7214
Curr Bio
804326
B35
837957
F35
0.170128
FOFL
0.162126
OFL
106518
Bzero
3.63469e+006
#pred survey bio
 3.19214e+006 2.84165e+006 2.59835e+006 2.34237e+006 2.08093e+006 1.83903e+006 1.65631e+006 1.45334e+006 1.2958e+006 1.15276e+006 1.02704e+006 909811 813042 743206 701022 657630 632211 612507 608503 586286 571824 566760 562451 565306 560555 556881 560221 565722 575022 578595 578330 586059 599636 614429 627635 649956 664630 673005 676209 681329 680936 681441 687356 698670 697573 700099 705755 744378 787485 815752 836400 846815 845675 860340 852500 831152 820472 820588 808637 2.81561e+007 1.6546e+007 1.65718e+007 1.73293e+007 1.86096e+007 2.01201e+007 2.16368e+007 2.30232e+007 2.42158e+007 2.51999e+007 2.59889e+007 2.66088e+007 2.70892e+007 2.74581e+007 2.77399e+007 2.79545e+007 2.81179e+007 2.82425e+007 2.83377e+007 2.84107e+007 2.8467e+007 2.85105e+007 2.85443e+007 2.85708e+007 2.85915e+007 2.86079e+007 2.86208e+007 2.8631e+007 2.86392e+007 2.86457e+007 2.86509e+007 2.86551e+007 2.86585e+007 2.86612e+007 2.86634e+007 2.86652e+007 2.86667e+007 2.86679e+007 2.86689e+007 2.86697e+007 2.86703e+007 2.86708e+007 2.86712e+007 2.86716e+007 2.86719e+007 2.86721e+007 2.86723e+007 2.86725e+007 2.86726e+007 2.86727e+007 2.86728e+007 2.86728e+007 2.86729e+007 2.86729e+007 2.8673e+007 2.8673e+007 2.8673e+007 2.86731e+007 2.86731e+007 2.86731e+007 2.86731e+007 2.86731e+007 2.86731e+007 2.86731e+007 2.86731e+007 2.86731e+007 2.86731e+007 2.86731e+007 2.86731e+007 2.86732e+007 2.86732e+007 2.86732e+007 2.86732e+007 2.86732e+007 2.86732e+007 2.86732e+007 2.86732e+007 2.86732e+007 2.86732e+007 2.86732e+007 2.86732e+007 2.86732e+007 2.86732e+007 2.86732e+007 2.86732e+007 2.86732e+007 2.86732e+007 2.86732e+007 2.86732e+007 2.86732e+007 2.86732e+007 2.86732e+007 2.86732e+007 2.86732e+007 2.86732e+007 2.86732e+007 2.86732e+007 2.86732e+007 2.86732e+007 2.86732e+007 0 0 0 0 0 0 0 0 0 0 0 0 0 0 0 0 0 0 0 0 0 0 0 0 0
#obs survey bio
 3.5898e+006 2.55344e+006 2.24243e+006 1.95357e+006 2.78242e+006 1.47358e+006 1.82345e+006 1.44012e+006 978494 1.23962e+006 870351 708814 850865 931405 408141 645980 674950 473259 518348 889658 615661 637114 516086 674054 638452 527812 574574 473980 572880 589288 660967 501760 594497 544340 576276 369168 677782 715226 591572 725062 874235 609839 678114 797354 703582 601373 505521 724735 806064 872385 918891 752628 779017 1.44618e+006 675704 778479 805595 944551 604960
#pred catch bio
 356775 274618 300976 319835 314013 270718 296569 261664 253253 240262 232520 212109 185415 159030 157519 139344 132098 116826 128920 117565 106250 103742 96942.5 102869 101012 94870.4 93576.1 90992.6 96118.3 99211.4 93130.4 90436.3 92518.1 97018.4 92441 101455 107547 111254 108262 111086 108394 102758 98063.9 108767 106060 104768 79409.1 79027.6 93362.5 99923 108130 117050 102713 121189 130603 119295 108538 116135 104116 106518 108876 107693 111198 118832 128250 137726 146293 153535 159376 163930 167390 169969 171861 173234 174220 174923 175421 175773 176019 176192 176313 176397 176456 176497 176525 176544 176558 176567 176574 176578 176581 176583 176585 176586 176587 176587 176587 176588 176588 176588 176588 176588 176588 176588 176588 176588 176588 176588 176588 176588 176588 176588 176588 176588 176588 176588 176588 176588 176588 176588 176588 176588 176588 176588 176588 176588 176588 176588 176588 176588 176588 176588 176588 176588 176588 176588 176588 176588 176588 176588 176588 176588 176588 176588 176588 176588 176588 176588 176588 176588 176588 176588 176588 176588 176588 176588 176588 176588 176588 0 0 0 0 0 0 0 0 0 0 0 0 0 0 0 0 0 0 0 0 0 0 0 0 0
#obs catch bio
 250790 273967 301876 320995 314999 271060 297066 260944 254195 241400 234695 214441 186485 159260 159254 140584 133132 118039 130827 117520 105583 103005 96356.5 102820 100767 94444.3 93502.2 91041.6 96023.3 98909.6 92670.6 90529.4 92823.8 97776.2 93200.1 102667 108624 112108 108809 111486 107900 102804 97733.3 108330 105506 104975 79400.5 79089.2 93807.4 100125 108239 117599 102597 120761 130872 119008 108342 116178 104024
#pred cpue bio
 3.14498e+006 2.79686e+006 2.55524e+006 2.30053e+006 2.0404e+006 1.79997e+006 1.61828e+006 1.41687e+006 1.26031e+006 1.11827e+006 993703 877989 782819 714368 673052 630645 605967 586974 583437 562472 549059 544505 540385 543139 538570 535076 538308 543640 552802 556430 556176 563474 576323 590343 602889 624514 638901 647359 650875 656306 656385 657153 663038 674173 673038 675228 680433 718167 760733 788894 809462 819836 818772 833308 825853 805038 794660 795081 784185 2.73517e+007 1.60821e+007 1.596e+007 1.65443e+007 1.77594e+007 1.92537e+007 2.07669e+007 2.21526e+007 2.33451e+007 2.43292e+007 2.51182e+007 2.57381e+007 2.62185e+007 2.65874e+007 2.68692e+007 2.70838e+007 2.72472e+007 2.73718e+007 2.7467e+007 2.754e+007 2.75963e+007 2.76398e+007 2.76736e+007 2.77001e+007 2.77208e+007 2.77372e+007 2.77501e+007 2.77603e+007 2.77685e+007 2.7775e+007 2.77802e+007 2.77844e+007 2.77878e+007 2.77905e+007 2.77928e+007 2.77946e+007 2.7796e+007 2.77972e+007 2.77982e+007 2.7799e+007 2.77996e+007 2.78001e+007 2.78006e+007 2.78009e+007 2.78012e+007 2.78014e+007 2.78016e+007 2.78018e+007 2.78019e+007 2.7802e+007 2.78021e+007 2.78022e+007 2.78022e+007 2.78023e+007 2.78023e+007 2.78023e+007 2.78024e+007 2.78024e+007 2.78024e+007 2.78024e+007 2.78024e+007 2.78024e+007 2.78024e+007 2.78024e+007 2.78024e+007 2.78025e+007 2.78025e+007 2.78025e+007 2.78025e+007 2.78025e+007 2.78025e+007 2.78025e+007 2.78025e+007 2.78025e+007 2.78025e+007 2.78025e+007 2.78025e+007 2.78025e+007 2.78025e+007 2.78025e+007 2.78025e+007 2.78025e+007 2.78025e+007 2.78025e+007 2.78025e+007 2.78025e+007 2.78025e+007 2.78025e+007 2.78025e+007 2.78025e+007 2.78025e+007 2.78025e+007 2.78025e+007 2.78025e+007 2.78025e+007 2.78025e+007 2.78025e+007 2.78025e+007 2.78025e+007 2.78025e+007 0 0 0 0 0 0 0 0 0 0 0 0 0 0 0 0 0 0 0 0 0 0 0 0 0
#obs cpue bio
 2.8722e+006 2.59763e+006 2.14602e+006 2.69464e+006 1.62625e+006 1.96978e+006 1.87814e+006 1.67074e+006 1.10675e+006 911218 862997 896924 860119 623676 676792 558944 563086 455176 587497 788874 769614 603968 556162 350097 554088 666218 423479 550057 672838 685777 562095 397541 465152 455834 456476 811399 653850 677760 769806 704146 997632 483192 881957 770288 728444 514672 748143 693474 588283 890752 816093 736644 1.04149e+006 857326 663737 1.18059e+006 702915 735148 1.01262e+006
#pred surv len freq
 0.00629488 0.0099896 0.014602 0.0199691 0.0258854 0.0320609 0.0380686 0.0434077 0.0476788 0.0507246 0.0526244 0.0535845 0.0538345 0.0535788 0.0529855 0.0521927 0.051318 0.0504536 0.049616 0.0486496 0.0471469 0.0445032 0.0401734 0.0340372 0.0266199
 0.00661987 0.0104591 0.0152043 0.0206684 0.0266484 0.0328902 0.039016 0.0445477 0.0490518 0.0522835 0.0542233 0.0550224 0.0549291 0.0542276 0.0531844 0.0520072 0.0508291 0.0497057 0.0485941 0.0472991 0.0454313 0.0424688 0.0379776 0.0319139 0.0247971
 0.006983 0.0110115 0.0159627 0.0216179 0.0277419 0.0340549 0.0401669 0.045611 0.0499944 0.053129 0.0550324 0.0558406 0.0557358 0.0549273 0.0536477 0.0521298 0.0505658 0.0490615 0.0475901 0.0459497 0.043757 0.0405349 0.0359233 0.0299371 0.0230939
 0.00725487 0.0114608 0.0166511 0.0226034 0.029062 0.035701 0.0420615 0.0476057 0.0518995 0.0547668 0.0562891 0.0566906 0.0562255 0.055127 0.0535996 0.0518239 0.049954 0.0480924 0.0462375 0.0442248 0.0417137 0.0382796 0.0336195 0.0277834 0.0212725
 0.00756995 0.0119546 0.0173619 0.0235601 0.0302859 0.0372048 0.043839 0.0496139 0.0540419 0.0568907 0.0582057 0.0582159 0.0572293 0.055564 0.0535029 0.0512654 0.0489974 0.0467685 0.0445529 0.0421932 0.0393908 0.0357842 0.0311296 0.0255025 0.0193749
 0.00793919 0.0125285 0.0181771 0.0246341 0.0316174 0.0387739 0.045606 0.0515185 0.0560079 0.0588314 0.0600235 0.0597983 0.0584512 0.056307 0.0536853 0.0508633 0.0480416 0.04532 0.0426784 0.0399615 0.0368921 0.0331538 0.0285507 0.0231756 0.0174636
 0.00820717 0.0129518 0.0187912 0.0254647 0.0326769 0.0400571 0.0470833 0.0531337 0.0576856 0.0604901 0.0615873 0.0611978 0.0596166 0.0571596 0.0541391 0.0508395 0.0474892 0.0442314 0.0410914 0.0379549 0.034584 0.0307029 0.0261485 0.0210166 0.0156994
 0.00868057 0.0136798 0.0198097 0.0267802 0.0342683 0.0418791 0.0490658 0.0551809 0.0596815 0.0623156 0.0631386 0.0623999 0.0604259 0.0575559 0.0541116 0.050374 0.0465662 0.0428371 0.0392383 0.0357013 0.0320456 0.0280509 0.023589 0.0187506 0.0138736
 0.00903832 0.0142458 0.020632 0.0278917 0.0356799 0.0435698 0.0509728 0.0571983 0.0616758 0.0641514 0.0647015 0.0636073 0.061227 0.0579268 0.0540475 0.0498797 0.0456475 0.0414993 0.0374965 0.0336013 0.0296844 0.0255832 0.0212085 0.0166477 0.0121857
 0.00932567 0.0147075 0.0213167 0.028842 0.0369245 0.0451125 0.0527774 0.0591806 0.06371 0.0660893 0.0663972 0.064939 0.0621112 0.0583232 0.0539535 0.049318 0.0446514 0.040104 0.0357411 0.0315423 0.0274149 0.0232428 0.0189711 0.0146847 0.0106193
 0.00954395 0.0150598 0.021843 0.0295793 0.0379026 0.0463449 0.05425 0.0608435 0.065478 0.0678506 0.0680265 0.0663122 0.0631202 0.05889 0.0540385 0.0489196 0.0437975 0.0388407 0.0341265 0.0296496 0.025343 0.0211236 0.0169599 0.0129305 0.00922628
 0.00973089 0.0153647 0.022304 0.030233 0.0387781 0.0474534 0.0555733 0.0623292 0.0670442 0.0693992 0.0694561 0.0675265 0.0640344 0.0594354 0.0541685 0.0486137 0.0430632 0.0377115 0.0326588 0.0279221 0.0234589 0.0192107 0.0151597 0.0113728 0.00799766
 0.00992026 0.0156579 0.0227189 0.0307793 0.0394592 0.048269 0.0565175 0.063385 0.0681781 0.0705587 0.0705732 0.0685248 0.0648384 0.0599789 0.0543998 0.0484986 0.0425879 0.036885 0.0315166 0.0265282 0.021907 0.0176186 0.0136555 0.0100709 0.00697257
 0.0101633 0.0160171 0.0231932 0.0313454 0.0400804 0.0489091 0.0571518 0.064003 0.0687803 0.0711499 0.071154 0.0690843 0.0653485 0.0603944 0.0546649 0.0485576 0.0423956 0.0364167 0.0307752 0.0255499 0.0207621 0.0164061 0.0124872 0.00904796 0.00616198
 0.0102302 0.0161286 0.0233649 0.0315911 0.0404061 0.0493056 0.0575911 0.0644441 0.0691839 0.0714962 0.0714498 0.0693549 0.0656191 0.0606713 0.0549263 0.0487564 0.042472 0.0363154 0.0304617 0.0250232 0.0200602 0.0156014 0.0116717 0.00831014 0.00556483
 0.0102759 0.0162101 0.0235012 0.0318044 0.040717 0.0497244 0.0581089 0.0650272 0.0697778 0.0720364 0.0718793 0.0696399 0.065758 0.0606903 0.0548624 0.0486369 0.0423008 0.0360734 0.0301205 0.0245645 0.0194918 0.0149628 0.0110255 0.00772321 0.00508761
 0.0103118 0.0162517 0.0235339 0.0318078 0.040675 0.0496387 0.0580079 0.0649614 0.0698007 0.0721813 0.0721435 0.069986 0.0661296 0.0610334 0.0551408 0.0488352 0.0424161 0.0361031 0.0300562 0.0243968 0.019222 0.0146127 0.0106372 0.00734801 0.00476897
 0.0102473 0.0161646 0.0234346 0.0317144 0.0406049 0.0495983 0.0579875 0.0649422 0.0697711 0.0721511 0.0721443 0.0700554 0.0662886 0.0612732 0.0554259 0.0491192 0.0426574 0.036273 0.0301382 0.0243838 0.0191167 0.014431 0.0104088 0.00711068 0.0045575
 0.00986953 0.015607 0.0227017 0.0308502 0.0396842 0.048709 0.0572143 0.0643555 0.069418 0.0720494 0.0722837 0.0704066 0.0668154 0.0619377 0.0561856 0.0499221 0.0434442 0.0369857 0.0307307 0.0248284 0.0194069 0.0145801 0.0104466 0.00707656 0.0044908
 0.00984226 0.0155404 0.0225618 0.0305961 0.0392833 0.0481593 0.0565602 0.0636841 0.0688338 0.0716393 0.0720921 0.0704323 0.0670255 0.0622876 0.0566329 0.0504301 0.0439778 0.0375071 0.0312007 0.0252128 0.0196847 0.0147486 0.010521 0.0070841 0.00446209
 0.0100002 0.0157518 0.0227949 0.0307894 0.0393582 0.0480432 0.056211 0.0631066 0.0680849 0.0708207 0.0713295 0.0698438 0.0666901 0.0622282 0.0568203 0.050803 0.0444646 0.0380402 0.0317218 0.0256756 0.0200569 0.0150158 0.0106875 0.00716928 0.00449252
 0.0101314 0.0159458 0.023049 0.0310834 0.0396534 0.0482844 0.0563316 0.0630411 0.0677886 0.0702919 0.0706227 0.0690638 0.0659657 0.0616764 0.0565151 0.0507606 0.0446492 0.0383832 0.0321441 0.026105 0.0204387 0.0153174 0.0108988 0.00729875 0.00455997
 0.010235 0.0161054 0.0232723 0.0313701 0.0399936 0.0486562 0.0566988 0.0633521 0.0679816 0.070308 0.0704235 0.0686488 0.0653825 0.0610148 0.0558856 0.0502633 0.0443457 0.0382837 0.0322135 0.026282 0.0206576 0.0155252 0.011064 0.00741119 0.0046255
 0.0101088 0.0159301 0.0230641 0.0311634 0.0398319 0.0485776 0.0567225 0.0634734 0.0681741 0.0705294 0.0706229 0.0687757 0.0653997 0.0609121 0.0556889 0.0500299 0.044146 0.0381757 0.0322229 0.0263963 0.0208373 0.0157222 0.0112393 0.00754372 0.00471209
 0.0101274 0.0159477 0.0230683 0.0311382 0.0397662 0.048476 0.0566117 0.063396 0.0681709 0.0706187 0.0707893 0.0689743 0.065572 0.0610069 0.0556785 0.0499197 0.0439725 0.0379934 0.0320838 0.0263314 0.020848 0.0157863 0.0113251 0.0076244 0.00477305
 0.0102523 0.0161253 0.0232877 0.0313717 0.0399744 0.0486195 0.0566626 0.0633466 0.0680377 0.0704398 0.0706138 0.068844 0.0655042 0.0609881 0.0556735 0.0498911 0.0439 0.037883 0.0319623 0.0262313 0.0207914 0.0157766 0.0113493 0.00766326 0.00481051
 0.010235 0.0161085 0.0232826 0.0313932 0.0400341 0.0487162 0.056776 0.0634409 0.0680753 0.0703994 0.0705015 0.0686924 0.0653587 0.0608871 0.055633 0.0499009 0.0439335 0.0379136 0.0319773 0.0262345 0.0207953 0.0157917 0.0113774 0.00769825 0.00484389
 0.0101469 0.0159783 0.0231115 0.0311926 0.0398252 0.0485258 0.056632 0.0633652 0.0680757 0.0704639 0.0706015 0.0687954 0.0654434 0.0609521 0.0556928 0.0499726 0.0440241 0.038017 0.03208 0.0263253 0.0208707 0.0158541 0.0114304 0.00774329 0.00488001
 0.0100477 0.0158222 0.0228869 0.0308938 0.0394559 0.0481031 0.0561895 0.0629516 0.0677458 0.0702643 0.070556 0.0688981 0.0656632 0.0612448 0.0560166 0.0502985 0.0443375 0.0383108 0.0323485 0.0265617 0.0210691 0.0160125 0.011551 0.00783082 0.00494018
 0.0100976 0.0158869 0.0229535 0.0309393 0.0394522 0.0480257 0.056027 0.0627101 0.0674496 0.0699517 0.0702724 0.0686861 0.0655511 0.0612397 0.0561042 0.0504511 0.0445246 0.0385079 0.0325391 0.0267357 0.0212202 0.0161368 0.0116476 0.00790142 0.00498847
 0.0103246 0.0162174 0.0233787 0.031424 0.0399417 0.0484595 0.0563498 0.0628804 0.0674441 0.0697702 0.0699409 0.0682534 0.0650793 0.0607897 0.0557223 0.0501609 0.0443274 0.0383894 0.0324787 0.0267135 0.0212207 0.0161491 0.0116642 0.00791782 0.00500217
 0.010469 0.0164398 0.0236891 0.0318208 0.0404083 0.0489624 0.0568381 0.063291 0.0677147 0.0698566 0.06983 0.0679657 0.0646616 0.060303 0.055229 0.0497133 0.0439597 0.0381144 0.0322912 0.0265971 0.0211556 0.0161173 0.011652 0.0079158 0.00500445
 0.0105187 0.01652 0.0238091 0.0319888 0.0406304 0.0492394 0.0571617 0.0636398 0.0680536 0.0701409 0.0700139 0.0680142 0.0645613 0.0600672 0.0548952 0.0493329 0.0435847 0.0377859 0.0320323 0.0264125 0.0210363 0.0160477 0.0116157 0.00789934 0.00499848
 0.0104899 0.0164848 0.0237775 0.031978 0.0406609 0.0493286 0.0573179 0.0638594 0.0683216 0.0704325 0.0702964 0.06825 0.0647135 0.060109 0.0548179 0.0491511 0.0433327 0.0375078 0.0317695 0.0261937 0.0208736 0.0159389 0.0115501 0.00786374 0.00498119
 0.0104158 0.0163795 0.0236476 0.0318404 0.0405402 0.0492508 0.0573053 0.063926 0.0684706 0.0706548 0.07057 0.0685428 0.0649877 0.0603273 0.0549509 0.0491837 0.0432685 0.0373692 0.0315905 0.0260105 0.0207139 0.0158171 0.0114679 0.00781424 0.00495456
 0.010212 0.0160737 0.023236 0.0313385 0.0399808 0.0486798 0.0567769 0.0634985 0.068198 0.0705754 0.0706963 0.0688576 0.0654476 0.0608719 0.0555142 0.0497056 0.0437053 0.0376996 0.0318164 0.0261509 0.0207955 0.0158646 0.0114981 0.00783587 0.00497072
 0.00997807 0.0157283 0.0227809 0.0307984 0.0393969 0.0480987 0.0562421 0.0630482 0.067866 0.0703902 0.070678 0.0690128 0.0657661 0.0613248 0.056056 0.0502809 0.0442584 0.0381849 0.0322071 0.0264409 0.0209958 0.0159955 0.0115809 0.00788752 0.00500261
 0.00983387 0.0155012 0.022454 0.0303638 0.0388604 0.047485 0.0555982 0.0624387 0.0673595 0.0700413 0.0705158 0.0690411 0.0659706 0.0616809 0.0565315 0.0508356 0.0448448 0.0387536 0.0327151 0.0268599 0.021316 0.0162233 0.0117328 0.00798325 0.00505982
 0.00971672 0.0153233 0.022209 0.0300527 0.0384894 0.0470624 0.0551351 0.061953 0.0668808 0.0696117 0.0701839 0.0688504 0.0659485 0.061832 0.056839 0.0512666 0.0453561 0.039297 0.0332425 0.0273307 0.0217034 0.0165175 0.0119395 0.00811766 0.00514097
 0.00957192 0.0151006 0.0218979 0.0296527 0.0380104 0.0465244 0.0545676 0.061393 0.0663678 0.0691814 0.0698647 0.0686641 0.0659122 0.0619566 0.0571242 0.051696 0.0458966 0.0399023 0.0338602 0.0279105 0.0222058 0.0169192 0.0122354 0.00831838 0.00526602
 0.00963857 0.0151794 0.0219621 0.0296595 0.0379124 0.0462888 0.0541913 0.0609065 0.0658249 0.0686428 0.069384 0.068281 0.0656527 0.0618361 0.0571496 0.0518655 0.0461968 0.0403055 0.0343256 0.0283901 0.0226532 0.0172991 0.0125295 0.00852581 0.00539916
 0.0096881 0.015257 0.0220716 0.0297978 0.0380649 0.0464245 0.0542639 0.0608649 0.065632 0.0682953 0.0689195 0.0677676 0.0651669 0.061442 0.0568886 0.0517555 0.0462363 0.0404773 0.0345988 0.0287232 0.0230004 0.0176191 0.0127934 0.00872155 0.00552988
 0.00969285 0.0152619 0.0220742 0.0297949 0.038054 0.0464055 0.0542381 0.0608306 0.0655793 0.0682049 0.0687696 0.067548 0.0648909 0.0611481 0.0566291 0.0515796 0.0461761 0.0405415 0.0347738 0.0289777 0.0232933 0.0179083 0.0130453 0.00891703 0.00566551
 0.00971558 0.0152876 0.022092 0.0297882 0.038005 0.0463027 0.0540832 0.0606396 0.0653777 0.0680175 0.0686117 0.0674206 0.0647841 0.0610508 0.0565407 0.0515147 0.0461596 0.0405966 0.0349102 0.029186 0.0235466 0.0181712 0.0132845 0.00910975 0.00580375
 0.00988326 0.0155389 0.0224297 0.0301984 0.0384581 0.0467575 0.0544908 0.0609501 0.0655498 0.06803 0.0684691 0.0671499 0.0644233 0.0606378 0.0561072 0.0510885 0.0457683 0.0402686 0.0346693 0.0290438 0.0234971 0.0181926 0.0133463 0.00918307 0.00586858
 0.0099564 0.0156594 0.0226133 0.0304591 0.0388032 0.0471799 0.0549632 0.0614246 0.065966 0.0683294 0.0686101 0.0671162 0.0642258 0.0603087 0.0556905 0.0506302 0.0453107 0.0398477 0.0343143 0.0287744 0.0233199 0.0180991 0.013316 0.0091906 0.00589147
 0.00990536 0.015593 0.0225448 0.0304126 0.038809 0.0472666 0.0551479 0.0617066 0.0663242 0.0687235 0.0689861 0.0674171 0.0644053 0.0603424 0.0555813 0.0504048 0.0450106 0.0395192 0.034 0.0285071 0.0231191 0.0179689 0.0132473 0.00916587 0.00589142
 0.00958026 0.015096 0.0218573 0.029543 0.0377955 0.0461777 0.0540822 0.0607846 0.0656671 0.0684229 0.0690775 0.0678711 0.0651372 0.0612366 0.0565198 0.0512918 0.0457866 0.0401622 0.0345165 0.0289182 0.0234482 0.0182339 0.0134583 0.00932767 0.00600788
 0.00933671 0.0147091 0.0212926 0.0287762 0.0368199 0.0450139 0.0527899 0.0594661 0.0644576 0.0674661 0.0684965 0.0677421 0.0654726 0.0619813 0.057564 0.0524969 0.0470174 0.0413128 0.0355223 0.0297542 0.0241168 0.0187515 0.0138452 0.0096042 0.00619425
 0.00923841 0.0145534 0.0210646 0.0284621 0.0364053 0.0444848 0.0521368 0.0586933 0.0635933 0.0665708 0.0676623 0.0670798 0.0650878 0.0619461 0.0578944 0.0531461 0.0478881 0.0422843 0.0364812 0.030617 0.0248378 0.0193178 0.0142658 0.00989962 0.00638916
 0.00920527 0.0144986 0.0209803 0.0283393 0.0362344 0.0442562 0.0518416 0.0583241 0.0631457 0.0660468 0.0670786 0.0664771 0.0645344 0.0615295 0.0576992 0.0532263 0.0482457 0.0428657 0.037194 0.0313582 0.0255211 0.0198889 0.0147044 0.0102109 0.00659382
 0.00918331 0.0144699 0.0209495 0.0283137 0.0362204 0.0442534 0.0518389 0.0582998 0.063072 0.0658971 0.066835 0.0661372 0.0641177 0.0610818 0.0572899 0.0529351 0.048139 0.0429727 0.0374947 0.0317902 0.0260023 0.0203441 0.0150834 0.0104939 0.00678485
 0.00914646 0.0144223 0.0209007 0.0282806 0.0362228 0.0443069 0.0519476 0.0584519 0.0632406 0.0660439 0.0669176 0.066118 0.0639748 0.0608182 0.0569386 0.0525564 0.047808 0.0427584 0.0374373 0.0318881 0.0262149 0.0206102 0.0153443 0.0107102 0.00694122
 0.00902056 0.0142251 0.020619 0.0279103 0.0357731 0.0438048 0.0514406 0.0580028 0.0629126 0.0658808 0.0669282 0.0662741 0.0642216 0.0610925 0.0571896 0.0527605 0.0479742 0.0429205 0.0376354 0.0321467 0.0265299 0.0209506 0.0156672 0.0109796 0.0071398
 0.00902448 0.014232 0.0206295 0.0279235 0.0357845 0.0438047 0.0514147 0.0579383 0.0628055 0.0657431 0.0667863 0.0661584 0.0641519 0.0610687 0.0571927 0.0527652 0.0479644 0.0428996 0.0376251 0.0321741 0.0266111 0.0210809 0.0158235 0.0111322 0.00726562
 0.00907809 0.0143185 0.0207582 0.0281016 0.0360146 0.0440808 0.0517182 0.0582367 0.0630575 0.0659082 0.066837 0.0660894 0.0639813 0.0608304 0.0569228 0.0524902 0.0476986 0.0426514 0.0374048 0.0319974 0.0264931 0.0210269 0.0158243 0.0111674 0.00731268
 0.00898591 0.0141864 0.020593 0.027922 0.0358477 0.0439551 0.0516569 0.058253 0.0631515 0.0660656 0.0670301 0.0662827 0.0641413 0.0609357 0.0569689 0.0524875 0.0476642 0.0426024 0.0373555 0.0319597 0.0264769 0.0210374 0.0158592 0.011217 0.00736435
 0.00855304 0.0135548 0.0197767 0.0269822 0.0348776 0.0430538 0.0509082 0.0577168 0.062864 0.0660396 0.0672533 0.0667173 0.064729 0.0616077 0.0576594 0.053145 0.0482576 0.0431197 0.0377981 0.0323351 0.0267936 0.0213024 0.0160763 0.011388 0.00749085
 0.00806394 0.0128143 0.0187662 0.0257268 0.0334454 0.04155 0.0494668 0.0564865 0.0619811 0.0655948 0.0672709 0.0671564 0.0655042 0.0626144 0.0587928 0.0543115 0.0493827 0.0441514 0.0387069 0.03311 0.0274353 0.0218177 0.0164747 0.0116814 0.00769388
#obs surv len freq
 0.00497777 0.00815255 0.0123987 0.0177293 0.0240175 0.0308977 0.0377439 0.0438319 0.0486102 0.0518763 0.0537483 0.0545123 0.0544897 0.0539799 0.0532449 0.0524984 0.0518848 0.0514383 0.0510199 0.0502605 0.048578 0.0453423 0.0401765 0.0332491 0.0253413
 0.0051908 0.00850224 0.0129312 0.0184896 0.025041 0.0321959 0.039291 0.0455599 0.050419 0.0536525 0.0553818 0.0559039 0.0555529 0.0546404 0.0534429 0.0521944 0.0510663 0.0501272 0.0492781 0.0481925 0.0463287 0.0430844 0.0380871 0.0314759 0.0239704
 0.00542081 0.00887889 0.0135033 0.0193048 0.026137 0.0335869 0.0409526 0.0474232 0.0523791 0.0555877 0.0571724 0.057444 0.0567537 0.0554294 0.0537607 0.0519941 0.0503174 0.0488255 0.0474606 0.0459516 0.043817 0.0405045 0.0356591 0.0293907 0.0223451
 0.0056556 0.00926368 0.0140883 0.020139 0.0272595 0.0350121 0.0426556 0.0493341 0.0543921 0.0575813 0.0590275 0.0590545 0.0580301 0.0562979 0.0541613 0.0518773 0.0496455 0.0475798 0.045658 0.0436654 0.0411924 0.0377536 0.0330278 0.0271025 0.0205452
 0.00590005 0.00966556 0.0147014 0.0210163 0.0284428 0.0365156 0.0444495 0.0513388 0.0564905 0.0596411 0.0609236 0.060681 0.0593026 0.0571511 0.054544 0.0517477 0.0489688 0.0463338 0.0438487 0.041351 0.0385056 0.0349039 0.0302708 0.0246811 0.0186247
 0.00614175 0.0100606 0.0153 0.0218671 0.0295843 0.0379625 0.0461769 0.0532765 0.0585306 0.0616578 0.0627924 0.0622921 0.0605673 0.0580021 0.0549323 0.0516366 0.0483292 0.045146 0.042115 0.0391195 0.0358947 0.0321101 0.0275439 0.022266 0.016695
 0.00638657 0.0104605 0.0159053 0.0227256 0.0307321 0.039409 0.0478905 0.0551797 0.0605117 0.0635927 0.0645644 0.0638027 0.0617383 0.0587739 0.055261 0.05149 0.0476831 0.0439852 0.0404433 0.0369799 0.0333939 0.0294287 0.0249165 0.0199279 0.0148176
 0.00661636 0.0108394 0.0164854 0.0235583 0.0318572 0.0408383 0.0495908 0.0570677 0.0624672 0.0654826 0.0662668 0.0652196 0.0627988 0.0594312 0.0554861 0.0512648 0.0469951 0.0428274 0.0388234 0.0349391 0.0310287 0.0269027 0.0224435 0.0177248 0.0130447
 0.00684345 0.0112114 0.0170506 0.0243633 0.0329382 0.0422066 0.0512173 0.0588771 0.0643467 0.0673029 0.0679031 0.0665675 0.0637816 0.0600016 0.0556219 0.050961 0.0462555 0.0416606 0.0372479 0.032999 0.0288136 0.0245587 0.0201607 0.0156964 0.0114134
 0.00707364 0.0115881 0.0176218 0.0251745 0.0340228 0.0435705 0.0528245 0.0606449 0.0661585 0.0690306 0.069429 0.0677964 0.0646449 0.0604574 0.0556521 0.0505665 0.0454501 0.040466 0.0356955 0.0311402 0.0267353 0.0223926 0.018073 0.0138537 0.00993751
 0.00726509 0.0119059 0.0181121 0.025884 0.0349884 0.0448037 0.0542957 0.0622783 0.067843 0.0706421 0.0708517 0.0689365 0.0654362 0.0608608 0.0556527 0.0501682 0.0446701 0.0393317 0.0342451 0.02943 0.0248502 0.020452 0.016221 0.012231 0.00864455
 0.00744146 0.0121931 0.0185454 0.0264971 0.0358075 0.045838 0.0555263 0.0636527 0.0692793 0.0720419 0.0721149 0.0699733 0.066176 0.0612569 0.0556832 0.0498326 0.0439844 0.0383242 0.0329565 0.0279176 0.0231952 0.0187621 0.0146208 0.0108386 0.00754115
 0.00755099 0.0123727 0.0188188 0.0268878 0.0363354 0.0465128 0.056341 0.0645802 0.0702757 0.0730531 0.073082 0.0708361 0.0668752 0.0617375 0.0559006 0.0497577 0.0436067 0.0376526 0.0320194 0.0267647 0.0219 0.0174205 0.0133414 0.00972174 0.00665523
 0.00760516 0.0124587 0.0189449 0.0270618 0.0365651 0.0468062 0.0567053 0.0650194 0.0707879 0.0736282 0.0737002 0.0714666 0.0674764 0.0622599 0.0562906 0.0499644 0.0435895 0.0373889 0.0315102 0.026039 0.021015 0.016458 0.012396 0.00888148 0.00598137
 0.00767293 0.0125609 0.0190838 0.0272346 0.0367651 0.0470255 0.056937 0.0652595 0.0710367 0.0738904 0.0739829 0.0717746 0.0678058 0.0625929 0.0565945 0.0501951 0.0436993 0.0373361 0.0312705 0.025614 0.0204373 0.0157882 0.0117114 0.00825761 0.00547306
 0.00774772 0.012676 0.0192445 0.0274405 0.037009 0.0472936 0.057209 0.0655117 0.0712481 0.0740504 0.0740956 0.0718566 0.0678788 0.0626736 0.0566861 0.0502834 0.0437539 0.0373184 0.031145 0.0253616 0.0200649 0.015331 0.0112248 0.00780148 0.00509414
 0.00776392 0.0127018 0.0192824 0.0274922 0.0370756 0.0473745 0.0573015 0.0656108 0.0713474 0.0741437 0.0741794 0.071932 0.0679514 0.062752 0.0567765 0.0503845 0.0438522 0.0373884 0.0311556 0.0252866 0.0198952 0.0150808 0.0109292 0.00750545 0.00483707
 0.00780771 0.0127626 0.0193547 0.027565 0.0371357 0.0474122 0.0573151 0.0656067 0.0713368 0.0741376 0.0741849 0.0719518 0.0679852 0.0627985 0.056835 0.0504532 0.0439256 0.037454 0.031194 0.0252767 0.0198231 0.0149477 0.0107537 0.00731705 0.00466551
 0.00786283 0.0128483 0.0194759 0.0277215 0.0373205 0.04761 0.0575017 0.0657541 0.0714213 0.0741495 0.0741323 0.0718561 0.0678723 0.0626898 0.0567437 0.0503844 0.043878 0.0374206 0.0311628 0.0252329 0.0197537 0.0148479 0.0106299 0.00718536 0.00454457
 0.00788701 0.0128878 0.0195357 0.0278061 0.0374326 0.0477481 0.0576584 0.0659143 0.0715647 0.0742546 0.0741825 0.0718455 0.0678078 0.0625888 0.056628 0.0502734 0.0437835 0.0373458 0.0311028 0.025178 0.0196933 0.0147753 0.0105457 0.00709706 0.004463
 0.00789586 0.0128996 0.0195486 0.0278177 0.037441 0.0477541 0.0576667 0.0659324 0.0715989 0.0743065 0.074246 0.0719086 0.0678564 0.0626129 0.0566253 0.0502497 0.0437493 0.0373106 0.0310714 0.0251492 0.0196623 0.0147372 0.0104995 0.0070462 0.00441396
 0.0079011 0.0129069 0.0195575 0.0278264 0.0374471 0.0477548 0.0576599 0.065918 0.0715802 0.07429 0.0742402 0.0719192 0.0678838 0.0626508 0.0566637 0.0502793 0.0437655 0.0373142 0.0310661 0.0251383 0.0196466 0.0147163 0.0104732 0.00701646 0.00438447
 0.00789855 0.0128968 0.0195315 0.027774 0.0373587 0.0476275 0.0575011 0.0657458 0.0714186 0.074162 0.0741625 0.0719005 0.067924 0.0627421 0.0567921 0.0504269 0.0439141 0.0374495 0.0311796 0.0252266 0.0197102 0.0147573 0.0104949 0.0070233 0.00438186
 0.00789402 0.0128868 0.0195111 0.0277363 0.0372957 0.0475319 0.0573695 0.065581 0.0712322 0.0739741 0.0739986 0.0717855 0.0678759 0.0627673 0.0568845 0.0505705 0.0440875 0.0376304 0.0313491 0.0253719 0.0198248 0.0148402 0.0105493 0.00705478 0.00439706
 0.00790416 0.0129022 0.0195322 0.0277618 0.0373225 0.047554 0.057378 0.0655655 0.0711835 0.0738879 0.0738798 0.0716483 0.0677422 0.0626605 0.0568232 0.0505632 0.0441307 0.0377112 0.0314495 0.0254742 0.0199153 0.0149114 0.0105992 0.00708582 0.00441377
 0.00790354 0.0129001 0.019527 0.0277518 0.0373058 0.0475301 0.0573478 0.0655308 0.0711455 0.0738463 0.073832 0.0715927 0.0676802 0.0625992 0.0567744 0.0505396 0.0441413 0.0377568 0.0315226 0.0255617 0.0200028 0.0149874 0.0106575 0.00712547 0.00443766
 0.00786713 0.012841 0.0194386 0.0276286 0.0371459 0.0473377 0.0571355 0.0653193 0.0709597 0.0737083 0.073756 0.0715813 0.0677256 0.0626879 0.056892 0.0506755 0.0442894 0.0379137 0.0316841 0.0257205 0.0201493 0.0151122 0.0107547 0.00719427 0.00448164
 0.00783011 0.0127794 0.0193435 0.0274912 0.0369602 0.0471039 0.0568638 0.0650309 0.0706836 0.0734758 0.0735935 0.071506 0.0677425 0.0627893 0.0570604 0.0508887 0.0445258 0.0381557 0.0319189 0.0259383 0.0203419 0.015273 0.0108798 0.00728384 0.00454017
 0.00782057 0.0127591 0.019304 0.0274215 0.0368492 0.0469443 0.0566563 0.064786 0.0704206 0.0732199 0.0733717 0.0713432 0.0676575 0.0627914 0.0571475 0.0510477 0.0447362 0.038394 0.0321631 0.0261704 0.0205488 0.015446 0.0110149 0.00738138 0.00460471
 0.00777249 0.0126864 0.0192043 0.0272958 0.0366999 0.0467741 0.0564674 0.0645816 0.0702072 0.0730089 0.07318 0.0711904 0.067563 0.06277 0.0572061 0.0511834 0.0449361 0.0386379 0.0324268 0.0264305 0.0207856 0.015646 0.0111716 0.00749476 0.00468
 0.00776135 0.0126594 0.0191478 0.0271929 0.0365365 0.0465469 0.0561898 0.0642824 0.0699214 0.072766 0.0729969 0.0710725 0.0675096 0.0627802 0.0572799 0.0513199 0.0451301 0.0388772 0.032693 0.0267011 0.0210388 0.0158645 0.0113453 0.00762174 0.0047649
 0.00771179 0.012585 0.0190467 0.027066 0.0363849 0.0463697 0.0559841 0.0640474 0.0696644 0.0725065 0.0727638 0.0708963 0.0674125 0.0627706 0.0573539 0.0514665 0.0453353 0.039126 0.0329679 0.0269823 0.0213054 0.0160983 0.011534 0.00776142 0.00485923
 0.00770386 0.0125661 0.0190076 0.0269955 0.0362735 0.0462153 0.0557951 0.0638407 0.0694589 0.0723161 0.0725961 0.0707562 0.0673078 0.0627127 0.0573545 0.0515317 0.0454629 0.039306 0.0331846 0.0272166 0.0215369 0.0163083 0.0117086 0.00789379 0.00495047
 0.00766954 0.0125176 0.0189478 0.02693 0.0362081 0.0461508 0.0557258 0.0637572 0.0693539 0.0721906 0.0724601 0.0706251 0.0671966 0.0626331 0.0573151 0.0515389 0.0455208 0.0394134 0.0333338 0.0273935 0.0217234 0.0164856 0.0118614 0.00801317 0.00503476
 0.00764171 0.0124705 0.0188741 0.0268234 0.0360665 0.0459803 0.0555423 0.0635831 0.0692104 0.0720888 0.0723985 0.0705943 0.0671871 0.0626409 0.057342 0.0515903 0.0456017 0.0395264 0.0334766 0.0275582 0.0218969 0.0166524 0.0120072 0.00812876 0.00511753
 0.00761845 0.0124327 0.018817 0.0267423 0.0359574 0.0458413 0.055376 0.0633985 0.0690236 0.0719206 0.0722693 0.0705177 0.067166 0.0626685 0.0574069 0.051682 0.0457142 0.0396572 0.033624 0.0277179 0.0220605 0.0168085 0.0121442 0.00823839 0.00519692
 0.00760972 0.0124194 0.0187984 0.0267181 0.0359267 0.0458024 0.055326 0.0633341 0.0689423 0.0718235 0.0721627 0.0704128 0.0670771 0.0626082 0.0573825 0.0516941 0.0457586 0.039728 0.0337157 0.0278249 0.0221759 0.0169233 0.0122489 0.00832499 0.00526152
 0.00760167 0.0124079 0.018784 0.0267022 0.0359113 0.045789 0.0553147 0.0633232 0.0689282 0.0718012 0.0721275 0.0703629 0.067015 0.062542 0.0573234 0.0516533 0.0457437 0.0397417 0.0337558 0.0278862 0.0222512 0.017004 0.0123261 0.00839128 0.00531253
 0.00756902 0.012359 0.0187182 0.0266222 0.0358223 0.0456983 0.0552306 0.0632539 0.0688802 0.0717775 0.0721263 0.0703779 0.0670381 0.0625662 0.0573459 0.051676 0.0457718 0.0397808 0.0338092 0.0279532 0.0223274 0.0170826 0.0123997 0.00845365 0.00536018
 0.00756128 0.0123423 0.018686 0.0265664 0.0357367 0.0455826 0.0550934 0.0631122 0.0687548 0.0716862 0.0720786 0.0703742 0.067071 0.0626241 0.0574168 0.0517508 0.045846 0.0398539 0.0338832 0.0280297 0.0224056 0.017159 0.0124693 0.00851178 0.00540427
 0.00753095 0.0122974 0.0186263 0.0264937 0.0356534 0.0454897 0.0549903 0.0629986 0.0686342 0.0715686 0.0719796 0.0703101 0.0670532 0.0626546 0.0574885 0.0518507 0.04596 0.039971 0.0339967 0.0281364 0.0225038 0.017247 0.0125445 0.00857206 0.00544877
 0.00752584 0.0122854 0.0186016 0.0264496 0.0355844 0.0453953 0.0548769 0.0628782 0.06852 0.0714701 0.0719013 0.0702537 0.0670212 0.0626514 0.0575178 0.0519123 0.0460482 0.0400761 0.0341082 0.0282454 0.0226043 0.0173351 0.0126178 0.00862943 0.00549038
 0.00752958 0.012293 0.0186155 0.0264718 0.035615 0.0454298 0.054906 0.0628898 0.0685042 0.0714236 0.0718293 0.0701672 0.0669328 0.0625724 0.057457 0.0518758 0.0460391 0.0400934 0.0341466 0.0282974 0.0226618 0.0173911 0.0126675 0.00866975 0.00552039
 0.00751702 0.0122725 0.0185846 0.0264291 0.0355607 0.0453674 0.0548421 0.0628327 0.0684603 0.0713943 0.0718111 0.0701546 0.066922 0.0625636 0.0574541 0.0518841 0.0460627 0.0401339 0.0342025 0.0283639 0.0227321 0.0174584 0.012726 0.0087162 0.00555405
 0.00750995 0.0122637 0.0185762 0.0264241 0.0355621 0.045376 0.0548555 0.0628461 0.0684686 0.0713946 0.071803 0.070139 0.0669 0.062536 0.0574226 0.0518526 0.0460368 0.0401192 0.0342025 0.0283789 0.0227589 0.0174915 0.0127596 0.00874576 0.00557694
 0.00748858 0.0122299 0.0185275 0.0263597 0.0354836 0.0452887 0.0547687 0.0627714 0.0684166 0.0713712 0.0718074 0.0701653 0.0669401 0.0625825 0.0574699 0.0518975 0.0460786 0.0401595 0.0342436 0.0284225 0.0228047 0.0175371 0.0128015 0.00878066 0.00560315
 0.00748858 0.0122299 0.0185275 0.0263597 0.0354836 0.0452887 0.0547687 0.0627714 0.0684166 0.0713712 0.0718074 0.0701653 0.0669401 0.0625825 0.0574699 0.0518975 0.0460786 0.0401595 0.0342436 0.0284225 0.0228047 0.0175371 0.0128015 0.00878066 0.00560315
 0.00725774 0.0118614 0.0179872 0.025625 0.0345537 0.044197 0.0535933 0.0616317 0.0674504 0.0707 0.0715062 0.0702492 0.0673693 0.0632793 0.0583398 0.0528477 0.0470315 0.0410578 0.0350506 0.0291176 0.0233795 0.0179914 0.0131421 0.0090205 0.00576019
 0.00718701 0.0117195 0.0177246 0.0251802 0.03387 0.0432487 0.0524095 0.0603041 0.0661182 0.0695201 0.0706208 0.0697602 0.0673228 0.0636604 0.0590798 0.0538419 0.0481619 0.0422149 0.0361468 0.0300926 0.0241988 0.0186425 0.0136296 0.00936222 0.00598257
 0.00716403 0.0116878 0.0176845 0.0251289 0.0337929 0.0431112 0.0521569 0.0598766 0.0654798 0.0686876 0.0696769 0.0688388 0.0665726 0.0632044 0.0589842 0.0541052 0.0487231 0.0429747 0.0369946 0.0309289 0.0249497 0.0192642 0.0141066 0.00970113 0.00620471
 0.0071211 0.011619 0.0175835 0.0249917 0.0336199 0.0429082 0.0519325 0.0596353 0.0652126 0.0683702 0.0692806 0.0683555 0.0660377 0.0626995 0.0586157 0.0539664 0.0488604 0.0433731 0.0375859 0.0316166 0.0256367 0.0198751 0.0145977 0.0100605 0.0064445
 0.00714686 0.0116616 0.0176486 0.0250835 0.0337386 0.0430466 0.0520744 0.0597563 0.0652848 0.0683661 0.0691763 0.0681326 0.06569 0.0622454 0.0581081 0.053489 0.0485058 0.0432107 0.037637 0.0318491 0.0259815 0.0202525 0.0149425 0.0103346 0.00663751
 0.00716265 0.0116953 0.0177138 0.0251972 0.0339162 0.0432941 0.052381 0.0600926 0.0656075 0.0686273 0.0693327 0.0681523 0.0655562 0.0619592 0.0576926 0.052993 0.048001 0.0427777 0.0373419 0.0317218 0.0260073 0.0203832 0.0151177 0.0105038 0.00677171
 0.00708293 0.0115732 0.017545 0.0249855 0.0336754 0.0430497 0.0521693 0.0599545 0.0655766 0.068716 0.0695246 0.0684045 0.065812 0.0621639 0.0578076 0.053006 0.0479298 0.0426662 0.0372459 0.0316887 0.0260585 0.0205076 0.0152814 0.0106678 0.00690736
 0.00709303 0.0115839 0.0175505 0.0249771 0.0336443 0.0429909 0.0520863 0.0598609 0.065494 0.0686688 0.0695319 0.0684725 0.0659283 0.062299 0.057923 0.0530671 0.0479195 0.0425923 0.0371394 0.0315912 0.0260049 0.0205122 0.0153352 0.010747 0.00698695
 0.00716868 0.011707 0.017735 0.0252332 0.0339729 0.0433771 0.0524948 0.0602403 0.0657902 0.0688431 0.0695733 0.0683978 0.0657709 0.0620931 0.0576913 0.052817 0.0476488 0.0423006 0.0368377 0.0313039 0.0257615 0.0203346 0.0152288 0.0107001 0.00697831
 0.00706893 0.0115603 0.0175436 0.0250112 0.0337446 0.0431726 0.0523449 0.0601697 0.0658109 0.068949 0.0697406 0.0685938 0.0659657 0.0622684 0.0578403 0.0529388 0.0477416 0.0423608 0.036864 0.031302 0.0257451 0.0203202 0.0152276 0.0107139 0.0070016
 0.00707799 0.0115617 0.017522 0.0249461 0.0336188 0.0429837 0.0521135 0.0599376 0.0656281 0.0688556 0.0697528 0.0687008 0.0661369 0.062466 0.0580313 0.0531019 0.0478674 0.042448 0.0369155 0.031324 0.0257471 0.0203137 0.0152228 0.0107162 0.00701069
 0.00706064 0.0115359 0.0174867 0.0248996 0.0335563 0.0428955 0.0519864 0.059762 0.0654086 0.0686174 0.0695395 0.0685598 0.0661008 0.0625399 0.0581934 0.0533142 0.048091 0.0426531 0.0370852 0.0314532 0.0258389 0.0203763 0.0152655 0.0107468 0.00703374
#pred catch len freq
 0.00476046 0.00753698 0.0110005 0.0150638 0.0196635 0.0247355 0.0301406 0.0356317 0.0409029 0.0456642 0.0496893 0.0528351 0.0550538 0.0563925 0.0569738 0.0569684 0.0565697 0.0559583 0.0552256 0.0542549 0.052631 0.0497033 0.0448772 0.0380261 0.0297408
 0.00499565 0.00787796 0.0114416 0.0155857 0.0202553 0.0254201 0.0309826 0.0367106 0.0422594 0.0472503 0.0513578 0.0543817 0.0562888 0.0572024 0.0573427 0.0569514 0.0562395 0.0553509 0.0543151 0.0529746 0.0509351 0.0476371 0.042609 0.0358095 0.0278251
 0.00532829 0.0083829 0.0121332 0.0164497 0.0212501 0.0264851 0.0320513 0.037732 0.0432207 0.0481855 0.0523231 0.0554034 0.0573182 0.0581151 0.0579861 0.057208 0.0560603 0.0547428 0.0533017 0.0515709 0.0491621 0.0455652 0.0403908 0.0336637 0.0259698
 0.00561026 0.00883843 0.012813 0.0173975 0.0224923 0.0280141 0.0338082 0.039601 0.0450474 0.0498163 0.0536501 0.0563898 0.0579898 0.0585183 0.0581397 0.0570806 0.0555863 0.0538596 0.0519787 0.04982 0.0470419 0.0431919 0.037943 0.0313598 0.024012
 0.00591881 0.00931926 0.0135005 0.0183172 0.0236648 0.0294581 0.0355316 0.041581 0.0472071 0.0520142 0.0556944 0.0580815 0.0591768 0.0591339 0.0582005 0.0566472 0.0547144 0.052573 0.0502786 0.0477185 0.0445989 0.0405375 0.0352736 0.0289008 0.0219578
 0.00623318 0.00980765 0.0141945 0.0192341 0.0248107 0.0308304 0.0371187 0.043358 0.0491316 0.0540202 0.0576841 0.05992 0.0607016 0.0601849 0.0586601 0.0564679 0.0539157 0.0512136 0.0484271 0.045448 0.0420073 0.0377727 0.0325373 0.0264149 0.0199056
 0.00655272 0.0103045 0.014901 0.0201675 0.025974 0.032213 0.0386938 0.0450794 0.0509354 0.0558319 0.0594259 0.0615118 0.0620559 0.061202 0.0592329 0.0564998 0.0533446 0.0500285 0.0466705 0.0432092 0.0394204 0.0350181 0.0298322 0.0239805 0.0179146
 0.00697646 0.0109555 0.0158112 0.0213443 0.0274045 0.0338695 0.0405334 0.0470386 0.0529274 0.0577528 0.0611678 0.0629774 0.0631688 0.0619072 0.0594884 0.0562659 0.0525831 0.0487146 0.0448138 0.040874 0.0367365 0.0321781 0.0270683 0.0215193 0.0159232
 0.00734935 0.0115392 0.0166478 0.0224593 0.0288037 0.0355358 0.0424198 0.0490645 0.0549839 0.0597178 0.0629219 0.0644171 0.0642136 0.0625035 0.0596072 0.0558956 0.0517192 0.047357 0.0429772 0.0386097 0.0341555 0.0294569 0.024428 0.0191779 0.0140387
 0.00766227 0.0120343 0.0173686 0.0234401 0.0300671 0.037087 0.0442357 0.0510827 0.0571002 0.0617952 0.0648096 0.0659729 0.0653256 0.0631028 0.0596686 0.0554266 0.0507455 0.0459117 0.0411017 0.036368 0.0316541 0.0268566 0.0219286 0.0169769 0.0122778
 0.00793161 0.0124594 0.0179859 0.0242782 0.0311464 0.0384169 0.0458064 0.0528558 0.059003 0.0637218 0.0666293 0.067545 0.0665192 0.0638166 0.0598443 0.0550513 0.0498434 0.044531 0.0393068 0.0342425 0.0293124 0.0244511 0.0196391 0.014976 0.0106867
 0.00814013 0.012793 0.018479 0.0249614 0.0320441 0.0395417 0.0471506 0.0543843 0.0606518 0.0654026 0.0682371 0.0689674 0.0676463 0.0645526 0.0601186 0.0548267 0.0491187 0.0433392 0.0377101 0.0323311 0.0272057 0.0222974 0.0176029 0.0132083 0.00928933
 0.00830693 0.0130518 0.0188466 0.0254494 0.0326614 0.040298 0.0480547 0.0554363 0.0618331 0.0666686 0.0695167 0.07017 0.0686741 0.0653137 0.0605369 0.0548482 0.0487163 0.0425165 0.0365047 0.030816 0.0254896 0.020518 0.0159099 0.0117361 0.00812634
 0.00848368 0.0133133 0.0191931 0.0258662 0.0331268 0.0407942 0.0485765 0.0559916 0.0624369 0.0673327 0.0702395 0.0709278 0.0694183 0.0659742 0.0610329 0.0551018 0.0486658 0.042127 0.0357767 0.0297908 0.0242496 0.0191798 0.0146055 0.0105854 0.00720987
 0.00858567 0.0134752 0.0194285 0.0261831 0.0335236 0.0412559 0.0490731 0.0564837 0.062889 0.0677281 0.0705863 0.0712509 0.0697411 0.0663001 0.0613349 0.0553261 0.0487444 0.0419972 0.0353994 0.0291655 0.023421 0.0182325 0.0136468 0.00971892 0.00650903
 0.00859467 0.0135003 0.0194862 0.0262965 0.0337187 0.0415533 0.0494788 0.0569821 0.0634412 0.0682785 0.0710768 0.0716385 0.0700107 0.0664641 0.0614184 0.0553454 0.0486933 0.0418468 0.0351137 0.0287225 0.0228308 0.017543 0.0129333 0.00906209 0.00597039
