SBPRF35
11.1107
Curr Bio
635624
B35
775115
F35
0.180283
FOFL
0.145287
OFL
74589.3
Bzero
3.17449e+06
#pred survey bio
 3.98233e+06 3.80853e+06 3.6583e+06 3.45846e+06 3.21266e+06 2.96073e+06 2.68693e+06 2.42467e+06 2.17542e+06 1.95133e+06 1.71311e+06 1.50592e+06 1.32868e+06 1.17624e+06 1.03449e+06 933599 841678 781550 716158 662248 639167 610339 585036 568774 555337 557260 552254 558846 555997 561121 565108 568149 563782 546933 542589 536937 520603 515174 521553 527298 532007 533275 535418 536457 538200 543422 555395 570352 573722 582879 589089 557418 572746 528274 566081 594814 610951 597521 578037 525379 521935 531125 505830 547513 596846 571385 576792 613117 642978 2.23666e+07 1.39352e+07 1.46658e+07 1.58103e+07 1.7193e+07 1.86127e+07 1.99272e+07 2.10636e+07 2.20003e+07 2.27471e+07 2.33288e+07 2.37747e+07 2.41128e+07 2.43676e+07 2.4559e+07 2.47027e+07 2.48107e+07 2.48921e+07 2.49537e+07 2.50006e+07 2.50364e+07 2.50638e+07 2.5085e+07 2.51015e+07 2.51143e+07 2.51243e+07 2.51321e+07 2.51383e+07 2.51432e+07 2.51471e+07 2.51501e+07 2.51526e+07 2.51545e+07 2.51561e+07 2.51573e+07 2.51583e+07 2.51592e+07 2.51598e+07 2.51603e+07 2.51607e+07 2.51611e+07 2.51613e+07 2.51616e+07 2.51617e+07 2.51619e+07 2.5162e+07 2.51621e+07 2.51622e+07 2.51622e+07 2.51623e+07 2.51623e+07 2.51623e+07 2.51624e+07 2.51624e+07 2.51624e+07 2.51624e+07 2.51624e+07 2.51624e+07 2.51624e+07 2.51624e+07 2.51624e+07 2.51625e+07 2.51625e+07 2.51625e+07 2.51625e+07 2.51625e+07 2.51625e+07 2.51625e+07 2.51625e+07 2.51625e+07 2.51625e+07 2.51625e+07 2.51625e+07 2.51625e+07 2.51625e+07 2.51625e+07 2.51625e+07 2.51625e+07 2.51625e+07 2.51625e+07 2.51625e+07 2.51625e+07 2.51625e+07 2.51625e+07 2.51625e+07 2.51625e+07 2.51625e+07 2.51625e+07 2.51625e+07 2.51625e+07 2.51625e+07 2.51625e+07 2.51625e+07 2.51625e+07 2.51625e+07 2.51625e+07 2.51625e+07 2.51625e+07 2.51625e+07 2.51625e+07 0 0 0 0 0 0 0 0 0 0 0 0 0 0 0 0 0 0 0 0 0 0 0 0 0
#obs survey bio
 5.56086e+06 3.79114e+06 3.37718e+06 3.46794e+06 2.07052e+06 3.82664e+06 1.72027e+06 1.9133e+06 2.2049e+06 2.03161e+06 1.9028e+06 1.35479e+06 982316 1.1807e+06 964774 723862 470522 627179 538715 1.06081e+06 803642 646234 514994 395742 580317 456039 545017 543181 488152 655656 681433 376435 581362 473162 663611 403437 626526 720360 616355 561877 542362 642548 485263 514012 641382 351396 585480 917392 652869 570656 637731 762342 531194 453043 417976 612129 495081 734874 517986 687654 662522 457114 366525 640690 715421 576196 593180 640482 649743
#pred catch bio
 113707 98951.8 154125 210439 233978 274380 285470 294297 289316 315666 297564 277850 260748 253783 219450 212048 183332 183568 166558 134032 133890 126449 116003 112218 99014.4 104906 95087.3 102677 94996.7 95064.4 94679.9 99017.8 105969 91279.3 89203.2 96710.2 88707.9 81652.8 84383.8 86168.2 89387.9 88966.6 90586.9 90953.8 89210.5 84952.1 83718.7 93629.1 88333.1 90821.5 121367 80813.9 130870 61687.9 72783.3 84170.2 108241 111823 137815 94976.3 85997.4 115609 61923.2 61209.1 125290 99567.9 78458.9 88332.9 115751 74589.3 94527.3 98451.9 105038 113783 122983 131463 138676 144486 148986 152370 154858 156657 157938 158842 159474 159912 160215 160423 160565 160663 160729 160774 160805 160825 160839 160849 160855 160860 160862 160864 160866 160867 160867 160868 160868 160868 160868 160868 160868 160868 160868 160868 160868 160868 160868 160868 160868 160868 160868 160868 160868 160868 160868 160868 160868 160868 160868 160868 160868 160868 160868 160868 160868 160868 160868 160868 160868 160868 160868 160868 160868 160868 160868 160868 160868 160868 160868 160868 160868 160868 160868 160868 160868 160868 160868 160868 160868 160868 160868 160868 160868 160868 160868 160868 160868 160868 160868 160868 160868 0 0 0 0 0 0 0 0 0 0 0 0 0 0 0 0 0 0 0 0 0 0 0 0 0
#obs catch bio
 0 98528.8 154471 210846 234666 275048 286959 297630 292584 320737 300465 280906 263820 258221 222306 216543 188184 189043 171109 135080 134400 126812 116298 113173 99761.2 106360 95889.9 104092 95883.1 95682.1 94938.8 99797.1 106975 91386.1 89089.1 97022.1 88466.2 81179.2 83557.1 85262.8 88295.1 87899.7 89877.9 90327.1 88950.9 84989 83460.2 93094.3 87547.1 89624.7 120590 79209.3 129893 60864.2 72352.9 83477.8 107583 110011 136363 93873.5 84532 114906 61420.1 60583 125086 99261 78174.1 88073.8 115990
#pred cpue bio
 3.92073e+06 3.74983e+06 3.60181e+06 3.40301e+06 3.15806e+06 2.90685e+06 2.63396e+06 2.37244e+06 2.12416e+06 1.90136e+06 1.66535e+06 1.46024e+06 1.28479e+06 1.13389e+06 993897 894088 803463 744593 681629 630337 608927 581577 557246 541413 528212 529992 525186 531684 529181 534490 538761 542078 538298 522635 519210 514314 498021 491517 496945 502562 507384 508702 510683 511465 512889 517767 529339 544049 547656 556778 562905 532063 546746 503360 539756 568086 584386 571396 552059 500295 496444 505365 480571 520387 568500 543991 548293 582678 611911 2.13286e+07 1.33196e+07 1.39293e+07 1.49298e+07 1.62549e+07 1.76589e+07 1.89698e+07 2.01054e+07 2.10419e+07 2.17887e+07 2.23704e+07 2.28163e+07 2.31544e+07 2.34092e+07 2.36006e+07 2.37443e+07 2.38523e+07 2.39337e+07 2.39954e+07 2.40422e+07 2.4078e+07 2.41054e+07 2.41266e+07 2.41431e+07 2.41559e+07 2.41659e+07 2.41738e+07 2.41799e+07 2.41848e+07 2.41887e+07 2.41917e+07 2.41942e+07 2.41961e+07 2.41977e+07 2.4199e+07 2.42e+07 2.42008e+07 2.42014e+07 2.42019e+07 2.42023e+07 2.42027e+07 2.4203e+07 2.42032e+07 2.42033e+07 2.42035e+07 2.42036e+07 2.42037e+07 2.42038e+07 2.42038e+07 2.42039e+07 2.42039e+07 2.42039e+07 2.4204e+07 2.4204e+07 2.4204e+07 2.4204e+07 2.4204e+07 2.4204e+07 2.42041e+07 2.42041e+07 2.42041e+07 2.42041e+07 2.42041e+07 2.42041e+07 2.42041e+07 2.42041e+07 2.42041e+07 2.42041e+07 2.42041e+07 2.42041e+07 2.42041e+07 2.42041e+07 2.42041e+07 2.42041e+07 2.42041e+07 2.42041e+07 2.42041e+07 2.42041e+07 2.42041e+07 2.42041e+07 2.42041e+07 2.42041e+07 2.42041e+07 2.42041e+07 2.42041e+07 2.42041e+07 2.42041e+07 2.42041e+07 2.42041e+07 2.42041e+07 2.42041e+07 2.42041e+07 2.42041e+07 2.42041e+07 2.42041e+07 2.42041e+07 2.42041e+07 2.42041e+07 2.42041e+07 2.42041e+07 0 0 0 0 0 0 0 0 0 0 0 0 0 0 0 0 0 0 0 0 0 0 0 0 0
#obs cpue bio
 3.0528e+06 2.49836e+06 2.62675e+06 4.60692e+06 2.74298e+06 3.22308e+06 2.51422e+06 1.52716e+06 1.75891e+06 1.48678e+06 1.99166e+06 1.30011e+06 1.40976e+06 745425 960756 652240 625661 648521 682356 687552 639788 538801 580367 513078 385475 440681 512723 399239 582275 525835 536428 526022 500826 820133 516393 568412 605758 462420 699624 566269 681774 481793 473576 557978 346466 605330 662631 534282 632264 842379 492470 789976 537599 620060 694654 655437 714637 892481 597562 431064 721877 480876 539424 558633 503427 433370 487210 618674 542954
#pred surv len freq
 0.00472995 0.00771924 0.0116905 0.0166445 0.022466 0.0288378 0.0352195 0.0409869 0.0456701 0.0491085 0.0514182 0.0528459 0.0536407 0.0539984 0.0540555 0.0539049 0.0536152 0.0532334 0.0527392 0.0519494 0.0504396 0.0476007 0.0429044 0.0362745 0.0283069
 0.00492342 0.00794747 0.0118789 0.0166823 0.0222501 0.0283351 0.0345072 0.0402362 0.0450738 0.0487943 0.0514029 0.0530529 0.0539612 0.0543538 0.0544275 0.0543238 0.0541188 0.0538197 0.0533385 0.0524358 0.0506797 0.0475188 0.0425237 0.0357086 0.0277057
 0.0051192 0.00827042 0.0123668 0.0173549 0.0230845 0.0292403 0.0353219 0.0407711 0.0451934 0.0484915 0.0508094 0.0523724 0.0533703 0.0539381 0.0541853 0.0542143 0.0541052 0.0538758 0.0534257 0.0524829 0.0505949 0.047232 0.042031 0.0350833 0.0270654
 0.00532387 0.00860129 0.0128621 0.018051 0.0240095 0.0304006 0.0366805 0.0422275 0.0465803 0.0496037 0.0514654 0.0524844 0.0529819 0.0532014 0.05329 0.0533136 0.0532805 0.0531425 0.0527565 0.051826 0.0498912 0.0464407 0.0411571 0.0341875 0.0262409
 0.00556682 0.00899127 0.01344 0.0188523 0.0250589 0.0317034 0.0382118 0.0439246 0.0483422 0.0512951 0.0529245 0.053541 0.0534942 0.0531037 0.0526231 0.0522129 0.0519228 0.0516833 0.0512904 0.0503855 0.0484725 0.0450404 0.0398018 0.0329396 0.0251779
 0.00583584 0.00942016 0.01407 0.019717 0.0261793 0.0330803 0.0398168 0.0456959 0.0501903 0.0531147 0.0546022 0.0549556 0.0545173 0.0536125 0.0525303 0.0515016 0.0506627 0.0500123 0.0493701 0.0483572 0.0464401 0.0430818 0.0379911 0.0313553 0.0238894
 0.00616115 0.00993869 0.014831 0.0207591 0.0275236 0.0347199 0.0417055 0.047746 0.0522847 0.0551292 0.0564235 0.0564867 0.055671 0.0543029 0.0526736 0.0510314 0.0495572 0.0483173 0.0472014 0.0458793 0.0438356 0.0405278 0.0356456 0.0293471 0.0223008
 0.00642273 0.0103716 0.0154966 0.0217184 0.0288248 0.036378 0.0436824 0.049945 0.0545669 0.0573423 0.0584291 0.0581734 0.0569539 0.0551154 0.0529569 0.0507312 0.0486321 0.0467606 0.0450662 0.0432918 0.0409873 0.0376478 0.0329622 0.0270472 0.0204963
 0.00665587 0.0107519 0.0160721 0.0225377 0.0299306 0.0377959 0.0454063 0.0519262 0.0567133 0.059529 0.0605145 0.0600174 0.0584339 0.0561349 0.053446 0.0506387 0.0479212 0.0454149 0.0431099 0.0408148 0.0381588 0.0347036 0.0301635 0.0246217 0.0185874
 0.00684232 0.01106 0.0165455 0.0232212 0.0308632 0.0389989 0.0468712 0.0536094 0.0585428 0.0614163 0.0623639 0.0617286 0.0599027 0.057258 0.0541277 0.0507987 0.047499 0.0443761 0.0414592 0.0386176 0.0355594 0.0319229 0.0274644 0.0222482 0.0167026
 0.007144 0.0115369 0.0172385 0.02416 0.0320628 0.0404533 0.0485451 0.0554347 0.0604254 0.0632521 0.064055 0.0631927 0.0610734 0.0580791 0.0545463 0.0507611 0.0469526 0.0432796 0.0398016 0.0364428 0.032989 0.0291601 0.024764 0.019857 0.014793
 0.00749249 0.0120861 0.0180322 0.0252264 0.0334086 0.0420563 0.0503462 0.0573379 0.0623122 0.0650056 0.0655798 0.0644222 0.0619663 0.0586101 0.0546966 0.0505095 0.0462717 0.04214 0.038188 0.0343815 0.0305748 0.0265663 0.0222199 0.017593 0.0129762
 0.00783244 0.0126289 0.01883 0.0263191 0.0348143 0.0437578 0.0522773 0.0593823 0.0643217 0.0668314 0.0671009 0.0655602 0.0626844 0.0589034 0.0545782 0.0499965 0.0453747 0.04086 0.0365271 0.0323657 0.0282812 0.0241385 0.0198541 0.0154914 0.0112884
 0.00812052 0.0130958 0.0195298 0.0273 0.0361082 0.0453644 0.0541472 0.0614115 0.0663651 0.0687299 0.0687105 0.0667711 0.0634308 0.0591635 0.0543667 0.0493506 0.0443379 0.0394714 0.0348209 0.0303854 0.0261024 0.0218845 0.0176882 0.0135824 0.00976116
 0.00851835 0.0137147 0.0204096 0.02846 0.0375457 0.0470524 0.056029 0.063396 0.0683319 0.0705445 0.0702428 0.0679118 0.0641027 0.0593287 0.0540275 0.0485432 0.0431201 0.0379092 0.0329811 0.0283389 0.0239366 0.0197147 0.0156536 0.0118197 0.00836706
 0.00873279 0.0140723 0.0209632 0.0292613 0.0386307 0.0484209 0.057628 0.0651201 0.070047 0.0721207 0.0715782 0.0689361 0.0647687 0.0596035 0.0538923 0.0479979 0.0421876 0.0366343 0.0314268 0.0265832 0.0220743 0.0178584 0.0139264 0.0103349 0.00720013
 0.00877962 0.0141805 0.0211859 0.0296688 0.0392955 0.0493914 0.0589025 0.0666354 0.0716864 0.0737381 0.0730267 0.0700939 0.0655543 0.0599794 0.0538561 0.0475702 0.0414019 0.0355351 0.0300712 0.0250447 0.0204442 0.016243 0.0124366 0.00906636 0.00621201
 0.00855914 0.0138622 0.0207838 0.0292291 0.0388928 0.0491188 0.058857 0.0669005 0.0723093 0.0747076 0.0742634 0.0714615 0.0668909 0.0611335 0.054714 0.0480669 0.0415181 0.035287 0.0295021 0.0242207 0.0194514 0.0151827 0.0114135 0.00817108 0.00550309
 0.00843325 0.0136657 0.0205051 0.0288676 0.0384651 0.0486651 0.0584452 0.0666206 0.072255 0.0749496 0.0748247 0.0723056 0.0679259 0.0622301 0.0557324 0.0488837 0.0420472 0.0354887 0.029382 0.0238226 0.0188488 0.014468 0.0106841 0.00751226 0.00497176
 0.00849499 0.0137315 0.0205406 0.028821 0.0382825 0.0483152 0.0579411 0.0660259 0.0716716 0.074493 0.0745973 0.072374 0.068305 0.0628768 0.0565515 0.0497478 0.0428245 0.0360714 0.0297063 0.0238763 0.0186673 0.0141218 0.0102594 0.00709053 0.00461267
 0.00856167 0.0138102 0.020603 0.0288187 0.0381559 0.0480101 0.0574275 0.0653136 0.070818 0.0736014 0.0738027 0.0718156 0.0680917 0.0630571 0.0570994 0.050569 0.0437793 0.037008 0.030495 0.0244349 0.0189724 0.0142031 0.0101823 0.00693163 0.00443794
 0.00871077 0.014041 0.0209264 0.029231 0.0386324 0.0484991 0.0578489 0.0655694 0.0708187 0.0732996 0.0732185 0.0710404 0.0672669 0.0623366 0.0566077 0.0503682 0.0438559 0.0372835 0.0308554 0.0247686 0.0192014 0.014299 0.0101618 0.00683855 0.00432031
 0.00892173 0.0143569 0.0213515 0.0297513 0.0392189 0.0491137 0.0584466 0.0660963 0.0712108 0.0734891 0.0731496 0.0706906 0.0666653 0.0615683 0.055797 0.0496452 0.0433178 0.0369674 0.0307344 0.0247717 0.019247 0.0143253 0.0101423 0.00677867 0.00424227
 0.00903471 0.0145395 0.0216231 0.030126 0.039699 0.0496814 0.0590592 0.0666897 0.0717136 0.0738403 0.0733089 0.0706389 0.066402 0.0611132 0.0551972 0.0489762 0.0426711 0.0364249 0.0303426 0.0245302 0.0191182 0.0142576 0.0100939 0.00672892 0.00418954
 0.0090939 0.0146366 0.0217709 0.0303374 0.0399852 0.0500474 0.0594984 0.0671792 0.0722134 0.0742976 0.0736671 0.0708488 0.0664313 0.0609522 0.0548607 0.0485034 0.0421222 0.0358713 0.0298502 0.0241417 0.0188435 0.0140788 0.00998042 0.00665334 0.00413513
 0.00902705 0.0145319 0.021622 0.0301433 0.039754 0.0497997 0.0592687 0.0670129 0.0721556 0.0743781 0.0738879 0.0711797 0.0668164 0.0613245 0.0551597 0.0486898 0.0421868 0.0358344 0.029752 0.0240267 0.018745 0.014011 0.00994071 0.00663124 0.00412101
 0.00902647 0.0145313 0.0216214 0.0301424 0.039751 0.0497916 0.0592519 0.066986 0.0721235 0.0743544 0.0738922 0.0712302 0.0669199 0.0614692 0.055316 0.04882 0.0422587 0.0358335 0.029686 0.0239205 0.018629 0.0139092 0.00986466 0.00658079 0.00409003
 0.00887218 0.0142993 0.0213076 0.0297567 0.0393154 0.0493366 0.0588134 0.0666022 0.0718309 0.0741817 0.0738564 0.0713354 0.0671579 0.0618199 0.055747 0.0492874 0.0427134 0.0362317 0.0299999 0.0241432 0.0187722 0.0139942 0.00991271 0.0066076 0.00410488
 0.00881845 0.0142114 0.0211747 0.0295702 0.0390723 0.0490443 0.0584931 0.0662873 0.0715586 0.0739829 0.0737486 0.0713227 0.0672358 0.0619796 0.0559763 0.049569 0.0430225 0.036538 0.0302734 0.0243626 0.01893 0.014096 0.00997211 0.00663935 0.00412071
 0.00870918 0.0140388 0.0209247 0.0292337 0.038648 0.0485422 0.0579389 0.0657236 0.0710407 0.0735682 0.073485 0.0712387 0.0673357 0.0622454 0.0563739 0.050056 0.0435544 0.0370718 0.0307706 0.0247928 0.0192747 0.0143514 0.0101467 0.00674969 0.00418518
 0.00865398 0.0139445 0.0207747 0.02901 0.0383363 0.0481387 0.0574566 0.0651945 0.0705108 0.0730892 0.0731053 0.0709977 0.0672593 0.0623423 0.0566335 0.0504495 0.0440398 0.0376006 0.0312951 0.025272 0.0196794 0.0146671 0.0103736 0.00689955 0.00427596
 0.00847497 0.0136848 0.0204412 0.0286274 0.0379378 0.0477517 0.0570938 0.0648547 0.0701895 0.0727898 0.0728449 0.0708048 0.0671659 0.0623746 0.0568043 0.0507544 0.0444563 0.0380914 0.031814 0.0257726 0.0201228 0.0150282 0.0106437 0.00708453 0.00439164
 0.00821724 0.0132994 0.0199248 0.0280026 0.0372502 0.0470628 0.0564715 0.064362 0.0698697 0.0726533 0.0728679 0.0709433 0.0673778 0.0626365 0.0571137 0.0511196 0.0448827 0.0385711 0.0323235 0.0262769 0.0205847 0.0154177 0.010945 0.00729745 0.00452862
 0.00813442 0.0131544 0.019689 0.0276472 0.0367577 0.0464436 0.0557755 0.0636749 0.0692908 0.0722634 0.0727047 0.070995 0.0675963 0.06296 0.0574899 0.0515176 0.0452926 0.0389935 0.0327558 0.0267062 0.0209883 0.0157704 0.0112281 0.00750463 0.00466611
 0.00813928 0.013132 0.0195993 0.0274334 0.0363608 0.045825 0.0549402 0.0626823 0.0682476 0.0713032 0.0719582 0.0705603 0.067516 0.0632142 0.0580082 0.0522061 0.0460617 0.0397747 0.0335044 0.0273935 0.021593 0.0162755 0.0116236 0.00779126 0.00485642
 0.0087225 0.0139554 0.0206055 0.0284861 0.037276 0.0464267 0.0551088 0.062377 0.0675042 0.0702206 0.0706818 0.0692602 0.066357 0.0623228 0.0574491 0.0519768 0.046107 0.0400131 0.0338534 0.0277851 0.0219775 0.0166194 0.0119064 0.00800466 0.00500316
 0.00928934 0.0148667 0.0219495 0.0303146 0.039567 0.0490396 0.057761 0.0646789 0.0690627 0.0707683 0.0701621 0.0678258 0.0642978 0.0599721 0.0551066 0.0498629 0.0443477 0.0386471 0.0328563 0.0270975 0.0215299 0.0163466 0.0117532 0.00792742 0.00496953
 0.00917364 0.0147699 0.0219736 0.0306135 0.040309 0.0503428 0.0596292 0.0669665 0.0714872 0.0729648 0.0717686 0.068576 0.0640945 0.0589086 0.0534263 0.0478775 0.0423501 0.0368529 0.0313828 0.0259755 0.020731 0.0158126 0.0114185 0.00773152 0.0048633
 0.00887479 0.014309 0.021333 0.0298114 0.0394162 0.0494975 0.0590333 0.0668476 0.07202 0.0741835 0.073518 0.0705388 0.0658871 0.0602034 0.0540474 0.0478339 0.0418011 0.0360299 0.0305074 0.0252039 0.0201384 0.0154073 0.0111692 0.00759343 0.00479473
 0.00877854 0.014134 0.0210364 0.029345 0.0387427 0.0486164 0.0580077 0.0658157 0.0711799 0.0737488 0.0736526 0.0712912 0.0671518 0.0617357 0.0555363 0.0490059 0.0425054 0.0362676 0.0303966 0.0249104 0.0198084 0.0151311 0.0109792 0.0074828 0.00474001
 0.00879547 0.0141498 0.0210369 0.0293052 0.0386275 0.0483855 0.0576256 0.065268 0.0704925 0.0730043 0.0729893 0.0708746 0.0671201 0.0621398 0.0563048 0.0499602 0.0434243 0.0369703 0.0308017 0.0250423 0.0197586 0.0150033 0.0108495 0.00738716 0.0046834
 0.00887098 0.0142643 0.0211931 0.0294975 0.0388403 0.0485917 0.0577855 0.0653321 0.0704121 0.0727483 0.0725647 0.0703408 0.0665854 0.0617342 0.0561339 0.0500583 0.0437355 0.0373724 0.0311616 0.0252721 0.0198401 0.0149744 0.0107687 0.00730257 0.00461961
 0.00895108 0.014387 0.0213634 0.0297143 0.039096 0.0488715 0.0580664 0.0655825 0.0705931 0.0728196 0.0724939 0.0701147 0.0662229 0.0612922 0.055699 0.0497212 0.0435554 0.0373514 0.0312468 0.0253859 0.0199194 0.0149937 0.0107387 0.00725042 0.00456933
 0.00900561 0.0144776 0.0215027 0.029914 0.0393628 0.0492012 0.0584393 0.0659631 0.0709366 0.0730809 0.072636 0.0701132 0.0660693 0.060999 0.0553039 0.0492851 0.0431486 0.0370307 0.0310353 0.0252684 0.0198577 0.0149503 0.0106934 0.00720133 0.00452408
 0.00900643 0.0144858 0.0215282 0.0299708 0.0394666 0.0493643 0.0586655 0.0662438 0.0712502 0.0733949 0.0729113 0.0703109 0.0661577 0.0609602 0.0551395 0.0490189 0.042824 0.0367005 0.030746 0.0250462 0.0197036 0.0148482 0.0106231 0.00714909 0.00448416
 0.00896278 0.0144199 0.021439 0.0298625 0.0393492 0.0492544 0.0585854 0.0662183 0.0713 0.0735289 0.0731204 0.0705676 0.0664215 0.0611873 0.0552934 0.0490794 0.0427927 0.0365997 0.0306104 0.0249104 0.0195908 0.0147662 0.0105679 0.00711247 0.00445922
 0.00879673 0.0141715 0.0211057 0.029457 0.0388971 0.0487895 0.0581465 0.0658471 0.0710382 0.0734116 0.0731685 0.0707806 0.066775 0.0616356 0.0557783 0.0495423 0.0431878 0.036903 0.0308214 0.0250458 0.0196743 0.0148183 0.0106017 0.00713431 0.00447219
 0.00862613 0.0139014 0.0207139 0.0289313 0.0382417 0.0480328 0.0573461 0.0650861 0.0704082 0.0729898 0.0730003 0.0708749 0.0671093 0.0621645 0.0564403 0.0502673 0.043906 0.0375558 0.0313707 0.0254775 0.0199941 0.0150438 0.0107539 0.00723236 0.00453176
 0.0086462 0.013918 0.0207088 0.0288768 0.0381063 0.0477919 0.0569928 0.0646374 0.0699044 0.0724884 0.0725654 0.070565 0.0669654 0.0622026 0.0566492 0.0506123 0.0443363 0.0380147 0.0318064 0.0258523 0.0202894 0.0152589 0.0108997 0.00732479 0.00458657
 0.00864114 0.0139069 0.0206862 0.0288334 0.0380291 0.0476643 0.0567976 0.0643619 0.0695483 0.0720706 0.072126 0.0701602 0.0666555 0.0620373 0.0566556 0.0507886 0.0446535 0.0384235 0.0322492 0.0262757 0.0206543 0.0155452 0.0111056 0.00746088 0.00466939
 0.00858885 0.0138349 0.0206016 0.02875 0.0379622 0.0476226 0.0567767 0.0643434 0.0695051 0.0719765 0.0719661 0.0699391 0.0664003 0.0617927 0.0564728 0.0507103 0.0447007 0.0385894 0.0325024 0.0265707 0.0209451 0.015797 0.0113002 0.00759645 0.00475485
 0.00889039 0.0142967 0.021243 0.0295683 0.0389321 0.0486966 0.0578839 0.0653897 0.0703817 0.0725772 0.0722092 0.0697856 0.065864 0.0609404 0.0554127 0.0495704 0.0436029 0.0376272 0.0317275 0.025993 0.0205433 0.0155336 0.0111357 0.0074976 0.0046976
 0.00873285 0.0140628 0.020933 0.0291989 0.0385343 0.0483111 0.0575563 0.0651666 0.070303 0.0726651 0.0724569 0.0701521 0.0662812 0.0613317 0.0557167 0.0497602 0.0436904 0.037652 0.0317358 0.0260184 0.0205975 0.0156091 0.0112162 0.00756796 0.00474988
 0.00917224 0.0147353 0.0218656 0.0303853 0.0399329 0.0498459 0.0591175 0.0666163 0.0714951 0.0734758 0.0728123 0.0700396 0.0657426 0.0604439 0.0545723 0.048454 0.042315 0.0362966 0.0304825 0.0249334 0.0197208 0.0149499 0.0107555 0.00726926 0.00457044
 0.00863135 0.013935 0.0208096 0.0291325 0.0385861 0.0485299 0.0579602 0.0657369 0.0709919 0.0734087 0.0731862 0.0707987 0.0667803 0.0616263 0.0557654 0.0495479 0.0432383 0.0370204 0.0310153 0.0253083 0.01998 0.0151309 0.0108846 0.00736136 0.00463369
 0.00843955 0.0135921 0.0202403 0.0282588 0.0373597 0.0469757 0.0562074 0.0640083 0.0695449 0.0724565 0.0728413 0.0710613 0.0675631 0.0627903 0.057151 0.0509988 0.0446207 0.0382382 0.0320173 0.0260852 0.0205532 0.0155373 0.0111631 0.00754564 0.00475024
 0.00851605 0.0136906 0.0203373 0.0283077 0.0372922 0.0467124 0.0556776 0.0631788 0.068451 0.0712193 0.0716508 0.070126 0.0670439 0.0627542 0.0575631 0.0517472 0.0455578 0.0392189 0.0329263 0.0268511 0.0211487 0.0159691 0.0114577 0.00773575 0.00486637
 0.0087216 0.0140267 0.0208438 0.0290139 0.0382003 0.0477742 0.0567776 0.0641405 0.0690763 0.0713492 0.0712242 0.0692073 0.0658088 0.0614364 0.0563831 0.0508527 0.0449972 0.0389537 0.0328684 0.0269037 0.0212359 0.016047 0.0115108 0.00776566 0.00488093
 0.00889487 0.0143066 0.0212619 0.0295991 0.0389733 0.0487376 0.0579013 0.0653492 0.0702457 0.0723186 0.0718261 0.0693111 0.0653664 0.0605089 0.0551314 0.0494905 0.043726 0.0379088 0.0320986 0.0263857 0.0209088 0.0158459 0.011386 0.00768656 0.00483099
 0.00919823 0.0148071 0.0220266 0.0306897 0.0404264 0.0505378 0.0599576 0.0674942 0.072265 0.0739965 0.072983 0.0698228 0.0651717 0.0596182 0.0536367 0.0475639 0.0415941 0.035805 0.0302116 0.0248268 0.0197089 0.0149769 0.0107898 0.00729868 0.00459283
 0.00906691 0.0146034 0.0217418 0.030332 0.0400306 0.0501738 0.0597296 0.0675207 0.0726391 0.0747417 0.0740303 0.0710209 0.0663259 0.0605392 0.0541844 0.0476775 0.0413033 0.0352172 0.0294761 0.0240886 0.0190716 0.0144883 0.0104504 0.00708207 0.00446453
 0.00920481 0.0147633 0.0218651 0.0303272 0.0398028 0.0496696 0.0589763 0.0666358 0.0718035 0.0741486 0.0738289 0.0712735 0.0669883 0.0614719 0.055192 0.0485653 0.0419302 0.0355279 0.0295017 0.0239192 0.0188143 0.0142308 0.0102429 0.00693876 0.00437719
 0.00959665 0.0153937 0.0227947 0.0315902 0.0413785 0.051451 0.0607557 0.0681368 0.0727639 0.0744198 0.0734333 0.0703858 0.065856 0.06032 0.0541571 0.0476789 0.0411474 0.0347791 0.0287408 0.0231474 0.0180741 0.013579 0.00972261 0.00656385 0.00413349
 0.00903931 0.0145715 0.0217168 0.0303289 0.0400606 0.0502337 0.0597976 0.0675642 0.0726363 0.0747057 0.0740206 0.0711309 0.0666455 0.0611055 0.0549434 0.0484807 0.0419506 0.0355317 0.0293755 0.0236154 0.0183664 0.0137251 0.00977192 0.0065642 0.0041179
 0.00886168 0.0142286 0.021106 0.0293355 0.0386035 0.0483295 0.057608 0.0653859 0.0708217 0.0735491 0.0736677 0.0715528 0.0676772 0.0625221 0.0565337 0.0500903 0.0434846 0.0369314 0.0305955 0.024618 0.0191316 0.0142614 0.010115 0.00676436 0.00422491
 0.00954982 0.0152717 0.0225277 0.0310884 0.0405594 0.0502804 0.0592837 0.0665042 0.0711732 0.0730823 0.0725195 0.0699952 0.0660106 0.0609763 0.0552259 0.0490419 0.0426661 0.0363006 0.0301139 0.0242516 0.0188496 0.0140393 0.00993788 0.00662643 0.00412415
 0.00955954 0.0153512 0.0227626 0.0315909 0.0414305 0.0515525 0.0608717 0.0681977 0.0726828 0.0741237 0.0729003 0.069672 0.065096 0.0596931 0.0538278 0.0477366 0.0415724 0.0354514 0.0294857 0.0237986 0.0185251 0.0138054 0.00976832 0.00650449 0.0040395
 0.0090017 0.0145234 0.0216692 0.0303019 0.0400798 0.0503231 0.0599696 0.0678104 0.0729197 0.0749603 0.0741629 0.0710864 0.0663829 0.0606628 0.0544268 0.0480307 0.041687 0.0355052 0.0295509 0.0238954 0.0186404 0.013916 0.00985637 0.00656375 0.00407317
 0.008328 0.0135007 0.0202681 0.0285516 0.03807 0.0482004 0.0579342 0.0661031 0.0717852 0.0745875 0.0746239 0.0723031 0.0681395 0.0626636 0.056381 0.0497299 0.0430422 0.0365326 0.0303225 0.0244875 0.0191048 0.0142772 0.0101248 0.00674899 0.00418968
#obs surv len freq
 nan nan nan nan nan nan nan nan nan nan nan nan nan nan nan nan nan nan nan nan nan nan nan nan nan
 0.00448757 0.00735027 0.0111815 0.0159988 0.0216998 0.0279751 0.0342884 0.0400185 0.0446968 0.0481592 0.0505156 0.0520101 0.052901 0.0534123 0.0537257 0.0539799 0.054258 0.0545504 0.0546889 0.0542808 0.0527189 0.0493514 0.0438017 0.0362825 0.027667
 0.00461988 0.00756751 0.0115121 0.0164692 0.0223284 0.0287613 0.0352033 0.0410021 0.0456668 0.0490275 0.0512053 0.0524665 0.0530969 0.0533476 0.0534229 0.0534763 0.0535972 0.0537751 0.0538383 0.0533917 0.0518305 0.0485069 0.0430461 0.035654 0.0271867
 0.0047791 0.00782964 0.0119127 0.0170437 0.0231047 0.0297491 0.0363816 0.0423137 0.0470234 0.0503245 0.0523373 0.0533409 0.0536441 0.0535279 0.0532297 0.0529334 0.0527512 0.0526867 0.0525745 0.0520236 0.0504339 0.0471629 0.0418355 0.0346434 0.0264129
 0.0049754 0.00814849 0.0123923 0.0177199 0.0240051 0.0308831 0.0377293 0.0438206 0.0486053 0.0518801 0.0537607 0.0545308 0.0545107 0.0539992 0.0532596 0.0525073 0.0518886 0.0514383 0.0510176 0.0502569 0.0485741 0.0453385 0.040173 0.0332462 0.0253391
 0.00518785 0.00849816 0.0129264 0.0184846 0.0250365 0.0321922 0.0392877 0.0455567 0.0504157 0.05365 0.0553818 0.0559082 0.0555622 0.0546537 0.0534576 0.0522074 0.0510753 0.0501312 0.0492776 0.0481888 0.0463232 0.0430783 0.0380813 0.0314709 0.0239665
 0.00541494 0.00886942 0.0134893 0.0192855 0.0261125 0.0335583 0.0409222 0.0473943 0.052355 0.055571 0.057164 0.057444 0.0567617 0.0554446 0.0537821 0.0520196 0.0503441 0.0488509 0.0474828 0.0459699 0.0438317 0.0405161 0.0356683 0.0293977 0.0223503
 0.00565583 0.00926275 0.0140845 0.02013 0.0272429 0.0349864 0.0426213 0.0492937 0.0543502 0.0575428 0.0589969 0.059035 0.0580231 0.056303 0.054177 0.0519016 0.0496756 0.0476128 0.0456912 0.0436964 0.0412199 0.0377769 0.0330468 0.0271173 0.020556
 0.00589417 0.0096543 0.0146814 0.0209833 0.0283927 0.0364465 0.0443628 0.05124 0.0563884 0.059546 0.0608454 0.0606274 0.0592781 0.0571565 0.0545767 0.0518027 0.0490401 0.0464154 0.0439351 0.0414373 0.0385877 0.0349782 0.0303346 0.0247324 0.0186629
 0.00613567 0.010052 0.0152893 0.021855 0.029571 0.0379463 0.0461546 0.0532434 0.0584834 0.0615963 0.0627213 0.06222 0.0605045 0.0579578 0.0549126 0.0516433 0.0483604 0.0451967 0.042179 0.0391902 0.0359659 0.0321767 0.0276019 0.0223128 0.0167299
 0.00638306 0.0104554 0.0158988 0.0227185 0.0307254 0.039404 0.0478882 0.0551795 0.0605113 0.0635876 0.0645496 0.0637747 0.0616978 0.0587266 0.0552158 0.0514562 0.0476676 0.0439905 0.0404675 0.0370182 0.0334398 0.0294759 0.0249597 0.0199638 0.0148446
 0.00660692 0.0108248 0.0164648 0.0235315 0.0318249 0.0408024 0.0495545 0.0570349 0.0624419 0.0654673 0.066261 0.0652201 0.0628007 0.0594302 0.055481 0.0512583 0.0469926 0.0428348 0.0388442 0.0349732 0.0310724 0.0269503 0.022489 0.0177637 0.0130746
 0.00682486 0.0111813 0.0170056 0.0243008 0.0328573 0.0421092 0.0511098 0.0587696 0.0642514 0.0672312 0.0678624 0.0665596 0.0638033 0.0600456 0.0556793 0.0510242 0.04632 0.0417259 0.0373153 0.0330698 0.0288869 0.0246311 0.0202272 0.0157523 0.0114562
 0.00705585 0.0115589 0.0175773 0.0251113 0.0339382 0.0434645 0.0527012 0.0605127 0.0660293 0.0689179 0.069345 0.0677497 0.0646394 0.060491 0.0557181 0.0506551 0.045551 0.0405712 0.0358 0.0312415 0.0268318 0.022482 0.0181518 0.0139186 0.00998667
 0.00727428 0.0119191 0.0181284 0.0259011 0.0350024 0.0448099 0.0542888 0.0622539 0.0677984 0.0705784 0.0707742 0.0688547 0.0653613 0.0608034 0.05562 0.0501625 0.0446887 0.0393689 0.0342942 0.0294851 0.0249069 0.0205065 0.0162703 0.0122724 0.0086764
 0.0074441 0.0121994 0.0185582 0.02652 0.0358429 0.0458855 0.0555808 0.0637045 0.0693168 0.0720552 0.0720984 0.0699279 0.0661085 0.0611782 0.0556058 0.0497677 0.0439394 0.0383014 0.032954 0.0279307 0.0232182 0.0187896 0.0146486 0.0108633 0.00756089
 0.00753002 0.0123394 0.0187706 0.0268236 0.0362569 0.0464258 0.0562555 0.0645091 0.0702303 0.0730387 0.0730959 0.070869 0.0669153 0.061776 0.0559334 0.0497861 0.0436352 0.0376857 0.0320598 0.0268119 0.0219509 0.0174708 0.013387 0.00975943 0.00668369
 0.00760684 0.0124609 0.0189472 0.0270633 0.0365641 0.0468009 0.0566939 0.0650013 0.0707647 0.0736037 0.0736794 0.0714536 0.067472 0.0622615 0.0562937 0.0499657 0.0435887 0.0373883 0.0315135 0.0260485 0.0210312 0.0164789 0.0124183 0.00890198 0.00599794
 0.00767346 0.012562 0.0190858 0.0272378 0.0367695 0.0470308 0.0569419 0.065262 0.0710348 0.0738826 0.0739694 0.0717576 0.0677886 0.0625788 0.0565851 0.0501901 0.0436972 0.0373357 0.0312719 0.0256183 0.0204455 0.0158001 0.0117253 0.00827128 0.0054847
 0.00773402 0.0126542 0.0192127 0.0273976 0.0369554 0.0472318 0.0571439 0.0654505 0.0711986 0.0740182 0.0740831 0.0718629 0.0679005 0.0627069 0.0567272 0.0503289 0.0438009 0.0373641 0.0311874 0.0253998 0.0200988 0.0153607 0.0112501 0.00782206 0.00510972
 0.00779159 0.0127419 0.0193336 0.02755 0.0371331 0.0474242 0.0573372 0.0656283 0.071345 0.0741228 0.0741437 0.0718869 0.0679027 0.0627045 0.0567339 0.0503488 0.0438242 0.0373682 0.0311422 0.0252792 0.0198924 0.0150816 0.0109325 0.00750987 0.00484155
 0.00782476 0.0127962 0.0194158 0.0276656 0.0372844 0.0476073 0.0575397 0.0658303 0.0715235 0.0742581 0.0742249 0.0719133 0.0678829 0.062653 0.0566676 0.050282 0.043764 0.0373105 0.0310729 0.0251794 0.0197485 0.0148935 0.0107167 0.00729351 0.00465172
 0.00788383 0.0128824 0.0195274 0.0277953 0.0374221 0.0477444 0.0576714 0.0659548 0.0716391 0.0743596 0.0743033 0.071959 0.0678892 0.0626201 0.0566025 0.0501967 0.0436706 0.0372164 0.0309779 0.0250765 0.0196292 0.0147544 0.010564 0.00714188 0.00451796
 0.00788399 0.0128854 0.0195365 0.0278145 0.0374536 0.0477865 0.0577175 0.0659959 0.0716688 0.0743782 0.0743181 0.0719789 0.0679191 0.0626572 0.056639 0.0502244 0.0436846 0.0372156 0.0309623 0.0250449 0.0195793 0.0146857 0.0104806 0.0070534 0.00443598
 0.00786857 0.0128569 0.0194878 0.0277381 0.0373453 0.0476496 0.0575657 0.0658512 0.0715544 0.0743113 0.074305 0.0720171 0.0680009 0.0627726 0.0567765 0.0503706 0.0438258 0.0373397 0.031061 0.0251134 0.0196161 0.0146925 0.0104629 0.00701991 0.0043971
 0.00790434 0.0129059 0.0195445 0.0277908 0.0373786 0.0476489 0.0575216 0.0657632 0.071432 0.0741728 0.0741738 0.0719151 0.0679429 0.0627633 0.0568114 0.0504388 0.0439134 0.0374325 0.0311461 0.0251812 0.019661 0.0147134 0.010463 0.00700557 0.00437602
 0.00789958 0.0128997 0.0195376 0.0277839 0.0373706 0.0476355 0.0574948 0.0657132 0.0713523 0.0740646 0.0740491 0.071794 0.0678483 0.0627136 0.0568151 0.0504934 0.0440072 0.0375487 0.0312668 0.025291 0.0197492 0.0147751 0.0104988 0.00702065 0.00437749
 0.00790021 0.0128984 0.0195313 0.027769 0.0373442 0.0475968 0.0574465 0.0656604 0.0712989 0.0740117 0.0739943 0.0717359 0.0677898 0.0626638 0.0567866 0.050497 0.0440469 0.0376198 0.0313577 0.0253868 0.0198362 0.0148439 0.0105461 0.007048 0.0043899
 0.00790248 0.0128951 0.0195137 0.0277248 0.0372616 0.04747 0.0572804 0.0654716 0.0711119 0.0738518 0.0738805 0.0716769 0.0677837 0.062702 0.0568589 0.0505953 0.044166 0.0377548 0.0315016 0.0255294 0.019966 0.0149516 0.0106266 0.00710171 0.00442156
 0.0078913 0.0128809 0.0194992 0.0277136 0.0372551 0.0474644 0.0572653 0.0654327 0.0710385 0.0737437 0.0737511 0.0715486 0.06768 0.0626392 0.0568426 0.0506221 0.0442275 0.0378415 0.0316039 0.0256377 0.0200706 0.0150433 0.0106993 0.00715348 0.00445433
 0.00785485 0.012821 0.0194084 0.0275862 0.0370901 0.0472692 0.0570569 0.0652354 0.0708757 0.0736295 0.0736874 0.0715292 0.0676976 0.0626905 0.0569274 0.0507397 0.0443736 0.0380072 0.0317778 0.0258077 0.0202258 0.0151752 0.0108029 0.00722792 0.00450291
 0.00782597 0.0127716 0.0193297 0.0274687 0.0369262 0.0470568 0.0568043 0.0649621 0.0706107 0.0734047 0.0735299 0.0714545 0.0677071 0.0627735 0.0570673 0.0509197 0.0445793 0.0382265 0.031999 0.0260191 0.0204163 0.015336 0.0109289 0.007319 0.00456305
 0.00779103 0.0127146 0.0192436 0.0273467 0.036763 0.046851 0.0565603 0.0646924 0.070335 0.073148 0.073319 0.0713135 0.067653 0.0628119 0.0571915 0.0511127 0.0448186 0.0384893 0.0322652 0.0262721 0.0206426 0.015526 0.0110777 0.00742669 0.00463453
 0.00775701 0.0126565 0.0191512 0.0272092 0.0365723 0.0466054 0.0562692 0.0643761 0.070021 0.072865 0.0730917 0.0711606 0.0675867 0.0628384 0.0573091 0.0513112 0.0450797 0.0387891 0.0325779 0.0265736 0.0209138 0.0157538 0.0112558 0.00755551 0.00472013
 0.00774901 0.0126394 0.0191176 0.0271492 0.036475 0.0464625 0.0560782 0.0641428 0.0697599 0.0725973 0.0728426 0.0709551 0.0674459 0.0627766 0.0573325 0.0514179 0.0452595 0.0390243 0.0328455 0.0268486 0.0211725 0.015978 0.0114349 0.00768698 0.00480846
 0.00936661 0.0149104 0.0218723 0.0300074 0.0389553 0.0481583 0.0567964 0.0639317 0.0688316 0.0712147 0.0712362 0.0692931 0.0658396 0.0612969 0.0560233 0.0503033 0.0443479 0.0383106 0.0323131 0.0264724 0.0209225 0.015823 0.0113461 0.00764065 0.0047868
 0.00931887 0.0151359 0.022747 0.0320011 0.0424299 0.0530929 0.0626122 0.0695846 0.0731825 0.0734756 0.0712283 0.0673931 0.0627104 0.0576018 0.0522611 0.0467785 0.0412154 0.0356334 0.030103 0.0247116 0.0195743 0.0148368 0.0106621 0.00719435 0.00451525
 0.00897824 0.014594 0.021976 0.0310422 0.0414509 0.0524307 0.062736 0.070932 0.075903 0.0772374 0.0752534 0.0707535 0.0647152 0.0580366 0.0513653 0.0450348 0.0391181 0.0335508 0.0282492 0.0231798 0.0183816 0.0139585 0.0100519 0.00679684 0.00427412
 0.00878897 0.014277 0.0214822 0.0303226 0.0404748 0.0512184 0.0614023 0.0697167 0.0751551 0.0773215 0.076391 0.0728694 0.0673962 0.0606644 0.0533667 0.0461001 0.0392667 0.0330363 0.0273982 0.0222649 0.0175707 0.0133231 0.00959881 0.00649964 0.0040944
 0.00872187 0.0141618 0.0212963 0.0300385 0.0400624 0.050652 0.0606731 0.0688497 0.0742295 0.076486 0.0758572 0.0728598 0.0680494 0.0619384 0.055009 0.0477291 0.0405275 0.033739 0.0275588 0.0220442 0.0171701 0.0129039 0.00925146 0.00625247 0.00393845
 0.00870648 0.0141314 0.0212402 0.0299421 0.0399084 0.0504235 0.0603566 0.0684387 0.0737287 0.0759203 0.0752836 0.0723775 0.067791 0.0620295 0.055505 0.0485637 0.0415156 0.0346467 0.0282026 0.0223579 0.0172039 0.0127702 0.00906193 0.0060805 0.00381402
 0.00867521 0.0140843 0.0211759 0.0298607 0.03981 0.0503058 0.0602141 0.0682629 0.0735108 0.0756551 0.0749759 0.0720496 0.0674896 0.061826 0.0554791 0.0487691 0.0419432 0.0352113 0.0287713 0.0228073 0.0174707 0.0128638 0.0090397 0.00600859 0.00373975
 0.00866815 0.0140698 0.0211488 0.0298147 0.0397403 0.0502115 0.0600997 0.068137 0.0733814 0.075525 0.0748408 0.0719031 0.0673321 0.0616738 0.0553678 0.0487456 0.0420447 0.0354415 0.0290887 0.0231386 0.0177433 0.0130371 0.00911498 0.00601597 0.00371564
 0.00867655 0.0140834 0.0211686 0.0298409 0.0397706 0.0502407 0.0601192 0.0681368 0.0733533 0.0754658 0.074753 0.071792 0.0672042 0.0615367 0.0552344 0.0486376 0.0419895 0.0354613 0.0291862 0.0232903 0.0179077 0.0131739 0.00920211 0.00605431 0.00372096
 0.00866639 0.014071 0.0211575 0.0298368 0.0397797 0.0502669 0.0601615 0.0681885 0.0734031 0.0755007 0.0747618 0.0717685 0.067148 0.0614532 0.0551342 0.0485352 0.0419032 0.0354097 0.0291818 0.0233327 0.0179815 0.0132548 0.00926855 0.00609584 0.00373918
 0.00865284 0.0140494 0.0211262 0.0297953 0.0397301 0.0502142 0.0601146 0.0681579 0.0733973 0.0755218 0.0748036 0.0718182 0.0671907 0.0614773 0.0551346 0.048515 0.0418722 0.0353818 0.0291704 0.0233456 0.0180171 0.0133032 0.00931634 0.00613274 0.0037616
 0.00864361 0.0140329 0.0210988 0.029753 0.0396697 0.0501356 0.0600226 0.0680626 0.0733127 0.075462 0.0747792 0.0718322 0.0672377 0.0615448 0.0552074 0.0485799 0.0419227 0.035419 0.0292008 0.0233769 0.0180538 0.0133443 0.00935653 0.00616615 0.00378492
 0.00863538 0.0140208 0.0210828 0.0297335 0.0396467 0.0501083 0.059989 0.0680206 0.0732621 0.0754066 0.0747265 0.0717924 0.0672197 0.0615527 0.0552385 0.0486261 0.0419739 0.0354669 0.0292421 0.0234126 0.0180865 0.0133757 0.00938589 0.00619112 0.00380353
 0.00863148 0.0140153 0.021076 0.0297263 0.0396403 0.0501037 0.0599864 0.0680189 0.0732589 0.0753984 0.0747107 0.0717688 0.0671915 0.0615264 0.0552211 0.048622 0.0419828 0.0354853 0.029265 0.0234361 0.018109 0.0133967 0.00940505 0.00620756 0.00381628
 0.00860848 0.0139806 0.0210288 0.029668 0.0395742 0.050035 0.0599212 0.0679642 0.0732206 0.0753802 0.0747125 0.0717867 0.0672201 0.0615607 0.0552582 0.0486614 0.0420251 0.0355303 0.029311 0.0234805 0.0181491 0.0134309 0.00943255 0.00622848 0.00383112
 0.00860848 0.0139806 0.0210288 0.029668 0.0395742 0.050035 0.0599212 0.0679642 0.0732206 0.0753802 0.0747125 0.0717867 0.0672201 0.0615607 0.0552582 0.0486614 0.0420251 0.0355303 0.029311 0.0234805 0.0181491 0.0134309 0.00943255 0.00622848 0.00383112
 0.00892229 0.0144706 0.0217266 0.0305839 0.0406889 0.0512907 0.061216 0.0691591 0.0741666 0.0759563 0.0748567 0.0715061 0.0665794 0.0606599 0.0542088 0.0475671 0.0409701 0.0345741 0.0284889 0.0228073 0.0176241 0.0130421 0.00916082 0.0060506 0.00372298
 0.0086006 0.0140001 0.0211176 0.0298841 0.0399759 0.0506552 0.0607455 0.0689236 0.0742051 0.0762642 0.0753821 0.0721601 0.0672601 0.0612784 0.0547081 0.0479273 0.0412018 0.0347057 0.0285538 0.0228342 0.017633 0.0130445 0.00916204 0.00605215 0.00372482
 0.00907176 0.0146946 0.0220299 0.0309629 0.0411386 0.0518124 0.0618188 0.0698491 0.0749288 0.0767399 0.0755748 0.0720541 0.0668643 0.0606269 0.0538555 0.0469417 0.0401567 0.0336727 0.0275955 0.021998 0.0169471 0.0125168 0.00878265 0.00579849 0.00356801
 0.00854191 0.0139195 0.0210234 0.029793 0.0399082 0.0506287 0.0607724 0.0690137 0.0743723 0.076527 0.0757534 0.0726291 0.0677785 0.0617648 0.0550707 0.0480959 0.041151 0.0344598 0.028174 0.0223967 0.0172075 0.0126798 0.00888125 0.00585642 0.00360094
 0.00838175 0.013598 0.020433 0.0288123 0.0384525 0.0487171 0.0585736 0.0668273 0.0725384 0.0753146 0.0752888 0.0728963 0.0686656 0.063114 0.0567085 0.0498473 0.0428551 0.0359893 0.0294506 0.0233941 0.0179413 0.0131905 0.00921828 0.00606701 0.00372493
 0.00851346 0.0137968 0.0206978 0.0291164 0.0387317 0.0488645 0.0584526 0.0663152 0.0715922 0.0740222 0.073866 0.0716178 0.0677676 0.0627226 0.0568235 0.050372 0.043643 0.0368854 0.0303223 0.0241495 0.0185353 0.0136188 0.00950353 0.0062433 0.00382627
 0.00874159 0.0141792 0.0212918 0.0299742 0.0398776 0.0502625 0.0599781 0.0677536 0.0726787 0.0745167 0.0736334 0.0706817 0.0663109 0.061031 0.0551936 0.0490263 0.0426847 0.036305 0.0300372 0.0240526 0.0185319 0.013645 0.00952742 0.00625579 0.00382948
 0.00873393 0.0141919 0.0213587 0.0301462 0.0402143 0.0508153 0.0607688 0.0687547 0.0738011 0.0756099 0.074507 0.0711509 0.0662571 0.0604508 0.0542096 0.047847 0.0415323 0.0353454 0.0293447 0.0236167 0.0182917 0.013528 0.0094751 0.00623202 0.0038169
 0.00919478 0.0149156 0.0223985 0.0315296 0.0419329 0.0528122 0.0629278 0.0709038 0.0757386 0.0771433 0.075485 0.0714765 0.0658887 0.059407 0.0525796 0.0457948 0.0392798 0.0331299 0.0273655 0.0219957 0.017064 0.0126609 0.00889969 0.00587178 0.00360419
 0.00882705 0.014385 0.0217269 0.0307864 0.0412237 0.0522562 0.0626353 0.0709583 0.0761822 0.0779622 0.0766013 0.0727529 0.0671509 0.0604765 0.053311 0.0461102 0.0391875 0.0327199 0.0267782 0.0213759 0.0165201 0.0122463 0.00861878 0.00569969 0.00350757
 0.00874876 0.0142063 0.0213679 0.0301544 0.0402535 0.0509644 0.0611591 0.0695423 0.0751078 0.0774536 0.076756 0.0735266 0.0683879 0.0619593 0.0548103 0.0474273 0.0401879 0.0333529 0.0270755 0.021427 0.0164343 0.0121165 0.00850222 0.00561821 0.00345995
 0.0092204 0.0149424 0.0224112 0.0315049 0.0418465 0.0526526 0.062713 0.0706946 0.0756414 0.0772935 0.0760059 0.0724223 0.0671954 0.0608795 0.0539321 0.0467364 0.0396104 0.0328063 0.0265089 0.0208371 0.0158572 0.0116027 0.00809108 0.0053235 0.00327067
 0.0086303 0.0140654 0.0212477 0.0301175 0.0403528 0.0512036 0.0614677 0.0697906 0.0751621 0.0772446 0.0763219 0.0730065 0.0679677 0.0617982 0.0549766 0.0478727 0.0407696 0.0338932 0.0274318 0.0215394 0.016332 0.0118854 0.00823772 0.00538914 0.00329584
