SBPRF35
7.0512
Curr Bio
617798
B35
506911
F35
0.223041
FOFL
0.223041
OFL
106474
Bzero
2.01463e+06
#pred survey bio
 4.73375e+06 3.54093e+06 3.27882e+06 3.18967e+06 2.93931e+06 2.73284e+06 2.31014e+06 2.04647e+06 1.91224e+06 1.80639e+06 1.64663e+06 1.40712e+06 1.18832e+06 1.00929e+06 862858 759085 692004 681739 678114 687996 687782 621359 549453 499092 478105 485034 495033 517175 536711 559882 561783 547147 560003 569240 573805 570225 581812 599855 621410 609001 595162 558827 523475 512740 508801 534073 592898 653574 671355 677953 670444 648849 606499 538687 572155 621819 665379 684736 641204 588916 587491 538463 495571 545545 592242 552146 556290 598219 625848 1.44355e+07 1.30196e+07 1.30475e+07 1.33546e+07 1.38036e+07 1.42763e+07 1.47046e+07 1.50603e+07 1.53402e+07 1.55527e+07 1.57106e+07 1.58263e+07 1.59105e+07 1.59717e+07 1.60161e+07 1.60485e+07 1.60722e+07 1.60897e+07 1.61026e+07 1.61121e+07 1.61193e+07 1.61246e+07 1.61287e+07 1.61317e+07 1.6134e+07 1.61357e+07 1.6137e+07 1.6138e+07 1.61388e+07 1.61394e+07 1.61398e+07 1.61401e+07 1.61404e+07 1.61406e+07 1.61407e+07 1.61408e+07 1.61409e+07 1.6141e+07 1.61411e+07 1.61411e+07 1.61411e+07 1.61411e+07 1.61412e+07 1.61412e+07 1.61412e+07 1.61412e+07 1.61412e+07 1.61412e+07 1.61412e+07 1.61412e+07 1.61412e+07 1.61412e+07 1.61412e+07 1.61412e+07 1.61412e+07 1.61412e+07 1.61412e+07 1.61412e+07 1.61412e+07 1.61412e+07 1.61412e+07 1.61412e+07 1.61412e+07 1.61412e+07 1.61412e+07 1.61412e+07 1.61412e+07 1.61412e+07 1.61412e+07 1.61412e+07 1.61412e+07 1.61412e+07 1.61412e+07 1.61412e+07 1.61412e+07 1.61412e+07 1.61412e+07 1.61412e+07 1.61412e+07 1.61412e+07 1.61412e+07 1.61412e+07 1.61412e+07 1.61412e+07 1.61412e+07 1.61412e+07 1.61412e+07 1.61412e+07 1.61412e+07 1.61412e+07 1.61412e+07 1.61412e+07 1.61412e+07 1.61412e+07 1.61412e+07 1.61412e+07 1.61412e+07 1.61412e+07 1.61412e+07 1.61412e+07 0 0 0 0 0 0 0 0 0 0 0 0 0 0 0 0 0 0 0 0 0 0 0 0 0
#obs survey bio
 5.56086e+06 3.79114e+06 3.37718e+06 3.46794e+06 2.07052e+06 3.82664e+06 1.72027e+06 1.9133e+06 2.2049e+06 2.03161e+06 1.9028e+06 1.35479e+06 982316 1.1807e+06 964774 723862 470522 627179 538715 1.06081e+06 803642 646234 514994 395742 580317 456039 545017 543181 488152 655656 681433 376435 581362 473162 663611 403437 626526 720360 616355 561877 542362 642548 485263 514012 641382 351396 585480 917392 652869 570656 637731 762342 531194 453043 417976 612129 495081 734874 517986 687654 662522 457114 366525 640690 715421 576196 593180 640482 649743
#pred catch bio
 126069 98908.9 154148 210710 234496 275403 286969 296605 292322 319706 301258 281125 264039 257559 223183 216198 186829 187432 169605 135553 134767 126925 116453 112884 99801.1 105982 96079.2 103792 95868 95776.9 95230.4 99560.5 106546 91559.1 89283.8 96665.4 88458.6 81227 83654.7 85260.5 88333.2 87973 89765.8 90374.1 88856 84752.7 83489.8 93099.5 87646.4 89896.3 119664 79900.5 128622 61238.4 72273.4 83553.1 107235 110475 135665 93905.6 84998.8 114024 61570.3 60950.9 124407 99164.1 78316 88251.1 115757 106474 104493 103412 104732 107537 110635 113419 115664 117354 118566 119406 119972 120347 120591 120748 120849 120912 120952 120977 120992 121002 121008 121011 121014 121015 121016 121017 121017 121017 121017 121017 121017 121017 121017 121017 121017 121017 121017 121017 121017 121017 121017 121017 121017 121017 121017 121017 121017 121017 121017 121017 121017 121017 121017 121017 121017 121017 121017 121017 121017 121017 121017 121017 121017 121017 121017 121017 121017 121017 121017 121017 121017 121017 121017 121017 121017 121017 121017 121017 121017 121017 121017 121017 121017 121017 121017 121017 121017 121017 121017 121017 121017 121017 121017 121017 121017 121017 121017 121017 121017 0 0 0 0 0 0 0 0 0 0 0 0 0 0 0 0 0 0 0 0 0 0 0 0 0
#obs catch bio
 0 98528.8 154471 210846 234666 275048 286959 297630 292584 320737 300465 280906 263820 258221 222306 216543 188184 189043 171109 135080 134400 126812 116298 113173 99761.2 106360 95889.9 104092 95883.1 95682.1 94938.8 99797.1 106975 91386.1 89089.1 97022.1 88466.2 81179.2 83557.1 85262.8 88295.1 87899.7 89877.9 90327.1 88950.9 84989 83460.2 93094.3 87547.1 89624.7 120590 79209.3 129893 60864.2 72352.9 83477.8 107583 110011 136363 93873.5 84532 114906 61420.1 60583 125086 99261 78174.1 88073.8 115990
#pred cpue bio
 4.68306e+06 3.50295e+06 3.24253e+06 3.15241e+06 2.90314e+06 2.69691e+06 2.27747e+06 2.01478e+06 1.87972e+06 1.77307e+06 1.61354e+06 1.37638e+06 1.16e+06 983039 838371 735862 669121 658154 653970 663193 663219 599093 529518 480786 460351 467143 476780 498267 517123 539653 541721 527759 540183 549260 554108 550699 560431 575871 595788 584102 571106 536421 502582 492212 488361 512541 569045 627601 644868 651309 644039 622406 582129 516024 548640 597409 640074 658242 615680 563690 561943 515743 473858 522156 568601 529822 532915 573157 600127 1.38374e+07 1.2483e+07 1.24468e+07 1.27022e+07 1.31395e+07 1.36104e+07 1.40385e+07 1.43942e+07 1.46741e+07 1.48866e+07 1.50445e+07 1.51602e+07 1.52444e+07 1.53055e+07 1.535e+07 1.53824e+07 1.54061e+07 1.54236e+07 1.54364e+07 1.5446e+07 1.54532e+07 1.54585e+07 1.54625e+07 1.54656e+07 1.54679e+07 1.54696e+07 1.54709e+07 1.54719e+07 1.54727e+07 1.54732e+07 1.54737e+07 1.5474e+07 1.54743e+07 1.54745e+07 1.54746e+07 1.54747e+07 1.54748e+07 1.54749e+07 1.54749e+07 1.5475e+07 1.5475e+07 1.5475e+07 1.5475e+07 1.54751e+07 1.54751e+07 1.54751e+07 1.54751e+07 1.54751e+07 1.54751e+07 1.54751e+07 1.54751e+07 1.54751e+07 1.54751e+07 1.54751e+07 1.54751e+07 1.54751e+07 1.54751e+07 1.54751e+07 1.54751e+07 1.54751e+07 1.54751e+07 1.54751e+07 1.54751e+07 1.54751e+07 1.54751e+07 1.54751e+07 1.54751e+07 1.54751e+07 1.54751e+07 1.54751e+07 1.54751e+07 1.54751e+07 1.54751e+07 1.54751e+07 1.54751e+07 1.54751e+07 1.54751e+07 1.54751e+07 1.54751e+07 1.54751e+07 1.54751e+07 1.54751e+07 1.54751e+07 1.54751e+07 1.54751e+07 1.54751e+07 1.54751e+07 1.54751e+07 1.54751e+07 1.54751e+07 1.54751e+07 1.54751e+07 1.54751e+07 1.54751e+07 1.54751e+07 1.54751e+07 1.54751e+07 1.54751e+07 1.54751e+07 1.54751e+07 0 0 0 0 0 0 0 0 0 0 0 0 0 0 0 0 0 0 0 0 0 0 0 0 0
#obs cpue bio
 3.0528e+06 2.49836e+06 2.62675e+06 4.60692e+06 2.74298e+06 3.22308e+06 2.51422e+06 1.52716e+06 1.75891e+06 1.48678e+06 1.99166e+06 1.30011e+06 1.40976e+06 745425 960756 652240 625661 648521 682356 687552 639788 538801 580367 513078 385475 440681 512723 399239 582275 525835 536428 526022 500826 820133 516393 568412 605758 462420 699624 566269 681774 481793 473576 557978 346466 605330 662631 534282 632264 842379 492470 789976 537599 620060 694654 655437 714637 892481 597562 431064 721877 480876 539424 558633 503427 433370 487210 618674 542954
#pred surv len freq
 0.00424579 0.00699525 0.010718 0.0154561 0.0211243 0.0274169 0.0337927 0.0396244 0.0444403 0.0480757 0.0506352 0.0523458 0.0534313 0.0540619 0.0543554 0.0543991 0.0542731 0.0540507 0.0537412 0.0531759 0.0519112 0.049281 0.044682 0.037984 0.0297826
 0.00449289 0.00732861 0.0110956 0.0158023 0.0213579 0.0274918 0.0337233 0.0394761 0.0442883 0.04796 0.0505446 0.0522403 0.0532853 0.0538974 0.0542434 0.0544281 0.0544999 0.0544574 0.0542211 0.0535619 0.0520402 0.0490671 0.0441562 0.0372775 0.0290627
 0.0046167 0.00756317 0.0115045 0.0164504 0.022278 0.0286431 0.0349702 0.0406153 0.0451239 0.048383 0.0505647 0.0519526 0.0528064 0.0533208 0.0536362 0.0538494 0.0540079 0.0540878 0.0539554 0.0533164 0.0516974 0.048537 0.0434313 0.0364412 0.0282472
 0.00468811 0.00769289 0.0117279 0.0168161 0.022845 0.0294684 0.0360849 0.0419937 0.0466592 0.0498894 0.05182 0.0527696 0.0530961 0.0531108 0.0530397 0.0530122 0.0530646 0.0531376 0.0530474 0.0524449 0.0508158 0.0475967 0.0424265 0.0354288 0.0273238
 0.00490912 0.00803071 0.0121975 0.0174209 0.0235822 0.030337 0.0370895 0.0431409 0.0479444 0.0512774 0.0532244 0.054047 0.0540699 0.0536229 0.0530068 0.0524535 0.0520865 0.0518861 0.0516576 0.0510077 0.0493754 0.0461741 0.0410529 0.0341635 0.0262421
 0.00501893 0.00824162 0.012573 0.018035 0.024497 0.0315694 0.0385877 0.0447901 0.0496058 0.0528359 0.0546133 0.0552345 0.0550204 0.0542679 0.0532489 0.0522046 0.0513141 0.0506367 0.0500426 0.0491666 0.0474411 0.0442603 0.03926 0.0325837 0.0249509
 0.0053109 0.00868694 0.0131914 0.0188336 0.0254789 0.0327438 0.0399673 0.0463723 0.0513469 0.0546376 0.0563358 0.056732 0.0561785 0.0550165 0.0535467 0.0520167 0.0506084 0.0494052 0.0483292 0.0470779 0.045134 0.0419152 0.0370535 0.0306642 0.0234163
 0.00552877 0.00907202 0.0138253 0.019804 0.0268518 0.0345246 0.0420739 0.0486445 0.0535955 0.056703 0.058117 0.0581749 0.0572446 0.0556627 0.0537255 0.0516862 0.049739 0.0479866 0.0463858 0.0446897 0.0424488 0.039139 0.0344154 0.0283677 0.0215938
 0.00572854 0.00940138 0.0143321 0.0205423 0.0278789 0.03589 0.0437994 0.0507003 0.0558836 0.0590604 0.0603442 0.060082 0.0586916 0.0565738 0.0540744 0.0514673 0.0489492 0.0466255 0.0444737 0.0422943 0.0397073 0.036259 0.0316443 0.0259368 0.0196597
 0.00590675 0.0096945 0.0147799 0.0211852 0.0287518 0.0370137 0.0451711 0.0522915 0.0576446 0.0609252 0.0622277 0.0618731 0.0602561 0.0577724 0.054789 0.0516197 0.0485013 0.0455714 0.0428373 0.0401429 0.0371712 0.0335385 0.0289858 0.0235789 0.0177705
 0.00612189 0.0100525 0.0153335 0.0219875 0.0298447 0.0384088 0.0468334 0.054136 0.0595543 0.06278 0.0639292 0.0633516 0.0614598 0.0586504 0.0552802 0.0516544 0.0480146 0.0445209 0.0412199 0.0380112 0.0346483 0.0308208 0.0263191 0.0212046 0.0158624
 0.0063689 0.0104478 0.0159175 0.0227954 0.0309017 0.0397225 0.0483825 0.0558627 0.0613663 0.0645634 0.0655676 0.0647444 0.0625347 0.0593646 0.0556091 0.0515754 0.0474965 0.0435279 0.0397325 0.0360549 0.0323195 0.0282938 0.0238227 0.0189694 0.0140582
 0.00655677 0.0107747 0.016448 0.0236001 0.0320385 0.0412083 0.0501695 0.0578367 0.0633726 0.0664464 0.067201 0.0660418 0.0634453 0.0598642 0.0556923 0.0512464 0.0467592 0.0423808 0.038176 0.034114 0.0300725 0.0258876 0.0214587 0.0168563 0.0123524
 0.00669382 0.0110174 0.0168514 0.0242305 0.032962 0.0424702 0.0517698 0.0597148 0.0654081 0.0684765 0.0690495 0.0675514 0.0645048 0.0604206 0.0557442 0.0508247 0.0459058 0.041134 0.0365703 0.0321945 0.0279179 0.0236274 0.0192655 0.0149091 0.0107858
 0.00695065 0.0114309 0.0174667 0.0250882 0.0340923 0.0438828 0.0534415 0.061581 0.0673655 0.070395 0.0707878 0.068973 0.0654946 0.0609017 0.0556879 0.0502491 0.0448624 0.03969 0.0347965 0.030167 0.0257311 0.0214062 0.0171613 0.0130723 0.00932459
 0.00714871 0.0117561 0.0179616 0.0257934 0.0350374 0.0450725 0.0548436 0.0631246 0.0689545 0.0719286 0.0721752 0.0701364 0.0663646 0.0614154 0.0557948 0.0499209 0.0441013 0.0385301 0.0332987 0.0284143 0.0238276 0.0194774 0.0153455 0.0114977 0.00807901
 0.00733818 0.0120784 0.0184723 0.0265509 0.036088 0.0464271 0.0564563 0.0648885 0.0707213 0.0735434 0.0735097 0.0711075 0.0669353 0.0615835 0.0555763 0.0493376 0.0431763 0.0372929 0.0317941 0.0267099 0.0220171 0.0176766 0.0136784 0.0100737 0.00696683
 0.00735111 0.0121024 0.018516 0.0266302 0.0362295 0.0466704 0.0568498 0.0654771 0.0715251 0.0745392 0.074624 0.0722292 0.0679423 0.0623702 0.0560701 0.0495012 0.0430012 0.0367919 0.0309993 0.0256757 0.0208234 0.0164256 0.0124818 0.00903079 0.00614257
 0.00750903 0.0123311 0.0188083 0.0269623 0.0365687 0.0469887 0.0571362 0.0657421 0.0717983 0.0748591 0.0750223 0.0727133 0.0684838 0.0629056 0.0565164 0.0497774 0.0430471 0.0365777 0.0305275 0.0249799 0.0199659 0.0154917 0.0115673 0.00822228 0.00549824
 0.00771159 0.0126221 0.0191744 0.027364 0.0369489 0.0472879 0.0573085 0.0657677 0.071691 0.0746679 0.0748244 0.0725929 0.0685041 0.063085 0.0568195 0.0501261 0.0433449 0.0367372 0.0304925 0.0247357 0.0195403 0.0149466 0.0109828 0.00767634 0.0050478
 0.00773858 0.0126506 0.019188 0.0273358 0.0368456 0.0470788 0.0569761 0.0653174 0.0711574 0.0741156 0.0743402 0.0722695 0.0684172 0.0632713 0.0572643 0.050763 0.0440697 0.037432 0.0310527 0.025094 0.0196783 0.0148931 0.0107997 0.00743673 0.00481448
 0.00776269 0.0126998 0.0192791 0.0274862 0.0370637 0.047351 0.0572589 0.0655417 0.0712499 0.0740268 0.0740665 0.0718593 0.0679584 0.0628667 0.0570015 0.050689 0.0441778 0.037666 0.0313273 0.0253235 0.019804 0.0148974 0.0107037 0.00728505 0.00465412
 0.00777 0.0127222 0.0193327 0.0275933 0.0372483 0.0476298 0.0576306 0.0659792 0.0716981 0.0744099 0.074305 0.0718944 0.0677757 0.062506 0.0565467 0.0502405 0.0438187 0.0374362 0.0312168 0.0252862 0.019783 0.0148508 0.0106178 0.00717145 0.00453658
 0.00777669 0.012736 0.0193595 0.027642 0.0373308 0.04776 0.0578213 0.0662375 0.0720189 0.0747693 0.0746585 0.0721817 0.0679359 0.0624984 0.0563686 0.0499321 0.0434501 0.0370815 0.0309278 0.0250782 0.0196401 0.0147436 0.0105223 0.00707868 0.00445034
 0.00780117 0.0127801 0.0194335 0.0277579 0.0374986 0.0479834 0.0580937 0.0665424 0.0723337 0.0750716 0.0749278 0.0723976 0.0680751 0.0625351 0.0562826 0.0497204 0.0431354 0.0367098 0.0305541 0.0247474 0.0193743 0.0145423 0.0103721 0.00696529 0.00436468
 0.00777669 0.012726 0.019327 0.0275727 0.037216 0.0476077 0.0576633 0.0661263 0.0720128 0.0749118 0.0749605 0.0726146 0.0684343 0.0629739 0.056731 0.0501156 0.0434342 0.0368974 0.030643 0.0247676 0.019358 0.0145129 0.0103413 0.00693646 0.00433873
 0.0078789 0.0128777 0.019527 0.0278068 0.0374563 0.0478152 0.0577937 0.0661416 0.0718967 0.0746823 0.0746703 0.0723338 0.0682252 0.0628693 0.0567273 0.0501796 0.0435203 0.0369646 0.0306679 0.0247476 0.0193064 0.0144482 0.0102788 0.00688463 0.00429981
 0.00785519 0.0128373 0.0194627 0.0277109 0.0373225 0.0476406 0.0575816 0.0659015 0.0716428 0.0744324 0.0744459 0.0721618 0.0681356 0.0628875 0.0568633 0.0504202 0.0438294 0.0372936 0.0309704 0.0249922 0.0194818 0.0145601 0.0103422 0.00691598 0.00431256
 0.00792514 0.012939 0.0195934 0.027859 0.0374699 0.0477666 0.0576661 0.0659278 0.0715997 0.0743169 0.0742651 0.0719337 0.067888 0.0626551 0.0566812 0.050315 0.0438104 0.0373491 0.0310725 0.0251074 0.019583 0.0146333 0.0103859 0.00693694 0.00431959
 0.00788801 0.0128782 0.0195011 0.027728 0.0372951 0.0475479 0.0574115 0.0656548 0.0713331 0.0740842 0.0740902 0.0718317 0.0678634 0.0627035 0.0567939 0.0504833 0.044026 0.037601 0.031343 0.0253732 0.0198201 0.0148243 0.0105245 0.00702733 0.00437254
 0.00786908 0.0128417 0.0194357 0.02762 0.037132 0.0473242 0.0571338 0.0653429 0.0710165 0.0737954 0.0738585 0.0716791 0.0678021 0.0627353 0.056911 0.0506712 0.0442668 0.037876 0.0316331 0.025658 0.0200794 0.0150414 0.0106904 0.00714215 0.00444423
 0.00783833 0.0127974 0.019379 0.0275541 0.0370595 0.0472433 0.057037 0.0652196 0.0708599 0.0736084 0.0736567 0.0714877 0.0676493 0.0626441 0.0568948 0.0507319 0.0443964 0.038059 0.0318496 0.0258866 0.0202989 0.0152339 0.0108442 0.00725351 0.00451694
 0.00766991 0.0125631 0.0190993 0.0272727 0.0368308 0.0471117 0.0570202 0.0653034 0.0710055 0.0737674 0.0737858 0.0715602 0.0676606 0.0626107 0.0568462 0.0506992 0.0444026 0.0381139 0.0319499 0.0260188 0.0204445 0.0153741 0.0109642 0.00734542 0.00457991
 0.0077121 0.0125968 0.0190885 0.0271693 0.0365963 0.0467462 0.0565795 0.0648879 0.0707201 0.0736743 0.0738797 0.0717791 0.0679207 0.0628434 0.0570177 0.0508109 0.0444777 0.0381805 0.0320284 0.0261162 0.0205558 0.0154873 0.0110662 0.00742713 0.00463816
 0.00783908 0.0127614 0.019257 0.0272808 0.0365737 0.0465201 0.0561145 0.0642027 0.0698952 0.0728411 0.0731884 0.0713519 0.067811 0.0630228 0.0573984 0.0512883 0.0449674 0.0386344 0.0324295 0.0264641 0.0208532 0.0157345 0.011262 0.00757185 0.00473655
 0.00861152 0.0138693 0.0206485 0.0288078 0.0380266 0.0476866 0.0568318 0.0643825 0.0695265 0.0719869 0.0719795 0.0699693 0.0664503 0.0618478 0.0565041 0.0506891 0.0446157 0.038456 0.0323557 0.0264476 0.0208674 0.015765 0.0112992 0.0076083 0.00476678
 0.00931465 0.0150078 0.0223424 0.0311364 0.0409775 0.0510951 0.0603467 0.0675087 0.0717567 0.0729674 0.071618 0.0684338 0.0640804 0.0590396 0.0536173 0.047993 0.0422701 0.036521 0.0308208 0.0252661 0.0199836 0.0151266 0.0108593 0.00732282 0.00459447
 0.00928255 0.0150417 0.022554 0.0316864 0.0420383 0.0527858 0.0626649 0.0702905 0.0746848 0.0756268 0.0735899 0.0694032 0.0639226 0.0578489 0.0516633 0.0456275 0.0398294 0.0342586 0.0288839 0.0237083 0.0187944 0.0142619 0.0102617 0.00693334 0.00435735
 0.00896379 0.0145592 0.021901 0.0308978 0.0412038 0.0520573 0.0622486 0.0704073 0.0754953 0.0771468 0.0756429 0.0716461 0.0659421 0.059288 0.052325 0.0455148 0.0391121 0.0331917 0.0277186 0.0226311 0.0179073 0.0135943 0.00979677 0.00663214 0.00417609
 0.00883646 0.0143345 0.021532 0.0303361 0.0404186 0.0510653 0.0611405 0.0693533 0.0747183 0.0768664 0.0760064 0.0726688 0.0674804 0.0610637 0.0540023 0.0468039 0.0398548 0.0333908 0.0275039 0.0221875 0.0174043 0.0131457 0.00945369 0.00639923 0.00403341
 0.00868611 0.0141152 0.0212467 0.0299981 0.0400416 0.0506503 0.0606726 0.0688169 0.074126 0.0762854 0.0755616 0.0725117 0.06773 0.061746 0.0550203 0.0479582 0.0409119 0.0341662 0.0279197 0.0222783 0.0172769 0.0129218 0.00922698 0.00621924 0.00391233
 0.00860657 0.013989 0.0210639 0.0297545 0.0397426 0.050314 0.0603284 0.0684968 0.0738503 0.076055 0.0753675 0.0723592 0.0676591 0.0618251 0.0553091 0.0484614 0.0415568 0.0348234 0.0284572 0.0226157 0.0174085 0.0129009 0.00912859 0.00610629 0.00382022
 0.00858084 0.0139505 0.0210118 0.0296894 0.0396652 0.0502238 0.0602241 0.0683779 0.0737196 0.0759184 0.0752315 0.0722292 0.0675427 0.0617405 0.0552889 0.0485425 0.0417562 0.035118 0.028784 0.0228986 0.0175935 0.0129763 0.00911998 0.00605495 0.00376156
 0.00856546 0.0139355 0.0210073 0.0297104 0.0397263 0.0503317 0.060371 0.0685409 0.0738659 0.0760153 0.0752558 0.0721726 0.0674133 0.0615606 0.0550919 0.0483676 0.0416396 0.0350796 0.0288179 0.0229734 0.0176677 0.0130188 0.00912182 0.006027 0.00372249
 0.00864725 0.0140499 0.0211457 0.0298548 0.0398566 0.0504357 0.060451 0.06861 0.0739377 0.0760916 0.075322 0.0722035 0.0673853 0.0614634 0.0549337 0.0481735 0.0414439 0.0349151 0.0287043 0.022912 0.0176429 0.0130085 0.00910899 0.00600598 0.00369676
 0.0087643 0.0142232 0.0213742 0.0301242 0.0401407 0.0507008 0.060662 0.0687385 0.0739705 0.0760368 0.0752061 0.0720591 0.0672358 0.0613158 0.0547825 0.0480121 0.0412743 0.0347497 0.0285602 0.0228014 0.017568 0.0129615 0.00907845 0.0059828 0.00367699
 0.00876418 0.0142231 0.0213738 0.0301227 0.0401359 0.0506887 0.060637 0.0686946 0.0739048 0.075953 0.0751164 0.0719822 0.067191 0.0613145 0.054823 0.0480802 0.0413504 0.0348181 0.0286142 0.0228427 0.0176009 0.0129886 0.00909957 0.00599673 0.00368381
 0.00870561 0.0141242 0.0212191 0.0298976 0.0398325 0.0503138 0.0602177 0.0682769 0.0735423 0.0756917 0.0749833 0.071983 0.0673143 0.0615387 0.0551212 0.0484226 0.0417062 0.0351587 0.0289175 0.0230958 0.0178006 0.0131381 0.00920548 0.00606683 0.0037264
 0.00880212 0.0142581 0.0213774 0.0300523 0.0399466 0.0503519 0.0601564 0.0681112 0.0732871 0.0753796 0.0746583 0.071691 0.0670932 0.0614105 0.0550902 0.0484778 0.0418267 0.0353185 0.0290906 0.0232605 0.0179422 0.0132498 0.00928672 0.00612142 0.00376004
 0.00881926 0.014289 0.0214284 0.0301281 0.0400456 0.0504601 0.0602455 0.0681441 0.0732314 0.0752228 0.0744163 0.0714043 0.0668132 0.0611842 0.0549484 0.0484313 0.0418676 0.0354258 0.0292372 0.0234195 0.0180914 0.0133751 0.0093821 0.00618753 0.00380178
 0.00882622 0.0143037 0.021457 0.0301787 0.0401262 0.0505754 0.0603921 0.0683073 0.0733843 0.0753308 0.0744464 0.0713371 0.0666529 0.0609595 0.0547039 0.0482126 0.0417078 0.0353386 0.0292174 0.0234494 0.0181488 0.0134398 0.00944013 0.0062321 0.00383187
 0.00886395 0.0144053 0.0216822 0.0306024 0.040813 0.0515422 0.0615784 0.0695749 0.0745527 0.0762285 0.0749542 0.0714072 0.0663058 0.06027 0.0537814 0.0471799 0.0406796 0.0344042 0.0284317 0.0228325 0.0176939 0.0131234 0.00923236 0.00610339 0.00375695
 0.0087409 0.0141763 0.0212896 0.0299901 0.0399582 0.050496 0.0604883 0.0686599 0.074029 0.0762222 0.0754515 0.0722684 0.0673286 0.0612616 0.0546083 0.0477841 0.0410688 0.0346269 0.0285494 0.0228983 0.0177413 0.0131668 0.00927337 0.00613861 0.00378354
 0.00908426 0.0147442 0.0221553 0.0312089 0.0415337 0.05234 0.0624016 0.070365 0.0752586 0.0768182 0.0754126 0.0717194 0.0664407 0.0601802 0.0534249 0.0465499 0.0398224 0.033414 0.0274247 0.0219145 0.0169355 0.0125517 0.0088373 0.0058524 0.00361018
 0.0085806 0.0139692 0.0210765 0.0298406 0.0399508 0.0506858 0.0608819 0.069212 0.0746626 0.0768593 0.0760349 0.0727671 0.0677272 0.0615436 0.0547464 0.0477459 0.0408352 0.0342119 0.0280062 0.0223067 0.0171827 0.0127005 0.00892548 0.00590512 0.00364196
 0.00843622 0.0136997 0.0206086 0.029091 0.0388536 0.0492353 0.0591689 0.0674297 0.0730691 0.0757088 0.0755069 0.0729205 0.0684938 0.0627607 0.0562111 0.0492671 0.042265 0.0354546 0.0290145 0.0230731 0.0177297 0.0130686 0.00916045 0.00604811 0.003725
 0.00860615 0.0139322 0.0208748 0.029328 0.038972 0.0491358 0.0587662 0.06668 0.0719968 0.0744243 0.0741985 0.0718127 0.0677823 0.0625524 0.0564975 0.04994 0.0431626 0.0364128 0.029904 0.0238157 0.0182963 0.0134673 0.00942052 0.00620616 0.00381481
 0.00874752 0.0141911 0.0213135 0.0300107 0.0399332 0.0503394 0.0600755 0.0678681 0.0728063 0.0746526 0.0737695 0.0708033 0.0663975 0.0610614 0.0551552 0.0489203 0.0425269 0.0361205 0.0298541 0.023895 0.0184148 0.013572 0.00949211 0.00624626 0.00383336
 0.00905536 0.0146442 0.0219103 0.0307256 0.0407326 0.0512006 0.0609916 0.0688277 0.0737585 0.0754833 0.0743145 0.0709026 0.0659654 0.0601349 0.053891 0.0475426 0.0412516 0.0350933 0.0291255 0.0234354 0.018153 0.0134324 0.00941772 0.00620366 0.00380685
 0.00924758 0.0150209 0.0225897 0.0318414 0.0423825 0.0533753 0.063526 0.071418 0.0760506 0.077184 0.0752595 0.0710536 0.0653675 0.058881 0.0521152 0.0454266 0.0390144 0.032955 0.0272601 0.0219381 0.0170374 0.0126536 0.00890403 0.00588204 0.00361593
 0.0088523 0.0144199 0.02177 0.0308382 0.0412928 0.0523644 0.0628133 0.0712275 0.076529 0.0783237 0.0768793 0.0728563 0.0670403 0.0601828 0.0529172 0.0457114 0.0388555 0.0324877 0.0266443 0.0213185 0.016512 0.0122638 0.00864528 0.00572575 0.00352873
 0.00897284 0.0145185 0.0217417 0.0305337 0.0405698 0.0511647 0.0612271 0.0695024 0.0750088 0.077343 0.076658 0.0734339 0.0682702 0.0617857 0.0545722 0.0471475 0.0399114 0.0331248 0.0269227 0.0213516 0.0164196 0.0121383 0.00853856 0.00565435 0.00348868
 0.00926452 0.0150338 0.0225825 0.0317915 0.0422693 0.0531946 0.0633059 0.0712283 0.076001 0.0774038 0.0758593 0.0720738 0.0667323 0.0603858 0.0534663 0.0463289 0.039274 0.0325469 0.026329 0.0207332 0.0158167 0.0116063 0.00811762 0.00535595 0.00329882
 0.0086077 0.0140413 0.0212363 0.0301438 0.0404506 0.0514081 0.0618025 0.070251 0.0757005 0.0777694 0.0767194 0.0731817 0.0678837 0.0614892 0.0545289 0.0473854 0.0403211 0.0335278 0.0271638 0.0213639 0.0162337 0.0118441 0.00823238 0.00540131 0.00331252
 0.008356 0.0135727 0.0204266 0.0288557 0.0385856 0.0489813 0.0590025 0.0674367 0.0733163 0.0762105 0.07621 0.0737187 0.0692647 0.0634045 0.0566713 0.0495258 0.0423248 0.0353235 0.0287065 0.0226202 0.0171894 0.0125161 0.00866671 0.00565946 0.00345418
 0.00904243 0.0146197 0.0218653 0.0306459 0.0405991 0.0509948 0.0607107 0.0685087 0.0734993 0.0754386 0.0746501 0.0717157 0.0672108 0.0616076 0.0552857 0.0485629 0.0417113 0.0349631 0.0285138 0.0225282 0.0171476 0.0124898 0.00863878 0.00562725 0.00342278
 0.00909827 0.0147691 0.0221957 0.0312675 0.0416066 0.0524103 0.0624342 0.0703098 0.0750643 0.0764586 0.0749155 0.0711818 0.066012 0.0600112 0.0536013 0.0470472 0.0405096 0.0341062 0.0279545 0.0221879 0.0169494 0.0123744 0.00856743 0.00557893 0.00338834
 0.00883816 0.0143576 0.0216041 0.0304936 0.0406951 0.0514717 0.0616461 0.0698785 0.0751476 0.0770837 0.0759441 0.0723531 0.0670449 0.0607109 0.0539179 0.0470633 0.0403764 0.0339657 0.0278903 0.0222164 0.0170427 0.0124905 0.00867292 0.00565715 0.00343745
 0.00872354 0.0141677 0.0213116 0.0300716 0.0401244 0.0507541 0.0608212 0.0690355 0.0744216 0.0766286 0.0758839 0.072728 0.0677803 0.0616347 0.0548248 0.0477946 0.04087 0.0342537 0.0280539 0.0223331 0.0171555 0.0126068 0.0087808 0.00574351 0.00349699
#obs surv len freq
 nan nan nan nan nan nan nan nan nan nan nan nan nan nan nan nan nan nan nan nan nan nan nan nan nan
 0.00448757 0.00735027 0.0111815 0.0159988 0.0216998 0.0279751 0.0342884 0.0400185 0.0446968 0.0481592 0.0505156 0.0520101 0.052901 0.0534123 0.0537257 0.0539799 0.054258 0.0545504 0.0546889 0.0542808 0.0527189 0.0493514 0.0438017 0.0362825 0.027667
 0.00461988 0.00756751 0.0115121 0.0164692 0.0223284 0.0287613 0.0352033 0.0410021 0.0456668 0.0490275 0.0512053 0.0524665 0.0530969 0.0533476 0.0534229 0.0534763 0.0535972 0.0537751 0.0538383 0.0533917 0.0518305 0.0485069 0.0430461 0.035654 0.0271867
 0.0047791 0.00782964 0.0119127 0.0170437 0.0231047 0.0297491 0.0363816 0.0423137 0.0470234 0.0503245 0.0523373 0.0533409 0.0536441 0.0535279 0.0532297 0.0529334 0.0527512 0.0526867 0.0525745 0.0520236 0.0504339 0.0471629 0.0418355 0.0346434 0.0264129
 0.0049754 0.00814849 0.0123923 0.0177199 0.0240051 0.0308831 0.0377293 0.0438206 0.0486053 0.0518801 0.0537607 0.0545308 0.0545107 0.0539992 0.0532596 0.0525073 0.0518886 0.0514383 0.0510176 0.0502569 0.0485741 0.0453385 0.040173 0.0332462 0.0253391
 0.00518785 0.00849816 0.0129264 0.0184846 0.0250365 0.0321922 0.0392877 0.0455567 0.0504157 0.05365 0.0553818 0.0559082 0.0555622 0.0546537 0.0534576 0.0522074 0.0510753 0.0501312 0.0492776 0.0481888 0.0463232 0.0430783 0.0380813 0.0314709 0.0239665
 0.00541494 0.00886942 0.0134893 0.0192855 0.0261125 0.0335583 0.0409222 0.0473943 0.052355 0.055571 0.057164 0.057444 0.0567617 0.0554446 0.0537821 0.0520196 0.0503441 0.0488509 0.0474828 0.0459699 0.0438317 0.0405161 0.0356683 0.0293977 0.0223503
 0.00565583 0.00926275 0.0140845 0.02013 0.0272429 0.0349864 0.0426213 0.0492937 0.0543502 0.0575428 0.0589969 0.059035 0.0580231 0.056303 0.054177 0.0519016 0.0496756 0.0476128 0.0456912 0.0436964 0.0412199 0.0377769 0.0330468 0.0271173 0.020556
 0.00589417 0.0096543 0.0146814 0.0209833 0.0283927 0.0364465 0.0443628 0.05124 0.0563884 0.059546 0.0608454 0.0606274 0.0592781 0.0571565 0.0545767 0.0518027 0.0490401 0.0464154 0.0439351 0.0414373 0.0385877 0.0349782 0.0303346 0.0247324 0.0186629
 0.00613567 0.010052 0.0152893 0.021855 0.029571 0.0379463 0.0461546 0.0532434 0.0584834 0.0615963 0.0627213 0.06222 0.0605045 0.0579578 0.0549126 0.0516433 0.0483604 0.0451967 0.042179 0.0391902 0.0359659 0.0321767 0.0276019 0.0223128 0.0167299
 0.00638306 0.0104554 0.0158988 0.0227185 0.0307254 0.039404 0.0478882 0.0551795 0.0605113 0.0635876 0.0645496 0.0637747 0.0616978 0.0587266 0.0552158 0.0514562 0.0476676 0.0439905 0.0404675 0.0370182 0.0334398 0.0294759 0.0249597 0.0199638 0.0148446
 0.00660692 0.0108248 0.0164648 0.0235315 0.0318249 0.0408024 0.0495545 0.0570349 0.0624419 0.0654673 0.066261 0.0652201 0.0628007 0.0594302 0.055481 0.0512583 0.0469926 0.0428348 0.0388442 0.0349732 0.0310724 0.0269503 0.022489 0.0177637 0.0130746
 0.00682486 0.0111813 0.0170056 0.0243008 0.0328573 0.0421092 0.0511098 0.0587696 0.0642514 0.0672312 0.0678624 0.0665596 0.0638033 0.0600456 0.0556793 0.0510242 0.04632 0.0417259 0.0373153 0.0330698 0.0288869 0.0246311 0.0202272 0.0157523 0.0114562
 0.00705585 0.0115589 0.0175773 0.0251113 0.0339382 0.0434645 0.0527012 0.0605127 0.0660293 0.0689179 0.069345 0.0677497 0.0646394 0.060491 0.0557181 0.0506551 0.045551 0.0405712 0.0358 0.0312415 0.0268318 0.022482 0.0181518 0.0139186 0.00998667
 0.00727428 0.0119191 0.0181284 0.0259011 0.0350024 0.0448099 0.0542888 0.0622539 0.0677984 0.0705784 0.0707742 0.0688547 0.0653613 0.0608034 0.05562 0.0501625 0.0446887 0.0393689 0.0342942 0.0294851 0.0249069 0.0205065 0.0162703 0.0122724 0.0086764
 0.0074441 0.0121994 0.0185582 0.02652 0.0358429 0.0458855 0.0555808 0.0637045 0.0693168 0.0720552 0.0720984 0.0699279 0.0661085 0.0611782 0.0556058 0.0497677 0.0439394 0.0383014 0.032954 0.0279307 0.0232182 0.0187896 0.0146486 0.0108633 0.00756089
 0.00753002 0.0123394 0.0187706 0.0268236 0.0362569 0.0464258 0.0562555 0.0645091 0.0702303 0.0730387 0.0730959 0.070869 0.0669153 0.061776 0.0559334 0.0497861 0.0436352 0.0376857 0.0320598 0.0268119 0.0219509 0.0174708 0.013387 0.00975943 0.00668369
 0.00760684 0.0124609 0.0189472 0.0270633 0.0365641 0.0468009 0.0566939 0.0650013 0.0707647 0.0736037 0.0736794 0.0714536 0.067472 0.0622615 0.0562937 0.0499657 0.0435887 0.0373883 0.0315135 0.0260485 0.0210312 0.0164789 0.0124183 0.00890198 0.00599794
 0.00767346 0.012562 0.0190858 0.0272378 0.0367695 0.0470308 0.0569419 0.065262 0.0710348 0.0738826 0.0739694 0.0717576 0.0677886 0.0625788 0.0565851 0.0501901 0.0436972 0.0373357 0.0312719 0.0256183 0.0204455 0.0158001 0.0117253 0.00827128 0.0054847
 0.00773402 0.0126542 0.0192127 0.0273976 0.0369554 0.0472318 0.0571439 0.0654505 0.0711986 0.0740182 0.0740831 0.0718629 0.0679005 0.0627069 0.0567272 0.0503289 0.0438009 0.0373641 0.0311874 0.0253998 0.0200988 0.0153607 0.0112501 0.00782206 0.00510972
 0.00779159 0.0127419 0.0193336 0.02755 0.0371331 0.0474242 0.0573372 0.0656283 0.071345 0.0741228 0.0741437 0.0718869 0.0679027 0.0627045 0.0567339 0.0503488 0.0438242 0.0373682 0.0311422 0.0252792 0.0198924 0.0150816 0.0109325 0.00750987 0.00484155
 0.00782476 0.0127962 0.0194158 0.0276656 0.0372844 0.0476073 0.0575397 0.0658303 0.0715235 0.0742581 0.0742249 0.0719133 0.0678829 0.062653 0.0566676 0.050282 0.043764 0.0373105 0.0310729 0.0251794 0.0197485 0.0148935 0.0107167 0.00729351 0.00465172
 0.00788383 0.0128824 0.0195274 0.0277953 0.0374221 0.0477444 0.0576714 0.0659548 0.0716391 0.0743596 0.0743033 0.071959 0.0678892 0.0626201 0.0566025 0.0501967 0.0436706 0.0372164 0.0309779 0.0250765 0.0196292 0.0147544 0.010564 0.00714188 0.00451796
 0.00788399 0.0128854 0.0195365 0.0278145 0.0374536 0.0477865 0.0577175 0.0659959 0.0716688 0.0743782 0.0743181 0.0719789 0.0679191 0.0626572 0.056639 0.0502244 0.0436846 0.0372156 0.0309623 0.0250449 0.0195793 0.0146857 0.0104806 0.0070534 0.00443598
 0.00786857 0.0128569 0.0194878 0.0277381 0.0373453 0.0476496 0.0575657 0.0658512 0.0715544 0.0743113 0.074305 0.0720171 0.0680009 0.0627726 0.0567765 0.0503706 0.0438258 0.0373397 0.031061 0.0251134 0.0196161 0.0146925 0.0104629 0.00701991 0.0043971
 0.00790434 0.0129059 0.0195445 0.0277908 0.0373786 0.0476489 0.0575216 0.0657632 0.071432 0.0741728 0.0741738 0.0719151 0.0679429 0.0627633 0.0568114 0.0504388 0.0439134 0.0374325 0.0311461 0.0251812 0.019661 0.0147134 0.010463 0.00700557 0.00437602
 0.00789958 0.0128997 0.0195376 0.0277839 0.0373706 0.0476355 0.0574948 0.0657132 0.0713523 0.0740646 0.0740491 0.071794 0.0678483 0.0627136 0.0568151 0.0504934 0.0440072 0.0375487 0.0312668 0.025291 0.0197492 0.0147751 0.0104988 0.00702065 0.00437749
 0.00790021 0.0128984 0.0195313 0.027769 0.0373442 0.0475968 0.0574465 0.0656604 0.0712989 0.0740117 0.0739943 0.0717359 0.0677898 0.0626638 0.0567866 0.050497 0.0440469 0.0376198 0.0313577 0.0253868 0.0198362 0.0148439 0.0105461 0.007048 0.0043899
 0.00790248 0.0128951 0.0195137 0.0277248 0.0372616 0.04747 0.0572804 0.0654716 0.0711119 0.0738518 0.0738805 0.0716769 0.0677837 0.062702 0.0568589 0.0505953 0.044166 0.0377548 0.0315016 0.0255294 0.019966 0.0149516 0.0106266 0.00710171 0.00442156
 0.0078913 0.0128809 0.0194992 0.0277136 0.0372551 0.0474644 0.0572653 0.0654327 0.0710385 0.0737437 0.0737511 0.0715486 0.06768 0.0626392 0.0568426 0.0506221 0.0442275 0.0378415 0.0316039 0.0256377 0.0200706 0.0150433 0.0106993 0.00715348 0.00445433
 0.00785485 0.012821 0.0194084 0.0275862 0.0370901 0.0472692 0.0570569 0.0652354 0.0708757 0.0736295 0.0736874 0.0715292 0.0676976 0.0626905 0.0569274 0.0507397 0.0443736 0.0380072 0.0317778 0.0258077 0.0202258 0.0151752 0.0108029 0.00722792 0.00450291
 0.00782597 0.0127716 0.0193297 0.0274687 0.0369262 0.0470568 0.0568043 0.0649621 0.0706107 0.0734047 0.0735299 0.0714545 0.0677071 0.0627735 0.0570673 0.0509197 0.0445793 0.0382265 0.031999 0.0260191 0.0204163 0.015336 0.0109289 0.007319 0.00456305
 0.00779103 0.0127146 0.0192436 0.0273467 0.036763 0.046851 0.0565603 0.0646924 0.070335 0.073148 0.073319 0.0713135 0.067653 0.0628119 0.0571915 0.0511127 0.0448186 0.0384893 0.0322652 0.0262721 0.0206426 0.015526 0.0110777 0.00742669 0.00463453
 0.00775701 0.0126565 0.0191512 0.0272092 0.0365723 0.0466054 0.0562692 0.0643761 0.070021 0.072865 0.0730917 0.0711606 0.0675867 0.0628384 0.0573091 0.0513112 0.0450797 0.0387891 0.0325779 0.0265736 0.0209138 0.0157538 0.0112558 0.00755551 0.00472013
 0.00774901 0.0126394 0.0191176 0.0271492 0.036475 0.0464625 0.0560782 0.0641428 0.0697599 0.0725973 0.0728426 0.0709551 0.0674459 0.0627766 0.0573325 0.0514179 0.0452595 0.0390243 0.0328455 0.0268486 0.0211725 0.015978 0.0114349 0.00768698 0.00480846
 0.00936661 0.0149104 0.0218723 0.0300074 0.0389553 0.0481583 0.0567964 0.0639317 0.0688316 0.0712147 0.0712362 0.0692931 0.0658396 0.0612969 0.0560233 0.0503033 0.0443479 0.0383106 0.0323131 0.0264724 0.0209225 0.015823 0.0113461 0.00764065 0.0047868
 0.00931887 0.0151359 0.022747 0.0320011 0.0424299 0.0530929 0.0626122 0.0695846 0.0731825 0.0734756 0.0712283 0.0673931 0.0627104 0.0576018 0.0522611 0.0467785 0.0412154 0.0356334 0.030103 0.0247116 0.0195743 0.0148368 0.0106621 0.00719435 0.00451525
 0.00897824 0.014594 0.021976 0.0310422 0.0414509 0.0524307 0.062736 0.070932 0.075903 0.0772374 0.0752534 0.0707535 0.0647152 0.0580366 0.0513653 0.0450348 0.0391181 0.0335508 0.0282492 0.0231798 0.0183816 0.0139585 0.0100519 0.00679684 0.00427412
 0.00878897 0.014277 0.0214822 0.0303226 0.0404748 0.0512184 0.0614023 0.0697167 0.0751551 0.0773215 0.076391 0.0728694 0.0673962 0.0606644 0.0533667 0.0461001 0.0392667 0.0330363 0.0273982 0.0222649 0.0175707 0.0133231 0.00959881 0.00649964 0.0040944
 0.00872187 0.0141618 0.0212963 0.0300385 0.0400624 0.050652 0.0606731 0.0688497 0.0742295 0.076486 0.0758572 0.0728598 0.0680494 0.0619384 0.055009 0.0477291 0.0405275 0.033739 0.0275588 0.0220442 0.0171701 0.0129039 0.00925146 0.00625247 0.00393845
 0.00870648 0.0141314 0.0212402 0.0299421 0.0399084 0.0504235 0.0603566 0.0684387 0.0737287 0.0759203 0.0752836 0.0723775 0.067791 0.0620295 0.055505 0.0485637 0.0415156 0.0346467 0.0282026 0.0223579 0.0172039 0.0127702 0.00906193 0.0060805 0.00381402
 0.00867521 0.0140843 0.0211759 0.0298607 0.03981 0.0503058 0.0602141 0.0682629 0.0735108 0.0756551 0.0749759 0.0720496 0.0674896 0.061826 0.0554791 0.0487691 0.0419432 0.0352113 0.0287713 0.0228073 0.0174707 0.0128638 0.0090397 0.00600859 0.00373975
 0.00866815 0.0140698 0.0211488 0.0298147 0.0397403 0.0502115 0.0600997 0.068137 0.0733814 0.075525 0.0748408 0.0719031 0.0673321 0.0616738 0.0553678 0.0487456 0.0420447 0.0354415 0.0290887 0.0231386 0.0177433 0.0130371 0.00911498 0.00601597 0.00371564
 0.00867655 0.0140834 0.0211686 0.0298409 0.0397706 0.0502407 0.0601192 0.0681368 0.0733533 0.0754658 0.074753 0.071792 0.0672042 0.0615367 0.0552344 0.0486376 0.0419895 0.0354613 0.0291862 0.0232903 0.0179077 0.0131739 0.00920211 0.00605431 0.00372096
 0.00866639 0.014071 0.0211575 0.0298368 0.0397797 0.0502669 0.0601615 0.0681885 0.0734031 0.0755007 0.0747618 0.0717685 0.067148 0.0614532 0.0551342 0.0485352 0.0419032 0.0354097 0.0291818 0.0233327 0.0179815 0.0132548 0.00926855 0.00609584 0.00373918
 0.00865284 0.0140494 0.0211262 0.0297953 0.0397301 0.0502142 0.0601146 0.0681579 0.0733973 0.0755218 0.0748036 0.0718182 0.0671907 0.0614773 0.0551346 0.048515 0.0418722 0.0353818 0.0291704 0.0233456 0.0180171 0.0133032 0.00931634 0.00613274 0.0037616
 0.00864361 0.0140329 0.0210988 0.029753 0.0396697 0.0501356 0.0600226 0.0680626 0.0733127 0.075462 0.0747792 0.0718322 0.0672377 0.0615448 0.0552074 0.0485799 0.0419227 0.035419 0.0292008 0.0233769 0.0180538 0.0133443 0.00935653 0.00616615 0.00378492
 0.00863538 0.0140208 0.0210828 0.0297335 0.0396467 0.0501083 0.059989 0.0680206 0.0732621 0.0754066 0.0747265 0.0717924 0.0672197 0.0615527 0.0552385 0.0486261 0.0419739 0.0354669 0.0292421 0.0234126 0.0180865 0.0133757 0.00938589 0.00619112 0.00380353
 0.00863148 0.0140153 0.021076 0.0297263 0.0396403 0.0501037 0.0599864 0.0680189 0.0732589 0.0753984 0.0747107 0.0717688 0.0671915 0.0615264 0.0552211 0.048622 0.0419828 0.0354853 0.029265 0.0234361 0.018109 0.0133967 0.00940505 0.00620756 0.00381628
 0.00860848 0.0139806 0.0210288 0.029668 0.0395742 0.050035 0.0599212 0.0679642 0.0732206 0.0753802 0.0747125 0.0717867 0.0672201 0.0615607 0.0552582 0.0486614 0.0420251 0.0355303 0.029311 0.0234805 0.0181491 0.0134309 0.00943255 0.00622848 0.00383112
 0.00860848 0.0139806 0.0210288 0.029668 0.0395742 0.050035 0.0599212 0.0679642 0.0732206 0.0753802 0.0747125 0.0717867 0.0672201 0.0615607 0.0552582 0.0486614 0.0420251 0.0355303 0.029311 0.0234805 0.0181491 0.0134309 0.00943255 0.00622848 0.00383112
 0.00892229 0.0144706 0.0217266 0.0305839 0.0406889 0.0512907 0.061216 0.0691591 0.0741666 0.0759563 0.0748567 0.0715061 0.0665794 0.0606599 0.0542088 0.0475671 0.0409701 0.0345741 0.0284889 0.0228073 0.0176241 0.0130421 0.00916082 0.0060506 0.00372298
 0.0086006 0.0140001 0.0211176 0.0298841 0.0399759 0.0506552 0.0607455 0.0689236 0.0742051 0.0762642 0.0753821 0.0721601 0.0672601 0.0612784 0.0547081 0.0479273 0.0412018 0.0347057 0.0285538 0.0228342 0.017633 0.0130445 0.00916204 0.00605215 0.00372482
 0.00907176 0.0146946 0.0220299 0.0309629 0.0411386 0.0518124 0.0618188 0.0698491 0.0749288 0.0767399 0.0755748 0.0720541 0.0668643 0.0606269 0.0538555 0.0469417 0.0401567 0.0336727 0.0275955 0.021998 0.0169471 0.0125168 0.00878265 0.00579849 0.00356801
 0.00854191 0.0139195 0.0210234 0.029793 0.0399082 0.0506287 0.0607724 0.0690137 0.0743723 0.076527 0.0757534 0.0726291 0.0677785 0.0617648 0.0550707 0.0480959 0.041151 0.0344598 0.028174 0.0223967 0.0172075 0.0126798 0.00888125 0.00585642 0.00360094
 0.00838175 0.013598 0.020433 0.0288123 0.0384525 0.0487171 0.0585736 0.0668273 0.0725384 0.0753146 0.0752888 0.0728963 0.0686656 0.063114 0.0567085 0.0498473 0.0428551 0.0359893 0.0294506 0.0233941 0.0179413 0.0131905 0.00921828 0.00606701 0.00372493
 0.00851346 0.0137968 0.0206978 0.0291164 0.0387317 0.0488645 0.0584526 0.0663152 0.0715922 0.0740222 0.073866 0.0716178 0.0677676 0.0627226 0.0568235 0.050372 0.043643 0.0368854 0.0303223 0.0241495 0.0185353 0.0136188 0.00950353 0.0062433 0.00382627
 0.00874159 0.0141792 0.0212918 0.0299742 0.0398776 0.0502625 0.0599781 0.0677536 0.0726787 0.0745167 0.0736334 0.0706817 0.0663109 0.061031 0.0551936 0.0490263 0.0426847 0.036305 0.0300372 0.0240526 0.0185319 0.013645 0.00952742 0.00625579 0.00382948
 0.00873393 0.0141919 0.0213587 0.0301462 0.0402143 0.0508153 0.0607688 0.0687547 0.0738011 0.0756099 0.074507 0.0711509 0.0662571 0.0604508 0.0542096 0.047847 0.0415323 0.0353454 0.0293447 0.0236167 0.0182917 0.013528 0.0094751 0.00623202 0.0038169
 0.00919478 0.0149156 0.0223985 0.0315296 0.0419329 0.0528122 0.0629278 0.0709038 0.0757386 0.0771433 0.075485 0.0714765 0.0658887 0.059407 0.0525796 0.0457948 0.0392798 0.0331299 0.0273655 0.0219957 0.017064 0.0126609 0.00889969 0.00587178 0.00360419
 0.00882705 0.014385 0.0217269 0.0307864 0.0412237 0.0522562 0.0626353 0.0709583 0.0761822 0.0779622 0.0766013 0.0727529 0.0671509 0.0604765 0.053311 0.0461102 0.0391875 0.0327199 0.0267782 0.0213759 0.0165201 0.0122463 0.00861878 0.00569969 0.00350757
 0.00874876 0.0142063 0.0213679 0.0301544 0.0402535 0.0509644 0.0611591 0.0695423 0.0751078 0.0774536 0.076756 0.0735266 0.0683879 0.0619593 0.0548103 0.0474273 0.0401879 0.0333529 0.0270755 0.021427 0.0164343 0.0121165 0.00850222 0.00561821 0.00345995
 0.0092204 0.0149424 0.0224112 0.0315049 0.0418465 0.0526526 0.062713 0.0706946 0.0756414 0.0772935 0.0760059 0.0724223 0.0671954 0.0608795 0.0539321 0.0467364 0.0396104 0.0328063 0.0265089 0.0208371 0.0158572 0.0116027 0.00809108 0.0053235 0.00327067
 0.0086303 0.0140654 0.0212477 0.0301175 0.0403528 0.0512036 0.0614677 0.0697906 0.0751621 0.0772446 0.0763219 0.0730065 0.0679677 0.0617982 0.0549766 0.0478727 0.0407696 0.0338932 0.0274318 0.0215394 0.016332 0.0118854 0.00823772 0.00538914 0.00329584
