SBPRF35
7.78865
Curr Bio
487587
B35
673541
F35
0.216077
FOFL
0.154834
OFL
60100.9
Bzero
2.22533e+006
#pred survey bio
 4.62331e+006 4.36939e+006 4.11761e+006 3.8227e+006 3.52743e+006 3.19723e+006 2.87052e+006 2.5239e+006 2.20959e+006 1.92676e+006 1.70003e+006 1.4998e+006 1.3047e+006 1.15812e+006 1.00328e+006 921990 823088 758293 718337 689315 659746 640205 622357 612232 613383 598193 597962 604800 604215 599566 605758 608561 607516 603622 591312 569704 563155 556261 567805 581200 586415 586883 600944 606816 597848 602237 602420 602849 604542 601697 595371 570117 543757 552232 545348 554627 566073 562255 553723 566786 544647 509585 496663 492918 1.74001e+007 1.06257e+007 1.10378e+007 1.18674e+007 1.28988e+007 1.39254e+007 1.48307e+007 1.55711e+007 1.61473e+007 1.65811e+007 1.69004e+007 1.71324e+007 1.72995e+007 1.74197e+007 1.75061e+007 1.75684e+007 1.76135e+007 1.76464e+007 1.76705e+007 1.76884e+007 1.77016e+007 1.77115e+007 1.77189e+007 1.77246e+007 1.77288e+007 1.77321e+007 1.77345e+007 1.77364e+007 1.77378e+007 1.77389e+007 1.77398e+007 1.77405e+007 1.7741e+007 1.77413e+007 1.77417e+007 1.77419e+007 1.77421e+007 1.77422e+007 1.77423e+007 1.77424e+007 1.77425e+007 1.77425e+007 1.77425e+007 1.77426e+007 1.77426e+007 1.77426e+007 1.77426e+007 1.77426e+007 1.77427e+007 1.77427e+007 1.77427e+007 1.77427e+007 1.77427e+007 1.77427e+007 1.77427e+007 1.77427e+007 1.77427e+007 1.77427e+007 1.77427e+007 1.77427e+007 1.77427e+007 1.77427e+007 1.77427e+007 1.77427e+007 1.77427e+007 1.77427e+007 1.77427e+007 1.77427e+007 1.77427e+007 1.77427e+007 1.77427e+007 1.77427e+007 1.77427e+007 1.77427e+007 1.77427e+007 1.77427e+007 1.77427e+007 1.77427e+007 1.77427e+007 1.77427e+007 1.77427e+007 1.77427e+007 1.77427e+007 1.77427e+007 1.77427e+007 1.77427e+007 1.77427e+007 1.77427e+007 1.77427e+007 1.77427e+007 1.77427e+007 1.77427e+007 1.77427e+007 1.77427e+007 1.77427e+007 1.77427e+007 1.77427e+007 1.77427e+007 1.77427e+007 1.77427e+007 0 0 0 0 0 0 0 0 0 0 0 0 0 0 0 0 0 0 0 0 0 0 0 0 0
#obs survey bio
 3.23197e+006 3.13882e+006 2.59416e+006 3.85583e+006 2.13394e+006 2.91482e+006 2.38619e+006 2.3751e+006 2.03868e+006 1.63814e+006 1.26042e+006 1.26567e+006 1.15704e+006 957998 853301 507199 654083 638683 874774 676657 560760 476602 560776 521680 598057 496333 569198 465365 468916 485694 498901 832190 705217 508445 686715 590684 551304 486013 773772 446925 645409 472285 454161 690655 547387 553160 626582 639402 622690 598386 644182 600600 710278 493931 506417 576025 604762 470813 735651 710642 434523 576994 448800 493324
#pred catch bio
 101317 102843 155814 177893 237257 264928 314037 313387 308949 278143 269886 276172 240341 250908 189746 205901 174631 150637 138548 136437 125990 122921 114983 105123 118210 104592 98142.4 103316 105008 94581.4 95939.8 96678.3 96114.1 99530.1 103084 89099.8 92672.7 81829.9 83796.8 91695.6 95055.4 83357.6 90079.2 100899 88038.3 90997.2 90454.5 89509.9 93797.7 96959.1 112316 112297 83835.6 98177.6 85178.8 83791 96288.6 99507.2 81035.6 109610 118849 100233 92975.3 84843.6 60100.9 82736.3 84614.5 89805 97219 104777 111372 116638 120602 123464 125467 126836 127755 128362 128760 129017 129183 129289 129357 129400 129427 129444 129455 129462 129466 129468 129470 129471 129472 129472 129472 129473 129473 129473 129473 129473 129473 129473 129473 129473 129473 129473 129473 129473 129473 129473 129473 129473 129473 129473 129473 129473 129473 129473 129473 129473 129473 129473 129473 129473 129473 129473 129473 129473 129473 129473 129473 129473 129473 129473 129473 129473 129473 129473 129473 129473 129473 129473 129473 129473 129473 129473 129473 129473 129473 129473 129473 129473 129473 129473 129473 129473 129473 129473 129473 129473 129473 129473 129473 129473 0 0 0 0 0 0 0 0 0 0 0 0 0 0 0 0 0 0 0 0 0 0 0 0 0
#obs catch bio
 0 102651 156746 178643 240015 268214 320307 320272 316670 283888 276692 284537 246987 259183 193782 213772 180240 154490 140839 138980 128521 125757 117295 106615 120920 106860 99829.9 105336 106765 95928.3 97572.8 97739.4 97110.3 100679 104265 89504.2 93824.1 82130.7 83976.1 92101.9 95107.2 83248.4 90212.3 101113 87605.9 90786.1 90138.4 89253.3 93416.6 97026.9 112375 112818 83404.1 98789.8 85433.4 83694.7 96467.7 100106 80655.4 108956 118434 99761.7 92798.5 84768.6
#pred cpue bio
 4.5497e+006 4.3008e+006 4.0524e+006 3.75885e+006 3.46467e+006 3.13598e+006 2.81094e+006 2.46661e+006 2.15472e+006 1.87442e+006 1.6496e+006 1.45118e+006 1.25843e+006 1.1139e+006 961605 881173 784184 721264 682988 655210 626585 607598 590384 580713 581839 567108 567074 574074 573920 569730 576047 579333 579023 575868 564634 544240 537176 528767 538933 551994 557539 558379 572193 578130 569821 574334 574550 574925 576466 573475 567194 542481 516501 524376 517540 526660 538138 534528 526130 539067 517693 483022 469793 466282 1.65014e+007 1.00963e+007 1.03911e+007 1.10965e+007 1.2088e+007 1.31062e+007 1.401e+007 1.47501e+007 1.53263e+007 1.576e+007 1.60794e+007 1.63113e+007 1.64785e+007 1.65986e+007 1.6685e+007 1.67473e+007 1.67925e+007 1.68254e+007 1.68495e+007 1.68673e+007 1.68806e+007 1.68905e+007 1.68979e+007 1.69035e+007 1.69078e+007 1.6911e+007 1.69135e+007 1.69154e+007 1.69168e+007 1.69179e+007 1.69188e+007 1.69194e+007 1.69199e+007 1.69203e+007 1.69206e+007 1.69208e+007 1.6921e+007 1.69212e+007 1.69213e+007 1.69213e+007 1.69214e+007 1.69215e+007 1.69215e+007 1.69215e+007 1.69216e+007 1.69216e+007 1.69216e+007 1.69216e+007 1.69216e+007 1.69216e+007 1.69216e+007 1.69216e+007 1.69216e+007 1.69216e+007 1.69216e+007 1.69216e+007 1.69216e+007 1.69216e+007 1.69216e+007 1.69216e+007 1.69216e+007 1.69216e+007 1.69216e+007 1.69216e+007 1.69216e+007 1.69216e+007 1.69216e+007 1.69216e+007 1.69216e+007 1.69216e+007 1.69216e+007 1.69216e+007 1.69216e+007 1.69216e+007 1.69216e+007 1.69216e+007 1.69216e+007 1.69216e+007 1.69216e+007 1.69216e+007 1.69216e+007 1.69216e+007 1.69216e+007 1.69216e+007 1.69216e+007 1.69216e+007 1.69216e+007 1.69216e+007 1.69216e+007 1.69216e+007 1.69216e+007 1.69216e+007 1.69216e+007 1.69216e+007 1.69216e+007 1.69216e+007 1.69216e+007 1.69216e+007 1.69216e+007 1.69216e+007 0 0 0 0 0 0 0 0 0 0 0 0 0 0 0 0 0 0 0 0 0 0 0 0 0
#obs cpue bio
 2.96855e+006 4.00256e+006 2.95939e+006 2.8545e+006 3.13254e+006 2.82239e+006 2.2362e+006 1.81124e+006 1.71734e+006 2.16752e+006 1.30022e+006 1.21547e+006 902824 1.08002e+006 842031 674316 662242 699162 678518 481052 443304 509475 535763 620612 363919 390158 537322 545407 747840 512611 479224 568662 428113 563086 485603 591674 332118 846431 452814 618980 730419 638351 659139 580294 898035 590117 626488 515736 669140 365467 613768 415042 537838 366757 513235 682312 458338 493566 581203 695687 580072 440083 486391 429041
#pred surv len freq
 0.00534735 0.00861311 0.012834 0.0179482 0.0238104 0.0301246 0.0364089 0.0421004 0.0467655 0.0502497 0.05266 0.0542372 0.0552323 0.0558373 0.0561549 0.05619 0.0558633 0.0550406 0.0535533 0.0512002 0.0477511 0.0430049 0.036929 0.0298166 0.022327
 0.00570851 0.00907427 0.0133008 0.0182692 0.023837 0.0297939 0.0357978 0.0414032 0.0461979 0.0499359 0.0525745 0.0542325 0.0551286 0.0555194 0.0556298 0.0555863 0.0553777 0.0548546 0.0537544 0.0517432 0.048479 0.0437213 0.0374806 0.0301431 0.0224567
 0.00598543 0.00953856 0.0140165 0.0192807 0.0251311 0.0312598 0.0372166 0.0425014 0.0467579 0.0498994 0.0520621 0.0534582 0.0542726 0.0546508 0.0547257 0.0546138 0.0543685 0.0539166 0.0530197 0.0512919 0.048295 0.0437057 0.0375111 0.0301345 0.0223865
 0.00624603 0.00995405 0.0146291 0.0201306 0.0262547 0.0326792 0.0389146 0.0443883 0.0486505 0.0515403 0.0531897 0.0539014 0.0540131 0.0538101 0.0534867 0.0531412 0.0527806 0.0523085 0.0514911 0.0499421 0.0471894 0.0428511 0.036865 0.02964 0.0220025
 0.00650079 0.0103585 0.0152204 0.0209385 0.0272993 0.033967 0.0404321 0.046096 0.0504781 0.0533797 0.0548868 0.0552621 0.054839 0.0539591 0.052926 0.0519556 0.0511346 0.0503924 0.0494842 0.0479986 0.0454303 0.0413542 0.0356601 0.0287172 0.0213296
 0.00677805 0.0108028 0.0158769 0.0218455 0.0284814 0.0354257 0.0421351 0.047974 0.0524347 0.0553074 0.0566778 0.0568045 0.0560075 0.0546165 0.0529476 0.0512722 0.0497682 0.0484627 0.0471829 0.0455464 0.0430373 0.0391909 0.0338402 0.0272917 0.0202924
 0.00704488 0.011231 0.0165115 0.0227261 0.0296368 0.0368643 0.0438334 0.0498703 0.0544331 0.0572934 0.0585342 0.0584221 0.0572864 0.0554607 0.053261 0.0509667 0.0487894 0.0468244 0.0449895 0.0429876 0.0403545 0.036628 0.0315963 0.025489 0.0189655
 0.00733877 0.0117047 0.0172173 0.0237101 0.0309317 0.0384765 0.0457291 0.0519691 0.0566181 0.0594307 0.0604934 0.0600893 0.058568 0.0562816 0.0535577 0.0506819 0.0478758 0.0452647 0.0428276 0.0403538 0.0374647 0.0337483 0.0289841 0.023333 0.0173498
 0.00764578 0.0121906 0.0179245 0.0246717 0.0321682 0.0399908 0.0474967 0.0539314 0.0586829 0.0614831 0.0624098 0.0617511 0.0598722 0.0571455 0.0539187 0.0504915 0.0470966 0.0438772 0.0408519 0.037879 0.0346658 0.0308725 0.0263005 0.0210643 0.0156177
 0.00806103 0.0128324 0.0188289 0.0258511 0.0336121 0.0416676 0.0493528 0.0558895 0.0606484 0.063356 0.0640964 0.0631687 0.0609492 0.0578204 0.0541392 0.0502144 0.0462877 0.0425172 0.0389517 0.0355046 0.0319605 0.0280555 0.0236288 0.018768 0.0138377
 0.00839746 0.0133696 0.0196184 0.0269318 0.0350009 0.0433457 0.0512538 0.0579005 0.0626302 0.0651753 0.065651 0.0643944 0.0618111 0.058298 0.0542144 0.0498653 0.0454892 0.0412486 0.0372139 0.033344 0.0294911 0.0254634 0.0211436 0.0166062 0.0121421
 0.00864184 0.0137714 0.0202315 0.0278095 0.0361854 0.0448512 0.0530472 0.0598927 0.064685 0.0671334 0.0673599 0.0657336 0.0627066 0.0587229 0.054177 0.0493884 0.0445937 0.0399477 0.0355236 0.0313064 0.0271998 0.0230731 0.0188515 0.0146044 0.0105623
 0.00895315 0.0142639 0.0209479 0.0287823 0.0374333 0.0463728 0.0548106 0.0618273 0.0666822 0.0690579 0.0690673 0.06709 0.0636079 0.0591095 0.0540378 0.048753 0.0435135 0.0384793 0.0337224 0.0292368 0.0249547 0.0207871 0.016691 0.0127311 0.00908746
 0.00922693 0.0146893 0.021552 0.0295785 0.0384216 0.04754 0.0561287 0.0632505 0.0681491 0.0704962 0.0703987 0.0682322 0.0644777 0.0596308 0.0541533 0.0484347 0.0427674 0.0373405 0.032248 0.0275027 0.0230597 0.0188568 0.0148689 0.0111522 0.00784347
 0.00977873 0.0155344 0.0227261 0.0310776 0.0402023 0.0495231 0.0582009 0.0652706 0.0699665 0.0719802 0.0714625 0.0688409 0.0646378 0.0593721 0.0535121 0.0474458 0.0414642 0.0357612 0.0304432 0.0255413 0.0210336 0.0168789 0.0130618 0.00962397 0.00666036
 0.00981184 0.0156254 0.0229309 0.0314694 0.0408511 0.0504648 0.0594113 0.0666619 0.0714097 0.0733411 0.0726307 0.0697418 0.0652314 0.0596438 0.0534645 0.0470909 0.0408194 0.0348497 0.0292992 0.0242176 0.0196062 0.0154452 0.0117278 0.00848321 0.00577114
 0.00985562 0.0157208 0.0231207 0.031812 0.041411 0.051294 0.0605267 0.0680283 0.0729341 0.0748825 0.0740248 0.0708365 0.0659201 0.059885 0.0532773 0.0465338 0.0399651 0.0337679 0.0280524 0.0228669 0.0182198 0.0141023 0.0105112 0.00746327 0.00498803
 0.00988999 0.015758 0.0231449 0.0318035 0.041361 0.0512229 0.0604953 0.068128 0.0732562 0.0754776 0.0748734 0.0718456 0.0669466 0.0607755 0.0539081 0.0468352 0.0399253 0.03342 0.0274553 0.0220916 0.017343 0.0132041 0.00966944 0.00674249 0.004427
 0.0100044 0.0159117 0.0233155 0.0319488 0.0414284 0.0511679 0.0603014 0.0678198 0.0729028 0.0751821 0.0747476 0.0719728 0.0673475 0.061393 0.0546221 0.0475019 0.0404203 0.0336683 0.0274394 0.0218421 0.0169226 0.0126905 0.009141 0.00626497 0.00404295
 0.0101474 0.0161248 0.0235988 0.0322855 0.0417843 0.0514944 0.0605401 0.0679145 0.0728173 0.0749206 0.0743656 0.0715685 0.0670326 0.0612536 0.0546866 0.0477305 0.0407215 0.0339344 0.0275839 0.0218235 0.0167482 0.0124049 0.00880628 0.00594062 0.00377139
 0.0102806 0.0163362 0.0239065 0.0326999 0.0423028 0.0520936 0.0611699 0.0684989 0.073268 0.0751595 0.0743487 0.0713028 0.0665781 0.0607093 0.0541608 0.0473063 0.0404312 0.0337556 0.0274588 0.0216903 0.0165682 0.0121738 0.00854808 0.00569102 0.00356095
 0.0102842 0.0163497 0.0239412 0.0327721 0.0424313 0.0522939 0.0614478 0.0688447 0.0736527 0.0755358 0.0746582 0.0714891 0.066605 0.0605753 0.0539034 0.0469898 0.0401229 0.0335003 0.027266 0.0215396 0.016429 0.0120249 0.00838753 0.00553259 0.0034228
 0.0103366 0.0164234 0.0240315 0.0328692 0.0425247 0.0523799 0.0615337 0.0689468 0.0737882 0.0757119 0.0748642 0.071695 0.0667688 0.0606567 0.0538787 0.0468624 0.0399223 0.0332696 0.0270437 0.021346 0.0162652 0.011882 0.00825807 0.00541646 0.00332519
 0.0104753 0.0166181 0.0242673 0.0331124 0.0427316 0.052512 0.061571 0.0688937 0.073671 0.0755708 0.0747414 0.0716222 0.0667564 0.0606903 0.0539261 0.0468878 0.0399021 0.0332005 0.0269392 0.0212269 0.0161482 0.0117754 0.00816428 0.00533622 0.0032599
 0.0103852 0.0164985 0.024136 0.0329991 0.0426663 0.0525072 0.0616113 0.0689409 0.0736842 0.0755296 0.0746581 0.0715352 0.0667105 0.0607155 0.0540254 0.0470387 0.0400679 0.0333462 0.0270434 0.0212849 0.0161673 0.0117679 0.00814171 0.00530752 0.0032315
 0.0103827 0.0165025 0.0241575 0.0330553 0.0427779 0.0526929 0.0618791 0.0692791 0.0740556 0.0758746 0.0749089 0.0716401 0.0666545 0.0605263 0.053759 0.0467545 0.0398079 0.0331271 0.0268633 0.0211342 0.0160386 0.0116584 0.00805177 0.00523761 0.00318073
 0.0103086 0.0163786 0.0239659 0.0327811 0.0424171 0.0522633 0.0614274 0.068877 0.0737814 0.0757865 0.0750232 0.0719247 0.0670419 0.0609386 0.0541344 0.0470617 0.0400443 0.0333059 0.0269987 0.0212352 0.016109 0.0117015 0.0080727 0.00524328 0.00317809
 0.0101671 0.0161617 0.0236637 0.0323922 0.0419481 0.0517275 0.0608475 0.0682902 0.0732424 0.0753637 0.0747852 0.0719202 0.0672807 0.0613842 0.0547138 0.0476884 0.0406438 0.0338304 0.0274285 0.0215698 0.0163576 0.0118765 0.00818778 0.0053129 0.00321614
 0.0101383 0.0161102 0.0235776 0.0322582 0.0417545 0.0514694 0.0605312 0.0679334 0.072871 0.0750077 0.0744776 0.0716968 0.0671776 0.0614279 0.0549088 0.0480104 0.0410439 0.0342507 0.0278191 0.0218991 0.0166134 0.0120612 0.00831187 0.00538996 0.00325995
 0.0101395 0.0161125 0.0235809 0.0322611 0.0417523 0.051453 0.0604868 0.0678459 0.0727298 0.0748127 0.0742424 0.0714477 0.0669487 0.0612556 0.0548242 0.0480309 0.0411669 0.0344522 0.028061 0.0221416 0.016826 0.0122277 0.00842991 0.00546606 0.00330457
 0.0099003 0.0157607 0.0231209 0.0317217 0.0411799 0.0508987 0.0599957 0.0674523 0.0724555 0.0746665 0.0742202 0.0715358 0.0671292 0.0615119 0.0551437 0.0484041 0.0415831 0.0348953 0.0285068 0.0225605 0.0171905 0.0125197 0.00864429 0.00561003 0.00339276
 0.00972978 0.015489 0.0227241 0.031186 0.0405097 0.0501264 0.0591872 0.0667001 0.0718565 0.0742927 0.0740995 0.0716515 0.067435 0.0619514 0.0556655 0.0489683 0.0421614 0.0354663 0.029051 0.0230577 0.0176208 0.0128682 0.00890573 0.00579015 0.00350604
 0.00964792 0.0153542 0.0225176 0.0308888 0.0401057 0.0496089 0.0585675 0.0660143 0.0711662 0.0736771 0.0736394 0.0714088 0.0674365 0.0621831 0.0560809 0.0495057 0.04276 0.0360765 0.0296358 0.02359 0.0180806 0.0132423 0.00918952 0.00598894 0.00363351
 0.00941195 0.015013 0.0220822 0.0303942 0.039599 0.049129 0.058132 0.0656193 0.0708002 0.0733373 0.0733431 0.0711934 0.0673481 0.0622595 0.056336 0.0499224 0.0432956 0.036675 0.0302418 0.0241577 0.0185773 0.0136489 0.00949975 0.00620793 0.00377541
 0.00935307 0.0149024 0.0218903 0.03009 0.0391637 0.0485746 0.0575111 0.0650159 0.070299 0.0729908 0.0731562 0.0711362 0.0673848 0.0623717 0.056527 0.0502046 0.0436725 0.0371306 0.0307416 0.0246581 0.0190374 0.0140387 0.00980419 0.00642658 0.00391912
 0.0102892 0.0162221 0.023501 0.0317758 0.040643 0.0495947 0.0579295 0.0648268 0.0696078 0.0719632 0.0719683 0.0699366 0.0662743 0.061402 0.0557159 0.0495564 0.0431891 0.0368104 0.0305724 0.0246133 0.0190789 0.0141262 0.00990322 0.00651443 0.00398528
 0.0109133 0.0172181 0.0249551 0.0337278 0.0430457 0.0522704 0.0605526 0.0669744 0.0708855 0.0721501 0.071096 0.0682568 0.0641428 0.0591551 0.0535953 0.0476955 0.0416389 0.0355745 0.0296312 0.0239346 0.0186213 0.0138413 0.00974193 0.00643277 0.00394923
 0.0108248 0.0171721 0.0250675 0.0341687 0.0439965 0.0538511 0.0627478 0.0695963 0.0735907 0.0745119 0.0727116 0.0688601 0.0636821 0.0577967 0.0516513 0.0455132 0.0395072 0.0336807 0.0280651 0.0227152 0.0177247 0.0132206 0.00933969 0.00619032 0.00381421
 0.0104138 0.0165537 0.0242363 0.0331707 0.0429402 0.0529097 0.0621467 0.069568 0.0742965 0.0759553 0.0746955 0.0710234 0.0656086 0.05915 0.0522724 0.0454429 0.0389335 0.0328469 0.0271874 0.0219379 0.0171151 0.0127878 0.0090591 0.00602414 0.0037246
 0.0101251 0.0160971 0.0235748 0.0322835 0.0418336 0.0516335 0.0608106 0.0683474 0.0734119 0.0756229 0.0750591 0.0720917 0.067226 0.0610245 0.0540605 0.0468588 0.0398318 0.0332412 0.0272057 0.0217482 0.0168619 0.012561 0.00889502 0.00592315 0.00367086
 0.0100445 0.0159601 0.023357 0.031957 0.0413713 0.0510181 0.0600464 0.0674719 0.0725036 0.0748007 0.0744702 0.0718813 0.0674911 0.0617663 0.0551622 0.0481103 0.0409974 0.0341406 0.0277652 0.0220006 0.0169037 0.0124984 0.00880696 0.00585041 0.00362452
 0.0101539 0.0161099 0.0235295 0.032116 0.0414686 0.0510052 0.0598869 0.0671482 0.0720208 0.0741909 0.0737968 0.0712399 0.066998 0.061531 0.0552487 0.0485042 0.0416009 0.0348042 0.0283445 0.0224071 0.0171229 0.0125725 0.00879855 0.00581264 0.00358802
 0.00997248 0.0158521 0.0232095 0.0317675 0.0411319 0.0507081 0.0596309 0.0669107 0.0717714 0.0739106 0.0734912 0.0709406 0.0667573 0.0614113 0.0553086 0.0487778 0.0420777 0.0354214 0.0290016 0.0230005 0.0175821 0.0128772 0.00897126 0.00589538 0.00362096
 0.00976371 0.0155405 0.0227936 0.0312679 0.0405896 0.0501782 0.0591738 0.0665794 0.0715949 0.0738819 0.073568 0.0710648 0.0668827 0.061525 0.0554334 0.0489572 0.0423507 0.0357987 0.0294551 0.0234718 0.0180065 0.0132089 0.00919641 0.00602819 0.00368907
 0.00990483 0.0157266 0.0229941 0.0314294 0.0406527 0.0501038 0.0589634 0.0662774 0.0712701 0.0735992 0.0733653 0.0709443 0.0668183 0.0614811 0.0553866 0.0489094 0.0423266 0.0358295 0.029558 0.0236378 0.0182032 0.0133968 0.00934602 0.00612889 0.00374662
 0.00992692 0.0157618 0.0230439 0.0314896 0.0407082 0.0501249 0.0589086 0.0661072 0.0709693 0.0731952 0.0729277 0.0705609 0.0665601 0.0613766 0.0554195 0.0490381 0.0425092 0.03604 0.0297858 0.0238765 0.0184408 0.0136145 0.0095251 0.00625937 0.00383022
 0.0099599 0.0158144 0.0231211 0.031595 0.0408425 0.0502834 0.0590771 0.0662588 0.0710661 0.073197 0.0728079 0.0703223 0.066241 0.0610402 0.0551297 0.0488369 0.0424077 0.0360253 0.0298356 0.0239689 0.0185567 0.013736 0.00963608 0.0063481 0.00389225
 0.0100171 0.0158976 0.0232284 0.0317187 0.0409723 0.0504099 0.059195 0.0663657 0.071158 0.0732641 0.0728326 0.0702835 0.0661243 0.0608485 0.0548885 0.0485877 0.0421932 0.0358746 0.0297574 0.0239549 0.0185889 0.0137939 0.00970125 0.00640688 0.00393721
 0.0100887 0.0160044 0.023371 0.0318906 0.0411606 0.0505981 0.0593651 0.0665014 0.0712479 0.0733039 0.0728248 0.0702328 0.0660331 0.0607161 0.054716 0.0483844 0.0419799 0.0356785 0.0296027 0.0238544 0.0185414 0.0137874 0.00971931 0.0064342 0.00396317
 0.0100394 0.0159514 0.0233405 0.0319218 0.041293 0.0508517 0.059726 0.0669205 0.0716568 0.0736377 0.0730402 0.0703146 0.0659896 0.0605697 0.0544935 0.0481127 0.0416847 0.0353857 0.0293374 0.0236367 0.0183818 0.0136848 0.00966321 0.00640987 0.0039566
 0.0100722 0.0159935 0.0233848 0.0319591 0.0413196 0.050879 0.0597829 0.0670438 0.0718704 0.073933 0.0733714 0.0706147 0.066196 0.060646 0.0544366 0.0479452 0.0414427 0.035108 0.0290591 0.0233859 0.0181774 0.0135345 0.00956436 0.00635231 0.00392739
 0.0102882 0.0163302 0.0238627 0.0325832 0.0420738 0.0517213 0.060644 0.0678363 0.0725096 0.0743608 0.0735672 0.070588 0.0659701 0.0602461 0.0538896 0.0472855 0.0407155 0.0343659 0.0283535 0.0227594 0.017658 0.013134 0.00927833 0.00616432 0.00381433
 0.0105692 0.0167594 0.0244573 0.03334 0.0429709 0.0527195 0.0616866 0.0688473 0.0733988 0.0750373 0.0739589 0.0706584 0.0657248 0.0597272 0.0531605 0.0464165 0.0397738 0.0334133 0.027446 0.0219447 0.016971 0.0125925 0.00888181 0.00589621 0.00364798
 0.0104304 0.0165562 0.0241936 0.0330362 0.0426605 0.0524436 0.0614879 0.0687665 0.073468 0.0752713 0.0743456 0.0711549 0.0662631 0.06023 0.0535612 0.046673 0.0398749 0.0333744 0.0273012 0.0217371 0.0167439 0.0123813 0.00870908 0.00577028 0.00356578
 0.0103625 0.0164662 0.0240959 0.0329569 0.0426306 0.0524876 0.0616146 0.0689662 0.0737187 0.0755467 0.074623 0.0714169 0.066496 0.0604192 0.0536887 0.0467203 0.039829 0.0332354 0.0270852 0.0214734 0.0164681 0.0121264 0.00849816 0.00561346 0.00346091
 0.0101909 0.016193 0.0236978 0.0324215 0.0419659 0.0517324 0.0608446 0.0682858 0.0732355 0.075339 0.074717 0.071785 0.0670725 0.061121 0.0544326 0.0474327 0.0404519 0.0337307 0.0274372 0.0216893 0.0165726 0.0121539 0.00848314 0.00558283 0.00343117
 0.0102151 0.016202 0.0236553 0.0322752 0.041661 0.0512342 0.0601602 0.0674734 0.0723962 0.0745953 0.0741843 0.0715449 0.0671538 0.0614956 0.0550267 0.0481487 0.0411916 0.0344126 0.0280065 0.0221205 0.0168672 0.0123331 0.00857779 0.00562432 0.00344451
 0.0102615 0.0162936 0.02382 0.032541 0.0420387 0.0516965 0.0606294 0.0678343 0.0725351 0.0744481 0.0737667 0.0709479 0.0665097 0.0609327 0.0546322 0.0479525 0.0411708 0.0345108 0.028158 0.0222703 0.0169817 0.0124013 0.00860591 0.00562641 0.0034348
 0.0101529 0.0161507 0.0236684 0.0324279 0.0420235 0.0518316 0.0609393 0.0683 0.0730888 0.074983 0.0741634 0.0711135 0.0664133 0.060618 0.0541985 0.0475136 0.0408146 0.034277 0.0280399 0.0222327 0.0169836 0.0124117 0.00860945 0.00562067 0.00342389
 0.0100929 0.0160186 0.0234088 0.0319774 0.0413376 0.0509227 0.0599031 0.0673058 0.0723294 0.0746046 0.074214 0.0715332 0.0670674 0.0613524 0.0548926 0.0481082 0.0413076 0.0346965 0.0284137 0.0225707 0.0172786 0.0126506 0.00878502 0.0057365 0.00349207
 0.0105359 0.0166866 0.0243127 0.0330821 0.0425587 0.0521313 0.0609396 0.0680102 0.0725884 0.0743975 0.0736248 0.0707153 0.0661791 0.0605028 0.054125 0.0474204 0.0406865 0.0341414 0.0279381 0.0221904 0.0169982 0.0124597 0.00866351 0.00566283 0.0034488
 0.0108648 0.0172317 0.0251493 0.034277 0.0441447 0.0540699 0.0630901 0.0701306 0.0743826 0.0755939 0.0740528 0.0703483 0.0651308 0.0589823 0.0523696 0.0456351 0.0390122 0.032656 0.0266767 0.0211639 0.0162021 0.0118761 0.00826168 0.00540415 0.00329361
 0.0105762 0.0168375 0.0246975 0.0338667 0.0439086 0.0541396 0.0635582 0.0710211 0.0756332 0.0770535 0.0755029 0.0715517 0.0658969 0.0592207 0.052108 0.0449945 0.0381551 0.0317359 0.0258071 0.020412 0.0155972 0.011421 0.00794197 0.00519538 0.00316749
 0.00998842 0.0159602 0.0235265 0.03246 0.0423832 0.0526592 0.0623167 0.0702186 0.0754352 0.0775401 0.0766303 0.0731497 0.0677078 0.0609664 0.0535608 0.0460265 0.0387514 0.0319698 0.0257952 0.0202702 0.015414 0.0112501 0.00780777 0.0051023 0.00310948
#obs surv len freq
 nan nan nan nan nan nan nan nan nan nan nan nan nan nan nan nan nan nan nan nan nan nan nan nan nan
 0.00447938 0.00733887 0.0111679 0.015985 0.0216884 0.0279682 0.0342867 0.0400216 0.044703 0.0481668 0.0505234 0.0520171 0.052907 0.0534172 0.0537297 0.0539832 0.0542607 0.0545528 0.0546912 0.0542828 0.0527209 0.0493531 0.0438032 0.0362837 0.027668
 0.00461256 0.0075552 0.0114929 0.0164417 0.022292 0.0287178 0.0351572 0.0409601 0.0456352 0.0490107 0.0512036 0.0524773 0.053116 0.053371 0.0534477 0.0535012 0.0536215 0.0537989 0.0538616 0.0534146 0.0518525 0.0485274 0.0430642 0.035669 0.0271981
 0.00477936 0.00782795 0.0119063 0.0170285 0.0230766 0.0297052 0.0363221 0.0422426 0.0469483 0.0502548 0.0522822 0.053307 0.0536338 0.0535395 0.0532583 0.0529733 0.0527976 0.0527361 0.052625 0.0520738 0.0504825 0.0472084 0.0418758 0.0346767 0.0264383
 0.00497497 0.00814907 0.0123953 0.017727 0.0240168 0.0308976 0.0377415 0.0438232 0.0485919 0.0518476 0.0537121 0.0544744 0.0544569 0.0539577 0.053236 0.0525026 0.0518997 0.0514607 0.0510465 0.0502888 0.0486063 0.0453689 0.0402 0.0332685 0.025356
 0.00518203 0.00848823 0.0129107 0.0184619 0.0250063 0.0321561 0.0392493 0.0455205 0.0503851 0.0536252 0.0553597 0.0558852 0.0555368 0.0546287 0.0534392 0.052202 0.051087 0.0501601 0.0493206 0.0482411 0.0463792 0.0431333 0.038131 0.0315124 0.0239982
 0.00542053 0.00887743 0.0134992 0.0192961 0.0261218 0.0335637 0.0409215 0.0473864 0.05234 0.0555506 0.0571407 0.0574194 0.0567362 0.0554178 0.0537546 0.0519944 0.0503261 0.0488445 0.0474902 0.04599 0.0438608 0.0405493 0.0357007 0.0294259 0.0223722
 0.00567088 0.00928712 0.0141208 0.0201802 0.0273074 0.0350629 0.0427038 0.0493729 0.0544156 0.0575856 0.0590125 0.0590234 0.0579883 0.0562508 0.0541133 0.0518318 0.0496052 0.0475471 0.0456346 0.0436517 0.0411874 0.0377549 0.0330327 0.0271084 0.0205505
 0.00589381 0.00965703 0.0146916 0.0210071 0.0284365 0.0365139 0.0444528 0.0513459 0.0564988 0.0596475 0.0609254 0.0606763 0.0592916 0.0571353 0.054526 0.0517306 0.0489553 0.0463261 0.0438484 0.0413588 0.0385207 0.034924 0.0302929 0.0247019 0.0186418
 0.00614696 0.0100678 0.0153086 0.0218759 0.0295924 0.0379696 0.0461843 0.0532859 0.0585436 0.0616738 0.0628088 0.0623047 0.0605721 0.0579968 0.054917 0.0516139 0.0483029 0.0451203 0.0420934 0.0391045 0.035887 0.032109 0.0275476 0.0222721 0.0167014
 0.0063939 0.0104735 0.0159267 0.0227582 0.0307775 0.0394663 0.0479551 0.0552441 0.0605679 0.0636346 0.0645896 0.0638116 0.0617323 0.0587544 0.0552291 0.0514471 0.0476323 0.0439303 0.0403887 0.03693 0.0333514 0.0293952 0.0248919 0.0199112 0.014807
 0.00661767 0.0108425 0.0164919 0.0235705 0.0318778 0.0408698 0.0496345 0.0571225 0.0625292 0.0655454 0.0663224 0.0652609 0.0628213 0.0594337 0.0554701 0.0512331 0.0469514 0.0427756 0.0387677 0.0348841 0.0309786 0.0268602 0.0224101 0.0177006 0.0130285
 0.00682493 0.0111832 0.0170118 0.0243147 0.0328826 0.0421488 0.0511641 0.0588366 0.0643266 0.0673085 0.0679349 0.0666207 0.0638473 0.0600695 0.0556829 0.0510091 0.0462881 0.0416784 0.0372536 0.0329964 0.0288069 0.0245513 0.0201548 0.0156927 0.0114117
 0.00706713 0.0115765 0.0176025 0.0251449 0.0339809 0.0435167 0.0527625 0.0605819 0.0661037 0.0689929 0.0694148 0.067808 0.0646806 0.0605112 0.0557155 0.0506304 0.0455065 0.0405102 0.035726 0.0311585 0.0267446 0.0223965 0.0180744 0.0138544 0.00993829
 0.00728059 0.0119287 0.0181418 0.0259182 0.035023 0.0448336 0.0543153 0.0622828 0.0678301 0.0706132 0.0708123 0.0688948 0.0654007 0.0608376 0.0556438 0.0501715 0.0446806 0.0393433 0.034253 0.0294318 0.0248462 0.0204442 0.0162119 0.0122228 0.00863828
 0.0074563 0.0122171 0.018581 0.0265459 0.0358694 0.04591 0.0556015 0.0637207 0.0693289 0.0720645 0.072107 0.0699377 0.0661208 0.0611928 0.0556205 0.0497787 0.0439425 0.0382933 0.0329331 0.0278979 0.0231768 0.0187442 0.0146043 0.0108246 0.00753058
 0.00754033 0.0123573 0.0187992 0.0268661 0.0363148 0.0464974 0.0563344 0.0645851 0.0702924 0.0730786 0.0731108 0.0708616 0.0668918 0.0617435 0.0558975 0.0497501 0.0435995 0.0376489 0.0320198 0.0267678 0.0219036 0.0174228 0.013342 0.00972093 0.00665385
 0.00759511 0.0124411 0.0189161 0.0270185 0.0365052 0.0467316 0.0566227 0.0649404 0.0707258 0.0735937 0.0736978 0.0714938 0.0675254 0.0623201 0.0563522 0.0500209 0.0436384 0.0374305 0.0315461 0.0260702 0.0210416 0.0164796 0.0124122 0.00889264 0.0059884
 0.00765618 0.0125343 0.0190449 0.0271813 0.0366962 0.0469412 0.0568399 0.0651555 0.0709354 0.073804 0.073924 0.0717527 0.0678243 0.0626481 0.0566764 0.0502911 0.0437972 0.0374275 0.0313508 0.0256817 0.0204926 0.0158318 0.0117441 0.0082807 0.00548821
 0.00771054 0.0126167 0.0191576 0.0273222 0.0368587 0.0471157 0.0570143 0.0653169 0.071073 0.0739134 0.07401 0.0718296 0.0679115 0.0627616 0.0568197 0.0504485 0.0439339 0.0374973 0.0313101 0.0255048 0.0201827 0.0154232 0.0112932 0.0078494 0.00512551
 0.00778198 0.0127248 0.019305 0.0275055 0.0370688 0.0473385 0.0572324 0.0655113 0.071226 0.0740131 0.0740539 0.0718256 0.0678761 0.0627157 0.0567826 0.0504305 0.0439306 0.0374878 0.0312631 0.0253904 0.0199868 0.0151554 0.0109858 0.0075453 0.00486311
 0.00782943 0.0128006 0.0194163 0.0276568 0.03726 0.0475622 0.0574719 0.0657419 0.0714208 0.0741504 0.0741229 0.0718278 0.0678229 0.0626251 0.0566745 0.0503229 0.0438343 0.0374023 0.0311758 0.0252823 0.0198419 0.0149708 0.0107751 0.00733391 0.00467721
 0.00786808 0.0128586 0.0194947 0.027754 0.0373725 0.0476865 0.0576048 0.0658793 0.0715561 0.0742732 0.0742203 0.0718881 0.0678392 0.0625977 0.0566116 0.0502374 0.0437397 0.0373077 0.0310826 0.0251844 0.0197304 0.0148412 0.010632 0.00719047 0.00454956
 0.00787219 0.012865 0.0195038 0.0277657 0.0373863 0.0477017 0.0576206 0.0658962 0.0715764 0.0743009 0.0742597 0.0719399 0.067899 0.0626565 0.0566592 0.0502668 0.0437489 0.037299 0.031059 0.0251469 0.0196777 0.0147725 0.0105507 0.00710491 0.00447035
 0.00787959 0.0128713 0.0195031 0.0277495 0.0373464 0.0476346 0.0575309 0.0657964 0.0714834 0.0742313 0.0742252 0.0719463 0.0679454 0.0627359 0.0567598 0.0503739 0.0438488 0.0373814 0.0311183 0.025181 0.0196871 0.0147594 0.0105199 0.00706368 0.00442737
 0.00789568 0.0128934 0.0195283 0.0277718 0.0373574 0.0476249 0.0574928 0.0657266 0.0713855 0.0741171 0.0741132 0.0718567 0.0678948 0.0627323 0.056801 0.0504497 0.0439437 0.0374792 0.0312053 0.0252481 0.0197299 0.0147783 0.0105187 0.007049 0.00440657
 0.00789025 0.0128848 0.0195157 0.0277542 0.0373335 0.0475927 0.0574499 0.0656706 0.0713154 0.0740349 0.0740252 0.0717739 0.0678309 0.0627004 0.0568097 0.0504996 0.0440274 0.037583 0.0313131 0.0253455 0.0198068 0.0148306 0.0105475 0.00705929 0.00440522
 0.00790106 0.0128967 0.0195234 0.0277495 0.037308 0.0475416 0.0573748 0.0655795 0.0712196 0.0739444 0.0739467 0.0717108 0.0677855 0.0626761 0.056811 0.0505302 0.0440876 0.0376674 0.0314114 0.0254446 0.0198947 0.014899 0.0105938 0.00708574 0.00441702
 0.00789664 0.0128918 0.0195198 0.0277493 0.0373119 0.0475467 0.0573736 0.0655625 0.0711796 0.073881 0.0738675 0.0716285 0.067713 0.0626229 0.056782 0.0505275 0.044111 0.0377146 0.0314767 0.0255192 0.0199683 0.0149625 0.0106418 0.00711722 0.00443462
 0.00786401 0.0128384 0.0194393 0.0276368 0.0371666 0.0473745 0.0571894 0.0653873 0.0710348 0.0737814 0.0738176 0.0716245 0.0677474 0.0626886 0.0568736 0.0506401 0.0442396 0.0378533 0.0316187 0.0256567 0.0200932 0.0150676 0.0107228 0.00717381 0.00447006
 0.00785099 0.0128128 0.0193928 0.027559 0.0370479 0.0472106 0.0569853 0.0651595 0.0708085 0.0735847 0.073675 0.0715513 0.0677469 0.0627532 0.0569891 0.0507907 0.0444107 0.0380331 0.0317972 0.025825 0.0202433 0.0151934 0.0108205 0.00724348 0.00451521
 0.00781278 0.0127502 0.0192974 0.0274231 0.0368653 0.04698 0.0567133 0.064862 0.0705099 0.0733146 0.0734632 0.0714225 0.0677163 0.0628228 0.0571478 0.051017 0.0446787 0.0383173 0.032076 0.0260821 0.020467 0.0153766 0.0109609 0.00734313 0.00458015
 0.00780503 0.012736 0.0192729 0.027383 0.0368039 0.0468919 0.0565947 0.0647127 0.070334 0.0731216 0.0732684 0.0712458 0.06758 0.062747 0.0571452 0.0510896 0.0448168 0.0385021 0.0322848 0.0262925 0.0206609 0.0155414 0.0110904 0.00743692 0.00464233
 0.00778524 0.012701 0.0192152 0.0272945 0.0366777 0.0467265 0.0563964 0.0644957 0.070117 0.0729231 0.0731024 0.0711219 0.0675047 0.0627257 0.0571823 0.051187 0.044971 0.0387026 0.0325139 0.0265289 0.0208837 0.0157342 0.0112437 0.0075487 0.00471687
 0.00773868 0.0126306 0.0191189 0.0271732 0.0365345 0.0465647 0.0562198 0.0643093 0.069929 0.0727455 0.0729497 0.0710083 0.0674407 0.0627167 0.0572292 0.0512874 0.0451199 0.0388919 0.0327313 0.0267576 0.0211047 0.0159305 0.0114033 0.00766737 0.00479714
 0.00931768 0.0148355 0.021769 0.0298781 0.0388093 0.0480119 0.0566727 0.0638561 0.0688242 0.0712818 0.0713666 0.0694613 0.0660144 0.0614508 0.0561389 0.0503749 0.04438 0.0383142 0.032301 0.0264555 0.0209076 0.0158129 0.0113406 0.00763846 0.0047864
 0.0093019 0.0151027 0.0226868 0.0319017 0.0422815 0.0528947 0.0623778 0.0693429 0.0729711 0.0733312 0.071176 0.0674395 0.0628432 0.0577933 0.0524773 0.0469878 0.0413962 0.035776 0.0302079 0.0247856 0.0196258 0.0148729 0.0106874 0.00721194 0.00452688
 0.00896869 0.0145767 0.0219461 0.0309934 0.041376 0.0523226 0.062591 0.0707524 0.0757008 0.0770344 0.075079 0.0706381 0.064681 0.0580903 0.0514956 0.0452165 0.0393203 0.0337457 0.0284181 0.0233146 0.0184826 0.0140307 0.0101015 0.00682947 0.00429455
 0.00879058 0.0142804 0.0214885 0.0303327 0.040488 0.0512311 0.061407 0.0697028 0.0751121 0.077243 0.0762798 0.0727388 0.0672689 0.0605661 0.0533175 0.0461084 0.0393262 0.0331297 0.0275039 0.0223648 0.0176536 0.0133853 0.00964193 0.00652755 0.00411138
 0.00873031 0.0141742 0.0213127 0.030058 0.040084 0.0506746 0.0606953 0.0688692 0.074242 0.0764849 0.075835 0.0728114 0.067976 0.0618495 0.0549214 0.0476614 0.0404934 0.0337422 0.0275926 0.0220954 0.0172249 0.012952 0.00928813 0.00627744 0.00395388
 0.00871021 0.0141387 0.0212531 0.029963 0.0399391 0.0504635 0.0604029 0.0684855 0.0737691 0.075948 0.0752939 0.0723674 0.0677589 0.0619762 0.0554359 0.0484888 0.041448 0.034598 0.028179 0.0223579 0.0172202 0.0127936 0.00908463 0.00609836 0.00382605
 0.00867045 0.0140783 0.02117 0.0298575 0.0398128 0.0503176 0.0602367 0.068296 0.0735515 0.0756984 0.0750151 0.0720779 0.0675015 0.0618184 0.0554523 0.048727 0.0418929 0.0351623 0.0287324 0.0227838 0.0174628 0.0128676 0.00904937 0.0060191 0.00374824
 0.0086705 0.0140744 0.0211572 0.0298289 0.0397621 0.0502421 0.060139 0.0681831 0.0734309 0.0755732 0.0748828 0.0719338 0.0673471 0.0616699 0.0553443 0.0487043 0.0419905 0.0353816 0.0290312 0.0230908 0.0177092 0.013017 0.00910592 0.00601376 0.00371654
 0.00865903 0.0140577 0.0211353 0.0298025 0.0397314 0.0502058 0.0600937 0.0681251 0.0733587 0.0754888 0.0747916 0.0718417 0.067258 0.0615872 0.0552751 0.0486637 0.0419994 0.0354568 0.0291719 0.0232722 0.0178912 0.0131624 0.00919621 0.00605281 0.00372184
 0.00864442 0.0140331 0.021097 0.0297471 0.0396574 0.0501152 0.0599933 0.0680252 0.0732697 0.075418 0.0747407 0.0718085 0.0672389 0.0615791 0.0552771 0.0486784 0.0420335 0.035519 0.0292671 0.0233955 0.0180258 0.0132857 0.00929005 0.00611083 0.0037494
 0.0086351 0.0140195 0.021079 0.0297254 0.0396323 0.0500862 0.0599587 0.0679834 0.0732206 0.0753643 0.0746877 0.0717619 0.0672027 0.0615549 0.0552645 0.0486771 0.0420452 0.035547 0.0293151 0.0234631 0.0181067 0.0133678 0.00936061 0.00616175 0.00377969
 0.00861535 0.0139894 0.0210377 0.0296736 0.0395725 0.0500225 0.0598963 0.0679276 0.0731755 0.0753318 0.0746674 0.071752 0.0672018 0.0615622 0.0552799 0.0487007 0.0420769 0.0355874 0.0293648 0.0235221 0.018172 0.0134336 0.00941934 0.00620742 0.00381024
 0.00863297 0.0140142 0.0210679 0.0297052 0.0396002 0.0500416 0.0599041 0.0679239 0.0731619 0.0753101 0.0746395 0.0717192 0.0671653 0.0615237 0.055242 0.0486666 0.0420501 0.0355711 0.029361 0.0235314 0.0181928 0.0134617 0.00944938 0.00623408 0.00383023
 0.00862672 0.0140082 0.0210663 0.0297137 0.0396239 0.0500814 0.059955 0.0679752 0.0732018 0.0753302 0.0746373 0.0716979 0.0671309 0.0614824 0.0551987 0.0486249 0.0420131 0.0355415 0.0293414 0.0235229 0.0181951 0.0134726 0.00946488 0.00625012 0.00384366
 0.00862337 0.0140002 0.0210498 0.0296847 0.0395803 0.0500259 0.0598963 0.0679265 0.0731747 0.0753299 0.0746599 0.0717336 0.0671688 0.061515 0.0552231 0.0486419 0.0420251 0.0355511 0.0293511 0.0235346 0.0182096 0.0134894 0.0094824 0.00626621 0.00385661
 0.00862337 0.0140002 0.0210498 0.0296847 0.0395803 0.0500259 0.0598963 0.0679265 0.0731747 0.0753299 0.0746599 0.0717336 0.0671688 0.061515 0.0552231 0.0486419 0.0420251 0.0355511 0.0293511 0.0235346 0.0182096 0.0134894 0.0094824 0.00626621 0.00385661
 0.00879271 0.0142719 0.0214505 0.0302316 0.0402724 0.0508326 0.0607498 0.0687278 0.0738167 0.0757277 0.0747735 0.0715711 0.0667752 0.0609548 0.0545653 0.0479501 0.0413514 0.0349341 0.0288154 0.0230927 0.0178638 0.0132337 0.00930512 0.00615174 0.00378829
 0.00888902 0.01444 0.0217241 0.0306478 0.040861 0.0515999 0.0616633 0.0697112 0.0747608 0.0765139 0.0752999 0.0717742 0.0666408 0.0605175 0.0538963 0.0471387 0.0404869 0.0340923 0.0280519 0.022442 0.0173412 0.0128388 0.00902545 0.00596724 0.00367568
 0.00874 0.0142096 0.0214019 0.0302384 0.0403906 0.0511219 0.0612579 0.0694728 0.0747698 0.0768045 0.07584 0.0724713 0.0673703 0.06116 0.0543682 0.0474064 0.0405638 0.0340232 0.0278941 0.0222489 0.017153 0.0126796 0.00890493 0.00588466 0.00362429
 0.00891179 0.0144618 0.0217304 0.03062 0.0407878 0.0514917 0.0615625 0.0696876 0.0748908 0.07685 0.0758446 0.0724692 0.067377 0.0611625 0.0543317 0.0472924 0.0403503 0.0337159 0.0275241 0.0218609 0.0167904 0.0123739 0.0086708 0.00572126 0.00352041
 0.00870592 0.014157 0.0213273 0.0301388 0.0402625 0.0509608 0.0610629 0.0692538 0.0745571 0.0766512 0.0758123 0.0726243 0.0677202 0.0616667 0.054941 0.0479311 0.0409402 0.0341962 0.0278654 0.0220669 0.016889 0.0124024 0.00866332 0.0057018 0.00350184
 0.00868588 0.0140951 0.0211819 0.0298585 0.0398056 0.0503226 0.0602947 0.0684576 0.073854 0.076141 0.0755479 0.0726116 0.0679351 0.0620713 0.0554899 0.0485701 0.041606 0.0348235 0.0283997 0.0224771 0.0171714 0.0125757 0.00875738 0.00574644 0.00352
 0.00890722 0.0144445 0.0216846 0.0305205 0.0406009 0.0511805 0.061097 0.0690601 0.0741321 0.0760387 0.0751003 0.0719269 0.0671498 0.061307 0.0548302 0.0480565 0.0412438 0.0345911 0.0282594 0.0223884 0.0171031 0.012512 0.00869597 0.00569201 0.00347751
 0.00891733 0.0144859 0.0217928 0.0307432 0.0409842 0.0517471 0.0618247 0.0698729 0.0749105 0.0766478 0.075427 0.0719138 0.0668129 0.0607289 0.0541296 0.0473509 0.04062 0.0340928 0.0278917 0.022131 0.0169258 0.0123873 0.00860533 0.00562568 0.00343078
 0.00878833 0.014278 0.0214863 0.0303291 0.0404762 0.0511939 0.0613147 0.0695189 0.0748124 0.0768488 0.0758887 0.0725266 0.0674374 0.061246 0.054477 0.0475301 0.0406782 0.0340915 0.0278801 0.0221334 0.0169447 0.0124133 0.00862834 0.00564049 0.00343748
 0.00905805 0.0146881 0.0220486 0.0310303 0.0412756 0.0520249 0.062091 0.0701496 0.0752271 0.0770217 0.0758438 0.072318 0.0671167 0.0608407 0.0539919 0.0469674 0.0400567 0.0334526 0.0272763 0.0216106 0.0165285 0.0121065 0.00841721 0.00550394 0.00335429
 0.00933726 0.0151623 0.0227956 0.0321245 0.0427571 0.0538591 0.064137 0.0721673 0.0769335 0.0781741 0.0763069 0.0720886 0.0663015 0.0596078 0.0525185 0.0454031 0.038511 0.0320017 0.0259753 0.0204998 0.0156314 0.011426 0.00793492 0.00518586 0.00315978
 0.0092306 0.0150182 0.0226361 0.0319968 0.0427314 0.0540177 0.0645555 0.0728879 0.0779356 0.0793552 0.0774942 0.0730826 0.0669389 0.0598092 0.052301 0.0448562 0.0377561 0.0311563 0.0251343 0.0197312 0.0149785 0.01091 0.00755662 0.00492979 0.00300043
 0.00916227 0.0148907 0.0224167 0.0316521 0.0422455 0.0534159 0.0639215 0.0723575 0.0776612 0.0794532 0.0779978 0.0739231 0.067962 0.0608215 0.0531287 0.0453919 0.0379765 0.0311083 0.024903 0.0194076 0.0146387 0.0106055 0.00731441 0.00475631 0.00288805
#pred catch len freq
 0.00390438 0.00624927 0.00925709 0.0129132 0.017215 0.0221367 0.0275617 0.033261 0.0389396 0.0443058 0.0491182 0.0532123 0.0565135 0.0590244 0.0607817 0.0618082 0.0620857 0.0615517 0.0600997 0.0575681 0.0537423 0.0484238 0.0415916 0.0335848 0.0251499
 0.00417327 0.00659641 0.00961739 0.0131815 0.0172887 0.0219748 0.0272219 0.0328804 0.0386623 0.0441987 0.0491298 0.0531993 0.0563174 0.0585561 0.0600747 0.0610173 0.0614337 0.0612414 0.0602287 0.0580857 0.0544739 0.0491507 0.0421442 0.0338972 0.0252546
 0.00441686 0.00699423 0.0102122 0.0139949 0.018295 0.023075 0.0282419 0.0336166 0.0389674 0.0440567 0.0486601 0.0525771 0.0556671 0.0578967 0.0593518 0.0601901 0.0605447 0.0604199 0.0596269 0.0577934 0.0544688 0.0493156 0.0423349 0.0340131 0.025269
 0.00465113 0.0073647 0.0107535 0.0147403 0.0192775 0.0243213 0.0297499 0.0353192 0.040705 0.0455888 0.0497314 0.0530137 0.0554433 0.0571239 0.0582015 0.0588148 0.0590539 0.0589074 0.0581985 0.0565561 0.0534901 0.0485948 0.0418152 0.0336233 0.0249606
 0.00490488 0.00776252 0.0113262 0.0155103 0.0202611 0.0255297 0.0311861 0.0369701 0.0425267 0.0474879 0.0515484 0.0545295 0.0564237 0.0573941 0.0577093 0.0576429 0.057377 0.056932 0.056121 0.0545459 0.0516786 0.0470641 0.0405925 0.0326925 0.0242832
