SBPRF35
7.78865
Curr Bio
493773
B35
672269
F35
0.214036
FOFL
0.149626
OFL
57251.9
Bzero
2.22533e+006
#pred survey bio
 4.54077e+006 4.34669e+006 4.13889e+006 3.8724e+006 3.56575e+006 3.25724e+006 2.90926e+006 2.6074e+006 2.29635e+006 2.03082e+006 1.77645e+006 1.57645e+006 1.40662e+006 1.22827e+006 1.07856e+006 971897 877776 814423 753038 709167 685432 661080 640486 640379 639208 633849 631457 627097 606223 607917 603963 609049 604615 600529 596537 578699 552379 547964 559759 566504 586020 600656 607041 610695 616129 620039 616729 616212 611025 614437 610489 553942 518048 520802 536453 540719 527001 534433 539261 506435 487566 485685 497349 499447 1.69881e+007 1.00018e+007 1.01914e+007 1.09865e+007 1.21044e+007 1.32719e+007 1.43265e+007 1.52008e+007 1.58864e+007 1.64046e+007 1.67867e+007 1.70641e+007 1.72637e+007 1.74067e+007 1.75091e+007 1.75826e+007 1.76356e+007 1.76741e+007 1.77021e+007 1.77228e+007 1.7738e+007 1.77494e+007 1.77579e+007 1.77642e+007 1.77691e+007 1.77728e+007 1.77755e+007 1.77777e+007 1.77793e+007 1.77805e+007 1.77815e+007 1.77822e+007 1.77828e+007 1.77832e+007 1.77836e+007 1.77838e+007 1.7784e+007 1.77842e+007 1.77843e+007 1.77844e+007 1.77845e+007 1.77845e+007 1.77846e+007 1.77846e+007 1.77846e+007 1.77846e+007 1.77847e+007 1.77847e+007 1.77847e+007 1.77847e+007 1.77847e+007 1.77847e+007 1.77847e+007 1.77847e+007 1.77847e+007 1.77847e+007 1.77847e+007 1.77847e+007 1.77847e+007 1.77847e+007 1.77847e+007 1.77847e+007 1.77847e+007 1.77847e+007 1.77847e+007 1.77847e+007 1.77847e+007 1.77847e+007 1.77847e+007 1.77847e+007 1.77847e+007 1.77847e+007 1.77847e+007 1.77847e+007 1.77847e+007 1.77847e+007 1.77847e+007 1.77847e+007 1.77847e+007 1.77847e+007 1.77847e+007 1.77847e+007 1.77847e+007 1.77847e+007 1.77847e+007 1.77847e+007 1.77847e+007 1.77847e+007 1.77847e+007 1.77847e+007 1.77847e+007 1.77847e+007 1.77847e+007 1.77847e+007 1.77847e+007 1.77847e+007 1.77847e+007 1.77847e+007 1.77847e+007 1.77847e+007 0 0 0 0 0 0 0 0 0 0 0 0 0 0 0 0 0 0 0 0 0 0 0 0 0
#obs survey bio
 2.76011e+006 3.01656e+006 2.79926e+006 1.75752e+006 2.45134e+006 2.32661e+006 3.04446e+006 2.34197e+006 2.24727e+006 1.28939e+006 1.84734e+006 1.18431e+006 1.45218e+006 801039 1.15288e+006 906304 762597 1.20494e+006 498648 788606 625130 527896 430482 601637 547928 389412 566014 552608 513804 540725 604679 405664 522671 725090 672789 600173 466630 608490 622166 527174 655253 624026 408691 702815 691379 741612 786717 520664 541618 610079 700559 480494 516910 553089 716899 388860 545076 714506 623924 531955 470829 502778 524877 522256
#pred catch bio
 92750.8 97575.9 155922 208900 233905 296499 282021 316207 299293 309201 276048 260171 273881 251631 215582 204140 175122 169720 151244 131357 129026 123316 105032 105231 107176 103145 103634 115511 94606.3 98077.3 89267.3 96076.2 93731.8 90840.4 99161.1 105031 89964 81715.8 89261.8 80318.2 85169 91361.8 92219.5 89259 89398.8 94546.5 91665.2 95180.6 87542.6 93492.9 136369 117672 86215.8 76226 85023 98761.5 80386.5 82157.7 111770 98068.6 83125.1 70950.8 76529.1 85316.5 57251.9 77643.7 77424.6 82123.1 90187.5 98872.4 106658 112977 117789 121291 123758 125453 126595 127354 127851 128175 128384 128518 128604 128658 128693 128715 128729 128737 128743 128746 128748 128750 128751 128751 128752 128752 128752 128752 128752 128752 128752 128752 128752 128752 128752 128752 128752 128752 128752 128752 128752 128752 128752 128752 128752 128752 128752 128752 128752 128752 128752 128752 128752 128752 128752 128752 128752 128752 128752 128752 128752 128752 128752 128752 128752 128752 128752 128752 128752 128752 128752 128752 128752 128752 128752 128752 128752 128752 128752 128752 128752 128752 128752 128752 128752 128752 128752 128752 128752 128752 128752 128752 128752 128752 0 0 0 0 0 0 0 0 0 0 0 0 0 0 0 0 0 0 0 0 0 0 0 0 0
#obs catch bio
 0 97486.1 156863 211336 236811 303273 286866 323433 305656 320042 283717 267937 282658 260393 221285 210620 179898 172639 154993 133688 131532 125292 106762 107000 108830 104442 104682 117858 95774.2 99364.7 90086.8 97316.9 95219.5 91558.2 100203 106150 90997.9 82568.8 89986 80616.4 85632.9 91622.4 92651.1 89082 89053.8 94163.8 91231.8 95481.1 87270.6 93014.4 136078 118043 86368.7 76294.7 84726.2 99362.8 80482.1 81674.7 111690 97963.1 83322 70938.8 76539.4 85392.4
#pred cpue bio
 4.46404e+006 4.27542e+006 4.07128e+006 3.80593e+006 3.50041e+006 3.19349e+006 2.84796e+006 2.54817e+006 2.23928e+006 1.97538e+006 1.72323e+006 1.52527e+006 1.35748e+006 1.18184e+006 1.03459e+006 929749 837764 776477 717138 674626 651921 628721 608850 608772 607969 603199 601115 596997 576941 578922 575427 580663 576608 573129 570004 553201 526694 520391 530825 537539 556827 571497 578153 582091 587736 591761 588580 588001 582988 586420 582628 527132 491280 493689 509699 514541 501107 508267 513371 481553 462885 461185 473275 476443 1.62384e+007 9.5626e+006 9.5915e+006 1.02295e+007 1.12984e+007 1.24555e+007 1.35084e+007 1.43824e+007 1.50679e+007 1.55861e+007 1.59682e+007 1.62456e+007 1.64452e+007 1.65882e+007 1.66906e+007 1.67641e+007 1.68171e+007 1.68556e+007 1.68836e+007 1.69043e+007 1.69195e+007 1.69309e+007 1.69394e+007 1.69457e+007 1.69506e+007 1.69543e+007 1.6957e+007 1.69592e+007 1.69608e+007 1.6962e+007 1.6963e+007 1.69637e+007 1.69643e+007 1.69647e+007 1.69651e+007 1.69653e+007 1.69655e+007 1.69657e+007 1.69658e+007 1.69659e+007 1.6966e+007 1.6966e+007 1.69661e+007 1.69661e+007 1.69661e+007 1.69661e+007 1.69662e+007 1.69662e+007 1.69662e+007 1.69662e+007 1.69662e+007 1.69662e+007 1.69662e+007 1.69662e+007 1.69662e+007 1.69662e+007 1.69662e+007 1.69662e+007 1.69662e+007 1.69662e+007 1.69662e+007 1.69662e+007 1.69662e+007 1.69662e+007 1.69662e+007 1.69662e+007 1.69662e+007 1.69662e+007 1.69662e+007 1.69662e+007 1.69662e+007 1.69662e+007 1.69662e+007 1.69662e+007 1.69662e+007 1.69662e+007 1.69662e+007 1.69662e+007 1.69662e+007 1.69662e+007 1.69662e+007 1.69662e+007 1.69662e+007 1.69662e+007 1.69662e+007 1.69662e+007 1.69662e+007 1.69662e+007 1.69662e+007 1.69662e+007 1.69662e+007 1.69662e+007 1.69662e+007 1.69662e+007 1.69662e+007 1.69662e+007 1.69662e+007 1.69662e+007 1.69662e+007 1.69662e+007 0 0 0 0 0 0 0 0 0 0 0 0 0 0 0 0 0 0 0 0 0 0 0 0 0
#obs cpue bio
 3.43958e+006 2.27409e+006 3.9617e+006 3.09699e+006 3.62544e+006 2.66174e+006 3.26755e+006 2.5085e+006 1.84085e+006 1.0453e+006 1.73909e+006 1.2296e+006 1.18775e+006 997186 876189 560165 657073 801161 452707 564653 525485 774112 489401 534675 664090 892666 653918 370327 573453 647010 506976 673666 395453 696486 418044 534035 390111 363602 680548 571021 445314 698758 692879 848420 634422 572943 475997 405067 956406 642183 596782 393362 425061 453520 623682 426162 470640 673451 431978 407273 366282 456123 497045 485223
#pred surv len freq
 0.005563 0.00897591 0.0134009 0.0187752 0.0249353 0.0315429 0.0380554 0.0438536 0.0484805 0.0518037 0.0539859 0.0553291 0.0561265 0.0565816 0.0567759 0.0566653 0.0561041 0.0548927 0.0528297 0.0497445 0.0455188 0.0401251 0.0337051 0.0266482 0.0195813
 0.00590172 0.00938666 0.0137672 0.0189196 0.0246889 0.0308428 0.0370079 0.0427078 0.0475135 0.0511842 0.0536996 0.0552075 0.0559517 0.056204 0.0561898 0.0560157 0.0556286 0.0548219 0.0532858 0.0506847 0.0467514 0.0413912 0.0347819 0.0274194 0.0200465
 0.00623813 0.00993375 0.0145806 0.0200242 0.026043 0.0323025 0.038325 0.0435928 0.0477548 0.0507556 0.0527734 0.0540521 0.0547842 0.0551031 0.0551203 0.0549291 0.0545552 0.0538898 0.0526581 0.0504646 0.0469178 0.0418073 0.035265 0.0278233 0.0203064
 0.00647815 0.0103315 0.0151945 0.0209161 0.0272666 0.0338796 0.0402107 0.0456444 0.0497279 0.0523463 0.053707 0.0541821 0.0541444 0.0538745 0.0535336 0.0531758 0.0527644 0.0521632 0.0511082 0.0492053 0.0460184 0.041255 0.0349729 0.0276787 0.0202209
 0.00670986 0.0107039 0.0157485 0.0216906 0.0282968 0.0351909 0.0418073 0.0474951 0.0517507 0.0543958 0.0555726 0.055612 0.054905 0.0538255 0.052679 0.0516565 0.0508003 0.0499885 0.0489327 0.0472026 0.0443161 0.0399192 0.0340008 0.027014 0.0197857
 0.00691122 0.0110304 0.0162387 0.0223811 0.0292172 0.0363557 0.0432075 0.049095 0.0534926 0.0562052 0.057355 0.0572407 0.0562129 0.0546215 0.0527951 0.0510077 0.0494256 0.0480469 0.0466606 0.044856 0.0421208 0.0380367 0.0325128 0.0259259 0.0190473
 0.00723014 0.0115289 0.0169521 0.0233305 0.030408 0.0377759 0.0448231 0.0508468 0.0553013 0.0579834 0.0590186 0.0587105 0.0574062 0.0554385 0.0531157 0.0507116 0.0484351 0.0463747 0.0444337 0.0422987 0.039504 0.0356145 0.0304699 0.0243512 0.0179373
 0.00757043 0.0120606 0.0177122 0.0243389 0.0316648 0.0392585 0.0464815 0.0526039 0.0570634 0.0596578 0.0605275 0.0599951 0.0584188 0.0561296 0.0534212 0.0505493 0.0477192 0.0450518 0.0425272 0.0399374 0.0369121 0.0330615 0.0282006 0.0225267 0.0166101
 0.00798567 0.0127161 0.0186616 0.0256171 0.0332801 0.0411816 0.0486341 0.0548586 0.0592621 0.061645 0.0621801 0.0612366 0.0592166 0.0564799 0.0533283 0.0500064 0.0467007 0.0435264 0.0404929 0.037464 0.0341642 0.0302809 0.0256481 0.0204081 0.0150249
 0.00824429 0.0131466 0.0193279 0.0265844 0.0346007 0.0428722 0.0506537 0.0571003 0.0615682 0.0638378 0.0640944 0.0627423 0.0602302 0.0569652 0.0532866 0.0494581 0.0456666 0.0420204 0.0385352 0.0351125 0.031546 0.0275968 0.0231359 0.0182773 0.0133965
 0.00856837 0.0136552 0.0200608 0.0275699 0.0358558 0.0444005 0.052437 0.0590874 0.063669 0.0659259 0.0660206 0.0643552 0.0613999 0.0576028 0.0533522 0.0489556 0.0446282 0.0404914 0.0365706 0.0327904 0.0289896 0.0249849 0.0206814 0.0161761 0.0117712
 0.00883823 0.0140823 0.0206816 0.0284106 0.0369275 0.0456936 0.0539156 0.0606897 0.0653173 0.0675407 0.067527 0.0656792 0.0624617 0.0583173 0.0536412 0.0487631 0.0439319 0.0393046 0.0349401 0.0307982 0.0267596 0.0226838 0.0185011 0.0142934 0.0103008
 0.00903485 0.014404 0.0211693 0.0291028 0.037852 0.0468544 0.0552801 0.0621862 0.0668468 0.0689997 0.0688277 0.0667588 0.0632789 0.0588413 0.0538406 0.0486027 0.0433788 0.0383421 0.0335826 0.0291028 0.0248324 0.0206752 0.0165846 0.0126285 0.00899281
 0.00936761 0.0149257 0.0219186 0.0301027 0.0391061 0.0483417 0.0569466 0.063941 0.0685698 0.0705607 0.0701096 0.067677 0.0637905 0.058944 0.0535599 0.0479734 0.0424301 0.0370941 0.0320575 0.027344 0.0229212 0.0187342 0.0147607 0.0110583 0.00776496
 0.00970445 0.0154533 0.0226749 0.0311085 0.0403608 0.0498174 0.0585819 0.0656399 0.0702137 0.0720286 0.0712976 0.0685088 0.0642213 0.0589606 0.0531786 0.0472331 0.0413806 0.0357859 0.0305383 0.025667 0.0211584 0.0169841 0.0131396 0.00967447 0.0066881
 0.00980434 0.0156319 0.0229735 0.0315751 0.0410387 0.0507276 0.0597061 0.0669163 0.0715482 0.0733152 0.0724375 0.0694207 0.0648453 0.059259 0.0531361 0.0468561 0.0406954 0.0348334 0.0293695 0.0243425 0.0197516 0.0155834 0.0118415 0.0085661 0.00582492
 0.00981358 0.015665 0.0230578 0.03175 0.0413497 0.0512144 0.0603891 0.0677863 0.0725623 0.0744008 0.0735014 0.0703649 0.0655833 0.0597289 0.0533048 0.0467178 0.0402656 0.0341446 0.0284681 0.0232875 0.0186145 0.0144458 0.0107879 0.0076685 0.00512753
 0.00994332 0.0158341 0.023237 0.0318913 0.0414065 0.0511703 0.0602786 0.0676909 0.0725816 0.0746121 0.0739303 0.0709764 0.0662947 0.0604334 0.053898 0.0471173 0.0404217 0.0340424 0.028124 0.0227441 0.0179349 0.0137064 0.0100679 0.00703615 0.00462671
 0.0101407 0.0161428 0.0236756 0.0324614 0.0420836 0.0518968 0.0609646 0.0682337 0.0729023 0.0746924 0.0738231 0.0707807 0.0661078 0.06031 0.0538355 0.0470688 0.0403229 0.0338379 0.0277847 0.0222732 0.0173654 0.0130928 0.0094727 0.00651504 0.00421534
 0.0101632 0.016191 0.02377 0.0326283 0.042349 0.0522746 0.0614446 0.0687742 0.0734342 0.0751349 0.074109 0.0708811 0.0660437 0.0601415 0.0536323 0.0468774 0.0401508 0.0336593 0.0275619 0.0219798 0.0170006 0.0126823 0.00905906 0.00614229 0.00391508
 0.0101446 0.0161492 0.0236875 0.0324861 0.0421373 0.0520063 0.0611635 0.0685487 0.0733335 0.0752004 0.0743352 0.0712181 0.0664199 0.0604929 0.053923 0.0471015 0.0403176 0.0337748 0.0276198 0.0219672 0.0169106 0.012525 0.00886122 0.00593898 0.00373691
 0.0103198 0.016398 0.023994 0.0328107 0.0424245 0.052201 0.0612271 0.0684704 0.0731351 0.0749333 0.074067 0.0710113 0.0663094 0.0604768 0.0539701 0.0471712 0.0403775 0.033807 0.0276168 0.0219248 0.0168274 0.0124054 0.00871885 0.0057938 0.00360862
 0.0104527 0.0166082 0.0242977 0.033214 0.0429163 0.0527452 0.0617591 0.0689056 0.0733923 0.0749639 0.0738749 0.0706517 0.0658677 0.0600378 0.0535933 0.0468796 0.0401634 0.0336464 0.0274841 0.0218008 0.0167015 0.0122751 0.00858874 0.00567309 0.003507
 0.0102788 0.0163569 0.0239785 0.0328581 0.0425704 0.0524598 0.0615761 0.0688483 0.0734598 0.0751292 0.0740924 0.0708725 0.0660583 0.0601909 0.0537238 0.0470101 0.0403081 0.0338034 0.0276378 0.0219315 0.0167941 0.0123245 0.00859982 0.00565767 0.00347907
 0.0101865 0.0162033 0.0237427 0.0325227 0.0421315 0.0519382 0.0610252 0.0683486 0.0730968 0.0749646 0.0741432 0.0711083 0.0664169 0.0606025 0.0541326 0.0473855 0.0406416 0.0340976 0.0278953 0.0221492 0.0169657 0.0124459 0.00867353 0.00569298 0.00348892
 0.0102451 0.016279 0.0238196 0.0325721 0.0421174 0.051828 0.0608015 0.0680185 0.0726951 0.0745509 0.0737882 0.0708749 0.0663397 0.0606779 0.0543245 0.0476426 0.0409167 0.034359 0.0281266 0.0223439 0.0171211 0.0125611 0.00875029 0.00573711 0.00350928
 0.010259 0.0163031 0.0238578 0.0326262 0.0421831 0.0518908 0.0608351 0.0679895 0.0725756 0.0743325 0.0734925 0.0705509 0.0660505 0.06048 0.0542498 0.0476904 0.041059 0.0345546 0.0283362 0.0225388 0.017285 0.0126872 0.00883891 0.00579311 0.00354033
 0.0101223 0.016114 0.0236346 0.0324067 0.0420138 0.0518094 0.0608551 0.0680953 0.0727278 0.0744812 0.0735924 0.0705749 0.0659991 0.0603811 0.0541478 0.0476286 0.0410634 0.0346269 0.0284579 0.0226823 0.0174243 0.012805 0.00892746 0.00585266 0.00357602
 0.0101854 0.0162024 0.0237424 0.0325223 0.042127 0.05192 0.0609767 0.0682478 0.0729222 0.0747046 0.0738038 0.0707189 0.0660275 0.060274 0.0539221 0.047331 0.0407527 0.0343539 0.0282519 0.0225485 0.0173504 0.0127714 0.00891601 0.00585059 0.00357647
 0.0101065 0.0160725 0.0235443 0.0322403 0.0417522 0.0514579 0.0604557 0.0677227 0.0724674 0.0743968 0.0737005 0.0708375 0.0663377 0.0607067 0.0543938 0.0477721 0.0411254 0.0346529 0.0284917 0.0227471 0.0175188 0.012912 0.00902694 0.00593111 0.00362943
 0.0101123 0.0160772 0.0235419 0.0322206 0.0417012 0.05136 0.0602971 0.0674971 0.0721822 0.0740786 0.0733945 0.0705989 0.0662151 0.0607242 0.054541 0.0480088 0.0413985 0.0349167 0.0287199 0.0229329 0.0176666 0.0130284 0.00911642 0.0059964 0.00367343
 0.0100398 0.0159633 0.0233781 0.0320023 0.0414287 0.0510402 0.0599449 0.0671346 0.0718355 0.0737731 0.073153 0.070442 0.0661624 0.0607914 0.0547333 0.048313 0.0417815 0.0353323 0.0291222 0.0232878 0.017957 0.0132517 0.00927883 0.00610785 0.00374494
 0.00984048 0.0156846 0.0230419 0.0316559 0.0411295 0.0508323 0.059841 0.0671144 0.0718599 0.0738038 0.073166 0.0704328 0.066143 0.0607847 0.0547657 0.0484057 0.0419427 0.0355527 0.0293773 0.0235464 0.0181913 0.0134445 0.0094243 0.00620916 0.00381011
 0.00963905 0.015369 0.0225916 0.0310666 0.0404217 0.0500589 0.0590889 0.0664903 0.0714583 0.0736726 0.0732901 0.0707472 0.0665649 0.0612449 0.0552238 0.048849 0.0423734 0.0359746 0.0297866 0.0239298 0.0185309 0.0137246 0.00963784 0.00635894 0.00390646
 0.0095673 0.015239 0.0223718 0.0307204 0.0399175 0.0493867 0.0582768 0.0656107 0.0706192 0.0729931 0.0728701 0.0706397 0.0667626 0.0616875 0.0558225 0.0495159 0.0430431 0.0366086 0.0303656 0.024443 0.0189692 0.0140805 0.00990878 0.00655004 0.00403027
 0.010449 0.0164853 0.0238998 0.0323323 0.0413521 0.0504053 0.0587344 0.0654802 0.0699712 0.0719598 0.0716132 0.0693263 0.0655415 0.060666 0.0550517 0.0489927 0.0427268 0.0364452 0.0303057 0.0244492 0.0190143 0.0141439 0.00997438 0.00660674 0.00407269
 0.0113877 0.0179474 0.0259708 0.0350222 0.0445631 0.0539025 0.062138 0.0683163 0.0717937 0.0724948 0.0708462 0.0674833 0.0629891 0.0577936 0.0521866 0.0463622 0.0404564 0.0345775 0.0288285 0.0233215 0.0181847 0.0135596 0.00958383 0.00636141 0.00392912
 0.0111022 0.0176383 0.025792 0.0352112 0.0453768 0.0555103 0.0645255 0.0712493 0.0748623 0.0752154 0.0727835 0.0683565 0.0627345 0.0565619 0.0502783 0.044128 0.0382072 0.0325326 0.0271057 0.0219565 0.0171598 0.0128289 0.00909078 0.00604859 0.00374403
 0.0106552 0.0169446 0.0248195 0.033979 0.0439821 0.0541519 0.0634989 0.0708879 0.0754185 0.0767343 0.075043 0.0709213 0.0651016 0.0583241 0.0512332 0.0442975 0.0377789 0.0317632 0.0262334 0.0211489 0.0165034 0.0123458 0.008764 0.00584414 0.0036257
 0.0105726 0.0167858 0.0245354 0.0335102 0.043276 0.0531929 0.0623421 0.0696795 0.0743874 0.0761442 0.0751113 0.0717289 0.0665355 0.0600946 0.0529681 0.0456729 0.0386193 0.032069 0.0261349 0.0208266 0.0161175 0.0119998 0.00850262 0.00567051 0.00352231
 0.0103104 0.0163951 0.0240119 0.0328683 0.0425389 0.0523785 0.0614591 0.0687396 0.0734306 0.0752628 0.0744536 0.0714695 0.0668138 0.0609452 0.0542804 0.0472114 0.0401032 0.0332705 0.0269462 0.0212659 0.0162837 0.0120112 0.00845337 0.00561506 0.00348179
 0.0101672 0.0161629 0.0236652 0.0323878 0.0419194 0.0516383 0.060645 0.0679191 0.0726723 0.0746177 0.0739542 0.0711479 0.0667218 0.0611494 0.0548277 0.0480822 0.0411897 0.0344011 0.0279477 0.022025 0.0167737 0.0122767 0.0085695 0.00565199 0.00348652
 0.01008 0.0160309 0.0234837 0.0321565 0.0416393 0.051308 0.0602612 0.0674824 0.0721951 0.0741282 0.0734932 0.0707605 0.0664507 0.0610353 0.0549093 0.048386 0.0417091 0.0350793 0.0286832 0.022704 0.0173119 0.0126429 0.00878275 0.00575707 0.00352944
 0.0100252 0.0159423 0.0233516 0.0319734 0.041402 0.0510212 0.0599386 0.0671443 0.0718621 0.0738155 0.0732093 0.070513 0.0662533 0.0609109 0.0548873 0.0484954 0.0419669 0.0354773 0.0291801 0.0232314 0.0177951 0.0130271 0.00904813 0.00591626 0.00361226
 0.0100319 0.0159395 0.0233225 0.031894 0.041248 0.0507777 0.0596096 0.0667549 0.0714525 0.0734294 0.072883 0.0702687 0.0660989 0.0608455 0.054909 0.0486065 0.0421725 0.0357774 0.0295596 0.023655 0.0182134 0.013392 0.00932844 0.00610563 0.00372464
 0.0100504 0.0159672 0.0233589 0.0319346 0.0412825 0.0507888 0.0595745 0.0666505 0.0712655 0.073165 0.0725679 0.0699443 0.0658085 0.0606229 0.0547731 0.0485638 0.0422222 0.0359147 0.0297733 0.0239238 0.0185052 0.0136696 0.00956078 0.00627672 0.00383536
 0.0101337 0.0160939 0.0235329 0.0321529 0.0415351 0.0510589 0.0598375 0.0668748 0.0714147 0.0732053 0.072478 0.0697241 0.0654827 0.0602359 0.0543783 0.0482104 0.0419462 0.0357357 0.0296949 0.0239352 0.0185834 0.0137842 0.00968116 0.00637977 0.00391013
 0.0100564 0.0159925 0.0234248 0.0320689 0.0415101 0.0511177 0.0599833 0.0670867 0.0716553 0.073432 0.0726525 0.0698178 0.0654804 0.0601392 0.0542063 0.0479971 0.0417321 0.0355578 0.0295781 0.023888 0.0185984 0.0138421 0.00975811 0.00645467 0.00396981
 0.0100755 0.0160125 0.0234358 0.0320583 0.0414699 0.0510543 0.0599219 0.0670647 0.071705 0.0735627 0.0728423 0.0700216 0.0656473 0.06023 0.0542042 0.047909 0.0415845 0.0353872 0.0294211 0.0237713 0.0185333 0.0138248 0.00977406 0.00648625 0.00400254
 0.0100543 0.0159756 0.0233755 0.0319653 0.0413349 0.0508715 0.0596945 0.06681 0.0714565 0.0733658 0.0727417 0.0700445 0.0657904 0.0604587 0.0544652 0.0481506 0.0417731 0.035514 0.0294979 0.0238199 0.0185737 0.0138683 0.00982197 0.0065334 0.00404265
 0.0102032 0.0161913 0.0236507 0.032275 0.0416422 0.0511368 0.0598838 0.0668996 0.0714351 0.0732372 0.0725274 0.0697825 0.0655265 0.0602325 0.0542974 0.0480383 0.0416967 0.0354507 0.0294338 0.0237541 0.0185142 0.013824 0.00979689 0.0065251 0.0040449
 0.0108423 0.0171836 0.0250532 0.0340991 0.0438398 0.0535877 0.0623873 0.0691891 0.0732278 0.0743052 0.0727558 0.0691887 0.0642409 0.0584564 0.052255 0.0459347 0.0396899 0.0336425 0.0278764 0.0224656 0.0174923 0.0130527 0.00924864 0.00616211 0.00382324
 0.0108166 0.0172141 0.0252318 0.0345539 0.0446999 0.0549271 0.0641745 0.0712718 0.075362 0.0762128 0.0741855 0.0699644 0.0642896 0.0578153 0.0510548 0.0443644 0.0379526 0.0319173 0.0262955 0.0211088 0.0163942 0.012214 0.00864659 0.00575898 0.00357362
 0.0102875 0.0164097 0.0241317 0.0331934 0.0431819 0.0534262 0.0629278 0.0705395 0.0753531 0.0770022 0.0756694 0.0718832 0.0663088 0.0596225 0.0524338 0.0452264 0.0383266 0.0319113 0.026049 0.0207524 0.0160256 0.0118924 0.00839767 0.00558487 0.00346305
 0.0101884 0.0161833 0.0236737 0.0323751 0.0418941 0.0516448 0.0607706 0.0682756 0.0733491 0.0756245 0.0751818 0.0723744 0.0676708 0.0615835 0.0546387 0.0473352 0.0400946 0.0332258 0.0269169 0.0212577 0.0162797 0.0119969 0.00842685 0.0055838 0.00345427
 0.0104113 0.0165069 0.0240829 0.0328172 0.0422745 0.0518339 0.0606242 0.0676763 0.0722651 0.0741592 0.0735794 0.0709604 0.066746 0.0613209 0.0550305 0.0482113 0.0411974 0.0343037 0.0277963 0.0218688 0.0166399 0.0121711 0.00848857 0.0055912 0.00344316
 0.010448 0.0166142 0.0243294 0.0332873 0.0430355 0.0528871 0.0618658 0.0688964 0.0731963 0.0745608 0.0733214 0.0700757 0.0654291 0.0598691 0.0537457 0.047301 0.0407208 0.0341831 0.0278806 0.0220093 0.0167415 0.012203 0.00846465 0.00554153 0.00339296
 0.0101802 0.0162043 0.0237649 0.0325854 0.0422533 0.0521266 0.0612657 0.0685992 0.0732919 0.075032 0.0740296 0.0708081 0.0659878 0.0601546 0.0537892 0.0472317 0.0406893 0.0342864 0.0281279 0.0223393 0.0170698 0.0124664 0.00863999 0.00563892 0.00343746
 0.0102006 0.0162001 0.0236902 0.032377 0.0418506 0.0515033 0.0604585 0.067716 0.0724909 0.074476 0.0738321 0.0709904 0.066468 0.0607795 0.0543993 0.047726 0.0410531 0.0345695 0.0283933 0.0226193 0.0173547 0.0127235 0.0088403 0.00577314 0.00351484
 0.0105863 0.0168049 0.024554 0.0335093 0.0432138 0.0529962 0.0619107 0.0689121 0.0732298 0.0746432 0.0734427 0.0701767 0.0654184 0.059666 0.0533295 0.0467398 0.0401538 0.0337608 0.0276953 0.0220585 0.0169434 0.0124492 0.00867185 0.00567507 0.00345883
 0.0104569 0.0166556 0.0244427 0.0335282 0.0434657 0.0535542 0.0627797 0.0700116 0.0744058 0.0757039 0.0742084 0.0705289 0.0653327 0.059212 0.0526363 0.0459447 0.0393622 0.0330348 0.027065 0.0215385 0.0165402 0.0121594 0.0084805 0.00555885 0.00339326
 0.0101245 0.0161413 0.0237219 0.0326082 0.0423981 0.0524455 0.0617915 0.0693345 0.0742036 0.076048 0.0750403 0.0716746 0.0665639 0.0603218 0.0534953 0.0465175 0.0396866 0.0331826 0.0271078 0.0215301 0.0165148 0.0121355 0.00846562 0.00555314 0.00339332
 0.0096394 0.0153946 0.0226776 0.0312637 0.0407882 0.0506457 0.0599263 0.0675803 0.0727743 0.0751561 0.0748421 0.0722203 0.067772 0.0619941 0.0553722 0.0483508 0.041299 0.0344903 0.0281063 0.0222612 0.017035 0.0124969 0.00870992 0.00571212 0.00349149
 0.00922487 0.0147572 0.0217867 0.0301165 0.0394101 0.0490897 0.0582746 0.0659456 0.071293 0.073973 0.0740932 0.0720132 0.068164 0.0629677 0.056821 0.0500924 0.0431173 0.0361902 0.0295568 0.023408 0.0178859 0.0130955 0.00911082 0.0059675 0.00364516
#obs surv len freq
 nan nan nan nan nan nan nan nan nan nan nan nan nan nan nan nan nan nan nan nan nan nan nan nan nan
 0.00449014 0.007354 0.0111863 0.0160043 0.0217055 0.0279804 0.0342929 0.0400221 0.0446993 0.0481606 0.0505161 0.0520096 0.0528997 0.0534102 0.053723 0.0539768 0.0542545 0.0545467 0.0546851 0.0542769 0.0527151 0.0493478 0.0437985 0.0362798 0.027665
 0.00461668 0.00756389 0.0115095 0.0164699 0.0223346 0.0287741 0.0352221 0.0410243 0.0456887 0.0490461 0.0512185 0.0524738 0.0530989 0.0533451 0.0534169 0.0534678 0.0535869 0.0537636 0.0538259 0.0533791 0.051818 0.048495 0.0430355 0.0356452 0.0271799
 0.00478402 0.00783559 0.011918 0.0170459 0.0231018 0.0297408 0.0363703 0.0423039 0.0470198 0.0503293 0.0523494 0.0533568 0.0536598 0.0535402 0.053237 0.0529359 0.0527497 0.0526823 0.0525682 0.0520161 0.0504259 0.0471552 0.0418285 0.0346375 0.0264083
 0.00497019 0.00814139 0.012384 0.0177115 0.0239975 0.0308758 0.0377205 0.0438079 0.0485879 0.05186 0.0537425 0.0545196 0.0545095 0.0540078 0.0532748 0.0525253 0.0519062 0.0514538 0.0510307 0.050268 0.0485836 0.0453466 0.0401799 0.0332517 0.0253432
 0.00517692 0.00848064 0.0129006 0.0184497 0.0249926 0.0321413 0.0392341 0.0455056 0.0503721 0.0536169 0.0553599 0.0558973 0.0555622 0.0546651 0.0534806 0.0522407 0.051116 0.0501756 0.0493227 0.0482326 0.0463641 0.0431154 0.0381135 0.0314973 0.0239864
 0.00541047 0.00886117 0.0134751 0.0192627 0.0260787 0.0335123 0.0408652 0.0473303 0.0522901 0.0555119 0.0571169 0.0574126 0.0567473 0.0554467 0.0537991 0.0520498 0.0503854 0.0489006 0.0475378 0.0460266 0.043887 0.0405673 0.0357129 0.0294342 0.0223777
 0.00565411 0.00926028 0.0140813 0.0201259 0.0272372 0.0349778 0.0426073 0.0492716 0.0543182 0.0575015 0.0589496 0.0589876 0.057982 0.0562736 0.0541625 0.0519029 0.0496917 0.0476415 0.0457294 0.0437405 0.0412659 0.0378212 0.0330862 0.0271497 0.0205804
 0.00588758 0.00964514 0.0146705 0.0209723 0.0283839 0.0364415 0.0443619 0.0512418 0.0563899 0.0595434 0.0608352 0.060608 0.0592508 0.0571255 0.054548 0.0517821 0.0490316 0.0464204 0.0439525 0.0414645 0.0386206 0.0350127 0.0303668 0.0247596 0.0186837
 0.00614746 0.0100677 0.0153068 0.0218703 0.0295799 0.0379467 0.0461472 0.0532321 0.0584728 0.0615892 0.0627173 0.0622157 0.0604958 0.0579422 0.0548904 0.0516181 0.0483374 0.0451809 0.0421735 0.0391953 0.0359797 0.0321956 0.0276221 0.0223312 0.0167445
 0.0063758 0.0104461 0.0158892 0.0227112 0.0307226 0.0394055 0.0478905 0.0551775 0.0605009 0.0635685 0.0645257 0.0637523 0.0616816 0.0587176 0.0552122 0.0514553 0.0476682 0.0439935 0.0404752 0.0370323 0.0334603 0.0295009 0.0249858 0.0199876 0.0148638
 0.00661447 0.0108352 0.0164773 0.0235446 0.0318374 0.0408141 0.0495666 0.0570492 0.0624585 0.0654834 0.0662717 0.0652208 0.0627899 0.0594102 0.0554561 0.0512323 0.0469683 0.0428137 0.0388275 0.034962 0.0310677 0.0269514 0.0224944 0.0177712 0.0130819
 0.0068297 0.0111905 0.0170216 0.0243263 0.032894 0.0421563 0.0511629 0.0588218 0.0642957 0.0672625 0.067879 0.066562 0.0637924 0.0600225 0.0556458 0.0509833 0.0462757 0.041682 0.0372752 0.0330356 0.0288601 0.0246119 0.0202149 0.0157455 0.011453
 0.00706736 0.0115774 0.0176049 0.0251497 0.0339889 0.0435279 0.0527756 0.060594 0.0661104 0.0689897 0.0693985 0.0677783 0.0646404 0.060466 0.0556715 0.0505928 0.0454794 0.0404963 0.035727 0.0311748 0.0267743 0.0224353 0.0181163 0.0138933 0.00996999
 0.00729592 0.0119524 0.0181751 0.0259613 0.0350751 0.0448924 0.0543774 0.0623433 0.0678827 0.0706514 0.0708302 0.0688888 0.0653699 0.0607848 0.0555751 0.0500953 0.0446055 0.039277 0.0342008 0.0293964 0.0248277 0.02044 0.0162178 0.0122338 0.00865008
 0.0074311 0.0121804 0.0185339 0.0264921 0.0358148 0.0458606 0.0555625 0.0636961 0.0693211 0.0720739 0.072132 0.0699743 0.0661627 0.061233 0.0556532 0.0498012 0.0439553 0.0383 0.0329385 0.0279064 0.0231907 0.0187633 0.0146266 0.0108468 0.00754968
 0.00750736 0.0123031 0.0187169 0.0267504 0.0361643 0.0463181 0.0561423 0.064404 0.0701485 0.0729921 0.0730906 0.0709041 0.0669846 0.0618694 0.0560392 0.0498924 0.0437315 0.0377651 0.0321191 0.0268522 0.0219758 0.0174849 0.0133946 0.00976355 0.0066861
 0.00760449 0.0124507 0.0189202 0.0270077 0.0364689 0.0466614 0.056516 0.064803 0.0705717 0.0734431 0.0735728 0.071413 0.0674991 0.062348 0.0564245 0.0501223 0.0437525 0.0375437 0.0316496 0.0261598 0.0211167 0.0165413 0.0124618 0.00893104 0.00601652
 0.00769083 0.012591 0.0191302 0.0272997 0.0368467 0.0471138 0.0570129 0.0652987 0.0710183 0.073807 0.0738455 0.0716099 0.0676467 0.0624674 0.0565181 0.0501692 0.0437144 0.0373778 0.0313247 0.0256702 0.0204892 0.0158328 0.0117474 0.00828504 0.00549266
 0.00773359 0.0126565 0.019222 0.0274195 0.0369961 0.047295 0.0572283 0.0655472 0.0712913 0.0740869 0.0741088 0.0718353 0.0678233 0.0625967 0.0566085 0.050225 0.0437267 0.0373235 0.0311752 0.0254059 0.0201131 0.0153757 0.011262 0.00782985 0.00511409
 0.00776613 0.012705 0.0192867 0.0274979 0.0370834 0.0473862 0.0573199 0.0656388 0.0713863 0.0741907 0.0742265 0.0719671 0.067962 0.0627307 0.0567254 0.050315 0.043781 0.0373308 0.03112 0.0252735 0.019899 0.015094 0.0109454 0.00752016 0.00484842
 0.00782675 0.0127935 0.0194011 0.0276297 0.0372193 0.0475121 0.057424 0.0657138 0.0714302 0.0742077 0.0742267 0.0719634 0.0679668 0.0627503 0.0567585 0.0503531 0.0438114 0.0373389 0.0310913 0.0251956 0.0197665 0.014913 0.0107352 0.0073087 0.00466256
 0.00785167 0.0128344 0.0194628 0.0277154 0.0373287 0.0476382 0.0575523 0.0658243 0.0715043 0.0742353 0.0742104 0.0719174 0.0679105 0.0627018 0.0567291 0.0503451 0.0438184 0.0373481 0.0310869 0.0251634 0.0196977 0.0148081 0.0106053 0.00717208 0.00453847
 0.00786946 0.0128582 0.0194896 0.02774 0.0373458 0.0476462 0.0575542 0.0658267 0.0715126 0.0742504 0.0742275 0.0719302 0.0679156 0.0627016 0.0567303 0.0503549 0.0438394 0.0373763 0.0311125 0.0251741 0.0196834 0.0147654 0.010539 0.00709406 0.00446261
 0.00788541 0.0128804 0.0195157 0.027765 0.037363 0.0476484 0.0575367 0.0657888 0.0714593 0.0741919 0.0741764 0.0718969 0.0679047 0.0627115 0.056756 0.0503913 0.0438828 0.0374232 0.0311576 0.0252097 0.0197018 0.0147619 0.0105149 0.00705623 0.00442068
 0.0078826 0.0128753 0.019507 0.027751 0.0373415 0.0476172 0.0574942 0.0657348 0.0713957 0.0741236 0.0741116 0.0718457 0.0678769 0.0627132 0.0567877 0.0504477 0.0439555 0.0375028 0.0312352 0.0252773 0.0197527 0.0147922 0.0105245 0.00704946 0.00440468
 0.00787566 0.0128605 0.0194785 0.0277015 0.037265 0.0475121 0.0573659 0.0655957 0.0712622 0.0740109 0.0740306 0.0718021 0.0678723 0.0627466 0.0568559 0.0505451 0.0440735 0.0376309 0.031362 0.0253922 0.0198474 0.0148618 0.0105686 0.00707168 0.00441141
 0.00790427 0.0129011 0.0195282 0.0277533 0.0373083 0.0475354 0.0573592 0.065553 0.0711836 0.0739039 0.0739091 0.0716834 0.0677723 0.0626768 0.0568219 0.0505469 0.0441071 0.0376887 0.0314342 0.0254682 0.0199172 0.0149183 0.0106083 0.00709517 0.00442222
 0.0079029 0.0129003 0.0195295 0.0277581 0.0373172 0.047546 0.0573655 0.0655464 0.0711559 0.073851 0.0738336 0.0715946 0.0676842 0.0626037 0.0567751 0.0505327 0.0441257 0.0377352 0.0315001 0.025543 0.0199907 0.014982 0.0106571 0.00712805 0.00444136
 0.00788472 0.0128708 0.0194854 0.0276973 0.0372397 0.0474556 0.0572704 0.0654577 0.0710839 0.0738013 0.0738056 0.0715832 0.0676842 0.0626129 0.0567952 0.0505675 0.0441784 0.0378059 0.0315848 0.0256343 0.0200796 0.0150603 0.0107193 0.00717242 0.00446955
 0.0078428 0.0128025 0.0193827 0.0275534 0.0370516 0.0472272 0.0570158 0.0652011 0.0708554 0.0736296 0.0737103 0.0715712 0.0677485 0.0627372 0.0569596 0.0507539 0.0443732 0.0380001 0.031772 0.0258083 0.020234 0.0151894 0.0108198 0.00724419 0.00451625
 0.00782364 0.0127667 0.0193203 0.0274525 0.0369012 0.0470227 0.0567628 0.0649179 0.0705698 0.0733736 0.0735141 0.0714571 0.0677281 0.0628087 0.057109 0.0509593 0.0446101 0.0382466 0.0320108 0.0260274 0.0204249 0.0153468 0.0109413 0.00733125 0.00457345
 0.00780512 0.0127374 0.0192772 0.0273926 0.0368207 0.0469167 0.0566268 0.0647497 0.070373 0.0731605 0.0733054 0.071279 0.0676062 0.0627617 0.0571443 0.0510712 0.0447823 0.0384564 0.0322345 0.0262443 0.0206198 0.0155098 0.0110683 0.00742287 0.00463416
 0.00777509 0.0126862 0.0191961 0.0272728 0.0366565 0.0467091 0.0563868 0.0644969 0.0701307 0.0729487 0.0731375 0.0711627 0.0675466 0.0627642 0.0572133 0.0512067 0.044977 0.0386947 0.032495 0.0265037 0.0208573 0.0157109 0.0112257 0.00753645 0.00470941
 0.00773357 0.0126191 0.019096 0.0271329 0.0364722 0.0464803 0.0561201 0.064208 0.069843 0.0726892 0.0729317 0.0710291 0.0674945 0.0627934 0.0573173 0.051376 0.0452001 0.0389576 0.0327798 0.0267895 0.0211232 0.0159396 0.0114072 0.0076688 0.00479766
 0.00933116 0.0148538 0.0217897 0.0298961 0.0388174 0.0480027 0.0566403 0.0637985 0.0687452 0.0711913 0.0712794 0.0693929 0.0659769 0.0614488 0.0561691 0.0504282 0.0444447 0.0383793 0.0323581 0.0265001 0.0209389 0.0158325 0.0113518 0.00764424 0.00478919
 0.00931269 0.0151204 0.0227134 0.0319385 0.042328 0.0529472 0.0624286 0.0693809 0.0729853 0.0733143 0.0711278 0.0673681 0.0627622 0.0577183 0.0524208 0.0469563 0.0413888 0.0357864 0.0302277 0.0248071 0.0196438 0.0148853 0.0106946 0.00721529 0.00452808
 0.00896459 0.0145741 0.0219497 0.0310099 0.0414119 0.0523816 0.0626708 0.070844 0.07579 0.0771057 0.0751195 0.0706403 0.0646452 0.0580245 0.0514135 0.0451333 0.0392483 0.0336914 0.028382 0.023293 0.0184704 0.0140233 0.0100962 0.0068254 0.0042914
 0.00880774 0.0143049 0.0215192 0.0303671 0.0405236 0.0512674 0.0614464 0.0697494 0.0751678 0.0773052 0.0763398 0.0727843 0.067288 0.0605524 0.0532721 0.0460394 0.0392461 0.0330511 0.0274361 0.0223119 0.0176155 0.0133593 0.00962476 0.0065164 0.00410431
 0.00872737 0.0141707 0.0213096 0.0300569 0.0400858 0.0506794 0.0607017 0.0688757 0.0742487 0.0764944 0.0758513 0.0728369 0.0680087 0.0618824 0.0549451 0.0476689 0.0404828 0.0337177 0.0275614 0.0220648 0.0171997 0.0129338 0.00927628 0.00627024 0.00394969
 0.00870488 0.0141318 0.0212464 0.0299589 0.0399408 0.0504735 0.0604217 0.0685115 0.0737987 0.0759766 0.0753179 0.0723853 0.0677713 0.0619848 0.055441 0.0484888 0.0414403 0.0345815 0.0281549 0.0223301 0.0171934 0.0127711 0.00906802 0.00608733 0.00381937
 0.00868734 0.0141 0.0211923 0.0298732 0.0398146 0.0503019 0.060206 0.0682585 0.0735181 0.0756775 0.0750103 0.0720872 0.0675202 0.0618411 0.0554749 0.0487465 0.0419073 0.03517 0.0287327 0.0227776 0.0174525 0.0128562 0.00903924 0.0060115 0.00374328
 0.00870321 0.0141272 0.0212353 0.0299355 0.0398956 0.0503937 0.0602913 0.0683131 0.073517 0.0756033 0.0748581 0.0718666 0.0672542 0.0615666 0.0552409 0.0486065 0.0419009 0.0353012 0.0289602 0.0230292 0.0176573 0.0129752 0.00907413 0.00599133 0.00370202
 0.00869274 0.0141129 0.0212188 0.0299206 0.0398878 0.0503985 0.0603128 0.0683508 0.0735641 0.0756457 0.0748773 0.0718451 0.0671826 0.0614492 0.0550976 0.0484703 0.041809 0.0352818 0.029019 0.0231441 0.0177881 0.013083 0.00913829 0.0060131 0.00369657
 0.00866226 0.0140648 0.0211495 0.0298286 0.039775 0.0502721 0.0601856 0.0682405 0.0734886 0.0756174 0.0748972 0.0719023 0.0672572 0.0615195 0.0551485 0.0484995 0.041828 0.0353098 0.0290723 0.0232264 0.0178878 0.0131794 0.00921295 0.00605844 0.0037163
 0.00864044 0.014029 0.0210953 0.0297518 0.0396733 0.0501466 0.0600428 0.068093 0.0733537 0.075513 0.0748386 0.0718969 0.0673029 0.0616042 0.055254 0.0486075 0.0419269 0.0353977 0.0291547 0.0233099 0.0179733 0.0132608 0.00928126 0.0061072 0.00374508
 0.00864244 0.0140304 0.0210937 0.0297437 0.0396541 0.0501121 0.0599901 0.0680221 0.0732679 0.0754198 0.0747485 0.0718229 0.0672565 0.0615925 0.0552767 0.0486574 0.0419927 0.0354688 0.0292249 0.0233771 0.0180372 0.0133199 0.00933188 0.00614588 0.00377065
 0.00865171 0.0140461 0.0211182 0.029779 0.0397006 0.0501665 0.060045 0.0680663 0.0732894 0.0754097 0.074705 0.0717513 0.0671688 0.0615035 0.0552007 0.0486038 0.0419646 0.0354635 0.0292364 0.0233993 0.0180651 0.0133495 0.00935969 0.00616899 0.00378736
 0.00862541 0.0140077 0.0210686 0.0297222 0.039643 0.0501158 0.0600081 0.0680478 0.0732905 0.0754271 0.0747309 0.0717768 0.0671866 0.0615113 0.0552014 0.048604 0.041971 0.0354803 0.0292639 0.0234345 0.0181036 0.0133868 0.00939233 0.00619485 0.0038058
 0.00862136 0.013997 0.0210453 0.029679 0.0395744 0.0500219 0.0598978 0.0679377 0.0732001 0.0753717 0.0747171 0.0718007 0.0672371 0.0615748 0.0552663 0.0486636 0.042024 0.0355287 0.0293105 0.0234806 0.0181483 0.0134278 0.00942722 0.00622202 0.00382499
 0.00862136 0.013997 0.0210453 0.029679 0.0395744 0.0500219 0.0598978 0.0679377 0.0732001 0.0753717 0.0747171 0.0718007 0.0672371 0.0615748 0.0552663 0.0486636 0.042024 0.0355287 0.0293105 0.0234806 0.0181483 0.0134278 0.00942722 0.00622202 0.00382499
 0.00905199 0.0146783 0.0220318 0.0309986 0.0412111 0.0518954 0.0618504 0.0697475 0.0746285 0.0762299 0.0749157 0.071362 0.0662707 0.0602375 0.0537241 0.0470651 0.0404861 0.0341334 0.0281072 0.0224919 0.0173752 0.0128548 0.00902685 0.00596013 0.00366581
 0.00918593 0.0149364 0.0224936 0.031759 0.0423524 0.0534449 0.0637413 0.0718099 0.0766196 0.0778909 0.0760311 0.0718016 0.0660093 0.0593501 0.0523606 0.0454123 0.0387296 0.0324291 0.0265679 0.0211851 0.0163288 0.012065 0.0084672 0.00558986 0.00343861
 0.00879933 0.0143322 0.0216359 0.0306482 0.0410452 0.0520729 0.062515 0.070984 0.0764169 0.0784141 0.0772115 0.0734169 0.0677591 0.0609484 0.0536071 0.0462217 0.0391219 0.0324938 0.0264216 0.0209372 0.0160617 0.011829 0.0082846 0.00546305 0.00335886
 0.00867852 0.0140898 0.0211884 0.0298955 0.0399037 0.0505257 0.060657 0.0690327 0.0746744 0.0771913 0.0767434 0.0737957 0.0689065 0.0626378 0.0555311 0.0480806 0.0406967 0.0336806 0.0272219 0.02142 0.0163211 0.0119516 0.0083342 0.00547929 0.00336243
 0.0087539 0.0141942 0.021308 0.0299957 0.0399251 0.0503865 0.0602662 0.0683202 0.0736339 0.0759172 0.0754341 0.0727094 0.0682793 0.0626019 0.0560691 0.0490382 0.0418445 0.0347941 0.0281446 0.0220872 0.0167457 0.0121898 0.00845148 0.00552936 0.00338051
 0.00906542 0.0146946 0.0220464 0.0310035 0.0411976 0.0518578 0.06179 0.0696766 0.0745732 0.0762316 0.0750285 0.0716414 0.0667522 0.0609086 0.0545045 0.0478123 0.0410335 0.0343477 0.0279397 0.0219949 0.0166772 0.0121089 0.00835966 0.00544254 0.00331183
 0.00879176 0.0143003 0.0215489 0.0304576 0.0406872 0.0514784 0.0616272 0.0697837 0.0749492 0.0768065 0.0756693 0.0721883 0.0670757 0.0609615 0.0543403 0.0475568 0.0408247 0.0342754 0.0280172 0.0221722 0.0168815 0.0122824 0.00847713 0.00550695 0.00333976
 0.00874816 0.0141946 0.0213288 0.0300621 0.0400734 0.0506584 0.060694 0.0689016 0.0743048 0.0765406 0.0758252 0.0726993 0.0677941 0.0617134 0.054985 0.0480281 0.0411365 0.034493 0.0282099 0.0223775 0.0170967 0.0124816 0.00863557 0.00561486 0.00340288
 0.00907856 0.0147155 0.0220772 0.0310476 0.0412604 0.0519489 0.0619246 0.0698739 0.0748492 0.0765848 0.075423 0.0719976 0.0669605 0.0608704 0.0541846 0.0472703 0.0404095 0.0338037 0.0275893 0.0218632 0.0167102 0.0122186 0.00847139 0.00551859 0.00334836
 0.00900451 0.0146393 0.0220444 0.0311281 0.04153 0.0524582 0.0626688 0.0707787 0.0757814 0.0773849 0.0759505 0.0721748 0.0667947 0.0604428 0.0536099 0.0466509 0.0398094 0.0332517 0.0270979 0.0214436 0.0163739 0.0119705 0.00830451 0.00541619 0.00329049
 0.00883063 0.0143479 0.0215946 0.030489 0.0407035 0.0515056 0.0617242 0.0700279 0.0754025 0.0774759 0.0764865 0.0730187 0.0677547 0.0613435 0.0543415 0.0471804 0.0401595 0.0334674 0.0272223 0.0215092 0.0164044 0.011983 0.00831048 0.00542109 0.00329544
 0.00864411 0.0140349 0.0211058 0.0297745 0.0397264 0.0502647 0.0602787 0.06851 0.0740054 0.076417 0.0759516 0.0731065 0.0684423 0.0624907 0.0557375 0.0486111 0.0414634 0.0345585 0.0280799 0.0221527 0.0168694 0.0123072 0.00852776 0.00556023 0.00337979
 0.00864137 0.0140111 0.0210332 0.0296121 0.0394262 0.0497836 0.0595935 0.0676295 0.0729799 0.0753418 0.0749618 0.0723574 0.0680721 0.0625766 0.0562653 0.0494756 0.042504 0.0356115 0.0290222 0.0229196 0.0174477 0.0127165 0.00880144 0.00573318 0.00348267
#pred catch len freq
 0.00415083 0.0066379 0.00981976 0.0136721 0.01818 0.0233009 0.0288962 0.034713 0.0404405 0.0457861 0.050524 0.0545141 0.0577055 0.0601116 0.0617573 0.0626246 0.0626312 0.0616478 0.0595325 0.0561585 0.0514365 0.0453629 0.0381136 0.0301368 0.0221459
 0.00440654 0.00695295 0.0101128 0.0138182 0.0180604 0.0228725 0.0282353 0.033994 0.0398496 0.0454206 0.0503387 0.054348 0.05737 0.0594928 0.060885 0.0616799 0.061888 0.0613676 0.0598546 0.0570374 0.0526601 0.0466436 0.0392041 0.0309087 0.0225986
 0.0047021 0.00742303 0.0107926 0.0147117 0.0191154 0.0239589 0.0291506 0.0345178 0.0398391 0.0448899 0.0494569 0.053343 0.0564019 0.058589 0.0599791 0.0607167 0.0609125 0.0605346 0.0593537 0.0569849 0.0530286 0.0472736 0.0398843 0.0314708 0.0229695
 0.00494219 0.00781116 0.0113748 0.0155343 0.0202199 0.0253664 0.0308322 0.0363607 0.0416308 0.0463485 0.0503137 0.0534455 0.0557737 0.0574006 0.0584516 0.0590322 0.0591937 0.0588846 0.0578938 0.0558397 0.0522707 0.0468806 0.03975 0.0314624 0.0229861
