SBPRF35
7.78865
Curr Bio
456203
B35
660246
F35
0.214388
FOFL
0.143164
OFL
51498.6
Bzero
2.22533e+006
#pred survey bio
 4.83078e+006 4.52561e+006 4.24192e+006 3.91791e+006 3.56573e+006 3.21951e+006 2.89034e+006 2.57099e+006 2.27191e+006 2.02011e+006 1.79626e+006 1.5758e+006 1.38515e+006 1.21778e+006 1.0874e+006 967712 860126 810470 767951 738876 692712 661177 654568 645155 630480 615059 606378 602841 596830 580383 572264 571069 573401 569506 558648 547756 536741 532958 543922 542853 554528 559106 563282 568844 570642 573960 575282 577005 584826 592587 601792 589758 610799 601740 558140 547693 555483 554455 575010 570685 535320 487097 465920 457234 444376 460509 1.5955e+007 9.40317e+006 9.60993e+006 1.04648e+007 1.16673e+007 1.29223e+007 1.40548e+007 1.49922e+007 1.57263e+007 1.62802e+007 1.6688e+007 1.69836e+007 1.71959e+007 1.73477e+007 1.74562e+007 1.7534e+007 1.759e+007 1.76305e+007 1.766e+007 1.76817e+007 1.76977e+007 1.77096e+007 1.77185e+007 1.77251e+007 1.77302e+007 1.7734e+007 1.77369e+007 1.77392e+007 1.77408e+007 1.77421e+007 1.77431e+007 1.77439e+007 1.77445e+007 1.7745e+007 1.77453e+007 1.77456e+007 1.77458e+007 1.77459e+007 1.77461e+007 1.77462e+007 1.77462e+007 1.77463e+007 1.77463e+007 1.77464e+007 1.77464e+007 1.77464e+007 1.77464e+007 1.77465e+007 1.77465e+007 1.77465e+007 1.77465e+007 1.77465e+007 1.77465e+007 1.77465e+007 1.77465e+007 1.77465e+007 1.77465e+007 1.77465e+007 1.77465e+007 1.77465e+007 1.77465e+007 1.77465e+007 1.77465e+007 1.77465e+007 1.77465e+007 1.77465e+007 1.77465e+007 1.77465e+007 1.77465e+007 1.77465e+007 1.77465e+007 1.77465e+007 1.77465e+007 1.77465e+007 1.77465e+007 1.77465e+007 1.77465e+007 1.77465e+007 1.77465e+007 1.77465e+007 1.77465e+007 1.77465e+007 1.77465e+007 1.77465e+007 1.77465e+007 1.77465e+007 1.77465e+007 1.77465e+007 1.77465e+007 1.77465e+007 1.77465e+007 1.77465e+007 1.77465e+007 1.77465e+007 1.77465e+007 1.77465e+007 1.77465e+007 1.77465e+007 1.77465e+007 1.77465e+007 0 0 0 0 0 0 0 0 0 0 0 0 0 0 0 0 0 0 0 0 0 0 0 0 0
#obs survey bio
 4.86076e+006 3.51677e+006 3.04478e+006 3.31205e+006 2.97864e+006 1.84973e+006 1.9746e+006 2.66322e+006 1.65616e+006 1.8317e+006 2.5119e+006 1.54503e+006 990344 980036 834477 746331 570628 630306 536526 612627 793545 620596 417675 541666 713968 468791 668824 480200 579865 375536 544510 509070 772668 482886 376363 605422 446013 504732 661705 690311 465862 518974 662888 450482 604841 609586 674073 546866 593053 731729 457425 808024 528646 800879 446204 757810 345730 512610 871371 970917 455853 642375 351502 302350 510768 393647
#pred catch bio
 104346 97269.5 155030 209874 238596 258757 283997 296078 279257 274707 287001 272137 260308 233848 227272 216250 165508 157964 143650 153345 135926 112537 113673 115668 113246 104966 98807.8 99766.9 107373 99195.7 92670 88910.6 92451.2 95426.2 92394.3 91986.8 89162.7 81174.5 93442.4 83279.6 89517.2 89180 86873.7 89079.2 87473.8 89518.2 89961 86344.6 88353.2 88761 106408 77671.3 101858 128263 98771 83948.4 91134 72034.1 90762.2 113252 120855 96304.6 85231.1 87069.8 60307.8 73800.8 51498.6 73045.5 73041 78077.9 86748.8 96139.2 104568 111407 116611 120396 123061 124891 126123 126941 127478 127827 128052 128197 128289 128348 128385 128408 128423 128433 128439 128442 128445 128446 128447 128447 128448 128448 128448 128448 128448 128448 128448 128448 128448 128448 128448 128448 128448 128448 128448 128448 128448 128448 128448 128448 128448 128448 128448 128448 128448 128448 128448 128448 128448 128448 128448 128448 128448 128448 128448 128448 128448 128448 128448 128448 128448 128448 128448 128448 128448 128448 128448 128448 128448 128448 128448 128448 128448 128448 128448 128448 128448 128448 128448 128448 128448 128448 128448 128448 128448 128448 128448 128448 128448 128448 0 0 0 0 0 0 0 0 0 0 0 0 0 0 0 0 0 0 0 0 0 0 0 0 0
#obs catch bio
 0 96881.7 155503 211138 240613 261996 289394 302509 285335 281471 293624 277830 267335 240702 234755 223510 169640 162210 146971 157173 137856 113687 115938 117870 114621 106575 99618.1 100713 108848 100887 94157.1 90296.8 93925.8 96926.4 93949.4 93053.1 90749.7 81861.7 94175.5 83466.9 89967.6 89980.7 87004.4 89190 87284.5 89533.4 90162.3 86527 88823.1 89164 108076 77707.6 101935 129065 99093.5 83925.9 92072.6 72107.3 90498.2 112503 120300 95651.2 84912.7 87564 59974.7 73911.9
#pred cpue bio
 4.75326e+006 4.45363e+006 4.17386e+006 3.85145e+006 3.50064e+006 3.15578e+006 2.82794e+006 2.51041e+006 2.21353e+006 1.96361e+006 1.7418e+006 1.52392e+006 1.33545e+006 1.17002e+006 1.04133e+006 923815 818687 770280 729295 701684 657703 627634 621305 612338 598633 584184 576145 572991 567207 551204 543349 542363 544972 541749 531860 521777 510414 505095 514781 513943 525635 530284 534663 540491 542438 545582 546646 548054 555282 562481 571270 559831 580807 572483 529963 519384 526976 526407 547052 543734 509590 462264 441312 432984 421104 437826 1.52178e+007 8.98007e+006 9.03076e+006 9.70331e+006 1.08403e+007 1.20797e+007 1.3209e+007 1.41459e+007 1.48798e+007 1.54337e+007 1.58415e+007 1.61371e+007 1.63494e+007 1.65012e+007 1.66098e+007 1.66875e+007 1.67435e+007 1.6784e+007 1.68136e+007 1.68352e+007 1.68512e+007 1.68631e+007 1.6872e+007 1.68787e+007 1.68837e+007 1.68876e+007 1.68905e+007 1.68927e+007 1.68944e+007 1.68957e+007 1.68967e+007 1.68975e+007 1.6898e+007 1.68985e+007 1.68989e+007 1.68991e+007 1.68993e+007 1.68995e+007 1.68996e+007 1.68997e+007 1.68998e+007 1.68998e+007 1.68999e+007 1.68999e+007 1.69e+007 1.69e+007 1.69e+007 1.69e+007 1.69e+007 1.69e+007 1.69e+007 1.69e+007 1.69e+007 1.69e+007 1.69e+007 1.69e+007 1.69e+007 1.69e+007 1.69e+007 1.69e+007 1.69e+007 1.69e+007 1.69e+007 1.69e+007 1.69e+007 1.69e+007 1.69e+007 1.69e+007 1.69e+007 1.69e+007 1.69e+007 1.69e+007 1.69e+007 1.69e+007 1.69e+007 1.69e+007 1.69e+007 1.69e+007 1.69e+007 1.69e+007 1.69e+007 1.69e+007 1.69e+007 1.69e+007 1.69e+007 1.69e+007 1.69e+007 1.69e+007 1.69e+007 1.69e+007 1.69e+007 1.69e+007 1.69e+007 1.69e+007 1.69e+007 1.69e+007 1.69e+007 1.69e+007 1.69e+007 1.69e+007 0 0 0 0 0 0 0 0 0 0 0 0 0 0 0 0 0 0 0 0 0 0 0 0 0
#obs cpue bio
 3.67309e+006 5.22743e+006 2.87935e+006 2.56737e+006 2.42476e+006 2.91466e+006 2.16892e+006 2.01835e+006 2.25326e+006 1.44408e+006 1.56775e+006 1.39241e+006 1.01055e+006 783385 847677 877464 797787 682347 758981 741993 731597 536170 423700 633079 688347 445556 691112 562559 432755 454939 439955 451086 344564 558400 527062 595451 312491 699967 574501 426155 555076 365752 738153 719280 645496 438121 391485 516766 412275 394931 466037 537573 994945 371259 548231 424051 480952 629026 726628 443573 585188 394281 509226 453391 507214 464401
#pred surv len freq
 0.0049985 0.00810678 0.0121844 0.0172064 0.0230485 0.0294094 0.0357815 0.0415704 0.0463176 0.0498526 0.0522725 0.0538111 0.0547168 0.0551894 0.0553574 0.055276 0.0549397 0.0542965 0.0532389 0.0515643 0.0489478 0.0450064 0.0394966 0.0325629 0.0248479
 0.00533894 0.0085389 0.0126156 0.0174891 0.0230369 0.0290409 0.0351296 0.0408263 0.0457007 0.049504 0.052197 0.0538981 0.0548167 0.0551962 0.0552565 0.055141 0.0548877 0.0544235 0.053565 0.0520163 0.0493904 0.0453072 0.0395873 0.0324615 0.0246344
 0.00564259 0.00904116 0.0133784 0.018551 0.0243774 0.0305418 0.0365668 0.0419231 0.0462386 0.0494271 0.051635 0.0530843 0.0539608 0.0544005 0.0545207 0.0544299 0.0541958 0.0537909 0.0530432 0.0516207 0.0490803 0.0450094 0.0392443 0.0320667 0.0242296
 0.00590512 0.00946702 0.0140194 0.0194594 0.0255991 0.0320993 0.0384298 0.0439769 0.0482711 0.0511589 0.0527964 0.0535113 0.0536556 0.053514 0.0532686 0.0530023 0.0527161 0.0523289 0.051645 0.0503209 0.047896 0.043939 0.0382814 0.0312186 0.0235199
 0.00621518 0.00995704 0.0147317 0.0204265 0.0268424 0.033625 0.0402212 0.045985 0.0504064 0.0532845 0.0547249 0.05502 0.0545316 0.0536212 0.0525991 0.0516768 0.0509318 0.0502907 0.0495203 0.0482294 0.0459208 0.04214 0.0367057 0.0299036 0.022489
 0.00653219 0.010463 0.0154756 0.0214479 0.0281643 0.0352446 0.0420996 0.0480454 0.052546 0.0553917 0.0566875 0.0567176 0.0558247 0.0543556 0.0526388 0.0509538 0.0494819 0.0482514 0.0470923 0.0456263 0.0433344 0.0397271 0.0345862 0.0281584 0.0211536
 0.00677696 0.0108668 0.0160944 0.0223378 0.0293713 0.0367873 0.0439516 0.050129 0.0547433 0.0575683 0.0587149 0.0584839 0.0572305 0.0553029 0.0530247 0.050681 0.0484899 0.0465544 0.0447988 0.0429286 0.0404719 0.0369422 0.032086 0.0260871 0.0195765
 0.00704827 0.0112981 0.0167264 0.0232053 0.0305007 0.0381918 0.0456217 0.0520229 0.0567843 0.0596503 0.0607147 0.0602754 0.058698 0.0563468 0.0535591 0.0506284 0.0477854 0.0451665 0.0427617 0.040367 0.0375984 0.0340231 0.0293856 0.0238101 0.0178302
 0.00738744 0.0118305 0.0174925 0.0242302 0.0317915 0.0397332 0.0473707 0.0539083 0.058716 0.0615345 0.062465 0.0618139 0.0599503 0.0572387 0.054016 0.0505779 0.0471622 0.0439255 0.0409027 0.0379644 0.0348197 0.0311156 0.0266266 0.0214386 0.0159882
 0.00762411 0.0122213 0.0180914 0.0250897 0.0329504 0.0411986 0.0491004 0.0558086 0.0606598 0.0633917 0.0641278 0.0632077 0.0610277 0.0579663 0.0543606 0.0504973 0.0466056 0.0428449 0.0392774 0.0358329 0.0323057 0.0284284 0.0240244 0.0191621 0.0141953
 0.00786706 0.0126064 0.0186537 0.0258584 0.0339472 0.0424334 0.0505626 0.0574569 0.0624176 0.0651525 0.0657704 0.0646159 0.0621103 0.0586666 0.0546521 0.0503685 0.0460439 0.0418321 0.0378025 0.0339211 0.0300491 0.0259974 0.0216438 0.0170542 0.0125164
 0.00826762 0.0132265 0.0195286 0.0269998 0.0353422 0.0440443 0.0523253 0.0592825 0.0642029 0.0667965 0.0671863 0.0657346 0.0628783 0.0590451 0.0546194 0.0499196 0.0451856 0.0405753 0.0361639 0.0319383 0.0278049 0.0236356 0.0193559 0.0150348 0.0109061
 0.00863395 0.0138127 0.020392 0.0281836 0.036863 0.045875 0.0543802 0.0614189 0.0662473 0.0685854 0.0685998 0.0667088 0.063396 0.0591184 0.0542732 0.0491814 0.0440816 0.0391312 0.0344101 0.0299224 0.0256084 0.0213847 0.0172124 0.013161 0.00941845
 0.00894563 0.0143148 0.0211391 0.0292232 0.0382264 0.047562 0.0563418 0.063548 0.068388 0.0705586 0.0702361 0.0678773 0.064023 0.0591917 0.0538302 0.0482878 0.0428096 0.0375465 0.032572 0.0278944 0.023474 0.0192572 0.0152278 0.0114511 0.00807358
 0.00912542 0.0146118 0.0215955 0.0298822 0.0391255 0.0487205 0.0577467 0.0651464 0.0700893 0.0722458 0.0717796 0.0691489 0.064912 0.0596207 0.0537674 0.0477488 0.041847 0.0362343 0.0309916 0.0261311 0.0216223 0.0174258 0.0135349 0.0100041 0.00694241
 0.00929566 0.0148899 0.0220165 0.0304802 0.0399274 0.0497366 0.0589596 0.0665061 0.0715179 0.0736495 0.0730616 0.0702177 0.065687 0.0600379 0.0537853 0.0473549 0.0410611 0.0351062 0.0295949 0.024556 0.0199701 0.0158057 0.0120544 0.00875337 0.00597465
 0.00954376 0.0152741 0.0225594 0.0311909 0.0408015 0.0507567 0.0600931 0.0677027 0.0727121 0.0747682 0.0740333 0.0709804 0.0661922 0.0602515 0.0536874 0.0469396 0.0403386 0.0341057 0.0283672 0.0231734 0.0185228 0.0143937 0.0107747 0.00768261 0.00515427
 0.00950083 0.0152156 0.0224927 0.0311318 0.0407723 0.0507827 0.0601996 0.0679126 0.073044 0.0752317 0.0746225 0.0716669 0.0669231 0.0609538 0.0542794 0.0473454 0.0405009 0.033996 0.0279905 0.0225694 0.017761 0.013563 0.00996776 0.00697744 0.00459896
 0.00945069 0.0151408 0.0223931 0.0310131 0.0406463 0.0506669 0.0601163 0.0678869 0.0731001 0.0753883 0.0748885 0.0720393 0.0673845 0.0614709 0.0548025 0.0478122 0.040846 0.0341646 0.0279519 0.0223259 0.0173501 0.0130495 0.00942885 0.00648387 0.00419883
 0.00930668 0.0149236 0.0220985 0.0306492 0.0402333 0.0502342 0.0597008 0.067531 0.0728479 0.075278 0.0749453 0.0722703 0.0677777 0.0619958 0.0554127 0.0484482 0.0414407 0.034652 0.0282795 0.022467 0.0173114 0.01287 0.00916829 0.00620554 0.00395254
 0.00948566 0.0151751 0.022404 0.030967 0.0405104 0.0504257 0.0597846 0.067511 0.0727455 0.0751214 0.0747625 0.0720878 0.0676212 0.0618884 0.0553698 0.0484706 0.0415112 0.0347366 0.0283366 0.02246 0.017222 0.0127048 0.00895588 0.00598471 0.00375777
 0.00976333 0.015582 0.0229319 0.0315757 0.0411334 0.050984 0.0602019 0.0677278 0.0727324 0.0748895 0.074363 0.0715975 0.0671194 0.0614379 0.0550082 0.0482116 0.0413481 0.0346472 0.0282874 0.022415 0.017153 0.0125998 0.0088218 0.00584122 0.00362705
 0.00967092 0.015467 0.0228227 0.0315167 0.0411683 0.0511314 0.060438 0.0679887 0.0729388 0.0749795 0.0743151 0.0714347 0.0668953 0.0612152 0.0548387 0.0481242 0.0413465 0.0347141 0.0283927 0.0225243 0.0172365 0.0126404 0.00881808 0.00580521 0.00357685
 0.00948404 0.0151912 0.0224617 0.0310971 0.0407385 0.0507549 0.0601818 0.0679072 0.0730531 0.0752624 0.0746942 0.0718179 0.0672072 0.0614227 0.0549539 0.0481869 0.0413997 0.0347855 0.028488 0.0226311 0.0173348 0.0127125 0.00885623 0.00581275 0.00356457
 0.00950035 0.0151925 0.0224182 0.0309692 0.0404915 0.0503808 0.0597162 0.0674286 0.0726605 0.0750409 0.0746854 0.0720066 0.0675302 0.0617953 0.0553009 0.0484657 0.0416046 0.0349356 0.0286077 0.0227361 0.0174273 0.0127871 0.00890709 0.0058394 0.00357228
 0.00951332 0.0152174 0.0224608 0.0310321 0.0405676 0.0504465 0.0597316 0.0673505 0.0724657 0.0747476 0.0743554 0.0717235 0.0673636 0.0617722 0.0554003 0.0486357 0.0417906 0.0351008 0.0287391 0.0228367 0.0175047 0.0128461 0.00894901 0.00586508 0.00358441
 0.00956498 0.0152819 0.0225226 0.0310667 0.0405499 0.0503633 0.0595886 0.0671683 0.0722671 0.0745458 0.0741548 0.0715312 0.0672005 0.0616712 0.0553905 0.0487248 0.0419586 0.0353096 0.0289498 0.0230224 0.0176538 0.0129575 0.00902693 0.00591546 0.00361372
 0.00965155 0.0154053 0.0226755 0.0312287 0.0406908 0.0504493 0.0595905 0.0670697 0.0720707 0.0742755 0.0738498 0.0712342 0.0669463 0.0614826 0.0552806 0.0486996 0.0420149 0.0354321 0.0291123 0.0231947 0.0178109 0.0130848 0.00912027 0.00597775 0.00365149
 0.00965609 0.0154274 0.0227347 0.0313492 0.0408915 0.050729 0.0599185 0.0673873 0.0723087 0.0743784 0.0737945 0.0710353 0.0666478 0.0611411 0.0549501 0.0484207 0.0418113 0.0353107 0.0290649 0.0232027 0.0178508 0.0131353 0.0091666 0.00601295 0.00367456
 0.00970354 0.0155062 0.022857 0.0315286 0.0411415 0.0510594 0.060328 0.0678564 0.0727946 0.0748165 0.0741111 0.071168 0.0665664 0.0608593 0.0545205 0.0479172 0.0413076 0.0348633 0.0287059 0.0229403 0.0176755 0.0130279 0.00910584 0.00598089 0.00365853
 0.00967112 0.0154572 0.0227906 0.0314484 0.0410562 0.0509845 0.0602856 0.0678724 0.0728916 0.0750038 0.074375 0.0714692 0.0668477 0.0610625 0.0546064 0.0478788 0.0411703 0.0346723 0.0285086 0.0227716 0.0175519 0.0129494 0.00906291 0.00596094 0.00365095
 0.00956049 0.0152887 0.0225587 0.0311563 0.0407165 0.0506183 0.0599229 0.0675517 0.0726557 0.0748923 0.0744145 0.0716639 0.0671743 0.0614721 0.0550347 0.0482637 0.0414692 0.034872 0.0286225 0.0228277 0.0175786 0.0129663 0.00907849 0.00597632 0.00366431
 0.00934965 0.0149717 0.0221298 0.0306283 0.0401181 0.0499886 0.0593079 0.0670016 0.072221 0.0746174 0.07433 0.0717821 0.0674867 0.061948 0.0556232 0.0488997 0.0420857 0.0354147 0.0290606 0.0231562 0.0178116 0.0131258 0.00918558 0.00604682 0.00370912
 0.0091949 0.01473 0.0217853 0.0301752 0.0395641 0.0493591 0.0586479 0.0663727 0.0716897 0.0742392 0.0741385 0.0717871 0.0676793 0.0623067 0.0561156 0.0494829 0.0427075 0.03602 0.0296019 0.0236029 0.0181534 0.0133704 0.00935055 0.00615228 0.00377303
 0.00920434 0.0147287 0.0217526 0.0300817 0.0393792 0.049063 0.0582433 0.0658883 0.0711755 0.0737545 0.0737397 0.0715181 0.0675658 0.062355 0.0563145 0.0498069 0.0431197 0.0364761 0.0300553 0.0240129 0.0184926 0.0136281 0.0095311 0.00626945 0.00384364
 0.00998048 0.0158202 0.0230798 0.031462 0.0405764 0.0498681 0.0585409 0.0656763 0.0705392 0.0728245 0.0726566 0.070411 0.0665404 0.0614865 0.055645 0.0493472 0.0428548 0.0363723 0.0300679 0.0240943 0.0186008 0.0137324 0.00961482 0.00632802 0.00388016
 0.0106048 0.016819 0.0245429 0.0334352 0.0430209 0.0526156 0.061274 0.067975 0.0720019 0.0732097 0.0719628 0.0688523 0.064445 0.059185 0.0533989 0.0473269 0.0411486 0.0350061 0.0290256 0.0233343 0.01807 0.0133765 0.00938553 0.00618647 0.00379702
 0.0103884 0.0165869 0.0244157 0.0336012 0.0436887 0.0539328 0.0632485 0.0704363 0.0746213 0.0755722 0.0736708 0.0696324 0.0642217 0.058089 0.0517059 0.0453593 0.0391876 0.0332449 0.0275638 0.0221972 0.0172346 0.0127949 0.00900187 0.0059472 0.00365666
 0.00992932 0.015886 0.0234532 0.0324104 0.0423727 0.0526756 0.0623067 0.0700902 0.0750823 0.0768798 0.0756403 0.0718932 0.0663349 0.0596892 0.0526037 0.0455661 0.0388673 0.0326261 0.0268578 0.0215507 0.01672 0.0124268 0.008761 0.0058017 0.0035751
 0.00989909 0.0158024 0.0232648 0.0320512 0.0417835 0.0518389 0.0612801 0.0690203 0.0741857 0.0763907 0.075738 0.0726303 0.0675988 0.0612224 0.0540846 0.0467185 0.0395457 0.0328381 0.0267242 0.0212339 0.0163614 0.0121151 0.00853138 0.00565268 0.00348827
 0.00984787 0.015715 0.0231237 0.0318325 0.0414564 0.0513689 0.0606395 0.0682073 0.0732471 0.0754382 0.0749419 0.0721812 0.0676434 0.0617987 0.0550924 0.0479447 0.0407392 0.0337979 0.027357 0.0215569 0.0164617 0.0120949 0.0084703 0.00559472 0.00344852
 0.00965869 0.015452 0.0228095 0.0315133 0.0411855 0.0511804 0.0605285 0.0681277 0.0731308 0.0752271 0.0746197 0.0717938 0.0672949 0.0616195 0.0551851 0.0483342 0.0413535 0.034497 0.0279919 0.022028 0.0167429 0.0122204 0.0084993 0.00558096 0.00342555
 0.00958481 0.0153166 0.0225802 0.0311583 0.0406898 0.0505671 0.0598688 0.0675271 0.072689 0.0749942 0.0745774 0.0718749 0.0674297 0.0617775 0.0553868 0.0486276 0.0417716 0.0350245 0.0285633 0.0225567 0.0171608 0.0125019 0.00865985 0.00565713 0.00345449
 0.00962399 0.0153603 0.0226078 0.0311351 0.0405729 0.0503171 0.0594658 0.0669844 0.0720606 0.0743686 0.0740548 0.0715341 0.0673009 0.0618399 0.0555918 0.0489302 0.0421463 0.035457 0.0290317 0.0230216 0.0175739 0.0128257 0.00888198 0.00578996 0.00352356
 0.00972782 0.0155162 0.0228172 0.0313874 0.0408436 0.0505679 0.0596464 0.0670401 0.0719466 0.0740694 0.0735978 0.0709888 0.06676 0.0613896 0.0552872 0.0487862 0.0421472 0.0355726 0.029228 0.0232626 0.0178221 0.0130467 0.0090531 0.00590497 0.0035905
 0.00979705 0.0156245 0.022972 0.0315915 0.0410934 0.0508508 0.0599375 0.067302 0.0721332 0.0741353 0.073511 0.070743 0.0663818 0.0609363 0.0548326 0.0483998 0.0418753 0.0354304 0.0292033 0.0233258 0.017936 0.0131758 0.00916966 0.00599363 0.0036483
 0.00985134 0.0157121 0.0231023 0.0317725 0.0413291 0.0511379 0.0602624 0.0676387 0.0724458 0.0743831 0.0736548 0.0707522 0.0662419 0.0606561 0.0544471 0.047965 0.0414553 0.0350798 0.028954 0.0231823 0.017881 0.0131799 0.00920271 0.00603251 0.00368008
 0.0099789 0.0158979 0.0233423 0.0320498 0.0416199 0.0514207 0.060524 0.067874 0.0726523 0.0745542 0.0737768 0.0708051 0.0662045 0.0605137 0.0541991 0.0476302 0.0410713 0.0346951 0.0286149 0.0229204 0.0177061 0.0130821 0.00916044 0.00602244 0.00368384
 0.00996816 0.0158948 0.0233631 0.0321161 0.0417503 0.0516189 0.0607715 0.0681339 0.072884 0.0747301 0.0738896 0.0708626 0.0662166 0.0604826 0.0541186 0.0474935 0.0408806 0.0344673 0.0283786 0.0227067 0.0175383 0.0129689 0.00909632 0.00599356 0.00367516
 0.00989668 0.0157923 0.0232352 0.031979 0.0416292 0.0515433 0.0607685 0.0682204 0.073059 0.0749711 0.0741576 0.071114 0.0664182 0.0606178 0.0541852 0.0474962 0.0408264 0.0343663 0.0282465 0.0225646 0.0174081 0.0128663 0.00902713 0.0059542 0.00365687
 0.0096144 0.0153845 0.0227167 0.0313974 0.0410535 0.0510438 0.0604006 0.0680188 0.0730387 0.0751292 0.0744725 0.0715457 0.066913 0.0611187 0.0546436 0.0478799 0.041121 0.0345717 0.0283732 0.0226298 0.0174323 0.0128691 0.00902325 0.00595144 0.00365727
 0.00953315 0.0152549 0.022528 0.0311461 0.0407491 0.0507155 0.0600983 0.0678038 0.0729631 0.0752148 0.0747018 0.0718708 0.0672753 0.0614667 0.0549415 0.048108 0.0412726 0.0346508 0.0283915 0.0226044 0.017382 0.0128116 0.00897157 0.00591254 0.00363225
 0.00942257 0.0150464 0.0221631 0.0305573 0.0398828 0.0495652 0.0587335 0.0663733 0.0716654 0.0742458 0.0742035 0.0718992 0.0677942 0.0623666 0.0560732 0.04932 0.0424397 0.0356876 0.0292531 0.0232793 0.0178822 0.0131627 0.00920497 0.00605926 0.00371919
 0.00960641 0.0153293 0.0225551 0.0310476 0.0404302 0.0500919 0.0591285 0.0665153 0.0714664 0.0736959 0.0733898 0.0709828 0.0669553 0.0617453 0.0557345 0.0492504 0.0425709 0.0359303 0.0295264 0.0235271 0.0180766 0.0132986 0.00929089 0.00610884 0.00374558
 0.00995477 0.0158899 0.0233857 0.0321909 0.0418964 0.0518344 0.0610211 0.0683508 0.0729893 0.0746636 0.0736393 0.0704778 0.065798 0.0601466 0.0539525 0.0475207 0.0410555 0.0347014 0.0285832 0.0228279 0.0175687 0.0129356 0.00903768 0.00593935 0.00363873
 0.00984458 0.0157402 0.0232172 0.0320471 0.0418397 0.0519342 0.0613376 0.0689157 0.0737847 0.0756077 0.0745897 0.0712613 0.0662611 0.0602073 0.0536273 0.0469143 0.0403178 0.0339747 0.0279632 0.0223528 0.0172323 0.0127097 0.00889107 0.00584667 0.00358215
 0.00961981 0.015384 0.0227008 0.0313573 0.0409905 0.0509805 0.0603848 0.0681115 0.0732869 0.0755366 0.0749842 0.0720605 0.0673165 0.0613241 0.0546214 0.0476633 0.0407871 0.0342069 0.0280417 0.0223602 0.0172236 0.0127084 0.00889914 0.00585827 0.00359214
 0.00941844 0.0150837 0.0222985 0.0308656 0.0404314 0.0503773 0.0597597 0.0674936 0.0727245 0.0751025 0.0747658 0.0721321 0.0677058 0.0619896 0.0554555 0.0485246 0.041546 0.0347848 0.0284243 0.0225826 0.0173408 0.0127692 0.00893419 0.0058815 0.00360812
 0.00909512 0.0145687 0.0215459 0.0298468 0.0391487 0.0488799 0.0581556 0.0659408 0.0713986 0.0741531 0.074287 0.0721579 0.068221 0.0629386 0.0567429 0.0500166 0.0430859 0.0362234 0.0296523 0.0235493 0.0180508 0.0132616 0.00925983 0.00608749 0.00373201
 0.0092902 0.0148275 0.0218261 0.0300695 0.0392156 0.0487039 0.0576903 0.0651971 0.0704439 0.0730988 0.0732675 0.0713054 0.067642 0.0626966 0.056852 0.0504414 0.0437475 0.0370128 0.0304537 0.0242667 0.0186272 0.0136827 0.00954272 0.00626403 0.00383501
 0.0097011 0.0154784 0.0227688 0.0313265 0.040759 0.0504318 0.0594138 0.0666615 0.0713914 0.0733507 0.0727826 0.0701874 0.0660979 0.0609748 0.0551832 0.0489983 0.0426253 0.0362295 0.0299658 0.0239966 0.0184923 0.0136175 0.00950737 0.0062405 0.00381786
 0.00995174 0.0159111 0.0234652 0.0323747 0.0422283 0.052333 0.0616604 0.0690542 0.0736426 0.0751421 0.0738393 0.070344 0.0653408 0.0594447 0.0531353 0.0467343 0.0404219 0.0342873 0.0283897 0.0228044 0.0176424 0.0130403 0.00913103 0.00600455 0.00367658
 0.009887 0.0158158 0.0233442 0.0322493 0.0421442 0.0523648 0.0619057 0.0696077 0.0745531 0.0763679 0.0752295 0.0716648 0.0663404 0.0599317 0.053037 0.0461124 0.0394417 0.0331574 0.0272988 0.0218791 0.0169356 0.0125462 0.00881071 0.00580998 0.00356513
 0.00955287 0.0153231 0.022697 0.0314861 0.0413299 0.051578 0.0612301 0.0691322 0.0743699 0.0765591 0.0758374 0.0726575 0.0675944 0.0612475 0.0541926 0.0469322 0.0398498 0.0331894 0.0270701 0.0215306 0.0165845 0.0122607 0.00861144 0.00568698 0.00349664
 0.00921556 0.0148089 0.0219888 0.0305958 0.0403007 0.0504836 0.060172 0.0682298 0.0737402 0.0762915 0.0759774 0.0732023 0.0684949 0.062409 0.0554766 0.0481741 0.0408959 0.0339402 0.0275062 0.0217057 0.0165913 0.0121909 0.00852911 0.00562273 0.00345672
 0.00858368 0.0138221 0.0205823 0.0287447 0.0380342 0.0479009 0.0574564 0.0656427 0.0715804 0.0748293 0.0753926 0.0735518 0.0697132 0.0643313 0.0578722 0.0507816 0.0434591 0.0362445 0.0294101 0.0231562 0.0176156 0.0128672 0.00895141 0.0058749 0.00360138
#obs surv len freq
 nan nan nan nan nan nan nan nan nan nan nan nan nan nan nan nan nan nan nan nan nan nan nan nan nan
 0.00447495 0.0073321 0.0111585 0.0159731 0.0216744 0.0279526 0.0342707 0.0400061 0.0446894 0.0481563 0.0505166 0.0520144 0.0529083 0.053422 0.0537373 0.053993 0.0542722 0.0545653 0.0547043 0.0542963 0.0527341 0.0493656 0.0438144 0.036293 0.027675
 0.00461199 0.00755373 0.0114898 0.0164358 0.0222826 0.0287045 0.0351406 0.0409416 0.045617 0.0489947 0.0511913 0.0524692 0.0531125 0.0533717 0.0534524 0.0535093 0.0536323 0.0538117 0.0538758 0.0534295 0.0518675 0.0485417 0.043077 0.0356796 0.0272062
 0.0047848 0.00783607 0.0119171 0.0170414 0.0230903 0.029718 0.036332 0.0422476 0.0469472 0.0502475 0.0522698 0.0532916 0.053618 0.0535251 0.0532466 0.0529649 0.0527925 0.0527339 0.0526251 0.0520755 0.0504852 0.0472114 0.0418788 0.0346793 0.0264403
 0.00497238 0.00814566 0.0123917 0.017724 0.0240155 0.0308984 0.0377439 0.0438259 0.0485929 0.0518453 0.0537058 0.0544645 0.0544448 0.0539455 0.0532258 0.052496 0.0518976 0.0514631 0.0510529 0.0502982 0.0486174 0.0453806 0.040211 0.0332779 0.0253634
 0.00519121 0.00850203 0.0129295 0.0184852 0.0250335 0.0321861 0.0392812 0.0455529 0.050416 0.0536516 0.0553783 0.0558929 0.0555324 0.0546126 0.0534139 0.0521712 0.0510544 0.0501286 0.049292 0.0482159 0.0463576 0.0431149 0.0381159 0.0315006 0.0239894
 0.00541447 0.00886945 0.0134906 0.0192892 0.0261189 0.0335667 0.0409304 0.0473996 0.0523557 0.055567 0.0571568 0.0574341 0.0567482 0.0554252 0.0537561 0.0519895 0.050316 0.0488315 0.0474769 0.0459783 0.0438517 0.0405428 0.0356965 0.0294234 0.0223707
 0.00564619 0.00924794 0.0140639 0.0201039 0.0272124 0.034954 0.04259 0.049267 0.0543306 0.0575312 0.0589926 0.0590361 0.0580276 0.0563091 0.0541826 0.0519056 0.0496786 0.0476178 0.0457021 0.0437164 0.0412494 0.0378132 0.033085 0.0271524 0.0205845
 0.00589258 0.00965196 0.0146783 0.0209795 0.0283886 0.0364422 0.0443586 0.0512362 0.0563855 0.0595445 0.0608453 0.0606282 0.0592788 0.0571559 0.0545737 0.0517969 0.049032 0.0464065 0.043928 0.0414352 0.0385925 0.0349898 0.0303509 0.0247499 0.0186786
 0.00613997 0.0100582 0.0152974 0.0218643 0.0295807 0.0379556 0.0461628 0.0532501 0.0584883 0.0615993 0.0627222 0.0622188 0.0605011 0.0579523 0.0549048 0.0516331 0.0483478 0.0451826 0.0421651 0.0391787 0.035959 0.0321753 0.0276054 0.0223195 0.0167373
 0.00638427 0.0104587 0.0159063 0.0227327 0.0307484 0.0394362 0.0479272 0.0552205 0.0605485 0.0636158 0.0645661 0.0637793 0.0616917 0.0587119 0.0551948 0.0514309 0.0476394 0.0439608 0.0404378 0.0369904 0.0334158 0.0294573 0.0249471 0.0199565 0.0148413
 0.00662452 0.0108517 0.0165023 0.0235798 0.0318834 0.0408698 0.0496285 0.0571121 0.0625167 0.0655327 0.0663096 0.0652459 0.0628007 0.0594056 0.0554359 0.0511985 0.0469242 0.0427627 0.0387725 0.0349049 0.0310105 0.0268971 0.0224461 0.0177317 0.0130525
 0.00682692 0.0111865 0.0170167 0.0243214 0.0328905 0.0421563 0.0511686 0.0588353 0.0643176 0.067292 0.0679136 0.066598 0.063826 0.0600502 0.0556648 0.0509915 0.0462724 0.0416679 0.0372524 0.0330067 0.0288277 0.0245791 0.0201845 0.0157199 0.0114334
 0.00705418 0.0115558 0.0175721 0.0251035 0.0339286 0.0434555 0.0526969 0.0605185 0.0660491 0.0689524 0.0693909 0.0678008 0.0646884 0.0605317 0.0557456 0.0506667 0.0455461 0.0405514 0.0357688 0.0312036 0.026792 0.0224446 0.0181199 0.0138938 0.00996907
 0.00729233 0.0119468 0.018167 0.0259503 0.0350604 0.0448728 0.0543516 0.0623105 0.0678441 0.0706108 0.0707939 0.0688638 0.0653619 0.060796 0.0556037 0.0501361 0.0446515 0.0393213 0.0342384 0.0294247 0.0248463 0.0204503 0.0162221 0.0122344 0.00864904
 0.00744676 0.0122044 0.0185672 0.0265345 0.0358646 0.0459146 0.0556159 0.0637424 0.0693532 0.0720861 0.0721213 0.0699425 0.0661158 0.0611799 0.055603 0.0497601 0.0439257 0.0382805 0.0329254 0.0278957 0.0231797 0.0187513 0.0146141 0.0108351 0.00754011
 0.00752901 0.0123378 0.0187681 0.0268203 0.0362532 0.0464231 0.0562559 0.0645147 0.0702428 0.0730581 0.0731199 0.0708943 0.0669386 0.0617947 0.0559466 0.0497936 0.0436369 0.0376813 0.0320489 0.0267948 0.0219291 0.0174468 0.0133637 0.00973939 0.00666833
 0.00758973 0.0124316 0.0189004 0.0269937 0.0364687 0.0466814 0.0565589 0.0648664 0.070649 0.0735245 0.0736476 0.0714713 0.0675334 0.0623549 0.0564053 0.0500823 0.0436999 0.0374871 0.0315959 0.0261131 0.0210784 0.0165109 0.0124383 0.00891337 0.00600384
 0.00767133 0.0125542 0.0190661 0.0271976 0.0367002 0.0469269 0.0568046 0.065101 0.0708667 0.0737285 0.0738502 0.0716897 0.0677806 0.0626294 0.0566839 0.0503212 0.0438426 0.0374797 0.0314028 0.0257291 0.0205333 0.0158655 0.011771 0.00830117 0.00550291
 0.00772268 0.0126377 0.0191911 0.0273713 0.036924 0.0471926 0.0570918 0.0653794 0.0711052 0.0739059 0.0739632 0.0717529 0.0678195 0.0626699 0.056741 0.0503907 0.0438994 0.0374835 0.0313114 0.025515 0.0201966 0.0154373 0.0113057 0.00785945 0.00513301
 0.00779847 0.0127544 0.0193549 0.0275835 0.0371814 0.0474872 0.05741 0.0657005 0.0714024 0.0741499 0.0741289 0.0718271 0.0678057 0.0625875 0.056619 0.050256 0.0437659 0.0373464 0.0311507 0.0253065 0.0199272 0.0151149 0.0109593 0.00752885 0.00485347
 0.00779147 0.012745 0.0193446 0.0275752 0.0371791 0.0474958 0.0574345 0.065746 0.071473 0.0742477 0.0742511 0.0719641 0.0679426 0.0627084 0.0567127 0.0503194 0.0438012 0.0373553 0.0311286 0.0252436 0.0198146 0.014954 0.0107662 0.00732991 0.00467583
 0.0078334 0.0127989 0.0193994 0.0276128 0.0371803 0.0474493 0.0573442 0.0656314 0.0713622 0.0741679 0.0742207 0.0719897 0.068019 0.0628215 0.0568435 0.0504483 0.0439128 0.037439 0.0311777 0.0252526 0.0197805 0.014879 0.0106606 0.00721142 0.00456395
 0.00786702 0.0128546 0.0194842 0.0277309 0.0373289 0.047614 0.0574974 0.0657385 0.0713951 0.0741183 0.0741059 0.0718448 0.0678823 0.0627206 0.0567886 0.0504342 0.0439245 0.037459 0.0311903 0.0252467 0.0197499 0.0148234 0.010586 0.00712891 0.00448601
 0.00788366 0.012877 0.0195097 0.0277553 0.0373485 0.0476286 0.057511 0.0657561 0.0714172 0.0741376 0.0741097 0.0718233 0.0678365 0.0626638 0.0567404 0.0504102 0.0439298 0.0374871 0.0312275 0.0252779 0.0197639 0.0148155 0.0105582 0.00708865 0.00444289
 0.00789157 0.0128881 0.0195228 0.0277679 0.0373566 0.0476276 0.0574975 0.0657294 0.0713808 0.0740988 0.0740766 0.071801 0.0678244 0.0626583 0.0567389 0.0504144 0.0439441 0.0375141 0.0312646 0.0253173 0.0197957 0.0148325 0.0105585 0.00707561 0.004423
 0.00788232 0.0128713 0.0194946 0.0277237 0.037293 0.047544 0.0573978 0.0656224 0.0712781 0.0740122 0.074016 0.0717731 0.0678316 0.0626982 0.0568047 0.050497 0.0440352 0.0376075 0.0313557 0.0254011 0.0198666 0.0148855 0.0105917 0.00709099 0.00442563
 0.00789186 0.0128827 0.019504 0.0277248 0.0372781 0.047507 0.0573359 0.0655379 0.0711781 0.0739075 0.0739192 0.0716962 0.0677842 0.0626852 0.0568259 0.0505477 0.0441073 0.0376917 0.0314431 0.0254842 0.0199392 0.0149432 0.0106323 0.00711536 0.00443722
 0.00788573 0.0128735 0.0194913 0.0277081 0.0372565 0.0474781 0.0572965 0.0654845 0.0711093 0.0738261 0.0738328 0.0716157 0.0677215 0.0626501 0.0568239 0.050579 0.044167 0.0377716 0.0315332 0.0255744 0.0200212 0.0150109 0.0106829 0.00714913 0.00445689
 0.0078535 0.0128207 0.0194114 0.0275958 0.0371098 0.0473014 0.0571021 0.0652919 0.0709402 0.073698 0.0737549 0.0715894 0.067743 0.0627135 0.0569232 0.0507078 0.0443179 0.0379354 0.0316992 0.0257318 0.0201604 0.0151253 0.0107696 0.00720913 0.00449454
 0.00784045 0.0127967 0.0193703 0.0275299 0.0370121 0.047168 0.0569357 0.0651031 0.0707466 0.0735209 0.0736147 0.0715013 0.0677142 0.0627431 0.0570036 0.0508282 0.0444665 0.0381006 0.0318694 0.0258959 0.0203083 0.0152492 0.0108655 0.00727728 0.00453859
 0.0078099 0.0127455 0.0192903 0.027413 0.0368519 0.0469633 0.0566937 0.0648398 0.0704851 0.0732869 0.0734321 0.0713885 0.0676819 0.0627928 0.0571278 0.051012 0.0446909 0.0383456 0.0321164 0.0261289 0.0205146 0.0154203 0.0109975 0.00737132 0.00459995
 0.00777649 0.0126899 0.0192046 0.0272889 0.0366832 0.0467484 0.0564385 0.0645596 0.0702022 0.0730267 0.0732194 0.0712438 0.067619 0.0628177 0.0572376 0.0511955 0.0449303 0.0386186 0.0324 0.0264016 0.0207589 0.0156243 0.0111558 0.00748471 0.0046745
 0.00776262 0.0126646 0.019161 0.0272191 0.036579 0.0466047 0.0562557 0.0643449 0.0699693 0.0727936 0.0730059 0.0710696 0.0675016 0.06277 0.0572663 0.0512994 0.0451001 0.0388378 0.0326472 0.0266536 0.0209946 0.0158274 0.011317 0.00760225 0.00475285
 0.0077385 0.0126258 0.0191035 0.0271391 0.0364734 0.0464718 0.0560967 0.0641645 0.0697762 0.0725998 0.0728254 0.0709172 0.0673916 0.062714 0.0572726 0.0513712 0.0452341 0.0390241 0.0328692 0.0268905 0.0212245 0.0160315 0.011483 0.00772554 0.00483626
 0.00932325 0.0148446 0.0217826 0.029896 0.0388292 0.0480281 0.0566761 0.0638362 0.0687731 0.0711984 0.0712584 0.0693428 0.0659032 0.0613627 0.0560852 0.0503607 0.0444043 0.0383705 0.0323792 0.0265441 0.0209958 0.0158922 0.0114058 0.00768745 0.00482002
 0.0093086 0.0151141 0.022705 0.0319286 0.0423185 0.0529413 0.0624307 0.0693947 0.0730115 0.073349 0.0711622 0.067391 0.0627644 0.0576963 0.0523782 0.0469028 0.0413368 0.0357475 0.0302088 0.0248096 0.0196636 0.0149153 0.010727 0.00724419 0.00455024
 0.00895571 0.0145616 0.0219346 0.0309941 0.0413981 0.0523721 0.062667 0.0708466 0.0757995 0.0771223 0.0751424 0.0706667 0.0646699 0.0580409 0.0514161 0.0451206 0.039224 0.033663 0.0283582 0.02328 0.0184703 0.014034 0.0101129 0.00684307 0.00430644
 0.00879896 0.0142898 0.0214952 0.0303318 0.0404761 0.0512096 0.0613842 0.0696917 0.0751245 0.0772835 0.0763425 0.0728092 0.0673297 0.0606031 0.0533235 0.0460843 0.0392802 0.0330738 0.0274507 0.0223233 0.0176279 0.0133743 0.00964155 0.00653268 0.00411793
 0.0087271 0.0141693 0.0213057 0.0300485 0.0400705 0.0506549 0.0606672 0.0688324 0.0742004 0.0764477 0.075814 0.0728157 0.0680074 0.0619004 0.0549778 0.0477092 0.0405236 0.0337534 0.0275898 0.0220865 0.0172169 0.0129489 0.00929015 0.00628272 0.00396
 0.00869828 0.0141205 0.0212281 0.0299314 0.0399023 0.0504237 0.0603625 0.0684471 0.073735 0.07592 0.0752741 0.0723594 0.0677667 0.0620026 0.0554795 0.0485432 0.0415034 0.0346455 0.0282135 0.0223797 0.0172331 0.012802 0.00909156 0.0061049 0.00383194
 0.00870227 0.014125 0.0212308 0.0299284 0.0398871 0.0503881 0.0602966 0.0683396 0.0735748 0.0756988 0.0749924 0.0720346 0.0674432 0.0617532 0.0553887 0.048672 0.0418498 0.0351301 0.0287078 0.0227635 0.0174452 0.0128529 0.00903837 0.00601211 0.00374463
 0.00868137 0.0140965 0.021198 0.0298971 0.0398639 0.0503764 0.0602942 0.068338 0.0735608 0.0756582 0.074913 0.0719104 0.067279 0.0615705 0.0552277 0.0485838 0.0418769 0.035282 0.0289488 0.0230252 0.0176587 0.0129792 0.009079 0.00599582 0.00370561
 0.00868387 0.0140959 0.0211888 0.0298724 0.0398184 0.0503107 0.0602167 0.0682632 0.0735031 0.0756242 0.074898 0.0719005 0.0672583 0.061529 0.0551689 0.0485264 0.0418496 0.0353106 0.0290406 0.0231622 0.0178045 0.0130977 0.00915057 0.00602257 0.00370323
 0.00865796 0.0140578 0.0211388 0.0298127 0.0397519 0.0502388 0.0601394 0.0681811 0.0734199 0.0755487 0.0748419 0.0718731 0.0672608 0.061554 0.0552046 0.0485643 0.0418901 0.0353625 0.0291138 0.0232581 0.0179121 0.0131981 0.00922729 0.00606897 0.00372353
 0.00865308 0.0140484 0.021122 0.0297856 0.0397124 0.0501876 0.0600808 0.0681213 0.0733652 0.0755026 0.0748053 0.0718457 0.067244 0.0615496 0.0552133 0.0485845 0.0419193 0.0353998 0.0291607 0.0233158 0.0179779 0.0132643 0.00928406 0.00610958 0.00374703
 0.00862914 0.0140126 0.0210741 0.0297271 0.0396459 0.0501163 0.0600074 0.0680492 0.0732988 0.0754475 0.074767 0.0718282 0.0672479 0.0615729 0.0552524 0.0486354 0.0419784 0.035464 0.0292278 0.0233843 0.0180455 0.0133272 0.00933759 0.00615 0.00377346
 0.00863228 0.0140151 0.021073 0.0297184 0.0396259 0.0500835 0.0599638 0.0679999 0.0732499 0.0754037 0.0747309 0.0718004 0.067229 0.0615641 0.0552546 0.0486489 0.0420023 0.0354967 0.0292672 0.023428 0.0180907 0.0133708 0.00937595 0.00618037 0.00379468
 0.0086281 0.0140085 0.0210634 0.0297049 0.0396075 0.0500586 0.0599308 0.0679583 0.0732013 0.0753525 0.0746833 0.0717631 0.0672064 0.0615575 0.0552632 0.0486704 0.042034 0.035536 0.0293114 0.0234745 0.0181367 0.0134133 0.00941244 0.00620903 0.00381499
 0.00861552 0.0139894 0.021037 0.0296716 0.0395687 0.0500161 0.0598872 0.0679162 0.0731628 0.0753193 0.0746565 0.0717437 0.0671962 0.0615585 0.0552764 0.0486957 0.0420697 0.0355792 0.029359 0.0235232 0.0181835 0.0134555 0.00944795 0.00623657 0.00383447
 0.00861552 0.0139894 0.021037 0.0296716 0.0395687 0.0500161 0.0598872 0.0679162 0.0731628 0.0753193 0.0746565 0.0717437 0.0671962 0.0615585 0.0552764 0.0486957 0.0420697 0.0355792 0.029359 0.0235232 0.0181835 0.0134555 0.00944795 0.00623657 0.00383447
 0.00863076 0.0140131 0.0210707 0.0297157 0.0396218 0.0500754 0.0599472 0.0679697 0.0732021 0.0753376 0.0746502 0.071713 0.067145 0.0614937 0.0552067 0.0486294 0.0420135 0.0355371 0.0293319 0.0235098 0.0181809 0.0134602 0.0094564 0.00624578 0.00384244
 0.00844854 0.0137272 0.0206609 0.0291738 0.0389571 0.0493211 0.059165 0.0672447 0.0726262 0.0749851 0.0745583 0.071876 0.0675218 0.0620222 0.0558199 0.049267 0.042629 0.0360991 0.0298223 0.0239204 0.0185105 0.0137126 0.00963946 0.00637047 0.00392146
 0.0086348 0.0140011 0.0210184 0.0295896 0.0393881 0.0497143 0.0594665 0.0674085 0.0726238 0.0748156 0.0742513 0.0714852 0.0671095 0.0616425 0.0555072 0.0490339 0.0424706 0.0360011 0.0297682 0.0238955 0.0185036 0.0137157 0.00964712 0.00637904 0.00392886
 0.00888305 0.0144203 0.0216744 0.0305423 0.0406656 0.0512772 0.0611823 0.0690617 0.0739683 0.0756483 0.0744694 0.0711019 0.0662324 0.0604322 0.0541352 0.0476498 0.0411837 0.0348765 0.0288333 0.0231515 0.0179363 0.0133026 0.00936168 0.00619359 0.00381661
 0.00877452 0.014271 0.0215027 0.0303899 0.040595 0.0513623 0.0614911 0.0696321 0.0747817 0.0766133 0.0754326 0.0718893 0.066705 0.0605288 0.0538817 0.0471376 0.0405316 0.0341952 0.0282042 0.0226208 0.0175201 0.0129967 0.00915065 0.00605727 0.00373465
 0.00864079 0.0140412 0.0211368 0.0298513 0.0398696 0.0504839 0.0605598 0.0688071 0.0742417 0.0764977 0.0757901 0.0726574 0.0677282 0.0616083 0.0548362 0.0478513 0.0409721 0.0343996 0.0282458 0.0225754 0.0174454 0.012926 0.0090973 0.00602255 0.00371455
 0.0087346 0.0141739 0.021298 0.0300139 0.0399915 0.0505144 0.0604525 0.0685373 0.0738265 0.0760074 0.0753387 0.072367 0.067681 0.0618107 0.0552159 0.0482894 0.0413525 0.0346492 0.0283491 0.0225628 0.0173668 0.0128277 0.00900927 0.00595729 0.00367253
 0.00852361 0.0138528 0.0208559 0.0294559 0.0393375 0.0497959 0.0597097 0.067817 0.0731784 0.0754801 0.0749788 0.0722203 0.0677885 0.0621946 0.0558592 0.049125 0.0422722 0.0355337 0.0291039 0.0231405 0.0177678 0.0130836 0.00916177 0.00604369 0.00371963
 0.00862558 0.0139858 0.0209958 0.0295609 0.0393599 0.0497013 0.0594913 0.0674967 0.0727943 0.0750711 0.074576 0.0718503 0.0674822 0.0619908 0.0557984 0.049231 0.0425354 0.0359065 0.0295145 0.0235187 0.0180676 0.013291 0.00928847 0.00611274 0.00375366
 0.00897222 0.0145523 0.0218488 0.0307494 0.0408887 0.0514965 0.0613795 0.0692238 0.0740909 0.0757373 0.0745379 0.0711645 0.0662973 0.0604978 0.0541896 0.0476739 0.0411544 0.0347719 0.0286413 0.0228788 0.0176114 0.0129689 0.00906248 0.00595774 0.00365251
 0.00914045 0.0148544 0.0223557 0.0315437 0.042043 0.0530384 0.0632563 0.0712853 0.0761048 0.0774338 0.0756706 0.0715684 0.065929 0.0594415 0.0526287 0.0458393 0.0392715 0.0330211 0.0271384 0.0216734 0.0166996 0.0123136 0.00861325 0.00566439 0.00347137
 0.00901147 0.0146648 0.0221112 0.0312719 0.0417977 0.0529004 0.0633256 0.0716585 0.0768387 0.0785054 0.0769581 0.0728695 0.067014 0.0601208 0.0528068 0.0455347 0.0385978 0.0321418 0.0262163 0.0208329 0.016011 0.0117967 0.00825361 0.0054308 0.00332946
 0.00895629 0.0145533 0.0219051 0.0309277 0.0412852 0.0522286 0.0625642 0.0709384 0.0763237 0.0783451 0.0772387 0.0735813 0.068045 0.0612819 0.0538839 0.0463503 0.0390587 0.032254 0.026063 0.0205317 0.015671 0.0114925 0.00801952 0.0052706 0.00323018
 0.00880597 0.0143064 0.0215288 0.0303901 0.0405618 0.0513156 0.0614928 0.0697868 0.0752164 0.0774381 0.0766907 0.0735147 0.0685067 0.0622193 0.055148 0.0477327 0.0403498 0.0332993 0.0267952 0.0209679 0.015882 0.0115643 0.00802357 0.00525221 0.00321101
 0.00855192 0.0138853 0.0208819 0.0294627 0.0393211 0.0497751 0.0597342 0.0679599 0.0735131 0.0760502 0.0757757 0.0731774 0.0687929 0.0631094 0.0565502 0.0494851 0.0422428 0.0351181 0.0283682 0.0222006 0.0167623 0.0121409 0.00837329 0.00545052 0.00331712
#pred catch len freq
 0.00432336 0.00685024 0.0100115 0.0137395 0.0179965 0.0227524 0.0279148 0.0332918 0.0386268 0.0436605 0.0481741 0.0520122 0.055095 0.0574159 0.0590154 0.0599484 0.0602616 0.0599758 0.0590497 0.0573224 0.0544785 0.0501215 0.0439981 0.0362789 0.0276852
