SBPRF35
12.7214
Curr Bio
892168
B35
893328
F35
0.172025
FOFL
0.172025
OFL
128117
Bzero
3.63469e+006
#pred survey bio
 3.63213e+006 3.50178e+006 3.38824e+006 3.24467e+006 3.05469e+006 2.80722e+006 2.56493e+006 2.30604e+006 2.05221e+006 1.81522e+006 1.61501e+006 1.42022e+006 1.28157e+006 1.13279e+006 992503 862455 775529 717886 670734 629207 603067 583767 567368 554199 537847 538501 545031 550038 541567 533069 539926 561206 558513 569359 579424 590852 607861 623712 622906 626105 632671 631628 650519 657372 665752 669457 677494 683093 691372 691354 687028 748398 796755 831287 855360 882516 895961 882155 867879 870653 859037 879735 876808 882961 898406 2.11201e+007 1.93363e+007 1.96431e+007 2.03963e+007 2.14344e+007 2.25738e+007 2.36792e+007 2.46712e+007 2.55159e+007 2.62094e+007 2.67646e+007 2.72012e+007 2.75406e+007 2.78024e+007 2.80036e+007 2.81579e+007 2.82764e+007 2.83675e+007 2.84377e+007 2.84921e+007 2.85344e+007 2.85674e+007 2.85932e+007 2.86136e+007 2.86297e+007 2.86425e+007 2.86527e+007 2.86608e+007 2.86673e+007 2.86725e+007 2.86768e+007 2.86801e+007 2.86829e+007 2.86851e+007 2.86869e+007 2.86884e+007 2.86896e+007 2.86906e+007 2.86914e+007 2.8692e+007 2.86926e+007 2.8693e+007 2.86933e+007 2.86936e+007 2.86939e+007 2.86941e+007 2.86942e+007 2.86943e+007 2.86944e+007 2.86945e+007 2.86946e+007 2.86947e+007 2.86947e+007 2.86947e+007 2.86948e+007 2.86948e+007 2.86948e+007 2.86948e+007 2.86949e+007 2.86949e+007 2.86949e+007 2.86949e+007 2.86949e+007 2.86949e+007 2.86949e+007 2.86949e+007 2.86949e+007 2.86949e+007 2.86949e+007 2.86949e+007 2.86949e+007 2.86949e+007 2.86949e+007 2.86949e+007 2.86949e+007 2.86949e+007 2.86949e+007 2.86949e+007 2.86949e+007 2.86949e+007 2.86949e+007 2.86949e+007 2.86949e+007 2.86949e+007 2.86949e+007 2.86949e+007 2.86949e+007 2.86949e+007 2.86949e+007 2.86949e+007 2.86949e+007 2.86949e+007 2.86949e+007 2.86949e+007 2.86949e+007 2.86949e+007 2.86949e+007 2.86949e+007 2.86949e+007 2.86949e+007 0 0 0 0 0 0 0 0 0 0 0 0 0 0 0 0 0 0 0 0 0 0 0 0 0
#obs survey bio
 3.90195e+006 4.26809e+006 2.92826e+006 3.98174e+006 2.831e+006 2.12027e+006 2.37908e+006 2.49435e+006 2.54676e+006 1.94596e+006 1.93436e+006 1.31651e+006 1.49752e+006 963182 903171 757835 677881 1.03558e+006 496786 657424 764407 578995 778241 298601 306837 595942 503540 469557 443015 708450 620958 646688 562230 519925 590036 639665 449140 849475 585136 671064 554630 494412 621367 796034 615572 542693 846686 686691 809942 673381 644405 704873 1.06168e+006 726453 847629 1.27413e+006 861704 866126 1.05077e+006 525578 1.1571e+006 797021 862401 884354 842907
#pred catch bio
 103169 97092 136974 193620 262864 276003 308676 319722 317181 294002 296690 252655 265474 258679 247518 206579 178086 165411 156197 138978 130005 124964 120162 121277 106286 101364 102200 112085 109953 95896.7 84396.8 104438 91990.4 92798.9 92205.2 88795.5 91152.1 105240 101501 99601.7 107354 92661 105472 105595 110850 108515 111863 110507 117739 120704 66894.2 81449.3 94544.9 104254 102317 114221 136637 135864 121296 133834 106190 126963 119595 113200 110851 128117 128178 129089 132931 139077 145993 152669 158566 163476 167394 170423 172711 174406 175645 176539 177180 177635 177957 178183 178342 178452 178530 178583 178621 178646 178664 178677 178685 178691 178695 178698 178700 178701 178702 178703 178703 178703 178704 178704 178704 178704 178704 178704 178704 178704 178704 178704 178704 178704 178704 178704 178704 178704 178704 178704 178704 178704 178704 178704 178704 178704 178704 178704 178704 178704 178704 178704 178704 178704 178704 178704 178704 178704 178704 178704 178704 178704 178704 178704 178704 178704 178704 178704 178704 178704 178704 178704 178704 178704 178704 178704 178704 178704 178704 178704 178704 178704 178704 178704 178704 0 0 0 0 0 0 0 0 0 0 0 0 0 0 0 0 0 0 0 0 0 0 0 0 0
#obs catch bio
 0 96774.2 136922 193465 263378 276092 309584 321501 319050 294861 296966 253519 265354 260178 250016 209632 179931 166191 157695 139750 130204 125274 119980 122157 107395 101975 102420 112106 110456 95888.3 84158.2 104607 91572.9 92467.2 91809.9 88412.7 91176.1 104810 100548 98949.8 107350 92501.1 106040 105616 111058 108973 112383 111027 118162 121593 66567.3 81615.8 94542.5 104690 102490 113956 136424 135813 120842 134628 105702 126967 119627 113404 110813
#pred cpue bio
 3.58916e+006 3.4601e+006 3.34634e+006 3.20227e+006 3.01249e+006 2.76548e+006 2.52359e+006 2.26549e+006 2.01282e+006 1.77723e+006 1.5782e+006 1.38458e+006 1.24661e+006 1.09896e+006 959996 831638 746165 689832 643978 603680 578478 559859 543983 531173 515056 515702 522432 527722 519661 511530 518430 539472 537145 547973 557909 569058 585604 601241 600679 603691 609814 608469 626614 633180 641352 644810 652494 657908 666052 666185 662039 722478 770542 804720 828248 854979 868413 854770 840471 843021 831648 852234 849418 855132 870114 2.04661e+007 1.87413e+007 1.89442e+007 1.95962e+007 2.06056e+007 2.17396e+007 2.28441e+007 2.3836e+007 2.46806e+007 2.53742e+007 2.59293e+007 2.63659e+007 2.67053e+007 2.69671e+007 2.71683e+007 2.73226e+007 2.74411e+007 2.75322e+007 2.76024e+007 2.76568e+007 2.76991e+007 2.77321e+007 2.7758e+007 2.77783e+007 2.77944e+007 2.78072e+007 2.78174e+007 2.78255e+007 2.7832e+007 2.78373e+007 2.78415e+007 2.78449e+007 2.78476e+007 2.78498e+007 2.78516e+007 2.78531e+007 2.78543e+007 2.78553e+007 2.78561e+007 2.78567e+007 2.78573e+007 2.78577e+007 2.7858e+007 2.78583e+007 2.78586e+007 2.78588e+007 2.78589e+007 2.78591e+007 2.78592e+007 2.78592e+007 2.78593e+007 2.78594e+007 2.78594e+007 2.78595e+007 2.78595e+007 2.78595e+007 2.78595e+007 2.78596e+007 2.78596e+007 2.78596e+007 2.78596e+007 2.78596e+007 2.78596e+007 2.78596e+007 2.78596e+007 2.78596e+007 2.78596e+007 2.78596e+007 2.78596e+007 2.78596e+007 2.78596e+007 2.78596e+007 2.78596e+007 2.78596e+007 2.78596e+007 2.78596e+007 2.78596e+007 2.78596e+007 2.78596e+007 2.78596e+007 2.78596e+007 2.78596e+007 2.78596e+007 2.78596e+007 2.78596e+007 2.78596e+007 2.78596e+007 2.78596e+007 2.78596e+007 2.78596e+007 2.78596e+007 2.78596e+007 2.78596e+007 2.78596e+007 2.78596e+007 2.78596e+007 2.78596e+007 2.78596e+007 2.78596e+007 2.78596e+007 0 0 0 0 0 0 0 0 0 0 0 0 0 0 0 0 0 0 0 0 0 0 0 0 0
#obs cpue bio
 3.4778e+006 3.01896e+006 3.91328e+006 3.00353e+006 2.52155e+006 3.25872e+006 2.27911e+006 1.55972e+006 1.56697e+006 1.83273e+006 1.74717e+006 969554 1.58531e+006 846860 817060 564999 846753 594374 615896 603077 545633 518412 487116 605552 553794 546832 680680 768628 470220 477187 461571 496881 687761 641799 629545 539138 522462 784995 981680 478354 512102 664175 457000 693310 636756 579164 504687 560809 638480 677961 751283 685312 739617 601714 856206 963073 996256 766968 793296 830941 981649 944655 715681 699127 1.13723e+006
#pred surv len freq
 0.00423216 0.00695704 0.010632 0.0152937 0.0208622 0.0270521 0.0333522 0.0391611 0.0440145 0.047731 0.0503848 0.0521742 0.053308 0.0539567 0.054249 0.0542887 0.0541754 0.0540021 0.0537947 0.0533895 0.0523259 0.0498967 0.045444 0.0387933 0.0305292
 0.00455768 0.00739751 0.0111338 0.0157598 0.0211888 0.0271811 0.0333052 0.0390274 0.0438974 0.0476889 0.0504067 0.0522042 0.0532976 0.053907 0.0542171 0.0543558 0.0543946 0.0543532 0.0541693 0.0536214 0.0522593 0.0494611 0.0446926 0.0378809 0.0296415
 0.00464632 0.00759973 0.0115384 0.0164661 0.0222595 0.0285816 0.0348705 0.0404969 0.0450145 0.0483085 0.050539 0.0519716 0.0528482 0.0533519 0.0536228 0.0537693 0.053859 0.0538926 0.0537588 0.0531773 0.051672 0.0486577 0.0436904 0.0367907 0.0286169
 0.00477174 0.00778995 0.0118048 0.0168246 0.0227443 0.0292536 0.0358045 0.0417369 0.0465161 0.0499073 0.0519843 0.0530189 0.0533557 0.0533208 0.0531644 0.0530368 0.0529899 0.0529801 0.0528425 0.0522446 0.0506774 0.047564 0.042512 0.035608 0.0275469
 0.00494577 0.00807547 0.0122379 0.0174376 0.0235561 0.0302603 0.0369754 0.0430245 0.0478741 0.0512981 0.0533594 0.0542863 0.0543705 0.0539219 0.0532415 0.0525786 0.0520821 0.0517583 0.0514358 0.0507401 0.0491202 0.0459843 0.0409594 0.0341653 0.0263111
 0.00517655 0.00845204 0.0128074 0.018245 0.0246358 0.0316219 0.0385877 0.0448091 0.0497166 0.0530733 0.0549587 0.0556303 0.055399 0.0545733 0.0534419 0.0522591 0.0512148 0.0503825 0.049653 0.0486842 0.0469271 0.0437814 0.0388702 0.03231 0.0247893
 0.00537837 0.00878779 0.0133272 0.0190014 0.0256743 0.0329653 0.0402197 0.0466664 0.0516949 0.0550455 0.0567938 0.05721 0.056628 0.0553817 0.0537781 0.0520803 0.0504876 0.0490998 0.0478566 0.0464762 0.0444626 0.0412474 0.0364595 0.0301931 0.0230845
 0.0055766 0.00911996 0.0138461 0.0197637 0.0267313 0.0343461 0.0419133 0.048613 0.0537917 0.0571633 0.058796 0.0589666 0.0580266 0.0563333 0.0542186 0.0519669 0.0497937 0.0478178 0.0460118 0.044148 0.0417983 0.0384547 0.0337748 0.0278326 0.0211952
 0.0057891 0.00946833 0.0143766 0.0205235 0.0277618 0.0356717 0.0435276 0.0504698 0.055807 0.0592266 0.0607835 0.0607538 0.0594976 0.0573888 0.0547798 0.0519756 0.0492115 0.0466281 0.0442308 0.0418439 0.0391096 0.035592 0.0309917 0.0253699 0.0192214
 0.00605786 0.00989796 0.01501 0.0213965 0.0288985 0.037076 0.0451735 0.0522971 0.0577285 0.0611418 0.0625922 0.0623623 0.0608197 0.0583453 0.0552989 0.0519944 0.0486791 0.0455122 0.0425314 0.039614 0.0364755 0.0327576 0.0282123 0.0228957 0.0172316
 0.00634691 0.0103598 0.0156897 0.0223301 0.0301057 0.0385501 0.0468706 0.0541348 0.0595989 0.062934 0.0642116 0.0637372 0.0618978 0.059084 0.0556572 0.0519277 0.0481403 0.0444605 0.0409497 0.037534 0.0340017 0.0300751 0.0255632 0.0205237 0.0153159
 0.00666144 0.0108741 0.0164682 0.0234321 0.0315706 0.0403753 0.0489912 0.0564202 0.0618748 0.065022 0.0659651 0.0650612 0.0627496 0.0594612 0.0555786 0.0514136 0.0471988 0.0430864 0.0391396 0.0353143 0.0314593 0.0273724 0.022921 0.0181695 0.0134192
 0.00687787 0.011224 0.0169922 0.0241693 0.0325546 0.0416256 0.0505006 0.0581437 0.0637268 0.0668831 0.0676978 0.0665309 0.0638461 0.0601145 0.0557613 0.0511313 0.0464721 0.0419372 0.0375901 0.033403 0.0292661 0.0250363 0.0206305 0.0161217 0.0117636
 0.00712819 0.0116414 0.017639 0.0251073 0.0338294 0.0432432 0.052407 0.0602226 0.0658227 0.0688369 0.0693755 0.0678336 0.0647078 0.0604973 0.0556535 0.0505456 0.0454409 0.040504 0.0358053 0.0313295 0.0269949 0.0226989 0.0183933 0.0141535 0.0101889
 0.0073244 0.0119776 0.0181771 0.0259166 0.034972 0.0447508 0.0542554 0.0623193 0.0680163 0.0709441 0.0712149 0.0692566 0.0656175 0.0608537 0.0554647 0.0498513 0.044297 0.0389736 0.0339568 0.0292422 0.0247692 0.0204631 0.0162961 0.0123372 0.00875239
 0.00752576 0.0123112 0.0186913 0.0266622 0.0359944 0.0460754 0.0558706 0.0641654 0.069986 0.0728952 0.072989 0.0707005 0.066606 0.0613079 0.0553604 0.0492142 0.0431881 0.037473 0.0321532 0.027232 0.0226615 0.0183835 0.0143784 0.0107008 0.007474
 0.00761813 0.0124598 0.0189132 0.0269755 0.0364191 0.0466328 0.0565804 0.0650395 0.0710204 0.0740618 0.0742297 0.0719259 0.0677034 0.062158 0.0558593 0.0492934 0.042826 0.036694 0.03102 0.0258354 0.0211131 0.016808 0.0129021 0.00943163 0.00647951
 0.00765052 0.012509 0.0189812 0.0270632 0.0365282 0.0467688 0.0567553 0.0652731 0.0713395 0.0744944 0.0747951 0.0726218 0.0684936 0.0629687 0.056588 0.0498289 0.0430737 0.0365985 0.0305763 0.0250892 0.0201514 0.0157445 0.0118564 0.00850716 0.00574343
 0.00768931 0.0125702 0.0190697 0.0271815 0.0366754 0.0469396 0.05694 0.0654603 0.0715219 0.0746756 0.0749922 0.0728608 0.0687975 0.063342 0.0570044 0.0502289 0.0433759 0.0367212 0.030463 0.0247276 0.0195793 0.0150406 0.0111197 0.00783096 0.00519271
 0.00774445 0.0126567 0.019194 0.027347 0.0368814 0.0471798 0.0572008 0.0657214 0.0717593 0.0748686 0.0751302 0.0729482 0.0688539 0.063395 0.0570769 0.0503247 0.0434713 0.0367683 0.0304063 0.0245272 0.0192302 0.014578 0.0106085 0.00734313 0.00478469
 0.00782764 0.0127693 0.019322 0.0274641 0.0369581 0.0471962 0.0571571 0.0656382 0.071669 0.0748021 0.0751075 0.0729755 0.0689271 0.0635059 0.0572175 0.0504867 0.04364 0.0369178 0.0305003 0.0245296 0.0191212 0.0143661 0.0103299 0.007049 0.00452206
 0.00787537 0.0128479 0.0194403 0.0276272 0.0371609 0.0474176 0.0573588 0.0657734 0.0717013 0.074724 0.0749462 0.0727817 0.0687531 0.0633877 0.0571678 0.0504992 0.0436966 0.0369932 0.0305649 0.0245536 0.0190824 0.0142592 0.0101702 0.00686692 0.0043505
 0.00795801 0.012969 0.0195986 0.0278138 0.0373626 0.0476221 0.0575558 0.0659522 0.0718452 0.07481 0.074952 0.0726976 0.0685919 0.0631828 0.0569617 0.0503271 0.043576 0.0369217 0.0305249 0.0245202 0.0190326 0.01418 0.0100631 0.00674598 0.00423491
 0.00808658 0.013162 0.0198586 0.0281308 0.0377154 0.0479808 0.0578861 0.0662202 0.0720246 0.0748872 0.0749277 0.0725825 0.068401 0.0629343 0.0566785 0.0500374 0.0433078 0.0366953 0.0303465 0.0243822 0.0189194 0.0140766 0.00996199 0.00664844 0.004148
 0.00811564 0.0132327 0.0200067 0.0284002 0.038142 0.0485701 0.0585956 0.0669612 0.0726861 0.0753712 0.0751755 0.0725837 0.0681844 0.0625516 0.056189 0.0494979 0.0427679 0.0361941 0.0299102 0.0240219 0.018633 0.0138535 0.0097895 0.00651647 0.00405003
 0.00796417 0.0129962 0.0196717 0.0279681 0.0376371 0.0480465 0.0581368 0.0666643 0.0726288 0.0755779 0.0756037 0.0731395 0.0687597 0.0630589 0.0565794 0.0497606 0.0429186 0.0362614 0.0299242 0.0240078 0.0186068 0.0138232 0.00975805 0.00648538 0.0040213
 0.00785884 0.0128145 0.0193799 0.0275312 0.0370304 0.0472737 0.0572468 0.0657551 0.0718323 0.0750276 0.0753973 0.0733101 0.0692654 0.0637974 0.0574211 0.0505863 0.0436458 0.0368517 0.0303748 0.024336 0.0188369 0.013978 0.00985628 0.00654246 0.00405027
 0.00781552 0.0127396 0.0192581 0.0273427 0.0367527 0.0468857 0.0567368 0.0651311 0.071132 0.0743229 0.0747873 0.0729007 0.0691386 0.0639827 0.0578839 0.0512388 0.0443765 0.0375586 0.0309883 0.0248244 0.0191992 0.0142305 0.0100219 0.00664391 0.00410748
 0.0078105 0.0127443 0.0192877 0.0274162 0.0368839 0.0470701 0.0569422 0.0652992 0.071194 0.074224 0.0745106 0.0724792 0.0686514 0.0635328 0.0575651 0.051105 0.0444269 0.0377457 0.0312424 0.0250813 0.0194166 0.0143917 0.0101288 0.00670802 0.00414215
 0.00785989 0.0128093 0.0193584 0.0274769 0.0369207 0.0470812 0.0569422 0.0653117 0.0712342 0.0742825 0.0745503 0.0724522 0.0685252 0.0633125 0.0572964 0.0508565 0.0442611 0.0376937 0.0312962 0.0252039 0.0195625 0.0145248 0.0102306 0.00677544 0.00418151
 0.00783413 0.0127593 0.0192677 0.027325 0.0366872 0.046755 0.0565309 0.0648483 0.0707758 0.0738988 0.0743036 0.0723752 0.0686087 0.0635118 0.0575546 0.0511306 0.0445351 0.0379724 0.0315868 0.0255016 0.0198486 0.0147754 0.0104281 0.0069152 0.0042702
 0.00760218 0.0124072 0.0187844 0.0267162 0.0359733 0.0459659 0.0557052 0.0640345 0.0700338 0.0732959 0.0739064 0.0722367 0.0687541 0.0639266 0.0581842 0.0518941 0.0453481 0.0387674 0.0323215 0.0261534 0.0204045 0.0152271 0.0107726 0.00715808 0.00442684
 0.00766027 0.0124796 0.0188532 0.0267522 0.0359455 0.0458543 0.0555101 0.0637743 0.0697332 0.0729745 0.0735769 0.0719143 0.0684666 0.0637148 0.0580884 0.0519361 0.0455206 0.039038 0.0326459 0.0264898 0.0207207 0.0155014 0.0109927 0.00732048 0.00453602
 0.00765759 0.0124671 0.0188186 0.0266767 0.0358059 0.0456286 0.0551849 0.0633537 0.0692445 0.0724676 0.0731135 0.0715511 0.0682404 0.0636388 0.0581581 0.0521382 0.0458363 0.0394405 0.0330992 0.0269521 0.0211525 0.0158727 0.011287 0.00753508 0.00467926
 0.00768424 0.012504 0.0188615 0.0267163 0.0358277 0.0456146 0.0551158 0.0632121 0.0690193 0.0721604 0.0727446 0.0711595 0.0678774 0.063355 0.0579912 0.0521054 0.0459348 0.0396516 0.0333929 0.0272911 0.0214973 0.0161883 0.0115488 0.00773239 0.00481414
 0.00772031 0.012556 0.0189271 0.0267885 0.0358953 0.0456645 0.0551344 0.0631865 0.0689388 0.0720181 0.0725401 0.0709024 0.0675892 0.0630683 0.0577449 0.0519361 0.0458677 0.039694 0.0335334 0.027503 0.0217454 0.0164365 0.011768 0.00790522 0.00493637
 0.00756169 0.0123309 0.0186487 0.026489 0.0356159 0.0454396 0.0549796 0.0630973 0.0688979 0.0720062 0.0725422 0.0709091 0.0675962 0.0630761 0.0577604 0.0519731 0.0459434 0.039823 0.0337201 0.0277379 0.0220062 0.0166946 0.0119969 0.00808748 0.0050667
 0.00741395 0.0120928 0.0182966 0.0260087 0.035013 0.044751 0.0542787 0.0624825 0.0684633 0.0718073 0.0725788 0.071133 0.0679375 0.0634698 0.0581615 0.0523594 0.0463109 0.0401777 0.0340697 0.028084 0.0223409 0.0170022 0.0122598 0.00829354 0.00521328
 0.00758091 0.0123235 0.0185679 0.0262717 0.0352045 0.044814 0.0541817 0.0622299 0.0680953 0.0713896 0.0721842 0.0708212 0.0677377 0.0633775 0.058149 0.0523937 0.0463683 0.0402491 0.0341567 0.0281908 0.022467 0.0171391 0.0123936 0.00840998 0.00530324
 0.00767132 0.0124781 0.0188117 0.026625 0.0356691 0.0453558 0.0547222 0.0626595 0.0683087 0.0713289 0.071864 0.0703206 0.0671671 0.0628379 0.0577045 0.0520654 0.0461459 0.0401094 0.0340782 0.0281595 0.0224738 0.017175 0.0124467 0.00846737 0.00535407
 0.00770106 0.0125277 0.0188899 0.0267429 0.0358406 0.045595 0.0550366 0.0630382 0.0687124 0.0716891 0.072099 0.0703657 0.0670035 0.0625029 0.0572753 0.0516273 0.0457632 0.0398133 0.0338717 0.0280302 0.022405 0.0171505 0.0124517 0.00848814 0.00537934
 0.00783704 0.0127337 0.0191718 0.0270961 0.0362518 0.0460455 0.0555048 0.0635005 0.0691434 0.0720602 0.0723767 0.0705109 0.0669783 0.0622856 0.0568764 0.0510946 0.0451699 0.0392349 0.0333652 0.0276251 0.022106 0.0169466 0.0123242 0.00841647 0.00534423
 0.00769008 0.0125272 0.0189205 0.026834 0.0360215 0.0458832 0.0554292 0.0635122 0.069234 0.0722217 0.0726034 0.0707929 0.0672913 0.0625885 0.0571203 0.0512407 0.045206 0.0391797 0.0332581 0.027508 0.0220091 0.0168827 0.0122919 0.00840681 0.00534698
 0.00766008 0.0124724 0.0188287 0.0266946 0.0358343 0.0456671 0.0552258 0.0633764 0.0692121 0.0723304 0.0728225 0.0710772 0.0675915 0.062865 0.057346 0.0513965 0.0452801 0.0391717 0.0331831 0.0273942 0.0218881 0.016779 0.0122176 0.00836174 0.00532424
 0.00769578 0.0125179 0.0188736 0.0267202 0.0358173 0.0455874 0.055075 0.0631654 0.0689735 0.0721133 0.072679 0.071044 0.0676758 0.0630429 0.0575735 0.051626 0.0454726 0.0393036 0.0332478 0.0274007 0.0218563 0.0167316 0.0121728 0.00832902 0.00530497
 0.00771394 0.0125571 0.0189493 0.0268497 0.036011 0.0458379 0.0553499 0.0634113 0.0691333 0.0721494 0.0725894 0.070863 0.0674591 0.0628451 0.0574287 0.0515399 0.0454279 0.0392733 0.0332086 0.0273416 0.0217796 0.0166489 0.0120971 0.00826979 0.00526486
 0.0076683 0.0124892 0.0188598 0.0267456 0.0359069 0.0457552 0.0553131 0.0634398 0.0692314 0.0722984 0.072751 0.0709943 0.0675325 0.0628597 0.0574069 0.0515121 0.0454154 0.0392802 0.0332248 0.0273527 0.0217763 0.0166306 0.0120703 0.00824248 0.00524293
 0.00762447 0.0124227 0.0187687 0.0266321 0.0357773 0.0456203 0.0551883 0.0633448 0.0691868 0.0723195 0.0728402 0.0711366 0.0676981 0.0630145 0.0575259 0.0515882 0.0454578 0.0393046 0.0332428 0.0273674 0.0217851 0.0166308 0.0120623 0.00823013 0.00523051
 0.00752307 0.0122694 0.0185597 0.0263722 0.0354795 0.0453039 0.0548777 0.0630687 0.0689748 0.0721976 0.0728252 0.071232 0.0678919 0.0632799 0.0578266 0.0518875 0.0457281 0.0395324 0.0334268 0.027512 0.0218954 0.0167106 0.0121156 0.00826211 0.00524744
 0.00752227 0.0122593 0.0185288 0.0263055 0.0353638 0.0451354 0.0546675 0.0628417 0.0687626 0.0720282 0.072717 0.0711928 0.0679217 0.0633731 0.0579716 0.0520663 0.045919 0.0397144 0.0335849 0.0276395 0.0219918 0.0167792 0.0121612 0.00828989 0.0052626
 0.00757488 0.0123393 0.0186381 0.0264399 0.0355119 0.0452776 0.054778 0.0628935 0.0687369 0.0719233 0.0725506 0.0709968 0.0677308 0.0632151 0.0578624 0.0520097 0.0459083 0.0397362 0.0336235 0.0276809 0.0220271 0.0168046 0.0121768 0.00829792 0.00526572
 0.00722307 0.0117792 0.0178195 0.0253305 0.0341105 0.043632 0.0529991 0.0611518 0.0672309 0.0708324 0.0719933 0.0710112 0.068279 0.0642017 0.0591594 0.0534802 0.0474265 0.0411985 0.0349533 0.0288283 0.0229666 0.0175324 0.0127073 0.0086593 0.00549404
 0.00716711 0.0116559 0.0175741 0.0248918 0.0334081 0.0426244 0.0517008 0.059645 0.0656557 0.0693601 0.070795 0.0702283 0.0679989 0.0644441 0.0598756 0.0545667 0.0487483 0.0426152 0.0363395 0.0300872 0.024035 0.0183812 0.0133372 0.00909374 0.00577095
 0.00717994 0.0116806 0.0176153 0.0249479 0.0334606 0.0426276 0.0515798 0.0593126 0.0650466 0.0684691 0.0696978 0.0690708 0.0669609 0.0636915 0.0595205 0.0546457 0.0492215 0.043384 0.0372747 0.031059 0.0249365 0.0191415 0.0139245 0.00950995 0.00604105
 0.00708685 0.011557 0.0174805 0.0248373 0.0334153 0.0426767 0.0517228 0.0595088 0.0652176 0.0685163 0.0695319 0.0686489 0.0663138 0.0629266 0.0587934 0.0541112 0.0489861 0.0434776 0.0376516 0.0316214 0.0255689 0.0197427 0.0144271 0.00988565 0.00629385
 0.00696996 0.0113673 0.0171982 0.0244502 0.0329292 0.0421261 0.0511757 0.0590547 0.064937 0.0684435 0.0696344 0.0688368 0.0664783 0.0629889 0.0587404 0.0540009 0.0489193 0.043551 0.0379155 0.0320614 0.0261178 0.0203106 0.0149345 0.0102849 0.00657321
 0.00699663 0.0113959 0.0172132 0.0244268 0.0328382 0.0419439 0.0508954 0.0586944 0.0645418 0.0680771 0.0693603 0.0686936 0.0664606 0.0630484 0.0588113 0.054037 0.0489206 0.0435626 0.0379989 0.0322575 0.0264231 0.0206804 0.0153061 0.0106043 0.00681212
 0.007092 0.0115591 0.017472 0.0248067 0.0333499 0.0425665 0.0515656 0.0593124 0.0649982 0.0682904 0.0693049 0.0684036 0.06601 0.0625183 0.058262 0.0534993 0.0484082 0.0430926 0.0376024 0.0319713 0.0262699 0.0206526 0.0153679 0.0107077 0.00691622
 0.00716151 0.0116714 0.0176407 0.0250458 0.0336739 0.042987 0.0520837 0.059909 0.0656247 0.0688689 0.0697426 0.0686198 0.0659638 0.0622228 0.0577757 0.0529013 0.0477728 0.0424779 0.0370519 0.0315189 0.0259385 0.0204475 0.0152726 0.0106893 0.00693779
 0.00706834 0.0115376 0.0174723 0.0248612 0.0335002 0.0428547 0.052022 0.059943 0.0657727 0.0691363 0.0701118 0.0690444 0.0663736 0.0625423 0.0579492 0.0529113 0.047642 0.042255 0.0367938 0.031276 0.0257466 0.0203243 0.0152166 0.0106842 0.00696064
 0.00705965 0.0115208 0.0174431 0.0248161 0.03344 0.0427891 0.0519712 0.0599341 0.0658313 0.0692764 0.0703305 0.0693216 0.0666751 0.0628239 0.0581633 0.0530176 0.0476205 0.0421146 0.0365698 0.0310181 0.0255033 0.02013 0.0150856 0.0106122 0.00693185
 0.00703409 0.0114556 0.0173019 0.0245527 0.0330129 0.0421833 0.0512176 0.0591137 0.065059 0.0686716 0.0699876 0.0692886 0.0669461 0.0633436 0.0588417 0.0537516 0.0483156 0.0427035 0.0370217 0.0313372 0.0257172 0.0202735 0.0151876 0.01069 0.00699223
 0.00718432 0.0116872 0.0176245 0.0249601 0.0334766 0.0426478 0.0516022 0.0593276 0.0650316 0.068385 0.0694924 0.0686905 0.0663698 0.0628919 0.0585679 0.0536523 0.0483439 0.0427927 0.0371115 0.031391 0.0257268 0.0202516 0.0151544 0.0106614 0.00697517
 0.00716618 0.0116797 0.0176533 0.0250612 0.0336851 0.0429798 0.0520383 0.0598082 0.0654675 0.0686814 0.0695778 0.0685415 0.0660217 0.062429 0.0580951 0.0532591 0.0480775 0.0426517 0.0370596 0.0313815 0.0257234 0.020238 0.0151312 0.0106366 0.00695584
 0.00703128 0.011475 0.0173743 0.0247185 0.0333072 0.0426142 0.0517476 0.0596572 0.0655005 0.0688992 0.069928 0.0689336 0.0663605 0.0626515 0.058191 0.0532664 0.0480573 0.0426566 0.0371127 0.0314748 0.0258316 0.020336 0.0152052 0.0106852 0.00698453
#obs surv len freq
 nan nan nan nan nan nan nan nan nan nan nan nan nan nan nan nan nan nan nan nan nan nan nan nan nan
 0.00448497 0.00734641 0.0111764 0.0159926 0.0216931 0.0279682 0.0342818 0.0400127 0.044692 0.0481558 0.0505137 0.0520097 0.0529021 0.0534147 0.0537291 0.0539842 0.0542628 0.0545556 0.0546944 0.0542863 0.0527244 0.0493565 0.0438062 0.0362863 0.0276699
 0.00462273 0.00757147 0.0115168 0.016474 0.0223323 0.0287639 0.0352044 0.0410023 0.0456665 0.0490272 0.051205 0.052466 0.0530961 0.0533463 0.0534211 0.0534743 0.053595 0.0537729 0.0538361 0.0533896 0.0518284 0.048505 0.0430444 0.0356526 0.0271856
 0.00477685 0.00782646 0.0119088 0.0170394 0.0231005 0.0297449 0.0363771 0.0423082 0.0470166 0.0503168 0.0523296 0.0533347 0.0536405 0.0535273 0.0532318 0.0529376 0.0527569 0.0526934 0.0525818 0.0520313 0.0504415 0.0471702 0.0418421 0.0346488 0.026417
 0.00496863 0.00813713 0.0123746 0.0176944 0.0239709 0.0308408 0.0376816 0.043772 0.048561 0.0518442 0.0537359 0.0545178 0.0545089 0.0540078 0.0532772 0.0525326 0.0519197 0.0514737 0.0510557 0.0502964 0.0486133 0.0453756 0.0402062 0.0332738 0.0253601
 0.005183 0.00848912 0.0129106 0.0184592 0.0249984 0.0321398 0.039222 0.0454815 0.0503376 0.0535768 0.0553208 0.0558652 0.0555402 0.0546529 0.0534762 0.0522423 0.051123 0.0501885 0.0493414 0.0482561 0.0463908 0.0431428 0.0381391 0.0315191 0.0240033
 0.00540087 0.00884782 0.013459 0.0192462 0.0260642 0.0335009 0.0408558 0.0473198 0.0522747 0.0554891 0.0570869 0.0573791 0.056716 0.0554234 0.0537874 0.0520504 0.0503974 0.048922 0.0475668 0.0460615 0.0439256 0.0406067 0.03575 0.029466 0.0224025
 0.00562845 0.00921983 0.014023 0.0200484 0.0271418 0.0348693 0.0424946 0.0491664 0.0542318 0.0574411 0.0589166 0.0589782 0.0579909 0.0562968 0.0541984 0.0519514 0.049753 0.0477148 0.0458125 0.0438304 0.0413586 0.0379116 0.0331687 0.0272193 0.0206341
 0.00588169 0.00963325 0.0146483 0.0209346 0.0283257 0.0363604 0.0442604 0.0511277 0.056275 0.0594409 0.0607562 0.0605588 0.0592325 0.0571347 0.0545791 0.05183 0.0490929 0.0464933 0.0440355 0.0415552 0.0387151 0.0351055 0.030452 0.0248317 0.0187396
 0.00611705 0.0100209 0.0152412 0.0217851 0.0294755 0.0378243 0.0460094 0.0530834 0.0583208 0.0614451 0.0625942 0.0621266 0.0604503 0.0579441 0.0549372 0.0517025 0.04845 0.045313 0.0423181 0.0393466 0.0361316 0.0323409 0.027753 0.0224407 0.0168286
 0.00637042 0.010433 0.0158616 0.0226607 0.0306415 0.0392909 0.0477472 0.0550173 0.0603389 0.0634185 0.0643977 0.0636525 0.0616148 0.0586886 0.0552243 0.0515089 0.0477597 0.0441157 0.040619 0.0371885 0.0336195 0.0296536 0.0251232 0.0201023 0.0149517
 0.00660143 0.0108163 0.0164528 0.0235151 0.0318024 0.0407707 0.0495091 0.056971 0.0623564 0.0653613 0.0661405 0.0650958 0.0626858 0.059338 0.0554222 0.0512393 0.0470156 0.0428975 0.0389411 0.0350961 0.0312111 0.0270929 0.0226234 0.0178794 0.0131648
 0.00683955 0.0112021 0.0170311 0.0243278 0.0328816 0.0421269 0.0511178 0.0587656 0.0642331 0.0671953 0.067806 0.0664823 0.0637088 0.059943 0.0555813 0.0509444 0.0462697 0.0417115 0.0373379 0.033125 0.0289663 0.0247234 0.0203204 0.0158359 0.0115231
 0.00705064 0.0115538 0.0175756 0.0251174 0.0339562 0.0434951 0.0527399 0.060551 0.0660572 0.0689277 0.0693331 0.0677163 0.0645869 0.0604237 0.0556421 0.0505792 0.0454858 0.0405268 0.0357835 0.0312548 0.0268711 0.022539 0.0182159 0.0139797 0.0100375
 0.00726407 0.0119032 0.0181063 0.0258733 0.0349714 0.0447804 0.0542675 0.0622472 0.06781 0.070606 0.0708099 0.0688874 0.0653814 0.0608052 0.0556032 0.0501316 0.0446518 0.0393352 0.034273 0.0294825 0.0249243 0.0205405 0.0163135 0.0123166 0.00871478
 0.00741739 0.0121554 0.0184912 0.0264249 0.0357177 0.0457334 0.055413 0.0635399 0.0691783 0.0719631 0.0720652 0.0699541 0.0661835 0.0612844 0.0557239 0.0498822 0.0440416 0.03839 0.0330323 0.0280041 0.0232907 0.0188618 0.0147175 0.0109243 0.00760992
 0.0075296 0.0123372 0.0187642 0.0268095 0.0362305 0.0463825 0.0561923 0.0644259 0.0701319 0.0729352 0.0730016 0.0707993 0.0668819 0.0617826 0.0559751 0.0498516 0.043711 0.0377613 0.0321295 0.0268748 0.0220087 0.0175249 0.0134368 0.00980314 0.00671894
 0.00758828 0.0124303 0.0189004 0.0269964 0.0364747 0.0466894 0.0565649 0.0648638 0.0706302 0.073484 0.0735847 0.071392 0.06745 0.0622825 0.0563567 0.0500643 0.0437115 0.0375217 0.031645 0.0261695 0.0211372 0.0165688 0.0124922 0.00896021 0.00604115
 0.00764086 0.0125095 0.0190081 0.0271304 0.0366304 0.0468621 0.0567517 0.0650644 0.0708479 0.0737249 0.0738558 0.0716971 0.0677845 0.062629 0.0566835 0.0503278 0.0438628 0.037516 0.0314533 0.0257887 0.0205961 0.015926 0.0118252 0.00834633 0.00553761
 0.00771726 0.0126247 0.0191644 0.0273235 0.0368495 0.0470919 0.0569744 0.0652627 0.0710088 0.0738449 0.073943 0.0717688 0.0678603 0.0627226 0.056796 0.0504434 0.0439502 0.0375355 0.0313671 0.0255745 0.0202573 0.0154954 0.0113573 0.00790175 0.00516484
 0.00776053 0.0126936 0.0192648 0.027459 0.0370192 0.0472885 0.0571824 0.0654604 0.0711735 0.0739604 0.0740049 0.0717857 0.0678501 0.0627066 0.0567909 0.0504553 0.0439707 0.0375418 0.0313287 0.025464 0.0200629 0.0152281 0.0110497 0.00759692 0.00490124
 0.0078063 0.0127629 0.0193599 0.0275785 0.0371595 0.047444 0.0573464 0.0656237 0.0713248 0.0740862 0.0740928 0.071828 0.0678471 0.0626674 0.0567309 0.0503908 0.0439112 0.0374859 0.0312635 0.0253708 0.0199272 0.0150487 0.0108417 0.00738654 0.00471542
 0.00782476 0.0127912 0.0193991 0.0276284 0.0372182 0.0475086 0.057413 0.0656886 0.0713851 0.0741411 0.0741426 0.071872 0.067883 0.0626914 0.0567408 0.0503874 0.043898 0.0374652 0.031233 0.0253231 0.0198538 0.0149462 0.0107167 0.00725451 0.00459442
 0.00789023 0.0128874 0.0195249 0.0277759 0.0373748 0.0476604 0.0575477 0.0657966 0.07146 0.07418 0.0741465 0.0718461 0.0678342 0.0626272 0.0566671 0.0503084 0.0438165 0.0373831 0.0311507 0.0252387 0.0197636 0.0148484 0.0106135 0.00715324 0.00450469
 0.007905 0.0129159 0.0195754 0.0278574 0.0374929 0.0478122 0.0577181 0.0659611 0.0715922 0.0742613 0.074172 0.071823 0.067777 0.0625503 0.0565818 0.0502217 0.0437319 0.0373019 0.0310724 0.0251619 0.0196868 0.0147705 0.010536 0.00708012 0.00444126
 0.00788619 0.0128837 0.0195248 0.0277845 0.0373983 0.0477042 0.0576141 0.0658838 0.0715609 0.0742834 0.0742397 0.0719183 0.0678799 0.0626469 0.0566655 0.0502913 0.0437882 0.0373454 0.0311027 0.0251781 0.0196883 0.0147581 0.0105125 0.00705033 0.00441083
 0.00787303 0.0128571 0.019475 0.0276997 0.0372679 0.0475243 0.0573929 0.0656435 0.0713347 0.0741073 0.074143 0.0719152 0.0679658 0.0628012 0.0568595 0.0504974 0.0439854 0.0375206 0.0312492 0.0252932 0.0197717 0.0148119 0.0105412 0.00706019 0.00440907
 0.00788782 0.0128754 0.0194918 0.0277058 0.0372512 0.0474724 0.0572969 0.065501 0.0711527 0.073904 0.0739461 0.0717565 0.067873 0.0627891 0.0569261 0.0506251 0.0441486 0.0376932 0.0314107 0.0254304 0.0198786 0.0148878 0.0105892 0.00708628 0.00442006
 0.00790113 0.0128968 0.019523 0.0277471 0.0373001 0.0475221 0.0573353 0.0655123 0.0711221 0.0738233 0.0738184 0.071598 0.0677095 0.0626501 0.056836 0.0505966 0.0441795 0.0377689 0.0315101 0.0255332 0.0199694 0.0149585 0.0106379 0.00711566 0.00443513
 0.00787647 0.0128592 0.0194712 0.0276823 0.0372257 0.0474436 0.0572601 0.0654474 0.0710717 0.0737867 0.0737903 0.071571 0.0676799 0.0626211 0.0568178 0.0506026 0.0442195 0.0378443 0.0316128 0.0256479 0.0200801 0.0150524 0.0107089 0.0071634 0.00446368
 0.00783959 0.012794 0.0193641 0.0275188 0.0369963 0.0471512 0.0569252 0.0651083 0.0707745 0.0735717 0.0736808 0.0715693 0.0677704 0.0627783 0.057016 0.0508217 0.0444478 0.0380753 0.0318406 0.0258642 0.0202742 0.0152146 0.0108334 0.00725065 0.00451905
 0.00781133 0.0127481 0.0192946 0.0274194 0.0368601 0.0469721 0.0567011 0.0648444 0.0704875 0.0732907 0.0734423 0.0714086 0.067711 0.0628249 0.0571547 0.051027 0.0446915 0.0383332 0.032095 0.0261022 0.0204856 0.0153914 0.0109711 0.00734919 0.00458335
 0.00778632 0.0127049 0.019225 0.0273146 0.0367132 0.0467811 0.0564719 0.0645906 0.0702276 0.0730437 0.0732267 0.0712425 0.0676126 0.0628095 0.0572294 0.0511864 0.0449175 0.0385998 0.0323748 0.0263716 0.0207271 0.0155935 0.0111286 0.00746266 0.00465824
 0.00775471 0.0126542 0.0191498 0.0272102 0.0365758 0.0466095 0.0562688 0.0643644 0.069992 0.0728161 0.0730258 0.0710853 0.0675127 0.0627772 0.0572706 0.0513018 0.0451004 0.038835 0.0326399 0.0266415 0.0209784 0.0158092 0.0112991 0.00758679 0.00474093
 0.00775236 0.0126446 0.0191248 0.0271588 0.0364873 0.0464778 0.0560963 0.0641621 0.0697769 0.0726064 0.0728371 0.0709305 0.0674023 0.0627194 0.0572717 0.0513649 0.045224 0.0390114 0.0328545 0.0268741 0.0212068 0.0160135 0.011466 0.0077111 0.00482518
 0.00771094 0.0125835 0.0190442 0.0270618 0.036378 0.0463583 0.0559655 0.0640177 0.0696191 0.0724416 0.0726784 0.0707945 0.0673043 0.0626704 0.0572772 0.0514259 0.0453379 0.0391718 0.0330505 0.02709 0.0214236 0.0162123 0.0116323 0.00783759 0.00491241
 0.00766729 0.0125121 0.0189364 0.026911 0.0361823 0.0461247 0.0557119 0.0637702 0.0694043 0.0722778 0.0725718 0.0707415 0.0672983 0.0627065 0.057354 0.0515431 0.0454938 0.0393618 0.033266 0.0273182 0.0216487 0.016418 0.0118051 0.00797022 0.00500483
 0.00766713 0.0125082 0.0189238 0.026882 0.0361284 0.0460384 0.0555899 0.0636161 0.0692295 0.0720999 0.0724106 0.0706141 0.0672147 0.0626693 0.0573605 0.0515894 0.0455765 0.0394777 0.0334098 0.0274813 0.0218185 0.0165802 0.0119466 0.00808234 0.00508515
 0.00765303 0.0124874 0.0188962 0.0268482 0.0360886 0.0459913 0.0555319 0.0635423 0.0691361 0.0719878 0.0722869 0.0704918 0.0671096 0.0625958 0.0573277 0.0516 0.045628 0.0395645 0.0335249 0.0276158 0.0219616 0.0167195 0.0120705 0.00818233 0.00515807
 0.00759011 0.0123938 0.0187715 0.0266982 0.0359241 0.0458253 0.0553778 0.0634113 0.0690359 0.0719205 0.0722493 0.0704779 0.0671148 0.0626192 0.057372 0.0516691 0.0457243 0.0396865 0.0336674 0.0277705 0.0221182 0.0168668 0.0121986 0.00828449 0.00523217
 0.00758744 0.0123809 0.0187369 0.0266273 0.0358046 0.0456552 0.0551703 0.0631942 0.068842 0.0717765 0.0721675 0.0704555 0.0671391 0.0626749 0.0574477 0.0517588 0.0458267 0.0398025 0.0337962 0.0279083 0.0222576 0.0169988 0.0123141 0.00837717 0.00529986
 0.00756925 0.012356 0.0187075 0.0265965 0.0357735 0.0456192 0.0551184 0.0631134 0.0687258 0.071632 0.072016 0.0703248 0.0670522 0.0626419 0.0574651 0.0518154 0.0459102 0.0399034 0.0339086 0.0280273 0.0223777 0.0171127 0.0124146 0.00845863 0.00535991
 0.00755038 0.0123257 0.018663 0.0265365 0.0356991 0.0455353 0.0550331 0.0630354 0.0686601 0.0715767 0.071965 0.0702731 0.0670022 0.062604 0.057452 0.0518356 0.0459641 0.039985 0.0340086 0.0281366 0.0224882 0.017217 0.0125061 0.00853258 0.0054145
 0.00753106 0.0122956 0.0186199 0.0264793 0.0356279 0.0454516 0.0549408 0.0629412 0.0685725 0.0715046 0.0719139 0.0702441 0.0669916 0.062607 0.0574667 0.051864 0.0460104 0.0400514 0.0340934 0.0282337 0.0225892 0.0173135 0.0125909 0.00860101 0.00546489
 0.00750849 0.0122583 0.0185629 0.0263982 0.03552 0.0453187 0.0547904 0.0627863 0.0684293 0.0713882 0.0718354 0.0702084 0.066998 0.0626499 0.0575377 0.0519545 0.0461139 0.040164 0.0342124 0.0283555 0.0227082 0.017423 0.0126847 0.00867512 0.00551847
 0.00749815 0.0122422 0.01854 0.0263672 0.0354799 0.0452676 0.0547265 0.0627089 0.0683404 0.0712935 0.0717441 0.0701316 0.0669454 0.0626278 0.0575473 0.0519928 0.0461753 0.0402421 0.0343012 0.0284498 0.0228027 0.0175118 0.0127622 0.00873747 0.00556421
 0.00749193 0.0122325 0.0185261 0.026349 0.0354573 0.0452409 0.0546961 0.0626747 0.068302 0.07125 0.071695 0.0700786 0.0668932 0.0625836 0.057519 0.0519862 0.0461924 0.0402812 0.0343577 0.0285175 0.0228751 0.0175825 0.0128255 0.00878931 0.00560281
 0.00752319 0.0122809 0.0185943 0.0264373 0.0355632 0.0453585 0.0548157 0.0627836 0.0683858 0.0712966 0.0716968 0.0700339 0.0668069 0.0624661 0.0573847 0.0518509 0.0460706 0.0401832 0.0342884 0.0284767 0.0228585 0.0175836 0.0128372 0.00880513 0.00561799
 0.00749211 0.012237 0.0185406 0.0263808 0.0355135 0.0453243 0.0548025 0.0627926 0.0684144 0.0713391 0.0717458 0.0700812 0.0668444 0.062488 0.0573889 0.0518401 0.0460513 0.0401639 0.0342767 0.0284768 0.0228707 0.0176048 0.0128625 0.0088297 0.0056384
 0.0074865 0.0122257 0.0185196 0.0263464 0.0354638 0.0452626 0.0547383 0.06274 0.0683872 0.0713449 0.0717828 0.0701392 0.0669096 0.0625472 0.057433 0.0518653 0.0460589 0.0401592 0.0342672 0.0284695 0.0228701 0.0176118 0.012875 0.00884428 0.00565188
 0.0074865 0.0122257 0.0185196 0.0263464 0.0354638 0.0452626 0.0547383 0.06274 0.0683872 0.0713449 0.0717828 0.0701392 0.0669096 0.0625472 0.057433 0.0518653 0.0460589 0.0401592 0.0342672 0.0284695 0.0228701 0.0176118 0.012875 0.00884428 0.00565188
 0.00712493 0.0116513 0.0176828 0.0252166 0.0340433 0.0436043 0.0529598 0.0610193 0.0669303 0.070335 0.0713355 0.0702808 0.0675822 0.0636324 0.0587834 0.0533345 0.0475237 0.0415299 0.0354872 0.0295098 0.023721 0.0182772 0.0133691 0.00918934 0.00587629
 0.00711088 0.0115863 0.017507 0.0248485 0.0334002 0.0426356 0.0516785 0.0595138 0.0653509 0.0688637 0.0701505 0.0695261 0.0673425 0.0639192 0.059535 0.0544333 0.0488246 0.0428903 0.0367896 0.0306721 0.0246967 0.01905 0.0139454 0.00959174 0.00613734
 0.00710195 0.0115837 0.0175216 0.0248879 0.0334544 0.0426605 0.0515913 0.0592116 0.0647539 0.0679612 0.0690254 0.0683406 0.0662932 0.0631817 0.0592204 0.0545672 0.049351 0.0436954 0.0377359 0.0316305 0.0255687 0.0197759 0.0145029 0.00998721 0.00639594
 0.00715439 0.0116708 0.0176562 0.0250836 0.0337223 0.0430023 0.0519883 0.0596143 0.0650771 0.0680965 0.0688721 0.0678491 0.0654997 0.0622126 0.0582581 0.0537919 0.0488855 0.0435762 0.0379172 0.0320137 0.0260404 0.0202398 0.0148965 0.010284 0.00659732
 0.00706624 0.0115406 0.0174854 0.0248838 0.0335145 0.0428143 0.0518509 0.0595556 0.0651133 0.0682189 0.0690377 0.0679845 0.0655239 0.0620733 0.0579642 0.0534206 0.0485554 0.0433988 0.0379522 0.0322515 0.0264156 0.0206639 0.0152913 0.0106013 0.00682213
 0.00703979 0.0114947 0.0174115 0.0247739 0.0333652 0.042632 0.0516556 0.0593795 0.0649927 0.0681816 0.0690917 0.0681107 0.0656773 0.0621934 0.0579971 0.053345 0.0483991 0.0432311 0.0378538 0.0322766 0.0265695 0.0209071 0.0155628 0.0108471 0.00701126
 0.00711765 0.0116224 0.0176045 0.025044 0.0337145 0.0430448 0.0520944 0.0597894 0.0653171 0.0683815 0.0691567 0.068056 0.0655288 0.0619718 0.0577097 0.0529913 0.0479861 0.0427878 0.0374323 0.0319354 0.026349 0.0208123 0.015566 0.0109043 0.00708229
 0.00713085 0.0116541 0.0176713 0.025168 0.0339182 0.0433422 0.0524817 0.0602405 0.0657849 0.0688073 0.0694836 0.0682428 0.0655594 0.0618553 0.0574715 0.052661 0.0475911 0.0423563 0.0369989 0.0315419 0.0260347 0.0205996 0.0154523 0.0108657 0.00708688
 0.00709881 0.0116016 0.0175929 0.0250615 0.0337889 0.0432083 0.0523754 0.0602028 0.0658519 0.0689934 0.0697719 0.0685868 0.0658976 0.0621299 0.0576437 0.052717 0.0475388 0.0422185 0.0368074 0.0313335 0.0258449 0.0204556 0.0153651 0.0108294 0.00708448
 0.00710547 0.0116108 0.0176032 0.0250702 0.0337915 0.0432 0.0523534 0.0601698 0.06582 0.0689839 0.0698093 0.0686875 0.0660587 0.0623254 0.0578316 0.0528541 0.0475955 0.0421867 0.0367005 0.03118 0.0256795 0.020309 0.0152566 0.0107635 0.00705381
 0.00694547 0.0113579 0.0172371 0.0245793 0.0331785 0.0424879 0.0515909 0.0594292 0.0651843 0.0685291 0.0695884 0.0687238 0.0663446 0.0628249 0.0584842 0.0535829 0.0483211 0.0428427 0.0372455 0.0316011 0.0259871 0.0205263 0.0154086 0.0108704 0.00712864
 0.007049 0.0115021 0.017409 0.0247501 0.0333094 0.042541 0.0515393 0.0592632 0.0649136 0.0681819 0.0692087 0.0683647 0.0660595 0.0626553 0.0584504 0.053678 0.0485126 0.0430817 0.0374821 0.0317984 0.0261289 0.0206158 0.0154598 0.0108992 0.00714624
 0.00704522 0.011517 0.0174685 0.0248863 0.0335466 0.0428755 0.0519269 0.0596243 0.0651598 0.0682488 0.0690786 0.0680695 0.0656645 0.0622388 0.0580828 0.0534079 0.0483589 0.0430341 0.0375087 0.0318596 0.0261916 0.0206615 0.0154853 0.0109097 0.0071494
 0.00699735 0.0114363 0.0173438 0.024711 0.0333264 0.0426368 0.0517174 0.0594998 0.065158 0.0683659 0.0692655 0.0682534 0.0657845 0.0622716 0.0580473 0.0533495 0.0483257 0.0430567 0.0375917 0.0319852 0.0263312 0.020789 0.0155851 0.0109786 0.00719219
#pred catch len freq
 0.00314756 0.00511086 0.00771439 0.0110039 0.015022 0.0197616 0.0251047 0.0308111 0.0365657 0.0420422 0.0469503 0.0510736 0.0542995 0.0566263 0.058143 0.0589998 0.059386 0.0594929 0.0594256 0.059059 0.05792 0.0552471 0.0503231 0.0429605 0.0338093
 0.00339966 0.00545515 0.00811373 0.0113892 0.0153193 0.0199301 0.0251606 0.0308164 0.0365874 0.0421084 0.0470362 0.0511263 0.0542836 0.0565596 0.0580979 0.0590688 0.0596272 0.059882 0.0598412 0.0593166 0.0578471 0.0547652 0.0494914 0.0419505 0.0328265
 0.00349265 0.00564167 0.00845439 0.011948 0.0161313 0.0209612 0.0262873 0.0318541 0.0373621 0.0425316 0.0471297 0.0509836 0.0540048 0.0562114 0.0577188 0.0586961 0.0593054 0.059639 0.0596507 0.0590851 0.057449 0.054113 0.0485947 0.0409226 0.0318315
