SBPRF35
12.7214
Curr Bio
770547
B35
878326
F35
0.172845
FOFL
0.15267
OFL
98017.9
Bzero
3.63469e+006
#pred survey bio
 3.42676e+006 3.31939e+006 3.22814e+006 3.0981e+006 2.92559e+006 2.73183e+006 2.48463e+006 2.25671e+006 2.04547e+006 1.84659e+006 1.64895e+006 1.44711e+006 1.26426e+006 1.11158e+006 960679 856670 772790 699843 650234 602634 579255 553585 528526 521051 511497 504576 501218 508659 505604 511210 520683 519572 538886 548796 566734 583011 589264 595546 598960 613161 615514 618638 626422 639060 634730 640014 639552 643546 647355 651329 646899 699358 747993 769147 769402 774383 2.74648e+007 1.65933e+007 1.70233e+007 1.80301e+007 1.93993e+007 2.08877e+007 2.23207e+007 2.35985e+007 2.468e+007 2.55628e+007 2.62653e+007 2.68145e+007 2.72387e+007 2.75639e+007 2.78121e+007 2.80012e+007 2.81454e+007 2.82555e+007 2.83399e+007 2.84047e+007 2.84549e+007 2.84938e+007 2.85241e+007 2.85479e+007 2.85666e+007 2.85814e+007 2.85931e+007 2.86024e+007 2.86099e+007 2.86158e+007 2.86206e+007 2.86245e+007 2.86276e+007 2.86301e+007 2.86322e+007 2.86339e+007 2.86352e+007 2.86363e+007 2.86372e+007 2.86379e+007 2.86385e+007 2.8639e+007 2.86394e+007 2.86397e+007 2.864e+007 2.86402e+007 2.86404e+007 2.86405e+007 2.86407e+007 2.86408e+007 2.86408e+007 2.86409e+007 2.8641e+007 2.8641e+007 2.8641e+007 2.86411e+007 2.86411e+007 2.86411e+007 2.86411e+007 2.86411e+007 2.86411e+007 2.86412e+007 2.86412e+007 2.86412e+007 2.86412e+007 2.86412e+007 2.86412e+007 2.86412e+007 2.86412e+007 2.86412e+007 2.86412e+007 2.86412e+007 2.86412e+007 2.86412e+007 2.86412e+007 2.86412e+007 2.86412e+007 2.86412e+007 2.86412e+007 2.86412e+007 2.86412e+007 2.86412e+007 2.86412e+007 2.86412e+007 2.86412e+007 2.86412e+007 2.86412e+007 2.86412e+007 2.86412e+007 2.86412e+007 2.86412e+007 2.86412e+007 2.86412e+007 2.86412e+007 2.86412e+007 2.86412e+007 2.86412e+007 2.86412e+007 2.86412e+007 2.86412e+007 0 0 0 0 0 0 0 0 0 0 0 0 0 0 0 0 0 0 0 0 0 0 0 0 0
#obs survey bio
 4.00084e+006 2.2975e+006 3.55459e+006 3.44178e+006 2.45639e+006 3.19201e+006 2.74558e+006 1.79893e+006 2.17327e+006 2.30756e+006 1.42845e+006 1.16152e+006 1.10911e+006 1.16975e+006 1.02552e+006 975698 717624 521235 649332 484647 568562 519682 471282 418408 388301 382183 389917 638978 481700 485595 435003 433713 593163 466730 774364 600497 547675 707761 467779 533870 506713 842181 431114 445426 654253 607305 805919 927321 536947 614969 730609 707155 691932 657146 642240 696643
#pred catch bio
 99192.1 91630.4 138046 189873 224439 289233 287711 288190 291028 301248 313023 300354 274513 270466 225554 204165 189933 164816 157956 133199 131869 127758 110621 111445 108599 105317 96435.6 105290 98152.2 96090.6 105511 88868.8 97633.2 91099 92649.3 100524 99579 101529 93194.7 104750 104949 101945 99348.1 114372 105733 110239 105987 106248 106644 113819 66723.2 72151.8 95222.2 111590 107049 103195 98017.9 110446 112144 117641 126112 135516 144522 152437 159001 164224 168253 171289 173536 175174 176357 177202 177802 178226 178523 178732 178877 178978 179049 179098 179131 179155 179171 179182 179190 179195 179199 179201 179203 179204 179205 179205 179206 179206 179206 179206 179206 179207 179207 179207 179207 179207 179207 179207 179207 179207 179207 179207 179207 179207 179207 179207 179207 179207 179207 179207 179207 179207 179207 179207 179207 179207 179207 179207 179207 179207 179207 179207 179207 179207 179207 179207 179207 179207 179207 179207 179207 179207 179207 179207 179207 179207 179207 179207 179207 179207 179207 179207 179207 179207 179207 179207 179207 179207 179207 179207 0 0 0 0 0 0 0 0 0 0 0 0 0 0 0 0 0 0 0 0 0 0 0 0 0
#obs catch bio
 0 91345.8 138201 190319 225026 291042 288282 289386 292696 301982 314671 303977 277584 273198 227551 204838 191134 166100 158299 133729 132300 128325 110811 111725 109145 106369 97169.8 105710 98634.9 96586.7 106926 89508.6 98292.7 91570.1 92611.1 100294 99328.6 100892 92788.5 104586 105334 101785 99387.5 115078 105922 110350 105897 105739 106780 114642 66531.5 72019.7 95122 111416 106771 103155
#pred cpue bio
 3.3855e+006 3.27902e+006 3.18739e+006 3.05678e+006 2.88431e+006 2.69065e+006 2.44416e+006 2.21676e+006 2.00586e+006 1.80753e+006 1.61077e+006 1.41017e+006 1.22889e+006 1.07797e+006 929176 826747 744355 672925 624672 578430 555797 530964 506659 499427 490043 483161 479863 487277 484380 489754 498917 497893 516985 526945 544812 561142 567534 573860 577198 590885 592916 595871 603461 615735 611541 616916 616617 620627 624300 628062 623748 675682 724328 745646 745769 750240 2.66087e+007 1.60765e+007 1.63813e+007 1.72567e+007 1.85869e+007 2.00675e+007 2.14993e+007 2.27768e+007 2.38583e+007 2.47411e+007 2.54436e+007 2.59928e+007 2.6417e+007 2.67422e+007 2.69904e+007 2.71795e+007 2.73237e+007 2.74338e+007 2.75181e+007 2.7583e+007 2.76331e+007 2.76721e+007 2.77024e+007 2.77262e+007 2.77449e+007 2.77597e+007 2.77714e+007 2.77807e+007 2.77882e+007 2.77941e+007 2.77989e+007 2.78028e+007 2.78059e+007 2.78084e+007 2.78105e+007 2.78121e+007 2.78135e+007 2.78146e+007 2.78155e+007 2.78162e+007 2.78168e+007 2.78173e+007 2.78177e+007 2.7818e+007 2.78183e+007 2.78185e+007 2.78187e+007 2.78188e+007 2.7819e+007 2.78191e+007 2.78191e+007 2.78192e+007 2.78193e+007 2.78193e+007 2.78193e+007 2.78194e+007 2.78194e+007 2.78194e+007 2.78194e+007 2.78194e+007 2.78194e+007 2.78195e+007 2.78195e+007 2.78195e+007 2.78195e+007 2.78195e+007 2.78195e+007 2.78195e+007 2.78195e+007 2.78195e+007 2.78195e+007 2.78195e+007 2.78195e+007 2.78195e+007 2.78195e+007 2.78195e+007 2.78195e+007 2.78195e+007 2.78195e+007 2.78195e+007 2.78195e+007 2.78195e+007 2.78195e+007 2.78195e+007 2.78195e+007 2.78195e+007 2.78195e+007 2.78195e+007 2.78195e+007 2.78195e+007 2.78195e+007 2.78195e+007 2.78195e+007 2.78195e+007 2.78195e+007 2.78195e+007 2.78195e+007 2.78195e+007 2.78195e+007 2.78195e+007 0 0 0 0 0 0 0 0 0 0 0 0 0 0 0 0 0 0 0 0 0 0 0 0 0
#obs cpue bio
 3.06341e+006 3.04735e+006 3.33506e+006 2.382e+006 2.4254e+006 2.2671e+006 2.8675e+006 2.1482e+006 1.56561e+006 1.92922e+006 1.55057e+006 1.03525e+006 1.21355e+006 1.10545e+006 717231 907908 663623 689351 861646 535853 603220 522241 550039 616353 512578 427416 530044 545304 394642 441295 384840 524904 576197 535979 609000 702601 605432 745726 580730 665554 454942 641054 667860 699003 638140 761910 527456 626919 453355 602104 541018 852852 932142 972794 893378 662567
#pred surv len freq
 0.0043614 0.00712363 0.0108038 0.0154182 0.020886 0.0269498 0.0331467 0.0389206 0.0438265 0.0476692 0.0504891 0.0524519 0.0537483 0.0545453 0.0549705 0.0551163 0.055052 0.0548245 0.0544125 0.0536313 0.0520547 0.0490749 0.0441723 0.0372913 0.0290591
 0.00469914 0.00758698 0.0113457 0.0159494 0.0213102 0.0272125 0.0332664 0.0389751 0.0438993 0.0477932 0.0506254 0.0525183 0.0536765 0.0543285 0.054675 0.0548516 0.0549168 0.0548529 0.0545473 0.0537407 0.0519906 0.048746 0.0435907 0.0365653 0.0283364
 0.00477214 0.00776404 0.0117134 0.0166069 0.0223237 0.0285567 0.0347919 0.0404395 0.0450611 0.0485107 0.0508961 0.0524368 0.0533542 0.0538406 0.0540623 0.0541545 0.0541953 0.0541705 0.0539322 0.0531604 0.0513679 0.0480111 0.0427349 0.0356566 0.0274865
 0.00491896 0.00798308 0.0120123 0.0169947 0.0228271 0.0292325 0.0357167 0.0416667 0.0465599 0.0501306 0.0523951 0.0535689 0.0539642 0.0539046 0.0536607 0.0534129 0.0532384 0.0531018 0.0528247 0.0520492 0.0502528 0.0468803 0.0415999 0.0345715 0.0265324
 0.00509354 0.00827203 0.012455 0.0176271 0.0236704 0.030281 0.0369331 0.0429934 0.0479425 0.0515302 0.0537705 0.0548413 0.0549999 0.0545446 0.0537834 0.052985 0.0523213 0.0518169 0.0513066 0.0504121 0.0485802 0.0452355 0.0400461 0.0331812 0.0253772
 0.00523936 0.00851797 0.0128424 0.018202 0.0244763 0.0313451 0.0382494 0.0445133 0.0495779 0.0531721 0.0553135 0.0561992 0.056103 0.0553228 0.0541542 0.0528663 0.0516658 0.0506426 0.0497013 0.0485103 0.046532 0.0431865 0.0381286 0.0315085 0.0240295
 0.005518 0.00895688 0.0134777 0.0190606 0.0255747 0.0326867 0.0398173 0.0462626 0.0514332 0.0550322 0.0570622 0.05772 0.0572948 0.0561085 0.0544781 0.0526846 0.0509439 0.0493689 0.0479108 0.046302 0.044066 0.0406609 0.0357469 0.0294427 0.0223898
 0.00580224 0.00941574 0.0141617 0.0200132 0.026823 0.0342272 0.0416042 0.0482068 0.0534192 0.0569437 0.0587993 0.0592024 0.0584538 0.0568806 0.0548047 0.0525143 0.0502364 0.048103 0.0461011 0.0440205 0.0414565 0.0379317 0.0331353 0.0271625 0.0205809
 0.00602694 0.0097902 0.0147426 0.0208598 0.0279858 0.0357297 0.0434224 0.0502604 0.055581 0.0590635 0.0607318 0.0608277 0.0596872 0.0576695 0.0551168 0.0523241 0.0495189 0.0468391 0.0442954 0.0417281 0.0388052 0.0351244 0.0304194 0.0247727 0.0186776
 0.0062632 0.0101706 0.0153096 0.0216535 0.0290409 0.0370675 0.0450393 0.0521168 0.0575972 0.061125 0.0627018 0.062565 0.0610661 0.0585957 0.0555327 0.0522024 0.0488493 0.0456206 0.0425434 0.0394958 0.0362101 0.0323578 0.0277236 0.0223852 0.0167671
 0.00650569 0.01057 0.0159197 0.0225273 0.0302188 0.0385612 0.0468151 0.0540926 0.0596571 0.063143 0.0645609 0.0641635 0.062316 0.0594218 0.0558755 0.0520217 0.0481254 0.0443533 0.0407556 0.0372476 0.0336184 0.0296067 0.0250458 0.020012 0.0148655
 0.00671337 0.0109252 0.0164874 0.0233791 0.0314193 0.0401425 0.0487525 0.0562935 0.0619727 0.0653975 0.0665845 0.0658176 0.0635066 0.0600987 0.0560209 0.0516356 0.0472154 0.0429334 0.0388553 0.0349294 0.0309975 0.0268598 0.0223937 0.0176727 0.0129957
 0.00690865 0.0112465 0.0169795 0.0240902 0.0323958 0.0414191 0.0503365 0.0581505 0.0640194 0.0675055 0.0685947 0.0675641 0.0648444 0.0609264 0.0562894 0.0513403 0.0463794 0.0415941 0.0370616 0.0327535 0.0285532 0.0243117 0.0199432 0.015517 0.0112754
 0.0070907 0.011542 0.0174237 0.0247168 0.0332325 0.0424798 0.0516126 0.0596066 0.0655967 0.0691288 0.0701772 0.069009 0.0660474 0.0617848 0.0567172 0.0512819 0.0458159 0.0405409 0.0355642 0.0308882 0.0264338 0.0220925 0.0178061 0.0136364 0.00977454
 0.00735378 0.0119678 0.0180605 0.0256065 0.0344008 0.0439211 0.0532763 0.061394 0.0673779 0.0707709 0.0715713 0.0700824 0.0667614 0.0621228 0.0566713 0.0508463 0.0449875 0.0393277 0.0339962 0.0290272 0.0243808 0.0199868 0.0158092 0.0118993 0.00840014
 0.00752666 0.0122416 0.0184599 0.026152 0.0351078 0.0447975 0.0543161 0.0625703 0.0686386 0.0720413 0.0727626 0.0711055 0.0675409 0.062607 0.0568328 0.0506749 0.0444829 0.0384965 0.0328578 0.0276258 0.0227957 0.0183333 0.0142239 0.0105111 0.0072976
 0.00763027 0.0124183 0.0187406 0.0265696 0.0356886 0.0455494 0.055218 0.0635723 0.0696735 0.073042 0.0736722 0.0718785 0.0681383 0.0629935 0.0569786 0.0505598 0.044098 0.0378447 0.0319554 0.0265085 0.0215263 0.017004 0.0129454 0.009389 0.00640511
 0.0076876 0.0125205 0.0189116 0.0268388 0.0360861 0.0460969 0.0559184 0.0644021 0.0705824 0.0739599 0.0745225 0.0725925 0.0686667 0.0633098 0.0570743 0.0504357 0.0437585 0.0372966 0.0312126 0.0255993 0.0205 0.0159332 0.0119174 0.00848771 0.00568867
 0.00775863 0.0126156 0.0190182 0.0269363 0.0361561 0.0461382 0.0559565 0.0644858 0.0707658 0.0742792 0.0749784 0.0731476 0.0692556 0.0638572 0.0575125 0.0507148 0.0438488 0.0371864 0.0309057 0.025116 0.0198804 0.0152371 0.0112177 0.00785562 0.00517599
 0.00790958 0.0128506 0.0193509 0.0273677 0.0366697 0.0466959 0.0564997 0.0649469 0.0710913 0.0744525 0.075027 0.0731269 0.0692198 0.0638343 0.0574963 0.0506742 0.043744 0.036984 0.0305878 0.0246843 0.0193577 0.0146652 0.0106508 0.00734736 0.00476559
 0.00790377 0.0128423 0.0193409 0.0273584 0.0366659 0.0467045 0.0565279 0.0649992 0.0711662 0.0745422 0.0751223 0.0732251 0.0693292 0.0639691 0.0576645 0.0508656 0.0439281 0.0371182 0.0306326 0.0246168 0.0191791 0.0144013 0.0103443 0.00704559 0.00450706
 0.00796959 0.0129409 0.0194736 0.0275207 0.0368485 0.0468954 0.0567145 0.0651689 0.0713077 0.0746462 0.0751828 0.0732401 0.0693026 0.0639121 0.0575942 0.0507988 0.0438727 0.0370671 0.0305659 0.0245116 0.0190223 0.0141971 0.0101143 0.00681971 0.00431263
 0.00813153 0.0131829 0.0197977 0.0279138 0.0372846 0.0473408 0.0571323 0.0655226 0.0715655 0.0747871 0.0752005 0.0731436 0.0691119 0.0636537 0.0572967 0.0504899 0.0435751 0.0367945 0.03032 0.0242844 0.0188028 0.0139801 0.00990419 0.00662908 0.00415489
 0.00820914 0.0132957 0.0199425 0.0280779 0.0374486 0.0474831 0.0572343 0.0655729 0.0715628 0.074741 0.0751296 0.0730684 0.0690476 0.0636058 0.057262 0.0504612 0.0435457 0.0367602 0.030278 0.0242314 0.0187351 0.0138967 0.00980945 0.00653266 0.00406821
 0.0082912 0.0134293 0.0201427 0.0283558 0.0378055 0.0479029 0.0576786 0.0659847 0.0718804 0.0749175 0.0751469 0.0729405 0.0688115 0.0633077 0.056944 0.0501533 0.0432647 0.036512 0.0300622 0.0240441 0.018572 0.0137538 0.0096853 0.00642815 0.0039853
 0.00828555 0.0134308 0.0201651 0.0284191 0.0379318 0.0481086 0.0579662 0.0663371 0.072261 0.0752757 0.075429 0.073103 0.0688337 0.0631968 0.0567305 0.0498798 0.042972 0.0362307 0.0298098 0.0238272 0.0183902 0.0136041 0.00956433 0.00633335 0.00391459
 0.00824376 0.0133653 0.0200721 0.0282994 0.0377936 0.0479708 0.0578585 0.0662953 0.0723155 0.075438 0.0756829 0.0734065 0.0691314 0.0634367 0.0568794 0.0499298 0.0429379 0.0361404 0.0296922 0.0237051 0.0182773 0.0135066 0.009484 0.00627005 0.00386736
 0.00820347 0.0132855 0.0199262 0.0280562 0.0374273 0.0474773 0.0572687 0.0656776 0.0717628 0.0750434 0.0755152 0.073492 0.0694481 0.0639214 0.057446 0.0504935 0.0434351 0.0365382 0.0299858 0.0239077 0.0184089 0.0135866 0.00952817 0.00629073 0.00387402
 0.0083234 0.0134667 0.0201715 0.0283547 0.0377517 0.0477835 0.0574997 0.0657751 0.0716865 0.074792 0.0751339 0.0730617 0.0690575 0.0636376 0.0572962 0.0504633 0.0434829 0.0366156 0.0300554 0.0239507 0.0184233 0.0135799 0.00951063 0.00627051 0.00385609
 0.00832408 0.0134731 0.0201908 0.028396 0.0378226 0.0478846 0.0576198 0.0658894 0.0717616 0.0747949 0.075045 0.0728853 0.0688253 0.0634011 0.0571093 0.0503626 0.0434761 0.0366823 0.0301601 0.0240583 0.0185107 0.0136388 0.00954346 0.00628494 0.00386001
 0.00818015 0.0132636 0.0199213 0.0280888 0.037512 0.0476084 0.0574107 0.0657698 0.0717394 0.0748612 0.0751745 0.0730425 0.0689767 0.0635275 0.057212 0.0504595 0.0435888 0.0368229 0.0303241 0.0242281 0.018665 0.0137622 0.00963071 0.00633968 0.00389051
 0.00815643 0.013221 0.0198509 0.0279823 0.0373678 0.0474372 0.0572393 0.0656356 0.0716772 0.0748877 0.0752803 0.0731959 0.0691366 0.0636585 0.057295 0.0504955 0.0435948 0.0368223 0.0303358 0.024259 0.0187101 0.0138105 0.00967226 0.00636936 0.00390843
 0.0080035 0.0129714 0.0194741 0.0274522 0.0366705 0.0465846 0.0562813 0.0646633 0.0708101 0.0742473 0.0749596 0.0732357 0.0695154 0.0643007 0.0580944 0.0513448 0.0444099 0.0375525 0.0309601 0.0247754 0.0191241 0.0141294 0.00990486 0.00652756 0.00400747
 0.00789878 0.0128136 0.0192588 0.0271804 0.0363451 0.0462048 0.0558425 0.0641636 0.0702627 0.0736904 0.0744581 0.0728689 0.0693546 0.0643849 0.0584159 0.0518514 0.0450225 0.0381896 0.0315573 0.0252934 0.0195464 0.0144552 0.0101421 0.00668932 0.00410963
 0.00774934 0.0125712 0.0188965 0.0266771 0.0356938 0.0454235 0.0549808 0.0632984 0.0694791 0.0730592 0.0740226 0.0726484 0.0693562 0.064611 0.0588606 0.0524896 0.0458034 0.0390411 0.0324006 0.0260607 0.0201929 0.0149621 0.0105126 0.00694122 0.00426808
 0.00768169 0.0124525 0.0187015 0.0263764 0.0352598 0.0448411 0.0542591 0.0624778 0.0686289 0.0722657 0.0733717 0.072208 0.0691651 0.064677 0.0591673 0.0530047 0.0464823 0.0398265 0.0332249 0.026854 0.0208956 0.0155357 0.0109442 0.00724015 0.00445822
 0.00765271 0.0124127 0.0186538 0.0263247 0.0352035 0.0447678 0.0541421 0.0622814 0.0683233 0.0718442 0.0728616 0.0716686 0.0686734 0.064308 0.0589757 0.0530157 0.0466907 0.0402008 0.033714 0.0273952 0.0214257 0.0160028 0.0113168 0.00750976 0.00463521
 0.00772152 0.0125003 0.0187416 0.0263823 0.0351984 0.0446809 0.0539767 0.0620598 0.0680718 0.0715775 0.0725783 0.0713622 0.0683491 0.063993 0.0587164 0.0528628 0.046681 0.0403451 0.0339933 0.0277667 0.0218336 0.0163927 0.0116476 0.00776102 0.00480652
 0.00785972 0.0127107 0.0190298 0.0267397 0.0355992 0.0450812 0.0543183 0.062281 0.0681256 0.071449 0.0722886 0.0709564 0.0678772 0.0634985 0.0582369 0.0524359 0.0463458 0.040134 0.0339211 0.0278226 0.021984 0.016591 0.0118486 0.00793226 0.00493304
 0.00784963 0.012704 0.0190374 0.0267768 0.0356808 0.0452134 0.0544914 0.0624677 0.0682861 0.0715423 0.0722856 0.0708488 0.0676794 0.0632413 0.0579572 0.0521691 0.0461225 0.0399798 0.0338536 0.0278459 0.0220848 0.0167409 0.0120128 0.00808066 0.00504804
 0.00779064 0.0126328 0.0189761 0.0267617 0.0357534 0.0454052 0.0548092 0.0628876 0.0687568 0.0719951 0.072649 0.0710633 0.0677114 0.0630908 0.057657 0.0517739 0.0456951 0.0395779 0.0335212 0.0276088 0.0219484 0.0166915 0.0120241 0.00812272 0.0050963
 0.0078068 0.0126419 0.0189602 0.0266986 0.0356288 0.0452291 0.0546246 0.0627617 0.0687552 0.0721509 0.0729444 0.0714351 0.0680742 0.0633663 0.0577962 0.0517669 0.0455673 0.0393774 0.0333023 0.0274175 0.0218126 0.0166185 0.0120039 0.0081362 0.00512366
 0.00783495 0.0126816 0.0190075 0.026743 0.0356526 0.0452095 0.0545399 0.0626031 0.0685387 0.0719231 0.0727715 0.071376 0.0681522 0.0635564 0.0580364 0.0519861 0.0457139 0.0394341 0.0332846 0.0273594 0.0217497 0.0165748 0.0119875 0.00814222 0.00514144
 0.00766821 0.0124463 0.018719 0.0264375 0.0353751 0.0449957 0.0544023 0.0625281 0.0684983 0.0718916 0.072741 0.0713627 0.0681893 0.0636753 0.0582465 0.052265 0.0460147 0.0397068 0.033496 0.0275022 0.0218374 0.0166291 0.0120265 0.00817525 0.00517023
 0.00763784 0.012393 0.0186335 0.0263134 0.0352163 0.0448237 0.0542571 0.0624574 0.0685342 0.0720301 0.0729387 0.0715567 0.0683285 0.0637434 0.0582623 0.0522635 0.0460231 0.0397313 0.0335257 0.0275225 0.0218414 0.0166203 0.0120137 0.00816577 0.00516673
 0.00760583 0.0123323 0.018526 0.0261372 0.0349515 0.044462 0.0538129 0.0619735 0.0680777 0.0716777 0.0727537 0.0715671 0.0685168 0.0640555 0.0586318 0.0526366 0.0463703 0.0400423 0.0337975 0.0277515 0.0220237 0.0167558 0.0121077 0.00822745 0.00520557
 0.00760548 0.0123345 0.0185337 0.0261518 0.0349693 0.0444702 0.053788 0.0618875 0.0679111 0.0714337 0.0724656 0.0712911 0.0683129 0.0639647 0.0586621 0.0527647 0.0465563 0.0402474 0.0339941 0.0279241 0.0221653 0.0168644 0.0121854 0.00827911 0.00523768
 0.00768077 0.0124333 0.0186391 0.026235 0.0349984 0.0444243 0.0536668 0.0617093 0.0677016 0.0712128 0.0722438 0.0710758 0.0681188 0.0638169 0.0585883 0.0527818 0.0466609 0.0404164 0.0341944 0.0281242 0.0223427 0.0170076 0.0122916 0.00835177 0.00528357
 0.00769847 0.012473 0.0187173 0.026369 0.0351966 0.0446732 0.0539254 0.0619171 0.0678014 0.0711751 0.0720767 0.0708171 0.0678168 0.0635158 0.058323 0.0525782 0.0465348 0.0403706 0.0342169 0.0281924 0.0224308 0.0170942 0.0123636 0.00840449 0.00531816
 0.00760878 0.0123468 0.0185646 0.0262138 0.0350731 0.0446169 0.0539625 0.0620544 0.0680191 0.0714275 0.0723036 0.0709644 0.0678567 0.0634545 0.0581936 0.0524248 0.0463976 0.0402769 0.0341776 0.028203 0.022476 0.0171548 0.0124232 0.00845308 0.00535237
 0.00751287 0.0122052 0.0183789 0.0259972 0.0348497 0.0444194 0.0538275 0.0620167 0.0681019 0.071631 0.0725986 0.0712958 0.0681585 0.0636713 0.0582981 0.0524236 0.0463237 0.0401735 0.0340825 0.0281389 0.0224484 0.0171566 0.0124416 0.00847611 0.00537241
 0.00712297 0.0115732 0.0174345 0.0246854 0.0331529 0.0423877 0.0516037 0.0598331 0.0662369 0.0703399 0.0720478 0.0715278 0.0690922 0.0651323 0.0600667 0.0542873 0.0481165 0.0417926 0.0354816 0.0293085 0.0233968 0.017898 0.0129941 0.00886324 0.00562429
 0.00700195 0.0113462 0.017036 0.0240334 0.0321652 0.0410114 0.049848 0.0577906 0.0640842 0.0683148 0.0704095 0.0705044 0.068828 0.0656507 0.0612663 0.0559723 0.0500514 0.0437572 0.0373093 0.0308982 0.0247041 0.0189185 0.0137484 0.00938719 0.00596296
 0.00712154 0.0115238 0.0172687 0.0242981 0.0324127 0.0411627 0.0497985 0.057429 0.0633283 0.0671546 0.0689366 0.0689088 0.0673591 0.0645538 0.0607158 0.0560267 0.0506456 0.0447344 0.0384751 0.0320743 0.0257617 0.0197873 0.0144077 0.00985087 0.00626443
 0.00728864 0.0117962 0.0176784 0.0248707 0.0331561 0.0420503 0.0507533 0.0583201 0.0639878 0.0674152 0.0686782 0.0681016 0.0660883 0.0630131 0.0591639 0.0547176 0.0497579 0.0443291 0.0384971 0.0323922 0.0262232 0.0202644 0.0148191 0.0101622 0.00647548
 0.00722047 0.0117189 0.0176249 0.0248942 0.0333186 0.0424018 0.0513109 0.0590542 0.06482 0.0682244 0.0693176 0.0684265 0.065995 0.0624784 0.0582677 0.0536316 0.0486973 0.0434854 0.0379805 0.0322102 0.0263005 0.020488 0.015084 0.010398 0.00665103
#obs surv len freq
 nan nan nan nan nan nan nan nan nan nan nan nan nan nan nan nan nan nan nan nan nan nan nan nan nan
 0.0044791 0.00733798 0.0111658 0.0159809 0.0216816 0.0279582 0.0342742 0.0400076 0.0446893 0.048155 0.0505146 0.052012 0.0529056 0.0534191 0.0537343 0.0539899 0.054269 0.0545621 0.054701 0.054293 0.0527309 0.0493627 0.0438117 0.0362908 0.0276734
 0.0046133 0.00755639 0.0114947 0.016444 0.0222945 0.0287199 0.0351579 0.0409581 0.04563 0.0490021 0.0511929 0.052466 0.0531061 0.0533637 0.0534438 0.0535006 0.0536237 0.0538033 0.0538674 0.0534213 0.0518595 0.0485342 0.0430705 0.0356742 0.0272021
 0.00478026 0.00782943 0.0119085 0.0170317 0.0230808 0.0297105 0.0363281 0.0422485 0.0469531 0.0502571 0.052281 0.0533019 0.0536255 0.0535294 0.0532482 0.0529649 0.0527918 0.0527333 0.0526247 0.0520754 0.0504853 0.0472116 0.041879 0.0346795 0.0264405
 0.00496429 0.00813221 0.0123709 0.0176943 0.023976 0.03085 0.0376902 0.0437727 0.0485471 0.0518129 0.05369 0.0544652 0.0544594 0.0539695 0.0532551 0.0525276 0.05193 0.0514957 0.0510858 0.0503311 0.0486497 0.045411 0.0402381 0.0333005 0.0253806
 0.00518093 0.00848627 0.0129074 0.0184566 0.0249984 0.0321448 0.0392341 0.0455015 0.0503631 0.0536017 0.055337 0.0558655 0.0555223 0.0546205 0.0534374 0.0522062 0.0510965 0.0501745 0.0493393 0.0482633 0.0464037 0.0431582 0.0381545 0.0315325 0.0240138
 0.00540569 0.00885324 0.0134628 0.019245 0.0260546 0.0334815 0.0408284 0.0472895 0.0522483 0.0554725 0.0570825 0.0573844 0.0567252 0.0554294 0.0537864 0.052043 0.0503879 0.0489164 0.0475694 0.0460737 0.0439456 0.0406311 0.0357749 0.0294883 0.0224202
 0.00564752 0.00925008 0.0140669 0.020107 0.0272138 0.03495 0.0425754 0.0492364 0.054281 0.0574641 0.0589145 0.058957 0.0579578 0.0562569 0.0541534 0.0519012 0.0496982 0.0476579 0.0457577 0.0437818 0.0413185 0.0378807 0.0331459 0.0272032 0.0206233
 0.00589958 0.00966147 0.0146892 0.0209897 0.0283954 0.0364436 0.0443532 0.0512236 0.0563645 0.0595134 0.0608025 0.0605742 0.0592175 0.0570945 0.0545212 0.0517613 0.0490184 0.0464163 0.043959 0.0414824 0.0386494 0.0350495 0.030407 0.0247977 0.0187156
 0.00613465 0.0100505 0.0152872 0.0218522 0.0295668 0.0379398 0.0461441 0.0532272 0.0584606 0.0615674 0.0626874 0.0621828 0.0604651 0.0579178 0.0548743 0.0516109 0.0483391 0.0451918 0.0421938 0.0392253 0.0360183 0.0322402 0.0276684 0.0223742 0.0167802
 0.00636268 0.0104262 0.0158623 0.0226785 0.0306871 0.039372 0.0478651 0.0551652 0.0605038 0.0635837 0.0645462 0.0637696 0.0616899 0.0587161 0.0552038 0.0514451 0.0476606 0.0439919 0.0404815 0.0370474 0.0334836 0.0295303 0.0250182 0.0200188 0.0148905
 0.00661835 0.0108394 0.0164797 0.0235421 0.0318269 0.0407943 0.0495393 0.0570194 0.0624328 0.065468 0.0662696 0.0652304 0.0628058 0.0594256 0.0554655 0.051234 0.0469642 0.0428078 0.0388241 0.0349643 0.0310768 0.0269668 0.0225137 0.0177913 0.0130998
 0.00683471 0.0111996 0.0170368 0.0243496 0.0329259 0.0421947 0.0512024 0.0588547 0.0643148 0.0672646 0.0678663 0.0665404 0.0637685 0.0600004 0.055626 0.0509639 0.0462547 0.0416594 0.0372528 0.0330165 0.0288466 0.0246052 0.0202143 0.015749 0.0114584
 0.00707183 0.0115834 0.0176116 0.025156 0.033994 0.043532 0.0527803 0.0606014 0.0661213 0.0690026 0.0694095 0.0677836 0.0646382 0.0604575 0.0556596 0.0505803 0.0454673 0.0404847 0.0357159 0.0311648 0.0267667 0.0224313 0.0181161 0.013896 0.00997412
 0.00727564 0.0119222 0.0181347 0.0259123 0.0350202 0.0448352 0.0543213 0.0622924 0.0678417 0.0706251 0.0708224 0.0689003 0.0653982 0.0608247 0.0556207 0.0501419 0.0446501 0.039318 0.0342376 0.0294289 0.0248561 0.0204649 0.0162394 0.0122519 0.00866438
 0.00742577 0.0121686 0.0185105 0.0264512 0.0357515 0.0457747 0.0554606 0.0635905 0.0692267 0.0720035 0.0720927 0.0699674 0.0661851 0.0612793 0.0557164 0.0498738 0.0440305 0.0383725 0.033005 0.027965 0.0232409 0.0188053 0.0146605 0.0108731 0.00756904
 0.0075222 0.0123257 0.018748 0.0267886 0.0362058 0.046356 0.0561674 0.0644069 0.0701232 0.0729398 0.0730198 0.0708285 0.0669176 0.0618203 0.0560116 0.0498851 0.0437401 0.037784 0.0321432 0.0268773 0.0219993 0.0175054 0.0134115 0.00977681 0.00669589
 0.00759984 0.0124489 0.0189279 0.027034 0.0365224 0.0467452 0.0566244 0.0649202 0.0706766 0.0735151 0.0735984 0.0713897 0.0674347 0.062258 0.0563267 0.0500314 0.0436777 0.0374879 0.0316112 0.026135 0.0211016 0.0165324 0.0124568 0.00892854 0.00601547
 0.00765992 0.0125405 0.0190545 0.0271953 0.0367152 0.0469651 0.0568669 0.0651815 0.0709538 0.0738067 0.0739039 0.0717073 0.0677582 0.0625724 0.0566059 0.0502389 0.0437707 0.037427 0.0313708 0.0257144 0.0205302 0.0158687 0.0117768 0.00830728 0.00550821
 0.00770751 0.0126145 0.0191595 0.0273325 0.0368821 0.0471544 0.0570668 0.0653778 0.0711337 0.0739645 0.0740427 0.0718373 0.0678909 0.0627143 0.0567527 0.0503734 0.0438638 0.0374425 0.0312759 0.0254904 0.0201835 0.0154331 0.0113068 0.00786281 0.00513664
 0.00776596 0.0127001 0.0192709 0.0274625 0.03702 0.0472896 0.0571915 0.0654874 0.0712262 0.0740392 0.0741013 0.071884 0.0679332 0.0627606 0.0568087 0.0504371 0.0439226 0.0374734 0.0312505 0.0253853 0.0199905 0.015166 0.0109997 0.00755912 0.00487456
 0.00782212 0.0127869 0.0193926 0.027619 0.0372048 0.0474897 0.0573872 0.0656555 0.0713464 0.0741011 0.0741076 0.0718485 0.0678742 0.0626957 0.0567509 0.050393 0.0438907 0.0374434 0.0312047 0.0253041 0.0198609 0.0149891 0.0107927 0.00734944 0.0046895
 0.0078568 0.0128414 0.019471 0.0277233 0.0373347 0.0476411 0.0575509 0.0658173 0.0714886 0.0742069 0.0741649 0.0718542 0.0678345 0.0626244 0.0566648 0.050307 0.0438139 0.0373764 0.0311403 0.02523 0.0197657 0.0148687 0.0106538 0.00720743 0.00456208
 0.00788492 0.012882 0.0195227 0.0277821 0.0373951 0.0476989 0.057605 0.0658691 0.0715402 0.0742583 0.0742131 0.0718928 0.067857 0.0626263 0.0566466 0.0502739 0.0437731 0.0373337 0.0310968 0.0251818 0.0197066 0.0147952 0.0105678 0.00711759 0.0044794
 0.0078956 0.0128994 0.0195486 0.0278175 0.0374394 0.0477487 0.0576541 0.0659101 0.0715676 0.0742714 0.0742163 0.0718931 0.0678592 0.062631 0.0566505 0.0502728 0.0437645 0.0373174 0.0310737 0.0251521 0.019669 0.0147484 0.0105134 0.00706027 0.00442593
 0.00790559 0.0129095 0.0195528 0.0278071 0.0374062 0.0476896 0.0575742 0.0658222 0.0714876 0.0742126 0.0741861 0.0718929 0.0678868 0.0626818 0.056718 0.0503487 0.0438399 0.0373846 0.0311272 0.0251887 0.0196878 0.0147502 0.0105009 0.00703831 0.00440061
 0.00786847 0.0128541 0.0194783 0.0277153 0.0373002 0.0475719 0.0574467 0.0656881 0.0713543 0.0740934 0.0740984 0.0718527 0.067903 0.0627536 0.0568354 0.0504963 0.0440004 0.037542 0.0312688 0.0253058 0.0197761 0.0148093 0.0105343 0.00705183 0.0044014
 0.00789263 0.012882 0.0194997 0.0277145 0.0372613 0.0474864 0.0573191 0.0655347 0.0711971 0.0739515 0.073984 0.0717724 0.0678612 0.0627538 0.0568788 0.0505791 0.0441132 0.037671 0.0313988 0.0254238 0.0198728 0.0148807 0.0105809 0.00707776 0.00441268
 0.0078898 0.01288 0.0195007 0.0277204 0.0372706 0.0474917 0.0573065 0.0654884 0.0711072 0.0738219 0.0738332 0.071627 0.0677462 0.0626852 0.0568624 0.0506123 0.0441877 0.0377746 0.031517 0.0255418 0.0199781 0.0149651 0.0106415 0.00711643 0.00443418
 0.00786026 0.0128315 0.0194275 0.0276179 0.0371382 0.0473353 0.0571391 0.0653279 0.0709702 0.0737174 0.0737618 0.0715851 0.0677322 0.0627021 0.0569152 0.0507037 0.0443146 0.0379279 0.0316834 0.0257062 0.0201269 0.0150883 0.0107344 0.00717994 0.00447326
 0.00784922 0.0128112 0.0193926 0.0275619 0.037055 0.0472213 0.0569967 0.0651663 0.0708053 0.0735677 0.0736441 0.0715102 0.0677028 0.0627151 0.056965 0.0507853 0.0444241 0.0380604 0.0318308 0.0258574 0.0202693 0.0152111 0.0108309 0.00724879 0.00451757
 0.00784361 0.0127965 0.0193602 0.0275005 0.0369536 0.047074 0.0568067 0.0649474 0.0705786 0.0733577 0.0734733 0.071396 0.0676551 0.062735 0.0570458 0.0509147 0.0445878 0.0382447 0.0320232 0.026046 0.0204429 0.0153599 0.0109488 0.00733422 0.00457387
 0.00781986 0.0127613 0.019313 0.0274422 0.0368844 0.046992 0.0567072 0.0648253 0.0704327 0.0731946 0.0733083 0.0712502 0.0675497 0.0626858 0.0570595 0.0509887 0.0447117 0.0384037 0.0322008 0.0262266 0.0206125 0.0155077 0.0110676 0.0074219 0.00463279
 0.0077766 0.0126907 0.0192069 0.0272942 0.0366926 0.0467626 0.0564565 0.0645777 0.0702138 0.0730231 0.0731925 0.0711899 0.0675419 0.0627285 0.0571522 0.0511298 0.0448954 0.0386189 0.0324323 0.0264571 0.0208261 0.0156915 0.0112143 0.00752964 0.0047052
 0.00773907 0.0126276 0.019108 0.027149 0.0364932 0.0465078 0.0561564 0.0642547 0.0699 0.0727532 0.0729958 0.071084 0.0675303 0.0628032 0.0572983 0.051331 0.0451364 0.0388852 0.0327088 0.0267279 0.0210751 0.0159055 0.0113849 0.0076551 0.00478967
 0.00771523 0.0125887 0.0190492 0.0270651 0.036379 0.0463594 0.0559724 0.0640388 0.0696624 0.0725113 0.0727727 0.070905 0.0674179 0.0627711 0.057349 0.0514562 0.0453207 0.0391099 0.0329549 0.0269766 0.0213092 0.0161106 0.0115512 0.00777916 0.00487427
 0.00768499 0.0125389 0.0189731 0.0269565 0.0362338 0.0461779 0.0557613 0.0638111 0.0694344 0.0722992 0.0725902 0.0707635 0.0673279 0.0627424 0.0573886 0.0515653 0.0454927 0.0393306 0.0332049 0.0272348 0.0215552 0.0163276 0.0117281 0.00791182 0.00496517
 0.00765536 0.012492 0.0189049 0.0268637 0.0361145 0.0460322 0.0555923 0.0636257 0.0692434 0.0721157 0.0724277 0.0706342 0.067241 0.0627045 0.0574045 0.0516371 0.0456192 0.0395053 0.0334151 0.0274627 0.0217808 0.0165325 0.0118987 0.00804175 0.0050553
 0.0076549 0.0124887 0.0188952 0.0268427 0.0360771 0.0459744 0.0555131 0.0635273 0.0691304 0.0719937 0.0723031 0.0705142 0.0671344 0.0626209 0.0573534 0.0516266 0.0456542 0.0395863 0.0335367 0.0276133 0.0219444 0.0166914 0.0120379 0.00815183 0.00513389
 0.00762118 0.0124406 0.0188351 0.0267764 0.0360118 0.0459151 0.0554603 0.0634773 0.0690781 0.0719358 0.0722398 0.0704492 0.0670732 0.0625702 0.0573198 0.051617 0.0456747 0.0396405 0.0336241 0.0277279 0.022075 0.0168237 0.0121579 0.00824964 0.00520541
 0.00761115 0.0124226 0.0188052 0.0267311 0.0359497 0.0458396 0.0553806 0.063406 0.0690261 0.0719072 0.0722297 0.0704473 0.0670695 0.06256 0.057305 0.0516043 0.045673 0.039658 0.0336658 0.0277939 0.0221595 0.0169166 0.0122477 0.00832639 0.00526375
 0.00759554 0.0123994 0.0187741 0.0266928 0.0359052 0.0457893 0.0553244 0.0633449 0.0689637 0.0718503 0.0721866 0.0704237 0.067066 0.0625713 0.0573239 0.0516255 0.0456958 0.0396859 0.0337039 0.0278454 0.0222238 0.0169883 0.0123188 0.00838895 0.00531258
 0.00757534 0.0123665 0.0187248 0.0266242 0.0358165 0.0456834 0.055209 0.0632314 0.0688642 0.0717745 0.0721398 0.0704073 0.0670788 0.0626101 0.057383 0.0516979 0.0457743 0.0397657 0.0337832 0.0279245 0.0223028 0.0170653 0.0123897 0.00844907 0.00535879
 0.0075547 0.0123336 0.0186765 0.026558 0.0357311 0.0455795 0.0550904 0.0631056 0.0687421 0.0716685 0.0720612 0.0703641 0.0670742 0.0626423 0.0574465 0.0517847 0.0458756 0.039873 0.03389 0.0280266 0.0223973 0.0171503 0.0124628 0.00850829 0.00540306
 0.00754421 0.0123148 0.018645 0.0265089 0.0356601 0.0454852 0.0549757 0.0629785 0.0686138 0.0715507 0.0719648 0.0702977 0.0670435 0.0626497 0.0574909 0.0518609 0.0459755 0.0399871 0.0340089 0.0281421 0.0225036 0.0172432 0.0125399 0.00856846 0.00544667
 0.00753793 0.0123055 0.0186324 0.0264928 0.0356398 0.0454586 0.0549395 0.0629288 0.0685488 0.0714723 0.0718792 0.0702146 0.0669736 0.0626027 0.0574731 0.0518746 0.0460189 0.0400545 0.034092 0.028232 0.0225918 0.0173232 0.0126073 0.00862119 0.00548476
 0.00750597 0.0122587 0.0185715 0.026422 0.0355656 0.0453878 0.0548775 0.0628786 0.0685103 0.0714433 0.071856 0.0701943 0.0669562 0.0625915 0.0574736 0.0518926 0.0460578 0.0401141 0.0341682 0.0283178 0.0226789 0.0174039 0.0126759 0.00867474 0.00552307
 0.00750017 0.0122454 0.0185447 0.0263748 0.0354926 0.0452897 0.0547631 0.062764 0.0684136 0.0713775 0.0718252 0.0701936 0.0669759 0.0626222 0.05751 0.0519338 0.046106 0.0401722 0.0342369 0.0283944 0.0227581 0.0174789 0.012741 0.00872618 0.00556009
 0.0075145 0.0122681 0.0185773 0.026417 0.0355415 0.0453382 0.0548005 0.0627783 0.0683968 0.0713298 0.0717557 0.0701166 0.0669046 0.062564 0.0574664 0.0519033 0.0460873 0.0401653 0.0342428 0.028413 0.0227872 0.017514 0.0127764 0.00875733 0.00558423
 0.00751155 0.0122657 0.0185782 0.0264251 0.035561 0.0453712 0.0548456 0.0628293 0.0684435 0.0713607 0.0717619 0.070095 0.0668594 0.0625051 0.0574054 0.0518494 0.0460456 0.0401375 0.0342289 0.0284122 0.0227974 0.0175321 0.0127981 0.00877851 0.00560182
 0.00751155 0.0122657 0.0185782 0.0264251 0.035561 0.0453712 0.0548456 0.0628293 0.0684435 0.0713607 0.0717619 0.070095 0.0668594 0.0625051 0.0574054 0.0518494 0.0460456 0.0401375 0.0342289 0.0284122 0.0227974 0.0175321 0.0127981 0.00877851 0.00560182
 0.00710745 0.0116236 0.0176428 0.0251634 0.0339785 0.0435325 0.0528892 0.0609598 0.0668901 0.070318 0.07134 0.0703024 0.0676173 0.0636801 0.0588444 0.0534081 0.0476049 0.0416092 0.0355535 0.0295541 0.0237399 0.0182736 0.0133504 0.00916436 0.00585241
 0.00703235 0.0114602 0.0173208 0.0245929 0.0330731 0.0422467 0.0512537 0.0590944 0.0649867 0.0686004 0.0700189 0.0695354 0.0674819 0.064163 0.059851 0.0547896 0.0491928 0.0432464 0.0371134 0.0309478 0.0249149 0.0192088 0.0140505 0.00965424 0.00617031
 0.00709472 0.0115616 0.0174691 0.0247842 0.0332786 0.0423998 0.0512488 0.0588101 0.0643321 0.0675664 0.0687049 0.0681329 0.0662221 0.0632515 0.0594165 0.0548604 0.0497045 0.044072 0.0381024 0.0319606 0.0258446 0.0199891 0.0146542 0.0100852 0.00645343
 0.00711445 0.0116078 0.0175644 0.0249575 0.0335558 0.0427883 0.0517206 0.0592916 0.0647088 0.0677062 0.0684975 0.067536 0.0652926 0.0621435 0.0583394 0.054014 0.0492198 0.0439813 0.0383476 0.0324276 0.0264053 0.020536 0.0151175 0.0104351 0.00669142
 0.00707333 0.0115507 0.0174978 0.0248963 0.0335235 0.042814 0.0518331 0.0595092 0.0650251 0.0680771 0.0688381 0.0677363 0.0652537 0.0618213 0.0577746 0.053329 0.048578 0.0435286 0.0381623 0.0325039 0.0266713 0.0208919 0.015473 0.0107317 0.00690641
#pred catch len freq
 0.00318051 0.00515775 0.00777285 0.0110682 0.0150858 0.0198217 0.0251646 0.0308815 0.0366629 0.0421856 0.0471609 0.0513737 0.0547118 0.0571708 0.0588285 0.0598101 0.0602622 0.0603198 0.0600339 0.0592568 0.0575544 0.0542766 0.0488609 0.0412519 0.0321461
 0.00343402 0.00550776 0.00818726 0.0114851 0.015439 0.0200765 0.0253382 0.0310302 0.0368394 0.0423962 0.0473532 0.0514655 0.054643 0.0569466 0.0585273 0.0595524 0.0601538 0.0603952 0.0602277 0.0594219 0.057526 0.0539526 0.0482531 0.0404785 0.0313697
 0.00351919 0.00568263 0.00851275 0.0120273 0.0162376 0.0211054 0.026485 0.0321212 0.0377081 0.042952 0.0476034 0.0514766 0.0544807 0.0566431 0.0580964 0.0590256 0.0595951 0.059876 0.0597799 0.0590084 0.0570574 0.0533451 0.047489 0.0396255 0.0305467
 0.00366691 0.00590609 0.00882346 0.0124391 0.0167808 0.0218362 0.0274739 0.0334108 0.0392566 0.0446024 0.049114 0.0526078 0.0550845 0.0567 0.0576869 0.0582726 0.0586213 0.0587854 0.0586479 0.057871 0.055912 0.0521757 0.0463051 0.0384838 0.0295357
 0.0038343 0.00617718 0.0092287 0.0130043 0.0175215 0.022752 0.0285482 0.0346197 0.040581 0.046026 0.0505963 0.0540476 0.0563121 0.0575199 0.0579513 0.0579373 0.0577504 0.0575107 0.0571162 0.0562059 0.0542022 0.0504867 0.044701 0.0370403 0.0283294
 0.00400613 0.00645677 0.00965121 0.013606 0.0183364 0.0238044 0.02984 0.0361191 0.0422199 0.0477108 0.0522267 0.0555315 0.0575649 0.05845 0.0584521 0.0579053 0.0571246 0.0563071 0.0554308 0.0541873 0.0520162 0.0482925 0.0426427 0.0352409 0.0268766
 0.00425834 0.00685146 0.0102183 0.0143677 0.0193097 0.0250018 0.0312652 0.0377565 0.0440236 0.0495991 0.0540858 0.0572308 0.0589778 0.0594704 0.058997 0.0579082 0.0565339 0.0551017 0.0536452 0.051929 0.04946 0.0456544 0.0401429 0.0330656 0.0251455
 0.00452466 0.00727583 0.0108415 0.0152234 0.0204203 0.0263725 0.0328754 0.0395557 0.0459366 0.0515363 0.0559516 0.058926 0.0604009 0.0605212 0.0595836 0.0579536 0.0559806 0.053919 0.0518456 0.0495906 0.0467408 0.0427828 0.0373791 0.0306434 0.023219
 0.00475363 0.00764878 0.0114053 0.0160254 0.0215031 0.0277632 0.0345708 0.0415101 0.0480595 0.0537023 0.058019 0.0607586 0.0618844 0.0615696 0.0601343 0.0579568 0.0553935 0.0527114 0.0500186 0.0472037 0.0439356 0.0397841 0.034461 0.028066 0.0211613
 0.00500803 0.00805195 0.0119946 0.0168337 0.0225597 0.0290915 0.0361799 0.0433816 0.0501359 0.0558826 0.0601652 0.0627132 0.0634962 0.0627163 0.0607337 0.0579626 0.0547829 0.0514763 0.0481723 0.0448047 0.0411151 0.0367566 0.0314983 0.025435 0.0190522
 0.0052883 0.00850136 0.0126599 0.017756 0.0237689 0.0305978 0.0379625 0.045383 0.0522664 0.0580323 0.0622153 0.0645432 0.0649888 0.0637653 0.0612531 0.0578934 0.0540944 0.0501638 0.0462598 0.0423593 0.0382688 0.0337173 0.028529 0.0227971 0.0169349
 0.00552853 0.00889743 0.0132674 0.0186331 0.0249685 0.032152 0.0398635 0.0475689 0.0546209 0.0603994 0.0644239 0.0664341 0.0664359 0.0646846 0.0615985 0.0576445 0.0532459 0.0487237 0.0442581 0.0398659 0.0354143 0.0307018 0.0256024 0.0202069 0.0148598
 0.00573992 0.00923834 0.0137776 0.0193535 0.0259411 0.0334149 0.0414388 0.0494457 0.0567399 0.0626457 0.0666353 0.0684245 0.06803 0.0657488 0.0620561 0.0574716 0.0524552 0.047349 0.0423508 0.0375066 0.0327321 0.0278843 0.0228793 0.0178033 0.0129373
 0.0059813 0.00961988 0.0143324 0.0201078 0.0269129 0.0346119 0.0428528 0.0510477 0.0584785 0.064449 0.0684115 0.0700636 0.0694084 0.0667436 0.0625636 0.0574243 0.0518289 0.0461598 0.0406502 0.0353816 0.0303133 0.0253489 0.0204359 0.0156521 0.01122
 0.00621169 0.00999016 0.0148823 0.0208726 0.0279189 0.0358674 0.044337 0.0527037 0.0602168 0.0661609 0.069987 0.0714053 0.0704389 0.0674044 0.0628105 0.0572237 0.0511599 0.0450225 0.039075 0.033439 0.0281199 0.0230659 0.0182498 0.013738 0.00969874
 0.00638875 0.010268 0.0152832 0.0214144 0.0286165 0.0367332 0.0453761 0.0539046 0.061542 0.067543 0.0713331 0.0726114 0.0714088 0.0680645 0.0631143 0.0571471 0.0506934 0.0441683 0.037853 0.0318996 0.026355 0.0212093 0.0164602 0.0121654 0.00844665
 0.00651432 0.0104741 0.015597 0.0218624 0.0292195 0.0374985 0.0462903 0.0549318 0.0626299 0.0686327 0.0723659 0.0735298 0.0721557 0.0685854 0.0633636 0.0570934 0.0503217 0.0434793 0.0368647 0.0306534 0.0249241 0.0197009 0.0150034 0.0108833 0.00742502
 0.00654777 0.0105376 0.0157104 0.0220531 0.0295196 0.0379386 0.04689 0.0556899 0.0635175 0.0695928 0.0733216 0.0743995 0.0728691 0.0690928 0.0636352 0.0571134 0.050083 0.0429827 0.0361231 0.0296987 0.0238144 0.018522 0.0138585 0.00987179 0.00661682
 0.00663317 0.0106569 0.0158551 0.0222059 0.0296641 0.0380721 0.0470321 0.0558797 0.0637994 0.0699963 0.0738454 0.075007 0.0734963 0.0696641 0.0640806 0.0573797 0.0501377 0.0428123 0.0357314 0.0291086 0.0230717 0.0176955 0.0130323 0.00912788 0.00601476
 0.00671248 0.0107813 0.0160327 0.0224384 0.0299435 0.0383779 0.0473327 0.056141 0.0639998 0.07014 0.0739637 0.0751423 0.0736784 0.0698922 0.064321 0.0575784 0.050238 0.0427703 0.0355246 0.0287396 0.0225689 0.0171104 0.0124313 0.00857718 0.00556375
 0.00672674 0.0108034 0.0160644 0.0224814 0.0299998 0.0384502 0.0474226 0.0562466 0.0641133 0.0702495 0.0740597 0.0752263 0.0737656 0.0700045 0.0644718 0.0577583 0.050413 0.0428919 0.0355471 0.0286364 0.0223413 0.0167879 0.0120631 0.00821777 0.00525738
 0.00679665 0.0109082 0.0162055 0.0226541 0.0301948 0.0386556 0.0476261 0.0564358 0.0642764 0.0703759 0.0741409 0.0752577 0.0737493 0.0699518 0.0644014 0.05769 0.0503559 0.0428381 0.0354738 0.0285172 0.0221609 0.0165516 0.011796 0.00795515 0.00503111
