SBPRF35
12.7214
Curr Bio
910266
B35
897474
F35
0.172018
FOFL
0.172018
OFL
127224
Bzero
3.63469e+06
#pred survey bio
 3.56914e+06 3.43634e+06 3.32746e+06 3.16624e+06 2.97635e+06 2.77492e+06 2.54035e+06 2.28092e+06 2.04386e+06 1.8014e+06 1.60785e+06 1.39723e+06 1.24455e+06 1.11837e+06 1.01448e+06 890614 789121 714896 682725 632755 604017 592630 574975 541681 534317 545744 532285 541523 545554 552084 558426 571116 586085 588074 603043 606314 616137 624513 634855 645672 644679 650433 647421 645387 649097 655825 662159 673287 676091 683763 683769 729833 781728 806744 820883 844675 838592 847275 861640 897071 916249 915859 908753 904724 898469 897231 911369 916971 2.09991e+07 1.93429e+07 1.97559e+07 2.05692e+07 2.16275e+07 2.2761e+07 2.38462e+07 2.48126e+07 2.56314e+07 2.63018e+07 2.68374e+07 2.72582e+07 2.75853e+07 2.78376e+07 2.80315e+07 2.81805e+07 2.82949e+07 2.83829e+07 2.84509e+07 2.85036e+07 2.85446e+07 2.85767e+07 2.86018e+07 2.86217e+07 2.86373e+07 2.86498e+07 2.86597e+07 2.86677e+07 2.8674e+07 2.86791e+07 2.86832e+07 2.86866e+07 2.86893e+07 2.86914e+07 2.86932e+07 2.86946e+07 2.86958e+07 2.86968e+07 2.86976e+07 2.86982e+07 2.86987e+07 2.86991e+07 2.86995e+07 2.86998e+07 2.87e+07 2.87002e+07 2.87003e+07 2.87005e+07 2.87006e+07 2.87007e+07 2.87007e+07 2.87008e+07 2.87008e+07 2.87009e+07 2.87009e+07 2.87009e+07 2.87009e+07 2.8701e+07 2.8701e+07 2.8701e+07 2.8701e+07 2.8701e+07 2.8701e+07 2.8701e+07 2.8701e+07 2.8701e+07 2.8701e+07 2.8701e+07 2.8701e+07 2.8701e+07 2.8701e+07 2.8701e+07 2.8701e+07 2.8701e+07 2.8701e+07 2.8701e+07 2.8701e+07 2.8701e+07 2.8701e+07 2.8701e+07 2.8701e+07 2.8701e+07 2.8701e+07 2.8701e+07 2.8701e+07 2.8701e+07 2.8701e+07 2.8701e+07 2.8701e+07 2.8701e+07 2.8701e+07 2.8701e+07 2.8701e+07 2.8701e+07 2.8701e+07 2.8701e+07 2.8701e+07 2.8701e+07 2.8701e+07 2.8701e+07 0 0 0 0 0 0 0 0 0 0 0 0 0 0 0 0 0 0 0 0 0 0 0 0 0
#obs survey bio
 4.80076e+06 3.35908e+06 2.93023e+06 5.09789e+06 2.75243e+06 2.87697e+06 2.06447e+06 2.61439e+06 2.52146e+06 2.09299e+06 1.39689e+06 1.01496e+06 817389 1.22606e+06 732386 834125 813180 735086 717270 641173 671305 572882 497616 371182 595357 536735 787849 451442 618244 546524 593819 588928 901020 467321 464731 558420 556943 618085 957838 1.00432e+06 550965 696525 523067 592894 829248 742665 649306 669696 686700 748389 539063 696002 947756 791782 973130 644816 713791 838563 831086 1.12372e+06 699578 778007 1.04142e+06 745326 828435 1.03624e+06 848121 1.07918e+06
#pred catch bio
 108383 95388.2 155035 194129 219377 265661 304685 300012 318695 286528 311580 267707 250258 234096 250582 226423 197163 156640 167031 144174 126965 130104 139366 114034 97828.8 117957 97674.2 102057 99782.4 100143 95512.5 94509 105373 94335.7 104488 98880.4 100388 98530.1 97515.4 106572 100309 107906 107232 103082 101693 103337 100814 109145 105712 112840 75683.9 74029.7 98082.1 106927 99327.4 126613 115852 113177 96681.6 111367 127890 133335 130648 132886 129181 117369 126399 135214 127224 128051 129732 134033 140323 147190 153717 159430 164159 167916 170812 172994 174609 175787 176637 177245 177677 177982 178196 178347 178452 178525 178576 178611 178635 178652 178664 178672 178678 178681 178684 178686 178687 178688 178689 178689 178689 178689 178690 178690 178690 178690 178690 178690 178690 178690 178690 178690 178690 178690 178690 178690 178690 178690 178690 178690 178690 178690 178690 178690 178690 178690 178690 178690 178690 178690 178690 178690 178690 178690 178690 178690 178690 178690 178690 178690 178690 178690 178690 178690 178690 178690 178690 178690 178690 178690 178690 178690 178690 178690 178690 178690 178690 178690 178690 178690 178690 178690 178690 178690 0 0 0 0 0 0 0 0 0 0 0 0 0 0 0 0 0 0 0 0 0 0 0 0 0
#obs catch bio
 0 94946.8 155593 194282 219214 265653 304848 299490 319080 285642 312077 270120 254039 236586 255711 230108 200876 157995 168190 144816 127741 130669 141226 115173 97897.2 118995 97660.8 102544 99824.2 100203 95673.3 94655.9 105184 93980.6 104536 98642.4 100440 98847.6 97040.8 105710 99404.1 107213 106825 102906 101410 103185 100546 109346 105654 113036 75604.7 73878.6 98190.7 107049 98587.3 126551 115957 113781 96677.4 111258 127757 133390 130414 132718 129338 117181 126302 135285
#pred cpue bio
 3.52637e+06 3.39486e+06 3.28573e+06 3.1244e+06 2.93505e+06 2.73389e+06 2.49979e+06 2.24113e+06 2.0048e+06 1.76341e+06 1.5705e+06 1.36078e+06 1.20855e+06 1.08304e+06 979983 857871 758246 685871 654918 606474 578532 567576 550542 518325 511429 522769 509796 519011 523137 529638 535859 548284 563130 565331 580078 583367 593064 601383 611853 622866 622045 627565 624442 622256 625743 632234 638307 649043 651719 659249 659185 704486 755971 780987 794920 817966 811305 819248 833441 868821 888095 887530 880198 876083 869778 868401 882172 887524 2.03227e+07 1.87216e+07 1.90377e+07 1.97585e+07 2.07908e+07 2.19192e+07 2.30037e+07 2.39699e+07 2.47887e+07 2.54591e+07 2.59947e+07 2.64155e+07 2.67425e+07 2.69949e+07 2.71888e+07 2.73377e+07 2.74521e+07 2.75402e+07 2.76082e+07 2.76609e+07 2.77019e+07 2.77339e+07 2.77591e+07 2.77789e+07 2.77946e+07 2.78071e+07 2.7817e+07 2.78249e+07 2.78313e+07 2.78364e+07 2.78405e+07 2.78438e+07 2.78465e+07 2.78487e+07 2.78505e+07 2.78519e+07 2.78531e+07 2.78541e+07 2.78548e+07 2.78555e+07 2.7856e+07 2.78564e+07 2.78568e+07 2.7857e+07 2.78573e+07 2.78575e+07 2.78576e+07 2.78577e+07 2.78579e+07 2.78579e+07 2.7858e+07 2.78581e+07 2.78581e+07 2.78581e+07 2.78582e+07 2.78582e+07 2.78582e+07 2.78582e+07 2.78583e+07 2.78583e+07 2.78583e+07 2.78583e+07 2.78583e+07 2.78583e+07 2.78583e+07 2.78583e+07 2.78583e+07 2.78583e+07 2.78583e+07 2.78583e+07 2.78583e+07 2.78583e+07 2.78583e+07 2.78583e+07 2.78583e+07 2.78583e+07 2.78583e+07 2.78583e+07 2.78583e+07 2.78583e+07 2.78583e+07 2.78583e+07 2.78583e+07 2.78583e+07 2.78583e+07 2.78583e+07 2.78583e+07 2.78583e+07 2.78583e+07 2.78583e+07 2.78583e+07 2.78583e+07 2.78583e+07 2.78583e+07 2.78583e+07 2.78583e+07 2.78583e+07 2.78583e+07 2.78583e+07 2.78583e+07 0 0 0 0 0 0 0 0 0 0 0 0 0 0 0 0 0 0 0 0 0 0 0 0 0
#obs cpue bio
 3.81546e+06 2.65585e+06 2.24596e+06 3.12267e+06 3.31578e+06 2.70604e+06 3.11381e+06 2.07956e+06 1.45695e+06 1.74429e+06 1.59161e+06 888785 1.11177e+06 1.03672e+06 829866 846106 502780 705027 783750 558062 393117 634240 411220 614004 616145 438502 414988 493758 574480 544115 433516 495732 581528 685720 679087 714700 558189 465202 779804 647925 779760 576713 661160 579726 555550 538308 677015 513956 683022 706696 592604 873389 670249 772280 1.22156e+06 826340 647909 595482 983454 997097 1.25065e+06 899709 894985 1.08796e+06 768136 830161 994449 702625
#pred surv len freq
 0.00423959 0.00697133 0.0106574 0.0153353 0.0209241 0.0271352 0.0334527 0.0392709 0.0441239 0.0478329 0.0504766 0.0522579 0.0533882 0.0540378 0.0543332 0.0543737 0.0542529 0.0540566 0.0538048 0.053332 0.0521847 0.0496722 0.045158 0.0384852 0.0302428
 0.0045671 0.00741817 0.0111744 0.0158305 0.0212976 0.0273284 0.0334804 0.0392099 0.0440639 0.0478217 0.0504993 0.0522612 0.0533297 0.0539262 0.0542325 0.0543713 0.0544077 0.0543537 0.0541398 0.0535414 0.0521124 0.0492445 0.0444231 0.0375922 0.0293726
 0.00459871 0.00753866 0.0114765 0.0164249 0.0222632 0.028647 0.0349992 0.0406737 0.0452131 0.0485009 0.0507033 0.0520964 0.0529325 0.0534027 0.0536508 0.0537846 0.0538669 0.0538906 0.0537363 0.0531184 0.0515616 0.0484904 0.0434769 0.0365571 0.0283954
 0.0047176 0.00771138 0.0117045 0.0167128 0.0226372 0.0291712 0.0357664 0.0417589 0.046605 0.0500576 0.0521771 0.0532271 0.0535516 0.0534845 0.0532873 0.0531207 0.053042 0.0530065 0.0528433 0.0522131 0.0506043 0.0474446 0.0423531 0.0354288 0.0273732
 0.00491786 0.0080313 0.0121737 0.0173505 0.0234453 0.0301279 0.0368286 0.0428777 0.0477484 0.0512181 0.0533464 0.0543502 0.0545048 0.054105 0.0534439 0.0527733 0.0522513 0.0518942 0.0515356 0.0508017 0.0491396 0.0459592 0.0408938 0.0340722 0.0262096
 0.00510063 0.00833609 0.0126463 0.0180376 0.0243832 0.0313255 0.0382501 0.0444385 0.0493316 0.0527066 0.0546541 0.055433 0.0553428 0.054669 0.0536739 0.0525915 0.0516035 0.0507874 0.050044 0.0490408 0.0472348 0.0440296 0.0390532 0.0324299 0.0248563
 0.00532082 0.00869554 0.0131907 0.0188119 0.0254252 0.0326536 0.0398483 0.0462459 0.0512445 0.0545918 0.056371 0.0568576 0.0563874 0.0552881 0.0538509 0.0523162 0.05086 0.0495662 0.0483689 0.0469903 0.0449426 0.0416663 0.0367998 0.030448 0.0232585
 0.00558842 0.00913224 0.013851 0.0197478 0.0266761 0.034231 0.0417202 0.048331 0.0534223 0.0567242 0.0583208 0.0585003 0.0576185 0.0560298 0.0540571 0.0519698 0.0499637 0.0481354 0.0464384 0.0446338 0.0422919 0.0389114 0.0341624 0.0281338 0.0214087
 0.0058286 0.009528 0.0144568 0.0206186 0.0278576 0.0357441 0.0435432 0.0503922 0.0556083 0.0588994 0.0603479 0.060254 0.0589916 0.0569361 0.0544322 0.0517718 0.0491735 0.0467578 0.0445083 0.0422295 0.0395508 0.0360341 0.0313882 0.0256911 0.0194563
 0.00618043 0.0100867 0.0152733 0.0217326 0.0292925 0.0374978 0.0455766 0.0526228 0.0579169 0.0611475 0.0623978 0.0619833 0.0603011 0.0577514 0.0547015 0.0514616 0.0482652 0.0452508 0.0424309 0.0396571 0.0366242 0.0329628 0.0284267 0.0230837 0.0173749
 0.00649894 0.0106013 0.0160413 0.0228035 0.0306972 0.0392324 0.0475879 0.0548066 0.0601365 0.0632636 0.0642913 0.0635622 0.0614951 0.0585039 0.0549654 0.0511979 0.0474454 0.0438619 0.0404881 0.037223 0.0338285 0.0300073 0.025561 0.0205512 0.0153484
 0.00688604 0.0112343 0.0169997 0.0241609 0.0325036 0.0414872 0.0502135 0.0576426 0.0629647 0.0658548 0.0664518 0.0651615 0.0624713 0.0588513 0.0547115 0.05038 0.0460945 0.0420015 0.0381481 0.0344658 0.0307757 0.0268506 0.0225413 0.0179049 0.0132428
 0.0071199 0.0116233 0.0176024 0.0250399 0.0337155 0.0430654 0.0521473 0.0598635 0.0653477 0.0682341 0.0686441 0.0669919 0.0637991 0.0595879 0.0548253 0.0498853 0.0450318 0.0404204 0.0361044 0.0320349 0.0280754 0.0240539 0.0198623 0.0155542 0.0113701
 0.00731723 0.011946 0.0180925 0.0257394 0.0346609 0.0442776 0.0536198 0.0615551 0.0671843 0.0701171 0.0704588 0.068615 0.0651073 0.0604708 0.0552007 0.0497098 0.0443025 0.0391692 0.0343901 0.0299442 0.0257304 0.0216182 0.0175281 0.0135062 0.00973864
 0.00738094 0.012075 0.0183336 0.026152 0.0353036 0.0451864 0.0547889 0.0629321 0.0686838 0.0716422 0.0719185 0.0699296 0.0662047 0.0612822 0.0556595 0.0497582 0.0439018 0.0383094 0.0330979 0.0282871 0.0238194 0.0196037 0.0155833 0.0117938 0.00837221
 0.00752791 0.0123276 0.0187397 0.0267658 0.0361755 0.0463447 0.0562199 0.064569 0.0704112 0.073316 0.0733939 0.0710891 0.0669764 0.0616425 0.0556198 0.0493437 0.0431356 0.0372104 0.0316916 0.0266226 0.0219823 0.0177179 0.0137946 0.0102389 0.00714312
 0.00759812 0.0124545 0.018955 0.0271097 0.0366901 0.0470634 0.0571546 0.0657005 0.0716872 0.0746542 0.0746905 0.0722313 0.0678604 0.0621918 0.0557965 0.0491475 0.0425921 0.036357 0.0305711 0.0252879 0.0205071 0.0162022 0.0123558 0.00898742 0.00615396
 0.00769419 0.0125926 0.0191309 0.0273116 0.0369077 0.0472996 0.0574322 0.0660585 0.0721647 0.0752716 0.0754342 0.0730501 0.0686728 0.062902 0.0563136 0.0494028 0.042549 0.0360125 0.0299503 0.0244389 0.0194994 0.0151248 0.0113083 0.00806235 0.00541543
 0.00767479 0.0125499 0.019046 0.0271601 0.0366662 0.0469574 0.0570036 0.0655915 0.07174 0.0749896 0.0753914 0.0733095 0.0692386 0.0637104 0.0572463 0.0503165 0.0433106 0.0365254 0.0301677 0.0243645 0.0191799 0.0146381 0.010748 0.00751852 0.00495543
 0.00788114 0.0128679 0.0194899 0.0277268 0.0373302 0.0476668 0.0576804 0.0661405 0.0720731 0.0750567 0.0752035 0.0729398 0.0687991 0.0633129 0.0569645 0.050164 0.0432436 0.0364669 0.0300403 0.0241184 0.0188074 0.0141716 0.0102463 0.00704599 0.00456215
 0.00795983 0.0129941 0.0196765 0.0279833 0.0376598 0.0480614 0.0581154 0.0665738 0.0724501 0.0753218 0.0753152 0.0728842 0.0685978 0.0630208 0.0566534 0.0498978 0.0430542 0.0363439 0.0299405 0.0239896 0.0186139 0.0139096 0.00994225 0.00674228 0.00429844
 0.00793409 0.0129505 0.0196084 0.0278857 0.0375327 0.0479149 0.0579721 0.0664656 0.0724084 0.0753646 0.0754382 0.073061 0.0687903 0.0631945 0.0567912 0.0500035 0.0431442 0.0364307 0.0300205 0.0240429 0.0186163 0.0138489 0.00982697 0.00659802 0.00415584
 0.0078431 0.0128297 0.019476 0.0277737 0.0374762 0.0479358 0.0580679 0.0666107 0.0725678 0.0755109 0.0755601 0.0731603 0.0688723 0.0632601 0.0568361 0.0500238 0.0431417 0.0364129 0.0299947 0.0240095 0.0185688 0.0137799 0.00973621 0.00649523 0.00405645
 0.00798046 0.0130288 0.0197319 0.0280696 0.0377922 0.0482599 0.0584008 0.0669576 0.0729223 0.0758423 0.0758169 0.07329 0.0688441 0.063078 0.0565336 0.0496484 0.0427395 0.0360202 0.0296356 0.0236967 0.0183047 0.0135603 0.00955508 0.00634854 0.00394263
 0.00807604 0.0131531 0.0198614 0.0281622 0.0377983 0.0481413 0.0581489 0.0666031 0.0725314 0.0755002 0.0756015 0.0732453 0.0689648 0.0633145 0.0568157 0.0499134 0.0429496 0.0361643 0.0297205 0.023736 0.0183116 0.013545 0.00952536 0.00631149 0.00390508
 0.0079105 0.0129117 0.0195481 0.0277949 0.0373989 0.0477227 0.0577093 0.0661345 0.072039 0.07502 0.0752033 0.0730138 0.0689682 0.0635746 0.0572973 0.0505367 0.0436185 0.0367957 0.0302607 0.0241627 0.0186258 0.0137605 0.00966148 0.00638863 0.00394251
 0.00799164 0.0130311 0.0197051 0.0279825 0.0376076 0.0479444 0.0579364 0.0663527 0.0722179 0.0751128 0.0751615 0.072814 0.0686337 0.0631745 0.0569204 0.0502546 0.0434607 0.0367477 0.0302827 0.0242119 0.0186721 0.0137902 0.00967301 0.00638693 0.00393398
 0.00792213 0.012913 0.0195186 0.0277077 0.0372307 0.0474683 0.0573901 0.0657935 0.0717212 0.0747517 0.0749836 0.0728263 0.0688041 0.0634504 0.0572538 0.0506178 0.0438442 0.037146 0.0306808 0.0245849 0.0189933 0.0140422 0.00985242 0.00650242 0.00400088
 0.00791342 0.0128969 0.0194898 0.0276583 0.0371494 0.0473412 0.0572036 0.0655403 0.0714077 0.0744043 0.0746474 0.0725549 0.0686421 0.0634186 0.0573444 0.0508035 0.044092 0.0374278 0.0309749 0.024872 0.0192541 0.0142599 0.0100176 0.00661551 0.00407037
 0.00793047 0.012914 0.0194962 0.0276374 0.0370836 0.0472182 0.0570219 0.0653092 0.0711436 0.0741255 0.0743733 0.0723075 0.0684479 0.063305 0.0573317 0.050896 0.0442762 0.0376769 0.0312573 0.0251579 0.019519 0.0144856 0.0101939 0.00674088 0.00415094
 0.00792294 0.0129065 0.0194928 0.0276429 0.0370994 0.0472378 0.057029 0.0652813 0.0710615 0.0739823 0.0741788 0.0720851 0.0682275 0.0631164 0.0572004 0.0508406 0.0443043 0.0377829 0.0314231 0.0253573 0.0197242 0.014673 0.0103479 0.00685503 0.00422718
 0.00779146 0.012709 0.0192263 0.027317 0.036735 0.0468641 0.0566795 0.0649887 0.0708506 0.0738635 0.0741463 0.0721222 0.0683157 0.063243 0.0573605 0.0510346 0.0445339 0.0380459 0.0317105 0.0256526 0.0200065 0.0149222 0.0105496 0.00700409 0.00432718
 0.00766234 0.0124993 0.0189125 0.0268808 0.0361719 0.0461936 0.0559526 0.0642849 0.0702601 0.0734614 0.0739722 0.0721744 0.068559 0.0636246 0.0578262 0.0515403 0.0450488 0.0385511 0.0321928 0.0260996 0.0204045 0.0152581 0.0108149 0.00719766 0.00445653
 0.00773459 0.0125962 0.0190195 0.0269698 0.0362062 0.046138 0.0557844 0.0640014 0.0698821 0.0730322 0.0735498 0.0718186 0.0683159 0.063516 0.0578473 0.0516673 0.0452504 0.0387975 0.0324601 0.0263689 0.0206599 0.0154853 0.0110026 0.00734045 0.00455548
 0.00763622 0.012453 0.0188345 0.0267537 0.0359717 0.045891 0.0555196 0.0637067 0.0695501 0.0726722 0.0731936 0.0715146 0.0681155 0.0634576 0.0579458 0.0519105 0.045605 0.0392193 0.0329048 0.0267995 0.0210489 0.0158148 0.0112636 0.00753236 0.00468537
 0.00764793 0.0124644 0.018838 0.0267396 0.0359324 0.0458267 0.0554399 0.0636255 0.0694741 0.0725929 0.0730898 0.0713672 0.0679242 0.0632485 0.0577633 0.0517994 0.0455928 0.0393086 0.0330757 0.0270195 0.0212834 0.0160349 0.01145 0.00767572 0.00478564
 0.00758727 0.0123721 0.0187107 0.0265775 0.0357383 0.045605 0.0551974 0.0633744 0.0692341 0.0723893 0.0729456 0.0712932 0.067915 0.0632874 0.0578348 0.0518992 0.0457281 0.0394889 0.0333019 0.0272786 0.0215518 0.0162862 0.0116631 0.00783977 0.0049001
 0.00743417 0.0121464 0.0184142 0.0262275 0.035363 0.0452356 0.0548619 0.0630936 0.0690216 0.072252 0.0728847 0.0713068 0.0679985 0.0634327 0.0580294 0.0521285 0.04598 0.0397564 0.0335814 0.0275643 0.0218319 0.016544 0.0118821 0.00800966 0.00501969
 0.00733594 0.0119753 0.0181374 0.0258126 0.0347915 0.0445211 0.0540626 0.0623068 0.068357 0.0717964 0.0726785 0.0713418 0.0682338 0.0638147 0.0585065 0.0526572 0.0465261 0.0402941 0.0340925 0.0280355 0.022252 0.0169027 0.0121714 0.00822683 0.00516954
 0.00733927 0.0119632 0.018086 0.0256863 0.0345493 0.0441286 0.0535067 0.0616083 0.0675753 0.0710237 0.072022 0.0708962 0.068055 0.0639075 0.0588304 0.0531462 0.0471095 0.0409111 0.0346968 0.028595 0.0227452 0.0173162 0.0124986 0.00846875 0.00533482
 0.00746126 0.01215 0.0183441 0.0260094 0.0349145 0.044493 0.0538076 0.0617709 0.0675324 0.0707411 0.0715174 0.0702419 0.0673596 0.0632849 0.0583678 0.0528848 0.0470436 0.0410018 0.0348914 0.0288425 0.0230044 0.0175573 0.012703 0.00862757 0.00544759
 0.00746907 0.0121724 0.0183951 0.0261072 0.0350748 0.0447201 0.0540852 0.0620596 0.0677752 0.0708762 0.0714953 0.0700407 0.0669969 0.0628178 0.0578802 0.052463 0.0467512 0.0408646 0.0348971 0.0289533 0.0231737 0.0177428 0.0128739 0.00876624 0.00554842
 0.00753102 0.012269 0.0185333 0.0262919 0.0353096 0.045007 0.0544221 0.0624352 0.0681631 0.0712325 0.0717627 0.0701608 0.0669277 0.0625506 0.0574477 0.0519343 0.0462129 0.0403958 0.0345488 0.0287398 0.0230777 0.0177299 0.0129069 0.00881516 0.00559445
 0.00755939 0.0123188 0.0186149 0.0264166 0.0354865 0.0452385 0.0547005 0.0627432 0.0684784 0.0715323 0.0720243 0.0703586 0.0670313 0.0625293 0.0572833 0.0516337 0.0458142 0.0399603 0.0341428 0.0284137 0.022854 0.0176028 0.0128528 0.0088052 0.00560449
 0.00756376 0.0123225 0.0186149 0.0264093 0.0354712 0.0452205 0.0546931 0.062765 0.0685466 0.0716552 0.072197 0.070563 0.0672393 0.062707 0.057396 0.0516547 0.0457344 0.039795 0.0339289 0.0281975 0.0226745 0.0174802 0.0127863 0.00878059 0.00560357
 0.00757337 0.0123344 0.0186255 0.0264129 0.0354606 0.0451897 0.0546405 0.0626958 0.0684744 0.0716003 0.0721814 0.070603 0.0673378 0.0628502 0.0575555 0.0517951 0.045824 0.0398163 0.0338847 0.0281093 0.0225729 0.0173922 0.0127265 0.00874984 0.00559384
 0.00760494 0.0123818 0.0186895 0.0264907 0.035546 0.0452734 0.0547105 0.0627397 0.0684826 0.0715707 0.0721219 0.0705312 0.0672758 0.0628162 0.0575564 0.051823 0.0458589 0.039835 0.0338711 0.0280612 0.022502 0.0173171 0.0126634 0.00870682 0.00557023
 0.00752798 0.0122739 0.0185587 0.026355 0.0354279 0.045191 0.0546712 0.0627386 0.068507 0.0716064 0.0721588 0.0705658 0.0673112 0.0628602 0.0576173 0.0519044 0.0459558 0.0399341 0.0339557 0.0281187 0.0225291 0.0173201 0.0126539 0.0086951 0.005562
 0.00751138 0.0122453 0.0185138 0.0262912 0.0353476 0.0451056 0.0546013 0.0627088 0.0685345 0.0716909 0.0722802 0.070692 0.0674129 0.0629221 0.0576412 0.0519036 0.0459461 0.0399256 0.0339502 0.0281119 0.0225162 0.0173001 0.0126301 0.00867261 0.00554478
 0.00751529 0.0122429 0.0184941 0.0262388 0.035247 0.0449485 0.0543936 0.0624733 0.0683077 0.0715139 0.0721862 0.0706959 0.0675061 0.0630768 0.0578224 0.0520819 0.0461047 0.0400597 0.0340608 0.0282008 0.0225839 0.0173472 0.0126589 0.00868784 0.00555159
 0.00751763 0.0122573 0.0185341 0.0263207 0.0353823 0.0451333 0.054602 0.0626618 0.0684304 0.0715418 0.0721192 0.0705612 0.0673445 0.0629255 0.0577028 0.0519973 0.0460466 0.0400166 0.0340245 0.0281677 0.0225534 0.0173196 0.012635 0.00866818 0.00553671
 0.00722289 0.0117886 0.0178509 0.0253996 0.0342301 0.0438024 0.0532006 0.0613437 0.0673607 0.0708504 0.0718683 0.0707405 0.0678913 0.0637509 0.0587118 0.0530995 0.0471617 0.0410774 0.0349804 0.0289861 0.0232194 0.0178335 0.0130089 0.00892279 0.00569767
 0.00703697 0.011472 0.0173487 0.0246537 0.0331947 0.0424683 0.0516193 0.0596369 0.0657047 0.069441 0.0708787 0.0702855 0.0680066 0.0643925 0.0597738 0.0544437 0.0486451 0.0425726 0.0363855 0.0302284 0.0242557 0.0186481 0.0136098 0.00933631 0.00596134
 0.00705693 0.0114962 0.0173676 0.0246469 0.0331283 0.0422945 0.0512819 0.0590861 0.06492 0.0684549 0.0697866 0.0692337 0.0671573 0.063881 0.0596734 0.0547508 0.0492889 0.04344 0.0373514 0.0311804 0.0251089 0.0193516 0.0141455 0.00971264 0.00620441
 0.00720673 0.0117182 0.0176608 0.0249949 0.0335004 0.0426499 0.0515718 0.0592534 0.0649036 0.0682005 0.069267 0.06847 0.0662308 0.0629245 0.0588407 0.0541736 0.04904 0.0435175 0.0376889 0.0316751 0.0256538 0.0198602 0.0145644 0.0100223 0.00641116
 0.00730004 0.0118658 0.0178745 0.02528 0.0338516 0.0430464 0.0519739 0.0596061 0.0651464 0.0682806 0.0691492 0.0681408 0.0657026 0.0622421 0.0580851 0.0534543 0.0484697 0.0431787 0.0376079 0.0318174 0.0259426 0.0202059 0.0148923 0.0102874 0.00659893
 0.00738212 0.0120241 0.0181573 0.0257442 0.034545 0.0439802 0.0531 0.0608131 0.0662817 0.069188 0.069704 0.0682717 0.0653972 0.0615432 0.0570818 0.0522705 0.0472483 0.0420584 0.0366959 0.0311677 0.0255496 0.0200185 0.0148392 0.0103025 0.00663578
 0.00719503 0.0117571 0.0178268 0.0253955 0.0342479 0.0438173 0.0531499 0.0611311 0.0668779 0.0700112 0.0706408 0.0691697 0.0661049 0.0619492 0.0571397 0.0520043 0.0467405 0.0414276 0.0360667 0.0306407 0.0251794 0.0198091 0.0147567 0.0102974 0.00666381
 0.00701971 0.0114703 0.0173946 0.0247934 0.0334755 0.0429178 0.0522231 0.0603256 0.0663564 0.0698987 0.0709822 0.0699122 0.0671123 0.0630395 0.0581335 0.0527691 0.047218 0.0416363 0.0360822 0.0305611 0.0250909 0.0197624 0.0147632 0.0103414 0.00672058
 0.00691451 0.0112757 0.0170587 0.0242539 0.0326765 0.041836 0.0508948 0.0588598 0.0649249 0.068705 0.0702175 0.0697093 0.0675078 0.0639591 0.0594095 0.0541867 0.0485746 0.0427905 0.0369756 0.0312087 0.0255493 0.0200947 0.0150152 0.0105359 0.00686578
 0.00701033 0.0114096 0.0172173 0.0244044 0.0327668 0.0418002 0.0506636 0.0583781 0.0641755 0.0677329 0.0691392 0.0686966 0.0667461 0.0635927 0.0594955 0.054677 0.0493357 0.0436523 0.0377874 0.0318781 0.02605 0.0204472 0.0152581 0.0107038 0.00698156
 0.00706448 0.0115196 0.0174211 0.024745 0.0332737 0.042463 0.0514118 0.0590822 0.0646772 0.0678926 0.0688827 0.0680431 0.0658094 0.0625539 0.0585529 0.0539872 0.0489691 0.0435828 0.0379199 0.0320977 0.0262664 0.0206148 0.0153703 0.0107739 0.00702525
 0.00707471 0.0115437 0.0174728 0.0248464 0.0334548 0.0427578 0.0518473 0.0596613 0.0653592 0.0685832 0.0694457 0.0683379 0.0657426 0.0621203 0.0578442 0.0531626 0.0481987 0.0429903 0.0375507 0.0319241 0.0262207 0.0206286 0.0153979 0.0107958 0.00703865
 0.00711603 0.0116003 0.0175391 0.0249125 0.0335125 0.0428086 0.051909 0.0597667 0.0655459 0.0688748 0.0698312 0.0687603 0.0661054 0.0623174 0.0578036 0.0528809 0.0477468 0.0424838 0.0371011 0.0315985 0.0260296 0.0205418 0.0153722 0.0107963 0.00704569
 0.00714337 0.0116503 0.0176239 0.0250443 0.0336979 0.0430416 0.0521675 0.0600184 0.0657623 0.0690465 0.0699714 0.0688924 0.0662398 0.0624342 0.0578537 0.0528102 0.0475285 0.0421398 0.0366958 0.0312099 0.0257163 0.0203258 0.0152433 0.0107288 0.00701402
 0.00717971 0.0117015 0.017687 0.0251134 0.0337678 0.0431126 0.0522469 0.0601164 0.0658842 0.0691869 0.070116 0.0690265 0.0663557 0.0625301 0.0579239 0.0528369 0.0474857 0.0420097 0.0364858 0.0309547 0.025464 0.0201164 0.0150949 0.0106379 0.0069655
 0.00716669 0.0116781 0.0176474 0.0250504 0.0336746 0.0429852 0.0520884 0.0599403 0.0657151 0.0690563 0.0700544 0.0690526 0.0664706 0.0627171 0.0581543 0.0530765 0.0477 0.0421685 0.0365713 0.0309684 0.0254262 0.0200565 0.0150385 0.0105984 0.00694416
 0.00709885 0.0115886 0.0175507 0.0249715 0.0336402 0.0430111 0.0521695 0.0600509 0.06582 0.0691265 0.0700789 0.0690412 0.066447 0.0627071 0.0581745 0.0531281 0.0477692 0.0422334 0.0366101 0.0309688 0.0253898 0.0199972 0.0149747 0.0105449 0.00690725
#obs surv len freq
 nan nan nan nan nan nan nan nan nan nan nan nan nan nan nan nan nan nan nan nan nan nan nan nan nan
 0.0044861 0.00734798 0.0111783 0.0159945 0.0216945 0.0279689 0.0342818 0.040012 0.0446909 0.0481544 0.0505124 0.0520086 0.0529013 0.0534141 0.0537287 0.0539839 0.0542626 0.0545555 0.0546943 0.0542862 0.0527243 0.0493565 0.0438062 0.0362863 0.0276699
 0.00461872 0.00756579 0.0115098 0.0164665 0.0223253 0.028758 0.0351999 0.0409988 0.0456635 0.0490245 0.0512027 0.0524644 0.0530957 0.0533473 0.0534237 0.0534781 0.0535999 0.0537785 0.0538421 0.0533958 0.0518346 0.0485109 0.0430497 0.0356569 0.0271889
 0.00477594 0.00782379 0.0119026 0.0170277 0.0230814 0.0297183 0.036345 0.0422746 0.0469864 0.0502935 0.0523151 0.0533286 0.0536416 0.0535342 0.0532433 0.0529527 0.0527749 0.0527135 0.0526035 0.0520537 0.0504638 0.0471914 0.041861 0.0346645 0.026429
 0.00496607 0.00813432 0.0123727 0.017695 0.0239751 0.0308482 0.0376897 0.0437769 0.0485593 0.0518348 0.0537203 0.0545 0.0544926 0.0539957 0.0532702 0.0525304 0.0519216 0.0514787 0.0510631 0.0503053 0.048623 0.0453852 0.040215 0.0332812 0.0253659
 0.00517977 0.00848408 0.0129035 0.0184502 0.0249884 0.0321305 0.0392156 0.0454799 0.0503413 0.0535841 0.0553283 0.0558693 0.0555392 0.0546477 0.0534692 0.0522364 0.0511202 0.0501893 0.0493457 0.048263 0.0463993 0.0431518 0.0381477 0.0315265 0.0240091
 0.00540526 0.00885421 0.0134673 0.0192556 0.0260737 0.0335097 0.0408634 0.0473261 0.0522804 0.0554949 0.0570931 0.0573847 0.0567193 0.0554222 0.0537807 0.0520391 0.0503834 0.0489079 0.0475546 0.0460519 0.0439187 0.0406019 0.0357468 0.0294639 0.0224012
 0.00565333 0.00925825 0.0140769 0.020118 0.0272253 0.0349624 0.0425907 0.049257 0.0543079 0.0574957 0.0589461 0.0589828 0.0579734 0.0562612 0.0541483 0.0518902 0.0496838 0.047641 0.0457375 0.0437573 0.0412899 0.0378496 0.0331154 0.0271762 0.0206018
 0.00588562 0.0096421 0.0146661 0.0209664 0.0283759 0.0364308 0.044348 0.0512246 0.0563705 0.0595241 0.0608187 0.0605961 0.0592437 0.0571217 0.0545454 0.05178 0.0490307 0.0464229 0.0439607 0.0414796 0.0386423 0.035039 0.0303945 0.0247854 0.0187049
 0.0061308 0.0100406 0.0152659 0.021813 0.029505 0.0378557 0.0460457 0.053129 0.0583787 0.0615137 0.0626669 0.0621933 0.0605006 0.0579709 0.0549378 0.0516782 0.0484048 0.0452523 0.0422472 0.0392709 0.0360561 0.0322702 0.0276912 0.0223905 0.016791
 0.00638541 0.0104598 0.0159062 0.022729 0.0307376 0.0394132 0.0478868 0.0551591 0.0604668 0.0635208 0.0644699 0.0636955 0.0616314 0.0586799 0.0551901 0.0514491 0.0476759 0.0440121 0.0405017 0.0370643 0.033496 0.029538 0.0250219 0.0200197 0.0148898
 0.00661544 0.0108389 0.0164866 0.023563 0.0318676 0.0408558 0.0496154 0.0570963 0.0624933 0.0654973 0.0662606 0.0651863 0.0627383 0.0593508 0.0553982 0.0511835 0.0469329 0.0427928 0.0388198 0.034965 0.0310783 0.026967 0.022512 0.0177883 0.0130965
 0.00684924 0.0112191 0.0170591 0.0243708 0.032943 0.0422081 0.0512171 0.0588779 0.0643516 0.0673127 0.067915 0.066575 0.0637772 0.0599795 0.0555815 0.0509078 0.0461997 0.0416139 0.03722 0.0329947 0.0288323 0.0245949 0.0202058 0.0157417 0.0114523
 0.00703947 0.0115367 0.017552 0.0250882 0.0339239 0.0434645 0.052718 0.0605457 0.0660755 0.0689731 0.0694039 0.0678062 0.064686 0.0605204 0.0557247 0.0506378 0.0455143 0.0405234 0.035751 0.0311992 0.026801 0.0224635 0.0181439 0.013918 0.00998977
 0.00726737 0.0119048 0.0181018 0.0258567 0.034937 0.0447258 0.0541965 0.0621698 0.0677403 0.0705584 0.070795 0.0689097 0.0654385 0.0608887 0.0557004 0.0502282 0.0447347 0.0393951 0.0343051 0.0294875 0.0249072 0.0205091 0.0162763 0.0122808 0.00868527
 0.0074369 0.0121884 0.0185429 0.0264995 0.0358158 0.0458493 0.0555326 0.063643 0.0692455 0.0719834 0.0720402 0.0698969 0.0661125 0.0612161 0.0556684 0.0498415 0.0440113 0.0383623 0.0329998 0.0279623 0.0232397 0.0188052 0.0146615 0.0108746 0.00757059
 0.00753648 0.0123519 0.0187929 0.0268601 0.0363107 0.0464965 0.0563372 0.06459 0.0702952 0.073074 0.0730942 0.070832 0.0668538 0.0617053 0.0558679 0.0497344 0.0435983 0.0376596 0.0320387 0.0267918 0.0219309 0.017452 0.0133713 0.00974805 0.00667656
 0.00758767 0.0124293 0.0188991 0.0269957 0.0364772 0.0467002 0.0565913 0.0649133 0.0707071 0.0735853 0.0736987 0.0715 0.0675318 0.0623235 0.0563526 0.0500214 0.043643 0.037442 0.0315649 0.0260945 0.0210692 0.0165081 0.0124394 0.00891666 0.00600784
 0.00768509 0.0125778 0.0191038 0.0272537 0.0367776 0.0470254 0.0569191 0.0652217 0.0709814 0.0738252 0.0739191 0.0717239 0.0677758 0.0625846 0.0566032 0.0502138 0.043722 0.0373601 0.0312956 0.0256408 0.0204656 0.0158166 0.0117377 0.00827997 0.00549037
 0.00772588 0.0126436 0.0192017 0.0273891 0.036952 0.0472338 0.0571481 0.0654507 0.0711883 0.0739941 0.074047 0.0718219 0.0678646 0.0626844 0.0567223 0.0503408 0.0438246 0.0373939 0.0312186 0.0254293 0.0201248 0.0153822 0.0112667 0.00783397 0.0051176
 0.00776996 0.0127082 0.0192858 0.0274879 0.0370591 0.0473439 0.0572592 0.0655628 0.0713006 0.0741028 0.0741455 0.071904 0.0679289 0.0627364 0.0567715 0.0503933 0.0438759 0.0374246 0.0311995 0.025333 0.0199395 0.01512 0.0109618 0.00753075 0.00485532
 0.00780708 0.0127651 0.0193649 0.0275882 0.0371757 0.0474679 0.0573785 0.0656644 0.0713751 0.0741478 0.0741665 0.0719107 0.0679301 0.0627379 0.0567759 0.0504014 0.0438857 0.0374286 0.0311831 0.0252781 0.0198327 0.0149614 0.010768 0.0073297 0.00467539
 0.00786669 0.0128547 0.0194859 0.0277368 0.0373435 0.0476436 0.0575486 0.0658144 0.0714906 0.0742178 0.0741862 0.0718835 0.067867 0.0626534 0.0566845 0.0503137 0.0438069 0.0373577 0.0311133 0.0251985 0.0197333 0.0148383 0.0106275 0.00718671 0.00454726
 0.00786468 0.0128524 0.0194843 0.0277372 0.037347 0.0476504 0.057558 0.0658249 0.0715014 0.0742296 0.0742007 0.0719023 0.0678903 0.0626802 0.0567134 0.0503436 0.0438365 0.0373844 0.0311323 0.0252028 0.019716 0.0147964 0.0105644 0.00711241 0.00447442
 0.00788538 0.0128804 0.0195161 0.0277663 0.0373661 0.0476548 0.0575475 0.0658042 0.0714775 0.0742086 0.0741863 0.0718958 0.0678917 0.0626889 0.0567282 0.0503631 0.0438584 0.0374061 0.0311499 0.0252116 0.0197113 0.0147756 0.010529 0.00706802 0.0044291
 0.00791744 0.0129305 0.0195872 0.0278587 0.0374761 0.0477732 0.0576599 0.0658934 0.0715285 0.0742145 0.0741508 0.0718306 0.0678115 0.0626065 0.0566523 0.0502979 0.0438052 0.0373637 0.0311156 0.0251818 0.0196818 0.0147435 0.0104935 0.00703119 0.00439465
 0.00787838 0.0128692 0.0194994 0.027743 0.0373351 0.0476152 0.0574992 0.0657486 0.0714178 0.0741503 0.0741368 0.0718628 0.0678816 0.0627054 0.0567711 0.050428 0.0439383 0.0374918 0.0312316 0.0252798 0.0197578 0.014796 0.0105239 0.00704364 0.00439522
 0.00789011 0.0128764 0.0194887 0.0276953 0.0372317 0.0474466 0.0572729 0.0654898 0.0711631 0.0739369 0.0739927 0.0718019 0.067903 0.062797 0.0569146 0.0506035 0.0441276 0.0376796 0.0314058 0.0254313 0.0198809 0.0148882 0.0105866 0.00708136 0.00441443
 0.00788484 0.0128716 0.0194873 0.0277002 0.037242 0.0474534 0.0572585 0.0654329 0.0710493 0.0737693 0.0737947 0.0716104 0.0677552 0.0627179 0.0569115 0.0506678 0.0442409 0.0378204 0.0315542 0.0255714 0.0200016 0.0149835 0.0106552 0.00712581 0.00443996
 0.00787022 0.0128465 0.0194476 0.0276423 0.0371648 0.0473609 0.0571596 0.0653387 0.0709673 0.0736988 0.0737287 0.0715429 0.0676886 0.0626654 0.0568913 0.0506942 0.0443168 0.0379369 0.0316945 0.0257165 0.0201352 0.0150946 0.0107391 0.00718327 0.00447539
 0.00784886 0.0128086 0.0193849 0.0275457 0.0370269 0.0471803 0.0569452 0.0651101 0.0707515 0.0735228 0.073612 0.0714921 0.0676983 0.0627232 0.0569851 0.0508168 0.0444651 0.0381075 0.0318792 0.0259025 0.0203078 0.0152414 0.0108531 0.00726388 0.00452708
 0.00784745 0.0128035 0.0193717 0.0275178 0.0369766 0.0471002 0.0568309 0.0649623 0.0705782 0.0733395 0.0734399 0.0713537 0.0676116 0.0626966 0.0570166 0.0508968 0.0445816 0.0382492 0.032036 0.0260638 0.0204619 0.0153772 0.0109626 0.00734418 0.00458034
 0.00780579 0.0127404 0.0192856 0.0274098 0.0368503 0.0469602 0.0566817 0.0648091 0.0704267 0.0731969 0.0733148 0.0712566 0.0675538 0.0626879 0.0570622 0.050995 0.0447239 0.0384223 0.0322248 0.0262537 0.0206397 0.0155322 0.0110876 0.00743655 0.00464251
 0.00775512 0.0126559 0.0191549 0.0272221 0.0365999 0.0466531 0.0563393 0.0644665 0.070124 0.0729672 0.0731761 0.071211 0.0675924 0.0627977 0.0572305 0.0512102 0.0449741 0.0386941 0.0325028 0.0265216 0.0208828 0.0157388 0.0112511 0.0075561 0.00472263
 0.00775448 0.0126483 0.0191311 0.0271687 0.0365023 0.0464995 0.0561267 0.0642039 0.0698328 0.0726787 0.0729248 0.0710273 0.0674954 0.0627922 0.0573087 0.051357 0.0451718 0.0389248 0.0327493 0.026767 0.0211111 0.0159369 0.0114104 0.00767419 0.00480271
 0.00770187 0.0125697 0.0190254 0.0270385 0.0363516 0.0463314 0.0559416 0.0640012 0.0696149 0.0724544 0.0727117 0.070849 0.0673772 0.0627537 0.0573585 0.0514908 0.0453744 0.0391747 0.0330229 0.0270417 0.0213672 0.0161591 0.0115891 0.00780676 0.00489276
 0.00766824 0.0125114 0.0189315 0.026898 0.0361581 0.0460881 0.0556652 0.0637196 0.0693581 0.0722444 0.0725577 0.0707503 0.0673307 0.0627602 0.0574225 0.0516166 0.0455604 0.0394107 0.0332907 0.027319 0.0216315 0.0163918 0.0117782 0.00794792 0.00498915
 0.00762743 0.0124492 0.018845 0.0267866 0.0360217 0.0459264 0.0554783 0.0635107 0.0691369 0.0720285 0.0723693 0.07061 0.0672514 0.0627452 0.0574689 0.051719 0.0457135 0.0396076 0.0335204 0.0275651 0.0218741 0.0166116 0.011961 0.00808686 0.00508529
 0.00763958 0.0124604 0.0188466 0.0267656 0.0359651 0.0458271 0.0553391 0.0633437 0.0689583 0.0718528 0.0722068 0.070469 0.0671403 0.0626735 0.0574447 0.0517466 0.0457922 0.0397324 0.0336821 0.0277506 0.0220671 0.0167945 0.0121187 0.00821041 0.00517287
 0.00761966 0.0124364 0.0188251 0.0267563 0.0359755 0.0458563 0.0553742 0.0633629 0.0689403 0.0717868 0.0720973 0.0703321 0.0669973 0.0625437 0.0573434 0.0516845 0.0457757 0.0397629 0.0337558 0.0278582 0.0221948 0.0169262 0.0122395 0.00830953 0.00524572
 0.0075935 0.0123947 0.0187646 0.0266761 0.0358793 0.0457541 0.0552817 0.063297 0.0689114 0.0717922 0.0721211 0.0703537 0.0670014 0.0625274 0.0573153 0.0516593 0.045768 0.039783 0.0338077 0.027939 0.0222957 0.0170347 0.0123422 0.00839611 0.00531082
 0.00758065 0.0123743 0.0187347 0.0266352 0.0358264 0.0456894 0.0552079 0.0632203 0.0688417 0.0717407 0.0720962 0.0703564 0.0670237 0.0625562 0.0573386 0.0516728 0.045776 0.0397954 0.0338343 0.027985 0.0223598 0.0171097 0.012418 0.00846322 0.00536326
 0.00757864 0.0123721 0.0187333 0.0266359 0.0358302 0.0456959 0.0552145 0.0632229 0.0688361 0.0717246 0.072071 0.0703268 0.0669957 0.0625336 0.0573214 0.0516582 0.0457617 0.0397825 0.0338277 0.0279905 0.0223804 0.0171437 0.0124596 0.00850468 0.00539847
 0.00754249 0.0123164 0.0186555 0.0265361 0.0357121 0.0455668 0.0550856 0.0631077 0.0687474 0.0716712 0.0720555 0.0703459 0.0670428 0.0626014 0.0574031 0.0517471 0.0458517 0.0398687 0.0339077 0.0280644 0.0224497 0.0172087 0.0125188 0.00855523 0.00543792
 0.00755017 0.0123259 0.0186642 0.0265397 0.0357057 0.0455469 0.0550514 0.063062 0.0686957 0.0716201 0.072011 0.0703124 0.0670225 0.0625944 0.0574081 0.0517619 0.045874 0.039896 0.033938 0.0280964 0.0224828 0.0172423 0.0125514 0.00858484 0.00546233
 0.00753586 0.0123059 0.01864 0.0265144 0.0356824 0.0455268 0.0550326 0.0630405 0.0686677 0.0715849 0.071972 0.070276 0.0669958 0.0625823 0.0574122 0.0517809 0.0459047 0.0399344 0.0339803 0.0281396 0.0225246 0.0172812 0.012586 0.00861391 0.005485
 0.00752155 0.0122803 0.0185975 0.0264493 0.0355913 0.0454122 0.0549047 0.0629155 0.068563 0.0715127 0.0719361 0.0702733 0.0670198 0.0626273 0.057474 0.0518561 0.0459895 0.0400243 0.0340702 0.0282248 0.0226013 0.0173468 0.0126393 0.00865477 0.00551426
 0.0074972 0.0122428 0.0185447 0.0263803 0.0355059 0.0453104 0.054788 0.0627883 0.0684341 0.0713953 0.0718453 0.0702219 0.0670138 0.0626647 0.057547 0.0519544 0.0461029 0.0401442 0.0341893 0.028337 0.0227014 0.0174313 0.0127065 0.00870474 0.00554883
 0.00750721 0.012256 0.0185591 0.0263919 0.03551 0.0453032 0.0547671 0.0627531 0.0683851 0.0713337 0.071774 0.0701465 0.0669437 0.0626104 0.0575169 0.0519523 0.0461272 0.0401893 0.0342478 0.0284012 0.0227648 0.0174887 0.0127543 0.00874153 0.00557484
 0.00748889 0.0122307 0.018529 0.0263613 0.0354839 0.0452839 0.0547535 0.0627406 0.068368 0.0713086 0.0717406 0.0701077 0.066904 0.0625758 0.0574937 0.051946 0.0461411 0.0402233 0.034298 0.0284613 0.0228273 0.017547 0.0128039 0.00877989 0.00560195
 0.00748889 0.0122307 0.018529 0.0263613 0.0354839 0.0452839 0.0547535 0.0627406 0.068368 0.0713086 0.0717406 0.0701077 0.066904 0.0625758 0.0574937 0.051946 0.0461411 0.0402233 0.034298 0.0284613 0.0228273 0.017547 0.0128039 0.00877989 0.00560195
 0.00722925 0.0118154 0.0179191 0.0255312 0.0344335 0.0440545 0.0534383 0.0614788 0.0673153 0.0705956 0.0714397 0.0702233 0.0673841 0.0633337 0.0584311 0.0529704 0.0471756 0.0412103 0.0351972 0.0292462 0.0234827 0.0180675 0.013194 0.00905348 0.00577986
 0.00711917 0.0116098 0.0175607 0.0249523 0.0335738 0.0428902 0.0520091 0.0598969 0.0657482 0.0692297 0.0704413 0.0697062 0.0673918 0.0638365 0.0593393 0.0541582 0.048509 0.0425683 0.0364844 0.0303956 0.0244538 0.0188429 0.0137762 0.00946172 0.00604502
 0.0071578 0.0116688 0.0176397 0.0250404 0.0336422 0.0428862 0.0518587 0.059522 0.0650996 0.068321 0.0693642 0.0686154 0.0664632 0.0632186 0.0591159 0.0543349 0.0490225 0.0433124 0.0373398 0.0312548 0.0252356 0.0194972 0.0142825 0.0098236 0.00628306
 0.00717119 0.0117016 0.0177087 0.0251664 0.0338423 0.043161 0.0521798 0.0598269 0.0652989 0.0683194 0.0690917 0.0680587 0.0656839 0.0623463 0.0583126 0.0537462 0.0487354 0.0433373 0.0376202 0.0316956 0.0257352 0.0199723 0.0146803 0.0101224 0.00648595
 0.00713945 0.0116569 0.0176552 0.0251146 0.0338092 0.043168 0.0522481 0.0599694 0.0655082 0.0685589 0.0692947 0.0681434 0.0655831 0.0620391 0.0578437 0.0532177 0.0482734 0.0430461 0.0375484 0.0318272 0.0260061 0.0203011 0.014996 0.0103808 0.00667132
 0.00723956 0.011819 0.0178973 0.0254514 0.0342469 0.0436983 0.052843 0.0605817 0.0660814 0.0690378 0.0696324 0.068301 0.0655279 0.0617494 0.0573229 0.0525102 0.0474672 0.0422561 0.0368825 0.0313528 0.0257353 0.0201978 0.0150003 0.0104345 0.00673334
 0.00719276 0.0117569 0.0178304 0.0253995 0.0342361 0.0437543 0.0529837 0.0608131 0.0663943 0.0694082 0.0700236 0.0686676 0.0658208 0.0619218 0.0573384 0.0523529 0.0471542 0.0418407 0.0364437 0.0309708 0.025464 0.0200508 0.0149553 0.0104516 0.0067745
 0.00705826 0.0115382 0.0175029 0.0249455 0.0336548 0.043074 0.0522706 0.0601653 0.0659188 0.0691888 0.0700957 0.0690115 0.066371 0.062586 0.0580176 0.0529605 0.0476311 0.0421664 0.036637 0.031078 0.0255374 0.0201275 0.0150475 0.0105508 0.00686475
 0.00695481 0.0113595 0.0172149 0.024511 0.0330433 0.0422773 0.0513192 0.059135 0.0649231 0.0683574 0.0695472 0.0688262 0.0665725 0.0631347 0.0588213 0.0538973 0.0485789 0.0430285 0.0373582 0.0316461 0.0259716 0.0204594 0.0153042 0.0107482 0.00701041
 0.00699823 0.0114211 0.0172892 0.0245833 0.0330874 0.0422568 0.0511912 0.0588609 0.0644842 0.0677721 0.0688791 0.0681763 0.0660544 0.0628425 0.058801 0.0541347 0.0490068 0.043552 0.037885 0.0321108 0.026345 0.0207419 0.0155116 0.0108982 0.00711636
 0.0070763 0.0115567 0.0175082 0.0249109 0.033538 0.042818 0.0518114 0.0594497 0.0649309 0.0679762 0.0687811 0.0677779 0.0654216 0.0620906 0.0580637 0.0535264 0.0485925 0.0433364 0.0378251 0.0321429 0.0264119 0.0208083 0.0155641 0.0109367 0.00714449
 0.00710473 0.0116097 0.0176011 0.0250641 0.0337742 0.043156 0.0522574 0.0599873 0.0655145 0.0685307 0.0692125 0.0679956 0.0653672 0.0617616 0.0575196 0.0528725 0.0479465 0.042792 0.0374287 0.0318923 0.0262736 0.0207405 0.0155337 0.0109239 0.0071401
 0.00707794 0.0115704 0.0175505 0.0250083 0.0337249 0.0431318 0.0522829 0.0600896 0.0657149 0.0688335 0.0695941 0.0684012 0.0657192 0.061981 0.0575537 0.0527164 0.0476468 0.0424285 0.037083 0.0316202 0.0260935 0.0206409 0.0154889 0.0109092 0.00713863
 0.0070891 0.0115852 0.0175669 0.0250226 0.0337337 0.0431345 0.052284 0.0601004 0.0657521 0.0689155 0.0697352 0.0686025 0.0659617 0.062223 0.0577393 0.0527946 0.0475925 0.0422552 0.0368376 0.0313625 0.0258725 0.0204806 0.0153891 0.0108556 0.00711376
