SBPRF35
12.7214
Curr Bio
869888
B35
893240
F35
0.169704
FOFL
0.159244
OFL
109784
Bzero
3.63469e+06
#pred survey bio
 3.6131e+06 3.49131e+06 3.38869e+06 3.22904e+06 3.03785e+06 2.83307e+06 2.59407e+06 2.32997e+06 2.08829e+06 1.84167e+06 1.64429e+06 1.43056e+06 1.2748e+06 1.14571e+06 1.03916e+06 913323 810327 734847 701494 650948 621658 609631 591529 558130 550618 561806 548419 557600 561666 568293 574776 587505 602462 604622 619650 623098 633062 641530 651886 662736 661921 667784 664963 663129 666982 673826 680285 691501 694479 702404 702839 748948 800766 825757 839822 863364 857080 865144 878507 912344 929477 926437 915750 906927 894263 884303 886426 874761 2.95875e+07 1.74792e+07 1.75384e+07 1.82533e+07 1.94331e+07 2.08182e+07 2.22066e+07 2.34755e+07 2.45673e+07 2.5469e+07 2.61928e+07 2.67623e+07 2.72044e+07 2.75444e+07 2.78047e+07 2.80033e+07 2.81549e+07 2.82707e+07 2.83595e+07 2.84276e+07 2.84803e+07 2.85211e+07 2.85528e+07 2.85777e+07 2.85973e+07 2.86127e+07 2.86249e+07 2.86346e+07 2.86423e+07 2.86485e+07 2.86534e+07 2.86574e+07 2.86606e+07 2.86633e+07 2.86654e+07 2.86671e+07 2.86685e+07 2.86696e+07 2.86705e+07 2.86713e+07 2.86719e+07 2.86724e+07 2.86728e+07 2.86731e+07 2.86734e+07 2.86736e+07 2.86738e+07 2.86739e+07 2.86741e+07 2.86742e+07 2.86742e+07 2.86743e+07 2.86744e+07 2.86744e+07 2.86744e+07 2.86745e+07 2.86745e+07 2.86745e+07 2.86745e+07 2.86745e+07 2.86746e+07 2.86746e+07 2.86746e+07 2.86746e+07 2.86746e+07 2.86746e+07 2.86746e+07 2.86746e+07 2.86746e+07 2.86746e+07 2.86746e+07 2.86746e+07 2.86746e+07 2.86746e+07 2.86746e+07 2.86746e+07 2.86746e+07 2.86746e+07 2.86746e+07 2.86746e+07 2.86746e+07 2.86746e+07 2.86746e+07 2.86746e+07 2.86746e+07 2.86746e+07 2.86746e+07 2.86746e+07 2.86746e+07 2.86746e+07 2.86746e+07 2.86746e+07 2.86746e+07 2.86746e+07 2.86746e+07 2.86746e+07 2.86746e+07 2.86746e+07 2.86746e+07 2.86746e+07 0 0 0 0 0 0 0 0 0 0 0 0 0 0 0 0 0 0 0 0 0 0 0 0 0
#obs survey bio
 4.80076e+06 3.35908e+06 2.93023e+06 5.09789e+06 2.75243e+06 2.87697e+06 2.06447e+06 2.61439e+06 2.52146e+06 2.09299e+06 1.39689e+06 1.01496e+06 817389 1.22606e+06 732386 834125 813180 735086 717270 641173 671305 572882 497616 371182 595357 536735 787849 451442 618244 546524 593819 588928 901020 467321 464731 558420 556943 618085 957838 1.00432e+06 550965 696525 523067 592894 829248 742665 649306 669696 686700 748389 539063 696002 947756 791782 973130 644816 713791 838563 831086 1.12372e+06 699578 778007 1.04142e+06 745326 828435 1.03624e+06 848121 1.07918e+06
#pred catch bio
 107337 95380.7 155031 194088 219285 265464 304340 299583 318117 285954 310810 267111 249681 233484 249839 225715 196571 156190 166449 143707 126591 129679 138890 113692 97541.4 117545 97368.9 101730 99454.3 99810.7 95215.7 94219.8 104998 94039.5 104138 98565.7 100073 98237 97206.4 106195 99982.3 107541 106884 102767 101381 103018 100510 108803 105387 112467 75520.3 73870.8 97810.1 106614 99051.3 126196 115523 112878 96463.3 111083 127537 132982 130337 132602 128961 117237 126314 135183 109784 114486 113651 116847 123711 132205 140760 148495 155033 160306 164418 167542 169871 171581 172821 173713 174349 174799 175118 175341 175498 175607 175683 175737 175774 175799 175817 175829 175838 175843 175848 175850 175852 175854 175855 175855 175856 175856 175856 175856 175856 175856 175856 175857 175857 175857 175857 175857 175857 175857 175857 175857 175857 175857 175857 175857 175857 175857 175857 175857 175857 175857 175857 175857 175857 175857 175857 175857 175857 175857 175857 175857 175857 175857 175857 175857 175857 175857 175857 175857 175857 175857 175857 175857 175857 175857 175857 175857 175857 175857 175857 175857 175857 175857 175857 175857 175857 175857 175857 175857 0 0 0 0 0 0 0 0 0 0 0 0 0 0 0 0 0 0 0 0 0 0 0 0 0
#obs catch bio
 0 94946.8 155593 194282 219214 265653 304848 299490 319080 285642 312077 270120 254039 236586 255711 230108 200876 157995 168190 144816 127741 130669 141226 115173 97897.2 118995 97660.8 102544 99824.2 100203 95673.3 94655.9 105184 93980.6 104536 98642.4 100440 98847.6 97040.8 105710 99404.1 107213 106825 102906 101410 103185 100546 109346 105654 113036 75604.7 73878.6 98190.7 107049 98587.3 126551 115957 113781 96677.4 111258 127757 133390 130414 132718 129338 117181 126302 135285
#pred cpue bio
 3.56185e+06 3.44167e+06 3.34041e+06 3.18152e+06 2.99091e+06 2.78663e+06 2.54838e+06 2.28537e+06 2.04468e+06 1.79943e+06 1.60294e+06 1.3905e+06 1.2354e+06 1.10715e+06 1.00158e+06 877727 776759 703233 671078 622231 593861 582282 564847 532607 525540 536601 523768 532860 537010 543583 549941 562369 577123 579493 594265 597730 607533 615932 626356 637370 636792 642445 639526 637532 641129 647700 653875 664658 667478 675183 675556 720674 771892 796944 810891 833684 826946 834232 847303 880995 898380 895481 884823 876131 863802 854216 856637 846062 2.86563e+07 1.69453e+07 1.68786e+07 1.74238e+07 1.85326e+07 1.98978e+07 2.12816e+07 2.25495e+07 2.36411e+07 2.45428e+07 2.52666e+07 2.58361e+07 2.62781e+07 2.66182e+07 2.68785e+07 2.70771e+07 2.72287e+07 2.73445e+07 2.74332e+07 2.75014e+07 2.75541e+07 2.75949e+07 2.76266e+07 2.76515e+07 2.7671e+07 2.76865e+07 2.76987e+07 2.77084e+07 2.77161e+07 2.77223e+07 2.77272e+07 2.77312e+07 2.77344e+07 2.7737e+07 2.77392e+07 2.77409e+07 2.77423e+07 2.77434e+07 2.77443e+07 2.77451e+07 2.77457e+07 2.77462e+07 2.77466e+07 2.77469e+07 2.77472e+07 2.77474e+07 2.77476e+07 2.77477e+07 2.77479e+07 2.7748e+07 2.7748e+07 2.77481e+07 2.77482e+07 2.77482e+07 2.77482e+07 2.77483e+07 2.77483e+07 2.77483e+07 2.77483e+07 2.77483e+07 2.77484e+07 2.77484e+07 2.77484e+07 2.77484e+07 2.77484e+07 2.77484e+07 2.77484e+07 2.77484e+07 2.77484e+07 2.77484e+07 2.77484e+07 2.77484e+07 2.77484e+07 2.77484e+07 2.77484e+07 2.77484e+07 2.77484e+07 2.77484e+07 2.77484e+07 2.77484e+07 2.77484e+07 2.77484e+07 2.77484e+07 2.77484e+07 2.77484e+07 2.77484e+07 2.77484e+07 2.77484e+07 2.77484e+07 2.77484e+07 2.77484e+07 2.77484e+07 2.77484e+07 2.77484e+07 2.77484e+07 2.77484e+07 2.77484e+07 2.77484e+07 2.77484e+07 2.77484e+07 0 0 0 0 0 0 0 0 0 0 0 0 0 0 0 0 0 0 0 0 0 0 0 0 0
#obs cpue bio
 3.81546e+06 2.65585e+06 2.24596e+06 3.12267e+06 3.31578e+06 2.70604e+06 3.11381e+06 2.07956e+06 1.45695e+06 1.74429e+06 1.59161e+06 888785 1.11177e+06 1.03672e+06 829866 846106 502780 705027 783750 558062 393117 634240 411220 614004 616145 438502 414988 493758 574480 544115 433516 495732 581528 685720 679087 714700 558189 465202 779804 647925 779760 576713 661160 579726 555550 538308 677015 513956 683022 706696 592604 873389 670249 772280 1.22156e+06 826340 647909 595482 983454 997097 1.25065e+06 899709 894985 1.08796e+06 768136 830161 994449 702625
#pred surv len freq
 0.00503128 0.00810497 0.0120803 0.016904 0.0224486 0.0284492 0.0344669 0.0399806 0.0445766 0.048085 0.0505664 0.0522013 0.0531892 0.0537019 0.0538744 0.0538122 0.0536065 0.0533308 0.0529877 0.0524013 0.0511274 0.0485089 0.0439554 0.0373441 0.029265
 0.00519457 0.00829822 0.0122418 0.0169425 0.0222814 0.0280546 0.0339168 0.0394241 0.0441751 0.0479371 0.0506704 0.0524764 0.0535346 0.0540537 0.0542287 0.0542086 0.0540831 0.0538779 0.053524 0.0527913 0.0512367 0.0482709 0.0434108 0.0366266 0.02854
 0.00535177 0.0085547 0.012624 0.0174612 0.0229131 0.0287238 0.0344972 0.0397742 0.0442029 0.0476556 0.0502002 0.0519854 0.0531564 0.0538404 0.0541625 0.0542472 0.0541948 0.0540396 0.0536946 0.0528934 0.0511728 0.0479714 0.0428803 0.0359515 0.0278508
 0.00552852 0.00883885 0.0130464 0.01805 0.0236891 0.0296897 0.035621 0.0409723 0.0453385 0.0485631 0.0507364 0.052086 0.0528647 0.0532848 0.053496 0.0535873 0.0535984 0.0535099 0.0531989 0.0523763 0.0505716 0.0472438 0.0420351 0.0350584 0.0270148
 0.00575861 0.00919996 0.0135664 0.0187478 0.0245741 0.03076 0.0368579 0.042334 0.0467542 0.0499308 0.0519262 0.052957 0.0532986 0.053228 0.0529843 0.0527332 0.0525443 0.0523757 0.0520504 0.0512253 0.049401 0.0460426 0.0408273 0.0339101 0.0260124
 0.00598897 0.00956928 0.0141125 0.0195023 0.0255565 0.0319695 0.0382641 0.0438754 0.0483464 0.0514807 0.0533398 0.0541381 0.0541461 0.0536448 0.0529016 0.0521402 0.0515007 0.0509945 0.0504592 0.0495306 0.0476771 0.0443465 0.0392221 0.0324732 0.0248198
 0.00625706 0.00999709 0.0147418 0.0203678 0.0266812 0.0333561 0.0398852 0.0456667 0.0502121 0.0533074 0.0550129 0.055553 0.0552113 0.0542803 0.0530394 0.0517336 0.0505417 0.049529 0.0485868 0.0473865 0.0454089 0.0420986 0.0371299 0.0306552 0.0233606
 0.00657278 0.0104999 0.0154793 0.0213781 0.0279873 0.0349571 0.0417451 0.0477092 0.0523279 0.0553709 0.0568998 0.0571509 0.0564246 0.0550307 0.0532648 0.051388 0.0496006 0.0480027 0.0465357 0.0449293 0.0427166 0.0393746 0.0345802 0.0284543 0.0216196
 0.00686592 0.0109686 0.0161707 0.022332 0.0292309 0.0364959 0.0435511 0.0497152 0.0544332 0.0574562 0.0588433 0.0588391 0.0577577 0.0559245 0.0536501 0.0512103 0.0488223 0.0466126 0.0445653 0.0424719 0.0399356 0.0364921 0.0318412 0.0260751 0.0197391
 0.00728561 0.0116215 0.0170991 0.0235574 0.0307533 0.0382932 0.0455744 0.0518847 0.0566427 0.0595864 0.0607768 0.060471 0.0590003 0.0567076 0.0539188 0.050921 0.0479424 0.0451262 0.0424905 0.0398839 0.0369859 0.0334062 0.0288843 0.0234925 0.0176941
 0.0076627 0.0122177 0.0179646 0.0247266 0.0322382 0.0400742 0.0475909 0.0540348 0.0587987 0.0616206 0.0625817 0.0619652 0.060123 0.0574097 0.0541569 0.050655 0.0471367 0.0437571 0.0405619 0.0374518 0.0341809 0.0304376 0.0260109 0.0209627 0.0156797
 0.0081041 0.0129217 0.0189981 0.0261415 0.0340599 0.0422853 0.0501132 0.0567248 0.0614661 0.0640657 0.0646327 0.0635026 0.0610847 0.0577824 0.0539572 0.0499092 0.0458657 0.0419751 0.0382904 0.0347469 0.0311623 0.0273001 0.0230019 0.0183249 0.0135836
 0.00837635 0.0133626 0.0196594 0.0270723 0.0353005 0.0438548 0.0519939 0.0588511 0.0637251 0.0663095 0.0666986 0.0652344 0.0623545 0.058506 0.054099 0.0494734 0.0448801 0.0404765 0.0363235 0.032379 0.028507 0.0245309 0.020337 0.0159805 0.0117141
 0.00861885 0.013747 0.0202204 0.0278379 0.0362902 0.0450756 0.0534337 0.0604724 0.0654649 0.0680834 0.068406 0.0667648 0.0635947 0.0593525 0.0544716 0.0493255 0.0442012 0.0392876 0.0346721 0.0303422 0.0262008 0.0221171 0.0180105 0.0139312 0.0100777
 0.00873046 0.0139434 0.0205437 0.028336 0.0370063 0.0460314 0.0546141 0.0618232 0.0669054 0.0695265 0.0697736 0.06799 0.0646164 0.0601089 0.0548995 0.0493668 0.0438135 0.0384546 0.0334124 0.0287146 0.0243098 0.0201104 0.0160623 0.0122082 0.00869839
 0.00889558 0.0142222 0.0209826 0.0289853 0.0379095 0.0472084 0.0560432 0.0634323 0.0685793 0.0711292 0.0711743 0.0690868 0.065349 0.0604579 0.0548733 0.0489832 0.0430874 0.0373977 0.0320442 0.0270795 0.0224902 0.018229 0.0142669 0.0106396 0.00745356
 0.00897187 0.0143548 0.021199 0.0293195 0.0383984 0.0478838 0.0569211 0.0645027 0.0698002 0.0724258 0.0724459 0.0702204 0.06624 0.0610291 0.0550859 0.0488343 0.0425977 0.0365985 0.030972 0.0257822 0.0210386 0.0167229 0.0128258 0.0093782 0.00645147
 0.00908527 0.0145175 0.021405 0.0295529 0.0386427 0.0481353 0.0571974 0.0648404 0.0702406 0.0729954 0.0731403 0.0709973 0.0670242 0.061727 0.0556055 0.0491041 0.0425775 0.0362808 0.0303771 0.0249537 0.0200426 0.015647 0.0117712 0.0084406 0.00569884
 0.00908353 0.0145035 0.0213632 0.0294616 0.0384801 0.047889 0.0568757 0.0644796 0.0699057 0.0727709 0.0731108 0.0712229 0.0675164 0.0624378 0.0564347 0.0499238 0.0432633 0.0367379 0.0305558 0.024852 0.0197014 0.0151404 0.011191 0.00787733 0.00522153
 0.0092888 0.0148178 0.0217984 0.0300117 0.0391179 0.0485645 0.057517 0.0650018 0.0702313 0.0728561 0.0729657 0.0709116 0.0671374 0.0620898 0.0561837 0.049783 0.0431937 0.0366693 0.0304157 0.024593 0.0193156 0.0146595 0.0106737 0.00738904 0.00481392
 0.00938068 0.0149586 0.0219943 0.0302631 0.0394194 0.0489053 0.0578797 0.0653596 0.0705476 0.0730891 0.0730785 0.0708865 0.0669862 0.061856 0.055929 0.0495639 0.043039 0.0365687 0.0303285 0.0244695 0.0191223 0.0143936 0.0103627 0.00707663 0.00454136
 0.00936218 0.0149285 0.0219494 0.0302013 0.0393416 0.0488177 0.0577952 0.0652971 0.0705268 0.0731235 0.0731684 0.0710166 0.0671308 0.0619895 0.0560377 0.0496506 0.0431166 0.0366463 0.0304 0.0245138 0.019115 0.0143226 0.0102368 0.00692224 0.00438985
 0.00928216 0.0148226 0.0218345 0.0301068 0.0392999 0.04885 0.0579005 0.0654525 0.070699 0.0732833 0.0733001 0.0711174 0.0672043 0.0620388 0.0560633 0.0496531 0.0431 0.0366182 0.0303661 0.0244729 0.0190594 0.0142448 0.0101369 0.00681065 0.00428277
 0.00941206 0.015013 0.0220832 0.0304008 0.0396219 0.0491867 0.058247 0.065806 0.0710478 0.0735981 0.0735374 0.0712343 0.0671761 0.0618685 0.055779 0.049296 0.0427121 0.0362343 0.0300107 0.0241595 0.0187913 0.0140186 0.00994795 0.00665598 0.00416188
 0.00951214 0.0151423 0.0222162 0.0304935 0.0396248 0.0490655 0.058001 0.0654742 0.070699 0.0733101 0.0733728 0.0712213 0.0673013 0.0620852 0.0560273 0.0495243 0.0428899 0.0363532 0.0300769 0.0241849 0.0187875 0.0139945 0.00991064 0.00661244 0.00411905
 0.00934081 0.0148941 0.0218977 0.0301264 0.0392353 0.04867 0.0575985 0.0650547 0.0702634 0.0728886 0.0730275 0.0710284 0.0673209 0.0623352 0.0564745 0.0500971 0.0435033 0.0369335 0.0305759 0.0245817 0.0190813 0.0141967 0.010038 0.00668374 0.00415247
 0.00941475 0.0150029 0.0220408 0.0302972 0.0394246 0.0488692 0.0577996 0.0652438 0.0704136 0.0729601 0.0729807 0.0708462 0.0670262 0.0619888 0.0561523 0.0498586 0.0433716 0.0368947 0.0305952 0.0246225 0.0191181 0.0142179 0.010043 0.00667714 0.00414041
 0.00934468 0.0148854 0.021858 0.0300321 0.039067 0.0484248 0.0572978 0.0647386 0.0699724 0.072645 0.0728286 0.0708588 0.0671737 0.0622275 0.0564447 0.0501845 0.0437239 0.0372666 0.0309701 0.0249748 0.0194219 0.0144565 0.0102128 0.00678636 0.00420348
 0.00933661 0.0148709 0.0218328 0.0299896 0.038997 0.0483142 0.0571327 0.0645106 0.0696868 0.0723263 0.0725193 0.0706084 0.0670224 0.0621931 0.0565197 0.0503451 0.0439424 0.0375196 0.0312386 0.0252401 0.0196648 0.0146602 0.0103677 0.00689246 0.00426857
 0.00934784 0.014881 0.021833 0.0299668 0.0389374 0.048208 0.0569786 0.0643155 0.0694622 0.072085 0.0722759 0.0703818 0.0668378 0.0620778 0.0564946 0.0504165 0.0440995 0.0377392 0.0314924 0.0255011 0.0199094 0.0148705 0.0105331 0.00701051 0.00434459
 0.00932407 0.0148489 0.0217963 0.0299317 0.0389086 0.0481848 0.0569517 0.0642697 0.0693834 0.0719672 0.0721243 0.0702116 0.0666696 0.061934 0.056397 0.0503824 0.0441378 0.0378468 0.0316543 0.0256938 0.0201075 0.0150518 0.0106824 0.00712153 0.0044189
 0.00917914 0.0146324 0.0215065 0.0295808 0.0385213 0.047793 0.0565902 0.0639711 0.0691719 0.0718532 0.0721024 0.0702653 0.0667793 0.0620845 0.05658 0.0505956 0.0443811 0.0381178 0.031945 0.0259894 0.0203887 0.0152995 0.0108831 0.00727001 0.00451871
 0.00904425 0.0144179 0.0211936 0.029158 0.0379897 0.0471732 0.0559276 0.0633332 0.0686346 0.0714809 0.0719314 0.0702975 0.0669877 0.0624253 0.0570058 0.0510658 0.044866 0.0385978 0.0324062 0.026419 0.0207729 0.0156252 0.0111413 0.00745926 0.0046457
 0.00911574 0.0145139 0.0213001 0.0292475 0.0380269 0.0471248 0.0557724 0.0630693 0.0682822 0.07108 0.0715352 0.0699606 0.0667529 0.0623136 0.0570147 0.0511749 0.0450474 0.0388243 0.0326551 0.0266722 0.0210148 0.0158417 0.0113213 0.00759688 0.00474154
 0.00901264 0.0143641 0.0211068 0.0290232 0.0377868 0.0468782 0.0555178 0.062797 0.0679845 0.0707623 0.0712218 0.0696912 0.0665722 0.0622576 0.0570998 0.0513942 0.0453735 0.0392179 0.0330753 0.0270832 0.0213892 0.016161 0.0115757 0.00778487 0.00486932
 0.00901553 0.014364 0.0210985 0.0290001 0.0377444 0.0468175 0.0554463 0.0627245 0.0679148 0.0706872 0.0711237 0.0695548 0.066398 0.0620684 0.0569344 0.0512924 0.0453613 0.0392994 0.0332339 0.0272899 0.0216119 0.016372 0.0117557 0.0079242 0.0049673
 0.00893294 0.0142403 0.0209316 0.0287948 0.0375102 0.0465661 0.0551904 0.0624793 0.0676986 0.0705195 0.0710191 0.069517 0.0664176 0.0621286 0.0570217 0.051404 0.0455046 0.0394836 0.0334603 0.0275466 0.021877 0.0166204 0.0119669 0.00808728 0.00508149
 0.00875869 0.0139836 0.0205949 0.0283981 0.0370861 0.0461506 0.0548156 0.0621699 0.0674713 0.0703833 0.0709756 0.0695614 0.0665404 0.0623157 0.0572558 0.0516678 0.0457852 0.0397743 0.0337578 0.0278459 0.022167 0.0168853 0.012191 0.00826093 0.00520375
 0.0086509 0.0138022 0.0203121 0.0279884 0.036537 0.0454769 0.0540691 0.0614352 0.0668441 0.0699416 0.0707591 0.069569 0.0667412 0.0626647 0.0577059 0.0521764 0.0463168 0.0403015 0.0342611 0.0283113 0.0225831 0.0172415 0.0124791 0.0084778 0.00535386
 0.00866866 0.0138114 0.0202889 0.0278965 0.0363342 0.0451282 0.0535618 0.060789 0.0661147 0.0692137 0.0701303 0.069126 0.0665378 0.0627107 0.0579706 0.0526041 0.0468445 0.040872 0.0348288 0.0288431 0.0230562 0.017641 0.0127972 0.00871433 0.00551628
 0.00879766 0.0140078 0.020558 0.02823 0.0367067 0.0454956 0.0538616 0.0609494 0.0660728 0.0689393 0.0696428 0.0684953 0.0658665 0.062105 0.0575123 0.0523336 0.0467592 0.0409385 0.0349995 0.0290701 0.0232992 0.0178705 0.0129939 0.00886836 0.00562635
 0.00881647 0.0140441 0.020623 0.0283369 0.036867 0.0457115 0.0541196 0.0612164 0.0662992 0.0690682 0.0696254 0.0683075 0.0655217 0.0616562 0.0570396 0.0519203 0.0464679 0.0407958 0.0349955 0.02917 0.0234589 0.0180487 0.0131599 0.00900431 0.00572584
 0.00888494 0.0141505 0.0207742 0.0285368 0.0371165 0.0460089 0.0544581 0.0615811 0.0666633 0.0693926 0.0698611 0.0684049 0.0654444 0.0613953 0.0566233 0.0514112 0.0459466 0.0403381 0.0346517 0.0289557 0.0233593 0.0180315 0.0131891 0.00905056 0.00577029
 0.00890902 0.0141932 0.0208449 0.0286462 0.0372739 0.0462183 0.0547149 0.0618715 0.0669673 0.0696872 0.0701218 0.0686044 0.065552 0.0613822 0.0564727 0.0511298 0.0455702 0.0399243 0.0342636 0.0286423 0.0231432 0.0179083 0.0131368 0.00904131 0.00578065
 0.00891441 0.014198 0.0208455 0.0286383 0.0372558 0.0461947 0.054699 0.0618828 0.0670246 0.0698005 0.0702874 0.0688043 0.0657576 0.0615591 0.0565866 0.0511547 0.0454974 0.0397686 0.0340603 0.0284359 0.0229713 0.0177908 0.0130733 0.00901836 0.00578062
 0.00893279 0.0142226 0.0208723 0.0286601 0.0372633 0.0461796 0.0546579 0.0618197 0.0669525 0.0697398 0.070261 0.06883 0.0658401 0.0616863 0.0567313 0.0512827 0.0455777 0.0397839 0.0340133 0.028347 0.0228701 0.0177034 0.013014 0.00898775 0.00577089
 0.00896093 0.014266 0.020933 0.0287373 0.037353 0.0462734 0.0547432 0.0618815 0.0669777 0.069723 0.0702083 0.0687586 0.0657729 0.0616432 0.0567212 0.0512991 0.0456022 0.039794 0.0339931 0.0282945 0.0227965 0.0176266 0.0129499 0.00894406 0.00574683
 0.00888342 0.0141563 0.0207982 0.0285944 0.0372241 0.0461783 0.0546926 0.0618751 0.0670061 0.0697723 0.070265 0.0688134 0.0658239 0.0616954 0.056783 0.0513764 0.0456926 0.0398865 0.0340725 0.0283484 0.0228216 0.0176289 0.0129403 0.00893253 0.00573886
 0.00887642 0.0141429 0.0207749 0.0285583 0.0371759 0.046125 0.0546485 0.0618583 0.0670305 0.0698394 0.0703613 0.0689153 0.0659077 0.0617467 0.0568007 0.05137 0.0456753 0.0398681 0.0340558 0.0283308 0.0227994 0.0176017 0.0129112 0.00890655 0.00571946
 0.00887186 0.014131 0.0207489 0.0285092 0.0370947 0.0460072 0.0544982 0.0616902 0.0668688 0.0697127 0.0702939 0.0689197 0.0659794 0.0618665 0.0569422 0.0515099 0.0457995 0.0399721 0.0341401 0.028397 0.0228481 0.0176338 0.0129291 0.00891429 0.00572157
 0.0088416 0.014096 0.0207217 0.0285085 0.0371381 0.0461008 0.0546291 0.0618287 0.0669796 0.0697695 0.07029 0.0688682 0.0659049 0.0617931 0.056885 0.0514716 0.0457746 0.0399526 0.0341207 0.0283758 0.0228257 0.0176115 0.0129084 0.00889655 0.00570779
 0.00848629 0.0135458 0.0199469 0.0275058 0.0359374 0.0447709 0.0532803 0.0606019 0.0660177 0.0691801 0.0701193 0.0690987 0.0664742 0.0626173 0.0578763 0.0525473 0.0468609 0.0409875 0.0350564 0.0291806 0.0234839 0.0181218 0.0132814 0.00915165 0.00586973
 0.00828486 0.0132077 0.0194192 0.0267354 0.0348855 0.0434361 0.0517208 0.0589422 0.0644314 0.0678538 0.0692118 0.0687095 0.0666276 0.0632651 0.0589161 0.0538493 0.0482925 0.0424304 0.0364153 0.0303864 0.0244942 0.0189197 0.0138728 0.00956059 0.00613163
 0.00832211 0.0132556 0.0194656 0.0267545 0.0348366 0.0432655 0.0513699 0.0583641 0.0636138 0.0668404 0.0681087 0.0676682 0.0658075 0.0627912 0.0588485 0.0541745 0.0489359 0.0432819 0.0373564 0.0313115 0.0253239 0.0196055 0.0143968 0.00993017 0.00637131
 0.00849387 0.0135096 0.0198002 0.0271497 0.0352562 0.043662 0.0516878 0.0585413 0.0635865 0.0665561 0.0675471 0.0668607 0.0648459 0.0618151 0.0580117 0.0536025 0.0486926 0.0433585 0.037684 0.0317894 0.0258492 0.020096 0.0148016 0.0102302 0.00657231
 0.00860046 0.0136755 0.0200355 0.0274565 0.0356263 0.0440736 0.0521033 0.0589087 0.0638471 0.0666548 0.0674421 0.0665321 0.0643038 0.0611077 0.0572277 0.0528586 0.0481051 0.0430085 0.037594 0.0319219 0.0261265 0.0204297 0.0151188 0.0104872 0.00675476
 0.00867479 0.0138182 0.0202896 0.0278728 0.0362474 0.0449107 0.0531152 0.0599991 0.0648828 0.0674978 0.067979 0.0666919 0.0640642 0.0604957 0.0563166 0.0517616 0.0469601 0.0419533 0.0367363 0.0313156 0.0257661 0.0202647 0.0150799 0.0105105 0.00679601
 0.00844356 0.0134889 0.0198826 0.0274423 0.0358741 0.0446843 0.0531153 0.060276 0.0654409 0.0682839 0.0688844 0.0675736 0.0647796 0.0609374 0.0564352 0.0515721 0.0465348 0.0414021 0.0361786 0.0308493 0.0254451 0.020093 0.0150244 0.0105234 0.00683517
 0.00821713 0.0131309 0.0193651 0.0267535 0.0350292 0.0437387 0.0521724 0.0594791 0.0649405 0.0681926 0.0692383 0.0683178 0.0657823 0.0620252 0.0574375 0.0523614 0.0470521 0.0416611 0.036248 0.0308214 0.0254018 0.0200831 0.0150589 0.0105871 0.00690474
 0.00809884 0.0129176 0.0190059 0.0261894 0.0342088 0.0426441 0.0508446 0.0580291 0.0635381 0.0670341 0.0685044 0.0681307 0.0661727 0.0629205 0.0586782 0.0537444 0.0483848 0.0428071 0.0371484 0.0314868 0.0258832 0.0204388 0.0153311 0.0107974 0.00706101
 0.00819494 0.0130508 0.0191611 0.0263317 0.034284 0.0425851 0.0505832 0.0575137 0.0627578 0.0660403 0.0674181 0.0671243 0.0654272 0.0625728 0.0587787 0.0542423 0.0491487 0.0436717 0.0379675 0.0321698 0.0264024 0.0208116 0.0155931 0.0109809 0.00718807
 0.00823271 0.0131325 0.0193199 0.0266054 0.0346994 0.043134 0.0512039 0.058092 0.0631527 0.066127 0.0671306 0.0664825 0.0645399 0.0616114 0.0579296 0.0536503 0.0488751 0.0436855 0.0381725 0.0324521 0.026673 0.0210252 0.0157425 0.011079 0.00725125
 0.00821771 0.0131182 0.0193187 0.0266393 0.0347993 0.0433351 0.0515349 0.0585593 0.0637224 0.0667158 0.0676153 0.0667347 0.064473 0.0612201 0.0572989 0.0529282 0.0482189 0.0432077 0.0379103 0.032373 0.0267073 0.0211039 0.0158205 0.0111377 0.00728968
 0.00820592 0.0130971 0.019284 0.0265883 0.034734 0.0432675 0.0514907 0.0585758 0.0638384 0.0669544 0.0679655 0.0671404 0.0648407 0.0614476 0.0573164 0.0527311 0.0478726 0.0428189 0.0375807 0.0321608 0.0266163 0.0211001 0.0158593 0.0111851 0.0073283
 0.00816422 0.0130406 0.0192193 0.0265277 0.0346912 0.0432512 0.0515013 0.0586083 0.0638905 0.0670333 0.0680871 0.0673183 0.0650693 0.0616912 0.0575143 0.052822 0.0478251 0.0426499 0.0373482 0.0319351 0.0264484 0.0210062 0.0158262 0.0111873 0.00734344
 0.00809629 0.0129362 0.0190742 0.0263437 0.0344777 0.0430262 0.0512905 0.0584407 0.0637911 0.0670159 0.0681527 0.0674593 0.0652746 0.0619455 0.0577926 0.0530863 0.0480324 0.0427697 0.0373781 0.0319019 0.0263929 0.0209621 0.0158081 0.011192 0.0073595
 0.00772447 0.0123935 0.0183723 0.0255332 0.0336341 0.0422266 0.0505961 0.0578937 0.0634197 0.06684 0.0681829 0.0676925 0.0656909 0.0625091 0.0584561 0.0537955 0.0487309 0.0434059 0.0379152 0.0323256 0.0267114 0.0211971 0.0159819 0.0113203 0.0074511
 0.00724144 0.0116634 0.0173784 0.0243028 0.0322378 0.0407707 0.0492135 0.0567267 0.0625924 0.0664269 0.0681927 0.0680774 0.0663729 0.0634054 0.0594913 0.0549022 0.049846 0.0444702 0.0388772 0.0331485 0.0273785 0.0217112 0.01636 0.0115853 0.00762708
#obs surv len freq
 nan nan nan nan nan nan nan nan nan nan nan nan nan nan nan nan nan nan nan nan nan nan nan nan nan
 0.0044861 0.00734798 0.0111783 0.0159945 0.0216945 0.0279689 0.0342818 0.040012 0.0446909 0.0481544 0.0505124 0.0520086 0.0529013 0.0534141 0.0537287 0.0539839 0.0542626 0.0545555 0.0546943 0.0542862 0.0527243 0.0493565 0.0438062 0.0362863 0.0276699
 0.00461872 0.00756579 0.0115098 0.0164665 0.0223253 0.028758 0.0351999 0.0409988 0.0456635 0.0490245 0.0512027 0.0524644 0.0530957 0.0533473 0.0534237 0.0534781 0.0535999 0.0537785 0.0538421 0.0533958 0.0518346 0.0485109 0.0430497 0.0356569 0.0271889
 0.00477594 0.00782379 0.0119026 0.0170277 0.0230814 0.0297183 0.036345 0.0422746 0.0469864 0.0502935 0.0523151 0.0533286 0.0536416 0.0535342 0.0532433 0.0529527 0.0527749 0.0527135 0.0526035 0.0520537 0.0504638 0.0471914 0.041861 0.0346645 0.026429
 0.00496607 0.00813432 0.0123727 0.017695 0.0239751 0.0308482 0.0376897 0.0437769 0.0485593 0.0518348 0.0537203 0.0545 0.0544926 0.0539957 0.0532702 0.0525304 0.0519216 0.0514787 0.0510631 0.0503053 0.048623 0.0453852 0.040215 0.0332812 0.0253659
 0.00517977 0.00848408 0.0129035 0.0184502 0.0249884 0.0321305 0.0392156 0.0454799 0.0503413 0.0535841 0.0553283 0.0558693 0.0555392 0.0546477 0.0534692 0.0522364 0.0511202 0.0501893 0.0493457 0.048263 0.0463993 0.0431518 0.0381477 0.0315265 0.0240091
 0.00540526 0.00885421 0.0134673 0.0192556 0.0260737 0.0335097 0.0408634 0.0473261 0.0522804 0.0554949 0.0570931 0.0573847 0.0567193 0.0554222 0.0537807 0.0520391 0.0503834 0.0489079 0.0475546 0.0460519 0.0439187 0.0406019 0.0357468 0.0294639 0.0224012
 0.00565333 0.00925825 0.0140769 0.020118 0.0272253 0.0349624 0.0425907 0.049257 0.0543079 0.0574957 0.0589461 0.0589828 0.0579734 0.0562612 0.0541483 0.0518902 0.0496838 0.047641 0.0457375 0.0437573 0.0412899 0.0378496 0.0331154 0.0271762 0.0206018
 0.00588562 0.0096421 0.0146661 0.0209664 0.0283759 0.0364308 0.044348 0.0512246 0.0563705 0.0595241 0.0608187 0.0605961 0.0592437 0.0571217 0.0545454 0.05178 0.0490307 0.0464229 0.0439607 0.0414796 0.0386423 0.035039 0.0303945 0.0247854 0.0187049
 0.0061308 0.0100406 0.0152659 0.021813 0.029505 0.0378557 0.0460457 0.053129 0.0583787 0.0615137 0.0626669 0.0621933 0.0605006 0.0579709 0.0549378 0.0516782 0.0484048 0.0452523 0.0422472 0.0392709 0.0360561 0.0322702 0.0276912 0.0223905 0.016791
 0.00638541 0.0104598 0.0159062 0.022729 0.0307376 0.0394132 0.0478868 0.0551591 0.0604668 0.0635208 0.0644699 0.0636955 0.0616314 0.0586799 0.0551901 0.0514491 0.0476759 0.0440121 0.0405017 0.0370643 0.033496 0.029538 0.0250219 0.0200197 0.0148898
 0.00661544 0.0108389 0.0164866 0.023563 0.0318676 0.0408558 0.0496154 0.0570963 0.0624933 0.0654973 0.0662606 0.0651863 0.0627383 0.0593508 0.0553982 0.0511835 0.0469329 0.0427928 0.0388198 0.034965 0.0310783 0.026967 0.022512 0.0177883 0.0130965
 0.00684924 0.0112191 0.0170591 0.0243708 0.032943 0.0422081 0.0512171 0.0588779 0.0643516 0.0673127 0.067915 0.066575 0.0637772 0.0599795 0.0555815 0.0509078 0.0461997 0.0416139 0.03722 0.0329947 0.0288323 0.0245949 0.0202058 0.0157417 0.0114523
 0.00703947 0.0115367 0.017552 0.0250882 0.0339239 0.0434645 0.052718 0.0605457 0.0660755 0.0689731 0.0694039 0.0678062 0.064686 0.0605204 0.0557247 0.0506378 0.0455143 0.0405234 0.035751 0.0311992 0.026801 0.0224635 0.0181439 0.013918 0.00998977
 0.00726737 0.0119048 0.0181018 0.0258567 0.034937 0.0447258 0.0541965 0.0621698 0.0677403 0.0705584 0.070795 0.0689097 0.0654385 0.0608887 0.0557004 0.0502282 0.0447347 0.0393951 0.0343051 0.0294875 0.0249072 0.0205091 0.0162763 0.0122808 0.00868527
 0.0074369 0.0121884 0.0185429 0.0264995 0.0358158 0.0458493 0.0555326 0.063643 0.0692455 0.0719834 0.0720402 0.0698969 0.0661125 0.0612161 0.0556684 0.0498415 0.0440113 0.0383623 0.0329998 0.0279623 0.0232397 0.0188052 0.0146615 0.0108746 0.00757059
 0.00753648 0.0123519 0.0187929 0.0268601 0.0363107 0.0464965 0.0563372 0.06459 0.0702952 0.073074 0.0730942 0.070832 0.0668538 0.0617053 0.0558679 0.0497344 0.0435983 0.0376596 0.0320387 0.0267918 0.0219309 0.017452 0.0133713 0.00974805 0.00667656
 0.00758767 0.0124293 0.0188991 0.0269957 0.0364772 0.0467002 0.0565913 0.0649133 0.0707071 0.0735853 0.0736987 0.0715 0.0675318 0.0623235 0.0563526 0.0500214 0.043643 0.037442 0.0315649 0.0260945 0.0210692 0.0165081 0.0124394 0.00891666 0.00600784
 0.00768509 0.0125778 0.0191038 0.0272537 0.0367776 0.0470254 0.0569191 0.0652217 0.0709814 0.0738252 0.0739191 0.0717239 0.0677758 0.0625846 0.0566032 0.0502138 0.043722 0.0373601 0.0312956 0.0256408 0.0204656 0.0158166 0.0117377 0.00827997 0.00549037
 0.00772588 0.0126436 0.0192017 0.0273891 0.036952 0.0472338 0.0571481 0.0654507 0.0711883 0.0739941 0.074047 0.0718219 0.0678646 0.0626844 0.0567223 0.0503408 0.0438246 0.0373939 0.0312186 0.0254293 0.0201248 0.0153822 0.0112667 0.00783397 0.0051176
 0.00776996 0.0127082 0.0192858 0.0274879 0.0370591 0.0473439 0.0572592 0.0655628 0.0713006 0.0741028 0.0741455 0.071904 0.0679289 0.0627364 0.0567715 0.0503933 0.0438759 0.0374246 0.0311995 0.025333 0.0199395 0.01512 0.0109618 0.00753075 0.00485532
 0.00780708 0.0127651 0.0193649 0.0275882 0.0371757 0.0474679 0.0573785 0.0656644 0.0713751 0.0741478 0.0741665 0.0719107 0.0679301 0.0627379 0.0567759 0.0504014 0.0438857 0.0374286 0.0311831 0.0252781 0.0198327 0.0149614 0.010768 0.0073297 0.00467539
 0.00786669 0.0128547 0.0194859 0.0277368 0.0373435 0.0476436 0.0575486 0.0658144 0.0714906 0.0742178 0.0741862 0.0718835 0.067867 0.0626534 0.0566845 0.0503137 0.0438069 0.0373577 0.0311133 0.0251985 0.0197333 0.0148383 0.0106275 0.00718671 0.00454726
 0.00786468 0.0128524 0.0194843 0.0277372 0.037347 0.0476504 0.057558 0.0658249 0.0715014 0.0742296 0.0742007 0.0719023 0.0678903 0.0626802 0.0567134 0.0503436 0.0438365 0.0373844 0.0311323 0.0252028 0.019716 0.0147964 0.0105644 0.00711241 0.00447442
 0.00788538 0.0128804 0.0195161 0.0277663 0.0373661 0.0476548 0.0575475 0.0658042 0.0714775 0.0742086 0.0741863 0.0718958 0.0678917 0.0626889 0.0567282 0.0503631 0.0438584 0.0374061 0.0311499 0.0252116 0.0197113 0.0147756 0.010529 0.00706802 0.0044291
 0.00791744 0.0129305 0.0195872 0.0278587 0.0374761 0.0477732 0.0576599 0.0658934 0.0715285 0.0742145 0.0741508 0.0718306 0.0678115 0.0626065 0.0566523 0.0502979 0.0438052 0.0373637 0.0311156 0.0251818 0.0196818 0.0147435 0.0104935 0.00703119 0.00439465
 0.00787838 0.0128692 0.0194994 0.027743 0.0373351 0.0476152 0.0574992 0.0657486 0.0714178 0.0741503 0.0741368 0.0718628 0.0678816 0.0627054 0.0567711 0.050428 0.0439383 0.0374918 0.0312316 0.0252798 0.0197578 0.014796 0.0105239 0.00704364 0.00439522
 0.00789011 0.0128764 0.0194887 0.0276953 0.0372317 0.0474466 0.0572729 0.0654898 0.0711631 0.0739369 0.0739927 0.0718019 0.067903 0.062797 0.0569146 0.0506035 0.0441276 0.0376796 0.0314058 0.0254313 0.0198809 0.0148882 0.0105866 0.00708136 0.00441443
 0.00788484 0.0128716 0.0194873 0.0277002 0.037242 0.0474534 0.0572585 0.0654329 0.0710493 0.0737693 0.0737947 0.0716104 0.0677552 0.0627179 0.0569115 0.0506678 0.0442409 0.0378204 0.0315542 0.0255714 0.0200016 0.0149835 0.0106552 0.00712581 0.00443996
 0.00787022 0.0128465 0.0194476 0.0276423 0.0371648 0.0473609 0.0571596 0.0653387 0.0709673 0.0736988 0.0737287 0.0715429 0.0676886 0.0626654 0.0568913 0.0506942 0.0443168 0.0379369 0.0316945 0.0257165 0.0201352 0.0150946 0.0107391 0.00718327 0.00447539
 0.00784886 0.0128086 0.0193849 0.0275457 0.0370269 0.0471803 0.0569452 0.0651101 0.0707515 0.0735228 0.073612 0.0714921 0.0676983 0.0627232 0.0569851 0.0508168 0.0444651 0.0381075 0.0318792 0.0259025 0.0203078 0.0152414 0.0108531 0.00726388 0.00452708
 0.00784745 0.0128035 0.0193717 0.0275178 0.0369766 0.0471002 0.0568309 0.0649623 0.0705782 0.0733395 0.0734399 0.0713537 0.0676116 0.0626966 0.0570166 0.0508968 0.0445816 0.0382492 0.032036 0.0260638 0.0204619 0.0153772 0.0109626 0.00734418 0.00458034
 0.00780579 0.0127404 0.0192856 0.0274098 0.0368503 0.0469602 0.0566817 0.0648091 0.0704267 0.0731969 0.0733148 0.0712566 0.0675538 0.0626879 0.0570622 0.050995 0.0447239 0.0384223 0.0322248 0.0262537 0.0206397 0.0155322 0.0110876 0.00743655 0.00464251
 0.00775512 0.0126559 0.0191549 0.0272221 0.0365999 0.0466531 0.0563393 0.0644665 0.070124 0.0729672 0.0731761 0.071211 0.0675924 0.0627977 0.0572305 0.0512102 0.0449741 0.0386941 0.0325028 0.0265216 0.0208828 0.0157388 0.0112511 0.0075561 0.00472263
 0.00775448 0.0126483 0.0191311 0.0271687 0.0365023 0.0464995 0.0561267 0.0642039 0.0698328 0.0726787 0.0729248 0.0710273 0.0674954 0.0627922 0.0573087 0.051357 0.0451718 0.0389248 0.0327493 0.026767 0.0211111 0.0159369 0.0114104 0.00767419 0.00480271
 0.00770187 0.0125697 0.0190254 0.0270385 0.0363516 0.0463314 0.0559416 0.0640012 0.0696149 0.0724544 0.0727117 0.070849 0.0673772 0.0627537 0.0573585 0.0514908 0.0453744 0.0391747 0.0330229 0.0270417 0.0213672 0.0161591 0.0115891 0.00780676 0.00489276
 0.00766824 0.0125114 0.0189315 0.026898 0.0361581 0.0460881 0.0556652 0.0637196 0.0693581 0.0722444 0.0725577 0.0707503 0.0673307 0.0627602 0.0574225 0.0516166 0.0455604 0.0394107 0.0332907 0.027319 0.0216315 0.0163918 0.0117782 0.00794792 0.00498915
 0.00762743 0.0124492 0.018845 0.0267866 0.0360217 0.0459264 0.0554783 0.0635107 0.0691369 0.0720285 0.0723693 0.07061 0.0672514 0.0627452 0.0574689 0.051719 0.0457135 0.0396076 0.0335204 0.0275651 0.0218741 0.0166116 0.011961 0.00808686 0.00508529
 0.00763958 0.0124604 0.0188466 0.0267656 0.0359651 0.0458271 0.0553391 0.0633437 0.0689583 0.0718528 0.0722068 0.070469 0.0671403 0.0626735 0.0574447 0.0517466 0.0457922 0.0397324 0.0336821 0.0277506 0.0220671 0.0167945 0.0121187 0.00821041 0.00517287
 0.00761966 0.0124364 0.0188251 0.0267563 0.0359755 0.0458563 0.0553742 0.0633629 0.0689403 0.0717868 0.0720973 0.0703321 0.0669973 0.0625437 0.0573434 0.0516845 0.0457757 0.0397629 0.0337558 0.0278582 0.0221948 0.0169262 0.0122395 0.00830953 0.00524572
 0.0075935 0.0123947 0.0187646 0.0266761 0.0358793 0.0457541 0.0552817 0.063297 0.0689114 0.0717922 0.0721211 0.0703537 0.0670014 0.0625274 0.0573153 0.0516593 0.045768 0.039783 0.0338077 0.027939 0.0222957 0.0170347 0.0123422 0.00839611 0.00531082
 0.00758065 0.0123743 0.0187347 0.0266352 0.0358264 0.0456894 0.0552079 0.0632203 0.0688417 0.0717407 0.0720962 0.0703564 0.0670237 0.0625562 0.0573386 0.0516728 0.045776 0.0397954 0.0338343 0.027985 0.0223598 0.0171097 0.012418 0.00846322 0.00536326
 0.00757864 0.0123721 0.0187333 0.0266359 0.0358302 0.0456959 0.0552145 0.0632229 0.0688361 0.0717246 0.072071 0.0703268 0.0669957 0.0625336 0.0573214 0.0516582 0.0457617 0.0397825 0.0338277 0.0279905 0.0223804 0.0171437 0.0124596 0.00850468 0.00539847
 0.00754249 0.0123164 0.0186555 0.0265361 0.0357121 0.0455668 0.0550856 0.0631077 0.0687474 0.0716712 0.0720555 0.0703459 0.0670428 0.0626014 0.0574031 0.0517471 0.0458517 0.0398687 0.0339077 0.0280644 0.0224497 0.0172087 0.0125188 0.00855523 0.00543792
 0.00755017 0.0123259 0.0186642 0.0265397 0.0357057 0.0455469 0.0550514 0.063062 0.0686957 0.0716201 0.072011 0.0703124 0.0670225 0.0625944 0.0574081 0.0517619 0.045874 0.039896 0.033938 0.0280964 0.0224828 0.0172423 0.0125514 0.00858484 0.00546233
 0.00753586 0.0123059 0.01864 0.0265144 0.0356824 0.0455268 0.0550326 0.0630405 0.0686677 0.0715849 0.071972 0.070276 0.0669958 0.0625823 0.0574122 0.0517809 0.0459047 0.0399344 0.0339803 0.0281396 0.0225246 0.0172812 0.012586 0.00861391 0.005485
 0.00752155 0.0122803 0.0185975 0.0264493 0.0355913 0.0454122 0.0549047 0.0629155 0.068563 0.0715127 0.0719361 0.0702733 0.0670198 0.0626273 0.057474 0.0518561 0.0459895 0.0400243 0.0340702 0.0282248 0.0226013 0.0173468 0.0126393 0.00865477 0.00551426
 0.0074972 0.0122428 0.0185447 0.0263803 0.0355059 0.0453104 0.054788 0.0627883 0.0684341 0.0713953 0.0718453 0.0702219 0.0670138 0.0626647 0.057547 0.0519544 0.0461029 0.0401442 0.0341893 0.028337 0.0227014 0.0174313 0.0127065 0.00870474 0.00554883
 0.00750721 0.012256 0.0185591 0.0263919 0.03551 0.0453032 0.0547671 0.0627531 0.0683851 0.0713337 0.071774 0.0701465 0.0669437 0.0626104 0.0575169 0.0519523 0.0461272 0.0401893 0.0342478 0.0284012 0.0227648 0.0174887 0.0127543 0.00874153 0.00557484
 0.00748889 0.0122307 0.018529 0.0263613 0.0354839 0.0452839 0.0547535 0.0627406 0.068368 0.0713086 0.0717406 0.0701077 0.066904 0.0625758 0.0574937 0.051946 0.0461411 0.0402233 0.034298 0.0284613 0.0228273 0.017547 0.0128039 0.00877989 0.00560195
 0.00748889 0.0122307 0.018529 0.0263613 0.0354839 0.0452839 0.0547535 0.0627406 0.068368 0.0713086 0.0717406 0.0701077 0.066904 0.0625758 0.0574937 0.051946 0.0461411 0.0402233 0.034298 0.0284613 0.0228273 0.017547 0.0128039 0.00877989 0.00560195
 0.00722925 0.0118154 0.0179191 0.0255312 0.0344335 0.0440545 0.0534383 0.0614788 0.0673153 0.0705956 0.0714397 0.0702233 0.0673841 0.0633337 0.0584311 0.0529704 0.0471756 0.0412103 0.0351972 0.0292462 0.0234827 0.0180675 0.013194 0.00905348 0.00577986
 0.00711917 0.0116098 0.0175607 0.0249523 0.0335738 0.0428902 0.0520091 0.0598969 0.0657482 0.0692297 0.0704413 0.0697062 0.0673918 0.0638365 0.0593393 0.0541582 0.048509 0.0425683 0.0364844 0.0303956 0.0244538 0.0188429 0.0137762 0.00946172 0.00604502
 0.0071578 0.0116688 0.0176397 0.0250404 0.0336422 0.0428862 0.0518587 0.059522 0.0650996 0.068321 0.0693642 0.0686154 0.0664632 0.0632186 0.0591159 0.0543349 0.0490225 0.0433124 0.0373398 0.0312548 0.0252356 0.0194972 0.0142825 0.0098236 0.00628306
 0.00717119 0.0117016 0.0177087 0.0251664 0.0338423 0.043161 0.0521798 0.0598269 0.0652989 0.0683194 0.0690917 0.0680587 0.0656839 0.0623463 0.0583126 0.0537462 0.0487354 0.0433373 0.0376202 0.0316956 0.0257352 0.0199723 0.0146803 0.0101224 0.00648595
 0.00713945 0.0116569 0.0176552 0.0251146 0.0338092 0.043168 0.0522481 0.0599694 0.0655082 0.0685589 0.0692947 0.0681434 0.0655831 0.0620391 0.0578437 0.0532177 0.0482734 0.0430461 0.0375484 0.0318272 0.0260061 0.0203011 0.014996 0.0103808 0.00667132
 0.00723956 0.011819 0.0178973 0.0254514 0.0342469 0.0436983 0.052843 0.0605817 0.0660814 0.0690378 0.0696324 0.068301 0.0655279 0.0617494 0.0573229 0.0525102 0.0474672 0.0422561 0.0368825 0.0313528 0.0257353 0.0201978 0.0150003 0.0104345 0.00673334
 0.00719276 0.0117569 0.0178304 0.0253995 0.0342361 0.0437543 0.0529837 0.0608131 0.0663943 0.0694082 0.0700236 0.0686676 0.0658208 0.0619218 0.0573384 0.0523529 0.0471542 0.0418407 0.0364437 0.0309708 0.025464 0.0200508 0.0149553 0.0104516 0.0067745
 0.00705826 0.0115382 0.0175029 0.0249455 0.0336548 0.043074 0.0522706 0.0601653 0.0659188 0.0691888 0.0700957 0.0690115 0.066371 0.062586 0.0580176 0.0529605 0.0476311 0.0421664 0.036637 0.031078 0.0255374 0.0201275 0.0150475 0.0105508 0.00686475
 0.00695481 0.0113595 0.0172149 0.024511 0.0330433 0.0422773 0.0513192 0.059135 0.0649231 0.0683574 0.0695472 0.0688262 0.0665725 0.0631347 0.0588213 0.0538973 0.0485789 0.0430285 0.0373582 0.0316461 0.0259716 0.0204594 0.0153042 0.0107482 0.00701041
 0.00699823 0.0114211 0.0172892 0.0245833 0.0330874 0.0422568 0.0511912 0.0588609 0.0644842 0.0677721 0.0688791 0.0681763 0.0660544 0.0628425 0.058801 0.0541347 0.0490068 0.043552 0.037885 0.0321108 0.026345 0.0207419 0.0155116 0.0108982 0.00711636
 0.0070763 0.0115567 0.0175082 0.0249109 0.033538 0.042818 0.0518114 0.0594497 0.0649309 0.0679762 0.0687811 0.0677779 0.0654216 0.0620906 0.0580637 0.0535264 0.0485925 0.0433364 0.0378251 0.0321429 0.0264119 0.0208083 0.0155641 0.0109367 0.00714449
 0.00710473 0.0116097 0.0176011 0.0250641 0.0337742 0.043156 0.0522574 0.0599873 0.0655145 0.0685307 0.0692125 0.0679956 0.0653672 0.0617616 0.0575196 0.0528725 0.0479465 0.042792 0.0374287 0.0318923 0.0262736 0.0207405 0.0155337 0.0109239 0.0071401
 0.00707794 0.0115704 0.0175505 0.0250083 0.0337249 0.0431318 0.0522829 0.0600896 0.0657149 0.0688335 0.0695941 0.0684012 0.0657192 0.061981 0.0575537 0.0527164 0.0476468 0.0424285 0.037083 0.0316202 0.0260935 0.0206409 0.0154889 0.0109092 0.00713863
 0.0070891 0.0115852 0.0175669 0.0250226 0.0337337 0.0431345 0.052284 0.0601004 0.0657521 0.0689155 0.0697352 0.0686025 0.0659617 0.062223 0.0577393 0.0527946 0.0475925 0.0422552 0.0368376 0.0313625 0.0258725 0.0204806 0.0153891 0.0108556 0.00711376
