SBPRF35
7.78865
Curr Bio
656515
B35
719476
F35
0.226674
FOFL
0.216389
OFL
112445
Bzero
2.22533e+006
#pred survey bio
 4.50465e+006 4.23258e+006 3.98248e+006 3.69915e+006 3.39003e+006 3.07975e+006 2.77235e+006 2.46451e+006 2.19018e+006 1.93872e+006 1.7105e+006 1.53716e+006 1.34412e+006 1.19591e+006 1.05371e+006 935653 860210 768031 728232 671590 650479 615010 585342 577962 568472 556352 559567 563193 561828 571867 570283 567025 563263 563035 555633 540058 519345 505423 506694 506846 518884 526012 541027 555164 573596 577323 593564 605630 617692 652477 2.39415e+007 1.46104e+007 1.48904e+007 1.52602e+007 1.56644e+007 1.60447e+007 1.63725e+007 1.66397e+007 1.68498e+007 1.70111e+007 1.71332e+007 1.72249e+007 1.72936e+007 1.73449e+007 1.73834e+007 1.74123e+007 1.74341e+007 1.74505e+007 1.74631e+007 1.74726e+007 1.74799e+007 1.74855e+007 1.74897e+007 1.7493e+007 1.74955e+007 1.74975e+007 1.7499e+007 1.75001e+007 1.7501e+007 1.75017e+007 1.75022e+007 1.75027e+007 1.7503e+007 1.75032e+007 1.75034e+007 1.75036e+007 1.75037e+007 1.75038e+007 1.75038e+007 1.75039e+007 1.75039e+007 1.7504e+007 1.7504e+007 1.7504e+007 1.7504e+007 1.7504e+007 1.7504e+007 1.7504e+007 1.7504e+007 1.7504e+007 1.75041e+007 1.75041e+007 1.75041e+007 1.75041e+007 1.75041e+007 1.75041e+007 1.75041e+007 1.75041e+007 1.75041e+007 1.75041e+007 1.75041e+007 1.75041e+007 1.75041e+007 1.75041e+007 1.75041e+007 1.75041e+007 1.75041e+007 1.75041e+007 1.75041e+007 1.75041e+007 1.75041e+007 1.75041e+007 1.75041e+007 1.75041e+007 1.75041e+007 1.75041e+007 1.75041e+007 1.75041e+007 1.75041e+007 1.75041e+007 1.75041e+007 1.75041e+007 1.75041e+007 1.75041e+007 1.75041e+007 1.75041e+007 1.75041e+007 1.75041e+007 1.75041e+007 1.75041e+007 1.75041e+007 1.75041e+007 1.75041e+007 1.75041e+007 1.75041e+007 1.75041e+007 1.75041e+007 1.75041e+007 1.75041e+007 1.75041e+007 0 0 0 0 0 0 0 0 0 0 0 0 0 0 0 0 0 0 0 0 0 0 0 0 0
#obs survey bio
 3.63732e+006 2.40481e+006 2.84256e+006 3.7154e+006 3.66129e+006 2.664e+006 2.22298e+006 2.18983e+006 1.47993e+006 2.14885e+006 1.41466e+006 1.64279e+006 1.2463e+006 1.23136e+006 1.07034e+006 739371 734597 627967 499804 667698 638951 629409 386483 545982 478842 538330 508130 525593 658782 587833 807838 420938 734865 868210 623982 316053 571653 565619 635683 454299 309012 499990 482959 551320 570219 587094 342903 658187 436267 541512
#pred catch bio
 93521.4 91206.2 145841 197809 230800 262379 297062 297787 302239 299612 263029 288321 253702 250927 230176 192832 204714 156280 166966 132872 141539 132902 112446 113692 114910 101356 100422 102632 90583.6 97776.3 95726.3 92714.3 86457.2 89032.9 92399.4 95442.9 92108.7 83508.3 87839.7 80569.1 87642.3 83342.9 86042.3 83970.2 97393.3 88636 95659.4 99538.7 85946.8 94511.5 112445 118562 119840 121728 124055 126289 128163 129617 130686 131444 131965 132316 132549 132700 132798 132861 132901 132926 132942 132952 132958 132962 132964 132966 132967 132967 132968 132968 132968 132968 132968 132968 132968 132968 132968 132968 132968 132968 132968 132968 132968 132968 132968 132968 132968 132968 132968 132968 132968 132968 132968 132968 132968 132968 132968 132968 132968 132968 132968 132968 132968 132968 132968 132968 132968 132968 132968 132968 132968 132968 132968 132968 132968 132968 132968 132968 132968 132968 132968 132968 132968 132968 132968 132968 132968 132968 132968 132968 132968 132968 132968 132968 132968 132968 132968 132968 132968 132968 132968 132968 0 0 0 0 0 0 0 0 0 0 0 0 0 0 0 0 0 0 0 0 0 0 0 0 0
#obs catch bio
 0 90983.3 146513 198772 231905 264261 300992 303181 309694 307070 267814 293263 257637 255213 233850 194995 208233 157591 169579 133804 143206 133971 113616 115024 116556 102586 101897 104224 90906.6 98307.9 95801.7 92899 86160.2 88642.4 91682.4 95321.4 91911.3 82897.6 87199.5 79834.8 87667.8 83276.2 86071.6 83715 97072.5 87933.6 95517.6 99674.6 85710.5 94541
#pred cpue bio
 4.43467e+006 4.16489e+006 3.91636e+006 3.63413e+006 3.32675e+006 3.01776e+006 2.71123e+006 2.40448e+006 2.13151e+006 1.88215e+006 1.65661e+006 1.48558e+006 1.29542e+006 1.14936e+006 1.00959e+006 893724 819808 730126 691693 637071 616972 583007 554368 547124 537932 526239 529479 533404 532782 543260 542428 539967 536959 537392 530915 516194 495424 480379 480495 480308 491708 498246 512622 526319 544253 547815 563085 574045 584966 617763 2.2679e+007 1.38525e+007 1.41113e+007 1.44486e+007 1.48405e+007 1.52181e+007 1.55453e+007 1.58124e+007 1.60225e+007 1.61838e+007 1.63059e+007 1.63976e+007 1.64662e+007 1.65176e+007 1.6556e+007 1.65849e+007 1.66067e+007 1.66232e+007 1.66357e+007 1.66453e+007 1.66526e+007 1.66581e+007 1.66624e+007 1.66657e+007 1.66682e+007 1.66702e+007 1.66717e+007 1.66728e+007 1.66737e+007 1.66744e+007 1.66749e+007 1.66753e+007 1.66757e+007 1.66759e+007 1.66761e+007 1.66762e+007 1.66764e+007 1.66764e+007 1.66765e+007 1.66766e+007 1.66766e+007 1.66766e+007 1.66767e+007 1.66767e+007 1.66767e+007 1.66767e+007 1.66767e+007 1.66767e+007 1.66767e+007 1.66767e+007 1.66767e+007 1.66767e+007 1.66767e+007 1.66767e+007 1.66767e+007 1.66767e+007 1.66767e+007 1.66767e+007 1.66767e+007 1.66767e+007 1.66767e+007 1.66767e+007 1.66767e+007 1.66767e+007 1.66767e+007 1.66767e+007 1.66767e+007 1.66767e+007 1.66767e+007 1.66767e+007 1.66767e+007 1.66767e+007 1.66767e+007 1.66767e+007 1.66767e+007 1.66767e+007 1.66767e+007 1.66767e+007 1.66767e+007 1.66767e+007 1.66767e+007 1.66767e+007 1.66767e+007 1.66767e+007 1.66767e+007 1.66767e+007 1.66767e+007 1.66767e+007 1.66767e+007 1.66767e+007 1.66767e+007 1.66767e+007 1.66767e+007 1.66767e+007 1.66767e+007 1.66767e+007 1.66767e+007 1.66767e+007 1.66767e+007 1.66767e+007 0 0 0 0 0 0 0 0 0 0 0 0 0 0 0 0 0 0 0 0 0 0 0 0 0
#obs cpue bio
 3.13589e+006 3.9438e+006 3.4307e+006 4.67267e+006 2.96501e+006 2.54383e+006 1.94202e+006 1.35455e+006 1.65832e+006 1.61288e+006 1.9903e+006 1.96654e+006 1.02189e+006 971027 868411 978284 800099 795248 788234 617674 518686 599629 497002 494754 485542 409285 409148 493991 727276 520137 503527 658337 605042 421461 665905 585582 511024 622894 482094 605006 479032 514045 574837 628009 734879 694469 661138 465240 893991 686434
#pred surv len freq
 0.00469219 0.007544 0.0112234 0.0156906 0.020862 0.0265548 0.0324378 0.038081 0.043098 0.0472653 0.0505397 0.0530026 0.0547944 0.0560636 0.0569231 0.0574193 0.0575282 0.057167 0.0561958 0.0543952 0.0514552 0.0470462 0.0410067 0.0335695 0.0254446
 0.00501865 0.00800377 0.0117886 0.0163027 0.0214636 0.0271307 0.0330334 0.0387746 0.0439348 0.0481939 0.0513977 0.0535673 0.0548752 0.0555854 0.055962 0.0561788 0.0562677 0.056112 0.0554631 0.0539655 0.0512054 0.0468258 0.0407157 0.0331943 0.0250396
 0.00511446 0.00820024 0.0121547 0.0169155 0.0223753 0.0283272 0.0344127 0.0401729 0.0451938 0.0492251 0.0521911 0.0541393 0.0552013 0.0555822 0.0555365 0.0553063 0.0550387 0.0547119 0.0540968 0.0527751 0.05023 0.0460223 0.0400185 0.0325674 0.0244908
 0.00530589 0.00848776 0.0125482 0.0174214 0.0230109 0.0291332 0.0354467 0.0414749 0.0467379 0.0508919 0.0537894 0.0554693 0.0561171 0.0560111 0.0554557 0.0547193 0.0539802 0.0532723 0.0524275 0.0510536 0.048606 0.0445834 0.038795 0.0315617 0.0236999
 0.00560617 0.0089555 0.0132132 0.0182954 0.0240854 0.0303787 0.0368159 0.0429132 0.0481991 0.0523439 0.055199 0.0567724 0.057203 0.0567392 0.0556968 0.0543928 0.0530715 0.0518349 0.0505786 0.0489612 0.0464602 0.0425585 0.0370201 0.0301104 0.0225949
 0.00593297 0.00947421 0.0139705 0.0193265 0.0254078 0.0319824 0.0386512 0.0448855 0.0501808 0.0542011 0.0568211 0.0580869 0.0581682 0.0573203 0.0558442 0.054041 0.0521627 0.0503539 0.0485809 0.0465808 0.0438943 0.0400308 0.0347353 0.0282141 0.0211526
 0.00622612 0.00994909 0.0146827 0.0203287 0.0267415 0.0336649 0.0406575 0.0471374 0.0525484 0.0565207 0.0589193 0.0598093 0.0594015 0.0580022 0.0559537 0.0535757 0.0511213 0.0487393 0.0464271 0.0439851 0.0410321 0.0371381 0.0320601 0.0259569 0.0194212
 0.00649131 0.0103811 0.015336 0.021258 0.0279961 0.0352759 0.0426218 0.0494031 0.0550117 0.0590329 0.0613032 0.0618804 0.0609932 0.0589892 0.0562651 0.0531919 0.0500592 0.0470381 0.0441493 0.0412358 0.0379809 0.0340195 0.0291376 0.0234605 0.0174882
 0.00666233 0.0106692 0.0157896 0.0219323 0.0289466 0.0365459 0.044226 0.0513161 0.0571644 0.0613172 0.0635798 0.0639898 0.0627706 0.0602824 0.0569526 0.0531962 0.0493506 0.0456336 0.0421109 0.0386767 0.0350756 0.031002 0.0262721 0.0209846 0.0155529
 0.00683187 0.0109434 0.0162014 0.0225157 0.0297363 0.037573 0.0455099 0.0528535 0.0589212 0.0632243 0.0655358 0.0658689 0.0644351 0.0615958 0.0577911 0.0534587 0.0489689 0.0445823 0.0404181 0.0364348 0.0324482 0.0282168 0.0235891 0.018641 0.0137048
 0.00706157 0.0113041 0.0167211 0.0232141 0.030624 0.0386507 0.0467647 0.0542556 0.060425 0.0647725 0.0670632 0.0673034 0.0656977 0.0626008 0.0584493 0.053683 0.0486833 0.0437354 0.0390017 0.0345035 0.0301324 0.0257186 0.0211505 0.0164891 0.0119945
 0.00726406 0.0116214 0.0171768 0.023823 0.0313914 0.0395703 0.0478159 0.0554019 0.0616178 0.0659592 0.0681952 0.0683385 0.0665971 0.0633237 0.0589461 0.0538928 0.0485375 0.0431703 0.0379794 0.0330372 0.028307 0.0236924 0.0191293 0.0146763 0.0105356
 0.0075775 0.0121219 0.0179126 0.0248315 0.0326898 0.0411433 0.0496015 0.0572883 0.0634578 0.0676004 0.0695104 0.0692476 0.0670739 0.0633875 0.0586434 0.0532724 0.0476307 0.0419849 0.0365121 0.0313 0.0263567 0.0216451 0.0171472 0.0129257 0.00913774
 0.00778625 0.0124585 0.0184149 0.0255351 0.0336242 0.0423234 0.0510149 0.058884 0.0651428 0.069247 0.0709745 0.070394 0.0678027 0.0636527 0.0584552 0.0526821 0.0467062 0.0407878 0.0350887 0.0296909 0.0246184 0.0198678 0.0154525 0.0114404 0.00795497
 0.00807048 0.0129051 0.0190587 0.0263997 0.0347197 0.0436427 0.0525268 0.0605265 0.066824 0.0708532 0.072383 0.0714868 0.0684823 0.0638574 0.0581703 0.0519415 0.0455815 0.0393689 0.0334656 0.0279463 0.0228324 0.0181282 0.0138566 0.0100802 0.00689216
 0.0083037 0.0132796 0.0196134 0.0271673 0.0357204 0.0448741 0.053953 0.0620742 0.068391 0.0723253 0.0736515 0.0724595 0.0690885 0.0640513 0.0579343 0.0512891 0.0445576 0.0380451 0.0319307 0.0262961 0.0211636 0.0165356 0.0124288 0.00888887 0.00597736
 0.00829007 0.013277 0.019647 0.0272754 0.0359492 0.0452664 0.0545356 0.0628489 0.0693301 0.0733731 0.0747293 0.0734754 0.06995 0.0646775 0.0582642 0.0512875 0.0442184 0.0373932 0.0310203 0.0252052 0.0199851 0.0153669 0.0113599 0.00798934 0.00528498
 0.00851455 0.0136189 0.0201194 0.0278781 0.0366728 0.0460982 0.0554603 0.0638425 0.0703519 0.0743624 0.0756104 0.0741707 0.0703954 0.0648339 0.0581204 0.0508553 0.0435259 0.0364808 0.0299402 0.0240225 0.0187761 0.0142129 0.0103354 0.00714876 0.00465224
 0.00847838 0.0135648 0.0200467 0.0277896 0.0365746 0.046 0.0553781 0.0638019 0.0703903 0.0745231 0.0759286 0.0746543 0.0710111 0.0655077 0.058755 0.0513554 0.0438204 0.0365342 0.0297548 0.0236339 0.0182457 0.0136165 0.00974946 0.0066358 0.00424957
 0.00863805 0.0138099 0.0203883 0.0282273 0.037096 0.046581 0.0559812 0.064378 0.0708847 0.0748889 0.0761409 0.0747183 0.0709578 0.0653784 0.0585814 0.0511464 0.0435621 0.0362028 0.0293335 0.0231258 0.0176776 0.0130337 0.00920399 0.0061718 0.00389233
 0.0085754 0.0137121 0.0202493 0.0280453 0.0368755 0.0463345 0.0557317 0.064158 0.0707312 0.0748345 0.076205 0.0749016 0.0712438 0.0657385 0.0589804 0.0515462 0.0439223 0.0364834 0.0295013 0.0231638 0.0175924 0.0128555 0.0089776 0.0059435 0.00369707
 0.00880847 0.0140512 0.0206854 0.0285438 0.0373849 0.0468014 0.056113 0.0644256 0.0708711 0.0748456 0.0760991 0.0747027 0.0709845 0.0654537 0.0587007 0.0512915 0.0436991 0.0362844 0.02931 0.0229625 0.0173712 0.012618 0.00874047 0.00572878 0.00352288
 0.00902068 0.0143829 0.0211579 0.0291626 0.0381324 0.0476303 0.0569432 0.0651538 0.0713961 0.0750989 0.0760645 0.0744147 0.07051 0.06487 0.0580785 0.0506863 0.0431472 0.0358027 0.0288988 0.0226111 0.0170662 0.0123504 0.00850872 0.00553689 0.00337516
 0.00900002 0.0143567 0.0211327 0.029151 0.038152 0.0476999 0.0570771 0.0653547 0.0716488 0.0753693 0.0763062 0.0745844 0.0705825 0.0648457 0.0579792 0.0505433 0.0429897 0.0356503 0.0287601 0.0224857 0.0169496 0.0122391 0.00840323 0.00544202 0.0032968
 0.00901072 0.0143724 0.0211536 0.0291773 0.0381851 0.0477443 0.0571413 0.0654491 0.0717815 0.0755397 0.0765005 0.0747753 0.0707354 0.0649299 0.0579791 0.0504634 0.0428512 0.0354818 0.0285869 0.0223245 0.0168075 0.0121172 0.00830082 0.00535871 0.00323271
 0.00905005 0.0144345 0.0212435 0.0292977 0.0383354 0.0479191 0.0573298 0.0656363 0.0719519 0.0756819 0.0766089 0.0748481 0.0707708 0.0649226 0.0579221 0.0503526 0.0426911 0.0352867 0.0283776 0.022122 0.0166272 0.0119671 0.00818266 0.00527028 0.00317011
 0.00885369 0.0141439 0.0208598 0.0288414 0.0378422 0.0474315 0.0568902 0.0652841 0.0717213 0.0755977 0.0766823 0.0750732 0.0711238 0.0653649 0.0584053 0.0508268 0.0431135 0.0356294 0.0286309 0.0222917 0.0167292 0.0120203 0.00820416 0.00527368 0.00316501
 0.0086141 0.0137769 0.0203504 0.0281941 0.0370825 0.0466067 0.0560688 0.06455 0.0711592 0.0752737 0.0766283 0.0752835 0.0715622 0.0659755 0.0591224 0.0515825 0.0438448 0.0362855 0.0291781 0.0227166 0.0170363 0.0122264 0.00833217 0.00534663 0.0032026
 0.00857775 0.0136966 0.0201911 0.0279116 0.036637 0.0459823 0.0552917 0.0636925 0.0703254 0.0745742 0.0761547 0.0750908 0.0716617 0.0663383 0.0596889 0.0522769 0.0445887 0.0370083 0.0298253 0.0232536 0.0174498 0.0125216 0.00852711 0.00546524 0.00326874
 0.00835873 0.0133691 0.0197493 0.0273643 0.0359985 0.0452621 0.0544922 0.0628215 0.0694163 0.0737005 0.075425 0.0746225 0.0715442 0.0666036 0.0603039 0.0531558 0.0456179 0.0380722 0.0308257 0.0241211 0.0181472 0.0130421 0.00888704 0.00569519 0.00340389
 0.00825698 0.013204 0.0195025 0.0270219 0.0355566 0.0447334 0.0539082 0.0622259 0.0688502 0.0731893 0.0749807 0.0742593 0.071295 0.0665197 0.0604347 0.0535217 0.0461941 0.0387922 0.0316005 0.0248636 0.0187912 0.0135515 0.00925581 0.00593942 0.00355162
 0.00818043 0.0130813 0.0193208 0.026769 0.0352226 0.0443131 0.0534066 0.0616639 0.0682664 0.0726352 0.0745091 0.0739113 0.0710936 0.0664732 0.0605464 0.0537943 0.0466231 0.0393542 0.0322474 0.0255292 0.0194081 0.0140689 0.00964927 0.00621095 0.00372156
 0.00808205 0.0129294 0.0191071 0.0264905 0.0348808 0.0439132 0.0529582 0.0611823 0.067774 0.0721619 0.0740905 0.0735852 0.0708937 0.066422 0.0606516 0.0540498 0.0470129 0.0398537 0.0328214 0.0261309 0.0199846 0.0145721 0.010048 0.00649705 0.00390696
 0.0078903 0.0126372 0.0187037 0.0259794 0.0342784 0.0432464 0.0522631 0.0605027 0.067158 0.0716547 0.0737277 0.0733891 0.0708736 0.0665761 0.0609684 0.0545093 0.0475874 0.0405091 0.0335183 0.0268256 0.020632 0.0151323 0.0104942 0.00682171 0.00412133
 0.00798232 0.0127439 0.0187857 0.0259749 0.0341216 0.0428956 0.0517229 0.0598274 0.0664331 0.0709688 0.0731511 0.0729655 0.0706228 0.0665008 0.0610598 0.0547512 0.0479575 0.0409788 0.0340528 0.0273845 0.0211726 0.0156151 0.0108904 0.00711825 0.00432263
 0.00866474 0.0137313 0.0200425 0.027383 0.035504 0.0440616 0.052511 0.060133 0.066223 0.0702876 0.0721127 0.0717262 0.0693421 0.0653083 0.06004 0.0539462 0.0473777 0.0406136 0.0338766 0.0273604 0.0212555 0.0157573 0.0110487 0.00726075 0.00443224
 0.00928714 0.0147202 0.0214814 0.0293157 0.0379042 0.0467976 0.0553237 0.0626605 0.0680847 0.0711973 0.0719628 0.0706033 0.0674788 0.0630043 0.057589 0.0515859 0.04527 0.038847 0.0324803 0.0263215 0.0205326 0.015292 0.0107757 0.0071175 0.00436687
 0.00928308 0.0147887 0.0217247 0.029879 0.0389429 0.0484192 0.0575272 0.0652993 0.070871 0.0737501 0.0738895 0.071598 0.0674044 0.0619263 0.0557422 0.0492946 0.0428577 0.0365722 0.0305099 0.0247342 0.0193378 0.0144522 0.0102267 0.00678594 0.00418315
 0.00910146 0.0145064 0.0213305 0.0293883 0.0384155 0.0479749 0.0573442 0.065577 0.0717564 0.0752543 0.0758432 0.0736774 0.0692235 0.0631553 0.0562028 0.0489959 0.0419668 0.0353395 0.0291875 0.0235165 0.018338 0.0137077 0.00972059 0.00647144 0.00400497
 0.00926066 0.0147151 0.0215518 0.0295567 0.0384555 0.0478336 0.0570239 0.0651533 0.0713724 0.0750872 0.076047 0.0743158 0.0702228 0.0643087 0.0572352 0.0496627 0.0421389 0.0350347 0.0285405 0.022713 0.0175476 0.0130427 0.00922704 0.00614384 0.00380932
 0.00920501 0.0146507 0.0215001 0.0295458 0.0385031 0.0479248 0.0571018 0.0651369 0.0711999 0.0747646 0.0756678 0.0740356 0.070194 0.0646068 0.0578159 0.0503728 0.0427792 0.035442 0.0286468 0.0225538 0.0172261 0.0126751 0.00890028 0.00589974 0.00365123
 0.00914594 0.0145661 0.0213956 0.029438 0.0384194 0.0478996 0.0571662 0.0653025 0.0714432 0.0750233 0.0758623 0.0741102 0.0701537 0.064521 0.0577784 0.0504445 0.0429492 0.0356354 0.0287703 0.0225482 0.0170912 0.0124592 0.00866779 0.00570063 0.00350799
 0.00904831 0.0144104 0.0211676 0.0291291 0.0380314 0.0474514 0.0566993 0.0648797 0.0711356 0.074888 0.0759204 0.0743368 0.0704895 0.0648999 0.0581571 0.0508114 0.0433093 0.0359836 0.0290789 0.0227782 0.0172169 0.012485 0.00862474 0.00562871 0.00343874
 0.00896918 0.0142884 0.020996 0.028905 0.0377552 0.047126 0.0563327 0.0644894 0.0707534 0.0745597 0.0756986 0.0742656 0.0705876 0.0651519 0.058519 0.0512287 0.0437346 0.0363845 0.0294326 0.0230656 0.0174235 0.0126074 0.00867522 0.00563132 0.00341912
 0.00892528 0.0142095 0.0208636 0.0286985 0.0374574 0.0467325 0.0558592 0.0639726 0.0702435 0.0741101 0.0753566 0.0740689 0.0705612 0.0653035 0.0588338 0.0516688 0.0442463 0.0369101 0.0299228 0.023485 0.0177518 0.0128395 0.00882003 0.00570812 0.0034514
 0.00922432 0.0146436 0.0214196 0.0293277 0.0380862 0.0472805 0.0562562 0.0641686 0.070214 0.0738592 0.0749183 0.0735018 0.0699384 0.0646995 0.0583121 0.0512714 0.0439881 0.0367798 0.0298899 0.0235109 0.0178009 0.012886 0.00885081 0.00572111 0.00345141
 0.00928039 0.0147502 0.0216062 0.0296251 0.0385112 0.0478162 0.0568392 0.0646975 0.0705803 0.0739861 0.0747861 0.0731478 0.0694371 0.0641369 0.0577663 0.0508017 0.04363 0.0365442 0.0297654 0.0234709 0.0178123 0.0129186 0.00888355 0.00574391 0.00346292
 0.00937151 0.0148885 0.0217976 0.0298727 0.0388192 0.0481933 0.0572946 0.0652272 0.0711496 0.0745218 0.0751888 0.0733251 0.0693399 0.0637795 0.0572191 0.0501637 0.042998 0.0359904 0.0293287 0.0231586 0.0176089 0.0127971 0.00881585 0.00570745 0.00344297
 0.00962608 0.0152608 0.0222806 0.0304329 0.039406 0.0487556 0.0577945 0.0656458 0.0714836 0.074775 0.0753599 0.0733976 0.0692819 0.0635576 0.0568205 0.0496128 0.0423548 0.035333 0.028729 0.0226641 0.0172371 0.0125405 0.00865198 0.00560988 0.00338832
 0.00920963 0.0146874 0.0216077 0.0297746 0.0388966 0.0484933 0.0578011 0.0658664 0.071827 0.0751624 0.0757534 0.0737943 0.0696873 0.0639604 0.0571857 0.0498962 0.0425255 0.0353894 0.028698 0.0225873 0.0171529 0.0124724 0.00860763 0.00558598 0.00337763
#obs surv len freq
 nan nan nan nan nan nan nan nan nan nan nan nan nan nan nan nan nan nan nan nan nan nan nan nan nan
 0.00448502 0.00734641 0.0111763 0.0159922 0.0216922 0.0279668 0.03428 0.0400107 0.04469 0.048154 0.0505124 0.0520089 0.0529019 0.0534149 0.0537298 0.0539851 0.054264 0.0545569 0.0546958 0.0542878 0.0527258 0.0493579 0.0438075 0.0362873 0.0276706
 0.00461939 0.00756621 0.0115092 0.0164638 0.0223195 0.0287487 0.0351876 0.040985 0.0456502 0.0490134 0.0511948 0.0524603 0.053095 0.0533495 0.0534281 0.0534843 0.0536071 0.0537865 0.0538506 0.0534046 0.0518433 0.0485191 0.043057 0.035663 0.0271936
 0.00477866 0.00782906 0.011912 0.017043 0.0231037 0.0297473 0.036378 0.0423072 0.0470136 0.0503116 0.0523228 0.0533269 0.0536327 0.0535206 0.0532269 0.052935 0.0527566 0.052695 0.0525849 0.0520353 0.050446 0.0471748 0.0418462 0.0346523 0.0264197
 0.00497434 0.00814584 0.0123866 0.0177094 0.0239883 0.0308595 0.0377 0.0437881 0.0485731 0.0518509 0.0537364 0.0545125 0.0544988 0.0539944 0.0532621 0.0525174 0.0519057 0.0514613 0.0510452 0.0502875 0.0486058 0.0453693 0.0402009 0.0332695 0.025357
 0.00518846 0.00849895 0.0129271 0.0184848 0.025035 0.0321876 0.0392783 0.0455408 0.050393 0.0536217 0.0553508 0.0558782 0.0555366 0.054635 0.0534471 0.0522056 0.0510821 0.050146 0.0492992 0.0482154 0.0463525 0.043108 0.0381088 0.0314944 0.0239846
 0.00541856 0.00887582 0.0134998 0.0193016 0.0261352 0.0335872 0.0409551 0.0474269 0.0523819 0.0555868 0.0571655 0.0574306 0.0567359 0.0554109 0.0537457 0.0519853 0.0503155 0.0488296 0.0474693 0.0459634 0.0438307 0.0405188 0.0356728 0.0294026 0.0223545
 0.0056448 0.00924699 0.0140649 0.0201088 0.0272235 0.0349724 0.0426156 0.0492979 0.0543638 0.0575633 0.0590199 0.0590554 0.0580363 0.0563067 0.0541718 0.0518904 0.0496627 0.0476024 0.045686 0.0436975 0.0412267 0.0377878 0.0330593 0.0271293 0.020566
 0.00590228 0.00966522 0.0146937 0.0209946 0.0284006 0.0364501 0.0443636 0.0512418 0.056395 0.0595599 0.0608658 0.0606505 0.0592985 0.057169 0.0545778 0.0517919 0.0490197 0.0463894 0.0439082 0.0414135 0.038569 0.0349651 0.0303264 0.0247278 0.0186606
 0.00613068 0.0100455 0.0152823 0.0218491 0.0295675 0.0379453 0.0461539 0.0532404 0.0584763 0.0615863 0.0627123 0.0622168 0.0605099 0.0579712 0.0549298 0.0516592 0.0483708 0.0452004 0.0421773 0.039186 0.0359622 0.0321752 0.0276029 0.0223155 0.0167332
 0.00637572 0.0104435 0.0158812 0.0226944 0.0306952 0.0393697 0.0478535 0.0551493 0.0604894 0.0635756 0.0645467 0.0637792 0.0617086 0.0587433 0.0552382 0.0514829 0.0476956 0.0440164 0.0404891 0.0370352 0.0334534 0.0294875 0.0249704 0.0199734 0.0148527
 0.00659548 0.0108052 0.0164335 0.0234849 0.0317604 0.04072 0.0494585 0.0569343 0.0623483 0.0653925 0.0662138 0.0652041 0.0628146 0.0594692 0.0555384 0.0513275 0.047068 0.0429112 0.0389174 0.0350402 0.0311318 0.0270014 0.0225316 0.0177978 0.0131002
 0.00681421 0.0111639 0.0169792 0.0242632 0.0328064 0.0420436 0.0510299 0.0586781 0.0641543 0.0671369 0.0677814 0.066502 0.0637764 0.0600522 0.0557173 0.0510874 0.0464004 0.041815 0.0374061 0.0331567 0.028966 0.0246998 0.020284 0.0157968 0.0114888
 0.00706448 0.0115707 0.0175908 0.0251236 0.0339454 0.0434628 0.0526873 0.0604849 0.0659872 0.0688626 0.0692798 0.0676807 0.0645748 0.0604399 0.0556878 0.0506496 0.0455696 0.0406094 0.035851 0.0312982 0.026888 0.022533 0.0181948 0.0139524 0.0100112
 0.00727912 0.011928 0.0181436 0.0259247 0.0350355 0.0448507 0.054332 0.0622909 0.0678201 0.070578 0.0707494 0.0688078 0.0652989 0.0607344 0.0555541 0.0501085 0.0446532 0.0393541 0.0342986 0.0295039 0.0249338 0.0205358 0.0162973 0.0122946 0.00869292
 0.00744149 0.0121944 0.0185497 0.0265067 0.0358248 0.0458641 0.0555599 0.063689 0.0693104 0.072058 0.0721065 0.0699351 0.0661091 0.0611699 0.0555901 0.0497495 0.0439249 0.0382962 0.0329608 0.0279491 0.023245 0.0188199 0.0146778 0.010888 0.00757953
 0.00754084 0.0123579 0.0187997 0.0268662 0.0363142 0.0464957 0.0563317 0.0645819 0.0702896 0.073077 0.0731102 0.0708602 0.0668862 0.0617296 0.0558734 0.0497175 0.0435642 0.0376195 0.0320043 0.0267709 0.0219247 0.0174572 0.0133821 0.00975951 0.0066857
 0.00760057 0.0124513 0.0189339 0.0270467 0.0365461 0.0467848 0.0566843 0.0650027 0.0707798 0.0736315 0.0737151 0.07149 0.0675026 0.0622817 0.0563015 0.0499614 0.0435746 0.0373682 0.0314923 0.0260307 0.0210195 0.016474 0.0124189 0.00890565 0.00600246
 0.00765977 0.0125409 0.0190565 0.0272003 0.0367251 0.0469821 0.0568929 0.0652184 0.0710029 0.0738684 0.0739763 0.071785 0.0678319 0.0626304 0.0566367 0.0502349 0.0437312 0.0373585 0.0312854 0.025626 0.0204508 0.0158054 0.0117315 0.00827789 0.00549074
 0.00771841 0.0126281 0.0191725 0.0273397 0.0368781 0.0471366 0.0570374 0.0653439 0.0711053 0.0739507 0.07405 0.0718673 0.0679404 0.0627757 0.0568151 0.0504247 0.0438941 0.0374469 0.0312559 0.0254535 0.0201396 0.0153915 0.0112733 0.00783923 0.00512198
 0.00776152 0.0126951 0.0192673 0.0274627 0.0370255 0.047299 0.0572001 0.0654882 0.0712143 0.074015 0.0740715 0.0718595 0.0679239 0.0627717 0.0568386 0.0504785 0.0439646 0.0375058 0.0312668 0.0253845 0.0199765 0.0151454 0.0109789 0.00754213 0.00486285
 0.00782108 0.0127838 0.0193854 0.0276054 0.0371836 0.047462 0.057357 0.0656284 0.071327 0.0740906 0.0741037 0.0718481 0.0678766 0.0627031 0.056767 0.0504196 0.0439256 0.0374805 0.0312367 0.0253257 0.0198703 0.0149885 0.0107863 0.00734143 0.00468262
 0.00786558 0.0128539 0.0194863 0.0277394 0.0373482 0.0476482 0.0575487 0.0658044 0.0714663 0.0741786 0.0741361 0.0718293 0.0678164 0.0626138 0.0566615 0.0503112 0.0438252 0.0373934 0.0311595 0.0252472 0.0197774 0.0148738 0.0106534 0.00720401 0.00455796
 0.00786001 0.0128478 0.0194826 0.027743 0.0373649 0.0476832 0.0576043 0.0658788 0.0715532 0.0742681 0.0742169 0.0718916 0.0678543 0.0626263 0.056652 0.0502858 0.043791 0.037356 0.0311211 0.0252053 0.0197264 0.0148094 0.0105763 0.0071213 0.00448023
 0.00789639 0.0128959 0.0195352 0.027787 0.0373868 0.0476752 0.0575698 0.0658318 0.0715124 0.0742489 0.0742257 0.0719247 0.0679011 0.062674 0.0566905 0.0503096 0.0437994 0.0373516 0.031107 0.025183 0.0196958 0.0147695 0.0105283 0.00706946 0.00443083
 0.00787533 0.0128657 0.0194964 0.0277418 0.0373362 0.0476171 0.057499 0.0657432 0.0714074 0.0741398 0.0741341 0.071874 0.0679064 0.062736 0.0567958 0.0504375 0.0439295 0.0374688 0.0312028 0.0252541 0.019742 0.0147927 0.010532 0.0070592 0.00441338
 0.00788225 0.01287 0.0194904 0.0277151 0.0372792 0.0475268 0.0573817 0.0656137 0.0712823 0.0740319 0.0740501 0.0718177 0.0678826 0.0627506 0.0568521 0.0505318 0.0440498 0.0375984 0.0313255 0.0253579 0.0198207 0.0148451 0.010561 0.00707027 0.00441301
 0.00791506 0.0129181 0.0195529 0.0277862 0.0373488 0.0475814 0.0574065 0.0655964 0.0712182 0.0739267 0.0739195 0.0716825 0.0677623 0.0626593 0.0567981 0.0505174 0.0440724 0.0376496 0.0313929 0.0254281 0.0198823 0.0148916 0.0105906 0.00708525 0.00441774
 0.00788503 0.0128752 0.0194992 0.0277271 0.0372913 0.0475303 0.0573631 0.0655575 0.071178 0.0738803 0.0738658 0.071626 0.0677123 0.0626271 0.056793 0.0505445 0.0441309 0.0377338 0.0314927 0.0255314 0.0199773 0.0149697 0.0106478 0.00712225 0.00443855
 0.00787107 0.0128485 0.0194519 0.027651 0.0371811 0.0473887 0.0572036 0.0654023 0.0710507 0.0737968 0.0738293 0.0716288 0.067742 0.0626738 0.0568525 0.0506171 0.0442185 0.0378358 0.031605 0.025646 0.0200848 0.0150614 0.0107187 0.0071715 0.00446908
 0.00785921 0.0128249 0.0194084 0.0275771 0.0370664 0.0472272 0.056998 0.0651669 0.0708104 0.0735825 0.0736707 0.0715465 0.0677419 0.0627471 0.0569806 0.0507792 0.0443973 0.0380194 0.0317849 0.0258151 0.0202358 0.015188 0.010817 0.00724138 0.00451415
 0.00782228 0.012767 0.0193253 0.0274657 0.036925 0.0470557 0.0567987 0.0649465 0.0705809 0.0733618 0.0734814 0.0714123 0.0676828 0.0627731 0.0570888 0.0509543 0.0446164 0.0382584 0.0320232 0.026037 0.0204307 0.0153491 0.0109413 0.00733016 0.00457222
 0.00778525 0.0127043 0.0192264 0.0273203 0.0367263 0.0468052 0.0565096 0.064643 0.0702926 0.0731156 0.0732964 0.0712994 0.0676474 0.0628175 0.0572114 0.0511475 0.044865 0.0385407 0.0323146 0.0263149 0.0206772 0.0155531 0.0110985 0.00744233 0.00464578
 0.00776348 0.0126681 0.0191702 0.0272379 0.0366115 0.0466531 0.0563193 0.0644199 0.0700499 0.0728735 0.0730789 0.0711298 0.0675432 0.0627883 0.057259 0.0512672 0.0450464 0.0387681 0.0325676 0.026571 0.0209152 0.0157569 0.0112594 0.007559 0.00472324
 0.00772902 0.0126107 0.0190816 0.02711 0.0364386 0.0464353 0.0560652 0.0641466 0.0697794 0.072628 0.0728771 0.0709861 0.0674679 0.0627878 0.0573346 0.0514145 0.0452551 0.0390227 0.0328486 0.0268561 0.0211827 0.0159889 0.0114446 0.00769481 0.00481415
 0.00932628 0.0148468 0.0217808 0.0298859 0.0388063 0.0479901 0.0566246 0.0637776 0.0687173 0.0711565 0.0712398 0.0693525 0.0659404 0.0614213 0.0561551 0.0504306 0.0444641 0.0384134 0.0324024 0.0265489 0.0209864 0.0158744 0.0113852 0.0076684 0.00480505
 0.00932567 0.0151394 0.0227383 0.0319677 0.042359 0.0529773 0.0624552 0.0694014 0.072997 0.0733144 0.0711141 0.06734 0.0627216 0.0576699 0.052371 0.0469118 0.0413551 0.0357669 0.0302224 0.0248137 0.019658 0.0149026 0.0107112 0.00722878 0.00453767
 0.00896539 0.0145761 0.021954 0.0310177 0.0414241 0.0523979 0.0626894 0.0708618 0.075804 0.0771133 0.0751197 0.070633 0.0646308 0.0580039 0.0513883 0.0451064 0.0392235 0.0336725 0.0283717 0.0232918 0.0184766 0.0140341 0.0101083 0.00683619 0.0042996
 0.00881332 0.0143143 0.0215339 0.0303886 0.040553 0.0513047 0.0614899 0.0697952 0.0752105 0.077339 0.0763597 0.0727877 0.0672748 0.0605246 0.0532335 0.0459946 0.0391997 0.0330075 0.0273992 0.0222842 0.0175976 0.01335 0.00962161 0.00651676 0.00410603
 0.00872928 0.0141749 0.021318 0.0300719 0.0401098 0.0507135 0.0607452 0.0689255 0.0742996 0.076541 0.0758878 0.0728588 0.0680132 0.0618691 0.0549159 0.0476277 0.0404347 0.0336679 0.027515 0.0220254 0.0171693 0.0129129 0.00926352 0.00626352 0.00394676
 0.00872148 0.0141569 0.0212804 0.0300014 0.03999 0.0505276 0.0604785 0.0685684 0.0738523 0.0760229 0.0753526 0.0724041 0.0677715 0.0619655 0.0554035 0.0484366 0.0413785 0.0345158 0.0280912 0.0222732 0.0171465 0.0127356 0.00904338 0.00607179 0.00381051
 0.00868674 0.0141035 0.0212057 0.0299042 0.0398699 0.0503837 0.060309 0.0683704 0.0736233 0.0757623 0.0750663 0.0721119 0.067515 0.0618099 0.055422 0.0486772 0.0418273 0.0350855 0.02865 0.0227024 0.0173888 0.0128061 0.00900285 0.00598724 0.0037285
 0.0086736 0.0140814 0.0211712 0.0298538 0.0398014 0.0502971 0.0602071 0.0682584 0.0735054 0.0756393 0.0749352 0.0719695 0.0673647 0.0616692 0.0553255 0.0486684 0.0419395 0.0353189 0.0289616 0.0230196 0.0176423 0.0129593 0.0090605 0.00598129 0.00369555
 0.00866786 0.0140702 0.0211508 0.0298196 0.0397491 0.0502242 0.060115 0.0681525 0.0733944 0.0755322 0.0748385 0.0718857 0.0672929 0.0616083 0.05528 0.0486522 0.0419728 0.0354174 0.0291231 0.0232187 0.017838 0.0131143 0.00915671 0.00602341 0.00370212
 0.0086678 0.0140692 0.0211475 0.0298118 0.0397339 0.0501983 0.0600758 0.0680984 0.0733261 0.0754536 0.0747558 0.0718062 0.067223 0.0615521 0.0552401 0.0486318 0.0419782 0.0354568 0.029201 0.023329 0.0179632 0.0132306 0.0092454 0.00607764 0.00372695
 0.00865446 0.0140504 0.0211244 0.0297873 0.0397111 0.0501795 0.0600605 0.0680842 0.0733088 0.0754296 0.0747234 0.0717664 0.0671792 0.0615096 0.0552043 0.0486078 0.0419709 0.0354707 0.0292391 0.0233903 0.01804 0.0133102 0.00931427 0.00612731 0.0037563
 0.00863741 0.0140248 0.0210899 0.0297453 0.039665 0.0501338 0.0600209 0.0680557 0.0732946 0.0754289 0.0747319 0.0717776 0.067187 0.0615108 0.0551996 0.0486012 0.0419679 0.0354771 0.0292592 0.0234255 0.0180875 0.0133633 0.0093643 0.00616732 0.00378332
 0.00862272 0.0140017 0.0210567 0.0297013 0.0396108 0.0500723 0.0599572 0.067997 0.073249 0.0754027 0.0747276 0.0717931 0.0672166 0.0615468 0.0552352 0.0486324 0.0419944 0.0355016 0.0292857 0.0234571 0.0181248 0.0134036 0.00940304 0.00619983 0.00380694
 0.00862056 0.0139966 0.0210461 0.029682 0.0395797 0.0500281 0.0599015 0.0679347 0.0731875 0.0753501 0.0746908 0.0717764 0.0672209 0.0615693 0.0552704 0.0486736 0.042036 0.0355405 0.0293216 0.0234914 0.0181588 0.013437 0.00943406 0.00622602 0.00382662
 0.00863 0.0140114 0.0210673 0.0297095 0.0396121 0.0500616 0.0599303 0.0679519 0.0731868 0.0753292 0.0746523 0.0717274 0.0671702 0.0615251 0.0552376 0.0486537 0.0420274 0.0355401 0.0293267 0.0235003 0.0181706 0.0134511 0.00944909 0.00624017 0.00383825
#pred catch len freq
 0.00335867 0.00538724 0.00800673 0.0112247 0.0150697 0.0195602 0.0246401 0.0301467 0.0358349 0.041426 0.0466527 0.0512966 0.0552189 0.0583635 0.0607292 0.0623307 0.063171 0.0632246 0.0624109 0.0605508 0.0573474 0.0524649 0.045743 0.0374518 0.028389
 0.00360538 0.00573762 0.00844423 0.0117128 0.0155757 0.0200851 0.0252294 0.0308637 0.0367038 0.0423794 0.0475212 0.0518585 0.055286 0.0578632 0.0597423 0.0610703 0.0619108 0.0622037 0.061751 0.0602248 0.0572136 0.0523511 0.0455328 0.0371263 0.0280073
 0.00370983 0.00593233 0.0087799 0.0122431 0.0163353 0.021062 0.0263522 0.0320225 0.0377979 0.0433576 0.0483763 0.0525768 0.0557959 0.0580353 0.0594522 0.0602832 0.0607269 0.0608298 0.0604146 0.0590814 0.0563017 0.0516164 0.0448953 0.0365409 0.0274805
 0.00389066 0.00620662 0.00916063 0.0127414 0.0169728 0.0218806 0.0274065 0.0333468 0.0393621 0.0450437 0.0500005 0.0539485 0.0567732 0.0585387 0.0594421 0.0597427 0.0596764 0.0593589 0.0586866 0.0572916 0.0546145 0.0501256 0.0436302 0.0354999 0.0266587
 0.00415488 0.00661683 0.00974175 0.0135036 0.0179114 0.022979 0.0286402 0.0346911 0.040799 0.0465573 0.0515543 0.0554566 0.0580915 0.059492 0.0598733 0.059553 0.0588432 0.0579368 0.0568027 0.0551302 0.0523842 0.048016 0.0417798 0.0339863 0.025505
 0.00445497 0.00708995 0.0104272 0.0144305 0.0190963 0.024421 0.0303117 0.0365296 0.0427103 0.0484306 0.053285 0.05696 0.0593004 0.0603383 0.0602728 0.0594094 0.0580768 0.0565224 0.0547989 0.0526853 0.0497162 0.0453712 0.0393816 0.0319927 0.0239871
 0.00474854 0.00755921 0.0111201 0.0153905 0.0203597 0.0260095 0.0322192 0.0387079 0.0450616 0.0508124 0.0555268 0.0588911 0.0607792 0.0612705 0.0606076 0.0591201 0.0571438 0.054938 0.0525953 0.0499691 0.0466827 0.0422828 0.0365135 0.029567 0.0221238
 0.00501141 0.00798198 0.01175 0.0162742 0.021542 0.0275273 0.0340885 0.0409079 0.0475216 0.0534073 0.0580836 0.0612088 0.062659 0.0625482 0.0611757 0.0589306 0.0561954 0.0532613 0.0502534 0.0470765 0.0434283 0.0389287 0.0333543 0.02686 0.0200238
 0.00520749 0.00830287 0.0122389 0.0169779 0.022509 0.0288009 0.0356951 0.0428437 0.0497422 0.0558224 0.0605579 0.0635698 0.0647147 0.0641116 0.06209 0.0590889 0.0555489 0.0518186 0.0480788 0.0442957 0.0402383 0.0355947 0.030176 0.0241071 0.0178686
 0.00540056 0.00861031 0.0126916 0.0176061 0.0233439 0.0298741 0.0370329 0.0444553 0.0516076 0.0578828 0.0627133 0.0656853 0.0666331 0.0656695 0.063134 0.0594905 0.0552185 0.050719 0.0462373 0.0418157 0.0373059 0.0324701 0.0271565 0.0214643 0.015782
 0.00560478 0.00893029 0.0131521 0.0182256 0.0241364 0.0308506 0.0381989 0.0458057 0.0531217 0.0595206 0.0644133 0.067364 0.0681873 0.0669819 0.0640814 0.0599538 0.0550956 0.0499409 0.0447887 0.0397563 0.0347844 0.0297178 0.024451 0.0190664 0.0138706
 0.0058684 0.00933896 0.0137306 0.0189852 0.0250759 0.0319573 0.0394473 0.0471556 0.0545197 0.0609076 0.0657319 0.0685624 0.0692181 0.0677968 0.0646245 0.0601579 0.054885 0.049245 0.043566 0.0380237 0.0326408 0.0273469 0.022091 0.0169525 0.012171
 0.0061596 0.00980095 0.014405 0.019904 0.0262568 0.033396 0.041106 0.0489556 0.0563461 0.0626261 0.0672128 0.0697038 0.0699614 0.0681286 0.0645641 0.0597341 0.0541154 0.0481284 0.0420938 0.0362089 0.0305497 0.0251148 0.0199064 0.0150095 0.0106122
 0.0064153 0.0102057 0.014995 0.0207095 0.0273008 0.03469 0.0426402 0.0506859 0.0581852 0.0644458 0.0688592 0.0710242 0.0708354 0.0684926 0.0644176 0.0591257 0.0531159 0.0468046 0.0404978 0.0343878 0.0285698 0.0230815 0.017962 0.013302 0.00925061
 0.00670736 0.0106617 0.0156476 0.0215795 0.028398 0.0360131 0.0441709 0.05238 0.0599668 0.0662074 0.0704695 0.0723427 0.0717342 0.06888 0.0642561 0.0584376 0.0519721 0.0453023 0.0387384 0.0324666 0.0265808 0.0211283 0.0161594 0.0117588 0.00804104
 0.00689719 0.010967 0.0161015 0.0222126 0.0292353 0.0370676 0.0454341 0.0538147 0.0615051 0.0677561 0.0719188 0.0735773 0.0726454 0.0693791 0.0642872 0.0579869 0.0510708 0.0440212 0.0371752 0.0307317 0.0247881 0.0193912 0.0145845 0.010434 0.00701747
 0.00699189 0.0111262 0.0163517 0.022584 0.0297585 0.0377664 0.0463163 0.054864 0.0626782 0.0689847 0.0731165 0.0746494 0.0735004 0.0699389 0.064495 0.0578124 0.0505145 0.0431163 0.0359871 0.0293521 0.0233252 0.0179576 0.0132838 0.00934563 0.00618321
 0.00710162 0.0112943 0.0165872 0.0228932 0.0301502 0.0382565 0.0469274 0.0556152 0.0635686 0.0699795 0.0741435 0.075611 0.0742947 0.0704809 0.0647286 0.0577132 0.0500865 0.0423889 0.0350128 0.0282053 0.022098 0.01675 0.0121892 0.00843414 0.00548978
 0.00714671 0.0113633 0.0166826 0.0230142 0.030292 0.0384128 0.0470939 0.0557953 0.0637799 0.0702524 0.0745105 0.0760861 0.0748553 0.071064 0.0652453 0.0580735 0.0502223 0.0422672 0.0346398 0.0276226 0.0213755 0.0159738 0.0114458 0.00779341 0.00499191
 0.00720155 0.011449 0.0168055 0.0231785 0.0305001 0.0386649 0.0473854 0.0561148 0.0641078 0.0705657 0.0747901 0.0763251 0.0750596 0.0712434 0.0653987 0.0581792 0.0502416 0.0421592 0.0343796 0.0272141 0.0208536 0.0153971 0.0108814 0.00729963 0.00460461
 0.00720246 0.0114481 0.0167999 0.0231642 0.0304733 0.0386243 0.0473351 0.0560653 0.0640758 0.0705703 0.0748481 0.0764453 0.0752408 0.0714748 0.0656615 0.058447 0.0504797 0.0423278 0.0344423 0.0271507 0.0206698 0.0151252 0.0105708 0.00700121 0.00435597
 0.00740513 0.0117433 0.0171805 0.0236011 0.0309232 0.0390425 0.0476856 0.0563243 0.0642302 0.0706163 0.0747919 0.0763039 0.0750404 0.071246 0.0654323 0.0582363 0.0502931 0.0421565 0.0342676 0.0269531 0.0204389 0.014867 0.0103063 0.00675794 0.00415669
 0.00752854 0.0119385 0.0174627 0.0239775 0.0313876 0.0395694 0.0482273 0.0568159 0.0646057 0.0708283 0.0748243 0.0761725 0.0747824 0.0709076 0.0650589 0.0578653 0.0499499 0.0418521 0.0339995 0.0267102 0.0202094 0.0146459 0.0100982 0.00657405 0.00400833
 0.0075284 0.0119427 0.0174781 0.0240147 0.031461 0.0396941 0.0484137 0.0570634 0.0648956 0.071123 0.0750753 0.0763354 0.0748333 0.0708496 0.0649178 0.0576771 0.0497476 0.0416583 0.033824 0.0265523 0.020064 0.0145084 0.00996929 0.00645902 0.00391382
 0.00755614 0.0119845 0.0175349 0.0240865 0.0315476 0.0397972 0.0485381 0.0572151 0.0650783 0.0713326 0.0752952 0.0765362 0.074979 0.0709092 0.0648773 0.0575448 0.0495505 0.0414306 0.0335959 0.0263431 0.0198817 0.0143539 0.00984091 0.00635571 0.00383505
 0.00753313 0.0119519 0.017495 0.0240446 0.0315117 0.039776 0.0485397 0.0572464 0.065145 0.071438 0.0754381 0.0767079 0.0751613 0.071076 0.0650001 0.057602 0.0495349 0.0413517 0.0334748 0.0262043 0.0197451 0.0142319 0.0097392 0.00627563 0.00377574
 0.00734983 0.0116799 0.0171342 0.0236127 0.0310396 0.039301 0.0480997 0.0568784 0.0648838 0.0713133 0.0754692 0.0768979 0.0754937 0.0715149 0.0654952 0.0580975 0.0499809 0.0417144 0.0337411 0.0263797 0.0198469 0.0142813 0.00975538 0.00627365 0.00376606
 0.00713943 0.0113579 0.0166878 0.0230452 0.0303715 0.0385694 0.0473584 0.0561948 0.0643298 0.0709513 0.075339 0.077011 0.0758336 0.0720417 0.0661514 0.058816 0.0506941 0.0423641 0.034287 0.0268037 0.0201513 0.0144829 0.00987802 0.00634143 0.00379941
 0.00703443 0.011178 0.0164005 0.0226159 0.0297731 0.0377973 0.0464449 0.055214 0.0633879 0.0701644 0.0748087 0.0768034 0.0759679 0.0724893 0.0668454 0.059667 0.051607 0.0432525 0.0350835 0.0274654 0.0206615 0.0148478 0.0101195 0.00648878 0.00388187
 0.00686048 0.010917 0.0160462 0.0221711 0.0292415 0.0371741 0.0457167 0.0543735 0.0624574 0.0692149 0.073957 0.0761852 0.0756965 0.0726202 0.0673624 0.0604915 0.0526228 0.0443343 0.0361203 0.0283756 0.0213991 0.0154006 0.0105025 0.00673341 0.00402537
 0.00675577 0.0107495 0.0157999 0.0218347 0.0288124 0.0366621 0.0451451 0.0537737 0.0618581 0.0686351 0.0734116 0.0757018 0.0753282 0.0724399 0.0674364 0.0608484 0.0532359 0.0451265 0.0369873 0.0292144 0.0221307 0.0159815 0.0109239 0.00701278 0.00419443
 0.00667008 0.0106138 0.0156018 0.0215635 0.0284589 0.0362206 0.0446182 0.0531784 0.0612299 0.0680247 0.0728745 0.0752844 0.0750605 0.0723387 0.0675138 0.0611149 0.0536913 0.045746 0.0377148 0.0299717 0.0228376 0.0165768 0.0113778 0.00732654 0.004391
 0.00655304 0.0104339 0.0153499 0.021237 0.0280606 0.0357568 0.044099 0.0526196 0.0606558 0.0674689 0.0723789 0.0748946 0.0748176 0.0722707 0.067631 0.0614108 0.0541471 0.0463326 0.0383905 0.030681 0.0235176 0.0171706 0.0118484 0.00766425 0.00460985
 0.00639366 0.0101908 0.0150138 0.0208093 0.0275516 0.0351832 0.0434827 0.0519891 0.0600459 0.0669187 0.0719274 0.0745766 0.0746605 0.0722913 0.0678332 0.0617848 0.05467 0.0469699 0.0390983 0.0314083 0.0242103 0.0177793 0.0123387 0.00802378 0.00484857
 0.00648148 0.0102976 0.0151079 0.0208392 0.0274597 0.0349276 0.0430559 0.0514224 0.0593986 0.0662598 0.0713209 0.0740736 0.0742974 0.0720908 0.0678051 0.0619269 0.0549683 0.0473988 0.0396212 0.0319793 0.0247788 0.0182974 0.0127698 0.00834985 0.00507155
