SBPRF35
9.23471
Curr Bio
590186
B35
714239
F35
0.193319
FOFL
0.168488
OFL
84537.4
Bzero
2.63849e+006
#pred survey bio
 4.32461e+006 4.10339e+006 3.8988e+006 3.66086e+006 3.37613e+006 3.08199e+006 2.78244e+006 2.52012e+006 2.23117e+006 1.98838e+006 1.73653e+006 1.53218e+006 1.36462e+006 1.21594e+006 1.08812e+006 963636 869085 773138 722949 680288 661335 634458 612993 601626 594920 589275 575016 578665 575825 579881 582120 580222 586695 581672 581451 563901 557637 556457 563073 570585 571434 576908 582065 589272 593687 593270 590526 589238 590709 587728 590892 647481 658682 627039 586272 625739 637579 599005 603178 581630 581425 557330 568185 571273 528057 523432 595069 2.20985e+007 1.28827e+007 1.28143e+007 1.33956e+007 1.43981e+007 1.55511e+007 1.66645e+007 1.76384e+007 1.84385e+007 1.90689e+007 1.95518e+007 1.99148e+007 2.01843e+007 2.0383e+007 2.0529e+007 2.06363e+007 2.07152e+007 2.07735e+007 2.08168e+007 2.0849e+007 2.08732e+007 2.08915e+007 2.09053e+007 2.09158e+007 2.09239e+007 2.09301e+007 2.09349e+007 2.09386e+007 2.09415e+007 2.09437e+007 2.09455e+007 2.09468e+007 2.09479e+007 2.09487e+007 2.09494e+007 2.09499e+007 2.09503e+007 2.09506e+007 2.09509e+007 2.09511e+007 2.09512e+007 2.09514e+007 2.09515e+007 2.09515e+007 2.09516e+007 2.09517e+007 2.09517e+007 2.09517e+007 2.09517e+007 2.09518e+007 2.09518e+007 2.09518e+007 2.09518e+007 2.09518e+007 2.09518e+007 2.09518e+007 2.09518e+007 2.09518e+007 2.09518e+007 2.09518e+007 2.09518e+007 2.09518e+007 2.09518e+007 2.09518e+007 2.09518e+007 2.09518e+007 2.09518e+007 2.09518e+007 2.09518e+007 2.09518e+007 2.09518e+007 2.09518e+007 2.09518e+007 2.09518e+007 2.09518e+007 2.09518e+007 2.09518e+007 2.09518e+007 2.09518e+007 2.09518e+007 2.09518e+007 2.09518e+007 2.09518e+007 2.09518e+007 2.09518e+007 2.09518e+007 2.09518e+007 2.09518e+007 2.09518e+007 2.09518e+007 2.09518e+007 2.09518e+007 2.09518e+007 2.09518e+007 2.09518e+007 2.09518e+007 2.09518e+007 2.09518e+007 2.09518e+007 2.09518e+007 0 0 0 0 0 0 0 0 0 0 0 0 0 0 0 0 0 0 0 0 0 0 0 0 0
#obs survey bio
 5.13506e+006 2.50796e+006 2.65736e+006 3.67853e+006 2.15619e+006 2.84259e+006 2.72019e+006 2.586e+006 1.71855e+006 1.65106e+006 1.39701e+006 1.82806e+006 1.24836e+006 849914 848026 970632 840724 772346 606852 659080 595705 604388 831818 398602 364948 558932 514806 421075 441940 459107 616063 679248 544135 492247 464647 610984 494717 623500 606368 537218 754029 562430 522089 726631 639099 755562 707636 680805 634579 500844 408496 783175 504138 484328 594980 773300 604822 631841 424996 667303 658075 644464 651073 598227 504751 479033 715501
#pred catch bio
 112783 102145 142684 202880 233725 263065 253918 302313 283161 310037 281728 259481 250383 236994 235594 208126 204955 161175 151331 128479 132316 124150 112995 108050 106810 112750 96297.6 100905 94450.5 95516.1 97571.2 88625.4 95784.4 88219.5 98829.2 87299.1 85548.5 83260.5 85750.5 92488.8 88422.7 88382.1 86247.3 87795 90463.7 90684 87877.1 84797.1 88887.7 84992.9 43079.2 83919 120001 127822 62869.7 89375.8 130389 92795.6 114072 94796.1 113189 81882.2 87573.3 123928 89305.9 26772 54824.9 84537.4 93071.1 91222.2 93793.2 100143 107920 115466 121977 127204 131200 134149 136268 137761 138796 139506 139987 140311 140527 140672 140768 140831 140873 140900 140918 140930 140938 140943 140946 140948 140949 140950 140951 140951 140952 140952 140952 140952 140952 140952 140952 140952 140952 140952 140952 140952 140952 140952 140952 140952 140952 140952 140952 140952 140952 140952 140952 140952 140952 140952 140952 140952 140952 140952 140952 140952 140952 140952 140952 140952 140952 140952 140952 140952 140952 140952 140952 140952 140952 140952 140952 140952 140952 140952 140952 140952 140952 140952 140952 140952 140952 140952 140952 140952 140952 140952 140952 140952 140952 140952 140952 0 0 0 0 0 0 0 0 0 0 0 0 0 0 0 0 0 0 0 0 0 0 0 0 0
#obs catch bio
 0 101852 142887 204050 235907 266004 255832 306442 287407 317418 289278 264293 256605 243526 243151 214312 211085 164695 154706 131010 135264 126483 114349 109436 108888 115259 97920.6 102473 95697.4 97078.5 99350.4 89598.8 97234.5 88878.1 99838.8 87459.5 85811.4 83217.5 85673.8 92666.7 88273.6 88243.9 86171.1 87550.4 89953.7 90122.1 87188.9 83755.7 87788.9 84956.5 42613.2 83841.1 119710 129050 62540 89525.7 131916 92565.1 114790 94448.3 113390 81412.3 86600.5 122870 89603.8 26393.2 55092.7
#pred cpue bio
 4.25825e+006 4.04106e+006 3.84005e+006 3.60372e+006 3.32002e+006 3.02716e+006 2.72922e+006 2.46807e+006 2.18065e+006 1.93897e+006 1.68907e+006 1.48661e+006 1.32071e+006 1.17354e+006 1.04716e+006 924703 832178 738934 690308 649044 630830 605102 584671 573885 567279 561670 548011 551852 549359 553389 555726 554295 561138 556903 557453 541107 534746 532266 537577 544642 545743 551407 556653 563858 568467 568414 566060 565044 566507 563311 565908 620875 632224 601034 560153 597829 609824 572657 576480 555522 555429 532317 543185 546665 504744 499853 570105 2.12771e+007 1.24425e+007 1.22551e+007 1.26638e+007 1.35929e+007 1.4725e+007 1.58335e+007 1.68063e+007 1.76062e+007 1.82365e+007 1.87194e+007 1.90824e+007 1.93519e+007 1.95506e+007 1.96966e+007 1.98039e+007 1.98828e+007 1.99411e+007 1.99844e+007 2.00166e+007 2.00408e+007 2.0059e+007 2.00729e+007 2.00834e+007 2.00915e+007 2.00977e+007 2.01025e+007 2.01062e+007 2.01091e+007 2.01113e+007 2.0113e+007 2.01144e+007 2.01155e+007 2.01163e+007 2.0117e+007 2.01175e+007 2.01179e+007 2.01182e+007 2.01185e+007 2.01187e+007 2.01188e+007 2.0119e+007 2.01191e+007 2.01191e+007 2.01192e+007 2.01192e+007 2.01193e+007 2.01193e+007 2.01193e+007 2.01194e+007 2.01194e+007 2.01194e+007 2.01194e+007 2.01194e+007 2.01194e+007 2.01194e+007 2.01194e+007 2.01194e+007 2.01194e+007 2.01194e+007 2.01194e+007 2.01194e+007 2.01194e+007 2.01194e+007 2.01194e+007 2.01194e+007 2.01194e+007 2.01194e+007 2.01194e+007 2.01194e+007 2.01194e+007 2.01194e+007 2.01194e+007 2.01194e+007 2.01194e+007 2.01194e+007 2.01194e+007 2.01194e+007 2.01194e+007 2.01194e+007 2.01194e+007 2.01194e+007 2.01194e+007 2.01194e+007 2.01194e+007 2.01194e+007 2.01194e+007 2.01194e+007 2.01194e+007 2.01194e+007 2.01194e+007 2.01194e+007 2.01194e+007 2.01194e+007 2.01194e+007 2.01194e+007 2.01194e+007 2.01194e+007 2.01194e+007 2.01194e+007 0 0 0 0 0 0 0 0 0 0 0 0 0 0 0 0 0 0 0 0 0 0 0 0 0
#obs cpue bio
 5.17125e+006 4.24055e+006 3.67303e+006 2.18092e+006 2.17507e+006 3.50787e+006 3.01257e+006 2.09668e+006 1.55125e+006 1.44586e+006 1.08719e+006 1.74143e+006 768895 1.00853e+006 867214 592345 731435 535916 640176 422199 539140 546997 477161 644717 436892 460577 435899 819425 567398 453065 392324 507815 473188 781812 697939 699967 558698 608498 520566 507472 509117 599700 576287 574053 740857 518472 610434 823243 671338 377277 641641 628998 851576 436197 503105 538438 485004 671262 716749 655307 529960 551613 864189 624308 339344 477009 483990
#pred surv len freq
 0.00492106 0.00799313 0.0120362 0.0170331 0.0228649 0.0292311 0.0356212 0.0414358 0.0462112 0.049771 0.0522056 0.0537423 0.0546254 0.0550551 0.0551672 0.0550325 0.0546687 0.0540502 0.0530903 0.0515898 0.0492004 0.0454893 0.0401519 0.0332864 0.0255261
 0.00509672 0.00818958 0.012172 0.0169903 0.0225362 0.028586 0.0347487 0.0405267 0.0454782 0.0493532 0.0521158 0.053884 0.0548604 0.055278 0.0553496 0.0552212 0.0549463 0.054478 0.0536609 0.0522159 0.0497474 0.0458375 0.0402523 0.0331761 0.025299
 0.00542474 0.00869547 0.0128757 0.0178747 0.023532 0.0295628 0.0355264 0.0409231 0.0453854 0.0488017 0.0512736 0.0529793 0.0540761 0.0546878 0.0549298 0.0549141 0.0547183 0.0543337 0.0536134 0.0522464 0.0497926 0.045816 0.040111 0.0329205 0.0249854
 0.00565458 0.00908305 0.0134836 0.0187664 0.0247521 0.0311065 0.0373071 0.0427599 0.0470274 0.0499899 0.0518214 0.0528384 0.0533506 0.0535855 0.0536737 0.0536676 0.0535623 0.05329 0.0526786 0.0514075 0.0490264 0.0450936 0.0394146 0.0322607 0.0243986
 0.0058703 0.00943331 0.0140118 0.0195174 0.0257696 0.0324238 0.0389313 0.0446504 0.0490772 0.0520192 0.0535934 0.0541045 0.05392 0.0533888 0.0527866 0.0522761 0.0518888 0.0515239 0.0509433 0.0497656 0.0475034 0.0437023 0.0381718 0.0311928 0.0235345
 0.00611711 0.00982442 0.0145823 0.0202952 0.026774 0.0336625 0.0403949 0.0463093 0.0508806 0.0538929 0.055431 0.0557575 0.0552015 0.054107 0.0528011 0.0515519 0.0505138 0.0496778 0.0488367 0.0475861 0.0453913 0.0417553 0.0364604 0.0297687 0.0224267
 0.00645523 0.0103521 0.0153354 0.0212932 0.0280177 0.0351325 0.0420483 0.0480799 0.0526885 0.055659 0.0570858 0.0572348 0.0564212 0.0549598 0.0531539 0.0512804 0.0495524 0.0480581 0.0466923 0.0451195 0.042826 0.0392955 0.0342682 0.0279531 0.0210371
 0.00677717 0.0108646 0.0160862 0.0223179 0.0293327 0.0367236 0.0438605 0.0500171 0.0546301 0.0574872 0.0587087 0.0585925 0.0574754 0.055673 0.0534695 0.0511173 0.0488234 0.0467103 0.0447503 0.0427066 0.0401499 0.0366045 0.0317975 0.0258781 0.019446
 0.00715034 0.0114614 0.0169657 0.0235279 0.0309001 0.03864 0.0460664 0.0523963 0.057024 0.0597251 0.060639 0.0601048 0.0585071 0.056202 0.0534948 0.0506355 0.0478145 0.0451475 0.0426334 0.0401045 0.0372249 0.0335981 0.0289782 0.0234728 0.0175856
 0.00740121 0.0118757 0.0176015 0.0244441 0.0321458 0.0402372 0.0479905 0.0545674 0.0593153 0.0619833 0.0627075 0.0618423 0.0598013 0.0569784 0.0537171 0.050296 0.0469182 0.0437024 0.0406601 0.0376642 0.0344501 0.0307001 0.0262133 0.0210771 0.0157101
 0.00769412 0.0123463 0.0183001 0.0254155 0.0334235 0.0418323 0.049879 0.0566812 0.061546 0.0641965 0.0647596 0.0635958 0.0611371 0.0578048 0.0539764 0.0499633 0.0459957 0.0422123 0.0386449 0.0352008 0.0316716 0.0278052 0.0234442 0.0186646 0.0138093
 0.00804263 0.0128839 0.0190558 0.0263995 0.0346293 0.043241 0.0514586 0.0583842 0.0633089 0.0659431 0.0664063 0.065054 0.0623161 0.058617 0.0543443 0.049828 0.0453232 0.0409974 0.0369163 0.0330304 0.0291869 0.0251921 0.0209266 0.0164563 0.0120581
 0.00838754 0.0134277 0.0198416 0.027453 0.0359515 0.0447993 0.0531796 0.0601591 0.0650157 0.0674771 0.0677002 0.0660764 0.0630538 0.059055 0.0544549 0.0495712 0.0446568 0.0398919 0.0353715 0.0310925 0.0269609 0.0228425 0.0186552 0.0144574 0.0104676
 0.00868406 0.0139059 0.0205535 0.0284427 0.0372443 0.0463859 0.0550001 0.0620988 0.0669216 0.069191 0.0690916 0.0670647 0.063613 0.0592014 0.054225 0.0489985 0.0437578 0.0386675 0.0338241 0.0292506 0.0249017 0.0206982 0.0165959 0.0126507 0.00903138
 0.00884503 0.0141819 0.0209954 0.0291072 0.038182 0.0476221 0.0565144 0.0638164 0.0687215 0.0709267 0.0706162 0.0682529 0.0643781 0.0595059 0.0540789 0.0484451 0.0428525 0.0374601 0.0323552 0.0275643 0.0230662 0.0188192 0.0148087 0.0110904 0.0077937
 0.00895864 0.0143801 0.0213195 0.0296057 0.0389026 0.0485966 0.0577426 0.0652559 0.0702894 0.07251 0.0720869 0.0694845 0.0652623 0.0599686 0.0540896 0.0480171 0.0420332 0.0363157 0.0309571 0.0259859 0.0213887 0.0171406 0.0132405 0.00973833 0.00672987
 0.00898079 0.0144229 0.0213977 0.0297411 0.0391239 0.0489367 0.0582335 0.0659203 0.0711311 0.0735042 0.0731755 0.0705789 0.0662561 0.0607541 0.0545772 0.0481498 0.0417943 0.0357272 0.0300718 0.0248778 0.0201471 0.0158653 0.0120346 0.00869298 0.00590514
 0.00921189 0.0147684 0.0218618 0.0303081 0.039764 0.0496156 0.0589198 0.0665894 0.0717655 0.0740943 0.0737161 0.0710632 0.0666665 0.0610582 0.0547293 0.0481015 0.041508 0.0351889 0.0292983 0.0239167 0.0190717 0.014765 0.0110016 0.00780534 0.00521092
 0.00931136 0.014916 0.0220572 0.0305412 0.0400167 0.0498663 0.059149 0.0667845 0.0719264 0.0742358 0.073866 0.0712519 0.0669127 0.0613561 0.0550444 0.0483757 0.0416738 0.0351874 0.029096 0.0235162 0.0185126 0.0141156 0.010343 0.00721154 0.00473238
 0.00939169 0.0150444 0.0222458 0.0307975 0.0403397 0.050242 0.0595466 0.06716 0.0722334 0.0744413 0.0739621 0.0712581 0.0668674 0.0613012 0.0550085 0.0483622 0.0416585 0.0351277 0.0289478 0.0232527 0.018137 0.0136626 0.00986765 0.00677204 0.00437197
 0.0093046 0.0149132 0.0220682 0.0305805 0.0401 0.050005 0.0593442 0.0670252 0.0721914 0.0745009 0.0741127 0.0714754 0.0671251 0.0615799 0.0552978 0.0486544 0.0419394 0.0353715 0.0291203 0.0233234 0.0180929 0.0135164 0.00965527 0.00654013 0.00416201
 0.00929731 0.014901 0.0220495 0.0305535 0.0400638 0.0499604 0.0592952 0.0669793 0.0721595 0.0744944 0.07414 0.0715385 0.0672183 0.0616925 0.0554188 0.0487756 0.0420548 0.0354725 0.0291928 0.0233494 0.0180587 0.0134213 0.00951525 0.00638253 0.00401511
 0.00943174 0.0150847 0.0222617 0.0307539 0.0402041 0.0500036 0.0592302 0.0668241 0.0719515 0.0742762 0.0739479 0.0713969 0.0671388 0.061675 0.0554535 0.0488473 0.042146 0.0355664 0.0292734 0.0234018 0.0180713 0.0133905 0.00944797 0.00629501 0.00392659
 0.00964321 0.0153934 0.0226596 0.0312071 0.0406575 0.0503917 0.0594901 0.0669081 0.0718398 0.0739869 0.0735359 0.0709387 0.0667094 0.0613278 0.055212 0.0487085 0.0420899 0.0355655 0.0292998 0.0234314 0.0180864 0.0133818 0.00941538 0.00624642 0.00387373
 0.009628 0.0153991 0.0227226 0.0313753 0.0409715 0.0508584 0.0600633 0.0674912 0.0723153 0.0742568 0.0735539 0.0707203 0.0663194 0.0608549 0.0547418 0.048303 0.0417794 0.0353515 0.0291647 0.0233495 0.018033 0.0133386 0.00937283 0.00620296 0.00383269
 0.00946711 0.0151663 0.0224277 0.031051 0.0406712 0.0506474 0.0600048 0.0676285 0.0726518 0.0747425 0.0740922 0.0711972 0.0666442 0.0609904 0.0547089 0.0481615 0.0415985 0.0351852 0.0290407 0.0232712 0.0179889 0.0133129 0.00935332 0.00618368 0.00381317
 0.00947445 0.0151633 0.0223966 0.0309693 0.040522 0.0504332 0.0597587 0.0674119 0.0725361 0.0747827 0.0743022 0.0715402 0.0670422 0.0613511 0.0549585 0.0482683 0.0415771 0.0350809 0.0289056 0.0231446 0.0178898 0.0132432 0.00930636 0.0061515 0.00379027
 0.00944458 0.0151029 0.0222837 0.030776 0.0402208 0.050009 0.0592211 0.0668029 0.0719292 0.074271 0.0739779 0.0714696 0.0672425 0.0617814 0.0555304 0.0488756 0.0421294 0.0355265 0.0292344 0.0233743 0.0180474 0.0133515 0.00938009 0.00619937 0.00381865
 0.00950542 0.0151929 0.0224015 0.0309113 0.0403533 0.0501084 0.0592503 0.0667253 0.0717216 0.0739386 0.0735623 0.0710437 0.0668913 0.0615747 0.0554993 0.0490033 0.0423608 0.0357929 0.0294788 0.0235661 0.0181813 0.0134377 0.00943283 0.00623042 0.00383601
 0.00939285 0.0150343 0.0222079 0.0307079 0.0401716 0.0499735 0.0591703 0.0666885 0.0717016 0.0739045 0.0734913 0.0709315 0.0667581 0.0614611 0.0554529 0.0490584 0.0425235 0.0360373 0.0297589 0.0238348 0.0184061 0.0136058 0.0095472 0.00630221 0.00387782
 0.00918239 0.0147217 0.0217935 0.0302143 0.0396408 0.0494597 0.0587314 0.0663766 0.0715509 0.0739197 0.0736438 0.0711695 0.0670263 0.0617216 0.0556948 0.0492944 0.0427749 0.0363167 0.0300603 0.0241356 0.018678 0.0138274 0.00971038 0.0064112 0.00394412
 0.00906778 0.0145325 0.0215049 0.0298055 0.0391043 0.0488141 0.05803 0.0657045 0.0710047 0.0735794 0.0735488 0.0713105 0.0673538 0.0621649 0.0561849 0.0497811 0.0432332 0.0367418 0.0304543 0.0244963 0.0189961 0.0140908 0.00991147 0.00655134 0.0040328
 0.00884757 0.0141963 0.0210391 0.0292108 0.0383942 0.0480114 0.0571692 0.0648362 0.070199 0.0729208 0.073122 0.0711788 0.0675396 0.0626402 0.0568789 0.0506007 0.0440881 0.0375626 0.0311979 0.025141 0.0195326 0.0145165 0.0102297 0.00677262 0.00417427
 0.00864437 0.0138886 0.0206186 0.0286855 0.0377858 0.0473514 0.0564943 0.0641856 0.0696109 0.072429 0.0727563 0.0709683 0.0675133 0.0628203 0.0572675 0.0511704 0.0447829 0.0383112 0.0319318 0.0258075 0.0200995 0.0149698 0.0105697 0.00701007 0.00432733
 0.00851994 0.0136737 0.0202734 0.0281694 0.0370717 0.0464457 0.0554525 0.0631093 0.0686233 0.0716394 0.0722342 0.0707371 0.0675627 0.0631229 0.0577902 0.0518756 0.0456234 0.0392271 0.0328547 0.0266709 0.020851 0.0155789 0.0110287 0.00733061 0.00453365
 0.00927857 0.0147419 0.0215738 0.0295225 0.0382413 0.047215 0.0556903 0.0627956 0.0678342 0.0705141 0.0709392 0.069435 0.0663859 0.0621598 0.0570839 0.0514333 0.0454276 0.039242 0.0330296 0.0269458 0.0211646 0.0158795 0.0112819 0.00752142 0.00466314
 0.00996283 0.015812 0.0230966 0.0315081 0.0406143 0.049787 0.0581527 0.0647646 0.0689571 0.0705922 0.0699979 0.0677007 0.0641913 0.0598363 0.0548901 0.0495308 0.0438907 0.0380812 0.032214 0.0264196 0.0208604 0.015729 0.0112251 0.00751254 0.00467286
 0.00989441 0.0158029 0.0232709 0.0320417 0.0416861 0.0514988 0.0604549 0.0674286 0.0716123 0.0728139 0.0714161 0.0680961 0.0635493 0.058339 0.0528477 0.0472845 0.0417285 0.0361939 0.0306925 0.0252764 0.0200575 0.0152023 0.0109034 0.00733054 0.00457787
 0.00957243 0.0153232 0.0226373 0.031305 0.0409538 0.050936 0.0602672 0.0678141 0.0726826 0.074517 0.0735077 0.0701927 0.0652467 0.0593418 0.0530525 0.0467852 0.0407543 0.0350161 0.0295426 0.0243029 0.0193213 0.0146984 0.0105897 0.00715284 0.00448659
 0.00932908 0.0149387 0.0220813 0.0305622 0.0400342 0.0498903 0.0592015 0.0668934 0.0721094 0.0744808 0.0741185 0.0714221 0.0669072 0.0611252 0.0546226 0.0478873 0.0412885 0.0350437 0.0292312 0.0238454 0.0188713 0.0143413 0.0103485 0.00701164 0.00441472
 0.00925211 0.014808 0.021874 0.0302527 0.0395994 0.0493183 0.0585035 0.066114 0.0713316 0.073823 0.0737192 0.0714083 0.0673492 0.0619935 0.0557732 0.0490953 0.0423228 0.0357474 0.029566 0.02388 0.018729 0.0141416 0.0101701 0.00688629 0.00434154
 0.00924544 0.0147836 0.0218118 0.0301247 0.039375 0.0489739 0.0580322 0.0655307 0.0706738 0.0731492 0.0731075 0.0709525 0.0671461 0.0621172 0.0562417 0.049846 0.0432183 0.0366164 0.0302638 0.0243359 0.0189551 0.0142046 0.0101492 0.00684158 0.00430377
 0.00917082 0.0146789 0.0216838 0.0299875 0.0392418 0.0488467 0.0578953 0.0653546 0.070429 0.0728226 0.0727144 0.0705392 0.066783 0.0618851 0.0562115 0.0500538 0.0436447 0.0371833 0.0308578 0.0248495 0.0193243 0.0144216 0.010248 0.00687033 0.00430248
 0.00903026 0.0144651 0.0213904 0.0296209 0.0388222 0.0484066 0.0574763 0.064999 0.0701664 0.072659 0.0726306 0.070504 0.0667743 0.0619058 0.0562908 0.0502328 0.0439519 0.0376137 0.0313653 0.0253613 0.0197685 0.0147542 0.0104626 0.00698926 0.00435888
 0.00894222 0.0143222 0.0211765 0.0293227 0.0384346 0.0479389 0.0569584 0.0644809 0.0697089 0.0723167 0.0724364 0.0704607 0.066858 0.06208 0.0565242 0.0505118 0.0442799 0.0379975 0.0317977 0.0258123 0.0201928 0.0151088 0.0107239 0.00715858 0.00445521
 0.00888719 0.0142368 0.0210549 0.0291612 0.0382303 0.0476896 0.0566639 0.0641473 0.0693529 0.0719679 0.0721335 0.0702431 0.0667534 0.062096 0.0566486 0.0507208 0.0445504 0.0383126 0.0321446 0.026174 0.0205439 0.0154195 0.0109708 0.00733294 0.00456411
 0.00889635 0.0142424 0.0210464 0.0291233 0.0381471 0.047551 0.0564705 0.06391 0.069089 0.0716956 0.0718706 0.0700081 0.0665681 0.0619826 0.0566235 0.0507889 0.0447033 0.038533 0.032411 0.0264637 0.0208328 0.0156836 0.0111899 0.00749636 0.00467274
 0.00902072 0.0144162 0.0212552 0.0293345 0.0383178 0.0476411 0.0564541 0.0637815 0.0688613 0.0713955 0.0715323 0.0696671 0.0662561 0.0617252 0.0564396 0.0506904 0.0446939 0.038607 0.0325533 0.0266523 0.0210421 0.0158881 0.0113685 0.00763596 0.00477011
 0.00921715 0.0147081 0.0216422 0.029795 0.0388109 0.0481122 0.0568423 0.0640283 0.0689234 0.0712576 0.0712142 0.0692182 0.0657406 0.0612058 0.0559667 0.0502981 0.044401 0.0384188 0.0324638 0.0266456 0.0210951 0.0159745 0.0114637 0.00772124 0.00483545
 0.00937327 0.0149619 0.0220225 0.030324 0.0394939 0.0489245 0.0577189 0.0648669 0.0696053 0.0716802 0.0713177 0.0689983 0.0652435 0.0605124 0.0551718 0.0494921 0.0436562 0.0377836 0.0319624 0.0262811 0.0208543 0.0158336 0.0113941 0.00769557 0.00483202
 0.0092523 0.014806 0.0218638 0.0302196 0.0395126 0.049124 0.0581233 0.0654554 0.0703139 0.0724128 0.0719653 0.0694617 0.0654563 0.0604563 0.0548784 0.04903 0.0431108 0.0372359 0.0314744 0.0258891 0.0205697 0.0156479 0.0112869 0.00764258 0.00481102
 0.00880422 0.0140958 0.0208338 0.0288416 0.0378091 0.0471922 0.0561499 0.0636981 0.06904 0.0718188 0.0721164 0.0702813 0.066763 0.0620244 0.0564963 0.0505408 0.044427 0.0383325 0.0323668 0.0266088 0.0211466 0.0161032 0.0116345 0.00789419 0.00498067
 0.00922498 0.0146747 0.0215087 0.0294844 0.0382552 0.0472933 0.055824 0.0629569 0.0679891 0.0706349 0.0710078 0.0694356 0.0662963 0.0619531 0.0567448 0.0509804 0.0449256 0.0387927 0.0327407 0.0268905 0.0213532 0.0162567 0.0117508 0.00798181 0.00504383
 0.00970513 0.0154654 0.0227089 0.0311689 0.0404306 0.0498429 0.0584754 0.0653135 0.0696393 0.0712923 0.0706077 0.0681399 0.0644161 0.0598366 0.0546814 0.0491482 0.0433896 0.0375385 0.0317209 0.0260609 0.0206874 0.0157414 0.0113749 0.00772771 0.00488652
 0.00971175 0.0155516 0.0229793 0.031771 0.0415205 0.0515265 0.0607447 0.0680086 0.072454 0.0738261 0.0724564 0.0690025 0.0641829 0.0586182 0.0527603 0.0468778 0.0410889 0.0354274 0.0299097 0.024578 0.0195174 0.0148531 0.0107322 0.00729059 0.00461071
 0.00912811 0.0146343 0.0216667 0.030051 0.0394621 0.0493114 0.0586794 0.0664818 0.0718274 0.0742978 0.0739684 0.0712465 0.0667029 0.060961 0.0546075 0.0481095 0.0417646 0.0357083 0.0299706 0.0245497 0.0194711 0.0148154 0.0107072 0.0072753 0.00460202
 0.00911851 0.014575 0.0214959 0.0296823 0.038805 0.0483085 0.0573473 0.0649398 0.0702969 0.0730667 0.0733178 0.0713581 0.0675817 0.0624171 0.0563174 0.0497318 0.0430531 0.0365682 0.0304431 0.0247489 0.0195181 0.014799 0.0106761 0.00724904 0.00458474
 0.00947464 0.0151373 0.0223053 0.0307511 0.0400961 0.0497142 0.0586808 0.0659611 0.0707831 0.0728995 0.0725452 0.0701887 0.0663119 0.0613204 0.0555483 0.0492884 0.0428129 0.0363733 0.0301811 0.0243906 0.0191029 0.0143926 0.0103326 0.00699328 0.00441484
 0.00929235 0.0148821 0.0219993 0.030445 0.0398607 0.0496208 0.0587779 0.0662531 0.071216 0.0733646 0.0729079 0.0703426 0.0662308 0.061077 0.0552798 0.049126 0.0428171 0.0365143 0.0303714 0.0245417 0.0191685 0.0143763 0.0102677 0.00691665 0.00435029
 0.00934423 0.0149569 0.0220955 0.0305583 0.0399901 0.0497756 0.05898 0.0665303 0.071585 0.073811 0.0733738 0.0707335 0.0664452 0.0610487 0.0550117 0.0486928 0.042332 0.0360766 0.030029 0.0242889 0.0189724 0.0142081 0.0101177 0.00678949 0.00425332
 0.0091628 0.0146864 0.0217339 0.0301204 0.0395039 0.0492769 0.0585098 0.0661358 0.0713194 0.0737263 0.0735057 0.071082 0.0669624 0.0616448 0.0555819 0.0491554 0.0426548 0.0362773 0.0301508 0.0243703 0.0190317 0.0142468 0.0101339 0.00678665 0.00423984
 0.00922266 0.0147729 0.0218442 0.0302451 0.0396301 0.0493924 0.0586061 0.0662078 0.0713639 0.0737425 0.0734981 0.071063 0.0669492 0.0616497 0.0556016 0.0491686 0.0426338 0.0362054 0.0300327 0.0242276 0.0188896 0.0141227 0.0100342 0.00671095 0.00418532
 0.00903567 0.0144764 0.0214132 0.0296644 0.0389009 0.0485407 0.0576903 0.065317 0.0706034 0.0732088 0.0732559 0.0711336 0.0673113 0.0622491 0.0563641 0.0500114 0.0434757 0.0369775 0.0306875 0.0247446 0.0192723 0.0143898 0.0102101 0.00681931 0.00424683
 0.00915588 0.0146271 0.0215569 0.029738 0.0388314 0.0482719 0.0572065 0.064652 0.0698321 0.0724294 0.0725701 0.0706289 0.0670473 0.0622476 0.0566075 0.0504487 0.0440352 0.0375811 0.0312654 0.0252461 0.0196707 0.0146816 0.0104076 0.00694294 0.00431809
 0.00957772 0.0153001 0.0225408 0.031065 0.040483 0.0501516 0.0591238 0.0663438 0.0710282 0.0729372 0.0723341 0.0697356 0.0656833 0.0606384 0.0549633 0.0489293 0.0427358 0.0365354 0.0304613 0.0246463 0.0192314 0.014364 0.0101827 0.00678931 0.00421873
 0.00894226 0.0144169 0.0214907 0.0300222 0.0396725 0.0497753 0.0592937 0.0670486 0.0721407 0.0742482 0.0736034 0.070752 0.0663171 0.0608683 0.054864 0.0486299 0.0423692 0.0362016 0.0302119 0.0244892 0.0191481 0.014327 0.0101685 0.00678351 0.00421495
 0.0075347 0.0122388 0.0184298 0.026079 0.0349941 0.0446845 0.0542968 0.0627789 0.0692133 0.0730756 0.074268 0.0730022 0.0696788 0.0648015 0.0588975 0.0524352 0.0457705 0.0391391 0.03269 0.0265335 0.0207849 0.0155838 0.0110816 0.00740348 0.00460443
#obs surv len freq
 nan nan nan nan nan nan nan nan nan nan nan nan nan nan nan nan nan nan nan nan nan nan nan nan nan
 0.00448294 0.00734372 0.0111735 0.0159902 0.0216919 0.027969 0.0342846 0.040017 0.0446971 0.0481607 0.0505179 0.0520128 0.052904 0.0534155 0.053729 0.0539833 0.0542614 0.0545539 0.0546924 0.0542842 0.0527223 0.0493545 0.0438045 0.0362848 0.0276687
 0.00462057 0.00756782 0.0115111 0.0164658 0.0223216 0.0287511 0.0351912 0.0409906 0.0456584 0.0490239 0.0512065 0.0524712 0.0531035 0.0533544 0.053429 0.0534815 0.0536016 0.0537789 0.0538416 0.0533948 0.0518333 0.0485095 0.0430484 0.0356558 0.0271881
 0.00477985 0.00783009 0.0119119 0.0170402 0.0230969 0.0297354 0.0363613 0.0422875 0.0469938 0.050295 0.0523122 0.0533238 0.0536369 0.0535303 0.0532397 0.0529485 0.0527691 0.0527059 0.0525942 0.0520432 0.0504529 0.0471807 0.0418513 0.0346564 0.0264228
 0.004972 0.00814465 0.0123896 0.0177205 0.0240111 0.030895 0.0377452 0.0438362 0.0486157 0.0518815 0.0537522 0.0545146 0.0544908 0.0539805 0.0532454 0.0524993 0.0518863 0.0514403 0.051022 0.0502626 0.04858 0.0453441 0.040178 0.0332503 0.0253422
 0.00517576 0.00847838 0.0128966 0.0184432 0.0249834 0.0321301 0.0392225 0.0454966 0.0503685 0.0536202 0.0553692 0.055909 0.0555718 0.0546689 0.0534778 0.0522332 0.0511078 0.0501704 0.0493222 0.0482368 0.0463717 0.0431247 0.0381228 0.0315054 0.0239928
 0.00540787 0.00885635 0.0134667 0.0192492 0.0260586 0.0334849 0.0408312 0.0472924 0.0522525 0.0554797 0.0570947 0.0574033 0.0567508 0.05546 0.0538178 0.0520698 0.0504047 0.0489194 0.0475578 0.0460491 0.043912 0.0405932 0.0357377 0.0294556 0.0223945
 0.00564197 0.00924176 0.0140556 0.0200931 0.027198 0.0349329 0.0425579 0.0492194 0.0542658 0.0574525 0.0589086 0.0589591 0.0579696 0.056279 0.0541844 0.0519375 0.0497345 0.0476885 0.0457782 0.04379 0.0413154 0.0378692 0.0331303 0.0271872 0.0206096
 0.00589596 0.00965695 0.0146849 0.0209875 0.0283974 0.0364511 0.0443664 0.0512405 0.0563824 0.0595293 0.0608141 0.0605807 0.05922 0.0570953 0.054523 0.0517658 0.0490252 0.046423 0.0439618 0.0414781 0.0386368 0.0350298 0.0303836 0.0247746 0.0186958
 0.00613735 0.0100528 0.0152871 0.0218467 0.0295536 0.0379185 0.0461175 0.053201 0.0584408 0.0615582 0.0626895 0.0621936 0.0604808 0.057935 0.0548914 0.0516277 0.048356 0.0452085 0.0422089 0.0392363 0.0360233 0.0322386 0.0276616 0.0223647 0.0167705
 0.00636789 0.0104316 0.0158648 0.0226731 0.0306681 0.0393351 0.0478091 0.0550938 0.0604247 0.0635079 0.064485 0.0637317 0.0616791 0.0587307 0.0552383 0.0514923 0.0477144 0.0440476 0.0405356 0.0370971 0.0335266 0.0295649 0.0250436 0.020036 0.014901
 0.00660236 0.0108149 0.0164456 0.0234979 0.0317725 0.0407293 0.0494634 0.056933 0.0623388 0.0653724 0.066182 0.0651621 0.0627671 0.0594225 0.0554985 0.0512979 0.04705 0.0429057 0.0389254 0.0350621 0.0311659 0.0270436 0.0225759 0.0178383 0.0131328
 0.00682588 0.0111822 0.0170054 0.0242977 0.0328482 0.0420903 0.0510767 0.0587191 0.0641833 0.0671494 0.0677749 0.0664768 0.0637349 0.0599988 0.055658 0.0510287 0.0463483 0.041774 0.0373788 0.0331439 0.0289668 0.0247116 0.0203024 0.0158171 0.0115069
 0.00705134 0.0115519 0.0175674 0.025098 0.0339215 0.0434442 0.0526766 0.0604831 0.0659936 0.0688749 0.0692948 0.0676947 0.0645844 0.0604431 0.0556844 0.050641 0.0455592 0.0406009 0.0358482 0.0313034 0.0269017 0.0225536 0.0182192 0.0139766 0.0100321
 0.00726882 0.0119106 0.0181165 0.0258855 0.0349835 0.0447883 0.0542658 0.0622304 0.0677756 0.0705562 0.0707521 0.0688311 0.0653357 0.0607766 0.0555951 0.0501444 0.0446826 0.0393783 0.0343202 0.0295257 0.0249578 0.0205619 0.0163241 0.0123196 0.00871369
 0.00742866 0.012174 0.0185196 0.0264654 0.0357711 0.0457983 0.0554841 0.0636081 0.0692323 0.0719923 0.0720628 0.0699198 0.0661239 0.0612108 0.0556488 0.0498166 0.0439921 0.0383584 0.033016 0.0279977 0.0232883 0.0188589 0.0147123 0.0109172 0.00760241
 0.00750459 0.0123004 0.0187162 0.0267536 0.0361725 0.0463295 0.0561515 0.0644033 0.0701307 0.0729547 0.0730365 0.0708408 0.0669208 0.0618126 0.0559947 0.0498638 0.0437212 0.0377744 0.0321478 0.0268976 0.0220329 0.0175467 0.0134537 0.00981428 0.00672517
 0.00761588 0.0124712 0.0189546 0.0270614 0.0365464 0.0467632 0.0566368 0.0649303 0.0706878 0.0735288 0.0736127 0.0713995 0.0674347 0.0622441 0.0562977 0.0499903 0.0436302 0.0374415 0.0315732 0.0261105 0.021092 0.0165357 0.0124685 0.00894342 0.0060294
 0.00766143 0.0125449 0.0190646 0.0272142 0.0367447 0.047004 0.0569097 0.06522 0.0709803 0.0738178 0.0739015 0.0716965 0.0677437 0.062556 0.0565864 0.0502142 0.0437405 0.0373933 0.0313381 0.0256875 0.0205127 0.0158613 0.0117777 0.00831325 0.00551573
 0.00774163 0.0126648 0.0192255 0.027411 0.0369676 0.0472418 0.0571518 0.0654562 0.0712006 0.0740128 0.0740656 0.0718304 0.0678548 0.0626544 0.0566773 0.0502904 0.0437792 0.0373607 0.0312005 0.025425 0.0201311 0.015395 0.0112823 0.0078492 0.00513045
 0.00776702 0.0127067 0.0192893 0.027501 0.037085 0.047382 0.0573034 0.0656036 0.0713293 0.0741156 0.0741448 0.071895 0.0679151 0.0627179 0.0567465 0.0503613 0.0438395 0.0373893 0.0311709 0.0253145 0.0199316 0.0151207 0.0109679 0.00753897 0.00486326
 0.00780553 0.0127614 0.0193572 0.0275749 0.0371564 0.0474454 0.0573584 0.0656539 0.071379 0.0741662 0.0741939 0.0719393 0.0679539 0.0627539 0.0567838 0.0504019 0.0438798 0.0374182 0.0311714 0.0252684 0.0198274 0.0149612 0.0107718 0.00733562 0.00468146
 0.00786206 0.0128473 0.0194749 0.0277215 0.0373231 0.0476175 0.0575172 0.0657797 0.0714571 0.0741917 0.0741737 0.0718879 0.0678871 0.0626841 0.056719 0.050346 0.0438333 0.0373771 0.0311264 0.0252074 0.0197401 0.0148448 0.0106343 0.00719349 0.00455326
 0.00787199 0.0128641 0.0195013 0.0277601 0.0373756 0.0476829 0.0575908 0.0658531 0.0715197 0.0742343 0.0741911 0.0718815 0.0678637 0.0626535 0.0566904 0.0503253 0.0438217 0.0373713 0.0311196 0.0251907 0.0197054 0.0147883 0.0105594 0.00711013 0.00447405
 0.00787511 0.0128654 0.0194965 0.0277437 0.0373429 0.0476338 0.0575315 0.0657953 0.0714764 0.0742147 0.0741974 0.071909 0.0679044 0.0627002 0.0567387 0.0503737 0.0438698 0.0374177 0.0311606 0.0252204 0.0197179 0.0147803 0.0105325 0.00707081 0.0044314
 0.00790638 0.0129092 0.0195494 0.0277972 0.0373858 0.0476547 0.0575227 0.0657548 0.0714096 0.0741332 0.0741169 0.0718443 0.0678653 0.0626886 0.0567502 0.0504008 0.0439053 0.0374559 0.0311967 0.0252498 0.0197363 0.0147848 0.0105232 0.00705137 0.00440755
 0.00788536 0.0128804 0.0195154 0.0277633 0.037357 0.0476326 0.0575035 0.0657305 0.0713724 0.0740805 0.0740541 0.0717837 0.0678216 0.0626735 0.0567683 0.0504492 0.043975 0.0375359 0.0312763 0.0253207 0.0197924 0.0148232 0.0105439 0.00705739 0.00440402
 0.00790404 0.0129018 0.0195315 0.0277622 0.0373274 0.0475706 0.057416 0.0656338 0.0712846 0.0740135 0.0740098 0.0717572 0.0678073 0.0626702 0.0567793 0.0504785 0.0440239 0.0376005 0.031349 0.0253922 0.0198548 0.0148711 0.0105757 0.00707467 0.00441055
 0.00788806 0.0128769 0.0194959 0.0277137 0.0372632 0.0474865 0.0573081 0.065502 0.0711362 0.0738653 0.0738843 0.0716755 0.0677809 0.0626982 0.0568517 0.0505822 0.0441468 0.0377326 0.0314817 0.025517 0.0199637 0.0149586 0.0106396 0.00711648 0.00443465
 0.00785817 0.012829 0.0194253 0.0276173 0.0371402 0.0473403 0.0571469 0.0653379 0.0709824 0.0737329 0.073782 0.0716101 0.0677594 0.0627258 0.0569289 0.0507028 0.0442987 0.0379011 0.0316524 0.0256775 0.0201045 0.0150734 0.0107259 0.00717576 0.00447145
 0.00784897 0.0128082 0.0193834 0.0275421 0.037021 0.0471727 0.0569377 0.0651056 0.0707532 0.0735333 0.0736323 0.0715218 0.0677352 0.0627626 0.0570201 0.0508398 0.0444707 0.0380947 0.0318524 0.0258691 0.0202752 0.0152145 0.0108338 0.00725153 0.00451995
 0.00782265 0.0127676 0.0193259 0.027466 0.0369242 0.0470525 0.0567912 0.0649328 0.07056 0.0733342 0.073449 0.0713785 0.0676515 0.062749 0.0570764 0.050957 0.0446346 0.038289 0.0320599 0.0260732 0.0204611 0.0153715 0.0109561 0.007339 0.00457706
 0.00782542 0.0127665 0.019314 0.0274338 0.0368627 0.046957 0.0566646 0.0647849 0.0704034 0.0731802 0.0733062 0.0712543 0.0675552 0.0626919 0.0570686 0.0510037 0.0447334 0.0384297 0.0322273 0.0262498 0.0206304 0.0155199 0.0110753 0.00742648 0.00463547
 0.00777082 0.0126843 0.0192023 0.0272946 0.0367005 0.0467769 0.0564721 0.0645868 0.0702104 0.0730066 0.0731678 0.0711646 0.0675216 0.0627155 0.057146 0.0511293 0.0449001 0.0386283 0.0324452 0.0264714 0.0208393 0.015702 0.0112216 0.00753421 0.00470782
 0.00774253 0.0126329 0.0191154 0.027159 0.0365068 0.0465264 0.0561814 0.0642862 0.069935 0.0727856 0.0730178 0.0710895 0.0675181 0.062777 0.0572646 0.0512962 0.0451052 0.03886 0.0326904 0.0267158 0.0210679 0.0159014 0.0113826 0.00765367 0.00478872
 0.00935261 0.0148861 0.0218333 0.0299499 0.0388785 0.0480674 0.0567049 0.0638601 0.0688022 0.0712432 0.0713255 0.0694308 0.0660008 0.0614516 0.0561452 0.0503763 0.0443693 0.0382895 0.0322652 0.0264142 0.0208672 0.0157781 0.0113138 0.00761981 0.0047746
 0.00929775 0.015101 0.0226933 0.0319239 0.0423258 0.0529621 0.0624606 0.0694255 0.0730356 0.0733641 0.0711735 0.0674087 0.0627975 0.0577469 0.0524393 0.0469601 0.0413748 0.0357551 0.0301834 0.0247571 0.0195956 0.0148445 0.0106638 0.00719447 0.0045153
 0.0089771 0.0145917 0.0219714 0.0310334 0.0414355 0.0524051 0.0626966 0.0708759 0.0758304 0.0771527 0.0751673 0.070681 0.0646723 0.0580352 0.051408 0.0451134 0.0392157 0.033648 0.0283304 0.0232374 0.018416 0.0139754 0.0100582 0.00679819 0.00427384
 0.00879045 0.0142799 0.0214872 0.0303306 0.0404861 0.0512319 0.0614152 0.0697243 0.0751518 0.0773023 0.076354 0.0728173 0.0673369 0.0606102 0.05333 0.0460896 0.0392835 0.0330736 0.0274442 0.0223079 0.0176032 0.0133432 0.00960866 0.00650308 0.00409483
 0.00873272 0.0141769 0.0213143 0.0300568 0.0400779 0.0506625 0.0606782 0.0688503 0.0742268 0.0764801 0.0758462 0.072841 0.0680215 0.0619029 0.0549714 0.0476974 0.040509 0.0337373 0.0275719 0.0220659 0.017193 0.0129225 0.00926364 0.00625889 0.00394106
 0.00870477 0.0141304 0.0212417 0.0299484 0.0399214 0.0504429 0.0603794 0.0684599 0.073743 0.0759248 0.0752784 0.0723647 0.0677729 0.0620074 0.0554804 0.0485388 0.041494 0.0346324 0.0281979 0.0223624 0.0172143 0.0127823 0.00907216 0.00608744 0.00381785
 0.00869353 0.0141126 0.0212156 0.0299122 0.0398726 0.0503774 0.0602908 0.0683389 0.0735781 0.075705 0.0750008 0.0720453 0.0674568 0.0617695 0.0554068 0.0486896 0.0418645 0.0351401 0.0287125 0.0227632 0.0174407 0.0128454 0.00902914 0.0060027 0.00373637
 0.00870472 0.0141292 0.0212375 0.029938 0.0398997 0.050402 0.060308 0.0683419 0.0735583 0.0756522 0.0749047 0.0718994 0.0672651 0.061554 0.0552098 0.0485661 0.0418602 0.0352664 0.0289339 0.0230106 0.0176443 0.0129654 0.00906634 0.00598499 0.0036971
 0.00868572 0.0141018 0.0212027 0.0298989 0.0398607 0.0503672 0.0602799 0.0683211 0.0735436 0.0756403 0.0748904 0.0718755 0.0672242 0.0614925 0.0551339 0.0484945 0.0418212 0.0352856 0.0290189 0.0231433 0.0177879 0.0130832 0.00913836 0.00601271 0.0036958
 0.00864903 0.0140451 0.0211232 0.0297967 0.0397394 0.0502351 0.0601493 0.0682074 0.0734613 0.0755987 0.0748904 0.0719099 0.0672801 0.0615554 0.0551923 0.0485444 0.0418676 0.0353406 0.0290941 0.0232409 0.0178974 0.0131858 0.00921719 0.00606103 0.00371765
 0.00864701 0.0140345 0.0210942 0.0297364 0.0396361 0.0500845 0.05996 0.0680009 0.0732668 0.0754445 0.0747965 0.0718838 0.0673171 0.0616415 0.0553086 0.0486725 0.0419948 0.0354617 0.0292098 0.0233538 0.0180061 0.0132841 0.00929691 0.00611715 0.00375097
 0.00865459 0.014051 0.0211257 0.0297891 0.0397122 0.0501767 0.0600497 0.0680616 0.0732745 0.0753892 0.0746871 0.071745 0.0671783 0.0615268 0.0552305 0.0486317 0.0419845 0.0354728 0.0292354 0.0233892 0.018048 0.0133279 0.00933716 0.00614902 0.00377235
 0.00862406 0.0140044 0.0210619 0.0297101 0.0396242 0.0500903 0.059978 0.0680168 0.0732622 0.0754041 0.0747151 0.0717696 0.0671904 0.0615281 0.055231 0.0486429 0.0420131 0.0355187 0.0292937 0.0234532 0.0181115 0.013386 0.00938616 0.00618659 0.00379811
 0.00863134 0.0140129 0.0210684 0.0297099 0.0396122 0.0500637 0.0599383 0.0679706 0.0732191 0.0753735 0.0747019 0.0717722 0.067201 0.0615372 0.0552328 0.048638 0.0420076 0.0355199 0.0293058 0.0234763 0.0181421 0.0134192 0.00941718 0.00621213 0.0038167
 0.00863042 0.0140133 0.0210722 0.0297196 0.0396291 0.0500863 0.0599612 0.0679856 0.0732194 0.0753569 0.0746724 0.071738 0.0671705 0.0615148 0.0552179 0.0486276 0.0419991 0.0355136 0.0293041 0.0234815 0.0181544 0.0134365 0.00943602 0.0062293 0.00383014
 0.00863042 0.0140133 0.0210722 0.0297196 0.0396291 0.0500863 0.0599612 0.0679856 0.0732194 0.0753569 0.0746724 0.071738 0.0671705 0.0615148 0.0552179 0.0486276 0.0419991 0.0355136 0.0293041 0.0234815 0.0181544 0.0134365 0.00943602 0.0062293 0.00383014
 0.0081251 0.0132173 0.0199256 0.028194 0.037745 0.047933 0.057711 0.0658814 0.0715256 0.0742904 0.0743472 0.0721483 0.0682101 0.063016 0.0569919 0.0504965 0.043817 0.0371763 0.0307485 0.0246793 0.0191034 0.0141526 0.00994763 0.00657252 0.00404442
 0.00830249 0.0134444 0.020153 0.0283342 0.0376923 0.0475969 0.0570495 0.0649192 0.0703534 0.0730494 0.0732036 0.0712607 0.0676954 0.0629244 0.0573003 0.0511218 0.0446432 0.0380828 0.0316332 0.0254702 0.0197604 0.0146631 0.0103188 0.00682434 0.00420286
 0.00875802 0.0141936 0.0212885 0.0299261 0.0397467 0.0500052 0.0595567 0.0671515 0.071917 0.0736595 0.072777 0.0699271 0.0657366 0.0606803 0.0550817 0.0491537 0.0430438 0.0368748 0.0307741 0.0248876 0.0193795 0.0144213 0.01017 0.00673627 0.00415342
 0.0088519 0.014394 0.0216792 0.0306168 0.0408476 0.0515834 0.061588 0.0694905 0.0743008 0.0757504 0.0742358 0.0705022 0.065338 0.0594069 0.0531867 0.046963 0.0408646 0.0349308 0.0291826 0.0236727 0.0185047 0.0138227 0.00977979 0.00649459 0.00401227
 0.00828458 0.0135009 0.020398 0.0289308 0.038816 0.049372 0.0594825 0.0678593 0.0734956 0.0759781 0.0754696 0.0724794 0.0676481 0.0616266 0.0550036 0.0482422 0.0416417 0.0353464 0.0294001 0.023817 0.0186395 0.0139617 0.00991139 0.00660367 0.00409134
 0.00845543 0.0137037 0.0205637 0.0289472 0.0385559 0.0487423 0.0584729 0.0665689 0.0721249 0.0747898 0.0747215 0.0723462 0.0681561 0.062636 0.056255 0.0494519 0.0425991 0.0359682 0.0297212 0.0239376 0.0186646 0.0139628 0.00991948 0.00662223 0.0041132
 0.00877922 0.0142447 0.0213971 0.0301306 0.0400905 0.0505259 0.0602748 0.0680633 0.0729926 0.074843 0.0739846 0.0710452 0.0666259 0.061194 0.0550996 0.0486245 0.0420177 0.0355044 0.0292764 0.0234795 0.0182174 0.0135714 0.00961652 0.00641456 0.00398645
 0.00863007 0.0140392 0.0211595 0.0299152 0.0399769 0.050603 0.0606142 0.0686855 0.0738352 0.0757524 0.0747511 0.0714809 0.0666467 0.0608559 0.0545648 0.0480769 0.0415817 0.0352112 0.0290859 0.0233313 0.0180725 0.0134244 0.0094822 0.00630868 0.00391471
 0.00884774 0.0143565 0.0215703 0.030393 0.0404866 0.0511184 0.0611302 0.0692163 0.074398 0.076342 0.0753193 0.0719323 0.0668632 0.0607451 0.0541081 0.0473472 0.0407149 0.0343491 0.0283259 0.0227105 0.0175851 0.0130492 0.00920084 0.00610799 0.00378213
 0.00871026 0.0141684 0.0213515 0.0301817 0.0403254 0.0510352 0.0611273 0.069277 0.0745069 0.0765044 0.07556 0.0722725 0.067289 0.061194 0.0544855 0.0475683 0.0407442 0.0342123 0.0280896 0.0224461 0.0173425 0.0128505 0.00904943 0.0059991 0.00370882
 0.00890925 0.0144545 0.0217139 0.0305896 0.0407402 0.0514279 0.0614877 0.0696074 0.0748058 0.0767536 0.0757292 0.0723369 0.0672461 0.061062 0.0542868 0.0473123 0.0404265 0.0338305 0.0276595 0.0220039 0.0169313 0.0125041 0.0087831 0.00581117 0.00358675
 0.00868742 0.0141294 0.0212903 0.0300931 0.0402093 0.050901 0.0609965 0.0691816 0.0744819 0.0765775 0.0757443 0.0725636 0.0676669 0.0616226 0.0549128 0.0479294 0.0409736 0.0342661 0.0279647 0.0221833 0.0170093 0.0125155 0.00876115 0.00577982 0.00355898
 0.00862146 0.0139957 0.0210428 0.0296798 0.0395932 0.0500888 0.0600582 0.0682416 0.0736816 0.0760292 0.0755036 0.0726316 0.0680085 0.0621835 0.0556268 0.048721 0.041765 0.0349881 0.0285673 0.0226426 0.0173274 0.0127141 0.00887187 0.00583418 0.00358194
 0.00908738 0.0147223 0.0220733 0.0310196 0.0411923 0.0518269 0.0617407 0.069628 0.0745501 0.0762505 0.0750831 0.0716942 0.066744 0.0607865 0.054256 0.0474828 0.040713 0.0341315 0.0278865 0.0221058 0.0169046 0.0123841 0.00862153 0.00565391 0.00346121
