SBPRF35
12.7214
Curr Bio
775470
B35
886305
F35
0.171731
FOFL
0.154979
OFL
102481
Bzero
3.63469e+006
#pred survey bio
 3.63476e+006 3.51487e+006 3.40549e+006 3.25606e+006 3.03889e+006 2.79512e+006 2.53913e+006 2.28818e+006 2.04e+006 1.7954e+006 1.60212e+006 1.43621e+006 1.27002e+006 1.12676e+006 1.01496e+006 867741 799126 745268 683735 629471 603239 586566 549289 537727 522451 525427 521162 527249 529852 533613 535019 548853 565136 574051 585610 586283 601234 609106 619732 624256 627383 635651 640500 641737 655640 668214 669478 673785 696051 718269 721095 781661 2.83608e+007 1.73639e+007 1.79347e+007 1.89541e+007 2.02501e+007 2.16257e+007 2.29368e+007 2.41002e+007 2.5083e+007 2.5885e+007 2.65237e+007 2.70237e+007 2.74106e+007 2.77078e+007 2.79352e+007 2.8109e+007 2.82418e+007 2.83435e+007 2.84216e+007 2.84818e+007 2.85285e+007 2.85648e+007 2.85932e+007 2.86154e+007 2.8633e+007 2.86469e+007 2.86579e+007 2.86667e+007 2.86737e+007 2.86793e+007 2.86839e+007 2.86875e+007 2.86905e+007 2.86929e+007 2.86948e+007 2.86964e+007 2.86977e+007 2.86987e+007 2.86996e+007 2.87003e+007 2.87008e+007 2.87013e+007 2.87017e+007 2.8702e+007 2.87022e+007 2.87024e+007 2.87026e+007 2.87027e+007 2.87028e+007 2.87029e+007 2.8703e+007 2.87031e+007 2.87031e+007 2.87032e+007 2.87032e+007 2.87032e+007 2.87032e+007 2.87033e+007 2.87033e+007 2.87033e+007 2.87033e+007 2.87033e+007 2.87033e+007 2.87033e+007 2.87033e+007 2.87033e+007 2.87033e+007 2.87033e+007 2.87033e+007 2.87033e+007 2.87033e+007 2.87033e+007 2.87033e+007 2.87033e+007 2.87033e+007 2.87033e+007 2.87033e+007 2.87033e+007 2.87033e+007 2.87033e+007 2.87033e+007 2.87033e+007 2.87033e+007 2.87033e+007 2.87033e+007 2.87033e+007 2.87033e+007 2.87033e+007 2.87033e+007 2.87033e+007 2.87033e+007 2.87033e+007 2.87033e+007 2.87033e+007 2.87033e+007 2.87033e+007 2.87033e+007 2.87033e+007 2.87033e+007 2.87033e+007 0 0 0 0 0 0 0 0 0 0 0 0 0 0 0 0 0 0 0 0 0 0 0 0 0
#obs survey bio
 3.4532e+006 2.86008e+006 3.89799e+006 2.98423e+006 3.41475e+006 2.63915e+006 2.75847e+006 2.59759e+006 1.47059e+006 1.68923e+006 1.26405e+006 1.43112e+006 1.11802e+006 1.2189e+006 867294 960925 717299 755340 587230 723535 528497 523414 649668 679952 368960 629974 706949 422383 454767 635106 556162 501886 527350 821026 490315 539555 727019 782010 543353 615624 580839 517586 457576 621808 579985 611010 820596 710805 622909 576223 885999 862504
#pred catch bio
 99178.1 96697.3 143310 217305 256098 282905 294099 306847 317492 283348 268945 276008 259093 232898 261262 189516 175213 177646 165179 136530 125552 139238 114358 116359 100905 107145 98116.9 100923 99512.5 101018 90712.2 89448.2 95687.3 93032.3 101766 89735.5 96478.1 94905.9 101183 103399 100609 105167 108983 99124.7 101688 111813 109264 95626.5 98724.9 117193 71012.5 101003 102481 114799 117459 123094 131026 139582 147676 154747 160593 165237 168816 171512 173507 174963 176014 176766 177300 177678 177943 178129 178259 178349 178412 178456 178487 178508 178522 178532 178539 178544 178547 178549 178551 178552 178553 178553 178553 178554 178554 178554 178554 178554 178554 178554 178554 178554 178554 178554 178554 178554 178554 178554 178554 178554 178554 178554 178554 178554 178554 178554 178554 178554 178554 178554 178554 178554 178554 178554 178554 178554 178554 178554 178554 178554 178554 178554 178554 178554 178554 178554 178554 178554 178554 178554 178554 178554 178554 178554 178554 178554 178554 178554 178554 178554 178554 178554 178554 178554 178554 178554 0 0 0 0 0 0 0 0 0 0 0 0 0 0 0 0 0 0 0 0 0 0 0 0 0
#obs catch bio
 0 96441.9 143276 217611 255986 283018 293243 305632 317739 283529 269913 278075 261301 233127 264878 189656 176053 178950 166155 136272 125797 139238 114036 116424 101679 107994 98517.1 101531 99924.4 101185 90983.3 89674.9 95830.9 92334 101541 89259.1 96293.8 94282.7 100976 103094 100428 105536 109748 99210 101968 112133 109288 95337.5 98595.8 118257 70552.8 101237
#pred cpue bio
 3.59214e+006 3.47352e+006 3.36411e+006 3.21461e+006 2.99813e+006 2.75503e+006 2.49985e+006 2.24972e+006 2.00235e+006 1.75867e+006 1.56601e+006 1.40074e+006 1.23567e+006 1.09364e+006 982893 837818 770122 717259 657393 604779 579390 563355 527092 515787 500694 503484 499464 505642 508374 512222 513716 527369 543549 552615 564176 564902 579541 587286 597593 601825 604653 612471 617072 618332 631980 644298 645584 649796 671405 692889 695501 755122 2.7435e+007 1.68097e+007 1.72608e+007 1.81677e+007 1.94326e+007 2.08025e+007 2.21126e+007 2.32758e+007 2.42587e+007 2.50607e+007 2.56993e+007 2.61993e+007 2.65862e+007 2.68835e+007 2.71109e+007 2.72846e+007 2.74174e+007 2.75191e+007 2.75973e+007 2.76575e+007 2.77041e+007 2.77404e+007 2.77688e+007 2.77911e+007 2.78086e+007 2.78225e+007 2.78336e+007 2.78423e+007 2.78494e+007 2.7855e+007 2.78595e+007 2.78632e+007 2.78661e+007 2.78685e+007 2.78705e+007 2.7872e+007 2.78733e+007 2.78744e+007 2.78752e+007 2.78759e+007 2.78765e+007 2.78769e+007 2.78773e+007 2.78776e+007 2.78779e+007 2.78781e+007 2.78782e+007 2.78784e+007 2.78785e+007 2.78786e+007 2.78787e+007 2.78787e+007 2.78788e+007 2.78788e+007 2.78788e+007 2.78789e+007 2.78789e+007 2.78789e+007 2.78789e+007 2.78789e+007 2.78789e+007 2.7879e+007 2.7879e+007 2.7879e+007 2.7879e+007 2.7879e+007 2.7879e+007 2.7879e+007 2.7879e+007 2.7879e+007 2.7879e+007 2.7879e+007 2.7879e+007 2.7879e+007 2.7879e+007 2.7879e+007 2.7879e+007 2.7879e+007 2.7879e+007 2.7879e+007 2.7879e+007 2.7879e+007 2.7879e+007 2.7879e+007 2.7879e+007 2.7879e+007 2.7879e+007 2.7879e+007 2.7879e+007 2.7879e+007 2.7879e+007 2.7879e+007 2.7879e+007 2.7879e+007 2.7879e+007 2.7879e+007 2.7879e+007 2.7879e+007 2.7879e+007 2.7879e+007 0 0 0 0 0 0 0 0 0 0 0 0 0 0 0 0 0 0 0 0 0 0 0 0 0
#obs cpue bio
 2.99097e+006 3.47924e+006 3.90318e+006 3.81774e+006 2.82959e+006 2.55306e+006 3.26466e+006 2.21806e+006 1.96462e+006 1.64333e+006 1.49954e+006 1.13542e+006 1.18321e+006 1.32016e+006 736627 983532 675843 627813 768714 706215 492735 867822 433793 393258 342459 453212 368844 555172 599329 532617 377222 569819 693384 742053 561458 679162 446563 656036 524337 683948 571801 506003 667635 825856 604122 770759 638762 701882 654387 589920 792007 668355
#pred surv len freq
 0.00423572 0.00696671 0.0106534 0.0153338 0.0209266 0.0271416 0.0334604 0.0392758 0.0441226 0.0478253 0.0504682 0.0522601 0.0534166 0.0541099 0.0544636 0.0545684 0.0545025 0.0543309 0.054052 0.0534877 0.0521909 0.0495017 0.0448306 0.038064 0.0298109
 0.00451285 0.00733952 0.0110736 0.0157156 0.0211796 0.0272172 0.0333818 0.0391255 0.043993 0.0477642 0.0504577 0.0522411 0.0533401 0.0539784 0.0543389 0.0545416 0.0546428 0.0546381 0.0544374 0.0537975 0.0522688 0.0492608 0.0442963 0.0373599 0.0290977
 0.00456631 0.00748212 0.0113847 0.0162866 0.0220709 0.0284029 0.0347192 0.040386 0.0449505 0.0482906 0.0505606 0.0520245 0.0529279 0.0534616 0.0537728 0.0539724 0.0541221 0.0542063 0.0540895 0.0534672 0.051853 0.0486778 0.0435392 0.0365082 0.028277
 0.00467167 0.00763944 0.0116007 0.0165718 0.0224531 0.0289374 0.0354781 0.041418 0.0462263 0.0496712 0.0518248 0.0529512 0.053384 0.0534395 0.053364 0.053309 0.0533292 0.0533773 0.0532747 0.0526688 0.0510357 0.0478016 0.0426008 0.0355607 0.0274108
 0.00484997 0.00793164 0.0120433 0.0171964 0.023277 0.0299523 0.0366461 0.0426818 0.0475298 0.0509708 0.0530746 0.054073 0.0542544 0.0539198 0.0533579 0.0528074 0.0524105 0.0521687 0.0519024 0.0512249 0.0495723 0.0463506 0.0412027 0.0342795 0.0263219
 0.00504189 0.00824807 0.012528 0.0178935 0.0242227 0.0311608 0.0380938 0.0443002 0.0492142 0.0526035 0.0545508 0.0553137 0.0552009 0.0545148 0.0535354 0.0525062 0.0516063 0.0508989 0.0502638 0.0493463 0.0475854 0.0443759 0.0393503 0.03265 0.0249946
 0.00527721 0.00862778 0.0130946 0.0186861 0.0252712 0.0324768 0.0396582 0.0460563 0.0510709 0.0544473 0.056261 0.0567779 0.056326 0.0552322 0.0537961 0.0522731 0.0508534 0.0496255 0.048515 0.047224 0.0452408 0.0419881 0.0370998 0.0306911 0.0234296
 0.00554725 0.00906397 0.0137458 0.0195956 0.026469 0.0339665 0.0414051 0.0479831 0.0530694 0.0563984 0.0580524 0.0583114 0.0575175 0.0560111 0.054105 0.052068 0.0501047 0.048324 0.0466864 0.044948 0.0426622 0.039308 0.0345431 0.0284592 0.021655
 0.00582982 0.00952687 0.0144488 0.0205959 0.0278093 0.0356568 0.0434037 0.0501914 0.0553462 0.0585894 0.0600171 0.0599388 0.0587289 0.0567534 0.0543421 0.0517723 0.049254 0.0469076 0.044721 0.0425008 0.0398711 0.0363813 0.0317295 0.0259918 0.0196922
 0.00615727 0.0100567 0.0152416 0.0217071 0.0292795 0.0374956 0.0455722 0.0525931 0.0578365 0.0609995 0.0621815 0.0617165 0.0600163 0.0574878 0.0544955 0.0513384 0.048236 0.0453142 0.0425775 0.0398738 0.0368936 0.0332618 0.0287255 0.0233522 0.0175903
 0.00642774 0.0104964 0.0159039 0.0226423 0.0305262 0.0390678 0.0474432 0.0546899 0.0600479 0.0631942 0.0642255 0.0634844 0.0613974 0.0583921 0.0548589 0.0511237 0.0474294 0.0439216 0.0406288 0.0374377 0.0340997 0.0303092 0.0258626 0.0208224 0.0155673
 0.00661326 0.0108127 0.0164071 0.023394 0.0315808 0.0404518 0.0491357 0.0566165 0.0620932 0.0652266 0.0661193 0.0651309 0.0627068 0.0592909 0.0552875 0.051036 0.0467948 0.0427294 0.0388972 0.0352287 0.0315355 0.0275786 0.0232005 0.0184602 0.013672
 0.00684175 0.0111862 0.0169735 0.0242009 0.0326684 0.0418396 0.0508075 0.0585098 0.0641028 0.0672192 0.0679552 0.0666844 0.0638812 0.0600239 0.0555461 0.0508053 0.0460679 0.0415066 0.0371955 0.0331013 0.0290916 0.0249904 0.0206848 0.0162313 0.011885
 0.00708817 0.0115821 0.0175606 0.0250152 0.0337338 0.0431586 0.0523505 0.0602112 0.0658687 0.068943 0.0695318 0.0680188 0.0648928 0.0606506 0.055747 0.0505602 0.0453728 0.0403692 0.0356388 0.0311762 0.0268946 0.0226722 0.0184353 0.0142396 0.0102881
 0.00713266 0.0116882 0.0177825 0.0254235 0.0343982 0.04412 0.0535969 0.0616729 0.067436 0.0704956 0.0709629 0.0692448 0.0658518 0.0612964 0.0560446 0.0504842 0.0449082 0.039514 0.0344091 0.0296163 0.0250889 0.0207506 0.0165604 0.0125731 0.00894802
 0.00753128 0.0123043 0.0186514 0.0265601 0.0357991 0.045765 0.055443 0.0636422 0.0694094 0.0723208 0.0724791 0.0703175 0.0664023 0.0613134 0.0555718 0.0495928 0.0436702 0.0379885 0.0326451 0.0276679 0.0230327 0.0186956 0.0146396 0.0109152 0.00764171
 0.00759077 0.0124137 0.0188392 0.0268591 0.036238 0.0463567 0.0561767 0.0644875 0.07033 0.0732865 0.0734626 0.0712776 0.0672708 0.0619995 0.0559858 0.0496725 0.0433939 0.0373712 0.0317271 0.0265075 0.0217081 0.0173066 0.0133012 0.00973674 0.00670041
 0.00746921 0.0122504 0.018658 0.0267062 0.0361731 0.0464362 0.0564376 0.0649381 0.0709495 0.0740318 0.0742795 0.0721115 0.0680712 0.0627169 0.0565655 0.0500548 0.0435245 0.0372164 0.0312849 0.0258112 0.0208228 0.0163226 0.0123213 0.00885727 0.00598969
 0.00750523 0.0122963 0.0187053 0.0267443 0.0361984 0.0464639 0.0565062 0.0651004 0.0712502 0.0744834 0.074852 0.072742 0.0686868 0.0632558 0.0569846 0.0503248 0.0436211 0.0371179 0.0309792 0.0253075 0.0201597 0.0155671 0.0115567 0.0081645 0.005427
 0.00771281 0.0126001 0.0190993 0.0271987 0.0366658 0.046891 0.0568473 0.0653286 0.071366 0.074517 0.0748537 0.0727616 0.0687519 0.063361 0.0570976 0.0504016 0.0436198 0.0370054 0.0307351 0.0249281 0.0196637 0.0149975 0.010974 0.00763141 0.00499087
 0.00773427 0.0126418 0.019173 0.0273159 0.0368299 0.0470884 0.0570433 0.0654751 0.0714212 0.074468 0.0747278 0.0726183 0.0686584 0.063365 0.0572093 0.050592 0.0438335 0.03718 0.0308183 0.0248895 0.0195007 0.0147347 0.0106567 0.00731185 0.00471311
 0.0077171 0.0126098 0.0191185 0.0272318 0.0367144 0.0469505 0.0569042 0.0653619 0.0713547 0.0744516 0.0747478 0.0726567 0.0687089 0.0634394 0.0573286 0.0507694 0.0440595 0.0374207 0.0310264 0.0250215 0.0195322 0.0146681 0.0105182 0.0071407 0.00454751
 0.00796211 0.0129847 0.0196377 0.0278895 0.0374827 0.0477791 0.0577216 0.0660832 0.0718969 0.0747541 0.0747854 0.0724407 0.0682797 0.0628568 0.0566642 0.0500959 0.0434376 0.0368863 0.0305851 0.0246555 0.0192153 0.0143808 0.0102554 0.0069099 0.0043599
 0.00807986 0.013159 0.0198681 0.0281643 0.0377821 0.0480806 0.0580046 0.06633 0.0720935 0.0748896 0.0748531 0.0724372 0.0682046 0.0627133 0.0564611 0.0498501 0.0431734 0.0366294 0.0303545 0.0244572 0.0190438 0.0142264 0.0101128 0.0067808 0.00425086
 0.00817978 0.0133292 0.0201369 0.0285584 0.0383153 0.0487386 0.0587347 0.0670456 0.0726968 0.0753021 0.0750358 0.0723938 0.0679688 0.0623325 0.0559835 0.0493197 0.0426287 0.0361037 0.0298747 0.0240409 0.0186976 0.0139476 0.00989373 0.00661348 0.00412835
 0.00802624 0.0131011 0.0198352 0.0282024 0.0379422 0.0484 0.0584892 0.0669474 0.0727787 0.0755604 0.0754273 0.0728488 0.0684143 0.062712 0.0562666 0.0494995 0.0427147 0.0361148 0.0298335 0.0239693 0.0186136 0.0138636 0.00981676 0.00654742 0.0040753
 0.00800673 0.0130587 0.0197526 0.0280598 0.0377257 0.0481139 0.0581647 0.066641 0.0725574 0.0754794 0.0755112 0.0730836 0.0687532 0.0630909 0.056623 0.0497875 0.0429124 0.0362223 0.0298659 0.0239488 0.0185624 0.0138001 0.00975392 0.00649273 0.0040322
 0.00795116 0.0129633 0.0195995 0.0278288 0.0373987 0.0476822 0.0576388 0.066057 0.0719777 0.0749844 0.0751827 0.0729837 0.0689044 0.0634674 0.0571576 0.0503924 0.0435033 0.0367376 0.0302741 0.0242452 0.0187604 0.0139211 0.00982048 0.00652431 0.00404364
 0.00791103 0.0129031 0.0195178 0.0277255 0.0372728 0.0475285 0.0574473 0.0658163 0.071683 0.0746471 0.0748359 0.0726801 0.0687044 0.0634204 0.0572836 0.0506729 0.0438872 0.0371581 0.0306694 0.0245738 0.0190055 0.0140863 0.00992106 0.00657919 0.00406992
 0.00789649 0.0128719 0.0194572 0.0276205 0.0371111 0.0473078 0.05718 0.0655272 0.0714 0.0743906 0.0746156 0.0725003 0.0685742 0.0633588 0.0573154 0.0508156 0.0441378 0.0374884 0.0310332 0.0249218 0.0193 0.0143092 0.0100729 0.00667244 0.00412152
 0.00790503 0.0128849 0.0194744 0.0276393 0.0371248 0.0473048 0.0571447 0.0654446 0.0712627 0.0742044 0.0743994 0.0722798 0.0683739 0.0631989 0.0572123 0.0507841 0.0441878 0.0376188 0.0312267 0.0251472 0.0195218 0.0144988 0.0102155 0.00676752 0.00417792
 0.00778313 0.0126944 0.0192027 0.0272815 0.0366867 0.0468057 0.0566188 0.0649392 0.0708283 0.073883 0.0742154 0.0722386 0.068466 0.0634051 0.057509 0.051147 0.0445955 0.0380521 0.0316663 0.0255707 0.0199047 0.0148194 0.0104614 0.00693913 0.00428625
 0.00761838 0.0124366 0.0188342 0.0267939 0.0360843 0.0461092 0.0558693 0.0641976 0.0701673 0.0733719 0.0739054 0.0721538 0.0686021 0.0637341 0.0579879 0.0517272 0.0452298 0.0386999 0.0322938 0.02615 0.0204124 0.0152381 0.010783 0.00716665 0.00443319
 0.0076027 0.0123944 0.0187398 0.0266144 0.035788 0.0456801 0.0553196 0.0635695 0.0695239 0.0727816 0.0734283 0.0718345 0.0684667 0.0637892 0.0582208 0.0521081 0.0457175 0.0392482 0.0328579 0.0266904 0.0208975 0.0156456 0.0111012 0.00739579 0.00458414
 0.00758191 0.0123588 0.0186819 0.026523 0.0356475 0.0454708 0.0550215 0.0631712 0.0690329 0.0722316 0.072878 0.0713549 0.068123 0.0636259 0.0582538 0.0523262 0.046088 0.039725 0.033389 0.0272254 0.0213932 0.0160704 0.0114376 0.00764094 0.00474752
 0.00765436 0.0124696 0.0188353 0.0267168 0.0358717 0.0457062 0.0552383 0.0633294 0.0690876 0.0721445 0.0726313 0.0709627 0.0676337 0.0631126 0.0577956 0.0519877 0.0459052 0.0397007 0.0334986 0.0274271 0.0216394 0.0163181 0.0116552 0.00781119 0.00486699
 0.00757615 0.0123509 0.0186727 0.0265133 0.0356367 0.0454544 0.0549888 0.0631034 0.068904 0.0720137 0.0725507 0.0709177 0.0676054 0.0630892 0.0577816 0.0520037 0.0459789 0.0398527 0.0337312 0.0277215 0.0219618 0.0166302 0.0119254 0.00802148 0.00501434
 0.00764342 0.0124395 0.0187677 0.0265888 0.0356638 0.0454134 0.0548786 0.0629421 0.0687206 0.0718361 0.0723967 0.0707924 0.0675039 0.0630024 0.0577028 0.0519352 0.0459335 0.0398497 0.0337868 0.0278392 0.0221284 0.0168198 0.0121091 0.00817644 0.00512955
 0.00765226 0.0124615 0.0188135 0.0266693 0.0357827 0.0455585 0.0550181 0.0630321 0.0687231 0.0717378 0.0722161 0.07057 0.0672832 0.0628133 0.0575566 0.0518301 0.0458648 0.039817 0.0337946 0.0278914 0.0222215 0.0169406 0.0122375 0.00829294 0.00522125
 0.00769409 0.0125275 0.0189095 0.0268004 0.0359529 0.0457699 0.0552666 0.0633023 0.0689843 0.0719464 0.0723269 0.0705531 0.067137 0.0625659 0.0572538 0.051518 0.0455784 0.0395773 0.0336123 0.0277706 0.0221606 0.0169304 0.0122625 0.00833485 0.00526441
 0.0077681 0.0126406 0.0190661 0.0269996 0.036189 0.046033 0.0555437 0.0635776 0.06924 0.0721633 0.0724842 0.0706286 0.067111 0.0624287 0.0570137 0.0512029 0.0452287 0.0392347 0.0333102 0.0275297 0.0219884 0.0168235 0.0122089 0.00831797 0.00526762
 0.00770709 0.0125619 0.0189855 0.0269436 0.0361871 0.0461052 0.0556911 0.0637819 0.069472 0.0723942 0.0726928 0.0708008 0.0672352 0.0624929 0.0570067 0.0511208 0.0450804 0.0390428 0.0331052 0.027341 0.0218369 0.016718 0.012147 0.00828971 0.0052604
 0.00761507 0.0124246 0.0188029 0.026727 0.0359598 0.0459013 0.0555511 0.0637438 0.0695584 0.0726012 0.0729876 0.0711328 0.0675529 0.0627571 0.0571949 0.0512248 0.0451029 0.0389963 0.0330106 0.0272244 0.0217234 0.0166257 0.0120836 0.00825362 0.00524448
 0.00765804 0.0124736 0.0188387 0.0267207 0.0358829 0.0457411 0.0553227 0.0634909 0.0693403 0.0724726 0.0729808 0.0712483 0.0677618 0.0630121 0.0574459 0.0514315 0.0452421 0.0390623 0.0330123 0.0271806 0.021657 0.0165574 0.0120276 0.00821569 0.00522322
 0.00761588 0.0124092 0.0187483 0.0266009 0.0357277 0.04554 0.0550636 0.0631688 0.0689701 0.0720968 0.0726647 0.0710607 0.0677494 0.0631812 0.0577609 0.0518295 0.0456548 0.0394343 0.0333115 0.027398 0.0218011 0.016646 0.0120794 0.00824587 0.00524148
 0.00752623 0.0122766 0.0185734 0.026393 0.0355022 0.0453135 0.0548489 0.0629717 0.0687892 0.071927 0.072505 0.070923 0.0676617 0.0631796 0.0578722 0.0520556 0.0459675 0.0397858 0.0336511 0.0276879 0.0220236 0.0168016 0.01218 0.00830689 0.00527679
 0.00755783 0.0123172 0.018615 0.0264226 0.035507 0.0452876 0.0547975 0.0629089 0.0687289 0.0718735 0.0724494 0.07085 0.0675618 0.0630601 0.0577587 0.0519815 0.0459582 0.0398455 0.0337619 0.0278195 0.022147 0.0168988 0.0122463 0.00834677 0.00529842
 0.00769604 0.0125142 0.0188597 0.0266859 0.0357479 0.0454655 0.0548833 0.0628914 0.0686165 0.0716908 0.0722296 0.0706242 0.0673504 0.0628708 0.0575928 0.0518431 0.045857 0.039792 0.033759 0.0278579 0.0222078 0.0169623 0.0122987 0.00838304 0.00532002
 0.00769951 0.012524 0.0188808 0.0267223 0.0357979 0.0455158 0.0549075 0.0628571 0.0684998 0.0714913 0.0719758 0.0703645 0.0671346 0.0627323 0.0575413 0.0518679 0.0459387 0.039912 0.0339032 0.0280139 0.0223628 0.0171024 0.0124131 0.00846673 0.00537484
 0.00757683 0.0123511 0.0186701 0.0265027 0.0356071 0.0453874 0.0548592 0.0628845 0.0685781 0.0715831 0.0720437 0.0703852 0.0671077 0.06268 0.0574963 0.051859 0.0459796 0.040001 0.0340278 0.0281579 0.0225099 0.0172382 0.0125269 0.00855301 0.00543364
 0.00756352 0.0123301 0.0186407 0.0264676 0.0355753 0.0453766 0.0548938 0.0629881 0.0687598 0.0718257 0.0723021 0.070599 0.0672237 0.0626727 0.0573762 0.0516649 0.045762 0.0398035 0.033877 0.0280614 0.0224615 0.0172248 0.0125337 0.00856781 0.00544846
 0.00716817 0.0117099 0.0177515 0.025289 0.0341212 0.0437081 0.053131 0.0613079 0.0673679 0.0709089 0.0719793 0.070891 0.0680523 0.0638865 0.0587959 0.0531282 0.0471532 0.0410592 0.0349728 0.0289933 0.0232317 0.0178375 0.0129966 0.00889561 0.0056635
#obs surv len freq
 nan nan nan nan nan nan nan nan nan nan nan nan nan nan nan nan nan nan nan nan nan nan nan nan nan
 0.00448394 0.00734488 0.0111744 0.0159902 0.0216904 0.0279654 0.0342791 0.0400103 0.04469 0.0481543 0.0505129 0.0520095 0.0529026 0.0534157 0.0537305 0.0539859 0.0542648 0.0545577 0.0546966 0.0542886 0.0527266 0.0493586 0.0438081 0.0362878 0.0276711
 0.00461072 0.00755365 0.0114932 0.0164457 0.0223013 0.0287325 0.0351748 0.0409763 0.0456457 0.0490128 0.0511976 0.0524655 0.053102 0.0533576 0.0534368 0.0534934 0.0536165 0.0537961 0.0538603 0.0534142 0.0518527 0.0485278 0.0430648 0.0356695 0.0271985
 0.00477496 0.00782126 0.0118972 0.0170175 0.023065 0.0296953 0.0363165 0.0422439 0.0469573 0.0502696 0.0522987 0.0533206 0.0536415 0.0535407 0.0532549 0.052968 0.0527927 0.0527331 0.052624 0.0520746 0.0504845 0.0472109 0.0418783 0.034679 0.02644
 0.00496487 0.00813236 0.0123697 0.0176904 0.0239681 0.0308376 0.0376742 0.0437554 0.048532 0.0518038 0.0536893 0.0544731 0.0544737 0.0539867 0.0532713 0.0525404 0.0519385 0.0515004 0.0510879 0.0503317 0.0486496 0.0454107 0.0402378 0.0333001 0.0253804
 0.00517291 0.00847321 0.0128877 0.0184288 0.0249614 0.0320983 0.0391795 0.0454418 0.0503033 0.053548 0.0552956 0.0558417 0.0555187 0.0546366 0.0534697 0.0522492 0.0511447 0.0502237 0.0493872 0.0483089 0.0464465 0.0431974 0.0381888 0.0315608 0.0240354
 0.00539552 0.00883845 0.0134437 0.0192228 0.0260309 0.0334572 0.0408035 0.0472629 0.052219 0.0554402 0.0570488 0.057353 0.0567007 0.0554167 0.0537884 0.0520601 0.0504177 0.0489547 0.0476118 0.0461166 0.0439866 0.0406685 0.0358073 0.0295147 0.0224402
 0.00563915 0.00923503 0.0140417 0.0200681 0.0271589 0.0348797 0.0424947 0.0491539 0.0542063 0.0574043 0.0588726 0.0589322 0.057948 0.0562606 0.0541707 0.0519329 0.0497442 0.0477167 0.0458258 0.0438547 0.0413915 0.0379491 0.0332062 0.0272526 0.0206606
 0.00588735 0.00964219 0.0146611 0.0209514 0.0283455 0.0363811 0.044278 0.0511374 0.0562724 0.0594234 0.0607242 0.0605161 0.0591848 0.057088 0.0545387 0.0517995 0.0490742 0.0464869 0.0440414 0.0415724 0.0387417 0.035138 0.0304861 0.0248631 0.0187651
 0.00612224 0.0100305 0.0152576 0.0218112 0.0295135 0.0378746 0.0460691 0.0531463 0.0583782 0.0614879 0.0626152 0.0621222 0.0604212 0.0578951 0.054876 0.0516376 0.0483889 0.0452612 0.0422785 0.0393202 0.0361174 0.0323368 0.0277558 0.0224471 0.0168358
 0.00635599 0.0104099 0.0158279 0.0226152 0.0305852 0.0392277 0.0476844 0.0549646 0.0603055 0.0634096 0.0644124 0.0636841 0.0616538 0.0587258 0.055254 0.0515299 0.0477744 0.0441288 0.0406351 0.0372104 0.033648 0.0296869 0.0251579 0.0201345 0.0149783
 0.00659603 0.0108052 0.0164318 0.0234792 0.0317471 0.0406941 0.0494143 0.0568669 0.062256 0.0652787 0.0660875 0.0650785 0.0627033 0.0593831 0.0554839 0.0513067 0.047081 0.0429579 0.0389968 0.0351495 0.0312639 0.0271449 0.0226723 0.0179222 0.0131991
 0.00682883 0.0111881 0.0170161 0.0243153 0.0328745 0.042125 0.0511163 0.0587566 0.0642091 0.0671539 0.0677519 0.066426 0.0636628 0.0599167 0.0555783 0.0509619 0.046301 0.0417495 0.0373773 0.0331635 0.0290034 0.024759 0.0203535 0.0158651 0.0115467
 0.00705168 0.0115535 0.0175718 0.0251075 0.0339385 0.0434707 0.0527134 0.0605284 0.0660428 0.0689211 0.0693291 0.0677082 0.0645715 0.0604034 0.0556236 0.0505696 0.045489 0.0405425 0.035808 0.031284 0.0269015 0.0225684 0.0182429 0.0140029 0.010056
 0.00727245 0.0119148 0.0181198 0.025886 0.0349794 0.0447797 0.0542551 0.0622227 0.0677759 0.070568 0.0707746 0.0688595 0.0653621 0.0607928 0.0555952 0.0501273 0.0446525 0.0393432 0.0342888 0.0295048 0.0249504 0.0205673 0.0163384 0.0123378 0.00873137
 0.00744187 0.0121942 0.0185478 0.0265009 0.0358119 0.0458407 0.0555229 0.063638 0.0692493 0.0719959 0.072056 0.0699077 0.0661104 0.0611968 0.0556322 0.049794 0.0439616 0.0383211 0.0329766 0.0279621 0.0232615 0.0188432 0.0147068 0.0109189 0.0076077
 0.00750528 0.0123042 0.0187267 0.0267755 0.03621 0.046384 0.0562194 0.0644763 0.0701978 0.0730055 0.0730643 0.0708442 0.0669034 0.0617808 0.0559547 0.0498197 0.043675 0.037727 0.0321005 0.0268532 0.0219948 0.0175177 0.0134348 0.00980405 0.00672111
 0.00758116 0.012416 0.0188744 0.026954 0.0364138 0.0466142 0.0564874 0.0648016 0.0706006 0.0734962 0.0736362 0.0714695 0.067535 0.0623585 0.0564133 0.0500984 0.043726 0.0375228 0.0316394 0.0261626 0.0211322 0.0165668 0.012493 0.00896274 0.00604421
 0.00765353 0.0125295 0.0190367 0.0271676 0.0366737 0.046906 0.0567879 0.0650846 0.0708476 0.0737068 0.0738294 0.0716742 0.0677725 0.062628 0.0566873 0.0503281 0.0438537 0.0374965 0.0314265 0.0257594 0.020569 0.0159041 0.0118095 0.00833625 0.00553186
 0.00772777 0.0126436 0.0191958 0.0273722 0.036919 0.0471821 0.0570794 0.0653702 0.071103 0.0739104 0.0739701 0.0717563 0.0678159 0.0626589 0.0567251 0.0503734 0.0438839 0.0374724 0.0313068 0.025518 0.020207 0.0154536 0.0113253 0.00787932 0.0051505
 0.00777082 0.0127103 0.0192902 0.0274953 0.0370687 0.0473529 0.0572619 0.0655524 0.0712717 0.0740545 0.0740821 0.0718335 0.0678606 0.0626788 0.0567313 0.0503754 0.0438822 0.0374537 0.0312465 0.0253905 0.0199997 0.0151763 0.0110098 0.00756838 0.00488253
 0.00781622 0.012778 0.0193806 0.0276048 0.037191 0.0474803 0.0573873 0.0656694 0.0713752 0.0741404 0.074148 0.0718787 0.0678857 0.062686 0.0567241 0.0503581 0.0438575 0.0374192 0.0311926 0.0253029 0.019867 0.0149988 0.0108029 0.00735861 0.00469688
 0.00786649 0.0128548 0.0194866 0.0277387 0.0373465 0.0476469 0.0575507 0.0658134 0.0714852 0.0742082 0.0741734 0.0718685 0.0678498 0.0626338 0.0566629 0.0502923 0.0437895 0.0373487 0.0311157 0.0252127 0.0197566 0.0148664 0.0106555 0.007211 0.00456581
 0.00785914 0.0128456 0.0194778 0.0277341 0.0373504 0.0476624 0.0575784 0.0658508 0.0715282 0.0742519 0.0742143 0.0719049 0.0678819 0.0626626 0.0566891 0.0503157 0.0438084 0.0373601 0.0311151 0.0251951 0.0197179 0.0148057 0.0105778 0.00712633 0.00448628
 0.00789031 0.0128878 0.0195259 0.0277786 0.0373809 0.0476726 0.0575694 0.0658311 0.0715087 0.0742415 0.0742159 0.0719165 0.0678985 0.0626799 0.0567046 0.0503284 0.0438178 0.037365 0.0311132 0.025183 0.0196925 0.0147664 0.0105272 0.00707074 0.00443348
 0.0078929 0.0128922 0.0195327 0.0277871 0.0373889 0.0476747 0.0575581 0.0657995 0.0714553 0.0741732 0.0741476 0.0718651 0.0678766 0.0626908 0.0567429 0.050384 0.0438799 0.0374246 0.0311637 0.0252196 0.0197123 0.0147687 0.0105144 0.00704794 0.00440719
 0.00787156 0.0128555 0.0194741 0.0277004 0.0372703 0.0475266 0.0573912 0.0656312 0.0713054 0.0740576 0.0740759 0.0718412 0.0679009 0.0627613 0.0568543 0.0505264 0.0440394 0.0375857 0.0313124 0.0253455 0.0198094 0.0148353 0.0105533 0.00706499 0.00440994
 0.0078761 0.0128561 0.0194624 0.0276642 0.0371969 0.0474075 0.0572269 0.0654337 0.0710957 0.0738616 0.0739181 0.07174 0.0678656 0.0627917 0.0569431 0.0506611 0.0442049 0.0377653 0.0314895 0.0255056 0.019942 0.0149354 0.0106212 0.00710544 0.0044303
 0.00787969 0.0128627 0.0194732 0.0276795 0.0372141 0.0474194 0.0572213 0.0653961 0.0710154 0.0737382 0.0737646 0.0715795 0.0677251 0.0626941 0.0569012 0.0506771 0.0442712 0.0378681 0.0316118 0.0256306 0.0200555 0.0150279 0.0106888 0.0071494 0.00445534
 0.00786082 0.0128321 0.0194275 0.0276163 0.0371332 0.0473243 0.0571194 0.0652969 0.070927 0.0736635 0.0737015 0.0715248 0.0676793 0.0626636 0.0568966 0.050708 0.0443413 0.0379733 0.0317408 0.025768 0.020186 0.0151395 0.0107749 0.00720913 0.00449245
 0.00783861 0.0127934 0.0193649 0.0275218 0.0370008 0.0471539 0.05692 0.0650871 0.0707311 0.0735054 0.0735976 0.0714808 0.0676907 0.0627199 0.0569867 0.0508238 0.0444785 0.0381281 0.0319073 0.0259364 0.0203443 0.0152763 0.010883 0.00728669 0.00454273
 0.00782762 0.0127736 0.0193313 0.0274683 0.036921 0.0470429 0.0567767 0.0649167 0.0705454 0.0733221 0.0734377 0.0713643 0.0676314 0.0627223 0.0570458 0.0509282 0.0446148 0.0382844 0.0320731 0.0261022 0.0205 0.0154127 0.0109929 0.00736771 0.00459681
 0.00780448 0.012735 0.0192714 0.0273811 0.0368019 0.046891 0.0565966 0.0647187 0.0703445 0.0731348 0.0732799 0.07125 0.0675718 0.0627244 0.0571103 0.051049 0.0447795 0.0384769 0.0322772 0.0263029 0.0206848 0.0155718 0.0111203 0.00746162 0.00466005
 0.00777563 0.0126883 0.0192015 0.0272834 0.0366732 0.0467313 0.0564107 0.064517 0.0701417 0.0729475 0.0731238 0.071138 0.067513 0.0627238 0.0571688 0.0511629 0.0449404 0.0386719 0.0324901 0.0265168 0.0208841 0.0157443 0.0112587 0.00756399 0.00472933
 0.00772921 0.0126129 0.0190883 0.027125 0.0364659 0.0464779 0.0561239 0.0642189 0.0698601 0.0727093 0.0729497 0.0710402 0.0674951 0.0627828 0.057297 0.0513494 0.045172 0.0389333 0.0327645 0.0267862 0.0211318 0.0159569 0.0114281 0.00768854 0.00481329
 0.00769085 0.0125497 0.0189918 0.0269868 0.0362798 0.0462432 0.0558478 0.0639186 0.0695602 0.0724377 0.0727324 0.0708971 0.067438 0.062814 0.0574106 0.0515332 0.0454097 0.0392068 0.0330543 0.0270729 0.0213972 0.0161861 0.0116118 0.00782435 0.00490526
 0.00766269 0.0125037 0.018922 0.0268873 0.0361459 0.0460725 0.0556427 0.063687 0.0693156 0.0721979 0.0725171 0.0707262 0.0673287 0.0627785 0.0574539 0.051652 0.0455935 0.0394391 0.0333152 0.027341 0.0216521 0.0164106 0.0117946 0.00796117 0.00499885
 0.00765577 0.012491 0.0189003 0.0268523 0.0360929 0.0459975 0.0555437 0.0635643 0.0691725 0.07204 0.0723534 0.0705684 0.0671912 0.062677 0.0574026 0.0516609 0.0456653 0.0395681 0.0334881 0.0275394 0.021855 0.0165989 0.0119537 0.00808357 0.00508441
 0.00765823 0.0124963 0.0189103 0.026869 0.036117 0.0460265 0.0555708 0.0635793 0.069164 0.0719992 0.0722768 0.0704594 0.0670597 0.0625382 0.0572748 0.0515624 0.0456109 0.0395661 0.0335376 0.0276306 0.021972 0.0167229 0.0120681 0.00817718 0.00515278
 0.00761688 0.0124332 0.0188233 0.0267597 0.0359907 0.0458925 0.0554415 0.0634685 0.0690829 0.0719531 0.0722627 0.0704681 0.0670799 0.0625614 0.0572983 0.05159 0.0456507 0.0396266 0.033624 0.0277414 0.0220986 0.0168522 0.0121863 0.00827396 0.00522382
 0.00761069 0.0124211 0.0188015 0.0267235 0.0359366 0.0458198 0.0553545 0.0633763 0.0689975 0.0718854 0.0722196 0.0704503 0.0670827 0.062577 0.0573192 0.0516119 0.0456745 0.0396575 0.0336683 0.0278028 0.0221756 0.0169376 0.01227 0.00834655 0.0052796
 0.0075711 0.0123608 0.0187181 0.0266176 0.0358109 0.0456788 0.0552044 0.0632259 0.068858 0.0717702 0.0721413 0.0704182 0.0670998 0.0626388 0.0574147 0.0517275 0.0457979 0.0397806 0.0337881 0.0279192 0.0222881 0.0170435 0.0123644 0.00842436 0.0053379
 0.00756516 0.0123477 0.0186922 0.0265721 0.0357398 0.0455805 0.0550839 0.0630942 0.0687291 0.0716564 0.0720516 0.0703581 0.0670727 0.0626465 0.0574567 0.0517992 0.0458913 0.0398864 0.0338979 0.0280271 0.0223903 0.017137 0.0124458 0.00849074 0.00538763
 0.00753347 0.0122995 0.0186258 0.0264874 0.035638 0.0454632 0.0549531 0.0629536 0.0685863 0.0715227 0.0719408 0.0702829 0.0670419 0.0626627 0.057517 0.0518969 0.0460171 0.0400295 0.0340472 0.0281727 0.0225244 0.017254 0.0125425 0.0085657 0.00544153
 0.00754922 0.012322 0.0186538 0.0265178 0.0356665 0.0454854 0.0549651 0.062952 0.0685672 0.0714827 0.0718782 0.0702005 0.0669482 0.0625707 0.0574406 0.0518471 0.0459991 0.0400426 0.0340859 0.0282286 0.0225884 0.0173181 0.0126003 0.0086132 0.00547714
 0.00753962 0.0123105 0.0186438 0.0265147 0.0356753 0.0455078 0.0549979 0.0629871 0.0685947 0.0714943 0.0718695 0.0701709 0.0669003 0.0625103 0.057376 0.0517885 0.0459563 0.0400223 0.03409 0.0282539 0.0226282 0.0173642 0.0126454 0.00865191 0.00550682
 0.00752103 0.0122822 0.0186054 0.0264675 0.0356234 0.045458 0.0549587 0.0629669 0.0685984 0.0715205 0.0719099 0.0702135 0.0669338 0.0625275 0.0573764 0.0517765 0.04594 0.0400106 0.0340896 0.0282678 0.0226549 0.0173988 0.0126816 0.00868447 0.00553247
 0.00751847 0.0122765 0.0185937 0.0264468 0.0355912 0.0454139 0.0549062 0.0629136 0.068554 0.0714942 0.071907 0.0702331 0.0669693 0.0625686 0.0574128 0.0518019 0.0459535 0.0400161 0.0340937 0.0282762 0.0226705 0.0174208 0.0127068 0.00870862 0.00555244
 0.00748366 0.0122218 0.0185152 0.0263422 0.0354607 0.0452613 0.0547397 0.0627464 0.0684031 0.0713774 0.0718392 0.0702234 0.0670181 0.0626676 0.0575465 0.0519517 0.0461026 0.0401529 0.034213 0.0283778 0.0227565 0.017493 0.0127659 0.00875454 0.00558563
 0.00748947 0.0122275 0.0185168 0.0263336 0.0354351 0.0452137 0.0546689 0.0626559 0.0683001 0.0712716 0.0717414 0.0701449 0.0669691 0.0626552 0.0575725 0.0520111 0.046185 0.0402456 0.0343047 0.0284613 0.0228282 0.0175524 0.0128134 0.00879093 0.0056118
 0.00748947 0.0122275 0.0185168 0.0263336 0.0354351 0.0452137 0.0546689 0.0626559 0.0683001 0.0712716 0.0717414 0.0701449 0.0669691 0.0626552 0.0575725 0.0520111 0.046185 0.0402456 0.0343047 0.0284613 0.0228282 0.0175524 0.0128134 0.00879093 0.0056118
 0.00714644 0.0116863 0.017735 0.0252883 0.034134 0.0437078 0.0530637 0.0611062 0.0669829 0.0703427 0.071299 0.0702129 0.0675036 0.0635641 0.0587398 0.0533183 0.0475262 0.0415352 0.0354797 0.0294803 0.0236698 0.0182126 0.0133026 0.00913093 0.00583163
#pred catch len freq
 0.00313743 0.0050991 0.00770548 0.0110051 0.0150418 0.0198068 0.0251783 0.0309112 0.0366869 0.0421785 0.0470987 0.0512363 0.0544857 0.0568504 0.058419 0.0593322 0.0597582 0.0598578 0.0597054 0.0591593 0.0577607 0.0547995 0.0496342 0.0421446 0.0330073
 0.00335189 0.00539065 0.0080409 0.0113238 0.0152799 0.0199307 0.0252047 0.0308967 0.0366895 0.0422175 0.0471429 0.0512293 0.0543908 0.0566865 0.0582634 0.0592885 0.0599022 0.0601881 0.0601226 0.059493 0.0578375 0.0545238 0.0490345 0.0413582 0.0322123
 0.00341836 0.00553295 0.00831354 0.011786 0.0159659 0.020813 0.0261756 0.0317928 0.0373564 0.0425765 0.0472116 0.0510864 0.0541183 0.0563365 0.0578676 0.0588857 0.0595478 0.0599281 0.0599528 0.059339 0.0575821 0.0540705 0.0483682 0.0405592 0.0314153
 0.00354201 0.00572055 0.00857574 0.0121365 0.0164334 0.0214489 0.0270425 0.0329253 0.0387109 0.0440043 0.0484899 0.0519998 0.0545429 0.0562731 0.0574126 0.0581737 0.0587054 0.0590508 0.0590922 0.0584959 0.0567162 0.0531362 0.0473604 0.0395356 0.0304752
 0.00371634 0.00599971 0.00898731 0.0127018 0.0171631 0.0223392 0.0280749 0.0340745 0.0399545 0.0453204 0.0498329 0.0532701 0.0555829 0.0569102 0.0575276 0.0577493 0.0578249 0.0578527 0.0577145 0.057038 0.0552323 0.051657 0.045925 0.0382101 0.0293407
 0.00390719 0.00630724 0.00944609 0.0133449 0.0180189 0.0234241 0.0293826 0.0355657 0.0415568 0.0469395 0.0513711 0.054639 0.0567019 0.0576938 0.0578811 0.0575883 0.0571118 0.0566237 0.0560743 0.0551279 0.0531953 0.0496215 0.0440071 0.0365157 0.0279545
 0.00413469 0.00666844 0.00997493 0.0140708 0.0189665 0.0246099 0.0308071 0.037204 0.0433509 0.0487985 0.0531782 0.056267 0.0580316 0.0586271 0.0583425 0.0575191 0.0564712 0.0554038 0.0543217 0.0529535 0.0507643 0.0471287 0.0416472 0.0344548 0.0263033
 0.00440341 0.0070948 0.010598 0.0149225 0.0200693 0.0259725 0.0324162 0.0390176 0.0452982 0.0507854 0.0550959 0.0579996 0.0594641 0.0596545 0.0588769 0.0574938 0.0558415 0.0541529 0.0524752 0.0505982 0.0480596 0.0442952 0.038931 0.032076 0.0244077
 0.00469783 0.00756607 0.0112944 0.0158865 0.0213331 0.0275488 0.034286 0.0411208 0.0475347 0.0530279 0.0572069 0.059848 0.0609371 0.0606625 0.0593519 0.0573842 0.0551094 0.0527791 0.0504749 0.0480454 0.0451067 0.0411726 0.0359134 0.0294209 0.0222908
 0.00500044 0.00804883 0.0120054 0.0168688 0.0226219 0.0291653 0.0362244 0.043335 0.0499316 0.0554721 0.0595361 0.0618957 0.0625566 0.0617444 0.0598277 0.0572179 0.054285 0.0512953 0.0483547 0.0453606 0.0420045 0.0378834 0.0327221 0.0266029 0.0200394
 0.00527271 0.00848346 0.012646 0.0177543 0.0237846 0.0306252 0.0379793 0.0453502 0.0521358 0.0577596 0.0617742 0.0639359 0.0642501 0.0629593 0.0604632 0.0572098 0.0536029 0.0499374 0.0463504 0.042786 0.039005 0.034683 0.0295998 0.0238331 0.0178187
 0.00550694 0.00886519 0.0132231 0.0185742 0.024888 0.032035 0.0396868 0.0473063 0.0542534 0.059925 0.0638612 0.065818 0.0658086 0.0640893 0.0610772 0.0572406 0.053006 0.0486955 0.0444821 0.0403612 0.036163 0.0316389 0.0266212 0.0211837 0.0156896
 0.00575536 0.00926229 0.0138097 0.019388 0.0259619 0.0333914 0.0413264 0.049195 0.0563147 0.0620427 0.0658932 0.0676181 0.0672491 0.0650751 0.0615471 0.0571586 0.0523514 0.0474607 0.0426833 0.0380581 0.0334804 0.0287737 0.0238211 0.018694 0.0136887
 0.00599918 0.0096484 0.0143727 0.0201561 0.0269558 0.0346212 0.0427841 0.0508478 0.0581012 0.0638757 0.0676657 0.0692125 0.0685498 0.0659826 0.061989 0.0570918 0.0517581 0.0463426 0.0410632 0.0359936 0.0310822 0.0262152 0.021321 0.0164702 0.0119002
 0.006188 0.00996544 0.0148683 0.0208827 0.0279565 0.0359116 0.0443352 0.0525813 0.0599038 0.0656234 0.0692463 0.0705361 0.0695491 0.0666086 0.0622066 0.0568776 0.0510998 0.0452415 0.0395402 0.034101 0.028918 0.0239297 0.019102 0.0145043 0.0103229
 0.00646798 0.0103976 0.0154784 0.0216867 0.028967 0.0371427 0.0457971 0.0542606 0.0617396 0.0674953 0.070988 0.0719731 0.0705442 0.0670909 0.0621707 0.0563609 0.0501548 0.043919 0.0378891 0.0321819 0.0268208 0.0217825 0.0170613 0.0127224 0.00890735
 0.00653473 0.0105139 0.015668 0.0219763 0.0293814 0.0376974 0.0464939 0.0550897 0.0626872 0.0685467 0.0721173 0.0731253 0.0716254 0.0679801 0.0627512 0.0565518 0.0499255 0.0432836 0.0368928 0.0308922 0.0253287 0.0202051 0.0155332 0.0113721 0.00782627
 0.00648204 0.0104523 0.0156204 0.0219818 0.0294874 0.0379473 0.0469133 0.0556783 0.0634188 0.0693763 0.0729924 0.0739955 0.0724451 0.0687018 0.0633178 0.0568975 0.0499885 0.0430252 0.0363106 0.0300243 0.0242505 0.0190211 0.0143625 0.010326 0.00698338
 0.00652626 0.0105126 0.0156918 0.0220567 0.0295649 0.0380425 0.0470612 0.0559255 0.063803 0.069905 0.0736331 0.0746853 0.0731115 0.0692823 0.0637671 0.057182 0.0500783 0.042893 0.0359408 0.0294267 0.0234694 0.0181341 0.0134666 0.00951513 0.00632519
 0.00665034 0.0106904 0.0159145 0.0223001 0.0297944 0.0382251 0.0471767 0.0559754 0.0638139 0.0699239 0.0737132 0.0748648 0.0733952 0.0696375 0.0641349 0.0574963 0.0502812 0.042941 0.0358081 0.0291091 0.0229903 0.017546 0.012843 0.00893246 0.00584217
 0.00664779 0.0106934 0.015931 0.022339 0.0298598 0.0383086 0.0472547 0.0560154 0.0637901 0.0698351 0.0735916 0.0747681 0.0733847 0.0697524 0.0643749 0.0578202 0.0506208 0.0432222 0.0359696 0.029116 0.0228404 0.0172694 0.012494 0.00857379 0.00552696
 0.00671243 0.0107868 0.0160502 0.0224749 0.0300007 0.0384451 0.0473816 0.0561281 0.0638788 0.0698825 0.0735795 0.0746905 0.0732594 0.0696203 0.0642842 0.0578036 0.0506788 0.0433219 0.0360588 0.0291442 0.0227779 0.0171162 0.0122776 0.00833644 0.00530941
 0.00686304 0.0110163 0.0163666 0.0228742 0.0304672 0.0389525 0.0478941 0.0566027 0.0642705 0.0701515 0.0736975 0.0746448 0.0730556 0.0692849 0.0638642 0.0573582 0.0502628 0.0429683 0.0357711 0.0289017 0.0225524 0.0168891 0.0120482 0.00811911 0.00512326
 0.00699711 0.0112152 0.0166307 0.0231911 0.0308153 0.0393073 0.0482323 0.0569037 0.0645163 0.0703274 0.0737926 0.0746527 0.0729742 0.0691176 0.0636222 0.0570628 0.0499441 0.042658 0.0354921 0.0286618 0.0223453 0.0167036 0.0118775 0.00796534 0.00499383
 0.00703184 0.0112825 0.0167511 0.0233886 0.0311095 0.0397009 0.0487029 0.0574035 0.0649842 0.0707062 0.0740432 0.0747581 0.0729375 0.0689548 0.0633571 0.0567237 0.049562 0.042265 0.0351171 0.0283258 0.0220581 0.0164653 0.0116835 0.00781116 0.00487637
 0.00692127 0.01112 0.01654 0.0231467 0.0308684 0.0395026 0.0485927 0.0574203 0.0651471 0.0710036 0.0744312 0.0751734 0.0733162 0.06925 0.0635459 0.0568047 0.0495492 0.042181 0.0349881 0.0281766 0.0219086 0.0163285 0.011566 0.0077154 0.00480266
 0.00685566 0.0110107 0.0163718 0.0229068 0.0305528 0.0391251 0.0481917 0.057057 0.0648924 0.0709164 0.0745393 0.0754626 0.0737348 0.0697241 0.0640009 0.057184 0.0498231 0.0423465 0.0350607 0.0281812 0.0218712 0.016271 0.0115042 0.00765913 0.00475696
 0.00680609 0.0109266 0.0162381 0.0227059 0.0302669 0.0387416 0.0477117 0.0565044 0.0643191 0.0703999 0.0741679 0.0753116 0.0738409 0.0700712 0.0645237 0.0577903 0.0504213 0.0428682 0.0354702 0.0284729 0.0220599 0.0163805 0.0115594 0.00768085 0.00476084
 0.00675691 0.0108526 0.016137 0.0225775 0.0301103 0.0385519 0.0474791 0.0562179 0.0639749 0.0700113 0.0737719 0.0749674 0.0736168 0.0700234 0.0646755 0.0581208 0.0508715 0.0433605 0.0359328 0.0288573 0.0223465 0.0165735 0.0116768 0.00774479 0.00479136
 0.00674396 0.0108257 0.0160861 0.0224903 0.0299761 0.0383668 0.0472495 0.0559589 0.063704 0.0697422 0.0735134 0.0747293 0.0734185 0.0698963 0.0646559 0.0582338 0.0511165 0.0437057 0.0363243 0.0292372 0.0226699 0.0168186 0.0118433 0.00784649 0.00484712
 0.00669744 0.0107551 0.0159888 0.022366 0.0298253 0.0381895 0.047045 0.0557293 0.063458 0.0694965 0.0732896 0.0745479 0.0732938 0.0698368 0.0646682 0.0583259 0.0512939 0.0439634 0.0366403 0.0295744 0.0229872 0.0170836 0.0120406 0.00797796 0.00492558
