SBPRF35
10.6322
Curr Bio
594686
B35
752765
F35
0.184342
FOFL
0.147018
OFL
72538.4
Bzero
3.03777e+06
#pred survey bio
 3.98152e+06 3.79984e+06 3.64031e+06 3.4323e+06 3.1821e+06 2.91363e+06 2.63747e+06 2.3523e+06 2.10249e+06 1.8761e+06 1.65907e+06 1.48417e+06 1.31968e+06 1.16606e+06 1.03173e+06 942917 837074 766718 705324 667092 645091 610444 613675 595847 589347 585422 588015 580381 574711 569062 561634 555091 550007 537052 528908 511750 500519 494429 504613 516091 518934 522852 529439 530527 537914 544553 559353 568839 575068 576981 573577 582423 575113 544109 542520 579652 565238 604836 601630 614762 573888 587121 599861 2.14455e+07 1.30742e+07 1.3547e+07 1.4564e+07 1.59165e+07 1.73555e+07 1.87079e+07 1.98833e+07 2.08526e+07 2.16234e+07 2.22211e+07 2.26767e+07 2.302e+07 2.32769e+07 2.34686e+07 2.36114e+07 2.37181e+07 2.37979e+07 2.38579e+07 2.39033e+07 2.39377e+07 2.3964e+07 2.39841e+07 2.39997e+07 2.40117e+07 2.40211e+07 2.40284e+07 2.40342e+07 2.40387e+07 2.40422e+07 2.4045e+07 2.40473e+07 2.4049e+07 2.40505e+07 2.40516e+07 2.40525e+07 2.40532e+07 2.40538e+07 2.40542e+07 2.40546e+07 2.40549e+07 2.40551e+07 2.40553e+07 2.40555e+07 2.40556e+07 2.40557e+07 2.40558e+07 2.40558e+07 2.40559e+07 2.40559e+07 2.40559e+07 2.4056e+07 2.4056e+07 2.4056e+07 2.4056e+07 2.4056e+07 2.4056e+07 2.4056e+07 2.4056e+07 2.40561e+07 2.40561e+07 2.40561e+07 2.40561e+07 2.40561e+07 2.40561e+07 2.40561e+07 2.40561e+07 2.40561e+07 2.40561e+07 2.40561e+07 2.40561e+07 2.40561e+07 2.40561e+07 2.40561e+07 2.40561e+07 2.40561e+07 2.40561e+07 2.40561e+07 2.40561e+07 2.40561e+07 2.40561e+07 2.40561e+07 2.40561e+07 2.40561e+07 2.40561e+07 2.40561e+07 2.40561e+07 2.40561e+07 2.40561e+07 2.40561e+07 2.40561e+07 2.40561e+07 2.40561e+07 2.40561e+07 2.40561e+07 2.40561e+07 2.40561e+07 2.40561e+07 2.40561e+07 2.40561e+07 0 0 0 0 0 0 0 0 0 0 0 0 0 0 0 0 0 0 0 0 0 0 0 0 0
#obs survey bio
 5.38149e+06 3.14571e+06 3.92344e+06 2.623e+06 3.75663e+06 2.8859e+06 2.50793e+06 1.73644e+06 1.75885e+06 1.43323e+06 1.10136e+06 996126 1.50941e+06 1.16025e+06 840347 1.13101e+06 976544 682072 547116 510375 550098 674522 549758 569929 475438 699369 569427 539766 570529 584488 497669 510784 523424 404256 501928 544924 531192 395977 522228 572306 638482 458558 578407 399790 421929 709392 390613 774876 606995 620155 517680 869025 514724 569637 551105 464424 708164 444106 766055 562535 572996 455970 583625
#pred catch bio
 107414 94518.5 149645 203922 239607 267474 297609 286815 284550 291628 265812 264207 257967 241810 202329 215307 181391 171161 149219 133853 141969 108031 124249 112048 107868 100680 107214 102941 100646 100163 97649.1 94703.6 99251.9 92527.6 97062.5 90298.8 87835.7 78281.1 81024.8 89937.6 89468 87767.1 92851.3 88149.8 89482.3 83262.5 88401.7 91161 94324.8 97787.3 86481.6 99105.1 117118 91166.1 60441.4 105016 60164 98357.3 85303.5 131684 86807.1 89514.2 87909.2 72538.4 90743.2 92825.3 98539.8 107240 116792 125743 133406 139587 144365 147945 150564 152445 153777 154709 155356 155802 156107 156315 156456 156552 156616 156660 156689 156709 156722 156731 156737 156741 156744 156745 156746 156747 156748 156748 156748 156748 156749 156749 156749 156749 156749 156749 156749 156749 156749 156749 156749 156749 156749 156749 156749 156749 156749 156749 156749 156749 156749 156749 156749 156749 156749 156749 156749 156749 156749 156749 156749 156749 156749 156749 156749 156749 156749 156749 156749 156749 156749 156749 156749 156749 156749 156749 156749 156749 156749 156749 156749 156749 156749 156749 156749 156749 156749 156749 156749 156749 156749 156749 156749 0 0 0 0 0 0 0 0 0 0 0 0 0 0 0 0 0 0 0 0 0 0 0 0 0
#obs catch bio
 0 94105.3 149850 204673 240812 268375 299096 289312 288046 296603 270518 270147 261897 245038 204782 218293 182193 172367 152023 136089 145026 109192 126449 113256 109014 101229 108191 103236 100989 100208 98020.1 95039.6 99586.5 93181.5 97769.4 90831.5 87798.1 78108.5 80990.9 89765.6 88963.3 87575.9 92553.6 88105.8 89791.1 82933.6 88367.6 90596.5 93723.4 97262.1 85745.4 97892.7 115784 90464.4 59509.4 105001 59373.3 98431 84145.6 131484 86190.7 89415.4 87875.8
#pred cpue bio
 3.92412e+06 3.74514e+06 3.58779e+06 3.38071e+06 3.13123e+06 2.86379e+06 2.58878e+06 2.30473e+06 2.05575e+06 1.83037e+06 1.61475e+06 1.4411e+06 1.27846e+06 1.12703e+06 994618 906960 803220 734308 674130 636687 615366 581927 585306 568361 562417 558988 561909 554935 549823 544653 537627 531434 526758 514448 506954 490749 479527 472349 481152 492106 495121 499063 505468 506478 513563 520084 534646 544028 550249 552284 549168 558072 551203 520818 518940 555197 541392 579869 576695 589205 548738 560875 573586 2.05651e+07 1.25638e+07 1.29063e+07 1.37634e+07 1.50538e+07 1.64767e+07 1.78256e+07 1.90003e+07 1.99694e+07 2.07402e+07 2.13379e+07 2.17935e+07 2.21368e+07 2.23937e+07 2.25854e+07 2.27282e+07 2.28349e+07 2.29147e+07 2.29747e+07 2.30201e+07 2.30545e+07 2.30808e+07 2.31009e+07 2.31165e+07 2.31286e+07 2.31379e+07 2.31453e+07 2.3151e+07 2.31555e+07 2.3159e+07 2.31619e+07 2.31641e+07 2.31659e+07 2.31673e+07 2.31684e+07 2.31693e+07 2.317e+07 2.31706e+07 2.3171e+07 2.31714e+07 2.31717e+07 2.31719e+07 2.31721e+07 2.31723e+07 2.31724e+07 2.31725e+07 2.31726e+07 2.31726e+07 2.31727e+07 2.31727e+07 2.31728e+07 2.31728e+07 2.31728e+07 2.31728e+07 2.31728e+07 2.31728e+07 2.31728e+07 2.31729e+07 2.31729e+07 2.31729e+07 2.31729e+07 2.31729e+07 2.31729e+07 2.31729e+07 2.31729e+07 2.31729e+07 2.31729e+07 2.31729e+07 2.31729e+07 2.31729e+07 2.31729e+07 2.31729e+07 2.31729e+07 2.31729e+07 2.31729e+07 2.31729e+07 2.31729e+07 2.31729e+07 2.31729e+07 2.31729e+07 2.31729e+07 2.31729e+07 2.31729e+07 2.31729e+07 2.31729e+07 2.31729e+07 2.31729e+07 2.31729e+07 2.31729e+07 2.31729e+07 2.31729e+07 2.31729e+07 2.31729e+07 2.31729e+07 2.31729e+07 2.31729e+07 2.31729e+07 2.31729e+07 2.31729e+07 2.31729e+07 0 0 0 0 0 0 0 0 0 0 0 0 0 0 0 0 0 0 0 0 0 0 0 0 0
#obs cpue bio
 3.78399e+06 3.16236e+06 3.04805e+06 2.56481e+06 1.95894e+06 3.81495e+06 2.61052e+06 1.67825e+06 1.61637e+06 1.67372e+06 1.63059e+06 1.39707e+06 1.59408e+06 1.11897e+06 856877 792202 851084 692677 326294 627751 573620 443608 530893 608196 613223 528326 470056 795285 502456 653185 450914 527045 602868 415564 562903 418902 753170 600003 425073 563885 539330 438355 575334 511711 519786 653158 640883 674750 577598 570106 730098 614190 740860 480970 799650 514985 529056 586143 868492 483085 535331 619276 551406
#pred surv len freq
 0.00527701 0.00847265 0.0125743 0.0175073 0.0231276 0.0291626 0.0351727 0.0406399 0.0451569 0.0485647 0.0509386 0.0524742 0.0533821 0.0538383 0.0539734 0.0538791 0.0536231 0.0532489 0.0527324 0.0518908 0.0503077 0.047392 0.0426377 0.0359867 0.0280393
 0.00548523 0.00872386 0.0127956 0.0175889 0.0229674 0.028728 0.0345406 0.039979 0.0446539 0.0483377 0.0509922 0.0527197 0.0537024 0.0541529 0.054269 0.054197 0.054015 0.0537268 0.0532384 0.0523055 0.0504996 0.0472825 0.0422443 0.0354167 0.0274379
 0.0057505 0.00914032 0.0133887 0.0183562 0.0238614 0.029643 0.0353182 0.0404507 0.044713 0.0480008 0.0504005 0.0520708 0.0531555 0.053773 0.0540379 0.0540665 0.0539509 0.0537135 0.0532515 0.0522873 0.0503668 0.0469675 0.0417406 0.0347918 0.0268031
 0.00596423 0.00949234 0.0139269 0.0191273 0.0248997 0.0309494 0.0368359 0.0420488 0.0461963 0.0491513 0.0510448 0.0521428 0.0527211 0.0529963 0.0531068 0.0531236 0.0530669 0.0528999 0.0524855 0.0515283 0.0495684 0.0460983 0.0408097 0.0338587 0.0259568
 0.00617817 0.00983639 0.014439 0.0198436 0.0258522 0.0321593 0.0383015 0.0437309 0.0480059 0.0509452 0.0526341 0.0533244 0.0533304 0.0529617 0.0524764 0.0520426 0.0517169 0.0514359 0.0510012 0.050059 0.0481174 0.0446706 0.0394371 0.0326045 0.0248954
 0.00647551 0.0102979 0.0150937 0.0207066 0.0269259 0.033436 0.039762 0.0453415 0.049716 0.0526847 0.0543087 0.0548086 0.0544711 0.0536027 0.0525019 0.0514203 0.0505144 0.049796 0.0490919 0.0480275 0.0460737 0.0426991 0.0376173 0.0310173 0.0236096
 0.00683682 0.0108644 0.015907 0.0217906 0.0282831 0.035042 0.0415604 0.0472455 0.0516224 0.0544959 0.0559459 0.0562085 0.0555689 0.0543154 0.0527291 0.0510681 0.0495336 0.0482137 0.0470162 0.0456232 0.0435277 0.040193 0.0353128 0.0290447 0.0220511
 0.00721529 0.0114668 0.0167894 0.0229962 0.0298336 0.0369258 0.0437182 0.0495661 0.0539572 0.0566875 0.0578575 0.0577415 0.0566628 0.0549347 0.0528427 0.0506361 0.0485129 0.0465844 0.0448156 0.0429669 0.0406046 0.0372365 0.0325586 0.0266861 0.0202033
 0.00752545 0.011964 0.0175253 0.0240159 0.0311702 0.0385892 0.0456817 0.0517571 0.0562605 0.0589601 0.0599486 0.0595118 0.0580002 0.0557625 0.0531167 0.0503325 0.0476156 0.0450863 0.0427381 0.0403905 0.0376893 0.0342139 0.0296902 0.0242031 0.0182512
 0.00782625 0.0124407 0.0182205 0.0249634 0.0323913 0.040088 0.0474362 0.053713 0.058333 0.061043 0.061925 0.061262 0.0594098 0.0567309 0.0535658 0.0502095 0.0468916 0.0437546 0.0408215 0.0379616 0.0348916 0.0312652 0.0268519 0.0217191 0.0162846
 0.00813652 0.0129356 0.0189476 0.0259605 0.0336801 0.0416641 0.0492584 0.0557004 0.0603765 0.0630258 0.0637401 0.0628194 0.0606336 0.0575548 0.05393 0.0500618 0.046192 0.0424824 0.0389882 0.035629 0.032191 0.0284014 0.0240768 0.0192748 0.0143392
 0.0082832 0.0131872 0.0193512 0.0265693 0.0345438 0.0428122 0.0506832 0.0573491 0.0621581 0.0648282 0.0654487 0.0643311 0.0618638 0.0584377 0.054414 0.0501034 0.0457527 0.0415334 0.0375251 0.0336932 0.0298903 0.0259154 0.0216334 0.0170992 0.012593
 0.00849503 0.0135176 0.0198237 0.0272002 0.0353444 0.0437902 0.051839 0.0586681 0.0636016 0.0663305 0.0669207 0.0656724 0.062978 0.0592455 0.0548585 0.0501467 0.0453685 0.0407042 0.0362491 0.0320025 0.0278724 0.0237225 0.0194651 0.0151573 0.0110262
 0.00884927 0.0140607 0.0205797 0.028169 0.0365028 0.045096 0.0532334 0.0600799 0.0649574 0.0675671 0.0679926 0.0665472 0.0636276 0.0596394 0.0549634 0.0499316 0.0448087 0.0397846 0.0349697 0.0303917 0.0260034 0.0217224 0.0175028 0.0134057 0.0096141
 0.00916837 0.0145694 0.0213252 0.0291848 0.0377983 0.0466422 0.0549514 0.0618428 0.0666141 0.0689794 0.0690659 0.0672422 0.0639511 0.0596238 0.0546461 0.0493399 0.0439553 0.038672 0.0336025 0.0287927 0.0242311 0.0198796 0.0157269 0.0118374 0.00835761
 0.00920119 0.0146446 0.0214795 0.0294685 0.0382665 0.047338 0.0558882 0.0629921 0.0679043 0.070305 0.0703055 0.0682814 0.0647044 0.0600477 0.0547376 0.0491219 0.0434583 0.0379219 0.0326206 0.0276069 0.0228915 0.0184689 0.0143545 0.0106169 0.00737414
 0.00951414 0.0151162 0.0221212 0.0302695 0.0392012 0.048378 0.0570072 0.0641617 0.069085 0.071439 0.0713168 0.0690852 0.0652226 0.0602263 0.0545583 0.0486033 0.042646 0.0368731 0.031392 0.0262529 0.0214722 0.0170582 0.0130394 0.00948195 0.00647851
 0.00978126 0.0155226 0.0226802 0.0309732 0.0400217 0.0492715 0.0579193 0.0650355 0.0698725 0.0721126 0.0718702 0.0695208 0.0655336 0.0603872 0.0545304 0.0483517 0.0421553 0.0361547 0.0304815 0.025203 0.0203476 0.0159328 0.011991 0.00858023 0.00576956
 0.00992662 0.0157685 0.0230667 0.0315398 0.0407942 0.0502434 0.0590363 0.0661971 0.0709545 0.0730025 0.0724968 0.0698646 0.0656174 0.0602541 0.054221 0.0478902 0.0415501 0.0354099 0.02961 0.0242355 0.0193336 0.0149353 0.0110767 0.00780597 0.00516919
 0.0099579 0.0158156 0.0231327 0.0316299 0.0409211 0.0504317 0.0593207 0.0666097 0.0715057 0.0736632 0.0731979 0.0705149 0.0661339 0.0605847 0.0543512 0.0478319 0.0413251 0.0350381 0.0291096 0.0236303 0.0186598 0.0142432 0.0104231 0.00724168 0.0047265
 0.00988892 0.0157123 0.0229937 0.0314605 0.0407325 0.0502406 0.0591505 0.0664928 0.0714824 0.0737748 0.073471 0.0709455 0.0666786 0.0611687 0.0548895 0.0482538 0.0415878 0.0351278 0.0290338 0.0234113 0.0183322 0.013852 0.0100194 0.00687298 0.00442643
 0.0100411 0.015936 0.0232862 0.0318034 0.0410963 0.0505924 0.0594609 0.0667385 0.0716489 0.0738592 0.0734852 0.0709153 0.0666349 0.0611345 0.0548681 0.0482268 0.0415242 0.0349981 0.028822 0.0231195 0.0179798 0.0134711 0.00964749 0.00654475 0.00416526
 0.00984579 0.0156408 0.0228838 0.0313024 0.0405197 0.0499744 0.0588446 0.0661757 0.0711962 0.0735701 0.0733996 0.0710505 0.0669822 0.0616608 0.0555209 0.0489406 0.0422285 0.0356267 0.0293235 0.0234661 0.0181707 0.0135299 0.00961354 0.00646179 0.00407075
 0.00985324 0.0156504 0.0228932 0.0313077 0.0405154 0.0499542 0.0588024 0.0661066 0.0710975 0.0734438 0.0732558 0.0709089 0.0668709 0.0616089 0.0555492 0.0490527 0.0424073 0.0358379 0.0295249 0.0236197 0.0182541 0.0135409 0.00956833 0.00638609 0.00398996
 0.00981136 0.0155789 0.0227798 0.0311399 0.040285 0.0496631 0.0584675 0.0657592 0.0707767 0.0731857 0.0730848 0.0708357 0.0668948 0.0617235 0.0557458 0.0493203 0.0427293 0.0361888 0.0298712 0.023926 0.0184922 0.0136983 0.00964999 0.00641075 0.00398133
 0.00975284 0.0154878 0.0226498 0.0309671 0.0400674 0.0494011 0.0581654 0.0654287 0.070439 0.0728714 0.0728294 0.0706715 0.066843 0.0617897 0.0559208 0.0495848 0.0430583 0.0365542 0.0302421 0.0242709 0.0187834 0.0139181 0.00979513 0.00649163 0.00401652
 0.00960057 0.0152562 0.0223315 0.0305662 0.0395992 0.0488894 0.0576409 0.0649273 0.0699981 0.0725244 0.0726015 0.0705785 0.0668917 0.0619778 0.0562358 0.0500036 0.0435492 0.0370802 0.0307652 0.0247552 0.0191996 0.0142472 0.0100319 0.00664471 0.00410406
 0.00957591 0.0152114 0.0222555 0.0304463 0.0394246 0.0486563 0.0573572 0.0646125 0.069679 0.0722282 0.0723506 0.0703895 0.066777 0.0619473 0.0562963 0.0501562 0.0437862 0.0373833 0.0311069 0.025103 0.0195216 0.0145184 0.010239 0.00678683 0.00419103
 0.00956309 0.0151866 0.0222106 0.0303707 0.0393066 0.0484866 0.0571328 0.0643398 0.069375 0.0719186 0.0720658 0.0701588 0.0666229 0.0618827 0.0563247 0.0502742 0.0439845 0.0376469 0.031414 0.0254265 0.019832 0.0147899 0.0104545 0.0069415 0.00429074
 0.00959708 0.0152314 0.0222583 0.0304069 0.039313 0.0484464 0.0570355 0.0641834 0.069166 0.0716709 0.0717997 0.0698995 0.0663974 0.0617156 0.0562341 0.0502687 0.0440631 0.0377996 0.0316235 0.0256692 0.0200813 0.0150201 0.0106463 0.00708535 0.00438757
 0.00957855 0.0152117 0.0222473 0.0304182 0.0393582 0.0485266 0.0571352 0.0642731 0.0692118 0.0716474 0.0716989 0.0697323 0.0661888 0.0614975 0.0560386 0.0501226 0.0439843 0.0377947 0.0316874 0.0257866 0.02023 0.0151758 0.0107877 0.00719859 0.00446801
 0.00950002 0.0150956 0.0220947 0.0302395 0.0391722 0.0483576 0.0570086 0.0642091 0.0692179 0.0717134 0.0717977 0.0698295 0.0662564 0.061524 0.056031 0.0501012 0.0439732 0.0378139 0.0317473 0.0258857 0.0203565 0.0153117 0.0109149 0.0073035 0.00454473
 0.00943174 0.0149858 0.0219324 0.030017 0.038889 0.0480252 0.0566546 0.0638755 0.0689527 0.0715565 0.0717686 0.069921 0.0664383 0.0617541 0.0562694 0.0503218 0.0441679 0.0379886 0.0319131 0.0260507 0.0205211 0.0154689 0.011054 0.00741574 0.00462639
 0.0092803 0.0147742 0.0216771 0.0297533 0.0386587 0.0478583 0.0565567 0.0638293 0.0689324 0.0715449 0.0717657 0.0699406 0.0664959 0.0618553 0.0564059 0.0504754 0.0443202 0.0381285 0.032039 0.0261671 0.0206322 0.0155748 0.0111503 0.00749644 0.00468747
 0.00914902 0.014559 0.0213523 0.0293002 0.0380768 0.0471789 0.0558491 0.0631903 0.068457 0.0712929 0.0717451 0.0701161 0.0668137 0.0622648 0.0568679 0.0509595 0.0447998 0.03858 0.0324447 0.0265174 0.0209249 0.0158116 0.0113347 0.00763271 0.00478153
 0.00984387 0.0155307 0.022522 0.0304938 0.039072 0.0477823 0.0559622 0.062831 0.0677361 0.070369 0.0707784 0.0692342 0.0660921 0.0617265 0.0564979 0.0507251 0.044666 0.0385172 0.0324294 0.0265316 0.0209555 0.0158497 0.011374 0.00766867 0.00481091
 0.0106341 0.0167381 0.0241875 0.032584 0.0414653 0.0502632 0.0582313 0.0645514 0.0686223 0.0702865 0.069795 0.0675887 0.0641007 0.0596816 0.0546048 0.0490898 0.0433166 0.0374368 0.0315834 0.0258835 0.0204727 0.0155037 0.0111384 0.00751837 0.0047223
 0.0107028 0.0169313 0.0246267 0.0334262 0.0428547 0.052257 0.0607326 0.0672921 0.0712137 0.0723182 0.0709446 0.0677033 0.063229 0.0580445 0.0525184 0.0468707 0.0412106 0.0355903 0.0300551 0.0246737 0.0195522 0.0148318 0.0106716 0.0072128 0.00453588
 0.0102734 0.0163076 0.0238325 0.0325482 0.0420408 0.0516981 0.0606315 0.0678138 0.0724199 0.0741104 0.0730532 0.0697497 0.0648405 0.0589708 0.052696 0.0464132 0.0403395 0.0345476 0.0290346 0.0237927 0.0188573 0.0143219 0.0103206 0.00698635 0.00439971
 0.0100175 0.015893 0.0232148 0.031697 0.0409587 0.0504462 0.0593497 0.0667162 0.0717533 0.0740815 0.0737542 0.0711095 0.0666272 0.0608513 0.0543359 0.047577 0.0409486 0.0346718 0.0288326 0.0234381 0.0184845 0.0140071 0.0100901 0.00683493 0.00430927
 0.0100474 0.0159194 0.0232118 0.0316228 0.0407619 0.0500795 0.058789 0.0659803 0.070919 0.0732862 0.0731747 0.0709142 0.0669131 0.0615937 0.0553816 0.0486919 0.0419008 0.0353107 0.0291249 0.0234502 0.0183308 0.0137967 0.00989573 0.00668892 0.00421466
 0.0100653 0.0159496 0.0232577 0.0316845 0.0408302 0.0501309 0.0587829 0.0658657 0.070653 0.0728585 0.0726282 0.0703495 0.0664673 0.0613967 0.0555032 0.0491063 0.0424912 0.0359157 0.0296044 0.0237338 0.0184264 0.0137633 0.00980402 0.00659218 0.00413951
 0.0100558 0.0159338 0.0232337 0.031651 0.0407879 0.0500828 0.0587326 0.0658133 0.0705891 0.0727621 0.0724746 0.0701269 0.0661959 0.0611355 0.0553346 0.0491012 0.0426715 0.0362387 0.0299801 0.0240663 0.0186544 0.0138758 0.00982857 0.00656991 0.00410423
 0.0101177 0.0160267 0.0233589 0.031804 0.0409591 0.0502582 0.0588963 0.0659483 0.0706792 0.0727935 0.0724359 0.0700096 0.0659983 0.0608705 0.055037 0.0488254 0.0424744 0.0361543 0.0300026 0.0241543 0.0187534 0.0139451 0.00985467 0.00656213 0.0040808
 0.00996471 0.0158113 0.0230963 0.0315291 0.0407163 0.0500858 0.058813 0.0659513 0.0707502 0.0729088 0.0725728 0.0701487 0.0661224 0.060966 0.0550974 0.0488569 0.0424967 0.0361935 0.0300772 0.0242634 0.0188774 0.0140574 0.00993602 0.00660816 0.00409924
 0.0099271 0.0157366 0.0229606 0.0313069 0.0403925 0.0496719 0.0583571 0.0655298 0.070443 0.0727685 0.0726071 0.070325 0.0663869 0.0612643 0.0553879 0.0491152 0.0427158 0.0363795 0.0302426 0.0244184 0.0190229 0.0141857 0.0100374 0.00667765 0.0041397
 0.00983541 0.0155933 0.0227551 0.031031 0.0400402 0.0492401 0.0578507 0.0649712 0.0698791 0.07227 0.072254 0.0701811 0.0664768 0.0615644 0.0558376 0.0496395 0.043248 0.0368744 0.0306775 0.024787 0.0193264 0.0144266 0.0102183 0.00680343 0.00421905
 0.00973992 0.0154527 0.0225704 0.0308118 0.0398005 0.0489919 0.0575991 0.064714 0.0696117 0.0719934 0.071983 0.0699487 0.0663285 0.0615429 0.0559639 0.0499029 0.0436088 0.0372796 0.0310783 0.0251489 0.0196313 0.0146687 0.0103994 0.00692977 0.00430015
 0.00967531 0.015351 0.0224239 0.0306173 0.0395611 0.0487192 0.057314 0.0644431 0.0693789 0.0718114 0.0718504 0.0698562 0.0662708 0.0615275 0.0560098 0.0500296 0.0438227 0.0375662 0.0314055 0.0254785 0.0199306 0.0149171 0.0105893 0.00706365 0.00438685
 0.00959084 0.0152279 0.022265 0.0304333 0.039367 0.0485284 0.0571341 0.0642771 0.0692295 0.0716838 0.0717521 0.0697928 0.0662436 0.0615342 0.0560501 0.0501082 0.043948 0.0377425 0.0316263 0.0257243 0.0201751 0.0151355 0.0107655 0.00719248 0.00447234
 0.00953659 0.0151449 0.0221501 0.0302882 0.0391991 0.0483502 0.056963 0.0641312 0.0691227 0.0716204 0.0717262 0.0697931 0.0662591 0.0615594 0.0560852 0.0501579 0.0440196 0.0378432 0.0317587 0.0258832 0.0203466 0.0153012 0.0109085 0.00730301 0.00454887
 0.00945741 0.0150096 0.021935 0.0299698 0.0387618 0.0477989 0.0563321 0.0634854 0.0685429 0.0711825 0.0714814 0.0697574 0.0664152 0.0618663 0.0564921 0.0506169 0.0444933 0.0383068 0.0321972 0.0262864 0.0207049 0.0156051 0.0111506 0.00748163 0.00466954
 0.00967373 0.0153231 0.0223348 0.0304178 0.0391993 0.0481592 0.0565547 0.0635268 0.068387 0.0708473 0.0710187 0.0692412 0.0659212 0.0614527 0.0561887 0.0504265 0.0444008 0.03829 0.0322346 0.02636 0.0207993 0.0157063 0.0112459 0.00756141 0.00472899
 0.00992369 0.0157369 0.022968 0.0313177 0.0403834 0.0495873 0.0581078 0.0650147 0.0695917 0.0715859 0.0711943 0.0688615 0.0650828 0.0603055 0.0548962 0.0491319 0.0432077 0.0372584 0.0313882 0.0256982 0.0203071 0.0153602 0.011018 0.00742221 0.00465083
 0.00982951 0.0155971 0.0227853 0.0311111 0.0401927 0.0494734 0.0581449 0.0652677 0.0700835 0.0722697 0.0719532 0.0695422 0.0655498 0.0604862 0.054796 0.0488189 0.0427783 0.0368048 0.0309775 0.0253661 0.0200632 0.0151967 0.0109186 0.00736821 0.00462529
 0.00952569 0.0151078 0.0220601 0.0301133 0.0389158 0.0479638 0.0565209 0.0637192 0.0688378 0.0715334 0.0718501 0.070075 0.0665992 0.0618494 0.05625 0.0501817 0.0439448 0.0377465 0.0317161 0.0259422 0.0205133 0.0155456 0.0111813 0.00755619 0.00475083
 0.00988748 0.0156434 0.0227657 0.0309433 0.0397858 0.0487619 0.0571245 0.0640175 0.0687644 0.0710971 0.0711462 0.0692603 0.0658387 0.0612588 0.0558641 0.0499607 0.0438116 0.0376304 0.0315806 0.0257872 0.0203593 0.0154145 0.011085 0.00749471 0.00471667
 0.00958239 0.0151965 0.022184 0.0302647 0.0390673 0.0480608 0.0564823 0.0634559 0.0682894 0.0707094 0.0708531 0.0690853 0.0658232 0.0614496 0.0562887 0.0506037 0.0446081 0.0384827 0.0323905 0.0264842 0.0209121 0.0158251 0.0113739 0.00768808 0.00483922
 0.00984118 0.0155681 0.022653 0.0307871 0.0395851 0.048523 0.0568593 0.0637364 0.0684649 0.0707601 0.0707476 0.0687982 0.0653586 0.0608558 0.0556525 0.050024 0.0441618 0.0382004 0.0322548 0.0264479 0.0209247 0.0158506 0.0113954 0.00770195 0.00484739
 0.00993428 0.0157166 0.0228694 0.0310765 0.0399387 0.0489123 0.0572352 0.0640393 0.0686452 0.0707971 0.0706531 0.0686017 0.0650878 0.0605289 0.055286 0.0496462 0.0438147 0.0379271 0.0320804 0.0263698 0.0209174 0.0158805 0.011435 0.00773588 0.00487095
 0.0103439 0.0163714 0.0238316 0.0323895 0.0416102 0.0508914 0.0593914 0.066164 0.0704863 0.0721184 0.0712931 0.0685068 0.0643129 0.0592102 0.0536012 0.0477781 0.041927 0.0361533 0.030518 0.0250757 0.0199078 0.0151375 0.0109189 0.00739802 0.00466357
 0.00969501 0.0154471 0.0226852 0.0311608 0.0404961 0.0500921 0.0590605 0.066378 0.0712338 0.0733001 0.072735 0.0699926 0.0656325 0.0602082 0.054206 0.0480023 0.0418459 0.0358727 0.0301449 0.0246975 0.0195817 0.0148892 0.0107486 0.00729174 0.00460259
 0.00891695 0.0142631 0.02106 0.0291306 0.0381774 0.0476816 0.0568271 0.0646308 0.0702545 0.0732597 0.0736351 0.0716651 0.0677924 0.0625323 0.0564067 0.049878 0.0433009 0.0369075 0.0308257 0.0251191 0.0198354 0.0150443 0.0108487 0.00735922 0.00464792
#obs surv len freq
 nan nan nan nan nan nan nan nan nan nan nan nan nan nan nan nan nan nan nan nan nan nan nan nan nan
 0.00447863 0.00733727 0.0111648 0.0159797 0.0216802 0.0279568 0.0342728 0.0400063 0.0446881 0.0481542 0.0505141 0.0520118 0.0529058 0.0534196 0.0537351 0.0539908 0.05427 0.0545632 0.0547022 0.0542942 0.0527321 0.0493638 0.0438127 0.0362916 0.027674
 0.0046181 0.00756312 0.0115028 0.0164523 0.0223017 0.0287247 0.0351599 0.0409576 0.0456276 0.0489988 0.0511892 0.0524624 0.0531027 0.0533606 0.053441 0.053498 0.0536214 0.053801 0.0538653 0.0534192 0.0518576 0.0485324 0.0430689 0.0356728 0.027201
 0.00478432 0.00783714 0.0119221 0.0170535 0.0231125 0.0297517 0.0363756 0.0422965 0.0469949 0.0502875 0.0522975 0.0533049 0.0536174 0.0535131 0.0532263 0.0529393 0.0527639 0.052704 0.0525946 0.0520452 0.0504557 0.0471839 0.0418544 0.0346591 0.0264249
 0.0049731 0.00814628 0.0123917 0.0177232 0.0240142 0.0308985 0.0377489 0.0438397 0.0486181 0.0518813 0.0537479 0.0545055 0.0544778 0.0539655 0.0532314 0.0524886 0.0518803 0.0514392 0.0510253 0.0502691 0.0485885 0.0453533 0.0401868 0.0332579 0.0253481
 0.00518045 0.00848643 0.0129094 0.0184623 0.0250097 0.0321634 0.039261 0.0455366 0.0504056 0.0536502 0.0553888 0.0559164 0.0555665 0.0546519 0.0534515 0.0522014 0.0510741 0.0501379 0.0492929 0.0482113 0.04635 0.0431065 0.0381079 0.0314937 0.0239842
 0.00541908 0.00887445 0.0134937 0.0192869 0.0261081 0.0335461 0.0409023 0.0473691 0.0523287 0.0555483 0.0571489 0.0574378 0.0567626 0.0554488 0.0537856 0.0520205 0.0503435 0.0488516 0.0474881 0.0459811 0.0438484 0.0405362 0.0356888 0.0294162 0.022365
 0.00565495 0.00926261 0.0140865 0.0201359 0.0272537 0.0350015 0.0426374 0.0493058 0.0543535 0.0575352 0.0589798 0.0590131 0.0580018 0.0562861 0.0541655 0.0518942 0.0496703 0.047609 0.0456894 0.043698 0.0412257 0.0377866 0.0330585 0.027129 0.0205659
 0.00588434 0.00964028 0.014664 0.0209648 0.0283764 0.036436 0.0443609 0.0512477 0.0564042 0.0595661 0.0608641 0.0606398 0.059282 0.0571529 0.054569 0.0517945 0.0490337 0.0464115 0.0439338 0.0414389 0.0385923 0.0349855 0.0303438 0.024742 0.0186715
 0.00614238 0.0100581 0.0152899 0.021843 0.0295399 0.0378938 0.0460852 0.0531682 0.0584164 0.0615495 0.0627001 0.0622229 0.0605248 0.0579874 0.0549447 0.0516744 0.0483896 0.045225 0.0422074 0.0392193 0.0359957 0.0322062 0.0276296 0.0223371 0.0167493
 0.00639609 0.0104765 0.0159302 0.0227609 0.0307768 0.0394582 0.0479345 0.0552054 0.0605075 0.0635531 0.064493 0.0637105 0.06164 0.0586835 0.0551886 0.0514415 0.0476604 0.0439872 0.0404665 0.0370191 0.0334427 0.0294808 0.024966 0.0199704 0.0148507
 0.00659913 0.0108144 0.0164535 0.0235225 0.0318222 0.0408094 0.0495723 0.0570612 0.0624706 0.0654897 0.0662689 0.0652094 0.0627739 0.0593954 0.055448 0.0512345 0.0469808 0.0428334 0.03885 0.0349831 0.0310844 0.026963 0.0225014 0.017775 0.0130838
 0.0068342 0.0111944 0.0170214 0.0243176 0.0328732 0.0421238 0.0511245 0.0587874 0.0642747 0.0672594 0.0678912 0.0665815 0.0638107 0.0600345 0.0556514 0.0509858 0.0462796 0.04169 0.0372875 0.0330502 0.0288742 0.0246235 0.0202231 0.0157505 0.0114558
 0.00705987 0.0115667 0.0175913 0.0251339 0.0339711 0.0435066 0.0527483 0.0605583 0.0660671 0.0689444 0.0693604 0.067756 0.064638 0.0604814 0.0556984 0.0506246 0.0455118 0.0405281 0.0357583 0.0312053 0.0268031 0.0224607 0.018137 0.0139088 0.00998053
 0.00725794 0.0118932 0.0180912 0.0258517 0.0349425 0.0447438 0.0542242 0.0622002 0.0677643 0.0705685 0.0707881 0.0688877 0.0654073 0.060856 0.0556734 0.0502116 0.04473 0.0394007 0.0343175 0.0295024 0.0249208 0.0205189 0.0162815 0.0122822 0.00868422
 0.00744983 0.0122055 0.0185616 0.0265157 0.0358258 0.0458521 0.0555317 0.0636449 0.0692555 0.0720019 0.0720619 0.0699132 0.0661159 0.0612042 0.0556442 0.0498116 0.0439828 0.0383401 0.0329856 0.0279552 0.0232368 0.018804 0.01466 0.0108723 0.00756772
 0.00753288 0.0123457 0.0187827 0.0268441 0.0362867 0.0464624 0.0562921 0.0645353 0.0702369 0.0730213 0.0730576 0.070819 0.0668654 0.061736 0.0559085 0.0497765 0.0436373 0.0376945 0.0320706 0.0268217 0.0219584 0.0174761 0.0133906 0.0097621 0.00668572
 0.00757012 0.0124021 0.0188606 0.0269455 0.036416 0.0466301 0.0565158 0.0648372 0.0706361 0.0735251 0.0736548 0.0714776 0.0675348 0.0623531 0.0564057 0.0500909 0.04372 0.0375184 0.0316354 0.0261567 0.0211222 0.0165516 0.0124735 0.00894168 0.00602477
 0.0076576 0.0125322 0.0190337 0.0271535 0.0366443 0.0468618 0.056736 0.0650373 0.0708173 0.0737006 0.0738464 0.0717067 0.067811 0.0626648 0.0567186 0.0503533 0.0438738 0.0375128 0.0314394 0.0257686 0.0205735 0.0159033 0.0118039 0.00832758 0.00552232
 0.0077158 0.0126276 0.019178 0.0273559 0.036907 0.0471742 0.0570716 0.0653567 0.0710803 0.0738809 0.0739416 0.0717387 0.0678154 0.0626757 0.0567541 0.0504075 0.0439173 0.0375018 0.0313309 0.0255364 0.0202197 0.0154607 0.0113275 0.00787779 0.00514693
 0.00775185 0.0126803 0.0192467 0.0274375 0.0369983 0.047275 0.0571852 0.0654872 0.0712265 0.0740326 0.0740816 0.0718498 0.0678896 0.0627188 0.0567815 0.0504336 0.0439441 0.0375143 0.0313011 0.0254362 0.0200352 0.0152019 0.0110264 0.00757788 0.00488696
 0.007827 0.0127933 0.0193994 0.0276246 0.037208 0.0474906 0.057388 0.0656594 0.0713557 0.0741148 0.0741208 0.0718537 0.0678652 0.0626706 0.0567143 0.0503542 0.0438599 0.0374273 0.0312044 0.0253158 0.0198786 0.0150075 0.0108083 0.00736116 0.00469742
 0.00786623 0.0128565 0.019493 0.0277529 0.0373712 0.047682 0.0575919 0.0658529 0.0715141 0.07422 0.0741662 0.0718453 0.0678168 0.0625976 0.0566288 0.0502638 0.0437681 0.0373346 0.0311083 0.0252103 0.0197572 0.014868 0.010657 0.0072116 0.00456564
 0.00787281 0.0128657 0.0195045 0.0277663 0.0373868 0.0477022 0.0576214 0.0658965 0.0715742 0.0742929 0.074243 0.0719145 0.0678688 0.0626285 0.0566401 0.0502599 0.0437533 0.0373111 0.0310752 0.0251648 0.0196962 0.014791 0.0105681 0.00711998 0.00448216
 0.00787603 0.0128677 0.0195013 0.0277526 0.0373573 0.0476547 0.0575587 0.0658279 0.0715132 0.0742541 0.0742369 0.0719444 0.0679298 0.0627089 0.0567261 0.0503399 0.04382 0.0373611 0.0311069 0.0251773 0.0196888 0.0147647 0.0105269 0.00707097 0.00443379
 0.00787791 0.0128655 0.0194886 0.0277199 0.0372952 0.0475572 0.0574276 0.0656738 0.071354 0.0741117 0.0741328 0.0718949 0.0679426 0.0627813 0.0568453 0.0504868 0.0439742 0.0375052 0.0312292 0.025271 0.0197518 0.0147983 0.0105359 0.00706274 0.00441668
 0.00790398 0.0129042 0.0195396 0.0277795 0.0373558 0.0476077 0.0574548 0.0656648 0.0713007 0.0740152 0.0740052 0.0717578 0.0678205 0.0626949 0.0568063 0.0504956 0.0440212 0.0375749 0.0313049 0.025339 0.0198033 0.0148302 0.0105494 0.00706237 0.00440841
 0.00787515 0.0128583 0.0194723 0.0276881 0.03724 0.0474711 0.0573054 0.0655146 0.071163 0.0739007 0.0739209 0.0717073 0.0678063 0.0627199 0.0568725 0.0506021 0.0441616 0.037737 0.0314723 0.0254953 0.0199355 0.0149308 0.0106179 0.00710316 0.00442887
 0.00787092 0.0128466 0.0194459 0.0276374 0.0371562 0.0473499 0.0571509 0.0653398 0.070987 0.0737435 0.0737986 0.0716295 0.0677763 0.0627361 0.0569309 0.0506976 0.0442881 0.037886 0.0316323 0.0256525 0.0200763 0.0150456 0.0107022 0.00715866 0.00446118
 0.00787824 0.0128584 0.0194633 0.02766 0.0371809 0.0473699 0.0571551 0.065316 0.0709264 0.0736459 0.0736744 0.0714971 0.067656 0.0626446 0.0568781 0.0506864 0.0443162 0.0379472 0.0317175 0.0257503 0.0201743 0.0151328 0.0107715 0.00720759 0.0044918
 0.00783794 0.0127956 0.0193739 0.027543 0.0370391 0.0472107 0.056991 0.0651622 0.0707971 0.0735502 0.0736144 0.07147 0.0676587 0.062676 0.056939 0.0507771 0.0444344 0.0380872 0.0318703 0.0259049 0.0203194 0.0152584 0.0108711 0.0072795 0.00453867
 0.00781941 0.0127616 0.019316 0.0274515 0.0369062 0.0470353 0.0567823 0.0649402 0.0705882 0.0733796 0.0735 0.071419 0.067668 0.062736 0.0570382 0.0509055 0.044584 0.0382511 0.0320412 0.0260738 0.0204765 0.0153947 0.0109803 0.00735958 0.00459206
 0.00779285 0.0127166 0.0192449 0.0273459 0.0367587 0.0468423 0.0565476 0.0646771 0.0703188 0.0731322 0.0733033 0.0712966 0.0676331 0.0627887 0.0571667 0.0510903 0.0448041 0.0384874 0.032278 0.0262984 0.0206785 0.0155657 0.0111155 0.00745837 0.00465814
 0.0077627 0.0126674 0.0191703 0.02724 0.036617 0.0466632 0.0563347 0.0644401 0.070073 0.0728966 0.0730988 0.0711437 0.0675495 0.0627858 0.0572466 0.0512448 0.0450158 0.0387339 0.0325366 0.0265489 0.020905 0.0157575 0.0112668 0.00756892 0.00473227
 0.00772516 0.0126053 0.0190751 0.0271035 0.0364335 0.0464333 0.0560677 0.0641544 0.0697926 0.0726459 0.072898 0.0710072 0.0674863 0.0628004 0.0573394 0.0514105 0.0452426 0.0390038 0.0328269 0.0268362 0.0211685 0.015982 0.0114442 0.00769836 0.004819
 0.00932593 0.0148462 0.0217799 0.0298848 0.0388051 0.0479894 0.0566253 0.0637807 0.0687238 0.0711667 0.0712531 0.0693676 0.0659554 0.061434 0.0561632 0.0504325 0.0444591 0.038402 0.0323867 0.0265318 0.0209712 0.0158635 0.0113793 0.00766671 0.00480586
 0.00930937 0.0151141 0.0227024 0.0319208 0.0423023 0.0529139 0.0623902 0.069342 0.0729506 0.0732875 0.07111 0.0673585 0.0627595 0.0577216 0.0524298 0.0469712 0.0414098 0.0358131 0.0302587 0.0248404 0.019677 0.0149161 0.0107211 0.00723644 0.00454349
 0.00895325 0.0145558 0.0219225 0.0309721 0.0413628 0.0523217 0.0626029 0.0707733 0.075724 0.0770518 0.0750838 0.0706262 0.0646527 0.0580507 0.0514537 0.0451827 0.0393026 0.0337477 0.0284379 0.0233463 0.0185189 0.0140654 0.0101305 0.00685133 0.00430952
 0.0087874 0.0142731 0.0214739 0.0303073 0.0404499 0.0511822 0.0613545 0.0696577 0.0750847 0.0772389 0.0762966 0.0727679 0.0672992 0.060589 0.0533294 0.0461115 0.0393263 0.0331335 0.027516 0.0223856 0.0176804 0.0134136 0.00966753 0.00654789 0.00412576
 0.00872257 0.0141623 0.021296 0.0300361 0.0400563 0.0506403 0.0606538 0.0688216 0.0741922 0.0764402 0.0758041 0.0728009 0.0679875 0.0618785 0.0549594 0.0477 0.0405276 0.0337714 0.0276192 0.0221218 0.017252 0.0129788 0.00931233 0.00629706 0.00396809
 0.00869166 0.0141089 0.0212094 0.0299034 0.0398634 0.0503745 0.0603066 0.0683911 0.0736865 0.0758857 0.0752577 0.0723599 0.0677804 0.0620244 0.0555052 0.0485709 0.0415335 0.0346792 0.0282512 0.0224198 0.0172723 0.0128367 0.00911907 0.00612435 0.00384417
 0.00867401 0.0140809 0.021168 0.0298455 0.0397851 0.0502706 0.0601705 0.0682155 0.0734654 0.0756168 0.0749476 0.0720318 0.0674811 0.0618248 0.0554835 0.0487784 0.0419579 0.0352331 0.028802 0.022847 0.0175167 0.0129114 0.00908326 0.00604395 0.00376526
 0.00865884 0.0140592 0.0211408 0.0298154 0.039755 0.0502418 0.0601413 0.0681802 0.0734149 0.0755403 0.0748355 0.0718801 0.0672974 0.0616339 0.055328 0.0487096 0.0420152 0.0354208 0.0290785 0.0231396 0.0177545 0.0130555 0.00913626 0.006036 0.00373166
 0.00867328 0.0140756 0.0211527 0.029813 0.0397288 0.0501877 0.0600636 0.0680911 0.0733287 0.0754667 0.0747752 0.0718255 0.0672382 0.0615641 0.0552534 0.0486496 0.0419977 0.0354689 0.0291957 0.0233033 0.0179245 0.0131933 0.00922201 0.0060723 0.00373527
 0.00864624 0.0140402 0.0211147 0.0297819 0.0397135 0.0501906 0.0600777 0.068102 0.0733226 0.0754373 0.0747268 0.0717688 0.067183 0.0615149 0.0552103 0.0486142 0.0419771 0.0354748 0.0292378 0.0233807 0.0180227 0.0132899 0.00929764 0.0061187 0.00375584
 0.0086241 0.0140024 0.0210552 0.0296956 0.0395999 0.0500572 0.0599416 0.067986 0.0732463 0.0754089 0.0747402 0.0718089 0.0672342 0.0615673 0.0552602 0.0486618 0.042025 0.0355275 0.0293003 0.0234554 0.018106 0.0133725 0.00936809 0.00616953 0.00378618
 0.00863519 0.0140171 0.021071 0.0297075 0.0396008 0.0500399 0.059901 0.0679217 0.0731648 0.0753231 0.0746655 0.0717578 0.0672111 0.0615684 0.0552769 0.0486859 0.0420521 0.0355573 0.029335 0.023497 0.0181542 0.0134232 0.00941498 0.00620689 0.00381147
 0.00863374 0.0140196 0.0210834 0.0297373 0.039654 0.0501165 0.0599917 0.0680088 0.0732276 0.0753457 0.074643 0.0716973 0.0671283 0.0614806 0.0551976 0.0486217 0.0420041 0.0355241 0.0293153 0.0234901 0.018159 0.0134369 0.00943317 0.00622481 0.00382569
 0.00862789 0.0140106 0.0210711 0.0297229 0.0396406 0.0501098 0.059999 0.0680366 0.073277 0.0754098 0.0747072 0.0717446 0.0671466 0.0614674 0.05516 0.048572 0.0419543 0.0354822 0.0292852 0.0234724 0.0181525 0.0134393 0.00944117 0.00623486 0.00383486
 0.00861068 0.0139825 0.0210286 0.0296633 0.0395631 0.0500171 0.0598991 0.0679427 0.0732051 0.0753741 0.0747153 0.0717939 0.067225 0.0615574 0.055245 0.0486416 0.042006 0.0355197 0.0293139 0.0234972 0.0181758 0.0134615 0.00946146 0.00625197 0.00384791
 0.00861068 0.0139825 0.0210286 0.0296633 0.0395631 0.0500171 0.0598991 0.0679427 0.0732051 0.0753741 0.0747153 0.0717939 0.067225 0.0615574 0.055245 0.0486416 0.042006 0.0355197 0.0293139 0.0234972 0.0181758 0.0134615 0.00946146 0.00625197 0.00384791
 0.00853927 0.0138685 0.0208615 0.0294359 0.0392747 0.0496773 0.0595312 0.0675829 0.0728966 0.0751569 0.0746167 0.0718237 0.0673742 0.0618014 0.0555488 0.0489681 0.0423231 0.0358054 0.0295572 0.0236958 0.0183324 0.0135808 0.00954858 0.00631233 0.00388708
 0.00863201 0.0140065 0.021045 0.0296549 0.0395098 0.0499019 0.0597147 0.0676955 0.0729159 0.0750758 0.0744478 0.0715969 0.0671284 0.0615733 0.055364 0.0488368 0.0422415 0.0357615 0.0295371 0.0236884 0.018331 0.0135824 0.00955178 0.00631623 0.00389088
 0.00887626 0.0144085 0.021656 0.0305175 0.0406387 0.051259 0.0611905 0.069116 0.0740821 0.0758198 0.0746782 0.0713145 0.0664121 0.0605508 0.0541784 0.0476187 0.0410913 0.0347422 0.0286787 0.0229965 0.0177964 0.0131877 0.00927554 0.00613462 0.00377983
 0.00869825 0.0141476 0.0213188 0.0301353 0.0402676 0.0509735 0.061072 0.0692326 0.0744618 0.0764283 0.0754169 0.0720465 0.0670068 0.0609231 0.0543071 0.0475389 0.0408706 0.0344547 0.0283848 0.0227351 0.0175853 0.0130298 0.00916532 0.0060628 0.00373637
 0.00832575 0.0135347 0.0203878 0.0288227 0.0385539 0.0489234 0.0588636 0.0671472 0.0728214 0.0755023 0.075342 0.0727948 0.068406 0.062716 0.0562238 0.0493587 0.0424561 0.0357519 0.0294008 0.0235072 0.018158 0.0134432 0.00945257 0.00625237 0.0038536
 0.00867147 0.0140433 0.0210497 0.0295839 0.039317 0.0495599 0.0592343 0.0671353 0.0723752 0.0746723 0.0742853 0.071731 0.0675429 0.06218 0.0560302 0.0494296 0.0426693 0.035994 0.0295994 0.0236368 0.0182262 0.0134707 0.00945937 0.00625144 0.00385122
 0.00833896 0.0135633 0.0204391 0.0288951 0.0386207 0.0489169 0.0586736 0.0666498 0.0719363 0.0742537 0.0738872 0.0713946 0.0673469 0.0622145 0.0563575 0.0500498 0.0435122 0.0369416 0.0305265 0.0244475 0.0188714 0.0139446 0.00978359 0.00645907 0.00397562
 0.00857 0.0138876 0.0208338 0.0293109 0.0390008 0.0492232 0.0589016 0.0668193 0.0720609 0.0743141 0.0738286 0.0711563 0.0669054 0.0616126 0.055699 0.0494617 0.0430952 0.0367351 0.0305051 0.0245452 0.0190159 0.0140827 0.00988956 0.00652893 0.00401652
 0.00846274 0.0137539 0.0207052 0.0292355 0.0390224 0.0493536 0.0591054 0.0670261 0.0722025 0.074359 0.0737902 0.0710688 0.0667916 0.0614728 0.0555272 0.0492704 0.0429233 0.036631 0.0304991 0.0246332 0.019164 0.0142465 0.0100336 0.00663615 0.00408603
 0.00898093 0.0145534 0.0218277 0.0306884 0.0407756 0.0513347 0.0611914 0.0690389 0.0739244 0.0755724 0.0743307 0.0708701 0.065902 0.0600356 0.0537356 0.0473217 0.0409895 0.0348481 0.0289631 0.0233962 0.0182332 0.013591 0.00960054 0.00636677 0.00392825
 0.00857989 0.0139811 0.0211152 0.0299187 0.0400654 0.050803 0.0609315 0.0691057 0.0743305 0.0762851 0.0752676 0.0719021 0.0668752 0.060809 0.0542202 0.0475004 0.0409105 0.0345991 0.0286402 0.0230799 0.0179741 0.0134085 0.00948887 0.00630736 0.00390079
 0.00852136 0.0138371 0.0208133 0.0293754 0.039224 0.0496847 0.0596692 0.0679263 0.0734837 0.0759532 0.0755062 0.072637 0.0679433 0.0620122 0.0553724 0.0484614 0.0416063 0.0350242 0.028843 0.0231352 0.0179555 0.0133695 0.00945752 0.0062913 0.0038966
#pred catch len freq
 0.00441097 0.00696892 0.0101451 0.013855 0.0180488 0.0226934 0.0277028 0.0328973 0.0380346 0.0428689 0.0471907 0.0508472 0.0537555 0.0559069 0.0573545 0.0581943 0.0585481 0.0585348 0.0581989 0.0573968 0.0557098 0.0525108 0.0472556 0.039889 0.0310815
 0.00458806 0.00718841 0.0103525 0.0139668 0.0179863 0.022431 0.0272979 0.0324764 0.0377358 0.0427752 0.0472965 0.0510758 0.054013 0.0561365 0.0575615 0.0584322 0.058875 0.058962 0.0586603 0.0577597 0.0558293 0.0523021 0.0467415 0.0391918 0.0303642
 0.00484712 0.007587 0.0109053 0.0146593 0.0187643 0.0231946 0.0279123 0.0328092 0.037715 0.0424351 0.0467721 0.0505396 0.0535936 0.0558748 0.0574281 0.0583792 0.0588753 0.0590077 0.05873 0.0577918 0.055732 0.0519996 0.0462249 0.0385342 0.0296879
 0.00508022 0.00795873 0.0114519 0.015411 0.0197397 0.0243892 0.0292795 0.0342426 0.0390487 0.0434744 0.0473538 0.0505963 0.0531835 0.0551526 0.0565727 0.0575254 0.0580873 0.0582924 0.058061 0.0571237 0.0550118 0.0511885 0.0453277 0.0376117 0.0288355
 0.00531554 0.0083281 0.0119851 0.016132 0.020669 0.0255441 0.0306668 0.0358432 0.0407975 0.0452455 0.0489624 0.0518289 0.0538567 0.0551771 0.0559863 0.0564725 0.0567551 0.0568421 0.0565898 0.0556661 0.0535671 0.0497571 0.0439391 0.0363308 0.0277422
 0.00563139 0.0088116 0.0126584 0.0169998 0.0217246 0.0267783 0.0320705 0.0374034 0.042488 0.0470151 0.0507215 0.0534416 0.0551466 0.0559591 0.0561188 0.0559082 0.0555597 0.0551678 0.0546184 0.0535575 0.0514393 0.0476989 0.0420332 0.0346627 0.0263858
 0.00602409 0.00941638 0.0135065 0.0180996 0.0230642 0.0283295 0.0337904 0.0392335 0.0443586 0.0488532 0.0524561 0.0549985 0.0564368 0.0568687 0.0565166 0.0556748 0.0546312 0.0535691 0.0524673 0.0510355 0.0487518 0.045044 0.039586 0.0325636 0.0247241
 0.00641791 0.010031 0.0143846 0.0192665 0.0245271 0.0300763 0.0357823 0.0413988 0.0465929 0.0510321 0.0544533 0.0567028 0.0577597 0.0577403 0.0568722 0.0554452 0.0537512 0.0520067 0.0502591 0.0483076 0.0457117 0.0419469 0.0366883 0.0300751 0.0227705
