SBPRF35
12.7214
Curr Bio
845092
B35
854474
F35
0.172322
FOFL
0.172322
OFL
120218
Bzero
3.63469e+006
#pred survey bio
 3.13327e+006 2.8515e+006 2.60965e+006 2.36405e+006 2.10726e+006 1.8515e+006 1.62365e+006 1.42217e+006 1.26084e+006 1.13863e+006 1.00634e+006 880266 792235 731723 671254 628651 589726 562697 542780 530128 525940 524820 515353 519638 517311 531701 538476 544390 557250 564179 577470 594443 610532 611680 620051 627325 635707 643980 651622 649797 656317 656752 655637 656464 662526 667893 681395 747195 801892 821612 819752 813534 818215 826441 830642 848396 847301 834313 831018 851189 1.98069e+007 1.81313e+007 1.84674e+007 1.93168e+007 2.04953e+007 2.17918e+007 2.30499e+007 2.41781e+007 2.51373e+007 2.59234e+007 2.65512e+007 2.70437e+007 2.74254e+007 2.77189e+007 2.79437e+007 2.81156e+007 2.8247e+007 2.83477e+007 2.84251e+007 2.84848e+007 2.8531e+007 2.8567e+007 2.85952e+007 2.86172e+007 2.86347e+007 2.86485e+007 2.86594e+007 2.86682e+007 2.86751e+007 2.86807e+007 2.86852e+007 2.86889e+007 2.86918e+007 2.86942e+007 2.86961e+007 2.86977e+007 2.8699e+007 2.87e+007 2.87008e+007 2.87015e+007 2.87021e+007 2.87026e+007 2.87029e+007 2.87032e+007 2.87035e+007 2.87037e+007 2.87039e+007 2.8704e+007 2.87041e+007 2.87042e+007 2.87043e+007 2.87043e+007 2.87044e+007 2.87044e+007 2.87045e+007 2.87045e+007 2.87045e+007 2.87045e+007 2.87045e+007 2.87046e+007 2.87046e+007 2.87046e+007 2.87046e+007 2.87046e+007 2.87046e+007 2.87046e+007 2.87046e+007 2.87046e+007 2.87046e+007 2.87046e+007 2.87046e+007 2.87046e+007 2.87046e+007 2.87046e+007 2.87046e+007 2.87046e+007 2.87046e+007 2.87046e+007 2.87046e+007 2.87046e+007 2.87046e+007 2.87046e+007 2.87046e+007 2.87046e+007 2.87046e+007 2.87046e+007 2.87046e+007 2.87046e+007 2.87046e+007 2.87046e+007 2.87046e+007 2.87046e+007 2.87046e+007 2.87046e+007 2.87046e+007 2.87046e+007 2.87046e+007 2.87046e+007 2.87046e+007 2.87046e+007 0 0 0 0 0 0 0 0 0 0 0 0 0 0 0 0 0 0 0 0 0 0 0 0 0
#obs survey bio
 2.936e+006 4.27248e+006 3.26884e+006 2.59208e+006 2.47069e+006 1.67299e+006 1.2569e+006 1.65192e+006 1.32231e+006 1.34418e+006 1.28305e+006 801851 977537 822139 635524 393695 955094 695915 443068 526950 388824 413127 463735 386626 404924 683744 679309 496400 606374 767965 495539 751063 670627 518287 733123 589362 854322 789173 584808 720608 541927 496375 617684 644218 672405 682155 643003 932342 1.1449e+006 774914 665134 745432 776185 996444 1.07946e+006 729952 918320 558796 958527 913027
#pred catch bio
 282118 265869 290003 318462 332986 320229 305421 274882 242994 251238 241815 204373 177109 172968 153318 145844 131534 122670 115008 107356 104678 111036 99146 105023 91629.1 98530 98650.1 92733.9 97850.3 92512.4 90186.1 91851.7 104667 98738.8 100709 100799 101661 102901 111559 105304 111659 113726 112793 109198 110391 104115 62306.3 74236.1 103526 120617 123964 115247 112914 116057 104077 120330 130161 121863 102758 112156 120218 120256 121268 125679 132796 140828 148586 155440 161148 165701 169222 171879 173848 175287 176326 177069 177597 177971 178233 178417 178545 178635 178697 178740 178770 178791 178805 178815 178822 178827 178830 178832 178833 178835 178835 178836 178836 178836 178837 178837 178837 178837 178837 178837 178837 178837 178837 178837 178837 178837 178837 178837 178837 178837 178837 178837 178837 178837 178837 178837 178837 178837 178837 178837 178837 178837 178837 178837 178837 178837 178837 178837 178837 178837 178837 178837 178837 178837 178837 178837 178837 178837 178837 178837 178837 178837 178837 178837 178837 178837 178837 178837 178837 178837 178837 178837 178837 178837 178837 178837 0 0 0 0 0 0 0 0 0 0 0 0 0 0 0 0 0 0 0 0 0 0 0 0 0
#obs catch bio
 227208 265102 289522 318978 333400 321189 309086 277426 244934 252062 241869 204070 176746 172524 153576 147229 131024 122325 115358 107656 105313 111532 99492.4 105902 92411.4 99194.1 98886.2 92577.4 98117.8 92325.2 90104.5 91501.4 104361 98307.6 100533 100930 101670 102441 111394 105104 111926 114255 113175 109852 111139 105029 62210.3 74176.7 103331 120360 123718 115360 112898 116251 103627 119969 130045 122224 102718 112217
#pred cpue bio
 3.08945e+006 2.80887e+006 2.56701e+006 2.32152e+006 2.06571e+006 1.81116e+006 1.58444e+006 1.38436e+006 1.22453e+006 1.10366e+006 973273 849190 762584 703308 644277 602766 565085 539020 519587 507103 502958 501945 492774 496942 494610 508742 515736 521860 534555 541490 554660 571353 587220 588391 596441 603396 611549 619743 627199 625205 631363 631592 630348 631025 636949 642328 655667 720705 775405 795231 792996 786271 790641 798954 803527 821219 820024 806938 803457 823395 1.9173e+007 1.75546e+007 1.77664e+007 1.84932e+007 1.96362e+007 2.09258e+007 2.21827e+007 2.33107e+007 2.42699e+007 2.5056e+007 2.56838e+007 2.61763e+007 2.6558e+007 2.68516e+007 2.70764e+007 2.72482e+007 2.73796e+007 2.74803e+007 2.75577e+007 2.76174e+007 2.76636e+007 2.76996e+007 2.77278e+007 2.77499e+007 2.77673e+007 2.77811e+007 2.77921e+007 2.78008e+007 2.78078e+007 2.78134e+007 2.78179e+007 2.78215e+007 2.78244e+007 2.78268e+007 2.78287e+007 2.78303e+007 2.78316e+007 2.78326e+007 2.78335e+007 2.78341e+007 2.78347e+007 2.78352e+007 2.78355e+007 2.78359e+007 2.78361e+007 2.78363e+007 2.78365e+007 2.78366e+007 2.78367e+007 2.78368e+007 2.78369e+007 2.7837e+007 2.7837e+007 2.7837e+007 2.78371e+007 2.78371e+007 2.78371e+007 2.78371e+007 2.78372e+007 2.78372e+007 2.78372e+007 2.78372e+007 2.78372e+007 2.78372e+007 2.78372e+007 2.78372e+007 2.78372e+007 2.78372e+007 2.78372e+007 2.78372e+007 2.78372e+007 2.78372e+007 2.78372e+007 2.78372e+007 2.78372e+007 2.78372e+007 2.78372e+007 2.78372e+007 2.78372e+007 2.78372e+007 2.78372e+007 2.78372e+007 2.78372e+007 2.78372e+007 2.78372e+007 2.78372e+007 2.78372e+007 2.78372e+007 2.78372e+007 2.78372e+007 2.78372e+007 2.78372e+007 2.78372e+007 2.78372e+007 2.78372e+007 2.78372e+007 2.78372e+007 2.78372e+007 2.78372e+007 2.78372e+007 0 0 0 0 0 0 0 0 0 0 0 0 0 0 0 0 0 0 0 0 0 0 0 0 0
#obs cpue bio
 3.03282e+006 2.65049e+006 1.96892e+006 1.53968e+006 1.86483e+006 1.63558e+006 1.0346e+006 1.23311e+006 1.0142e+006 1.35553e+006 916026 972254 626029 719436 506084 609495 682928 430344 444002 478467 498015 752323 450085 539297 411815 484532 520595 688883 397108 533104 595638 574571 610341 716704 449198 495335 502739 728592 634338 516308 589891 666408 691412 463438 575613 596219 613708 905990 816017 828360 981825 601994 925286 633414 864791 1.05661e+006 671099 828689 704103 894826
#pred surv len freq
 0.0047574 0.00780651 0.0119009 0.0170642 0.0231839 0.0299128 0.0366505 0.0427011 0.0475365 0.0509643 0.0530949 0.0541874 0.0545153 0.0543086 0.0537488 0.0529844 0.052149 0.051358 0.0506516 0.0498814 0.0486145 0.0461827 0.0419599 0.0357653 0.02812
 0.00520275 0.00845769 0.0127496 0.0180662 0.0242847 0.0310827 0.0378992 0.044058 0.0490031 0.0524744 0.0545123 0.0553491 0.0552951 0.0546628 0.0537191 0.0526584 0.0516024 0.0506076 0.0496425 0.0485211 0.0468422 0.0440408 0.0396206 0.0334886 0.026159
 0.00538884 0.0088191 0.0133966 0.0191228 0.0258415 0.033134 0.0403037 0.0465631 0.051334 0.0544332 0.0560218 0.0564192 0.0559543 0.054916 0.0535539 0.0520771 0.0506368 0.0493012 0.0480199 0.0465795 0.0445835 0.0415274 0.0370108 0.0310137 0.024048
 0.00558345 0.00912893 0.0138562 0.019774 0.0267419 0.0343581 0.0419239 0.0486067 0.0537328 0.0570006 0.0584843 0.0584983 0.0574509 0.0557473 0.0537319 0.0516591 0.0496885 0.047882 0.046182 0.0443733 0.0420746 0.0388253 0.0342881 0.0284874 0.0219206
 0.00584289 0.00955115 0.0144916 0.0206677 0.0279241 0.0358315 0.043656 0.0505363 0.0557884 0.0591127 0.060575 0.060455 0.0591152 0.0569408 0.0543071 0.0515411 0.0488808 0.0464431 0.0441966 0.0419399 0.0393136 0.0358967 0.0313962 0.0258564 0.0197402
 0.00615031 0.0100507 0.0152428 0.0217254 0.0293273 0.0375858 0.0457157 0.0527981 0.0581086 0.0613401 0.0625837 0.0621579 0.0604535 0.0578594 0.054736 0.0514001 0.0481049 0.0450111 0.0421457 0.0393659 0.0363682 0.0327826 0.0283534 0.0231253 0.0175076
 0.0063746 0.0104337 0.0158532 0.0226384 0.0306086 0.0392656 0.0477632 0.055113 0.0605365 0.0637041 0.0647174 0.0639287 0.061773 0.0586802 0.0550367 0.0511641 0.0473088 0.0436323 0.0401872 0.0368859 0.0334988 0.0297294 0.0253685 0.0204572 0.0153411
 0.00659145 0.0107878 0.0163905 0.0234064 0.0316519 0.0406158 0.0494241 0.057047 0.0626584 0.0658866 0.066806 0.0657641 0.0632164 0.0596328 0.0554451 0.0510114 0.0465968 0.0423695 0.0383931 0.0346132 0.0308601 0.0269089 0.0226026 0.0179836 0.0133366
 0.0067818 0.0110968 0.0168549 0.0240609 0.0325236 0.0417161 0.05074 0.0585384 0.0642648 0.0675363 0.0684214 0.06726 0.0644979 0.0606006 0.0560088 0.0511027 0.0461766 0.0414272 0.0369464 0.0327156 0.0286164 0.024484 0.0202075 0.015832 0.0115892
 0.00687357 0.0112567 0.0171157 0.0244603 0.0330968 0.042484 0.0516977 0.0596517 0.0654777 0.0687853 0.0696466 0.0684085 0.0655196 0.0614406 0.0566028 0.0513801 0.0460704 0.0408884 0.035958 0.031306 0.0268701 0.0225441 0.018259 0.0140631 0.0101433
 0.00706446 0.011567 0.0175826 0.0251182 0.0339705 0.0435774 0.0529819 0.0610598 0.0669127 0.0701382 0.0708187 0.0693281 0.0661501 0.0617761 0.056654 0.051156 0.0455664 0.0400872 0.0348444 0.0298902 0.025209 0.0207494 0.0164839 0.0124669 0.00884676
 0.00733833 0.0120044 0.0182256 0.0259994 0.0351054 0.0449532 0.0545462 0.0627177 0.0685388 0.0716009 0.0720032 0.0701533 0.0665753 0.0618013 0.0563124 0.0504991 0.044646 0.0389413 0.0334975 0.0283664 0.0235547 0.0190481 0.0148521 0.0110275 0.00769216
 0.0074565 0.0122066 0.0185487 0.0264837 0.0357859 0.0458455 0.0556327 0.0639435 0.0698198 0.0728403 0.073107 0.0710402 0.0671822 0.0620885 0.0562666 0.0501333 0.0439932 0.0380445 0.0324009 0.0271154 0.0222038 0.0176711 0.0135412 0.00987688 0.00677191
 0.00751571 0.0122967 0.018674 0.0266482 0.0359972 0.0461198 0.0559949 0.0644202 0.070426 0.0735662 0.0739113 0.0718549 0.0679257 0.0626805 0.0566422 0.0502509 0.0438382 0.0376275 0.031753 0.0262833 0.0212477 0.0166648 0.0125675 0.00901481 0.00607886
 0.00764472 0.0125028 0.0189765 0.02706 0.0365196 0.0467362 0.0566682 0.0650974 0.0710542 0.0741091 0.0743571 0.0722083 0.0681923 0.0628537 0.0567004 0.0501651 0.0435829 0.0371911 0.0311436 0.0255303 0.0204006 0.015788 0.0117322 0.00828579 0.00549994
 0.00761454 0.0124722 0.0189647 0.0270967 0.036638 0.0469611 0.0570045 0.0655267 0.0715385 0.074602 0.0748161 0.0726037 0.0685102 0.0630913 0.0568561 0.0502299 0.0435392 0.0370189 0.0308313 0.025085 0.0198518 0.0151855 0.0111364 0.00775394 0.00507195
 0.00770515 0.0125949 0.0191053 0.0272303 0.0367407 0.0470261 0.0570517 0.0655969 0.071674 0.0748234 0.0751106 0.0729316 0.0688222 0.0633467 0.0570316 0.0503165 0.0435338 0.0369177 0.0306301 0.0247853 0.0194694 0.0147529 0.0106985 0.00735633 0.00474842
 0.00789787 0.0128749 0.0194637 0.027634 0.037138 0.0473581 0.0572673 0.0656658 0.0715989 0.0746442 0.0748946 0.0727491 0.0687191 0.06333 0.0570742 0.0503758 0.0435687 0.0368984 0.0305393 0.0246178 0.0192327 0.0144684 0.0103984 0.00707563 0.0045151
 0.00803065 0.0130917 0.0197894 0.0280863 0.037716 0.0480291 0.0579582 0.0662724 0.0720143 0.0747971 0.0747759 0.0724135 0.0682616 0.0628505 0.0566459 0.0500302 0.0432995 0.0366768 0.0303318 0.0243997 0.0189939 0.0142144 0.0101461 0.00684691 0.00432801
 0.0080858 0.0131817 0.0199259 0.0282819 0.0379826 0.0483747 0.0583802 0.0667498 0.0725021 0.0752288 0.0750782 0.0725292 0.0681723 0.0625855 0.0562708 0.0496209 0.0429153 0.0363459 0.0300538 0.0241579 0.018771 0.0140019 0.00994695 0.00667112 0.0041858
 0.00804617 0.0131239 0.0198519 0.0281986 0.0379027 0.0483148 0.0583601 0.0667898 0.0726187 0.0754271 0.0753437 0.0728248 0.0684453 0.0627841 0.0563636 0.049608 0.042824 0.0362144 0.0299132 0.0240236 0.0186448 0.0138812 0.00983169 0.00656609 0.00409781
 0.00802048 0.013077 0.0197724 0.0280746 0.0377266 0.0480907 0.058109 0.0665489 0.0724333 0.0753377 0.0753746 0.0729775 0.0686969 0.0630916 0.0566743 0.049874 0.0430158 0.0363266 0.0299589 0.0240234 0.0186168 0.0138372 0.00977962 0.00651268 0.00404941
 0.00811901 0.0132262 0.0199758 0.0283258 0.0380086 0.0483763 0.0583632 0.0667348 0.0725222 0.0753202 0.075266 0.0728125 0.0685165 0.0629283 0.0565427 0.0497697 0.0429226 0.0362276 0.0298457 0.0238983 0.0184891 0.0137176 0.00967592 0.00642892 0.00398641
 0.00811387 0.013215 0.0199534 0.0282864 0.0379468 0.04829 0.0582558 0.0666152 0.0724023 0.0752126 0.0751819 0.0727617 0.0685078 0.062968 0.0566313 0.0498988 0.0430745 0.036379 0.0299749 0.0239914 0.0185431 0.0137384 0.00967399 0.00641496 0.00396889
 0.00809216 0.0131948 0.0199503 0.0283223 0.0380418 0.0484512 0.058468 0.0668426 0.0725998 0.0753419 0.0752229 0.0727161 0.0683944 0.0628155 0.0564704 0.0497548 0.0429624 0.0363012 0.0299239 0.023955 0.0185107 0.0137047 0.00963926 0.00638232 0.00394163
 0.00786008 0.0128362 0.0194476 0.0276768 0.0372793 0.0476258 0.0576626 0.0661582 0.0721315 0.0751494 0.0753131 0.0730466 0.0688943 0.0634094 0.0570954 0.050367 0.0435346 0.0368173 0.0303733 0.0243301 0.0188073 0.0139241 0.0097892 0.00647602 0.00399464
 0.00779656 0.0127177 0.019242 0.0273472 0.0367958 0.0469834 0.0568966 0.0653468 0.0713803 0.0745647 0.0749749 0.0729908 0.0691087 0.0638423 0.0576728 0.0510123 0.0441835 0.0374245 0.030911 0.0247835 0.0191706 0.0141987 0.00998295 0.00660234 0.00407
 0.00785217 0.0127874 0.0193072 0.0273745 0.0367419 0.0468052 0.0565641 0.0648546 0.0707568 0.0738742 0.07431 0.0724529 0.0687815 0.0637687 0.057846 0.0513832 0.0446795 0.0379702 0.0314436 0.0252597 0.0195662 0.0145054 0.0102043 0.00675014 0.00416064
 0.00773464 0.0126214 0.0191026 0.0271532 0.0365271 0.046607 0.0563698 0.0646324 0.0704724 0.0735122 0.0738887 0.0720253 0.0684227 0.0635543 0.0578288 0.0515775 0.0450576 0.0384728 0.0319982 0.025799 0.0200407 0.0148878 0.0104881 0.0069439 0.00428196
 0.0077237 0.0125887 0.0190277 0.0270121 0.0363039 0.0463073 0.0560284 0.0643034 0.0702045 0.0733238 0.0737607 0.0719192 0.0683103 0.0634396 0.0577483 0.0515808 0.0451818 0.0387239 0.0323483 0.0261979 0.0204337 0.0152315 0.0107583 0.00713626 0.00440609
 0.00770905 0.0125578 0.0189671 0.0269032 0.0361247 0.046039 0.0556638 0.0638564 0.069715 0.0728532 0.073376 0.0716697 0.0682106 0.0634709 0.0578769 0.0517801 0.0454418 0.0390445 0.0327239 0.0266072 0.0208414 0.0155995 0.0110584 0.00735717 0.0045528
 0.00761977 0.0124236 0.0187853 0.0266772 0.0358613 0.0457443 0.0553409 0.0635073 0.0693459 0.0724801 0.0730289 0.0713896 0.0680401 0.0634389 0.0579884 0.0520162 0.0457709 0.0394347 0.0331487 0.0270427 0.0212619 0.0159774 0.0113708 0.00759221 0.00471275
 0.00756608 0.0123309 0.0186366 0.0264555 0.0355562 0.0453603 0.0549028 0.0630574 0.0689304 0.0721346 0.0727696 0.0712186 0.0679559 0.0634451 0.0580928 0.052223 0.046073 0.039812 0.0335721 0.0274803 0.0216828 0.0163544 0.0116832 0.00782964 0.00487681
 0.00767004 0.012487 0.0188465 0.0267096 0.0358328 0.0456271 0.0551202 0.0631848 0.068937 0.0720094 0.0725255 0.0708871 0.0675771 0.0630595 0.057738 0.051932 0.0458714 0.0397131 0.0335737 0.0275651 0.0218233 0.0165195 0.0118444 0.00796658 0.00497944
 0.00767478 0.0125017 0.018881 0.0267759 0.0359405 0.0457762 0.0552958 0.0633571 0.069069 0.0720677 0.0724912 0.0707599 0.0673745 0.0628107 0.0574769 0.0516914 0.0456791 0.0395891 0.0335272 0.0275925 0.0219087 0.0166387 0.0119715 0.00808055 0.00506815
 0.00763318 0.0124435 0.0188114 0.026707 0.0358897 0.0457619 0.0553328 0.0634515 0.0692133 0.0722397 0.0726564 0.070881 0.0674228 0.0627758 0.0573689 0.0515368 0.045512 0.0394424 0.0334256 0.027548 0.0219195 0.0166911 0.0120458 0.00815705 0.00513296
 0.00755072 0.0123178 0.0186383 0.0264901 0.0356411 0.0455029 0.0550932 0.0632666 0.0691163 0.0722509 0.0727747 0.0710824 0.0676662 0.0630152 0.0575668 0.0516738 0.0455898 0.039479 0.033446 0.0275746 0.0219646 0.0167553 0.0121203 0.00822967 0.00519372
 0.0075845 0.0123504 0.0186469 0.0264412 0.0355013 0.0452558 0.0547522 0.0628765 0.0687408 0.0719535 0.0726017 0.0710531 0.067772 0.0632237 0.0578317 0.0519473 0.045835 0.0396776 0.0335984 0.0276928 0.0220634 0.0168446 0.0122025 0.00830166 0.00525127
 0.00761419 0.0124016 0.0187276 0.0265558 0.0356443 0.045404 0.0548639 0.0629015 0.0686424 0.0717292 0.0722913 0.0707252 0.0674975 0.063051 0.0577742 0.051987 0.0459354 0.0398001 0.0337149 0.0277906 0.0221421 0.0169094 0.012258 0.00834916 0.0052897
 0.00767914 0.0125082 0.0188896 0.0267863 0.0359515 0.0457857 0.0552994 0.0633477 0.0690361 0.0720002 0.0723824 0.0706131 0.0672042 0.0626385 0.0573222 0.0515658 0.045587 0.0395349 0.0335218 0.0276514 0.0220417 0.0168389 0.0122122 0.00832358 0.00527864
 0.00767626 0.0125044 0.0188861 0.0267862 0.0359612 0.045815 0.0553616 0.0634552 0.0691943 0.0721997 0.0725948 0.0707952 0.0673114 0.0626421 0.0572226 0.0513924 0.0453849 0.039346 0.0333713 0.0275454 0.0219739 0.0167988 0.0121907 0.00831402 0.00527629
 0.00767384 0.0125086 0.0189072 0.0268381 0.036057 0.0459612 0.0555529 0.0636754 0.0694218 0.0724144 0.0727815 0.0709412 0.0674024 0.0626618 0.0571581 0.0512431 0.0451682 0.0390943 0.0331213 0.0273263 0.0218009 0.0166738 0.0121073 0.00826247 0.00524709
 0.0077028 0.0125504 0.0189608 0.0269007 0.0361269 0.0460406 0.0556494 0.0637981 0.0695749 0.0725916 0.0729649 0.071107 0.0675277 0.0627292 0.0571571 0.0511701 0.0450278 0.0389015 0.0329006 0.0271062 0.0216059 0.0165185 0.0119953 0.00818895 0.0052031
 0.00766503 0.0125016 0.0189105 0.0268644 0.0361211 0.0460755 0.0557232 0.0638993 0.0696894 0.0727102 0.0730854 0.0712297 0.0676485 0.0628371 0.057236 0.0512043 0.0450077 0.0388271 0.0327825 0.0269632 0.0214601 0.016389 0.0118934 0.0081175 0.00515817
 0.00759409 0.0123879 0.0187436 0.026639 0.0358415 0.0457608 0.0554099 0.0636351 0.0695197 0.0726626 0.0731621 0.0714107 0.0679031 0.0631323 0.057541 0.0514914 0.0452531 0.0390142 0.0329048 0.0270259 0.0214773 0.0163788 0.0118722 0.00809646 0.00514249
 0.00758617 0.0123662 0.0186944 0.0265443 0.0356836 0.04553 0.0551125 0.0632971 0.0691838 0.0723794 0.0729773 0.0713537 0.0679792 0.0633236 0.0578131 0.0518033 0.0455657 0.0392958 0.0331343 0.0271943 0.021587 0.016441 0.0119019 0.00810754 0.00514503
 0.00742717 0.0121326 0.0183885 0.0261828 0.0352909 0.0451281 0.0547153 0.0629127 0.068823 0.0720636 0.0727401 0.0712339 0.0680082 0.063513 0.0581486 0.0522472 0.0460664 0.0397998 0.0335966 0.0275844 0.0218913 0.0166607 0.0120488 0.00819865 0.00519751
 0.00699484 0.0114351 0.0173527 0.024755 0.0334602 0.042957 0.0523609 0.0606169 0.0668604 0.070668 0.0720492 0.0712738 0.0687142 0.0647628 0.059792 0.0541264 0.0480298 0.0417127 0.0353499 0.0291013 0.0231301 0.0176133 0.012736 0.00866119 0.00548635
 0.00693158 0.0112859 0.017042 0.0241824 0.0325235 0.041591 0.0505771 0.0585238 0.0646534 0.0685955 0.0703633 0.0701809 0.0683348 0.0651128 0.0607907 0.0556242 0.0498436 0.043656 0.0372555 0.0308359 0.0246034 0.0187816 0.0135988 0.00925227 0.0058601
 0.00711754 0.0115737 0.0174435 0.0246862 0.0330823 0.0421101 0.0509141 0.0585132 0.0641589 0.0675714 0.0688929 0.0684684 0.0666524 0.0637271 0.0598962 0.0553059 0.0500739 0.0443205 0.0381925 0.031877 0.025605 0.019644 0.014272 0.00973092 0.00617017
 0.00725434 0.0118147 0.017839 0.0252903 0.0339344 0.0432058 0.0521783 0.0597904 0.0652343 0.0682183 0.068934 0.0678326 0.0654075 0.0620737 0.0581175 0.0536897 0.0488374 0.0435651 0.0379015 0.0319473 0.0258952 0.0200186 0.0146307 0.0100185 0.00637101
 0.00723048 0.0118028 0.0178724 0.0254209 0.0342246 0.0437126 0.0529321 0.0607766 0.0663795 0.0693864 0.0699393 0.0684748 0.0655266 0.0616064 0.0571305 0.0523696 0.0474358 0.042322 0.0369778 0.0313947 0.0256684 0.0200168 0.014744 0.0101612 0.00649372
 0.00709488 0.0115938 0.0175816 0.0250546 0.0338098 0.0433032 0.0526102 0.0606416 0.0665216 0.0698509 0.0706962 0.0694104 0.0664628 0.0623466 0.0575201 0.0523488 0.0470618 0.0417454 0.0363825 0.0309299 0.025405 0.0199445 0.0148012 0.0102747 0.00660803
 0.00695484 0.0113701 0.0172532 0.0246066 0.0332398 0.0426297 0.0518815 0.0599395 0.0659529 0.0695263 0.0707025 0.069781 0.0671573 0.0632481 0.0584589 0.0531515 0.0476082 0.0420069 0.0364221 0.0308616 0.025338 0.0199412 0.0148681 0.0103819 0.00671827
 0.00699344 0.011404 0.0172507 0.0245207 0.0330202 0.0422423 0.0513273 0.0592603 0.0652252 0.0688465 0.0701715 0.0694887 0.0671639 0.0635641 0.0590312 0.0538683 0.0483293 0.0426104 0.0368447 0.0311114 0.0254726 0.0200274 0.0149499 0.010471 0.00680521
 0.00702993 0.011453 0.0173035 0.0245579 0.0330105 0.0421451 0.0510989 0.0588676 0.064663 0.0681528 0.06943 0.0688137 0.0666728 0.0633462 0.0591241 0.054246 0.0489074 0.0432703 0.0374711 0.0316277 0.0258554 0.0202957 0.0151387 0.0106096 0.00690893
 0.00709954 0.0115741 0.0174993 0.024851 0.033413 0.0426438 0.0516435 0.0593712 0.0650197 0.0682679 0.0692514 0.0683526 0.0660059 0.0625979 0.0584322 0.053722 0.0486059 0.0431797 0.0375294 0.0317548 0.0259859 0.0203967 0.0152065 0.0106545 0.0069414
 0.00716117 0.0116814 0.0176742 0.0251193 0.0337992 0.0431621 0.0522862 0.0600996 0.0657613 0.0689231 0.0697107 0.0685226 0.0658384 0.0621112 0.0577117 0.052898 0.0478139 0.0425205 0.0370467 0.0314376 0.0257919 0.0202791 0.0151321 0.0106062 0.0069118
 0.0070946 0.0115887 0.0175642 0.0250124 0.0337252 0.0431547 0.0523775 0.0603131 0.066105 0.0693809 0.0702355 0.0690374 0.0662501 0.0623356 0.0577023 0.0526653 0.0474237 0.0420696 0.0366271 0.0311077 0.0255672 0.0201438 0.0150579 0.0105679 0.00689287
 0.00692307 0.0113128 0.0171565 0.0244544 0.0330176 0.0423302 0.0515097 0.0595131 0.065498 0.0690726 0.0702815 0.0694284 0.0669142 0.0631555 0.0585443 0.053413 0.0480074 0.042478 0.036896 0.0312924 0.0257141 0.0202758 0.0151772 0.0106673 0.0069668
#obs surv len freq
 0.0049669 0.00813558 0.0123743 0.017696 0.0239737 0.0308411 0.0376724 0.043745 0.0485112 0.0517734 0.0536534 0.0544377 0.0544446 0.0539678 0.0532639 0.0525434 0.0519497 0.0515174 0.0511084 0.050354 0.0486722 0.0454322 0.0402571 0.0333162 0.0253926
 0.00517445 0.00847697 0.0128957 0.0184434 0.0249848 0.0321312 0.0392199 0.0454849 0.0503419 0.0535748 0.0553053 0.0558325 0.0554933 0.0546009 0.0534309 0.0522135 0.0511157 0.0502022 0.0493722 0.0482986 0.0464393 0.043192 0.0381847 0.0315577 0.024033
 0.00539361 0.00883465 0.0134369 0.0192118 0.0260155 0.0334389 0.0407859 0.0472511 0.0522172 0.0554498 0.0570669 0.0573734 0.0567168 0.055424 0.0537862 0.0520514 0.0504074 0.048947 0.0476095 0.0461199 0.0439943 0.0406785 0.0358178 0.0295241 0.0224476
 0.00563621 0.00923151 0.0140386 0.0200669 0.0271608 0.034885 0.0425021 0.0491613 0.0542121 0.0574089 0.0588775 0.0589392 0.057957 0.0562693 0.0541753 0.0519309 0.0497356 0.0477039 0.0458125 0.0438438 0.0413845 0.0379459 0.0332057 0.0272535 0.0206619
 0.0058883 0.00964459 0.0146664 0.0209614 0.0283624 0.0364063 0.0443117 0.0511778 0.0563154 0.0594638 0.0607569 0.0605377 0.0591942 0.0570864 0.0545278 0.0517806 0.049048 0.0464548 0.0440055 0.0415358 0.0387074 0.0351082 0.0304619 0.0248446 0.018752
 0.00615601 0.010081 0.0153254 0.0218939 0.0296069 0.0379735 0.0461685 0.0532412 0.0584636 0.0615586 0.0626659 0.0621488 0.0604212 0.0578688 0.0548262 0.051569 0.0483067 0.0451703 0.0421832 0.0392246 0.0360258 0.0322534 0.0276843 0.0223899 0.0167934
 0.0063928 0.0104736 0.0159303 0.0227684 0.0307967 0.0394946 0.0479886 0.0552746 0.060584 0.0636249 0.0645462 0.0637328 0.0616244 0.0586309 0.0551077 0.0513461 0.0475658 0.0439066 0.0404088 0.0369885 0.0334381 0.0294969 0.0249948 0.0200033 0.0148807
 0.0066153 0.0108392 0.016488 0.023567 0.0318767 0.0408737 0.0496461 0.0571436 0.0625586 0.0655777 0.0663481 0.0652686 0.0628018 0.0593838 0.0553951 0.0511457 0.0468682 0.042713 0.038737 0.0348891 0.0310153 0.0269191 0.0224786 0.0177669 0.0130839
 0.00684431 0.0112115 0.0170485 0.0243573 0.0329273 0.0421919 0.0512032 0.0588705 0.0643555 0.0673325 0.0679532 0.0666302 0.0638429 0.0600452 0.055635 0.0509389 0.0462037 0.0415928 0.0371811 0.0329479 0.0287868 0.0245569 0.0201779 0.0157235 0.0114417
 0.00706886 0.0115818 0.017615 0.0251688 0.0340194 0.0435697 0.052825 0.0606447 0.0661568 0.0690295 0.0694331 0.0678106 0.064671 0.0604914 0.0556849 0.0505872 0.0454507 0.0404459 0.0356616 0.0311037 0.0267072 0.0223792 0.0180746 0.0138657 0.0099537
 0.00728101 0.0119286 0.0181403 0.0259146 0.0350178 0.0448291 0.0543162 0.0622942 0.067855 0.0706499 0.0708545 0.0689341 0.0654302 0.0608536 0.0556459 0.0501605 0.0446579 0.0393111 0.0342152 0.0293944 0.0248156 0.0204248 0.0162047 0.0122252 0.00864586
 0.00745233 0.0122126 0.0185778 0.0265466 0.0358764 0.0459241 0.0556214 0.0637435 0.0693519 0.0720866 0.0721285 0.0699593 0.0661412 0.061209 0.0556286 0.0497761 0.0439284 0.0382692 0.0329021 0.0278643 0.0231455 0.0187195 0.0145885 0.0108172 0.00752932
 0.00751301 0.0123153 0.0187407 0.0267916 0.0362278 0.0464045 0.0562454 0.0645113 0.0702442 0.0730622 0.0731268 0.0709057 0.0669568 0.0618209 0.0559792 0.0498284 0.043668 0.0377038 0.03206 0.026795 0.0219212 0.0174348 0.0133516 0.00972972 0.00666198
 0.00757818 0.012412 0.0188698 0.0269496 0.0364105 0.0466122 0.0564866 0.0648022 0.0706038 0.073505 0.073654 0.0714988 0.067575 0.0624049 0.0564595 0.050138 0.0437538 0.0375355 0.0316353 0.0261415 0.0210959 0.0165196 0.0124413 0.00891368 0.0060034
 0.00767563 0.0125611 0.0190764 0.0272113 0.0367161 0.0469424 0.0568155 0.0651028 0.070857 0.0737087 0.0738252 0.0716659 0.0677631 0.0626203 0.0566828 0.0503259 0.043851 0.0374896 0.0314119 0.0257354 0.0205357 0.0158641 0.0117671 0.00829644 0.00549872
 0.00772732 0.0126451 0.0192023 0.0273869 0.0369443 0.0472172 0.0571192 0.0654066 0.0711276 0.0739191 0.0739637 0.0717403 0.0677968 0.0626422 0.0567139 0.0503682 0.0438831 0.0374729 0.0313048 0.0255104 0.0201923 0.0154325 0.0113004 0.00785428 0.00512862
 0.00778864 0.0127377 0.0193285 0.0275449 0.0371293 0.0474234 0.05734 0.0656335 0.0713485 0.074117 0.0741206 0.0718414 0.067837 0.0626293 0.0566658 0.0503042 0.0438134 0.0373919 0.0311926 0.0253433 0.0199574 0.0151379 0.0109754 0.00753904 0.00485933
 0.00782219 0.0127902 0.0194036 0.0276438 0.0372504 0.047561 0.057485 0.0657746 0.0714759 0.0742252 0.0742086 0.0719099 0.0678854 0.0626546 0.0566659 0.0502805 0.0437702 0.0373314 0.0311112 0.0252316 0.0198066 0.0149488 0.0107625 0.00732713 0.00467368
 0.00786483 0.0128551 0.0194929 0.0277567 0.0373828 0.0477066 0.0576352 0.065919 0.0716029 0.074325 0.074275 0.0719422 0.067887 0.0626314 0.0566233 0.0502224 0.0436987 0.0372478 0.0310148 0.0251198 0.0196765 0.0148011 0.010605 0.00717383 0.00454002
 0.0078977 0.0129048 0.0195607 0.0278409 0.0374793 0.0478095 0.0577375 0.0660133 0.0716827 0.0743861 0.0743158 0.0719632 0.0678902 0.0626189 0.0565973 0.0501847 0.0436507 0.0371898 0.0309463 0.0250393 0.0195835 0.0146971 0.0104954 0.00706779 0.00444749
 0.00789106 0.0128937 0.0195435 0.0278162 0.0374464 0.0477693 0.0576933 0.0659709 0.0716496 0.0743696 0.0743212 0.0719927 0.0679418 0.0626871 0.0566738 0.0502607 0.043718 0.0372419 0.0309787 0.0250495 0.0195709 0.014664 0.0104476 0.0070134 0.00439542
 0.0078959 0.0128944 0.0195313 0.0277792 0.0373732 0.0476549 0.0575434 0.0658029 0.0714877 0.074238 0.0742385 0.0719684 0.0679762 0.0627727 0.0567975 0.0504061 0.0438684 0.0373826 0.031098 0.0251402 0.01963 0.014693 0.0104517 0.00700084 0.00437506
 0.00789726 0.0128956 0.0195308 0.0277738 0.0373574 0.0476207 0.0574823 0.0657083 0.0713603 0.0740889 0.0740888 0.071844 0.0678996 0.0627567 0.0568422 0.0505009 0.043996 0.0375234 0.0312339 0.0252571 0.0197196 0.0147526 0.0104841 0.00701238 0.00437373
 0.00788473 0.0128741 0.0194966 0.0277229 0.0372871 0.047531 0.0573764 0.0655928 0.0712427 0.0739758 0.073986 0.0717583 0.0678406 0.0627355 0.0568678 0.0505756 0.0441133 0.0376687 0.0313888 0.0254036 0.0198435 0.0148466 0.0105472 0.00704903 0.00439121
 0.00790725 0.0129024 0.0195237 0.0277372 0.0372753 0.0474831 0.0572903 0.0654752 0.0711068 0.0738374 0.0738591 0.0716533 0.067764 0.0626915 0.0568597 0.0506058 0.0441811 0.0377686 0.0315097 0.0255304 0.0199614 0.0149441 0.010619 0.00709582 0.00441782
 0.00787717 0.0128596 0.0194703 0.027678 0.0372148 0.0474222 0.0572246 0.0653969 0.0710106 0.0737256 0.0737432 0.0715504 0.0676909 0.062659 0.0568712 0.0506588 0.0442699 0.0378854 0.0316444 0.0256709 0.0200946 0.0150587 0.0107081 0.00715804 0.00445661
 0.00786421 0.0128337 0.0194231 0.0276 0.0370998 0.0472722 0.0570527 0.0652254 0.0708621 0.0736145 0.0736725 0.0715149 0.0676841 0.0626784 0.0569181 0.0507349 0.0443743 0.0380134 0.0317876 0.0258186 0.0202352 0.0151817 0.0108064 0.00722924 0.00450308
 0.00781892 0.0127632 0.0193224 0.0274663 0.0369322 0.0470723 0.0568262 0.0649844 0.0706266 0.0734101 0.0735245 0.0714412 0.0676901 0.0627565 0.0570526 0.0509086 0.0445726 0.0382244 0.032001 0.0260241 0.0204223 0.0153414 0.0109328 0.00732123 0.00456403
 0.00781112 0.0127431 0.0192788 0.0273848 0.0367999 0.0468839 0.0565894 0.0647196 0.0703614 0.0731717 0.0733351 0.0713163 0.0676392 0.0627826 0.0571511 0.0510673 0.044774 0.0384497 0.0322328 0.0262473 0.0206249 0.0155139 0.0110697 0.00742145 0.00463116
 0.00777314 0.0126868 0.0192036 0.0272925 0.0366921 0.0467595 0.0564441 0.0645491 0.0701668 0.0729641 0.0731354 0.0711507 0.0675311 0.0627471 0.0571928 0.0511806 0.0449457 0.0386612 0.0324636 0.0264777 0.0208377 0.0156969 0.0112156 0.00752879 0.00470352
 0.00774639 0.0126387 0.0191232 0.0271684 0.0365165 0.0465345 0.0561851 0.0642824 0.0699212 0.0727613 0.0729855 0.071055 0.0674889 0.0627601 0.0572642 0.0513113 0.0451304 0.0388877 0.0327139 0.0267313 0.0210752 0.0159026 0.0113804 0.00765034 0.00478559
 0.00771604 0.0125878 0.0190438 0.0270515 0.036354 0.0463219 0.0559251 0.0639883 0.069617 0.0724781 0.0727553 0.0709023 0.0674258 0.0627854 0.0573678 0.0514799 0.0453503 0.0391448 0.0329919 0.0270115 0.0213383 0.0161321 0.0115653 0.00778738 0.00487846
 0.00770006 0.0125621 0.0190053 0.0269969 0.0362798 0.0462244 0.0558012 0.0638365 0.0694394 0.0722823 0.0725552 0.0707182 0.0672806 0.062699 0.0573522 0.0515368 0.0454724 0.0393185 0.0332003 0.0272359 0.0215594 0.0163323 0.0117317 0.00791377 0.00496583
 0.0076617 0.0125031 0.018923 0.0268911 0.0361531 0.0460814 0.0556489 0.0636829 0.0692924 0.0721478 0.0724369 0.0706189 0.067205 0.062655 0.0573498 0.0515846 0.0455737 0.0394692 0.0333888 0.0274452 0.0217704 0.0165269 0.0118958 0.00804013 0.0050542
 0.00764122 0.0124702 0.0188742 0.0268239 0.0360664 0.0459772 0.0555325 0.0635629 0.0691783 0.0720474 0.0723542 0.0705542 0.0671569 0.0626234 0.0573377 0.0515982 0.0456201 0.0395529 0.0335084 0.027592 0.02193 0.0166827 0.0120331 0.00814937 0.00513262
 0.00761681 0.012431 0.0188162 0.026744 0.0359632 0.045852 0.0553908 0.0634149 0.0690369 0.0719258 0.0722626 0.0704982 0.0671366 0.062635 0.0573757 0.0516583 0.0457006 0.0396542 0.0336303 0.0277309 0.0220775 0.0168267 0.0121613 0.00825274 0.00520782
 0.00760882 0.0124171 0.0187935 0.0267091 0.0359129 0.0457843 0.0553062 0.0633166 0.068931 0.0718203 0.0721665 0.07042 0.067083 0.0626099 0.0573796 0.051689 0.0457548 0.0397287 0.0337224 0.0278371 0.022192 0.0169408 0.0122655 0.00833896 0.00527208
 0.00758683 0.0123844 0.0187499 0.0266563 0.0358533 0.0457203 0.0552392 0.0632472 0.0688601 0.0717498 0.0720998 0.0703619 0.0670393 0.0625857 0.0573786 0.0517126 0.0458019 0.0397965 0.0338068 0.0279334 0.022294 0.0170414 0.0123569 0.00841489 0.00532915
 0.00757912 0.012371 0.0187284 0.0266241 0.0358091 0.0456653 0.0551775 0.0631852 0.0688042 0.0717037 0.0720634 0.0703329 0.0670157 0.0625677 0.0573691 0.0517156 0.0458212 0.0398337 0.033861 0.0280012 0.0223701 0.0171191 0.0124294 0.00847623 0.00537605
 0.00753091 0.0122968 0.0186245 0.0264903 0.0356486 0.0454849 0.0549883 0.0630025 0.0686454 0.0715856 0.0719979 0.070324 0.0670591 0.0626531 0.0574835 0.0518472 0.0459615 0.0399772 0.0340041 0.0281403 0.022501 0.0172367 0.012529 0.00855473 0.00543297
 0.00755036 0.0123226 0.0186525 0.026513 0.0356572 0.0454722 0.0549514 0.0629433 0.0685697 0.0715004 0.071911 0.0702438 0.0669935 0.0626083 0.0574629 0.0518506 0.0459857 0.0400181 0.0340575 0.0282022 0.022567 0.0173021 0.0125887 0.00860472 0.00547096
 0.00752942 0.0122963 0.0186268 0.0264972 0.0356599 0.045496 0.0549895 0.0629806 0.0685894 0.0714915 0.0718724 0.0701833 0.0669238 0.0625424 0.057411 0.0518189 0.0459764 0.0400299 0.0340868 0.0282442 0.0226163 0.0173533 0.0126367 0.00864555 0.00550238
 0.00753012 0.0122922 0.0186118 0.0264638 0.0356035 0.0454194 0.0549053 0.0629079 0.0685452 0.0714817 0.0718897 0.0702118 0.0669484 0.0625559 0.0574148 0.0518203 0.0459833 0.0400478 0.0341173 0.0282853 0.022664 0.0174024 0.0126824 0.00868404 0.00553171
 0.00748875 0.0122345 0.0185421 0.0263912 0.0355376 0.0453657 0.0548621 0.0628689 0.0685057 0.0714442 0.0718631 0.0702059 0.0669668 0.0625937 0.0574625 0.0518692 0.0460298 0.0400927 0.0341635 0.0283344 0.0227151 0.0174526 0.0127279 0.00872181 0.00556015
 0.00747579 0.0122042 0.0184802 0.0262812 0.0353676 0.0451377 0.0545979 0.0626065 0.0682865 0.071298 0.0718004 0.0702202 0.0670437 0.062717 0.0576168 0.05204 0.0462035 0.040259 0.0343158 0.02847 0.022833 0.0175519 0.0128079 0.00878239 0.0056027
 0.00748681 0.0122237 0.0185116 0.026326 0.0354223 0.0451903 0.0546279 0.0625912 0.0682118 0.0711683 0.0716392 0.0700616 0.0669174 0.0626398 0.0575908 0.0520571 0.0462515 0.0403251 0.0343896 0.0285437 0.0229015 0.0176122 0.0128581 0.00882159 0.00563104
 0.00748681 0.0122237 0.0185116 0.026326 0.0354223 0.0451903 0.0546279 0.0625912 0.0682118 0.0711683 0.0716392 0.0700616 0.0669174 0.0626398 0.0575908 0.0520571 0.0462515 0.0403251 0.0343896 0.0285437 0.0229015 0.0176122 0.0128581 0.00882159 0.00563104
 0.00708956 0.0115942 0.0175975 0.0250978 0.0338882 0.0434141 0.0527418 0.0607865 0.0666994 0.0701244 0.0711642 0.0701683 0.0675475 0.0636888 0.0589321 0.0535605 0.047798 0.0418161 0.0357515 0.0297282 0.0238829 0.0183846 0.0134322 0.00922151 0.00588992
 0.00703845 0.0114667 0.0173241 0.0245873 0.033052 0.0422042 0.0511865 0.0590024 0.0648722 0.0684681 0.0698762 0.0693937 0.0673571 0.0640739 0.0598146 0.0548152 0.0492778 0.0433766 0.0372673 0.0311035 0.0250551 0.0193239 0.0141376 0.00971545 0.00621023
 0.00715991 0.0116685 0.0176308 0.0250111 0.0335735 0.0427515 0.0516274 0.0591688 0.064618 0.0677353 0.0687323 0.0680188 0.0659877 0.0629333 0.0590586 0.0545065 0.0493905 0.0438197 0.0379177 0.0318365 0.025767 0.0199431 0.0146278 0.0100704 0.0064454
 0.00725141 0.0118354 0.0179152 0.0254623 0.0342339 0.0436335 0.052688 0.0602958 0.0656376 0.0684455 0.0689567 0.067665 0.0650876 0.0616436 0.0576162 0.0531564 0.0483181 0.0431138 0.0375713 0.0317752 0.0258874 0.0201464 0.0148401 0.010249 0.00657471
 0.00724298 0.0118325 0.0179325 0.0255247 0.0343758 0.0438946 0.0531048 0.0608869 0.0663857 0.0692813 0.0697549 0.0682645 0.0653364 0.0614545 0.057007 0.052252 0.0473096 0.0421931 0.0368722 0.0313459 0.0256998 0.0201284 0.0149116 0.0103468 0.0066617
 0.0071939 0.0117567 0.0178269 0.0253915 0.0342259 0.0437505 0.0530028 0.0608749 0.0665136 0.0695833 0.0702297 0.06886 0.0659489 0.0619504 0.0572643 0.0522083 0.0469904 0.0417032 0.0363522 0.0309168 0.025425 0.0200079 0.0149029 0.0103956 0.00672431
 0.00706993 0.0115548 0.0175235 0.0249673 0.0336738 0.0430862 0.052274 0.0601624 0.0659183 0.0692045 0.0701417 0.0690929 0.0664769 0.0626896 0.0580863 0.0529721 0.0475852 0.0420835 0.0365454 0.0309983 0.0254751 0.0200776 0.015003 0.0105094 0.00682836
 0.00705059 0.0115138 0.0174435 0.0248254 0.0334453 0.0427527 0.0518324 0.0596316 0.0653417 0.0686471 0.069682 0.0688093 0.066429 0.0628987 0.0585223 0.0535553 0.0482072 0.0426416 0.0369761 0.0312919 0.0256644 0.0202088 0.0151107 0.0106064 0.00691229
 0.00702386 0.0114726 0.0173849 0.0247463 0.03334 0.0426112 0.0516404 0.0593745 0.065012 0.0682536 0.069256 0.0684045 0.0661131 0.0627372 0.0585584 0.0537925 0.048603 0.0431193 0.0374511 0.0317001 0.0259786 0.0204352 0.0152715 0.0107229 0.00699737
 0.00708527 0.0115687 0.0175224 0.0249276 0.0335618 0.0428616 0.0518961 0.0596 0.0651639 0.0682894 0.0691466 0.0681461 0.0657346 0.0622984 0.0581373 0.0534627 0.0484108 0.0430698 0.0375108 0.031816 0.0261019 0.0205372 0.0153451 0.0107735 0.00703267
 0.00709718 0.0115973 0.0175821 0.0250368 0.0337372 0.0431098 0.0522065 0.0599428 0.0654954 0.0685611 0.0693142 0.0681769 0.065614 0.0620368 0.0577727 0.0530558 0.0480297 0.0427693 0.0373164 0.0317202 0.0260756 0.0205467 0.0153656 0.0107927 0.00704745
 0.00705577 0.0115323 0.0174898 0.0249179 0.0336001 0.0429732 0.0520994 0.0598988 0.0655406 0.0687015 0.0695287 0.0684215 0.0658351 0.062187 0.0578253 0.0530126 0.0479196 0.0426372 0.0372057 0.0316577 0.0260646 0.0205727 0.0154078 0.0108346 0.00708046
 0.00694401 0.011347 0.0172051 0.0245104 0.0330574 0.0423064 0.0513535 0.0591537 0.0648963 0.0682532 0.0693415 0.0685137 0.0661752 0.062704 0.0584295 0.0536199 0.048472 0.0431105 0.0376038 0.0319975 0.0263606 0.0208292 0.0156207 0.0109988 0.00719603
#pred catch len freq
 0.00369883 0.00597319 0.00895009 0.0126511 0.0170927 0.0222369 0.0279243 0.033863 0.0396884 0.0450405 0.0496189 0.0532199 0.0557646 0.0573015 0.057979 0.0580074 0.0576263 0.0570632 0.056447 0.0556736 0.054299 0.0515996 0.0468879 0.039968 0.0314251
 0.00407868 0.00653001 0.00967937 0.0135201 0.0180635 0.023296 0.0290943 0.0351806 0.0411584 0.0465962 0.0511201 0.0544962 0.0566798 0.0578017 0.0580976 0.0578259 0.057215 0.0564304 0.0555257 0.0543568 0.0525151 0.0493908 0.04444 0.0375643 0.0293434
 0.00427838 0.00688787 0.0102756 0.0144404 0.0193682 0.0249805 0.031064 0.0372684 0.0431832 0.0484255 0.0526909 0.0557838 0.0576515 0.0583994 0.0582623 0.0575348 0.056492 0.05532 0.0540533 0.0525168 0.0503053 0.0468732 0.0417813 0.0350134 0.02715
 0.00450088 0.00723728 0.0107843 0.0151453 0.0203215 0.0262541 0.0327326 0.0393662 0.0456506 0.0510822 0.0552652 0.0579935 0.0592883 0.059367 0.0585562 0.0571964 0.0555749 0.0538776 0.0521373 0.0501802 0.0476192 0.0439577 0.0388267 0.0322603 0.0248245
 0.00478193 0.00768336 0.0114357 0.0160331 0.0214653 0.0276584 0.034386 0.0412446 0.0477228 0.0533056 0.057563 0.0602277 0.0612572 0.0608458 0.0593601 0.0572285 0.0548312 0.052419 0.0500562 0.0475854 0.0446441 0.0407798 0.0356731 0.0293806 0.0224315
 0.0050985 0.00818671 0.0121733 0.0170447 0.0227792 0.0292842 0.0363025 0.0433906 0.0499993 0.0555922 0.0597399 0.0621896 0.0629106 0.0620935 0.0600904 0.0573259 0.0542066 0.0510402 0.0479617 0.0448826 0.0415029 0.0374268 0.0323761 0.0264083 0.0199937
 0.00534979 0.00859939 0.0128032 0.0179493 0.0240098 0.030872 0.0382402 0.0456196 0.0524101 0.0580374 0.062056 0.0642212 0.0645319 0.0632173 0.0606606 0.0572989 0.0535392 0.0496972 0.0459423 0.0422511 0.0384089 0.0341023 0.0291058 0.023473 0.0176034
 0.00557345 0.00895733 0.0133337 0.0186905 0.0250008 0.0321495 0.0398283 0.0475129 0.0545571 0.0603323 0.0643447 0.066324 0.0662757 0.0644652 0.0613259 0.0573392 0.0529397 0.048457 0.0440782 0.0398209 0.0355401 0.0310049 0.0260489 0.0207276 0.0153722
 0.00575779 0.0092516 0.0137676 0.0192913 0.0257923 0.0331503 0.0410465 0.0489409 0.0561681 0.0620773 0.0661489 0.0680839 0.0678634 0.0657425 0.0621654 0.057644 0.0526518 0.0475563 0.0425807 0.0377865 0.0330886 0.0283254 0.0233836 0.0183224 0.0134128
 0.00592117 0.00951529 0.0141613 0.0198426 0.0265233 0.0340714 0.0421491 0.0501937 0.0575209 0.0634703 0.0675211 0.0693768 0.0690175 0.0666915 0.0628327 0.0579466 0.0525117 0.0469167 0.0414222 0.0361421 0.0310563 0.0260708 0.0211208 0.0162692 0.011735
 0.00616235 0.00989611 0.0147141 0.0205914 0.0274819 0.0352386 0.0435008 0.0516758 0.0590499 0.064944 0.0688364 0.0704485 0.0697919 0.0671473 0.0629694 0.0577653 0.0520014 0.0460548 0.0401904 0.0345524 0.0291749 0.0240276 0.0190934 0.0144423 0.0102491
 0.0064123 0.0102905 0.0152859 0.0213653 0.0284717 0.0364433 0.0448965 0.0532083 0.0606336 0.0664696 0.0701859 0.0715137 0.070493 0.0674458 0.0628688 0.0572989 0.0512119 0.044977 0.0388483 0.0329734 0.0274136 0.0221823 0.0173009 0.0128474 0.0089622
 0.00651294 0.0104609 0.0155558 0.0217686 0.029042 0.0372053 0.0458551 0.0543409 0.0618885 0.0677696 0.071436 0.0726117 0.0713432 0.0679734 0.0630319 0.0570916 0.0506585 0.0441191 0.0377338 0.031654 0.0259534 0.0206686 0.0158431 0.0115576 0.00792477
