SBPRF35
12.7214
Curr Bio
819610
B35
891943
F35
0.171906
FOFL
0.158514
OFL
107430
Bzero
3.63469e+006
#pred survey bio
 3.46328e+006 3.33686e+006 3.23312e+006 3.09043e+006 2.8882e+006 2.67332e+006 2.45186e+006 2.2267e+006 1.99442e+006 1.78704e+006 1.594e+006 1.3989e+006 1.24804e+006 1.10572e+006 971552 858814 776177 716181 675558 631440 600700 578684 569327 546879 539317 536234 535661 538866 540590 538716 545964 549584 550515 568257 580188 584872 601834 617931 627860 630366 632299 640019 644086 647980 655668 658733 661080 675613 681554 690773 694477 727409 757372 788165 801628 813487 815934 822115 841188 848920 836215 824611 825399 2.91075e+007 1.7773e+007 1.83385e+007 1.93393e+007 2.05982e+007 2.19243e+007 2.31815e+007 2.42933e+007 2.52304e+007 2.59941e+007 2.66019e+007 2.70776e+007 2.74458e+007 2.77288e+007 2.79456e+007 2.81113e+007 2.82382e+007 2.83355e+007 2.84103e+007 2.84681e+007 2.85129e+007 2.85478e+007 2.85751e+007 2.85966e+007 2.86136e+007 2.8627e+007 2.86377e+007 2.86462e+007 2.8653e+007 2.86584e+007 2.86628e+007 2.86664e+007 2.86693e+007 2.86716e+007 2.86735e+007 2.8675e+007 2.86762e+007 2.86773e+007 2.86781e+007 2.86788e+007 2.86793e+007 2.86798e+007 2.86801e+007 2.86804e+007 2.86807e+007 2.86809e+007 2.8681e+007 2.86812e+007 2.86813e+007 2.86814e+007 2.86814e+007 2.86815e+007 2.86816e+007 2.86816e+007 2.86816e+007 2.86817e+007 2.86817e+007 2.86817e+007 2.86817e+007 2.86817e+007 2.86817e+007 2.86817e+007 2.86817e+007 2.86818e+007 2.86818e+007 2.86818e+007 2.86818e+007 2.86818e+007 2.86818e+007 2.86818e+007 2.86818e+007 2.86818e+007 2.86818e+007 2.86818e+007 2.86818e+007 2.86818e+007 2.86818e+007 2.86818e+007 2.86818e+007 2.86818e+007 2.86818e+007 2.86818e+007 2.86818e+007 2.86818e+007 2.86818e+007 2.86818e+007 2.86818e+007 2.86818e+007 2.86818e+007 2.86818e+007 2.86818e+007 2.86818e+007 2.86818e+007 2.86818e+007 2.86818e+007 2.86818e+007 2.86818e+007 2.86818e+007 2.86818e+007 2.86818e+007 0 0 0 0 0 0 0 0 0 0 0 0 0 0 0 0 0 0 0 0 0 0 0 0 0
#obs survey bio
 4.52994e+006 3.46792e+006 2.95457e+006 2.58129e+006 2.48608e+006 2.69595e+006 1.80906e+006 1.73372e+006 1.54347e+006 1.6878e+006 1.52962e+006 1.1368e+006 1.03058e+006 1.14587e+006 818291 805119 797679 726573 629898 650552 493016 707904 508578 468579 367962 694498 516904 647819 547575 465218 517986 578322 631982 583944 577247 735892 556553 788823 679778 523786 680622 694674 499233 577361 575618 475068 673970 668682 1.06026e+006 675870 576624 821872 957413 705799 830096 520240 644396 597125 921320 1.00141e+006 1.14373e+006 676388 923014
#pred catch bio
 107873 95563.4 143070 211604 239631 263234 284159 306816 298205 296413 305832 271580 266911 259240 237569 207449 183246 161720 159404 143468 133136 120724 129856 115231 110180 106820 102788 103251 105090 96532.4 99217.2 100939 87064.7 92922 99018.2 88833.7 90644 96432.3 102851 103715 99655.4 104023 105757 104640 110727 112713 103157 110202 106416 110759 87278.4 92103.4 92718.1 108085 109725 118412 115961 106154 116631 133357 131672 122185 119465 107430 117592 120305 125878 133566 141778 149500 156216 161751 166136 169510 172048 173924 175292 176278 176984 177484 177838 178087 178261 178382 178467 178526 178567 178595 178615 178628 178638 178644 178649 178652 178654 178655 178656 178657 178657 178658 178658 178658 178658 178658 178658 178658 178658 178658 178658 178658 178658 178658 178658 178658 178658 178658 178658 178658 178658 178658 178658 178658 178658 178658 178658 178658 178658 178658 178658 178658 178658 178658 178658 178658 178658 178658 178658 178658 178658 178658 178658 178658 178658 178658 178658 178658 178658 178658 178658 178658 178658 178658 178658 178658 178658 178658 178658 178658 178658 178658 178658 178658 178658 0 0 0 0 0 0 0 0 0 0 0 0 0 0 0 0 0 0 0 0 0 0 0 0 0
#obs catch bio
 0 95181.3 143096 212161 240205 264031 285677 309482 301102 299094 309636 274222 270782 263547 241730 211146 185838 162882 159601 143140 134040 120813 131000 116077 111492 106957 103129 103405 105430 96586 99011.1 100918 86865.2 92715.2 99095 88378.2 90473.1 96048.7 101921 103317 99341.6 103432 105698 104605 111110 113902 103928 110837 105849 110409 86986.4 92052.6 92476.2 107998 109320 118268 115939 105980 116349 132922 130924 121901 119438
#pred cpue bio
 3.42286e+006 3.29762e+006 3.19353e+006 3.05032e+006 2.8483e+006 2.63352e+006 2.41221e+006 2.18734e+006 1.95569e+006 1.74902e+006 1.55686e+006 1.36301e+006 1.21305e+006 1.0719e+006 939282 828125 747018 688624 649428 606656 576625 555101 546015 524170 516914 514222 513960 517294 519207 517611 524925 528618 529609 547085 558903 563674 580392 596215 606076 608467 610141 617602 621383 624836 632006 634699 636937 651512 657872 667230 670765 702959 732614 763177 776491 787990 790138 796047 814849 822667 810241 798478 798688 2.8163e+007 1.72015e+007 1.76619e+007 1.85619e+007 1.97925e+007 2.11133e+007 2.23696e+007 2.34813e+007 2.44184e+007 2.51821e+007 2.57899e+007 2.62655e+007 2.66337e+007 2.69168e+007 2.71335e+007 2.72993e+007 2.74262e+007 2.75234e+007 2.75983e+007 2.76561e+007 2.77009e+007 2.77358e+007 2.77631e+007 2.77846e+007 2.78015e+007 2.7815e+007 2.78256e+007 2.78342e+007 2.7841e+007 2.78464e+007 2.78508e+007 2.78544e+007 2.78572e+007 2.78596e+007 2.78614e+007 2.7863e+007 2.78642e+007 2.78652e+007 2.78661e+007 2.78667e+007 2.78673e+007 2.78677e+007 2.78681e+007 2.78684e+007 2.78687e+007 2.78689e+007 2.7869e+007 2.78692e+007 2.78693e+007 2.78694e+007 2.78694e+007 2.78695e+007 2.78695e+007 2.78696e+007 2.78696e+007 2.78696e+007 2.78697e+007 2.78697e+007 2.78697e+007 2.78697e+007 2.78697e+007 2.78697e+007 2.78697e+007 2.78697e+007 2.78697e+007 2.78697e+007 2.78697e+007 2.78697e+007 2.78697e+007 2.78697e+007 2.78697e+007 2.78697e+007 2.78698e+007 2.78698e+007 2.78698e+007 2.78698e+007 2.78698e+007 2.78698e+007 2.78698e+007 2.78698e+007 2.78698e+007 2.78698e+007 2.78698e+007 2.78698e+007 2.78698e+007 2.78698e+007 2.78698e+007 2.78698e+007 2.78698e+007 2.78698e+007 2.78698e+007 2.78698e+007 2.78698e+007 2.78698e+007 2.78698e+007 2.78698e+007 2.78698e+007 2.78698e+007 2.78698e+007 2.78698e+007 0 0 0 0 0 0 0 0 0 0 0 0 0 0 0 0 0 0 0 0 0 0 0 0 0
#obs cpue bio
 4.08939e+006 2.5323e+006 3.28442e+006 3.28944e+006 2.55443e+006 2.40154e+006 2.44988e+006 2.20108e+006 1.96865e+006 1.82741e+006 1.34855e+006 1.49838e+006 1.02701e+006 811584 854361 644984 683168 779210 989910 679091 408632 549663 425120 506934 497053 713199 431001 477282 470254 621861 720264 488522 450455 616187 500178 645660 521753 600287 948011 523915 528164 786711 548252 651295 553767 485762 562922 834528 952413 743649 623842 616352 634686 885047 894640 1.1111e+006 916312 1.06953e+006 907681 862228 740084 725435 612315
#pred surv len freq
 0.00427906 0.00702238 0.0107106 0.0153754 0.0209364 0.0271144 0.033409 0.0392282 0.0441106 0.0478701 0.0505714 0.0524044 0.0535736 0.0542482 0.0545564 0.0545975 0.0544602 0.0542227 0.0538962 0.0533137 0.0520325 0.0493872 0.044774 0.0380613 0.0298445
 0.00462856 0.00749986 0.0112644 0.0159085 0.0213431 0.0273323 0.033453 0.0391789 0.0440617 0.0478713 0.0506057 0.0524128 0.0535071 0.0541106 0.054411 0.0545355 0.054549 0.0544576 0.0541834 0.0534963 0.0519561 0.048974 0.0440644 0.0371963 0.0289986
 0.00471327 0.00769891 0.0116701 0.0166255 0.0224395 0.0287773 0.0350812 0.0407245 0.0452597 0.0485664 0.0507982 0.0522168 0.0530648 0.0535301 0.0537589 0.0538634 0.0539093 0.0538882 0.0536757 0.0529815 0.0513333 0.0481706 0.0430893 0.0361472 0.0280162
 0.00485925 0.00791882 0.0119745 0.0170281 0.0229723 0.0295011 0.0360738 0.0420348 0.0468457 0.0502609 0.052341 0.0533493 0.0536307 0.0535193 0.053277 0.0530639 0.0529361 0.0528467 0.0526217 0.0519205 0.0502354 0.0470074 0.041875 0.0349548 0.0269519
 0.00507954 0.00827747 0.0125136 0.0177829 0.0239609 0.0307129 0.0374648 0.0435391 0.0483985 0.0518111 0.0538337 0.0546918 0.054678 0.0541087 0.0532945 0.0524953 0.051868 0.0514222 0.0509841 0.0501766 0.0484517 0.0452326 0.0401701 0.0334044 0.0256475
 0.00530899 0.00865134 0.0130782 0.0185829 0.0250313 0.0320659 0.0390741 0.0453323 0.0502657 0.0536283 0.0554899 0.0561019 0.0557758 0.0548258 0.0535493 0.0522102 0.051007 0.0500199 0.0491447 0.048044 0.0461773 0.0429595 0.0380321 0.0315242 0.0241197
 0.00555028 0.00904431 0.0136713 0.0194224 0.0261541 0.0334863 0.04077 0.0472382 0.0522787 0.0556241 0.0573412 0.0576933 0.0570133 0.0556386 0.0538832 0.0520182 0.0502504 0.0486869 0.0472751 0.0457437 0.0436116 0.040329 0.0355419 0.0293514 0.0223824
 0.00577925 0.00942347 0.0142549 0.020266 0.0273039 0.0349628 0.0425502 0.0492492 0.0544072 0.0577378 0.0593087 0.0593968 0.058354 0.0565383 0.0542829 0.0518741 0.0495309 0.0473775 0.0453953 0.043371 0.040896 0.0374853 0.0328146 0.0269618 0.020478
 0.00603583 0.00984207 0.0148882 0.0211655 0.0285117 0.0364982 0.0443933 0.051332 0.0566192 0.0599425 0.0613645 0.0611737 0.0597443 0.0574613 0.0546827 0.0517132 0.0487846 0.0460346 0.0434719 0.0409332 0.0380824 0.0345097 0.0299359 0.0244256 0.0184538
 0.00627922 0.0102388 0.0154875 0.0220148 0.029649 0.0379388 0.0461166 0.0532745 0.0586818 0.0620071 0.0633096 0.0628851 0.0611205 0.058417 0.0551513 0.0516459 0.0481487 0.0448144 0.0416783 0.0386242 0.035385 0.0316269 0.0271223 0.0219299 0.0164529
 0.00650679 0.0106149 0.0160653 0.0228474 0.0307796 0.0393842 0.0478497 0.0552189 0.0607229 0.0640147 0.0651602 0.0644737 0.0623645 0.0592535 0.0555322 0.0515335 0.0475131 0.0436375 0.0399651 0.0364231 0.0328105 0.0288676 0.0244193 0.0195236 0.0145181
 0.0068381 0.0111429 0.0168403 0.0239099 0.032154 0.0410679 0.0498006 0.0573481 0.062902 0.0660963 0.067002 0.0659585 0.0634109 0.0598177 0.0556001 0.0511072 0.0465989 0.0422419 0.0381044 0.0341449 0.0302181 0.0261323 0.0217631 0.0171699 0.01263
 0.0070537 0.0115042 0.0174036 0.0247333 0.0332835 0.0425178 0.0515339 0.0592733 0.0648896 0.0680071 0.0687104 0.0673631 0.0644356 0.0604105 0.055732 0.0507697 0.045798 0.0409933 0.0364354 0.0321073 0.0279079 0.0237008 0.0194043 0.0150796 0.010952
 0.00723645 0.0118136 0.0178923 0.0254593 0.0342994 0.0438515 0.0531692 0.0611382 0.0668627 0.069938 0.070446 0.0687719 0.0654244 0.0609295 0.0557694 0.050339 0.044926 0.0397131 0.0347882 0.030153 0.0257403 0.0214566 0.0172527 0.013188 0.00944131
 0.00745355 0.012167 0.0184256 0.0262145 0.0353102 0.0451321 0.0547004 0.0628594 0.0686745 0.0717152 0.0720551 0.0700878 0.0663462 0.0613927 0.0557502 0.04985 0.0440049 0.0384107 0.0331636 0.0282778 0.0237094 0.0193949 0.0153061 0.0114964 0.00810167
 0.00758059 0.0123902 0.0187923 0.0267786 0.0361199 0.0462107 0.056028 0.064368 0.070261 0.0732634 0.0734547 0.0712446 0.0671845 0.0618568 0.0558074 0.0494927 0.0432506 0.037299 0.031752 0.0266412 0.0219428 0.0176142 0.0136386 0.0100582 0.00697005
 0.00759321 0.0124204 0.0188572 0.0269048 0.0363427 0.0465701 0.0565607 0.0650961 0.0711791 0.0743301 0.0745934 0.0723554 0.0681632 0.062612 0.0562704 0.0496208 0.0430273 0.0367333 0.0308792 0.0255227 0.0206649 0.0162835 0.0123698 0.00895331 0.00609631
 0.00760115 0.0124255 0.0188516 0.0268791 0.0362928 0.0465061 0.0565133 0.0651159 0.071325 0.0746513 0.0751104 0.0730482 0.06897 0.0634399 0.0570141 0.0501829 0.0433337 0.0367433 0.0305888 0.0249645 0.0199054 0.0154147 0.0114949 0.00816614 0.00546132
 0.00765232 0.0124892 0.0189112 0.0269065 0.0362559 0.0463808 0.0562964 0.0648317 0.0710257 0.0744084 0.0750006 0.0731335 0.0692779 0.0639499 0.0576575 0.0508575 0.043928 0.0371612 0.0307687 0.0248904 0.0196068 0.0149584 0.0109679 0.00765438 0.00502915
 0.00788471 0.0128389 0.0193834 0.0274834 0.036896 0.0470222 0.0568626 0.0652426 0.0712165 0.0743526 0.0747247 0.0727136 0.0688174 0.0635482 0.0573802 0.0507192 0.0438923 0.037158 0.030721 0.0247409 0.0193359 0.0145874 0.0105481 0.00724668 0.00468342
 0.00798308 0.0130076 0.0196522 0.0278808 0.0374378 0.0476951 0.0576116 0.0659734 0.0718178 0.0747282 0.0748216 0.0725347 0.0684178 0.063018 0.0568205 0.0502147 0.0434901 0.0368591 0.0304892 0.0245248 0.0190942 0.0143061 0.0102425 0.00695004 0.00442912
 0.008068 0.0131331 0.0198188 0.0280845 0.037675 0.047969 0.0579327 0.0663505 0.072242 0.0751614 0.0751985 0.0727815 0.0684799 0.0628823 0.0565203 0.0498169 0.0430696 0.0364735 0.0301634 0.0242523 0.018852 0.0140739 0.0100151 0.00673769 0.00424823
 0.00802057 0.0130672 0.0197403 0.0280047 0.0376073 0.0479235 0.0579141 0.0663619 0.0722913 0.0752632 0.0753661 0.0730124 0.0687455 0.0631324 0.0567028 0.0499007 0.0430561 0.0363901 0.0300454 0.0241258 0.018727 0.0139499 0.00989109 0.00661816 0.00414242
 0.0080955 0.0131847 0.0199088 0.0282296 0.0378891 0.0482565 0.0582833 0.0667405 0.0726426 0.0755478 0.0755525 0.073087 0.0687142 0.0630134 0.0565154 0.0496581 0.0427682 0.0360703 0.0297144 0.0238073 0.0184404 0.0137055 0.00969093 0.00646034 0.00402386
 0.0079994 0.0130424 0.0197209 0.0280068 0.0376507 0.0480273 0.0580904 0.0666114 0.072601 0.0756079 0.0757134 0.0733298 0.0690062 0.0633164 0.0567944 0.0498875 0.0429324 0.0361641 0.0297424 0.0237824 0.0183805 0.0136285 0.00961139 0.0063881 0.00396452
 0.00798452 0.0129978 0.0196177 0.0278086 0.0373277 0.0475751 0.0575445 0.0660455 0.0721071 0.0752675 0.0755757 0.073404 0.0692665 0.0637131 0.0572668 0.050375 0.0433845 0.0365459 0.0300364 0.0239869 0.018506 0.0136925 0.00963345 0.00638573 0.00395127
 0.00798187 0.0129908 0.0196006 0.0277706 0.0372508 0.0474342 0.0573129 0.0657067 0.0716707 0.0747797 0.0751144 0.073057 0.0691018 0.0637573 0.0575004 0.0507441 0.0438207 0.0369839 0.0304265 0.0243005 0.0187343 0.0138423 0.00972062 0.00642917 0.00396819
 0.00791159 0.0128844 0.0194551 0.0275884 0.0370384 0.0471996 0.0570635 0.0654471 0.0714027 0.0745053 0.0748428 0.0728117 0.0689224 0.0636893 0.0575777 0.0509724 0.0441724 0.0374068 0.0308605 0.0246941 0.0190548 0.0140783 0.00987796 0.00652372 0.00401894
 0.00785395 0.0127913 0.0193167 0.0273974 0.0367931 0.0469078 0.0567448 0.065131 0.0711201 0.0742788 0.07468 0.0727085 0.0688718 0.0636921 0.0576453 0.0511212 0.04441 0.0377221 0.0312221 0.0250589 0.0193825 0.014342 0.0100687 0.00664795 0.00409164
 0.00785325 0.0127848 0.0192966 0.0273529 0.0367122 0.0467816 0.0565712 0.0649178 0.0708845 0.0740439 0.0744699 0.0725422 0.0687598 0.0636367 0.0576455 0.0511776 0.0445257 0.0378976 0.0314479 0.0253134 0.0196357 0.0145655 0.0102443 0.00677086 0.00416839
 0.00782538 0.0127307 0.0191994 0.0271917 0.0364683 0.0464472 0.0561572 0.064456 0.0704221 0.0736327 0.0741553 0.0723555 0.0687137 0.0637252 0.0578476 0.0514643 0.0448682 0.0382715 0.031833 0.0256901 0.0199832 0.0148639 0.0104798 0.00693999 0.00427816
 0.00781109 0.012711 0.0191752 0.0271638 0.0364341 0.0463965 0.0560724 0.0643165 0.0702147 0.0733619 0.0738473 0.0720529 0.0684633 0.0635645 0.0577965 0.051523 0.0450212 0.0384942 0.0320981 0.0259712 0.020256 0.0151077 0.0106795 0.00708901 0.00437863
 0.00783572 0.0127447 0.0192145 0.027202 0.0364635 0.0464116 0.0560709 0.0642972 0.070173 0.0732879 0.0737297 0.0718871 0.0682601 0.0633512 0.0576098 0.0513968 0.0449759 0.0385324 0.032207 0.0261278 0.0204342 0.0152828 0.0108325 0.00720888 0.00446286
 0.00773877 0.0125873 0.0189786 0.0268727 0.0360336 0.0458896 0.0554871 0.063705 0.0696402 0.0728801 0.0734926 0.071836 0.0683789 0.063603 0.0579516 0.0517928 0.0454023 0.0389738 0.0326493 0.0265541 0.0208249 0.0156193 0.0111023 0.00740828 0.00459775
 0.00761999 0.0124116 0.0187459 0.0265927 0.0357211 0.0455571 0.0551419 0.0633514 0.0692871 0.0725474 0.0732124 0.0716457 0.0683096 0.0636684 0.0581438 0.0520864 0.0457641 0.0393718 0.0330572 0.0269501 0.0211897 0.0159361 0.0113589 0.00760027 0.00472919
 0.00767679 0.0124776 0.0187975 0.0265941 0.0356367 0.0453694 0.0548636 0.0630219 0.0689546 0.0722483 0.0729622 0.0714458 0.0681607 0.0635793 0.0581292 0.0521571 0.0459188 0.0395961 0.0333272 0.0272392 0.0214726 0.0161918 0.0115723 0.00776381 0.00484355
 0.00762703 0.0124026 0.018694 0.0264594 0.0354644 0.0451463 0.0545721 0.0626509 0.068514 0.0717785 0.0725278 0.071114 0.0679777 0.0635583 0.0582554 0.0524019 0.0462513 0.0399869 0.0337476 0.0276601 0.0218662 0.0165351 0.0118504 0.00797187 0.00498629
 0.00751207 0.0122311 0.0184651 0.0261826 0.0351578 0.0448314 0.0542682 0.0623709 0.0682619 0.0715508 0.0723206 0.0709332 0.0678445 0.0635038 0.0583066 0.0525692 0.0465247 0.0403408 0.0341489 0.0280741 0.0222609 0.016884 0.0121357 0.00818662 0.00513423
 0.00757079 0.012299 0.0185169 0.0261802 0.035063 0.0446247 0.0539631 0.062012 0.067907 0.0712471 0.0720893 0.0707702 0.0677343 0.0634355 0.0582832 0.052605 0.0466344 0.0405285 0.0344031 0.0283702 0.0225676 0.0171711 0.0123802 0.00837609 0.00526759
 0.00763508 0.0124113 0.018698 0.0264475 0.0354187 0.0450416 0.0543781 0.0623386 0.0680662 0.0712004 0.0718532 0.070403 0.0673064 0.063005 0.0578875 0.052267 0.0463707 0.0403519 0.0343187 0.0283708 0.0226335 0.017275 0.0124944 0.00847929 0.00534792
 0.00762821 0.0124102 0.0187155 0.0265039 0.0355383 0.0452456 0.0546745 0.0627121 0.0684722 0.0715695 0.0721084 0.0704865 0.0672011 0.0627393 0.0575206 0.0518655 0.045991 0.0400327 0.0340816 0.0282221 0.0225655 0.0172692 0.0125266 0.00852653 0.00539341
 0.00768961 0.0124866 0.0187883 0.0265443 0.0355188 0.0451572 0.0545386 0.0625779 0.0683979 0.071596 0.0722396 0.070685 0.0674035 0.0628821 0.0575652 0.0518094 0.0458628 0.039876 0.0339375 0.0281182 0.0225124 0.0172623 0.0125516 0.00856612 0.00543323
 0.00777445 0.0126245 0.0189938 0.0268255 0.0358697 0.0455494 0.0549194 0.0628815 0.0685709 0.0716217 0.0721454 0.0705254 0.0672292 0.0627163 0.0574002 0.0516236 0.0456416 0.0396248 0.03368 0.0278848 0.0223271 0.017135 0.0124782 0.00853312 0.00542468
 0.00783309 0.0127208 0.0191409 0.0270363 0.0361543 0.0459099 0.0553429 0.0633353 0.0690024 0.0719683 0.0723524 0.0705645 0.067109 0.062476 0.0570904 0.0512849 0.0452967 0.0392835 0.033351 0.0275822 0.0220686 0.0169339 0.012338 0.00844662 0.00537816
 0.00783561 0.01273 0.0191643 0.0270849 0.036241 0.0460464 0.0555359 0.0635837 0.069295 0.0722824 0.0726532 0.0708099 0.0672594 0.0625071 0.0570017 0.0510986 0.0450467 0.0390032 0.0330669 0.0273141 0.0218321 0.0167411 0.0121947 0.00835081 0.00532123
 0.00774287 0.0126066 0.0190292 0.026973 0.036194 0.0460977 0.0556986 0.0638468 0.0696295 0.0726512 0.0730186 0.0711369 0.0675166 0.0626684 0.0570509 0.0510338 0.0448828 0.0387684 0.0327955 0.0270386 0.0215788 0.0165277 0.0120301 0.00823535 0.00524814
 0.00759086 0.0123762 0.0187156 0.0265871 0.0357655 0.045675 0.0553453 0.0636309 0.0696039 0.0728337 0.0733832 0.0716222 0.0680464 0.0631721 0.0574753 0.0513472 0.0450741 0.038845 0.032779 0.0269596 0.0214689 0.016414 0.0119311 0.00816009 0.00519762
 0.00738693 0.0120489 0.0182322 0.0259248 0.0349209 0.0446778 0.0542702 0.0625959 0.0687502 0.0722904 0.0732327 0.0718803 0.068661 0.0640402 0.0584707 0.0523491 0.0459882 0.0396135 0.0333795 0.027398 0.0217689 0.0166072 0.0120487 0.00822824 0.00523542
 0.0074003 0.0120434 0.0181734 0.025763 0.0346029 0.0441668 0.0535648 0.0617401 0.0678294 0.0714171 0.0725267 0.0714456 0.0685632 0.0642898 0.0590191 0.0531017 0.04683 0.0404366 0.0341044 0.0279819 0.0222033 0.0169074 0.0122423 0.00834513 0.00530162
 0.0075072 0.0121943 0.0183561 0.0259468 0.0347403 0.0442004 0.0534374 0.0614087 0.0672811 0.0706844 0.0716915 0.0706269 0.0678902 0.0638692 0.0589088 0.0532981 0.0472725 0.0410279 0.0347385 0.0285702 0.02269 0.0172721 0.0124921 0.0085024 0.00539294
 0.00757717 0.0123172 0.0185564 0.0262476 0.0351518 0.0447037 0.0539728 0.0618787 0.067574 0.0707084 0.0714064 0.0700593 0.0671293 0.0630456 0.0581615 0.0527393 0.0469612 0.0409604 0.0348597 0.0287986 0.0229468 0.0175007 0.0126653 0.0086174 0.00546081
 0.00735343 0.0119774 0.0180912 0.0256692 0.0344959 0.0440285 0.0533537 0.0613952 0.0672862 0.0706329 0.0715067 0.0702615 0.0673551 0.0632461 0.0583343 0.0529224 0.0472073 0.0413067 0.0353069 0.0293093 0.023461 0.01796 0.0130314 0.00887897 0.00562897
 0.007237 0.0117767 0.0177697 0.0251899 0.0338348 0.0431941 0.052403 0.0604332 0.0664433 0.0700282 0.0712136 0.0702891 0.0676519 0.0637229 0.0588975 0.0535048 0.0477812 0.0418762 0.0358843 0.0298928 0.0240266 0.0184698 0.0134507 0.00919084 0.00583777
 0.00718912 0.0116902 0.0176223 0.0249529 0.0334764 0.0426872 0.0517372 0.0596272 0.065553 0.0691465 0.070456 0.069767 0.0674402 0.063837 0.0592923 0.0540954 0.0484761 0.0426032 0.0366 0.0305732 0.0246527 0.0190195 0.0139022 0.00953172 0.00607149
 0.00724557 0.0117778 0.0177452 0.0251085 0.0336519 0.0428554 0.0518545 0.0596382 0.0654046 0.068808 0.0699384 0.0691299 0.0667825 0.0632703 0.0589074 0.0539362 0.0485335 0.0428301 0.0369349 0.0309599 0.0250471 0.0193881 0.0142196 0.00978193 0.00625023
 0.00727693 0.0118309 0.0178289 0.0252318 0.0338208 0.043068 0.0520961 0.0598779 0.065597 0.0689006 0.069884 0.0689027 0.0663924 0.0627689 0.0583791 0.0534747 0.0482128 0.0426839 0.0369539 0.0311046 0.0252657 0.0196317 0.0144497 0.00997376 0.00639292
 0.0072775 0.0118444 0.0178722 0.0253283 0.0339939 0.0433317 0.0524455 0.0602857 0.0660173 0.0692765 0.0701567 0.0690207 0.0663218 0.0625045 0.0579526 0.0529526 0.0476817 0.0422266 0.0366261 0.0309233 0.0252132 0.0196692 0.0145339 0.0100686 0.00647542
 0.00722892 0.0117703 0.017771 0.0252046 0.0338612 0.0432136 0.0523747 0.0602976 0.0661371 0.0695064 0.0704684 0.0693595 0.0666204 0.0627015 0.0580089 0.0528636 0.0474796 0.0419705 0.0363825 0.0307442 0.0251217 0.0196584 0.0145778 0.0101359 0.00654163
 0.00709613 0.0115629 0.0174754 0.0248154 0.0333843 0.0426706 0.0518062 0.0597639 0.0657105 0.0692552 0.0704385 0.0695597 0.0670164 0.0632224 0.0585661 0.0533747 0.0478906 0.0422669 0.0365849 0.0308917 0.0252506 0.0197885 0.0147093 0.0102577 0.00664136
 0.00707993 0.0115272 0.0174045 0.0246892 0.0331836 0.0423853 0.0514432 0.0593497 0.0652874 0.0688741 0.0701506 0.0694083 0.0670284 0.0633991 0.0588779 0.0537663 0.0482962 0.0426305 0.0368767 0.0311105 0.0254149 0.01992 0.014822 0.0103547 0.00671984
 0.0072747 0.0118183 0.0177939 0.025159 0.0336972 0.0428917 0.051883 0.0596618 0.0654218 0.0688058 0.0698903 0.0690018 0.0665455 0.0629153 0.0584556 0.0534402 0.0480684 0.0424783 0.0367681 0.0310211 0.0253354 0.0198539 0.0147757 0.0103302 0.00671292
 0.00745144 0.0121021 0.0182125 0.0257314 0.0344241 0.0437436 0.0527914 0.0605233 0.0661194 0.0692397 0.0700042 0.0687937 0.0660627 0.0622396 0.057684 0.0526645 0.0473579 0.0418707 0.0362714 0.0306246 0.0250234 0.0196139 0.0145998 0.0102109 0.00663985
 0.00735811 0.0119889 0.0181139 0.0257041 0.0345336 0.0440404 0.0532893 0.0611892 0.0668782 0.0699903 0.0706399 0.069224 0.0662318 0.0621388 0.0573508 0.0521705 0.0467883 0.0413028 0.0357598 0.030197 0.0246855 0.019359 0.0144166 0.0100869 0.00656239
#obs surv len freq
 nan nan nan nan nan nan nan nan nan nan nan nan nan nan nan nan nan nan nan nan nan nan nan nan nan
 0.00448413 0.00734536 0.0111754 0.0159921 0.0216935 0.0279699 0.0342848 0.0400165 0.0446961 0.0481596 0.0505168 0.0520118 0.0529032 0.0534148 0.0537284 0.0539828 0.0542611 0.0545536 0.0546922 0.054284 0.0527221 0.0493543 0.0438043 0.0362846 0.0276686
 0.00461649 0.00756152 0.0115022 0.0164542 0.0223074 0.0287348 0.0351733 0.0409721 0.0456407 0.0490084 0.0511947 0.0524642 0.0531016 0.0533575 0.0534365 0.0534926 0.0536151 0.0537942 0.053858 0.0534117 0.0518501 0.0485253 0.0430625 0.0356676 0.027197
 0.00477721 0.0078263 0.0119072 0.0170349 0.0230916 0.0297307 0.0363573 0.042284 0.0469902 0.0502911 0.0523075 0.0533186 0.0536318 0.0535263 0.0532377 0.0529491 0.0527724 0.0527116 0.0526016 0.0520517 0.0504618 0.0471894 0.0418592 0.034663 0.0264278
 0.0049736 0.00814593 0.0123891 0.0177163 0.0240014 0.0308789 0.0377238 0.0438123 0.048593 0.0518627 0.0537389 0.0545066 0.0544874 0.0539807 0.0532487 0.0525056 0.0518956 0.0514526 0.0510371 0.0502796 0.048598 0.0453617 0.040194 0.0332638 0.0253526
 0.00517892 0.00848373 0.0129049 0.018455 0.0249984 0.0321467 0.0392377 0.0455063 0.0503698 0.053612 0.0553533 0.0558892 0.0555517 0.0546512 0.0534637 0.0522231 0.0511013 0.0501673 0.0493223 0.0482395 0.0463765 0.0431306 0.0381288 0.0315108 0.0239971
 0.00541272 0.00886394 0.0134776 0.0192637 0.026077 0.0335069 0.0408562 0.0473185 0.0522768 0.0554984 0.0571042 0.0574015 0.0567382 0.0554394 0.0537931 0.0520445 0.0503816 0.0488998 0.0475419 0.0460367 0.0439027 0.0405866 0.035733 0.0294525 0.0223925
 0.0056452 0.00924826 0.0140677 0.0201134 0.0272289 0.0349753 0.0426098 0.0492765 0.0543221 0.0575019 0.0589459 0.0589807 0.0579738 0.0562659 0.0541562 0.0518984 0.0496892 0.0476416 0.0457328 0.0437481 0.0412781 0.0378369 0.0331034 0.027166 0.020594
 0.00587354 0.00962273 0.0146377 0.0209283 0.0283294 0.0363801 0.0443001 0.0511882 0.056352 0.0595251 0.0608355 0.0606221 0.059273 0.0571514 0.0545752 0.0518099 0.0490602 0.0464501 0.0439839 0.0414979 0.0386559 0.0350485 0.0304012 0.0247899 0.018708
 0.00613802 0.010051 0.0152791 0.0218276 0.0295187 0.0378662 0.0460508 0.0531281 0.058373 0.0615064 0.0626617 0.0621926 0.0605044 0.0579768 0.054943 0.0516809 0.0484047 0.0452494 0.0422418 0.0392628 0.0360455 0.032258 0.0276787 0.0223791 0.0167819
 0.00638423 0.0104586 0.0159056 0.02273 0.0307408 0.0394185 0.0478926 0.0551631 0.0604666 0.0635152 0.0644599 0.0636843 0.0616225 0.0586762 0.0551923 0.0514558 0.0476845 0.0440203 0.0405079 0.0370678 0.0334967 0.0295363 0.0250185 0.0200158 0.0148861
 0.00660217 0.010816 0.0164499 0.0235084 0.0317926 0.0407619 0.0495096 0.0569903 0.0624007 0.065429 0.0662224 0.0651785 0.0627577 0.0593925 0.0554571 0.0512545 0.0470108 0.0428726 0.0388971 0.0350364 0.0311416 0.0270207 0.0225556 0.0178216 0.0131203
 0.00683571 0.0111979 0.0170283 0.024329 0.0328889 0.0421406 0.0511362 0.058786 0.0642542 0.067219 0.0678361 0.0665215 0.0637557 0.0599915 0.0556233 0.0509729 0.0462805 0.0417031 0.037311 0.0330822 0.028912 0.0246638 0.0202622 0.0157851 0.0114832
 0.00707346 0.0115874 0.0176199 0.0251703 0.0340144 0.0435555 0.0528002 0.060609 0.06611 0.0689716 0.0693644 0.0677332 0.0645906 0.0604172 0.055628 0.0505581 0.0454561 0.0404866 0.0357317 0.0311924 0.0268013 0.0224671 0.0181481 0.0139214 0.00999204
 0.00727817 0.0119265 0.0181418 0.0259233 0.0350366 0.0448581 0.054351 0.0623268 0.067876 0.070652 0.0708343 0.0688924 0.0653709 0.0607832 0.055573 0.0500954 0.0446107 0.0392892 0.0342213 0.0294249 0.0248624 0.0204776 0.0162542 0.0122655 0.00867483
 0.00745603 0.0122186 0.0185868 0.0265596 0.035895 0.04595 0.0556562 0.0637872 0.0694012 0.0721345 0.0721654 0.0699756 0.0661308 0.0611714 0.0555692 0.0497046 0.0438563 0.0382077 0.0328593 0.0278437 0.0231452 0.0187333 0.0146089 0.0108377 0.00754582
 0.00753809 0.0123539 0.0187946 0.0268609 0.0363104 0.0464964 0.0563406 0.0646024 0.0703234 0.0731232 0.0731646 0.0709171 0.0669396 0.0617745 0.0559057 0.0497334 0.043561 0.0375963 0.0319633 0.0267173 0.0218659 0.0174007 0.0133339 0.00972254 0.00666022
 0.00760139 0.0124517 0.018933 0.0270431 0.0365386 0.0467733 0.0566702 0.0649894 0.0707718 0.0736335 0.07373 0.0715182 0.0675413 0.0623258 0.0563446 0.0499973 0.0435983 0.0373765 0.0314842 0.0260082 0.0209873 0.016438 0.0123848 0.00887758 0.00598206
 0.0076813 0.0125746 0.0191046 0.0272636 0.0368021 0.0470681 0.0569801 0.0652964 0.0710615 0.0739008 0.0739812 0.0717665 0.0677975 0.0625878 0.0565915 0.0501898 0.0436862 0.0373121 0.0312363 0.025574 0.0203976 0.0157543 0.0116863 0.0082415 0.00546428
 0.00773691 0.0126588 0.0192194 0.0274067 0.0369674 0.0472469 0.0571623 0.0654716 0.0712206 0.0740391 0.0741004 0.0718753 0.0679086 0.062712 0.0567307 0.0503307 0.043799 0.0373559 0.0311712 0.0253756 0.020069 0.0153293 0.0112212 0.00779857 0.00509279
 0.00779721 0.0127514 0.0193485 0.0275717 0.0371625 0.0474609 0.057379 0.0656713 0.0713846 0.0741547 0.074165 0.0718964 0.0679007 0.0626926 0.0567146 0.0503248 0.0437979 0.0373403 0.0311128 0.0252479 0.0198601 0.01505 0.010904 0.00748665 0.00482453
 0.00782277 0.0127917 0.0194067 0.0276498 0.0372605 0.047576 0.0575049 0.0657985 0.0715017 0.0742513 0.0742343 0.0719365 0.067915 0.0626887 0.0567021 0.0503121 0.0437879 0.0373276 0.031083 0.0251827 0.0197458 0.0148863 0.010707 0.00728369 0.00464342
 0.0078635 0.0128522 0.0194871 0.0277465 0.0373674 0.0476864 0.0576129 0.0658987 0.0715895 0.0743222 0.0742842 0.0719626 0.0679167 0.0626682 0.0566646 0.0502647 0.0437369 0.0372757 0.0310268 0.0251138 0.0196549 0.0147701 0.0105719 0.00714461 0.00451791
 0.00787569 0.0128694 0.019508 0.0277682 0.0373857 0.0476973 0.0576139 0.0658903 0.0715753 0.0743086 0.0742789 0.0719715 0.0679414 0.0627055 0.0567081 0.0503074 0.0437737 0.0373028 0.031041 0.0251106 0.01963 0.0147218 0.0105042 0.00706735 0.00444334
 0.00790219 0.0129068 0.0195537 0.027816 0.0374272 0.0477249 0.0576222 0.0658779 0.0715446 0.0742652 0.0742309 0.0719283 0.0679114 0.0626942 0.0567162 0.050331 0.0438057 0.0373353 0.0310668 0.0251239 0.0196268 0.0147008 0.010468 0.00702222 0.00439756
 0.0079048 0.0129118 0.0195625 0.0278296 0.0374454 0.0477446 0.0576375 0.0658814 0.0715301 0.0742316 0.074183 0.0718758 0.0678658 0.0626649 0.0567086 0.0503453 0.0438375 0.0373772 0.0311098 0.0251597 0.0196493 0.0147073 0.0104595 0.0070031 0.00437404
 0.007884 0.012875 0.0195021 0.0277378 0.0373175 0.0475832 0.0574557 0.0657006 0.071375 0.0741213 0.0741268 0.0718733 0.0679104 0.0627479 0.0568215 0.0504799 0.0439849 0.0375273 0.0312524 0.0252849 0.0197498 0.0147794 0.010504 0.00702495 0.00438032
 0.00788416 0.0128694 0.0194826 0.0276931 0.0372353 0.0474554 0.0572823 0.0654928 0.0711541 0.0739148 0.0739625 0.0717725 0.0678835 0.062793 0.0569267 0.0506284 0.0441592 0.0377111 0.0314313 0.0254469 0.0198858 0.0148841 0.010577 0.00706999 0.00440421
 0.0078929 0.0128823 0.0194993 0.0277111 0.0372496 0.0474572 0.0572603 0.0654355 0.0710543 0.073775 0.0737969 0.071605 0.0677414 0.0626992 0.0568938 0.0506566 0.0442384 0.0378252 0.0315624 0.0255785 0.0200045 0.0149813 0.010649 0.00711781 0.00443228
 0.00787461 0.0128547 0.0194618 0.0276646 0.0371962 0.0473998 0.0572015 0.0653769 0.0709952 0.073713 0.0737292 0.0715316 0.0676684 0.0626383 0.0568599 0.0506618 0.0442874 0.0379136 0.0316779 0.0257051 0.0201266 0.0150868 0.0107311 0.0071754 0.0044685
 0.00786247 0.0128304 0.0194172 0.0275902 0.0370847 0.0472508 0.0570253 0.0651937 0.0708296 0.0735854 0.0736502 0.0715007 0.0676771 0.0626766 0.0569205 0.0507425 0.0443889 0.0380357 0.0318165 0.0258509 0.0202673 0.0152106 0.0108301 0.00724714 0.00451538
 0.0078492 0.0128088 0.0193843 0.0275426 0.0370182 0.0471611 0.0569093 0.0650522 0.0706704 0.0734238 0.073507 0.0713962 0.0676247 0.0626791 0.0569712 0.0508299 0.0445018 0.0381656 0.0319564 0.0259937 0.0204043 0.0153327 0.0109301 0.00732158 0.0045655
 0.00780587 0.0127386 0.0192795 0.0273969 0.0368293 0.0469331 0.0566551 0.0647928 0.0704302 0.0732249 0.0733653 0.0713212 0.0676205 0.062745 0.057101 0.0510113 0.0447183 0.0383993 0.0321913 0.0262165 0.0206046 0.0155026 0.0110648 0.00742036 0.00463182
 0.00777443 0.0126857 0.0191964 0.0272747 0.036661 0.0467171 0.0563989 0.0645137 0.0701534 0.0729782 0.0731734 0.0712017 0.067582 0.0627877 0.0572179 0.0511903 0.0449434 0.0386519 0.032452 0.0264676 0.0208312 0.0156943 0.0112161 0.007531 0.00470615
 0.00773952 0.012629 0.0191112 0.0271548 0.0365015 0.0465169 0.0561623 0.0642523 0.0698852 0.0727254 0.0729595 0.0710478 0.0675041 0.0627936 0.0573068 0.0513529 0.0451641 0.038911 0.032728 0.0267393 0.0210801 0.0159067 0.0113845 0.00765431 0.00478906
 0.00769252 0.012552 0.0189946 0.0269897 0.0362827 0.046246 0.0558511 0.0639229 0.0695657 0.0724445 0.0727401 0.070906 0.0674488 0.0628279 0.0574277 0.0515515 0.0454255 0.0392153 0.033052 0.0270592 0.0213742 0.0161583 0.0115841 0.00780052 0.00488726
 0.00770818 0.0125704 0.0190088 0.0269883 0.0362519 0.0461733 0.0557295 0.0637532 0.0693571 0.0722127 0.0725062 0.0706929 0.0672778 0.0627163 0.0573866 0.051585 0.04553 0.03938 0.0332596 0.027288 0.0216015 0.016364 0.0117542 0.00792897 0.00497555
 0.00766152 0.0125061 0.0189331 0.026913 0.0361893 0.0461293 0.0556987 0.0637202 0.0693035 0.0721264 0.0723871 0.0705527 0.0671369 0.0625969 0.0573086 0.0515621 0.0455686 0.0394778 0.0334064 0.0274667 0.0217915 0.0165447 0.0119093 0.00804941 0.00506013
 0.00764076 0.01247 0.0188753 0.026828 0.0360764 0.0459965 0.0555641 0.0636072 0.069231 0.0720986 0.0723908 0.0705655 0.0671388 0.0625811 0.0572824 0.0515424 0.0455735 0.0395202 0.0334898 0.0275848 0.0219302 0.0166864 0.0120376 0.00815325 0.00513538
 0.00762821 0.0124484 0.0188403 0.0267746 0.0359995 0.0458927 0.0554346 0.06346 0.0690819 0.0719686 0.0722996 0.0705238 0.0671442 0.0626194 0.0573363 0.0516004 0.0456339 0.0395892 0.0335749 0.0276889 0.0220488 0.0168087 0.0121509 0.00824715 0.00520496
 0.00759595 0.0124011 0.0187786 0.0267019 0.0359205 0.0458112 0.0553517 0.063375 0.0689937 0.0718792 0.0722161 0.0704574 0.0671068 0.0626182 0.0573707 0.0516624 0.045713 0.0396774 0.0336694 0.0277894 0.022154 0.0169137 0.0122479 0.00832852 0.00526637
 0.00757291 0.0123617 0.0187162 0.0266102 0.0357963 0.0456583 0.0551824 0.0632087 0.0688509 0.0717742 0.0721535 0.0704338 0.0671161 0.0626564 0.0574355 0.0517518 0.0458224 0.0398001 0.0337977 0.0279173 0.0222765 0.0170265 0.0123463 0.00840848 0.0053258
 0.00756631 0.0123499 0.0186959 0.0265776 0.0357466 0.0455869 0.0550871 0.0630914 0.0687195 0.0716421 0.0720369 0.0703475 0.067069 0.0626496 0.0574651 0.0518114 0.0459056 0.0399005 0.0339088 0.028032 0.0223882 0.0171292 0.0124349 0.00847965 0.00537837
 0.00757069 0.012358 0.01871 0.0265995 0.035777 0.0456231 0.0551223 0.0631149 0.0687196 0.0716106 0.0719725 0.0702576 0.0669674 0.0625529 0.0573876 0.0517618 0.0458866 0.0399098 0.0339415 0.0280816 0.0224474 0.0171907 0.0124925 0.00852837 0.00541572
 0.00754765 0.0123233 0.0186631 0.0265421 0.0357132 0.0455591 0.0550651 0.0630712 0.0686934 0.071601 0.0719739 0.0702616 0.0669674 0.0625473 0.0573804 0.0517606 0.0458987 0.0399396 0.0339887 0.0281422 0.0225152 0.0172585 0.012554 0.00857909 0.00545372
 0.00753945 0.0123094 0.018641 0.0265096 0.0356691 0.0455045 0.0550044 0.0630118 0.0686441 0.0715688 0.0719617 0.070267 0.0669841 0.0625676 0.0573986 0.0517751 0.0459126 0.0399581 0.0340163 0.0281804 0.0225616 0.0173084 0.0126016 0.00861984 0.00548497
 0.00753026 0.012296 0.0186236 0.0264892 0.0356467 0.0454804 0.0549781 0.0629824 0.0686117 0.0715359 0.0719325 0.0702468 0.0669761 0.0625717 0.0574118 0.051793 0.0459319 0.0399782 0.0340389 0.0282076 0.0225941 0.0173443 0.0126373 0.00865147 0.00550995
 0.00750318 0.0122531 0.0185614 0.0264058 0.0355429 0.045361 0.0548523 0.0628633 0.0685126 0.0714671 0.071899 0.0702482 0.0670088 0.0626303 0.0574899 0.0518834 0.0460273 0.0400723 0.0341275 0.0282887 0.0226669 0.0174081 0.0126912 0.00869429 0.00554139
 0.00748485 0.0122237 0.0185179 0.0263457 0.0354648 0.0452655 0.0547433 0.0627481 0.0684017 0.0713722 0.0718306 0.0702132 0.0670097 0.0626652 0.0575531 0.0519676 0.0461242 0.040174 0.0342272 0.0283813 0.0227492 0.0174782 0.0127481 0.00873798 0.00557262
 0.00750433 0.0122489 0.0185441 0.0263642 0.0354657 0.0452409 0.0546904 0.0626704 0.0683071 0.0712709 0.0717333 0.0701299 0.0669487 0.0626323 0.0575505 0.0519936 0.0461736 0.0402396 0.0343012 0.0284563 0.0228194 0.0175396 0.0127984 0.00877653 0.00560001
 0.00750433 0.0122489 0.0185441 0.0263642 0.0354657 0.0452409 0.0546904 0.0626704 0.0683071 0.0712709 0.0717333 0.0701299 0.0669487 0.0626323 0.0575505 0.0519936 0.0461736 0.0402396 0.0343012 0.0284563 0.0228194 0.0175396 0.0127984 0.00877653 0.00560001
 0.0073635 0.0120313 0.0182379 0.0259672 0.0349862 0.044699 0.0541199 0.0621177 0.0678264 0.0709131 0.0715354 0.070108 0.0670967 0.0629252 0.0579519 0.0524626 0.0466715 0.040733 0.0347634 0.0288681 0.0231681 0.0178194 0.01301 0.00892625 0.00569835
 0.00725855 0.0118475 0.0179383 0.0255127 0.0343488 0.0438807 0.0531675 0.0611227 0.0669039 0.070172 0.0710536 0.0699223 0.0672056 0.0632972 0.0585345 0.0531913 0.0474785 0.041555 0.0355472 0.0295732 0.0237679 0.018301 0.0133732 0.00918183 0.00586497
 0.00723699 0.0118065 0.0178643 0.025386 0.0341435 0.0435688 0.0527259 0.0605447 0.0662115 0.0694221 0.0703328 0.0693285 0.0668228 0.0631749 0.0586795 0.0535721 0.0480372 0.0422209 0.0362489 0.0302483 0.0243691 0.0187988 0.0137564 0.00945505 0.0060445
 0.00726801 0.0118575 0.0179413 0.0254921 0.0342755 0.0437109 0.0528465 0.0605978 0.0661463 0.0692001 0.0699455 0.0688084 0.0662415 0.062627 0.0582567 0.0533386 0.0480148 0.0423894 0.0365577 0.0306329 0.0247672 0.0191614 0.0140534 0.00967581 0.00619362
 0.00726146 0.0118557 0.0179548 0.0255363 0.0343659 0.0438565 0.0530424 0.0608214 0.0663586 0.0693513 0.0699855 0.0687008 0.0659778 0.0622365 0.0578042 0.0529084 0.0476859 0.0422119 0.0365413 0.0307502 0.0249679 0.0193911 0.014268 0.009849 0.00631708
 0.00728811 0.0119005 0.0180251 0.0256405 0.0345126 0.0440523 0.0532883 0.0611093 0.0666682 0.0696497 0.0702288 0.0688409 0.0659737 0.0620679 0.0574824 0.0524796 0.0472223 0.0417917 0.0362254 0.0305659 0.0249065 0.0194184 0.0143415 0.0099324 0.00638806
 0.00724512 0.0118358 0.0179379 0.0255347 0.0343971 0.0439412 0.0532004 0.0610662 0.0666901 0.0697479 0.0703994 0.0690609 0.0662028 0.0622568 0.0575878 0.0524793 0.0471251 0.0416356 0.0360638 0.0304463 0.0248543 0.0194318 0.0143987 0.0100056 0.00645531
 0.00717297 0.0117209 0.0177701 0.0253076 0.0341114 0.0436086 0.0528471 0.0607317 0.0664205 0.0695851 0.0703705 0.0691717 0.0664359 0.0625735 0.0579357 0.0528041 0.047386 0.0418169 0.0361767 0.0305202 0.0249197 0.0195069 0.0144847 0.010092 0.00652968
 0.0071681 0.0117042 0.0177288 0.0252244 0.0339692 0.0433972 0.0525702 0.0604098 0.0660879 0.0692834 0.0701409 0.0690475 0.0664358 0.0626972 0.0581613 0.0530925 0.0476898 0.0420944 0.0364033 0.0306923 0.0250498 0.0196116 0.0145752 0.0101709 0.00659432
 0.00722251 0.0117936 0.0178638 0.0254123 0.034208 0.0436694 0.0528391 0.0606246 0.0661988 0.06926 0.0699847 0.0687916 0.0661334 0.0624046 0.0579225 0.0529292 0.0475997 0.0420571 0.0363926 0.0306879 0.0250433 0.0196049 0.0145735 0.0101768 0.00660593
 0.00725961 0.0118589 0.017971 0.0255771 0.034444 0.0439809 0.0532143 0.0610313 0.0665866 0.0695698 0.070163 0.0688051 0.0659807 0.0621176 0.0575566 0.0525459 0.0472485 0.0417654 0.0361654 0.030516 0.024914 0.0195087 0.0145052 0.0101328 0.00658146
 0.00727363 0.0118876 0.0180256 0.0256721 0.034595 0.0441999 0.053504 0.0613817 0.0669737 0.0699568 0.0705034 0.0690498 0.0660883 0.0620664 0.0573536 0.0522264 0.046866 0.041375 0.0358095 0.0302179 0.0246795 0.0193333 0.0143805 0.0100496 0.00653041
#pred catch len freq
 0.00316423 0.00514055 0.00776406 0.0110821 0.0151378 0.019922 0.0253124 0.0310629 0.0368529 0.0423526 0.0472712 0.0513944 0.0546138 0.0569316 0.0584373 0.0592756 0.0596226 0.0596505 0.0594471 0.0588827 0.0575038 0.0545956 0.0495016 0.0420823 0.032998
 0.00342994 0.00550591 0.00819309 0.011506 0.0154819 0.0201435 0.025424 0.0311219 0.0369201 0.0424496 0.0473669 0.0514306 0.054552 0.0567895 0.0582917 0.0592285 0.0597464 0.0599382 0.0597932 0.0591128 0.0574465 0.0541643 0.0487401 0.0411453 0.0320779
 0.00352493 0.00569807 0.00854662 0.0120897 0.0163352 0.0212348 0.0266284 0.0322484 0.0377855 0.0429546 0.0475233 0.0513239 0.0542765 0.0564087 0.0578445 0.0587569 0.059305 0.0595701 0.0594898 0.0587971 0.057003 0.0535057 0.0478673 0.0401573 0.0311249
 0.00368271 0.00593826 0.00888336 0.0125399 0.0169324 0.0220375 0.0277071 0.0336405 0.0394371 0.0446907 0.0490825 0.0524523 0.0548252 0.0563741 0.0573355 0.0579278 0.0583004 0.0584964 0.0584037 0.057702 0.0558638 0.0522884 0.0465849 0.0388882 0.0299854
 0.00388858 0.00626741 0.0093677 0.013204 0.0177888 0.0230826 0.0289212 0.0349961 0.0409097 0.046255 0.0506844 0.0539742 0.0560819 0.0571621 0.0575122 0.0574681 0.0572951 0.0571006 0.0567734 0.0559523 0.054064 0.0504865 0.0448413 0.0372908 0.0286319
 0.00411004 0.00662203 0.00989259 0.0139333 0.0187511 0.0242945 0.0303758 0.0366531 0.0426936 0.0480669 0.0524205 0.0555388 0.0573844 0.0581021 0.0579754 0.0573496 0.0565426 0.0557466 0.0549306 0.0537788 0.0517246 0.0481347 0.0426191 0.0353282 0.0270307
 0.00434993 0.0070056 0.0104591 0.0147185 0.0197849 0.0255957 0.0319424 0.0384523 0.0446574 0.0500945 0.0543883 0.0573154 0.0588477 0.0591501 0.058525 0.0573305 0.0558994 0.0544588 0.053039 0.0513993 0.0490389 0.0453622 0.0399831 0.0330209 0.0251811
