SBPRF35
12.7214
Curr Bio
861215
B35
876053
F35
0.171416
FOFL
0.171416
OFL
125105
Bzero
3.63469e+006
#pred survey bio
 3.63926e+006 3.51989e+006 3.41066e+006 3.26112e+006 3.04367e+006 2.79951e+006 2.5431e+006 2.29174e+006 2.04318e+006 1.79824e+006 1.60464e+006 1.43844e+006 1.27202e+006 1.12856e+006 1.01658e+006 869235 800497 746534 684920 630592 604308 587591 550289 538701 523407 526362 522084 528162 530761 534521 535927 549756 566032 574938 586485 587132 602037 609840 620365 624741 627651 635602 639993 640581 653575 664888 664421 666379 685471 703390 700407 753299 772745 794452 804606 836022 840529 826773 836875 823700 826610 842946 867693 2.06634e+007 1.88677e+007 1.91364e+007 1.98958e+007 2.09752e+007 2.21764e+007 2.33505e+007 2.44088e+007 2.53123e+007 2.60552e+007 2.66502e+007 2.71181e+007 2.74816e+007 2.77619e+007 2.79769e+007 2.81416e+007 2.82678e+007 2.83647e+007 2.84392e+007 2.84968e+007 2.85415e+007 2.85763e+007 2.86036e+007 2.8625e+007 2.86419e+007 2.86553e+007 2.8666e+007 2.86744e+007 2.86812e+007 2.86867e+007 2.86911e+007 2.86946e+007 2.86974e+007 2.86998e+007 2.87016e+007 2.87032e+007 2.87044e+007 2.87054e+007 2.87062e+007 2.87069e+007 2.87075e+007 2.87079e+007 2.87083e+007 2.87086e+007 2.87088e+007 2.8709e+007 2.87092e+007 2.87093e+007 2.87094e+007 2.87095e+007 2.87096e+007 2.87097e+007 2.87097e+007 2.87097e+007 2.87098e+007 2.87098e+007 2.87098e+007 2.87098e+007 2.87099e+007 2.87099e+007 2.87099e+007 2.87099e+007 2.87099e+007 2.87099e+007 2.87099e+007 2.87099e+007 2.87099e+007 2.87099e+007 2.87099e+007 2.87099e+007 2.87099e+007 2.87099e+007 2.87099e+007 2.87099e+007 2.87099e+007 2.87099e+007 2.87099e+007 2.87099e+007 2.87099e+007 2.87099e+007 2.87099e+007 2.87099e+007 2.87099e+007 2.87099e+007 2.87099e+007 2.87099e+007 2.87099e+007 2.87099e+007 2.87099e+007 2.87099e+007 2.87099e+007 2.87099e+007 2.87099e+007 2.87099e+007 2.87099e+007 2.87099e+007 2.87099e+007 2.87099e+007 2.87099e+007 2.87099e+007 0 0 0 0 0 0 0 0 0 0 0 0 0 0 0 0 0 0 0 0 0 0 0 0 0
#obs survey bio
 3.4532e+006 2.86008e+006 3.89799e+006 2.98423e+006 3.41475e+006 2.63915e+006 2.75847e+006 2.59759e+006 1.47059e+006 1.68923e+006 1.26405e+006 1.43112e+006 1.11802e+006 1.2189e+006 867294 960925 717299 755340 587230 723535 528497 523414 649668 679952 368960 629974 706949 422383 454767 635106 556162 501886 527350 821026 490315 539555 727019 782010 543353 615624 580839 517586 457576 621808 579985 611010 820596 710805 622909 576223 885999 862504 701256 949054 1.01035e+006 954667 952762 853672 850746 731748 737061 625050 1.08016e+006
#pred catch bio
 99122.3 96696.4 143308 217296 256081 282879 294062 306798 317433 283294 268890 275944 259031 232840 261187 189469 175170 177599 165135 136496 125523 139198 114330 116329 100883 107120 98094.4 100899 99489 100993 90692.5 89429.2 95665.6 93010.9 101742 89716.7 96457.3 94886 101161 103378 100591 105151 108969 99117.6 101687 111823 109289 95662.7 98782.1 117299 71076.6 101135 99135.4 109256 91758.1 115633 130838 110848 131696 117971 107501 101621 97370.2 125105 124840 125420 129266 135691 143028 150168 156509 161809 166051 169337 171824 173669 175019 175996 176695 177193 177545 177793 177967 178088 178173 178232 178273 178302 178321 178335 178344 178351 178355 178358 178361 178362 178363 178364 178364 178365 178365 178365 178365 178365 178365 178365 178365 178365 178365 178365 178365 178365 178365 178365 178365 178365 178365 178365 178365 178365 178365 178365 178365 178365 178365 178365 178365 178365 178365 178365 178365 178365 178365 178365 178365 178365 178365 178365 178365 178365 178365 178365 178365 178365 178365 178365 178365 178365 178365 178365 178365 178365 178365 178365 178365 178365 178365 178365 178365 178365 178365 178365 178365 0 0 0 0 0 0 0 0 0 0 0 0 0 0 0 0 0 0 0 0 0 0 0 0 0
#obs catch bio
 0 96441.9 143276 217611 255986 283018 293243 305632 317739 283529 269913 278075 261301 233127 264878 189656 176053 178950 166155 136272 125797 139238 114036 116424 101679 107994 98517.1 101531 99924.4 101185 90983.3 89674.9 95830.9 92334 101541 89259.1 96293.8 94282.7 100976 103094 100428 105536 109748 99210 101968 112133 109288 95337.5 98595.8 118257 70552.8 101237 98971.9 109523 91401.4 115317 130765 110249 131846 118058 107639 102048 97310.4
#pred cpue bio
 3.5971e+006 3.47904e+006 3.36979e+006 3.22018e+006 3.0034e+006 2.75991e+006 2.50429e+006 2.25374e+006 2.00596e+006 1.76192e+006 1.56894e+006 1.40337e+006 1.23806e+006 1.09581e+006 984867 839638 771809 718829 658865 606169 580715 564629 528327 516992 501877 504648 500613 506782 509509 513355 514848 528499 544676 553734 565283 565985 580584 588267 598482 602579 605208 612735 616912 617564 630359 641490 641140 643128 661740 679165 676279 728612 748237 769612 779508 810466 814900 801118 810732 797652 800527 816676 841227 2.00529e+007 1.83147e+007 1.84663e+007 1.91171e+007 2.0167e+007 2.13627e+007 2.2536e+007 2.35942e+007 2.44976e+007 2.52405e+007 2.58355e+007 2.63034e+007 2.6667e+007 2.69472e+007 2.71622e+007 2.73269e+007 2.74531e+007 2.755e+007 2.76245e+007 2.76821e+007 2.77268e+007 2.77616e+007 2.77889e+007 2.78103e+007 2.78272e+007 2.78406e+007 2.78513e+007 2.78598e+007 2.78665e+007 2.7872e+007 2.78764e+007 2.78799e+007 2.78828e+007 2.78851e+007 2.7887e+007 2.78885e+007 2.78897e+007 2.78907e+007 2.78916e+007 2.78922e+007 2.78928e+007 2.78932e+007 2.78936e+007 2.78939e+007 2.78941e+007 2.78943e+007 2.78945e+007 2.78946e+007 2.78947e+007 2.78948e+007 2.78949e+007 2.7895e+007 2.7895e+007 2.78951e+007 2.78951e+007 2.78951e+007 2.78951e+007 2.78952e+007 2.78952e+007 2.78952e+007 2.78952e+007 2.78952e+007 2.78952e+007 2.78952e+007 2.78952e+007 2.78952e+007 2.78952e+007 2.78952e+007 2.78952e+007 2.78952e+007 2.78952e+007 2.78952e+007 2.78952e+007 2.78952e+007 2.78952e+007 2.78952e+007 2.78952e+007 2.78952e+007 2.78952e+007 2.78952e+007 2.78952e+007 2.78952e+007 2.78952e+007 2.78952e+007 2.78952e+007 2.78952e+007 2.78952e+007 2.78952e+007 2.78952e+007 2.78952e+007 2.78952e+007 2.78952e+007 2.78952e+007 2.78952e+007 2.78952e+007 2.78952e+007 2.78952e+007 2.78952e+007 2.78952e+007 2.78952e+007 0 0 0 0 0 0 0 0 0 0 0 0 0 0 0 0 0 0 0 0 0 0 0 0 0
#obs cpue bio
 2.99097e+006 3.47924e+006 3.90318e+006 3.81774e+006 2.82959e+006 2.55306e+006 3.26466e+006 2.21806e+006 1.96462e+006 1.64333e+006 1.49954e+006 1.13542e+006 1.18321e+006 1.32016e+006 736627 983532 675843 627813 768714 706215 492735 867822 433793 393258 342459 453212 368844 555172 599329 532617 377222 569819 693384 742053 561458 679162 446563 656036 524337 683948 571801 506003 667635 825856 604122 770759 638762 701882 654387 589920 792007 668355 757034 576102 721950 931024 671701 856109 665583 764402 810747 763159 1.06759e+006
#pred surv len freq
 0.00423105 0.00696396 0.010658 0.0153534 0.0209682 0.027208 0.0335476 0.0393733 0.044217 0.0479055 0.0505283 0.0522998 0.053439 0.0541189 0.0544622 0.0545583 0.0544834 0.0543012 0.0540087 0.0534279 0.0521136 0.0494095 0.0447306 0.0379666 0.0297262
 0.00450999 0.00733813 0.0110774 0.0157294 0.0212076 0.0272602 0.0334355 0.0391816 0.0440421 0.0478003 0.0504799 0.0522531 0.053347 0.0539844 0.0543456 0.0545482 0.0546468 0.0546359 0.0544247 0.0537706 0.0522257 0.0492027 0.0442283 0.0372902 0.0290348
 0.00456552 0.00748466 0.0113953 0.0163109 0.0221131 0.028462 0.0347871 0.0404487 0.044994 0.0483065 0.0505497 0.0519956 0.0528932 0.0534317 0.0537538 0.0539652 0.0541237 0.0542111 0.054091 0.0534595 0.0518321 0.0486431 0.0434938 0.0364585 0.0282302
 0.00467161 0.00764329 0.0116135 0.0165997 0.0225008 0.0290043 0.0355559 0.0414918 0.0462795 0.0496919 0.0518101 0.0529076 0.0533241 0.0533775 0.0533117 0.0532734 0.0533116 0.0533741 0.0532789 0.0526726 0.0510323 0.0477875 0.0425765 0.0355301 0.0273796
 0.00485052 0.00793663 0.012058 0.0172274 0.0233292 0.0300253 0.0367315 0.0427641 0.0475917 0.0509992 0.0530651 0.0540298 0.0541879 0.053843 0.0532835 0.0527457 0.0523677 0.052146 0.0518963 0.0512283 0.0495772 0.0463507 0.0411952 0.0342653 0.0263047
 0.00504294 0.00825404 0.0125445 0.0179274 0.0242791 0.0312393 0.0381854 0.0443888 0.0492817 0.0526364 0.0545444 0.0552722 0.0551338 0.054434 0.0534522 0.0524305 0.0515457 0.0508579 0.0502428 0.0493416 0.0475903 0.0443829 0.0393542 0.0326487 0.0249891
 0.00527858 0.00863446 0.0131125 0.0187224 0.0253314 0.0325602 0.0397554 0.0461505 0.051143 0.0544831 0.0562557 0.056736 0.0562576 0.0551491 0.0537092 0.0521913 0.0507837 0.0495731 0.0484824 0.0472102 0.0452414 0.0419967 0.0371101 0.0306988 0.0234332
 0.00554872 0.00907103 0.0137647 0.0196339 0.0265323 0.0340544 0.0415076 0.0480824 0.0531455 0.0564364 0.0580475 0.0582683 0.057447 0.0559255 0.0540153 0.0519829 0.0500306 0.0482656 0.0466467 0.0449273 0.0426581 0.0393155 0.0345559 0.028472 0.0216648
 0.00583148 0.00953444 0.0144688 0.0206361 0.0278758 0.0357488 0.0435108 0.0502947 0.0554249 0.0586281 0.0600109 0.059893 0.058655 0.0566646 0.0542498 0.0516851 0.049178 0.0468469 0.0446781 0.0424767 0.039864 0.0363873 0.0317432 0.0260075 0.0197059
 0.00615857 0.010064 0.0152618 0.0217486 0.0293485 0.0375914 0.0456835 0.0527001 0.0579171 0.0610376 0.0621722 0.0616661 0.0599375 0.0573948 0.0544003 0.0512498 0.0481598 0.0452538 0.0425349 0.0398494 0.0368862 0.0332678 0.0287401 0.0233697 0.0176064
 0.00642946 0.0105045 0.0159254 0.0226855 0.0305977 0.0391664 0.0475576 0.0547994 0.0601299 0.0632321 0.0642145 0.0634307 0.0613145 0.058295 0.0547603 0.0510329 0.0473522 0.0438613 0.0405867 0.0374138 0.0340924 0.0303152 0.0258773 0.0208406 0.0155845
 0.00661535 0.0108216 0.0164302 0.0234401 0.0316565 0.0405558 0.0492558 0.0567308 0.0621778 0.0652644 0.0661055 0.0650728 0.0626188 0.0591889 0.0551848 0.0509423 0.0467159 0.0426684 0.038855 0.0352049 0.0315281 0.0275843 0.0232147 0.018478 0.0136892
 0.00684361 0.011195 0.0169969 0.0242481 0.0327462 0.0419467 0.0509311 0.0586273 0.0641891 0.0672566 0.0679388 0.066622 0.0637882 0.0599173 0.0554401 0.0507099 0.0459889 0.0414466 0.037155 0.0330792 0.0290856 0.024997 0.0206994 0.0162492 0.011902
 0.00709068 0.0115919 0.0175855 0.0250643 0.0338139 0.0432682 0.0524763 0.0603301 0.0659552 0.068979 0.0695127 0.0679527 0.0647958 0.0605402 0.0556382 0.0504633 0.0452936 0.0403103 0.0356 0.031156 0.0268902 0.0226797 0.0184502 0.0142573 0.0103048
 0.00713518 0.0116983 0.0178084 0.0254749 0.0344821 0.0442347 0.0537285 0.061797 0.0675259 0.0705325 0.070942 0.069175 0.0657501 0.0611814 0.0559317 0.0503842 0.0448271 0.0394541 0.0343701 0.0295962 0.0250846 0.0207578 0.0165747 0.0125899 0.0089637
 0.00753241 0.0123125 0.0186751 0.0266093 0.0358811 0.0458784 0.0555733 0.0637645 0.0694963 0.0723533 0.0724531 0.0702426 0.0662968 0.0611967 0.0554598 0.049496 0.043594 0.0379345 0.0326122 0.0276533 0.0230328 0.0187059 0.0146557 0.0109328 0.00765753
 0.00759279 0.0124232 0.0188642 0.0269094 0.0363207 0.0464702 0.0563069 0.0646097 0.0704175 0.0733201 0.0734375 0.0712032 0.0671648 0.0618813 0.0558718 0.0495738 0.0433166 0.0373169 0.0316945 0.0264936 0.0217087 0.0173171 0.0133168 0.00975353 0.00671532
 0.00747163 0.0122607 0.0186845 0.026759 0.0362593 0.0465541 0.0565723 0.0650638 0.0710386 0.074065 0.0742526 0.0720345 0.0679626 0.0625965 0.0564495 0.0499543 0.0434455 0.0371606 0.0312512 0.0257964 0.0208226 0.0163323 0.012336 0.00887296 0.00600353
 0.007507 0.0123056 0.0187305 0.0267957 0.0362834 0.0465808 0.0566403 0.0652261 0.0713395 0.0745169 0.0748251 0.0726646 0.0685776 0.063135 0.0568689 0.0502254 0.0435437 0.0370639 0.0309472 0.025294 0.0201604 0.0155771 0.0115713 0.00817977 0.00544024
 0.00771423 0.0126088 0.0191236 0.0272487 0.0367488 0.0470055 0.0569789 0.065452 0.0714537 0.0745497 0.0748268 0.072685 0.0686439 0.0632416 0.0569834 0.0503039 0.0435443 0.0369535 0.0307051 0.0249163 0.0196656 0.015008 0.0109887 0.00764632 0.0050036
 0.00773587 0.0126508 0.0191977 0.0273666 0.0369138 0.0472041 0.0571762 0.0655999 0.0715103 0.0745021 0.0747023 0.0725428 0.0685512 0.0632458 0.0570947 0.0504932 0.0437565 0.0371265 0.0307868 0.0248764 0.0195014 0.0147441 0.0106702 0.00732569 0.00472491
 0.00771832 0.0126183 0.0191427 0.027282 0.0367982 0.0470665 0.0570379 0.065488 0.0714456 0.0744877 0.0747244 0.0725833 0.0686034 0.0633214 0.0572145 0.0506704 0.0439816 0.0373658 0.0309933 0.0250068 0.0195313 0.0146761 0.0105304 0.00715347 0.00455844
 0.00796296 0.0129926 0.0196611 0.0279386 0.0375651 0.0478932 0.057853 0.0662066 0.0719848 0.0747873 0.0747596 0.072366 0.0681743 0.0627405 0.056553 0.0500006 0.0433636 0.0368348 0.0305547 0.0246427 0.0192155 0.0143892 0.0102676 0.00692236 0.00437041
 0.00807971 0.0131656 0.0198899 0.0282121 0.0378636 0.0481947 0.0581369 0.0664551 0.0721834 0.0749249 0.0748291 0.0723637 0.0680999 0.0625971 0.0563498 0.0497546 0.0430992 0.0365778 0.0303239 0.024444 0.0190435 0.0142342 0.0101242 0.00679254 0.00426075
 0.00818054 0.0133369 0.0201599 0.028607 0.0383969 0.0488517 0.058865 0.0671682 0.0727843 0.0753355 0.0750107 0.0723202 0.0678648 0.0622175 0.0558736 0.0492255 0.0425556 0.0360531 0.0298448 0.0240281 0.0186974 0.0139552 0.00990485 0.00662478 0.0041378
 0.00802746 0.0131097 0.0198599 0.0282535 0.0380274 0.0485176 0.0586245 0.0670744 0.0728693 0.0755951 0.0754019 0.0727736 0.068308 0.0625944 0.0561541 0.0494026 0.042639 0.0360617 0.0298012 0.0239545 0.0186117 0.0138697 0.00982673 0.00655784 0.0040841
 0.00800752 0.0130667 0.0197764 0.0281099 0.03781 0.0482309 0.0583001 0.0667691 0.07265 0.0755168 0.0754885 0.0730105 0.068648 0.0629735 0.05651 0.0496899 0.0428359 0.0361683 0.0298329 0.0239332 0.0185598 0.0138056 0.00976329 0.00650266 0.00404062
 0.00795208 0.0129713 0.0196232 0.0278784 0.0374819 0.0477979 0.0577729 0.0661845 0.0720711 0.0750241 0.0751637 0.0729148 0.0688029 0.0633525 0.0570455 0.0502942 0.0434252 0.0366816 0.0302389 0.0242277 0.0187561 0.0139253 0.0098289 0.00653354 0.00405159
 0.0079119 0.0129111 0.0195414 0.0277751 0.0373561 0.0476443 0.0575813 0.0659436 0.0717762 0.0746866 0.0748171 0.072612 0.0686044 0.0633074 0.0571732 0.0505759 0.0438095 0.0371016 0.0306332 0.024555 0.0189999 0.0140894 0.00992858 0.00658777 0.00407743
 0.00789701 0.0128793 0.01948 0.0276691 0.0371933 0.0474225 0.0573132 0.0656541 0.0714932 0.0744307 0.0745977 0.0724334 0.0684755 0.0632472 0.0572065 0.0507199 0.044061 0.0374324 0.030997 0.0249025 0.0192937 0.0143116 0.0100798 0.00668052 0.00412869
 0.00790566 0.0128924 0.0194972 0.0276876 0.0372063 0.0474184 0.0572765 0.06557 0.0713547 0.0742439 0.0743814 0.0722133 0.0682761 0.0630884 0.0571046 0.0506896 0.0441122 0.0375637 0.0311911 0.0251282 0.0195156 0.0145009 0.010222 0.0067753 0.00418484
 0.00778395 0.0127022 0.0192258 0.0273303 0.0367688 0.0469199 0.0567515 0.0650656 0.0709216 0.0739239 0.0741989 0.0721734 0.068369 0.0632947 0.0574007 0.0510515 0.0445185 0.0379955 0.0316293 0.0255505 0.0198973 0.0148206 0.0104673 0.00694639 0.00429282
 0.00761937 0.0124446 0.0188575 0.0268427 0.0361662 0.0462231 0.0560017 0.0643244 0.0702617 0.0734148 0.0738914 0.0720912 0.0685071 0.0636249 0.0578798 0.0516309 0.0451514 0.0386416 0.0322549 0.026128 0.0204036 0.0152383 0.0107881 0.00717339 0.00443944
 0.00760281 0.0124011 0.0187614 0.0266611 0.0358677 0.045792 0.0554503 0.0636953 0.0696181 0.0728252 0.0734159 0.0717741 0.0683743 0.0636826 0.058115 0.0520134 0.04564 0.0391902 0.0328189 0.0266681 0.0208884 0.0156454 0.011106 0.00740235 0.00459027
 0.00758124 0.0123642 0.0187015 0.0265671 0.0357239 0.0455789 0.0551486 0.0632941 0.0691257 0.0722756 0.0728676 0.0712976 0.0680344 0.0635229 0.0581511 0.052234 0.0460123 0.039668 0.0333505 0.0272033 0.021384 0.01607 0.0114423 0.00764742 0.00475361
 0.00765352 0.0124747 0.0188543 0.0267598 0.0359462 0.0458116 0.0553618 0.0634479 0.0691757 0.0721842 0.0726178 0.0709041 0.0675457 0.063012 0.0576966 0.0518998 0.0458336 0.0396475 0.0334632 0.0274072 0.0216318 0.0163189 0.0116606 0.00781811 0.00487335
 0.0075746 0.012355 0.0186905 0.0265551 0.0357102 0.0455593 0.0551123 0.0632222 0.0689925 0.0720536 0.072537 0.0708586 0.0675167 0.0629882 0.0576826 0.0519163 0.0459082 0.0398005 0.0336969 0.0277026 0.0219549 0.0166315 0.0119311 0.00802863 0.00502085
 0.00764035 0.0124412 0.0187823 0.0266267 0.0357329 0.0455137 0.0549978 0.0630576 0.0688072 0.0718756 0.0723839 0.0707352 0.0674176 0.0629038 0.0576063 0.0518503 0.0458655 0.0398004 0.0337552 0.0278228 0.0221237 0.0168228 0.0121161 0.00818444 0.0051366
 0.00764782 0.0124611 0.0188252 0.0267033 0.0358472 0.0456537 0.0551322 0.063143 0.0688062 0.0717754 0.0722032 0.0705143 0.0671997 0.0627183 0.0574638 0.0517489 0.0458003 0.0397709 0.033766 0.0278777 0.0222191 0.0169456 0.012246 0.00830201 0.00522899
 0.00768676 0.0125229 0.0189157 0.0268279 0.0360105 0.0458582 0.0553741 0.0634073 0.0690623 0.0719801 0.0723119 0.0704973 0.0670557 0.0624752 0.0571668 0.0514435 0.0455207 0.0395376 0.0335895 0.0277621 0.0221625 0.0169388 0.0122736 0.00834575 0.00527335
 0.00775742 0.0126308 0.0190651 0.027018 0.0362358 0.0461095 0.0556395 0.0636721 0.0693099 0.072192 0.0724675 0.0705742 0.0670336 0.0623441 0.0569346 0.0511374 0.0451806 0.0392046 0.0332964 0.027529 0.0219969 0.0168371 0.0122239 0.00833162 0.00527834
 0.00769242 0.0125462 0.0189762 0.0269516 0.0362218 0.0461687 0.0557737 0.0638641 0.0695316 0.0724157 0.0726725 0.0707467 0.0671619 0.0624153 0.0569368 0.0510659 0.0450436 0.039024 0.0331021 0.0273499 0.0218537 0.0167383 0.012167 0.00830691 0.00527344
 0.0075948 0.0124003 0.0187819 0.0267203 0.0359776 0.0459466 0.0556156 0.0638094 0.0696044 0.0726132 0.0729627 0.0710792 0.0674848 0.0626888 0.0571374 0.0511844 0.0450817 0.0389931 0.0330224 0.0272468 0.0217517 0.0166553 0.0121107 0.00827585 0.0052608
 0.00763014 0.0124377 0.0188017 0.0266937 0.035877 0.0457608 0.0553617 0.0635333 0.0693678 0.0724725 0.072951 0.0711968 0.0677019 0.062957 0.0574054 0.0514107 0.0452417 0.0390801 0.0330441 0.0272212 0.0217009 0.0165997 0.0120644 0.00824471 0.00524398
 0.00757862 0.0123589 0.0186915 0.0265489 0.0356924 0.0455277 0.0550705 0.063182 0.0689742 0.0720814 0.0726289 0.0710122 0.0677004 0.0631432 0.057742 0.0518331 0.0456801 0.0394778 0.0333678 0.0274608 0.0218643 0.0167039 0.0121282 0.00828344 0.00526787
 0.00747724 0.0122085 0.0184919 0.0263096 0.0354302 0.0452611 0.054815 0.0629471 0.068762 0.0718899 0.0724588 0.0708757 0.0676246 0.0631625 0.0578809 0.0520911 0.0460269 0.0398635 0.0337399 0.0277803 0.0221122 0.0168802 0.0122446 0.00835572 0.00531059
 0.00749348 0.0122257 0.0185014 0.0262991 0.0353884 0.045185 0.0547135 0.0628382 0.0686639 0.07181 0.0723902 0.0708034 0.0675382 0.0630675 0.0578005 0.0520562 0.0460602 0.0399666 0.0338926 0.02795 0.0222685 0.0170042 0.0123313 0.00841014 0.00534175
 0.00761173 0.0123925 0.0187048 0.0265107 0.03557 0.0452995 0.0547365 0.062764 0.068506 0.0715969 0.072157 0.0705812 0.0673455 0.0629093 0.0576754 0.0519654 0.0460105 0.0399657 0.0339407 0.0280354 0.0223703 0.0171013 0.0124095 0.00846474 0.00537538
 0.00758885 0.0123623 0.0186713 0.026479 0.0355414 0.0452657 0.0546774 0.0626545 0.068329 0.0713575 0.0718864 0.0703276 0.0671561 0.0628139 0.0576792 0.0520536 0.0461598 0.0401541 0.0341508 0.0282521 0.0225782 0.0172851 0.0125575 0.00857248 0.00544606
 0.00742763 0.0121314 0.0183818 0.026162 0.0352399 0.0450208 0.0545156 0.0625809 0.0683279 0.0713982 0.0719348 0.0703596 0.067168 0.0628226 0.0577118 0.0521328 0.0462942 0.0403369 0.0343652 0.0284781 0.0227966 0.0174795 0.0127165 0.00869105 0.00552616
 0.00738625 0.0120651 0.0182854 0.026035 0.0350909 0.0448718 0.0544018 0.0625415 0.0683893 0.0715569 0.0721524 0.0705756 0.0673238 0.0628849 0.0576829 0.0520441 0.0461891 0.0402531 0.0343237 0.0284818 0.0228355 0.0175378 0.0127786 0.00874552 0.00556721
 0.00710147 0.0115953 0.017568 0.0250144 0.033739 0.0432165 0.0525522 0.0606888 0.0667717 0.0704 0.0716096 0.0706919 0.0680331 0.0640373 0.0590924 0.0535377 0.0476394 0.0415856 0.0355046 0.0294991 0.0236849 0.0182186 0.0132959 0.00911338 0.00580928
 0.00719038 0.0117084 0.0176781 0.025071 0.0336741 0.0429596 0.0520485 0.0599188 0.0657685 0.0692585 0.0704793 0.0697469 0.0674255 0.063853 0.0593287 0.0541131 0.0484282 0.04246 0.0363639 0.0302791 0.0243526 0.0187608 0.013712 0.0094125 0.00600841
 0.00715279 0.0116697 0.017659 0.0250986 0.0337665 0.0431053 0.0521927 0.0599701 0.0656279 0.0688607 0.0698252 0.0689147 0.0665545 0.063106 0.0588446 0.0539674 0.048616 0.0429083 0.0369645 0.0309244 0.0249594 0.0192785 0.0141188 0.00970797 0.00620618
 0.00713782 0.0116471 0.0176296 0.025068 0.0337479 0.0431201 0.052265 0.0601124 0.0658226 0.0690485 0.0699159 0.0688217 0.0662385 0.0626032 0.0582614 0.0534423 0.0482693 0.042801 0.0370869 0.0312128 0.025328 0.0196496 0.0144396 0.00995432 0.00637645
 0.00706383 0.0115182 0.0174206 0.0247528 0.0333092 0.0425631 0.0516299 0.0594751 0.0652784 0.0686828 0.0697731 0.068887 0.0664439 0.0628573 0.0584926 0.0536306 0.0484482 0.0430299 0.0374108 0.0316352 0.0258101 0.0201303 0.0148626 0.0102855 0.00660863
 0.00712085 0.0116115 0.0175606 0.0249449 0.0335472 0.0428224 0.0518648 0.0596281 0.0653012 0.0685591 0.0695289 0.0685792 0.0661327 0.0625805 0.0582556 0.0534201 0.0482563 0.0428707 0.0373158 0.0316323 0.0259031 0.0202942 0.0150547 0.0104651 0.00675025
 0.00725915 0.0118317 0.0178828 0.0253837 0.0341068 0.0434898 0.0526019 0.0603678 0.0659539 0.0690302 0.0697432 0.0685036 0.0657868 0.0620283 0.0575827 0.0527069 0.047563 0.0422382 0.0367751 0.0312086 0.0256099 0.020126 0.0149862 0.0104599 0.00677395
 0.00716499 0.0117006 0.0177269 0.0252293 0.0339899 0.0434459 0.0526575 0.0605348 0.0662264 0.069383 0.0701312 0.0688664 0.0660615 0.0621684 0.0575725 0.0525649 0.0473321 0.0419699 0.0365159 0.0309936 0.0254603 0.0200466 0.0149668 0.0104799 0.00681049
 0.00718343 0.0117303 0.0177718 0.0252953 0.0340857 0.0435843 0.0528533 0.0607992 0.0665593 0.0697665 0.0705282 0.0692268 0.0663328 0.0623064 0.057551 0.0523823 0.0470132 0.0415609 0.0360744 0.0305749 0.0251065 0.0197805 0.0147905 0.0103792 0.00676313
 0.00717019 0.0117008 0.0177132 0.0251922 0.033926 0.0433681 0.0526004 0.0605502 0.066368 0.0696849 0.0705906 0.0694374 0.0666616 0.0626959 0.0579306 0.0526874 0.047202 0.0416231 0.0360296 0.0304629 0.0249719 0.0196595 0.014703 0.0103287 0.00674167
 0.0070775 0.0115574 0.0175104 0.0249261 0.0335969 0.0429805 0.0521658 0.0600917 0.0659238 0.0693075 0.0703394 0.0693645 0.066795 0.0630267 0.0584115 0.0532432 0.0477502 0.0420961 0.0363898 0.030706 0.025119 0.0197424 0.0147511 0.0103609 0.00676679
 0.00692529 0.0113184 0.0171671 0.0244695 0.0330301 0.0423224 0.0514542 0.0593813 0.0652775 0.0687837 0.069984 0.0692092 0.066859 0.0633145 0.0589058 0.0538996 0.0484991 0.0428557 0.0370855 0.0312876 0.0255674 0.0200656 0.014972 0.0105063 0.0068593
#obs surv len freq
 nan nan nan nan nan nan nan nan nan nan nan nan nan nan nan nan nan nan nan nan nan nan nan nan nan
 0.00448394 0.00734488 0.0111744 0.0159902 0.0216904 0.0279654 0.0342791 0.0400103 0.04469 0.0481543 0.0505129 0.0520095 0.0529026 0.0534157 0.0537305 0.0539859 0.0542648 0.0545577 0.0546966 0.0542886 0.0527266 0.0493586 0.0438081 0.0362878 0.0276711
 0.00461072 0.00755365 0.0114932 0.0164457 0.0223013 0.0287325 0.0351748 0.0409763 0.0456457 0.0490128 0.0511976 0.0524655 0.053102 0.0533576 0.0534368 0.0534934 0.0536165 0.0537961 0.0538603 0.0534142 0.0518527 0.0485278 0.0430648 0.0356695 0.0271985
 0.00477496 0.00782126 0.0118972 0.0170175 0.023065 0.0296953 0.0363165 0.0422439 0.0469573 0.0502696 0.0522987 0.0533206 0.0536415 0.0535407 0.0532549 0.052968 0.0527927 0.0527331 0.052624 0.0520746 0.0504845 0.0472109 0.0418783 0.034679 0.02644
 0.00496487 0.00813236 0.0123697 0.0176904 0.0239681 0.0308376 0.0376742 0.0437554 0.048532 0.0518038 0.0536893 0.0544731 0.0544737 0.0539867 0.0532713 0.0525404 0.0519385 0.0515004 0.0510879 0.0503317 0.0486496 0.0454107 0.0402378 0.0333001 0.0253804
 0.00517291 0.00847321 0.0128877 0.0184288 0.0249614 0.0320983 0.0391795 0.0454418 0.0503033 0.053548 0.0552956 0.0558417 0.0555187 0.0546366 0.0534697 0.0522492 0.0511447 0.0502237 0.0493872 0.0483089 0.0464465 0.0431974 0.0381888 0.0315608 0.0240354
 0.00539552 0.00883845 0.0134437 0.0192228 0.0260309 0.0334572 0.0408035 0.0472629 0.052219 0.0554402 0.0570488 0.057353 0.0567007 0.0554167 0.0537884 0.0520601 0.0504177 0.0489547 0.0476118 0.0461166 0.0439866 0.0406685 0.0358073 0.0295147 0.0224402
 0.00563915 0.00923503 0.0140417 0.0200681 0.0271589 0.0348797 0.0424947 0.0491539 0.0542063 0.0574043 0.0588726 0.0589322 0.057948 0.0562606 0.0541707 0.0519329 0.0497442 0.0477167 0.0458258 0.0438547 0.0413915 0.0379491 0.0332062 0.0272526 0.0206606
 0.00588735 0.00964219 0.0146611 0.0209514 0.0283455 0.0363811 0.044278 0.0511374 0.0562724 0.0594234 0.0607242 0.0605161 0.0591848 0.057088 0.0545387 0.0517995 0.0490742 0.0464869 0.0440414 0.0415724 0.0387417 0.035138 0.0304861 0.0248631 0.0187651
 0.00612224 0.0100305 0.0152576 0.0218112 0.0295135 0.0378746 0.0460691 0.0531463 0.0583782 0.0614879 0.0626152 0.0621222 0.0604212 0.0578951 0.054876 0.0516376 0.0483889 0.0452612 0.0422785 0.0393202 0.0361174 0.0323368 0.0277558 0.0224471 0.0168358
 0.00635599 0.0104099 0.0158279 0.0226152 0.0305852 0.0392277 0.0476844 0.0549646 0.0603055 0.0634096 0.0644124 0.0636841 0.0616538 0.0587258 0.055254 0.0515299 0.0477744 0.0441288 0.0406351 0.0372104 0.033648 0.0296869 0.0251579 0.0201345 0.0149783
 0.00659603 0.0108052 0.0164318 0.0234792 0.0317471 0.0406941 0.0494143 0.0568669 0.062256 0.0652787 0.0660875 0.0650785 0.0627033 0.0593831 0.0554839 0.0513067 0.047081 0.0429579 0.0389968 0.0351495 0.0312639 0.0271449 0.0226723 0.0179222 0.0131991
 0.00682883 0.0111881 0.0170161 0.0243153 0.0328745 0.042125 0.0511163 0.0587566 0.0642091 0.0671539 0.0677519 0.066426 0.0636628 0.0599167 0.0555783 0.0509619 0.046301 0.0417495 0.0373773 0.0331635 0.0290034 0.024759 0.0203535 0.0158651 0.0115467
 0.00705168 0.0115535 0.0175718 0.0251075 0.0339385 0.0434707 0.0527134 0.0605284 0.0660428 0.0689211 0.0693291 0.0677082 0.0645715 0.0604034 0.0556236 0.0505696 0.045489 0.0405425 0.035808 0.031284 0.0269015 0.0225684 0.0182429 0.0140029 0.010056
 0.00727245 0.0119148 0.0181198 0.025886 0.0349794 0.0447797 0.0542551 0.0622227 0.0677759 0.070568 0.0707746 0.0688595 0.0653621 0.0607928 0.0555952 0.0501273 0.0446525 0.0393432 0.0342888 0.0295048 0.0249504 0.0205673 0.0163384 0.0123378 0.00873137
 0.00744187 0.0121942 0.0185478 0.0265009 0.0358119 0.0458407 0.0555229 0.063638 0.0692493 0.0719959 0.072056 0.0699077 0.0661104 0.0611968 0.0556322 0.049794 0.0439616 0.0383211 0.0329766 0.0279621 0.0232615 0.0188432 0.0147068 0.0109189 0.0076077
 0.00750528 0.0123042 0.0187267 0.0267755 0.03621 0.046384 0.0562194 0.0644763 0.0701978 0.0730055 0.0730643 0.0708442 0.0669034 0.0617808 0.0559547 0.0498197 0.043675 0.037727 0.0321005 0.0268532 0.0219948 0.0175177 0.0134348 0.00980405 0.00672111
 0.00758116 0.012416 0.0188744 0.026954 0.0364138 0.0466142 0.0564874 0.0648016 0.0706006 0.0734962 0.0736362 0.0714695 0.067535 0.0623585 0.0564133 0.0500984 0.043726 0.0375228 0.0316394 0.0261626 0.0211322 0.0165668 0.012493 0.00896274 0.00604421
 0.00765353 0.0125295 0.0190367 0.0271676 0.0366737 0.046906 0.0567879 0.0650846 0.0708476 0.0737068 0.0738294 0.0716742 0.0677725 0.062628 0.0566873 0.0503281 0.0438537 0.0374965 0.0314265 0.0257594 0.020569 0.0159041 0.0118095 0.00833625 0.00553186
 0.00772777 0.0126436 0.0191958 0.0273722 0.036919 0.0471821 0.0570794 0.0653702 0.071103 0.0739104 0.0739701 0.0717563 0.0678159 0.0626589 0.0567251 0.0503734 0.0438839 0.0374724 0.0313068 0.025518 0.020207 0.0154536 0.0113253 0.00787932 0.0051505
 0.00777082 0.0127103 0.0192902 0.0274953 0.0370687 0.0473529 0.0572619 0.0655524 0.0712717 0.0740545 0.0740821 0.0718335 0.0678606 0.0626788 0.0567313 0.0503754 0.0438822 0.0374537 0.0312465 0.0253905 0.0199997 0.0151763 0.0110098 0.00756838 0.00488253
 0.00781622 0.012778 0.0193806 0.0276048 0.037191 0.0474803 0.0573873 0.0656694 0.0713752 0.0741404 0.074148 0.0718787 0.0678857 0.062686 0.0567241 0.0503581 0.0438575 0.0374192 0.0311926 0.0253029 0.019867 0.0149988 0.0108029 0.00735861 0.00469688
 0.00786649 0.0128548 0.0194866 0.0277387 0.0373465 0.0476469 0.0575507 0.0658134 0.0714852 0.0742082 0.0741734 0.0718685 0.0678498 0.0626338 0.0566629 0.0502923 0.0437895 0.0373487 0.0311157 0.0252127 0.0197566 0.0148664 0.0106555 0.007211 0.00456581
 0.00785914 0.0128456 0.0194778 0.0277341 0.0373504 0.0476624 0.0575784 0.0658508 0.0715282 0.0742519 0.0742143 0.0719049 0.0678819 0.0626626 0.0566891 0.0503157 0.0438084 0.0373601 0.0311151 0.0251951 0.0197179 0.0148057 0.0105778 0.00712633 0.00448628
 0.00789031 0.0128878 0.0195259 0.0277786 0.0373809 0.0476726 0.0575694 0.0658311 0.0715087 0.0742415 0.0742159 0.0719165 0.0678985 0.0626799 0.0567046 0.0503284 0.0438178 0.037365 0.0311132 0.025183 0.0196925 0.0147664 0.0105272 0.00707074 0.00443348
 0.0078929 0.0128922 0.0195327 0.0277871 0.0373889 0.0476747 0.0575581 0.0657995 0.0714553 0.0741732 0.0741476 0.0718651 0.0678766 0.0626908 0.0567429 0.050384 0.0438799 0.0374246 0.0311637 0.0252196 0.0197123 0.0147687 0.0105144 0.00704794 0.00440719
 0.00787156 0.0128555 0.0194741 0.0277004 0.0372703 0.0475266 0.0573912 0.0656312 0.0713054 0.0740576 0.0740759 0.0718412 0.0679009 0.0627613 0.0568543 0.0505264 0.0440394 0.0375857 0.0313124 0.0253455 0.0198094 0.0148353 0.0105533 0.00706499 0.00440994
 0.0078761 0.0128561 0.0194624 0.0276642 0.0371969 0.0474075 0.0572269 0.0654337 0.0710957 0.0738616 0.0739181 0.07174 0.0678656 0.0627917 0.0569431 0.0506611 0.0442049 0.0377653 0.0314895 0.0255056 0.019942 0.0149354 0.0106212 0.00710544 0.0044303
 0.00787969 0.0128627 0.0194732 0.0276795 0.0372141 0.0474194 0.0572213 0.0653961 0.0710154 0.0737382 0.0737646 0.0715795 0.0677251 0.0626941 0.0569012 0.0506771 0.0442712 0.0378681 0.0316118 0.0256306 0.0200555 0.0150279 0.0106888 0.0071494 0.00445534
 0.00786082 0.0128321 0.0194275 0.0276163 0.0371332 0.0473243 0.0571194 0.0652969 0.070927 0.0736635 0.0737015 0.0715248 0.0676793 0.0626636 0.0568966 0.050708 0.0443413 0.0379733 0.0317408 0.025768 0.020186 0.0151395 0.0107749 0.00720913 0.00449245
 0.00783861 0.0127934 0.0193649 0.0275218 0.0370008 0.0471539 0.05692 0.0650871 0.0707311 0.0735054 0.0735976 0.0714808 0.0676907 0.0627199 0.0569867 0.0508238 0.0444785 0.0381281 0.0319073 0.0259364 0.0203443 0.0152763 0.010883 0.00728669 0.00454273
 0.00782762 0.0127736 0.0193313 0.0274683 0.036921 0.0470429 0.0567767 0.0649167 0.0705454 0.0733221 0.0734377 0.0713643 0.0676314 0.0627223 0.0570458 0.0509282 0.0446148 0.0382844 0.0320731 0.0261022 0.0205 0.0154127 0.0109929 0.00736771 0.00459681
 0.00780448 0.012735 0.0192714 0.0273811 0.0368019 0.046891 0.0565966 0.0647187 0.0703445 0.0731348 0.0732799 0.07125 0.0675718 0.0627244 0.0571103 0.051049 0.0447795 0.0384769 0.0322772 0.0263029 0.0206848 0.0155718 0.0111203 0.00746162 0.00466005
 0.00777563 0.0126883 0.0192015 0.0272834 0.0366732 0.0467313 0.0564107 0.064517 0.0701417 0.0729475 0.0731238 0.071138 0.067513 0.0627238 0.0571688 0.0511629 0.0449404 0.0386719 0.0324901 0.0265168 0.0208841 0.0157443 0.0112587 0.00756399 0.00472933
 0.00772921 0.0126129 0.0190883 0.027125 0.0364659 0.0464779 0.0561239 0.0642189 0.0698601 0.0727093 0.0729497 0.0710402 0.0674951 0.0627828 0.057297 0.0513494 0.045172 0.0389333 0.0327645 0.0267862 0.0211318 0.0159569 0.0114281 0.00768854 0.00481329
 0.00769085 0.0125497 0.0189918 0.0269868 0.0362798 0.0462432 0.0558478 0.0639186 0.0695602 0.0724377 0.0727324 0.0708971 0.067438 0.062814 0.0574106 0.0515332 0.0454097 0.0392068 0.0330543 0.0270729 0.0213972 0.0161861 0.0116118 0.00782435 0.00490526
 0.00766269 0.0125037 0.018922 0.0268873 0.0361459 0.0460725 0.0556427 0.063687 0.0693156 0.0721979 0.0725171 0.0707262 0.0673287 0.0627785 0.0574539 0.051652 0.0455935 0.0394391 0.0333152 0.027341 0.0216521 0.0164106 0.0117946 0.00796117 0.00499885
 0.00765577 0.012491 0.0189003 0.0268523 0.0360929 0.0459975 0.0555437 0.0635643 0.0691725 0.07204 0.0723534 0.0705684 0.0671912 0.062677 0.0574026 0.0516609 0.0456653 0.0395681 0.0334881 0.0275394 0.021855 0.0165989 0.0119537 0.00808357 0.00508441
 0.00765823 0.0124963 0.0189103 0.026869 0.036117 0.0460265 0.0555708 0.0635793 0.069164 0.0719992 0.0722768 0.0704594 0.0670597 0.0625382 0.0572748 0.0515624 0.0456109 0.0395661 0.0335376 0.0276306 0.021972 0.0167229 0.0120681 0.00817718 0.00515278
 0.00761688 0.0124332 0.0188233 0.0267597 0.0359907 0.0458925 0.0554415 0.0634685 0.0690829 0.0719531 0.0722627 0.0704681 0.0670799 0.0625614 0.0572983 0.05159 0.0456507 0.0396266 0.033624 0.0277414 0.0220986 0.0168522 0.0121863 0.00827396 0.00522382
 0.00761069 0.0124211 0.0188015 0.0267235 0.0359366 0.0458198 0.0553545 0.0633763 0.0689975 0.0718854 0.0722196 0.0704503 0.0670827 0.062577 0.0573192 0.0516119 0.0456745 0.0396575 0.0336683 0.0278028 0.0221756 0.0169376 0.01227 0.00834655 0.0052796
 0.0075711 0.0123608 0.0187181 0.0266176 0.0358109 0.0456788 0.0552044 0.0632259 0.068858 0.0717702 0.0721413 0.0704182 0.0670998 0.0626388 0.0574147 0.0517275 0.0457979 0.0397806 0.0337881 0.0279192 0.0222881 0.0170435 0.0123644 0.00842436 0.0053379
 0.00756516 0.0123477 0.0186922 0.0265721 0.0357398 0.0455805 0.0550839 0.0630942 0.0687291 0.0716564 0.0720516 0.0703581 0.0670727 0.0626465 0.0574567 0.0517992 0.0458913 0.0398864 0.0338979 0.0280271 0.0223903 0.017137 0.0124458 0.00849074 0.00538763
 0.00753347 0.0122995 0.0186258 0.0264874 0.035638 0.0454632 0.0549531 0.0629536 0.0685863 0.0715227 0.0719408 0.0702829 0.0670419 0.0626627 0.057517 0.0518969 0.0460171 0.0400295 0.0340472 0.0281727 0.0225244 0.017254 0.0125425 0.0085657 0.00544153
 0.00754922 0.012322 0.0186538 0.0265178 0.0356665 0.0454854 0.0549651 0.062952 0.0685672 0.0714827 0.0718782 0.0702005 0.0669482 0.0625707 0.0574406 0.0518471 0.0459991 0.0400426 0.0340859 0.0282286 0.0225884 0.0173181 0.0126003 0.0086132 0.00547714
 0.00753962 0.0123105 0.0186438 0.0265147 0.0356753 0.0455078 0.0549979 0.0629871 0.0685947 0.0714943 0.0718695 0.0701709 0.0669003 0.0625103 0.057376 0.0517885 0.0459563 0.0400223 0.03409 0.0282539 0.0226282 0.0173642 0.0126454 0.00865191 0.00550682
 0.00752103 0.0122822 0.0186054 0.0264675 0.0356234 0.045458 0.0549587 0.0629669 0.0685984 0.0715205 0.0719099 0.0702135 0.0669338 0.0625275 0.0573764 0.0517765 0.04594 0.0400106 0.0340896 0.0282678 0.0226549 0.0173988 0.0126816 0.00868447 0.00553247
 0.00751847 0.0122765 0.0185937 0.0264468 0.0355912 0.0454139 0.0549062 0.0629136 0.068554 0.0714942 0.071907 0.0702331 0.0669693 0.0625686 0.0574128 0.0518019 0.0459535 0.0400161 0.0340937 0.0282762 0.0226705 0.0174208 0.0127068 0.00870862 0.00555244
 0.00748366 0.0122218 0.0185152 0.0263422 0.0354607 0.0452613 0.0547397 0.0627464 0.0684031 0.0713774 0.0718392 0.0702234 0.0670181 0.0626676 0.0575465 0.0519517 0.0461026 0.0401529 0.034213 0.0283778 0.0227565 0.017493 0.0127659 0.00875454 0.00558563
 0.00748947 0.0122275 0.0185168 0.0263336 0.0354351 0.0452137 0.0546689 0.0626559 0.0683001 0.0712716 0.0717414 0.0701449 0.0669691 0.0626552 0.0575725 0.0520111 0.046185 0.0402456 0.0343047 0.0284613 0.0228282 0.0175524 0.0128134 0.00879093 0.0056118
 0.00748947 0.0122275 0.0185168 0.0263336 0.0354351 0.0452137 0.0546689 0.0626559 0.0683001 0.0712716 0.0717414 0.0701449 0.0669691 0.0626552 0.0575725 0.0520111 0.046185 0.0402456 0.0343047 0.0284613 0.0228282 0.0175524 0.0128134 0.00879093 0.0056118
 0.00714644 0.0116863 0.017735 0.0252883 0.034134 0.0437078 0.0530637 0.0611062 0.0669829 0.0703427 0.071299 0.0702129 0.0675036 0.0635641 0.0587398 0.0533183 0.0475262 0.0415352 0.0354797 0.0294803 0.0236698 0.0182126 0.0133026 0.00913093 0.00583163
 0.00721653 0.0117562 0.0177586 0.0251947 0.0338447 0.0431662 0.0522609 0.0600918 0.065856 0.0692309 0.0703341 0.0695094 0.0671404 0.0635715 0.0590963 0.053959 0.048359 0.0424605 0.0364066 0.0303371 0.0244082 0.018808 0.0137513 0.00944578 0.00603614
 0.00724283 0.0118164 0.0178777 0.0253971 0.0341355 0.0435086 0.0525656 0.0602336 0.065719 0.068761 0.0695693 0.068571 0.066193 0.0627745 0.0585649 0.0537451 0.048451 0.0427972 0.0368997 0.0308938 0.0249496 0.0192792 0.0141241 0.00971554 0.00621467
 0.00718288 0.0117305 0.0177716 0.025287 0.0340483 0.043477 0.0526175 0.060376 0.0659206 0.0689476 0.0696425 0.0684491 0.065854 0.062275 0.0580213 0.0532898 0.0481855 0.0427644 0.0370804 0.0312248 0.0253499 0.0196748 0.0144635 0.00997428 0.00639182
 0.00713438 0.0116455 0.0176333 0.025079 0.0337622 0.0431232 0.0522331 0.0600219 0.0656649 0.0688385 0.0696849 0.0685966 0.0660255 0.06239 0.0580396 0.0532303 0.0481152 0.0427623 0.0371995 0.0314706 0.0256846 0.0200383 0.0147986 0.010244 0.00658394
 0.00716934 0.0117021 0.0177168 0.0251911 0.0338973 0.0432642 0.0523518 0.0600866 0.0656539 0.068754 0.0695539 0.0684572 0.065904 0.062286 0.0579292 0.0530884 0.0479399 0.0425839 0.037067 0.0314248 0.0257367 0.0201665 0.0149621 0.0104024 0.00671103
 0.00721221 0.0117789 0.0178451 0.0253904 0.0341825 0.0436365 0.0527893 0.0605422 0.0660641 0.0690543 0.0696984 0.0684314 0.0657268 0.0619983 0.057576 0.0527039 0.0475462 0.0422008 0.0367206 0.0311462 0.0255493 0.0200738 0.0149457 0.0104314 0.00675578
 0.00715757 0.0116999 0.0177452 0.0252815 0.0340847 0.0435755 0.0527924 0.0606315 0.0662471 0.0693161 0.0699997 0.0687176 0.0659449 0.062114 0.0575816 0.0526153 0.0473921 0.0420125 0.0365278 0.0309759 0.0254231 0.0200025 0.0149259 0.0104476 0.00678818
 0.00715704 0.0116933 0.0177254 0.0252398 0.0340149 0.0434801 0.0526869 0.0605437 0.0662097 0.0693556 0.0701254 0.0689159 0.0661804 0.0623394 0.057752 0.0527019 0.0473886 0.0419342 0.0364034 0.0308378 0.0253 0.0199131 0.0148761 0.0104317 0.00679373
 0.00708532 0.0115778 0.0175536 0.0250014 0.0337046 0.0431019 0.0522592 0.060102 0.0658038 0.0690417 0.069954 0.0689191 0.0663622 0.0626716 0.0581801 0.0531589 0.0478139 0.0422875 0.0366705 0.0310268 0.0254308 0.0200075 0.0149499 0.0104926 0.00684328
 0.00699726 0.0114323 0.0173306 0.0246821 0.0332764 0.0425667 0.0516403 0.0594455 0.065172 0.0685009 0.0695635 0.0687237 0.0663869 0.0629168 0.0586182 0.0537361 0.0484594 0.0429292 0.0372511 0.031513 0.0258141 0.0202965 0.0151607 0.0106419 0.00694494
 0.00695583 0.0113576 0.0172046 0.0244829 0.0329828 0.0421657 0.0511349 0.0588593 0.0645473 0.0678928 0.0690321 0.0683261 0.0661699 0.06291 0.0588277 0.0541411 0.0490134 0.0435667 0.0379009 0.0321135 0.0263245 0.0206996 0.0154592 0.01085 0.00708156
#pred catch len freq
 0.00314356 0.0051114 0.00772831 0.0110439 0.0151019 0.0198909 0.025285 0.0310339 0.0368155 0.0423013 0.0472049 0.0513183 0.0545394 0.0568754 0.0584176 0.0593078 0.0597137 0.0597947 0.0596232 0.0590568 0.0576383 0.0546619 0.0494912 0.0420092 0.0328919
 0.00335999 0.00540485 0.00806414 0.0113594 0.0153305 0.0199971 0.0252849 0.0309852 0.036779 0.0423004 0.0472131 0.0512831 0.0544269 0.0567051 0.058266 0.0592765 0.0598765 0.0601481 0.0600669 0.0594196 0.0577463 0.0544179 0.0489216 0.0412492 0.0321179
 0.00342812 0.00555021 0.00834192 0.0118292 0.0160264 0.0208898 0.0262631 0.0318809 0.0374338 0.0426338 0.0472448 0.051097 0.0541118 0.0563196 0.0578461 0.0588627 0.0595233 0.0598997 0.0599162 0.0592902 0.0575186 0.0539936 0.0482832 0.040475 0.0313408
 0.0035526 0.00573917 0.00860627 0.012183 0.0164987 0.0215325 0.0271388 0.0330236 0.0387973 0.0440659 0.0485186 0.0519943 0.054509 0.0562213 0.057355 0.05812 0.0586606 0.0590144 0.0590596 0.0584608 0.0566731 0.0530832 0.0472998 0.0394735 0.0304189
 0.00372782 0.00601983 0.00902012 0.0127516 0.0172329 0.0224284 0.0281778 0.03418 0.0400483 0.0453886 0.0498657 0.053264 0.0555412 0.0568421 0.0574459 0.0576675 0.0577532 0.0577961 0.0576719 0.0570039 0.0551998 0.051621 0.0458844 0.0381675 0.0293008
 0.00391948 0.00632873 0.00948104 0.0133977 0.0180928 0.0235184 0.0294912 0.035677 0.0416558 0.0470121 0.0514071 0.0546345 0.0566592 0.0576207 0.0577891 0.0574906 0.0570203 0.056547 0.0560159 0.0550858 0.0531639 0.0495945 0.0439804 0.0364883 0.0279285
 0.00414774 0.0066912 0.0100119 0.0141266 0.0190443 0.0247089 0.0309209 0.0373202 0.043454 0.0488736 0.0532152 0.056262 0.0579872 0.0585511 0.0582458 0.0574139 0.0563692 0.0553144 0.0542506 0.0529019 0.0507292 0.0471046 0.0416287 0.0344384 0.0262883
