SBPRF35
12.7214
Curr Bio
1.11823e+006
B35
891738
F35
0.170536
FOFL
0.170536
OFL
151598
Bzero
3.63469e+006
#pred survey bio
 2.98137e+006 2.71986e+006 2.48236e+006 2.24373e+006 2.03352e+006 1.79385e+006 1.61448e+006 1.44117e+006 1.29049e+006 1.12979e+006 1.02474e+006 925241 819243 755266 695520 657815 622183 599898 582420 570263 563113 553530 547242 549146 541918 552134 553797 557915 564238 575659 586633 593057 614017 630536 626926 648666 657563 669753 664180 672080 676928 675060 674838 685811 685405 679213 695596 756936 810650 878065 935447 953743 991944 1.00953e+006 1.04265e+006 1.08267e+006 1.09589e+006 1.10833e+006 1.12632e+006 2.52796e+007 2.26754e+007 2.24716e+007 2.26995e+007 2.32581e+007 2.39892e+007 2.47617e+007 2.54907e+007 2.61328e+007 2.66731e+007 2.7114e+007 2.74662e+007 2.77437e+007 2.79603e+007 2.81285e+007 2.82587e+007 2.83595e+007 2.84377e+007 2.84984e+007 2.85458e+007 2.85828e+007 2.86119e+007 2.86348e+007 2.86529e+007 2.86673e+007 2.86788e+007 2.86879e+007 2.86953e+007 2.87011e+007 2.87059e+007 2.87097e+007 2.87128e+007 2.87153e+007 2.87173e+007 2.8719e+007 2.87203e+007 2.87214e+007 2.87223e+007 2.8723e+007 2.87236e+007 2.87241e+007 2.87245e+007 2.87248e+007 2.87251e+007 2.87253e+007 2.87255e+007 2.87256e+007 2.87257e+007 2.87258e+007 2.87259e+007 2.8726e+007 2.8726e+007 2.87261e+007 2.87261e+007 2.87261e+007 2.87262e+007 2.87262e+007 2.87262e+007 2.87262e+007 2.87262e+007 2.87262e+007 2.87262e+007 2.87262e+007 2.87262e+007 2.87263e+007 2.87263e+007 2.87263e+007 2.87263e+007 2.87263e+007 2.87263e+007 2.87263e+007 2.87263e+007 2.87263e+007 2.87263e+007 2.87263e+007 2.87263e+007 2.87263e+007 2.87263e+007 2.87263e+007 2.87263e+007 2.87263e+007 2.87263e+007 2.87263e+007 2.87263e+007 2.87263e+007 2.87263e+007 2.87263e+007 2.87263e+007 2.87263e+007 2.87263e+007 2.87263e+007 2.87263e+007 2.87263e+007 2.87263e+007 2.87263e+007 2.87263e+007 2.87263e+007 2.87263e+007 2.87263e+007 2.87263e+007 0 0 0 0 0 0 0 0 0 0 0 0 0 0 0 0 0 0 0 0 0 0 0 0 0
#obs survey bio
 2.73138e+006 2.784e+006 2.13987e+006 1.46039e+006 1.27091e+006 1.76777e+006 1.60068e+006 1.57013e+006 955009 1.39344e+006 883068 684879 724084 965328 629276 946457 774042 578671 512887 592573 425982 628366 485705 471059 478179 592549 674321 627431 619017 333387 376844 520477 635322 644318 559594 665303 546906 587522 646026 621847 527071 560297 587099 598209 776671 583562 624979 598412 689308 903465 1.01288e+006 1.15683e+006 796446 1.07307e+006 789720 1.14821e+006 1.08923e+006 1.16589e+006 1.31425e+006
#pred catch bio
 284037 274858 289029 276687 315237 270386 272322 257586 269331 221833 218381 222460 182573 174754 151511 145661 130519 123477 116420 110275 110750 106581 99181 106429 91359.1 98683 96372.8 94935.3 92111.1 94769.8 100389 89766 95260.6 112291 90775.8 102383 99636.6 114265 102321 105544 111917 111174 102884 113639 118652 100831 67550.6 79723.9 72577.2 85369.1 121209 106701 128131 118093 115651 140192 139982 132625 164621 151598 148728 146225 146290 148933 152921 157241 161295 164797 167663 169919 171646 172939 173892 174585 175084 175440 175693 175872 175997 176085 176146 176189 176219 176240 176254 176264 176271 176276 176279 176281 176283 176284 176285 176285 176286 176286 176286 176286 176286 176286 176286 176286 176286 176286 176286 176286 176286 176286 176286 176286 176286 176286 176286 176286 176286 176286 176286 176286 176286 176286 176286 176286 176286 176286 176286 176286 176286 176286 176286 176286 176286 176286 176286 176286 176286 176286 176286 176286 176286 176286 176286 176286 176286 176286 176286 176286 176286 176286 176286 176286 176286 176286 176286 176286 176286 176286 176286 176286 176286 0 0 0 0 0 0 0 0 0 0 0 0 0 0 0 0 0 0 0 0 0 0 0 0 0
#obs catch bio
 246534 274906 289727 277533 318756 272852 273478 257613 272082 222137 218780 225948 185132 176237 152712 146637 131002 124351 116989 110439 111145 106644 99297.9 107300 91855.7 98885.9 96342.6 94748.4 91963.3 95383.1 101829 90441.2 96039.4 113378 91137.9 102798 99904.5 114534 102332 105509 112090 111865 103527 114433 119518 101409 67489.5 80464.4 72928.1 85806.5 122668 107057 129633 119186 116501 141638 141235 132845 164911
#pred cpue bio
 2.92709e+006 2.66768e+006 2.43238e+006 2.19508e+006 1.98553e+006 1.74751e+006 1.5695e+006 1.3978e+006 1.24838e+006 1.08955e+006 985510 887082 782917 720547 662786 626434 592177 570863 554196 542687 535967 526806 520786 522645 515693 525772 527599 531681 537748 548540 558807 564892 585329 601590 598298 619608 628490 640522 635218 642903 647514 645436 644961 655498 655068 648950 664548 723976 776538 842603 898745 916420 953097 969619 1.00161e+006 1.04077e+006 1.05407e+006 1.06677e+006 1.08554e+006 2.4405e+007 2.19144e+007 2.16262e+007 2.17364e+007 2.22447e+007 2.29615e+007 2.37304e+007 2.44587e+007 2.51007e+007 2.5641e+007 2.60819e+007 2.64341e+007 2.67116e+007 2.69281e+007 2.70963e+007 2.72265e+007 2.73274e+007 2.74056e+007 2.74663e+007 2.75136e+007 2.75507e+007 2.75797e+007 2.76026e+007 2.76208e+007 2.76352e+007 2.76466e+007 2.76558e+007 2.76631e+007 2.7669e+007 2.76737e+007 2.76775e+007 2.76806e+007 2.76831e+007 2.76852e+007 2.76868e+007 2.76882e+007 2.76893e+007 2.76901e+007 2.76909e+007 2.76915e+007 2.76919e+007 2.76923e+007 2.76927e+007 2.76929e+007 2.76931e+007 2.76933e+007 2.76935e+007 2.76936e+007 2.76937e+007 2.76938e+007 2.76938e+007 2.76939e+007 2.76939e+007 2.7694e+007 2.7694e+007 2.7694e+007 2.7694e+007 2.7694e+007 2.76941e+007 2.76941e+007 2.76941e+007 2.76941e+007 2.76941e+007 2.76941e+007 2.76941e+007 2.76941e+007 2.76941e+007 2.76941e+007 2.76941e+007 2.76941e+007 2.76941e+007 2.76941e+007 2.76941e+007 2.76941e+007 2.76941e+007 2.76941e+007 2.76941e+007 2.76941e+007 2.76941e+007 2.76941e+007 2.76941e+007 2.76941e+007 2.76941e+007 2.76941e+007 2.76941e+007 2.76941e+007 2.76941e+007 2.76941e+007 2.76941e+007 2.76941e+007 2.76941e+007 2.76941e+007 2.76941e+007 2.76941e+007 2.76941e+007 2.76941e+007 2.76941e+007 2.76941e+007 2.76941e+007 2.76941e+007 0 0 0 0 0 0 0 0 0 0 0 0 0 0 0 0 0 0 0 0 0 0 0 0 0
#obs cpue bio
 2.88056e+006 2.41823e+006 2.46887e+006 2.40908e+006 2.14113e+006 1.33823e+006 2.61174e+006 1.54089e+006 989428 1.13331e+006 1.14354e+006 573970 629047 738320 588429 454764 486254 448593 650320 598260 621791 545579 495610 433726 469942 733246 478903 547172 461110 475665 474017 691266 500729 681982 551897 799288 650625 957158 602299 763987 740469 506519 547190 775443 570344 745168 624164 516912 752991 831868 778944 809686 759782 710467 1.18525e+006 1.03777e+006 958013 1.53441e+006 1.4364e+006
#pred surv len freq
 0.00571224 0.00920842 0.0137315 0.0192093 0.0254664 0.0321483 0.0386902 0.0444457 0.0489289 0.0519808 0.0537416 0.0544984 0.0545474 0.0541312 0.0534283 0.052563 0.0516209 0.0506519 0.0496338 0.048394 0.0465487 0.043561 0.0389776 0.0327521 0.0254281
 0.00595817 0.00954718 0.0141339 0.0196247 0.0258557 0.0325261 0.0391435 0.0451053 0.0498977 0.0532608 0.0552077 0.0559384 0.0557436 0.0549366 0.0537997 0.0525445 0.0512941 0.0500804 0.0488299 0.0473253 0.0451838 0.0419284 0.0371973 0.0310138 0.0239232
 0.00635028 0.0101521 0.01498 0.0207069 0.0271279 0.0338986 0.0404938 0.0463096 0.0508809 0.0540329 0.0558513 0.0565447 0.0563389 0.0554534 0.0541124 0.0525365 0.0509074 0.0493188 0.0477282 0.0459199 0.043513 0.0400609 0.0352578 0.0291734 0.0223504
 0.0066816 0.0106942 0.0158009 0.0218679 0.028666 0.0357995 0.0426662 0.0485799 0.0530235 0.0558295 0.0571553 0.0573182 0.0566432 0.0553959 0.0537789 0.0519509 0.0500388 0.0481212 0.0461791 0.0440392 0.041367 0.0377635 0.0329681 0.027073 0.0205984
 0.00688432 0.011033 0.0163291 0.0226451 0.0297497 0.0372303 0.044446 0.0506538 0.0552718 0.0580749 0.0591876 0.0589355 0.0577009 0.0558403 0.0536462 0.0513278 0.0490104 0.0467383 0.0444629 0.042013 0.039092 0.0353584 0.030602 0.0249319 0.0188349
 0.00716206 0.0114776 0.0169862 0.0235549 0.0309433 0.0387219 0.0462229 0.0526686 0.057442 0.0602875 0.0613033 0.0607947 0.0591375 0.0567097 0.0538583 0.0508672 0.0479294 0.0451271 0.042419 0.0396321 0.0364835 0.032667 0.0280097 0.022628 0.0169666
 0.00743788 0.0119031 0.017585 0.0243365 0.0319062 0.0398579 0.0475181 0.0541009 0.0589793 0.0618867 0.0629077 0.0623285 0.0605002 0.0577781 0.0545016 0.0509742 0.0474363 0.0440333 0.0407839 0.0375625 0.0341231 0.0301914 0.0256152 0.0205029 0.0152497
 0.00779445 0.0124627 0.0183886 0.0254064 0.0332393 0.0414193 0.0492351 0.0558685 0.0606815 0.0634261 0.0642253 0.0634015 0.0613222 0.0583341 0.0547506 0.0508495 0.046863 0.0429571 0.0391999 0.0355318 0.0317756 0.0277126 0.023218 0.0183857 0.0135513
 0.00802181 0.0128435 0.018982 0.0262724 0.0344243 0.0429328 0.0510284 0.0578292 0.0626526 0.0652426 0.0657503 0.0645489 0.0620611 0.0586752 0.0547215 0.0504682 0.0461229 0.0418333 0.0376746 0.0336286 0.0295841 0.0253903 0.0209639 0.0163926 0.0119549
 0.00842378 0.013465 0.0198589 0.0274202 0.0358406 0.0445998 0.0529076 0.0598518 0.0647124 0.0672001 0.0674506 0.0658486 0.062857 0.0589235 0.0544385 0.04971 0.044956 0.0403117 0.0358379 0.0315216 0.0272863 0.0230332 0.0187189 0.0144303 0.0103959
 0.00874767 0.0139671 0.0205687 0.0283482 0.0369769 0.0459142 0.0543494 0.0613531 0.0661991 0.0686036 0.068711 0.0669074 0.0636481 0.0593768 0.0544949 0.04934 0.0441667 0.0391398 0.0343373 0.0297601 0.0253534 0.021049 0.0168289 0.0127773 0.00908132
 0.00882807 0.0141417 0.0209113 0.0289505 0.0379219 0.0472353 0.0559977 0.0631948 0.0680509 0.0702868 0.0700947 0.0679229 0.064277 0.0596261 0.0543765 0.0488616 0.0433368 0.0379779 0.0328833 0.0280785 0.0235357 0.0192123 0.0151044 0.0112867 0.00790649
 0.00889098 0.0142597 0.0211204 0.0293011 0.038475 0.0480521 0.05712 0.0646219 0.0697187 0.0720618 0.0717922 0.0693497 0.0652816 0.0601317 0.0543812 0.0484137 0.0425033 0.036825 0.0314746 0.0264843 0.0218433 0.0175286 0.0135455 0.00995552 0.00686803
 0.00891238 0.0142778 0.0211188 0.0292599 0.0383846 0.0479305 0.0570262 0.0646512 0.0699772 0.0726269 0.0726758 0.0704805 0.0665155 0.061289 0.0552955 0.0489707 0.0426559 0.0365845 0.030891 0.0256314 0.0208119 0.016423 0.0124743 0.00901463 0.00612076
 0.00905092 0.0144865 0.021401 0.0296042 0.0387641 0.0483057 0.0573517 0.0648894 0.0701174 0.0727007 0.0727536 0.0706442 0.0668181 0.0617216 0.0557828 0.049396 0.0429022 0.0365714 0.0305925 0.0250748 0.0200657 0.0155803 0.0116353 0.00826708 0.0055227
 0.00904744 0.0144887 0.0214183 0.0296495 0.0388492 0.0484344 0.0575142 0.065062 0.0702697 0.0728085 0.0728135 0.0706815 0.0668813 0.0618615 0.0560236 0.0497146 0.0432285 0.036812 0.0306661 0.0249412 0.019737 0.0151135 0.0111115 0.00776694 0.00510544
 0.00914072 0.0146215 0.0215838 0.029831 0.0390264 0.0485931 0.0576517 0.0651851 0.0703851 0.072914 0.0728962 0.0707258 0.0668822 0.0618337 0.0559973 0.0497188 0.04327 0.0368649 0.03068 0.0248654 0.0195455 0.0148185 0.0107577 0.00741221 0.00479928
 0.00916325 0.0146566 0.0216333 0.0298936 0.0390966 0.0486597 0.0576998 0.0652009 0.0703639 0.0728654 0.0728416 0.0706889 0.0668776 0.0618635 0.0560561 0.0498005 0.0433691 0.0369702 0.030769 0.024907 0.0195134 0.0147057 0.0105827 0.00721114 0.00461024
 0.00917879 0.0146777 0.0216574 0.0299161 0.0391123 0.0486651 0.0576941 0.0651852 0.0703393 0.0728321 0.0728011 0.0706467 0.0668446 0.0618524 0.0560764 0.049854 0.0434498 0.0370656 0.0308612 0.0249747 0.019537 0.0146751 0.0105032 0.00710235 0.00449754
 0.0092298 0.0147463 0.0217341 0.0299831 0.0391485 0.0486538 0.05763 0.0650763 0.0702037 0.0726918 0.072676 0.0705508 0.0667854 0.0618325 0.0560952 0.049909 0.0435354 0.0371716 0.0309727 0.0250736 0.0196061 0.0147035 0.0104906 0.00705941 0.00444108
 0.00924562 0.014771 0.0217686 0.030026 0.039194 0.0486905 0.0576415 0.0650454 0.07012 0.0725586 0.0725125 0.0703864 0.0666498 0.0617466 0.0560675 0.0499367 0.0436083 0.0372757 0.0310914 0.0251893 0.0197023 0.0147686 0.0105209 0.00705989 0.00442289
 0.00928932 0.0148375 0.0218604 0.0301421 0.0393298 0.0488383 0.0577895 0.0651772 0.0702154 0.0725976 0.0724811 0.0702834 0.0664894 0.0615559 0.0558782 0.0497763 0.0434931 0.0372094 0.0310672 0.0251937 0.0197196 0.0147848 0.0105273 0.00705445 0.00440891
 0.00937324 0.0149575 0.0220106 0.0303067 0.039488 0.0489715 0.0578871 0.0652375 0.0702422 0.072595 0.0724502 0.070222 0.0663949 0.0614302 0.0557307 0.0496236 0.0433545 0.0371004 0.0309949 0.0251556 0.0197061 0.0147838 0.0105286 0.00705252 0.00440272
 0.0092868 0.0148384 0.0218703 0.0301679 0.039376 0.0489027 0.0578609 0.0652383 0.0702505 0.0725993 0.0724522 0.0702319 0.0664223 0.0614768 0.0557905 0.0496878 0.0434175 0.0371616 0.0310566 0.0252191 0.0197692 0.0148413 0.0105751 0.00708498 0.00442172
 0.00928567 0.0148346 0.0218619 0.0301539 0.0393597 0.048894 0.0578756 0.0652921 0.0703485 0.072729 0.0725849 0.0703347 0.0664727 0.0614704 0.0557386 0.0496085 0.043328 0.0370748 0.0309815 0.0251609 0.0197295 0.0148181 0.0105636 0.00707989 0.00441919
 0.00920062 0.014692 0.0216399 0.0298319 0.0389255 0.0483549 0.0572676 0.0646813 0.0698185 0.0723593 0.0724288 0.070405 0.0667413 0.06188 0.0562224 0.0501075 0.0438008 0.037498 0.0313452 0.0254632 0.0199726 0.0150061 0.0107019 0.00717546 0.00448024
 0.00923416 0.0147387 0.0216949 0.029883 0.0389534 0.048335 0.057175 0.0644979 0.0695435 0.0720172 0.0720689 0.0700905 0.0665292 0.0618032 0.0562804 0.0502716 0.0440278 0.037746 0.0315825 0.0256717 0.0201445 0.0151404 0.0108013 0.00724457 0.00452485
 0.00931064 0.0148471 0.0218283 0.0300242 0.039079 0.0484213 0.0572032 0.0644558 0.0694245 0.0718211 0.071806 0.0697857 0.0662226 0.0615424 0.0561073 0.0502085 0.0440709 0.0378695 0.0317502 0.0258493 0.0203072 0.0152747 0.0109032 0.00731604 0.0045711
 0.00946122 0.0150668 0.0221119 0.0303493 0.0394099 0.0487181 0.0574293 0.0645825 0.0694348 0.0717115 0.0715873 0.0694811 0.0658643 0.0611686 0.0557588 0.0499225 0.0438734 0.037768 0.0317331 0.0258912 0.0203791 0.0153524 0.0109712 0.00736766 0.00460606
 0.00949868 0.0151352 0.0222275 0.0305288 0.0396631 0.049037 0.0577816 0.0649149 0.0696877 0.0718386 0.0715692 0.0693268 0.0656037 0.0608416 0.0554074 0.0495863 0.0435856 0.0375517 0.0315969 0.0258283 0.0203712 0.0153766 0.0110072 0.00740196 0.0046323
 0.00934735 0.0149273 0.0219855 0.0302991 0.0395043 0.0490014 0.0578965 0.0651739 0.0700519 0.072246 0.0719489 0.069616 0.0657628 0.0608624 0.0553104 0.049411 0.0433779 0.0373529 0.0314368 0.0257212 0.0203163 0.015362 0.0110167 0.00742069 0.00465067
 0.00929141 0.0148304 0.0218308 0.0300729 0.0392064 0.0486569 0.0575623 0.0649285 0.069969 0.0723634 0.0722495 0.0700336 0.0662064 0.0612475 0.0555819 0.0495523 0.0434064 0.0373064 0.0313577 0.0256444 0.0202619 0.0153354 0.0110124 0.00742917 0.00466304
 0.00914272 0.0145979 0.0214982 0.0296308 0.0386545 0.0480074 0.0568461 0.0642018 0.0693134 0.0718744 0.0720139 0.0701015 0.0665709 0.0618424 0.0563024 0.0502881 0.0440719 0.0378566 0.0317856 0.025967 0.0205039 0.0155181 0.0111497 0.00752909 0.0047315
 0.00900559 0.014389 0.0212098 0.0292646 0.0382197 0.047518 0.0563199 0.0636616 0.0687891 0.0714045 0.0716462 0.069889 0.0665607 0.0620586 0.0567302 0.0508714 0.0447277 0.0385005 0.032355 0.0264311 0.0208603 0.0157801 0.011336 0.00765667 0.00481463
 0.00905252 0.0144566 0.021295 0.0293587 0.0383096 0.0475891 0.0563578 0.0636526 0.0687198 0.0712639 0.0714314 0.0696129 0.0662569 0.0617782 0.0565282 0.050787 0.0447688 0.0386414 0.0325494 0.0266321 0.0210351 0.0159151 0.0114317 0.00772071 0.00485545
 0.00892218 0.0142507 0.0209971 0.0289589 0.0378085 0.0470026 0.0557213 0.0630202 0.0681553 0.0708258 0.0711585 0.0695178 0.066329 0.0619939 0.0568624 0.0512187 0.0452787 0.0392042 0.033129 0.0271851 0.0215213 0.0163085 0.0117249 0.00792222 0.00498331
 0.00889387 0.0142054 0.0209296 0.0288636 0.0376791 0.0468318 0.055503 0.062753 0.0678469 0.0704961 0.0708386 0.0692441 0.0661347 0.061901 0.0568789 0.0513406 0.0454943 0.0394959 0.0334726 0.0275493 0.0218717 0.0166144 0.0119674 0.00809671 0.00509737
 0.00882683 0.0141019 0.0207842 0.0286751 0.0374506 0.0465705 0.05522 0.0624624 0.0675637 0.0702337 0.0706089 0.0690592 0.0660089 0.0618501 0.0569164 0.0514727 0.0457169 0.0397946 0.0338242 0.0279242 0.0222373 0.0169409 0.0122334 0.00829376 0.00522962
 0.00891363 0.0142317 0.020958 0.0288858 0.0376832 0.046805 0.0554327 0.0626277 0.067657 0.0702355 0.0705092 0.0688611 0.0657296 0.0615197 0.056574 0.05116 0.0454697 0.0396356 0.0337593 0.0279426 0.022316 0.0170509 0.0123473 0.00839197 0.00530274
 0.00895759 0.0142912 0.0210257 0.0289473 0.0377216 0.046807 0.0553942 0.0625546 0.0675615 0.0701311 0.0704056 0.068762 0.0656337 0.0614246 0.0564805 0.0510756 0.0454083 0.0396132 0.0337867 0.0280207 0.0224334 0.0171878 0.0124816 0.0085062 0.00538811
 0.00901981 0.0143887 0.0211646 0.0291288 0.0379392 0.047044 0.0556228 0.0627404 0.0676727 0.0701495 0.0703322 0.0686146 0.0654375 0.0612037 0.0562533 0.0508558 0.0452083 0.0394462 0.0336654 0.0279526 0.0224174 0.017213 0.0125309 0.00856182 0.00543696
 0.00904567 0.0144407 0.0212611 0.0292919 0.0381883 0.0473851 0.0560397 0.0631917 0.0681001 0.0704912 0.070539 0.0686606 0.0653246 0.0609576 0.0559146 0.0504689 0.0448134 0.0390759 0.033344 0.0276961 0.0222325 0.0170959 0.0124691 0.00853804 0.00543423
 0.00905663 0.0144571 0.021284 0.0293239 0.0382357 0.0474604 0.0561603 0.0633743 0.0683498 0.0707926 0.0708537 0.0689357 0.0655085 0.0610164 0.0558412 0.0502821 0.0445495 0.0387773 0.03305 0.027437 0.0220265 0.0169492 0.0123769 0.00848843 0.00541264
 0.00898059 0.0143409 0.0211233 0.0291201 0.0379968 0.047201 0.0559032 0.0631506 0.0681966 0.0707454 0.0709348 0.0691436 0.0658135 0.061366 0.0561753 0.0505514 0.0447283 0.0388663 0.0330698 0.0274165 0.0219926 0.0169202 0.0123609 0.00848513 0.00541746
 0.00900616 0.0143781 0.021171 0.0291743 0.0380508 0.0472472 0.0559346 0.063162 0.0681868 0.0707189 0.0709032 0.0691238 0.0658213 0.0614081 0.0562433 0.0506228 0.0447759 0.0388702 0.0330256 0.0273359 0.0218964 0.0168291 0.0122887 0.0084364 0.00538944
 0.00922911 0.014702 0.0215866 0.0296476 0.0385323 0.0476864 0.0562917 0.0634125 0.0683189 0.0707311 0.0708038 0.0689307 0.0655615 0.0611135 0.0559434 0.0503379 0.0445128 0.038625 0.0327916 0.0271113 0.0216874 0.0166469 0.0121432 0.00833144 0.00532159
 0.0092372 0.0147246 0.0216368 0.0297402 0.0386757 0.0478729 0.0564926 0.0635839 0.068419 0.070739 0.0707272 0.0687999 0.0654132 0.0609771 0.0558356 0.0502631 0.0444667 0.0385974 0.0327698 0.0270847 0.0216513 0.0166037 0.0120996 0.00829426 0.00529458
 0.00885997 0.0141501 0.0208463 0.028747 0.0375266 0.046646 0.0552927 0.0625309 0.0676252 0.0702815 0.0706315 0.069043 0.0659415 0.061724 0.0567319 0.0512412 0.0454623 0.0395527 0.0336372 0.02783 0.022256 0.0170653 0.0124299 0.00851504 0.00543186
 0.00873341 0.013927 0.0204797 0.0281859 0.0367322 0.0456158 0.0540806 0.06125 0.0664248 0.0693099 0.0700005 0.0688082 0.0661006 0.0622284 0.0575045 0.0521934 0.0465067 0.0406097 0.0346389 0.0287229 0.0230045 0.0176537 0.0128617 0.00880948 0.00561748
 0.0086121 0.0137303 0.0201835 0.0277644 0.0361593 0.0448691 0.0531521 0.0601594 0.0652322 0.0681191 0.0689472 0.0680329 0.0657135 0.0622813 0.0579817 0.0530214 0.047577 0.0418028 0.0358426 0.0298448 0.0239777 0.0184405 0.0134531 0.00922089 0.00588105
 0.0085505 0.0136345 0.0200467 0.0275812 0.0359235 0.0445712 0.052778 0.0596925 0.0646591 0.0674399 0.0681892 0.0672597 0.0650225 0.0617853 0.0577769 0.0531577 0.0480424 0.0425288 0.0367256 0.0307715 0.024849 0.0191856 0.0140361 0.00963847 0.00615432
 0.00873045 0.013906 0.0204155 0.0280371 0.0364412 0.0451125 0.0532931 0.0601203 0.064932 0.0674932 0.067976 0.0667669 0.0642841 0.0608862 0.0568424 0.0523262 0.0474291 0.0421955 0.0366686 0.0309325 0.0251403 0.0195189 0.0143439 0.00988289 0.00632529
 0.00868523 0.0138533 0.0203743 0.028037 0.036513 0.0452745 0.0535395 0.0604198 0.0652355 0.0677467 0.0681299 0.0667812 0.0641336 0.0605697 0.0563923 0.0518116 0.046944 0.0418321 0.0364873 0.0309434 0.0253046 0.0197692 0.0146102 0.0101143 0.00649762
 0.0086161 0.0137619 0.0202762 0.027962 0.0364998 0.0453605 0.0537488 0.0607545 0.0656709 0.0682315 0.0685934 0.0671468 0.0643359 0.0605687 0.0561829 0.051427 0.046452 0.0413225 0.0360494 0.0306403 0.0251567 0.0197539 0.0146792 0.0102157 0.00659331
 0.00847566 0.0135422 0.0199632 0.0275529 0.0360084 0.0448231 0.0532277 0.0603312 0.0654268 0.0682223 0.0688278 0.0675816 0.0648875 0.0611358 0.056673 0.0517783 0.0466466 0.0413866 0.0360399 0.0306214 0.0251759 0.0198277 0.0147943 0.0103434 0.00670684
 0.00826229 0.013218 0.0195175 0.0269906 0.0353484 0.0440954 0.0524735 0.0596059 0.0648003 0.0677719 0.0686229 0.0676642 0.0652554 0.0617367 0.0574144 0.0525518 0.0473572 0.0419762 0.0364955 0.0309664 0.0254485 0.0200597 0.0149998 0.0105203 0.00684711
 0.00814271 0.0130342 0.019261 0.0266612 0.0349541 0.0436521 0.0520041 0.0591391 0.0643674 0.0674037 0.0683495 0.0675163 0.065262 0.0619163 0.0577614 0.0530283 0.0478984 0.04251 0.0369656 0.0313467 0.0257423 0.0202863 0.0151786 0.0106625 0.00695628
 0.00780395 0.0125389 0.0186183 0.0259151 0.0341708 0.0428986 0.0513323 0.0585814 0.0639417 0.0671192 0.0682103 0.0675235 0.0654157 0.0622165 0.0582048 0.0536007 0.0485674 0.0432241 0.0376643 0.0319767 0.0262709 0.0207045 0.0154944 0.0108913 0.00711437
 0.0072505 0.0116996 0.0174701 0.0244832 0.0325284 0.0411604 0.0496456 0.0571095 0.0628333 0.0664716 0.0680475 0.0678024 0.0660543 0.0631249 0.0593047 0.0548289 0.049869 0.0445432 0.0389397 0.0331464 0.0272831 0.0215279 0.0161226 0.01134 0.00741309
#obs surv len freq
 0.00497144 0.00814139 0.0123803 0.0177006 0.023976 0.0308416 0.0376738 0.0437513 0.0485251 0.0517946 0.053678 0.0544601 0.0544603 0.0539747 0.0532626 0.052536 0.0519383 0.0515034 0.0510927 0.0503373 0.0486552 0.0454159 0.0402423 0.0333039 0.0253831
 0.00518346 0.00849106 0.0129157 0.0184696 0.025016 0.0321651 0.0392528 0.0455129 0.0503626 0.0535881 0.0553133 0.0558379 0.055497 0.0546017 0.0534265 0.0522022 0.0510973 0.0501779 0.0493437 0.0482678 0.0464078 0.0431618 0.0381574 0.0315349 0.0240155
 0.00540856 0.00885926 0.0134744 0.0192652 0.0260864 0.0335265 0.0408853 0.0473537 0.0523118 0.0555258 0.0571171 0.0573956 0.0567133 0.0553997 0.0537463 0.0519995 0.0503458 0.0488774 0.0475335 0.04604 0.0439139 0.0406018 0.0357489 0.0294667 0.0224037
 0.00564725 0.00925052 0.0140692 0.0201132 0.0272265 0.0349719 0.0426087 0.0492821 0.0543378 0.0575277 0.0589775 0.0590104 0.0579932 0.056269 0.0541419 0.0518704 0.0496548 0.0476087 0.0457077 0.0437335 0.0412735 0.0378397 0.0331102 0.0271739 0.020601
 0.00590533 0.0096711 0.0147042 0.0210117 0.0284259 0.0364833 0.0444021 0.05128 0.0564262 0.0595773 0.060865 0.0606306 0.0592621 0.0571212 0.0545252 0.0517409 0.0489755 0.0463564 0.0438888 0.0414086 0.0385771 0.0349828 0.0303488 0.0247502 0.0186797
 0.00613541 0.0100521 0.0152904 0.0218579 0.0295764 0.0379545 0.046165 0.0532551 0.0584955 0.0616086 0.0627334 0.0622309 0.0605119 0.0579584 0.0549033 0.0516233 0.0483316 0.0451642 0.0421494 0.0391696 0.035958 0.0321812 0.0276156 0.0223308 0.0167473
 0.006383 0.010453 0.0158914 0.0227022 0.0306971 0.039363 0.0478376 0.0551262 0.0604636 0.0635527 0.0645316 0.0637743 0.0617126 0.058752 0.0552462 0.051486 0.0476927 0.0440097 0.0404828 0.0370335 0.0334588 0.0295001 0.0249878 0.0199923 0.0148698
 0.00661715 0.0108409 0.0164878 0.0235614 0.03186 0.0408385 0.0495852 0.0570531 0.062442 0.0654485 0.0662278 0.0651804 0.0627628 0.0594 0.0554604 0.0512457 0.0469848 0.0428285 0.0388378 0.0349672 0.0310688 0.0269509 0.0224942 0.0177723 0.0130841
 0.00684851 0.0112197 0.017063 0.0243809 0.0329613 0.0422347 0.0512484 0.0589072 0.0643706 0.0673151 0.0678997 0.0665475 0.0637475 0.0599582 0.0555749 0.0509155 0.0462157 0.0416299 0.0372288 0.032993 0.0288205 0.0245763 0.0201847 0.015722 0.0114364
 0.00705335 0.011558 0.0175818 0.0251268 0.0339711 0.0435196 0.0527796 0.0606108 0.0661387 0.0690266 0.069439 0.0678161 0.0646689 0.0604807 0.055672 0.0505827 0.0454642 0.0404808 0.0357136 0.0311636 0.0267645 0.0224264 0.0181085 0.0138871 0.00996553
 0.0072779 0.0119238 0.0181337 0.0259062 0.0350077 0.0448178 0.0543042 0.062283 0.0678462 0.0706454 0.070855 0.0689382 0.065434 0.0608527 0.0556377 0.0501469 0.0446445 0.039305 0.034221 0.0294117 0.0248398 0.0204496 0.0162251 0.0122391 0.00865376
 0.00744047 0.012193 0.0185477 0.0265037 0.0358197 0.045855 0.0555448 0.0636675 0.0692861 0.0720393 0.0721052 0.0699611 0.0661653 0.0612494 0.0556779 0.0498275 0.0439776 0.0383153 0.0329467 0.027909 0.0231899 0.0187612 0.0146241 0.0108446 0.00754803
 0.00751559 0.0123167 0.0187377 0.0267796 0.0362015 0.0463605 0.0561836 0.064436 0.0701632 0.0729855 0.0730641 0.0708649 0.0669422 0.0618326 0.0560129 0.0498773 0.0437247 0.0377622 0.0321164 0.0268477 0.0219695 0.0174779 0.0133878 0.00975792 0.00668194
 0.00759001 0.0124313 0.0188988 0.0269894 0.0364602 0.0466674 0.0565385 0.0648393 0.0706153 0.0734852 0.0736047 0.071429 0.0674978 0.0623332 0.0564029 0.0501007 0.0437357 0.0375328 0.0316433 0.0261557 0.021113 0.0165373 0.0124576 0.00892727 0.00601353
 0.00766464 0.0125469 0.0190615 0.0272008 0.0367157 0.0469566 0.0568456 0.0651455 0.0709048 0.0737512 0.0738524 0.0716708 0.0677444 0.0625832 0.0566366 0.0502812 0.0438159 0.0374679 0.0314035 0.0257375 0.0205444 0.0158759 0.0117792 0.00830708 0.00550693
 0.00773284 0.0126543 0.0192164 0.0274077 0.0369737 0.0472571 0.0571708 0.0654692 0.0711979 0.0739898 0.074025 0.0717811 0.0678083 0.0626209 0.0566629 0.0502967 0.0438033 0.0373967 0.0312405 0.0254616 0.0201588 0.0154116 0.0112886 0.00784837 0.00512606
 0.00777345 0.0127147 0.0192971 0.027506 0.0370854 0.0473785 0.0572997 0.0656046 0.0713377 0.0741293 0.0741567 0.0718968 0.0679025 0.062693 0.0567166 0.0503352 0.0438241 0.0373869 0.0311794 0.0253289 0.0199465 0.015132 0.0109737 0.00753998 0.00486128
 0.00781107 0.0127714 0.019374 0.0276006 0.0371919 0.0474886 0.0574042 0.0656949 0.0714088 0.0741815 0.0741954 0.0719295 0.0679345 0.0627254 0.0567472 0.0503604 0.0438387 0.0373833 0.0311462 0.0252532 0.01982 0.0149579 0.0107697 0.00733315 0.00467851
 0.00786074 0.0128461 0.0194749 0.0277244 0.0373312 0.047633 0.0575416 0.0658124 0.071495 0.0742297 0.0742053 0.071908 0.067893 0.0626762 0.0566995 0.050318 0.0438006 0.0373438 0.0310966 0.025184 0.0197238 0.0148345 0.0106281 0.00718943 0.00455028
 0.00787144 0.012864 0.0195027 0.0277644 0.0373843 0.0476976 0.0576121 0.0658807 0.0715522 0.0742693 0.0742252 0.0719103 0.0678828 0.0626598 0.0566826 0.0503047 0.0437916 0.0373361 0.0310841 0.0251587 0.0196794 0.0147691 0.0105463 0.00710167 0.00446877
 0.00790048 0.0129046 0.0195516 0.0278149 0.0374286 0.0477302 0.0576323 0.0658922 0.0715603 0.0742771 0.0742328 0.0719152 0.0678825 0.0626536 0.056672 0.0502925 0.0437801 0.0373259 0.0310728 0.0251419 0.0196523 0.0147292 0.0104955 0.00704591 0.00441581
 0.00789865 0.0129027 0.0195505 0.0278154 0.0374303 0.0477305 0.0576265 0.0658754 0.0715308 0.0742391 0.0741955 0.0718896 0.0678759 0.062667 0.0567013 0.050331 0.0438216 0.0373654 0.0311065 0.0251661 0.0196638 0.0147265 0.0104798 0.00702145 0.00438857
 0.00788187 0.0128714 0.0194965 0.0277297 0.0373066 0.0475701 0.0574417 0.065688 0.071366 0.0741178 0.0741297 0.0718818 0.0679221 0.0627597 0.0568299 0.0504827 0.0439823 0.0375218 0.0312477 0.0252843 0.0197547 0.0147891 0.0105163 0.00703729 0.00439077
 0.00790556 0.0129026 0.0195297 0.0277543 0.037309 0.0475373 0.0573654 0.065568 0.0712119 0.0739483 0.0739687 0.0717529 0.067843 0.0627377 0.0568625 0.05056 0.0440905 0.0376456 0.0313724 0.0253979 0.0198487 0.0148593 0.0105628 0.00706353 0.00440241
 0.00790388 0.0129016 0.0195309 0.0277592 0.0373173 0.0475447 0.0573626 0.0655428 0.0711535 0.0738534 0.0738448 0.0716179 0.0677199 0.0626482 0.0568212 0.0505711 0.044148 0.0377368 0.0314811 0.0255084 0.0199482 0.0149396 0.0106208 0.00710082 0.00442324
 0.00790505 0.0129002 0.0195229 0.0277395 0.0372818 0.0474927 0.0572988 0.0654753 0.0710901 0.0737971 0.0737935 0.0715672 0.0676687 0.0626019 0.0567903 0.050567 0.0441778 0.0377996 0.0315688 0.0256079 0.0200458 0.0150243 0.0106865 0.00714624 0.00445118
 0.00787337 0.0128522 0.019457 0.0276563 0.0371834 0.0473821 0.05718 0.0653542 0.0709757 0.0737006 0.0737254 0.0715341 0.0676708 0.0626338 0.056845 0.0506395 0.0442662 0.0379031 0.0316844 0.025729 0.0201627 0.0151273 0.0107688 0.00720556 0.00448962
 0.00781563 0.0127586 0.0193172 0.0274625 0.0369335 0.0470842 0.0568553 0.0650356 0.0707003 0.0734996 0.0736173 0.0715229 0.0677485 0.0627849 0.0570496 0.0508769 0.0445178 0.0381544 0.0319249 0.0259505 0.020358 0.0152902 0.0108956 0.00729666 0.00454936
 0.00779546 0.0127191 0.0192457 0.027343 0.0367514 0.0468324 0.0565409 0.064682 0.0703437 0.0731816 0.0733758 0.0713847 0.0677253 0.0628721 0.0572299 0.0511249 0.0448055 0.038456 0.0322191 0.0262212 0.0205941 0.0154848 0.011046 0.0074046 0.00462056
 0.00776171 0.012665 0.019165 0.0272299 0.0365999 0.0466376 0.0563009 0.064401 0.070035 0.0728688 0.0730911 0.0711633 0.0675977 0.0628569 0.0573291 0.0513242 0.045079 0.0387719 0.0325461 0.0265327 0.0208703 0.0157137 0.011223 0.00753153 0.00470435
 0.00773924 0.0126264 0.0191034 0.0271376 0.0364708 0.0464697 0.0560983 0.064174 0.0697973 0.0726344 0.0728733 0.0709762 0.0674584 0.062784 0.0573384 0.051423 0.0452615 0.0390195 0.0328312 0.0268252 0.0211432 0.0159477 0.0114077 0.00766571 0.00479369
 0.00770122 0.012565 0.0190117 0.0270096 0.0363027 0.0462617 0.0558571 0.0639136 0.0695372 0.0723956 0.0726741 0.0708301 0.067373 0.0627634 0.0573852 0.0515384 0.0454434 0.039259 0.033111 0.0271208 0.021428 0.0161987 0.0116103 0.00781511 0.0048942
 0.00768957 0.0125444 0.0189775 0.0269564 0.0362248 0.0461553 0.0557217 0.0637531 0.0693596 0.072212 0.0724977 0.0706745 0.0672512 0.0626862 0.0573602 0.0515703 0.0455333 0.0394036 0.0333006 0.0273389 0.0216532 0.0164088 0.0117878 0.00795098 0.0049882
 0.00768428 0.012538 0.0189718 0.0269535 0.0362261 0.046159 0.0557216 0.0637396 0.0693224 0.0721445 0.0723996 0.0705526 0.067118 0.0625578 0.0572531 0.0514991 0.0455084 0.0394298 0.0333761 0.0274543 0.0217929 0.0165536 0.01192 0.0080582 0.0050658
 0.00764133 0.0124739 0.0188863 0.0268507 0.0361138 0.0460474 0.0556217 0.0636608 0.0692702 0.0721181 0.0723921 0.0705536 0.0671185 0.0625539 0.0572479 0.0515007 0.0455273 0.039475 0.033452 0.0275586 0.0219165 0.0166828 0.01204 0.00815758 0.00513928
 0.00762284 0.0124401 0.0188288 0.0267606 0.0359851 0.0458819 0.0554327 0.0634718 0.0691088 0.0720068 0.0723412 0.0705599 0.0671685 0.0626298 0.0573341 0.0515881 0.0456141 0.039565 0.0335503 0.027668 0.0220344 0.0168015 0.0121494 0.0082488 0.00520756
 0.0076167 0.0124305 0.0188148 0.0267404 0.0359556 0.0458379 0.0553678 0.0633815 0.0689946 0.0718792 0.0722185 0.0704628 0.0671122 0.0626192 0.0573631 0.0516446 0.045686 0.0396444 0.0336342 0.0277564 0.0221264 0.0168934 0.012235 0.00832159 0.00526331
 0.0075951 0.0123969 0.0187671 0.026678 0.0358795 0.0457511 0.0552747 0.0632874 0.068904 0.0717949 0.0721429 0.0703998 0.0670688 0.0626038 0.057382 0.0516981 0.0457681 0.0397449 0.0337433 0.0278665 0.0222325 0.0169915 0.012321 0.00839199 0.00531616
 0.00757071 0.0123603 0.0187177 0.0266174 0.0358107 0.0456778 0.055201 0.0632171 0.0688406 0.0717413 0.0721001 0.0703675 0.0670469 0.0625937 0.0573872 0.0517228 0.0458149 0.0398127 0.0338268 0.0279583 0.0223249 0.017078 0.0123966 0.00845324 0.00536185
 0.0075589 0.0123401 0.0186855 0.0265697 0.0357454 0.0455965 0.0551094 0.0631252 0.0687592 0.0716787 0.07206 0.0703489 0.0670458 0.062606 0.0574102 0.0517563 0.0458599 0.0398705 0.0338968 0.028037 0.0224065 0.017156 0.0124653 0.00850892 0.00540311
 0.0075307 0.0122973 0.0186267 0.0264954 0.0356577 0.0454981 0.055004 0.063018 0.0686576 0.0715918 0.0719971 0.0703169 0.0670472 0.0626382 0.0574668 0.05183 0.0459445 0.0399619 0.0339922 0.0281334 0.0225001 0.0172421 0.0125392 0.00856752 0.00544573
 0.00752467 0.0122843 0.0186014 0.0264515 0.0355899 0.0454053 0.0548915 0.0628968 0.0685414 0.0714926 0.0719227 0.0702711 0.0670314 0.0626518 0.0575079 0.0518943 0.0460263 0.0400546 0.0340899 0.028231 0.0225931 0.017326 0.0126104 0.00862367 0.00548635
 0.00751897 0.0122756 0.0185892 0.0264349 0.0355673 0.0453734 0.0548462 0.0628345 0.0684622 0.0714016 0.0718302 0.0701897 0.0669719 0.0626211 0.057508 0.0519232 0.0460795 0.0401259 0.0341724 0.0283178 0.0226778 0.0174033 0.0126761 0.00867537 0.00552372
 0.00752865 0.0122904 0.0186096 0.0264607 0.0355972 0.0454053 0.0548763 0.0628576 0.0684714 0.0713903 0.0717944 0.0701303 0.0668958 0.0625398 0.0574343 0.0518677 0.0460481 0.0401196 0.034188 0.0283497 0.0227192 0.0174476 0.0127176 0.00871022 0.00555005
 0.00750994 0.0122639 0.0185772 0.0264265 0.0355665 0.0453827 0.0548644 0.0628561 0.0684778 0.0714007 0.0718042 0.0701346 0.0668912 0.0625255 0.0574133 0.0518464 0.046034 0.0401187 0.0342027 0.0283786 0.0227578 0.0174897 0.0127577 0.00874407 0.00557565
 0.00748409 0.0122232 0.0185186 0.026349 0.0354721 0.0452777 0.0547596 0.0627657 0.0684153 0.0713745 0.0718144 0.0701742 0.0669487 0.0625893 0.0574746 0.051901 0.0460821 0.0401637 0.0342485 0.0284272 0.0228087 0.0175399 0.0128031 0.00878139 0.00560339
 0.00748409 0.0122232 0.0185186 0.026349 0.0354721 0.0452777 0.0547596 0.0627657 0.0684153 0.0713745 0.0718144 0.0701742 0.0669487 0.0625893 0.0574746 0.051901 0.0460821 0.0401637 0.0342485 0.0284272 0.0228087 0.0175399 0.0128031 0.00878139 0.00560339
 0.00715718 0.0117011 0.0177526 0.0253067 0.034152 0.0437271 0.0530895 0.061146 0.0670419 0.0704202 0.071386 0.0702936 0.0675602 0.0635829 0.0587156 0.0532564 0.0474403 0.0414427 0.0353956 0.0294134 0.0236217 0.0181799 0.0132806 0.00911576 0.00582099
 0.00711143 0.0115893 0.0175155 0.0248664 0.0334314 0.0426823 0.0517398 0.0595855 0.0654267 0.0689368 0.0702147 0.069576 0.0673742 0.0639304 0.0595261 0.054407 0.0487849 0.0428407 0.0367323 0.0306086 0.0246288 0.0189811 0.0138804 0.00953574 0.00609386
 0.0070158 0.0114445 0.0173145 0.0246022 0.0330885 0.0422286 0.0511274 0.0587683 0.0643898 0.0677257 0.0689456 0.0684168 0.0665041 0.0634918 0.0595895 0.054957 0.0497303 0.0440416 0.0380345 0.0318739 0.0257549 0.0199081 0.0145884 0.0100369 0.0064211
 0.00700638 0.0114231 0.0172715 0.0245255 0.032967 0.0420553 0.0508993 0.0584793 0.0640222 0.0672492 0.0683327 0.0676726 0.0656901 0.0627276 0.0590221 0.0547128 0.0498713 0.0445468 0.0388111 0.0327896 0.0266763 0.0207305 0.015251 0.0105221 0.00674477
 0.00703745 0.0114822 0.0173752 0.0246914 0.0332056 0.042359 0.051235 0.0587907 0.0642428 0.0673182 0.0682063 0.067329 0.0651354 0.0620059 0.0582231 0.0539629 0.0493028 0.0442564 0.0388272 0.033067 0.0271184 0.0212266 0.0157093 0.0108885 0.0070036
 0.00701539 0.0114581 0.0173612 0.0247076 0.0332766 0.0425067 0.0514699 0.0591045 0.0646038 0.0676725 0.0684858 0.0674654 0.0650775 0.061734 0.0577595 0.0533748 0.0486934 0.0437405 0.0384973 0.032963 0.0272179 0.0214603 0.0159929 0.0111524 0.00720894
 0.00702796 0.0114805 0.017399 0.0247686 0.0333707 0.042645 0.0516626 0.0593571 0.0649127 0.0680194 0.0688347 0.0677641 0.0652659 0.0617585 0.0575896 0.0530178 0.0481998 0.0431968 0.0380031 0.0326006 0.0270261 0.0214268 0.0160679 0.0112749 0.0073299
 0.00698007 0.0114071 0.0172974 0.0246403 0.0332226 0.0424905 0.0515222 0.0592574 0.0648821 0.068081 0.0689976 0.0680164 0.0655716 0.0620624 0.0578289 0.0531403 0.0481832 0.0430592 0.0377991 0.0324009 0.0268903 0.021382 0.0161043 0.0113589 0.00742436
 0.00695759 0.0113683 0.0172348 0.0245466 0.0330926 0.0423253 0.0513326 0.0590645 0.0647141 0.0679676 0.0689637 0.0680765 0.0657256 0.0622908 0.0580935 0.0533906 0.0483709 0.0431551 0.0378055 0.0323498 0.0268279 0.0213468 0.0161125 0.0114029 0.00748401
 0.00697522 0.0113959 0.0172739 0.0245966 0.0331497 0.0423813 0.0513748 0.0590787 0.06469 0.0679048 0.0688747 0.0679845 0.065657 0.0622666 0.0581201 0.053456 0.0484475 0.0432109 0.037818 0.0323173 0.0267687 0.0212884 0.0160762 0.0113954 0.00749816
 0.00701694 0.0114653 0.017381 0.0247505 0.0333556 0.042635 0.0516592 0.059363 0.0649354 0.0680743 0.0689434 0.0679468 0.0655278 0.0620768 0.0579067 0.05325 0.048265 0.0430512 0.0376705 0.0321725 0.026627 0.0211602 0.0159748 0.0113282 0.00746287
 0.00705919 0.0115354 0.017489 0.0249067 0.033568 0.0429061 0.0519814 0.0597163 0.0652884 0.0683885 0.0691799 0.0680738 0.0655282 0.0619532 0.0576816 0.0529595 0.0479479 0.0427387 0.0373807 0.0319125 0.0263994 0.0209684 0.0158235 0.0112197 0.00739414
#pred catch len freq
 0.00527422 0.00827744 0.0119385 0.0161102 0.020692 0.0256224 0.0307978 0.0360215 0.0410343 0.0455835 0.0494687 0.0525593 0.0548045 0.0562333 0.0569394 0.0570564 0.0567357 0.0561144 0.055249 0.0540138 0.0520282 0.0487236 0.0436119 0.036652 0.028458
 0.00553852 0.00864886 0.0123946 0.0166067 0.0211927 0.0261367 0.0313985 0.0368187 0.0421124 0.0469361 0.050975 0.0540189 0.056011 0.057045 0.0573126 0.0570322 0.0563923 0.0555111 0.0543916 0.0528614 0.0505431 0.0469358 0.0416544 0.0347356 0.0267961
 0.00596283 0.00929059 0.0132683 0.0176875 0.0224173 0.0274135 0.0326249 0.03791 0.0430364 0.0477311 0.0517265 0.0547974 0.0568082 0.0577588 0.0577909 0.0571438 0.0560754 0.0547724 0.0532703 0.0513971 0.0487765 0.0449407 0.039567 0.0327445 0.0250882
 0.00632462 0.00986228 0.014098 0.0188086 0.0238419 0.0291207 0.0345458 0.0399193 0.0449653 0.0494059 0.0530193 0.0556635 0.0572859 0.0579248 0.0576996 0.0567903 0.0554055 0.053725 0.0518168 0.0495578 0.0466226 0.0425946 0.0371999 0.0305535 0.0232485
 0.00662525 0.0103372 0.014789 0.0197514 0.0250665 0.0306487 0.0363788 0.0420199 0.0472395 0.0516974 0.0551253 0.0573749 0.0584416 0.0584538 0.0576246 0.0561902 0.0543601 0.0522811 0.0499924 0.0473767 0.0441522 0.0399673 0.0346044 0.0281979 0.021304
 0.00691848 0.010795 0.0154446 0.0206283 0.0261817 0.0320154 0.0380032 0.0438917 0.04932 0.0539077 0.0573386 0.0594189 0.0601185 0.0595786 0.0580699 0.055914 0.0534013 0.0507269 0.047943 0.0449336 0.0414336 0.0371312 0.0318508 0.0257362 0.0192989
 0.00726528 0.0113199 0.0161639 0.0215355 0.027257 0.0332388 0.0393617 0.0453774 0.0509211 0.0555989 0.0590714 0.0611132 0.0616579 0.0608162 0.0588481 0.0560974 0.0529104 0.0495554 0.0461549 0.0426476 0.0388115 0.034371 0.0291745 0.0233569 0.0173741
 0.00768135 0.0119571 0.0170499 0.0226702 0.0286155 0.0347767 0.0410187 0.0470802 0.0525923 0.0571705 0.0604941 0.0623542 0.0626875 0.0615901 0.0592964 0.0561274 0.0524263 0.0484898 0.0444991 0.0404702 0.0362592 0.0316537 0.0265328 0.0210155 0.0154913
 0.00803068 0.0125083 0.0178485 0.0237482 0.0299862 0.0364276 0.0429001 0.0490992 0.05462 0.0590633 0.0621211 0.0636206 0.063545 0.0620317 0.0593347 0.0557685 0.051654 0.0472715 0.0428138 0.038345 0.0337973 0.0290354 0.0239859 0.0187603 0.0136832
 0.00844503 0.0131386 0.0187187 0.0248582 0.0313212 0.0379706 0.0446335 0.0509919 0.056608 0.0610379 0.0639352 0.0651148 0.0645843 0.0625358 0.0592875 0.0552026 0.050621 0.0458172 0.0409743 0.0361676 0.0313712 0.0265099 0.0215563 0.0166222 0.0119765
 0.00886432 0.0137743 0.0195902 0.0259545 0.0326078 0.0394011 0.0461579 0.0525594 0.0581682 0.0625402 0.0653241 0.0663205 0.0655197 0.0631063 0.0594137 0.0548423 0.0497769 0.0445281 0.0393007 0.0341865 0.0291853 0.0242578 0.0194057 0.0147381 0.0104764
 0.00906782 0.0141211 0.020141 0.026773 0.0337445 0.0408674 0.0479039 0.0544702 0.0600871 0.0643082 0.0668142 0.0674531 0.0662573 0.0634361 0.0593312 0.0543447 0.048868 0.0432287 0.0376568 0.0322736 0.0271101 0.0221562 0.0174296 0.0130282 0.00912787
 0.00910094 0.0141912 0.0202797 0.0270285 0.0341803 0.0415548 0.0489039 0.0558083 0.0617257 0.0661316 0.0686402 0.0690749 0.0674976 0.0641871 0.0595618 0.0540798 0.0481592 0.0421349 0.0362418 0.0306148 0.0253074 0.0203341 0.015724 0.0115607 0.00797675
 0.0091583 0.0142656 0.0203585 0.0270933 0.0342192 0.0415798 0.0489638 0.0559865 0.0621185 0.0668124 0.0696226 0.0702909 0.0688026 0.065395 0.060496 0.0546166 0.0482463 0.0417835 0.0355069 0.0295787 0.0240736 0.019022 0.0144587 0.0104525 0.0070984
 0.0092647 0.0144236 0.0205675 0.0273405 0.0344803 0.0418232 0.049159 0.0561157 0.0621921 0.0668779 0.0697578 0.0705748 0.0692762 0.0660304 0.0611938 0.0552347 0.0486459 0.0418698 0.0352487 0.0290075 0.0232688 0.0180924 0.0135216 0.00961114 0.0064219
