SBPRF35
12.7214
Curr Bio
957304
B35
881474
F35
0.169809
FOFL
0.169809
OFL
126923
Bzero
3.63469e+006
#pred survey bio
 3.7075e+006 3.60191e+006 3.49842e+006 3.34003e+006 3.14955e+006 2.91313e+006 2.64304e+006 2.38184e+006 2.11237e+006 1.87513e+006 1.66221e+006 1.47664e+006 1.30014e+006 1.13676e+006 1.00503e+006 890380 804347 720769 666514 651394 627280 604507 596422 583181 564858 565197 564132 567042 569470 583293 583470 589422 600986 610859 623546 627939 639001 646312 656994 660124 663922 679168 688892 686051 695461 699349 706577 715434 725617 723109 724118 747408 777987 801925 829485 823084 823772 854189 891045 919132 923950 953133 962761 2.11573e+007 1.87163e+007 1.84739e+007 1.89368e+007 1.99244e+007 2.11698e+007 2.24595e+007 2.36594e+007 2.47036e+007 2.55724e+007 2.62735e+007 2.68273e+007 2.72585e+007 2.75909e+007 2.78457e+007 2.80405e+007 2.81893e+007 2.83031e+007 2.83903e+007 2.84574e+007 2.85092e+007 2.85494e+007 2.85807e+007 2.86053e+007 2.86246e+007 2.86398e+007 2.86518e+007 2.86614e+007 2.8669e+007 2.86751e+007 2.868e+007 2.8684e+007 2.86872e+007 2.86897e+007 2.86918e+007 2.86935e+007 2.86949e+007 2.8696e+007 2.86969e+007 2.86977e+007 2.86983e+007 2.86988e+007 2.86992e+007 2.86995e+007 2.86998e+007 2.87e+007 2.87002e+007 2.87003e+007 2.87004e+007 2.87005e+007 2.87006e+007 2.87007e+007 2.87007e+007 2.87008e+007 2.87008e+007 2.87008e+007 2.87009e+007 2.87009e+007 2.87009e+007 2.87009e+007 2.87009e+007 2.87009e+007 2.87009e+007 2.87009e+007 2.87009e+007 2.8701e+007 2.8701e+007 2.8701e+007 2.8701e+007 2.8701e+007 2.8701e+007 2.8701e+007 2.8701e+007 2.8701e+007 2.8701e+007 2.8701e+007 2.8701e+007 2.8701e+007 2.8701e+007 2.8701e+007 2.8701e+007 2.8701e+007 2.8701e+007 2.8701e+007 2.8701e+007 2.8701e+007 2.8701e+007 2.8701e+007 2.8701e+007 2.8701e+007 2.8701e+007 2.8701e+007 2.8701e+007 2.8701e+007 2.8701e+007 2.8701e+007 2.8701e+007 2.8701e+007 2.8701e+007 2.8701e+007 0 0 0 0 0 0 0 0 0 0 0 0 0 0 0 0 0 0 0 0 0 0 0 0 0
#obs survey bio
 3.071e+006 5.01984e+006 3.10082e+006 3.03229e+006 4.06041e+006 4.53065e+006 3.85802e+006 2.52528e+006 1.40615e+006 1.65351e+006 1.28412e+006 1.21612e+006 885511 980085 1.28843e+006 785975 745620 713882 591280 795523 679389 603752 527097 461735 410704 458160 577132 633686 490473 559801 688500 684212 553311 751779 620256 655995 744454 538412 674069 794846 704047 681514 594837 570156 730534 815928 469222 925127 582708 720295 710535 961871 804566 811935 869147 699424 662902 821953 1.07603e+006 526558 771841 1.53836e+006 1.15738e+006
#pred catch bio
 95200.5 96384.1 151454 189214 242841 287819 295208 318458 304008 294864 280495 279521 271295 243820 227687 201198 196310 167221 131632 137422 133208 118526 121294 123351 106150 106809 102588 102110 92083.4 102888 96667.9 91717.9 93742.7 92373.9 100538 95946.3 100335 98492 105663 105599 97172.1 103303 114098 103365 107862 104740 103814 103379 114357 111156 93014.7 88372.6 95008.2 92788.9 122485 116838 93777 91359 100572 120257 97720.8 110685 146840 126923 122782 119811 121211 126726 134260 142148 149426 155653 160716 164685 167714 169978 171644 172854 173726 174347 174789 175100 175319 175473 175580 175655 175707 175744 175769 175786 175798 175806 175812 175816 175819 175821 175822 175823 175824 175824 175824 175825 175825 175825 175825 175825 175825 175825 175825 175825 175825 175825 175825 175825 175825 175825 175825 175825 175825 175825 175825 175825 175825 175825 175825 175825 175825 175825 175825 175825 175825 175825 175825 175825 175825 175825 175825 175825 175825 175825 175825 175825 175825 175825 175825 175825 175825 175825 175825 175825 175825 175825 175825 175825 175825 175825 175825 175825 175825 175825 175825 175825 175825 0 0 0 0 0 0 0 0 0 0 0 0 0 0 0 0 0 0 0 0 0 0 0 0 0
#obs catch bio
 0 96066.1 151796 189235 242793 287426 293666 317674 303864 295658 281458 281001 275293 246573 228136 202342 198767 170397 133349 139139 134463 119228 122136 124764 106978 108058 103395 102554 92332.5 103359 96528.8 91259.4 93639.3 91987.5 100607 96051.8 100592 98829.9 105970 105774 97452.1 103918 114804 103778 108266 104525 103948 103383 114587 111259 93056.2 88415.9 95297.3 92602.7 122671 117306 94179.2 91771.1 100911 121863 98236.3 110934 147194
#pred cpue bio
 3.65198e+006 3.54813e+006 3.4467e+006 3.28949e+006 3.09961e+006 2.86415e+006 2.59536e+006 2.33534e+006 2.06719e+006 1.83103e+006 1.61929e+006 1.43494e+006 1.25997e+006 1.09849e+006 968627 855719 770859 688892 636026 621537 598446 576571 568864 556114 538417 538834 538011 541163 543844 557582 558149 564264 575632 585206 597454 601580 612234 619315 629704 632756 636355 651063 660558 657911 667247 671308 678469 687032 696954 694549 695491 718279 748488 772259 799302 792818 792952 822318 858550 886477 891579 920826 931918 2.05185e+007 1.81662e+007 1.77876e+007 1.80696e+007 1.89799e+007 2.02032e+007 2.14876e+007 2.26864e+007 2.37304e+007 2.45992e+007 2.53003e+007 2.58541e+007 2.62852e+007 2.66176e+007 2.68724e+007 2.70672e+007 2.7216e+007 2.73298e+007 2.7417e+007 2.74841e+007 2.7536e+007 2.75762e+007 2.76075e+007 2.7632e+007 2.76513e+007 2.76665e+007 2.76786e+007 2.76881e+007 2.76958e+007 2.77019e+007 2.77068e+007 2.77107e+007 2.77139e+007 2.77165e+007 2.77186e+007 2.77202e+007 2.77216e+007 2.77227e+007 2.77236e+007 2.77244e+007 2.7725e+007 2.77255e+007 2.77259e+007 2.77262e+007 2.77265e+007 2.77267e+007 2.77269e+007 2.7727e+007 2.77272e+007 2.77273e+007 2.77273e+007 2.77274e+007 2.77275e+007 2.77275e+007 2.77275e+007 2.77276e+007 2.77276e+007 2.77276e+007 2.77276e+007 2.77276e+007 2.77276e+007 2.77277e+007 2.77277e+007 2.77277e+007 2.77277e+007 2.77277e+007 2.77277e+007 2.77277e+007 2.77277e+007 2.77277e+007 2.77277e+007 2.77277e+007 2.77277e+007 2.77277e+007 2.77277e+007 2.77277e+007 2.77277e+007 2.77277e+007 2.77277e+007 2.77277e+007 2.77277e+007 2.77277e+007 2.77277e+007 2.77277e+007 2.77277e+007 2.77277e+007 2.77277e+007 2.77277e+007 2.77277e+007 2.77277e+007 2.77277e+007 2.77277e+007 2.77277e+007 2.77277e+007 2.77277e+007 2.77277e+007 2.77277e+007 2.77277e+007 2.77277e+007 2.77277e+007 0 0 0 0 0 0 0 0 0 0 0 0 0 0 0 0 0 0 0 0 0 0 0 0 0
#obs cpue bio
 2.29192e+006 2.93669e+006 3.20664e+006 3.94164e+006 3.00217e+006 2.28918e+006 2.39464e+006 1.80748e+006 2.32958e+006 1.58673e+006 1.82887e+006 1.52742e+006 949332 1.25416e+006 1.23428e+006 679150 570080 366854 562719 543232 571274 544922 588511 512173 636526 487985 557444 612573 543518 617128 666238 660995 497631 592613 463477 475397 499954 591486 687540 566779 436508 502552 840105 686482 712233 883744 758976 550202 844513 765824 597396 538336 637968 934297 849450 645343 604450 785261 817746 771944 1.026e+006 983202 1.17804e+006
#pred surv len freq
 0.00547538 0.00875125 0.0129119 0.0178553 0.0234217 0.0293429 0.0352008 0.0405047 0.0448709 0.0481556 0.0504416 0.0519266 0.0528191 0.053291 0.0534691 0.0534443 0.0532867 0.0530437 0.0526926 0.0520427 0.0506565 0.0479089 0.0432578 0.0366223 0.0286066
 0.00553132 0.00878175 0.012851 0.0176172 0.0229394 0.0286191 0.034339 0.039689 0.0442923 0.0479286 0.0505611 0.0522904 0.0532949 0.0537839 0.0539534 0.0539513 0.0538604 0.0536913 0.0533535 0.0525976 0.0509753 0.0479142 0.0429668 0.0361406 0.0280766
 0.00576579 0.00912983 0.0133089 0.018148 0.0234695 0.0290436 0.0345405 0.0395753 0.0438456 0.0472359 0.0497961 0.0516434 0.0528923 0.0536489 0.0540297 0.0541608 0.0541478 0.0540267 0.0537033 0.0528977 0.0511372 0.047865 0.0426939 0.035706 0.0275884
 0.00595693 0.0094465 0.0137948 0.0188427 0.0243931 0.0301745 0.0357943 0.0408013 0.0448539 0.0478518 0.0499219 0.0512988 0.0522091 0.0528171 0.0532221 0.053479 0.0536141 0.0536098 0.0533481 0.052541 0.050716 0.0473349 0.0420534 0.0350071 0.0269179
 0.00614699 0.00974888 0.0142391 0.019456 0.0251998 0.031192 0.0370217 0.0422023 0.0463408 0.0492803 0.0511086 0.0520648 0.0524376 0.0524993 0.0524618 0.052449 0.0524876 0.0525048 0.0523088 0.0515537 0.0497427 0.0463482 0.0410618 0.0340593 0.0260843
 0.00639518 0.0101397 0.0148042 0.0202175 0.0261687 0.0323654 0.0383787 0.0437015 0.0479212 0.0508626 0.0525917 0.0533211 0.0533213 0.0528769 0.0522578 0.0516813 0.0512662 0.0509907 0.0506568 0.0498728 0.0480932 0.0447663 0.0395889 0.0327537 0.0250068
 0.00671933 0.0106477 0.0155335 0.0211912 0.0273929 0.0338258 0.0400351 0.0454854 0.0497432 0.0526265 0.0542057 0.0546987 0.054374 0.0535079 0.0523707 0.0512066 0.0501944 0.0493903 0.0486622 0.0476491 0.045801 0.0425454 0.0375586 0.0310126 0.0236222
 0.00706666 0.0111933 0.0163192 0.022244 0.0287218 0.035417 0.0418447 0.0474366 0.0517331 0.0545429 0.0559434 0.0561679 0.0554995 0.0542225 0.0526076 0.0509004 0.0492968 0.0478967 0.046635 0.0452221 0.0431618 0.0399041 0.0351145 0.0289245 0.021984
 0.00746286 0.0118171 0.0172206 0.0234564 0.0302571 0.037259 0.0439394 0.0496881 0.0540141 0.0567148 0.057878 0.0577604 0.0566713 0.054917 0.0527826 0.0505188 0.0483262 0.0463214 0.0444816 0.0425857 0.0402162 0.0368848 0.0322752 0.0264816 0.0200696
 0.0078025 0.0123581 0.0180142 0.024544 0.0316641 0.038985 0.0459463 0.0518937 0.0562993 0.0589422 0.0599114 0.0594792 0.0579778 0.0557389 0.0530695 0.0502368 0.0474512 0.0448421 0.042416 0.0400077 0.0372779 0.0338148 0.0293415 0.0239289 0.0180569
 0.00814589 0.0128974 0.0187913 0.0255874 0.0329876 0.0405839 0.0477904 0.0539212 0.0584182 0.0610401 0.0618684 0.0611788 0.059316 0.0566299 0.0534489 0.0500596 0.0466889 0.0434833 0.0404765 0.0375528 0.034445 0.0308189 0.0264464 0.0213857 0.0160375
 0.00846308 0.0133992 0.0195208 0.0265757 0.0342493 0.0421105 0.0495419 0.0558241 0.0603745 0.0629443 0.0636217 0.0626946 0.0605181 0.05745 0.0538263 0.0499426 0.0460378 0.0422757 0.0387186 0.0352983 0.0318164 0.0280137 0.0237126 0.0189662 0.0141041
 0.00870697 0.0138011 0.0201357 0.0274574 0.0354393 0.0436201 0.0513343 0.0578089 0.0624218 0.0649117 0.0653807 0.0641455 0.0615935 0.0581089 0.054044 0.0497006 0.0453187 0.0410661 0.0370227 0.0331598 0.029341 0.0253774 0.0211416 0.0166856 0.0122767
 0.00897125 0.014219 0.0207436 0.0282847 0.0365067 0.0449358 0.0528851 0.0595503 0.0642727 0.0667597 0.0670954 0.0655989 0.0626803 0.0587603 0.0542289 0.0494158 0.044574 0.0398756 0.0354081 0.0311678 0.0270656 0.0229715 0.0188026 0.0146123 0.010614
 0.00934211 0.014779 0.0215074 0.0292397 0.0376206 0.0461689 0.0541986 0.0609063 0.0656319 0.0680781 0.0683217 0.0666717 0.0635294 0.0593141 0.0544263 0.0492169 0.0439631 0.0388584 0.0340102 0.0294397 0.0250954 0.0208931 0.0167847 0.0128238 0.00917867
 0.00972529 0.0153788 0.0223653 0.0303742 0.0390196 0.0477815 0.0559291 0.0626229 0.067194 0.0693731 0.0692896 0.0673041 0.0638472 0.0593415 0.0541746 0.048682 0.0431344 0.0377304 0.0325941 0.0277744 0.0232564 0.0189952 0.0149701 0.0112322 0.00791018
 0.00982979 0.0155721 0.0226995 0.0309121 0.0398198 0.0488739 0.0572916 0.0641715 0.0687955 0.0708739 0.070549 0.0682221 0.0643783 0.0594917 0.0539824 0.0481941 0.0423872 0.0367463 0.0313907 0.0263814 0.0217314 0.0174292 0.0134779 0.00992684 0.00687166
 0.00993234 0.015742 0.0229625 0.0312982 0.0403619 0.0496028 0.058226 0.0653046 0.070083 0.0722283 0.0718473 0.0693268 0.0651685 0.059891 0.053972 0.0478057 0.0416813 0.0357889 0.0302407 0.0250928 0.0203644 0.0160605 0.0121974 0.00882103 0.00599998
 0.0100475 0.0159028 0.0231568 0.0315018 0.0405499 0.0497673 0.0583882 0.0655141 0.070401 0.0727029 0.072489 0.0700959 0.0659776 0.0606245 0.0545163 0.0480778 0.0416455 0.0354552 0.0296516 0.0243088 0.0194565 0.0151076 0.0112822 0.00801821 0.00536076
 0.00996038 0.0157645 0.0229546 0.0312256 0.0401943 0.0493352 0.0578981 0.0650075 0.0699464 0.07239 0.0724111 0.0703219 0.0665234 0.0614371 0.0554805 0.0490449 0.0424726 0.0360387 0.0299442 0.0243179 0.0192317 0.0147247 0.0108268 0.00756979 0.00497816
 0.0100097 0.0158364 0.0230471 0.0313297 0.0402946 0.0494113 0.0579267 0.064967 0.0698237 0.0721904 0.0721668 0.0700918 0.0663812 0.0614468 0.0556689 0.0493849 0.0428873 0.0364265 0.0302125 0.0244115 0.0191444 0.0144934 0.0105141 0.00724292 0.00469037
 0.0101296 0.0160128 0.023278 0.0316004 0.0405811 0.0496855 0.0581611 0.0651362 0.0699053 0.0721684 0.0720368 0.0698679 0.0660996 0.0611627 0.0554432 0.0492634 0.0428806 0.0365033 0.0303114 0.0244667 0.0191121 0.0143663 0.0103185 0.00702239 0.00448676
 0.0101333 0.0160186 0.023286 0.03161 0.0405905 0.0496912 0.0581583 0.0651201 0.0698732 0.0721204 0.0719761 0.0697992 0.0660287 0.0610989 0.0554016 0.0492636 0.0429382 0.0366182 0.0304611 0.0246111 0.0192101 0.0143938 0.0102771 0.0069354 0.00438523
 0.0101347 0.0160278 0.0233125 0.0316661 0.0406872 0.0498321 0.0583343 0.0653092 0.0700456 0.0722474 0.0720375 0.0697876 0.0659496 0.060968 0.0552418 0.0491012 0.0427987 0.0365199 0.0304085 0.0245925 0.0192025 0.0143742 0.0102341 0.00687213 0.00431491
 0.0102457 0.0161905 0.0235246 0.0319153 0.0409554 0.0501029 0.058597 0.0655568 0.070269 0.0724307 0.0721579 0.0698219 0.0658835 0.0608024 0.0549943 0.0488026 0.0424852 0.0362254 0.030157 0.0243937 0.0190518 0.0142586 0.0101398 0.00679147 0.00424667
 0.0101329 0.0160247 0.0233075 0.0316598 0.0406817 0.0498326 0.05835 0.0653517 0.0701261 0.0723707 0.0721967 0.0699621 0.0661079 0.0610767 0.0552773 0.0490588 0.0426949 0.0363857 0.0302764 0.0244834 0.0191197 0.0143071 0.0101691 0.00680258 0.00424411
 0.010032 0.0158692 0.0230901 0.0313807 0.0403507 0.0494697 0.0579853 0.0650226 0.0698693 0.0722142 0.0721545 0.0700343 0.0662842 0.0613378 0.0555954 0.0494001 0.0430256 0.0366794 0.0305192 0.0246733 0.0192616 0.0144083 0.0102363 0.00684243 0.00426367
 0.0099815 0.0157795 0.0229415 0.0311515 0.0400236 0.0490423 0.0574784 0.0644822 0.0693582 0.0717969 0.0718823 0.069936 0.0663635 0.0615761 0.055958 0.049843 0.0435016 0.0371451 0.0309401 0.0250278 0.0195416 0.0146159 0.0103804 0.0069351 0.00431802
 0.0099412 0.0157169 0.0228518 0.0310301 0.0398645 0.0488364 0.057216 0.0641583 0.0689811 0.0713941 0.0715002 0.0696304 0.066184 0.0615529 0.0560943 0.0501163 0.0438717 0.0375633 0.0313593 0.02541 0.019862 0.0148643 0.0105585 0.00705296 0.00438951
 0.00972557 0.0153926 0.022413 0.0304897 0.0392506 0.0481868 0.0565725 0.063563 0.0684721 0.0710008 0.0712417 0.0695179 0.0662257 0.0617542 0.056453 0.0506164 0.0444794 0.0382301 0.0320299 0.0260327 0.0203975 0.0152911 0.0108733 0.00726714 0.00452333
 0.00973151 0.0153863 0.0223747 0.0303921 0.0390677 0.0479063 0.0562054 0.0631434 0.0680465 0.0706128 0.0709211 0.0692799 0.0660764 0.0616982 0.0564976 0.050768 0.0447371 0.0385787 0.0324385 0.0264594 0.0207998 0.0156352 0.0111411 0.00745687 0.00464549
 0.00982908 0.0155169 0.0225184 0.0305111 0.0391139 0.0478354 0.0559912 0.0627869 0.0675771 0.0700834 0.0703974 0.0688255 0.0657391 0.0615021 0.0564453 0.0508488 0.0449338 0.03887 0.032797 0.0268505 0.021185 0.0159792 0.0114199 0.00766148 0.00478132
 0.00983707 0.015534 0.0225506 0.0305629 0.0391828 0.047905 0.0560288 0.0627492 0.067426 0.0698042 0.0700102 0.0683823 0.0653086 0.0611505 0.0562191 0.0507684 0.0449953 0.0390525 0.0330691 0.0271753 0.0215234 0.0162952 0.011686 0.00786379 0.00491989
 0.00987123 0.0155826 0.0226112 0.0306299 0.0392498 0.047968 0.0560863 0.0627982 0.0674555 0.0697922 0.0699289 0.0682122 0.0650528 0.0608403 0.0559069 0.0505105 0.0448347 0.0390084 0.0331362 0.0273292 0.0217288 0.0165146 0.0118875 0.0080269 0.00503715
 0.00986195 0.0155701 0.0225971 0.0306166 0.0392396 0.0479614 0.0560815 0.0627922 0.0674461 0.0697784 0.0699083 0.0681777 0.0649929 0.0607452 0.0557785 0.0503676 0.0447097 0.038935 0.0331361 0.0274044 0.0218623 0.016678 0.0120506 0.00816667 0.00514207
 0.00985375 0.015566 0.0226076 0.0306569 0.0393243 0.048098 0.056264 0.0630001 0.0676494 0.069946 0.0700159 0.0682116 0.0649501 0.0606306 0.055603 0.0501488 0.0444728 0.0387113 0.0329566 0.0272905 0.0218189 0.016693 0.0121016 0.00822977 0.00519946
 0.00980137 0.0154827 0.0224868 0.0304961 0.0391287 0.0478839 0.0560599 0.0628424 0.067571 0.0699633 0.0701222 0.0683798 0.065143 0.060813 0.0557494 0.050247 0.0445239 0.0387279 0.0329587 0.0272988 0.0218476 0.0167448 0.0121688 0.00829931 0.00525952
 0.00977884 0.0154487 0.0224402 0.0304368 0.0390568 0.0477989 0.055962 0.062735 0.0674641 0.0698748 0.0700732 0.0683861 0.065207 0.0609208 0.0558761 0.0503656 0.0446151 0.038785 0.0329876 0.0273133 0.0218624 0.0167693 0.0122042 0.00834012 0.00529809
 0.00972017 0.0153594 0.0223171 0.0302815 0.0388753 0.0476011 0.0557604 0.0625443 0.0672991 0.0697486 0.0699966 0.0683677 0.0652527 0.0610309 0.0560411 0.0505661 0.0448253 0.0389809 0.0331539 0.027446 0.0219663 0.0168526 0.012273 0.008397 0.00534289
 0.00979002 0.0154575 0.0224363 0.0304051 0.0389819 0.0476714 0.0557835 0.062519 0.0672317 0.0696493 0.0698765 0.0682389 0.0651281 0.0609239 0.0559635 0.0505244 0.044818 0.038999 0.0331844 0.027478 0.0219941 0.0168758 0.0122936 0.00841611 0.00536018
 0.00983357 0.0155279 0.0225407 0.0305477 0.0391606 0.0478739 0.0559856 0.0626881 0.0673363 0.06967 0.0698128 0.0681068 0.0649529 0.0607323 0.0557786 0.0503633 0.0446909 0.0389085 0.0331265 0.0274446 0.0219766 0.0168678 0.0122916 0.00841808 0.00536452
 0.00968984 0.0153189 0.0222724 0.0302426 0.0388529 0.0476003 0.0557767 0.0625628 0.0672995 0.0697123 0.0699136 0.0682412 0.0651001 0.0608801 0.0559238 0.050508 0.044838 0.0390584 0.0332761 0.0275875 0.0221053 0.0169762 0.0123766 0.00848008 0.00540658
 0.00958932 0.0151632 0.0220532 0.0299597 0.0385166 0.0472337 0.0554161 0.062254 0.0670865 0.0696238 0.0699537 0.0683895 0.0653208 0.0611348 0.0561819 0.0507517 0.0450611 0.0392615 0.0334613 0.027755 0.0222527 0.0170999 0.0124739 0.00855136 0.00545475
 0.009567 0.0151313 0.022013 0.0299141 0.0384682 0.0471822 0.055358 0.062185 0.0670069 0.0695422 0.0698861 0.0683529 0.0653246 0.0611769 0.0562498 0.0508294 0.0451358 0.0393278 0.0335194 0.0278078 0.022302 0.0171453 0.0125135 0.00858303 0.0054778
 0.00944129 0.0149384 0.0217446 0.0295717 0.0380637 0.0467384 0.054908 0.0617692 0.0666659 0.0693081 0.0697767 0.0683717 0.0654642 0.0614212 0.0565754 0.0512063 0.0455314 0.0397121 0.0338704 0.0281124 0.0225551 0.0173466 0.0126658 0.00869157 0.00554977
 0.00952449 0.0150434 0.0218468 0.0296299 0.0380316 0.0465832 0.0546258 0.0613886 0.0662387 0.0688931 0.0694254 0.06812 0.0653303 0.0614073 0.0566709 0.0513911 0.0457791 0.039993 0.0341559 0.0283788 0.0227864 0.0175348 0.0128094 0.00879407 0.00561769
 0.00957473 0.0151231 0.0219614 0.0297786 0.0382022 0.046747 0.054738 0.0613982 0.066108 0.0686175 0.069041 0.0676933 0.0649353 0.0611034 0.0564905 0.0513394 0.04584 0.0401378 0.0343508 0.0285912 0.0229895 0.0177103 0.0129483 0.00889506 0.00568515
 0.00950031 0.015022 0.021846 0.0296731 0.0381362 0.046744 0.0548044 0.0615174 0.0662427 0.0687188 0.0690643 0.0676156 0.0647662 0.0608834 0.0562763 0.0511827 0.0457723 0.0401644 0.0344551 0.0287445 0.0231604 0.0178724 0.0130844 0.0089978 0.00575533
 0.00945006 0.0149381 0.0217168 0.02949 0.037899 0.0464686 0.0545261 0.0612851 0.0661022 0.0686933 0.0691425 0.0677558 0.064915 0.060999 0.0563441 0.0512175 0.0458058 0.0402275 0.0345637 0.0288947 0.0233335 0.0180444 0.0132348 0.00911503 0.00583725
 0.009502 0.015017 0.0218247 0.0296228 0.038046 0.0466118 0.0546429 0.0613542 0.0661127 0.0686512 0.0690685 0.0676739 0.0648385 0.060924 0.0562562 0.0511057 0.0456741 0.0400954 0.0344564 0.0288307 0.0233167 0.0180648 0.0132754 0.00915942 0.00587478
 0.0094712 0.014977 0.021783 0.0295924 0.0380418 0.0466439 0.0547112 0.0614468 0.0662089 0.0687287 0.0691117 0.0676793 0.0648144 0.0608844 0.0562118 0.0510596 0.0456239 0.0400409 0.0344043 0.028792 0.0233007 0.018073 0.0133012 0.0091924 0.00590552
 0.00925771 0.0146505 0.0213309 0.02902 0.0373731 0.0459228 0.0539997 0.0608195 0.0657384 0.0684672 0.0690774 0.067855 0.0651587 0.0613459 0.0567412 0.0516145 0.0461698 0.0405514 0.0348614 0.0291872 0.0236325 0.0183438 0.0135142 0.00935129 0.00601596
 0.00914404 0.0144551 0.0210184 0.028553 0.0367241 0.045091 0.0530264 0.0597907 0.0647703 0.067679 0.068564 0.0676691 0.065304 0.0617823 0.0573983 0.052409 0.0470217 0.0413935 0.035644 0.0298776 0.0242132 0.0188095 0.013869 0.00960602 0.00618658
 0.0091871 0.0145074 0.0210626 0.0285581 0.0366486 0.0448906 0.0526652 0.0592541 0.0640763 0.0668853 0.067764 0.0669743 0.0648167 0.0615694 0.0574765 0.0527462 0.0475511 0.0420334 0.0363157 0.0305173 0.0247772 0.0192739 0.0142269 0.0098635 0.00635849
 0.00921524 0.014549 0.0211168 0.0286189 0.0367028 0.0449165 0.0526322 0.059126 0.0638199 0.0664837 0.0672298 0.0663566 0.0641971 0.0610453 0.057136 0.0526435 0.0476926 0.0423795 0.0367964 0.0310534 0.0252983 0.0197299 0.0145913 0.0101307 0.00653834
 0.00942153 0.0148696 0.0215708 0.0292117 0.0374224 0.0457287 0.0534765 0.0599155 0.0644525 0.0668611 0.0672801 0.0660526 0.0635661 0.060169 0.0561364 0.0516571 0.0468384 0.041733 0.0363785 0.0308379 0.0252311 0.0197511 0.0146509 0.0101956 0.00659181
 0.00941974 0.0148877 0.021637 0.0293652 0.0377038 0.0461643 0.0540627 0.0606127 0.0651894 0.0675476 0.067822 0.0663665 0.0635951 0.0598974 0.055599 0.0509363 0.0460473 0.0409865 0.0357645 0.0303987 0.0249632 0.0196189 0.014607 0.0101975 0.00660994
 0.00913781 0.0144647 0.021068 0.0286743 0.0369441 0.0454131 0.0534147 0.0601672 0.0650284 0.0677094 0.0682839 0.0670462 0.064372 0.0606435 0.0562106 0.0513576 0.0462791 0.0410778 0.0357877 0.0304204 0.0250219 0.0197195 0.0147307 0.0103185 0.00670891
 0.00895057 0.0141589 0.0206066 0.0280264 0.0360962 0.0443858 0.0522776 0.0590392 0.0640582 0.0670408 0.0680188 0.0672199 0.0649447 0.0615109 0.0572297 0.0523832 0.0471985 0.0418327 0.0363749 0.0308733 0.0253836 0.0200212 0.0149844 0.010523 0.00686107
 0.00882002 0.0139585 0.0203258 0.0276594 0.0356383 0.0438303 0.051618 0.0582814 0.0632353 0.0662241 0.0673138 0.0667441 0.0647934 0.0617243 0.0577769 0.0531702 0.0480976 0.0427204 0.037164 0.0315246 0.025898 0.0204195 0.0152891 0.0107504 0.00702245
 0.00857881 0.0136168 0.0199045 0.0272082 0.0352198 0.0434938 0.0513786 0.0581146 0.0630905 0.0660479 0.0670759 0.0664563 0.0645135 0.0615391 0.0577698 0.0533853 0.0485203 0.0432838 0.0377769 0.0321048 0.0263938 0.0208126 0.0155844 0.0109625 0.00716736
 0.0079018 0.012608 0.0185595 0.025589 0.0334448 0.0417146 0.0497573 0.0568027 0.0622032 0.0656367 0.0671158 0.0668619 0.0651778 0.062375 0.0587312 0.05446 0.0497025 0.0445468 0.0390615 0.0333303 0.0274825 0.0217117 0.016275 0.0114559 0.00749461
 0.00730833 0.0116847 0.0172501 0.0238771 0.031365 0.0393647 0.0473077 0.0544864 0.0602751 0.0643115 0.0665149 0.0669912 0.0659436 0.0636241 0.0602983 0.0562059 0.0515292 0.0463877 0.0408592 0.0350202 0.0289933 0.0229815 0.017269 0.0121761 0.00797507
#obs surv len freq
 nan nan nan nan nan nan nan nan nan nan nan nan nan nan nan nan nan nan nan nan nan nan nan nan nan
 0.00448232 0.00734251 0.0111713 0.0159866 0.0216867 0.0279619 0.0342761 0.0400078 0.0446882 0.0481532 0.0505124 0.0520097 0.0529034 0.053417 0.0537323 0.053988 0.0542671 0.0545602 0.0546992 0.0542912 0.0527292 0.0493611 0.0438103 0.0362896 0.0276724
 0.00461583 0.00756058 0.0115011 0.016453 0.0223062 0.0287336 0.035172 0.0409707 0.0456389 0.0490062 0.0511922 0.0524616 0.0530993 0.053356 0.0534359 0.053493 0.0536165 0.0537963 0.0538607 0.0534147 0.0518532 0.0485284 0.0430653 0.0356699 0.0271988
 0.00477856 0.00782811 0.0119092 0.0170367 0.0230926 0.0297306 0.0363562 0.0422822 0.0469881 0.050289 0.0523055 0.0533166 0.0536297 0.0535241 0.0532358 0.0529476 0.0527717 0.0527117 0.0526026 0.0520533 0.0504637 0.0471915 0.0418611 0.0346647 0.0264292
 0.004974 0.00814587 0.0123877 0.0177123 0.0239934 0.0308661 0.0377063 0.0437913 0.0485706 0.0518417 0.0537215 0.0544946 0.0544814 0.0539804 0.0532534 0.0525142 0.0519073 0.0514666 0.0510529 0.0502965 0.0486153 0.0453785 0.0402092 0.0332765 0.0253623
 0.00518359 0.00849113 0.0129156 0.0184692 0.0250155 0.0321653 0.0392553 0.0455198 0.050376 0.0536094 0.0553422 0.0558719 0.0555316 0.0546316 0.0534468 0.05221 0.0510923 0.0501618 0.0493196 0.048239 0.0463774 0.0431323 0.0381309 0.0315129 0.0239988
 0.00540819 0.0088584 0.0134726 0.0192619 0.0260812 0.033519 0.0408761 0.0473438 0.0523034 0.0555215 0.0571198 0.0574071 0.0567337 0.0554267 0.0537755 0.0520256 0.0503642 0.0488855 0.0475311 0.0460292 0.0438977 0.0405834 0.0357311 0.0294514 0.0223919
 0.00564052 0.00923848 0.0140492 0.0200821 0.0271818 0.0349133 0.042539 0.0492073 0.054266 0.0574674 0.0589356 0.0589913 0.0579984 0.0562974 0.0541895 0.0519309 0.0497208 0.0476734 0.0457659 0.0437829 0.0413138 0.0378718 0.0331354 0.027193 0.0206149
 0.0058985 0.00966062 0.0146895 0.0209922 0.028401 0.036452 0.0443629 0.051232 0.0563701 0.0595167 0.0608061 0.0605811 0.0592294 0.0571105 0.0545383 0.0517757 0.049027 0.0464176 0.0439526 0.041469 0.0386304 0.0350271 0.030384 0.0247769 0.0186987
 0.00614442 0.0100655 0.0153081 0.0218792 0.0295995 0.0379774 0.0461852 0.0532696 0.0585007 0.0616009 0.0627107 0.0621938 0.0604648 0.0579088 0.0548597 0.0515929 0.048318 0.0451666 0.0421636 0.0391899 0.035979 0.0321993 0.0276292 0.02234 0.0167531
 0.00636173 0.0104237 0.0158569 0.0226684 0.0306709 0.0393495 0.047838 0.0551375 0.0604804 0.0635692 0.0645434 0.0637785 0.0617083 0.0587401 0.0552301 0.051471 0.0476845 0.0440122 0.0404969 0.0370567 0.0334867 0.0295281 0.0250123 0.0200114 0.0148833
 0.00660242 0.0108149 0.0164454 0.0234979 0.0317734 0.040733 0.0494728 0.0569516 0.0623692 0.065415 0.0662338 0.0652167 0.0628162 0.0594584 0.055516 0.0512957 0.0470304 0.0428732 0.0388847 0.0350174 0.0311209 0.0270014 0.0225393 0.017809 0.0131113
 0.00684791 0.0112185 0.0170607 0.0243759 0.0329513 0.0422156 0.0512162 0.0588593 0.0643092 0.0672483 0.0678401 0.0665071 0.0637328 0.0599681 0.0556021 0.050951 0.0462527 0.0416653 0.037263 0.0330272 0.0288554 0.0246106 0.0202163 0.0157486 0.0114566
 0.00706017 0.0115682 0.0175957 0.0251438 0.0339899 0.0435384 0.0527955 0.0606198 0.0661363 0.0690091 0.0694058 0.067771 0.0646201 0.0604379 0.0556425 0.0505692 0.0454643 0.04049 0.0357278 0.0311802 0.0267825 0.0224449 0.0181263 0.0139027 0.00997784
 0.00727362 0.0119162 0.018121 0.0258867 0.0349801 0.0447821 0.0542627 0.0622397 0.067806 0.0706121 0.0708304 0.0689218 0.0654247 0.0608499 0.0556424 0.0501609 0.0446688 0.0393386 0.0342609 0.0294541 0.0248813 0.0204878 0.0162583 0.012266 0.00867388
 0.00744853 0.0122063 0.0185682 0.0265327 0.0358572 0.0458988 0.0555896 0.0637061 0.069311 0.0720459 0.0720925 0.069932 0.0661249 0.0612032 0.0556309 0.0497842 0.0439419 0.0382897 0.0329319 0.027904 0.0231922 0.0187678 0.0146325 0.0108529 0.00755497
 0.00752708 0.0123355 0.0187661 0.0268197 0.0362548 0.0464264 0.056259 0.0645144 0.0702356 0.073042 0.0730964 0.0708678 0.0669158 0.0617815 0.0559451 0.0498017 0.0436498 0.0376944 0.03206 0.0268044 0.0219388 0.0174578 0.0133758 0.00975136 0.00667874
 0.0075854 0.0124261 0.018895 0.0269907 0.0364707 0.0466902 0.0565751 0.0648882 0.0706728 0.0735453 0.0736603 0.0714725 0.0675228 0.0623358 0.056383 0.0500622 0.043685 0.0374779 0.031591 0.026111 0.0210783 0.0165126 0.0124417 0.00891785 0.00600849
 0.00763598 0.0124992 0.0189883 0.0270966 0.0365789 0.0467927 0.0566701 0.0649822 0.0707798 0.0736851 0.0738537 0.0717351 0.0678568 0.0627231 0.0567838 0.0504191 0.0439342 0.0375632 0.0314772 0.0257937 0.0205877 0.0159097 0.0118056 0.00832706 0.00552123
 0.00772127 0.0126314 0.0191745 0.0273371 0.0368653 0.0471063 0.0569815 0.0652561 0.0709848 0.0738052 0.0738959 0.0717267 0.0678351 0.0627212 0.0568177 0.050481 0.0439928 0.0375726 0.0313918 0.0255846 0.0202547 0.015484 0.0113417 0.00788574 0.00515108
 0.00777759 0.01272 0.0193023 0.0275078 0.0370786 0.0473557 0.0572524 0.0655256 0.0712246 0.073988 0.074003 0.071754 0.0677954 0.0626406 0.0567265 0.0504024 0.0439326 0.0375161 0.0313097 0.0254462 0.0200433 0.0152066 0.011028 0.0075774 0.00488562
 0.00779937 0.0127538 0.0193502 0.0275711 0.0371578 0.0474508 0.0573627 0.0656487 0.0713556 0.0741187 0.074122 0.0718488 0.0678555 0.0626622 0.0567147 0.0503691 0.0438905 0.0374703 0.0312536 0.0253645 0.0199215 0.0150415 0.0108328 0.00737716 0.00470696
 0.00783991 0.0128124 0.0194249 0.0276555 0.037243 0.0475288 0.0574289 0.0657028 0.0714006 0.0741593 0.0741617 0.0718884 0.0678918 0.062689 0.0567258 0.0503614 0.0438651 0.0374306 0.0312012 0.0252965 0.0198324 0.014929 0.0107026 0.007243 0.00458544
 0.00787296 0.0128631 0.019495 0.0277439 0.0373447 0.0476347 0.0575266 0.0657789 0.0714449 0.0741691 0.0741438 0.0718556 0.0678573 0.0626613 0.0567062 0.0503457 0.0438473 0.0374054 0.0311654 0.0252477 0.019769 0.0148512 0.0106144 0.00715272 0.00450334
 0.00787312 0.0128632 0.0194951 0.0277439 0.0373449 0.0476355 0.0575286 0.0657821 0.0714488 0.0741723 0.0741452 0.0718558 0.0678595 0.0626698 0.0567246 0.050374 0.0438813 0.0374382 0.0311893 0.0252568 0.01976 0.0148243 0.0105733 0.00710441 0.00445583
 0.00789301 0.0128902 0.0195256 0.0277717 0.0373624 0.0476373 0.0575138 0.0657545 0.0714152 0.0741398 0.0741189 0.071838 0.0678505 0.0626692 0.0567321 0.0503895 0.0439036 0.0374644 0.0312142 0.0252747 0.0197661 0.0148168 0.0105539 0.0070775 0.00442734
 0.00791256 0.0129178 0.0195594 0.0278064 0.0373907 0.0476512 0.0575064 0.0657224 0.07136 0.0740689 0.0740444 0.0717729 0.0678053 0.0626486 0.0567354 0.050412 0.0439394 0.0375069 0.0312575 0.0253127 0.0197942 0.0148321 0.0105566 0.00707066 0.00441541
 0.00789143 0.0128883 0.0195239 0.0277698 0.0373583 0.0476261 0.0574874 0.0657045 0.0713369 0.0740371 0.0740048 0.0717321 0.0677725 0.062633 0.0567425 0.0504425 0.0439891 0.0375688 0.0313231 0.0253743 0.0198456 0.0148697 0.0105797 0.00708123 0.0044173
 0.00787093 0.0128485 0.0194528 0.027654 0.0371887 0.0474052 0.0572342 0.0654526 0.0711242 0.0738922 0.0739399 0.0717426 0.0678443 0.0627497 0.05689 0.0506099 0.044167 0.0377477 0.0314936 0.0255274 0.0199741 0.0149696 0.0106508 0.00712687 0.00444327
 0.00785164 0.0128163 0.0194021 0.0275783 0.0370806 0.0472578 0.0570447 0.0652259 0.0708766 0.0736518 0.0737408 0.0716158 0.0678074 0.062803 0.0570187 0.0507913 0.0443777 0.0379676 0.0317066 0.0257211 0.0201394 0.0151013 0.0107478 0.00719237 0.00448336
 0.00784175 0.012797 0.0193673 0.0275203 0.0369922 0.0471348 0.0568883 0.0650431 0.0706786 0.0734522 0.0735554 0.0714628 0.0677065 0.0627707 0.057063 0.0509078 0.0445507 0.0381747 0.0319243 0.0259292 0.020323 0.0152513 0.0108611 0.007271 0.00453313
 0.00781669 0.0127566 0.019307 0.027436 0.0368806 0.0469949 0.0567224 0.0648582 0.0704862 0.0732664 0.0733911 0.0713337 0.0676239 0.0627437 0.0570975 0.0510051 0.0447049 0.0383723 0.0321455 0.0261519 0.0205276 0.0154236 0.0109945 0.00736559 0.00459435
 0.0077845 0.0127032 0.0192251 0.0273185 0.0367231 0.0467983 0.0564958 0.0646186 0.0702547 0.0730639 0.0732334 0.0712304 0.0675797 0.0627593 0.0571713 0.0511332 0.0448811 0.0385861 0.0323821 0.0263928 0.0207534 0.0156183 0.0111485 0.00747703 0.00466778
 0.00776014 0.012661 0.0191568 0.0272149 0.0365763 0.0466054 0.0562621 0.0643589 0.0699916 0.0728228 0.0730378 0.0710977 0.0675195 0.0627729 0.0572537 0.0512753 0.0450714 0.0388119 0.0326284 0.0266429 0.0209895 0.0158249 0.0113148 0.00759951 0.0047499
 0.00773292 0.012618 0.0190941 0.0271293 0.0364652 0.0464669 0.0560964 0.0641695 0.0697868 0.072616 0.0728467 0.0709418 0.067416 0.0627341 0.057284 0.0513716 0.0452243 0.0390078 0.0328513 0.0268751 0.0212134 0.0160243 0.0114784 0.00772233 0.00483375
 0.00769033 0.0125499 0.018994 0.0269925 0.0362903 0.0462581 0.0558643 0.0639312 0.0695616 0.0724209 0.0726938 0.0708381 0.0673657 0.0627403 0.0573488 0.0514939 0.0453986 0.0392234 0.0330931 0.0271254 0.0214537 0.0162383 0.0116542 0.00785494 0.00492491
 0.0076818 0.0125326 0.0189615 0.0269368 0.0362035 0.0461355 0.0557075 0.0637488 0.0693682 0.0722338 0.0725289 0.0707081 0.0672791 0.0627017 0.0573598 0.0515546 0.0455068 0.0393736 0.0332755 0.0273257 0.0216551 0.0164241 0.0118113 0.0079761 0.00500982
 0.00764796 0.0124823 0.0188942 0.0268546 0.0361093 0.0460311 0.055593 0.0636234 0.0692329 0.0720937 0.0723941 0.0705917 0.0671941 0.0626578 0.0573623 0.0516041 0.0456006 0.0395061 0.0334382 0.0275066 0.0218397 0.0165972 0.0119599 0.0080924 0.00509237
 0.00763431 0.0124571 0.0188512 0.026787 0.0360123 0.0459057 0.0554478 0.0634734 0.0690941 0.0719773 0.0723038 0.0705259 0.0671507 0.0626376 0.057369 0.0516425 0.0456734 0.0396123 0.0335725 0.02766 0.0219998 0.0167504 0.0120938 0.00819897 0.00516918
 0.00760246 0.0124092 0.0187859 0.026705 0.0359155 0.0457955 0.0553254 0.0633415 0.0689589 0.0718492 0.0721959 0.0704498 0.0671123 0.062637 0.0574023 0.0517052 0.0457622 0.0397249 0.0337055 0.027807 0.0221512 0.0168947 0.0122204 0.0083003 0.00524274
 0.00760651 0.0124132 0.0187873 0.0267 0.0359003 0.0457681 0.0552865 0.0632933 0.0689039 0.0717885 0.0721295 0.0703793 0.0670426 0.0625757 0.0573577 0.0516836 0.0457669 0.0397564 0.0337619 0.027884 0.0222418 0.0169894 0.0123092 0.00837505 0.00529919
 0.00757598 0.0123691 0.0187313 0.0266367 0.0358357 0.0457069 0.0552304 0.0632419 0.0688561 0.0717446 0.0720915 0.0703494 0.0670224 0.0625658 0.0573592 0.0516981 0.0457969 0.0398036 0.0338262 0.0279627 0.0223294 0.0170785 0.0123917 0.00844428 0.00535156
 0.00758564 0.0123797 0.0187381 0.0266328 0.0358149 0.0456675 0.0551774 0.0631855 0.068807 0.0717091 0.072069 0.0703347 0.0670099 0.0625527 0.0573459 0.0516879 0.045794 0.0398122 0.0338491 0.0280003 0.022379 0.0171348 0.0124479 0.00849405 0.00539078
 0.007545 0.012323 0.0186696 0.0265615 0.035751 0.045617 0.0551393 0.0631534 0.0687747 0.0716754 0.0720393 0.0703169 0.0670095 0.0625697 0.0573762 0.0517261 0.0458366 0.0398581 0.033899 0.0280548 0.0224373 0.0171939 0.0125034 0.00854174 0.00542775
 0.00754223 0.0123119 0.0186413 0.0265057 0.0356601 0.0454929 0.0549967 0.0630167 0.0686682 0.0716135 0.072022 0.0703342 0.0670489 0.0626222 0.057437 0.0517927 0.0459066 0.0399291 0.0339693 0.0281233 0.0225031 0.0172553 0.012558 0.00858695 0.00546211
 0.00751472 0.0122709 0.0185863 0.0264373 0.0355788 0.0453973 0.054884 0.0628861 0.068526 0.0714754 0.0719099 0.0702684 0.0670397 0.0626671 0.0575237 0.0519054 0.0460313 0.0400556 0.0340908 0.0282354 0.022603 0.0173411 0.0126285 0.00864156 0.00550145
 0.0075222 0.0122798 0.0185936 0.0264387 0.0355697 0.0453752 0.0548492 0.0628406 0.0684717 0.0714123 0.0718384 0.0701924 0.0669688 0.0626141 0.0574993 0.0519138 0.0460689 0.040114 0.0341602 0.0283077 0.0226721 0.017403 0.0126805 0.0086825 0.00553128
 0.0075016 0.0122502 0.0185562 0.0263964 0.0355263 0.0453326 0.0548071 0.0627972 0.0684252 0.0713637 0.0717906 0.0701493 0.0669342 0.0625917 0.0574932 0.0519281 0.0461059 0.040172 0.0342334 0.028388 0.0227512 0.0174743 0.0127398 0.00872816 0.0055637
 0.00748986 0.0122287 0.0185197 0.0263395 0.0354456 0.0452301 0.0546917 0.0626834 0.0683285 0.0712945 0.071752 0.0701378 0.0669438 0.062617 0.0575313 0.0519782 0.0461682 0.0402464 0.0343178 0.0284774 0.0228392 0.0175541 0.0128065 0.00877931 0.00559964
 0.00747488 0.012206 0.0184883 0.0262992 0.0353959 0.04517 0.0546198 0.0625999 0.0682372 0.0712039 0.0716739 0.0700834 0.0669196 0.0626233 0.0575635 0.0520299 0.046234 0.0403222 0.0344004 0.0285632 0.0229233 0.0176312 0.0128717 0.00882993 0.00563547
 0.00747488 0.012206 0.0184883 0.0262992 0.0353959 0.04517 0.0546198 0.0625999 0.0682372 0.0712039 0.0716739 0.0700834 0.0669196 0.0626233 0.0575635 0.0520299 0.046234 0.0403222 0.0344004 0.0285632 0.0229233 0.0176312 0.0128717 0.00882993 0.00563547
 0.00730118 0.0119288 0.0180823 0.0257478 0.0346992 0.0443539 0.0537429 0.0617503 0.0675142 0.0706928 0.0714257 0.0701083 0.0671928 0.0630963 0.058176 0.05272 0.0469457 0.0410109 0.0350338 0.0291204 0.0233923 0.0180072 0.0131567 0.00903211 0.00576848
 0.00721671 0.0117753 0.017822 0.0253368 0.0340998 0.0435533 0.0527706 0.0606827 0.066463 0.0697801 0.0707582 0.0697581 0.0671875 0.0634184 0.0587707 0.0535092 0.0478434 0.0419363 0.0359203 0.0299189 0.0240719 0.0185535 0.0135698 0.00932388 0.0059594
 0.00720977 0.0117593 0.0177876 0.0252683 0.0339732 0.0433373 0.0524314 0.0601954 0.0658265 0.0690309 0.0699731 0.0690412 0.066645 0.0631315 0.0587767 0.0537961 0.0483581 0.0426006 0.0366489 0.0306353 0.0247176 0.019092 0.0139863 0.00962204 0.0061561
 0.00715995 0.0116877 0.0176968 0.0251655 0.0338665 0.0432292 0.0523139 0.0600481 0.0656208 0.0687398 0.0695849 0.068573 0.0661485 0.0626861 0.0584685 0.053692 0.0484847 0.0429379 0.0371393 0.0312014 0.025283 0.0195967 0.0143946 0.00992303 0.00635836
 0.00721278 0.0117681 0.0178076 0.0253061 0.0340331 0.0434155 0.0525099 0.0602369 0.0657761 0.0688254 0.0695603 0.0684051 0.0658273 0.0622369 0.0579541 0.0531995 0.048101 0.042723 0.0371098 0.0313302 0.0255137 0.0198654 0.0146479 0.0101286 0.00650545
 0.00720616 0.0117701 0.0178338 0.0253775 0.0341695 0.0436253 0.0527821 0.0605417 0.0660727 0.069073 0.0697249 0.0684603 0.0657541 0.0620277 0.0576215 0.0527831 0.0476653 0.0423416 0.0368422 0.0312032 0.0255159 0.0199572 0.0147802 0.0102599 0.00661109
 0.00707854 0.0115668 0.0175372 0.0249792 0.0336772 0.0430712 0.0522267 0.0600656 0.0657542 0.0689616 0.0698245 0.0687315 0.06613 0.0624346 0.0579964 0.053087 0.0478899 0.0425083 0.0369895 0.0313675 0.0257144 0.0201817 0.0150054 0.0104577 0.00676343
 0.00694265 0.0113405 0.0171875 0.0244742 0.0329959 0.0422181 0.0512463 0.0590459 0.0648148 0.0682272 0.0693948 0.0686576 0.0664031 0.0629912 0.0587375 0.0539051 0.0486952 0.0432448 0.0376372 0.0319315 0.0262079 0.0206118 0.0153687 0.0107464 0.00697425
 0.0069332 0.0113129 0.0171226 0.0243442 0.0327683 0.0418636 0.0507487 0.0584113 0.0640778 0.0674524 0.0686719 0.0680863 0.0660707 0.062948 0.0589817 0.0543842 0.0493237 0.0439309 0.038307 0.03254 0.0267362 0.0210558 0.0157292 0.0110247 0.00717463
 0.00696154 0.0113676 0.0172193 0.0244984 0.032986 0.0421288 0.0510152 0.0586071 0.0641247 0.0672941 0.068297 0.0675377 0.0654369 0.0623407 0.058505 0.0541065 0.0492618 0.044053 0.0385519 0.0328419 0.027043 0.0213352 0.0159649 0.0112107 0.00731098
 0.00681702 0.0111423 0.0168999 0.024083 0.0324894 0.041586 0.0504812 0.058146 0.0637885 0.0671006 0.0682227 0.0675327 0.0654541 0.0623623 0.0585511 0.0542219 0.0494902 0.0444122 0.039023 0.0333763 0.0275806 0.0218233 0.0163696 0.011519 0.0075269
 0.00680121 0.011104 0.016819 0.0239339 0.0322478 0.041241 0.0500458 0.0576607 0.0633132 0.0666983 0.0679402 0.0673867 0.0654286 0.0624204 0.0586566 0.0543589 0.0496679 0.0446531 0.0393417 0.0337642 0.0280046 0.0222381 0.0167337 0.0118073 0.00773328
#pred catch len freq
 0.00456459 0.00718413 0.0104041 0.0141174 0.0182592 0.0227965 0.0276569 0.032682 0.0376523 0.0423429 0.0465616 0.0501655 0.0530735 0.0552712 0.056803 0.0577579 0.0582554 0.0584156 0.0582833 0.0577063 0.0562424 0.0532264 0.0480739 0.0407056 0.0317982
 0.00461265 0.0072172 0.0103744 0.0139626 0.0179311 0.0222992 0.0270693 0.0321412 0.0372982 0.0422546 0.0467254 0.0504949 0.0534635 0.0556536 0.0571724 0.0581585 0.0587375 0.0589852 0.0588712 0.0581796 0.0564579 0.0531018 0.0476336 0.0400717 0.0311326
 0.00484069 0.00755331 0.010812 0.0144629 0.0184217 0.0226818 0.0272393 0.0320223 0.0368841 0.0416329 0.046058 0.049952 0.0531517 0.0555838 0.0572857 0.0583821 0.0590255 0.0593158 0.0592136 0.058466 0.0565922 0.0530048 0.047293 0.039558 0.0305667
 0.00503957 0.00787212 0.0112825 0.0151087 0.0192496 0.0236676 0.0283124 0.0330602 0.0377288 0.0421333 0.0461252 0.0496017 0.0525054 0.0548206 0.0565692 0.0578065 0.0586065 0.0590171 0.0589759 0.0582202 0.0562678 0.0525494 0.0467002 0.0388809 0.0298985
 0.00525786 0.00821155 0.0117664 0.0157538 0.0200688 0.0246722 0.0295047 0.0344155 0.0391745 0.0435369 0.0473066 0.0503764 0.0527467 0.0545115 0.0558112 0.0567755 0.0574815 0.0579201 0.0579507 0.057249 0.0553061 0.0515638 0.045696 0.0379085 0.0290342
 0.00553609 0.00864109 0.0123714 0.0165443 0.0210442 0.0258253 0.0308222 0.035875 0.0407378 0.0451417 0.0488554 0.0517305 0.0537385 0.0549826 0.055667 0.0560262 0.0562413 0.0563618 0.0562418 0.055507 0.0535944 0.0499182 0.0441583 0.0365393 0.0278988
 0.00587339 0.00916105 0.0131021 0.0174958 0.0222116 0.0271932 0.0323645 0.037551 0.0424904 0.0468995 0.0505355 0.053238 0.0549622 0.0557959 0.0559432 0.055672 0.0552347 0.0547721 0.0542144 0.0532221 0.0512262 0.0476164 0.0420483 0.0347249 0.0264516
