SBPRF35
12.7214
Curr Bio
908262
B35
887890
F35
0.172129
FOFL
0.172129
OFL
125804
Bzero
3.63469e+06
#pred survey bio
 3.53005e+06 3.40447e+06 3.29263e+06 3.13152e+06 2.93706e+06 2.72632e+06 2.4662e+06 2.23868e+06 2.03153e+06 1.79768e+06 1.59418e+06 1.3979e+06 1.26126e+06 1.11517e+06 980827 857925 756313 701883 649883 617672 596053 577373 563262 547344 543642 544894 541144 543178 557114 568101 566125 558265 567694 572104 584075 588482 599273 602390 609334 613847 622553 628492 636938 645673 648904 653361 657221 653566 645798 636872 643469 697472 771286 836613 885777 932709 944096 937260 929092 924407 921876 936575 935857 943174 936359 913776 2.07058e+07 1.88587e+07 1.91187e+07 1.98847e+07 2.0973e+07 2.21793e+07 2.33541e+07 2.44099e+07 2.53093e+07 2.60476e+07 2.66381e+07 2.7102e+07 2.74622e+07 2.77396e+07 2.79525e+07 2.81155e+07 2.82403e+07 2.83362e+07 2.841e+07 2.8467e+07 2.85113e+07 2.85458e+07 2.85728e+07 2.8594e+07 2.86108e+07 2.86241e+07 2.86346e+07 2.86431e+07 2.86498e+07 2.86552e+07 2.86596e+07 2.86631e+07 2.86659e+07 2.86682e+07 2.86701e+07 2.86716e+07 2.86729e+07 2.86739e+07 2.86747e+07 2.86754e+07 2.86759e+07 2.86763e+07 2.86767e+07 2.8677e+07 2.86772e+07 2.86774e+07 2.86776e+07 2.86777e+07 2.86779e+07 2.86779e+07 2.8678e+07 2.86781e+07 2.86781e+07 2.86782e+07 2.86782e+07 2.86782e+07 2.86782e+07 2.86783e+07 2.86783e+07 2.86783e+07 2.86783e+07 2.86783e+07 2.86783e+07 2.86783e+07 2.86783e+07 2.86783e+07 2.86783e+07 2.86783e+07 2.86783e+07 2.86783e+07 2.86783e+07 2.86783e+07 2.86783e+07 2.86783e+07 2.86783e+07 2.86783e+07 2.86783e+07 2.86783e+07 2.86783e+07 2.86783e+07 2.86783e+07 2.86783e+07 2.86783e+07 2.86783e+07 2.86783e+07 2.86783e+07 2.86783e+07 2.86783e+07 2.86783e+07 2.86783e+07 2.86783e+07 2.86783e+07 2.86783e+07 2.86783e+07 2.86783e+07 2.86783e+07 2.86783e+07 2.86783e+07 2.86783e+07 2.86783e+07 0 0 0 0 0 0 0 0 0 0 0 0 0 0 0 0 0 0 0 0 0 0 0 0 0
#obs survey bio
 3.52176e+06 3.5002e+06 3.56208e+06 2.79372e+06 3.12116e+06 2.90201e+06 2.36283e+06 2.92642e+06 1.59187e+06 1.73489e+06 1.14306e+06 1.37688e+06 1.18218e+06 1.08066e+06 882832 767660 1.10501e+06 571874 589329 520742 523291 488797 390068 644370 601674 510622 542563 633677 459985 369613 711706 626302 528198 557772 623583 680239 840779 566464 503225 507776 470143 618646 579829 495270 952062 856516 650776 669247 685208 450939 453194 700080 668454 559284 1.06812e+06 1.11619e+06 950245 996288 961260 1.09624e+06 920720 955159 972829 1.22410e+06 1.1216e+06 920096
#pred catch bio
 103995 99826.1 156886 201404 232673 295470 283440 281870 320810 305318 307333 260035 270631 258551 243945 218947 172980 166958 146835 135711 131163 125185 124325 111890 106333 108811 101982 91211.1 93961 104396 107641 92500.5 97743 92414.1 99628.2 94578.1 101397 98841.5 102385 100043 102883 100859 100706 104870 102974 103070 109231 112400 113385 101766 66123.1 55369.5 67136.1 83586.9 87150.1 118158 133164 134075 131379 129507 114499 127229 119429 130896 143006 133775 125804 125165 125736 129648 136151 143545 150713 157060 162350 166574 169842 172309 174138 175475 176441 177132 177623 177970 178214 178385 178505 178588 178646 178686 178714 178734 178747 178756 178762 178767 178770 178772 178773 178774 178775 178775 178776 178776 178776 178776 178776 178776 178776 178776 178776 178776 178776 178776 178776 178776 178776 178776 178776 178776 178776 178776 178776 178776 178776 178776 178776 178776 178776 178776 178776 178776 178776 178776 178776 178776 178776 178776 178776 178776 178776 178776 178776 178776 178776 178776 178776 178776 178776 178776 178776 178776 178776 178776 178776 178776 178776 178776 178776 178776 178776 178776 178776 178776 178776 178776 0 0 0 0 0 0 0 0 0 0 0 0 0 0 0 0 0 0 0 0 0 0 0 0 0
#obs catch bio
 0 99420.2 157080 201612 232403 297148 283977 282114 323447 307935 311806 263576 274894 261970 247891 221637 172970 167698 147292 137164 132216 126492 125600 112652 106677 109455 102048 90801.2 93308.2 104234 106972 91437.8 97460.8 92127 99579.4 94346.6 101077 98347.9 102455 100648 103322 100794 100808 104966 102279 102311 108551 111720 112967 101868 66262.3 55370.1 67374 84177.2 87219.2 118476 133278 134087 131701 130130 114513 127638 119313 130892 142880 133724
#pred cpue bio
 3.48858e+06 3.36421e+06 3.25218e+06 3.09075e+06 2.89647e+06 2.68578e+06 2.4262e+06 2.19903e+06 1.9921e+06 1.75903e+06 1.55637e+06 1.36127e+06 1.22557e+06 1.08112e+06 948560 827703 728171 674998 624114 592513 571441 553341 539750 524446 521164 522753 519501 521897 535808 546629 544837 537365 546529 550661 562340 566744 577448 580546 587088 591177 599723 605790 614229 622948 626374 630943 634744 631047 623265 614229 620164 672936 745883 810540 858977 905180 916362 909363 900969 896212 893920 908742 908330 915611 908931 886661 2.00864e+07 1.82909e+07 1.84413e+07 1.90998e+07 2.01576e+07 2.1358e+07 2.25318e+07 2.35875e+07 2.44869e+07 2.52252e+07 2.58157e+07 2.62796e+07 2.66398e+07 2.69172e+07 2.713e+07 2.7293e+07 2.74179e+07 2.75138e+07 2.75876e+07 2.76446e+07 2.76888e+07 2.77233e+07 2.77503e+07 2.77716e+07 2.77884e+07 2.78017e+07 2.78122e+07 2.78206e+07 2.78274e+07 2.78328e+07 2.78371e+07 2.78407e+07 2.78435e+07 2.78458e+07 2.78477e+07 2.78492e+07 2.78504e+07 2.78514e+07 2.78523e+07 2.78529e+07 2.78535e+07 2.78539e+07 2.78543e+07 2.78546e+07 2.78548e+07 2.7855e+07 2.78552e+07 2.78553e+07 2.78554e+07 2.78555e+07 2.78556e+07 2.78556e+07 2.78557e+07 2.78557e+07 2.78558e+07 2.78558e+07 2.78558e+07 2.78558e+07 2.78558e+07 2.78559e+07 2.78559e+07 2.78559e+07 2.78559e+07 2.78559e+07 2.78559e+07 2.78559e+07 2.78559e+07 2.78559e+07 2.78559e+07 2.78559e+07 2.78559e+07 2.78559e+07 2.78559e+07 2.78559e+07 2.78559e+07 2.78559e+07 2.78559e+07 2.78559e+07 2.78559e+07 2.78559e+07 2.78559e+07 2.78559e+07 2.78559e+07 2.78559e+07 2.78559e+07 2.78559e+07 2.78559e+07 2.78559e+07 2.78559e+07 2.78559e+07 2.78559e+07 2.78559e+07 2.78559e+07 2.78559e+07 2.78559e+07 2.78559e+07 2.78559e+07 2.78559e+07 2.78559e+07 2.78559e+07 0 0 0 0 0 0 0 0 0 0 0 0 0 0 0 0 0 0 0 0 0 0 0 0 0
#obs cpue bio
 5.24417e+06 3.94479e+06 2.76375e+06 3.01176e+06 3.09088e+06 1.46284e+06 2.91954e+06 1.70926e+06 1.62805e+06 1.42731e+06 1.50275e+06 939028 1.22121e+06 1.07762e+06 783498 958514 723336 694280 645324 401078 676224 477655 727323 434375 532711 479098 689725 614978 876239 634047 682936 714989 386336 531534 509839 510684 510764 694203 494860 414846 915479 856528 577772 868911 813164 547134 656653 650375 551685 709073 456579 667045 731257 939975 1.00489e+06 942175 1.02989e+06 863442 667660 626974 1.02856e+06 870353 1.01937e+06 723240 912643 742947
#pred surv len freq
 0.00425981 0.00698917 0.0106572 0.015295 0.0208237 0.0269681 0.033234 0.0390356 0.0439148 0.0476848 0.0504066 0.0522657 0.0534632 0.0541671 0.0545059 0.0545801 0.0544809 0.0542885 0.0540155 0.0534924 0.0522698 0.0496706 0.0450787 0.0383552 0.0300974
 0.00458774 0.00743482 0.0111691 0.0157787 0.0211773 0.0271338 0.0332307 0.0389471 0.0438374 0.0476695 0.0504365 0.0522811 0.0534135 0.0540542 0.054391 0.0545527 0.0546065 0.054561 0.0543394 0.0537099 0.0522257 0.0492867 0.0443949 0.0375119 0.0292687
 0.00466638 0.00762224 0.0115543 0.0164625 0.0222255 0.0285162 0.0347873 0.0404217 0.0449753 0.0483233 0.0506098 0.0520862 0.0529885 0.0535024 0.0537751 0.0539215 0.0540105 0.0540364 0.0538763 0.053238 0.0516426 0.0485185 0.0434494 0.0364863 0.0283039
 0.00482886 0.00786656 0.0118908 0.0169027 0.0227973 0.029275 0.0358052 0.0417427 0.0465551 0.0499966 0.0521218 0.0531855 0.0535249 0.0534693 0.0532785 0.0531133 0.0530325 0.052992 0.0528197 0.0521734 0.0505392 0.0473477 0.042226 0.0352844 0.027231
 0.00504739 0.0082206 0.0124196 0.017638 0.0237534 0.0304388 0.0371327 0.043171 0.0480251 0.051464 0.0535394 0.0544679 0.0545335 0.0540453 0.0533087 0.0525812 0.0520198 0.051636 0.0512579 0.0505072 0.0488307 0.0456414 0.0405795 0.0337804 0.0259605
 0.00523128 0.00853026 0.0129058 0.0183549 0.0247479 0.0317318 0.0386998 0.0449351 0.0498681 0.0532553 0.0551655 0.0558465 0.0556043 0.0547469 0.0535658 0.0523199 0.0512042 0.0502981 0.0494966 0.0484603 0.0466425 0.0434487 0.0385112 0.0319559 0.0244734
 0.00551736 0.00898729 0.0135795 0.0192853 0.0259648 0.0332472 0.0404956 0.0469525 0.0520064 0.0553817 0.0571331 0.0575163 0.056865 0.0555237 0.0538139 0.0520097 0.0503156 0.0488332 0.0475027 0.0460457 0.0439723 0.0407232 0.0359366 0.0297116 0.0226798
 0.00580314 0.00944732 0.0142633 0.0202356 0.0272102 0.0347902 0.042301 0.0489449 0.0540824 0.0574286 0.0590426 0.0591872 0.0582013 0.056436 0.0542254 0.0518623 0.0495728 0.0474845 0.0455761 0.0436258 0.0412134 0.0378414 0.0331765 0.0272944 0.0207534
 0.00602837 0.00982392 0.0148494 0.0210918 0.0283871 0.0363084 0.0441316 0.0510032 0.0562419 0.0595481 0.0609923 0.060862 0.0595216 0.0573399 0.0546591 0.0517751 0.0489195 0.0462359 0.043738 0.041262 0.0384638 0.0349211 0.0303444 0.0247953 0.0187562
 0.0063126 0.010289 0.0155554 0.022098 0.0297416 0.0380319 0.046197 0.053325 0.0586826 0.0619397 0.0631644 0.0626672 0.0608523 0.0581337 0.0548906 0.0514382 0.0480119 0.0447554 0.0416971 0.0387163 0.0355408 0.031829 0.0273457 0.0221463 0.0166382
 0.00656325 0.0106998 0.0161805 0.0229908 0.0309468 0.0395702 0.0480491 0.0554233 0.0609172 0.0641753 0.065257 0.0644786 0.0622612 0.0590462 0.0552469 0.0512113 0.0471988 0.0433683 0.039765 0.0363019 0.0327658 0.028887 0.0244832 0.0196089 0.0146037
 0.00681375 0.0111152 0.0168207 0.0239167 0.0322078 0.0411844 0.049984 0.0575887 0.0631785 0.0663799 0.06726 0.0661576 0.0635211 0.0598186 0.0554872 0.050896 0.0463228 0.0419441 0.0378268 0.0339188 0.0300593 0.0260415 0.0217288 0.0171741 0.0126537
 0.00692513 0.0113036 0.0171191 0.0243642 0.0328459 0.0420495 0.0510955 0.0589386 0.0647253 0.0680481 0.0689467 0.067744 0.0648882 0.0608605 0.0561203 0.0510606 0.0459829 0.0410875 0.0364704 0.0321191 0.0279257 0.02374 0.0194651 0.0151518 0.0110223
 0.00711067 0.0116102 0.0175894 0.0250402 0.0337599 0.0432097 0.0524735 0.0604665 0.0663082 0.0695855 0.070349 0.0689389 0.0658183 0.0614792 0.0563883 0.0509459 0.0454612 0.0401469 0.0351198 0.0304019 0.0259336 0.0216175 0.0173935 0.0133105 0.00954179
 0.00724441 0.0118449 0.0179747 0.025633 0.0346115 0.0443452 0.0538715 0.0620517 0.067963 0.0711746 0.0717468 0.0700491 0.0665829 0.061876 0.05642 0.0506253 0.0448006 0.0391558 0.0338128 0.0288148 0.0241398 0.019735 0.0155727 0.0117012 0.00825261
 0.00737444 0.0120635 0.0183178 0.026141 0.0353235 0.0452886 0.0550475 0.0634245 0.0694562 0.0726785 0.0731335 0.0711943 0.0673887 0.0622868 0.0564256 0.0502502 0.0440864 0.0381459 0.0325486 0.0273434 0.0225286 0.018081 0.0139962 0.0103212 0.00715412
 0.00761941 0.0124337 0.0188237 0.0267761 0.0360705 0.046128 0.0559621 0.0643974 0.0704644 0.0736866 0.0740902 0.0720333 0.0680361 0.0626739 0.0565033 0.049999 0.0435171 0.0372926 0.0314594 0.0260764 0.0211546 0.0166875 0.0126823 0.00918081 0.00625185
 0.00775617 0.0126397 0.0191027 0.0271194 0.0364578 0.0465315 0.0563532 0.0647546 0.0707841 0.0739884 0.0744104 0.0724048 0.0684638 0.0631215 0.0568993 0.0502584 0.0435678 0.0370939 0.0310084 0.0254052 0.0203239 0.0157786 0.0117862 0.00838153 0.00560847
 0.00795559 0.0129539 0.0195556 0.0277227 0.0372045 0.0473883 0.0572548 0.0656091 0.071493 0.0744762 0.0746484 0.0724176 0.0683144 0.0628831 0.0566252 0.0499646 0.0432338 0.0366807 0.0304828 0.0247586 0.0195804 0.0149912 0.0110235 0.00770944 0.00507258
 0.00799358 0.0130253 0.0196809 0.0279269 0.0375113 0.0478102 0.0577834 0.0662102 0.0721105 0.0750428 0.0751004 0.0727095 0.0684306 0.06284 0.0564628 0.0497271 0.0429508 0.0363578 0.0301073 0.0243163 0.019073 0.0144443 0.0104821 0.0072234 0.00467956
 0.00801215 0.0130481 0.0197026 0.027941 0.0375159 0.0478152 0.0578135 0.0662998 0.0722897 0.075321 0.075457 0.0730973 0.0687902 0.0631193 0.0566309 0.0497794 0.0429015 0.0362266 0.0299082 0.0240563 0.0187592 0.0140935 0.0101236 0.00689232 0.00440561
 0.00801683 0.0130594 0.0197259 0.0279819 0.0375774 0.0478937 0.0578986 0.0663793 0.0723581 0.0753867 0.0755399 0.0732171 0.0689516 0.0633048 0.0568066 0.0499088 0.042959 0.0362033 0.0298087 0.0238922 0.0185454 0.0138485 0.00987055 0.0066567 0.00420887
 0.00798978 0.0130178 0.0196681 0.0279092 0.0374946 0.04781 0.0578265 0.066332 0.0723453 0.0754117 0.0756009 0.0733111 0.0690774 0.063461 0.0569854 0.050092 0.0431206 0.0363175 0.0298583 0.0238727 0.0184645 0.0137229 0.00972221 0.00650855 0.00407993
 0.00797738 0.0130003 0.0196467 0.0278865 0.037474 0.0477943 0.0578173 0.06633 0.0723511 0.0754264 0.0756258 0.073347 0.0691244 0.0635192 0.0570548 0.0501703 0.0432005 0.0363859 0.0298998 0.0238753 0.0184247 0.0136471 0.00962485 0.00640698 0.00398937
 0.00793586 0.0129221 0.0195099 0.0276668 0.0371533 0.0473738 0.0573273 0.0658286 0.0719104 0.0751114 0.0754774 0.0733754 0.0693127 0.063832 0.057448 0.0506002 0.0436286 0.036781 0.0302381 0.0241407 0.0186104 0.0137573 0.00967311 0.00641289 0.00397294
 0.0078073 0.0127284 0.0192462 0.0273365 0.0367645 0.0469345 0.0568455 0.0653186 0.0714014 0.0746521 0.0751295 0.0731975 0.0693412 0.0640685 0.0578598 0.0511312 0.0442146 0.0373627 0.0307683 0.0245876 0.0189579 0.0140038 0.00982995 0.00649982 0.00401268
 0.00777166 0.0126607 0.0191272 0.0271447 0.0364837 0.0465645 0.0564087 0.0648565 0.0709611 0.0742712 0.0748309 0.0729955 0.0692507 0.0641068 0.058038 0.0514432 0.0446319 0.037839 0.0312511 0.0250301 0.0193273 0.0142847 0.0100235 0.00661944 0.00407789
 0.00780378 0.0126909 0.0191315 0.0270862 0.0363209 0.046266 0.0559678 0.0642989 0.0703421 0.0736641 0.0743104 0.072621 0.0690555 0.0640972 0.0582009 0.0517537 0.0450574 0.0383392 0.0317792 0.0255377 0.0197732 0.0146426 0.0102853 0.00679302 0.00418165
 0.00782308 0.0127061 0.0191235 0.0270248 0.0361697 0.0459912 0.0555496 0.0637409 0.0696762 0.0729508 0.0736315 0.0720642 0.0686943 0.063974 0.0583198 0.0520852 0.0455507 0.0389341 0.0324143 0.0261562 0.0203273 0.0150996 0.0106308 0.00703136 0.00433089
 0.00767271 0.0125015 0.018888 0.026801 0.036003 0.0459049 0.0555274 0.0637292 0.0696075 0.0727741 0.0733358 0.0716839 0.0682983 0.0636438 0.0581258 0.0520693 0.0457181 0.0392567 0.0328418 0.0266288 0.0207882 0.0155039 0.0109521 0.00726271 0.0044814
 0.0076152 0.0124059 0.0187427 0.0266005 0.0357558 0.0456425 0.0553039 0.0636046 0.0696176 0.0729045 0.073519 0.0718291 0.0683356 0.0635567 0.0579547 0.0518883 0.0456015 0.039252 0.0329581 0.0268417 0.0210534 0.0157739 0.0111892 0.00744618 0.00460758
 0.00783645 0.0127154 0.0191153 0.0269802 0.0360707 0.04583 0.0553333 0.0634869 0.0694 0.0726517 0.0732888 0.0716497 0.0681962 0.0634193 0.0577824 0.0516714 0.0453661 0.0390456 0.0328249 0.0268022 0.021099 0.0158749 0.0113096 0.00755701 0.00469288
 0.00784088 0.0127391 0.0191786 0.0271051 0.0362661 0.046074 0.0555654 0.0636232 0.0693691 0.0724335 0.0729306 0.071246 0.0678451 0.0631814 0.0576648 0.0516413 0.0453809 0.0390785 0.0328723 0.0268731 0.0211993 0.015998 0.0114385 0.00767257 0.00478259
 0.00781172 0.0127019 0.0191426 0.0270881 0.0362927 0.04617 0.055748 0.0638881 0.0696803 0.0727246 0.0731233 0.0712831 0.0677179 0.0629341 0.0573705 0.051367 0.0451642 0.0389268 0.0327773 0.0268253 0.0211918 0.0160237 0.0114861 0.00772792 0.004833
 0.00770138 0.0125299 0.0188986 0.0267702 0.0359116 0.0457528 0.0553411 0.0635526 0.0694781 0.0726968 0.0732717 0.071565 0.0680611 0.063265 0.0576412 0.0515675 0.0453132 0.0390521 0.0328987 0.02695 0.0213177 0.0161449 0.0115957 0.00781975 0.00490331
 0.00766476 0.01247 0.0188079 0.0266414 0.0357398 0.0455381 0.0550922 0.0632895 0.0692317 0.0725044 0.0731685 0.0715735 0.0681805 0.0634683 0.0578834 0.0518026 0.0455111 0.0392054 0.0330175 0.0270495 0.0214091 0.0162315 0.0116752 0.00788771 0.00495627
 0.00763951 0.0124193 0.0187141 0.026483 0.0354974 0.0452041 0.0546789 0.0628311 0.0687778 0.0721091 0.0728801 0.0714274 0.0681944 0.063638 0.0581818 0.0521838 0.0459219 0.0395995 0.0333654 0.0273404 0.021645 0.016419 0.0118206 0.00799608 0.0050323
 0.00780219 0.0126547 0.0190133 0.0268167 0.0358206 0.0454659 0.054833 0.062844 0.0686356 0.0718229 0.0724874 0.0709855 0.0677677 0.0632835 0.0579369 0.0520602 0.0459063 0.0396613 0.0334686 0.0274547 0.0217514 0.0165093 0.0118933 0.00805191 0.00507289
 0.0078398 0.0127319 0.0191572 0.0270575 0.0361776 0.0459294 0.0553513 0.0633292 0.0689892 0.0719698 0.0724005 0.0706894 0.0673258 0.0627764 0.0574423 0.051638 0.0455901 0.0394571 0.0333606 0.0274156 0.0217531 0.01653 0.0119193 0.00807629 0.00509266
 0.00770906 0.0125543 0.0189559 0.0268787 0.0360818 0.0459739 0.0555712 0.0637226 0.0695112 0.072537 0.0729081 0.0710402 0.0674605 0.0626909 0.0571839 0.051284 0.0452203 0.0391328 0.0331141 0.027252 0.0216589 0.0164846 0.011903 0.00807457 0.00509666
 0.00758371 0.0123471 0.0186405 0.0264362 0.0355141 0.0453199 0.0549162 0.0631871 0.0692156 0.0725565 0.0732413 0.0716082 0.0681357 0.0633407 0.0577107 0.0516464 0.0454312 0.0392382 0.0331676 0.0272935 0.0217075 0.0165417 0.0119609 0.00812494 0.00513477
 0.00757408 0.0123182 0.018572 0.0262994 0.0352776 0.0449604 0.0544322 0.0626104 0.0686154 0.0720309 0.0728947 0.0715181 0.0683224 0.0637565 0.0582568 0.05221 0.045924 0.0396179 0.0334359 0.0274779 0.0218396 0.0166434 0.0120425 0.00818869 0.00518103
 0.00751242 0.012228 0.0184538 0.0261573 0.0351146 0.044772 0.0542039 0.0623232 0.0682586 0.0716179 0.0724712 0.0711581 0.0681074 0.0637463 0.0584642 0.0525933 0.0464032 0.0401057 0.0338669 0.0278217 0.0220961 0.0168284 0.0121736 0.00828 0.00524209
 0.00739998 0.0120564 0.018217 0.0258588 0.0347677 0.0443992 0.0538338 0.061985 0.0679736 0.0713919 0.0722972 0.0710279 0.0680272 0.0637421 0.0585711 0.0528345 0.0467707 0.0405575 0.0343412 0.0282604 0.0224617 0.0171083 0.0123738 0.00841501 0.00532805
 0.00739513 0.0120348 0.0181597 0.0257413 0.0345678 0.0441089 0.0534689 0.0615849 0.0675897 0.0710708 0.0720661 0.070891 0.0679726 0.0637552 0.0586468 0.0529795 0.0469946 0.0408582 0.0346965 0.0286315 0.0228067 0.0173964 0.012592 0.00856627 0.00542458
 0.00744031 0.0120967 0.0182305 0.0258038 0.034597 0.0440762 0.0533489 0.0613637 0.0672732 0.0706894 0.0716704 0.0705381 0.067708 0.0636016 0.0586043 0.0530357 0.0471347 0.0410691 0.0349622 0.0289282 0.0231039 0.0176636 0.0128082 0.0087239 0.00552854
 0.0074704 0.0121471 0.0183082 0.025914 0.0347389 0.0442378 0.0535038 0.0614733 0.0672965 0.0705975 0.071459 0.0702319 0.0673552 0.0632594 0.0583229 0.0528467 0.047049 0.0410807 0.0350549 0.029079 0.0232855 0.0178479 0.0129713 0.00885166 0.00561753
 0.00751608 0.0122238 0.0184281 0.0260895 0.0349793 0.0445438 0.0538614 0.0618505 0.0676457 0.070863 0.0715896 0.0701946 0.0671465 0.0629091 0.0578876 0.0523942 0.0466404 0.0407578 0.0348352 0.0289589 0.0232463 0.0178634 0.0130146 0.00890103 0.00565959
 0.00763104 0.0123975 0.0186652 0.0263863 0.035326 0.0449279 0.0542688 0.0622635 0.06804 0.071206 0.0718422 0.0703169 0.067107 0.0626962 0.0575171 0.0519098 0.046105 0.0402373 0.0343834 0.0286071 0.0230013 0.0177127 0.0129349 0.00886696 0.00564996
 0.00787722 0.0127668 0.0191629 0.0269954 0.0360106 0.0456402 0.0549555 0.0628717 0.0685237 0.071534 0.0720013 0.070308 0.0669372 0.0623739 0.0570539 0.0513277 0.0454418 0.0395463 0.0337235 0.0280294 0.0225382 0.0173729 0.0127073 0.00872789 0.00557269
 0.00784145 0.0127425 0.0191874 0.0271208 0.0362852 0.0460826 0.0555356 0.0635129 0.0691298 0.0720231 0.0723291 0.0704687 0.0669491 0.0622605 0.0568331 0.0510116 0.0450439 0.0390896 0.0332436 0.0275692 0.0221368 0.0170554 0.01248 0.0085809 0.00548699
 0.00745649 0.0121349 0.0183116 0.0259586 0.0348633 0.0444913 0.0539368 0.0621203 0.0681532 0.0716025 0.0724934 0.0711419 0.0679908 0.0635135 0.0581549 0.0522881 0.0461931 0.040062 0.0340211 0.0281612 0.0225708 0.0173657 0.0126979 0.00873065 0.00558605
 0.00722916 0.0117353 0.0176559 0.0249543 0.0334358 0.0426255 0.0517173 0.059744 0.0659013 0.0697788 0.0713522 0.070829 0.0685144 0.0647518 0.0598982 0.0542955 0.0482434 0.0419844 0.0357059 0.0295551 0.0236658 0.0181848 0.0132812 0.00912458 0.00583651
 0.00712416 0.0115662 0.017401 0.0245857 0.0329143 0.0418989 0.0507298 0.0584611 0.0643452 0.0680578 0.0696643 0.0694265 0.0676375 0.0645576 0.0604149 0.0554207 0.049782 0.0437077 0.037406 0.0310798 0.0249296 0.0191614 0.0139874 0.00960244 0.00613813
 0.0070295 0.0114281 0.017222 0.0243762 0.0326864 0.0416557 0.0504552 0.0581154 0.0638706 0.067398 0.068796 0.068394 0.0665687 0.063645 0.0598593 0.0553607 0.0502446 0.0446023 0.0385622 0.032306 0.026065 0.0201053 0.0147018 0.0100982 0.00645424
 0.00693384 0.0112747 0.0169961 0.0240687 0.0322983 0.0412041 0.0499748 0.0576508 0.0634576 0.0670431 0.0684689 0.0680424 0.0661546 0.0631819 0.0594294 0.0550952 0.0502708 0.0449857 0.0392736 0.0332321 0.027053 0.0210153 0.0154435 0.0106401 0.0068116
 0.0069954 0.011372 0.0171364 0.0242544 0.0325239 0.0414526 0.0502167 0.0578479 0.0635724 0.0670479 0.0683482 0.0677888 0.0657638 0.0626588 0.0588045 0.0544398 0.0496937 0.0446026 0.0391619 0.0333969 0.027426 0.0214866 0.0159054 0.0110204 0.0070831
 0.00707831 0.011512 0.0173564 0.0245772 0.0329652 0.0420103 0.0508609 0.0585185 0.0641883 0.067525 0.068618 0.0678108 0.0655287 0.0621856 0.0581353 0.0536389 0.0488487 0.0438179 0.0385386 0.0330023 0.0272702 0.0215223 0.0160523 0.0111989 0.00723928
 0.00706927 0.0115129 0.0173868 0.0246667 0.0331474 0.0423126 0.0512934 0.0590668 0.0648115 0.0681591 0.0691847 0.0682303 0.0657357 0.0621423 0.0578398 0.0531253 0.0481832 0.0430905 0.0378491 0.032439 0.0268867 0.0213237 0.0160007 0.0112351 0.00730759
 0.00696997 0.0113671 0.0171979 0.0244509 0.032934 0.0421409 0.0512084 0.0591116 0.0650161 0.0685276 0.0696866 0.0688015 0.0662905 0.0625923 0.0581136 0.0531851 0.0480333 0.0427766 0.0374473 0.0320362 0.0265564 0.0211064 0.0158975 0.011217 0.00733503
 0.00691959 0.0112767 0.0170471 0.0242188 0.0326079 0.0417291 0.0507501 0.0586755 0.0646854 0.0683765 0.0697586 0.0690974 0.0667671 0.0631715 0.0586993 0.0536848 0.0483802 0.0429453 0.0374575 0.031942 0.026425 0.020994 0.0158338 0.011203 0.00735361
 0.00684389 0.0111494 0.0168474 0.0239239 0.0321975 0.041193 0.0500985 0.0579474 0.0639505 0.0677277 0.069296 0.0689044 0.066887 0.063592 0.0593524 0.0544637 0.049167 0.0436408 0.0380029 0.0323262 0.0266749 0.0211542 0.0159449 0.0112898 0.00742481
 0.00689695 0.0112239 0.0169369 0.0240126 0.0322615 0.0412035 0.0500261 0.0577675 0.0636505 0.0673166 0.0688117 0.0684145 0.0664768 0.0633423 0.0593134 0.0546362 0.0495011 0.0440537 0.0384086 0.0326625 0.0269168 0.0213099 0.0160399 0.01135 0.0074668
 0.0068666 0.011184 0.0168939 0.0239766 0.0322412 0.0411993 0.0500247 0.0577433 0.0635732 0.0671626 0.0685738 0.0681083 0.0661418 0.0630368 0.0591019 0.0545702 0.0495997 0.0442949 0.0387359 0.0330071 0.0272221 0.0215464 0.0162049 0.0114571 0.00753373
 0.00689106 0.0112222 0.0169487 0.0240509 0.032338 0.0413219 0.0501743 0.0579137 0.0637463 0.0673058 0.0686458 0.0680719 0.0659802 0.0627647 0.0587657 0.0542367 0.0493348 0.0441416 0.0387015 0.0330653 0.0273285 0.0216588 0.0162971 0.0115212 0.00757338
 0.00693925 0.0113074 0.017089 0.0242657 0.0326422 0.0417164 0.0506389 0.0584074 0.0642157 0.0676974 0.0689153 0.0681871 0.0659221 0.0625313 0.0583781 0.0537415 0.0487988 0.0436358 0.0382815 0.0327569 0.0271271 0.0215395 0.0162304 0.0114838 0.00755152
#obs surv len freq
 nan nan nan nan nan nan nan nan nan nan nan nan nan nan nan nan nan nan nan nan nan nan nan nan nan
 0.00447728 0.00733533 0.0111624 0.015977 0.0216775 0.0279545 0.034271 0.0400051 0.0446874 0.0481539 0.0505143 0.0520123 0.0529066 0.0534206 0.0537363 0.0539922 0.0542715 0.0545648 0.0547038 0.0542958 0.0527337 0.0493652 0.043814 0.0362927 0.0276748
 0.00461378 0.00755694 0.0114951 0.016444 0.0222939 0.0287186 0.0351562 0.0409566 0.045629 0.0490021 0.0511937 0.0524674 0.0531074 0.0533648 0.0534445 0.0535009 0.0536239 0.0538032 0.0538673 0.0534211 0.0518594 0.0485341 0.0430703 0.035674 0.0272019
 0.00478378 0.0078354 0.0119179 0.0170454 0.0230995 0.0297337 0.0363543 0.0422751 0.0469771 0.050276 0.0522934 0.0533075 0.0536248 0.0535233 0.0532377 0.0529508 0.0527751 0.0527146 0.0526049 0.0520551 0.0504651 0.0471926 0.041862 0.0346654 0.0264297
 0.0049733 0.00814691 0.0123932 0.0177257 0.0240177 0.0309021 0.0377508 0.0438378 0.0486112 0.0518698 0.0537343 0.054493 0.054469 0.0539617 0.0532321 0.0524925 0.0518858 0.0514451 0.0510311 0.0502744 0.0485933 0.0453575 0.0401904 0.0332608 0.0253503
 0.00519188 0.00850223 0.0129281 0.0184808 0.0250245 0.0321718 0.0392623 0.0455318 0.0503965 0.0536381 0.0553745 0.0559004 0.0555501 0.054637 0.0534401 0.0521944 0.0510715 0.0501386 0.0492955 0.0482147 0.0463535 0.0431096 0.0381105 0.0314958 0.0239857
 0.00541223 0.00886659 0.0134877 0.019287 0.0261181 0.0335668 0.04093 0.0473966 0.0523482 0.0555551 0.0571426 0.0574217 0.0567417 0.0554272 0.0537665 0.0520057 0.0503339 0.0488471 0.0474878 0.0459837 0.0438525 0.0405407 0.0356931 0.0294198 0.0223677
 0.0056501 0.00925338 0.0140704 0.0201106 0.0272185 0.034959 0.0425943 0.0492711 0.0543346 0.0575342 0.0589928 0.0590324 0.0580202 0.0563002 0.0541754 0.0519023 0.0496796 0.0476213 0.0457055 0.0437173 0.041247 0.0378078 0.0330781 0.0271454 0.0205785
 0.00588469 0.00963958 0.0146605 0.0209558 0.0283587 0.0364068 0.0443191 0.0511954 0.056347 0.0595126 0.0608236 0.0606184 0.0592808 0.0571677 0.0545933 0.0518226 0.0490626 0.0464409 0.0439643 0.041471 0.0386254 0.0350181 0.0303736 0.0247671 0.0186908
 0.00614095 0.0100579 0.0152933 0.0218533 0.0295593 0.0379221 0.0461182 0.0531981 0.0584344 0.0615494 0.0626811 0.0621901 0.0604867 0.0579526 0.0549185 0.0516581 0.0483814 0.0452222 0.0422081 0.0392226 0.0360011 0.0322133 0.0276374 0.0223445 0.0167554
 0.00637654 0.0104469 0.01589 0.0227114 0.0307217 0.0394033 0.0478868 0.0551721 0.0604929 0.0635567 0.0645094 0.0637319 0.0616598 0.0586992 0.0552021 0.0514564 0.0476799 0.0440121 0.0404957 0.0370509 0.0334751 0.0295119 0.0249941 0.0199941 0.0148689
 0.00659782 0.0108093 0.0164406 0.0234966 0.0317787 0.0407472 0.0494958 0.0569805 0.0623984 0.0654378 0.0662441 0.0652116 0.0627973 0.0594314 0.0554886 0.0512747 0.0470193 0.0428714 0.0388887 0.0350227 0.0311239 0.0270005 0.022535 0.0178029 0.0131051
 0.00682791 0.0111841 0.0170056 0.0242943 0.03284 0.0420778 0.0510636 0.0587114 0.0641876 0.0671698 0.0678115 0.0665246 0.0637856 0.0600431 0.0556887 0.0510427 0.0463465 0.0417599 0.0373563 0.0331162 0.028936 0.0246796 0.0202717 0.01579 0.0114854
 0.00705249 0.0115539 0.0175707 0.0251028 0.0339273 0.0434497 0.0526797 0.0604817 0.0659875 0.0688667 0.0692894 0.0676974 0.0645983 0.0604669 0.0557126 0.0506669 0.0455766 0.040607 0.035843 0.0312893 0.0268816 0.0225307 0.0181963 0.013956 0.0100155
 0.00728473 0.0119348 0.0181497 0.0259273 0.0350322 0.0448412 0.0543189 0.0622789 0.067814 0.0705797 0.0707581 0.0688206 0.065313 0.060748 0.0555659 0.0501173 0.0446571 0.0393521 0.0342909 0.0294927 0.0249222 0.0205262 0.016291 0.0122915 0.00869193
 0.00744959 0.0122096 0.0185759 0.0265481 0.0358836 0.0459385 0.0556422 0.0637671 0.0693719 0.0720946 0.0721166 0.0699226 0.0660804 0.0611309 0.0555454 0.0497022 0.0438769 0.0382486 0.0329144 0.027905 0.0232049 0.0187857 0.0146507 0.0108683 0.00756645
 0.00750596 0.0123045 0.018726 0.0267735 0.0362077 0.0463851 0.0562302 0.0645041 0.0702473 0.0730751 0.0731452 0.0709221 0.0669633 0.0618119 0.0559541 0.0497924 0.0436307 0.0376762 0.0320506 0.026807 0.0219518 0.0174769 0.0133962 0.00976948 0.00669264
 0.00760393 0.0124498 0.0189191 0.0270073 0.0364714 0.0466707 0.0565379 0.0648428 0.0706316 0.0735192 0.0736549 0.0714868 0.0675502 0.0623666 0.0564076 0.0500743 0.0436834 0.0374663 0.0315763 0.0260996 0.0210738 0.0165151 0.0124487 0.00892648 0.00601629
 0.00764876 0.0125263 0.0190401 0.0271844 0.0367103 0.0469644 0.0568632 0.0651656 0.0709207 0.0737611 0.0738605 0.0716843 0.0677679 0.0626148 0.0566688 0.050304 0.0438218 0.0374556 0.0313777 0.0257066 0.0205167 0.0158563 0.0117687 0.00830365 0.00550754
 0.00769634 0.0125919 0.0191177 0.0272632 0.0367794 0.0470205 0.0569143 0.0652274 0.0710074 0.0738773 0.074 0.0718374 0.0679302 0.0627893 0.0568585 0.0505004 0.0439975 0.0375674 0.0313803 0.0255698 0.0202396 0.0154713 0.0113329 0.00788085 0.00514907
 0.00776992 0.0127066 0.0192803 0.0274742 0.0370307 0.047293 0.0571784 0.0654491 0.0711593 0.0739496 0.0740033 0.0717959 0.0678699 0.0627305 0.0568133 0.0504727 0.0439814 0.0375447 0.0313229 0.0254493 0.0200408 0.015202 0.0110237 0.00757444 0.00488416
 0.00782088 0.0127846 0.0193886 0.0276125 0.0371956 0.0474779 0.0573731 0.0656387 0.0713249 0.0740717 0.0740676 0.071799 0.0678216 0.0626503 0.0567233 0.05039 0.0439132 0.0374865 0.0312599 0.0253618 0.019913 0.0150309 0.010823 0.00736956 0.00470193
 0.0078545 0.0128394 0.019471 0.027728 0.0373462 0.04766 0.0575754 0.0658429 0.0715099 0.0742184 0.0741629 0.0718366 0.067802 0.0625804 0.0566164 0.0502634 0.0437834 0.0373639 0.0311455 0.0252483 0.0197902 0.0148933 0.0106742 0.00722219 0.00457158
 0.00787264 0.0128639 0.019499 0.0277546 0.0373671 0.0476745 0.0575886 0.0658643 0.0715486 0.0742782 0.0742396 0.0719194 0.0678769 0.0626355 0.0566443 0.0502632 0.0437596 0.0373239 0.0310952 0.0251896 0.0197218 0.0148135 0.0105853 0.00713162 0.00448916
 0.00788018 0.012874 0.0195102 0.0277635 0.0373692 0.047665 0.0575642 0.0658256 0.0715015 0.0742342 0.074213 0.0719215 0.0679117 0.0626968 0.0567187 0.0503355 0.0438178 0.0373617 0.0311117 0.0251865 0.0197012 0.0147779 0.0105387 0.00707995 0.0044397
 0.00788637 0.0128803 0.0195126 0.0277562 0.0373457 0.0476211 0.0575001 0.065746 0.071415 0.0741512 0.0741446 0.0718785 0.0679028 0.062726 0.0567831 0.0504248 0.0439172 0.037456 0.0311893 0.0252411 0.0197314 0.014786 0.0105294 0.00705978 0.0044155
 0.0079001 0.0128978 0.0195299 0.0277663 0.03734 0.047592 0.0574436 0.0656634 0.0713128 0.0740408 0.0740398 0.0717933 0.0678489 0.062711 0.056809 0.0504873 0.0440064 0.0375581 0.0312895 0.025327 0.0197956 0.0148263 0.0105484 0.00706298 0.00440955
 0.00787913 0.0128655 0.0194846 0.0277072 0.0372671 0.0475055 0.0573442 0.0655533 0.071197 0.0739273 0.0739394 0.0717179 0.0678092 0.0627139 0.0568564 0.0505755 0.0441266 0.0376975 0.031433 0.0254601 0.0199069 0.0149098 0.0106039 0.00709466 0.00442421
 0.00788392 0.012868 0.0194787 0.0276844 0.037219 0.0474282 0.0572407 0.0654336 0.0710743 0.0738138 0.0738435 0.0716448 0.0677625 0.0626972 0.056873 0.0506269 0.0442102 0.037806 0.0315554 0.0255831 0.0200181 0.0150002 0.0106696 0.00713703 0.00444806
 0.00787488 0.0128537 0.0194576 0.0276546 0.037178 0.0473722 0.0571661 0.0653385 0.0709616 0.0736924 0.0737274 0.071549 0.0676989 0.062672 0.0568869 0.0506769 0.0442913 0.0379114 0.0316759 0.0257077 0.0201351 0.0151 0.0107465 0.0071903 0.00448096
 0.007852 0.0128163 0.0194012 0.0275754 0.0370743 0.0472462 0.0570248 0.0651932 0.0708251 0.0735754 0.0736371 0.0714898 0.0676737 0.0626832 0.0569351 0.05076 0.044404 0.0380457 0.031822 0.0258547 0.0202722 0.015218 0.0108394 0.00725693 0.00452407
 0.00782694 0.0127739 0.0193342 0.0274767 0.0369384 0.0470729 0.0568218 0.064977 0.0706176 0.0733991 0.0735099 0.0714215 0.0676663 0.0627319 0.0570316 0.0508945 0.0445664 0.0382257 0.0320087 0.0260369 0.020439 0.0153604 0.010952 0.00733855 0.00457795
 0.00781198 0.0127463 0.0192867 0.0274004 0.0368249 0.0469177 0.0566276 0.0647551 0.0703868 0.0731826 0.0733305 0.0712986 0.0676118 0.0627491 0.0571151 0.0510325 0.0447439 0.0384267 0.0322181 0.0262408 0.0206252 0.0155194 0.0110781 0.00743066 0.00463945
 0.00776935 0.0126802 0.0191931 0.0272773 0.0366724 0.0467377 0.0564245 0.0645369 0.0701658 0.0729745 0.0731536 0.0711708 0.0675477 0.0627573 0.0571962 0.0511791 0.0449416 0.0386573 0.032462 0.0264796 0.0208433 0.0157051 0.0112251 0.0075381 0.00471141
 0.00771336 0.0125878 0.0190519 0.0270764 0.0364062 0.0464112 0.0560575 0.0641624 0.0698228 0.0726975 0.0729647 0.0710787 0.0675517 0.0628506 0.0573692 0.051419 0.0452323 0.0389792 0.0327934 0.0267988 0.0211313 0.0159481 0.0114158 0.00767647 0.00480363
 0.00767662 0.0125237 0.0189475 0.026917 0.0361789 0.0461105 0.0556913 0.0637543 0.0694097 0.0723224 0.0726682 0.070891 0.0674878 0.06291 0.0575384 0.0516768 0.0455544 0.0393401 0.0331675 0.0271616 0.0214608 0.0162276 0.0116361 0.00783693 0.00491087
 0.00767075 0.0125122 0.0189263 0.0268796 0.0361169 0.0460139 0.0555502 0.0635627 0.0691688 0.0720444 0.0723773 0.0706206 0.0672731 0.0627801 0.0575099 0.0517512 0.0457195 0.0395743 0.0334441 0.0274526 0.0217404 0.0164746 0.0118369 0.0079866 0.00501271
 0.00766444 0.0125047 0.0189196 0.026877 0.0361203 0.0460218 0.0555557 0.0635533 0.069129 0.071961 0.0722443 0.0704438 0.0670712 0.062582 0.0573483 0.0516538 0.0457021 0.0396376 0.033575 0.0276282 0.0219341 0.0166615 0.0119983 0.00811216 0.0051009
 0.00764931 0.0124831 0.0188929 0.0268486 0.0360953 0.0460057 0.0555525 0.0635636 0.0691487 0.0719799 0.072248 0.0704175 0.0670063 0.0624809 0.0572261 0.0515353 0.0456145 0.0396016 0.0335988 0.0277057 0.0220481 0.0167897 0.01212 0.00821311 0.00517506
 0.00760853 0.0124206 0.0188062 0.0267385 0.0359668 0.0458678 0.0554186 0.0634498 0.0690704 0.071947 0.0722606 0.0704656 0.0670719 0.062545 0.0572749 0.0515659 0.0456351 0.0396278 0.0336455 0.0277807 0.022148 0.0169024 0.0122298 0.00830683 0.00524567
 0.00758595 0.0123831 0.0187485 0.0266559 0.0358566 0.0457321 0.055266 0.0632956 0.0689336 0.0718457 0.0722074 0.0704644 0.0671177 0.0626247 0.0573713 0.0516629 0.045723 0.0397056 0.0337195 0.0278589 0.0222346 0.0169949 0.01232 0.00838551 0.0053066
 0.00757391 0.0123639 0.01872 0.0266161 0.0358034 0.0456636 0.0551814 0.0631966 0.0688254 0.0717378 0.0721127 0.0703964 0.0670867 0.0626346 0.0574181 0.0517361 0.0458094 0.0397943 0.0338049 0.0279404 0.022314 0.0170724 0.0123928 0.00844881 0.00535632
 0.0075789 0.0123702 0.0187262 0.0266195 0.0358008 0.045652 0.0551586 0.0631613 0.0687775 0.071678 0.0720437 0.0703237 0.0670191 0.0625825 0.0573901 0.0517361 0.0458354 0.0398396 0.0338612 0.0280012 0.0223752 0.0171316 0.0124475 0.0084962 0.0053939
 0.00755606 0.0123375 0.0186853 0.0265743 0.0357564 0.0456124 0.0551249 0.0631322 0.0687503 0.0716505 0.0720151 0.070295 0.0669926 0.0625619 0.0573803 0.0517418 0.0458596 0.0398819 0.0339176 0.0280656 0.0224413 0.0171941 0.0125028 0.00854186 0.00542871
 0.00752995 0.0122953 0.0186224 0.0264879 0.0356468 0.0454851 0.0549921 0.0630105 0.0686561 0.0715943 0.0719984 0.0703115 0.0670323 0.0626155 0.0574418 0.051809 0.0459325 0.0399609 0.0340019 0.0281521 0.0225253 0.0172708 0.012568 0.00859339 0.00546631
 0.00752576 0.0122859 0.0186034 0.0264535 0.0355911 0.0454048 0.0548882 0.0628903 0.0685325 0.071483 0.0719144 0.0702649 0.0670259 0.0626447 0.0574976 0.0518814 0.0460137 0.0400461 0.0340884 0.0282376 0.0226069 0.0173446 0.0126307 0.00864271 0.00550202
 0.00752064 0.012279 0.0185954 0.0264453 0.0355827 0.0453939 0.05487 0.0628585 0.0684821 0.0714139 0.0718331 0.0701834 0.0669582 0.0626022 0.0574857 0.0518989 0.0460547 0.0401028 0.0341537 0.0283058 0.0226735 0.0174059 0.0126834 0.00868466 0.00553266
 0.00751041 0.0122629 0.0185724 0.026415 0.0355461 0.0453531 0.0548287 0.0628203 0.0684491 0.0713854 0.071806 0.0701547 0.0669281 0.0625752 0.0574693 0.0519 0.0460766 0.0401441 0.0342092 0.0283689 0.0227376 0.0174654 0.0127345 0.00872509 0.00556199
 0.00749348 0.0122376 0.0185385 0.0263739 0.0354999 0.0453049 0.0547814 0.062777 0.0684128 0.0713587 0.0717898 0.070148 0.066928 0.062579 0.057476 0.0519114 0.0460962 0.040175 0.0342518 0.0284204 0.022793 0.0175191 0.0127817 0.00876283 0.00558946
 0.0074996 0.0122442 0.0185423 0.02637 0.0354838 0.0452743 0.0547383 0.0627274 0.0683646 0.0713183 0.0717609 0.0701308 0.0669209 0.0625792 0.057481 0.05192 0.0461086 0.0401929 0.0342769 0.0284529 0.0228308 0.0175584 0.0128183 0.00879337 0.00561234
 0.0074996 0.0122442 0.0185423 0.02637 0.0354838 0.0452743 0.0547383 0.0627274 0.0683646 0.0713183 0.0717609 0.0701308 0.0669209 0.0625792 0.057481 0.05192 0.0461086 0.0401929 0.0342769 0.0284529 0.0228308 0.0175584 0.0128183 0.00879337 0.00561234
 0.00713651 0.0116706 0.0177123 0.0252583 0.0340976 0.0436683 0.0530266 0.0610785 0.0669712 0.0703503 0.0713242 0.0702489 0.0675405 0.0635924 0.058754 0.0533189 0.0475191 0.0415288 0.0354809 0.0294914 0.0236885 0.0182339 0.0133218 0.00914532 0.00584087
 0.00695117 0.0113333 0.0171398 0.0243551 0.0327839 0.0419221 0.0509211 0.0587901 0.0647475 0.0684537 0.0699757 0.069591 0.0676209 0.064365 0.0600946 0.0550537 0.0494583 0.0434973 0.0373382 0.0311397 0.0250713 0.0193302 0.0141399 0.0097162 0.00621039
 0.00695298 0.0113265 0.017108 0.024267 0.0325884 0.0415477 0.0502863 0.057829 0.0634471 0.0668868 0.0683085 0.0680525 0.0664454 0.0637311 0.060084 0.0556402 0.0505259 0.0448754 0.0388426 0.032607 0.0263803 0.0204096 0.0149652 0.0103005 0.0065918
 0.00693335 0.0113077 0.0171027 0.0242921 0.0326556 0.0416498 0.0503841 0.0578484 0.0632911 0.0664634 0.0675687 0.0670251 0.0652516 0.0625649 0.0591608 0.0551331 0.0505151 0.0453328 0.0396516 0.0336049 0.0274048 0.0213338 0.0157141 0.0108509 0.00695966
 0.00687508 0.0112213 0.0169892 0.0241602 0.032522 0.0415369 0.0503155 0.057838 0.0633298 0.0665078 0.0675429 0.0668434 0.0648566 0.0619665 0.0584519 0.0544701 0.0500659 0.0452158 0.0398953 0.0341447 0.0281148 0.0220745 0.016374 0.0113677 0.00732018
 0.00693693 0.0113203 0.0171348 0.0243595 0.0327772 0.0418429 0.050657 0.0581904 0.0636619 0.0667847 0.0677259 0.0668879 0.064715 0.0616034 0.0578694 0.053729 0.0492853 0.0445422 0.0394515 0.0339865 0.0282163 0.022349 0.0167151 0.0116877 0.00756994
 0.00695458 0.0113634 0.0172259 0.0245274 0.0330487 0.0422298 0.0511454 0.0587391 0.0642115 0.0672732 0.068101 0.0671108 0.0647581 0.0614473 0.0575061 0.0531736 0.0485907 0.0438018 0.0387806 0.0334854 0.0279349 0.0222735 0.0167839 0.0118234 0.00770982
 0.0069583 0.0113711 0.0172417 0.0245591 0.0331095 0.0423392 0.0513263 0.0590102 0.0645762 0.0677102 0.068563 0.0675342 0.0650785 0.0616127 0.0574846 0.0529573 0.048199 0.0432862 0.0382212 0.0329739 0.0275465 0.0220425 0.0166969 0.0118349 0.00776679
 0.00694229 0.0113483 0.0172136 0.0245294 0.0330842 0.0423262 0.0513359 0.0590555 0.0646735 0.0678749 0.068802 0.0678368 0.0654116 0.0619241 0.0577152 0.0530572 0.0481423 0.0430798 0.0379065 0.032617 0.027219 0.0217978 0.0165548 0.0117817 0.00777023
 0.00689008 0.011263 0.0170849 0.0243491 0.0328501 0.0420465 0.0510334 0.058767 0.0644424 0.0677418 0.068796 0.0679697 0.065675 0.0622879 0.058129 0.0534577 0.0484681 0.0432883 0.0379871 0.0325931 0.0271374 0.0217089 0.0164938 0.0117602 0.00777975
 0.00681802 0.0111455 0.0169076 0.0240992 0.0325194 0.041637 0.0505628 0.0582709 0.0639708 0.0673505 0.0685364 0.0678798 0.0657722 0.0625652 0.0585541 0.0539762 0.049012 0.0437903 0.0383965 0.0328881 0.0273266 0.0218216 0.0165638 0.0118118 0.00782379
 0.00685325 0.0111929 0.0169605 0.0241436 0.0325365 0.0416072 0.0504697 0.0581058 0.0637356 0.0670606 0.0682214 0.0675815 0.0655377 0.062436 0.0585548 0.0541065 0.0492445 0.0440774 0.0386837 0.0331311 0.0275031 0.0219331 0.0166274 0.0118482 0.00784788
 0.00684707 0.0111915 0.0169735 0.0241835 0.0326124 0.0417169 0.0505944 0.0582115 0.0637839 0.067022 0.0680866 0.0673651 0.0652744 0.0621733 0.0583415 0.0539807 0.0492233 0.0441514 0.0388217 0.0332913 0.0276488 0.0220435 0.0166994 0.0118903 0.00787165
 0.00686346 0.0112168 0.0170097 0.0242327 0.0326783 0.0418051 0.0507105 0.058356 0.0639458 0.0671757 0.0681954 0.0673932 0.0652021 0.0620065 0.0581124 0.0537373 0.0490137 0.0440088 0.038755 0.0332871 0.0276806 0.022085 0.0167337 0.011912 0.007883
 0.00687521 0.0112365 0.0170401 0.0242768 0.032738 0.0418805 0.0507996 0.0584556 0.0640521 0.0672845 0.0682996 0.0674789 0.0652488 0.0619933 0.0580286 0.0535913 0.0488328 0.04383 0.0386106 0.0331932 0.0276349 0.0220727 0.0167377 0.0119197 0.00788881
#pred catch len freq
 0.00314949 0.00511412 0.00771964 0.0110121 0.0150347 0.0197809 0.0251334 0.0308524 0.0366229 0.0421183 0.0470483 0.0511969 0.054452 0.0568121 0.0583637 0.0592501 0.0596483 0.0597327 0.0595924 0.059096 0.0577826 0.0549252 0.0498537 0.0424201 0.0332878
