SBPRF35
7.78865
Curr Bio
556891
B35
636700
F35
0.224414
FOFL
0.208539
OFL
94241.3
Bzero
2.22533e+006
#pred survey bio
 3.65732e+006 3.30572e+006 2.97153e+006 2.61715e+006 2.30359e+006 2.02349e+006 1.75455e+006 1.51965e+006 1.34424e+006 1.18014e+006 1.0443e+006 922834 812446 734788 692797 656980 631220 608273 596602 578713 571103 565944 560609 563044 565691 560978 548470 545860 538341 538012 519317 514206 491054 490991 491513 502236 511977 529918 543786 555907 558881 562497 569855 582776 575164 574580 572224 526581 529316 528209 502738 508725 526989 535581 511950 516079 530621 525384 533343 556773 2.07746e+007 1.26535e+007 1.29593e+007 1.35426e+007 1.42601e+007 1.49663e+007 1.55845e+007 1.60881e+007 1.64799e+007 1.67753e+007 1.69939e+007 1.71537e+007 1.72699e+007 1.73542e+007 1.74156e+007 1.74604e+007 1.74932e+007 1.75175e+007 1.75356e+007 1.7549e+007 1.75591e+007 1.75668e+007 1.75726e+007 1.7577e+007 1.75803e+007 1.75829e+007 1.75849e+007 1.75864e+007 1.75876e+007 1.75885e+007 1.75891e+007 1.75897e+007 1.75901e+007 1.75904e+007 1.75906e+007 1.75908e+007 1.7591e+007 1.75911e+007 1.75912e+007 1.75912e+007 1.75913e+007 1.75913e+007 1.75914e+007 1.75914e+007 1.75914e+007 1.75914e+007 1.75914e+007 1.75915e+007 1.75915e+007 1.75915e+007 1.75915e+007 1.75915e+007 1.75915e+007 1.75915e+007 1.75915e+007 1.75915e+007 1.75915e+007 1.75915e+007 1.75915e+007 1.75915e+007 1.75915e+007 1.75915e+007 1.75915e+007 1.75915e+007 1.75915e+007 1.75915e+007 1.75915e+007 1.75915e+007 1.75915e+007 1.75915e+007 1.75915e+007 1.75915e+007 1.75915e+007 1.75915e+007 1.75915e+007 1.75915e+007 1.75915e+007 1.75915e+007 1.75915e+007 1.75915e+007 1.75915e+007 1.75915e+007 1.75915e+007 1.75915e+007 1.75915e+007 1.75915e+007 1.75915e+007 1.75915e+007 1.75915e+007 1.75915e+007 1.75915e+007 1.75915e+007 1.75915e+007 1.75915e+007 1.75915e+007 1.75915e+007 1.75915e+007 1.75915e+007 1.75915e+007 1.75915e+007 0 0 0 0 0 0 0 0 0 0 0 0 0 0 0 0 0 0 0 0 0 0 0 0 0
#obs survey bio
 2.60336e+006 2.83123e+006 3.83684e+006 2.41528e+006 1.83678e+006 1.489e+006 1.27987e+006 1.63064e+006 1.06609e+006 1.16805e+006 897915 869979 789057 539110 555850 650687 735322 409018 535182 523868 604600 509089 395986 482017 519863 416644 614479 419536 561346 393074 447853 706485 377819 511790 442925 469080 452160 747354 492176 671028 494777 605078 486279 624186 681289 566920 559764 485152 818313 674682 486677 564550 620924 520525 470718 474013 606631 460593 379218 644055
#pred catch bio
 227012 246613 302749 300640 300716 315490 303352 262683 260149 239467 228887 218653 187726 154272 145661 133330 127767 116058 119154 108512 105204 104321 97177.5 96135.5 100576 104927 94207.4 95485 86418.4 98675.4 83814.1 98123.2 81944.9 87441.4 83566.7 87451.6 82337.3 86528.5 88001.1 95042 93773.8 90422.4 85943 102889 95995.1 96961.1 131772 89955.9 94299.1 114353 87658.1 78114.4 86004.6 111980 88675.8 81697.2 99115.7 89355.9 80235 73039.7 94241.3 101695 103003 106411 111359 116388 120738 124177 126743 128579 129852 130715 131288 131665 131909 132066 132166 132230 132270 132295 132311 132321 132327 132331 132333 132335 132336 132336 132337 132337 132337 132337 132337 132337 132337 132337 132337 132337 132337 132337 132337 132337 132337 132337 132337 132337 132337 132337 132337 132337 132337 132337 132337 132337 132337 132337 132337 132337 132337 132337 132337 132337 132337 132337 132337 132337 132337 132337 132337 132337 132337 132337 132337 132337 132337 132337 132337 132337 132337 132337 132337 132337 132337 132337 132337 132337 132337 132337 132337 132337 132337 132337 132337 132337 132337 132337 132337 132337 132337 132337 0 0 0 0 0 0 0 0 0 0 0 0 0 0 0 0 0 0 0 0 0 0 0 0 0
#obs catch bio
 249453 246937 304157 302573 303695 320572 310122 267206 264976 242937 232087 223531 191755 157208 148162 134746 128685 117439 120643 109445 106242 105322 98238.3 97219.1 101310 105796 95107.4 96455.6 86390.9 99489.2 83834.6 98471.8 82071.3 87613.6 83834.9 87941.6 82851.2 86641.7 88055.9 94864.1 93430.9 90341.4 85480.1 102493 95441.8 96114.6 131884 89389.5 93460.8 114160 87611.1 77854 85319.1 111765 88475.6 81310.4 98802.2 89275.6 80304.3 72950.6
#pred cpue bio
 3.5937e+006 3.24366e+006 2.91073e+006 2.55763e+006 2.24574e+006 1.96732e+006 1.70061e+006 1.46832e+006 1.2952e+006 1.13361e+006 999902 880453 772401 696910 656512 622360 597948 575969 564806 547740 540578 535763 530703 533184 536174 532074 520217 518160 511604 511928 494330 489848 466731 464798 463755 473614 483059 500696 514501 526558 529702 533309 540525 553192 545911 545432 543217 498723 501012 499864 475043 480715 498856 507713 484580 488022 502024 496966 504136 526063 1.96615e+007 1.19921e+007 1.22354e+007 1.27313e+007 1.34181e+007 1.41176e+007 1.47345e+007 1.5238e+007 1.56297e+007 1.59252e+007 1.61437e+007 1.63035e+007 1.64197e+007 1.6504e+007 1.65654e+007 1.66102e+007 1.66431e+007 1.66673e+007 1.66854e+007 1.66989e+007 1.6709e+007 1.67166e+007 1.67224e+007 1.67268e+007 1.67302e+007 1.67327e+007 1.67347e+007 1.67362e+007 1.67374e+007 1.67383e+007 1.6739e+007 1.67395e+007 1.67399e+007 1.67402e+007 1.67405e+007 1.67407e+007 1.67408e+007 1.67409e+007 1.6741e+007 1.67411e+007 1.67411e+007 1.67412e+007 1.67412e+007 1.67412e+007 1.67412e+007 1.67413e+007 1.67413e+007 1.67413e+007 1.67413e+007 1.67413e+007 1.67413e+007 1.67413e+007 1.67413e+007 1.67413e+007 1.67413e+007 1.67413e+007 1.67413e+007 1.67413e+007 1.67413e+007 1.67413e+007 1.67413e+007 1.67413e+007 1.67413e+007 1.67413e+007 1.67413e+007 1.67413e+007 1.67413e+007 1.67413e+007 1.67413e+007 1.67413e+007 1.67413e+007 1.67413e+007 1.67413e+007 1.67413e+007 1.67413e+007 1.67413e+007 1.67413e+007 1.67413e+007 1.67413e+007 1.67413e+007 1.67413e+007 1.67413e+007 1.67413e+007 1.67413e+007 1.67413e+007 1.67413e+007 1.67413e+007 1.67413e+007 1.67413e+007 1.67413e+007 1.67413e+007 1.67413e+007 1.67413e+007 1.67413e+007 1.67413e+007 1.67413e+007 1.67413e+007 1.67413e+007 1.67413e+007 1.67413e+007 0 0 0 0 0 0 0 0 0 0 0 0 0 0 0 0 0 0 0 0 0 0 0 0 0
#obs cpue bio
 3.30814e+006 3.42388e+006 2.18092e+006 1.80197e+006 1.85192e+006 1.70714e+006 1.29171e+006 1.28576e+006 1.46142e+006 1.14455e+006 1.03339e+006 512432 566320 646409 747697 704362 572677 472366 592773 576646 406281 544873 517922 509022 725215 659806 304845 648404 800248 485970 660694 401762 483916 512641 394708 445723 407383 553904 559642 590033 692149 416968 836255 616792 494332 663793 461045 580597 489218 326176 364782 538492 658528 466292 431754 629788 536261 430379 599151 495519
#pred surv len freq
 0.00519033 0.00837714 0.0125179 0.0175716 0.0234189 0.0297903 0.0362226 0.0421494 0.0470965 0.0508324 0.0533724 0.0548855 0.0555977 0.0557315 0.0554683 0.0549281 0.0541702 0.0531997 0.0519516 0.0502437 0.047742 0.0440247 0.0387888 0.0321178 0.0246107
 0.0056346 0.00902597 0.0133641 0.018577 0.0245458 0.0310399 0.0376471 0.0438166 0.0490181 0.0529005 0.0553529 0.0564822 0.056556 0.055926 0.0549331 0.0538238 0.0527094 0.0515676 0.0502522 0.0484939 0.0459155 0.0421191 0.0368735 0.0303288 0.0230964
 0.00585699 0.00943104 0.0140493 0.0196474 0.0260756 0.0330224 0.0399655 0.0462677 0.0513879 0.0550401 0.0571967 0.0579969 0.0576736 0.0565237 0.0548806 0.0530589 0.0512818 0.0496216 0.0479669 0.0460248 0.0433756 0.0396021 0.0344884 0.0282066 0.0213581
 0.00617848 0.00993102 0.0147648 0.0206115 0.0273278 0.0346138 0.0419437 0.0486378 0.0540665 0.0578374 0.0598489 0.060241 0.0593156 0.0574593 0.0550693 0.0524898 0.0499706 0.0476318 0.045424 0.0431048 0.0402774 0.0365261 0.0316256 0.0257255 0.0193776
 0.00649046 0.0104336 0.0155119 0.0216487 0.0286824 0.0362838 0.0438898 0.0507883 0.0563365 0.0601423 0.0620989 0.0623184 0.0610642 0.0587045 0.0556577 0.0523232 0.0490167 0.0459215 0.0430498 0.040222 0.0370976 0.033297 0.0285978 0.0231111 0.0173117
 0.00674323 0.0108493 0.0161469 0.0225604 0.0299203 0.0378729 0.0458113 0.0529692 0.0586555 0.0624535 0.06426 0.0642113 0.0625969 0.0597972 0.0562277 0.0522832 0.0482926 0.0444803 0.0409245 0.0375264 0.0340267 0.0301076 0.0255671 0.0204807 0.0152353
 0.00697264 0.0112299 0.016735 0.0234158 0.0310976 0.0394054 0.0476919 0.0551375 0.0609989 0.0648214 0.0664854 0.0661352 0.0640906 0.0607748 0.0566415 0.0521069 0.0475056 0.0430686 0.0389023 0.034968 0.0310885 0.0270234 0.0226099 0.0178995 0.0131939
 0.00725257 0.0116703 0.017372 0.0242773 0.0322039 0.040768 0.0493061 0.0569725 0.0629899 0.0668683 0.0684603 0.0678966 0.0655031 0.061728 0.0570624 0.0519592 0.0467802 0.041774 0.0370675 0.0326605 0.0284378 0.0242286 0.0199135 0.0155328 0.0113147
 0.00747531 0.0120254 0.0178933 0.0249916 0.0331266 0.0418968 0.0506151 0.0584117 0.0644943 0.0683707 0.0698973 0.0692056 0.0666147 0.062564 0.0575424 0.0520132 0.0463595 0.0408574 0.035667 0.0308306 0.0262881 0.0219269 0.0176669 0.0135425 0.00972296
 0.0077835 0.0125105 0.0185937 0.0259323 0.0343152 0.0433168 0.0522176 0.0601112 0.0661777 0.0699172 0.0712024 0.0701977 0.0672594 0.0628559 0.0574881 0.0516168 0.0456159 0.0397588 0.0342177 0.029066 0.0242915 0.0198338 0.0156481 0.0117655 0.00830664
 0.00807702 0.0129768 0.0192748 0.0268596 0.0355026 0.0447514 0.0538488 0.061847 0.0678944 0.0714809 0.0724922 0.0711231 0.0677704 0.0629444 0.0571806 0.0509584 0.0446529 0.0385275 0.032747 0.0273928 0.02248 0.0179863 0.0138959 0.0102386 0.00709681
 0.00821694 0.0132303 0.0197043 0.0275383 0.0364964 0.0460909 0.0555019 0.0637105 0.0698106 0.0732712 0.0739916 0.0722053 0.0683613 0.0630256 0.0567835 0.0501495 0.0435148 0.037141 0.0311825 0.0257132 0.0207532 0.0162962 0.0123403 0.00891105 0.00605955
 0.00837463 0.0134827 0.0200791 0.0280645 0.037206 0.0470165 0.0566668 0.0651096 0.0713906 0.0749204 0.0755497 0.0734951 0.0692313 0.0633845 0.0566138 0.0494983 0.0424709 0.0358105 0.0296694 0.0241115 0.0191487 0.0147716 0.0109754 0.00777269 0.00518565
 0.00848678 0.0136549 0.0203197 0.0283762 0.0375884 0.0474698 0.0571948 0.0657206 0.0720947 0.0757207 0.0764288 0.0744006 0.0700722 0.064046 0.0569874 0.0495131 0.0421122 0.0351176 0.0287196 0.0230002 0.0179743 0.0136269 0.00994099 0.00690902 0.00452434
 0.00845434 0.0136037 0.0202458 0.0282776 0.0374668 0.0473328 0.0570595 0.0656159 0.0720611 0.0758062 0.0766777 0.0748383 0.0706878 0.0647816 0.057742 0.0501653 0.0425522 0.0352773 0.0285872 0.0226169 0.0174171 0.0129878 0.00930829 0.00635221 0.00408465
 0.00850258 0.0136676 0.0203151 0.0283339 0.0374883 0.0473029 0.0569737 0.0654853 0.07191 0.0756684 0.0765924 0.0748449 0.0708177 0.0650468 0.0581231 0.0506068 0.0429716 0.0355873 0.0287229 0.022555 0.0171808 0.0126353 0.00891211 0.00597825 0.00377731
 0.00865162 0.0138786 0.0205742 0.0286065 0.0377267 0.0474597 0.0570148 0.0653973 0.0717035 0.0753762 0.0762652 0.074542 0.0705952 0.0649454 0.0581595 0.0507677 0.043214 0.0358463 0.0289287 0.0226544 0.0171533 0.0124972 0.00870638 0.00575581 0.00357967
 0.00871181 0.0139874 0.020756 0.0288854 0.0381138 0.0479369 0.0575247 0.0658509 0.0720067 0.0754646 0.0761267 0.0742183 0.0701639 0.0644944 0.0577646 0.0504775 0.0430426 0.0357745 0.0289134 0.022645 0.0171102 0.0124047 0.00857377 0.00560821 0.00344386
 0.00866382 0.0139133 0.0206532 0.0287582 0.0379768 0.0478172 0.0574584 0.0658718 0.0721281 0.075665 0.0763528 0.0744056 0.0702662 0.0645031 0.0577076 0.0504016 0.0429908 0.0357689 0.0289498 0.0226995 0.0171531 0.0124146 0.00854616 0.00555379 0.00338046
 0.00875925 0.0140497 0.0208238 0.0289444 0.0381537 0.0479622 0.0575596 0.0659314 0.0721603 0.0756891 0.0763818 0.0744374 0.0702812 0.0644742 0.0576164 0.0502518 0.0428077 0.0355874 0.0287978 0.0225871 0.0170733 0.0123527 0.00848976 0.00549859 0.00332919
 0.00875559 0.0140476 0.0208271 0.0289569 0.0381759 0.0479872 0.0575724 0.0659137 0.0721013 0.0755949 0.0762777 0.0743578 0.0702536 0.0645051 0.0576895 0.0503377 0.0428803 0.0356345 0.0288219 0.0225976 0.0170776 0.0123525 0.00848356 0.00548581 0.00331208
 0.00880334 0.0141102 0.0208939 0.0290099 0.0381959 0.0479627 0.0575057 0.0658192 0.0719967 0.0754934 0.076185 0.0742775 0.0701928 0.0644749 0.0576986 0.0503851 0.0429534 0.0357149 0.0288938 0.0226528 0.0171152 0.0123751 0.00849433 0.00548767 0.00330809
 0.00879752 0.0141109 0.0209127 0.029061 0.0382888 0.0480935 0.0576517 0.0659441 0.0720657 0.0754882 0.076111 0.0741576 0.0700556 0.064345 0.0575928 0.0503124 0.0429156 0.0357066 0.0289046 0.0226713 0.0171327 0.0123871 0.00849996 0.00548811 0.00330529
 0.00860576 0.0138279 0.0205411 0.0286245 0.0378281 0.0476582 0.0572909 0.0656979 0.0719564 0.0755146 0.0762495 0.0743725 0.0703126 0.0646202 0.0578734 0.0505916 0.0431875 0.035964 0.0291385 0.0228731 0.0172962 0.0125104 0.00858574 0.00554264 0.00333662
 0.00854285 0.0137081 0.02033 0.0282839 0.0373312 0.0470101 0.0565447 0.0649511 0.0713255 0.0750979 0.0760983 0.0744827 0.0706359 0.0650862 0.058411 0.0511436 0.0437152 0.036444 0.029558 0.023225 0.0175777 0.0127232 0.00873624 0.00564126 0.00339597
 0.0085265 0.0136879 0.0203093 0.0282646 0.0373064 0.0469576 0.0564272 0.0647302 0.0709855 0.0746665 0.0756474 0.0741047 0.0704081 0.0650435 0.0585406 0.0513995 0.0440402 0.0367876 0.0298841 0.0235118 0.0178144 0.0129066 0.0088689 0.00573019 0.00345072
 0.00840735 0.0135263 0.0201257 0.0280983 0.0372049 0.0469577 0.056538 0.0649248 0.0712064 0.0748424 0.0757178 0.0740442 0.0702383 0.0648242 0.0583434 0.0512786 0.0440158 0.0368478 0.0299991 0.0236491 0.0179483 0.0130213 0.0089575 0.00579241 0.00349044
 0.00822692 0.0132365 0.0196988 0.0275182 0.0364787 0.0461298 0.0556969 0.0641915 0.0706999 0.0746375 0.0758182 0.074387 0.0707257 0.0653637 0.0588754 0.0517816 0.0444922 0.0373042 0.0304323 0.0240453 0.0182901 0.0132961 0.00916198 0.00593263 0.00357866
 0.00823492 0.0132276 0.0196443 0.0273765 0.0362044 0.0456902 0.0550901 0.0634584 0.0699246 0.0739326 0.0752983 0.0741352 0.0707672 0.0656605 0.0593463 0.0523357 0.0450579 0.0378392 0.0309177 0.0244725 0.0186526 0.0135882 0.00938223 0.00608618 0.00367681
 0.00804201 0.0129479 0.019285 0.0269612 0.0357615 0.0452352 0.0546165 0.0629459 0.069361 0.0733388 0.0747377 0.0737021 0.0705561 0.0657312 0.059701 0.0529195 0.0457799 0.0386036 0.0316473 0.0251181 0.0191898 0.0140102 0.00969398 0.00630089 0.00381338
 0.00811988 0.0130482 0.0193886 0.027038 0.0357825 0.0451893 0.0545181 0.0628251 0.0692398 0.0732103 0.074569 0.0734604 0.0702417 0.0653909 0.059412 0.0527541 0.045774 0.0387465 0.0318937 0.0254108 0.0194789 0.0142624 0.00989317 0.00644459 0.00390809
 0.00879107 0.013986 0.0205154 0.0281831 0.036727 0.0457414 0.0545781 0.0624087 0.068458 0.0722248 0.0735428 0.0725185 0.0694517 0.0647693 0.058949 0.0524386 0.0456027 0.038715 0.0319837 0.0255864 0.0196944 0.0144757 0.0100751 0.00658217 0.00400137
 0.00967233 0.0153658 0.0224831 0.0307592 0.0398287 0.0491474 0.0579173 0.0652097 0.070273 0.0727779 0.07282 0.0707482 0.0669984 0.0620087 0.0561838 0.0498714 0.0433493 0.0368306 0.0304827 0.024452 0.0188849 0.0139321 0.00973269 0.00638032 0.00389048
 0.00963447 0.0153997 0.0227112 0.0313551 0.0409731 0.0509535 0.0603565 0.0680751 0.0732008 0.0753239 0.0745683 0.071423 0.0665397 0.0605774 0.0540934 0.0474804 0.0409677 0.0346725 0.028664 0.0230119 0.0178104 0.013178 0.00923673 0.0060761 0.00371725
 0.00941141 0.0150748 0.022299 0.0309116 0.0406037 0.0508124 0.0606277 0.0689247 0.0747035 0.0773914 0.0769267 0.0736678 0.0682547 0.061466 0.0540623 0.0466449 0.0395858 0.0330468 0.0270573 0.0216016 0.0166827 0.0123469 0.00866969 0.00571802 0.00350855
 0.00922283 0.0147695 0.0218443 0.0302845 0.039805 0.0498861 0.0596793 0.0681242 0.0742588 0.0774936 0.0776801 0.0750315 0.0700246 0.0633177 0.055647 0.0477013 0.0400143 0.0329158 0.0265467 0.0209218 0.0160075 0.0117818 0.00825366 0.00544345 0.00334473
 0.00903408 0.0144868 0.0214626 0.0298121 0.0392572 0.049278 0.0590261 0.0674521 0.073623 0.0769898 0.0774357 0.0751709 0.0706153 0.0643224 0.0569107 0.0489888 0.0410889 0.0336198 0.0268448 0.0208889 0.0157765 0.0114842 0.00798118 0.00523846 0.00321182
 0.00889623 0.0142536 0.0210965 0.0292772 0.0385324 0.0483753 0.0580028 0.0664071 0.0726737 0.0762425 0.0769698 0.0750399 0.0708535 0.0649388 0.057868 0.0501843 0.0423603 0.0347854 0.0277606 0.0214916 0.0160895 0.0115879 0.00796927 0.00518492 0.00315881
 0.00878477 0.014085 0.0208645 0.0289801 0.0381681 0.0479358 0.0574763 0.0657893 0.071984 0.0755355 0.0763307 0.0745651 0.0706258 0.0650093 0.0582474 0.0508389 0.0432112 0.0357158 0.0286405 0.0222135 0.0165989 0.0118906 0.00811382 0.00523308 0.00316197
 0.00869695 0.0139444 0.0206577 0.0286978 0.0378081 0.0475072 0.0570008 0.0652972 0.0715053 0.075092 0.075938 0.074242 0.0704047 0.0649343 0.0583611 0.0511632 0.0437315 0.036377 0.029356 0.0228877 0.017155 0.0122911 0.00836356 0.0053661 0.00322094
 0.00873946 0.014002 0.0207225 0.0287541 0.0378351 0.047484 0.0569122 0.0651371 0.0712781 0.0748113 0.0756229 0.0739146 0.0700888 0.0646587 0.0581611 0.0510765 0.0437863 0.0365769 0.0296719 0.0232631 0.0175237 0.0125994 0.00858501 0.00550264 0.00329261
 0.00871345 0.0139697 0.0206918 0.0287366 0.0378407 0.0475133 0.0569514 0.0651606 0.0712576 0.0747278 0.0754743 0.0737153 0.0698638 0.0644364 0.0579696 0.0509428 0.0437341 0.0366215 0.0298119 0.0234758 0.0177695 0.0128346 0.00877668 0.00563696 0.00337376
 0.00869995 0.0139388 0.0206297 0.0286275 0.0376738 0.047292 0.0566986 0.0649142 0.0710562 0.0745945 0.0754094 0.0737011 0.0698779 0.0644631 0.0580049 0.0509931 0.0438113 0.0367373 0.0299718 0.0236742 0.017988 0.0130471 0.0089585 0.00577357 0.00346369
 0.00856537 0.0137403 0.020368 0.0283145 0.0373272 0.0469275 0.0563271 0.0645464 0.0707114 0.0743056 0.0752166 0.0736373 0.0699536 0.0646616 0.0582903 0.051325 0.0441581 0.0370807 0.0303036 0.0239894 0.0182793 0.0133033 0.00916816 0.00593022 0.00356913
 0.00860965 0.013807 0.020459 0.028429 0.0374632 0.0470824 0.0564964 0.0647188 0.0708647 0.0744075 0.0752347 0.0735539 0.0697766 0.0644232 0.0580336 0.0510883 0.0439658 0.0369432 0.0302221 0.0239595 0.0182921 0.0133456 0.00922425 0.00598553 0.00361394
 0.00860907 0.0138033 0.020448 0.0284056 0.0374224 0.0470225 0.0564211 0.064639 0.0707959 0.0743646 0.0752252 0.0735732 0.0698093 0.0644507 0.0580445 0.0510833 0.0439555 0.036941 0.0302377 0.0239961 0.0183467 0.0134107 0.00929054 0.0060443 0.00365964
 0.00860475 0.0137995 0.020448 0.0284136 0.0374414 0.0470516 0.0564539 0.064665 0.0708052 0.0743528 0.0751961 0.0735366 0.0697749 0.0644234 0.0580225 0.0510617 0.0439316 0.0369173 0.0302207 0.0239923 0.0183589 0.0134366 0.00932415 0.00607854 0.00368882
 0.00901413 0.014436 0.0213505 0.0295948 0.0388817 0.0486911 0.0581845 0.0663306 0.0722218 0.0753456 0.0756399 0.0733842 0.0690655 0.0632689 0.0565779 0.0494901 0.0423752 0.0354823 0.0289746 0.022969 0.0175649 0.0128571 0.00892871 0.00582809 0.00354267
 0.00889874 0.014268 0.0211352 0.0293531 0.0386484 0.0485105 0.0581046 0.0663948 0.0724578 0.0757519 0.0761762 0.0739741 0.0696125 0.063683 0.0568014 0.049511 0.0422246 0.035218 0.0286608 0.0226602 0.0172978 0.0126496 0.00878281 0.00573529 0.00348947
 0.00890384 0.0142649 0.0211103 0.0292889 0.0385317 0.0483427 0.0579097 0.0662183 0.0723545 0.0757683 0.0763347 0.074264 0.0699914 0.0640849 0.0571528 0.0497512 0.0423217 0.0351761 0.028514 0.0224574 0.0170865 0.0124641 0.00864027 0.0056379 0.00342999
 0.00906456 0.0145326 0.0215228 0.029879 0.0393122 0.0492877 0.0589408 0.0672123 0.0731749 0.0763079 0.0765457 0.0741627 0.0696385 0.0635576 0.0565208 0.0490646 0.0416123 0.0344665 0.0278278 0.0218233 0.016534 0.0120155 0.00830403 0.0054067 0.00328492
 0.00879189 0.0141245 0.0209765 0.029221 0.0385985 0.0485982 0.05837 0.0668527 0.0730923 0.0765173 0.0770038 0.0747834 0.0703239 0.0642257 0.0571171 0.0495594 0.0419915 0.0347262 0.0279736 0.0218719 0.0165122 0.0119546 0.00823222 0.00534322 0.00323839
 0.00867814 0.0139054 0.020586 0.0285836 0.0376558 0.0473488 0.0569015 0.0653426 0.0717684 0.0755935 0.0766207 0.0749766 0.0710255 0.0652937 0.0583789 0.0508526 0.0431917 0.0357552 0.0287957 0.0224844 0.0169361 0.0122255 0.00839111 0.00542839 0.00328007
 0.00883766 0.0141319 0.0208623 0.0288638 0.0378662 0.0473968 0.0566949 0.0648174 0.0709243 0.0745192 0.0754882 0.0739964 0.0703791 0.0650764 0.0585795 0.0513737 0.0438933 0.0364996 0.0294781 0.0230437 0.0173519 0.0125071 0.00856453 0.00552519 0.0033288
 0.00914424 0.0146343 0.0216224 0.0299313 0.0392556 0.0490556 0.0584776 0.0664899 0.0722103 0.0751773 0.0753877 0.0731598 0.0689764 0.0633726 0.0568551 0.0498491 0.0426859 0.0356254 0.0288844 0.0226522 0.017091 0.0123265 0.00843555 0.00543345 0.00326644
 0.00900574 0.0144386 0.021385 0.0296928 0.0390794 0.0490187 0.0586537 0.0669245 0.0728923 0.0760187 0.0762306 0.0738192 0.069305 0.0633161 0.0564696 0.0492715 0.0420755 0.0351063 0.0285156 0.0224311 0.0169788 0.0122773 0.00841471 0.00542196 0.00325743
 0.00891765 0.0142783 0.0211147 0.0292729 0.0384869 0.0482719 0.0578309 0.0661616 0.0723495 0.075829 0.0764506 0.0744043 0.07012 0.0641796 0.0572159 0.0498036 0.0423846 0.0352511 0.028578 0.0224757 0.0170348 0.0123444 0.00847955 0.00547321 0.0032913
 0.00929605 0.0148307 0.0218273 0.0300866 0.0393063 0.0489857 0.0583351 0.0663808 0.0722581 0.0754661 0.0759161 0.0738281 0.0696145 0.0637991 0.0569459 0.0495843 0.0421531 0.034977 0.0282732 0.0221785 0.0167837 0.0121591 0.00835882 0.00540246 0.00325319
 0.00944702 0.0150825 0.0222151 0.0306389 0.0400287 0.0498405 0.0592278 0.0671707 0.0727963 0.0756474 0.0757174 0.0733149 0.0689143 0.0630555 0.0562725 0.0490371 0.0417303 0.0346429 0.02799 0.0219269 0.0165648 0.0119829 0.00823094 0.00531951 0.00320495
 0.00901332 0.0144704 0.0214675 0.0298583 0.0393535 0.0494023 0.059112 0.0673945 0.073307 0.0763357 0.0764444 0.0739504 0.0693744 0.0633234 0.0563903 0.0490744 0.0417479 0.0346711 0.0280292 0.0219632 0.0165869 0.0119893 0.00822744 0.00531313 0.00319989
#obs surv len freq
 0.00497345 0.00814538 0.0123876 0.017713 0.0239948 0.0308677 0.0377063 0.0437881 0.0485629 0.0518301 0.0537081 0.0544826 0.0544734 0.0539776 0.0532553 0.0525194 0.0519142 0.0514739 0.0510599 0.050303 0.0486211 0.0453836 0.0402136 0.0332801 0.025365
 0.00518401 0.00849144 0.0129154 0.018468 0.025013 0.0321614 0.0392505 0.0455148 0.0503712 0.0536045 0.0553365 0.0558648 0.0555238 0.0546247 0.0534426 0.0522097 0.0510958 0.0501683 0.0493278 0.0482477 0.0463858 0.0431399 0.0381375 0.0315181 0.0240027
 0.0054032 0.00885138 0.013464 0.0192529 0.0260728 0.0335122 0.0408708 0.0473396 0.0522996 0.0555178 0.0571161 0.0574037 0.0567306 0.0554241 0.0537739 0.0520259 0.0503672 0.0488916 0.0475401 0.0460401 0.0439093 0.0405946 0.0357411 0.0294596 0.022398
 0.00565184 0.00925622 0.0140746 0.020116 0.0272243 0.0349634 0.0425946 0.0492646 0.0543199 0.0575122 0.0589663 0.0590046 0.0579938 0.0562765 0.0541558 0.0518886 0.0496742 0.0476258 0.0457198 0.0437395 0.0412738 0.0378359 0.0331043 0.0271677 0.0205957
 0.00589082 0.00965064 0.0146791 0.0209848 0.0284004 0.0364613 0.044383 0.0512619 0.0564069 0.0595568 0.0608454 0.0606157 0.0592557 0.0571255 0.0545405 0.0517659 0.0490074 0.0463915 0.0439234 0.0414395 0.0386026 0.0350023 0.0303629 0.02476 0.0186861
 0.00612719 0.010037 0.0152648 0.021818 0.02952 0.0378834 0.0460859 0.0531788 0.0584327 0.0615662 0.0627125 0.0622284 0.0605234 0.0579807 0.0549352 0.0516642 0.0483804 0.0452187 0.0422064 0.0392253 0.0360091 0.0322254 0.0276515 0.0223581 0.0167668
 0.00638122 0.010451 0.0158895 0.0227011 0.0306962 0.0393602 0.0478289 0.0551075 0.060433 0.0635126 0.0644884 0.0637358 0.0616847 0.0587372 0.0552439 0.0514946 0.0477104 0.044035 0.0405135 0.0370669 0.0334918 0.0295299 0.0250125 0.0200111 0.014883
 0.00661507 0.0108369 0.0164809 0.0235505 0.0318445 0.0408189 0.049563 0.0570304 0.0624202 0.0654274 0.0662063 0.0651582 0.0627415 0.059383 0.0554516 0.0512474 0.0469975 0.0428508 0.0388675 0.0350013 0.0311041 0.0269842 0.0225231 0.0177951 0.0131006
 0.00683699 0.011202 0.0170384 0.0243492 0.0329232 0.0421913 0.0512016 0.0588599 0.0643265 0.0672782 0.0678731 0.0665325 0.0637435 0.0599638 0.0555887 0.0509371 0.0462451 0.0416669 0.0372722 0.0330404 0.0288688 0.0246219 0.0202246 0.0157541 0.01146
 0.00708445 0.0116038 0.0176421 0.0251979 0.0340471 0.0435938 0.0528454 0.0606622 0.0661708 0.0690359 0.0694245 0.0677797 0.0646153 0.0604161 0.055603 0.0505155 0.0454035 0.04043 0.0356745 0.0311361 0.0267472 0.0224168 0.0181039 0.0138853 0.00996505
 0.00724075 0.0118707 0.0180671 0.0258329 0.0349362 0.0447552 0.0542542 0.0622454 0.0678195 0.0706291 0.07085 0.0689458 0.0654544 0.0608839 0.0556766 0.05019 0.0446895 0.0393507 0.034267 0.0294576 0.0248846 0.0204915 0.0162621 0.0122692 0.00867623
 0.00746053 0.0122191 0.0185753 0.0265255 0.0358286 0.0458484 0.0555272 0.0636484 0.0692751 0.0720403 0.0721146 0.069971 0.0661685 0.061243 0.0556634 0.0498087 0.0439586 0.0382991 0.032935 0.0279027 0.0231887 0.0187641 0.0146296 0.0108508 0.00755367
 0.00754111 0.0123617 0.0188112 0.0268901 0.0363529 0.0465464 0.0563845 0.0646222 0.070305 0.0730637 0.0730756 0.0708193 0.0668551 0.0617184 0.055883 0.0497408 0.0435897 0.0376356 0.0320037 0.0267523 0.0218926 0.0174188 0.0133448 0.0097284 0.00666291
 0.00762974 0.0124942 0.0189904 0.0271142 0.036621 0.0468641 0.0567659 0.0650839 0.0708546 0.0736897 0.0737452 0.0714843 0.0674622 0.0622166 0.0562268 0.0498901 0.0435133 0.0373163 0.0314448 0.025983 0.0209699 0.0164244 0.0123733 0.00886785 0.00597439
 0.00769178 0.0125937 0.0191367 0.0273136 0.0368731 0.0471593 0.0570851 0.065404 0.0711587 0.0739765 0.0740278 0.0717794 0.0677743 0.0625295 0.0565045 0.0500861 0.0435806 0.0372175 0.03116 0.0255172 0.0203573 0.015726 0.0116661 0.00822707 0.00545417
 0.00774662 0.0126767 0.0192505 0.027457 0.0370424 0.0473496 0.0572905 0.0656167 0.0713684 0.0741721 0.0742021 0.0719331 0.0679161 0.0626697 0.0566451 0.0502128 0.0436629 0.0372169 0.0310425 0.0252661 0.0199825 0.0152648 0.0111753 0.00776729 0.00507242
 0.00777481 0.0127187 0.0193066 0.0275247 0.0371172 0.0474262 0.0573644 0.0656853 0.0714323 0.0742352 0.0742703 0.0720118 0.0680087 0.0627768 0.0567641 0.050336 0.0437742 0.037291 0.0310499 0.025183 0.019802 0.0150034 0.0108699 0.00746349 0.00480982
 0.00783812 0.0128116 0.0194277 0.0276658 0.0372653 0.0475668 0.0574844 0.0657751 0.0714867 0.0742545 0.0742607 0.0719846 0.0679773 0.0627532 0.0567559 0.0503444 0.0437929 0.0373058 0.0310406 0.0251292 0.0196909 0.0148376 0.0106686 0.00725636 0.00462569
 0.00786081 0.0128475 0.0194795 0.0277343 0.0373481 0.0476571 0.0575708 0.0658434 0.0715249 0.0742579 0.0742338 0.0719399 0.06793 0.0627169 0.0567392 0.0503499 0.0438167 0.0373377 0.0310654 0.0251299 0.0196544 0.0147602 0.0105591 0.00713315 0.00450949
 0.00787128 0.0128607 0.0194923 0.0277421 0.0373463 0.0476439 0.0575485 0.0658178 0.0715022 0.0742413 0.0742236 0.0719344 0.0679289 0.0627228 0.0567563 0.0503815 0.0438628 0.037393 0.0311199 0.0251705 0.0196693 0.0147435 0.0105138 0.00707008 0.00444316
 0.00788516 0.012882 0.0195218 0.0277789 0.0373876 0.0476843 0.0575807 0.0658345 0.0714987 0.0742183 0.0741867 0.0718922 0.0678893 0.062691 0.0567353 0.050373 0.0438674 0.0374093 0.0311429 0.0251924 0.019681 0.0147386 0.0104911 0.00703457 0.00440328
 0.00789605 0.0128953 0.0195339 0.027784 0.0373796 0.0476597 0.0575408 0.0657846 0.0714464 0.0741702 0.0741473 0.0718639 0.067874 0.0626899 0.0567488 0.0504003 0.0439061 0.0374559 0.0311926 0.0252392 0.0197183 0.0147612 0.0104974 0.00702702 0.00438759
 0.00789938 0.0128973 0.0195305 0.0277691 0.0373464 0.0476029 0.057459 0.0656823 0.0713338 0.0740612 0.074057 0.0718045 0.067852 0.0627055 0.0567967 0.0504724 0.0439937 0.0375505 0.0312866 0.0253254 0.0197907 0.0148154 0.0105319 0.00704401 0.00439182
 0.00789971 0.0128953 0.0195224 0.0277498 0.03731 0.0475447 0.0573773 0.0655795 0.0712166 0.0739403 0.0739454 0.0717161 0.0677986 0.0626943 0.0568285 0.0505418 0.0440905 0.0376629 0.0314028 0.025435 0.0198856 0.0148905 0.0105854 0.0070774 0.00440937
 0.00787213 0.0128514 0.0194584 0.0276627 0.0371986 0.0474105 0.0572255 0.0654194 0.0710604 0.0738016 0.0738363 0.0716465 0.0677749 0.0627192 0.0569008 0.0506556 0.044236 0.0378271 0.0315715 0.0255948 0.0200257 0.0150038 0.0106695 0.0071341 0.00444364
 0.00787278 0.0128497 0.0194505 0.0276435 0.0371624 0.0473535 0.057147 0.065323 0.0709526 0.0736906 0.073731 0.0715555 0.0677066 0.062681 0.056898 0.0506902 0.0443059 0.0379255 0.0316878 0.0257165 0.0201407 0.0151025 0.0107465 0.00718843 0.00447815
 0.00786344 0.0128331 0.019423 0.0276005 0.0370999 0.0472689 0.0570416 0.0652019 0.070825 0.0735675 0.0736239 0.071474 0.0676573 0.0626672 0.0569202 0.0507468 0.0443931 0.0380373 0.0318157 0.0258498 0.0202678 0.0152137 0.0108352 0.00725282 0.00452042
 0.00782892 0.0127779 0.0193419 0.0274896 0.0369576 0.0470979 0.05685 0.0650035 0.0706373 0.0734083 0.0735074 0.0714092 0.0676478 0.062711 0.0570113 0.0508765 0.0445514 0.0382138 0.0319996 0.02603 0.0204338 0.0153561 0.0109483 0.00733533 0.00457524
 0.0077901 0.0127138 0.0192437 0.0273492 0.03677 0.0468647 0.0565828 0.0647239 0.0703729 0.0731865 0.0733497 0.0713281 0.0676464 0.0627849 0.0571498 0.0510653 0.0447745 0.0384549 0.0322434 0.0262625 0.020643 0.0155329 0.0110876 0.00743667 0.0046428
 0.00777988 0.0126929 0.0192043 0.0272812 0.0366632 0.0467124 0.0563856 0.0644916 0.0701239 0.0729444 0.0731395 0.0711724 0.0675611 0.0627773 0.0572182 0.0511999 0.0449601 0.0386733 0.0324758 0.0264913 0.020853 0.0157128 0.0112307 0.00754171 0.00471346
 0.0077295 0.0126123 0.0190854 0.0271175 0.0364512 0.0464536 0.0560888 0.0641743 0.0698102 0.0726615 0.0729133 0.0710237 0.0675038 0.0628163 0.0573493 0.0514105 0.0452311 0.0389816 0.0327971 0.0268027 0.0211348 0.0159511 0.0114181 0.00767805 0.00480456
 0.00932519 0.0148452 0.0217786 0.0298833 0.038804 0.0479892 0.0566267 0.0637842 0.0687297 0.0711748 0.0712631 0.0693794 0.0659692 0.0614494 0.0561791 0.0504464 0.0444678 0.0384031 0.0323795 0.0265176 0.0209528 0.0158438 0.0113612 0.0076518 0.00479486
 0.0093114 0.0151166 0.0227047 0.0319218 0.0423008 0.0529094 0.0623831 0.0693336 0.072943 0.0732825 0.071109 0.0673618 0.0627669 0.0577323 0.0524427 0.0469849 0.0414223 0.0358223 0.0302628 0.0248388 0.0196703 0.0149063 0.0107104 0.00722667 0.0045358
 0.00897809 0.0145932 0.0219731 0.0310343 0.0414325 0.0523933 0.0626693 0.0708274 0.0757593 0.0770649 0.0750749 0.0705988 0.0646123 0.0580032 0.051404 0.0451343 0.0392577 0.0337069 0.028401 0.0233129 0.0184889 0.0140391 0.0101086 0.00683437 0.00429746
 0.00878919 0.0142804 0.0214926 0.0303451 0.0405133 0.0512727 0.0614655 0.0697749 0.0751901 0.0773163 0.0763364 0.0727685 0.0672657 0.0605302 0.0532556 0.0460318 0.0392477 0.0330605 0.027451 0.0223295 0.0176333 0.0133753 0.0096377 0.00652598 0.00411079
 0.00872209 0.0141613 0.0212942 0.0300341 0.0400563 0.0506467 0.0606733 0.0688605 0.0742528 0.0765177 0.0758866 0.0728727 0.0680351 0.0618949 0.0549452 0.0476619 0.0404748 0.0337129 0.0275616 0.0220696 0.0172074 0.0129426 0.00928441 0.0062768 0.00395438
 0.00869498 0.0141153 0.0212206 0.0299215 0.0398898 0.0504092 0.0603475 0.0684349 0.0737305 0.0759286 0.0752991 0.0723987 0.0678126 0.0620437 0.0555055 0.0485495 0.0414925 0.0346247 0.028191 0.022361 0.0172201 0.0127936 0.00908598 0.00610064 0.00382841
 0.00870247 0.0141244 0.0212283 0.0299223 0.0398761 0.0503715 0.0602751 0.0683158 0.0735521 0.0756814 0.0749844 0.0720392 0.0674613 0.0617823 0.0554231 0.0487038 0.0418727 0.0351415 0.0287092 0.0227592 0.0174392 0.0128477 0.00903463 0.00600951 0.00374272
 0.0086822 0.0140952 0.0211914 0.0298807 0.0398334 0.0503297 0.0602331 0.0682687 0.0734924 0.0756002 0.0748735 0.0718942 0.067288 0.0616027 0.0552782 0.0486451 0.0419403 0.0353396 0.0289956 0.0230597 0.0176822 0.0129945 0.00908862 0.00600169 0.00370898
 0.0086652 0.0140695 0.0211564 0.0298377 0.0397853 0.0502811 0.0601895 0.0682349 0.0734703 0.0755867 0.0748602 0.0718696 0.067242 0.0615326 0.0551935 0.0485692 0.0419044 0.0353697 0.0290966 0.0232099 0.0178413 0.0131238 0.00916783 0.00603325 0.00370941
 0.0086546 0.0140497 0.021122 0.0297826 0.0397053 0.0501767 0.0600684 0.0681119 0.0733633 0.0755109 0.0748232 0.0718693 0.0672679 0.0615701 0.0552304 0.0486011 0.0419373 0.0354169 0.0291701 0.0233107 0.0179566 0.0132324 0.00925142 0.00608457 0.0037328
 0.00867047 0.0140729 0.0211519 0.0298162 0.0397371 0.0501992 0.0600733 0.0680921 0.0733163 0.0754409 0.0747409 0.0717888 0.0672013 0.0615235 0.0552028 0.0485876 0.041934 0.035424 0.0291915 0.0233494 0.01801 0.0132916 0.00930482 0.00612379 0.00375582
 0.00863053 0.0140181 0.0210881 0.0297548 0.0396913 0.0501785 0.0600789 0.0681164 0.0733462 0.0754632 0.0747475 0.0717786 0.0671798 0.0614997 0.0551854 0.0485816 0.0419405 0.0354417 0.029219 0.0233856 0.0180531 0.0133374 0.0093474 0.00615779 0.00377877
 0.00863922 0.0140251 0.021086 0.0297339 0.0396444 0.0501065 0.0599942 0.0680402 0.0732991 0.0754555 0.0747741 0.0718235 0.0672246 0.0615322 0.0552026 0.0485881 0.0419437 0.0354478 0.0292316 0.0234057 0.0180794 0.013367 0.00937637 0.00618244 0.00379684
 0.00862913 0.0140119 0.0210717 0.0297211 0.0396341 0.050096 0.0599766 0.0680076 0.0732488 0.0753944 0.0747172 0.0717868 0.0672167 0.0615507 0.0552371 0.048627 0.0419795 0.0354789 0.0292596 0.0234331 0.0181074 0.0133949 0.0094023 0.0062042 0.00381308
 0.00863413 0.0140173 0.0210748 0.0297184 0.0396227 0.0500754 0.0599498 0.0679793 0.0732227 0.0753708 0.074694 0.0717629 0.0671949 0.0615368 0.055236 0.0486394 0.0420019 0.0355057 0.0292867 0.0234587 0.0181313 0.0134171 0.0094223 0.00622096 0.00382581
 0.00863413 0.0140173 0.0210748 0.0297184 0.0396227 0.0500754 0.0599498 0.0679793 0.0732227 0.0753708 0.074694 0.0717629 0.0671949 0.0615368 0.055236 0.0486394 0.0420019 0.0355057 0.0292867 0.0234587 0.0181313 0.0134171 0.0094223 0.00622096 0.00382581
 0.00893213 0.0144893 0.0217594 0.0306362 0.0407641 0.0513864 0.0613222 0.0692594 0.0742436 0.0759977 0.074859 0.0714745 0.0665242 0.0605921 0.0541375 0.0474983 0.0409068 0.0345173 0.028439 0.0227646 0.0175891 0.013015 0.00914099 0.00603694 0.00371414
 0.00877428 0.0142738 0.0215123 0.0304104 0.0406289 0.0514075 0.0615418 0.0696828 0.0748347 0.0766826 0.0755391 0.0720471 0.0669079 0.0607458 0.0540667 0.0472464 0.0405384 0.0340996 0.0280281 0.0223991 0.0172892 0.0127862 0.00897851 0.00592986 0.00364901
 0.0087505 0.014211 0.0213761 0.0301619 0.0402443 0.0509046 0.060996 0.0692169 0.0745783 0.0767218 0.0758817 0.0726222 0.067594 0.0614118 0.0546074 0.0476042 0.040706 0.034109 0.0279319 0.0222515 0.0171338 0.01265 0.00887376 0.0058575 0.00360376
 0.00897611 0.0145633 0.0218761 0.0308105 0.0410125 0.0517253 0.0617651 0.0698144 0.0749097 0.0767586 0.0756741 0.072271 0.0672003 0.0610354 0.0542564 0.0472524 0.0403231 0.0336833 0.0274776 0.0218011 0.016724 0.012309 0.00861429 0.00567707 0.00348926
 0.00880761 0.0143213 0.0215719 0.0304776 0.0406996 0.0514834 0.0616336 0.0698101 0.0750218 0.0769515 0.0759011 0.0724949 0.0674079 0.0612363 0.0544647 0.0474678 0.0405243 0.033839 0.0275641 0.0218149 0.016681 0.0122359 0.00853645 0.00561124 0.00344206
 0.00858329 0.0139465 0.0209929 0.0296482 0.0396041 0.0501654 0.0602159 0.0684829 0.0739932 0.0763809 0.0758507 0.072923 0.0682 0.0622519 0.0555755 0.0485759 0.0415609 0.0347559 0.0283285 0.0224106 0.0171116 0.0125231 0.0087129 0.00571125 0.00349455
 0.0087041 0.014109 0.0211728 0.0297962 0.0396528 0.0500451 0.0598746 0.0679073 0.0732248 0.07552 0.0750392 0.0723049 0.0678763 0.0622512 0.0558558 0.0490508 0.0421331 0.0353408 0.0288641 0.0228582 0.0174543 0.0127625 0.0088647 0.00579815 0.0035393
 0.00895787 0.0145283 0.0218118 0.0306976 0.0408236 0.0514257 0.0613187 0.0691952 0.074119 0.0758428 0.0747336 0.0714508 0.0666576 0.060894 0.0545634 0.0479584 0.0412948 0.0347451 0.0284628 0.0225943 0.0172786 0.0126407 0.00877669 0.00573414 0.00349449
 0.00883472 0.0143601 0.02162 0.030528 0.0407404 0.0514978 0.0615995 0.0697005 0.0748073 0.0766084 0.075425 0.0719154 0.0667972 0.0607013 0.0541202 0.0473975 0.0407474 0.0343003 0.0281537 0.0224084 0.0171811 0.0125946 0.00875479 0.00572142 0.00348506
 0.00866884 0.0140816 0.0211878 0.0299078 0.0399239 0.0505276 0.0605858 0.0688105 0.0742212 0.0764572 0.07574 0.0726157 0.0677179 0.0616515 0.0549445 0.0480176 0.0411662 0.0345738 0.0283494 0.0225741 0.0173347 0.0127329 0.00886798 0.00580362 0.00353777
 0.00871509 0.0141407 0.0212457 0.0299368 0.0398858 0.0503807 0.060298 0.0683763 0.0736774 0.0758888 0.0752651 0.0723474 0.0677197 0.0619086 0.0553709 0.0484946 0.0415915 0.0348939 0.0285631 0.0227112 0.0174294 0.0128071 0.00892915 0.00585155 0.00357144
 0.00878706 0.0142597 0.0214266 0.0301907 0.0402113 0.0507546 0.0606685 0.0686676 0.0738102 0.0758096 0.074972 0.0718983 0.0672167 0.0614626 0.0550613 0.0483433 0.0415659 0.0349337 0.0286135 0.0227435 0.0174406 0.0128072 0.00892785 0.00585297 0.00357502
 0.00863626 0.0140317 0.0211169 0.0298095 0.039785 0.0503238 0.0602835 0.0683789 0.0736524 0.0757867 0.0750548 0.0720385 0.0673723 0.0616182 0.0552307 0.0485527 0.0418302 0.0352421 0.0289337 0.0230376 0.0176823 0.012988 0.00905342 0.00593508 0.0036258
#pred catch len freq
 0.00390182 0.00624552 0.00925332 0.0129138 0.0172305 0.0221855 0.027669 0.0334503 0.0392176 0.0446445 0.049443 0.0534028 0.0564205 0.0585016 0.0597302 0.0602257 0.0601081 0.0594691 0.0583234 0.0565378 0.0537869 0.0496275 0.0437371 0.0362194 0.0277551
 0.00428653 0.00681174 0.0100013 0.0138207 0.0182769 0.0233869 0.0290827 0.0351405 0.0411884 0.0467819 0.0515091 0.0550969 0.0574799 0.0587899 0.0592724 0.0591791 0.0586892 0.0578689 0.0566477 0.0547985 0.0519487 0.0476815 0.0417545 0.0343477 0.0261583
 0.00453447 0.00723653 0.0106776 0.0148234 0.0196567 0.0251383 0.0311271 0.0373439 0.0434121 0.048927 0.0535154 0.0568934 0.058935 0.059715 0.0594873 0.0585965 0.0573577 0.0559483 0.0543374 0.0522706 0.0493257 0.0450625 0.0392548 0.0321089 0.0243143
 0.00484487 0.00771786 0.0113642 0.0157464 0.0208557 0.0266693 0.0330484 0.0396767 0.0460916 0.0517799 0.0562875 0.0593203 0.0608082 0.0609032 0.0599133 0.0582127 0.0561528 0.0539752 0.0517289 0.0492211 0.0460563 0.0417945 0.0361983 0.029449 0.0221837
 0.00515625 0.00821191 0.0120854 0.0167296 0.0221227 0.0282257 0.0348809 0.0417549 0.0483736 0.0542094 0.0587756 0.0617223 0.062922 0.0625025 0.0608005 0.0582577 0.0553053 0.0522613 0.0492479 0.0461461 0.0426252 0.038286 0.0328937 0.0265868 0.0199164
 0.00544809 0.00867952 0.012778 0.0176926 0.0233946 0.0298297 0.036811 0.0439628 0.050766 0.0566601 0.0611462 0.0638813 0.0647506 0.0638864 0.0616197 0.0583909 0.0546529 0.050777 0.046966 0.0431959 0.0392296 0.0347384 0.0295103 0.0236433 0.0175892
 0.0057087 0.0091005 0.0134084 0.018581 0.0245863 0.0313584 0.0386845 0.0461481 0.0531802 0.0591718 0.0635889 0.066078 0.0665417 0.0651509 0.0622772 0.0583879 0.0539479 0.0493427 0.0448129 0.0404072 0.0359847 0.0313058 0.0262033 0.0207481 0.0152948
 0.00597226 0.00951262 0.0140004 0.0193775 0.0256088 0.0326283 0.0402185 0.047945 0.0552051 0.0613445 0.065783 0.0681334 0.0682894 0.0664402 0.0629963 0.0584693 0.053361 0.0480839 0.0429084 0.0379319 0.0330871 0.0282156 0.0232007 0.0181005 0.0131863
 0.00623715 0.00992767 0.0145966 0.0201748 0.0266156 0.0338404 0.0416158 0.0494904 0.0568473 0.0630235 0.0674321 0.0696752 0.0696322 0.0674806 0.0636304 0.0586082 0.0529432 0.0470823 0.0413357 0.0358512 0.0306261 0.0255701 0.0206122 0.0158037 0.0113476
 0.00655594 0.0104245 0.015305 0.0211139 0.0277898 0.0352379 0.0432031 0.0512051 0.0585983 0.0647017 0.0689283 0.0708989 0.0705223 0.0680039 0.0637694 0.0583478 0.0522648 0.0459699 0.039792 0.0339178 0.0284013 0.0232132 0.0183238 0.0137808 0.00973055
 0.00688756 0.0109435 0.0160492 0.0221064 0.0290371 0.0367268 0.0448928 0.0530208 0.060433 0.0664272 0.0704145 0.0720333 0.0712275 0.0682475 0.0635617 0.0577264 0.0512744 0.0446484 0.0381722 0.0320434 0.0263491 0.0211047 0.016314 0.0120235 0.00833504
 0.0070948 0.0112912 0.0165928 0.0229049 0.0301417 0.038161 0.0466313 0.0549783 0.0624708 0.0683753 0.0720995 0.0733061 0.0719852 0.0684461 0.0632165 0.0568991 0.0500513 0.0431195 0.0364184 0.0301394 0.0243758 0.0191622 0.014519 0.0104873 0.00713242
