SBPRF35
8.03929
Curr Bio
704083
B35
526885
F35
0.209936
FOFL
0.209936
OFL
137730
Bzero
2.29694e+006
#pred survey bio
 2.34791e+006 2.2479e+006 2.12569e+006 2.00048e+006 1.79795e+006 1.61542e+006 1.42571e+006 1.26418e+006 1.13529e+006 1.03845e+006 953994 880022 789897 681876 626625 606511 598199 601633 593330 561651 525659 482546 464919 470913 496721 520916 544028 520978 523996 519538 534646 523753 512838 513821 515278 533414 577723 609228 605393 567520 537075 523593 539645 576601 601775 623340 653495 631481 578436 566937 542899 524398 578504 649323 643750 561736 463655 461631 514569 595895 712561 1.94768e+007 1.7245e+007 1.67866e+007 1.66362e+007 1.67155e+007 1.69175e+007 1.71616e+007 1.73992e+007 1.76071e+007 1.77781e+007 1.79137e+007 1.80185e+007 1.80985e+007 1.8159e+007 1.82046e+007 1.82389e+007 1.82648e+007 1.82844e+007 1.82992e+007 1.83104e+007 1.8319e+007 1.83256e+007 1.83306e+007 1.83344e+007 1.83374e+007 1.83397e+007 1.83414e+007 1.83428e+007 1.83438e+007 1.83446e+007 1.83453e+007 1.83458e+007 1.83461e+007 1.83464e+007 1.83466e+007 1.83468e+007 1.8347e+007 1.83471e+007 1.83472e+007 1.83472e+007 1.83473e+007 1.83473e+007 1.83473e+007 1.83474e+007 1.83474e+007 1.83474e+007 1.83474e+007 1.83474e+007 1.83474e+007 1.83474e+007 1.83474e+007 1.83474e+007 1.83474e+007 1.83474e+007 1.83474e+007 1.83474e+007 1.83474e+007 1.83474e+007 1.83474e+007 1.83474e+007 1.83474e+007 1.83474e+007 1.83474e+007 1.83474e+007 1.83474e+007 1.83474e+007 1.83474e+007 1.83474e+007 1.83474e+007 1.83474e+007 1.83474e+007 1.83474e+007 1.83474e+007 1.83474e+007 1.83474e+007 1.83474e+007 1.83474e+007 1.83474e+007 1.83474e+007 1.83474e+007 1.83474e+007 1.83474e+007 1.83474e+007 1.83474e+007 1.83474e+007 1.83474e+007 1.83474e+007 1.83474e+007 1.83474e+007 1.83474e+007 1.83474e+007 1.83474e+007 1.83474e+007 1.83474e+007 1.83474e+007 1.83474e+007 1.83474e+007 1.83474e+007 1.83474e+007 1.83474e+007 0 0 0 0 0 0 0 0 0 0 0 0 0 0 0 0 0 0 0 0 0 0 0 0 0
#obs survey bio
 2.15567e+006 2.08131e+006 2.21107e+006 2.59703e+006 1.57229e+006 1.83253e+006 1.99004e+006 1.04191e+006 1.53168e+006 867370 1.32964e+006 821765 1.0336e+006 528612 652965 565984 553981 577465 700993 520992 442361 658664 468679 390685 515616 590714 609158 446240 427830 471030 613096 466876 432337 547923 486425 370222 538754 767288 566302 615679 467493 540900 510730 511580 661430 570447 659588 675654 644270 557104 430021 465874 767420 628896 808298 656720 361834 535079 505740 452715 866471
#pred catch bio
 261090 265084 267373 307098 309334 305319 282180 276667 253779 249068 216978 214042 192682 173606 147493 143028 137541 138213 119437 106884 112760 100438 101798 103554 108433 97429.4 101587 90811.3 96448.9 91455.8 96962.2 95174.4 78621.6 79516.8 88392.9 86306.6 84543.2 80663.2 85306.2 82465.3 85320.1 90048.6 89434.2 91587.5 89169.3 90345.6 84065.1 123731 97166.5 91391.5 104499 68288.6 59359.7 101361 107045 129400 70656.3 57005.5 72258.8 81557.2 96197.2 137730 133131 128183 125600 125192 125896 127016 128164 129162 129954 130546 130972 131269 131472 131608 131699 131758 131797 131822 131838 131849 131855 131859 131862 131864 131865 131866 131866 131866 131866 131867 131867 131867 131867 131867 131867 131867 131867 131867 131867 131867 131867 131867 131867 131867 131867 131867 131867 131867 131867 131867 131867 131867 131867 131867 131867 131867 131867 131867 131867 131867 131867 131867 131867 131867 131867 131867 131867 131867 131867 131867 131867 131867 131867 131867 131867 131867 131867 131867 131867 131867 131867 131867 131867 131867 131867 131867 131867 131867 131867 131867 131867 131867 131867 131867 131867 131867 131867 131867 131867 0 0 0 0 0 0 0 0 0 0 0 0 0 0 0 0 0 0 0 0 0 0 0 0 0
#obs catch bio
 257426 264979 267276 306894 309740 305316 281730 277222 253671 250264 216580 214474 191708 174284 147421 143140 137872 138798 119114 106619 112814 100230 101888 104127 108951 97414 101287 90802.4 96426 91643.6 96894.6 95385.6 78479.9 79368 88531.1 86539.4 84555.9 80508.9 85271.2 82392.2 85272.6 90217.7 89617.3 91572 89072.4 90574.2 83578.5 124311 97154.3 91128.7 104956 68275.1 59078.3 101702 106639 130120 70497.1 56834.1 72414.7 81781 96181.6
#pred cpue bio
 2.319e+006 2.21852e+006 2.09517e+006 1.96918e+006 1.76737e+006 1.58526e+006 1.3965e+006 1.23583e+006 1.10734e+006 1.01069e+006 926342 852893 764116 658623 604382 584657 576367 579472 571338 540923 506278 464518 447521 453208 478098 501549 524211 502176 505234 500993 515842 505436 493770 493094 493626 510815 553494 584112 580841 544522 515280 502247 517558 553173 577473 598232 627239 606454 554387 542905 520295 502314 554613 623995 618932 539531 443934 442114 494088 573128 685743 1.87755e+007 1.66685e+007 1.61603e+007 1.59508e+007 1.60158e+007 1.62154e+007 1.64592e+007 1.66967e+007 1.69046e+007 1.70757e+007 1.72112e+007 1.73161e+007 1.7396e+007 1.74565e+007 1.75021e+007 1.75365e+007 1.75624e+007 1.75819e+007 1.75967e+007 1.7608e+007 1.76166e+007 1.76231e+007 1.76281e+007 1.7632e+007 1.76349e+007 1.76372e+007 1.7639e+007 1.76403e+007 1.76414e+007 1.76422e+007 1.76428e+007 1.76433e+007 1.76437e+007 1.7644e+007 1.76442e+007 1.76444e+007 1.76445e+007 1.76446e+007 1.76447e+007 1.76448e+007 1.76448e+007 1.76449e+007 1.76449e+007 1.76449e+007 1.76449e+007 1.76449e+007 1.7645e+007 1.7645e+007 1.7645e+007 1.7645e+007 1.7645e+007 1.7645e+007 1.7645e+007 1.7645e+007 1.7645e+007 1.7645e+007 1.7645e+007 1.7645e+007 1.7645e+007 1.7645e+007 1.7645e+007 1.7645e+007 1.7645e+007 1.7645e+007 1.7645e+007 1.7645e+007 1.7645e+007 1.7645e+007 1.7645e+007 1.7645e+007 1.7645e+007 1.7645e+007 1.7645e+007 1.7645e+007 1.7645e+007 1.7645e+007 1.7645e+007 1.7645e+007 1.7645e+007 1.7645e+007 1.7645e+007 1.7645e+007 1.7645e+007 1.7645e+007 1.7645e+007 1.7645e+007 1.7645e+007 1.7645e+007 1.7645e+007 1.7645e+007 1.7645e+007 1.7645e+007 1.7645e+007 1.7645e+007 1.7645e+007 1.7645e+007 1.7645e+007 1.7645e+007 1.7645e+007 1.7645e+007 0 0 0 0 0 0 0 0 0 0 0 0 0 0 0 0 0 0 0 0 0 0 0 0 0
#obs cpue bio
 2.91562e+006 2.73886e+006 1.78403e+006 1.90324e+006 1.61222e+006 1.57324e+006 1.06446e+006 1.26527e+006 881474 944218 841978 804008 846935 565280 646985 608523 535506 557420 664224 567184 598644 358938 392576 381626 479908 486933 687123 422540 728901 403516 600203 485769 642137 511085 457990 583138 704354 516803 641167 494056 605934 417989 480528 757200 546743 496662 933037 475603 450285 683863 588887 463851 458585 669226 615712 413745 555506 386618 437388 586323 768802
#pred surv len freq
 0.00466875 0.00768676 0.0117653 0.0169407 0.0231039 0.0298976 0.0367012 0.0428002 0.0476589 0.0510913 0.053221 0.0543172 0.0546552 0.0544596 0.0539041 0.0531314 0.0522727 0.0514433 0.0506843 0.0498502 0.0485143 0.0460195 0.0417529 0.035544 0.0279157
 0.0051173 0.00834361 0.0126224 0.017952 0.0242085 0.0310518 0.0378948 0.0440415 0.0489383 0.0523503 0.0543523 0.0552009 0.0552082 0.0546689 0.0538227 0.0528407 0.0518314 0.0508475 0.0498609 0.0486926 0.0469509 0.0440824 0.0396036 0.0334315 0.0260849
 0.00526885 0.00866335 0.0132332 0.0189976 0.0257998 0.0331937 0.0404382 0.0467054 0.0514059 0.0543812 0.0558401 0.05615 0.0556687 0.0546865 0.053433 0.0520852 0.0507629 0.0495114 0.04827 0.0468262 0.044793 0.04168 0.0371021 0.0310526 0.024051
 0.00541659 0.00889061 0.013558 0.019446 0.026422 0.0340756 0.0416874 0.0484034 0.0535389 0.0567949 0.0582593 0.0582646 0.0572363 0.0555908 0.0536748 0.0517336 0.0499071 0.0482327 0.0466299 0.0448693 0.0425669 0.0392699 0.0346552 0.0287647 0.0221116
 0.00567025 0.00930408 0.0141804 0.0203192 0.0275685 0.0354848 0.0433103 0.0501667 0.0553742 0.0586573 0.0601123 0.0600375 0.0587941 0.0567525 0.0542713 0.0516662 0.0491674 0.0468823 0.0447642 0.0425939 0.0399984 0.0365527 0.0319723 0.0263193 0.0200796
 0.00588864 0.00967417 0.0147651 0.0211858 0.0287734 0.0370488 0.0451951 0.0522672 0.0575385 0.0607268 0.0619617 0.0615933 0.0600219 0.0576223 0.0547269 0.0516239 0.0485462 0.0456425 0.0429311 0.0402584 0.0373072 0.0336982 0.0291774 0.0238057 0.0180199
 0.00616088 0.0101108 0.0154122 0.0220849 0.0299576 0.0385338 0.0469657 0.0542665 0.059665 0.0628444 0.0639197 0.0632522 0.0612781 0.0584183 0.0550418 0.0514471 0.0478578 0.0444156 0.0411586 0.0379862 0.0346563 0.0308626 0.0263962 0.0213143 0.0159935
 0.0064129 0.0105242 0.0160405 0.0229788 0.0311528 0.0400345 0.0487295 0.0562035 0.0616562 0.064768 0.0656689 0.064738 0.0624244 0.0591611 0.0553328 0.0512572 0.0471725 0.0432292 0.0394783 0.0358526 0.0321695 0.0281947 0.0237724 0.0189627 0.0140847
 0.00665996 0.0109344 0.0166735 0.0238946 0.0323988 0.0416244 0.0506224 0.0582972 0.0638022 0.0668033 0.0674479 0.0661532 0.0634113 0.0596906 0.055398 0.0508601 0.0463169 0.0419212 0.0377347 0.0337182 0.0297389 0.0256238 0.0212655 0.0167288 0.0122799
 0.00688966 0.0113022 0.0172175 0.0246487 0.0333891 0.0428626 0.0520953 0.0599581 0.0655698 0.0685692 0.0690896 0.0675507 0.0644634 0.0603279 0.0555857 0.0505922 0.0456042 0.0407824 0.0361975 0.0318321 0.0275929 0.023358 0.0190597 0.0147655 0.0106958
 0.00713293 0.011701 0.0178226 0.0255067 0.03453 0.0442819 0.0537396 0.0617254 0.0673312 0.0701995 0.0704901 0.0686532 0.0652226 0.0607121 0.0555745 0.0501779 0.0447929 0.0395937 0.0346652 0.0300106 0.0255696 0.02126 0.0170443 0.0129894 0.00927291
 0.00722525 0.0118597 0.0180784 0.0258955 0.0350881 0.0450362 0.0546955 0.062858 0.0685845 0.0714931 0.0717316 0.0697523 0.0661028 0.0613166 0.0558654 0.0501317 0.0443981 0.038852 0.0335964 0.0286599 0.0240151 0.0196148 0.0154455 0.011571 0.00813238
 0.00730053 0.0119987 0.0183182 0.0262808 0.0356604 0.0458176 0.0556738 0.0639832 0.0697785 0.072668 0.072805 0.0706553 0.0667825 0.0617363 0.0560036 0.0499798 0.0439566 0.0381291 0.0326112 0.0274503 0.0226465 0.0181828 0.0140656 0.0103552 0.00716023
 0.00744912 0.0122228 0.0186241 0.0266666 0.0361218 0.0463548 0.0562933 0.0646906 0.0705664 0.0735052 0.0736361 0.0714107 0.0673942 0.0621507 0.0561873 0.0499171 0.0436453 0.0375768 0.0318356 0.0264846 0.0215459 0.0170267 0.0129495 0.0093712 0.00637373
 0.00753976 0.0123831 0.0188876 0.0270681 0.0366844 0.0470726 0.0571203 0.065548 0.0713683 0.0741888 0.0741762 0.0718109 0.0676653 0.0622941 0.0561908 0.0497629 0.0433186 0.0370725 0.0311616 0.0256651 0.020625 0.0160684 0.0120305 0.00856519 0.00573205
 0.00761641 0.0124786 0.0189799 0.0271243 0.0366771 0.0470012 0.0570236 0.0654946 0.0714272 0.0743976 0.0745265 0.0722584 0.0681523 0.0627667 0.0566043 0.0500782 0.0435005 0.0370925 0.0310054 0.0253388 0.0201584 0.0155138 0.0114546 0.00803391 0.00529492
 0.00768449 0.0125918 0.0191526 0.0273653 0.0369807 0.0473384 0.0573411 0.0657299 0.0715376 0.0743856 0.0744421 0.0721741 0.0681266 0.0628203 0.0567188 0.0502111 0.0436024 0.0371192 0.0309252 0.0251384 0.0198473 0.0151249 0.0110367 0.00763967 0.00496561
 0.00768012 0.0125884 0.0191547 0.027381 0.0370209 0.0474144 0.0574595 0.0658866 0.0717131 0.0745478 0.0745589 0.0722307 0.0681354 0.062815 0.0567344 0.0502636 0.0436799 0.0371887 0.0309476 0.0250838 0.0197057 0.0149094 0.0107795 0.00738078 0.0047401
 0.00778747 0.0127398 0.0193403 0.0275777 0.0372002 0.0475542 0.0575532 0.0659435 0.0717509 0.0745811 0.0745908 0.0722518 0.0681314 0.062778 0.0566703 0.0501893 0.0436123 0.0371325 0.0308914 0.0250071 0.0195915 0.0147547 0.0105977 0.00719606 0.00457675
 0.00788694 0.0128771 0.019501 0.0277314 0.0373067 0.0475755 0.0574659 0.0657477 0.0714733 0.0742716 0.0743107 0.0720556 0.0680492 0.0628077 0.0567842 0.0503501 0.0437873 0.0372988 0.0310327 0.0251098 0.019645 0.0147555 0.0105535 0.00712434 0.00449827
 0.00781784 0.0127903 0.019416 0.0276782 0.0373128 0.0476474 0.0575774 0.0658454 0.0714998 0.0741934 0.0741354 0.0718293 0.0678365 0.0626659 0.0567443 0.0504112 0.0439236 0.0374737 0.0312109 0.025264 0.0197577 0.0148197 0.0105727 0.00711013 0.00446662
 0.00784815 0.0128432 0.0195032 0.0278151 0.037517 0.0479343 0.0579523 0.0662922 0.0719726 0.0746181 0.0744268 0.0719202 0.0677058 0.0623488 0.0563174 0.0499617 0.04352 0.0371508 0.030972 0.0250928 0.0196321 0.0147209 0.0104892 0.00703817 0.00440693
 0.00785586 0.0128471 0.0194938 0.0277803 0.0374484 0.0478357 0.0578455 0.0662153 0.0719682 0.0747146 0.0746224 0.0721771 0.0679608 0.0625371 0.0563988 0.0499348 0.0434173 0.0370185 0.0308487 0.0249979 0.0195663 0.0146751 0.0104537 0.00700725 0.00437948
 0.00780611 0.0127861 0.0194379 0.0277545 0.0374764 0.0479264 0.0579847 0.0663701 0.0721037 0.0748128 0.0746891 0.0722331 0.0680229 0.0626036 0.056449 0.0499421 0.0433668 0.0369162 0.0307177 0.0248654 0.019452 0.0145865 0.010389 0.0069611 0.00434683
 0.00774217 0.0126815 0.019281 0.0275385 0.0372063 0.0476259 0.057698 0.0661525 0.0720014 0.0748431 0.0748348 0.0724548 0.0682796 0.0628653 0.0566971 0.0501619 0.0435439 0.0370399 0.0307871 0.0248907 0.0194495 0.0145718 0.0103721 0.00694626 0.00433508
 0.00779987 0.0127519 0.0193437 0.02756 0.037149 0.0474634 0.0574291 0.0658073 0.0716355 0.0745229 0.0746186 0.0723761 0.0683389 0.0630347 0.0569335 0.0504219 0.0437926 0.0372536 0.0309529 0.025006 0.0195207 0.0146101 0.0103896 0.00695235 0.00433584
 0.00776005 0.0126802 0.0192224 0.0273668 0.0368609 0.0470632 0.056915 0.0652009 0.0709857 0.0739031 0.074115 0.0720686 0.0682792 0.0632305 0.0573465 0.0509815 0.0444165 0.037868 0.0315039 0.0254633 0.0198746 0.0148665 0.0105635 0.00706281 0.00440117
 0.0078605 0.0128232 0.0193992 0.0275545 0.0370254 0.0471669 0.0569232 0.0650872 0.0707371 0.0735261 0.0736417 0.0715572 0.0678057 0.0628711 0.0571566 0.0509789 0.0445788 0.0381428 0.0318281 0.0257808 0.0201476 0.0150778 0.0107125 0.00715904 0.00445824
 0.00778082 0.0127143 0.0192726 0.0274314 0.036928 0.0471052 0.0568866 0.0650471 0.0706593 0.0733869 0.0734378 0.0713074 0.0675458 0.0626464 0.0570129 0.0509524 0.0446845 0.0383682 0.0321355 0.0261195 0.0204691 0.0153481 0.0109166 0.00729858 0.00454486
 0.00772406 0.0126287 0.019157 0.0272921 0.0367795 0.0469706 0.0567935 0.0650187 0.0707022 0.0734817 0.0735422 0.0713722 0.0675371 0.062561 0.0568791 0.0508177 0.0445976 0.0383618 0.0322167 0.02627 0.0206548 0.0155325 0.0110731 0.00741476 0.00462135
 0.00766993 0.0125319 0.018996 0.027044 0.0364289 0.0465219 0.0562813 0.0645069 0.0702697 0.0731981 0.0734453 0.0714568 0.0677595 0.0628576 0.0571905 0.051108 0.04486 0.0386099 0.0324677 0.0265306 0.0209161 0.0157753 0.0112777 0.00756968 0.00472645
 0.00845332 0.0136345 0.0203385 0.0284439 0.0376499 0.0473555 0.0566137 0.0643398 0.0696949 0.0723545 0.0724799 0.070498 0.0668996 0.0621433 0.0566262 0.0506708 0.0445199 0.0383457 0.0322717 0.0264018 0.0208506 0.015761 0.0112956 0.00760072 0.00475659
 0.00927554 0.0149379 0.0222264 0.0309579 0.0407258 0.0507744 0.0599852 0.0671594 0.0714884 0.0728453 0.071682 0.068681 0.0644614 0.0594722 0.0540141 0.0482909 0.0424485 0.0365987 0.0308371 0.0252589 0.0199758 0.0151248 0.010861 0.00732399 0.00459345
 0.00921566 0.0149432 0.0224241 0.0315295 0.0418588 0.0525832 0.0624334 0.0700256 0.0743953 0.0753443 0.0733667 0.0692972 0.0639735 0.0580587 0.0519923 0.0460085 0.0401931 0.0345571 0.0291007 0.0238528 0.0188874 0.0143227 0.0103025 0.0069602 0.00437371
 0.00894723 0.0145426 0.0218945 0.0309161 0.0412601 0.0521553 0.0623755 0.0705335 0.0755824 0.0771616 0.075571 0.0715005 0.0657611 0.059122 0.0522169 0.0454826 0.0391447 0.033258 0.0277855 0.0226777 0.0179289 0.0135975 0.00979095 0.00662433 0.00416957
 0.00887636 0.0144153 0.0216823 0.0305897 0.0408032 0.0515856 0.0617642 0.0700103 0.0753158 0.0773136 0.076237 0.0726551 0.0672368 0.0606418 0.0534774 0.0462557 0.0393471 0.0329588 0.0271548 0.0219111 0.0171864 0.0129755 0.0093251 0.00630771 0.00397323
 0.00882991 0.0143302 0.0215362 0.0303547 0.040452 0.0511014 0.0611539 0.0693159 0.0746195 0.0767338 0.0759109 0.072705 0.0677246 0.061529 0.0546155 0.0474214 0.0403154 0.0335796 0.0273938 0.0218389 0.0169291 0.0126583 0.00903581 0.00608761 0.00382747
 0.00882249 0.014302 0.0214638 0.0302059 0.0401931 0.0507096 0.0606285 0.0686836 0.0739322 0.0760623 0.0753399 0.0723266 0.0676255 0.0617666 0.0551887 0.0482521 0.0412579 0.0344621 0.0280767 0.022258 0.0171029 0.0126601 0.00895179 0.00598498 0.00374264
 0.0088152 0.0142836 0.021423 0.0301265 0.0400547 0.0504916 0.0603159 0.0682728 0.0734364 0.0755152 0.0747946 0.0718506 0.0672915 0.061641 0.0553155 0.0486357 0.04185 0.0351647 0.0287673 0.0228297 0.0174975 0.0128782 0.00903638 0.00599256 0.00371982
 0.00879581 0.0142687 0.0214303 0.0301796 0.0401734 0.0506772 0.0605405 0.0684807 0.07356 0.0754977 0.0746103 0.0715143 0.0668567 0.0611876 0.0549318 0.0483967 0.0417957 0.0352876 0.0290135 0.0231194 0.0177552 0.0130583 0.00913148 0.00602285 0.00371472
 0.00875326 0.014207 0.0213522 0.0300952 0.0401003 0.0506389 0.0605612 0.0685765 0.073727 0.0757044 0.0748013 0.0716278 0.066849 0.0610527 0.0547059 0.0481453 0.0415904 0.0351797 0.0290177 0.023212 0.0178891 0.013186 0.00922324 0.00607228 0.00373178
 0.0086921 0.0141256 0.021263 0.0300208 0.0400673 0.0506681 0.0606602 0.0687383 0.0739343 0.0759349 0.0750287 0.0718211 0.0669736 0.0610788 0.0546216 0.0479665 0.0413597 0.0349529 0.0288425 0.0231112 0.0178569 0.0131972 0.00924922 0.00609366 0.00374191
 0.00865113 0.014065 0.0211838 0.0299301 0.039979 0.0506024 0.0606409 0.0687866 0.0740611 0.076133 0.0752721 0.0720713 0.0671902 0.0612281 0.0546819 0.0479322 0.041244 0.0347863 0.0286649 0.0229589 0.0177503 0.0131373 0.00922353 0.00608592 0.0037401
 0.00867485 0.0140826 0.0211723 0.0298574 0.0398153 0.050337 0.0602953 0.0684153 0.0737362 0.0759213 0.0752145 0.0721728 0.0674216 0.061537 0.0550084 0.0482238 0.0414666 0.0349294 0.0287393 0.0229882 0.0177598 0.0131444 0.00923467 0.00609963 0.00375243
 0.00876497 0.0142113 0.0213319 0.0300261 0.0399593 0.0504164 0.0602732 0.0682686 0.0734675 0.0755666 0.074839 0.0718526 0.0672187 0.0614786 0.0550815 0.0483851 0.0416618 0.0351115 0.0288807 0.0230824 0.0178155 0.013176 0.00925416 0.00611362 0.00376299
 0.00878074 0.0142393 0.0213776 0.030094 0.040049 0.0505178 0.0603635 0.0683151 0.0734373 0.0754399 0.0746211 0.071577 0.0669397 0.0612548 0.0549562 0.0483728 0.0417455 0.0352535 0.0290385 0.0232237 0.0179244 0.0132512 0.00930254 0.00614362 0.00378125
 0.00871568 0.0141457 0.0212597 0.0299641 0.0399252 0.0504188 0.0603033 0.0682987 0.0734582 0.0754804 0.0746561 0.0715841 0.0669094 0.0611973 0.0548988 0.0483476 0.041775 0.0353402 0.0291659 0.0233651 0.0180548 0.0133558 0.0093773 0.00619228 0.00381055
 0.00880455 0.0142479 0.0213369 0.0299581 0.0397784 0.0501037 0.0598449 0.0677734 0.0729666 0.0751098 0.0744533 0.0715482 0.0670046 0.0613739 0.0551133 0.0485739 0.0420045 0.0355731 0.0294003 0.0235921 0.0182601 0.0135261 0.00950596 0.00628064 0.00386581
 0.00898101 0.0145895 0.0219453 0.0309443 0.0412133 0.0519536 0.0619279 0.0697809 0.074557 0.0760269 0.0746042 0.0710033 0.0659386 0.0599925 0.0536002 0.0470699 0.0406067 0.0343433 0.0283722 0.0227751 0.0176437 0.0130848 0.00920658 0.00608886 0.00375046
 0.00868149 0.014149 0.0213743 0.0302969 0.0405906 0.0514948 0.0617869 0.0700814 0.0753341 0.0771845 0.0759241 0.0722178 0.0668275 0.0604518 0.05365 0.0468119 0.0401694 0.0338412 0.0278878 0.0223579 0.0173152 0.012846 0.00904569 0.00598807 0.00369171
 0.00871367 0.0141389 0.0212472 0.0299542 0.0399479 0.0505377 0.0606141 0.0689039 0.0744175 0.0767591 0.0761023 0.072954 0.0679373 0.0616801 0.0547586 0.0476486 0.0406908 0.0340903 0.02795 0.0223195 0.0172413 0.0127744 0.00899191 0.00595395 0.00367281
 0.00897271 0.0145502 0.0218418 0.0307382 0.040883 0.0515221 0.0614825 0.0694641 0.0745253 0.0763929 0.0753883 0.0721161 0.0671977 0.0611686 0.0544792 0.0475105 0.0405763 0.0339158 0.0276927 0.0220074 0.0169236 0.0124949 0.00877483 0.00580302 0.00357819
 0.00860896 0.0140061 0.0211132 0.0298582 0.0399193 0.0505666 0.0606357 0.0688147 0.0741255 0.0762435 0.0754479 0.0723358 0.0675558 0.0616761 0.0551503 0.0483238 0.0414594 0.034766 0.0284175 0.0225569 0.0172972 0.0127255 0.00890649 0.00587416 0.00361538
 0.00838203 0.0136015 0.0204426 0.0288293 0.038472 0.0487237 0.0585407 0.0667238 0.0723425 0.0750262 0.0749335 0.0725203 0.0683259 0.0628684 0.0566046 0.0499091 0.0430703 0.036309 0.0298059 0.0237219 0.018204 0.0133793 0.00934376 0.00614636 0.00377344
 0.00856542 0.0138913 0.0208575 0.0293667 0.039091 0.0493306 0.0589903 0.0668529 0.072034 0.0742725 0.0738581 0.0713364 0.067257 0.0620753 0.056155 0.0497891 0.0432172 0.0366401 0.0302351 0.0241695 0.0186064 0.0136981 0.00956843 0.00628802 0.00385387
 0.00866718 0.0140815 0.0211884 0.0298982 0.0398711 0.0503639 0.0602089 0.0681067 0.0731142 0.0749633 0.0740019 0.0708879 0.0663035 0.0608107 0.0548151 0.0485795 0.0422655 0.0359858 0.0298499 0.0239881 0.0185538 0.0137096 0.00959937 0.00631531 0.00387056
 0.00894837 0.0145609 0.0219494 0.0310277 0.0414345 0.0523669 0.062561 0.0706106 0.075492 0.0769109 0.0752498 0.0712539 0.0657315 0.0593882 0.0527595 0.0461881 0.0398435 0.0337795 0.0280083 0.0225611 0.0175169 0.0129973 0.00913428 0.00602606 0.00369967
 0.00854964 0.0139385 0.021067 0.0298854 0.0400883 0.0509475 0.0612788 0.0697254 0.0752396 0.0774138 0.0764572 0.0729459 0.0675842 0.0610718 0.0540292 0.0469399 0.0401168 0.0337131 0.0277724 0.0222971 0.0173069 0.0128657 0.00906883 0.00600199 0.00369516
 0.00835845 0.0135748 0.0204252 0.0288432 0.038548 0.0488975 0.058848 0.067193 0.0729844 0.0758189 0.0758079 0.0733538 0.0689576 0.0631399 0.0564183 0.0492776 0.0421268 0.0352646 0.0288711 0.0230335 0.0177943 0.0131964 0.00930025 0.00616357 0.00380279
 0.00847428 0.0137328 0.0206019 0.0289854 0.0385702 0.04869 0.058297 0.0662188 0.071591 0.0741349 0.0740876 0.0719209 0.0681064 0.0630363 0.057045 0.050448 0.0435589 0.0366796 0.0300733 0.0239412 0.0184204 0.0136033 0.00955721 0.00632417 0.0039016
 0.00801304 0.0131016 0.0198695 0.0282833 0.0380482 0.0484457 0.0583211 0.0663889 0.0717191 0.0740455 0.0736907 0.0712548 0.0673341 0.0623933 0.0567529 0.0506295 0.044193 0.0376199 0.0311163 0.0249052 0.0191966 0.0141632 0.00992714 0.0065525 0.00403497
#obs surv len freq
 0.00496728 0.00813593 0.0123746 0.017697 0.0239775 0.0308519 0.0376962 0.0437872 0.0485733 0.0518502 0.0537335 0.0545074 0.054493 0.0539901 0.0532613 0.0525208 0.0519129 0.0514711 0.0510562 0.0502988 0.0486166 0.0453791 0.0402094 0.0332765 0.0253622
 0.00518102 0.00848561 0.0129049 0.0184506 0.0249871 0.0321267 0.0392094 0.0454723 0.0503342 0.0535796 0.0553279 0.0558731 0.0555456 0.054654 0.0534736 0.0522382 0.0511202 0.0501889 0.0493455 0.0482635 0.0464001 0.0431528 0.0381486 0.0315272 0.0240095
 0.00541117 0.00886228 0.0134766 0.0192643 0.0260794 0.0335103 0.0408577 0.0473145 0.0522641 0.0554763 0.0570752 0.0573704 0.0567107 0.0554197 0.0537833 0.0520446 0.0503899 0.0489143 0.0475606 0.0460578 0.0439245 0.0406076 0.035752 0.0294682 0.0224045
 0.00564564 0.00924796 0.0140654 0.0201077 0.0272186 0.0349603 0.0425918 0.0492581 0.0543052 0.057487 0.0589319 0.0589659 0.0579578 0.0562504 0.0541445 0.0518937 0.0496933 0.0476543 0.0457528 0.043773 0.0413053 0.0378641 0.0331283 0.0271869 0.02061
 0.00588373 0.00963789 0.0146579 0.0209522 0.0283549 0.0364041 0.0443193 0.0511994 0.0563535 0.0595171 0.0608195 0.0606006 0.059248 0.0571245 0.0545479 0.0517844 0.0490391 0.0464357 0.0439773 0.0414984 0.0386617 0.0350575 0.0304111 0.024799 0.0187154
 0.00612804 0.0100377 0.0152646 0.0218153 0.0295127 0.0378686 0.0460612 0.0531431 0.0583876 0.0615161 0.062664 0.0621875 0.0604938 0.0579634 0.054929 0.0516682 0.0483948 0.0452439 0.0422418 0.0392687 0.0360566 0.0322725 0.0276941 0.0223933 0.0167933
 0.00638944 0.0104641 0.0159089 0.0227273 0.0307291 0.0393978 0.0478671 0.0551401 0.0604533 0.063515 0.0644707 0.0637003 0.0616372 0.0586852 0.0551945 0.0514527 0.0476789 0.044015 0.0405052 0.0370692 0.0335023 0.0295454 0.0250294 0.0200265 0.0148952
 0.00660778 0.0108281 0.0164731 0.0235481 0.0318522 0.04084 0.0495976 0.057075 0.0624681 0.0654706 0.0662372 0.0651711 0.0627344 0.0593578 0.0554134 0.0512036 0.0469549 0.0428151 0.0388416 0.0349861 0.0310986 0.0269861 0.0225292 0.0178027 0.0131076
 0.00684201 0.0112079 0.0170434 0.0243507 0.0329194 0.0421831 0.0511933 0.0588582 0.0643374 0.0673039 0.0679098 0.066572 0.0637761 0.0599816 0.0555884 0.0509202 0.0462167 0.041634 0.0372412 0.0330157 0.0288523 0.0246133 0.020222 0.0157551 0.0114625
 0.00705461 0.0115582 0.0175786 0.0251167 0.03395 0.0434845 0.0527298 0.0605491 0.0660719 0.0689642 0.0693915 0.067791 0.0646684 0.0605008 0.0557042 0.0506185 0.0454979 0.0405113 0.0357432 0.0311952 0.0267997 0.022464 0.0181454 0.0139198 0.00999152
 0.0072622 0.0118991 0.0180979 0.025858 0.0349465 0.0447439 0.0542197 0.0621917 0.0677543 0.0705606 0.070786 0.0688935 0.0654199 0.0608715 0.0556863 0.0502176 0.0447273 0.0393908 0.0343038 0.0294889 0.0249108 0.0205139 0.0162814 0.0122855 0.00868903
 0.00743426 0.0121803 0.018524 0.0264634 0.0357579 0.0457702 0.0554405 0.0635527 0.0691726 0.0719385 0.0720256 0.0699082 0.0661423 0.0612575 0.0557164 0.049893 0.0440636 0.0384134 0.0330481 0.0280068 0.0232793 0.0188393 0.0146895 0.0108964 0.00758626
 0.00750509 0.0123015 0.0187182 0.0267565 0.0361753 0.0463299 0.0561454 0.0643862 0.0700998 0.072911 0.0729857 0.0707928 0.0668866 0.0618007 0.0560087 0.0499007 0.0437728 0.0378293 0.0321952 0.0269306 0.0220494 0.0175495 0.0134479 0.00980505 0.00671624
 0.00759896 0.0124446 0.0189163 0.0270105 0.0364837 0.0466917 0.056562 0.0648593 0.0706274 0.0734836 0.0735841 0.0713873 0.0674383 0.0622643 0.0563362 0.050047 0.0437021 0.0375221 0.0316534 0.0261815 0.0211478 0.0165745 0.0124923 0.00895605 0.00603516
 0.00763518 0.0125038 0.0190056 0.0271359 0.0366479 0.046892 0.0567894 0.0651018 0.0708763 0.0737392 0.0738561 0.071687 0.0677677 0.0626082 0.0566603 0.050304 0.043841 0.0374992 0.031443 0.0257844 0.0205954 0.015926 0.0118239 0.0083433 0.00553357
 0.00770818 0.0126085 0.0191376 0.027283 0.0367944 0.0470257 0.0569062 0.0652049 0.0709731 0.0738366 0.0739598 0.0718029 0.0679025 0.0627661 0.0568368 0.05048 0.0439823 0.0375636 0.0313922 0.0255972 0.0202775 0.0155122 0.0113698 0.00790978 0.00516911
 0.00777512 0.0127128 0.0192855 0.027475 0.0370229 0.0472733 0.0571453 0.0654036 0.0711049 0.0738918 0.0739488 0.0717517 0.0678415 0.0627202 0.0568194 0.0504909 0.0440072 0.0375757 0.0313586 0.0254897 0.0200846 0.0152456 0.011063 0.00760604 0.00490681
 0.00780263 0.0127594 0.0193589 0.0275831 0.0371715 0.0474619 0.057364 0.0656317 0.0713142 0.0740533 0.0740417 0.0717694 0.0677946 0.0626319 0.0567177 0.0503984 0.0439339 0.0375164 0.0312956 0.0254007 0.0199528 0.0150693 0.0108572 0.00739737 0.00472233
 0.00784743 0.0128247 0.0194432 0.0276812 0.0372767 0.0475698 0.0574743 0.0657468 0.0714349 0.0741746 0.074151 0.0718497 0.0678307 0.0626177 0.0566589 0.0503105 0.0438351 0.0374196 0.0312031 0.0253051 0.0198436 0.0149408 0.0107139 0.00725315 0.00459373
 0.00786975 0.0128616 0.0194996 0.0277607 0.0373797 0.0476911 0.0576023 0.0658658 0.0715314 0.0742424 0.0741929 0.0718726 0.0678394 0.0626113 0.0566329 0.0502619 0.0437663 0.0373373 0.0311145 0.0252136 0.0197483 0.01484 0.0106094 0.00715146 0.00450399
 0.00788293 0.0128781 0.0195157 0.0277706 0.0373784 0.0476777 0.0575817 0.0658478 0.0715257 0.0742542 0.0742215 0.0719135 0.0678875 0.0626618 0.056681 0.0503019 0.0437925 0.037346 0.0311051 0.0251877 0.0197084 0.0147889 0.010551 0.00709147 0.00444904
 0.00789517 0.0128941 0.0195323 0.0277821 0.0373774 0.0476572 0.057538 0.0657824 0.0714467 0.0741755 0.0741591 0.0718811 0.0678913 0.0626998 0.0567443 0.0503784 0.0438697 0.0374134 0.0311556 0.0252177 0.0197178 0.0147803 0.0105291 0.00706237 0.00441898
 0.00788606 0.0128794 0.0195104 0.0277512 0.0373357 0.0476032 0.0574709 0.0657032 0.0713588 0.0740859 0.0740783 0.0718216 0.067865 0.0627141 0.0567993 0.0504663 0.0439774 0.0375256 0.0312584 0.0253013 0.0197772 0.0148153 0.0105433 0.00706185 0.00441042
 0.00787995 0.0128662 0.0194847 0.0277064 0.0372661 0.0475069 0.0573525 0.0655734 0.0712316 0.0739744 0.0739923 0.071767 0.0678454 0.0627316 0.0568543 0.0505558 0.0440936 0.0376566 0.03139 0.0254202 0.0198737 0.0148852 0.0105875 0.00708517 0.00441946
 0.00788656 0.0128727 0.0194862 0.0276956 0.0372343 0.047447 0.0572615 0.0654544 0.0710943 0.0738333 0.0738641 0.0716669 0.0677845 0.0627149 0.0568813 0.0506221 0.0441917 0.0377763 0.0315189 0.0255452 0.0199834 0.0149719 0.010649 0.00712364 0.00444032
 0.00788165 0.012865 0.0194752 0.0276801 0.0372125 0.0474156 0.057216 0.0653906 0.0710102 0.0737317 0.0737534 0.0715608 0.0676978 0.0626605 0.0568672 0.0506498 0.044257 0.0378705 0.0316305 0.0256613 0.0200918 0.0150632 0.0107182 0.0071707 0.00446872
 0.00785007 0.0128137 0.0193983 0.027573 0.0370738 0.0472492 0.0570332 0.0652085 0.0708477 0.0736039 0.0736685 0.07152 0.0676988 0.0627003 0.0569431 0.050759 0.0443947 0.038029 0.0317992 0.0258279 0.0202442 0.0151919 0.0108178 0.00724089 0.00451347
 0.00781466 0.0127547 0.0193069 0.0274409 0.036895 0.0470244 0.0567729 0.0649337 0.0705868 0.0733864 0.073518 0.0714497 0.0677101 0.0627848 0.0570864 0.050945 0.0446084 0.0382568 0.0320286 0.0260466 0.0204406 0.0153568 0.0109461 0.00733258 0.00457322
 0.00778971 0.0127114 0.0192366 0.0273339 0.0367428 0.0468231 0.0565268 0.0646574 0.0703033 0.0731235 0.0733035 0.0713069 0.0676541 0.0628195 0.0572047 0.0511308 0.0448409 0.0385144 0.0322913 0.0262974 0.0206656 0.0155459 0.0110939 0.00743919 0.00464359
 0.00777858 0.0126899 0.019198 0.0272694 0.0366433 0.046682 0.0563433 0.0644378 0.0700613 0.0728781 0.0730771 0.0711227 0.0675324 0.0627752 0.0572437 0.0512489 0.0450244 0.0387431 0.0325419 0.0265475 0.0208961 0.0157429 0.0112499 0.00755296 0.00471953
 0.00774286 0.0126365 0.0191261 0.0271805 0.0365401 0.0465664 0.0562153 0.0642964 0.069907 0.0727152 0.0729147 0.0709747 0.0674154 0.0627056 0.0572343 0.0513064 0.0451469 0.0389197 0.0327547 0.0267744 0.0211154 0.0159367 0.0114069 0.00766941 0.00479831
 0.00933703 0.0148627 0.0218019 0.0299122 0.0388386 0.0480311 0.0566788 0.0638486 0.0688047 0.0712528 0.0713308 0.0694219 0.0659756 0.0614171 0.0561148 0.0503633 0.0443808 0.0383244 0.0323159 0.0264704 0.0209198 0.0158213 0.0113459 0.00764141 0.00478797
 0.00931761 0.015129 0.0227276 0.0319601 0.0423582 0.0529859 0.0624738 0.0694291 0.0730329 0.0733582 0.0711658 0.0673969 0.0627774 0.0577152 0.0523966 0.0469127 0.0413321 0.0357254 0.0301707 0.0247596 0.0196078 0.0148603 0.0106785 0.00720571 0.00452275
 0.00897248 0.0145857 0.0219651 0.0310283 0.0414327 0.0524042 0.0626952 0.0708706 0.0758186 0.0771352 0.0751477 0.0706646 0.0646629 0.0580329 0.05141 0.0451162 0.039218 0.0336511 0.0283372 0.0232497 0.0184333 0.0139949 0.0100765 0.00681287 0.00428413
 0.00880431 0.0143014 0.0215177 0.0303706 0.0405351 0.051288 0.0614749 0.0697819 0.0751999 0.0773333 0.0763624 0.0728015 0.0673002 0.0605595 0.0532731 0.0460329 0.039231 0.0330274 0.027406 0.0222791 0.0175841 0.0133326 0.00960452 0.00650264 0.00409588
 0.00874861 0.0142036 0.021356 0.0301174 0.0401598 0.0507643 0.0607932 0.0689669 0.0743307 0.076558 0.0758887 0.072844 0.0679862 0.0618354 0.0548811 0.0475954 0.0404058 0.033641 0.0274879 0.0219969 0.0171399 0.0128844 0.00923845 0.00624364 0.00393264
 0.00869342 0.0141172 0.0212315 0.0299492 0.0399423 0.0504907 0.0604559 0.06856 0.0738563 0.0760372 0.0753752 0.0724334 0.0678052 0.062001 0.0554385 0.0484695 0.041408 0.0345408 0.0281103 0.0222856 0.017152 0.0127353 0.00903947 0.00606648 0.00380554
 0.00868025 0.0140892 0.0211774 0.0298552 0.0397957 0.0502861 0.0601988 0.0682657 0.0735434 0.0757206 0.075066 0.0721471 0.0675751 0.0618836 0.0555003 0.0487535 0.0418974 0.0351466 0.0287005 0.0227416 0.0174168 0.0128242 0.00901303 0.00599192 0.00372998
 0.00870914 0.0141328 0.0212363 0.0299257 0.0398692 0.0503481 0.0602298 0.0682453 0.0734563 0.0755626 0.0748463 0.0718858 0.0672999 0.0616291 0.0553084 0.0486684 0.0419497 0.0353335 0.0289764 0.0230323 0.0176515 0.0129648 0.00906275 0.00598133 0.00369449
 0.00868917 0.0141093 0.0212174 0.0299239 0.0398972 0.0504122 0.0603246 0.0683526 0.0735493 0.0756136 0.0748349 0.0718044 0.0671556 0.0614429 0.0551122 0.0484996 0.0418442 0.0353142 0.0290429 0.0231575 0.0177921 0.0130804 0.0091323 0.00600649 0.00369098
 0.00868031 0.0140916 0.0211852 0.029872 0.0398239 0.0503242 0.0602384 0.0682907 0.073531 0.0756444 0.0749019 0.0718812 0.0672132 0.0614617 0.0550887 0.0484475 0.0417885 0.035282 0.0290524 0.0232102 0.0178726 0.0131646 0.00919927 0.006047 0.00370776
 0.00866069 0.0140607 0.0211403 0.0298108 0.0397449 0.0502269 0.0601252 0.0681692 0.0734152 0.0755534 0.0748543 0.0718872 0.0672689 0.0615493 0.0551841 0.0485309 0.0418524 0.035332 0.0291009 0.0232677 0.0179406 0.0132355 0.00926167 0.0060926 0.00373487
 0.00863738 0.0140249 0.0210905 0.029747 0.0396685 0.0501406 0.0600329 0.0680756 0.0733257 0.0754744 0.0747934 0.071853 0.0672691 0.0615867 0.0552541 0.0486212 0.0419481 0.0354217 0.0291807 0.0233393 0.0180071 0.013297 0.00931497 0.00613381 0.00376243
 0.008653 0.014045 0.0211111 0.0297611 0.0396684 0.0501209 0.0599927 0.0680188 0.0732593 0.0754056 0.0747277 0.0717948 0.067223 0.061558 0.0552469 0.048637 0.0419835 0.0354698 0.0292338 0.0233918 0.0180562 0.0133412 0.00935293 0.00616386 0.0037837
 0.0086073 0.0139792 0.0210275 0.0296668 0.0395725 0.0500306 0.0599107 0.0679447 0.0731919 0.0753467 0.0746829 0.071771 0.0672251 0.0615874 0.0553016 0.0487126 0.0420743 0.0355692 0.0293345 0.023487 0.0181406 0.0134116 0.00940831 0.00620455 0.00381126
 0.00862861 0.0140073 0.0210581 0.0296925 0.039586 0.0500283 0.0598956 0.0679239 0.0731723 0.0753303 0.0746655 0.0717466 0.0671906 0.0615457 0.05526 0.0486797 0.0420561 0.035568 0.0293485 0.023512 0.0181712 0.0134428 0.00943614 0.00622686 0.00382738
 0.00862861 0.0140073 0.0210581 0.0296925 0.039586 0.0500283 0.0598956 0.0679239 0.0731723 0.0753303 0.0746655 0.0717466 0.0671906 0.0615457 0.05526 0.0486797 0.0420561 0.035568 0.0293485 0.023512 0.0181712 0.0134428 0.00943614 0.00622686 0.00382738
 0.00855742 0.0138996 0.0209108 0.0295082 0.0393718 0.0497949 0.0596569 0.0676979 0.0729807 0.0751953 0.0746049 0.0717674 0.0672867 0.0616994 0.0554491 0.0488832 0.0422589 0.0357604 0.0295249 0.0236682 0.0183041 0.0135504 0.00951814 0.00628515 0.00386569
 0.00901049 0.0146061 0.0219151 0.0308233 0.0409681 0.0515879 0.0614989 0.0693883 0.0743047 0.0759787 0.0747605 0.0713109 0.0663205 0.0603774 0.053938 0.0473319 0.0407821 0.0344346 0.0283927 0.0227456 0.0175874 0.0130218 0.00915008 0.00604497 0.00371992
 0.00876578 0.0142706 0.0215267 0.0304591 0.0407266 0.0515589 0.0617345 0.0698882 0.0750166 0.0768088 0.0755904 0.07202 0.0668123 0.0606011 0.0538969 0.0470756 0.0403862 0.0339783 0.027942 0.0223454 0.017261 0.0127749 0.00897656 0.00593181 0.00365174
 0.00862221 0.0140065 0.0210778 0.0297609 0.0397478 0.0503442 0.0604313 0.0687277 0.0742426 0.0765894 0.0759582 0.0728721 0.0679581 0.0618285 0.0550274 0.0479961 0.0410554 0.0344128 0.0281925 0.0224719 0.0173155 0.0127941 0.00898171 0.00593293 0.00365236
 0.00881788 0.0143013 0.0214741 0.0302355 0.0402458 0.0507795 0.0606987 0.0687336 0.0739503 0.0760537 0.0753204 0.0723066 0.0675991 0.0617189 0.0551167 0.0481801 0.0412285 0.0345064 0.0281868 0.0223862 0.0171874 0.0126603 0.00886718 0.00584821 0.00359698
 0.00855851 0.0139158 0.0209617 0.0296207 0.039573 0.050101 0.060064 0.0681804 0.0735001 0.0757136 0.0750955 0.0722162 0.0676819 0.0620166 0.0556427 0.0488952 0.0420434 0.0353115 0.0288894 0.022935 0.0175757 0.0129122 0.00901884 0.00593402 0.00364307
 0.00832695 0.0135174 0.0203255 0.0286777 0.0382844 0.0484971 0.0582712 0.0664111 0.0719969 0.0746737 0.0746167 0.0722899 0.0682268 0.0629249 0.056812 0.0502352 0.0434659 0.0367215 0.0301908 0.0240485 0.018457 0.0135575 0.00945675 0.00621 0.00380469
 0.00862796 0.0139722 0.0209413 0.0294265 0.039097 0.0492622 0.0588458 0.0666504 0.0718035 0.0740445 0.0736557 0.0711745 0.067145 0.062021 0.0561642 0.0498626 0.043347 0.0368083 0.0304175 0.0243419 0.0187503 0.0138045 0.00963745 0.00632666 0.00387185
 0.00882036 0.0143188 0.0215218 0.030326 0.0403729 0.0508971 0.0607096 0.0685014 0.0733417 0.0749977 0.0738597 0.0706157 0.065955 0.0604289 0.0544287 0.0482085 0.0419267 0.0356934 0.029612 0.0238047 0.018418 0.0136111 0.00952873 0.00626535 0.00383638
 0.00900361 0.0146255 0.022001 0.0310321 0.0413576 0.0521923 0.0623035 0.0703159 0.0752211 0.0767191 0.0751701 0.071291 0.0658653 0.0595826 0.0529727 0.0463839 0.0399987 0.0338873 0.0280748 0.0225984 0.0175365 0.0130067 0.00913759 0.00602553 0.00369702
 0.00854122 0.0139119 0.0210028 0.0297562 0.0398642 0.0506067 0.0608204 0.0691791 0.0746682 0.0769045 0.0761012 0.072811 0.0676921 0.0613913 0.0544896 0.0474558 0.0406139 0.0341424 0.0281129 0.0225497 0.0174845 0.012985 0.00914547 0.0060485 0.00372136
 0.00826591 0.0134189 0.0201809 0.0284849 0.0380562 0.0482698 0.058109 0.0663983 0.0722138 0.0751621 0.0753488 0.0731554 0.0690501 0.0635122 0.0570176 0.05002 0.0429168 0.0360168 0.0295255 0.0235611 0.0181921 0.0134788 0.00948934 0.00628266 0.00387286
 0.00835999 0.0135466 0.0203212 0.0285891 0.038044 0.0480335 0.0575328 0.0653969 0.0707852 0.0734309 0.0735673 0.0716477 0.0681138 0.0633229 0.0575757 0.0511598 0.0443713 0.0375082 0.0308436 0.0246005 0.0189431 0.0139886 0.00982175 0.00649332 0.00400203
 0.00838001 0.0135974 0.0204293 0.028785 0.0383458 0.0484251 0.0579446 0.0657058 0.0708411 0.0731063 0.0728125 0.070531 0.0668243 0.0621243 0.0567223 0.0508097 0.0445368 0.0380668 0.0316012 0.025369 0.0195959 0.0144755 0.0101501 0.00669819 0.00412215
#pred catch len freq
 0.00358791 0.00583221 0.00881093 0.0125686 0.0171308 0.022446 0.0283212 0.0344237 0.0403555 0.0457393 0.0502745 0.0537706 0.05617 0.0575455 0.0580665 0.0579557 0.0574563 0.0567915 0.0560833 0.0552236 0.0537721 0.0510186 0.0462928 0.0394103 0.0309527
 0.00396822 0.00639081 0.00954391 0.0134421 0.0181016 0.0234884 0.029439 0.0356333 0.0416491 0.0470551 0.0514976 0.0547705 0.0568527 0.0578892 0.0581186 0.0577949 0.0571377 0.0563043 0.0553427 0.0541092 0.0522019 0.0490241 0.0440474 0.0371842 0.0290134
 0.00412137 0.00668719 0.0100737 0.0143085 0.0193842 0.0251946 0.0314707 0.0378017 0.0437389 0.048897 0.0530022 0.0559081 0.0576113 0.0582516 0.0580737 0.0573588 0.0563545 0.0552183 0.0539654 0.0524145 0.0501667 0.0466915 0.0415674 0.0347912 0.0269471
 0.00430447 0.00696955 0.0104769 0.0148602 0.0201342 0.0262253 0.0328835 0.0396692 0.0460374 0.0514635 0.0555555 0.0581349 0.0592668 0.059216 0.0583426 0.0569958 0.0554451 0.053843 0.052187 0.0502801 0.0477279 0.0440422 0.0388708 0.0322651 0.0248028
 0.00456216 0.00738064 0.0110802 0.015685 0.0211948 0.0275161 0.0343796 0.0413371 0.0478513 0.0534073 0.0575951 0.0601739 0.0611264 0.060667 0.0591771 0.0570923 0.0547887 0.0524994 0.0502613 0.0478884 0.0449983 0.0411331 0.0359828 0.0296221 0.0225998
 0.00479775 0.00776696 0.0116686 0.0165274 0.0223356 0.0289777 0.0361443 0.0433367 0.0499736 0.0555208 0.0595799 0.0619418 0.0626146 0.0618114 0.0598869 0.0572531 0.0542967 0.0513041 0.0483883 0.0454389 0.0421357 0.0380707 0.0329673 0.0268992 0.020362
 0.00506637 0.00819193 0.0122883 0.0173752 0.0234406 0.0303626 0.0378159 0.0452707 0.0521013 0.0577256 0.0617096 0.0638359 0.064138 0.0628743 0.060441 0.0572664 0.0537327 0.0501242 0.0465803 0.0430527 0.0393061 0.0350143 0.0299511 0.0241861 0.0181488
 0.00534529 0.00863804 0.0129464 0.018283 0.0246238 0.0318262 0.0395349 0.0471859 0.0541262 0.0597583 0.0636422 0.0655582 0.0655409 0.0638595 0.0609325 0.0572164 0.0531158 0.0489292 0.0448136 0.0407594 0.0365992 0.0320878 0.0270587 0.0215854 0.0160332
 0.00559186 0.00903883 0.0135504 0.019138 0.0257701 0.0332845 0.0412907 0.0491779 0.0562474 0.0618708 0.0655994 0.0672277 0.0668203 0.0646805 0.0612555 0.05702 0.0523893 0.0476713 0.0430399 0.0385196 0.034 0.0293059 0.0243251 0.0191369 0.014048
 0.00585033 0.00944548 0.0141387 0.0199343 0.0267942 0.034549 0.0427931 0.0508905 0.0581077 0.0637797 0.0674291 0.0688391 0.0680861 0.0655052 0.0615838 0.0568325 0.0516898 0.0464764 0.041379 0.0364484 0.0316203 0.0267775 0.0218536 0.0169312 0.0122649
 0.00605992 0.00978576 0.0146502 0.0206548 0.0277527 0.0357553 0.044227 0.0524974 0.059805 0.0654705 0.0690138 0.0702216 0.0691767 0.0662261 0.0618758 0.0566611 0.0510464 0.0453749 0.0398546 0.0345628 0.0294738 0.0245163 0.0196585 0.0149829 0.0106964
