SBPRF35
9.20719
Curr Bio
550305
B35
722693
F35
0.195122
FOFL
0.146775
OFL
65202.8
Bzero
2.63063e+06
#pred survey bio
 4.2872e+06 4.10121e+06 3.91668e+06 3.67542e+06 3.37087e+06 3.07326e+06 2.78863e+06 2.4831e+06 2.23902e+06 1.98792e+06 1.76569e+06 1.57137e+06 1.38581e+06 1.21805e+06 1.08485e+06 954488 864548 786000 742001 701119 663112 649113 629857 616422 599657 585676 593645 589237 587191 579019 574927 569746 568379 573169 553761 546503 540818 540562 538874 555538 574158 574624 583258 586173 594787 592098 594030 594913 595877 604328 606131 580876 593444 612292 614835 563254 514437 516376 518982 557443 572054 580176 579059 560473 556212 1.95271e+07 1.1851e+07 1.22592e+07 1.31693e+07 1.43615e+07 1.56052e+07 1.67488e+07 1.77207e+07 1.85044e+07 1.91142e+07 1.95771e+07 1.9923e+07 2.01787e+07 2.03666e+07 2.05045e+07 2.06058e+07 2.06803e+07 2.07353e+07 2.07762e+07 2.08067e+07 2.08296e+07 2.08469e+07 2.086e+07 2.08701e+07 2.08778e+07 2.08837e+07 2.08882e+07 2.08918e+07 2.08945e+07 2.08966e+07 2.08983e+07 2.08996e+07 2.09006e+07 2.09014e+07 2.09021e+07 2.09026e+07 2.0903e+07 2.09033e+07 2.09035e+07 2.09037e+07 2.09039e+07 2.0904e+07 2.09041e+07 2.09041e+07 2.09042e+07 2.09042e+07 2.09043e+07 2.09043e+07 2.09043e+07 2.09044e+07 2.09044e+07 2.09044e+07 2.09044e+07 2.09044e+07 2.09044e+07 2.09044e+07 2.09044e+07 2.09044e+07 2.09044e+07 2.09044e+07 2.09044e+07 2.09044e+07 2.09044e+07 2.09044e+07 2.09044e+07 2.09044e+07 2.09044e+07 2.09044e+07 2.09044e+07 2.09044e+07 2.09044e+07 2.09044e+07 2.09044e+07 2.09044e+07 2.09044e+07 2.09044e+07 2.09044e+07 2.09044e+07 2.09044e+07 2.09044e+07 2.09044e+07 2.09044e+07 2.09044e+07 2.09044e+07 2.09044e+07 2.09044e+07 2.09044e+07 2.09044e+07 2.09044e+07 2.09044e+07 2.09044e+07 2.09044e+07 2.09044e+07 2.09044e+07 2.09044e+07 2.09044e+07 2.09044e+07 2.09044e+07 2.09044e+07 2.09044e+07 0 0 0 0 0 0 0 0 0 0 0 0 0 0 0 0 0 0 0 0 0 0 0 0 0
#obs survey bio
 3.42642e+06 5.27097e+06 3.64009e+06 3.0682e+06 2.60621e+06 3.08512e+06 2.5542e+06 1.94724e+06 1.45263e+06 1.55802e+06 1.45568e+06 1.40493e+06 1.56710e+06 1.21771e+06 1.14012e+06 588714 553085 553697 902531 673564 652185 766174 594918 468960 518888 541243 676906 541042 494911 554515 597428 541393 454753 614071 699986 613953 858602 459699 424628 368209 675351 653812 869281 754780 488485 513091 534747 655197 540048 484829 558809 558769 550341 912143 673654 573356 688820 491125 489735 498027 600713 702260 416058 566913 591131
#pred catch bio
 92028 91853.1 151547 225870 242351 256013 301262 270627 298752 290406 278413 278977 267776 239488 236813 200921 189474 157203 150925 143813 120033 122047 114897 115769 111860 93377.7 103945 101103 104782 99234.9 97827.1 92287.4 85156.5 102366 88313.8 86451.8 85325.4 91519.7 80351.8 81606.2 96660.2 87769.2 90563.8 84486 93472.5 89250.4 90398.8 90664.4 85095.7 91828.3 114869 83746.6 80637.4 95065.1 138716 132800 89057.3 89278.3 60934.5 82611.8 88058.7 95622.1 109750 96848.2 89554.8 65202.8 85624.7 87385.3 92622.6 100539 109074 116894 123423 128555 132419 135239 137247 138652 139620 140280 140726 141025 141224 141356 141444 141501 141539 141564 141580 141591 141598 141603 141606 141607 141609 141610 141610 141610 141611 141611 141611 141611 141611 141611 141611 141611 141611 141611 141611 141611 141611 141611 141611 141611 141611 141611 141611 141611 141611 141611 141611 141611 141611 141611 141611 141611 141611 141611 141611 141611 141611 141611 141611 141611 141611 141611 141611 141611 141611 141611 141611 141611 141611 141611 141611 141611 141611 141611 141611 141611 141611 141611 141611 141611 141611 141611 141611 141611 141611 141611 141611 141611 141611 141611 141611 0 0 0 0 0 0 0 0 0 0 0 0 0 0 0 0 0 0 0 0 0 0 0 0 0
#obs catch bio
 0 91565.7 152015 227171 243968 258175 306160 274275 305775 297512 285198 286140 273274 244681 241077 204096 194963 160832 154079 146371 121281 123438 115996 117574 112836 94518.3 105419 102473 106468 100521 99007.3 93189.4 85760.6 103650 88804.8 86854.2 85329.6 91900.6 80654.1 82196.6 97251.7 87849.5 90029.5 83485.3 93020.7 88534.3 89991.6 90226.9 84680.3 91173.5 114907 83528.2 80577.5 94665.5 138438 132452 88286.2 89210 60475.5 82650.6 88023.2 95283.2 109577 96588.4 89506.1
#pred cpue bio
 4.21981e+06 4.0376e+06 3.85641e+06 3.61679e+06 3.3135e+06 3.01686e+06 2.73318e+06 2.42915e+06 2.18597e+06 1.9364e+06 1.71595e+06 1.5236e+06 1.34043e+06 1.1751e+06 1.04396e+06 915934 827423 750565 707965 668851 632498 619218 600745 587822 571658 558040 565675 561518 559724 552106 548567 544041 543177 548287 530080 523564 517544 515711 512694 528416 546828 548014 557144 560542 569072 566398 568167 568923 569788 577917 579480 554557 566360 584762 587529 537248 489304 490931 493697 531315 545861 553874 552728 534368 530134 1.86495e+07 1.1345e+07 1.16357e+07 1.23967e+07 1.353e+07 1.4758e+07 1.58981e+07 1.68693e+07 1.76528e+07 1.82626e+07 1.87255e+07 1.90714e+07 1.93271e+07 1.9515e+07 1.9653e+07 1.97542e+07 1.98287e+07 1.98837e+07 1.99246e+07 1.99551e+07 1.9978e+07 1.99953e+07 2.00084e+07 2.00185e+07 2.00262e+07 2.00321e+07 2.00366e+07 2.00402e+07 2.00429e+07 2.00451e+07 2.00467e+07 2.0048e+07 2.0049e+07 2.00499e+07 2.00505e+07 2.0051e+07 2.00514e+07 2.00517e+07 2.00519e+07 2.00521e+07 2.00523e+07 2.00524e+07 2.00525e+07 2.00525e+07 2.00526e+07 2.00527e+07 2.00527e+07 2.00527e+07 2.00527e+07 2.00528e+07 2.00528e+07 2.00528e+07 2.00528e+07 2.00528e+07 2.00528e+07 2.00528e+07 2.00528e+07 2.00528e+07 2.00528e+07 2.00528e+07 2.00528e+07 2.00528e+07 2.00528e+07 2.00528e+07 2.00528e+07 2.00528e+07 2.00528e+07 2.00528e+07 2.00528e+07 2.00528e+07 2.00528e+07 2.00528e+07 2.00528e+07 2.00528e+07 2.00528e+07 2.00528e+07 2.00528e+07 2.00528e+07 2.00528e+07 2.00528e+07 2.00528e+07 2.00528e+07 2.00528e+07 2.00528e+07 2.00528e+07 2.00528e+07 2.00528e+07 2.00528e+07 2.00528e+07 2.00528e+07 2.00528e+07 2.00528e+07 2.00528e+07 2.00528e+07 2.00528e+07 2.00528e+07 2.00528e+07 2.00528e+07 2.00528e+07 2.00528e+07 0 0 0 0 0 0 0 0 0 0 0 0 0 0 0 0 0 0 0 0 0 0 0 0 0
#obs cpue bio
 3.63274e+06 2.46348e+06 2.57932e+06 4.53816e+06 2.35427e+06 2.02868e+06 1.93183e+06 2.24515e+06 1.73252e+06 1.80214e+06 1.64781e+06 1.41791e+06 1.38228e+06 738235 1.17364e+06 1.09326e+06 501837 769987 526704 674989 620702 487352 550794 455833 916442 264292 496358 454863 504290 519429 487358 548201 575536 479769 448333 491719 439379 502808 491225 528520 668346 546838 805397 740336 483939 858037 528764 595699 607045 911642 512016 492945 540110 537373 611464 567174 467888 465516 554836 516814 481343 593417 799503 528168 442057
#pred surv len freq
 0.00469946 0.00769135 0.0116895 0.0167089 0.0226421 0.0291678 0.0357298 0.0416817 0.0465333 0.0501118 0.052533 0.0540559 0.0549495 0.0554252 0.0556132 0.0555617 0.0552509 0.0546102 0.0535146 0.0517534 0.0490095 0.0449255 0.0392931 0.0322869 0.0245614
 0.00486965 0.00787754 0.0118077 0.0166392 0.0222774 0.0284818 0.0348204 0.0407499 0.0457981 0.0497082 0.0524576 0.0541883 0.0551287 0.0555338 0.0556277 0.0555525 0.0553387 0.0548994 0.0540342 0.0524335 0.0497086 0.0454944 0.0396406 0.032409 0.0245231
 0.00512396 0.00828313 0.0123962 0.0174153 0.0231964 0.0294298 0.0356183 0.0412016 0.0457759 0.0492265 0.0516758 0.0533295 0.0543684 0.0549334 0.0551518 0.0551411 0.0549727 0.0546149 0.0538841 0.0524337 0.0498113 0.0456087 0.039683 0.0323462 0.0243785
 0.00536377 0.00867615 0.0129935 0.0182656 0.0243341 0.030853 0.0372619 0.0429195 0.0473505 0.050415 0.0522843 0.0532847 0.0537443 0.0539117 0.0539374 0.0538877 0.0537623 0.0534842 0.0528585 0.0515351 0.0490447 0.0449542 0.0391093 0.0318345 0.023934
 0.00565158 0.0091375 0.0136763 0.0192123 0.0255757 0.0324 0.039089 0.0449535 0.049464 0.0524306 0.0539898 0.0544649 0.0542326 0.053644 0.0529772 0.0524018 0.0519582 0.0515492 0.0509301 0.0497031 0.047366 0.0434648 0.0378316 0.0307825 0.0231137
 0.00592792 0.00958365 0.0143422 0.0201428 0.0268034 0.0339332 0.0408999 0.0469727 0.0515887 0.0545376 0.0559422 0.0561117 0.0554105 0.0541977 0.0527996 0.0514757 0.0503729 0.0494782 0.0485827 0.0472779 0.0450257 0.0413317 0.0359919 0.0292884 0.0219812
 0.00619557 0.010015 0.0149848 0.0210393 0.0279855 0.0354107 0.0426486 0.0489291 0.0536568 0.0566049 0.0578937 0.0578342 0.0567886 0.055109 0.0531215 0.0511092 0.0492787 0.0477066 0.0462771 0.0446487 0.042308 0.0387445 0.0337099 0.0274238 0.0205763
 0.0065443 0.0105691 0.0157949 0.0221442 0.0294058 0.0371398 0.044641 0.0510974 0.0558825 0.0587597 0.0598594 0.059511 0.0580929 0.0559643 0.0534497 0.0508304 0.0483272 0.0460617 0.0439964 0.0418842 0.0392919 0.0357478 0.0309863 0.0251594 0.0188587
 0.00677943 0.0109583 0.0163933 0.0230071 0.0305773 0.0386347 0.0464282 0.0530946 0.0579712 0.0608103 0.0617532 0.0611508 0.0594011 0.0568761 0.0539038 0.0507632 0.0476753 0.0447797 0.0420886 0.0394375 0.0364892 0.0328465 0.028263 0.0228424 0.0170753
 0.00701975 0.0113518 0.0169912 0.0238603 0.0317279 0.0401022 0.0481927 0.0550885 0.060084 0.0629068 0.0636952 0.0628156 0.0606933 0.0577301 0.0542773 0.0506244 0.0469932 0.0435271 0.040263 0.0370948 0.0337715 0.0299809 0.0255203 0.0204672 0.0152211
 0.00724793 0.0117199 0.0175403 0.0246283 0.0327441 0.0413786 0.0497135 0.056804 0.0619141 0.0647518 0.0654477 0.0643692 0.0619504 0.0586087 0.0547155 0.0505796 0.0464371 0.0424429 0.0386541 0.0350077 0.0313218 0.0273621 0.0229761 0.0182317 0.013453
 0.00744718 0.0120452 0.0180325 0.0253259 0.0336764 0.0425537 0.051107 0.058356 0.0635392 0.0663564 0.0669446 0.0656831 0.0630157 0.0593665 0.0551124 0.0505691 0.0459817 0.0415186 0.0372597 0.0331814 0.0291616 0.0250335 0.0206928 0.0162053 0.0118346
 0.00771127 0.0124638 0.0186427 0.0261552 0.0347385 0.0438415 0.0525839 0.0599524 0.0651594 0.0678955 0.0683061 0.0667911 0.0638194 0.0598366 0.0552331 0.050329 0.0453683 0.0405203 0.0358765 0.0314438 0.0271504 0.022889 0.0185988 0.014347 0.0103464
 0.0079677 0.0128796 0.0192656 0.0270267 0.0358832 0.0452518 0.0542066 0.0616867 0.0668754 0.0694623 0.0696165 0.0677728 0.0644341 0.0600735 0.0551004 0.0498444 0.0445509 0.0393858 0.0344421 0.0297435 0.0252536 0.0209116 0.016693 0.0126672 0.00900501
 0.00821153 0.0132624 0.019817 0.0277668 0.0368211 0.0463828 0.0555054 0.0631015 0.0683272 0.0708533 0.0708441 0.0687452 0.0650831 0.0603624 0.0550227 0.0494162 0.0438001 0.0383438 0.0331429 0.0282306 0.0235937 0.0192036 0.0150612 0.0112363 0.00786502
 0.00857724 0.0138343 0.0206344 0.0288484 0.0381589 0.0479359 0.0571942 0.0648113 0.0699274 0.0722247 0.0718996 0.0694347 0.0653867 0.0602815 0.0545751 0.0486342 0.0427264 0.0370274 0.0316358 0.0265902 0.0218904 0.0175257 0.0135107 0.00990923 0.0068257
 0.00864123 0.013971 0.0208999 0.0293129 0.038888 0.0489606 0.0584853 0.0662749 0.0714268 0.0736159 0.0730631 0.0702907 0.0658956 0.0604352 0.0543871 0.048131 0.0419432 0.0360061 0.0304256 0.0252497 0.0204898 0.0161475 0.0122431 0.00883041 0.00598512
 0.00866464 0.0140151 0.0209795 0.029452 0.0391212 0.0493321 0.0590408 0.0670447 0.0724044 0.0747425 0.0742295 0.0713613 0.0667438 0.0609733 0.0545774 0.0479793 0.0414836 0.0352876 0.0295048 0.0241898 0.0193619 0.01503 0.0112148 0.00795794 0.00530823
 0.00856334 0.0138562 0.0207523 0.0291539 0.0387625 0.0489425 0.0586746 0.06678 0.0723298 0.0749336 0.0747216 0.072129 0.0676987 0.0619826 0.0554978 0.0486917 0.0419154 0.0354167 0.0293515 0.0238043 0.0188137 0.0143993 0.0105822 0.00739221 0.00485458
 0.00860331 0.013901 0.0207826 0.0291393 0.0386707 0.0487523 0.0583893 0.0664324 0.0719787 0.0746529 0.0745862 0.072198 0.0679974 0.0624884 0.0561386 0.0493602 0.0424976 0.0358213 0.0295299 0.0237555 0.018577 0.0140398 0.0101743 0.00700284 0.00453053
 0.00875807 0.0141292 0.0210814 0.0294873 0.0390295 0.049072 0.0586159 0.0665185 0.071897 0.0744106 0.0742305 0.0718084 0.0676641 0.0622859 0.0561027 0.0494771 0.0427086 0.0360429 0.0296814 0.0237843 0.0184712 0.0138255 0.00990129 0.00672549 0.00429115
 0.00876637 0.0141426 0.0211008 0.0295124 0.0390568 0.0490936 0.0586183 0.0664842 0.0718097 0.0742619 0.0740273 0.0715766 0.0674468 0.0621345 0.0560623 0.0495704 0.0429237 0.0363332 0.0299792 0.0240229 0.0186071 0.01385 0.00983711 0.00661271 0.00416967
 0.00884464 0.0142603 0.0212601 0.0297084 0.0392789 0.0493266 0.0588433 0.0666788 0.0719486 0.0743208 0.0739882 0.0714343 0.0672148 0.0618462 0.0557663 0.0493185 0.0427548 0.0362597 0.0299828 0.0240634 0.0186407 0.0138469 0.00979081 0.00653661 0.00408562
 0.00884988 0.0142744 0.0212912 0.0297669 0.0393733 0.0494587 0.0590044 0.0668499 0.0721059 0.0744419 0.0740566 0.0714405 0.0671557 0.0617269 0.0556021 0.0491357 0.0425856 0.0361321 0.0299095 0.0240373 0.0186394 0.0138455 0.00977361 0.00650168 0.00404144
 0.00899867 0.014488 0.0215608 0.0300673 0.0396714 0.0497264 0.0592273 0.0670268 0.0722403 0.0745334 0.0740971 0.0714181 0.0670611 0.061559 0.0553708 0.0488611 0.0422956 0.0358569 0.0296743 0.023855 0.0185085 0.0137536 0.00970564 0.00644694 0.00399585
 0.00908913 0.0146385 0.0217917 0.0303949 0.0400987 0.050232 0.0597598 0.0675129 0.0726076 0.074736 0.0741287 0.0713045 0.066841 0.0612672 0.055032 0.0484936 0.0419174 0.035489 0.0293387 0.0235697 0.0182826 0.0135854 0.00958593 0.00636388 0.00393912
 0.00894141 0.0144165 0.0214929 0.0300325 0.0397022 0.049845 0.0594346 0.0673003 0.0725422 0.0748228 0.0743413 0.0715967 0.0671655 0.0615879 0.0553263 0.0487479 0.0421235 0.035644 0.0294462 0.0236392 0.0183255 0.0136115 0.00960123 0.00637156 0.00394121
 0.00890723 0.0143608 0.0214093 0.0299159 0.0395516 0.0496667 0.0592455 0.0671272 0.072417 0.0747733 0.0743811 0.0717197 0.0673474 0.0617947 0.0555255 0.0489166 0.042251 0.0357292 0.0294942 0.0236584 0.0183257 0.0136019 0.0095886 0.00635973 0.00393165
 0.00878307 0.0141788 0.021172 0.0296382 0.0392559 0.049376 0.0589777 0.0668963 0.0722358 0.0746571 0.0743463 0.0717792 0.0675031 0.0620335 0.0558197 0.0492306 0.0425506 0.0359894 0.0297024 0.023813 0.0184328 0.0136712 0.00963046 0.00638322 0.0039437
 0.00869741 0.014045 0.0209818 0.0293898 0.0389571 0.0490461 0.0586486 0.0666072 0.0720226 0.0745409 0.0743292 0.0718489 0.0676433 0.0622297 0.0560596 0.0494998 0.0428298 0.0362566 0.0299378 0.024004 0.0185757 0.0137701 0.00969391 0.00642089 0.00396431
 0.00859369 0.0138804 0.0207418 0.0290649 0.038546 0.0485607 0.0581183 0.0660795 0.0715566 0.074194 0.0741433 0.0718409 0.0678037 0.0625284 0.056456 0.049952 0.0433002 0.0367126 0.0303528 0.0243585 0.018859 0.0139813 0.00984031 0.00651497 0.00402018
 0.0085587 0.0138154 0.0206293 0.0288839 0.0382776 0.0481963 0.0576679 0.0655743 0.0710446 0.0737307 0.0737816 0.0716231 0.067754 0.0626495 0.0567285 0.0503391 0.043756 0.0371909 0.0308131 0.0247696 0.0192011 0.0142461 0.0100304 0.00664107 0.0040971
 0.00848451 0.0137004 0.020466 0.028668 0.0380066 0.0478694 0.0572872 0.0651486 0.0705936 0.0732869 0.0733882 0.0713267 0.0675957 0.0626551 0.0569025 0.0506634 0.0441935 0.037693 0.0313285 0.025253 0.0196193 0.0145807 0.0102777 0.00680942 0.00420223
 0.00817026 0.0132368 0.0198564 0.0279467 0.0372298 0.0470988 0.0565771 0.0645407 0.0701165 0.0729573 0.0732124 0.0713047 0.0677254 0.062934 0.0573245 0.0512139 0.0448444 0.0384028 0.0320469 0.0259293 0.0202111 0.0150613 0.0106387 0.0070592 0.00436071
 0.00826328 0.013342 0.0199317 0.0279296 0.0370602 0.0467519 0.0560854 0.0639881 0.0696036 0.0725589 0.0729538 0.0711681 0.0676756 0.0629442 0.0573882 0.0513406 0.0450464 0.0386819 0.0323879 0.0263015 0.0205766 0.0153856 0.0108995 0.00724925 0.00448608
 0.00895557 0.0143183 0.0211228 0.0291717 0.0381341 0.0474509 0.0562779 0.0636477 0.0688062 0.0714566 0.0717354 0.0700114 0.0667063 0.0622172 0.0568986 0.0510524 0.0449192 0.038683 0.0324899 0.0264752 0.0207886 0.0156014 0.0110905 0.00739872 0.00459017
 0.00964396 0.015402 0.0226787 0.0312233 0.0406187 0.0501857 0.0589471 0.0658461 0.070149 0.0717125 0.0709079 0.0683232 0.0645032 0.0598514 0.0546437 0.0490719 0.0432793 0.0373861 0.0315067 0.0257643 0.0203036 0.0152933 0.0109105 0.00730317 0.00454457
 0.00964436 0.015495 0.0229884 0.0319194 0.0418695 0.0520816 0.0614286 0.0686764 0.0729499 0.0740513 0.0724059 0.0687528 0.0638457 0.058291 0.0524997 0.0466972 0.0409714 0.0353405 0.0298168 0.0244475 0.0193313 0.0146142 0.0104643 0.00702911 0.00438832
 0.00940271 0.0151512 0.0225678 0.0314931 0.0415555 0.0520346 0.0618151 0.0696294 0.074507 0.076099 0.0746674 0.0708439 0.0653849 0.0590177 0.0523474 0.0457944 0.0395764 0.0337473 0.0282737 0.0231152 0.0182807 0.0138483 0.00994563 0.00670298 0.00419859
 0.00903395 0.0145764 0.0217525 0.0304312 0.0402828 0.0506437 0.0604674 0.0685474 0.073934 0.0762316 0.0755827 0.0724528 0.0674335 0.0611466 0.054193 0.0470951 0.0402383 0.0338431 0.0279831 0.0226428 0.0177917 0.0134395 0.00965101 0.00651489 0.00409093
 0.00867168 0.0140145 0.0209577 0.0293926 0.0390152 0.0491934 0.0589204 0.0670361 0.0726316 0.0753295 0.0752554 0.0728138 0.0684921 0.0627809 0.0561595 0.0490849 0.0419645 0.0351223 0.0287725 0.0230196 0.0178942 0.0134046 0.00957565 0.0064488 0.00404866
 0.00855585 0.013819 0.0206505 0.0289406 0.0383926 0.048394 0.0579698 0.0659948 0.0715874 0.0743856 0.0745205 0.0723956 0.0684842 0.0632364 0.0570582 0.0503136 0.0433328 0.0364154 0.0298192 0.0237407 0.0183068 0.0135887 0.00962666 0.0064423 0.00402859
 0.00850362 0.013717 0.0204652 0.0286298 0.0379147 0.0477236 0.0571132 0.0649969 0.0705267 0.0733602 0.0736337 0.0717441 0.0681502 0.0632791 0.0575013 0.0511294 0.0444302 0.0376476 0.0310165 0.0247593 0.0190682 0.0140889 0.00991562 0.00658954 0.00409545
 0.00865217 0.0139239 0.0207111 0.0288711 0.0380905 0.0477694 0.0569754 0.0646439 0.0699567 0.0726065 0.0727651 0.0708573 0.0673549 0.0626804 0.0571825 0.0511362 0.0447581 0.0382349 0.031754 0.025517 0.019733 0.0145949 0.0102516 0.00678479 0.00419499
 0.0086534 0.0139414 0.0207644 0.0289827 0.0382736 0.0480116 0.057228 0.064828 0.0699871 0.0724233 0.0723563 0.070264 0.0666599 0.0619887 0.056601 0.0507539 0.0446292 0.0383659 0.0320995 0.0259915 0.0202354 0.0150395 0.0105897 0.00700822 0.0043241
 0.0087183 0.0140418 0.0209066 0.0291712 0.0385126 0.0483048 0.0575742 0.0652119 0.0703694 0.0727381 0.0725231 0.0702137 0.0663634 0.061474 0.0559497 0.0500794 0.0440453 0.0379572 0.0319021 0.0259877 0.0203671 0.0152322 0.0107791 0.00715639 0.00442098
 0.00873126 0.0140636 0.020941 0.0292221 0.0385835 0.0483985 0.0576922 0.0653549 0.0705366 0.0729239 0.072711 0.0703704 0.0664423 0.0614304 0.0557628 0.049769 0.043671 0.0375997 0.0316335 0.0258472 0.0203513 0.0153046 0.0108904 0.0072649 0.00450385
 0.00872827 0.0140623 0.0209456 0.0292389 0.0386193 0.0484583 0.0577772 0.0654619 0.0706595 0.0730557 0.0728445 0.0704966 0.0665466 0.0614906 0.055753 0.0496712 0.0434887 0.0373637 0.0313945 0.0256556 0.0202377 0.0152702 0.0109129 0.00731362 0.00455354
 0.00877919 0.014133 0.0210298 0.0293242 0.0386913 0.0485075 0.0578039 0.0654757 0.070674 0.0730818 0.0728862 0.0705507 0.0666044 0.0615396 0.0557775 0.0496547 0.0434199 0.0372439 0.031242 0.0255014 0.0201128 0.015193 0.0108833 0.00731759 0.00457288
 0.00881923 0.0141894 0.0210981 0.0293937 0.038747 0.0485334 0.0577879 0.0654137 0.0705732 0.0729611 0.0727724 0.0704705 0.0665751 0.061563 0.0558405 0.049734 0.04349 0.0372855 0.0312481 0.0254792 0.0200792 0.0151653 0.0108716 0.00732202 0.00458676
 0.00888004 0.0142899 0.0212516 0.0296108 0.0390307 0.0488716 0.0581489 0.0657486 0.0708281 0.0730944 0.0727683 0.0703422 0.0663583 0.0613024 0.0555758 0.0494907 0.0432768 0.0370988 0.0310805 0.0253269 0.0199447 0.0150554 0.0107917 0.00727197 0.00456084
 0.00908335 0.0146185 0.0217413 0.0302902 0.039911 0.0499332 0.0593278 0.066936 0.0718872 0.0738912 0.0732023 0.0703675 0.0659899 0.0606089 0.0546603 0.0484666 0.0422445 0.0361322 0.0302238 0.0246008 0.0193552 0.0145996 0.0104597 0.00704736 0.00442145
 0.00884312 0.0142655 0.0212815 0.0297585 0.0393677 0.0494543 0.058994 0.0668183 0.0720299 0.0742935 0.0738099 0.0710821 0.0666952 0.0612021 0.0550777 0.0486923 0.0423036 0.036073 0.0300983 0.0244515 0.0192107 0.0144758 0.0103636 0.00697954 0.00437833
 0.00869346 0.01401 0.0208773 0.0291653 0.0385657 0.0484691 0.0579142 0.0657906 0.0712241 0.0738525 0.0738076 0.0715065 0.0674578 0.0621663 0.0560944 0.0496339 0.0430872 0.0366672 0.0305136 0.0247226 0.0193781 0.0145749 0.0104204 0.00701124 0.00439573
 0.00878241 0.0141349 0.0210267 0.0293108 0.0386636 0.0484667 0.0577619 0.065459 0.0707241 0.0732474 0.0732067 0.0710349 0.0672144 0.0621895 0.0563528 0.0500434 0.043545 0.0370845 0.0308374 0.0249386 0.0195009 0.0146319 0.0104391 0.00701228 0.00439115
 0.00911495 0.0146855 0.0218695 0.0305092 0.0402417 0.0503714 0.0598339 0.0674415 0.0723197 0.0742042 0.073393 0.0704699 0.0660497 0.0606548 0.0546868 0.0484367 0.0421101 0.0358599 0.0298144 0.0240922 0.01881 0.0140842 0.0100257 0.00672031 0.00420077
 0.00928331 0.0149738 0.0223314 0.0312061 0.0412317 0.0516882 0.0614602 0.0692874 0.0742178 0.0759272 0.0746947 0.0711443 0.0659894 0.0598846 0.0533558 0.0467689 0.0403384 0.0341709 0.0283225 0.0228457 0.0178127 0.0133183 0.00946427 0.00633195 0.00395054
 0.00910575 0.0146814 0.0218889 0.0305899 0.04045 0.050805 0.0606091 0.0686562 0.073996 0.076236 0.0755315 0.0723716 0.0673724 0.0611642 0.054326 0.0473305 0.0405074 0.0340457 0.0280307 0.0224984 0.0174828 0.0130415 0.00925101 0.00617909 0.00384886
 0.00911447 0.0146715 0.0218285 0.0304331 0.0401466 0.0503196 0.0599429 0.0678637 0.0731884 0.0755663 0.0751594 0.0724126 0.0678506 0.0619914 0.0553256 0.0482972 0.0412764 0.0345374 0.0282549 0.0225238 0.0173955 0.0129133 0.00912712 0.00608024 0.00377952
 0.00885668 0.0142644 0.0212386 0.0296378 0.039139 0.049116 0.0585919 0.0664513 0.0718347 0.074412 0.0743488 0.0720723 0.0680631 0.0627655 0.0565769 0.0498546 0.0429216 0.0360636 0.0295193 0.0234704 0.018043 0.0133229 0.00936942 0.00621545 0.00385083
 0.00886276 0.0142649 0.0212209 0.029582 0.0390193 0.0489046 0.0582647 0.0659935 0.0712466 0.073717 0.0735997 0.0713541 0.0674846 0.0624384 0.0565832 0.050214 0.0435754 0.0368887 0.0303677 0.024217 0.0186176 0.0137144 0.00960773 0.00634592 0.00391546
 0.00888171 0.0142991 0.0212779 0.0296682 0.0391354 0.0490388 0.0583883 0.0660628 0.0712129 0.0735411 0.0732662 0.0708804 0.0669244 0.0618767 0.0561208 0.0499426 0.0435476 0.0370973 0.030747 0.024668 0.0190451 0.014056 0.00984332 0.00648784 0.0039906
 0.0090138 0.0144965 0.0215426 0.0299911 0.0394989 0.0494211 0.0587655 0.0664063 0.0714868 0.0737024 0.0732719 0.0706998 0.0665529 0.0613461 0.0554998 0.0493251 0.0430292 0.0367474 0.0305883 0.0246727 0.0191518 0.0141977 0.00997057 0.0065782 0.00404363
 0.00893965 0.0144365 0.0215623 0.0301831 0.0399519 0.0501742 0.0597727 0.0675378 0.0725689 0.0745729 0.0738205 0.0708791 0.0663683 0.0608412 0.0547478 0.0484228 0.0420879 0.0358753 0.0298682 0.0241447 0.0188103 0.0140037 0.00987335 0.00653368 0.00402318
 0.00826636 0.0134547 0.0202982 0.0287448 0.0385132 0.0489386 0.0589331 0.067239 0.0728714 0.0754273 0.0750699 0.072301 0.0677396 0.061994 0.0555953 0.0489555 0.0423539 0.0359558 0.0298523 0.024107 0.0187956 0.0140243 0.00991847 0.00658485 0.00406609
#obs surv len freq
 nan nan nan nan nan nan nan nan nan nan nan nan nan nan nan nan nan nan nan nan nan nan nan nan nan
 0.00448413 0.00734504 0.0111743 0.0159897 0.0216892 0.0279635 0.0342765 0.0400072 0.0446869 0.0481515 0.0505108 0.0520082 0.0529021 0.0534159 0.0537314 0.0539873 0.0542665 0.0545597 0.0546987 0.0542907 0.0527287 0.0493606 0.0438099 0.0362893 0.0276722
 0.00461302 0.00755725 0.0114983 0.0164524 0.0223095 0.0287416 0.0351841 0.0409848 0.0456523 0.0490168 0.0511988 0.0524642 0.0530987 0.0533531 0.0534316 0.0534878 0.0536108 0.0537903 0.0538546 0.0534086 0.0518472 0.0485227 0.0430603 0.0356657 0.0271956
 0.00478398 0.00783448 0.0119144 0.0170376 0.0230863 0.029716 0.0363355 0.04226 0.0469699 0.0502782 0.0523029 0.0533202 0.0536366 0.053532 0.0532432 0.0529543 0.0527778 0.0527175 0.0526082 0.0520589 0.0504692 0.0471966 0.0418657 0.0346685 0.026432
 0.00497146 0.00814401 0.0123889 0.0177195 0.0240089 0.0308894 0.0377332 0.043815 0.0485848 0.0518436 0.0537132 0.054481 0.0544677 0.0539694 0.0532454 0.0525081 0.0519018 0.0514609 0.0510468 0.0502902 0.048609 0.0453726 0.0402039 0.0332721 0.025359
 0.00517752 0.00848045 0.0128983 0.0184434 0.024981 0.0321243 0.0392133 0.0454839 0.0503522 0.0535995 0.0553437 0.0558798 0.0555421 0.0546433 0.0534605 0.0522268 0.0511124 0.0501845 0.0493437 0.0482634 0.0464011 0.0431544 0.0381505 0.031529 0.0240111
 0.00540528 0.00885251 0.0134615 0.0192428 0.0260509 0.0334757 0.0408199 0.0472783 0.0522354 0.05546 0.0570732 0.0573808 0.0567285 0.0554394 0.0538013 0.05206 0.0504043 0.0489296 0.047578 0.0460773 0.0439452 0.0406281 0.0357708 0.0294842 0.0224168
 0.00563237 0.00922769 0.0140373 0.0200718 0.0271755 0.0349114 0.0425388 0.0492037 0.0542534 0.0574428 0.0589004 0.0589513 0.0579616 0.0562709 0.0541772 0.0519332 0.0497353 0.0476968 0.0457952 0.0438156 0.0413475 0.0379044 0.0331647 0.0272175 0.0206336
 0.00588536 0.00963853 0.0146552 0.0209429 0.0283358 0.0363737 0.0442786 0.0511522 0.0563048 0.0594714 0.0607806 0.060571 0.0592299 0.0571196 0.0545566 0.0518055 0.0490695 0.0464719 0.0440162 0.041538 0.0387006 0.0350944 0.0304442 0.0248269 0.0187368
 0.00612764 0.010038 0.0152664 0.0218198 0.0295198 0.0378769 0.0460668 0.0531408 0.0583734 0.0614888 0.0626265 0.0621456 0.0604539 0.057931 0.054908 0.0516602 0.0483995 0.0452595 0.0422653 0.0392969 0.0360866 0.0323018 0.0277207 0.0224157 0.0168107
 0.0063677 0.0104312 0.015864 0.0226716 0.0306656 0.0393313 0.0478034 0.0550849 0.0604107 0.0634865 0.0644547 0.0636938 0.0616379 0.0586928 0.0552102 0.0514782 0.0477153 0.0440618 0.0405604 0.0371296 0.033564 0.0296044 0.025082 0.02007 0.0149283
 0.0066111 0.010831 0.0164729 0.023541 0.0318346 0.0408102 0.0495576 0.0570301 0.0624253 0.0654359 0.0662135 0.065158 0.062729 0.059357 0.0554155 0.0512087 0.0469651 0.0428321 0.0388665 0.035018 0.0311352 0.0270238 0.0225645 0.0178327 0.0131307
 0.0068555 0.0112282 0.0170706 0.0243834 0.0329544 0.0422152 0.0512163 0.058866 0.0643264 0.0672745 0.0678674 0.0665245 0.0637311 0.0599437 0.0555592 0.050899 0.0462028 0.041627 0.0372416 0.0330236 0.0288665 0.0246316 0.0202415 0.015773 0.0114769
 0.00707203 0.011588 0.0176261 0.0251869 0.0340461 0.0436045 0.0528645 0.0606825 0.0661843 0.0690384 0.0694172 0.0677674 0.0646033 0.0604073 0.055597 0.0505097 0.045396 0.040421 0.0356667 0.0311332 0.0267517 0.0224289 0.0181211 0.013904 0.00998185
 0.00728274 0.0119324 0.0181479 0.0259283 0.0350401 0.0448617 0.0543591 0.0623451 0.0679088 0.070699 0.0708903 0.0689484 0.0654174 0.060813 0.0555822 0.0500838 0.0445808 0.0392462 0.0341711 0.029374 0.0248158 0.020439 0.0162251 0.0122455 0.00866235
 0.0074178 0.0121598 0.0185047 0.0264541 0.0357689 0.0458095 0.055511 0.0636509 0.0692906 0.0720654 0.0721492 0.0700155 0.0662204 0.0612958 0.0557098 0.0498435 0.0439803 0.0383098 0.0329383 0.0279024 0.0231882 0.0187653 0.0146331 0.0108562 0.00755956
 0.00750355 0.0122957 0.0187039 0.026729 0.0361324 0.0462753 0.0560906 0.0643486 0.0700964 0.0729508 0.0730666 0.0709018 0.067005 0.0619093 0.0560917 0.0499482 0.0437819 0.0378044 0.032146 0.026869 0.0219865 0.0174934 0.013403 0.00977226 0.00669433
 0.00759198 0.0124332 0.0188988 0.0269849 0.0364475 0.0466426 0.0564991 0.0647853 0.0705507 0.0734184 0.0735472 0.0713918 0.0674881 0.0623516 0.0564437 0.0501544 0.0437918 0.0375834 0.0316842 0.0261866 0.0211359 0.0165547 0.0124718 0.00893912 0.00602314
 0.00765163 0.0125266 0.0190327 0.0271628 0.0366687 0.0469013 0.0567837 0.0650796 0.0708385 0.0736888 0.0737991 0.0716327 0.0677279 0.0625927 0.0566733 0.0503412 0.0438909 0.037548 0.0314796 0.0258034 0.0205978 0.0159171 0.01181 0.00832939 0.00552253
 0.00770665 0.0126091 0.0191438 0.0272993 0.0368242 0.0470683 0.0569551 0.0652492 0.0710007 0.0738394 0.0739364 0.0717585 0.0678473 0.062712 0.0567946 0.0504566 0.0439789 0.0375752 0.0314101 0.0256127 0.0202854 0.0155115 0.0113632 0.00790087 0.00516085
 0.00778083 0.0127235 0.0193043 0.0275058 0.0370699 0.0473391 0.0572294 0.0655006 0.0712042 0.0739786 0.074008 0.0717716 0.0678184 0.0626597 0.0567345 0.0503978 0.0439202 0.0375036 0.0313038 0.0254493 0.0200538 0.0152204 0.0110415 0.00758816 0.00489308
 0.00780781 0.0127677 0.0193712 0.0276004 0.0371952 0.0474936 0.0574054 0.0656839 0.0713766 0.0741224 0.0741103 0.0718271 0.0678303 0.0626374 0.0566906 0.0503439 0.0438627 0.0374411 0.0312264 0.0253432 0.0199081 0.0150354 0.0108318 0.00737855 0.00470891
 0.00782884 0.0127955 0.0194015 0.0276262 0.0372096 0.0474944 0.0573979 0.0656797 0.0713887 0.0741591 0.0741713 0.0719042 0.0679111 0.0627102 0.0567482 0.050384 0.0438863 0.0374486 0.0312153 0.0253075 0.0198417 0.0149378 0.0107109 0.00725035 0.0045912
 0.00787774 0.0128703 0.0195049 0.0277561 0.0373586 0.0476493 0.0575405 0.0657908 0.0714538 0.0741746 0.0741459 0.0718542 0.0678524 0.0626529 0.0566948 0.0503326 0.0438337 0.0373924 0.0311536 0.0252376 0.019761 0.0148457 0.0106114 0.00715171 0.0045035
 0.00787862 0.0128738 0.019514 0.0277748 0.0373904 0.0476956 0.057599 0.0658545 0.0715129 0.074219 0.074169 0.0718557 0.067838 0.0626319 0.0566757 0.0503196 0.043826 0.0373856 0.0311421 0.0252167 0.0197278 0.0148 0.0105563 0.00709342 0.00444941
 0.00788036 0.0128711 0.0194999 0.0277405 0.037329 0.0476066 0.0574921 0.0657482 0.0714283 0.074172 0.0741648 0.0718888 0.0678971 0.062705 0.0567542 0.0503983 0.0439019 0.0374554 0.0312016 0.0252611 0.0197537 0.0148066 0.0105464 0.00707264 0.00442452
 0.00790873 0.0129097 0.019544 0.0277801 0.0373507 0.0475974 0.0574432 0.0656587 0.0713071 0.0740372 0.0740402 0.0717967 0.0678514 0.0627077 0.0567968 0.0504672 0.0439833 0.0375383 0.0312776 0.0253244 0.0198002 0.0148348 0.0105577 0.00707115 0.00441571
 0.00789611 0.0128939 0.0195285 0.02777 0.0373499 0.047605 0.0574513 0.0656539 0.071276 0.0739737 0.0739494 0.0716949 0.0677607 0.062648 0.0567799 0.0504936 0.0440439 0.0376191 0.0313642 0.0254048 0.0198664 0.014883 0.0105878 0.007086 0.00442003
 0.00788306 0.0128683 0.0194824 0.0276949 0.0372405 0.0474643 0.0572932 0.0655009 0.0711508 0.0738899 0.0739077 0.0716869 0.0677766 0.0626831 0.0568353 0.0505727 0.044147 0.0377406 0.0314934 0.0255291 0.019975 0.0149689 0.010649 0.00712483 0.00444156
 0.00786526 0.0128391 0.0194376 0.0276299 0.0371507 0.0473462 0.0571468 0.0653322 0.0709738 0.0737255 0.073779 0.0716116 0.0677619 0.0627244 0.0569209 0.0506894 0.0442842 0.0378899 0.0316463 0.0256762 0.0201065 0.0150771 0.0107303 0.00718013 0.00447532
 0.00785118 0.012814 0.0193958 0.0275651 0.0370574 0.0472223 0.0569959 0.0651636 0.0708008 0.0735627 0.0736407 0.0715115 0.0677112 0.0627302 0.0569829 0.0507999 0.04443 0.0380558 0.0318182 0.0258418 0.0202553 0.0152015 0.0108261 0.00724765 0.00451843
 0.00781714 0.0127572 0.019308 0.0274381 0.0368853 0.0470051 0.0567426 0.064893 0.0705384 0.0733351 0.0734702 0.0714127 0.0676904 0.0627859 0.0571078 0.050982 0.0446534 0.0383024 0.0320692 0.0260797 0.0204664 0.0153763 0.0109605 0.00734296 0.00458027
 0.00779028 0.0127126 0.019239 0.0273377 0.0367478 0.0468279 0.0565289 0.0646532 0.0702897 0.0730991 0.0732697 0.0712681 0.0676165 0.0627901 0.0571889 0.0511311 0.0448559 0.0385399 0.0323214 0.0263268 0.020691 0.0155659 0.0111086 0.00744946 0.00465034
 0.00775254 0.01265 0.0191427 0.0271992 0.0365611 0.046593 0.0562547 0.0643583 0.0699988 0.0728382 0.0730611 0.0711284 0.0675562 0.0628133 0.0572937 0.051309 0.0450927 0.0388165 0.0326159 0.0266169 0.0209565 0.0157916 0.0112862 0.00757801 0.00473554
 0.00774124 0.012628 0.0191026 0.0271318 0.0364567 0.0464453 0.0560635 0.0641316 0.069752 0.0725916 0.0728371 0.0709478 0.0674359 0.0627647 0.0573212 0.0514105 0.0452597 0.0390344 0.0328655 0.0268761 0.0212036 0.0160083 0.0114611 0.00770727 0.00482266
 0.00933399 0.014861 0.0218048 0.0299234 0.0388592 0.0480567 0.0566979 0.0638462 0.0687683 0.0711801 0.0712323 0.0693172 0.0658854 0.0613565 0.0560896 0.0503712 0.0444149 0.038376 0.0323766 0.0265332 0.0209788 0.0158723 0.0113863 0.00767076 0.00480741
 0.00931334 0.0151225 0.0227189 0.0319499 0.0423485 0.0529798 0.0624746 0.0694384 0.073048 0.0733715 0.0711668 0.0673781 0.0627384 0.0576642 0.0523472 0.0468772 0.0413177 0.0357328 0.0301953 0.0247948 0.0196467 0.0148973 0.0107097 0.00722939 0.00453897
 0.00897299 0.0145875 0.0219693 0.0310367 0.0414465 0.0524239 0.0627198 0.0708977 0.0758455 0.0771588 0.0751648 0.0706711 0.0646546 0.0580076 0.0513698 0.0450681 0.0391716 0.0336153 0.0283166 0.0232444 0.0184395 0.0140075 0.0100909 0.00682574 0.00429388
 0.00878842 0.0142759 0.0214802 0.0303196 0.0404711 0.0512147 0.0613997 0.0697153 0.0751525 0.0773128 0.0763707 0.0728347 0.0673503 0.0606164 0.0533274 0.0460786 0.0392667 0.0330557 0.0274313 0.0223048 0.0176112 0.0133598 0.00962915 0.00652265 0.00411038
 0.0086936 0.0141186 0.0212365 0.0299628 0.0399739 0.050556 0.0605774 0.068764 0.0741636 0.0764478 0.0758492 0.0728787 0.0680878 0.0619875 0.0550624 0.0477845 0.0405857 0.0338012 0.0276246 0.0221106 0.0172329 0.0129588 0.00929574 0.0062853 0.00396074
 0.0086719 0.0140772 0.0211625 0.029839 0.0397814 0.0502781 0.0602033 0.0682924 0.0736062 0.0758359 0.0752463 0.0723891 0.0678463 0.0621184 0.0556149 0.0486824 0.0416338 0.034759 0.0283063 0.0224517 0.0172863 0.0128394 0.00911657 0.00612059 0.00384106
 0.00867572 0.0140809 0.021163 0.0298307 0.0397552 0.0502222 0.0601036 0.0681348 0.0733792 0.0755362 0.0748838 0.0719944 0.0674761 0.0618532 0.055541 0.048856 0.042044 0.0353158 0.0288718 0.0228988 0.0175502 0.0129298 0.0090915 0.00604657 0.00376546
 0.00867412 0.01408 0.0211644 0.0298364 0.0397665 0.0502369 0.0601154 0.068132 0.0733472 0.0754595 0.0747514 0.0718041 0.0672405 0.0616042 0.0553292 0.0487398 0.0420677 0.0354855 0.0291445 0.0231979 0.0177996 0.0130863 0.00915481 0.00604578 0.00373616
 0.00866415 0.0140653 0.0211454 0.0298147 0.0397448 0.0502188 0.0601039 0.0681289 0.0733505 0.0754627 0.0747431 0.071771 0.0671724 0.0615003 0.0552033 0.048621 0.0419932 0.0354855 0.0292265 0.0233396 0.0179587 0.0132206 0.00924078 0.00608352 0.0037411
 0.00866302 0.0140643 0.0211455 0.0298171 0.039751 0.0502298 0.0601199 0.0681488 0.0733723 0.0754834 0.0747582 0.0717744 0.0671567 0.0614592 0.0551356 0.0485346 0.041906 0.0354211 0.0292042 0.0233646 0.0180186 0.0132919 0.00930112 0.00612143 0.00375726
 0.00863686 0.0140243 0.0210901 0.0297471 0.0396695 0.0501427 0.0600356 0.0680773 0.0733234 0.0754638 0.0747695 0.0718122 0.0672121 0.0615203 0.0551907 0.0485756 0.0419319 0.0354387 0.029225 0.0233984 0.0180673 0.0133487 0.00935456 0.00616218 0.0037822
 0.0086383 0.0140232 0.0210822 0.0297267 0.0396313 0.0500843 0.05996 0.0679934 0.0732431 0.0753992 0.0747294 0.0718008 0.0672281 0.0615581 0.0552413 0.0486293 0.0419809 0.0354797 0.0292597 0.0234316 0.0181031 0.0133871 0.00939183 0.00619323 0.00380396
 0.00862917 0.0140119 0.0210714 0.0297201 0.039632 0.0500919 0.0599692 0.0679953 0.0732298 0.0753679 0.0746847 0.0717526 0.0671879 0.0615341 0.0552363 0.0486409 0.0420032 0.0355064 0.0292866 0.0234575 0.0181285 0.0134125 0.00941608 0.00621424 0.00381984
 0.00860013 0.0139669 0.021008 0.0296387 0.0395361 0.049989 0.0598706 0.0679137 0.0731757 0.0753449 0.0746894 0.0717773 0.067225 0.0615797 0.0552896 0.048702 0.0420705 0.0355764 0.0293546 0.0235195 0.0181823 0.0134573 0.00945203 0.00624155 0.00383906
 0.00860729 0.013974 0.0210105 0.0296296 0.0395082 0.0499382 0.0597985 0.0678285 0.0730899 0.0752719 0.0746394 0.0717544 0.0672276 0.061602 0.055325 0.0487453 0.0421188 0.0356276 0.0294065 0.0235695 0.0182276 0.013496 0.00948314 0.00626496 0.00385541
 0.00860729 0.013974 0.0210105 0.0296296 0.0395082 0.0499382 0.0597985 0.0678285 0.0730899 0.0752719 0.0746394 0.0717544 0.0672276 0.061602 0.055325 0.0487453 0.0421188 0.0356276 0.0294065 0.0235695 0.0182276 0.013496 0.00948314 0.00626496 0.00385541
 0.0088194 0.0143118 0.0215037 0.0302955 0.0403414 0.050899 0.0608044 0.0687615 0.0738227 0.0757041 0.0747246 0.0715073 0.0667093 0.0608983 0.0545248 0.0479261 0.0413399 0.0349288 0.0288105 0.0230846 0.0178518 0.0132194 0.00929108 0.00614007 0.00377999
 0.00859326 0.0139765 0.021061 0.0297727 0.0397896 0.0503858 0.0604044 0.0685426 0.073828 0.0759351 0.0751358 0.0720188 0.0672334 0.0613642 0.0548933 0.0481892 0.0415112 0.035032 0.0288694 0.0231183 0.0178726 0.0132342 0.00930256 0.00614912 0.00378674
 0.00857612 0.0139189 0.0209213 0.0294991 0.0393404 0.0497575 0.0596532 0.0677812 0.0731947 0.0755482 0.075057 0.0722407 0.0676898 0.0619567 0.0555203 0.0487699 0.0419981 0.0354101 0.029147 0.0233148 0.0180089 0.0133276 0.00936561 0.00619048 0.00381263
 0.00869053 0.0141012 0.0211854 0.0298474 0.0397532 0.0501836 0.0600101 0.0679743 0.0731547 0.0752681 0.0746041 0.0717308 0.0672398 0.0616414 0.0553555 0.0487236 0.0420167 0.0354446 0.0291675 0.0233122 0.0179884 0.0132995 0.00933874 0.00616966 0.00379885
 0.00910128 0.0147648 0.0221731 0.0312126 0.0415085 0.05227 0.0622706 0.0701572 0.0749606 0.0764278 0.0749531 0.0712514 0.066057 0.0599784 0.0534669 0.0468314 0.0402727 0.0339255 0.0278947 0.0222782 0.0171749 0.0126847 0.00889781 0.00587309 0.0036138
 0.00912441 0.014845 0.0223731 0.0316183 0.0422094 0.0533252 0.0636751 0.0718242 0.0767271 0.0780808 0.0762678 0.0720365 0.066199 0.0594724 0.0524181 0.0454234 0.0387141 0.0323983 0.0265241 0.0211279 0.0162616 0.0119962 0.00840639 0.00554356 0.00340819
 0.0088552 0.0144115 0.0217341 0.030754 0.0411441 0.0521534 0.062573 0.0710249 0.0764524 0.0784568 0.0772683 0.0734842 0.0678219 0.0609858 0.0536019 0.0461685 0.0390283 0.0323754 0.0262943 0.0208124 0.0159468 0.011729 0.00820321 0.00540237 0.00331805
 0.0088968 0.014439 0.0217009 0.0305914 0.0407789 0.0515384 0.0617185 0.070016 0.0754443 0.0776448 0.0768384 0.0735553 0.0683999 0.0619533 0.0547527 0.0472759 0.0399153 0.0329573 0.0265804 0.0208747 0.0158777 0.0116083 0.00808284 0.0053067 0.00325249
 0.00858404 0.0139478 0.0209937 0.0296449 0.039588 0.050123 0.0601341 0.0683622 0.0738634 0.0763085 0.0759243 0.0732152 0.0687228 0.0629314 0.0562667 0.0491131 0.0418213 0.0347026 0.0280129 0.0219398 0.016602 0.0120633 0.00834991 0.00545463 0.00333029
 0.00874996 0.0141714 0.0212441 0.0298623 0.0396968 0.0500536 0.059842 0.0678361 0.0731232 0.0754024 0.0749308 0.072246 0.0679156 0.0624245 0.0561589 0.0494252 0.0424808 0.0355635 0.0289056 0.0227246 0.0172023 0.0124684 0.00859301 0.00558532 0.00339362
 0.00877492 0.0142386 0.0213911 0.0301316 0.0401136 0.0505973 0.0604282 0.0683282 0.0733763 0.0753167 0.0744866 0.0715062 0.0670031 0.0614917 0.0553574 0.0488763 0.0422473 0.0356334 0.0291986 0.0231242 0.0175985 0.0127892 0.00881359 0.00571622 0.00346116
 0.0088074 0.0142927 0.0214767 0.0302624 0.0403092 0.0508805 0.0608167 0.0688176 0.0739217 0.0758268 0.0748408 0.0715946 0.0667714 0.0609672 0.0546429 0.0481166 0.0415843 0.0351658 0.0289592 0.023082 0.0176824 0.012922 0.00893838 0.00580635 0.00351441
 0.00902068 0.0146375 0.0219901 0.0309725 0.0412236 0.0519722 0.0620134 0.0700074 0.0749769 0.0766338 0.0753185 0.0716961 0.0664792 0.0602956 0.053649 0.0469062 0.0402995 0.0339545 0.0279384 0.0223114 0.0171606 0.0126034 0.0087605 0.00571292 0.00346623
 0.00893177 0.0145233 0.0218752 0.0309014 0.041252 0.0521511 0.0623725 0.0705446 0.0756549 0.0773842 0.0760533 0.0723218 0.0669132 0.060479 0.053556 0.0465505 0.0397372 0.0332767 0.0272508 0.0217058 0.0166922 0.0122835 0.0085667 0.00560788 0.00341445
#pred catch len freq
 0.00492427 0.00773577 0.0111733 0.015108 0.0194566 0.0241737 0.0291764 0.0342961 0.0393065 0.0439861 0.0481588 0.0517072 0.0545763 0.056766 0.0583075 0.0592347 0.059566 0.0592923 0.0583477 0.0565615 0.0536309 0.0491937 0.04304 0.0353712 0.0269096
 0.00513137 0.00798946 0.0114058 0.0152155 0.0193405 0.0237985 0.0286069 0.0336818 0.038813 0.0437137 0.0480979 0.0517554 0.0546023 0.0566816 0.0581122 0.0590167 0.05946 0.0594118 0.0587241 0.0571197 0.0542194 0.0496545 0.0432789 0.0353889 0.0267799
 0.00543571 0.00845555 0.012048 0.0160129 0.0202255 0.0246515 0.0292698 0.0340007 0.0387049 0.0432181 0.0473694 0.0509893 0.0539388 0.056155 0.0576754 0.0586122 0.0590805 0.0591082 0.0585613 0.0571187 0.0543295 0.049777 0.0433231 0.0353185 0.0266205
