SBPRF35
12.7214
Curr Bio
883734
B35
885320
F35
0.171209
FOFL
0.16982
OFL
122246
Bzero
3.63469e+06
#pred survey bio
 3.68723e+06 3.55083e+06 3.43099e+06 3.26412e+06 3.03867e+06 2.81025e+06 2.56792e+06 2.31723e+06 2.08551e+06 1.84479e+06 1.63545e+06 1.47689e+06 1.28987e+06 1.11622e+06 1.00323e+06 882988 790411 714345 661987 626853 608760 585720 569002 548978 543253 546010 544252 540849 536798 543545 549143 561322 573519 584029 597294 621578 627979 651358 665688 677516 683503 679970 670977 670008 674998 684632 676327 682907 692065 698974 692801 730671 762922 796280 835518 854449 860508 840551 831143 832723 837785 819802 826198 856443 893491 901817 908981 890115 3.09681e+07 1.84941e+07 1.87375e+07 1.95172e+07 2.06413e+07 2.18962e+07 2.31235e+07 2.42295e+07 2.51732e+07 2.59485e+07 2.6569e+07 2.70566e+07 2.7435e+07 2.77265e+07 2.79499e+07 2.81208e+07 2.82516e+07 2.83519e+07 2.84291e+07 2.84886e+07 2.85347e+07 2.85706e+07 2.85987e+07 2.86207e+07 2.86381e+07 2.86519e+07 2.86628e+07 2.86715e+07 2.86785e+07 2.8684e+07 2.86885e+07 2.86921e+07 2.86951e+07 2.86974e+07 2.86994e+07 2.87009e+07 2.87022e+07 2.87032e+07 2.87041e+07 2.87048e+07 2.87053e+07 2.87058e+07 2.87062e+07 2.87065e+07 2.87067e+07 2.87069e+07 2.87071e+07 2.87072e+07 2.87073e+07 2.87074e+07 2.87075e+07 2.87076e+07 2.87076e+07 2.87076e+07 2.87077e+07 2.87077e+07 2.87077e+07 2.87077e+07 2.87078e+07 2.87078e+07 2.87078e+07 2.87078e+07 2.87078e+07 2.87078e+07 2.87078e+07 2.87078e+07 2.87078e+07 2.87078e+07 2.87078e+07 2.87078e+07 2.87078e+07 2.87078e+07 2.87078e+07 2.87078e+07 2.87078e+07 2.87078e+07 2.87078e+07 2.87078e+07 2.87078e+07 2.87078e+07 2.87078e+07 2.87078e+07 2.87078e+07 2.87078e+07 2.87078e+07 2.87078e+07 2.87078e+07 2.87078e+07 2.87078e+07 2.87078e+07 2.87078e+07 2.87078e+07 2.87078e+07 2.87078e+07 2.87078e+07 2.87078e+07 2.87078e+07 2.87078e+07 2.87078e+07 2.87078e+07 0 0 0 0 0 0 0 0 0 0 0 0 0 0 0 0 0 0 0 0 0 0 0 0 0
#obs survey bio
 3.78886e+06 4.02415e+06 4.00973e+06 4.20744e+06 1.96888e+06 3.34761e+06 2.22238e+06 2.68556e+06 1.53692e+06 1.83233e+06 1.1326e+06 1.35666e+06 933022 949255 1.12119e+06 780961 567952 934964 501251 513976 750734 646818 568713 536218 549498 539558 633403 429378 535105 705227 436898 645021 585353 689828 624300 488436 613400 600207 1.07503e+06 724620 789151 793587 517302 444694 636399 675888 660740 473574 766696 930578 822146 600423 783706 758644 983480 809284 978932 853219 649007 963091 675943 745478 803780 858602 971512 1.00727e+06 939145 1.07862e+06
#pred catch bio
 96727.3 92103.2 148325 217188 237560 269161 295619 296011 319698 304114 268735 300119 289649 236424 241068 212933 193735 168115 148910 131324 132919 125014 125260 111236 103405 106495 106659 105817 95878 96667.6 91776.7 93177.3 95780 94602.3 87225.2 103944 90633.9 99409.7 101675 106456 113990 118040 111599 107905 105387 120815 107896 106403 108727 119354 82672 89651.1 89957.6 86098.4 103713 113961 135411 126068 117455 114884 133594 111522 91675.1 87164.6 112413 113277 135168 122427 122246 122282 122680 126673 133415 141124 148628 155293 160862 165317 168770 171381 173319 174737 175762 176497 177020 177390 177651 177833 177961 178050 178112 178155 178185 178206 178220 178230 178237 178242 178245 178247 178249 178250 178250 178251 178251 178252 178252 178252 178252 178252 178252 178252 178252 178252 178252 178252 178252 178252 178252 178252 178252 178252 178252 178252 178252 178252 178252 178252 178252 178252 178252 178252 178252 178252 178252 178252 178252 178252 178252 178252 178252 178252 178252 178252 178252 178252 178252 178252 178252 178252 178252 178252 178252 178252 178252 178252 178252 178252 178252 178252 178252 178252 178252 178252 178252 178252 178252 178252 0 0 0 0 0 0 0 0 0 0 0 0 0 0 0 0 0 0 0 0 0 0 0 0 0
#obs catch bio
 0 91698.5 148238 216925 237184 268729 296004 295922 320688 306567 270324 302618 293492 238249 243410 214964 195701 169414 150084 131784 133122 125466 126160 111716 103910 106609 106822 106276 95912.8 96481.4 91393.4 93224.1 95792.4 94572.8 86923.7 104290 90727.1 99492.4 101189 105832 113086 116964 111268 108313 105561 121293 107943 106736 108683 119446 82310.1 89731.6 90079.1 86103.2 103750 113409 134745 125739 117487 114468 133818 111730 91842.3 86958.6 112628 113151 135515 122343
#pred cpue bio
 3.64649e+06 3.51141e+06 3.39141e+06 3.22437e+06 2.99932e+06 2.77099e+06 2.5289e+06 2.27869e+06 2.04746e+06 1.80751e+06 1.59899e+06 1.44108e+06 1.25555e+06 1.08359e+06 971683 853078 762039 687590 636689 602651 585176 562743 546475 527061 521607 524517 523014 519877 516100 522929 528558 540354 552203 562508 575515 599270 605510 628550 642837 654639 660599 657110 648067 646763 651457 660943 652917 659402 668414 675318 669345 706678 738691 771742 810576 829478 835436 815416 805694 807173 812491 795049 801415 831437 868175 876369 883238 864546 3.00776e+07 1.79594e+07 1.80823e+07 1.87528e+07 1.98476e+07 2.10971e+07 2.23236e+07 2.34295e+07 2.43731e+07 2.51484e+07 2.57689e+07 2.62565e+07 2.6635e+07 2.69264e+07 2.71498e+07 2.73207e+07 2.74516e+07 2.75519e+07 2.7629e+07 2.76885e+07 2.77346e+07 2.77705e+07 2.77986e+07 2.78207e+07 2.7838e+07 2.78518e+07 2.78627e+07 2.78714e+07 2.78784e+07 2.7884e+07 2.78885e+07 2.78921e+07 2.7895e+07 2.78974e+07 2.78993e+07 2.79009e+07 2.79021e+07 2.79032e+07 2.7904e+07 2.79047e+07 2.79053e+07 2.79057e+07 2.79061e+07 2.79064e+07 2.79066e+07 2.79069e+07 2.7907e+07 2.79072e+07 2.79073e+07 2.79074e+07 2.79074e+07 2.79075e+07 2.79075e+07 2.79076e+07 2.79076e+07 2.79076e+07 2.79077e+07 2.79077e+07 2.79077e+07 2.79077e+07 2.79077e+07 2.79077e+07 2.79077e+07 2.79077e+07 2.79077e+07 2.79078e+07 2.79078e+07 2.79078e+07 2.79078e+07 2.79078e+07 2.79078e+07 2.79078e+07 2.79078e+07 2.79078e+07 2.79078e+07 2.79078e+07 2.79078e+07 2.79078e+07 2.79078e+07 2.79078e+07 2.79078e+07 2.79078e+07 2.79078e+07 2.79078e+07 2.79078e+07 2.79078e+07 2.79078e+07 2.79078e+07 2.79078e+07 2.79078e+07 2.79078e+07 2.79078e+07 2.79078e+07 2.79078e+07 2.79078e+07 2.79078e+07 2.79078e+07 2.79078e+07 2.79078e+07 2.79078e+07 0 0 0 0 0 0 0 0 0 0 0 0 0 0 0 0 0 0 0 0 0 0 0 0 0
#obs cpue bio
 3.09878e+06 3.92819e+06 3.50853e+06 3.44099e+06 2.96053e+06 2.45397e+06 2.10774e+06 2.03399e+06 2.3158e+06 1.11764e+06 2.02036e+06 1.63765e+06 1.19645e+06 1.20589e+06 849907 790506 917493 497792 726604 786495 565604 403940 449017 531013 437398 702695 424750 544596 587068 528189 771464 343234 575465 507154 601841 614888 510842 844687 636998 714846 750546 703377 540947 563723 714599 706784 689506 757327 781867 639335 535015 734318 658493 714884 892589 1.33994e+06 911827 612581 787200 947318 869990 682991 665282 1.16751e+06 781452 775691 828934 741480
#pred surv len freq
 0.00419525 0.00690329 0.0105622 0.0152115 0.0207712 0.0269526 0.0332393 0.039026 0.043849 0.0475313 0.0501519 0.0519104 0.0530119 0.0536213 0.0538658 0.0538579 0.0537204 0.0535819 0.0535053 0.0533468 0.0526267 0.0505715 0.0464258 0.0399287 0.0316318
 0.00449875 0.00731299 0.0110267 0.015638 0.0210599 0.0270457 0.033154 0.0388443 0.0436694 0.0474149 0.0501011 0.0518908 0.0529981 0.0536312 0.0539604 0.0541066 0.0541492 0.0541337 0.0540345 0.0536595 0.0525574 0.05006 0.0455519 0.0388798 0.0306212
 0.00456441 0.00747877 0.0113785 0.0162739 0.0220443 0.0283496 0.0346216 0.0402257 0.0447157 0.0479829 0.0501973 0.0516339 0.0525389 0.0530922 0.0534238 0.0536301 0.0537736 0.0538635 0.0538119 0.0533648 0.0520544 0.049268 0.0445006 0.0377058 0.0295062
 0.00471561 0.00770437 0.0116859 0.0166712 0.0225554 0.0290267 0.035535 0.0414211 0.0461556 0.0495129 0.0515764 0.0526239 0.0530011 0.05303 0.0529537 0.052914 0.0529566 0.053038 0.0530027 0.0525328 0.0511255 0.0481868 0.0432815 0.0364461 0.0283472
 0.00495295 0.0080889 0.0122603 0.0174692 0.0235913 0.0302827 0.0369568 0.0429307 0.0476769 0.0509885 0.0529539 0.053823 0.0538974 0.0534846 0.0528752 0.0523064 0.0519168 0.0517079 0.0515087 0.0509497 0.0494801 0.0464945 0.0415896 0.0348498 0.0269643
 0.00517227 0.008451 0.0128157 0.0182688 0.0246761 0.0316673 0.038611 0.0447717 0.0495808 0.0528182 0.0545896 0.0551779 0.0549105 0.0541001 0.0530302 0.0519441 0.05102 0.0503224 0.0497367 0.0489174 0.0473092 0.044297 0.0394796 0.0329491 0.0253835
 0.00540044 0.00882559 0.0133867 0.0190867 0.0257835 0.0330854 0.0403236 0.0467165 0.0516532 0.0548862 0.0565127 0.0568251 0.0561748 0.0549049 0.0533246 0.0516937 0.0502046 0.0489483 0.0478547 0.0466321 0.0447715 0.0416867 0.0369849 0.0307423 0.0235912
 0.00566586 0.00925625 0.0140337 0.0199976 0.0269952 0.0346108 0.042138 0.0487511 0.053803 0.0570271 0.0585177 0.0585744 0.0575609 0.055837 0.0537319 0.0515268 0.0494352 0.0475726 0.0459054 0.0441954 0.0419983 0.0387854 0.0341926 0.0282785 0.0216091
 0.00592836 0.00968442 0.0146808 0.0209143 0.0282202 0.0361562 0.0439739 0.0508004 0.0559527 0.0591499 0.0604922 0.0602946 0.058937 0.056792 0.054199 0.0514484 0.0487662 0.0462891 0.0440198 0.0417764 0.0391882 0.0357995 0.0312898 0.0257057 0.019541
 0.0062002 0.0101361 0.0153785 0.0219252 0.0295978 0.0379182 0.0460796 0.0531444 0.0583813 0.0614936 0.0625968 0.0620393 0.0602388 0.0575996 0.0544813 0.0511822 0.0479293 0.0448643 0.0420121 0.0392405 0.0362539 0.0326785 0.0282489 0.023007 0.0173726
 0.00647466 0.0105782 0.016037 0.0228456 0.0308166 0.0394533 0.0479162 0.0552239 0.0606017 0.06372 0.0646798 0.0638355 0.0616284 0.0584986 0.0548414 0.050982 0.0471609 0.0435268 0.0401195 0.0368445 0.0334717 0.0297059 0.0253391 0.0204146 0.0152842
 0.00661317 0.0108197 0.0164309 0.0234478 0.0316785 0.0406029 0.0493414 0.0568694 0.0623809 0.065535 0.0664343 0.0654362 0.0629828 0.0595152 0.055438 0.0510939 0.0467462 0.0425666 0.0386222 0.0348585 0.0311044 0.027134 0.0227922 0.0181262 0.0134294
 0.00685382 0.0112172 0.0170408 0.0243262 0.0328706 0.0421248 0.051161 0.0588972 0.0644805 0.0675497 0.068217 0.0668735 0.0640045 0.0600897 0.0555575 0.0507577 0.0459517 0.0413114 0.0369168 0.0327462 0.0286825 0.024564 0.0202838 0.0158927 0.0116292
 0.00718063 0.011738 0.017805 0.025373 0.0342225 0.0437767 0.0530678 0.0609672 0.0665836 0.069537 0.0699444 0.0682203 0.064887 0.0604675 0.0554304 0.0501531 0.0449072 0.0398631 0.0351004 0.0306131 0.0263224 0.0221176 0.0179325 0.01382 0.0099696
 0.00728789 0.0119299 0.0181263 0.0258761 0.0349559 0.044767 0.0543027 0.0623918 0.0681121 0.0710717 0.0713897 0.0694876 0.0658944 0.0611429 0.0557187 0.0500239 0.0443564 0.0389094 0.0337809 0.0289857 0.0244754 0.0201767 0.0160522 0.012154 0.00863098
 0.00746688 0.0122262 0.0185825 0.0265357 0.0358555 0.0459221 0.0556922 0.06395 0.0697336 0.0726301 0.0727609 0.0705707 0.0666236 0.0614886 0.0556783 0.0496099 0.043589 0.0378149 0.0323966 0.0273675 0.0227055 0.0183673 0.0143353 0.0106562 0.00744101
 0.00755084 0.0123723 0.0188204 0.0269007 0.036382 0.046634 0.0565918 0.0650114 0.0709041 0.0738368 0.0739184 0.07159 0.0674227 0.0620027 0.0558682 0.0494629 0.0431138 0.0370355 0.0313496 0.0261054 0.0213027 0.0169217 0.0129593 0.00945525 0.0064876
 0.00760295 0.0124611 0.0189625 0.0271157 0.0366908 0.0470547 0.0571339 0.0656712 0.0716629 0.0746603 0.0747592 0.0723907 0.0681208 0.0625376 0.0561874 0.0495289 0.042908 0.0365601 0.0306273 0.0251797 0.020239 0.0158054 0.0118864 0.00851426 0.00573905
 0.00770063 0.0125946 0.0191173 0.0272649 0.0368062 0.0471223 0.0571664 0.0657077 0.0717557 0.0748558 0.0750817 0.0728339 0.0686484 0.0630896 0.0566915 0.0499127 0.043111 0.0365432 0.0303787 0.0247178 0.0196114 0.0150836 0.0111542 0.00785064 0.0052002
 0.00780698 0.0127529 0.019327 0.0275126 0.0370648 0.0473541 0.0573295 0.0657684 0.0717044 0.0747197 0.074923 0.0727291 0.0686589 0.0632374 0.0569517 0.0502235 0.0433935 0.0367227 0.0304023 0.024565 0.019298 0.0146567 0.0106802 0.00739757 0.00481998
 0.00785187 0.012818 0.0194101 0.0276057 0.0371554 0.047427 0.0573692 0.0657607 0.0716396 0.0745981 0.0747608 0.0725617 0.0685351 0.0632053 0.0570397 0.0504254 0.0436668 0.0370005 0.0306143 0.0246591 0.0192545 0.0144919 0.0104378 0.00713213 0.00457921
 0.00791733 0.0129281 0.0195816 0.0278537 0.0374866 0.0478308 0.0578107 0.0661832 0.0719776 0.0747963 0.0747896 0.0724248 0.0682675 0.0628648 0.056693 0.0501302 0.043455 0.0368694 0.0305318 0.02458 0.0191414 0.0143304 0.0102392 0.00692446 0.00439264
 0.00789708 0.0129032 0.0195595 0.027848 0.037515 0.0479116 0.057957 0.0663965 0.0722433 0.0750817 0.0750492 0.0726116 0.0683482 0.0628314 0.0565656 0.0499495 0.0432668 0.036708 0.0304087 0.0244844 0.0190511 0.0142268 0.0101178 0.00679538 0.00427281
 0.0079897 0.013036 0.0197269 0.0280346 0.0377016 0.0480838 0.0581116 0.0665409 0.0723884 0.0752327 0.0751986 0.0727385 0.0684238 0.0628294 0.0564729 0.0497735 0.0430342 0.0364551 0.030168 0.0242743 0.0188739 0.0140752 0.00998419 0.00667783 0.00417444
 0.00795936 0.0129916 0.0196687 0.0279645 0.037621 0.0479915 0.0580042 0.0664181 0.0722603 0.0751234 0.0751417 0.072763 0.0685389 0.0630169 0.0566931 0.0499811 0.0431952 0.0365562 0.0302149 0.0242823 0.0188579 0.0140449 0.00994506 0.00663433 0.00413193
 0.00790074 0.0128905 0.0195068 0.0277237 0.0372906 0.0475775 0.0575365 0.0659478 0.0718468 0.0748185 0.0749787 0.0727557 0.0686846 0.0632987 0.0570791 0.0504257 0.0436464 0.0369678 0.0305563 0.0245424 0.0190408 0.014163 0.0100131 0.0066667 0.00414159
 0.00786399 0.0128365 0.0194353 0.0276361 0.0371867 0.0474521 0.0573792 0.0657487 0.0716056 0.074552 0.0747207 0.0725484 0.0685662 0.0632922 0.057188 0.0506343 0.0439235 0.0372733 0.0308506 0.0247953 0.0192365 0.0142996 0.0100986 0.00671355 0.00416285
 0.00784352 0.012802 0.0193817 0.0275587 0.0370836 0.0473263 0.0572393 0.0656059 0.0714686 0.0744229 0.0745971 0.0724303 0.0684631 0.0632239 0.0571776 0.0506976 0.044061 0.0374685 0.0310752 0.0250173 0.0194299 0.0144495 0.0102022 0.00677721 0.00419718
 0.00783249 0.0127834 0.0193522 0.0275147 0.0370213 0.0472433 0.0571358 0.0654863 0.0713414 0.074299 0.0744867 0.07234 0.0683952 0.06318 0.0571621 0.0507187 0.0441271 0.0375814 0.0312258 0.0251868 0.0195952 0.0145913 0.0103098 0.00684967 0.00424034
 0.00781521 0.0127395 0.0192577 0.0273394 0.0367387 0.046845 0.0566435 0.0649519 0.0708346 0.0738873 0.0742182 0.0722356 0.0684495 0.0633675 0.0574467 0.0510636 0.0445018 0.0379637 0.0315989 0.0255352 0.0199036 0.0148464 0.0105046 0.00698548 0.00432623
 0.00794903 0.0129273 0.0194841 0.0275683 0.0369194 0.0469246 0.0565805 0.0647275 0.0704594 0.073404 0.0736954 0.071752 0.0680728 0.0631383 0.0573729 0.0511258 0.0446656 0.0381916 0.0318573 0.025797 0.0201475 0.0150566 0.0106713 0.00710626 0.00440554
 0.00789687 0.0128685 0.019442 0.0275758 0.0370046 0.0470896 0.0567885 0.0649077 0.0705337 0.0733197 0.0734479 0.0713857 0.0676638 0.062768 0.0571049 0.0509928 0.0446676 0.038304 0.0320432 0.0260178 0.0203703 0.0152571 0.010835 0.00722775 0.00448727
 0.00783502 0.0127675 0.0192911 0.0273704 0.0367531 0.0468207 0.0565506 0.0647557 0.0705027 0.0734029 0.073594 0.0715231 0.0677366 0.0627617 0.0570476 0.0509352 0.0446572 0.0383663 0.0321768 0.0262013 0.0205734 0.0154511 0.0109995 0.00735312 0.00457335
 0.00780781 0.0127214 0.019218 0.0272612 0.0365995 0.0466193 0.056308 0.0644935 0.0702576 0.0732188 0.0735068 0.0715435 0.0678425 0.0629081 0.0571894 0.0510491 0.0447478 0.0384562 0.0322881 0.026342 0.0207349 0.0156148 0.011146 0.00746961 0.004656
 0.00783182 0.0127462 0.0192293 0.0272368 0.0365156 0.0464592 0.0560707 0.064196 0.0699316 0.0729042 0.0732449 0.0713704 0.0677809 0.0629592 0.0573311 0.0512443 0.0449601 0.0386629 0.032483 0.026528 0.0209138 0.0157819 0.0112921 0.00758617 0.00473987
 0.00770809 0.0125626 0.0189848 0.0269405 0.0361811 0.0460987 0.055692 0.0638057 0.0695434 0.0725442 0.0729511 0.0711842 0.0677354 0.0630685 0.0575856 0.0516124 0.0453961 0.0391191 0.0329208 0.0269233 0.021255 0.0160647 0.0115158 0.0077525 0.00485434
 0.0076661 0.0125032 0.018912 0.0268645 0.036116 0.0460581 0.0556834 0.0638257 0.0695748 0.0725588 0.0729193 0.0710895 0.0675856 0.0628963 0.0574362 0.0515256 0.0453918 0.0391933 0.0330522 0.0270842 0.0214206 0.0162175 0.011645 0.0078535 0.00492679
 0.0075183 0.0122643 0.0185569 0.0263746 0.035489 0.0453187 0.0548915 0.0630723 0.0689608 0.0721651 0.0727825 0.0711956 0.0678826 0.0633178 0.0579242 0.0520423 0.0459183 0.0397191 0.0335649 0.0275655 0.0218496 0.0165771 0.0119266 0.00805824 0.00506426
 0.00744968 0.0121536 0.0183913 0.0261417 0.0351778 0.0449227 0.0544143 0.062534 0.0684018 0.0716442 0.0723668 0.0709438 0.0678275 0.0634568 0.0582232 0.0524505 0.0463856 0.0402065 0.0340452 0.0280183 0.0222569 0.0169234 0.0122019 0.008261 0.00520153
 0.00743301 0.0121196 0.0183273 0.0260317 0.0350057 0.0446781 0.0540974 0.0621567 0.0679858 0.0712174 0.0719626 0.0706011 0.0675881 0.0633568 0.0582814 0.0526606 0.0467178 0.0406172 0.0344891 0.0284564 0.0226594 0.0172693 0.0124791 0.00846666 0.0053417
 0.00743058 0.0121194 0.0183331 0.0260473 0.0350311 0.0447053 0.0541079 0.0621249 0.067887 0.0710385 0.0717084 0.0702948 0.0672674 0.0630668 0.0580665 0.0525549 0.0467363 0.040752 0.0347127 0.0287308 0.0229458 0.0175353 0.012703 0.00863845 0.00546165
 0.00753625 0.0122765 0.0185423 0.0262998 0.0353114 0.0449951 0.054388 0.0623732 0.0680764 0.0711376 0.0716879 0.0701379 0.0669791 0.062678 0.0576286 0.0521286 0.0463768 0.0404967 0.0345742 0.0286977 0.02299 0.017623 0.0128033 0.00872948 0.00553223
 0.00767999 0.0125046 0.0188739 0.0267458 0.0358683 0.0456381 0.0550669 0.0630165 0.068607 0.071492 0.0718299 0.0700596 0.0666949 0.0622188 0.0570397 0.0514684 0.0457112 0.0398884 0.0340708 0.0283228 0.0227421 0.017481 0.0127371 0.00870877 0.00553349
 0.00767914 0.0125186 0.0189237 0.0268603 0.0360776 0.0459615 0.0555012 0.0635316 0.0691499 0.0719981 0.0722357 0.0703149 0.0667705 0.0621089 0.0567613 0.0510572 0.0452172 0.0393695 0.0335835 0.0279114 0.0224307 0.0172712 0.0126129 0.00864588 0.00550772
 0.00760316 0.0124033 0.0187667 0.0266685 0.0358697 0.0457696 0.0553692 0.0635071 0.069269 0.0722691 0.0726302 0.0707726 0.0672155 0.0624707 0.0569908 0.0511347 0.0451529 0.0391975 0.0333517 0.0276698 0.0222193 0.0171127 0.0125111 0.008591 0.00548423
 0.00748693 0.012222 0.0185088 0.0263301 0.0354573 0.0453038 0.054888 0.0630663 0.0689348 0.0721033 0.0726734 0.07103 0.0676523 0.0630183 0.0575635 0.0516518 0.0455577 0.0394672 0.0334959 0.0277205 0.0222165 0.017091 0.0124922 0.00858296 0.00548565
 0.00756461 0.0123327 0.0186463 0.0264779 0.0355923 0.0454026 0.0549327 0.0630481 0.0688554 0.0719764 0.0725247 0.0708941 0.0675638 0.0629993 0.0576136 0.0517462 0.0456563 0.0395307 0.0335016 0.0276685 0.0221257 0.0169882 0.0124006 0.00851496 0.0054428
 0.00754483 0.0123026 0.0186042 0.0264223 0.0355206 0.0453096 0.0548119 0.0628945 0.0686716 0.0717764 0.0723338 0.0707441 0.0674846 0.0630115 0.057722 0.0519375 0.0458998 0.0397855 0.0337279 0.0278395 0.0222338 0.017043 0.0124204 0.00851756 0.00544027
 0.0074647 0.0121828 0.0184435 0.0262269 0.0353024 0.0450836 0.0545932 0.0626964 0.0685034 0.071643 0.0722369 0.0706859 0.0674715 0.0630541 0.0578309 0.052116 0.0461387 0.0400614 0.0340081 0.0280914 0.0224348 0.0171853 0.0125101 0.00856841 0.00546666
 0.00742424 0.0121129 0.0183315 0.0260603 0.035074 0.0447983 0.0542727 0.062377 0.0682261 0.0714396 0.0721214 0.0706547 0.0675108 0.0631493 0.0579731 0.0523017 0.0463652 0.0403205 0.0342825 0.0283571 0.0226679 0.0173697 0.0126414 0.00865259 0.00551555
 0.00748447 0.0122061 0.0184619 0.0262265 0.0352665 0.0449978 0.0544504 0.0624999 0.0682666 0.0713863 0.0719838 0.0704581 0.0672865 0.0629254 0.0577707 0.0521361 0.0462469 0.0402548 0.0342674 0.0283819 0.0227155 0.0174225 0.0126862 0.00868379 0.0055337
 0.00728477 0.0118847 0.0179861 0.0255724 0.0344293 0.0440048 0.053371 0.0614418 0.0673542 0.0707287 0.0716482 0.070461 0.0675991 0.063488 0.0585084 0.0529725 0.0471149 0.0411021 0.0350559 0.0290849 0.0233141 0.0179051 0.0130508 0.00893912 0.00569798
 0.00719473 0.0117302 0.0177385 0.0251994 0.0339022 0.0433097 0.0525216 0.0604872 0.0663762 0.0698297 0.0709329 0.0700157 0.0674747 0.0636902 0.0589994 0.0536832 0.0479613 0.0420013 0.0359372 0.0298941 0.0240142 0.0184754 0.0134856 0.00924693 0.00589857
 0.00709884 0.0115785 0.0175171 0.0248964 0.0335071 0.0428143 0.0519234 0.0597947 0.065615 0.0690459 0.0701931 0.0694005 0.0670649 0.0635493 0.0591568 0.0541257 0.0486361 0.0428282 0.0368265 0.0307625 0.0247964 0.0191289 0.0139922 0.00960998 0.00613763
 0.00694084 0.0113313 0.0171636 0.0244281 0.0329261 0.0421358 0.0511775 0.0590245 0.0648686 0.0683672 0.0696165 0.0689542 0.0667788 0.0634573 0.0592918 0.0545059 0.0492515 0.0436344 0.0377495 0.0317135 0.0256902 0.0199 0.0146037 0.0100552 0.00643421
 0.00697727 0.0113708 0.0171864 0.0244037 0.0328208 0.0419252 0.0508565 0.0586096 0.0643907 0.0678606 0.0691117 0.0684766 0.066353 0.0631135 0.0590675 0.0544414 0.0493779 0.0439593 0.0382467 0.0323252 0.0263396 0.0205114 0.0151204 0.010449 0.00670528
 0.00707873 0.0115319 0.0174199 0.0247139 0.0331968 0.0423339 0.0512398 0.0588929 0.0645035 0.0677609 0.0687996 0.067991 0.065756 0.0624736 0.058451 0.0539095 0.0489842 0.0437425 0.0382209 0.032472 0.0266107 0.0208412 0.0154451 0.0107228 0.00690754
 0.00723352 0.0117896 0.017818 0.0252879 0.0339692 0.0432964 0.0523373 0.0600194 0.0655177 0.0685171 0.0691826 0.0679432 0.0652878 0.0616583 0.0574036 0.0527614 0.0478604 0.0427458 0.0374217 0.0319024 0.0262632 0.0206758 0.0154041 0.0107484 0.00695534
 0.0071806 0.0117308 0.0177807 0.0253173 0.0341197 0.0436162 0.0528519 0.0607195 0.0663547 0.069405 0.0700078 0.0685829 0.0656375 0.0616583 0.0570563 0.0521301 0.0470521 0.0418843 0.0366203 0.0312427 0.0257846 0.0203759 0.0152493 0.0106912 0.00695034
 0.00702959 0.0114963 0.0174508 0.0248943 0.0336272 0.0431058 0.0524045 0.060435 0.0663256 0.069683 0.0705794 0.0693662 0.0665008 0.0624538 0.0576574 0.0524625 0.0471083 0.0417184 0.0363249 0.030917 0.0255061 0.020185 0.0151493 0.0106602 0.00695843
 0.00697225 0.0113867 0.0172563 0.0245768 0.0331554 0.0424737 0.0516496 0.0596424 0.0656153 0.0691826 0.0703912 0.0695395 0.0670154 0.0632203 0.0585383 0.0533084 0.0477986 0.0421907 0.0365826 0.0310132 0.025514 0.020168 0.0151441 0.0106764 0.00698833
 0.00706605 0.0115339 0.0174656 0.0248472 0.0334692 0.0427908 0.0519073 0.0597682 0.0655533 0.0689228 0.0699846 0.0690867 0.066632 0.0629956 0.0585032 0.053428 0.0479913 0.0423645 0.0366717 0.0309988 0.0254203 0.020041 0.0150264 0.0105916 0.00693988
 0.0070012 0.0114356 0.0173315 0.0246808 0.0332803 0.0425939 0.0517181 0.0595987 0.0654055 0.0687869 0.0698459 0.068941 0.0664994 0.0629202 0.0585356 0.0535977 0.0482863 0.0427318 0.0370388 0.0313038 0.0256333 0.0201665 0.0150898 0.0106214 0.00695591
 0.00692813 0.0112977 0.01709 0.0242917 0.0327093 0.0418386 0.0508255 0.0586648 0.0645514 0.0681226 0.0694401 0.0688098 0.0666159 0.0632372 0.0590074 0.0541901 0.0489708 0.0434721 0.0377833 0.0319927 0.0262161 0.0206169 0.0154096 0.0108321 0.00708603
 0.00687938 0.011213 0.016951 0.0240743 0.0323846 0.0413778 0.0502101 0.0578999 0.0636786 0.0672246 0.0686292 0.0682005 0.0662923 0.0632307 0.0592964 0.0547177 0.0496669 0.0442673 0.0386117 0.0327913 0.0269284 0.0212025 0.0158518 0.0111385 0.00728113
 0.00693412 0.0113054 0.0170953 0.0242818 0.0326567 0.0416954 0.0505259 0.0581406 0.0637613 0.0670833 0.0682423 0.067606 0.0655833 0.06253 0.0587203 0.0543448 0.0495239 0.0443342 0.038838 0.0331127 0.0272807 0.0215318 0.0161229 0.0113374 0.00741204
 0.00688659 0.0112463 0.01704 0.0242571 0.0326942 0.0418208 0.0507472 0.0584402 0.0640939 0.0673813 0.0684286 0.0676154 0.0653863 0.0621497 0.058231 0.0538497 0.049122 0.04409 0.0387685 0.0331919 0.0274563 0.0217457 0.0163269 0.0115022 0.0075282
 0.00690172 0.0112785 0.0171032 0.0243705 0.0328798 0.0420978 0.0511248 0.0589107 0.0646279 0.0679259 0.0689113 0.0679549 0.0655112 0.0620194 0.057853 0.0532835 0.0484657 0.0434529 0.038239 0.0328166 0.0272364 0.0216493 0.0163088 0.0115212 0.00755621
#obs surv len freq
 nan nan nan nan nan nan nan nan nan nan nan nan nan nan nan nan nan nan nan nan nan nan nan nan nan
 0.00448887 0.00735221 0.0111841 0.0160019 0.0217033 0.0279786 0.0342918 0.0400216 0.0446993 0.048161 0.0505167 0.0520103 0.0529005 0.0534111 0.0537239 0.0539777 0.0542555 0.0545477 0.0546861 0.0542779 0.0527161 0.0493487 0.0437993 0.0362805 0.0276655
 0.00461412 0.00755992 0.0115039 0.0164627 0.022326 0.0287647 0.0352127 0.0410159 0.0456824 0.0490423 0.0512175 0.0524751 0.053102 0.0533494 0.0534219 0.0534733 0.0535926 0.0537695 0.0538319 0.0533851 0.0518238 0.0485005 0.0430404 0.0356492 0.027183
 0.00478154 0.00783174 0.0119126 0.0170388 0.0230931 0.0297308 0.0363596 0.0422934 0.0470103 0.0503218 0.0523447 0.0533552 0.0536611 0.053544 0.0532428 0.0529428 0.0527574 0.0526903 0.0525764 0.0520243 0.0504339 0.0471626 0.0418351 0.0346429 0.0264125
 0.00497433 0.00814742 0.0123918 0.0177204 0.0240066 0.0308843 0.0377275 0.0438129 0.0485907 0.0518604 0.0537407 0.054516 0.0545047 0.0540024 0.0532694 0.0525203 0.0519015 0.0514495 0.0510265 0.0502639 0.0485795 0.0453428 0.0401764 0.0332488 0.025341
 0.00518344 0.0084899 0.012912 0.0184618 0.0250035 0.0321491 0.0392374 0.045504 0.050366 0.0536075 0.0553487 0.0558859 0.0555519 0.0546567 0.0534745 0.0522368 0.051114 0.0501753 0.0493235 0.0482339 0.0463658 0.0431172 0.0381151 0.0314986 0.0239874
 0.00540202 0.00884884 0.013459 0.0192439 0.0260583 0.0334912 0.0408434 0.0473074 0.052266 0.0554877 0.0570945 0.0573947 0.0567364 0.0554443 0.0538054 0.0520638 0.0504058 0.0489256 0.0475659 0.0460563 0.0439168 0.0405955 0.0357382 0.0294552 0.0223938
 0.00564208 0.00924057 0.0140515 0.020084 0.0271827 0.0349123 0.0425355 0.0492006 0.0542556 0.0574529 0.0589177 0.0589719 0.0579811 0.0562859 0.0541867 0.0519379 0.0497361 0.0476934 0.0457865 0.0438004 0.0413257 0.037878 0.0331369 0.0271917 0.0206124
 0.00587443 0.0096237 0.0146381 0.0209264 0.0283227 0.0363646 0.0442717 0.0511438 0.0562922 0.0594557 0.0607662 0.0605639 0.0592341 0.0571351 0.0545803 0.0518328 0.0490965 0.0464961 0.0440357 0.0415516 0.0387077 0.0350953 0.0304405 0.0248207 0.0187302
 0.00612972 0.010039 0.0152639 0.0218105 0.0295014 0.0378496 0.0460346 0.0531103 0.0583505 0.0614763 0.0626228 0.0621476 0.0604595 0.0579402 0.0549219 0.0516793 0.0484225 0.0452837 0.0422877 0.0393152 0.0360994 0.0323089 0.0277228 0.0224145 0.0168078
 0.00636476 0.0104276 0.0158604 0.0226689 0.0306642 0.0393298 0.0477988 0.0550737 0.0603914 0.0634608 0.0644277 0.0636713 0.061624 0.0586886 0.0552148 0.05149 0.0477327 0.0440829 0.0405829 0.0371509 0.0335819 0.0296176 0.0250903 0.0200742 0.0149297
 0.0066103 0.010827 0.0164621 0.0235187 0.031797 0.0407567 0.0494921 0.0569605 0.0623607 0.0653833 0.0661763 0.065137 0.0627238 0.059367 0.0554398 0.0512455 0.0470113 0.0428843 0.0389209 0.0350713 0.0311842 0.027066 0.0225983 0.0178579 0.013148
 0.00683492 0.0111987 0.0170332 0.0243412 0.0329105 0.0421712 0.0511712 0.0588172 0.0642727 0.0672185 0.0678156 0.0664847 0.0637097 0.0599437 0.0555799 0.0509375 0.0462551 0.0416888 0.0373083 0.0330908 0.02893 0.0246878 0.020288 0.0158087 0.0115022
 0.00707524 0.0115897 0.0176225 0.025173 0.0340176 0.0435608 0.0528102 0.0606262 0.0661345 0.0689995 0.0693887 0.0677463 0.0645875 0.0603976 0.0555964 0.0505212 0.0454208 0.0404578 0.0357124 0.0311836 0.0268024 0.0224757 0.018161 0.0139352 0.0100042
 0.00727477 0.0119222 0.0181375 0.0259207 0.0350371 0.0448625 0.0543591 0.0623377 0.0678888 0.0706665 0.0708503 0.0689086 0.0653843 0.0607897 0.0555694 0.0500815 0.0445892 0.0392651 0.0341997 0.0294095 0.0248547 0.0204771 0.016259 0.0122727 0.00868225
 0.00744526 0.0121993 0.0185548 0.0265107 0.0358264 0.0458634 0.055559 0.0636921 0.0693226 0.072084 0.0721487 0.0699921 0.0661747 0.061234 0.0556406 0.0497757 0.0439207 0.0382624 0.0329048 0.0278824 0.0231794 0.0187644 0.0146368 0.0108614 0.00756435
 0.00752353 0.0123318 0.0187642 0.0268219 0.036263 0.0464402 0.0562753 0.0645289 0.0702457 0.0730489 0.0731046 0.0708817 0.0669354 0.061802 0.0559594 0.0498041 0.0436384 0.0376718 0.0320314 0.0267758 0.021915 0.0174415 0.0133672 0.00974884 0.00667979
 0.00758492 0.0124234 0.0188877 0.0269759 0.0364464 0.0466574 0.0565381 0.0648543 0.0706486 0.0735348 0.0736638 0.0714879 0.0675475 0.062367 0.0564175 0.0500954 0.043712 0.0374953 0.0315984 0.0261108 0.0210745 0.0165089 0.01244 0.00891857 0.00601077
 0.00766137 0.0125397 0.0190474 0.0271759 0.0366772 0.046904 0.056783 0.0650817 0.0708515 0.07372 0.0738507 0.0716998 0.0677985 0.0626516 0.0567072 0.0503432 0.0438623 0.0374963 0.0314155 0.0257376 0.0205386 0.0158691 0.0117746 0.00830553 0.00550775
 0.00769315 0.0125898 0.0191196 0.0272723 0.0367968 0.0470421 0.0569301 0.0652248 0.0709778 0.0738223 0.0739321 0.0717743 0.0678866 0.0627714 0.0568638 0.0505219 0.0440281 0.0376017 0.0314143 0.0256004 0.0202644 0.0154892 0.0113441 0.00788697 0.00515197
 0.00776138 0.0126914 0.0192551 0.0274362 0.0369789 0.0472304 0.0571125 0.0653897 0.0711142 0.0739208 0.0739876 0.0717881 0.0678685 0.0627382 0.0568346 0.0505096 0.0440316 0.0376027 0.0313821 0.0255042 0.0200874 0.0152385 0.0110499 0.00759175 0.00489461
 0.00781375 0.0127753 0.0193786 0.0276043 0.0371909 0.0474765 0.0573721 0.0656338 0.0713129 0.0740526 0.0740445 0.071776 0.0678015 0.0626346 0.0567132 0.0503875 0.0439202 0.0375035 0.0312848 0.0253908 0.0199417 0.0150558 0.0108422 0.00738284 0.00471021
 0.00783672 0.0128103 0.0194273 0.0276671 0.0372681 0.0475686 0.0574794 0.0657546 0.0714413 0.0741771 0.0741504 0.0718493 0.0678341 0.0626262 0.0566712 0.0503236 0.0438463 0.0374276 0.0312082 0.0253076 0.0198436 0.014938 0.0107089 0.00724685 0.00458756
 0.00787828 0.0128697 0.0195013 0.0277478 0.0373449 0.0476324 0.0575259 0.0657855 0.0714627 0.074197 0.0741746 0.0718787 0.0678641 0.0626484 0.0566776 0.0503102 0.0438145 0.037382 0.0311531 0.0252446 0.0197714 0.0148556 0.0106186 0.00715584 0.00450525
 0.00788345 0.0128816 0.0195255 0.0277901 0.0374089 0.0477153 0.0576166 0.0658668 0.0715183 0.0742188 0.0741667 0.0718539 0.0678369 0.0626284 0.0566664 0.0503029 0.0438041 0.0373633 0.031124 0.0252052 0.0197226 0.0147989 0.0105571 0.00709436 0.00444985
 0.00787267 0.0128587 0.0194817 0.0277159 0.037298 0.047571 0.057455 0.0657141 0.0714014 0.0741555 0.07416 0.0718958 0.067915 0.0627315 0.0567858 0.0504306 0.0439308 0.0374791 0.0312202 0.0252763 0.0197668 0.0148183 0.0105562 0.00708005 0.00442947
 0.00789231 0.0128846 0.0195092 0.0277357 0.037298 0.0475389 0.0573824 0.0656005 0.071257 0.0740008 0.0740216 0.071798 0.067872 0.0627448 0.056846 0.0505231 0.0440404 0.0375919 0.0313246 0.0253634 0.0198315 0.0148591 0.0105759 0.00708399 0.00442414
 0.00788486 0.0128731 0.0194928 0.0277136 0.0372683 0.0474984 0.0573266 0.0655245 0.0711586 0.0738834 0.073896 0.0716818 0.0677861 0.0627062 0.0568627 0.0505919 0.0441485 0.0377216 0.0314579 0.0254855 0.0199321 0.0149336 0.0106246 0.0071112 0.0044361
 0.0078846 0.0128699 0.0194829 0.0276921 0.0372308 0.047443 0.0572555 0.0654436 0.0710746 0.0738012 0.0738183 0.0716106 0.0677255 0.0626642 0.0568493 0.0506149 0.0442095 0.0378142 0.0315692 0.0255999 0.0200359 0.0150176 0.0106852 0.00714981 0.00445752
 0.00785159 0.0128181 0.0194084 0.0275926 0.037106 0.0472957 0.0570922 0.0652754 0.0709165 0.0736692 0.0737254 0.0715644 0.0677266 0.0627077 0.0569284 0.0507232 0.0443418 0.0379645 0.0317292 0.0257583 0.0201805 0.0151383 0.0107768 0.00721273 0.00449631
 0.00784601 0.0128038 0.0193774 0.0275346 0.0370117 0.0471611 0.0569225 0.0650854 0.0707267 0.0735001 0.0735938 0.0714811 0.0676962 0.0627296 0.0569972 0.0508304 0.0444775 0.0381186 0.0318917 0.0259189 0.0203287 0.015265 0.0108762 0.00728368 0.00454206
 0.00781554 0.012755 0.0193051 0.0274341 0.0368794 0.0469952 0.0567254 0.0648653 0.0704989 0.0732859 0.0734167 0.0713621 0.0676489 0.0627578 0.0570948 0.0509843 0.0446709 0.0383341 0.0321129 0.0261314 0.0205203 0.0154266 0.0110027 0.00737481 0.00460194
 0.00779967 0.0127289 0.0192655 0.0273776 0.0368031 0.0468978 0.0566078 0.0647311 0.0703536 0.0731369 0.0732734 0.0712363 0.0675547 0.0627087 0.0571003 0.0510467 0.0447843 0.0384862 0.0322873 0.0263112 0.0206901 0.0155745 0.0111215 0.00746227 0.00466063
 0.00776852 0.012677 0.019185 0.0272612 0.0366463 0.0467019 0.0563829 0.0644959 0.0701312 0.0729487 0.0731344 0.0711535 0.0675288 0.0627372 0.05718 0.0511736 0.0449526 0.0386863 0.032506 0.0265321 0.0208971 0.0157542 0.0112654 0.00756825 0.00473193
 0.00772972 0.0126125 0.0190856 0.0271177 0.036452 0.0464562 0.0560951 0.064186 0.0698278 0.072683 0.0729339 0.0710368 0.0675031 0.0627988 0.057317 0.0513701 0.0451919 0.0389522 0.0327825 0.0268032 0.0211468 0.0159692 0.0114372 0.00769472 0.00481713
 0.00769014 0.0125499 0.0189946 0.0269941 0.0362931 0.0462619 0.0558688 0.0639365 0.0695696 0.0724354 0.072719 0.0708765 0.0674155 0.0627944 0.0573964 0.0515246 0.0454056 0.0392056 0.0330551 0.0270751 0.0214002 0.0161894 0.0116148 0.00782664 0.0049068
 0.00767123 0.0125151 0.0189347 0.0268987 0.0361533 0.0460748 0.0556412 0.0636847 0.0693152 0.0721998 0.0725194 0.0707254 0.0673227 0.0627676 0.0574405 0.0516393 0.0455838 0.0394331 0.0333125 0.0273408 0.0216534 0.0164127 0.0117968 0.00796302 0.00500022
 0.00766418 0.0125049 0.0189211 0.0268813 0.0361298 0.0460397 0.0555859 0.0635999 0.0691954 0.0720478 0.072347 0.0705515 0.0671676 0.0626493 0.0573725 0.0516299 0.0456354 0.0395415 0.0334662 0.0275226 0.0218431 0.016591 0.0119488 0.00808073 0.00508287
 0.00763348 0.0124587 0.0188587 0.0268046 0.0360433 0.0459493 0.0554978 0.0635188 0.069123 0.0719816 0.0722824 0.0704848 0.0671001 0.0625886 0.0573306 0.0516195 0.0456659 0.0396165 0.0335822 0.0276689 0.0220037 0.0167482 0.0120872 0.00819071 0.00516162
 0.0076185 0.0124318 0.0188137 0.0267352 0.035945 0.0458233 0.0553531 0.0633716 0.0689922 0.0718822 0.0722206 0.0704575 0.0670982 0.0626025 0.0573547 0.0516545 0.0457173 0.0396907 0.0336823 0.027792 0.0221405 0.0168853 0.012211 0.0082913 0.0052351
 0.00760192 0.0124102 0.0187908 0.0267166 0.0359357 0.0458236 0.0553567 0.0633676 0.0689703 0.0718386 0.0721601 0.0703909 0.0670367 0.0625528 0.0573192 0.0516329 0.0457102 0.039701 0.0337135 0.0278453 0.0222124 0.0169675 0.0122927 0.00836258 0.00529008
 0.00758675 0.0123837 0.018748 0.0266529 0.0358496 0.0457198 0.0552471 0.0632687 0.0688969 0.0717974 0.0721479 0.070398 0.0670538 0.0625751 0.0573461 0.0516661 0.0457512 0.0397507 0.0337727 0.027914 0.022289 0.0170472 0.0123687 0.00842811 0.00534071
 0.00755085 0.0123297 0.0186749 0.0265623 0.0357445 0.0456038 0.0551242 0.0631448 0.0687813 0.0717025 0.0720865 0.0703782 0.0670757 0.0626314 0.0574255 0.0517578 0.0458479 0.0398486 0.0338704 0.0280106 0.0223828 0.0171354 0.0124473 0.00849311 0.0053898
 0.00754488 0.0123145 0.018642 0.0265014 0.0356472 0.0454681 0.0549588 0.0629678 0.0686147 0.0715656 0.0719912 0.0703298 0.0670745 0.062674 0.0575053 0.0518651 0.0459715 0.0399782 0.0339982 0.0281317 0.0224939 0.0172338 0.0125304 0.00855906 0.00543823
 0.00753482 0.0123034 0.0186344 0.0265032 0.0356621 0.0454934 0.054983 0.0629738 0.0685875 0.0715 0.0718954 0.0702217 0.0669743 0.062598 0.0574625 0.0518572 0.0459948 0.0400254 0.0340608 0.0282016 0.0225645 0.0173 0.0125884 0.00860633 0.00547367
 0.00752847 0.01229 0.0186092 0.0264612 0.0356007 0.0454159 0.0548997 0.0628989 0.0685325 0.0714677 0.071879 0.0702103 0.0669608 0.0625834 0.0574544 0.0518648 0.0460238 0.0400762 0.0341286 0.028279 0.0226434 0.0173735 0.0126516 0.00865645 0.00551021
 0.0075041 0.0122539 0.0185613 0.0264029 0.0355343 0.0453427 0.0548203 0.0628149 0.0684489 0.0713934 0.0718245 0.0701829 0.0669612 0.062606 0.0574919 0.0519124 0.0460804 0.0401427 0.0342049 0.0283618 0.0227272 0.0174516 0.0127186 0.00870914 0.00554814
 0.00751211 0.0122646 0.018573 0.0264131 0.03554 0.0453422 0.0548134 0.0628026 0.0684315 0.07137 0.0717938 0.0701455 0.0669204 0.0625675 0.0574607 0.0518916 0.0460716 0.0401463 0.034221 0.0283895 0.0227636 0.017492 0.0127577 0.00874273 0.00557382
 0.00750091 0.0122496 0.0185563 0.0263981 0.0355303 0.0453394 0.054816 0.0628064 0.0684318 0.0713642 0.0717816 0.0701283 0.0669005 0.0625469 0.0574419 0.0518775 0.0460646 0.0401485 0.034233 0.0284109 0.0227921 0.0175245 0.01279 0.00877107 0.00559596
 0.00747475 0.0122073 0.0184933 0.0263114 0.0354203 0.0452117 0.0546828 0.0626846 0.0683385 0.0713105 0.0717699 0.0701533 0.0669525 0.0626161 0.0575201 0.0519588 0.0461458 0.0402279 0.0343097 0.0284841 0.0228604 0.0175859 0.0128421 0.00881239 0.00562601
 0.00747475 0.0122073 0.0184933 0.0263114 0.0354203 0.0452117 0.0546828 0.0626846 0.0683385 0.0713105 0.0717699 0.0701533 0.0669525 0.0626161 0.0575201 0.0519588 0.0461458 0.0402279 0.0343097 0.0284841 0.0228604 0.0175859 0.0128421 0.00881239 0.00562601
 0.00726259 0.0118659 0.0179877 0.0256159 0.0345289 0.0441522 0.0535281 0.0615503 0.0673611 0.070613 0.0714318 0.0701957 0.0673419 0.0632794 0.0583651 0.0528935 0.0470915 0.0411255 0.0351203 0.0291845 0.0234402 0.0180438 0.0131848 0.00905319 0.00578336
 0.00719819 0.0117423 0.0177669 0.0252507 0.0339747 0.0433851 0.0525634 0.060451 0.0662303 0.0695761 0.0706126 0.0696939 0.0672147 0.0635309 0.058948 0.0537221 0.0480626 0.0421389 0.0360929 0.0300575 0.0241785 0.0186328 0.013627 0.00936352 0.00598547
 0.0071555 0.011672 0.017658 0.0250886 0.0337391 0.0430501 0.0521018 0.0598439 0.0654818 0.0687255 0.0697386 0.0689042 0.0666232 0.0632304 0.0589868 0.054093 0.0487071 0.0429637 0.0369929 0.0309369 0.0249648 0.0192827 0.0141252 0.00971721 0.00621707
 0.00711488 0.0116096 0.0175706 0.024975 0.0335987 0.0428811 0.0518983 0.0595948 0.065171 0.0683366 0.0692656 0.0683651 0.0660696 0.0627431 0.0586577 0.0539972 0.0488776 0.0433806 0.0375904 0.0316231 0.0256474 0.0198892 0.0146129 0.0100745 0.00645558
 0.00709886 0.0115828 0.0175288 0.0249142 0.0335162 0.0427766 0.051775 0.0594571 0.0650207 0.0681685 0.0690662 0.0681186 0.065769 0.062404 0.0583246 0.0537372 0.0487603 0.0434518 0.0378531 0.0320352 0.0261367 0.0203775 0.0150386 0.0104041 0.00668428
 0.00713522 0.0116473 0.0176351 0.0250763 0.0337425 0.0430624 0.0520961 0.0597716 0.0652789 0.0683259 0.0690934 0.0680036 0.0655148 0.0620276 0.0578592 0.0532352 0.0482897 0.0430828 0.0376374 0.0319885 0.0262343 0.0205658 0.0152564 0.0106028 0.00683725
 0.00720112 0.0117605 0.0178167 0.025349 0.0341248 0.0435593 0.0526892 0.0604156 0.065906 0.0688589 0.0694612 0.0681548 0.0654265 0.0617078 0.0573441 0.0525831 0.0475745 0.0423858 0.037034 0.0315325 0.0259451 0.0204268 0.0152257 0.0106315 0.00688538
 0.00722041 0.0117997 0.0178907 0.0254776 0.0343298 0.0438581 0.0530882 0.0609044 0.0664558 0.0694232 0.0699801 0.0685628 0.0656641 0.0617341 0.0571468 0.0521826 0.0470217 0.0417531 0.0364024 0.0309752 0.0255118 0.0201343 0.0150596 0.0105577 0.00686583
 0.00711422 0.0116366 0.0176641 0.025191 0.0339995 0.0435154 0.0527804 0.0606897 0.0663901 0.0695431 0.0702882 0.0690227 0.066207 0.062274 0.0576002 0.0524878 0.0471523 0.0417226 0.0362569 0.0307774 0.0253213 0.0199911 0.0149776 0.0105281 0.00686878
 0.00701393 0.0114608 0.0173773 0.0247558 0.0333901 0.0427368 0.0518843 0.0597751 0.0655839 0.0689682 0.0700331 0.0691227 0.0666396 0.0629659 0.0584428 0.0533614 0.0479514 0.042377 0.0367415 0.0311077 0.0255369 0.0201361 0.0150849 0.0106144 0.00693839
 0.00706344 0.0115312 0.0174627 0.0248398 0.0334445 0.0427231 0.0517596 0.0595055 0.0651627 0.0684306 0.0694583 0.0686166 0.0663026 0.0628614 0.0585791 0.0536915 0.0483915 0.0428341 0.0371407 0.0314094 0.0257383 0.020259 0.0151586 0.0106624 0.00697331
 0.00698145 0.0114104 0.0173039 0.0246512 0.0332377 0.0425076 0.0515377 0.0592705 0.064902 0.0681334 0.0691267 0.0682758 0.0660044 0.062673 0.0585608 0.0538718 0.0487526 0.0433158 0.037662 0.0318951 0.0261396 0.0205597 0.0153673 0.0107995 0.00706014
 0.00688516 0.0112469 0.0170465 0.0242746 0.0327283 0.041877 0.0508319 0.058565 0.0642797 0.0676576 0.0688226 0.0681338 0.0659984 0.0627832 0.0587852 0.0542212 0.0492333 0.0439113 0.0383261 0.032562 0.0267445 0.0210579 0.0157422 0.0110592 0.00722649
 0.00683238 0.0111557 0.0168986 0.0240482 0.0324013 0.0414335 0.0502714 0.0579104 0.0635803 0.0669838 0.0682519 0.0677309 0.0657988 0.0627884 0.058973 0.0545621 0.0497014 0.0444825 0.0389687 0.0332301 0.0273825 0.0216142 0.0161841 0.0113787 0.00743698
