SBPRF35
12.7214
Curr Bio
859391
B35
883830
F35
0.170086
FOFL
0.160738
OFL
110326
Bzero
3.63469e+06
#pred survey bio
 3.71288e+06 3.58392e+06 3.46887e+06 3.30371e+06 3.07812e+06 2.84815e+06 2.60343e+06 2.34998e+06 2.11544e+06 1.87209e+06 1.66019e+06 1.49911e+06 1.3101e+06 1.13483e+06 1.02025e+06 898773 805202 728402 675433 639814 621298 597989 581023 560890 555012 557583 555747 552331 548347 555139 560892 573217 585532 596202 609611 633956 640506 663870 678218 690055 696081 692701 683950 683120 688122 697703 689495 696091 705254 712276 706411 744323 776615 809863 848737 867269 872921 852593 842511 843080 846852 827365 831521 858594 891366 894128 893764 864071 2.94683e+07 1.72783e+07 1.72537e+07 1.79434e+07 1.91363e+07 2.05559e+07 2.19873e+07 2.32989e+07 2.4429e+07 2.53628e+07 2.61124e+07 2.6702e+07 2.71595e+07 2.75112e+07 2.77801e+07 2.79852e+07 2.81415e+07 2.82609e+07 2.83522e+07 2.84224e+07 2.84765e+07 2.85184e+07 2.8551e+07 2.85765e+07 2.85965e+07 2.86123e+07 2.86248e+07 2.86347e+07 2.86426e+07 2.86489e+07 2.8654e+07 2.86581e+07 2.86614e+07 2.8664e+07 2.86662e+07 2.86679e+07 2.86694e+07 2.86705e+07 2.86715e+07 2.86722e+07 2.86728e+07 2.86734e+07 2.86738e+07 2.86741e+07 2.86744e+07 2.86746e+07 2.86748e+07 2.8675e+07 2.86751e+07 2.86752e+07 2.86753e+07 2.86753e+07 2.86754e+07 2.86754e+07 2.86755e+07 2.86755e+07 2.86755e+07 2.86755e+07 2.86756e+07 2.86756e+07 2.86756e+07 2.86756e+07 2.86756e+07 2.86756e+07 2.86756e+07 2.86756e+07 2.86756e+07 2.86756e+07 2.86756e+07 2.86756e+07 2.86756e+07 2.86756e+07 2.86756e+07 2.86756e+07 2.86756e+07 2.86756e+07 2.86756e+07 2.86756e+07 2.86756e+07 2.86756e+07 2.86756e+07 2.86756e+07 2.86756e+07 2.86756e+07 2.86756e+07 2.86756e+07 2.86756e+07 2.86756e+07 2.86756e+07 2.86756e+07 2.86756e+07 2.86756e+07 2.86756e+07 2.86756e+07 2.86756e+07 2.86756e+07 2.86756e+07 2.86756e+07 2.86756e+07 2.86756e+07 0 0 0 0 0 0 0 0 0 0 0 0 0 0 0 0 0 0 0 0 0 0 0 0 0
#obs survey bio
 3.78886e+06 4.02415e+06 4.00973e+06 4.20744e+06 1.96888e+06 3.34761e+06 2.22238e+06 2.68556e+06 1.53692e+06 1.83233e+06 1.1326e+06 1.35666e+06 933022 949255 1.12119e+06 780961 567952 934964 501251 513976 750734 646818 568713 536218 549498 539558 633403 429378 535105 705227 436898 645021 585353 689828 624300 488436 613400 600207 1.07503e+06 724620 789151 793587 517302 444694 636399 675888 660740 473574 766696 930578 822146 600423 783706 758644 983480 809284 978932 853219 649007 963091 675943 745478 803780 858602 971512 1.00727e+06 939145 1.07862e+06
#pred catch bio
 96286.8 92100.1 148322 217160 237509 269059 295461 295797 319395 303802 268435 299672 289192 236057 240628 212549 193373 167800 148633 131078 132641 124764 125002 111015 103206 106264 106426 105590 95680.8 96457.4 91583.8 92990.4 95580.4 94406.5 87057.9 103720 90467.2 99205.8 101455 106220 113723 117759 111368 107704 105191 120554 107684 106202 108510 119088 82544.4 89506 89814.6 85970.5 103528 113738 135108 125823 117255 114694 133356 111369 91580.5 87087 112308 113201 135105 122404 110326 113426 111984 114937 121881 130631 139504 147552 154366 159867 164159 167421 169853 171638 172933 173863 174527 174997 175329 175562 175725 175839 175919 175974 176013 176039 176058 176070 176079 176085 176090 176092 176094 176096 176097 176097 176098 176098 176098 176099 176099 176099 176099 176099 176099 176099 176099 176099 176099 176099 176099 176099 176099 176099 176099 176099 176099 176099 176099 176099 176099 176099 176099 176099 176099 176099 176099 176099 176099 176099 176099 176099 176099 176099 176099 176099 176099 176099 176099 176099 176099 176099 176099 176099 176099 176099 176099 176099 176099 176099 176099 176099 176099 176099 176099 176099 176099 176099 176099 176099 0 0 0 0 0 0 0 0 0 0 0 0 0 0 0 0 0 0 0 0 0 0 0 0 0
#obs catch bio
 0 91698.5 148238 216925 237184 268729 296004 295922 320688 306567 270324 302618 293492 238249 243410 214964 195701 169414 150084 131784 133122 125466 126160 111716 103910 106609 106822 106276 95912.8 96481.4 91393.4 93224.1 95792.4 94572.8 86923.7 104290 90727.1 99492.4 101189 105832 113086 116964 111268 108313 105561 121293 107943 106736 108683 119446 82310.1 89731.6 90079.1 86103.2 103750 113409 134745 125739 117487 114468 133818 111730 91842.3 86958.6 112628 113151 135515 122343
#pred cpue bio
 3.66075e+06 3.53337e+06 3.4196e+06 3.25502e+06 3.03003e+06 2.80042e+06 2.55622e+06 2.30357e+06 2.06982e+06 1.82765e+06 1.61693e+06 1.45673e+06 1.26964e+06 1.09654e+06 983300 863851 772067 697132 645801 611446 593645 571105 554670 535228 529654 532342 530786 527670 523986 530817 536586 548515 560403 570790 583877 607567 613954 636827 651082 662882 668901 665603 656869 655700 660325 669650 661769 668246 677212 684162 678553 715689 747615 780513 818898 837404 843037 822844 812485 812860 816843 798150 802418 829275 861859 864904 864708 836172 2.85507e+07 1.67546e+07 1.65972e+07 1.7103e+07 1.8219e+07 1.96172e+07 2.10436e+07 2.23541e+07 2.3484e+07 2.44177e+07 2.51673e+07 2.57569e+07 2.62144e+07 2.65661e+07 2.6835e+07 2.70401e+07 2.71964e+07 2.73158e+07 2.74071e+07 2.74773e+07 2.75314e+07 2.75733e+07 2.76059e+07 2.76314e+07 2.76514e+07 2.76672e+07 2.76797e+07 2.76896e+07 2.76975e+07 2.77038e+07 2.77089e+07 2.7713e+07 2.77163e+07 2.77189e+07 2.77211e+07 2.77228e+07 2.77243e+07 2.77254e+07 2.77264e+07 2.77271e+07 2.77277e+07 2.77283e+07 2.77287e+07 2.7729e+07 2.77293e+07 2.77295e+07 2.77297e+07 2.77299e+07 2.773e+07 2.77301e+07 2.77302e+07 2.77302e+07 2.77303e+07 2.77303e+07 2.77304e+07 2.77304e+07 2.77304e+07 2.77304e+07 2.77305e+07 2.77305e+07 2.77305e+07 2.77305e+07 2.77305e+07 2.77305e+07 2.77305e+07 2.77305e+07 2.77305e+07 2.77305e+07 2.77305e+07 2.77305e+07 2.77305e+07 2.77305e+07 2.77305e+07 2.77305e+07 2.77305e+07 2.77305e+07 2.77305e+07 2.77305e+07 2.77305e+07 2.77305e+07 2.77305e+07 2.77305e+07 2.77305e+07 2.77305e+07 2.77305e+07 2.77305e+07 2.77305e+07 2.77305e+07 2.77305e+07 2.77305e+07 2.77305e+07 2.77305e+07 2.77305e+07 2.77305e+07 2.77305e+07 2.77305e+07 2.77305e+07 2.77305e+07 2.77305e+07 2.77305e+07 0 0 0 0 0 0 0 0 0 0 0 0 0 0 0 0 0 0 0 0 0 0 0 0 0
#obs cpue bio
 3.09878e+06 3.92819e+06 3.50853e+06 3.44099e+06 2.96053e+06 2.45397e+06 2.10774e+06 2.03399e+06 2.3158e+06 1.11764e+06 2.02036e+06 1.63765e+06 1.19645e+06 1.20589e+06 849907 790506 917493 497792 726604 786495 565604 403940 449017 531013 437398 702695 424750 544596 587068 528189 771464 343234 575465 507154 601841 614888 510842 844687 636998 714846 750546 703377 540947 563723 714599 706784 689506 757327 781867 639335 535015 734318 658493 714884 892589 1.33994e+06 911827 612581 787200 947318 869990 682991 665282 1.16751e+06 781452 775691 828934 741480
#pred surv len freq
 0.00457857 0.00744886 0.0112407 0.0159496 0.0214761 0.0275496 0.0336992 0.0393651 0.0441053 0.0477353 0.0503099 0.0520069 0.053024 0.0535336 0.0536783 0.0535845 0.0533802 0.0531891 0.0530633 0.0528486 0.0520658 0.0499558 0.0457873 0.039319 0.0311055
 0.00474447 0.00764887 0.0114166 0.0160141 0.0213483 0.0272049 0.0332004 0.0388483 0.0437203 0.0475774 0.0503871 0.0522591 0.0533763 0.0539441 0.0541526 0.0541522 0.0540502 0.0539086 0.0537056 0.0532447 0.0520711 0.0495215 0.0449939 0.0383478 0.0301615
 0.00489753 0.00790484 0.0118094 0.0165649 0.0220441 0.0279756 0.0339157 0.0393525 0.0438995 0.0474218 0.0499999 0.0518031 0.0529942 0.0537095 0.0540742 0.0542081 0.0542122 0.0541358 0.053922 0.0533337 0.0519092 0.0490386 0.0442208 0.0374138 0.0292389
 0.00508994 0.00821086 0.0122586 0.0171829 0.0228503 0.0289754 0.0350842 0.0406156 0.0451266 0.0484447 0.0506621 0.0520202 0.0527907 0.0532048 0.0534258 0.0535495 0.0536174 0.0536149 0.0534316 0.0527933 0.0512295 0.048165 0.0431735 0.0362939 0.0281889
 0.00534034 0.00861221 0.0128518 0.0180022 0.0239169 0.030288 0.0366093 0.0422826 0.0468322 0.0500617 0.0520483 0.0530319 0.0533095 0.0531757 0.0528833 0.0526097 0.052433 0.0523186 0.0520967 0.0514291 0.04981 0.0466752 0.0416491 0.0348289 0.0269036
 0.00558163 0.00900237 0.0134355 0.0188203 0.0250003 0.0316468 0.03822 0.044082 0.0487229 0.0519257 0.05376 0.0544648 0.0543415 0.0536999 0.0528308 0.0519743 0.0512817 0.0507732 0.0502934 0.0494809 0.0477957 0.044659 0.0397097 0.033069 0.0254283
 0.00583465 0.00941081 0.0140452 0.0196734 0.026129 0.0330631 0.0399033 0.045973 0.0507282 0.0539318 0.0556466 0.0561137 0.0556394 0.0545414 0.0531249 0.0516587 0.0503421 0.0492566 0.0483048 0.047163 0.0453053 0.0421532 0.0373423 0.0309828 0.0237328
 0.00613192 0.00988486 0.014742 0.0206307 0.0273717 0.0345946 0.0416955 0.0479605 0.0528147 0.0560044 0.0575909 0.0578217 0.0570119 0.0554867 0.0535588 0.0515083 0.0495577 0.04783 0.0462869 0.0446717 0.0425177 0.039285 0.0346179 0.0285996 0.0218244
 0.00641332 0.0103393 0.0154203 0.0215783 0.0286206 0.0361507 0.0435252 0.0499867 0.0549277 0.0580828 0.0595205 0.0595042 0.0583641 0.0564358 0.0540365 0.0514492 0.0489035 0.0465446 0.0443797 0.0422215 0.0396845 0.0362986 0.0317403 0.0260694 0.0198028
 0.00671015 0.0108216 0.0161457 0.0226008 0.02998 0.0378575 0.0455433 0.0522261 0.0572556 0.0603482 0.0615796 0.0612378 0.0596845 0.0572841 0.0543734 0.0512433 0.0481239 0.0451654 0.0424007 0.0396982 0.0367547 0.0331849 0.0287167 0.023398 0.017666
 0.00701012 0.0112985 0.0168444 0.0235579 0.0312209 0.0393893 0.0473444 0.054238 0.0593841 0.0624733 0.0635705 0.0629679 0.0610442 0.05819 0.0547701 0.0510975 0.0474152 0.0438823 0.0405495 0.0373281 0.0339853 0.0302184 0.0258131 0.0208157 0.0155913
 0.00718057 0.0115844 0.0172911 0.0242133 0.032126 0.0405638 0.0487722 0.0558644 0.061126 0.0642371 0.0652648 0.0645062 0.0623423 0.0591658 0.0553476 0.0512129 0.0470211 0.0429508 0.0390793 0.0353604 0.0316254 0.0276452 0.0232611 0.0185231 0.0137353
 0.00744845 0.0120186 0.0179422 0.0251279 0.033338 0.0420802 0.0505581 0.0578353 0.0631569 0.0661854 0.0669963 0.065915 0.063359 0.0597542 0.0554934 0.0509094 0.0462615 0.0417286 0.0374009 0.0332655 0.0292095 0.025071 0.0207422 0.0162774 0.0119249
 0.00779119 0.0125592 0.0187252 0.0261843 0.0346811 0.0436988 0.0524069 0.0598295 0.0651785 0.0680997 0.0686716 0.0672388 0.0642502 0.0601685 0.0554219 0.0503691 0.0452802 0.0403354 0.0356274 0.0311611 0.0268636 0.0226263 0.0183839 0.0141935 0.0102541
 0.00792593 0.0127882 0.0190883 0.0267248 0.0354372 0.0446893 0.053618 0.061211 0.0666529 0.0695777 0.0700645 0.0684631 0.0652284 0.0608319 0.0557168 0.0502629 0.0447636 0.0394196 0.0343422 0.029559 0.0250302 0.0206876 0.016497 0.0125163 0.00890357
 0.00813589 0.0131272 0.0195942 0.0274318 0.0363697 0.0458521 0.0549847 0.0627176 0.0682031 0.0710593 0.0713687 0.0695008 0.0659389 0.0611835 0.0557001 0.0498827 0.0440329 0.0383594 0.0329857 0.0279589 0.0232674 0.0188748 0.0147689 0.0110034 0.00769844
 0.00821283 0.0132653 0.0198266 0.0277982 0.0369087 0.0465884 0.0559161 0.0638095 0.069393 0.0722676 0.07251 0.0704924 0.0667084 0.0616754 0.0558804 0.0497389 0.0435701 0.0375961 0.0319531 0.0267055 0.0218654 0.0174221 0.0133799 0.00978653 0.00672965
 0.00827294 0.0133615 0.0199695 0.0279998 0.0371839 0.0469554 0.0563935 0.0644097 0.0701131 0.0730821 0.0733692 0.0713286 0.0674472 0.0622479 0.0562318 0.0498327 0.0433899 0.0371446 0.0312514 0.0257949 0.0208094 0.0163056 0.0123003 0.00883523 0.00597003
 0.00838066 0.0135117 0.0201499 0.0281848 0.0373436 0.0470704 0.0564668 0.064469 0.0702035 0.0732509 0.0736499 0.0717281 0.0679394 0.0627769 0.0567235 0.0502107 0.0435904 0.0371265 0.0310019 0.025331 0.0201773 0.0155761 0.0115576 0.00815964 0.00541973
 0.00848824 0.0136721 0.0203631 0.0284383 0.0376124 0.0473194 0.0566567 0.0645665 0.0701952 0.0731553 0.0735183 0.0716295 0.0679348 0.0628949 0.0569491 0.0504905 0.0438493 0.0372897 0.0310141 0.0251693 0.0198553 0.0151397 0.0110731 0.00769579 0.00502966
 0.00853307 0.0137374 0.0204472 0.0285342 0.037709 0.0474035 0.0567146 0.0645855 0.0701651 0.073073 0.0733938 0.0714899 0.067822 0.0628544 0.0570121 0.0506583 0.0440876 0.0375378 0.031204 0.0252477 0.0198002 0.0149652 0.0108215 0.00742173 0.00478124
 0.00860609 0.0138556 0.0206234 0.0287778 0.0380213 0.0477721 0.0571092 0.0649594 0.0704653 0.0732546 0.073432 0.0713855 0.0676013 0.0625635 0.0567073 0.0503911 0.0438893 0.0374093 0.0311181 0.0251631 0.0196814 0.0147981 0.0106173 0.00720838 0.0045894
 0.00859347 0.0138429 0.0206189 0.0287951 0.0380767 0.04788 0.0572767 0.0651816 0.0707234 0.0735169 0.0736594 0.0715407 0.0676595 0.0625207 0.0565819 0.0502182 0.0437088 0.0372515 0.0309936 0.0250623 0.0195841 0.0146871 0.010489 0.0070732 0.00446448
 0.00866989 0.0139534 0.0207603 0.0289567 0.038245 0.0480453 0.0574374 0.065343 0.0708915 0.0736909 0.0738268 0.0716785 0.06774 0.0625207 0.0564922 0.0500481 0.0434842 0.0370063 0.0307579 0.0248535 0.0194047 0.0145311 0.0103501 0.00695052 0.00436175
 0.00864994 0.0139214 0.0207126 0.0288897 0.0381556 0.0479317 0.0573018 0.0651951 0.0707507 0.0735852 0.0737859 0.0717228 0.0678701 0.0627145 0.0567112 0.0502512 0.0436419 0.0371073 0.0308076 0.0248653 0.0193919 0.0145023 0.0103108 0.0069058 0.00431761
 0.00858125 0.0138109 0.0205492 0.0286648 0.0378664 0.0475853 0.0569182 0.0648072 0.0703991 0.0733097 0.0736194 0.071687 0.0679732 0.0629482 0.0570489 0.0506505 0.0440531 0.0374861 0.0311244 0.0251082 0.0195635 0.014613 0.0103737 0.00693438 0.00432447
 0.00855043 0.0137628 0.0204802 0.028572 0.0377471 0.0474369 0.0567392 0.0645995 0.070171 0.0730781 0.0734082 0.0715243 0.0678852 0.0629534 0.0571529 0.0508433 0.0443095 0.0377706 0.0314002 0.0253467 0.0197489 0.0147427 0.0104548 0.00697837 0.0043438
 0.00852663 0.0137259 0.0204277 0.0285031 0.0376622 0.0473374 0.0566276 0.064479 0.0700443 0.0729477 0.0732779 0.0714015 0.0677829 0.0628893 0.0571448 0.0509026 0.0444357 0.0379494 0.0316067 0.025552 0.0199286 0.0148825 0.0105515 0.00703763 0.00437541
 0.00850458 0.0136911 0.0203776 0.028436 0.0375779 0.0472382 0.056518 0.064366 0.0699358 0.0728501 0.0731949 0.0713341 0.0677317 0.062857 0.0571378 0.05093 0.0445052 0.0380619 0.0317533 0.0257151 0.020087 0.0150183 0.0106547 0.00710707 0.00441673
 0.00850745 0.0136766 0.0203209 0.028304 0.0373399 0.0468813 0.0560606 0.063858 0.0694458 0.0724448 0.0729219 0.071214 0.0677598 0.0630099 0.0573837 0.0512366 0.0448457 0.0384158 0.0321036 0.0260456 0.0203813 0.0152628 0.0108419 0.00723802 0.00449971
 0.00862104 0.0138393 0.0205238 0.0285213 0.0375313 0.0469996 0.0560612 0.0637103 0.0691452 0.0720207 0.0724356 0.0707432 0.0673756 0.062758 0.0572767 0.0512603 0.04497 0.0386068 0.0323301 0.0262814 0.0206052 0.0154582 0.0109983 0.00735195 0.00457483
 0.00857341 0.0137815 0.020472 0.0285 0.037563 0.0470901 0.0561888 0.0638277 0.069195 0.0719582 0.0722474 0.0704538 0.0670398 0.0624436 0.0570437 0.0511442 0.0449768 0.0387176 0.032512 0.0264983 0.0208251 0.0156571 0.0111612 0.00747316 0.00465654
 0.00850639 0.0136767 0.0203234 0.0283083 0.0373396 0.0468602 0.0559896 0.0636989 0.0691614 0.0720143 0.072355 0.0705583 0.0670966 0.0624385 0.0569967 0.0510966 0.0449702 0.0387766 0.0326376 0.0266723 0.0210196 0.0158445 0.0113213 0.0075959 0.0047412
 0.0084738 0.0136223 0.0202392 0.0281861 0.0371737 0.0466509 0.0557481 0.0634495 0.0689393 0.0718569 0.0722891 0.0705883 0.0672005 0.062577 0.0571317 0.0512081 0.0450619 0.0388679 0.0327482 0.0268099 0.0211767 0.0160038 0.0114644 0.00771015 0.00482262
 0.00849894 0.0136492 0.0202538 0.0281667 0.0370964 0.0464987 0.0555192 0.0631602 0.068621 0.0715496 0.0720341 0.0704205 0.0671402 0.0626238 0.0572638 0.0513913 0.0452629 0.0390657 0.0329368 0.026991 0.0213514 0.0161672 0.0116074 0.00782463 0.00490523
 0.00836061 0.0134468 0.0199901 0.0278571 0.0367618 0.0461561 0.0551762 0.0628179 0.0682836 0.0712332 0.0717692 0.0702452 0.0670886 0.0627143 0.0574922 0.051731 0.0456725 0.0395002 0.0333585 0.0273755 0.0216858 0.016446 0.0118288 0.00798971 0.00501912
 0.00831433 0.0133781 0.0198994 0.0277504 0.0366506 0.0460556 0.0551012 0.0627773 0.0682737 0.0712355 0.0717562 0.0701943 0.0669967 0.062602 0.0573953 0.0516845 0.0456956 0.0395914 0.0335002 0.0275428 0.021856 0.0166023 0.0119609 0.00809279 0.00509301
 0.00815447 0.0131264 0.0195367 0.0272673 0.0360522 0.0453675 0.0543747 0.0620869 0.0677028 0.0708544 0.0716021 0.0702632 0.06725 0.062984 0.057853 0.05218 0.0462075 0.0401065 0.0340044 0.0280174 0.0222803 0.0169591 0.0122412 0.00829731 0.00523075
 0.00808419 0.013012 0.0193642 0.0270232 0.0357261 0.0449561 0.0538877 0.0615506 0.0671611 0.0703631 0.0712196 0.070038 0.067208 0.0631223 0.058142 0.0525752 0.0466631 0.0405852 0.0344786 0.0284662 0.022685 0.017304 0.012516 0.0085002 0.00536846
 0.00807232 0.012986 0.0193125 0.0269301 0.035575 0.0447341 0.0535909 0.0611867 0.0667493 0.0699327 0.070808 0.0696883 0.0669633 0.0630167 0.0581917 0.0527727 0.0469798 0.0409801 0.0349087 0.0288936 0.0230798 0.0176449 0.0127903 0.00870438 0.00550805
 0.00808025 0.0130005 0.0193366 0.0269658 0.0356198 0.0447782 0.0536149 0.0611649 0.0666572 0.0697566 0.070552 0.0693757 0.0666331 0.0627159 0.0579657 0.0526553 0.0469856 0.0411011 0.0351184 0.0291552 0.0233557 0.0179031 0.013009 0.00887306 0.00562632
 0.00819167 0.0131663 0.0195575 0.0272326 0.0359158 0.0450833 0.0539078 0.0614218 0.0668502 0.0698551 0.0705287 0.0692156 0.0663424 0.0623248 0.0575247 0.0522242 0.0466189 0.0408362 0.0349684 0.0291099 0.0233885 0.0179811 0.0131019 0.00895906 0.00569382
 0.00833251 0.0133879 0.0198765 0.0276566 0.0364395 0.0456833 0.054539 0.0620215 0.0673502 0.0701978 0.0706788 0.0691618 0.066093 0.0619048 0.0569745 0.0515984 0.0459813 0.0402487 0.0344789 0.028743 0.0231443 0.0178402 0.0130354 0.00893768 0.00569448
 0.00832523 0.0133912 0.0199095 0.0277469 0.0366161 0.0459657 0.0549266 0.0624889 0.0678504 0.0706723 0.0710687 0.0694188 0.0661869 0.0618265 0.0567361 0.0512305 0.0455295 0.0397677 0.0340231 0.0283561 0.0228506 0.0176425 0.012919 0.00887956 0.00567147
 0.00825001 0.0132772 0.0197547 0.027558 0.0364113 0.0457756 0.0547927 0.0624559 0.0679527 0.0709185 0.0714335 0.069847 0.0666084 0.0621752 0.0569646 0.0513182 0.0454835 0.0396179 0.0338138 0.0281345 0.0226553 0.0174957 0.0128252 0.00882969 0.00565094
 0.00813636 0.0131018 0.0195085 0.0272402 0.0360305 0.0453518 0.0543594 0.0620607 0.067652 0.0707667 0.0714679 0.0700749 0.0670014 0.0626732 0.0574903 0.0517972 0.0458619 0.0398726 0.0339519 0.0281847 0.0226545 0.0174766 0.0128085 0.0088231 0.0056532
 0.00821173 0.0132087 0.0196401 0.0273798 0.0361552 0.0454393 0.0543941 0.0620366 0.0675737 0.070649 0.0713353 0.0699583 0.0669306 0.0626663 0.057545 0.0518895 0.0459544 0.0399293 0.0339524 0.0281299 0.0225629 0.0173742 0.0127175 0.00875558 0.00561061
 0.00819212 0.0131792 0.0195996 0.0273275 0.0360893 0.0453553 0.0542854 0.0618975 0.067405 0.0704621 0.0711531 0.069811 0.0668479 0.0626696 0.057641 0.0520665 0.0461837 0.0401715 0.0341688 0.0282942 0.0226675 0.0174277 0.0127373 0.00875874 0.00560865
 0.00811852 0.0130694 0.0194531 0.0271505 0.0358933 0.0451542 0.0540925 0.0617238 0.0672572 0.0703428 0.0710624 0.0697504 0.0668241 0.0626944 0.0577271 0.0522199 0.0463973 0.0404242 0.0344294 0.0285309 0.0228575 0.0175629 0.0128229 0.00880741 0.00563401
 0.00806977 0.0129904 0.0193351 0.0269869 0.0356828 0.0449042 0.0538218 0.0614607 0.0670324 0.0701795 0.0709703 0.0697257 0.0668554 0.0627705 0.0578422 0.0523737 0.0465901 0.0406503 0.0346738 0.0287713 0.0230708 0.0177329 0.0129444 0.00888552 0.00567942
 0.00811666 0.0130616 0.0194323 0.0271069 0.0358169 0.045038 0.0539363 0.0615355 0.0670516 0.0701374 0.0708734 0.0695898 0.0666993 0.0626113 0.0576936 0.0522475 0.046497 0.0405979 0.0346635 0.0287957 0.0231159 0.0177828 0.012987 0.00891531 0.00569685
 0.0078937 0.0127117 0.0189304 0.0264414 0.034995 0.044093 0.0529324 0.0605651 0.0662187 0.0695342 0.0705591 0.0695824 0.0669788 0.0631291 0.0583846 0.0530421 0.0473309 0.041419 0.0354326 0.0294847 0.0237047 0.0182591 0.0133479 0.00916886 0.00586051
 0.00778322 0.0125269 0.0186429 0.026022 0.034421 0.0433589 0.0520616 0.0596147 0.0652737 0.0686921 0.0699123 0.0692019 0.0669024 0.0633567 0.0588805 0.0537437 0.0481623 0.0423032 0.0363022 0.0302862 0.0244008 0.0188279 0.0137829 0.00947763 0.00606228
 0.00767449 0.0123559 0.0183956 0.0256872 0.0339897 0.0428249 0.0514251 0.058888 0.0644875 0.0678984 0.0691818 0.068615 0.0665348 0.0632627 0.0590801 0.0542179 0.0488571 0.0431415 0.0371982 0.0311602 0.0251888 0.0194878 0.0142957 0.00984604 0.00630546
 0.00752363 0.0121199 0.0180578 0.0252389 0.033432 0.0421702 0.0506993 0.0581291 0.0637393 0.067203 0.0685765 0.0681346 0.066217 0.0631477 0.0592028 0.0545945 0.0494735 0.0439496 0.0381225 0.0321121 0.0260841 0.0202614 0.0149107 0.0102949 0.00660526
 0.0075687 0.0121737 0.0181026 0.0252457 0.033367 0.0420066 0.0504263 0.0577552 0.0632877 0.0667035 0.068059 0.0676287 0.0657537 0.0627638 0.0589411 0.0544986 0.0495751 0.0442551 0.0386042 0.0327111 0.0267233 0.0208652 0.0154224 0.0106861 0.00687529
 0.00767472 0.0123402 0.0183406 0.0255571 0.0337394 0.0424073 0.0508007 0.058034 0.063405 0.0666179 0.0677673 0.0671634 0.0651709 0.0621291 0.0583214 0.0539577 0.04917 0.0440272 0.0385688 0.03285 0.0269881 0.0211904 0.0157439 0.0109581 0.00707669
 0.00782933 0.0125937 0.0187251 0.0261015 0.03446 0.0432941 0.0518044 0.0590617 0.0643331 0.0673175 0.0681339 0.0671404 0.064761 0.0613913 0.0573557 0.0528837 0.0481066 0.0430763 0.037803 0.0323043 0.0266577 0.021037 0.0157113 0.0109893 0.00712806
 0.00776415 0.0125166 0.0186635 0.026101 0.0345757 0.0435743 0.0522737 0.0597104 0.0651137 0.0681489 0.0689105 0.0677494 0.0651057 0.0614147 0.057056 0.0523154 0.047366 0.0422781 0.0370553 0.0316873 0.0262115 0.0207609 0.0155733 0.0109434 0.00713039
 0.00760331 0.0122691 0.0183191 0.0256655 0.0340761 0.0430641 0.0518323 0.0594329 0.065086 0.0684171 0.0694588 0.0684982 0.0659305 0.0621774 0.0576388 0.0526483 0.0474402 0.0421423 0.0367945 0.0313948 0.0259611 0.0205918 0.0154892 0.0109234 0.00714554
 0.00752998 0.0121386 0.0181025 0.025331 0.0335993 0.0424434 0.0511044 0.0586771 0.0644133 0.0679458 0.0692846 0.0686678 0.0664247 0.062912 0.058484 0.0534629 0.0481102 0.0426078 0.0370574 0.0315038 0.0259845 0.0205894 0.0154959 0.0109482 0.00718128
 0.00759582 0.0122413 0.0182473 0.0255151 0.0338071 0.0426422 0.0512448 0.0587044 0.0642887 0.0676696 0.0689077 0.0682807 0.0661275 0.062778 0.0585323 0.0536533 0.0483613 0.0428308 0.0371903 0.0315297 0.0259275 0.020494 0.0154034 0.0108819 0.00714513
 0.00750463 0.0121034 0.0180594 0.0252821 0.0335415 0.0423617 0.0509693 0.0584504 0.0640644 0.0674725 0.0687307 0.0681251 0.0660151 0.0627499 0.0586321 0.0539015 0.0487377 0.0432767 0.0376302 0.0319002 0.0261978 0.0206678 0.0155052 0.0109401 0.0071805
 0.00739244 0.0119108 0.0177521 0.0248252 0.0329117 0.0415649 0.0500539 0.0575066 0.0632034 0.0667952 0.0683013 0.067962 0.0660996 0.0630455 0.0591023 0.0545164 0.049467 0.0440779 0.0384437 0.032659 0.0268456 0.0211744 0.0158704 0.0111847 0.00733403
 0.00730536 0.0117673 0.0175316 0.0245047 0.0324679 0.040979 0.049321 0.0566468 0.0622698 0.0658738 0.0674982 0.0673796 0.0658103 0.063075 0.0594302 0.0550914 0.0502244 0.0449496 0.0393602 0.0335501 0.0276469 0.0218387 0.0163767 0.0115392 0.00756216
 0.00729803 0.0117649 0.0175442 0.0245446 0.0325417 0.0410773 0.0494113 0.0566753 0.0621763 0.0656136 0.067064 0.0668121 0.0651925 0.0625106 0.0590144 0.0548858 0.0502463 0.0451759 0.0397394 0.0340157 0.0281304 0.0222812 0.0167389 0.011806 0.00773943
 0.00699437 0.0113351 0.0170162 0.0239858 0.0320415 0.0407173 0.0492384 0.0566905 0.0623372 0.0658479 0.0672872 0.0669508 0.0652073 0.0624109 0.0588562 0.0547508 0.0502119 0.0452888 0.0400035 0.0343961 0.0285683 0.0227132 0.0171142 0.0120963 0.00794044
 0.00665047 0.0108157 0.0163116 0.0231214 0.0310808 0.0397592 0.0484083 0.0561188 0.0621227 0.0660187 0.0677827 0.0676391 0.0659315 0.0630409 0.0593243 0.0550605 0.0504206 0.045475 0.0402319 0.0346948 0.0289246 0.023087 0.0174589 0.0123772 0.00814352
#obs surv len freq
 nan nan nan nan nan nan nan nan nan nan nan nan nan nan nan nan nan nan nan nan nan nan nan nan nan
 0.00448887 0.00735221 0.0111841 0.0160019 0.0217033 0.0279786 0.0342918 0.0400216 0.0446993 0.048161 0.0505167 0.0520103 0.0529005 0.0534111 0.0537239 0.0539777 0.0542555 0.0545477 0.0546861 0.0542779 0.0527161 0.0493487 0.0437993 0.0362805 0.0276655
 0.00461412 0.00755992 0.0115039 0.0164627 0.022326 0.0287647 0.0352127 0.0410159 0.0456824 0.0490423 0.0512175 0.0524751 0.053102 0.0533494 0.0534219 0.0534733 0.0535926 0.0537695 0.0538319 0.0533851 0.0518238 0.0485005 0.0430404 0.0356492 0.027183
 0.00478154 0.00783174 0.0119126 0.0170388 0.0230931 0.0297308 0.0363596 0.0422934 0.0470103 0.0503218 0.0523447 0.0533552 0.0536611 0.053544 0.0532428 0.0529428 0.0527574 0.0526903 0.0525764 0.0520243 0.0504339 0.0471626 0.0418351 0.0346429 0.0264125
 0.00497433 0.00814742 0.0123918 0.0177204 0.0240066 0.0308843 0.0377275 0.0438129 0.0485907 0.0518604 0.0537407 0.054516 0.0545047 0.0540024 0.0532694 0.0525203 0.0519015 0.0514495 0.0510265 0.0502639 0.0485795 0.0453428 0.0401764 0.0332488 0.025341
 0.00518344 0.0084899 0.012912 0.0184618 0.0250035 0.0321491 0.0392374 0.045504 0.050366 0.0536075 0.0553487 0.0558859 0.0555519 0.0546567 0.0534745 0.0522368 0.051114 0.0501753 0.0493235 0.0482339 0.0463658 0.0431172 0.0381151 0.0314986 0.0239874
 0.00540202 0.00884884 0.013459 0.0192439 0.0260583 0.0334912 0.0408434 0.0473074 0.052266 0.0554877 0.0570945 0.0573947 0.0567364 0.0554443 0.0538054 0.0520638 0.0504058 0.0489256 0.0475659 0.0460563 0.0439168 0.0405955 0.0357382 0.0294552 0.0223938
 0.00564208 0.00924057 0.0140515 0.020084 0.0271827 0.0349123 0.0425355 0.0492006 0.0542556 0.0574529 0.0589177 0.0589719 0.0579811 0.0562859 0.0541867 0.0519379 0.0497361 0.0476934 0.0457865 0.0438004 0.0413257 0.037878 0.0331369 0.0271917 0.0206124
 0.00587443 0.0096237 0.0146381 0.0209264 0.0283227 0.0363646 0.0442717 0.0511438 0.0562922 0.0594557 0.0607662 0.0605639 0.0592341 0.0571351 0.0545803 0.0518328 0.0490965 0.0464961 0.0440357 0.0415516 0.0387077 0.0350953 0.0304405 0.0248207 0.0187302
 0.00612972 0.010039 0.0152639 0.0218105 0.0295014 0.0378496 0.0460346 0.0531103 0.0583505 0.0614763 0.0626228 0.0621476 0.0604595 0.0579402 0.0549219 0.0516793 0.0484225 0.0452837 0.0422877 0.0393152 0.0360994 0.0323089 0.0277228 0.0224145 0.0168078
 0.00636476 0.0104276 0.0158604 0.0226689 0.0306642 0.0393298 0.0477988 0.0550737 0.0603914 0.0634608 0.0644277 0.0636713 0.061624 0.0586886 0.0552148 0.05149 0.0477327 0.0440829 0.0405829 0.0371509 0.0335819 0.0296176 0.0250903 0.0200742 0.0149297
 0.0066103 0.010827 0.0164621 0.0235187 0.031797 0.0407567 0.0494921 0.0569605 0.0623607 0.0653833 0.0661763 0.065137 0.0627238 0.059367 0.0554398 0.0512455 0.0470113 0.0428843 0.0389209 0.0350713 0.0311842 0.027066 0.0225983 0.0178579 0.013148
 0.00683492 0.0111987 0.0170332 0.0243412 0.0329105 0.0421712 0.0511712 0.0588172 0.0642727 0.0672185 0.0678156 0.0664847 0.0637097 0.0599437 0.0555799 0.0509375 0.0462551 0.0416888 0.0373083 0.0330908 0.02893 0.0246878 0.020288 0.0158087 0.0115022
 0.00707524 0.0115897 0.0176225 0.025173 0.0340176 0.0435608 0.0528102 0.0606262 0.0661345 0.0689995 0.0693887 0.0677463 0.0645875 0.0603976 0.0555964 0.0505212 0.0454208 0.0404578 0.0357124 0.0311836 0.0268024 0.0224757 0.018161 0.0139352 0.0100042
 0.00727477 0.0119222 0.0181375 0.0259207 0.0350371 0.0448625 0.0543591 0.0623377 0.0678888 0.0706665 0.0708503 0.0689086 0.0653843 0.0607897 0.0555694 0.0500815 0.0445892 0.0392651 0.0341997 0.0294095 0.0248547 0.0204771 0.016259 0.0122727 0.00868225
 0.00744526 0.0121993 0.0185548 0.0265107 0.0358264 0.0458634 0.055559 0.0636921 0.0693226 0.072084 0.0721487 0.0699921 0.0661747 0.061234 0.0556406 0.0497757 0.0439207 0.0382624 0.0329048 0.0278824 0.0231794 0.0187644 0.0146368 0.0108614 0.00756435
 0.00752353 0.0123318 0.0187642 0.0268219 0.036263 0.0464402 0.0562753 0.0645289 0.0702457 0.0730489 0.0731046 0.0708817 0.0669354 0.061802 0.0559594 0.0498041 0.0436384 0.0376718 0.0320314 0.0267758 0.021915 0.0174415 0.0133672 0.00974884 0.00667979
 0.00758492 0.0124234 0.0188877 0.0269759 0.0364464 0.0466574 0.0565381 0.0648543 0.0706486 0.0735348 0.0736638 0.0714879 0.0675475 0.062367 0.0564175 0.0500954 0.043712 0.0374953 0.0315984 0.0261108 0.0210745 0.0165089 0.01244 0.00891857 0.00601077
 0.00766137 0.0125397 0.0190474 0.0271759 0.0366772 0.046904 0.056783 0.0650817 0.0708515 0.07372 0.0738507 0.0716998 0.0677985 0.0626516 0.0567072 0.0503432 0.0438623 0.0374963 0.0314155 0.0257376 0.0205386 0.0158691 0.0117746 0.00830553 0.00550775
 0.00769315 0.0125898 0.0191196 0.0272723 0.0367968 0.0470421 0.0569301 0.0652248 0.0709778 0.0738223 0.0739321 0.0717743 0.0678866 0.0627714 0.0568638 0.0505219 0.0440281 0.0376017 0.0314143 0.0256004 0.0202644 0.0154892 0.0113441 0.00788697 0.00515197
 0.00776138 0.0126914 0.0192551 0.0274362 0.0369789 0.0472304 0.0571125 0.0653897 0.0711142 0.0739208 0.0739876 0.0717881 0.0678685 0.0627382 0.0568346 0.0505096 0.0440316 0.0376027 0.0313821 0.0255042 0.0200874 0.0152385 0.0110499 0.00759175 0.00489461
 0.00781375 0.0127753 0.0193786 0.0276043 0.0371909 0.0474765 0.0573721 0.0656338 0.0713129 0.0740526 0.0740445 0.071776 0.0678015 0.0626346 0.0567132 0.0503875 0.0439202 0.0375035 0.0312848 0.0253908 0.0199417 0.0150558 0.0108422 0.00738284 0.00471021
 0.00783672 0.0128103 0.0194273 0.0276671 0.0372681 0.0475686 0.0574794 0.0657546 0.0714413 0.0741771 0.0741504 0.0718493 0.0678341 0.0626262 0.0566712 0.0503236 0.0438463 0.0374276 0.0312082 0.0253076 0.0198436 0.014938 0.0107089 0.00724685 0.00458756
 0.00787828 0.0128697 0.0195013 0.0277478 0.0373449 0.0476324 0.0575259 0.0657855 0.0714627 0.074197 0.0741746 0.0718787 0.0678641 0.0626484 0.0566776 0.0503102 0.0438145 0.037382 0.0311531 0.0252446 0.0197714 0.0148556 0.0106186 0.00715584 0.00450525
 0.00788345 0.0128816 0.0195255 0.0277901 0.0374089 0.0477153 0.0576166 0.0658668 0.0715183 0.0742188 0.0741667 0.0718539 0.0678369 0.0626284 0.0566664 0.0503029 0.0438041 0.0373633 0.031124 0.0252052 0.0197226 0.0147989 0.0105571 0.00709436 0.00444985
 0.00787267 0.0128587 0.0194817 0.0277159 0.037298 0.047571 0.057455 0.0657141 0.0714014 0.0741555 0.07416 0.0718958 0.067915 0.0627315 0.0567858 0.0504306 0.0439308 0.0374791 0.0312202 0.0252763 0.0197668 0.0148183 0.0105562 0.00708005 0.00442947
 0.00789231 0.0128846 0.0195092 0.0277357 0.037298 0.0475389 0.0573824 0.0656005 0.071257 0.0740008 0.0740216 0.071798 0.067872 0.0627448 0.056846 0.0505231 0.0440404 0.0375919 0.0313246 0.0253634 0.0198315 0.0148591 0.0105759 0.00708399 0.00442414
 0.00788486 0.0128731 0.0194928 0.0277136 0.0372683 0.0474984 0.0573266 0.0655245 0.0711586 0.0738834 0.073896 0.0716818 0.0677861 0.0627062 0.0568627 0.0505919 0.0441485 0.0377216 0.0314579 0.0254855 0.0199321 0.0149336 0.0106246 0.0071112 0.0044361
 0.0078846 0.0128699 0.0194829 0.0276921 0.0372308 0.047443 0.0572555 0.0654436 0.0710746 0.0738012 0.0738183 0.0716106 0.0677255 0.0626642 0.0568493 0.0506149 0.0442095 0.0378142 0.0315692 0.0255999 0.0200359 0.0150176 0.0106852 0.00714981 0.00445752
 0.00785159 0.0128181 0.0194084 0.0275926 0.037106 0.0472957 0.0570922 0.0652754 0.0709165 0.0736692 0.0737254 0.0715644 0.0677266 0.0627077 0.0569284 0.0507232 0.0443418 0.0379645 0.0317292 0.0257583 0.0201805 0.0151383 0.0107768 0.00721273 0.00449631
 0.00784601 0.0128038 0.0193774 0.0275346 0.0370117 0.0471611 0.0569225 0.0650854 0.0707267 0.0735001 0.0735938 0.0714811 0.0676962 0.0627296 0.0569972 0.0508304 0.0444775 0.0381186 0.0318917 0.0259189 0.0203287 0.015265 0.0108762 0.00728368 0.00454206
 0.00781554 0.012755 0.0193051 0.0274341 0.0368794 0.0469952 0.0567254 0.0648653 0.0704989 0.0732859 0.0734167 0.0713621 0.0676489 0.0627578 0.0570948 0.0509843 0.0446709 0.0383341 0.0321129 0.0261314 0.0205203 0.0154266 0.0110027 0.00737481 0.00460194
 0.00779967 0.0127289 0.0192655 0.0273776 0.0368031 0.0468978 0.0566078 0.0647311 0.0703536 0.0731369 0.0732734 0.0712363 0.0675547 0.0627087 0.0571003 0.0510467 0.0447843 0.0384862 0.0322873 0.0263112 0.0206901 0.0155745 0.0111215 0.00746227 0.00466063
 0.00776852 0.012677 0.019185 0.0272612 0.0366463 0.0467019 0.0563829 0.0644959 0.0701312 0.0729487 0.0731344 0.0711535 0.0675288 0.0627372 0.05718 0.0511736 0.0449526 0.0386863 0.032506 0.0265321 0.0208971 0.0157542 0.0112654 0.00756825 0.00473193
 0.00772972 0.0126125 0.0190856 0.0271177 0.036452 0.0464562 0.0560951 0.064186 0.0698278 0.072683 0.0729339 0.0710368 0.0675031 0.0627988 0.057317 0.0513701 0.0451919 0.0389522 0.0327825 0.0268032 0.0211468 0.0159692 0.0114372 0.00769472 0.00481713
 0.00769014 0.0125499 0.0189946 0.0269941 0.0362931 0.0462619 0.0558688 0.0639365 0.0695696 0.0724354 0.072719 0.0708765 0.0674155 0.0627944 0.0573964 0.0515246 0.0454056 0.0392056 0.0330551 0.0270751 0.0214002 0.0161894 0.0116148 0.00782664 0.0049068
 0.00767123 0.0125151 0.0189347 0.0268987 0.0361533 0.0460748 0.0556412 0.0636847 0.0693152 0.0721998 0.0725194 0.0707254 0.0673227 0.0627676 0.0574405 0.0516393 0.0455838 0.0394331 0.0333125 0.0273408 0.0216534 0.0164127 0.0117968 0.00796302 0.00500022
 0.00766418 0.0125049 0.0189211 0.0268813 0.0361298 0.0460397 0.0555859 0.0635999 0.0691954 0.0720478 0.072347 0.0705515 0.0671676 0.0626493 0.0573725 0.0516299 0.0456354 0.0395415 0.0334662 0.0275226 0.0218431 0.016591 0.0119488 0.00808073 0.00508287
 0.00763348 0.0124587 0.0188587 0.0268046 0.0360433 0.0459493 0.0554978 0.0635188 0.069123 0.0719816 0.0722824 0.0704848 0.0671001 0.0625886 0.0573306 0.0516195 0.0456659 0.0396165 0.0335822 0.0276689 0.0220037 0.0167482 0.0120872 0.00819071 0.00516162
 0.0076185 0.0124318 0.0188137 0.0267352 0.035945 0.0458233 0.0553531 0.0633716 0.0689922 0.0718822 0.0722206 0.0704575 0.0670982 0.0626025 0.0573547 0.0516545 0.0457173 0.0396907 0.0336823 0.027792 0.0221405 0.0168853 0.012211 0.0082913 0.0052351
 0.00760192 0.0124102 0.0187908 0.0267166 0.0359357 0.0458236 0.0553567 0.0633676 0.0689703 0.0718386 0.0721601 0.0703909 0.0670367 0.0625528 0.0573192 0.0516329 0.0457102 0.039701 0.0337135 0.0278453 0.0222124 0.0169675 0.0122927 0.00836258 0.00529008
 0.00758675 0.0123837 0.018748 0.0266529 0.0358496 0.0457198 0.0552471 0.0632687 0.0688969 0.0717974 0.0721479 0.070398 0.0670538 0.0625751 0.0573461 0.0516661 0.0457512 0.0397507 0.0337727 0.027914 0.022289 0.0170472 0.0123687 0.00842811 0.00534071
 0.00755085 0.0123297 0.0186749 0.0265623 0.0357445 0.0456038 0.0551242 0.0631448 0.0687813 0.0717025 0.0720865 0.0703782 0.0670757 0.0626314 0.0574255 0.0517578 0.0458479 0.0398486 0.0338704 0.0280106 0.0223828 0.0171354 0.0124473 0.00849311 0.0053898
 0.00754488 0.0123145 0.018642 0.0265014 0.0356472 0.0454681 0.0549588 0.0629678 0.0686147 0.0715656 0.0719912 0.0703298 0.0670745 0.062674 0.0575053 0.0518651 0.0459715 0.0399782 0.0339982 0.0281317 0.0224939 0.0172338 0.0125304 0.00855906 0.00543823
 0.00753482 0.0123034 0.0186344 0.0265032 0.0356621 0.0454934 0.054983 0.0629738 0.0685875 0.0715 0.0718954 0.0702217 0.0669743 0.062598 0.0574625 0.0518572 0.0459948 0.0400254 0.0340608 0.0282016 0.0225645 0.0173 0.0125884 0.00860633 0.00547367
 0.00752847 0.01229 0.0186092 0.0264612 0.0356007 0.0454159 0.0548997 0.0628989 0.0685325 0.0714677 0.071879 0.0702103 0.0669608 0.0625834 0.0574544 0.0518648 0.0460238 0.0400762 0.0341286 0.028279 0.0226434 0.0173735 0.0126516 0.00865645 0.00551021
 0.0075041 0.0122539 0.0185613 0.0264029 0.0355343 0.0453427 0.0548203 0.0628149 0.0684489 0.0713934 0.0718245 0.0701829 0.0669612 0.062606 0.0574919 0.0519124 0.0460804 0.0401427 0.0342049 0.0283618 0.0227272 0.0174516 0.0127186 0.00870914 0.00554814
 0.00751211 0.0122646 0.018573 0.0264131 0.03554 0.0453422 0.0548134 0.0628026 0.0684315 0.07137 0.0717938 0.0701455 0.0669204 0.0625675 0.0574607 0.0518916 0.0460716 0.0401463 0.034221 0.0283895 0.0227636 0.017492 0.0127577 0.00874273 0.00557382
 0.00750091 0.0122496 0.0185563 0.0263981 0.0355303 0.0453394 0.054816 0.0628064 0.0684318 0.0713642 0.0717816 0.0701283 0.0669005 0.0625469 0.0574419 0.0518775 0.0460646 0.0401485 0.034233 0.0284109 0.0227921 0.0175245 0.01279 0.00877107 0.00559596
 0.00747475 0.0122073 0.0184933 0.0263114 0.0354203 0.0452117 0.0546828 0.0626846 0.0683385 0.0713105 0.0717699 0.0701533 0.0669525 0.0626161 0.0575201 0.0519588 0.0461458 0.0402279 0.0343097 0.0284841 0.0228604 0.0175859 0.0128421 0.00881239 0.00562601
 0.00747475 0.0122073 0.0184933 0.0263114 0.0354203 0.0452117 0.0546828 0.0626846 0.0683385 0.0713105 0.0717699 0.0701533 0.0669525 0.0626161 0.0575201 0.0519588 0.0461458 0.0402279 0.0343097 0.0284841 0.0228604 0.0175859 0.0128421 0.00881239 0.00562601
 0.00726259 0.0118659 0.0179877 0.0256159 0.0345289 0.0441522 0.0535281 0.0615503 0.0673611 0.070613 0.0714318 0.0701957 0.0673419 0.0632794 0.0583651 0.0528935 0.0470915 0.0411255 0.0351203 0.0291845 0.0234402 0.0180438 0.0131848 0.00905319 0.00578336
 0.00719819 0.0117423 0.0177669 0.0252507 0.0339747 0.0433851 0.0525634 0.060451 0.0662303 0.0695761 0.0706126 0.0696939 0.0672147 0.0635309 0.058948 0.0537221 0.0480626 0.0421389 0.0360929 0.0300575 0.0241785 0.0186328 0.013627 0.00936352 0.00598547
 0.0071555 0.011672 0.017658 0.0250886 0.0337391 0.0430501 0.0521018 0.0598439 0.0654818 0.0687255 0.0697386 0.0689042 0.0666232 0.0632304 0.0589868 0.054093 0.0487071 0.0429637 0.0369929 0.0309369 0.0249648 0.0192827 0.0141252 0.00971721 0.00621707
 0.00711488 0.0116096 0.0175706 0.024975 0.0335987 0.0428811 0.0518983 0.0595948 0.065171 0.0683366 0.0692656 0.0683651 0.0660696 0.0627431 0.0586577 0.0539972 0.0488776 0.0433806 0.0375904 0.0316231 0.0256474 0.0198892 0.0146129 0.0100745 0.00645558
 0.00709886 0.0115828 0.0175288 0.0249142 0.0335162 0.0427766 0.051775 0.0594571 0.0650207 0.0681685 0.0690662 0.0681186 0.065769 0.062404 0.0583246 0.0537372 0.0487603 0.0434518 0.0378531 0.0320352 0.0261367 0.0203775 0.0150386 0.0104041 0.00668428
 0.00713522 0.0116473 0.0176351 0.0250763 0.0337425 0.0430624 0.0520961 0.0597716 0.0652789 0.0683259 0.0690934 0.0680036 0.0655148 0.0620276 0.0578592 0.0532352 0.0482897 0.0430828 0.0376374 0.0319885 0.0262343 0.0205658 0.0152564 0.0106028 0.00683725
 0.00720112 0.0117605 0.0178167 0.025349 0.0341248 0.0435593 0.0526892 0.0604156 0.065906 0.0688589 0.0694612 0.0681548 0.0654265 0.0617078 0.0573441 0.0525831 0.0475745 0.0423858 0.037034 0.0315325 0.0259451 0.0204268 0.0152257 0.0106315 0.00688538
 0.00722041 0.0117997 0.0178907 0.0254776 0.0343298 0.0438581 0.0530882 0.0609044 0.0664558 0.0694232 0.0699801 0.0685628 0.0656641 0.0617341 0.0571468 0.0521826 0.0470217 0.0417531 0.0364024 0.0309752 0.0255118 0.0201343 0.0150596 0.0105577 0.00686583
 0.00711422 0.0116366 0.0176641 0.025191 0.0339995 0.0435154 0.0527804 0.0606897 0.0663901 0.0695431 0.0702882 0.0690227 0.066207 0.062274 0.0576002 0.0524878 0.0471523 0.0417226 0.0362569 0.0307774 0.0253213 0.0199911 0.0149776 0.0105281 0.00686878
 0.00701393 0.0114608 0.0173773 0.0247558 0.0333901 0.0427368 0.0518843 0.0597751 0.0655839 0.0689682 0.0700331 0.0691227 0.0666396 0.0629659 0.0584428 0.0533614 0.0479514 0.042377 0.0367415 0.0311077 0.0255369 0.0201361 0.0150849 0.0106144 0.00693839
 0.00706344 0.0115312 0.0174627 0.0248398 0.0334445 0.0427231 0.0517596 0.0595055 0.0651627 0.0684306 0.0694583 0.0686166 0.0663026 0.0628614 0.0585791 0.0536915 0.0483915 0.0428341 0.0371407 0.0314094 0.0257383 0.020259 0.0151586 0.0106624 0.00697331
 0.00698145 0.0114104 0.0173039 0.0246512 0.0332377 0.0425076 0.0515377 0.0592705 0.064902 0.0681334 0.0691267 0.0682758 0.0660044 0.062673 0.0585608 0.0538718 0.0487526 0.0433158 0.037662 0.0318951 0.0261396 0.0205597 0.0153673 0.0107995 0.00706014
 0.00688516 0.0112469 0.0170465 0.0242746 0.0327283 0.041877 0.0508319 0.058565 0.0642797 0.0676576 0.0688226 0.0681338 0.0659984 0.0627832 0.0587852 0.0542212 0.0492333 0.0439113 0.0383261 0.032562 0.0267445 0.0210579 0.0157422 0.0110592 0.00722649
 0.00683238 0.0111557 0.0168986 0.0240482 0.0324013 0.0414335 0.0502714 0.0579104 0.0635803 0.0669838 0.0682519 0.0677309 0.0657988 0.0627884 0.058973 0.0545621 0.0497014 0.0444825 0.0389687 0.0332301 0.0273825 0.0216142 0.0161841 0.0113787 0.00743698
