SBPRF35
8.42429
Curr Bio
591214
B35
544094
F35
0.205784
FOFL
0.205784
OFL
97552.9
Bzero
2.40694e+006
#pred survey bio
 2.74012e+006 2.49619e+006 2.31345e+006 2.05737e+006 1.83141e+006 1.63835e+006 1.39654e+006 1.26267e+006 1.133e+006 1.02479e+006 908881 781157 685238 640728 612369 600199 559318 566062 582100 591375 601201 576451 544460 493139 503085 521778 550496 554420 521753 506293 515738 530494 528162 541167 556176 567131 573127 566756 564154 567430 565971 564233 554706 568345 590451 619201 594305 542763 589389 599147 1.40737e+007 1.28931e+007 1.31836e+007 1.38563e+007 1.47239e+007 1.56129e+007 1.64175e+007 1.70914e+007 1.76277e+007 1.80399e+007 1.83496e+007 1.85789e+007 1.87471e+007 1.88701e+007 1.896e+007 1.90257e+007 1.9074e+007 1.91097e+007 1.91361e+007 1.91559e+007 1.91707e+007 1.91818e+007 1.91903e+007 1.91968e+007 1.92017e+007 1.92055e+007 1.92084e+007 1.92106e+007 1.92124e+007 1.92137e+007 1.92148e+007 1.92156e+007 1.92162e+007 1.92167e+007 1.92171e+007 1.92173e+007 1.92176e+007 1.92178e+007 1.92179e+007 1.9218e+007 1.92181e+007 1.92182e+007 1.92182e+007 1.92183e+007 1.92183e+007 1.92183e+007 1.92183e+007 1.92184e+007 1.92184e+007 1.92184e+007 1.92184e+007 1.92184e+007 1.92184e+007 1.92184e+007 1.92184e+007 1.92184e+007 1.92184e+007 1.92184e+007 1.92184e+007 1.92184e+007 1.92184e+007 1.92184e+007 1.92184e+007 1.92184e+007 1.92184e+007 1.92184e+007 1.92184e+007 1.92184e+007 1.92184e+007 1.92184e+007 1.92184e+007 1.92184e+007 1.92184e+007 1.92184e+007 1.92184e+007 1.92184e+007 1.92184e+007 1.92184e+007 1.92184e+007 1.92184e+007 1.92184e+007 1.92184e+007 1.92184e+007 1.92184e+007 1.92184e+007 1.92184e+007 1.92184e+007 1.92184e+007 1.92184e+007 1.92184e+007 1.92184e+007 1.92184e+007 1.92184e+007 1.92184e+007 1.92184e+007 1.92184e+007 1.92184e+007 1.92184e+007 1.92184e+007 1.92184e+007 0 0 0 0 0 0 0 0 0 0 0 0 0 0 0 0 0 0 0 0 0 0 0 0 0
#obs survey bio
 2.77308e+006 2.78357e+006 2.50917e+006 1.70848e+006 2.15273e+006 1.61063e+006 1.27181e+006 1.22964e+006 1.12215e+006 942161 861176 730058 675656 658149 742019 705546 633164 602650 590535 457566 666790 576569 714914 289670 585240 421791 544992 596968 454400 450748 422830 717833 471060 661602 488962 500004 625360 976447 546821 585105 480159 600542 410545 614236 586015 717490 585933 639462 588357 675554
#pred catch bio
 344228 302391 315030 323098 309365 348048 262619 280590 264222 254911 231836 210672 174037 169003 154823 169000 122632 121955 120307 112118 116003 99039 98640.7 102297 96941.1 92664 100162 103267 97560.5 93912.8 97498 90793.1 88977.9 83431.7 88979.5 87972.2 83188.7 82290.6 89084.9 92651.3 92980.2 97188 91046.8 90806 90698.5 85356.3 136582 53917.8 93973 90747.6 97552.9 97396.9 98233 102186 108091 114254 119768 124278 127752 130316 132149 133429 134305 134897 135292 135553 135724 135836 135909 135956 135987 136006 136019 136027 136032 136035 136038 136039 136040 136040 136041 136041 136041 136041 136041 136041 136041 136041 136041 136041 136041 136041 136041 136041 136041 136041 136041 136041 136041 136041 136041 136041 136041 136041 136041 136041 136041 136041 136041 136041 136041 136041 136041 136041 136041 136041 136041 136041 136041 136041 136041 136041 136041 136041 136041 136041 136041 136041 136041 136041 136041 136041 136041 136041 136041 136041 136041 136041 136041 136041 136041 136041 136041 136041 136041 136041 136041 136041 136041 136041 0 0 0 0 0 0 0 0 0 0 0 0 0 0 0 0 0 0 0 0 0 0 0 0 0
#obs catch bio
 239936 302382 314505 323406 309169 348877 261820 281260 264721 255462 230938 210864 173886 169593 154981 169468 122198 122300 120305 112117 116049 98845 98194.4 103211 96939.1 92736.6 100191 103044 97496.6 94004.9 97977.1 90538.5 89134.9 83302.5 89040.1 88008 83083.7 82203.8 89159.3 92667.3 92952.7 97199.4 91067.2 90821.2 90936.1 84743.5 138362 53333 94401.4 90702.8
#pred cpue bio
 2.70517e+006 2.46208e+006 2.27895e+006 2.0239e+006 1.79884e+006 1.60658e+006 1.36656e+006 1.23324e+006 1.10408e+006 996430 881748 756122 661718 617793 589739 577780 537826 544223 559571 568506 578034 554203 523580 474179 483493 501692 529631 533656 502383 487500 496742 511006 507777 518350 531932 542456 548409 542542 540274 543469 542145 540557 531410 544426 565615 593305 569799 518920 564398 574347 1.35022e+007 1.23732e+007 1.25537e+007 1.31399e+007 1.39868e+007 1.48724e+007 1.56766e+007 1.63504e+007 1.68866e+007 1.72989e+007 1.76086e+007 1.78378e+007 1.80061e+007 1.81291e+007 1.82189e+007 1.82847e+007 1.8333e+007 1.83686e+007 1.83951e+007 1.84148e+007 1.84296e+007 1.84408e+007 1.84493e+007 1.84557e+007 1.84607e+007 1.84644e+007 1.84674e+007 1.84696e+007 1.84713e+007 1.84727e+007 1.84737e+007 1.84745e+007 1.84751e+007 1.84756e+007 1.8476e+007 1.84763e+007 1.84765e+007 1.84767e+007 1.84769e+007 1.8477e+007 1.84771e+007 1.84771e+007 1.84772e+007 1.84772e+007 1.84772e+007 1.84773e+007 1.84773e+007 1.84773e+007 1.84773e+007 1.84773e+007 1.84773e+007 1.84773e+007 1.84773e+007 1.84773e+007 1.84774e+007 1.84774e+007 1.84774e+007 1.84774e+007 1.84774e+007 1.84774e+007 1.84774e+007 1.84774e+007 1.84774e+007 1.84774e+007 1.84774e+007 1.84774e+007 1.84774e+007 1.84774e+007 1.84774e+007 1.84774e+007 1.84774e+007 1.84774e+007 1.84774e+007 1.84774e+007 1.84774e+007 1.84774e+007 1.84774e+007 1.84774e+007 1.84774e+007 1.84774e+007 1.84774e+007 1.84774e+007 1.84774e+007 1.84774e+007 1.84774e+007 1.84774e+007 1.84774e+007 1.84774e+007 1.84774e+007 1.84774e+007 1.84774e+007 1.84774e+007 1.84774e+007 1.84774e+007 1.84774e+007 1.84774e+007 1.84774e+007 1.84774e+007 1.84774e+007 1.84774e+007 0 0 0 0 0 0 0 0 0 0 0 0 0 0 0 0 0 0 0 0 0 0 0 0 0
#obs cpue bio
 3.08886e+006 1.88089e+006 2.92331e+006 2.01666e+006 1.5022e+006 1.77926e+006 1.51014e+006 1.11745e+006 1.0468e+006 1.07466e+006 1.25832e+006 687768 664031 510800 479482 549852 507891 393321 654455 666167 587860 557665 547774 351352 638170 530840 596344 621850 518852 469597 473084 596609 431888 492733 569112 608303 553899 311020 514889 550364 633047 543057 644161 516661 455680 840865 384886 507748 552954 513103
#pred surv len freq
 0.00464921 0.00766152 0.0117388 0.0169201 0.023095 0.0299006 0.036708 0.0427967 0.0476319 0.0510356 0.0531425 0.0542303 0.0545757 0.0543983 0.0538649 0.0531122 0.0522692 0.0514527 0.0507075 0.0498916 0.0485785 0.0461074 0.0418585 0.0356552 0.0280182
 0.00506141 0.0082798 0.0125753 0.0179585 0.0243042 0.031252 0.0381802 0.0443606 0.049226 0.0525529 0.0544444 0.0551871 0.0551133 0.0545244 0.0536565 0.0526723 0.0516714 0.0507008 0.0497301 0.048581 0.0468629 0.0440217 0.0395705 0.0334219 0.0260909
 0.00520997 0.00857595 0.013118 0.0188627 0.0256614 0.0330745 0.0403639 0.0466983 0.0514755 0.0545174 0.0560135 0.0563213 0.0558034 0.0547665 0.0534585 0.0520697 0.0507246 0.0494667 0.0482308 0.0468001 0.0447845 0.0416905 0.0371294 0.0310908 0.0240922
 0.00544376 0.00893601 0.0136275 0.0195431 0.026544 0.0342099 0.0418118 0.0484933 0.0535802 0.0567932 0.0582381 0.05825 0.0572403 0.055605 0.0536778 0.0517058 0.0498412 0.0481347 0.0465144 0.0447523 0.0424615 0.0391846 0.0345937 0.0287262 0.0220917
 0.00564755 0.00928934 0.0141978 0.0204013 0.027743 0.0357562 0.0436478 0.050508 0.0556482 0.0588133 0.0601389 0.059962 0.0586645 0.0566131 0.0541463 0.051556 0.0490585 0.0467605 0.0446247 0.0424424 0.0398476 0.036416 0.0318595 0.0262349 0.0200226
 0.00580009 0.00954742 0.0146067 0.021014 0.0286145 0.0369302 0.0451377 0.0522802 0.0576162 0.0608491 0.062099 0.0617168 0.0601148 0.0576844 0.0547707 0.0516636 0.0485887 0.0456848 0.0429656 0.0402798 0.0373165 0.0337009 0.0291795 0.0238108 0.0180281
 0.00620102 0.0101809 0.0155258 0.0222552 0.0301918 0.0388257 0.0472917 0.0545891 0.0599457 0.0630561 0.0640522 0.0633074 0.0612611 0.0583341 0.0548969 0.0512538 0.0476332 0.044177 0.0409179 0.0377505 0.0344309 0.0306547 0.0262149 0.0211676 0.0158848
 0.00636437 0.0104617 0.015976 0.0229315 0.031142 0.0400686 0.0487994 0.0562858 0.0617255 0.0648112 0.0656909 0.064756 0.0624552 0.0592098 0.0553906 0.0513076 0.0472008 0.0432291 0.0394521 0.0358074 0.0321138 0.0281361 0.0237176 0.0189167 0.0140502
 0.0065639 0.0108009 0.016514 0.023733 0.0322633 0.0415353 0.0505837 0.0582963 0.0638194 0.0668228 0.0674654 0.0661757 0.0634514 0.0597584 0.0554948 0.050977 0.0464379 0.0420295 0.037819 0.033775 0.0297712 0.0256383 0.0212692 0.0167274 0.0122772
 0.00673017 0.0110774 0.0169426 0.0243589 0.0331287 0.0426679 0.0519823 0.0599205 0.0655884 0.0686235 0.0691658 0.0676428 0.0645706 0.0604509 0.0557245 0.0507437 0.0457614 0.0409352 0.0363351 0.0319461 0.0276799 0.0234197 0.0191007 0.0147915 0.0107116
 0.00693116 0.0114061 0.0174406 0.0250655 0.0340731 0.0438564 0.0533865 0.0614743 0.067199 0.0701894 0.0705916 0.0688445 0.065476 0.0610002 0.0558748 0.0504748 0.0450765 0.0398571 0.0349026 0.0302168 0.0257408 0.0213951 0.0171454 0.0130609 0.00932064
 0.00712715 0.0117271 0.017928 0.0257583 0.0349994 0.0450201 0.0547538 0.0629706 0.0687203 0.0716244 0.0718423 0.069838 0.066165 0.0613581 0.0558883 0.0501386 0.044393 0.0388396 0.0335806 0.0286427 0.0239968 0.0195952 0.0154252 0.0115516 0.00811584
 0.00733277 0.0120626 0.0184348 0.0264746 0.0359513 0.0462083 0.0561401 0.0644743 0.0702296 0.0730187 0.0730149 0.0707106 0.0666931 0.0615284 0.0557113 0.049638 0.0435963 0.0377752 0.0322816 0.0271563 0.022394 0.0179737 0.0138993 0.0102294 0.00707095
 0.00736878 0.0121256 0.0185388 0.0266383 0.0361973 0.0465605 0.0566192 0.0650911 0.0709787 0.0738727 0.0739225 0.0716005 0.0674843 0.062144 0.0560907 0.049744 0.0434157 0.037315 0.0315661 0.0262282 0.0213172 0.0168342 0.0127964 0.00925657 0.00629353
 0.00738609 0.0121634 0.0186137 0.0267715 0.03641 0.0468664 0.0570182 0.065569 0.0715128 0.0744396 0.074501 0.0721687 0.068014 0.062597 0.0564216 0.0499074 0.0433758 0.0370534 0.0310862 0.0255569 0.020506 0.0159558 0.0119349 0.00849118 0.00567955
 0.00736469 0.0121216 0.0185391 0.0266519 0.036241 0.0466608 0.0568119 0.0654167 0.0714719 0.0745511 0.0747769 0.0725911 0.0685427 0.0631788 0.0569962 0.0504121 0.0437516 0.0372527 0.0310821 0.0253502 0.0201274 0.0154624 0.0113998 0.00798626 0.00525896
 0.00778744 0.0127487 0.0193694 0.0276415 0.0373108 0.0477137 0.0577482 0.0661475 0.0719333 0.0747183 0.0746708 0.0722704 0.0680843 0.0626556 0.0564616 0.0498933 0.0432497 0.0367507 0.0305562 0.0247842 0.0195238 0.0148461 0.0108123 0.00747203 0.0048503
 0.00782531 0.012812 0.0194663 0.0277761 0.0374768 0.0478882 0.0578913 0.0662132 0.0718908 0.0745719 0.0744642 0.0720707 0.0679543 0.0626312 0.0565439 0.0500545 0.0434453 0.0369311 0.0306764 0.0248127 0.0194497 0.0146825 0.0105925 0.00723843 0.00464078
 0.00785472 0.0128537 0.019518 0.0278329 0.0375338 0.0479429 0.057944 0.066263 0.07193 0.0745848 0.074434 0.0719925 0.0678445 0.0625251 0.0564804 0.0500581 0.0435149 0.0370412 0.0307878 0.0248866 0.0194604 0.0146249 0.0104815 0.00710207 0.0045082
 0.00796071 0.0130011 0.0196937 0.028009 0.0376749 0.0480192 0.0579422 0.0661895 0.071807 0.0744401 0.0742918 0.0718667 0.0677389 0.0624395 0.056418 0.0500275 0.0435247 0.0370904 0.0308615 0.0249591 0.0195059 0.0146279 0.0104425 0.00703507 0.00443303
 0.00791965 0.0129481 0.0196383 0.0279652 0.0376539 0.0480189 0.0579425 0.0661593 0.0717206 0.0742944 0.0741121 0.0716961 0.0676187 0.062393 0.0564468 0.050118 0.0436585 0.0372499 0.03103 0.0251183 0.0196372 0.0147175 0.0104866 0.00704106 0.00441544
 0.00800782 0.0130711 0.0197865 0.0281189 0.0377912 0.0481261 0.05802 0.0662163 0.0717624 0.0743128 0.0740869 0.071609 0.0674692 0.0622034 0.0562529 0.0499535 0.0435435 0.0371886 0.0310137 0.0251318 0.0196629 0.0147398 0.0104961 0.00703579 0.0043998
 0.00796817 0.0130131 0.0197105 0.0280276 0.0376863 0.0480057 0.0578789 0.0660521 0.0715836 0.0741424 0.0739561 0.0715433 0.0674759 0.0622705 0.0563594 0.050082 0.0436851 0.0373401 0.0311714 0.0252873 0.0198048 0.014857 0.0105816 0.00708953 0.00442746
 0.00797885 0.0130336 0.0197469 0.0280873 0.0377756 0.048126 0.0580225 0.0662004 0.0717092 0.0742166 0.0739589 0.0714717 0.0673462 0.0621111 0.0561994 0.0499423 0.0435765 0.0372656 0.0311299 0.0252743 0.0198124 0.0148752 0.0106009 0.00710383 0.00443477
 0.00787034 0.0128979 0.0196174 0.0280191 0.0378288 0.0483403 0.0583961 0.0666861 0.0722295 0.0746873 0.0743102 0.0716606 0.0673606 0.0619687 0.0559408 0.0496194 0.0432395 0.0369532 0.0308654 0.0250673 0.0196614 0.0147722 0.0105347 0.00706294 0.00441008
 0.00793414 0.012947 0.0195944 0.0278471 0.0374446 0.0477395 0.0576622 0.0659765 0.0717168 0.074488 0.0744425 0.072051 0.0678872 0.0625111 0.0564137 0.0499831 0.0434928 0.0371186 0.0309725 0.0251414 0.0197188 0.0148198 0.0105738 0.00709293 0.00443066
 0.00779528 0.0127571 0.0193712 0.0276196 0.0372336 0.0475338 0.0574125 0.0656209 0.0712302 0.0739225 0.0739233 0.0717242 0.0678497 0.0627686 0.0568886 0.050559 0.0440639 0.0376175 0.0313737 0.0254484 0.0199474 0.0149872 0.0106935 0.00717501 0.00448348
 0.00770215 0.0126053 0.0191446 0.0273092 0.0368462 0.0471001 0.0569857 0.0652597 0.070971 0.0737602 0.0738216 0.0716514 0.0678116 0.0628088 0.0570554 0.050867 0.0444796 0.0380768 0.0318118 0.0258222 0.0202406 0.015203 0.0108444 0.00727526 0.00454634
 0.00777859 0.0127081 0.019259 0.027407 0.0368922 0.0470635 0.0568525 0.0650395 0.0706953 0.0734721 0.0735601 0.0714378 0.0676479 0.0626906 0.0569874 0.0508662 0.0445619 0.0382397 0.0320294 0.0260552 0.0204536 0.0153749 0.0109698 0.0073594 0.00459864
 0.00771578 0.012634 0.0191977 0.027394 0.0369593 0.0472183 0.0570643 0.065245 0.0708238 0.073477 0.0734375 0.071223 0.0673948 0.0624487 0.0567896 0.0507296 0.0444947 0.0382437 0.0320973 0.0261686 0.0205862 0.0155016 0.0110737 0.00743449 0.00464722
 0.00772097 0.0126202 0.0191382 0.0272569 0.0367232 0.0468928 0.0567007 0.0649231 0.0706175 0.073418 0.0735029 0.0713537 0.0675313 0.0625581 0.0568708 0.0508011 0.0445781 0.0383534 0.0322367 0.0263305 0.0207556 0.0156604 0.0112069 0.0075344 0.00471435
 0.00846835 0.0136776 0.0204366 0.0286296 0.0379491 0.0477694 0.0571073 0.064846 0.0701358 0.0726678 0.0726346 0.0704935 0.0667554 0.0618899 0.0562998 0.0503086 0.0441551 0.0380026 0.0319647 0.0261389 0.0206369 0.0155988 0.0111833 0.00753121 0.00471908
 0.00924936 0.0149005 0.0221796 0.0309075 0.0406801 0.050743 0.0599767 0.0671802 0.0715415 0.0729294 0.0717903 0.0688018 0.0645791 0.0595695 0.0540762 0.0483102 0.0424264 0.0365447 0.0307648 0.0251819 0.0199045 0.0150664 0.0108188 0.00729771 0.00457992
 0.00915345 0.0148787 0.0223924 0.0315801 0.0420351 0.0528947 0.0628381 0.070439 0.0747255 0.075532 0.073406 0.069225 0.0638416 0.0579073 0.0518398 0.045856 0.0400358 0.0343929 0.0289339 0.0236927 0.0187446 0.0142051 0.010214 0.00689966 0.00433646
 0.00890353 0.0144772 0.0218075 0.0308132 0.0411537 0.0520637 0.06232 0.0705319 0.0756407 0.0772687 0.0757016 0.0716263 0.0658636 0.0591972 0.0522706 0.0455217 0.039171 0.0332692 0.027779 0.0226548 0.0178952 0.0135606 0.00975774 0.00659885 0.00415269
 0.0088342 0.0143521 0.0215959 0.0304786 0.0406639 0.05141 0.0615423 0.0697401 0.0750151 0.0770254 0.0760195 0.072559 0.0672831 0.0608144 0.0537343 0.0465485 0.039636 0.0332181 0.0273711 0.0220798 0.0173094 0.0130593 0.00937858 0.00633985 0.00399157
 0.0088369 0.0143445 0.0215617 0.0303931 0.0404972 0.0511344 0.0611418 0.0692203 0.0744146 0.0764244 0.0755407 0.0723459 0.0674522 0.061396 0.0546353 0.04757 0.0405459 0.0338411 0.0276454 0.0220555 0.0170998 0.0127829 0.00912038 0.00614105 0.00385892
 0.00877805 0.0142561 0.0214415 0.0302422 0.0403173 0.050924 0.0608948 0.0689287 0.0740744 0.0760455 0.0751551 0.0720133 0.0672547 0.0614168 0.0549237 0.0481068 0.0412339 0.0345341 0.0282054 0.0224047 0.0172387 0.0127695 0.00903072 0.00603665 0.00377355
 0.00871154 0.0141527 0.0212951 0.0300513 0.0400863 0.0506643 0.0606241 0.0686675 0.0738397 0.0758446 0.0749859 0.0718725 0.0671508 0.061378 0.0549923 0.0483188 0.0415925 0.0349946 0.0286851 0.0228154 0.0175232 0.0129187 0.00907486 0.00602157 0.00373844
 0.00863166 0.0140422 0.0211645 0.0299214 0.0399818 0.0506026 0.0606078 0.0686834 0.0738661 0.0758594 0.0749733 0.0718251 0.0670705 0.0612784 0.0549001 0.0482699 0.04162 0.035112 0.0288747 0.023033 0.0177175 0.0130542 0.00914376 0.0060388 0.0037278
 0.00861302 0.0140069 0.0211032 0.0298255 0.0398487 0.050443 0.060448 0.0685593 0.0738079 0.075877 0.0750499 0.0719257 0.0671582 0.0613293 0.0549109 0.0482566 0.0416103 0.0351326 0.0289392 0.0231351 0.0178338 0.0131571 0.00921503 0.00607537 0.00373839
 0.00855999 0.0139319 0.0210104 0.0297246 0.0397507 0.0503543 0.0603682 0.0684845 0.0737381 0.075821 0.0750233 0.0719408 0.0672147 0.0614122 0.054998 0.0483306 0.0416669 0.0351804 0.0289918 0.0232007 0.0179101 0.0132328 0.00927723 0.00611693 0.00376006
 0.008689 0.014112 0.0212273 0.0299478 0.0399433 0.0504885 0.0604354 0.0684943 0.0737074 0.0757623 0.0749411 0.0718365 0.0670927 0.0612816 0.054869 0.0482098 0.0415569 0.0350837 0.0289128 0.0231444 0.0178783 0.0132216 0.00927844 0.00612202 0.00376371
 0.00870057 0.0141411 0.0212884 0.0300563 0.0401069 0.0506955 0.0606501 0.0686656 0.0737899 0.0757382 0.0748268 0.0716714 0.0669185 0.0611265 0.054744 0.048114 0.0414847 0.0350294 0.0288728 0.0231174 0.0178637 0.0132179 0.00928205 0.00612857 0.00376964
 0.00869806 0.0141319 0.0212661 0.0300145 0.040044 0.0506201 0.0605818 0.0686282 0.0737982 0.0757873 0.0748936 0.0717274 0.0669464 0.0611268 0.0547301 0.0481013 0.0414822 0.0350383 0.02889 0.0231388 0.0178864 0.0132399 0.00930196 0.00614498 0.00378168
 0.00863686 0.01404 0.0211417 0.0298606 0.0398666 0.0504272 0.0603833 0.0684382 0.073637 0.075679 0.0748582 0.0717722 0.0670604 0.0612855 0.0549061 0.0482741 0.0416417 0.0351818 0.0290171 0.0232491 0.0179788 0.0133138 0.00935792 0.00618476 0.00380791
 0.00869324 0.0140991 0.0211716 0.0298141 0.039697 0.0501113 0.0599395 0.0679259 0.0731373 0.0752681 0.0745879 0.0716641 0.0671098 0.0614679 0.055184 0.0486047 0.0419852 0.0355078 0.029307 0.0234941 0.0181768 0.0134664 0.00946937 0.00626118 0.00385664
 0.00901069 0.0146585 0.0220864 0.0311972 0.0416111 0.0525017 0.0625888 0.0704747 0.0751823 0.0764921 0.0748524 0.0710226 0.0657559 0.0596579 0.0531701 0.046593 0.0401189 0.0338697 0.0279325 0.0223868 0.0173212 0.0128355 0.00902851 0.00597183 0.00367983
 0.00846603 0.0137868 0.0208102 0.0294808 0.039499 0.0501605 0.0603206 0.068666 0.0741819 0.0764755 0.0757541 0.0725792 0.0676242 0.0615359 0.0548635 0.0480195 0.0412755 0.0347911 0.0286611 0.0229581 0.0177608 0.0131629 0.00926137 0.00612794 0.0037774
 0.00844553 0.0137405 0.0207142 0.0292989 0.039185 0.0496687 0.0596266 0.0677946 0.0732299 0.0756089 0.0751654 0.0724139 0.0679169 0.0621949 0.0557156 0.0488853 0.0420289 0.0353792 0.0290885 0.023257 0.0179674 0.0133055 0.00935865 0.00619229 0.00381776
#obs surv len freq
 0.00496747 0.00813605 0.0123743 0.0176957 0.023974 0.0308445 0.0376833 0.0437683 0.0485499 0.0518264 0.0537149 0.0544985 0.0544953 0.0540014 0.0532773 0.0525374 0.0519275 0.051483 0.0510659 0.050307 0.0486239 0.0453857 0.0402152 0.0332813 0.0253659
 0.00518223 0.00848796 0.0129091 0.0184575 0.0249972 0.0321398 0.0392241 0.0454859 0.0503433 0.0535814 0.0553216 0.0558605 0.0555306 0.054641 0.0534654 0.0522351 0.0511203 0.0501896 0.0493452 0.0482615 0.0463968 0.0431488 0.0381446 0.0315237 0.0240069
 0.0054094 0.00886062 0.0134763 0.0192675 0.0260883 0.0335263 0.0408812 0.0473437 0.0522957 0.0555059 0.0570982 0.0573833 0.056712 0.0554106 0.0537674 0.0520259 0.0503716 0.0488975 0.047545 0.0460426 0.0439091 0.0405925 0.0357379 0.0294563 0.0223952
 0.00564352 0.00924385 0.0140582 0.0200961 0.0272022 0.0349403 0.0425715 0.0492421 0.0542985 0.0574921 0.0589481 0.0589894 0.057983 0.0562723 0.0541598 0.0519018 0.0496959 0.0476539 0.0457513 0.0437714 0.0413036 0.0378621 0.0331261 0.0271848 0.0206082
 0.00589221 0.00965148 0.0146778 0.0209792 0.0283885 0.0364424 0.0443585 0.051235 0.0563813 0.0595353 0.060829 0.0606038 0.0592472 0.0571201 0.0545389 0.0517693 0.0490172 0.046408 0.0439455 0.0414651 0.0386289 0.0350268 0.0303839 0.0247765 0.0186982
 0.00614896 0.0100716 0.015315 0.0218855 0.0296038 0.0379791 0.0461849 0.0532694 0.0585032 0.061608 0.0627229 0.0622098 0.0604815 0.0579224 0.054867 0.051592 0.0483092 0.0451524 0.0421471 0.0391738 0.0359649 0.0321877 0.0276199 0.0223327 0.0167475
 0.00636698 0.010431 0.0158656 0.0226768 0.0306769 0.0393509 0.0478331 0.055126 0.0604637 0.0635505 0.0645269 0.0637684 0.0617066 0.0587468 0.0552423 0.0514846 0.0476957 0.0440189 0.040499 0.0370557 0.0334844 0.0295257 0.0250105 0.0200102 0.0148826
 0.00661378 0.0108331 0.0164722 0.0235343 0.0318193 0.0407859 0.0495276 0.0570012 0.0624059 0.0654333 0.066232 0.0651977 0.0627857 0.0594231 0.0554813 0.0512644 0.0470026 0.0428475 0.0388595 0.0349922 0.0310963 0.0269786 0.0225196 0.0177933 0.0130997
 0.00684803 0.0112185 0.0170602 0.0243749 0.0329499 0.0422148 0.0512174 0.0588642 0.0643185 0.067261 0.0678533 0.0665173 0.0637375 0.0599668 0.0555965 0.0509439 0.0462463 0.0416605 0.0372593 0.0330238 0.0288514 0.0246062 0.0202119 0.0157447 0.0114536
 0.00706437 0.0115729 0.0175987 0.0251419 0.0339799 0.0435184 0.0527663 0.0605854 0.0661027 0.0689823 0.0693904 0.0677683 0.0646286 0.0604537 0.0556616 0.0505884 0.0454822 0.0405064 0.0357427 0.0311937 0.0267941 0.0224544 0.0181334 0.0139078 0.00998129
 0.00726241 0.0119017 0.0181059 0.0258754 0.0349766 0.0447879 0.054275 0.0622521 0.0678118 0.0706077 0.0708167 0.0689041 0.0654091 0.060841 0.0556416 0.0501669 0.044679 0.0393504 0.0342725 0.0294648 0.0248906 0.0204955 0.0162642 0.0122702 0.00867672
 0.00741272 0.0121484 0.018482 0.0264142 0.0357068 0.0457243 0.0554077 0.0635397 0.0691835 0.0719726 0.0720771 0.0699676 0.0661992 0.0613038 0.0557476 0.0499089 0.0440677 0.0384109 0.0330437 0.0280032 0.023277 0.0188374 0.0146872 0.0108935 0.00758318
 0.00751461 0.0123124 0.0187262 0.0267553 0.036159 0.0462958 0.0560972 0.0643335 0.0700551 0.0728851 0.0729843 0.0708147 0.0669252 0.0618466 0.0560523 0.049935 0.0437946 0.0378395 0.032197 0.0269278 0.022045 0.0175451 0.0134439 0.00980156 0.00671326
 0.00758252 0.0124198 0.0188823 0.0269674 0.0364314 0.0466298 0.0564898 0.0647774 0.0705405 0.0734016 0.0735206 0.0713555 0.067446 0.0623108 0.0564122 0.0501388 0.0437958 0.0376072 0.0317245 0.0262376 0.0211904 0.0166061 0.012515 0.00897169 0.00604527
 0.00767124 0.0125554 0.0190705 0.0272073 0.0367167 0.0469496 0.0568296 0.0651207 0.0708717 0.0737102 0.0738036 0.071616 0.0676883 0.0625331 0.0566008 0.0502661 0.0438238 0.0374968 0.0314481 0.0257911 0.0206004 0.0159286 0.0118246 0.00834292 0.00553282
 0.00770604 0.0126123 0.0191564 0.0273281 0.0368752 0.0471428 0.057047 0.0653458 0.071087 0.0739031 0.0739707 0.0717623 0.0678229 0.0626633 0.0567266 0.0503762 0.0438947 0.0374964 0.0313444 0.0255647 0.0202552 0.0154963 0.0113581 0.0079012 0.0051631
 0.00777847 0.012719 0.0192964 0.0274941 0.0370557 0.0473269 0.0572267 0.0655158 0.0712423 0.0740375 0.0740778 0.0718381 0.0678686 0.0626855 0.0567341 0.0503743 0.04388 0.0374548 0.0312548 0.0254071 0.0200223 0.0152006 0.0110314 0.00758466 0.00489296
 0.00781849 0.0127848 0.0193963 0.0276344 0.0372374 0.0475418 0.0574553 0.0657305 0.0714162 0.0741542 0.0741358 0.0718478 0.0678449 0.0626417 0.0566797 0.0503148 0.0438164 0.0373825 0.0311631 0.0252828 0.0198567 0.0149963 0.0108052 0.00736251 0.00470031
 0.00782792 0.0127946 0.0194013 0.0276278 0.0372145 0.047504 0.0574129 0.0657 0.0714129 0.0741849 0.0741966 0.0719275 0.0679317 0.0627273 0.0567601 0.0503877 0.0438789 0.0374292 0.0311859 0.0252726 0.0198071 0.014908 0.0106886 0.00723559 0.00458265
 0.00785046 0.0128276 0.0194438 0.0276758 0.0372606 0.047539 0.0574277 0.0656886 0.0713764 0.0741332 0.0741457 0.0718937 0.0679243 0.0627468 0.0567996 0.0504375 0.0439297 0.037473 0.0312152 0.0252803 0.0197877 0.014861 0.0106197 0.00715633 0.00450634
 0.00788041 0.0128726 0.0195044 0.0277495 0.0373423 0.0476211 0.0575005 0.0657417 0.0714002 0.0741222 0.0741015 0.0718259 0.0678484 0.0626789 0.0567511 0.0504122 0.0439241 0.0374788 0.0312227 0.0252805 0.0197741 0.0148309 0.0105755 0.00710475 0.00445582
 0.00787891 0.0128678 0.0194932 0.0277277 0.0373061 0.0475692 0.0574359 0.0656711 0.0713327 0.074066 0.074062 0.0718052 0.0678466 0.0626957 0.0567864 0.0504654 0.0439923 0.0375558 0.0312996 0.0253475 0.0198231 0.0148579 0.0105814 0.00709472 0.0044375
 0.00789657 0.0128927 0.0195234 0.0277587 0.0373313 0.0475817 0.05743 0.065644 0.0712852 0.0740035 0.0739931 0.0717399 0.0677937 0.0626609 0.0567722 0.0504714 0.0440164 0.0375942 0.0313462 0.0253947 0.0198634 0.0148857 0.0105947 0.00709562 0.0044305
 0.00788281 0.0128725 0.0194967 0.0277266 0.0372955 0.0475429 0.057388 0.0655979 0.0712348 0.0739505 0.0739416 0.0716963 0.0677648 0.062652 0.0567858 0.0505069 0.0440704 0.0376612 0.0314194 0.0254669 0.0199275 0.0149362 0.0106292 0.00711505 0.00443842
 0.00787722 0.0128595 0.0194704 0.0276796 0.037222 0.0474424 0.0572677 0.0654722 0.0711206 0.0738614 0.0738848 0.071672 0.0677698 0.0626823 0.0568379 0.0505778 0.0441562 0.037757 0.0315188 0.0255629 0.0200132 0.0150063 0.0106811 0.0071491 0.00445786
 0.00787246 0.0128499 0.0194522 0.0276479 0.037171 0.0473673 0.0571665 0.065348 0.0709829 0.0737253 0.0737682 0.0715911 0.0677342 0.0626933 0.0568897 0.0506608 0.0442603 0.0378726 0.0316376 0.0256768 0.0201153 0.0150911 0.0107458 0.00719398 0.00448576
 0.00784956 0.012814 0.0194007 0.0275792 0.0370847 0.0472642 0.0570496 0.0652221 0.0708549 0.0736038 0.0736629 0.0715126 0.0676925 0.0626954 0.0569374 0.0507495 0.0443803 0.0380114 0.0317825 0.0258164 0.0202405 0.0151957 0.0108265 0.00725114 0.00452257
 0.00782032 0.0127617 0.0193135 0.0274443 0.0368928 0.0470158 0.0567596 0.0649196 0.0705757 0.0733803 0.0735165 0.071451 0.0677127 0.062788 0.0570901 0.0509484 0.0446104 0.0382566 0.0320265 0.0260444 0.0204404 0.0153598 0.0109519 0.00733978 0.00458003
 0.0078004 0.0127283 0.019261 0.0273661 0.0367815 0.046865 0.0565664 0.0646882 0.0703199 0.073124 0.0732898 0.0712836 0.067626 0.0627904 0.0571767 0.0511048 0.0448171 0.038493 0.0322723 0.0262812 0.0206532 0.0155378 0.0110901 0.00743864 0.0046449
 0.00775897 0.0126625 0.0191652 0.0272362 0.0366161 0.0466665 0.0563421 0.0644502 0.0700832 0.0729041 0.0731017 0.0711422 0.0675457 0.0627832 0.0572485 0.0512524 0.0450275 0.038746 0.0325445 0.0265496 0.0208981 0.015745 0.0112524 0.00755583 0.00472239
 0.00774855 0.0126393 0.0191188 0.0271536 0.0364854 0.0464824 0.0561111 0.0641903 0.0698201 0.0726634 0.0729035 0.070999 0.0674643 0.0627667 0.0572983 0.0513675 0.0452023 0.0389684 0.0327964 0.0268091 0.0211432 0.0159582 0.011423 0.00768093 0.00480619
 0.00935727 0.0148972 0.0218561 0.0299903 0.0389405 0.0481489 0.0567951 0.0639407 0.0688526 0.0712481 0.0712804 0.0693433 0.0658881 0.0613348 0.0560437 0.0503035 0.0443303 0.0382812 0.0322792 0.02644 0.0208957 0.0158033 0.0113332 0.0076333 0.00478328
 0.00929792 0.0151009 0.0226927 0.0319231 0.0423264 0.0529677 0.0624764 0.0694559 0.0730803 0.0734161 0.0712196 0.067434 0.0627921 0.0577106 0.0523813 0.0468954 0.0413183 0.0357164 0.0301656 0.0247568 0.0196062 0.0148595 0.0106782 0.00720571 0.00452298
 0.00894731 0.0145448 0.0219038 0.0309434 0.0413242 0.0522779 0.0625642 0.0707538 0.0757366 0.0771024 0.0751678 0.0707291 0.0647553 0.0581349 0.0515074 0.045202 0.0392912 0.0337135 0.0283908 0.0232952 0.0184707 0.0140242 0.0100981 0.00682774 0.00429366
 0.00879824 0.0142884 0.0214924 0.0303261 0.0404648 0.0511887 0.0613495 0.069641 0.0750606 0.0772156 0.0762845 0.0727752 0.067328 0.0606332 0.0533773 0.0461501 0.0393464 0.0331321 0.027496 0.0223537 0.017644 0.0133789 0.00963847 0.00652599 0.0041108
 0.00871798 0.0141564 0.0212898 0.0300313 0.0400543 0.0506413 0.0606561 0.0688216 0.0741865 0.0764276 0.0757869 0.0727853 0.0679809 0.0618867 0.054983 0.0477339 0.040563 0.0337993 0.0276339 0.0221226 0.0172421 0.0129632 0.00929584 0.0062829 0.00395762
 0.00870156 0.0141234 0.0212283 0.0299255 0.0398872 0.0503987 0.0603303 0.0684132 0.0737053 0.0758983 0.0752607 0.0723514 0.0677613 0.0619992 0.0554804 0.0485518 0.0415221 0.0346733 0.0282465 0.0224123 0.0172605 0.0128216 0.00910329 0.0061104 0.00383353
 0.00867535 0.0140833 0.0211722 0.029852 0.0397942 0.0502819 0.0601827 0.0682269 0.0734746 0.0756231 0.074951 0.0720325 0.0674789 0.0618193 0.0554753 0.0487691 0.0419497 0.0352276 0.0287987 0.0228442 0.0175126 0.0129051 0.00907538 0.00603596 0.00375847
 0.00868177 0.0140909 0.0211783 0.0298526 0.0397846 0.0502584 0.0601434 0.0681704 0.0733982 0.0755214 0.0748177 0.0718646 0.0672843 0.0616225 0.0553176 0.0486998 0.0420061 0.0354128 0.0290719 0.0231342 0.0177496 0.0130505 0.0091309 0.00603067 0.003727
 0.00866481 0.0140685 0.021154 0.0298322 0.0397742 0.0502605 0.060155 0.0681834 0.0734023 0.0755078 0.0747807 0.0718015 0.0671953 0.0615128 0.055201 0.0486003 0.0419535 0.0354305 0.0291633 0.0232768 0.0179035 0.013177 0.00920956 0.00606303 0.00372866
 0.00865464 0.0140505 0.0211245 0.0297881 0.0397145 0.0501893 0.0600818 0.0681215 0.0733633 0.0754961 0.074791 0.0718218 0.0672119 0.0615155 0.0551871 0.0485757 0.0419324 0.0354306 0.0291981 0.0233472 0.0179959 0.0132694 0.00928249 0.00610802 0.0037487
 0.0086418 0.0140305 0.021096 0.0297501 0.0396664 0.0501309 0.0600143 0.0680484 0.0732917 0.0754357 0.0747518 0.0718097 0.0672259 0.0615477 0.055226 0.0486123 0.0419638 0.0354611 0.0292357 0.0233979 0.0180586 0.0133359 0.00934156 0.00615146 0.00377467
 0.0086166 0.0139922 0.0210434 0.029684 0.0395895 0.0500473 0.0599292 0.0679677 0.0732211 0.0753805 0.074716 0.0717966 0.0672373 0.061583 0.055281 0.0486794 0.0420349 0.0355306 0.0293019 0.023462 0.0181215 0.0133958 0.00939408 0.00619225 0.00380203
 0.00862975 0.0140088 0.0210595 0.0296932 0.0395848 0.0500241 0.0598878 0.0679131 0.073161 0.0753223 0.0746651 0.071756 0.0672088 0.0615682 0.0552807 0.0486936 0.0420612 0.0355653 0.0293413 0.0235034 0.0181631 0.0134356 0.00942972 0.00622117 0.00382277
 0.00861348 0.0139875 0.0210367 0.0296746 0.0395757 0.0500259 0.059896 0.0679185 0.0731545 0.0752996 0.0746288 0.0717141 0.0671705 0.0615404 0.0552673 0.048695 0.0420761 0.035591 0.0293744 0.0235404 0.0182007 0.0134711 0.00946079 0.00624611 0.00384088
 0.0086012 0.0139676 0.0210073 0.0296348 0.0395269 0.0499732 0.0598475 0.0678837 0.0731398 0.0753048 0.074647 0.0717353 0.0671872 0.0615503 0.0552733 0.0487022 0.0420886 0.0356106 0.0294006 0.023571 0.0182329 0.0135019 0.00948785 0.00626783 0.00385671
 0.0086012 0.0139676 0.0210073 0.0296348 0.0395269 0.0499732 0.0598475 0.0678837 0.0731398 0.0753048 0.074647 0.0717353 0.0671872 0.0615503 0.0552733 0.0487022 0.0420886 0.0356106 0.0294006 0.023571 0.0182329 0.0135019 0.00948785 0.00626783 0.00385671
 0.00900772 0.014608 0.0219297 0.0308617 0.0410409 0.0517006 0.0616476 0.0695593 0.0744777 0.0761326 0.0748767 0.071376 0.0663272 0.0603259 0.0538366 0.0471961 0.0406303 0.0342843 0.0282571 0.0226327 0.0175 0.0129588 0.00910811 0.00601919 0.00370542
 0.00838943 0.0136727 0.0206563 0.0292879 0.0392664 0.0498811 0.059984 0.0682712 0.0737549 0.0760775 0.0754696 0.0724834 0.0677495 0.0618562 0.0553072 0.0485005 0.0417222 0.0351621 0.0289439 0.0231596 0.0178963 0.0132489 0.00931244 0.00615575 0.00379092
 0.00855424 0.0138565 0.0207795 0.0292301 0.0389052 0.0491522 0.0589282 0.0670392 0.0725628 0.0751377 0.0749314 0.072403 0.0680902 0.0625118 0.0561365 0.0493646 0.0425146 0.0358221 0.0294545 0.0235333 0.0181594 0.013429 0.00943246 0.00623311 0.00383845
#pred catch len freq
 0.00360761 0.00585408 0.00882495 0.0125588 0.0170793 0.0223391 0.0281556 0.0342088 0.0401119 0.0454941 0.0500551 0.0535997 0.0560611 0.0575012 0.0580797 0.0580138 0.0575461 0.056904 0.0562155 0.0553774 0.05395 0.051218 0.0465028 0.0396128 0.0311286
 0.00394661 0.00636142 0.00950997 0.0134094 0.0180755 0.0234704 0.0294242 0.0356115 0.0416095 0.0469917 0.0514128 0.0546743 0.0567594 0.0578124 0.0580676 0.057773 0.0571434 0.0563339 0.0553934 0.0541804 0.0522942 0.049136 0.0441723 0.0373101 0.0291268
 0.00410934 0.00665833 0.0100143 0.0142031 0.0192238 0.0249859 0.0312418 0.0375963 0.0435992 0.0488453 0.0530318 0.0559901 0.0577105 0.0583419 0.0581448 0.0574135 0.0564023 0.0552692 0.0540269 0.0524912 0.0502602 0.0467999 0.0416843 0.0349065 0.0270494
 0.00435268 0.00703214 0.0105415 0.0149045 0.020131 0.0261517 0.0327312 0.0394508 0.0457874 0.0512313 0.0553902 0.0580677 0.0592985 0.0593184 0.0584735 0.057118 0.055539 0.0539077 0.0522334 0.0503219 0.0477757 0.0441006 0.0389382 0.0323353 0.0248677
 0.00456 0.00737807 0.0110777 0.0156823 0.0211896 0.0275022 0.034347 0.0412742 0.047751 0.0532737 0.0574473 0.0600429 0.0610446 0.0606541 0.0592315 0.0571917 0.054902 0.0526009 0.0503393 0.0479454 0.045044 0.0411769 0.0360291 0.0296699 0.0226446
 0.00479112 0.00774925 0.01163 0.0164567 0.0222258 0.0288329 0.0359835 0.0431889 0.0498662 0.055467 0.0595739 0.0619661 0.0626533 0.061859 0.0599478 0.0573325 0.054393 0.0514068 0.0484844 0.0455195 0.0421997 0.0381227 0.0330124 0.0269399 0.0203977
 0.00510619 0.00824375 0.0123426 0.0174154 0.0234485 0.0303265 0.0377378 0.0451684 0.0520034 0.0576618 0.0616991 0.06388 0.0642194 0.0629657 0.0605176 0.0573157 0.0537549 0.0501263 0.0465689 0.0430311 0.0392767 0.0349808 0.0299188 0.0241598 0.0181308
 0.00533629 0.00861737 0.0129042 0.0182065 0.0245006 0.0316503 0.0393115 0.0469346 0.0538785 0.0595519 0.0635123 0.0655282 0.0656152 0.0640205 0.0611463 0.057444 0.0533258 0.0491046 0.0449509 0.0408634 0.0366768 0.0321455 0.0271015 0.0216171 0.0160563
 0.00555681 0.00897938 0.0134567 0.0190001 0.0255813 0.0330459 0.0410148 0.0488892 0.0559778 0.0616522 0.0654575 0.0671786 0.066869 0.0648204 0.0614681 0.0572771 0.052659 0.0479255 0.0432598 0.0386981 0.0341387 0.0294107 0.0244029 0.0191932 0.0140874
 0.00576204 0.00930926 0.0139477 0.0196878 0.0264989 0.0342195 0.0424529 0.0505701 0.0578404 0.063594 0.0673421 0.0688543 0.0681949 0.0656917 0.0618282 0.0571137 0.0519862 0.0467669 0.0416453 0.0366777 0.031807 0.0269225 0.0219615 0.0170082 0.0123173
 0.00598318 0.00966222 0.0144673 0.020404 0.0274337 0.0353812 0.0438284 0.0521194 0.0594974 0.0652726 0.0689446 0.0702768 0.0693351 0.066458 0.0621518 0.0569567 0.0513433 0.0456595 0.0401159 0.0347921 0.0296651 0.0246675 0.0197717 0.0150629 0.0107497
 0.00621346 0.0100291 0.015006 0.0211434 0.0283928 0.0365626 0.0452093 0.0536454 0.0610852 0.0668223 0.070354 0.0714555 0.0702114 0.0669811 0.062289 0.0566898 0.0506677 0.0445871 0.0386795 0.0330523 0.0277171 0.0226434 0.0178284 0.0133526 0.00938155
 0.00637221 0.0102876 0.0153966 0.0216986 0.0291414 0.0375221 0.0463753 0.0549826 0.0625251 0.0682693 0.0716985 0.0725908 0.0710507 0.0674682 0.0623994 0.0564233 0.0500386 0.0436184 0.0374057 0.0315274 0.0260244 0.0208977 0.0161642 0.0118975 0.00822437
 0.0064348 0.0103895 0.0155512 0.0219218 0.029452 0.0379419 0.0469254 0.0556769 0.0633621 0.0692236 0.0727169 0.0735956 0.0719505 0.0681738 0.0628387 0.0565505 0.0498356 0.0430914 0.0365817 0.0304551 0.024778 0.0195772 0.014885 0.0107686 0.00732195
 0.00642643 0.0103862 0.0155659 0.0219741 0.0295652 0.0381379 0.0472191 0.0560747 0.0638617 0.0698154 0.0733824 0.0743038 0.0726552 0.0688148 0.0633486 0.0568652 0.0499059 0.0428914 0.0361132 0.0297491 0.023895 0.0186026 0.0139183 0.00990344 0.00662453
 0.00648755 0.0104717 0.0156694 0.0220827 0.0296656 0.0382245 0.0473007 0.0561727 0.064003 0.0700223 0.0736656 0.0746599 0.0730673 0.0692523 0.0637679 0.0572124 0.0501239 0.0429309 0.0359449 0.0293735 0.023346 0.0179446 0.0132332 0.00927178 0.00610582
 0.00671538 0.0108029 0.0160951 0.0225689 0.0301626 0.038682 0.047681 0.056456 0.0641864 0.0701164 0.0736911 0.0746424 0.0730312 0.0692151 0.0637345 0.057173 0.0500538 0.0427964 0.0357132 0.0290265 0.0228907 0.0174161 0.0126875 0.00876909 0.0056926
 0.0067392 0.010843 0.0161564 0.022653 0.0302625 0.0387777 0.0477399 0.0564434 0.0640836 0.0699372 0.0734836 0.0744728 0.0729577 0.069267 0.0639055 0.0574275 0.0503393 0.043055 0.0358931 0.0290914 0.0228284 0.0172428 0.012443 0.00850412 0.0054526
 0.00674668 0.010852 0.0161649 0.0226583 0.0302636 0.0387774 0.0477436 0.0564544 0.0640968 0.0699372 0.0734525 0.0744043 0.0728681 0.0691926 0.0638864 0.0574871 0.0504725 0.0432298 0.0360624 0.0292094 0.0228655 0.0171934 0.0123258 0.00835284 0.00530249
 0.00679843 0.0109194 0.0162354 0.02271 0.0302718 0.0387245 0.0476282 0.0562935 0.0639205 0.0697777 0.073333 0.0743331 0.07284 0.0691979 0.063921 0.0575549 0.0505792 0.0433716 0.0362204 0.0293531 0.022965 0.0172315 0.0123046 0.0082907 0.00522459
 0.00677797 0.0108955 0.0162154 0.0227035 0.0302837 0.0387472 0.0476384 0.0562597 0.0638185 0.0696075 0.0731234 0.0741306 0.0726894 0.0691255 0.0639298 0.0576323 0.0507068 0.0435316 0.0363943 0.0295203 0.0231036 0.017325 0.0123479 0.00829194 0.0052002
 0.0068057 0.0109291 0.0162458 0.0227178 0.0302717 0.0387095 0.0475894 0.0562203 0.0638023 0.0696088 0.0731189 0.0740953 0.0726147 0.0690261 0.0638357 0.0575723 0.0506964 0.0435703 0.0364698 0.0296136 0.0231947 0.0173971 0.0123917 0.00830761 0.00519546
 0.00679754 0.0109182 0.0162327 0.0227021 0.0302493 0.0386705 0.0475196 0.0561087 0.0636513 0.0694392 0.0729641 0.0739856 0.0725633 0.069027 0.0638735 0.0576349 0.0507797 0.0436744 0.036592 0.029745 0.0233211 0.0175044 0.0124706 0.00835626 0.00521888
 0.00686021 0.0110162 0.0163727 0.0228871 0.0304769 0.0389308 0.0477925 0.0563629 0.0638475 0.0695402 0.072947 0.073852 0.0723394 0.0687542 0.0635936 0.0573789 0.0505653 0.0435089 0.0364761 0.0296742 0.0232861 0.0174927 0.0124697 0.00835723 0.00521756
 0.00672868 0.0108408 0.01618 0.0227258 0.0304054 0.0389954 0.048009 0.0567101 0.0642737 0.0699774 0.073326 0.0741163 0.0724566 0.068723 0.0634414 0.0571513 0.050311 0.0432676 0.0362726 0.0295188 0.0231779 0.0174238 0.0124291 0.00833415 0.00520414
 0.0067358 0.0108147 0.0160744 0.0224836 0.0299841 0.0384025 0.047324 0.056072 0.0638323 0.0698331 0.0734932 0.0745269 0.0729969 0.0692769 0.0639236 0.0575199 0.0505639 0.0434279 0.0363724 0.0295861 0.0232303 0.0174687 0.0124673 0.00836419 0.0052251
 0.00662339 0.0106599 0.0158895 0.0222875 0.0297858 0.0381815 0.0470283 0.0556453 0.0632621 0.0691869 0.0729113 0.0741658 0.0729565 0.0695584 0.0644396 0.0581426 0.0511777 0.0439603 0.036797 0.0299081 0.0234685 0.0176426 0.0125916 0.0084497 0.00528034
 0.0065543 0.010548 0.0157238 0.0220633 0.0295099 0.0378776 0.0467333 0.0553941 0.0630656 0.0690229 0.0727412 0.0739729 0.0727735 0.0694585 0.0644933 0.0583738 0.0515499 0.044399 0.0372264 0.0302774 0.0237579 0.0178546 0.0127392 0.00854761 0.00534178
 0.00661767 0.0106329 0.0158175 0.0221411 0.0295404 0.0378325 0.0465983 0.0551757 0.0627919 0.0687343 0.0724749 0.0737489 0.0725935 0.06932 0.064406 0.0583616 0.0516345 0.0445793 0.0374725 0.0305434 0.024002 0.0180519 0.0128833 0.00864425 0.00540183
 0.0065537 0.0105527 0.0157394 0.0220936 0.0295499 0.0379064 0.0467137 0.0552838 0.0628381 0.0686834 0.0723271 0.0735365 0.0723638 0.0691152 0.0642532 0.0582748 0.0516206 0.0446397 0.0375988 0.0307144 0.0241876 0.0182232 0.0130214 0.0087432 0.00546562
 0.00656108 0.0105474 0.0157015 0.0219992 0.0293836 0.0376771 0.0464618 0.0550695 0.0627134 0.0686641 0.072385 0.0736184 0.0724228 0.0691331 0.0642422 0.0582627 0.0516346 0.0446967 0.0377024 0.0308556 0.024348 0.0183806 0.013157 0.00884657 0.00553572
 0.00718965 0.0114354 0.0167889 0.0231426 0.0303934 0.038379 0.0467525 0.0549397 0.0622373 0.0679682 0.0716086 0.0728756 0.0717774 0.0685968 0.0637951 0.0578812 0.051309 0.0444314 0.0375062 0.0307314 0.0242882 0.0183686 0.0131725 0.00887193 0.00555953
 0.00792403 0.0125713 0.0183826 0.0251871 0.032797 0.0409485 0.0491928 0.0568966 0.0633916 0.0681457 0.0708424 0.0713821 0.0698646 0.0665588 0.0618441 0.0561314 0.0498 0.0431636 0.036468 0.0299094 0.023666 0.0179232 0.0128735 0.00868482 0.00545078
 0.00785477 0.012567 0.0185764 0.0257695 0.0339656 0.0428247 0.0517405 0.0598859 0.0664284 0.0707597 0.0726065 0.0720282 0.0693551 0.0650834 0.0597385 0.053761 0.0474631 0.0410503 0.0346688 0.0284487 0.0225319 0.0170847 0.0122878 0.00830159 0.0052179
 0.00764259 0.0122323 0.0181013 0.0251703 0.0333203 0.042297 0.0515756 0.0603503 0.0676967 0.0727982 0.0751285 0.0745619 0.0714002 0.0662777 0.059959 0.0531239 0.0462403 0.0395556 0.0331662 0.0271102 0.02144 0.0162564 0.0117009 0.00791401 0.00498064
