SBPRF35
8.17068
Curr Bio
574638
B35
580986
F35
0.209462
FOFL
0.209319
OFL
94922.9
Bzero
2.33448e+006
#pred survey bio
 3.04869e+006 3.17023e+006 3.35572e+006 3.45169e+006 3.44419e+006 3.18881e+006 2.58805e+006 2.03766e+006 1.83211e+006 1.67114e+006 1.48515e+006 1.33729e+006 1.2091e+006 1.06195e+006 880851 757921 692521 647178 621237 611515 613837 631818 659810 669041 648020 556779 510718 518484 542157 583769 627538 660951 660024 639944 588712 566652 562889 555746 535636 520180 494259 505590 530825 582756 599426 573803 567382 589255 567872 565225 591879 670673 625387 582458 2.05881e+007 1.23814e+007 1.2709e+007 1.34161e+007 1.43002e+007 1.51882e+007 1.59799e+007 1.66351e+007 1.71512e+007 1.75446e+007 1.7838e+007 1.80539e+007 1.82114e+007 1.8326e+007 1.84094e+007 1.84702e+007 1.85147e+007 1.85475e+007 1.85718e+007 1.85898e+007 1.86034e+007 1.86136e+007 1.86213e+007 1.86271e+007 1.86316e+007 1.8635e+007 1.86376e+007 1.86396e+007 1.86412e+007 1.86424e+007 1.86433e+007 1.8644e+007 1.86446e+007 1.8645e+007 1.86454e+007 1.86456e+007 1.86458e+007 1.8646e+007 1.86461e+007 1.86462e+007 1.86463e+007 1.86463e+007 1.86464e+007 1.86464e+007 1.86464e+007 1.86465e+007 1.86465e+007 1.86465e+007 1.86465e+007 1.86465e+007 1.86465e+007 1.86465e+007 1.86465e+007 1.86465e+007 1.86465e+007 1.86465e+007 1.86465e+007 1.86465e+007 1.86465e+007 1.86465e+007 1.86465e+007 1.86465e+007 1.86465e+007 1.86465e+007 1.86465e+007 1.86465e+007 1.86465e+007 1.86465e+007 1.86465e+007 1.86465e+007 1.86465e+007 1.86465e+007 1.86465e+007 1.86465e+007 1.86465e+007 1.86465e+007 1.86465e+007 1.86465e+007 1.86465e+007 1.86465e+007 1.86465e+007 1.86465e+007 1.86465e+007 1.86465e+007 1.86465e+007 1.86465e+007 1.86465e+007 1.86465e+007 1.86465e+007 1.86465e+007 1.86465e+007 1.86465e+007 1.86465e+007 1.86465e+007 1.86465e+007 1.86465e+007 1.86465e+007 1.86465e+007 1.86465e+007 1.86465e+007 0 0 0 0 0 0 0 0 0 0 0 0 0 0 0 0 0 0 0 0 0 0 0 0 0
#obs survey bio
 3.42671e+006 2.56004e+006 3.97103e+006 3.01522e+006 3.33096e+006 4.31512e+006 2.50184e+006 1.88085e+006 1.7151e+006 1.75096e+006 1.39364e+006 1.10982e+006 1.0754e+006 1.28155e+006 926928 679128 807887 515412 475670 489666 606825 648171 999741 579189 660703 691201 386445 539915 585748 776133 514267 723433 874971 685961 506220 572924 592945 503088 478203 693700 559764 459799 599235 638246 692733 547564 513452 918042 628796 439167 626456 819059 454913 516051
#pred catch bio
 97603.1 98312.3 155211 214938 252370 259420 292422 290869 321222 334995 276370 269430 271658 254214 230816 202224 186780 171331 152533 141078 118934 116044 124658 119806 120238 94560.1 97388.5 104990 99864.5 97942.1 96801.5 90981.5 86720.4 99476.1 99288 95978.3 82004.2 84993.9 87210 88401.6 86963.4 97447.2 82225.4 89337.9 87517.5 92949.6 94968.4 81127.7 88072.1 94432.5 47490.5 111720 117733 63940 94922.9 94591.5 95759.4 100087 106225 112476 117974 122409 125785 128250 129995 131202 132021 132570 132933 133171 133326 133427 133492 133533 133560 133577 133588 133595 133599 133602 133604 133605 133606 133606 133606 133607 133607 133607 133607 133607 133607 133607 133607 133607 133607 133607 133607 133607 133607 133607 133607 133607 133607 133607 133607 133607 133607 133607 133607 133607 133607 133607 133607 133607 133607 133607 133607 133607 133607 133607 133607 133607 133607 133607 133607 133607 133607 133607 133607 133607 133607 133607 133607 133607 133607 133607 133607 133607 133607 133607 133607 133607 133607 133607 133607 133607 133607 133607 133607 133607 133607 133607 133607 133607 0 0 0 0 0 0 0 0 0 0 0 0 0 0 0 0 0 0 0 0 0 0 0 0 0
#obs catch bio
 0 98033.1 155328 215323 252485 258778 292225 291574 322454 335974 275633 269728 272294 253138 230894 202956 186981 171879 152480 141472 118604 116064 124870 119761 120101 94225.5 97627.6 105392 100047 97980 96878.8 90842.5 86534.3 99435 99420.2 96291.7 81840.3 84935.2 87254.4 88273.7 86962.4 97912.8 82235.7 89349.1 87269.5 92973.4 95508.1 80771.8 88063.3 95269.6 46954.4 112091 118465 63645.4
#pred cpue bio
 3.01293e+006 3.13328e+006 3.3149e+006 3.4076e+006 3.39801e+006 3.14321e+006 2.5485e+006 2.00366e+006 1.79842e+006 1.63763e+006 1.45258e+006 1.30537e+006 1.17764e+006 1.03191e+006 853883 732710 668006 623325 597666 587881 589759 606902 633679 642593 622580 534852 490569 497824 520541 560760 603125 635486 634943 616031 566886 545472 540596 532056 511795 496915 472348 483230 507199 557247 573495 549150 542728 563507 543567 540950 566233 643417 600214 557766 1.97165e+007 1.18455e+007 1.20651e+007 1.26905e+007 1.35549e+007 1.44397e+007 1.5231e+007 1.58861e+007 1.64022e+007 1.67956e+007 1.7089e+007 1.73048e+007 1.74624e+007 1.7577e+007 1.76604e+007 1.77212e+007 1.77657e+007 1.77985e+007 1.78227e+007 1.78408e+007 1.78543e+007 1.78645e+007 1.78722e+007 1.78781e+007 1.78826e+007 1.7886e+007 1.78886e+007 1.78906e+007 1.78922e+007 1.78934e+007 1.78943e+007 1.7895e+007 1.78955e+007 1.7896e+007 1.78963e+007 1.78966e+007 1.78968e+007 1.78969e+007 1.78971e+007 1.78972e+007 1.78972e+007 1.78973e+007 1.78973e+007 1.78974e+007 1.78974e+007 1.78974e+007 1.78974e+007 1.78974e+007 1.78975e+007 1.78975e+007 1.78975e+007 1.78975e+007 1.78975e+007 1.78975e+007 1.78975e+007 1.78975e+007 1.78975e+007 1.78975e+007 1.78975e+007 1.78975e+007 1.78975e+007 1.78975e+007 1.78975e+007 1.78975e+007 1.78975e+007 1.78975e+007 1.78975e+007 1.78975e+007 1.78975e+007 1.78975e+007 1.78975e+007 1.78975e+007 1.78975e+007 1.78975e+007 1.78975e+007 1.78975e+007 1.78975e+007 1.78975e+007 1.78975e+007 1.78975e+007 1.78975e+007 1.78975e+007 1.78975e+007 1.78975e+007 1.78975e+007 1.78975e+007 1.78975e+007 1.78975e+007 1.78975e+007 1.78975e+007 1.78975e+007 1.78975e+007 1.78975e+007 1.78975e+007 1.78975e+007 1.78975e+007 1.78975e+007 1.78975e+007 1.78975e+007 1.78975e+007 0 0 0 0 0 0 0 0 0 0 0 0 0 0 0 0 0 0 0 0 0 0 0 0 0
#obs cpue bio
 4.03018e+006 2.67731e+006 3.73677e+006 3.06717e+006 4.12342e+006 2.97928e+006 2.82755e+006 1.35373e+006 1.80236e+006 1.77782e+006 1.84766e+006 1.30284e+006 1.26448e+006 1.23441e+006 675914 654866 633136 683226 877170 631478 746003 494659 412222 767289 772513 437993 474476 447412 473056 457177 712780 689106 467687 634228 548746 465559 631285 610217 522981 447539 351223 452112 423384 615372 598747 504051 396449 633615 422141 504170 615021 713766 616631 694015
#pred surv len freq
 0.00419034 0.00692699 0.0106553 0.0154286 0.0211636 0.0275424 0.0340008 0.0398873 0.0447163 0.0483237 0.0508261 0.0524664 0.0534827 0.054055 0.0543065 0.054325 0.0541877 0.0539609 0.053646 0.0530676 0.0517808 0.049125 0.044507 0.0378062 0.0296219
 0.00458027 0.00744705 0.0112309 0.0159283 0.0214462 0.0275255 0.0337075 0.0394359 0.0442568 0.0479624 0.0505879 0.0523134 0.0533667 0.053965 0.0542825 0.0544338 0.0544761 0.0544113 0.0541584 0.0534836 0.051944 0.0489512 0.0440249 0.0371421 0.0289382
 0.00458659 0.00755278 0.0115569 0.0166209 0.0226095 0.0291335 0.035553 0.0411745 0.0455415 0.0485922 0.0505734 0.0518259 0.0526229 0.0531354 0.0534677 0.0536904 0.0538421 0.0539032 0.0537479 0.0530878 0.0514525 0.0482837 0.0431817 0.0362113 0.0280528
 0.00472587 0.00774142 0.0117792 0.0168605 0.0228804 0.0295099 0.0361657 0.0421499 0.046903 0.0501904 0.0521117 0.0529815 0.0531894 0.0530931 0.0529498 0.0528919 0.0529382 0.0530089 0.0529096 0.0522909 0.050644 0.0474124 0.0422407 0.0352554 0.0271761
 0.00491484 0.00805481 0.0122588 0.0175401 0.0237699 0.0305796 0.0373452 0.0433542 0.0480755 0.0513254 0.0532246 0.0540424 0.05408 0.0536363 0.0529977 0.0524051 0.0519998 0.0517723 0.0515266 0.0508634 0.0492187 0.0460084 0.0408866 0.0340088 0.026111
 0.0050671 0.0083136 0.0126697 0.0181538 0.0246326 0.0317149 0.0387344 0.0449247 0.0497097 0.05289 0.0546083 0.0551798 0.0549429 0.0541975 0.0532017 0.0521761 0.0512871 0.0505946 0.0499778 0.0490795 0.0473362 0.0441439 0.0391401 0.0324704 0.0248535
 0.00528081 0.00865167 0.0131621 0.0188252 0.0255017 0.0327924 0.0400165 0.046385 0.0512933 0.0545126 0.0561631 0.0565521 0.056031 0.0549276 0.0535267 0.0520617 0.0507033 0.0495281 0.0484578 0.047195 0.0452297 0.041986 0.0371 0.03069 0.0234267
 0.00552388 0.00906418 0.0138136 0.0197873 0.0268284 0.0344916 0.0420264 0.0485756 0.0534973 0.0565701 0.0579521 0.0579924 0.0570701 0.0555262 0.053652 0.0516883 0.0498146 0.0481212 0.0465573 0.0448743 0.0426258 0.0392936 0.0345394 0.028459 0.0216551
 0.00558323 0.0092079 0.0141184 0.0203569 0.0277723 0.0358885 0.0438872 0.0508247 0.0559806 0.0590853 0.0602876 0.0599645 0.058548 0.0564382 0.0539736 0.0514203 0.0489663 0.0467071 0.0446094 0.0424654 0.0398909 0.0364337 0.0317942 0.0260536 0.0197423
 0.00578034 0.00951347 0.0145541 0.0209428 0.0285354 0.036871 0.0451433 0.0524 0.0578803 0.061244 0.0625602 0.0621473 0.0604227 0.057819 0.0547377 0.0515116 0.0483804 0.0454717 0.0427775 0.0401255 0.0371868 0.0335718 0.0290225 0.0236094 0.0177912
 0.00615698 0.0101085 0.0154158 0.0220998 0.0299878 0.0385803 0.0470277 0.0543472 0.0597789 0.0630167 0.0641723 0.0635816 0.061641 0.0587407 0.0552492 0.0514987 0.0477603 0.0442119 0.0409013 0.0377164 0.0343948 0.0306128 0.0261537 0.0210772 0.0157686
 0.0063963 0.0105045 0.0160236 0.0229729 0.0311642 0.0400615 0.0487605 0.0562209 0.0616478 0.0647391 0.0656468 0.0647629 0.0625287 0.0593481 0.0555684 0.0514821 0.0473285 0.0432846 0.0394356 0.0357385 0.0320164 0.0280271 0.0236038 0.0188007 0.0139364
 0.00653439 0.0107541 0.016446 0.0236409 0.0321464 0.0413957 0.0504276 0.0581342 0.0636652 0.0666917 0.0673723 0.0661346 0.0634742 0.0598523 0.0556571 0.0511903 0.0466711 0.0422464 0.0379909 0.0338894 0.0298318 0.0256572 0.0212592 0.0166987 0.0122382
 0.00669595 0.0110256 0.016872 0.0242719 0.0330316 0.0425705 0.0518966 0.0598575 0.0655543 0.0686162 0.0691761 0.0676599 0.0645897 0.0604765 0.0557678 0.0508148 0.0458612 0.0410522 0.0364492 0.0320375 0.027737 0.0234417 0.0190948 0.0147683 0.0106811
 0.00694371 0.0114219 0.0174565 0.0250771 0.0340776 0.0438566 0.0533916 0.0614976 0.0672501 0.0702671 0.0706817 0.0689245 0.0655247 0.0610071 0.0558441 0.0504221 0.0450206 0.0398115 0.0348703 0.0301916 0.0257132 0.021359 0.0171008 0.013013 0.00927602
 0.00709992 0.0117057 0.0179374 0.0258345 0.035178 0.0453198 0.0551624 0.0634442 0.0691955 0.0720375 0.0721448 0.0700027 0.0661858 0.0612459 0.0556672 0.0498419 0.0440577 0.0384999 0.0332619 0.028359 0.0237518 0.0193876 0.0152529 0.011414 0.0080122
 0.00716135 0.0118111 0.0181088 0.0261027 0.0355838 0.0459112 0.0559842 0.0645184 0.0704994 0.0734895 0.0736113 0.071328 0.0672313 0.0619197 0.0559306 0.0496971 0.0435297 0.0376263 0.0320915 0.0269578 0.0222082 0.017812 0.0137661 0.0101253 0.00699443
 0.00728973 0.0120027 0.018366 0.0264179 0.035945 0.0463097 0.0564218 0.0650092 0.0710665 0.0741536 0.0743745 0.0721572 0.068053 0.0626325 0.0564311 0.0499065 0.0434088 0.0371749 0.0313417 0.0259675 0.0210586 0.0166032 0.0126064 0.00911144 0.00619063
 0.00747034 0.012275 0.0187353 0.0268729 0.0364585 0.0468428 0.0569295 0.0654493 0.0714124 0.0744074 0.0745687 0.0723415 0.068268 0.0628847 0.0566835 0.0500887 0.0434415 0.0369967 0.0309271 0.0253326 0.020258 0.0157191 0.0117331 0.00833475 0.00556879
 0.00764484 0.0125336 0.0190773 0.0272797 0.0368973 0.0472733 0.0573107 0.0657455 0.0715996 0.0744808 0.0745482 0.0722684 0.0681945 0.0628556 0.0567183 0.0501703 0.043519 0.037002 0.0307992 0.0250405 0.0198118 0.0151678 0.0111489 0.00779154 0.0051213
 0.00791828 0.0129349 0.0196 0.0278876 0.0375315 0.0478665 0.0578001 0.0660821 0.0717547 0.074452 0.0743611 0.0719721 0.0678493 0.0625203 0.0564373 0.0499645 0.0433796 0.036893 0.0306696 0.024844 0.0195262 0.0148047 0.0107486 0.00740632 0.00479558
 0.00801701 0.0130872 0.0198124 0.0281567 0.0378398 0.0481803 0.0580705 0.0662551 0.0717895 0.0743397 0.0741311 0.071682 0.0675636 0.0622908 0.0562936 0.0499128 0.0434059 0.0369661 0.0307471 0.0248818 0.0194928 0.0146922 0.0105753 0.00720771 0.00460887
 0.00789169 0.0129171 0.0196185 0.0279788 0.037725 0.0481638 0.0581598 0.0664254 0.0719931 0.0745229 0.0742522 0.0717236 0.0675368 0.0622287 0.0562373 0.0498959 0.0434438 0.0370526 0.0308577 0.0249826 0.0195525 0.0146937 0.010521 0.00711709 0.00450831
 0.00789218 0.0128995 0.0195602 0.0278535 0.0375169 0.0478853 0.0578612 0.0661836 0.0718803 0.0745717 0.0744396 0.0719839 0.0677943 0.0624297 0.0563654 0.0499673 0.0434898 0.0371001 0.0309173 0.0250472 0.0196045 0.0147166 0.0105089 0.00707662 0.00445432
 0.00782075 0.0127974 0.0194312 0.0277066 0.0373597 0.0477168 0.057671 0.0659624 0.0716366 0.0743419 0.0742802 0.0719452 0.0678936 0.0626414 0.0566361 0.0502426 0.0437352 0.0373058 0.0310879 0.0251887 0.019717 0.014796 0.0105526 0.00708866 0.00444477
 0.00801461 0.0130723 0.0197707 0.0280716 0.0377007 0.0479922 0.0578599 0.0660623 0.0716513 0.0742721 0.0741253 0.0717154 0.0676177 0.0623611 0.0563887 0.0500463 0.0435877 0.0371938 0.0309992 0.0251166 0.0196584 0.0147477 0.0105111 0.00705146 0.00441177
 0.00800375 0.0130732 0.0198045 0.0281635 0.0378669 0.0482233 0.0581121 0.066269 0.0717514 0.0742392 0.0739776 0.0715011 0.0673894 0.0621575 0.0562309 0.0499415 0.0435335 0.0371803 0.0310118 0.0251407 0.0196828 0.0147659 0.0105206 0.00705265 0.00440698
 0.00786728 0.0128885 0.019596 0.0279794 0.0377683 0.0482641 0.0583193 0.0666291 0.0722093 0.0747097 0.0743682 0.0717413 0.0674527 0.062065 0.0560354 0.0497037 0.043302 0.0369841 0.0308611 0.0250326 0.0196083 0.0147149 0.0104849 0.0070268 0.004388
 0.00791476 0.0129356 0.0196139 0.0279292 0.03762 0.048022 0.0580367 0.0663984 0.0721253 0.0748243 0.074665 0.0721413 0.0678492 0.062366 0.0561929 0.0497202 0.043216 0.0368466 0.0307159 0.0249065 0.0195114 0.0146462 0.0104385 0.00699623 0.00436808
 0.00795163 0.0129812 0.0196544 0.0279391 0.0375642 0.0478635 0.0577499 0.0659852 0.0716295 0.0743332 0.0742885 0.0719725 0.0679245 0.0626495 0.0565952 0.0501394 0.0435764 0.0371156 0.0308975 0.0250234 0.0195876 0.0146982 0.010475 0.00702108 0.00438365
 0.00801701 0.013066 0.0197418 0.027999 0.0375596 0.0477615 0.0575311 0.065649 0.071194 0.073836 0.0737873 0.0715423 0.0676432 0.0625737 0.0567365 0.0504567 0.0439917 0.0375449 0.0312786 0.0253268 0.0198114 0.0148552 0.010581 0.0070898 0.00442585
 0.00801151 0.0130609 0.0197399 0.0280025 0.0375649 0.0477549 0.0574871 0.0655361 0.0709879 0.0735327 0.0734105 0.0711407 0.0672805 0.0623141 0.0566297 0.0505232 0.0442149 0.037875 0.0316498 0.0256794 0.0201069 0.0150794 0.0107377 0.00719186 0.00448788
 0.00794809 0.0129576 0.0195851 0.0277872 0.0372877 0.0474262 0.0571317 0.0651887 0.0706816 0.073287 0.0732274 0.071012 0.0672007 0.0622899 0.05668 0.0506696 0.0444678 0.0382227 0.0320574 0.0260981 0.0204895 0.0153937 0.010972 0.00735114 0.00458706
 0.00772953 0.0126367 0.0191659 0.0272951 0.0367615 0.0469055 0.0566484 0.0647666 0.0703408 0.0730464 0.0731023 0.0710075 0.0673084 0.0624913 0.056955 0.0510042 0.0448551 0.0386563 0.0325223 0.0265667 0.0209267 0.0157675 0.0112631 0.00755732 0.00471966
 0.00780306 0.0127267 0.0192483 0.0273328 0.0367191 0.046769 0.0564379 0.0645296 0.0701285 0.0728887 0.0729975 0.0709332 0.0672416 0.0624235 0.0568936 0.0509662 0.0448587 0.0387146 0.0326388 0.0267322 0.0211202 0.0159618 0.0114339 0.00768971 0.00481073
 0.00847266 0.0136938 0.0204766 0.0287063 0.0380687 0.0479205 0.0572551 0.0649375 0.0701175 0.0725079 0.072338 0.0701021 0.0663352 0.061511 0.056019 0.0501586 0.0441423 0.0381108 0.0321623 0.0263864 0.0208944 0.015833 0.0113729 0.00766877 0.00480863
 0.00917804 0.0148045 0.0220728 0.0308171 0.0406416 0.0507895 0.0601267 0.0674275 0.0718503 0.0732369 0.072022 0.0688951 0.0645069 0.0593512 0.05377 0.0479901 0.0421584 0.0363695 0.0306932 0.0251995 0.0199821 0.015171 0.0109224 0.00738304 0.00464052
 0.00911902 0.0148038 0.022247 0.0313308 0.0416618 0.0524117 0.0623076 0.069962 0.0744082 0.0754432 0.0735493 0.0695404 0.0642332 0.0582812 0.0521346 0.0460557 0.0401624 0.0344866 0.0290315 0.0238132 0.0188867 0.0143539 0.0103506 0.00701017 0.00441549
 0.00882204 0.0143718 0.0216974 0.0307286 0.0411229 0.0520946 0.0623907 0.0705992 0.0756651 0.0772394 0.0756431 0.0715817 0.0658657 0.0592494 0.0523476 0.0455884 0.0392035 0.0332661 0.0277581 0.0226391 0.0179003 0.0135888 0.00980069 0.00664445 0.00419142
 0.00860689 0.0140298 0.0212 0.0300627 0.0403035 0.0511819 0.0615025 0.0699065 0.0753594 0.0774762 0.0764828 0.0729496 0.0675536 0.0609634 0.0537911 0.0465478 0.0396021 0.0331638 0.0273055 0.0220146 0.0172568 0.0130272 0.00936725 0.00634338 0.00400193
 0.00864008 0.0140537 0.0211805 0.0299495 0.0400436 0.0507418 0.06089 0.0691819 0.0746308 0.076883 0.0761678 0.0730239 0.0680576 0.0618388 0.0548814 0.047638 0.0404854 0.0337077 0.0274844 0.0218974 0.0169632 0.0126774 0.00904792 0.00609756 0.00383663
 0.00858475 0.013987 0.0211207 0.0299219 0.0400657 0.0508042 0.0609468 0.0691618 0.0744704 0.0765646 0.0757415 0.0725991 0.0677673 0.0617911 0.0551165 0.0481085 0.0410705 0.0342574 0.0278758 0.0220757 0.0169476 0.0125359 0.00885943 0.00592195 0.00370372
 0.00868753 0.014133 0.0213024 0.0301221 0.0402657 0.0509944 0.0611293 0.0693407 0.0746342 0.0766754 0.0757453 0.0724562 0.0674846 0.0614326 0.0547813 0.0478859 0.0409987 0.0343087 0.0279768 0.0221473 0.0169426 0.0124524 0.00872873 0.00578467 0.00358955
 0.00863131 0.0140329 0.0211362 0.0298646 0.0398962 0.0505088 0.0605521 0.0687301 0.0740739 0.0762536 0.0755269 0.0724612 0.0676836 0.0617651 0.0551863 0.0483254 0.041458 0.0347782 0.028433 0.0225516 0.0172565 0.0126572 0.0088336 0.00581835 0.00358532
 0.00863891 0.01404 0.0211362 0.029846 0.0398425 0.0504002 0.0603702 0.0684638 0.0737285 0.0758576 0.0751325 0.072133 0.0674792 0.0617154 0.0552876 0.0485464 0.0417571 0.0351168 0.0287788 0.022875 0.0175303 0.012862 0.0089646 0.00588652 0.0036109
 0.00871868 0.0141514 0.0212698 0.0299809 0.0399513 0.050457 0.0603569 0.0683722 0.0735583 0.0756155 0.0748336 0.0718044 0.0671608 0.0614534 0.0551222 0.0484991 0.0418246 0.035275 0.0289922 0.0231063 0.0177468 0.01304 0.00909257 0.00596557 0.00365153
 0.00867557 0.0141195 0.0212903 0.0301105 0.0402407 0.0509203 0.0609494 0.0689945 0.0740879 0.0759493 0.0749183 0.0716431 0.0668006 0.060967 0.0545907 0.0479971 0.041408 0.0349732 0.028807 0.023018 0.0177247 0.0130527 0.00911553 0.00598454 0.00366178
 0.00859559 0.0139955 0.0211176 0.0298959 0.0400091 0.0507192 0.060845 0.0690522 0.0743411 0.0763725 0.0754249 0.0721151 0.067134 0.0611082 0.0545458 0.047818 0.041166 0.0347346 0.028617 0.0228952 0.0176645 0.0130371 0.00912334 0.00599907 0.00367385
 0.00868307 0.0140816 0.021145 0.0297807 0.0396687 0.0501145 0.0600155 0.0681212 0.0734835 0.0757594 0.07517 0.0722417 0.0675747 0.0617345 0.0552161 0.0484224 0.0416499 0.0350953 0.0288824 0.0230993 0.0178315 0.013177 0.00923674 0.00608412 0.00373139
 0.00865489 0.0140803 0.0212204 0.0299936 0.0400588 0.0506595 0.0606087 0.0685954 0.0736801 0.0756061 0.0747179 0.0716391 0.0669951 0.061304 0.0549769 0.0483416 0.0416582 0.035128 0.0289034 0.0231022 0.0178259 0.0131739 0.00924065 0.00609342 0.00374194
 0.00854322 0.013919 0.0210181 0.0297787 0.0398803 0.0505812 0.0606935 0.0688784 0.0741384 0.0761462 0.0751991 0.071932 0.0670421 0.0611415 0.0547053 0.0480676 0.0414481 0.0349958 0.0288294 0.0230593 0.0177967 0.0131524 0.00922663 0.00608661 0.0037404
 0.00808719 0.0131732 0.0198929 0.0282023 0.0378319 0.0481347 0.0580516 0.0663628 0.0721202 0.074938 0.0749599 0.0726276 0.0684741 0.0630266 0.0567668 0.0500987 0.0433282 0.0366686 0.0302703 0.0242564 0.0187478 0.0138691 0.00973551 0.00642522 0.00395029
 0.00859277 0.0139106 0.0208415 0.0292778 0.0388954 0.0490178 0.0585871 0.0664201 0.0716443 0.0739833 0.0736934 0.071286 0.0672886 0.0621508 0.0562447 0.049882 0.0433239 0.0367851 0.0304409 0.0244401 0.0189202 0.0140157 0.00984933 0.0065059 0.00400255
 0.00889739 0.0144504 0.0217291 0.0306262 0.0407676 0.0513582 0.0611725 0.0688769 0.0735459 0.0749857 0.0736433 0.0702539 0.065525 0.0599972 0.0540354 0.0478687 0.0416426 0.0354675 0.029453 0.0237221 0.0184124 0.0136677 0.00962027 0.00636268 0.00391837
#obs surv len freq
 nan nan nan nan nan nan nan nan nan nan nan nan nan nan nan nan nan nan nan nan nan nan nan nan nan
 0.00448621 0.0073488 0.0111807 0.0159996 0.0217034 0.0279821 0.0342986 0.0400309 0.0447095 0.0481706 0.0505245 0.0520157 0.0529034 0.0534116 0.0537225 0.0539748 0.0542516 0.0545431 0.054681 0.0542726 0.0527108 0.0493437 0.0437948 0.0362768 0.0276626
 0.00461688 0.00756256 0.0115045 0.0164587 0.0223149 0.0287458 0.0351878 0.0409894 0.0456594 0.0490267 0.0512108 0.0524765 0.053109 0.0533597 0.0534336 0.0534852 0.0536042 0.0537806 0.0538426 0.0533954 0.0518337 0.0485097 0.0430485 0.0356559 0.0271881
 0.00477382 0.00782062 0.0118983 0.0170223 0.0230749 0.0297107 0.0363361 0.0422647 0.0469761 0.0502847 0.0523097 0.0533284 0.053647 0.053544 0.0532554 0.0529649 0.0527854 0.0527216 0.0526091 0.0520573 0.050466 0.0471927 0.0418618 0.0346651 0.0264294
 0.00496834 0.00813808 0.0123785 0.0177032 0.0239862 0.030862 0.0377054 0.0437929 0.0485737 0.0518456 0.0537265 0.0545013 0.0544904 0.0539915 0.0532655 0.0525256 0.0519162 0.0514717 0.0510538 0.0502937 0.0486097 0.0453714 0.0402019 0.03327 0.0253571
 0.00518694 0.00849428 0.0129162 0.018464 0.0250017 0.0321419 0.0392247 0.0454873 0.0503477 0.05359 0.0553334 0.0558727 0.0555401 0.0546456 0.0534647 0.0522301 0.0511129 0.0501812 0.0493363 0.0482521 0.0463869 0.0431387 0.038135 0.0315154 0.0240003
 0.00540779 0.0088577 0.0134713 0.0192593 0.0260757 0.0335084 0.0408574 0.047315 0.0522647 0.0554768 0.0570758 0.0573716 0.0567122 0.0554215 0.0537852 0.052047 0.0503932 0.0489183 0.0475647 0.0460612 0.0439265 0.040608 0.0357511 0.0294667 0.0224029
 0.00563903 0.00923808 0.0140522 0.0200918 0.0272014 0.0349437 0.0425779 0.0492488 0.0543017 0.0574893 0.0589386 0.0589752 0.057968 0.0562604 0.0541539 0.0519024 0.0497016 0.0476624 0.0457606 0.0437804 0.0413117 0.037869 0.0331317 0.027189 0.0206111
 0.00587649 0.00962667 0.014642 0.0209317 0.0283303 0.0363768 0.0442916 0.0511744 0.0563345 0.0595066 0.0608185 0.0606083 0.0592625 0.0571428 0.0545676 0.0518038 0.0490573 0.0464527 0.0439929 0.0415128 0.0386747 0.0350687 0.0304202 0.0248059 0.0187201
 0.00613496 0.0100467 0.0152737 0.0218216 0.0295126 0.0378598 0.0460436 0.0531188 0.0583606 0.0614907 0.0626438 0.0621749 0.0604895 0.0579666 0.054938 0.0516807 0.0484086 0.0452576 0.0422545 0.0392801 0.0360665 0.0322808 0.0277007 0.0223982 0.0167967
 0.00638137 0.0104536 0.0158978 0.0227185 0.0307251 0.0393992 0.0478713 0.0551421 0.0604481 0.0635006 0.064449 0.0636763 0.0616167 0.0586728 0.0551919 0.0514592 0.0476922 0.0440324 0.0405241 0.0370878 0.0335195 0.0295604 0.0250418 0.0200361 0.0149021
 0.00661022 0.0108293 0.01647 0.0235368 0.0318296 0.0408061 0.0495569 0.0570351 0.0624366 0.0654512 0.0662287 0.0651694 0.0627356 0.0593606 0.0554191 0.0512142 0.0469716 0.0428373 0.0388674 0.0350133 0.0311249 0.0270097 0.0225491 0.0178183 0.0131189
 0.00684592 0.0112149 0.0170548 0.0243676 0.0329415 0.0422073 0.0512142 0.0588692 0.0643339 0.0672856 0.0678817 0.0665407 0.0637474 0.0599582 0.0555706 0.0509076 0.0462094 0.041632 0.0372445 0.0330233 0.0288624 0.024624 0.0202318 0.0157631 0.0114683
 0.00706854 0.0115818 0.0176159 0.0251717 0.0340256 0.0435804 0.0528404 0.0606636 0.0661752 0.0690412 0.0694307 0.0677883 0.0646275 0.0604312 0.0556181 0.0505268 0.045409 0.0404301 0.0356724 0.0311357 0.0267511 0.0224254 0.0181157 0.0138978 0.00997602
 0.00726489 0.0119053 0.0181106 0.0258814 0.034985 0.0448009 0.0542962 0.0622847 0.0678568 0.070662 0.0708737 0.0689549 0.0654459 0.0608587 0.0556384 0.0501436 0.0446387 0.0392986 0.0342164 0.0294114 0.0248455 0.0204613 0.0162409 0.0122558 0.0086685
 0.00743815 0.0121878 0.0185375 0.026486 0.035793 0.0458204 0.0555066 0.0636331 0.0692629 0.0720324 0.0721148 0.0699832 0.0661936 0.0612775 0.0557014 0.0498443 0.043988 0.038321 0.03295 0.0279125 0.0231956 0.0187698 0.0146351 0.0108564 0.0075588
 0.00753072 0.0123398 0.0187696 0.0268193 0.0362466 0.0464064 0.0562242 0.0644647 0.0701756 0.072981 0.0730463 0.0708398 0.0669154 0.0618072 0.0559892 0.0498541 0.0437008 0.0377374 0.032092 0.0268256 0.0219516 0.0174652 0.0133805 0.00975503 0.00668185
 0.00760132 0.0124516 0.0189327 0.0270419 0.0365347 0.0467632 0.0566488 0.0649511 0.0707123 0.0735527 0.073634 0.0714187 0.067454 0.062266 0.0563235 0.0500182 0.0436558 0.0374589 0.0315769 0.026098 0.021065 0.0164995 0.0124301 0.00890882 0.00600231
 0.00767128 0.0125583 0.01908 0.0272292 0.0367572 0.0470139 0.0569199 0.065235 0.0710032 0.073848 0.0739342 0.0717246 0.0677616 0.0625619 0.0565824 0.0502043 0.0437278 0.0373786 0.0313199 0.0256638 0.0204828 0.015827 0.0117427 0.00828174 0.00549072
 0.00771652 0.0126264 0.0191722 0.0273427 0.0368862 0.0471506 0.0570562 0.0653643 0.0711227 0.0739607 0.0740485 0.0718522 0.0679123 0.0627378 0.0567739 0.0503885 0.0438705 0.0374401 0.0312653 0.0254738 0.0201635 0.0154126 0.0112883 0.00784793 0.00512593
 0.00778269 0.0127265 0.0193089 0.0275128 0.0370808 0.0473564 0.0572563 0.0655404 0.0712588 0.0740475 0.0740874 0.0718549 0.067897 0.0627239 0.0567747 0.0504062 0.0438932 0.0374438 0.0312199 0.0253539 0.0199596 0.0151376 0.0109755 0.00754015 0.00486107
 0.00781142 0.0127733 0.0193792 0.0276108 0.0372079 0.0475084 0.0574222 0.0657028 0.0713985 0.0741488 0.074143 0.0718669 0.0678756 0.0626839 0.0567315 0.0503712 0.0438694 0.0374233 0.0311851 0.0252845 0.0198412 0.0149702 0.0107758 0.00733568 0.00467937
 0.00784813 0.0128258 0.019445 0.0276838 0.0372807 0.0475758 0.0574836 0.0657613 0.0714572 0.0742073 0.0741961 0.071907 0.0678966 0.0626842 0.0567154 0.0503462 0.0438427 0.0373971 0.0311545 0.0252388 0.0197698 0.014869 0.0106514 0.00720392 0.0045586
 0.00784977 0.0128279 0.0194469 0.0276841 0.0372767 0.0475642 0.0574612 0.0657274 0.0714155 0.0741673 0.0741702 0.071906 0.0679241 0.0627361 0.0567816 0.050416 0.0439081 0.0374528 0.0311961 0.0252609 0.0197667 0.0148383 0.0105969 0.00713566 0.00448975
 0.00788672 0.0128804 0.0195121 0.0277542 0.0373416 0.0476144 0.0574904 0.0657331 0.0713984 0.0741302 0.0741186 0.0718481 0.0678704 0.062696 0.0567608 0.0504144 0.0439203 0.0374712 0.031213 0.0252693 0.0197616 0.0148172 0.0105613 0.00709139 0.00444464
 0.00786397 0.0128457 0.0194639 0.0276924 0.0372666 0.0475271 0.0573925 0.0656281 0.0712931 0.0740352 0.0740462 0.0718091 0.0678714 0.0627378 0.0568387 0.05052 0.0440429 0.0375987 0.0313333 0.0253721 0.0198395 0.0148671 0.0105849 0.00709441 0.00443525
 0.00790478 0.0129025 0.0195317 0.0277606 0.0373222 0.047559 0.0573952 0.0656023 0.0712432 0.0739666 0.0739646 0.0717217 0.0677871 0.0626669 0.0567905 0.0504997 0.0440504 0.0376287 0.0313771 0.0254194 0.0198811 0.0148967 0.0106004 0.00709747 0.00443015
 0.00787445 0.0128599 0.0194794 0.0277045 0.0372681 0.0475092 0.0573466 0.0655481 0.0711785 0.0738928 0.0738909 0.0716607 0.0677503 0.0626605 0.0568153 0.050553 0.0441271 0.0377221 0.0314784 0.025519 0.0199697 0.0149676 0.0106504 0.00712799 0.00444544
 0.00786108 0.0128311 0.0194237 0.0276087 0.0371228 0.0473161 0.0571228 0.0653239 0.0709867 0.0737572 0.0738196 0.071649 0.0677877 0.062737 0.0569234 0.0506862 0.0442783 0.0378829 0.0316395 0.0256708 0.0201032 0.0150762 0.0107314 0.00718248 0.00447812
 0.00786429 0.0128349 0.0194265 0.0276065 0.0371086 0.0472799 0.0570538 0.0652146 0.0708392 0.0735865 0.0736513 0.0715111 0.0677004 0.062708 0.0569487 0.0507553 0.0443791 0.0380038 0.0317697 0.0257999 0.0202217 0.0151766 0.0108092 0.00723731 0.00451287
 0.00785622 0.0128224 0.0194086 0.0275828 0.0370788 0.0472437 0.0570102 0.0651616 0.0707736 0.0735058 0.0735562 0.071409 0.0676055 0.0626376 0.0569172 0.050769 0.0444353 0.0380929 0.0318789 0.025916 0.0203331 0.0152741 0.0108873 0.0072941 0.00455021
 0.00779696 0.0127285 0.0192723 0.0273995 0.0368497 0.0469779 0.056727 0.0648889 0.0705422 0.0733403 0.073469 0.071399 0.0676622 0.0627473 0.0570681 0.0509522 0.044643 0.0383161 0.0321059 0.0261337 0.0205291 0.0154387 0.0110155 0.00738622 0.00461076
 0.00778784 0.0127054 0.0192223 0.0273061 0.0366973 0.0467592 0.0564495 0.0645764 0.0702299 0.0730661 0.0732649 0.0712847 0.0676435 0.0628168 0.0572094 0.0511456 0.0448696 0.0385595 0.032352 0.0263691 0.0207416 0.0156185 0.011157 0.00748882 0.00467891
 0.00776045 0.0126628 0.0191614 0.0272239 0.0365898 0.046621 0.0562745 0.0643618 0.0699812 0.0728011 0.0730128 0.07108 0.0675166 0.0627856 0.0572755 0.0512961 0.0450824 0.0388095 0.0326153 0.0266254 0.0209746 0.0158165 0.0113134 0.007603 0.00475528
 0.00772386 0.0126042 0.0190752 0.027106 0.0364391 0.046441 0.056074 0.0641537 0.0697787 0.0726143 0.0728486 0.0709454 0.0674219 0.0627452 0.0573028 0.0513974 0.0452528 0.0390329 0.0328689 0.0268846 0.0212173 0.0160264 0.0114811 0.00772634 0.00483835
 0.00932149 0.0148404 0.0217738 0.0298803 0.0388046 0.047995 0.0566378 0.0637989 0.068744 0.0711835 0.0712599 0.0693592 0.0659302 0.0613953 0.0561188 0.0503921 0.0444309 0.0383905 0.0323918 0.0265499 0.0209969 0.0158913 0.011405 0.00768755 0.00482094
 0.00931023 0.015116 0.0227062 0.0319276 0.0423133 0.05293 0.0624116 0.0693677 0.0729788 0.0733149 0.0711327 0.0673718 0.0627593 0.0577057 0.0523992 0.0469306 0.0413665 0.035775 0.0302315 0.0248262 0.0196744 0.0149218 0.0107307 0.00724652 0.00455191
 0.00896281 0.0145734 0.0219527 0.0310199 0.0414319 0.0524121 0.0627088 0.0708835 0.0758243 0.0771295 0.0751306 0.0706389 0.0646323 0.0580011 0.0513806 0.0450931 0.0392049 0.0336508 0.0283501 0.0232738 0.0184647 0.0140287 0.0101083 0.00683945 0.00430403
 0.0087851 0.0142717 0.0214762 0.0303177 0.0404737 0.0512239 0.0614164 0.0697382 0.0751777 0.0773343 0.0763821 0.0728317 0.0673327 0.0605888 0.0532974 0.0460532 0.0392501 0.0330484 0.027431 0.0223087 0.017617 0.013366 0.00963523 0.00652807 0.00411484
 0.0087192 0.0141577 0.0212905 0.0300313 0.0400543 0.0506444 0.0606677 0.0688489 0.0742351 0.0764981 0.0758723 0.0728713 0.0680497 0.0619226 0.0549785 0.0476918 0.0404947 0.0337201 0.0275577 0.022059 0.017195 0.0129324 0.00927833 0.00627462 0.00395478
 0.00870451 0.0141291 0.0212382 0.0299414 0.0399103 0.0504285 0.0603644 0.0684483 0.073739 0.0759301 0.0752925 0.0723849 0.0677951 0.0620274 0.0554943 0.0485439 0.0414899 0.0346212 0.0281838 0.0223499 0.0172068 0.0127809 0.00907607 0.0060943 0.00382521
 0.00869451 0.0141141 0.0212176 0.0299145 0.0398745 0.0503779 0.0602888 0.0683334 0.0735694 0.0756951 0.0749928 0.0720421 0.0674597 0.0617778 0.0554178 0.0486997 0.0418707 0.0351411 0.0287088 0.0227571 0.0174351 0.0128423 0.00902934 0.00600541 0.00374019
 0.00868536 0.014099 0.0211947 0.0298821 0.039832 0.050326 0.0602297 0.0682692 0.0734997 0.0756144 0.0748915 0.0719113 0.0672996 0.0616068 0.0552752 0.0486372 0.0419302 0.0353295 0.0289865 0.0230516 0.0176748 0.0129878 0.00908277 0.00599709 0.00370583
 0.0086788 0.0140902 0.0211848 0.0298729 0.0398251 0.0503221 0.060227 0.0682644 0.0734886 0.075593 0.0748563 0.0718585 0.0672259 0.0615126 0.0551699 0.0485422 0.0418754 0.0353405 0.0290696 0.0231863 0.0178219 0.0131085 0.00915631 0.00602507 0.00370403
 0.00864692 0.014041 0.021116 0.0297847 0.0397211 0.0502092 0.0601157 0.0681673 0.0734173 0.0755547 0.0748507 0.0718791 0.067262 0.0615525 0.0552054 0.0485719 0.0419063 0.0353857 0.0291404 0.023284 0.0179339 0.0132144 0.00923796 0.00607517 0.00372671
 0.00866155 0.0140594 0.0211335 0.0297941 0.0397139 0.0501798 0.0600638 0.0680987 0.0733423 0.0754843 0.0747944 0.0718419 0.0672442 0.0615503 0.0552126 0.048583 0.0419194 0.0354037 0.0291691 0.0233274 0.0179903 0.0132752 0.00929224 0.00611486 0.00374998
 0.00866488 0.0140662 0.0211461 0.0298143 0.039742 0.050212 0.0600918 0.0681116 0.0733307 0.0754456 0.0747344 0.0717726 0.067179 0.0614991 0.0551795 0.0485669 0.0419165 0.0354108 0.0291849 0.0233522 0.0180232 0.0133127 0.00932857 0.00614454 0.0037702
 0.00863586 0.0140254 0.0210965 0.029763 0.0396984 0.0501847 0.060086 0.0681267 0.0733608 0.0754808 0.0747637 0.0717879 0.0671783 0.0614868 0.0551633 0.0485544 0.0419126 0.0354167 0.0291996 0.0233739 0.01805 0.0133419 0.00935674 0.00616836 0.00378761
 0.00863079 0.014012 0.0210673 0.0297094 0.0396141 0.0500713 0.0599563 0.068003 0.0732674 0.0754347 0.0747683 0.0718339 0.0672485 0.0615641 0.0552361 0.0486181 0.0419679 0.0354665 0.0292465 0.023419 0.0180927 0.0133808 0.00939017 0.00619482 0.00380657
 0.00860816 0.0139786 0.0210231 0.0296555 0.0395516 0.0499996 0.0598731 0.0679072 0.0731631 0.0753337 0.0746885 0.0717924 0.0672547 0.0616153 0.0553197 0.0487176 0.0420689 0.0355603 0.0293296 0.0234908 0.0181538 0.0134315 0.00943057 0.00622512 0.00382757
 0.00860816 0.0139786 0.0210231 0.0296555 0.0395516 0.0499996 0.0598731 0.0679072 0.0731631 0.0753337 0.0746885 0.0717924 0.0672547 0.0616153 0.0553197 0.0487176 0.0420689 0.0355603 0.0293296 0.0234908 0.0181538 0.0134315 0.00943057 0.00622512 0.00382757
 0.00821195 0.0133509 0.0201121 0.0284326 0.038027 0.048241 0.0580184 0.0661549 0.0717317 0.0744039 0.0743586 0.072065 0.0680521 0.0628094 0.0567612 0.0502606 0.0435886 0.0369628 0.0305551 0.0245101 0.0189618 0.0140407 0.00986494 0.00651597 0.00400889
 0.00853829 0.0138231 0.0207122 0.0291007 0.0386696 0.048751 0.0582965 0.0661295 0.0713771 0.073755 0.0735103 0.0711521 0.067214 0.0621541 0.0563448 0.0500845 0.043612 0.0371229 0.0307862 0.0247577 0.0191889 0.0142277 0.0100059 0.00661401 0.00407177
 0.00887395 0.0144034 0.021643 0.0304837 0.0405571 0.0510844 0.0608632 0.06858 0.0733145 0.0748586 0.0736308 0.0703364 0.0656648 0.0601564 0.0541903 0.0480145 0.0417869 0.0356189 0.0296118 0.0238798 0.0185566 0.0137885 0.00971314 0.00642839 0.00396114
#pred catch len freq
 0.00312152 0.00508582 0.00770896 0.0110468 0.0151455 0.0199907 0.025447 0.0312525 0.0370739 0.0425749 0.0474655 0.0515381 0.0546948 0.0569502 0.0584046 0.0592094 0.059541 0.0595669 0.0593654 0.0587976 0.0574046 0.0544741 0.0493584 0.041929 0.0328528
 0.00342378 0.00549329 0.00816946 0.011466 0.0154211 0.0200614 0.0253257 0.0310181 0.0368243 0.0423736 0.0473179 0.05141 0.0545565 0.0568139 0.0583311 0.0592807 0.0598116 0.0600175 0.0598852 0.059211 0.0575389 0.0542373 0.0487841 0.041159 0.0320684
 0.00345584 0.00560647 0.00844551 0.0119998 0.0162742 0.0212024 0.0265987 0.0321777 0.0376339 0.0427099 0.047211 0.0509981 0.0539981 0.0562241 0.0577752 0.058801 0.059446 0.0597856 0.0597571 0.0590935 0.0573049 0.0537888 0.0481101 0.0403459 0.0312564
 0.0035961 0.00580571 0.00869974 0.0123072 0.0166597 0.0217399 0.0274019 0.033341 0.0391452 0.0443948 0.0487663 0.0521126 0.0544865 0.0560877 0.0571621 0.0579142 0.0584639 0.0588239 0.0588607 0.0582432 0.0564403 0.0528517 0.0470914 0.0393057 0.0302986
 0.00377139 0.00608863 0.00911928 0.012883 0.0173935 0.0226089 0.0283638 0.0343566 0.0402066 0.0455279 0.049988 0.0533636 0.055601 0.0568413 0.0573753 0.0575378 0.0575892 0.0576211 0.0574972 0.0568296 0.0550241 0.0514481 0.0457256 0.0380355 0.0292031
 0.00392157 0.00633614 0.00949931 0.0134337 0.0181518 0.0236004 0.0295872 0.0357704 0.0417275 0.0470487 0.0514079 0.0546114 0.0566298 0.0575974 0.0577724 0.0574722 0.0569918 0.0565066 0.0559675 0.0550342 0.0531116 0.049543 0.0439321 0.0364473 0.0278981
 0.00415991 0.00670734 0.0100293 0.0141401 0.0190471 0.0246943 0.0308835 0.0372571 0.0433651 0.0487619 0.0530878 0.0561313 0.0578703 0.0584664 0.0582073 0.0574258 0.0564245 0.0553992 0.0543505 0.0530062 0.0508308 0.0471984 0.0417105 0.0345056 0.0263398
 0.00442074 0.0071337 0.010675 0.0150563 0.0202713 0.0262354 0.032706 0.0392784 0.0454695 0.0508246 0.0549924 0.0577755 0.059163 0.0593274 0.0585702 0.0572421 0.055664 0.054053 0.0524439 0.0506195 0.0481147 0.0443663 0.0390031 0.0321385 0.0244554
 0.00454387 0.00736145 0.0110708 0.0157016 0.0212537 0.027625 0.0345271 0.0414878 0.0479514 0.0534031 0.057461 0.0599338 0.0608513 0.0604427 0.0590608 0.0570889 0.0548635 0.0526135 0.0503974 0.0480458 0.0451643 0.0412627 0.0360129 0.0295121 0.0223635
 0.00477657 0.0077197 0.0115765 0.0163721 0.0221131 0.0287139 0.0359017 0.0431993 0.0500107 0.0557476 0.0599418 0.0623352 0.0629357 0.0620016 0.0599501 0.0572365 0.0542554 0.0512744 0.048383 0.045454 0.0421561 0.0380706 0.0329162 0.0267784 0.0201798
 0.00509329 0.00821482 0.0122845 0.0173113 0.0232834 0.0300954 0.0374553 0.0448734 0.0517561 0.0575291 0.0617323 0.0640904 0.0645671 0.0633698 0.0608876 0.057587 0.0539094 0.0501865 0.0465758 0.0430201 0.0392628 0.0349582 0.0298709 0.0240744 0.0180114
 0.00535276 0.00863202 0.012904 0.0181721 0.024412 0.031495 0.0390926 0.0466724 0.0536079 0.0593158 0.0633548 0.065487 0.0657102 0.064243 0.0614546 0.057774 0.0536144 0.0493124 0.0450718 0.0409154 0.0366848 0.0321261 0.0270605 0.0215555 0.0159789
 0.00554892 0.00896025 0.0134162 0.0189248 0.0254575 0.0328652 0.0407791 0.0486136 0.0556884 0.0613824 0.0652421 0.0670489 0.066848 0.064918 0.0616759 0.0575665 0.0529848 0.0482381 0.0435207 0.0388896 0.0342628 0.02948 0.0244312 0.0191917 0.0140657
 0.00575573 0.00929419 0.0139164 0.0196312 0.0264093 0.0340951 0.0423006 0.0504051 0.057681 0.0634554 0.0672339 0.0687819 0.0681634 0.0657078 0.061899 0.0572407 0.0521599 0.0469654 0.0418397 0.0368416 0.0319252 0.0269928 0.0219917 0.0170102 0.012303
 0.00604955 0.00975427 0.0145768 0.0205142 0.0275248 0.0354394 0.0438516 0.0521172 0.0594841 0.0652591 0.0689327 0.0702602 0.0693046 0.0664088 0.0620879 0.0568901 0.051288 0.0456242 0.040099 0.0347833 0.0296518 0.0246418 0.0197333 0.0150176 0.0107054
 0.00621829 0.0100463 0.0150489 0.0212295 0.0285387 0.0367761 0.0454828 0.0539554 0.061398 0.0671025 0.070572 0.0715905 0.0702519 0.0669256 0.0621466 0.0564805 0.0504191 0.0443281 0.0384334 0.0328317 0.0275254 0.0224787 0.0176888 0.0132381 0.00929309
 0.00629322 0.0101705 0.015243 0.0215222 0.0289697 0.0373962 0.0463445 0.055092 0.0627965 0.0686852 0.0721998 0.0730931 0.0714713 0.0677497 0.0625198 0.0563929 0.0498896 0.0433931 0.0371456 0.0312663 0.0257848 0.0206912 0.0159952 0.0117661 0.00812832
 0.00640362 0.0103346 0.0154622 0.0217901 0.029278 0.0377438 0.0467441 0.055572 0.063394 0.0694306 0.073096 0.0740971 0.0724901 0.0686569 0.0631874 0.0567231 0.0498318 0.0429438 0.0363403 0.0301715 0.0244948 0.019323 0.0146753 0.010608 0.00720786
 0.00652628 0.0105176 0.0157069 0.0220861 0.0296058 0.0380793 0.0470649 0.0558632 0.0636557 0.0696823 0.0733746 0.0744428 0.0729239 0.06916 0.0636952 0.057139 0.0500548 0.0428983 0.0359952 0.0295463 0.0236542 0.018365 0.0137118 0.00974164 0.00650917
 0.00665204 0.010702 0.0159469 0.0223655 0.0298988 0.0383579 0.0473049 0.0560476 0.0637771 0.0697462 0.0734016 0.0744674 0.072987 0.0692938 0.0639061 0.0573957 0.050291 0.0430311 0.0359525 0.0292923 0.0232022 0.0177739 0.0130682 0.00913409 0.00600413
 0.0068107 0.01093 0.0162343 0.0226834 0.0302064 0.0386151 0.0474833 0.0561347 0.063776 0.0696726 0.073281 0.0743318 0.0728706 0.0692279 0.0639117 0.0574745 0.0504188 0.0431578 0.0360154 0.0292374 0.0230059 0.0174535 0.0126754 0.00873523 0.00565643
 0.00687572 0.0110296 0.0163716 0.022854 0.0303959 0.0387976 0.0476228 0.056194 0.0637304 0.0695234 0.0730596 0.0740901 0.0726635 0.0690973 0.0638789 0.0575392 0.0505608 0.0433394 0.0361865 0.0293467 0.0230172 0.017359 0.0124986 0.00851976 0.00544822
 0.00678169 0.0109037 0.0162319 0.0227337 0.0303336 0.0388216 0.0477372 0.0563745 0.0639311 0.0696923 0.0731556 0.0740969 0.072595 0.0689919 0.0637837 0.0574933 0.050582 0.0434206 0.036299 0.0294507 0.0230759 0.0173516 0.0124278 0.00840819 0.00532652
 0.00675976 0.0108567 0.0161422 0.0225834 0.0301158 0.0385536 0.0474677 0.0561721 0.0638575 0.0697718 0.0733615 0.074364 0.0728499 0.0691837 0.0638994 0.0575525 0.0506194 0.0434654 0.0363616 0.0295213 0.023133 0.0173757 0.0124113 0.00835891 0.00526181
 0.00672474 0.0108083 0.0160836 0.0225191 0.0300455 0.0384668 0.0473446 0.055996 0.0636329 0.0695363 0.0731767 0.0742873 0.0729045 0.0693471 0.0641189 0.0577744 0.0508115 0.043621 0.0364887 0.0296276 0.0232181 0.0174335 0.0124374 0.00835591 0.00523973
 0.00685231 0.0109856 0.0162958 0.0227353 0.0302298 0.0385935 0.047407 0.0560028 0.0635944 0.0694542 0.0730472 0.0741146 0.0727111 0.0691684 0.0639854 0.0576964 0.0507782 0.0436124 0.0364886 0.0296278 0.0232159 0.0174268 0.0124243 0.00833615 0.00521591
