SBPRF35
9.71466
Curr Bio
616873
B35
728897
F35
0.194124
FOFL
0.167549
OFL
84813.8
Bzero
2.77562e+006
#pred survey bio
 3.41391e+006 3.09754e+006 2.78455e+006 2.48058e+006 2.19129e+006 1.93859e+006 1.66226e+006 1.4936e+006 1.31683e+006 1.16459e+006 1.02497e+006 910634 818500 766789 719459 684902 628011 618778 607400 593800 585421 568142 567665 567063 562004 562930 568378 563437 551628 543329 536322 521481 512896 509320 516596 519853 524960 536368 549922 556242 558700 561060 558544 564005 571105 579610 596337 551909 609048 623081 2.24039e+007 1.36608e+007 1.40959e+007 1.49476e+007 1.60323e+007 1.71546e+007 1.81865e+007 1.90666e+007 1.97803e+007 2.03395e+007 2.07673e+007 2.10897e+007 2.13301e+007 2.15085e+007 2.16406e+007 2.17385e+007 2.18113e+007 2.18655e+007 2.19062e+007 2.19368e+007 2.19601e+007 2.19777e+007 2.19913e+007 2.20017e+007 2.20097e+007 2.2016e+007 2.20208e+007 2.20246e+007 2.20276e+007 2.20299e+007 2.20317e+007 2.20332e+007 2.20343e+007 2.20352e+007 2.20359e+007 2.20365e+007 2.20369e+007 2.20373e+007 2.20375e+007 2.20378e+007 2.20379e+007 2.20381e+007 2.20382e+007 2.20383e+007 2.20383e+007 2.20384e+007 2.20384e+007 2.20385e+007 2.20385e+007 2.20385e+007 2.20385e+007 2.20386e+007 2.20386e+007 2.20386e+007 2.20386e+007 2.20386e+007 2.20386e+007 2.20386e+007 2.20386e+007 2.20386e+007 2.20386e+007 2.20386e+007 2.20386e+007 2.20386e+007 2.20386e+007 2.20386e+007 2.20386e+007 2.20386e+007 2.20386e+007 2.20386e+007 2.20386e+007 2.20386e+007 2.20386e+007 2.20386e+007 2.20386e+007 2.20386e+007 2.20386e+007 2.20386e+007 2.20386e+007 2.20386e+007 2.20386e+007 2.20386e+007 2.20386e+007 2.20386e+007 2.20386e+007 2.20386e+007 2.20386e+007 2.20386e+007 2.20386e+007 2.20386e+007 2.20386e+007 2.20386e+007 2.20386e+007 2.20386e+007 2.20386e+007 2.20386e+007 2.20386e+007 2.20386e+007 2.20386e+007 2.20386e+007 0 0 0 0 0 0 0 0 0 0 0 0 0 0 0 0 0 0 0 0 0 0 0 0 0
#obs survey bio
 2.77308e+006 2.78357e+006 2.50917e+006 1.70848e+006 2.15273e+006 1.61063e+006 1.27181e+006 1.22964e+006 1.12215e+006 942161 861176 730058 675656 658149 742019 705546 633164 602650 590535 457566 666790 576569 714914 289670 585240 421791 544992 596968 454400 450748 422830 717833 471060 661602 488962 500004 625360 976447 546821 585105 480159 600542 410545 614236 586015 717490 585933 639462 588357 675554
#pred catch bio
 286422 300828 312780 319915 305487 341972 258408 275113 258770 249439 226969 206445 170772 165653 151774 165289 120661 120133 118703 110970 115098 98556.4 98208.7 101732 96156.4 91917.5 99346.9 102537 96946.9 93302.8 96824.5 90333.7 88679.2 83327.9 89039.5 88195.5 83529.9 82683.2 89516.4 93073.9 93361.5 97557.1 91309 91028.4 90906.8 85655.2 137277 53994.1 94089.7 90750.5 84813.8 98404.5 100327 105182 112295 119871 126794 132587 137158 140619 143158 144979 146260 147149 147759 148174 148454 148642 148767 148851 148906 148943 148967 148983 148994 149001 149006 149009 149010 149012 149013 149013 149013 149014 149014 149014 149014 149014 149014 149014 149014 149014 149014 149014 149014 149014 149014 149014 149014 149014 149014 149014 149014 149014 149014 149014 149014 149014 149014 149014 149014 149014 149014 149014 149014 149014 149014 149014 149014 149014 149014 149014 149014 149014 149014 149014 149014 149014 149014 149014 149014 149014 149014 149014 149014 149014 149014 149014 149014 149014 149014 149014 149014 149014 149014 149014 149014 149014 149014 149014 0 0 0 0 0 0 0 0 0 0 0 0 0 0 0 0 0 0 0 0 0 0 0 0 0
#obs catch bio
 239936 302382 314505 323406 309169 348877 261820 281260 264721 255462 230938 210864 173886 169593 154981 169468 122198 122300 120305 112117 116049 98845 98194.4 103211 96939.1 92736.6 100191 103044 97496.6 94004.9 97977.1 90538.5 89134.9 83302.5 89040.1 88008 83083.7 82203.8 89159.3 92667.3 92952.7 97199.4 91067.2 90821.2 90936.1 84743.5 138362 53333 94401.4 90702.8
#pred cpue bio
 3.35341e+006 3.04002e+006 2.72959e+006 2.42708e+006 2.13928e+006 1.88819e+006 1.61438e+006 1.44676e+006 1.27172e+006 1.12142e+006 984071 871659 781134 730304 684238 651103 596500 587923 577410 564844 557285 540971 540724 540012 534986 536054 541647 537306 526296 518567 512241 498368 489535 484600 490796 494063 499339 510575 523794 529913 532246 534499 532001 537165 543940 552175 568268 524539 579526 593650 2.13916e+007 1.30627e+007 1.33852e+007 1.41086e+007 1.51484e+007 1.62602e+007 1.729e+007 1.81697e+007 1.88833e+007 1.94425e+007 1.98704e+007 2.01927e+007 2.04331e+007 2.06115e+007 2.07436e+007 2.08415e+007 2.09143e+007 2.09685e+007 2.10092e+007 2.10399e+007 2.10631e+007 2.10808e+007 2.10943e+007 2.11047e+007 2.11128e+007 2.1119e+007 2.11239e+007 2.11277e+007 2.11306e+007 2.11329e+007 2.11348e+007 2.11362e+007 2.11373e+007 2.11382e+007 2.11389e+007 2.11395e+007 2.11399e+007 2.11403e+007 2.11406e+007 2.11408e+007 2.1141e+007 2.11411e+007 2.11412e+007 2.11413e+007 2.11414e+007 2.11414e+007 2.11415e+007 2.11415e+007 2.11415e+007 2.11416e+007 2.11416e+007 2.11416e+007 2.11416e+007 2.11416e+007 2.11416e+007 2.11416e+007 2.11416e+007 2.11416e+007 2.11416e+007 2.11416e+007 2.11416e+007 2.11416e+007 2.11416e+007 2.11416e+007 2.11416e+007 2.11416e+007 2.11416e+007 2.11416e+007 2.11416e+007 2.11416e+007 2.11416e+007 2.11416e+007 2.11416e+007 2.11416e+007 2.11416e+007 2.11416e+007 2.11416e+007 2.11416e+007 2.11416e+007 2.11416e+007 2.11416e+007 2.11416e+007 2.11416e+007 2.11416e+007 2.11416e+007 2.11416e+007 2.11416e+007 2.11416e+007 2.11416e+007 2.11416e+007 2.11416e+007 2.11416e+007 2.11416e+007 2.11416e+007 2.11416e+007 2.11416e+007 2.11416e+007 2.11416e+007 2.11416e+007 2.11416e+007 0 0 0 0 0 0 0 0 0 0 0 0 0 0 0 0 0 0 0 0 0 0 0 0 0
#obs cpue bio
 3.08886e+006 1.88089e+006 2.92331e+006 2.01666e+006 1.5022e+006 1.77926e+006 1.51014e+006 1.11745e+006 1.0468e+006 1.07466e+006 1.25832e+006 687768 664031 510800 479482 549852 507891 393321 654455 666167 587860 557665 547774 351352 638170 530840 596344 621850 518852 469597 473084 596609 431888 492733 569112 608303 553899 311020 514889 550364 633047 543057 644161 516661 455680 840865 384886 507748 552954 513103
#pred surv len freq
 0.00525516 0.00857363 0.012977 0.0184582 0.0248745 0.0318518 0.038762 0.0448845 0.0496797 0.0529682 0.0548975 0.0557765 0.055925 0.0555995 0.0549724 0.0541344 0.0531108 0.0518772 0.0503521 0.0483599 0.0456044 0.0417278 0.0364933 0.0300161 0.0228686
 0.00560225 0.00905858 0.0135656 0.0190837 0.0254752 0.0324202 0.0393688 0.0456489 0.0506933 0.0542176 0.0562384 0.0569784 0.0567617 0.0559336 0.0547942 0.0535457 0.0522678 0.0509219 0.0493608 0.0473314 0.0444946 0.0405094 0.0352032 0.0287575 0.0217674
 0.005952 0.00963595 0.0144445 0.0203216 0.0270831 0.0343273 0.0414098 0.0476 0.0523549 0.0554936 0.0571511 0.0576055 0.0571459 0.0560378 0.0545305 0.0528465 0.0511407 0.0494516 0.0476662 0.045517 0.0426312 0.0386519 0.033422 0.0271491 0.0204304
 0.0062567 0.0101334 0.0151985 0.0213965 0.0285341 0.0361809 0.0436351 0.050084 0.0548998 0.0578487 0.0590749 0.0589335 0.0578263 0.0561114 0.0540723 0.0519147 0.0497687 0.047676 0.0455565 0.0431798 0.0401949 0.0362511 0.0311901 0.0252089 0.0188734
 0.00654091 0.0105968 0.0158992 0.0223908 0.0298684 0.0378773 0.045675 0.0523983 0.0573711 0.06032 0.0613607 0.0608365 0.0591669 0.0567659 0.0539986 0.0511471 0.0483871 0.0457763 0.0432412 0.0405687 0.0374356 0.0335167 0.02866 0.0230385 0.0171623
 0.00679538 0.0110092 0.0165179 0.0232617 0.0310283 0.0393431 0.0474309 0.0543894 0.0595083 0.0624922 0.0634453 0.0627025 0.0606759 0.0577804 0.0544011 0.050865 0.04741 0.0441563 0.041082 0.0380139 0.0346628 0.030729 0.0260655 0.0208147 0.0154194
 0.00724515 0.0117162 0.0175367 0.0246264 0.0327466 0.0413882 0.049732 0.0568294 0.0619391 0.0647619 0.0654234 0.0642906 0.0618037 0.0583936 0.0544513 0.0503091 0.0462213 0.0423439 0.0387083 0.0352039 0.0316019 0.0276461 0.0231993 0.018368 0.0135139
 0.00744907 0.0120566 0.0180651 0.0253956 0.0337991 0.0427385 0.0513499 0.0586371 0.0638255 0.0666082 0.067123 0.0657567 0.0629666 0.0591939 0.0548339 0.0502207 0.0456147 0.0411914 0.0370227 0.0330599 0.0291451 0.0250823 0.0207584 0.016253 0.011853
 0.00766419 0.0124153 0.0186215 0.0262063 0.0349115 0.0441726 0.0530786 0.0605773 0.0658478 0.068561 0.0688605 0.0671615 0.0639618 0.0597422 0.0549267 0.0498611 0.044805 0.0399325 0.0353294 0.0309852 0.0268018 0.0226443 0.0184337 0.0142335 0.0102644
 0.00786571 0.0127407 0.0191079 0.0268888 0.0358192 0.0453208 0.0544581 0.0621458 0.0675288 0.0702507 0.0704398 0.0685111 0.0649782 0.0603523 0.0550938 0.0495803 0.0440914 0.0388106 0.0338325 0.0291684 0.0247603 0.0205213 0.0164038 0.0124632 0.00886652
 0.00817446 0.0132223 0.0197947 0.0277969 0.0369463 0.0466436 0.055928 0.0636896 0.069057 0.0716725 0.0716751 0.0694944 0.0656569 0.0606851 0.055053 0.0491555 0.0432906 0.0376579 0.0323678 0.0274516 0.0228803 0.0186008 0.0145881 0.0108897 0.00762783
 0.00844003 0.0136508 0.0204326 0.0286815 0.0380951 0.0480384 0.0575026 0.0653306 0.0706268 0.0730431 0.0727547 0.0702359 0.066049 0.060737 0.0547809 0.0485756 0.0424191 0.0365156 0.0309863 0.0258818 0.0211991 0.0169118 0.0130107 0.00953432 0.00656671
 0.0086852 0.0140382 0.0209949 0.0294423 0.0390653 0.0492102 0.0588406 0.066766 0.0720602 0.0743586 0.0738405 0.0710045 0.0664511 0.0607651 0.0544606 0.0479504 0.0415351 0.0354147 0.0297089 0.0244751 0.0197273 0.0154588 0.0116713 0.00839453 0.00568064
 0.00867899 0.0140461 0.0210404 0.0295595 0.0392919 0.0495764 0.0593585 0.0674258 0.0728336 0.0752034 0.0747035 0.0718218 0.0671517 0.0612807 0.0547382 0.0479622 0.0412802 0.0349137 0.0289973 0.0236006 0.0187509 0.0144552 0.010722 0.00757293 0.00503461
 0.00860649 0.013948 0.0209303 0.0294652 0.0392513 0.0496293 0.0595377 0.0677495 0.0733007 0.0757915 0.0753708 0.0725133 0.0678072 0.0618415 0.0551522 0.0481884 0.0412933 0.0347085 0.0285896 0.0230268 0.0180645 0.0137227 0.0100145 0.00695312 0.00454376
 0.00850673 0.0137892 0.0206991 0.0291558 0.0388716 0.0492086 0.0591304 0.0674303 0.0731464 0.0758579 0.0756748 0.073028 0.0684713 0.0625741 0.0558684 0.0488108 0.0417609 0.0349819 0.0286551 0.0228973 0.017778 0.0133362 0.00959314 0.00655733 0.00421655
 0.00878052 0.0141918 0.0212251 0.0297704 0.0395174 0.0498194 0.0596445 0.0677997 0.0733453 0.0758884 0.0755676 0.0728331 0.0682415 0.0623487 0.0556641 0.0486215 0.0415644 0.0347502 0.0283653 0.0225406 0.017365 0.0128956 0.00916447 0.00617936 0.00391604
 0.00864583 0.0139961 0.0209732 0.0294793 0.0392096 0.0495122 0.0593445 0.0675078 0.0730681 0.075649 0.0754059 0.0727945 0.0683596 0.0626306 0.0560857 0.0491322 0.0420986 0.0352411 0.0287578 0.0228009 0.0174858 0.0128955 0.00908058 0.00605546 0.00379024
 0.0085493 0.0138402 0.0207417 0.029162 0.0388082 0.0490475 0.0588599 0.0670615 0.0727153 0.0754235 0.0753134 0.072823 0.0684949 0.0628662 0.0564184 0.0495507 0.0425743 0.0357288 0.029205 0.0231621 0.0177343 0.0130291 0.00911939 0.00603237 0.00373919
 0.00853228 0.0138044 0.0206727 0.0290407 0.0386154 0.0487714 0.0585039 0.0666493 0.0722896 0.0750375 0.0750183 0.0726544 0.0684658 0.0629692 0.0566341 0.0498557 0.0429435 0.0361321 0.0296057 0.023521 0.0180192 0.0132238 0.00922758 0.00607339 0.00373911
 0.00848547 0.0137292 0.0205609 0.0288845 0.0384076 0.0485071 0.058183 0.0662801 0.0718916 0.0746426 0.0746682 0.0723938 0.0683329 0.0629849 0.0567972 0.0501451 0.0433247 0.0365646 0.030048 0.0239337 0.0183696 0.0134913 0.00940792 0.0061778 0.00378835
 0.00865066 0.0139644 0.0208528 0.0291989 0.0386979 0.0487283 0.0583032 0.0662837 0.0717763 0.0744159 0.074347 0.072007 0.0679217 0.0625984 0.0564828 0.0499368 0.0432357 0.0365861 0.0301537 0.0240879 0.0185356 0.0136392 0.00951993 0.00624956 0.00382613
 0.00880818 0.0141908 0.0211374 0.02951 0.0389879 0.0489448 0.0584006 0.0662332 0.0715737 0.0740845 0.0739335 0.0715692 0.0675128 0.0622575 0.0562332 0.0497895 0.0431923 0.0366385 0.0302829 0.0242655 0.0187289 0.0138185 0.00966482 0.00635212 0.00388946
 0.00875665 0.0141444 0.0211347 0.0296048 0.0392285 0.0493437 0.0589139 0.066764 0.0720036 0.0743174 0.0739268 0.0713407 0.0671248 0.0617914 0.0557658 0.0493794 0.0428749 0.0364279 0.0301754 0.0242439 0.0187668 0.0138867 0.00973796 0.00641354 0.00393243
 0.00868197 0.0140321 0.0209851 0.0294305 0.0390586 0.0492254 0.0589052 0.0669154 0.0723301 0.074777 0.0744237 0.0717573 0.0673681 0.0618257 0.0556174 0.0491155 0.0425734 0.036153 0.0299662 0.0241132 0.0187071 0.0138785 0.00975813 0.00644272 0.00395846
 0.00861977 0.0139249 0.0208135 0.0291751 0.0387082 0.0487882 0.05842 0.0664523 0.0719782 0.0746178 0.0745021 0.0720606 0.0678258 0.0623331 0.0560736 0.049457 0.0427875 0.0362673 0.0300252 0.024156 0.0187556 0.0139371 0.00982027 0.00649883 0.00400194
 0.00841276 0.0136194 0.0204107 0.0286946 0.0381803 0.0482427 0.05788 0.0659388 0.0715197 0.0742589 0.0742995 0.0720673 0.0680673 0.062789 0.0566767 0.0501133 0.0434073 0.0367923 0.0304367 0.0244659 0.0189881 0.0141141 0.00995521 0.00659854 0.00407097
 0.00834416 0.0135004 0.0202195 0.0284102 0.0377922 0.0477629 0.0573496 0.0654206 0.0710783 0.073938 0.0741144 0.0720149 0.0681425 0.0629913 0.0570022 0.0505402 0.0438917 0.0372774 0.0308728 0.024824 0.019263 0.0143158 0.010099 0.00669808 0.00413689
 0.00837253 0.0135395 0.020264 0.0284483 0.0378051 0.0477274 0.057243 0.0652294 0.0708067 0.0736129 0.0737805 0.0717209 0.0679271 0.0628768 0.0569959 0.0506381 0.0440786 0.0375258 0.031146 0.0250855 0.0194864 0.0144897 0.0102247 0.00678354 0.00419183
 0.00822646 0.0133333 0.0200113 0.0281805 0.037561 0.047537 0.057115 0.0651494 0.0707467 0.0735461 0.073694 0.0716215 0.0678385 0.0628299 0.0570172 0.0507415 0.0442621 0.037773 0.0314298 0.025374 0.0197502 0.0147083 0.01039 0.00689819 0.00426509
 0.00811246 0.0131431 0.0197183 0.0277631 0.0370151 0.0468904 0.0564351 0.0645328 0.0702886 0.0733045 0.0736714 0.0717737 0.0681026 0.0631526 0.0573687 0.0511127 0.044653 0.0381808 0.0318425 0.0257712 0.0201082 0.0150076 0.0106204 0.00706091 0.00437021
 0.0088063 0.0141115 0.02088 0.0289412 0.037985 0.0474587 0.0565067 0.0641317 0.069533 0.0723589 0.0726979 0.070897 0.0673914 0.0626212 0.0569949 0.0508626 0.0444989 0.0381059 0.0318353 0.0258181 0.0201905 0.0151038 0.0107116 0.007135 0.0044229
 0.00939938 0.0150603 0.0222691 0.0308113 0.0402924 0.0500314 0.0590273 0.0661875 0.0707411 0.0725089 0.0718292 0.0692645 0.0653495 0.0604989 0.0550211 0.0491535 0.0430858 0.0369749 0.0309565 0.0251589 0.0197179 0.0147833 0.0105076 0.00701377 0.00435593
 0.00924611 0.0149238 0.0222721 0.031138 0.0411399 0.0515284 0.0611557 0.0687477 0.0733783 0.0747946 0.0733727 0.0698207 0.0648868 0.0591947 0.0531857 0.0471204 0.0411228 0.0352457 0.0295304 0.0240422 0.0188837 0.0141902 0.0101089 0.00676231 0.00420825
 0.00889552 0.0143829 0.0215202 0.0301971 0.0400951 0.0505445 0.0604721 0.0686285 0.0740164 0.0762083 0.0753565 0.0719914 0.0668094 0.0605283 0.0537808 0.0470325 0.0405498 0.0344317 0.0286836 0.0232955 0.0182954 0.0137656 0.00982523 0.00658646 0.00410737
 0.00879676 0.0142024 0.0212127 0.0297112 0.039391 0.0496218 0.0593987 0.0675541 0.0731563 0.0757933 0.0755591 0.0728521 0.0681968 0.0621634 0.0553267 0.0482107 0.0412253 0.0346295 0.0285391 0.0229776 0.0179439 0.0134642 0.00960481 0.00644389 0.00402448
 0.00881641 0.014218 0.0212044 0.029646 0.0392258 0.0493121 0.0589115 0.0668856 0.0723495 0.0749513 0.0748392 0.0724325 0.0682175 0.0626635 0.0562124 0.0492789 0.0422378 0.0354008 0.0289926 0.0231448 0.0179198 0.0133525 0.00948094 0.00634565 0.00396055
 0.00879576 0.0141842 0.0211523 0.0295687 0.0391128 0.0491483 0.0586779 0.0665622 0.0719242 0.0744312 0.0742641 0.0718822 0.0678037 0.0625012 0.0563753 0.0497597 0.0429385 0.0361652 0.029667 0.0236333 0.0182046 0.0134753 0.00950641 0.00632955 0.0039366
 0.00876164 0.0141287 0.0210689 0.0294517 0.0389587 0.0489575 0.0584553 0.0663159 0.0716614 0.0741547 0.0739746 0.0715861 0.0675254 0.0622892 0.0562941 0.049865 0.0432461 0.0366327 0.0302041 0.0241369 0.0185994 0.0137352 0.00964834 0.00639177 0.00395643
 0.00874284 0.0141062 0.0210495 0.0294455 0.0389748 0.0489981 0.0585114 0.0663678 0.0716846 0.0741276 0.0738837 0.0714285 0.0673101 0.0620397 0.05605 0.0496777 0.0431642 0.0366817 0.0303709 0.0243732 0.0188425 0.0139346 0.00978221 0.00646493 0.00398783
 0.00874116 0.0141043 0.0210486 0.0294482 0.0389859 0.049024 0.0585589 0.0664403 0.0717771 0.0742243 0.0739591 0.0714553 0.0672682 0.0619246 0.0558767 0.0494786 0.0429825 0.0365582 0.0303298 0.024412 0.0189343 0.0140424 0.00987502 0.00652821 0.00402245
 0.00873588 0.0140963 0.0210377 0.0294347 0.038971 0.04901 0.0585493 0.0664401 0.0717919 0.0742579 0.0740102 0.0715147 0.0673192 0.0619476 0.0558572 0.0494154 0.0428902 0.0364635 0.0302608 0.0243867 0.0189535 0.0140911 0.00993229 0.00657718 0.00405566
 0.00883224 0.0142374 0.0212212 0.0296483 0.0391951 0.0492238 0.058735 0.0665847 0.0718871 0.0743 0.0740007 0.071459 0.0672246 0.0618204 0.0557016 0.0492351 0.0426925 0.0362624 0.0300758 0.024237 0.0188502 0.0140334 0.0099091 0.0065737 0.00405956
 0.00881915 0.0142244 0.0212163 0.0296624 0.0392379 0.0492966 0.0588273 0.0666765 0.0719576 0.0743368 0.0740047 0.0714409 0.0671976 0.0617932 0.0556756 0.0492058 0.0426544 0.0362132 0.0300194 0.0241823 0.0188071 0.0140077 0.00990023 0.00657621 0.00406675
 0.00877201 0.0141529 0.0211189 0.0295429 0.0391059 0.0491678 0.0587216 0.0666135 0.0719495 0.074383 0.0740908 0.071546 0.0673033 0.061889 0.0557586 0.0492763 0.0427118 0.036256 0.030047 0.0241972 0.0188144 0.0140131 0.00990723 0.0065852 0.00407608
 0.00887196 0.0142839 0.0212582 0.0296509 0.0391385 0.0490956 0.0585451 0.0663655 0.0716829 0.0741513 0.073932 0.0714746 0.0673116 0.0619551 0.0558566 0.0493841 0.0428146 0.0363455 0.0301195 0.0242522 0.0188541 0.0140411 0.00992739 0.00660024 0.00408734
 0.00886791 0.014286 0.0212758 0.0296934 0.0392073 0.0491746 0.0585984 0.0663472 0.0715596 0.0739243 0.0736431 0.0711908 0.0670974 0.0618488 0.0558616 0.0494769 0.0429595 0.0365084 0.0302754 0.0243866 0.0189612 0.0141212 0.00998414 0.00663854 0.00411193
 0.00928949 0.01496 0.022266 0.031044 0.0409247 0.0512029 0.0607972 0.0684926 0.0733812 0.0751692 0.0741417 0.0708975 0.0660953 0.0603192 0.0540316 0.0475636 0.0411316 0.0348722 0.0288826 0.0232506 0.0180725 0.013457 0.00951354 0.00632535 0.00391809
 0.00860328 0.0139224 0.0208543 0.0293008 0.038961 0.049192 0.0589633 0.0670823 0.0726102 0.0751559 0.0748629 0.0721938 0.0677246 0.0620319 0.0556338 0.0489468 0.0422662 0.0357784 0.0295982 0.0238106 0.0185028 0.0137767 0.00973992 0.00647622 0.0040118
 0.00827569 0.0134117 0.0201284 0.0283493 0.0378025 0.0478832 0.0576063 0.065822 0.0716121 0.0745692 0.0747813 0.0726301 0.0686053 0.0632143 0.0569417 0.0502151 0.0433774 0.036678 0.030286 0.0243173 0.0188676 0.0140342 0.00991634 0.00659183 0.00408307
#obs surv len freq
 0.00496747 0.00813605 0.0123743 0.0176957 0.023974 0.0308445 0.0376833 0.0437683 0.0485499 0.0518264 0.0537149 0.0544985 0.0544953 0.0540014 0.0532773 0.0525374 0.0519275 0.051483 0.0510659 0.050307 0.0486239 0.0453857 0.0402152 0.0332813 0.0253659
 0.00518223 0.00848796 0.0129091 0.0184575 0.0249972 0.0321398 0.0392241 0.0454859 0.0503433 0.0535814 0.0553216 0.0558605 0.0555306 0.054641 0.0534654 0.0522351 0.0511203 0.0501896 0.0493452 0.0482615 0.0463968 0.0431488 0.0381446 0.0315237 0.0240069
 0.0054094 0.00886062 0.0134763 0.0192675 0.0260883 0.0335263 0.0408812 0.0473437 0.0522957 0.0555059 0.0570982 0.0573833 0.056712 0.0554106 0.0537674 0.0520259 0.0503716 0.0488975 0.047545 0.0460426 0.0439091 0.0405925 0.0357379 0.0294563 0.0223952
 0.00564352 0.00924385 0.0140582 0.0200961 0.0272022 0.0349403 0.0425715 0.0492421 0.0542985 0.0574921 0.0589481 0.0589894 0.057983 0.0562723 0.0541598 0.0519018 0.0496959 0.0476539 0.0457513 0.0437714 0.0413036 0.0378621 0.0331261 0.0271848 0.0206082
 0.00589221 0.00965148 0.0146778 0.0209792 0.0283885 0.0364424 0.0443585 0.051235 0.0563813 0.0595353 0.060829 0.0606038 0.0592472 0.0571201 0.0545389 0.0517693 0.0490172 0.046408 0.0439455 0.0414651 0.0386289 0.0350268 0.0303839 0.0247765 0.0186982
 0.00614896 0.0100716 0.015315 0.0218855 0.0296038 0.0379791 0.0461849 0.0532694 0.0585032 0.061608 0.0627229 0.0622098 0.0604815 0.0579224 0.054867 0.051592 0.0483092 0.0451524 0.0421471 0.0391738 0.0359649 0.0321877 0.0276199 0.0223327 0.0167475
 0.00636698 0.010431 0.0158656 0.0226768 0.0306769 0.0393509 0.0478331 0.055126 0.0604637 0.0635505 0.0645269 0.0637684 0.0617066 0.0587468 0.0552423 0.0514846 0.0476957 0.0440189 0.040499 0.0370557 0.0334844 0.0295257 0.0250105 0.0200102 0.0148826
 0.00661378 0.0108331 0.0164722 0.0235343 0.0318193 0.0407859 0.0495276 0.0570012 0.0624059 0.0654333 0.066232 0.0651977 0.0627857 0.0594231 0.0554813 0.0512644 0.0470026 0.0428475 0.0388595 0.0349922 0.0310963 0.0269786 0.0225196 0.0177933 0.0130997
 0.00684803 0.0112185 0.0170602 0.0243749 0.0329499 0.0422148 0.0512174 0.0588642 0.0643185 0.067261 0.0678533 0.0665173 0.0637375 0.0599668 0.0555965 0.0509439 0.0462463 0.0416605 0.0372593 0.0330238 0.0288514 0.0246062 0.0202119 0.0157447 0.0114536
 0.00706437 0.0115729 0.0175987 0.0251419 0.0339799 0.0435184 0.0527663 0.0605854 0.0661027 0.0689823 0.0693904 0.0677683 0.0646286 0.0604537 0.0556616 0.0505884 0.0454822 0.0405064 0.0357427 0.0311937 0.0267941 0.0224544 0.0181334 0.0139078 0.00998129
 0.00726241 0.0119017 0.0181059 0.0258754 0.0349766 0.0447879 0.054275 0.0622521 0.0678118 0.0706077 0.0708167 0.0689041 0.0654091 0.060841 0.0556416 0.0501669 0.044679 0.0393504 0.0342725 0.0294648 0.0248906 0.0204955 0.0162642 0.0122702 0.00867672
 0.00741272 0.0121484 0.018482 0.0264142 0.0357068 0.0457243 0.0554077 0.0635397 0.0691835 0.0719726 0.0720771 0.0699676 0.0661992 0.0613038 0.0557476 0.0499089 0.0440677 0.0384109 0.0330437 0.0280032 0.023277 0.0188374 0.0146872 0.0108935 0.00758318
 0.00751461 0.0123124 0.0187262 0.0267553 0.036159 0.0462958 0.0560972 0.0643335 0.0700551 0.0728851 0.0729843 0.0708147 0.0669252 0.0618466 0.0560523 0.049935 0.0437946 0.0378395 0.032197 0.0269278 0.022045 0.0175451 0.0134439 0.00980156 0.00671326
 0.00758252 0.0124198 0.0188823 0.0269674 0.0364314 0.0466298 0.0564898 0.0647774 0.0705405 0.0734016 0.0735206 0.0713555 0.067446 0.0623108 0.0564122 0.0501388 0.0437958 0.0376072 0.0317245 0.0262376 0.0211904 0.0166061 0.012515 0.00897169 0.00604527
 0.00767124 0.0125554 0.0190705 0.0272073 0.0367167 0.0469496 0.0568296 0.0651207 0.0708717 0.0737102 0.0738036 0.071616 0.0676883 0.0625331 0.0566008 0.0502661 0.0438238 0.0374968 0.0314481 0.0257911 0.0206004 0.0159286 0.0118246 0.00834292 0.00553282
 0.00770604 0.0126123 0.0191564 0.0273281 0.0368752 0.0471428 0.057047 0.0653458 0.071087 0.0739031 0.0739707 0.0717623 0.0678229 0.0626633 0.0567266 0.0503762 0.0438947 0.0374964 0.0313444 0.0255647 0.0202552 0.0154963 0.0113581 0.0079012 0.0051631
 0.00777847 0.012719 0.0192964 0.0274941 0.0370557 0.0473269 0.0572267 0.0655158 0.0712423 0.0740375 0.0740778 0.0718381 0.0678686 0.0626855 0.0567341 0.0503743 0.04388 0.0374548 0.0312548 0.0254071 0.0200223 0.0152006 0.0110314 0.00758466 0.00489296
 0.00781849 0.0127848 0.0193963 0.0276344 0.0372374 0.0475418 0.0574553 0.0657305 0.0714162 0.0741542 0.0741358 0.0718478 0.0678449 0.0626417 0.0566797 0.0503148 0.0438164 0.0373825 0.0311631 0.0252828 0.0198567 0.0149963 0.0108052 0.00736251 0.00470031
 0.00782792 0.0127946 0.0194013 0.0276278 0.0372145 0.047504 0.0574129 0.0657 0.0714129 0.0741849 0.0741966 0.0719275 0.0679317 0.0627273 0.0567601 0.0503877 0.0438789 0.0374292 0.0311859 0.0252726 0.0198071 0.014908 0.0106886 0.00723559 0.00458265
 0.00785046 0.0128276 0.0194438 0.0276758 0.0372606 0.047539 0.0574277 0.0656886 0.0713764 0.0741332 0.0741457 0.0718937 0.0679243 0.0627468 0.0567996 0.0504375 0.0439297 0.037473 0.0312152 0.0252803 0.0197877 0.014861 0.0106197 0.00715633 0.00450634
 0.00788041 0.0128726 0.0195044 0.0277495 0.0373423 0.0476211 0.0575005 0.0657417 0.0714002 0.0741222 0.0741015 0.0718259 0.0678484 0.0626789 0.0567511 0.0504122 0.0439241 0.0374788 0.0312227 0.0252805 0.0197741 0.0148309 0.0105755 0.00710475 0.00445582
 0.00787891 0.0128678 0.0194932 0.0277277 0.0373061 0.0475692 0.0574359 0.0656711 0.0713327 0.074066 0.074062 0.0718052 0.0678466 0.0626957 0.0567864 0.0504654 0.0439923 0.0375558 0.0312996 0.0253475 0.0198231 0.0148579 0.0105814 0.00709472 0.0044375
 0.00789657 0.0128927 0.0195234 0.0277587 0.0373313 0.0475817 0.05743 0.065644 0.0712852 0.0740035 0.0739931 0.0717399 0.0677937 0.0626609 0.0567722 0.0504714 0.0440164 0.0375942 0.0313462 0.0253947 0.0198634 0.0148857 0.0105947 0.00709562 0.0044305
 0.00788281 0.0128725 0.0194967 0.0277266 0.0372955 0.0475429 0.057388 0.0655979 0.0712348 0.0739505 0.0739416 0.0716963 0.0677648 0.062652 0.0567858 0.0505069 0.0440704 0.0376612 0.0314194 0.0254669 0.0199275 0.0149362 0.0106292 0.00711505 0.00443842
 0.00787722 0.0128595 0.0194704 0.0276796 0.037222 0.0474424 0.0572677 0.0654722 0.0711206 0.0738614 0.0738848 0.071672 0.0677698 0.0626823 0.0568379 0.0505778 0.0441562 0.037757 0.0315188 0.0255629 0.0200132 0.0150063 0.0106811 0.0071491 0.00445786
 0.00787246 0.0128499 0.0194522 0.0276479 0.037171 0.0473673 0.0571665 0.065348 0.0709829 0.0737253 0.0737682 0.0715911 0.0677342 0.0626933 0.0568897 0.0506608 0.0442603 0.0378726 0.0316376 0.0256768 0.0201153 0.0150911 0.0107458 0.00719398 0.00448576
 0.00784956 0.012814 0.0194007 0.0275792 0.0370847 0.0472642 0.0570496 0.0652221 0.0708549 0.0736038 0.0736629 0.0715126 0.0676925 0.0626954 0.0569374 0.0507495 0.0443803 0.0380114 0.0317825 0.0258164 0.0202405 0.0151957 0.0108265 0.00725114 0.00452257
 0.00782032 0.0127617 0.0193135 0.0274443 0.0368928 0.0470158 0.0567596 0.0649196 0.0705757 0.0733803 0.0735165 0.071451 0.0677127 0.062788 0.0570901 0.0509484 0.0446104 0.0382566 0.0320265 0.0260444 0.0204404 0.0153598 0.0109519 0.00733978 0.00458003
 0.0078004 0.0127283 0.019261 0.0273661 0.0367815 0.046865 0.0565664 0.0646882 0.0703199 0.073124 0.0732898 0.0712836 0.067626 0.0627904 0.0571767 0.0511048 0.0448171 0.038493 0.0322723 0.0262812 0.0206532 0.0155378 0.0110901 0.00743864 0.0046449
 0.00775897 0.0126625 0.0191652 0.0272362 0.0366161 0.0466665 0.0563421 0.0644502 0.0700832 0.0729041 0.0731017 0.0711422 0.0675457 0.0627832 0.0572485 0.0512524 0.0450275 0.038746 0.0325445 0.0265496 0.0208981 0.015745 0.0112524 0.00755583 0.00472239
 0.00774855 0.0126393 0.0191188 0.0271536 0.0364854 0.0464824 0.0561111 0.0641903 0.0698201 0.0726634 0.0729035 0.070999 0.0674643 0.0627667 0.0572983 0.0513675 0.0452023 0.0389684 0.0327964 0.0268091 0.0211432 0.0159582 0.011423 0.00768093 0.00480619
 0.00935727 0.0148972 0.0218561 0.0299903 0.0389405 0.0481489 0.0567951 0.0639407 0.0688526 0.0712481 0.0712804 0.0693433 0.0658881 0.0613348 0.0560437 0.0503035 0.0443303 0.0382812 0.0322792 0.02644 0.0208957 0.0158033 0.0113332 0.0076333 0.00478328
 0.00929792 0.0151009 0.0226927 0.0319231 0.0423264 0.0529677 0.0624764 0.0694559 0.0730803 0.0734161 0.0712196 0.067434 0.0627921 0.0577106 0.0523813 0.0468954 0.0413183 0.0357164 0.0301656 0.0247568 0.0196062 0.0148595 0.0106782 0.00720571 0.00452298
 0.00894731 0.0145448 0.0219038 0.0309434 0.0413242 0.0522779 0.0625642 0.0707538 0.0757366 0.0771024 0.0751678 0.0707291 0.0647553 0.0581349 0.0515074 0.045202 0.0392912 0.0337135 0.0283908 0.0232952 0.0184707 0.0140242 0.0100981 0.00682774 0.00429366
 0.00879824 0.0142884 0.0214924 0.0303261 0.0404648 0.0511887 0.0613495 0.069641 0.0750606 0.0772156 0.0762845 0.0727752 0.067328 0.0606332 0.0533773 0.0461501 0.0393464 0.0331321 0.027496 0.0223537 0.017644 0.0133789 0.00963847 0.00652599 0.0041108
 0.00871798 0.0141564 0.0212898 0.0300313 0.0400543 0.0506413 0.0606561 0.0688216 0.0741865 0.0764276 0.0757869 0.0727853 0.0679809 0.0618867 0.054983 0.0477339 0.040563 0.0337993 0.0276339 0.0221226 0.0172421 0.0129632 0.00929584 0.0062829 0.00395762
 0.00870156 0.0141234 0.0212283 0.0299255 0.0398872 0.0503987 0.0603303 0.0684132 0.0737053 0.0758983 0.0752607 0.0723514 0.0677613 0.0619992 0.0554804 0.0485518 0.0415221 0.0346733 0.0282465 0.0224123 0.0172605 0.0128216 0.00910329 0.0061104 0.00383353
 0.00867535 0.0140833 0.0211722 0.029852 0.0397942 0.0502819 0.0601827 0.0682269 0.0734746 0.0756231 0.074951 0.0720325 0.0674789 0.0618193 0.0554753 0.0487691 0.0419497 0.0352276 0.0287987 0.0228442 0.0175126 0.0129051 0.00907538 0.00603596 0.00375847
 0.00868177 0.0140909 0.0211783 0.0298526 0.0397846 0.0502584 0.0601434 0.0681704 0.0733982 0.0755214 0.0748177 0.0718646 0.0672843 0.0616225 0.0553176 0.0486998 0.0420061 0.0354128 0.0290719 0.0231342 0.0177496 0.0130505 0.0091309 0.00603067 0.003727
 0.00866481 0.0140685 0.021154 0.0298322 0.0397742 0.0502605 0.060155 0.0681834 0.0734023 0.0755078 0.0747807 0.0718015 0.0671953 0.0615128 0.055201 0.0486003 0.0419535 0.0354305 0.0291633 0.0232768 0.0179035 0.013177 0.00920956 0.00606303 0.00372866
 0.00865464 0.0140505 0.0211245 0.0297881 0.0397145 0.0501893 0.0600818 0.0681215 0.0733633 0.0754961 0.074791 0.0718218 0.0672119 0.0615155 0.0551871 0.0485757 0.0419324 0.0354306 0.0291981 0.0233472 0.0179959 0.0132694 0.00928249 0.00610802 0.0037487
 0.0086418 0.0140305 0.021096 0.0297501 0.0396664 0.0501309 0.0600143 0.0680484 0.0732917 0.0754357 0.0747518 0.0718097 0.0672259 0.0615477 0.055226 0.0486123 0.0419638 0.0354611 0.0292357 0.0233979 0.0180586 0.0133359 0.00934156 0.00615146 0.00377467
 0.0086166 0.0139922 0.0210434 0.029684 0.0395895 0.0500473 0.0599292 0.0679677 0.0732211 0.0753805 0.074716 0.0717966 0.0672373 0.061583 0.055281 0.0486794 0.0420349 0.0355306 0.0293019 0.023462 0.0181215 0.0133958 0.00939408 0.00619225 0.00380203
 0.00862975 0.0140088 0.0210595 0.0296932 0.0395848 0.0500241 0.0598878 0.0679131 0.073161 0.0753223 0.0746651 0.071756 0.0672088 0.0615682 0.0552807 0.0486936 0.0420612 0.0355653 0.0293413 0.0235034 0.0181631 0.0134356 0.00942972 0.00622117 0.00382277
 0.00861348 0.0139875 0.0210367 0.0296746 0.0395757 0.0500259 0.059896 0.0679185 0.0731545 0.0752996 0.0746288 0.0717141 0.0671705 0.0615404 0.0552673 0.048695 0.0420761 0.035591 0.0293744 0.0235404 0.0182007 0.0134711 0.00946079 0.00624611 0.00384088
 0.0086012 0.0139676 0.0210073 0.0296348 0.0395269 0.0499732 0.0598475 0.0678837 0.0731398 0.0753048 0.074647 0.0717353 0.0671872 0.0615503 0.0552733 0.0487022 0.0420886 0.0356106 0.0294006 0.023571 0.0182329 0.0135019 0.00948785 0.00626783 0.00385671
 0.0086012 0.0139676 0.0210073 0.0296348 0.0395269 0.0499732 0.0598475 0.0678837 0.0731398 0.0753048 0.074647 0.0717353 0.0671872 0.0615503 0.0552733 0.0487022 0.0420886 0.0356106 0.0294006 0.023571 0.0182329 0.0135019 0.00948785 0.00626783 0.00385671
 0.00900772 0.014608 0.0219297 0.0308617 0.0410409 0.0517006 0.0616476 0.0695593 0.0744777 0.0761326 0.0748767 0.071376 0.0663272 0.0603259 0.0538366 0.0471961 0.0406303 0.0342843 0.0282571 0.0226327 0.0175 0.0129588 0.00910811 0.00601919 0.00370542
 0.00838943 0.0136727 0.0206563 0.0292879 0.0392664 0.0498811 0.059984 0.0682712 0.0737549 0.0760775 0.0754696 0.0724834 0.0677495 0.0618562 0.0553072 0.0485005 0.0417222 0.0351621 0.0289439 0.0231596 0.0178963 0.0132489 0.00931244 0.00615575 0.00379092
 0.00855424 0.0138565 0.0207795 0.0292301 0.0389052 0.0491522 0.0589282 0.0670392 0.0725628 0.0751377 0.0749314 0.072403 0.0680902 0.0625118 0.0561365 0.0493646 0.0425146 0.0358221 0.0294545 0.0235333 0.0181594 0.013429 0.00943246 0.00623311 0.00383845
#pred catch len freq
 0.00474078 0.00751721 0.0109945 0.0150954 0.0197649 0.0249434 0.0304904 0.0361539 0.0416193 0.0465875 0.0508248 0.0541855 0.0566223 0.0581776 0.0589503 0.059055 0.0585922 0.0576276 0.056157 0.0540526 0.0510299 0.0467177 0.0408677 0.033618 0.0256142
 0.00511196 0.00804395 0.0116503 0.0158206 0.0205012 0.0256783 0.0312794 0.0370934 0.0427785 0.0479393 0.0522228 0.0554055 0.0574456 0.0584717 0.0587093 0.0583854 0.0576577 0.0565772 0.0550698 0.0529239 0.0498087 0.0453727 0.0394396 0.032222 0.0243911
 0.00548987 0.00864369 0.0125213 0.0169877 0.0219485 0.0273339 0.0330145 0.0387527 0.0442377 0.0491533 0.0532225 0.0562362 0.0580953 0.0588476 0.0586819 0.0578663 0.0566522 0.0551801 0.0534136 0.0511233 0.0479387 0.0434889 0.0376146 0.0305585 0.0229973
 0.00584587 0.00920483 0.0133356 0.0180946 0.0233789 0.0291041 0.0351067 0.0410887 0.0466623 0.0514501 0.0551649 0.0576551 0.0589203 0.0590936 0.0583957 0.0570798 0.0553794 0.053449 0.0512963 0.0487363 0.0454228 0.0409905 0.0352777 0.0285163 0.0213507
 0.0061732 0.00972076 0.0140836 0.0191092 0.0246863 0.0307209 0.0370326 0.043294 0.0490757 0.0539481 0.0575696 0.0597498 0.0604884 0.0599714 0.0585088 0.0564426 0.0540631 0.0515484 0.0489188 0.0460118 0.0425137 0.0380875 0.0325781 0.0261916 0.0195123
 0.00654143 0.0102937 0.0148993 0.0201902 0.0260416 0.0323479 0.0389144 0.0453917 0.0513244 0.0562561 0.0598199 0.0618008 0.0621788 0.0611345 0.0589994 0.0561681 0.0530042 0.0497597 0.0465154 0.0431555 0.0394053 0.034957 0.0296611 0.0236895 0.0175501
 0.00696951 0.0109542 0.0158289 0.0214031 0.0275334 0.0341008 0.0408951 0.0475454 0.0535705 0.0584918 0.061929 0.0636636 0.0636787 0.0621611 0.0594503 0.0559558 0.0520716 0.0481007 0.0441925 0.0403063 0.0362367 0.0317245 0.0266311 0.0210886 0.0155167
 0.00727819 0.0114415 0.0165357 0.0223593 0.028755 0.0355849 0.0426124 0.0494361 0.0555488 0.0604578 0.0637807 0.0653037 0.0650174 0.0631155 0.0599431 0.0559151 0.0514363 0.0468353 0.0423101 0.0378918 0.0334574 0.0288164 0.0238579 0.0186831 0.0136263
 0.00756047 0.0118907 0.0171946 0.0232641 0.0299325 0.0370455 0.0443389 0.0513727 0.0575989 0.0624931 0.0656601 0.0668959 0.0662196 0.0638616 0.0601987 0.0556634 0.0506653 0.0455377 0.0404987 0.0356264 0.0308673 0.0261013 0.0212566 0.0164165 0.0118397
 0.00784639 0.0123353 0.0178275 0.0241034 0.0309872 0.0383176 0.0458194 0.0530325 0.0593795 0.0643038 0.0673834 0.0684016 0.0673855 0.0645936 0.0604423 0.0554016 0.049907 0.0443054 0.0388279 0.0335795 0.0285539 0.0236866 0.0189424 0.0143951 0.0102419
 0.00821744 0.0129015 0.0186115 0.0251038 0.0321834 0.0396775 0.0473026 0.0545886 0.0609466 0.0658108 0.0687531 0.0695547 0.0682447 0.0650904 0.0605258 0.055045 0.0491096 0.0430899 0.037238 0.0316836 0.0264551 0.0215275 0.0168915 0.0126121 0.00883528
 0.00854011 0.0134055 0.0193313 0.0260573 0.0333686 0.041069 0.048846 0.0561996 0.062521 0.0672428 0.0699534 0.0704598 0.0688163 0.0653096 0.0603855 0.0545459 0.0482597 0.0419078 0.0357589 0.0299669 0.0245909 0.0196374 0.0151153 0.0110794 0.00763182
 0.00876312 0.0137527 0.0198265 0.0267157 0.0341986 0.0420724 0.0500131 0.0574991 0.0638916 0.0685929 0.0711725 0.0714395 0.0694734 0.0655999 0.0603035 0.0541128 0.0475087 0.0408758 0.0344873 0.0285099 0.0230247 0.018062 0.0136443 0.00981635 0.00664369
 0.00879211 0.0138107 0.0199346 0.0269016 0.0344927 0.0425 0.0505871 0.0582157 0.0647304 0.0695174 0.0721298 0.0723594 0.0702734 0.0661977 0.0606338 0.0541391 0.0472265 0.0403064 0.0336704 0.0275003 0.0218934 0.0168966 0.0125403 0.00885976 0.00589098
 0.00870319 0.0136881 0.0197919 0.0267683 0.0344103 0.0425139 0.0507366 0.0585268 0.0652094 0.0701475 0.0728708 0.0731528 0.0710502 0.0668861 0.0611663 0.05446 0.0472995 0.0401203 0.033241 0.0268687 0.0211222 0.016064 0.0117303 0.008147 0.00532479
 0.00869677 0.0136724 0.0197594 0.026711 0.0343248 0.0424082 0.0506353 0.0584692 0.0652407 0.0703047 0.0731704 0.0735841 0.0715759 0.0674494 0.0617002 0.0548979 0.0475842 0.0402131 0.0331278 0.0265636 0.0206668 0.0155209 0.0111716 0.00763876 0.00491275
 0.00882911 0.0138602 0.0199912 0.0269587 0.0345511 0.0425796 0.0507331 0.0584948 0.0652135 0.0702563 0.0731372 0.0735982 0.0716563 0.0675951 0.0618888 0.0550901 0.0477326 0.0402725 0.0330664 0.0263713 0.0203592 0.0151372 0.0107646 0.00726078 0.00460219
 0.00868696 0.0136543 0.0197271 0.0266553 0.0342326 0.0422638 0.0504255 0.0581936 0.0649232 0.0699998 0.0729573 0.0735459 0.0717714 0.0678895 0.0623396 0.0556434 0.0483159 0.0408104 0.0334951 0.0266512 0.0204814 0.0151226 0.0106558 0.00710836 0.00445008
 0.00858307 0.0134913 0.0194937 0.0263477 0.0338578 0.0418426 0.0499935 0.0577948 0.0645974 0.0697711 0.0728317 0.0735205 0.0718466 0.0680733 0.0626391 0.0560513 0.0488013 0.0413209 0.0339693 0.0270348 0.0207421 0.0152566 0.0106854 0.0070707 0.00438361
 0.00853123 0.0134053 0.019361 0.026155 0.0335933 0.0415009 0.0495813 0.0573362 0.0641345 0.0693574 0.0725198 0.0733486 0.0718296 0.0682044 0.0628983 0.0564138 0.0492389 0.0417988 0.0344442 0.0274603 0.0210801 0.015488 0.0108144 0.00712026 0.00438442
 0.00850733 0.0133657 0.0192995 0.0260636 0.033462 0.0413182 0.0493368 0.0570252 0.0637644 0.0689527 0.0721227 0.0730123 0.0716057 0.0681283 0.0629809 0.0566413 0.0495796 0.0422109 0.0348821 0.0278789 0.0214403 0.0157644 0.0109998 0.00722556 0.00443165
 0.00860739 0.013503 0.0194591 0.0262158 0.0335701 0.0413512 0.0492791 0.0568782 0.0635403 0.0686678 0.0717953 0.0726658 0.0712724 0.0678479 0.0627923 0.0565714 0.049635 0.0423758 0.0351233 0.0281543 0.0217081 0.0159918 0.0111689 0.00733454 0.00449117
 0.00877045 0.0137363 0.0197503 0.0265306 0.0338581 0.0415583 0.0493604 0.0568074 0.0633157 0.0683146 0.0713602 0.0722057 0.0708403 0.0674842 0.0625236 0.0564129 0.0495917 0.0424411 0.0352768 0.0283636 0.0219355 0.0162025 0.0113391 0.00745499 0.00456555
 0.0087424 0.0137198 0.0197776 0.0266454 0.0340988 0.0419336 0.0498313 0.0572894 0.0637045 0.0685219 0.0713429 0.0719743 0.0704494 0.0670108 0.0620453 0.055992 0.0492683 0.0422326 0.0351806 0.0283612 0.0219971 0.016295 0.0114336 0.00753277 0.00461946
 0.00864084 0.0135697 0.0195819 0.0264228 0.0338864 0.0417849 0.0498075 0.0574405 0.0640423 0.0690007 0.0718627 0.0724141 0.0707126 0.0670594 0.0619051 0.0557321 0.0489698 0.0419635 0.0349823 0.028247 0.0219578 0.0163082 0.0114735 0.0075777 0.00465659
 0.00854467 0.0134155 0.0193545 0.0261113 0.0334892 0.0413174 0.0493093 0.056978 0.0637 0.0688584 0.0719666 0.072753 0.0712138 0.0676117 0.0623992 0.0560986 0.0491955 0.0420797 0.0350394 0.028289 0.0220093 0.0163734 0.011544 0.00764204 0.00470672
 0.00835473 0.0131377 0.0189929 0.0256872 0.0330319 0.040851 0.0488465 0.0565256 0.0632738 0.0684967 0.0717298 0.0727058 0.0713962 0.0680147 0.0629599 0.0567209 0.0497846 0.0425736 0.0354191 0.0285689 0.022217 0.0165327 0.0116683 0.00773651 0.00477386
 0.00829915 0.0130425 0.0188419 0.0254651 0.0327304 0.0404775 0.0484279 0.0561036 0.062891 0.0681829 0.0714997 0.0725686 0.071367 0.068114 0.0631993 0.0570855 0.0502289 0.0430344 0.0358393 0.0289149 0.0224816 0.0167263 0.0118066 0.00783314 0.00483875
 0.00830591 0.0130489 0.0188422 0.0254485 0.0326812 0.0403764 0.0482572 0.0558548 0.0625731 0.0678261 0.0711496 0.072273 0.071163 0.0680225 0.0632273 0.0572292 0.0504717 0.0433453 0.0361759 0.0292346 0.0227538 0.0169379 0.0119594 0.00793693 0.00490539
 0.00813774 0.0128097 0.0185451 0.0251265 0.0323763 0.0401229 0.048068 0.0557196 0.062467 0.0677241 0.0710398 0.0721628 0.0710766 0.0679915 0.0632787 0.0573759 0.0507099 0.0436548 0.036525 0.0295861 0.0230733 0.0172018 0.0121585 0.00807492 0.00499348
 0.00803885 0.0126481 0.018302 0.0247885 0.0319434 0.0396176 0.0475408 0.0552401 0.0621028 0.0675151 0.0709857 0.0722308 0.071223 0.0681832 0.0635024 0.0576343 0.0510096 0.0439954 0.0368934 0.0299578 0.0234195 0.0174976 0.0123896 0.00823975 0.00510066
 0.00874046 0.0136294 0.0194835 0.0259944 0.032949 0.0402272 0.0476537 0.0548731 0.0613671 0.0665708 0.0699951 0.071322 0.0704702 0.0676059 0.0630831 0.0573433 0.0508227 0.0438982 0.0368753 0.0300042 0.023509 0.017605 0.0124927 0.00832391 0.00516072
 0.00938674 0.0146336 0.0209004 0.0278228 0.035109 0.0425396 0.049838 0.05659 0.062313 0.0665864 0.069125 0.0697884 0.0685808 0.0656509 0.0612692 0.0557783 0.0495373 0.0428802 0.036096 0.0294318 0.0231102 0.0173448 0.0123353 0.00823627 0.00511598
 0.00923435 0.0144857 0.020864 0.0280635 0.0358116 0.0438396 0.0517493 0.0589625 0.0648393 0.0688607 0.0707452 0.0704734 0.0682579 0.0644692 0.0595291 0.0538176 0.0476331 0.041204 0.0347209 0.0283641 0.0223213 0.0167913 0.0119687 0.00800883 0.00498477
