SBPRF35
8.83984
Curr Bio
564371
B35
642765
F35
0.201498
FOFL
0.140819
OFL
52184
Bzero
2.52567e+006
#pred survey bio
 3.48958e+006 3.51283e+006 3.50698e+006 3.34338e+006 3.10864e+006 2.92326e+006 2.71823e+006 2.49664e+006 2.2371e+006 1.87201e+006 1.47977e+006 1.22884e+006 1.08862e+006 984951 894378 796360 739351 700579 659138 629549 573060 531692 513246 511038 534289 555989 550243 545823 558003 578587 592956 608633 610112 581214 563027 591326 582682 579943 588648 572110 551270 533190 524536 533042 548120 580756 647642 699602 691346 695868 699440 694178 672670 572322 1.63227e+007 1.03997e+007 1.1366e+007 1.26615e+007 1.4049e+007 1.53491e+007 1.64676e+007 1.73759e+007 1.80844e+007 1.86221e+007 1.90226e+007 1.93174e+007 1.95328e+007 1.96899e+007 1.98044e+007 1.98881e+007 1.99495e+007 1.99948e+007 2.00284e+007 2.00535e+007 2.00723e+007 2.00865e+007 2.00973e+007 2.01055e+007 2.01118e+007 2.01167e+007 2.01204e+007 2.01233e+007 2.01256e+007 2.01273e+007 2.01287e+007 2.01297e+007 2.01305e+007 2.01312e+007 2.01317e+007 2.01321e+007 2.01324e+007 2.01326e+007 2.01328e+007 2.0133e+007 2.01331e+007 2.01332e+007 2.01333e+007 2.01333e+007 2.01334e+007 2.01334e+007 2.01334e+007 2.01335e+007 2.01335e+007 2.01335e+007 2.01335e+007 2.01335e+007 2.01335e+007 2.01335e+007 2.01335e+007 2.01335e+007 2.01335e+007 2.01335e+007 2.01335e+007 2.01335e+007 2.01335e+007 2.01335e+007 2.01335e+007 2.01335e+007 2.01335e+007 2.01335e+007 2.01335e+007 2.01335e+007 2.01335e+007 2.01335e+007 2.01335e+007 2.01335e+007 2.01335e+007 2.01335e+007 2.01335e+007 2.01335e+007 2.01335e+007 2.01335e+007 2.01335e+007 2.01335e+007 2.01335e+007 2.01335e+007 2.01335e+007 2.01335e+007 2.01335e+007 2.01335e+007 2.01335e+007 2.01335e+007 2.01335e+007 2.01335e+007 2.01335e+007 2.01335e+007 2.01335e+007 2.01335e+007 2.01335e+007 2.01335e+007 2.01335e+007 2.01335e+007 2.01335e+007 2.01335e+007 0 0 0 0 0 0 0 0 0 0 0 0 0 0 0 0 0 0 0 0 0 0 0 0 0
#obs survey bio
 3.32651e+006 3.05483e+006 4.1413e+006 3.60098e+006 3.10207e+006 3.0422e+006 2.42286e+006 2.20898e+006 1.46396e+006 1.98796e+006 1.09723e+006 1.17438e+006 1.23414e+006 844526 1.1949e+006 632709 821733 679331 740793 898454 632518 521513 565971 495216 532665 621656 631131 583182 421811 611654 457890 582175 563994 495397 546937 895273 536413 480677 570160 537727 651758 597854 510400 570301 549351 517820 667367 889336 587048 853580 628383 709217 695422 565589
#pred catch bio
 108553 109686 162781 214904 251890 251214 311611 307610 324502 312960 290616 263645 256247 247375 231927 205916 179719 170328 147298 136974 131819 125141 115625 101272 104738 112962 103603 94870.8 97887.3 95488.5 94402.8 100477 91153.9 100205 90567.8 88204.9 83213.9 80646.7 90754.1 78262.9 92175.9 92419.3 86865.4 88044.3 97421.2 95340 99448 89250.1 93570.9 91619.8 104061 101305 106621 123043 52184 76533.7 82665.7 91572.8 101490 110752 118581 124782 129468 132889 135322 137017 138179 138966 139494 139845 140077 140230 140330 140395 140437 140465 140483 140494 140502 140507 140510 140512 140513 140514 140514 140515 140515 140515 140515 140515 140515 140515 140515 140515 140515 140515 140515 140515 140515 140515 140515 140515 140515 140515 140515 140515 140515 140515 140515 140515 140515 140515 140515 140515 140515 140515 140515 140515 140515 140515 140515 140515 140515 140515 140515 140515 140515 140515 140515 140515 140515 140515 140515 140515 140515 140515 140515 140515 140515 140515 140515 140515 140515 140515 140515 140515 140515 140515 140515 140515 140515 140515 140515 140515 0 0 0 0 0 0 0 0 0 0 0 0 0 0 0 0 0 0 0 0 0 0 0 0 0
#obs catch bio
 0 109366 162836 214986 252378 250654 312425 307506 324437 312390 290676 264117 256908 248373 231059 206872 179675 170479 147471 136473 131777 125421 115736 101288 104885 112939 103498 94771.7 98093.3 95402.6 94357.8 100698 90803.2 100292 91018.9 88061.1 83185.6 80591.2 90914 77992.8 92321.2 92490.6 86857.1 87907.1 97557 95683.5 99674.1 88915.5 93657.1 91485.3 104213 101262 106309 123394
#pred cpue bio
 3.45008e+006 3.47329e+006 3.46589e+006 3.3022e+006 3.06826e+006 2.88247e+006 2.67752e+006 2.45602e+006 2.19765e+006 1.83605e+006 1.44865e+006 1.20025e+006 1.06081e+006 957620 867570 770671 713976 675651 634952 606095 551532 511369 493354 491114 513565 534602 529111 524893 536720 556625 570678 585928 587508 560005 542361 569660 560481 555940 563285 547392 527809 510496 502269 510552 525035 556030 620128 670226 662754 666888 670309 664728 643617 547366 1.55524e+007 9.87055e+006 1.07167e+007 1.19387e+007 1.33093e+007 1.46067e+007 1.57249e+007 1.6633e+007 1.73416e+007 1.78793e+007 1.82798e+007 1.85745e+007 1.879e+007 1.89471e+007 1.90616e+007 1.91453e+007 1.92067e+007 1.9252e+007 1.92856e+007 1.93106e+007 1.93295e+007 1.93437e+007 1.93545e+007 1.93627e+007 1.9369e+007 1.93739e+007 1.93776e+007 1.93805e+007 1.93827e+007 1.93845e+007 1.93858e+007 1.93869e+007 1.93877e+007 1.93884e+007 1.93889e+007 1.93893e+007 1.93896e+007 1.93898e+007 1.939e+007 1.93902e+007 1.93903e+007 1.93904e+007 1.93904e+007 1.93905e+007 1.93905e+007 1.93906e+007 1.93906e+007 1.93906e+007 1.93906e+007 1.93907e+007 1.93907e+007 1.93907e+007 1.93907e+007 1.93907e+007 1.93907e+007 1.93907e+007 1.93907e+007 1.93907e+007 1.93907e+007 1.93907e+007 1.93907e+007 1.93907e+007 1.93907e+007 1.93907e+007 1.93907e+007 1.93907e+007 1.93907e+007 1.93907e+007 1.93907e+007 1.93907e+007 1.93907e+007 1.93907e+007 1.93907e+007 1.93907e+007 1.93907e+007 1.93907e+007 1.93907e+007 1.93907e+007 1.93907e+007 1.93907e+007 1.93907e+007 1.93907e+007 1.93907e+007 1.93907e+007 1.93907e+007 1.93907e+007 1.93907e+007 1.93907e+007 1.93907e+007 1.93907e+007 1.93907e+007 1.93907e+007 1.93907e+007 1.93907e+007 1.93907e+007 1.93907e+007 1.93907e+007 1.93907e+007 1.93907e+007 1.93907e+007 0 0 0 0 0 0 0 0 0 0 0 0 0 0 0 0 0 0 0 0 0 0 0 0 0
#obs cpue bio
 3.13456e+006 3.96535e+006 3.49939e+006 3.10053e+006 2.4247e+006 3.40892e+006 2.44876e+006 2.93363e+006 3.70568e+006 1.99375e+006 1.74452e+006 1.06835e+006 890181 993947 973398 628410 755853 694857 505180 583584 441545 450030 470289 465393 486380 584350 464411 471160 604160 629500 691039 556811 866352 592943 316008 667296 547586 630652 608150 651117 403121 454882 502797 534743 472713 435980 698142 769506 610053 584042 692276 635948 774162 480952
#pred surv len freq
 0.00417866 0.00690722 0.0106241 0.0153824 0.0210992 0.0274588 0.0338998 0.0397742 0.0445993 0.048212 0.0507277 0.0523866 0.0534228 0.054013 0.0542779 0.0543062 0.054178 0.0539658 0.0536766 0.0531382 0.0519024 0.0492981 0.0447175 0.0380279 0.0298255
 0.00452214 0.0073653 0.011131 0.0158224 0.021348 0.0274437 0.0336406 0.039374 0.0441878 0.0478796 0.050494 0.0522188 0.0532844 0.0539053 0.0542498 0.0544275 0.0544932 0.054451 0.0542243 0.0535835 0.0520851 0.0491337 0.0442369 0.0373607 0.0291372
 0.0045611 0.00750702 0.0114808 0.0165042 0.0224466 0.0289288 0.0353244 0.0409499 0.0453485 0.0484469 0.0504766 0.051767 0.0525903 0.0531231 0.0534767 0.0537248 0.0539058 0.0539982 0.0538756 0.0532502 0.0516507 0.0485131 0.0434287 0.036454 0.0282671
 0.00470317 0.00770976 0.0117405 0.0168178 0.0228342 0.0294549 0.03609 0.0420399 0.0467526 0.0500086 0.051921 0.0528092 0.053056 0.0530065 0.0529079 0.0528893 0.0529715 0.0530778 0.0530157 0.0524353 0.050825 0.0476229 0.042466 0.0354752 0.0273691
 0.00491462 0.00805524 0.012261 0.0175455 0.0237799 0.0305943 0.0373618 0.0433652 0.0480685 0.0512861 0.0531427 0.0539183 0.0539274 0.053478 0.0528574 0.0522997 0.0519373 0.0517548 0.0515537 0.050934 0.0493297 0.0461523 0.04105 0.0341736 0.0262588
 0.00511195 0.00838547 0.0127755 0.0182982 0.0248157 0.0319298 0.0389649 0.0451467 0.0498958 0.0530157 0.0546569 0.0551438 0.0548248 0.0540105 0.0529682 0.0519242 0.051044 0.0503816 0.0498077 0.0489581 0.0472642 0.0441176 0.0391513 0.0325066 0.0249006
 0.00529454 0.00868246 0.0132238 0.0189348 0.0256741 0.0330326 0.0403125 0.0467081 0.0516045 0.0547739 0.0563455 0.0566393 0.0560183 0.0548201 0.0533375 0.0518116 0.0504188 0.0492375 0.0481866 0.0469623 0.0450464 0.0418553 0.0370182 0.0306483 0.0234129
 0.00549915 0.00902836 0.0137684 0.0197384 0.0267859 0.034469 0.0420389 0.048636 0.0536113 0.0567314 0.0581412 0.0581809 0.0572278 0.0556285 0.053685 0.0516503 0.0497161 0.0479823 0.0464034 0.0447303 0.0425108 0.0392173 0.0345015 0.0284515 0.0216661
 0.00567431 0.00931878 0.0142171 0.0203919 0.0276884 0.0356511 0.0435025 0.0503435 0.0554837 0.058658 0.0599957 0.0598401 0.0585858 0.0566026 0.0542127 0.0516819 0.0492117 0.0469175 0.0447851 0.0426188 0.0400371 0.0365817 0.031943 0.0261942 0.0198631
 0.00585312 0.00962462 0.0147052 0.0211229 0.028715 0.0369976 0.0451461 0.0522098 0.0574618 0.0606246 0.061835 0.0614511 0.0598824 0.0575125 0.0546772 0.0516549 0.0486574 0.0458128 0.043132 0.0404661 0.0375041 0.0338635 0.0292847 0.0238345 0.0179713
 0.00613089 0.0100697 0.0153635 0.0220349 0.0299103 0.038486 0.0469045 0.0541734 0.0595259 0.0626596 0.0637065 0.0630393 0.0610949 0.0582878 0.0549785 0.0514597 0.0479487 0.044579 0.0413782 0.0382374 0.0349105 0.0310907 0.0265727 0.021423 0.0160343
 0.00635625 0.010463 0.0160041 0.0230096 0.0312902 0.0402916 0.0490765 0.0565704 0.0619574 0.0649344 0.0656705 0.0645881 0.0621668 0.0588519 0.0550245 0.0509902 0.0469719 0.043106 0.0394301 0.0358654 0.0322209 0.0282588 0.0238259 0.018991 0.0140844
 0.00651598 0.0107343 0.016436 0.0236599 0.0322197 0.0415498 0.0506813 0.0584894 0.0640973 0.0671464 0.067772 0.0663969 0.0635361 0.0596908 0.0552987 0.050705 0.0461529 0.0417858 0.0376496 0.0336879 0.0297535 0.0256648 0.0213122 0.0167651 0.0122988
 0.00669465 0.0110304 0.016892 0.02432 0.0331215 0.0427127 0.0520943 0.0601069 0.0658457 0.0689348 0.0694994 0.0679531 0.064806 0.0605665 0.0556968 0.0505803 0.0454994 0.0406291 0.0360396 0.0317004 0.0275012 0.0233041 0.0190324 0.014752 0.0106866
 0.0069083 0.0113771 0.0174126 0.0250514 0.0340898 0.043921 0.0535115 0.0616642 0.0674477 0.0704798 0.0708972 0.0691331 0.0657141 0.0611568 0.0559261 0.0504092 0.0449004 0.0395973 0.0346005 0.0299171 0.0254788 0.0211893 0.0169975 0.0129618 0.00925732
 0.00715627 0.0117746 0.0179999 0.0258611 0.0351391 0.045201 0.0549765 0.0632294 0.0690022 0.0719094 0.0721064 0.0700567 0.0663179 0.0614305 0.0558719 0.0500306 0.0441971 0.0385689 0.0332593 0.0283039 0.0236751 0.0193182 0.0152076 0.0113947 0.00801144
 0.00729014 0.0120021 0.0183602 0.0263958 0.0358822 0.0461636 0.0561325 0.0645125 0.0703178 0.0731558 0.0731936 0.0709168 0.0669072 0.0617275 0.0558728 0.0497423 0.0436304 0.0377353 0.032175 0.0270017 0.0222173 0.0178017 0.0137525 0.0101181 0.00699519
 0.00740573 0.0121687 0.0185729 0.0266409 0.0361471 0.0464496 0.0564617 0.0649213 0.0708384 0.0737956 0.073924 0.071677 0.0676197 0.0623159 0.0562748 0.0499158 0.043553 0.0374011 0.0315934 0.0262004 0.0212488 0.0167455 0.0127076 0.00918193 0.00623926
 0.00753133 0.0123709 0.0188718 0.0270489 0.0366612 0.0470435 0.0570828 0.0655024 0.071322 0.0741587 0.0741849 0.0718781 0.067797 0.0624772 0.0563954 0.0499513 0.043457 0.0371388 0.0311502 0.0255857 0.0204983 0.0159208 0.011887 0.00844369 0.0056412
 0.00753648 0.0123786 0.0188829 0.0270658 0.0366897 0.0470936 0.0571678 0.0656336 0.0715022 0.0743785 0.0744274 0.0721283 0.0680498 0.0627343 0.0566538 0.0501918 0.0436419 0.0372222 0.0310928 0.0253699 0.0201361 0.0154537 0.0113774 0.00795838 0.00523322
 0.00759807 0.0124657 0.0189898 0.027179 0.036792 0.0471709 0.0572148 0.0656561 0.071515 0.0744001 0.0744732 0.072206 0.0681581 0.0628658 0.0567988 0.0503382 0.0437715 0.0373083 0.031104 0.0252805 0.019939 0.0151671 0.0110416 0.00762357 0.00494293
 0.0076208 0.0125212 0.0191063 0.0273901 0.0371231 0.0476209 0.0577432 0.0661875 0.0719627 0.0746973 0.0745939 0.0721664 0.0680013 0.0626427 0.0565529 0.050098 0.0435495 0.0371016 0.0308984 0.0250573 0.0196851 0.0148834 0.0107459 0.00734395 0.00470632
 0.00771651 0.0126566 0.0192742 0.0275751 0.0373113 0.0478111 0.0579517 0.0664379 0.072265 0.0750307 0.0749058 0.0723927 0.0680949 0.0625921 0.056382 0.0498509 0.0432705 0.0368217 0.0306308 0.0248012 0.0194342 0.014635 0.0105061 0.00712635 0.00452573
 0.00786936 0.0128779 0.019556 0.0278904 0.0376191 0.0480676 0.0581221 0.066507 0.0722441 0.0749554 0.0748234 0.0723397 0.0680796 0.0625931 0.0563645 0.0497881 0.0431561 0.0366669 0.0304536 0.0246161 0.019249 0.0144541 0.0103349 0.006973 0.00439897
 0.00780756 0.0127898 0.0194453 0.0277664 0.0374909 0.0479373 0.0579816 0.0663433 0.0720515 0.0747476 0.0746374 0.0722259 0.0680817 0.0627274 0.0566113 0.0500992 0.0434737 0.0369446 0.0306657 0.0247569 0.019325 0.0144777 0.0103206 0.00693648 0.00435485
 0.00775327 0.0126998 0.0193076 0.0275715 0.037237 0.047636 0.057661 0.0660421 0.0718059 0.0745783 0.0745463 0.0722052 0.0681269 0.0628431 0.0568042 0.0503651 0.0437904 0.0372747 0.0309697 0.0250052 0.0195044 0.0145899 0.0103775 0.00695454 0.00435056
 0.00786652 0.0128621 0.0195109 0.0277931 0.0374441 0.0477946 0.0577441 0.0660361 0.071712 0.0744123 0.0743334 0.0719734 0.0679009 0.062643 0.0566468 0.0502644 0.0437531 0.0372957 0.0310308 0.0250813 0.0195723 0.0146357 0.0103982 0.00695523 0.00433995
 0.00794551 0.0129801 0.0196682 0.0279808 0.0376436 0.0479786 0.0578802 0.0660922 0.0716668 0.0742643 0.0741046 0.0717032 0.067633 0.0624126 0.0564748 0.0501581 0.0437108 0.0373092 0.0310866 0.0251611 0.0196561 0.014707 0.0104482 0.00698329 0.00435113
 0.00791913 0.0129405 0.0196148 0.0279149 0.0375676 0.047895 0.0577901 0.0659956 0.0715632 0.074154 0.0739912 0.0715948 0.0675428 0.0623561 0.056465 0.0502015 0.0438051 0.0374449 0.0312487 0.0253318 0.0198177 0.0148446 0.0105531 0.00705436 0.0043934
 0.00790453 0.0129156 0.0195756 0.0278572 0.0374894 0.0477981 0.0576812 0.0658857 0.0714635 0.074072 0.0739282 0.0715477 0.067508 0.0623338 0.0564602 0.0502222 0.0438583 0.0375322 0.0313648 0.0254649 0.0199526 0.0149669 0.0106522 0.00712591 0.00443928
 0.00794414 0.0129601 0.0196059 0.0278444 0.0374029 0.0476195 0.057416 0.0655644 0.0711332 0.0737814 0.0737146 0.0714297 0.0674852 0.0623912 0.0565765 0.0503771 0.0440368 0.0377245 0.0315633 0.0256613 0.0201366 0.0151275 0.0107814 0.00722059 0.00450194
 0.00783228 0.0128072 0.0194279 0.0276705 0.037263 0.0475266 0.0573553 0.0654999 0.0710285 0.0736231 0.0735223 0.0712472 0.0673593 0.062353 0.056633 0.0505143 0.0442302 0.0379486 0.0317968 0.025888 0.020344 0.015306 0.0109243 0.00732599 0.00457278
 0.00781039 0.0127608 0.01934 0.0275236 0.0370495 0.0472604 0.0570769 0.065265 0.0708827 0.0735781 0.0735514 0.0713048 0.0674098 0.0623883 0.0566693 0.0505757 0.0443319 0.0380906 0.0319672 0.0260694 0.0205195 0.015462 0.0110521 0.00742214 0.0046387
 0.00780176 0.0127358 0.0192817 0.0274086 0.0368528 0.0469651 0.0566847 0.0648042 0.070408 0.0731603 0.0732572 0.0711744 0.0674444 0.0625546 0.0569194 0.0508678 0.0446405 0.0384034 0.032276 0.0263639 0.020787 0.0156904 0.0112338 0.0075557 0.00472876
 0.00785703 0.0128354 0.019448 0.0276636 0.0372066 0.0474011 0.0571502 0.0652157 0.0706761 0.0732221 0.0731008 0.0708417 0.0670116 0.0621037 0.0565124 0.0505371 0.0443932 0.0382331 0.032172 0.0263147 0.0207795 0.0157103 0.0112666 0.00758995 0.00475735
 0.00843108 0.0136307 0.0203917 0.0286068 0.0379725 0.0478578 0.0572642 0.0650521 0.0703482 0.072829 0.0726913 0.0704194 0.0665653 0.0616346 0.0560435 0.0501034 0.0440257 0.0379481 0.0319702 0.0261863 0.0207095 0.015682 0.0112645 0.00760064 0.00477138
 0.00924302 0.0148747 0.0221137 0.0307764 0.0404659 0.0504498 0.0596405 0.0668638 0.0713123 0.0728311 0.0718249 0.0689315 0.0647467 0.0597254 0.0541973 0.048402 0.0425108 0.0366431 0.0308863 0.0253222 0.0200515 0.0152061 0.0109397 0.00739309 0.00464821
 0.00918326 0.0149109 0.0224102 0.0315564 0.0419379 0.0526977 0.062532 0.07004 0.0742772 0.0750997 0.0730609 0.0690236 0.0638067 0.0580222 0.0520588 0.0461266 0.0403172 0.0346641 0.0291885 0.0239294 0.0189601 0.0143933 0.0103683 0.00701693 0.00441816
 0.00882731 0.0143752 0.0216933 0.0307101 0.0410844 0.0520358 0.0623161 0.0705134 0.075565 0.0771113 0.0754715 0.0713658 0.0656328 0.0590516 0.0522409 0.0456061 0.0393417 0.0334885 0.0280134 0.0228813 0.0181006 0.0137372 0.00990105 0.00670728 0.00422826
 0.00878177 0.0142732 0.0214901 0.0303526 0.0405327 0.0512966 0.0614735 0.0697365 0.0750786 0.0771308 0.0761201 0.0726068 0.0672537 0.0607195 0.0536151 0.0464537 0.0396001 0.0332504 0.027459 0.0222004 0.0174397 0.0131819 0.00948291 0.00642102 0.00404928
 0.00859748 0.013997 0.0211163 0.0298866 0.0399841 0.0506707 0.0607729 0.0689772 0.0743143 0.0764704 0.0757194 0.072624 0.0677816 0.0617265 0.0549316 0.0478211 0.0407626 0.034043 0.0278467 0.0222579 0.0172944 0.012957 0.00926385 0.00624951 0.0039339
 0.00851177 0.0138767 0.0209706 0.0297364 0.0398554 0.0505845 0.0607336 0.0689664 0.0742942 0.076398 0.0755715 0.0724237 0.0676054 0.0616797 0.0550946 0.0481985 0.0412692 0.0345402 0.0282073 0.0224194 0.0172717 0.0128163 0.00908189 0.00608313 0.00380989
 0.00855455 0.0139255 0.021007 0.0297334 0.039789 0.0504485 0.0605494 0.0687779 0.0741471 0.0763161 0.0755454 0.0724199 0.0675928 0.0616552 0.0550904 0.0482622 0.0414281 0.0347755 0.0284584 0.0226153 0.0173684 0.0128131 0.00901203 0.00598957 0.00372519
 0.00857717 0.0139573 0.0210443 0.0297671 0.0398032 0.0504221 0.0604611 0.0686151 0.073917 0.076051 0.075295 0.0722323 0.0674944 0.0616446 0.0551496 0.0483741 0.0415848 0.0349709 0.0286749 0.0228208 0.0175278 0.0129059 0.00904103 0.00597549 0.00369313
 0.008643 0.0140523 0.0211651 0.029902 0.0399351 0.0505319 0.060531 0.0686298 0.0738647 0.0759268 0.0751062 0.072002 0.0672589 0.0614424 0.055009 0.0483066 0.0415867 0.0350292 0.0287717 0.022934 0.0176333 0.0129842 0.00908344 0.00598629 0.00368451
 0.00867719 0.014122 0.0212947 0.0301194 0.0402603 0.0509615 0.0610268 0.0691217 0.0742699 0.0761755 0.0751613 0.0718646 0.0669624 0.0610412 0.0545656 0.0478788 0.0412175 0.0347415 0.0285687 0.0228039 0.0175561 0.0129382 0.00905171 0.00595945 0.0036603
 0.00862296 0.0140311 0.0211546 0.029922 0.0400094 0.0506818 0.0607666 0.0689425 0.0742231 0.0762778 0.0753847 0.072148 0.0672373 0.061257 0.0547017 0.0479434 0.0412362 0.0347438 0.0285767 0.0228272 0.0175924 0.0129784 0.00908628 0.00598286 0.00367224
 0.00868663 0.0141054 0.0212124 0.0299205 0.0399022 0.0504385 0.0603912 0.0684798 0.0737498 0.075882 0.0751402 0.0720927 0.0673624 0.0615129 0.0550194 0.0482593 0.0415103 0.0349632 0.0287476 0.0229627 0.0177028 0.0130681 0.00915554 0.00603168 0.00370272
 0.00882671 0.0142964 0.021431 0.0301189 0.0400177 0.0504108 0.0601806 0.0680801 0.0731943 0.0752418 0.0745136 0.0715837 0.0670525 0.0614378 0.0551609 0.0485568 0.0418859 0.0353472 0.0290938 0.0232504 0.0179293 0.0132392 0.00927915 0.00611589 0.00375579
 0.00877629 0.0142586 0.0214529 0.0302634 0.0403375 0.050911 0.0607933 0.0686725 0.0736133 0.0753735 0.0743252 0.0711295 0.0664478 0.0608166 0.0546353 0.048191 0.0416899 0.0352892 0.0291237 0.0233206 0.0180069 0.0133072 0.00933177 0.00615311 0.00377997
 0.00889472 0.0144057 0.0215937 0.0303467 0.0403205 0.0507924 0.0606292 0.0685566 0.0736256 0.0755281 0.0745565 0.0713269 0.0665165 0.0607238 0.0544183 0.0479285 0.041461 0.0351425 0.0290681 0.0233358 0.0180609 0.013372 0.00938971 0.00619692 0.00380922
 0.00898362 0.0145736 0.0218854 0.0308074 0.0409717 0.0516027 0.0615005 0.0693454 0.074197 0.0758117 0.0745634 0.0711197 0.0661599 0.0602563 0.0538595 0.0473045 0.0408188 0.0345422 0.0285611 0.022948 0.0177904 0.0131978 0.00928492 0.00613736 0.00377708
 0.00877019 0.0142812 0.021548 0.0304953 0.0407773 0.0516137 0.0617701 0.0698714 0.0749147 0.0766046 0.0752941 0.0716717 0.0664709 0.060325 0.0537262 0.0470249 0.0404484 0.0341334 0.0281633 0.0226017 0.0175196 0.0130068 0.00916278 0.00606602 0.00373873
 0.00917643 0.0148335 0.0221825 0.0310933 0.0412093 0.0518033 0.0617391 0.0697331 0.0748154 0.0766492 0.0754983 0.0719636 0.0667331 0.0604496 0.0536539 0.0467554 0.0400265 0.0336256 0.0276368 0.0221128 0.0171069 0.0126887 0.00893858 0.00592151 0.00365352
#obs surv len freq
 nan nan nan nan nan nan nan nan nan nan nan nan nan nan nan nan nan nan nan nan nan nan nan nan nan
 0.00448496 0.00734662 0.0111771 0.0159943 0.0216961 0.0279727 0.0342876 0.0400192 0.0446985 0.0481614 0.0505179 0.0520122 0.0529029 0.0534139 0.053727 0.0539811 0.054259 0.0545514 0.0546899 0.0542816 0.0527198 0.0493521 0.0438024 0.036283 0.0276674
 0.00461657 0.00756219 0.0115042 0.0164585 0.0223148 0.0287457 0.0351872 0.0409877 0.045656 0.0490217 0.0512046 0.05247 0.0531034 0.0533557 0.0534316 0.0534853 0.0536061 0.053784 0.0538471 0.0534004 0.0518389 0.0485147 0.0430531 0.0356597 0.027191
 0.00477983 0.00783012 0.0119121 0.0170409 0.0230984 0.0297385 0.0363667 0.0422955 0.0470042 0.0503068 0.0523235 0.0533326 0.0536419 0.0535312 0.0532371 0.0529434 0.0527626 0.0526986 0.0525866 0.0520355 0.0504453 0.0471736 0.041845 0.0346512 0.0264188
 0.00496824 0.0081391 0.0123822 0.0177118 0.0240018 0.030886 0.0377374 0.0438305 0.0486133 0.051883 0.0537578 0.0545237 0.0545018 0.0539915 0.0532548 0.0525062 0.0518906 0.0514424 0.0510228 0.0502626 0.0485797 0.0453436 0.0401775 0.0332498 0.0253418
 0.00518568 0.00849265 0.0129146 0.0184634 0.0250034 0.032148 0.0392374 0.0455083 0.0503775 0.0536271 0.0553741 0.0559121 0.0555729 0.0546678 0.053474 0.0522263 0.0510973 0.0501564 0.0493054 0.048218 0.0463524 0.0431059 0.0381059 0.0314913 0.023982
 0.00541258 0.0088656 0.0134834 0.0192766 0.026099 0.0335379 0.0408924 0.0473539 0.0523057 0.0555181 0.0571157 0.0574081 0.0567428 0.0554429 0.0537944 0.0520417 0.0503728 0.0488841 0.0475194 0.0460086 0.0438709 0.0405537 0.0357021 0.0294259 0.0223718
 0.00564204 0.00924187 0.014056 0.0200943 0.0272013 0.0349409 0.0425737 0.0492457 0.054303 0.0574974 0.0589546 0.0589987 0.057997 0.0562918 0.0541835 0.0519257 0.0497147 0.047663 0.0457485 0.0437575 0.0412816 0.037836 0.0330999 0.0271615 0.0205898
 0.00588711 0.00964147 0.0146597 0.0209493 0.028344 0.036383 0.0442882 0.0511616 0.0563146 0.0594838 0.0607983 0.0605958 0.0592607 0.0571525 0.0545864 0.0518273 0.0490801 0.0464696 0.0440006 0.0415101 0.0386629 0.0350509 0.0304002 0.0247871 0.0187048
 0.00612735 0.0100375 0.0152656 0.0218185 0.0295182 0.0378751 0.0460654 0.0531404 0.0583745 0.0614919 0.0626323 0.0621551 0.0604686 0.0579514 0.0549327 0.051686 0.0484219 0.0452739 0.0422688 0.0392885 0.0360674 0.032275 0.0276906 0.0223869 0.0167865
 0.0063693 0.0104329 0.0158647 0.02267 0.0306602 0.0393213 0.0477892 0.0550682 0.0603941 0.0634727 0.064446 0.0636915 0.0616427 0.0587048 0.055229 0.0515021 0.0477414 0.0440863 0.0405791 0.0371395 0.0335641 0.0295958 0.0250678 0.0200538 0.0149134
 0.00662623 0.0108526 0.0165 0.0235705 0.0318621 0.0408314 0.0495691 0.0570302 0.0624142 0.0654158 0.066188 0.0651315 0.0627056 0.0593397 0.0554059 0.0512069 0.0469696 0.0428403 0.0388748 0.0350232 0.0311347 0.0270171 0.0225532 0.0178193 0.013118
 0.00683929 0.0112075 0.0170496 0.0243691 0.0329537 0.0422316 0.0512472 0.0589028 0.0643585 0.0672936 0.0678705 0.0665137 0.0637121 0.0599232 0.0555423 0.0508889 0.0462002 0.0416309 0.0372494 0.0330319 0.0288725 0.0246335 0.0202393 0.0157679 0.0114708
 0.00707261 0.0115859 0.0176176 0.025168 0.0340145 0.0435628 0.0528214 0.0606506 0.0661744 0.0690536 0.0694512 0.0678079 0.0646385 0.0604307 0.0556083 0.0505132 0.0453969 0.0404231 0.0356714 0.0311397 0.0267582 0.0224335 0.018123 0.0139033 0.00997958
 0.00725597 0.0118926 0.0180949 0.0258639 0.0349669 0.0447823 0.0542758 0.0622613 0.067831 0.0706378 0.0708571 0.0689508 0.0654552 0.0608776 0.0556608 0.0501646 0.0446567 0.0393144 0.0342318 0.0294277 0.0248626 0.020478 0.0162556 0.0122676 0.00867696
 0.00742712 0.0121702 0.0185117 0.0264512 0.0357496 0.0457708 0.0554556 0.0635865 0.0692262 0.0720085 0.0721043 0.0699851 0.0662069 0.0613012 0.0557336 0.049882 0.0440272 0.0383586 0.0329844 0.0279434 0.0232233 0.0187941 0.0146556 0.0108726 0.00757047
 0.00751351 0.0123128 0.0187307 0.0267676 0.0361822 0.0463311 0.0561425 0.0643834 0.0701033 0.0729259 0.0730147 0.0708341 0.0669346 0.061847 0.0560443 0.0499187 0.0437694 0.0378055 0.0321558 0.0268828 0.022001 0.0175063 0.0134134 0.00977988 0.00669938
 0.00759139 0.0124326 0.0188986 0.0269862 0.0364518 0.0466521 0.0565154 0.0648083 0.0705774 0.0734421 0.0735599 0.0713875 0.0674659 0.0623163 0.0564041 0.0501193 0.0437672 0.0375716 0.0316838 0.0261942 0.0211476 0.0165672 0.0124828 0.00894764 0.00602902
 0.00766449 0.0125479 0.0190655 0.0272096 0.0367309 0.0469777 0.0568696 0.0651668 0.0709173 0.0737502 0.073836 0.0716407 0.0677054 0.0625416 0.0565996 0.0502544 0.0438023 0.0374672 0.0314129 0.0257529 0.0205622 0.0158934 0.0117948 0.00831994 0.0055168
 0.00773117 0.0126488 0.0192033 0.0273822 0.0369325 0.0472004 0.0571043 0.0654033 0.0711439 0.0739555 0.0740122 0.0717863 0.0678251 0.0626438 0.0566887 0.0503247 0.0438343 0.0374313 0.0312782 0.0255006 0.0201964 0.0154452 0.0113165 0.00786981 0.00514133
 0.00777767 0.0127213 0.0193062 0.027517 0.0370962 0.0473852 0.0572973 0.0655884 0.0713058 0.0740851 0.074108 0.0718534 0.0678717 0.0626773 0.0567143 0.0503429 0.0438384 0.0374057 0.0312017 0.0253536 0.0199719 0.0151561 0.0109948 0.00755671 0.00487341
 0.00781563 0.0127777 0.0193814 0.0276079 0.0371977 0.0474916 0.0574036 0.06569 0.0713985 0.0741645 0.0741711 0.0718993 0.0679025 0.0626973 0.056728 0.0503526 0.0438418 0.0373951 0.0311638 0.025274 0.0198417 0.0149788 0.0107881 0.00734796 0.00468935
 0.00785032 0.0128303 0.0194533 0.0276973 0.0372997 0.0475985 0.0575058 0.0657778 0.0714641 0.0742051 0.0741888 0.0719001 0.0678933 0.0626835 0.0567131 0.050338 0.0438267 0.0373753 0.0311315 0.0252197 0.0197578 0.0148647 0.010653 0.00720852 0.00456373
 0.00786873 0.0128587 0.0194933 0.027749 0.0373615 0.0476673 0.0575763 0.0658431 0.0715173 0.0742409 0.0742055 0.0719 0.0678813 0.062666 0.0566953 0.0503228 0.0438142 0.0373625 0.0311133 0.0251891 0.019709 0.014796 0.0105688 0.00711908 0.00448107
 0.00786645 0.012852 0.0194776 0.027719 0.0373129 0.0475997 0.0574955 0.0657606 0.0714473 0.0741955 0.0741914 0.0719174 0.0679257 0.0627303 0.0567721 0.0504053 0.0438963 0.0374383 0.0311765 0.0252337 0.0197303 0.0147925 0.010544 0.00708076 0.00443903
 0.00787314 0.0128574 0.0194756 0.0277004 0.0372678 0.047521 0.0573831 0.0656229 0.0713002 0.0740593 0.0740863 0.071859 0.0679212 0.0627777 0.0568614 0.0505221 0.0440256 0.0375666 0.0312927 0.0253295 0.0198 0.0148342 0.0105602 0.00707773 0.00442517
 0.00789701 0.0128929 0.0195224 0.0277552 0.0373234 0.0475673 0.0574074 0.065613 0.0712483 0.0739662 0.0739636 0.0717267 0.0678025 0.062692 0.0568196 0.050525 0.0440652 0.0376301 0.0313658 0.0253994 0.0198573 0.0148738 0.0105813 0.00708355 0.00442118
 0.00788214 0.0128692 0.0194879 0.0277082 0.0372639 0.0474965 0.0573286 0.0655309 0.0711677 0.0738908 0.073896 0.0716698 0.0677611 0.0626731 0.0568305 0.0505701 0.0441431 0.0377331 0.0314815 0.0255138 0.0199582 0.0149532 0.0106365 0.00711667 0.00443751
 0.00786943 0.0128459 0.019448 0.0276451 0.0371722 0.0473756 0.0571849 0.065378 0.0710231 0.0737711 0.0738121 0.071626 0.0677559 0.0627019 0.0568886 0.0506538 0.0442492 0.0378569 0.0316153 0.025647 0.0200797 0.015054 0.0107119 0.00716713 0.00446731
 0.00786203 0.01283 0.019417 0.0275905 0.0370853 0.0472512 0.0570247 0.065192 0.0708288 0.0735899 0.0736656 0.0715308 0.0677209 0.0627268 0.0569655 0.0507708 0.0443936 0.038017 0.0317806 0.0258073 0.0202251 0.0151762 0.0108063 0.00723332 0.00450911
 0.00784931 0.0128094 0.0193861 0.0275463 0.0370247 0.0471707 0.0569215 0.0650658 0.0706832 0.0734344 0.0735149 0.0714031 0.0676334 0.0626922 0.0569882 0.0508469 0.0445125 0.0381643 0.0319414 0.0259677 0.0203733 0.015303 0.0109062 0.00730535 0.00455619
 0.00781655 0.0127596 0.0193174 0.0274595 0.0369227 0.047058 0.0568034 0.0649481 0.0705712 0.0733321 0.0734255 0.0713304 0.067583 0.0626716 0.0570051 0.0509056 0.0446117 0.0382965 0.0320942 0.0261266 0.0205241 0.0154347 0.0110119 0.00738285 0.00460791
 0.0077819 0.0127003 0.0192231 0.0273201 0.036732 0.0468191 0.0565325 0.0646735 0.0703262 0.0731451 0.0733124 0.0712931 0.0676134 0.0627569 0.0571331 0.0510669 0.044799 0.0385022 0.0323087 0.0263379 0.0207194 0.0156028 0.0111458 0.00748101 0.0046736
 0.00776469 0.0126687 0.0191687 0.0272325 0.0366007 0.0466374 0.0563018 0.0644057 0.0700442 0.0728793 0.0730951 0.0711505 0.0675602 0.0627932 0.057247 0.0512395 0.0450105 0.0387351 0.0325481 0.0265704 0.0209326 0.0157862 0.0112925 0.00758912 0.00474651
 0.00773255 0.0126178 0.0190944 0.027131 0.0364693 0.0464746 0.0561087 0.0641873 0.0698106 0.0726458 0.0728818 0.0709804 0.067455 0.0627685 0.0573078 0.0513787 0.0452113 0.0389755 0.0328053 0.026824 0.0211659 0.0159868 0.0114529 0.00770758 0.00482671
 0.0093059 0.0148188 0.0217483 0.0298551 0.0387852 0.0479857 0.0566406 0.0638129 0.0687665 0.0712113 0.0712911 0.069393 0.0659661 0.0614319 0.0561523 0.0504168 0.0444416 0.038385 0.032372 0.0265215 0.0209665 0.015864 0.0113836 0.00767264 0.00481149
 0.00927056 0.0150524 0.0226129 0.031801 0.0421546 0.0527474 0.0622225 0.0691962 0.0728499 0.0732469 0.0711317 0.0674326 0.0628683 0.0578466 0.0525561 0.0470893 0.041515 0.035904 0.0303356 0.0249043 0.0197293 0.0149582 0.0107538 0.00726062 0.00456019
 0.00895148 0.0145482 0.0219024 0.0309304 0.0412906 0.0522145 0.0624638 0.0706151 0.0755665 0.0769177 0.0749933 0.0705917 0.0646761 0.0581235 0.0515607 0.0453063 0.0394278 0.033864 0.0285395 0.0234313 0.0185876 0.0141188 0.0101704 0.00687972 0.00432844
 0.0087984 0.0142894 0.0214949 0.0303307 0.0404708 0.051193 0.0613457 0.0696203 0.0750141 0.0771383 0.076179 0.072653 0.0672077 0.0605362 0.0533211 0.0461432 0.0393867 0.0332085 0.0275932 0.0224565 0.0177403 0.013461 0.00970292 0.00657281 0.00414218
 0.00873272 0.0141786 0.0213198 0.0300683 0.0400965 0.0506861 0.0606999 0.0688596 0.074212 0.0764325 0.0757638 0.0727301 0.0678961 0.0617826 0.0548766 0.0476437 0.0405034 0.0337766 0.0276451 0.0221581 0.0172898 0.0130123 0.00933888 0.00631627 0.00398087
 0.00868374 0.0141015 0.0212081 0.0299164 0.0398992 0.0504375 0.0603939 0.068492 0.0737853 0.0759655 0.0753044 0.0723652 0.067743 0.0619507 0.0554085 0.0484685 0.0414418 0.0346096 0.0282075 0.0223993 0.0172682 0.0128414 0.00912699 0.00613195 0.00385
 0.00867554 0.0140813 0.0211654 0.0298377 0.0397717 0.050255 0.0601609 0.0682223 0.0734966 0.0756729 0.0750194 0.0721032 0.067535 0.0618489 0.0554739 0.0487401 0.0419025 0.0351745 0.0287517 0.0228116 0.017497 0.0129039 0.00908315 0.00604702 0.00376878
 0.00865792 0.0140564 0.0211341 0.0298019 0.0397317 0.0502069 0.0600956 0.0681283 0.0733659 0.0755056 0.0748254 0.0718999 0.0673437 0.0616953 0.0553892 0.0487575 0.0420433 0.0354302 0.0290759 0.023133 0.0177498 0.0130552 0.00913962 0.00604106 0.00373656
 0.00864102 0.0140288 0.0210927 0.0297444 0.0396582 0.0501207 0.0600038 0.0680395 0.0732858 0.0754342 0.0747572 0.0718276 0.0672652 0.0616167 0.0553264 0.0487327 0.0420785 0.0355376 0.0292478 0.0233398 0.0179494 0.013211 0.00923542 0.00608268 0.00374296
 0.00866251 0.0140601 0.0211329 0.02979 0.0397033 0.0501585 0.0600273 0.0680437 0.0732682 0.0753952 0.0746993 0.071754 0.0671781 0.0615195 0.0552254 0.0486401 0.0420113 0.0355122 0.0292724 0.0234085 0.0180426 0.0133033 0.00930652 0.00612483 0.00376018
 0.0086615 0.0140636 0.0211475 0.029824 0.0397637 0.0502464 0.0601347 0.0681537 0.0733601 0.0754516 0.0747109 0.0717207 0.0671069 0.0614209 0.0551108 0.0485214 0.0419015 0.0354247 0.0292183 0.0233918 0.0180576 0.0133366 0.00934265 0.00615266 0.00377594
 0.00862356 0.0140043 0.0210631 0.0297143 0.0396338 0.0501081 0.0600069 0.0680585 0.0733159 0.0754654 0.0747749 0.0718161 0.0672114 0.0615163 0.055187 0.0485763 0.0419391 0.0354529 0.029246 0.0234257 0.0180999 0.0133837 0.00938753 0.00618887 0.00380046
 0.00862167 0.0139989 0.0210507 0.0296903 0.0395933 0.0500487 0.0599303 0.0679721 0.0732325 0.0753999 0.0747405 0.0718191 0.067249 0.061577 0.0552556 0.0486394 0.0419891 0.035489 0.0292725 0.023449 0.0181245 0.0134107 0.00941486 0.00621287 0.00381844
 0.00860681 0.0139757 0.0210175 0.0296459 0.0395371 0.0499807 0.0598515 0.0678854 0.0731431 0.0753165 0.0746736 0.0717799 0.0672457 0.0616119 0.0553231 0.0487274 0.0420835 0.0355778 0.029349 0.0235119 0.0181758 0.013453 0.00944941 0.00623989 0.0038379
 0.00861951 0.0139933 0.0210383 0.0296663 0.0395526 0.0499868 0.0598452 0.0678653 0.0731094 0.0752702 0.0746176 0.0717195 0.0671888 0.0615675 0.0552991 0.0487271 0.0421043 0.0356128 0.0293898 0.0235516 0.0182108 0.0134821 0.0094729 0.00625809 0.00385114
 0.00861951 0.0139933 0.0210383 0.0296663 0.0395526 0.0499868 0.0598452 0.0678653 0.0731094 0.0752702 0.0746176 0.0717195 0.0671888 0.0615675 0.0552991 0.0487271 0.0421043 0.0356128 0.0293898 0.0235516 0.0182108 0.0134821 0.0094729 0.00625809 0.00385114
 0.00882535 0.0143204 0.0215146 0.0303078 0.0403543 0.0509117 0.0608171 0.0687742 0.0738346 0.0757135 0.0747288 0.0715038 0.0666982 0.0608819 0.0545073 0.0479113 0.0413296 0.0349222 0.0288054 0.0230794 0.0178459 0.0132135 0.00928585 0.00613612 0.00377736
 0.00881878 0.0143339 0.0215797 0.0304687 0.0406566 0.051384 0.0614531 0.0695259 0.0746192 0.0764306 0.0752817 0.0718191 0.0667398 0.0606575 0.0540636 0.0473206 0.0406717 0.0342689 0.0282105 0.0225749 0.0174444 0.0129128 0.0090744 0.00599716 0.00369264
 0.00885456 0.0143847 0.0216441 0.0305449 0.0407484 0.0515074 0.0616377 0.0698056 0.0750138 0.0769271 0.075827 0.0723299 0.0671263 0.06085 0.0540309 0.0470756 0.0402634 0.0337667 0.0276854 0.0220855 0.0170288 0.0125877 0.00883922 0.00583977 0.00359549
#pred catch len freq
 0.00310279 0.00506044 0.00768009 0.0110204 0.0151288 0.0199889 0.0254612 0.0312791 0.0371054 0.0426026 0.047481 0.0515349 0.0546689 0.0569002 0.0583318 0.0591181 0.0594396 0.0594685 0.0592882 0.0587616 0.0574257 0.054557 0.0494926 0.0420902 0.0330121
 0.00336904 0.0054194 0.00808588 0.0113901 0.0153724 0.0200524 0.0253556 0.0310721 0.0368805 0.042412 0.0473266 0.0513873 0.0545083 0.0567493 0.058259 0.0592079 0.0597435 0.0599606 0.0598496 0.0592099 0.0575845 0.0543341 0.0489236 0.0413205 0.032226
 0.0034267 0.0055624 0.00838577 0.011927 0.0161949 0.0211267 0.0265389 0.032144 0.0376293 0.0427265 0.0472316 0.0510037 0.0539767 0.0561762 0.0577113 0.0587358 0.0593927 0.0597537 0.0597541 0.0591266 0.0573802 0.0539068 0.0482616 0.0405123 0.0314145
 0.0035713 0.00577475 0.00866973 0.0122886 0.0166615 0.0217625 0.0274338 0.0333624 0.0391378 0.0443511 0.0486922 0.0520217 0.0543913 0.0559953 0.0570759 0.0578378 0.0584037 0.0587884 0.0588583 0.0582804 0.0565199 0.0529708 0.0472393 0.0394642 0.0304471
 0.00377082 0.00609343 0.00913708 0.0129244 0.017469 0.0227241 0.0285139 0.0345233 0.0403602 0.0456342 0.0500192 0.0533085 0.0554693 0.0566592 0.0571747 0.0573457 0.057423 0.0574907 0.0574082 0.0567858 0.055027 0.0514947 0.0458062 0.0381346 0.0293028
 0.00394929 0.00638579 0.0095823 0.0135628 0.0183374 0.0238448 0.0298796 0.0360856 0.0420301 0.0473001 0.0515738 0.0546675 0.0565669 0.0574246 0.057516 0.0571691 0.0566798 0.0562158 0.0557176 0.0548356 0.0529685 0.0494543 0.0438917 0.0364439 0.0279171
 0.00415463 0.0067118 0.01006 0.0142203 0.0192005 0.0249351 0.0312077 0.0376396 0.0437644 0.0491304 0.0533813 0.0563163 0.0579279 0.0583941 0.0580182 0.0571464 0.0560898 0.0550467 0.0540134 0.0527092 0.0505889 0.0470172 0.041588 0.0344332 0.0263047
 0.00435347 0.00703869 0.0105592 0.014937 0.0201736 0.0261865 0.0327293 0.0393874 0.0456634 0.0510854 0.0552867 0.0580605 0.0593976 0.0594803 0.0586262 0.0572022 0.0555439 0.0538795 0.0522488 0.0504334 0.0479611 0.0442575 0.0389401 0.0321132 0.0244549
 0.00455666 0.00736525 0.0110455 0.015619 0.0210863 0.0273593 0.0341756 0.0410913 0.0475701 0.0531002 0.0572848 0.0599061 0.0609625 0.0606566 0.0593272 0.0573584 0.0551007 0.0528036 0.050545 0.048168 0.04528 0.0413841 0.0361409 0.029638 0.022475
 0.00477027 0.00771477 0.0115764 0.0163769 0.0221107 0.0286726 0.0357704 0.0429235 0.0495621 0.0551509 0.0592805 0.0617284 0.0624959 0.061797 0.0599885 0.0574739 0.0546209 0.0516973 0.0488118 0.0458619 0.0425343 0.0384172 0.0332271 0.0270446 0.0203921
 0.00508114 0.00820328 0.0122818 0.0173287 0.0233293 0.0301673 0.037531 0.0449088 0.0516923 0.0573107 0.0613331 0.0635357 0.0639387 0.0627861 0.0604635 0.0573947 0.0539587 0.0504336 0.04695 0.0434519 0.0397001 0.0353678 0.0302325 0.024375 0.0182442
 0.00533123 0.00862096 0.0129309 0.0182755 0.0246289 0.031842 0.0395495 0.0471793 0.0540763 0.0596507 0.0634766 0.0653501 0.065318 0.0636538 0.0607732 0.057125 0.0531044 0.0489998 0.0449577 0.040958 0.0368243 0.0323075 0.0272436 0.0217165 0.0161062
 0.00553484 0.00895254 0.0134336 0.0189967 0.0256195 0.0331492 0.0412015 0.0491633 0.0563199 0.0620161 0.0657767 0.0673836 0.0669107 0.0646878 0.0611915 0.056918 0.0522891 0.0476064 0.0430292 0.0385652 0.0340889 0.0294155 0.0244308 0.0192197 0.0140998
 0.00574824 0.00929509 0.013942 0.0197049 0.0265563 0.0343334 0.0426341 0.0508209 0.058153 0.0639485 0.0677047 0.0691778 0.0684256 0.0657827 0.0617557 0.0568878 0.0516501 0.0463834 0.0412771 0.0363701 0.0315794 0.0267708 0.0218676 0.0169509 0.0122798
 0.00598376 0.00966894 0.0144885 0.0204518 0.0275224 0.0355235 0.0440314 0.0523812 0.059806 0.0656069 0.0692766 0.070575 0.069567 0.0665932 0.0621661 0.0568387 0.0511012 0.0453245 0.0397359 0.0344187 0.0293391 0.0244102 0.0195851 0.0149363 0.0106679
 0.00622183 0.0100454 0.0150358 0.0211947 0.0284755 0.0366867 0.0453824 0.0538696 0.0613542 0.0671198 0.0706552 0.0717309 0.0704325 0.0671241 0.0623368 0.0566329 0.0505059 0.0443328 0.0383596 0.0327047 0.0273822 0.0223534 0.0176007 0.013189 0.00927338
 0.00632065 0.0102142 0.0153055 0.0216011 0.0290534 0.0374607 0.0463548 0.0550134 0.0626131 0.0684149 0.0718955 0.0728249 0.0713002 0.0677061 0.0625977 0.0565575 0.0500917 0.0435847 0.0372931 0.0313572 0.0258269 0.020704 0.0159984 0.0117716 0.00813875
 0.00643501 0.0103803 0.0155206 0.0218545 0.0293361 0.0377773 0.0467301 0.055485 0.0632134 0.0691504 0.0727349 0.0737022 0.0721295 0.0684005 0.0630837 0.0567832 0.0500275 0.0432211 0.0366393 0.0304447 0.0247163 0.0194882 0.0147925 0.0106896 0.00726409
 0.0065073 0.0104981 0.0156974 0.0221001 0.0296519 0.0381511 0.0471351 0.055888 0.0635907 0.0695015 0.0730825 0.0740744 0.0725363 0.0688186 0.0634595 0.0570486 0.0501192 0.0430943 0.0362754 0.029855 0.0239441 0.018607 0.0138961 0.00987204 0.00659583
 0.0065074 0.0104985 0.0156992 0.0221065 0.0296702 0.0381935 0.0472168 0.0560222 0.0637813 0.06974 0.0733522 0.0743613 0.0728357 0.0691317 0.0637803 0.0573513 0.0503571 0.0432118 0.0362257 0.0296172 0.0235322 0.0180698 0.0133069 0.00930924 0.00612186
 0.00659339 0.0106232 0.0158588 0.0222876 0.0298531 0.0383591 0.0473524 0.0561246 0.0638567 0.069801 0.0734131 0.0744323 0.0729208 0.06923 0.0638879 0.0574601 0.0504503 0.0432605 0.0361944 0.0294761 0.0232727 0.0177124 0.012898 0.00890643 0.00577504
 0.00662846 0.0106928 0.0159857 0.0224977 0.0301652 0.0387709 0.0478304 0.0566073 0.0642722 0.0700918 0.0735532 0.0744307 0.0728109 0.0690544 0.0636852 0.0572572 0.0502588 0.0430766 0.0360017 0.0292537 0.0230059 0.0174036 0.0125689 0.00859086 0.00550572
 0.0066893 0.0107773 0.0160878 0.0226073 0.0302769 0.0388933 0.0479891 0.0568329 0.0645785 0.0704568 0.0739189 0.0747242 0.0729756 0.0690713 0.063574 0.0570602 0.0500204 0.0428283 0.0357565 0.0290097 0.0227563 0.0171461 0.0123121 0.00835243 0.0053047
 0.00675403 0.010866 0.0161904 0.022703 0.0303388 0.038898 0.047927 0.0567164 0.0644436 0.0703552 0.0738998 0.0748116 0.073154 0.0692913 0.0637754 0.0571982 0.0500791 0.042816 0.0356921 0.02891 0.0226316 0.0170037 0.0121612 0.00820633 0.00517736
 0.0066912 0.0107753 0.0160742 0.0225686 0.0301935 0.0387427 0.0477539 0.0565143 0.0642104 0.0701097 0.0736848 0.0746835 0.0731607 0.0694503 0.0640631 0.0575589 0.0504464 0.0431363 0.035936 0.029071 0.0227173 0.0170287 0.0121425 0.00816206 0.00512461
 0.00666304 0.0107269 0.0159973 0.0224553 0.0300401 0.038554 0.0475446 0.0563054 0.0640209 0.0699492 0.0735548 0.0745858 0.0731075 0.069464 0.0641651 0.0577531 0.0507115 0.043431 0.0362146 0.0292988 0.022878 0.0171229 0.0121826 0.00816527 0.00510828
