SBPRF35
6.70919
Curr Bio
494476
B35
476813
F35
0.2288
FOFL
0.218939
OFL
77004.8
Bzero
1.91691e+006
#pred survey bio
 3.37713e+006 3.32869e+006 3.20108e+006 2.83898e+006 2.68678e+006 2.62217e+006 2.48027e+006 2.27875e+006 1.96596e+006 1.58678e+006 1.35475e+006 1.22737e+006 1.16195e+006 1.11162e+006 1.05018e+006 931467 836420 737288 680979 673649 655609 646217 649471 624451 559589 542137 542256 531926 546791 547335 547495 547871 535385 545363 560216 571807 586958 572983 551423 537769 564241 591290 586712 598298 630817 673949 659171 599935 561564 570779 601395 650333 628572 563558 556260 554200 501094 1.62298e+007 9.57486e+006 9.78984e+006 1.04837e+007 1.13858e+007 1.22826e+007 1.30623e+007 1.36876e+007 1.41637e+007 1.45141e+007 1.47664e+007 1.49458e+007 1.50725e+007 1.51618e+007 1.52249e+007 1.52697e+007 1.53016e+007 1.53245e+007 1.53411e+007 1.53532e+007 1.53621e+007 1.53686e+007 1.53734e+007 1.5377e+007 1.53797e+007 1.53818e+007 1.53833e+007 1.53844e+007 1.53853e+007 1.53859e+007 1.53864e+007 1.53868e+007 1.53871e+007 1.53873e+007 1.53874e+007 1.53876e+007 1.53876e+007 1.53877e+007 1.53878e+007 1.53878e+007 1.53878e+007 1.53879e+007 1.53879e+007 1.53879e+007 1.53879e+007 1.53879e+007 1.53879e+007 1.53879e+007 1.53879e+007 1.53879e+007 1.53879e+007 1.53879e+007 1.53879e+007 1.53879e+007 1.53879e+007 1.53879e+007 1.53879e+007 1.53879e+007 1.53879e+007 1.53879e+007 1.53879e+007 1.53879e+007 1.53879e+007 1.53879e+007 1.53879e+007 1.53879e+007 1.53879e+007 1.53879e+007 1.53879e+007 1.53879e+007 1.53879e+007 1.53879e+007 1.53879e+007 1.53879e+007 1.53879e+007 1.53879e+007 1.53879e+007 1.53879e+007 1.53879e+007 1.53879e+007 1.53879e+007 1.53879e+007 1.53879e+007 1.53879e+007 1.53879e+007 1.53879e+007 1.53879e+007 1.53879e+007 1.53879e+007 1.53879e+007 1.53879e+007 1.53879e+007 1.53879e+007 1.53879e+007 1.53879e+007 1.53879e+007 1.53879e+007 1.53879e+007 1.53879e+007 1.53879e+007 0 0 0 0 0 0 0 0 0 0 0 0 0 0 0 0 0 0 0 0 0 0 0 0 0
#obs survey bio
 3.08634e+006 2.53109e+006 3.85684e+006 2.53558e+006 2.36706e+006 3.29821e+006 2.51293e+006 2.65862e+006 2.32041e+006 1.55468e+006 1.33549e+006 1.04376e+006 1.21451e+006 1.37888e+006 1.07785e+006 685641 906437 544057 604775 695492 608828 587908 617959 652166 561553 413406 545049 378635 596171 501450 620938 519994 549604 601702 684901 663365 895336 475520 508381 430729 421696 802970 668676 775951 468484 851146 730076 589184 424106 486746 642719 729340 534052 591573 741480 658657 478831
#pred catch bio
 99919.3 99205.9 162715 207649 226638 284255 281522 304907 302141 289777 291883 270965 262240 239814 226356 202415 179306 171550 141456 147071 140470 126084 118641 125777 104676 104813 110273 101211 98318.5 95609.7 98693.4 101211 92642.7 95275.9 96288.6 89698.2 86107.2 88653.7 82578.5 85491.5 91602.4 96447 87483.2 84994.1 88449.6 91435.9 85457.5 104581 92733.7 92618.8 82012 99794.3 138777 92708.3 67984.6 112379 92765 77004.8 78087.9 78254.9 82772.4 89596.1 96472.9 102358 106948 110314 112678 114284 115350 116044 116489 116771 116949 117059 117128 117171 117197 117213 117222 117228 117232 117234 117236 117236 117237 117237 117237 117238 117238 117238 117238 117238 117238 117238 117238 117238 117238 117238 117238 117238 117238 117238 117238 117238 117238 117238 117238 117238 117238 117238 117238 117238 117238 117238 117238 117238 117238 117238 117238 117238 117238 117238 117238 117238 117238 117238 117238 117238 117238 117238 117238 117238 117238 117238 117238 117238 117238 117238 117238 117238 117238 117238 117238 117238 117238 117238 117238 117238 117238 117238 117238 117238 117238 117238 117238 117238 117238 0 0 0 0 0 0 0 0 0 0 0 0 0 0 0 0 0 0 0 0 0 0 0 0 0
#obs catch bio
 0 98806.8 162830 208086 226739 284902 281299 304924 301433 289455 293189 272351 263952 240023 225545 202669 178652 172053 141496 147082 140641 126291 118384 125684 104595 104976 110225 101510 98182.4 95510.4 98781.7 101155 92621.8 95379 96393.9 89796.3 85944.8 88694.7 82412.7 85657.4 91733.7 96409.6 87420.7 84983 88619 91396.6 85124.4 104886 92764 92829.7 81939.2 99433.6 139539 92770.1 67503.7 112989 92688.5
#pred cpue bio
 3.33968e+006 3.29194e+006 3.16441e+006 2.80481e+006 2.65235e+006 2.58625e+006 2.44373e+006 2.24248e+006 1.9319e+006 1.55672e+006 1.32638e+006 1.19893e+006 1.13257e+006 1.08117e+006 1.01938e+006 902213 808495 711727 656444 649068 631355 621966 625066 601127 538479 521639 521814 511856 526209 526911 527225 527769 515840 525574 540108 551322 564808 549658 527923 514830 540342 566497 562251 573373 604645 646160 632310 575770 538555 547291 576637 624052 603338 539431 531869 530924 479978 1.55299e+007 9.1453e+006 9.22924e+006 9.82755e+006 1.07082e+007 1.16017e+007 1.2381e+007 1.30062e+007 1.34823e+007 1.38327e+007 1.40851e+007 1.42644e+007 1.43911e+007 1.44804e+007 1.45435e+007 1.45883e+007 1.46202e+007 1.46432e+007 1.46597e+007 1.46718e+007 1.46807e+007 1.46872e+007 1.46921e+007 1.46957e+007 1.46984e+007 1.47004e+007 1.47019e+007 1.4703e+007 1.47039e+007 1.47045e+007 1.4705e+007 1.47054e+007 1.47057e+007 1.47059e+007 1.47061e+007 1.47062e+007 1.47063e+007 1.47063e+007 1.47064e+007 1.47064e+007 1.47065e+007 1.47065e+007 1.47065e+007 1.47065e+007 1.47065e+007 1.47065e+007 1.47065e+007 1.47066e+007 1.47066e+007 1.47066e+007 1.47066e+007 1.47066e+007 1.47066e+007 1.47066e+007 1.47066e+007 1.47066e+007 1.47066e+007 1.47066e+007 1.47066e+007 1.47066e+007 1.47066e+007 1.47066e+007 1.47066e+007 1.47066e+007 1.47066e+007 1.47066e+007 1.47066e+007 1.47066e+007 1.47066e+007 1.47066e+007 1.47066e+007 1.47066e+007 1.47066e+007 1.47066e+007 1.47066e+007 1.47066e+007 1.47066e+007 1.47066e+007 1.47066e+007 1.47066e+007 1.47066e+007 1.47066e+007 1.47066e+007 1.47066e+007 1.47066e+007 1.47066e+007 1.47066e+007 1.47066e+007 1.47066e+007 1.47066e+007 1.47066e+007 1.47066e+007 1.47066e+007 1.47066e+007 1.47066e+007 1.47066e+007 1.47066e+007 1.47066e+007 1.47066e+007 1.47066e+007 0 0 0 0 0 0 0 0 0 0 0 0 0 0 0 0 0 0 0 0 0 0 0 0 0
#obs cpue bio
 3.57568e+006 4.6038e+006 3.825e+006 2.06806e+006 2.56683e+006 2.3486e+006 2.55208e+006 2.02089e+006 2.03904e+006 1.44441e+006 972659 1.17215e+006 944483 1.08388e+006 1.3758e+006 931172 986813 743528 692117 724301 625534 603948 806873 651860 458036 607036 643667 505867 659035 556279 418958 656706 439237 456294 447008 426603 471882 619911 643109 480228 731035 522066 459960 420138 666792 659491 660226 503328 655617 602888 491813 807288 595881 458314 490629 406386 499068
#pred surv len freq
 0.00420082 0.00693405 0.0106478 0.0153907 0.0210797 0.027405 0.0338158 0.0396745 0.0445035 0.0481373 0.0506843 0.0523767 0.0534432 0.0540579 0.054341 0.054381 0.0542581 0.0540438 0.0537443 0.0531877 0.0519276 0.0492972 0.044694 0.0379902 0.0297838
 0.00451027 0.00734725 0.0111062 0.015791 0.0213111 0.0274027 0.0335976 0.0393314 0.0441485 0.0478469 0.0504711 0.0522086 0.0532892 0.0539264 0.0542873 0.0544797 0.0545565 0.0545194 0.0542901 0.0536382 0.0521211 0.049147 0.0442286 0.0373371 0.029107
 0.00453286 0.0074568 0.0113981 0.0163792 0.022275 0.0287188 0.0350996 0.0407454 0.0451984 0.0483709 0.0504733 0.0518192 0.0526756 0.0532247 0.0535865 0.0538417 0.0540306 0.0541301 0.0540102 0.0533799 0.0517661 0.0486065 0.0434959 0.0364958 0.0282887
 0.00473431 0.0077464 0.0117702 0.0168209 0.0227907 0.0293535 0.0359361 0.0418565 0.0465732 0.0498654 0.0518355 0.0527865 0.0530867 0.0530727 0.0529913 0.0529774 0.053059 0.0531643 0.0531013 0.0525174 0.0508985 0.0476816 0.0425063 0.0354973 0.0273769
 0.00489249 0.00803126 0.0122465 0.0175572 0.0238335 0.0306958 0.0375009 0.0435169 0.0482023 0.0513784 0.053185 0.0539174 0.053899 0.0534379 0.0528153 0.0522581 0.0518944 0.0517081 0.051502 0.0508774 0.0492685 0.0460872 0.0409832 0.0341092 0.026202
 0.00503782 0.00826771 0.0126053 0.018074 0.0245492 0.0316513 0.0387231 0.0449971 0.0498791 0.0531369 0.0548803 0.0554094 0.0550752 0.0542111 0.0531122 0.0520226 0.051113 0.0504335 0.0498492 0.0489914 0.0472892 0.0441337 0.0391582 0.0325054 0.024894
 0.00528135 0.00865815 0.0131824 0.0188707 0.0255852 0.0329251 0.0402051 0.0466305 0.051591 0.0548503 0.0565176 0.056886 0.0562959 0.055076 0.0535285 0.0519165 0.0504399 0.0491929 0.0480982 0.0468488 0.0449213 0.0417287 0.0368987 0.0305433 0.0233281
 0.0054665 0.00897126 0.0136757 0.0195994 0.0265947 0.0342318 0.0417777 0.0483878 0.0534183 0.0566298 0.0581517 0.0583052 0.0574491 0.0559138 0.053991 0.0519327 0.0499407 0.0481336 0.0464844 0.044756 0.0424997 0.0391857 0.0344614 0.0284112 0.0216309
 0.00565285 0.00928559 0.0141705 0.0203321 0.027618 0.0355755 0.0434302 0.0502846 0.0554479 0.0586522 0.0600235 0.0599024 0.0586825 0.0567311 0.0543646 0.0518405 0.0493533 0.0470183 0.0448298 0.0426055 0.0399765 0.0364919 0.0318435 0.026101 0.0197863
 0.0059229 0.00971965 0.0148151 0.0212287 0.0287974 0.0370481 0.0451737 0.0522369 0.057511 0.0607046 0.0619356 0.0615503 0.0599594 0.0575578 0.0546934 0.0516497 0.0486349 0.0457692 0.0430578 0.0403545 0.0373567 0.0336928 0.0291104 0.0236763 0.0178433
 0.00612368 0.0100755 0.0154039 0.0221386 0.0301034 0.0387778 0.0472775 0.0545848 0.0599226 0.0629958 0.0639549 0.0631906 0.0611511 0.0582565 0.0548712 0.0512918 0.0477373 0.044338 0.0411158 0.0379574 0.0346177 0.0307963 0.0262945 0.0211808 0.0158425
 0.00639598 0.010514 0.0160582 0.0230566 0.0313287 0.0403401 0.0491762 0.056771 0.0622886 0.065381 0.066169 0.0650493 0.0625115 0.0590359 0.0550438 0.0508688 0.0467457 0.04281 0.0390924 0.0355066 0.0318576 0.0279072 0.0235043 0.018717 0.0138704
 0.00664824 0.0109205 0.0166628 0.0238973 0.03243 0.0417031 0.0507694 0.0585306 0.0641308 0.0672174 0.0679125 0.0666088 0.0637859 0.0599208 0.0554494 0.0507374 0.0460579 0.0415801 0.0373635 0.0333544 0.0294023 0.0253217 0.0209997 0.0165014 0.0120944
 0.00692931 0.0113653 0.0173095 0.0247728 0.0335449 0.0430446 0.0522932 0.0601595 0.0657669 0.0687626 0.0692872 0.0677582 0.0646726 0.0605108 0.0557011 0.0506019 0.0454899 0.0405539 0.0358876 0.0314828 0.0272426 0.023034 0.0187779 0.0145339 0.0105167
 0.00718322 0.011766 0.0178894 0.025553 0.0345304 0.0442181 0.0536092 0.0615449 0.0671327 0.070023 0.0703753 0.0686313 0.0653082 0.0608968 0.0558257 0.0504451 0.045022 0.0397436 0.0347198 0.0299793 0.0254786 0.0211399 0.0169208 0.0128792 0.0091846
 0.00741252 0.01214 0.0184536 0.0263471 0.0355769 0.0455059 0.0550794 0.0630913 0.0686228 0.0713307 0.0714085 0.0693429 0.0656913 0.0609714 0.0556223 0.0499906 0.0443299 0.0388136 0.0335477 0.0285773 0.0238959 0.0194728 0.0153013 0.0114429 0.00803129
 0.0074454 0.012225 0.0186399 0.0267003 0.0361634 0.0463673 0.0562085 0.0644234 0.0700464 0.0727125 0.0726202 0.0702825 0.0662968 0.061224 0.0555398 0.049612 0.0436983 0.0379637 0.0325043 0.0273661 0.0225605 0.0180871 0.0139657 0.0102624 0.00708435
 0.00754875 0.012369 0.0188149 0.0268893 0.0363565 0.0465794 0.0564872 0.0648362 0.0706483 0.0735112 0.0735592 0.071253 0.0671697 0.0618867 0.0559203 0.0496849 0.0434757 0.0374793 0.0317999 0.026487 0.0215602 0.0170341 0.0129431 0.00935386 0.00635234
 0.00767536 0.0125834 0.0191509 0.0273768 0.037007 0.0473689 0.0573478 0.0656708 0.0713667 0.0740675 0.073963 0.0715463 0.0673874 0.0620289 0.0559527 0.0495606 0.0431601 0.0369643 0.031104 0.0256494 0.0206349 0.0160867 0.0120449 0.00857105 0.00573066
 0.00766503 0.0125565 0.0190936 0.0272758 0.0368593 0.0471935 0.0571909 0.0655936 0.0714219 0.0742752 0.0743059 0.0719839 0.0678767 0.0625337 0.0564372 0.0499803 0.0434624 0.037101 0.031048 0.0254038 0.0202339 0.0155877 0.0115168 0.00807937 0.0053237
 0.00777352 0.012722 0.0193212 0.0275597 0.0371813 0.047523 0.0574885 0.0658215 0.0715578 0.0743241 0.0742984 0.0719608 0.0678706 0.0625575 0.0564851 0.0500328 0.0434905 0.0370704 0.030927 0.0251749 0.0199028 0.0151855 0.011092 0.00768325 0.00499561
 0.0078577 0.0128545 0.019512 0.0278138 0.0374958 0.047884 0.0578678 0.066178 0.0718451 0.0745043 0.0743547 0.0719044 0.0677358 0.0623888 0.0563208 0.0498928 0.0433731 0.0369565 0.0307894 0.0249897 0.0196603 0.014896 0.0107834 0.00739103 0.0047502
 0.00785153 0.0128395 0.0194809 0.0277583 0.0374107 0.0477728 0.057746 0.0660711 0.0717802 0.0744992 0.0744114 0.0720099 0.0678701 0.0625342 0.0564673 0.0500369 0.0435116 0.0370799 0.030881 0.0250305 0.0196377 0.0148112 0.0106535 0.00724315 0.00461157
 0.00779723 0.0127551 0.0193609 0.0276 0.0372143 0.0475421 0.0574905 0.0658083 0.0715369 0.0743085 0.0743053 0.07201 0.0679798 0.0627374 0.0567345 0.0503347 0.0438106 0.0373569 0.0311173 0.0252105 0.0197509 0.0148563 0.0106411 0.00719335 0.00454752
 0.00793534 0.012965 0.019649 0.0279609 0.0376305 0.0479845 0.0579193 0.0661753 0.071793 0.0744156 0.0742488 0.0718045 0.0676657 0.062369 0.056364 0.0500002 0.0435306 0.0371333 0.0309407 0.0250667 0.0196257 0.0147399 0.0105303 0.00709143 0.00446074
 0.00785252 0.0128515 0.019517 0.0278346 0.0375386 0.047949 0.0579468 0.066256 0.0719067 0.0745398 0.0743642 0.0718968 0.0677264 0.0623968 0.0563656 0.0499886 0.04352 0.0371328 0.0309512 0.0250821 0.0196366 0.0147387 0.0105145 0.00706425 0.00442901
 0.0077952 0.0127575 0.0193755 0.027639 0.0372925 0.0476731 0.0576811 0.066052 0.0718098 0.0745703 0.0745086 0.0721154 0.0679706 0.062626 0.0565565 0.0501348 0.0436275 0.0372131 0.0310147 0.0251341 0.0196774 0.014766 0.0105267 0.00706324 0.00441945
 0.00790108 0.0129091 0.0195653 0.0278455 0.0374852 0.0478207 0.0577607 0.0660553 0.0717454 0.0744623 0.0743888 0.0720117 0.0678965 0.0625776 0.0565186 0.0500916 0.0435705 0.0371436 0.0309404 0.0250639 0.0196168 0.0147165 0.010487 0.00703146 0.00439441
 0.00786861 0.0128671 0.019521 0.0278101 0.037468 0.0478212 0.0577647 0.0660388 0.0716875 0.0743584 0.0742567 0.0718859 0.0678137 0.062561 0.0565699 0.0501929 0.0436945 0.0372648 0.0310427 0.0251416 0.0196713 0.014752 0.0105081 0.00704191 0.00439771
 0.00788723 0.012878 0.0195031 0.0277349 0.0373108 0.0475768 0.0574569 0.0657162 0.0714044 0.0741527 0.0741401 0.0718498 0.0678437 0.0626478 0.0567094 0.0503795 0.0439148 0.0374976 0.031265 0.0253347 0.0198257 0.0148663 0.0105865 0.00709156 0.00442636
 0.00777331 0.0127198 0.0193135 0.0275392 0.037135 0.0474322 0.0573317 0.0655835 0.0712422 0.0739633 0.0739537 0.0717098 0.0677852 0.0626846 0.0568341 0.0505732 0.0441546 0.0377605 0.0315281 0.0255774 0.020032 0.0150278 0.010703 0.00716884 0.00447326
 0.00773354 0.0126462 0.0191881 0.0273446 0.0368643 0.0471006 0.0569813 0.0652726 0.0710214 0.0738525 0.0739368 0.0717519 0.0678573 0.0627774 0.0569547 0.0507315 0.0443525 0.0379887 0.0317695 0.025812 0.0202417 0.0152002 0.0108329 0.00725831 0.00452942
 0.00781594 0.0127639 0.019334 0.0274996 0.0369993 0.0471832 0.056984 0.065182 0.0708451 0.0736202 0.0736915 0.0715333 0.0676881 0.0626607 0.0568835 0.0506993 0.0443582 0.0380326 0.0318475 0.0259134 0.0203513 0.015303 0.0109181 0.00732125 0.00457101
 0.00770729 0.0126124 0.019152 0.0273123 0.0368356 0.0470614 0.0569021 0.0651189 0.0707735 0.0735227 0.0735717 0.0714149 0.067604 0.062638 0.0569326 0.0508135 0.0445204 0.0382238 0.0320515 0.0261165 0.0205411 0.0154682 0.0110508 0.00741869 0.00463597
 0.00777767 0.0126903 0.0192034 0.0272883 0.0366912 0.0467822 0.0565218 0.0647117 0.0704223 0.0732829 0.0734529 0.0713907 0.0676377 0.0627049 0.0570266 0.050939 0.0446804 0.0384135 0.032259 0.0263264 0.0207384 0.0156406 0.0111901 0.00752207 0.00470593
 0.00855576 0.0137989 0.0205803 0.0287715 0.0380584 0.0478186 0.0570817 0.064747 0.0699795 0.0724804 0.0724471 0.070336 0.0666508 0.0618486 0.0563171 0.0503676 0.0442324 0.038076 0.0320197 0.0261708 0.0206489 0.0155982 0.0111771 0.00752423 0.00471342
 0.0091639 0.0147814 0.0220371 0.0307634 0.0405613 0.0506714 0.0599601 0.0672099 0.0715965 0.0729845 0.0718259 0.0688104 0.064568 0.0595571 0.054083 0.0483491 0.0424974 0.0366361 0.0308596 0.025265 0.0199678 0.0151089 0.0108442 0.00731144 0.00458667
 0.00914753 0.0148371 0.0222738 0.0313344 0.0416263 0.0523312 0.0621907 0.0698279 0.0742759 0.0753224 0.0734405 0.0694456 0.0641654 0.0582641 0.0521893 0.0461858 0.0403466 0.034686 0.0292046 0.0239316 0.0189424 0.0143574 0.0103225 0.00697105 0.0043798
 0.00891608 0.0145055 0.0218627 0.0309059 0.0412853 0.0522174 0.062458 0.0706068 0.0756184 0.0771485 0.0755193 0.0714353 0.0657077 0.0590943 0.0522146 0.0454969 0.0391649 0.0332764 0.0277982 0.0226836 0.0179285 0.0135923 0.00978331 0.0066166 0.00416343
 0.00880556 0.0143054 0.0215272 0.0303889 0.0405638 0.0513237 0.0615046 0.0697829 0.0751475 0.0772198 0.0762193 0.0727049 0.0673427 0.0607931 0.053664 0.0464649 0.0395634 0.0331663 0.0273402 0.0220662 0.0173083 0.0130654 0.0093872 0.0063477 0.00399716
 0.00866669 0.0141036 0.0212658 0.0300809 0.0402216 0.0509471 0.0610799 0.0692996 0.0746286 0.0767454 0.075921 0.0727245 0.0677682 0.0616063 0.0547275 0.0475626 0.040476 0.0337473 0.0275557 0.0219839 0.0170495 0.012751 0.00910199 0.00613129 0.00385406
 0.00862592 0.0140256 0.0211283 0.0298601 0.0399022 0.0505352 0.0606095 0.0688245 0.0742017 0.0764014 0.0756776 0.0726009 0.0678019 0.061845 0.0551951 0.0482225 0.0412235 0.0344414 0.0280752 0.0222722 0.0171253 0.0126834 0.00897132 0.00599887 0.00375126
 0.00879761 0.0142677 0.0214232 0.0301654 0.0401595 0.0506861 0.060612 0.0686635 0.0738928 0.0759868 0.075216 0.0721544 0.0674257 0.0615843 0.0550847 0.0482793 0.0414324 0.0347474 0.0283952 0.0225259 0.0172667 0.0127131 0.00892431 0.0059203 0.00367578
 0.00881446 0.0143065 0.0215007 0.030299 0.0403568 0.0509312 0.0608578 0.0688406 0.0739337 0.0758555 0.0749248 0.071759 0.0670037 0.0612108 0.0548156 0.0481458 0.0414395 0.0348736 0.0285949 0.0227407 0.0174435 0.0128224 0.00896591 0.00591469 0.00364892
 0.0088015 0.0142791 0.0214494 0.0302144 0.0402362 0.0507856 0.0607138 0.0687316 0.0738823 0.0758582 0.074951 0.0717683 0.0669701 0.0611372 0.0547321 0.0480933 0.0414517 0.0349637 0.0287515 0.0229323 0.0176308 0.0129728 0.00906417 0.00596431 0.00366481
 0.00867387 0.0140968 0.0212211 0.0299629 0.0399903 0.0505688 0.0605373 0.0685965 0.0737886 0.0758113 0.0749594 0.0718339 0.0670803 0.0612686 0.0548622 0.0482134 0.0415694 0.0350945 0.0289054 0.0231053 0.0178055 0.0131271 0.00918168 0.00604033 0.00370569
 0.00863918 0.0140265 0.0210911 0.0297471 0.0396721 0.0501567 0.0600744 0.0681534 0.0734395 0.0756065 0.0749114 0.0719224 0.067269 0.0615189 0.0551408 0.0484945 0.0418367 0.0353421 0.0291348 0.0233185 0.0179999 0.0132946 0.00931369 0.00613329 0.00376315
 0.00854164 0.0138856 0.0209107 0.0295389 0.0394488 0.0499233 0.0598252 0.0678798 0.0731451 0.075318 0.0746753 0.0717876 0.0672654 0.0616465 0.0553727 0.0487906 0.0421575 0.0356577 0.0294269 0.0235784 0.0182234 0.0134789 0.00945682 0.00623574 0.00382951
 0.00860757 0.0140048 0.0211118 0.0298536 0.0399015 0.0505149 0.0605183 0.0685949 0.0737738 0.0757513 0.0748353 0.0716517 0.0668723 0.0610809 0.0547359 0.0481703 0.0416106 0.0352089 0.0290787 0.0233216 0.0180443 0.0133623 0.00938684 0.0061974 0.00381023
 0.0086487 0.014054 0.0211546 0.0298705 0.0398788 0.0504589 0.0604633 0.0685939 0.0738742 0.0759661 0.07513 0.0719538 0.0671006 0.0611783 0.0546893 0.0480087 0.0413869 0.0349766 0.0288757 0.0231657 0.0179373 0.0132965 0.0093514 0.00618132 0.00380469
 0.00863454 0.014038 0.0211427 0.0298695 0.0398916 0.0504794 0.0604755 0.0685808 0.0738322 0.0759151 0.0751072 0.0719931 0.0672093 0.0613286 0.0548314 0.0480971 0.0414011 0.0349259 0.0287883 0.0230722 0.017859 0.0132422 0.00931968 0.00616617 0.00379931
 0.0084717 0.0137794 0.0207664 0.0293639 0.0392622 0.0497574 0.0597223 0.0678816 0.0732761 0.075571 0.0750094 0.0721415 0.0675775 0.0618704 0.0554838 0.0487864 0.0420555 0.0354923 0.0292418 0.0234146 0.018108 0.0134194 0.00944365 0.0062503 0.00385362
 0.00867106 0.0140587 0.0211034 0.0297078 0.0395463 0.0499194 0.0597233 0.067715 0.0729661 0.075165 0.074568 0.0717267 0.0672418 0.0616485 0.0553881 0.0488058 0.0421594 0.0356395 0.0293928 0.0235423 0.0182019 0.013482 0.00948317 0.00627498 0.00386913
 0.00908766 0.0147572 0.0221869 0.0312668 0.0416159 0.0524237 0.0624372 0.0702842 0.0749968 0.0763461 0.0747607 0.0709829 0.0657584 0.0596936 0.0532321 0.0466738 0.040208 0.0339541 0.028001 0.0224342 0.0173491 0.0128501 0.00903667 0.00597779 0.00368509
 0.00875771 0.0142816 0.0215887 0.0306188 0.0410363 0.0520577 0.0624277 0.0707314 0.0759123 0.0776206 0.076175 0.0722699 0.0666915 0.0601557 0.0532336 0.0463216 0.0396504 0.0333306 0.027412 0.0219344 0.0169563 0.0125593 0.00883269 0.00584276 0.00360151
 0.00835826 0.0136215 0.0205815 0.0291947 0.0391784 0.0498498 0.0600888 0.0686003 0.0743679 0.0769644 0.0765305 0.0735446 0.0686129 0.0623613 0.0553788 0.0481634 0.0410817 0.0343609 0.028118 0.0224092 0.0172769 0.0127776 0.00898 0.00593862 0.00366026
 0.00876868 0.0142316 0.0213889 0.0301477 0.0401752 0.0507484 0.0607275 0.0688348 0.0741234 0.0762827 0.0755766 0.0725559 0.0678089 0.0618628 0.0551766 0.0481491 0.0411154 0.0343363 0.027995 0.0222061 0.0170415 0.0125563 0.00880125 0.00581098 0.00357839
#obs surv len freq
 nan nan nan nan nan nan nan nan nan nan nan nan nan nan nan nan nan nan nan nan nan nan nan nan nan
 0.00448842 0.00735125 0.0111823 0.0159987 0.0216983 0.0279718 0.0342834 0.0400125 0.0446904 0.0481534 0.0505111 0.0520071 0.0528997 0.0534125 0.0537271 0.0539823 0.0542611 0.0545539 0.0546927 0.0542847 0.0527228 0.0493551 0.043805 0.0362852 0.0276691
 0.00461657 0.00756323 0.0115076 0.0164659 0.0223275 0.0287636 0.0352082 0.0410081 0.0456719 0.0490303 0.0512054 0.0524645 0.0530939 0.0533446 0.0534205 0.0534749 0.0535966 0.0537753 0.053839 0.0533928 0.0518318 0.0485082 0.0430473 0.035655 0.0271874
 0.00477932 0.00782894 0.0119098 0.017037 0.0230931 0.0297327 0.0363625 0.0422954 0.0470096 0.0503171 0.0523361 0.0533439 0.0536493 0.0535337 0.0532355 0.0529395 0.052758 0.0526945 0.0525832 0.0520329 0.0504434 0.0471721 0.0418438 0.0346503 0.0264182
 0.00496948 0.00813982 0.0123809 0.0177063 0.0239897 0.0308659 0.0377097 0.043798 0.0485805 0.0518552 0.0537394 0.0545166 0.0545054 0.0540027 0.0532701 0.0525226 0.0519069 0.0514585 0.0510392 0.0502795 0.0485968 0.0453602 0.0401926 0.0332625 0.0253516
 0.00518142 0.00848682 0.0129078 0.0184563 0.0249969 0.0321415 0.0392292 0.0454957 0.0503585 0.0536017 0.0553454 0.0558852 0.055553 0.0546584 0.0534757 0.0522372 0.0511144 0.0501769 0.0493274 0.0482406 0.0463748 0.0431274 0.0381254 0.0315077 0.0239946
 0.00540281 0.00885077 0.0134631 0.0192513 0.0260703 0.0335079 0.040864 0.0473297 0.0522872 0.0555048 0.0571057 0.0573993 0.0567349 0.0554376 0.0537946 0.0520498 0.0503895 0.0489083 0.0475488 0.0460408 0.0439037 0.0405852 0.0357304 0.0294496 0.02239
 0.00565082 0.00925459 0.0140722 0.0201127 0.02722 0.0349582 0.0425885 0.0492577 0.0543121 0.0575035 0.058957 0.058996 0.0579879 0.0562758 0.054162 0.0519017 0.049692 0.0476447 0.0457358 0.0437501 0.0412782 0.0378351 0.0331003 0.0271624 0.0205907
 0.00588737 0.00964396 0.0146671 0.0209651 0.0283711 0.0364219 0.0443356 0.051211 0.0563584 0.0595162 0.0608164 0.0605999 0.0592528 0.0571347 0.0545607 0.0517956 0.049045 0.0464343 0.0439678 0.0414818 0.0386398 0.0350327 0.0303863 0.0247768 0.0186975
 0.00612768 0.0100376 0.0152653 0.0218179 0.029518 0.0378777 0.0460741 0.0531587 0.0584038 0.0615301 0.0626735 0.0621919 0.0604945 0.0579631 0.0549302 0.0516715 0.0483986 0.0452454 0.0422385 0.0392594 0.0360417 0.0322538 0.0276741 0.0223748 0.0167781
 0.0063612 0.0104207 0.0158481 0.0226493 0.0306364 0.0392956 0.0477636 0.0550456 0.0603783 0.0634678 0.0644551 0.0637148 0.0616768 0.0587433 0.0552648 0.05153 0.0477591 0.0440941 0.0405796 0.0371357 0.033559 0.0295913 0.0250647 0.0200523 0.0149128
 0.00661685 0.0108369 0.0164754 0.0235347 0.031814 0.0407718 0.0495021 0.0569626 0.0623544 0.0653713 0.0661642 0.0651308 0.0627277 0.0593811 0.0554606 0.0512674 0.0470286 0.0428925 0.0389178 0.0350571 0.0311614 0.0270385 0.0225705 0.0178332 0.0131286
 0.00683582 0.0112023 0.0170426 0.0243601 0.0329423 0.0422168 0.0512272 0.0588763 0.0643252 0.0672559 0.067833 0.0664827 0.0636932 0.05992 0.0555554 0.0509158 0.0462361 0.0416698 0.0372861 0.0330633 0.0288975 0.0246525 0.0202535 0.0157784 0.0114783
 0.00708082 0.0115977 0.0176325 0.0251845 0.0340306 0.0435766 0.0528314 0.0606555 0.066173 0.0690443 0.0694331 0.0677818 0.0646074 0.0603997 0.0555829 0.0504976 0.0453926 0.0404284 0.0356828 0.0311531 0.0267705 0.0224431 0.0181297 0.0139077 0.0099824
 0.00728834 0.011944 0.0181697 0.0259646 0.0350926 0.0449274 0.0544284 0.0624045 0.0679466 0.070711 0.0708801 0.068924 0.0653854 0.0607761 0.0555408 0.0500392 0.0445368 0.0392074 0.0341409 0.0293527 0.0248014 0.0204286 0.0162165 0.0122377 0.00865549
 0.00743826 0.0121905 0.0185466 0.0265067 0.0358312 0.0458806 0.0555898 0.0637346 0.0693724 0.0721351 0.0721955 0.0700299 0.0662012 0.0612481 0.0556423 0.0497653 0.0438993 0.0382318 0.0328679 0.0278426 0.0231398 0.0187275 0.0146043 0.0108347 0.00754408
 0.00753216 0.0123434 0.0187775 0.0268346 0.0362728 0.0464471 0.0562817 0.0645395 0.0702648 0.0730781 0.0731413 0.0709201 0.0669689 0.0618251 0.0559692 0.0498002 0.0436222 0.0376455 0.0319978 0.026738 0.0218764 0.017405 0.0133353 0.00972293 0.00666042
 0.0075738 0.0124049 0.018859 0.0269342 0.0363898 0.0465858 0.056455 0.0647673 0.0705691 0.0734755 0.0736357 0.0714969 0.0675923 0.0624394 0.0565049 0.0501848 0.0437931 0.0375618 0.0316481 0.0261444 0.0210947 0.0165189 0.0124434 0.00891831 0.00600896
 0.00765368 0.0125285 0.0190327 0.0271585 0.0366576 0.046882 0.0567571 0.06505 0.0708133 0.0736769 0.0738079 0.0716654 0.0677807 0.0626563 0.0567349 0.0503892 0.0439179 0.0375522 0.0314643 0.0257752 0.0205641 0.0158841 0.0117818 0.00830793 0.00550767
 0.00772285 0.0126357 0.0191841 0.0273557 0.0368969 0.0471538 0.0570448 0.0653305 0.0710608 0.0738698 0.0739361 0.071734 0.0678092 0.0626704 0.0567553 0.0504202 0.0439421 0.0375339 0.0313624 0.0255599 0.0202316 0.0154616 0.0113212 0.00786871 0.00513849
 0.00778743 0.0127349 0.0193226 0.0275337 0.0371098 0.0473924 0.0572954 0.0655754 0.0712805 0.0740465 0.0740573 0.0717951 0.0678141 0.0626315 0.0566906 0.0503466 0.0438677 0.0374522 0.0312532 0.0253993 0.0200052 0.0151756 0.0110031 0.00755816 0.0048718
 0.00781435 0.0127774 0.019384 0.0276159 0.0372129 0.0475139 0.0574294 0.0657133 0.0714125 0.0741642 0.0741545 0.0718679 0.0678603 0.0626509 0.0566853 0.0503216 0.0438282 0.0374 0.0311831 0.0253004 0.0198674 0.0149984 0.0108 0.00735342 0.00469076
 0.00785127 0.0128307 0.0194518 0.0276925 0.0372908 0.0475864 0.0574936 0.0657695 0.0714631 0.0742114 0.0741988 0.0719083 0.0678946 0.062676 0.0566985 0.0503209 0.0438131 0.03737 0.0311365 0.0252332 0.0197756 0.014882 0.0106664 0.00721703 0.0045681
 0.00787236 0.0128646 0.019502 0.0277609 0.0373761 0.0476831 0.0575906 0.0658531 0.0715213 0.0742391 0.0741999 0.0718928 0.0678734 0.0626564 0.0566825 0.0503065 0.0437962 0.0373462 0.031102 0.0251847 0.0197108 0.0148015 0.0105752 0.00712426 0.00448433
 0.00787416 0.0128638 0.0194941 0.0277402 0.0373383 0.0476282 0.0575252 0.065789 0.071471 0.0742112 0.0741968 0.071912 0.0679109 0.0627087 0.0567463 0.0503774 0.0438678 0.0374111 0.0311527 0.0252153 0.0197182 0.0147861 0.0105416 0.00708046 0.00443941
 0.00788735 0.0128819 0.0195151 0.0277594 0.037349 0.0476234 0.0574995 0.0657406 0.0714039 0.0741351 0.0741254 0.0718588 0.0678849 0.0627122 0.056776 0.0504265 0.0439282 0.0374743 0.0312104 0.0252603 0.0197454 0.0147941 0.0105328 0.00706038 0.00441494
 0.00788385 0.0128736 0.0194976 0.0277273 0.0372971 0.0475487 0.0574034 0.0656296 0.071288 0.074026 0.0740349 0.0717975 0.067861 0.0627297 0.0568335 0.0505169 0.0440404 0.0375951 0.0313273 0.0253625 0.0198257 0.0148492 0.0105639 0.0070724 0.00441464
 0.00789433 0.012889 0.0195174 0.0277495 0.0373176 0.0475618 0.0574024 0.0656079 0.0712417 0.0739563 0.0739484 0.0717056 0.0677772 0.0626666 0.0568001 0.0505172 0.0440722 0.0376512 0.0313969 0.0254341 0.0198892 0.014898 0.0105958 0.00708911 0.00442037
 0.00792041 0.012926 0.0195632 0.0277984 0.0373622 0.0475951 0.0574194 0.0656063 0.0712207 0.0739161 0.0738906 0.0716337 0.0676976 0.0625886 0.0567341 0.0504721 0.0440536 0.0376592 0.0314266 0.0254768 0.0199351 0.0149388 0.0106266 0.00710852 0.00443026
 0.00784667 0.0128163 0.0194171 0.027622 0.0371667 0.0473933 0.0572242 0.0654303 0.0710769 0.0738163 0.0738438 0.0716433 0.0677601 0.0626946 0.0568714 0.0506291 0.0442208 0.0378295 0.0315933 0.0256327 0.0200727 0.0150521 0.0107123 0.0071676 0.00446691
 0.00784787 0.0128039 0.0193726 0.0275216 0.0369895 0.0471343 0.0569025 0.0650876 0.0707643 0.0735773 0.0737024 0.071603 0.0678102 0.0628176 0.0570477 0.0508397 0.0444485 0.0380594 0.0318134 0.0258337 0.0202472 0.0151948 0.0108211 0.00724406 0.00451591
 0.00781731 0.0127582 0.0193105 0.0274419 0.0368887 0.0470036 0.0567294 0.0648624 0.0704907 0.0732793 0.0734225 0.071389 0.0676984 0.0628221 0.0571593 0.0510338 0.0446944 0.0383281 0.0320809 0.0260817 0.0204632 0.0153714 0.010956 0.0073394 0.00457778
 0.00780551 0.0127343 0.0192659 0.0273671 0.0367758 0.0468513 0.0565454 0.0646611 0.0702868 0.0730833 0.0732403 0.0712286 0.0675754 0.0627575 0.0571721 0.0511306 0.0448661 0.0385526 0.0323303 0.0263293 0.0206881 0.01556 0.0111023 0.00744408 0.00464648
 0.00776646 0.0126734 0.0191791 0.0272515 0.0366301 0.0466759 0.0563433 0.0644405 0.0700616 0.0728718 0.0730616 0.0710977 0.0675008 0.0627427 0.0572185 0.0512392 0.0450346 0.0387715 0.0325817 0.0265897 0.0209336 0.0157719 0.01127 0.00756575 0.00472712
 0.0077329 0.012618 0.0190943 0.0271305 0.036469 0.0464764 0.0561154 0.0642012 0.0698316 0.0726698 0.0729016 0.0709882 0.0674466 0.062746 0.0572791 0.0513544 0.0451994 0.0389781 0.0328178 0.026838 0.021174 0.0159855 0.0114437 0.0076946 0.00481402
 0.00932501 0.0148456 0.0217805 0.0298882 0.0388131 0.0480036 0.0566464 0.0638082 0.0687555 0.071199 0.0712811 0.069386 0.0659599 0.0614226 0.0561374 0.0503974 0.0444217 0.0383695 0.0323637 0.0265191 0.0209664 0.0158624 0.0113788 0.00766521 0.00480349
 0.00932545 0.0151392 0.0227384 0.0319684 0.0423609 0.0529813 0.0624623 0.0694129 0.0730136 0.0733362 0.0711402 0.0673678 0.0627472 0.0576886 0.0523786 0.0469061 0.0413371 0.03574 0.0301921 0.0247851 0.0196348 0.014886 0.0107006 0.00722273 0.00453448
 0.00897988 0.014598 0.0219837 0.0310544 0.0414659 0.0524419 0.0627322 0.0709 0.0758344 0.077134 0.0751302 0.0706343 0.0646243 0.0579906 0.0513685 0.0450797 0.0391898 0.0336331 0.0283294 0.0232504 0.01844 0.0140048 0.0100871 0.00682222 0.00429123
 0.00879041 0.014281 0.0214913 0.0303402 0.0405042 0.0512607 0.0614551 0.0697724 0.0752015 0.0773443 0.0763788 0.0728187 0.0673148 0.0605696 0.0532791 0.0460366 0.0392345 0.0330331 0.0274151 0.0222918 0.0175993 0.0133486 0.00961931 0.00651481 0.00410481
 0.00872233 0.0141628 0.0212984 0.0300426 0.0400701 0.0506653 0.060694 0.0688795 0.0742672 0.0765272 0.0758937 0.0728812 0.0680471 0.0619092 0.0549581 0.0476684 0.0404712 0.033698 0.0275373 0.02204 0.0171772 0.0129161 0.00926398 0.0062629 0.00394601
 0.0087045 0.0141291 0.0212384 0.029942 0.0399115 0.050431 0.060369 0.0684559 0.0737502 0.0759452 0.0753104 0.0724032 0.0678106 0.0620372 0.0554966 0.0485391 0.0414797 0.0346081 0.0281697 0.022336 0.0171937 0.0127689 0.00906559 0.0060857 0.0038187
 0.00868788 0.0141023 0.0211981 0.0298846 0.0398325 0.0503246 0.0602284 0.0682735 0.0735194 0.0756631 0.0749837 0.0720566 0.0674945 0.0618266 0.0554729 0.048754 0.0419189 0.0351804 0.0287386 0.0227783 0.0174492 0.0128508 0.00903371 0.0060071 0.00374038
 0.00868397 0.0140977 0.0211942 0.0298833 0.0398351 0.0503299 0.0602313 0.0682646 0.073486 0.0755918 0.074864 0.0718852 0.0672816 0.0616007 0.0552814 0.048653 0.041951 0.0353507 0.0290048 0.0230654 0.0176839 0.0129928 0.00908493 0.00599749 0.00370537
 0.00867441 0.0140818 0.02117 0.0298492 0.039791 0.0502783 0.0601774 0.0682154 0.0734469 0.0755634 0.0748398 0.0718542 0.0672324 0.0615291 0.055196 0.048577 0.0419164 0.0353839 0.0291109 0.0232221 0.0178501 0.0131289 0.00916979 0.00603319 0.00370847
 0.00865339 0.0140488 0.0211226 0.0297861 0.0397123 0.0501864 0.0600777 0.0681163 0.0733591 0.075497 0.0748019 0.0718453 0.0672464 0.061555 0.0552233 0.0486018 0.0419444 0.0354283 0.0291836 0.023324 0.0179679 0.0132407 0.00925663 0.00608723 0.00373379
 0.00864639 0.014037 0.0211038 0.0297582 0.0396736 0.0501361 0.0600171 0.068049 0.0732903 0.075433 0.074749 0.0718088 0.0672294 0.061557 0.0552405 0.0486287 0.0419774 0.0354678 0.0292333 0.0233869 0.0180414 0.0133159 0.00932214 0.00613501 0.00376238
 0.00862685 0.0140079 0.021065 0.0297112 0.0396209 0.0500804 0.0599606 0.0679935 0.0732379 0.0753862 0.0747108 0.0717826 0.067218 0.0615622 0.055262 0.0486641 0.042023 0.0355202 0.0292906 0.0234482 0.018105 0.0133778 0.00937677 0.00617748 0.00379087
 0.0086182 0.0139934 0.0210427 0.0296792 0.0395785 0.0500289 0.0599042 0.0679381 0.0731897 0.0753493 0.0746863 0.0717693 0.0672142 0.0615671 0.0552757 0.0486871 0.0420551 0.0355601 0.0293364 0.0234976 0.0181555 0.0134264 0.00941983 0.00621192 0.00381526
 0.00862491 0.0140026 0.0210531 0.0296884 0.0395834 0.0500263 0.0598916 0.0679151 0.0731576 0.0753117 0.0746477 0.0717342 0.0671858 0.0615468 0.0552639 0.0486839 0.0420604 0.0355738 0.0293578 0.0235251 0.0181869 0.0134587 0.00944976 0.00623688 0.00383377
 0.00859979 0.0139664 0.0210074 0.0296373 0.0395324 0.0499802 0.059853 0.0678839 0.0731327 0.0752921 0.0746338 0.0717274 0.0671879 0.061559 0.055286 0.0487143 0.0420971 0.0356146 0.0294008 0.0235686 0.018229 0.0134973 0.00948297 0.00626325 0.00385285
 0.00859979 0.0139664 0.0210074 0.0296373 0.0395324 0.0499802 0.059853 0.0678839 0.0731327 0.0752921 0.0746338 0.0717274 0.0671879 0.061559 0.055286 0.0487143 0.0420971 0.0356146 0.0294008 0.0235686 0.018229 0.0134973 0.00948297 0.00626325 0.00385285
 0.00855959 0.0138986 0.0209014 0.0294837 0.0393269 0.0497296 0.0595787 0.0676198 0.0729164 0.0751527 0.0745845 0.0717642 0.0672951 0.0617161 0.0554728 0.0489135 0.0422951 0.0358013 0.0295693 0.0237148 0.0183509 0.0135946 0.00955675 0.00631588 0.00388776
 0.00861457 0.0139832 0.0210191 0.0296323 0.0394972 0.0499037 0.0597309 0.0677216 0.0729452 0.0751014 0.0744646 0.0716017 0.0671199 0.0615529 0.0553363 0.0488091 0.0422217 0.0357546 0.0295438 0.0237049 0.0183516 0.0136015 0.00956643 0.00632565 0.00389598
 0.00906113 0.0146923 0.0220513 0.0310227 0.0412366 0.0519164 0.061857 0.0697274 0.0745694 0.0761247 0.074767 0.0711841 0.0660888 0.0600811 0.0536191 0.047026 0.0405138 0.0342165 0.0282277 0.02263 0.0175137 0.0129804 0.00913139 0.00603994 0.0037215
 0.00878597 0.0143088 0.0215943 0.0305702 0.0408957 0.0517947 0.0620341 0.0702329 0.0753714 0.0771277 0.075825 0.0721319 0.0667836 0.0604393 0.0536321 0.0467512 0.0400471 0.0336614 0.0276712 0.0221316 0.0171043 0.0126686 0.00891024 0.00589419 0.00363264
 0.00851129 0.0138337 0.020833 0.0294431 0.039369 0.0499335 0.0600371 0.0684115 0.0740649 0.0765891 0.0761384 0.0731969 0.0683644 0.0622451 0.0553952 0.0482813 0.0412513 0.034534 0.0282626 0.0225138 0.0173452 0.0128195 0.00900487 0.00595304 0.0036682
 0.00879238 0.0142471 0.0213694 0.0300536 0.0399638 0.0503906 0.0602242 0.0682249 0.0734796 0.0756957 0.075134 0.0723205 0.0678054 0.0620752 0.0555582 0.048637 0.041644 0.0348476 0.0284458 0.0225725 0.0173179 0.0127514 0.00893089 0.00589217 0.00362614
#pred catch len freq
 0.00310489 0.00506472 0.00768814 0.0110343 0.0151504 0.0200193 0.0255002 0.0313243 0.0371536 0.0426499 0.0475244 0.0515726 0.0547006 0.0569269 0.0583547 0.0591378 0.0594548 0.0594754 0.0592808 0.0587329 0.0573712 0.0544773 0.0493951 0.0419877 0.0329183
 0.00334307 0.005386 0.00805175 0.0113665 0.0153714 0.0200817 0.025414 0.0311497 0.0369623 0.0424841 0.0473807 0.0514215 0.054526 0.0567566 0.0582623 0.0592116 0.059749 0.0599655 0.0598484 0.0591954 0.0575505 0.0542787 0.0488514 0.041241 0.0321509
 0.00339598 0.00551744 0.00832775 0.0118613 0.0161308 0.0210762 0.0265142 0.0321544 0.037677 0.0428039 0.047323 0.0510905 0.054045 0.056221 0.0577366 0.0587501 0.0594041 0.059766 0.0597659 0.0591325 0.0573734 0.0538833 0.0482223 0.0404631 0.0313643
 0.00359062 0.005803 0.00870628 0.0123306 0.0167045 0.0218019 0.0274662 0.033387 0.0391572 0.0443704 0.0487164 0.0520519 0.0544231 0.0560205 0.0570868 0.0578313 0.0583825 0.0587578 0.0588225 0.05824 0.056473 0.0529153 0.0471762 0.0393986 0.0303862
 0.00374035 0.00606095 0.00911915 0.0129454 0.0175527 0.0228814 0.0287333 0.034772 0.0405951 0.0458186 0.0501337 0.053354 0.0554601 0.0566135 0.0571066 0.0572628 0.057328 0.0573847 0.0572929 0.0566637 0.0549007 0.0513674 0.0456828 0.038022 0.0292081
 0.00390359 0.00632103 0.00950362 0.013484 0.0182809 0.0238387 0.029952 0.0362545 0.0422928 0.0476265 0.0519106 0.0549559 0.0567635 0.057514 0.05751 0.0570934 0.0565607 0.056072 0.0555597 0.0546695 0.052799 0.0492874 0.0437352 0.0363062 0.0278052
 0.00412221 0.0066671 0.0100077 0.0141704 0.0191663 0.0249308 0.0312459 0.0377311 0.0439181 0.0493498 0.0536583 0.0566253 0.0582268 0.0586353 0.0581643 0.0571828 0.0560255 0.0549055 0.0538223 0.0524908 0.0503606 0.0467932 0.0413812 0.0342552 0.0261635
 0.00432467 0.00699766 0.0105083 0.0148823 0.0201238 0.0261503 0.0327138 0.0393979 0.0457044 0.0511618 0.0554035 0.0582206 0.0595956 0.0596983 0.0588336 0.0573636 0.0556313 0.0538816 0.0521728 0.050299 0.0477924 0.0440773 0.0387675 0.0319627 0.0243353
 0.00453502 0.00734033 0.0110268 0.0156211 0.0211247 0.0274431 0.0343021 0.0412459 0.0477313 0.0532479 0.0574072 0.0600025 0.0610408 0.0607274 0.0593951 0.0574167 0.0551316 0.0527862 0.0504657 0.0480271 0.0450923 0.0411733 0.0359329 0.0294542 0.0223288
 0.00482959 0.00780494 0.0117008 0.0165357 0.0223022 0.0288949 0.0360207 0.0431951 0.0498398 0.0554106 0.0594929 0.061868 0.0625506 0.0617724 0.0599032 0.0573492 0.0544702 0.051522 0.048605 0.0456179 0.0422574 0.0381243 0.0329432 0.0267951 0.0201941
 0.005081 0.00822487 0.0123536 0.0174882 0.0236105 0.0305824 0.0380571 0.0454891 0.0522541 0.0577885 0.0616842 0.0637424 0.0640017 0.0627177 0.0602843 0.0571308 0.0536371 0.050076 0.0465697 0.0430555 0.039295 0.0349683 0.0298607 0.0240547 0.0179925
 0.005346 0.00864606 0.0129725 0.0183448 0.0247454 0.0320342 0.0398499 0.0476101 0.0546308 0.0602808 0.0640987 0.06587 0.0656622 0.0637898 0.0607095 0.0568973 0.0527579 0.048577 0.0444921 0.0404743 0.0363422 0.0318467 0.0268262 0.0213636 0.0158321
 0.00559642 0.00904324 0.0135525 0.0191367 0.0257695 0.0332991 0.041347 0.0493109 0.0564877 0.0622281 0.0660489 0.0677083 0.0672488 0.0649778 0.0613727 0.0569523 0.0521716 0.0473597 0.0426898 0.0381718 0.0336761 0.0290133 0.0240652 0.0189115 0.0138612
 0.00584485 0.00943311 0.014114 0.0198911 0.0267284 0.034463 0.0427003 0.050816 0.0580852 0.0638435 0.0676028 0.0691239 0.0684532 0.0658972 0.0619289 0.0570664 0.0517773 0.0464197 0.0412107 0.0362148 0.0313643 0.0265296 0.0216316 0.0167439 0.0121162
 0.00609731 0.00982682 0.0146758 0.0206358 0.0276584 0.0355674 0.0439512 0.0521665 0.0594718 0.0651946 0.0688489 0.0702041 0.0693185 0.0665088 0.0622519 0.057063 0.0514043 0.0456367 0.0399985 0.0345983 0.0294304 0.0244292 0.0195574 0.0148874 0.010617
 0.00632557 0.0101925 0.0152159 0.0213807 0.0286258 0.0367525 0.0453168 0.0536394 0.0609518 0.0665736 0.0700311 0.07112 0.0699297 0.0668052 0.0622412 0.0567573 0.0508081 0.044744 0.0388028 0.0331137 0.0277149 0.0225951 0.0177584 0.0132817 0.00932219
 0.00636847 0.010286 0.0154013 0.0217136 0.0291657 0.0375444 0.0463713 0.05492 0.0623759 0.0680244 0.0713769 0.0722388 0.0707305 0.0672415 0.0623102 0.0564861 0.0502346 0.0439016 0.0377176 0.0318148 0.0262534 0.0210576 0.0162629 0.0119517 0.00825084
 0.00650695 0.010486 0.0156583 0.0220141 0.0295002 0.0379238 0.0468337 0.055519 0.0631518 0.0689729 0.072435 0.0732944 0.071653 0.0679163 0.0626636 0.0564926 0.0499087 0.0432815 0.0368505 0.0307523 0.0250569 0.0198065 0.0150531 0.0108799 0.00738903
 0.00656049 0.0105841 0.015825 0.0222746 0.0298712 0.0384008 0.0473853 0.056097 0.0637144 0.0695064 0.0729542 0.0738198 0.0721801 0.0683998 0.0630281 0.0566602 0.049826 0.0429325 0.0362548 0.0299559 0.0241244 0.0188168 0.0140926 0.0100293 0.006706
 0.00657979 0.0106049 0.0158385 0.0222708 0.0298467 0.0383687 0.0473785 0.0561584 0.0638779 0.0697801 0.0733193 0.0742449 0.0726366 0.0688645 0.0634724 0.0570389 0.0500803 0.043007 0.0361173 0.0296095 0.0236081 0.0181966 0.0134478 0.0094351 0.00621736
