SBPRF35
12.7214
Curr Bio
755483
B35
846501
F35
0.170723
FOFL
0.147363
OFL
89337.6
Bzero
3.63469e+006
#pred survey bio
 2.94897e+006 2.70704e+006 2.47239e+006 2.24856e+006 2.01744e+006 1.79362e+006 1.60595e+006 1.4118e+006 1.22342e+006 1.06605e+006 948129 858902 782672 722646 668445 631685 598396 579070 568713 553254 548668 537134 537889 546482 545499 546847 547097 553156 564559 575273 587847 594818 609770 611997 625435 632256 641991 641960 649675 649121 659645 678788 688723 688775 687535 687669 689746 735066 763555 804333 834682 847734 872218 877869 880555 863482 838674 831330 809686 790503 758931 2.58853e+007 1.54653e+007 1.57418e+007 1.67093e+007 1.81554e+007 1.97901e+007 2.13964e+007 2.28461e+007 2.40827e+007 2.50972e+007 2.59071e+007 2.65413e+007 2.70315e+007 2.74071e+007 2.76935e+007 2.79114e+007 2.80771e+007 2.82033e+007 2.82997e+007 2.83736e+007 2.84305e+007 2.84744e+007 2.85086e+007 2.85353e+007 2.85563e+007 2.85728e+007 2.85858e+007 2.85962e+007 2.86044e+007 2.8611e+007 2.86162e+007 2.86205e+007 2.86239e+007 2.86267e+007 2.86289e+007 2.86307e+007 2.86322e+007 2.86334e+007 2.86344e+007 2.86352e+007 2.86358e+007 2.86364e+007 2.86368e+007 2.86371e+007 2.86374e+007 2.86377e+007 2.86379e+007 2.8638e+007 2.86381e+007 2.86383e+007 2.86383e+007 2.86384e+007 2.86385e+007 2.86385e+007 2.86386e+007 2.86386e+007 2.86386e+007 2.86386e+007 2.86386e+007 2.86387e+007 2.86387e+007 2.86387e+007 2.86387e+007 2.86387e+007 2.86387e+007 2.86387e+007 2.86387e+007 2.86387e+007 2.86387e+007 2.86387e+007 2.86387e+007 2.86387e+007 2.86387e+007 2.86387e+007 2.86387e+007 2.86387e+007 2.86387e+007 2.86387e+007 2.86387e+007 2.86387e+007 2.86387e+007 2.86387e+007 2.86387e+007 2.86387e+007 2.86387e+007 2.86387e+007 2.86387e+007 2.86387e+007 2.86387e+007 2.86387e+007 2.86387e+007 2.86387e+007 2.86387e+007 2.86387e+007 2.86387e+007 2.86387e+007 2.86387e+007 2.86387e+007 2.86387e+007 2.86387e+007 0 0 0 0 0 0 0 0 0 0 0 0 0 0 0 0 0 0 0 0 0 0 0 0 0
#obs survey bio
 2.53466e+006 2.67558e+006 3.24528e+006 2.60726e+006 2.21672e+006 1.64844e+006 1.2379e+006 1.19883e+006 1.12329e+006 726942 768428 951860 634274 753457 809627 475344 557904 493308 561221 367384 652596 566151 430867 497107 654533 385726 505583 380602 559032 632307 559102 803326 569156 738366 489159 601929 534756 822234 645004 669239 510026 612315 734594 703102 575297 670496 565546 811687 777306 784835 856717 820457 751923 872806 953607 816229 1.2448e+006 736566 1.06528e+006 733390 713651
#pred catch bio
 266786 272962 275345 294475 300027 278665 293196 292736 266705 232096 206401 192988 175653 166566 147781 141622 126908 117388 120031 109453 113766 101869 95328.6 103621 101521 102531 97991.4 94722.2 96835.4 96403.7 101355 94315.8 104758 95467.3 102311 100747 109313 102702 109922 101294 96227.8 105859 114174 114286 112382 110511 75601.4 92737.3 84075.7 95074.1 110744 101343 117694 119294 134402 138042 120683 131536 127533 135052 119119 89337.6 101814 102421 107369 116136 126421 136533 145554 153111 159169 163871 167431 170076 172014 173416 174422 175138 175645 176002 176253 176428 176551 176636 176695 176736 176765 176785 176798 176808 176814 176819 176822 176824 176825 176826 176827 176827 176828 176828 176828 176828 176828 176828 176828 176828 176828 176829 176829 176829 176829 176829 176829 176829 176829 176829 176829 176829 176829 176829 176829 176829 176829 176829 176829 176829 176829 176829 176829 176829 176829 176829 176829 176829 176829 176829 176829 176829 176829 176829 176829 176829 176829 176829 176829 176829 176829 176829 176829 176829 176829 176829 176829 176829 176829 176829 176829 176829 176829 176829 176829 0 0 0 0 0 0 0 0 0 0 0 0 0 0 0 0 0 0 0 0 0 0 0 0 0
#obs catch bio
 233514 273991 276206 294004 299827 279331 296136 296006 270136 234802 209598 195400 176832 167535 147817 142894 128061 118031 120800 110411 115030 102064 95536.6 104135 101632 103383 98365.1 95289.3 97526.2 97238.4 102525 94526.2 105002 95166.3 102786 101399 109970 102918 110276 101299 96727.1 106738 114854 114390 112592 110987 75341.7 93154.3 84168.7 95349.7 111362 101516 118007 119425 134327 138036 119720 131129 126761 134689 119024
#pred cpue bio
 2.9032e+006 2.66253e+006 2.42969e+006 2.20712e+006 1.97694e+006 1.75399e+006 1.56698e+006 1.37416e+006 1.18764e+006 1.03207e+006 915514 827497 752695 694014 641198 605386 572969 554289 544387 529395 524986 514020 514976 523398 522450 523725 523955 529845 540865 551252 563621 570744 585712 588077 601078 607547 617033 617117 624736 624191 634255 652717 662470 662799 661795 661990 663994 708345 736510 776630 806407 819238 843343 849055 851889 835409 811327 804246 783032 764261 733826 2.50613e+007 1.49863e+007 1.51251e+007 1.5917e+007 1.72931e+007 1.89093e+007 2.05116e+007 2.19606e+007 2.3197e+007 2.42115e+007 2.50213e+007 2.56555e+007 2.61457e+007 2.65213e+007 2.68077e+007 2.70256e+007 2.71913e+007 2.73175e+007 2.74139e+007 2.74878e+007 2.75447e+007 2.75887e+007 2.76229e+007 2.76495e+007 2.76705e+007 2.7687e+007 2.77e+007 2.77104e+007 2.77186e+007 2.77252e+007 2.77305e+007 2.77347e+007 2.77381e+007 2.77409e+007 2.77431e+007 2.7745e+007 2.77464e+007 2.77476e+007 2.77486e+007 2.77494e+007 2.77501e+007 2.77506e+007 2.7751e+007 2.77514e+007 2.77517e+007 2.77519e+007 2.77521e+007 2.77522e+007 2.77524e+007 2.77525e+007 2.77526e+007 2.77526e+007 2.77527e+007 2.77527e+007 2.77528e+007 2.77528e+007 2.77528e+007 2.77529e+007 2.77529e+007 2.77529e+007 2.77529e+007 2.77529e+007 2.77529e+007 2.77529e+007 2.77529e+007 2.77529e+007 2.77529e+007 2.77529e+007 2.77529e+007 2.77529e+007 2.77529e+007 2.7753e+007 2.7753e+007 2.7753e+007 2.7753e+007 2.7753e+007 2.7753e+007 2.7753e+007 2.7753e+007 2.7753e+007 2.7753e+007 2.7753e+007 2.7753e+007 2.7753e+007 2.7753e+007 2.7753e+007 2.7753e+007 2.7753e+007 2.7753e+007 2.7753e+007 2.7753e+007 2.7753e+007 2.7753e+007 2.7753e+007 2.7753e+007 2.7753e+007 2.7753e+007 2.7753e+007 2.7753e+007 2.7753e+007 0 0 0 0 0 0 0 0 0 0 0 0 0 0 0 0 0 0 0 0 0 0 0 0 0
#obs cpue bio
 1.89897e+006 1.7736e+006 1.8395e+006 3.50705e+006 1.6765e+006 1.2389e+006 1.2253e+006 1.43928e+006 992860 1.29209e+006 721563 767012 1.07613e+006 670264 639640 478467 495294 681328 531846 523060 391951 706832 555536 519563 506117 434449 674090 572070 474428 372473 469721 639144 759244 611383 457205 449008 843852 514721 658980 673994 445862 585103 739281 893936 702748 669087 811584 548569 627044 750770 733718 794190 1.19512e+006 817740 1.06299e+006 897711 945282 752510 729897 775876 612541
#pred surv len freq
 0.00613691 0.00976497 0.014324 0.0196715 0.0256146 0.0318619 0.0379735 0.0434301 0.047816 0.0509632 0.0529473 0.0539782 0.0542951 0.0541116 0.0535979 0.0528791 0.0520423 0.0511369 0.0501385 0.0488743 0.0469656 0.0438878 0.0392049 0.0328886 0.0254955
 0.00629246 0.00998582 0.0146022 0.0199935 0.025983 0.0323198 0.0386093 0.0443463 0.0490671 0.0524991 0.054601 0.0555138 0.0554908 0.0548335 0.0538274 0.0526899 0.0515442 0.0504159 0.0492209 0.0477327 0.0455656 0.0422491 0.0374366 0.0311699 0.0240101
 0.00665421 0.0105295 0.0153363 0.0208932 0.0269945 0.0333735 0.039637 0.045302 0.0499475 0.0533466 0.0554756 0.0564401 0.0564134 0.0556188 0.0543159 0.0527643 0.0511695 0.049629 0.0480883 0.0463132 0.0439078 0.04042 0.0355518 0.0293883 0.0224896
 0.0070003 0.0110799 0.0161401 0.0219834 0.0283766 0.0350101 0.041435 0.0471169 0.0516138 0.0547266 0.056502 0.0571263 0.0568244 0.0558169 0.0543132 0.0525122 0.0505895 0.0486605 0.0467201 0.0445877 0.0419103 0.0382727 0.0334098 0.0274227 0.020849
 0.00739556 0.0116991 0.0170294 0.0231729 0.029878 0.0368124 0.0434929 0.049338 0.0538558 0.0568119 0.0582485 0.0583883 0.0575278 0.0559698 0.0539826 0.0517767 0.0494981 0.0472226 0.0449299 0.0424636 0.0395251 0.0357623 0.0309566 0.0252181 0.0190441
 0.00777882 0.0123074 0.0179177 0.0243825 0.0314307 0.0387003 0.0456664 0.0517008 0.0562733 0.059129 0.0603063 0.0600365 0.0586385 0.0564575 0.0538212 0.0510011 0.0481823 0.0454484 0.0427684 0.0399838 0.0368221 0.03298 0.0282839 0.022851 0.0171319
 0.0080264 0.0127117 0.0185301 0.0252541 0.0326048 0.0401992 0.0474761 0.0537611 0.0584811 0.0613516 0.0623985 0.0618534 0.0600467 0.0573439 0.054105 0.0506444 0.0471956 0.0438861 0.0407167 0.0375525 0.0341474 0.030232 0.0256594 0.0205424 0.0152798
 0.00828684 0.0131319 0.0191575 0.0261327 0.0337698 0.0416671 0.0492314 0.0557478 0.0606048 0.0634909 0.0644194 0.063623 0.061443 0.0582639 0.0544698 0.0504031 0.0463306 0.0424184 0.0387109 0.0351187 0.0314412 0.0274486 0.0230139 0.0182328 0.013442
 0.00862169 0.0136577 0.0199147 0.0271485 0.035056 0.0432166 0.051011 0.057693 0.062622 0.0654686 0.0662416 0.0651799 0.0626382 0.0590183 0.054723 0.0501135 0.0454772 0.0410069 0.0367835 0.0327665 0.0288108 0.0247354 0.0204369 0.0159909 0.0116676
 0.00901419 0.0142627 0.0207641 0.0282508 0.0363983 0.0447671 0.0527184 0.0594852 0.0644104 0.0671588 0.0677448 0.0664193 0.0635502 0.0595517 0.0548369 0.0497769 0.0446698 0.0397246 0.0350506 0.0306503 0.0264336 0.022272 0.01809 0.0139473 0.0100518
 0.00922879 0.0146152 0.0213004 0.0290144 0.0374187 0.0460446 0.0542102 0.0611041 0.0660418 0.0686882 0.0690789 0.0674937 0.0643248 0.0600007 0.0549411 0.0495186 0.0440331 0.0387009 0.0336502 0.0289185 0.0244647 0.0202103 0.0161097 0.012213 0.00867571
 0.00932475 0.0147739 0.0215458 0.0293738 0.0379222 0.0467199 0.0550738 0.0621498 0.0672319 0.0699511 0.070318 0.0686054 0.0652195 0.0606164 0.0552443 0.0494955 0.0436788 0.0380151 0.0326427 0.027623 0.0229531 0.0185972 0.0145381 0.0108221 0.00756388
 0.00945783 0.0149782 0.0218313 0.0297436 0.0383747 0.0472522 0.0556834 0.0628331 0.0679815 0.0707511 0.0711389 0.0694009 0.0659283 0.0611716 0.0555861 0.049581 0.0434853 0.0375373 0.031891 0.026628 0.0217737 0.0173251 0.0132884 0.00970854 0.00666886
 0.0095219 0.0150849 0.0219964 0.0299824 0.0386982 0.0476616 0.0561654 0.063362 0.0685266 0.0712873 0.0716521 0.0698846 0.0663736 0.0615579 0.0558783 0.0497349 0.0434576 0.0372965 0.0314255 0.0259515 0.0209295 0.0163861 0.0123474 0.00885857 0.00597892
 0.00973898 0.0154027 0.02241 0.0304664 0.0392156 0.0481784 0.0566601 0.0638245 0.0689501 0.0716613 0.0719616 0.0701162 0.0665215 0.0616248 0.0558688 0.0496468 0.043277 0.0370016 0.0309969 0.0253851 0.0202466 0.0156355 0.011598 0.00818211 0.00542944
 0.00981952 0.0155362 0.0226145 0.0307563 0.0395953 0.048633 0.0571511 0.0642967 0.0693499 0.0719563 0.0721493 0.0702162 0.0665596 0.0616196 0.0558272 0.0495656 0.0431456 0.0368037 0.0307152 0.0250094 0.0197833 0.0151135 0.0110651 0.00769211 0.00502573
 0.00986002 0.0156046 0.0227225 0.0309177 0.039824 0.0489393 0.0575351 0.0647421 0.069821 0.072402 0.072515 0.0704602 0.0666659 0.0615996 0.0557099 0.0493823 0.042918 0.0365398 0.0304124 0.0246622 0.0193932 0.0146957 0.010649 0.00731362 0.00471491
 0.00992681 0.0156906 0.0228111 0.0309819 0.0398369 0.0488897 0.0574389 0.0646411 0.0697675 0.0724375 0.0726532 0.070682 0.0669284 0.0618529 0.055914 0.0495159 0.0429769 0.0365288 0.0303372 0.0245272 0.0192045 0.0144666 0.0104019 0.00707624 0.00451228
 0.00999078 0.0157823 0.0229252 0.0311032 0.0399411 0.0489477 0.0574241 0.0645386 0.0695849 0.0722098 0.0724375 0.0705385 0.0668968 0.0619375 0.0560848 0.0497239 0.0431736 0.0366791 0.0304227 0.0245432 0.0191561 0.0143668 0.0102703 0.00693632 0.00438532
 0.0100344 0.0158605 0.0230553 0.031303 0.0402216 0.049302 0.0578192 0.0649168 0.069878 0.0723613 0.0724227 0.0703735 0.0666328 0.0616412 0.0558147 0.0495125 0.043023 0.0365698 0.0303284 0.0244426 0.0190391 0.0142345 0.0101323 0.00680586 0.00427465
 0.00985076 0.0155933 0.0227126 0.0309152 0.0398363 0.0489736 0.0575971 0.0648356 0.0699482 0.0725637 0.0727106 0.0706871 0.0669194 0.0618731 0.055993 0.049657 0.0431552 0.0366994 0.03045 0.024542 0.019103 0.0142581 0.0101209 0.00677205 0.0042328
 0.00996637 0.0157401 0.0228587 0.0310086 0.0398232 0.0488254 0.057331 0.0645134 0.0696532 0.0723678 0.0726491 0.0707515 0.0670683 0.062052 0.0561559 0.0497794 0.0432356 0.03675 0.0304841 0.0245658 0.0191155 0.0142559 0.0101036 0.00674407 0.00420134
 0.0100553 0.0158671 0.0230155 0.0311714 0.0399533 0.0488748 0.0572525 0.0642769 0.0692644 0.0718794 0.0721535 0.0703517 0.06684 0.0620181 0.0562863 0.0500126 0.0435069 0.0370114 0.0307101 0.0247476 0.0192528 0.0143514 0.0101625 0.0067736 0.00421094
 0.00998267 0.0157657 0.0228932 0.0310446 0.0398405 0.0487858 0.057181 0.0641995 0.0691494 0.0717024 0.071913 0.0700784 0.066592 0.0618619 0.0562694 0.0501448 0.0437586 0.0373294 0.0310387 0.0250453 0.0194964 0.014534 0.0102878 0.00685158 0.004254
 0.0100433 0.0158521 0.0230013 0.0311642 0.0399598 0.0488973 0.0572838 0.0642955 0.0692341 0.0717578 0.0719093 0.0699873 0.0664043 0.0615994 0.0559824 0.0498936 0.0435897 0.0372594 0.0310539 0.0251136 0.0195837 0.0146152 0.01035 0.00689227 0.00427674
 0.0100042 0.0158022 0.0229508 0.03113 0.0399589 0.0489385 0.0573619 0.0643935 0.0693318 0.07184 0.0719682 0.0700175 0.0663979 0.0615481 0.0558858 0.0497669 0.0434624 0.0371635 0.0310094 0.0251212 0.0196279 0.0146744 0.0104059 0.00693495 0.00430424
 0.0100495 0.0158609 0.0230123 0.0311772 0.0399758 0.0489197 0.057319 0.0643508 0.0693137 0.0718582 0.0720164 0.0700762 0.0664451 0.0615668 0.0558673 0.0497119 0.0433813 0.0370749 0.0309343 0.0250748 0.0196141 0.0146858 0.0104299 0.00696009 0.00432388
 0.010114 0.0159509 0.0231194 0.0312831 0.0400549 0.048947 0.0572771 0.0642372 0.0691441 0.0716649 0.0718396 0.069951 0.0663884 0.0615732 0.0559148 0.0497738 0.0434367 0.0371149 0.0309611 0.0250967 0.0196389 0.0147162 0.0104631 0.00699083 0.00434801
 0.0100349 0.0158416 0.0229901 0.0311537 0.0399477 0.048875 0.0572367 0.0642091 0.0691041 0.0715978 0.0717487 0.0698578 0.0663236 0.061563 0.0559697 0.049885 0.043582 0.0372687 0.0311039 0.0252191 0.0197395 0.0147976 0.0105277 0.00704001 0.00438287
 0.00989907 0.0156397 0.0227224 0.0308349 0.0396057 0.0485461 0.0569596 0.0640172 0.0690165 0.0716117 0.0718404 0.0699934 0.0664748 0.0617173 0.05613 0.0500599 0.0437749 0.0374729 0.0313054 0.0254031 0.0198958 0.0149223 0.0106218 0.0071072 0.00442783
 0.00966318 0.0152872 0.0222502 0.0302619 0.0389689 0.0478939 0.0563459 0.0634979 0.068644 0.0714252 0.0718556 0.0701967 0.066827 0.0621654 0.0566225 0.0505578 0.0442544 0.0379209 0.0317125 0.0257602 0.0201949 0.0151591 0.0107981 0.0072297 0.00450695
 0.00958938 0.0151576 0.0220385 0.0299404 0.0385187 0.0473183 0.0556815 0.0628137 0.0680254 0.0709511 0.07158 0.0701407 0.066981 0.0624952 0.0570783 0.0510843 0.0448014 0.0384493 0.0321964 0.0261836 0.020549 0.0154403 0.0110082 0.00737624 0.00460156
 0.009576 0.0151198 0.0219511 0.0297686 0.0382242 0.0468722 0.0550778 0.0620794 0.0672225 0.0701692 0.0709199 0.0696929 0.066804 0.0626029 0.0574401 0.0516374 0.0454679 0.0391535 0.0328757 0.0267937 0.0210637 0.0158491 0.0113128 0.00758785 0.00473763
 0.00976247 0.0153947 0.0223111 0.030188 0.0386572 0.0472586 0.0553504 0.0621734 0.0670897 0.0697953 0.0703369 0.0689788 0.0660661 0.0619515 0.0569607 0.0513725 0.0454137 0.0392692 0.0331019 0.0270698 0.0213401 0.0160925 0.0115064 0.00772835 0.00483072
 0.00974642 0.0153824 0.0223173 0.0302332 0.0387597 0.0474227 0.0555572 0.0623801 0.0672391 0.0698325 0.0702259 0.0687146 0.0656794 0.0615041 0.0565324 0.0510397 0.0452283 0.0392462 0.0332193 0.027281 0.0215908 0.0163361 0.0117124 0.00788346 0.00493583
 0.0096367 0.0152312 0.0221406 0.0300647 0.0386434 0.0473997 0.0556526 0.0625937 0.0675429 0.0701733 0.0705348 0.0689227 0.065738 0.061401 0.0562968 0.0507343 0.044929 0.0390188 0.0331006 0.0272728 0.0216666 0.0164564 0.0118399 0.00799297 0.00501645
 0.00953806 0.0150727 0.0219073 0.0297484 0.0382498 0.0469567 0.0552144 0.0622343 0.0673355 0.070164 0.0707232 0.0692608 0.0661454 0.0617917 0.0566049 0.050932 0.0450293 0.0390632 0.0331381 0.0273384 0.0217711 0.0165879 0.0119755 0.0081114 0.00510596
 0.00955126 0.01509 0.0219248 0.029758 0.0382391 0.0469106 0.0551197 0.062087 0.0671488 0.0699713 0.0705716 0.0691931 0.0661807 0.0619142 0.0567704 0.0510874 0.0451361 0.0391112 0.0331442 0.0273328 0.0217797 0.0166213 0.0120284 0.00817036 0.00515813
 0.00955701 0.0150909 0.0219108 0.0297146 0.0381515 0.0467696 0.0549262 0.0618528 0.0668935 0.0697189 0.0703487 0.0690288 0.0661035 0.0619427 0.0569032 0.0512987 0.045383 0.0393504 0.0333475 0.0274934 0.021906 0.0167257 0.0121183 0.00824641 0.00521789
 0.00973478 0.015351 0.0222478 0.030103 0.0385505 0.0471325 0.0552091 0.0620207 0.0669246 0.0696087 0.0701125 0.0686998 0.0657265 0.0615667 0.0565716 0.0510403 0.0452059 0.0392431 0.0332877 0.0274599 0.0218861 0.0167155 0.0121177 0.00825402 0.00523009
 0.00975251 0.0153878 0.0223169 0.0302195 0.0387245 0.0473597 0.0554653 0.0622636 0.0671062 0.0696914 0.0700805 0.0685614 0.0655091 0.0613076 0.0563101 0.0508103 0.0450305 0.0391307 0.0332322 0.0274455 0.0218956 0.0167353 0.01214 0.00827528 0.00524838
 0.00951374 0.0150439 0.0218823 0.0297377 0.0382585 0.0469746 0.0552114 0.0621669 0.0671654 0.0698791 0.0703498 0.0688587 0.0657885 0.0615426 0.056496 0.0509594 0.0451619 0.0392611 0.0333699 0.0275885 0.0220347 0.0168598 0.0122421 0.00835204 0.00530155
 0.00933627 0.0147707 0.0215012 0.029252 0.0376908 0.0463697 0.0546363 0.061702 0.0668848 0.0698266 0.0705228 0.06921 0.0662442 0.0620259 0.0569475 0.0513469 0.0454796 0.0395204 0.0335878 0.0277785 0.0222021 0.0170035 0.0123587 0.00843976 0.00536214
 0.00935077 0.0147778 0.0214816 0.0291774 0.0375313 0.0461064 0.0542729 0.0612709 0.0664433 0.0694446 0.0702656 0.0691201 0.0663286 0.0622547 0.0572651 0.0516919 0.0458034 0.0397969 0.0338121 0.0279582 0.0223476 0.017122 0.0124531 0.00851124 0.00541227
 0.00938837 0.0148349 0.0215589 0.0292697 0.0376251 0.046178 0.05429 0.0611999 0.0662629 0.06916 0.0699148 0.0687665 0.0660416 0.0620866 0.0572352 0.0517835 0.0459753 0.0400016 0.0340115 0.0281312 0.0224881 0.0172319 0.0125368 0.00857267 0.00545484
 0.00943812 0.0149075 0.0216526 0.0293777 0.0377372 0.0462831 0.0543768 0.0612556 0.0662714 0.0691029 0.0697788 0.0685537 0.0657767 0.0618149 0.0570087 0.0516424 0.045934 0.0400469 0.0341125 0.0282539 0.0226065 0.0173321 0.0126144 0.00862883 0.00549292
 0.00949012 0.0149849 0.0217556 0.0295013 0.0378718 0.0464164 0.0544955 0.061347 0.0663244 0.0691093 0.069733 0.0684527 0.0656225 0.0616179 0.0567918 0.0514381 0.0457753 0.0399549 0.0340894 0.0282842 0.0226667 0.0174 0.0126753 0.00867609 0.00552578
 0.00917705 0.0145075 0.0210968 0.0286686 0.0368973 0.0453543 0.0534216 0.0603542 0.0655118 0.0685624 0.0695052 0.0685542 0.0660207 0.0622483 0.0575745 0.0522965 0.0466486 0.0408016 0.0348815 0.0289999 0.023286 0.0179073 0.0130643 0.00895278 0.005707
 0.00917502 0.0144793 0.0210086 0.0284743 0.0365511 0.0448304 0.0527313 0.0595508 0.0646791 0.0677953 0.0688903 0.068157 0.0658775 0.0623628 0.0579184 0.052817 0.047281 0.0414827 0.0355585 0.0296326 0.0238454 0.018374 0.0134286 0.00921649 0.00588247
 0.00908504 0.0143426 0.0208193 0.0282288 0.0362433 0.0444469 0.0522524 0.0589612 0.0639851 0.0670386 0.0681489 0.0675296 0.0654574 0.0622133 0.0580596 0.053225 0.0478977 0.042231 0.0363578 0.0304114 0.0245486 0.0189655 0.0138919 0.00955245 0.00610657
 0.00895398 0.0141535 0.0205788 0.027958 0.0359707 0.0441965 0.0520332 0.0587629 0.0637806 0.0667948 0.0678426 0.0671644 0.0650732 0.0618801 0.0578565 0.053213 0.0480997 0.0426263 0.0368911 0.0310103 0.0251415 0.0194955 0.0143237 0.00987403 0.00632506
 0.00891187 0.0140881 0.0204868 0.0278402 0.0358338 0.0440543 0.0519055 0.0586697 0.0637317 0.0667801 0.0678301 0.0671106 0.0649441 0.0616714 0.0576028 0.052979 0.0479568 0.0426251 0.0370439 0.0312897 0.0254936 0.0198596 0.0146498 0.0101327 0.00650857
 0.0087928 0.0139043 0.0202287 0.0275061 0.0354308 0.0435993 0.0514271 0.0582083 0.0633357 0.0664948 0.0676847 0.0671075 0.0650561 0.0618525 0.0578077 0.0531835 0.0481664 0.0428661 0.0373431 0.031654 0.0259021 0.0202715 0.0150211 0.0104317 0.00672397
 0.00871816 0.0137971 0.0200931 0.0273538 0.0352764 0.043453 0.0512903 0.0580747 0.0631976 0.0663514 0.0675459 0.0669915 0.0649817 0.061829 0.057831 0.0532402 0.0482448 0.0429662 0.0374763 0.0318323 0.0261257 0.0205226 0.0152696 0.010648 0.00688974
 0.00862285 0.013653 0.0198972 0.0271119 0.0350028 0.0431696 0.0510229 0.0578494 0.0630334 0.0662543 0.0675082 0.066998 0.0650192 0.061892 0.0579199 0.0533564 0.0483865 0.0431299 0.0376598 0.0320361 0.0263478 0.0207536 0.0154921 0.0108421 0.00704099
 0.00860078 0.0136235 0.0198644 0.0270832 0.0349866 0.0431712 0.0510422 0.0578808 0.0630685 0.0662847 0.0675264 0.0669974 0.0649942 0.0618403 0.0578455 0.0532701 0.0483039 0.0430662 0.0376272 0.0320414 0.0263922 0.0208308 0.015589 0.0109416 0.00712795
 0.00873682 0.0138177 0.0201069 0.0273488 0.0352425 0.0433896 0.0512099 0.0579983 0.063143 0.066321 0.0675231 0.0669487 0.0648949 0.0616899 0.05765 0.0530425 0.048062 0.0428313 0.0374199 0.0318782 0.0262821 0.0207736 0.0155757 0.0109572 0.00715648
 0.00876085 0.0138576 0.0201676 0.0274328 0.0353464 0.0435008 0.051306 0.0580538 0.0631403 0.0662609 0.0674258 0.0668439 0.0648067 0.0616273 0.0576075 0.0530072 0.0480236 0.0427868 0.0373746 0.0318419 0.0262639 0.0207777 0.0155994 0.0109927 0.00719412
 0.00877933 0.0138986 0.0202493 0.0275782 0.0355766 0.0438244 0.0517089 0.0584961 0.0635628 0.0665999 0.0676307 0.0668908 0.0647036 0.0614075 0.057315 0.052682 0.0476941 0.0424706 0.0370837 0.0315869 0.0260544 0.0206199 0.0154928 0.0109301 0.00716366
 0.00846059 0.0134499 0.0197035 0.0270114 0.0350899 0.0435116 0.051629 0.0586611 0.0639416 0.0671291 0.0682278 0.0674695 0.0651903 0.0617569 0.0575159 0.0527531 0.0476704 0.0423895 0.0369764 0.031476 0.0259552 0.0205417 0.0154393 0.0108996 0.00715059
 0.0080214 0.0127954 0.0188319 0.0259674 0.0339617 0.0424192 0.0507091 0.0580465 0.0637318 0.0673587 0.0688506 0.0683703 0.0662202 0.0627731 0.0584124 0.0534727 0.0482023 0.0427561 0.0372158 0.0316279 0.0260521 0.0206063 0.0154854 0.0109344 0.00717714
#obs surv len freq
 0.0049606 0.00812706 0.0123649 0.0176887 0.023973 0.0308525 0.037701 0.0437941 0.0485794 0.051854 0.0537351 0.0545082 0.0544942 0.0539924 0.0532645 0.0525241 0.0519156 0.0514729 0.0510571 0.0502989 0.0486163 0.0453786 0.0402089 0.0332761 0.0253619
 0.00517706 0.00847875 0.0128939 0.0184346 0.024966 0.0321023 0.0391853 0.0454534 0.0503244 0.0535803 0.0553373 0.0558874 0.055561 0.0546684 0.0534864 0.0522497 0.0511306 0.0501982 0.0493538 0.0482707 0.0464063 0.0431581 0.038153 0.0315307 0.0240122
 0.00539667 0.00884033 0.0134465 0.0192265 0.026035 0.0334609 0.0408054 0.0472624 0.0522167 0.0554389 0.0570526 0.0573655 0.056723 0.0554459 0.0538186 0.0520846 0.0504314 0.0489556 0.0476008 0.0460964 0.0439608 0.0406408 0.0357808 0.0294918 0.0224223
 0.0056441 0.00924454 0.0140587 0.0200958 0.0272001 0.0349349 0.0425609 0.0492244 0.0542722 0.0574575 0.0589079 0.058949 0.0579494 0.0562518 0.0541558 0.0519134 0.0497188 0.0476828 0.045782 0.0438014 0.0413318 0.037888 0.0331488 0.0272035 0.0206224
 0.00588951 0.00964585 0.0146671 0.0209608 0.0283601 0.0364031 0.0443098 0.0511807 0.0563262 0.0594837 0.060784 0.0605672 0.0592206 0.0571057 0.0545393 0.0517862 0.0490502 0.0464543 0.0440005 0.0415237 0.0386869 0.0350807 0.0304312 0.0248153 0.0187274
 0.00612555 0.0100362 0.0152667 0.0218248 0.0295326 0.0378998 0.0461001 0.0531824 0.0584186 0.0615317 0.0626609 0.0621673 0.0604613 0.0579251 0.0548915 0.0516364 0.0483715 0.0452298 0.0422359 0.039269 0.0360606 0.032278 0.0276996 0.022398 0.0167969
 0.00636541 0.0104266 0.0158557 0.0226581 0.0306465 0.039308 0.0477801 0.0550678 0.0604059 0.0634972 0.06448 0.0637286 0.061675 0.0587254 0.0552338 0.0514913 0.0477189 0.0440583 0.0405525 0.0371196 0.0335535 0.0295943 0.0250729 0.0200623 0.0149222
 0.00663654 0.0108691 0.0165242 0.0236034 0.0319036 0.04088 0.0496214 0.0570813 0.0624598 0.0654525 0.0662149 0.0651487 0.062713 0.0593361 0.0553894 0.0511761 0.0469252 0.0427859 0.0388161 0.0349664 0.0310852 0.0269781 0.0225251 0.0178009 0.013107
 0.00685537 0.0112328 0.0170862 0.0244182 0.0330155 0.0423044 0.0513273 0.0589844 0.0644339 0.0673555 0.0679132 0.0665348 0.0637117 0.0599036 0.0555066 0.0508395 0.0461395 0.0415612 0.0371743 0.0329565 0.0288022 0.0245729 0.020191 0.0157325 0.011447
 0.00705403 0.0115586 0.0175819 0.0251264 0.0339711 0.0435226 0.0527898 0.0606323 0.0661731 0.0690707 0.0694854 0.067855 0.0646923 0.0604843 0.055656 0.0505507 0.0454218 0.0404349 0.0356712 0.0311303 0.0267436 0.0224178 0.0181094 0.0138933 0.00997336
 0.00727462 0.0119174 0.0181222 0.0258873 0.0349793 0.0447796 0.0542588 0.0622362 0.0678064 0.0706211 0.0708523 0.0689581 0.0654717 0.0608991 0.0556827 0.0501825 0.0446674 0.039316 0.0342242 0.0294123 0.0248422 0.0204561 0.0162356 0.0122515 0.00866551
 0.00743366 0.0121821 0.0185316 0.0264814 0.0357901 0.0458178 0.0555001 0.0636172 0.0692338 0.0719909 0.0720677 0.0699416 0.0661684 0.0612751 0.0557213 0.0498801 0.0440304 0.0383616 0.0329835 0.0279371 0.023212 0.0187801 0.0146413 0.0108601 0.00756107
 0.00753418 0.0123462 0.0187807 0.0268374 0.0362736 0.046443 0.056269 0.0645131 0.07022 0.0730124 0.0730568 0.070826 0.0668806 0.06176 0.055941 0.0498139 0.0436727 0.0377204 0.0320819 0.0268183 0.0219443 0.0174573 0.0133727 0.0097481 0.00667649
 0.00761616 0.0124737 0.0189619 0.0270772 0.0365743 0.0468052 0.0566921 0.0649945 0.0707543 0.0735901 0.0736618 0.0714314 0.0674471 0.0622383 0.0562785 0.0499635 0.0436002 0.0374093 0.0315365 0.0260667 0.0210408 0.0164805 0.0124149 0.00889711 0.00599382
 0.0076712 0.0125586 0.0190814 0.0272323 0.0367625 0.0470213 0.0569285 0.0652437 0.0710116 0.0738567 0.0739445 0.0717373 0.0677754 0.0625735 0.0565876 0.0502007 0.0437158 0.0373614 0.0313017 0.0256476 0.02047 0.0158175 0.0117357 0.00827653 0.00548695
 0.00773176 0.0126525 0.0192137 0.0274043 0.0369708 0.047257 0.0571773 0.0654871 0.0712312 0.0740402 0.0740898 0.0718533 0.0678774 0.0626754 0.0566933 0.0502978 0.0437762 0.0373477 0.0311792 0.025398 0.0201005 0.0153631 0.0112515 0.00782209 0.00510888
 0.00776437 0.0127003 0.0192762 0.0274779 0.0370502 0.0473377 0.0572567 0.0655649 0.0713083 0.0741174 0.0741677 0.0719327 0.0679603 0.0627647 0.0567908 0.0504 0.04387 0.0374096 0.0311804 0.0253141 0.0199232 0.0151071 0.0109519 0.0075233 0.00484993
 0.0078108 0.012769 0.0193668 0.0275851 0.0371648 0.0474483 0.0573522 0.0656365 0.0713514 0.0741336 0.0741643 0.0719208 0.0679508 0.0627655 0.0568058 0.0504285 0.0439058 0.0374396 0.0311857 0.0252747 0.0198264 0.0149546 0.010762 0.00732503 0.004672
 0.00783646 0.0128092 0.0194241 0.0276602 0.0372554 0.0475482 0.057451 0.0657209 0.071409 0.0741571 0.0741547 0.0718867 0.0679056 0.0627229 0.056776 0.0504162 0.0439092 0.037451 0.0311919 0.0252603 0.019779 0.0148703 0.0106489 0.00720032 0.00455539
 0.00787889 0.0128711 0.0195043 0.027753 0.0373527 0.0476418 0.0575348 0.0657904 0.0714606 0.0741869 0.0741594 0.0718653 0.0678612 0.0626632 0.0567117 0.0503576 0.0438632 0.0374183 0.0311671 0.0252336 0.01974 0.0148132 0.0105752 0.0071187 0.0044778
 0.00791181 0.0129243 0.0195834 0.0278616 0.0374902 0.0478012 0.0577007 0.0659418 0.0715762 0.0742526 0.0741717 0.07183 0.0677891 0.0625663 0.0566014 0.0502445 0.0437565 0.0373244 0.0310879 0.0251661 0.0196782 0.0147516 0.0105117 0.00705585 0.00442101
 0.00788832 0.0128868 0.0195284 0.0277877 0.0373994 0.0477007 0.0576036 0.0658645 0.0715335 0.0742516 0.0742097 0.0718966 0.0678711 0.0626521 0.0566829 0.0503173 0.043819 0.0373767 0.0311304 0.0251984 0.0196986 0.0147584 0.0105052 0.0070393 0.00439963
 0.00788807 0.0128793 0.0195042 0.0277342 0.0373047 0.0475598 0.0574233 0.0656649 0.0713436 0.0741014 0.0741222 0.0718823 0.0679265 0.0627622 0.056827 0.0504747 0.0439732 0.0375167 0.0312503 0.0252954 0.0197719 0.0148084 0.0105341 0.00705126 0.00440024
 0.00788587 0.0128742 0.0194934 0.0277131 0.0372667 0.0474968 0.0573277 0.065533 0.0711797 0.0739208 0.07395 0.0717476 0.0678536 0.0627631 0.0568981 0.0505997 0.0441293 0.0376815 0.0314056 0.0254296 0.0198791 0.0148873 0.0105868 0.00708212 0.00441529
 0.00790505 0.0129028 0.0195315 0.0277585 0.0373151 0.0475416 0.0573605 0.0655436 0.0711579 0.0738594 0.0738489 0.0716166 0.0677123 0.0626363 0.0568087 0.0505611 0.0441419 0.0377344 0.0314818 0.0255119 0.0199542 0.0149476 0.0106296 0.0071089 0.00442965
 0.00786399 0.0128387 0.0194403 0.0276387 0.0371689 0.0473756 0.0571866 0.0653777 0.0710168 0.0737563 0.0737893 0.0715986 0.0677296 0.0626829 0.0568816 0.0506606 0.0442682 0.0378833 0.0316437 0.0256727 0.0201 0.0150679 0.0107199 0.00717044 0.00446748
 0.00784796 0.012808 0.0193857 0.0275495 0.0370361 0.0471973 0.0569717 0.0651467 0.0707971 0.0735744 0.073665 0.071541 0.0677375 0.0627473 0.0569897 0.0508 0.0444287 0.038057 0.0318227 0.0258476 0.02026 0.0152034 0.0108252 0.00724497 0.00451524
 0.00783535 0.0127846 0.0193449 0.027483 0.0369351 0.047055 0.0567872 0.0649271 0.0705585 0.073341 0.0734643 0.0713988 0.0676711 0.062762 0.0570788 0.0509476 0.0446157 0.0382648 0.0320353 0.0260518 0.0204445 0.0153595 0.0109476 0.00733317 0.00457313
 0.00778759 0.0127113 0.0192425 0.0273508 0.0367748 0.0468705 0.0565839 0.0647129 0.0703441 0.0731394 0.073291 0.0712703 0.0676031 0.062766 0.0571586 0.0510974 0.0448206 0.0385043 0.0322874 0.0262964 0.0206656 0.0155459 0.0110938 0.00743884 0.00464311
 0.00776865 0.0126739 0.0191746 0.0272382 0.036606 0.0466434 0.056311 0.0644203 0.0700643 0.0729013 0.0731128 0.0711596 0.0675607 0.0627905 0.0572479 0.0512479 0.0450241 0.038747 0.0325504 0.0265587 0.0209077 0.0157529 0.0112575 0.00755808 0.00472263
 0.00775684 0.0126551 0.0191466 0.0271977 0.0365479 0.0465601 0.0561938 0.0642635 0.06987 0.0726831 0.0728951 0.0709704 0.067424 0.0627206 0.0572487 0.0513157 0.0451506 0.0389205 0.0327555 0.026777 0.0211198 0.0159419 0.0114117 0.00767308 0.00480074
 0.00770533 0.0125745 0.0190313 0.0270454 0.0363603 0.0463442 0.0559622 0.0640326 0.0696566 0.0725 0.0727503 0.0708692 0.067372 0.0627241 0.0573127 0.0514402 0.0453297 0.0391422 0.0330039 0.0270333 0.021365 0.016159 0.0115889 0.00780572 0.00489123
 0.00770218 0.0125639 0.0190053 0.0269933 0.0362721 0.0462145 0.0557944 0.0638396 0.0694573 0.0723141 0.0725931 0.07075 0.0672948 0.0626903 0.0573236 0.0514975 0.0454334 0.0392887 0.0331838 0.0272323 0.0215657 0.0163442 0.0117451 0.00792582 0.00497501
 0.0076618 0.0125046 0.0189273 0.0269002 0.0361681 0.0461018 0.0556717 0.0637043 0.0693095 0.0721603 0.072447 0.0706285 0.0672131 0.0626574 0.0573416 0.0515636 0.0455425 0.0394342 0.0333574 0.0274225 0.021758 0.0165232 0.0118979 0.00804469 0.00505892
 0.00764386 0.0124731 0.0188761 0.0268231 0.0360617 0.0459688 0.0555226 0.063555 0.0691756 0.0720512 0.0723634 0.070567 0.0671711 0.0626372 0.0573488 0.051604 0.0456187 0.0395444 0.0334955 0.027579 0.0219205 0.0166781 0.012033 0.00815194 0.00513601
 0.00761742 0.0124346 0.0188262 0.0267647 0.0359979 0.0459008 0.0554492 0.063474 0.0690872 0.0719601 0.0722784 0.0704971 0.0671223 0.0626113 0.0573458 0.0516243 0.0456639 0.0396158 0.0335919 0.027695 0.0220468 0.0168031 0.0121454 0.00824351 0.00520329
 0.00760563 0.0124131 0.0187899 0.0267082 0.035918 0.0457992 0.0553342 0.0633589 0.0689854 0.0718804 0.0722227 0.0704629 0.0671063 0.062612 0.0573632 0.051659 0.0457165 0.0396864 0.0336796 0.0277967 0.0221564 0.016912 0.0122443 0.00832501 0.00526393
 0.00760798 0.0124165 0.0187941 0.026712 0.0359186 0.0457924 0.0553144 0.0633216 0.0689295 0.0718099 0.0721465 0.070391 0.0670467 0.0625687 0.0573373 0.0516503 0.045725 0.0397124 0.0337229 0.0278555 0.0222264 0.0169866 0.0123157 0.00838644 0.00531123
 0.00758259 0.0123804 0.0187492 0.0266634 0.0358729 0.0457552 0.0552881 0.0633046 0.0689173 0.0717971 0.072129 0.0703679 0.067021 0.062546 0.0573231 0.0516487 0.0457377 0.0397396 0.0337636 0.0279078 0.0222869 0.0170503 0.0123766 0.00843902 0.00535203
 0.00755229 0.0123298 0.0186712 0.0265518 0.0357258 0.0455785 0.0550982 0.063126 0.0687759 0.0717112 0.0721036 0.0703958 0.0670876 0.062636 0.0574252 0.0517561 0.0458474 0.0398501 0.0338735 0.028015 0.0223886 0.0171428 0.0124562 0.00850274 0.00539895
 0.00755602 0.0123339 0.0186733 0.0265478 0.03571 0.0455444 0.0550404 0.0630431 0.0686724 0.0715991 0.072 0.0703172 0.0670448 0.0626308 0.0574515 0.0518044 0.0459088 0.0399185 0.0339452 0.0280878 0.0224599 0.0172096 0.0125151 0.00855095 0.00543511
 0.00754058 0.0123136 0.0186514 0.0265299 0.0357016 0.0455479 0.0550524 0.0630545 0.0686719 0.0715775 0.0719547 0.0702542 0.0669766 0.062572 0.0574139 0.0517931 0.0459224 0.0399512 0.0339905 0.0281396 0.0225137 0.0172614 0.0125615 0.00858943 0.00546425
 0.00753074 0.0122965 0.018624 0.0264896 0.0356482 0.0454853 0.0549894 0.063003 0.0686413 0.0715703 0.0719646 0.0702699 0.0669876 0.0625743 0.0574109 0.0517929 0.0459325 0.0399756 0.0340283 0.0281867 0.0225646 0.017311 0.0126058 0.0086256 0.0054913
 0.00752635 0.012288 0.0186089 0.0264645 0.0356096 0.045431 0.0549204 0.062924 0.0685617 0.0715018 0.0719182 0.0702513 0.0669957 0.0626016 0.057448 0.0518328 0.0459732 0.0400184 0.0340753 0.0282379 0.0226177 0.0173621 0.0126509 0.00866213 0.00551824
 0.00750513 0.0122552 0.0185626 0.0264039 0.0355352 0.0453445 0.0548248 0.0628241 0.0684642 0.0714149 0.0718508 0.0702119 0.0669901 0.062631 0.0575075 0.0519135 0.0460647 0.0401124 0.0341665 0.0283238 0.0226963 0.0174313 0.0127086 0.00870688 0.0055502
 0.00749899 0.0122431 0.0185404 0.0263671 0.0354796 0.0452689 0.0547324 0.0627227 0.0683636 0.0713246 0.071778 0.0701614 0.0669653 0.062634 0.0575391 0.0519713 0.046143 0.0402032 0.0342614 0.0284157 0.0227802 0.017504 0.0127679 0.00875222 0.00558222
 0.00749899 0.0122431 0.0185404 0.0263671 0.0354796 0.0452689 0.0547324 0.0627227 0.0683636 0.0713246 0.071778 0.0701614 0.0669653 0.062634 0.0575391 0.0519713 0.046143 0.0402032 0.0342614 0.0284157 0.0227802 0.017504 0.0127679 0.00875222 0.00558222
 0.00723403 0.0118266 0.0179417 0.025571 0.0344943 0.0441344 0.0535281 0.0615636 0.0673808 0.0706335 0.0714515 0.0702172 0.0673694 0.0633166 0.0584123 0.0529467 0.0471428 0.0411656 0.0351415 0.0291836 0.0234193 0.0180094 0.0131454 0.00901645 0.00575403
 0.00723114 0.0117868 0.0178176 0.025298 0.0340086 0.043401 0.0525649 0.0604485 0.0662347 0.0695921 0.0706361 0.0697159 0.0672268 0.0635303 0.0589373 0.0537066 0.048046 0.0421214 0.0360717 0.0300293 0.024142 0.0185904 0.0135835 0.00932449 0.0059546
 0.00720054 0.011748 0.0177763 0.0252593 0.0339653 0.043322 0.0523928 0.0601151 0.0656936 0.0688518 0.0697734 0.0688586 0.066516 0.0630802 0.0588091 0.0539012 0.0485131 0.0427776 0.0368215 0.0307835 0.0248306 0.0191684 0.0140316 0.00964503 0.00616549
 0.00717453 0.0117074 0.0177194 0.0251869 0.0338827 0.043238 0.0523153 0.060042 0.0656035 0.0687021 0.0695166 0.0684707 0.0660223 0.0625595 0.0583704 0.0536448 0.0484964 0.0430006 0.0372337 0.0313047 0.0253761 0.0196684 0.0144423 0.00995027 0.00637138
 0.00716138 0.0116901 0.0177005 0.0251713 0.0338754 0.0432421 0.0523303 0.0600638 0.0656242 0.0687088 0.0694882 0.0683787 0.0658403 0.0622803 0.0580226 0.0532939 0.0482256 0.0428786 0.0372888 0.0315168 0.0256888 0.020013 0.0147598 0.0102048 0.00655201
 0.0071389 0.0116567 0.0176564 0.0251192 0.0338206 0.043192 0.0522931 0.0600465 0.0656305 0.068736 0.0695259 0.0684089 0.0658398 0.0622265 0.0579033 0.0531186 0.0480303 0.0427181 0.0372153 0.0315576 0.0258351 0.0202259 0.0149891 0.0104085 0.00670736
 0.00713568 0.0116534 0.0176549 0.0251225 0.0338321 0.0432141 0.0523262 0.0600892 0.0656794 0.068787 0.0695735 0.0684458 0.0658559 0.0622096 0.0578416 0.0530073 0.0478785 0.0425523 0.0370742 0.0314778 0.025835 0.020298 0.0151054 0.0105344 0.00681598
 0.00716601 0.0117039 0.0177329 0.0252349 0.0339832 0.0434024 0.0525416 0.0603127 0.0658869 0.0689548 0.0696839 0.0684894 0.0658314 0.0621207 0.0576948 0.0528104 0.0476427 0.0422961 0.0368245 0.0312659 0.0256862 0.0202219 0.0150923 0.0105618 0.00685884
 0.00715878 0.0116987 0.0177374 0.0252607 0.034043 0.0435057 0.0526909 0.0605006 0.0660974 0.0691661 0.069872 0.0686324 0.0659128 0.0621322 0.0576362 0.0526881 0.0474688 0.0420872 0.0366028 0.0310569 0.0255142 0.0201026 0.015028 0.0105416 0.00686519
 0.00719797 0.0117592 0.0178227 0.0253725 0.0341819 0.043672 0.0528834 0.0607156 0.0663259 0.0693929 0.0700767 0.0687924 0.0660077 0.0621483 0.0575687 0.0525418 0.0472567 0.0418289 0.0363224 0.0307813 0.0252691 0.0199075 0.0148912 0.0104591 0.0068243
 0.00719771 0.0117629 0.0178358 0.0254023 0.0342356 0.0437536 0.0529917 0.0608447 0.0664678 0.0695406 0.0702245 0.0689338 0.0661322 0.0622411 0.0576136 0.0525264 0.0471765 0.0416898 0.0361402 0.0305785 0.0250709 0.0197358 0.0147597 0.010371 0.00677341
 0.00728007 0.0118946 0.0180296 0.0256676 0.0345756 0.0441608 0.0534444 0.0613061 0.0668922 0.0698836 0.0704535 0.0690338 0.0661062 0.0621047 0.0573879 0.0522316 0.04683 0.0413075 0.0357402 0.030183 0.0247044 0.0194207 0.0145111 0.0101926 0.00665807
 0.00725832 0.0118669 0.0180023 0.0256525 0.0345879 0.0442154 0.0535522 0.0614707 0.0671084 0.070136 0.070718 0.0692808 0.0663067 0.0622362 0.0574388 0.0522014 0.0467263 0.0411431 0.0355314 0.0299491 0.0244673 0.0192021 0.0143283 0.0100549 0.0065649
 0.00725497 0.0118597 0.0179888 0.0256306 0.0345581 0.0441838 0.0535316 0.0614791 0.067163 0.0702468 0.0708822 0.0694826 0.0665201 0.0624314 0.0575886 0.0522862 0.0467375 0.0410833 0.0354119 0.0297882 0.0242867 0.0190241 0.0141716 0.00993135 0.00647785
#pred catch len freq
 0.00492936 0.00778181 0.0113136 0.0154183 0.0200205 0.0250561 0.0303959 0.0358085 0.0410039 0.0457076 0.0497073 0.0528708 0.0551549 0.056602 0.0573187 0.0574459 0.0571336 0.0565107 0.0556229 0.0543369 0.0522732 0.0488742 0.0436704 0.0366389 0.0284042
 0.00508791 0.00801137 0.0116117 0.0157778 0.0204489 0.0255963 0.0311292 0.036825 0.0423459 0.0473185 0.0514206 0.0544547 0.0563908 0.0573558 0.0575694 0.0572652 0.0566308 0.0557706 0.0546676 0.053132 0.0507777 0.0471081 0.0417531 0.034768 0.0267831
 0.0054209 0.00851041 0.012283 0.0165973 0.0213679 0.0265559 0.032078 0.0377377 0.0432381 0.0482428 0.052434 0.055565 0.0575168 0.0583356 0.0582203 0.0574563 0.0563234 0.0550056 0.0535176 0.0516601 0.0490351 0.0451664 0.0397373 0.0328523 0.0251419
 0.005774 0.00906332 0.0130751 0.017649 0.0226753 0.028083 0.0337492 0.0394384 0.0448352 0.0496211 0.0535317 0.0563853 0.0581052 0.0587309 0.0584106 0.0573706 0.0558658 0.0541055 0.0521623 0.0498965 0.0469572 0.0429074 0.0374662 0.0307562 0.0233848
 0.00617847 0.00969022 0.0139632 0.0188186 0.0241311 0.0298158 0.0357283 0.0415965 0.0470565 0.0517447 0.055376 0.0577908 0.0589758 0.0590534 0.058235 0.0567629 0.0548646 0.0527116 0.0503641 0.0477121 0.0444658 0.0402576 0.0348582 0.0284002 0.0214485
 0.00655572 0.0102821 0.014815 0.0199615 0.0255809 0.0315708 0.0377618 0.0438485 0.0494304 0.0541106 0.057577 0.0596553 0.0603402 0.0597934 0.0582932 0.056155 0.0536566 0.050984 0.0481901 0.0451649 0.0416483 0.0373272 0.0320222 0.0258749 0.0194003
 0.00686983 0.0107795 0.0155404 0.0209515 0.0268628 0.0331582 0.0396448 0.0459831 0.0517338 0.0564645 0.0598378 0.0616656 0.0619434 0.0608493 0.0586956 0.0558477 0.0526414 0.0493161 0.0459633 0.0425016 0.0387014 0.0342877 0.0291115 0.0233097 0.0173394
 0.00719669 0.0112934 0.0162829 0.0219535 0.0281447 0.0347279 0.0414902 0.0480624 0.0539704 0.0587492 0.062037 0.0636342 0.063538 0.0619419 0.0591833 0.0556606 0.0517503 0.0477391 0.0437703 0.039816 0.0356988 0.0311887 0.0261592 0.0207282 0.0152829
 0.00755733 0.0118529 0.0170764 0.0229995 0.0294479 0.0362815 0.0432729 0.0500308 0.0560538 0.0608507 0.0640405 0.0654146 0.0649733 0.0629234 0.0596228 0.0554944 0.0509426 0.0462885 0.0417211 0.0372698 0.0328212 0.0282012 0.0233096 0.018242 0.0133113
 0.0079405 0.0124401 0.0178946 0.0240533 0.0307241 0.0377563 0.0449134 0.0517911 0.0578711 0.0626459 0.0657237 0.0668914 0.0661516 0.0637199 0.0599671 0.0553315 0.0502356 0.0450247 0.039924 0.0350147 0.0302472 0.0255073 0.0207268 0.0159836 0.0115204
 0.00816211 0.0127974 0.018427 0.0247955 0.0317003 0.0389706 0.0463392 0.0533678 0.0595117 0.0642536 0.0672062 0.0681686 0.0671573 0.0643991 0.0602741 0.0552275 0.0496899 0.0440203 0.0384691 0.0331604 0.0281016 0.0232362 0.0185303 0.0140513 0.00998269
