SBPRF35
7.78865
Curr Bio
562207
B35
700952
F35
0.227851
FOFL
0.181082
OFL
77606.5
Bzero
2.22533e+006
#pred survey bio
 4.75894e+006 4.44763e+006 4.16195e+006 3.85284e+006 3.52116e+006 3.17027e+006 2.84447e+006 2.50145e+006 2.21127e+006 1.94586e+006 1.71933e+006 1.52277e+006 1.35501e+006 1.18943e+006 1.05555e+006 924506 814979 750099 700022 667647 637749 608675 585233 577675 560167 559177 556326 553022 551525 560283 561905 557470 542153 541737 535675 521094 517493 507642 506704 513039 524392 532548 537971 547576 548892 569541 583560 591243 595494 615460 610852 559994 560688 556934 561184 560384 1.96764e+007 1.23586e+007 1.29778e+007 1.37249e+007 1.44936e+007 1.51881e+007 1.57668e+007 1.62243e+007 1.65734e+007 1.68338e+007 1.70252e+007 1.71649e+007 1.72665e+007 1.73405e+007 1.73945e+007 1.74342e+007 1.74635e+007 1.74853e+007 1.75015e+007 1.75138e+007 1.7523e+007 1.753e+007 1.75353e+007 1.75393e+007 1.75424e+007 1.75448e+007 1.75466e+007 1.7548e+007 1.75491e+007 1.75499e+007 1.75506e+007 1.75511e+007 1.75515e+007 1.75518e+007 1.7552e+007 1.75522e+007 1.75523e+007 1.75524e+007 1.75525e+007 1.75526e+007 1.75526e+007 1.75526e+007 1.75527e+007 1.75527e+007 1.75527e+007 1.75527e+007 1.75527e+007 1.75527e+007 1.75527e+007 1.75528e+007 1.75528e+007 1.75528e+007 1.75528e+007 1.75528e+007 1.75528e+007 1.75528e+007 1.75528e+007 1.75528e+007 1.75528e+007 1.75528e+007 1.75528e+007 1.75528e+007 1.75528e+007 1.75528e+007 1.75528e+007 1.75528e+007 1.75528e+007 1.75528e+007 1.75528e+007 1.75528e+007 1.75528e+007 1.75528e+007 1.75528e+007 1.75528e+007 1.75528e+007 1.75528e+007 1.75528e+007 1.75528e+007 1.75528e+007 1.75528e+007 1.75528e+007 1.75528e+007 1.75528e+007 1.75528e+007 1.75528e+007 1.75528e+007 1.75528e+007 1.75528e+007 1.75528e+007 1.75528e+007 1.75528e+007 1.75528e+007 1.75528e+007 1.75528e+007 1.75528e+007 1.75528e+007 1.75528e+007 1.75528e+007 1.75528e+007 1.75528e+007 0 0 0 0 0 0 0 0 0 0 0 0 0 0 0 0 0 0 0 0 0 0 0 0 0
#obs survey bio
 3.73328e+006 3.95652e+006 3.35215e+006 2.99742e+006 4.51924e+006 2.74745e+006 3.73167e+006 2.39624e+006 1.74285e+006 2.56476e+006 1.06293e+006 1.26392e+006 1.15299e+006 1.16212e+006 793374 1.03817e+006 731179 781406 639608 500372 406502 782208 486757 546167 589052 428169 472878 581029 480105 493995 530304 565388 392487 540436 416290 771743 407717 690272 471920 417319 626607 470163 468867 624754 633422 614832 505291 495181 794716 703574 656904 597115 419458 812452 579333 460555
#pred catch bio
 109048 106881 155481 206722 257763 268698 316874 299040 302674 289274 279484 265767 270406 245178 241805 219405 176838 160575 142743 138704 135713 128518 113538 119798 103437 103483 102209 99128.8 89607 94494.1 97184.1 103008 87635.1 90392.1 94920.2 84923.9 93827.9 91360.8 89289.8 87319.2 90654.3 92878.7 89526.1 96711.5 81322.1 88450.2 94738.6 98355.9 86341 107912 145121 100623 106149 101170 108676 110088 77606.5 99627.2 103747 108759 114216 119177 123215 126284 128511 130071 131135 131847 132316 132620 132816 132941 133020 133071 133102 133122 133134 133142 133146 133149 133151 133152 133153 133153 133154 133154 133154 133154 133154 133154 133154 133154 133154 133154 133154 133154 133154 133154 133154 133154 133154 133154 133154 133154 133154 133154 133154 133154 133154 133154 133154 133154 133154 133154 133154 133154 133154 133154 133154 133154 133154 133154 133154 133154 133154 133154 133154 133154 133154 133154 133154 133154 133154 133154 133154 133154 133154 133154 133154 133154 133154 133154 133154 133154 133154 133154 133154 133154 133154 133154 133154 133154 133154 133154 133154 133154 0 0 0 0 0 0 0 0 0 0 0 0 0 0 0 0 0 0 0 0 0 0 0 0 0
#obs catch bio
 0 106669 155960 207788 259345 270589 320077 302050 307565 293426 285327 271518 276611 249971 247259 222935 179051 161841 143607 140291 137967 129860 115220 122099 104308 104516 103328 99783.2 90250.6 95207.7 97740.1 103505 87558.1 90580.3 95678.2 84786.8 94199.7 91085.8 89473.9 87599.8 90656.1 92756.7 89293.4 96629 80974.1 88282.2 94389.3 98184.3 85649.7 107234 145179 99947.6 105770 100408 107849 110093
#pred cpue bio
 4.67696e+006 4.36876e+006 4.08548e+006 3.77793e+006 3.44854e+006 3.10006e+006 2.77638e+006 2.43597e+006 2.14777e+006 1.88436e+006 1.65969e+006 1.46499e+006 1.29942e+006 1.13684e+006 1.00572e+006 877998 771700 709071 660900 629644 600672 572675 550173 543037 526625 526190 523789 520943 519804 528554 530607 527006 512834 512834 507374 493720 489728 478371 475865 481471 492657 500970 506429 515759 517018 536906 550447 557804 561775 580996 576526 527113 527221 523212 526896 525059 1.84052e+007 1.15753e+007 1.21456e+007 1.28289e+007 1.35731e+007 1.42618e+007 1.48394e+007 1.52966e+007 1.56457e+007 1.59061e+007 1.60975e+007 1.62372e+007 1.63388e+007 1.64128e+007 1.64669e+007 1.65066e+007 1.65359e+007 1.65576e+007 1.65739e+007 1.65861e+007 1.65953e+007 1.66023e+007 1.66076e+007 1.66117e+007 1.66148e+007 1.66171e+007 1.6619e+007 1.66204e+007 1.66214e+007 1.66223e+007 1.66229e+007 1.66234e+007 1.66238e+007 1.66241e+007 1.66243e+007 1.66245e+007 1.66246e+007 1.66247e+007 1.66248e+007 1.66249e+007 1.66249e+007 1.6625e+007 1.6625e+007 1.6625e+007 1.6625e+007 1.66251e+007 1.66251e+007 1.66251e+007 1.66251e+007 1.66251e+007 1.66251e+007 1.66251e+007 1.66251e+007 1.66251e+007 1.66251e+007 1.66251e+007 1.66251e+007 1.66251e+007 1.66251e+007 1.66251e+007 1.66251e+007 1.66251e+007 1.66251e+007 1.66251e+007 1.66251e+007 1.66251e+007 1.66251e+007 1.66251e+007 1.66251e+007 1.66251e+007 1.66251e+007 1.66251e+007 1.66251e+007 1.66251e+007 1.66251e+007 1.66251e+007 1.66251e+007 1.66251e+007 1.66251e+007 1.66251e+007 1.66251e+007 1.66251e+007 1.66251e+007 1.66251e+007 1.66251e+007 1.66251e+007 1.66251e+007 1.66251e+007 1.66251e+007 1.66251e+007 1.66251e+007 1.66251e+007 1.66251e+007 1.66251e+007 1.66251e+007 1.66251e+007 1.66251e+007 1.66251e+007 1.66251e+007 1.66251e+007 0 0 0 0 0 0 0 0 0 0 0 0 0 0 0 0 0 0 0 0 0 0 0 0 0
#obs cpue bio
 2.45839e+006 3.51611e+006 3.61351e+006 3.41614e+006 3.3811e+006 2.20924e+006 2.41247e+006 1.8335e+006 1.5908e+006 1.43199e+006 1.38458e+006 1.30609e+006 1.37148e+006 990515 1.01624e+006 874799 696183 789657 656548 542449 580885 529727 336153 443524 617500 572660 492529 599094 423464 595490 580654 610238 809703 441794 445121 527223 492983 541257 350533 500937 541717 651455 599064 499249 470449 496771 772672 647513 581644 517642 483772 542065 766159 462974 586550 394906
#pred surv len freq
 0.00460557 0.00743424 0.0111149 0.0156232 0.0208776 0.0266772 0.0326566 0.0383513 0.043355 0.0474459 0.0505982 0.0529162 0.0545605 0.0556944 0.0564431 0.0568669 0.056959 0.0566554 0.055829 0.0542558 0.0515949 0.0474605 0.0416265 0.0342786 0.0261194
 0.00491687 0.00786816 0.0116392 0.0161753 0.0213982 0.0271537 0.0331437 0.0389427 0.0441142 0.0483381 0.0514721 0.053553 0.0547661 0.0553835 0.0556754 0.055824 0.0558751 0.0557315 0.0551642 0.0538246 0.0512821 0.0471352 0.0412138 0.0337882 0.0256212
 0.00503732 0.00809983 0.0120489 0.0168342 0.0223491 0.0283716 0.0345166 0.0403005 0.0452998 0.0492738 0.0521678 0.0540488 0.0550585 0.0554012 0.0553249 0.055068 0.0547819 0.0544589 0.0538904 0.0526727 0.0502857 0.0462606 0.0404156 0.0330544 0.0249787
 0.00519541 0.00834396 0.0123968 0.017305 0.0229733 0.029196 0.0355927 0.0416507 0.0468763 0.05094 0.0537279 0.0553132 0.0559027 0.0557777 0.0552321 0.0545189 0.0538063 0.0531291 0.052331 0.0510348 0.0487008 0.0448122 0.0391441 0.0319805 0.0241186
 0.00542303 0.0087029 0.012916 0.0180034 0.0238572 0.0302569 0.0368075 0.0429867 0.0482994 0.0524149 0.0552021 0.0566964 0.0570628 0.0565674 0.0555309 0.0542632 0.0529957 0.05182 0.0506297 0.049088 0.0466756 0.0428674 0.0374058 0.0305312 0.0229958
 0.00566195 0.00909029 0.0134972 0.0188202 0.02494 0.0316126 0.0384052 0.0447529 0.0501285 0.0541922 0.0568269 0.0580916 0.0581672 0.0573183 0.0558534 0.0540785 0.0522463 0.0504977 0.0487943 0.0468687 0.0442564 0.0404569 0.0351998 0.0286763 0.0215668
 0.00591452 0.00949097 0.014083 0.0196227 0.0259837 0.0329113 0.0399525 0.0465116 0.0520244 0.0561173 0.058653 0.0596899 0.0594289 0.0581644 0.0562308 0.053946 0.0515676 0.0492521 0.0470022 0.0446186 0.0417129 0.0378423 0.0327494 0.0265847 0.019945
 0.00626983 0.0100516 0.0148954 0.0207199 0.0273814 0.0346017 0.0418959 0.0486316 0.0542141 0.0582539 0.0606115 0.0613529 0.0606927 0.0589458 0.056472 0.0536141 0.0506487 0.0477491 0.0449453 0.0420883 0.0388619 0.0348934 0.029959 0.0241809 0.0180694
 0.00655721 0.0105176 0.0155949 0.0217037 0.0286878 0.0362419 0.0438384 0.0507945 0.0564742 0.0604677 0.0626378 0.063068 0.0619971 0.0597651 0.056754 0.0533253 0.0497723 0.0462866 0.042927 0.0395919 0.0360318 0.0319433 0.0271425 0.0217336 0.0161456
 0.00689694 0.0110514 0.0163651 0.0227412 0.0300119 0.0378576 0.0457271 0.0529034 0.0587097 0.0627005 0.0647175 0.0648445 0.0633424 0.0605881 0.0570029 0.0529801 0.0488336 0.0447708 0.0408728 0.0370783 0.0331982 0.0289946 0.0243246 0.019278 0.0142086
 0.00716883 0.0114947 0.0170347 0.0236883 0.0312741 0.0394434 0.0476005 0.0549797 0.0608694 0.0648113 0.0666531 0.0664916 0.0646018 0.0613772 0.0572609 0.0526725 0.0479521 0.0433317 0.0389193 0.0346914 0.0305123 0.0262021 0.0216547 0.016948 0.0123663
 0.00735789 0.0118094 0.017523 0.0244027 0.0322645 0.0407433 0.0492098 0.056851 0.0629054 0.0668764 0.0685937 0.0681605 0.0658793 0.0621814 0.0575464 0.0524208 0.0471644 0.0420264 0.0371379 0.0325113 0.0280592 0.023653 0.0192182 0.014821 0.0106831
 0.00751607 0.0120664 0.0179106 0.0249541 0.0330121 0.0417135 0.0504143 0.0582763 0.0645062 0.0685732 0.0702767 0.0697012 0.0671483 0.0630686 0.0579751 0.0523521 0.0465922 0.0409701 0.0356412 0.0306483 0.0259451 0.0214462 0.0171034 0.0129715 0.0092173
 0.0077411 0.0124272 0.0184445 0.0256929 0.0339769 0.0429069 0.0518102 0.0598165 0.0661063 0.0701358 0.0717052 0.0709074 0.0680562 0.0636161 0.0581177 0.0520656 0.0458743 0.039841 0.0341444 0.0288553 0.0239616 0.0194124 0.0151787 0.011303 0.00790294
 0.00784627 0.0126115 0.018747 0.0261591 0.0346505 0.0438141 0.0529449 0.0611323 0.0675215 0.0715483 0.0730095 0.0720093 0.0688822 0.0641171 0.0582665 0.0518519 0.0453009 0.0389239 0.0329171 0.0273763 0.0223201 0.0177273 0.0135843 0.00992196 0.0068161
 0.00802058 0.01289 0.019158 0.0267286 0.0354006 0.0447588 0.0540812 0.0624294 0.0689143 0.0729392 0.0742808 0.073044 0.0695872 0.0644394 0.058196 0.0514118 0.0445325 0.0378751 0.0316397 0.025931 0.0207844 0.0161982 0.0121685 0.00871451 0.0058765
 0.0082244 0.013208 0.0196119 0.0273305 0.0361523 0.0456509 0.0550901 0.0635161 0.0700254 0.0740122 0.0752483 0.0738372 0.0701407 0.0647 0.0581325 0.0510222 0.0438426 0.0369311 0.0304997 0.0246609 0.0194587 0.0149 0.0109834 0.00771521 0.0051057
 0.00837239 0.0134237 0.0198908 0.0276539 0.0364946 0.0459914 0.0554219 0.0638473 0.0703737 0.0743957 0.075676 0.074301 0.0706106 0.0651249 0.0584488 0.0511678 0.0437726 0.0366285 0.0299787 0.0239635 0.0186484 0.0140535 0.0101792 0.00702012 0.00456108
 0.00859488 0.0137569 0.0203383 0.0281973 0.0370957 0.0465983 0.0559764 0.0642946 0.0706762 0.074546 0.0757009 0.074251 0.070538 0.0650627 0.0583988 0.0511022 0.043647 0.0363997 0.0296212 0.0234797 0.0180696 0.0134329 0.00957891 0.00649543 0.00414737
 0.00869803 0.0139244 0.020589 0.0285455 0.0375446 0.0471312 0.0565506 0.0648441 0.0711272 0.074839 0.0758102 0.0741909 0.0703556 0.0648192 0.0581482 0.0508737 0.0434389 0.0361863 0.0293689 0.0231654 0.0176928 0.0130174 0.00916474 0.00612445 0.0038496
 0.00868861 0.0139272 0.0206271 0.0286525 0.0377568 0.0474749 0.057028 0.0654258 0.071753 0.0754288 0.0762809 0.0744772 0.070428 0.0646919 0.057871 0.0505125 0.0430516 0.0358072 0.0290063 0.0228116 0.0173397 0.012668 0.00883485 0.005836 0.00362028
 0.00882214 0.014115 0.0208568 0.0288981 0.0379908 0.0476856 0.0572293 0.0656513 0.0720348 0.0757735 0.076657 0.0748219 0.0706695 0.0647751 0.0577769 0.0502612 0.0426913 0.0353941 0.0285866 0.0224129 0.0169735 0.0123389 0.00854796 0.00559844 0.00343753
 0.00886564 0.0141962 0.0209965 0.0291171 0.0382992 0.0480695 0.0576452 0.0660365 0.0723336 0.0759628 0.0767527 0.0748611 0.0706807 0.0647602 0.057714 0.0501242 0.0424696 0.0351003 0.0282504 0.022068 0.0166475 0.012049 0.00830363 0.00540374 0.00329256
 0.00867191 0.01391 0.0206206 0.0286763 0.0378379 0.0476437 0.0573128 0.0658454 0.0723093 0.0761002 0.0770195 0.0752132 0.0710792 0.0651769 0.0581254 0.0505031 0.0427848 0.0353265 0.028378 0.0221063 0.0166186 0.0119798 0.00821819 0.00532017 0.00322215
 0.00876768 0.0140292 0.0207335 0.0287359 0.0377963 0.0474771 0.05704 0.0655271 0.0720255 0.075919 0.076974 0.0752955 0.0712519 0.0653932 0.0583455 0.0507007 0.0429449 0.0354396 0.0284386 0.0221147 0.0165831 0.0119154 0.00814211 0.00524737 0.00316216
 0.00874888 0.0139993 0.0206879 0.0286652 0.0376828 0.0472924 0.0567507 0.0651116 0.0714971 0.0753406 0.0764501 0.0749386 0.0711396 0.0655407 0.0587062 0.0511917 0.0434778 0.0359428 0.0288656 0.0224436 0.0168118 0.0120561 0.00821556 0.00527643 0.00316687
 0.00867662 0.0138959 0.0205583 0.0285226 0.0375442 0.0471708 0.0566477 0.0650139 0.0713795 0.0751771 0.0762301 0.0746818 0.0708986 0.0653841 0.0586902 0.0513344 0.043753 0.0362938 0.0292285 0.0227668 0.0170659 0.0122336 0.00832505 0.00533488 0.00319263
 0.00870832 0.0139278 0.020571 0.0284884 0.0374371 0.0469816 0.0563936 0.0647355 0.0711243 0.0749778 0.076093 0.0745913 0.0708341 0.0653386 0.0586775 0.0513809 0.0438791 0.036498 0.0294848 0.0230349 0.0173076 0.0124243 0.00845776 0.00541628 0.00323631
 0.00868389 0.0138969 0.0205391 0.0284626 0.0374192 0.046961 0.0563459 0.0646316 0.0709477 0.07474 0.0758335 0.0743607 0.0706717 0.0652593 0.0586754 0.0514428 0.043995 0.0366614 0.0296857 0.0232547 0.0175212 0.0126084 0.00859821 0.00551114 0.00329294
 0.00848986 0.0136037 0.0201403 0.0279688 0.0368578 0.0463721 0.0557777 0.0641336 0.0705611 0.0744888 0.075723 0.0743846 0.070821 0.0655245 0.0590419 0.0518865 0.0444838 0.0371618 0.0301682 0.023696 0.0179029 0.0129179 0.0088306 0.00567092 0.00339261
 0.00828665 0.0132964 0.0197211 0.0274473 0.0362591 0.0457337 0.055147 0.0635645 0.0701075 0.0741937 0.0756082 0.0744469 0.071037 0.0658608 0.0594648 0.0523668 0.0449957 0.0376804 0.0306685 0.0241544 0.0183 0.0132409 0.00907523 0.00584178 0.00350164
 0.00821689 0.0131732 0.0195187 0.0271379 0.035823 0.0451723 0.0544936 0.062884 0.0694816 0.073699 0.0752977 0.0743428 0.0711322 0.0661264 0.0598598 0.0528466 0.0455196 0.0382137 0.0311826 0.0246254 0.018709 0.013575 0.00932997 0.00602135 0.00361769
 0.00835127 0.0133668 0.0197626 0.0274045 0.0360687 0.045346 0.0545469 0.0627822 0.0692155 0.0732927 0.0748079 0.0738444 0.0706975 0.0658069 0.059678 0.052799 0.0455851 0.038363 0.0313846 0.0248508 0.0189319 0.0137752 0.00949397 0.00614375 0.00370057
 0.00820736 0.013164 0.0195141 0.0271395 0.035821 0.0451364 0.0543716 0.0626151 0.0690239 0.0730576 0.0745375 0.0735747 0.070481 0.0656946 0.0597034 0.0529686 0.0458789 0.0387426 0.0318046 0.0252682 0.0193125 0.014096 0.00974412 0.00632362 0.00381912
 0.00811267 0.013012 0.0192908 0.0268382 0.0354491 0.0447223 0.0539659 0.0622793 0.0688065 0.0729718 0.0745555 0.0736456 0.0705598 0.0657653 0.0597806 0.053083 0.0460563 0.0389901 0.0321075 0.0255969 0.0196331 0.0143798 0.00997318 0.00649231 0.00393228
 0.00888603 0.0140973 0.0206059 0.0281983 0.0366186 0.0454988 0.0542493 0.0620908 0.0682577 0.0722109 0.0737191 0.072829 0.0698097 0.0650907 0.0591755 0.0525472 0.0456029 0.0386385 0.0318699 0.025469 0.0195939 0.014399 0.0100206 0.00654475 0.00397634
 0.00948894 0.0150568 0.022001 0.0300614 0.0388974 0.048016 0.0566897 0.0640532 0.0693781 0.0723008 0.072835 0.0712313 0.0678427 0.0630608 0.0572852 0.0508929 0.0442108 0.037503 0.0309761 0.0247985 0.0191214 0.0140904 0.00983593 0.00644474 0.00392797
 0.00951855 0.0151878 0.0223522 0.0307961 0.0401828 0.0499537 0.0592433 0.0670085 0.0723593 0.074846 0.0745133 0.0717672 0.0671995 0.06144 0.0550404 0.0484052 0.0417883 0.0353399 0.0291641 0.0233593 0.018036 0.0133165 0.00931806 0.00612197 0.00374194
 0.00929038 0.0148526 0.0219206 0.0303191 0.0397606 0.0497372 0.0594175 0.0677471 0.0737505 0.0768174 0.0768037 0.0739766 0.0689081 0.0623442 0.0550437 0.0476251 0.0404856 0.0338144 0.0276674 0.0220534 0.0169945 0.0125477 0.00879078 0.00578668 0.0035452
 0.00903034 0.0144513 0.0213582 0.0295959 0.0389032 0.0488059 0.0585162 0.0670257 0.073389 0.0769832 0.0775902 0.0753454 0.0706651 0.0641759 0.0566099 0.0486697 0.0409132 0.033696 0.0271829 0.0214087 0.0163561 0.0120144 0.0083979 0.00552642 0.00338898
 0.00888005 0.014201 0.0209712 0.0290366 0.0381477 0.0478584 0.0574252 0.0658912 0.0723536 0.0762109 0.0772366 0.0755235 0.0714075 0.0654042 0.0581328 0.0502249 0.0422452 0.0346357 0.0276887 0.0215528 0.0162699 0.0118293 0.00820708 0.00537616 0.00328963
 0.00888649 0.0141966 0.020936 0.0289394 0.0379497 0.0475218 0.0569247 0.0652268 0.0715612 0.0753682 0.0764594 0.0749481 0.07116 0.0655637 0.0586989 0.0511049 0.0432722 0.035618 0.0284718 0.0220634 0.0165222 0.0118949 0.00817254 0.00530969 0.00322941
 0.00889336 0.0142115 0.0209641 0.0289843 0.0380082 0.0475771 0.0569427 0.0651608 0.0713659 0.0750196 0.0759718 0.0743812 0.0706115 0.0651479 0.0585137 0.051199 0.0436231 0.036136 0.0290309 0.0225474 0.016863 0.0120836 0.00824361 0.00531297 0.0032067
 0.00886673 0.0141666 0.020894 0.0288833 0.0378746 0.0474164 0.0567686 0.0649902 0.0712099 0.0748751 0.0758223 0.0742084 0.070413 0.0649494 0.0583676 0.0511657 0.043744 0.0364102 0.0294107 0.0229553 0.0172232 0.0123493 0.00840633 0.00539327 0.00323577
 0.00895665 0.0142998 0.0210701 0.0290922 0.0380981 0.0476316 0.0569516 0.0651194 0.0712692 0.0748564 0.0757247 0.0740356 0.0701717 0.0646525 0.0580411 0.0508511 0.0434913 0.0362606 0.0293781 0.02302 0.017341 0.0124724 0.0085021 0.00545112 0.00326193
 0.00884673 0.0141315 0.0208362 0.028793 0.037741 0.0472307 0.0565281 0.0647027 0.070896 0.074566 0.0755513 0.0739991 0.0702715 0.0648664 0.0583324 0.0511817 0.0438336 0.0366022 0.0297157 0.0233483 0.0176462 0.012735 0.00870599 0.0055916 0.00334695
 0.00882082 0.014087 0.020765 0.0286866 0.0375927 0.0470389 0.0562995 0.0644522 0.0706438 0.0743334 0.0753581 0.0738627 0.070206 0.0648801 0.0584239 0.0513391 0.0440377 0.0368327 0.0299559 0.0235857 0.0178694 0.0129318 0.00886555 0.00570831 0.0034229
 0.00880495 0.0140688 0.0207509 0.028686 0.0376133 0.0470812 0.0563525 0.0644953 0.0706544 0.0742956 0.0752689 0.0737328 0.0700556 0.0647337 0.0583047 0.0512643 0.0440153 0.036861 0.0300258 0.0236838 0.0179812 0.013043 0.00896399 0.00578599 0.00347722
 0.00885064 0.0141334 0.0208308 0.028773 0.0376985 0.04716 0.0564266 0.0645699 0.0707301 0.0743627 0.075308 0.0737224 0.0699836 0.064604 0.058137 0.051087 0.0438566 0.0367411 0.0299539 0.0236582 0.0179921 0.0130769 0.00900699 0.00582702 0.00350972
 0.00867492 0.0138738 0.0204882 0.0283644 0.0372518 0.0467051 0.055991 0.06418 0.0704158 0.0741574 0.0752409 0.0738071 0.0702089 0.0649349 0.058526 0.0514894 0.0442408 0.0370911 0.0302647 0.0239295 0.0182235 0.0132673 0.00915562 0.00593539 0.00358254
 0.00865629 0.0138503 0.0204661 0.0283548 0.0372696 0.0467645 0.0561004 0.0643359 0.0705989 0.0743345 0.0753741 0.0738675 0.0701881 0.0648464 0.0583961 0.0513452 0.0441025 0.0369712 0.0301703 0.0238638 0.0181864 0.0132542 0.00915924 0.00594747 0.0035963
 0.00917737 0.0146408 0.0215496 0.0297142 0.0388501 0.0484824 0.0578462 0.0659759 0.0719839 0.0753198 0.0758461 0.0737676 0.0695265 0.0637033 0.0569075 0.0496749 0.042411 0.0353894 0.0287869 0.0227247 0.0173018 0.0126077 0.0087166 0.00566538 0.00343009
 0.00910275 0.0145494 0.0214669 0.0296809 0.0389102 0.0486647 0.0581515 0.0663776 0.0724424 0.0757976 0.0763119 0.0741886 0.0698602 0.0638999 0.0569258 0.0495025 0.0420731 0.0349427 0.0283012 0.0222636 0.0169088 0.0123033 0.00850107 0.00552581 0.00334759
 0.00929199 0.0148102 0.0217744 0.0299882 0.0391673 0.0488463 0.0582737 0.0664899 0.0725974 0.0760193 0.0765824 0.0744597 0.0700766 0.0640175 0.0569175 0.0493574 0.0417972 0.0345616 0.0278581 0.0218112 0.0164959 0.0119633 0.00824734 0.00535384 0.00324176
 0.00965843 0.015348 0.0224739 0.030797 0.0399976 0.0495934 0.0588372 0.0667964 0.0726219 0.0757976 0.076202 0.0740259 0.0696718 0.0636762 0.0566285 0.0490855 0.0415073 0.0342344 0.0274964 0.0214364 0.0161395 0.0116549 0.00800552 0.00518237 0.00313199
 0.00951705 0.0152133 0.0224436 0.0310111 0.0405904 0.0506204 0.0602203 0.0683249 0.0740184 0.0768138 0.0766959 0.0739888 0.0692042 0.0629339 0.0557662 0.0482171 0.0406945 0.0334983 0.0268383 0.0208558 0.0156414 0.0112475 0.00769358 0.00496185 0.00298951
#obs surv len freq
 nan nan nan nan nan nan nan nan nan nan nan nan nan nan nan nan nan nan nan nan nan nan nan nan nan
 0.00447744 0.00733573 0.0111632 0.0159785 0.02168 0.027958 0.0342754 0.0400099 0.0446922 0.048158 0.0505173 0.0520141 0.052907 0.0534199 0.0537346 0.0539898 0.0542686 0.0545615 0.0547003 0.0542922 0.0527301 0.0493619 0.043811 0.0362902 0.0276729
 0.00461652 0.00756053 0.0114989 0.0164469 0.0222949 0.028717 0.0351521 0.0409511 0.0456236 0.0489979 0.0511913 0.0524667 0.053108 0.0533661 0.053446 0.0535023 0.053625 0.0538042 0.053868 0.0534217 0.0518598 0.0485344 0.0430706 0.0356743 0.0272022
 0.00478603 0.00783853 0.0119216 0.0170489 0.0231017 0.0297332 0.03635 0.0422663 0.0469639 0.05026 0.052277 0.0532933 0.053615 0.0535186 0.0532379 0.0529549 0.0527817 0.0527227 0.0526137 0.0520642 0.0504741 0.047201 0.0418696 0.0346716 0.0264344
 0.00497301 0.00814704 0.0123944 0.017729 0.0240238 0.0309108 0.0377611 0.0438474 0.0486173 0.0518703 0.0537283 0.0544815 0.0544544 0.0539471 0.05322 0.0524844 0.051882 0.051445 0.0510335 0.0502783 0.0485978 0.0453621 0.0401945 0.0332643 0.025353
 0.00518206 0.00848754 0.0129084 0.018457 0.0249983 0.0321457 0.039239 0.0455139 0.0503856 0.0536343 0.0553761 0.055905 0.0555553 0.0546419 0.053445 0.0522008 0.0510809 0.0501519 0.0493125 0.0482345 0.0463747 0.0431305 0.0381295 0.0315117 0.0239979
 0.00540044 0.00884582 0.0134537 0.0192351 0.0260451 0.0334733 0.0408219 0.0472851 0.0522471 0.0554766 0.0570943 0.0574053 0.0567536 0.0554613 0.0538158 0.0520648 0.0503992 0.048917 0.0475613 0.0460597 0.0439285 0.0406133 0.0357583 0.0294742 0.0224093
 0.0056244 0.00921384 0.014015 0.0200384 0.0271297 0.0348542 0.042475 0.049141 0.0542009 0.0574079 0.0588871 0.0589597 0.0579889 0.0563119 0.0542258 0.0519831 0.0497815 0.0477363 0.0458278 0.0438425 0.0413706 0.0379248 0.0331826 0.0272323 0.0206449
 0.00588042 0.0096302 0.014642 0.0209231 0.0283074 0.036335 0.0442291 0.0510932 0.0562403 0.0594084 0.0607272 0.0605353 0.0592171 0.0571308 0.0545888 0.0518526 0.0491245 0.0465283 0.0440692 0.0415855 0.038742 0.0351299 0.030474 0.0248508 0.0187548
 0.00613672 0.010051 0.0152828 0.0218376 0.0295363 0.0378887 0.0460708 0.0531343 0.0583544 0.061457 0.0625837 0.0620967 0.0604061 0.0578921 0.0548841 0.051654 0.0484095 0.0452811 0.0422928 0.0393254 0.0361126 0.0323238 0.0277384 0.0224293 0.0168205
 0.00636091 0.0104217 0.0158523 0.022659 0.0306537 0.0393206 0.0477931 0.0550731 0.0603952 0.0634658 0.0644287 0.063664 0.0616073 0.0586655 0.055191 0.0514715 0.0477234 0.0440843 0.0405941 0.0371696 0.0336052 0.0296426 0.0251146 0.0200958 0.0149471
 0.00659469 0.0108035 0.0164302 0.0234794 0.0317524 0.0407097 0.0494466 0.0569207 0.0623309 0.0653668 0.066174 0.0651467 0.0627409 0.0593864 0.0554581 0.0512622 0.0470285 0.0429049 0.038947 0.035103 0.0312197 0.0271024 0.0226327 0.0178875 0.0131712
 0.00682906 0.0111873 0.017013 0.024308 0.0328616 0.0421064 0.051095 0.0587383 0.0642018 0.0671649 0.0677848 0.066478 0.0637244 0.0599745 0.0556206 0.0509824 0.0463005 0.0417335 0.0373528 0.0331357 0.0289753 0.0247319 0.0203284 0.015843 0.0115288
 0.00705669 0.0115608 0.0175813 0.0251182 0.0339488 0.0434784 0.0527159 0.060524 0.0660318 0.0689065 0.0693163 0.0677041 0.0645805 0.0604255 0.0556533 0.0505983 0.0455086 0.0405487 0.0358014 0.0312678 0.0268803 0.0225458 0.0182215 0.0139843 0.0100411
 0.00728225 0.011931 0.0181444 0.0259207 0.0350248 0.0448341 0.0543141 0.0622787 0.0678208 0.0705948 0.0707802 0.0688459 0.0653353 0.0607607 0.0555644 0.050101 0.0446297 0.0393203 0.0342625 0.0294741 0.0249166 0.0205333 0.0163073 0.0123117 0.00871142
 0.0074485 0.0122089 0.0185769 0.0265524 0.0358929 0.0459534 0.0556619 0.0637893 0.0693938 0.0721139 0.0721326 0.0699351 0.066089 0.0611346 0.0555421 0.0496898 0.0438548 0.0382189 0.032882 0.0278756 0.0231834 0.0187744 0.0146489 0.010873 0.00757406
 0.00752645 0.0123367 0.0187724 0.0268354 0.0362849 0.0464753 0.0563281 0.0646015 0.0703341 0.0731415 0.0731837 0.0709295 0.0669409 0.0617647 0.0558886 0.0497151 0.0435472 0.0375909 0.0319679 0.0267313 0.0218876 0.0174269 0.0133611 0.00974758 0.00668071
 0.00760211 0.0124509 0.018928 0.0270309 0.0365165 0.0467408 0.0566307 0.0649498 0.0707404 0.0736167 0.0737302 0.0715328 0.0675636 0.0623482 0.0563616 0.0500071 0.0436025 0.0373792 0.0314893 0.0260183 0.0210026 0.0164572 0.0124055 0.00889699 0.00599816
 0.00764702 0.0125198 0.0190238 0.0271528 0.0366599 0.0468979 0.0567918 0.0651068 0.070892 0.0737731 0.0739122 0.0717644 0.0678597 0.0627018 0.056739 0.0503509 0.0438445 0.0374572 0.0313639 0.0256836 0.0204904 0.0158315 0.0117484 0.00828923 0.00549858
 0.00771231 0.0126174 0.0191548 0.0273124 0.0368384 0.0470828 0.0569696 0.0652644 0.0710188 0.0738642 0.0739719 0.0718079 0.0679097 0.0627807 0.0568573 0.0504984 0.0439877 0.0375463 0.0313485 0.025531 0.020199 0.0154337 0.0113017 0.00785761 0.00513353
 0.00776942 0.0127072 0.0192839 0.0274835 0.0370485 0.047321 0.0572162 0.0654928 0.071202 0.0739828 0.0740206 0.0717951 0.0678552 0.0627097 0.056794 0.0504584 0.0439707 0.0375336 0.0313076 0.0254284 0.0200159 0.0151762 0.0110004 0.00755592 0.00487109
 0.00780187 0.0127572 0.0193541 0.0275746 0.0371597 0.04745 0.0573583 0.0656405 0.0713443 0.0741061 0.0741116 0.0718447 0.0678614 0.0626797 0.0567417 0.0504003 0.0439189 0.0374895 0.0312601 0.0253581 0.019905 0.0150198 0.0108108 0.00735845 0.00469332
 0.00784995 0.0128258 0.0194395 0.0276677 0.0372485 0.0475242 0.0574135 0.0656785 0.0713711 0.074129 0.0741349 0.0718684 0.0678814 0.0626901 0.0567387 0.0503842 0.0438938 0.0374594 0.0312246 0.0253106 0.0198365 0.014925 0.010694 0.00723332 0.00457714
 0.00788499 0.0128829 0.0195251 0.0277859 0.0373984 0.0476966 0.057589 0.065831 0.0714766 0.0741744 0.0741229 0.0718145 0.0678052 0.0626074 0.0566579 0.0503073 0.0438202 0.0373881 0.0311543 0.025239 0.0197597 0.0148403 0.0106025 0.00714154 0.00449421
 0.00787368 0.0128667 0.0195051 0.0277653 0.0373825 0.0476921 0.0576024 0.0658664 0.0715324 0.0742422 0.0741899 0.0718683 0.0678392 0.0626226 0.0566606 0.0503043 0.0438152 0.0373814 0.0311436 0.0252212 0.0197322 0.014802 0.0105553 0.00709015 0.00444526
 0.00787964 0.0128691 0.0194957 0.0277327 0.0373166 0.04759 0.0574732 0.0657309 0.071417 0.0741702 0.0741733 0.0719053 0.0679169 0.0627227 0.0567661 0.0504038 0.0439031 0.0374554 0.0312028 0.0252641 0.0197577 0.01481 0.0105481 0.00707254 0.0044232
 0.00789744 0.0128933 0.0195227 0.0277554 0.0373245 0.0475715 0.0574184 0.0656358 0.0712871 0.0740222 0.0740329 0.0717999 0.0678658 0.0627315 0.0568259 0.050497 0.04401 0.0375604 0.0312955 0.0253389 0.0198121 0.0148443 0.0105645 0.00707523 0.00441766
 0.0078958 0.012891 0.01952 0.0277519 0.0373191 0.0475611 0.0573978 0.0655983 0.0712269 0.0739378 0.0739299 0.0716921 0.0677727 0.0626724 0.0568138 0.0505334 0.0440855 0.0376587 0.031399 0.0254337 0.0198894 0.0149004 0.0106002 0.00709415 0.00442486
 0.00788389 0.0128703 0.0194862 0.0277011 0.0372486 0.0474719 0.0572961 0.0654942 0.0711315 0.0738587 0.0738699 0.0716501 0.0677479 0.0626667 0.0568323 0.0505814 0.0441644 0.0377628 0.0315168 0.025551 0.0199935 0.0149834 0.0106595 0.00713185 0.00444583
 0.00786299 0.0128341 0.0194279 0.0276132 0.0371252 0.0473123 0.0571072 0.0652918 0.0709375 0.0736963 0.0737576 0.0715975 0.067755 0.062726 0.0569324 0.0507114 0.0443153 0.037927 0.0316856 0.0257137 0.0201393 0.0151035 0.0107499 0.00719354 0.00448374
 0.00785827 0.0128237 0.0194071 0.0275756 0.0370638 0.0472213 0.0569847 0.0651415 0.0707692 0.0735252 0.0736025 0.0714775 0.0676851 0.0627136 0.0569763 0.0508031 0.0444424 0.0380761 0.0318439 0.0258697 0.0202823 0.0152248 0.0108444 0.00726066 0.00452684
 0.00783849 0.0127926 0.0193622 0.0275149 0.036986 0.0471259 0.0568725 0.0650151 0.0706335 0.073388 0.0734739 0.0713696 0.0676103 0.0626829 0.0569959 0.0508729 0.0445556 0.0382206 0.0320053 0.026033 0.0204344 0.0153558 0.0109482 0.0073359 0.00457643
 0.00777918 0.0126995 0.0192286 0.0273378 0.0367672 0.0468738 0.0566035 0.0647523 0.0704022 0.0732096 0.073361 0.0713257 0.0676322 0.0627639 0.0571285 0.0510491 0.044766 0.0384534 0.0322463 0.0262669 0.0206468 0.0155355 0.0110893 0.00743792 0.00464392
 0.0077635 0.0126663 0.0191647 0.0272268 0.0365948 0.0466348 0.0563082 0.064427 0.070084 0.0729355 0.0731601 0.0712141 0.067613 0.06283 0.0572663 0.0512423 0.0449982 0.0387088 0.0325092 0.0265218 0.0208791 0.0157335 0.0112459 0.00755209 0.00472012
 0.00773955 0.0126266 0.0191029 0.0271358 0.0364663 0.0464615 0.056086 0.0641594 0.069785 0.072631 0.0728845 0.071003 0.0674941 0.0628164 0.0573551 0.0514177 0.0452369 0.0389858 0.0328007 0.0268066 0.0211394 0.0159557 0.0114222 0.0076812 0.00480676
 0.00931861 0.0148361 0.0217679 0.0298727 0.0387949 0.0479824 0.0566209 0.063777 0.0687182 0.0711578 0.071242 0.0693583 0.0659534 0.0614435 0.0561846 0.0504617 0.0444891 0.0384262 0.0324015 0.026537 0.0209691 0.015857 0.0113713 0.00765912 0.00479973
 0.00929853 0.0150973 0.0226787 0.0318903 0.0422663 0.052875 0.0623527 0.0693107 0.0729297 0.0732786 0.0711123 0.0673692 0.062776 0.0577427 0.0524558 0.0470023 0.0414444 0.0358479 0.0302895 0.0248639 0.0196922 0.014924 0.0107238 0.00723615 0.00454201
 0.00897804 0.0145915 0.0219677 0.0310224 0.0414119 0.0523634 0.0626325 0.0707887 0.075725 0.0770403 0.0750628 0.0705988 0.0646217 0.0580183 0.051422 0.0451537 0.0392783 0.0337287 0.0284236 0.0233351 0.0185093 0.0140563 0.010122 0.00684398 0.00430378
 0.00879358 0.0142876 0.0215034 0.0303599 0.0405315 0.051292 0.0614819 0.0697836 0.0751873 0.0773014 0.0763123 0.0727405 0.0672395 0.0605095 0.0532417 0.046024 0.0392449 0.0330615 0.0274549 0.0223356 0.0176406 0.0133827 0.00964432 0.00653117 0.00411444
 0.00872364 0.014164 0.0212986 0.0300409 0.040066 0.0506597 0.0606891 0.0688776 0.0742685 0.0765285 0.0758892 0.0728657 0.0680195 0.0618739 0.0549232 0.0476426 0.0404603 0.0337037 0.0275572 0.0220688 0.0172092 0.0129457 0.00928792 0.00627996 0.00395681
 0.00871018 0.0141394 0.0212556 0.0299686 0.0399489 0.050478 0.0604212 0.0685063 0.0737912 0.075971 0.0753181 0.0723923 0.0677819 0.0619929 0.0554412 0.0484795 0.0414241 0.0345636 0.0281403 0.0223216 0.0171912 0.0127736 0.00907289 0.00609263 0.00382384
 0.00870257 0.0141275 0.0212383 0.0299444 0.0399154 0.0504304 0.0603516 0.0684027 0.073639 0.0757571 0.0750395 0.0720676 0.0674608 0.0617542 0.055372 0.0486368 0.0417978 0.0350668 0.0286413 0.0227022 0.0173947 0.0128152 0.00901247 0.00599538 0.00373434
 0.00868278 0.0140951 0.0211894 0.0298757 0.0398255 0.0503215 0.0602299 0.0682773 0.0735184 0.0756445 0.0749307 0.0719546 0.0673402 0.0616378 0.0552912 0.0486359 0.0419128 0.0353001 0.0289513 0.0230169 0.0176453 0.0129658 0.00906814 0.0059883 0.00370095
 0.00867331 0.0140801 0.0211676 0.0298459 0.0397865 0.0502722 0.0601699 0.0682075 0.0734414 0.0755647 0.0748526 0.0718806 0.0672703 0.0615717 0.0552338 0.0486015 0.0419227 0.0353726 0.0290869 0.0231924 0.0178213 0.0131053 0.00915313 0.00602294 0.00370295
 0.00865559 0.0140522 0.0211274 0.0297922 0.0397196 0.0501943 0.0600854 0.0681227 0.0733631 0.0754984 0.0748015 0.0718455 0.06725 0.0615638 0.0552366 0.0486159 0.0419541 0.0354293 0.0291746 0.023307 0.0179472 0.0132207 0.00924035 0.00607585 0.00372687
 0.00865908 0.0140576 0.0211348 0.0298013 0.0397293 0.0502025 0.0600892 0.0681187 0.0733485 0.0754718 0.0747638 0.0717997 0.0672 0.061514 0.0551911 0.0485786 0.0419297 0.0354231 0.0291909 0.0233465 0.018004 0.0132833 0.00929611 0.00611625 0.00375025
 0.00865605 0.0140518 0.0211244 0.0297844 0.0397045 0.05017 0.0600512 0.0680793 0.0733123 0.0754423 0.0747422 0.0717852 0.0671912 0.0615092 0.0551895 0.0485807 0.041937 0.0354379 0.0292159 0.0233828 0.0180496 0.0133328 0.00934219 0.0061528 0.00377473
 0.00864197 0.0140329 0.0211034 0.0297659 0.0396934 0.0501688 0.0600585 0.0680904 0.0733212 0.0754446 0.0747369 0.0717739 0.0671766 0.0614939 0.0551753 0.0485688 0.0419288 0.0354353 0.0292207 0.0233963 0.0180714 0.0133601 0.00937041 0.00617747 0.00379303
 0.00861186 0.0139856 0.0210356 0.0296766 0.0395852 0.0500494 0.0599408 0.0679905 0.0732538 0.075418 0.0747504 0.071819 0.0672419 0.0615689 0.0552523 0.0486432 0.0419981 0.0354986 0.0292784 0.0234491 0.0181198 0.0134036 0.00940778 0.00620719 0.0038144
 0.00862264 0.0139982 0.0210455 0.0296765 0.039567 0.0500075 0.059875 0.0679072 0.0731646 0.075337 0.07469 0.0717872 0.0672401 0.0615925 0.0552933 0.0486929 0.0420498 0.0355483 0.0293242 0.0234906 0.0181571 0.0134366 0.00943582 0.00622958 0.00383079
 0.00862264 0.0139982 0.0210455 0.0296765 0.039567 0.0500075 0.059875 0.0679072 0.0731646 0.075337 0.07469 0.0717872 0.0672401 0.0615925 0.0552933 0.0486929 0.0420498 0.0355483 0.0293242 0.0234906 0.0181571 0.0134366 0.00943582 0.00622958 0.00383079
 0.00896319 0.0145381 0.0218294 0.0307285 0.0408762 0.0515109 0.061446 0.0693656 0.0743159 0.0760255 0.0748414 0.0714194 0.0664443 0.0605002 0.0540434 0.0474081 0.0408239 0.0344438 0.0283764 0.0227139 0.0175499 0.0129861 0.00912074 0.00602349 0.00370572
 0.0088183 0.0143489 0.0216314 0.0305861 0.0408691 0.0517086 0.0618831 0.0700272 0.0751362 0.0768987 0.0756416 0.0720282 0.0667791 0.0605328 0.0538019 0.0469617 0.0402593 0.0338439 0.0278063 0.0222157 0.0171448 0.0126781 0.00890212 0.00587921 0.00361773
 0.00882228 0.0143288 0.0215553 0.0304167 0.0405838 0.0513269 0.0614821 0.0697284 0.0750624 0.0771211 0.0761461 0.0727191 0.0675141 0.0611708 0.0542415 0.047161 0.0402346 0.0336517 0.0275192 0.0219014 0.0168533 0.0124379 0.0087228 0.005757 0.00354161
 0.00885518 0.0143811 0.0216297 0.0305096 0.0406803 0.0513977 0.0614882 0.0696381 0.0748761 0.0768872 0.075952 0.072654 0.0676245 0.061435 0.0545797 0.0474725 0.040439 0.0337137 0.0274504 0.0217444 0.0166595 0.0122506 0.00856831 0.00564463 0.00346852
 0.00902535 0.0146483 0.0220132 0.0310181 0.0413063 0.0521107 0.0622286 0.0703183 0.0753957 0.0771612 0.0759407 0.0723805 0.0671683 0.0609021 0.0540618 0.0470169 0.040045 0.0333533 0.0270971 0.0213914 0.0163211 0.0119505 0.00832605 0.00546772 0.00335187
#pred catch len freq
 0.00337616 0.00540322 0.00800733 0.0111881 0.0149701 0.019375 0.0243575 0.0297694 0.03538 0.0409211 0.0461293 0.0507836 0.054736 0.0579202 0.0603292 0.0619826 0.0629 0.06308 0.0624613 0.0608648 0.0579619 0.0533551 0.0468124 0.0385552 0.0293802
 0.00362069 0.00574769 0.00843166 0.0116513 0.0154357 0.0198432 0.0248779 0.0304152 0.0361896 0.0418424 0.0470066 0.0514034 0.0549118 0.0575724 0.0595233 0.0609089 0.0618054 0.062177 0.0618524 0.0605157 0.0577389 0.053107 0.0464509 0.0380876 0.0288833
 0.00374163 0.00596436 0.00879122 0.0122007 0.0162005 0.0208028 0.0259555 0.0315008 0.0371894 0.0427189 0.0477718 0.0520641 0.0554133 0.0577937 0.0593376 0.0602676 0.0607853 0.0609563 0.0606304 0.0594276 0.0568168 0.0523061 0.0457126 0.0373923 0.0282588
 0.00390193 0.00621192 0.00914368 0.0126766 0.0168288 0.0216274 0.0270247 0.0328354 0.0387439 0.0443654 0.0493274 0.0533518 0.0563134 0.058251 0.0593313 0.0597872 0.0598433 0.0596207 0.0590354 0.05774 0.0551816 0.0508124 0.0444005 0.0362807 0.0273636
 0.00412389 0.00655819 0.00963797 0.0133326 0.0176507 0.0226126 0.0281663 0.0341251 0.0401724 0.0459122 0.0509387 0.0549186 0.0576748 0.0592293 0.0597814 0.0596298 0.0590712 0.0582914 0.0572636 0.0556875 0.0530332 0.0487432 0.0425481 0.0347341 0.0261632
 0.00435012 0.00691929 0.0101699 0.0140669 0.0186116 0.0238117 0.0295928 0.0357389 0.0419049 0.0476777 0.0526479 0.0564863 0.0590155 0.0602462 0.0603619 0.0596617 0.0584728 0.0570439 0.0554294 0.0534091 0.0505147 0.0462149 0.0402247 0.0327756 0.0246517
 0.00462045 0.00734253 0.0107785 0.0148853 0.0196589 0.0251019 0.0311296 0.0375029 0.0438422 0.0496946 0.0546188 0.0582726 0.0604888 0.0613032 0.0609243 0.059665 0.0578619 0.0557858 0.0535425 0.0509914 0.0477517 0.0433571 0.0375369 0.0304765 0.0228667
 0.00494959 0.00785719 0.0115163 0.0158715 0.020907 0.0266145 0.0328929 0.0394796 0.0459664 0.0518722 0.0567312 0.0601851 0.0620631 0.0624146 0.0614755 0.0595909 0.0571261 0.054378 0.0514889 0.0483791 0.0447508 0.040217 0.0345444 0.0278874 0.020841
 0.00524905 0.00833382 0.0122159 0.0168332 0.0221607 0.0281745 0.0347473 0.0415802 0.0482265 0.0541739 0.0589382 0.0621567 0.0636674 0.0635382 0.0620288 0.0595099 0.0563725 0.052942 0.0493991 0.0457216 0.041689 0.0369938 0.0314485 0.0251867 0.0187127
 0.00558722 0.00886048 0.0129677 0.0178348 0.0234288 0.0297205 0.0365717 0.0436588 0.0504959 0.056525 0.0612227 0.0642074 0.0653248 0.064673 0.0625525 0.0593723 0.055553 0.0514456 0.0472627 0.0430328 0.0386068 0.0337529 0.0283305 0.0224581 0.0165541
 0.00587888 0.00932625 0.0136539 0.0187812 0.0246647 0.0312572 0.0383927 0.0457127 0.0526986 0.0587675 0.0633801 0.0661453 0.0669074 0.0657756 0.0630761 0.0592529 0.0547641 0.0499952 0.0451953 0.04044 0.0356436 0.0306422 0.0253379 0.0198356 0.014475
 0.00609817 0.0096809 0.014186 0.0195337 0.0256792 0.0325673 0.0400103 0.0476131 0.0548098 0.060971 0.065524 0.0680674 0.0684604 0.0668444 0.0635823 0.0591513 0.0540372 0.0486524 0.0432791 0.038038 0.0329022 0.0277681 0.022575 0.0174146 0.0125542
 0.00632273 0.0100352 0.014701 0.0202355 0.0265908 0.033708 0.04139 0.049222 0.0566072 0.0628786 0.0674267 0.0698235 0.0699218 0.0678801 0.0640972 0.059093 0.0533923 0.0474393 0.0415462 0.0358714 0.0304368 0.0251903 0.0201019 0.0152503 0.0108381
 0.00656242 0.0104138 0.0152509 0.0209821 0.027551 0.0348875 0.042777 0.0507808 0.0582766 0.0645757 0.0690533 0.0712742 0.0710917 0.0686746 0.0644415 0.0589397 0.0527251 0.0462735 0.0399289 0.0338853 0.0282066 0.0228816 0.0179034 0.0133365 0.00932625
 0.00674196 0.0107061 0.0156924 0.0216085 0.0283931 0.0359619 0.0440749 0.0522593 0.0598591 0.0661611 0.0705303 0.0725362 0.0720499 0.0692652 0.0646255 0.0586993 0.0520598 0.0452005 0.0384874 0.0321447 0.0262727 0.0208951 0.0160233 0.0117076 0.00804422
 0.0069446 0.0110247 0.0161531 0.0222329 0.0291989 0.0369629 0.0452739 0.0536365 0.0613601 0.0676928 0.0719695 0.073751 0.0729265 0.069729 0.0646491 0.0582948 0.0512643 0.0440633 0.0370661 0.0305103 0.0245175 0.0191349 0.0143856 0.0103064 0.00695129
 0.00708656 0.0112466 0.0164717 0.0226603 0.0297449 0.0376358 0.046079 0.0545704 0.0624048 0.0688089 0.0730926 0.0747935 0.0737877 0.0703133 0.0648858 0.0581515 0.050749 0.0432162 0.0359488 0.0291989 0.0231017 0.0177166 0.0130704 0.00918519 0.00607981
 0.0072176 0.0114378 0.0167194 0.022949 0.0300541 0.0379509 0.0463997 0.0549114 0.0627896 0.0692597 0.073619 0.075383 0.0744006 0.0708839 0.0653329 0.0583963 0.0507337 0.0429174 0.0353815 0.0284125 0.0221718 0.0167352 0.0121322 0.00837086 0.00543995
 0.00739446 0.0117013 0.0170706 0.0233715 0.0305166 0.0384137 0.0468219 0.0552586 0.0630425 0.0694221 0.0737187 0.0754615 0.074495 0.0710089 0.0654716 0.058503 0.0507484 0.0427855 0.0350719 0.0279291 0.0215542 0.0160494 0.011455 0.00777137 0.00496332
 0.00750841 0.0118824 0.0173346 0.0237283 0.0309655 0.0389382 0.0473843 0.0558019 0.0635012 0.0697403 0.0738677 0.075449 0.0743609 0.0708104 0.0652609 0.0583082 0.0505649 0.0425827 0.0348112 0.0275846 0.0211267 0.0155692 0.0109713 0.00733531 0.00461192
 0.00752632 0.0119238 0.0174203 0.0238863 0.0312263 0.0393242 0.0478983 0.0564184 0.0641644 0.0703711 0.074379 0.075768 0.074451 0.0706819 0.0649649 0.0579153 0.0501387 0.0421609 0.0344028 0.0271807 0.0207185 0.0151611 0.0105833 0.00699443 0.00434005
 0.00764719 0.012095 0.0176323 0.0241184 0.031457 0.0395466 0.0481283 0.0566886 0.0645039 0.0707823 0.0748257 0.0761811 0.0747504 0.0708048 0.0648867 0.0576556 0.0497497 0.0417058 0.0339344 0.0267307 0.0203011 0.0147823 0.0102502 0.00671673 0.00412531
