SBPRF35
9.93511
Curr Bio
604826
B35
767893
F35
0.189227
FOFL
0.157518
OFL
81738.8
Bzero
2.8386e+06
#pred survey bio
 4.11092e+06 3.9686e+06 3.81671e+06 3.60145e+06 3.33581e+06 3.03811e+06 2.74629e+06 2.47263e+06 2.18256e+06 1.95834e+06 1.72574e+06 1.52337e+06 1.33209e+06 1.19676e+06 1.06512e+06 940031 827797 763652 715162 673824 649732 615202 604665 595033 582205 578543 570836 573211 573592 574652 574313 578465 586003 590147 572315 554283 546801 542013 528988 537716 536355 547252 553268 554938 559922 566247 570156 578551 577659 584597 597454 565591 557474 593999 590993 610379 2.27736e+07 1.36761e+07 1.39204e+07 1.46846e+07 1.57778e+07 1.69704e+07 1.81006e+07 1.9084e+07 1.98929e+07 2.05334e+07 2.10274e+07 2.14019e+07 2.16824e+07 2.18912e+07 2.20461e+07 2.21611e+07 2.22465e+07 2.23101e+07 2.23578e+07 2.23937e+07 2.24208e+07 2.24414e+07 2.24572e+07 2.24693e+07 2.24787e+07 2.2486e+07 2.24916e+07 2.2496e+07 2.24994e+07 2.25021e+07 2.25042e+07 2.25059e+07 2.25072e+07 2.25083e+07 2.25091e+07 2.25098e+07 2.25103e+07 2.25107e+07 2.2511e+07 2.25113e+07 2.25115e+07 2.25117e+07 2.25118e+07 2.25119e+07 2.2512e+07 2.2512e+07 2.25121e+07 2.25121e+07 2.25122e+07 2.25122e+07 2.25122e+07 2.25122e+07 2.25122e+07 2.25123e+07 2.25123e+07 2.25123e+07 2.25123e+07 2.25123e+07 2.25123e+07 2.25123e+07 2.25123e+07 2.25123e+07 2.25123e+07 2.25123e+07 2.25123e+07 2.25123e+07 2.25123e+07 2.25123e+07 2.25123e+07 2.25123e+07 2.25123e+07 2.25123e+07 2.25123e+07 2.25123e+07 2.25123e+07 2.25123e+07 2.25123e+07 2.25123e+07 2.25123e+07 2.25123e+07 2.25123e+07 2.25123e+07 2.25123e+07 2.25123e+07 2.25123e+07 2.25123e+07 2.25123e+07 2.25123e+07 2.25123e+07 2.25123e+07 2.25123e+07 2.25123e+07 2.25123e+07 2.25123e+07 2.25123e+07 2.25123e+07 2.25123e+07 2.25123e+07 2.25123e+07 2.25123e+07 0 0 0 0 0 0 0 0 0 0 0 0 0 0 0 0 0 0 0 0 0 0 0 0 0
#obs survey bio
 2.36813e+06 3.59701e+06 5.28769e+06 2.51215e+06 2.30442e+06 3.01792e+06 2.40326e+06 2.03057e+06 1.58531e+06 1.72289e+06 1.93315e+06 1.24961e+06 1.17568e+06 1.04982e+06 1.07404e+06 882701 780533 499606 528900 859478 355354 430691 427557 660700 572532 460036 533483 524079 588111 510428 516729 460711 839129 604269 612061 665349 521294 722068 406099 477758 566431 481605 431678 639034 654586 698563 461302 549822 576812 748856 916006 427414 493296 434509 446421 896968
#pred catch bio
 87613.9 94227.6 156235 214825 263182 280570 287515 324355 283692 305831 289517 286791 242237 241717 235607 221583 177321 161516 151586 133090 138570 115955 114060 115084 105951 108287 98867.7 99935.7 98482 98306.6 92917.6 88619.6 89616.7 104693 100422 89943.2 90196.5 100241 83758.3 92888.9 82517.5 87281.7 91216.9 88451.1 87593.5 90191.3 87408.8 96119.1 90160.4 86446.2 123995 103201 68338.9 103726 84326.2 65096.6 81738.8 96776.1 97293.2 101228 108136 116041 123543 129975 135143 139112 142061 144198 145718 146783 147520 148026 148370 148603 148760 148866 148936 148983 149015 149035 149049 149058 149064 149068 149071 149073 149074 149075 149075 149076 149076 149076 149076 149076 149076 149076 149076 149076 149076 149076 149076 149076 149076 149076 149076 149076 149076 149076 149076 149076 149076 149076 149076 149076 149076 149076 149076 149076 149076 149076 149076 149076 149076 149076 149076 149076 149076 149076 149076 149076 149076 149076 149076 149076 149076 149076 149076 149076 149076 149076 149076 149076 149076 149076 149076 149076 149076 149076 149076 149076 149076 149076 149076 149076 149076 149076 0 0 0 0 0 0 0 0 0 0 0 0 0 0 0 0 0 0 0 0 0 0 0 0 0
#obs catch bio
 0 94017.9 156603 215636 265107 282902 290884 330778 289059 312030 294593 293216 246289 247021 240384 226441 180233 165479 155234 134287 140942 117669 116054 116860 107082 110036 100136 101182 99532.1 99695.4 93843.4 89347.1 90087 105147 100955 89901.8 90392.6 100161 83839.4 93009 81808.8 86867.9 91137.7 88237 87159.4 89617.7 87109.1 95966.6 90115.1 85823.5 123821 103201 67752.9 104134 84664.8 64937.6
#pred cpue bio
 4.04323e+06 3.9041e+06 3.75553e+06 3.54202e+06 3.2773e+06 2.98069e+06 2.68999e+06 2.41749e+06 2.12935e+06 1.90665e+06 1.67631e+06 1.47608e+06 1.28717e+06 1.1534e+06 1.02369e+06 900851 791010 728258 681174 641553 618669 585320 575054 565826 553620 550222 542883 545363 545950 547220 547287 551788 559594 564213 547594 530652 522986 516947 503264 511630 510787 521642 527462 529027 533932 540136 543841 551796 550798 557451 569884 538770 530388 565569 562860 582180 2.18054e+07 1.31319e+07 1.32642e+07 1.38697e+07 1.48955e+07 1.6069e+07 1.71947e+07 1.81771e+07 1.89858e+07 1.96263e+07 2.01203e+07 2.04947e+07 2.07753e+07 2.09841e+07 2.1139e+07 2.12539e+07 2.13393e+07 2.1403e+07 2.14507e+07 2.14865e+07 2.15137e+07 2.15343e+07 2.15501e+07 2.15622e+07 2.15716e+07 2.15788e+07 2.15845e+07 2.15889e+07 2.15923e+07 2.1595e+07 2.15971e+07 2.15988e+07 2.16001e+07 2.16011e+07 2.1602e+07 2.16026e+07 2.16031e+07 2.16036e+07 2.16039e+07 2.16041e+07 2.16044e+07 2.16045e+07 2.16047e+07 2.16048e+07 2.16048e+07 2.16049e+07 2.1605e+07 2.1605e+07 2.1605e+07 2.16051e+07 2.16051e+07 2.16051e+07 2.16051e+07 2.16051e+07 2.16051e+07 2.16051e+07 2.16051e+07 2.16052e+07 2.16052e+07 2.16052e+07 2.16052e+07 2.16052e+07 2.16052e+07 2.16052e+07 2.16052e+07 2.16052e+07 2.16052e+07 2.16052e+07 2.16052e+07 2.16052e+07 2.16052e+07 2.16052e+07 2.16052e+07 2.16052e+07 2.16052e+07 2.16052e+07 2.16052e+07 2.16052e+07 2.16052e+07 2.16052e+07 2.16052e+07 2.16052e+07 2.16052e+07 2.16052e+07 2.16052e+07 2.16052e+07 2.16052e+07 2.16052e+07 2.16052e+07 2.16052e+07 2.16052e+07 2.16052e+07 2.16052e+07 2.16052e+07 2.16052e+07 2.16052e+07 2.16052e+07 2.16052e+07 2.16052e+07 2.16052e+07 0 0 0 0 0 0 0 0 0 0 0 0 0 0 0 0 0 0 0 0 0 0 0 0 0
#obs cpue bio
 2.82848e+06 3.77809e+06 3.46848e+06 3.42218e+06 2.9011e+06 2.43078e+06 1.71079e+06 1.90168e+06 1.64328e+06 2.56167e+06 1.3983e+06 1.24418e+06 1.26298e+06 875011 925299 725057 663009 511426 693692 809051 704495 549486 561659 500945 537673 442020 482179 543815 492699 409657 643241 645422 430295 723062 417426 588133 441112 604824 413237 757115 929685 510985 534268 513564 593422 563509 505540 609316 468932 637855 385016 602468 721912 638228 503134 572189
#pred surv len freq
 0.00493928 0.00802358 0.0120832 0.0171002 0.0229529 0.0293357 0.0357317 0.0415377 0.0462914 0.0498263 0.0522485 0.0538027 0.054746 0.0552821 0.0555361 0.0555507 0.0552977 0.0546959 0.0536101 0.0518238 0.0490242 0.0448689 0.0391714 0.0321257 0.0243944
 0.00504835 0.00812244 0.0120924 0.0169117 0.0224762 0.0285605 0.0347664 0.0405868 0.0455705 0.0494618 0.0522254 0.0539874 0.0549663 0.0554135 0.0555539 0.0555303 0.0553702 0.0549787 0.0541437 0.0525452 0.0497913 0.0455246 0.0396119 0.032334 0.0244265
 0.00533112 0.00855417 0.012684 0.0176389 0.0232679 0.0292944 0.035284 0.0407389 0.0452863 0.0488004 0.0513642 0.0531408 0.054283 0.0549236 0.0551959 0.0552286 0.0551015 0.0547843 0.0540868 0.0526514 0.0500167 0.0457741 0.0397909 0.0323954 0.0243829
 0.00559006 0.00897971 0.0133314 0.0185581 0.0244865 0.0307919 0.0369649 0.0424245 0.0467403 0.0497897 0.0517343 0.0528718 0.0534938 0.0538159 0.0539674 0.0540097 0.0539488 0.0537177 0.0531264 0.0518221 0.0493285 0.0452082 0.0393108 0.0319732 0.0240143
 0.00584731 0.00939508 0.0139525 0.0194304 0.0256485 0.0322638 0.0387317 0.0444175 0.0488262 0.0517738 0.0533835 0.0539605 0.0538657 0.0534354 0.0529311 0.0525052 0.0521853 0.0518693 0.051313 0.05012 0.0477867 0.0438573 0.0381667 0.0310412 0.0232924
 0.00614628 0.00987076 0.0146497 0.0203856 0.026886 0.0337889 0.040522 0.0464167 0.0509459 0.053898 0.0553694 0.055638 0.0550482 0.0539528 0.0526792 0.0514862 0.0505145 0.0497397 0.048941 0.0477007 0.0454746 0.0417667 0.0363767 0.0295974 0.0222049
 0.00644132 0.0103441 0.0153505 0.0213559 0.0281534 0.0353564 0.042356 0.0484442 0.0530649 0.0559963 0.0573375 0.0573689 0.0564268 0.0548494 0.0529601 0.0510466 0.0493204 0.0478566 0.0465303 0.0449863 0.042697 0.0391438 0.0340783 0.02773 0.0208049
 0.00668128 0.0107371 0.0159476 0.0222072 0.0292996 0.0368145 0.044104 0.0504146 0.0551538 0.0580826 0.0593025 0.0591067 0.0578439 0.0558566 0.0534636 0.0509494 0.0485421 0.0463697 0.0443946 0.0423611 0.0398209 0.0362876 0.0314895 0.0255853 0.0191839
 0.00697344 0.0112046 0.0166379 0.0231611 0.030546 0.0383611 0.0459257 0.0524462 0.0572942 0.0602094 0.0612897 0.0608385 0.0592226 0.0568037 0.0539138 0.0508415 0.0478177 0.0449885 0.0423673 0.0397837 0.036888 0.0332684 0.0286694 0.023196 0.0173517
 0.00719092 0.011554 0.0171565 0.0238822 0.0314951 0.0395486 0.0473385 0.0540432 0.0590099 0.0619634 0.0629949 0.0624058 0.060563 0.0578307 0.054546 0.051004 0.0474433 0.044026 0.0408023 0.0376688 0.0343671 0.0305718 0.0260695 0.0209374 0.0155871
 0.00749165 0.0120312 0.0178527 0.0248289 0.0327068 0.0410151 0.0490152 0.0558497 0.0608413 0.063711 0.064565 0.0637271 0.0615847 0.0585138 0.0548544 0.0508983 0.0468792 0.0429621 0.0392189 0.0355974 0.0319182 0.0279412 0.0235074 0.0186839 0.013805
 0.00776813 0.012475 0.0185098 0.0257377 0.0338906 0.04247 0.050698 0.0576743 0.0626901 0.0654581 0.0660984 0.0649627 0.0624695 0.0590213 0.054975 0.0506264 0.0462041 0.0418668 0.0376932 0.0336642 0.0296625 0.0255231 0.0211418 0.0165873 0.0121322
 0.00812456 0.0130341 0.0193135 0.0268119 0.0352411 0.0440779 0.052511 0.0596027 0.0646144 0.0672468 0.0676289 0.0661375 0.0632247 0.0593294 0.0548391 0.0500688 0.0452522 0.0405435 0.0360196 0.0316773 0.0274399 0.0231996 0.0188982 0.014609 0.0105543
 0.00834089 0.0133846 0.0198384 0.0275471 0.0362109 0.0452833 0.0539191 0.061144 0.0661936 0.068761 0.0689832 0.0672513 0.0640332 0.0597844 0.0549116 0.0497501 0.0445517 0.0394831 0.0346313 0.0300091 0.0255696 0.0212452 0.0170109 0.012942 0.00922034
 0.00854844 0.013724 0.020353 0.0282777 0.0371877 0.0465118 0.0553664 0.0627333 0.0678144 0.0702906 0.0703084 0.0682838 0.0647153 0.0600875 0.0548301 0.0492951 0.0437449 0.0383549 0.033222 0.0283746 0.0237897 0.019429 0.0152886 0.0114403 0.00802853
 0.00875821 0.0140642 0.0208634 0.028995 0.0381381 0.0477006 0.0567649 0.064273 0.0693933 0.0717895 0.0716101 0.0692892 0.0653544 0.0603247 0.0546632 0.048748 0.0428575 0.0371753 0.0318043 0.0267823 0.0221032 0.0177482 0.0137255 0.0100981 0.00697571
 0.00904655 0.0145109 0.021495 0.0298221 0.0391561 0.048889 0.0580849 0.0656649 0.0707783 0.0730782 0.0727135 0.0701282 0.0658676 0.0604743 0.0544385 0.0481647 0.0419528 0.0360016 0.0304236 0.0252653 0.0205312 0.0162139 0.0123251 0.00891459 0.00605918
 0.00906367 0.0145546 0.0215899 0.0300013 0.0394527 0.0493249 0.0586605 0.066358 0.0715516 0.0738901 0.0735231 0.0708925 0.066537 0.060992 0.0547476 0.0482193 0.0417293 0.0355036 0.0296822 0.0243359 0.0194887 0.0151457 0.0113211 0.00805118 0.00538364
 0.00894251 0.0143814 0.0213744 0.029771 0.0392496 0.0491978 0.058656 0.0665116 0.0718801 0.074385 0.0741503 0.0715995 0.0672623 0.0616734 0.0553252 0.0486379 0.0419431 0.0354841 0.0294267 0.0238714 0.0188705 0.0144494 0.010629 0.00743556 0.00489202
 0.00906924 0.0145403 0.021528 0.0298593 0.0392117 0.0490035 0.0583304 0.0661342 0.0715577 0.0742136 0.0741851 0.0718449 0.0676798 0.0621975 0.0558798 0.0491482 0.0423433 0.0357237 0.0294767 0.0237306 0.0185677 0.0140394 0.01018 0.00701279 0.00454241
 0.00919933 0.0147336 0.0217827 0.0301551 0.0395076 0.0492399 0.0584382 0.0660548 0.0712717 0.0737629 0.0736711 0.0713967 0.0674069 0.0621524 0.0560484 0.0494644 0.0427164 0.036064 0.0297143 0.023826 0.0185163 0.0138686 0.00993875 0.0067558 0.0043142
 0.00937065 0.0150087 0.0221888 0.0307109 0.0402137 0.0500663 0.0593134 0.0668678 0.0718921 0.0740777 0.0736223 0.071004 0.0667642 0.0613984 0.0553207 0.048859 0.0422673 0.0357495 0.0294808 0.0236167 0.0182927 0.0136196 0.00967788 0.00650945 0.00410737
 0.00933227 0.0149528 0.0221177 0.0306344 0.0401502 0.0500427 0.0593607 0.0670111 0.0721364 0.0743953 0.0739526 0.0712705 0.0669045 0.0613906 0.0551926 0.048673 0.0420899 0.0356225 0.0294092 0.0235762 0.0182501 0.0135521 0.00958232 0.006399 0.00400135
 0.00927532 0.0148672 0.0220022 0.0304932 0.0399929 0.0498837 0.0592199 0.0669131 0.0721081 0.0744585 0.0741136 0.0715113 0.0671819 0.0616481 0.0553816 0.0487719 0.0421103 0.0355973 0.0293714 0.0235433 0.0182212 0.0135173 0.0095347 0.00634067 0.00394135
 0.00936295 0.0149865 0.0221391 0.0306207 0.0400795 0.0499059 0.0591725 0.0668114 0.0719809 0.0743385 0.0740289 0.0714798 0.0672077 0.0617191 0.0554714 0.0488489 0.0421502 0.0355929 0.0293323 0.0234865 0.0181607 0.0134593 0.00947985 0.00628916 0.00389532
 0.00932457 0.0149366 0.0220863 0.0305778 0.0400567 0.049902 0.0591704 0.0667839 0.0719063 0.0742151 0.0738807 0.0713476 0.0671316 0.0617227 0.0555542 0.0489888 0.0423134 0.0357464 0.0294543 0.0235695 0.0182083 0.01348 0.0094821 0.00628001 0.00388068
 0.00932055 0.014929 0.0220733 0.0305589 0.0400344 0.0498833 0.0591658 0.0668023 0.0719467 0.0742631 0.0739128 0.0713441 0.0670891 0.0616578 0.0554943 0.0489575 0.0423193 0.0357818 0.0295021 0.023613 0.0182374 0.0134925 0.0094813 0.00627114 0.00386868
 0.00926995 0.0148446 0.0219431 0.0303713 0.0397832 0.0495732 0.058818 0.0664547 0.071647 0.0740555 0.0738246 0.0713781 0.0672253 0.0618635 0.0557375 0.0492156 0.0425796 0.0360358 0.0297399 0.0238227 0.0184086 0.0136204 0.00956773 0.00632347 0.00389656
 0.00920378 0.0147469 0.0218139 0.0302159 0.0396087 0.0493848 0.0586171 0.0662418 0.0714278 0.0738461 0.0736515 0.0712711 0.0672069 0.0619398 0.0558966 0.0494331 0.0428276 0.0362903 0.0299828 0.0240407 0.0185922 0.0137638 0.00967064 0.00639049 0.00393578
 0.00904838 0.0145164 0.0215085 0.0298514 0.0392129 0.048991 0.0582578 0.0659443 0.0712106 0.0737162 0.0736059 0.0713019 0.0673079 0.0621082 0.0561295 0.0497219 0.0431551 0.0366328 0.0303154 0.0243423 0.0188479 0.0139662 0.00981919 0.00649084 0.00399763
 0.00897222 0.0143858 0.0213004 0.0295437 0.0387932 0.0484693 0.057675 0.0653687 0.0707201 0.0733741 0.0734432 0.0713149 0.0674684 0.0623791 0.0564762 0.0501169 0.0435767 0.0370605 0.030728 0.0247189 0.0191712 0.0142256 0.0100126 0.00662384 0.00408146
 0.00886918 0.0142242 0.021068 0.0292314 0.0383958 0.0479865 0.057116 0.064759 0.0701057 0.0728195 0.0730198 0.0710828 0.0674586 0.0625855 0.0568606 0.050624 0.0441492 0.037649 0.0312933 0.0252315 0.0196098 0.0145781 0.0102768 0.0068072 0.00419835
 0.00867304 0.013927 0.0206609 0.0287211 0.0378019 0.0473374 0.0564457 0.0641054 0.0695085 0.0723167 0.0726464 0.0708709 0.0674354 0.0627669 0.0572422 0.0511759 0.0448198 0.0383755 0.0320147 0.0258972 0.0201843 0.015042 0.0106259 0.00705063 0.00435453
 0.0084204 0.013543 0.0201336 0.0280585 0.0370318 0.0465033 0.0556043 0.0633216 0.0688456 0.0718243 0.0723511 0.0707773 0.067535 0.0630464 0.0576876 0.0517684 0.0455293 0.0391575 0.0328139 0.0266566 0.0208559 0.0155942 0.011047 0.00734711 0.00454629
 0.00842589 0.0135351 0.020091 0.0279523 0.0368338 0.0461997 0.0552058 0.0628637 0.068378 0.0713947 0.0719941 0.0705116 0.0673676 0.0629802 0.0577259 0.0519153 0.045785 0.0395119 0.0332418 0.0271189 0.0213079 0.0159958 0.0113718 0.00758617 0.00470611
 0.00918804 0.0146081 0.0213978 0.0293152 0.0380222 0.0470081 0.0555193 0.0626781 0.0677761 0.0705051 0.0709546 0.0694446 0.066367 0.0621067 0.0570114 0.0513715 0.0454122 0.0393019 0.0331771 0.0271708 0.0214376 0.016161 0.0115355 0.00772344 0.00480648
 0.00979376 0.0155713 0.0227978 0.0311861 0.0403163 0.0495576 0.0580212 0.0647405 0.0690321 0.0707449 0.0701973 0.0679098 0.0643733 0.0599629 0.0549495 0.049532 0.0438612 0.0380571 0.0322277 0.0264886 0.0209818 0.0158828 0.0113837 0.00765186 0.00477909
 0.00965111 0.0154499 0.0228197 0.0315335 0.0411836 0.0510719 0.0601651 0.067318 0.0716951 0.0730722 0.0718016 0.0685414 0.0639855 0.0587109 0.053123 0.0474558 0.0418104 0.0362167 0.0306929 0.0252865 0.0200954 0.0152693 0.0109875 0.00741465 0.00464836
 0.00940002 0.0150807 0.0223432 0.0310027 0.0407022 0.0507937 0.0602766 0.067992 0.0730179 0.0749714 0.0740216 0.0706951 0.0656696 0.0596342 0.053189 0.0467679 0.0406089 0.0347842 0.0292736 0.0240435 0.0191065 0.0145455 0.010498 0.00710908 0.00447285
 0.00910703 0.0146082 0.0216422 0.0300391 0.0394754 0.049362 0.0587807 0.0666554 0.0721103 0.0747378 0.0746002 0.072054 0.0675921 0.0617678 0.0551486 0.048254 0.0414869 0.0350939 0.029173 0.0237271 0.0187378 0.0142251 0.0102657 0.00696318 0.00439245
 0.00921936 0.0147423 0.0217531 0.0300519 0.0393015 0.0489286 0.058061 0.0656893 0.0710095 0.0736762 0.0737861 0.0716827 0.0677837 0.0625132 0.0562946 0.0495448 0.0426512 0.0359368 0.0296279 0.0238474 0.0186439 0.0140424 0.0100835 0.00682445 0.00430454
 0.009269 0.014817 0.0218519 0.030163 0.0393966 0.0489587 0.0579586 0.0653846 0.070459 0.0728956 0.0728683 0.0707891 0.0671055 0.0622137 0.0564515 0.0501168 0.0434875 0.0368311 0.0303945 0.0243804 0.018933 0.0141456 0.0100815 0.00678387 0.00426358
 0.0092095 0.0147456 0.0217907 0.0301469 0.0394613 0.049122 0.0582043 0.0656564 0.0706714 0.0729573 0.0727133 0.0704063 0.0665551 0.0616201 0.0559668 0.0498661 0.04352 0.0371021 0.0307905 0.0247725 0.0192297 0.0143165 0.0101469 0.00678649 0.00424209
 0.00916029 0.0146697 0.0216858 0.0300173 0.0393219 0.0490003 0.0581379 0.0656824 0.0708069 0.0731817 0.0729644 0.0705976 0.0666112 0.0615119 0.0557298 0.0495888 0.0433055 0.0370221 0.0308554 0.024936 0.0194195 0.0144728 0.0102433 0.00682812 0.00424949
 0.00916902 0.0146703 0.0216617 0.0299459 0.0391816 0.0487824 0.057857 0.0653785 0.0705378 0.0730054 0.0729182 0.0706825 0.0667879 0.0617151 0.0558968 0.0496881 0.0433495 0.0370538 0.0309191 0.0250493 0.0195676 0.0146219 0.0103635 0.00690662 0.00429072
 0.00923169 0.014759 0.02177 0.0300571 0.0392709 0.0488212 0.0578194 0.0652494 0.0703203 0.0727266 0.0726271 0.0704366 0.0666332 0.0616682 0.0559397 0.0497806 0.0434516 0.0371451 0.0310014 0.0251354 0.0196644 0.0147234 0.0104554 0.00697678 0.00433547
 0.00928616 0.0148479 0.0219037 0.0302429 0.0395085 0.0490968 0.0581016 0.0654916 0.0704721 0.0727497 0.0725103 0.070201 0.0663267 0.0613497 0.0556603 0.0495687 0.0433095 0.0370583 0.0309527 0.0251136 0.0196644 0.0147405 0.0104821 0.0070042 0.004357
 0.00922489 0.0147631 0.0218039 0.0301463 0.0394391 0.0490776 0.0581466 0.0656011 0.07063 0.0729256 0.0726652 0.070299 0.0663469 0.0612949 0.0555551 0.0494489 0.0432074 0.0369919 0.0309243 0.0251157 0.0196862 0.0147726 0.0105169 0.0070356 0.00438133
 0.00924649 0.014795 0.0218464 0.030199 0.0395026 0.0491554 0.058246 0.0657297 0.0707905 0.0731095 0.0728503 0.0704527 0.0664353 0.061294 0.0554603 0.0492772 0.0429921 0.036771 0.0307286 0.0249622 0.0195785 0.0147049 0.0104793 0.00701797 0.00437492
 0.00924527 0.0147874 0.0218248 0.0301534 0.039424 0.0490412 0.0581046 0.0655816 0.070665 0.0730365 0.0728512 0.0705325 0.0665791 0.0614702 0.0556302 0.0494087 0.0430692 0.0367969 0.0307202 0.02494 0.0195585 0.0146946 0.0104789 0.00702369 0.00438262
 0.00921574 0.0147394 0.0217524 0.0300508 0.0392864 0.0488664 0.0578956 0.0653494 0.0704296 0.072826 0.0726978 0.0704649 0.0666141 0.0616057 0.0558436 0.0496624 0.0433229 0.0370188 0.0308948 0.0250674 0.0196482 0.0147582 0.0105252 0.00705756 0.00440653
 0.0095572 0.0152706 0.0225051 0.0310331 0.040475 0.0501989 0.0592649 0.0666104 0.0714254 0.0734275 0.072837 0.0701491 0.0659167 0.0606419 0.0547405 0.0485324 0.0422476 0.0360471 0.0300497 0.0243575 0.0190747 0.014317 0.0102057 0.00684221 0.00427263
 0.00956513 0.0153035 0.022592 0.031214 0.0407917 0.0506796 0.0599082 0.067377 0.0722414 0.074196 0.0734565 0.0705339 0.0660161 0.060452 0.0543041 0.0479251 0.0415564 0.0353499 0.0294036 0.0237962 0.0186135 0.0139583 0.00994313 0.00666302 0.00415973
 0.00921628 0.0147577 0.0218137 0.0301938 0.0395593 0.0493166 0.0585553 0.0662198 0.0714673 0.0739377 0.0737492 0.071307 0.0671205 0.061706 0.0555399 0.0490219 0.0424528 0.0360373 0.0299067 0.0241529 0.0188603 0.0141248 0.010052 0.00673114 0.00420018
 0.0089874 0.0144367 0.0214235 0.0297835 0.0391847 0.0490136 0.0583235 0.0660314 0.0712965 0.07379 0.0736682 0.0713534 0.0673357 0.0620852 0.0560289 0.0495379 0.0429158 0.0363948 0.0301429 0.0242823 0.018913 0.0141326 0.0100394 0.0067137 0.00418526
 0.00816225 0.0132117 0.0197996 0.0278455 0.0370871 0.0469491 0.0564916 0.0646107 0.0704164 0.0735046 0.0739503 0.0721172 0.068473 0.0634914 0.0576054 0.0511837 0.0445246 0.0378662 0.0314019 0.0252916 0.0196737 0.0146734 0.0104027 0.00694399 0.00432237
#obs surv len freq
 nan nan nan nan nan nan nan nan nan nan nan nan nan nan nan nan nan nan nan nan nan nan nan nan nan
 0.00448065 0.0073403 0.0111689 0.0159847 0.0216859 0.0279628 0.0342786 0.0400117 0.0446927 0.0481576 0.0505161 0.0520125 0.052905 0.0534176 0.0537321 0.0539871 0.0542658 0.0545586 0.0546974 0.0542893 0.0527272 0.0493592 0.0438086 0.0362883 0.0276714
 0.00462045 0.00756675 0.0115079 0.016459 0.0223097 0.0287337 0.0351692 0.0409664 0.0456351 0.0490043 0.0511925 0.0524635 0.0531018 0.053358 0.0534369 0.0534928 0.0536152 0.0537942 0.053858 0.0534117 0.0518501 0.0485254 0.0430625 0.0356676 0.0271971
 0.00477701 0.00782648 0.0119082 0.0170375 0.0230959 0.0297361 0.0363621 0.0422859 0.0469876 0.0502837 0.052297 0.0533076 0.0536228 0.0535205 0.0532353 0.0529493 0.0527744 0.0527146 0.0526052 0.0520556 0.0504657 0.0471932 0.0418626 0.0346659 0.02643
 0.00497014 0.00814096 0.0123829 0.0177095 0.0239952 0.0308746 0.0377223 0.043814 0.0485972 0.0518678 0.0537426 0.0545075 0.0544852 0.0539766 0.0532446 0.052503 0.0518954 0.0514545 0.0510407 0.0502842 0.0486029 0.0453667 0.0401985 0.0332676 0.0253555
 0.00519414 0.00850649 0.0129355 0.0184923 0.0250405 0.0321913 0.0392825 0.0455492 0.0504084 0.053644 0.0553761 0.0559005 0.0555501 0.0546367 0.0534379 0.0521889 0.0510623 0.0501263 0.0492813 0.0481996 0.0463386 0.0430956 0.0380981 0.0314856 0.0239779
 0.00541317 0.00886705 0.0134865 0.0192826 0.0261093 0.0335538 0.0409144 0.0473814 0.0523364 0.0555479 0.0571399 0.0574227 0.0567457 0.055434 0.0537757 0.0520164 0.0503446 0.0488564 0.0474951 0.0459892 0.0438567 0.040544 0.0356957 0.0294219 0.0223693
 0.00564868 0.00925279 0.0140726 0.020118 0.0272332 0.0349811 0.0426212 0.0492979 0.0543564 0.0575477 0.0589975 0.0590301 0.0580133 0.0562908 0.0541651 0.0518918 0.0496692 0.0476108 0.0456943 0.0437053 0.0412342 0.0377951 0.0330664 0.0271355 0.0205709
 0.00589764 0.00965949 0.0146884 0.0209921 0.0284035 0.0364598 0.0443794 0.0512607 0.0564128 0.0595723 0.0608695 0.0606446 0.0592845 0.0571503 0.0545591 0.0517771 0.0490108 0.0463863 0.043909 0.0414164 0.0385727 0.0349689 0.0303301 0.0247311 0.0186634
 0.00614129 0.01006 0.0152992 0.0218657 0.0295809 0.0379543 0.0461599 0.0532465 0.0584857 0.0615998 0.0627274 0.0622289 0.0605144 0.0579655 0.0549148 0.0516381 0.0483479 0.0451793 0.04216 0.0391727 0.0359521 0.0321675 0.027597 0.0223111 0.0167301
 0.00638827 0.0104634 0.0159099 0.0227324 0.0307414 0.0394206 0.0479031 0.0551904 0.0605165 0.0635867 0.0645442 0.0637676 0.0616917 0.0587229 0.0552138 0.0514539 0.0476627 0.0439817 0.0404553 0.0370046 0.033427 0.0294657 0.0249529 0.0199601 0.0148431
 0.00660746 0.0108272 0.0164713 0.0235448 0.0318477 0.0408355 0.0495958 0.0570797 0.0624835 0.0654997 0.06628 0.0652246 0.0627924 0.059413 0.0554588 0.051234 0.0469678 0.0428096 0.0388183 0.034947 0.0310474 0.026928 0.0224708 0.0177503 0.0130655
 0.00682371 0.0111801 0.0170053 0.0243028 0.0328637 0.0421226 0.0511322 0.0588019 0.0642924 0.0672768 0.0679064 0.0665952 0.0638249 0.0600509 0.0556695 0.0510029 0.0462917 0.041694 0.0372824 0.0330374 0.0288564 0.0246038 0.0202044 0.0157347 0.0114437
 0.00705097 0.0115509 0.0175652 0.0250942 0.0339163 0.0434393 0.0526758 0.0604921 0.0660189 0.068922 0.0693647 0.0677826 0.0646798 0.0605317 0.0557523 0.0506786 0.0455629 0.040573 0.0357945 0.0312317 0.0268201 0.0224701 0.0181413 0.0139102 0.00998063
 0.00729071 0.0119433 0.0181601 0.0259382 0.0350415 0.0448469 0.0543197 0.0622755 0.0678093 0.0705791 0.0707676 0.0688445 0.0653512 0.0607949 0.0556121 0.0501528 0.0446748 0.0393493 0.0342694 0.0294571 0.0248781 0.0204796 0.0162471 0.012254 0.0086631
 0.0074344 0.0121861 0.0185428 0.026505 0.0358313 0.0458791 0.055579 0.0637052 0.0693171 0.0720532 0.0720948 0.0699251 0.0661094 0.0611852 0.0556192 0.0497859 0.043959 0.0383188 0.0329664 0.0279371 0.0232192 0.0187869 0.0146442 0.0108587 0.00755705
 0.00755447 0.0123749 0.0188161 0.0268759 0.0363112 0.0464781 0.0563035 0.0645514 0.0702654 0.0730638 0.073107 0.0708629 0.0668918 0.0617383 0.0558874 0.0497381 0.0435898 0.037645 0.0320236 0.0267793 0.0219214 0.0174444 0.0133644 0.00974149 0.00667056
 0.00758202 0.0124245 0.0188995 0.0270069 0.0365031 0.0467391 0.0566344 0.064947 0.0707196 0.0735734 0.0736692 0.0714665 0.0675068 0.0623125 0.0563532 0.0500266 0.0436461 0.0374397 0.0315577 0.0260852 0.0210599 0.0165 0.0124327 0.00891111 0.00600329
 0.00766332 0.0125425 0.0190513 0.0271821 0.0366884 0.0469254 0.056821 0.0651412 0.0709313 0.0738101 0.0739345 0.07176 0.067824 0.0626407 0.0566658 0.0502813 0.0437905 0.0374243 0.0313511 0.0256854 0.0204996 0.0158415 0.0117553 0.00829167 0.00549761
 0.00770967 0.0126156 0.0191563 0.0273205 0.0368556 0.0471089 0.0570009 0.0652949 0.0710434 0.0738811 0.0739823 0.0718127 0.0679075 0.0627682 0.0568322 0.0504632 0.0439489 0.0375123 0.0313252 0.0255202 0.0201981 0.0154382 0.0113073 0.00786157 0.00513521
 0.00776399 0.0126974 0.0192675 0.0274585 0.0370145 0.0472805 0.0571751 0.0654593 0.0711834 0.0739825 0.0740367 0.0718227 0.0678882 0.0627426 0.0568223 0.0504792 0.0439831 0.0375395 0.0313109 0.0254328 0.0200231 0.0151857 0.0110101 0.00756392 0.0048765
 0.00780715 0.012763 0.0193576 0.0275715 0.0371451 0.0474202 0.057313 0.0655835 0.0712836 0.0740518 0.0740733 0.0718286 0.0678687 0.0627062 0.0567804 0.0504432 0.0439595 0.0375242 0.0312879 0.0253802 0.0199232 0.0150353 0.0108238 0.00736868 0.00470051
 0.0078512 0.0128317 0.0194552 0.0276995 0.0373008 0.0475963 0.0574965 0.0657568 0.0714275 0.0741513 0.0741205 0.0718244 0.0678207 0.062626 0.0566812 0.0503378 0.0438584 0.0374326 0.0312037 0.025294 0.0198237 0.0149159 0.0106883 0.00723027 0.00457579
 0.00787917 0.0128751 0.0195166 0.0277797 0.0373991 0.0477098 0.05762 0.0658824 0.0715451 0.0742501 0.0741911 0.0718601 0.0678194 0.0625901 0.0566173 0.0502553 0.0437673 0.0373411 0.0311158 0.0252089 0.0197369 0.0148238 0.0105913 0.0071344 0.0044901
 0.00789025 0.0128905 0.0195352 0.0277989 0.0374162 0.0477233 0.057631 0.0658943 0.0715627 0.0742771 0.0742284 0.0719051 0.0678657 0.0626301 0.0566441 0.0502651 0.0437601 0.0373198 0.0310842 0.0251697 0.019691 0.0147712 0.0105337 0.00707595 0.00443663
 0.00788694 0.0128821 0.0195169 0.0277648 0.0373607 0.0476443 0.0575322 0.0657863 0.0714608 0.0741981 0.0741863 0.0719079 0.0679133 0.0627145 0.0567512 0.0503787 0.0438661 0.0374083 0.0311506 0.0252131 0.0197129 0.0147744 0.0105221 0.00705507 0.0044124
 0.00789925 0.0128967 0.0195288 0.0277657 0.0373409 0.0475957 0.0574518 0.0656775 0.071334 0.0740688 0.0740725 0.0718269 0.0678782 0.0627302 0.0568138 0.0504763 0.043982 0.0375257 0.0312556 0.0252971 0.0197723 0.0148101 0.0105379 0.0070566 0.00440577
 0.0079113 0.0129172 0.0195609 0.0278117 0.0374002 0.0476624 0.0575135 0.0657176 0.0713367 0.0740258 0.0739873 0.0717143 0.0677595 0.0626273 0.0567431 0.0504454 0.0439886 0.0375599 0.0313039 0.0253464 0.0198133 0.0148379 0.0105524 0.0070604 0.00440305
 0.00788357 0.0128714 0.0194912 0.0277134 0.0372724 0.047511 0.0573526 0.0655672 0.0712165 0.0739479 0.0739531 0.0717169 0.0677895 0.0626786 0.0568142 0.050537 0.0441002 0.0376869 0.0314368 0.0254736 0.0199239 0.0149249 0.0106139 0.00709902 0.0044242
 0.00786838 0.0128432 0.0194422 0.0276345 0.0371553 0.0473524 0.0571579 0.0653522 0.0710053 0.0737677 0.0738271 0.0716585 0.0678003 0.0627492 0.0569294 0.0506817 0.0442621 0.0378564 0.0316056 0.0256326 0.020064 0.0150391 0.0106991 0.00715667 0.00445924
 0.00782807 0.0127766 0.0193401 0.0274879 0.0369577 0.0471033 0.0568661 0.0650375 0.070696 0.073496 0.0736233 0.071546 0.0677912 0.062842 0.0571097 0.0509256 0.0445425 0.038148 0.0318877 0.0258898 0.0202853 0.015218 0.0108336 0.00724987 0.00451822
 0.00782476 0.0127684 0.0193224 0.027454 0.0368998 0.0470139 0.0567405 0.0648754 0.0705034 0.0732854 0.0734135 0.0713604 0.0676538 0.0627726 0.057119 0.0510124 0.044694 0.0383436 0.0321036 0.0261036 0.0204795 0.0153808 0.0109596 0.00733947 0.00457639
 0.0078088 0.0127399 0.0192748 0.0273797 0.0367922 0.0468702 0.0565642 0.0646767 0.070297 0.073087 0.0732376 0.0712192 0.067558 0.0627321 0.0571412 0.0511002 0.0448432 0.0385415 0.0323308 0.0263374 0.0206985 0.0155688 0.0111077 0.0074464 0.00464681
 0.00776532 0.0126741 0.0191848 0.0272665 0.0366588 0.0467201 0.056401 0.0645052 0.070124 0.0729224 0.0730933 0.071107 0.0674879 0.0627108 0.0571724 0.0511848 0.0449786 0.0387206 0.0325407 0.0265603 0.0209145 0.0157601 0.0112626 0.00756072 0.00472351
 0.00773247 0.0126154 0.0190872 0.0271162 0.0364462 0.0464469 0.0560851 0.0641793 0.0698266 0.0726856 0.0729354 0.071032 0.06749 0.0627804 0.0572996 0.0513603 0.0451936 0.0389652 0.0328028 0.0268251 0.0211651 0.0159806 0.0114415 0.00769377 0.00481361
 0.00932593 0.0148456 0.0217778 0.0298799 0.038796 0.047975 0.0566057 0.0637582 0.0687026 0.0711525 0.071251 0.0693793 0.0659778 0.0614599 0.0561848 0.0504448 0.0444621 0.0383996 0.0323841 0.0265324 0.0209755 0.0158693 0.0113843 0.00766948 0.00480646
 0.00930034 0.0151023 0.0226899 0.0319111 0.0422989 0.0529186 0.062402 0.0693568 0.0729634 0.0732945 0.0711108 0.0673558 0.0627569 0.057722 0.0524335 0.046976 0.0414127 0.0358126 0.0302554 0.0248364 0.0196741 0.0149149 0.0107211 0.00723666 0.00454337
 0.00896898 0.0145781 0.02195 0.0310019 0.0413913 0.0523468 0.0626247 0.0707934 0.0757434 0.0770696 0.0750965 0.0706298 0.0646448 0.0580322 0.0514279 0.0451535 0.0392733 0.0337197 0.028412 0.0233232 0.0184996 0.0140503 0.0101197 0.00684419 0.00430502
 0.00878006 0.0142648 0.0214677 0.0303079 0.0404616 0.0512064 0.0613882 0.0696941 0.0751165 0.0772614 0.0763091 0.0727725 0.0672981 0.0605831 0.0533189 0.0460965 0.0393081 0.0331138 0.0274965 0.0223676 0.0176649 0.0134011 0.00965819 0.00654145 0.00412166
 0.00873741 0.0141832 0.0213214 0.0300632 0.0400822 0.0506637 0.0606764 0.0688461 0.0742204 0.0764703 0.0758307 0.0728178 0.0679905 0.0618669 0.0549359 0.0476685 0.040492 0.0337349 0.027584 0.02209 0.0172249 0.012957 0.00929598 0.00628568 0.00396079
 0.00869531 0.0141172 0.0212259 0.0299322 0.0399074 0.0504328 0.0603733 0.0684563 0.0737404 0.075922 0.0752752 0.0723611 0.0677684 0.0620014 0.0554725 0.0485303 0.0414877 0.0346316 0.0282051 0.022378 0.0172366 0.012808 0.00909748 0.00610925 0.00383443
 0.00868891 0.0141044 0.0212023 0.0298922 0.0398453 0.0503444 0.060256 0.0683079 0.0735563 0.0756954 0.075003 0.0720561 0.067472 0.0617856 0.0554214 0.0487018 0.0418747 0.0351497 0.0287235 0.0227772 0.0174581 0.0128649 0.0090487 0.00601997 0.00374986
 0.00867756 0.0140866 0.0211765 0.0298572 0.0397998 0.0502868 0.0601851 0.0682227 0.0734567 0.0755813 0.0748736 0.0719112 0.0673158 0.0616343 0.0553079 0.0486702 0.041961 0.0353581 0.0290139 0.0230785 0.017701 0.0130118 0.00910312 0.0060127 0.00371656
 0.00865841 0.0140578 0.0211374 0.0298089 0.0397444 0.0502274 0.0601245 0.0681634 0.0734 0.075527 0.0748199 0.071855 0.0672546 0.061569 0.0552465 0.0486298 0.041965 0.0354254 0.0291455 0.0232517 0.0178764 0.0131524 0.00918997 0.00604931 0.00372016
 0.00866706 0.0140701 0.0211528 0.0298256 0.0397601 0.0502399 0.0601322 0.0681652 0.0733948 0.0755132 0.0747953 0.0718175 0.067203 0.0615041 0.0551727 0.0485565 0.0419064 0.0353973 0.0291586 0.0233048 0.0179544 0.0132328 0.00925337 0.00608708 0.00373514
 0.00866092 0.0140588 0.0211335 0.0297949 0.0397156 0.0501812 0.0600627 0.068092 0.0733272 0.07546 0.0747623 0.0718058 0.0672094 0.061522 0.0551952 0.048579 0.041929 0.0354248 0.0291977 0.0233591 0.018021 0.0133021 0.00931387 0.00613086 0.00376085
 0.00862369 0.0140067 0.0210703 0.0297291 0.0396572 0.0501374 0.0600346 0.0680753 0.0733154 0.0754485 0.0747511 0.0717983 0.0672099 0.0615331 0.0552162 0.0486069 0.0419607 0.0354588 0.029235 0.0234015 0.0180685 0.0133514 0.00935902 0.00616662 0.00378489
 0.00864005 0.0140239 0.0210797 0.029718 0.0396145 0.0500603 0.0599332 0.0679702 0.0732291 0.0753957 0.0747335 0.0718076 0.0672345 0.0615643 0.0552498 0.048642 0.0419971 0.0354964 0.0292737 0.0234412 0.0181088 0.0133907 0.00939462 0.00619561 0.00380563
 0.00863382 0.0140179 0.0210773 0.0297236 0.0396298 0.0500808 0.0599474 0.0679633 0.0731914 0.0753292 0.0746529 0.0717332 0.0671826 0.0615411 0.055252 0.0486619 0.0420271 0.0355311 0.0293101 0.0234778 0.0181445 0.0134241 0.00942417 0.00621961 0.00382318
 0.00861502 0.0139903 0.0210418 0.0296835 0.0395906 0.0500495 0.0599302 0.0679634 0.0732061 0.07535 0.0746683 0.0717351 0.0671706 0.0615225 0.0552371 0.0486582 0.0420368 0.0355518 0.0293377 0.0235082 0.0181749 0.0134524 0.00944879 0.00623946 0.00383778
 0.00861502 0.0139903 0.0210418 0.0296835 0.0395906 0.0500495 0.0599302 0.0679634 0.0732061 0.07535 0.0746683 0.0717351 0.0671706 0.0615225 0.0552371 0.0486582 0.0420368 0.0355518 0.0293377 0.0235082 0.0181749 0.0134524 0.00944879 0.00623946 0.00383778
 0.00887648 0.0144027 0.0216367 0.0304765 0.0405723 0.0511745 0.0611101 0.0690721 0.0741053 0.0759243 0.0748537 0.0715288 0.0666229 0.0607195 0.054281 0.0476491 0.0410586 0.0346647 0.0285765 0.0228869 0.017692 0.0130962 0.00920092 0.00607802 0.00374017
 0.00883262 0.0143603 0.0216268 0.0305464 0.0407743 0.0515468 0.0616582 0.069761 0.0748639 0.0766601 0.0754706 0.0719453 0.0667877 0.0606211 0.053948 0.0471412 0.0404513 0.0340331 0.0279821 0.0223711 0.0172752 0.0127813 0.00897855 0.00593186 0.00365123
 0.00851535 0.0138497 0.0208725 0.029518 0.0394826 0.0500694 0.0601541 0.0684528 0.0739803 0.076361 0.0757948 0.0728053 0.0680077 0.0619941 0.0552881 0.0483173 0.0413981 0.0347428 0.0284853 0.0227141 0.0175038 0.0129319 0.00907676 0.00599443 0.00368951
 0.00871903 0.0141314 0.0212032 0.0298348 0.0397004 0.050104 0.0599482 0.0679973 0.0733265 0.0756188 0.0751105 0.072319 0.0678075 0.0620873 0.0556062 0.0487486 0.0418309 0.0350979 0.0287287 0.0228511 0.0175615 0.0129428 0.0090669 0.00597994 0.00367762
 0.00856817 0.0139237 0.0209581 0.0295887 0.0394892 0.0499394 0.0598031 0.0678132 0.0730447 0.0752169 0.074626 0.0718454 0.0674632 0.0619727 0.0557655 0.0491551 0.0423997 0.0357195 0.0293057 0.0233225 0.0179076 0.0131746 0.00921061 0.00606333 0.00372331
#pred catch len freq
 0.00497194 0.00779771 0.0112375 0.0151527 0.0194554 0.0241038 0.0290261 0.0340689 0.0390204 0.0436699 0.0478478 0.0514381 0.0543824 0.0566725 0.0583281 0.0593697 0.0598008 0.0595968 0.0586793 0.0568714 0.0538751 0.0493447 0.0430947 0.0353495 0.0268448
 0.00510293 0.00794305 0.0113355 0.015115 0.0192044 0.023623 0.0283922 0.0334338 0.038544 0.0434416 0.0478444 0.0515438 0.0544542 0.0566148 0.0581396 0.0591441 0.059684 0.0597165 0.0590795 0.057484 0.0545471 0.0499087 0.043442 0.0354666 0.0267952
 0.00542947 0.00843025 0.0119825 0.0158796 0.0199991 0.0243219 0.0288521 0.0335354 0.0382463 0.0428174 0.0470621 0.0507914 0.0538508 0.0561695 0.0577837 0.0588077 0.0593579 0.0594589 0.0589675 0.05755 0.0547455 0.0501372 0.0435989 0.0355018 0.0267231
 0.00574838 0.00893062 0.0127014 0.0168378 0.0211947 0.0257189 0.0303647 0.0350178 0.0395049 0.0436543 0.0473397 0.0504889 0.0530753 0.0551071 0.0566175 0.0576565 0.0582713 0.0584553 0.0580699 0.056787 0.0541274 0.0496406 0.0431798 0.0351259 0.0263843
 0.00608042 0.00944569 0.0134325 0.0178045 0.0224068 0.0271789 0.0320601 0.0369027 0.0414789 0.0455511 0.0489397 0.0515635 0.0534541 0.0547386 0.0555876 0.0561497 0.0564991 0.0565963 0.0562483 0.055082 0.0525891 0.048298 0.0420454 0.0342013 0.0256657
 0.00645258 0.0100181 0.0142348 0.018847 0.0236855 0.0286832 0.0337737 0.038798 0.0435064 0.0476279 0.0509386 0.0533083 0.0547353 0.0553561 0.0554099 0.0551633 0.054817 0.0544207 0.0538097 0.0525894 0.0502071 0.0461464 0.0402052 0.0327178 0.0245478
 0.00682318 0.0105912 0.0150435 0.0199057 0.0249929 0.030226 0.0355262 0.040718 0.0455338 0.0496868 0.0529379 0.0551379 0.0562594 0.0564135 0.0558336 0.0548201 0.0536565 0.0525064 0.0513143 0.0497557 0.0472962 0.0433936 0.0377922 0.0307574 0.0230781
 0.00717329 0.0111364 0.0158206 0.0209361 0.0262843 0.0317726 0.0373051 0.0426828 0.0476127 0.0517879 0.0549582 0.0569711 0.0577983 0.0575473 0.0564432 0.0547842 0.0528755 0.050943 0.0490309 0.0469268 0.0441842 0.0402968 0.0349824 0.0284285 0.0213177
 0.00751843 0.0116707 0.0165764 0.0219301 0.027521 0.0332488 0.039007 0.0445783 0.049644 0.0538696 0.0569829 0.0588203 0.059355 0.0587042 0.0571035 0.0548571 0.0522783 0.0496189 0.0469845 0.0442603 0.0411099 0.0371088 0.0319928 0.0258902 0.019369
 0.00785366 0.0121862 0.0172985 0.022867 0.0286674 0.0345915 0.0405266 0.0462452 0.051414 0.0556827 0.0587637 0.0604799 0.0607953 0.0598239 0.0578045 0.0550483 0.0518784 0.0485662 0.0452599 0.0419209 0.0383157 0.0341163 0.0291055 0.0233809 0.017408
 0.00825067 0.0127948 0.0181467 0.0239588 0.0299865 0.0361083 0.0421994 0.048018 0.0532166 0.057436 0.0603883 0.0619018 0.0619478 0.0606466 0.0582392 0.0550357 0.0513582 0.0474852 0.0435925 0.0397004 0.0356643 0.0312517 0.0263057 0.020913 0.0154538
 0.00865264 0.0134135 0.0190138 0.0250826 0.0313546 0.0376917 0.0439514 0.0498707 0.0550818 0.0592131 0.0619774 0.0632159 0.062921 0.0612356 0.0584185 0.0547868 0.0506605 0.0463147 0.0419354 0.0375816 0.0331787 0.0285784 0.0236852 0.0185876 0.0135969
 0.00907054 0.0140516 0.0198982 0.0262136 0.0327125 0.0392454 0.0456606 0.0516801 0.0569151 0.060974 0.0635576 0.0645101 0.0638424 0.0617272 0.0584558 0.0543706 0.0498034 0.0450308 0.0402422 0.0355174 0.0308293 0.0260942 0.0212684 0.0164459 0.011883
 0.00940949 0.0145747 0.020634 0.0271715 0.0338843 0.040608 0.0471747 0.0532886 0.0585444 0.0625403 0.0649746 0.065694 0.0647168 0.0622293 0.0585437 0.0540269 0.049033 0.0438551 0.0386955 0.0336531 0.0287351 0.023903 0.0191506 0.0145744 0.0103848
 0.00974154 0.0150896 0.0213631 0.0281288 0.0350671 0.0419968 0.0487299 0.0549448 0.0602122 0.0641156 0.0663528 0.0667838 0.0654499 0.0625642 0.0584633 0.0535341 0.0481461 0.0426048 0.0371256 0.0318264 0.0267418 0.0218663 0.0172175 0.0128878 0.00904588
 0.0100649 0.0155895 0.0220681 0.0290504 0.0362014 0.0433263 0.0502204 0.05654 0.0618307 0.0656564 0.0677064 0.0678473 0.0661416 0.0628347 0.0582987 0.0529511 0.047182 0.0413093 0.0355575 0.0300567 0.0248611 0.0199879 0.0154681 0.0113841 0.00786545
 0.0103516 0.0160253 0.0226685 0.0298131 0.0371121 0.0443671 0.0513723 0.0577781 0.0631152 0.0669268 0.068883 0.0688388 0.0668595 0.063208 0.0582857 0.0525439 0.0464037 0.0402065 0.0341939 0.0285098 0.0232229 0.0183643 0.01397 0.0101082 0.00687183
 0.0103721 0.0160712 0.0227613 0.0299814 0.0373862 0.04477 0.0519122 0.0584454 0.0638873 0.0677729 0.0697651 0.0697085 0.0676544 0.0638545 0.0587097 0.052685 0.0462282 0.039714 0.0334169 0.0275098 0.0220845 0.0171873 0.0128571 0.00914733 0.00611792
 0.0102329 0.0158736 0.0225182 0.029726 0.0371672 0.044641 0.0519209 0.0586256 0.0642525 0.0683128 0.0704459 0.0704786 0.068452 0.0646134 0.0593623 0.0531662 0.0464824 0.0397057 0.0331404 0.0269944 0.0213925 0.0164044 0.0120768 0.0084521 0.0055621
 0.0103332 0.0159952 0.0226262 0.0297659 0.0370847 0.0444111 0.05157 0.0582318 0.0639211 0.068141 0.0704931 0.0707547 0.0689211 0.0652084 0.0600004 0.0537622 0.046959 0.0400021 0.0332209 0.0268555 0.021066 0.015952 0.0115765 0.00797853 0.00516923
 0.0105419 0.016301 0.0230217 0.0302163 0.0375296 0.0447734 0.0517702 0.0582091 0.0636586 0.0676842 0.0699472 0.0702531 0.0685795 0.0650873 0.0600932 0.0540079 0.047268 0.0402825 0.0333986 0.0268879 0.0209475 0.0157125 0.0112695 0.00766395 0.00489536
 0.0106623 0.0164939 0.0233059 0.0306051 0.038025 0.0453572 0.0523959 0.0587992 0.0641162 0.067918 0.0699032 0.0699395 0.0680715 0.0645043 0.0595569 0.0536011 0.0470129 0.040146 0.0333174 0.0267983 0.0208085 0.0155155 0.0110344 0.00742535 0.0046865
 0.0106213 0.0164351 0.0232334 0.0305308 0.0379694 0.0453481 0.0524631 0.058965 0.064382 0.0682528 0.070244 0.0702083 0.068205 0.0644818 0.0594095 0.0533964 0.0468225 0.040014 0.0332473 0.0267616 0.0207672 0.0154438 0.010929 0.00730172 0.00456702
