SBPRF35
7.54534
Curr Bio
490129
B35
504201
F35
0.216256
FOFL
0.207821
OFL
78596.8
Bzero
2.15581e+006
#pred survey bio
 2.55862e+006 2.12564e+006 1.97477e+006 1.86604e+006 1.78498e+006 1.71572e+006 1.62299e+006 1.49109e+006 1.28811e+006 1.06283e+006 944737 825343 754625 712370 711262 695419 696059 632719 570131 539553 528249 510899 511923 521058 522965 509123 509893 522679 546003 561401 581332 596604 591344 563622 492685 492195 520152 528008 538367 569530 590666 564636 541118 533703 507777 528859 591574 736133 764541 650047 525298 496992 1.72107e+007 1.03313e+007 1.06789e+007 1.14872e+007 1.25029e+007 1.35156e+007 1.4408e+007 1.51362e+007 1.57013e+007 1.61252e+007 1.64361e+007 1.66612e+007 1.68228e+007 1.69385e+007 1.70213e+007 1.70809e+007 1.71238e+007 1.71551e+007 1.71779e+007 1.71946e+007 1.72071e+007 1.72163e+007 1.72232e+007 1.72285e+007 1.72324e+007 1.72354e+007 1.72376e+007 1.72393e+007 1.72407e+007 1.72417e+007 1.72424e+007 1.7243e+007 1.72435e+007 1.72438e+007 1.72441e+007 1.72443e+007 1.72445e+007 1.72446e+007 1.72447e+007 1.72447e+007 1.72448e+007 1.72448e+007 1.72449e+007 1.72449e+007 1.72449e+007 1.72449e+007 1.7245e+007 1.7245e+007 1.7245e+007 1.7245e+007 1.7245e+007 1.7245e+007 1.7245e+007 1.7245e+007 1.7245e+007 1.7245e+007 1.7245e+007 1.7245e+007 1.7245e+007 1.7245e+007 1.7245e+007 1.7245e+007 1.7245e+007 1.7245e+007 1.7245e+007 1.7245e+007 1.7245e+007 1.7245e+007 1.7245e+007 1.7245e+007 1.7245e+007 1.7245e+007 1.7245e+007 1.7245e+007 1.7245e+007 1.7245e+007 1.7245e+007 1.7245e+007 1.7245e+007 1.7245e+007 1.7245e+007 1.7245e+007 1.7245e+007 1.7245e+007 1.7245e+007 1.7245e+007 1.7245e+007 1.7245e+007 1.7245e+007 1.7245e+007 1.7245e+007 1.7245e+007 1.7245e+007 1.7245e+007 1.7245e+007 1.7245e+007 1.7245e+007 1.7245e+007 1.7245e+007 1.7245e+007 0 0 0 0 0 0 0 0 0 0 0 0 0 0 0 0 0 0 0 0 0 0 0 0 0
#obs survey bio
 3.02948e+006 2.03842e+006 1.91371e+006 2.14231e+006 2.18184e+006 2.45355e+006 1.38631e+006 1.96207e+006 1.20786e+006 809350 850364 643283 770367 500508 653025 636740 792678 812032 535840 541875 639453 486131 402815 673274 486785 567644 449510 539818 607871 507001 418915 655895 498465 493921 358577 623816 481237 591363 493509 528968 776493 529386 602658 587526 618542 272660 630737 767994 833680 857285 455104 486945
#pred catch bio
 425874 269205 294779 293015 283207 285444 304914 274451 262010 251384 258516 220587 183360 158288 161359 127235 125793 124351 125300 116232 107862 104684 99067.9 98651 101704 93304.1 99464.5 92116.9 90665.1 94982.3 99010.3 88459 89008.3 90412.5 87499.7 79361.5 89532.1 79758.2 89686.6 87126.9 88804.8 95664.7 84444.4 87494 86452.9 92170.7 37496.5 99756 139312 144977 80301.6 44212.9 78596.8 80945.5 82186.3 87439.3 94875.4 102370 108879 114059 117946 120742 122691 124018 124905 125489 125870 126115 126273 126373 126437 126477 126502 126518 126528 126535 126539 126541 126543 126543 126544 126544 126545 126545 126545 126545 126545 126545 126545 126545 126545 126545 126545 126545 126545 126545 126545 126545 126545 126545 126545 126545 126545 126545 126545 126545 126545 126545 126545 126545 126545 126545 126545 126545 126545 126545 126545 126545 126545 126545 126545 126545 126545 126545 126545 126545 126545 126545 126545 126545 126545 126545 126545 126545 126545 126545 126545 126545 126545 126545 126545 126545 126545 126545 126545 126545 126545 126545 126545 126545 126545 126545 0 0 0 0 0 0 0 0 0 0 0 0 0 0 0 0 0 0 0 0 0 0 0 0 0
#obs catch bio
 234005 268315 295595 293624 283469 285154 306232 273668 260897 252491 258955 221602 182861 158634 161825 127167 125399 124121 125640 116561 107558 104905 99120.9 98624.7 101656 93111.2 99819.6 92174.4 90473.7 95060.2 99331.5 88299.3 88995 90184.1 87804.3 79377.9 89668.4 79482.5 90059.9 87132.3 88580.2 95844 84396.2 87332.9 86426.7 93440.2 37004.4 100095 139128 145551 80453.6 44016.8
#pred cpue bio
 2.52815e+006 2.09793e+006 1.94653e+006 1.83672e+006 1.75442e+006 1.68372e+006 1.58997e+006 1.45787e+006 1.25708e+006 1.03494e+006 917678 799681 729678 687845 686204 670387 670993 609852 549250 519464 508563 491948 492915 501849 503910 490597 491386 503682 526444 541588 561019 575777 569756 541290 472214 471345 498570 506353 516472 546316 566842 542045 519213 512195 487345 507364 567346 708301 736426 624543 502294 475082 1.65062e+007 9.8983e+006 1.01126e+007 1.0826e+007 1.18204e+007 1.28298e+007 1.37217e+007 1.44499e+007 1.50149e+007 1.54388e+007 1.57498e+007 1.59748e+007 1.61364e+007 1.62521e+007 1.6335e+007 1.63945e+007 1.64375e+007 1.64687e+007 1.64915e+007 1.65083e+007 1.65207e+007 1.653e+007 1.65369e+007 1.65421e+007 1.6546e+007 1.6549e+007 1.65513e+007 1.6553e+007 1.65543e+007 1.65553e+007 1.65561e+007 1.65567e+007 1.65571e+007 1.65575e+007 1.65577e+007 1.65579e+007 1.65581e+007 1.65582e+007 1.65583e+007 1.65584e+007 1.65584e+007 1.65585e+007 1.65585e+007 1.65585e+007 1.65586e+007 1.65586e+007 1.65586e+007 1.65586e+007 1.65586e+007 1.65586e+007 1.65586e+007 1.65586e+007 1.65586e+007 1.65586e+007 1.65586e+007 1.65586e+007 1.65586e+007 1.65586e+007 1.65586e+007 1.65586e+007 1.65586e+007 1.65586e+007 1.65586e+007 1.65586e+007 1.65586e+007 1.65586e+007 1.65586e+007 1.65586e+007 1.65586e+007 1.65586e+007 1.65586e+007 1.65586e+007 1.65586e+007 1.65586e+007 1.65586e+007 1.65586e+007 1.65586e+007 1.65586e+007 1.65586e+007 1.65586e+007 1.65586e+007 1.65586e+007 1.65586e+007 1.65586e+007 1.65586e+007 1.65586e+007 1.65586e+007 1.65586e+007 1.65586e+007 1.65586e+007 1.65586e+007 1.65586e+007 1.65586e+007 1.65586e+007 1.65586e+007 1.65586e+007 1.65586e+007 1.65586e+007 1.65586e+007 1.65586e+007 0 0 0 0 0 0 0 0 0 0 0 0 0 0 0 0 0 0 0 0 0 0 0 0 0
#obs cpue bio
 3.3443e+006 1.83808e+006 1.75261e+006 1.56889e+006 1.46603e+006 1.36084e+006 1.38511e+006 1.60918e+006 1.60604e+006 813803 1.24835e+006 806611 983624 690134 825844 683230 813367 463891 467725 466734 579760 394677 642089 409357 600109 444610 432932 510560 586908 500495 672622 652488 636071 821773 432468 369222 615893 531248 376466 676623 549186 490412 448046 597300 345712 542492 659642 927508 783746 423315 489164 548074
#pred surv len freq
 0.00448118 0.00738993 0.0113348 0.0163627 0.022381 0.029057 0.0358004 0.0419235 0.046901 0.0505334 0.0529114 0.0542649 0.0548352 0.0548247 0.054397 0.0536961 0.0528635 0.0520316 0.0512601 0.0504174 0.0490807 0.0465841 0.0422986 0.03604 0.0283296
 0.00503955 0.00824501 0.0125246 0.01789 0.0242183 0.0311523 0.0380737 0.0442567 0.049134 0.0524794 0.0543932 0.0551606 0.0551148 0.0545572 0.0537214 0.0527642 0.0517787 0.0508089 0.0498265 0.0486594 0.0469243 0.0440715 0.0396146 0.0334629 0.0261283
 0.00521365 0.00857432 0.0131028 0.0188249 0.0255976 0.0329949 0.0402942 0.0466725 0.0515191 0.0546311 0.0561699 0.0564776 0.0559218 0.0548297 0.0534721 0.0520522 0.0506945 0.0494342 0.0481966 0.0467607 0.0447378 0.041639 0.0370792 0.0310484 0.0240613
 0.00545624 0.0089562 0.0136583 0.0195885 0.0266105 0.0343067 0.0419503 0.0486834 0.0538246 0.0570813 0.058543 0.0585321 0.0574568 0.0557225 0.0536826 0.0516067 0.0496629 0.0479073 0.0462629 0.0444933 0.0422057 0.0389415 0.0343746 0.0285422 0.02195
 0.00574588 0.0094187 0.0143378 0.0205184 0.0278056 0.0357551 0.0436085 0.0504847 0.0556983 0.0589691 0.0603924 0.0602702 0.0589684 0.0568574 0.0542921 0.0515859 0.0489757 0.0465841 0.0443826 0.0421638 0.0395579 0.0361362 0.0316072 0.0260237 0.0198601
 0.00600682 0.00984247 0.0149744 0.0214127 0.0289877 0.0372248 0.0453209 0.052348 0.0575918 0.0607746 0.0620224 0.0616756 0.0601229 0.0577281 0.0548159 0.0516705 0.0485257 0.045538 0.0427401 0.0399955 0.0370014 0.0333849 0.0288893 0.0235661 0.0178396
 0.00622379 0.0102029 0.0155309 0.0222191 0.0300874 0.0386334 0.0470081 0.0542308 0.059547 0.0626635 0.0637177 0.0630814 0.0611826 0.0584191 0.0551307 0.051593 0.0480173 0.0445469 0.0412312 0.0379883 0.0345953 0.03076 0.0262786 0.0212048 0.0159062
 0.0064503 0.01058 0.0161151 0.0230686 0.0312503 0.0401289 0.0488066 0.0562465 0.061648 0.0646968 0.0655354 0.0645606 0.0622384 0.059009 0.0552497 0.0512573 0.0472439 0.04334 0.0395894 0.0359319 0.0322013 0.0281813 0.0237288 0.0189078 0.0140339
 0.00668368 0.0109483 0.0166497 0.023794 0.032184 0.0412786 0.0501643 0.0577802 0.0632984 0.0663786 0.0671442 0.0659841 0.06337 0.0597624 0.0555692 0.0511195 0.0466505 0.0423062 0.0381388 0.0341052 0.0300781 0.0258975 0.02147 0.0168713 0.0123731
 0.0068692 0.0112752 0.0171866 0.024616 0.03335 0.0427995 0.0519775 0.0597517 0.0652576 0.0681671 0.0686496 0.0671443 0.0641566 0.0601609 0.0555682 0.0507109 0.0458339 0.0410934 0.0365568 0.0322047 0.0279452 0.0236632 0.0193025 0.0149434 0.0108158
 0.00690486 0.0113775 0.0174237 0.0250818 0.034145 0.0439965 0.053587 0.061702 0.0673996 0.0703018 0.0705679 0.0686703 0.0651786 0.0606413 0.0555279 0.0502005 0.044908 0.0398 0.0349422 0.0303269 0.0258907 0.0215547 0.0172906 0.0131771 0.00940344
 0.00716042 0.0117731 0.0179845 0.0258244 0.0350835 0.0451472 0.0549641 0.0633022 0.0691801 0.0721643 0.072361 0.0702128 0.0663008 0.0612247 0.055528 0.049643 0.0438658 0.0383641 0.0332039 0.0283767 0.0238283 0.0194994 0.0153758 0.0115278 0.00810419
 0.00742462 0.0121821 0.0185611 0.0265737 0.0359908 0.0461781 0.0560673 0.0644191 0.0702623 0.0731868 0.073318 0.0710942 0.067065 0.0617909 0.0557963 0.0495302 0.043334 0.0374301 0.0319294 0.0268529 0.0221655 0.0178204 0.0138063 0.0101774 0.00704352
 0.00762696 0.0124881 0.0189784 0.0270941 0.0365922 0.0468297 0.0567337 0.0650641 0.0708552 0.0737117 0.0737793 0.0715121 0.0674596 0.0621601 0.0561011 0.0496972 0.0432789 0.0370884 0.0312816 0.025933 0.0210538 0.0166274 0.0126509 0.0091636 0.00623878
 0.00765477 0.0125393 0.0190658 0.0272314 0.0367888 0.0470836 0.0570274 0.065369 0.0711433 0.0739692 0.0740127 0.0717439 0.0677153 0.0624536 0.0564221 0.0500059 0.0435092 0.0371647 0.0311429 0.0255571 0.0204691 0.0159071 0.0118934 0.00846435 0.00566616
 0.00789414 0.0128859 0.0195091 0.0277358 0.037305 0.0475671 0.0574506 0.0657208 0.0714196 0.0741638 0.0741178 0.0717577 0.0676507 0.0623387 0.0562899 0.049878 0.0433824 0.0370088 0.030913 0.0252151 0.0200059 0.0153523 0.0113074 0.00791708 0.00521316
 0.00787168 0.0128557 0.0194739 0.0276986 0.0372643 0.047512 0.057362 0.065582 0.0712329 0.0739615 0.0739562 0.0716948 0.0677207 0.0625398 0.056591 0.0502338 0.0437455 0.037333 0.0311541 0.0253363 0.0199888 0.015207 0.0110729 0.00764857 0.00496287
 0.00786856 0.0128525 0.0194729 0.0277035 0.0372798 0.047542 0.0574067 0.0656342 0.0712766 0.0739762 0.0739271 0.0716245 0.0676342 0.0624758 0.0565843 0.0502993 0.0438723 0.0374899 0.0312996 0.0254305 0.0200045 0.0151379 0.0109359 0.00747726 0.00479425
 0.00781412 0.0127923 0.0194339 0.0277266 0.0374071 0.0477969 0.0577783 0.0660757 0.0717189 0.0743486 0.0741748 0.0717184 0.0675742 0.0622898 0.0563214 0.0500164 0.0436168 0.0372863 0.0311464 0.0253073 0.0198853 0.015005 0.0107869 0.00732401 0.00465467
 0.0077868 0.0127587 0.0194049 0.0277227 0.0374575 0.047935 0.0580332 0.0664598 0.0722155 0.0749046 0.0747075 0.0721371 0.0678078 0.0623082 0.0561411 0.0496901 0.0432146 0.0368739 0.0307697 0.0249862 0.0196186 0.0147815 0.0105965 0.00716319 0.00452516
 0.0078181 0.0127889 0.0194132 0.0276804 0.0373394 0.0477373 0.057786 0.066226 0.0720718 0.0749138 0.0748931 0.0724726 0.0682238 0.0627152 0.0564588 0.0498712 0.0432541 0.0368015 0.030631 0.0248238 0.0194605 0.0146401 0.0104747 0.00706111 0.00444332
 0.00787249 0.0128647 0.0195027 0.0277654 0.0373925 0.0477269 0.0576845 0.0660217 0.0717809 0.0745864 0.0746051 0.0723015 0.068218 0.0628735 0.0567306 0.0501791 0.0435243 0.0369881 0.0307237 0.0248393 0.0194268 0.014583 0.0104119 0.00700259 0.00439425
 0.00787531 0.0128769 0.0195344 0.0278282 0.0374938 0.0478611 0.0578279 0.0661342 0.0718188 0.0745203 0.0744359 0.0720652 0.0679764 0.0626917 0.0566521 0.0502092 0.0436312 0.0371211 0.0308364 0.0249059 0.0194447 0.0145649 0.0103751 0.00696152 0.00435776
 0.00781581 0.0127797 0.0193884 0.0276258 0.0372364 0.0475647 0.0575252 0.0658688 0.0716299 0.0744265 0.0744288 0.0721182 0.0680626 0.0627998 0.0567886 0.0503874 0.0438554 0.037377 0.0310939 0.0251324 0.0196181 0.0146798 0.0104397 0.00699062 0.00436624
 0.00781315 0.0127641 0.019344 0.0275313 0.0370703 0.0473149 0.0571983 0.0654937 0.0712536 0.074103 0.0742042 0.0720181 0.0680866 0.062926 0.0569862 0.0506296 0.0441246 0.0376603 0.0313765 0.0253947 0.0198405 0.0148494 0.0105549 0.00705978 0.00440239
 0.00789763 0.0128921 0.0195183 0.0277451 0.037306 0.047543 0.0573796 0.0655859 0.0712239 0.0739421 0.073934 0.0716865 0.0677523 0.0626393 0.0567774 0.0505065 0.0440788 0.0376761 0.0314358 0.0254788 0.0199307 0.0149301 0.0106164 0.00709957 0.00442401
 0.0078504 0.012827 0.0194417 0.0276701 0.0372478 0.0475129 0.0573787 0.0656039 0.0712419 0.073939 0.0738942 0.0716063 0.067643 0.0625251 0.0566871 0.0504638 0.0440948 0.0377473 0.031548 0.0256126 0.0200664 0.0150512 0.0107126 0.00716761 0.00446665
 0.00783434 0.0128042 0.0194141 0.0276429 0.0372293 0.047514 0.0574101 0.065672 0.0713437 0.0740587 0.0740044 0.0716764 0.0676502 0.0624643 0.0565733 0.0503264 0.0439668 0.0376542 0.0315016 0.0256102 0.0200956 0.0150959 0.0107585 0.00720555 0.00449315
 0.00783604 0.012784 0.0193422 0.0274805 0.0369423 0.0470929 0.0568862 0.0651168 0.0708498 0.0737098 0.0738504 0.0717222 0.0678605 0.0627798 0.0569313 0.0506784 0.0442869 0.0379371 0.0317526 0.0258352 0.0202955 0.0152669 0.0108955 0.00730654 0.00456082
 0.00778093 0.0127028 0.0192342 0.0273462 0.0367784 0.0468866 0.0566167 0.0647661 0.0704211 0.0732421 0.0734161 0.0714055 0.0677263 0.0628495 0.0571791 0.0510463 0.0447086 0.0383581 0.032139 0.0261718 0.0205781 0.0154955 0.0110716 0.00743374 0.00464559
 0.00781091 0.012737 0.0192593 0.0273421 0.0367251 0.0467732 0.0564464 0.0645534 0.0701811 0.0729831 0.0731425 0.0711298 0.067479 0.0626755 0.0571199 0.05112 0.0449011 0.0386305 0.0324442 0.0264696 0.0208422 0.0157132 0.0112397 0.00755488 0.00472646
 0.00853539 0.0137635 0.0205234 0.0286874 0.0379449 0.0476806 0.0569318 0.0646015 0.0698502 0.0723684 0.0723452 0.0702393 0.0665671 0.0618001 0.0563299 0.0504564 0.0443906 0.0382781 0.0322322 0.0263647 0.0208074 0.0157169 0.0112599 0.00757845 0.00474668
 0.00918234 0.014787 0.0220016 0.0306487 0.0403334 0.05032 0.0595135 0.0667326 0.0711678 0.07267 0.0716564 0.06878 0.0646466 0.0597099 0.0542848 0.0485877 0.0427675 0.0369294 0.0311597 0.0255495 0.0202157 0.0153072 0.01099 0.00741018 0.00464828
 0.00904957 0.0147002 0.0221081 0.0311608 0.0414672 0.0521979 0.0620761 0.0697117 0.0741395 0.0751644 0.0732817 0.0693194 0.0641016 0.0582762 0.0522736 0.0463275 0.0405294 0.0348955 0.0294275 0.024153 0.0191465 0.0145303 0.0104564 0.00706553 0.00444047
 0.00897304 0.0145686 0.0219053 0.0308906 0.041181 0.0520209 0.0622063 0.070366 0.0754512 0.0770817 0.0755338 0.0714846 0.0657497 0.0591128 0.0522194 0.0455087 0.0392008 0.0333431 0.0278924 0.0227955 0.0180452 0.0137011 0.00987419 0.00668482 0.00420941
 0.00871731 0.0142096 0.0214687 0.0304329 0.040771 0.0517154 0.0620397 0.0703649 0.0756622 0.0775807 0.0763909 0.0726972 0.0671884 0.0605301 0.0533296 0.0460976 0.0392017 0.0328434 0.0270774 0.0218708 0.0171754 0.0129831 0.00934103 0.0063244 0.00398665
 0.0086245 0.0140128 0.0210928 0.029793 0.0398101 0.0504539 0.0606078 0.0689865 0.0745883 0.0770089 0.0764182 0.073319 0.0683207 0.0620243 0.0549801 0.0476661 0.040471 0.0336799 0.0274663 0.0219013 0.0169886 0.0127151 0.00908616 0.00612801 0.00385648
 0.00875348 0.0142034 0.0213401 0.0300694 0.0400597 0.0505934 0.0605402 0.0686335 0.0739351 0.0761375 0.0755006 0.0725651 0.0679055 0.0620322 0.055386 0.048351 0.0412599 0.0343935 0.0279733 0.0221515 0.0170134 0.0125957 0.0089114 0.00596287 0.00373218
 0.00872618 0.0141653 0.021294 0.0300208 0.0400134 0.0505476 0.0604802 0.0685292 0.0737465 0.0758301 0.0750702 0.0720591 0.0674246 0.0617028 0.0553128 0.0485719 0.0417281 0.0349948 0.0285689 0.0226284 0.0173169 0.0127334 0.00893176 0.00592411 0.00367915
 0.00867751 0.0141045 0.0212362 0.0299911 0.0400392 0.0506468 0.0606507 0.0687447 0.0739604 0.0759856 0.075113 0.0719534 0.0671701 0.0613458 0.0549399 0.0482829 0.0415968 0.0350379 0.0287428 0.0228531 0.0175151 0.01286 0.00898183 0.00592002 0.00365049
 0.00863614 0.0140241 0.0210931 0.0297601 0.0397063 0.0502254 0.0601913 0.0683274 0.073668 0.0758707 0.0751768 0.072148 0.0674217 0.0615856 0.0551301 0.0484272 0.0417301 0.0352011 0.0289552 0.0231008 0.01776 0.0130626 0.00912041 0.00599626 0.0036816
 0.00866926 0.0140703 0.021147 0.0298091 0.0397299 0.0501981 0.0600886 0.0681365 0.0733995 0.0755639 0.0748918 0.0719439 0.0673312 0.0616033 0.0552207 0.0485483 0.0418543 0.0353236 0.0290853 0.023245 0.0179116 0.0132035 0.00923242 0.00607084 0.00372221
 0.00865222 0.0140717 0.0212015 0.0299628 0.0400236 0.050642 0.0606433 0.0687134 0.0738862 0.0758621 0.0749499 0.0717705 0.0669854 0.0611687 0.0547754 0.0481444 0.041515 0.0350531 0.028881 0.0231034 0.0178259 0.0131615 0.00921755 0.00606796 0.0037216
 0.00859148 0.0139627 0.0210217 0.0296927 0.0396609 0.0502185 0.0602313 0.0684101 0.0737757 0.0759746 0.0752453 0.0721569 0.0673624 0.061467 0.0549735 0.0482594 0.0415806 0.0350996 0.0289268 0.0231551 0.017883 0.0132193 0.00927022 0.00611017 0.00375095
 0.00873399 0.0141668 0.0212763 0.029967 0.0399095 0.0503923 0.0602918 0.0683424 0.0735976 0.0757365 0.0750143 0.0719899 0.0672809 0.0614511 0.0549797 0.0482479 0.0415339 0.0350246 0.028843 0.0230814 0.0178302 0.013189 0.00925772 0.00610844 0.00375371
 0.0087626 0.0142316 0.0214058 0.0301938 0.0402555 0.0508489 0.0608064 0.0688245 0.0739472 0.0758824 0.0749414 0.0717409 0.066934 0.0610861 0.0546502 0.047972 0.0413039 0.034825 0.0286648 0.0229259 0.0177033 0.0130947 0.0091947 0.00607077 0.00373357
 0.00862559 0.0140383 0.0211708 0.0299528 0.0400599 0.0507534 0.0608541 0.0690327 0.0742969 0.0763151 0.0753715 0.0720827 0.0671323 0.0611335 0.0545812 0.0478396 0.0411544 0.0346851 0.0285434 0.0228233 0.0176189 0.0130291 0.0091479 0.00604086 0.00371665
 0.00822802 0.0133493 0.020062 0.0282971 0.0377844 0.0479112 0.0576785 0.0659238 0.0717239 0.0746759 0.0748779 0.0727202 0.0686974 0.0633163 0.0570562 0.0503344 0.0434813 0.0367383 0.0302772 0.0242296 0.0187124 0.0138401 0.00971792 0.00641768 0.00394909
 0.00864012 0.0139524 0.020839 0.0291721 0.0386219 0.0485304 0.0578828 0.0655515 0.0707156 0.0731297 0.0730508 0.0709577 0.0673178 0.0625113 0.0568523 0.050622 0.0440831 0.0374769 0.0310168 0.0248871 0.0192495 0.0142491 0.0100093 0.00661157 0.00406902
 0.00912692 0.0147691 0.0221076 0.0310013 0.0410571 0.0514863 0.0610914 0.068575 0.0730443 0.0743331 0.0729127 0.0695384 0.0649261 0.0596022 0.0538919 0.04797 0.0419321 0.0358611 0.0298669 0.0240947 0.018712 0.0138885 0.00977201 0.00646087 0.00397835
 0.00924626 0.0150503 0.0226917 0.0320729 0.0427975 0.0539961 0.0643141 0.0722608 0.0767758 0.0776021 0.0752266 0.0705317 0.0644533 0.0577801 0.0510678 0.0446201 0.0385299 0.0327689 0.0272871 0.0220826 0.0172253 0.0128399 0.00906525 0.00600822 0.00370551
 0.00887429 0.0144396 0.0217724 0.0308061 0.0412199 0.0522705 0.0627513 0.0712681 0.0767256 0.0786728 0.0773028 0.0732213 0.0672132 0.0600907 0.0525837 0.0452447 0.0383972 0.0321507 0.0264764 0.0213036 0.0165981 0.0123941 0.00877749 0.00583621 0.00360928
#obs surv len freq
 0.0049726 0.00814551 0.0123905 0.0177213 0.0240111 0.0308932 0.0377405 0.0438281 0.0486048 0.0518696 0.0537423 0.0545093 0.0544915 0.0539865 0.0532546 0.0525094 0.0518952 0.0514471 0.0510266 0.0502652 0.0485812 0.0453444 0.0401778 0.0332499 0.0253418
 0.00518082 0.00848601 0.0129069 0.018456 0.0249979 0.0321452 0.0392369 0.0455086 0.0503764 0.0536226 0.0553657 0.0559007 0.055561 0.0546583 0.0534693 0.0522275 0.0511038 0.0501668 0.0493176 0.0482306 0.0463642 0.0431165 0.0381147 0.0314984 0.0239872
 0.00540986 0.00886043 0.0134743 0.0192621 0.0260783 0.0335115 0.0408632 0.0473262 0.0522838 0.0555043 0.0571098 0.0574077 0.0567453 0.0554467 0.0537995 0.0520495 0.0503845 0.0489002 0.0475392 0.0460306 0.0438933 0.0405749 0.0357206 0.029441 0.0223831
 0.0056393 0.00923867 0.0140534 0.0200937 0.027204 0.0349467 0.0425808 0.0492513 0.0543043 0.0574936 0.0589472 0.0589899 0.0579887 0.0562847 0.0541775 0.0519206 0.049711 0.0476617 0.0457502 0.0437621 0.0412883 0.0378435 0.033107 0.0271676 0.0205943
 0.00588358 0.0096364 0.0146534 0.0209427 0.0283385 0.0363806 0.0442906 0.0511697 0.0563278 0.0594997 0.0608133 0.0606064 0.0592652 0.0571511 0.0545807 0.0518192 0.0490714 0.0464616 0.0439942 0.041506 0.0386611 0.035051 0.0304013 0.0247886 0.0187061
 0.0061347 0.0100478 0.015278 0.0218315 0.0295297 0.0378839 0.0460714 0.053145 0.0583795 0.061499 0.0626415 0.0621651 0.0604765 0.0579545 0.0549295 0.0516767 0.0484079 0.0452576 0.0422521 0.0392731 0.0360543 0.0322644 0.0276826 0.0223811 0.0167825
 0.00637761 0.0104475 0.0158888 0.0227064 0.0307108 0.0393847 0.0478599 0.0551375 0.0604525 0.0635131 0.064466 0.063693 0.0616295 0.0586806 0.0551964 0.0514629 0.047697 0.0440384 0.0405301 0.0370919 0.03352 0.0295569 0.0250354 0.0200284 0.0148948
 0.00661115 0.0108307 0.0164721 0.0235393 0.0318324 0.0408087 0.0495589 0.0570362 0.0624376 0.0654533 0.0662333 0.0651767 0.0627443 0.0593684 0.0554239 0.0512152 0.0469696 0.0428337 0.0388633 0.0350086 0.0311191 0.0270024 0.0225406 0.0178095 0.013111
 0.00684904 0.0112197 0.0170616 0.0243764 0.0329521 0.0422192 0.0512265 0.0588807 0.0643433 0.067292 0.0678847 0.0665412 0.0637462 0.0599562 0.055568 0.0509038 0.0462038 0.0416247 0.0372358 0.0330137 0.0288523 0.0246137 0.0202216 0.0157536 0.0114603
 0.00705341 0.011558 0.0175817 0.0251262 0.0339695 0.0435161 0.0527728 0.0605995 0.0661222 0.0690057 0.0694163 0.0677952 0.0646531 0.0604712 0.0556676 0.050581 0.0454634 0.0404816 0.0357187 0.0311758 0.0267846 0.0224523 0.0181361 0.0139124 0.00998567
 0.00727904 0.0119255 0.0181359 0.0259089 0.0350106 0.0448204 0.0543062 0.0622834 0.0678441 0.0706398 0.0708453 0.0689246 0.065418 0.0608367 0.0556239 0.0501367 0.0446382 0.0393022 0.034222 0.0294172 0.0248502 0.0204645 0.0162425 0.0122562 0.00866816
 0.00746311 0.0122281 0.0185975 0.0265686 0.0358981 0.045943 0.0556355 0.0637517 0.0693539 0.0720823 0.0721186 0.0699444 0.0661219 0.0611857 0.0556018 0.0497468 0.0438992 0.038244 0.0328852 0.0278589 0.0231517 0.0187343 0.0146071 0.0108351 0.00754352
 0.00751481 0.012319 0.0187477 0.0268033 0.036245 0.0464264 0.0562693 0.0645327 0.0702586 0.0730671 0.0731219 0.070893 0.0669392 0.0618008 0.0559581 0.0498069 0.0436468 0.0376843 0.0320445 0.0267859 0.0219197 0.0174403 0.0133616 0.00974112 0.0066721
 0.00759634 0.0124413 0.0189132 0.0270097 0.0364881 0.0467056 0.0565903 0.0649066 0.0706965 0.0735739 0.0736898 0.0714974 0.0675385 0.0623401 0.056376 0.0500456 0.0436609 0.0374484 0.0315583 0.0260774 0.0210462 0.0164842 0.0124185 0.0089005 0.00599664
 0.00765161 0.0125262 0.0190316 0.0271608 0.0366663 0.0469006 0.0567888 0.0650967 0.0708745 0.0737486 0.0738822 0.0717309 0.0678257 0.0626714 0.0567169 0.050342 0.0438519 0.03748 0.0313971 0.02572 0.0205228 0.0158554 0.0117627 0.00829548 0.00549972
 0.00772077 0.0126305 0.0191731 0.0273358 0.0368659 0.0471123 0.0569978 0.0652871 0.0710318 0.0738643 0.0739582 0.0717816 0.0678739 0.0627398 0.0568163 0.0504625 0.0439614 0.0375325 0.0313472 0.0255393 0.020212 0.0154466 0.0113112 0.00786275 0.00513517
 0.00779131 0.0127407 0.0193302 0.0275421 0.0371173 0.047396 0.0572917 0.0655617 0.0712566 0.0740164 0.0740285 0.0717765 0.0678124 0.062648 0.0567205 0.0503812 0.0438974 0.0374704 0.0312582 0.0253938 0.019994 0.0151635 0.010993 0.00755116 0.00486754
 0.00782725 0.0127986 0.0194162 0.0276614 0.0372725 0.0475855 0.057507 0.0657871 0.0714709 0.0741971 0.0741568 0.0718413 0.0678128 0.0625934 0.0566285 0.0502719 0.0437871 0.0373649 0.0311506 0.0252685 0.0198365 0.0149706 0.0107773 0.00733668 0.00467969
 0.00783621 0.0128104 0.0194292 0.0276731 0.0372813 0.0475929 0.057519 0.0658127 0.071519 0.0742717 0.0742539 0.0719492 0.0679155 0.0626762 0.0566819 0.0502946 0.0437839 0.0373423 0.0311119 0.0252112 0.0197554 0.0148636 0.0106507 0.0072048 0.00455954
 0.007884 0.0128793 0.0195165 0.0277701 0.0373757 0.0476721 0.0575738 0.0658397 0.071521 0.0742572 0.0742351 0.0719371 0.0679159 0.0626871 0.0566958 0.0503019 0.0437775 0.0373194 0.0310727 0.0251567 0.0196859 0.0147804 0.0105582 0.00711145 0.0044754
 0.00790472 0.0129133 0.0195679 0.0278416 0.0374666 0.0477759 0.0576771 0.0659243 0.0715701 0.0742627 0.074201 0.0718779 0.0678505 0.0626318 0.0566584 0.0502814 0.0437667 0.0373091 0.0310552 0.0251275 0.0196438 0.0147268 0.0104972 0.00704929 0.00441904
 0.00788007 0.0128753 0.0195146 0.0277738 0.0373878 0.0476932 0.0576008 0.0658656 0.0715376 0.0742584 0.0742201 0.0719125 0.0678941 0.0626819 0.0567163 0.0503482 0.0438402 0.0373831 0.0311211 0.0251775 0.0196731 0.0147349 0.0104876 0.00702837 0.004394
 0.00787419 0.0128573 0.0194723 0.0276916 0.0372524 0.047501 0.0573641 0.0656133 0.0713073 0.0740855 0.0741277 0.0719067 0.0679657 0.0628121 0.0568834 0.0505331 0.0440282 0.0375629 0.0312834 0.0253143 0.0197789 0.014808 0.0105307 0.00704789 0.00439816
 0.00788537 0.0128714 0.0194856 0.0276966 0.0372378 0.0474536 0.0572718 0.0654696 0.071117 0.0738678 0.0739146 0.0717345 0.0678636 0.0627934 0.0569437 0.0506545 0.044187 0.0377362 0.0314525 0.0254654 0.019903 0.014901 0.0105933 0.00708463 0.0044161
 0.00787924 0.0128624 0.0194735 0.0276813 0.0372187 0.0474283 0.0572355 0.0654155 0.071038 0.0737605 0.0737824 0.0715909 0.0677306 0.0626965 0.0569031 0.0506787 0.0442703 0.0378617 0.0315985 0.0256111 0.0200326 0.0150049 0.0106684 0.00713334 0.00444396
 0.00787401 0.0128497 0.019447 0.0276331 0.0371424 0.0473227 0.0571072 0.0652783 0.070908 0.0736498 0.073696 0.0715273 0.0676872 0.0626738 0.056907 0.0507173 0.0443488 0.0379778 0.031741 0.0257632 0.0201766 0.0151274 0.0107624 0.00719818 0.00448411
 0.00788124 0.0128609 0.0194625 0.0276519 0.0371611 0.0473348 0.057104 0.0652508 0.0708513 0.0735663 0.0735955 0.0714239 0.0675934 0.0625982 0.0568543 0.0506909 0.0443522 0.0380128 0.0318053 0.0258487 0.020271 0.0152172 0.0108375 0.00725382 0.00452072
 0.00780752 0.0127478 0.0193051 0.0274511 0.0369241 0.0470754 0.056842 0.0650101 0.0706552 0.073432 0.0735305 0.0714269 0.0676573 0.0627127 0.057008 0.0508722 0.0445503 0.0382187 0.0320112 0.0260468 0.0204525 0.0153736 0.0109624 0.0073452 0.00458143
 0.00779968 0.0127243 0.0192505 0.0273455 0.0367499 0.0468269 0.0565329 0.0646736 0.0703354 0.0731705 0.0733561 0.0713509 0.067676 0.0628123 0.0571699 0.0510772 0.0447806 0.0384589 0.0322486 0.0262707 0.0206537 0.0155445 0.0110981 0.00744493 0.00464843
 0.00777622 0.0126888 0.019201 0.0272803 0.0366648 0.046714 0.0563813 0.064475 0.0700917 0.0729003 0.0730935 0.0711368 0.0675446 0.0627814 0.0572377 0.0512269 0.0449877 0.0386979 0.0324968 0.0265098 0.0208698 0.0157279 0.0112435 0.00755172 0.00472046
 0.00774725 0.0126399 0.0191245 0.0271688 0.0365142 0.0465262 0.0561667 0.06425 0.0698735 0.0727013 0.072921 0.0709974 0.0674492 0.0627451 0.0572743 0.0513412 0.0451718 0.0389328 0.0327575 0.0267712 0.021111 0.0159343 0.0114074 0.00767193 0.00480144
 0.00930968 0.0148235 0.0217524 0.0298567 0.038782 0.0479766 0.0566265 0.0637974 0.0687547 0.0712086 0.0713005 0.0694141 0.0659947 0.0614619 0.0561785 0.0504364 0.044454 0.03839 0.0323694 0.0265111 0.0209491 0.0158424 0.0113611 0.00765256 0.0047959
 0.00931044 0.0151153 0.0227033 0.031921 0.0423018 0.0529137 0.0623928 0.0693505 0.0729676 0.0733133 0.0711424 0.0673932 0.0627909 0.0577447 0.0524414 0.0469704 0.0413978 0.0357926 0.0302328 0.0248121 0.019649 0.0148907 0.0106999 0.00722018 0.00453215
 0.00897381 0.0145866 0.021964 0.0310227 0.041419 0.052379 0.062656 0.0708174 0.0757553 0.0770691 0.0750883 0.0706208 0.0646398 0.0580317 0.0514288 0.0451513 0.039265 0.0337051 0.0283925 0.0233013 0.0184772 0.0140292 0.0101014 0.00682976 0.00429483
 0.00880027 0.0142956 0.0215104 0.0303622 0.0405259 0.0512777 0.0614621 0.0697643 0.0751754 0.077301 0.0763238 0.0727611 0.0672645 0.0605349 0.0532642 0.0460411 0.0392547 0.0330628 0.0274479 0.0223223 0.017624 0.0133661 0.00963006 0.00652048 0.00410733
 0.00871896 0.0141585 0.0212941 0.0300399 0.0400704 0.0506693 0.0607006 0.0688858 0.0742694 0.0765216 0.075878 0.0728561 0.0680162 0.0618785 0.0549342 0.0476564 0.0404731 0.0337125 0.0275603 0.0220662 0.017202 0.0129363 0.00927844 0.00627201 0.00395108
 0.00870614 0.0141328 0.0212459 0.0299555 0.0399331 0.0504616 0.0604075 0.0684987 0.0737916 0.0759785 0.0753294 0.0724035 0.0677912 0.0620008 0.0554496 0.0484895 0.0414356 0.0345747 0.0281489 0.0223263 0.0171917 0.0127709 0.00906849 0.00608802 0.00382003
 0.00868042 0.0140914 0.0211841 0.0298689 0.0398174 0.050313 0.0602236 0.0682784 0.0735352 0.0756889 0.0750157 0.072089 0.0675208 0.0618416 0.0554744 0.0487436 0.0419009 0.0351605 0.0287219 0.0227676 0.0174445 0.0128506 0.00903575 0.00600956 0.00374231
 0.00866564 0.0140688 0.0211527 0.0298283 0.0397675 0.0502534 0.0601528 0.0681939 0.0734337 0.0755664 0.0748693 0.0719197 0.0673384 0.0616701 0.055353 0.0487181 0.0420048 0.0353921 0.0290357 0.0230889 0.0177026 0.0130082 0.00909735 0.00600687 0.0037118
 0.00867472 0.0140791 0.02116 0.0298261 0.0397492 0.0502151 0.0600954 0.0681228 0.0733558 0.0754867 0.0747887 0.0718352 0.067247 0.0615733 0.0552616 0.0486534 0.0419933 0.0354536 0.0291691 0.023268 0.017885 0.0131548 0.00918857 0.00604628 0.00371706
 0.00868389 0.0140947 0.0211844 0.029861 0.0397941 0.0502653 0.0601417 0.068153 0.0733593 0.0754583 0.0747306 0.0717549 0.0671531 0.061473 0.0551617 0.0485631 0.0419257 0.0354235 0.0291863 0.0233293 0.0179732 0.013245 0.00925984 0.00608966 0.00373559
 0.00866754 0.0140758 0.0211702 0.0298628 0.0398237 0.0503301 0.0602398 0.0682719 0.0734787 0.0755562 0.0747886 0.0717629 0.0671113 0.0613902 0.0550519 0.0484424 0.0418103 0.0353285 0.0291233 0.0233034 0.01798 0.0132721 0.00929214 0.0061156 0.00375068
 0.00863971 0.0140289 0.0210971 0.0297581 0.0396872 0.0501714 0.0600802 0.0681415 0.073406 0.0755565 0.0748578 0.0718798 0.0672464 0.0615168 0.0551527 0.0485122 0.0418535 0.0353554 0.0291456 0.0233302 0.018015 0.0133129 0.00933241 0.00614889 0.00377363
 0.0086276 0.0140082 0.0210639 0.0297077 0.0396149 0.0500739 0.0599584 0.0680029 0.073266 0.0754372 0.0747823 0.0718642 0.0672931 0.0616131 0.055276 0.0486383 0.0419649 0.0354448 0.0292147 0.0233852 0.0180622 0.0133555 0.00936999 0.00617945 0.00379564
 0.0086313 0.014013 0.021069 0.0297109 0.0396131 0.0500631 0.0599342 0.0679612 0.073205 0.075359 0.074695 0.0717819 0.0672321 0.0615867 0.0552888 0.0486843 0.0420306 0.0355151 0.0292787 0.0234385 0.0181051 0.0133904 0.00939854 0.00620206 0.0038122
 0.00862048 0.0139991 0.0210545 0.0297004 0.039611 0.0500718 0.0599517 0.0679813 0.0732188 0.0753582 0.0746749 0.0717427 0.0671805 0.0615338 0.0552472 0.0486636 0.042034 0.0355386 0.0293139 0.0234766 0.0181402 0.0134198 0.00942198 0.00621989 0.00382499
 0.00862048 0.0139991 0.0210545 0.0297004 0.039611 0.0500718 0.0599517 0.0679813 0.0732188 0.0753582 0.0746749 0.0717427 0.0671805 0.0615338 0.0552472 0.0486636 0.042034 0.0355386 0.0293139 0.0234766 0.0181402 0.0134198 0.00942198 0.00621989 0.00382499
 0.00806257 0.0131153 0.0197722 0.0279798 0.0374675 0.0476021 0.057353 0.0655371 0.0712414 0.0741047 0.0742808 0.072201 0.0683651 0.0632472 0.0572704 0.0507951 0.0441119 0.0374476 0.0309819 0.0248669 0.0192445 0.0142524 0.0100144 0.00661498 0.00407011
 0.00847729 0.0137145 0.0205317 0.0288208 0.0382678 0.0482213 0.0576608 0.0654409 0.0707116 0.073195 0.0731269 0.0709907 0.0672867 0.0624396 0.0567957 0.0506399 0.0442106 0.0377121 0.0313264 0.0252234 0.0195671 0.0145167 0.0102129 0.00675228 0.00415745
 0.00899483 0.0145909 0.0219067 0.0308214 0.0409497 0.0514911 0.0612213 0.0688148 0.073361 0.0746868 0.073261 0.0698347 0.0651216 0.0596594 0.0538024 0.0477639 0.0416694 0.0356078 0.0296709 0.023974 0.0186582 0.0138796 0.00978507 0.0064794 0.00399393
 0.00926858 0.0150698 0.0226916 0.0320311 0.0426977 0.0538426 0.0641408 0.0721266 0.0767436 0.0777135 0.0754834 0.0708941 0.0648509 0.058132 0.0513041 0.0447017 0.0384592 0.0325857 0.0270512 0.0218511 0.0170355 0.0127048 0.00898017 0.00595988 0.00368034
 0.00860843 0.01405 0.0212645 0.0302104 0.0405818 0.0516349 0.0621547 0.0707453 0.0763217 0.0784487 0.0773208 0.0735176 0.0677711 0.060834 0.0533961 0.0460062 0.0390183 0.0325921 0.0267475 0.0214455 0.0166608 0.0124189 0.008789 0.00584482 0.00361703
#pred catch len freq
 0.00350657 0.00570453 0.00862741 0.0123238 0.016825 0.0220869 0.0279265 0.0340222 0.039984 0.0454366 0.0500729 0.0536893 0.0562111 0.0576935 0.058292 0.0582237 0.0577347 0.0570598 0.0563366 0.0554704 0.0540267 0.0512896 0.0465753 0.0396854 0.0311954
 0.00390903 0.00631791 0.00947664 0.013411 0.0181378 0.0236078 0.0296302 0.0358576 0.0418547 0.0471964 0.0515511 0.0547393 0.0567615 0.0577718 0.0580047 0.0577006 0.0570638 0.0562421 0.0552831 0.05405 0.05215 0.0489907 0.0440404 0.0372029 0.029049
 0.00410059 0.00665574 0.0100324 0.014264 0.0193527 0.0252035 0.0315551 0.0379917 0.0440406 0.0492785 0.0533961 0.0562345 0.0578086 0.0582984 0.0579897 0.0571875 0.0561409 0.0549943 0.0537467 0.0522073 0.049976 0.0465253 0.0414345 0.0346967 0.0268889
 0.00432748 0.00701098 0.0105464 0.0149682 0.0202892 0.0264298 0.0331327 0.0399533 0.0463478 0.0517948 0.0558997 0.0584698 0.0595511 0.0593982 0.0583817 0.0568795 0.0551941 0.0534988 0.0517947 0.0498764 0.0473395 0.0436893 0.0385696 0.0320267 0.0246302
 0.00458507 0.00741782 0.0111366 0.0157665 0.0213088 0.0276709 0.0345822 0.0415892 0.0481457 0.0537275 0.0579188 0.0604785 0.0613912 0.0608706 0.0592947 0.0570986 0.0546681 0.0522559 0.04992 0.0474881 0.0445811 0.0407362 0.0356347 0.0293411 0.0223922
 0.00483549 0.00781804 0.0117267 0.016581 0.0223721 0.0289902 0.0361369 0.0433252 0.0499815 0.0555712 0.0596875 0.0621075 0.0628249 0.062041 0.0601038 0.0574225 0.0543874 0.0512949 0.0482757 0.0452389 0.0418801 0.0377979 0.032712 0.0266859 0.0202017
 0.0050812 0.00821427 0.0123179 0.0174083 0.0234687 0.0303712 0.037787 0.0451888 0.051964 0.0575512 0.061537 0.0637129 0.0641042 0.0629458 0.0606053 0.0574875 0.0539626 0.0503165 0.0467018 0.0430906 0.039269 0.0349263 0.0298419 0.0240815 0.0180644
 0.00529463 0.00856342 0.0128485 0.0181676 0.0244996 0.0317022 0.0394166 0.0470736 0.0540151 0.0596423 0.0635199 0.0654401 0.065452 0.0638323 0.0609933 0.0573714 0.0533454 0.049194 0.0450678 0.0409659 0.0367396 0.0321638 0.0270859 0.0215842 0.0160208
 0.00556047 0.00897733 0.013439 0.0189534 0.0254927 0.0329098 0.0408377 0.0486895 0.0557797 0.0614764 0.065314 0.067066 0.0667806 0.0647546 0.0614349 0.0572967 0.0527501 0.0480917 0.0434834 0.0389452 0.034373 0.0296058 0.0245482 0.0192914 0.0141483
 0.00580976 0.00939025 0.0140737 0.0198664 0.0267246 0.0344644 0.042664 0.050681 0.0577962 0.0633777 0.0669857 0.0684255 0.0677701 0.0653302 0.061563 0.0569556 0.0519333 0.0468103 0.0417683 0.0368545 0.0320054 0.0271113 0.0221188 0.0171249 0.0123951
 0.00595301 0.00964689 0.0145055 0.0205496 0.0277377 0.0358642 0.0444571 0.0528027 0.060107 0.0656816 0.0690664 0.0700914 0.0688926 0.0658589 0.0615124 0.0563751 0.0508799 0.0453359 0.0399245 0.0347079 0.029655 0.0246983 0.0198157 0.0151027 0.0107779
 0.00618164 0.00999961 0.0150043 0.0212109 0.0285809 0.0369195 0.045762 0.0543825 0.0619441 0.0676894 0.0710842 0.0719101 0.0703032 0.0667041 0.0617177 0.0559497 0.0498919 0.0438804 0.0381015 0.0326191 0.027415 0.0224439 0.0177011 0.0132723 0.00933091
 0.00637185 0.0102933 0.0154174 0.0217482 0.029237 0.037682 0.0466152 0.055313 0.062947 0.0687671 0.0722326 0.0730936 0.0714358 0.0676536 0.0623372 0.0561209 0.049558 0.0430537 0.0368504 0.0310487 0.0256533 0.020634 0.0159896 0.011788 0.00815848
 0.00650373 0.0104917 0.0156866 0.022083 0.0296262 0.0381137 0.0470806 0.0558065 0.0634661 0.0693132 0.0728117 0.0737131 0.0720922 0.0683157 0.0629348 0.0565511 0.0497115 0.0428501 0.0362651 0.0301214 0.0244784 0.0193415 0.0147194 0.010663 0.00725993
 0.00654891 0.0105671 0.0158032 0.0222505 0.0298495 0.0383881 0.0473896 0.0561254 0.0637721 0.0695968 0.0730817 0.0739918 0.0724039 0.0686718 0.0633209 0.0569201 0.0499871 0.0429447 0.0361083 0.0296877 0.0238009 0.0185056 0.0138395 0.00985045 0.00659437
 0.00665554 0.0107153 0.0159806 0.0224331 0.0300118 0.0385176 0.0474955 0.0562335 0.0639082 0.0697706 0.0732825 0.0741989 0.0726019 0.0688592 0.0635048 0.0571005 0.0501431 0.0430313 0.0360689 0.0294777 0.0234119 0.0179753 0.0132426 0.00927314 0.00610642
 0.00664146 0.0106965 0.0159586 0.0224083 0.0299792 0.0384635 0.0473995 0.05608 0.0637031 0.0695513 0.0731108 0.0741367 0.0726849 0.0690846 0.0638386 0.0574938 0.0505443 0.0433888 0.0363322 0.0296039 0.0233793 0.0177957 0.0129611 0.00895386 0.00581015
 0.00668172 0.0107587 0.0160461 0.0225221 0.0301174 0.0386203 0.0475629 0.0562291 0.0638091 0.0695849 0.0730555 0.074002 0.0725092 0.0689226 0.063739 0.0574803 0.0506085 0.0434971 0.0364378 0.0296608 0.0233553 0.0176824 0.0127773 0.00873735 0.0056025
 0.00669151 0.0107915 0.016126 0.0226802 0.030382 0.0390018 0.0480414 0.0567535 0.0643082 0.0699858 0.0733006 0.0740602 0.0723816 0.0686432 0.0633676 0.0570862 0.05025 0.0432051 0.036212 0.0294779 0.0231852 0.0175037 0.0125862 0.0085467 0.00543203
 0.00665541 0.010744 0.0160769 0.0226498 0.0304012 0.0391082 0.048271 0.0571269 0.0648151 0.0705749 0.0738847 0.0745388 0.0726717 0.0687049 0.0632121 0.0567669 0.0498416 0.0427798 0.0358208 0.0291432 0.0229055 0.0172667 0.0123811 0.00837059 0.0052882
 0.00665379 0.0107278 0.0160288 0.0225482 0.0302302 0.0388714 0.0480023 0.0568892 0.0646842 0.0706133 0.0741163 0.0749354 0.0731584 0.0691824 0.0635893 0.0569888 0.0499009 0.0427092 0.0356721 0.0289651 0.0227303 0.0171088 0.0122441 0.00825489 0.00519483
 0.00669667 0.0107867 0.0160961 0.022607 0.0302547 0.0388314 0.0478713 0.0566566 0.0643681 0.0702676 0.0738221 0.0747751 0.0731828 0.0693876 0.0639175 0.0573522 0.0502164 0.0429257 0.0357786 0.0289817 0.0226896 0.0170411 0.01217 0.00818606 0.00513721
 0.00667014 0.0107528 0.0160615 0.0225823 0.0302493 0.0388462 0.0478934 0.05666 0.0643224 0.0701521 0.0736398 0.0745599 0.0729921 0.0692825 0.0639362 0.0574922 0.0504359 0.0431629 0.0359787 0.0291149 0.0227539 0.0170526 0.0121503 0.00815363 0.0051043
 0.0066047 0.0106486 0.0159097 0.0223786 0.0299979 0.0385635 0.047609 0.0564112 0.0641417 0.0700535 0.0736146 0.0745847 0.073046 0.0693609 0.064052 0.0576631 0.0506669 0.0434365 0.0362591 0.0293633 0.0229439 0.0171773 0.0122189 0.00818304 0.0051113
 0.0066143 0.0106536 0.0158975 0.02233 0.0298914 0.038383 0.0473517 0.0560934 0.0637985 0.0697327 0.0733638 0.0744369 0.0730107 0.0694248 0.0641909 0.057855 0.050897 0.0436933 0.0365266 0.0296188 0.0231639 0.0173456 0.0123323 0.00824961 0.00514466
 0.00665891 0.0107206 0.0159871 0.0224368 0.0300025 0.0384779 0.0474036 0.0560742 0.0636883 0.0695302 0.0730918 0.0741388 0.0727373 0.0692187 0.0640749 0.0578304 0.0509502 0.043804 0.0366733 0.02978 0.0233187 0.0174769 0.0124304 0.00831371 0.0051809
 0.00664327 0.0107021 0.015972 0.0224344 0.0300221 0.0385232 0.0474683 0.0561409 0.0637322 0.0695262 0.0730235 0.0740058 0.0725577 0.069026 0.0639076 0.05772 0.0509125 0.043837 0.0367616 0.029901 0.0234493 0.0175975 0.012528 0.00838325 0.0052245
 0.00658083 0.0106093 0.015849 0.0222891 0.0298699 0.0383858 0.04737 0.0561032 0.0637651 0.0696213 0.073153 0.0741311 0.0726443 0.0690565 0.0638878 0.0576741 0.0508714 0.0438256 0.0367909 0.0299672 0.0235379 0.0176908 0.012611 0.00844725 0.00526773
 0.00655148 0.0105468 0.0157286 0.0220808 0.0295491 0.0379483 0.0468452 0.0555546 0.0632761 0.0692712 0.0729936 0.0741731 0.0728576 0.0693836 0.0642639 0.0580473 0.0512132 0.0441297 0.0370629 0.0302134 0.0237588 0.0178811 0.0127644 0.0085609 0.00534411
 0.00650527 0.0104782 0.0156358 0.0219619 0.0293969 0.0377458 0.0465673 0.0551806 0.0628093 0.068754 0.0725054 0.0738071 0.0726873 0.0694355 0.0645127 0.0584311 0.0516599 0.0445793 0.0374779 0.0305766 0.0240653 0.0181304 0.0129576 0.00870102 0.00543787
