SBPRF35
12.7214
Curr Bio
856022
B35
874948
F35
0.171383
FOFL
0.163438
OFL
112300
Bzero
3.63469e+006
#pred survey bio
 3.48296e+006 3.36865e+006 3.25579e+006 3.10083e+006 2.91422e+006 2.70894e+006 2.47471e+006 2.2559e+006 2.02028e+006 1.78238e+006 1.59795e+006 1.42373e+006 1.25255e+006 1.08474e+006 971068 852141 755623 688791 647864 617083 605268 587946 580008 571243 566190 568535 551792 550583 561789 558236 560657 558759 559535 570500 587261 599873 615796 621869 622748 635794 635532 644527 639388 645685 654010 668248 660359 674752 682600 681125 682299 715553 750841 763323 813273 842064 857349 871613 892556 888493 888149 903797 892978 895156 880593 861778 2.94729e+007 1.76072e+007 1.7889e+007 1.87511e+007 1.99827e+007 2.13509e+007 2.26848e+007 2.38839e+007 2.49048e+007 2.5742e+007 2.64106e+007 2.69351e+007 2.73414e+007 2.76536e+007 2.78924e+007 2.80748e+007 2.82141e+007 2.83207e+007 2.84025e+007 2.84655e+007 2.85142e+007 2.8552e+007 2.85816e+007 2.86047e+007 2.8623e+007 2.86374e+007 2.86489e+007 2.8658e+007 2.86652e+007 2.8671e+007 2.86757e+007 2.86795e+007 2.86825e+007 2.8685e+007 2.8687e+007 2.86886e+007 2.869e+007 2.8691e+007 2.86919e+007 2.86926e+007 2.86932e+007 2.86937e+007 2.86941e+007 2.86944e+007 2.86946e+007 2.86949e+007 2.8695e+007 2.86952e+007 2.86953e+007 2.86954e+007 2.86955e+007 2.86955e+007 2.86956e+007 2.86956e+007 2.86957e+007 2.86957e+007 2.86957e+007 2.86957e+007 2.86957e+007 2.86958e+007 2.86958e+007 2.86958e+007 2.86958e+007 2.86958e+007 2.86958e+007 2.86958e+007 2.86958e+007 2.86958e+007 2.86958e+007 2.86958e+007 2.86958e+007 2.86958e+007 2.86958e+007 2.86958e+007 2.86958e+007 2.86958e+007 2.86958e+007 2.86958e+007 2.86958e+007 2.86958e+007 2.86958e+007 2.86958e+007 2.86958e+007 2.86958e+007 2.86958e+007 2.86958e+007 2.86958e+007 2.86958e+007 2.86958e+007 2.86958e+007 2.86958e+007 2.86958e+007 2.86958e+007 2.86958e+007 2.86958e+007 2.86958e+007 2.86958e+007 2.86958e+007 2.86958e+007 2.86958e+007 0 0 0 0 0 0 0 0 0 0 0 0 0 0 0 0 0 0 0 0 0 0 0 0 0
#obs survey bio
 2.7063e+006 3.82232e+006 3.89526e+006 4.11062e+006 3.16998e+006 2.45616e+006 2.7742e+006 1.92432e+006 2.3192e+006 1.64219e+006 1.74816e+006 1.31115e+006 1.32806e+006 801126 722950 777885 709528 800151 586878 523646 746318 689133 486072 679422 517066 637511 551298 438822 598893 663102 532784 713492 535850 459278 521743 653492 576214 599030 539394 531938 581345 637188 548290 578010 425985 673618 749911 587905 895678 646529 640904 633622 515136 934463 970150 613315 718274 940593 824545 798992 986883 1.04404e+006 1.17621e+006 898593 898718 1.03022e+006
#pred catch bio
 106274 109868 157016 196946 227568 269138 270992 301857 317482 280541 279944 282416 281640 235017 238024 213778 183176 157221 145731 127577 129828 119201 117885 113016 105679 120117 105327 94821 106605 100125 102777 99637.3 91050.1 87314.2 92078 89986.4 98483.3 102714 93182.4 105825 99578.7 113292 104783 104770 101501 120543 101334 107415 114596 111306 84989.8 85687.2 106364 76127.4 96741 109265 110536 105113 125963 121121 106395 127569 114212 127458 129943 129578 112300 116515 117150 121680 129172 137682 145937 153251 159354 164231 168007 170860 172977 174525 175644 176446 177016 177420 177704 177903 178042 178139 178206 178253 178286 178308 178324 178335 178342 178347 178351 178353 178355 178356 178357 178357 178358 178358 178358 178358 178358 178359 178359 178359 178359 178359 178359 178359 178359 178359 178359 178359 178359 178359 178359 178359 178359 178359 178359 178359 178359 178359 178359 178359 178359 178359 178359 178359 178359 178359 178359 178359 178359 178359 178359 178359 178359 178359 178359 178359 178359 178359 178359 178359 178359 178359 178359 178359 178359 178359 178359 178359 178359 178359 178359 178359 178359 178359 178359 178359 0 0 0 0 0 0 0 0 0 0 0 0 0 0 0 0 0 0 0 0 0 0 0 0 0
#obs catch bio
 0 109657 157272 197106 227816 269963 270435 302428 319642 281710 281164 283163 282457 238560 242842 217158 184944 158223 146984 128764 130938 119402 118150 113025 105591 119777 105429 94896.1 106666 99499.7 102357 99160.8 90813.7 86962.4 92005.8 89737.6 97946.8 101877 92651.9 105415 99070.2 113700 105190 105221 101911 121495 101422 107651 114897 111084 84704.2 85358.2 107118 75847.6 96926.6 109619 110987 105051 126516 121558 106257 128079 113695 127097 129952 129601
#pred cpue bio
 3.4427e+006 3.3297e+006 3.21687e+006 3.0618e+006 2.87552e+006 2.6705e+006 2.43675e+006 2.21822e+006 1.98314e+006 1.74622e+006 1.56255e+006 1.38934e+006 1.21937e+006 1.05282e+006 940027 822838 728135 662720 622742 592699 581375 564886 557463 549071 544299 546814 530557 529435 540612 537486 540099 538355 539204 550018 566430 578826 594650 600779 601529 614126 613613 622047 616713 622746 630815 644749 637174 651446 659287 658100 659340 692050 726882 739206 788326 816710 831684 845751 866578 862820 862673 878373 868113 870444 855974 837260 2.86249e+007 1.7096e+007 1.72494e+007 1.79934e+007 1.91929e+007 2.05553e+007 2.18883e+007 2.30872e+007 2.41081e+007 2.49452e+007 2.56139e+007 2.61384e+007 2.65446e+007 2.68568e+007 2.70957e+007 2.72781e+007 2.74174e+007 2.7524e+007 2.76057e+007 2.76687e+007 2.77174e+007 2.77553e+007 2.77848e+007 2.7808e+007 2.78263e+007 2.78407e+007 2.78521e+007 2.78612e+007 2.78685e+007 2.78743e+007 2.7879e+007 2.78828e+007 2.78858e+007 2.78883e+007 2.78903e+007 2.78919e+007 2.78932e+007 2.78943e+007 2.78952e+007 2.78959e+007 2.78965e+007 2.78969e+007 2.78973e+007 2.78977e+007 2.78979e+007 2.78981e+007 2.78983e+007 2.78984e+007 2.78986e+007 2.78987e+007 2.78987e+007 2.78988e+007 2.78988e+007 2.78989e+007 2.78989e+007 2.78989e+007 2.7899e+007 2.7899e+007 2.7899e+007 2.7899e+007 2.7899e+007 2.7899e+007 2.7899e+007 2.78991e+007 2.78991e+007 2.78991e+007 2.78991e+007 2.78991e+007 2.78991e+007 2.78991e+007 2.78991e+007 2.78991e+007 2.78991e+007 2.78991e+007 2.78991e+007 2.78991e+007 2.78991e+007 2.78991e+007 2.78991e+007 2.78991e+007 2.78991e+007 2.78991e+007 2.78991e+007 2.78991e+007 2.78991e+007 2.78991e+007 2.78991e+007 2.78991e+007 2.78991e+007 2.78991e+007 2.78991e+007 2.78991e+007 2.78991e+007 2.78991e+007 2.78991e+007 2.78991e+007 2.78991e+007 2.78991e+007 2.78991e+007 2.78991e+007 0 0 0 0 0 0 0 0 0 0 0 0 0 0 0 0 0 0 0 0 0 0 0 0 0
#obs cpue bio
 2.55253e+006 2.99487e+006 2.77109e+006 2.64911e+006 2.17879e+006 2.79196e+006 3.26039e+006 1.90074e+006 1.19711e+006 1.80894e+006 1.45546e+006 1.6739e+006 1.18793e+006 509546 955823 863278 832416 559796 563449 503254 499361 617120 650920 522476 564035 704788 375475 583467 645402 679254 560684 483781 485730 792581 556884 582458 923650 895294 522091 833157 639662 398529 556991 671994 778267 651808 621357 746892 509742 1.10374e+006 616910 894184 610641 722215 627367 955234 839681 973629 797825 896657 897476 706503 1.06815e+006 923248 622601 693112
#pred surv len freq
 0.00426836 0.00701556 0.0107194 0.0154161 0.0210239 0.0272545 0.0335925 0.0394327 0.0443102 0.0480478 0.0507288 0.0525626 0.0537681 0.0545195 0.0549369 0.0550963 0.0550475 0.0548166 0.0543649 0.0535001 0.051805 0.048699 0.0437003 0.0367846 0.0285884
 0.00456163 0.00740934 0.0111617 0.0158147 0.0212821 0.0273206 0.0334917 0.0392541 0.0441528 0.0479615 0.05069 0.0525005 0.0536196 0.0542776 0.0546637 0.0548969 0.0550178 0.0549911 0.0546879 0.0538388 0.0520035 0.0486496 0.0433918 0.0363011 0.0280601
 0.00464214 0.00759483 0.0115349 0.0164684 0.0222744 0.0286183 0.0349397 0.040608 0.0451729 0.0485127 0.0507808 0.05224 0.0531352 0.053659 0.0539623 0.0541587 0.0543049 0.0543671 0.0541802 0.0534123 0.0515736 0.0481319 0.0427569 0.0355947 0.027376
 0.00478953 0.00781746 0.0118435 0.0168753 0.0228069 0.0293278 0.0358902 0.0418352 0.0466295 0.0500399 0.05214 0.0531993 0.0535593 0.0535448 0.0534087 0.0533055 0.0532865 0.0532924 0.0531239 0.0524068 0.0506104 0.0471844 0.041816 0.034692 0.0265745
 0.00497937 0.00812725 0.0123104 0.017531 0.0236679 0.0303855 0.0371063 0.0431524 0.0479914 0.0514015 0.0534518 0.0543759 0.0544677 0.054036 0.0533784 0.0527409 0.052268 0.0519558 0.0516123 0.0508357 0.0490566 0.0456969 0.0404368 0.0334707 0.0255634
 0.00517144 0.00844333 0.0127935 0.0182242 0.0246064 0.0315831 0.0385401 0.0447561 0.0496639 0.0530295 0.0549342 0.0556359 0.0554445 0.0546658 0.0535851 0.0524521 0.0514511 0.0506467 0.0499149 0.0488951 0.0470248 0.0437111 0.0386132 0.0319021 0.0243118
 0.00545104 0.00888839 0.0134462 0.0191185 0.0257644 0.0330069 0.0402023 0.0465928 0.0515785 0.0549054 0.0566508 0.0570841 0.0565369 0.0553396 0.0537945 0.0521592 0.0506259 0.0492847 0.0480622 0.0466618 0.0445774 0.0412454 0.0363204 0.0299366 0.022766
 0.00569171 0.00928767 0.0140615 0.0200069 0.0269699 0.0345405 0.0420245 0.0486104 0.0536628 0.0569206 0.058477 0.0586245 0.0577147 0.0560927 0.0540725 0.0519218 0.0498436 0.0479463 0.0461917 0.0443411 0.0419583 0.0385385 0.0337579 0.0277206 0.0210222
 0.00591615 0.00966538 0.0146542 0.0208817 0.0281863 0.0361302 0.0439683 0.0508267 0.0560157 0.0592435 0.0606023 0.0604076 0.0590493 0.0569126 0.0543432 0.0516266 0.0489733 0.0465004 0.0441934 0.0418624 0.0391417 0.0355977 0.0309456 0.0252696 0.0190861
 0.00621037 0.0101373 0.0153535 0.021853 0.0294646 0.0377312 0.0458755 0.0529815 0.0583168 0.0615568 0.0627762 0.0622905 0.0605071 0.0578436 0.0546851 0.0513523 0.0480805 0.0450034 0.0421282 0.0393051 0.0362327 0.0325489 0.0280145 0.0227018 0.0170495
 0.00642073 0.0104852 0.0158878 0.0226229 0.0305096 0.0390668 0.0474789 0.0547892 0.0602366 0.0634881 0.064622 0.0639583 0.0619035 0.0588729 0.0552563 0.0513904 0.0475366 0.0438599 0.0404052 0.0370724 0.033624 0.0297664 0.0253055 0.0203056 0.015135
 0.00666329 0.0108777 0.0164755 0.0234473 0.031602 0.0404365 0.0491001 0.0565943 0.0621234 0.0653381 0.0663217 0.0654141 0.0630462 0.0596528 0.0556319 0.05132 0.0469777 0.0427805 0.0388014 0.0349907 0.0311795 0.0271454 0.0227418 0.0180287 0.0133094
 0.0069914 0.011403 0.0172507 0.0245148 0.0329843 0.0421232 0.0510339 0.0586679 0.0641956 0.067261 0.0679677 0.0666908 0.0638997 0.0600624 0.0555994 0.0508555 0.046087 0.041463 0.0370624 0.0328659 0.0287617 0.0245947 0.0202673 0.0158396 0.0115571
 0.00730356 0.0119249 0.0180614 0.0256932 0.0345882 0.0441576 0.0534226 0.0612491 0.0667502 0.0695638 0.0698328 0.0679974 0.0645959 0.060155 0.0551361 0.049903 0.0447119 0.0397197 0.034996 0.03053 0.0262437 0.022032 0.0178371 0.01372 0.00987506
 0.00735071 0.0120283 0.0182683 0.0260694 0.035209 0.0450893 0.0546997 0.0628554 0.0686101 0.0715445 0.071761 0.0696883 0.065888 0.0609391 0.0553668 0.0495922 0.0439098 0.0384935 0.0334182 0.0286794 0.0242175 0.019957 0.015864 0.0119959 0.00850442
 0.0074799 0.0122432 0.0186017 0.0265576 0.0358878 0.0459859 0.0558226 0.0641861 0.0700992 0.0731134 0.0733061 0.0710884 0.067018 0.061688 0.0556567 0.0493905 0.0432302 0.0373876 0.0319627 0.0269681 0.0223602 0.0180803 0.0141037 0.0104755 0.00730651
 0.0076632 0.0125264 0.0190011 0.0270797 0.0365309 0.0467423 0.0566785 0.0651204 0.0710839 0.074115 0.0742855 0.071999 0.0678023 0.0622781 0.0559816 0.0493884 0.0428636 0.0366538 0.0308976 0.0256432 0.0208761 0.0165573 0.0126671 0.0092343 0.00633049
 0.00782101 0.0127699 0.0193427 0.0275211 0.0370624 0.0473429 0.0573169 0.0657596 0.0716907 0.0746696 0.0747856 0.0724522 0.0682121 0.0626307 0.05624 0.0494979 0.0427653 0.0363029 0.0302797 0.0247844 0.0198432 0.0154479 0.011591 0.00828937 0.00558083
 0.00792114 0.0129212 0.0195489 0.027778 0.0373591 0.0476644 0.0576465 0.0660808 0.0719898 0.0749399 0.0750294 0.0726801 0.0684369 0.0628579 0.0564592 0.0496779 0.0428573 0.0362525 0.0300446 0.0243519 0.0192401 0.0147384 0.0108611 0.00762348 0.00503942
 0.00794313 0.0129658 0.0196317 0.0279171 0.0375687 0.0479455 0.0579805 0.0664315 0.0723148 0.0752057 0.0752222 0.0728061 0.0685157 0.0629128 0.0565065 0.0497195 0.0428765 0.0362167 0.0299156 0.0241022 0.018868 0.0142745 0.0103615 0.00715167 0.00464614
 0.00780407 0.0127519 0.0193339 0.0275388 0.0371291 0.0474819 0.0575477 0.0660937 0.0721297 0.075206 0.0754054 0.0731396 0.0689515 0.0634031 0.057012 0.0502092 0.0433226 0.0365897 0.0301849 0.0242425 0.0188703 0.0141542 0.0101575 0.00691548 0.00442519
 0.00785915 0.0128147 0.0193794 0.0275286 0.037023 0.0472568 0.0572126 0.0656933 0.0717321 0.0748824 0.0752111 0.0731015 0.0690663 0.0636428 0.0573351 0.0505719 0.0436852 0.0369182 0.0304498 0.0244201 0.0189477 0.014135 0.0100638 0.00678191 0.00428753
 0.00788481 0.0128518 0.019425 0.0275731 0.0370473 0.0472316 0.0571034 0.0654714 0.0713922 0.0744563 0.0747671 0.072726 0.0688345 0.0635949 0.0574679 0.0508466 0.0440444 0.037302 0.0308063 0.0247105 0.0191491 0.0142424 0.0100896 0.00675148 0.00423036
 0.00789133 0.0128661 0.0194532 0.027622 0.0371214 0.0473282 0.0572074 0.0655548 0.0714187 0.0743925 0.0745973 0.0724641 0.0685261 0.0633058 0.0572619 0.0507635 0.0440886 0.0374457 0.0310032 0.0249117 0.0193159 0.0143534 0.010142 0.00675706 0.00420834
 0.00787874 0.0128427 0.0194133 0.0275598 0.0370346 0.0472215 0.0570946 0.0654555 0.0713497 0.0743583 0.0745861 0.0724531 0.0684947 0.0632491 0.0571964 0.0507209 0.0441001 0.037526 0.0311434 0.0250838 0.019485 0.014491 0.010234 0.00680467 0.0042231
 0.00782557 0.0127549 0.0192788 0.0273673 0.0367768 0.0469004 0.0567269 0.0650739 0.0709993 0.0740863 0.0744291 0.0724261 0.0685875 0.0634309 0.0574298 0.0509759 0.0443621 0.0377928 0.0314143 0.0253512 0.0197323 0.0146993 0.0103903 0.00690734 0.00428079
 0.0079323 0.0129237 0.0195228 0.0276923 0.0371761 0.0473493 0.0571789 0.0654658 0.0712658 0.0741806 0.0743384 0.0721746 0.0682255 0.0630175 0.0570162 0.0505975 0.044039 0.0375347 0.0312251 0.0252282 0.0196657 0.0146726 0.0103854 0.00690973 0.00428239
 0.00788773 0.0128557 0.0194295 0.0275765 0.0370466 0.0472211 0.0570722 0.065401 0.0712561 0.0742249 0.0744195 0.0722659 0.0683025 0.0630671 0.0570399 0.0506067 0.0440477 0.0375539 0.0312601 0.0252792 0.0197281 0.0147385 0.010446 0.006958 0.00431556
 0.00768817 0.0125485 0.0189999 0.0270247 0.0363894 0.0464941 0.056331 0.0647195 0.0707151 0.0738942 0.0743391 0.072436 0.0686844 0.0635958 0.0576426 0.05122 0.0446276 0.0380767 0.0317168 0.0256681 0.0200502 0.0149956 0.0106408 0.00709603 0.00440564
 0.00772074 0.0125795 0.0190064 0.0269726 0.0362438 0.0462342 0.0559633 0.0642789 0.070256 0.073475 0.0740103 0.0722335 0.0686267 0.0636822 0.0578525 0.0515173 0.0449698 0.038425 0.032043 0.025956 0.0202927 0.0151908 0.0107901 0.00720312 0.00447671
 0.00771577 0.012571 0.0189915 0.0269449 0.0361906 0.046135 0.0557921 0.0640143 0.0698945 0.0730426 0.0735623 0.0718407 0.0683537 0.0635694 0.0579086 0.0517219 0.0452826 0.0387969 0.0324272 0.0263155 0.0206038 0.0154423 0.0109805 0.00733763 0.00456478
 0.00772344 0.0125851 0.0190156 0.0269828 0.0362444 0.0462016 0.0558603 0.0640629 0.0698947 0.0729654 0.0733908 0.0715815 0.0680414 0.0632599 0.0576614 0.0515814 0.0452651 0.0388903 0.0325991 0.026526 0.0208165 0.0156313 0.011132 0.00744835 0.00463875
 0.00775583 0.0126262 0.0190564 0.0270087 0.0362404 0.0461599 0.0557854 0.0639701 0.0698022 0.0728839 0.0733178 0.0715033 0.0679433 0.0631382 0.0575304 0.0514703 0.0452063 0.0389048 0.0326879 0.0266707 0.0209878 0.0157999 0.0112766 0.00755878 0.00471448
 0.00778056 0.0126521 0.0190686 0.0269841 0.0361527 0.0459893 0.0555282 0.0636437 0.069444 0.0725435 0.0730442 0.0713315 0.0678841 0.0631774 0.0576395 0.0516213 0.0453825 0.0391019 0.0329059 0.0269047 0.0212244 0.0160199 0.0114626 0.00770091 0.00481247
 0.00768462 0.0125139 0.018893 0.0267844 0.0359444 0.0457807 0.055315 0.0634133 0.0691872 0.072267 0.0727758 0.0711136 0.0677593 0.0631723 0.0577558 0.0518376 0.0456655 0.0394187 0.0332313 0.0272217 0.0215193 0.01628 0.0116769 0.00786361 0.00492501
 0.00756198 0.0123276 0.0186377 0.0264665 0.0355824 0.0454044 0.0549619 0.0631208 0.0689808 0.0721508 0.072733 0.0711191 0.0677965 0.0632423 0.0578727 0.0520153 0.0459061 0.0397092 0.0335489 0.0275414 0.0218191 0.0165433 0.0118926 0.00802703 0.0050385
 0.00748655 0.012194 0.0184175 0.0261294 0.0351076 0.0447955 0.0542599 0.062403 0.068343 0.0716789 0.0724786 0.0710892 0.0679601 0.0635482 0.0582697 0.0524652 0.0463849 0.0402009 0.0340373 0.0280068 0.0222405 0.0169026 0.012179 0.00823898 0.00518283
 0.00757535 0.0123195 0.0185703 0.0262853 0.0352296 0.0448408 0.0541885 0.0621893 0.0679873 0.0712153 0.0719723 0.0706198 0.0675976 0.063333 0.0582065 0.0525323 0.0465495 0.0404308 0.0343056 0.0282905 0.0225182 0.0171546 0.0123901 0.00840124 0.00529662
 0.0076628 0.0124647 0.0187929 0.0266009 0.0356412 0.045327 0.0546954 0.0626346 0.0682799 0.0712844 0.071792 0.0702183 0.0670481 0.0627312 0.0576435 0.0520727 0.0462227 0.0402358 0.0342225 0.0282913 0.0225742 0.0172393 0.0124814 0.00848301 0.00536023
 0.00766995 0.0124715 0.018795 0.0265943 0.0356262 0.0453128 0.0547011 0.0626811 0.0683764 0.0714157 0.0719175 0.0702868 0.0670209 0.0626011 0.0574387 0.0518449 0.0460263 0.0401088 0.0341787 0.0283221 0.0226572 0.017348 0.0125922 0.00857923 0.00543356
 0.00781022 0.0126876 0.0190972 0.0269818 0.0360854 0.0458161 0.0552077 0.0631423 0.0687458 0.0716609 0.0720238 0.0702522 0.0668484 0.0622969 0.0570189 0.0513427 0.045492 0.0395999 0.0337438 0.0279894 0.022431 0.0172138 0.0125257 0.00855509 0.00543117
 0.00775548 0.0126238 0.0190474 0.0269821 0.0361742 0.0460177 0.0555181 0.0635275 0.0691524 0.0720333 0.0723185 0.0704439 0.066928 0.0622656 0.0568833 0.0511152 0.0451945 0.0392655 0.0334131 0.0277001 0.0222078 0.0170633 0.0124385 0.0085137 0.00541702
 0.00777784 0.0126617 0.0191083 0.0270771 0.036319 0.0462319 0.0558207 0.0639266 0.0696338 0.072553 0.0728079 0.0708279 0.0671475 0.0622937 0.0567273 0.050807 0.0447784 0.03879 0.0329263 0.0272465 0.0218219 0.0167644 0.0122288 0.00838097 0.00534158
 0.00777024 0.0126419 0.0190655 0.0269983 0.036195 0.0460659 0.0556351 0.0637636 0.0695461 0.0725873 0.0729865 0.0711364 0.0675353 0.0626878 0.0570549 0.0510167 0.0448514 0.0387383 0.0327833 0.0270547 0.0216227 0.0165891 0.0120946 0.00829076 0.0052884
 0.00773346 0.012589 0.018998 0.0269205 0.0361109 0.0459751 0.0555325 0.0636444 0.0694142 0.0724628 0.0729053 0.0711381 0.0676455 0.0629026 0.0573378 0.0513103 0.0450973 0.0388968 0.0328431 0.027031 0.0215461 0.0164932 0.0120055 0.00822261 0.00524396
 0.0075459 0.0123115 0.0186318 0.0264859 0.0356427 0.0455147 0.0551196 0.063312 0.0691851 0.0723474 0.0729033 0.0712448 0.0678563 0.0632128 0.0577351 0.0517663 0.0455674 0.0393301 0.0331978 0.0272864 0.0217056 0.0165776 0.0120414 0.00823346 0.00524516
 0.00761 0.0123937 0.0187158 0.0265453 0.0356515 0.045461 0.0550157 0.06319 0.0690807 0.0722822 0.0728759 0.0712373 0.0678502 0.0632022 0.0577293 0.0517812 0.0456125 0.0393999 0.0332733 0.0273455 0.0217343 0.0165751 0.0120179 0.00820235 0.00521708
 0.00753268 0.0122718 0.0185388 0.0263043 0.0353386 0.0450719 0.0545541 0.0626763 0.0685589 0.0718174 0.0725404 0.0710876 0.0679068 0.0634445 0.0581077 0.0522385 0.0460993 0.039879 0.0337164 0.0277299 0.0220438 0.0168039 0.0121719 0.00829637 0.00526916
 0.00739905 0.0120773 0.0182881 0.0260156 0.0350376 0.0447813 0.054286 0.0624304 0.0683275 0.0715948 0.0723325 0.0709174 0.0678103 0.0634574 0.0582494 0.0525021 0.0464542 0.0402823 0.0341248 0.0281073 0.022365 0.0170552 0.012352 0.00841383 0.00533863
 0.00747487 0.0121678 0.018365 0.0260359 0.0349593 0.0445859 0.0539933 0.0620942 0.0680109 0.0713414 0.0721521 0.0707936 0.067722 0.0633979 0.0582314 0.0525472 0.0465765 0.0404779 0.0343715 0.0283722 0.0226155 0.0172674 0.0125137 0.00852502 0.00540747
 0.00752207 0.0122478 0.0184891 0.0262102 0.0351758 0.0448133 0.0541762 0.0621676 0.0679288 0.0711024 0.0718038 0.0704101 0.0673711 0.0631192 0.0580363 0.0524333 0.0465398 0.0405143 0.0344718 0.028518 0.0227809 0.0174262 0.0126467 0.00862331 0.005472
 0.00739904 0.0120431 0.0181741 0.0257603 0.0345815 0.0440938 0.0533875 0.0613944 0.0672602 0.0706044 0.0715064 0.0703141 0.0674637 0.0633835 0.0584497 0.0529634 0.047146 0.0411541 0.0351069 0.0291159 0.0233143 0.0178739 0.0129965 0.00887537 0.00563798
 0.00729326 0.0118723 0.0179188 0.025402 0.0341052 0.043493 0.052673 0.060602 0.066453 0.0698658 0.0709225 0.0699533 0.0673605 0.063535 0.0588242 0.0535131 0.0478168 0.0418911 0.0358571 0.0298318 0.0239565 0.0184142 0.0134203 0.00918273 0.00584244
 0.00734574 0.0119507 0.0180232 0.0255257 0.0342333 0.0436022 0.0527313 0.0605723 0.0663015 0.0695744 0.0705019 0.0694473 0.06684 0.0630795 0.0585007 0.0533601 0.0478395 0.0420667 0.0361447 0.0301825 0.0243223 0.0187542 0.0137061 0.00940083 0.00599326
 0.0071832 0.0116918 0.0176445 0.0250115 0.0335817 0.0428325 0.0518903 0.0597318 0.0655436 0.0689703 0.0700949 0.0692492 0.0668395 0.0632569 0.0588378 0.0538422 0.0484493 0.0427768 0.0369141 0.0309595 0.0250526 0.0193915 0.0142202 0.0097823 0.00625211
 0.0071516 0.0116395 0.0175633 0.0248918 0.0334127 0.0426034 0.0515933 0.0593672 0.0651236 0.0685214 0.069655 0.0688611 0.0665414 0.063076 0.0587886 0.0539295 0.0486704 0.0431204 0.0373571 0.031465 0.0255734 0.019879 0.0146353 0.0101032 0.00647681
 0.00708301 0.0115484 0.0174636 0.0248076 0.0333694 0.042615 0.0516515 0.0594406 0.0651678 0.0684941 0.0695315 0.0686421 0.0662536 0.0627643 0.0585049 0.0537203 0.0485687 0.043142 0.0374991 0.0317062 0.0258779 0.0202025 0.0149359 0.010351 0.00665884
 0.00700556 0.011424 0.0172808 0.0245609 0.0330654 0.0422781 0.0513261 0.0591809 0.0650182 0.0684685 0.0696043 0.0687604 0.0663618 0.0628274 0.05852 0.0537121 0.0485762 0.043202 0.0376338 0.031917 0.0261457 0.0204942 0.0152144 0.0105864 0.00683584
 0.00688942 0.0112406 0.0170149 0.0242026 0.0326125 0.0417408 0.0507323 0.0585798 0.0644765 0.0680572 0.0693798 0.0687456 0.0665378 0.0631407 0.0589034 0.0541098 0.0489595 0.0435693 0.0379977 0.0322886 0.0265229 0.0208599 0.0155439 0.0108573 0.00703711
 0.00688835 0.0112391 0.0170127 0.0241982 0.032602 0.0417162 0.050681 0.0584873 0.0643316 0.06786 0.0691471 0.0685106 0.0663407 0.0630142 0.0588601 0.0541401 0.0490411 0.0436814 0.0381308 0.0324424 0.0266978 0.0210492 0.0157319 0.0110253 0.00717068
 0.00684858 0.0111783 0.0169286 0.0240914 0.0324764 0.0415778 0.0505378 0.058347 0.0641997 0.0677373 0.0690313 0.0684007 0.0662422 0.0629414 0.0588314 0.0541696 0.0491312 0.0438227 0.0383074 0.0326392 0.0269029 0.0212519 0.0159204 0.0111874 0.00729743
 0.00669855 0.0109448 0.0165969 0.0236567 0.031946 0.0409744 0.0499015 0.057734 0.0636727 0.0673508 0.0688184 0.0683674 0.0663707 0.0632 0.0591859 0.0545907 0.0495963 0.0443125 0.0388023 0.0331186 0.0273468 0.0216432 0.0162467 0.0114423 0.00748196
 0.00677702 0.0110492 0.0167113 0.0237514 0.0319857 0.0409302 0.0497618 0.0575073 0.0633832 0.0670306 0.0685011 0.0680838 0.0661461 0.0630513 0.05912 0.0546056 0.0496837 0.0444605 0.0389969 0.0333431 0.0275825 0.0218711 0.01645 0.0116093 0.00760734
 0.00684946 0.0111559 0.0168499 0.0239095 0.0321395 0.0410464 0.0498021 0.0574372 0.0631847 0.0667135 0.0681046 0.0676662 0.0657674 0.0627571 0.0589351 0.0545346 0.0497169 0.0445799 0.0391803 0.033567 0.027823 0.0221056 0.0166593 0.0117802 0.00773468
 0.0069046 0.0112607 0.0170345 0.0242077 0.032576 0.0416186 0.0504651 0.0581039 0.0637452 0.0670667 0.0681876 0.0674704 0.0653368 0.0621727 0.0582908 0.0539146 0.0491807 0.0441584 0.03888 0.0333775 0.0277244 0.0220735 0.0166692 0.0118107 0.00776965
 0.00690267 0.0112685 0.0170677 0.0242908 0.03274 0.0418947 0.050874 0.0586436 0.0643801 0.0677235 0.0687651 0.067864 0.0654708 0.0620246 0.0578972 0.0533564 0.0485557 0.0435549 0.0383597 0.0329707 0.0274349 0.0218872 0.016563 0.0117593 0.00775087
#obs surv len freq
 nan nan nan nan nan nan nan nan nan nan nan nan nan nan nan nan nan nan nan nan nan nan nan nan nan
 0.00448496 0.00734643 0.0111765 0.0159929 0.0216935 0.0279689 0.0342827 0.0400137 0.0446931 0.0481567 0.0505144 0.0520101 0.0529023 0.0534146 0.0537288 0.0539837 0.0542622 0.0545549 0.0546937 0.0542856 0.0527236 0.0493558 0.0438056 0.0362858 0.0276695
 0.00461559 0.00756136 0.0115044 0.0164608 0.0223203 0.0287548 0.0351992 0.0410009 0.0456681 0.0490309 0.0512099 0.0524715 0.0531017 0.0533517 0.0534262 0.0534791 0.0535997 0.0537774 0.0538404 0.0533939 0.0518325 0.0485088 0.0430478 0.0356554 0.0271877
 0.00478525 0.0078374 0.0119203 0.0170483 0.0231035 0.0297404 0.0363663 0.042295 0.0470055 0.050311 0.0523299 0.0533393 0.0536469 0.0535333 0.053236 0.0529396 0.052757 0.0526919 0.0525794 0.0520282 0.0504382 0.0471669 0.0418391 0.0346463 0.0264151
 0.00496883 0.00813994 0.0123832 0.0177125 0.0240014 0.0308831 0.0377305 0.0438185 0.0485964 0.0518635 0.0537395 0.0545101 0.0544954 0.0539922 0.0532609 0.0525152 0.0519007 0.0514526 0.0510328 0.0502723 0.0485891 0.0453524 0.0401853 0.0332564 0.0253469
 0.00518941 0.00849906 0.0129248 0.0184785 0.0250243 0.0321743 0.0392671 0.0455379 0.0504024 0.053643 0.0553786 0.0559054 0.0555578 0.0546484 0.053454 0.0522081 0.0510814 0.0501422 0.049292 0.0482049 0.0463396 0.0430939 0.0380952 0.0314825 0.0239753
 0.00541854 0.008875 0.013497 0.0192951 0.0261228 0.0335671 0.0409265 0.0473915 0.0523443 0.0555538 0.0571441 0.0574252 0.0567462 0.0554326 0.053773 0.0520132 0.0503411 0.048852 0.0474883 0.0459788 0.0438427 0.0405277 0.0356791 0.0294069 0.0223573
 0.00565317 0.00926104 0.0140867 0.0201402 0.0272652 0.0350228 0.0426696 0.0493479 0.0544015 0.0575826 0.0590192 0.0590382 0.0580096 0.0562777 0.0541451 0.0518674 0.0496419 0.0475817 0.0456636 0.0436729 0.0412004 0.0377611 0.0330342 0.0271075 0.0205488
 0.00590408 0.00966958 0.014703 0.0210119 0.0284292 0.0364922 0.044419 0.051307 0.0564636 0.0596231 0.0609147 0.0606782 0.0593025 0.0571515 0.054545 0.0517509 0.048976 0.0463461 0.0438658 0.0413714 0.0385274 0.034925 0.0302897 0.0246966 0.0186363
 0.00615844 0.010087 0.0153381 0.0219177 0.0296457 0.03803 0.0462425 0.0533303 0.0585642 0.0616675 0.06278 0.0622636 0.0605293 0.0579596 0.0548881 0.0515925 0.0482869 0.0451074 0.0420816 0.0390919 0.0358725 0.0320924 0.02753 0.0222553 0.0166872
 0.00636707 0.0104328 0.0158714 0.0226898 0.0307003 0.0393869 0.0478816 0.0551842 0.0605268 0.0636131 0.0645845 0.0638183 0.0617479 0.0587787 0.0552633 0.0514921 0.0476865 0.0439906 0.0404509 0.03699 0.033406 0.0294419 0.0249294 0.0199393 0.0148265
 0.00660687 0.010822 0.0164558 0.0235122 0.0317923 0.0407571 0.0495023 0.056986 0.0624072 0.0654543 0.0662716 0.0652509 0.0628459 0.0594837 0.0555368 0.0513106 0.0470359 0.0428645 0.0388583 0.0349726 0.0310609 0.0269329 0.0224704 0.0177473 0.0130619
 0.00682678 0.0111836 0.0170075 0.0243005 0.0328519 0.0420952 0.0510837 0.0587298 0.0642003 0.0671758 0.0678134 0.0665277 0.0637953 0.0600624 0.0557163 0.0510734 0.0463729 0.0417745 0.037354 0.0330958 0.0289005 0.024635 0.020225 0.0157476 0.0114513
 0.00703669 0.0115283 0.0175326 0.0250503 0.0338606 0.0433722 0.0525989 0.060408 0.065931 0.0688342 0.0692828 0.0677145 0.0646353 0.0605202 0.0557791 0.0507421 0.0456548 0.0406807 0.035905 0.0313343 0.0269082 0.0225409 0.0181948 0.0139483 0.0100061
 0.0072717 0.0119124 0.0181137 0.0258733 0.0349567 0.0447436 0.0542034 0.0621554 0.0676962 0.0704828 0.0706943 0.0687971 0.0653304 0.0608014 0.0556473 0.0502171 0.0447661 0.0394616 0.0343929 0.0295805 0.0249915 0.0205759 0.0163232 0.01231 0.00870135
 0.0074387 0.0121914 0.0185475 0.0265062 0.0358254 0.0458621 0.0555482 0.0636592 0.0692573 0.0719837 0.0720216 0.0698553 0.0660499 0.0611414 0.0555953 0.0497845 0.0439814 0.0383639 0.0330298 0.0280114 0.0232956 0.0188572 0.0147026 0.0109029 0.00758762
 0.00753234 0.0123451 0.0187825 0.0268455 0.0362916 0.046474 0.0563134 0.0645681 0.070279 0.0730653 0.0730921 0.0708326 0.0668515 0.0616956 0.0558503 0.0497133 0.0435818 0.037656 0.0320527 0.0268226 0.0219725 0.0174962 0.0134107 0.00977835 0.00669691
 0.00762244 0.0124837 0.0189769 0.0270983 0.0366025 0.0468416 0.056737 0.0650473 0.0708125 0.0736491 0.0737144 0.0714689 0.0674606 0.0622215 0.0562299 0.0498885 0.0435107 0.0373209 0.0314638 0.0260184 0.021018 0.0164775 0.0124231 0.00890859 0.00600371
 0.00767307 0.0125635 0.0190921 0.0272523 0.0367951 0.0470679 0.0569873 0.0653098 0.0710785 0.0739182 0.0739955 0.0717741 0.0677946 0.0625716 0.0565622 0.0501514 0.0436466 0.037281 0.0312216 0.0255788 0.0204194 0.0157864 0.0117206 0.00827158 0.00548684
 0.00771443 0.0126246 0.0191728 0.0273489 0.0369019 0.0471797 0.057101 0.0654245 0.0711948 0.0740379 0.0741223 0.0719145 0.0679566 0.0627604 0.0567725 0.050362 0.0438199 0.03737 0.0311842 0.0253929 0.020093 0.0153587 0.0112519 0.00782618 0.00511432
 0.00776902 0.0127047 0.0192769 0.0274697 0.0370276 0.0472969 0.0571982 0.0654942 0.0712353 0.0740543 0.0741262 0.0719205 0.0679793 0.0628103 0.0568534 0.0504678 0.0439322 0.0374588 0.0312136 0.0253328 0.019932 0.0151111 0.0109548 0.00752672 0.00485374
 0.00781979 0.0127828 0.0193859 0.0276086 0.0371902 0.0474711 0.0573657 0.0656335 0.0713272 0.0740883 0.0741047 0.0718584 0.0678986 0.0627337 0.0567984 0.0504429 0.0439344 0.037473 0.0312159 0.0252972 0.0198404 0.0149621 0.0107658 0.0073274 0.00467398
 0.00784848 0.0128279 0.0194508 0.0276953 0.0372983 0.0475967 0.0575011 0.0657662 0.0714418 0.07417 0.0741429 0.0718502 0.06785 0.0626586 0.0567149 0.0503679 0.0438783 0.0374362 0.0311882 0.0252618 0.0197811 0.0148711 0.0106484 0.00719927 0.00455457
 0.00787242 0.0128634 0.019498 0.0277521 0.0373616 0.0476634 0.0575689 0.0658335 0.0715064 0.0742284 0.0741897 0.0718791 0.0678559 0.0626397 0.0566748 0.0503152 0.0438234 0.0373873 0.0311469 0.0252229 0.0197355 0.0148116 0.0105744 0.00711803 0.00447722
 0.00788763 0.0128836 0.0195197 0.0277696 0.0373681 0.047654 0.0575431 0.0657959 0.071466 0.0741956 0.0741736 0.0718843 0.067881 0.0626781 0.0567171 0.0503533 0.0438532 0.0374083 0.0311603 0.0252283 0.0197305 0.0147935 0.010543 0.00707756 0.00443481
 0.00789236 0.0128902 0.0195277 0.0277772 0.0373721 0.0476504 0.057527 0.0657639 0.071418 0.0741368 0.0741143 0.0718373 0.067857 0.0626822 0.0567473 0.0504017 0.0439092 0.0374627 0.0312066 0.0252629 0.0197515 0.0148001 0.0105364 0.00706113 0.00441373
 0.00790153 0.0129016 0.0195383 0.0277822 0.0373661 0.0476296 0.0574911 0.0657157 0.0713623 0.0740787 0.0740585 0.071789 0.0678223 0.0626672 0.056756 0.0504339 0.0439601 0.0375236 0.0312682 0.0253171 0.0197929 0.0148265 0.0105484 0.00706175 0.0044073
 0.00789203 0.0128859 0.019514 0.0277469 0.0373174 0.0475662 0.0574134 0.0656273 0.0712698 0.0739913 0.0739863 0.0717405 0.0678027 0.0626779 0.0567955 0.0504982 0.0440435 0.0376185 0.0313654 0.0254075 0.019869 0.014884 0.0105868 0.00708335 0.00441667
 0.00788471 0.0128719 0.0194893 0.0277063 0.0372569 0.047484 0.0573126 0.0655153 0.0711573 0.0738893 0.0739043 0.0716853 0.067779 0.0626876 0.0568375 0.0505686 0.044136 0.0377249 0.0314765 0.025514 0.0199627 0.0149593 0.0106414 0.0071187 0.00443671
 0.00786609 0.012839 0.0194349 0.0276227 0.0371374 0.0473269 0.0571241 0.0653105 0.0709572 0.0737162 0.0737772 0.0716164 0.0677722 0.0627398 0.05694 0.0507098 0.0443026 0.0379037 0.031655 0.0256806 0.0201081 0.0150772 0.0107296 0.00717903 0.00447404
 0.00786003 0.0128274 0.019414 0.0275874 0.0370819 0.0472459 0.0570147 0.065174 0.0708004 0.0735519 0.0736225 0.0714901 0.0676908 0.0627133 0.0569707 0.0507921 0.0444256 0.0380531 0.0318156 0.0258384 0.0202511 0.015197 0.010822 0.00724419 0.00451581
 0.00782288 0.0127687 0.019329 0.0274729 0.0369374 0.0470747 0.0568244 0.0649769 0.0706114 0.0733855 0.0734911 0.0714031 0.0676548 0.0627326 0.0570458 0.0509189 0.0445946 0.0382506 0.0320252 0.0260433 0.0204369 0.0153532 0.0109432 0.0073307 0.00457218
 0.00780714 0.0127379 0.0192734 0.0273808 0.0367987 0.0468863 0.0565945 0.0647251 0.0703645 0.0731699 0.0733267 0.0713013 0.067619 0.0627608 0.0571327 0.0510571 0.0447744 0.0384597 0.0322487 0.0262649 0.020641 0.0155273 0.0110804 0.00742999 0.00463781
 0.00777548 0.0126867 0.0191967 0.0272727 0.0366541 0.0467022 0.0563724 0.0644735 0.0701001 0.0729164 0.0731113 0.0711488 0.0675466 0.062774 0.0572264 0.0512183 0.0449864 0.0387044 0.0325077 0.0265201 0.0208758 0.0157284 0.0112399 0.00754633 0.00471539
 0.0077442 0.0126353 0.0191183 0.0271611 0.0365049 0.0465153 0.056154 0.0642363 0.0698606 0.0726921 0.0729186 0.0710025 0.0674599 0.0627575 0.0572848 0.0513488 0.0451779 0.0389397 0.0327663 0.0267811 0.0211198 0.0159401 0.0114096 0.00767149 0.00479973
 0.00770275 0.01257 0.0190241 0.0270344 0.0363447 0.0463237 0.0559375 0.0640063 0.0696326 0.0724832 0.0727444 0.0708757 0.0673893 0.0627485 0.0573399 0.0514668 0.0453531 0.0391607 0.0330164 0.0270401 0.0213672 0.0161582 0.0115869 0.00780368 0.00488969
 0.0076791 0.0125287 0.0189566 0.0269317 0.0361997 0.046135 0.0557129 0.0637627 0.069392 0.0722672 0.0725698 0.0707532 0.0673242 0.0627428 0.057393 0.0515761 0.0455135 0.0393635 0.0332489 0.0272854 0.0216061 0.0163731 0.0117645 0.00793799 0.00498219
 0.00766815 0.0125096 0.0189254 0.0268832 0.036128 0.0460347 0.055581 0.0636005 0.0692068 0.0720726 0.0723839 0.070595 0.0672099 0.0626826 0.0573909 0.0516311 0.0456207 0.0395153 0.0334342 0.0274896 0.0218124 0.0165642 0.0119267 0.00806341 0.00507022
 0.00762602 0.0124478 0.0188446 0.0267882 0.0360254 0.0459306 0.0554782 0.0634986 0.0691041 0.0719679 0.072279 0.0704961 0.0671269 0.0626275 0.0573743 0.0516599 0.0456965 0.0396342 0.0335876 0.0276649 0.0219942 0.0167366 0.0120758 0.00818086 0.00515398
 0.00760891 0.012417 0.018793 0.0267086 0.0359136 0.0457892 0.0553192 0.0633415 0.068969 0.0718676 0.0722156 0.0704626 0.0671138 0.0626287 0.0573904 0.0516961 0.0457593 0.0397274 0.0337096 0.0278087 0.0221479 0.0168861 0.0122081 0.00828708 0.00523104
 0.00758906 0.0123872 0.0187526 0.0266577 0.0358522 0.045716 0.0552322 0.0632396 0.0688558 0.0717529 0.0721133 0.0703859 0.0670704 0.0626184 0.0574078 0.0517354 0.0458178 0.039805 0.0338069 0.0279229 0.0222721 0.0170099 0.0123204 0.00837928 0.00529926
 0.00756873 0.0123564 0.0187105 0.0266052 0.0357918 0.0456516 0.0551677 0.0631785 0.0687995 0.0717009 0.0720641 0.0703399 0.0670312 0.0625921 0.0574 0.051749 0.0458525 0.0398591 0.0338781 0.0280083 0.0223667 0.0171064 0.0124103 0.00845492 0.00535653
 0.00756693 0.012351 0.018698 0.0265812 0.0357525 0.0455958 0.055099 0.0631045 0.0687295 0.0716425 0.0720209 0.0703108 0.067013 0.062582 0.0573979 0.051757 0.0458736 0.0398954 0.0339296 0.0280729 0.0224402 0.0171827 0.0124824 0.00851671 0.00540415
 0.00755274 0.0123318 0.018676 0.0265602 0.0357362 0.0455851 0.0550909 0.0630931 0.0687091 0.0716113 0.071982 0.0702708 0.0669782 0.0625564 0.0573825 0.0517518 0.0458787 0.0399118 0.0339582 0.0281133 0.0224901 0.0172375 0.0125363 0.00856424 0.00544167
 0.00754278 0.0123138 0.018646 0.0265142 0.0356724 0.0455063 0.0550054 0.0630133 0.068647 0.0715733 0.0719673 0.0702736 0.066992 0.0625772 0.057409 0.0517839 0.0459167 0.0399555 0.0340073 0.0281671 0.0225468 0.0172942 0.0125891 0.00860936 0.00547662
 0.00753263 0.012299 0.0186265 0.0264908 0.0356453 0.0454749 0.0549678 0.0629681 0.0685955 0.0715204 0.0719211 0.0702415 0.0669781 0.0625807 0.0574261 0.0518103 0.0459494 0.039993 0.0340488 0.028212 0.0225937 0.0173407 0.0126322 0.00864624 0.00550532
 0.00749641 0.0122435 0.0185496 0.026393 0.0355307 0.0453502 0.0548429 0.0628542 0.0685029 0.0714564 0.0718884 0.0702399 0.0670053 0.0626337 0.0575006 0.0519004 0.0460483 0.0400941 0.0341472 0.0283042 0.0226772 0.0174137 0.0126931 0.00869395 0.00554003
 0.00750256 0.0122476 0.0185451 0.0263707 0.0354813 0.0452694 0.0547344 0.06273 0.0683799 0.0713507 0.0718115 0.0701965 0.0669951 0.0626529 0.0575443 0.0519635 0.0461252 0.0401793 0.0342349 0.0283892 0.0227554 0.0174819 0.0127495 0.00873765 0.00557146
 0.00750032 0.0122484 0.0185538 0.0263932 0.0355211 0.0453233 0.0547902 0.0627695 0.0683859 0.0713154 0.0717398 0.070104 0.0669008 0.0625726 0.0574871 0.0519323 0.0461183 0.0401924 0.0342628 0.0284262 0.0227962 0.0175218 0.012785 0.00876658 0.00559301
 0.00748015 0.0122149 0.0185026 0.0263212 0.0354287 0.045217 0.0546831 0.0626783 0.0683241 0.0712872 0.0717389 0.0701184 0.0669205 0.0625944 0.0575143 0.05197 0.04617 0.0402576 0.0343375 0.0285045 0.022872 0.0175898 0.0128414 0.00880991 0.00562358
 0.00748015 0.0122149 0.0185026 0.0263212 0.0354287 0.045217 0.0546831 0.0626783 0.0683241 0.0712872 0.0717389 0.0701184 0.0669205 0.0625944 0.0575143 0.05197 0.04617 0.0402576 0.0343375 0.0285045 0.022872 0.0175898 0.0128414 0.00880991 0.00562358
 0.00728182 0.0118975 0.0180357 0.0256837 0.0346175 0.0442587 0.0536438 0.0616616 0.0674522 0.0706705 0.0714478 0.0701697 0.0672798 0.0631922 0.0582663 0.0527962 0.0470052 0.0410546 0.0350642 0.0291399 0.0234037 0.0180133 0.0131599 0.00903405 0.00576997
 0.00719433 0.0117376 0.0177627 0.0252499 0.0339809 0.0434024 0.0525951 0.060498 0.0662904 0.0696427 0.0706755 0.0697422 0.0672396 0.0635287 0.0589208 0.0536771 0.0480095 0.0420866 0.0360475 0.030021 0.0241501 0.0186108 0.0136099 0.00935055 0.00597621
 0.00722118 0.0117746 0.0178044 0.0252817 0.0339764 0.0433224 0.0523918 0.0601269 0.0657301 0.0689139 0.0698493 0.0689292 0.0665635 0.0630943 0.0587887 0.0538518 0.0484441 0.0427001 0.0367469 0.0307213 0.0247865 0.0191433 0.014022 0.00964545 0.0061705
 0.00705574 0.0115221 0.0174553 0.0248388 0.0334541 0.042744 0.0517861 0.0595238 0.0651541 0.0683798 0.069365 0.0685075 0.0662345 0.0629078 0.0588018 0.0541066 0.048947 0.0434131 0.0375945 0.03161 0.025627 0.0198683 0.0145953 0.0100612 0.00644655
 0.00706698 0.0115255 0.0174334 0.0247672 0.033309 0.042513 0.0514767 0.0591624 0.0647748 0.0680099 0.0690167 0.0681795 0.0659241 0.0626259 0.0585809 0.0539966 0.0489974 0.0436506 0.0380074 0.0321474 0.026214 0.0204287 0.0150713 0.0104243 0.00669618
 0.00704577 0.0115033 0.0174214 0.0247797 0.0333555 0.0425874 0.0515516 0.0591957 0.0647265 0.0678605 0.0687744 0.0678731 0.0655884 0.062291 0.0582728 0.0537443 0.0488367 0.0436169 0.0381212 0.0323996 0.0265641 0.0208162 0.0154362 0.0107241 0.00691367
 0.00698386 0.0114057 0.0172813 0.0245958 0.0331353 0.0423501 0.0513271 0.0590167 0.0646142 0.0678132 0.068767 0.0678705 0.0655632 0.0622352 0.0581976 0.0536731 0.0487989 0.0436427 0.0382343 0.0326079 0.026852 0.0211463 0.0157611 0.011003 0.00712418
 0.00690582 0.0112813 0.0170988 0.0243469 0.0328177 0.0419716 0.0509101 0.0585991 0.0642445 0.0675383 0.0686179 0.0678523 0.0656539 0.0623958 0.0583883 0.0538682 0.0489926 0.043846 0.0384652 0.0328794 0.0271623 0.0214759 0.0160783 0.0112762 0.0073336
 0.0069503 0.0113447 0.0171774 0.0244304 0.0328906 0.0420161 0.0509097 0.0585416 0.064126 0.0673663 0.0684128 0.0676429 0.0654695 0.0622556 0.0582966 0.0538171 0.048971 0.0438495 0.0384987 0.0329527 0.0272805 0.0216318 0.0162524 0.0114433 0.00747259
 0.006887 0.0112564 0.0170712 0.024321 0.0327947 0.0419446 0.0508614 0.0585036 0.0640806 0.0672996 0.0683209 0.0675344 0.0653619 0.06217 0.0582502 0.053818 0.0490176 0.0439336 0.0386119 0.03309 0.0274383 0.0218035 0.0164256 0.0116018 0.00760227
 0.00682991 0.0111601 0.016921 0.0241046 0.0325085 0.0416019 0.0504968 0.0581671 0.0638209 0.0671457 0.0682729 0.0675691 0.0654487 0.0622855 0.0583843 0.053971 0.0491931 0.0441322 0.0388296 0.0333191 0.0276694 0.0220266 0.0166292 0.011775 0.00773748
 0.00685799 0.0112008 0.0169722 0.0241592 0.0325543 0.0416224 0.0504746 0.0580902 0.0636894 0.0669761 0.068094 0.067411 0.0653307 0.0622111 0.0583459 0.0539595 0.0492039 0.0441665 0.0388898 0.0334051 0.0277768 0.0221463 0.0167498 0.0118849 0.00782754
 0.00683389 0.0111677 0.0169335 0.0241214 0.0325241 0.041603 0.0504624 0.0580745 0.0636561 0.0669136 0.068 0.0672954 0.0652135 0.0621148 0.0582871 0.0539438 0.0492279 0.0442226 0.0389711 0.0335061 0.0278917 0.0222675 0.0168675 0.0119892 0.00791142
 0.00688144 0.0112421 0.01704 0.024263 0.0327008 0.041811 0.050692 0.0583086 0.06387 0.0670778 0.0680862 0.0672844 0.0651018 0.061918 0.0580358 0.0536747 0.0489732 0.0440043 0.0388 0.0333847 0.0278171 0.0222328 0.0168631 0.0120036 0.00793362
 0.00688449 0.0112533 0.0170684 0.0243203 0.0327986 0.0419553 0.0508792 0.0585246 0.0640938 0.0672861 0.0682564 0.0673961 0.0651387 0.0618709 0.0579074 0.0534815 0.0487428 0.0437681 0.0385853 0.0332094 0.0276889 0.0221505 0.0168191 0.0119872 0.00793353
#pred catch len freq
