SBPRF35
12.7214
Curr Bio
816318
B35
871168
F35
0.168988
FOFL
0.149165
OFL
95345
Bzero
3.63469e+006
#pred survey bio
 3.5294e+006 3.42653e+006 3.32049e+006 3.16737e+006 2.97949e+006 2.77074e+006 2.53188e+006 2.30798e+006 2.06735e+006 1.82485e+006 1.636e+006 1.4579e+006 1.28357e+006 1.11325e+006 996919 875964 777987 710085 668294 636836 624300 606497 598183 589155 583859 585962 569313 568030 579017 575470 577962 576250 577244 588356 605205 617862 633776 640014 641140 654276 654262 663378 658420 664765 673089 687235 679510 693890 701750 700464 701940 735185 770393 782805 832100 860028 874148 886750 905372 898434 894241 904677 887328 880966 855214 820603 2.72275e+007 1.58767e+007 1.58528e+007 1.66303e+007 1.79744e+007 1.95727e+007 2.11833e+007 2.26586e+007 2.39289e+007 2.4978e+007 2.58194e+007 2.64805e+007 2.69927e+007 2.7386e+007 2.76861e+007 2.79146e+007 2.80884e+007 2.82207e+007 2.83218e+007 2.83992e+007 2.84587e+007 2.85047e+007 2.85404e+007 2.85682e+007 2.859e+007 2.86072e+007 2.86208e+007 2.86315e+007 2.864e+007 2.86468e+007 2.86523e+007 2.86567e+007 2.86602e+007 2.86631e+007 2.86654e+007 2.86673e+007 2.86688e+007 2.867e+007 2.8671e+007 2.86718e+007 2.86725e+007 2.86731e+007 2.86735e+007 2.86739e+007 2.86742e+007 2.86744e+007 2.86746e+007 2.86748e+007 2.86749e+007 2.8675e+007 2.86751e+007 2.86752e+007 2.86752e+007 2.86753e+007 2.86753e+007 2.86753e+007 2.86754e+007 2.86754e+007 2.86754e+007 2.86754e+007 2.86754e+007 2.86754e+007 2.86754e+007 2.86755e+007 2.86755e+007 2.86755e+007 2.86755e+007 2.86755e+007 2.86755e+007 2.86755e+007 2.86755e+007 2.86755e+007 2.86755e+007 2.86755e+007 2.86755e+007 2.86755e+007 2.86755e+007 2.86755e+007 2.86755e+007 2.86755e+007 2.86755e+007 2.86755e+007 2.86755e+007 2.86755e+007 2.86755e+007 2.86755e+007 2.86755e+007 2.86755e+007 2.86755e+007 2.86755e+007 2.86755e+007 2.86755e+007 2.86755e+007 2.86755e+007 2.86755e+007 2.86755e+007 2.86755e+007 2.86755e+007 2.86755e+007 2.86755e+007 0 0 0 0 0 0 0 0 0 0 0 0 0 0 0 0 0 0 0 0 0 0 0 0 0
#obs survey bio
 2.7063e+006 3.82232e+006 3.89526e+006 4.11062e+006 3.16998e+006 2.45616e+006 2.7742e+006 1.92432e+006 2.3192e+006 1.64219e+006 1.74816e+006 1.31115e+006 1.32806e+006 801126 722950 777885 709528 800151 586878 523646 746318 689133 486072 679422 517066 637511 551298 438822 598893 663102 532784 713492 535850 459278 521743 653492 576214 599030 539394 531938 581345 637188 548290 578010 425985 673618 749911 587905 895678 646529 640904 633622 515136 934463 970150 613315 718274 940593 824545 798992 986883 1.04404e+006 1.17621e+006 898593 898718 1.03022e+006
#pred catch bio
 105548 109862 157008 196900 227466 268928 270682 301398 316891 279977 279275 281622 280743 234406 237309 213087 182567 156707 145255 127190 129386 118786 117467 112614 105322 119633 104968 94526.1 106217 99762.3 102401 99279.7 90756.9 87038.8 91779.9 89700 98132.7 102328 92882.8 105443 99246.9 112892 104446 104430 101186 120101 101013 107056 114192 110908 84763 85458.2 106041 75959.3 96480.7 108949 110229 104841 125599 120808 106171 127287 114026 127293 129840 129547 95345 103856 102376 105898 113855 123799 133859 142982 150707 156947 161818 165524 168288 170320 171795 172856 173613 174151 174530 174797 174984 175115 175206 175270 175314 175345 175366 175381 175391 175398 175403 175407 175409 175411 175412 175412 175413 175413 175414 175414 175414 175414 175414 175414 175414 175414 175414 175414 175414 175414 175414 175414 175414 175414 175414 175414 175414 175414 175414 175414 175414 175414 175414 175414 175414 175414 175414 175414 175414 175414 175414 175414 175414 175414 175414 175414 175414 175414 175414 175414 175414 175414 175414 175414 175414 175414 175414 175414 175414 175414 175414 175414 175414 175414 175414 175414 175414 175414 175414 175414 0 0 0 0 0 0 0 0 0 0 0 0 0 0 0 0 0 0 0 0 0 0 0 0 0
#obs catch bio
 0 109657 157272 197106 227816 269963 270435 302428 319642 281710 281164 283163 282457 238560 242842 217158 184944 158223 146984 128764 130938 119402 118150 113025 105591 119777 105429 94896.1 106666 99499.7 102357 99160.8 90813.7 86962.4 92005.8 89737.6 97946.8 101877 92651.9 105415 99070.2 113700 105190 105221 101911 121495 101422 107651 114897 111084 84704.2 85358.2 107118 75847.6 96926.6 109619 110987 105051 126516 121558 106257 128079 113695 127097 129952 129601
#pred cpue bio
 3.48001e+006 3.37882e+006 3.2745e+006 3.12219e+006 2.93471e+006 2.72643e+006 2.48834e+006 2.26497e+006 2.02519e+006 1.78397e+006 1.59612e+006 1.41927e+006 1.24645e+006 1.0778e+006 962532 843494 747479 681125 640368 609744 597696 580754 572991 564399 559410 561643 545572 544387 555268 552143 554828 553300 554367 565277 581732 594145 609874 616155 617216 629854 629591 638123 632974 638984 647011 660780 653382 667579 675434 674405 675970 708536 743177 755499 803845 831367 845249 857693 876230 869807 866034 876722 860319 854571 829662 796383 2.64521e+007 1.54342e+007 1.52623e+007 1.58466e+007 1.71111e+007 1.86874e+007 2.0293e+007 2.17671e+007 2.30373e+007 2.40863e+007 2.49276e+007 2.55888e+007 2.6101e+007 2.64942e+007 2.67944e+007 2.70229e+007 2.71967e+007 2.7329e+007 2.743e+007 2.75074e+007 2.7567e+007 2.76129e+007 2.76486e+007 2.76765e+007 2.76983e+007 2.77155e+007 2.77291e+007 2.77398e+007 2.77483e+007 2.77551e+007 2.77606e+007 2.7765e+007 2.77685e+007 2.77714e+007 2.77737e+007 2.77755e+007 2.77771e+007 2.77783e+007 2.77793e+007 2.77801e+007 2.77808e+007 2.77813e+007 2.77818e+007 2.77821e+007 2.77824e+007 2.77827e+007 2.77829e+007 2.7783e+007 2.77832e+007 2.77833e+007 2.77834e+007 2.77834e+007 2.77835e+007 2.77835e+007 2.77836e+007 2.77836e+007 2.77836e+007 2.77837e+007 2.77837e+007 2.77837e+007 2.77837e+007 2.77837e+007 2.77837e+007 2.77837e+007 2.77837e+007 2.77837e+007 2.77837e+007 2.77838e+007 2.77838e+007 2.77838e+007 2.77838e+007 2.77838e+007 2.77838e+007 2.77838e+007 2.77838e+007 2.77838e+007 2.77838e+007 2.77838e+007 2.77838e+007 2.77838e+007 2.77838e+007 2.77838e+007 2.77838e+007 2.77838e+007 2.77838e+007 2.77838e+007 2.77838e+007 2.77838e+007 2.77838e+007 2.77838e+007 2.77838e+007 2.77838e+007 2.77838e+007 2.77838e+007 2.77838e+007 2.77838e+007 2.77838e+007 2.77838e+007 2.77838e+007 2.77838e+007 0 0 0 0 0 0 0 0 0 0 0 0 0 0 0 0 0 0 0 0 0 0 0 0 0
#obs cpue bio
 2.55253e+006 2.99487e+006 2.77109e+006 2.64911e+006 2.17879e+006 2.79196e+006 3.26039e+006 1.90074e+006 1.19711e+006 1.80894e+006 1.45546e+006 1.6739e+006 1.18793e+006 509546 955823 863278 832416 559796 563449 503254 499361 617120 650920 522476 564035 704788 375475 583467 645402 679254 560684 483781 485730 792581 556884 582458 923650 895294 522091 833157 639662 398529 556991 671994 778267 651808 621357 746892 509742 1.10374e+006 616910 894184 610641 722215 627367 955234 839681 973629 797825 896657 897476 706503 1.06815e+006 923248 622601 693112
#pred surv len freq
 0.00511122 0.00822675 0.0122484 0.0171171 0.0227007 0.028731 0.0347671 0.040287 0.0448788 0.0483783 0.050856 0.0525044 0.0535342 0.0541222 0.0543961 0.054437 0.0542908 0.0539703 0.0534201 0.0524391 0.0506217 0.0474221 0.0424034 0.035573 0.0275635
 0.00522589 0.00834455 0.0123034 0.0170178 0.022369 0.0281555 0.034036 0.0395687 0.0443511 0.0481459 0.0509092 0.0527414 0.0538275 0.0543861 0.0546202 0.0546753 0.0546173 0.0544248 0.0539701 0.0529799 0.0510184 0.0475735 0.0422916 0.0352671 0.0271797
 0.00544971 0.00868965 0.0127827 0.0176172 0.0230362 0.0287934 0.034513 0.0397573 0.0441866 0.0476725 0.050272 0.0521195 0.0533498 0.0540869 0.0544596 0.054597 0.0545942 0.0544612 0.0540677 0.0531037 0.0510938 0.0475216 0.0420764 0.0349192 0.0267789
 0.00565913 0.00903048 0.0132957 0.0183385 0.0239863 0.0299598 0.03583 0.041096 0.0453691 0.0485147 0.0506431 0.0519923 0.0528112 0.0532978 0.0535852 0.0537502 0.0538228 0.0537692 0.0534408 0.0525175 0.0505139 0.0469142 0.0414302 0.0342621 0.0261695
 0.00588081 0.00938382 0.0138153 0.0190547 0.0249226 0.0311271 0.037216 0.0426517 0.0469994 0.050078 0.0519646 0.0528968 0.0531711 0.0530774 0.052855 0.0526576 0.0525348 0.0524204 0.0521102 0.0512356 0.0492847 0.0457389 0.0403256 0.0332665 0.0253314
 0.0061232 0.00976889 0.0143785 0.0198243 0.0259164 0.0323479 0.038644 0.0442412 0.0486806 0.0517616 0.0535428 0.0542419 0.0541409 0.0535396 0.052725 0.0519328 0.0513014 0.0508249 0.0503128 0.0493711 0.0474505 0.0440058 0.0387553 0.0319177 0.0242508
 0.00645871 0.0102932 0.0151285 0.0208214 0.0271652 0.0338336 0.040328 0.0460581 0.0505437 0.053575 0.0552121 0.055676 0.0552476 0.0542206 0.0528828 0.0514934 0.0502442 0.0492042 0.0482534 0.0470424 0.0450328 0.0416666 0.0366369 0.0301285 0.022853
 0.0067491 0.0107609 0.0158241 0.0217882 0.0284307 0.0353963 0.0421445 0.0480406 0.0525742 0.0555297 0.0569821 0.0571748 0.0564059 0.0549752 0.0531678 0.051241 0.0493999 0.0477538 0.0462494 0.0446137 0.0423713 0.0389953 0.0341704 0.0280348 0.0212261
 0.00702298 0.0112063 0.0164952 0.0227368 0.0296977 0.036998 0.0440553 0.0501838 0.0548283 0.0577473 0.0590145 0.058892 0.0577089 0.0557973 0.0534657 0.0509813 0.0485527 0.0463022 0.0442151 0.0420859 0.0395206 0.036058 0.0314039 0.0256585 0.0193717
 0.00736428 0.0117432 0.0172707 0.0237818 0.0310295 0.0386166 0.045936 0.052269 0.0570266 0.0599411 0.0610716 0.0606795 0.0591063 0.0567087 0.0538254 0.0507505 0.0477119 0.0448479 0.0421716 0.0395297 0.036604 0.0330095 0.0284923 0.0231292 0.0173831
 0.00763054 0.0121675 0.0178937 0.024636 0.0321349 0.0399735 0.0475168 0.0540163 0.0588615 0.0617765 0.0628221 0.0622614 0.0604339 0.0576932 0.05438 0.0507994 0.0471987 0.043743 0.0404821 0.0373173 0.0340029 0.0302295 0.0257898 0.0207483 0.0154911
 0.00793854 0.0126526 0.0185948 0.0255796 0.0333317 0.0414131 0.0491601 0.0557926 0.0606751 0.0635238 0.0644081 0.0636105 0.06149 0.0584126 0.0547216 0.0507183 0.046647 0.0426807 0.0388965 0.035247 0.0315593 0.027601 0.0232161 0.0184647 0.0136647
 0.00830911 0.0132368 0.0194396 0.0267157 0.0347674 0.0431257 0.0510866 0.0578278 0.0626854 0.0653722 0.0659783 0.0648205 0.0622937 0.0587939 0.0546828 0.050266 0.0457812 0.0413936 0.037186 0.0331425 0.0291499 0.0250474 0.0207313 0.0162636 0.0119028
 0.00867326 0.0138232 0.0203111 0.0279248 0.0363443 0.0450598 0.0533082 0.0602032 0.0650359 0.0675095 0.0677399 0.0660916 0.0630149 0.0589571 0.0543187 0.0494265 0.044521 0.039758 0.035213 0.0308809 0.0266846 0.0225166 0.0183162 0.0141481 0.0102197
 0.00876205 0.0139868 0.0205941 0.0283844 0.0370413 0.0460426 0.0545935 0.0617626 0.0667922 0.0693434 0.0695047 0.0676344 0.0642008 0.0596897 0.054551 0.0491582 0.0437854 0.0386068 0.0337059 0.029088 0.0246985 0.0204633 0.0163494 0.0124201 0.00884081
 0.00893063 0.014258 0.0209977 0.0289486 0.0377903 0.0469918 0.0557418 0.0630853 0.0682383 0.0708376 0.0709522 0.0689284 0.0652333 0.0603656 0.0548024 0.0489536 0.0431316 0.0375431 0.0322961 0.0274149 0.0228655 0.0185952 0.0145843 0.0108867 0.00762726
 0.00913308 0.0145689 0.0214321 0.0295098 0.0384718 0.0477812 0.0566214 0.064032 0.069223 0.0718265 0.071907 0.069804 0.0659758 0.060913 0.0550906 0.0489275 0.0427569 0.0368155 0.0312455 0.0261049 0.0213899 0.0170707 0.0131369 0.00962887 0.00663325
 0.00931249 0.0148401 0.0218023 0.029972 0.039008 0.0483668 0.05723 0.0646381 0.069806 0.0723742 0.072416 0.0702747 0.0664026 0.0612757 0.0553509 0.0490334 0.0426542 0.036463 0.0306295 0.0252493 0.0203575 0.0159564 0.0120499 0.00866894 0.00586779
 0.00941803 0.0149996 0.0220197 0.0302427 0.0393197 0.0487027 0.0575711 0.0649659 0.0701065 0.0726421 0.072657 0.0705019 0.0666295 0.0615062 0.0555721 0.0492121 0.0427416 0.036406 0.0303873 0.0248094 0.019746 0.0152361 0.0113066 0.00798806 0.00531183
 0.00942825 0.0150253 0.0220747 0.0303443 0.0394835 0.0489338 0.0578582 0.0652817 0.0704158 0.0729143 0.0728751 0.0706659 0.066752 0.0616053 0.0556607 0.0492902 0.0427912 0.0363936 0.0302746 0.0245692 0.0193771 0.0147699 0.0108001 0.00750678 0.00490847
 0.00928424 0.0148059 0.0217734 0.0299679 0.0390543 0.0484898 0.0574515 0.0649708 0.0702523 0.0729263 0.0730594 0.0709918 0.0671751 0.062081 0.0561528 0.0497695 0.0432306 0.0367633 0.0305423 0.024708 0.0193763 0.0146441 0.0105886 0.00726178 0.00467884
 0.00935026 0.0148865 0.0218453 0.0299939 0.038994 0.0483175 0.0571707 0.0646184 0.0698886 0.0726177 0.0728603 0.0709325 0.0672575 0.062283 0.0564373 0.0500958 0.0435609 0.0370642 0.0307843 0.0248665 0.0194372 0.01461 0.0104811 0.00711578 0.00453071
 0.00937391 0.0149212 0.0218893 0.0300395 0.0390254 0.0483095 0.0570923 0.0644424 0.0696067 0.0722534 0.07247 0.0705911 0.067034 0.0622183 0.0565352 0.0503266 0.0438754 0.0374079 0.0311075 0.0251303 0.0196177 0.0147006 0.0104931 0.007074 0.00446452
 0.0093729 0.0149236 0.0219003 0.0300658 0.0390724 0.0483771 0.0571706 0.0645097 0.069633 0.072209 0.0723382 0.0703792 0.0667777 0.061973 0.0563576 0.0502549 0.043917 0.0375405 0.0312901 0.0253176 0.0197724 0.0148015 0.0105369 0.00707235 0.00443657
 0.0093758 0.014922 0.0218867 0.0300307 0.0390086 0.0482849 0.0570613 0.0644032 0.069549 0.0721566 0.0723108 0.0703584 0.0667444 0.0619209 0.0562991 0.0502169 0.0439273 0.0376133 0.0314184 0.0254761 0.0199286 0.014928 0.0106199 0.00711295 0.00444602
 0.00931509 0.0148282 0.0217543 0.0298577 0.0387959 0.0480371 0.0567878 0.0641211 0.0692839 0.0719396 0.072171 0.0703133 0.0667932 0.0620452 0.0564721 0.0504154 0.0441396 0.0378371 0.0316523 0.0257119 0.0201499 0.0151158 0.0107611 0.0072049 0.00449653
 0.00941667 0.0149851 0.0219746 0.0301414 0.0391334 0.0484069 0.0571559 0.0644425 0.0695114 0.0720365 0.0721222 0.0701304 0.0665099 0.0617058 0.0561192 0.0500819 0.0438467 0.0375975 0.0314726 0.0255921 0.0200821 0.0150856 0.0107518 0.00720309 0.00449468
 0.00936113 0.0149018 0.0218627 0.0300059 0.0389853 0.0482623 0.0570336 0.0643612 0.0694838 0.0720637 0.0721924 0.070222 0.0666005 0.0617803 0.0561736 0.0501217 0.0438817 0.0376368 0.0315218 0.0256522 0.0201498 0.0151542 0.0108133 0.00725123 0.00452729
 0.00915361 0.0145863 0.0214293 0.0294616 0.0383539 0.0475825 0.056358 0.0637534 0.06901 0.0717794 0.0721283 0.070377 0.0669425 0.0622559 0.0567219 0.0506876 0.0444247 0.0381328 0.0319595 0.0260279 0.0204628 0.0154049 0.0110039 0.00738663 0.00461577
 0.00918856 0.0146228 0.021447 0.0294295 0.0382394 0.0473649 0.0560404 0.0633646 0.0685972 0.0713954 0.0718202 0.0701794 0.066874 0.0623168 0.0568948 0.0509413 0.0447224 0.0384403 0.0322513 0.0262884 0.0206844 0.015585 0.0111426 0.00748669 0.00468247
 0.00918311 0.0146134 0.0214307 0.0294006 0.0381868 0.0472715 0.0558848 0.0631293 0.0682793 0.0710162 0.0714254 0.0698289 0.0666241 0.0622053 0.0569324 0.0511134 0.0449952 0.0387711 0.0325981 0.026617 0.0209718 0.0158195 0.0113216 0.00761407 0.00476634
 0.00918152 0.0146141 0.0214374 0.0294184 0.0382195 0.0473182 0.0559363 0.0631668 0.068277 0.0709483 0.071277 0.0696051 0.0663544 0.0619372 0.0567178 0.0509916 0.0449822 0.0388577 0.0327566 0.0268121 0.0211706 0.0159975 0.0114654 0.00771989 0.00483747
 0.0092202 0.0146633 0.0214866 0.0294504 0.0382168 0.0472714 0.0558506 0.06306 0.0681708 0.0708565 0.0711989 0.0695282 0.0662642 0.0618289 0.0566031 0.0508959 0.044934 0.0388761 0.0328428 0.0269497 0.0213331 0.016158 0.0116037 0.00782609 0.0049107
 0.00923469 0.0146769 0.0214885 0.0294233 0.0381407 0.0471298 0.0556379 0.0627864 0.0678633 0.0705549 0.0709463 0.069358 0.0661901 0.061843 0.0566832 0.0510191 0.0450863 0.0390531 0.0330435 0.0271685 0.0215563 0.0163669 0.0117814 0.0079626 0.00500534
 0.00911568 0.0145047 0.0212683 0.0291722 0.0378806 0.046878 0.0553998 0.0625576 0.0676375 0.0703342 0.0707465 0.0692067 0.0661171 0.0618687 0.0568107 0.051233 0.0453604 0.0393599 0.0333608 0.0274796 0.0218473 0.0166245 0.0119941 0.00812449 0.00511759
 0.00898604 0.0143083 0.0210004 0.0288398 0.0375031 0.0464852 0.0550285 0.0622452 0.0674118 0.0702045 0.070702 0.0692259 0.0661817 0.061973 0.0569599 0.0514346 0.0456144 0.0396553 0.0336784 0.0277978 0.022146 0.0168874 0.0122102 0.00828864 0.00523186
 0.00891862 0.0141903 0.0208078 0.0285474 0.0370929 0.0459587 0.0544174 0.0616115 0.0668346 0.0697579 0.0704353 0.0691534 0.0662855 0.062215 0.0572977 0.0518331 0.0460488 0.0401078 0.0341319 0.0282332 0.0225431 0.0172288 0.0124845 0.0084931 0.00537203
 0.00900356 0.0143113 0.0209571 0.0287038 0.0372235 0.0460246 0.0543813 0.0614473 0.0665384 0.0693554 0.0699808 0.0687167 0.0659312 0.0619844 0.0572022 0.0518591 0.0461706 0.0402973 0.0343641 0.0284856 0.0227948 0.0174604 0.0126808 0.00864557 0.00547994
 0.00910968 0.0144777 0.0211952 0.0290173 0.0376042 0.0464476 0.0548017 0.0618029 0.066762 0.0693941 0.0698137 0.0683639 0.0654496 0.0614523 0.0566974 0.0514403 0.0458676 0.0401131 0.0342834 0.0284844 0.0228468 0.0175407 0.0127682 0.00872445 0.00554168
 0.00912764 0.0145034 0.0212278 0.0290552 0.0376471 0.046499 0.0548683 0.0618905 0.0668679 0.0695009 0.0698907 0.0683762 0.0653738 0.0612889 0.0564739 0.0512022 0.0456624 0.039975 0.0342254 0.0284994 0.0229146 0.0176365 0.012869 0.00881371 0.00561062
 0.00927139 0.0147224 0.0215295 0.0294354 0.0380897 0.0469773 0.0553469 0.0623283 0.0672251 0.0697463 0.0700055 0.0683528 0.0652117 0.060995 0.0560664 0.0507156 0.0451456 0.0394819 0.0338017 0.0281722 0.022689 0.0174998 0.0127988 0.00878612 0.0056056
 0.00921921 0.0146599 0.0214766 0.0294238 0.0381541 0.0471408 0.0556091 0.0626632 0.0675892 0.0700924 0.0702938 0.0685561 0.065315 0.0609926 0.0559603 0.0505164 0.0448748 0.0391728 0.0334937 0.0279016 0.0224796 0.0173582 0.0127169 0.00874735 0.00559264
 0.00923797 0.0146931 0.0215323 0.0295135 0.0382926 0.0473444 0.0558913 0.0630271 0.0680195 0.0705515 0.0707259 0.0689002 0.0655219 0.0610363 0.0558412 0.0502559 0.0445078 0.0387416 0.033044 0.027477 0.022115 0.017074 0.0125163 0.00861982 0.00551984
 0.00922959 0.0146728 0.0214902 0.0294382 0.0381767 0.0471923 0.0557252 0.0628864 0.0679512 0.0705946 0.0708966 0.069183 0.0658714 0.06139 0.056137 0.0504487 0.0445789 0.0386987 0.0329148 0.0272995 0.0219278 0.0169075 0.0123878 0.00853296 0.00546838
 0.00918802 0.0146131 0.0214144 0.0293518 0.0380853 0.0470977 0.0556241 0.0627751 0.0678335 0.0704889 0.0708342 0.0691982 0.0659851 0.0615968 0.0564032 0.0507229 0.0448091 0.0388491 0.0329742 0.0272807 0.0218583 0.0168184 0.012304 0.0084682 0.00542589
 0.00898366 0.0143138 0.0210255 0.0289005 0.0376139 0.0466521 0.0552432 0.0624856 0.0676491 0.0704116 0.070859 0.0693183 0.0661967 0.0618966 0.0567811 0.0511538 0.0452527 0.039259 0.0333117 0.027526 0.0220137 0.0169023 0.0123412 0.00848064 0.00542833
 0.00904304 0.0143894 0.0211014 0.028951 0.0376137 0.0465898 0.0551305 0.0623542 0.0675357 0.0703399 0.070831 0.0693188 0.0662071 0.0619078 0.0567971 0.0511856 0.0453071 0.0393306 0.0333842 0.0275805 0.0220383 0.0168973 0.0123165 0.00844919 0.00540023
 0.00894985 0.0142458 0.0208993 0.0286868 0.0372867 0.0462017 0.0546891 0.0618791 0.0670646 0.0699279 0.070539 0.0691949 0.0662692 0.0621391 0.0571554 0.0516203 0.0457729 0.0397918 0.0338126 0.0279531 0.0223392 0.0171205 0.0124674 0.00854194 0.00545202
 0.00882993 0.0140697 0.0206692 0.0284163 0.0369964 0.0459114 0.0544111 0.0616178 0.0668191 0.0696986 0.0703344 0.0690362 0.0661869 0.0621627 0.0572999 0.0518783 0.0461164 0.0401811 0.0342073 0.0283189 0.0226513 0.0173656 0.0126436 0.00865729 0.00552057
 0.00889702 0.014154 0.0207509 0.0284635 0.0369758 0.0458043 0.0542245 0.0613821 0.0665738 0.0694737 0.0701412 0.0688717 0.0660467 0.0620522 0.0572364 0.0518824 0.0461998 0.0403389 0.0344179 0.0285513 0.0228746 0.0175564 0.0127899 0.00875816 0.00558307
 0.00893169 0.0142109 0.020836 0.0285788 0.0371139 0.0459437 0.0543293 0.0614113 0.0664984 0.0692925 0.069884 0.0685855 0.0657766 0.0618277 0.0570714 0.0517826 0.0461688 0.0403769 0.0345173 0.0286943 0.0230363 0.0177115 0.0129198 0.00885433 0.00564632
 0.00878239 0.0139729 0.020488 0.0281077 0.0365217 0.0452547 0.0535949 0.0607036 0.0658922 0.0688452 0.0696234 0.0685142 0.0658822 0.0620913 0.0574688 0.0522835 0.046738 0.040979 0.0351193 0.0292663 0.023551 0.0181465 0.0132617 0.00910177 0.00580993
 0.00865355 0.0137693 0.0201922 0.0277069 0.0360093 0.0446339 0.0528843 0.0599427 0.0651418 0.0681789 0.069114 0.0682167 0.0658229 0.0622651 0.0578461 0.0528204 0.047385 0.0416861 0.0358389 0.029955 0.024172 0.0186722 0.0136764 0.00940424 0.00601208
 0.00868483 0.0138146 0.0202493 0.0277682 0.036061 0.0446558 0.0528516 0.0598291 0.0649266 0.0678572 0.068704 0.067762 0.0653847 0.0619074 0.0576196 0.052751 0.0474718 0.0419058 0.0361538 0.0303213 0.0245463 0.0190174 0.013966 0.00962536 0.00616531
 0.00850799 0.013537 0.0198509 0.027239 0.0354052 0.0438968 0.0520351 0.0590204 0.0641983 0.0672709 0.0682981 0.0675494 0.0653615 0.0620631 0.0579429 0.0532294 0.0480856 0.042623 0.0369297 0.0311026 0.0252792 0.0196565 0.014482 0.010009 0.00642635
 0.00846629 0.0134705 0.0197528 0.0271019 0.0352212 0.0436573 0.051733 0.0586553 0.063781 0.0668266 0.0678638 0.0671667 0.0650675 0.0618848 0.0578959 0.0533203 0.048313 0.0429757 0.037383 0.0316177 0.0258079 0.0201498 0.0149013 0.0103331 0.00665352
 0.00837131 0.0133404 0.0196012 0.0269558 0.0351108 0.0436022 0.0517309 0.0586803 0.063793 0.0667862 0.0677466 0.0669716 0.0648171 0.0616191 0.0576618 0.0531604 0.0482582 0.0430406 0.0375642 0.0318936 0.0261415 0.0204966 0.0152195 0.0105932 0.00684371
 0.00826166 0.0131701 0.0193612 0.0266465 0.0347464 0.0432132 0.0513638 0.0583883 0.0636184 0.0667417 0.0678082 0.0670894 0.064938 0.0617086 0.0577149 0.0531984 0.0483158 0.043151 0.037747 0.0321482 0.0264475 0.0208199 0.0155225 0.0108465 0.00703271
 0.00811865 0.0129475 0.0190449 0.0262306 0.0342349 0.0426229 0.050728 0.0577591 0.0630624 0.0663271 0.067587 0.0670808 0.0651216 0.0620324 0.0581147 0.0536207 0.0487323 0.0435583 0.0381547 0.0325639 0.026866 0.0212217 0.0158813 0.0111395 0.0072492
 0.00808533 0.0128979 0.0189781 0.0261475 0.0341359 0.0425049 0.050584 0.0575805 0.0628452 0.0660789 0.0673308 0.0668523 0.0649588 0.0619613 0.0581398 0.0537254 0.0488896 0.0437451 0.0383596 0.0327846 0.0271009 0.0214621 0.0161102 0.0113378 0.00740352
 0.00799364 0.0127603 0.0187927 0.0259205 0.0338801 0.0422373 0.0503221 0.0573399 0.0626366 0.0659064 0.0671932 0.0667482 0.0648928 0.061946 0.0581902 0.0538502 0.0490845 0.043994 0.0386409 0.0330789 0.0273928 0.0217382 0.0163572 0.0115434 0.00756007
 0.00778932 0.0124464 0.018355 0.0253596 0.0332131 0.0414978 0.0495606 0.056621 0.0620288 0.0654668 0.0669542 0.0667134 0.0650421 0.0622464 0.0586073 0.0543542 0.0496504 0.0445972 0.0392549 0.0336754 0.0279447 0.0222231 0.0167592 0.0118551 0.00778388
 0.00781818 0.0124757 0.0183666 0.0253256 0.0331028 0.0412892 0.0492509 0.0562296 0.0615928 0.0650321 0.0665659 0.0664087 0.0648455 0.0621682 0.0586444 0.0544944 0.0498772 0.0448922 0.0395978 0.0340432 0.028312 0.0225648 0.0170545 0.012091 0.0079568
 0.00777894 0.012417 0.0182867 0.0252234 0.0329747 0.0411253 0.0490354 0.0559465 0.0612373 0.0646196 0.0661348 0.0660125 0.0645382 0.0619899 0.0586141 0.0546096 0.0501189 0.0452319 0.0400027 0.0344792 0.0287456 0.0229653 0.0173976 0.012362 0.00815299
 0.00747619 0.0119979 0.0177908 0.024732 0.0325865 0.0409178 0.0490322 0.0561107 0.0614889 0.0648671 0.0663044 0.066067 0.0644832 0.0618665 0.0584815 0.0545247 0.0501206 0.0453345 0.0401977 0.0347422 0.0290438 0.0232645 0.0176681 0.0125837 0.00831757
 0.00705076 0.011353 0.0169109 0.023644 0.0313635 0.0396776 0.0479274 0.0553018 0.0610993 0.0649357 0.0667665 0.0667801 0.0652836 0.0626264 0.0591386 0.055079 0.0506094 0.0458023 0.0406738 0.0352314 0.0295293 0.0237176 0.01806 0.012895 0.00854306
#obs surv len freq
 nan nan nan nan nan nan nan nan nan nan nan nan nan nan nan nan nan nan nan nan nan nan nan nan nan
 0.00448496 0.00734643 0.0111765 0.0159929 0.0216935 0.0279689 0.0342827 0.0400137 0.0446931 0.0481567 0.0505144 0.0520101 0.0529023 0.0534146 0.0537288 0.0539837 0.0542622 0.0545549 0.0546937 0.0542856 0.0527236 0.0493558 0.0438056 0.0362858 0.0276695
 0.00461559 0.00756136 0.0115044 0.0164608 0.0223203 0.0287548 0.0351992 0.0410009 0.0456681 0.0490309 0.0512099 0.0524715 0.0531017 0.0533517 0.0534262 0.0534791 0.0535997 0.0537774 0.0538404 0.0533939 0.0518325 0.0485088 0.0430478 0.0356554 0.0271877
 0.00478525 0.0078374 0.0119203 0.0170483 0.0231035 0.0297404 0.0363663 0.042295 0.0470055 0.050311 0.0523299 0.0533393 0.0536469 0.0535333 0.053236 0.0529396 0.052757 0.0526919 0.0525794 0.0520282 0.0504382 0.0471669 0.0418391 0.0346463 0.0264151
 0.00496883 0.00813994 0.0123832 0.0177125 0.0240014 0.0308831 0.0377305 0.0438185 0.0485964 0.0518635 0.0537395 0.0545101 0.0544954 0.0539922 0.0532609 0.0525152 0.0519007 0.0514526 0.0510328 0.0502723 0.0485891 0.0453524 0.0401853 0.0332564 0.0253469
 0.00518941 0.00849906 0.0129248 0.0184785 0.0250243 0.0321743 0.0392671 0.0455379 0.0504024 0.053643 0.0553786 0.0559054 0.0555578 0.0546484 0.053454 0.0522081 0.0510814 0.0501422 0.049292 0.0482049 0.0463396 0.0430939 0.0380952 0.0314825 0.0239753
 0.00541854 0.008875 0.013497 0.0192951 0.0261228 0.0335671 0.0409265 0.0473915 0.0523443 0.0555538 0.0571441 0.0574252 0.0567462 0.0554326 0.053773 0.0520132 0.0503411 0.048852 0.0474883 0.0459788 0.0438427 0.0405277 0.0356791 0.0294069 0.0223573
 0.00565317 0.00926104 0.0140867 0.0201402 0.0272652 0.0350228 0.0426696 0.0493479 0.0544015 0.0575826 0.0590192 0.0590382 0.0580096 0.0562777 0.0541451 0.0518674 0.0496419 0.0475817 0.0456636 0.0436729 0.0412004 0.0377611 0.0330342 0.0271075 0.0205488
 0.00590408 0.00966958 0.014703 0.0210119 0.0284292 0.0364922 0.044419 0.051307 0.0564636 0.0596231 0.0609147 0.0606782 0.0593025 0.0571515 0.054545 0.0517509 0.048976 0.0463461 0.0438658 0.0413714 0.0385274 0.034925 0.0302897 0.0246966 0.0186363
 0.00615844 0.010087 0.0153381 0.0219177 0.0296457 0.03803 0.0462425 0.0533303 0.0585642 0.0616675 0.06278 0.0622636 0.0605293 0.0579596 0.0548881 0.0515925 0.0482869 0.0451074 0.0420816 0.0390919 0.0358725 0.0320924 0.02753 0.0222553 0.0166872
 0.00636707 0.0104328 0.0158714 0.0226898 0.0307003 0.0393869 0.0478816 0.0551842 0.0605268 0.0636131 0.0645845 0.0638183 0.0617479 0.0587787 0.0552633 0.0514921 0.0476865 0.0439906 0.0404509 0.03699 0.033406 0.0294419 0.0249294 0.0199393 0.0148265
 0.00660687 0.010822 0.0164558 0.0235122 0.0317923 0.0407571 0.0495023 0.056986 0.0624072 0.0654543 0.0662716 0.0652509 0.0628459 0.0594837 0.0555368 0.0513106 0.0470359 0.0428645 0.0388583 0.0349726 0.0310609 0.0269329 0.0224704 0.0177473 0.0130619
 0.00682678 0.0111836 0.0170075 0.0243005 0.0328519 0.0420952 0.0510837 0.0587298 0.0642003 0.0671758 0.0678134 0.0665277 0.0637953 0.0600624 0.0557163 0.0510734 0.0463729 0.0417745 0.037354 0.0330958 0.0289005 0.024635 0.020225 0.0157476 0.0114513
 0.00703669 0.0115283 0.0175326 0.0250503 0.0338606 0.0433722 0.0525989 0.060408 0.065931 0.0688342 0.0692828 0.0677145 0.0646353 0.0605202 0.0557791 0.0507421 0.0456548 0.0406807 0.035905 0.0313343 0.0269082 0.0225409 0.0181948 0.0139483 0.0100061
 0.0072717 0.0119124 0.0181137 0.0258733 0.0349567 0.0447436 0.0542034 0.0621554 0.0676962 0.0704828 0.0706943 0.0687971 0.0653304 0.0608014 0.0556473 0.0502171 0.0447661 0.0394616 0.0343929 0.0295805 0.0249915 0.0205759 0.0163232 0.01231 0.00870135
 0.0074387 0.0121914 0.0185475 0.0265062 0.0358254 0.0458621 0.0555482 0.0636592 0.0692573 0.0719837 0.0720216 0.0698553 0.0660499 0.0611414 0.0555953 0.0497845 0.0439814 0.0383639 0.0330298 0.0280114 0.0232956 0.0188572 0.0147026 0.0109029 0.00758762
 0.00753234 0.0123451 0.0187825 0.0268455 0.0362916 0.046474 0.0563134 0.0645681 0.070279 0.0730653 0.0730921 0.0708326 0.0668515 0.0616956 0.0558503 0.0497133 0.0435818 0.037656 0.0320527 0.0268226 0.0219725 0.0174962 0.0134107 0.00977835 0.00669691
 0.00762244 0.0124837 0.0189769 0.0270983 0.0366025 0.0468416 0.056737 0.0650473 0.0708125 0.0736491 0.0737144 0.0714689 0.0674606 0.0622215 0.0562299 0.0498885 0.0435107 0.0373209 0.0314638 0.0260184 0.021018 0.0164775 0.0124231 0.00890859 0.00600371
 0.00767307 0.0125635 0.0190921 0.0272523 0.0367951 0.0470679 0.0569873 0.0653098 0.0710785 0.0739182 0.0739955 0.0717741 0.0677946 0.0625716 0.0565622 0.0501514 0.0436466 0.037281 0.0312216 0.0255788 0.0204194 0.0157864 0.0117206 0.00827158 0.00548684
 0.00771443 0.0126246 0.0191728 0.0273489 0.0369019 0.0471797 0.057101 0.0654245 0.0711948 0.0740379 0.0741223 0.0719145 0.0679566 0.0627604 0.0567725 0.050362 0.0438199 0.03737 0.0311842 0.0253929 0.020093 0.0153587 0.0112519 0.00782618 0.00511432
 0.00776902 0.0127047 0.0192769 0.0274697 0.0370276 0.0472969 0.0571982 0.0654942 0.0712353 0.0740543 0.0741262 0.0719205 0.0679793 0.0628103 0.0568534 0.0504678 0.0439322 0.0374588 0.0312136 0.0253328 0.019932 0.0151111 0.0109548 0.00752672 0.00485374
 0.00781979 0.0127828 0.0193859 0.0276086 0.0371902 0.0474711 0.0573657 0.0656335 0.0713272 0.0740883 0.0741047 0.0718584 0.0678986 0.0627337 0.0567984 0.0504429 0.0439344 0.037473 0.0312159 0.0252972 0.0198404 0.0149621 0.0107658 0.0073274 0.00467398
 0.00784848 0.0128279 0.0194508 0.0276953 0.0372983 0.0475967 0.0575011 0.0657662 0.0714418 0.07417 0.0741429 0.0718502 0.06785 0.0626586 0.0567149 0.0503679 0.0438783 0.0374362 0.0311882 0.0252618 0.0197811 0.0148711 0.0106484 0.00719927 0.00455457
 0.00787242 0.0128634 0.019498 0.0277521 0.0373616 0.0476634 0.0575689 0.0658335 0.0715064 0.0742284 0.0741897 0.0718791 0.0678559 0.0626397 0.0566748 0.0503152 0.0438234 0.0373873 0.0311469 0.0252229 0.0197355 0.0148116 0.0105744 0.00711803 0.00447722
 0.00788763 0.0128836 0.0195197 0.0277696 0.0373681 0.047654 0.0575431 0.0657959 0.071466 0.0741956 0.0741736 0.0718843 0.067881 0.0626781 0.0567171 0.0503533 0.0438532 0.0374083 0.0311603 0.0252283 0.0197305 0.0147935 0.010543 0.00707756 0.00443481
 0.00789236 0.0128902 0.0195277 0.0277772 0.0373721 0.0476504 0.057527 0.0657639 0.071418 0.0741368 0.0741143 0.0718373 0.067857 0.0626822 0.0567473 0.0504017 0.0439092 0.0374627 0.0312066 0.0252629 0.0197515 0.0148001 0.0105364 0.00706113 0.00441373
 0.00790153 0.0129016 0.0195383 0.0277822 0.0373661 0.0476296 0.0574911 0.0657157 0.0713623 0.0740787 0.0740585 0.071789 0.0678223 0.0626672 0.056756 0.0504339 0.0439601 0.0375236 0.0312682 0.0253171 0.0197929 0.0148265 0.0105484 0.00706175 0.0044073
 0.00789203 0.0128859 0.019514 0.0277469 0.0373174 0.0475662 0.0574134 0.0656273 0.0712698 0.0739913 0.0739863 0.0717405 0.0678027 0.0626779 0.0567955 0.0504982 0.0440435 0.0376185 0.0313654 0.0254075 0.019869 0.014884 0.0105868 0.00708335 0.00441667
 0.00788471 0.0128719 0.0194893 0.0277063 0.0372569 0.047484 0.0573126 0.0655153 0.0711573 0.0738893 0.0739043 0.0716853 0.067779 0.0626876 0.0568375 0.0505686 0.044136 0.0377249 0.0314765 0.025514 0.0199627 0.0149593 0.0106414 0.0071187 0.00443671
 0.00786609 0.012839 0.0194349 0.0276227 0.0371374 0.0473269 0.0571241 0.0653105 0.0709572 0.0737162 0.0737772 0.0716164 0.0677722 0.0627398 0.05694 0.0507098 0.0443026 0.0379037 0.031655 0.0256806 0.0201081 0.0150772 0.0107296 0.00717903 0.00447404
 0.00786003 0.0128274 0.019414 0.0275874 0.0370819 0.0472459 0.0570147 0.065174 0.0708004 0.0735519 0.0736225 0.0714901 0.0676908 0.0627133 0.0569707 0.0507921 0.0444256 0.0380531 0.0318156 0.0258384 0.0202511 0.015197 0.010822 0.00724419 0.00451581
 0.00782288 0.0127687 0.019329 0.0274729 0.0369374 0.0470747 0.0568244 0.0649769 0.0706114 0.0733855 0.0734911 0.0714031 0.0676548 0.0627326 0.0570458 0.0509189 0.0445946 0.0382506 0.0320252 0.0260433 0.0204369 0.0153532 0.0109432 0.0073307 0.00457218
 0.00780714 0.0127379 0.0192734 0.0273808 0.0367987 0.0468863 0.0565945 0.0647251 0.0703645 0.0731699 0.0733267 0.0713013 0.067619 0.0627608 0.0571327 0.0510571 0.0447744 0.0384597 0.0322487 0.0262649 0.020641 0.0155273 0.0110804 0.00742999 0.00463781
 0.00777548 0.0126867 0.0191967 0.0272727 0.0366541 0.0467022 0.0563724 0.0644735 0.0701001 0.0729164 0.0731113 0.0711488 0.0675466 0.062774 0.0572264 0.0512183 0.0449864 0.0387044 0.0325077 0.0265201 0.0208758 0.0157284 0.0112399 0.00754633 0.00471539
 0.0077442 0.0126353 0.0191183 0.0271611 0.0365049 0.0465153 0.056154 0.0642363 0.0698606 0.0726921 0.0729186 0.0710025 0.0674599 0.0627575 0.0572848 0.0513488 0.0451779 0.0389397 0.0327663 0.0267811 0.0211198 0.0159401 0.0114096 0.00767149 0.00479973
 0.00770275 0.01257 0.0190241 0.0270344 0.0363447 0.0463237 0.0559375 0.0640063 0.0696326 0.0724832 0.0727444 0.0708757 0.0673893 0.0627485 0.0573399 0.0514668 0.0453531 0.0391607 0.0330164 0.0270401 0.0213672 0.0161582 0.0115869 0.00780368 0.00488969
 0.0076791 0.0125287 0.0189566 0.0269317 0.0361997 0.046135 0.0557129 0.0637627 0.069392 0.0722672 0.0725698 0.0707532 0.0673242 0.0627428 0.057393 0.0515761 0.0455135 0.0393635 0.0332489 0.0272854 0.0216061 0.0163731 0.0117645 0.00793799 0.00498219
 0.00766815 0.0125096 0.0189254 0.0268832 0.036128 0.0460347 0.055581 0.0636005 0.0692068 0.0720726 0.0723839 0.070595 0.0672099 0.0626826 0.0573909 0.0516311 0.0456207 0.0395153 0.0334342 0.0274896 0.0218124 0.0165642 0.0119267 0.00806341 0.00507022
 0.00762602 0.0124478 0.0188446 0.0267882 0.0360254 0.0459306 0.0554782 0.0634986 0.0691041 0.0719679 0.072279 0.0704961 0.0671269 0.0626275 0.0573743 0.0516599 0.0456965 0.0396342 0.0335876 0.0276649 0.0219942 0.0167366 0.0120758 0.00818086 0.00515398
 0.00760891 0.012417 0.018793 0.0267086 0.0359136 0.0457892 0.0553192 0.0633415 0.068969 0.0718676 0.0722156 0.0704626 0.0671138 0.0626287 0.0573904 0.0516961 0.0457593 0.0397274 0.0337096 0.0278087 0.0221479 0.0168861 0.0122081 0.00828708 0.00523104
 0.00758906 0.0123872 0.0187526 0.0266577 0.0358522 0.045716 0.0552322 0.0632396 0.0688558 0.0717529 0.0721133 0.0703859 0.0670704 0.0626184 0.0574078 0.0517354 0.0458178 0.039805 0.0338069 0.0279229 0.0222721 0.0170099 0.0123204 0.00837928 0.00529926
 0.00756873 0.0123564 0.0187105 0.0266052 0.0357918 0.0456516 0.0551677 0.0631785 0.0687995 0.0717009 0.0720641 0.0703399 0.0670312 0.0625921 0.0574 0.051749 0.0458525 0.0398591 0.0338781 0.0280083 0.0223667 0.0171064 0.0124103 0.00845492 0.00535653
 0.00756693 0.012351 0.018698 0.0265812 0.0357525 0.0455958 0.055099 0.0631045 0.0687295 0.0716425 0.0720209 0.0703108 0.067013 0.062582 0.0573979 0.051757 0.0458736 0.0398954 0.0339296 0.0280729 0.0224402 0.0171827 0.0124824 0.00851671 0.00540415
 0.00755274 0.0123318 0.018676 0.0265602 0.0357362 0.0455851 0.0550909 0.0630931 0.0687091 0.0716113 0.071982 0.0702708 0.0669782 0.0625564 0.0573825 0.0517518 0.0458787 0.0399118 0.0339582 0.0281133 0.0224901 0.0172375 0.0125363 0.00856424 0.00544167
 0.00754278 0.0123138 0.018646 0.0265142 0.0356724 0.0455063 0.0550054 0.0630133 0.068647 0.0715733 0.0719673 0.0702736 0.066992 0.0625772 0.057409 0.0517839 0.0459167 0.0399555 0.0340073 0.0281671 0.0225468 0.0172942 0.0125891 0.00860936 0.00547662
 0.00753263 0.012299 0.0186265 0.0264908 0.0356453 0.0454749 0.0549678 0.0629681 0.0685955 0.0715204 0.0719211 0.0702415 0.0669781 0.0625807 0.0574261 0.0518103 0.0459494 0.039993 0.0340488 0.028212 0.0225937 0.0173407 0.0126322 0.00864624 0.00550532
 0.00749641 0.0122435 0.0185496 0.026393 0.0355307 0.0453502 0.0548429 0.0628542 0.0685029 0.0714564 0.0718884 0.0702399 0.0670053 0.0626337 0.0575006 0.0519004 0.0460483 0.0400941 0.0341472 0.0283042 0.0226772 0.0174137 0.0126931 0.00869395 0.00554003
 0.00750256 0.0122476 0.0185451 0.0263707 0.0354813 0.0452694 0.0547344 0.06273 0.0683799 0.0713507 0.0718115 0.0701965 0.0669951 0.0626529 0.0575443 0.0519635 0.0461252 0.0401793 0.0342349 0.0283892 0.0227554 0.0174819 0.0127495 0.00873765 0.00557146
 0.00750032 0.0122484 0.0185538 0.0263932 0.0355211 0.0453233 0.0547902 0.0627695 0.0683859 0.0713154 0.0717398 0.070104 0.0669008 0.0625726 0.0574871 0.0519323 0.0461183 0.0401924 0.0342628 0.0284262 0.0227962 0.0175218 0.012785 0.00876658 0.00559301
 0.00748015 0.0122149 0.0185026 0.0263212 0.0354287 0.045217 0.0546831 0.0626783 0.0683241 0.0712872 0.0717389 0.0701184 0.0669205 0.0625944 0.0575143 0.05197 0.04617 0.0402576 0.0343375 0.0285045 0.022872 0.0175898 0.0128414 0.00880991 0.00562358
 0.00748015 0.0122149 0.0185026 0.0263212 0.0354287 0.045217 0.0546831 0.0626783 0.0683241 0.0712872 0.0717389 0.0701184 0.0669205 0.0625944 0.0575143 0.05197 0.04617 0.0402576 0.0343375 0.0285045 0.022872 0.0175898 0.0128414 0.00880991 0.00562358
 0.00728182 0.0118975 0.0180357 0.0256837 0.0346175 0.0442587 0.0536438 0.0616616 0.0674522 0.0706705 0.0714478 0.0701697 0.0672798 0.0631922 0.0582663 0.0527962 0.0470052 0.0410546 0.0350642 0.0291399 0.0234037 0.0180133 0.0131599 0.00903405 0.00576997
 0.00719433 0.0117376 0.0177627 0.0252499 0.0339809 0.0434024 0.0525951 0.060498 0.0662904 0.0696427 0.0706755 0.0697422 0.0672396 0.0635287 0.0589208 0.0536771 0.0480095 0.0420866 0.0360475 0.030021 0.0241501 0.0186108 0.0136099 0.00935055 0.00597621
 0.00722118 0.0117746 0.0178044 0.0252817 0.0339764 0.0433224 0.0523918 0.0601269 0.0657301 0.0689139 0.0698493 0.0689292 0.0665635 0.0630943 0.0587887 0.0538518 0.0484441 0.0427001 0.0367469 0.0307213 0.0247865 0.0191433 0.014022 0.00964545 0.0061705
 0.00705574 0.0115221 0.0174553 0.0248388 0.0334541 0.042744 0.0517861 0.0595238 0.0651541 0.0683798 0.069365 0.0685075 0.0662345 0.0629078 0.0588018 0.0541066 0.048947 0.0434131 0.0375945 0.03161 0.025627 0.0198683 0.0145953 0.0100612 0.00644655
 0.00706698 0.0115255 0.0174334 0.0247672 0.033309 0.042513 0.0514767 0.0591624 0.0647748 0.0680099 0.0690167 0.0681795 0.0659241 0.0626259 0.0585809 0.0539966 0.0489974 0.0436506 0.0380074 0.0321474 0.026214 0.0204287 0.0150713 0.0104243 0.00669618
 0.00704577 0.0115033 0.0174214 0.0247797 0.0333555 0.0425874 0.0515516 0.0591957 0.0647265 0.0678605 0.0687744 0.0678731 0.0655884 0.062291 0.0582728 0.0537443 0.0488367 0.0436169 0.0381212 0.0323996 0.0265641 0.0208162 0.0154362 0.0107241 0.00691367
 0.00698386 0.0114057 0.0172813 0.0245958 0.0331353 0.0423501 0.0513271 0.0590167 0.0646142 0.0678132 0.068767 0.0678705 0.0655632 0.0622352 0.0581976 0.0536731 0.0487989 0.0436427 0.0382343 0.0326079 0.026852 0.0211463 0.0157611 0.011003 0.00712418
 0.00690582 0.0112813 0.0170988 0.0243469 0.0328177 0.0419716 0.0509101 0.0585991 0.0642445 0.0675383 0.0686179 0.0678523 0.0656539 0.0623958 0.0583883 0.0538682 0.0489926 0.043846 0.0384652 0.0328794 0.0271623 0.0214759 0.0160783 0.0112762 0.0073336
 0.0069503 0.0113447 0.0171774 0.0244304 0.0328906 0.0420161 0.0509097 0.0585416 0.064126 0.0673663 0.0684128 0.0676429 0.0654695 0.0622556 0.0582966 0.0538171 0.048971 0.0438495 0.0384987 0.0329527 0.0272805 0.0216318 0.0162524 0.0114433 0.00747259
 0.006887 0.0112564 0.0170712 0.024321 0.0327947 0.0419446 0.0508614 0.0585036 0.0640806 0.0672996 0.0683209 0.0675344 0.0653619 0.06217 0.0582502 0.053818 0.0490176 0.0439336 0.0386119 0.03309 0.0274383 0.0218035 0.0164256 0.0116018 0.00760227
 0.00682991 0.0111601 0.016921 0.0241046 0.0325085 0.0416019 0.0504968 0.0581671 0.0638209 0.0671457 0.0682729 0.0675691 0.0654487 0.0622855 0.0583843 0.053971 0.0491931 0.0441322 0.0388296 0.0333191 0.0276694 0.0220266 0.0166292 0.011775 0.00773748
 0.00685799 0.0112008 0.0169722 0.0241592 0.0325543 0.0416224 0.0504746 0.0580902 0.0636894 0.0669761 0.068094 0.067411 0.0653307 0.0622111 0.0583459 0.0539595 0.0492039 0.0441665 0.0388898 0.0334051 0.0277768 0.0221463 0.0167498 0.0118849 0.00782754
 0.00683389 0.0111677 0.0169335 0.0241214 0.0325241 0.041603 0.0504624 0.0580745 0.0636561 0.0669136 0.068 0.0672954 0.0652135 0.0621148 0.0582871 0.0539438 0.0492279 0.0442226 0.0389711 0.0335061 0.0278917 0.0222675 0.0168675 0.0119892 0.00791142
 0.00688144 0.0112421 0.01704 0.024263 0.0327008 0.041811 0.050692 0.0583086 0.06387 0.0670778 0.0680862 0.0672844 0.0651018 0.061918 0.0580358 0.0536747 0.0489732 0.0440043 0.0388 0.0333847 0.0278171 0.0222328 0.0168631 0.0120036 0.00793362
 0.00688449 0.0112533 0.0170684 0.0243203 0.0327986 0.0419553 0.0508792 0.0585246 0.0640938 0.0672861 0.0682564 0.0673961 0.0651387 0.0618709 0.0579074 0.0534815 0.0487428 0.0437681 0.0385853 0.0332094 0.0276889 0.0221505 0.0168191 0.0119872 0.00793353
#pred catch len freq
 0.00459865 0.00724427 0.0105036 0.0142722 0.0184847 0.0231034 0.0280456 0.0331411 0.0381609 0.0428765 0.0470987 0.0506934 0.0535905 0.0557843 0.0573198 0.058272 0.05873 0.0587714 0.0584012 0.0574547 0.0555276 0.0520479 0.0465525 0.0390587 0.0302662
