SBPRF35
12.7214
Curr Bio
864037
B35
879035
F35
0.171813
FOFL
0.163368
OFL
112324
Bzero
3.63469e+006
#pred survey bio
 3.55779e+006 3.45906e+006 3.3599e+006 3.22219e+006 3.03819e+006 2.84246e+006 2.5885e+006 2.33558e+006 2.0851e+006 1.88865e+006 1.63413e+006 1.43089e+006 1.27507e+006 1.11624e+006 986694 888240 807767 737474 696793 671204 629543 615403 595315 576259 555484 545950 545619 545493 541175 539527 549223 549156 554826 561175 578264 599737 614270 630865 641006 647983 651093 663018 665974 668712 663432 666827 661049 669106 661698 660960 661723 719425 751419 800377 823700 853113 876783 918169 928694 931957 935169 926494 931425 920054 899102 870971 2.95693e+007 1.7657e+007 1.79437e+007 1.88054e+007 2.00355e+007 2.14027e+007 2.27356e+007 2.39335e+007 2.49531e+007 2.5789e+007 2.64564e+007 2.69798e+007 2.73851e+007 2.76965e+007 2.79348e+007 2.81167e+007 2.82556e+007 2.83618e+007 2.84434e+007 2.85062e+007 2.85547e+007 2.85925e+007 2.8622e+007 2.86451e+007 2.86633e+007 2.86777e+007 2.86891e+007 2.86982e+007 2.87054e+007 2.87112e+007 2.87159e+007 2.87197e+007 2.87227e+007 2.87252e+007 2.87272e+007 2.87288e+007 2.87301e+007 2.87312e+007 2.87321e+007 2.87328e+007 2.87334e+007 2.87338e+007 2.87342e+007 2.87345e+007 2.87348e+007 2.8735e+007 2.87352e+007 2.87353e+007 2.87354e+007 2.87355e+007 2.87356e+007 2.87357e+007 2.87357e+007 2.87358e+007 2.87358e+007 2.87358e+007 2.87359e+007 2.87359e+007 2.87359e+007 2.87359e+007 2.87359e+007 2.87359e+007 2.87359e+007 2.87359e+007 2.87359e+007 2.87359e+007 2.87359e+007 2.87359e+007 2.8736e+007 2.8736e+007 2.8736e+007 2.8736e+007 2.8736e+007 2.8736e+007 2.8736e+007 2.8736e+007 2.8736e+007 2.8736e+007 2.8736e+007 2.8736e+007 2.8736e+007 2.8736e+007 2.8736e+007 2.8736e+007 2.8736e+007 2.8736e+007 2.8736e+007 2.8736e+007 2.8736e+007 2.8736e+007 2.8736e+007 2.8736e+007 2.8736e+007 2.8736e+007 2.8736e+007 2.8736e+007 2.8736e+007 2.8736e+007 2.8736e+007 2.8736e+007 0 0 0 0 0 0 0 0 0 0 0 0 0 0 0 0 0 0 0 0 0 0 0 0 0
#obs survey bio
 2.52305e+006 4.19913e+006 2.7346e+006 2.78689e+006 3.32763e+006 2.72654e+006 2.32686e+006 2.49418e+006 1.94584e+006 2.51114e+006 1.81432e+006 1.21188e+006 1.13414e+006 1.27237e+006 1.67046e+006 724216 1.05568e+006 832747 554493 681021 899219 542274 821517 764342 645534 516998 557501 1.07556e+006 435838 459423 411032 569556 508141 472988 964428 779564 671565 894026 997839 688168 512281 615430 875122 629913 649024 612326 489725 503696 723276 650918 695993 624904 858537 662151 961663 700831 1.08494e+006 852834 779667 1.20959e+006 886656 1.1737e+006 1.06137e+006 967677 1.04787e+006 790547
#pred catch bio
 94255 99341 143659 197885 222909 291667 306757 319682 283957 345508 305143 266742 270639 243923 215642 198540 186898 158655 143849 153921 126484 128355 123845 121782 109775 101085 100292 102772 100140 91918.8 102115 99071 100370 92800.4 90232.3 96584.7 95126.3 100541 102480 105234 98352.4 106863 107349 114333 107248 115285 103825 117043 110691 109218 62949.3 87416.4 74504.4 98310.3 94590.4 101199 87544 114565 119594 118578 127817 115169 128331 134868 139029 135357 112324 116794 117380 121847 129318 137834 146098 153421 159529 164408 168184 171037 173152 174698 175815 176616 177185 177587 177870 178068 178207 178303 178370 178417 178449 178472 178487 178498 178505 178510 178514 178516 178518 178519 178520 178520 178521 178521 178521 178521 178521 178522 178522 178522 178522 178522 178522 178522 178522 178522 178522 178522 178522 178522 178522 178522 178522 178522 178522 178522 178522 178522 178522 178522 178522 178522 178522 178522 178522 178522 178522 178522 178522 178522 178522 178522 178522 178522 178522 178522 178522 178522 178522 178522 178522 178522 178522 178522 178522 178522 178522 178522 178522 178522 178522 178522 178522 178522 178522 178522 0 0 0 0 0 0 0 0 0 0 0 0 0 0 0 0 0 0 0 0 0 0 0 0 0
#obs catch bio
 0 99079.7 143714 198555 223370 292866 307638 321879 285270 347452 306441 268039 271606 244198 214282 199450 186808 158983 144185 155205 126398 128288 123170 120980 109160 100869 100419 101862 99406.2 91459.3 102120 99279.6 101446 93925.9 90551.3 96587.1 95115.9 100462 102133 104464 97943.1 106871 106923 114099 107114 115423 103896 117567 110776 109850 62543.1 87795.1 74254.1 98802 94668.5 101865 87536.7 115095 119942 118320 128231 114912 128125 134529 138700 135361
#pred cpue bio
 3.51221e+006 3.41504e+006 3.3157e+006 3.17735e+006 2.99344e+006 2.79793e+006 2.54475e+006 2.2926e+006 2.04308e+006 1.84752e+006 1.59506e+006 1.39354e+006 1.23915e+006 1.0821e+006 954057 856660 777292 708355 668590 643722 603447 590157 570955 552698 532658 523436 523158 523292 519274 517422 526478 526014 531209 537281 554249 575757 590264 606627 616802 623934 626952 638384 641208 643885 638580 641803 636120 643998 636822 636187 636974 693828 725767 773968 796654 825293 848522 889445 900127 903517 906719 898212 903186 892169 871625 843987 2.86403e+007 1.70964e+007 1.72429e+007 1.79758e+007 1.91696e+007 2.05299e+007 2.18616e+007 2.30594e+007 2.40789e+007 2.49148e+007 2.55823e+007 2.61056e+007 2.6511e+007 2.68224e+007 2.70606e+007 2.72425e+007 2.73814e+007 2.74877e+007 2.75692e+007 2.7632e+007 2.76806e+007 2.77183e+007 2.77478e+007 2.77709e+007 2.77891e+007 2.78035e+007 2.78149e+007 2.7824e+007 2.78313e+007 2.78371e+007 2.78418e+007 2.78455e+007 2.78486e+007 2.7851e+007 2.7853e+007 2.78546e+007 2.7856e+007 2.7857e+007 2.78579e+007 2.78586e+007 2.78592e+007 2.78597e+007 2.78601e+007 2.78604e+007 2.78606e+007 2.78609e+007 2.7861e+007 2.78612e+007 2.78613e+007 2.78614e+007 2.78615e+007 2.78615e+007 2.78616e+007 2.78616e+007 2.78617e+007 2.78617e+007 2.78617e+007 2.78617e+007 2.78617e+007 2.78618e+007 2.78618e+007 2.78618e+007 2.78618e+007 2.78618e+007 2.78618e+007 2.78618e+007 2.78618e+007 2.78618e+007 2.78618e+007 2.78618e+007 2.78618e+007 2.78618e+007 2.78618e+007 2.78618e+007 2.78618e+007 2.78618e+007 2.78618e+007 2.78618e+007 2.78618e+007 2.78618e+007 2.78618e+007 2.78618e+007 2.78618e+007 2.78618e+007 2.78618e+007 2.78618e+007 2.78618e+007 2.78618e+007 2.78618e+007 2.78618e+007 2.78618e+007 2.78618e+007 2.78618e+007 2.78618e+007 2.78618e+007 2.78618e+007 2.78618e+007 2.78618e+007 2.78618e+007 2.78618e+007 0 0 0 0 0 0 0 0 0 0 0 0 0 0 0 0 0 0 0 0 0 0 0 0 0
#obs cpue bio
 2.64771e+006 4.44063e+006 3.56888e+006 2.3856e+006 2.20313e+006 3.68688e+006 2.7262e+006 1.59451e+006 1.74585e+006 2.03906e+006 1.27155e+006 1.34189e+006 1.68277e+006 1.02339e+006 878855 564914 816993 495864 746083 522646 542946 749511 573662 511664 461815 454014 415694 600282 655560 498289 585282 390704 306225 416781 561067 647565 495729 490577 497901 927083 582367 566448 648175 672456 540406 693256 683571 793302 658062 591284 691838 732552 683877 677027 731086 655578 760775 1.01277e+006 1.08512e+006 1.05961e+006 671482 913538 919476 915422 776125 742405
#pred surv len freq
 0.00423482 0.00699616 0.0107538 0.0155593 0.0213279 0.0277411 0.0342329 0.0401494 0.0450026 0.0486267 0.0511403 0.0527929 0.0538315 0.0544438 0.054752 0.0548289 0.0547183 0.0544402 0.0539502 0.0530533 0.0513345 0.0482213 0.0432409 0.0363742 0.0282531
 0.00456784 0.00743459 0.0112269 0.0159469 0.0215052 0.0276424 0.0338948 0.0396971 0.0445841 0.0483368 0.0509833 0.0527038 0.0537352 0.0543104 0.0546178 0.054776 0.054827 0.0547374 0.0543798 0.0534861 0.0516191 0.0482519 0.0430057 0.0359543 0.0277756
 0.00468042 0.00767938 0.0117009 0.0167554 0.0227086 0.029189 0.0355853 0.0412279 0.0456642 0.048813 0.0508887 0.0522032 0.0530173 0.0535083 0.0537985 0.053977 0.0540893 0.0541027 0.0538601 0.0530398 0.0511622 0.0477046 0.0423432 0.0352255 0.0270754
 0.00480988 0.00788021 0.0119908 0.0171593 0.0232699 0.0299744 0.0366668 0.0426342 0.0473221 0.0505211 0.0523623 0.0531795 0.0533604 0.0532457 0.0530756 0.0529751 0.0529644 0.0529636 0.0527681 0.0520118 0.0501794 0.0467367 0.0413823 0.0343055 0.0262609
 0.00496931 0.00814579 0.0124013 0.0177522 0.0240721 0.030991 0.0378751 0.0439919 0.0487823 0.052036 0.053862 0.0545423 0.0544111 0.0538039 0.0530297 0.0523315 0.0518378 0.0515223 0.0511736 0.0503824 0.0485856 0.0452198 0.0399797 0.0330655 0.0252359
 0.00512786 0.00840703 0.0128015 0.0183289 0.0248583 0.0320046 0.0391075 0.0454006 0.0502967 0.0535722 0.0553391 0.0558859 0.0555425 0.0546239 0.0534209 0.0521897 0.0511192 0.0502728 0.0495182 0.0484849 0.0466065 0.0432946 0.0382173 0.0315515 0.0240277
 0.00536779 0.00879767 0.0133904 0.0191603 0.0259646 0.0333927 0.0407451 0.0472122 0.0521744 0.0553975 0.0570027 0.0572993 0.0566384 0.0553483 0.05372 0.0520031 0.0503907 0.04898 0.0477039 0.0462684 0.0441674 0.0408382 0.035938 0.0296019 0.0224969
 0.00560091 0.00918392 0.0139851 0.0200195 0.0271333 0.0348875 0.0425353 0.0492143 0.054264 0.0574345 0.058855 0.0588583 0.0578234 0.0561038 0.0540074 0.0517899 0.0496451 0.0476795 0.0458606 0.0439583 0.0415448 0.038121 0.0333652 0.027379 0.0207502
 0.00582688 0.00955948 0.0145659 0.0208635 0.0282906 0.0363825 0.0443484 0.0512728 0.0564501 0.0596051 0.0608646 0.0605761 0.0591446 0.0569543 0.0543415 0.0515817 0.0488793 0.0463494 0.0439814 0.0415934 0.0388302 0.0352675 0.0306254 0.0249865 0.0188589
 0.00593953 0.00975641 0.0148888 0.0213624 0.0290165 0.037374 0.045617 0.0527943 0.0581654 0.0614276 0.0626888 0.0622859 0.0606222 0.0580901 0.0550436 0.051781 0.04853 0.0454294 0.0424986 0.0396027 0.0364535 0.0326994 0.0281075 0.0227527 0.0170729
 0.00622831 0.0102245 0.0155905 0.0223469 0.0303183 0.0389975 0.0475213 0.0548874 0.0603174 0.0634964 0.0645447 0.0638258 0.0617722 0.0588005 0.0552803 0.0515184 0.0477472 0.0441145 0.0406615 0.0372958 0.0337946 0.0298792 0.0253677 0.0203309 0.0151384
 0.00647792 0.010631 0.0162036 0.0232132 0.0314723 0.040448 0.049236 0.0567885 0.0622914 0.0654154 0.0662873 0.0652894 0.0628783 0.0594945 0.0555275 0.0512974 0.0470445 0.042923 0.0389904 0.0351905 0.0313589 0.0272851 0.0228364 0.0180837 0.0133358
 0.00666251 0.0109334 0.0166634 0.0238692 0.0323563 0.0415735 0.0505867 0.0583129 0.063909 0.0670307 0.0678033 0.066617 0.0639401 0.0602274 0.0558834 0.051242 0.0465548 0.041988 0.0376166 0.0334171 0.0292763 0.0250437 0.0206318 0.0161137 0.0117471
 0.00693339 0.0113723 0.0173203 0.0247882 0.0335644 0.0430657 0.0523112 0.0601682 0.0657609 0.0687407 0.0692553 0.0677305 0.064671 0.0605597 0.0558186 0.0507891 0.0457235 0.0407875 0.0360639 0.0315522 0.0271805 0.0228496 0.0185106 0.0142384 0.0102443
 0.00724262 0.0118594 0.0180246 0.0257357 0.0347642 0.0445032 0.0539396 0.0619045 0.0674933 0.0703458 0.0706186 0.0687619 0.0653128 0.0607885 0.0556397 0.050226 0.0448068 0.0395479 0.034534 0.029778 0.0252376 0.0208526 0.016604 0.0125668 0.00891188
 0.00739334 0.0121253 0.018462 0.026407 0.0357199 0.0457561 0.0554434 0.0635535 0.069147 0.0718665 0.0718981 0.0697294 0.0659283 0.0610336 0.0555128 0.0497402 0.0439874 0.038429 0.0331571 0.0281968 0.0235268 0.0191141 0.01496 0.0111356 0.00777682
 0.00747148 0.0122602 0.0186813 0.0267453 0.0362164 0.0464472 0.0563501 0.0646672 0.070419 0.0732064 0.0731863 0.0708412 0.0667608 0.0615228 0.0556356 0.0495043 0.0434193 0.0375657 0.0320443 0.0268919 0.0221044 0.0176681 0.0135963 0.00995277 0.00684183
 0.00761925 0.0124875 0.0189997 0.0271585 0.0367221 0.0470402 0.0570237 0.0654126 0.0712226 0.0740467 0.0740282 0.0716321 0.0674323 0.0620016 0.0558598 0.0494371 0.0430538 0.0369214 0.031161 0.0258261 0.0209284 0.0164688 0.0124669 0.00897652 0.00607326
 0.00767107 0.0125684 0.0191152 0.027311 0.0369104 0.0472595 0.0572667 0.0656733 0.0715021 0.0743563 0.0743864 0.072052 0.0679069 0.0624939 0.0563053 0.0497593 0.0431846 0.0368188 0.0308177 0.0252696 0.0202159 0.0156782 0.0116841 0.00827914 0.00551392
 0.00751907 0.0123544 0.0188543 0.0270383 0.036671 0.0470933 0.0571959 0.0657004 0.0716171 0.074547 0.0746464 0.0723819 0.0683084 0.0629596 0.0568088 0.0502513 0.0435993 0.0370904 0.0308991 0.0251465 0.0199122 0.0152499 0.0112046 0.00782068 0.00513007
 0.00758813 0.0124458 0.0189548 0.0271268 0.0367299 0.0471222 0.0572193 0.0657583 0.0717432 0.074747 0.0748925 0.0726283 0.0685162 0.0631142 0.0569179 0.0503292 0.0436486 0.0370942 0.0308281 0.024976 0.0196382 0.0148958 0.0108162 0.00745002 0.00481909
 0.00756048 0.0123913 0.0188549 0.0269573 0.0364661 0.0467489 0.0567426 0.0652154 0.0712037 0.074302 0.0746306 0.0726069 0.0687412 0.0635398 0.0574682 0.0509241 0.0442223 0.0375979 0.0312258 0.0252428 0.019765 0.014895 0.0107212 0.00730642 0.00467017
 0.00755723 0.0123927 0.0188683 0.0269905 0.0365216 0.0468158 0.0567929 0.0652093 0.0711046 0.0740967 0.0743429 0.0722958 0.0684828 0.0633997 0.0574779 0.0510734 0.0444678 0.0378815 0.0314917 0.0254482 0.0198855 0.0149271 0.0106808 0.00722214 0.00457328
 0.0076004 0.0124508 0.0189338 0.0270505 0.0365629 0.0468323 0.0567885 0.0651936 0.0710829 0.0740616 0.074276 0.0721811 0.0683228 0.063223 0.0573304 0.0509981 0.0444853 0.0379818 0.0316402 0.0256009 0.0200047 0.0149923 0.0106909 0.00719174 0.00452344
 0.00773021 0.012646 0.0191974 0.0273725 0.0369203 0.0471917 0.05711 0.0654373 0.0712184 0.0740761 0.0741761 0.0719859 0.0680553 0.0629072 0.056994 0.0506751 0.0442109 0.0377809 0.0315178 0.0255412 0.0199798 0.0149751 0.0106652 0.00715456 0.0044809
 0.00779673 0.0127479 0.0193385 0.0275511 0.0371282 0.0474133 0.0573229 0.0656145 0.071334 0.0741132 0.0741318 0.0718715 0.0678908 0.062714 0.0567904 0.0504765 0.0440318 0.0376356 0.0314162 0.0254838 0.0199564 0.0149691 0.0106615 0.00714505 0.00446524
 0.00767069 0.0125691 0.0191176 0.0273146 0.0369105 0.0472452 0.0572214 0.0655809 0.071358 0.0741795 0.0742253 0.0719793 0.0680032 0.062824 0.0568938 0.0505711 0.0441179 0.0377156 0.0314937 0.0255609 0.0200315 0.0150366 0.010715 0.00718065 0.00448402
 0.00766164 0.0125302 0.0190166 0.0271118 0.0365762 0.046782 0.0566795 0.0650504 0.0709384 0.0739421 0.0741904 0.0721193 0.068264 0.0631485 0.0572365 0.0509024 0.0444215 0.0379846 0.0317268 0.0257593 0.0201966 0.0151691 0.010815 0.00725001 0.00452705
 0.00787688 0.0128411 0.01941 0.0275459 0.0369856 0.0470916 0.0568214 0.064982 0.0706584 0.0734986 0.0736717 0.0716257 0.0678733 0.0628947 0.0571111 0.0508719 0.0444476 0.0380374 0.0317878 0.0258195 0.0202518 0.015217 0.010854 0.00727896 0.00454615
 0.00803144 0.0130952 0.0197952 0.0280853 0.0376804 0.0479028 0.0576587 0.0657129 0.0711442 0.073641 0.0734486 0.0710971 0.0671564 0.0621228 0.0563946 0.0502756 0.0439898 0.0377039 0.0315515 0.025654 0.0201373 0.0151398 0.0108041 0.00724852 0.00452863
 0.00804056 0.0131149 0.019835 0.0281597 0.0378086 0.0481052 0.0579496 0.0660892 0.071574 0.0740606 0.073774 0.0712509 0.0670984 0.0618681 0.056007 0.0498411 0.0435854 0.0373766 0.0313146 0.0254973 0.0200406 0.0150834 0.0107728 0.00723201 0.00452046
 0.00809623 0.01321 0.0199861 0.0283845 0.0381206 0.0485072 0.0584278 0.0666129 0.0721007 0.0745432 0.0741648 0.0715028 0.0671692 0.0617323 0.0556698 0.0493454 0.0430034 0.0367884 0.0307857 0.0250649 0.019714 0.0148525 0.010619 0.00713527 0.00446326
 0.00802748 0.013115 0.0198748 0.0282782 0.0380484 0.0484989 0.0585063 0.0667892 0.0723717 0.0748907 0.0745564 0.0718952 0.0675134 0.06198 0.0557831 0.0493071 0.0428248 0.0365086 0.0304602 0.0247479 0.0194441 0.0146469 0.0104766 0.00704478 0.00441019
 0.00785338 0.0128576 0.0195359 0.0278788 0.037626 0.0481012 0.0581847 0.0665923 0.0723365 0.0750332 0.0748651 0.0723322 0.0680223 0.0624968 0.0562466 0.0496684 0.0430551 0.036605 0.0304448 0.0246601 0.0193267 0.0145339 0.010387 0.00698341 0.00437305
 0.00766112 0.0125401 0.0190515 0.0271928 0.0367264 0.0470199 0.0570127 0.0654733 0.0714342 0.0744844 0.0747432 0.0726349 0.0686833 0.0634087 0.0572859 0.0507166 0.0440153 0.0374123 0.031071 0.0251099 0.0196281 0.0147247 0.0105032 0.00705269 0.00441364
 0.00760775 0.0124274 0.0188338 0.0268112 0.036123 0.0461613 0.0559146 0.064213 0.070144 0.0733287 0.0738848 0.0721991 0.0687292 0.0639161 0.0581635 0.0518279 0.0452114 0.0385616 0.0320786 0.0259253 0.0202417 0.0151566 0.0107891 0.00723133 0.00451903
 0.00758632 0.0123993 0.0188016 0.0267752 0.0360726 0.0460661 0.0557223 0.0638628 0.0695939 0.0725861 0.0730227 0.071347 0.0680389 0.0635181 0.0581287 0.0521503 0.0458153 0.0393288 0.0328831 0.0266638 0.0208505 0.0156136 0.0111041 0.00743172 0.00463712
 0.00745457 0.012203 0.0185402 0.0264611 0.0357292 0.0457217 0.0554024 0.0635814 0.0693457 0.0723453 0.0727548 0.0710328 0.0676979 0.0632151 0.0579548 0.0521862 0.0460963 0.0398287 0.033524 0.0273448 0.0214797 0.0161307 0.0114868 0.0076886 0.00479422
 0.007372 0.0120675 0.0183348 0.0261725 0.035354 0.0452747 0.0549216 0.0631235 0.0689694 0.0720886 0.0726203 0.0709887 0.0676975 0.0632238 0.0579714 0.0522458 0.0462507 0.0401156 0.0339426 0.0278515 0.0220052 0.0166071 0.0118689 0.00796224 0.00496999
 0.00746502 0.012186 0.0184528 0.0262448 0.0353283 0.0451108 0.054609 0.0626878 0.0684664 0.071589 0.0721905 0.0706746 0.0675137 0.0631549 0.0579868 0.0523199 0.0463777 0.0403072 0.0342119 0.0281932 0.0223889 0.0169858 0.0121981 0.00821499 0.00514213
 0.00757104 0.0123587 0.0187106 0.0265979 0.0357681 0.0455975 0.0550675 0.06302 0.068583 0.0714459 0.0718088 0.0701314 0.066911 0.0625844 0.0575071 0.0519541 0.0461259 0.0401624 0.034168 0.0282427 0.0225142 0.0171568 0.0123783 0.0083733 0.00526131
 0.00747726 0.0122317 0.0185669 0.0264703 0.0356978 0.0456206 0.0551999 0.0632483 0.0688625 0.0717092 0.0719841 0.0701674 0.0667969 0.0623536 0.0572222 0.0516816 0.0459148 0.0400371 0.0341322 0.0282869 0.0226207 0.0173012 0.0125329 0.0085132 0.00537066
 0.00746842 0.0122098 0.0185217 0.0263918 0.0355839 0.0454866 0.0550828 0.0631983 0.0689225 0.0718906 0.0722544 0.0704576 0.0670269 0.0624634 0.0571931 0.051539 0.0457128 0.0398354 0.0339766 0.0282005 0.0226045 0.0173403 0.0126044 0.0085933 0.0054415
 0.0075017 0.0122568 0.0185787 0.0264494 0.0356278 0.045501 0.0550557 0.0631282 0.0688245 0.0717964 0.0722028 0.0704755 0.067113 0.0625842 0.057298 0.0515845 0.0456831 0.0397466 0.0338648 0.0281035 0.0225469 0.0173279 0.0126276 0.00863526 0.00548602
 0.00752994 0.0123131 0.0186816 0.02662 0.0358815 0.0458352 0.055441 0.0635105 0.0691398 0.0719929 0.0722588 0.0704049 0.0669546 0.0623824 0.0570835 0.0513669 0.0454571 0.0395073 0.0336195 0.0278721 0.0223527 0.0171867 0.0125412 0.00859353 0.00547324
 0.00748929 0.0122487 0.018589 0.0264995 0.0357416 0.0456963 0.0553346 0.0634715 0.0691918 0.0721346 0.0724608 0.0706208 0.0671416 0.0625163 0.0571623 0.0514014 0.045459 0.0394832 0.0335734 0.0278109 0.0222883 0.0171321 0.0125051 0.00857698 0.00547114
 0.0075331 0.0123151 0.0186799 0.0266124 0.0358703 0.0458311 0.0554645 0.063587 0.0692886 0.072215 0.0725303 0.0706813 0.0671859 0.0625299 0.0571312 0.0513204 0.0453348 0.03933 0.0334075 0.0276468 0.0221386 0.0170069 0.0124106 0.00851393 0.00543468
 0.00743354 0.0121669 0.0184822 0.0263739 0.0356067 0.045562 0.0552103 0.0633683 0.0691255 0.0721257 0.0725285 0.070773 0.0673655 0.0627786 0.0574181 0.0516094 0.045594 0.0395391 0.03356 0.0277477 0.022199 0.0170399 0.0124277 0.00852351 0.00544138
 0.00745296 0.0121941 0.0185154 0.0264094 0.0356411 0.0455942 0.0552426 0.0634041 0.0691653 0.0721644 0.0725565 0.0707824 0.0673555 0.0627564 0.0573947 0.0515921 0.0455819 0.0395252 0.0335364 0.0277108 0.0221515 0.0169889 0.0123811 0.00848674 0.00541627
 0.00746863 0.0122122 0.0185291 0.0264077 0.0356118 0.045529 0.0551416 0.063278 0.0690333 0.0720494 0.0724784 0.0707519 0.0673723 0.0628112 0.0574746 0.0516851 0.0456786 0.0396172 0.0336158 0.0277713 0.0221905 0.0170084 0.0123868 0.00848506 0.00541234
 0.00745701 0.0121978 0.018515 0.0263984 0.0356099 0.0455318 0.0551394 0.0632568 0.0689816 0.0719658 0.0723747 0.07065 0.0672954 0.0627756 0.0574848 0.0517346 0.0457545 0.0397051 0.0337026 0.0278472 0.0222494 0.0170487 0.0124104 0.00849664 0.00541678
 0.00712393 0.0116591 0.0177124 0.0252877 0.0341792 0.0438262 0.0532793 0.0614323 0.0674138 0.0708488 0.0718291 0.0707044 0.0678975 0.063817 0.0588293 0.0532421 0.0472985 0.0411829 0.0350397 0.0289963 0.0231877 0.0177741 0.0129386 0.00885616 0.00564389
 0.00718466 0.0117164 0.017721 0.0251768 0.0338677 0.043248 0.0524109 0.0603085 0.0661283 0.0695409 0.07066 0.0698264 0.067422 0.0637922 0.0592334 0.053996 0.0482879 0.0422842 0.0361405 0.0300082 0.0240526 0.0184637 0.013451 0.00920969 0.00586913
 0.007142 0.011653 0.0176343 0.0250613 0.0337071 0.0430078 0.0520381 0.059746 0.0653426 0.0685514 0.0695526 0.0687428 0.0665263 0.0632284 0.0590902 0.0542881 0.0489584 0.0432236 0.037215 0.0310885 0.0250349 0.019282 0.0140782 0.00965203 0.00615539
 0.00715146 0.0116804 0.0176972 0.0251824 0.033906 0.0432885 0.0523756 0.0600795 0.065581 0.068593 0.0693163 0.068202 0.0657315 0.062305 0.0582068 0.053607 0.0485883 0.0431943 0.0374801 0.0315504 0.0255798 0.0198106 0.0145244 0.00998703 0.00638127
 0.00704559 0.011523 0.017489 0.0249363 0.0336478 0.0430537 0.0522044 0.0600079 0.0656258 0.0687371 0.0695027 0.0683459 0.0657501 0.0621543 0.0579073 0.053243 0.0482784 0.0430452 0.0375465 0.0318198 0.0259856 0.0202633 0.014944 0.0103238 0.0066195
 0.00693791 0.0113555 0.0172515 0.0246268 0.0332751 0.0426405 0.05179 0.0596449 0.0653703 0.0686316 0.0695601 0.0685399 0.066019 0.062418 0.0580963 0.0533272 0.0482814 0.0430335 0.0375966 0.0319807 0.0262579 0.0206041 0.0152915 0.0106245 0.00684525
 0.00676482 0.0110759 0.0168354 0.0240504 0.0325292 0.0417425 0.050794 0.0586425 0.0644758 0.0679566 0.0691877 0.0685077 0.0663111 0.0629693 0.0588076 0.0540918 0.0490158 0.043698 0.0381952 0.0325397 0.0267972 0.0211191 0.0157559 0.0110076 0.00712923
 0.00674525 0.0110429 0.0167826 0.0239688 0.032406 0.0415613 0.0505376 0.0582994 0.0640492 0.0674727 0.0686979 0.0680805 0.0660154 0.0628534 0.0588832 0.0543307 0.0493622 0.044091 0.038591 0.0329197 0.0271597 0.0214632 0.0160714 0.011277 0.00733782
 0.00677292 0.0110826 0.0168321 0.0240221 0.0324539 0.0415922 0.050538 0.0582537 0.0639403 0.067286 0.0684288 0.0677432 0.0656476 0.0625115 0.058627 0.0542034 0.0493759 0.0442265 0.0388098 0.0331818 0.0274345 0.0217307 0.0163166 0.0114866 0.00750203
 0.0067527 0.0110582 0.0168109 0.0240152 0.0324719 0.041639 0.0506063 0.0583251 0.0639902 0.0672904 0.0683699 0.0676128 0.0654499 0.0622663 0.0583701 0.0539806 0.0492301 0.0441831 0.0388693 0.0333233 0.027626 0.0219403 0.016518 0.0116612 0.00763922
 0.00675456 0.0110647 0.0168274 0.0240497 0.0325343 0.0417385 0.050748 0.0585052 0.0641931 0.0674878 0.068525 0.0676892 0.0654223 0.0621286 0.0581389 0.053693 0.048935 0.0439293 0.0386926 0.0332374 0.027623 0.0219971 0.0166064 0.0117561 0.00772282
 0.0066986 0.0109739 0.0166919 0.0238623 0.0322945 0.0414575 0.0504523 0.0582351 0.0639937 0.0673949 0.0685526 0.0678239 0.0656269 0.062354 0.0583401 0.0538427 0.0490307 0.0439901 0.0387477 0.0333126 0.0277295 0.0221295 0.0167479 0.0118874 0.0078298
 0.00671879 0.0110058 0.0167376 0.0239219 0.0323644 0.0415294 0.0505129 0.0582699 0.0639927 0.067359 0.0684952 0.0677652 0.0655843 0.062333 0.0583316 0.0538287 0.0489956 0.0439305 0.038675 0.0332473 0.0276907 0.0221257 0.0167749 0.0119321 0.00787768
 0.00674695 0.0110574 0.0168255 0.0240607 0.0325656 0.0417941 0.0508257 0.0585976 0.064291 0.0675843 0.0686164 0.0677723 0.0654887 0.0621617 0.058116 0.053594 0.0487564 0.0436936 0.0384472 0.0330395 0.0275169 0.0219971 0.0166941 0.011892 0.00786524
 0.00680778 0.0111542 0.0169676 0.0242562 0.0328203 0.04211 0.0511974 0.0590088 0.0647119 0.0679733 0.0689263 0.0679598 0.0655267 0.0620467 0.0578688 0.0532521 0.048362 0.0432842 0.0380513 0.0326783 0.0272067 0.0217492 0.0165127 0.0117724 0.00779543
#obs surv len freq
 nan nan nan nan nan nan nan nan nan nan nan nan nan nan nan nan nan nan nan nan nan nan nan nan nan
 0.00448484 0.00734623 0.0111762 0.0159924 0.0216929 0.0279681 0.0342818 0.0400127 0.0446921 0.0481559 0.0505138 0.0520098 0.0529022 0.0534148 0.0537292 0.0539842 0.0542629 0.0545557 0.0546945 0.0542864 0.0527244 0.0493566 0.0438063 0.0362863 0.0276699
 0.00461061 0.00755374 0.0114938 0.0164473 0.0223044 0.0287371 0.0351808 0.040983 0.0456522 0.0490184 0.0512016 0.0524679 0.0531027 0.0533569 0.0534349 0.0534904 0.0536128 0.0537919 0.0538558 0.0534095 0.051848 0.0485234 0.0430608 0.0356662 0.027196
 0.0047776 0.00782396 0.0118983 0.0170147 0.023056 0.029679 0.0362941 0.0422184 0.0469328 0.0502498 0.0522857 0.0533147 0.053642 0.0535462 0.0532638 0.0529792 0.0528053 0.0527464 0.0526378 0.0520884 0.0504978 0.0472234 0.0418895 0.0346882 0.0264471
 0.00497111 0.00814231 0.0123842 0.0177096 0.0239912 0.0308623 0.0376964 0.0437704 0.048536 0.0517957 0.0536715 0.0544502 0.0544505 0.0539669 0.0532564 0.0525301 0.0519318 0.0514962 0.0510851 0.0503297 0.048648 0.0454092 0.0402365 0.0332991 0.0253796
 0.00516945 0.00846926 0.0128849 0.0184296 0.0249685 0.0321136 0.0392028 0.0454704 0.0503324 0.0535719 0.0553096 0.0558434 0.0555089 0.0546188 0.0534487 0.0522291 0.0511279 0.0502109 0.0493778 0.0483019 0.046441 0.043193 0.0381851 0.0315578 0.0240331
 0.00539873 0.00884184 0.0134456 0.0192208 0.0260233 0.0334442 0.0407881 0.0472505 0.0522147 0.0554467 0.0570645 0.0573729 0.0567185 0.0554278 0.0537911 0.0520559 0.05041 0.0489467 0.0476057 0.0461131 0.0439854 0.0406687 0.0358083 0.0295158 0.0224412
 0.00565201 0.00925603 0.0140733 0.0201119 0.0272148 0.0349449 0.0425628 0.0492165 0.0542554 0.0574358 0.0588868 0.0589326 0.0579384 0.0562427 0.0541444 0.0518978 0.0497013 0.0476682 0.045775 0.0438047 0.0413446 0.0379071 0.0331703 0.0272237 0.0206389
 0.00589811 0.00966219 0.0146958 0.0210072 0.028428 0.0364922 0.0444136 0.0512862 0.056418 0.0595484 0.0608144 0.0605637 0.0591895 0.0570554 0.0544771 0.0517171 0.0489775 0.0463811 0.0439308 0.0414614 0.0386348 0.0350399 0.0304008 0.0247938 0.018713
 0.00614042 0.0100589 0.0152983 0.021866 0.0295841 0.0379628 0.0461763 0.0532718 0.0585175 0.0616313 0.0627484 0.0622291 0.0604879 0.0579137 0.0548464 0.0515662 0.0482856 0.0451365 0.0421418 0.0391794 0.0359799 0.0322093 0.0276444 0.0223564 0.0167676
 0.00639279 0.0104711 0.0159222 0.0227508 0.030767 0.0394535 0.0479422 0.0552336 0.0605607 0.0636288 0.0645801 0.0637923 0.0616989 0.0587072 0.0551734 0.0513925 0.0475898 0.0439094 0.0403951 0.0369637 0.0334075 0.0294647 0.0249645 0.0199775 0.0148606
 0.00661305 0.0108356 0.0164826 0.0235591 0.0318645 0.0408549 0.0496181 0.0571052 0.0625122 0.0655303 0.0663107 0.0652522 0.0628131 0.0594222 0.0554524 0.0512095 0.0469265 0.0427572 0.0387637 0.0348995 0.0310135 0.0269098 0.0224661 0.0177544 0.0130735
 0.00685373 0.0112266 0.0170707 0.0243876 0.0329658 0.0422367 0.0512503 0.0589134 0.0643865 0.067345 0.0679443 0.0666029 0.0638053 0.060008 0.055607 0.0509238 0.0461988 0.0415915 0.0371765 0.0329358 0.0287666 0.0245313 0.020151 0.0156989 0.011422
 0.00709202 0.0116192 0.0176705 0.0252455 0.0341186 0.0436889 0.0529572 0.0607779 0.0662759 0.0691199 0.0694835 0.0678157 0.0646324 0.0604175 0.0555885 0.0504826 0.0453492 0.0403535 0.0355789 0.0310285 0.0266374 0.0223147 0.0180171 0.0138178 0.00991712
 0.00728198 0.0119353 0.0181598 0.0259564 0.0350912 0.0449392 0.0544598 0.0624598 0.0680243 0.0708029 0.0709734 0.0690061 0.0654489 0.0608198 0.0555669 0.0500492 0.0445289 0.0391783 0.0340886 0.0292792 0.0247137 0.0203367 0.016131 0.0121665 0.00860229
 0.00742776 0.0121741 0.018523 0.0264759 0.0357941 0.0458404 0.0555522 0.0637077 0.0693651 0.0721541 0.0722425 0.0701002 0.0662846 0.0613322 0.0557167 0.0498233 0.0439376 0.0382491 0.0328637 0.0278178 0.0230982 0.0186758 0.0145507 0.0107867 0.00750638
 0.00753282 0.0123417 0.0187699 0.0268164 0.0362395 0.0463967 0.0562169 0.0644679 0.0701976 0.0730272 0.0731167 0.0709275 0.0670083 0.0618909 0.0560508 0.0498852 0.0436993 0.0377066 0.0320383 0.026757 0.0218758 0.0173897 0.0133116 0.00969748 0.00663817
 0.00760585 0.0124568 0.0189363 0.0270406 0.0365246 0.0467414 0.0566152 0.0649091 0.0706693 0.0735188 0.0736195 0.0714315 0.0674958 0.0623314 0.0564009 0.0500931 0.0437151 0.0374944 0.0315863 0.0260844 0.0210348 0.0164604 0.0123893 0.00887217 0.00597318
 0.00763599 0.012504 0.019004 0.0271312 0.0366395 0.0468811 0.0567793 0.0650968 0.0708801 0.0737532 0.0738795 0.0717186 0.0678079 0.0626575 0.0567174 0.0503627 0.0438909 0.0375286 0.0314439 0.0257555 0.0205427 0.0158603 0.011757 0.0082845 0.00548807
 0.00774109 0.0126594 0.0192092 0.0273754 0.0369045 0.0471467 0.0570271 0.0653126 0.0710548 0.0738841 0.0739708 0.0717813 0.0678562 0.0627048 0.0567697 0.0504138 0.0439201 0.0375037 0.0313302 0.0255292 0.0202032 0.0154353 0.0112972 0.00784782 0.00512169
 0.00776515 0.0127023 0.01928 0.0274829 0.0370533 0.0473312 0.0572291 0.0655041 0.0712081 0.0739828 0.0740161 0.0717889 0.0678484 0.0627011 0.0567816 0.0504424 0.0439547 0.0375229 0.0313063 0.0254368 0.02003 0.0151905 0.0110104 0.00756025 0.00487087
 0.0078303 0.0127988 0.0194082 0.0276379 0.0372272 0.0475168 0.0574208 0.0656957 0.0713887 0.0741356 0.0741215 0.0718324 0.0678279 0.0626287 0.0566792 0.0503322 0.0438507 0.0374266 0.0312069 0.0253175 0.0198771 0.015002 0.0107995 0.00735061 0.0046872
 0.00784552 0.0128245 0.0194481 0.0276951 0.0373026 0.0476071 0.057518 0.0657892 0.07147 0.0742017 0.0741746 0.0718753 0.0678598 0.0626457 0.0566773 0.050312 0.0438169 0.0373841 0.0311561 0.025253 0.0197917 0.0148927 0.0106721 0.00721901 0.00456795
 0.00787469 0.0128672 0.0195036 0.0277603 0.037373 0.0476789 0.0575889 0.065858 0.0715345 0.074258 0.074218 0.0719029 0.0678711 0.0626424 0.0566615 0.0502848 0.0437794 0.0373373 0.031101 0.0251892 0.0197176 0.0148077 0.0105794 0.00712618 0.00448464
 0.00787203 0.0128624 0.0194957 0.0277478 0.0373543 0.047653 0.0575562 0.0658213 0.0714996 0.0742328 0.0742106 0.0719181 0.0679091 0.062698 0.0567265 0.0503503 0.0438375 0.0373824 0.0311295 0.025199 0.0197083 0.0147806 0.0105386 0.00707849 0.00443786
 0.00787207 0.0128555 0.0194726 0.0276963 0.0372634 0.0475186 0.0573859 0.0656345 0.0713225 0.0740907 0.0741221 0.0718927 0.0679468 0.0627911 0.0568613 0.0505094 0.0440029 0.0375381 0.0312635 0.0253039 0.0197809 0.0148222 0.0105539 0.00707505 0.00442424
 0.0078855 0.0128749 0.0194968 0.0277213 0.0372819 0.0475199 0.0573579 0.0655671 0.0712129 0.0739479 0.0739668 0.0717517 0.0678452 0.0627446 0.0568735 0.0505728 0.0441024 0.0376554 0.0313808 0.0254074 0.0198616 0.0148769 0.0105844 0.00708656 0.00442375
 0.00789429 0.0128873 0.0195119 0.027737 0.0372949 0.0475266 0.0573542 0.0655485 0.0711747 0.0738864 0.0738819 0.07165 0.0677404 0.0626554 0.0568173 0.0505603 0.0441343 0.0377227 0.0314685 0.0254989 0.0199433 0.0149403 0.0106268 0.00711031 0.00443386
 0.00788563 0.0128748 0.019496 0.027719 0.0372763 0.0475084 0.0573362 0.0655295 0.0711529 0.07386 0.0738494 0.0716106 0.0676954 0.0626092 0.0567782 0.0505385 0.0441383 0.0377555 0.0315259 0.0255705 0.0200165 0.0150042 0.0106752 0.00714205 0.00445158
 0.00789883 0.012889 0.0195043 0.027711 0.037242 0.0474431 0.0572444 0.0654246 0.0710521 0.0737783 0.0737945 0.0715828 0.0676896 0.0626187 0.0567977 0.0505663 0.0441758 0.0378053 0.0315884 0.0256423 0.0200906 0.0150721 0.0107303 0.00718153 0.00447641
 0.00784864 0.0128155 0.0194084 0.0275979 0.0371185 0.0473142 0.057112 0.0652893 0.070918 0.0736558 0.0737 0.0715326 0.0676935 0.0626759 0.056898 0.0506946 0.0443178 0.0379504 0.0317299 0.0257756 0.020211 0.0151749 0.0108118 0.00724056 0.00451509
 0.00782331 0.0127653 0.019317 0.0274467 0.0368942 0.0470182 0.0567673 0.0649376 0.0706072 0.0734239 0.0735662 0.0714982 0.0677491 0.0628079 0.057091 0.0509309 0.0445778 0.0382148 0.0319823 0.0260038 0.0204073 0.015335 0.0109346 0.00732809 0.00457244
 0.00781362 0.0127493 0.0192918 0.0274075 0.0368331 0.046924 0.0566277 0.0647452 0.070367 0.0731582 0.0733113 0.0712943 0.0676268 0.0627806 0.0571545 0.0510692 0.0447691 0.0384359 0.0322114 0.0262225 0.0206016 0.0154964 0.0110595 0.00741781 0.00463171
 0.00777691 0.0126916 0.0192086 0.0272966 0.0366948 0.0467619 0.0564489 0.0645588 0.0701816 0.0729807 0.0731482 0.0711555 0.067528 0.06274 0.0571863 0.051177 0.0449436 0.0386576 0.0324561 0.0264662 0.0208243 0.0156845 0.0112065 0.00752384 0.0047019
 0.00774008 0.0126299 0.0191126 0.0271573 0.0365065 0.0465263 0.0561788 0.0642775 0.069918 0.0727609 0.0729891 0.071063 0.0675001 0.0627721 0.0572753 0.0513211 0.0451391 0.0388952 0.0327193 0.0267335 0.0210743 0.0158998 0.0113773 0.00764816 0.00478471
 0.00771025 0.0125788 0.0190311 0.0270352 0.0363348 0.0463015 0.0559062 0.0639737 0.069609 0.0724775 0.0727612 0.0709133 0.0674401 0.0628014 0.0573842 0.0514956 0.0453644 0.0391567 0.0330012 0.027018 0.021342 0.0161335 0.0115653 0.00778688 0.00487811
 0.0076849 0.0125395 0.0189752 0.0269606 0.0362397 0.0461833 0.0557623 0.063803 0.0694143 0.0722685 0.0725542 0.07073 0.0673033 0.0627297 0.0573875 0.0515734 0.0455076 0.0393505 0.0332277 0.0272581 0.0215762 0.0163442 0.0117395 0.00791852 0.0049686
 0.00766336 0.0125036 0.0189198 0.0268808 0.0361325 0.0460497 0.0556084 0.0636393 0.0692524 0.0721173 0.0724191 0.0706144 0.0672125 0.0626723 0.0573744 0.0516137 0.0456046 0.0394993 0.0334162 0.0274685 0.0217888 0.0165404 0.0119051 0.008046 0.00505765
 0.00763956 0.0124665 0.0188668 0.0268104 0.0360441 0.0459437 0.0554868 0.0635065 0.0691158 0.0719861 0.0723026 0.0705202 0.0671452 0.0626345 0.0573684 0.0516429 0.0456727 0.0396076 0.0335606 0.0276383 0.0219684 0.0167124 0.0120546 0.00816373 0.0051415
 0.00760598 0.0124147 0.0187941 0.0267164 0.0359309 0.0458158 0.0553511 0.0633718 0.0689913 0.0718794 0.0722188 0.0704619 0.0671136 0.06263 0.057391 0.0516929 0.0457502 0.0397126 0.0336909 0.0277881 0.0221272 0.0168666 0.0121909 0.00827311 0.00522069
 0.00759689 0.0123984 0.0187669 0.0266742 0.0358702 0.0457359 0.0552555 0.0632678 0.0688883 0.0717863 0.0721416 0.0704037 0.0670751 0.062611 0.0573919 0.0517142 0.0457932 0.0397781 0.0337782 0.0278938 0.0222442 0.0169848 0.0122994 0.00836291 0.00528754
 0.0075736 0.0123628 0.0187173 0.0266103 0.0357929 0.0456466 0.0551565 0.0631629 0.0687834 0.0716892 0.072061 0.0703469 0.0670464 0.0626113 0.0574186 0.0517637 0.0458618 0.039863 0.033877 0.028003 0.0223585 0.0170967 0.0124005 0.00844636 0.00534986
 0.00757258 0.0123608 0.0187136 0.026604 0.0357832 0.0456327 0.0551377 0.0631386 0.0687527 0.0716509 0.0720147 0.0702942 0.0669917 0.0625611 0.0573798 0.0517417 0.0458595 0.039881 0.033914 0.0280563 0.0224233 0.0171667 0.0124683 0.0085053 0.00539575
 0.00756285 0.012347 0.0186967 0.026586 0.0357664 0.045619 0.0551274 0.0631307 0.0687449 0.071641 0.0720009 0.0702753 0.0669674 0.062533 0.0573514 0.051718 0.0458458 0.0398813 0.0339303 0.0280879 0.022467 0.0172172 0.0125194 0.00855108 0.00543225
 0.00754588 0.0123207 0.0186597 0.0265383 0.0357099 0.0455576 0.0550673 0.0630791 0.0687085 0.0716233 0.0720011 0.0702889 0.0669886 0.0625561 0.0573731 0.0517375 0.045865 0.0399034 0.0339584 0.0281236 0.0225096 0.0172636 0.012565 0.00859151 0.00546433
 0.00752388 0.0122864 0.0186109 0.0264741 0.0356312 0.0454676 0.054972 0.0629872 0.06863 0.0715676 0.0719745 0.070293 0.0670199 0.0626077 0.0574363 0.0518046 0.0459306 0.0399655 0.0340172 0.0281802 0.0225646 0.0173159 0.0126125 0.00863151 0.00549514
 0.00751167 0.012263 0.0185692 0.0264061 0.0355301 0.0453322 0.0548096 0.0628138 0.0684667 0.0714348 0.0718873 0.070259 0.0670391 0.0626735 0.0575376 0.051928 0.046063 0.0400961 0.0341391 0.0282897 0.0226601 0.017397 0.0126787 0.00868273 0.00553208
 0.0075049 0.0122552 0.0185629 0.0264044 0.0355346 0.04534 0.0548118 0.0627983 0.0684234 0.0713617 0.0717928 0.0701597 0.0669537 0.0626168 0.0575168 0.0519423 0.0461059 0.0401577 0.0342093 0.0283605 0.022726 0.0174548 0.0127267 0.00872031 0.00555945
 0.00750487 0.012253 0.018556 0.0263898 0.0355104 0.0453072 0.0547753 0.0627642 0.068396 0.0713398 0.0717704 0.0701304 0.066916 0.0625763 0.0574841 0.0519279 0.0461154 0.0401906 0.0342597 0.02842 0.0227867 0.0175104 0.0127735 0.00875666 0.00558553
 0.00748222 0.0122201 0.0185138 0.0263411 0.0354592 0.0452564 0.0547262 0.0627174 0.0683529 0.0713035 0.0717449 0.070118 0.0669154 0.0625841 0.0574975 0.0519471 0.0461432 0.0402302 0.0343115 0.0284806 0.0228501 0.0175701 0.0128245 0.00879636 0.00561373
 0.00748222 0.0122201 0.0185138 0.0263411 0.0354592 0.0452564 0.0547262 0.0627174 0.0683529 0.0713035 0.0717449 0.070118 0.0669154 0.0625841 0.0574975 0.0519471 0.0461432 0.0402302 0.0343115 0.0284806 0.0228501 0.0175701 0.0128245 0.00879636 0.00561373
 0.00710821 0.0116226 0.0176371 0.0251489 0.0339511 0.0434896 0.0528313 0.0608909 0.0668171 0.0702493 0.0712841 0.0702662 0.0676053 0.0636929 0.0588791 0.0534589 0.0476652 0.0416725 0.0356143 0.0296081 0.0237841 0.018307 0.0133739 0.00918001 0.00586233
 0.00708464 0.0115436 0.0174427 0.0247576 0.0332793 0.0424843 0.0515017 0.059323 0.0651634 0.0686998 0.0700295 0.0694619 0.0673415 0.0639797 0.0596495 0.0545904 0.0490101 0.0430875 0.0369808 0.0308405 0.0248304 0.0191442 0.0140032 0.00962146 0.00614918
 0.00706425 0.0115186 0.0174167 0.0247302 0.033234 0.0423766 0.0512566 0.0588533 0.0644081 0.0676645 0.0688079 0.068222 0.0662819 0.0632754 0.0594071 0.0548273 0.0496601 0.0440271 0.0380639 0.0319313 0.0258239 0.0199752 0.014645 0.0100793 0.0064497
 0.00707813 0.011544 0.0174605 0.0248008 0.0333392 0.0425178 0.0514205 0.0590029 0.0644784 0.0675717 0.0684761 0.0676211 0.0654588 0.0623566 0.0585665 0.0542308 0.0494129 0.0441471 0.0384877 0.0325448 0.0265018 0.0206128 0.0151754 0.0104759 0.00671799
 0.00696774 0.0113807 0.0172453 0.0245464 0.0330681 0.042258 0.0512011 0.0588488 0.0644027 0.0675661 0.0685037 0.067621 0.0653674 0.0621397 0.0582473 0.0538927 0.0491719 0.044104 0.0386866 0.0329583 0.0270474 0.0211884 0.0156941 0.010886 0.00700632
 0.00694734 0.0113389 0.0171672 0.0244151 0.0328717 0.0419993 0.0509041 0.0585566 0.0641644 0.0674191 0.0684592 0.0676592 0.0654424 0.0621952 0.0582383 0.0538094 0.0490506 0.0440163 0.0387071 0.033128 0.0273546 0.0215765 0.0160894 0.0112276 0.00726246
 0.00684595 0.0111833 0.0169496 0.0241335 0.0325284 0.0416001 0.0504603 0.0580896 0.0637095 0.0670247 0.0681771 0.0675293 0.0654771 0.0623716 0.0585055 0.054108 0.0493386 0.0442852 0.0389794 0.0334363 0.0277149 0.0219733 0.0164819 0.0115706 0.00752631
 0.00685731 0.0111946 0.0169537 0.0241192 0.0324838 0.0415164 0.0503349 0.0579255 0.0635129 0.0668028 0.0679415 0.0672996 0.0652813 0.0622389 0.0584534 0.054134 0.0494232 0.0444055 0.0391237 0.0336077 0.0279209 0.0222114 0.0167332 0.0118055 0.0077189
 0.00685444 0.0111991 0.0169765 0.0241741 0.0325812 0.0416547 0.0504953 0.0580739 0.0636109 0.0668209 0.067868 0.0671418 0.0650621 0.061991 0.0582127 0.053932 0.0492795 0.0443256 0.0391033 0.03364 0.0279999 0.0223293 0.0168753 0.0119511 0.00784732
 0.00684363 0.0111833 0.0169568 0.0241543 0.032569 0.0416619 0.0505352 0.0581558 0.0637326 0.0669634 0.0679978 0.067222 0.0650662 0.0619131 0.0580688 0.0537533 0.0491015 0.0441783 0.0390054 0.0335982 0.0280115 0.0223847 0.0169598 0.0120467 0.00793681
 0.00688878 0.0112552 0.0170619 0.0242969 0.0327496 0.0418757 0.0507708 0.0583966 0.0639599 0.0671604 0.0681495 0.0673135 0.0650819 0.0618396 0.0579027 0.0535068 0.0488029 0.0438656 0.0387163 0.0333613 0.0278419 0.0222835 0.0169168 0.0120449 0.00795712
 0.00684689 0.0111945 0.0169846 0.0242105 0.0326656 0.0418075 0.050731 0.0583951 0.0640024 0.067247 0.0682742 0.0674638 0.0652393 0.0619817 0.058006 0.0535534 0.048787 0.0437966 0.0386167 0.0332588 0.0277602 0.0222355 0.0169031 0.0120567 0.00798195
 0.00687003 0.0112258 0.0170204 0.0242441 0.0326905 0.0418209 0.0507366 0.0584027 0.0640232 0.0672889 0.068338 0.0675439 0.0653253 0.0620608 0.0580643 0.0535775 0.048767 0.0437306 0.0385135 0.033137 0.0276422 0.0221401 0.0168398 0.0120244 0.00797241
 0.00688789 0.0112584 0.0170751 0.0243287 0.0328089 0.0419688 0.0508991 0.0585565 0.0641457 0.0673666 0.0683715 0.0675442 0.0653064 0.0620323 0.0580281 0.0535292 0.048699 0.0436369 0.0383942 0.0330006 0.027504 0.022017 0.0167441 0.0119604 0.0079364
 0.00687525 0.0112416 0.0170574 0.0243161 0.0328101 0.0419932 0.0509541 0.0586445 0.0642607 0.0674942 0.0684922 0.0676401 0.0653677 0.062059 0.0580272 0.0535079 0.0486607 0.0435812 0.0383199 0.03291 0.0274048 0.0219209 0.0166626 0.0119004 0.00789829
#pred catch len freq
