SBPRF35
7.78865
Curr Bio
534166
B35
672844
F35
0.222677
FOFL
0.189521
OFL
84219.7
Bzero
2.22533e+06
#pred survey bio
 4.5602e+06 4.29945e+06 4.04951e+06 3.76082e+06 3.45178e+06 3.14862e+06 2.81645e+06 2.50057e+06 2.23214e+06 1.97476e+06 1.74776e+06 1.52976e+06 1.35938e+06 1.19216e+06 1.0487e+06 918764 834733 767417 711776 689729 667019 636137 622297 606272 599662 587520 584855 585353 574709 574536 567858 565133 548208 547290 534150 524294 507351 493320 496151 501472 518193 525286 527165 538613 543460 549250 550980 557596 554944 568774 570832 576118 568104 571416 559345 530319 507122 492909 464964 484157 492935 482869 510993 534301 2.02159e+07 1.24389e+07 1.28427e+07 1.34878e+07 1.4238e+07 1.49596e+07 1.55843e+07 1.60903e+07 1.64825e+07 1.67778e+07 1.6996e+07 1.71555e+07 1.72715e+07 1.73557e+07 1.7417e+07 1.74617e+07 1.74946e+07 1.75188e+07 1.75368e+07 1.75503e+07 1.75604e+07 1.7568e+07 1.75738e+07 1.75782e+07 1.75816e+07 1.75841e+07 1.75861e+07 1.75876e+07 1.75888e+07 1.75897e+07 1.75904e+07 1.75909e+07 1.75913e+07 1.75916e+07 1.75919e+07 1.7592e+07 1.75922e+07 1.75923e+07 1.75924e+07 1.75925e+07 1.75925e+07 1.75926e+07 1.75926e+07 1.75926e+07 1.75926e+07 1.75926e+07 1.75927e+07 1.75927e+07 1.75927e+07 1.75927e+07 1.75927e+07 1.75927e+07 1.75927e+07 1.75927e+07 1.75927e+07 1.75927e+07 1.75927e+07 1.75927e+07 1.75927e+07 1.75927e+07 1.75927e+07 1.75927e+07 1.75927e+07 1.75927e+07 1.75927e+07 1.75927e+07 1.75927e+07 1.75927e+07 1.75927e+07 1.75927e+07 1.75927e+07 1.75927e+07 1.75927e+07 1.75927e+07 1.75927e+07 1.75927e+07 1.75927e+07 1.75927e+07 1.75927e+07 1.75927e+07 1.75927e+07 1.75927e+07 1.75927e+07 1.75927e+07 1.75927e+07 1.75927e+07 1.75927e+07 1.75927e+07 1.75927e+07 1.75927e+07 1.75927e+07 1.75927e+07 1.75927e+07 1.75927e+07 1.75927e+07 1.75927e+07 1.75927e+07 1.75927e+07 1.75927e+07 1.75927e+07 0 0 0 0 0 0 0 0 0 0 0 0 0 0 0 0 0 0 0 0 0 0 0 0 0
#obs survey bio
 3.06423e+06 3.33838e+06 3.09893e+06 2.53442e+06 2.89108e+06 2.09139e+06 3.22781e+06 1.65614e+06 1.86643e+06 1.3685e+06 1.55562e+06 1.52843e+06 996618 1.56297e+06 1.0503e+06 759164 763969 497438 584508 671183 722209 796538 595172 541540 545657 384644 665052 556638 418320 389890 493958 607224 833897 679340 475000 493877 623029 416348 604759 478398 719268 623213 366511 339561 675677 541029 508687 552760 630599 637446 551780 352804 522266 707635 676498 558663 663652 405874 426482 519721 447855 516617 353082 433860
#pred catch bio
 97872.9 99647.1 156264 201732 226711 285107 301590 286654 300325 291792 297451 264965 267544 247883 235062 194312 179495 168103 137270 134902 137394 118891 118244 109099 113176 104792 101339 108775 98038 101526 95462 104019 86771.3 93497.7 87084.3 91670.4 91679.2 82141.1 83452.7 75683 84954 89825.1 83002 89973.2 89516.4 93099.8 89399.3 97460.1 84120.8 94427.1 91412.5 102228 92227.4 104373 117033 111186 103825 114819 75560.8 85749 101714 72147 80969.5 68623.6 84219.7 99503.9 101669 105662 110890 116022 120395 123828 126378 128198 129459 130313 130882 131255 131497 131653 131752 131815 131855 131881 131896 131906 131912 131916 131919 131920 131921 131922 131922 131922 131923 131923 131923 131923 131923 131923 131923 131923 131923 131923 131923 131923 131923 131923 131923 131923 131923 131923 131923 131923 131923 131923 131923 131923 131923 131923 131923 131923 131923 131923 131923 131923 131923 131923 131923 131923 131923 131923 131923 131923 131923 131923 131923 131923 131923 131923 131923 131923 131923 131923 131923 131923 131923 131923 131923 131923 131923 131923 131923 131923 131923 131923 131923 131923 131923 131923 131923 131923 131923 131923 0 0 0 0 0 0 0 0 0 0 0 0 0 0 0 0 0 0 0 0 0 0 0 0 0
#obs catch bio
 0 99457.2 156976 203202 228290 289243 306286 291450 306539 298148 304012 269932 274620 251975 239002 196785 181345 172209 139683 136931 139118 119572 118588 109717 114035 106088 102527 109819 98712.4 102710 95903.1 104922 86942.7 93595 87185.8 91736.7 91455.9 82088.9 83666.7 75415.4 84535.1 89630.6 82665.9 90388 89338.7 92846 89340.9 97380.6 83925.4 94431.2 91089.7 102215 91818.8 103506 115885 110077 102435 114611 74794.5 85069.2 101591 71660.2 81146.5 68494.8
#pred cpue bio
 4.49183e+06 4.2341e+06 3.98589e+06 3.69789e+06 3.39024e+06 3.08833e+06 2.75785e+06 2.4438e+06 2.17693e+06 1.92145e+06 1.69655e+06 1.48101e+06 1.31263e+06 1.14809e+06 1.0074e+06 879999 797422 731262 676971 656019 634687 605359 592411 576928 570400 558480 555883 556788 546906 547034 541004 538965 523133 522949 510848 501727 484738 469461 470967 476058 492600 499611 501333 512150 516741 522526 524219 530594 527968 541403 543564 548839 541019 544284 532707 504292 481217 466991 439724 458411 467142 457162 483822 505848 1.91754e+07 1.18159e+07 1.21603e+07 1.27285e+07 1.34532e+07 1.41695e+07 1.47933e+07 1.52991e+07 1.56913e+07 1.59866e+07 1.62049e+07 1.63644e+07 1.64803e+07 1.65645e+07 1.66258e+07 1.66705e+07 1.67034e+07 1.67276e+07 1.67456e+07 1.67591e+07 1.67692e+07 1.67769e+07 1.67826e+07 1.6787e+07 1.67904e+07 1.6793e+07 1.67949e+07 1.67964e+07 1.67976e+07 1.67985e+07 1.67992e+07 1.67997e+07 1.68001e+07 1.68004e+07 1.68007e+07 1.68009e+07 1.6801e+07 1.68011e+07 1.68012e+07 1.68013e+07 1.68013e+07 1.68014e+07 1.68014e+07 1.68014e+07 1.68014e+07 1.68015e+07 1.68015e+07 1.68015e+07 1.68015e+07 1.68015e+07 1.68015e+07 1.68015e+07 1.68015e+07 1.68015e+07 1.68015e+07 1.68015e+07 1.68015e+07 1.68015e+07 1.68015e+07 1.68015e+07 1.68015e+07 1.68015e+07 1.68015e+07 1.68015e+07 1.68015e+07 1.68015e+07 1.68015e+07 1.68015e+07 1.68015e+07 1.68015e+07 1.68015e+07 1.68015e+07 1.68015e+07 1.68015e+07 1.68015e+07 1.68015e+07 1.68015e+07 1.68015e+07 1.68015e+07 1.68015e+07 1.68015e+07 1.68015e+07 1.68015e+07 1.68015e+07 1.68015e+07 1.68015e+07 1.68015e+07 1.68015e+07 1.68015e+07 1.68015e+07 1.68015e+07 1.68015e+07 1.68015e+07 1.68015e+07 1.68015e+07 1.68015e+07 1.68015e+07 1.68015e+07 1.68015e+07 1.68015e+07 0 0 0 0 0 0 0 0 0 0 0 0 0 0 0 0 0 0 0 0 0 0 0 0 0
#obs cpue bio
 3.62737e+06 3.50844e+06 3.74272e+06 3.13704e+06 3.521e+06 2.83662e+06 2.18711e+06 2.38233e+06 2.0751e+06 2.02353e+06 1.95501e+06 1.22276e+06 1.04407e+06 1.2029e+06 884734 897347 866171 417983 657604 677682 648419 529250 769407 436065 567618 461927 404954 719004 640773 577727 787593 447548 370974 566412 475763 607468 528700 436174 343354 674287 484630 370987 744420 468534 645659 618748 439885 675875 406234 519089 652516 859788 679831 701076 551886 531520 506616 410069 641920 495891 436614 447118 517764 634435
#pred surv len freq
 0.00462554 0.00749302 0.0112514 0.0158886 0.021321 0.0273245 0.0334939 0.0393243 0.044388 0.0484692 0.051569 0.0538233 0.0554158 0.0565163 0.057236 0.0576011 0.0575539 0.0569758 0.0557032 0.0535244 0.0501802 0.0454285 0.0392027 0.0317927 0.0238976
 0.00500408 0.00801362 0.0118642 0.0165001 0.0218357 0.0277008 0.0337755 0.0396151 0.0447782 0.0489571 0.0520343 0.0540714 0.0552684 0.055899 0.0562203 0.0563867 0.0564012 0.0561142 0.0552511 0.0534542 0.0503459 0.0456437 0.0393255 0.0317727 0.0237671
 0.00515461 0.00830423 0.0123794 0.0173285 0.0230272 0.0292136 0.0354495 0.041209 0.0460637 0.0498134 0.0524718 0.0541697 0.0550837 0.0554186 0.0553974 0.0552184 0.054984 0.0546329 0.0539082 0.0523847 0.0495726 0.0450954 0.0388995 0.0313969 0.0234231
 0.00534081 0.00859291 0.012793 0.0178925 0.0237804 0.0302138 0.0367566 0.0428419 0.0479482 0.0517607 0.054218 0.0554647 0.0557747 0.0554729 0.0548645 0.0541793 0.0535356 0.052904 0.0520664 0.0506076 0.0479969 0.0437836 0.037848 0.0305716 0.0227912
 0.00559011 0.0089872 0.0133655 0.0186659 0.0247637 0.031399 0.038119 0.0443459 0.0495561 0.0534305 0.055882 0.0570032 0.0570138 0.0562246 0.0549869 0.0536207 0.0523407 0.0511939 0.0500144 0.0484139 0.0458574 0.0418556 0.036228 0.0292949 0.021847
 0.00579573 0.0093264 0.0138852 0.0194131 0.0257763 0.0326908 0.0396646 0.0460756 0.0513682 0.0552159 0.0575459 0.0584705 0.0582147 0.0570731 0.0553741 0.0534361 0.0515138 0.0497336 0.0480238 0.0460765 0.0434012 0.039507 0.0341686 0.0276339 0.020615
 0.00605888 0.00974699 0.014506 0.0202723 0.0269046 0.0341044 0.0413533 0.0479909 0.0534196 0.057278 0.0594769 0.060135 0.0595042 0.0579122 0.0557095 0.0532198 0.0507003 0.0483003 0.0460073 0.0436002 0.0406726 0.0367813 0.0316909 0.0255831 0.0190713
 0.00635631 0.0102205 0.0152004 0.0212239 0.0281369 0.0356204 0.0431258 0.0499575 0.0554871 0.0593347 0.0614041 0.0618155 0.0608292 0.0587894 0.0560693 0.0530148 0.0499007 0.0468955 0.0440228 0.0411255 0.0378805 0.0339153 0.0290161 0.0233191 0.0173388
 0.00658378 0.010593 0.0157663 0.0220309 0.0292237 0.0370039 0.0447858 0.0518307 0.057474 0.0613173 0.0632636 0.0634439 0.0621331 0.0596903 0.056502 0.0529268 0.0492528 0.0456685 0.0422315 0.0388411 0.0352499 0.0311591 0.0263916 0.0210564 0.01558
 0.00680869 0.0109593 0.0163196 0.0228165 0.0302806 0.0383535 0.0464183 0.053694 0.0594745 0.0633309 0.0651539 0.0650807 0.0634091 0.0605288 0.0568553 0.0527666 0.048562 0.0444401 0.0404811 0.0366292 0.0327044 0.028479 0.0238182 0.0188155 0.0138202
 0.0070413 0.0113305 0.0168663 0.0235706 0.0312665 0.0395827 0.04788 0.0553482 0.0612508 0.0651341 0.0668736 0.0666022 0.0646253 0.0613518 0.0572233 0.0526442 0.0479349 0.0433104 0.0388714 0.0345979 0.0303652 0.0260079 0.0214324 0.0167235 0.0121651
 0.00733839 0.0118035 0.0175594 0.0245183 0.0324873 0.0410699 0.0495912 0.0572017 0.0631352 0.0669279 0.0684643 0.0678973 0.0655553 0.0618688 0.0572981 0.0522635 0.0470983 0.0420302 0.0371775 0.0325506 0.0280703 0.0236231 0.0191506 0.0147305 0.0105889
 0.00743255 0.0119816 0.0178743 0.0250352 0.03327 0.0421573 0.0509751 0.0588178 0.0648736 0.0686561 0.0700509 0.06923 0.0665502 0.0624727 0.0574851 0.0520273 0.0464449 0.0409757 0.0357524 0.0308107 0.0261102 0.0215806 0.0171918 0.0130154 0.00922844
 0.00763006 0.0122901 0.0183171 0.0256313 0.0340378 0.0431165 0.052141 0.0601862 0.0664029 0.070257 0.0715931 0.0705669 0.0675521 0.0630533 0.0576097 0.0517038 0.0457069 0.0398681 0.0343272 0.0291335 0.0242716 0.019702 0.0154151 0.0114739 0.00801279
 0.00791496 0.0127312 0.0189394 0.0264427 0.0350274 0.0442555 0.0533825 0.0614692 0.0676626 0.0714358 0.0726431 0.0714423 0.0682004 0.063416 0.0576352 0.0513629 0.0450012 0.0388279 0.0330047 0.0275993 0.0226157 0.0180346 0.013857 0.0101347 0.00696377
 0.00829084 0.0133187 0.0197786 0.0275524 0.0363995 0.0458473 0.0551093 0.0632062 0.0692632 0.0727636 0.073602 0.0719906 0.0683453 0.0631944 0.057092 0.0505372 0.0439239 0.0375298 0.031526 0.0259971 0.0209669 0.0164328 0.0124014 0.00891042 0.00602042
 0.0085565 0.0137319 0.0203658 0.0283263 0.0373577 0.0469708 0.0563581 0.0645152 0.0705449 0.0739193 0.0745371 0.0726306 0.0686473 0.063152 0.0567298 0.049898 0.043055 0.0364746 0.0303262 0.0247005 0.019635 0.0151412 0.0112306 0.00792876 0.00526674
 0.00856734 0.0137878 0.0205202 0.0286504 0.0379211 0.0478103 0.0574524 0.0657808 0.0718578 0.0751484 0.0755715 0.0733918 0.0690897 0.0632601 0.056515 0.0493945 0.0423119 0.0355478 0.0292718 0.0235742 0.0184957 0.0140525 0.010256 0.00711997 0.00465103
 0.00856914 0.0137879 0.0205181 0.0286525 0.0379492 0.0479099 0.0576906 0.0662261 0.0725464 0.0760528 0.0765947 0.0743927 0.0699274 0.0638316 0.0567715 0.049336 0.0419731 0.034982 0.0285409 0.0227426 0.017628 0.0132117 0.00949962 0.00649195 0.00417356
 0.00846001 0.0136086 0.0202454 0.0282656 0.0374373 0.0472842 0.0569976 0.0655544 0.0720183 0.0757981 0.0767117 0.07491 0.070785 0.0648925 0.0578626 0.0502974 0.0426948 0.0354166 0.0286955 0.0226618 0.0173772 0.0128639 0.00912421 0.00614541 0.00389208
 0.00838058 0.0134868 0.020075 0.0280435 0.0371614 0.0469516 0.0566063 0.0651107 0.0715475 0.075353 0.0763717 0.0747647 0.070905 0.0652983 0.0585069 0.0510739 0.0434701 0.0360702 0.0291507 0.0228962 0.0174154 0.0127601 0.00894268 0.00594446 0.00371325
 0.00850476 0.0136606 0.0202845 0.0282583 0.0373427 0.0470653 0.0566323 0.0650438 0.0713914 0.075116 0.0760692 0.0744283 0.0705876 0.0650661 0.0584171 0.0511488 0.0436823 0.0363513 0.0294172 0.0230811 0.0174877 0.0127272 0.00883853 0.00581134 0.00358649
 0.00867893 0.0139071 0.0205868 0.0285747 0.037615 0.0472338 0.0566518 0.0648948 0.0710852 0.0746933 0.0755915 0.0739627 0.0701919 0.0647812 0.0582674 0.0511431 0.0438107 0.0365803 0.0296927 0.0233415 0.0176839 0.0128371 0.0088687 0.00578738 0.00353846
 0.00878217 0.014084 0.0208673 0.0289856 0.0381653 0.0478963 0.0573512 0.0655162 0.0715061 0.0748258 0.0754124 0.0735167 0.069571 0.0640941 0.0576124 0.0505917 0.0434021 0.0363215 0.0295626 0.0232997 0.0176838 0.0128407 0.00885598 0.00575657 0.00349876
 0.00884748 0.0141762 0.0209817 0.0291134 0.0383011 0.0480466 0.0575356 0.0657552 0.0717998 0.0751376 0.0756724 0.0736481 0.0695247 0.0638711 0.0572622 0.0501904 0.0430247 0.0360207 0.0293599 0.0231878 0.0176365 0.0128266 0.0088503 0.00574658 0.00348286
 0.00884263 0.0141889 0.0210376 0.0292457 0.0385384 0.0483962 0.0579722 0.066226 0.0722441 0.0755076 0.0759407 0.0737998 0.069546 0.0637489 0.0569961 0.0498059 0.0425733 0.0355665 0.0289589 0.0228729 0.0174136 0.0126814 0.00876002 0.00569035 0.00344647
 0.00864289 0.0138932 0.0206482 0.0287883 0.0380608 0.0479616 0.0576498 0.0660769 0.0723042 0.0757729 0.0763658 0.0743127 0.0700696 0.0642184 0.057366 0.0500523 0.0426952 0.0355855 0.0289121 0.0228004 0.0173458 0.0126328 0.00873124 0.00567516 0.00343819
 0.00857614 0.0137644 0.0204188 0.0284148 0.0375116 0.0472409 0.0568169 0.0652444 0.0716111 0.0753429 0.0762706 0.0745545 0.0705876 0.0649112 0.058121 0.0507712 0.0433104 0.0360647 0.0292554 0.0230295 0.0174919 0.012725 0.00879022 0.00571304 0.00346157
 0.00862097 0.0138359 0.0205212 0.0285448 0.0376516 0.0473533 0.0568464 0.0651346 0.0713321 0.074918 0.0757795 0.0741087 0.070288 0.0648113 0.058214 0.0510024 0.0436042 0.0363522 0.0294913 0.0231969 0.0175961 0.0127825 0.00881912 0.00572689 0.00346824
 0.00843436 0.0135643 0.0201718 0.0281457 0.0372444 0.0469806 0.0565388 0.0649036 0.0711694 0.0748011 0.0756862 0.0740341 0.0702538 0.0648593 0.058383 0.051304 0.0440123 0.0368115 0.0299389 0.0235836 0.0178968 0.0129957 0.00895855 0.00581171 0.00351653
 0.0083482 0.0134199 0.0199482 0.0278254 0.0368227 0.0464775 0.0560056 0.0644155 0.0708017 0.0746012 0.0756563 0.0741368 0.0704363 0.0650801 0.0586271 0.0515786 0.044329 0.0371683 0.0303137 0.0239415 0.0182049 0.0132351 0.00912699 0.00591963 0.00357979
 0.00816829 0.0131487 0.0195791 0.0273642 0.0362839 0.0458787 0.0553676 0.0637694 0.0701967 0.0741042 0.0753385 0.07405 0.070592 0.0654445 0.0591367 0.0521652 0.0449391 0.0377675 0.0308786 0.0244515 0.0186402 0.0135811 0.00938057 0.00608975 0.00368389
 0.00812546 0.0130772 0.0194686 0.0272055 0.0360723 0.0456185 0.055074 0.0634645 0.069902 0.0738346 0.0751037 0.0738629 0.0704739 0.0654208 0.059224 0.0523605 0.0452199 0.0381005 0.0312302 0.0247928 0.0189481 0.0138388 0.00957906 0.00622932 0.00377291
 0.00797262 0.0128322 0.0191068 0.0267076 0.0354298 0.0448414 0.0542002 0.0625624 0.0690629 0.0731536 0.0746582 0.0736955 0.0705873 0.0657837 0.0597844 0.0530588 0.0459961 0.0388977 0.0319971 0.025487 0.0195396 0.0143118 0.00993195 0.00647322 0.00392782
 0.00801024 0.0128769 0.019143 0.0267086 0.0353624 0.0446746 0.0539139 0.0621549 0.0685538 0.0725841 0.0740884 0.073195 0.0702215 0.065599 0.0597984 0.0532591 0.0463471 0.0393505 0.0324985 0.0259867 0.019996 0.0146959 0.0102299 0.00668545 0.00406602
 0.00863243 0.0137525 0.0202086 0.0278183 0.0363262 0.0453223 0.0541474 0.0619637 0.0679964 0.0717569 0.0731005 0.0721549 0.069229 0.0647382 0.0591299 0.0528141 0.0461251 0.0393235 0.0326191 0.0261991 0.0202463 0.0149398 0.0104379 0.00684367 0.00417409
 0.0094114 0.0149629 0.0219173 0.030028 0.0389503 0.0481626 0.0568902 0.064223 0.0694134 0.072117 0.0724007 0.0705848 0.0670863 0.0623346 0.0567283 0.0506043 0.0442245 0.0377859 0.031448 0.0253607 0.019684 0.0145885 0.0102348 0.00673602 0.00412229
 0.00942298 0.0150873 0.0222985 0.0308607 0.0404249 0.0503765 0.0597663 0.0674818 0.0726199 0.0747851 0.0741158 0.0711052 0.066396 0.0606294 0.0543426 0.0479114 0.041551 0.0353654 0.0294127 0.0237568 0.0184954 0.0137604 0.0096936 0.00640566 0.00393488
 0.00902347 0.0144925 0.0215136 0.0299489 0.0395193 0.0496802 0.05953 0.0679443 0.0739131 0.076842 0.0766411 0.0736438 0.0684751 0.0619069 0.0546952 0.0474356 0.0404926 0.0340207 0.0280436 0.0225438 0.0175288 0.0130569 0.00922284 0.00611549 0.00377033
 0.00894346 0.0143247 0.021194 0.0294024 0.0386891 0.048572 0.0582518 0.0667139 0.073018 0.0765588 0.07714 0.0749134 0.070301 0.0639246 0.0565049 0.0487304 0.041143 0.0340807 0.0276904 0.0219907 0.0169544 0.0125708 0.00886705 0.00588454 0.00363587
 0.00885726 0.014185 0.0209814 0.029092 0.0382464 0.0479548 0.0574236 0.0656722 0.0718308 0.0753865 0.0762194 0.0744936 0.0705494 0.0648469 0.0579246 0.0503444 0.0426295 0.0352076 0.0283724 0.0222788 0.0169761 0.012463 0.00873052 0.00577195 0.00356189
 0.00889003 0.0142334 0.0210447 0.0291641 0.0383147 0.0479979 0.0574086 0.0655552 0.0715645 0.0749402 0.075608 0.0738009 0.0699253 0.064465 0.0579109 0.0507148 0.0432747 0.0359401 0.0290079 0.0227057 0.0171788 0.0124963 0.00867386 0.00569112 0.00349346
 0.00907141 0.0145 0.0213931 0.0295723 0.0387471 0.0484142 0.0577701 0.0658256 0.0717074 0.0749198 0.0753958 0.0733901 0.0693487 0.0638051 0.0572889 0.0502524 0.0430455 0.0359365 0.0291498 0.0228846 0.0173093 0.012545 0.00865395 0.00563703 0.00343637
 0.00887741 0.0142411 0.0211068 0.0293254 0.0386137 0.0484423 0.0579571 0.0661184 0.0720279 0.075196 0.0755815 0.0734658 0.0693138 0.063674 0.0570944 0.0500478 0.0428928 0.0358825 0.0292028 0.0230112 0.0174545 0.0126613 0.00872053 0.00565906 0.00343204
 0.00879041 0.0140942 0.0208793 0.0290042 0.0382073 0.0479962 0.0575571 0.0658703 0.0720139 0.0754327 0.0760064 0.0739643 0.0697681 0.0640043 0.0572745 0.0500986 0.0428642 0.0358321 0.0291763 0.023028 0.0175066 0.0127249 0.00877298 0.00568985 0.00344317
 0.00883506 0.0141454 0.0209158 0.0289912 0.0381036 0.0477687 0.0571978 0.065409 0.0715216 0.0750083 0.0757473 0.0739296 0.0699522 0.06434 0.057664 0.0504547 0.0431388 0.0360208 0.029303 0.0231228 0.0175893 0.0128001 0.00883588 0.00573498 0.00346994
 0.00883014 0.0141528 0.0209536 0.0290811 0.0382591 0.0479798 0.0574215 0.0655773 0.0715662 0.0748935 0.075491 0.0735999 0.0696402 0.0641212 0.0575702 0.0504687 0.0432133 0.0361073 0.0293721 0.0231686 0.0176193 0.0128233 0.00885621 0.00575183 0.0034817
 0.00881023 0.014114 0.0208851 0.0289728 0.038109 0.0478018 0.0572477 0.0654477 0.0715087 0.0749058 0.0755404 0.073643 0.0696507 0.0641058 0.0575609 0.0504995 0.0432984 0.0362351 0.0295159 0.0233025 0.0177286 0.0129051 0.00891403 0.0057908 0.00350635
 0.00884394 0.0141726 0.0209792 0.0291116 0.0382953 0.0480254 0.057483 0.0656591 0.071664 0.0749879 0.0755493 0.0735874 0.0695382 0.0639416 0.0573557 0.0502757 0.0430864 0.0360614 0.0293927 0.0232262 0.0176863 0.0128835 0.00890343 0.00578584 0.00350424
 0.00867342 0.0139136 0.0206244 0.028669 0.0377888 0.0474935 0.0569761 0.0652335 0.0713702 0.074858 0.0755896 0.0737803 0.0698499 0.0643301 0.0577773 0.0506917 0.0434695 0.0363984 0.0296816 0.0234692 0.0178855 0.0130397 0.00901848 0.00586442 0.00355359
 0.00868569 0.0139208 0.0206118 0.028616 0.0376751 0.0473093 0.0567301 0.0649539 0.0710974 0.0746328 0.0754422 0.0737246 0.0698837 0.0644389 0.0579393 0.050883 0.0436682 0.0365876 0.0298509 0.0236143 0.0180056 0.0131354 0.00909092 0.00591562 0.0035869
 0.0086828 0.013915 0.0206003 0.0285933 0.0376317 0.0472315 0.0566022 0.064765 0.0708499 0.0743492 0.0751633 0.0734989 0.0697512 0.0644188 0.0580267 0.0510541 0.0438898 0.0368271 0.0300819 0.0238194 0.018176 0.0132687 0.00918923 0.00598348 0.00363034
 0.008676 0.0139223 0.0206446 0.0287054 0.0378398 0.0475452 0.0569995 0.0651901 0.0712263 0.0746018 0.0752418 0.0733921 0.0694889 0.0640609 0.0576428 0.0507033 0.0436078 0.0366245 0.0299508 0.0237432 0.0181369 0.0132523 0.0091851 0.005985 0.00363361
 0.00857556 0.0137618 0.0204103 0.0283916 0.0374564 0.0471256 0.0566025 0.0648894 0.071086 0.0746492 0.0754535 0.0737044 0.0698249 0.0643595 0.0578757 0.0508741 0.0437387 0.0367391 0.0300637 0.0238566 0.0182449 0.0133468 0.00926041 0.00603965 0.00366971
 0.00874384 0.0140055 0.0207209 0.0287403 0.0378001 0.0474186 0.0568083 0.0649892 0.0710828 0.0745666 0.0753272 0.0735665 0.0696906 0.0642233 0.0577214 0.0506901 0.0435291 0.0365231 0.0298656 0.0236953 0.018128 0.0132711 0.00921653 0.00601693 0.00365928
 0.00905134 0.0144912 0.0214228 0.0296773 0.0389602 0.0487447 0.0581891 0.0662673 0.0720881 0.0751635 0.0754524 0.0732398 0.0689973 0.0632815 0.0566491 0.049585 0.0424623 0.035544 0.0290086 0.0229824 0.0175677 0.0128576 0.00893156 0.00583425 0.00355085
 0.00918533 0.0147193 0.0217851 0.0302174 0.039715 0.0497276 0.0593711 0.067566 0.0733729 0.0762767 0.0762419 0.0735944 0.0688747 0.0627175 0.0557439 0.0484716 0.0412734 0.0343883 0.0279623 0.0220913 0.0168523 0.0123176 0.00855045 0.00558433 0.00339949
 0.00911515 0.0146292 0.0216953 0.0301657 0.0397522 0.0499068 0.0597351 0.0681346 0.0741319 0.0771699 0.0771708 0.0744324 0.0694938 0.0630216 0.0556945 0.0480963 0.0406529 0.0336304 0.0271736 0.0213567 0.0162266 0.0118258 0.0081929 0.0053444 0.0032515
 0.00931178 0.014922 0.022087 0.0306434 0.0402948 0.0504949 0.0603563 0.0687809 0.0747903 0.0778138 0.0777564 0.0749017 0.0697841 0.0630778 0.0554831 0.0476173 0.0399458 0.0327696 0.0262533 0.0204701 0.0154471 0.0111965 0.00772546 0.00502514 0.00305157
 0.00912946 0.0146219 0.0216298 0.0299941 0.0394347 0.0494403 0.0591768 0.0676046 0.0737866 0.0771566 0.0775789 0.0752572 0.0706266 0.0642703 0.0568325 0.0489248 0.0410544 0.0335926 0.0267782 0.0207417 0.0155394 0.0111856 0.00767173 0.00496628 0.00300501
 0.00923834 0.0147689 0.021794 0.0301331 0.0394913 0.0493557 0.0589064 0.0671325 0.0731381 0.0764044 0.0768387 0.0746656 0.0703043 0.0642837 0.0571695 0.0494982 0.0417313 0.0342379 0.0272936 0.0210848 0.0157202 0.0112466 0.00766358 0.00493092 0.00296812
 0.00966627 0.0154183 0.0226827 0.0312405 0.0407559 0.0506771 0.060149 0.068137 0.0737499 0.0765143 0.076419 0.0737848 0.0691135 0.0629778 0.0559373 0.0484751 0.040973 0.033724 0.0269564 0.0208481 0.0155285 0.0110753 0.00751188 0.00480694 0.00287743
 0.00959796 0.0153224 0.0225666 0.031121 0.0406552 0.0506154 0.0601377 0.0681756 0.0738251 0.0766021 0.0764885 0.0738065 0.0690699 0.0628753 0.0558087 0.0483699 0.0409363 0.0337756 0.0270819 0.0210081 0.0156794 0.0111875 0.00757726 0.0048342 0.00288192
 0.00927748 0.014871 0.0220162 0.0305461 0.040153 0.0502733 0.0600056 0.0682568 0.0740844 0.0769812 0.0769206 0.0742269 0.0694262 0.0631351 0.0559657 0.0484437 0.0409643 0.0337983 0.0271269 0.0210811 0.0157672 0.0112699 0.00763906 0.0048712 0.00289877
#obs surv len freq
 nan nan nan nan nan nan nan nan nan nan nan nan nan nan nan nan nan nan nan nan nan nan nan nan nan
 0.00448621 0.00734814 0.0111785 0.0159948 0.0216948 0.0279693 0.0342822 0.0400123 0.0446912 0.0481547 0.0505126 0.0520087 0.0529012 0.0534139 0.0537285 0.0539836 0.0542623 0.0545552 0.054694 0.0542859 0.052724 0.0493562 0.043806 0.036286 0.0276697
 0.0046207 0.00756921 0.0115153 0.0164747 0.0223366 0.0287725 0.0352168 0.0410166 0.0456804 0.0490385 0.0512126 0.0524697 0.0530963 0.0533438 0.0534167 0.0534686 0.0535884 0.0537658 0.0538286 0.053382 0.051821 0.048498 0.0430382 0.0356474 0.0271816
 0.00477373 0.00782113 0.0119004 0.0170273 0.0230845 0.0297263 0.0363583 0.0422928 0.0470078 0.0503159 0.0523361 0.0533459 0.0536535 0.0535398 0.0532426 0.0529466 0.0527644 0.0526998 0.0525876 0.0520366 0.0504465 0.0471748 0.0418461 0.0346522 0.0264196
 0.00497101 0.00814112 0.0123808 0.0177031 0.0239821 0.0308539 0.037695 0.0437838 0.0485699 0.05185 0.0537394 0.0545205 0.0545114 0.0540098 0.0532774 0.05253 0.0519139 0.0514648 0.0510444 0.0502837 0.0486 0.0453627 0.0401945 0.033264 0.0253527
 0.00518152 0.00848781 0.0129107 0.0184624 0.0250067 0.0321545 0.0392429 0.0455068 0.0503643 0.0536013 0.0553403 0.0558781 0.0555464 0.0546535 0.0534724 0.0522349 0.0511124 0.0501745 0.0493243 0.0482367 0.0463702 0.0431224 0.0381205 0.0315034 0.0239913
 0.00539813 0.00884398 0.0134545 0.0192419 0.0260615 0.0335018 0.0408624 0.0473336 0.0522961 0.0555167 0.0571176 0.0574085 0.0567402 0.0554394 0.0537946 0.0520494 0.0503895 0.0489087 0.0475492 0.0460407 0.0439029 0.0405838 0.0357287 0.0294478 0.0223885
 0.00565614 0.00926024 0.0140753 0.0201089 0.0272051 0.0349302 0.0425494 0.0492136 0.054271 0.0574726 0.0589403 0.0589936 0.0579967 0.0562915 0.0541809 0.0519215 0.0497118 0.0476643 0.0457552 0.0437689 0.0412959 0.037851 0.0331138 0.0271733 0.0205988
 0.00589002 0.00965076 0.0146816 0.0209914 0.0284115 0.0364747 0.0443937 0.0512628 0.0563928 0.0595268 0.0608045 0.0605726 0.0592192 0.0571018 0.0545318 0.0517711 0.0490237 0.0464149 0.0439497 0.0414647 0.0386237 0.0350179 0.0303732 0.0247659 0.0186891
 0.00614128 0.0100567 0.0152886 0.021843 0.0295427 0.0379016 0.0460994 0.0531886 0.0584392 0.0615673 0.0627047 0.062209 0.0604929 0.0579442 0.0548996 0.0516359 0.0483631 0.0452125 0.0422086 0.0392323 0.036017 0.0322316 0.027655 0.0223591 0.0167662
 0.00637068 0.0104381 0.0158777 0.0226956 0.030702 0.039379 0.0478575 0.0551386 0.0604586 0.0635274 0.0644915 0.0637289 0.0616703 0.0587173 0.0552209 0.0514715 0.0476913 0.044023 0.0405097 0.0370702 0.0334993 0.0295386 0.02502 0.0200164 0.0148861
 0.00661168 0.0108296 0.016467 0.0235273 0.031811 0.040778 0.0495222 0.0569998 0.0624084 0.0654367 0.0662319 0.0651907 0.0627718 0.0594056 0.0554648 0.0512532 0.0469989 0.0428518 0.0388709 0.0350086 0.031115 0.0269969 0.0225353 0.0178052 0.0131079
 0.00685343 0.0112272 0.0170733 0.0243931 0.0329732 0.0422424 0.0512472 0.0588932 0.0643436 0.0672798 0.0678639 0.0665183 0.0637278 0.0599464 0.0555674 0.05091 0.0462124 0.041631 0.0372368 0.0330087 0.0288427 0.0246018 0.0202099 0.0157436 0.0114528
 0.00702435 0.0115132 0.017519 0.0250457 0.0338739 0.0434112 0.0526674 0.0605041 0.0660467 0.0689568 0.0693962 0.0678024 0.0646845 0.0605235 0.0557369 0.0506626 0.0455517 0.04057 0.0358014 0.0312482 0.0268447 0.0225 0.0181725 0.0139389 0.0100041
 0.00726841 0.0119054 0.0181006 0.0258518 0.0349264 0.0447084 0.0541728 0.0621423 0.0677128 0.0705349 0.0707783 0.0688999 0.0654337 0.0608864 0.0556998 0.0502306 0.0447425 0.0394101 0.0343269 0.0295135 0.024934 0.0205334 0.0162962 0.0122956 0.00869535
 0.00744853 0.0122065 0.0185684 0.0265324 0.0358547 0.0458909 0.0555719 0.063674 0.0692625 0.0719835 0.072024 0.0698683 0.0660766 0.0611778 0.0556308 0.0498071 0.0439818 0.0383393 0.0329846 0.0279548 0.0232381 0.0188074 0.014665 0.010878 0.00757305
 0.00754113 0.0123573 0.0187969 0.0268597 0.036303 0.0464803 0.0563137 0.0645629 0.0702694 0.073053 0.0730794 0.0708233 0.06685 0.0617055 0.0558716 0.0497412 0.0436079 0.0376717 0.032053 0.0268081 0.0219483 0.0174692 0.0133868 0.00976066 0.00668577
 0.00757877 0.0124183 0.0188889 0.0269905 0.0364809 0.0467139 0.0566118 0.0649339 0.0707206 0.0735875 0.0736899 0.071484 0.0675136 0.0623068 0.0563396 0.0500126 0.0436384 0.0374412 0.0315675 0.0261002 0.0210771 0.0165171 0.0124484 0.00892456 0.00601394
 0.00765703 0.0125314 0.019033 0.0271538 0.0366479 0.046872 0.0567572 0.0650731 0.0708682 0.0737624 0.0739102 0.071762 0.0678488 0.0626799 0.0567103 0.0503244 0.0438301 0.0374612 0.0313869 0.0257205 0.0205331 0.0158717 0.0117808 0.00831181 0.00551235
 0.0077247 0.0126405 0.0191946 0.0273748 0.0369263 0.0471923 0.0570878 0.0653719 0.0710964 0.0739005 0.0739664 0.0717679 0.0678447 0.0626989 0.056765 0.0504021 0.0438954 0.0374667 0.0312882 0.0254922 0.020179 0.0154269 0.0113017 0.00785969 0.00513527
 0.00777895 0.012721 0.0193017 0.0275048 0.0370736 0.0473523 0.0572573 0.0655468 0.0712677 0.0740524 0.074081 0.0718333 0.067863 0.0626865 0.0567455 0.0503934 0.0438984 0.0374626 0.0312453 0.0253799 0.0199829 0.0151572 0.0109914 0.00755266 0.00487035
 0.00782396 0.0127928 0.0194067 0.0276466 0.0372512 0.0475572 0.0574732 0.0657516 0.0714402 0.0741789 0.074157 0.0718615 0.0678489 0.0626374 0.0566712 0.0503065 0.0438103 0.0373767 0.0311533 0.0252655 0.0198314 0.0149661 0.0107749 0.00733639 0.00468074
 0.00787768 0.0128719 0.0195105 0.0277698 0.0373856 0.047695 0.0576086 0.0658805 0.0715575 0.0742775 0.0742289 0.0719004 0.0678526 0.0626082 0.0566151 0.0502313 0.043724 0.037285 0.0310574 0.0251611 0.0197118 0.0148285 0.0106247 0.0071874 0.00454906
 0.00787895 0.0128792 0.019531 0.027812 0.0374563 0.0477946 0.057728 0.0660032 0.0716658 0.0743599 0.0742831 0.0719303 0.0678638 0.0626041 0.0565966 0.0501985 0.0436782 0.0372283 0.0309916 0.0250863 0.0196269 0.0147332 0.0105229 0.00708703 0.00445998
 0.00786989 0.0128587 0.0194901 0.027741 0.0373493 0.0476559 0.0575757 0.0658659 0.0715729 0.0743295 0.0743168 0.072016 0.0679832 0.0627393 0.0567334 0.0503261 0.0437885 0.0373159 0.0310532 0.0251207 0.0196348 0.0147174 0.0104887 0.00704262 0.00441446
 0.00788946 0.0128836 0.0195143 0.0277539 0.037337 0.0476057 0.0574805 0.0657284 0.0714081 0.0741634 0.0741801 0.0719351 0.0679712 0.062793 0.0568365 0.0504568 0.0439257 0.0374431 0.0311593 0.0251997 0.0196847 0.01474 0.0104891 0.00702815 0.00439326
 0.007896 0.0128923 0.0195238 0.0277606 0.0373355 0.0475885 0.0574394 0.0656562 0.0713019 0.0740281 0.0740309 0.0717952 0.0678666 0.0627447 0.056853 0.0505322 0.0440426 0.037579 0.031293 0.0253152 0.0197731 0.0147988 0.0105212 0.00703984 0.0043923
 0.00790915 0.0129111 0.019547 0.0277853 0.0373576 0.0476031 0.0574419 0.0656422 0.0712673 0.07397 0.0739492 0.071695 0.0677597 0.0626481 0.0567853 0.0505071 0.0440638 0.0376393 0.0313769 0.0254048 0.0198531 0.0148602 0.0105612 0.00706122 0.0044004
 0.00791137 0.0129136 0.0195487 0.0277843 0.0373515 0.0475898 0.05742 0.0656116 0.0712289 0.0739255 0.0739004 0.0716436 0.0677077 0.0625993 0.0567461 0.0504859 0.0440684 0.0376729 0.0314357 0.0254785 0.0199286 0.0149259 0.0106107 0.00709322 0.00441792
 0.00788139 0.0128666 0.0194814 0.0276953 0.0372417 0.0474634 0.0572851 0.0654799 0.0711137 0.0738388 0.0738495 0.0716307 0.0677294 0.0626489 0.0568159 0.0505697 0.0441629 0.0377764 0.031546 0.0255908 0.0200354 0.0150188 0.0106837 0.00714459 0.00444999
 0.00784697 0.0128073 0.0193862 0.0275531 0.037045 0.0472138 0.0569978 0.0651834 0.0708437 0.0736288 0.0737226 0.0715958 0.0677826 0.0627761 0.0569973 0.0507841 0.0443912 0.0380039 0.0317624 0.0257886 0.0202084 0.0151621 0.0107944 0.00722334 0.00450092
 0.00782621 0.0127708 0.0193262 0.02746 0.0369095 0.0470297 0.0567658 0.0649141 0.0705582 0.0733562 0.0734957 0.071444 0.067725 0.0628175 0.0571278 0.0509833 0.0446334 0.0382638 0.0320187 0.0260252 0.0204145 0.0153315 0.0109248 0.00731631 0.00456179
 0.00781225 0.0127469 0.0192879 0.0274019 0.0368259 0.046916 0.0566199 0.0647377 0.0703578 0.0731436 0.073288 0.0712628 0.0675936 0.0627559 0.0571475 0.0510833 0.0448008 0.0384768 0.032252 0.0262556 0.0206235 0.0155071 0.0110616 0.0074148 0.00462687
 0.00777505 0.0126879 0.0192018 0.0272851 0.0366773 0.0467381 0.0564199 0.0645277 0.0701523 0.0729566 0.073131 0.0711444 0.0675213 0.0627369 0.0571884 0.0511876 0.0449652 0.0386897 0.0324942 0.0265039 0.0208561 0.015707 0.0112197 0.00752968 0.00470323
 0.0077447 0.0126361 0.0191195 0.0271631 0.0365089 0.0465231 0.0561683 0.0642594 0.0698935 0.0727325 0.0729606 0.0710378 0.0674808 0.0627598 0.05727 0.0513227 0.0451479 0.0389114 0.0327418 0.0267595 0.0210998 0.015921 0.0113923 0.00765696 0.00478882
 0.00934471 0.0148752 0.0218207 0.0299378 0.0388695 0.0480633 0.0567056 0.0638631 0.0688031 0.0712375 0.0713103 0.0694063 0.0659711 0.0614234 0.0561257 0.0503709 0.0443799 0.0383138 0.0322979 0.0264487 0.0208975 0.0158007 0.0113282 0.0076274 0.00477776
 0.00932434 0.01514 0.0227442 0.0319835 0.0423893 0.0530244 0.0625176 0.069474 0.0730724 0.0733857 0.0711763 0.0673898 0.0627568 0.057688 0.0523693 0.0468883 0.04131 0.0357034 0.030147 0.0247343 0.0195826 0.0148371 0.010659 0.00719062 0.00451206
 0.00897884 0.0145964 0.0219817 0.0310525 0.0414656 0.0524459 0.062744 0.0709227 0.0758691 0.0771784 0.0751784 0.0706788 0.0646588 0.0580117 0.0513758 0.0450747 0.0391745 0.0336092 0.0282983 0.0232141 0.0184013 0.0139672 0.0100539 0.0067958 0.00427227
 0.00880626 0.0143025 0.0215157 0.0303625 0.0405184 0.0512629 0.061445 0.069754 0.0751818 0.0773306 0.0763765 0.072829 0.067335 0.0605942 0.0533018 0.0460525 0.0392412 0.0330301 0.0274035 0.0222733 0.0175765 0.0133243 0.00959646 0.00649565 0.00409048
 0.00870397 0.0141357 0.0212627 0.0299999 0.0400225 0.0506146 0.060641 0.0688251 0.0742142 0.0764815 0.0758631 0.0728739 0.0680675 0.0619561 0.0550244 0.0477438 0.0405452 0.0337626 0.027588 0.0220756 0.0171991 0.012927 0.00926728 0.0062619 0.00394331
 0.00870878 0.0141332 0.0212392 0.0299355 0.0398937 0.0504003 0.0603277 0.0684093 0.0737047 0.0759056 0.0752791 0.0723815 0.0678004 0.062041 0.0555161 0.0485732 0.0415241 0.034656 0.0282142 0.0223721 0.0172194 0.0127847 0.00907337 0.00608825 0.0038185
 0.00870318 0.0141281 0.0212382 0.029942 0.0399078 0.0504133 0.0603201 0.0683533 0.0735723 0.0756797 0.0749629 0.0720048 0.0674223 0.0617457 0.0553938 0.048685 0.0418648 0.0351423 0.0287141 0.0227632 0.017439 0.0128427 0.00902636 0.00600043 0.00373485
 0.00869604 0.0141165 0.0212211 0.0299194 0.039881 0.050386 0.0602969 0.0683366 0.0735579 0.0756539 0.0749052 0.071897 0.0672607 0.0615509 0.0552118 0.0485751 0.0418756 0.0352855 0.0289533 0.0230277 0.0176575 0.0129746 0.00907216 0.00598838 0.00369895
 0.00867512 0.0140854 0.0211797 0.0298693 0.0398255 0.0503289 0.0602423 0.0682891 0.0735218 0.0756315 0.0748947 0.07189 0.0672445 0.0615148 0.0551562 0.0485167 0.0418442 0.0353095 0.0290429 0.0231656 0.0178069 0.0130979 0.00914863 0.00601929 0.00369966
 0.00865788 0.0140569 0.0211363 0.0298078 0.0397449 0.050232 0.0601369 0.0681873 0.073437 0.0755745 0.0748701 0.071896 0.0672731 0.0615546 0.0551957 0.0485502 0.0418748 0.0353489 0.0291034 0.0232509 0.0179071 0.0131942 0.00922371 0.00606551 0.0037204
 0.00864957 0.0140414 0.0211091 0.0297639 0.0396794 0.0501428 0.0600268 0.0680647 0.0733149 0.0754681 0.0747931 0.0718575 0.0672755 0.0615931 0.0552601 0.0486281 0.0419565 0.0354301 0.0291851 0.0233354 0.0179934 0.0132759 0.00929193 0.00611429 0.00374938
 0.00865536 0.0140509 0.0211236 0.0297836 0.039703 0.0501662 0.0600427 0.0680642 0.0732905 0.0754174 0.074721 0.0717752 0.0671973 0.0615316 0.0552228 0.0486161 0.041966 0.0354552 0.0292207 0.0233783 0.0180405 0.0133234 0.00933471 0.00614787 0.00377188
 0.00863966 0.0140288 0.0210966 0.0297555 0.0396787 0.0501502 0.0600373 0.0680686 0.0733006 0.0754266 0.0747224 0.0717642 0.067174 0.0615011 0.0551936 0.0485966 0.0419614 0.0354665 0.0292455 0.0234123 0.0180792 0.0133624 0.00936996 0.00617627 0.00379201
 0.00863741 0.0140218 0.02108 0.0297236 0.0396273 0.0500797 0.0599552 0.0679882 0.0732369 0.0753902 0.0747157 0.0717817 0.0672055 0.0615365 0.0552268 0.0486264 0.0419902 0.0354979 0.0292814 0.0234524 0.0181211 0.0134026 0.00940526 0.00620435 0.00381206
 0.00860724 0.0139792 0.0210278 0.0296676 0.039574 0.050033 0.0599143 0.0679492 0.0731966 0.0753504 0.0746834 0.0717656 0.0672115 0.0615643 0.0552705 0.0486779 0.0420431 0.0355487 0.0293297 0.0234984 0.0181645 0.0134421 0.00943903 0.00623094 0.00383108
 0.00860724 0.0139792 0.0210278 0.0296676 0.039574 0.050033 0.0599143 0.0679492 0.0731966 0.0753504 0.0746834 0.0717656 0.0672115 0.0615643 0.0552705 0.0486779 0.0420431 0.0355487 0.0293297 0.0234984 0.0181645 0.0134421 0.00943903 0.00623094 0.00383108
 0.00865189 0.014044 0.0211111 0.0297633 0.0396738 0.0501292 0.0600016 0.068024 0.0732541 0.0753831 0.0746835 0.0717288 0.0671405 0.0614695 0.0551656 0.0485756 0.0419518 0.0354723 0.0292693 0.0234539 0.0181348 0.013425 0.00943148 0.00622941 0.00383246
 0.00874435 0.0141965 0.0213431 0.0300909 0.040102 0.0506424 0.0605571 0.0685555 0.0736888 0.0756627 0.0747791 0.0716431 0.0669003 0.0611145 0.0547405 0.0481237 0.04151 0.0350686 0.0289211 0.0231691 0.017914 0.0132633 0.00932037 0.00615834 0.00379047
 0.00870296 0.0141425 0.0212873 0.0300533 0.0401085 0.0507183 0.0607192 0.0688049 0.0740068 0.0760114 0.0751075 0.0719002 0.0670483 0.0611384 0.054649 0.0479428 0.0412743 0.034813 0.0286745 0.022952 0.0177372 0.0131296 0.00922655 0.00609743 0.00375409
 0.00879137 0.0142723 0.0214572 0.0302541 0.0403276 0.0509454 0.0609503 0.0690412 0.0742488 0.0762524 0.07533 0.0720765 0.0671472 0.0611345 0.0545315 0.04772 0.0409719 0.0344671 0.0283234 0.0226279 0.0174623 0.0129141 0.00907026 0.00599282 0.0036897
 0.00904849 0.014688 0.0220754 0.0311063 0.0414168 0.0522271 0.0623193 0.0703416 0.0753124 0.0769476 0.0755969 0.0719293 0.0666522 0.0603797 0.0536043 0.0466978 0.0399211 0.0334453 0.0273801 0.0218021 0.0167795 0.0123835 0.00868486 0.00573276 0.00352769
 0.00915217 0.0148753 0.0223917 0.0316046 0.0421441 0.0532022 0.0635108 0.071659 0.0766161 0.0780778 0.0764081 0.0723233 0.0665966 0.0599104 0.0528083 0.0456864 0.038805 0.0323194 0.0263187 0.0208593 0.0159896 0.0117617 0.00822756 0.00542059 0.0033312
 0.00910604 0.0148086 0.0223089 0.0315205 0.0420877 0.0532173 0.0636523 0.0719793 0.0771438 0.0787948 0.0772397 0.0731499 0.0672848 0.0603505 0.0529426 0.0455188 0.0383904 0.0317419 0.025668 0.0202141 0.0154087 0.011281 0.00786096 0.00516338 0.00316586
 0.00922367 0.0149808 0.0225327 0.031781 0.0423623 0.0534842 0.063898 0.0722036 0.0773595 0.0790233 0.0775003 0.0734442 0.0675861 0.0606038 0.0530809 0.0454876 0.038169 0.0313512 0.0251622 0.0196633 0.0148794 0.0108226 0.00749991 0.00490409 0.00299622
 0.0088918 0.0144644 0.0218005 0.0308246 0.0412036 0.0521835 0.0625604 0.0709738 0.0763989 0.0784731 0.0774474 0.0739025 0.068495 0.0618407 0.0544837 0.0468855 0.0394153 0.0323491 0.0258762 0.0201127 0.0151194 0.010921 0.00751819 0.00488736 0.00297139
 0.00900765 0.0145997 0.0219063 0.0308236 0.0410111 0.0517418 0.0618686 0.0700953 0.0754456 0.0775767 0.0767321 0.0734662 0.0683957 0.0620869 0.0550307 0.0476408 0.0402578 0.0331569 0.0265548 0.0206131 0.0154395 0.0110932 0.0075897 0.00490288 0.0029634
 0.0091136 0.014781 0.0221916 0.0312337 0.0415406 0.0523374 0.0624201 0.0704568 0.0754866 0.0772399 0.0760639 0.0726012 0.0675085 0.0613372 0.0545243 0.0474142 0.0402816 0.0333549 0.0268318 0.0208838 0.0156492 0.0112234 0.00765052 0.00491796 0.00295638
 0.00890687 0.0144693 0.0217704 0.0307203 0.0409764 0.0517843 0.0619512 0.0701375 0.0753486 0.0772625 0.0761801 0.0727322 0.067606 0.061407 0.0546166 0.0475895 0.0405763 0.0337621 0.0273053 0.0213577 0.0160634 0.0115416 0.00786583 0.00504604 0.00302299
 0.00891161 0.0144497 0.0216915 0.0305365 0.0406472 0.0512985 0.0613459 0.0694979 0.0747841 0.0768689 0.0760069 0.0727689 0.0677943 0.0616717 0.0548995 0.0478696 0.0408644 0.0340786 0.0276562 0.0217247 0.0164114 0.0118359 0.00808624 0.00519189 0.00310809
#pred catch len freq
 0.00336853 0.00542782 0.00811389 0.011449 0.0154665 0.0201726 0.0254816 0.0311925 0.0370247 0.0426771 0.0478759 0.0524137 0.0561743 0.0591283 0.0612934 0.0626854 0.0632891 0.0630493 0.0618629 0.0595584 0.0558925 0.0506244 0.0436964 0.0354407 0.026641
 0.0036578 0.00582919 0.00859448 0.0119455 0.0159162 0.0205536 0.0258338 0.0315934 0.0375282 0.0432515 0.048386 0.0526633 0.0559912 0.0584473 0.0601981 0.0613925 0.0620793 0.0621703 0.0614411 0.0595595 0.0561514 0.0509311 0.0438906 0.0354646 0.02653
 0.00380636 0.00609779 0.00904354 0.0126344 0.0168734 0.021742 0.0271346 0.0328363 0.0385601 0.0439998 0.0488646 0.0529149 0.0560145 0.0581754 0.0595488 0.060352 0.0607549 0.0607702 0.0601909 0.0586069 0.0555163 0.0505262 0.0435937 0.0351892 0.0262534
 0.00398666 0.00637779 0.0094457 0.0131843 0.0176105 0.0227237 0.0284204 0.0344452 0.0404203 0.045928 0.0506049 0.0542245 0.0567428 0.0582831 0.0590705 0.0593517 0.0593184 0.0590268 0.0583206 0.0568039 0.0539288 0.0492186 0.0425556 0.0343776 0.0256296
 0.00421243 0.00673221 0.00995591 0.0138684 0.0184776 0.0237755 0.0296537 0.035855 0.0419997 0.0476539 0.0524082 0.0559624 0.058205 0.059243 0.0593568 0.0588965 0.0581634 0.0573011 0.0562129 0.0545336 0.0517101 0.0472217 0.040882 0.0330616 0.0246573
