SBPRF35
9.53299
Curr Bio
617132
B35
757454
F35
0.19217
FOFL
0.163284
OFL
85119.9
Bzero
2.72371e+006
#pred survey bio
 4.35033e+006 4.1348e+006 3.9368e+006 3.68913e+006 3.41866e+006 3.10717e+006 2.80503e+006 2.48811e+006 2.20529e+006 1.9561e+006 1.71901e+006 1.51129e+006 1.3302e+006 1.1769e+006 1.02878e+006 911346 819492 756418 708377 672399 639787 608539 590554 578023 565769 551046 554445 557261 555989 558533 552817 560076 561443 569727 568076 552301 549444 536569 544999 552557 561975 571076 579390 575767 578334 585570 596196 600569 611616 615965 622383 2.28933e+007 1.3569e+007 1.36836e+007 1.43482e+007 1.53566e+007 1.64717e+007 1.75313e+007 1.8452e+007 1.92069e+007 1.98022e+007 2.02593e+007 2.06041e+007 2.08613e+007 2.10518e+007 2.11926e+007 2.12966e+007 2.13736e+007 2.14308e+007 2.14734e+007 2.15054e+007 2.15296e+007 2.15479e+007 2.15618e+007 2.15725e+007 2.15807e+007 2.15871e+007 2.1592e+007 2.15958e+007 2.15988e+007 2.16011e+007 2.16029e+007 2.16044e+007 2.16055e+007 2.16064e+007 2.16071e+007 2.16076e+007 2.16081e+007 2.16084e+007 2.16087e+007 2.16089e+007 2.16091e+007 2.16092e+007 2.16093e+007 2.16094e+007 2.16095e+007 2.16095e+007 2.16096e+007 2.16096e+007 2.16096e+007 2.16097e+007 2.16097e+007 2.16097e+007 2.16097e+007 2.16097e+007 2.16097e+007 2.16097e+007 2.16097e+007 2.16097e+007 2.16097e+007 2.16097e+007 2.16097e+007 2.16097e+007 2.16097e+007 2.16097e+007 2.16097e+007 2.16097e+007 2.16097e+007 2.16097e+007 2.16097e+007 2.16097e+007 2.16097e+007 2.16097e+007 2.16097e+007 2.16097e+007 2.16097e+007 2.16097e+007 2.16097e+007 2.16097e+007 2.16097e+007 2.16097e+007 2.16097e+007 2.16097e+007 2.16097e+007 2.16097e+007 2.16097e+007 2.16097e+007 2.16097e+007 2.16097e+007 2.16097e+007 2.16097e+007 2.16097e+007 2.16097e+007 2.16097e+007 2.16097e+007 2.16097e+007 2.16097e+007 2.16097e+007 2.16097e+007 2.16097e+007 2.16097e+007 0 0 0 0 0 0 0 0 0 0 0 0 0 0 0 0 0 0 0 0 0 0 0 0 0
#obs survey bio
 5.07864e+006 3.1266e+006 4.97128e+006 3.68898e+006 2.28234e+006 1.85574e+006 2.94599e+006 2.08166e+006 2.51304e+006 1.4044e+006 1.61039e+006 1.01608e+006 1.14918e+006 1.26244e+006 970070 682069 665675 726334 410323 620303 525348 476966 421102 413518 625558 426328 427984 525821 434642 529835 504812 501286 553049 587088 573806 535769 529269 603536 582337 550926 400456 702204 796129 701784 608469 810090 621954 702413 932314 496374 501572
#pred catch bio
 105115 96055.3 153641 192947 253432 270298 309422 302415 292652 298819 286036 272241 253441 250399 222599 198472 171340 156135 143743 138556 134518 120922 114931 113359 113572 97331.8 97703.1 100451 96337.4 101758 89195.1 92958.9 85834.5 92040.8 100248 87609 98070.4 83464.1 87093.8 86829.2 87552.2 87866.5 96545.7 89753 85375.1 83050.6 89168.1 84392.6 90893.9 89071.2 66149.4 85119.9 97440.3 96996.2 100338 106774 114233 121323 127387 132239 135945 138683 140655 142047 143016 143682 144135 144442 144648 144786 144878 144938 144979 145005 145023 145035 145042 145047 145051 145053 145054 145055 145056 145056 145056 145057 145057 145057 145057 145057 145057 145057 145057 145057 145057 145057 145057 145057 145057 145057 145057 145057 145057 145057 145057 145057 145057 145057 145057 145057 145057 145057 145057 145057 145057 145057 145057 145057 145057 145057 145057 145057 145057 145057 145057 145057 145057 145057 145057 145057 145057 145057 145057 145057 145057 145057 145057 145057 145057 145057 145057 145057 145057 145057 145057 145057 145057 145057 145057 145057 145057 0 0 0 0 0 0 0 0 0 0 0 0 0 0 0 0 0 0 0 0 0 0 0 0 0
#obs catch bio
 0 95665.9 153979 193463 255598 272559 312903 307309 296082 304435 290693 278654 260550 256023 227399 202393 174624 158469 146300 141050 137095 123110 117002 115957 115782 98922.2 99436.3 102231 97842.4 103750 90372.6 94076.4 86862.4 93092.2 101427 87913.9 98777.9 83466.2 87222.4 86654 87678 87582.4 96275.6 89254.3 84665.2 82457 88631.6 83980.1 90144.3 88955.5 65975.7
#pred cpue bio
 4.28738e+006 4.07536e+006 3.8803e+006 3.63393e+006 3.36419e+006 3.05399e+006 2.75318e+006 2.43794e+006 2.15673e+006 1.90913e+006 1.67381e+006 1.46773e+006 1.28832e+006 1.13699e+006 991393 876056 785970 724320 677494 642408 610745 580511 563123 550966 539161 525059 528473 531363 530339 533040 527859 535336 537003 545418 544472 529794 526724 512934 520170 527479 536914 546054 554502 551359 554102 561194 571452 575568 586254 590460 596931 2.2016e+007 1.30716e+007 1.30758e+007 1.35966e+007 1.45482e+007 1.56484e+007 1.67047e+007 1.76247e+007 1.83795e+007 1.89747e+007 1.94318e+007 1.97766e+007 2.00338e+007 2.02243e+007 2.03651e+007 2.04691e+007 2.05461e+007 2.06033e+007 2.0646e+007 2.0678e+007 2.07021e+007 2.07204e+007 2.07343e+007 2.0745e+007 2.07532e+007 2.07596e+007 2.07645e+007 2.07683e+007 2.07713e+007 2.07736e+007 2.07755e+007 2.07769e+007 2.0778e+007 2.07789e+007 2.07796e+007 2.07802e+007 2.07806e+007 2.07809e+007 2.07812e+007 2.07814e+007 2.07816e+007 2.07817e+007 2.07818e+007 2.07819e+007 2.0782e+007 2.0782e+007 2.07821e+007 2.07821e+007 2.07822e+007 2.07822e+007 2.07822e+007 2.07822e+007 2.07822e+007 2.07822e+007 2.07822e+007 2.07822e+007 2.07822e+007 2.07822e+007 2.07822e+007 2.07822e+007 2.07822e+007 2.07822e+007 2.07823e+007 2.07823e+007 2.07823e+007 2.07823e+007 2.07823e+007 2.07823e+007 2.07823e+007 2.07823e+007 2.07823e+007 2.07823e+007 2.07823e+007 2.07823e+007 2.07823e+007 2.07823e+007 2.07823e+007 2.07823e+007 2.07823e+007 2.07823e+007 2.07823e+007 2.07823e+007 2.07823e+007 2.07823e+007 2.07823e+007 2.07823e+007 2.07823e+007 2.07823e+007 2.07823e+007 2.07823e+007 2.07823e+007 2.07823e+007 2.07823e+007 2.07823e+007 2.07823e+007 2.07823e+007 2.07823e+007 2.07823e+007 2.07823e+007 2.07823e+007 0 0 0 0 0 0 0 0 0 0 0 0 0 0 0 0 0 0 0 0 0 0 0 0 0
#obs cpue bio
 4.66464e+006 4.01758e+006 2.83264e+006 1.81128e+006 2.86491e+006 4.05256e+006 2.65593e+006 1.38645e+006 2.61343e+006 1.4602e+006 1.82282e+006 1.06903e+006 794422 1.34062e+006 768206 960083 672641 743935 723980 539307 554474 515709 581386 417727 498993 451781 504588 469090 528030 408085 504861 661942 354099 539850 558000 655666 544519 555083 495480 687046 572621 636270 472231 560035 765707 396942 614590 421351 654116 495655 591741
#pred surv len freq
 0.00512114 0.00826211 0.012337 0.0172963 0.0230079 0.0291887 0.0353697 0.0409989 0.045644 0.0491364 0.0515558 0.0531102 0.0540249 0.0544872 0.05463 0.0545332 0.0542359 0.0537418 0.0529897 0.0517854 0.0497489 0.0463781 0.0412823 0.0344951 0.0266393
 0.00533412 0.00851529 0.0125508 0.0173517 0.022794 0.028669 0.0346258 0.040212 0.0450169 0.0488007 0.0515213 0.0532835 0.0542769 0.0547243 0.0548319 0.0547464 0.0545318 0.0541622 0.0535069 0.0522994 0.0501271 0.0465186 0.0411642 0.0341846 0.0262509
 0.0056322 0.00898244 0.0132145 0.0182084 0.0237898 0.0296854 0.0354864 0.0407285 0.045068 0.0483997 0.0508199 0.0524977 0.0535835 0.0541977 0.0544548 0.0544685 0.0543223 0.05402 0.0534318 0.0522584 0.0500505 0.0463325 0.0408363 0.0337473 0.0257833
 0.00587266 0.0093787 0.0138206 0.0190766 0.0249575 0.0311515 0.0371835 0.0425063 0.0467053 0.0496529 0.0514964 0.0525252 0.0530355 0.0532559 0.0533272 0.0533147 0.0532259 0.0530054 0.0524934 0.0513765 0.0491965 0.0454804 0.039983 0.0329258 0.0250529
 0.00609178 0.00973149 0.0143466 0.0198143 0.0259417 0.0324069 0.0387114 0.0442684 0.0486094 0.0515461 0.0531746 0.0537667 0.0536592 0.0531814 0.0526045 0.0521003 0.0517184 0.0513789 0.0508623 0.0497968 0.0476892 0.0440587 0.0386724 0.0317694 0.024099
 0.00637906 0.0101846 0.0150031 0.0207015 0.0270746 0.0337848 0.0403123 0.046046 0.0504951 0.0534524 0.0549927 0.0553603 0.0548654 0.0538345 0.0525819 0.0513692 0.0503546 0.0495425 0.048745 0.0475727 0.0454927 0.0419908 0.0368158 0.0301944 0.0228542
 0.00667354 0.0106529 0.0156886 0.0216378 0.0282803 0.0352554 0.0420113 0.0479032 0.0524169 0.05534 0.0567554 0.056915 0.0561246 0.0546946 0.0529253 0.0510901 0.049399 0.0479417 0.0466207 0.0451111 0.0429038 0.0394737 0.0345382 0.0282792 0.0213675
 0.0069819 0.0111488 0.0164249 0.02266 0.0296186 0.0369113 0.0439439 0.0500237 0.0546002 0.0574488 0.0586642 0.0585238 0.0573594 0.0554967 0.0532371 0.0508466 0.0485386 0.0464355 0.0445078 0.0425186 0.0400375 0.0365823 0.0318644 0.0260129 0.0196126
 0.00731184 0.0116667 0.0171707 0.0236613 0.0308893 0.038449 0.0457227 0.0519868 0.0566596 0.0594933 0.0605726 0.0601791 0.0586613 0.0563674 0.0536191 0.0506936 0.0478087 0.0450991 0.0425728 0.0400625 0.0372265 0.0336571 0.0290931 0.0236261 0.0177496
 0.00763219 0.0121753 0.0179133 0.0246719 0.0321839 0.0400171 0.0475182 0.0539274 0.0586395 0.0614038 0.0623173 0.061677 0.059842 0.0571671 0.0539794 0.050563 0.0471439 0.0438702 0.040779 0.0377584 0.0345468 0.0308179 0.0263563 0.021235 0.0158638
 0.00800577 0.0127633 0.0187624 0.0258127 0.0336267 0.0417449 0.0494771 0.0560228 0.0607457 0.0633855 0.0640531 0.0630745 0.0608413 0.0577348 0.0540967 0.0502143 0.0463105 0.0425343 0.0389401 0.0354599 0.0319019 0.0280187 0.0236471 0.018853 0.0139731
 0.00832089 0.0132712 0.019518 0.0268632 0.0350014 0.0434401 0.0514411 0.0581518 0.0628986 0.0654114 0.0658169 0.064472 0.0618036 0.0582258 0.0541069 0.0497494 0.0453805 0.0411485 0.0371145 0.033239 0.0293851 0.0253731 0.0210895 0.0165997 0.0121782
 0.00849911 0.0135757 0.020004 0.0275925 0.0360299 0.0447984 0.053113 0.0600649 0.0649319 0.0674165 0.0676429 0.0659857 0.0629037 0.0588501 0.0542306 0.0493773 0.0445348 0.0398593 0.0354197 0.0311962 0.0270916 0.0229778 0.0187812 0.0145668 0.0105564
 0.00869163 0.0138762 0.0204348 0.0281704 0.03677 0.0457154 0.0542184 0.0613563 0.0663808 0.0689595 0.0691817 0.0673992 0.0640676 0.0596583 0.0546102 0.049293 0.0439849 0.0388673 0.0340295 0.0294747 0.0251379 0.0209297 0.0168047 0.0128241 0.00916398
 0.00899974 0.0143569 0.0211197 0.0290735 0.0378835 0.0470065 0.0556267 0.0627991 0.0677693 0.0702192 0.0702631 0.0682715 0.064704 0.0600248 0.0546665 0.0490022 0.0433257 0.0378417 0.0326667 0.027834 0.0233127 0.0190463 0.0150099 0.0112568 0.00792008
 0.00924985 0.0147534 0.0216974 0.0298568 0.0388807 0.0482016 0.0569705 0.0642079 0.0691366 0.0714383 0.07125 0.0689779 0.0651165 0.0601526 0.0545246 0.0485989 0.0426595 0.0369101 0.0314795 0.0264277 0.0217581 0.0174483 0.0134923 0.00993583 0.00687494
 0.00939962 0.0149973 0.0220653 0.0303767 0.0395739 0.0490736 0.0580015 0.0653477 0.0703094 0.0725543 0.0722205 0.0697288 0.0655982 0.0603451 0.0544342 0.0482477 0.0420731 0.0361097 0.0304853 0.0252697 0.0204892 0.0161485 0.0122595 0.00886374 0.00602742
 0.0095653 0.0152393 0.0223799 0.0307462 0.0399758 0.0494943 0.0584446 0.0658303 0.0708485 0.0731512 0.0728505 0.0703426 0.0661326 0.0607376 0.0546365 0.0482334 0.0418367 0.0356619 0.0298475 0.0244742 0.0195836 0.0151987 0.0113442 0.00805867 0.00538585
 0.00971817 0.0154756 0.0227116 0.0311731 0.0404827 0.0500496 0.059002 0.0663381 0.0712659 0.0734645 0.0730766 0.0705143 0.0662758 0.0608541 0.0547022 0.0482097 0.0416871 0.0353637 0.0293978 0.0238905 0.018903 0.0144751 0.0106416 0.00743781 0.00488951
 0.00973524 0.0155162 0.0227959 0.0313275 0.0407317 0.0504048 0.0594512 0.0668427 0.071769 0.0739072 0.073415 0.0707316 0.0663829 0.0608784 0.0546705 0.0481329 0.0415564 0.0351586 0.0290994 0.0234946 0.0184261 0.013954 0.0101255 0.00697576 0.00451687
 0.00978783 0.015593 0.0228964 0.031448 0.0408702 0.0505659 0.0596476 0.0670894 0.0720718 0.0742522 0.0737665 0.0710416 0.0666082 0.0609961 0.0546817 0.0480556 0.0414111 0.0349572 0.0288437 0.0231832 0.0180656 0.0135645 0.00973932 0.00662824 0.00423516
 0.0099177 0.015787 0.023156 0.0317623 0.0412179 0.0509196 0.0599794 0.0673755 0.0722984 0.0744177 0.0738794 0.0711117 0.0666377 0.0609771 0.0546028 0.0479107 0.0412042 0.0347 0.0285493 0.0228625 0.0177289 0.0132262 0.00941907 0.00634779 0.00401125
 0.0100234 0.0159418 0.0233573 0.0319962 0.0414626 0.0511518 0.0601789 0.0675283 0.0723974 0.074464 0.0738826 0.0710879 0.0666037 0.0609435 0.054569 0.0478661 0.0411343 0.0345935 0.0284024 0.0226792 0.0175192 0.0130045 0.00920286 0.00615476 0.00385492
 0.00997592 0.0158861 0.0233124 0.0319911 0.0415263 0.0512981 0.0603959 0.0677794 0.0726354 0.0746496 0.0739968 0.0711336 0.0665984 0.0609093 0.054524 0.047819 0.0410839 0.0345317 0.0283199 0.0225708 0.0173869 0.0128574 0.0090545 0.00601953 0.00374396
 0.00994954 0.0158416 0.0232439 0.0318958 0.0414094 0.051178 0.0603045 0.0677538 0.0727015 0.0748067 0.0742145 0.0713643 0.0667977 0.0610521 0.0546072 0.0478546 0.0410868 0.0345122 0.0282814 0.0225131 0.0173104 0.0127666 0.00895831 0.00592867 0.00366756
 0.0100753 0.0160198 0.0234632 0.0321285 0.0416181 0.0513283 0.0603764 0.0677477 0.072637 0.0747162 0.0741312 0.07131 0.0667746 0.0610448 0.0545936 0.047818 0.0410226 0.0344256 0.0281816 0.0224077 0.0172044 0.0126638 0.00886323 0.00584631 0.00360197
 0.00999324 0.0159001 0.0233078 0.0319465 0.0414211 0.0511244 0.0601671 0.0675319 0.0724194 0.0745146 0.0739777 0.0712416 0.0668188 0.0612061 0.0548502 0.0481285 0.0413408 0.0347136 0.028417 0.0225828 0.0173219 0.0127323 0.00889448 0.0058528 0.00359526
 0.00991078 0.0157725 0.0231284 0.0317151 0.0411455 0.0508214 0.0598621 0.0672545 0.0721958 0.0743601 0.0738952 0.071228 0.0668729 0.061331 0.0550478 0.0483909 0.0416459 0.0350294 0.0287104 0.0228293 0.0175096 0.0128615 0.00897374 0.00589486 0.00361326
 0.00986935 0.0157077 0.0230357 0.0315918 0.0409914 0.0506392 0.0596589 0.0670431 0.0719937 0.0741872 0.0737687 0.0711585 0.0668635 0.0613794 0.05515 0.0485425 0.0418394 0.0352511 0.0289398 0.0230436 0.0176899 0.0129978 0.00906581 0.00594998 0.00364195
 0.00967712 0.0154262 0.0226695 0.0311652 0.0405418 0.0502052 0.0592721 0.066725 0.0717586 0.0740441 0.0737227 0.0712102 0.0670078 0.0616052 0.055441 0.0488795 0.0422025 0.0356208 0.0292966 0.0233684 0.0179662 0.0132153 0.00922285 0.00605308 0.00370308
 0.00965053 0.01537 0.0225623 0.0309824 0.0402657 0.0498391 0.0588485 0.0663015 0.071399 0.0737954 0.0736019 0.0712071 0.0670985 0.0617656 0.0556526 0.0491292 0.0424789 0.0359112 0.0295863 0.0236413 0.0182071 0.0134127 0.0093715 0.00615516 0.0037665
 0.00959928 0.0152776 0.0224064 0.0307358 0.0399028 0.0493455 0.0582333 0.0656051 0.0706912 0.0731646 0.0731353 0.0709681 0.0671107 0.062009 0.0560756 0.0496666 0.0430693 0.0365048 0.0301466 0.0241422 0.0186313 0.0137509 0.00962333 0.00632863 0.0038761
 0.00948758 0.0151205 0.022214 0.0305299 0.0397063 0.0491681 0.0580623 0.0654097 0.07044 0.0728465 0.072773 0.0706162 0.0668384 0.061877 0.0561156 0.0498739 0.0434084 0.0369243 0.0305936 0.0245724 0.0190128 0.0140648 0.00986281 0.00649713 0.00398472
 0.00914001 0.0146033 0.0215261 0.0297051 0.0388079 0.0482764 0.0572611 0.0647731 0.0700179 0.0726517 0.072781 0.0707804 0.067115 0.0622419 0.0565653 0.0504113 0.044026 0.0375958 0.0312768 0.0252197 0.0195833 0.0145321 0.0102177 0.00674594 0.00414493
 0.00899338 0.014356 0.0211394 0.0291431 0.0380521 0.0473456 0.0562267 0.0637538 0.0691508 0.072051 0.0725048 0.0708222 0.0674186 0.0627299 0.0571661 0.0510749 0.0447236 0.0383083 0.0319824 0.0258888 0.0201824 0.015033 0.0106055 0.00702238 0.0043253
 0.00976234 0.0154338 0.0224412 0.0304786 0.0391745 0.048034 0.0563565 0.0633233 0.0682631 0.0708733 0.0712254 0.0696123 0.0664019 0.0619672 0.05666 0.0507909 0.044615 0.0383324 0.0321043 0.0260768 0.020404 0.0152557 0.0108024 0.00717705 0.00443382
 0.0103561 0.016369 0.0237838 0.032246 0.0413046 0.0503541 0.0585742 0.0650714 0.0692061 0.0708306 0.0702393 0.0679218 0.0643438 0.059865 0.0547494 0.049198 0.0433737 0.0374187 0.0314684 0.0256632 0.0201595 0.0151315 0.010755 0.00717148 0.00444517
 0.0103452 0.0164438 0.0240668 0.0329058 0.0425095 0.0521959 0.0609955 0.0678373 0.071938 0.0730937 0.0716542 0.0682658 0.0636099 0.0582533 0.0525927 0.0468547 0.0411373 0.0354737 0.0298937 0.024462 0.0192921 0.0145395 0.0103754 0.00694449 0.00431966
 0.00995621 0.0158607 0.0232879 0.0319811 0.0415509 0.0513787 0.0605425 0.0679705 0.0727975 0.0746538 0.0736881 0.070394 0.0654185 0.059428 0.0530084 0.0465867 0.0403992 0.034523 0.0289486 0.0236591 0.0186855 0.0141244 0.0101163 0.00679697 0.00424352
 0.00982214 0.0156251 0.0229027 0.0313964 0.0407347 0.0503471 0.0593876 0.0668674 0.0719774 0.0743443 0.0740377 0.071407 0.0669297 0.0611388 0.0545793 0.0477494 0.0410354 0.0346746 0.0287653 0.0233191 0.018332 0.0138382 0.0099213 0.00668227 0.00418489
 0.00969576 0.0154328 0.0226358 0.0310503 0.0403036 0.0498188 0.0587475 0.0661159 0.0711553 0.0735521 0.0734313 0.0711584 0.0671623 0.0618653 0.055677 0.0489929 0.0421773 0.0355331 0.0292755 0.0235262 0.0183419 0.0137599 0.00983074 0.00661458 0.0041459
 0.00954087 0.0151974 0.0223125 0.0306438 0.0398295 0.0492997 0.0582093 0.0655825 0.0706449 0.0730789 0.073016 0.0708453 0.0670253 0.0619886 0.0561126 0.0497178 0.0430821 0.0364562 0.0300649 0.0240941 0.0186814 0.0139228 0.0098878 0.00662412 0.00414194
 0.00940449 0.0149835 0.0220056 0.0302365 0.0393251 0.0487164 0.0575821 0.0649616 0.0700855 0.0726263 0.0726957 0.0706642 0.0669842 0.0620967 0.0563907 0.0501835 0.0437231 0.0372123 0.0308373 0.0247793 0.0192099 0.0142775 0.0100957 0.00673128 0.00419157
 0.00945383 0.0150471 0.0220703 0.0302787 0.0393155 0.048629 0.0574027 0.0646923 0.0697442 0.0722432 0.0723075 0.0703073 0.0666899 0.0618898 0.0562925 0.0502131 0.043892 0.0375123 0.0312307 0.0252037 0.0195981 0.014582 0.0103012 0.00685109 0.00425198
 0.00955392 0.0151863 0.0222357 0.0304418 0.0394384 0.0486744 0.0573441 0.0645194 0.0694644 0.0718803 0.0718985 0.0698967 0.0663214 0.0615998 0.0561059 0.0501438 0.0439445 0.0376801 0.0314926 0.0255219 0.0199242 0.0148703 0.0105229 0.00699971 0.00433914
 0.00960426 0.0152649 0.022347 0.030585 0.0396043 0.0488427 0.0574824 0.0645885 0.0694298 0.071725 0.0716313 0.0695505 0.065944 0.0612416 0.0558101 0.0499412 0.0438513 0.0376984 0.0316101 0.0257127 0.0201519 0.0150958 0.0107147 0.00714164 0.00443088
 0.0096089 0.0152726 0.0223588 0.0306027 0.03963 0.0488782 0.0575278 0.0646394 0.069474 0.0717434 0.0716021 0.0694581 0.0657877 0.0610389 0.0555934 0.0497485 0.0437162 0.0376422 0.0316383 0.0258142 0.0203024 0.0152642 0.0108717 0.0072675 0.00451871
 0.00957247 0.0152289 0.0223215 0.0305933 0.0396713 0.0489841 0.0576953 0.0648475 0.0696907 0.0719345 0.0717385 0.0695186 0.0657604 0.0609238 0.0554049 0.0495155 0.0434769 0.0374352 0.0314923 0.0257415 0.0202975 0.0153077 0.0109386 0.00733541 0.00457365
 0.00954792 0.0151796 0.0222314 0.0304454 0.0394564 0.0487119 0.0574013 0.0645869 0.0695198 0.0718885 0.0718184 0.0696939 0.0659834 0.0611462 0.0555906 0.0496467 0.0435551 0.0374774 0.0315227 0.0257813 0.0203573 0.0153855 0.0110233 0.00741353 0.00463553
 0.00932244 0.0148688 0.0218656 0.0300842 0.0391682 0.0485434 0.0573566 0.0646312 0.0696051 0.0719826 0.0719173 0.0698127 0.0661359 0.0613302 0.0557864 0.0498275 0.0437003 0.0375802 0.0315905 0.0258301 0.0204024 0.0154353 0.0110774 0.00746601 0.00467965
 0.00864157 0.0138733 0.0205766 0.0285999 0.0376442 0.0471552 0.056262 0.063945 0.0693806 0.0722023 0.0724999 0.0706411 0.0670943 0.0623291 0.0567669 0.0507511 0.0445384 0.0383118 0.0322048 0.0263282 0.020795 0.0157374 0.0113034 0.00762829 0.00478961
#obs surv len freq
 nan nan nan nan nan nan nan nan nan nan nan nan nan nan nan nan nan nan nan nan nan nan nan nan nan
 0.00448449 0.0073458 0.0111758 0.0159922 0.0216931 0.0279689 0.0342831 0.0400145 0.0446939 0.0481576 0.0505152 0.0520107 0.0529027 0.0534148 0.0537289 0.0539836 0.054262 0.0545547 0.0546934 0.0542853 0.0527234 0.0493555 0.0438054 0.0362855 0.0276693
 0.0046144 0.00755905 0.0115002 0.016454 0.0223102 0.0287413 0.0351832 0.0409839 0.0456524 0.0490183 0.0512015 0.0524677 0.0531021 0.0533557 0.053433 0.053488 0.0536098 0.0537885 0.0538521 0.0534057 0.0518442 0.0485198 0.0430576 0.0356635 0.0271939
 0.00478527 0.00783677 0.0119182 0.0170433 0.0230942 0.0297257 0.036346 0.0422699 0.0469778 0.0502833 0.0523053 0.0533207 0.053636 0.0535306 0.053241 0.0529511 0.0527733 0.0527116 0.0526012 0.052051 0.050461 0.0471886 0.0418585 0.0346624 0.0264274
 0.00496136 0.0081293 0.0123699 0.0176978 0.0239868 0.0308693 0.0377171 0.0438043 0.0485798 0.0518439 0.0537176 0.0544884 0.054477 0.0539801 0.0532572 0.0525205 0.0519144 0.0514732 0.0510584 0.0503009 0.0486187 0.0453811 0.0402113 0.0332781 0.0253634
 0.00518164 0.00848462 0.0129 0.0184391 0.0249673 0.0321 0.0391808 0.0454487 0.0503211 0.0535779 0.0553338 0.0558807 0.0555508 0.0546567 0.0534761 0.052243 0.0511285 0.0502001 0.0493586 0.0482773 0.0464139 0.0431657 0.0381601 0.0315367 0.0240169
 0.00541707 0.00887271 0.0134936 0.0192897 0.0261136 0.0335512 0.0409002 0.0473515 0.0522901 0.0554892 0.0570768 0.0573643 0.0566994 0.055404 0.0537631 0.0520207 0.0503641 0.0488885 0.0475362 0.0460354 0.043904 0.0405891 0.0357359 0.029455 0.0223945
 0.00565861 0.00926924 0.0140978 0.020154 0.0272809 0.035039 0.0426842 0.0493578 0.0544024 0.0575703 0.0589912 0.0589952 0.0579566 0.0562226 0.0540965 0.0518315 0.0496224 0.0475788 0.0456759 0.0436975 0.0412336 0.0377984 0.033071 0.0271401 0.0205745
 0.00589429 0.00965612 0.0146872 0.0209967 0.0284178 0.036487 0.0444206 0.0513139 0.0564728 0.0596308 0.0609172 0.0606724 0.0592868 0.0571267 0.0545148 0.0517212 0.0489534 0.0463356 0.0438697 0.0413894 0.0385563 0.0349603 0.0303262 0.0247297 0.0186631
 0.00613903 0.010055 0.0152894 0.0218489 0.0295561 0.0379231 0.0461277 0.0532217 0.0584767 0.0616115 0.0627591 0.0622738 0.0605618 0.0580047 0.0549379 0.0516429 0.0483377 0.045161 0.0421412 0.0391591 0.0359461 0.0321683 0.0276023 0.0223182 0.0167367
 0.00639584 0.0104761 0.0159296 0.0227606 0.030778 0.0394634 0.0479471 0.0552291 0.0605445 0.0636025 0.0645507 0.0637698 0.0616934 0.058724 0.0552108 0.0514418 0.0476384 0.0439459 0.0404123 0.0369604 0.0333871 0.0294334 0.0249289 0.0199436 0.0148325
 0.00661502 0.0108385 0.0164864 0.0235635 0.0318695 0.0408601 0.0496233 0.0571094 0.0625137 0.0655271 0.066301 0.0652367 0.0627958 0.0594096 0.055451 0.0512224 0.0469511 0.0427862 0.0387883 0.0349125 0.0310123 0.0268964 0.0224453 0.0177316 0.0130531
 0.006854 0.0112283 0.0170755 0.0243978 0.0329831 0.0422619 0.0512815 0.058947 0.0644175 0.0673688 0.0679575 0.0666039 0.0637946 0.0599883 0.0555833 0.0509019 0.0461832 0.0415833 0.0371729 0.0329317 0.0287577 0.0245159 0.0201307 0.0156772 0.0114024
 0.00707736 0.0115962 0.0176377 0.0252025 0.0340668 0.0436322 0.0529018 0.060732 0.0662468 0.0691117 0.0694959 0.0678438 0.0646695 0.0604572 0.0556265 0.0505173 0.0453815 0.0403846 0.0356092 0.0310565 0.0266606 0.0223308 0.0180257 0.0138202 0.00991572
 0.00728906 0.0119415 0.0181596 0.0259418 0.0350538 0.0448748 0.0543713 0.0623575 0.0679235 0.0707196 0.0709193 0.0689867 0.0654629 0.0608606 0.055625 0.0501151 0.0445958 0.0392418 0.0341468 0.029331 0.0247578 0.020372 0.0161569 0.0121836 0.00861228
 0.00743581 0.0121874 0.018543 0.0265029 0.035826 0.0458712 0.0555719 0.0637048 0.0693315 0.0720901 0.0721581 0.0700124 0.0662108 0.0612845 0.0556989 0.0498319 0.043965 0.0382867 0.0329045 0.027857 0.0231328 0.0187041 0.0145721 0.0108013 0.00751532
 0.00751489 0.0123167 0.0187398 0.0267859 0.0362148 0.0463829 0.0562165 0.0644789 0.0702137 0.0730395 0.0731166 0.070911 0.066978 0.0618556 0.056022 0.049872 0.0437052 0.0377294 0.0320723 0.0267955 0.0219132 0.0174221 0.0133372 0.00971594 0.00665025
 0.00761127 0.0124634 0.0189424 0.0270438 0.0365231 0.0467357 0.056609 0.0649083 0.0706788 0.0735389 0.0736451 0.0714533 0.0675044 0.0623218 0.0563749 0.0500585 0.0436819 0.0374704 0.0315751 0.0260847 0.0210428 0.0164717 0.0124003 0.00888098 0.00597923
 0.00768423 0.012581 0.0191167 0.0272836 0.0368304 0.0471013 0.0570101 0.0653116 0.0710516 0.0738609 0.0739149 0.0716849 0.0677153 0.0625191 0.0565469 0.0501745 0.0436997 0.0373486 0.0312862 0.0256263 0.020443 0.0157873 0.0117058 0.00825014 0.00546601
 0.00774284 0.0126684 0.0192342 0.027428 0.0369966 0.0472849 0.0572085 0.0655225 0.0712694 0.0740757 0.0741144 0.0718597 0.0678632 0.0626446 0.0566545 0.0502604 0.0437459 0.0373255 0.0311623 0.0253823 0.0200833 0.0153438 0.0112316 0.00780371 0.00509379
 0.00778148 0.0127304 0.0193253 0.027552 0.037153 0.0474671 0.0574026 0.0657104 0.0714342 0.0742081 0.0742147 0.0719346 0.0679203 0.0626894 0.0566894 0.050284 0.0437516 0.037299 0.0310836 0.0252329 0.0198567 0.0150532 0.0109091 0.00749055 0.00482634
 0.00782489 0.0127926 0.0194038 0.0276397 0.0372411 0.047549 0.0574767 0.0657787 0.0714999 0.0742718 0.0742742 0.0719872 0.0679651 0.0627275 0.0567228 0.0503128 0.0437718 0.0373016 0.0310554 0.0251601 0.0197312 0.0148793 0.010705 0.00728388 0.00464396
 0.00785391 0.0128358 0.019461 0.0277075 0.0373125 0.0476146 0.0575265 0.0658047 0.0714997 0.0742509 0.074245 0.0719638 0.0679581 0.0627409 0.0567539 0.0503551 0.0438166 0.0373387 0.0310734 0.0251473 0.01968 0.0147898 0.0105876 0.00715657 0.00452624
 0.0078986 0.0129039 0.0195547 0.0278253 0.0374487 0.0477596 0.0576666 0.0659238 0.0715817 0.0742845 0.0742278 0.0719036 0.0678708 0.0626451 0.0566657 0.0502837 0.0437637 0.0372992 0.0310382 0.0251061 0.0196243 0.0147164 0.0105003 0.00706513 0.00444243
 0.00792323 0.0129431 0.019612 0.0279027 0.0375463 0.0478739 0.0577896 0.0660433 0.0716835 0.0743557 0.0742597 0.0718938 0.0678231 0.0625693 0.056575 0.0501919 0.0436813 0.037231 0.0309825 0.0250569 0.0195744 0.0146609 0.010439 0.00700264 0.00438539
 0.00789977 0.0129069 0.0195616 0.0278386 0.0374719 0.0477956 0.0577172 0.0659884 0.0716565 0.0743624 0.074299 0.0719574 0.0678993 0.062646 0.0566438 0.0502492 0.0437277 0.037269 0.0310136 0.0250803 0.0195873 0.0146609 0.0104264 0.0069809 0.00436013
 0.00790782 0.0129087 0.0195436 0.0277826 0.0373605 0.0476221 0.0574922 0.0657407 0.0714251 0.0741848 0.0742005 0.0719471 0.06797 0.0627788 0.0568142 0.0504332 0.0439064 0.0374303 0.0311512 0.0251917 0.0196717 0.0147188 0.0104604 0.00699559 0.00436197
 0.00790805 0.0129116 0.0195517 0.0277977 0.0373801 0.0476362 0.0574829 0.0656877 0.071316 0.0740249 0.0740153 0.0717744 0.0678456 0.0627247 0.0568331 0.0505116 0.0440221 0.0375605 0.0312776 0.0253021 0.0197599 0.0147831 0.0105021 0.00701879 0.00437193
 0.00789849 0.0128924 0.0195166 0.0277397 0.0372947 0.0475249 0.0573551 0.0655576 0.0711967 0.0739224 0.0739286 0.0717013 0.0677904 0.0626989 0.0568505 0.0505799 0.0441374 0.037708 0.0314371 0.0254544 0.0198908 0.0148854 0.0105748 0.00706539 0.00439846
 0.00787067 0.0128469 0.0194475 0.0276413 0.0371626 0.0473582 0.057159 0.0653453 0.0709882 0.073741 0.0737949 0.0716277 0.0677787 0.0627432 0.0569421 0.0507113 0.0443019 0.0378968 0.0316372 0.0256495 0.0200653 0.0150282 0.0106815 0.00713789 0.00444303
 0.00784549 0.0128029 0.0193759 0.0275324 0.0370086 0.0471572 0.0569187 0.0650832 0.0707289 0.0735106 0.0736163 0.0715179 0.0677465 0.0627889 0.0570576 0.0508825 0.0445123 0.03813 0.0318773 0.0258809 0.0202737 0.0152022 0.0108152 0.0072318 0.00450297
 0.00784382 0.0127981 0.0193645 0.0275091 0.0369666 0.0470891 0.0568184 0.0649483 0.0705628 0.0733243 0.0734277 0.0713487 0.0676181 0.0627176 0.0570517 0.0509413 0.0446271 0.0382864 0.032058 0.0260683 0.0204513 0.0153568 0.0109385 0.00732146 0.00456212
 0.0078156 0.012755 0.019305 0.0274332 0.036876 0.0469862 0.056706 0.0648292 0.0704403 0.0732018 0.0733101 0.0712428 0.0675338 0.0626664 0.0570442 0.0509842 0.0447207 0.0384235 0.0322254 0.026249 0.0206278 0.0155142 0.0110667 0.00741662 0.00462622
 0.00780261 0.0127291 0.0192574 0.0273537 0.0367565 0.0468256 0.0565139 0.0646256 0.0702492 0.0730436 0.0731962 0.0711755 0.067509 0.0626791 0.0570913 0.0510651 0.0448352 0.0385692 0.0323952 0.0264309 0.0208069 0.015676 0.0112005 0.00751749 0.0046952
 0.0077492 0.0126487 0.019148 0.0272172 0.0365965 0.046646 0.0563185 0.06442 0.070044 0.0728557 0.073046 0.0710812 0.0674815 0.0627184 0.0571888 0.0512077 0.0450103 0.0387661 0.0326042 0.0266417 0.0210076 0.0158547 0.0113477 0.00762866 0.00477169
 0.00933454 0.0148601 0.0218008 0.0299154 0.0388497 0.0480543 0.0567176 0.0639057 0.0688801 0.0713439 0.0714317 0.0695235 0.0660661 0.0614839 0.0561462 0.050352 0.0443271 0.0382365 0.0322085 0.0263598 0.0208195 0.0157393 0.0112844 0.00759881 0.00476052
 0.00931654 0.0151264 0.022722 0.0319501 0.0423431 0.0529668 0.0624545 0.0694159 0.0730327 0.0733771 0.0712061 0.0674569 0.0628509 0.0577924 0.0524658 0.0469624 0.0413538 0.0357162 0.0301341 0.0247049 0.0195465 0.0148028 0.0106312 0.00717102 0.00449975
 0.00897583 0.0145903 0.0219702 0.0310327 0.0414346 0.0524018 0.0626872 0.0708571 0.0758017 0.0771192 0.0751383 0.0706675 0.0646815 0.0580668 0.0514542 0.0451622 0.0392561 0.0336732 0.0283392 0.0232328 0.0184033 0.0139597 0.0100433 0.00678609 0.0042652
 0.00882747 0.0143348 0.0215599 0.0304175 0.0405808 0.0513265 0.0615015 0.069794 0.0751967 0.0773161 0.0763345 0.0727681 0.067268 0.0605345 0.053259 0.0460297 0.0392348 0.0330319 0.0274049 0.0222687 0.0175647 0.0133076 0.0095788 0.00648031 0.00407915
 0.00875282 0.0142101 0.021365 0.0301285 0.0401718 0.0507749 0.0607992 0.0689651 0.0743191 0.0765372 0.0758621 0.0728167 0.0679637 0.0618216 0.0548783 0.0476036 0.0404229 0.0336627 0.027509 0.0220125 0.0171473 0.0128838 0.00923224 0.00623513 0.0039246
 0.00870312 0.0141299 0.0212452 0.0299601 0.0399463 0.0504851 0.0604405 0.0685375 0.0738303 0.0760109 0.0753509 0.0724125 0.067789 0.0619912 0.0554367 0.0484765 0.0414233 0.0345621 0.028134 0.0223075 0.0171689 0.0127456 0.00904353 0.00606621 0.00380318
 0.00867658 0.0140846 0.0211731 0.0298525 0.0397957 0.0502881 0.0602 0.0682621 0.0735319 0.0757008 0.0750408 0.0721217 0.0675543 0.0618706 0.0554964 0.0487587 0.0419105 0.0351658 0.0287232 0.0227646 0.0174371 0.0128396 0.00902282 0.00599689 0.00373166
 0.00867363 0.0140798 0.0211656 0.0298407 0.0397762 0.0502554 0.0601466 0.0681798 0.0734146 0.0755469 0.0748546 0.0719136 0.0673421 0.0616813 0.0553677 0.0487323 0.0420156 0.0353986 0.029038 0.0230874 0.0176978 0.0130009 0.0090886 0.00599807 0.00370418
 0.00866793 0.0140709 0.0211527 0.0298234 0.0397546 0.0502297 0.0601167 0.0681451 0.0733725 0.0754933 0.0747844 0.0718234 0.0672329 0.0615621 0.0552559 0.0486532 0.0419965 0.0354575 0.0291717 0.0232681 0.0178825 0.0131502 0.00918275 0.00604026 0.00371171
 0.00865237 0.014048 0.0211227 0.0297879 0.0397164 0.0501918 0.0600816 0.0681144 0.073347 0.075472 0.074765 0.0718015 0.0672039 0.0615231 0.055209 0.0486077 0.0419676 0.0354621 0.0292201 0.0233568 0.0179935 0.0132584 0.00926751 0.00609314 0.00373652
 0.00865377 0.0140479 0.0211182 0.0297755 0.0396927 0.050156 0.0600368 0.0680671 0.0733045 0.0754401 0.0747453 0.0717919 0.0671996 0.0615185 0.0552003 0.0485946 0.041955 0.035459 0.029236 0.0233964 0.0180528 0.0133258 0.00932905 0.006139 0.00376424
 0.00864462 0.014036 0.0211059 0.0297659 0.0396888 0.0501584 0.0600423 0.06807 0.0732996 0.0754253 0.0747231 0.0717675 0.0671777 0.0615015 0.0551876 0.0485842 0.0419463 0.0354539 0.0292389 0.0234115 0.018081 0.013363 0.00936775 0.00617191 0.00378734
 0.00863793 0.0140238 0.0210853 0.0297342 0.0396448 0.0501044 0.0599848 0.0680182 0.0732622 0.0754066 0.0747217 0.0717783 0.0671955 0.0615225 0.0552102 0.0486076 0.0419699 0.0354774 0.0292631 0.023438 0.018111 0.0133955 0.00939968 0.00619951 0.00380796
 0.00862844 0.0140107 0.0210696 0.029718 0.0396301 0.0500914 0.059972 0.0680031 0.073243 0.0753849 0.0747014 0.0717642 0.0671902 0.0615259 0.05522 0.0486212 0.0419851 0.0354935 0.0292801 0.0234564 0.0181311 0.013417 0.00942101 0.00621855 0.00382291
 0.00860796 0.01398 0.0210285 0.0296683 0.0395756 0.0500375 0.0599244 0.0679671 0.073222 0.075379 0.0747081 0.0717796 0.0672115 0.0615516 0.0552493 0.0486532 0.0420185 0.0355265 0.0293114 0.0234856 0.0181579 0.0134413 0.00944243 0.00623627 0.00383637
 0.00860796 0.01398 0.0210285 0.0296683 0.0395756 0.0500375 0.0599244 0.0679671 0.073222 0.075379 0.0747081 0.0717796 0.0672115 0.0615516 0.0552493 0.0486532 0.0420185 0.0355265 0.0293114 0.0234856 0.0181579 0.0134413 0.00944243 0.00623627 0.00383637
#pred catch len freq
 0.00474591 0.00746908 0.0108152 0.0146703 0.0189622 0.0236487 0.0286446 0.033776 0.0388094 0.0435128 0.0476963 0.0512275 0.0540401 0.0561326 0.0575523 0.0583729 0.0586776 0.0585357 0.0579478 0.0567578 0.0545904 0.0509217 0.0453396 0.0378903 0.0292631
 0.00495547 0.0077304 0.0110655 0.0148118 0.0189007 0.0233483 0.0281627 0.03325 0.0383938 0.0433055 0.0476986 0.0513599 0.0541982 0.0562477 0.0576235 0.0584607 0.0588619 0.0588613 0.0583832 0.0571932 0.0548821 0.0509612 0.0451081 0.0374648 0.0287716
 0.00527062 0.00821209 0.0117278 0.0156334 0.0198141 0.0242362 0.0288711 0.033629 0.0383606 0.0428945 0.047056 0.0506759 0.0536176 0.05582 0.0573204 0.0582327 0.0586871 0.0587483 0.058338 0.0571824 0.0548299 0.0507863 0.0447743 0.0370065 0.0282751
 0.0055413 0.0086419 0.0123562 0.016491 0.0209175 0.0255751 0.0303888 0.035204 0.0398081 0.0440005 0.0476431 0.0506719 0.0530873 0.054933 0.0562726 0.0571737 0.0576926 0.0578382 0.0575043 0.056403 0.0540713 0.0500154 0.0439819 0.0362236 0.0275639
 0.00581575 0.00906932 0.0129665 0.0173053 0.0219512 0.026841 0.0318906 0.0369195 0.0416677 0.0458698 0.0493244 0.051937 0.0537403 0.0548787 0.0555527 0.0559446 0.0561588 0.0561811 0.055843 0.054795 0.0525363 0.0485644 0.0426388 0.0350323 0.0265757
 0.00614494 0.00957614 0.0136778 0.0182308 0.0230883 0.028181 0.0334201 0.0386169 0.0434957 0.0477665 0.0511914 0.0536298 0.0550733 0.0556571 0.0556272 0.0552662 0.0548004 0.0543111 0.0536669 0.0524999 0.0502656 0.0464239 0.040714 0.033396 0.025279
 0.00651112 0.0101416 0.014474 0.0192697 0.024365 0.0296772 0.0351042 0.040441 0.0453967 0.0496713 0.0530209 0.0552963 0.0564718 0.0566584 0.0560866 0.0550545 0.0538493 0.0526499 0.0514271 0.0498849 0.047505 0.0437346 0.0382778 0.0313454 0.0236858
 0.00687193 0.0107044 0.0152779 0.0203381 0.0257056 0.0312817 0.036943 0.0424564 0.0475029 0.0517627 0.0549858 0.0570289 0.0578775 0.057651 0.0565794 0.0549563 0.0530778 0.0511643 0.049266 0.047186 0.0444932 0.0406809 0.0354458 0.0289409 0.0218216
 0.00726055 0.0113005 0.0161103 0.0214146 0.0270196 0.0328201 0.0386867 0.0443727 0.0495351 0.0538256 0.0569696 0.0588118 0.0593416 0.0586946 0.0571202 0.0549256 0.0524157 0.0498291 0.0472611 0.0445948 0.0414976 0.0375458 0.0324657 0.0263692 0.0198119
 0.00766831 0.0119291 0.0169931 0.0225618 0.028421 0.0344492 0.0405011 0.0463126 0.0515256 0.0557829 0.0588072 0.0604418 0.0606751 0.0596445 0.0576057 0.0548765 0.0517746 0.0485571 0.0453541 0.0421122 0.0385884 0.0344497 0.0294733 0.0237505 0.0177444
 0.00812393 0.0126284 0.0179694 0.0238217 0.0299484 0.0362121 0.0424516 0.0483816 0.0536211 0.0577968 0.0606284 0.0619705 0.061832 0.0603719 0.0578614 0.0546254 0.0509836 0.0471988 0.0434245 0.0396578 0.0357352 0.031411 0.0265207 0.021148 0.0156755
 0.00852497 0.0132531 0.0188592 0.0249989 0.0314153 0.0379499 0.0444145 0.0504923 0.0557727 0.0598651 0.062487 0.0635054 0.0629521 0.0610157 0.0579966 0.0542407 0.050078 0.0457753 0.0414973 0.0372753 0.0330081 0.0285262 0.0237205 0.0186744 0.0137016
 0.00877229 0.0136518 0.0194543 0.0258325 0.0325226 0.0393495 0.0460959 0.0524044 0.0578225 0.0619259 0.064415 0.0651584 0.0642089 0.0617897 0.0582411 0.0539437 0.0492512 0.0444442 0.0396999 0.0350747 0.0305129 0.0259034 0.0211823 0.0164329 0.01191
 0.00907262 0.0141081 0.0200834 0.0266345 0.0334892 0.040475 0.0473802 0.0538443 0.0593953 0.0635754 0.0660475 0.0666522 0.0654342 0.0626315 0.0586167 0.0538101 0.0486022 0.0433029 0.0381134 0.0331171 0.0282955 0.0235816 0.0189433 0.0144597 0.010334
 0.00943973 0.0146683 0.0208583 0.0276199 0.0346584 0.0417855 0.0487782 0.0552687 0.0607849 0.0648768 0.0672174 0.0676511 0.0662159 0.0631392 0.0587887 0.0535932 0.047965 0.0422435 0.0366627 0.0313413 0.0262998 0.0215089 0.0169597 0.0127224 0.00895248
 0.00973773 0.0151287 0.0215067 0.0284649 0.0356921 0.0429842 0.0500998 0.0566497 0.0621433 0.0661242 0.068275 0.0684625 0.0667517 0.0633899 0.0587524 0.0532642 0.0473321 0.0412983 0.0354143 0.0298306 0.0246078 0.0197548 0.0152846 0.011259 0.00779159
 0.00988772 0.0153681 0.0218592 0.0289516 0.0363295 0.0437805 0.0510482 0.057722 0.0632869 0.0672653 0.0693274 0.0693413 0.0673878 0.0637415 0.0588066 0.0530291 0.0468236 0.0405329 0.0344108 0.028622 0.0232544 0.0183486 0.0139383 0.0100807 0.00685601
 0.0100695 0.0156327 0.0222012 0.0293497 0.0367573 0.0442224 0.0515091 0.058224 0.0638537 0.0679037 0.0700153 0.070027 0.0680011 0.0642099 0.0590712 0.0530544 0.0465986 0.0400656 0.0337232 0.0277494 0.0222506 0.0172887 0.0129124 0.0091758 0.00613351
 0.0102315 0.0158787 0.0225385 0.0297713 0.0372426 0.0447392 0.0520185 0.0586881 0.0642479 0.0682259 0.0702854 0.0702727 0.0682372 0.064425 0.0592285 0.0531047 0.0464976 0.0397866 0.0332624 0.027127 0.0215092 0.0164907 0.0121314 0.00848212 0.00557705
 0.0102691 0.0159473 0.0226554 0.0299573 0.0375161 0.0451083 0.0524723 0.0591935 0.0647547 0.06868 0.0706443 0.0705177 0.0683761 0.0644821 0.059227 0.0530517 0.04638 0.0395794 0.0329441 0.0266929 0.0209789 0.0159066 0.0115502 0.00796014 0.00515524
 0.0103477 0.0160624 0.0228061 0.030137 0.037718 0.0453318 0.0527259 0.0594891 0.0650964 0.0690532 0.071013 0.0708342 0.0685976 0.0645863 0.0592166 0.0529464 0.0462015 0.0393398 0.0326444 0.0263313 0.0205624 0.0154582 0.0111066 0.00756156 0.00483246
 0.0104523 0.016217 0.0230098 0.0303784 0.0379784 0.0455906 0.0529661 0.0597013 0.0652802 0.0692159 0.0711644 0.0709772 0.0687221 0.0646707 0.0592371 0.0528882 0.046064 0.0391333 0.0323822 0.0260255 0.0202254 0.0151075 0.0107664 0.00725854 0.0045877
 0.0105559 0.0163673 0.0232027 0.0305985 0.038203 0.0457972 0.0531379 0.0598294 0.0653634 0.0692594 0.0711792 0.0709781 0.0687228 0.0646773 0.0592441 0.0528803 0.0460228 0.0390449 0.0322421 0.0258384 0.020003 0.014867 0.0105284 0.00704398 0.00441279
 0.0105121 0.0163156 0.0231601 0.0305913 0.0382579 0.0459278 0.0533352 0.0600622 0.0655903 0.0694446 0.0713038 0.0710421 0.0687399 0.0646663 0.059221 0.0528524 0.0459875 0.0389927 0.0321626 0.0257261 0.0198606 0.0147051 0.0103631 0.00689222 0.00428765
 0.0105014 0.0162959 0.0231273 0.0305433 0.0381988 0.0458725 0.0533091 0.0600941 0.0656978 0.0696221 0.07152 0.0712528 0.0689062 0.0647685 0.0592611 0.0528454 0.0459505 0.0389368 0.0320911 0.025638 0.0197559 0.0145885 0.0102441 0.00678226 0.00419649
 0.0105509 0.0163607 0.023196 0.0305955 0.038211 0.0458277 0.0532062 0.0599515 0.0655505 0.0695113 0.0714796 0.071296 0.0690203 0.0649204 0.0594118 0.0529654 0.0460267 0.0389701 0.0320891 0.0256086 0.0197056 0.0145236 0.0101723 0.00671249 0.00413653
 0.0104557 0.0162221 0.0230168 0.030387 0.0379878 0.0456002 0.052977 0.0597193 0.0653191 0.0692987 0.071319 0.0712268 0.0690723 0.0650995 0.0596948 0.0533077 0.0463775 0.0392876 0.0323483 0.0258009 0.019834 0.0145976 0.0102049 0.00671782 0.00412753
 0.0103763 0.0161011 0.0228499 0.0301767 0.0377434 0.0453369 0.0527144 0.059478 0.065116 0.069143 0.0712136 0.0711742 0.0690802 0.0651805 0.0598579 0.0535483 0.0466729 0.0396025 0.0326454 0.026052 0.0200249 0.0147278 0.0102832 0.00675778 0.00414309
 0.0103027 0.0159897 0.0226976 0.0299857 0.0375204 0.0450915 0.0524584 0.0592265 0.0648874 0.068957 0.071087 0.0711168 0.069094 0.0652618 0.0600013 0.0537477 0.046919 0.0398786 0.0329275 0.0263133 0.0202438 0.0148932 0.0103953 0.00682522 0.00417859
 0.0101195 0.0157236 0.0223558 0.0295947 0.0371179 0.0447134 0.0521291 0.0589573 0.0646821 0.0688181 0.0710192 0.071126 0.0691838 0.0654301 0.0602393 0.0540409 0.04725 0.0402278 0.033274 0.0266354 0.0205218 0.015114 0.0105553 0.0069303 0.00424064
 0.010013 0.0155522 0.0221023 0.0292479 0.0366782 0.0442007 0.0515868 0.0584472 0.0642679 0.0685461 0.070906 0.0711612 0.0693416 0.0656819 0.06056 0.0544097 0.0476476 0.0406349 0.0336705 0.0270014 0.0208398 0.0153714 0.0107477 0.00706178 0.00432221
 0.00996291 0.0154643 0.0219575 0.0290231 0.0363501 0.0437532 0.0510215 0.0577923 0.0635815 0.0679094 0.070407 0.070871 0.0692947 0.065869 0.0609368 0.0549149 0.0482203 0.0412238 0.034236 0.0275139 0.0212784 0.015724 0.0110119 0.00724459 0.00443803
 0.00979276 0.0152204 0.02165 0.0286794 0.0360032 0.043425 0.0507114 0.05748 0.0632434 0.067539 0.0700278 0.0705358 0.0690703 0.0658126 0.0610759 0.0552386 0.0486853 0.0417703 0.0348032 0.0280515 0.0217504 0.0161097 0.0113045 0.00744972 0.0045699
