SBPRF35
7.78865
Curr Bio
605457
B35
705142
F35
0.21299
FOFL
0.183168
OFL
87713.6
Bzero
2.22533e+006
#pred survey bio
 4.68079e+006 4.44371e+006 4.20089e+006 3.88567e+006 3.56567e+006 3.20612e+006 2.86147e+006 2.53564e+006 2.24137e+006 1.98145e+006 1.75333e+006 1.55139e+006 1.36552e+006 1.20165e+006 1.08574e+006 959376 861571 810335 759734 732493 693265 665225 648493 631210 627170 624482 614714 613326 598053 597347 599334 600679 600439 590335 584982 575974 571622 572651 571898 567438 568634 574854 583580 591053 587552 588883 596415 605866 605388 611201 2.15807e+007 1.25404e+007 1.24324e+007 1.28447e+007 1.35645e+007 1.43713e+007 1.51266e+007 1.57669e+007 1.62773e+007 1.66683e+007 1.69599e+007 1.71739e+007 1.73295e+007 1.7442e+007 1.75233e+007 1.75823e+007 1.76251e+007 1.76564e+007 1.76794e+007 1.76964e+007 1.77091e+007 1.77186e+007 1.77257e+007 1.77311e+007 1.77352e+007 1.77383e+007 1.77406e+007 1.77424e+007 1.77438e+007 1.77449e+007 1.77457e+007 1.77463e+007 1.77468e+007 1.77472e+007 1.77475e+007 1.77477e+007 1.77479e+007 1.7748e+007 1.77481e+007 1.77482e+007 1.77482e+007 1.77483e+007 1.77483e+007 1.77484e+007 1.77484e+007 1.77484e+007 1.77484e+007 1.77484e+007 1.77484e+007 1.77484e+007 1.77484e+007 1.77484e+007 1.77484e+007 1.77484e+007 1.77484e+007 1.77485e+007 1.77485e+007 1.77485e+007 1.77485e+007 1.77485e+007 1.77485e+007 1.77485e+007 1.77485e+007 1.77485e+007 1.77485e+007 1.77485e+007 1.77485e+007 1.77485e+007 1.77485e+007 1.77485e+007 1.77485e+007 1.77485e+007 1.77485e+007 1.77485e+007 1.77485e+007 1.77485e+007 1.77485e+007 1.77485e+007 1.77485e+007 1.77485e+007 1.77485e+007 1.77485e+007 1.77485e+007 1.77485e+007 1.77485e+007 1.77485e+007 1.77485e+007 1.77485e+007 1.77485e+007 1.77485e+007 1.77485e+007 1.77485e+007 1.77485e+007 1.77485e+007 1.77485e+007 1.77485e+007 1.77485e+007 1.77485e+007 1.77485e+007 1.77485e+007 0 0 0 0 0 0 0 0 0 0 0 0 0 0 0 0 0 0 0 0 0 0 0 0 0
#obs survey bio
 2.79695e+006 3.51324e+006 2.91534e+006 3.46489e+006 2.76021e+006 2.43437e+006 2.32089e+006 2.42054e+006 2.3543e+006 1.5393e+006 1.54679e+006 1.02338e+006 1.16828e+006 1.17472e+006 883189 775293 668180 550233 701667 717268 836593 754737 423894 495310 428300 579886 673802 498682 570514 592810 625149 479728 456470 514147 756596 439785 842357 789389 485643 379935 381826 716967 574837 753998 581587 584740 610104 613883 617943 914566
#pred catch bio
 93175.9 97294.8 173181 197668 260397 277368 291066 291423 285993 278921 272281 270117 258724 222032 232824 206548 164608 161247 137685 143187 128826 116496 115784 104057 102407 106989 98381.2 108227 93973.8 90632.1 90726.2 91709.6 98625.3 91502.3 90632.5 85101.2 82943.7 87946.5 93157.8 89334 85564.8 83617.8 84865.2 94193.1 90374.2 85659 84253.3 92120.5 85143.9 81626.2 87713.6 97031.2 94702 96333.3 101035 106691 111998 116411 119822 122330 124111 125341 126174 126729 127094 127333 127487 127586 127650 127690 127716 127732 127742 127749 127753 127755 127757 127758 127759 127759 127759 127760 127760 127760 127760 127760 127760 127760 127760 127760 127760 127760 127760 127760 127760 127760 127760 127760 127760 127760 127760 127760 127760 127760 127760 127760 127760 127760 127760 127760 127760 127760 127760 127760 127760 127760 127760 127760 127760 127760 127760 127760 127760 127760 127760 127760 127760 127760 127760 127760 127760 127760 127760 127760 127760 127760 127760 127760 127760 127760 127760 127760 127760 127760 127760 127760 127760 127760 127760 127760 0 0 0 0 0 0 0 0 0 0 0 0 0 0 0 0 0 0 0 0 0 0 0 0 0
#obs catch bio
 0 97022.8 174458 198685 263635 281351 295731 297447 291883 286023 279966 278233 267408 228490 241642 214002 168531 165815 140116 146170 130274 117023 117643 105672 104355 108617 99505.1 109908 95267.8 91417.5 91571.8 92972.6 100437 93253.2 91747.1 85890.1 83317.4 87927.2 93177.9 89598.6 86018.4 83600.4 84883.2 94097.3 90628.3 86148.1 84466.5 92341 85308.6 81591.2
#pred cpue bio
 4.6003e+006 4.36877e+006 4.1307e+006 3.81801e+006 3.49964e+006 3.14232e+006 2.79985e+006 2.4761e+006 2.18375e+006 1.92561e+006 1.69922e+006 1.49923e+006 1.31557e+006 1.15397e+006 1.03968e+006 915878 820545 770879 722201 696426 659196 632603 616422 599420 595445 593073 583954 582911 568392 568046 570229 571543 571334 561860 557572 549839 545345 544975 543242 538693 539929 546174 554870 562199 558685 559767 567099 576519 576303 582546 2.06251e+007 1.20009e+007 1.1788e+007 1.20669e+007 1.27362e+007 1.35302e+007 1.42828e+007 1.49227e+007 1.5433e+007 1.58239e+007 1.61156e+007 1.63296e+007 1.64851e+007 1.65977e+007 1.6679e+007 1.67379e+007 1.67808e+007 1.68121e+007 1.68351e+007 1.68521e+007 1.68648e+007 1.68742e+007 1.68814e+007 1.68868e+007 1.68908e+007 1.68939e+007 1.68963e+007 1.68981e+007 1.68995e+007 1.69006e+007 1.69014e+007 1.6902e+007 1.69025e+007 1.69029e+007 1.69031e+007 1.69034e+007 1.69035e+007 1.69037e+007 1.69038e+007 1.69039e+007 1.69039e+007 1.6904e+007 1.6904e+007 1.6904e+007 1.6904e+007 1.69041e+007 1.69041e+007 1.69041e+007 1.69041e+007 1.69041e+007 1.69041e+007 1.69041e+007 1.69041e+007 1.69041e+007 1.69041e+007 1.69041e+007 1.69041e+007 1.69041e+007 1.69041e+007 1.69041e+007 1.69041e+007 1.69041e+007 1.69041e+007 1.69041e+007 1.69041e+007 1.69041e+007 1.69041e+007 1.69041e+007 1.69041e+007 1.69041e+007 1.69041e+007 1.69041e+007 1.69041e+007 1.69041e+007 1.69041e+007 1.69041e+007 1.69041e+007 1.69041e+007 1.69041e+007 1.69041e+007 1.69041e+007 1.69041e+007 1.69041e+007 1.69041e+007 1.69041e+007 1.69041e+007 1.69041e+007 1.69041e+007 1.69041e+007 1.69041e+007 1.69041e+007 1.69041e+007 1.69041e+007 1.69041e+007 1.69041e+007 1.69041e+007 1.69041e+007 1.69041e+007 1.69041e+007 1.69041e+007 0 0 0 0 0 0 0 0 0 0 0 0 0 0 0 0 0 0 0 0 0 0 0 0 0
#obs cpue bio
 3.5148e+006 3.89193e+006 3.18243e+006 2.79249e+006 2.85601e+006 2.76331e+006 3.17333e+006 1.4381e+006 1.90911e+006 1.35659e+006 1.26938e+006 1.70832e+006 943084 781927 749078 713675 944578 727059 802309 568839 707486 704414 387069 506681 511711 791930 447146 602371 392437 730546 449581 397940 518037 375488 653460 710350 492364 615261 647288 587798 602989 672454 516105 568588 372328 391801 657358 681924 501790 493809
#pred surv len freq
 0.00513932 0.00833453 0.0125247 0.0176813 0.0236718 0.0301793 0.0366744 0.0425423 0.0473151 0.0508312 0.0532122 0.0547223 0.0556346 0.0561569 0.0563991 0.0563646 0.0559651 0.0550532 0.0534505 0.0509561 0.0473565 0.042481 0.0363307 0.0292197 0.0218036
 0.00537082 0.00860133 0.0127298 0.0176826 0.0233397 0.0294766 0.0357071 0.0415351 0.0465117 0.0503767 0.0530891 0.0547762 0.0556664 0.0560254 0.0560861 0.0559809 0.0556998 0.0550892 0.0538801 0.0517363 0.0483257 0.0434314 0.0370939 0.029722 0.022066
 0.00567607 0.00908772 0.013435 0.0186131 0.0244444 0.0306245 0.036691 0.0421265 0.0465589 0.0498878 0.0522355 0.0537999 0.0547522 0.0552283 0.0553562 0.0552537 0.0549784 0.0544615 0.0534667 0.0516111 0.0484654 0.0437249 0.0374027 0.0299456 0.0221729
 0.00592893 0.00950564 0.0140769 0.0195379 0.0256972 0.032211 0.0385458 0.0440907 0.0483881 0.051303 0.0530063 0.0538268 0.0540998 0.0540832 0.0539341 0.0537198 0.0534307 0.0529664 0.0520981 0.0504486 0.0475599 0.0430706 0.0369437 0.029612 0.021915
 0.00616486 0.00988273 0.0146339 0.020311 0.0267188 0.0335044 0.0401141 0.0459002 0.050352 0.0532698 0.0547645 0.0551366 0.054754 0.0539752 0.0530952 0.0522998 0.0516364 0.0510005 0.0501286 0.0486069 0.0459422 0.0417321 0.0358951 0.028828 0.021353
 0.00646593 0.0103601 0.01533 0.0212579 0.0279338 0.034984 0.0418269 0.0477853 0.0523263 0.055237 0.0566157 0.0567398 0.055949 0.0545913 0.0529961 0.0514364 0.0500748 0.0489084 0.0477298 0.0461313 0.0435892 0.0396511 0.0341764 0.0275025 0.0204009
 0.00680436 0.0108941 0.0161038 0.0223023 0.029262 0.0365853 0.0436583 0.049769 0.054359 0.0572086 0.0584249 0.0582974 0.0571677 0.0553722 0.0532269 0.051012 0.0489384 0.0470917 0.0453684 0.0434442 0.0408332 0.0370682 0.0319515 0.0257391 0.0191172
 0.00714172 0.0114335 0.0168983 0.0233948 0.0306767 0.0383154 0.045653 0.0519304 0.056556 0.0593032 0.0602955 0.05985 0.0583336 0.0560956 0.0534511 0.0506723 0.0479727 0.0454724 0.0431415 0.0407539 0.0379115 0.0341901 0.0293709 0.0236322 0.0175537
 0.0075059 0.0120069 0.017727 0.0245106 0.0320939 0.0400251 0.0476133 0.0540611 0.058743 0.0614143 0.0622 0.0614344 0.0595106 0.0568053 0.0536529 0.0503333 0.0470605 0.0439644 0.0410538 0.0381758 0.0350251 0.0312509 0.0266519 0.021353 0.0158271
 0.00783827 0.0125394 0.0185136 0.0255952 0.0335014 0.0417482 0.0495995 0.0562103 0.060923 0.0634871 0.0640432 0.0629505 0.0606255 0.0574644 0.0538176 0.0499765 0.0461631 0.042517 0.0390719 0.0357281 0.0322575 0.0283864 0.0239505 0.0190442 0.0140477
 0.00812107 0.0129955 0.0191934 0.0265438 0.034751 0.0433053 0.0514306 0.0582345 0.0630201 0.0655173 0.0658706 0.0644601 0.0617321 0.0581132 0.0539786 0.0496351 0.0453129 0.0411594 0.0372272 0.0334571 0.0296847 0.0257052 0.0213956 0.0168336 0.0123222
 0.00842087 0.0134687 0.0198797 0.0274719 0.0359354 0.0447414 0.0530864 0.0600453 0.0648921 0.0673398 0.0675295 0.0658501 0.062765 0.0587245 0.0541291 0.0493081 0.0445078 0.0398877 0.0355171 0.0313686 0.0273286 0.02325 0.0190477 0.0147897 0.0107146
 0.00871691 0.0139443 0.020584 0.0284452 0.0371994 0.0462856 0.0548555 0.0619379 0.0667781 0.069088 0.0690304 0.0670245 0.063561 0.0591104 0.054088 0.0488354 0.0436096 0.0385812 0.0338353 0.0293715 0.0251174 0.020973 0.0168837 0.0129095 0.00923411
 0.00905048 0.0144669 0.0213342 0.0294463 0.0384571 0.0477834 0.0565465 0.0637401 0.068579 0.07076 0.0704525 0.0680997 0.0642274 0.0593426 0.0538898 0.0482285 0.0426229 0.0372474 0.0321947 0.0274835 0.0230733 0.0189005 0.0149345 0.0112263 0.00791247
 0.00915621 0.0146563 0.0216515 0.0299427 0.0391786 0.0487515 0.057742 0.0650993 0.0700074 0.0721542 0.0717168 0.0691532 0.0650045 0.0597938 0.0539854 0.0479595 0.0420001 0.0362965 0.0309554 0.0260135 0.0214554 0.0172451 0.0133687 0.00986897 0.00684333
 0.00929654 0.0148932 0.0220244 0.0304951 0.0399495 0.0497617 0.0589783 0.0665054 0.0714872 0.0735872 0.0729797 0.0701411 0.0656459 0.0600563 0.0538699 0.04749 0.041213 0.0352352 0.0296697 0.0245639 0.0199192 0.0157175 0.0119546 0.00866221 0.00590332
 0.00948708 0.0151774 0.022406 0.0309645 0.040492 0.0503687 0.0596525 0.0672558 0.0723152 0.0744722 0.0738715 0.0709642 0.0663144 0.0604927 0.0540214 0.0473352 0.04076 0.0345141 0.0287267 0.0234582 0.0187235 0.0145172 0.0108391 0.00770926 0.00516112
 0.00942718 0.0150968 0.0223156 0.0308837 0.0404433 0.050369 0.059709 0.0673709 0.0724964 0.0747392 0.0742503 0.0714688 0.0669267 0.0611544 0.054644 0.0478239 0.0410382 0.03454 0.0284972 0.0230054 0.0181075 0.0138162 0.0101373 0.00708153 0.00465757
 0.00942462 0.0150911 0.0223047 0.0308671 0.0404239 0.050356 0.0597183 0.0674201 0.0725983 0.0748967 0.0744581 0.0717204 0.067219 0.0614832 0.054993 0.0481558 0.0412983 0.0346713 0.0284597 0.0227906 0.0177412 0.0133529 0.00964543 0.00662586 0.00428419
 0.00929243 0.0148881 0.0220219 0.0305051 0.039994 0.0498813 0.0592345 0.0669757 0.0722494 0.0746957 0.0744416 0.0719001 0.06758 0.0619896 0.0555952 0.0487969 0.0419166 0.0352046 0.028854 0.0230123 0.0177879 0.013254 0.00945363 0.00640059 0.00407486
 0.00940227 0.0150382 0.0221949 0.0306671 0.0401036 0.0499042 0.0591563 0.0668051 0.0720132 0.0744306 0.074187 0.0716937 0.0674536 0.0619635 0.0556738 0.048966 0.042145 0.0354486 0.0290658 0.0231509 0.0178301 0.0132017 0.00933184 0.00624705 0.00392588
 0.00971627 0.0154877 0.0227574 0.0312801 0.0406786 0.0503515 0.0594078 0.0668272 0.0718094 0.0740386 0.0736714 0.071133 0.0669237 0.0615236 0.0553587 0.0487851 0.0420843 0.0354763 0.0291388 0.0232247 0.0178697 0.0131902 0.00927294 0.00615949 0.00383327
 0.00984013 0.0156989 0.0230904 0.0317644 0.0413218 0.0511181 0.0602066 0.0675236 0.0722652 0.0741624 0.0734499 0.070629 0.0662472 0.0607946 0.0546779 0.0482188 0.0416621 0.035195 0.0289719 0.0231332 0.0178139 0.0131403 0.00921449 0.00609289 0.00376734
 0.00985214 0.015732 0.0231662 0.0319141 0.0415812 0.0515165 0.0607526 0.0681906 0.0729839 0.0748263 0.0739383 0.070844 0.0661478 0.0604114 0.0540999 0.0475599 0.0410259 0.0346517 0.0285512 0.0228309 0.0176055 0.0129956 0.00910859 0.00601082 0.00370312
 0.00975075 0.0155756 0.0229482 0.0316379 0.0412645 0.0511952 0.0604815 0.0680364 0.0730071 0.0750564 0.0743549 0.0713739 0.0666842 0.0608486 0.0543686 0.0476466 0.0409683 0.0345144 0.0283971 0.0227009 0.0175141 0.0129378 0.0090718 0.00598411 0.00368105
 0.00965205 0.0154223 0.0227311 0.0313539 0.040918 0.0508004 0.0600655 0.0676414 0.0726881 0.0748721 0.0743529 0.0715735 0.067064 0.0613455 0.0548935 0.0481127 0.0413183 0.0347343 0.0285094 0.0227452 0.0175268 0.0129409 0.0090735 0.00598487 0.00367975
 0.00967337 0.0154471 0.0227499 0.0313516 0.0408773 0.0507076 0.0599162 0.0674429 0.0724591 0.0746405 0.0741531 0.0714427 0.0670337 0.06143 0.0550805 0.0483627 0.041577 0.0349525 0.0286598 0.0228271 0.0175578 0.0129439 0.00906577 0.0059757 0.00367222
 0.00958865 0.0153216 0.0225834 0.0311509 0.0406529 0.0504695 0.0596709 0.0671955 0.0722172 0.0744184 0.0739723 0.0713287 0.0670106 0.0615142 0.0552741 0.0486495 0.0419223 0.0353102 0.0289854 0.0230903 0.0177486 0.0130693 0.00914177 0.00601874 0.00369513
 0.00957778 0.0153099 0.022577 0.031159 0.0406852 0.0505314 0.0597593 0.0672964 0.0723077 0.0744716 0.0739661 0.0712544 0.0668782 0.0613517 0.0551191 0.0485366 0.0418712 0.0353203 0.0290386 0.0231605 0.0178132 0.013116 0.00916884 0.00603102 0.00369893
 0.00962881 0.0153607 0.0225952 0.031098 0.0405004 0.0502045 0.0593162 0.0668054 0.0718565 0.0741355 0.0737846 0.071226 0.0669723 0.0615268 0.0553394 0.0487796 0.0421268 0.0355827 0.029299 0.023405 0.0180257 0.0132847 0.0092904 0.00611027 0.00374569
 0.0096998 0.0154666 0.0227351 0.0312595 0.0406573 0.050316 0.0593326 0.066683 0.0715784 0.0737291 0.0733203 0.0707944 0.0666503 0.0613532 0.0553108 0.0488647 0.0422859 0.0357815 0.029512 0.0236134 0.0182143 0.0134419 0.00941005 0.00619281 0.00379707
 0.00964666 0.0154016 0.0226763 0.0312358 0.0406983 0.0504371 0.0595218 0.066898 0.0717573 0.0738108 0.073267 0.0706075 0.0663721 0.0610516 0.055054 0.048698 0.0422223 0.0358068 0.0295988 0.0237322 0.0183404 0.0135575 0.00950428 0.00626172 0.00384226
 0.00943501 0.015096 0.0222887 0.0308048 0.0402821 0.0500989 0.0593154 0.0668561 0.0718828 0.0740719 0.0736016 0.0709396 0.0666369 0.0612174 0.0551296 0.0487219 0.0422406 0.0358531 0.0296844 0.023849 0.0184702 0.0136812 0.0096083 0.00633982 0.00389484
 0.0090565 0.0145439 0.0215763 0.0299882 0.0394489 0.0493463 0.0587309 0.0665061 0.0718052 0.0742692 0.0740363 0.0715383 0.0673056 0.0618642 0.0556869 0.0491598 0.0425663 0.0360973 0.0298819 0.0240239 0.0186308 0.0138244 0.00972707 0.00642958 0.00395612
 0.0089313 0.0143022 0.0211461 0.0292899 0.0384277 0.0480173 0.0572114 0.065005 0.0705657 0.0734901 0.073815 0.0718583 0.0680621 0.0629054 0.0568536 0.0503158 0.0436171 0.0369952 0.0306184 0.0246135 0.0190948 0.0141814 0.00999152 0.00661472 0.00407654
 0.00968279 0.0153486 0.0223937 0.0305342 0.0394011 0.0484731 0.0570019 0.0641224 0.0691407 0.0717596 0.0720684 0.070369 0.0670216 0.062384 0.056804 0.0506124 0.0441087 0.0375488 0.0311427 0.0250615 0.0194531 0.0144548 0.0101915 0.00675392 0.00416746
 0.0102504 0.0162582 0.0237277 0.0323331 0.0416226 0.0509468 0.0594086 0.0660407 0.0701685 0.0716631 0.0708747 0.0683514 0.0645936 0.0599628 0.0547021 0.048989 0.042979 0.0368324 0.0307214 0.0248254 0.0193224 0.014382 0.0101516 0.00673367 0.00415887
 0.0101407 0.0161692 0.0237602 0.0326387 0.0423664 0.0522431 0.0612545 0.0682784 0.0724951 0.0736889 0.0722195 0.0687559 0.0640044 0.0585498 0.0527944 0.0469581 0.0411272 0.0353311 0.0296122 0.0240617 0.0188222 0.0140647 0.0099554 0.00661628 0.00409202
 0.009931 0.0158562 0.0233467 0.0321601 0.0419007 0.0519141 0.0612217 0.0687003 0.0734664 0.0751724 0.0740148 0.0705338 0.0654036 0.0592971 0.0527943 0.0463113 0.0400731 0.0341476 0.0285234 0.0231915 0.0181985 0.0136548 0.00970388 0.00647057 0.00401206
 0.00987531 0.0157583 0.0231865 0.0319174 0.041564 0.0514953 0.0607707 0.0683117 0.0732677 0.075293 0.0745377 0.071447 0.0665747 0.0604952 0.0537602 0.0468507 0.040125 0.0337926 0.0279321 0.0225464 0.0176324 0.0132287 0.00941998 0.00629972 0.00391793
 0.00977159 0.0156024 0.0229748 0.0316531 0.0412538 0.0511456 0.0603881 0.0679102 0.0728805 0.0749811 0.0743866 0.0715446 0.0669744 0.0611773 0.0546168 0.0477097 0.0408102 0.034191 0.02803 0.0224177 0.0173908 0.0129756 0.0092155 0.00616151 0.00383703
 0.00972786 0.0155202 0.0228316 0.0314233 0.040918 0.0507026 0.0598639 0.0673559 0.0723587 0.0745496 0.0740908 0.0714208 0.0670548 0.0614833 0.0551403 0.0483939 0.0415499 0.0348613 0.0285314 0.0227109 0.0175009 0.0129669 0.00915561 0.00609761 0.00379009
 0.00974455 0.0155356 0.0228322 0.0313876 0.0408188 0.0505145 0.0595716 0.0669621 0.0718887 0.0740507 0.0736251 0.071053 0.0668388 0.0614547 0.0553114 0.0487495 0.0420431 0.0354157 0.0290578 0.0231349 0.0177865 0.0131215 0.00921577 0.00610624 0.00377983
 0.00977967 0.0155887 0.0229039 0.0314737 0.0409088 0.0505903 0.0596075 0.0669285 0.0717604 0.0738172 0.0732994 0.0706733 0.066462 0.0611436 0.0551199 0.0487098 0.0421574 0.035654 0.0293648 0.0234456 0.0180463 0.0133024 0.0093188 0.00615159 0.00379242
 0.0098555 0.015713 0.0230922 0.031739 0.0412563 0.0510095 0.0600664 0.0673729 0.0721228 0.0740332 0.0733239 0.0704925 0.0660985 0.0606528 0.0545788 0.0481994 0.0417433 0.0353718 0.0292145 0.0233974 0.0180562 0.0133297 0.00933845 0.00615618 0.00378601
 0.00975013 0.0155686 0.0229251 0.0315825 0.0411532 0.0509988 0.0601705 0.067591 0.0724303 0.0743852 0.0736628 0.0707591 0.0662456 0.0606584 0.0544533 0.0479828 0.041493 0.0351446 0.0290491 0.0233062 0.0180271 0.0133374 0.00935836 0.00617272 0.00379419
 0.00963661 0.0153847 0.0226515 0.031207 0.0406798 0.0504582 0.059626 0.0671304 0.072142 0.0743277 0.0738433 0.0711323 0.0667311 0.0611662 0.0549077 0.0483392 0.0417427 0.0353078 0.0291602 0.0233963 0.0181131 0.0134212 0.00943266 0.00623015 0.00383236
 0.00955623 0.0152544 0.0224562 0.0309323 0.0403149 0.0500014 0.0590917 0.066556 0.071589 0.0738742 0.0735666 0.0710864 0.0669272 0.0615666 0.055437 0.0489085 0.0422761 0.0357595 0.0295173 0.0236691 0.0183208 0.0135801 0.00955262 0.00631639 0.00388949
 0.00925668 0.0148344 0.0219469 0.0304024 0.0398481 0.0496609 0.0588947 0.0664719 0.0715627 0.0738573 0.0735419 0.0710724 0.0669659 0.0617 0.0556848 0.0492566 0.042682 0.0361697 0.0298868 0.0239734 0.0185555 0.0137533 0.00967613 0.00640113 0.00394442
 0.00860374 0.0138595 0.0206443 0.0288326 0.0381316 0.0479599 0.0573903 0.0653367 0.0709232 0.0737577 0.0739311 0.0718304 0.0679531 0.0628019 0.0568287 0.0504014 0.0437964 0.0372185 0.0308305 0.0247778 0.0192019 0.0142423 0.0100241 0.0066334 0.00408912
#obs surv len freq
 nan nan nan nan nan nan nan nan nan nan nan nan nan nan nan nan nan nan nan nan nan nan nan nan nan
 0.00448711 0.00734964 0.0111808 0.0159981 0.0216994 0.027975 0.0342888 0.0400192 0.0446977 0.0481601 0.0505164 0.0520107 0.0529014 0.0534125 0.0537257 0.0539798 0.0542578 0.0545502 0.0546887 0.0542805 0.0527187 0.0493511 0.0438014 0.0362823 0.0276668
 0.00461139 0.00755544 0.0114971 0.0164531 0.0223134 0.0287495 0.0351958 0.0409992 0.0456678 0.0490314 0.051211 0.0524731 0.0531039 0.0533545 0.0534295 0.0534827 0.0536033 0.053781 0.053844 0.0533973 0.0518359 0.0485119 0.0430506 0.0356577 0.0271894
 0.00478083 0.0078295 0.0119072 0.0170282 0.0230751 0.0297044 0.0363254 0.0422539 0.0469698 0.0502848 0.0523151 0.0533358 0.0536528 0.0535465 0.0532545 0.0529618 0.0527817 0.0527182 0.0526065 0.0520556 0.050465 0.0471921 0.0418614 0.0346648 0.0264292
 0.00497326 0.0081467 0.0123925 0.0177239 0.0240136 0.0308941 0.0377374 0.0438187 0.0485882 0.0518475 0.0537186 0.0544885 0.0544769 0.053979 0.0532535 0.0525129 0.0519022 0.0514568 0.0510386 0.0502789 0.0485959 0.0453591 0.0401913 0.0332613 0.0253506
 0.00518715 0.00849588 0.012921 0.0184746 0.0250208 0.0321717 0.0392653 0.0455359 0.0503988 0.0536362 0.0553676 0.0558907 0.0555413 0.0546331 0.0534431 0.0522035 0.0510835 0.0501502 0.0493044 0.0482201 0.0463559 0.04311 0.0381098 0.0314947 0.0239846
 0.0054147 0.00886806 0.0134854 0.019277 0.0260971 0.033534 0.0408883 0.0473524 0.052309 0.055526 0.0571254 0.0574149 0.0567425 0.0554339 0.0537788 0.052024 0.050358 0.0488753 0.0475176 0.0460126 0.0438786 0.0405631 0.0357114 0.029434 0.0223781
 0.00565904 0.00926858 0.0140943 0.0201449 0.0272634 0.0350113 0.0426468 0.0493143 0.05436 0.0575378 0.0589769 0.0590032 0.057985 0.0562644 0.0541422 0.0518731 0.0496551 0.0476015 0.0456897 0.0437042 0.041235 0.0377963 0.033067 0.0271355 0.0205705
 0.00589467 0.0096576 0.0146909 0.0210037 0.0284286 0.0365005 0.0444332 0.0513207 0.0564693 0.0596155 0.0608931 0.0606465 0.0592672 0.0571193 0.0545209 0.0517374 0.0489733 0.0463531 0.043881 0.0413933 0.0385538 0.0349534 0.0303172 0.0247207 0.0186553
 0.00614762 0.010069 0.0153105 0.0218788 0.0295958 0.0379726 0.0461852 0.0532825 0.0585339 0.061657 0.0627856 0.0622772 0.0605435 0.0579706 0.0548967 0.0516022 0.0483016 0.0451294 0.0421114 0.0391283 0.0359132 0.0321343 0.0275696 0.0222895 0.016714
 0.00638949 0.0104669 0.0159178 0.0227475 0.0307657 0.0394543 0.0479441 0.0552346 0.06056 0.0636276 0.0645822 0.0638025 0.0617211 0.0587419 0.0552173 0.0514389 0.0476301 0.0439361 0.0404028 0.0369511 0.0333768 0.0294216 0.0249163 0.0199313 0.014822
 0.00660829 0.0108272 0.0164688 0.0235381 0.0318356 0.040819 0.0495787 0.0570675 0.0624816 0.0655107 0.0663033 0.0652571 0.06283 0.0594512 0.0554929 0.0512591 0.0469801 0.0428077 0.0388038 0.034924 0.0310207 0.0269018 0.022448 0.0177322 0.0130524
 0.006831 0.0111901 0.0170165 0.0243127 0.0328689 0.0421196 0.0511191 0.0587791 0.0642632 0.0672471 0.0678832 0.0665843 0.0638291 0.0600691 0.0556973 0.0510341 0.04632 0.0417145 0.0372925 0.0330374 0.0288486 0.0245919 0.0201917 0.0157236 0.0114353
 0.00706919 0.0115789 0.0176042 0.0251439 0.0339743 0.0435008 0.0527339 0.0605385 0.0660458 0.0689247 0.0693442 0.0677448 0.0646338 0.0604867 0.0557147 0.0506507 0.045543 0.0405572 0.0357786 0.0312129 0.026798 0.0224464 0.0181184 0.0138905 0.00996556
 0.00726487 0.0119059 0.0181126 0.025885 0.0349887 0.0448006 0.0542846 0.0622534 0.0678001 0.0705808 0.070777 0.0688588 0.0653684 0.060815 0.0556364 0.0501824 0.0447096 0.0393873 0.0343071 0.0294905 0.0249048 0.0204986 0.0162593 0.0122611 0.00866691
 0.00744213 0.0121946 0.0185485 0.0265025 0.0358161 0.0458501 0.055541 0.0636672 0.0692891 0.0720413 0.072099 0.06994 0.0661279 0.0612018 0.0556317 0.049795 0.0439672 0.0383282 0.0329774 0.0279487 0.0232296 0.0187946 0.0146487 0.0108606 0.00755733
 0.00754029 0.0123583 0.0188026 0.0268735 0.0363273 0.0465144 0.0563535 0.0646021 0.0703033 0.0730812 0.0731048 0.0708483 0.0668728 0.0617198 0.0558707 0.0497225 0.0435746 0.0376308 0.0320114 0.0267699 0.0219143 0.017439 0.0133599 0.00973751 0.00666717
 0.00761758 0.0124772 0.0189697 0.0270923 0.0366003 0.0468455 0.0567486 0.0650662 0.0708366 0.0736747 0.0737383 0.0714895 0.0674787 0.0622392 0.0562483 0.0499058 0.0435228 0.0373232 0.0314534 0.0259957 0.0209862 0.0164416 0.0123883 0.00887893 0.00598124
 0.00766264 0.0125476 0.0190701 0.0272249 0.0367639 0.0470358 0.0569586 0.0652893 0.0710705 0.073925 0.0740163 0.0718053 0.0678314 0.0626098 0.0565988 0.0501849 0.0436755 0.0373031 0.0312344 0.025581 0.0204117 0.0157713 0.0117022 0.00825371 0.00547214
 0.00773448 0.0126531 0.0192078 0.0273864 0.0369362 0.0472059 0.0571165 0.0654293 0.0711912 0.074029 0.0741112 0.0719037 0.0679473 0.0627525 0.0567654 0.0503549 0.043812 0.0373607 0.0311727 0.0253782 0.0200751 0.0153384 0.0112313 0.00780749 0.00509933
 0.00779007 0.0127422 0.0193389 0.0275643 0.0371595 0.0474625 0.0573823 0.0656719 0.071379 0.0741427 0.0741505 0.0718855 0.0678982 0.0626998 0.0567287 0.0503409 0.0438112 0.0373483 0.0311159 0.0252485 0.0198606 0.015052 0.0109076 0.00749075 0.00482814
 0.0078347 0.0128075 0.0194241 0.0276648 0.037269 0.0475762 0.0574984 0.0657892 0.0714938 0.0742462 0.0742305 0.0719316 0.0679078 0.0626805 0.0566953 0.0503083 0.0437869 0.0373276 0.0310825 0.0251811 0.0197437 0.0148847 0.0107066 0.00728428 0.00464453
 0.00783261 0.0128061 0.0194255 0.0276716 0.0372829 0.0475967 0.057522 0.0658118 0.0715133 0.074265 0.0742544 0.0719654 0.0679519 0.0627301 0.0567445 0.0503533 0.0438264 0.03736 0.0311018 0.0251769 0.0197053 0.0148084 0.0105997 0.00716382 0.00453049
 0.00785738 0.0128349 0.0194481 0.0276724 0.0372466 0.0475162 0.0574041 0.0656764 0.0713863 0.074169 0.0742025 0.0719612 0.0679918 0.0628063 0.0568461 0.0504681 0.0439424 0.0374667 0.0311903 0.0252389 0.0197344 0.014802 0.0105624 0.00710697 0.00446857
 0.00789823 0.0128973 0.0195336 0.0277777 0.0373621 0.0476249 0.0574836 0.0657039 0.0713479 0.0740675 0.0740589 0.0718072 0.0678581 0.0627132 0.0568001 0.0504645 0.0439696 0.0375108 0.0312377 0.0252779 0.0197563 0.0148026 0.0105429 0.00707349 0.00443015
 0.00790867 0.0129165 0.0195664 0.0278297 0.0374371 0.0477224 0.0575954 0.0658139 0.0714344 0.0741094 0.0740433 0.0717345 0.0677437 0.0625822 0.0566792 0.050373 0.0439154 0.0374906 0.0312408 0.0252914 0.0197685 0.0148058 0.0105343 0.00705552 0.00440775
 0.00788768 0.0128831 0.0195179 0.027765 0.0373586 0.0476371 0.0575157 0.0657547 0.0714085 0.0741211 0.0740854 0.0717914 0.0677978 0.0626219 0.0567032 0.0503889 0.0439343 0.0375204 0.0312827 0.0253398 0.0198148 0.0148422 0.0105567 0.0070643 0.00440671
 0.00789336 0.012887 0.0195141 0.0277449 0.0373134 0.0475621 0.0574136 0.0656374 0.0712939 0.074029 0.0740315 0.0717824 0.0678295 0.0626818 0.0567753 0.0504606 0.0439997 0.0375799 0.0313392 0.0253945 0.0198655 0.0148849 0.0105879 0.00708323 0.00441538
 0.00785686 0.0128282 0.0194265 0.0276231 0.0371538 0.0473653 0.0571867 0.0653952 0.0710588 0.0738275 0.0738896 0.0717201 0.0678558 0.0627915 0.0569506 0.0506757 0.0442281 0.0378005 0.0315387 0.0255665 0.0200075 0.0149964 0.0106698 0.00713842 0.00444885
 0.00786828 0.0128379 0.0194247 0.0275952 0.0370847 0.0472448 0.0570151 0.0651843 0.0708291 0.0736029 0.0736933 0.0715728 0.0677739 0.0627849 0.0570199 0.0508108 0.0444098 0.0380051 0.0317433 0.0257537 0.0201668 0.015123 0.0107637 0.00720282 0.00448924
 0.00785363 0.0128173 0.0193993 0.0275667 0.0370526 0.0472045 0.0569566 0.0650957 0.0707026 0.0734416 0.0735129 0.0713979 0.0676315 0.0626971 0.0569996 0.0508603 0.044521 0.0381612 0.0319228 0.0259347 0.0203313 0.0152596 0.0108679 0.00727581 0.00453598
 0.00782924 0.0127764 0.0193357 0.0274749 0.0369305 0.047056 0.0567931 0.0649339 0.0705582 0.0733235 0.0734218 0.0713302 0.0675858 0.062678 0.0570162 0.0509212 0.0446293 0.0383115 0.0321014 0.026123 0.0205103 0.0154142 0.0109896 0.00736315 0.00459305
 0.00780115 0.012731 0.0192679 0.0273801 0.0368056 0.0469009 0.0566127 0.0647398 0.0703677 0.0731564 0.0732954 0.0712552 0.0675635 0.0627031 0.0570811 0.0510202 0.044759 0.0384685 0.0322791 0.0263098 0.0206912 0.0155748 0.0111197 0.00745901 0.00465712
 0.00775315 0.012655 0.0191576 0.0272314 0.0366179 0.0466784 0.0563665 0.0644872 0.0701303 0.0729557 0.0731494 0.0711757 0.0675558 0.0627647 0.0572031 0.0511892 0.0449607 0.0386899 0.0325087 0.0265362 0.0209026 0.0157595 0.0112692 0.00757003 0.00473218
 0.00772023 0.0125955 0.0190573 0.0270744 0.0363916 0.0463807 0.0560119 0.064107 0.0697659 0.0726475 0.0729282 0.0710585 0.0675462 0.0628558 0.0573802 0.0514327 0.0452488 0.0390006 0.032822 0.0268349 0.0211721 0.0159889 0.0114517 0.0077044 0.00482289
 0.00932278 0.014841 0.0217716 0.0298722 0.0387865 0.0479628 0.0565895 0.0637363 0.0686748 0.0711207 0.0712202 0.0693562 0.065969 0.0614691 0.0562107 0.0504815 0.0445008 0.0384326 0.0324072 0.0265458 0.0209823 0.0158734 0.0113882 0.00767401 0.00481104
 0.00931305 0.0151208 0.0227138 0.0319385 0.0423271 0.0529446 0.0624232 0.069371 0.0729686 0.073289 0.071094 0.0673289 0.0627241 0.057689 0.0524061 0.046958 0.0414044 0.035811 0.0302564 0.0248366 0.0196724 0.0149122 0.0107186 0.00723536 0.00454329
 0.00895939 0.0145658 0.0219376 0.0309935 0.0413913 0.0523575 0.0626448 0.0708184 0.0757672 0.077087 0.0751049 0.0706289 0.0646361 0.058018 0.0514117 0.0451388 0.0392628 0.0337146 0.0284114 0.0233251 0.018502 0.0140521 0.0101207 0.00684482 0.00430561
 0.00880336 0.0142991 0.021513 0.0303619 0.0405212 0.0512684 0.0614503 0.0697541 0.0751708 0.0773047 0.076335 0.0727754 0.0672761 0.0605387 0.0532583 0.0460276 0.0392386 0.0330497 0.0274415 0.0223231 0.0176305 0.0133755 0.00963997 0.00652919 0.00411401
 0.00872864 0.0141757 0.0213226 0.0300832 0.0401304 0.050744 0.0607828 0.068964 0.0743313 0.0765586 0.0758874 0.0728407 0.0679816 0.0618305 0.0548772 0.0475944 0.04041 0.0336527 0.0275081 0.0220247 0.0171722 0.0129169 0.00926726 0.00626638 0.00394871
 0.0087184 0.0141499 0.0212666 0.0299775 0.0399541 0.050481 0.0604274 0.0685224 0.0738211 0.0760123 0.0753618 0.0724275 0.067801 0.0619943 0.0554283 0.0484572 0.0413965 0.0345332 0.028109 0.0222914 0.0171641 0.0127512 0.00905601 0.00608105 0.00381667
 0.00868579 0.014102 0.0212032 0.0298999 0.0398626 0.0503714 0.0602893 0.0683423 0.0735883 0.0757254 0.0750347 0.0720926 0.0675116 0.061821 0.055443 0.0487023 0.0418523 0.0351084 0.0286707 0.0227211 0.0174056 0.0128208 0.00901482 0.00599622 0.00373462
 0.00867328 0.014078 0.0211608 0.0298314 0.0397626 0.0502403 0.0601358 0.0681802 0.0734304 0.0755766 0.0748911 0.0719475 0.0673663 0.0616934 0.0553691 0.0487256 0.0420032 0.0353822 0.0290195 0.0230695 0.0176831 0.0129913 0.00908434 0.00599804 0.0037065
 0.00867731 0.0140852 0.0211725 0.0298481 0.0397825 0.0502578 0.0601416 0.0681635 0.0733831 0.0754974 0.0747852 0.0718235 0.0672327 0.0615593 0.0552478 0.0486383 0.0419753 0.0354321 0.0291448 0.0232425 0.0178605 0.0131334 0.00917165 0.00603424 0.00370936
 0.0086468 0.0140419 0.021119 0.029791 0.0397306 0.0502194 0.060121 0.0681601 0.073391 0.0755072 0.0747867 0.0718093 0.0672002 0.0615115 0.0551926 0.0485877 0.0419447 0.0354367 0.0291932 0.0233305 0.01797 0.0132393 0.00925367 0.00608431 0.0037317
 0.00864794 0.014039 0.0211063 0.0297612 0.0396782 0.0501449 0.0600336 0.0680762 0.0733282 0.0754765 0.0747883 0.0718333 0.067232 0.0615377 0.0552061 0.0485894 0.0419422 0.0354413 0.0292157 0.0233754 0.018033 0.0133088 0.00931593 0.00612995 0.00375875
 0.00865265 0.0140452 0.0211125 0.0297645 0.0396738 0.0501271 0.059997 0.0680184 0.0732525 0.0753934 0.0747132 0.0717807 0.0672095 0.0615436 0.0552309 0.0486217 0.0419743 0.0354719 0.0292481 0.0234141 0.0180793 0.0133592 0.00936349 0.0061683 0.00378484
 0.00862129 0.0140017 0.0210608 0.0297126 0.0396313 0.0501006 0.0599871 0.0680193 0.0732549 0.0753884 0.074697 0.0717563 0.0671851 0.0615287 0.0552321 0.0486396 0.0420046 0.0355087 0.0292874 0.0234544 0.0181204 0.0133998 0.009401 0.00619935 0.00380737
 0.00863596 0.0140191 0.0210755 0.0297166 0.0396175 0.0500677 0.0599421 0.0679755 0.0732253 0.0753794 0.0747044 0.0717692 0.0671928 0.0615263 0.0552217 0.0486277 0.0419976 0.0355099 0.0292969 0.0234705 0.0181409 0.0134225 0.00942339 0.00621905 0.00382263
 0.00863372 0.0140201 0.0210852 0.0297415 0.0396619 0.0501294 0.0600106 0.0680346 0.0732604 0.0753841 0.0746834 0.0717333 0.067152 0.0614857 0.0551817 0.0485882 0.04196 0.0354775 0.0292727 0.0234561 0.0181357 0.0134246 0.00942996 0.0062273 0.00383032
#pred catch len freq
 0.00470842 0.00742887 0.0107941 0.0147047 0.0190978 0.0239316 0.0291114 0.0344495 0.0397 0.0446245 0.0490346 0.052807 0.0558854 0.0582666 0.059964 0.0609694 0.0612332 0.0606674 0.0591507 0.0565248 0.052599 0.0472151 0.0403928 0.0324919 0.0242472
 0.00494064 0.0077146 0.011059 0.0148349 0.0189856 0.0235389 0.0285107 0.0338043 0.039187 0.0443409 0.0489487 0.0527798 0.0557479 0.0579089 0.0593959 0.0603267 0.0607288 0.0605036 0.0594302 0.0572018 0.0534986 0.0481112 0.041104 0.0329402 0.0244571
 0.00526718 0.00821852 0.0117605 0.0157174 0.0199804 0.0245164 0.0292928 0.034213 0.0391209 0.0438354 0.0481678 0.0519301 0.0549697 0.0572212 0.0587308 0.0596208 0.0600006 0.0598636 0.05902 0.0571067 0.0536931 0.0484719 0.0414763 0.0332119 0.0245932
 0.00554538 0.00866118 0.0124099 0.0166088 0.0211363 0.0259339 0.0309198 0.0359244 0.0407145 0.0450668 0.0488244 0.0519135 0.0543343 0.0561383 0.0573993 0.0581907 0.0585592 0.0584748 0.0577617 0.0560649 0.0529201 0.0479547 0.0411456 0.0329848 0.0244128
 0.00583962 0.00911698 0.0130561 0.0174633 0.0222115 0.0272414 0.0324661 0.037694 0.0426447 0.0470252 0.0506042 0.0532644 0.0550295 0.0560522 0.0565525 0.0567329 0.0567051 0.0564378 0.0557212 0.0541617 0.0512572 0.0465893 0.040085 0.0321976 0.0238505
 0.00618621 0.00965189 0.0138091 0.0184462 0.0234219 0.0286677 0.0340888 0.0394828 0.0445544 0.0489897 0.0525253 0.0549985 0.0563872 0.0568257 0.0565719 0.0559281 0.055138 0.0542868 0.0532299 0.0515812 0.0488044 0.0444246 0.0383028 0.0308277 0.022869
 0.00658183 0.0102602 0.0146608 0.0195499 0.0247685 0.0302362 0.0358468 0.0413829 0.0465318 0.0509656 0.0544117 0.056699 0.0577912 0.0578016 0.0569723 0.0556175 0.0540402 0.0524295 0.0507603 0.0487412 0.0458776 0.0416771 0.0359363 0.0289536 0.0215063
 0.00698005 0.0108779 0.015536 0.0207007 0.0261946 0.0319202 0.0377511 0.0434444 0.048663 0.0530624 0.0563659 0.0584073 0.0591597 0.0587423 0.0573957 0.0554295 0.0531562 0.0508095 0.048451 0.0459015 0.0427653 0.0385967 0.0331684 0.0266923 0.0198282
 0.00741266 0.0115421 0.0164642 0.0219014 0.0276579 0.0336251 0.0396659 0.045519 0.0508214 0.055203 0.0583693 0.0601512 0.0605334 0.0596561 0.0577799 0.0552258 0.0523125 0.0492907 0.0462696 0.0431558 0.039658 0.0354134 0.0302137 0.024211 0.0179471
 0.00782035 0.0121747 0.017361 0.0230811 0.0291192 0.0353484 0.0416096 0.0476158 0.0529803 0.0573173 0.0603272 0.0618431 0.0618581 0.0605268 0.0581277 0.0549998 0.0514768 0.0478257 0.0441885 0.0405336 0.0366587 0.0322875 0.0272537 0.0216751 0.0159898
 0.00818617 0.0127441 0.0181718 0.0241551 0.0304633 0.036955 0.0434514 0.0496376 0.0550948 0.0594109 0.0622727 0.0635158 0.0631504 0.0613563 0.058438 0.0547554 0.0506562 0.046422 0.0422203 0.0380682 0.0338365 0.0293277 0.0244219 0.0192189 0.0140696
 0.00858813 0.0133603 0.0190312 0.0252633 0.0318082 0.0385139 0.0451921 0.0515127 0.0570355 0.0613262 0.0640549 0.0650511 0.0643319 0.062097 0.0586785 0.0544632 0.0498209 0.0450506 0.0403416 0.0357493 0.0312035 0.026573 0.0217809 0.0169159 0.0122564
 0.0089823 0.0139713 0.0198954 0.0263959 0.0332028 0.0401432 0.0470047 0.0534308 0.0589602 0.0631498 0.0656741 0.0663754 0.0652865 0.0626245 0.0587396 0.0540375 0.0489053 0.0436592 0.0385097 0.033545 0.0287427 0.0240252 0.0193512 0.0148001 0.0105877
 0.00935484 0.0145427 0.0206929 0.0274253 0.0344538 0.0415949 0.0486248 0.0551683 0.0607383 0.0648669 0.0672148 0.0676284 0.0661624 0.0630664 0.0587231 0.0535629 0.0479887 0.0423273 0.0368039 0.0315317 0.0265267 0.0217537 0.0171989 0.0129322 0.00911611
 0.00959498 0.0149252 0.0212537 0.0281928 0.0354439 0.0428036 0.0500209 0.05669 0.0623005 0.0663746 0.0685746 0.0687545 0.0669804 0.0635177 0.0587715 0.0531972 0.0472203 0.041186 0.0353356 0.0298029 0.0246329 0.019822 0.0153758 0.0113541 0.00787435
 0.00977525 0.0152153 0.0216859 0.0287978 0.036248 0.0438228 0.0512498 0.0580915 0.0638011 0.0678696 0.069943 0.0698803 0.067772 0.06392 0.0587656 0.0527928 0.0464463 0.0400843 0.0339597 0.0282218 0.0229359 0.0181202 0.0137911 0.00999625 0.00681361
 0.00991228 0.0154177 0.0219546 0.0291253 0.0366278 0.0442609 0.0517701 0.0587285 0.0645808 0.0687877 0.0709523 0.0708923 0.068676 0.0646078 0.0591541 0.0528366 0.046138 0.0394475 0.0330414 0.0270881 0.0216712 0.0168248 0.0125709 0.00894429 0.00598906
 0.00987722 0.0153736 0.0219117 0.0291002 0.0366383 0.0443195 0.0518811 0.0588934 0.0648085 0.0691008 0.0713799 0.0714505 0.0693456 0.0653253 0.0598227 0.0533515 0.0464143 0.0394383 0.0327432 0.0265374 0.0209367 0.0159964 0.0117458 0.00820832 0.00539975
 0.00981328 0.0152775 0.0217824 0.0289443 0.0364708 0.0441636 0.0517658 0.0588479 0.0648548 0.069248 0.0716255 0.0717868 0.0697639 0.0658115 0.0603463 0.0538581 0.0468315 0.0396942 0.0327886 0.0263614 0.02057 0.0155033 0.0112074 0.00770201 0.00498109
 0.00971265 0.0151245 0.0215718 0.0286783 0.0361585 0.04382 0.0514125 0.0585152 0.0645816 0.0690768 0.0715932 0.0719149 0.0700525 0.0662397 0.060876 0.0544381 0.0473999 0.0401838 0.0331383 0.0265318 0.0205564 0.0153377 0.0109482 0.00741561 0.00472211
 0.00979667 0.0152365 0.0216949 0.0287814 0.0362049 0.0437804 0.051277 0.0582961 0.0643085 0.0687887 0.0713315 0.0717188 0.0699546 0.0662599 0.0610164 0.0546802 0.0477062 0.0405029 0.0334145 0.0267174 0.0206248 0.0152917 0.0108175 0.00724465 0.00455384
 0.0101011 0.0156692 0.0222302 0.0293538 0.0367242 0.0441589 0.0514532 0.0582463 0.0640465 0.0683595 0.0708018 0.0711649 0.0694485 0.0658573 0.0607501 0.0545575 0.0477103 0.0405974 0.0335501 0.0268436 0.020702 0.0153015 0.0107654 0.00715387 0.00445313
 0.0102564 0.01592 0.0226019 0.0298617 0.0373622 0.0448859 0.0521855 0.0588678 0.06444 0.0684465 0.0705695 0.0706672 0.0687842 0.0651395 0.0600781 0.0540008 0.0473019 0.0403356 0.0334069 0.0267762 0.0206664 0.0152647 0.0107123 0.00708621 0.00438251
 0.0102321 0.0158974 0.0226004 0.0299136 0.0375084 0.0451655 0.0526208 0.0594482 0.0651096 0.0691048 0.0710926 0.0709458 0.0687629 0.0648367 0.0595756 0.0534106 0.0467289 0.0398517 0.0330424 0.0265253 0.0205019 0.0151539 0.0106293 0.00701729 0.00432415
 0.0101155 0.0157215 0.0223623 0.0296231 0.0371898 0.0448584 0.0523789 0.0593329 0.0651752 0.0693767 0.0715483 0.0715104 0.0693263 0.0652879 0.0598411 0.0534768 0.046638 0.0396763 0.0328527 0.0263671 0.0203909 0.0150834 0.0105843 0.00698474 0.00429754
 0.0100304 0.0155908 0.02218 0.0293884 0.0369073 0.0445385 0.0520401 0.0590056 0.0649037 0.0692144 0.0715448 0.0716928 0.0696811 0.0657566 0.0603345 0.0539049 0.0469416 0.0398427 0.0329093 0.0263595 0.02036 0.0150535 0.0105628 0.00697016 0.00428653
 0.0100105 0.0155551 0.0221199 0.0292941 0.0367694 0.0443518 0.0518074 0.0587396 0.0646265 0.0689567 0.0713434 0.0715862 0.0697008 0.0659144 0.0606118 0.0542526 0.0472945 0.0401421 0.0331229 0.0264863 0.0204208 0.0150753 0.0105668 0.00696811 0.00428307
 0.00997155 0.0154984 0.0220465 0.0292073 0.0366724 0.0442433 0.0516805 0.0585848 0.0644387 0.0687424 0.0711239 0.0713947 0.069575 0.0658863 0.0606978 0.0544461 0.0475645 0.0404412 0.0334024 0.0267118 0.02058 0.0151748 0.0106226 0.00699663 0.00429648
 0.00989313 0.0153861 0.0219058 0.0290535 0.0365269 0.0441268 0.0516061 0.0585542 0.0644416 0.0687591 0.0711321 0.0713791 0.0695354 0.0658398 0.0606725 0.0544689 0.0476486 0.0405797 0.0335713 0.0268802 0.0207225 0.0152789 0.010689 0.00703392 0.00431502
 0.00992339 0.0154096 0.0218947 0.0289688 0.0363315 0.0438056 0.0511816 0.0580853 0.0640055 0.0684244 0.0709383 0.0713299 0.069607 0.0659964 0.0608818 0.0547098 0.0479111 0.0408572 0.0338527 0.0271482 0.0209575 0.0154664 0.0108243 0.00712213 0.00436698
 0.00999476 0.0155142 0.0220291 0.0291175 0.0364656 0.0438839 0.0511572 0.05792 0.0636887 0.0679883 0.0704552 0.0708901 0.0692862 0.065832 0.0608691 0.0548165 0.0480963 0.0410851 0.0340964 0.027387 0.0211741 0.0156472 0.0109621 0.00721725 0.00442621
 0.00994409 0.0154513 0.0219699 0.0290882 0.0364933 0.0439835 0.0513187 0.0581051 0.0638394 0.068045 0.0703797 0.0706829 0.0689902 0.065518 0.060609 0.0546579 0.0480519 0.0411382 0.0342156 0.027539 0.0213312 0.0157892 0.011077 0.00730092 0.00448092
 0.00975469 0.0151808 0.0216331 0.0287248 0.0361602 0.043739 0.0512075 0.0581478 0.0640265 0.068336 0.070709 0.0709764 0.069189 0.0655992 0.0605915 0.0545907 0.0479899 0.0411207 0.0342556 0.0276267 0.0214445 0.0159051 0.0111784 0.00737878 0.00453412
 0.00930851 0.0145327 0.020802 0.0277806 0.0352079 0.0428902 0.0505566 0.0577604 0.0639363 0.0685421 0.071173 0.0716245 0.0699242 0.066323 0.061228 0.0551029 0.0483817 0.0414227 0.0345043 0.0278475 0.0216459 0.016083 0.0113246 0.00748858 0.00460874
 0.00915623 0.0142627 0.0203571 0.0271019 0.0342581 0.0416869 0.0491964 0.0564135 0.0628047 0.0677998 0.0709184 0.0718633 0.0705814 0.0672704 0.0623179 0.0562001 0.0493873 0.0422845 0.0352117 0.0284147 0.0220945 0.016431 0.0115851 0.0076728 0.00472966
