SBPRF35
10.0658
Curr Bio
614922
B35
721535
F35
0.188661
FOFL
0.156609
OFL
76237
Bzero
2.87595e+006
#pred survey bio
 3.20203e+006 2.91822e+006 2.66711e+006 2.40499e+006 2.16433e+006 1.95248e+006 1.75365e+006 1.54482e+006 1.37638e+006 1.22691e+006 1.09234e+006 949519 844932 778175 735809 684234 666359 646449 624997 599514 582021 572688 566088 565383 564375 558568 561671 556534 557897 558415 550021 531639 522397 513876 506960 506640 518519 519515 532948 535232 540209 542870 537014 545108 551330 561130 566084 639163 639094 586872 523590 539001 603138 636481 616759 620941 2.13701e+007 1.29785e+007 1.34209e+007 1.43707e+007 1.56172e+007 1.69288e+007 1.81488e+007 1.91987e+007 2.00565e+007 2.07328e+007 2.12531e+007 2.16467e+007 2.19413e+007 2.21605e+007 2.23231e+007 2.24437e+007 2.25333e+007 2.26001e+007 2.26502e+007 2.26879e+007 2.27164e+007 2.27382e+007 2.27548e+007 2.27676e+007 2.27774e+007 2.27851e+007 2.2791e+007 2.27957e+007 2.27993e+007 2.28022e+007 2.28044e+007 2.28062e+007 2.28076e+007 2.28087e+007 2.28096e+007 2.28103e+007 2.28109e+007 2.28113e+007 2.28117e+007 2.28119e+007 2.28122e+007 2.28123e+007 2.28125e+007 2.28126e+007 2.28127e+007 2.28128e+007 2.28128e+007 2.28129e+007 2.28129e+007 2.28129e+007 2.28129e+007 2.2813e+007 2.2813e+007 2.2813e+007 2.2813e+007 2.2813e+007 2.2813e+007 2.2813e+007 2.2813e+007 2.2813e+007 2.2813e+007 2.2813e+007 2.2813e+007 2.2813e+007 2.2813e+007 2.2813e+007 2.2813e+007 2.2813e+007 2.2813e+007 2.2813e+007 2.2813e+007 2.2813e+007 2.2813e+007 2.2813e+007 2.2813e+007 2.2813e+007 2.2813e+007 2.2813e+007 2.2813e+007 2.2813e+007 2.2813e+007 2.2813e+007 2.2813e+007 2.2813e+007 2.2813e+007 2.2813e+007 2.2813e+007 2.2813e+007 2.2813e+007 2.2813e+007 2.2813e+007 2.2813e+007 2.2813e+007 2.2813e+007 2.2813e+007 2.2813e+007 2.2813e+007 2.2813e+007 2.2813e+007 2.2813e+007 0 0 0 0 0 0 0 0 0 0 0 0 0 0 0 0 0 0 0 0 0 0 0 0 0
#obs survey bio
 3.02948e+006 2.03842e+006 1.91371e+006 2.14231e+006 2.18184e+006 2.45355e+006 1.38631e+006 1.96207e+006 1.20786e+006 809350 850364 643283 770367 500508 653025 636740 792678 812032 535840 541875 639453 486131 402815 673274 486785 567644 449510 539818 607871 507001 418915 655895 498465 493921 358577 623816 481237 591363 493509 528968 776493 529386 602658 587526 618542 272660 630737 767994 833680 857285 455104 486945 757706 554762 468764 390673
#pred catch bio
 285135 267270 292198 289267 278803 280396 299028 269710 257774 247287 253365 216483 180223 156011 159176 126121 125079 123806 124616 115425 106994 103792 98166.3 97725.2 100724 92461.3 98483.4 91262.9 89932 94334.5 98516.7 88365.6 89188.5 90852.8 87838.2 79501.7 89660.4 79890.3 89839.2 87327.9 89191.3 96165.3 84779.7 87768.7 86566.5 92123.1 37483.9 100000 140593 146741 80766.9 44443.1 72967 116712 95384.9 105988 76237 91422.5 93357.3 98720.7 106800 115584 123731 130627 136128 140335 143452 145708 147311 148435 149213 149747 150111 150358 150524 150636 150711 150761 150795 150817 150832 150842 150848 150852 150855 150857 150858 150859 150860 150860 150860 150860 150861 150861 150861 150861 150861 150861 150861 150861 150861 150861 150861 150861 150861 150861 150861 150861 150861 150861 150861 150861 150861 150861 150861 150861 150861 150861 150861 150861 150861 150861 150861 150861 150861 150861 150861 150861 150861 150861 150861 150861 150861 150861 150861 150861 150861 150861 150861 150861 150861 150861 150861 150861 150861 150861 150861 150861 150861 150861 150861 150861 150861 150861 150861 150861 0 0 0 0 0 0 0 0 0 0 0 0 0 0 0 0 0 0 0 0 0 0 0 0 0
#obs catch bio
 234005 268315 295595 293624 283469 285154 306232 273668 260897 252491 258955 221602 182861 158634 161825 127167 125399 124121 125640 116561 107558 104905 99120.9 98624.7 101656 93111.2 99819.6 92174.4 90473.7 95060.2 99331.5 88299.3 88995 90184.1 87804.3 79377.9 89668.4 79482.5 90059.9 87132.3 88580.2 95844 84396.2 87332.9 86426.7 93440.2 37004.4 100095 139128 145551 80453.6 44016.8 72629.9 116846 94756.8 106087
#pred cpue bio
 3.14188e+006 2.8611e+006 2.61254e+006 2.35176e+006 2.11207e+006 1.9014e+006 1.70407e+006 1.49752e+006 1.33105e+006 1.18325e+006 1.05045e+006 910340 808135 743201 702323 652795 635944 616902 596121 571404 554528 545559 539206 538648 537902 532443 535556 530816 532619 533739 526319 509169 500000 490504 482628 481896 493543 494720 507797 510107 515097 517748 511967 519667 525495 534690 539386 611005 611969 560870 498072 512204 575154 608788 589672 593255 2.04324e+007 1.24281e+007 1.27489e+007 1.35472e+007 1.47333e+007 1.60287e+007 1.7245e+007 1.82942e+007 1.91518e+007 1.98281e+007 2.03484e+007 2.0742e+007 2.10366e+007 2.12558e+007 2.14184e+007 2.1539e+007 2.16286e+007 2.16954e+007 2.17455e+007 2.17832e+007 2.18117e+007 2.18335e+007 2.18501e+007 2.18628e+007 2.18727e+007 2.18804e+007 2.18863e+007 2.1891e+007 2.18946e+007 2.18975e+007 2.18997e+007 2.19015e+007 2.19029e+007 2.1904e+007 2.19049e+007 2.19056e+007 2.19062e+007 2.19066e+007 2.19069e+007 2.19072e+007 2.19074e+007 2.19076e+007 2.19078e+007 2.19079e+007 2.1908e+007 2.1908e+007 2.19081e+007 2.19081e+007 2.19082e+007 2.19082e+007 2.19082e+007 2.19083e+007 2.19083e+007 2.19083e+007 2.19083e+007 2.19083e+007 2.19083e+007 2.19083e+007 2.19083e+007 2.19083e+007 2.19083e+007 2.19083e+007 2.19083e+007 2.19083e+007 2.19083e+007 2.19083e+007 2.19083e+007 2.19083e+007 2.19083e+007 2.19083e+007 2.19083e+007 2.19083e+007 2.19083e+007 2.19083e+007 2.19083e+007 2.19083e+007 2.19083e+007 2.19083e+007 2.19083e+007 2.19083e+007 2.19083e+007 2.19083e+007 2.19083e+007 2.19083e+007 2.19083e+007 2.19083e+007 2.19083e+007 2.19083e+007 2.19083e+007 2.19083e+007 2.19083e+007 2.19083e+007 2.19083e+007 2.19083e+007 2.19083e+007 2.19083e+007 2.19083e+007 2.19083e+007 2.19083e+007 2.19083e+007 0 0 0 0 0 0 0 0 0 0 0 0 0 0 0 0 0 0 0 0 0 0 0 0 0
#obs cpue bio
 3.3443e+006 1.83808e+006 1.75261e+006 1.56889e+006 1.46603e+006 1.36084e+006 1.38511e+006 1.60918e+006 1.60604e+006 813803 1.24835e+006 806611 983624 690134 825844 683230 813367 463891 467725 466734 579760 394677 642089 409357 600109 444610 432932 510560 586908 500495 672622 652488 636071 821773 432468 369222 615893 531248 376466 676623 549186 490412 448046 597300 345712 542492 659642 927508 783746 423315 489164 548074 625954 574877 925417 699623
#pred surv len freq
 0.00565859 0.00916987 0.013764 0.0193964 0.0259004 0.0328988 0.0397768 0.0458298 0.0505295 0.0537027 0.0555025 0.0562446 0.0562567 0.0558012 0.0550502 0.0540851 0.0529116 0.0514813 0.0496954 0.0473844 0.0442938 0.0401397 0.0347667 0.0283396 0.0214204
 0.00600807 0.0096457 0.0143156 0.0199362 0.0263491 0.0332466 0.0401152 0.0463199 0.0513123 0.0548038 0.0567916 0.0574789 0.0571783 0.0562353 0.0549576 0.0535541 0.0521045 0.0505605 0.0487625 0.0464576 0.0433341 0.0391089 0.0336782 0.0272702 0.0204753
 0.00641562 0.0102932 0.0152557 0.0211906 0.0278868 0.034963 0.041833 0.0478333 0.052468 0.0555712 0.0572634 0.0577902 0.057402 0.0563305 0.0548045 0.0530414 0.0512014 0.0493304 0.0473218 0.0449183 0.0417719 0.0375716 0.0322157 0.0259514 0.0193753
 0.00671804 0.0107975 0.016038 0.0223288 0.0294421 0.0369486 0.0441796 0.050371 0.0549447 0.0577093 0.0588379 0.0586936 0.0576602 0.0560566 0.0541193 0.052014 0.0498474 0.0476563 0.0453697 0.0427782 0.0395634 0.03542 0.0302383 0.024249 0.0180183
 0.00698674 0.0112276 0.0166747 0.0232151 0.0306174 0.0384432 0.0460011 0.0524859 0.0572615 0.0600708 0.0610313 0.0604848 0.0588499 0.0565338 0.0538823 0.0511453 0.0484613 0.0458583 0.0432504 0.0404339 0.037116 0.033017 0.028033 0.0223713 0.0165473
 0.00723131 0.0116197 0.0172546 0.0240175 0.0316664 0.0397451 0.0475371 0.0542112 0.059112 0.061971 0.0628926 0.0621949 0.0602659 0.0574977 0.0542572 0.0508558 0.0475131 0.0443272 0.0412561 0.0381197 0.0346422 0.0305587 0.0257658 0.0204424 0.015045
 0.00741037 0.0119204 0.0177251 0.0247082 0.0326196 0.0409783 0.049027 0.0558897 0.0608804 0.0637235 0.0645364 0.0636552 0.0614764 0.058385 0.0547333 0.0508285 0.046913 0.0431377 0.03953 0.0359774 0.0322569 0.0281333 0.0235033 0.01851 0.0135412
 0.00771744 0.0124 0.018411 0.0256213 0.0337674 0.0423538 0.0506026 0.0576101 0.0626609 0.0654586 0.0661148 0.0649776 0.0624684 0.0589988 0.054938 0.0505953 0.0462102 0.0419422 0.037854 0.0338928 0.0299052 0.0257101 0.0212215 0.0165518 0.0120162
 0.0080744 0.0129525 0.0191905 0.0266376 0.035008 0.0437834 0.0521623 0.0592202 0.0642323 0.066908 0.067375 0.0659973 0.0632062 0.0594188 0.0550097 0.0502939 0.0455155 0.0408411 0.0363522 0.0320364 0.0277985 0.0235154 0.0191315 0.0147417 0.0105978
 0.00830017 0.0133357 0.0197953 0.0275297 0.0362344 0.0453449 0.0539899 0.0611754 0.0661377 0.068595 0.0687222 0.0669437 0.0637408 0.0595602 0.054785 0.0497256 0.0446164 0.0396184 0.0348194 0.0302325 0.025806 0.0214663 0.0171886 0.0130592 0.0092775
 0.00842606 0.0135537 0.0201496 0.0280732 0.037022 0.046418 0.0553572 0.0627957 0.0679136 0.0703812 0.0703488 0.0682508 0.0646134 0.0599473 0.0546965 0.04921 0.0437339 0.0384233 0.033359 0.0285594 0.0239969 0.0196315 0.015462 0.0115686 0.00810837
 0.00861854 0.0138686 0.0206272 0.028753 0.0379353 0.047577 0.0567427 0.0643521 0.0695536 0.071997 0.0718232 0.0694661 0.0654621 0.0603488 0.0546135 0.0486552 0.0427623 0.0371135 0.0317964 0.02683 0.0221928 0.0178578 0.0138325 0.0101853 0.00703545
 0.00878391 0.014122 0.0209811 0.0292115 0.0384981 0.0482441 0.0575151 0.065227 0.0705172 0.0730185 0.0728518 0.0704325 0.0662844 0.0609415 0.0549004 0.0485844 0.0423174 0.0363182 0.0307087 0.0255331 0.0207857 0.0164483 0.0125275 0.0090746 0.00617317
 0.00881561 0.0141764 0.0210681 0.0293418 0.0386807 0.0484831 0.0578088 0.0655705 0.0709088 0.0734636 0.07336 0.0710054 0.0669015 0.0615528 0.0554306 0.0489476 0.0424388 0.036153 0.0302539 0.0248289 0.0199085 0.0154966 0.0116038 0.0082662 0.00553497
 0.00870515 0.0140125 0.0208512 0.0290841 0.0384054 0.0482206 0.0575933 0.0654365 0.0708864 0.0735741 0.0736131 0.0713989 0.0674212 0.0621688 0.0560928 0.0495852 0.0429686 0.036497 0.0303599 0.0246858 0.0195508 0.0149957 0.0110492 0.00774229 0.00510158
 0.00885579 0.0142225 0.0211031 0.0293409 0.0386218 0.0483619 0.0576488 0.0654215 0.0708323 0.0735141 0.0735733 0.0713962 0.0674656 0.0622651 0.0562381 0.0497631 0.0431448 0.0366221 0.0303824 0.0245705 0.0192941 0.0146298 0.0106322 0.00733844 0.00476137
 0.00893035 0.014322 0.0212117 0.0294277 0.0386465 0.0482853 0.0574458 0.0650919 0.0704073 0.0730553 0.0731609 0.0711087 0.0673571 0.0623523 0.0565004 0.0501526 0.0435988 0.0370724 0.030764 0.0248325 0.0194107 0.0146081 0.0105083 0.00716406 0.00458561
 0.00902943 0.0144777 0.0214344 0.0297195 0.0389957 0.0486609 0.0577951 0.0653471 0.0705035 0.0729546 0.0728702 0.070682 0.0668806 0.0619181 0.0561805 0.0499822 0.0435718 0.03715 0.0308894 0.0249475 0.0194716 0.0145959 0.0104309 0.00704823 0.00446339
 0.00906294 0.0145419 0.0215487 0.0299071 0.039277 0.0490423 0.0582588 0.0658465 0.0709691 0.0733085 0.0730455 0.0706418 0.0666309 0.0615096 0.0556948 0.0495075 0.043177 0.0368679 0.0307142 0.0248464 0.0194033 0.0145273 0.0103474 0.00695333 0.00437044
 0.00910875 0.0146163 0.0216613 0.030068 0.0394966 0.0493297 0.0586174 0.0662687 0.0714304 0.0737648 0.0734365 0.0709022 0.0667078 0.0613802 0.0553775 0.0490588 0.0426749 0.0363879 0.0303081 0.0245328 0.0191727 0.0143565 0.0102143 0.00684497 0.00428305
 0.00919964 0.0147431 0.0218136 0.0302244 0.0396325 0.0494291 0.0586824 0.0663197 0.0714974 0.0738735 0.0735954 0.0710955 0.0668968 0.0615144 0.0554121 0.0489721 0.042478 0.0361198 0.0300198 0.0242681 0.0189559 0.0141915 0.0100926 0.0067554 0.00421723
 0.00922814 0.0147898 0.0218836 0.0303201 0.03975 0.0495549 0.0587934 0.0663899 0.0715109 0.0738359 0.0735352 0.0710516 0.0668991 0.0615673 0.0554921 0.0490398 0.0424972 0.0360738 0.0299166 0.0241329 0.0188174 0.0140702 0.00999713 0.00668517 0.00416784
 0.00920002 0.0147513 0.0218393 0.0302793 0.0397246 0.0495556 0.0588254 0.06645 0.0715866 0.0739091 0.0735896 0.071081 0.0669113 0.0615798 0.0555203 0.0490857 0.0425471 0.0361064 0.0299157 0.024096 0.0187549 0.0139988 0.00993091 0.00663197 0.00412939
 0.00912631 0.0146357 0.0216739 0.0300615 0.0394597 0.0492601 0.0585282 0.0661894 0.0714012 0.0738259 0.073615 0.0712007 0.0670985 0.0618062 0.0557639 0.049332 0.0427846 0.0363222 0.0300957 0.0242299 0.0188409 0.0140439 0.00994768 0.00663299 0.00412403
 0.00912199 0.0146192 0.0216316 0.0299753 0.0393121 0.049042 0.0582465 0.0658696 0.0710832 0.0735546 0.0734299 0.0711266 0.0671404 0.0619499 0.0559817 0.0495917 0.0430568 0.0365833 0.030328 0.0244211 0.0189848 0.0141417 0.0100066 0.00666389 0.0041376
 0.00916209 0.0146819 0.0217204 0.0300892 0.0394431 0.0491724 0.0583492 0.0659128 0.0710416 0.0734213 0.0732224 0.0708832 0.0669074 0.061767 0.0558719 0.0495582 0.0430865 0.0366548 0.0304184 0.024511 0.0190608 0.0141971 0.0100412 0.00668171 0.00414447
 0.00900335 0.0144523 0.0214279 0.02976 0.0391148 0.0488828 0.0581251 0.0657662 0.0709695 0.0734096 0.073252 0.0709377 0.0669799 0.0618619 0.0560001 0.0497282 0.0432977 0.0368951 0.0306674 0.0247461 0.0192637 0.014357 0.0101562 0.00675684 0.00418889
 0.00884982 0.014221 0.021115 0.0293768 0.0386881 0.0484522 0.0577394 0.0654753 0.0708124 0.0734004 0.0733744 0.0711513 0.0672365 0.0621226 0.0562446 0.0499551 0.0435156 0.0371121 0.0308843 0.024955 0.019452 0.0145134 0.0102747 0.00683831 0.00423951
 0.00869955 0.0139767 0.0207488 0.0288665 0.0380265 0.0476595 0.0568733 0.0646291 0.0700964 0.0729135 0.073177 0.0712528 0.0675978 0.0626718 0.0568988 0.0506401 0.0441784 0.0377225 0.0314281 0.0254254 0.0198445 0.0148252 0.0105072 0.00699904 0.00434152
 0.00844408 0.013596 0.0202391 0.0282453 0.0373239 0.0469076 0.0561006 0.0638659 0.0693842 0.0723111 0.0727551 0.0710767 0.0677062 0.0630608 0.0575208 0.0514166 0.0450217 0.0385552 0.0321942 0.0260917 0.0203954 0.0152577 0.0108273 0.00722017 0.00448266
 0.00831453 0.0133816 0.0199111 0.027779 0.0367091 0.0461613 0.0552753 0.063042 0.0686479 0.0717283 0.0723598 0.0708789 0.067708 0.0632651 0.0579248 0.0519991 0.0457365 0.0393365 0.0329719 0.0268062 0.0210065 0.0157461 0.0111919 0.0074734 0.00464507
 0.00898491 0.0143166 0.0210313 0.0289117 0.0376349 0.0466901 0.0553099 0.0625984 0.067831 0.0706868 0.0712447 0.0698155 0.0667845 0.0625331 0.0574086 0.0517036 0.0456495 0.0394272 0.0331916 0.0270969 0.0213124 0.0160244 0.0114179 0.00763912 0.0047554
 0.00964288 0.0153417 0.0224823 0.0307904 0.0398598 0.0490725 0.0575515 0.0643381 0.0687483 0.0706183 0.0702448 0.068124 0.0647262 0.0604126 0.0554476 0.0500289 0.0443115 0.0384252 0.0324928 0.0266487 0.0210531 0.0158934 0.0113637 0.0076245 0.00475708
 0.00974244 0.0155736 0.0229595 0.0316568 0.0412489 0.0510405 0.0600144 0.0670495 0.0713371 0.0726759 0.0714313 0.0682593 0.0638356 0.0587085 0.0532539 0.0476831 0.0420861 0.0364928 0.0309302 0.0254615 0.0202025 0.0153185 0.0109977 0.00740559 0.00463456
 0.00955196 0.0153123 0.022661 0.0313964 0.0411409 0.0512231 0.0606222 0.0681731 0.0729727 0.0746844 0.0735362 0.0701026 0.0650796 0.0591416 0.0528512 0.0465987 0.0405853 0.0348607 0.0293982 0.0241714 0.0192086 0.0146107 0.0105295 0.00711766 0.00447018
 0.0093814 0.0150387 0.0222589 0.0308535 0.0404712 0.0504847 0.0599294 0.0676897 0.0728771 0.0751126 0.074523 0.0715463 0.0667485 0.0607289 0.0540647 0.047251 0.0406441 0.0344391 0.0286929 0.0233859 0.0184954 0.0140495 0.0101364 0.0068693 0.00432764
 0.00927071 0.0148468 0.0219485 0.0303838 0.0398093 0.0496241 0.0589101 0.0666086 0.0718828 0.0743819 0.0742238 0.0717919 0.0675534 0.0619844 0.0555526 0.0487013 0.041818 0.0352001 0.0290343 0.023404 0.0183305 0.0138282 0.0099394 0.00672876 0.0042427
 0.00934132 0.0149492 0.0220779 0.0305228 0.0399269 0.0496762 0.0588453 0.0663809 0.0714714 0.0738132 0.0735822 0.0712096 0.0671765 0.0619233 0.0558372 0.0492609 0.0425018 0.035833 0.0294824 0.0236165 0.0183397 0.0137138 0.00978448 0.00659005 0.00414382
 0.00919517 0.014737 0.0218055 0.0302115 0.0396062 0.0493728 0.058573 0.0661374 0.0712417 0.0735788 0.0733345 0.0709634 0.066978 0.0618436 0.0559473 0.0495963 0.0430358 0.0364761 0.0301133 0.0241296 0.0186817 0.0138913 0.00984382 0.00658648 0.00411949
 0.00914251 0.0146544 0.0216876 0.0300577 0.0394229 0.049176 0.0583871 0.0659896 0.0711502 0.0735414 0.0733265 0.070949 0.0669308 0.0617653 0.0558733 0.0495821 0.0431286 0.0366875 0.0304089 0.0244437 0.0189487 0.0140731 0.00993848 0.00661753 0.00411704
 0.00917764 0.0146916 0.0217071 0.0300296 0.0393163 0.0489727 0.0580942 0.0656418 0.0708005 0.073245 0.0731232 0.0708524 0.0669276 0.0618258 0.0559686 0.0496997 0.0432751 0.0368769 0.0306442 0.0247059 0.0192019 0.0142818 0.0100837 0.00670121 0.00415553
 0.00921356 0.0147516 0.0217988 0.0301571 0.0394744 0.0491408 0.0582347 0.065708 0.0707553 0.073079 0.0728631 0.0705513 0.0666431 0.0615996 0.0558173 0.0496195 0.0432549 0.0369077 0.0307201 0.0248177 0.0193325 0.0144084 0.0101864 0.00677086 0.00419445
 0.00931851 0.0149144 0.0220291 0.0304584 0.0398427 0.049563 0.0586849 0.066145 0.071124 0.0733203 0.0729294 0.070423 0.0663386 0.0611708 0.055333 0.0491448 0.0428363 0.0365699 0.0304703 0.0246512 0.0192359 0.0143627 0.0101709 0.00676835 0.00419458
 0.00937649 0.014992 0.0221158 0.0305353 0.03989 0.0495702 0.0586586 0.0661075 0.0711035 0.0733361 0.0729816 0.0704911 0.06639 0.0611762 0.0552805 0.0490439 0.0427125 0.0364526 0.0303816 0.0246009 0.0192219 0.0143749 0.010196 0.00679499 0.00421566
 0.00945321 0.0151126 0.0222882 0.0307612 0.0401611 0.0498646 0.0589409 0.0663356 0.0712422 0.0733719 0.0729269 0.0703753 0.0662426 0.0610142 0.0551062 0.048854 0.0425088 0.0362467 0.0301917 0.0244443 0.019108 0.0143029 0.0101576 0.00677854 0.00421078
 0.00930221 0.014907 0.0220526 0.0305433 0.0400183 0.0498425 0.0590545 0.0665639 0.071537 0.0736748 0.0731869 0.0705612 0.0663474 0.0610495 0.0550917 0.0488072 0.0424405 0.0361641 0.030103 0.0243599 0.019038 0.0142534 0.0101286 0.00676537 0.00420708
 0.009005 0.0144712 0.0214866 0.0298902 0.0393501 0.0492461 0.058616 0.0663527 0.0715898 0.0739808 0.0736862 0.0711607 0.0669497 0.0615807 0.0555141 0.0491163 0.042652 0.0363004 0.0301854 0.0244062 0.0190628 0.0142676 0.010139 0.00677478 0.00421559
 0.00846304 0.0135807 0.0201352 0.0279844 0.0368556 0.0462414 0.0553334 0.0631667 0.0689355 0.0722343 0.0730636 0.0716785 0.0684479 0.0637856 0.0581127 0.0518202 0.0452384 0.0386243 0.0321714 0.0260304 0.0203352 0.0152196 0.0108154 0.0072276 0.00449869
 0.00892491 0.0142386 0.0209478 0.0288413 0.0375905 0.0466659 0.0552788 0.0625287 0.0677167 0.0705713 0.0712145 0.0699601 0.0671427 0.0630612 0.0579901 0.0521963 0.0459415 0.0394749 0.0330238 0.0267905 0.0209573 0.0156939 0.0111543 0.00745435 0.00464019
 0.00955465 0.0152595 0.0224709 0.030945 0.0402777 0.0498077 0.0585758 0.0655321 0.069931 0.0716016 0.070891 0.0683828 0.0646384 0.0600786 0.0549751 0.0494893 0.043727 0.0377894 0.0318046 0.0259341 0.0203636 0.015286 0.0108789 0.00727516 0.00453006
 0.00980655 0.0157228 0.0232676 0.0322225 0.0421728 0.052388 0.0617761 0.0691198 0.0735196 0.0747153 0.0730615 0.0692605 0.0640867 0.0582164 0.0521435 0.0461511 0.0403394 0.0347021 0.0292145 0.0238981 0.0188443 0.0142017 0.0101386 0.00679443 0.00423625
 0.00915739 0.014738 0.0219249 0.030569 0.0403394 0.0505943 0.0603204 0.0683329 0.0736736 0.075913 0.0751655 0.0719063 0.0667833 0.0604932 0.0536849 0.0468677 0.0403537 0.034264 0.0285924 0.0232952 0.018367 0.0138735 0.00993594 0.00667929 0.00417497
 0.00870752 0.0139537 0.0206527 0.0286499 0.0376672 0.0472 0.0564451 0.0644337 0.0703378 0.0737085 0.0744859 0.0728655 0.0691844 0.063881 0.0574711 0.0504917 0.0434215 0.0366108 0.0302552 0.0244249 0.0191336 0.0144079 0.0103156 0.0069446 0.00435037
 0.00892469 0.0142428 0.0209627 0.028876 0.0376559 0.0467738 0.0554436 0.0627709 0.0680677 0.0710696 0.0718885 0.0707988 0.0680687 0.0639256 0.0586045 0.0523959 0.0456533 0.0387535 0.0320337 0.0257409 0.0200269 0.0149825 0.0106774 0.00717143 0.00449061
 0.009128 0.0146235 0.0216219 0.0299204 0.039149 0.0486666 0.0575227 0.0646692 0.0693541 0.0713892 0.0710923 0.069009 0.0656539 0.0613916 0.0564353 0.050905 0.0449084 0.038605 0.0322227 0.0260233 0.020252 0.0151036 0.0107147 0.00716551 0.004473
 0.00848138 0.0137053 0.0204915 0.0287303 0.0381182 0.0480262 0.0574534 0.065247 0.0705097 0.072895 0.0726013 0.0701549 0.0661826 0.0612613 0.055827 0.0501363 0.0442917 0.038326 0.0322953 0.0263322 0.0206407 0.0154508 0.0109655 0.00731979 0.00455666
#obs surv len freq
 0.0049726 0.00814551 0.0123905 0.0177213 0.0240111 0.0308932 0.0377405 0.0438281 0.0486048 0.0518696 0.0537423 0.0545093 0.0544915 0.0539865 0.0532546 0.0525094 0.0518952 0.0514471 0.0510266 0.0502652 0.0485812 0.0453444 0.0401778 0.0332499 0.0253418
 0.00518082 0.00848601 0.0129069 0.018456 0.0249979 0.0321452 0.0392369 0.0455086 0.0503764 0.0536226 0.0553657 0.0559007 0.055561 0.0546583 0.0534693 0.0522275 0.0511038 0.0501668 0.0493176 0.0482306 0.0463642 0.0431165 0.0381147 0.0314984 0.0239872
 0.00540986 0.00886043 0.0134743 0.0192621 0.0260783 0.0335115 0.0408632 0.0473262 0.0522838 0.0555043 0.0571098 0.0574077 0.0567453 0.0554467 0.0537995 0.0520495 0.0503845 0.0489002 0.0475392 0.0460306 0.0438933 0.0405749 0.0357206 0.029441 0.0223831
 0.0056393 0.00923867 0.0140534 0.0200937 0.027204 0.0349467 0.0425808 0.0492513 0.0543043 0.0574936 0.0589472 0.0589899 0.0579887 0.0562847 0.0541775 0.0519206 0.049711 0.0476617 0.0457502 0.0437621 0.0412883 0.0378435 0.033107 0.0271676 0.0205943
 0.00588358 0.0096364 0.0146534 0.0209427 0.0283385 0.0363806 0.0442906 0.0511697 0.0563278 0.0594997 0.0608133 0.0606064 0.0592652 0.0571511 0.0545807 0.0518192 0.0490714 0.0464616 0.0439942 0.041506 0.0386611 0.035051 0.0304013 0.0247886 0.0187061
 0.0061347 0.0100478 0.015278 0.0218315 0.0295297 0.0378839 0.0460714 0.053145 0.0583795 0.061499 0.0626415 0.0621651 0.0604765 0.0579545 0.0549295 0.0516767 0.0484079 0.0452576 0.0422521 0.0392731 0.0360543 0.0322644 0.0276826 0.0223811 0.0167825
 0.00637761 0.0104475 0.0158888 0.0227064 0.0307108 0.0393847 0.0478599 0.0551375 0.0604525 0.0635131 0.064466 0.063693 0.0616295 0.0586806 0.0551964 0.0514629 0.047697 0.0440384 0.0405301 0.0370919 0.03352 0.0295569 0.0250354 0.0200284 0.0148948
 0.00661115 0.0108307 0.0164721 0.0235393 0.0318324 0.0408087 0.0495589 0.0570362 0.0624376 0.0654533 0.0662333 0.0651767 0.0627443 0.0593684 0.0554239 0.0512152 0.0469696 0.0428337 0.0388633 0.0350086 0.0311191 0.0270024 0.0225406 0.0178095 0.013111
 0.00684904 0.0112197 0.0170616 0.0243764 0.0329521 0.0422192 0.0512265 0.0588807 0.0643433 0.067292 0.0678847 0.0665412 0.0637462 0.0599562 0.055568 0.0509038 0.0462038 0.0416247 0.0372358 0.0330137 0.0288523 0.0246137 0.0202216 0.0157536 0.0114603
 0.00705341 0.011558 0.0175817 0.0251262 0.0339695 0.0435161 0.0527728 0.0605995 0.0661222 0.0690057 0.0694163 0.0677952 0.0646531 0.0604712 0.0556676 0.050581 0.0454634 0.0404816 0.0357187 0.0311758 0.0267846 0.0224523 0.0181361 0.0139124 0.00998567
 0.00727904 0.0119255 0.0181359 0.0259089 0.0350106 0.0448204 0.0543062 0.0622834 0.0678441 0.0706398 0.0708453 0.0689246 0.065418 0.0608367 0.0556239 0.0501367 0.0446382 0.0393022 0.034222 0.0294172 0.0248502 0.0204645 0.0162425 0.0122562 0.00866816
 0.00746311 0.0122281 0.0185975 0.0265686 0.0358981 0.045943 0.0556355 0.0637517 0.0693539 0.0720823 0.0721186 0.0699444 0.0661219 0.0611857 0.0556018 0.0497468 0.0438992 0.038244 0.0328852 0.0278589 0.0231517 0.0187343 0.0146071 0.0108351 0.00754352
 0.00751481 0.012319 0.0187477 0.0268033 0.036245 0.0464264 0.0562693 0.0645327 0.0702586 0.0730671 0.0731219 0.070893 0.0669392 0.0618008 0.0559581 0.0498069 0.0436468 0.0376843 0.0320445 0.0267859 0.0219197 0.0174403 0.0133616 0.00974112 0.0066721
 0.00759634 0.0124413 0.0189132 0.0270097 0.0364881 0.0467056 0.0565903 0.0649066 0.0706965 0.0735739 0.0736898 0.0714974 0.0675385 0.0623401 0.056376 0.0500456 0.0436609 0.0374484 0.0315583 0.0260774 0.0210462 0.0164842 0.0124185 0.0089005 0.00599664
 0.00765161 0.0125262 0.0190316 0.0271608 0.0366663 0.0469006 0.0567888 0.0650967 0.0708745 0.0737486 0.0738822 0.0717309 0.0678257 0.0626714 0.0567169 0.050342 0.0438519 0.03748 0.0313971 0.02572 0.0205228 0.0158554 0.0117627 0.00829548 0.00549972
 0.00772077 0.0126305 0.0191731 0.0273358 0.0368659 0.0471123 0.0569978 0.0652871 0.0710318 0.0738643 0.0739582 0.0717816 0.0678739 0.0627398 0.0568163 0.0504625 0.0439614 0.0375325 0.0313472 0.0255393 0.020212 0.0154466 0.0113112 0.00786275 0.00513517
 0.00779131 0.0127407 0.0193302 0.0275421 0.0371173 0.047396 0.0572917 0.0655617 0.0712566 0.0740164 0.0740285 0.0717765 0.0678124 0.062648 0.0567205 0.0503812 0.0438974 0.0374704 0.0312582 0.0253938 0.019994 0.0151635 0.010993 0.00755116 0.00486754
 0.00782725 0.0127986 0.0194162 0.0276614 0.0372725 0.0475855 0.057507 0.0657871 0.0714709 0.0741971 0.0741568 0.0718413 0.0678128 0.0625934 0.0566285 0.0502719 0.0437871 0.0373649 0.0311506 0.0252685 0.0198365 0.0149706 0.0107773 0.00733668 0.00467969
 0.00783621 0.0128104 0.0194292 0.0276731 0.0372813 0.0475929 0.057519 0.0658127 0.071519 0.0742717 0.0742539 0.0719492 0.0679155 0.0626762 0.0566819 0.0502946 0.0437839 0.0373423 0.0311119 0.0252112 0.0197554 0.0148636 0.0106507 0.0072048 0.00455954
 0.007884 0.0128793 0.0195165 0.0277701 0.0373757 0.0476721 0.0575738 0.0658397 0.071521 0.0742572 0.0742351 0.0719371 0.0679159 0.0626871 0.0566958 0.0503019 0.0437775 0.0373194 0.0310727 0.0251567 0.0196859 0.0147804 0.0105582 0.00711145 0.0044754
 0.00790472 0.0129133 0.0195679 0.0278416 0.0374666 0.0477759 0.0576771 0.0659243 0.0715701 0.0742627 0.074201 0.0718779 0.0678505 0.0626318 0.0566584 0.0502814 0.0437667 0.0373091 0.0310552 0.0251275 0.0196438 0.0147268 0.0104972 0.00704929 0.00441904
 0.00788007 0.0128753 0.0195146 0.0277738 0.0373878 0.0476932 0.0576008 0.0658656 0.0715376 0.0742584 0.0742201 0.0719125 0.0678941 0.0626819 0.0567163 0.0503482 0.0438402 0.0373831 0.0311211 0.0251775 0.0196731 0.0147349 0.0104876 0.00702837 0.004394
 0.00787419 0.0128573 0.0194723 0.0276916 0.0372524 0.047501 0.0573641 0.0656133 0.0713073 0.0740855 0.0741277 0.0719067 0.0679657 0.0628121 0.0568834 0.0505331 0.0440282 0.0375629 0.0312834 0.0253143 0.0197789 0.014808 0.0105307 0.00704789 0.00439816
 0.00788537 0.0128714 0.0194856 0.0276966 0.0372378 0.0474536 0.0572718 0.0654696 0.071117 0.0738678 0.0739146 0.0717345 0.0678636 0.0627934 0.0569437 0.0506545 0.044187 0.0377362 0.0314525 0.0254654 0.019903 0.014901 0.0105933 0.00708463 0.0044161
 0.00787924 0.0128624 0.0194735 0.0276813 0.0372187 0.0474283 0.0572355 0.0654155 0.071038 0.0737605 0.0737824 0.0715909 0.0677306 0.0626965 0.0569031 0.0506787 0.0442703 0.0378617 0.0315985 0.0256111 0.0200326 0.0150049 0.0106684 0.00713334 0.00444396
 0.00787401 0.0128497 0.019447 0.0276331 0.0371424 0.0473227 0.0571072 0.0652783 0.070908 0.0736498 0.073696 0.0715273 0.0676872 0.0626738 0.056907 0.0507173 0.0443488 0.0379778 0.031741 0.0257632 0.0201766 0.0151274 0.0107624 0.00719818 0.00448411
 0.00788124 0.0128609 0.0194625 0.0276519 0.0371611 0.0473348 0.057104 0.0652508 0.0708513 0.0735663 0.0735955 0.0714239 0.0675934 0.0625982 0.0568543 0.0506909 0.0443522 0.0380128 0.0318053 0.0258487 0.020271 0.0152172 0.0108375 0.00725382 0.00452072
 0.00780752 0.0127478 0.0193051 0.0274511 0.0369241 0.0470754 0.056842 0.0650101 0.0706552 0.073432 0.0735305 0.0714269 0.0676573 0.0627127 0.057008 0.0508722 0.0445503 0.0382187 0.0320112 0.0260468 0.0204525 0.0153736 0.0109624 0.0073452 0.00458143
 0.00779968 0.0127243 0.0192505 0.0273455 0.0367499 0.0468269 0.0565329 0.0646736 0.0703354 0.0731705 0.0733561 0.0713509 0.067676 0.0628123 0.0571699 0.0510772 0.0447806 0.0384589 0.0322486 0.0262707 0.0206537 0.0155445 0.0110981 0.00744493 0.00464843
 0.00777622 0.0126888 0.019201 0.0272803 0.0366648 0.046714 0.0563813 0.064475 0.0700917 0.0729003 0.0730935 0.0711368 0.0675446 0.0627814 0.0572377 0.0512269 0.0449877 0.0386979 0.0324968 0.0265098 0.0208698 0.0157279 0.0112435 0.00755172 0.00472046
 0.00774725 0.0126399 0.0191245 0.0271688 0.0365142 0.0465262 0.0561667 0.06425 0.0698735 0.0727013 0.072921 0.0709974 0.0674492 0.0627451 0.0572743 0.0513412 0.0451718 0.0389328 0.0327575 0.0267712 0.021111 0.0159343 0.0114074 0.00767193 0.00480144
 0.00930968 0.0148235 0.0217524 0.0298567 0.038782 0.0479766 0.0566265 0.0637974 0.0687547 0.0712086 0.0713005 0.0694141 0.0659947 0.0614619 0.0561785 0.0504364 0.044454 0.03839 0.0323694 0.0265111 0.0209491 0.0158424 0.0113611 0.00765256 0.0047959
 0.00931044 0.0151153 0.0227033 0.031921 0.0423018 0.0529137 0.0623928 0.0693505 0.0729676 0.0733133 0.0711424 0.0673932 0.0627909 0.0577447 0.0524414 0.0469704 0.0413978 0.0357926 0.0302328 0.0248121 0.019649 0.0148907 0.0106999 0.00722018 0.00453215
 0.00897381 0.0145866 0.021964 0.0310227 0.041419 0.052379 0.062656 0.0708174 0.0757553 0.0770691 0.0750883 0.0706208 0.0646398 0.0580317 0.0514288 0.0451513 0.039265 0.0337051 0.0283925 0.0233013 0.0184772 0.0140292 0.0101014 0.00682976 0.00429483
 0.00880027 0.0142956 0.0215104 0.0303622 0.0405259 0.0512777 0.0614621 0.0697643 0.0751754 0.077301 0.0763238 0.0727611 0.0672645 0.0605349 0.0532642 0.0460411 0.0392547 0.0330628 0.0274479 0.0223223 0.017624 0.0133661 0.00963006 0.00652048 0.00410733
 0.00871896 0.0141585 0.0212941 0.0300399 0.0400704 0.0506693 0.0607006 0.0688858 0.0742694 0.0765216 0.075878 0.0728561 0.0680162 0.0618785 0.0549342 0.0476564 0.0404731 0.0337125 0.0275603 0.0220662 0.017202 0.0129363 0.00927844 0.00627201 0.00395108
 0.00870614 0.0141328 0.0212459 0.0299555 0.0399331 0.0504616 0.0604075 0.0684987 0.0737916 0.0759785 0.0753294 0.0724035 0.0677912 0.0620008 0.0554496 0.0484895 0.0414356 0.0345747 0.0281489 0.0223263 0.0171917 0.0127709 0.00906849 0.00608802 0.00382003
 0.00868042 0.0140914 0.0211841 0.0298689 0.0398174 0.050313 0.0602236 0.0682784 0.0735352 0.0756889 0.0750157 0.072089 0.0675208 0.0618416 0.0554744 0.0487436 0.0419009 0.0351605 0.0287219 0.0227676 0.0174445 0.0128506 0.00903575 0.00600956 0.00374231
 0.00866564 0.0140688 0.0211527 0.0298283 0.0397675 0.0502534 0.0601528 0.0681939 0.0734337 0.0755664 0.0748693 0.0719197 0.0673384 0.0616701 0.055353 0.0487181 0.0420048 0.0353921 0.0290357 0.0230889 0.0177026 0.0130082 0.00909735 0.00600687 0.0037118
 0.00867472 0.0140791 0.02116 0.0298261 0.0397492 0.0502151 0.0600954 0.0681228 0.0733558 0.0754867 0.0747887 0.0718352 0.067247 0.0615733 0.0552616 0.0486534 0.0419933 0.0354536 0.0291691 0.023268 0.017885 0.0131548 0.00918857 0.00604628 0.00371706
 0.00868389 0.0140947 0.0211844 0.029861 0.0397941 0.0502653 0.0601417 0.068153 0.0733593 0.0754583 0.0747306 0.0717549 0.0671531 0.061473 0.0551617 0.0485631 0.0419257 0.0354235 0.0291863 0.0233293 0.0179732 0.013245 0.00925984 0.00608966 0.00373559
 0.00866754 0.0140758 0.0211702 0.0298628 0.0398237 0.0503301 0.0602398 0.0682719 0.0734787 0.0755562 0.0747886 0.0717629 0.0671113 0.0613902 0.0550519 0.0484424 0.0418103 0.0353285 0.0291233 0.0233034 0.01798 0.0132721 0.00929214 0.0061156 0.00375068
 0.00863971 0.0140289 0.0210971 0.0297581 0.0396872 0.0501714 0.0600802 0.0681415 0.073406 0.0755565 0.0748578 0.0718798 0.0672464 0.0615168 0.0551527 0.0485122 0.0418535 0.0353554 0.0291456 0.0233302 0.018015 0.0133129 0.00933241 0.00614889 0.00377363
 0.0086276 0.0140082 0.0210639 0.0297077 0.0396149 0.0500739 0.0599584 0.0680029 0.073266 0.0754372 0.0747823 0.0718642 0.0672931 0.0616131 0.055276 0.0486383 0.0419649 0.0354448 0.0292147 0.0233852 0.0180622 0.0133555 0.00936999 0.00617945 0.00379564
 0.0086313 0.014013 0.021069 0.0297109 0.0396131 0.0500631 0.0599342 0.0679612 0.073205 0.075359 0.074695 0.0717819 0.0672321 0.0615867 0.0552888 0.0486843 0.0420306 0.0355151 0.0292787 0.0234385 0.0181051 0.0133904 0.00939854 0.00620206 0.0038122
 0.00862048 0.0139991 0.0210545 0.0297004 0.039611 0.0500718 0.0599517 0.0679813 0.0732188 0.0753582 0.0746749 0.0717427 0.0671805 0.0615338 0.0552472 0.0486636 0.042034 0.0355386 0.0293139 0.0234766 0.0181402 0.0134198 0.00942198 0.00621989 0.00382499
 0.00862048 0.0139991 0.0210545 0.0297004 0.039611 0.0500718 0.0599517 0.0679813 0.0732188 0.0753582 0.0746749 0.0717427 0.0671805 0.0615338 0.0552472 0.0486636 0.042034 0.0355386 0.0293139 0.0234766 0.0181402 0.0134198 0.00942198 0.00621989 0.00382499
 0.00806257 0.0131153 0.0197722 0.0279798 0.0374675 0.0476021 0.057353 0.0655371 0.0712414 0.0741047 0.0742808 0.072201 0.0683651 0.0632472 0.0572704 0.0507951 0.0441119 0.0374476 0.0309819 0.0248669 0.0192445 0.0142524 0.0100144 0.00661498 0.00407011
 0.00847729 0.0137145 0.0205317 0.0288208 0.0382678 0.0482213 0.0576608 0.0654409 0.0707116 0.073195 0.0731269 0.0709907 0.0672867 0.0624396 0.0567957 0.0506399 0.0442106 0.0377121 0.0313264 0.0252234 0.0195671 0.0145167 0.0102129 0.00675228 0.00415745
 0.00899483 0.0145909 0.0219067 0.0308214 0.0409497 0.0514911 0.0612213 0.0688148 0.073361 0.0746868 0.073261 0.0698347 0.0651216 0.0596594 0.0538024 0.0477639 0.0416694 0.0356078 0.0296709 0.023974 0.0186582 0.0138796 0.00978507 0.0064794 0.00399393
 0.00926858 0.0150698 0.0226916 0.0320311 0.0426977 0.0538426 0.0641408 0.0721266 0.0767436 0.0777135 0.0754834 0.0708941 0.0648509 0.058132 0.0513041 0.0447017 0.0384592 0.0325857 0.0270512 0.0218511 0.0170355 0.0127048 0.00898017 0.00595988 0.00368034
 0.00860843 0.01405 0.0212645 0.0302104 0.0405818 0.0516349 0.0621547 0.0707453 0.0763217 0.0784487 0.0773208 0.0735176 0.0677711 0.060834 0.0533961 0.0460062 0.0390183 0.0325921 0.0267475 0.0214455 0.0166608 0.0124189 0.008789 0.00584482 0.00361703
 0.0081785 0.0132848 0.0199966 0.0282606 0.0378227 0.0480855 0.0580597 0.0665816 0.0727074 0.0759846 0.0764326 0.0743483 0.0701485 0.0643164 0.057389 0.0499191 0.0424086 0.0352411 0.0286489 0.022729 0.0175001 0.0129655 0.0091477 0.00607882 0.00376448
 0.00839461 0.0135883 0.020357 0.0285987 0.038006 0.047937 0.057389 0.0652452 0.0706906 0.0734707 0.0738073 0.0721127 0.0687643 0.0640515 0.0582319 0.0515976 0.0444993 0.0373191 0.0304105 0.0240427 0.0183812 0.0135101 0.00946667 0.00626084 0.0038671
 0.00883419 0.0143133 0.0214609 0.0301563 0.0400341 0.0503412 0.0599219 0.0675162 0.0722487 0.0739378 0.0730101 0.0701572 0.0660229 0.0610599 0.0555275 0.0495592 0.0432556 0.0367624 0.0302964 0.024117 0.018469 0.0135389 0.00943836 0.00620648 0.00381452
 0.00868242 0.0141222 0.0212792 0.030072 0.0401611 0.0507891 0.0607587 0.0687315 0.0737258 0.075449 0.074251 0.0708282 0.0659359 0.0602222 0.054154 0.0479978 0.041856 0.0357531 0.0297314 0.0239057 0.0184597 0.0135982 0.00949056 0.00622956 0.00381548
#pred catch len freq
 0.00560271 0.00879084 0.0126733 0.0170881 0.0219191 0.0270875 0.0324683 0.0378407 0.0429284 0.0474767 0.0513004 0.0542964 0.0564426 0.0577848 0.0584057 0.0583887 0.0577954 0.0566523 0.0549304 0.0525078 0.0491493 0.0445707 0.0386176 0.0314837 0.0237988
 0.00599068 0.00932961 0.0133196 0.0177591 0.022535 0.0276282 0.0330045 0.0385062 0.04384 0.0486478 0.0526046 0.0555043 0.0573104 0.0581465 0.0582259 0.0577595 0.0568846 0.0556292 0.0538999 0.0514858 0.0480906 0.043432 0.0374139 0.0303 0.0227519
 0.00646423 0.0100577 0.0143329 0.0190463 0.0240342 0.0292255 0.0345473 0.0398424 0.0448768 0.0493956 0.0531615 0.0559781 0.0577295 0.0584261 0.0582152 0.057333 0.0560127 0.0543868 0.0524183 0.0498887 0.0464602 0.0418187 0.0358699 0.0288999 0.0215784
 0.00683022 0.0106403 0.0151877 0.0202189 0.0255538 0.0310906 0.036703 0.0421606 0.0471583 0.0514065 0.054698 0.0569308 0.058106 0.0583134 0.0577053 0.0564675 0.0547864 0.0527951 0.0505035 0.0477485 0.0442248 0.0396227 0.0338385 0.0271408 0.0201688
 0.00716196 0.0111544 0.0159171 0.0211853 0.026774 0.0325825 0.0384805 0.0442152 0.0494316 0.0537681 0.0569455 0.0588217 0.0594196 0.0589137 0.0575699 0.0556657 0.0534257 0.0509784 0.0483224 0.0453052 0.0416514 0.0370805 0.0314951 0.0251387 0.0185959
 0.00748365 0.0116518 0.0166192 0.022105 0.0279117 0.0339306 0.0400254 0.0459347 0.0512929 0.0557217 0.0589131 0.0606824 0.0610069 0.0600381 0.0580647 0.0554347 0.0524654 0.0493666 0.0461885 0.0428063 0.0389649 0.0344005 0.0290168 0.0230263 0.0169482
 0.00777147 0.0121051 0.0172748 0.0229891 0.0290375 0.0352952 0.0416025 0.0476717 0.0531149 0.057544 0.0606528 0.0622617 0.062346 0.0610437 0.0586261 0.0554388 0.0518278 0.0480649 0.0442803 0.0404265 0.0363079 0.0316945 0.0264899 0.0208665 0.0152666
 0.00814308 0.0126713 0.0180579 0.0239895 0.0302409 0.0366825 0.0431525 0.0493527 0.0548736 0.0593005 0.062307 0.0637093 0.0634956 0.0618244 0.0589829 0.0553207 0.0511847 0.0468617 0.0425254 0.0381987 0.033765 0.0290559 0.0239945 0.0187189 0.0135909
 0.0085986 0.0133599 0.0189981 0.0251656 0.0316115 0.0381938 0.0447474 0.0509728 0.0564594 0.0607928 0.0636477 0.06484 0.0643571 0.06236 0.0591431 0.0550661 0.0504847 0.0456971 0.0409004 0.0361643 0.031439 0.0266215 0.0216695 0.0167014 0.0120081
 0.00891895 0.0138712 0.0197491 0.0261937 0.0329334 0.0397933 0.0465623 0.0528935 0.0583461 0.0625052 0.0650726 0.0659051 0.0650288 0.0626318 0.0590215 0.0545588 0.0495959 0.0444294 0.0392676 0.0342102 0.0292577 0.0243629 0.0195185 0.0148333 0.0105392
 0.00918666 0.0142933 0.0203616 0.027026 0.0340086 0.0411248 0.0481439 0.0546832 0.0602538 0.0643934 0.0667749 0.0672598 0.0659152 0.0629933 0.0588643 0.0539309 0.0485595 0.0430425 0.037582 0.0322856 0.0271814 0.0222606 0.0175426 0.013129 0.0092033
 0.00941436 0.0146527 0.0208836 0.0277348 0.0349213 0.0422495 0.0494735 0.0561885 0.0618786 0.0660528 0.0683571 0.0686334 0.0669463 0.0635706 0.0589239 0.0534682 0.047622 0.0417097 0.0359453 0.0304404 0.0252319 0.0203266 0.0157543 0.011604 0.0080166
 0.00956699 0.0148835 0.0212003 0.0281371 0.0354078 0.0428251 0.0501528 0.0569897 0.0628109 0.0671029 0.0694802 0.0697526 0.0679605 0.0643678 0.0594002 0.0535479 0.0472734 0.0409505 0.0348365 0.0290742 0.0237207 0.018794 0.0143235 0.0103791 0.00706176
 0.00956412 0.0148851 0.0212142 0.0281753 0.0354841 0.0429528 0.0503433 0.0572544 0.0631643 0.0675626 0.0700601 0.0704499 0.068742 0.0651649 0.0601161 0.0540757 0.0475206 0.040861 0.0344038 0.028343 0.022778 0.0177531 0.0133028 0.00947999 0.0063489
 0.00949231 0.0147808 0.0210809 0.0280252 0.0353362 0.0428291 0.0502652 0.0572409 0.0632313 0.0677232 0.0703248 0.0708253 0.0692265 0.0657403 0.0607388 0.0546746 0.0480071 0.0411493 0.0344353 0.028105 0.022309 0.0171335 0.0126334 0.00885571 0.0058364
 0.00955569 0.0148608 0.0211593 0.0280727 0.0353225 0.0427384 0.0501074 0.0570518 0.0630603 0.067616 0.0703117 0.0709186 0.0694248 0.0660327 0.0611045 0.0550793 0.0483992 0.0414639 0.0346089 0.0280955 0.0221128 0.0167894 0.0122107 0.00843133 0.00547163
 0.00964689 0.0149849 0.0213004 0.0281979 0.035388 0.0427006 0.0499367 0.0567438 0.062643 0.06715 0.0698792 0.0706028 0.0692862 0.0660944 0.0613509 0.0554646 0.0488589 0.0419249 0.0349991 0.0283569 0.0222158 0.016741 0.0120515 0.00821946 0.00526228
 0.00977379 0.0151781 0.0215656 0.0285284 0.0357626 0.0430823 0.0502732 0.0569733 0.0627088 0.0670195 0.0695609 0.0701499 0.0687849 0.0656393 0.0610184 0.0552929 0.0488426 0.0420221 0.035147 0.0284908 0.0222865 0.0167274 0.0119628 0.0080866 0.00512205
 0.00984563 0.0152963 0.0217458 0.0287858 0.0361072 0.043513 0.0507696 0.0574915 0.0631833 0.0673746 0.0697282 0.0700888 0.0684993 0.0651813 0.0604757 0.0547622 0.0484006 0.0417056 0.0349502 0.0283771 0.0222091 0.016649 0.0118671 0.00797769 0.00501535
 0.00988053 0.0153531 0.0218321 0.0289107 0.036282 0.04375 0.0510792 0.0578753 0.0636258 0.067837 0.0701493 0.0703963 0.0686289 0.0650995 0.0601937 0.0543352 0.0479101 0.0412329 0.0345514 0.0280724 0.0219878 0.0164856 0.0117375 0.00786882 0.00492474
 0.00995577 0.0154565 0.0219532 0.0290294 0.0363763 0.0438079 0.0511073 0.0578991 0.0636804 0.0679522 0.0703349 0.0706339 0.0688735 0.0652911 0.0602778 0.0542835 0.0477317 0.0409696 0.0342598 0.0278017 0.0217654 0.0163162 0.0116122 0.00777556 0.00485514
 0.00997888 0.0154937 0.0220077 0.0291018 0.0364621 0.0438949 0.051177 0.0579325 0.0636691 0.0679071 0.0702864 0.0706194 0.0689181 0.0653933 0.060407 0.0543934 0.047781 0.0409398 0.0341605 0.027662 0.0216186 0.0161862 0.0115091 0.00769933 0.00480117
