SBPRF35
12.7214
Curr Bio
966666
B35
900572
F35
0.172383
FOFL
0.172383
OFL
141215
Bzero
3.63469e+06
#pred survey bio
 3.6319e+06 3.46927e+06 3.33446e+06 3.16679e+06 2.96619e+06 2.74009e+06 2.50566e+06 2.28131e+06 2.05357e+06 1.82958e+06 1.61493e+06 1.41794e+06 1.2747e+06 1.14969e+06 1.00725e+06 880322 777929 713268 652133 625722 589619 571790 553580 538812 532155 533423 523879 526821 532573 534475 543869 549124 557854 563476 573813 575918 577677 590118 603492 616065 632944 645187 655365 661061 666633 673241 675031 678090 692198 700017 714234 763813 757365 773360 792045 825165 854230 878523 887800 881475 902755 952518 972959 2.32373e+07 2.12897e+07 2.15337e+07 2.21164e+07 2.29203e+07 2.38057e+07 2.46681e+07 2.54455e+07 2.61106e+07 2.66595e+07 2.71013e+07 2.74508e+07 2.77242e+07 2.79366e+07 2.81009e+07 2.82279e+07 2.8326e+07 2.84021e+07 2.84611e+07 2.85072e+07 2.85432e+07 2.85715e+07 2.85939e+07 2.86115e+07 2.86256e+07 2.86368e+07 2.86457e+07 2.86529e+07 2.86586e+07 2.86633e+07 2.8667e+07 2.86701e+07 2.86725e+07 2.86745e+07 2.86761e+07 2.86775e+07 2.86785e+07 2.86794e+07 2.86801e+07 2.86807e+07 2.86812e+07 2.86816e+07 2.86819e+07 2.86822e+07 2.86824e+07 2.86825e+07 2.86827e+07 2.86828e+07 2.86829e+07 2.8683e+07 2.8683e+07 2.86831e+07 2.86831e+07 2.86832e+07 2.86832e+07 2.86832e+07 2.86832e+07 2.86833e+07 2.86833e+07 2.86833e+07 2.86833e+07 2.86833e+07 2.86833e+07 2.86833e+07 2.86833e+07 2.86833e+07 2.86833e+07 2.86833e+07 2.86833e+07 2.86833e+07 2.86833e+07 2.86833e+07 2.86833e+07 2.86833e+07 2.86833e+07 2.86833e+07 2.86833e+07 2.86833e+07 2.86833e+07 2.86833e+07 2.86833e+07 2.86833e+07 2.86833e+07 2.86833e+07 2.86833e+07 2.86833e+07 2.86833e+07 2.86833e+07 2.86833e+07 2.86833e+07 2.86833e+07 2.86833e+07 2.86833e+07 2.86833e+07 2.86833e+07 2.86833e+07 2.86833e+07 2.86833e+07 2.86833e+07 2.86833e+07 0 0 0 0 0 0 0 0 0 0 0 0 0 0 0 0 0 0 0 0 0 0 0 0 0
#obs survey bio
 4.47286e+06 4.76078e+06 2.33359e+06 2.51623e+06 3.63453e+06 2.77475e+06 1.65220e+06 2.27294e+06 1.80699e+06 1.44026e+06 1.19905e+06 1.42935e+06 1.023e+06 1.1311e+06 1.11463e+06 825283 957806 637872 545479 546744 512636 604964 476415 640205 698528 527557 498059 716424 495090 503448 555983 472891 652728 789006 627106 778741 641886 393551 444342 637691 550946 643604 560046 640871 780628 599135 531524 697334 685268 654764 806845 602505 880423 572032 672847 1.02883e+06 1.0799e+06 1.03476e+06 596007 721138 1.19602e+06 1.09609e+06 1.16119e+06
#pred catch bio
 118717 105770 150853 196895 237842 264572 274902 296315 308712 312433 304784 262800 250523 265098 246885 219684 181675 173806 140928 146483 127862 125542 119883 111082 103510 111588 100218 97976.7 101201 94867.8 98452 95659.4 98463.1 94535.8 101337 101167 92647.9 93320.5 95341.6 93241.4 98918.8 102059 107115 108446 108806 113923 113455 104886 110817 105465 77214 125779 106219 105803 95810.9 101185 106531 120986 136364 115717 95857.9 123906 110236 141215 141396 141984 144729 149248 154384 159365 163780 167463 170405 172683 174404 175680 176612 177286 177768 178111 178353 178524 178643 178726 178784 178825 178853 178872 178886 178895 178901 178906 178909 178911 178912 178913 178914 178915 178915 178915 178915 178915 178915 178915 178915 178916 178916 178916 178916 178916 178916 178916 178916 178916 178916 178916 178916 178916 178916 178916 178916 178916 178916 178916 178916 178916 178916 178916 178916 178916 178916 178916 178916 178916 178916 178916 178916 178916 178916 178916 178916 178916 178916 178916 178916 178916 178916 178916 178916 178916 178916 178916 178916 178916 178916 178916 178916 178916 178916 178916 178916 178916 178916 0 0 0 0 0 0 0 0 0 0 0 0 0 0 0 0 0 0 0 0 0 0 0 0 0
#obs catch bio
 0 105264 150878 196909 237386 263910 275249 296946 309948 315692 308192 264676 252637 268309 247532 221207 182114 173670 141070 147851 128655 126116 120582 111182 103713 111952 100473 97993 101495 95045.2 98431.5 95619.2 98447 94368.2 101079 100871 92383.7 93546.5 95504.9 93009.4 98924 102010 106938 108538 108870 114227 114169 105066 111332 105803 76427.4 126119 105718 106012 96023.8 101188 106429 120583 136892 116367 95853.6 124997 110105
#pred cpue bio
 3.58958e+06 3.42833e+06 3.29339e+06 3.1254e+06 2.92517e+06 2.69933e+06 2.46492e+06 2.24058e+06 2.01322e+06 1.78996e+06 1.57649e+06 1.38089e+06 1.23853e+06 1.11456e+06 974162 849338 748892 685759 625985 600076 564917 547769 530302 516133 509782 511171 501952 504894 510622 512586 521942 527233 535834 541441 551737 553943 555702 567791 580804 593114 609566 621418 631286 636676 641938 648291 649924 652904 666836 674720 688893 737765 731599 747064 765108 797681 826544 850468 859059 851987 872350 921301 941762 2.25147e+07 2.06346e+07 2.07996e+07 2.13023e+07 2.2083e+07 2.29639e+07 2.38256e+07 2.46029e+07 2.52679e+07 2.58168e+07 2.62586e+07 2.66082e+07 2.68816e+07 2.7094e+07 2.72583e+07 2.73852e+07 2.74834e+07 2.75594e+07 2.76185e+07 2.76646e+07 2.77006e+07 2.77289e+07 2.77512e+07 2.77689e+07 2.77829e+07 2.77942e+07 2.78031e+07 2.78103e+07 2.7816e+07 2.78207e+07 2.78244e+07 2.78274e+07 2.78299e+07 2.78319e+07 2.78335e+07 2.78348e+07 2.78359e+07 2.78368e+07 2.78375e+07 2.78381e+07 2.78386e+07 2.7839e+07 2.78393e+07 2.78395e+07 2.78397e+07 2.78399e+07 2.78401e+07 2.78402e+07 2.78403e+07 2.78404e+07 2.78404e+07 2.78405e+07 2.78405e+07 2.78405e+07 2.78406e+07 2.78406e+07 2.78406e+07 2.78406e+07 2.78406e+07 2.78407e+07 2.78407e+07 2.78407e+07 2.78407e+07 2.78407e+07 2.78407e+07 2.78407e+07 2.78407e+07 2.78407e+07 2.78407e+07 2.78407e+07 2.78407e+07 2.78407e+07 2.78407e+07 2.78407e+07 2.78407e+07 2.78407e+07 2.78407e+07 2.78407e+07 2.78407e+07 2.78407e+07 2.78407e+07 2.78407e+07 2.78407e+07 2.78407e+07 2.78407e+07 2.78407e+07 2.78407e+07 2.78407e+07 2.78407e+07 2.78407e+07 2.78407e+07 2.78407e+07 2.78407e+07 2.78407e+07 2.78407e+07 2.78407e+07 2.78407e+07 2.78407e+07 2.78407e+07 2.78407e+07 0 0 0 0 0 0 0 0 0 0 0 0 0 0 0 0 0 0 0 0 0 0 0 0 0
#obs cpue bio
 3.70498e+06 3.75675e+06 3.10647e+06 3.80674e+06 3.35883e+06 2.73508e+06 2.03119e+06 2.18396e+06 1.89693e+06 1.31241e+06 1.95735e+06 1.38421e+06 1.28197e+06 973291 1.30474e+06 687799 644175 1.0066e+06 557564 485085 590899 560175 527225 542334 325003 543305 458738 431443 481156 503516 645301 582779 486694 403081 606972 445892 473877 573507 847521 762507 607998 637820 848497 529743 536002 638598 593799 743620 591588 857869 1.19091e+06 680659 764598 643852 682657 912246 678142 981584 790455 660646 710664 613347 1.40881e+06
#pred surv len freq
 0.0041843 0.00687242 0.0104925 0.0150797 0.0205584 0.0266564 0.0328823 0.038653 0.0435122 0.047271 0.0499838 0.0518253 0.0529845 0.0536215 0.053868 0.0538473 0.0536977 0.0535666 0.0535349 0.0534685 0.0528807 0.0509697 0.0469387 0.0404897 0.0321608
 0.00452233 0.00733635 0.0110351 0.0156107 0.0209785 0.0269059 0.0329726 0.0386564 0.0435137 0.0473176 0.0500654 0.0518996 0.0530241 0.0536475 0.0539476 0.054055 0.0540612 0.0540253 0.053937 0.0536157 0.0526092 0.0502308 0.0458323 0.0392266 0.0309735
 0.0046011 0.00752513 0.0114246 0.0163045 0.0220461 0.0283208 0.0345775 0.040195 0.0447278 0.0480526 0.0503169 0.0517761 0.0526676 0.0531745 0.0534375 0.0535666 0.0536371 0.0536715 0.0535948 0.053164 0.0519141 0.0492215 0.0445564 0.037843 0.0296832
 0.00472897 0.00771788 0.0116923 0.0166619 0.0225271 0.0289888 0.0355137 0.0414529 0.0462722 0.0497245 0.0518633 0.0529424 0.0532978 0.0532568 0.0530775 0.0529193 0.0528448 0.0528261 0.0527216 0.0522255 0.0508408 0.0479681 0.0431535 0.0364076 0.0283746
 0.00494328 0.00805929 0.0121919 0.0173408 0.0233908 0.0300221 0.0366812 0.0427114 0.0475874 0.051075 0.0532172 0.0542198 0.0543573 0.0539319 0.0532458 0.0525567 0.0520268 0.0516803 0.0513668 0.0507336 0.0492398 0.046279 0.0414338 0.034766 0.0269422
 0.00522073 0.00850432 0.0128501 0.0182499 0.0245723 0.0314691 0.0383454 0.0445004 0.0493802 0.0527528 0.054691 0.0554383 0.0552887 0.0545344 0.0534518 0.0522904 0.0512444 0.0504013 0.0496726 0.0487381 0.0470613 0.0440343 0.0392492 0.0327793 0.0252796
 0.00548781 0.00894456 0.0135237 0.0192161 0.0258769 0.0331249 0.040312 0.0466773 0.0516209 0.0548931 0.0565797 0.0569594 0.0563705 0.0551437 0.0535762 0.0519174 0.0503555 0.0489875 0.0477614 0.0464115 0.0444564 0.0413288 0.03664 0.030454 0.0233806
 0.00572143 0.00933034 0.0141163 0.0200724 0.0270476 0.0346395 0.0421604 0.0487984 0.0539041 0.057193 0.0587354 0.0588153 0.0577958 0.0560465 0.0539067 0.051659 0.0495101 0.0475676 0.0457982 0.0439771 0.0416834 0.0384128 0.0338148 0.0279443 0.0213496
 0.00596062 0.00972394 0.014718 0.0209366 0.0282208 0.0361454 0.0439842 0.0508786 0.0561393 0.0594569 0.0608925 0.0607307 0.0593427 0.0571147 0.0544114 0.0515466 0.0487582 0.0461821 0.0438158 0.0414773 0.0388067 0.0353666 0.030852 0.0253119 0.0192264
 0.00616773 0.0100739 0.0152695 0.0217535 0.0293599 0.0376365 0.04581 0.0529668 0.0583735 0.0616993 0.0630063 0.0625929 0.060848 0.0581746 0.054952 0.0515088 0.0481007 0.0448883 0.0419054 0.0390224 0.035948 0.0323172 0.0278736 0.0226612 0.0170898
 0.00641327 0.0104709 0.0158641 0.0225899 0.0304752 0.0390514 0.0475152 0.0549129 0.0604701 0.0638257 0.0650273 0.0643769 0.0622818 0.0591711 0.0554495 0.0514632 0.0474795 0.0436726 0.0401028 0.0366895 0.0332116 0.029381 0.0249941 0.0200925 0.0150177
 0.00673295 0.0109798 0.0166097 0.0236088 0.0317866 0.040647 0.0493495 0.0569008 0.0624995 0.065778 0.0667951 0.0658702 0.063427 0.0599086 0.0557325 0.051257 0.046759 0.0424239 0.0383323 0.0344439 0.0306015 0.0265902 0.0222601 0.0176544 0.0130515
 0.00691105 0.0112814 0.0170855 0.0243127 0.0327635 0.0419138 0.0508771 0.0586107 0.0642787 0.0675053 0.0683642 0.0671996 0.0644585 0.0606001 0.0560499 0.0511693 0.0462379 0.0414477 0.0368979 0.0325848 0.0284082 0.0242196 0.0199188 0.0155537 0.0113499
 0.00693969 0.0113589 0.0172604 0.0246516 0.0333382 0.0427786 0.0520456 0.0600434 0.0658873 0.0691685 0.0699497 0.068586 0.065552 0.061342 0.0564129 0.0511444 0.0458218 0.0406374 0.0356975 0.031023 0.0265589 0.0222132 0.01793 0.0137634 0.00989572
 0.00713731 0.0116706 0.0177131 0.0252681 0.0341383 0.0437777 0.0532481 0.0614308 0.0674068 0.0707299 0.0714326 0.0698604 0.0665044 0.0618969 0.0565408 0.0508542 0.045144 0.0396082 0.0343535 0.0294099 0.0247486 0.020317 0.0160925 0.0121329 0.00858342
 0.00730585 0.0119572 0.0181664 0.025938 0.0350614 0.0449568 0.0546365 0.0629346 0.0689086 0.0721203 0.0726299 0.070809 0.0671629 0.06223 0.0565219 0.0504735 0.0444134 0.0385593 0.0330318 0.0278736 0.0230747 0.0186069 0.0144669 0.0107107 0.00744989
 0.00745831 0.0122 0.0185236 0.0264317 0.0357112 0.0457769 0.0556272 0.0640717 0.0701358 0.0733512 0.0737613 0.0717431 0.0678269 0.0625845 0.0565551 0.050191 0.04383 0.0376985 0.0319292 0.0265817 0.0216662 0.0171744 0.0131148 0.00953611 0.00651957
 0.00763005 0.0124483 0.0188406 0.0267922 0.0360827 0.0461352 0.055969 0.0644168 0.0705182 0.0738028 0.0742946 0.0723385 0.068431 0.0631215 0.0569465 0.0503732 0.0437645 0.0373732 0.0313572 0.0258 0.0207359 0.0161772 0.0121434 0.00867638 0.00583103
 0.00787444 0.0128359 0.0194031 0.0275456 0.0370157 0.0471975 0.0570655 0.0654213 0.0713091 0.0743059 0.0745064 0.0723166 0.0682584 0.0628674 0.0566434 0.0500159 0.0433253 0.0368223 0.0306791 0.0250033 0.0198561 0.015273 0.0112855 0.00793093 0.00524225
 0.00782004 0.0127672 0.0193372 0.0275125 0.0370532 0.0473398 0.0573316 0.0658054 0.0717785 0.0748054 0.0749736 0.0727005 0.068536 0.0630451 0.0567432 0.050055 0.043302 0.0367169 0.0304666 0.0246712 0.0194159 0.0147628 0.0107611 0.00745028 0.00484881
 0.00787578 0.0128532 0.0194587 0.0276737 0.0372588 0.0475973 0.0576498 0.0661892 0.0722202 0.075278 0.0754299 0.0730829 0.0687925 0.0631468 0.0566921 0.0498786 0.0430369 0.0363921 0.030096 0.0242584 0.0189667 0.0142954 0.0103073 0.00704645 0.00452355
 0.00785068 0.0128083 0.0193841 0.0275587 0.0370968 0.047392 0.0574212 0.0659753 0.0720712 0.0752434 0.0755425 0.0733455 0.0691725 0.0635838 0.0571158 0.0502298 0.0432813 0.0365202 0.0301149 0.0241819 0.0188122 0.0140854 0.010071 0.00681587 0.00432589
 0.00788107 0.0128512 0.0194361 0.0276114 0.0371373 0.0474055 0.0573945 0.0659014 0.0719544 0.0751032 0.075413 0.0732671 0.0691784 0.0636857 0.0572976 0.050452 0.043495 0.0366831 0.0302015 0.0241857 0.018742 0.0139605 0.00991661 0.00665849 0.00418751
 0.00796137 0.0129665 0.0195812 0.0277711 0.0372895 0.0475274 0.0574674 0.0659133 0.0719009 0.0749888 0.0752526 0.0730864 0.0690107 0.0635645 0.0572459 0.0504738 0.0435724 0.0367831 0.0302879 0.0242311 0.0187347 0.0139051 0.00982909 0.0065595 0.00409564
 0.00797032 0.0129828 0.0196081 0.0278109 0.0373411 0.0475825 0.0575104 0.0659244 0.0718642 0.0749002 0.0751232 0.0729389 0.0688725 0.0634607 0.0571951 0.0504845 0.0436411 0.0368929 0.0304122 0.0243413 0.0188093 0.0139354 0.0098202 0.00652538 0.00405241
 0.00793986 0.0129285 0.0195183 0.0276736 0.0371487 0.0473388 0.0572343 0.0656481 0.071623 0.0747214 0.0750191 0.0729087 0.0689085 0.0635544 0.0573396 0.0506734 0.0438654 0.0371388 0.0306601 0.0245688 0.0189959 0.0140693 0.00990069 0.00656226 0.00406067
 0.00800172 0.0130276 0.0196638 0.02787 0.0373921 0.0476116 0.0575038 0.0658709 0.0717579 0.0747434 0.0749276 0.0727249 0.0686657 0.063288 0.0570809 0.0504471 0.0436884 0.0370183 0.0305933 0.0245434 0.0189948 0.0140756 0.00990316 0.00655685 0.00404924
 0.00797544 0.0129808 0.0195866 0.0277529 0.0372303 0.0474115 0.0572858 0.0656662 0.071598 0.0746484 0.0749001 0.0727532 0.0687327 0.0633786 0.057186 0.0505627 0.0438132 0.0371514 0.0307316 0.0246805 0.0191213 0.0141819 0.00998291 0.00660915 0.00407842
 0.00792464 0.012901 0.0194713 0.0275976 0.0370325 0.047172 0.0570114 0.0653728 0.0713122 0.0744047 0.074733 0.0726872 0.068774 0.0635143 0.0573899 0.0508054 0.0440696 0.0374042 0.0309696 0.024896 0.0193079 0.0143343 0.0100982 0.00668864 0.00412761
 0.0078801 0.0128347 0.0193829 0.0274904 0.036912 0.0470438 0.0568789 0.0652377 0.0711753 0.0742687 0.0746055 0.0725819 0.0687086 0.063505 0.0574444 0.0509193 0.0442283 0.037588 0.0311596 0.0250771 0.0194692 0.0144687 0.0102022 0.00676253 0.00417521
 0.00783168 0.012746 0.0192318 0.0272527 0.0365704 0.0466002 0.0563638 0.0647083 0.0707008 0.0739089 0.0743955 0.0725286 0.0687976 0.0637114 0.0577407 0.0512786 0.0446246 0.0379951 0.0315525 0.0254343 0.019775 0.0147147 0.0103872 0.00689165 0.0042581
 0.00784074 0.0127573 0.0192416 0.0272525 0.036546 0.0465316 0.0562292 0.0644918 0.0704031 0.0735551 0.0740331 0.0722144 0.0685799 0.0636165 0.05777 0.051415 0.0448411 0.0382618 0.0318404 0.0257171 0.0200314 0.0149297 0.010554 0.00701077 0.00433602
 0.0077659 0.0126471 0.0190969 0.0270813 0.0363605 0.0463434 0.0560453 0.0643132 0.0702259 0.0733749 0.0738509 0.0720419 0.0684408 0.0635402 0.0577816 0.051525 0.0450417 0.0385303 0.0321459 0.0260276 0.0203194 0.0151754 0.010747 0.00715005 0.00442792
 0.00771171 0.01256 0.0189684 0.0269061 0.0361395 0.0460876 0.0557774 0.0640636 0.0700237 0.0732364 0.0737746 0.0720127 0.0684411 0.0635616 0.0578287 0.0516115 0.0451803 0.0387237 0.0323833 0.0262873 0.0205752 0.0154041 0.010933 0.00728782 0.00452067
 0.00765192 0.012459 0.0188096 0.0266727 0.0358195 0.0456812 0.0553042 0.0635648 0.0695555 0.0728572 0.0735297 0.0719239 0.0685029 0.0637464 0.0580993 0.0519338 0.0455307 0.0390887 0.0327525 0.0266476 0.0209095 0.0156946 0.0111669 0.0074606 0.0046371
 0.00767153 0.0124875 0.0188453 0.02671 0.0358476 0.0456838 0.0552614 0.0634577 0.0693743 0.0726086 0.0732406 0.0716358 0.0682606 0.0635842 0.0580326 0.0519587 0.0456309 0.0392438 0.0329433 0.026857 0.0211207 0.015891 0.0113343 0.00759053 0.00472833
 0.00776831 0.012626 0.019019 0.0269004 0.0360291 0.0458315 0.0553563 0.0634881 0.0693333 0.0724928 0.0730522 0.0713866 0.0679752 0.0632978 0.0577828 0.0517755 0.0455292 0.0392222 0.0329886 0.0269499 0.0212403 0.0160176 0.0114513 0.00768684 0.00479913
 0.00773634 0.0125836 0.0189721 0.0268585 0.036 0.0458147 0.0553399 0.0634528 0.0692624 0.0723824 0.0729135 0.0712402 0.0678415 0.0631917 0.057714 0.0517512 0.045555 0.0392994 0.0331115 0.0271053 0.0214101 0.0161829 0.0115965 0.00780233 0.00488217
 0.00767223 0.0124847 0.0188337 0.0266817 0.0357935 0.0455953 0.0551319 0.063282 0.0691479 0.0723284 0.0729085 0.0712652 0.0678803 0.0632377 0.0577695 0.051823 0.0456498 0.039421 0.0332589 0.0272721 0.0215844 0.0163502 0.011743 0.00791892 0.00496617
 0.00770067 0.012514 0.0188471 0.0266538 0.0356984 0.0454188 0.0548812 0.0629878 0.0688555 0.0720834 0.0727431 0.0711904 0.0678875 0.0633054 0.0578745 0.0519479 0.0457862 0.039567 0.0334147 0.0274354 0.0217488 0.0165057 0.0118792 0.00802799 0.00504541
 0.00767306 0.0124762 0.0188021 0.026606 0.0356486 0.0453585 0.0547917 0.062847 0.0686516 0.0718275 0.0724719 0.0709545 0.0677318 0.0632535 0.0579234 0.0520757 0.0459638 0.039769 0.0336233 0.0276395 0.0219406 0.0166777 0.0120244 0.00814169 0.00512702
 0.00763905 0.0124277 0.0187422 0.0265425 0.0355927 0.0453217 0.0547808 0.0628599 0.0686745 0.0718372 0.0724438 0.070876 0.0676114 0.06312 0.0578132 0.0520172 0.0459677 0.0398291 0.0337234 0.0277614 0.0220687 0.0167998 0.0121315 0.00822807 0.00519056
 0.00767241 0.0124701 0.0187845 0.0265702 0.0355911 0.0452839 0.0547135 0.0627818 0.0686082 0.0717973 0.07243 0.070873 0.0675982 0.0630818 0.0577507 0.0519464 0.0459117 0.0398063 0.0337408 0.027814 0.0221438 0.0168832 0.0122108 0.008295 0.00524118
 0.00767557 0.0124871 0.0188309 0.0266647 0.0357475 0.0454995 0.0549625 0.0630204 0.0687901 0.0718928 0.0724349 0.0708037 0.0674776 0.0629284 0.0575758 0.0517594 0.0457254 0.0396377 0.033606 0.0277225 0.0220953 0.0168691 0.012219 0.00831333 0.00526086
 0.00766658 0.0124731 0.0188119 0.0266437 0.0357325 0.045505 0.0550073 0.0631199 0.0689461 0.072086 0.0726278 0.0709548 0.0675578 0.0629297 0.057509 0.0516448 0.0455848 0.0394912 0.0334712 0.0276129 0.0220184 0.0168249 0.012201 0.00831212 0.00526752
 0.00765903 0.0124603 0.0187916 0.0266138 0.0356917 0.0454546 0.0549533 0.0630741 0.0689249 0.0721059 0.0726977 0.0710689 0.0676945 0.0630581 0.0576012 0.0516853 0.0455744 0.0394427 0.0334032 0.0275433 0.0219606 0.0167856 0.0121803 0.00830579 0.00526941
 0.00761635 0.0124054 0.0187353 0.0265744 0.0356889 0.0455004 0.0550451 0.0631948 0.0690507 0.0722164 0.0727831 0.0711306 0.0677396 0.0630913 0.0576202 0.0516824 0.045542 0.0393798 0.0333172 0.027448 0.0218707 0.0167122 0.0121283 0.0082739 0.00525289
 0.0075892 0.0123568 0.0186552 0.0264537 0.0355256 0.0453064 0.0548494 0.0630382 0.0689703 0.0722299 0.0728823 0.0712875 0.0679205 0.0632698 0.0577806 0.0518167 0.0456453 0.0394489 0.0333524 0.0274546 0.0218586 0.0166924 0.0121095 0.00826062 0.00524574
 0.00746574 0.0121669 0.0183894 0.0261103 0.0351103 0.044833 0.054342 0.0625347 0.0685224 0.0718963 0.0727147 0.0713146 0.0681376 0.0636397 0.0582462 0.0523177 0.0461318 0.0398864 0.0337214 0.0277485 0.0220801 0.016851 0.0122179 0.00833147 0.00528998
 0.00742439 0.0120935 0.0182681 0.0259236 0.0348449 0.0444871 0.0539316 0.062093 0.0680926 0.0715218 0.0724323 0.0711534 0.0681177 0.0637681 0.058511 0.052687 0.0465595 0.0403234 0.0341267 0.0280949 0.0223556 0.017056 0.012361 0.00842529 0.00534769
 0.0074311 0.0120887 0.0182317 0.0258265 0.0346558 0.0441837 0.0535118 0.0615801 0.0675332 0.0709763 0.0719635 0.0708149 0.0679459 0.0637779 0.0586963 0.0530225 0.0470043 0.0408267 0.0346356 0.0285637 0.0227531 0.0173677 0.0125876 0.00857811 0.0054431
 0.00720149 0.0117297 0.0177178 0.0251437 0.0338034 0.0431782 0.0523928 0.0604155 0.0664155 0.0700111 0.0712519 0.070435 0.0679381 0.0641384 0.0593803 0.0539553 0.0480955 0.0419824 0.0357683 0.0295999 0.0236395 0.018076 0.0131145 0.00894155 0.00567443
 0.00741628 0.0120481 0.0181389 0.025644 0.0343401 0.0436956 0.052828 0.0607019 0.0664911 0.0698321 0.0708101 0.0697701 0.0671368 0.0633173 0.0586565 0.0534176 0.0477858 0.0418942 0.0358576 0.0298033 0.0238919 0.0183237 0.0133233 0.00909718 0.0057782
 0.0074373 0.0120924 0.018223 0.0257863 0.0345518 0.0439696 0.053131 0.0609786 0.0666793 0.0698825 0.0706986 0.0695 0.0667356 0.0628329 0.0581541 0.0529706 0.0474602 0.0417302 0.0358589 0.0299387 0.0241083 0.0185648 0.013544 0.00927166 0.00589987
 0.00731328 0.0119157 0.0180043 0.0255536 0.0343454 0.043832 0.0530954 0.061059 0.0668642 0.0701335 0.0709571 0.0697032 0.0668353 0.0628097 0.0580223 0.052773 0.0472561 0.0415784 0.0358004 0.0299849 0.0242406 0.0187445 0.0137293 0.00943085 0.00601786
 0.00714647 0.0116428 0.0175926 0.0249779 0.0336015 0.0429528 0.0521623 0.060195 0.0662033 0.0697784 0.0709467 0.0700044 0.06736 0.0634469 0.0586706 0.053365 0.0477665 0.0420176 0.0361965 0.0303631 0.0246092 0.0190929 0.0140358 0.00967649 0.00619498
 0.00714677 0.0116199 0.0175144 0.0247989 0.0332723 0.0424381 0.05146 0.0593482 0.0652997 0.0689371 0.0702931 0.0696386 0.0673284 0.0637291 0.0591892 0.0540145 0.0484479 0.0426631 0.0367758 0.0308734 0.0250574 0.019482 0.0143614 0.00993186 0.00637876
 0.00729058 0.0118287 0.0177805 0.0250941 0.0335495 0.0426368 0.0515153 0.0592028 0.0649219 0.0683392 0.0695412 0.0688448 0.0666234 0.0632253 0.0589487 0.0540354 0.048675 0.0430151 0.0371756 0.0312669 0.0254159 0.019793 0.0146197 0.0101345 0.00652611
 0.00742664 0.0120589 0.0181414 0.0256193 0.0342541 0.0434973 0.0524528 0.0600871 0.0655994 0.0686763 0.0694644 0.068361 0.0658179 0.0622389 0.0579412 0.053145 0.0479868 0.0425514 0.0369087 0.0311446 0.0253855 0.0198143 0.0146655 0.0101871 0.00657426
 0.00746282 0.0121437 0.0183177 0.0259438 0.0347854 0.0442725 0.0534647 0.0612692 0.0668284 0.06979 0.0702929 0.0687653 0.0657265 0.0616703 0.0570007 0.0519952 0.046802 0.0414741 0.0360235 0.0304764 0.0249164 0.0195056 0.0144754 0.0100789 0.0065186
 0.00732359 0.0119267 0.0180112 0.0255512 0.0343331 0.0438188 0.0531007 0.0611046 0.0669575 0.0702511 0.0710401 0.0696713 0.0666166 0.0623748 0.0574053 0.0520715 0.0466062 0.0411162 0.0356233 0.0301254 0.0246601 0.0193484 0.0143964 0.0100502 0.00651587
 0.00707592 0.0115327 0.0174353 0.0247696 0.0333424 0.0426492 0.0518302 0.0598628 0.0659113 0.0695705 0.0708543 0.0700289 0.0674638 0.0635622 0.0587278 0.053327 0.0476519 0.0418967 0.0361622 0.0304901 0.0249216 0.0195547 0.0145681 0.0101898 0.00662108
 0.00699228 0.0113977 0.0172336 0.0244857 0.0329622 0.0421625 0.0512365 0.0591787 0.0651774 0.0688552 0.0702518 0.0696448 0.0673882 0.0638361 0.059319 0.0541314 0.0485247 0.0427017 0.036813 0.0309644 0.0252456 0.0197736 0.0147214 0.0103012 0.00670136
#obs surv len freq
 nan nan nan nan nan nan nan nan nan nan nan nan nan nan nan nan nan nan nan nan nan nan nan nan nan
 0.00448643 0.00734845 0.0111789 0.0159951 0.0216951 0.0279695 0.0342822 0.0400122 0.044691 0.0481544 0.0505124 0.0520085 0.0529011 0.0534138 0.0537284 0.0539835 0.0542623 0.0545551 0.0546939 0.0542859 0.052724 0.0493561 0.0438059 0.036286 0.0276697
 0.0046153 0.00756102 0.011504 0.0164606 0.0223203 0.0287548 0.0351987 0.0409994 0.0456652 0.0490267 0.0512049 0.0524665 0.0530977 0.0533492 0.0534254 0.0534798 0.0536015 0.0537801 0.0538438 0.0533975 0.0518363 0.0485124 0.043051 0.0356581 0.0271898
 0.0047771 0.00782524 0.0119041 0.0170286 0.0230816 0.029718 0.0363448 0.0422759 0.04699 0.0502996 0.0523227 0.0533363 0.0536478 0.0535379 0.0532443 0.0529514 0.0527718 0.0527092 0.0525984 0.0520482 0.0504582 0.0471861 0.0418562 0.0346606 0.026426
 0.00496275 0.00812935 0.0123661 0.0176868 0.0239656 0.0308377 0.0376785 0.0437653 0.0485483 0.0518258 0.0537151 0.0544995 0.0544971 0.0540039 0.0532805 0.0525411 0.0519317 0.0514876 0.0510709 0.0503123 0.0486293 0.0453909 0.0402199 0.0332852 0.0253689
 0.00518321 0.00848943 0.0129111 0.0184602 0.0250007 0.0321446 0.0392309 0.0454951 0.0503548 0.0535943 0.0553341 0.0558705 0.0555365 0.0546424 0.0534625 0.0522289 0.0511119 0.05018 0.0493351 0.0482513 0.046387 0.0431397 0.0381366 0.0315172 0.0240019
 0.00542189 0.00887935 0.0135015 0.0192983 0.026123 0.0335628 0.040917 0.0473765 0.0523238 0.055528 0.0571134 0.0573914 0.0567125 0.0554036 0.0537528 0.0520045 0.0503446 0.0488666 0.0475117 0.0460085 0.0438757 0.0405611 0.0357102 0.0294334 0.0223778
 0.00565863 0.00926885 0.0140964 0.0201506 0.0272743 0.0350284 0.0426697 0.0493408 0.0543866 0.0575603 0.0589911 0.0590063 0.0579764 0.0562459 0.0541178 0.0518477 0.0496326 0.047584 0.0456772 0.0436958 0.0412294 0.0377926 0.0330647 0.0271341 0.0205696
 0.00588907 0.00964703 0.0146725 0.0209742 0.0283861 0.0364456 0.044371 0.0512596 0.0564189 0.0595834 0.0608819 0.0606541 0.059288 0.057147 0.0545503 0.051766 0.0490012 0.0463818 0.0439117 0.0414262 0.0385881 0.034987 0.0303479 0.0247465 0.0186752
 0.00612553 0.010034 0.0152596 0.0218095 0.029507 0.037865 0.0460622 0.0531517 0.0584063 0.0615463 0.0627048 0.0622361 0.0605451 0.0580114 0.0549677 0.0516926 0.0484016 0.0452324 0.042214 0.0392286 0.0360093 0.0322234 0.0276482 0.0223543 0.0167632
 0.00638734 0.0104609 0.0159043 0.0227215 0.0307222 0.0393903 0.04786 0.0551349 0.0604521 0.0635202 0.0644844 0.0637236 0.0616694 0.0587235 0.0552342 0.051488 0.0477042 0.0440263 0.0405008 0.0370504 0.0334728 0.0295101 0.0249938 0.0199949 0.0148701
 0.0066263 0.0108574 0.0165157 0.0236053 0.0319238 0.0409231 0.0496866 0.0571613 0.0625423 0.0655249 0.0662675 0.0651778 0.0627215 0.059331 0.0553781 0.051163 0.0469099 0.0427644 0.0387838 0.034921 0.0310284 0.0269149 0.0224627 0.0177458 0.0130634
 0.00685017 0.0112221 0.0170665 0.0243858 0.0329691 0.0422482 0.0512717 0.0589444 0.0644232 0.0673801 0.0679686 0.0666077 0.0637868 0.0599689 0.0555567 0.050875 0.0461631 0.0415749 0.037178 0.0329491 0.0287836 0.0245454 0.020159 0.0157013 0.0114206
 0.00706873 0.0115804 0.0176108 0.0251602 0.0340056 0.0435522 0.0528081 0.0606351 0.0661602 0.0690482 0.0694633 0.0678433 0.0646955 0.0605 0.0556766 0.0505681 0.0454308 0.0404338 0.0356604 0.031111 0.026717 0.0223861 0.0180758 0.0138618 0.00994702
 0.00727477 0.0119221 0.018137 0.0259197 0.0350357 0.0448614 0.0543594 0.0623412 0.0678975 0.0706828 0.0708767 0.0689473 0.0654356 0.0608506 0.0556324 0.0501357 0.0446242 0.039274 0.034181 0.0293669 0.0247951 0.0204092 0.0161916 0.0122132 0.00863511
 0.00742111 0.0121611 0.0184996 0.0264367 0.0357343 0.0457569 0.055446 0.0635842 0.0692334 0.0720255 0.0721292 0.0700141 0.0662362 0.0613282 0.0557577 0.0499031 0.0440448 0.0383705 0.0329877 0.027936 0.0232054 0.0187686 0.0146268 0.0108451 0.00754773
 0.00752585 0.0123311 0.0187551 0.0267969 0.0362144 0.046364 0.0561736 0.0644109 0.0701255 0.0729423 0.073025 0.0708387 0.0669336 0.0618408 0.0560334 0.0499037 0.0437516 0.0377854 0.0321333 0.0268572 0.021972 0.0174751 0.0133822 0.00975171 0.0066766
 0.00761314 0.0124709 0.0189616 0.0270821 0.0365858 0.0468222 0.0567088 0.0650025 0.0707456 0.0735616 0.0736179 0.0713828 0.0674069 0.0622168 0.0562789 0.0499821 0.0436289 0.0374397 0.0315628 0.0260862 0.0210532 0.0164866 0.0124164 0.00889554 0.00599089
 0.00766261 0.0125449 0.0190613 0.0272055 0.0367302 0.0469865 0.0568963 0.0652195 0.0709989 0.0738546 0.0739482 0.0717411 0.0677763 0.0625732 0.0565915 0.0502135 0.0437391 0.0373926 0.0313356 0.0256789 0.0204953 0.0158354 0.0117469 0.00828252 0.00548946
 0.00774322 0.0126674 0.0192295 0.0274162 0.0369733 0.0472462 0.0571525 0.0654518 0.0711919 0.0740042 0.0740627 0.0718374 0.0678712 0.0626756 0.056697 0.0503044 0.0437867 0.0373632 0.0311991 0.0254198 0.020121 0.0153799 0.0112635 0.00782944 0.00511272
 0.00778241 0.012732 0.0193278 0.0275554 0.0371564 0.0474684 0.0573985 0.0656965 0.0714071 0.0741671 0.0741639 0.0718823 0.067877 0.0626637 0.0566845 0.0502972 0.0437766 0.0373293 0.0311152 0.0252641 0.0198867 0.0150813 0.010934 0.00751099 0.00484163
 0.00780979 0.0127697 0.0193725 0.0276008 0.0371965 0.0475018 0.0574306 0.0657375 0.0714664 0.0742469 0.0742573 0.0719766 0.0679604 0.0627304 0.056736 0.0503384 0.0438093 0.0373475 0.0311049 0.0252085 0.0197754 0.0149174 0.0107363 0.00730796 0.00466118
 0.00785842 0.0128402 0.0194623 0.0277013 0.0372946 0.0475829 0.0574827 0.0657547 0.0714509 0.07421 0.074216 0.0719472 0.0679521 0.062743 0.0567625 0.0503701 0.0438386 0.0373677 0.0311078 0.0251845 0.0197164 0.0148225 0.0106149 0.00717763 0.00454123
 0.00786184 0.0128481 0.019478 0.0277285 0.0373349 0.0476335 0.0575343 0.0657937 0.0714644 0.0741921 0.0741714 0.0718905 0.0679019 0.0627151 0.0567642 0.0503989 0.0438849 0.0374185 0.0311501 0.0252069 0.0197112 0.0147876 0.0105554 0.00710495 0.00446913
 0.00788275 0.0128745 0.019504 0.0277448 0.0373324 0.0476082 0.0574906 0.0657427 0.0714183 0.074158 0.0741492 0.0718757 0.0678914 0.0627105 0.056771 0.0504225 0.043926 0.037472 0.0312058 0.0252532 0.0197383 0.0147909 0.0105364 0.00707095 0.00442993
 0.0079161 0.0129251 0.0195731 0.0278297 0.0374261 0.0476987 0.0575628 0.0657814 0.0714141 0.074112 0.0740728 0.0717859 0.0678037 0.0626346 0.0567115 0.0503811 0.0439033 0.0374666 0.0312134 0.0252663 0.0197485 0.0147915 0.0105254 0.00705065 0.00440565
 0.00789939 0.0129008 0.0195418 0.0277939 0.0373893 0.0476647 0.0575337 0.0657576 0.0713938 0.0740921 0.0740513 0.0717637 0.0677851 0.0626258 0.0567179 0.0504047 0.0439426 0.0375175 0.0312702 0.0253223 0.0197971 0.0148275 0.0105462 0.00705773 0.00440318
 0.00790467 0.0129028 0.0195332 0.0277644 0.03733 0.0475726 0.0574163 0.0656317 0.07128 0.0740075 0.074004 0.0717524 0.0678028 0.0626645 0.0567713 0.0504693 0.0440161 0.0375971 0.0313518 0.0254004 0.0198659 0.0148823 0.0105847 0.00708065 0.00441386
 0.00787063 0.0128539 0.0194711 0.0276938 0.0372556 0.0474964 0.0573355 0.0655417 0.0711798 0.0739042 0.0739124 0.0716903 0.0677831 0.0626903 0.0568366 0.0505628 0.0441258 0.0377131 0.0314661 0.0255067 0.0199587 0.0149575 0.0106405 0.00711784 0.00443565
 0.00786435 0.0128326 0.0194192 0.0275922 0.0370887 0.0472619 0.0570521 0.0652458 0.0709139 0.0737018 0.0737903 0.0716494 0.0678158 0.0627865 0.0569852 0.0507505 0.0443371 0.0379314 0.0316764 0.0256972 0.0201212 0.0150875 0.0107374 0.00718437 0.00447725
 0.00785933 0.012828 0.0194178 0.0275962 0.0370961 0.0472629 0.0570281 0.0651761 0.0707865 0.0735236 0.0735879 0.0714597 0.0676721 0.0627084 0.0569767 0.0508042 0.044439 0.038065 0.0318249 0.0258449 0.0202556 0.0152001 0.0108242 0.00724574 0.00451677
 0.00782045 0.0127643 0.0193217 0.027462 0.036923 0.0470584 0.0568092 0.0649657 0.0706056 0.0733837 0.0734896 0.0713993 0.067649 0.0627281 0.0570464 0.0509267 0.0446086 0.0382679 0.0320425 0.0260584 0.0204489 0.0153619 0.0109493 0.00733473 0.00457467
 0.0078156 0.0127513 0.0192926 0.0274061 0.0368295 0.0469205 0.0566286 0.0647549 0.070386 0.0731809 0.0733264 0.0712902 0.0675985 0.0627327 0.0571002 0.0510242 0.0447451 0.0384364 0.0322319 0.0262533 0.0206331 0.0155219 0.0110766 0.00742744 0.00463618
 0.00778636 0.0127047 0.0192242 0.0273121 0.0367065 0.0467666 0.056445 0.0645471 0.0701656 0.0729653 0.0731374 0.0711498 0.0675237 0.0627314 0.0571699 0.0511544 0.0449213 0.0386434 0.0324547 0.026477 0.0208426 0.0157042 0.011223 0.00753515 0.00470845
 0.00774761 0.0126419 0.0191303 0.0271811 0.0365357 0.0465585 0.0562095 0.064301 0.069929 0.0727571 0.0729721 0.0710377 0.067472 0.0627451 0.0572502 0.051297 0.0451159 0.0388745 0.0327043 0.0267266 0.0210754 0.0159064 0.0113857 0.0076556 0.0047899
 0.0076971 0.0125616 0.019013 0.0270215 0.0363318 0.0463137 0.0559341 0.0640135 0.0696533 0.0725179 0.0727904 0.0709271 0.0674384 0.0627874 0.0573626 0.0514709 0.0453398 0.0391341 0.0329825 0.0270046 0.0213347 0.0161316 0.0115671 0.00779015 0.00488122
 0.00768604 0.0125401 0.0189739 0.0269562 0.0362319 0.0461743 0.0557571 0.063808 0.0694345 0.0723039 0.072599 0.0707744 0.0673373 0.0627467 0.0573859 0.0515564 0.0454808 0.0393197 0.033198 0.0272326 0.0215568 0.0163313 0.0117322 0.00791528 0.00496762
 0.00766104 0.012502 0.0189211 0.0268881 0.0361483 0.0460744 0.0556393 0.0636717 0.0692819 0.0721417 0.0724393 0.0706321 0.0672275 0.0626821 0.0573749 0.0516019 0.0455807 0.0394665 0.0333795 0.027433 0.0217585 0.0165171 0.0118891 0.00803616 0.00505226
 0.00763627 0.0124615 0.01886 0.0268023 0.0360362 0.0459385 0.0554876 0.0635163 0.0691357 0.0720143 0.0723349 0.0705517 0.067172 0.0626547 0.0573808 0.0516467 0.0456671 0.0395928 0.0335385 0.0276126 0.0219431 0.0166907 0.0120382 0.00815271 0.00513493
 0.00761803 0.0124305 0.018811 0.0267297 0.0359353 0.045808 0.0553314 0.0633447 0.0689639 0.071859 0.0722105 0.070467 0.0671299 0.0626527 0.0574149 0.0517134 0.0457644 0.0397188 0.0336891 0.0277798 0.022115 0.0168536 0.0121796 0.00826462 0.00521517
 0.00759201 0.0123921 0.01876 0.026668 0.0358655 0.0457315 0.055248 0.063253 0.0688636 0.0717533 0.0721066 0.0703756 0.0670616 0.0626159 0.0574133 0.0517467 0.0458296 0.039812 0.0338055 0.0279126 0.022255 0.0169895 0.0123004 0.00836223 0.00528652
 0.00758466 0.0123794 0.0187398 0.0266382 0.0358251 0.0456819 0.0551929 0.0631977 0.0688121 0.0717062 0.0720615 0.0703292 0.0670134 0.0625702 0.0573779 0.05173 0.0458379 0.0398475 0.0338667 0.0279946 0.02235 0.0170878 0.0123919 0.00843905 0.00534441
 0.00757316 0.0123615 0.0187142 0.0266043 0.0357826 0.0456311 0.0551352 0.063136 0.068751 0.0716511 0.072017 0.0702974 0.0669937 0.0625599 0.0573753 0.0517358 0.0458551 0.0398801 0.0339168 0.0280611 0.0224282 0.01717 0.0124697 0.00850519 0.00539493
 0.007528 0.0122936 0.0186223 0.0264911 0.0356542 0.0454957 0.0550023 0.0630154 0.0686522 0.0715814 0.0719806 0.0702951 0.0670227 0.062615 0.0574495 0.0518222 0.0459483 0.0399773 0.0340169 0.0281631 0.0225296 0.0172662 0.0125552 0.00857521 0.00544716
 0.00753408 0.0122987 0.0186214 0.0264771 0.0356202 0.045439 0.0549265 0.0629302 0.0685695 0.0715115 0.0719288 0.0702622 0.0670073 0.062615 0.0574635 0.0518486 0.0459855 0.0400234 0.0340703 0.0282223 0.0225922 0.0173288 0.0126134 0.00862485 0.00548547
 0.00753107 0.012297 0.0186243 0.0264885 0.0356426 0.0454698 0.0549573 0.0629486 0.0685646 0.0714791 0.071874 0.0701963 0.0669427 0.0625611 0.0574249 0.0518264 0.0459788 0.0400306 0.0340894 0.0282511 0.022628 0.0173683 0.0126525 0.00865968 0.00551332
 0.00751938 0.0122787 0.0185986 0.0264556 0.0356048 0.0454318 0.0549257 0.0629297 0.0685609 0.0714877 0.0718866 0.0702041 0.0669408 0.0625507 0.0574118 0.0518173 0.0459786 0.0400412 0.0341104 0.0282805 0.0226629 0.0174054 0.0126882 0.00869085 0.00553792
 0.00750467 0.0122546 0.0185619 0.0264038 0.0355365 0.0453486 0.0548333 0.0628382 0.0684829 0.0714347 0.0718654 0.0702144 0.0669757 0.0625999 0.0574658 0.0518707 0.0460302 0.0400922 0.0341622 0.0283331 0.0227149 0.0174543 0.0127314 0.00872622 0.00556448
 0.00749067 0.0122307 0.0185241 0.0263477 0.0354586 0.0452483 0.0547144 0.0627095 0.0683575 0.0713271 0.071789 0.0701785 0.0669837 0.0626482 0.057545 0.0519683 0.0461345 0.040195 0.0342588 0.0284215 0.0227938 0.0175224 0.0127875 0.00876963 0.00559562
 0.00747508 0.0122064 0.0184891 0.0263008 0.0353989 0.0451753 0.0546285 0.0626129 0.0682547 0.0712254 0.0716984 0.0701099 0.0669469 0.0626494 0.0575846 0.0520411 0.0462306 0.0403028 0.0343678 0.0285238 0.0228848 0.0175993 0.0128491 0.00881613 0.00562822
 0.00747508 0.0122064 0.0184891 0.0263008 0.0353989 0.0451753 0.0546285 0.0626129 0.0682547 0.0712254 0.0716984 0.0701099 0.0669469 0.0626494 0.0575846 0.0520411 0.0462306 0.0403028 0.0343678 0.0285238 0.0228848 0.0175993 0.0128491 0.00881613 0.00562822
 0.00721623 0.0117927 0.0178817 0.0254737 0.0343506 0.0439434 0.0533008 0.0613227 0.0671546 0.070448 0.0713239 0.070155 0.0673721 0.0633783 0.0585236 0.0530957 0.0473168 0.0413519 0.0353288 0.0293624 0.0235818 0.0181495 0.0132592 0.0091025 0.00581409
 0.00738412 0.0120305 0.0181731 0.0257774 0.0346069 0.0440876 0.053278 0.0611007 0.0667342 0.0698687 0.0706612 0.069505 0.0668282 0.0630081 0.0583567 0.0531233 0.0475017 0.0416425 0.0356713 0.0297103 0.0239004 0.0184174 0.0134674 0.00925216 0.00591319
 0.00728049 0.0118936 0.0180239 0.0256506 0.0345357 0.0440818 0.0533102 0.0611107 0.0666535 0.0696523 0.0703092 0.0690647 0.0663788 0.0626365 0.0581334 0.0530866 0.0476513 0.0419447 0.0360716 0.030148 0.0243219 0.018784 0.0137585 0.00946387 0.00605411
 0.00727645 0.0118745 0.0179741 0.0255531 0.034383 0.0438882 0.0531155 0.060967 0.0665968 0.069677 0.0703647 0.0690812 0.0663063 0.0624721 0.0579226 0.0529002 0.0475545 0.0419733 0.0362237 0.030391 0.0246075 0.0190651 0.0140005 0.00964957 0.00618219
 0.00712688 0.0116438 0.0176498 0.0251313 0.0338682 0.0432941 0.0524694 0.0603159 0.0660076 0.0692261 0.0701159 0.0690602 0.0664887 0.0627946 0.0583132 0.0533095 0.0479682 0.0424017 0.036679 0.030869 0.0250838 0.0195041 0.01437 0.00993184 0.00637727
 0.00703844 0.0114874 0.0173923 0.0247368 0.0333099 0.0425708 0.0516185 0.0594122 0.0651471 0.068502 0.069601 0.0688005 0.0665005 0.0630621 0.0587895 0.0539266 0.0486565 0.0431079 0.0373713 0.0315291 0.0256942 0.0200432 0.0148161 0.0102722 0.00661404
 0.00710599 0.011593 0.0175412 0.0249259 0.0335217 0.0427688 0.0517476 0.0594102 0.0649666 0.0681334 0.0690833 0.0682113 0.0659335 0.062601 0.0584895 0.0538063 0.048701 0.0432805 0.037629 0.0318331 0.026013 0.0203499 0.0150877 0.0104919 0.00677483
 0.00713987 0.0116593 0.0176612 0.0251246 0.0338197 0.043169 0.052223 0.0599002 0.0653863 0.0683943 0.0691184 0.0679968 0.0654988 0.0620223 0.0578676 0.0532381 0.0482556 0.0429886 0.0374861 0.031812 0.026077 0.020462 0.0152159 0.0106117 0.00687141
 0.00719207 0.0117471 0.0177992 0.0253296 0.0341082 0.0435527 0.0527017 0.0604548 0.0659739 0.0689487 0.0695576 0.0682399 0.0654882 0.0617445 0.0573622 0.0525888 0.0475664 0.0423546 0.0369718 0.0314435 0.0258475 0.0203444 0.0151751 0.0106148 0.0068928
 0.00705842 0.0115433 0.0175188 0.0249783 0.0337063 0.043136 0.0523215 0.0601732 0.0658511 0.0690242 0.0698331 0.0686721 0.0659955 0.0622291 0.0577392 0.0528124 0.0476412 0.0423268 0.0369052 0.0313929 0.0258425 0.0203868 0.0152487 0.0106972 0.00696609
 0.00692193 0.0113111 0.0171518 0.0244383 0.03297 0.0422149 0.0512783 0.0591214 0.0649321 0.0683715 0.0695391 0.0687691 0.0664523 0.0629595 0.0586226 0.0537223 0.0484757 0.0430295 0.0374677 0.0318392 0.0262055 0.0206904 0.0155017 0.010899 0.00711526
 0.00697908 0.0113887 0.0172388 0.0245102 0.0329899 0.0421387 0.0510641 0.0587429 0.0643952 0.0677258 0.0688763 0.0682025 0.0660847 0.0628515 0.0587751 0.0540801 0.0489492 0.0435259 0.0379181 0.0322112 0.0264981 0.0209183 0.0156803 0.0110375 0.00721783
#pred catch len freq
 0.00310909 0.0050455 0.00761074 0.0108494 0.0148052 0.0194763 0.0247538 0.0304078 0.0361307 0.0415974 0.0465114 0.0506438 0.0538668 0.0561667 0.0576303 0.0584242 0.0587761 0.0589347 0.0590654 0.0590764 0.0584663 0.0563703 0.0519187 0.0447877 0.0355754
 0.00336916 0.00540489 0.00803652 0.0112771 0.0151641 0.0197248 0.0249016 0.0305061 0.0362352 0.04173 0.0466504 0.0507493 0.0539227 0.0562084 0.0577378 0.0586801 0.0592086 0.0594748 0.0595437 0.0592725 0.0581987 0.0555841 0.0507232 0.0434148 0.0342813
 0.00345737 0.00558551 0.00837206 0.0118354 0.0159859 0.0207829 0.0260794 0.0316224 0.0371137 0.0422725 0.0468644 0.0507153 0.053736 0.0559424 0.0574454 0.0584107 0.0590059 0.059346 0.0594251 0.0590297 0.0576798 0.0547043 0.0495258 0.0420658 0.0329962
 0.00359051 0.00578836 0.00865763 0.0122212 0.0165074 0.0215018 0.0270705 0.0329299 0.0386934 0.0439608 0.0484104 0.0518713 0.054354 0.0560164 0.0570828 0.0577662 0.0582206 0.0585104 0.0585611 0.0580923 0.0565897 0.0534078 0.0480532 0.0405436 0.0315986
 0.00379507 0.00610937 0.00911873 0.0128359 0.0172775 0.0224183 0.0281176 0.0340944 0.0399723 0.0453525 0.0498818 0.0533203 0.0556042 0.0568662 0.057386 0.0574902 0.0574461 0.0573767 0.0571976 0.0565763 0.0549485 0.0516602 0.0462576 0.0388155 0.0300811
 0.00405667 0.00652269 0.00971919 0.0136502 0.0183212 0.0236905 0.0295924 0.0357152 0.0416565 0.0470084 0.051428 0.0546936 0.056747 0.0577038 0.0578177 0.0574128 0.0567996 0.0561774 0.0555338 0.0545728 0.0527333 0.0493573 0.0439998 0.0367488 0.0283415
 0.00431287 0.00693619 0.0103369 0.0145162 0.0194718 0.0251442 0.0313361 0.0376934 0.0437701 0.049126 0.0534052 0.0563961 0.0580699 0.0585777 0.0581979 0.0572618 0.0560808 0.0548718 0.0536674 0.0522344 0.0500719 0.046565 0.0412881 0.0343194 0.0263488
 0.00455933 0.00733306 0.0109289 0.0153473 0.020583 0.0265668 0.0330793 0.0397296 0.0460254 0.0514798 0.0557005 0.0584598 0.0597401 0.0597278 0.0587477 0.0571724 0.0553399 0.0534847 0.0516645 0.0496938 0.0471398 0.0434567 0.0382607 0.0316205 0.0241589
