SBPRF35
9.51054
Curr Bio
573122
B35
764675
F35
0.194043
FOFL
0.142594
OFL
65851
Bzero
2.7173e+06
#pred survey bio
 4.13192e+06 3.97481e+06 3.81265e+06 3.59659e+06 3.33552e+06 3.05782e+06 2.76625e+06 2.47477e+06 2.21729e+06 1.98232e+06 1.75648e+06 1.56958e+06 1.39368e+06 1.22369e+06 1.08768e+06 951226 844662 764311 714976 684930 663619 641334 619968 610708 593157 594232 589749 579807 571979 571160 571200 576857 582439 576794 572196 557381 545893 531305 534969 540089 541790 546776 553549 551649 557330 558802 564651 571811 575032 570999 578790 2.02027e+07 1.21302e+07 1.2441e+07 1.33185e+07 1.45376e+07 1.58411e+07 1.7057e+07 1.81006e+07 1.89486e+07 1.96123e+07 2.01187e+07 2.04987e+07 2.07806e+07 2.09885e+07 2.11415e+07 2.1254e+07 2.1337e+07 2.13985e+07 2.14442e+07 2.14784e+07 2.15041e+07 2.15235e+07 2.15383e+07 2.15497e+07 2.15584e+07 2.15651e+07 2.15703e+07 2.15743e+07 2.15774e+07 2.15799e+07 2.15818e+07 2.15833e+07 2.15845e+07 2.15854e+07 2.15862e+07 2.15867e+07 2.15872e+07 2.15876e+07 2.15878e+07 2.15881e+07 2.15883e+07 2.15884e+07 2.15885e+07 2.15886e+07 2.15887e+07 2.15887e+07 2.15888e+07 2.15888e+07 2.15888e+07 2.15889e+07 2.15889e+07 2.15889e+07 2.15889e+07 2.15889e+07 2.15889e+07 2.15889e+07 2.15889e+07 2.15889e+07 2.15889e+07 2.15889e+07 2.15889e+07 2.15889e+07 2.15889e+07 2.15889e+07 2.15889e+07 2.15889e+07 2.15889e+07 2.15889e+07 2.15889e+07 2.15889e+07 2.15889e+07 2.15889e+07 2.15889e+07 2.15889e+07 2.15889e+07 2.15889e+07 2.15889e+07 2.15889e+07 2.15889e+07 2.15889e+07 2.15889e+07 2.15889e+07 2.15889e+07 2.15889e+07 2.15889e+07 2.15889e+07 2.15889e+07 2.15889e+07 2.15889e+07 2.15889e+07 2.15889e+07 2.15889e+07 2.15889e+07 2.15889e+07 2.15889e+07 2.15889e+07 2.15889e+07 2.15889e+07 2.15889e+07 2.15889e+07 0 0 0 0 0 0 0 0 0 0 0 0 0 0 0 0 0 0 0 0 0 0 0 0 0
#obs survey bio
 2.98586e+06 3.71642e+06 3.34358e+06 1.99245e+06 3.24079e+06 3.502e+06 2.39866e+06 2.17614e+06 1.99413e+06 1.57807e+06 1.39724e+06 1.09981e+06 1.35313e+06 966279 1.09737e+06 1.53558e+06 631934 842794 718782 813504 521293 532281 523555 491617 471681 551149 621512 334498 630638 377370 510249 474961 466116 484298 567635 595546 425211 409969 687236 658931 655900 578310 632876 785153 447888 596305 492724 441354 509100 614277 677403
#pred catch bio
 95036.5 97790.5 152091 206626 241259 277324 302455 295708 296576 305803 283958 282022 279620 249292 246201 215251 187868 157125 137606 128211 127522 124979 113068 118079 100845 104850 108490 105700 98857.1 97167.3 91466.2 90323.3 97261.2 92688.9 97474.5 92866.5 97345.8 85314.8 86651.9 90065.8 86839.8 85050.7 92282.3 86350.3 91088.6 88861.3 89339.7 93420.5 99027.5 87440.8 91453.7 65851 87404.2 88275 93134.4 101193 110147 118484 125523 131106 135342 138454 140685 142254 143342 144088 144594 144935 145164 145316 145418 145485 145529 145559 145578 145590 145599 145604 145608 145610 145612 145613 145613 145614 145614 145614 145614 145614 145614 145614 145614 145614 145614 145614 145614 145614 145614 145614 145614 145614 145614 145614 145614 145614 145614 145614 145614 145614 145614 145614 145614 145614 145614 145614 145614 145614 145614 145614 145614 145614 145614 145614 145614 145614 145614 145614 145614 145614 145614 145614 145614 145614 145614 145614 145614 145614 145614 145614 145614 145614 145614 145614 145614 145614 145614 145614 145614 145614 145614 145614 145614 0 0 0 0 0 0 0 0 0 0 0 0 0 0 0 0 0 0 0 0 0 0 0 0 0
#obs catch bio
 0 97542.6 152669 208083 243209 280103 307241 301975 302685 314378 292359 291278 288094 256230 252538 218101 191726 159447 139400 129298 129393 126888 114769 120075 101862 105967 109495 107519 100134 98786.2 92530.2 91436.5 98696.2 93240.9 97959.6 93228.9 97785.3 85590.7 86628.6 90005.2 86633 84564.1 91729.9 85872.5 91000 88698.5 89618.9 93941.6 99289.6 87525.5 91477
#pred cpue bio
 4.06307e+06 3.9096e+06 3.75072e+06 3.53598e+06 3.27566e+06 2.99887e+06 2.70831e+06 2.4179e+06 2.1615e+06 1.92777e+06 1.70355e+06 1.51839e+06 1.34492e+06 1.17791e+06 1.04462e+06 911383 807464 729269 681558 652661 632013 610278 589552 580791 564089 565328 561102 551430 543842 543283 543662 549513 555434 550678 547051 533282 521673 506013 508513 513507 515613 520856 527609 525674 530940 532059 537410 544189 547418 543752 552014 1.93206e+07 1.16211e+07 1.17933e+07 1.25039e+07 1.36576e+07 1.4944e+07 1.61562e+07 1.71991e+07 1.80469e+07 1.87105e+07 1.9217e+07 1.95969e+07 1.98789e+07 2.00868e+07 2.02397e+07 2.03523e+07 2.04353e+07 2.04967e+07 2.05424e+07 2.05766e+07 2.06024e+07 2.06218e+07 2.06366e+07 2.06479e+07 2.06566e+07 2.06634e+07 2.06685e+07 2.06726e+07 2.06757e+07 2.06782e+07 2.06801e+07 2.06816e+07 2.06828e+07 2.06837e+07 2.06844e+07 2.0685e+07 2.06855e+07 2.06858e+07 2.06861e+07 2.06863e+07 2.06865e+07 2.06867e+07 2.06868e+07 2.06869e+07 2.06869e+07 2.0687e+07 2.0687e+07 2.06871e+07 2.06871e+07 2.06871e+07 2.06871e+07 2.06872e+07 2.06872e+07 2.06872e+07 2.06872e+07 2.06872e+07 2.06872e+07 2.06872e+07 2.06872e+07 2.06872e+07 2.06872e+07 2.06872e+07 2.06872e+07 2.06872e+07 2.06872e+07 2.06872e+07 2.06872e+07 2.06872e+07 2.06872e+07 2.06872e+07 2.06872e+07 2.06872e+07 2.06872e+07 2.06872e+07 2.06872e+07 2.06872e+07 2.06872e+07 2.06872e+07 2.06872e+07 2.06872e+07 2.06872e+07 2.06872e+07 2.06872e+07 2.06872e+07 2.06872e+07 2.06872e+07 2.06872e+07 2.06872e+07 2.06872e+07 2.06872e+07 2.06872e+07 2.06872e+07 2.06872e+07 2.06872e+07 2.06872e+07 2.06872e+07 2.06872e+07 2.06872e+07 2.06872e+07 2.06872e+07 0 0 0 0 0 0 0 0 0 0 0 0 0 0 0 0 0 0 0 0 0 0 0 0 0
#obs cpue bio
 3.80217e+06 3.82108e+06 2.13025e+06 3.77805e+06 2.75041e+06 2.41281e+06 1.71527e+06 1.20837e+06 2.38186e+06 1.30376e+06 1.23466e+06 1.44849e+06 1.3839e+06 1.03951e+06 1.03249e+06 787274 547943 618240 558369 605364 466534 591614 463823 639810 656478 567368 533270 438312 479768 511291 643407 499583 580748 961684 630432 449769 723824 549905 554969 465343 479209 655173 574661 339481 526067 513108 400953 562926 847315 457121 594009
#pred surv len freq
 0.00558629 0.0089624 0.0132863 0.0184698 0.0243482 0.0306196 0.0368072 0.0423593 0.046855 0.0501531 0.0523733 0.0537653 0.0545851 0.0550291 0.0552104 0.055156 0.0548203 0.0541059 0.0528688 0.0509005 0.0479178 0.0436261 0.0378881 0.0309236 0.0233826
 0.00578687 0.00918535 0.0134373 0.0184129 0.0239622 0.0298742 0.0358128 0.0413424 0.0460617 0.0497343 0.0523218 0.0539397 0.0547965 0.0551369 0.055181 0.0550663 0.0548113 0.0543094 0.0533394 0.0515839 0.0486731 0.044291 0.0383495 0.0311555 0.0234346
 0.00612958 0.00971336 0.0141704 0.0193313 0.0249901 0.0308713 0.0365874 0.0417047 0.0459067 0.0491076 0.0514132 0.0529925 0.0539889 0.0545165 0.0546895 0.0546234 0.0543903 0.0539549 0.0531247 0.0515471 0.0487806 0.044452 0.0384677 0.0311784 0.023368
 0.00638699 0.0101382 0.0148208 0.0202626 0.0262384 0.0324269 0.0383649 0.0435286 0.0475307 0.0502737 0.0519332 0.0528172 0.0532246 0.0533716 0.0533804 0.0532994 0.0531205 0.0527659 0.0520423 0.050604 0.0479957 0.0438132 0.0379404 0.0307307 0.022989
 0.00666785 0.0105813 0.0154642 0.0211375 0.0273697 0.0338301 0.0400349 0.0454214 0.0495445 0.0522393 0.0536261 0.0539995 0.0537115 0.0530951 0.0524139 0.0518227 0.0513487 0.0508858 0.0501869 0.0488606 0.046422 0.0424454 0.0367953 0.0298104 0.0222853
 0.00702143 0.011131 0.0162452 0.0221673 0.028648 0.0353399 0.0417413 0.0472702 0.0514655 0.054148 0.0554183 0.0555399 0.0548335 0.0536272 0.0522308 0.0508972 0.0497702 0.0488336 0.0478758 0.0464923 0.0441592 0.0404076 0.0350624 0.0284242 0.0212499
 0.00738337 0.0117061 0.0170854 0.0233109 0.0301119 0.0371085 0.0437556 0.0494276 0.053637 0.0562065 0.0572584 0.0570791 0.0559949 0.0543209 0.0523518 0.0503501 0.0485126 0.0469132 0.0454378 0.043752 0.0413571 0.0377662 0.0327554 0.0265585 0.0198591
 0.00772001 0.0122447 0.0178803 0.0244078 0.0315413 0.0388736 0.0458179 0.051699 0.0559871 0.0584834 0.0593143 0.05879 0.0572682 0.0550903 0.0525626 0.0499482 0.047451 0.0451804 0.0430941 0.0409498 0.0383286 0.0347809 0.0300627 0.024337 0.0181871
 0.00807543 0.0127984 0.0186698 0.025455 0.0328531 0.0404427 0.0476179 0.0536782 0.0580663 0.0605604 0.0612725 0.0605085 0.0586336 0.056006 0.0529531 0.0497568 0.0466361 0.043723 0.0410208 0.0383617 0.0354158 0.0318024 0.0272932 0.021999 0.0164002
 0.00837702 0.0132836 0.0193899 0.026453 0.0341541 0.0420405 0.0494633 0.0556783 0.0601026 0.062515 0.0630471 0.0620263 0.0598298 0.0568184 0.053319 0.0496155 0.0459362 0.0424328 0.0391471 0.0359751 0.0326706 0.0289311 0.0245647 0.0196511 0.0145778
 0.00863221 0.0136988 0.0200159 0.027338 0.0353359 0.0435325 0.0512382 0.0576599 0.062172 0.0645312 0.064872 0.0635458 0.0609645 0.057522 0.0535664 0.0493876 0.0452113 0.0411909 0.0373887 0.0337496 0.0301013 0.0262188 0.0219562 0.017378 0.0127923
 0.00879173 0.0139611 0.0204171 0.027916 0.0361263 0.04456 0.0525057 0.0591396 0.0638038 0.066227 0.0665243 0.0650393 0.0621902 0.0583912 0.0540184 0.0493879 0.0447425 0.0402464 0.0359772 0.0319137 0.0279411 0.0239014 0.0196944 0.01538 0.0112037
 0.00896464 0.0142396 0.0208318 0.0284948 0.0368902 0.0455174 0.0536444 0.0604236 0.0651767 0.0676202 0.0678644 0.066252 0.0632015 0.0591306 0.0544241 0.0494124 0.0443555 0.0394357 0.0347522 0.0303158 0.0260585 0.0218765 0.0177094 0.0136163 0.00979183
 0.00918946 0.0145967 0.0213535 0.0292051 0.037801 0.0466213 0.0549075 0.0617835 0.0665502 0.0689196 0.0690123 0.0671894 0.0638882 0.0595402 0.0545374 0.0492126 0.0438279 0.0385713 0.0335565 0.0288219 0.0243405 0.0200547 0.0159371 0.0120466 0.00853558
 0.00930167 0.0147856 0.0216498 0.0296421 0.0384075 0.0474115 0.0558701 0.0628766 0.0677071 0.0700606 0.0700586 0.0680726 0.0645567 0.0599604 0.0546915 0.0490928 0.0434303 0.0378947 0.0326073 0.0276259 0.022956 0.0185785 0.0144944 0.0107633 0.00750424
 0.00960269 0.015243 0.0222794 0.0304387 0.0393499 0.048469 0.0570051 0.0640425 0.0688456 0.0711043 0.0709386 0.0687284 0.0649454 0.0600622 0.0545086 0.0486435 0.0427399 0.0369888 0.0315117 0.0263736 0.0215985 0.0171933 0.0131793 0.00961533 0.00659265
 0.00980528 0.0155678 0.0227585 0.0310958 0.0401923 0.0494774 0.0581263 0.065193 0.0699302 0.0720406 0.0716723 0.0692334 0.065213 0.060091 0.0543018 0.0482101 0.0420969 0.0361602 0.0305273 0.0252708 0.0204271 0.0160193 0.0120802 0.00866572 0.00584383
 0.00991564 0.0157429 0.0230145 0.0314469 0.0406501 0.0500487 0.058808 0.0659655 0.0707528 0.0728537 0.0724066 0.0698244 0.065614 0.0602789 0.0542734 0.047975 0.0416708 0.035563 0.0297847 0.0244172 0.0195089 0.0150947 0.0112145 0.00791903 0.00525616
 0.0100545 0.0159345 0.0232404 0.0316712 0.0408326 0.0501656 0.0588673 0.066007 0.0708332 0.0730223 0.072686 0.070201 0.0660417 0.0606932 0.054609 0.0481799 0.0417133 0.0354322 0.0294882 0.023979 0.0189683 0.0145043 0.0106333 0.00740158 0.00484054
 0.0102437 0.0162082 0.0235886 0.0320596 0.0412087 0.050471 0.0590518 0.0660422 0.0707232 0.0728094 0.0724434 0.0700103 0.0659638 0.0607459 0.0547636 0.0483751 0.0418786 0.0355087 0.029441 0.0238013 0.0186793 0.0141431 0.0102498 0.00704444 0.00454551
 0.0103427 0.0163682 0.0238261 0.0323853 0.0416202 0.0509443 0.0595356 0.0664635 0.071006 0.0729016 0.0723376 0.0697484 0.0656232 0.0604122 0.0545019 0.0482106 0.0417941 0.0354586 0.0293732 0.0236776 0.0184869 0.0138951 0.0099772 0.0067837 0.00432615
 0.0103464 0.0163892 0.0238855 0.0325124 0.0418451 0.0512859 0.0599892 0.0669938 0.0715498 0.0733798 0.072673 0.0698873 0.0655524 0.0601647 0.0541456 0.0478232 0.0414364 0.0351577 0.029123 0.0234536 0.0182653 0.0136663 0.00974886 0.00657361 0.00415199
 0.0103274 0.0163633 0.0238568 0.0324903 0.0418458 0.0513314 0.0601044 0.0671997 0.0718535 0.0737637 0.0730914 0.0702738 0.0658378 0.0602994 0.0541156 0.0476537 0.041179 0.0348686 0.0288435 0.0232016 0.0180404 0.0134624 0.0095637 0.00641183 0.00402081
 0.0102563 0.0162487 0.023687 0.0322571 0.0415492 0.0509855 0.0597425 0.0668735 0.0716239 0.0736849 0.0731934 0.0705508 0.0662465 0.0607685 0.0545664 0.0480228 0.0414344 0.035012 0.0288987 0.0231984 0.0180024 0.0134042 0.00949496 0.00634109 0.00395654
 0.0103869 0.0164347 0.0239174 0.0325039 0.0417727 0.0511461 0.0598112 0.0668387 0.0714942 0.0734886 0.0729746 0.070359 0.0661218 0.0607283 0.0545993 0.0480943 0.0415023 0.0350435 0.0288806 0.0231364 0.0179129 0.0133049 0.0093994 0.00625791 0.00389025
 0.0103696 0.0164064 0.0238741 0.0324404 0.0416827 0.051022 0.0596462 0.0666305 0.0712497 0.0732277 0.07273 0.0701708 0.0660281 0.0607538 0.0547465 0.0483411 0.0418065 0.0353548 0.0291551 0.0233474 0.0180537 0.013384 0.00943324 0.00626362 0.00388206
 0.0104432 0.0165138 0.024013 0.0326001 0.0418462 0.0511698 0.0597591 0.066691 0.071243 0.0731445 0.0725708 0.0699506 0.0657767 0.0605115 0.0545536 0.048226 0.0417766 0.0353953 0.0292363 0.0234365 0.0181261 0.0134288 0.00945142 0.00626322 0.00387245
 0.0104305 0.0165131 0.0240475 0.0327015 0.042043 0.051471 0.0601421 0.0671021 0.0716126 0.0734092 0.0726901 0.069913 0.0655978 0.0602273 0.0542131 0.0478813 0.0414723 0.0351586 0.0290732 0.023335 0.0180657 0.01339 0.00942166 0.0062376 0.00385072
 0.0103395 0.0163794 0.0238742 0.0325042 0.0418499 0.0513201 0.0600747 0.0671523 0.0717933 0.0737005 0.0730399 0.0702515 0.065861 0.0603765 0.054243 0.0478154 0.0413505 0.0350226 0.0289546 0.0232493 0.0180128 0.0133608 0.00940541 0.00622666 0.00384177
 0.0102679 0.0162579 0.023683 0.0322245 0.0414723 0.0508555 0.0595635 0.0666635 0.07141 0.0734958 0.0730536 0.0704771 0.0662478 0.0608464 0.0547149 0.0482278 0.0416735 0.0352569 0.0291191 0.0233676 0.0181026 0.013431 0.0094588 0.00626402 0.003865
 0.0101962 0.0161476 0.0235281 0.0320218 0.0412199 0.0505514 0.0592082 0.0662662 0.0709964 0.0731122 0.0727608 0.0703346 0.0662927 0.0610773 0.0550904 0.0486801 0.0421316 0.0356667 0.0294534 0.0236233 0.0182906 0.0135659 0.00955309 0.00632713 0.00390445
 0.0100089 0.0158665 0.0231488 0.0315564 0.0406935 0.0499966 0.0586599 0.0657584 0.0705601 0.0727728 0.0725388 0.0702487 0.0663604 0.0613102 0.0554835 0.0492036 0.042732 0.036279 0.0300189 0.0241028 0.0186684 0.0138453 0.00974797 0.00645524 0.00398327
 0.00970255 0.0154088 0.0225356 0.0308117 0.0398642 0.0491425 0.0578448 0.065045 0.0700033 0.0724116 0.07239 0.0703071 0.0666067 0.0617198 0.0560312 0.0498618 0.0434646 0.037039 0.0307526 0.0247602 0.019215 0.0142672 0.0100505 0.00665673 0.00410761
 0.00951391 0.0151128 0.0221112 0.0302494 0.0391716 0.0483497 0.0570084 0.0642435 0.0693217 0.0719193 0.072125 0.0702735 0.0667829 0.0620717 0.0565222 0.0504572 0.0441314 0.0377416 0.0314505 0.0254108 0.0197801 0.0147222 0.0103887 0.00688803 0.00425281
 0.00947379 0.0150274 0.0219457 0.0299596 0.0387158 0.0477071 0.0561966 0.0633245 0.0683912 0.0710858 0.0714858 0.0698962 0.0666956 0.0622627 0.0569494 0.051062 0.0448513 0.0385177 0.0322293 0.0261439 0.0204269 0.0152538 0.0107931 0.00717105 0.00443404
 0.0102542 0.0161311 0.0232998 0.0313889 0.0399867 0.0486023 0.0565784 0.063158 0.0677306 0.0700456 0.0702147 0.0685536 0.0654291 0.0611877 0.0561348 0.0505284 0.0445795 0.0384624 0.032333 0.0263469 0.0206738 0.0154989 0.0110045 0.00733274 0.00454451
 0.0109982 0.0172838 0.0249208 0.0334747 0.0424489 0.0512486 0.0591103 0.0652115 0.0689693 0.0702702 0.069428 0.0669452 0.0632973 0.0588468 0.0538492 0.0484828 0.042876 0.0371335 0.0313601 0.0256803 0.0202492 0.0152504 0.0108731 0.0072715 0.00452033
 0.0109264 0.0172818 0.0251282 0.0340882 0.0436654 0.0531758 0.0616852 0.0681747 0.0719132 0.0727402 0.0710369 0.0674659 0.0627097 0.0573266 0.0517034 0.0460587 0.04048 0.0349833 0.0295744 0.0242935 0.0192373 0.0145558 0.0104254 0.00700142 0.00436856
 0.0104885 0.0166263 0.0242547 0.0330546 0.0425993 0.0522747 0.061197 0.068343 0.0728868 0.0744836 0.0732967 0.0698285 0.0647305 0.0586694 0.0522289 0.0458329 0.0397145 0.0339445 0.0285011 0.0233491 0.0185002 0.0140359 0.0100912 0.00680497 0.00426299
 0.0102602 0.0162523 0.0236888 0.0322586 0.0415597 0.0510282 0.0598555 0.0671004 0.0719926 0.0741811 0.0737423 0.0710208 0.0664831 0.060651 0.0540643 0.0472233 0.0405212 0.0342015 0.0283624 0.0230074 0.0181179 0.0137119 0.00986193 0.006665 0.00418833
 0.0101913 0.0161357 0.0235034 0.0319782 0.041155 0.0504723 0.0591359 0.066236 0.0710512 0.0732883 0.0730708 0.0707504 0.0667379 0.0614381 0.0552487 0.0485618 0.0417468 0.0351163 0.0288934 0.0232015 0.0180907 0.0135861 0.00972551 0.00656059 0.00412404
 0.0102565 0.0162143 0.0235709 0.0319938 0.0410707 0.0502482 0.0587527 0.0656997 0.0703903 0.072551 0.0723284 0.0701014 0.0663016 0.0613266 0.0555222 0.0491893 0.0426007 0.036013 0.0296619 0.0237419 0.0183927 0.0137052 0.0097394 0.00653376 0.00409355
 0.0103267 0.0163197 0.0237116 0.0321605 0.0412419 0.0503894 0.0588187 0.0656425 0.0701733 0.0721644 0.0717977 0.0694872 0.0656905 0.0608189 0.055213 0.0491428 0.042823 0.036441 0.0301814 0.0242311 0.0187669 0.0139379 0.00985269 0.0065714 0.00409585
 0.0104631 0.0165304 0.0240077 0.0325431 0.0417004 0.0508987 0.0593366 0.0661093 0.0705182 0.0723197 0.0717165 0.0691584 0.0651475 0.060137 0.054497 0.0485036 0.0423496 0.0361755 0.0301078 0.0242871 0.0188741 0.0140337 0.00990818 0.00658781 0.00408914
 0.0105278 0.0166281 0.0241411 0.0327106 0.0418975 0.0511206 0.0595777 0.0663614 0.0707657 0.0725369 0.0718675 0.069204 0.0650563 0.0599003 0.0541382 0.0480787 0.0419335 0.0358387 0.0298926 0.0241955 0.0188733 0.0140767 0.00995561 0.00661933 0.0041023
 0.0105959 0.0167381 0.0243049 0.0329373 0.0421902 0.0514715 0.0599655 0.0667522 0.0711209 0.0728221 0.0720582 0.0692844 0.0650162 0.0597338 0.0538489 0.0476877 0.041483 0.035386 0.029495 0.0238915 0.0186726 0.0139629 0.00989936 0.00659314 0.00408849
 0.0105297 0.0166485 0.0242038 0.0328479 0.0421421 0.0514917 0.0600697 0.0669403 0.0713771 0.0731182 0.072359 0.0695539 0.065223 0.0598546 0.0538703 0.0476076 0.041314 0.0351564 0.0292445 0.0236608 0.0184906 0.0138397 0.00982763 0.00655687 0.00407189
 0.0103458 0.0163799 0.0238568 0.0324502 0.0417375 0.0511307 0.0597999 0.0667999 0.071389 0.0732851 0.0726602 0.0699482 0.0656575 0.0602758 0.0542331 0.0478815 0.0414857 0.0352306 0.0292416 0.0236114 0.018426 0.0137831 0.00978955 0.00653695 0.00406412
 0.0102331 0.0162022 0.0236006 0.0321098 0.0413197 0.0506601 0.0593225 0.0663786 0.0710899 0.0731585 0.0727261 0.0701931 0.0660404 0.0607396 0.0547172 0.0483319 0.0418624 0.0355125 0.0294271 0.023715 0.018472 0.0137968 0.00979044 0.00653584 0.00406458
 0.00987365 0.0156928 0.0229719 0.0314357 0.0406937 0.0501597 0.0589827 0.0661913 0.0710256 0.0731922 0.0728509 0.070415 0.0663642 0.0611557 0.0551969 0.0488327 0.0423386 0.0359256 0.0297539 0.0239502 0.0186258 0.0138884 0.00984111 0.00656279 0.00407905
 0.00912623 0.0145742 0.0214715 0.0296163 0.0386853 0.0481395 0.0571525 0.0647503 0.0701317 0.0729219 0.0731819 0.0712448 0.0675531 0.0625667 0.0567144 0.0503622 0.0438006 0.0372539 0.0308989 0.0248845 0.019346 0.014412 0.0101997 0.00679355 0.00421818
#obs surv len freq
 nan nan nan nan nan nan nan nan nan nan nan nan nan nan nan nan nan nan nan nan nan nan nan nan nan
 0.00448271 0.00734309 0.0111721 0.0159875 0.0216876 0.0279628 0.0342768 0.0400084 0.0446887 0.0481535 0.0505126 0.0520097 0.0529032 0.0534167 0.0537319 0.0539875 0.0542665 0.0545596 0.0546986 0.0542906 0.0527286 0.0493604 0.0438098 0.0362892 0.0276721
 0.00461081 0.00755378 0.0114933 0.0164459 0.0223017 0.028733 0.0351757 0.0409777 0.0456476 0.049015 0.0511998 0.0524674 0.0531032 0.0533581 0.0534366 0.0534926 0.0536154 0.0537946 0.0538587 0.0534126 0.051851 0.0485263 0.0430634 0.0356683 0.0271976
 0.00477514 0.00782094 0.0118956 0.0170136 0.0230578 0.0296843 0.0363023 0.0422279 0.0469416 0.0502564 0.0522895 0.0533161 0.0536414 0.0535443 0.0532612 0.0529762 0.0528019 0.0527428 0.0526341 0.0520847 0.0504943 0.0472201 0.0418866 0.0346858 0.0264453
 0.00496138 0.00812745 0.0123637 0.0176839 0.0239617 0.0308315 0.0376676 0.0437472 0.0485215 0.0517909 0.0536755 0.0544607 0.0544648 0.0539827 0.0532726 0.0525462 0.0519479 0.0515123 0.0511011 0.0503455 0.0486634 0.0454237 0.0402494 0.0333098 0.0253877
 0.00517939 0.0084823 0.0128988 0.0184405 0.024972 0.0321068 0.0391856 0.0454461 0.0503062 0.053549 0.0552937 0.0558359 0.055509 0.0546242 0.0534567 0.0522377 0.051136 0.050218 0.0493841 0.0483076 0.0464463 0.0431977 0.0381893 0.0315613 0.0240357
 0.00539938 0.0088454 0.0134553 0.0192405 0.0260556 0.033488 0.0408373 0.0472951 0.0522446 0.0554561 0.0570542 0.0573489 0.0566891 0.0553994 0.0537673 0.0520369 0.0503945 0.0489329 0.0475925 0.0460999 0.0439724 0.0406564 0.0357973 0.0295067 0.0224342
 0.0056453 0.00924516 0.0140572 0.0200905 0.0271893 0.0349189 0.0425421 0.0492071 0.0542606 0.0574539 0.0589112 0.058955 0.0579529 0.0562485 0.0541445 0.0518967 0.049702 0.0476719 0.0457812 0.0438121 0.0413522 0.0379142 0.0331764 0.0272286 0.0206426
 0.00589505 0.00965546 0.0146825 0.0209836 0.0283908 0.0364401 0.0443491 0.0512162 0.0563525 0.059498 0.0607868 0.0605611 0.0592081 0.0570877 0.0545152 0.0517558 0.0490149 0.0464177 0.0439674 0.0414981 0.0386707 0.0350735 0.0304304 0.024818 0.0187313
 0.00613513 0.0100503 0.0152853 0.0218472 0.0295578 0.037927 0.0461293 0.0532133 0.0584497 0.0615599 0.0626823 0.0621783 0.0604606 0.0579134 0.0548706 0.0516083 0.0483381 0.0451933 0.0421991 0.0392355 0.0360334 0.0322586 0.0276876 0.0223918 0.0167943
 0.00636356 0.0104266 0.0158609 0.0226734 0.0306761 0.0393534 0.0478384 0.0551321 0.0604676 0.0635492 0.064518 0.0637509 0.0616817 0.0587171 0.0552118 0.0514578 0.0476765 0.0440103 0.0405022 0.0370706 0.0335092 0.0295572 0.0250443 0.0200421 0.014909
 0.00662568 0.0108492 0.0164904 0.0235508 0.0318301 0.0407887 0.0495228 0.0569919 0.0623961 0.0654256 0.0662262 0.0651914 0.0627759 0.0594078 0.0554606 0.0512406 0.0469795 0.0428291 0.0388493 0.0349919 0.0311057 0.0269958 0.022541 0.0178151 0.0131187
 0.00682893 0.011192 0.0170286 0.0243427 0.032922 0.0421938 0.0512021 0.0588508 0.0643032 0.0672431 0.0678359 0.0665053 0.0637344 0.0599729 0.0556093 0.0509599 0.0462631 0.0416778 0.0372785 0.0330465 0.0288784 0.0246365 0.0202431 0.0157736 0.0114776
 0.00705822 0.0115637 0.0175865 0.0251279 0.0339666 0.0435097 0.0527667 0.0605984 0.0661282 0.0690157 0.0694233 0.0677923 0.0646388 0.0604505 0.0556488 0.0505708 0.0454635 0.0404889 0.0357283 0.0311837 0.0267896 0.0224555 0.018139 0.0139159 0.00998972
 0.00726958 0.011911 0.0181157 0.0258827 0.0349784 0.0447824 0.054263 0.0622374 0.0678 0.0706037 0.0708232 0.0689193 0.065428 0.0608572 0.0556502 0.0501662 0.0446705 0.0393375 0.0342587 0.0294529 0.0248824 0.0204916 0.0162643 0.0122732 0.00868087
 0.00745048 0.0122086 0.0185699 0.0265328 0.0358548 0.0458942 0.0555843 0.063702 0.0693096 0.0720469 0.0720945 0.0699336 0.0661255 0.0612034 0.0556317 0.0497854 0.0439427 0.0382893 0.0329303 0.0279019 0.0231909 0.0187681 0.0146345 0.0108561 0.00755862
 0.00753321 0.0123471 0.0187863 0.026852 0.0363014 0.0464865 0.0563274 0.0645822 0.0702927 0.0730805 0.0731126 0.0708624 0.0668922 0.0617443 0.0558995 0.0497525 0.0436009 0.0376484 0.0320184 0.0267681 0.0219085 0.0174338 0.0133582 0.0097395 0.00667151
 0.00757873 0.0124156 0.0188801 0.0269715 0.0364488 0.0466693 0.0565604 0.0648855 0.0706856 0.0735733 0.0736983 0.0715127 0.0675577 0.0623602 0.0563954 0.0500639 0.0436788 0.0374668 0.0315777 0.0260976 0.0210662 0.0165028 0.0124344 0.00891306 0.00600575
 0.0076304 0.0124899 0.0189739 0.0270757 0.0365508 0.0467579 0.056631 0.0649435 0.070748 0.0736669 0.0738538 0.0717541 0.0678912 0.0627661 0.0568273 0.0504568 0.0439627 0.0375819 0.0314878 0.0257986 0.0205892 0.0159096 0.011805 0.00832668 0.00552118
 0.00773366 0.0126479 0.0191927 0.0273523 0.0368721 0.0471001 0.0569608 0.0652227 0.0709433 0.0737621 0.0738581 0.0717003 0.0678241 0.0627266 0.0568366 0.050508 0.0440216 0.0375979 0.031411 0.0255973 0.020262 0.0154877 0.0113433 0.00788645 0.00515146
 0.00778724 0.0127372 0.0193304 0.0275502 0.0371365 0.0474259 0.0573261 0.0655893 0.0712649 0.0739964 0.0739791 0.0717053 0.0677335 0.0625774 0.0566712 0.0503594 0.0439021 0.0374954 0.031295 0.0254345 0.020033 0.0151973 0.0110201 0.00757125 0.00488134
 0.00782683 0.0127978 0.0194152 0.0276606 0.0372734 0.0475907 0.0575199 0.0658099 0.0715024 0.0742311 0.0741829 0.0718488 0.0677959 0.0625543 0.0565767 0.0502205 0.0437475 0.0373431 0.0311466 0.025278 0.0198535 0.0149896 0.0107947 0.00735058 0.00468961
 0.0078414 0.012817 0.0194357 0.027677 0.0372801 0.047585 0.0575051 0.0657964 0.0715053 0.0742655 0.0742575 0.0719609 0.0679296 0.062685 0.0566804 0.0502824 0.0437659 0.0373256 0.0311024 0.0252113 0.0197637 0.0148766 0.0106646 0.00721696 0.00456868
 0.00786366 0.0128491 0.0194762 0.0277215 0.0373215 0.0476153 0.057517 0.0657858 0.0714737 0.0742214 0.0742164 0.0719396 0.0679406 0.0627305 0.0567502 0.0503584 0.0438294 0.0373637 0.0311103 0.0251898 0.0197163 0.0148081 0.0105822 0.00713042 0.00448902
 0.00787826 0.0128701 0.0195028 0.0277508 0.037349 0.0476357 0.0575254 0.0657779 0.0714476 0.0741787 0.0741629 0.0718861 0.0679003 0.0627152 0.0567659 0.0504023 0.0438901 0.0374256 0.0311587 0.0252152 0.0197156 0.0147838 0.0105407 0.00708084 0.00444037
 0.00790145 0.0129046 0.0195486 0.0278055 0.037408 0.0476929 0.0575739 0.0658109 0.0714592 0.0741658 0.0741263 0.0718308 0.0678352 0.0626517 0.0567152 0.0503725 0.0438832 0.0374367 0.0311777 0.025231 0.0197198 0.0147732 0.0105173 0.00705001 0.00440877
 0.00791862 0.0129287 0.0195779 0.0278356 0.0374336 0.0477091 0.0575777 0.0658019 0.071439 0.0741373 0.0740925 0.0717949 0.0678 0.0626204 0.0566915 0.0503602 0.0438851 0.0374525 0.0312033 0.0252592 0.0197427 0.0147854 0.0105174 0.00704078 0.00439481
 0.00789883 0.0128993 0.0195385 0.0277876 0.0373792 0.0476505 0.0575166 0.0657403 0.0713801 0.0740858 0.0740545 0.0717755 0.0678023 0.0626439 0.056733 0.0504152 0.0439493 0.037522 0.031274 0.0253259 0.0198001 0.0148289 0.0105454 0.00705472 0.00439864
 0.0078725 0.0128522 0.0194602 0.0276673 0.0372094 0.0474334 0.0572683 0.0654891 0.0711595 0.0739242 0.0739683 0.0717675 0.0678647 0.0627632 0.0568933 0.0506003 0.0441441 0.0377139 0.0314528 0.0254841 0.0199322 0.0149319 0.0106192 0.00710249 0.00442602
 0.00785125 0.0128157 0.0194016 0.0275782 0.0370819 0.0472619 0.0570534 0.0652407 0.0708979 0.0736782 0.0737698 0.0716439 0.0678322 0.0628226 0.0570316 0.0507961 0.0443731 0.0379532 0.0316835 0.0256921 0.0201082 0.0150712 0.0107216 0.00717169 0.00446851
 0.00785718 0.0128213 0.0194023 0.027567 0.03705 0.0472014 0.0569589 0.0651112 0.0707371 0.0734955 0.0735805 0.071469 0.0676953 0.0627448 0.0570256 0.050862 0.0444993 0.03812 0.0318684 0.0258743 0.0202717 0.0152062 0.0108241 0.00724302 0.00451372
 0.00783013 0.0127778 0.0193378 0.0274775 0.036933 0.047057 0.0567913 0.0649289 0.0705522 0.0733211 0.0734292 0.0713517 0.0676212 0.0627219 0.0570598 0.0509555 0.0446477 0.0383113 0.032084 0.0260929 0.0204735 0.0153767 0.0109564 0.0073369 0.00457449
 0.00781012 0.0127436 0.0192834 0.0273965 0.0368204 0.0469119 0.0566188 0.0647406 0.0703639 0.073149 0.0732865 0.0712477 0.0675614 0.0627091 0.0570953 0.051039 0.0447765 0.0384787 0.0322781 0.0262972 0.0206698 0.0155491 0.0110944 0.00743766 0.00464128
 0.00777022 0.0126786 0.0191854 0.0272586 0.0366383 0.0466867 0.05636 0.0644666 0.0700992 0.0729195 0.073114 0.0711464 0.0675364 0.0627574 0.0572082 0.0512049 0.0449831 0.0387135 0.032528 0.0265472 0.0209042 0.0157534 0.0112587 0.00755869 0.00472246
 0.00772454 0.0126044 0.019074 0.0271023 0.0364323 0.0464322 0.0560668 0.0641541 0.0697938 0.0726496 0.0729048 0.0710165 0.067496 0.0628073 0.0573405 0.0514055 0.0452339 0.0389954 0.0328221 0.0268358 0.0211705 0.0159836 0.0114437 0.00769548 0.00481492
 0.00934178 0.01487 0.021812 0.029924 0.0388492 0.0480352 0.0566692 0.0638189 0.0687526 0.0711834 0.0712567 0.0693589 0.0659364 0.0614071 0.0561307 0.0503961 0.0444207 0.038364 0.032352 0.0265027 0.0209487 0.0158467 0.0113669 0.00765734 0.00479879
 0.00930344 0.0151077 0.0226989 0.0319249 0.0423187 0.0529449 0.0624342 0.069393 0.0730006 0.0733289 0.0711381 0.0673716 0.0627583 0.0577084 0.0524076 0.0469428 0.0413779 0.0357801 0.0302269 0.0248118 0.0196531 0.0148975 0.0107073 0.00722665 0.00453678
 0.00898346 0.0146016 0.0219852 0.0310509 0.041455 0.0524238 0.0627102 0.0708797 0.0758211 0.0771302 0.0751341 0.0706418 0.0646313 0.0579954 0.0513719 0.0450838 0.0391966 0.0336427 0.0283403 0.0232605 0.0184477 0.0140095 0.0100893 0.00682296 0.00429129
 0.00880639 0.0143052 0.0215241 0.0303804 0.0405486 0.0513045 0.061492 0.0697965 0.0752089 0.0773349 0.0763565 0.0727892 0.0672832 0.0605389 0.0532505 0.0460104 0.0392116 0.0330141 0.0274005 0.0222811 0.0175916 0.0133427 0.0096147 0.00651122 0.00410221
 0.00873023 0.0141763 0.0213199 0.0300745 0.0401137 0.0507196 0.0607548 0.068939 0.0743163 0.0765578 0.0759012 0.0728658 0.0680135 0.0618644 0.054909 0.0476205 0.0404278 0.0336607 0.0275065 0.0220156 0.0171587 0.0129024 0.00925419 0.00625615 0.00394158
 0.00869136 0.0141097 0.0212129 0.0299123 0.0398811 0.0504043 0.0603511 0.0684512 0.073761 0.0759706 0.0753456 0.0724411 0.0678442 0.0620618 0.0555109 0.0485445 0.0414792 0.0346046 0.0281654 0.0223321 0.0171908 0.012767 0.00906432 0.00608487 0.00381813
 0.00868736 0.014101 0.0211953 0.0298794 0.0398244 0.050314 0.0602169 0.068264 0.0735152 0.0756669 0.0749964 0.0720765 0.0675178 0.0618485 0.055489 0.048762 0.0419189 0.0351743 0.0287293 0.0227684 0.0174403 0.0128438 0.00902865 0.00600371 0.00373826
 0.00868914 0.0141047 0.0212021 0.0298904 0.0398392 0.050329 0.0602245 0.0682525 0.0734706 0.0755763 0.0748518 0.0718795 0.0672836 0.0616098 0.0552948 0.0486667 0.0419618 0.0353567 0.0290059 0.023063 0.0176797 0.0129885 0.00908128 0.00599484 0.00370365
 0.00867906 0.0140903 0.0211844 0.0298715 0.0398223 0.0503175 0.0602202 0.0682551 0.0734761 0.0755766 0.074836 0.0718361 0.0672054 0.0614991 0.0551677 0.0485527 0.041896 0.0353663 0.0290949 0.0232072 0.0178366 0.0131173 0.00916068 0.00602668 0.00370423
 0.00867104 0.0140778 0.0211665 0.0298483 0.0397946 0.0502876 0.0601921 0.0682333 0.0734646 0.0755769 0.074845 0.0718463 0.0672069 0.0614828 0.0551302 0.0485001 0.0418445 0.0353371 0.0291045 0.0232583 0.0179153 0.0132004 0.00922736 0.0060673 0.00372122
 0.00865494 0.0140534 0.0211331 0.0298065 0.0397463 0.0502356 0.0601401 0.0681859 0.0734272 0.075554 0.0748396 0.0718581 0.0672318 0.0615133 0.0551575 0.0485181 0.0418531 0.0353429 0.0291182 0.0232878 0.0179612 0.0132545 0.0092779 0.00610516 0.00374367
 0.00864429 0.0140346 0.0211024 0.0297599 0.0396811 0.0501526 0.0600452 0.0680897 0.0733422 0.0754914 0.0748065 0.0718564 0.0672587 0.0615626 0.0552206 0.0485855 0.0419172 0.0354 0.0291692 0.0233364 0.0180102 0.0133032 0.00932215 0.00614037 0.00376755
 0.00864376 0.0140335 0.0211 0.0297548 0.0396714 0.0501355 0.0600175 0.0680494 0.0732898 0.0754314 0.0747469 0.0718067 0.0672272 0.0615534 0.0552332 0.0486155 0.0419577 0.0354445 0.0292132 0.0233781 0.0180493 0.0133396 0.00935454 0.00616675 0.00378657
 0.00864408 0.0140342 0.0211014 0.0297572 0.0396749 0.0501395 0.0600205 0.0680487 0.0732822 0.0754142 0.0747189 0.0717701 0.0671871 0.0615171 0.0552075 0.0486046 0.041962 0.0354612 0.0292377 0.0234063 0.018078 0.0133667 0.00937852 0.00618637 0.00380108
 0.00863308 0.0140187 0.0210824 0.0297373 0.0396573 0.050127 0.0600148 0.0680496 0.0732878 0.0754216 0.0747247 0.0717711 0.0671817 0.061506 0.0551939 0.0485931 0.041957 0.035465 0.0292502 0.023425 0.0180999 0.0133887 0.00939839 0.00620264 0.00381316
 0.00863308 0.0140187 0.0210824 0.0297373 0.0396573 0.050127 0.0600148 0.0680496 0.0732878 0.0754216 0.0747247 0.0717711 0.0671817 0.061506 0.0551939 0.0485931 0.041957 0.035465 0.0292502 0.023425 0.0180999 0.0133887 0.00939839 0.00620264 0.00381316
#pred catch len freq
 0.00466586 0.00736089 0.0106937 0.0145652 0.0189126 0.0236943 0.0288166 0.0340935 0.0392806 0.0441393 0.0484791 0.052173 0.0551625 0.0574482 0.0590604 0.0600251 0.0603435 0.059983 0.0588591 0.0568019 0.053541 0.0487771 0.042375 0.034591 0.0261576
 0.00484037 0.00756474 0.0108574 0.0145868 0.0186998 0.0232227 0.0281666 0.0334312 0.0387831 0.0439073 0.048489 0.0522975 0.055242 0.0573729 0.058823 0.0597248 0.0601406 0.0600238 0.0592039 0.0573912 0.0542205 0.0493702 0.0427605 0.0347442 0.0261357
 0.00516602 0.00805839 0.0115278 0.0154028 0.0195809 0.024038 0.0287528 0.0336392 0.0385455 0.0432876 0.0476671 0.0514848 0.0545786 0.0568756 0.058418 0.0593321 0.0597458 0.0596892 0.0590185 0.0574005 0.0543872 0.049592 0.0429288 0.0347992 0.0260835
 0.00544164 0.00849844 0.0121752 0.0162919 0.020729 0.0254299 0.0303184 0.0352364 0.0399672 0.0443051 0.0481042 0.0512887 0.0538436 0.0557962 0.0571977 0.0581086 0.0585797 0.058604 0.0580417 0.056568 0.0537174 0.0490663 0.042502 0.0344304 0.0257583
 0.00574154 0.00896293 0.0128337 0.017163 0.021826 0.0267652 0.0318971 0.0370366 0.0419128 0.0462454 0.0498173 0.0525234 0.0543933 0.0555731 0.0562643 0.056645 0.0568081 0.0567199 0.0561852 0.0548309 0.0521587 0.0477199 0.0413799 0.0335294 0.0250672
 0.00612008 0.00954247 0.0136404 0.0182008 0.0230829 0.0282222 0.0335324 0.0388232 0.0438118 0.0481949 0.0517175 0.0542232 0.0556944 0.056267 0.0561943 0.0557669 0.0552119 0.0545991 0.0537755 0.0523536 0.0497913 0.0455904 0.0395716 0.0320843 0.0239878
 0.00651816 0.0101609 0.0145184 0.0193574 0.0245176 0.0299151 0.035441 0.0408801 0.0459292 0.0502764 0.0536674 0.055946 0.0570835 0.057194 0.0565157 0.0553559 0.054008 0.0526488 0.0512383 0.0494692 0.0468263 0.0427898 0.0371245 0.0301056 0.022513
 0.00688233 0.0107306 0.0153354 0.0204499 0.0259005 0.0315891 0.0373855 0.0430426 0.0482206 0.0525758 0.0558372 0.0578497 0.0586006 0.0582228 0.0569655 0.0551406 0.0530563 0.0509367 0.048828 0.0465292 0.0436155 0.0396076 0.0342466 0.0277285 0.0207232
 0.00727828 0.0113376 0.0161824 0.0215448 0.0272368 0.0331551 0.039166 0.0450107 0.0503265 0.0547392 0.0579472 0.0597739 0.0602008 0.0593719 0.0575578 0.0550931 0.0523077 0.049456 0.0466399 0.0437455 0.0404499 0.0363516 0.0312092 0.0251599 0.0187581
 0.00764752 0.0119142 0.0170066 0.0226395 0.0286066 0.0347845 0.0410153 0.0470143 0.0523989 0.056787 0.0598781 0.0614981 0.0616276 0.0604079 0.0581106 0.0550779 0.051655 0.0481233 0.0446317 0.0411411 0.0374241 0.0331686 0.0281741 0.0225429 0.0167245
 0.00794212 0.0123799 0.0176841 0.0235613 0.0297958 0.0362507 0.0427448 0.0489593 0.0544736 0.0588745 0.0618466 0.063221 0.0630001 0.0613534 0.0585744 0.0550154 0.0510248 0.0468922 0.0427949 0.0387527 0.0346241 0.0301857 0.0252894 0.0200204 0.0147389
 0.00817314 0.0127435 0.0182104 0.0242745 0.0307151 0.0373899 0.044107 0.0505282 0.0562051 0.060693 0.0636472 0.0648803 0.0643928 0.0623707 0.0591366 0.0550723 0.0505476 0.0458669 0.0412278 0.0366911 0.0321825 0.027556 0.0227166 0.0177443 0.0129273
 0.0084276 0.0131386 0.0187714 0.0250149 0.0316382 0.0384907 0.0453704 0.0519253 0.0576913 0.062209 0.065122 0.0662331 0.0655369 0.06322 0.0596137 0.0551169 0.0501205 0.0449513 0.039833 0.0348638 0.0300243 0.0252314 0.0204357 0.0157164 0.0113034
 0.00868086 0.0135325 0.0193315 0.0257548 0.0325599 0.0395849 0.0466133 0.0532748 0.0590874 0.0635798 0.0663926 0.0673336 0.066407 0.0638102 0.0598832 0.0550312 0.0496519 0.0440829 0.0385681 0.0332397 0.0281263 0.0231985 0.0184456 0.0139465 0.00988306
 0.00888573 0.0138548 0.0197972 0.0263821 0.0333582 0.0405518 0.0477297 0.0545004 0.0603613 0.0648274 0.067535 0.068298 0.0671345 0.06426 0.0600318 0.054867 0.0491689 0.0432788 0.0374503 0.0318382 0.0265088 0.0214772 0.0167655 0.0124534 0.00868384
 0.0092068 0.0143382 0.0204539 0.0271998 0.0343094 0.0416054 0.0488568 0.0556703 0.0615328 0.0659434 0.0685259 0.0690915 0.0676694 0.0644967 0.0599565 0.0544867 0.0485028 0.0423508 0.0362871 0.0304773 0.0250104 0.0199321 0.0152879 0.0111572 0.007651
 0.00941615 0.0146674 0.0209282 0.0278342 0.0351049 0.0425453 0.0499024 0.0567626 0.0626023 0.0669241 0.0693642 0.0697465 0.0681085 0.0646934 0.0598927 0.0541576 0.0479181 0.0415329 0.0352685 0.0293009 0.023735 0.0186354 0.014062 0.0100907 0.00680594
 0.00948257 0.0147751 0.0210909 0.0280674 0.0354269 0.0429755 0.0504559 0.0574415 0.0633861 0.0677654 0.070194 0.0704886 0.0686963 0.0650805 0.0600537 0.0540839 0.0476132 0.0410104 0.0345534 0.0284319 0.0227664 0.017637 0.0131122 0.00926234 0.00614887
 0.00957782 0.0149036 0.0212363 0.028201 0.0355191 0.0430131 0.0504559 0.0574506 0.0634656 0.0679684 0.0705436 0.0709677 0.0692502 0.0656318 0.0605224 0.0544041 0.0477426 0.0409318 0.0342724 0.0279749 0.022179 0.0169811 0.0124579 0.00867489 0.00567437
 0.0097481 0.0151485 0.0215448 0.0285395 0.0358377 0.0432581 0.050584 0.057441 0.0633303 0.0677552 0.0703282 0.0708308 0.0692486 0.0657765 0.0607754 0.0546935 0.0479872 0.0410642 0.0342528 0.0277958 0.0218634 0.0165755 0.0120213 0.00826513 0.00533426
 0.00987149 0.0153413 0.0218194 0.0288991 0.0362718 0.0437383 0.0510605 0.0578474 0.0635984 0.0678376 0.0702178 0.0705677 0.0689091 0.0654476 0.0605245 0.0545462 0.0479232 0.0410315 0.0341926 0.0276651 0.0216483 0.0162922 0.0117068 0.00796283 0.00507917
 0.00989499 0.0153895 0.0219105 0.029057 0.0365212 0.0440952 0.0515217 0.058383 0.064151 0.0683301 0.0705703 0.0707202 0.0688428 0.0651935 0.060153 0.0541407 0.0475495 0.0407183 0.0339318 0.0274282 0.0214081 0.0160383 0.0114491 0.0077231 0.00487906
 0.00983672 0.0153056 0.0218055 0.0289453 0.0364267 0.0440498 0.0515608 0.0585373 0.0644353 0.0687309 0.0710403 0.071185 0.0692206 0.0654208 0.060205 0.054037 0.0473418 0.0404663 0.0336796 0.0271951 0.0211935 0.0158359 0.0112581 0.00755081 0.00473607
 0.00979893 0.0152426 0.0217081 0.0288053 0.0362405 0.0438233 0.0513151 0.0583098 0.0642746 0.068685 0.0711411 0.0714345 0.0695841 0.0658332 0.0605902 0.0543326 0.0475174 0.0405272 0.033655 0.0271192 0.0210928 0.0157258 0.0111477 0.00744779 0.00464807
 0.00984641 0.0153053 0.0217756 0.0288578 0.0362538 0.0437763 0.0511976 0.0581276 0.0640502 0.0684554 0.0709523 0.0713308 0.069595 0.0659617 0.0608081 0.0545885 0.0477545 0.0407027 0.0337511 0.0271422 0.0210628 0.0156654 0.0110753 0.00737672 0.00458678
 0.00984722 0.0153041 0.0217686 0.0288385 0.0362122 0.0436999 0.0510735 0.0579472 0.0638149 0.0681826 0.070676 0.071097 0.0694506 0.0659406 0.0609202 0.0548142 0.0480499 0.0410123 0.0340255 0.0273508 0.0211973 0.0157353 0.0110987 0.00737247 0.00457031
 0.0099477 0.0154511 0.0219591 0.0290583 0.036439 0.0439084 0.0512389 0.058047 0.0638303 0.0681008 0.0704962 0.0708356 0.0691426 0.0656343 0.060665 0.0546464 0.0479812 0.0410279 0.0340923 0.0274314 0.0212634 0.0157735 0.0111097 0.00736512 0.00455473
 0.00993663 0.0154497 0.021987 0.0291425 0.0366046 0.044165 0.0515705 0.0584108 0.0641678 0.068355 0.0706254 0.0708212 0.0689908 0.0653742 0.060343 0.0543163 0.0476909 0.0408076 0.0339485 0.0273505 0.0212219 0.0157496 0.01109 0.00734509 0.0045354
 0.00981477 0.0152713 0.0217566 0.0288804 0.0363461 0.0439553 0.0514565 0.0584302 0.0643355 0.0686517 0.0709979 0.0711966 0.0692997 0.0655717 0.0604181 0.0542892 0.0476012 0.0406987 0.0338542 0.0272871 0.0211893 0.0157374 0.0110866 0.0073426 0.00453128
 0.00972574 0.0151272 0.0215415 0.0285824 0.0359622 0.0434992 0.0509653 0.0579652 0.0639714 0.0684578 0.0710158 0.0714247 0.0696918 0.0660502 0.0608991 0.0547074 0.0479246 0.0409283 0.0340113 0.0273981 0.0212736 0.0158046 0.0111386 0.00737945 0.00455424
 0.00961289 0.0149567 0.0213083 0.0282883 0.0356129 0.0431003 0.0505231 0.0574929 0.0634981 0.0680334 0.0707058 0.0712929 0.0697771 0.0663491 0.0613633 0.0552586 0.0484804 0.0414258 0.0344184 0.0277109 0.0215046 0.0159709 0.011255 0.00745741 0.00460296
 0.0094069 0.0146497 0.0208982 0.0277913 0.0350587 0.0425233 0.0499556 0.056963 0.0630305 0.0676509 0.0704323 0.0711559 0.069806 0.0665657 0.0617682 0.0558207 0.0491391 0.0421055 0.0350503 0.0282484 0.0219287 0.0162845 0.0114738 0.00760122 0.00469145
 0.00912681 0.0142338 0.0203458 0.0271277 0.0343281 0.0417768 0.0492421 0.0563256 0.0625066 0.0672699 0.0702134 0.0711073 0.0699275 0.0668525 0.062211 0.0564017 0.0498251 0.0428464 0.0357847 0.0289178 0.0224908 0.0167207 0.0117874 0.00781023 0.00482042
 0.00890786 0.013897 0.0198752 0.0265232 0.0336063 0.0409717 0.0484055 0.0555242 0.0618122 0.0667448 0.0698979 0.0710155 0.0700512 0.0671689 0.0626901 0.057011 0.0505295 0.0436052 0.0365501 0.0296386 0.0231214 0.0172307 0.0121674 0.00807053 0.00498396
