SBPRF35
12.7214
Curr Bio
850526
B35
888456
F35
0.171981
FOFL
0.16073
OFL
109868
Bzero
3.63469e+06
#pred survey bio
 3.63713e+06 3.47511e+06 3.34044e+06 3.17262e+06 2.97167e+06 2.74513e+06 2.51021e+06 2.28537e+06 2.05716e+06 1.83275e+06 1.61773e+06 1.42043e+06 1.27691e+06 1.15165e+06 1.00902e+06 881936 779411 714642 653425 626939 590778 572902 554660 539865 533187 534439 524889 527823 533573 535477 544876 550140 558875 564502 574843 576954 578716 591160 604536 617108 633980 646210 656362 662010 667502 673989 675599 678393 692122 699410 712888 761439 753577 767620 783613 813074 837276 855276 856420 2.93694e+07 1.7802e+07 1.82795e+07 1.92344e+07 2.04789e+07 2.18098e+07 2.30815e+07 2.42112e+07 2.5166e+07 2.59454e+07 2.65662e+07 2.70523e+07 2.74286e+07 2.77179e+07 2.79394e+07 2.81087e+07 2.82382e+07 2.83374e+07 2.84137e+07 2.84726e+07 2.85182e+07 2.85538e+07 2.85816e+07 2.86034e+07 2.86206e+07 2.86343e+07 2.86451e+07 2.86538e+07 2.86607e+07 2.86662e+07 2.86707e+07 2.86743e+07 2.86772e+07 2.86795e+07 2.86814e+07 2.8683e+07 2.86843e+07 2.86853e+07 2.86861e+07 2.86868e+07 2.86874e+07 2.86878e+07 2.86882e+07 2.86885e+07 2.86887e+07 2.86889e+07 2.86891e+07 2.86892e+07 2.86894e+07 2.86894e+07 2.86895e+07 2.86896e+07 2.86896e+07 2.86897e+07 2.86897e+07 2.86897e+07 2.86898e+07 2.86898e+07 2.86898e+07 2.86898e+07 2.86898e+07 2.86898e+07 2.86898e+07 2.86898e+07 2.86898e+07 2.86898e+07 2.86898e+07 2.86898e+07 2.86898e+07 2.86898e+07 2.86899e+07 2.86899e+07 2.86899e+07 2.86899e+07 2.86899e+07 2.86899e+07 2.86899e+07 2.86899e+07 2.86899e+07 2.86899e+07 2.86899e+07 2.86899e+07 2.86899e+07 2.86899e+07 2.86899e+07 2.86899e+07 2.86899e+07 2.86899e+07 2.86899e+07 2.86899e+07 2.86899e+07 2.86899e+07 2.86899e+07 2.86899e+07 2.86899e+07 2.86899e+07 2.86899e+07 2.86899e+07 2.86899e+07 2.86899e+07 0 0 0 0 0 0 0 0 0 0 0 0 0 0 0 0 0 0 0 0 0 0 0 0 0
#obs survey bio
 4.47286e+06 4.76078e+06 2.33359e+06 2.51623e+06 3.63453e+06 2.77475e+06 1.65220e+06 2.27294e+06 1.80699e+06 1.44026e+06 1.19905e+06 1.42935e+06 1.023e+06 1.1311e+06 1.11463e+06 825283 957806 637872 545479 546744 512636 604964 476415 640205 698528 527557 498059 716424 495090 503448 555983 472891 652728 789006 627106 778741 641886 393551 444342 637691 550946 643604 560046 640871 780628 599135 531524 697334 685268 654764 806845 602505 880423 572032 672847 1.02883e+06 1.0799e+06 1.03476e+06 596007
#pred catch bio
 118605 105769 150850 196886 237823 264542 274865 296262 308647 312359 304703 262731 250454 265015 246802 219614 181620 173750 140889 146439 127827 125505 119848 111050 103482 111555 100191 97949.7 101172 94842.8 98424.4 95633.4 98435.7 94510.7 101308 101138 92623.9 93297.1 95317.2 93217.8 98893.1 102033 107086 108418 108778 113894 113428 104864 110797 105450 77209.4 125774 106225 105817 95833 101233 106610 121142 136749 109868 117842 119907 125140 132730 140985 148817 155663 161324 165819 169282 171890 173820 175227 176242 176969 177484 177849 178105 178284 178410 178497 178558 178600 178629 178649 178663 178673 178679 178684 178687 178689 178691 178692 178693 178693 178693 178694 178694 178694 178694 178694 178694 178694 178694 178694 178694 178694 178694 178694 178694 178694 178694 178694 178694 178694 178694 178694 178694 178694 178694 178694 178694 178694 178694 178694 178694 178694 178694 178694 178694 178694 178694 178694 178694 178694 178694 178694 178694 178694 178694 178694 178694 178694 178694 178694 178694 178694 178694 178694 178694 178694 178694 178694 178694 178694 178694 178694 178694 178694 0 0 0 0 0 0 0 0 0 0 0 0 0 0 0 0 0 0 0 0 0 0 0 0 0
#obs catch bio
 0 105264 150878 196909 237386 263910 275249 296946 309948 315692 308192 264676 252637 268309 247532 221207 182114 173670 141070 147851 128655 126116 120582 111182 103713 111952 100473 97993 101495 95045.2 98431.5 95619.2 98447 94368.2 101079 100871 92383.7 93546.5 95504.9 93009.4 98924 102010 106938 108538 108870 114227 114169 105066 111332 105803 76427.4 126119 105718 106012 96023.8 101188 106429 120583 136892
#pred cpue bio
 3.59565e+06 3.43506e+06 3.30024e+06 3.13211e+06 2.93152e+06 2.70522e+06 2.47031e+06 2.24546e+06 2.01763e+06 1.79394e+06 1.58007e+06 1.38411e+06 1.24145e+06 1.11722e+06 976579 851553 750933 687662 627775 601779 566544 549337 531822 517615 511234 512606 503372 506307 512034 513999 523362 528661 537271 542884 553187 555396 557158 569255 582277 594594 611048 622896 632747 638099 643293 649539 651008 653744 667326 674711 688191 736114 728606 742241 757762 786889 811126 829028 829866 2.8436e+07 1.72319e+07 1.75969e+07 1.84456e+07 1.96602e+07 2.09854e+07 2.22563e+07 2.33859e+07 2.43406e+07 2.512e+07 2.57408e+07 2.62269e+07 2.66032e+07 2.68925e+07 2.7114e+07 2.72833e+07 2.74128e+07 2.7512e+07 2.75883e+07 2.76472e+07 2.76928e+07 2.77284e+07 2.77562e+07 2.7778e+07 2.77952e+07 2.78089e+07 2.78197e+07 2.78284e+07 2.78353e+07 2.78408e+07 2.78453e+07 2.78489e+07 2.78518e+07 2.78541e+07 2.7856e+07 2.78576e+07 2.78589e+07 2.78599e+07 2.78607e+07 2.78614e+07 2.7862e+07 2.78624e+07 2.78628e+07 2.78631e+07 2.78633e+07 2.78635e+07 2.78637e+07 2.78638e+07 2.7864e+07 2.7864e+07 2.78641e+07 2.78642e+07 2.78642e+07 2.78643e+07 2.78643e+07 2.78643e+07 2.78644e+07 2.78644e+07 2.78644e+07 2.78644e+07 2.78644e+07 2.78644e+07 2.78644e+07 2.78644e+07 2.78644e+07 2.78644e+07 2.78644e+07 2.78644e+07 2.78644e+07 2.78644e+07 2.78645e+07 2.78645e+07 2.78645e+07 2.78645e+07 2.78645e+07 2.78645e+07 2.78645e+07 2.78645e+07 2.78645e+07 2.78645e+07 2.78645e+07 2.78645e+07 2.78645e+07 2.78645e+07 2.78645e+07 2.78645e+07 2.78645e+07 2.78645e+07 2.78645e+07 2.78645e+07 2.78645e+07 2.78645e+07 2.78645e+07 2.78645e+07 2.78645e+07 2.78645e+07 2.78645e+07 2.78645e+07 2.78645e+07 2.78645e+07 0 0 0 0 0 0 0 0 0 0 0 0 0 0 0 0 0 0 0 0 0 0 0 0 0
#obs cpue bio
 3.70498e+06 3.75675e+06 3.10647e+06 3.80674e+06 3.35883e+06 2.73508e+06 2.03119e+06 2.18396e+06 1.89693e+06 1.31241e+06 1.95735e+06 1.38421e+06 1.28197e+06 973291 1.30474e+06 687799 644175 1.0066e+06 557564 485085 590899 560175 527225 542334 325003 543305 458738 431443 481156 503516 645301 582779 486694 403081 606972 445892 473877 573507 847521 762507 607998 637820 848497 529743 536002 638598 593799 743620 591588 857869 1.19091e+06 680659 764598 643852 682657 912246 678142 981584 790455
#pred surv len freq
 0.00419018 0.00688442 0.0105149 0.0151175 0.0206155 0.026733 0.0329734 0.0387489 0.0436014 0.0473445 0.0500378 0.0518605 0.0530047 0.0536307 0.0538692 0.0538417 0.0536843 0.0535422 0.0534948 0.0534076 0.0527962 0.0508635 0.0468191 0.0403698 0.0320542
 0.00453105 0.00735127 0.0110587 0.0156451 0.0210246 0.0269614 0.0330317 0.0387109 0.0435557 0.047343 0.0500754 0.0518997 0.0530209 0.0536463 0.0539505 0.0540613 0.0540677 0.0540272 0.0539285 0.0535908 0.052564 0.0501653 0.0457521 0.0391417 0.0308952
 0.00461223 0.00754446 0.0114556 0.0163502 0.0221072 0.0283932 0.0346516 0.0402571 0.0447648 0.0480579 0.0502928 0.0517329 0.0526188 0.0531321 0.0534088 0.0535534 0.0536366 0.0536775 0.0535995 0.0531595 0.0518943 0.0491843 0.0445047 0.0377842 0.0296263
 0.00474133 0.00773933 0.0117268 0.0167129 0.0225956 0.0290713 0.0356 0.0415279 0.0463201 0.0497349 0.0518348 0.052883 0.0532213 0.0531788 0.053011 0.0528725 0.05282 0.0528196 0.052726 0.0522314 0.0508397 0.0479545 0.0431271 0.0363726 0.0283376
 0.00495647 0.0080822 0.0122287 0.0173954 0.0234646 0.0301117 0.0367764 0.0427965 0.0476459 0.0510951 0.0531956 0.0541617 0.0542741 0.0538378 0.0531548 0.0524804 0.0519726 0.0516501 0.0513572 0.0507367 0.0492462 0.0462806 0.0414265 0.0347504 0.0269223
 0.00523501 0.008529 0.0128896 0.0183082 0.0246509 0.0315643 0.0384466 0.0445914 0.0494441 0.0527776 0.0546731 0.0553826 0.0552058 0.0544367 0.0533518 0.052199 0.0511704 0.0503503 0.0496455 0.0487309 0.0470664 0.0440431 0.0392549 0.0327789 0.0252739
 0.0055035 0.00897156 0.0135667 0.0192793 0.0259617 0.0332271 0.0404203 0.0467744 0.0516888 0.0549193 0.0565611 0.0569017 0.0562849 0.055043 0.053472 0.0518194 0.0502717 0.0489238 0.0477208 0.0463934 0.0444558 0.0413385 0.0366523 0.0304636 0.0233855
 0.00573789 0.00935878 0.0141617 0.0201395 0.0271381 0.0347489 0.0422766 0.0489027 0.0539773 0.0572214 0.0587159 0.0587542 0.0577055 0.0559408 0.0537977 0.0515564 0.0494209 0.047497 0.0457496 0.043951 0.0416771 0.0384206 0.0338294 0.0279595 0.0213614
 0.00597848 0.00975458 0.0147666 0.0210079 0.0283163 0.0362604 0.0441059 0.0509877 0.0562155 0.0594862 0.0608713 0.0606659 0.0592473 0.0570036 0.0542975 0.0514399 0.0486656 0.0461083 0.0437635 0.0414474 0.0387971 0.0353729 0.0308676 0.0253302 0.0192426
 0.00618635 0.010106 0.0153207 0.0218289 0.0294613 0.0377588 0.0459394 0.0530824 0.0584535 0.0617288 0.0629819 0.0625223 0.0607457 0.0580565 0.0548322 0.0513976 0.048005 0.0448124 0.0418514 0.0389908 0.0359369 0.0323225 0.0278894 0.022681 0.0171083
 0.00643236 0.0105039 0.0159168 0.0226676 0.0305799 0.0391779 0.0476492 0.0550325 0.0605527 0.0638555 0.0650007 0.0643019 0.0621737 0.059047 0.0553244 0.0513483 0.0473819 0.0435962 0.0400493 0.0366585 0.0332011 0.0293869 0.0250106 0.0201134 0.0150377
 0.00675235 0.0110134 0.0166636 0.0236883 0.0318938 0.0407765 0.0494864 0.0570225 0.0625826 0.0658064 0.0667652 0.0657906 0.0633138 0.0597798 0.0556038 0.0511399 0.0466608 0.0423483 0.0382805 0.034415 0.0305929 0.0265975 0.0222777 0.0176762 0.0130723
 0.00693229 0.0113177 0.0171428 0.0243963 0.0328748 0.042047 0.0510169 0.0587341 0.064362 0.0675324 0.0683316 0.0671164 0.0643413 0.0604674 0.0559178 0.0510497 0.0461381 0.0413715 0.0368461 0.0325562 0.0283998 0.0242268 0.0199359 0.0155749 0.0113702
 0.00696096 0.0113957 0.0173193 0.0247385 0.0334551 0.0429194 0.0521937 0.0601741 0.0659749 0.069196 0.0699138 0.068497 0.065428 0.061203 0.0562757 0.0510212 0.0457198 0.0405601 0.0356453 0.0309942 0.0265502 0.0222197 0.0179461 0.0137834 0.00991488
 0.00715849 0.0117073 0.017772 0.0253553 0.0342557 0.0439193 0.0533972 0.0615623 0.0674946 0.0707561 0.0713939 0.0697671 0.0663755 0.0617535 0.0564008 0.0507303 0.0450435 0.0395339 0.0343051 0.0293848 0.0247429 0.0203255 0.0161095 0.0121531 0.0086023
 0.00732862 0.0119962 0.0182282 0.0260283 0.0351817 0.0451006 0.0547864 0.063065 0.0689934 0.0721421 0.0725856 0.0707099 0.0670287 0.0620824 0.0563792 0.0503488 0.044314 0.0384877 0.0329869 0.0278522 0.0230721 0.0186175 0.014485 0.010731 0.00746837
 0.00748015 0.0122381 0.018585 0.0265229 0.0358343 0.0459253 0.0557827 0.0642071 0.0702233 0.0733724 0.0737134 0.0716384 0.0676867 0.0624316 0.0564087 0.0500644 0.0437304 0.0376279 0.0318863 0.0265626 0.0216655 0.0171862 0.0131333 0.0095561 0.00653737
 0.00765098 0.0124848 0.0188994 0.0268797 0.0362011 0.0462786 0.0561203 0.0645502 0.0706068 0.0738281 0.0742527 0.0722399 0.0682954 0.0629712 0.056801 0.0502465 0.0436645 0.0373026 0.0313146 0.0257814 0.0207357 0.0161892 0.0121616 0.00869572 0.00584799
 0.00789663 0.012874 0.0194638 0.0276346 0.0371347 0.0473397 0.0572135 0.0655494 0.0713913 0.074325 0.0744599 0.0722161 0.0681239 0.0627204 0.0565022 0.0498934 0.0432289 0.0367545 0.0306385 0.0249861 0.0198567 0.0152852 0.0113034 0.00794957 0.00525836
 0.00784214 0.0128055 0.0193986 0.0276031 0.0371749 0.0474859 0.0574841 0.0659378 0.0718637 0.0748257 0.0749264 0.0725982 0.0683994 0.0628963 0.0566009 0.0499319 0.043205 0.0366481 0.0304247 0.0246523 0.0194146 0.014773 0.0107771 0.00746723 0.0048635
 0.00789807 0.0128917 0.0195204 0.0277646 0.0373808 0.0477437 0.0578026 0.0663218 0.0723055 0.075298 0.075382 0.0729793 0.0686544 0.0629968 0.0565493 0.0497559 0.0429411 0.036325 0.0300556 0.0242404 0.0189656 0.0143053 0.0103225 0.00706241 0.00453728
 0.00787266 0.0128464 0.0194452 0.0276491 0.0372184 0.0475383 0.0575745 0.0661093 0.0721587 0.0752662 0.0754978 0.0732447 0.0690363 0.0634344 0.0569724 0.0501058 0.0431839 0.0364516 0.0300732 0.0241628 0.01881 0.0140942 0.010085 0.00683067 0.00433861
 0.00790233 0.0128882 0.0194958 0.0277 0.037257 0.04755 0.0575464 0.0660345 0.0720418 0.0751269 0.0753701 0.0731689 0.069045 0.0635391 0.0571564 0.0503295 0.0433983 0.0366145 0.0301595 0.0241662 0.0187393 0.0139685 0.00992981 0.00667246 0.00419949
 0.00798355 0.0130047 0.019642 0.0278603 0.037409 0.0476704 0.0576167 0.0660433 0.0719854 0.0750105 0.0752089 0.0729887 0.0688789 0.0634202 0.0571073 0.0503535 0.0434775 0.0367157 0.0302464 0.0242115 0.0187316 0.0139126 0.0098416 0.00657279 0.00410699
 0.00799251 0.0130211 0.0196695 0.0279015 0.0374626 0.0477284 0.0576629 0.0660574 0.0719507 0.0749227 0.0750791 0.07284 0.0687394 0.0633151 0.0570554 0.0503633 0.0435452 0.0368245 0.0303696 0.0243205 0.0188048 0.0139416 0.00983153 0.00653768 0.004063
 0.0079614 0.0129659 0.0195784 0.0277626 0.0372687 0.0474836 0.0573868 0.0657824 0.0717125 0.074748 0.0749796 0.072814 0.0687783 0.0634102 0.0571999 0.0505512 0.0437679 0.0370684 0.0306156 0.024546 0.0189898 0.0140739 0.00991077 0.00657358 0.00407055
 0.00802403 0.013066 0.0197249 0.0279598 0.0375122 0.0477557 0.0576544 0.0660026 0.0718444 0.0747674 0.0748865 0.0726299 0.0685364 0.0631456 0.0569434 0.050327 0.0435926 0.0369491 0.0305493 0.0245209 0.0189886 0.0140799 0.00991281 0.00656772 0.00405872
 0.00799732 0.0130188 0.0196475 0.0278428 0.0373513 0.0475572 0.0574387 0.0658005 0.0716869 0.0746742 0.0748601 0.0726586 0.0686033 0.063236 0.057048 0.0504418 0.0437164 0.0370809 0.0306862 0.0246565 0.0191137 0.0141851 0.00999158 0.00661926 0.00408735
 0.00794689 0.0129393 0.0195324 0.0276873 0.0371528 0.0473166 0.0571632 0.0655067 0.071402 0.0744327 0.074696 0.0725957 0.0686471 0.0633731 0.0572522 0.050684 0.0439717 0.0373322 0.0309226 0.0248705 0.0192989 0.0143361 0.0101059 0.00669803 0.00413605
 0.00790234 0.0128731 0.0194443 0.0275808 0.0370334 0.0471897 0.0570322 0.0653725 0.0712654 0.0742964 0.074568 0.0724901 0.068582 0.0633643 0.0573072 0.0507981 0.0441302 0.0375154 0.0311117 0.0250505 0.0194591 0.0144696 0.0102091 0.00677133 0.00418323
 0.00785295 0.012783 0.0192913 0.0273409 0.0366897 0.0467445 0.0565164 0.0648439 0.0707931 0.0739401 0.074362 0.0724405 0.0686739 0.0635725 0.0576043 0.0511575 0.0445258 0.0379214 0.0315033 0.0254062 0.0197635 0.0147145 0.0103932 0.00689982 0.00426571
 0.00786201 0.0127941 0.0193005 0.0273395 0.0366631 0.0466728 0.0563782 0.064624 0.0704931 0.0735856 0.0740006 0.0721289 0.0684596 0.0634812 0.0576369 0.0512963 0.0447439 0.038189 0.0317914 0.025689 0.0200195 0.0149291 0.0105596 0.00701861 0.0043434
 0.00778793 0.012685 0.0191572 0.0271697 0.0364788 0.0464854 0.0561944 0.0644446 0.0703144 0.0734035 0.0738167 0.0719553 0.0683202 0.0634055 0.0576495 0.0514073 0.0449453 0.0384578 0.0320967 0.025999 0.020307 0.0151742 0.0107521 0.00715749 0.00443502
 0.00773313 0.0125972 0.0190281 0.0269944 0.0362586 0.0462315 0.055929 0.0641978 0.0701144 0.0732661 0.0737402 0.0719248 0.0683187 0.063425 0.0576953 0.0514931 0.0450836 0.0386512 0.0323342 0.0262586 0.0205625 0.0154025 0.0109377 0.00729498 0.00452758
 0.00767338 0.012496 0.0188688 0.0267599 0.0359368 0.0458227 0.0554537 0.063698 0.069647 0.0728895 0.0734992 0.07184 0.0683835 0.0636114 0.0579659 0.0518145 0.0454328 0.039015 0.0327023 0.0266181 0.0208962 0.0156926 0.0111713 0.00746751 0.00464384
 0.00769298 0.0125245 0.0189046 0.0267975 0.0359652 0.0458256 0.055411 0.0635904 0.0694646 0.0726394 0.0732088 0.0715514 0.0681416 0.0634503 0.0579004 0.0518403 0.0455335 0.0391701 0.032893 0.0268273 0.0211073 0.015889 0.0113387 0.00759742 0.00473505
 0.00778997 0.0126634 0.0190786 0.0269881 0.0361468 0.0459732 0.0555057 0.0636206 0.0694234 0.0725235 0.07302 0.0713017 0.0678558 0.0631637 0.0576508 0.0516575 0.0454322 0.0391489 0.0329385 0.0269202 0.0212268 0.0160154 0.0114556 0.00769369 0.00480584
 0.00775796 0.0126209 0.0190317 0.0269463 0.036118 0.045957 0.0554902 0.0635866 0.0693544 0.0724153 0.0728837 0.0711574 0.0677235 0.063058 0.0575814 0.0516319 0.0454562 0.0392242 0.0330595 0.0270739 0.0213951 0.0161796 0.0116 0.00780865 0.00488856
 0.00769319 0.012521 0.0188921 0.0267682 0.0359103 0.0457368 0.0552818 0.0634161 0.0692407 0.0723627 0.0728807 0.0711846 0.0677646 0.063106 0.0576384 0.0517044 0.0455508 0.0393449 0.0332058 0.0272395 0.0215684 0.0163459 0.0117459 0.00792481 0.0049723
 0.0077212 0.0125497 0.0189043 0.0267386 0.035813 0.0455576 0.0550284 0.0631196 0.068947 0.0721176 0.0727163 0.071112 0.0677745 0.0631766 0.057746 0.0518315 0.0456889 0.039492 0.033362 0.0274027 0.0217325 0.0165012 0.0118818 0.00803369 0.00505144
 0.00769418 0.0125126 0.0188601 0.0266913 0.0357631 0.0454966 0.0549375 0.062977 0.0687414 0.0718606 0.0724448 0.0708765 0.0676199 0.0631261 0.0577965 0.0519606 0.0458674 0.0396943 0.0335705 0.0276065 0.0219237 0.0166725 0.0120264 0.00814702 0.00513282
 0.00765877 0.0124623 0.0187982 0.0266263 0.0357068 0.0454604 0.0549282 0.0629917 0.0687655 0.0718704 0.0724159 0.0707968 0.0674985 0.0629923 0.0576867 0.051903 0.0458726 0.0397556 0.0336715 0.0277289 0.022052 0.0167946 0.0121335 0.00823329 0.00519626
 0.00769133 0.0125033 0.0188383 0.0266506 0.0357005 0.0454172 0.0548554 0.0629092 0.0686967 0.0718303 0.0724036 0.0707964 0.0674882 0.0629569 0.0576269 0.051835 0.0458194 0.0397357 0.0336916 0.0277838 0.0221289 0.0168793 0.0122137 0.00830073 0.00524719
 0.00769427 0.0125199 0.0188841 0.0267442 0.0358554 0.0456306 0.0551014 0.0631438 0.068874 0.0719213 0.072405 0.0707251 0.0673674 0.0628049 0.0574545 0.0516512 0.0456365 0.0395705 0.0335601 0.0276952 0.0220829 0.0168672 0.0122232 0.00831996 0.00526741
 0.00768362 0.0125036 0.0188622 0.0267201 0.0358377 0.0456339 0.0551444 0.0632419 0.0690285 0.0721126 0.0725958 0.0708741 0.0674462 0.062806 0.057389 0.051539 0.0454992 0.0394277 0.033429 0.0275892 0.0220091 0.0168254 0.012207 0.00831999 0.00527485
 0.00767422 0.0124878 0.0188378 0.0266848 0.0357904 0.0455765 0.0550837 0.0631905 0.0690037 0.0721312 0.0726664 0.0709903 0.0675856 0.0629374 0.0574843 0.0515831 0.0454928 0.0393837 0.0333656 0.0275239 0.0219551 0.0167893 0.0121888 0.00831538 0.00527785
 0.00762878 0.0124288 0.018776 0.0266388 0.0357801 0.0456143 0.0551675 0.0633038 0.0691232 0.072237 0.0727494 0.0710523 0.0676334 0.0629752 0.0575092 0.0515868 0.0454673 0.0393276 0.0332861 0.0274346 0.0218706 0.0167203 0.0121401 0.0082859 0.00526291
 0.00759863 0.0123756 0.0186893 0.0265095 0.0356064 0.0454087 0.05496 0.0631361 0.0690337 0.0722445 0.0728459 0.0712096 0.0678178 0.0631597 0.0576775 0.0517301 0.0455801 0.0394062 0.0333303 0.0274494 0.0218655 0.0167062 0.0121257 0.00827581 0.00525786
 0.00747081 0.012179 0.0184144 0.0261547 0.0351781 0.0449214 0.054439 0.0626205 0.0685765 0.0719052 0.0726766 0.0712389 0.0680402 0.0635372 0.0581522 0.0522413 0.0460772 0.0398541 0.0337094 0.0277524 0.022095 0.0168715 0.0122393 0.00835037 0.00530457
 0.0074231 0.012096 0.0182799 0.0259516 0.0348939 0.0445555 0.0540089 0.0621613 0.068133 0.0715219 0.072391 0.07108 0.0680274 0.0636766 0.0584308 0.052626 0.046521 0.0403071 0.0341296 0.0281124 0.0223821 0.017086 0.0123897 0.00844942 0.00536574
 0.00742175 0.0120789 0.0182263 0.0258325 0.0346787 0.0442237 0.0535605 0.0616226 0.0675534 0.0709639 0.0719182 0.0707456 0.0678664 0.0637024 0.0586355 0.052983 0.0469881 0.0408323 0.0346591 0.0285998 0.0227956 0.0174107 0.0126262 0.00860934 0.00546584
 0.0071812 0.011703 0.0176888 0.0251194 0.0337904 0.0431785 0.0524015 0.0604215 0.0664068 0.0699807 0.0712009 0.0703718 0.0678747 0.0640862 0.0593475 0.0539459 0.0481097 0.0420176 0.0358196 0.0296609 0.0237036 0.0181366 0.0131668 0.00898258 0.00570367
 0.00738041 0.011998 0.0180784 0.0255809 0.034283 0.0436491 0.0527896 0.0606636 0.066444 0.0697722 0.0707411 0.0697023 0.0670827 0.0632874 0.0586568 0.0534489 0.0478448 0.0419748 0.0359522 0.0299035 0.0239893 0.0184113 0.0133961 0.00915268 0.00581691
 0.00738357 0.0120147 0.0181238 0.0256733 0.0344352 0.0438573 0.0530257 0.0608784 0.0665817 0.0697881 0.070613 0.0694331 0.0666979 0.0628325 0.0581944 0.0530501 0.0475728 0.0418666 0.0360081 0.0300892 0.0242497 0.0186884 0.0136442 0.00934675 0.00595144
 0.0072409 0.0118092 0.0178644 0.0253876 0.0341646 0.0436467 0.0529126 0.0608832 0.0666998 0.0699878 0.0708406 0.0696276 0.0668105 0.062841 0.0581092 0.0529099 0.0474328 0.041782 0.0360162 0.0301981 0.0244375 0.0189144 0.0138654 0.00953172 0.00608647
 0.00705343 0.0115041 0.017407 0.0247521 0.0333475 0.0426836 0.0518901 0.059931 0.0659599 0.06957 0.070789 0.0699119 0.0673428 0.0635085 0.0588073 0.0535665 0.048018 0.0423012 0.0364928 0.030653 0.0248751 0.0193209 0.0142178 0.00981073 0.0062859
 0.00703853 0.0114566 0.0172921 0.024522 0.0329515 0.0420877 0.0510961 0.0589889 0.0649661 0.068652 0.070079 0.069514 0.067305 0.0638099 0.0593681 0.0542775 0.0487753 0.0430316 0.0371603 0.0312491 0.0254019 0.0197774 0.0145971 0.0101057 0.00649645
 0.00714399 0.0116098 0.017487 0.0247358 0.0331448 0.0422066 0.0510789 0.0587791 0.0645312 0.0680046 0.0692874 0.0686939 0.0665913 0.063318 0.0591611 0.0543526 0.0490739 0.0434675 0.0376506 0.0317332 0.0258449 0.0201621 0.014915 0.0103528 0.00667415
 0.00718247 0.0116972 0.0176626 0.0250468 0.0336275 0.0428608 0.0518465 0.059544 0.0651465 0.0683346 0.0692489 0.0682806 0.0658758 0.0624329 0.0582629 0.0535788 0.0485095 0.0431328 0.0375138 0.0317365 0.0259295 0.0202823 0.0150401 0.0104643 0.00676241
#obs surv len freq
 nan nan nan nan nan nan nan nan nan nan nan nan nan nan nan nan nan nan nan nan nan nan nan nan nan
 0.00448643 0.00734845 0.0111789 0.0159951 0.0216951 0.0279695 0.0342822 0.0400122 0.044691 0.0481544 0.0505124 0.0520085 0.0529011 0.0534138 0.0537284 0.0539835 0.0542623 0.0545551 0.0546939 0.0542859 0.052724 0.0493561 0.0438059 0.036286 0.0276697
 0.0046153 0.00756102 0.011504 0.0164606 0.0223203 0.0287548 0.0351987 0.0409994 0.0456652 0.0490267 0.0512049 0.0524665 0.0530977 0.0533492 0.0534254 0.0534798 0.0536015 0.0537801 0.0538438 0.0533975 0.0518363 0.0485124 0.043051 0.0356581 0.0271898
 0.0047771 0.00782524 0.0119041 0.0170286 0.0230816 0.029718 0.0363448 0.0422759 0.04699 0.0502996 0.0523227 0.0533363 0.0536478 0.0535379 0.0532443 0.0529514 0.0527718 0.0527092 0.0525984 0.0520482 0.0504582 0.0471861 0.0418562 0.0346606 0.026426
 0.00496275 0.00812935 0.0123661 0.0176868 0.0239656 0.0308377 0.0376785 0.0437653 0.0485483 0.0518258 0.0537151 0.0544995 0.0544971 0.0540039 0.0532805 0.0525411 0.0519317 0.0514876 0.0510709 0.0503123 0.0486293 0.0453909 0.0402199 0.0332852 0.0253689
 0.00518321 0.00848943 0.0129111 0.0184602 0.0250007 0.0321446 0.0392309 0.0454951 0.0503548 0.0535943 0.0553341 0.0558705 0.0555365 0.0546424 0.0534625 0.0522289 0.0511119 0.05018 0.0493351 0.0482513 0.046387 0.0431397 0.0381366 0.0315172 0.0240019
 0.00542189 0.00887935 0.0135015 0.0192983 0.026123 0.0335628 0.040917 0.0473765 0.0523238 0.055528 0.0571134 0.0573914 0.0567125 0.0554036 0.0537528 0.0520045 0.0503446 0.0488666 0.0475117 0.0460085 0.0438757 0.0405611 0.0357102 0.0294334 0.0223778
 0.00565863 0.00926885 0.0140964 0.0201506 0.0272743 0.0350284 0.0426697 0.0493408 0.0543866 0.0575603 0.0589911 0.0590063 0.0579764 0.0562459 0.0541178 0.0518477 0.0496326 0.047584 0.0456772 0.0436958 0.0412294 0.0377926 0.0330647 0.0271341 0.0205696
 0.00588907 0.00964703 0.0146725 0.0209742 0.0283861 0.0364456 0.044371 0.0512596 0.0564189 0.0595834 0.0608819 0.0606541 0.059288 0.057147 0.0545503 0.051766 0.0490012 0.0463818 0.0439117 0.0414262 0.0385881 0.034987 0.0303479 0.0247465 0.0186752
 0.00612553 0.010034 0.0152596 0.0218095 0.029507 0.037865 0.0460622 0.0531517 0.0584063 0.0615463 0.0627048 0.0622361 0.0605451 0.0580114 0.0549677 0.0516926 0.0484016 0.0452324 0.042214 0.0392286 0.0360093 0.0322234 0.0276482 0.0223543 0.0167632
 0.00638734 0.0104609 0.0159043 0.0227215 0.0307222 0.0393903 0.04786 0.0551349 0.0604521 0.0635202 0.0644844 0.0637236 0.0616694 0.0587235 0.0552342 0.051488 0.0477042 0.0440263 0.0405008 0.0370504 0.0334728 0.0295101 0.0249938 0.0199949 0.0148701
 0.0066263 0.0108574 0.0165157 0.0236053 0.0319238 0.0409231 0.0496866 0.0571613 0.0625423 0.0655249 0.0662675 0.0651778 0.0627215 0.059331 0.0553781 0.051163 0.0469099 0.0427644 0.0387838 0.034921 0.0310284 0.0269149 0.0224627 0.0177458 0.0130634
 0.00685017 0.0112221 0.0170665 0.0243858 0.0329691 0.0422482 0.0512717 0.0589444 0.0644232 0.0673801 0.0679686 0.0666077 0.0637868 0.0599689 0.0555567 0.050875 0.0461631 0.0415749 0.037178 0.0329491 0.0287836 0.0245454 0.020159 0.0157013 0.0114206
 0.00706873 0.0115804 0.0176108 0.0251602 0.0340056 0.0435522 0.0528081 0.0606351 0.0661602 0.0690482 0.0694633 0.0678433 0.0646955 0.0605 0.0556766 0.0505681 0.0454308 0.0404338 0.0356604 0.031111 0.026717 0.0223861 0.0180758 0.0138618 0.00994702
 0.00727477 0.0119221 0.018137 0.0259197 0.0350357 0.0448614 0.0543594 0.0623412 0.0678975 0.0706828 0.0708767 0.0689473 0.0654356 0.0608506 0.0556324 0.0501357 0.0446242 0.039274 0.034181 0.0293669 0.0247951 0.0204092 0.0161916 0.0122132 0.00863511
 0.00742111 0.0121611 0.0184996 0.0264367 0.0357343 0.0457569 0.055446 0.0635842 0.0692334 0.0720255 0.0721292 0.0700141 0.0662362 0.0613282 0.0557577 0.0499031 0.0440448 0.0383705 0.0329877 0.027936 0.0232054 0.0187686 0.0146268 0.0108451 0.00754773
 0.00752585 0.0123311 0.0187551 0.0267969 0.0362144 0.046364 0.0561736 0.0644109 0.0701255 0.0729423 0.073025 0.0708387 0.0669336 0.0618408 0.0560334 0.0499037 0.0437516 0.0377854 0.0321333 0.0268572 0.021972 0.0174751 0.0133822 0.00975171 0.0066766
 0.00761314 0.0124709 0.0189616 0.0270821 0.0365858 0.0468222 0.0567088 0.0650025 0.0707456 0.0735616 0.0736179 0.0713828 0.0674069 0.0622168 0.0562789 0.0499821 0.0436289 0.0374397 0.0315628 0.0260862 0.0210532 0.0164866 0.0124164 0.00889554 0.00599089
 0.00766261 0.0125449 0.0190613 0.0272055 0.0367302 0.0469865 0.0568963 0.0652195 0.0709989 0.0738546 0.0739482 0.0717411 0.0677763 0.0625732 0.0565915 0.0502135 0.0437391 0.0373926 0.0313356 0.0256789 0.0204953 0.0158354 0.0117469 0.00828252 0.00548946
 0.00774322 0.0126674 0.0192295 0.0274162 0.0369733 0.0472462 0.0571525 0.0654518 0.0711919 0.0740042 0.0740627 0.0718374 0.0678712 0.0626756 0.056697 0.0503044 0.0437867 0.0373632 0.0311991 0.0254198 0.020121 0.0153799 0.0112635 0.00782944 0.00511272
 0.00778241 0.012732 0.0193278 0.0275554 0.0371564 0.0474684 0.0573985 0.0656965 0.0714071 0.0741671 0.0741639 0.0718823 0.067877 0.0626637 0.0566845 0.0502972 0.0437766 0.0373293 0.0311152 0.0252641 0.0198867 0.0150813 0.010934 0.00751099 0.00484163
 0.00780979 0.0127697 0.0193725 0.0276008 0.0371965 0.0475018 0.0574306 0.0657375 0.0714664 0.0742469 0.0742573 0.0719766 0.0679604 0.0627304 0.056736 0.0503384 0.0438093 0.0373475 0.0311049 0.0252085 0.0197754 0.0149174 0.0107363 0.00730796 0.00466118
 0.00785842 0.0128402 0.0194623 0.0277013 0.0372946 0.0475829 0.0574827 0.0657547 0.0714509 0.07421 0.074216 0.0719472 0.0679521 0.062743 0.0567625 0.0503701 0.0438386 0.0373677 0.0311078 0.0251845 0.0197164 0.0148225 0.0106149 0.00717763 0.00454123
 0.00786184 0.0128481 0.019478 0.0277285 0.0373349 0.0476335 0.0575343 0.0657937 0.0714644 0.0741921 0.0741714 0.0718905 0.0679019 0.0627151 0.0567642 0.0503989 0.0438849 0.0374185 0.0311501 0.0252069 0.0197112 0.0147876 0.0105554 0.00710495 0.00446913
 0.00788275 0.0128745 0.019504 0.0277448 0.0373324 0.0476082 0.0574906 0.0657427 0.0714183 0.074158 0.0741492 0.0718757 0.0678914 0.0627105 0.056771 0.0504225 0.043926 0.037472 0.0312058 0.0252532 0.0197383 0.0147909 0.0105364 0.00707095 0.00442993
 0.0079161 0.0129251 0.0195731 0.0278297 0.0374261 0.0476987 0.0575628 0.0657814 0.0714141 0.074112 0.0740728 0.0717859 0.0678037 0.0626346 0.0567115 0.0503811 0.0439033 0.0374666 0.0312134 0.0252663 0.0197485 0.0147915 0.0105254 0.00705065 0.00440565
 0.00789939 0.0129008 0.0195418 0.0277939 0.0373893 0.0476647 0.0575337 0.0657576 0.0713938 0.0740921 0.0740513 0.0717637 0.0677851 0.0626258 0.0567179 0.0504047 0.0439426 0.0375175 0.0312702 0.0253223 0.0197971 0.0148275 0.0105462 0.00705773 0.00440318
 0.00790467 0.0129028 0.0195332 0.0277644 0.03733 0.0475726 0.0574163 0.0656317 0.07128 0.0740075 0.074004 0.0717524 0.0678028 0.0626645 0.0567713 0.0504693 0.0440161 0.0375971 0.0313518 0.0254004 0.0198659 0.0148823 0.0105847 0.00708065 0.00441386
 0.00787063 0.0128539 0.0194711 0.0276938 0.0372556 0.0474964 0.0573355 0.0655417 0.0711798 0.0739042 0.0739124 0.0716903 0.0677831 0.0626903 0.0568366 0.0505628 0.0441258 0.0377131 0.0314661 0.0255067 0.0199587 0.0149575 0.0106405 0.00711784 0.00443565
 0.00786435 0.0128326 0.0194192 0.0275922 0.0370887 0.0472619 0.0570521 0.0652458 0.0709139 0.0737018 0.0737903 0.0716494 0.0678158 0.0627865 0.0569852 0.0507505 0.0443371 0.0379314 0.0316764 0.0256972 0.0201212 0.0150875 0.0107374 0.00718437 0.00447725
 0.00785933 0.012828 0.0194178 0.0275962 0.0370961 0.0472629 0.0570281 0.0651761 0.0707865 0.0735236 0.0735879 0.0714597 0.0676721 0.0627084 0.0569767 0.0508042 0.044439 0.038065 0.0318249 0.0258449 0.0202556 0.0152001 0.0108242 0.00724574 0.00451677
 0.00782045 0.0127643 0.0193217 0.027462 0.036923 0.0470584 0.0568092 0.0649657 0.0706056 0.0733837 0.0734896 0.0713993 0.067649 0.0627281 0.0570464 0.0509267 0.0446086 0.0382679 0.0320425 0.0260584 0.0204489 0.0153619 0.0109493 0.00733473 0.00457467
 0.0078156 0.0127513 0.0192926 0.0274061 0.0368295 0.0469205 0.0566286 0.0647549 0.070386 0.0731809 0.0733264 0.0712902 0.0675985 0.0627327 0.0571002 0.0510242 0.0447451 0.0384364 0.0322319 0.0262533 0.0206331 0.0155219 0.0110766 0.00742744 0.00463618
 0.00778636 0.0127047 0.0192242 0.0273121 0.0367065 0.0467666 0.056445 0.0645471 0.0701656 0.0729653 0.0731374 0.0711498 0.0675237 0.0627314 0.0571699 0.0511544 0.0449213 0.0386434 0.0324547 0.026477 0.0208426 0.0157042 0.011223 0.00753515 0.00470845
 0.00774761 0.0126419 0.0191303 0.0271811 0.0365357 0.0465585 0.0562095 0.064301 0.069929 0.0727571 0.0729721 0.0710377 0.067472 0.0627451 0.0572502 0.051297 0.0451159 0.0388745 0.0327043 0.0267266 0.0210754 0.0159064 0.0113857 0.0076556 0.0047899
 0.0076971 0.0125616 0.019013 0.0270215 0.0363318 0.0463137 0.0559341 0.0640135 0.0696533 0.0725179 0.0727904 0.0709271 0.0674384 0.0627874 0.0573626 0.0514709 0.0453398 0.0391341 0.0329825 0.0270046 0.0213347 0.0161316 0.0115671 0.00779015 0.00488122
 0.00768604 0.0125401 0.0189739 0.0269562 0.0362319 0.0461743 0.0557571 0.063808 0.0694345 0.0723039 0.072599 0.0707744 0.0673373 0.0627467 0.0573859 0.0515564 0.0454808 0.0393197 0.033198 0.0272326 0.0215568 0.0163313 0.0117322 0.00791528 0.00496762
 0.00766104 0.012502 0.0189211 0.0268881 0.0361483 0.0460744 0.0556393 0.0636717 0.0692819 0.0721417 0.0724393 0.0706321 0.0672275 0.0626821 0.0573749 0.0516019 0.0455807 0.0394665 0.0333795 0.027433 0.0217585 0.0165171 0.0118891 0.00803616 0.00505226
 0.00763627 0.0124615 0.01886 0.0268023 0.0360362 0.0459385 0.0554876 0.0635163 0.0691357 0.0720143 0.0723349 0.0705517 0.067172 0.0626547 0.0573808 0.0516467 0.0456671 0.0395928 0.0335385 0.0276126 0.0219431 0.0166907 0.0120382 0.00815271 0.00513493
 0.00761803 0.0124305 0.018811 0.0267297 0.0359353 0.045808 0.0553314 0.0633447 0.0689639 0.071859 0.0722105 0.070467 0.0671299 0.0626527 0.0574149 0.0517134 0.0457644 0.0397188 0.0336891 0.0277798 0.022115 0.0168536 0.0121796 0.00826462 0.00521517
 0.00759201 0.0123921 0.01876 0.026668 0.0358655 0.0457315 0.055248 0.063253 0.0688636 0.0717533 0.0721066 0.0703756 0.0670616 0.0626159 0.0574133 0.0517467 0.0458296 0.039812 0.0338055 0.0279126 0.022255 0.0169895 0.0123004 0.00836223 0.00528652
 0.00758466 0.0123794 0.0187398 0.0266382 0.0358251 0.0456819 0.0551929 0.0631977 0.0688121 0.0717062 0.0720615 0.0703292 0.0670134 0.0625702 0.0573779 0.05173 0.0458379 0.0398475 0.0338667 0.0279946 0.02235 0.0170878 0.0123919 0.00843905 0.00534441
 0.00757316 0.0123615 0.0187142 0.0266043 0.0357826 0.0456311 0.0551352 0.063136 0.068751 0.0716511 0.072017 0.0702974 0.0669937 0.0625599 0.0573753 0.0517358 0.0458551 0.0398801 0.0339168 0.0280611 0.0224282 0.01717 0.0124697 0.00850519 0.00539493
 0.007528 0.0122936 0.0186223 0.0264911 0.0356542 0.0454957 0.0550023 0.0630154 0.0686522 0.0715814 0.0719806 0.0702951 0.0670227 0.062615 0.0574495 0.0518222 0.0459483 0.0399773 0.0340169 0.0281631 0.0225296 0.0172662 0.0125552 0.00857521 0.00544716
 0.00753408 0.0122987 0.0186214 0.0264771 0.0356202 0.045439 0.0549265 0.0629302 0.0685695 0.0715115 0.0719288 0.0702622 0.0670073 0.062615 0.0574635 0.0518486 0.0459855 0.0400234 0.0340703 0.0282223 0.0225922 0.0173288 0.0126134 0.00862485 0.00548547
 0.00753107 0.012297 0.0186243 0.0264885 0.0356426 0.0454698 0.0549573 0.0629486 0.0685646 0.0714791 0.071874 0.0701963 0.0669427 0.0625611 0.0574249 0.0518264 0.0459788 0.0400306 0.0340894 0.0282511 0.022628 0.0173683 0.0126525 0.00865968 0.00551332
 0.00751938 0.0122787 0.0185986 0.0264556 0.0356048 0.0454318 0.0549257 0.0629297 0.0685609 0.0714877 0.0718866 0.0702041 0.0669408 0.0625507 0.0574118 0.0518173 0.0459786 0.0400412 0.0341104 0.0282805 0.0226629 0.0174054 0.0126882 0.00869085 0.00553792
 0.00750467 0.0122546 0.0185619 0.0264038 0.0355365 0.0453486 0.0548333 0.0628382 0.0684829 0.0714347 0.0718654 0.0702144 0.0669757 0.0625999 0.0574658 0.0518707 0.0460302 0.0400922 0.0341622 0.0283331 0.0227149 0.0174543 0.0127314 0.00872622 0.00556448
 0.00749067 0.0122307 0.0185241 0.0263477 0.0354586 0.0452483 0.0547144 0.0627095 0.0683575 0.0713271 0.071789 0.0701785 0.0669837 0.0626482 0.057545 0.0519683 0.0461345 0.040195 0.0342588 0.0284215 0.0227938 0.0175224 0.0127875 0.00876963 0.00559562
 0.00747508 0.0122064 0.0184891 0.0263008 0.0353989 0.0451753 0.0546285 0.0626129 0.0682547 0.0712254 0.0716984 0.0701099 0.0669469 0.0626494 0.0575846 0.0520411 0.0462306 0.0403028 0.0343678 0.0285238 0.0228848 0.0175993 0.0128491 0.00881613 0.00562822
 0.00747508 0.0122064 0.0184891 0.0263008 0.0353989 0.0451753 0.0546285 0.0626129 0.0682547 0.0712254 0.0716984 0.0701099 0.0669469 0.0626494 0.0575846 0.0520411 0.0462306 0.0403028 0.0343678 0.0285238 0.0228848 0.0175993 0.0128491 0.00881613 0.00562822
 0.00721623 0.0117927 0.0178817 0.0254737 0.0343506 0.0439434 0.0533008 0.0613227 0.0671546 0.070448 0.0713239 0.070155 0.0673721 0.0633783 0.0585236 0.0530957 0.0473168 0.0413519 0.0353288 0.0293624 0.0235818 0.0181495 0.0132592 0.0091025 0.00581409
 0.00738412 0.0120305 0.0181731 0.0257774 0.0346069 0.0440876 0.053278 0.0611007 0.0667342 0.0698687 0.0706612 0.069505 0.0668282 0.0630081 0.0583567 0.0531233 0.0475017 0.0416425 0.0356713 0.0297103 0.0239004 0.0184174 0.0134674 0.00925216 0.00591319
 0.00728049 0.0118936 0.0180239 0.0256506 0.0345357 0.0440818 0.0533102 0.0611107 0.0666535 0.0696523 0.0703092 0.0690647 0.0663788 0.0626365 0.0581334 0.0530866 0.0476513 0.0419447 0.0360716 0.030148 0.0243219 0.018784 0.0137585 0.00946387 0.00605411
 0.00727645 0.0118745 0.0179741 0.0255531 0.034383 0.0438882 0.0531155 0.060967 0.0665968 0.069677 0.0703647 0.0690812 0.0663063 0.0624721 0.0579226 0.0529002 0.0475545 0.0419733 0.0362237 0.030391 0.0246075 0.0190651 0.0140005 0.00964957 0.00618219
 0.00712688 0.0116438 0.0176498 0.0251313 0.0338682 0.0432941 0.0524694 0.0603159 0.0660076 0.0692261 0.0701159 0.0690602 0.0664887 0.0627946 0.0583132 0.0533095 0.0479682 0.0424017 0.036679 0.030869 0.0250838 0.0195041 0.01437 0.00993184 0.00637727
 0.00703844 0.0114874 0.0173923 0.0247368 0.0333099 0.0425708 0.0516185 0.0594122 0.0651471 0.068502 0.069601 0.0688005 0.0665005 0.0630621 0.0587895 0.0539266 0.0486565 0.0431079 0.0373713 0.0315291 0.0256942 0.0200432 0.0148161 0.0102722 0.00661404
 0.00710599 0.011593 0.0175412 0.0249259 0.0335217 0.0427688 0.0517476 0.0594102 0.0649666 0.0681334 0.0690833 0.0682113 0.0659335 0.062601 0.0584895 0.0538063 0.048701 0.0432805 0.037629 0.0318331 0.026013 0.0203499 0.0150877 0.0104919 0.00677483
 0.00713987 0.0116593 0.0176612 0.0251246 0.0338197 0.043169 0.052223 0.0599002 0.0653863 0.0683943 0.0691184 0.0679968 0.0654988 0.0620223 0.0578676 0.0532381 0.0482556 0.0429886 0.0374861 0.031812 0.026077 0.020462 0.0152159 0.0106117 0.00687141
#pred catch len freq
 0.00310273 0.00504062 0.00761354 0.0108691 0.014852 0.0195574 0.0248702 0.0305532 0.0362924 0.0417596 0.0466587 0.0507638 0.0539522 0.0562154 0.0576447 0.0584088 0.058735 0.0588699 0.058976 0.0589598 0.0583219 0.0562028 0.0517399 0.0446148 0.0354255
 0.00336343 0.00540006 0.00803754 0.0112913 0.0151996 0.0197868 0.0249905 0.0306161 0.0363558 0.0418492 0.0467571 0.0508355 0.0539841 0.0562447 0.057751 0.0586734 0.0591843 0.0594334 0.0594833 0.0591901 0.0580927 0.0554572 0.0505844 0.0432779 0.0341606
 0.00345355 0.00558418 0.00837895 0.0118584 0.0160329 0.0208574 0.0261779 0.0317341 0.0372236 0.0423663 0.0469326 0.0507547 0.0537495 0.0559364 0.0574272 0.058386 0.0589772 0.0593123 0.0593824 0.0589729 0.0576052 0.054612 0.0494218 0.0419608 0.0329018
 0.00358698 0.00578773 0.00866599 0.0122471 0.0165593 0.021584 0.0271796 0.0330541 0.0388151 0.0440617 0.0484762 0.0518955 0.0543392 0.0559727 0.057024 0.057705 0.0581654 0.0584633 0.0585185 0.0580477 0.0565364 0.0533426 0.0479784 0.040466 0.0315274
 0.00379141 0.0061088 0.00912772 0.0128635 0.0173327 0.0225057 0.0282339 0.0342275 0.0401038 0.0454625 0.049954 0.0533455 0.0555822 0.0568055 0.057301 0.0573977 0.0573601 0.0573053 0.0571416 0.0565307 0.0549058 0.0516142 0.0462064 0.0387619 0.0300307
 0.00405283 0.0065221 0.00972863 0.0136792 0.0183791 0.0237821 0.0297142 0.0358547 0.0417945 0.0471245 0.0515054 0.0547222 0.0567255 0.0576388 0.0577222 0.0573031 0.0566917 0.0560833 0.0554594 0.0545172 0.052691 0.0493212 0.0439648 0.0367137 0.0283084
 0.00430915 0.00693608 0.0103475 0.0145476 0.0195336 0.0252413 0.0314646 0.0378394 0.0439135 0.0492455 0.0534839 0.0564242 0.0580465 0.0585096 0.0580975 0.0571442 0.0559614 0.0547634 0.0535784 0.0521676 0.0500248 0.0465317 0.0412624 0.0342972 0.0263289
 0.00455521 0.00733269 0.0109398 0.0153802 0.0206481 0.0266691 0.0332143 0.0398824 0.0461746 0.0516028 0.0557795 0.0584855 0.0597125 0.0596546 0.058642 0.0570494 0.0552144 0.053369 0.0515674 0.0496196 0.0470882 0.0434236 0.03824 0.0316067 0.0241485
 0.0048129 0.00774639 0.0115542 0.0162373 0.0217849 0.0281112 0.0349652 0.0419128 0.0484176 0.0539554 0.0581087 0.060638 0.0615293 0.0609889 0.0593765 0.0571055 0.0545541 0.0519908 0.0495083 0.0469672 0.0439996 0.0401307 0.0350249 0.0287436 0.0218362
 0.00504934 0.0081322 0.0121387 0.0170704 0.0229118 0.0295613 0.0367381 0.0439675 0.0506719 0.0562948 0.0603994 0.0627397 0.0633059 0.0623169 0.0601496 0.0572386 0.0539877 0.0506987 0.0475085 0.0443394 0.0409016 0.0368023 0.0317601 0.0258307 0.0194847
 0.0053182 0.00855864 0.0127625 0.0179264 0.02403 0.0309641 0.0384306 0.045925 0.0528301 0.058549 0.0626134 0.0647645 0.0650006 0.0635641 0.0608596 0.0573451 0.053442 0.0494715 0.0456044 0.0418202 0.0379104 0.0335693 0.0285754 0.0229821 0.017183
 0.00560848 0.00901621 0.0134254 0.0188234 0.0251792 0.0323703 0.0400789 0.0477744 0.0548123 0.0605733 0.0645737 0.0665464 0.0664898 0.0646565 0.061469 0.0574067 0.0529104 0.0483209 0.043837 0.039487 0.0351357 0.030561 0.0256027 0.0203162 0.0150253
 0.00581078 0.00934693 0.0139271 0.0195381 0.0261423 0.0335995 0.0415615 0.0494606 0.0566197 0.0623998 0.0663134 0.0681001 0.0677709 0.0655917 0.061997 0.0574751 0.0524758 0.0473525 0.0423282 0.037475 0.0327239 0.0279291 0.0229877 0.0179608 0.0131125
 0.00593617 0.00956508 0.0142829 0.0200851 0.0269345 0.0346757 0.0429276 0.051077 0.0584011 0.0642261 0.0680485 0.0696144 0.068961 0.0663901 0.0623698 0.0574092 0.0519648 0.0463913 0.0409205 0.0356532 0.0305731 0.0255995 0.0206807 0.0158853 0.0114274
 0.0061675 0.00992507 0.0147967 0.0207709 0.0278072 0.0357498 0.0442124 0.0525633 0.0600448 0.0659391 0.0697035 0.071066 0.0700762 0.0670753 0.0625819 0.0571492 0.0512602 0.0452784 0.0394382 0.0338523 0.0285357 0.0234538 0.0185935 0.0140286 0.00993034
 0.00635123 0.0102274 0.015258 0.02143 0.0286925 0.0368668 0.0455321 0.0540217 0.061556 0.0674132 0.0710575 0.0722239 0.0709645 0.0676253 0.0627397 0.056888 0.0505843 0.0442192 0.0380457 0.032193 0.0266983 0.0215557 0.0167756 0.0124294 0.00865092
